50,543,3,2
53,541,3,2
53,542,3,2
53,544,3,2
54,442,3,2
54,443,3,2
54,444,3,2
54,445,3,2
54,446,3,2
54,447,3,2
54,448,3,2
54,449,3,2
54,450,3,2
54,451,3,2
54,452,3,2
54,453,3,2
54,454,3,2
54,455,3,2
54,456,3,2
54,457,3,2
54,458,3,2
54,459,3,2
54,460,3,2
54,461,3,2
54,462,3,2
54,463,3,2
54,464,3,2
54,465,3,2
54,466,3,2
54,467,3,2
54,468,3,2
54,519,3,2
54,520,3,2
54,521,3,2
54,522,3,2
54,523,3,2
54,524,3,2
54,525,3,2
54,526,3,2
54,527,3,2
54,528,3,2
54,530,3,2
54,531,3,2
54,532,3,2
54,533,3,2
54,534,3,2
54,535,3,2
54,536,3,2
54,537,3,2
54,538,3,2
54,539,3,2
54,540,3,2
54,541,3,2
54,542,3,2
54,543,3,2
54,544,3,2
54,545,3,2
54,546,3,2
54,547,3,2
54,550,3,2
54,555,3,2
54,556,3,2
54,557,3,2
54,558,3,2
54,559,3,2
54,560,3,2
55,425,3,2
55,426,3,2
55,442,3,2
55,443,3,2
55,444,3,2
55,445,3,2
55,446,3,2
55,447,3,2
55,448,3,2
55,449,3,2
55,450,3,2
55,451,3,2
55,452,3,2
55,453,3,2
55,454,3,2
55,455,3,2
55,456,3,2
55,457,3,2
55,458,3,2
55,459,3,2
55,460,3,2
55,461,3,2
55,462,3,2
55,463,3,2
55,464,3,2
55,465,3,2
55,466,3,2
55,467,3,2
55,468,3,2
55,469,3,2
55,470,3,2
55,485,3,2
55,486,3,2
55,487,3,2
55,488,3,2
55,489,3,2
55,490,3,2
55,491,3,2
55,492,3,2
55,495,3,2
55,496,3,2
55,509,3,2
55,510,3,2
55,511,3,2
55,512,3,2
55,513,3,2
55,514,3,2
55,515,3,2
55,516,3,2
55,517,3,2
55,518,3,2
55,519,3,2
55,520,3,2
55,521,3,2
55,522,3,2
55,523,3,2
55,524,3,2
55,525,3,2
55,526,3,2
55,527,3,2
55,528,3,2
55,529,3,2
55,530,3,2
55,531,3,2
55,532,3,2
55,533,3,2
55,534,3,2
55,535,3,2
55,536,3,2
55,537,3,2
55,538,3,2
55,539,3,2
55,540,3,2
55,541,3,2
55,542,3,2
55,543,3,2
55,544,3,2
55,545,3,2
55,546,3,2
55,547,3,2
55,548,3,2
55,549,3,2
55,555,3,2
55,556,3,2
55,557,3,2
55,558,3,2
55,559,3,2
55,560,3,2
56,420,3,2
56,421,3,2
56,422,3,2
56,423,3,2
56,424,3,2
56,425,3,2
56,426,3,2
56,427,3,2
56,428,3,2
56,429,3,2
56,430,3,2
56,431,3,2
56,432,3,2
56,433,3,2
56,434,3,2
56,435,3,2
56,436,3,2
56,437,3,2
56,438,3,2
56,439,3,2
56,440,3,2
56,441,3,2
56,442,3,2
56,443,3,2
56,444,3,2
56,445,3,2
56,446,3,2
56,447,3,2
56,448,3,2
56,449,3,2
56,450,3,2
56,451,3,2
56,452,3,2
56,453,3,2
56,454,3,2
56,455,3,2
56,456,3,2
56,457,3,2
56,458,3,2
56,459,3,2
56,460,3,2
56,461,3,2
56,462,3,2
56,463,3,2
56,464,3,2
56,465,3,2
56,466,3,2
56,467,3,2
56,468,3,2
56,469,3,2
56,470,3,2
56,471,3,2
56,472,3,2
56,473,3,2
56,474,3,2
56,475,3,2
56,476,3,2
56,477,3,2
56,478,3,2
56,479,3,2
56,480,3,2
56,481,3,2
56,482,3,2
56,483,3,2
56,484,3,2
56,485,3,2
56,486,3,2
56,487,3,2
56,488,3,2
56,489,3,2
56,490,3,2
56,491,3,2
56,492,3,2
56,493,3,2
56,494,3,2
56,495,3,2
56,496,3,2
56,497,3,2
56,498,3,2
56,499,3,2
56,500,3,2
56,501,3,2
56,506,3,2
56,507,3,2
56,508,3,2
56,509,3,2
56,510,3,2
56,511,3,2
56,512,3,2
56,513,3,2
56,514,3,2
56,515,3,2
56,516,3,2
56,517,3,2
56,518,3,2
56,519,3,2
56,520,3,2
56,521,3,2
56,522,3,2
56,523,3,2
56,524,3,2
56,525,3,2
56,526,3,2
56,527,3,2
56,528,3,2
56,529,3,2
56,530,3,2
56,531,3,2
56,532,3,2
56,533,3,2
56,534,3,2
56,535,3,2
56,536,3,2
56,537,3,2
56,538,3,2
56,539,3,2
56,540,3,2
56,541,3,2
56,542,3,2
56,543,3,2
56,544,3,2
56,545,3,2
56,546,3,2
56,547,3,2
56,548,3,2
56,549,3,2
56,550,3,2
56,556,3,2
56,557,3,2
56,558,3,2
56,559,3,2
56,560,3,2
56,561,3,2
56,562,3,2
57,402,3,2
57,403,3,2
57,404,3,2
57,405,3,2
57,406,3,2
57,407,3,2
57,408,3,2
57,409,3,2
57,410,3,2
57,411,3,2
57,412,3,2
57,413,3,2
57,414,3,3
57,415,3,3
57,416,3,3
57,417,3,3
57,418,3,3
57,419,3,3
57,420,3,3
57,421,3,2
57,422,3,2
57,423,3,2
57,424,3,2
57,425,3,2
57,426,3,2
57,427,3,2
57,428,3,2
57,429,3,2
57,430,3,2
57,431,3,2
57,432,3,3
57,433,3,3
57,434,3,3
57,435,3,3
57,436,3,3
57,437,3,3
57,438,3,3
57,439,3,3
57,440,3,3
57,441,3,3
57,442,3,3
57,443,3,3
57,444,3,3
57,445,3,3
57,446,3,3
57,447,3,3
57,448,3,3
57,449,3,3
57,450,3,3
57,451,3,3
57,452,3,3
57,453,3,2
57,454,3,2
57,455,3,2
57,456,3,2
57,457,3,2
57,458,3,2
57,459,3,2
57,460,3,2
57,461,3,3
57,462,3,3
57,463,3,3
57,464,3,3
57,465,3,3
57,466,3,3
57,467,3,3
57,468,3,3
57,469,3,3
57,470,3,3
57,471,3,3
57,472,3,3
57,473,3,3
57,474,3,3
57,475,3,3
57,476,3,3
57,477,3,3
57,478,3,3
57,479,3,3
57,480,3,3
57,481,3,3
57,482,3,3
57,483,3,3
57,484,3,3
57,485,3,3
57,486,3,2
57,487,3,2
57,488,3,2
57,489,3,2
57,490,3,2
57,491,3,2
57,492,3,2
57,493,3,2
57,494,3,2
57,495,3,3
57,496,3,2
57,497,3,3
57,498,3,2
57,499,3,2
57,500,3,2
57,501,3,2
57,502,3,2
57,503,3,2
57,504,3,2
57,505,3,2
57,506,3,2
57,507,3,2
57,508,3,2
57,509,3,2
57,510,3,2
57,511,3,2
57,512,3,2
57,513,3,2
57,514,3,2
57,515,3,2
57,516,3,2
57,517,3,2
57,518,3,2
57,519,3,2
57,520,3,2
57,521,3,2
57,522,3,2
57,523,3,2
57,524,3,2
57,525,3,2
57,526,3,2
57,527,3,2
57,528,3,2
57,529,3,2
57,530,3,2
57,531,3,2
57,532,3,2
57,533,3,2
57,534,3,2
57,535,3,2
57,536,3,2
57,537,3,2
57,538,3,2
57,539,3,2
57,540,3,2
57,541,3,2
57,542,3,2
57,543,3,2
57,544,3,2
57,545,3,2
57,546,3,2
57,547,3,2
57,548,3,2
57,549,3,2
57,550,3,2
57,551,3,2
57,553,3,2
57,554,3,2
57,555,3,2
57,556,3,2
57,557,3,2
57,558,3,2
57,559,3,2
57,560,3,2
57,561,3,2
57,562,3,2
57,564,3,2
58,399,3,2
58,400,3,2
58,401,3,2
58,402,3,3
58,403,3,3
58,404,3,3
58,405,3,3
58,406,3,3
58,407,3,3
58,408,3,3
58,409,3,3
58,410,3,3
58,411,3,3
58,412,3,3
58,413,3,3
58,414,3,3
58,415,3,3
58,416,3,3
58,417,3,3
58,418,3,3
58,419,3,3
58,420,3,3
58,421,3,3
58,422,3,2
58,423,3,2
58,424,3,2
58,425,3,2
58,426,3,2
58,427,3,2
58,428,3,2
58,429,3,3
58,430,3,3
58,431,3,3
58,432,3,3
58,433,3,3
58,434,3,3
58,435,3,3
58,436,3,3
58,437,3,3
58,438,3,3
58,439,3,3
58,440,3,3
58,441,3,3
58,442,3,3
58,443,3,3
58,444,3,3
58,445,3,3
58,446,3,3
58,447,3,3
58,448,3,3
58,449,3,3
58,450,3,3
58,451,3,3
58,452,3,3
58,453,3,3
58,454,3,2
58,455,3,2
58,456,3,2
58,457,3,2
58,458,3,3
58,459,3,2
58,460,3,3
58,461,3,3
58,462,3,3
58,463,3,3
58,464,3,3
58,465,3,3
58,466,3,3
58,467,3,3
58,468,3,3
58,469,3,3
58,470,3,3
58,471,3,3
58,472,3,3
58,473,3,3
58,474,3,3
58,475,3,3
58,476,3,3
58,477,3,3
58,478,3,3
58,479,3,3
58,480,3,3
58,481,3,3
58,482,3,3
58,483,3,3
58,484,3,3
58,485,3,3
58,486,3,3
58,487,3,3
58,488,3,3
58,489,3,3
58,490,3,3
58,491,3,3
58,492,3,3
58,493,3,3
58,494,3,3
58,495,3,3
58,496,3,3
58,497,3,3
58,498,3,3
58,499,3,3
58,500,3,3
58,501,3,3
58,502,3,3
58,503,3,3
58,504,3,2
58,505,3,2
58,506,3,2
58,507,3,2
58,508,3,2
58,509,3,2
58,510,3,2
58,511,3,2
58,512,3,2
58,513,3,2
58,514,3,2
58,515,3,2
58,516,3,2
58,517,3,2
58,518,3,2
58,519,3,2
58,520,3,2
58,521,3,2
58,522,3,2
58,523,3,2
58,524,3,2
58,525,3,2
58,526,3,2
58,527,3,2
58,528,3,2
58,529,3,2
58,530,3,2
58,531,3,2
58,532,3,2
58,533,3,2
58,534,3,2
58,535,3,2
58,536,3,2
58,537,3,2
58,538,3,2
58,539,3,2
58,540,3,2
58,541,3,2
58,542,3,2
58,543,3,2
58,544,3,2
58,545,3,2
58,546,3,2
58,547,3,2
58,548,3,2
58,549,3,2
58,550,3,2
58,551,3,2
58,552,3,2
58,553,3,2
58,554,3,2
58,555,3,2
58,556,3,2
58,557,3,2
58,558,3,2
58,559,3,2
58,560,3,2
58,561,3,2
58,562,3,2
58,563,3,2
58,564,3,2
58,565,3,2
58,566,3,2
58,567,3,2
58,568,3,2
59,376,3,2
59,377,3,2
59,378,3,2
59,379,3,2
59,395,3,3
59,396,3,3
59,397,3,3
59,398,3,3
59,399,3,3
59,400,3,3
59,401,3,3
59,402,3,3
59,403,3,3
59,404,3,3
59,405,3,3
59,406,3,3
59,407,3,3
59,408,3,3
59,409,3,3
59,410,3,3
59,411,3,3
59,412,3,3
59,413,3,3
59,414,3,3
59,415,3,3
59,416,3,3
59,417,3,3
59,418,3,3
59,419,3,3
59,420,3,3
59,421,3,3
59,422,3,3
59,423,3,2
59,424,3,2
59,425,3,2
59,426,3,2
59,427,3,2
59,428,3,2
59,429,3,3
59,430,3,3
59,431,3,3
59,432,3,3
59,433,3,3
59,434,3,3
59,435,3,3
59,436,3,3
59,437,3,3
59,438,3,3
59,439,3,3
59,440,3,3
59,441,3,3
59,442,3,3
59,443,3,3
59,444,3,3
59,445,3,3
59,446,3,3
59,447,3,3
59,448,3,3
59,449,3,3
59,450,3,3
59,451,3,3
59,452,3,3
59,453,3,3
59,454,3,3
59,455,3,2
59,456,3,2
59,457,3,2
59,458,3,3
59,459,3,3
59,460,3,3
59,461,3,3
59,462,3,3
59,463,3,3
59,464,3,3
59,465,3,3
59,466,3,3
59,467,3,3
59,468,3,3
59,469,3,3
59,470,3,3
59,471,3,3
59,472,3,3
59,473,3,3
59,474,3,3
59,475,3,3
59,476,3,3
59,477,3,3
59,478,3,3
59,479,3,3
59,480,3,3
59,481,3,3
59,482,3,3
59,483,3,3
59,484,3,3
59,485,3,3
59,486,3,3
59,487,3,3
59,488,3,3
59,489,3,3
59,490,3,3
59,491,3,3
59,492,3,3
59,493,3,3
59,494,3,3
59,495,3,3
59,496,3,3
59,497,3,3
59,498,3,3
59,499,3,3
59,500,3,3
59,501,3,3
59,502,3,3
59,503,3,3
59,504,3,3
59,505,3,2
59,506,3,2
59,507,3,2
59,508,3,2
59,509,3,2
59,510,3,2
59,511,3,2
59,512,3,2
59,513,3,2
59,514,3,2
59,515,3,2
59,516,3,2
59,517,3,2
59,518,3,2
59,519,3,2
59,520,3,2
59,521,3,2
59,522,3,2
59,523,3,2
59,524,3,2
59,525,3,2
59,526,3,2
59,527,3,2
59,528,3,2
59,529,3,2
59,530,3,2
59,531,3,2
59,532,3,2
59,533,3,2
59,534,3,2
59,535,3,2
59,536,3,2
59,537,3,2
59,538,3,2
59,539,3,2
59,540,3,2
59,541,3,2
59,542,3,2
59,543,3,2
59,544,3,2
59,545,3,2
59,546,3,2
59,547,3,2
59,548,3,2
59,549,3,2
59,550,3,2
59,551,3,2
59,552,3,2
59,553,3,2
59,554,3,2
59,555,3,2
59,556,3,2
59,557,3,2
59,558,3,2
59,559,3,2
59,560,3,2
59,561,3,2
59,562,3,2
59,563,3,2
59,564,3,2
59,565,3,2
59,566,3,2
59,567,3,2
59,568,3,2
59,569,3,2
59,570,3,2
59,571,3,2
59,572,3,2
59,573,3,2
59,574,3,2
59,575,3,2
59,576,3,2
59,577,3,2
59,578,3,2
59,579,3,2
59,580,3,2
60,375,3,2
60,376,3,2
60,377,3,2
60,378,3,2
60,379,3,2
60,380,3,2
60,381,3,2
60,382,3,2
60,383,3,2
60,384,3,2
60,385,3,3
60,386,3,3
60,387,3,3
60,388,3,3
60,389,3,3
60,390,3,3
60,391,3,3
60,392,3,3
60,393,3,3
60,394,3,3
60,395,3,3
60,396,3,3
60,397,3,3
60,398,3,3
60,399,3,3
60,400,3,3
60,401,3,3
60,402,3,3
60,403,3,3
60,404,3,3
60,405,3,3
60,406,3,3
60,407,3,3
60,408,3,3
60,409,3,3
60,410,3,3
60,411,3,3
60,412,3,3
60,413,3,3
60,414,3,3
60,415,3,3
60,416,3,3
60,417,3,3
60,418,3,3
60,419,3,3
60,420,3,3
60,421,3,3
60,422,3,3
60,423,3,2
60,424,3,2
60,425,3,2
60,426,3,2
60,427,3,2
60,428,3,2
60,429,3,2
60,430,3,3
60,431,3,3
60,432,3,3
60,433,3,3
60,434,3,3
60,435,3,3
60,436,3,3
60,437,3,3
60,438,3,3
60,439,3,3
60,440,3,3
60,441,3,3
60,442,3,3
60,443,3,3
60,444,3,3
60,445,3,3
60,446,3,3
60,447,3,3
60,448,3,3
60,449,3,3
60,450,3,3
60,451,3,3
60,452,3,3
60,453,3,3
60,454,3,2
60,455,3,2
60,456,3,2
60,457,3,2
60,458,3,2
60,459,3,2
60,460,3,3
60,461,3,3
60,462,3,3
60,463,3,3
60,464,3,3
60,465,3,3
60,466,3,3
60,467,3,3
60,468,3,3
60,469,3,3
60,470,3,3
60,471,3,3
60,472,3,3
60,473,3,3
60,474,3,3
60,475,3,3
60,476,3,3
60,477,3,3
60,478,3,3
60,479,3,3
60,480,3,3
60,481,3,3
60,482,3,3
60,483,3,3
60,484,3,3
60,485,3,3
60,486,3,3
60,487,3,3
60,488,3,3
60,489,3,3
60,490,3,3
60,491,3,3
60,492,3,3
60,493,3,3
60,494,3,3
60,495,3,3
60,496,3,3
60,497,3,3
60,498,3,3
60,499,3,3
60,500,3,3
60,501,3,3
60,502,3,3
60,503,3,3
60,504,3,3
60,505,3,3
60,506,3,2
60,507,3,2
60,508,3,2
60,509,3,2
60,510,3,2
60,511,3,2
60,512,3,2
60,513,3,2
60,514,3,2
60,515,3,2
60,516,3,2
60,517,3,2
60,518,3,2
60,519,3,2
60,520,3,2
60,521,3,2
60,522,3,2
60,523,3,2
60,524,3,2
60,525,3,2
60,526,3,2
60,527,3,2
60,528,3,2
60,529,3,2
60,530,3,2
60,531,3,2
60,532,3,2
60,533,3,2
60,534,3,2
60,535,3,2
60,536,3,2
60,537,3,2
60,538,3,2
60,539,3,2
60,540,3,2
60,541,3,2
60,542,3,2
60,543,3,2
60,544,3,2
60,545,3,2
60,546,3,2
60,547,3,2
60,548,3,2
60,549,3,2
60,550,3,2
60,551,3,2
60,552,3,2
60,553,3,2
60,554,3,2
60,555,3,2
60,556,3,2
60,557,3,2
60,558,3,2
60,559,3,2
60,560,3,2
60,561,3,2
60,562,3,2
60,563,3,2
60,564,3,2
60,565,3,2
60,566,3,2
60,567,3,2
60,568,3,2
60,569,3,2
60,570,3,2
60,571,3,2
60,572,3,2
60,573,3,2
60,574,3,2
60,575,3,2
60,576,3,2
60,577,3,2
60,578,3,2
60,579,3,2
60,580,3,2
60,581,3,2
61,370,3,2
61,371,3,2
61,372,3,2
61,373,3,2
61,374,3,2
61,375,3,2
61,376,3,2
61,377,3,3
61,378,3,3
61,379,3,3
61,380,3,3
61,381,3,3
61,382,3,3
61,383,3,3
61,384,3,3
61,385,3,3
61,386,3,3
61,387,3,3
61,388,3,3
61,389,3,3
61,390,3,3
61,391,3,3
61,392,3,3
61,393,3,3
61,394,3,3
61,395,3,3
61,396,3,3
61,397,3,3
61,398,3,3
61,399,3,3
61,400,3,3
61,401,3,3
61,402,3,3
61,403,3,3
61,404,3,3
61,405,3,3
61,406,3,3
61,407,3,3
61,408,3,3
61,409,3,3
61,410,3,3
61,411,3,3
61,412,3,3
61,413,3,3
61,414,3,3
61,415,3,3
61,416,3,3
61,417,3,3
61,418,3,3
61,419,3,3
61,420,3,3
61,421,3,2
61,422,3,2
61,423,3,2
61,424,3,2
61,425,3,2
61,426,3,2
61,427,3,2
61,428,3,2
61,429,3,2
61,430,3,2
61,431,3,3
61,432,3,3
61,433,3,3
61,434,3,3
61,435,3,3
61,436,3,3
61,437,3,3
61,438,3,3
61,439,3,3
61,440,3,3
61,441,3,3
61,442,3,3
61,443,3,3
61,444,3,3
61,445,3,3
61,446,3,3
61,447,3,3
61,448,3,3
61,449,3,3
61,450,3,2
61,451,3,2
61,452,3,2
61,453,3,2
61,454,3,2
61,455,3,2
61,456,3,2
61,457,3,2
61,458,3,2
61,459,3,2
61,460,3,2
61,461,3,3
61,462,3,3
61,463,3,3
61,464,3,3
61,465,3,3
61,466,3,3
61,467,3,3
61,468,3,3
61,469,3,3
61,470,3,3
61,471,3,3
61,472,3,3
61,473,3,3
61,474,3,3
61,475,3,3
61,476,3,3
61,477,3,3
61,478,3,3
61,479,3,3
61,480,3,3
61,481,3,3
61,482,3,3
61,483,3,3
61,484,3,3
61,485,3,3
61,486,3,3
61,487,3,3
61,488,3,3
61,489,3,3
61,490,3,3
61,491,3,3
61,492,3,3
61,493,3,3
61,494,3,3
61,495,3,3
61,496,3,3
61,497,3,3
61,498,3,3
61,499,3,3
61,500,3,3
61,501,3,3
61,502,3,3
61,503,3,3
61,504,3,3
61,505,3,2
61,506,3,2
61,507,3,2
61,508,3,2
61,509,3,2
61,510,3,2
61,511,3,2
61,512,3,2
61,513,3,2
61,514,3,2
61,515,3,2
61,516,3,2
61,517,3,2
61,518,3,2
61,519,3,2
61,520,3,2
61,521,3,2
61,522,3,2
61,523,3,2
61,524,3,2
61,525,3,2
61,526,3,2
61,527,3,2
61,528,3,2
61,529,3,2
61,530,3,2
61,531,3,2
61,532,3,2
61,533,3,2
61,534,3,2
61,535,3,2
61,536,3,2
61,537,3,2
61,538,3,2
61,539,3,2
61,540,3,2
61,541,3,2
61,542,3,2
61,543,3,2
61,544,3,2
61,545,3,2
61,546,3,2
61,547,3,2
61,548,3,2
61,549,3,2
61,550,3,2
61,551,3,2
61,552,3,2
61,553,3,2
61,554,3,2
61,555,3,2
61,556,3,2
61,557,3,2
61,558,3,2
61,559,3,2
61,560,3,2
61,561,3,2
61,562,3,2
61,563,3,2
61,564,3,2
61,565,3,2
61,566,3,2
61,567,3,2
61,568,3,2
61,569,3,2
61,570,3,2
61,571,3,2
61,572,3,2
61,573,3,2
61,574,3,2
61,575,3,2
61,576,3,2
61,577,3,2
61,578,3,2
61,579,3,2
61,580,3,2
61,581,3,2
61,582,3,2
61,583,3,2
61,584,3,2
61,585,3,2
62,361,3,2
62,362,3,2
62,363,3,2
62,364,3,2
62,365,3,2
62,366,3,2
62,367,3,2
62,368,3,2
62,369,3,3
62,370,3,3
62,371,3,3
62,372,3,3
62,373,3,3
62,374,3,3
62,375,3,3
62,376,3,3
62,377,3,3
62,378,3,3
62,379,3,3
62,380,3,3
62,381,3,3
62,382,3,3
62,383,3,3
62,384,3,3
62,385,3,3
62,386,3,3
62,387,3,3
62,388,3,3
62,389,3,3
62,390,3,3
62,391,3,3
62,392,3,3
62,393,3,3
62,394,3,3
62,395,3,3
62,396,3,3
62,397,3,3
62,398,3,3
62,399,3,3
62,400,3,3
62,401,3,3
62,402,3,3
62,403,3,3
62,404,3,3
62,405,3,3
62,406,3,3
62,407,3,3
62,408,3,3
62,409,3,3
62,410,3,3
62,411,3,3
62,412,3,3
62,413,3,3
62,414,3,3
62,415,3,3
62,416,3,3
62,417,3,3
62,418,3,3
62,419,3,3
62,420,3,2
62,421,3,2
62,422,3,2
62,423,3,2
62,424,3,2
62,425,3,2
62,426,3,2
62,427,3,2
62,428,3,2
62,429,3,2
62,430,3,2
62,431,3,2
62,432,3,2
62,433,3,2
62,434,3,2
62,435,3,2
62,436,3,2
62,437,3,2
62,438,3,2
62,439,3,2
62,440,3,2
62,441,3,2
62,442,3,2
62,443,3,2
62,444,3,2
62,445,3,2
62,446,3,2
62,447,3,2
62,448,3,2
62,449,3,2
62,450,3,2
62,451,3,2
62,452,3,2
62,453,3,2
62,454,3,2
62,455,3,2
62,456,3,2
62,457,3,2
62,458,3,2
62,459,3,2
62,460,3,2
62,461,3,2
62,462,3,3
62,463,3,3
62,464,3,3
62,465,3,2
62,466,3,2
62,467,3,2
62,468,3,3
62,469,3,3
62,470,3,3
62,471,3,3
62,472,3,3
62,473,3,3
62,474,3,3
62,475,3,3
62,476,3,3
62,477,3,3
62,478,3,3
62,479,3,3
62,480,3,3
62,481,3,3
62,482,3,3
62,483,3,3
62,484,3,3
62,485,3,3
62,486,3,3
62,487,3,3
62,488,3,3
62,489,3,3
62,490,3,3
62,491,3,3
62,492,3,3
62,493,3,3
62,494,3,3
62,495,3,3
62,496,3,3
62,497,3,3
62,498,3,3
62,499,3,3
62,500,3,3
62,501,3,3
62,502,3,3
62,503,3,3
62,504,3,3
62,505,3,2
62,506,3,2
62,507,3,2
62,508,3,2
62,509,3,2
62,510,3,2
62,511,3,2
62,512,3,2
62,513,3,2
62,514,3,2
62,515,3,2
62,516,3,2
62,517,3,2
62,518,3,2
62,519,3,2
62,520,3,2
62,521,3,2
62,522,3,2
62,523,3,2
62,524,3,2
62,525,3,2
62,526,3,2
62,527,3,2
62,528,3,2
62,529,3,2
62,530,3,2
62,531,3,2
62,532,3,2
62,533,3,2
62,534,3,2
62,535,3,2
62,536,3,2
62,537,3,2
62,538,3,2
62,539,3,2
62,540,3,2
62,541,3,2
62,542,3,2
62,543,3,2
62,544,3,2
62,545,3,2
62,546,3,2
62,547,3,2
62,548,3,2
62,549,3,2
62,550,3,2
62,551,3,2
62,552,3,2
62,553,3,2
62,554,3,2
62,555,3,2
62,556,3,2
62,557,3,2
62,558,3,2
62,559,3,2
62,560,3,2
62,561,3,2
62,562,3,2
62,563,3,2
62,564,3,2
62,565,3,2
62,566,3,2
62,567,3,2
62,568,3,2
62,569,3,2
62,570,3,2
62,571,3,2
62,572,3,2
62,573,3,2
62,574,3,2
62,575,3,2
62,576,3,2
62,577,3,2
62,578,3,2
62,579,3,2
62,580,3,2
62,581,3,2
62,582,3,2
62,583,3,2
62,584,3,2
62,585,3,2
62,586,3,2
63,359,3,2
63,360,3,2
63,361,3,2
63,362,3,2
63,363,3,2
63,364,3,2
63,365,3,3
63,366,3,3
63,367,3,3
63,368,3,3
63,369,3,3
63,370,3,3
63,371,3,3
63,372,3,3
63,373,3,3
63,374,3,3
63,375,3,3
63,376,3,3
63,377,3,3
63,378,3,3
63,379,3,3
63,380,3,3
63,381,3,3
63,382,3,3
63,383,3,3
63,384,3,3
63,385,3,3
63,386,3,3
63,387,3,3
63,388,3,3
63,389,3,3
63,390,3,3
63,391,3,3
63,392,3,3
63,393,3,3
63,394,3,3
63,395,3,3
63,396,3,3
63,397,3,3
63,398,3,3
63,399,3,3
63,400,3,3
63,401,3,3
63,402,3,3
63,403,3,3
63,404,3,3
63,405,3,3
63,406,3,3
63,407,3,3
63,408,3,3
63,409,3,3
63,410,3,3
63,411,3,3
63,412,3,3
63,413,3,3
63,414,3,3
63,415,3,3
63,416,3,3
63,417,3,3
63,418,3,3
63,419,3,2
63,420,3,2
63,421,3,2
63,422,3,2
63,423,3,2
63,424,3,2
63,425,3,2
63,426,3,2
63,427,3,2
63,428,3,2
63,429,3,2
63,430,3,2
63,431,3,2
63,432,3,2
63,433,3,2
63,434,3,2
63,435,3,2
63,436,3,2
63,437,3,2
63,438,3,2
63,439,3,2
63,440,3,2
63,441,3,2
63,442,3,2
63,443,3,2
63,444,3,2
63,445,3,2
63,446,3,2
63,447,3,2
63,448,3,2
63,449,3,2
63,450,3,2
63,451,3,2
63,452,3,2
63,453,3,2
63,454,3,2
63,455,3,2
63,456,3,2
63,457,3,2
63,458,3,2
63,459,3,2
63,460,3,2
63,461,3,2
63,462,3,2
63,463,3,2
63,464,3,2
63,465,3,2
63,466,3,2
63,467,3,2
63,468,3,2
63,469,3,3
63,470,3,3
63,471,3,3
63,472,3,3
63,473,3,3
63,474,3,3
63,475,3,3
63,476,3,3
63,477,3,3
63,478,3,3
63,479,3,3
63,480,3,3
63,481,3,3
63,482,3,3
63,483,3,3
63,484,3,3
63,485,3,3
63,486,3,3
63,487,3,3
63,488,3,3
63,489,3,3
63,490,3,3
63,491,3,3
63,492,3,3
63,493,3,3
63,494,3,3
63,495,3,3
63,496,3,3
63,497,3,3
63,498,3,3
63,499,3,3
63,500,3,3
63,501,3,3
63,502,3,3
63,503,3,3
63,504,3,3
63,505,3,2
63,506,3,2
63,507,3,2
63,508,3,2
63,509,3,2
63,510,3,2
63,511,3,2
63,512,3,2
63,513,3,2
63,514,3,2
63,515,3,2
63,516,3,2
63,517,3,2
63,518,3,2
63,519,3,2
63,520,3,2
63,521,3,2
63,522,3,2
63,523,3,2
63,524,3,2
63,525,3,2
63,526,3,2
63,527,3,2
63,528,3,2
63,529,3,2
63,530,3,2
63,531,3,2
63,532,3,2
63,533,3,2
63,534,3,2
63,535,3,2
63,536,3,2
63,537,3,2
63,538,3,2
63,539,3,2
63,540,3,2
63,541,3,2
63,542,3,2
63,543,3,2
63,544,3,2
63,545,3,2
63,546,3,2
63,547,3,2
63,548,3,2
63,549,3,2
63,550,3,2
63,551,3,2
63,552,3,2
63,553,3,2
63,554,3,2
63,555,3,2
63,556,3,2
63,557,3,2
63,558,3,2
63,559,3,2
63,560,3,2
63,561,3,2
63,562,3,2
63,563,3,2
63,564,3,2
63,565,3,2
63,566,3,2
63,567,3,2
63,568,3,2
63,569,3,2
63,570,3,2
63,571,3,2
63,572,3,2
63,573,3,2
63,574,3,2
63,575,3,2
63,576,3,2
63,577,3,2
63,578,3,2
63,579,3,2
63,580,3,2
63,581,3,2
63,582,3,2
63,583,3,2
63,584,3,2
63,585,3,2
63,586,3,2
63,587,3,2
63,588,3,2
64,346,3,2
64,347,3,2
64,348,3,2
64,349,3,2
64,350,3,2
64,351,3,2
64,352,3,2
64,355,3,2
64,356,3,2
64,357,3,2
64,358,3,2
64,359,3,2
64,360,3,2
64,361,3,3
64,362,3,2
64,363,3,3
64,364,3,3
64,365,3,3
64,366,3,3
64,367,3,3
64,368,3,3
64,369,3,3
64,370,3,3
64,371,3,3
64,372,3,3
64,373,3,3
64,374,3,3
64,375,3,3
64,376,3,3
64,377,3,3
64,378,3,3
64,379,3,3
64,380,3,3
64,381,3,3
64,382,3,3
64,383,3,3
64,384,3,3
64,385,3,3
64,386,3,3
64,387,3,3
64,388,3,3
64,389,3,3
64,390,3,3
64,391,3,3
64,392,3,3
64,393,3,3
64,394,3,3
64,395,3,3
64,396,3,3
64,397,3,3
64,398,3,3
64,399,3,3
64,400,3,3
64,401,3,3
64,402,3,3
64,403,3,3
64,404,3,3
64,405,3,3
64,406,3,3
64,407,3,3
64,408,3,3
64,409,3,3
64,410,3,3
64,411,3,3
64,412,3,3
64,413,3,3
64,414,3,3
64,415,3,3
64,416,3,3
64,417,3,2
64,418,3,2
64,419,3,2
64,420,3,2
64,421,3,2
64,422,3,2
64,423,3,2
64,424,3,2
64,425,3,2
64,426,3,2
64,427,3,2
64,428,3,2
64,429,3,2
64,430,3,2
64,431,3,2
64,432,3,2
64,433,3,2
64,434,3,2
64,435,3,2
64,436,3,2
64,437,3,2
64,438,3,2
64,439,3,2
64,440,3,2
64,441,3,2
64,442,3,2
64,443,3,2
64,444,3,2
64,445,3,2
64,446,3,2
64,447,3,2
64,448,3,2
64,449,3,2
64,450,3,2
64,451,3,2
64,452,3,2
64,453,3,2
64,454,3,2
64,455,3,2
64,456,3,2
64,457,3,2
64,458,3,2
64,459,3,2
64,460,3,2
64,461,3,2
64,462,3,2
64,463,3,2
64,464,3,2
64,465,3,2
64,466,3,2
64,467,3,2
64,468,3,2
64,469,3,2
64,470,3,2
64,471,3,2
64,472,3,2
64,473,3,2
64,474,3,2
64,475,3,2
64,476,3,2
64,477,3,2
64,478,3,2
64,479,3,2
64,480,3,2
64,481,3,2
64,482,3,2
64,483,3,2
64,484,3,2
64,485,3,2
64,486,3,2
64,487,3,2
64,488,3,2
64,489,3,2
64,490,3,2
64,491,3,2
64,492,3,2
64,493,3,2
64,494,3,2
64,495,3,2
64,496,3,2
64,497,3,3
64,498,3,3
64,499,3,3
64,500,3,3
64,501,3,3
64,502,3,2
64,503,3,2
64,504,3,2
64,505,3,2
64,506,3,2
64,507,3,2
64,508,3,2
64,509,3,2
64,510,3,2
64,511,3,2
64,512,3,2
64,513,3,2
64,514,3,2
64,515,3,2
64,516,3,2
64,517,3,2
64,518,3,2
64,519,3,2
64,520,3,2
64,521,3,2
64,522,3,2
64,523,3,2
64,524,3,2
64,525,3,2
64,526,3,2
64,527,3,2
64,528,3,2
64,529,3,2
64,530,3,2
64,531,3,2
64,532,3,2
64,533,3,2
64,534,3,2
64,535,3,2
64,536,3,2
64,537,3,2
64,538,3,2
64,539,3,2
64,540,3,2
64,541,3,2
64,542,3,2
64,543,3,2
64,544,3,2
64,545,3,2
64,546,3,2
64,547,3,2
64,548,3,2
64,549,3,2
64,550,3,2
64,551,3,2
64,552,3,2
64,553,3,2
64,554,3,2
64,555,3,2
64,556,3,2
64,557,3,2
64,558,3,2
64,559,3,2
64,560,3,2
64,561,3,2
64,562,3,2
64,563,3,2
64,564,3,2
64,565,3,2
64,566,3,2
64,567,3,2
64,568,3,2
64,569,3,2
64,570,3,2
64,571,3,2
64,572,3,2
64,573,3,2
64,574,3,2
64,575,3,2
64,576,3,2
64,577,3,2
64,578,3,2
64,579,3,2
64,580,3,2
64,581,3,2
64,582,3,2
64,583,3,2
64,584,3,2
64,585,3,2
64,586,3,2
64,587,3,2
64,588,3,2
64,589,3,2
64,590,3,2
64,591,3,2
64,592,3,2
65,342,3,2
65,343,3,2
65,344,3,2
65,345,3,2
65,346,3,2
65,347,3,2
65,348,3,2
65,349,3,2
65,350,3,2
65,351,3,2
65,352,3,2
65,353,3,2
65,354,3,2
65,355,3,2
65,356,3,2
65,357,3,3
65,358,3,3
65,359,3,3
65,360,3,3
65,361,3,3
65,362,3,3
65,363,3,3
65,364,3,3
65,365,3,3
65,366,3,3
65,367,3,3
65,368,3,3
65,369,3,3
65,370,3,3
65,371,3,3
65,372,3,3
65,373,3,3
65,374,3,3
65,375,3,3
65,376,3,3
65,377,3,3
65,378,3,3
65,379,3,3
65,380,3,3
65,381,3,3
65,382,3,3
65,383,3,3
65,384,3,3
65,385,3,3
65,386,3,3
65,387,3,3
65,388,3,3
65,389,3,3
65,390,3,3
65,391,3,3
65,392,3,3
65,393,3,3
65,394,3,3
65,395,3,3
65,396,3,3
65,397,3,3
65,398,3,3
65,399,3,3
65,400,3,3
65,401,3,3
65,402,3,2
65,403,3,2
65,404,3,2
65,405,3,3
65,406,3,3
65,407,3,3
65,408,3,3
65,409,3,3
65,410,3,2
65,411,3,2
65,412,3,2
65,413,3,2
65,414,3,2
65,415,3,2
65,416,3,2
65,417,3,2
65,418,3,2
65,419,3,2
65,420,3,2
65,421,3,2
65,422,3,2
65,423,3,2
65,424,3,2
65,425,3,2
65,426,3,2
65,427,3,2
65,428,3,2
65,429,3,2
65,430,3,2
65,431,3,2
65,432,3,2
65,433,3,2
65,434,3,2
65,435,3,2
65,436,3,2
65,437,3,2
65,438,3,2
65,439,3,2
65,440,3,2
65,441,3,2
65,442,3,2
65,443,3,2
65,444,3,2
65,445,3,2
65,446,3,2
65,447,3,2
65,448,3,2
65,449,3,2
65,450,3,2
65,451,3,2
65,452,3,2
65,453,3,2
65,454,3,2
65,455,3,2
65,456,3,2
65,457,3,2
65,458,3,2
65,459,3,2
65,460,3,2
65,461,3,2
65,462,3,2
65,463,3,2
65,464,3,2
65,465,3,2
65,466,3,2
65,467,3,2
65,468,3,2
65,469,3,2
65,470,3,2
65,471,3,2
65,472,3,2
65,473,3,2
65,474,3,2
65,475,3,2
65,476,3,2
65,477,3,2
65,478,3,2
65,479,3,2
65,480,3,2
65,481,3,2
65,482,3,2
65,483,3,2
65,484,3,2
65,485,3,2
65,486,3,2
65,487,3,2
65,488,3,2
65,489,3,2
65,490,3,2
65,491,3,2
65,492,3,2
65,493,3,2
65,494,3,2
65,495,3,2
65,496,3,2
65,497,3,2
65,498,3,2
65,499,3,2
65,500,3,2
65,501,3,2
65,502,3,2
65,503,3,2
65,504,3,2
65,505,3,2
65,506,3,2
65,507,3,2
65,508,3,2
65,509,3,2
65,510,3,2
65,511,3,2
65,512,3,2
65,513,3,2
65,514,3,2
65,515,3,2
65,516,3,2
65,517,3,2
65,518,3,2
65,519,3,2
65,520,3,2
65,521,3,2
65,522,3,2
65,523,3,2
65,524,3,2
65,525,3,2
65,526,3,2
65,527,3,2
65,528,3,2
65,529,3,2
65,530,3,2
65,531,3,2
65,532,3,2
65,533,3,2
65,534,3,2
65,535,3,2
65,536,3,2
65,537,3,2
65,538,3,2
65,539,3,2
65,540,3,2
65,541,3,2
65,542,3,2
65,543,3,2
65,544,3,2
65,545,3,2
65,546,3,2
65,547,3,2
65,548,3,2
65,549,3,2
65,550,3,2
65,551,3,2
65,552,3,2
65,553,3,2
65,554,3,2
65,555,3,2
65,556,3,2
65,557,3,2
65,558,3,2
65,559,3,2
65,560,3,2
65,561,3,2
65,562,3,2
65,563,3,2
65,564,3,2
65,565,3,2
65,566,3,2
65,567,3,2
65,568,3,2
65,569,3,2
65,570,3,2
65,571,3,2
65,572,3,2
65,573,3,2
65,574,3,2
65,575,3,2
65,576,3,2
65,577,3,2
65,578,3,2
65,579,3,2
65,580,3,2
65,581,3,2
65,582,3,2
65,583,3,2
65,584,3,2
65,585,3,2
65,586,3,2
65,587,3,2
65,588,3,2
65,589,3,2
65,590,3,2
65,591,3,2
65,592,3,2
65,593,3,2
65,612,3,2
65,613,3,2
65,614,3,2
65,615,3,2
66,340,3,2
66,341,3,2
66,342,3,2
66,343,3,2
66,344,3,2
66,345,3,2
66,346,3,2
66,347,3,2
66,348,3,2
66,349,3,2
66,350,3,2
66,351,3,2
66,352,3,3
66,353,3,2
66,354,3,3
66,355,3,3
66,356,3,3
66,357,3,3
66,358,3,3
66,359,3,3
66,360,3,3
66,361,3,3
66,362,3,3
66,363,3,3
66,364,3,3
66,365,3,3
66,366,3,3
66,367,3,3
66,368,3,3
66,369,3,3
66,370,3,3
66,371,3,3
66,372,3,3
66,373,3,3
66,374,3,3
66,375,3,3
66,376,3,3
66,377,3,3
66,378,3,3
66,379,3,3
66,380,3,3
66,381,3,3
66,382,3,3
66,383,3,3
66,384,3,3
66,385,3,3
66,386,3,3
66,387,3,3
66,388,3,3
66,389,3,3
66,390,3,3
66,391,3,3
66,392,3,3
66,393,3,3
66,394,3,3
66,395,3,3
66,396,3,3
66,397,3,3
66,398,3,3
66,399,3,3
66,400,3,3
66,401,3,2
66,402,3,2
66,403,3,2
66,404,3,2
66,405,3,2
66,406,3,2
66,407,3,2
66,408,3,2
66,409,3,2
66,410,3,2
66,411,3,2
66,412,3,2
66,413,3,2
66,414,3,2
66,415,3,2
66,416,3,2
66,417,3,2
66,418,3,2
66,419,3,2
66,420,3,2
66,421,3,2
66,422,3,2
66,423,3,2
66,424,3,2
66,425,3,2
66,426,3,2
66,427,3,2
66,428,3,2
66,429,3,2
66,430,3,2
66,431,3,2
66,432,3,2
66,433,3,2
66,434,3,2
66,435,3,2
66,436,3,2
66,437,3,2
66,438,3,2
66,439,3,2
66,440,3,2
66,441,3,2
66,442,3,2
66,443,3,2
66,444,3,2
66,445,3,2
66,446,3,2
66,447,3,2
66,448,3,2
66,449,3,2
66,450,3,2
66,451,3,2
66,452,3,2
66,453,3,2
66,454,3,2
66,455,3,2
66,456,3,2
66,457,3,2
66,458,3,2
66,459,3,2
66,460,3,2
66,461,3,2
66,462,3,2
66,463,3,2
66,464,3,2
66,465,3,2
66,466,3,2
66,467,3,2
66,468,3,2
66,469,3,2
66,470,3,2
66,471,3,2
66,472,3,2
66,473,3,2
66,474,3,2
66,475,3,2
66,476,3,2
66,477,3,2
66,478,3,2
66,479,3,2
66,480,3,2
66,481,3,2
66,482,3,2
66,483,3,2
66,484,3,2
66,485,3,2
66,486,3,2
66,487,3,2
66,488,3,2
66,489,3,2
66,490,3,2
66,491,3,2
66,492,3,2
66,493,3,2
66,494,3,2
66,495,3,2
66,496,3,2
66,497,3,2
66,498,3,2
66,499,3,2
66,500,3,2
66,501,3,2
66,502,3,2
66,503,3,2
66,504,3,2
66,505,3,2
66,506,3,2
66,507,3,2
66,508,3,2
66,509,3,2
66,510,3,2
66,511,3,2
66,512,3,2
66,513,3,2
66,514,3,2
66,515,3,2
66,516,3,2
66,517,3,2
66,518,3,2
66,519,3,2
66,520,3,2
66,521,3,2
66,522,3,2
66,523,3,2
66,524,3,2
66,525,3,2
66,526,3,2
66,527,3,2
66,528,3,2
66,529,3,2
66,530,3,2
66,531,3,2
66,532,3,2
66,533,3,2
66,534,3,2
66,535,3,2
66,536,3,2
66,537,3,2
66,538,3,2
66,539,3,2
66,540,3,2
66,541,3,2
66,542,3,2
66,543,3,2
66,544,3,2
66,545,3,2
66,546,3,2
66,547,3,2
66,548,3,2
66,549,3,2
66,550,3,2
66,551,3,2
66,552,3,2
66,553,3,2
66,554,3,2
66,555,3,2
66,556,3,2
66,557,3,2
66,558,3,2
66,559,3,2
66,560,3,2
66,561,3,2
66,562,3,2
66,563,3,2
66,564,3,2
66,565,3,2
66,566,3,2
66,567,3,2
66,568,3,2
66,569,3,2
66,570,3,2
66,571,3,2
66,572,3,2
66,573,3,2
66,574,3,2
66,575,3,2
66,576,3,2
66,577,3,2
66,578,3,2
66,579,3,2
66,580,3,2
66,581,3,2
66,582,3,2
66,583,3,2
66,584,3,2
66,585,3,2
66,586,3,2
66,587,3,2
66,588,3,2
66,589,3,2
66,590,3,2
66,591,3,2
66,592,3,2
66,593,3,2
66,594,3,2
66,595,3,2
66,596,3,2
66,611,3,2
66,612,3,2
66,613,3,2
66,614,3,2
66,615,3,2
67,335,3,2
67,336,3,2
67,337,3,2
67,338,3,2
67,339,3,2
67,340,3,2
67,341,3,2
67,342,3,2
67,343,3,2
67,344,3,2
67,345,3,2
67,346,3,2
67,347,3,2
67,348,3,2
67,349,3,2
67,350,3,2
67,351,3,2
67,352,3,2
67,353,3,3
67,354,3,3
67,355,3,3
67,356,3,3
67,357,3,3
67,358,3,3
67,359,3,3
67,360,3,3
67,361,3,3
67,362,3,3
67,363,3,3
67,364,3,3
67,365,3,2
67,366,3,2
67,367,3,2
67,368,3,2
67,369,3,2
67,370,3,2
67,371,3,2
67,372,3,2
67,373,3,2
67,374,3,2
67,375,3,2
67,376,3,2
67,377,3,2
67,378,3,2
67,379,3,2
67,380,3,2
67,381,3,2
67,382,3,2
67,383,3,2
67,384,3,3
67,385,3,3
67,386,3,3
67,387,3,3
67,388,3,3
67,389,3,3
67,390,3,3
67,391,3,3
67,392,3,3
67,393,3,3
67,394,3,3
67,395,3,3
67,396,3,3
67,397,3,3
67,398,3,3
67,399,3,3
67,400,3,2
67,401,3,2
67,402,3,2
67,403,3,2
67,404,3,2
67,405,3,2
67,406,3,2
67,407,3,2
67,408,3,2
67,409,3,2
67,410,3,2
67,411,3,2
67,412,3,2
67,413,3,2
67,414,3,2
67,415,3,2
67,416,3,2
67,417,3,2
67,418,3,2
67,419,3,2
67,420,3,2
67,421,3,2
67,422,3,2
67,423,3,2
67,424,3,2
67,425,3,2
67,426,3,2
67,427,3,2
67,428,3,2
67,429,3,2
67,430,3,2
67,431,3,2
67,432,3,2
67,433,3,2
67,434,3,2
67,435,3,2
67,436,3,2
67,437,3,2
67,438,3,2
67,439,3,2
67,440,3,2
67,441,3,2
67,442,3,2
67,443,3,2
67,444,3,2
67,445,3,2
67,446,3,2
67,447,3,2
67,448,3,2
67,449,3,2
67,450,3,2
67,451,3,2
67,452,3,2
67,453,3,2
67,454,3,2
67,455,3,2
67,456,3,2
67,457,3,2
67,458,3,2
67,459,3,2
67,460,3,2
67,461,3,2
67,462,3,2
67,463,3,2
67,464,3,2
67,465,3,2
67,466,3,2
67,467,3,2
67,468,3,2
67,469,3,2
67,470,3,2
67,471,3,2
67,472,3,2
67,473,3,2
67,474,3,2
67,475,3,2
67,476,3,2
67,477,3,2
67,478,3,2
67,479,3,2
67,480,3,2
67,481,3,2
67,482,3,2
67,483,3,2
67,484,3,2
67,485,3,2
67,486,3,2
67,487,3,2
67,488,3,2
67,489,3,2
67,490,3,2
67,491,3,2
67,492,3,2
67,493,3,2
67,494,3,2
67,495,3,2
67,496,3,2
67,497,3,2
67,498,3,2
67,499,3,2
67,500,3,2
67,501,3,2
67,502,3,2
67,503,3,2
67,504,3,2
67,505,3,2
67,506,3,2
67,507,3,2
67,508,3,2
67,509,3,2
67,510,3,2
67,511,3,2
67,512,3,2
67,513,3,2
67,514,3,2
67,515,3,2
67,516,3,2
67,517,3,2
67,518,3,2
67,519,3,2
67,520,3,2
67,521,3,2
67,522,3,2
67,523,3,2
67,524,3,2
67,525,3,2
67,526,3,2
67,527,3,2
67,528,3,2
67,529,3,2
67,530,3,2
67,531,3,2
67,532,3,2
67,533,3,2
67,534,3,2
67,535,3,2
67,536,3,2
67,537,3,2
67,538,3,2
67,539,3,2
67,540,3,2
67,541,3,2
67,542,3,2
67,543,3,2
67,544,3,2
67,545,3,2
67,546,3,2
67,547,3,2
67,548,3,2
67,549,3,2
67,550,3,2
67,551,3,2
67,552,3,2
67,553,3,2
67,554,3,2
67,555,3,2
67,556,3,2
67,557,3,2
67,558,3,2
67,559,3,2
67,560,3,2
67,561,3,2
67,562,3,2
67,563,3,2
67,564,3,2
67,565,3,2
67,566,3,2
67,567,3,2
67,568,3,2
67,569,3,2
67,570,3,2
67,571,3,2
67,572,3,2
67,573,3,2
67,574,3,2
67,575,3,2
67,576,3,2
67,577,3,2
67,578,3,2
67,579,3,2
67,580,3,2
67,581,3,2
67,582,3,2
67,583,3,2
67,584,3,2
67,585,3,2
67,586,3,2
67,587,3,2
67,588,3,2
67,589,3,2
67,590,3,2
67,591,3,2
67,592,3,2
67,593,3,2
67,594,3,2
67,595,3,2
67,596,3,2
67,597,3,2
67,598,3,2
68,333,3,2
68,334,3,2
68,335,3,2
68,336,3,2
68,337,3,2
68,338,3,2
68,339,3,2
68,340,3,2
68,341,3,2
68,342,3,2
68,343,3,2
68,344,3,2
68,345,3,2
68,346,3,2
68,347,3,2
68,348,3,2
68,349,3,2
68,350,3,2
68,351,3,2
68,352,3,2
68,353,3,2
68,354,3,2
68,355,3,3
68,356,3,3
68,357,3,3
68,358,3,2
68,359,3,2
68,360,3,2
68,361,3,2
68,362,3,2
68,363,3,2
68,364,3,2
68,365,3,2
68,366,3,2
68,367,3,2
68,368,3,2
68,369,3,2
68,370,3,2
68,371,3,2
68,372,3,2
68,373,3,2
68,374,3,2
68,375,3,2
68,376,3,2
68,377,3,2
68,378,3,2
68,379,3,2
68,380,3,2
68,381,3,2
68,382,3,2
68,383,3,2
68,384,3,2
68,385,3,2
68,386,3,2
68,387,3,2
68,388,3,2
68,389,3,3
68,390,3,3
68,391,3,3
68,392,3,3
68,393,3,3
68,394,3,3
68,395,3,3
68,396,3,2
68,397,3,2
68,398,3,2
68,399,3,2
68,400,3,2
68,401,3,2
68,402,3,2
68,403,3,2
68,404,3,2
68,405,3,2
68,406,3,2
68,407,3,2
68,408,3,2
68,409,3,2
68,410,3,2
68,411,3,2
68,412,3,2
68,413,3,2
68,414,3,2
68,415,3,2
68,416,3,2
68,417,3,2
68,418,3,2
68,419,3,2
68,420,3,2
68,421,3,2
68,422,3,2
68,423,3,2
68,424,3,2
68,425,3,2
68,426,3,2
68,427,3,2
68,428,3,2
68,429,3,2
68,430,3,2
68,431,3,2
68,432,3,2
68,433,3,2
68,434,3,2
68,435,3,2
68,436,3,2
68,437,3,2
68,438,3,2
68,439,3,2
68,440,3,2
68,441,3,2
68,442,3,2
68,443,3,2
68,444,3,2
68,445,3,2
68,446,3,2
68,447,3,2
68,448,3,2
68,449,3,2
68,450,3,2
68,451,3,2
68,452,3,2
68,453,3,2
68,454,3,2
68,455,3,2
68,456,3,2
68,457,3,2
68,458,3,2
68,459,3,2
68,460,3,2
68,461,3,2
68,462,3,2
68,463,3,2
68,464,3,2
68,465,3,2
68,466,3,2
68,467,3,2
68,468,3,2
68,469,3,2
68,470,3,2
68,471,3,2
68,472,3,2
68,473,3,2
68,474,3,2
68,475,3,2
68,476,3,2
68,477,3,2
68,478,3,2
68,479,3,2
68,480,3,2
68,481,3,2
68,482,3,2
68,483,3,2
68,484,3,2
68,485,3,2
68,486,3,2
68,487,3,2
68,488,3,2
68,489,3,2
68,490,3,2
68,491,3,2
68,492,3,2
68,493,3,2
68,494,3,2
68,495,3,2
68,496,3,2
68,497,3,2
68,498,3,2
68,499,3,2
68,500,3,2
68,501,3,2
68,502,3,2
68,503,3,2
68,504,3,2
68,505,3,2
68,506,3,2
68,507,3,2
68,508,3,2
68,509,3,2
68,510,3,2
68,511,3,2
68,512,3,2
68,513,3,2
68,514,3,2
68,515,3,2
68,516,3,2
68,517,3,2
68,518,3,2
68,519,3,2
68,520,3,2
68,521,3,2
68,522,3,2
68,523,3,2
68,524,3,2
68,525,3,2
68,526,3,2
68,527,3,2
68,528,3,2
68,529,3,2
68,530,3,2
68,531,3,2
68,532,3,2
68,533,3,2
68,534,3,2
68,535,3,2
68,536,3,2
68,537,3,2
68,538,3,2
68,539,3,2
68,540,3,2
68,541,3,2
68,542,3,2
68,543,3,2
68,544,3,2
68,545,3,2
68,546,3,2
68,547,3,2
68,548,3,2
68,549,3,2
68,550,3,2
68,551,3,2
68,552,3,2
68,553,3,2
68,554,3,2
68,555,3,2
68,556,3,2
68,557,3,2
68,558,3,2
68,559,3,2
68,560,3,2
68,561,3,2
68,562,3,2
68,563,3,2
68,564,3,2
68,565,3,2
68,566,3,2
68,567,3,2
68,568,3,2
68,569,3,2
68,570,3,2
68,571,3,2
68,572,3,2
68,573,3,2
68,574,3,2
68,575,3,2
68,576,3,2
68,577,3,2
68,578,3,2
68,579,3,2
68,580,3,2
68,581,3,2
68,582,3,2
68,583,3,2
68,584,3,2
68,585,3,2
68,586,3,2
68,587,3,2
68,588,3,2
68,589,3,2
68,590,3,2
68,591,3,2
68,592,3,2
68,593,3,2
68,594,3,2
68,595,3,2
68,596,3,2
68,597,3,2
68,598,3,2
68,599,3,2
68,600,3,2
68,604,3,2
68,605,3,2
68,606,3,2
69,331,3,2
69,332,3,2
69,333,3,2
69,334,3,2
69,335,3,2
69,336,3,2
69,337,3,2
69,338,3,2
69,339,3,2
69,340,3,2
69,341,3,2
69,342,3,2
69,343,3,2
69,344,3,2
69,345,3,2
69,346,3,2
69,347,3,2
69,348,3,2
69,349,3,2
69,350,3,2
69,351,3,2
69,352,3,2
69,353,3,2
69,354,3,2
69,355,3,2
69,356,3,2
69,357,3,2
69,358,3,2
69,359,3,2
69,360,3,2
69,361,3,2
69,362,3,2
69,363,3,2
69,364,3,2
69,365,3,2
69,366,3,2
69,367,3,2
69,368,3,2
69,369,3,2
69,370,3,2
69,371,3,2
69,372,3,2
69,373,3,2
69,374,3,2
69,375,3,2
69,376,3,2
69,377,3,2
69,378,3,2
69,379,3,2
69,380,3,2
69,381,3,2
69,382,3,2
69,383,3,2
69,384,3,2
69,385,3,2
69,386,3,2
69,387,3,2
69,388,3,2
69,389,3,2
69,390,3,2
69,391,3,2
69,392,3,2
69,393,3,2
69,394,3,2
69,395,3,2
69,396,3,2
69,397,3,2
69,398,3,2
69,399,3,2
69,400,3,2
69,401,3,2
69,402,3,2
69,403,3,2
69,404,3,2
69,405,3,2
69,406,3,2
69,407,3,2
69,408,3,2
69,409,3,2
69,410,3,2
69,411,3,2
69,412,3,2
69,413,3,2
69,414,3,2
69,415,3,2
69,416,3,2
69,417,3,2
69,418,3,2
69,419,3,2
69,420,3,2
69,421,3,2
69,422,3,2
69,423,3,2
69,424,3,2
69,425,3,2
69,426,3,2
69,427,3,2
69,428,3,2
69,429,3,2
69,430,3,2
69,431,3,2
69,432,3,2
69,433,3,2
69,434,3,2
69,435,3,2
69,436,3,2
69,437,3,2
69,438,3,2
69,439,3,2
69,440,3,2
69,441,3,2
69,442,3,2
69,443,3,2
69,444,3,2
69,445,3,2
69,446,3,2
69,447,3,2
69,448,3,2
69,449,3,2
69,450,3,2
69,451,3,2
69,452,3,2
69,453,3,2
69,454,3,2
69,455,3,2
69,456,3,2
69,457,3,2
69,458,3,2
69,459,3,2
69,460,3,2
69,461,3,2
69,462,3,2
69,463,3,2
69,464,3,2
69,465,3,2
69,466,3,2
69,467,3,2
69,468,3,2
69,469,3,2
69,470,3,2
69,471,3,2
69,472,3,2
69,473,3,2
69,474,3,2
69,475,3,2
69,476,3,2
69,477,3,2
69,478,3,2
69,479,3,2
69,480,3,2
69,481,3,2
69,482,3,2
69,483,3,2
69,484,3,2
69,485,3,2
69,486,3,2
69,487,3,2
69,488,3,2
69,489,3,2
69,490,3,2
69,491,3,2
69,492,3,2
69,493,3,2
69,494,3,2
69,495,3,2
69,496,3,2
69,497,3,2
69,498,3,2
69,499,3,2
69,500,3,2
69,501,3,2
69,502,3,2
69,503,3,2
69,504,3,2
69,505,3,2
69,506,3,2
69,507,3,2
69,508,3,2
69,509,3,2
69,510,3,2
69,511,3,2
69,512,3,2
69,513,3,2
69,514,3,2
69,515,3,2
69,516,3,2
69,517,3,2
69,518,3,2
69,519,3,2
69,520,3,2
69,521,3,2
69,522,3,2
69,523,3,2
69,524,3,2
69,525,3,2
69,526,3,2
69,527,3,2
69,528,3,2
69,529,3,2
69,530,3,2
69,531,3,2
69,532,3,2
69,533,3,2
69,534,3,2
69,535,3,2
69,536,3,2
69,537,3,2
69,538,3,2
69,539,3,2
69,540,3,2
69,541,3,2
69,542,3,2
69,543,3,2
69,544,3,2
69,545,3,2
69,546,3,2
69,547,3,2
69,548,3,2
69,549,3,2
69,550,3,2
69,551,3,2
69,552,3,2
69,553,3,2
69,554,3,2
69,555,3,2
69,556,3,2
69,557,3,2
69,558,3,2
69,559,3,2
69,560,3,2
69,561,3,2
69,562,3,2
69,563,3,2
69,564,3,2
69,565,3,2
69,566,3,2
69,567,3,2
69,568,3,2
69,569,3,2
69,570,3,2
69,571,3,2
69,572,3,2
69,573,3,2
69,574,3,2
69,575,3,2
69,576,3,2
69,577,3,2
69,578,3,2
69,579,3,2
69,580,3,2
69,581,3,2
69,582,3,2
69,583,3,2
69,584,3,2
69,585,3,2
69,586,3,2
69,587,3,2
69,588,3,2
69,589,3,2
69,590,3,2
69,591,3,2
69,592,3,2
69,593,3,2
69,594,3,2
69,595,3,2
69,596,3,2
69,597,3,2
69,598,3,2
69,599,3,2
69,600,3,2
69,601,3,2
69,602,3,2
69,603,3,2
69,604,3,2
69,605,3,2
69,606,3,2
69,607,3,2
69,608,3,2
70,330,3,2
70,331,3,2
70,332,3,2
70,333,3,2
70,334,3,2
70,335,3,2
70,336,3,2
70,337,3,2
70,338,3,2
70,339,3,2
70,340,3,2
70,341,3,2
70,342,3,2
70,343,3,2
70,344,3,2
70,345,3,2
70,346,3,2
70,347,3,2
70,348,3,2
70,349,3,2
70,350,3,2
70,351,3,2
70,352,3,2
70,353,3,2
70,354,3,2
70,355,3,2
70,356,3,2
70,357,3,2
70,358,3,2
70,359,3,2
70,360,3,2
70,361,3,2
70,362,3,2
70,363,3,2
70,364,3,2
70,365,3,2
70,366,3,2
70,367,3,2
70,368,3,2
70,369,3,2
70,370,3,2
70,371,3,2
70,372,3,2
70,373,3,2
70,374,3,2
70,375,3,2
70,376,3,2
70,377,3,2
70,378,3,2
70,379,3,2
70,380,3,2
70,381,3,2
70,382,3,2
70,383,3,2
70,384,3,2
70,385,3,2
70,386,3,2
70,387,3,2
70,388,3,2
70,389,3,2
70,390,3,2
70,391,3,2
70,392,3,2
70,393,3,2
70,394,3,2
70,395,3,2
70,396,3,2
70,397,3,2
70,398,3,2
70,399,3,2
70,400,3,2
70,401,3,2
70,402,3,2
70,403,3,2
70,404,3,2
70,405,3,2
70,406,3,2
70,407,3,2
70,408,3,2
70,409,3,2
70,410,3,2
70,411,3,2
70,412,3,2
70,413,3,2
70,414,3,2
70,415,3,2
70,416,3,2
70,417,3,2
70,418,3,2
70,419,3,2
70,420,3,2
70,421,3,2
70,422,3,2
70,423,3,2
70,424,3,2
70,425,3,2
70,426,3,2
70,427,3,2
70,428,3,2
70,429,3,2
70,430,3,2
70,431,3,2
70,432,3,2
70,433,3,2
70,434,3,2
70,435,3,2
70,436,3,2
70,437,3,2
70,438,3,2
70,439,3,2
70,440,3,2
70,441,3,2
70,442,3,2
70,443,3,2
70,444,3,2
70,445,3,2
70,446,3,2
70,447,3,2
70,448,3,2
70,449,3,2
70,450,3,2
70,451,3,2
70,452,3,2
70,453,3,2
70,454,3,2
70,455,3,2
70,456,3,2
70,457,3,2
70,458,3,2
70,459,3,2
70,460,3,2
70,461,3,2
70,462,3,2
70,463,3,2
70,464,3,2
70,465,3,2
70,466,3,2
70,467,3,2
70,468,3,2
70,469,3,2
70,470,3,2
70,471,3,2
70,472,3,2
70,473,3,2
70,474,3,2
70,475,3,2
70,476,3,2
70,477,3,2
70,478,3,2
70,479,3,2
70,480,3,2
70,481,3,2
70,482,3,2
70,483,3,2
70,484,3,2
70,485,3,2
70,486,3,2
70,487,3,2
70,488,3,2
70,489,3,2
70,490,3,2
70,491,3,2
70,492,3,2
70,493,3,2
70,494,3,2
70,495,3,2
70,496,3,2
70,497,3,2
70,498,3,2
70,499,3,2
70,500,3,2
70,501,3,2
70,502,3,2
70,503,3,2
70,504,3,2
70,505,3,2
70,506,3,2
70,507,3,2
70,508,3,2
70,509,3,2
70,510,3,2
70,511,3,2
70,512,3,2
70,513,3,2
70,514,3,2
70,515,3,2
70,516,3,2
70,517,3,2
70,518,3,2
70,519,3,2
70,520,3,2
70,521,3,2
70,522,3,2
70,523,3,2
70,524,3,2
70,525,3,2
70,526,3,2
70,527,3,2
70,528,3,2
70,529,3,2
70,530,3,2
70,531,3,2
70,532,3,2
70,533,3,2
70,534,3,2
70,535,3,2
70,536,3,2
70,537,3,2
70,538,3,2
70,539,3,2
70,540,3,2
70,541,3,2
70,542,3,2
70,543,3,2
70,544,3,2
70,545,3,2
70,546,3,2
70,547,3,2
70,548,3,2
70,549,3,2
70,550,3,2
70,551,3,2
70,552,3,2
70,553,3,2
70,554,3,2
70,555,3,2
70,556,3,2
70,557,3,2
70,558,3,2
70,559,3,2
70,560,3,2
70,561,3,2
70,562,3,2
70,563,3,2
70,564,3,2
70,565,3,2
70,566,3,2
70,567,3,2
70,568,3,2
70,569,3,2
70,570,3,2
70,571,3,2
70,572,3,2
70,573,3,2
70,574,3,2
70,575,3,2
70,576,3,2
70,577,3,2
70,578,3,2
70,579,3,2
70,580,3,2
70,581,3,2
70,582,3,2
70,583,3,2
70,584,3,2
70,585,3,2
70,586,3,2
70,587,3,2
70,588,3,2
70,589,3,2
70,590,3,2
70,591,3,2
70,592,3,2
70,593,3,2
70,594,3,2
70,595,3,2
70,596,3,2
70,597,3,3
70,598,3,3
70,599,3,3
70,600,3,2
70,601,3,2
70,602,3,2
70,603,3,2
70,604,3,2
70,605,3,2
70,606,3,2
70,607,3,2
70,608,3,2
70,609,3,2
70,610,3,2
70,611,3,2
70,623,3,2
70,624,3,2
71,328,3,2
71,329,3,2
71,330,3,2
71,331,3,2
71,332,3,2
71,333,3,2
71,334,3,2
71,335,3,2
71,336,3,2
71,337,3,2
71,338,3,2
71,339,3,2
71,340,3,2
71,341,3,2
71,342,3,2
71,343,3,2
71,344,3,2
71,345,3,2
71,346,3,2
71,347,3,2
71,348,3,2
71,349,3,2
71,350,3,2
71,351,3,2
71,352,3,2
71,353,3,2
71,354,3,2
71,355,3,2
71,356,3,2
71,357,3,2
71,358,3,2
71,359,3,2
71,360,3,2
71,361,3,2
71,362,3,2
71,363,3,2
71,364,3,2
71,365,3,2
71,366,3,2
71,367,3,2
71,368,3,2
71,369,3,2
71,370,3,2
71,371,3,2
71,372,3,2
71,373,3,2
71,374,3,2
71,375,3,2
71,376,3,2
71,377,3,2
71,378,3,2
71,379,3,2
71,380,3,2
71,381,3,2
71,382,3,2
71,383,3,2
71,384,3,2
71,385,3,2
71,386,3,2
71,387,3,2
71,388,3,2
71,389,3,2
71,390,3,2
71,391,3,2
71,392,3,2
71,393,3,2
71,394,3,2
71,395,3,2
71,396,3,2
71,397,3,2
71,398,3,2
71,399,3,2
71,400,3,2
71,401,3,2
71,402,3,2
71,403,3,2
71,404,3,2
71,405,3,2
71,406,3,2
71,407,3,2
71,408,3,2
71,409,3,2
71,410,3,2
71,411,3,2
71,412,3,2
71,413,3,2
71,414,3,2
71,415,3,2
71,416,3,2
71,417,3,2
71,418,3,2
71,419,3,2
71,420,3,2
71,421,3,2
71,422,3,2
71,423,3,2
71,424,3,2
71,425,3,2
71,426,3,2
71,427,3,2
71,428,3,2
71,429,3,2
71,430,3,2
71,431,3,2
71,432,3,2
71,433,3,2
71,434,3,2
71,435,3,2
71,436,3,2
71,437,3,2
71,438,3,2
71,439,3,2
71,440,3,2
71,441,3,2
71,442,3,2
71,443,3,2
71,444,3,2
71,445,3,2
71,446,3,2
71,447,3,2
71,448,3,2
71,449,3,2
71,450,3,2
71,451,3,2
71,452,3,2
71,453,3,2
71,454,3,2
71,455,3,2
71,456,3,2
71,457,3,2
71,458,3,2
71,459,3,2
71,460,3,2
71,461,3,2
71,462,3,2
71,463,3,2
71,464,3,2
71,465,3,2
71,466,3,2
71,467,3,2
71,468,3,2
71,469,3,2
71,470,3,2
71,471,3,2
71,472,3,2
71,473,3,2
71,474,3,2
71,475,3,2
71,476,3,2
71,477,3,2
71,478,3,2
71,479,3,2
71,480,3,2
71,481,3,2
71,482,3,2
71,483,3,2
71,484,3,2
71,485,3,2
71,486,3,2
71,487,3,2
71,488,3,2
71,489,3,2
71,490,3,2
71,491,3,2
71,492,3,2
71,493,3,2
71,494,3,2
71,495,3,2
71,496,3,2
71,497,3,2
71,498,3,2
71,499,3,2
71,500,3,2
71,501,3,2
71,502,3,2
71,503,3,2
71,504,3,2
71,505,3,2
71,506,3,2
71,507,3,2
71,508,3,2
71,509,3,2
71,510,3,2
71,511,3,2
71,512,3,2
71,513,3,2
71,514,3,2
71,515,3,2
71,516,3,2
71,517,3,2
71,518,3,2
71,519,3,2
71,520,3,2
71,521,3,2
71,522,3,2
71,523,3,2
71,524,3,2
71,525,3,2
71,526,3,2
71,527,3,2
71,528,3,2
71,529,3,2
71,530,3,2
71,531,3,2
71,532,3,2
71,533,3,2
71,534,3,2
71,535,3,2
71,536,3,2
71,537,3,2
71,538,3,2
71,539,3,2
71,540,3,2
71,541,3,2
71,542,3,2
71,543,3,2
71,544,3,2
71,545,3,2
71,546,3,2
71,547,3,2
71,548,3,2
71,549,3,2
71,550,3,2
71,551,3,2
71,552,3,2
71,553,3,2
71,554,3,2
71,555,3,2
71,556,3,2
71,557,3,2
71,558,3,2
71,559,3,2
71,560,3,2
71,561,3,2
71,562,3,2
71,563,3,2
71,564,3,2
71,565,3,2
71,566,3,2
71,567,3,2
71,568,3,2
71,569,3,2
71,570,3,2
71,571,3,2
71,572,3,2
71,573,3,2
71,574,3,2
71,575,3,2
71,576,3,2
71,577,3,2
71,578,3,2
71,579,3,2
71,580,3,2
71,581,3,2
71,582,3,2
71,583,3,2
71,584,3,2
71,585,3,2
71,586,3,2
71,587,3,2
71,588,3,2
71,589,3,2
71,590,3,2
71,591,3,2
71,592,3,2
71,593,3,2
71,594,3,2
71,595,3,3
71,596,3,3
71,597,3,3
71,598,3,3
71,599,3,3
71,600,3,3
71,601,3,3
71,602,3,2
71,603,3,2
71,604,3,2
71,605,3,2
71,606,3,2
71,607,3,2
71,608,3,2
71,609,3,2
71,610,3,2
71,611,3,2
71,612,3,2
71,613,3,2
71,614,3,2
71,622,3,2
71,623,3,2
71,624,3,2
72,327,3,2
72,328,3,2
72,329,3,2
72,330,3,2
72,331,3,2
72,332,3,2
72,333,3,2
72,334,3,2
72,335,3,2
72,336,3,2
72,337,3,2
72,338,3,2
72,339,3,2
72,340,3,2
72,341,3,2
72,342,3,2
72,343,3,2
72,344,3,2
72,345,3,2
72,346,3,2
72,347,3,2
72,348,3,2
72,349,3,2
72,350,3,2
72,351,3,2
72,352,3,2
72,353,3,2
72,354,3,2
72,355,3,2
72,356,3,2
72,357,3,2
72,358,3,2
72,359,3,2
72,360,3,2
72,361,3,2
72,362,3,2
72,363,3,2
72,364,3,2
72,365,3,2
72,366,3,2
72,367,3,2
72,368,3,2
72,369,3,2
72,370,3,2
72,371,3,2
72,372,3,2
72,373,3,2
72,374,3,2
72,375,3,2
72,376,3,2
72,377,3,2
72,378,3,2
72,379,3,2
72,380,3,2
72,381,3,2
72,382,3,2
72,383,3,2
72,384,3,2
72,385,3,2
72,386,3,2
72,387,3,2
72,388,3,2
72,389,3,2
72,390,3,2
72,391,3,2
72,392,3,2
72,393,3,2
72,394,3,2
72,395,3,2
72,396,3,2
72,397,3,2
72,398,3,2
72,399,3,2
72,400,3,2
72,401,3,2
72,402,3,2
72,403,3,2
72,404,3,2
72,405,3,2
72,406,3,2
72,407,3,2
72,408,3,2
72,409,3,2
72,410,3,2
72,411,3,2
72,412,3,2
72,413,3,2
72,414,3,2
72,415,3,2
72,416,3,2
72,417,3,2
72,418,3,2
72,419,3,2
72,420,3,2
72,421,3,2
72,422,3,2
72,423,3,2
72,424,3,2
72,425,3,2
72,426,3,2
72,427,3,2
72,428,3,2
72,429,3,2
72,430,3,2
72,431,3,2
72,432,3,2
72,433,3,2
72,434,3,2
72,435,3,2
72,436,3,2
72,437,3,2
72,438,3,2
72,439,3,2
72,440,3,2
72,441,3,2
72,442,3,2
72,443,3,2
72,444,3,2
72,445,3,2
72,446,3,2
72,447,3,2
72,448,3,2
72,449,3,2
72,450,3,2
72,451,3,2
72,452,3,2
72,453,3,2
72,454,3,2
72,455,3,2
72,456,3,2
72,457,3,2
72,458,3,2
72,459,3,2
72,460,3,2
72,461,3,2
72,462,3,2
72,463,3,2
72,464,3,2
72,465,3,2
72,466,3,2
72,467,3,2
72,468,3,2
72,469,3,2
72,470,3,2
72,471,3,2
72,472,3,2
72,473,3,2
72,474,3,2
72,475,3,2
72,476,3,2
72,477,3,2
72,478,3,2
72,479,3,2
72,480,3,2
72,481,3,2
72,482,3,2
72,483,3,2
72,484,3,2
72,485,3,2
72,486,3,2
72,487,3,2
72,488,3,2
72,489,3,2
72,490,3,2
72,491,3,2
72,492,3,2
72,493,3,2
72,494,3,2
72,495,3,2
72,496,3,2
72,497,3,2
72,498,3,2
72,499,3,2
72,500,3,2
72,501,3,2
72,502,3,2
72,503,3,2
72,504,3,2
72,505,3,2
72,506,3,2
72,507,3,2
72,508,3,2
72,509,3,2
72,510,3,2
72,511,3,2
72,512,3,2
72,513,3,2
72,514,3,2
72,515,3,2
72,516,3,2
72,517,3,2
72,518,3,2
72,519,3,2
72,520,3,2
72,521,3,2
72,522,3,2
72,523,3,2
72,524,3,2
72,525,3,2
72,526,3,2
72,527,3,2
72,528,3,2
72,529,3,2
72,530,3,2
72,531,3,2
72,532,3,2
72,533,3,2
72,534,3,2
72,535,3,2
72,536,3,2
72,537,3,2
72,538,3,2
72,539,3,2
72,540,3,2
72,541,3,2
72,542,3,2
72,543,3,2
72,544,3,2
72,545,3,2
72,546,3,2
72,547,3,2
72,548,3,2
72,549,3,2
72,550,3,2
72,551,3,2
72,552,3,2
72,553,3,2
72,554,3,2
72,555,3,2
72,556,3,2
72,557,3,2
72,558,3,2
72,559,3,2
72,560,3,2
72,561,3,2
72,562,3,2
72,563,3,2
72,564,3,2
72,565,3,2
72,566,3,2
72,567,3,2
72,568,3,2
72,569,3,2
72,570,3,2
72,571,3,2
72,572,3,2
72,573,3,2
72,574,3,2
72,575,3,2
72,576,3,2
72,577,3,2
72,578,3,2
72,579,3,2
72,580,3,2
72,581,3,2
72,582,3,2
72,583,3,2
72,584,3,2
72,585,3,2
72,586,3,2
72,587,3,2
72,588,3,2
72,589,3,2
72,590,3,2
72,591,3,2
72,592,3,2
72,593,3,2
72,594,3,3
72,595,3,3
72,596,3,3
72,597,3,3
72,598,3,3
72,599,3,3
72,600,3,3
72,601,3,3
72,602,3,3
72,603,3,3
72,604,3,2
72,605,3,2
72,606,3,2
72,607,3,2
72,608,3,2
72,609,3,2
72,610,3,2
72,611,3,2
72,612,3,2
72,613,3,2
72,614,3,2
72,615,3,2
72,616,3,2
72,617,3,2
72,618,3,2
72,619,3,2
72,620,3,2
72,621,3,2
72,622,3,2
72,623,3,2
72,624,3,2
72,625,3,2
73,326,3,2
73,327,3,2
73,328,3,2
73,329,3,2
73,330,3,2
73,331,3,2
73,332,3,2
73,333,3,2
73,334,3,2
73,335,3,2
73,336,3,2
73,337,3,2
73,338,3,2
73,339,3,2
73,340,3,2
73,341,3,2
73,342,3,2
73,343,3,2
73,344,3,2
73,345,3,2
73,346,3,2
73,347,3,2
73,348,3,2
73,349,3,2
73,350,3,2
73,351,3,2
73,352,3,2
73,353,3,2
73,354,3,2
73,355,3,2
73,356,3,2
73,357,3,2
73,358,3,2
73,359,3,2
73,360,3,2
73,361,3,2
73,362,3,2
73,363,3,2
73,364,3,2
73,365,3,2
73,366,3,2
73,367,3,2
73,368,3,2
73,369,3,2
73,370,3,2
73,371,3,2
73,372,3,2
73,373,3,2
73,374,3,2
73,375,3,2
73,376,3,2
73,377,3,2
73,378,3,2
73,379,3,2
73,380,3,2
73,381,3,2
73,382,3,2
73,383,3,2
73,384,3,2
73,385,3,2
73,386,3,2
73,387,3,2
73,388,3,2
73,389,3,2
73,390,3,2
73,391,3,2
73,392,3,2
73,393,3,2
73,394,3,2
73,395,3,2
73,396,3,2
73,397,3,2
73,398,3,2
73,399,3,2
73,400,3,2
73,401,3,2
73,402,3,2
73,403,3,2
73,404,3,2
73,405,3,2
73,406,3,2
73,407,3,2
73,408,3,2
73,409,3,2
73,410,3,2
73,411,3,2
73,412,3,2
73,413,3,2
73,414,3,2
73,415,3,2
73,416,3,2
73,417,3,2
73,418,3,2
73,419,3,2
73,420,3,2
73,421,3,2
73,422,3,2
73,423,3,2
73,424,3,2
73,425,3,2
73,426,3,2
73,427,3,2
73,428,3,2
73,429,3,2
73,430,3,2
73,431,3,2
73,432,3,2
73,433,3,2
73,434,3,2
73,435,3,2
73,436,3,2
73,437,3,2
73,438,3,2
73,439,3,2
73,440,3,2
73,441,3,2
73,442,3,2
73,443,3,2
73,444,3,2
73,445,3,2
73,446,3,2
73,447,3,2
73,448,3,2
73,449,3,2
73,450,3,2
73,451,3,2
73,452,3,2
73,453,3,2
73,454,3,2
73,455,3,2
73,456,3,2
73,457,3,2
73,458,3,2
73,459,3,2
73,460,3,2
73,461,3,2
73,462,3,2
73,463,3,2
73,464,3,2
73,465,3,2
73,466,3,2
73,467,3,2
73,468,3,2
73,469,3,2
73,470,3,2
73,471,3,2
73,472,3,2
73,473,3,2
73,474,3,2
73,475,3,2
73,476,3,2
73,477,3,2
73,478,3,2
73,479,3,2
73,480,3,2
73,481,3,2
73,482,3,2
73,483,3,2
73,484,3,2
73,485,3,2
73,486,3,2
73,487,3,2
73,488,3,2
73,489,3,2
73,490,3,2
73,491,3,2
73,492,3,2
73,493,3,2
73,494,3,2
73,495,3,2
73,496,3,2
73,497,3,2
73,498,3,2
73,499,3,2
73,500,3,2
73,501,3,2
73,502,3,2
73,503,3,2
73,504,3,2
73,505,3,2
73,506,3,2
73,507,3,2
73,508,3,2
73,509,3,2
73,510,3,2
73,511,3,2
73,512,3,2
73,513,3,2
73,514,3,2
73,515,3,2
73,516,3,2
73,517,3,2
73,518,3,2
73,519,3,2
73,520,3,2
73,521,3,2
73,522,3,2
73,523,3,2
73,524,3,2
73,525,3,2
73,526,3,2
73,527,3,2
73,528,3,2
73,529,3,2
73,530,3,2
73,531,3,2
73,532,3,2
73,533,3,2
73,534,3,2
73,535,3,2
73,536,3,2
73,537,3,2
73,538,3,2
73,539,3,2
73,540,3,2
73,541,3,2
73,542,3,2
73,543,3,2
73,544,3,2
73,545,3,2
73,546,3,2
73,547,3,2
73,548,3,2
73,549,3,2
73,550,3,2
73,551,3,2
73,552,3,2
73,553,3,2
73,554,3,2
73,555,3,2
73,556,3,2
73,557,3,2
73,558,3,2
73,559,3,2
73,560,3,2
73,561,3,2
73,562,3,2
73,563,3,2
73,564,3,2
73,565,3,2
73,566,3,2
73,567,3,2
73,568,3,2
73,569,3,2
73,570,3,2
73,571,3,2
73,572,3,2
73,573,3,2
73,574,3,2
73,575,3,2
73,576,3,2
73,577,3,2
73,578,3,2
73,579,3,2
73,580,3,2
73,581,3,2
73,582,3,2
73,583,3,2
73,584,3,2
73,585,3,2
73,586,3,2
73,587,3,2
73,588,3,2
73,589,3,2
73,590,3,2
73,591,3,2
73,592,3,2
73,593,3,2
73,594,3,2
73,595,3,3
73,596,3,3
73,597,3,3
73,598,3,3
73,599,3,3
73,600,3,3
73,601,3,3
73,602,3,3
73,603,3,3
73,604,3,3
73,605,3,3
73,606,3,3
73,607,3,3
73,608,3,2
73,609,3,2
73,610,3,2
73,611,3,2
73,612,3,2
73,613,3,2
73,614,3,2
73,615,3,2
73,616,3,2
73,617,3,2
73,618,3,2
73,619,3,2
73,620,3,2
73,621,3,2
73,622,3,2
73,623,3,2
74,324,3,2
74,325,3,2
74,326,3,2
74,327,3,2
74,328,3,2
74,329,3,2
74,330,3,2
74,331,3,2
74,332,3,2
74,333,3,2
74,334,3,2
74,335,3,2
74,336,3,2
74,337,3,2
74,338,3,2
74,339,3,2
74,340,3,2
74,341,3,2
74,342,3,2
74,343,3,2
74,344,3,2
74,345,3,2
74,346,3,2
74,347,3,2
74,348,3,2
74,349,3,2
74,350,3,2
74,351,3,2
74,352,3,2
74,353,3,2
74,354,3,2
74,355,3,2
74,356,3,2
74,357,3,2
74,358,3,2
74,359,3,2
74,360,3,2
74,361,3,2
74,362,3,2
74,363,3,2
74,364,3,2
74,365,3,2
74,366,3,2
74,367,3,2
74,368,3,2
74,369,3,2
74,370,3,2
74,371,3,2
74,372,3,2
74,373,3,2
74,374,3,2
74,375,3,2
74,376,3,2
74,377,3,2
74,378,3,2
74,379,3,2
74,380,3,2
74,381,3,2
74,382,3,2
74,383,3,2
74,384,3,2
74,385,3,2
74,386,3,2
74,387,3,2
74,388,3,2
74,389,3,2
74,390,3,2
74,391,3,2
74,392,3,2
74,393,3,2
74,394,3,2
74,395,3,2
74,396,3,2
74,397,3,2
74,398,3,2
74,399,3,2
74,400,3,2
74,401,3,2
74,402,3,2
74,403,3,2
74,404,3,2
74,405,3,2
74,406,3,2
74,407,3,2
74,408,3,2
74,409,3,2
74,410,3,2
74,411,3,2
74,412,3,2
74,413,3,2
74,414,3,2
74,415,3,2
74,416,3,2
74,417,3,2
74,418,3,2
74,419,3,2
74,420,3,2
74,421,3,2
74,422,3,2
74,423,3,2
74,424,3,2
74,425,3,2
74,426,3,2
74,427,3,2
74,428,3,2
74,429,3,2
74,430,3,2
74,431,3,2
74,432,3,2
74,433,3,2
74,434,3,2
74,435,3,2
74,436,3,2
74,437,3,2
74,438,3,2
74,439,3,2
74,440,3,2
74,441,3,2
74,442,3,2
74,443,3,2
74,444,3,2
74,445,3,2
74,446,3,2
74,447,3,2
74,448,3,2
74,449,3,2
74,450,3,2
74,451,3,2
74,452,3,2
74,453,3,2
74,454,3,2
74,455,3,2
74,456,3,2
74,457,3,2
74,458,3,2
74,459,3,2
74,460,3,2
74,461,3,2
74,462,3,2
74,463,3,2
74,464,3,2
74,465,3,2
74,466,3,2
74,467,3,2
74,468,3,2
74,469,3,2
74,470,3,2
74,471,3,2
74,472,3,2
74,473,3,2
74,474,3,2
74,475,3,2
74,476,3,2
74,477,3,2
74,478,3,2
74,479,3,2
74,480,3,2
74,481,3,2
74,482,3,2
74,483,3,2
74,484,3,2
74,485,3,2
74,486,3,2
74,487,3,2
74,488,3,2
74,489,3,2
74,490,3,2
74,491,3,2
74,492,3,2
74,493,3,2
74,494,3,2
74,495,3,2
74,496,3,2
74,497,3,2
74,498,3,2
74,499,3,2
74,500,3,2
74,501,3,2
74,502,3,2
74,503,3,2
74,504,3,2
74,505,3,2
74,506,3,2
74,507,3,2
74,508,3,2
74,509,3,2
74,510,3,2
74,511,3,2
74,512,3,2
74,513,3,2
74,514,3,2
74,515,3,2
74,516,3,2
74,517,3,2
74,518,3,2
74,519,3,2
74,520,3,2
74,521,3,2
74,522,3,2
74,523,3,2
74,524,3,2
74,525,3,2
74,526,3,2
74,527,3,2
74,528,3,2
74,529,3,2
74,530,3,2
74,531,3,2
74,532,3,2
74,533,3,2
74,534,3,2
74,535,3,2
74,536,3,2
74,537,3,2
74,538,3,2
74,539,3,2
74,540,3,2
74,541,3,2
74,542,3,2
74,543,3,2
74,544,3,2
74,545,3,2
74,546,3,2
74,547,3,2
74,548,3,2
74,549,3,2
74,550,3,2
74,551,3,2
74,552,3,2
74,553,3,2
74,554,3,2
74,555,3,2
74,556,3,2
74,557,3,2
74,558,3,2
74,559,3,2
74,560,3,2
74,561,3,2
74,562,3,2
74,563,3,2
74,564,3,2
74,565,3,2
74,566,3,2
74,567,3,2
74,568,3,2
74,569,3,2
74,570,3,2
74,571,3,2
74,572,3,2
74,573,3,2
74,574,3,2
74,575,3,2
74,576,3,2
74,577,3,2
74,578,3,2
74,579,3,2
74,580,3,2
74,581,3,2
74,582,3,2
74,583,3,2
74,584,3,2
74,585,3,2
74,586,3,2
74,587,3,2
74,588,3,2
74,589,3,2
74,590,3,2
74,591,3,2
74,592,3,2
74,593,3,2
74,594,3,2
74,595,3,2
74,596,3,3
74,597,3,3
74,598,3,3
74,599,3,3
74,600,3,3
74,601,3,3
74,602,3,3
74,603,3,3
74,604,3,3
74,605,3,3
74,606,3,3
74,607,3,3
74,608,3,2
74,609,3,2
74,610,3,2
74,611,3,2
74,612,3,2
74,613,3,2
74,614,3,2
74,615,3,2
74,616,3,2
74,617,3,2
74,618,3,2
74,619,3,2
74,620,3,2
74,621,3,2
74,622,3,2
74,623,3,2
74,624,3,2
74,625,3,2
75,315,3,2
75,322,3,2
75,323,3,2
75,324,3,2
75,325,3,2
75,326,3,2
75,327,3,2
75,328,3,2
75,329,3,2
75,330,3,2
75,331,3,2
75,332,3,2
75,333,3,2
75,334,3,2
75,335,3,2
75,336,3,2
75,337,3,2
75,338,3,2
75,339,3,2
75,340,3,2
75,341,3,2
75,342,3,2
75,343,3,2
75,344,3,2
75,345,3,2
75,346,3,2
75,347,3,2
75,348,3,2
75,349,3,2
75,350,3,2
75,351,3,2
75,352,3,2
75,353,3,2
75,354,3,2
75,355,3,2
75,356,3,2
75,357,3,2
75,358,3,2
75,359,3,2
75,360,3,2
75,361,3,2
75,362,3,2
75,363,3,2
75,364,3,2
75,365,3,2
75,366,3,2
75,367,3,2
75,368,3,2
75,369,3,2
75,370,3,2
75,371,3,2
75,372,3,2
75,373,3,2
75,374,3,2
75,375,3,2
75,376,3,2
75,377,3,2
75,378,3,2
75,379,3,2
75,380,3,2
75,381,3,2
75,382,3,2
75,383,3,2
75,384,3,2
75,385,3,2
75,386,3,2
75,387,3,2
75,388,3,2
75,389,3,2
75,390,3,2
75,391,3,2
75,392,3,2
75,393,3,2
75,394,3,2
75,395,3,2
75,396,3,2
75,397,3,2
75,398,3,2
75,399,3,2
75,400,3,2
75,401,3,2
75,402,3,2
75,403,3,2
75,404,3,2
75,405,3,2
75,406,3,2
75,407,3,2
75,408,3,2
75,409,3,2
75,410,3,2
75,411,3,2
75,412,3,2
75,413,3,2
75,414,3,2
75,415,3,2
75,416,3,2
75,417,3,2
75,418,3,2
75,419,3,2
75,420,3,2
75,421,3,2
75,422,3,2
75,423,3,2
75,424,3,2
75,425,3,2
75,426,3,2
75,427,3,2
75,428,3,2
75,429,3,2
75,430,3,2
75,431,3,2
75,432,3,2
75,433,3,2
75,434,3,2
75,435,3,2
75,436,3,2
75,437,3,2
75,438,3,2
75,439,3,2
75,440,3,2
75,441,3,2
75,442,3,2
75,443,3,2
75,444,3,2
75,445,3,2
75,446,3,2
75,447,3,2
75,448,3,2
75,449,3,2
75,450,3,2
75,451,3,2
75,452,3,2
75,453,3,2
75,454,3,2
75,455,3,2
75,456,3,2
75,457,3,2
75,458,3,2
75,459,3,2
75,460,3,2
75,461,3,2
75,462,3,2
75,463,3,2
75,464,3,2
75,465,3,2
75,466,3,2
75,467,3,2
75,468,3,2
75,469,3,2
75,470,3,2
75,471,3,2
75,472,3,2
75,473,3,2
75,474,3,2
75,475,3,2
75,476,3,2
75,477,3,2
75,478,3,2
75,479,3,2
75,480,3,2
75,481,3,2
75,482,3,2
75,483,3,2
75,484,3,2
75,485,3,2
75,486,3,2
75,487,3,2
75,488,3,2
75,489,3,2
75,490,3,2
75,491,3,2
75,492,3,2
75,493,3,2
75,494,3,2
75,495,3,2
75,496,3,2
75,497,3,2
75,498,3,2
75,499,3,2
75,500,3,2
75,501,3,2
75,502,3,2
75,503,3,2
75,504,3,2
75,505,3,2
75,506,3,2
75,507,3,2
75,508,3,2
75,509,3,2
75,510,3,2
75,511,3,2
75,512,3,2
75,513,3,2
75,514,3,2
75,515,3,2
75,516,3,2
75,517,3,2
75,518,3,2
75,519,3,2
75,520,3,2
75,521,3,2
75,522,3,2
75,523,3,2
75,524,3,2
75,525,3,2
75,526,3,2
75,527,3,2
75,528,3,2
75,529,3,2
75,530,3,2
75,531,3,2
75,532,3,2
75,533,3,2
75,534,3,2
75,535,3,2
75,536,3,2
75,537,3,2
75,538,3,2
75,539,3,2
75,540,3,2
75,541,3,2
75,542,3,2
75,543,3,2
75,544,3,2
75,545,3,2
75,546,3,2
75,547,3,2
75,548,3,2
75,549,3,2
75,550,3,2
75,551,3,2
75,552,3,2
75,553,3,2
75,554,3,2
75,555,3,2
75,556,3,2
75,557,3,2
75,558,3,2
75,559,3,2
75,560,3,2
75,561,3,2
75,562,3,2
75,563,3,2
75,564,3,2
75,565,3,2
75,566,3,2
75,567,3,2
75,568,3,2
75,569,3,2
75,570,3,2
75,571,3,2
75,572,3,2
75,573,3,2
75,574,3,2
75,575,3,2
75,576,3,2
75,577,3,2
75,578,3,2
75,579,3,2
75,580,3,2
75,581,3,2
75,582,3,2
75,583,3,2
75,584,3,2
75,585,3,2
75,586,3,2
75,587,3,2
75,588,3,2
75,589,3,2
75,590,3,2
75,591,3,2
75,592,3,2
75,593,3,2
75,594,3,2
75,595,3,2
75,596,3,2
75,597,3,3
75,598,3,3
75,599,3,3
75,600,3,3
75,601,3,3
75,602,3,3
75,603,3,3
75,604,3,3
75,605,3,3
75,606,3,3
75,607,3,3
75,608,3,2
75,609,3,2
75,610,3,2
75,611,3,2
75,612,3,2
75,613,3,2
75,614,3,2
75,615,3,2
75,616,3,2
75,617,3,2
75,618,3,2
75,619,3,2
75,620,3,2
75,621,3,2
75,622,3,2
75,623,3,2
75,624,3,2
75,625,3,2
75,626,3,2
76,311,3,2
76,312,3,2
76,313,3,2
76,314,3,2
76,315,3,2
76,316,3,2
76,317,3,2
76,318,3,2
76,319,3,2
76,320,3,2
76,321,3,2
76,322,3,2
76,323,3,2
76,324,3,2
76,325,3,2
76,326,3,2
76,327,3,3
76,328,3,2
76,329,3,3
76,330,3,3
76,331,3,2
76,332,3,2
76,333,3,2
76,334,3,2
76,335,3,2
76,336,3,2
76,337,3,2
76,338,3,2
76,339,3,2
76,340,3,2
76,341,3,2
76,342,3,2
76,343,3,2
76,344,3,2
76,345,3,2
76,346,3,2
76,347,3,2
76,348,3,2
76,349,3,2
76,350,3,2
76,351,3,2
76,352,3,2
76,353,3,2
76,354,3,2
76,355,3,2
76,356,3,2
76,357,3,2
76,358,3,2
76,359,3,2
76,360,3,2
76,361,3,2
76,362,3,2
76,363,3,2
76,364,3,2
76,365,3,2
76,366,3,2
76,367,3,2
76,368,3,2
76,369,3,2
76,370,3,2
76,371,3,2
76,372,3,2
76,373,3,2
76,374,3,2
76,375,3,2
76,376,3,2
76,377,3,2
76,378,3,2
76,379,3,2
76,380,3,2
76,381,3,2
76,382,3,2
76,383,3,2
76,384,3,2
76,385,3,2
76,386,3,2
76,387,3,2
76,388,3,2
76,389,3,2
76,390,3,2
76,391,3,2
76,392,3,2
76,393,3,2
76,394,3,2
76,395,3,2
76,396,3,2
76,397,3,2
76,398,3,2
76,399,3,2
76,400,3,2
76,401,3,2
76,402,3,2
76,403,3,2
76,404,3,2
76,405,3,2
76,406,3,2
76,407,3,2
76,408,3,2
76,409,3,2
76,410,3,2
76,411,3,2
76,412,3,2
76,413,3,2
76,414,3,2
76,415,3,2
76,416,3,2
76,417,3,2
76,418,3,2
76,419,3,2
76,420,3,2
76,421,3,2
76,422,3,2
76,423,3,2
76,424,3,2
76,425,3,2
76,426,3,2
76,427,3,2
76,428,3,2
76,429,3,2
76,430,3,2
76,431,3,2
76,432,3,2
76,433,3,2
76,434,3,2
76,435,3,2
76,436,3,2
76,437,3,2
76,438,3,2
76,439,3,2
76,440,3,2
76,441,3,2
76,442,3,2
76,443,3,2
76,444,3,2
76,445,3,2
76,446,3,2
76,447,3,2
76,448,3,2
76,449,3,2
76,450,3,2
76,451,3,2
76,452,3,2
76,453,3,2
76,454,3,2
76,455,3,2
76,456,3,2
76,457,3,2
76,458,3,2
76,459,3,2
76,460,3,2
76,461,3,2
76,462,3,2
76,463,3,2
76,464,3,2
76,465,3,2
76,466,3,2
76,467,3,2
76,468,3,2
76,469,3,2
76,470,3,2
76,471,3,2
76,472,3,2
76,473,3,2
76,474,3,2
76,475,3,2
76,476,3,2
76,477,3,2
76,478,3,2
76,479,3,2
76,480,3,2
76,481,3,2
76,482,3,2
76,483,3,2
76,484,3,2
76,485,3,2
76,486,3,2
76,487,3,2
76,488,3,2
76,489,3,2
76,490,3,2
76,491,3,2
76,492,3,2
76,493,3,2
76,494,3,2
76,495,3,2
76,496,3,2
76,497,3,2
76,498,3,2
76,499,3,2
76,500,3,2
76,501,3,2
76,502,3,2
76,503,3,2
76,504,3,2
76,505,3,2
76,506,3,2
76,507,3,2
76,508,3,2
76,509,3,2
76,510,3,2
76,511,3,2
76,512,3,2
76,513,3,2
76,514,3,2
76,515,3,2
76,516,3,2
76,517,3,2
76,518,3,2
76,519,3,2
76,520,3,2
76,521,3,2
76,522,3,2
76,523,3,2
76,524,3,2
76,525,3,2
76,526,3,2
76,527,3,2
76,528,3,2
76,529,3,2
76,530,3,2
76,531,3,2
76,532,3,2
76,533,3,2
76,534,3,2
76,535,3,2
76,536,3,2
76,537,3,2
76,538,3,2
76,539,3,2
76,540,3,2
76,541,3,2
76,542,3,2
76,543,3,2
76,544,3,2
76,545,3,2
76,546,3,2
76,547,3,2
76,548,3,2
76,549,3,2
76,550,3,2
76,551,3,2
76,552,3,2
76,553,3,2
76,554,3,2
76,555,3,2
76,556,3,2
76,557,3,2
76,558,3,2
76,559,3,2
76,560,3,2
76,561,3,2
76,562,3,2
76,563,3,2
76,564,3,2
76,565,3,2
76,566,3,2
76,567,3,2
76,568,3,2
76,569,3,2
76,570,3,2
76,571,3,2
76,572,3,2
76,573,3,2
76,574,3,2
76,575,3,2
76,576,3,2
76,577,3,2
76,578,3,2
76,579,3,2
76,580,3,2
76,581,3,2
76,582,3,2
76,583,3,2
76,584,3,2
76,585,3,2
76,586,3,2
76,587,3,2
76,588,3,2
76,589,3,2
76,590,3,2
76,591,3,2
76,592,3,2
76,593,3,2
76,594,3,2
76,595,3,2
76,596,3,2
76,597,3,2
76,598,3,3
76,599,3,3
76,600,3,3
76,601,3,3
76,602,3,3
76,603,3,3
76,604,3,2
76,605,3,2
76,606,3,2
76,607,3,2
76,608,3,2
76,609,3,2
76,610,3,2
76,611,3,2
76,612,3,2
76,613,3,2
76,614,3,2
76,615,3,2
76,616,3,2
76,617,3,2
76,618,3,2
76,619,3,2
76,620,3,2
76,621,3,2
76,622,3,2
76,623,3,2
76,624,3,2
76,625,3,2
76,626,3,2
76,627,3,2
77,309,3,2
77,310,3,2
77,311,3,2
77,312,3,2
77,313,3,2
77,314,3,2
77,315,3,2
77,316,3,2
77,317,3,2
77,318,3,2
77,319,3,2
77,320,3,2
77,321,3,2
77,322,3,2
77,323,3,2
77,324,3,3
77,325,3,3
77,326,3,3
77,327,3,3
77,328,3,3
77,329,3,3
77,330,3,3
77,331,3,2
77,332,3,2
77,333,3,2
77,334,3,2
77,335,3,2
77,336,3,2
77,337,3,2
77,338,3,2
77,339,3,2
77,340,3,2
77,341,3,2
77,342,3,2
77,343,3,2
77,344,3,2
77,345,3,2
77,346,3,2
77,347,3,2
77,348,3,2
77,349,3,2
77,350,3,2
77,351,3,2
77,352,3,2
77,353,3,2
77,354,3,2
77,355,3,2
77,356,3,2
77,357,3,2
77,358,3,2
77,359,3,2
77,360,3,2
77,361,3,2
77,362,3,2
77,363,3,2
77,364,3,2
77,365,3,2
77,366,3,2
77,367,3,2
77,368,3,2
77,369,3,2
77,370,3,2
77,371,3,2
77,372,3,2
77,373,3,2
77,374,3,2
77,375,3,2
77,376,3,2
77,377,3,2
77,378,3,2
77,379,3,2
77,380,3,2
77,381,3,2
77,382,3,2
77,383,3,2
77,384,3,2
77,385,3,2
77,386,3,2
77,387,3,2
77,388,3,2
77,389,3,2
77,390,3,2
77,391,3,2
77,392,3,2
77,393,3,2
77,394,3,2
77,395,3,2
77,396,3,2
77,397,3,2
77,398,3,2
77,399,3,2
77,400,3,2
77,401,3,2
77,402,3,2
77,403,3,2
77,404,3,2
77,405,3,2
77,406,3,2
77,407,3,2
77,408,3,2
77,409,3,2
77,410,3,2
77,411,3,2
77,412,3,2
77,413,3,2
77,414,3,2
77,415,3,2
77,416,3,2
77,417,3,2
77,418,3,2
77,419,3,2
77,420,3,2
77,421,3,2
77,422,3,2
77,423,3,2
77,424,3,2
77,425,3,2
77,426,3,2
77,427,3,2
77,428,3,2
77,429,3,2
77,430,3,2
77,431,3,2
77,432,3,2
77,433,3,2
77,434,3,2
77,435,3,2
77,436,3,2
77,437,3,2
77,438,3,2
77,439,3,2
77,440,3,2
77,441,3,2
77,442,3,2
77,443,3,2
77,444,3,2
77,445,3,2
77,446,3,2
77,447,3,2
77,448,3,2
77,449,3,2
77,450,3,2
77,451,3,2
77,452,3,2
77,453,3,2
77,454,3,2
77,455,3,2
77,456,3,2
77,457,3,2
77,458,3,2
77,459,3,2
77,460,3,2
77,461,3,2
77,462,3,2
77,463,3,2
77,464,3,2
77,465,3,2
77,466,3,2
77,467,3,2
77,468,3,2
77,469,3,2
77,470,3,2
77,471,3,2
77,472,3,2
77,473,3,2
77,474,3,2
77,475,3,2
77,476,3,2
77,477,3,2
77,478,3,2
77,479,3,2
77,480,3,2
77,481,3,2
77,482,3,2
77,483,3,2
77,484,3,2
77,485,3,2
77,486,3,2
77,487,3,2
77,488,3,2
77,489,3,2
77,490,3,2
77,491,3,2
77,492,3,2
77,493,3,2
77,494,3,2
77,495,3,2
77,496,3,2
77,497,3,2
77,498,3,2
77,499,3,2
77,500,3,2
77,501,3,2
77,502,3,2
77,503,3,2
77,504,3,2
77,505,3,2
77,506,3,2
77,507,3,2
77,508,3,2
77,509,3,2
77,510,3,2
77,511,3,2
77,512,3,2
77,513,3,2
77,514,3,2
77,515,3,2
77,516,3,2
77,517,3,2
77,518,3,2
77,519,3,2
77,520,3,2
77,521,3,2
77,522,3,2
77,523,3,2
77,524,3,2
77,525,3,2
77,526,3,2
77,527,3,2
77,528,3,2
77,529,3,2
77,530,3,2
77,531,3,2
77,532,3,2
77,533,3,2
77,534,3,2
77,535,3,2
77,536,3,2
77,537,3,2
77,538,3,2
77,539,3,2
77,540,3,2
77,541,3,2
77,542,3,2
77,543,3,2
77,544,3,2
77,545,3,2
77,546,3,2
77,547,3,2
77,548,3,2
77,549,3,2
77,550,3,2
77,551,3,2
77,552,3,2
77,553,3,2
77,554,3,2
77,555,3,2
77,556,3,2
77,557,3,2
77,558,3,2
77,559,3,2
77,560,3,2
77,561,3,2
77,562,3,2
77,563,3,2
77,564,3,2
77,565,3,2
77,566,3,2
77,567,3,2
77,568,3,2
77,569,3,2
77,570,3,2
77,571,3,2
77,572,3,2
77,573,3,2
77,574,3,2
77,575,3,2
77,576,3,2
77,577,3,2
77,578,3,2
77,579,3,2
77,580,3,2
77,581,3,2
77,582,3,2
77,583,3,2
77,584,3,2
77,585,3,2
77,586,3,2
77,587,3,2
77,588,3,2
77,589,3,2
77,590,3,2
77,591,3,2
77,592,3,2
77,593,3,2
77,594,3,2
77,595,3,2
77,596,3,2
77,597,3,2
77,598,3,2
77,599,3,3
77,600,3,3
77,601,3,3
77,602,3,2
77,603,3,2
77,604,3,2
77,605,3,2
77,606,3,2
77,607,3,2
77,608,3,2
77,609,3,2
77,610,3,2
77,611,3,2
77,612,3,2
77,613,3,2
77,614,3,2
77,615,3,2
77,616,3,2
77,617,3,2
77,618,3,2
77,619,3,2
77,620,3,2
77,621,3,2
77,622,3,2
77,623,3,2
77,624,3,2
77,625,3,2
77,626,3,2
77,627,3,2
77,628,3,2
77,629,3,2
78,308,3,2
78,309,3,2
78,310,3,2
78,311,3,2
78,312,3,2
78,313,3,2
78,314,3,2
78,315,3,2
78,316,3,2
78,317,3,2
78,318,3,2
78,319,3,2
78,320,3,2
78,321,3,3
78,322,3,3
78,323,3,3
78,324,3,3
78,325,3,3
78,326,3,3
78,327,3,3
78,328,3,3
78,329,3,3
78,330,3,3
78,331,3,3
78,332,3,2
78,333,3,2
78,334,3,2
78,335,3,2
78,336,3,2
78,337,3,2
78,338,3,2
78,339,3,2
78,340,3,2
78,341,3,2
78,342,3,2
78,343,3,2
78,344,3,2
78,345,3,2
78,346,3,2
78,347,3,2
78,348,3,2
78,349,3,2
78,350,3,2
78,351,3,2
78,352,3,2
78,353,3,2
78,354,3,2
78,355,3,2
78,356,3,2
78,357,3,2
78,358,3,2
78,359,3,2
78,360,3,2
78,361,3,2
78,362,3,2
78,363,3,2
78,364,3,2
78,365,3,2
78,366,3,2
78,367,3,2
78,368,3,2
78,369,3,2
78,370,3,2
78,371,3,2
78,372,3,2
78,373,3,2
78,374,3,2
78,375,3,2
78,376,3,2
78,377,3,2
78,378,3,2
78,379,3,2
78,380,3,2
78,381,3,2
78,382,3,2
78,383,3,2
78,384,3,2
78,385,3,2
78,386,3,2
78,387,3,2
78,388,3,2
78,389,3,2
78,390,3,2
78,391,3,2
78,392,3,2
78,393,3,2
78,394,3,2
78,395,3,2
78,396,3,2
78,397,3,2
78,398,3,2
78,399,3,2
78,400,3,2
78,401,3,2
78,402,3,2
78,403,3,2
78,404,3,2
78,405,3,2
78,406,3,2
78,407,3,2
78,408,3,2
78,409,3,2
78,410,3,2
78,411,3,2
78,412,3,2
78,413,3,2
78,414,3,2
78,415,3,2
78,416,3,2
78,417,3,2
78,418,3,2
78,419,3,2
78,420,3,2
78,421,3,2
78,422,3,2
78,423,3,2
78,424,3,2
78,425,3,2
78,426,3,2
78,427,3,2
78,428,3,2
78,429,3,2
78,430,3,2
78,431,3,2
78,432,3,2
78,433,3,2
78,434,3,2
78,435,3,2
78,436,3,2
78,437,3,2
78,438,3,2
78,439,3,2
78,440,3,2
78,441,3,2
78,442,3,2
78,443,3,2
78,444,3,2
78,445,3,2
78,446,3,2
78,447,3,2
78,448,3,2
78,449,3,2
78,450,3,2
78,451,3,2
78,452,3,2
78,453,3,2
78,454,3,2
78,455,3,2
78,456,3,2
78,457,3,2
78,458,3,2
78,459,3,2
78,460,3,2
78,461,3,2
78,462,3,2
78,463,3,2
78,464,3,2
78,465,3,2
78,466,3,2
78,467,3,2
78,468,3,2
78,469,3,2
78,470,3,2
78,471,3,2
78,472,3,2
78,473,3,2
78,474,3,2
78,475,3,2
78,476,3,2
78,477,3,2
78,478,3,2
78,479,3,2
78,480,3,2
78,481,3,2
78,482,3,2
78,483,3,2
78,484,3,2
78,485,3,2
78,486,3,2
78,487,3,2
78,488,3,2
78,489,3,2
78,490,3,2
78,491,3,2
78,492,3,2
78,493,3,2
78,494,3,2
78,495,3,2
78,496,3,2
78,497,3,2
78,498,3,2
78,499,3,2
78,500,3,2
78,501,3,2
78,502,3,2
78,503,3,2
78,504,3,2
78,505,3,2
78,506,3,2
78,507,3,2
78,508,3,2
78,509,3,2
78,510,3,2
78,511,3,2
78,512,3,2
78,513,3,2
78,514,3,2
78,515,3,2
78,516,3,2
78,517,3,2
78,518,3,2
78,519,3,2
78,520,3,2
78,521,3,2
78,522,3,2
78,523,3,2
78,524,3,2
78,525,3,2
78,526,3,2
78,527,3,2
78,528,3,2
78,529,3,2
78,530,3,2
78,531,3,2
78,532,3,2
78,533,3,2
78,534,3,2
78,535,3,2
78,536,3,2
78,537,3,2
78,538,3,2
78,539,3,2
78,540,3,2
78,541,3,2
78,542,3,2
78,543,3,2
78,544,3,2
78,545,3,2
78,546,3,2
78,547,3,2
78,548,3,2
78,549,3,2
78,550,3,2
78,551,3,2
78,552,3,2
78,553,3,2
78,554,3,2
78,555,3,2
78,556,3,2
78,557,3,2
78,558,3,2
78,559,3,2
78,560,3,2
78,561,3,2
78,562,3,2
78,563,3,2
78,564,3,2
78,565,3,2
78,566,3,2
78,567,3,2
78,568,3,2
78,569,3,2
78,570,3,2
78,571,3,2
78,572,3,2
78,573,3,2
78,574,3,2
78,575,3,2
78,576,3,2
78,577,3,2
78,578,3,2
78,579,3,2
78,580,3,2
78,581,3,2
78,582,3,2
78,583,3,2
78,584,3,2
78,585,3,2
78,586,3,2
78,587,3,2
78,588,3,2
78,589,3,2
78,590,3,2
78,591,3,2
78,592,3,2
78,593,3,2
78,594,3,2
78,595,3,2
78,596,3,2
78,597,3,2
78,598,3,2
78,599,3,2
78,600,3,2
78,601,3,2
78,602,3,2
78,603,3,2
78,604,3,2
78,605,3,2
78,606,3,2
78,607,3,2
78,608,3,2
78,609,3,2
78,610,3,2
78,611,3,2
78,612,3,2
78,613,3,2
78,614,3,2
78,615,3,2
78,616,3,2
78,617,3,2
78,618,3,2
78,619,3,2
78,620,3,2
78,621,3,2
78,622,3,2
78,623,3,2
78,624,3,2
78,625,3,2
78,626,3,2
78,627,3,2
78,628,3,2
78,629,3,2
78,630,3,2
79,307,3,2
79,308,3,2
79,309,3,2
79,310,3,2
79,311,3,2
79,312,3,2
79,313,3,2
79,314,3,2
79,315,3,2
79,316,3,2
79,317,3,2
79,318,3,2
79,319,3,2
79,320,3,2
79,321,3,3
79,322,3,3
79,323,3,3
79,324,3,3
79,325,3,3
79,326,3,3
79,327,3,3
79,328,3,3
79,329,3,3
79,330,3,3
79,331,3,3
79,332,3,2
79,333,3,2
79,334,3,2
79,335,3,2
79,336,3,2
79,337,3,2
79,338,3,2
79,339,3,2
79,340,3,2
79,341,3,2
79,342,3,2
79,343,3,2
79,344,3,2
79,345,3,2
79,346,3,2
79,347,3,2
79,348,3,2
79,349,3,2
79,350,3,2
79,351,3,2
79,352,3,2
79,353,3,2
79,354,3,2
79,355,3,2
79,356,3,2
79,357,3,2
79,358,3,2
79,359,3,2
79,360,3,2
79,361,3,2
79,362,3,2
79,363,3,2
79,364,3,2
79,365,3,2
79,366,3,2
79,367,3,2
79,368,3,2
79,369,3,2
79,370,3,2
79,371,3,2
79,372,3,2
79,373,3,2
79,374,3,2
79,375,3,2
79,376,3,2
79,377,3,2
79,378,3,2
79,379,3,2
79,380,3,2
79,381,3,2
79,382,3,2
79,383,3,2
79,384,3,2
79,385,3,2
79,386,3,2
79,387,3,2
79,388,3,2
79,389,3,2
79,390,3,2
79,391,3,2
79,392,3,2
79,393,3,2
79,394,3,2
79,395,3,2
79,396,3,2
79,397,3,2
79,398,3,2
79,399,3,2
79,400,3,2
79,401,3,2
79,402,3,2
79,403,3,2
79,404,3,2
79,405,3,2
79,406,3,2
79,407,3,2
79,408,3,2
79,409,3,2
79,410,3,2
79,411,3,2
79,412,3,2
79,413,3,2
79,414,3,2
79,415,3,2
79,416,3,2
79,417,3,2
79,418,3,2
79,419,3,2
79,420,3,2
79,421,3,2
79,422,3,2
79,423,3,2
79,424,3,2
79,425,3,2
79,426,3,2
79,427,3,2
79,428,3,2
79,429,3,2
79,430,3,2
79,431,3,2
79,432,3,2
79,433,3,2
79,434,3,2
79,435,3,2
79,436,3,2
79,437,3,2
79,438,3,2
79,439,3,2
79,440,3,2
79,441,3,2
79,442,3,2
79,443,3,2
79,444,3,2
79,445,3,2
79,446,3,2
79,447,3,2
79,448,3,2
79,449,3,2
79,450,3,2
79,451,3,2
79,452,3,2
79,453,3,2
79,454,3,2
79,455,3,2
79,456,3,2
79,457,3,2
79,458,3,2
79,459,3,2
79,460,3,2
79,461,3,2
79,462,3,2
79,463,3,2
79,464,3,2
79,465,3,2
79,466,3,2
79,467,3,2
79,468,3,2
79,469,3,2
79,470,3,2
79,471,3,2
79,472,3,2
79,473,3,2
79,474,3,2
79,475,3,2
79,476,3,2
79,477,3,2
79,478,3,2
79,479,3,2
79,480,3,2
79,481,3,2
79,482,3,2
79,483,3,2
79,484,3,2
79,485,3,2
79,486,3,2
79,487,3,2
79,488,3,2
79,489,3,2
79,490,3,2
79,491,3,2
79,492,3,2
79,493,3,2
79,494,3,2
79,495,3,2
79,496,3,2
79,497,3,2
79,498,3,2
79,499,3,2
79,500,3,2
79,501,3,2
79,502,3,2
79,503,3,2
79,504,3,2
79,505,3,2
79,506,3,2
79,507,3,2
79,508,3,2
79,509,3,2
79,510,3,2
79,511,3,2
79,512,3,2
79,513,3,2
79,514,3,2
79,515,3,2
79,516,3,2
79,517,3,2
79,518,3,2
79,519,3,2
79,520,3,2
79,521,3,2
79,522,3,2
79,523,3,2
79,524,3,2
79,525,3,2
79,526,3,2
79,527,3,2
79,528,3,2
79,529,3,2
79,530,3,2
79,531,3,2
79,532,3,2
79,533,3,2
79,534,3,2
79,535,3,2
79,536,3,2
79,537,3,2
79,538,3,2
79,539,3,2
79,540,3,2
79,541,3,2
79,542,3,2
79,543,3,2
79,544,3,2
79,545,3,2
79,546,3,2
79,547,3,2
79,548,3,2
79,549,3,2
79,550,3,2
79,551,3,2
79,552,3,2
79,553,3,2
79,554,3,2
79,555,3,2
79,556,3,2
79,557,3,2
79,558,3,2
79,559,3,2
79,560,3,2
79,561,3,2
79,562,3,2
79,563,3,2
79,564,3,2
79,565,3,2
79,566,3,2
79,567,3,2
79,568,3,2
79,569,3,2
79,570,3,2
79,571,3,2
79,572,3,2
79,573,3,2
79,574,3,2
79,575,3,2
79,576,3,2
79,577,3,2
79,578,3,2
79,579,3,2
79,580,3,2
79,581,3,2
79,582,3,2
79,583,3,2
79,584,3,2
79,585,3,2
79,586,3,2
79,587,3,2
79,588,3,2
79,589,3,2
79,590,3,2
79,591,3,2
79,592,3,2
79,593,3,2
79,594,3,2
79,595,3,2
79,596,3,2
79,597,3,2
79,598,3,2
79,599,3,2
79,600,3,2
79,601,3,2
79,602,3,2
79,603,3,2
79,604,3,2
79,605,3,2
79,606,3,2
79,607,3,2
79,608,3,2
79,609,3,2
79,610,3,2
79,611,3,2
79,612,3,2
79,613,3,2
79,614,3,2
79,615,3,2
79,616,3,2
79,617,3,2
79,618,3,2
79,619,3,2
79,620,3,2
79,621,3,2
79,622,3,2
79,623,3,2
79,624,3,2
79,625,3,2
79,626,3,2
79,627,3,2
79,628,3,2
79,629,3,2
79,630,3,2
79,631,3,2
80,301,3,2
80,302,3,2
80,303,3,2
80,304,3,2
80,305,3,2
80,306,3,2
80,307,3,2
80,308,3,2
80,309,3,2
80,310,3,2
80,311,3,2
80,312,3,2
80,313,3,2
80,314,3,2
80,315,3,2
80,316,3,2
80,317,3,2
80,318,3,2
80,319,3,2
80,320,3,2
80,321,3,3
80,322,3,3
80,323,3,3
80,324,3,3
80,325,3,3
80,326,3,3
80,327,3,3
80,328,3,3
80,329,3,3
80,330,3,3
80,331,3,2
80,332,3,2
80,333,3,2
80,334,3,2
80,335,3,2
80,336,3,2
80,337,3,2
80,338,3,2
80,339,3,2
80,340,3,2
80,341,3,2
80,342,3,2
80,343,3,2
80,344,3,2
80,345,3,2
80,346,3,2
80,347,3,2
80,348,3,2
80,349,3,2
80,350,3,2
80,351,3,2
80,352,3,2
80,353,3,2
80,354,3,2
80,355,3,2
80,356,3,2
80,357,3,2
80,358,3,2
80,359,3,2
80,360,3,2
80,361,3,2
80,362,3,2
80,363,3,2
80,364,3,2
80,365,3,2
80,366,3,2
80,367,3,2
80,368,3,2
80,369,3,2
80,370,3,2
80,371,3,2
80,372,3,2
80,373,3,2
80,374,3,2
80,375,3,2
80,376,3,2
80,377,3,2
80,378,3,2
80,379,3,2
80,380,3,2
80,381,3,2
80,382,3,2
80,383,3,2
80,384,3,2
80,385,3,2
80,386,3,2
80,387,3,2
80,388,3,2
80,389,3,2
80,390,3,2
80,391,3,2
80,392,3,2
80,393,3,2
80,394,3,2
80,395,3,2
80,396,3,2
80,397,3,2
80,398,3,2
80,399,3,2
80,400,3,2
80,401,3,2
80,402,3,2
80,403,3,2
80,404,3,2
80,405,3,2
80,406,3,2
80,407,3,2
80,408,3,2
80,409,3,2
80,410,3,2
80,411,3,2
80,412,3,2
80,413,3,2
80,414,3,2
80,415,3,2
80,416,3,2
80,417,3,2
80,418,3,2
80,419,3,2
80,420,3,2
80,421,3,2
80,422,3,2
80,423,3,2
80,424,3,2
80,425,3,2
80,426,3,2
80,427,3,2
80,428,3,2
80,429,3,2
80,430,3,2
80,431,3,2
80,432,3,2
80,433,3,2
80,434,3,2
80,435,3,2
80,436,3,2
80,437,3,2
80,438,3,2
80,439,3,2
80,440,3,2
80,441,3,2
80,442,3,2
80,443,3,2
80,444,3,2
80,445,3,2
80,446,3,2
80,447,3,2
80,448,3,2
80,449,3,2
80,450,3,2
80,451,3,2
80,452,3,2
80,453,3,2
80,454,3,2
80,455,3,2
80,456,3,2
80,457,3,2
80,458,3,2
80,459,3,2
80,460,3,2
80,461,3,2
80,462,3,2
80,463,3,2
80,464,3,2
80,465,3,2
80,466,3,2
80,467,3,2
80,468,3,2
80,469,3,2
80,470,3,2
80,471,3,2
80,472,3,2
80,473,3,2
80,474,3,2
80,475,3,2
80,476,3,2
80,477,3,2
80,478,3,2
80,479,3,2
80,480,3,2
80,481,3,2
80,482,3,2
80,483,3,2
80,484,3,2
80,485,3,2
80,486,3,2
80,487,3,2
80,488,3,2
80,489,3,2
80,490,3,2
80,491,3,2
80,492,3,2
80,493,3,2
80,494,3,2
80,495,3,2
80,496,3,2
80,497,3,2
80,498,3,2
80,499,3,2
80,500,3,2
80,501,3,2
80,502,3,2
80,503,3,2
80,504,3,2
80,505,3,2
80,506,3,2
80,507,3,2
80,508,3,2
80,509,3,2
80,510,3,2
80,511,3,2
80,512,3,2
80,513,3,2
80,514,3,2
80,515,3,2
80,516,3,2
80,517,3,2
80,518,3,2
80,519,3,2
80,520,3,2
80,521,3,2
80,522,3,2
80,523,3,2
80,524,3,2
80,525,3,2
80,526,3,2
80,527,3,2
80,528,3,2
80,529,3,2
80,530,3,2
80,531,3,2
80,532,3,2
80,533,3,2
80,534,3,2
80,535,3,2
80,536,3,2
80,537,3,2
80,538,3,2
80,539,3,2
80,540,3,2
80,541,3,2
80,542,3,2
80,543,3,2
80,544,3,2
80,545,3,2
80,546,3,2
80,547,3,2
80,548,3,2
80,549,3,2
80,550,3,2
80,551,3,2
80,552,3,2
80,553,3,2
80,554,3,2
80,555,3,2
80,556,3,2
80,557,3,2
80,558,3,2
80,559,3,2
80,560,3,2
80,561,3,2
80,562,3,2
80,563,3,2
80,564,3,2
80,565,3,2
80,566,3,2
80,567,3,2
80,568,3,2
80,569,3,2
80,570,3,2
80,571,3,2
80,572,3,2
80,573,3,2
80,574,3,2
80,575,3,2
80,576,3,2
80,577,3,2
80,578,3,2
80,579,3,2
80,580,3,2
80,581,3,2
80,582,3,2
80,583,3,2
80,584,3,2
80,585,3,2
80,586,3,2
80,587,3,2
80,588,3,2
80,589,3,2
80,590,3,2
80,591,3,2
80,592,3,2
80,593,3,2
80,594,3,2
80,595,3,2
80,596,3,2
80,597,3,2
80,598,3,2
80,599,3,2
80,600,3,2
80,601,3,2
80,602,3,2
80,603,3,2
80,604,3,2
80,605,3,2
80,606,3,2
80,607,3,2
80,608,3,2
80,609,3,2
80,610,3,2
80,611,3,2
80,612,3,2
80,613,3,2
80,614,3,2
80,615,3,2
80,616,3,2
80,617,3,2
80,618,3,2
80,619,3,2
80,620,3,2
80,621,3,2
80,622,3,2
80,623,3,2
80,624,3,2
80,625,3,2
80,626,3,2
80,627,3,2
80,628,3,2
80,629,3,2
80,630,3,2
80,631,3,2
80,632,3,2
80,633,3,2
80,634,3,2
80,635,3,2
80,636,3,2
81,300,3,2
81,301,3,2
81,302,3,2
81,303,3,2
81,304,3,2
81,305,3,2
81,306,3,2
81,307,3,2
81,308,3,2
81,309,3,2
81,310,3,2
81,311,3,2
81,312,3,2
81,313,3,2
81,314,3,2
81,315,3,2
81,316,3,2
81,317,3,2
81,318,3,2
81,319,3,2
81,320,3,2
81,321,3,3
81,322,3,3
81,323,3,3
81,324,3,3
81,325,3,3
81,326,3,3
81,327,3,3
81,328,3,3
81,329,3,3
81,330,3,2
81,331,3,2
81,332,3,2
81,333,3,2
81,334,3,2
81,335,3,2
81,336,3,2
81,337,3,2
81,338,3,2
81,339,3,2
81,340,3,2
81,341,3,2
81,342,3,2
81,343,3,2
81,344,3,2
81,345,3,2
81,346,3,2
81,347,3,2
81,348,3,2
81,349,3,2
81,350,3,2
81,351,3,2
81,352,3,2
81,353,3,2
81,354,3,2
81,355,3,2
81,356,3,2
81,357,3,2
81,358,3,2
81,359,3,2
81,360,3,2
81,361,3,2
81,362,3,2
81,363,3,2
81,364,3,2
81,365,3,2
81,366,3,2
81,367,3,2
81,368,3,2
81,369,3,2
81,370,3,2
81,371,3,2
81,372,3,2
81,373,3,2
81,374,3,2
81,375,3,2
81,376,3,2
81,377,3,2
81,378,3,2
81,379,3,2
81,380,3,2
81,381,3,2
81,382,3,2
81,383,3,2
81,384,3,2
81,385,3,2
81,386,3,2
81,387,3,2
81,388,3,2
81,389,3,2
81,390,3,2
81,391,3,2
81,392,3,2
81,393,3,2
81,394,3,2
81,395,3,2
81,396,3,2
81,397,3,2
81,398,3,2
81,399,3,2
81,400,3,2
81,401,3,2
81,402,3,2
81,403,3,2
81,404,3,2
81,405,3,2
81,406,3,2
81,407,3,2
81,408,3,2
81,409,3,2
81,410,3,2
81,411,3,2
81,412,3,2
81,413,3,2
81,414,3,2
81,415,3,2
81,416,3,2
81,417,3,2
81,418,3,2
81,419,3,2
81,420,3,2
81,421,3,2
81,422,3,2
81,423,3,2
81,424,3,2
81,425,3,2
81,426,3,2
81,427,3,2
81,428,3,2
81,429,3,2
81,430,3,2
81,431,3,2
81,432,3,2
81,433,3,2
81,434,3,2
81,435,3,2
81,436,3,2
81,437,3,2
81,438,3,2
81,439,3,2
81,440,3,2
81,441,3,2
81,442,3,2
81,443,3,2
81,444,3,2
81,445,3,2
81,446,3,2
81,447,3,2
81,448,3,2
81,449,3,2
81,450,3,2
81,451,3,2
81,452,3,2
81,453,3,2
81,454,3,2
81,455,3,2
81,456,3,2
81,457,3,2
81,458,3,2
81,459,3,2
81,460,3,2
81,461,3,2
81,462,3,2
81,463,3,2
81,464,3,2
81,465,3,2
81,466,3,2
81,467,3,2
81,468,3,2
81,469,3,2
81,470,3,2
81,471,3,2
81,472,3,2
81,473,3,2
81,474,3,2
81,475,3,2
81,476,3,2
81,477,3,2
81,478,3,2
81,479,3,2
81,480,3,2
81,481,3,2
81,482,3,2
81,483,3,2
81,484,3,2
81,485,3,2
81,486,3,2
81,487,3,2
81,488,3,2
81,489,3,2
81,490,3,2
81,491,3,2
81,492,3,2
81,493,3,2
81,494,3,2
81,495,3,2
81,496,3,2
81,497,3,2
81,498,3,2
81,499,3,2
81,500,3,2
81,501,3,2
81,502,3,2
81,503,3,2
81,504,3,2
81,505,3,2
81,506,3,2
81,507,3,2
81,508,3,2
81,509,3,2
81,510,3,2
81,511,3,2
81,512,3,2
81,513,3,2
81,514,3,2
81,515,3,2
81,516,3,2
81,517,3,2
81,518,3,2
81,519,3,2
81,520,3,2
81,521,3,2
81,522,3,2
81,523,3,2
81,524,3,2
81,525,3,2
81,526,3,2
81,527,3,2
81,528,3,2
81,529,3,2
81,530,3,2
81,531,3,2
81,532,3,2
81,533,3,2
81,534,3,2
81,535,3,2
81,536,3,2
81,537,3,2
81,538,3,2
81,539,3,2
81,540,3,2
81,541,3,2
81,542,3,2
81,543,3,2
81,544,3,2
81,545,3,2
81,546,3,2
81,547,3,2
81,548,3,2
81,549,3,2
81,550,3,2
81,551,3,2
81,552,3,2
81,553,3,2
81,554,3,2
81,555,3,2
81,556,3,2
81,557,3,2
81,558,3,2
81,559,3,2
81,560,3,2
81,561,3,2
81,562,3,2
81,563,3,2
81,564,3,2
81,565,3,2
81,566,3,2
81,567,3,2
81,568,3,2
81,569,3,2
81,570,3,2
81,571,3,2
81,572,3,2
81,573,3,2
81,574,3,2
81,575,3,2
81,576,3,2
81,577,3,2
81,578,3,2
81,579,3,2
81,580,3,2
81,581,3,2
81,582,3,2
81,583,3,2
81,584,3,2
81,585,3,2
81,586,3,2
81,587,3,2
81,588,3,2
81,589,3,2
81,590,3,2
81,591,3,2
81,592,3,2
81,593,3,2
81,594,3,2
81,595,3,2
81,596,3,2
81,597,3,2
81,598,3,2
81,599,3,2
81,600,3,2
81,601,3,2
81,602,3,2
81,603,3,2
81,604,3,2
81,605,3,2
81,606,3,2
81,607,3,2
81,608,3,2
81,609,3,2
81,610,3,2
81,611,3,2
81,612,3,2
81,613,3,2
81,614,3,2
81,615,3,2
81,616,3,2
81,617,3,2
81,618,3,2
81,619,3,2
81,620,3,2
81,621,3,2
81,622,3,2
81,623,3,2
81,624,3,2
81,625,3,2
81,626,3,3
81,627,3,3
81,628,3,3
81,629,3,3
81,630,3,3
81,631,3,3
81,632,3,3
81,633,3,2
81,634,3,2
81,635,3,2
81,636,3,2
81,637,3,2
81,648,3,2
81,649,3,2
82,295,3,2
82,296,3,2
82,297,3,2
82,298,3,2
82,299,3,2
82,300,3,2
82,301,3,2
82,302,3,2
82,303,3,2
82,304,3,2
82,305,3,2
82,306,3,2
82,307,3,2
82,308,3,2
82,309,3,2
82,310,3,2
82,311,3,2
82,312,3,2
82,313,3,2
82,314,3,2
82,315,3,2
82,316,3,2
82,317,3,2
82,318,3,2
82,319,3,2
82,320,3,2
82,321,3,3
82,322,3,3
82,323,3,3
82,324,3,3
82,325,3,3
82,326,3,3
82,327,3,3
82,328,3,3
82,329,3,2
82,330,3,2
82,331,3,2
82,332,3,2
82,333,3,2
82,334,3,2
82,335,3,2
82,336,3,2
82,337,3,2
82,338,3,2
82,339,3,2
82,340,3,2
82,341,3,2
82,342,3,2
82,343,3,2
82,344,3,2
82,345,3,2
82,346,3,2
82,347,3,2
82,348,3,2
82,349,3,2
82,350,3,2
82,351,3,2
82,352,3,2
82,353,3,2
82,354,3,2
82,355,3,2
82,356,3,2
82,357,3,2
82,358,3,2
82,359,3,2
82,360,3,2
82,361,3,2
82,362,3,2
82,363,3,2
82,364,3,2
82,365,3,2
82,366,3,2
82,367,3,2
82,368,3,2
82,369,3,2
82,370,3,2
82,371,3,2
82,372,3,2
82,373,3,2
82,374,3,2
82,375,3,2
82,376,3,2
82,377,3,2
82,378,3,2
82,379,3,2
82,380,3,2
82,381,3,2
82,382,3,2
82,383,3,2
82,384,3,2
82,385,3,2
82,386,3,2
82,387,3,2
82,388,3,2
82,389,3,2
82,390,3,2
82,391,3,2
82,392,3,2
82,393,3,2
82,394,3,2
82,395,3,2
82,396,3,2
82,397,3,2
82,398,3,2
82,399,3,2
82,400,3,2
82,401,3,2
82,402,3,2
82,403,3,2
82,404,3,2
82,405,3,2
82,406,3,2
82,407,3,2
82,408,3,2
82,409,3,2
82,410,3,2
82,411,3,2
82,412,3,2
82,413,3,2
82,414,3,2
82,415,3,2
82,416,3,2
82,417,3,2
82,418,3,2
82,419,3,2
82,420,3,2
82,421,3,2
82,422,3,2
82,423,3,2
82,424,3,2
82,425,3,2
82,426,3,2
82,427,3,2
82,428,3,2
82,429,3,2
82,430,3,2
82,431,3,2
82,432,3,2
82,433,3,2
82,434,3,2
82,435,3,2
82,436,3,2
82,437,3,2
82,438,3,2
82,439,3,2
82,440,3,2
82,441,3,2
82,442,3,2
82,443,3,2
82,444,3,2
82,445,3,2
82,446,3,2
82,447,3,2
82,448,3,2
82,449,3,2
82,450,3,2
82,451,3,2
82,452,3,2
82,453,3,2
82,454,3,2
82,455,3,2
82,456,3,2
82,457,3,2
82,458,3,2
82,459,3,2
82,460,3,2
82,461,3,2
82,462,3,2
82,463,3,2
82,464,3,2
82,465,3,2
82,466,3,2
82,467,3,2
82,468,3,2
82,469,3,2
82,470,3,2
82,471,3,2
82,472,3,2
82,473,3,2
82,474,3,2
82,475,3,2
82,476,3,2
82,477,3,2
82,478,3,2
82,479,3,2
82,480,3,2
82,481,3,2
82,482,3,2
82,483,3,2
82,484,3,2
82,485,3,2
82,486,3,2
82,487,3,2
82,488,3,2
82,489,3,2
82,490,3,2
82,491,3,2
82,492,3,2
82,493,3,2
82,494,3,2
82,495,3,2
82,496,3,2
82,497,3,2
82,498,3,2
82,499,3,2
82,500,3,2
82,501,3,2
82,502,3,2
82,503,3,2
82,504,3,2
82,505,3,2
82,506,3,2
82,507,3,2
82,508,3,2
82,509,3,2
82,510,3,2
82,511,3,2
82,512,3,2
82,513,3,2
82,514,3,2
82,515,3,2
82,516,3,2
82,517,3,2
82,518,3,2
82,519,3,2
82,520,3,2
82,521,3,2
82,522,3,2
82,523,3,2
82,524,3,2
82,525,3,2
82,526,3,2
82,527,3,2
82,528,3,2
82,529,3,2
82,530,3,2
82,531,3,2
82,532,3,2
82,533,3,2
82,534,3,2
82,535,3,2
82,536,3,2
82,537,3,2
82,538,3,2
82,539,3,2
82,540,3,2
82,541,3,2
82,542,3,2
82,543,3,2
82,544,3,2
82,545,3,2
82,546,3,2
82,547,3,2
82,548,3,2
82,549,3,2
82,550,3,2
82,551,3,2
82,552,3,2
82,553,3,2
82,554,3,2
82,555,3,2
82,556,3,2
82,557,3,2
82,558,3,2
82,559,3,2
82,560,3,2
82,561,3,2
82,562,3,2
82,563,3,2
82,564,3,2
82,565,3,2
82,566,3,2
82,567,3,2
82,568,3,2
82,569,3,2
82,570,3,2
82,571,3,2
82,572,3,2
82,573,3,2
82,574,3,2
82,575,3,2
82,576,3,2
82,577,3,2
82,578,3,2
82,579,3,2
82,580,3,2
82,581,3,2
82,582,3,2
82,583,3,2
82,584,3,2
82,585,3,2
82,586,3,2
82,587,3,2
82,588,3,2
82,589,3,2
82,590,3,2
82,591,3,2
82,592,3,2
82,593,3,2
82,594,3,2
82,595,3,2
82,596,3,2
82,597,3,2
82,598,3,2
82,599,3,2
82,600,3,2
82,601,3,2
82,602,3,2
82,603,3,2
82,604,3,2
82,605,3,2
82,606,3,2
82,607,3,2
82,608,3,2
82,609,3,2
82,610,3,2
82,611,3,2
82,612,3,2
82,613,3,2
82,614,3,2
82,615,3,2
82,616,3,2
82,617,3,2
82,618,3,2
82,619,3,2
82,620,3,2
82,621,3,2
82,622,3,2
82,623,3,2
82,624,3,2
82,625,3,2
82,626,3,3
82,627,3,3
82,628,3,3
82,629,3,3
82,630,3,3
82,631,3,3
82,632,3,3
82,633,3,3
82,634,3,3
82,635,3,2
82,636,3,2
82,637,3,2
82,648,3,2
82,649,3,2
82,650,3,2
82,651,3,2
83,294,3,2
83,295,3,2
83,296,3,2
83,297,3,2
83,298,3,2
83,299,3,2
83,300,3,2
83,301,3,2
83,302,3,2
83,303,3,2
83,304,3,2
83,305,3,2
83,306,3,2
83,307,3,2
83,308,3,2
83,309,3,2
83,310,3,2
83,311,3,2
83,312,3,2
83,313,3,2
83,314,3,2
83,315,3,2
83,316,3,2
83,317,3,2
83,318,3,2
83,319,3,2
83,320,3,2
83,321,3,2
83,322,3,3
83,323,3,3
83,324,3,3
83,325,3,3
83,326,3,2
83,327,3,2
83,328,3,2
83,329,3,2
83,330,3,2
83,331,3,2
83,332,3,2
83,333,3,2
83,334,3,2
83,335,3,2
83,336,3,2
83,337,3,2
83,338,3,2
83,339,3,2
83,340,3,2
83,341,3,2
83,342,3,2
83,343,3,2
83,344,3,2
83,345,3,2
83,346,3,2
83,347,3,2
83,348,3,2
83,349,3,2
83,350,3,2
83,351,3,2
83,352,3,2
83,353,3,2
83,354,3,2
83,355,3,2
83,356,3,2
83,357,3,2
83,358,3,2
83,359,3,2
83,360,3,2
83,361,3,2
83,362,3,2
83,363,3,2
83,364,3,2
83,365,3,2
83,366,3,2
83,367,3,2
83,368,3,2
83,369,3,2
83,370,3,2
83,371,3,2
83,372,3,2
83,373,3,2
83,374,3,2
83,375,3,2
83,376,3,2
83,377,3,2
83,378,3,2
83,379,3,2
83,380,3,2
83,381,3,2
83,382,3,2
83,383,3,2
83,384,3,2
83,385,3,2
83,386,3,2
83,387,3,2
83,388,3,2
83,389,3,2
83,390,3,2
83,391,3,2
83,392,3,2
83,393,3,2
83,394,3,2
83,395,3,2
83,396,3,2
83,397,3,2
83,398,3,2
83,399,3,2
83,400,3,2
83,401,3,2
83,402,3,2
83,403,3,2
83,404,3,2
83,405,3,2
83,406,3,2
83,407,3,2
83,408,3,2
83,409,3,2
83,410,3,2
83,411,3,2
83,412,3,2
83,413,3,2
83,414,3,2
83,415,3,2
83,416,3,2
83,417,3,2
83,418,3,2
83,419,3,2
83,420,3,2
83,421,3,2
83,422,3,2
83,423,3,2
83,424,3,2
83,425,3,2
83,426,3,2
83,427,3,2
83,428,3,2
83,429,3,2
83,430,3,2
83,431,3,2
83,432,3,2
83,433,3,2
83,434,3,2
83,435,3,2
83,436,3,2
83,437,3,2
83,438,3,2
83,439,3,2
83,440,3,2
83,441,3,2
83,442,3,2
83,443,3,2
83,444,3,2
83,445,3,2
83,446,3,2
83,447,3,2
83,448,3,2
83,449,3,2
83,450,3,2
83,451,3,2
83,452,3,2
83,453,3,2
83,454,3,2
83,455,3,2
83,456,3,2
83,457,3,2
83,458,3,2
83,459,3,2
83,460,3,2
83,461,3,2
83,462,3,2
83,463,3,2
83,464,3,2
83,465,3,2
83,466,3,2
83,467,3,2
83,468,3,2
83,469,3,2
83,470,3,2
83,471,3,2
83,472,3,2
83,473,3,2
83,474,3,2
83,475,3,2
83,476,3,2
83,477,3,2
83,478,3,2
83,479,3,2
83,480,3,2
83,481,3,2
83,482,3,2
83,483,3,2
83,484,3,2
83,485,3,2
83,486,3,2
83,487,3,2
83,488,3,2
83,489,3,2
83,490,3,2
83,491,3,2
83,492,3,2
83,493,3,2
83,494,3,2
83,495,3,2
83,496,3,2
83,497,3,2
83,498,3,2
83,499,3,2
83,500,3,2
83,501,3,2
83,502,3,2
83,503,3,2
83,504,3,2
83,505,3,2
83,506,3,2
83,507,3,2
83,508,3,2
83,509,3,2
83,510,3,2
83,511,3,2
83,512,3,2
83,513,3,2
83,514,3,2
83,515,3,2
83,516,3,2
83,517,3,2
83,518,3,2
83,519,3,2
83,520,3,2
83,521,3,2
83,522,3,2
83,523,3,2
83,524,3,2
83,525,3,2
83,526,3,2
83,527,3,2
83,528,3,2
83,529,3,2
83,530,3,2
83,531,3,2
83,532,3,2
83,533,3,2
83,534,3,2
83,535,3,2
83,536,3,2
83,537,3,2
83,538,3,2
83,539,3,2
83,540,3,2
83,541,3,2
83,542,3,2
83,543,3,2
83,544,3,2
83,545,3,2
83,546,3,2
83,547,3,2
83,548,3,2
83,549,3,2
83,550,3,2
83,551,3,2
83,552,3,2
83,553,3,2
83,554,3,2
83,555,3,2
83,556,3,2
83,557,3,2
83,558,3,2
83,559,3,2
83,560,3,2
83,561,3,2
83,562,3,2
83,563,3,2
83,564,3,2
83,565,3,2
83,566,3,2
83,567,3,2
83,568,3,2
83,569,3,2
83,570,3,2
83,571,3,2
83,572,3,2
83,573,3,2
83,574,3,2
83,575,3,2
83,576,3,2
83,577,3,2
83,578,3,2
83,579,3,2
83,580,3,2
83,581,3,2
83,582,3,2
83,583,3,2
83,584,3,2
83,585,3,2
83,586,3,2
83,587,3,2
83,588,3,2
83,589,3,2
83,590,3,2
83,591,3,2
83,592,3,2
83,593,3,2
83,594,3,2
83,595,3,2
83,596,3,2
83,597,3,2
83,598,3,2
83,599,3,2
83,600,3,2
83,601,3,2
83,602,3,2
83,603,3,2
83,604,3,2
83,605,3,2
83,606,3,2
83,607,3,2
83,608,3,2
83,609,3,2
83,610,3,2
83,611,3,2
83,612,3,2
83,613,3,2
83,614,3,2
83,615,3,2
83,616,3,2
83,617,3,2
83,618,3,2
83,619,3,2
83,620,3,2
83,621,3,2
83,622,3,2
83,623,3,2
83,624,3,2
83,625,3,2
83,626,3,2
83,627,3,3
83,628,3,3
83,629,3,3
83,630,3,3
83,631,3,3
83,632,3,3
83,633,3,3
83,634,3,3
83,635,3,3
83,636,3,3
83,637,3,3
83,638,3,3
84,293,3,2
84,294,3,2
84,295,3,2
84,296,3,2
84,297,3,2
84,298,3,2
84,299,3,2
84,300,3,2
84,301,3,2
84,302,3,2
84,303,3,2
84,304,3,2
84,305,3,2
84,306,3,2
84,307,3,2
84,308,3,2
84,309,3,2
84,310,3,2
84,311,3,2
84,312,3,2
84,313,3,2
84,314,3,2
84,315,3,2
84,316,3,2
84,317,3,2
84,318,3,2
84,319,3,2
84,320,3,2
84,321,3,2
84,322,3,2
84,323,3,2
84,324,3,2
84,325,3,2
84,326,3,2
84,327,3,2
84,328,3,2
84,329,3,2
84,330,3,2
84,331,3,2
84,332,3,2
84,333,3,2
84,334,3,2
84,335,3,2
84,336,3,2
84,337,3,2
84,338,3,2
84,339,3,2
84,340,3,2
84,341,3,2
84,342,3,2
84,343,3,2
84,344,3,2
84,345,3,2
84,346,3,2
84,347,3,2
84,348,3,2
84,349,3,2
84,350,3,2
84,351,3,2
84,352,3,2
84,353,3,2
84,354,3,2
84,355,3,2
84,356,3,2
84,357,3,2
84,358,3,2
84,359,3,2
84,360,3,2
84,361,3,2
84,362,3,2
84,363,3,2
84,364,3,2
84,365,3,2
84,366,3,2
84,367,3,2
84,368,3,2
84,369,3,2
84,370,3,2
84,371,3,2
84,372,3,2
84,373,3,2
84,374,3,2
84,375,3,2
84,376,3,2
84,377,3,2
84,378,3,2
84,379,3,2
84,380,3,2
84,381,3,2
84,382,3,2
84,383,3,2
84,384,3,2
84,385,3,2
84,386,3,2
84,387,3,2
84,388,3,2
84,389,3,2
84,390,3,2
84,391,3,2
84,392,3,2
84,393,3,2
84,394,3,2
84,395,3,2
84,396,3,2
84,397,3,2
84,398,3,2
84,399,3,2
84,400,3,2
84,401,3,2
84,402,3,2
84,403,3,2
84,404,3,2
84,405,3,2
84,406,3,2
84,407,3,2
84,408,3,2
84,409,3,2
84,410,3,2
84,411,3,2
84,412,3,2
84,413,3,2
84,414,3,2
84,415,3,2
84,416,3,2
84,417,3,2
84,418,3,2
84,419,3,2
84,420,3,2
84,421,3,2
84,422,3,2
84,423,3,2
84,424,3,2
84,425,3,2
84,426,3,2
84,427,3,2
84,428,3,2
84,429,3,2
84,430,3,2
84,431,3,2
84,432,3,2
84,433,3,2
84,434,3,2
84,435,3,2
84,436,3,2
84,437,3,2
84,438,3,2
84,439,3,2
84,440,3,2
84,441,3,2
84,442,3,2
84,443,3,2
84,444,3,2
84,445,3,2
84,446,3,2
84,447,3,2
84,448,3,2
84,449,3,2
84,450,3,2
84,451,3,2
84,452,3,2
84,453,3,2
84,454,3,2
84,455,3,2
84,456,3,2
84,457,3,2
84,458,3,2
84,459,3,2
84,460,3,2
84,461,3,2
84,462,3,2
84,463,3,2
84,464,3,2
84,465,3,2
84,466,3,2
84,467,3,2
84,468,3,2
84,469,3,2
84,470,3,2
84,471,3,2
84,472,3,2
84,473,3,2
84,474,3,2
84,475,3,2
84,476,3,2
84,477,3,2
84,478,3,2
84,479,3,2
84,480,3,2
84,481,3,2
84,482,3,2
84,483,3,2
84,484,3,2
84,485,3,2
84,486,3,2
84,487,3,2
84,488,3,2
84,489,3,2
84,490,3,2
84,491,3,2
84,492,3,2
84,493,3,2
84,494,3,2
84,495,3,2
84,496,3,2
84,497,3,2
84,498,3,2
84,499,3,2
84,500,3,2
84,501,3,2
84,502,3,2
84,503,3,2
84,504,3,2
84,505,3,2
84,506,3,2
84,507,3,2
84,508,3,2
84,509,3,2
84,510,3,2
84,511,3,2
84,512,3,2
84,513,3,2
84,514,3,2
84,515,3,2
84,516,3,2
84,517,3,2
84,518,3,2
84,519,3,2
84,520,3,2
84,521,3,2
84,522,3,2
84,523,3,2
84,524,3,2
84,525,3,2
84,526,3,2
84,527,3,2
84,528,3,2
84,529,3,2
84,530,3,2
84,531,3,2
84,532,3,2
84,533,3,2
84,534,3,2
84,535,3,2
84,536,3,2
84,537,3,2
84,538,3,2
84,539,3,2
84,540,3,2
84,541,3,2
84,542,3,2
84,543,3,2
84,544,3,2
84,545,3,2
84,546,3,2
84,547,3,2
84,548,3,2
84,549,3,2
84,550,3,2
84,551,3,2
84,552,3,2
84,553,3,2
84,554,3,2
84,555,3,2
84,556,3,2
84,557,3,2
84,558,3,2
84,559,3,2
84,560,3,2
84,561,3,2
84,562,3,2
84,563,3,2
84,564,3,2
84,565,3,2
84,566,3,2
84,567,3,2
84,568,3,2
84,569,3,2
84,570,3,2
84,571,3,2
84,572,3,2
84,573,3,2
84,574,3,2
84,575,3,2
84,576,3,2
84,577,3,2
84,578,3,2
84,579,3,2
84,580,3,2
84,581,3,2
84,582,3,2
84,583,3,2
84,584,3,2
84,585,3,2
84,586,3,2
84,587,3,2
84,588,3,2
84,589,3,2
84,590,3,2
84,591,3,2
84,592,3,2
84,593,3,2
84,594,3,2
84,595,3,2
84,596,3,2
84,597,3,2
84,598,3,2
84,599,3,2
84,600,3,2
84,601,3,2
84,602,3,2
84,603,3,2
84,604,3,2
84,605,3,2
84,606,3,2
84,607,3,2
84,608,3,2
84,609,3,2
84,610,3,2
84,611,3,2
84,612,3,2
84,613,3,2
84,614,3,2
84,615,3,2
84,616,3,2
84,617,3,2
84,618,3,2
84,619,3,2
84,620,3,2
84,621,3,2
84,622,3,2
84,623,3,2
84,624,3,2
84,625,3,2
84,626,3,2
84,627,3,3
84,628,3,3
84,629,3,3
84,630,3,3
84,631,3,3
84,632,3,3
84,633,3,3
84,634,3,3
84,635,3,3
84,636,3,3
84,637,3,3
84,638,3,3
84,639,3,3
84,640,3,3
85,291,3,2
85,292,3,2
85,293,3,2
85,294,3,2
85,295,3,2
85,296,3,2
85,297,3,2
85,298,3,2
85,299,3,2
85,300,3,2
85,301,3,2
85,302,3,2
85,303,3,2
85,304,3,2
85,305,3,2
85,306,3,2
85,307,3,2
85,308,3,2
85,309,3,2
85,310,3,2
85,311,3,2
85,312,3,2
85,313,3,2
85,314,3,2
85,315,3,2
85,316,3,2
85,317,3,2
85,318,3,2
85,319,3,2
85,320,3,2
85,321,3,2
85,322,3,2
85,323,3,2
85,324,3,2
85,325,3,2
85,326,3,2
85,327,3,2
85,328,3,2
85,329,3,2
85,330,3,2
85,331,3,2
85,332,3,2
85,333,3,2
85,334,3,2
85,335,3,2
85,336,3,2
85,337,3,2
85,338,3,2
85,339,3,2
85,340,3,2
85,341,3,2
85,342,3,2
85,343,3,2
85,344,3,2
85,345,3,2
85,346,3,2
85,347,3,2
85,348,3,2
85,349,3,2
85,350,3,2
85,351,3,2
85,352,3,2
85,353,3,2
85,354,3,2
85,355,3,2
85,356,3,2
85,357,3,2
85,358,3,2
85,359,3,2
85,360,3,2
85,361,3,2
85,362,3,2
85,363,3,2
85,364,3,2
85,365,3,2
85,366,3,2
85,367,3,2
85,368,3,2
85,369,3,2
85,370,3,2
85,371,3,2
85,372,3,2
85,373,3,2
85,374,3,2
85,375,3,2
85,376,3,2
85,377,3,2
85,378,3,2
85,379,3,2
85,380,3,2
85,381,3,2
85,382,3,2
85,383,3,2
85,384,3,2
85,385,3,2
85,386,3,2
85,387,3,2
85,388,3,2
85,389,3,2
85,390,3,2
85,391,3,2
85,392,3,2
85,393,3,2
85,394,3,2
85,395,3,2
85,396,3,2
85,397,3,2
85,398,3,2
85,399,3,2
85,400,3,2
85,401,3,2
85,402,3,2
85,403,3,2
85,404,3,2
85,405,3,2
85,406,3,2
85,407,3,2
85,408,3,2
85,409,3,2
85,410,3,2
85,411,3,2
85,412,3,2
85,413,3,2
85,414,3,2
85,415,3,2
85,416,3,2
85,417,3,2
85,418,3,2
85,419,3,2
85,420,3,2
85,421,3,2
85,422,3,2
85,423,3,2
85,424,3,2
85,425,3,2
85,426,3,2
85,427,3,2
85,428,3,2
85,429,3,2
85,430,3,2
85,431,3,2
85,432,3,2
85,433,3,2
85,434,3,2
85,435,3,2
85,436,3,2
85,437,3,2
85,438,3,2
85,439,3,2
85,440,3,2
85,441,3,2
85,442,3,2
85,443,3,2
85,444,3,2
85,445,3,2
85,446,3,2
85,447,3,2
85,448,3,2
85,449,3,2
85,450,3,2
85,451,3,2
85,452,3,2
85,453,3,2
85,454,3,2
85,455,3,2
85,456,3,2
85,457,3,2
85,458,3,2
85,459,3,2
85,460,3,2
85,461,3,2
85,462,3,2
85,463,3,2
85,464,3,2
85,465,3,2
85,466,3,2
85,467,3,2
85,468,3,2
85,469,3,2
85,470,3,2
85,471,3,2
85,472,3,2
85,473,3,2
85,474,3,2
85,475,3,2
85,476,3,2
85,477,3,2
85,478,3,2
85,479,3,2
85,480,3,2
85,481,3,2
85,482,3,2
85,483,3,2
85,484,3,2
85,485,3,2
85,486,3,2
85,487,3,2
85,488,3,2
85,489,3,2
85,490,3,2
85,491,3,2
85,492,3,2
85,493,3,2
85,494,3,2
85,495,3,2
85,496,3,2
85,497,3,2
85,498,3,2
85,499,3,2
85,500,3,2
85,501,3,2
85,502,3,2
85,503,3,2
85,504,3,2
85,505,3,2
85,506,3,2
85,507,3,2
85,508,3,2
85,509,3,2
85,510,3,2
85,511,3,2
85,512,3,2
85,513,3,2
85,514,3,2
85,515,3,2
85,516,3,2
85,517,3,2
85,518,3,2
85,519,3,2
85,520,3,2
85,521,3,2
85,522,3,2
85,523,3,2
85,524,3,2
85,525,3,2
85,526,3,2
85,527,3,2
85,528,3,2
85,529,3,2
85,530,3,2
85,531,3,2
85,532,3,2
85,533,3,2
85,534,3,2
85,535,3,2
85,536,3,2
85,537,3,2
85,538,3,2
85,539,3,2
85,540,3,2
85,541,3,2
85,542,3,2
85,543,3,2
85,544,3,2
85,545,3,2
85,546,3,2
85,547,3,2
85,548,3,2
85,549,3,2
85,550,3,2
85,551,3,2
85,552,3,2
85,553,3,2
85,554,3,2
85,555,3,2
85,556,3,2
85,557,3,2
85,558,3,2
85,559,3,2
85,560,3,2
85,561,3,2
85,562,3,2
85,563,3,2
85,564,3,2
85,565,3,2
85,566,3,2
85,567,3,2
85,568,3,2
85,569,3,2
85,570,3,2
85,571,3,2
85,572,3,2
85,573,3,2
85,574,3,2
85,575,3,2
85,576,3,2
85,577,3,2
85,578,3,2
85,579,3,2
85,580,3,2
85,581,3,2
85,582,3,2
85,583,3,2
85,584,3,2
85,585,3,2
85,586,3,2
85,587,3,2
85,588,3,2
85,589,3,2
85,590,3,2
85,591,3,2
85,592,3,2
85,593,3,2
85,594,3,2
85,595,3,2
85,596,3,2
85,597,3,2
85,598,3,2
85,599,3,2
85,600,3,2
85,601,3,2
85,602,3,2
85,603,3,2
85,604,3,2
85,605,3,2
85,606,3,2
85,607,3,2
85,608,3,2
85,609,3,2
85,610,3,2
85,611,3,2
85,612,3,2
85,613,3,2
85,614,3,2
85,615,3,2
85,616,3,2
85,617,3,2
85,618,3,2
85,619,3,2
85,620,3,2
85,621,3,2
85,622,3,2
85,623,3,2
85,624,3,2
85,625,3,2
85,626,3,2
85,627,3,2
85,628,3,3
85,629,3,3
85,630,3,3
85,631,3,3
85,632,3,3
85,633,3,3
85,634,3,3
85,635,3,3
85,636,3,3
85,637,3,3
85,638,3,3
85,639,3,3
85,640,3,3
85,641,3,3
85,642,3,3
85,658,3,2
86,287,3,2
86,288,3,2
86,289,3,2
86,290,3,2
86,291,3,2
86,292,3,2
86,293,3,2
86,294,3,2
86,295,3,2
86,296,3,2
86,297,3,2
86,298,3,3
86,299,3,3
86,300,3,2
86,301,3,2
86,302,3,2
86,303,3,2
86,304,3,2
86,305,3,2
86,306,3,2
86,307,3,2
86,308,3,2
86,309,3,2
86,310,3,2
86,311,3,2
86,312,3,2
86,313,3,2
86,314,3,2
86,315,3,2
86,316,3,2
86,317,3,2
86,318,3,2
86,319,3,2
86,320,3,2
86,321,3,2
86,322,3,2
86,323,3,2
86,324,3,2
86,325,3,2
86,326,3,2
86,327,3,2
86,328,3,2
86,329,3,2
86,330,3,2
86,331,3,2
86,332,3,2
86,333,3,2
86,334,3,2
86,335,3,2
86,336,3,2
86,337,3,2
86,338,3,2
86,339,3,2
86,340,3,2
86,341,3,2
86,342,3,2
86,343,3,2
86,344,3,2
86,345,3,2
86,346,3,2
86,347,3,2
86,348,3,2
86,349,3,2
86,350,3,2
86,351,3,2
86,352,3,2
86,353,3,2
86,354,3,2
86,355,3,2
86,356,3,2
86,357,3,2
86,358,3,2
86,359,3,2
86,360,3,2
86,361,3,2
86,362,3,2
86,363,3,2
86,364,3,2
86,365,3,2
86,366,3,2
86,367,3,2
86,368,3,2
86,369,3,2
86,370,3,2
86,371,3,2
86,372,3,2
86,373,3,2
86,374,3,2
86,375,3,2
86,376,3,2
86,377,3,2
86,378,3,2
86,379,3,2
86,380,3,2
86,381,3,2
86,382,3,2
86,383,3,2
86,384,3,2
86,385,3,2
86,386,3,2
86,387,3,2
86,388,3,2
86,389,3,2
86,390,3,2
86,391,3,2
86,392,3,2
86,393,3,2
86,394,3,2
86,395,3,2
86,396,3,2
86,397,3,2
86,398,3,2
86,399,3,2
86,400,3,2
86,401,3,2
86,402,3,2
86,403,3,2
86,404,3,2
86,405,3,2
86,406,3,2
86,407,3,2
86,408,3,2
86,409,3,2
86,410,3,2
86,411,3,2
86,412,3,2
86,413,3,2
86,414,3,2
86,415,3,2
86,416,3,2
86,417,3,2
86,418,3,2
86,419,3,2
86,420,3,2
86,421,3,2
86,422,3,2
86,423,3,2
86,424,3,2
86,425,3,2
86,426,3,2
86,427,3,2
86,428,3,2
86,429,3,2
86,430,3,2
86,431,3,2
86,432,3,2
86,433,3,2
86,434,3,2
86,435,3,2
86,436,3,2
86,437,3,2
86,438,3,2
86,439,3,2
86,440,3,2
86,441,3,2
86,442,3,2
86,443,3,2
86,444,3,2
86,445,3,2
86,446,3,2
86,447,3,2
86,448,3,2
86,449,3,2
86,450,3,2
86,451,3,2
86,452,3,2
86,453,3,2
86,454,3,2
86,455,3,2
86,456,3,2
86,457,3,2
86,458,3,2
86,459,3,2
86,460,3,2
86,461,3,2
86,462,3,2
86,463,3,2
86,464,3,2
86,465,3,2
86,466,3,2
86,467,3,2
86,468,3,2
86,469,3,2
86,470,3,2
86,471,3,2
86,472,3,2
86,473,3,2
86,474,3,2
86,475,3,2
86,476,3,2
86,477,3,2
86,478,3,2
86,479,3,2
86,480,3,2
86,481,3,2
86,482,3,2
86,483,3,2
86,484,3,2
86,485,3,2
86,486,3,2
86,487,3,2
86,488,3,2
86,489,3,2
86,490,3,2
86,491,3,2
86,492,3,2
86,493,3,2
86,494,3,2
86,495,3,2
86,496,3,2
86,497,3,2
86,498,3,2
86,499,3,2
86,500,3,2
86,501,3,2
86,502,3,2
86,503,3,2
86,504,3,2
86,505,3,2
86,506,3,2
86,507,3,2
86,508,3,2
86,509,3,2
86,510,3,2
86,511,3,2
86,512,3,2
86,513,3,2
86,514,3,2
86,515,3,2
86,516,3,2
86,517,3,2
86,518,3,2
86,519,3,2
86,520,3,2
86,521,3,2
86,522,3,2
86,523,3,2
86,524,3,2
86,525,3,2
86,526,3,2
86,527,3,2
86,528,3,2
86,529,3,2
86,530,3,2
86,531,3,2
86,532,3,2
86,533,3,2
86,534,3,2
86,535,3,2
86,536,3,2
86,537,3,2
86,538,3,2
86,539,3,2
86,540,3,2
86,541,3,2
86,542,3,2
86,543,3,2
86,544,3,2
86,545,3,2
86,546,3,2
86,547,3,2
86,548,3,2
86,549,3,2
86,550,3,2
86,551,3,2
86,552,3,2
86,553,3,2
86,554,3,2
86,555,3,2
86,556,3,2
86,557,3,2
86,558,3,2
86,559,3,2
86,560,3,2
86,561,3,2
86,562,3,2
86,563,3,2
86,564,3,2
86,565,3,2
86,566,3,2
86,567,3,2
86,568,3,2
86,569,3,2
86,570,3,2
86,571,3,2
86,572,3,2
86,573,3,2
86,574,3,2
86,575,3,2
86,576,3,2
86,577,3,2
86,578,3,2
86,579,3,2
86,580,3,2
86,581,3,2
86,582,3,2
86,583,3,2
86,584,3,2
86,585,3,2
86,586,3,2
86,587,3,2
86,588,3,2
86,589,3,2
86,590,3,2
86,591,3,2
86,592,3,2
86,593,3,2
86,594,3,2
86,595,3,2
86,596,3,2
86,597,3,2
86,598,3,2
86,599,3,2
86,600,3,2
86,601,3,2
86,602,3,2
86,603,3,2
86,604,3,2
86,605,3,2
86,606,3,2
86,607,3,2
86,608,3,2
86,609,3,2
86,610,3,2
86,611,3,2
86,612,3,2
86,613,3,2
86,614,3,2
86,615,3,2
86,616,3,2
86,617,3,2
86,618,3,2
86,619,3,2
86,620,3,2
86,621,3,2
86,622,3,2
86,623,3,2
86,624,3,2
86,625,3,2
86,626,3,2
86,627,3,2
86,628,3,3
86,629,3,3
86,630,3,3
86,631,3,3
86,632,3,3
86,633,3,3
86,634,3,3
86,635,3,3
86,636,3,3
86,637,3,3
86,638,3,3
86,639,3,3
86,640,3,3
86,641,3,3
86,642,3,3
86,643,3,3
86,644,3,3
86,645,3,2
86,646,3,2
86,647,3,2
86,648,3,2
86,649,3,2
86,650,3,2
86,657,3,2
86,658,3,2
87,285,3,2
87,287,3,2
87,288,3,2
87,289,3,2
87,290,3,2
87,291,3,2
87,292,3,2
87,293,3,2
87,294,3,2
87,295,3,2
87,296,3,3
87,297,3,3
87,298,3,3
87,299,3,3
87,300,3,3
87,301,3,3
87,302,3,2
87,303,3,2
87,304,3,2
87,305,3,2
87,306,3,2
87,307,3,2
87,308,3,2
87,309,3,2
87,310,3,2
87,311,3,2
87,312,3,2
87,313,3,2
87,314,3,2
87,315,3,2
87,316,3,2
87,317,3,2
87,318,3,2
87,319,3,2
87,320,3,2
87,321,3,2
87,322,3,2
87,323,3,2
87,324,3,2
87,325,3,2
87,326,3,2
87,327,3,2
87,328,3,2
87,329,3,2
87,330,3,2
87,331,3,2
87,332,3,2
87,333,3,2
87,334,3,2
87,335,3,2
87,336,3,2
87,337,3,2
87,338,3,2
87,339,3,2
87,340,3,2
87,341,3,2
87,342,3,2
87,343,3,2
87,344,3,2
87,345,3,2
87,346,3,2
87,347,3,2
87,348,3,2
87,349,3,2
87,350,3,2
87,351,3,2
87,352,3,2
87,353,3,2
87,354,3,2
87,355,3,2
87,356,3,2
87,357,3,2
87,358,3,2
87,359,3,2
87,360,3,2
87,361,3,2
87,362,3,2
87,363,3,2
87,364,3,2
87,365,3,2
87,366,3,2
87,367,3,2
87,368,3,2
87,369,3,2
87,370,3,2
87,371,3,2
87,372,3,2
87,373,3,2
87,374,3,2
87,375,3,2
87,376,3,2
87,377,3,2
87,378,3,2
87,379,3,2
87,380,3,2
87,381,3,2
87,382,3,2
87,383,3,2
87,384,3,2
87,385,3,2
87,386,3,2
87,387,3,2
87,388,3,2
87,389,3,2
87,390,3,2
87,391,3,2
87,392,3,2
87,393,3,2
87,394,3,2
87,395,3,2
87,396,3,2
87,397,3,2
87,398,3,2
87,399,3,2
87,400,3,2
87,401,3,2
87,402,3,2
87,403,3,2
87,404,3,2
87,405,3,2
87,406,3,2
87,407,3,2
87,408,3,2
87,409,3,2
87,410,3,2
87,411,3,2
87,412,3,2
87,413,3,2
87,414,3,2
87,415,3,2
87,416,3,2
87,417,3,2
87,418,3,2
87,419,3,2
87,420,3,2
87,421,3,2
87,422,3,2
87,423,3,2
87,424,3,2
87,425,3,2
87,426,3,2
87,427,3,2
87,428,3,2
87,429,3,2
87,430,3,2
87,431,3,2
87,432,3,2
87,433,3,2
87,434,3,2
87,435,3,2
87,436,3,2
87,437,3,2
87,438,3,2
87,439,3,2
87,440,3,2
87,441,3,2
87,442,3,2
87,443,3,2
87,444,3,2
87,445,3,2
87,446,3,2
87,447,3,2
87,448,3,2
87,449,3,2
87,450,3,2
87,451,3,2
87,452,3,2
87,453,3,2
87,454,3,2
87,455,3,2
87,456,3,2
87,457,3,2
87,458,3,2
87,459,3,2
87,460,3,2
87,461,3,2
87,462,3,2
87,463,3,2
87,464,3,2
87,465,3,2
87,466,3,2
87,467,3,2
87,468,3,2
87,469,3,2
87,470,3,2
87,471,3,2
87,472,3,2
87,473,3,2
87,474,3,2
87,475,3,2
87,476,3,2
87,477,3,2
87,478,3,2
87,479,3,2
87,480,3,2
87,481,3,2
87,482,3,2
87,483,3,2
87,484,3,2
87,485,3,2
87,486,3,2
87,487,3,2
87,488,3,2
87,489,3,2
87,490,3,2
87,491,3,2
87,492,3,2
87,493,3,2
87,494,3,2
87,495,3,2
87,496,3,2
87,497,3,2
87,498,3,2
87,499,3,2
87,500,3,2
87,501,3,2
87,502,3,2
87,503,3,2
87,504,3,2
87,505,3,2
87,506,3,2
87,507,3,2
87,508,3,2
87,509,3,2
87,510,3,2
87,511,3,2
87,512,3,2
87,513,3,2
87,514,3,2
87,515,3,2
87,516,3,2
87,517,3,2
87,518,3,2
87,519,3,2
87,520,3,2
87,521,3,2
87,522,3,2
87,523,3,2
87,524,3,2
87,525,3,2
87,526,3,2
87,527,3,2
87,528,3,2
87,529,3,2
87,530,3,2
87,531,3,2
87,532,3,2
87,533,3,2
87,534,3,2
87,535,3,2
87,536,3,2
87,537,3,2
87,538,3,2
87,539,3,2
87,540,3,2
87,541,3,2
87,542,3,2
87,543,3,2
87,544,3,2
87,545,3,2
87,546,3,2
87,547,3,2
87,548,3,2
87,549,3,2
87,550,3,2
87,551,3,2
87,552,3,2
87,553,3,2
87,554,3,2
87,555,3,2
87,556,3,2
87,557,3,2
87,558,3,2
87,559,3,2
87,560,3,2
87,561,3,2
87,562,3,2
87,563,3,2
87,564,3,2
87,565,3,2
87,566,3,2
87,567,3,2
87,568,3,2
87,569,3,2
87,570,3,2
87,571,3,2
87,572,3,2
87,573,3,2
87,574,3,2
87,575,3,2
87,576,3,2
87,577,3,2
87,578,3,2
87,579,3,2
87,580,3,2
87,581,3,2
87,582,3,2
87,583,3,2
87,584,3,2
87,585,3,2
87,586,3,2
87,587,3,2
87,588,3,2
87,589,3,2
87,590,3,2
87,591,3,2
87,592,3,2
87,593,3,2
87,594,3,2
87,595,3,2
87,596,3,2
87,597,3,2
87,598,3,2
87,599,3,2
87,600,3,2
87,601,3,2
87,602,3,2
87,603,3,2
87,604,3,2
87,605,3,2
87,606,3,2
87,607,3,2
87,608,3,2
87,609,3,2
87,610,3,2
87,611,3,2
87,612,3,2
87,613,3,2
87,614,3,2
87,615,3,2
87,616,3,2
87,617,3,2
87,618,3,2
87,619,3,2
87,620,3,2
87,621,3,2
87,622,3,2
87,623,3,2
87,624,3,2
87,625,3,2
87,626,3,2
87,627,3,2
87,628,3,2
87,629,3,3
87,630,3,3
87,631,3,3
87,632,3,3
87,633,3,3
87,634,3,3
87,635,3,3
87,636,3,3
87,637,3,3
87,638,3,3
87,639,3,3
87,640,3,3
87,641,3,3
87,642,3,3
87,643,3,3
87,644,3,3
87,645,3,3
87,646,3,2
87,647,3,2
87,648,3,2
87,649,3,2
87,650,3,2
87,651,3,2
87,652,3,2
87,653,3,2
87,658,3,2
88,285,3,2
88,286,3,2
88,287,3,2
88,288,3,2
88,289,3,2
88,290,3,2
88,291,3,2
88,292,3,2
88,293,3,2
88,294,3,3
88,295,3,3
88,296,3,3
88,297,3,3
88,298,3,3
88,299,3,3
88,300,3,3
88,301,3,3
88,302,3,2
88,303,3,2
88,304,3,2
88,305,3,2
88,306,3,2
88,307,3,2
88,308,3,2
88,309,3,2
88,310,3,2
88,311,3,2
88,312,3,2
88,313,3,2
88,314,3,2
88,315,3,2
88,316,3,2
88,317,3,2
88,318,3,2
88,319,3,2
88,320,3,2
88,321,3,2
88,322,3,2
88,323,3,2
88,324,3,2
88,325,3,2
88,326,3,2
88,327,3,2
88,328,3,2
88,329,3,2
88,330,3,2
88,331,3,2
88,332,3,2
88,333,3,2
88,334,3,2
88,335,3,2
88,336,3,2
88,337,3,2
88,338,3,2
88,339,3,2
88,340,3,2
88,341,3,2
88,342,3,2
88,343,3,2
88,344,3,2
88,345,3,2
88,346,3,2
88,347,3,2
88,348,3,2
88,349,3,2
88,350,3,2
88,351,3,2
88,352,3,2
88,353,3,2
88,354,3,2
88,355,3,2
88,356,3,2
88,357,3,2
88,358,3,2
88,359,3,2
88,360,3,2
88,361,3,2
88,362,3,2
88,363,3,2
88,364,3,2
88,365,3,2
88,366,3,2
88,367,3,2
88,368,3,2
88,369,3,2
88,370,3,2
88,371,3,2
88,372,3,2
88,373,3,2
88,374,3,2
88,375,3,2
88,376,3,2
88,377,3,2
88,378,3,2
88,379,3,2
88,380,3,2
88,381,3,2
88,382,3,2
88,383,3,2
88,384,3,2
88,385,3,2
88,386,3,2
88,387,3,2
88,388,3,2
88,389,3,2
88,390,3,2
88,391,3,2
88,392,3,2
88,393,3,2
88,394,3,2
88,395,3,2
88,396,3,2
88,397,3,2
88,398,3,2
88,399,3,2
88,400,3,2
88,401,3,2
88,402,3,2
88,403,3,2
88,404,3,2
88,405,3,2
88,406,3,2
88,407,3,2
88,408,3,2
88,409,3,2
88,410,3,2
88,411,3,2
88,412,3,2
88,413,3,2
88,414,3,2
88,415,3,2
88,416,3,2
88,417,3,2
88,418,3,2
88,419,3,2
88,420,3,2
88,421,3,2
88,422,3,2
88,423,3,2
88,424,3,2
88,425,3,2
88,426,3,2
88,427,3,2
88,428,3,2
88,429,3,2
88,430,3,2
88,431,3,2
88,432,3,2
88,433,3,2
88,434,3,2
88,435,3,2
88,436,3,2
88,437,3,2
88,438,3,2
88,439,3,2
88,440,3,2
88,441,3,2
88,442,3,2
88,443,3,2
88,444,3,2
88,445,3,2
88,446,3,2
88,447,3,2
88,448,3,2
88,449,3,2
88,450,3,2
88,451,3,2
88,452,3,2
88,453,3,2
88,454,3,2
88,455,3,2
88,456,3,2
88,457,3,2
88,458,3,2
88,459,3,2
88,460,3,2
88,461,3,2
88,462,3,2
88,463,3,2
88,464,3,2
88,465,3,2
88,466,3,2
88,467,3,2
88,468,3,2
88,469,3,2
88,470,3,2
88,471,3,2
88,472,3,2
88,473,3,2
88,474,3,2
88,475,3,2
88,476,3,2
88,477,3,2
88,478,3,2
88,479,3,2
88,480,3,2
88,481,3,2
88,482,3,2
88,483,3,2
88,484,3,2
88,485,3,2
88,486,3,2
88,487,3,2
88,488,3,2
88,489,3,2
88,490,3,2
88,491,3,2
88,492,3,2
88,493,3,2
88,494,3,2
88,495,3,2
88,496,3,2
88,497,3,2
88,498,3,2
88,499,3,2
88,500,3,2
88,501,3,2
88,502,3,2
88,503,3,2
88,504,3,2
88,505,3,2
88,506,3,2
88,507,3,2
88,508,3,2
88,509,3,2
88,510,3,2
88,511,3,2
88,512,3,2
88,513,3,2
88,514,3,2
88,515,3,2
88,516,3,2
88,517,3,2
88,518,3,2
88,519,3,2
88,520,3,2
88,521,3,2
88,522,3,2
88,523,3,2
88,524,3,2
88,525,3,2
88,526,3,2
88,527,3,2
88,528,3,2
88,529,3,2
88,530,3,2
88,531,3,2
88,532,3,2
88,533,3,2
88,534,3,2
88,535,3,2
88,536,3,2
88,537,3,2
88,538,3,2
88,539,3,2
88,540,3,2
88,541,3,2
88,542,3,2
88,543,3,2
88,544,3,2
88,545,3,2
88,546,3,2
88,547,3,2
88,548,3,2
88,549,3,2
88,550,3,2
88,551,3,2
88,552,3,2
88,553,3,2
88,554,3,2
88,555,3,2
88,556,3,2
88,557,3,2
88,558,3,2
88,559,3,2
88,560,3,2
88,561,3,2
88,562,3,2
88,563,3,2
88,564,3,2
88,565,3,2
88,566,3,2
88,567,3,2
88,568,3,2
88,569,3,2
88,570,3,2
88,571,3,2
88,572,3,2
88,573,3,2
88,574,3,2
88,575,3,2
88,576,3,2
88,577,3,2
88,578,3,2
88,579,3,2
88,580,3,2
88,581,3,2
88,582,3,2
88,583,3,2
88,584,3,2
88,585,3,2
88,586,3,2
88,587,3,2
88,588,3,2
88,589,3,2
88,590,3,2
88,591,3,2
88,592,3,2
88,593,3,2
88,594,3,2
88,595,3,2
88,596,3,2
88,597,3,2
88,598,3,2
88,599,3,2
88,600,3,2
88,601,3,2
88,602,3,2
88,603,3,2
88,604,3,2
88,605,3,2
88,606,3,2
88,607,3,2
88,608,3,2
88,609,3,2
88,610,3,2
88,611,3,2
88,612,3,2
88,613,3,2
88,614,3,2
88,615,3,2
88,616,3,2
88,617,3,2
88,618,3,2
88,619,3,2
88,620,3,2
88,621,3,2
88,622,3,2
88,623,3,2
88,624,3,2
88,625,3,2
88,626,3,2
88,627,3,2
88,628,3,2
88,629,3,2
88,630,3,3
88,631,3,3
88,632,3,3
88,633,3,3
88,634,3,3
88,635,3,3
88,636,3,3
88,637,3,3
88,638,3,3
88,639,3,3
88,640,3,3
88,641,3,3
88,642,3,3
88,643,3,3
88,644,3,3
88,645,3,2
88,646,3,2
88,647,3,2
88,648,3,2
88,649,3,2
88,650,3,2
88,651,3,2
88,652,3,2
88,653,3,2
88,654,3,2
88,655,3,2
88,657,3,2
88,658,3,2
89,282,3,2
89,283,3,2
89,284,3,2
89,285,3,2
89,286,3,2
89,287,3,2
89,288,3,2
89,289,3,2
89,290,3,2
89,291,3,2
89,292,3,2
89,293,3,3
89,294,3,3
89,295,3,3
89,296,3,3
89,297,3,3
89,298,3,3
89,299,3,3
89,300,3,3
89,301,3,3
89,302,3,2
89,303,3,2
89,304,3,2
89,305,3,2
89,306,3,2
89,307,3,2
89,308,3,2
89,309,3,2
89,310,3,2
89,311,3,2
89,312,3,2
89,313,3,2
89,314,3,2
89,315,3,2
89,316,3,2
89,317,3,2
89,318,3,2
89,319,3,2
89,320,3,2
89,321,3,2
89,322,3,2
89,323,3,2
89,324,3,2
89,325,3,2
89,326,3,2
89,327,3,2
89,328,3,2
89,329,3,2
89,330,3,2
89,331,3,2
89,332,3,2
89,333,3,2
89,334,3,2
89,335,3,2
89,336,3,2
89,337,3,2
89,338,3,2
89,339,3,2
89,340,3,2
89,341,3,2
89,342,3,2
89,343,3,2
89,344,3,2
89,345,3,2
89,346,3,2
89,347,3,2
89,348,3,2
89,349,3,2
89,350,3,2
89,351,3,2
89,352,3,2
89,353,3,2
89,354,3,2
89,355,3,2
89,356,3,2
89,357,3,2
89,358,3,2
89,359,3,2
89,360,3,2
89,361,3,2
89,362,3,2
89,363,3,2
89,364,3,2
89,365,3,2
89,366,3,2
89,367,3,2
89,368,3,2
89,369,3,2
89,370,3,2
89,371,3,2
89,372,3,2
89,373,3,2
89,374,3,2
89,375,3,2
89,376,3,2
89,377,3,2
89,378,3,2
89,379,3,2
89,380,3,2
89,381,3,2
89,382,3,2
89,383,3,2
89,384,3,2
89,385,3,2
89,386,3,2
89,387,3,2
89,388,3,2
89,389,3,2
89,390,3,2
89,391,3,2
89,392,3,2
89,393,3,2
89,394,3,2
89,395,3,2
89,396,3,2
89,397,3,2
89,398,3,2
89,399,3,2
89,400,3,2
89,401,3,2
89,402,3,2
89,403,3,2
89,404,3,2
89,405,3,2
89,406,3,2
89,407,3,2
89,408,3,2
89,409,3,2
89,410,3,2
89,411,3,2
89,412,3,2
89,413,3,2
89,414,3,2
89,415,3,2
89,416,3,2
89,417,3,2
89,418,3,2
89,419,3,2
89,420,3,2
89,421,3,2
89,422,3,2
89,423,3,2
89,424,3,2
89,425,3,2
89,426,3,2
89,427,3,2
89,428,3,2
89,429,3,2
89,430,3,2
89,431,3,2
89,432,3,2
89,433,3,2
89,434,3,2
89,435,3,2
89,436,3,2
89,437,3,2
89,438,3,2
89,439,3,2
89,440,3,2
89,441,3,2
89,442,3,2
89,443,3,2
89,444,3,2
89,445,3,2
89,446,3,2
89,447,3,2
89,448,3,2
89,449,3,2
89,450,3,2
89,451,3,2
89,452,3,2
89,453,3,2
89,454,3,2
89,455,3,2
89,456,3,2
89,457,3,2
89,458,3,2
89,459,3,2
89,460,3,2
89,461,3,2
89,462,3,2
89,463,3,2
89,464,3,2
89,465,3,2
89,466,3,2
89,467,3,2
89,468,3,2
89,469,3,2
89,470,3,2
89,471,3,2
89,472,3,2
89,473,3,2
89,474,3,2
89,475,3,2
89,476,3,2
89,477,3,2
89,478,3,2
89,479,3,2
89,480,3,2
89,481,3,2
89,482,3,2
89,483,3,2
89,484,3,2
89,485,3,2
89,486,3,2
89,487,3,2
89,488,3,2
89,489,3,2
89,490,3,2
89,491,3,2
89,492,3,2
89,493,3,2
89,494,3,2
89,495,3,2
89,496,3,2
89,497,3,2
89,498,3,2
89,499,3,2
89,500,3,2
89,501,3,2
89,502,3,2
89,503,3,2
89,504,3,2
89,505,3,2
89,506,3,2
89,507,3,2
89,508,3,2
89,509,3,2
89,510,3,2
89,511,3,2
89,512,3,2
89,513,3,2
89,514,3,2
89,515,3,2
89,516,3,2
89,517,3,2
89,518,3,2
89,519,3,2
89,520,3,2
89,521,3,2
89,522,3,2
89,523,3,2
89,524,3,2
89,525,3,2
89,526,3,2
89,527,3,2
89,528,3,2
89,529,3,2
89,530,3,2
89,531,3,2
89,532,3,2
89,533,3,2
89,534,3,2
89,535,3,2
89,536,3,2
89,537,3,2
89,538,3,2
89,539,3,2
89,540,3,2
89,541,3,2
89,542,3,2
89,543,3,2
89,544,3,2
89,545,3,2
89,546,3,2
89,547,3,2
89,548,3,2
89,549,3,2
89,550,3,2
89,551,3,2
89,552,3,2
89,553,3,2
89,554,3,2
89,555,3,2
89,556,3,2
89,557,3,2
89,558,3,2
89,559,3,2
89,560,3,2
89,561,3,2
89,562,3,2
89,563,3,2
89,564,3,2
89,565,3,2
89,566,3,2
89,567,3,2
89,568,3,2
89,569,3,2
89,570,3,2
89,571,3,2
89,572,3,2
89,573,3,2
89,574,3,2
89,575,3,2
89,576,3,2
89,577,3,2
89,578,3,2
89,579,3,2
89,580,3,2
89,581,3,2
89,582,3,2
89,583,3,2
89,584,3,2
89,585,3,2
89,586,3,2
89,587,3,2
89,588,3,2
89,589,3,2
89,590,3,2
89,591,3,2
89,592,3,2
89,593,3,2
89,594,3,2
89,595,3,2
89,596,3,2
89,597,3,2
89,598,3,2
89,599,3,2
89,600,3,2
89,601,3,2
89,602,3,2
89,603,3,2
89,604,3,2
89,605,3,2
89,606,3,2
89,607,3,2
89,608,3,2
89,609,3,2
89,610,3,2
89,611,3,2
89,612,3,2
89,613,3,2
89,614,3,2
89,615,3,2
89,616,3,2
89,617,3,2
89,618,3,2
89,619,3,2
89,620,3,2
89,621,3,2
89,622,3,2
89,623,3,2
89,624,3,2
89,625,3,2
89,626,3,2
89,627,3,2
89,628,3,2
89,629,3,2
89,630,3,2
89,631,3,3
89,632,3,3
89,633,3,3
89,634,3,3
89,635,3,3
89,636,3,3
89,637,3,3
89,638,3,3
89,639,3,3
89,640,3,3
89,641,3,3
89,642,3,3
89,643,3,3
89,644,3,3
89,645,3,2
89,646,3,2
89,647,3,2
89,648,3,2
89,649,3,2
89,650,3,2
89,651,3,2
89,652,3,2
89,653,3,2
89,654,3,2
89,655,3,2
89,656,3,2
89,657,3,2
90,280,3,2
90,281,3,2
90,282,3,2
90,283,3,2
90,284,3,2
90,285,3,2
90,286,3,2
90,287,3,2
90,288,3,2
90,289,3,2
90,290,3,3
90,291,3,3
90,292,3,3
90,293,3,3
90,294,3,3
90,295,3,3
90,296,3,3
90,297,3,3
90,298,3,3
90,299,3,3
90,300,3,3
90,301,3,2
90,302,3,2
90,303,3,2
90,304,3,2
90,305,3,2
90,306,3,2
90,307,3,2
90,308,3,2
90,309,3,2
90,310,3,2
90,311,3,2
90,312,3,2
90,313,3,2
90,314,3,2
90,315,3,2
90,316,3,2
90,317,3,2
90,318,3,2
90,319,3,2
90,320,3,2
90,321,3,2
90,322,3,2
90,323,3,2
90,324,3,2
90,325,3,2
90,326,3,2
90,327,3,2
90,328,3,2
90,329,3,2
90,330,3,2
90,331,3,2
90,332,3,2
90,333,3,2
90,334,3,2
90,335,3,2
90,336,3,2
90,337,3,2
90,338,3,2
90,339,3,2
90,340,3,2
90,341,3,2
90,342,3,2
90,343,3,2
90,344,3,2
90,345,3,2
90,346,3,2
90,347,3,2
90,348,3,2
90,349,3,2
90,350,3,2
90,351,3,2
90,352,3,2
90,353,3,2
90,354,3,2
90,355,3,2
90,356,3,2
90,357,3,2
90,358,3,2
90,359,3,2
90,360,3,2
90,361,3,2
90,362,3,2
90,363,3,2
90,364,3,2
90,365,3,2
90,366,3,2
90,367,3,2
90,368,3,2
90,369,3,2
90,370,3,2
90,371,3,2
90,372,3,2
90,373,3,2
90,374,3,2
90,375,3,2
90,376,3,2
90,377,3,2
90,378,3,2
90,379,3,2
90,380,3,2
90,381,3,2
90,382,3,2
90,383,3,2
90,384,3,2
90,385,3,2
90,386,3,2
90,387,3,2
90,388,3,2
90,389,3,2
90,390,3,2
90,391,3,2
90,392,3,2
90,393,3,2
90,394,3,2
90,395,3,2
90,396,3,2
90,397,3,2
90,398,3,2
90,399,3,2
90,400,3,2
90,401,3,2
90,402,3,2
90,403,3,2
90,404,3,2
90,405,3,2
90,406,3,2
90,407,3,2
90,408,3,2
90,409,3,2
90,410,3,2
90,411,3,2
90,412,3,2
90,413,3,2
90,414,3,2
90,415,3,2
90,416,3,2
90,417,3,2
90,418,3,2
90,419,3,2
90,420,3,2
90,421,3,2
90,422,3,2
90,423,3,2
90,424,3,2
90,425,3,2
90,426,3,2
90,427,3,2
90,428,3,2
90,429,3,2
90,430,3,2
90,431,3,2
90,432,3,2
90,433,3,2
90,434,3,2
90,435,3,2
90,436,3,2
90,437,3,2
90,438,3,2
90,439,3,2
90,440,3,2
90,441,3,2
90,442,3,2
90,443,3,2
90,444,3,2
90,445,3,2
90,446,3,2
90,447,3,2
90,448,3,2
90,449,3,2
90,450,3,2
90,451,3,2
90,452,3,2
90,453,3,2
90,454,3,2
90,455,3,2
90,456,3,2
90,457,3,2
90,458,3,2
90,459,3,2
90,460,3,2
90,461,3,2
90,462,3,2
90,463,3,2
90,464,3,2
90,465,3,2
90,466,3,2
90,467,3,2
90,468,3,2
90,469,3,2
90,470,3,2
90,471,3,2
90,472,3,2
90,473,3,2
90,474,3,2
90,475,3,2
90,476,3,2
90,477,3,2
90,478,3,2
90,479,3,2
90,480,3,2
90,481,3,2
90,482,3,2
90,483,3,2
90,484,3,2
90,485,3,2
90,486,3,2
90,487,3,2
90,488,3,2
90,489,3,2
90,490,3,2
90,491,3,2
90,492,3,2
90,493,3,2
90,494,3,2
90,495,3,2
90,496,3,2
90,497,3,2
90,498,3,2
90,499,3,2
90,500,3,2
90,501,3,2
90,502,3,2
90,503,3,2
90,504,3,2
90,505,3,2
90,506,3,2
90,507,3,2
90,508,3,2
90,509,3,2
90,510,3,2
90,511,3,2
90,512,3,2
90,513,3,2
90,514,3,2
90,515,3,2
90,516,3,2
90,517,3,2
90,518,3,2
90,519,3,2
90,520,3,2
90,521,3,2
90,522,3,2
90,523,3,2
90,524,3,2
90,525,3,2
90,526,3,2
90,527,3,2
90,528,3,2
90,529,3,2
90,530,3,2
90,531,3,2
90,532,3,2
90,533,3,2
90,534,3,2
90,535,3,2
90,536,3,2
90,537,3,2
90,538,3,2
90,539,3,2
90,540,3,2
90,541,3,2
90,542,3,2
90,543,3,2
90,544,3,2
90,545,3,2
90,546,3,2
90,547,3,2
90,548,3,2
90,549,3,2
90,550,3,2
90,551,3,2
90,552,3,2
90,553,3,2
90,554,3,2
90,555,3,2
90,556,3,2
90,557,3,2
90,558,3,2
90,559,3,2
90,560,3,2
90,561,3,2
90,562,3,2
90,563,3,2
90,564,3,2
90,565,3,2
90,566,3,2
90,567,3,2
90,568,3,2
90,569,3,2
90,570,3,2
90,571,3,2
90,572,3,2
90,573,3,2
90,574,3,2
90,575,3,2
90,576,3,2
90,577,3,2
90,578,3,2
90,579,3,2
90,580,3,2
90,581,3,2
90,582,3,2
90,583,3,2
90,584,3,2
90,585,3,2
90,586,3,2
90,587,3,2
90,588,3,2
90,589,3,2
90,590,3,2
90,591,3,2
90,592,3,2
90,593,3,2
90,594,3,2
90,595,3,2
90,596,3,2
90,597,3,2
90,598,3,2
90,599,3,2
90,600,3,2
90,601,3,2
90,602,3,2
90,603,3,2
90,604,3,2
90,605,3,2
90,606,3,2
90,607,3,2
90,608,3,2
90,609,3,2
90,610,3,2
90,611,3,2
90,612,3,2
90,613,3,2
90,614,3,2
90,615,3,2
90,616,3,2
90,617,3,2
90,618,3,2
90,619,3,2
90,620,3,2
90,621,3,2
90,622,3,2
90,623,3,2
90,624,3,2
90,625,3,2
90,626,3,2
90,627,3,2
90,628,3,2
90,629,3,2
90,630,3,2
90,631,3,2
90,632,3,3
90,633,3,3
90,634,3,3
90,635,3,3
90,636,3,3
90,637,3,3
90,638,3,3
90,639,3,3
90,640,3,3
90,641,3,3
90,642,3,3
90,643,3,3
90,644,3,2
90,645,3,2
90,646,3,2
90,647,3,2
90,648,3,2
90,649,3,2
90,650,3,2
90,651,3,2
90,652,3,2
90,653,3,2
90,654,3,2
90,655,3,2
90,656,3,2
90,657,3,2
90,658,3,2
90,659,3,2
90,666,3,2
90,667,3,2
90,668,3,2
90,669,3,2
91,277,3,2
91,278,3,2
91,279,3,2
91,280,3,2
91,281,3,2
91,282,3,2
91,283,3,2
91,284,3,2
91,285,3,2
91,286,3,2
91,287,3,2
91,288,3,2
91,289,3,3
91,290,3,3
91,291,3,3
91,292,3,3
91,293,3,3
91,294,3,3
91,295,3,3
91,296,3,3
91,297,3,3
91,298,3,3
91,299,3,3
91,300,3,3
91,301,3,2
91,302,3,2
91,303,3,2
91,304,3,2
91,305,3,2
91,306,3,2
91,307,3,2
91,308,3,2
91,309,3,2
91,310,3,2
91,311,3,2
91,312,3,2
91,313,3,2
91,314,3,2
91,315,3,2
91,316,3,2
91,317,3,2
91,318,3,2
91,319,3,2
91,320,3,2
91,321,3,2
91,322,3,2
91,323,3,2
91,324,3,2
91,325,3,2
91,326,3,2
91,327,3,2
91,328,3,2
91,329,3,2
91,330,3,2
91,331,3,2
91,332,3,2
91,333,3,2
91,334,3,2
91,335,3,2
91,336,3,2
91,337,3,2
91,338,3,2
91,339,3,2
91,340,3,2
91,341,3,2
91,342,3,2
91,343,3,2
91,344,3,2
91,345,3,2
91,346,3,2
91,347,3,2
91,348,3,2
91,349,3,2
91,350,3,2
91,351,3,2
91,352,3,2
91,353,3,2
91,354,3,2
91,355,3,2
91,356,3,2
91,357,3,2
91,358,3,2
91,359,3,2
91,360,3,2
91,361,3,2
91,362,3,2
91,363,3,2
91,364,3,2
91,365,3,2
91,366,3,2
91,367,3,2
91,368,3,2
91,369,3,2
91,370,3,2
91,371,3,2
91,372,3,2
91,373,3,2
91,374,3,2
91,375,3,2
91,376,3,2
91,377,3,2
91,378,3,2
91,379,3,2
91,380,3,2
91,381,3,2
91,382,3,2
91,383,3,2
91,384,3,2
91,385,3,2
91,386,3,2
91,387,3,2
91,388,3,2
91,389,3,2
91,390,3,2
91,391,3,2
91,392,3,2
91,393,3,2
91,394,3,2
91,395,3,2
91,396,3,2
91,397,3,2
91,398,3,2
91,399,3,2
91,400,3,2
91,401,3,2
91,402,3,2
91,403,3,2
91,404,3,2
91,405,3,2
91,406,3,2
91,407,3,2
91,408,3,2
91,409,3,2
91,410,3,2
91,411,3,2
91,412,3,2
91,413,3,2
91,414,3,2
91,415,3,2
91,416,3,2
91,417,3,2
91,418,3,2
91,419,3,2
91,420,3,2
91,421,3,2
91,422,3,2
91,423,3,2
91,424,3,2
91,425,3,2
91,426,3,2
91,427,3,2
91,428,3,2
91,429,3,2
91,430,3,2
91,431,3,2
91,432,3,2
91,433,3,2
91,434,3,2
91,435,3,2
91,436,3,2
91,437,3,2
91,438,3,2
91,439,3,2
91,440,3,2
91,441,3,2
91,442,3,2
91,443,3,2
91,444,3,2
91,445,3,2
91,446,3,2
91,447,3,2
91,448,3,2
91,449,3,2
91,450,3,2
91,451,3,2
91,452,3,2
91,453,3,2
91,454,3,2
91,455,3,2
91,456,3,2
91,457,3,2
91,458,3,2
91,459,3,2
91,460,3,2
91,461,3,2
91,462,3,2
91,463,3,2
91,464,3,2
91,465,3,2
91,466,3,2
91,467,3,2
91,468,3,2
91,469,3,2
91,470,3,2
91,471,3,2
91,472,3,2
91,473,3,2
91,474,3,2
91,475,3,2
91,476,3,2
91,477,3,2
91,478,3,2
91,479,3,2
91,480,3,2
91,481,3,2
91,482,3,2
91,483,3,2
91,484,3,2
91,485,3,2
91,486,3,2
91,487,3,2
91,488,3,2
91,489,3,2
91,490,3,2
91,491,3,2
91,492,3,2
91,493,3,2
91,494,3,2
91,495,3,2
91,496,3,2
91,497,3,2
91,498,3,2
91,499,3,2
91,500,3,2
91,501,3,2
91,502,3,2
91,503,3,2
91,504,3,2
91,505,3,2
91,506,3,2
91,507,3,2
91,508,3,2
91,509,3,2
91,510,3,2
91,511,3,2
91,512,3,2
91,513,3,2
91,514,3,2
91,515,3,2
91,516,3,2
91,517,3,2
91,518,3,2
91,519,3,2
91,520,3,2
91,521,3,2
91,522,3,2
91,523,3,2
91,524,3,2
91,525,3,2
91,526,3,2
91,527,3,2
91,528,3,2
91,529,3,2
91,530,3,2
91,531,3,2
91,532,3,2
91,533,3,2
91,534,3,2
91,535,3,2
91,536,3,2
91,537,3,2
91,538,3,2
91,539,3,2
91,540,3,2
91,541,3,2
91,542,3,2
91,543,3,2
91,544,3,2
91,545,3,2
91,546,3,2
91,547,3,2
91,548,3,2
91,549,3,2
91,550,3,2
91,551,3,2
91,552,3,2
91,553,3,2
91,554,3,2
91,555,3,2
91,556,3,2
91,557,3,2
91,558,3,2
91,559,3,2
91,560,3,2
91,561,3,2
91,562,3,2
91,563,3,2
91,564,3,2
91,565,3,2
91,566,3,2
91,567,3,2
91,568,3,2
91,569,3,2
91,570,3,2
91,571,3,2
91,572,3,2
91,573,3,2
91,574,3,2
91,575,3,2
91,576,3,2
91,577,3,2
91,578,3,2
91,579,3,2
91,580,3,2
91,581,3,2
91,582,3,2
91,583,3,2
91,584,3,2
91,585,3,2
91,586,3,2
91,587,3,2
91,588,3,2
91,589,3,2
91,590,3,2
91,591,3,2
91,592,3,2
91,593,3,2
91,594,3,2
91,595,3,2
91,596,3,2
91,597,3,2
91,598,3,2
91,599,3,2
91,600,3,2
91,601,3,2
91,602,3,2
91,603,3,2
91,604,3,2
91,605,3,2
91,606,3,2
91,607,3,2
91,608,3,2
91,609,3,2
91,610,3,2
91,611,3,2
91,612,3,2
91,613,3,2
91,614,3,2
91,615,3,2
91,616,3,2
91,617,3,2
91,618,3,2
91,619,3,2
91,620,3,2
91,621,3,2
91,622,3,2
91,623,3,2
91,624,3,2
91,625,3,2
91,626,3,2
91,627,3,2
91,628,3,2
91,629,3,2
91,630,3,2
91,631,3,2
91,632,3,2
91,633,3,2
91,634,3,2
91,635,3,3
91,636,3,3
91,637,3,3
91,638,3,3
91,639,3,3
91,640,3,3
91,641,3,3
91,642,3,3
91,643,3,2
91,644,3,2
91,645,3,2
91,646,3,2
91,647,3,2
91,648,3,2
91,649,3,2
91,650,3,2
91,651,3,2
91,652,3,2
91,653,3,2
91,654,3,2
91,655,3,2
91,656,3,2
91,657,3,2
91,658,3,2
91,659,3,2
91,660,3,2
91,661,3,2
91,662,3,2
91,665,3,2
91,666,3,2
91,667,3,2
91,668,3,2
91,669,3,2
91,670,3,2
92,276,3,2
92,277,3,2
92,278,3,2
92,279,3,2
92,280,3,2
92,281,3,2
92,282,3,2
92,283,3,2
92,284,3,2
92,285,3,2
92,286,3,2
92,287,3,2
92,288,3,2
92,289,3,3
92,290,3,3
92,291,3,3
92,292,3,3
92,293,3,3
92,294,3,3
92,295,3,3
92,296,3,3
92,297,3,3
92,298,3,3
92,299,3,2
92,300,3,2
92,301,3,2
92,302,3,2
92,303,3,2
92,304,3,2
92,305,3,2
92,306,3,2
92,307,3,2
92,308,3,2
92,309,3,2
92,310,3,2
92,311,3,2
92,312,3,2
92,313,3,2
92,314,3,2
92,315,3,2
92,316,3,2
92,317,3,2
92,318,3,2
92,319,3,2
92,320,3,2
92,321,3,2
92,322,3,2
92,323,3,2
92,324,3,2
92,325,3,2
92,326,3,2
92,327,3,2
92,328,3,2
92,329,3,2
92,330,3,2
92,331,3,2
92,332,3,2
92,333,3,2
92,334,3,2
92,335,3,2
92,336,3,2
92,337,3,2
92,338,3,2
92,339,3,2
92,340,3,2
92,341,3,2
92,342,3,2
92,343,3,2
92,344,3,2
92,345,3,2
92,346,3,2
92,347,3,2
92,348,3,2
92,349,3,2
92,350,3,2
92,351,3,2
92,352,3,2
92,353,3,2
92,354,3,2
92,355,3,2
92,356,3,2
92,357,3,2
92,358,3,2
92,359,3,2
92,360,3,2
92,361,3,2
92,362,3,2
92,363,3,2
92,364,3,2
92,365,3,2
92,366,3,2
92,367,3,2
92,368,3,2
92,369,3,2
92,370,3,2
92,371,3,2
92,372,3,2
92,373,3,2
92,374,3,2
92,375,3,2
92,376,3,2
92,377,3,2
92,378,3,2
92,379,3,2
92,380,3,2
92,381,3,2
92,382,3,2
92,383,3,2
92,384,3,2
92,385,3,2
92,386,3,2
92,387,3,2
92,388,3,2
92,389,3,2
92,390,3,2
92,391,3,2
92,392,3,2
92,393,3,2
92,394,3,2
92,395,3,2
92,396,3,2
92,397,3,2
92,398,3,2
92,399,3,2
92,400,3,2
92,401,3,2
92,402,3,2
92,403,3,2
92,404,3,2
92,405,3,2
92,406,3,2
92,407,3,2
92,408,3,2
92,409,3,2
92,410,3,2
92,411,3,2
92,412,3,2
92,413,3,2
92,414,3,2
92,415,3,2
92,416,3,2
92,417,3,2
92,418,3,2
92,419,3,2
92,420,3,2
92,421,3,2
92,422,3,2
92,423,3,2
92,424,3,2
92,425,3,2
92,426,3,2
92,427,3,2
92,428,3,2
92,429,3,2
92,430,3,2
92,431,3,2
92,432,3,2
92,433,3,2
92,434,3,2
92,435,3,2
92,436,3,2
92,437,3,2
92,438,3,2
92,439,3,2
92,440,3,2
92,441,3,2
92,442,3,2
92,443,3,2
92,444,3,2
92,445,3,2
92,446,3,2
92,447,3,2
92,448,3,2
92,449,3,2
92,450,3,2
92,451,3,2
92,452,3,2
92,453,3,2
92,454,3,2
92,455,3,2
92,456,3,2
92,457,3,2
92,458,3,2
92,459,3,2
92,460,3,2
92,461,3,2
92,462,3,2
92,463,3,2
92,464,3,2
92,465,3,2
92,466,3,2
92,467,3,2
92,468,3,2
92,469,3,2
92,470,3,2
92,471,3,2
92,472,3,2
92,473,3,2
92,474,3,2
92,475,3,2
92,476,3,2
92,477,3,2
92,478,3,2
92,479,3,2
92,480,3,2
92,481,3,2
92,482,3,2
92,483,3,2
92,484,3,2
92,485,3,2
92,486,3,2
92,487,3,2
92,488,3,2
92,489,3,2
92,490,3,2
92,491,3,2
92,492,3,2
92,493,3,2
92,494,3,2
92,495,3,2
92,496,3,2
92,497,3,2
92,498,3,2
92,499,3,2
92,500,3,2
92,501,3,2
92,502,3,2
92,503,3,2
92,504,3,2
92,505,3,2
92,506,3,2
92,507,3,2
92,508,3,2
92,509,3,2
92,510,3,2
92,511,3,2
92,512,3,2
92,513,3,2
92,514,3,2
92,515,3,2
92,516,3,2
92,517,3,2
92,518,3,2
92,519,3,2
92,520,3,2
92,521,3,2
92,522,3,2
92,523,3,2
92,524,3,2
92,525,3,2
92,526,3,2
92,527,3,2
92,528,3,2
92,529,3,2
92,530,3,2
92,531,3,2
92,532,3,2
92,533,3,2
92,534,3,2
92,535,3,2
92,536,3,2
92,537,3,2
92,538,3,2
92,539,3,2
92,540,3,2
92,541,3,2
92,542,3,2
92,543,3,2
92,544,3,2
92,545,3,2
92,546,3,2
92,547,3,2
92,548,3,2
92,549,3,2
92,550,3,2
92,551,3,2
92,552,3,2
92,553,3,2
92,554,3,2
92,555,3,2
92,556,3,2
92,557,3,2
92,558,3,2
92,559,3,2
92,560,3,2
92,561,3,2
92,562,3,2
92,563,3,2
92,564,3,2
92,565,3,2
92,566,3,2
92,567,3,2
92,568,3,2
92,569,3,2
92,570,3,2
92,571,3,2
92,572,3,2
92,573,3,2
92,574,3,2
92,575,3,2
92,576,3,2
92,577,3,2
92,578,3,2
92,579,3,2
92,580,3,2
92,581,3,2
92,582,3,2
92,583,3,2
92,584,3,2
92,585,3,2
92,586,3,2
92,587,3,2
92,588,3,2
92,589,3,2
92,590,3,2
92,591,3,2
92,592,3,2
92,593,3,2
92,594,3,2
92,595,3,2
92,596,3,2
92,597,3,2
92,598,3,2
92,599,3,2
92,600,3,2
92,601,3,2
92,602,3,2
92,603,3,2
92,604,3,2
92,605,3,2
92,606,3,2
92,607,3,2
92,608,3,2
92,609,3,2
92,610,3,2
92,611,3,2
92,612,3,2
92,613,3,2
92,614,3,2
92,615,3,2
92,616,3,2
92,617,3,2
92,618,3,2
92,619,3,2
92,620,3,2
92,621,3,2
92,622,3,2
92,623,3,2
92,624,3,2
92,625,3,2
92,626,3,2
92,627,3,2
92,628,3,2
92,629,3,2
92,630,3,2
92,631,3,2
92,632,3,2
92,633,3,2
92,634,3,2
92,635,3,2
92,636,3,2
92,637,3,2
92,638,3,2
92,639,3,2
92,640,3,2
92,641,3,2
92,642,3,2
92,643,3,2
92,644,3,2
92,645,3,2
92,646,3,2
92,647,3,2
92,648,3,2
92,649,3,2
92,650,3,2
92,651,3,2
92,652,3,2
92,653,3,2
92,654,3,2
92,655,3,2
92,656,3,2
92,657,3,2
92,658,3,2
92,659,3,2
92,660,3,2
92,661,3,2
92,662,3,2
92,663,3,2
92,664,3,2
92,665,3,2
92,666,3,2
92,667,3,2
92,668,3,2
92,669,3,2
92,670,3,2
92,671,3,2
93,270,3,2
93,271,3,2
93,272,3,2
93,274,3,2
93,275,3,2
93,276,3,2
93,277,3,2
93,278,3,2
93,279,3,2
93,280,3,2
93,281,3,2
93,282,3,2
93,283,3,2
93,284,3,2
93,285,3,2
93,286,3,2
93,287,3,3
93,288,3,3
93,289,3,3
93,290,3,3
93,291,3,3
93,292,3,3
93,293,3,3
93,294,3,3
93,295,3,3
93,296,3,3
93,297,3,2
93,298,3,2
93,299,3,2
93,300,3,2
93,301,3,2
93,302,3,2
93,303,3,2
93,304,3,2
93,305,3,2
93,306,3,2
93,307,3,2
93,308,3,2
93,309,3,2
93,310,3,2
93,311,3,2
93,312,3,2
93,313,3,2
93,314,3,2
93,315,3,2
93,316,3,2
93,317,3,2
93,318,3,2
93,319,3,2
93,320,3,2
93,321,3,2
93,322,3,2
93,323,3,2
93,324,3,2
93,325,3,2
93,326,3,2
93,327,3,2
93,328,3,2
93,329,3,2
93,330,3,2
93,331,3,2
93,332,3,2
93,333,3,2
93,334,3,2
93,335,3,2
93,336,3,2
93,337,3,2
93,338,3,2
93,339,3,2
93,340,3,2
93,341,3,2
93,342,3,2
93,343,3,2
93,344,3,2
93,345,3,2
93,346,3,2
93,347,3,2
93,348,3,2
93,349,3,2
93,350,3,2
93,351,3,2
93,352,3,2
93,353,3,2
93,354,3,2
93,355,3,2
93,356,3,2
93,357,3,2
93,358,3,2
93,359,3,2
93,360,3,2
93,361,3,2
93,362,3,2
93,363,3,2
93,364,3,2
93,365,3,2
93,366,3,2
93,367,3,2
93,368,3,2
93,369,3,2
93,370,3,2
93,371,3,2
93,372,3,2
93,373,3,2
93,374,3,2
93,375,3,2
93,376,3,2
93,377,3,2
93,378,3,2
93,379,3,2
93,380,3,2
93,381,3,2
93,382,3,2
93,383,3,2
93,384,3,2
93,385,3,2
93,386,3,2
93,387,3,2
93,388,3,2
93,389,3,2
93,390,3,2
93,391,3,2
93,392,3,2
93,393,3,2
93,394,3,2
93,395,3,2
93,396,3,2
93,397,3,2
93,398,3,2
93,399,3,2
93,400,3,2
93,401,3,2
93,402,3,2
93,403,3,2
93,404,3,2
93,405,3,2
93,406,3,2
93,407,3,2
93,408,3,2
93,409,3,2
93,410,3,2
93,411,3,2
93,412,3,2
93,413,3,2
93,414,3,2
93,415,3,2
93,416,3,2
93,417,3,2
93,418,3,2
93,419,3,2
93,420,3,2
93,421,3,2
93,422,3,2
93,423,3,2
93,424,3,2
93,425,3,2
93,426,3,2
93,427,3,2
93,428,3,2
93,429,3,2
93,430,3,2
93,431,3,2
93,432,3,2
93,433,3,2
93,434,3,2
93,435,3,2
93,436,3,2
93,437,3,2
93,438,3,2
93,439,3,2
93,440,3,2
93,441,3,2
93,442,3,2
93,443,3,2
93,444,3,2
93,445,3,2
93,446,3,2
93,447,3,2
93,448,3,2
93,449,3,2
93,450,3,2
93,451,3,2
93,452,3,2
93,453,3,2
93,454,3,2
93,455,3,2
93,456,3,2
93,457,3,2
93,458,3,2
93,459,3,2
93,460,3,2
93,461,3,2
93,462,3,2
93,463,3,2
93,464,3,2
93,465,3,2
93,466,3,2
93,467,3,2
93,468,3,2
93,469,3,2
93,470,3,2
93,471,3,2
93,472,3,2
93,473,3,2
93,474,3,2
93,475,3,2
93,476,3,2
93,477,3,2
93,478,3,2
93,479,3,2
93,480,3,2
93,481,3,2
93,482,3,2
93,483,3,2
93,484,3,2
93,485,3,2
93,486,3,2
93,487,3,2
93,488,3,2
93,489,3,2
93,490,3,2
93,491,3,2
93,492,3,2
93,493,3,2
93,494,3,2
93,495,3,2
93,496,3,2
93,497,3,2
93,498,3,2
93,499,3,2
93,500,3,2
93,501,3,2
93,502,3,2
93,503,3,2
93,504,3,2
93,505,3,2
93,506,3,2
93,507,3,2
93,508,3,2
93,509,3,2
93,510,3,2
93,511,3,2
93,512,3,2
93,513,3,2
93,514,3,2
93,515,3,2
93,516,3,2
93,517,3,2
93,518,3,2
93,519,3,2
93,520,3,2
93,521,3,2
93,522,3,2
93,523,3,2
93,524,3,2
93,525,3,2
93,526,3,2
93,527,3,2
93,528,3,2
93,529,3,2
93,530,3,2
93,531,3,2
93,532,3,2
93,533,3,2
93,534,3,2
93,535,3,2
93,536,3,2
93,537,3,2
93,538,3,2
93,539,3,2
93,540,3,2
93,541,3,2
93,542,3,2
93,543,3,2
93,544,3,2
93,545,3,2
93,546,3,2
93,547,3,2
93,548,3,2
93,549,3,2
93,550,3,2
93,551,3,2
93,552,3,2
93,553,3,2
93,554,3,2
93,555,3,2
93,556,3,2
93,557,3,2
93,558,3,2
93,559,3,2
93,560,3,2
93,561,3,2
93,562,3,2
93,563,3,2
93,564,3,2
93,565,3,2
93,566,3,2
93,567,3,2
93,568,3,2
93,569,3,2
93,570,3,2
93,571,3,2
93,572,3,2
93,573,3,2
93,574,3,2
93,575,3,2
93,576,3,2
93,577,3,2
93,578,3,2
93,579,3,2
93,580,3,2
93,581,3,2
93,582,3,2
93,583,3,2
93,584,3,2
93,585,3,2
93,586,3,2
93,587,3,2
93,588,3,2
93,589,3,2
93,590,3,2
93,591,3,2
93,592,3,2
93,593,3,2
93,594,3,2
93,595,3,2
93,596,3,2
93,597,3,2
93,598,3,2
93,599,3,2
93,600,3,2
93,601,3,2
93,602,3,2
93,603,3,2
93,604,3,2
93,605,3,2
93,606,3,2
93,607,3,2
93,608,3,2
93,609,3,2
93,610,3,2
93,611,3,2
93,612,3,2
93,613,3,2
93,614,3,2
93,615,3,2
93,616,3,2
93,617,3,2
93,618,3,2
93,619,3,2
93,620,3,2
93,621,3,2
93,622,3,2
93,623,3,2
93,624,3,2
93,625,3,2
93,626,3,2
93,627,3,2
93,628,3,2
93,629,3,2
93,630,3,2
93,631,3,2
93,632,3,2
93,633,3,2
93,634,3,2
93,635,3,2
93,636,3,2
93,637,3,2
93,638,3,2
93,639,3,2
93,640,3,2
93,641,3,2
93,642,3,2
93,643,3,2
93,644,3,2
93,645,3,2
93,646,3,2
93,647,3,2
93,648,3,2
93,649,3,2
93,650,3,2
93,651,3,2
93,652,3,2
93,653,3,2
93,654,3,2
93,655,3,2
93,656,3,2
93,657,3,2
93,658,3,2
93,659,3,2
93,660,3,2
93,661,3,2
93,662,3,2
93,663,3,2
93,664,3,2
93,665,3,2
93,666,3,2
93,667,3,2
93,668,3,2
93,669,3,2
93,670,3,2
94,269,3,2
94,270,3,2
94,271,3,2
94,272,3,2
94,273,3,2
94,274,3,2
94,275,3,2
94,276,3,2
94,277,3,2
94,278,3,2
94,279,3,2
94,280,3,2
94,281,3,2
94,282,3,2
94,283,3,2
94,284,3,2
94,285,3,2
94,286,3,3
94,287,3,3
94,288,3,3
94,289,3,3
94,290,3,3
94,291,3,3
94,292,3,3
94,293,3,3
94,294,3,3
94,295,3,3
94,296,3,2
94,297,3,2
94,298,3,2
94,299,3,2
94,300,3,2
94,301,3,2
94,302,3,2
94,303,3,2
94,304,3,2
94,305,3,2
94,306,3,2
94,307,3,2
94,308,3,2
94,309,3,2
94,310,3,2
94,311,3,2
94,312,3,2
94,313,3,2
94,314,3,2
94,315,3,2
94,316,3,2
94,317,3,2
94,318,3,2
94,319,3,2
94,320,3,2
94,321,3,2
94,322,3,2
94,323,3,2
94,324,3,2
94,325,3,2
94,326,3,2
94,327,3,2
94,328,3,2
94,329,3,2
94,330,3,2
94,331,3,2
94,332,3,2
94,333,3,2
94,334,3,2
94,335,3,2
94,336,3,2
94,337,3,2
94,338,3,2
94,339,3,2
94,340,3,2
94,341,3,2
94,342,3,2
94,343,3,2
94,344,3,2
94,345,3,2
94,346,3,2
94,347,3,2
94,348,3,2
94,349,3,2
94,350,3,2
94,351,3,2
94,352,3,2
94,353,3,2
94,354,3,2
94,355,3,2
94,356,3,2
94,357,3,2
94,358,3,2
94,359,3,2
94,360,3,2
94,361,3,2
94,362,3,2
94,363,3,2
94,364,3,2
94,365,3,2
94,366,3,2
94,367,3,2
94,368,3,2
94,369,3,2
94,370,3,2
94,371,3,2
94,372,3,2
94,373,3,2
94,374,3,2
94,375,3,2
94,376,3,2
94,377,3,2
94,378,3,2
94,379,3,2
94,380,3,2
94,381,3,2
94,382,3,2
94,383,3,2
94,384,3,2
94,385,3,2
94,386,3,2
94,387,3,2
94,388,3,2
94,389,3,2
94,390,3,2
94,391,3,2
94,392,3,2
94,393,3,2
94,394,3,2
94,395,3,2
94,396,3,2
94,397,3,2
94,398,3,2
94,399,3,2
94,400,3,2
94,401,3,2
94,402,3,2
94,403,3,2
94,404,3,2
94,405,3,2
94,406,3,2
94,407,3,2
94,408,3,2
94,409,3,2
94,410,3,2
94,411,3,2
94,412,3,2
94,413,3,2
94,414,3,2
94,415,3,2
94,416,3,2
94,417,3,2
94,418,3,2
94,419,3,2
94,420,3,2
94,421,3,2
94,422,3,2
94,423,3,2
94,424,3,2
94,425,3,2
94,426,3,2
94,427,3,2
94,428,3,2
94,429,3,2
94,430,3,2
94,431,3,2
94,432,3,2
94,433,3,2
94,434,3,2
94,435,3,2
94,436,3,2
94,437,3,2
94,438,3,2
94,439,3,2
94,440,3,2
94,441,3,2
94,442,3,2
94,443,3,2
94,444,3,2
94,445,3,2
94,446,3,2
94,447,3,2
94,448,3,2
94,449,3,2
94,450,3,2
94,451,3,2
94,452,3,2
94,453,3,2
94,454,3,2
94,455,3,2
94,456,3,2
94,457,3,2
94,458,3,2
94,459,3,2
94,460,3,2
94,461,3,2
94,462,3,2
94,463,3,2
94,464,3,2
94,465,3,2
94,466,3,2
94,467,3,2
94,468,3,2
94,469,3,2
94,470,3,2
94,471,3,2
94,472,3,2
94,473,3,2
94,474,3,2
94,475,3,2
94,476,3,2
94,477,3,2
94,478,3,2
94,479,3,2
94,480,3,2
94,481,3,2
94,482,3,2
94,483,3,2
94,484,3,2
94,485,3,2
94,486,3,2
94,487,3,2
94,488,3,2
94,489,3,2
94,490,3,2
94,491,3,2
94,492,3,2
94,493,3,2
94,494,3,2
94,495,3,2
94,496,3,2
94,497,3,2
94,498,3,2
94,499,3,2
94,500,3,2
94,501,3,2
94,502,3,2
94,503,3,2
94,504,3,2
94,505,3,2
94,506,3,2
94,507,3,2
94,508,3,2
94,509,3,2
94,510,3,2
94,511,3,2
94,512,3,2
94,513,3,2
94,514,3,2
94,515,3,2
94,516,3,2
94,517,3,2
94,518,3,2
94,519,3,2
94,520,3,2
94,521,3,2
94,522,3,2
94,523,3,2
94,524,3,2
94,525,3,2
94,526,3,2
94,527,3,2
94,528,3,2
94,529,3,2
94,530,3,2
94,531,3,2
94,532,3,2
94,533,3,2
94,534,3,2
94,535,3,2
94,536,3,2
94,537,3,2
94,538,3,2
94,539,3,2
94,540,3,2
94,541,3,2
94,542,3,2
94,543,3,2
94,544,3,2
94,545,3,2
94,546,3,2
94,547,3,2
94,548,3,2
94,549,3,2
94,550,3,2
94,551,3,2
94,552,3,2
94,553,3,2
94,554,3,2
94,555,3,2
94,556,3,2
94,557,3,2
94,558,3,2
94,559,3,2
94,560,3,2
94,561,3,2
94,562,3,2
94,563,3,2
94,564,3,2
94,565,3,2
94,566,3,2
94,567,3,2
94,568,3,2
94,569,3,2
94,570,3,2
94,571,3,2
94,572,3,2
94,573,3,2
94,574,3,2
94,575,3,2
94,576,3,2
94,577,3,2
94,578,3,2
94,579,3,2
94,580,3,2
94,581,3,2
94,582,3,2
94,583,3,2
94,584,3,2
94,585,3,2
94,586,3,2
94,587,3,2
94,588,3,2
94,589,3,2
94,590,3,2
94,591,3,2
94,592,3,2
94,593,3,2
94,594,3,2
94,595,3,2
94,596,3,2
94,597,3,2
94,598,3,2
94,599,3,2
94,600,3,2
94,601,3,2
94,602,3,2
94,603,3,2
94,604,3,2
94,605,3,2
94,606,3,2
94,607,3,2
94,608,3,2
94,609,3,2
94,610,3,2
94,611,3,2
94,612,3,2
94,613,3,2
94,614,3,2
94,615,3,2
94,616,3,2
94,617,3,2
94,618,3,2
94,619,3,2
94,620,3,2
94,621,3,2
94,622,3,2
94,623,3,2
94,624,3,2
94,625,3,2
94,626,3,2
94,627,3,2
94,628,3,2
94,629,3,2
94,630,3,2
94,631,3,2
94,632,3,2
94,633,3,2
94,634,3,2
94,635,3,2
94,636,3,2
94,637,3,2
94,638,3,2
94,639,3,2
94,640,3,2
94,641,3,2
94,642,3,2
94,643,3,2
94,644,3,2
94,645,3,2
94,646,3,2
94,647,3,2
94,648,3,2
94,649,3,2
94,650,3,2
94,651,3,2
94,652,3,2
94,653,3,2
94,654,3,2
94,655,3,2
94,656,3,2
94,657,3,2
94,658,3,2
94,659,3,2
94,660,3,2
94,661,3,2
94,662,3,2
94,663,3,2
94,664,3,2
94,665,3,2
94,666,3,2
94,667,3,2
94,668,3,2
94,669,3,2
94,670,3,2
95,269,3,2
95,270,3,2
95,271,3,2
95,272,3,2
95,273,3,2
95,274,3,2
95,275,3,2
95,276,3,2
95,277,3,2
95,278,3,2
95,279,3,2
95,280,3,2
95,281,3,2
95,282,3,2
95,283,3,2
95,284,3,2
95,285,3,2
95,286,3,3
95,287,3,3
95,288,3,3
95,289,3,3
95,290,3,3
95,291,3,3
95,292,3,3
95,293,3,3
95,294,3,2
95,295,3,2
95,296,3,2
95,297,3,2
95,298,3,2
95,299,3,2
95,300,3,2
95,301,3,2
95,302,3,2
95,303,3,2
95,304,3,2
95,305,3,2
95,306,3,2
95,307,3,2
95,308,3,2
95,309,3,2
95,310,3,2
95,311,3,2
95,312,3,2
95,313,3,2
95,314,3,2
95,315,3,2
95,316,3,2
95,317,3,2
95,318,3,2
95,319,3,2
95,320,3,2
95,321,3,2
95,322,3,2
95,323,3,2
95,324,3,2
95,325,3,2
95,326,3,2
95,327,3,2
95,328,3,2
95,329,3,2
95,330,3,2
95,331,3,2
95,332,3,2
95,333,3,2
95,334,3,2
95,335,3,2
95,336,3,2
95,337,3,2
95,338,3,2
95,339,3,2
95,340,3,2
95,341,3,2
95,342,3,2
95,343,3,2
95,344,3,2
95,345,3,2
95,346,3,2
95,347,3,2
95,348,3,2
95,349,3,2
95,350,3,2
95,351,3,2
95,352,3,2
95,353,3,2
95,354,3,2
95,355,3,2
95,356,3,2
95,357,3,2
95,358,3,2
95,359,3,2
95,360,3,2
95,361,3,2
95,362,3,2
95,363,3,2
95,364,3,2
95,365,3,2
95,366,3,2
95,367,3,2
95,368,3,2
95,369,3,2
95,370,3,2
95,371,3,2
95,372,3,2
95,373,3,2
95,374,3,2
95,375,3,2
95,376,3,2
95,377,3,2
95,378,3,2
95,379,3,2
95,380,3,2
95,381,3,2
95,382,3,2
95,383,3,2
95,384,3,2
95,385,3,2
95,386,3,2
95,387,3,2
95,388,3,2
95,389,3,2
95,390,3,2
95,391,3,2
95,392,3,2
95,393,3,2
95,394,3,2
95,395,3,2
95,396,3,2
95,397,3,2
95,398,3,2
95,399,3,2
95,400,3,2
95,401,3,2
95,402,3,2
95,403,3,2
95,404,3,2
95,405,3,2
95,406,3,2
95,407,3,2
95,408,3,2
95,409,3,2
95,410,3,2
95,411,3,2
95,412,3,2
95,413,3,2
95,414,3,2
95,415,3,2
95,416,3,2
95,417,3,2
95,418,3,2
95,419,3,2
95,420,3,2
95,421,3,2
95,422,3,2
95,423,3,2
95,424,3,2
95,425,3,2
95,426,3,2
95,427,3,2
95,428,3,2
95,429,3,2
95,430,3,2
95,431,3,2
95,432,3,2
95,433,3,2
95,434,3,2
95,435,3,2
95,436,3,2
95,437,3,2
95,438,3,2
95,439,3,2
95,440,3,2
95,441,3,2
95,442,3,2
95,443,3,2
95,444,3,2
95,445,3,2
95,446,3,2
95,447,3,2
95,448,3,2
95,449,3,2
95,450,3,2
95,451,3,2
95,452,3,2
95,453,3,2
95,454,3,2
95,455,3,2
95,456,3,2
95,457,3,2
95,458,3,2
95,459,3,2
95,460,3,2
95,461,3,2
95,462,3,2
95,463,3,2
95,464,3,2
95,465,3,2
95,466,3,2
95,467,3,2
95,468,3,2
95,469,3,2
95,470,3,2
95,471,3,2
95,472,3,2
95,473,3,2
95,474,3,2
95,475,3,2
95,476,3,2
95,477,3,2
95,478,3,2
95,479,3,2
95,480,3,2
95,481,3,2
95,482,3,2
95,483,3,2
95,484,3,2
95,485,3,2
95,486,3,2
95,487,3,2
95,488,3,2
95,489,3,2
95,490,3,2
95,491,3,2
95,492,3,2
95,493,3,2
95,494,3,2
95,495,3,2
95,496,3,2
95,497,3,2
95,498,3,2
95,499,3,2
95,500,3,2
95,501,3,2
95,502,3,2
95,503,3,2
95,504,3,2
95,505,3,2
95,506,3,2
95,507,3,2
95,508,3,2
95,509,3,2
95,510,3,2
95,511,3,2
95,512,3,2
95,513,3,2
95,514,3,2
95,515,3,2
95,516,3,2
95,517,3,2
95,518,3,2
95,519,3,2
95,520,3,2
95,521,3,2
95,522,3,2
95,523,3,2
95,524,3,2
95,525,3,2
95,526,3,2
95,527,3,2
95,528,3,2
95,529,3,2
95,530,3,2
95,531,3,2
95,532,3,2
95,533,3,2
95,534,3,2
95,535,3,2
95,536,3,2
95,537,3,2
95,538,3,2
95,539,3,2
95,540,3,2
95,541,3,2
95,542,3,2
95,543,3,2
95,544,3,2
95,545,3,2
95,546,3,2
95,547,3,2
95,548,3,2
95,549,3,2
95,550,3,2
95,551,3,2
95,552,3,2
95,553,3,2
95,554,3,2
95,555,3,2
95,556,3,2
95,557,3,2
95,558,3,2
95,559,3,2
95,560,3,2
95,561,3,2
95,562,3,2
95,563,3,2
95,564,3,2
95,565,3,2
95,566,3,2
95,567,3,2
95,568,3,2
95,569,3,2
95,570,3,2
95,571,3,2
95,572,3,2
95,573,3,2
95,574,3,2
95,575,3,2
95,576,3,2
95,577,3,2
95,578,3,2
95,579,3,2
95,580,3,2
95,581,3,2
95,582,3,2
95,583,3,2
95,584,3,2
95,585,3,2
95,586,3,2
95,587,3,2
95,588,3,2
95,589,3,2
95,590,3,2
95,591,3,2
95,592,3,2
95,593,3,2
95,594,3,2
95,595,3,2
95,596,3,2
95,597,3,2
95,598,3,2
95,599,3,2
95,600,3,2
95,601,3,2
95,602,3,2
95,603,3,2
95,604,3,2
95,605,3,2
95,606,3,2
95,607,3,2
95,608,3,2
95,609,3,2
95,610,3,2
95,611,3,2
95,612,3,2
95,613,3,2
95,614,3,2
95,615,3,2
95,616,3,2
95,617,3,2
95,618,3,2
95,619,3,2
95,620,3,2
95,621,3,2
95,622,3,2
95,623,3,2
95,624,3,2
95,625,3,2
95,626,3,2
95,627,3,2
95,628,3,2
95,629,3,2
95,630,3,2
95,631,3,2
95,632,3,2
95,633,3,2
95,634,3,2
95,635,3,2
95,636,3,2
95,637,3,2
95,638,3,2
95,639,3,2
95,640,3,2
95,641,3,2
95,642,3,2
95,643,3,2
95,644,3,2
95,645,3,2
95,646,3,2
95,647,3,2
95,648,3,2
95,649,3,2
95,650,3,2
95,651,3,2
95,652,3,2
95,653,3,2
95,654,3,2
95,655,3,2
95,656,3,2
95,657,3,2
95,658,3,2
95,659,3,2
95,660,3,2
95,661,3,2
95,662,3,2
95,663,3,2
95,664,3,2
95,665,3,2
95,666,3,2
95,667,3,2
95,668,3,2
95,669,3,2
95,670,3,2
96,269,3,2
96,270,3,2
96,271,3,2
96,272,3,2
96,273,3,2
96,274,3,2
96,275,3,2
96,276,3,2
96,277,3,2
96,278,3,2
96,279,3,2
96,280,3,2
96,281,3,2
96,282,3,2
96,283,3,2
96,284,3,2
96,285,3,2
96,286,3,2
96,287,3,3
96,288,3,3
96,289,3,3
96,290,3,3
96,291,3,3
96,292,3,2
96,293,3,2
96,294,3,2
96,295,3,2
96,296,3,2
96,297,3,2
96,298,3,2
96,299,3,2
96,300,3,2
96,301,3,2
96,302,3,2
96,303,3,2
96,304,3,2
96,305,3,2
96,306,3,2
96,307,3,2
96,308,3,2
96,309,3,2
96,310,3,2
96,311,3,2
96,312,3,2
96,313,3,2
96,314,3,2
96,315,3,2
96,316,3,2
96,317,3,2
96,318,3,2
96,319,3,2
96,320,3,2
96,321,3,2
96,322,3,2
96,323,3,2
96,324,3,2
96,325,3,2
96,326,3,2
96,327,3,2
96,328,3,2
96,329,3,2
96,330,3,2
96,331,3,2
96,332,3,2
96,333,3,2
96,334,3,2
96,335,3,2
96,336,3,2
96,337,3,2
96,338,3,2
96,339,3,2
96,340,3,2
96,341,3,2
96,342,3,2
96,343,3,2
96,344,3,2
96,345,3,2
96,346,3,2
96,347,3,2
96,348,3,2
96,349,3,2
96,350,3,2
96,351,3,2
96,352,3,2
96,353,3,2
96,354,3,2
96,355,3,2
96,356,3,2
96,357,3,2
96,358,3,2
96,359,3,2
96,360,3,2
96,361,3,2
96,362,3,2
96,363,3,2
96,364,3,2
96,365,3,2
96,366,3,2
96,367,3,2
96,368,3,2
96,369,3,2
96,370,3,2
96,371,3,2
96,372,3,2
96,373,3,2
96,374,3,2
96,375,3,2
96,376,3,2
96,377,3,2
96,378,3,2
96,379,3,2
96,380,3,2
96,381,3,2
96,382,3,2
96,383,3,2
96,384,3,2
96,385,3,2
96,386,3,2
96,387,3,2
96,388,3,2
96,389,3,2
96,390,3,2
96,391,3,2
96,392,3,2
96,393,3,2
96,394,3,2
96,395,3,2
96,396,3,2
96,397,3,2
96,398,3,2
96,399,3,2
96,400,3,2
96,401,3,2
96,402,3,2
96,403,3,2
96,404,3,2
96,405,3,2
96,406,3,2
96,407,3,2
96,408,3,2
96,409,3,2
96,410,3,2
96,411,3,2
96,412,3,2
96,413,3,2
96,414,3,2
96,415,3,2
96,416,3,2
96,417,3,2
96,418,3,2
96,419,3,2
96,420,3,2
96,421,3,2
96,422,3,2
96,423,3,2
96,424,3,2
96,425,3,2
96,426,3,2
96,427,3,2
96,428,3,2
96,429,3,2
96,430,3,2
96,431,3,2
96,432,3,2
96,433,3,2
96,434,3,2
96,435,3,2
96,436,3,2
96,437,3,2
96,438,3,2
96,439,3,2
96,440,3,2
96,441,3,2
96,442,3,2
96,443,3,2
96,444,3,2
96,445,3,2
96,446,3,2
96,447,3,2
96,448,3,2
96,449,3,2
96,450,3,2
96,451,3,2
96,452,3,2
96,453,3,2
96,454,3,2
96,455,3,2
96,456,3,2
96,457,3,2
96,458,3,2
96,459,3,2
96,460,3,2
96,461,3,2
96,462,3,2
96,463,3,2
96,464,3,2
96,465,3,2
96,466,3,2
96,467,3,2
96,468,3,2
96,469,3,2
96,470,3,2
96,471,3,2
96,472,3,2
96,473,3,2
96,474,3,2
96,475,3,2
96,476,3,2
96,477,3,2
96,478,3,2
96,479,3,2
96,480,3,2
96,481,3,2
96,482,3,2
96,483,3,2
96,484,3,2
96,485,3,2
96,486,3,2
96,487,3,2
96,488,3,2
96,489,3,2
96,490,3,2
96,491,3,2
96,492,3,2
96,493,3,2
96,494,3,2
96,495,3,2
96,496,3,2
96,497,3,2
96,498,3,2
96,499,3,2
96,500,3,2
96,501,3,2
96,502,3,2
96,503,3,2
96,504,3,2
96,505,3,2
96,506,3,2
96,507,3,2
96,508,3,2
96,509,3,2
96,510,3,2
96,511,3,2
96,512,3,2
96,513,3,2
96,514,3,2
96,515,3,2
96,516,3,2
96,517,3,2
96,518,3,2
96,519,3,2
96,520,3,2
96,521,3,2
96,522,3,2
96,523,3,2
96,524,3,2
96,525,3,2
96,526,3,2
96,527,3,2
96,528,3,2
96,529,3,2
96,530,3,2
96,531,3,2
96,532,3,2
96,533,3,2
96,534,3,2
96,535,3,2
96,536,3,2
96,537,3,2
96,538,3,2
96,539,3,2
96,540,3,2
96,541,3,2
96,542,3,2
96,543,3,2
96,544,3,2
96,545,3,2
96,546,3,2
96,547,3,2
96,548,3,2
96,549,3,2
96,550,3,2
96,551,3,2
96,552,3,2
96,553,3,2
96,554,3,2
96,555,3,2
96,556,3,2
96,557,3,2
96,558,3,2
96,559,3,2
96,560,3,2
96,561,3,2
96,562,3,2
96,563,3,2
96,564,3,2
96,565,3,2
96,566,3,2
96,567,3,2
96,568,3,2
96,569,3,2
96,570,3,2
96,571,3,2
96,572,3,2
96,573,3,2
96,574,3,2
96,575,3,2
96,576,3,2
96,577,3,2
96,578,3,2
96,579,3,2
96,580,3,2
96,581,3,2
96,582,3,2
96,583,3,2
96,584,3,2
96,585,3,2
96,586,3,2
96,587,3,2
96,588,3,2
96,589,3,2
96,590,3,2
96,591,3,2
96,592,3,2
96,593,3,2
96,594,3,2
96,595,3,2
96,596,3,2
96,597,3,2
96,598,3,2
96,599,3,2
96,600,3,2
96,601,3,2
96,602,3,2
96,603,3,2
96,604,3,2
96,605,3,2
96,606,3,2
96,607,3,2
96,608,3,2
96,609,3,2
96,610,3,2
96,611,3,2
96,612,3,2
96,613,3,2
96,614,3,2
96,615,3,2
96,616,3,2
96,617,3,2
96,618,3,2
96,619,3,2
96,620,3,2
96,621,3,2
96,622,3,2
96,623,3,2
96,624,3,2
96,625,3,2
96,626,3,2
96,627,3,2
96,628,3,2
96,629,3,2
96,630,3,2
96,631,3,2
96,632,3,2
96,633,3,2
96,634,3,2
96,635,3,2
96,636,3,2
96,637,3,2
96,638,3,2
96,639,3,2
96,640,3,2
96,641,3,2
96,642,3,2
96,643,3,2
96,644,3,2
96,645,3,2
96,646,3,2
96,647,3,2
96,648,3,2
96,649,3,2
96,650,3,2
96,651,3,2
96,652,3,2
96,653,3,2
96,654,3,2
96,655,3,2
96,656,3,2
96,657,3,2
96,658,3,2
96,659,3,2
96,660,3,2
96,661,3,2
96,662,3,2
96,663,3,2
96,664,3,2
96,665,3,2
96,666,3,2
96,667,3,2
96,668,3,2
96,669,3,2
96,670,3,2
97,267,3,2
97,268,3,2
97,269,3,2
97,270,3,2
97,271,3,2
97,272,3,2
97,273,3,2
97,274,3,2
97,275,3,2
97,276,3,2
97,277,3,2
97,278,3,2
97,279,3,2
97,280,3,2
97,281,3,2
97,282,3,2
97,283,3,2
97,284,3,2
97,285,3,2
97,286,3,2
97,287,3,2
97,288,3,2
97,289,3,2
97,290,3,2
97,291,3,2
97,292,3,2
97,293,3,2
97,294,3,2
97,295,3,2
97,296,3,2
97,297,3,2
97,298,3,2
97,299,3,2
97,300,3,2
97,301,3,2
97,302,3,2
97,303,3,2
97,304,3,2
97,305,3,2
97,306,3,2
97,307,3,2
97,308,3,2
97,309,3,2
97,310,3,2
97,311,3,2
97,312,3,2
97,313,3,2
97,314,3,2
97,315,3,2
97,316,3,2
97,317,3,2
97,318,3,2
97,319,3,2
97,320,3,2
97,321,3,2
97,322,3,2
97,323,3,2
97,324,3,2
97,325,3,2
97,326,3,2
97,327,3,2
97,328,3,2
97,329,3,2
97,330,3,2
97,331,3,2
97,332,3,2
97,333,3,2
97,334,3,2
97,335,3,2
97,336,3,2
97,337,3,2
97,338,3,2
97,339,3,2
97,340,3,2
97,341,3,2
97,342,3,2
97,343,3,2
97,344,3,2
97,345,3,2
97,346,3,2
97,347,3,2
97,348,3,2
97,349,3,2
97,350,3,2
97,351,3,2
97,352,3,2
97,353,3,2
97,354,3,2
97,355,3,2
97,356,3,2
97,357,3,2
97,358,3,2
97,359,3,2
97,360,3,2
97,361,3,2
97,362,3,2
97,363,3,2
97,364,3,2
97,365,3,2
97,366,3,2
97,367,3,2
97,368,3,2
97,369,3,2
97,370,3,2
97,371,3,2
97,372,3,2
97,373,3,2
97,374,3,2
97,375,3,2
97,376,3,2
97,377,3,2
97,378,3,2
97,379,3,2
97,380,3,2
97,381,3,2
97,382,3,2
97,383,3,2
97,384,3,2
97,385,3,2
97,386,3,2
97,387,3,2
97,388,3,2
97,389,3,2
97,390,3,2
97,391,3,2
97,392,3,2
97,393,3,2
97,394,3,2
97,395,3,2
97,396,3,2
97,397,3,2
97,398,3,2
97,399,3,2
97,400,3,2
97,401,3,2
97,402,3,2
97,403,3,2
97,404,3,2
97,405,3,2
97,406,3,2
97,407,3,2
97,408,3,2
97,409,3,2
97,410,3,2
97,411,3,2
97,412,3,2
97,413,3,2
97,414,3,2
97,415,3,2
97,416,3,2
97,417,3,2
97,418,3,2
97,419,3,2
97,420,3,2
97,421,3,2
97,422,3,2
97,423,3,2
97,424,3,2
97,425,3,2
97,426,3,2
97,427,3,2
97,428,3,2
97,429,3,2
97,430,3,2
97,431,3,2
97,432,3,2
97,433,3,2
97,434,3,2
97,435,3,2
97,436,3,2
97,437,3,2
97,438,3,2
97,439,3,2
97,440,3,2
97,441,3,2
97,442,3,2
97,443,3,2
97,444,3,2
97,445,3,2
97,446,3,2
97,447,3,2
97,448,3,2
97,449,3,2
97,450,3,2
97,451,3,2
97,452,3,2
97,453,3,2
97,454,3,2
97,455,3,2
97,456,3,2
97,457,3,2
97,458,3,2
97,459,3,2
97,460,3,2
97,461,3,2
97,462,3,2
97,463,3,2
97,464,3,2
97,465,3,2
97,466,3,2
97,467,3,2
97,468,3,2
97,469,3,2
97,470,3,2
97,471,3,2
97,472,3,2
97,473,3,2
97,474,3,2
97,475,3,2
97,476,3,2
97,477,3,2
97,478,3,2
97,479,3,2
97,480,3,2
97,481,3,2
97,482,3,2
97,483,3,2
97,484,3,2
97,485,3,2
97,486,3,2
97,487,3,2
97,488,3,2
97,489,3,2
97,490,3,2
97,491,3,2
97,492,3,2
97,493,3,2
97,494,3,2
97,495,3,2
97,496,3,2
97,497,3,2
97,498,3,2
97,499,3,2
97,500,3,2
97,501,3,2
97,502,3,2
97,503,3,2
97,504,3,2
97,505,3,2
97,506,3,2
97,507,3,2
97,508,3,2
97,509,3,2
97,510,3,2
97,511,3,2
97,512,3,2
97,513,3,2
97,514,3,2
97,515,3,2
97,516,3,2
97,517,3,2
97,518,3,2
97,519,3,2
97,520,3,2
97,521,3,2
97,522,3,2
97,523,3,2
97,524,3,2
97,525,3,2
97,526,3,2
97,527,3,2
97,528,3,2
97,529,3,2
97,530,3,2
97,531,3,2
97,532,3,2
97,533,3,2
97,534,3,2
97,535,3,2
97,536,3,2
97,537,3,2
97,538,3,2
97,539,3,2
97,540,3,2
97,541,3,2
97,542,3,2
97,543,3,2
97,544,3,2
97,545,3,2
97,546,3,2
97,547,3,2
97,548,3,2
97,549,3,2
97,550,3,2
97,551,3,2
97,552,3,2
97,553,3,2
97,554,3,2
97,555,3,2
97,556,3,2
97,557,3,2
97,558,3,2
97,559,3,2
97,560,3,2
97,561,3,2
97,562,3,2
97,563,3,2
97,564,3,2
97,565,3,2
97,566,3,2
97,567,3,2
97,568,3,2
97,569,3,2
97,570,3,2
97,571,3,2
97,572,3,2
97,573,3,2
97,574,3,2
97,575,3,2
97,576,3,2
97,577,3,2
97,578,3,2
97,579,3,2
97,580,3,2
97,581,3,2
97,582,3,2
97,583,3,2
97,584,3,2
97,585,3,2
97,586,3,2
97,587,3,2
97,588,3,2
97,589,3,2
97,590,3,2
97,591,3,2
97,592,3,2
97,593,3,2
97,594,3,2
97,595,3,2
97,596,3,2
97,597,3,2
97,598,3,2
97,599,3,2
97,600,3,2
97,601,3,2
97,602,3,2
97,603,3,2
97,604,3,2
97,605,3,2
97,606,3,2
97,607,3,2
97,608,3,2
97,609,3,2
97,610,3,2
97,611,3,2
97,612,3,2
97,613,3,2
97,614,3,2
97,615,3,2
97,616,3,2
97,617,3,2
97,618,3,2
97,619,3,2
97,620,3,2
97,621,3,2
97,622,3,2
97,623,3,2
97,624,3,2
97,625,3,2
97,626,3,2
97,627,3,2
97,628,3,2
97,629,3,2
97,630,3,2
97,631,3,2
97,632,3,2
97,633,3,2
97,634,3,2
97,635,3,2
97,636,3,2
97,637,3,2
97,638,3,2
97,639,3,2
97,640,3,2
97,641,3,2
97,642,3,2
97,643,3,2
97,644,3,2
97,645,3,2
97,646,3,2
97,647,3,2
97,648,3,2
97,649,3,2
97,650,3,2
97,651,3,2
97,652,3,2
97,653,3,2
97,654,3,2
97,655,3,2
97,656,3,2
97,657,3,2
97,658,3,2
97,659,3,2
97,660,3,2
97,661,3,2
97,662,3,2
97,663,3,2
97,664,3,2
97,665,3,2
97,666,3,2
97,667,3,2
97,668,3,2
97,669,3,2
97,670,3,2
98,258,3,2
98,266,3,2
98,267,3,2
98,268,3,2
98,269,3,2
98,270,3,2
98,271,3,2
98,272,3,2
98,273,3,2
98,274,3,2
98,275,3,2
98,276,3,2
98,277,3,2
98,278,3,2
98,279,3,2
98,280,3,2
98,281,3,2
98,282,3,2
98,283,3,2
98,284,3,2
98,285,3,2
98,286,3,2
98,287,3,2
98,288,3,2
98,289,3,2
98,290,3,2
98,291,3,2
98,292,3,2
98,293,3,2
98,294,3,2
98,295,3,2
98,296,3,2
98,297,3,2
98,298,3,2
98,299,3,2
98,300,3,2
98,301,3,2
98,302,3,2
98,303,3,2
98,304,3,2
98,305,3,2
98,306,3,2
98,307,3,2
98,308,3,2
98,309,3,2
98,310,3,2
98,311,3,2
98,312,3,2
98,313,3,2
98,314,3,2
98,315,3,2
98,316,3,2
98,317,3,2
98,318,3,2
98,319,3,2
98,320,3,2
98,321,3,2
98,322,3,2
98,323,3,2
98,324,3,2
98,325,3,2
98,326,3,2
98,327,3,2
98,328,3,2
98,329,3,2
98,330,3,2
98,331,3,2
98,332,3,2
98,333,3,2
98,334,3,2
98,335,3,2
98,336,3,2
98,337,3,2
98,338,3,2
98,339,3,2
98,340,3,2
98,341,3,2
98,342,3,2
98,343,3,2
98,344,3,2
98,345,3,2
98,346,3,2
98,347,3,2
98,348,3,2
98,349,3,2
98,350,3,2
98,351,3,2
98,352,3,2
98,353,3,2
98,354,3,2
98,355,3,2
98,356,3,2
98,357,3,2
98,358,3,2
98,359,3,2
98,360,3,2
98,361,3,2
98,362,3,2
98,363,3,2
98,364,3,2
98,365,3,2
98,366,3,2
98,367,3,2
98,368,3,2
98,369,3,2
98,370,3,2
98,371,3,2
98,372,3,2
98,373,3,2
98,374,3,2
98,375,3,2
98,376,3,2
98,377,3,2
98,378,3,2
98,379,3,2
98,380,3,2
98,381,3,2
98,382,3,2
98,383,3,2
98,384,3,2
98,385,3,2
98,386,3,2
98,387,3,2
98,388,3,2
98,389,3,2
98,390,3,2
98,391,3,2
98,392,3,2
98,393,3,2
98,394,3,2
98,395,3,2
98,396,3,2
98,397,3,2
98,398,3,2
98,399,3,2
98,400,3,2
98,401,3,2
98,402,3,2
98,403,3,2
98,404,3,2
98,405,3,2
98,406,3,2
98,407,3,2
98,408,3,2
98,409,3,2
98,410,3,2
98,411,3,2
98,412,3,2
98,413,3,2
98,414,3,2
98,415,3,2
98,416,3,2
98,417,3,2
98,418,3,2
98,419,3,2
98,420,3,2
98,421,3,2
98,422,3,2
98,423,3,2
98,424,3,2
98,425,3,2
98,426,3,2
98,427,3,2
98,428,3,2
98,429,3,2
98,430,3,2
98,431,3,2
98,432,3,2
98,433,3,2
98,434,3,2
98,435,3,2
98,436,3,2
98,437,3,2
98,438,3,2
98,439,3,2
98,440,3,2
98,441,3,2
98,442,3,2
98,443,3,2
98,444,3,2
98,445,3,2
98,446,3,2
98,447,3,2
98,448,3,2
98,449,3,2
98,450,3,2
98,451,3,2
98,452,3,2
98,453,3,2
98,454,3,2
98,455,3,2
98,456,3,2
98,457,3,2
98,458,3,2
98,459,3,2
98,460,3,2
98,461,3,2
98,462,3,2
98,463,3,2
98,464,3,2
98,465,3,2
98,466,3,2
98,467,3,2
98,468,3,2
98,469,3,2
98,470,3,2
98,471,3,2
98,472,3,2
98,473,3,2
98,474,3,2
98,475,3,2
98,476,3,2
98,477,3,2
98,478,3,2
98,479,3,2
98,480,3,2
98,481,3,2
98,482,3,2
98,483,3,2
98,484,3,2
98,485,3,2
98,486,3,2
98,487,3,2
98,488,3,2
98,489,3,2
98,490,3,2
98,491,3,2
98,492,3,2
98,493,3,2
98,494,3,2
98,495,3,2
98,496,3,2
98,497,3,2
98,498,3,2
98,499,3,2
98,500,3,2
98,501,3,2
98,502,3,2
98,503,3,2
98,504,3,2
98,505,3,2
98,506,3,2
98,507,3,2
98,508,3,2
98,509,3,2
98,510,3,2
98,511,3,2
98,512,3,2
98,513,3,2
98,514,3,2
98,515,3,2
98,516,3,2
98,517,3,2
98,518,3,2
98,519,3,2
98,520,3,2
98,521,3,2
98,522,3,2
98,523,3,2
98,524,3,2
98,525,3,2
98,526,3,2
98,527,3,2
98,528,3,2
98,529,3,2
98,530,3,2
98,531,3,2
98,532,3,2
98,533,3,2
98,534,3,2
98,535,3,2
98,536,3,2
98,537,3,2
98,538,3,2
98,539,3,2
98,540,3,2
98,541,3,2
98,542,3,2
98,543,3,2
98,544,3,2
98,545,3,2
98,546,3,2
98,547,3,2
98,548,3,2
98,549,3,2
98,550,3,2
98,551,3,2
98,552,3,2
98,553,3,2
98,554,3,2
98,555,3,2
98,556,3,2
98,557,3,2
98,558,3,2
98,559,3,2
98,560,3,2
98,561,3,2
98,562,3,2
98,563,3,2
98,564,3,2
98,565,3,2
98,566,3,2
98,567,3,2
98,568,3,2
98,569,3,2
98,570,3,2
98,571,3,2
98,572,3,2
98,573,3,2
98,574,3,2
98,575,3,2
98,576,3,2
98,577,3,2
98,578,3,2
98,579,3,2
98,580,3,2
98,581,3,2
98,582,3,2
98,583,3,2
98,584,3,2
98,585,3,2
98,586,3,2
98,587,3,2
98,588,3,2
98,589,3,2
98,590,3,2
98,591,3,2
98,592,3,2
98,593,3,2
98,594,3,2
98,595,3,2
98,596,3,2
98,597,3,2
98,598,3,2
98,599,3,2
98,600,3,2
98,601,3,2
98,602,3,2
98,603,3,2
98,604,3,2
98,605,3,2
98,606,3,2
98,607,3,2
98,608,3,2
98,609,3,2
98,610,3,2
98,611,3,2
98,612,3,2
98,613,3,2
98,614,3,2
98,615,3,2
98,616,3,2
98,617,3,2
98,618,3,2
98,619,3,2
98,620,3,2
98,621,3,2
98,622,3,2
98,623,3,2
98,624,3,2
98,625,3,2
98,626,3,2
98,627,3,2
98,628,3,2
98,629,3,2
98,630,3,2
98,631,3,2
98,632,3,2
98,633,3,2
98,634,3,2
98,635,3,2
98,636,3,2
98,637,3,2
98,638,3,2
98,639,3,2
98,640,3,2
98,641,3,2
98,642,3,2
98,643,3,2
98,644,3,2
98,645,3,2
98,646,3,2
98,647,3,2
98,648,3,2
98,649,3,2
98,650,3,2
98,651,3,2
98,652,3,2
98,653,3,2
98,654,3,2
98,655,3,2
98,656,3,2
98,657,3,2
98,658,3,2
98,659,3,2
98,660,3,2
98,661,3,2
98,662,3,2
98,663,3,2
98,664,3,2
98,665,3,2
98,666,3,2
98,667,3,2
98,668,3,2
98,669,3,2
98,670,3,2
98,671,3,2
98,672,3,2
98,675,3,2
98,676,3,2
98,677,3,2
98,678,3,2
98,679,3,2
98,680,3,2
98,681,3,2
99,258,3,2
99,265,3,2
99,266,3,2
99,267,3,2
99,268,3,2
99,269,3,2
99,270,3,2
99,271,3,2
99,272,3,2
99,273,3,2
99,274,3,2
99,275,3,2
99,276,3,2
99,277,3,2
99,278,3,2
99,279,3,2
99,280,3,2
99,281,3,2
99,282,3,2
99,283,3,2
99,284,3,2
99,285,3,2
99,286,3,2
99,287,3,2
99,288,3,2
99,289,3,2
99,290,3,2
99,291,3,2
99,292,3,2
99,293,3,2
99,294,3,2
99,295,3,2
99,296,3,2
99,297,3,2
99,298,3,2
99,299,3,2
99,300,3,2
99,301,3,2
99,302,3,2
99,303,3,2
99,304,3,2
99,305,3,2
99,306,3,2
99,307,3,2
99,308,3,2
99,309,3,2
99,310,3,2
99,311,3,2
99,312,3,2
99,313,3,2
99,314,3,2
99,315,3,2
99,316,3,2
99,317,3,2
99,318,3,2
99,319,3,2
99,320,3,2
99,321,3,2
99,322,3,2
99,323,3,2
99,324,3,2
99,325,3,2
99,326,3,2
99,327,3,2
99,328,3,2
99,329,3,2
99,330,3,2
99,331,3,2
99,332,3,2
99,333,3,2
99,334,3,2
99,335,3,2
99,336,3,2
99,337,3,2
99,338,3,2
99,339,3,2
99,340,3,2
99,341,3,2
99,342,3,2
99,343,3,2
99,344,3,2
99,345,3,2
99,346,3,2
99,347,3,2
99,348,3,2
99,349,3,2
99,350,3,2
99,351,3,2
99,352,3,2
99,353,3,2
99,354,3,2
99,355,3,2
99,356,3,2
99,357,3,2
99,358,3,2
99,359,3,2
99,360,3,2
99,361,3,2
99,362,3,2
99,363,3,2
99,364,3,2
99,365,3,2
99,366,3,2
99,367,3,2
99,368,3,2
99,369,3,2
99,370,3,2
99,371,3,2
99,372,3,2
99,373,3,2
99,374,3,2
99,375,3,2
99,376,3,2
99,377,3,2
99,378,3,2
99,379,3,2
99,380,3,2
99,381,3,2
99,382,3,2
99,383,3,2
99,384,3,2
99,385,3,2
99,386,3,2
99,387,3,2
99,388,3,2
99,389,3,2
99,390,3,2
99,391,3,2
99,392,3,2
99,393,3,2
99,394,3,2
99,395,3,2
99,396,3,2
99,397,3,2
99,398,3,2
99,399,3,2
99,400,3,2
99,401,3,2
99,402,3,2
99,403,3,2
99,404,3,2
99,405,3,2
99,406,3,2
99,407,3,2
99,408,3,2
99,409,3,2
99,410,3,2
99,411,3,2
99,412,3,2
99,413,3,2
99,414,3,2
99,415,3,2
99,416,3,2
99,417,3,2
99,418,3,2
99,419,3,2
99,420,3,2
99,421,3,2
99,422,3,2
99,423,3,2
99,424,3,2
99,425,3,2
99,426,3,2
99,427,3,2
99,428,3,2
99,429,3,2
99,430,3,2
99,431,3,2
99,432,3,2
99,433,3,2
99,434,3,2
99,435,3,2
99,436,3,2
99,437,3,2
99,438,3,2
99,439,3,2
99,440,3,2
99,441,3,2
99,442,3,2
99,443,3,2
99,444,3,2
99,445,3,2
99,446,3,2
99,447,3,2
99,448,3,2
99,449,3,2
99,450,3,2
99,451,3,2
99,452,3,2
99,453,3,2
99,454,3,2
99,455,3,2
99,456,3,2
99,457,3,2
99,458,3,2
99,459,3,2
99,460,3,2
99,461,3,2
99,462,3,2
99,463,3,2
99,464,3,2
99,465,3,2
99,466,3,2
99,467,3,2
99,468,3,2
99,469,3,2
99,470,3,2
99,471,3,2
99,472,3,2
99,473,3,2
99,474,3,2
99,475,3,2
99,476,3,2
99,477,3,2
99,478,3,2
99,479,3,2
99,480,3,2
99,481,3,2
99,482,3,2
99,483,3,2
99,484,3,2
99,485,3,2
99,486,3,2
99,487,3,2
99,488,3,2
99,489,3,2
99,490,3,2
99,491,3,2
99,492,3,2
99,493,3,2
99,494,3,2
99,495,3,2
99,496,3,2
99,497,3,2
99,498,3,2
99,499,3,2
99,500,3,2
99,501,3,2
99,502,3,2
99,503,3,2
99,504,3,2
99,505,3,2
99,506,3,2
99,507,3,2
99,508,3,2
99,509,3,2
99,510,3,2
99,511,3,2
99,512,3,2
99,513,3,2
99,514,3,2
99,515,3,2
99,516,3,2
99,517,3,2
99,518,3,2
99,519,3,2
99,520,3,2
99,521,3,2
99,522,3,2
99,523,3,2
99,524,3,2
99,525,3,2
99,526,3,2
99,527,3,2
99,528,3,2
99,529,3,2
99,530,3,2
99,531,3,2
99,532,3,2
99,533,3,2
99,534,3,2
99,535,3,2
99,536,3,2
99,537,3,2
99,538,3,2
99,539,3,2
99,540,3,2
99,541,3,2
99,542,3,2
99,543,3,2
99,544,3,2
99,545,3,2
99,546,3,2
99,547,3,2
99,548,3,2
99,549,3,2
99,550,3,2
99,551,3,2
99,552,3,2
99,553,3,2
99,554,3,2
99,555,3,2
99,556,3,2
99,557,3,2
99,558,3,2
99,559,3,2
99,560,3,2
99,561,3,2
99,562,3,2
99,563,3,2
99,564,3,2
99,565,3,2
99,566,3,2
99,567,3,2
99,568,3,2
99,569,3,2
99,570,3,2
99,571,3,2
99,572,3,2
99,573,3,2
99,574,3,2
99,575,3,2
99,576,3,2
99,577,3,2
99,578,3,2
99,579,3,2
99,580,3,2
99,581,3,2
99,582,3,2
99,583,3,2
99,584,3,2
99,585,3,2
99,586,3,2
99,587,3,2
99,588,3,2
99,589,3,2
99,590,3,2
99,591,3,2
99,592,3,2
99,593,3,2
99,594,3,2
99,595,3,2
99,596,3,2
99,597,3,2
99,598,3,2
99,599,3,2
99,600,3,2
99,601,3,2
99,602,3,2
99,603,3,2
99,604,3,2
99,605,3,2
99,606,3,2
99,607,3,2
99,608,3,2
99,609,3,2
99,610,3,2
99,611,3,2
99,612,3,2
99,613,3,2
99,614,3,2
99,615,3,2
99,616,3,2
99,617,3,2
99,618,3,2
99,619,3,2
99,620,3,2
99,621,3,2
99,622,3,2
99,623,3,2
99,624,3,2
99,625,3,2
99,626,3,2
99,627,3,2
99,628,3,2
99,629,3,2
99,630,3,2
99,631,3,2
99,632,3,2
99,633,3,2
99,634,3,2
99,635,3,2
99,636,3,2
99,637,3,2
99,638,3,2
99,639,3,2
99,640,3,2
99,641,3,2
99,642,3,2
99,643,3,2
99,644,3,2
99,645,3,2
99,646,3,2
99,647,3,2
99,648,3,2
99,649,3,2
99,650,3,2
99,651,3,2
99,652,3,2
99,653,3,2
99,654,3,2
99,655,3,2
99,656,3,2
99,657,3,2
99,658,3,2
99,659,3,2
99,660,3,2
99,661,3,2
99,662,3,2
99,663,3,2
99,664,3,2
99,665,3,2
99,666,3,2
99,667,3,2
99,668,3,2
99,669,3,2
99,670,3,2
99,671,3,2
99,672,3,2
99,673,3,2
99,674,3,2
99,675,3,2
99,676,3,2
99,677,3,2
99,678,3,2
99,679,3,2
99,680,3,2
99,681,3,2
99,682,3,2
100,258,3,2
100,259,3,2
100,263,3,2
100,264,3,2
100,265,3,2
100,266,3,2
100,267,3,2
100,268,3,2
100,269,3,2
100,270,3,2
100,271,3,2
100,272,3,2
100,273,3,2
100,274,3,2
100,275,3,2
100,276,3,2
100,277,3,2
100,278,3,2
100,279,3,2
100,280,3,2
100,281,3,2
100,282,3,2
100,283,3,2
100,284,3,2
100,285,3,2
100,286,3,2
100,287,3,2
100,288,3,2
100,289,3,2
100,290,3,2
100,291,3,2
100,292,3,2
100,293,3,2
100,294,3,2
100,295,3,2
100,296,3,2
100,297,3,2
100,298,3,2
100,299,3,2
100,300,3,2
100,301,3,2
100,302,3,2
100,303,3,2
100,304,3,2
100,305,3,2
100,306,3,2
100,307,3,2
100,308,3,2
100,309,3,2
100,310,3,2
100,311,3,2
100,312,3,2
100,313,3,2
100,314,3,2
100,315,3,2
100,316,3,2
100,317,3,2
100,318,3,2
100,319,3,2
100,320,3,2
100,321,3,2
100,322,3,2
100,323,3,2
100,324,3,2
100,325,3,2
100,326,3,2
100,327,3,2
100,328,3,2
100,329,3,2
100,330,3,2
100,331,3,2
100,332,3,2
100,333,3,2
100,334,3,2
100,335,3,2
100,336,3,2
100,337,3,2
100,338,3,2
100,339,3,2
100,340,3,2
100,341,3,2
100,342,3,2
100,343,3,2
100,344,3,2
100,345,3,2
100,346,3,2
100,347,3,2
100,348,3,2
100,349,3,2
100,350,3,2
100,351,3,2
100,352,3,2
100,353,3,2
100,354,3,2
100,355,3,2
100,356,3,2
100,357,3,2
100,358,3,2
100,359,3,2
100,360,3,2
100,361,3,2
100,362,3,2
100,363,3,2
100,364,3,2
100,365,3,2
100,366,3,2
100,367,3,2
100,368,3,2
100,369,3,2
100,370,3,2
100,371,3,2
100,372,3,2
100,373,3,2
100,374,3,2
100,375,3,2
100,376,3,2
100,377,3,2
100,378,3,2
100,379,3,2
100,380,3,2
100,381,3,2
100,382,3,2
100,383,3,2
100,384,3,2
100,385,3,2
100,386,3,2
100,387,3,2
100,388,3,2
100,389,3,2
100,390,3,2
100,391,3,2
100,392,3,2
100,393,3,2
100,394,3,2
100,395,3,2
100,396,3,2
100,397,3,2
100,398,3,2
100,399,3,2
100,400,3,2
100,401,3,2
100,402,3,2
100,403,3,2
100,404,3,2
100,405,3,2
100,406,3,2
100,407,3,2
100,408,3,2
100,409,3,2
100,410,3,2
100,411,3,2
100,412,3,2
100,413,3,2
100,414,3,2
100,415,3,2
100,416,3,2
100,417,3,2
100,418,3,2
100,419,3,2
100,420,3,2
100,421,3,2
100,422,3,2
100,423,3,2
100,424,3,2
100,425,3,2
100,426,3,2
100,427,3,2
100,428,3,2
100,429,3,2
100,430,3,2
100,431,3,2
100,432,3,2
100,433,3,2
100,434,3,2
100,435,3,2
100,436,3,2
100,437,3,2
100,438,3,2
100,439,3,2
100,440,3,2
100,441,3,2
100,442,3,2
100,443,3,2
100,444,3,2
100,445,3,2
100,446,3,2
100,447,3,2
100,448,3,2
100,449,3,2
100,450,3,2
100,451,3,2
100,452,3,2
100,453,3,2
100,454,3,2
100,455,3,2
100,456,3,2
100,457,3,2
100,458,3,2
100,459,3,2
100,460,3,2
100,461,3,2
100,462,3,2
100,463,3,2
100,464,3,2
100,465,3,2
100,466,3,2
100,467,3,2
100,468,3,2
100,469,3,2
100,470,3,2
100,471,3,2
100,472,3,2
100,473,3,2
100,474,3,2
100,475,3,2
100,476,3,2
100,477,3,2
100,478,3,2
100,479,3,2
100,480,3,2
100,481,3,2
100,482,3,2
100,483,3,2
100,484,3,2
100,485,3,2
100,486,3,2
100,487,3,2
100,488,3,2
100,489,3,2
100,490,3,2
100,491,3,2
100,492,3,2
100,493,3,2
100,494,3,2
100,495,3,2
100,496,3,2
100,497,3,2
100,498,3,2
100,499,3,2
100,500,3,2
100,501,3,2
100,502,3,2
100,503,3,2
100,504,3,2
100,505,3,2
100,506,3,2
100,507,3,2
100,508,3,2
100,509,3,2
100,510,3,2
100,511,3,2
100,512,3,2
100,513,3,2
100,514,3,2
100,515,3,2
100,516,3,2
100,517,3,2
100,518,3,2
100,519,3,2
100,520,3,2
100,521,3,2
100,522,3,2
100,523,3,2
100,524,3,2
100,525,3,2
100,526,3,2
100,527,3,2
100,528,3,2
100,529,3,2
100,530,3,2
100,531,3,2
100,532,3,2
100,533,3,2
100,534,3,2
100,535,3,2
100,536,3,2
100,537,3,2
100,538,3,2
100,539,3,2
100,540,3,2
100,541,3,2
100,542,3,2
100,543,3,2
100,544,3,2
100,545,3,2
100,546,3,2
100,547,3,2
100,548,3,2
100,549,3,2
100,550,3,2
100,551,3,2
100,552,3,2
100,553,3,2
100,554,3,2
100,555,3,2
100,556,3,2
100,557,3,2
100,558,3,2
100,559,3,2
100,560,3,2
100,561,3,2
100,562,3,2
100,563,3,2
100,564,3,2
100,565,3,2
100,566,3,2
100,567,3,2
100,568,3,2
100,569,3,2
100,570,3,2
100,571,3,2
100,572,3,2
100,573,3,2
100,574,3,2
100,575,3,2
100,576,3,2
100,577,3,2
100,578,3,2
100,579,3,2
100,580,3,2
100,581,3,2
100,582,3,2
100,583,3,2
100,584,3,2
100,585,3,2
100,586,3,2
100,587,3,2
100,588,3,2
100,589,3,2
100,590,3,2
100,591,3,2
100,592,3,2
100,593,3,2
100,594,3,2
100,595,3,2
100,596,3,2
100,597,3,2
100,598,3,2
100,599,3,2
100,600,3,2
100,601,3,2
100,602,3,2
100,603,3,2
100,604,3,2
100,605,3,2
100,606,3,2
100,607,3,2
100,608,3,2
100,609,3,2
100,610,3,2
100,611,3,2
100,612,3,2
100,613,3,2
100,614,3,2
100,615,3,2
100,616,3,2
100,617,3,2
100,618,3,2
100,619,3,2
100,620,3,2
100,621,3,2
100,622,3,2
100,623,3,2
100,624,3,2
100,625,3,2
100,626,3,2
100,627,3,2
100,628,3,2
100,629,3,2
100,630,3,2
100,631,3,2
100,632,3,2
100,633,3,2
100,634,3,2
100,635,3,2
100,636,3,2
100,637,3,2
100,638,3,2
100,639,3,2
100,640,3,2
100,641,3,2
100,642,3,2
100,643,3,2
100,644,3,2
100,645,3,2
100,646,3,2
100,647,3,2
100,648,3,2
100,649,3,2
100,650,3,2
100,651,3,2
100,652,3,2
100,653,3,2
100,654,3,2
100,655,3,2
100,656,3,2
100,657,3,2
100,658,3,2
100,659,3,2
100,660,3,2
100,661,3,2
100,662,3,2
100,663,3,2
100,664,3,2
100,665,3,2
100,666,3,2
100,667,3,2
100,668,3,2
100,669,3,2
100,670,3,2
100,671,3,2
100,672,3,2
100,673,3,2
100,674,3,2
100,675,3,2
100,676,3,2
100,677,3,2
100,678,3,2
100,679,3,2
100,680,3,2
100,681,3,2
100,682,3,2
100,689,3,2
100,690,3,2
100,691,3,2
101,257,3,2
101,258,3,2
101,259,3,2
101,260,3,2
101,262,3,2
101,263,3,2
101,264,3,2
101,265,3,2
101,266,3,2
101,267,3,2
101,268,3,2
101,269,3,2
101,270,3,2
101,271,3,2
101,272,3,2
101,273,3,2
101,274,3,2
101,275,3,2
101,276,3,2
101,277,3,2
101,278,3,2
101,279,3,2
101,280,3,2
101,281,3,2
101,282,3,2
101,283,3,2
101,284,3,2
101,285,3,2
101,286,3,2
101,287,3,2
101,288,3,2
101,289,3,2
101,290,3,2
101,291,3,2
101,292,3,2
101,293,3,2
101,294,3,2
101,295,3,2
101,296,3,2
101,297,3,2
101,298,3,2
101,299,3,2
101,300,3,2
101,301,3,2
101,302,3,2
101,303,3,2
101,304,3,2
101,305,3,2
101,306,3,2
101,307,3,2
101,308,3,2
101,309,3,2
101,310,3,2
101,311,3,2
101,312,3,2
101,313,3,2
101,314,3,2
101,315,3,2
101,316,3,2
101,317,3,2
101,318,3,2
101,319,3,2
101,320,3,2
101,321,3,2
101,322,3,2
101,323,3,2
101,324,3,2
101,325,3,2
101,326,3,2
101,327,3,2
101,328,3,2
101,329,3,2
101,330,3,2
101,331,3,2
101,332,3,2
101,333,3,2
101,334,3,2
101,335,3,2
101,336,3,2
101,337,3,2
101,338,3,2
101,339,3,2
101,340,3,2
101,341,3,2
101,342,3,2
101,343,3,2
101,344,3,2
101,345,3,2
101,346,3,2
101,347,3,2
101,348,3,2
101,349,3,2
101,350,3,2
101,351,3,2
101,352,3,2
101,353,3,2
101,354,3,2
101,355,3,2
101,356,3,2
101,357,3,2
101,358,3,2
101,359,3,2
101,360,3,2
101,361,3,2
101,362,3,2
101,363,3,2
101,364,3,2
101,365,3,2
101,366,3,2
101,367,3,2
101,368,3,2
101,369,3,2
101,370,3,2
101,371,3,2
101,372,3,2
101,373,3,2
101,374,3,2
101,375,3,2
101,376,3,2
101,377,3,2
101,378,3,2
101,379,3,2
101,380,3,2
101,381,3,2
101,382,3,2
101,383,3,2
101,384,3,2
101,385,3,2
101,386,3,2
101,387,3,2
101,388,3,2
101,389,3,2
101,390,3,2
101,391,3,2
101,392,3,2
101,393,3,2
101,394,3,2
101,395,3,2
101,396,3,2
101,397,3,2
101,398,3,2
101,399,3,2
101,400,3,2
101,401,3,2
101,402,3,2
101,403,3,2
101,404,3,2
101,405,3,2
101,406,3,2
101,407,3,2
101,408,3,2
101,409,3,2
101,410,3,2
101,411,3,2
101,412,3,2
101,413,3,2
101,414,3,2
101,415,3,2
101,416,3,2
101,417,3,2
101,418,3,2
101,419,3,2
101,420,3,2
101,421,3,2
101,422,3,2
101,423,3,2
101,424,3,2
101,425,3,2
101,426,3,2
101,427,3,2
101,428,3,2
101,429,3,2
101,430,3,2
101,431,3,2
101,432,3,2
101,433,3,2
101,434,3,2
101,435,3,2
101,436,3,2
101,437,3,2
101,438,3,2
101,439,3,2
101,440,3,2
101,441,3,2
101,442,3,2
101,443,3,2
101,444,3,2
101,445,3,2
101,446,3,2
101,447,3,2
101,448,3,2
101,449,3,2
101,450,3,2
101,451,3,2
101,452,3,2
101,453,3,2
101,454,3,2
101,455,3,2
101,456,3,2
101,457,3,2
101,458,3,2
101,459,3,2
101,460,3,2
101,461,3,2
101,462,3,2
101,463,3,2
101,464,3,2
101,465,3,2
101,466,3,2
101,467,3,2
101,468,3,2
101,469,3,2
101,470,3,2
101,471,3,2
101,472,3,2
101,473,3,2
101,474,3,2
101,475,3,2
101,476,3,2
101,477,3,2
101,478,3,2
101,479,3,2
101,480,3,2
101,481,3,2
101,482,3,2
101,483,3,2
101,484,3,2
101,485,3,2
101,486,3,2
101,487,3,2
101,488,3,2
101,489,3,2
101,490,3,2
101,491,3,2
101,492,3,2
101,493,3,2
101,494,3,2
101,495,3,2
101,496,3,2
101,497,3,2
101,498,3,2
101,499,3,2
101,500,3,2
101,501,3,2
101,502,3,2
101,503,3,2
101,504,3,2
101,505,3,2
101,506,3,2
101,507,3,2
101,508,3,2
101,509,3,2
101,510,3,2
101,511,3,2
101,512,3,2
101,513,3,2
101,514,3,2
101,515,3,2
101,516,3,2
101,517,3,2
101,518,3,2
101,519,3,2
101,520,3,2
101,521,3,2
101,522,3,2
101,523,3,2
101,524,3,2
101,525,3,2
101,526,3,2
101,527,3,2
101,528,3,2
101,529,3,2
101,530,3,2
101,531,3,2
101,532,3,2
101,533,3,2
101,534,3,2
101,535,3,2
101,536,3,2
101,537,3,2
101,538,3,2
101,539,3,2
101,540,3,2
101,541,3,2
101,542,3,2
101,543,3,2
101,544,3,2
101,545,3,2
101,546,3,2
101,547,3,2
101,548,3,2
101,549,3,2
101,550,3,2
101,551,3,2
101,552,3,2
101,553,3,2
101,554,3,2
101,555,3,2
101,556,3,2
101,557,3,2
101,558,3,2
101,559,3,2
101,560,3,2
101,561,3,2
101,562,3,2
101,563,3,2
101,564,3,2
101,565,3,2
101,566,3,2
101,567,3,2
101,568,3,2
101,569,3,2
101,570,3,2
101,571,3,2
101,572,3,2
101,573,3,2
101,574,3,2
101,575,3,2
101,576,3,2
101,577,3,2
101,578,3,2
101,579,3,2
101,580,3,2
101,581,3,2
101,582,3,2
101,583,3,2
101,584,3,2
101,585,3,2
101,586,3,2
101,587,3,2
101,588,3,2
101,589,3,2
101,590,3,2
101,591,3,2
101,592,3,2
101,593,3,2
101,594,3,2
101,595,3,2
101,596,3,2
101,597,3,2
101,598,3,2
101,599,3,2
101,600,3,2
101,601,3,2
101,602,3,2
101,603,3,2
101,604,3,2
101,605,3,2
101,606,3,2
101,607,3,2
101,608,3,2
101,609,3,2
101,610,3,2
101,611,3,2
101,612,3,2
101,613,3,2
101,614,3,2
101,615,3,2
101,616,3,2
101,617,3,2
101,618,3,2
101,619,3,2
101,620,3,2
101,621,3,2
101,622,3,2
101,623,3,2
101,624,3,2
101,625,3,2
101,626,3,2
101,627,3,2
101,628,3,2
101,629,3,2
101,630,3,2
101,631,3,2
101,632,3,2
101,633,3,2
101,634,3,2
101,635,3,2
101,636,3,2
101,637,3,2
101,638,3,2
101,639,3,2
101,640,3,2
101,641,3,2
101,642,3,2
101,643,3,2
101,644,3,2
101,645,3,2
101,646,3,2
101,647,3,2
101,648,3,2
101,649,3,2
101,650,3,2
101,651,3,2
101,652,3,2
101,653,3,2
101,654,3,2
101,655,3,2
101,656,3,2
101,657,3,2
101,658,3,2
101,659,3,2
101,660,3,2
101,661,3,2
101,662,3,2
101,663,3,2
101,664,3,2
101,665,3,2
101,666,3,2
101,667,3,2
101,668,3,2
101,669,3,2
101,670,3,2
101,671,3,2
101,672,3,2
101,673,3,2
101,674,3,2
101,675,3,2
101,676,3,2
101,677,3,2
101,678,3,2
101,679,3,2
101,680,3,2
101,681,3,2
101,689,3,2
101,690,3,2
101,691,3,2
101,692,3,2
101,693,3,2
102,257,3,2
102,258,3,2
102,259,3,2
102,262,3,2
102,263,3,2
102,264,3,2
102,265,3,2
102,266,3,2
102,267,3,2
102,268,3,2
102,269,3,2
102,270,3,2
102,271,3,2
102,272,3,2
102,273,3,2
102,274,3,2
102,275,3,2
102,276,3,2
102,277,3,2
102,278,3,2
102,279,3,2
102,280,3,2
102,281,3,2
102,282,3,2
102,283,3,2
102,284,3,2
102,285,3,2
102,286,3,2
102,287,3,2
102,288,3,2
102,289,3,2
102,290,3,2
102,291,3,2
102,292,3,2
102,293,3,2
102,294,3,2
102,295,3,2
102,296,3,2
102,297,3,2
102,298,3,2
102,299,3,2
102,300,3,2
102,301,3,2
102,302,3,2
102,303,3,2
102,304,3,2
102,305,3,2
102,306,3,2
102,307,3,2
102,308,3,2
102,309,3,2
102,310,3,2
102,311,3,2
102,312,3,2
102,313,3,2
102,314,3,2
102,315,3,2
102,316,3,2
102,317,3,2
102,318,3,2
102,319,3,2
102,320,3,2
102,321,3,2
102,322,3,2
102,323,3,2
102,324,3,2
102,325,3,2
102,326,3,2
102,327,3,2
102,328,3,2
102,329,3,2
102,330,3,2
102,331,3,2
102,332,3,2
102,333,3,2
102,334,3,2
102,335,3,2
102,336,3,2
102,337,3,2
102,338,3,2
102,339,3,2
102,340,3,2
102,341,3,2
102,342,3,2
102,343,3,2
102,344,3,2
102,345,3,2
102,346,3,2
102,347,3,2
102,348,3,2
102,349,3,2
102,350,3,2
102,351,3,2
102,352,3,2
102,353,3,2
102,354,3,2
102,355,3,2
102,356,3,2
102,357,3,2
102,358,3,2
102,359,3,2
102,360,3,2
102,361,3,2
102,362,3,2
102,363,3,2
102,364,3,2
102,365,3,2
102,366,3,2
102,367,3,2
102,368,3,2
102,369,3,2
102,370,3,2
102,371,3,2
102,372,3,2
102,373,3,2
102,374,3,2
102,375,3,2
102,376,3,2
102,377,3,2
102,378,3,2
102,379,3,2
102,380,3,2
102,381,3,2
102,382,3,2
102,383,3,2
102,384,3,2
102,385,3,2
102,386,3,2
102,387,3,2
102,388,3,2
102,389,3,2
102,390,3,2
102,391,3,2
102,392,3,2
102,393,3,2
102,394,3,2
102,395,3,2
102,396,3,2
102,397,3,2
102,398,3,2
102,399,3,2
102,400,3,2
102,401,3,2
102,402,3,2
102,403,3,2
102,404,3,2
102,405,3,2
102,406,3,2
102,407,3,2
102,408,3,2
102,409,3,2
102,410,3,2
102,411,3,2
102,412,3,2
102,413,3,2
102,414,3,2
102,415,3,2
102,416,3,2
102,417,3,2
102,418,3,2
102,419,3,2
102,420,3,2
102,421,3,2
102,422,3,2
102,423,3,2
102,424,3,2
102,425,3,2
102,426,3,2
102,427,3,2
102,428,3,2
102,429,3,2
102,430,3,2
102,431,3,2
102,432,3,2
102,433,3,2
102,434,3,2
102,435,3,2
102,436,3,2
102,437,3,2
102,438,3,2
102,439,3,2
102,440,3,2
102,441,3,2
102,442,3,2
102,443,3,2
102,444,3,2
102,445,3,2
102,446,3,2
102,447,3,2
102,448,3,2
102,449,3,2
102,450,3,2
102,451,3,2
102,452,3,2
102,453,3,2
102,454,3,2
102,455,3,2
102,456,3,2
102,457,3,2
102,458,3,2
102,459,3,2
102,460,3,2
102,461,3,2
102,462,3,2
102,463,3,2
102,464,3,2
102,465,3,2
102,466,3,2
102,467,3,2
102,468,3,2
102,469,3,2
102,470,3,2
102,471,3,2
102,472,3,2
102,473,3,2
102,474,3,2
102,475,3,2
102,476,3,2
102,477,3,2
102,478,3,2
102,479,3,2
102,480,3,2
102,481,3,2
102,482,3,2
102,483,3,2
102,484,3,2
102,485,3,2
102,486,3,2
102,487,3,2
102,488,3,2
102,489,3,2
102,490,3,2
102,491,3,2
102,492,3,2
102,493,3,2
102,494,3,2
102,495,3,2
102,496,3,2
102,497,3,2
102,498,3,2
102,499,3,2
102,500,3,2
102,501,3,2
102,502,3,2
102,503,3,2
102,504,3,2
102,505,3,2
102,506,3,2
102,507,3,2
102,508,3,2
102,509,3,2
102,510,3,2
102,511,3,2
102,512,3,2
102,513,3,2
102,514,3,2
102,515,3,2
102,516,3,2
102,517,3,2
102,518,3,2
102,519,3,2
102,520,3,2
102,521,3,2
102,522,3,2
102,523,3,2
102,524,3,2
102,525,3,2
102,526,3,2
102,527,3,2
102,528,3,2
102,529,3,2
102,530,3,2
102,531,3,2
102,532,3,2
102,533,3,2
102,534,3,2
102,535,3,2
102,536,3,2
102,537,3,2
102,538,3,2
102,539,3,2
102,540,3,2
102,541,3,2
102,542,3,2
102,543,3,2
102,544,3,2
102,545,3,2
102,546,3,2
102,547,3,2
102,548,3,2
102,549,3,2
102,550,3,2
102,551,3,2
102,552,3,2
102,553,3,2
102,554,3,2
102,555,3,2
102,556,3,2
102,557,3,2
102,558,3,2
102,559,3,2
102,560,3,2
102,561,3,2
102,562,3,2
102,563,3,2
102,564,3,2
102,565,3,2
102,566,3,2
102,567,3,2
102,568,3,2
102,569,3,2
102,570,3,2
102,571,3,2
102,572,3,2
102,573,3,2
102,574,3,2
102,575,3,2
102,576,3,2
102,577,3,2
102,578,3,2
102,579,3,2
102,580,3,2
102,581,3,2
102,582,3,2
102,583,3,2
102,584,3,2
102,585,3,2
102,586,3,2
102,587,3,2
102,588,3,2
102,589,3,2
102,590,3,2
102,591,3,2
102,592,3,2
102,593,3,2
102,594,3,2
102,595,3,2
102,596,3,2
102,597,3,2
102,598,3,2
102,599,3,2
102,600,3,2
102,601,3,2
102,602,3,2
102,603,3,2
102,604,3,2
102,605,3,2
102,606,3,2
102,607,3,2
102,608,3,2
102,609,3,2
102,610,3,2
102,611,3,2
102,612,3,2
102,613,3,2
102,614,3,2
102,615,3,2
102,616,3,2
102,617,3,2
102,618,3,2
102,619,3,2
102,620,3,2
102,621,3,2
102,622,3,2
102,623,3,2
102,624,3,2
102,625,3,2
102,626,3,2
102,627,3,2
102,628,3,2
102,629,3,2
102,630,3,2
102,631,3,2
102,632,3,2
102,633,3,2
102,634,3,2
102,635,3,2
102,636,3,2
102,637,3,2
102,638,3,2
102,639,3,2
102,640,3,2
102,641,3,2
102,642,3,2
102,643,3,2
102,644,3,2
102,645,3,2
102,646,3,2
102,647,3,2
102,648,3,2
102,649,3,2
102,650,3,2
102,651,3,2
102,652,3,2
102,653,3,2
102,654,3,2
102,655,3,2
102,656,3,2
102,657,3,2
102,658,3,2
102,659,3,2
102,660,3,2
102,661,3,2
102,662,3,2
102,663,3,2
102,664,3,2
102,665,3,2
102,666,3,2
102,667,3,2
102,668,3,2
102,669,3,2
102,670,3,2
102,671,3,2
102,672,3,2
102,673,3,2
102,674,3,2
102,675,3,2
102,676,3,2
102,677,3,2
102,678,3,2
102,679,3,2
102,680,3,2
102,681,3,2
102,682,3,2
102,689,3,2
102,690,3,2
102,691,3,2
102,692,3,2
102,693,3,2
103,257,3,2
103,258,3,2
103,259,3,2
103,261,3,2
103,262,3,2
103,263,3,2
103,264,3,2
103,265,3,2
103,266,3,2
103,267,3,2
103,268,3,2
103,269,3,2
103,270,3,2
103,271,3,2
103,272,3,2
103,273,3,2
103,274,3,2
103,275,3,2
103,276,3,2
103,277,3,2
103,278,3,2
103,279,3,2
103,280,3,2
103,281,3,2
103,282,3,2
103,283,3,2
103,284,3,2
103,285,3,2
103,286,3,2
103,287,3,2
103,288,3,2
103,289,3,2
103,290,3,2
103,291,3,2
103,292,3,2
103,293,3,2
103,294,3,2
103,295,3,2
103,296,3,2
103,297,3,2
103,298,3,2
103,299,3,2
103,300,3,2
103,301,3,2
103,302,3,2
103,303,3,2
103,304,3,2
103,305,3,2
103,306,3,2
103,307,3,2
103,308,3,2
103,309,3,2
103,310,3,2
103,311,3,2
103,312,3,2
103,313,3,2
103,314,3,2
103,315,3,2
103,316,3,2
103,317,3,2
103,318,3,2
103,319,3,2
103,320,3,2
103,321,3,2
103,322,3,2
103,323,3,2
103,324,3,2
103,325,3,2
103,326,3,2
103,327,3,2
103,328,3,2
103,329,3,2
103,330,3,2
103,331,3,2
103,332,3,2
103,333,3,2
103,334,3,2
103,335,3,2
103,336,3,2
103,337,3,2
103,338,3,2
103,339,3,2
103,340,3,2
103,341,3,2
103,342,3,2
103,343,3,2
103,344,3,2
103,345,3,2
103,346,3,2
103,347,3,2
103,348,3,2
103,349,3,2
103,350,3,2
103,351,3,2
103,352,3,2
103,353,3,2
103,354,3,2
103,355,3,2
103,356,3,2
103,357,3,2
103,358,3,2
103,359,3,2
103,360,3,2
103,361,3,2
103,362,3,2
103,363,3,2
103,364,3,2
103,365,3,2
103,366,3,2
103,367,3,2
103,368,3,2
103,369,3,2
103,370,3,2
103,371,3,2
103,372,3,2
103,373,3,2
103,374,3,2
103,375,3,2
103,376,3,2
103,377,3,2
103,378,3,2
103,379,3,2
103,380,3,2
103,381,3,2
103,382,3,2
103,383,3,2
103,384,3,2
103,385,3,2
103,386,3,2
103,387,3,2
103,388,3,2
103,389,3,2
103,390,3,2
103,391,3,2
103,392,3,2
103,393,3,2
103,394,3,2
103,395,3,2
103,396,3,2
103,397,3,2
103,398,3,2
103,399,3,2
103,400,3,2
103,401,3,2
103,402,3,2
103,403,3,2
103,404,3,2
103,405,3,2
103,406,3,2
103,407,3,2
103,408,3,2
103,409,3,2
103,410,3,2
103,411,3,2
103,412,3,2
103,413,3,2
103,414,3,2
103,415,3,2
103,416,3,2
103,417,3,2
103,418,3,2
103,419,3,2
103,420,3,2
103,421,3,2
103,422,3,2
103,423,3,2
103,424,3,2
103,425,3,2
103,426,3,2
103,427,3,2
103,428,3,2
103,429,3,2
103,430,3,2
103,431,3,2
103,432,3,2
103,433,3,2
103,434,3,2
103,435,3,2
103,436,3,2
103,437,3,2
103,438,3,2
103,439,3,2
103,440,3,2
103,441,3,2
103,442,3,2
103,443,3,2
103,444,3,2
103,445,3,2
103,446,3,2
103,447,3,2
103,448,3,2
103,449,3,2
103,450,3,2
103,451,3,2
103,452,3,2
103,453,3,2
103,454,3,2
103,455,3,2
103,456,3,2
103,457,3,2
103,458,3,2
103,459,3,2
103,460,3,2
103,461,3,2
103,462,3,2
103,463,3,2
103,464,3,2
103,465,3,2
103,466,3,2
103,467,3,2
103,468,3,2
103,469,3,2
103,470,3,2
103,471,3,2
103,472,3,2
103,473,3,2
103,474,3,2
103,475,3,2
103,476,3,2
103,477,3,2
103,478,3,2
103,479,3,2
103,480,3,2
103,481,3,2
103,482,3,2
103,483,3,2
103,484,3,2
103,485,3,2
103,486,3,2
103,487,3,2
103,488,3,2
103,489,3,2
103,490,3,2
103,491,3,2
103,492,3,2
103,493,3,2
103,494,3,2
103,495,3,2
103,496,3,2
103,497,3,2
103,498,3,2
103,499,3,2
103,500,3,2
103,501,3,2
103,502,3,2
103,503,3,2
103,504,3,2
103,505,3,2
103,506,3,2
103,507,3,2
103,508,3,2
103,509,3,2
103,510,3,2
103,511,3,2
103,512,3,2
103,513,3,2
103,514,3,2
103,515,3,2
103,516,3,2
103,517,3,2
103,518,3,2
103,519,3,2
103,520,3,2
103,521,3,2
103,522,3,2
103,523,3,2
103,524,3,2
103,525,3,2
103,526,3,2
103,527,3,2
103,528,3,2
103,529,3,2
103,530,3,2
103,531,3,2
103,532,3,2
103,533,3,2
103,534,3,2
103,535,3,2
103,536,3,2
103,537,3,2
103,538,3,2
103,539,3,2
103,540,3,2
103,541,3,2
103,542,3,2
103,543,3,2
103,544,3,2
103,545,3,2
103,546,3,2
103,547,3,2
103,548,3,2
103,549,3,2
103,550,3,2
103,551,3,2
103,552,3,2
103,553,3,2
103,554,3,2
103,555,3,2
103,556,3,2
103,557,3,2
103,558,3,2
103,559,3,2
103,560,3,2
103,561,3,2
103,562,3,2
103,563,3,2
103,564,3,2
103,565,3,2
103,566,3,2
103,567,3,2
103,568,3,2
103,569,3,2
103,570,3,2
103,571,3,2
103,572,3,2
103,573,3,2
103,574,3,2
103,575,3,2
103,576,3,2
103,577,3,2
103,578,3,2
103,579,3,2
103,580,3,2
103,581,3,2
103,582,3,2
103,583,3,2
103,584,3,2
103,585,3,2
103,586,3,2
103,587,3,2
103,588,3,2
103,589,3,2
103,590,3,2
103,591,3,2
103,592,3,2
103,593,3,2
103,594,3,2
103,595,3,2
103,596,3,2
103,597,3,2
103,598,3,2
103,599,3,2
103,600,3,2
103,601,3,2
103,602,3,2
103,603,3,2
103,604,3,2
103,605,3,2
103,606,3,2
103,607,3,2
103,608,3,2
103,609,3,2
103,610,3,2
103,611,3,2
103,612,3,2
103,613,3,2
103,614,3,2
103,615,3,2
103,616,3,2
103,617,3,2
103,618,3,2
103,619,3,2
103,620,3,2
103,621,3,2
103,622,3,2
103,623,3,2
103,624,3,2
103,625,3,2
103,626,3,2
103,627,3,2
103,628,3,2
103,629,3,2
103,630,3,2
103,631,3,2
103,632,3,2
103,633,3,2
103,634,3,2
103,635,3,2
103,636,3,2
103,637,3,2
103,638,3,2
103,639,3,2
103,640,3,2
103,641,3,2
103,642,3,2
103,643,3,2
103,644,3,2
103,645,3,2
103,646,3,2
103,647,3,2
103,648,3,2
103,649,3,2
103,650,3,2
103,651,3,2
103,652,3,2
103,653,3,2
103,654,3,2
103,655,3,2
103,656,3,2
103,657,3,2
103,658,3,2
103,659,3,2
103,660,3,2
103,661,3,2
103,662,3,2
103,663,3,2
103,664,3,2
103,665,3,2
103,666,3,2
103,667,3,2
103,668,3,2
103,669,3,2
103,670,3,2
103,671,3,2
103,672,3,2
103,673,3,3
103,674,3,3
103,675,3,3
103,676,3,3
103,677,3,3
103,678,3,2
103,679,3,2
103,680,3,2
103,681,3,2
103,689,3,2
103,690,3,2
103,691,3,2
103,692,3,2
104,257,3,2
104,258,3,2
104,259,3,2
104,260,3,2
104,261,3,2
104,262,3,2
104,263,3,2
104,264,3,2
104,265,3,2
104,266,3,2
104,267,3,2
104,268,3,2
104,269,3,2
104,270,3,2
104,271,3,2
104,272,3,2
104,273,3,2
104,274,3,2
104,275,3,2
104,276,3,2
104,277,3,2
104,278,3,2
104,279,3,2
104,280,3,2
104,281,3,2
104,282,3,2
104,283,3,2
104,284,3,2
104,285,3,2
104,286,3,2
104,287,3,2
104,288,3,2
104,289,3,2
104,290,3,2
104,291,3,2
104,292,3,2
104,293,3,2
104,294,3,2
104,295,3,2
104,296,3,2
104,297,3,2
104,298,3,2
104,299,3,2
104,300,3,2
104,301,3,2
104,302,3,2
104,303,3,2
104,304,3,2
104,305,3,2
104,306,3,2
104,307,3,2
104,308,3,2
104,309,3,2
104,310,3,2
104,311,3,2
104,312,3,2
104,313,3,2
104,314,3,2
104,315,3,2
104,316,3,2
104,317,3,2
104,318,3,2
104,319,3,2
104,320,3,2
104,321,3,2
104,322,3,2
104,323,3,2
104,324,3,2
104,325,3,2
104,326,3,2
104,327,3,2
104,328,3,2
104,329,3,2
104,330,3,2
104,331,3,2
104,332,3,2
104,333,3,2
104,334,3,2
104,335,3,2
104,336,3,2
104,337,3,2
104,338,3,2
104,339,3,2
104,340,3,2
104,341,3,2
104,342,3,2
104,343,3,2
104,344,3,2
104,345,3,2
104,346,3,2
104,347,3,2
104,348,3,2
104,349,3,2
104,350,3,2
104,351,3,2
104,352,3,2
104,353,3,2
104,354,3,2
104,355,3,2
104,356,3,2
104,357,3,2
104,358,3,2
104,359,3,2
104,360,3,2
104,361,3,2
104,362,3,2
104,363,3,2
104,364,3,2
104,365,3,2
104,366,3,2
104,367,3,2
104,368,3,2
104,369,3,2
104,370,3,2
104,371,3,2
104,372,3,2
104,373,3,2
104,374,3,2
104,375,3,2
104,376,3,2
104,377,3,2
104,378,3,2
104,379,3,2
104,380,3,2
104,381,3,2
104,382,3,2
104,383,3,2
104,384,3,2
104,385,3,2
104,386,3,2
104,387,3,2
104,388,3,2
104,389,3,2
104,390,3,2
104,391,3,2
104,392,3,2
104,393,3,2
104,394,3,2
104,395,3,2
104,396,3,2
104,397,3,2
104,398,3,2
104,399,3,2
104,400,3,2
104,401,3,2
104,402,3,2
104,403,3,2
104,404,3,2
104,405,3,2
104,406,3,2
104,407,3,2
104,408,3,2
104,409,3,2
104,410,3,2
104,411,3,2
104,412,3,2
104,413,3,2
104,414,3,2
104,415,3,2
104,416,3,2
104,417,3,2
104,418,3,2
104,419,3,2
104,420,3,2
104,421,3,2
104,422,3,2
104,423,3,2
104,424,3,2
104,425,3,2
104,426,3,2
104,427,3,2
104,428,3,2
104,429,3,2
104,430,3,2
104,431,3,2
104,432,3,2
104,433,3,2
104,434,3,2
104,435,3,2
104,436,3,2
104,437,3,2
104,438,3,2
104,439,3,2
104,440,3,2
104,441,3,2
104,442,3,2
104,443,3,2
104,444,3,2
104,445,3,2
104,446,3,2
104,447,3,2
104,448,3,2
104,449,3,2
104,450,3,2
104,451,3,2
104,452,3,2
104,453,3,2
104,454,3,2
104,455,3,2
104,456,3,2
104,457,3,2
104,458,3,2
104,459,3,2
104,460,3,2
104,461,3,2
104,462,3,2
104,463,3,2
104,464,3,2
104,465,3,2
104,466,3,2
104,467,3,2
104,468,3,2
104,469,3,2
104,470,3,2
104,471,3,2
104,472,3,2
104,473,3,2
104,474,3,2
104,475,3,2
104,476,3,2
104,477,3,2
104,478,3,2
104,479,3,2
104,480,3,2
104,481,3,2
104,482,3,2
104,483,3,2
104,484,3,2
104,485,3,2
104,486,3,2
104,487,3,2
104,488,3,2
104,489,3,2
104,490,3,2
104,491,3,2
104,492,3,2
104,493,3,2
104,494,3,2
104,495,3,2
104,496,3,2
104,497,3,2
104,498,3,2
104,499,3,2
104,500,3,2
104,501,3,2
104,502,3,2
104,503,3,2
104,504,3,2
104,505,3,2
104,506,3,2
104,507,3,2
104,508,3,2
104,509,3,2
104,510,3,2
104,511,3,2
104,512,3,2
104,513,3,2
104,514,3,2
104,515,3,2
104,516,3,2
104,517,3,2
104,518,3,2
104,519,3,2
104,520,3,2
104,521,3,2
104,522,3,2
104,523,3,2
104,524,3,2
104,525,3,2
104,526,3,2
104,527,3,2
104,528,3,2
104,529,3,2
104,530,3,2
104,531,3,2
104,532,3,2
104,533,3,2
104,534,3,2
104,535,3,2
104,536,3,2
104,537,3,2
104,538,3,2
104,539,3,2
104,540,3,2
104,541,3,2
104,542,3,2
104,543,3,2
104,544,3,2
104,545,3,2
104,546,3,2
104,547,3,2
104,548,3,2
104,549,3,2
104,550,3,2
104,551,3,2
104,552,3,2
104,553,3,2
104,554,3,2
104,555,3,2
104,556,3,2
104,557,3,2
104,558,3,2
104,559,3,2
104,560,3,2
104,561,3,2
104,562,3,2
104,563,3,2
104,564,3,2
104,565,3,2
104,566,3,2
104,567,3,2
104,568,3,2
104,569,3,2
104,570,3,2
104,571,3,2
104,572,3,2
104,573,3,2
104,574,3,2
104,575,3,2
104,576,3,2
104,577,3,2
104,578,3,2
104,579,3,2
104,580,3,2
104,581,3,2
104,582,3,2
104,583,3,2
104,584,3,2
104,585,3,2
104,586,3,2
104,587,3,2
104,588,3,2
104,589,3,2
104,590,3,2
104,591,3,2
104,592,3,2
104,593,3,2
104,594,3,2
104,595,3,2
104,596,3,2
104,597,3,2
104,598,3,2
104,599,3,2
104,600,3,2
104,601,3,2
104,602,3,2
104,603,3,2
104,604,3,2
104,605,3,2
104,606,3,2
104,607,3,2
104,608,3,2
104,609,3,2
104,610,3,2
104,611,3,2
104,612,3,2
104,613,3,2
104,614,3,2
104,615,3,2
104,616,3,2
104,617,3,2
104,618,3,2
104,619,3,2
104,620,3,2
104,621,3,2
104,622,3,2
104,623,3,2
104,624,3,2
104,625,3,2
104,626,3,2
104,627,3,2
104,628,3,2
104,629,3,2
104,630,3,2
104,631,3,2
104,632,3,2
104,633,3,2
104,634,3,2
104,635,3,2
104,636,3,2
104,637,3,2
104,638,3,2
104,639,3,2
104,640,3,2
104,641,3,2
104,642,3,2
104,643,3,2
104,644,3,2
104,645,3,2
104,646,3,2
104,647,3,2
104,648,3,2
104,649,3,2
104,650,3,2
104,651,3,2
104,652,3,2
104,653,3,2
104,654,3,2
104,655,3,2
104,656,3,2
104,657,3,2
104,658,3,2
104,659,3,2
104,660,3,2
104,661,3,2
104,662,3,2
104,663,3,2
104,664,3,2
104,665,3,2
104,666,3,2
104,667,3,2
104,668,3,2
104,669,3,2
104,670,3,2
104,671,3,2
104,672,3,2
104,673,3,3
104,674,3,3
104,675,3,3
104,676,3,3
104,677,3,3
104,678,3,3
104,679,3,3
104,680,3,3
104,681,3,2
104,682,3,2
105,257,3,2
105,258,3,2
105,259,3,2
105,260,3,2
105,261,3,2
105,262,3,2
105,263,3,2
105,264,3,2
105,265,3,2
105,266,3,2
105,267,3,2
105,268,3,2
105,269,3,2
105,270,3,2
105,271,3,2
105,272,3,2
105,273,3,2
105,274,3,2
105,275,3,2
105,276,3,2
105,277,3,2
105,278,3,2
105,279,3,2
105,280,3,2
105,281,3,2
105,282,3,2
105,283,3,2
105,284,3,2
105,285,3,2
105,286,3,2
105,287,3,2
105,288,3,2
105,289,3,2
105,290,3,2
105,291,3,2
105,292,3,2
105,293,3,2
105,294,3,2
105,295,3,2
105,296,3,2
105,297,3,2
105,298,3,2
105,299,3,2
105,300,3,2
105,301,3,2
105,302,3,2
105,303,3,2
105,304,3,2
105,305,3,2
105,306,3,2
105,307,3,2
105,308,3,2
105,309,3,2
105,310,3,2
105,311,3,2
105,312,3,2
105,313,3,2
105,314,3,2
105,315,3,2
105,316,3,2
105,317,3,2
105,318,3,2
105,319,3,2
105,320,3,2
105,321,3,2
105,322,3,2
105,323,3,2
105,324,3,2
105,325,3,2
105,326,3,2
105,327,3,2
105,328,3,2
105,329,3,2
105,330,3,2
105,331,3,2
105,332,3,2
105,333,3,2
105,334,3,2
105,335,3,2
105,336,3,2
105,337,3,2
105,338,3,2
105,339,3,2
105,340,3,2
105,341,3,2
105,342,3,2
105,343,3,2
105,344,3,2
105,345,3,2
105,346,3,2
105,347,3,2
105,348,3,2
105,349,3,2
105,350,3,2
105,351,3,2
105,352,3,2
105,353,3,2
105,354,3,2
105,355,3,2
105,356,3,2
105,357,3,2
105,358,3,2
105,359,3,2
105,360,3,2
105,361,3,2
105,362,3,2
105,363,3,2
105,364,3,2
105,365,3,2
105,366,3,2
105,367,3,2
105,368,3,2
105,369,3,2
105,370,3,2
105,371,3,2
105,372,3,2
105,373,3,2
105,374,3,2
105,375,3,2
105,376,3,2
105,377,3,2
105,378,3,2
105,379,3,2
105,380,3,2
105,381,3,2
105,382,3,2
105,383,3,2
105,384,3,2
105,385,3,2
105,386,3,2
105,387,3,2
105,388,3,2
105,389,3,2
105,390,3,2
105,391,3,2
105,392,3,2
105,393,3,2
105,394,3,2
105,395,3,2
105,396,3,2
105,397,3,2
105,398,3,2
105,399,3,2
105,400,3,2
105,401,3,2
105,402,3,2
105,403,3,2
105,404,3,2
105,405,3,2
105,406,3,2
105,407,3,2
105,408,3,2
105,409,3,2
105,410,3,2
105,411,3,2
105,412,3,2
105,413,3,2
105,414,3,2
105,415,3,2
105,416,3,2
105,417,3,2
105,418,3,2
105,419,3,2
105,420,3,2
105,421,3,2
105,422,3,2
105,423,3,2
105,424,3,2
105,425,3,2
105,426,3,2
105,427,3,2
105,428,3,2
105,429,3,2
105,430,3,2
105,431,3,2
105,432,3,2
105,433,3,2
105,434,3,2
105,435,3,2
105,436,3,2
105,437,3,2
105,438,3,2
105,439,3,2
105,440,3,2
105,441,3,2
105,442,3,2
105,443,3,2
105,444,3,2
105,445,3,2
105,446,3,2
105,447,3,2
105,448,3,2
105,449,3,2
105,450,3,2
105,451,3,2
105,452,3,2
105,453,3,2
105,454,3,2
105,455,3,2
105,456,3,2
105,457,3,2
105,458,3,2
105,459,3,2
105,460,3,2
105,461,3,2
105,462,3,2
105,463,3,2
105,464,3,2
105,465,3,2
105,466,3,2
105,467,3,2
105,468,3,2
105,469,3,2
105,470,3,2
105,471,3,2
105,472,3,2
105,473,3,2
105,474,3,2
105,475,3,2
105,476,3,2
105,477,3,2
105,478,3,2
105,479,3,2
105,480,3,2
105,481,3,2
105,482,3,2
105,483,3,2
105,484,3,2
105,485,3,2
105,486,3,2
105,487,3,2
105,488,3,2
105,489,3,2
105,490,3,2
105,491,3,2
105,492,3,2
105,493,3,2
105,494,3,2
105,495,3,2
105,496,3,2
105,497,3,2
105,498,3,2
105,499,3,2
105,500,3,2
105,501,3,2
105,502,3,2
105,503,3,2
105,504,3,2
105,505,3,2
105,506,3,2
105,507,3,2
105,508,3,2
105,509,3,2
105,510,3,2
105,511,3,2
105,512,3,2
105,513,3,2
105,514,3,2
105,515,3,2
105,516,3,2
105,517,3,2
105,518,3,2
105,519,3,2
105,520,3,2
105,521,3,2
105,522,3,2
105,523,3,2
105,524,3,2
105,525,3,2
105,526,3,2
105,527,3,2
105,528,3,2
105,529,3,2
105,530,3,2
105,531,3,2
105,532,3,2
105,533,3,2
105,534,3,2
105,535,3,2
105,536,3,2
105,537,3,2
105,538,3,2
105,539,3,2
105,540,3,2
105,541,3,2
105,542,3,2
105,543,3,2
105,544,3,2
105,545,3,2
105,546,3,2
105,547,3,2
105,548,3,2
105,549,3,2
105,550,3,2
105,551,3,2
105,552,3,2
105,553,3,2
105,554,3,2
105,555,3,2
105,556,3,2
105,557,3,2
105,558,3,2
105,559,3,2
105,560,3,2
105,561,3,2
105,562,3,2
105,563,3,2
105,564,3,2
105,565,3,2
105,566,3,2
105,567,3,2
105,568,3,2
105,569,3,2
105,570,3,2
105,571,3,2
105,572,3,2
105,573,3,2
105,574,3,2
105,575,3,2
105,576,3,2
105,577,3,2
105,578,3,2
105,579,3,2
105,580,3,2
105,581,3,2
105,582,3,2
105,583,3,2
105,584,3,2
105,585,3,2
105,586,3,2
105,587,3,2
105,588,3,2
105,589,3,2
105,590,3,2
105,591,3,2
105,592,3,2
105,593,3,2
105,594,3,2
105,595,3,2
105,596,3,2
105,597,3,2
105,598,3,2
105,599,3,2
105,600,3,2
105,601,3,2
105,602,3,2
105,603,3,2
105,604,3,2
105,605,3,2
105,606,3,2
105,607,3,2
105,608,3,2
105,609,3,2
105,610,3,2
105,611,3,2
105,612,3,2
105,613,3,2
105,614,3,2
105,615,3,2
105,616,3,2
105,617,3,2
105,618,3,2
105,619,3,2
105,620,3,2
105,621,3,2
105,622,3,2
105,623,3,2
105,624,3,2
105,625,3,2
105,626,3,2
105,627,3,2
105,628,3,2
105,629,3,2
105,630,3,2
105,631,3,2
105,632,3,2
105,633,3,2
105,634,3,2
105,635,3,2
105,636,3,2
105,637,3,2
105,638,3,2
105,639,3,2
105,640,3,2
105,641,3,2
105,642,3,2
105,643,3,2
105,644,3,2
105,645,3,2
105,646,3,2
105,647,3,2
105,648,3,2
105,649,3,2
105,650,3,2
105,651,3,2
105,652,3,2
105,653,3,2
105,654,3,2
105,655,3,2
105,656,3,2
105,657,3,2
105,658,3,2
105,659,3,2
105,660,3,2
105,661,3,2
105,662,3,2
105,663,3,2
105,664,3,2
105,665,3,2
105,666,3,2
105,667,3,2
105,668,3,2
105,669,3,2
105,670,3,2
105,671,3,2
105,672,3,2
105,673,3,3
105,674,3,3
105,675,3,3
105,676,3,3
105,677,3,3
105,678,3,3
105,679,3,3
105,680,3,3
105,681,3,3
105,682,3,3
106,251,3,2
106,252,3,2
106,253,3,2
106,254,3,2
106,255,3,2
106,256,3,2
106,257,3,2
106,258,3,2
106,259,3,2
106,260,3,2
106,261,3,2
106,262,3,3
106,263,3,2
106,264,3,2
106,265,3,2
106,266,3,2
106,267,3,2
106,268,3,2
106,269,3,2
106,270,3,2
106,271,3,2
106,272,3,2
106,273,3,2
106,274,3,2
106,275,3,2
106,276,3,2
106,277,3,2
106,278,3,2
106,279,3,2
106,280,3,2
106,281,3,2
106,282,3,2
106,283,3,2
106,284,3,2
106,285,3,2
106,286,3,2
106,287,3,2
106,288,3,2
106,289,3,2
106,290,3,2
106,291,3,2
106,292,3,2
106,293,3,2
106,294,3,2
106,295,3,2
106,296,3,2
106,297,3,2
106,298,3,2
106,299,3,2
106,300,3,2
106,301,3,2
106,302,3,2
106,303,3,2
106,304,3,2
106,305,3,2
106,306,3,2
106,307,3,2
106,308,3,2
106,309,3,2
106,310,3,2
106,311,3,2
106,312,3,2
106,313,3,2
106,314,3,2
106,315,3,2
106,316,3,2
106,317,3,2
106,318,3,2
106,319,3,2
106,320,3,2
106,321,3,2
106,322,3,2
106,323,3,2
106,324,3,2
106,325,3,2
106,326,3,2
106,327,3,2
106,328,3,2
106,329,3,2
106,330,3,2
106,331,3,2
106,332,3,2
106,333,3,2
106,334,3,2
106,335,3,2
106,336,3,2
106,337,3,2
106,338,3,2
106,339,3,2
106,340,3,2
106,341,3,2
106,342,3,2
106,343,3,2
106,344,3,2
106,345,3,2
106,346,3,2
106,347,3,2
106,348,3,2
106,349,3,2
106,350,3,2
106,351,3,2
106,352,3,2
106,353,3,2
106,354,3,2
106,355,3,2
106,356,3,2
106,357,3,2
106,358,3,2
106,359,3,2
106,360,3,2
106,361,3,2
106,362,3,2
106,363,3,2
106,364,3,2
106,365,3,2
106,366,3,2
106,367,3,2
106,368,3,2
106,369,3,2
106,370,3,2
106,371,3,2
106,372,3,2
106,373,3,2
106,374,3,2
106,375,3,2
106,376,3,2
106,377,3,2
106,378,3,2
106,379,3,2
106,380,3,2
106,381,3,2
106,382,3,2
106,383,3,2
106,384,3,2
106,385,3,2
106,386,3,2
106,387,3,2
106,388,3,2
106,389,3,2
106,390,3,2
106,391,3,2
106,392,3,2
106,393,3,2
106,394,3,2
106,395,3,2
106,396,3,2
106,397,3,2
106,398,3,2
106,399,3,2
106,400,3,2
106,401,3,2
106,402,3,2
106,403,3,2
106,404,3,2
106,405,3,2
106,406,3,2
106,407,3,2
106,408,3,2
106,409,3,2
106,410,3,2
106,411,3,2
106,412,3,2
106,413,3,2
106,414,3,2
106,415,3,2
106,416,3,2
106,417,3,2
106,418,3,2
106,419,3,2
106,420,3,2
106,421,3,2
106,422,3,2
106,423,3,2
106,424,3,2
106,425,3,2
106,426,3,2
106,427,3,2
106,428,3,2
106,429,3,2
106,430,3,2
106,431,3,2
106,432,3,2
106,433,3,2
106,434,3,2
106,435,3,2
106,436,3,2
106,437,3,2
106,438,3,2
106,439,3,2
106,440,3,2
106,441,3,2
106,442,3,2
106,443,3,2
106,444,3,2
106,445,3,2
106,446,3,2
106,447,3,2
106,448,3,2
106,449,3,2
106,450,3,2
106,451,3,2
106,452,3,2
106,453,3,2
106,454,3,2
106,455,3,2
106,456,3,2
106,457,3,2
106,458,3,2
106,459,3,2
106,460,3,2
106,461,3,2
106,462,3,2
106,463,3,2
106,464,3,2
106,465,3,2
106,466,3,2
106,467,3,2
106,468,3,2
106,469,3,2
106,470,3,2
106,471,3,2
106,472,3,2
106,473,3,2
106,474,3,2
106,475,3,2
106,476,3,2
106,477,3,2
106,478,3,2
106,479,3,2
106,480,3,2
106,481,3,2
106,482,3,2
106,483,3,2
106,484,3,2
106,485,3,2
106,486,3,2
106,487,3,2
106,488,3,2
106,489,3,2
106,490,3,2
106,491,3,2
106,492,3,2
106,493,3,2
106,494,3,2
106,495,3,2
106,496,3,2
106,497,3,2
106,498,3,2
106,499,3,2
106,500,3,2
106,501,3,2
106,502,3,2
106,503,3,2
106,504,3,2
106,505,3,2
106,506,3,2
106,507,3,2
106,508,3,2
106,509,3,2
106,510,3,2
106,511,3,2
106,512,3,2
106,513,3,2
106,514,3,2
106,515,3,2
106,516,3,2
106,517,3,2
106,518,3,2
106,519,3,2
106,520,3,2
106,521,3,2
106,522,3,2
106,523,3,2
106,524,3,2
106,525,3,2
106,526,3,2
106,527,3,2
106,528,3,2
106,529,3,2
106,530,3,2
106,531,3,2
106,532,3,2
106,533,3,2
106,534,3,2
106,535,3,2
106,536,3,2
106,537,3,2
106,538,3,2
106,539,3,2
106,540,3,2
106,541,3,2
106,542,3,2
106,543,3,2
106,544,3,2
106,545,3,2
106,546,3,2
106,547,3,2
106,548,3,2
106,549,3,2
106,550,3,2
106,551,3,2
106,552,3,2
106,553,3,2
106,554,3,2
106,555,3,2
106,556,3,2
106,557,3,2
106,558,3,2
106,559,3,2
106,560,3,2
106,561,3,2
106,562,3,2
106,563,3,2
106,564,3,2
106,565,3,2
106,566,3,2
106,567,3,2
106,568,3,2
106,569,3,2
106,570,3,2
106,571,3,2
106,572,3,2
106,573,3,2
106,574,3,2
106,575,3,2
106,576,3,2
106,577,3,2
106,578,3,2
106,579,3,2
106,580,3,2
106,581,3,2
106,582,3,2
106,583,3,2
106,584,3,2
106,585,3,2
106,586,3,2
106,587,3,2
106,588,3,2
106,589,3,2
106,590,3,2
106,591,3,2
106,592,3,2
106,593,3,2
106,594,3,2
106,595,3,2
106,596,3,2
106,597,3,2
106,598,3,2
106,599,3,2
106,600,3,2
106,601,3,2
106,602,3,2
106,603,3,2
106,604,3,2
106,605,3,2
106,606,3,2
106,607,3,2
106,608,3,2
106,609,3,2
106,610,3,2
106,611,3,2
106,612,3,2
106,613,3,2
106,614,3,2
106,615,3,2
106,616,3,2
106,617,3,2
106,618,3,2
106,619,3,2
106,620,3,2
106,621,3,2
106,622,3,2
106,623,3,2
106,624,3,2
106,625,3,2
106,626,3,2
106,627,3,2
106,628,3,2
106,629,3,2
106,630,3,2
106,631,3,2
106,632,3,2
106,633,3,2
106,634,3,2
106,635,3,2
106,636,3,2
106,637,3,2
106,638,3,2
106,639,3,2
106,640,3,2
106,641,3,2
106,642,3,2
106,643,3,2
106,644,3,2
106,645,3,2
106,646,3,2
106,647,3,2
106,648,3,2
106,649,3,2
106,650,3,2
106,651,3,2
106,652,3,2
106,653,3,2
106,654,3,2
106,655,3,2
106,656,3,2
106,657,3,2
106,658,3,2
106,659,3,2
106,660,3,2
106,661,3,2
106,662,3,2
106,663,3,2
106,664,3,2
106,665,3,2
106,666,3,2
106,667,3,2
106,668,3,2
106,669,3,2
106,670,3,2
106,671,3,2
106,672,3,2
106,673,3,3
106,674,3,3
106,675,3,3
106,676,3,3
106,677,3,3
106,678,3,3
106,679,3,3
106,680,3,3
106,681,3,3
106,682,3,3
106,683,3,3
106,684,3,3
106,685,3,2
106,687,3,2
107,248,3,2
107,249,3,2
107,250,3,2
107,251,3,2
107,252,3,2
107,253,3,2
107,254,3,2
107,255,3,2
107,256,3,2
107,257,3,2
107,258,3,2
107,259,3,2
107,260,3,3
107,261,3,3
107,262,3,3
107,263,3,3
107,264,3,2
107,265,3,2
107,266,3,2
107,267,3,2
107,268,3,2
107,269,3,2
107,270,3,2
107,271,3,2
107,272,3,2
107,273,3,2
107,274,3,2
107,275,3,2
107,276,3,2
107,277,3,2
107,278,3,2
107,279,3,2
107,280,3,2
107,281,3,2
107,282,3,2
107,283,3,2
107,284,3,2
107,285,3,2
107,286,3,2
107,287,3,2
107,288,3,2
107,289,3,2
107,290,3,2
107,291,3,2
107,292,3,2
107,293,3,2
107,294,3,2
107,295,3,2
107,296,3,2
107,297,3,2
107,298,3,2
107,299,3,2
107,300,3,2
107,301,3,2
107,302,3,2
107,303,3,2
107,304,3,2
107,305,3,2
107,306,3,2
107,307,3,2
107,308,3,2
107,309,3,2
107,310,3,2
107,311,3,2
107,312,3,2
107,313,3,2
107,314,3,2
107,315,3,2
107,316,3,2
107,317,3,2
107,318,3,2
107,319,3,2
107,320,3,2
107,321,3,2
107,322,3,2
107,323,3,2
107,324,3,2
107,325,3,2
107,326,3,2
107,327,3,2
107,328,3,2
107,329,3,2
107,330,3,2
107,331,3,2
107,332,3,2
107,333,3,2
107,334,3,2
107,335,3,2
107,336,3,2
107,337,3,2
107,338,3,2
107,339,3,2
107,340,3,2
107,341,3,2
107,342,3,2
107,343,3,2
107,344,3,2
107,345,3,2
107,346,3,2
107,347,3,2
107,348,3,2
107,349,3,2
107,350,3,2
107,351,3,2
107,352,3,2
107,353,3,2
107,354,3,2
107,355,3,2
107,356,3,2
107,357,3,2
107,358,3,2
107,359,3,2
107,360,3,2
107,361,3,2
107,362,3,2
107,363,3,2
107,364,3,2
107,365,3,2
107,366,3,2
107,367,3,2
107,368,3,2
107,369,3,2
107,370,3,2
107,371,3,2
107,372,3,2
107,373,3,2
107,374,3,2
107,375,3,2
107,376,3,2
107,377,3,2
107,378,3,2
107,379,3,2
107,380,3,2
107,381,3,2
107,382,3,2
107,383,3,2
107,384,3,2
107,385,3,2
107,386,3,2
107,387,3,2
107,388,3,2
107,389,3,2
107,390,3,2
107,391,3,2
107,392,3,2
107,393,3,2
107,394,3,2
107,395,3,2
107,396,3,2
107,397,3,2
107,398,3,2
107,399,3,2
107,400,3,2
107,401,3,2
107,402,3,2
107,403,3,2
107,404,3,2
107,405,3,2
107,406,3,2
107,407,3,2
107,408,3,2
107,409,3,2
107,410,3,2
107,411,3,2
107,412,3,2
107,413,3,2
107,414,3,2
107,415,3,2
107,416,3,2
107,417,3,2
107,418,3,2
107,419,3,2
107,420,3,2
107,421,3,2
107,422,3,2
107,423,3,2
107,424,3,2
107,425,3,2
107,426,3,2
107,427,3,2
107,428,3,2
107,429,3,2
107,430,3,2
107,431,3,2
107,432,3,2
107,433,3,2
107,434,3,2
107,435,3,2
107,436,3,2
107,437,3,2
107,438,3,2
107,439,3,2
107,440,3,2
107,441,3,2
107,442,3,2
107,443,3,2
107,444,3,2
107,445,3,2
107,446,3,2
107,447,3,2
107,448,3,2
107,449,3,2
107,450,3,2
107,451,3,2
107,452,3,2
107,453,3,2
107,454,3,2
107,455,3,2
107,456,3,2
107,457,3,2
107,458,3,2
107,459,3,2
107,460,3,2
107,461,3,2
107,462,3,2
107,463,3,2
107,464,3,2
107,465,3,2
107,466,3,2
107,467,3,2
107,468,3,2
107,469,3,2
107,470,3,2
107,471,3,2
107,472,3,2
107,473,3,2
107,474,3,2
107,475,3,2
107,476,3,2
107,477,3,2
107,478,3,2
107,479,3,2
107,480,3,2
107,481,3,2
107,482,3,2
107,483,3,2
107,484,3,2
107,485,3,2
107,486,3,2
107,487,3,2
107,488,3,2
107,489,3,2
107,490,3,2
107,491,3,2
107,492,3,2
107,493,3,2
107,494,3,2
107,495,3,2
107,496,3,2
107,497,3,2
107,498,3,2
107,499,3,2
107,500,3,2
107,501,3,2
107,502,3,2
107,503,3,2
107,504,3,2
107,505,3,2
107,506,3,2
107,507,3,2
107,508,3,2
107,509,3,2
107,510,3,2
107,511,3,2
107,512,3,2
107,513,3,2
107,514,3,2
107,515,3,2
107,516,3,2
107,517,3,2
107,518,3,2
107,519,3,2
107,520,3,2
107,521,3,2
107,522,3,2
107,523,3,2
107,524,3,2
107,525,3,2
107,526,3,2
107,527,3,2
107,528,3,2
107,529,3,2
107,530,3,2
107,531,3,2
107,532,3,2
107,533,3,2
107,534,3,2
107,535,3,2
107,536,3,2
107,537,3,2
107,538,3,2
107,539,3,2
107,540,3,2
107,541,3,2
107,542,3,2
107,543,3,2
107,544,3,2
107,545,3,2
107,546,3,2
107,547,3,2
107,548,3,2
107,549,3,2
107,550,3,2
107,551,3,2
107,552,3,2
107,553,3,2
107,554,3,2
107,555,3,2
107,556,3,2
107,557,3,2
107,558,3,2
107,559,3,2
107,560,3,2
107,561,3,2
107,562,3,2
107,563,3,2
107,564,3,2
107,565,3,2
107,566,3,2
107,567,3,2
107,568,3,2
107,569,3,2
107,570,3,2
107,571,3,2
107,572,3,2
107,573,3,2
107,574,3,2
107,575,3,2
107,576,3,2
107,577,3,2
107,578,3,2
107,579,3,2
107,580,3,2
107,581,3,2
107,582,3,2
107,583,3,2
107,584,3,2
107,585,3,2
107,586,3,2
107,587,3,2
107,588,3,2
107,589,3,2
107,590,3,2
107,591,3,2
107,592,3,2
107,593,3,2
107,594,3,2
107,595,3,2
107,596,3,2
107,597,3,2
107,598,3,2
107,599,3,2
107,600,3,2
107,601,3,2
107,602,3,2
107,603,3,2
107,604,3,2
107,605,3,2
107,606,3,2
107,607,3,2
107,608,3,2
107,609,3,2
107,610,3,2
107,611,3,2
107,612,3,2
107,613,3,2
107,614,3,2
107,615,3,2
107,616,3,2
107,617,3,2
107,618,3,2
107,619,3,2
107,620,3,2
107,621,3,2
107,622,3,2
107,623,3,2
107,624,3,2
107,625,3,2
107,626,3,2
107,627,3,2
107,628,3,2
107,629,3,2
107,630,3,2
107,631,3,2
107,632,3,2
107,633,3,2
107,634,3,2
107,635,3,2
107,636,3,2
107,637,3,2
107,638,3,2
107,639,3,2
107,640,3,2
107,641,3,2
107,642,3,2
107,643,3,2
107,644,3,2
107,645,3,2
107,646,3,2
107,647,3,2
107,648,3,2
107,649,3,2
107,650,3,2
107,651,3,2
107,652,3,2
107,653,3,2
107,654,3,2
107,655,3,2
107,656,3,2
107,657,3,2
107,658,3,2
107,659,3,2
107,660,3,2
107,661,3,2
107,662,3,2
107,663,3,2
107,664,3,2
107,665,3,2
107,666,3,2
107,667,3,2
107,668,3,2
107,669,3,2
107,670,3,2
107,671,3,2
107,672,3,2
107,673,3,3
107,674,3,3
107,675,3,3
107,676,3,3
107,677,3,3
107,678,3,3
107,679,3,3
107,680,3,3
107,681,3,3
107,682,3,3
107,683,3,3
107,684,3,3
107,685,3,3
107,686,3,2
107,687,3,2
107,688,3,2
107,689,3,2
108,246,3,2
108,247,3,2
108,248,3,2
108,249,3,2
108,250,3,2
108,251,3,2
108,252,3,2
108,253,3,2
108,254,3,2
108,255,3,2
108,256,3,2
108,257,3,2
108,258,3,2
108,259,3,2
108,260,3,3
108,261,3,3
108,262,3,3
108,263,3,3
108,264,3,2
108,265,3,2
108,266,3,2
108,267,3,2
108,268,3,2
108,269,3,2
108,270,3,2
108,271,3,2
108,272,3,2
108,273,3,2
108,274,3,2
108,275,3,2
108,276,3,2
108,277,3,2
108,278,3,2
108,279,3,2
108,280,3,2
108,281,3,2
108,282,3,2
108,283,3,2
108,284,3,2
108,285,3,2
108,286,3,2
108,287,3,2
108,288,3,2
108,289,3,2
108,290,3,2
108,291,3,2
108,292,3,2
108,293,3,2
108,294,3,2
108,295,3,2
108,296,3,2
108,297,3,2
108,298,3,2
108,299,3,2
108,300,3,2
108,301,3,2
108,302,3,2
108,303,3,2
108,304,3,2
108,305,3,2
108,306,3,2
108,307,3,2
108,308,3,2
108,309,3,2
108,310,3,2
108,311,3,2
108,312,3,2
108,313,3,2
108,314,3,2
108,315,3,2
108,316,3,2
108,317,3,2
108,318,3,2
108,319,3,2
108,320,3,2
108,321,3,2
108,322,3,2
108,323,3,2
108,324,3,2
108,325,3,2
108,326,3,2
108,327,3,2
108,328,3,2
108,329,3,2
108,330,3,2
108,331,3,2
108,332,3,2
108,333,3,2
108,334,3,2
108,335,3,2
108,336,3,2
108,337,3,2
108,338,3,2
108,339,3,2
108,340,3,2
108,341,3,2
108,342,3,2
108,343,3,2
108,344,3,2
108,345,3,2
108,346,3,2
108,347,3,2
108,348,3,2
108,349,3,2
108,350,3,2
108,351,3,2
108,352,3,2
108,353,3,2
108,354,3,2
108,355,3,2
108,356,3,2
108,357,3,2
108,358,3,2
108,359,3,2
108,360,3,2
108,361,3,2
108,362,3,2
108,363,3,2
108,364,3,2
108,365,3,2
108,366,3,2
108,367,3,2
108,368,3,2
108,369,3,2
108,370,3,2
108,371,3,2
108,372,3,2
108,373,3,2
108,374,3,2
108,375,3,2
108,376,3,2
108,377,3,2
108,378,3,2
108,379,3,2
108,380,3,2
108,381,3,2
108,382,3,2
108,383,3,2
108,384,3,2
108,385,3,2
108,386,3,2
108,387,3,2
108,388,3,2
108,389,3,2
108,390,3,2
108,391,3,2
108,392,3,2
108,393,3,2
108,394,3,2
108,395,3,2
108,396,3,2
108,397,3,2
108,398,3,2
108,399,3,2
108,400,3,2
108,401,3,2
108,402,3,2
108,403,3,2
108,404,3,2
108,405,3,2
108,406,3,2
108,407,3,2
108,408,3,2
108,409,3,2
108,410,3,2
108,411,3,2
108,412,3,2
108,413,3,2
108,414,3,2
108,415,3,2
108,416,3,2
108,417,3,2
108,418,3,2
108,419,3,2
108,420,3,2
108,421,3,2
108,422,3,2
108,423,3,2
108,424,3,2
108,425,3,2
108,426,3,2
108,427,3,2
108,428,3,2
108,429,3,2
108,430,3,2
108,431,3,2
108,432,3,2
108,433,3,2
108,434,3,2
108,435,3,2
108,436,3,2
108,437,3,2
108,438,3,2
108,439,3,2
108,440,3,2
108,441,3,2
108,442,3,2
108,443,3,2
108,444,3,2
108,445,3,2
108,446,3,2
108,447,3,2
108,448,3,2
108,449,3,2
108,450,3,2
108,451,3,2
108,452,3,2
108,453,3,2
108,454,3,2
108,455,3,2
108,456,3,2
108,457,3,2
108,458,3,2
108,459,3,2
108,460,3,2
108,461,3,2
108,462,3,2
108,463,3,2
108,464,3,2
108,465,3,2
108,466,3,2
108,467,3,2
108,468,3,2
108,469,3,2
108,470,3,2
108,471,3,2
108,472,3,2
108,473,3,2
108,474,3,2
108,475,3,2
108,476,3,2
108,477,3,2
108,478,3,2
108,479,3,2
108,480,3,2
108,481,3,2
108,482,3,2
108,483,3,2
108,484,3,2
108,485,3,2
108,486,3,2
108,487,3,2
108,488,3,2
108,489,3,2
108,490,3,2
108,491,3,2
108,492,3,2
108,493,3,2
108,494,3,2
108,495,3,2
108,496,3,2
108,497,3,2
108,498,3,2
108,499,3,2
108,500,3,2
108,501,3,2
108,502,3,2
108,503,3,2
108,504,3,2
108,505,3,2
108,506,3,2
108,507,3,2
108,508,3,2
108,509,3,2
108,510,3,2
108,511,3,2
108,512,3,2
108,513,3,2
108,514,3,2
108,515,3,2
108,516,3,2
108,517,3,2
108,518,3,2
108,519,3,2
108,520,3,2
108,521,3,2
108,522,3,2
108,523,3,2
108,524,3,2
108,525,3,2
108,526,3,2
108,527,3,2
108,528,3,2
108,529,3,2
108,530,3,2
108,531,3,2
108,532,3,2
108,533,3,2
108,534,3,2
108,535,3,2
108,536,3,2
108,537,3,2
108,538,3,2
108,539,3,2
108,540,3,2
108,541,3,2
108,542,3,2
108,543,3,2
108,544,3,2
108,545,3,2
108,546,3,2
108,547,3,2
108,548,3,2
108,549,3,2
108,550,3,2
108,551,3,2
108,552,3,2
108,553,3,2
108,554,3,2
108,555,3,2
108,556,3,2
108,557,3,2
108,558,3,2
108,559,3,2
108,560,3,2
108,561,3,2
108,562,3,2
108,563,3,2
108,564,3,2
108,565,3,2
108,566,3,2
108,567,3,2
108,568,3,2
108,569,3,2
108,570,3,2
108,571,3,2
108,572,3,2
108,573,3,2
108,574,3,2
108,575,3,2
108,576,3,2
108,577,3,2
108,578,3,2
108,579,3,2
108,580,3,2
108,581,3,2
108,582,3,2
108,583,3,2
108,584,3,2
108,585,3,2
108,586,3,2
108,587,3,2
108,588,3,2
108,589,3,2
108,590,3,2
108,591,3,2
108,592,3,2
108,593,3,2
108,594,3,2
108,595,3,2
108,596,3,2
108,597,3,2
108,598,3,2
108,599,3,2
108,600,3,2
108,601,3,2
108,602,3,2
108,603,3,2
108,604,3,2
108,605,3,2
108,606,3,2
108,607,3,2
108,608,3,2
108,609,3,2
108,610,3,2
108,611,3,2
108,612,3,2
108,613,3,2
108,614,3,2
108,615,3,2
108,616,3,2
108,617,3,2
108,618,3,2
108,619,3,2
108,620,3,2
108,621,3,2
108,622,3,2
108,623,3,2
108,624,3,2
108,625,3,2
108,626,3,2
108,627,3,2
108,628,3,2
108,629,3,2
108,630,3,2
108,631,3,2
108,632,3,2
108,633,3,2
108,634,3,2
108,635,3,2
108,636,3,2
108,637,3,2
108,638,3,2
108,639,3,2
108,640,3,2
108,641,3,2
108,642,3,2
108,643,3,2
108,644,3,2
108,645,3,2
108,646,3,2
108,647,3,2
108,648,3,2
108,649,3,2
108,650,3,2
108,651,3,2
108,652,3,2
108,653,3,2
108,654,3,2
108,655,3,2
108,656,3,2
108,657,3,2
108,658,3,2
108,659,3,2
108,660,3,2
108,661,3,2
108,662,3,2
108,663,3,2
108,664,3,2
108,665,3,2
108,666,3,2
108,667,3,2
108,668,3,2
108,669,3,2
108,670,3,2
108,671,3,2
108,672,3,2
108,673,3,2
108,674,3,3
108,675,3,3
108,676,3,3
108,677,3,3
108,678,3,3
108,679,3,3
108,680,3,3
108,681,3,3
108,682,3,3
108,683,3,3
108,684,3,3
108,685,3,3
108,686,3,2
108,687,3,2
108,688,3,2
108,689,3,2
108,690,3,2
108,691,3,2
108,692,3,2
108,693,3,2
108,694,3,2
108,695,3,2
108,696,3,2
109,245,3,2
109,246,3,2
109,247,3,2
109,248,3,2
109,249,3,2
109,250,3,2
109,251,3,2
109,252,3,2
109,253,3,2
109,254,3,2
109,255,3,2
109,256,3,2
109,257,3,2
109,258,3,2
109,259,3,3
109,260,3,3
109,261,3,3
109,262,3,3
109,263,3,2
109,264,3,2
109,265,3,2
109,266,3,2
109,267,3,2
109,268,3,2
109,269,3,2
109,270,3,2
109,271,3,2
109,272,3,2
109,273,3,2
109,274,3,2
109,275,3,2
109,276,3,2
109,277,3,2
109,278,3,2
109,279,3,2
109,280,3,2
109,281,3,2
109,282,3,2
109,283,3,2
109,284,3,2
109,285,3,2
109,286,3,2
109,287,3,2
109,288,3,2
109,289,3,2
109,290,3,2
109,291,3,2
109,292,3,2
109,293,3,2
109,294,3,2
109,295,3,2
109,296,3,2
109,297,3,2
109,298,3,2
109,299,3,2
109,300,3,2
109,301,3,2
109,302,3,2
109,303,3,2
109,304,3,2
109,305,3,2
109,306,3,2
109,307,3,2
109,308,3,2
109,309,3,2
109,310,3,2
109,311,3,2
109,312,3,2
109,313,3,2
109,314,3,2
109,315,3,2
109,316,3,2
109,317,3,2
109,318,3,2
109,319,3,2
109,320,3,2
109,321,3,2
109,322,3,2
109,323,3,2
109,324,3,2
109,325,3,2
109,326,3,2
109,327,3,2
109,328,3,2
109,329,3,2
109,330,3,2
109,331,3,2
109,332,3,2
109,333,3,2
109,334,3,2
109,335,3,2
109,336,3,2
109,337,3,2
109,338,3,2
109,339,3,2
109,340,3,2
109,341,3,2
109,342,3,2
109,343,3,2
109,344,3,2
109,345,3,2
109,346,3,2
109,347,3,2
109,348,3,2
109,349,3,2
109,350,3,2
109,351,3,2
109,352,3,2
109,353,3,2
109,354,3,2
109,355,3,2
109,356,3,2
109,357,3,2
109,358,3,2
109,359,3,2
109,360,3,2
109,361,3,2
109,362,3,2
109,363,3,2
109,364,3,2
109,365,3,2
109,366,3,2
109,367,3,2
109,368,3,2
109,369,3,2
109,370,3,2
109,371,3,2
109,372,3,2
109,373,3,2
109,374,3,2
109,375,3,2
109,376,3,2
109,377,3,2
109,378,3,2
109,379,3,2
109,380,3,2
109,381,3,2
109,382,3,2
109,383,3,2
109,384,3,2
109,385,3,2
109,386,3,2
109,387,3,2
109,388,3,2
109,389,3,2
109,390,3,2
109,391,3,2
109,392,3,2
109,393,3,2
109,394,3,2
109,395,3,2
109,396,3,2
109,397,3,2
109,398,3,2
109,399,3,2
109,400,3,2
109,401,3,2
109,402,3,2
109,403,3,2
109,404,3,2
109,405,3,2
109,406,3,2
109,407,3,2
109,408,3,2
109,409,3,2
109,410,3,2
109,411,3,2
109,412,3,2
109,413,3,2
109,414,3,2
109,415,3,2
109,416,3,2
109,417,3,2
109,418,3,2
109,419,3,2
109,420,3,2
109,421,3,2
109,422,3,2
109,423,3,2
109,424,3,2
109,425,3,2
109,426,3,2
109,427,3,2
109,428,3,2
109,429,3,2
109,430,3,2
109,431,3,2
109,432,3,2
109,433,3,2
109,434,3,2
109,435,3,2
109,436,3,2
109,437,3,2
109,438,3,2
109,439,3,2
109,440,3,2
109,441,3,2
109,442,3,2
109,443,3,2
109,444,3,2
109,445,3,2
109,446,3,2
109,447,3,2
109,448,3,2
109,449,3,2
109,450,3,2
109,451,3,2
109,452,3,2
109,453,3,2
109,454,3,2
109,455,3,2
109,456,3,2
109,457,3,2
109,458,3,2
109,459,3,2
109,460,3,2
109,461,3,2
109,462,3,2
109,463,3,2
109,464,3,2
109,465,3,2
109,466,3,2
109,467,3,2
109,468,3,2
109,469,3,2
109,470,3,2
109,471,3,2
109,472,3,2
109,473,3,2
109,474,3,2
109,475,3,2
109,476,3,2
109,477,3,2
109,478,3,2
109,479,3,2
109,480,3,2
109,481,3,2
109,482,3,2
109,483,3,2
109,484,3,2
109,485,3,2
109,486,3,2
109,487,3,2
109,488,3,2
109,489,3,2
109,490,3,2
109,491,3,2
109,492,3,2
109,493,3,2
109,494,3,2
109,495,3,2
109,496,3,2
109,497,3,2
109,498,3,2
109,499,3,2
109,500,3,2
109,501,3,2
109,502,3,2
109,503,3,2
109,504,3,2
109,505,3,2
109,506,3,2
109,507,3,2
109,508,3,2
109,509,3,2
109,510,3,2
109,511,3,2
109,512,3,2
109,513,3,2
109,514,3,2
109,515,3,2
109,516,3,2
109,517,3,2
109,518,3,2
109,519,3,2
109,520,3,2
109,521,3,2
109,522,3,2
109,523,3,2
109,524,3,2
109,525,3,2
109,526,3,2
109,527,3,2
109,528,3,2
109,529,3,2
109,530,3,2
109,531,3,2
109,532,3,2
109,533,3,2
109,534,3,2
109,535,3,2
109,536,3,2
109,537,3,2
109,538,3,2
109,539,3,2
109,540,3,2
109,541,3,2
109,542,3,2
109,543,3,2
109,544,3,2
109,545,3,2
109,546,3,2
109,547,3,2
109,548,3,2
109,549,3,2
109,550,3,2
109,551,3,2
109,552,3,2
109,553,3,2
109,554,3,2
109,555,3,2
109,556,3,2
109,557,3,2
109,558,3,2
109,559,3,2
109,560,3,2
109,561,3,2
109,562,3,2
109,563,3,2
109,564,3,2
109,565,3,2
109,566,3,2
109,567,3,2
109,568,3,2
109,569,3,2
109,570,3,2
109,571,3,2
109,572,3,2
109,573,3,2
109,574,3,2
109,575,3,2
109,576,3,2
109,577,3,2
109,578,3,2
109,579,3,2
109,580,3,2
109,581,3,2
109,582,3,2
109,583,3,2
109,584,3,2
109,585,3,2
109,586,3,2
109,587,3,2
109,588,3,2
109,589,3,2
109,590,3,2
109,591,3,2
109,592,3,2
109,593,3,2
109,594,3,2
109,595,3,2
109,596,3,2
109,597,3,2
109,598,3,2
109,599,3,2
109,600,3,2
109,601,3,2
109,602,3,2
109,603,3,2
109,604,3,2
109,605,3,2
109,606,3,2
109,607,3,2
109,608,3,2
109,609,3,2
109,610,3,2
109,611,3,2
109,612,3,2
109,613,3,2
109,614,3,2
109,615,3,2
109,616,3,2
109,617,3,2
109,618,3,2
109,619,3,2
109,620,3,2
109,621,3,2
109,622,3,2
109,623,3,2
109,624,3,2
109,625,3,2
109,626,3,2
109,627,3,2
109,628,3,2
109,629,3,2
109,630,3,2
109,631,3,2
109,632,3,2
109,633,3,2
109,634,3,2
109,635,3,2
109,636,3,2
109,637,3,2
109,638,3,2
109,639,3,2
109,640,3,2
109,641,3,2
109,642,3,2
109,643,3,2
109,644,3,2
109,645,3,2
109,646,3,2
109,647,3,2
109,648,3,2
109,649,3,2
109,650,3,2
109,651,3,2
109,652,3,2
109,653,3,2
109,654,3,2
109,655,3,2
109,656,3,2
109,657,3,2
109,658,3,2
109,659,3,2
109,660,3,2
109,661,3,2
109,662,3,2
109,663,3,2
109,664,3,2
109,665,3,2
109,666,3,2
109,667,3,2
109,668,3,2
109,669,3,2
109,670,3,2
109,671,3,2
109,672,3,2
109,673,3,2
109,674,3,2
109,675,3,3
109,676,3,3
109,677,3,3
109,678,3,3
109,679,3,3
109,680,3,3
109,681,3,3
109,682,3,3
109,683,3,3
109,684,3,3
109,685,3,3
109,686,3,2
109,687,3,2
109,688,3,2
109,689,3,2
109,690,3,2
109,691,3,2
109,692,3,2
109,693,3,2
109,694,3,2
109,695,3,2
109,696,3,2
109,697,3,2
110,243,3,2
110,244,3,2
110,245,3,2
110,246,3,2
110,247,3,2
110,248,3,2
110,249,3,2
110,250,3,2
110,251,3,2
110,252,3,2
110,253,3,2
110,254,3,2
110,255,3,2
110,256,3,2
110,257,3,2
110,258,3,2
110,259,3,3
110,260,3,3
110,261,3,3
110,262,3,3
110,263,3,2
110,264,3,2
110,265,3,2
110,266,3,2
110,267,3,2
110,268,3,2
110,269,3,2
110,270,3,2
110,271,3,2
110,272,3,2
110,273,3,2
110,274,3,2
110,275,3,2
110,276,3,2
110,277,3,2
110,278,3,2
110,279,3,2
110,280,3,2
110,281,3,2
110,282,3,2
110,283,3,2
110,284,3,2
110,285,3,2
110,286,3,2
110,287,3,2
110,288,3,2
110,289,3,2
110,290,3,2
110,291,3,2
110,292,3,2
110,293,3,2
110,294,3,2
110,295,3,2
110,296,3,2
110,297,3,2
110,298,3,2
110,299,3,2
110,300,3,2
110,301,3,2
110,302,3,2
110,303,3,2
110,304,3,2
110,305,3,2
110,306,3,2
110,307,3,2
110,308,3,2
110,309,3,2
110,310,3,2
110,311,3,2
110,312,3,2
110,313,3,2
110,314,3,2
110,315,3,2
110,316,3,2
110,317,3,2
110,318,3,2
110,319,3,2
110,320,3,2
110,321,3,2
110,322,3,2
110,323,3,2
110,324,3,2
110,325,3,2
110,326,3,2
110,327,3,2
110,328,3,2
110,329,3,2
110,330,3,2
110,331,3,2
110,332,3,2
110,333,3,2
110,334,3,2
110,335,3,2
110,336,3,2
110,337,3,2
110,338,3,2
110,339,3,2
110,340,3,2
110,341,3,2
110,342,3,2
110,343,3,2
110,344,3,2
110,345,3,2
110,346,3,2
110,347,3,2
110,348,3,2
110,349,3,2
110,350,3,2
110,351,3,2
110,352,3,2
110,353,3,2
110,354,3,2
110,355,3,2
110,356,3,2
110,357,3,2
110,358,3,2
110,359,3,2
110,360,3,2
110,361,3,2
110,362,3,2
110,363,3,2
110,364,3,2
110,365,3,2
110,366,3,2
110,367,3,2
110,368,3,2
110,369,3,2
110,370,3,2
110,371,3,2
110,372,3,2
110,373,3,2
110,374,3,2
110,375,3,2
110,376,3,2
110,377,3,2
110,378,3,2
110,379,3,2
110,380,3,2
110,381,3,2
110,382,3,2
110,383,3,2
110,384,3,2
110,385,3,2
110,386,3,2
110,387,3,2
110,388,3,2
110,389,3,2
110,390,3,2
110,391,3,2
110,392,3,2
110,393,3,2
110,394,3,2
110,395,3,2
110,396,3,2
110,397,3,2
110,398,3,2
110,399,3,2
110,400,3,2
110,401,3,2
110,402,3,2
110,403,3,2
110,404,3,2
110,405,3,2
110,406,3,2
110,407,3,2
110,408,3,2
110,409,3,2
110,410,3,2
110,411,3,2
110,412,3,2
110,413,3,2
110,414,3,2
110,415,3,2
110,416,3,2
110,417,3,2
110,418,3,2
110,419,3,2
110,420,3,2
110,421,3,2
110,422,3,2
110,423,3,2
110,424,3,2
110,425,3,2
110,426,3,2
110,427,3,2
110,428,3,2
110,429,3,2
110,430,3,2
110,431,3,2
110,432,3,2
110,433,3,2
110,434,3,2
110,435,3,2
110,436,3,2
110,437,3,2
110,438,3,2
110,439,3,2
110,440,3,2
110,441,3,2
110,442,3,2
110,443,3,2
110,444,3,2
110,445,3,2
110,446,3,2
110,447,3,2
110,448,3,2
110,449,3,2
110,450,3,2
110,451,3,2
110,452,3,2
110,453,3,2
110,454,3,2
110,455,3,2
110,456,3,2
110,457,3,2
110,458,3,2
110,459,3,2
110,460,3,2
110,461,3,2
110,462,3,2
110,463,3,2
110,464,3,2
110,465,3,2
110,466,3,2
110,467,3,2
110,468,3,2
110,469,3,2
110,470,3,2
110,471,3,2
110,472,3,2
110,473,3,2
110,474,3,2
110,475,3,2
110,476,3,2
110,477,3,2
110,478,3,2
110,479,3,2
110,480,3,2
110,481,3,2
110,482,3,2
110,483,3,2
110,484,3,2
110,485,3,2
110,486,3,2
110,487,3,2
110,488,3,2
110,489,3,2
110,490,3,2
110,491,3,2
110,492,3,2
110,493,3,2
110,494,3,2
110,495,3,2
110,496,3,2
110,497,3,2
110,498,3,2
110,499,3,2
110,500,3,2
110,501,3,2
110,502,3,2
110,503,3,2
110,504,3,2
110,505,3,2
110,506,3,2
110,507,3,2
110,508,3,2
110,509,3,2
110,510,3,2
110,511,3,2
110,512,3,2
110,513,3,2
110,514,3,2
110,515,3,2
110,516,3,2
110,517,3,2
110,518,3,2
110,519,3,2
110,520,3,2
110,521,3,2
110,522,3,2
110,523,3,2
110,524,3,2
110,525,3,2
110,526,3,2
110,527,3,2
110,528,3,2
110,529,3,2
110,530,3,2
110,531,3,2
110,532,3,2
110,533,3,2
110,534,3,2
110,535,3,2
110,536,3,2
110,537,3,2
110,538,3,2
110,539,3,2
110,540,3,2
110,541,3,2
110,542,3,2
110,543,3,2
110,544,3,2
110,545,3,2
110,546,3,2
110,547,3,2
110,548,3,2
110,549,3,2
110,550,3,2
110,551,3,2
110,552,3,2
110,553,3,2
110,554,3,2
110,555,3,2
110,556,3,2
110,557,3,2
110,558,3,2
110,559,3,2
110,560,3,2
110,561,3,2
110,562,3,2
110,563,3,2
110,564,3,2
110,565,3,2
110,566,3,2
110,567,3,2
110,568,3,2
110,569,3,2
110,570,3,2
110,571,3,2
110,572,3,2
110,573,3,2
110,574,3,2
110,575,3,2
110,576,3,2
110,577,3,2
110,578,3,2
110,579,3,2
110,580,3,2
110,581,3,2
110,582,3,2
110,583,3,2
110,584,3,2
110,585,3,2
110,586,3,2
110,587,3,2
110,588,3,2
110,589,3,2
110,590,3,2
110,591,3,2
110,592,3,2
110,593,3,2
110,594,3,2
110,595,3,2
110,596,3,2
110,597,3,2
110,598,3,2
110,599,3,2
110,600,3,2
110,601,3,2
110,602,3,2
110,603,3,2
110,604,3,2
110,605,3,2
110,606,3,2
110,607,3,2
110,608,3,2
110,609,3,2
110,610,3,2
110,611,3,2
110,612,3,2
110,613,3,2
110,614,3,2
110,615,3,2
110,616,3,2
110,617,3,2
110,618,3,2
110,619,3,2
110,620,3,2
110,621,3,2
110,622,3,2
110,623,3,2
110,624,3,2
110,625,3,2
110,626,3,2
110,627,3,2
110,628,3,2
110,629,3,2
110,630,3,2
110,631,3,2
110,632,3,2
110,633,3,2
110,634,3,2
110,635,3,2
110,636,3,2
110,637,3,2
110,638,3,2
110,639,3,2
110,640,3,2
110,641,3,2
110,642,3,2
110,643,3,2
110,644,3,2
110,645,3,2
110,646,3,2
110,647,3,2
110,648,3,2
110,649,3,2
110,650,3,2
110,651,3,2
110,652,3,2
110,653,3,2
110,654,3,2
110,655,3,2
110,656,3,2
110,657,3,2
110,658,3,2
110,659,3,2
110,660,3,2
110,661,3,2
110,662,3,2
110,663,3,2
110,664,3,2
110,665,3,2
110,666,3,2
110,667,3,2
110,668,3,2
110,669,3,2
110,670,3,2
110,671,3,2
110,672,3,2
110,673,3,2
110,674,3,2
110,675,3,2
110,676,3,3
110,677,3,3
110,678,3,3
110,679,3,3
110,680,3,3
110,681,3,3
110,682,3,3
110,683,3,3
110,684,3,3
110,685,3,3
110,686,3,3
110,687,3,2
110,688,3,2
110,689,3,2
110,690,3,2
110,691,3,2
110,692,3,2
110,693,3,2
110,694,3,2
110,695,3,2
110,696,3,2
110,697,3,2
110,698,3,2
110,699,3,2
111,241,3,2
111,242,3,2
111,243,3,2
111,244,3,2
111,245,3,2
111,246,3,2
111,247,3,2
111,248,3,2
111,249,3,2
111,250,3,2
111,251,3,2
111,252,3,2
111,253,3,2
111,254,3,2
111,255,3,2
111,256,3,2
111,257,3,2
111,258,3,3
111,259,3,3
111,260,3,3
111,261,3,3
111,262,3,3
111,263,3,2
111,264,3,2
111,265,3,2
111,266,3,2
111,267,3,2
111,268,3,2
111,269,3,2
111,270,3,2
111,271,3,2
111,272,3,2
111,273,3,2
111,274,3,2
111,275,3,2
111,276,3,2
111,277,3,2
111,278,3,2
111,279,3,2
111,280,3,2
111,281,3,2
111,282,3,2
111,283,3,2
111,284,3,2
111,285,3,2
111,286,3,2
111,287,3,2
111,288,3,2
111,289,3,2
111,290,3,2
111,291,3,2
111,292,3,2
111,293,3,2
111,294,3,2
111,295,3,2
111,296,3,2
111,297,3,2
111,298,3,2
111,299,3,2
111,300,3,2
111,301,3,2
111,302,3,2
111,303,3,2
111,304,3,2
111,305,3,2
111,306,3,2
111,307,3,2
111,308,3,2
111,309,3,2
111,310,3,2
111,311,3,2
111,312,3,2
111,313,3,2
111,314,3,2
111,315,3,2
111,316,3,2
111,317,3,2
111,318,3,2
111,319,3,2
111,320,3,2
111,321,3,2
111,322,3,2
111,323,3,2
111,324,3,2
111,325,3,2
111,326,3,2
111,327,3,2
111,328,3,2
111,329,3,2
111,330,3,2
111,331,3,2
111,332,3,2
111,333,3,2
111,334,3,2
111,335,3,2
111,336,3,2
111,337,3,2
111,338,3,2
111,339,3,2
111,340,3,2
111,341,3,2
111,342,3,2
111,343,3,2
111,344,3,2
111,345,3,2
111,346,3,2
111,347,3,2
111,348,3,2
111,349,3,2
111,350,3,2
111,351,3,2
111,352,3,2
111,353,3,2
111,354,3,2
111,355,3,2
111,356,3,2
111,357,3,2
111,358,3,2
111,359,3,2
111,360,3,2
111,361,3,2
111,362,3,2
111,363,3,2
111,364,3,2
111,365,3,2
111,366,3,2
111,367,3,2
111,368,3,2
111,369,3,2
111,370,3,2
111,371,3,2
111,372,3,2
111,373,3,2
111,374,3,2
111,375,3,2
111,376,3,2
111,377,3,2
111,378,3,2
111,379,3,2
111,380,3,2
111,381,3,2
111,382,3,2
111,383,3,2
111,384,3,2
111,385,3,2
111,386,3,2
111,387,3,2
111,388,3,2
111,389,3,2
111,390,3,2
111,391,3,2
111,392,3,2
111,393,3,2
111,394,3,2
111,395,3,2
111,396,3,2
111,397,3,2
111,398,3,2
111,399,3,2
111,400,3,2
111,401,3,2
111,402,3,2
111,403,3,2
111,404,3,2
111,405,3,2
111,406,3,2
111,407,3,2
111,408,3,2
111,409,3,2
111,410,3,2
111,411,3,2
111,412,3,2
111,413,3,2
111,414,3,2
111,415,3,2
111,416,3,2
111,417,3,2
111,418,3,2
111,419,3,2
111,420,3,2
111,421,3,2
111,422,3,2
111,423,3,2
111,424,3,2
111,425,3,2
111,426,3,2
111,427,3,2
111,428,3,2
111,429,3,2
111,430,3,2
111,431,3,2
111,432,3,2
111,433,3,2
111,434,3,2
111,435,3,2
111,436,3,2
111,437,3,2
111,438,3,2
111,439,3,2
111,440,3,2
111,441,3,2
111,442,3,2
111,443,3,2
111,444,3,2
111,445,3,2
111,446,3,2
111,447,3,2
111,448,3,2
111,449,3,2
111,450,3,2
111,451,3,2
111,452,3,2
111,453,3,2
111,454,3,2
111,455,3,2
111,456,3,2
111,457,3,2
111,458,3,2
111,459,3,2
111,460,3,2
111,461,3,2
111,462,3,2
111,463,3,2
111,464,3,2
111,465,3,2
111,466,3,2
111,467,3,2
111,468,3,2
111,469,3,2
111,470,3,2
111,471,3,2
111,472,3,2
111,473,3,2
111,474,3,2
111,475,3,2
111,476,3,2
111,477,3,2
111,478,3,2
111,479,3,2
111,480,3,2
111,481,3,2
111,482,3,2
111,483,3,2
111,484,3,2
111,485,3,2
111,486,3,2
111,487,3,2
111,488,3,2
111,489,3,2
111,490,3,2
111,491,3,2
111,492,3,2
111,493,3,2
111,494,3,2
111,495,3,2
111,496,3,2
111,497,3,2
111,498,3,2
111,499,3,2
111,500,3,2
111,501,3,2
111,502,3,2
111,503,3,2
111,504,3,2
111,505,3,2
111,506,3,2
111,507,3,2
111,508,3,2
111,509,3,2
111,510,3,2
111,511,3,2
111,512,3,2
111,513,3,2
111,514,3,2
111,515,3,2
111,516,3,2
111,517,3,2
111,518,3,2
111,519,3,2
111,520,3,2
111,521,3,2
111,522,3,2
111,523,3,2
111,524,3,2
111,525,3,2
111,526,3,2
111,527,3,2
111,528,3,2
111,529,3,2
111,530,3,2
111,531,3,2
111,532,3,2
111,533,3,2
111,534,3,2
111,535,3,2
111,536,3,2
111,537,3,2
111,538,3,2
111,539,3,2
111,540,3,2
111,541,3,2
111,542,3,2
111,543,3,2
111,544,3,2
111,545,3,2
111,546,3,2
111,547,3,2
111,548,3,2
111,549,3,2
111,550,3,2
111,551,3,2
111,552,3,2
111,553,3,2
111,554,3,2
111,555,3,2
111,556,3,2
111,557,3,2
111,558,3,2
111,559,3,2
111,560,3,2
111,561,3,2
111,562,3,2
111,563,3,2
111,564,3,2
111,565,3,2
111,566,3,2
111,567,3,2
111,568,3,2
111,569,3,2
111,570,3,2
111,571,3,2
111,572,3,2
111,573,3,2
111,574,3,2
111,575,3,2
111,576,3,2
111,577,3,2
111,578,3,2
111,579,3,2
111,580,3,2
111,581,3,2
111,582,3,2
111,583,3,2
111,584,3,2
111,585,3,2
111,586,3,2
111,587,3,2
111,588,3,2
111,589,3,2
111,590,3,2
111,591,3,2
111,592,3,2
111,593,3,2
111,594,3,2
111,595,3,2
111,596,3,2
111,597,3,2
111,598,3,2
111,599,3,2
111,600,3,2
111,601,3,2
111,602,3,2
111,603,3,2
111,604,3,2
111,605,3,2
111,606,3,2
111,607,3,2
111,608,3,2
111,609,3,2
111,610,3,2
111,611,3,2
111,612,3,2
111,613,3,2
111,614,3,2
111,615,3,2
111,616,3,2
111,617,3,2
111,618,3,2
111,619,3,2
111,620,3,2
111,621,3,2
111,622,3,2
111,623,3,2
111,624,3,2
111,625,3,2
111,626,3,2
111,627,3,2
111,628,3,2
111,629,3,2
111,630,3,2
111,631,3,2
111,632,3,2
111,633,3,2
111,634,3,2
111,635,3,2
111,636,3,2
111,637,3,2
111,638,3,2
111,639,3,2
111,640,3,2
111,641,3,2
111,642,3,2
111,643,3,2
111,644,3,2
111,645,3,2
111,646,3,2
111,647,3,2
111,648,3,2
111,649,3,2
111,650,3,2
111,651,3,2
111,652,3,2
111,653,3,2
111,654,3,2
111,655,3,2
111,656,3,2
111,657,3,2
111,658,3,2
111,659,3,2
111,660,3,2
111,661,3,2
111,662,3,2
111,663,3,2
111,664,3,2
111,665,3,2
111,666,3,2
111,667,3,2
111,668,3,2
111,669,3,2
111,670,3,2
111,671,3,2
111,672,3,2
111,673,3,2
111,674,3,2
111,675,3,2
111,676,3,2
111,677,3,3
111,678,3,3
111,679,3,3
111,680,3,3
111,681,3,3
111,682,3,3
111,683,3,3
111,684,3,3
111,685,3,3
111,686,3,2
111,687,3,2
111,688,3,2
111,689,3,2
111,690,3,2
111,691,3,2
111,692,3,2
111,693,3,2
111,694,3,2
111,695,3,2
111,696,3,2
111,697,3,2
111,698,3,2
111,699,3,2
111,700,3,2
111,701,3,2
112,240,3,2
112,241,3,2
112,242,3,2
112,243,3,2
112,244,3,2
112,245,3,2
112,246,3,2
112,247,3,2
112,248,3,2
112,249,3,2
112,250,3,2
112,251,3,2
112,252,3,2
112,253,3,2
112,254,3,2
112,255,3,2
112,256,3,2
112,257,3,2
112,258,3,2
112,259,3,2
112,260,3,2
112,261,3,2
112,262,3,2
112,263,3,2
112,264,3,2
112,265,3,2
112,266,3,2
112,267,3,2
112,268,3,2
112,269,3,2
112,270,3,2
112,271,3,2
112,272,3,2
112,273,3,2
112,274,3,2
112,275,3,2
112,276,3,2
112,277,3,2
112,278,3,2
112,279,3,2
112,280,3,2
112,281,3,2
112,282,3,2
112,283,3,2
112,284,3,2
112,285,3,2
112,286,3,2
112,287,3,2
112,288,3,2
112,289,3,2
112,290,3,2
112,291,3,2
112,292,3,2
112,293,3,2
112,294,3,2
112,295,3,2
112,296,3,2
112,297,3,2
112,298,3,2
112,299,3,2
112,300,3,2
112,301,3,2
112,302,3,2
112,303,3,2
112,304,3,2
112,305,3,2
112,306,3,2
112,307,3,2
112,308,3,2
112,309,3,2
112,310,3,2
112,311,3,2
112,312,3,2
112,313,3,2
112,314,3,2
112,315,3,2
112,316,3,2
112,317,3,2
112,318,3,2
112,319,3,2
112,320,3,2
112,321,3,2
112,322,3,2
112,323,3,2
112,324,3,2
112,325,3,2
112,326,3,2
112,327,3,2
112,328,3,2
112,329,3,2
112,330,3,2
112,331,3,2
112,332,3,2
112,333,3,2
112,334,3,2
112,335,3,2
112,336,3,2
112,337,3,2
112,338,3,2
112,339,3,2
112,340,3,2
112,341,3,2
112,342,3,2
112,343,3,2
112,344,3,2
112,345,3,2
112,346,3,2
112,347,3,2
112,348,3,2
112,349,3,2
112,350,3,2
112,351,3,2
112,352,3,2
112,353,3,2
112,354,3,2
112,355,3,2
112,356,3,2
112,357,3,2
112,358,3,2
112,359,3,2
112,360,3,2
112,361,3,2
112,362,3,2
112,363,3,2
112,364,3,2
112,365,3,2
112,366,3,2
112,367,3,2
112,368,3,2
112,369,3,2
112,370,3,2
112,371,3,2
112,372,3,2
112,373,3,2
112,374,3,2
112,375,3,2
112,376,3,2
112,377,3,2
112,378,3,2
112,379,3,2
112,380,3,2
112,381,3,2
112,382,3,2
112,383,3,2
112,384,3,2
112,385,3,2
112,386,3,2
112,387,3,2
112,388,3,2
112,389,3,2
112,390,3,2
112,391,3,2
112,392,3,2
112,393,3,2
112,394,3,2
112,395,3,2
112,396,3,2
112,397,3,2
112,398,3,2
112,399,3,2
112,400,3,2
112,401,3,2
112,402,3,2
112,403,3,2
112,404,3,2
112,405,3,2
112,406,3,2
112,407,3,2
112,408,3,2
112,409,3,2
112,410,3,2
112,411,3,2
112,412,3,2
112,413,3,2
112,414,3,2
112,415,3,2
112,416,3,2
112,417,3,2
112,418,3,2
112,419,3,2
112,420,3,2
112,421,3,2
112,422,3,2
112,423,3,2
112,424,3,2
112,425,3,2
112,426,3,2
112,427,3,2
112,428,3,2
112,429,3,2
112,430,3,2
112,431,3,2
112,432,3,2
112,433,3,2
112,434,3,2
112,435,3,2
112,436,3,2
112,437,3,2
112,438,3,2
112,439,3,2
112,440,3,2
112,441,3,2
112,442,3,2
112,443,3,2
112,444,3,2
112,445,3,2
112,446,3,2
112,447,3,2
112,448,3,2
112,449,3,2
112,450,3,2
112,451,3,2
112,452,3,2
112,453,3,2
112,454,3,2
112,455,3,2
112,456,3,2
112,457,3,2
112,458,3,2
112,459,3,2
112,460,3,2
112,461,3,2
112,462,3,2
112,463,3,2
112,464,3,2
112,465,3,2
112,466,3,2
112,467,3,2
112,468,3,2
112,469,3,2
112,470,3,2
112,471,3,2
112,472,3,2
112,473,3,2
112,474,3,2
112,475,3,2
112,476,3,2
112,477,3,2
112,478,3,2
112,479,3,2
112,480,3,2
112,481,3,2
112,482,3,2
112,483,3,2
112,484,3,2
112,485,3,2
112,486,3,2
112,487,3,2
112,488,3,2
112,489,3,2
112,490,3,2
112,491,3,2
112,492,3,2
112,493,3,2
112,494,3,2
112,495,3,2
112,496,3,2
112,497,3,2
112,498,3,2
112,499,3,2
112,500,3,2
112,501,3,2
112,502,3,2
112,503,3,2
112,504,3,2
112,505,3,2
112,506,3,2
112,507,3,2
112,508,3,2
112,509,3,2
112,510,3,2
112,511,3,2
112,512,3,2
112,513,3,2
112,514,3,2
112,515,3,2
112,516,3,2
112,517,3,2
112,518,3,2
112,519,3,2
112,520,3,2
112,521,3,2
112,522,3,2
112,523,3,2
112,524,3,2
112,525,3,2
112,526,3,2
112,527,3,2
112,528,3,2
112,529,3,2
112,530,3,2
112,531,3,2
112,532,3,2
112,533,3,2
112,534,3,2
112,535,3,2
112,536,3,2
112,537,3,2
112,538,3,2
112,539,3,2
112,540,3,2
112,541,3,2
112,542,3,2
112,543,3,2
112,544,3,2
112,545,3,2
112,546,3,2
112,547,3,2
112,548,3,2
112,549,3,2
112,550,3,2
112,551,3,2
112,552,3,2
112,553,3,2
112,554,3,2
112,555,3,2
112,556,3,2
112,557,3,2
112,558,3,2
112,559,3,2
112,560,3,2
112,561,3,2
112,562,3,2
112,563,3,2
112,564,3,2
112,565,3,2
112,566,3,2
112,567,3,2
112,568,3,2
112,569,3,2
112,570,3,2
112,571,3,2
112,572,3,2
112,573,3,2
112,574,3,2
112,575,3,2
112,576,3,2
112,577,3,2
112,578,3,2
112,579,3,2
112,580,3,2
112,581,3,2
112,582,3,2
112,583,3,2
112,584,3,2
112,585,3,2
112,586,3,2
112,587,3,2
112,588,3,2
112,589,3,2
112,590,3,2
112,591,3,2
112,592,3,2
112,593,3,2
112,594,3,2
112,595,3,2
112,596,3,2
112,597,3,2
112,598,3,2
112,599,3,2
112,600,3,2
112,601,3,2
112,602,3,2
112,603,3,2
112,604,3,2
112,605,3,2
112,606,3,2
112,607,3,2
112,608,3,2
112,609,3,2
112,610,3,2
112,611,3,2
112,612,3,2
112,613,3,2
112,614,3,2
112,615,3,2
112,616,3,2
112,617,3,2
112,618,3,2
112,619,3,2
112,620,3,2
112,621,3,2
112,622,3,2
112,623,3,2
112,624,3,2
112,625,3,2
112,626,3,2
112,627,3,2
112,628,3,2
112,629,3,2
112,630,3,2
112,631,3,2
112,632,3,2
112,633,3,2
112,634,3,2
112,635,3,2
112,636,3,2
112,637,3,2
112,638,3,2
112,639,3,2
112,640,3,2
112,641,3,2
112,642,3,2
112,643,3,2
112,644,3,2
112,645,3,2
112,646,3,2
112,647,3,2
112,648,3,2
112,649,3,2
112,650,3,2
112,651,3,2
112,652,3,2
112,653,3,2
112,654,3,2
112,655,3,2
112,656,3,2
112,657,3,2
112,658,3,2
112,659,3,2
112,660,3,2
112,661,3,2
112,662,3,2
112,663,3,2
112,664,3,2
112,665,3,2
112,666,3,2
112,667,3,2
112,668,3,2
112,669,3,2
112,670,3,2
112,671,3,2
112,672,3,2
112,673,3,2
112,674,3,2
112,675,3,2
112,676,3,2
112,677,3,2
112,678,3,2
112,679,3,3
112,680,3,3
112,681,3,3
112,682,3,3
112,683,3,3
112,684,3,2
112,685,3,2
112,686,3,2
112,687,3,2
112,688,3,2
112,689,3,2
112,690,3,2
112,691,3,2
112,692,3,2
112,693,3,2
112,694,3,2
112,695,3,2
112,696,3,2
112,697,3,2
112,698,3,2
112,699,3,2
112,700,3,2
112,701,3,2
112,702,3,2
112,703,3,2
113,239,3,2
113,240,3,2
113,241,3,2
113,242,3,2
113,243,3,2
113,244,3,2
113,245,3,2
113,246,3,2
113,247,3,2
113,248,3,2
113,249,3,2
113,250,3,2
113,251,3,2
113,252,3,2
113,253,3,2
113,254,3,2
113,255,3,2
113,256,3,2
113,257,3,2
113,258,3,2
113,259,3,2
113,260,3,2
113,261,3,2
113,262,3,2
113,263,3,2
113,264,3,2
113,265,3,2
113,266,3,2
113,267,3,2
113,268,3,2
113,269,3,2
113,270,3,2
113,271,3,2
113,272,3,2
113,273,3,2
113,274,3,2
113,275,3,2
113,276,3,2
113,277,3,2
113,278,3,2
113,279,3,2
113,280,3,2
113,281,3,2
113,282,3,2
113,283,3,2
113,284,3,2
113,285,3,2
113,286,3,2
113,287,3,2
113,288,3,2
113,289,3,2
113,290,3,2
113,291,3,2
113,292,3,2
113,293,3,2
113,294,3,2
113,295,3,2
113,296,3,2
113,297,3,2
113,298,3,2
113,299,3,2
113,300,3,2
113,301,3,2
113,302,3,2
113,303,3,2
113,304,3,2
113,305,3,2
113,306,3,2
113,307,3,2
113,308,3,2
113,309,3,2
113,310,3,2
113,311,3,2
113,312,3,2
113,313,3,2
113,314,3,2
113,315,3,2
113,316,3,2
113,317,3,2
113,318,3,2
113,319,3,2
113,320,3,2
113,321,3,2
113,322,3,2
113,323,3,2
113,324,3,2
113,325,3,2
113,326,3,2
113,327,3,2
113,328,3,2
113,329,3,2
113,330,3,2
113,331,3,2
113,332,3,2
113,333,3,2
113,334,3,2
113,335,3,2
113,336,3,2
113,337,3,2
113,338,3,2
113,339,3,2
113,340,3,2
113,341,3,2
113,342,3,2
113,343,3,2
113,344,3,2
113,345,3,2
113,346,3,2
113,347,3,2
113,348,3,2
113,349,3,2
113,350,3,2
113,351,3,2
113,352,3,2
113,353,3,2
113,354,3,2
113,355,3,2
113,356,3,2
113,357,3,2
113,358,3,2
113,359,3,2
113,360,3,2
113,361,3,2
113,362,3,2
113,363,3,2
113,364,3,2
113,365,3,2
113,366,3,2
113,367,3,2
113,368,3,2
113,369,3,2
113,370,3,2
113,371,3,2
113,372,3,2
113,373,3,2
113,374,3,2
113,375,3,2
113,376,3,2
113,377,3,2
113,378,3,2
113,379,3,2
113,380,3,2
113,381,3,2
113,382,3,2
113,383,3,2
113,384,3,2
113,385,3,2
113,386,3,2
113,387,3,2
113,388,3,2
113,389,3,2
113,390,3,2
113,391,3,2
113,392,3,2
113,393,3,2
113,394,3,2
113,395,3,2
113,396,3,2
113,397,3,2
113,398,3,2
113,399,3,2
113,400,3,2
113,401,3,2
113,402,3,2
113,403,3,2
113,404,3,2
113,405,3,2
113,406,3,2
113,407,3,2
113,408,3,2
113,409,3,2
113,410,3,2
113,411,3,2
113,412,3,2
113,413,3,2
113,414,3,2
113,415,3,2
113,416,3,2
113,417,3,2
113,418,3,2
113,419,3,2
113,420,3,2
113,421,3,2
113,422,3,2
113,423,3,2
113,424,3,2
113,425,3,2
113,426,3,2
113,427,3,2
113,428,3,2
113,429,3,2
113,430,3,2
113,431,3,2
113,432,3,2
113,433,3,2
113,434,3,2
113,435,3,2
113,436,3,2
113,437,3,2
113,438,3,2
113,439,3,2
113,440,3,2
113,441,3,2
113,442,3,2
113,443,3,2
113,444,3,2
113,445,3,2
113,446,3,2
113,447,3,2
113,448,3,2
113,449,3,2
113,450,3,2
113,451,3,2
113,452,3,2
113,453,3,2
113,454,3,2
113,455,3,2
113,456,3,2
113,457,3,2
113,458,3,2
113,459,3,2
113,460,3,2
113,461,3,2
113,462,3,2
113,463,3,2
113,464,3,2
113,465,3,2
113,466,3,2
113,467,3,2
113,468,3,2
113,469,3,2
113,470,3,2
113,471,3,2
113,472,3,2
113,473,3,2
113,474,3,2
113,475,3,2
113,476,3,2
113,477,3,2
113,478,3,2
113,479,3,2
113,480,3,2
113,481,3,2
113,482,3,2
113,483,3,2
113,484,3,2
113,485,3,2
113,486,3,2
113,487,3,2
113,488,3,2
113,489,3,2
113,490,3,2
113,491,3,2
113,492,3,2
113,493,3,2
113,494,3,2
113,495,3,2
113,496,3,2
113,497,3,2
113,498,3,2
113,499,3,2
113,500,3,2
113,501,3,2
113,502,3,2
113,503,3,2
113,504,3,2
113,505,3,2
113,506,3,2
113,507,3,2
113,508,3,2
113,509,3,2
113,510,3,2
113,511,3,2
113,512,3,2
113,513,3,2
113,514,3,2
113,515,3,2
113,516,3,2
113,517,3,2
113,518,3,2
113,519,3,2
113,520,3,2
113,521,3,2
113,522,3,2
113,523,3,2
113,524,3,2
113,525,3,2
113,526,3,2
113,527,3,2
113,528,3,2
113,529,3,2
113,530,3,2
113,531,3,2
113,532,3,2
113,533,3,2
113,534,3,2
113,535,3,2
113,536,3,2
113,537,3,2
113,538,3,2
113,539,3,2
113,540,3,2
113,541,3,2
113,542,3,2
113,543,3,2
113,544,3,2
113,545,3,2
113,546,3,2
113,547,3,2
113,548,3,2
113,549,3,2
113,550,3,2
113,551,3,2
113,552,3,2
113,553,3,2
113,554,3,2
113,555,3,2
113,556,3,2
113,557,3,2
113,558,3,2
113,559,3,2
113,560,3,2
113,561,3,2
113,562,3,2
113,563,3,2
113,564,3,2
113,565,3,2
113,566,3,2
113,567,3,2
113,568,3,2
113,569,3,2
113,570,3,2
113,571,3,2
113,572,3,2
113,573,3,2
113,574,3,2
113,575,3,2
113,576,3,2
113,577,3,2
113,578,3,2
113,579,3,2
113,580,3,2
113,581,3,2
113,582,3,2
113,583,3,2
113,584,3,2
113,585,3,2
113,586,3,2
113,587,3,2
113,588,3,2
113,589,3,2
113,590,3,2
113,591,3,2
113,592,3,2
113,593,3,2
113,594,3,2
113,595,3,2
113,596,3,2
113,597,3,2
113,598,3,2
113,599,3,2
113,600,3,2
113,601,3,2
113,602,3,2
113,603,3,2
113,604,3,2
113,605,3,2
113,606,3,2
113,607,3,2
113,608,3,2
113,609,3,2
113,610,3,2
113,611,3,2
113,612,3,2
113,613,3,2
113,614,3,2
113,615,3,2
113,616,3,2
113,617,3,2
113,618,3,2
113,619,3,2
113,620,3,2
113,621,3,2
113,622,3,2
113,623,3,2
113,624,3,2
113,625,3,2
113,626,3,2
113,627,3,2
113,628,3,2
113,629,3,2
113,630,3,2
113,631,3,2
113,632,3,2
113,633,3,2
113,634,3,2
113,635,3,2
113,636,3,2
113,637,3,2
113,638,3,2
113,639,3,2
113,640,3,2
113,641,3,2
113,642,3,2
113,643,3,2
113,644,3,2
113,645,3,2
113,646,3,2
113,647,3,2
113,648,3,2
113,649,3,2
113,650,3,2
113,651,3,2
113,652,3,2
113,653,3,2
113,654,3,2
113,655,3,2
113,656,3,2
113,657,3,2
113,658,3,2
113,659,3,2
113,660,3,2
113,661,3,2
113,662,3,2
113,663,3,2
113,664,3,2
113,665,3,2
113,666,3,2
113,667,3,2
113,668,3,2
113,669,3,2
113,670,3,2
113,671,3,2
113,672,3,2
113,673,3,2
113,674,3,2
113,675,3,2
113,676,3,2
113,677,3,2
113,678,3,2
113,679,3,2
113,680,3,2
113,681,3,2
113,682,3,2
113,683,3,2
113,684,3,2
113,685,3,2
113,686,3,2
113,687,3,2
113,688,3,2
113,689,3,2
113,690,3,2
113,691,3,2
113,692,3,2
113,693,3,2
113,694,3,2
113,695,3,2
113,696,3,2
113,697,3,2
113,698,3,2
113,699,3,2
113,700,3,2
113,701,3,2
113,702,3,2
113,703,3,2
113,704,3,2
114,238,3,2
114,239,3,2
114,240,3,2
114,241,3,2
114,242,3,2
114,243,3,2
114,244,3,2
114,245,3,2
114,246,3,2
114,247,3,2
114,248,3,2
114,249,3,2
114,250,3,2
114,251,3,2
114,252,3,2
114,253,3,2
114,254,3,2
114,255,3,2
114,256,3,2
114,257,3,2
114,258,3,2
114,259,3,2
114,260,3,2
114,261,3,2
114,262,3,2
114,263,3,2
114,264,3,2
114,265,3,2
114,266,3,2
114,267,3,2
114,268,3,2
114,269,3,2
114,270,3,2
114,271,3,2
114,272,3,2
114,273,3,2
114,274,3,2
114,275,3,2
114,276,3,2
114,277,3,2
114,278,3,2
114,279,3,2
114,280,3,2
114,281,3,2
114,282,3,2
114,283,3,2
114,284,3,2
114,285,3,2
114,286,3,2
114,287,3,2
114,288,3,2
114,289,3,2
114,290,3,2
114,291,3,2
114,292,3,2
114,293,3,2
114,294,3,2
114,295,3,2
114,296,3,2
114,297,3,2
114,298,3,2
114,299,3,2
114,300,3,2
114,301,3,2
114,302,3,2
114,303,3,2
114,304,3,2
114,305,3,2
114,306,3,2
114,307,3,2
114,308,3,2
114,309,3,2
114,310,3,2
114,311,3,2
114,312,3,2
114,313,3,2
114,314,3,2
114,315,3,2
114,316,3,2
114,317,3,2
114,318,3,2
114,319,3,2
114,320,3,2
114,321,3,2
114,322,3,2
114,323,3,2
114,324,3,2
114,325,3,2
114,326,3,2
114,327,3,2
114,328,3,2
114,329,3,2
114,330,3,2
114,331,3,2
114,332,3,2
114,333,3,2
114,334,3,2
114,335,3,2
114,336,3,2
114,337,3,2
114,338,3,2
114,339,3,2
114,340,3,2
114,341,3,2
114,342,3,2
114,343,3,2
114,344,3,2
114,345,3,2
114,346,3,2
114,347,3,2
114,348,3,2
114,349,3,2
114,350,3,2
114,351,3,2
114,352,3,2
114,353,3,2
114,354,3,2
114,355,3,2
114,356,3,2
114,357,3,2
114,358,3,2
114,359,3,2
114,360,3,2
114,361,3,2
114,362,3,2
114,363,3,2
114,364,3,2
114,365,3,2
114,366,3,2
114,367,3,2
114,368,3,2
114,369,3,2
114,370,3,2
114,371,3,2
114,372,3,2
114,373,3,2
114,374,3,2
114,375,3,2
114,376,3,2
114,377,3,2
114,378,3,2
114,379,3,2
114,380,3,2
114,381,3,2
114,382,3,2
114,383,3,2
114,384,3,2
114,385,3,2
114,386,3,2
114,387,3,2
114,388,3,2
114,389,3,2
114,390,3,2
114,391,3,2
114,392,3,2
114,393,3,2
114,394,3,2
114,395,3,2
114,396,3,2
114,397,3,2
114,398,3,2
114,399,3,2
114,400,3,2
114,401,3,2
114,402,3,2
114,403,3,2
114,404,3,2
114,405,3,2
114,406,3,2
114,407,3,2
114,408,3,2
114,409,3,2
114,410,3,2
114,411,3,2
114,412,3,2
114,413,3,2
114,414,3,2
114,415,3,2
114,416,3,2
114,417,3,2
114,418,3,2
114,419,3,2
114,420,3,2
114,421,3,2
114,422,3,2
114,423,3,2
114,424,3,2
114,425,3,2
114,426,3,2
114,427,3,2
114,428,3,2
114,429,3,2
114,430,3,2
114,431,3,2
114,432,3,2
114,433,3,2
114,434,3,2
114,435,3,2
114,436,3,2
114,437,3,2
114,438,3,2
114,439,3,2
114,440,3,2
114,441,3,2
114,442,3,2
114,443,3,2
114,444,3,2
114,445,3,2
114,446,3,2
114,447,3,2
114,448,3,2
114,449,3,2
114,450,3,2
114,451,3,2
114,452,3,2
114,453,3,2
114,454,3,2
114,455,3,2
114,456,3,2
114,457,3,2
114,458,3,2
114,459,3,2
114,460,3,2
114,461,3,2
114,462,3,2
114,463,3,2
114,464,3,2
114,465,3,2
114,466,3,2
114,467,3,2
114,468,3,2
114,469,3,2
114,470,3,2
114,471,3,2
114,472,3,2
114,473,3,2
114,474,3,2
114,475,3,2
114,476,3,2
114,477,3,2
114,478,3,2
114,479,3,2
114,480,3,2
114,481,3,2
114,482,3,2
114,483,3,2
114,484,3,2
114,485,3,2
114,486,3,2
114,487,3,2
114,488,3,2
114,489,3,2
114,490,3,2
114,491,3,2
114,492,3,2
114,493,3,2
114,494,3,2
114,495,3,2
114,496,3,2
114,497,3,2
114,498,3,2
114,499,3,2
114,500,3,2
114,501,3,2
114,502,3,2
114,503,3,2
114,504,3,2
114,505,3,2
114,506,3,2
114,507,3,2
114,508,3,2
114,509,3,2
114,510,3,2
114,511,3,2
114,512,3,2
114,513,3,2
114,514,3,2
114,515,3,2
114,516,3,2
114,517,3,2
114,518,3,2
114,519,3,2
114,520,3,2
114,521,3,2
114,522,3,2
114,523,3,2
114,524,3,2
114,525,3,2
114,526,3,2
114,527,3,2
114,528,3,2
114,529,3,2
114,530,3,2
114,531,3,2
114,532,3,2
114,533,3,2
114,534,3,2
114,535,3,2
114,536,3,2
114,537,3,2
114,538,3,2
114,539,3,2
114,540,3,2
114,541,3,2
114,542,3,2
114,543,3,2
114,544,3,2
114,545,3,2
114,546,3,2
114,547,3,2
114,548,3,2
114,549,3,2
114,550,3,2
114,551,3,2
114,552,3,2
114,553,3,2
114,554,3,2
114,555,3,2
114,556,3,2
114,557,3,2
114,558,3,2
114,559,3,2
114,560,3,2
114,561,3,2
114,562,3,2
114,563,3,2
114,564,3,2
114,565,3,2
114,566,3,2
114,567,3,2
114,568,3,2
114,569,3,2
114,570,3,2
114,571,3,2
114,572,3,2
114,573,3,2
114,574,3,2
114,575,3,2
114,576,3,2
114,577,3,2
114,578,3,2
114,579,3,2
114,580,3,2
114,581,3,2
114,582,3,2
114,583,3,2
114,584,3,2
114,585,3,2
114,586,3,2
114,587,3,2
114,588,3,2
114,589,3,2
114,590,3,2
114,591,3,2
114,592,3,2
114,593,3,2
114,594,3,2
114,595,3,2
114,596,3,2
114,597,3,2
114,598,3,2
114,599,3,2
114,600,3,2
114,601,3,2
114,602,3,2
114,603,3,2
114,604,3,2
114,605,3,2
114,606,3,2
114,607,3,2
114,608,3,2
114,609,3,2
114,610,3,2
114,611,3,2
114,612,3,2
114,613,3,2
114,614,3,2
114,615,3,2
114,616,3,2
114,617,3,2
114,618,3,2
114,619,3,2
114,620,3,2
114,621,3,2
114,622,3,2
114,623,3,2
114,624,3,2
114,625,3,2
114,626,3,2
114,627,3,2
114,628,3,2
114,629,3,2
114,630,3,2
114,631,3,2
114,632,3,2
114,633,3,2
114,634,3,2
114,635,3,2
114,636,3,2
114,637,3,2
114,638,3,2
114,639,3,2
114,640,3,2
114,641,3,2
114,642,3,2
114,643,3,2
114,644,3,2
114,645,3,2
114,646,3,2
114,647,3,2
114,648,3,2
114,649,3,2
114,650,3,2
114,651,3,2
114,652,3,2
114,653,3,2
114,654,3,2
114,655,3,2
114,656,3,2
114,657,3,2
114,658,3,2
114,659,3,2
114,660,3,2
114,661,3,2
114,662,3,2
114,663,3,2
114,664,3,2
114,665,3,2
114,666,3,2
114,667,3,2
114,668,3,2
114,669,3,2
114,670,3,2
114,671,3,2
114,672,3,2
114,673,3,2
114,674,3,2
114,675,3,2
114,676,3,2
114,677,3,2
114,678,3,2
114,679,3,2
114,680,3,2
114,681,3,2
114,682,3,2
114,683,3,2
114,684,3,2
114,685,3,2
114,686,3,2
114,687,3,2
114,688,3,2
114,689,3,2
114,690,3,2
114,691,3,2
114,692,3,2
114,693,3,2
114,694,3,2
114,695,3,2
114,696,3,2
114,697,3,2
114,698,3,2
114,699,3,2
114,700,3,2
114,701,3,2
114,702,3,2
114,703,3,2
114,704,3,2
114,705,3,2
115,236,3,2
115,237,3,2
115,238,3,2
115,239,3,2
115,240,3,2
115,241,3,2
115,242,3,2
115,243,3,2
115,244,3,2
115,245,3,2
115,246,3,2
115,247,3,2
115,248,3,2
115,249,3,2
115,250,3,2
115,251,3,2
115,252,3,2
115,253,3,2
115,254,3,2
115,255,3,2
115,256,3,2
115,257,3,2
115,258,3,2
115,259,3,2
115,260,3,2
115,261,3,2
115,262,3,2
115,263,3,2
115,264,3,2
115,265,3,2
115,266,3,2
115,267,3,2
115,268,3,2
115,269,3,2
115,270,3,2
115,271,3,2
115,272,3,2
115,273,3,2
115,274,3,2
115,275,3,2
115,276,3,2
115,277,3,2
115,278,3,2
115,279,3,2
115,280,3,2
115,281,3,2
115,282,3,2
115,283,3,2
115,284,3,2
115,285,3,2
115,286,3,2
115,287,3,2
115,288,3,2
115,289,3,2
115,290,3,2
115,291,3,2
115,292,3,2
115,293,3,2
115,294,3,2
115,295,3,2
115,296,3,2
115,297,3,2
115,298,3,2
115,299,3,2
115,300,3,2
115,301,3,2
115,302,3,2
115,303,3,2
115,304,3,2
115,305,3,2
115,306,3,2
115,307,3,2
115,308,3,2
115,309,3,2
115,310,3,2
115,311,3,2
115,312,3,2
115,313,3,2
115,314,3,2
115,315,3,2
115,316,3,2
115,317,3,2
115,318,3,2
115,319,3,2
115,320,3,2
115,321,3,2
115,322,3,2
115,323,3,2
115,324,3,2
115,325,3,2
115,326,3,2
115,327,3,2
115,328,3,2
115,329,3,2
115,330,3,2
115,331,3,2
115,332,3,2
115,333,3,2
115,334,3,2
115,335,3,2
115,336,3,2
115,337,3,2
115,338,3,2
115,339,3,2
115,340,3,2
115,341,3,2
115,342,3,2
115,343,3,2
115,344,3,2
115,345,3,2
115,346,3,2
115,347,3,2
115,348,3,2
115,349,3,2
115,350,3,2
115,351,3,2
115,352,3,2
115,353,3,2
115,354,3,2
115,355,3,2
115,356,3,2
115,357,3,2
115,358,3,2
115,359,3,2
115,360,3,2
115,361,3,2
115,362,3,2
115,363,3,2
115,364,3,2
115,365,3,2
115,366,3,2
115,367,3,2
115,368,3,2
115,369,3,2
115,370,3,2
115,371,3,2
115,372,3,2
115,373,3,2
115,374,3,2
115,375,3,2
115,376,3,2
115,377,3,2
115,378,3,2
115,379,3,2
115,380,3,2
115,381,3,2
115,382,3,2
115,383,3,2
115,384,3,2
115,385,3,2
115,386,3,2
115,387,3,2
115,388,3,2
115,389,3,2
115,390,3,2
115,391,3,2
115,392,3,2
115,393,3,2
115,394,3,2
115,395,3,2
115,396,3,2
115,397,3,2
115,398,3,2
115,399,3,2
115,400,3,2
115,401,3,2
115,402,3,2
115,403,3,2
115,404,3,2
115,405,3,2
115,406,3,2
115,407,3,2
115,408,3,2
115,409,3,2
115,410,3,2
115,411,3,2
115,412,3,2
115,413,3,2
115,414,3,2
115,415,3,2
115,416,3,2
115,417,3,2
115,418,3,2
115,419,3,2
115,420,3,2
115,421,3,2
115,422,3,2
115,423,3,2
115,424,3,2
115,425,3,2
115,426,3,2
115,427,3,2
115,428,3,2
115,429,3,2
115,430,3,2
115,431,3,2
115,432,3,2
115,433,3,2
115,434,3,2
115,435,3,2
115,436,3,2
115,437,3,2
115,438,3,2
115,439,3,2
115,440,3,2
115,441,3,2
115,442,3,2
115,443,3,2
115,444,3,2
115,445,3,2
115,446,3,2
115,447,3,2
115,448,3,2
115,449,3,2
115,450,3,2
115,451,3,2
115,452,3,2
115,453,3,2
115,454,3,2
115,455,3,2
115,456,3,2
115,457,3,2
115,458,3,2
115,459,3,2
115,460,3,2
115,461,3,2
115,462,3,2
115,463,3,2
115,464,3,2
115,465,3,2
115,466,3,2
115,467,3,2
115,468,3,2
115,469,3,2
115,470,3,2
115,471,3,2
115,472,3,2
115,473,3,2
115,474,3,2
115,475,3,2
115,476,3,2
115,477,3,2
115,478,3,2
115,479,3,2
115,480,3,2
115,481,3,2
115,482,3,2
115,483,3,2
115,484,3,2
115,485,3,2
115,486,3,2
115,487,3,2
115,488,3,2
115,489,3,2
115,490,3,2
115,491,3,2
115,492,3,2
115,493,3,2
115,494,3,2
115,495,3,2
115,496,3,2
115,497,3,2
115,498,3,2
115,499,3,2
115,500,3,2
115,501,3,2
115,502,3,2
115,503,3,2
115,504,3,2
115,505,3,2
115,506,3,2
115,507,3,2
115,508,3,2
115,509,3,2
115,510,3,2
115,511,3,2
115,512,3,2
115,513,3,2
115,514,3,2
115,515,3,2
115,516,3,2
115,517,3,2
115,518,3,2
115,519,3,2
115,520,3,2
115,521,3,2
115,522,3,2
115,523,3,2
115,524,3,2
115,525,3,2
115,526,3,2
115,527,3,2
115,528,3,2
115,529,3,2
115,530,3,2
115,531,3,2
115,532,3,2
115,533,3,2
115,534,3,2
115,535,3,2
115,536,3,2
115,537,3,2
115,538,3,2
115,539,3,2
115,540,3,2
115,541,3,2
115,542,3,2
115,543,3,2
115,544,3,2
115,545,3,2
115,546,3,2
115,547,3,2
115,548,3,2
115,549,3,2
115,550,3,2
115,551,3,2
115,552,3,2
115,553,3,2
115,554,3,2
115,555,3,2
115,556,3,2
115,557,3,2
115,558,3,2
115,559,3,2
115,560,3,2
115,561,3,2
115,562,3,2
115,563,3,2
115,564,3,2
115,565,3,2
115,566,3,2
115,567,3,2
115,568,3,2
115,569,3,2
115,570,3,2
115,571,3,2
115,572,3,2
115,573,3,2
115,574,3,2
115,575,3,2
115,576,3,2
115,577,3,2
115,578,3,2
115,579,3,2
115,580,3,2
115,581,3,2
115,582,3,2
115,583,3,2
115,584,3,2
115,585,3,2
115,586,3,2
115,587,3,2
115,588,3,2
115,589,3,2
115,590,3,2
115,591,3,2
115,592,3,2
115,593,3,2
115,594,3,2
115,595,3,2
115,596,3,2
115,597,3,2
115,598,3,2
115,599,3,2
115,600,3,2
115,601,3,2
115,602,3,2
115,603,3,2
115,604,3,2
115,605,3,2
115,606,3,2
115,607,3,2
115,608,3,2
115,609,3,2
115,610,3,2
115,611,3,2
115,612,3,2
115,613,3,2
115,614,3,2
115,615,3,2
115,616,3,2
115,617,3,2
115,618,3,2
115,619,3,2
115,620,3,2
115,621,3,2
115,622,3,2
115,623,3,2
115,624,3,2
115,625,3,2
115,626,3,2
115,627,3,2
115,628,3,2
115,629,3,2
115,630,3,2
115,631,3,2
115,632,3,2
115,633,3,2
115,634,3,2
115,635,3,2
115,636,3,2
115,637,3,2
115,638,3,2
115,639,3,2
115,640,3,2
115,641,3,2
115,642,3,2
115,643,3,2
115,644,3,2
115,645,3,2
115,646,3,2
115,647,3,2
115,648,3,2
115,649,3,2
115,650,3,2
115,651,3,2
115,652,3,2
115,653,3,2
115,654,3,2
115,655,3,2
115,656,3,2
115,657,3,2
115,658,3,2
115,659,3,2
115,660,3,2
115,661,3,2
115,662,3,2
115,663,3,2
115,664,3,2
115,665,3,2
115,666,3,2
115,667,3,2
115,668,3,2
115,669,3,2
115,670,3,2
115,671,3,2
115,672,3,2
115,673,3,2
115,674,3,2
115,675,3,2
115,676,3,2
115,677,3,2
115,678,3,2
115,679,3,2
115,680,3,2
115,681,3,2
115,682,3,2
115,683,3,2
115,684,3,2
115,685,3,2
115,686,3,2
115,687,3,2
115,688,3,2
115,689,3,2
115,690,3,2
115,691,3,2
115,692,3,2
115,693,3,2
115,694,3,2
115,695,3,2
115,696,3,2
115,697,3,2
115,698,3,2
115,699,3,2
115,700,3,2
115,701,3,2
115,702,3,2
115,703,3,2
115,704,3,2
115,705,3,2
115,706,3,2
115,707,3,2
115,708,3,2
116,233,3,2
116,234,3,2
116,235,3,2
116,236,3,2
116,237,3,2
116,238,3,2
116,239,3,2
116,240,3,2
116,241,3,2
116,242,3,2
116,243,3,2
116,244,3,2
116,245,3,2
116,246,3,2
116,247,3,2
116,248,3,2
116,249,3,2
116,250,3,2
116,251,3,2
116,252,3,2
116,253,3,2
116,254,3,2
116,255,3,2
116,256,3,2
116,257,3,2
116,258,3,2
116,259,3,2
116,260,3,2
116,261,3,2
116,262,3,2
116,263,3,2
116,264,3,2
116,265,3,2
116,266,3,2
116,267,3,2
116,268,3,2
116,269,3,2
116,270,3,2
116,271,3,2
116,272,3,2
116,273,3,2
116,274,3,2
116,275,3,2
116,276,3,2
116,277,3,2
116,278,3,2
116,279,3,2
116,280,3,2
116,281,3,2
116,282,3,2
116,283,3,2
116,284,3,2
116,285,3,2
116,286,3,2
116,287,3,2
116,288,3,2
116,289,3,2
116,290,3,2
116,291,3,2
116,292,3,2
116,293,3,2
116,294,3,2
116,295,3,2
116,296,3,2
116,297,3,2
116,298,3,2
116,299,3,2
116,300,3,2
116,301,3,2
116,302,3,2
116,303,3,2
116,304,3,2
116,305,3,2
116,306,3,2
116,307,3,2
116,308,3,2
116,309,3,2
116,310,3,2
116,311,3,2
116,312,3,2
116,313,3,2
116,314,3,2
116,315,3,2
116,316,3,2
116,317,3,2
116,318,3,2
116,319,3,2
116,320,3,2
116,321,3,2
116,322,3,2
116,323,3,2
116,324,3,2
116,325,3,2
116,326,3,2
116,327,3,2
116,328,3,2
116,329,3,2
116,330,3,2
116,331,3,2
116,332,3,2
116,333,3,2
116,334,3,2
116,335,3,2
116,336,3,2
116,337,3,2
116,338,3,2
116,339,3,2
116,340,3,2
116,341,3,2
116,342,3,2
116,343,3,2
116,344,3,2
116,345,3,2
116,346,3,2
116,347,3,2
116,348,3,2
116,349,3,2
116,350,3,2
116,351,3,2
116,352,3,2
116,353,3,2
116,354,3,2
116,355,3,2
116,356,3,2
116,357,3,2
116,358,3,2
116,359,3,2
116,360,3,2
116,361,3,2
116,362,3,2
116,363,3,2
116,364,3,2
116,365,3,2
116,366,3,2
116,367,3,2
116,368,3,2
116,369,3,2
116,370,3,2
116,371,3,2
116,372,3,2
116,373,3,2
116,374,3,2
116,375,3,2
116,376,3,2
116,377,3,2
116,378,3,2
116,379,3,2
116,380,3,2
116,381,3,2
116,382,3,2
116,383,3,2
116,384,3,2
116,385,3,2
116,386,3,2
116,387,3,2
116,388,3,2
116,389,3,2
116,390,3,2
116,391,3,2
116,392,3,2
116,393,3,2
116,394,3,2
116,395,3,2
116,396,3,2
116,397,3,2
116,398,3,2
116,399,3,2
116,400,3,2
116,401,3,2
116,402,3,2
116,403,3,2
116,404,3,2
116,405,3,2
116,406,3,2
116,407,3,2
116,408,3,2
116,409,3,2
116,410,3,2
116,411,3,2
116,412,3,2
116,413,3,2
116,414,3,2
116,415,3,2
116,416,3,2
116,417,3,2
116,418,3,2
116,419,3,2
116,420,3,2
116,421,3,2
116,422,3,2
116,423,3,2
116,424,3,2
116,425,3,2
116,426,3,2
116,427,3,2
116,428,3,2
116,429,3,2
116,430,3,2
116,431,3,2
116,432,3,2
116,433,3,2
116,434,3,2
116,435,3,2
116,436,3,2
116,437,3,2
116,438,3,2
116,439,3,2
116,440,3,2
116,441,3,2
116,442,3,2
116,443,3,2
116,444,3,2
116,445,3,2
116,446,3,2
116,447,3,2
116,448,3,2
116,449,3,2
116,450,3,2
116,451,3,2
116,452,3,2
116,453,3,2
116,454,3,2
116,455,3,2
116,456,3,2
116,457,3,2
116,458,3,2
116,459,3,2
116,460,3,2
116,461,3,2
116,462,3,2
116,463,3,2
116,464,3,2
116,465,3,2
116,466,3,2
116,467,3,2
116,468,3,2
116,469,3,2
116,470,3,2
116,471,3,2
116,472,3,2
116,473,3,2
116,474,3,2
116,475,3,2
116,476,3,2
116,477,3,2
116,478,3,2
116,479,3,2
116,480,3,2
116,481,3,2
116,482,3,2
116,483,3,2
116,484,3,2
116,485,3,2
116,486,3,2
116,487,3,2
116,488,3,2
116,489,3,2
116,490,3,2
116,491,3,2
116,492,3,2
116,493,3,2
116,494,3,2
116,495,3,2
116,496,3,2
116,497,3,2
116,498,3,2
116,499,3,2
116,500,3,2
116,501,3,2
116,502,3,2
116,503,3,2
116,504,3,2
116,505,3,2
116,506,3,2
116,507,3,2
116,508,3,2
116,509,3,2
116,510,3,2
116,511,3,2
116,512,3,2
116,513,3,2
116,514,3,2
116,515,3,2
116,516,3,2
116,517,3,2
116,518,3,2
116,519,3,2
116,520,3,2
116,521,3,2
116,522,3,2
116,523,3,2
116,524,3,2
116,525,3,2
116,526,3,2
116,527,3,2
116,528,3,2
116,529,3,2
116,530,3,2
116,531,3,2
116,532,3,2
116,533,3,2
116,534,3,2
116,535,3,2
116,536,3,2
116,537,3,2
116,538,3,2
116,539,3,2
116,540,3,2
116,541,3,2
116,542,3,2
116,543,3,2
116,544,3,2
116,545,3,2
116,546,3,2
116,547,3,2
116,548,3,2
116,549,3,2
116,550,3,2
116,551,3,2
116,552,3,2
116,553,3,2
116,554,3,2
116,555,3,2
116,556,3,2
116,557,3,2
116,558,3,2
116,559,3,2
116,560,3,2
116,561,3,2
116,562,3,2
116,563,3,2
116,564,3,2
116,565,3,2
116,566,3,2
116,567,3,2
116,568,3,2
116,569,3,2
116,570,3,2
116,571,3,2
116,572,3,2
116,573,3,2
116,574,3,2
116,575,3,2
116,576,3,2
116,577,3,2
116,578,3,2
116,579,3,2
116,580,3,2
116,581,3,2
116,582,3,2
116,583,3,2
116,584,3,2
116,585,3,2
116,586,3,2
116,587,3,2
116,588,3,2
116,589,3,2
116,590,3,2
116,591,3,2
116,592,3,2
116,593,3,2
116,594,3,2
116,595,3,2
116,596,3,2
116,597,3,2
116,598,3,2
116,599,3,2
116,600,3,2
116,601,3,2
116,602,3,2
116,603,3,2
116,604,3,2
116,605,3,2
116,606,3,2
116,607,3,2
116,608,3,2
116,609,3,2
116,610,3,2
116,611,3,2
116,612,3,2
116,613,3,2
116,614,3,2
116,615,3,2
116,616,3,2
116,617,3,2
116,618,3,2
116,619,3,2
116,620,3,2
116,621,3,2
116,622,3,2
116,623,3,2
116,624,3,2
116,625,3,2
116,626,3,2
116,627,3,2
116,628,3,2
116,629,3,2
116,630,3,2
116,631,3,2
116,632,3,2
116,633,3,2
116,634,3,2
116,635,3,2
116,636,3,2
116,637,3,2
116,638,3,2
116,639,3,2
116,640,3,2
116,641,3,2
116,642,3,2
116,643,3,2
116,644,3,2
116,645,3,2
116,646,3,2
116,647,3,2
116,648,3,2
116,649,3,2
116,650,3,2
116,651,3,2
116,652,3,2
116,653,3,2
116,654,3,2
116,655,3,2
116,656,3,2
116,657,3,2
116,658,3,2
116,659,3,2
116,660,3,2
116,661,3,2
116,662,3,2
116,663,3,2
116,664,3,2
116,665,3,2
116,666,3,2
116,667,3,2
116,668,3,2
116,669,3,2
116,670,3,2
116,671,3,2
116,672,3,2
116,673,3,2
116,674,3,2
116,675,3,2
116,676,3,2
116,677,3,2
116,678,3,2
116,679,3,2
116,680,3,2
116,681,3,2
116,682,3,2
116,683,3,2
116,684,3,2
116,685,3,2
116,686,3,2
116,687,3,2
116,688,3,2
116,689,3,2
116,690,3,2
116,691,3,2
116,692,3,2
116,693,3,2
116,694,3,2
116,695,3,2
116,696,3,2
116,697,3,2
116,698,3,2
116,699,3,2
116,700,3,2
116,701,3,2
116,702,3,2
116,703,3,2
116,704,3,2
116,705,3,2
116,706,3,2
116,707,3,2
116,708,3,2
116,709,3,2
117,231,3,2
117,232,3,2
117,233,3,2
117,234,3,2
117,235,3,2
117,236,3,2
117,237,3,2
117,238,3,2
117,239,3,2
117,240,3,2
117,241,3,2
117,242,3,2
117,243,3,2
117,244,3,2
117,245,3,2
117,246,3,2
117,247,3,2
117,248,3,2
117,249,3,2
117,250,3,2
117,251,3,2
117,252,3,2
117,253,3,2
117,254,3,2
117,255,3,2
117,256,3,2
117,257,3,2
117,258,3,2
117,259,3,2
117,260,3,2
117,261,3,2
117,262,3,2
117,263,3,2
117,264,3,2
117,265,3,2
117,266,3,2
117,267,3,2
117,268,3,2
117,269,3,2
117,270,3,2
117,271,3,2
117,272,3,2
117,273,3,2
117,274,3,2
117,275,3,2
117,276,3,2
117,277,3,2
117,278,3,2
117,279,3,2
117,280,3,2
117,281,3,2
117,282,3,2
117,283,3,2
117,284,3,2
117,285,3,2
117,286,3,2
117,287,3,2
117,288,3,2
117,289,3,2
117,290,3,2
117,291,3,2
117,292,3,2
117,293,3,2
117,294,3,2
117,295,3,2
117,296,3,2
117,297,3,2
117,298,3,2
117,299,3,2
117,300,3,2
117,301,3,2
117,302,3,2
117,303,3,2
117,304,3,2
117,305,3,2
117,306,3,2
117,307,3,2
117,308,3,2
117,309,3,2
117,310,3,2
117,311,3,2
117,312,3,2
117,313,3,2
117,314,3,2
117,315,3,2
117,316,3,2
117,317,3,2
117,318,3,2
117,319,3,2
117,320,3,2
117,321,3,2
117,322,3,2
117,323,3,2
117,324,3,2
117,325,3,2
117,326,3,2
117,327,3,2
117,328,3,2
117,329,3,2
117,330,3,2
117,331,3,2
117,332,3,2
117,333,3,2
117,334,3,2
117,335,3,2
117,336,3,2
117,337,3,2
117,338,3,2
117,339,3,2
117,340,3,2
117,341,3,2
117,342,3,2
117,343,3,2
117,344,3,2
117,345,3,2
117,346,3,2
117,347,3,2
117,348,3,2
117,349,3,2
117,350,3,2
117,351,3,2
117,352,3,2
117,353,3,2
117,354,3,2
117,355,3,2
117,356,3,2
117,357,3,2
117,358,3,2
117,359,3,2
117,360,3,2
117,361,3,2
117,362,3,2
117,363,3,2
117,364,3,2
117,365,3,2
117,366,3,2
117,367,3,2
117,368,3,2
117,369,3,2
117,370,3,2
117,371,3,2
117,372,3,2
117,373,3,2
117,374,3,2
117,375,3,2
117,376,3,2
117,377,3,2
117,378,3,2
117,379,3,2
117,380,3,2
117,381,3,2
117,382,3,2
117,383,3,2
117,384,3,2
117,385,3,2
117,386,3,2
117,387,3,2
117,388,3,2
117,389,3,2
117,390,3,2
117,391,3,2
117,392,3,2
117,393,3,2
117,394,3,2
117,395,3,2
117,396,3,2
117,397,3,2
117,398,3,2
117,399,3,2
117,400,3,2
117,401,3,2
117,402,3,2
117,403,3,2
117,404,3,2
117,405,3,2
117,406,3,2
117,407,3,2
117,408,3,2
117,409,3,2
117,410,3,2
117,411,3,2
117,412,3,2
117,413,3,2
117,414,3,2
117,415,3,2
117,416,3,2
117,417,3,2
117,418,3,2
117,419,3,2
117,420,3,2
117,421,3,2
117,422,3,2
117,423,3,2
117,424,3,2
117,425,3,2
117,426,3,2
117,427,3,2
117,428,3,2
117,429,3,2
117,430,3,2
117,431,3,2
117,432,3,2
117,433,3,2
117,434,3,2
117,435,3,2
117,436,3,2
117,437,3,2
117,438,3,2
117,439,3,2
117,440,3,2
117,441,3,2
117,442,3,2
117,443,3,2
117,444,3,2
117,445,3,2
117,446,3,2
117,447,3,2
117,448,3,2
117,449,3,2
117,450,3,2
117,451,3,2
117,452,3,2
117,453,3,2
117,454,3,2
117,455,3,2
117,456,3,2
117,457,3,2
117,458,3,2
117,459,3,2
117,460,3,2
117,461,3,2
117,462,3,2
117,463,3,2
117,464,3,2
117,465,3,2
117,466,3,2
117,467,3,2
117,468,3,2
117,469,3,2
117,470,3,2
117,471,3,2
117,472,3,2
117,473,3,2
117,474,3,2
117,475,3,2
117,476,3,2
117,477,3,2
117,478,3,2
117,479,3,2
117,480,3,2
117,481,3,2
117,482,3,2
117,483,3,2
117,484,3,2
117,485,3,2
117,486,3,2
117,487,3,2
117,488,3,2
117,489,3,2
117,490,3,2
117,491,3,2
117,492,3,2
117,493,3,2
117,494,3,2
117,495,3,2
117,496,3,2
117,497,3,2
117,498,3,2
117,499,3,2
117,500,3,2
117,501,3,2
117,502,3,2
117,503,3,2
117,504,3,2
117,505,3,2
117,506,3,2
117,507,3,2
117,508,3,2
117,509,3,2
117,510,3,2
117,511,3,2
117,512,3,2
117,513,3,2
117,514,3,2
117,515,3,2
117,516,3,2
117,517,3,2
117,518,3,2
117,519,3,2
117,520,3,2
117,521,3,2
117,522,3,2
117,523,3,2
117,524,3,2
117,525,3,2
117,526,3,2
117,527,3,2
117,528,3,2
117,529,3,2
117,530,3,2
117,531,3,2
117,532,3,2
117,533,3,2
117,534,3,2
117,535,3,2
117,536,3,2
117,537,3,2
117,538,3,2
117,539,3,2
117,540,3,2
117,541,3,2
117,542,3,2
117,543,3,2
117,544,3,2
117,545,3,2
117,546,3,2
117,547,3,2
117,548,3,2
117,549,3,2
117,550,3,2
117,551,3,2
117,552,3,2
117,553,3,2
117,554,3,2
117,555,3,2
117,556,3,2
117,557,3,2
117,558,3,2
117,559,3,2
117,560,3,2
117,561,3,2
117,562,3,2
117,563,3,2
117,564,3,2
117,565,3,2
117,566,3,2
117,567,3,2
117,568,3,2
117,569,3,2
117,570,3,2
117,571,3,2
117,572,3,2
117,573,3,2
117,574,3,2
117,575,3,2
117,576,3,2
117,577,3,2
117,578,3,2
117,579,3,2
117,580,3,2
117,581,3,2
117,582,3,2
117,583,3,2
117,584,3,2
117,585,3,2
117,586,3,2
117,587,3,2
117,588,3,2
117,589,3,2
117,590,3,2
117,591,3,2
117,592,3,2
117,593,3,2
117,594,3,2
117,595,3,2
117,596,3,2
117,597,3,2
117,598,3,2
117,599,3,2
117,600,3,2
117,601,3,2
117,602,3,2
117,603,3,2
117,604,3,2
117,605,3,2
117,606,3,2
117,607,3,2
117,608,3,2
117,609,3,2
117,610,3,2
117,611,3,2
117,612,3,2
117,613,3,2
117,614,3,2
117,615,3,2
117,616,3,2
117,617,3,2
117,618,3,2
117,619,3,2
117,620,3,2
117,621,3,2
117,622,3,2
117,623,3,2
117,624,3,2
117,625,3,2
117,626,3,2
117,627,3,2
117,628,3,2
117,629,3,2
117,630,3,2
117,631,3,2
117,632,3,2
117,633,3,2
117,634,3,2
117,635,3,2
117,636,3,2
117,637,3,2
117,638,3,2
117,639,3,2
117,640,3,2
117,641,3,2
117,642,3,2
117,643,3,2
117,644,3,2
117,645,3,2
117,646,3,2
117,647,3,2
117,648,3,2
117,649,3,2
117,650,3,2
117,651,3,2
117,652,3,2
117,653,3,2
117,654,3,2
117,655,3,2
117,656,3,2
117,657,3,2
117,658,3,2
117,659,3,2
117,660,3,2
117,661,3,2
117,662,3,2
117,663,3,2
117,664,3,2
117,665,3,2
117,666,3,2
117,667,3,2
117,668,3,2
117,669,3,2
117,670,3,2
117,671,3,2
117,672,3,2
117,673,3,2
117,674,3,2
117,675,3,2
117,676,3,2
117,677,3,2
117,678,3,2
117,679,3,2
117,680,3,2
117,681,3,2
117,682,3,2
117,683,3,2
117,684,3,2
117,685,3,2
117,686,3,2
117,687,3,2
117,688,3,2
117,689,3,2
117,690,3,2
117,691,3,2
117,692,3,2
117,693,3,2
117,694,3,2
117,695,3,2
117,696,3,2
117,697,3,2
117,698,3,2
117,699,3,2
117,700,3,2
117,701,3,2
117,702,3,2
117,703,3,2
117,704,3,2
117,705,3,2
117,706,3,2
117,707,3,2
117,708,3,2
117,709,3,2
117,710,3,2
118,230,3,2
118,231,3,2
118,232,3,2
118,233,3,2
118,234,3,2
118,235,3,2
118,236,3,2
118,237,3,2
118,238,3,2
118,239,3,2
118,240,3,2
118,241,3,2
118,242,3,2
118,243,3,2
118,244,3,2
118,245,3,2
118,246,3,2
118,247,3,2
118,248,3,2
118,249,3,2
118,250,3,2
118,251,3,2
118,252,3,2
118,253,3,2
118,254,3,2
118,255,3,2
118,256,3,2
118,257,3,2
118,258,3,2
118,259,3,2
118,260,3,2
118,261,3,2
118,262,3,2
118,263,3,2
118,264,3,2
118,265,3,2
118,266,3,2
118,267,3,2
118,268,3,2
118,269,3,2
118,270,3,2
118,271,3,2
118,272,3,2
118,273,3,2
118,274,3,2
118,275,3,2
118,276,3,2
118,277,3,2
118,278,3,2
118,279,3,2
118,280,3,2
118,281,3,2
118,282,3,2
118,283,3,2
118,284,3,2
118,285,3,2
118,286,3,2
118,287,3,2
118,288,3,2
118,289,3,2
118,290,3,2
118,291,3,2
118,292,3,2
118,293,3,2
118,294,3,2
118,295,3,2
118,296,3,2
118,297,3,2
118,298,3,2
118,299,3,2
118,300,3,2
118,301,3,2
118,302,3,2
118,303,3,2
118,304,3,2
118,305,3,2
118,306,3,2
118,307,3,2
118,308,3,2
118,309,3,2
118,310,3,2
118,311,3,2
118,312,3,2
118,313,3,2
118,314,3,2
118,315,3,2
118,316,3,2
118,317,3,2
118,318,3,2
118,319,3,2
118,320,3,2
118,321,3,2
118,322,3,2
118,323,3,2
118,324,3,2
118,325,3,2
118,326,3,2
118,327,3,2
118,328,3,2
118,329,3,2
118,330,3,2
118,331,3,2
118,332,3,2
118,333,3,2
118,334,3,2
118,335,3,2
118,336,3,2
118,337,3,2
118,338,3,2
118,339,3,2
118,340,3,2
118,341,3,2
118,342,3,2
118,343,3,2
118,344,3,2
118,345,3,2
118,346,3,2
118,347,3,2
118,348,3,2
118,349,3,2
118,350,3,2
118,351,3,2
118,352,3,2
118,353,3,2
118,354,3,2
118,355,3,2
118,356,3,2
118,357,3,2
118,358,3,2
118,359,3,2
118,360,3,2
118,361,3,2
118,362,3,2
118,363,3,2
118,364,3,2
118,365,3,2
118,366,3,2
118,367,3,2
118,368,3,2
118,369,3,2
118,370,3,2
118,371,3,2
118,372,3,2
118,373,3,2
118,374,3,2
118,375,3,2
118,376,3,2
118,377,3,2
118,378,3,2
118,379,3,2
118,380,3,2
118,381,3,2
118,382,3,2
118,383,3,2
118,384,3,2
118,385,3,2
118,386,3,2
118,387,3,2
118,388,3,2
118,389,3,2
118,390,3,2
118,391,3,2
118,392,3,2
118,393,3,2
118,394,3,2
118,395,3,2
118,396,3,2
118,397,3,2
118,398,3,2
118,399,3,2
118,400,3,2
118,401,3,2
118,402,3,2
118,403,3,2
118,404,3,2
118,405,3,2
118,406,3,2
118,407,3,2
118,408,3,2
118,409,3,2
118,410,3,2
118,411,3,2
118,412,3,2
118,413,3,2
118,414,3,2
118,415,3,2
118,416,3,2
118,417,3,2
118,418,3,2
118,419,3,2
118,420,3,2
118,421,3,2
118,422,3,2
118,423,3,2
118,424,3,2
118,425,3,2
118,426,3,2
118,427,3,2
118,428,3,2
118,429,3,2
118,430,3,2
118,431,3,2
118,432,3,2
118,433,3,2
118,434,3,2
118,435,3,2
118,436,3,2
118,437,3,2
118,438,3,2
118,439,3,2
118,440,3,2
118,441,3,2
118,442,3,2
118,443,3,2
118,444,3,2
118,445,3,2
118,446,3,2
118,447,3,2
118,448,3,2
118,449,3,2
118,450,3,2
118,451,3,2
118,452,3,2
118,453,3,2
118,454,3,2
118,455,3,2
118,456,3,2
118,457,3,2
118,458,3,2
118,459,3,2
118,460,3,2
118,461,3,2
118,462,3,2
118,463,3,2
118,464,3,2
118,465,3,2
118,466,3,2
118,467,3,2
118,468,3,2
118,469,3,2
118,470,3,2
118,471,3,2
118,472,3,2
118,473,3,2
118,474,3,2
118,475,3,2
118,476,3,2
118,477,3,2
118,478,3,2
118,479,3,2
118,480,3,2
118,481,3,2
118,482,3,2
118,483,3,2
118,484,3,2
118,485,3,2
118,486,3,2
118,487,3,2
118,488,3,2
118,489,3,2
118,490,3,2
118,491,3,2
118,492,3,2
118,493,3,2
118,494,3,2
118,495,3,2
118,496,3,2
118,497,3,2
118,498,3,2
118,499,3,2
118,500,3,2
118,501,3,2
118,502,3,2
118,503,3,2
118,504,3,2
118,505,3,2
118,506,3,2
118,507,3,2
118,508,3,2
118,509,3,2
118,510,3,2
118,511,3,2
118,512,3,2
118,513,3,2
118,514,3,2
118,515,3,2
118,516,3,2
118,517,3,2
118,518,3,2
118,519,3,2
118,520,3,2
118,521,3,2
118,522,3,2
118,523,3,2
118,524,3,2
118,525,3,2
118,526,3,2
118,527,3,2
118,528,3,2
118,529,3,2
118,530,3,2
118,531,3,2
118,532,3,2
118,533,3,2
118,534,3,2
118,535,3,2
118,536,3,2
118,537,3,2
118,538,3,2
118,539,3,2
118,540,3,2
118,541,3,2
118,542,3,2
118,543,3,2
118,544,3,2
118,545,3,2
118,546,3,2
118,547,3,2
118,548,3,2
118,549,3,2
118,550,3,2
118,551,3,2
118,552,3,2
118,553,3,2
118,554,3,2
118,555,3,2
118,556,3,2
118,557,3,2
118,558,3,2
118,559,3,2
118,560,3,2
118,561,3,2
118,562,3,2
118,563,3,2
118,564,3,2
118,565,3,2
118,566,3,2
118,567,3,2
118,568,3,2
118,569,3,2
118,570,3,2
118,571,3,2
118,572,3,2
118,573,3,2
118,574,3,2
118,575,3,2
118,576,3,2
118,577,3,2
118,578,3,2
118,579,3,2
118,580,3,2
118,581,3,2
118,582,3,2
118,583,3,2
118,584,3,2
118,585,3,2
118,586,3,2
118,587,3,2
118,588,3,2
118,589,3,2
118,590,3,2
118,591,3,2
118,592,3,2
118,593,3,2
118,594,3,2
118,595,3,2
118,596,3,2
118,597,3,2
118,598,3,2
118,599,3,2
118,600,3,2
118,601,3,2
118,602,3,2
118,603,3,2
118,604,3,2
118,605,3,2
118,606,3,2
118,607,3,2
118,608,3,2
118,609,3,2
118,610,3,2
118,611,3,2
118,612,3,2
118,613,3,2
118,614,3,2
118,615,3,2
118,616,3,2
118,617,3,2
118,618,3,2
118,619,3,2
118,620,3,2
118,621,3,2
118,622,3,2
118,623,3,2
118,624,3,2
118,625,3,2
118,626,3,2
118,627,3,2
118,628,3,2
118,629,3,2
118,630,3,2
118,631,3,2
118,632,3,2
118,633,3,2
118,634,3,2
118,635,3,2
118,636,3,2
118,637,3,2
118,638,3,2
118,639,3,2
118,640,3,2
118,641,3,2
118,642,3,2
118,643,3,2
118,644,3,2
118,645,3,2
118,646,3,2
118,647,3,2
118,648,3,2
118,649,3,2
118,650,3,2
118,651,3,2
118,652,3,2
118,653,3,2
118,654,3,2
118,655,3,2
118,656,3,2
118,657,3,2
118,658,3,2
118,659,3,2
118,660,3,2
118,661,3,2
118,662,3,2
118,663,3,2
118,664,3,2
118,665,3,2
118,666,3,2
118,667,3,2
118,668,3,2
118,669,3,2
118,670,3,2
118,671,3,2
118,672,3,2
118,673,3,2
118,674,3,2
118,675,3,2
118,676,3,2
118,677,3,2
118,678,3,2
118,679,3,2
118,680,3,2
118,681,3,2
118,682,3,2
118,683,3,2
118,684,3,2
118,685,3,2
118,686,3,2
118,687,3,2
118,688,3,2
118,689,3,2
118,690,3,2
118,691,3,2
118,692,3,2
118,693,3,2
118,694,3,2
118,695,3,2
118,696,3,2
118,697,3,2
118,698,3,2
118,699,3,2
118,700,3,2
118,701,3,2
118,702,3,2
118,703,3,2
118,704,3,2
118,705,3,2
118,706,3,2
118,707,3,2
118,708,3,2
118,709,3,2
118,710,3,2
119,229,3,2
119,230,3,2
119,231,3,2
119,232,3,2
119,233,3,2
119,234,3,2
119,235,3,2
119,236,3,2
119,237,3,2
119,238,3,2
119,239,3,2
119,240,3,2
119,241,3,2
119,242,3,2
119,243,3,2
119,244,3,2
119,245,3,2
119,246,3,2
119,247,3,2
119,248,3,2
119,249,3,2
119,250,3,2
119,251,3,2
119,252,3,2
119,253,3,2
119,254,3,2
119,255,3,2
119,256,3,2
119,257,3,2
119,258,3,2
119,259,3,2
119,260,3,2
119,261,3,2
119,262,3,2
119,263,3,2
119,264,3,2
119,265,3,2
119,266,3,2
119,267,3,2
119,268,3,2
119,269,3,2
119,270,3,2
119,271,3,2
119,272,3,2
119,273,3,2
119,274,3,2
119,275,3,2
119,276,3,2
119,277,3,2
119,278,3,2
119,279,3,2
119,280,3,2
119,281,3,2
119,282,3,2
119,283,3,2
119,284,3,2
119,285,3,2
119,286,3,2
119,287,3,2
119,288,3,2
119,289,3,2
119,290,3,2
119,291,3,2
119,292,3,2
119,293,3,2
119,294,3,2
119,295,3,2
119,296,3,2
119,297,3,2
119,298,3,2
119,299,3,2
119,300,3,2
119,301,3,2
119,302,3,2
119,303,3,2
119,304,3,2
119,305,3,2
119,306,3,2
119,307,3,2
119,308,3,2
119,309,3,2
119,310,3,2
119,311,3,2
119,312,3,2
119,313,3,2
119,314,3,2
119,315,3,2
119,316,3,2
119,317,3,2
119,318,3,2
119,319,3,2
119,320,3,2
119,321,3,2
119,322,3,2
119,323,3,2
119,324,3,2
119,325,3,2
119,326,3,2
119,327,3,2
119,328,3,2
119,329,3,2
119,330,3,2
119,331,3,2
119,332,3,2
119,333,3,2
119,334,3,2
119,335,3,2
119,336,3,2
119,337,3,2
119,338,3,2
119,339,3,2
119,340,3,2
119,341,3,2
119,342,3,2
119,343,3,2
119,344,3,2
119,345,3,2
119,346,3,2
119,347,3,2
119,348,3,2
119,349,3,2
119,350,3,2
119,351,3,2
119,352,3,2
119,353,3,2
119,354,3,2
119,355,3,2
119,356,3,2
119,357,3,2
119,358,3,2
119,359,3,2
119,360,3,2
119,361,3,2
119,362,3,2
119,363,3,2
119,364,3,2
119,365,3,2
119,366,3,2
119,367,3,2
119,368,3,2
119,369,3,2
119,370,3,2
119,371,3,2
119,372,3,2
119,373,3,2
119,374,3,2
119,375,3,2
119,376,3,2
119,377,3,2
119,378,3,2
119,379,3,2
119,380,3,2
119,381,3,2
119,382,3,2
119,383,3,2
119,384,3,2
119,385,3,2
119,386,3,2
119,387,3,2
119,388,3,2
119,389,3,2
119,390,3,2
119,391,3,2
119,392,3,2
119,393,3,2
119,394,3,2
119,395,3,2
119,396,3,2
119,397,3,2
119,398,3,2
119,399,3,2
119,400,3,2
119,401,3,2
119,402,3,2
119,403,3,2
119,404,3,2
119,405,3,2
119,406,3,2
119,407,3,2
119,408,3,2
119,409,3,2
119,410,3,2
119,411,3,2
119,412,3,2
119,413,3,2
119,414,3,2
119,415,3,2
119,416,3,2
119,417,3,2
119,418,3,2
119,419,3,2
119,420,3,2
119,421,3,2
119,422,3,2
119,423,3,2
119,424,3,2
119,425,3,2
119,426,3,2
119,427,3,2
119,428,3,2
119,429,3,2
119,430,3,2
119,431,3,2
119,432,3,2
119,433,3,2
119,434,3,2
119,435,3,2
119,436,3,2
119,437,3,2
119,438,3,2
119,439,3,2
119,440,3,2
119,441,3,2
119,442,3,2
119,443,3,2
119,444,3,2
119,445,3,2
119,446,3,2
119,447,3,2
119,448,3,2
119,449,3,2
119,450,3,2
119,451,3,2
119,452,3,2
119,453,3,2
119,454,3,2
119,455,3,2
119,456,3,2
119,457,3,2
119,458,3,2
119,459,3,2
119,460,3,2
119,461,3,2
119,462,3,2
119,463,3,2
119,464,3,2
119,465,3,2
119,466,3,2
119,467,3,2
119,468,3,2
119,469,3,2
119,470,3,2
119,471,3,2
119,472,3,2
119,473,3,2
119,474,3,2
119,475,3,2
119,476,3,2
119,477,3,2
119,478,3,2
119,479,3,2
119,480,3,2
119,481,3,2
119,482,3,2
119,483,3,2
119,484,3,2
119,485,3,2
119,486,3,2
119,487,3,2
119,488,3,2
119,489,3,2
119,490,3,2
119,491,3,2
119,492,3,2
119,493,3,2
119,494,3,2
119,495,3,2
119,496,3,2
119,497,3,2
119,498,3,2
119,499,3,2
119,500,3,2
119,501,3,2
119,502,3,2
119,503,3,2
119,504,3,2
119,505,3,2
119,506,3,2
119,507,3,2
119,508,3,2
119,509,3,2
119,510,3,2
119,511,3,2
119,512,3,2
119,513,3,2
119,514,3,2
119,515,3,2
119,516,3,2
119,517,3,2
119,518,3,2
119,519,3,2
119,520,3,2
119,521,3,2
119,522,3,2
119,523,3,2
119,524,3,2
119,525,3,2
119,526,3,2
119,527,3,2
119,528,3,2
119,529,3,2
119,530,3,2
119,531,3,2
119,532,3,2
119,533,3,2
119,534,3,2
119,535,3,2
119,536,3,2
119,537,3,2
119,538,3,2
119,539,3,2
119,540,3,2
119,541,3,2
119,542,3,2
119,543,3,2
119,544,3,2
119,545,3,2
119,546,3,2
119,547,3,2
119,548,3,2
119,549,3,2
119,550,3,2
119,551,3,2
119,552,3,2
119,553,3,2
119,554,3,2
119,555,3,2
119,556,3,2
119,557,3,2
119,558,3,2
119,559,3,2
119,560,3,2
119,561,3,2
119,562,3,2
119,563,3,2
119,564,3,2
119,565,3,2
119,566,3,2
119,567,3,2
119,568,3,2
119,569,3,2
119,570,3,2
119,571,3,2
119,572,3,2
119,573,3,2
119,574,3,2
119,575,3,2
119,576,3,2
119,577,3,2
119,578,3,2
119,579,3,2
119,580,3,2
119,581,3,2
119,582,3,2
119,583,3,2
119,584,3,2
119,585,3,2
119,586,3,2
119,587,3,2
119,588,3,2
119,589,3,2
119,590,3,2
119,591,3,2
119,592,3,2
119,593,3,2
119,594,3,2
119,595,3,2
119,596,3,2
119,597,3,2
119,598,3,2
119,599,3,2
119,600,3,2
119,601,3,2
119,602,3,2
119,603,3,2
119,604,3,2
119,605,3,2
119,606,3,2
119,607,3,2
119,608,3,2
119,609,3,2
119,610,3,2
119,611,3,2
119,612,3,2
119,613,3,2
119,614,3,2
119,615,3,2
119,616,3,2
119,617,3,2
119,618,3,2
119,619,3,2
119,620,3,2
119,621,3,2
119,622,3,2
119,623,3,2
119,624,3,2
119,625,3,2
119,626,3,2
119,627,3,2
119,628,3,2
119,629,3,2
119,630,3,2
119,631,3,2
119,632,3,2
119,633,3,2
119,634,3,2
119,635,3,2
119,636,3,2
119,637,3,2
119,638,3,2
119,639,3,2
119,640,3,2
119,641,3,2
119,642,3,2
119,643,3,2
119,644,3,2
119,645,3,2
119,646,3,2
119,647,3,2
119,648,3,2
119,649,3,2
119,650,3,2
119,651,3,2
119,652,3,2
119,653,3,2
119,654,3,2
119,655,3,2
119,656,3,2
119,657,3,2
119,658,3,2
119,659,3,2
119,660,3,2
119,661,3,2
119,662,3,2
119,663,3,2
119,664,3,2
119,665,3,2
119,666,3,2
119,667,3,2
119,668,3,2
119,669,3,2
119,670,3,2
119,671,3,2
119,672,3,2
119,673,3,2
119,674,3,2
119,675,3,2
119,676,3,2
119,677,3,2
119,678,3,2
119,679,3,2
119,680,3,2
119,681,3,2
119,682,3,2
119,683,3,2
119,684,3,2
119,685,3,2
119,686,3,2
119,687,3,2
119,688,3,2
119,689,3,2
119,690,3,2
119,691,3,2
119,692,3,2
119,693,3,2
119,694,3,2
119,695,3,2
119,696,3,2
119,697,3,2
119,698,3,2
119,699,3,2
119,700,3,2
119,701,3,2
119,702,3,2
119,703,3,2
119,704,3,2
119,705,3,2
119,706,3,2
119,707,3,2
119,708,3,2
119,709,3,2
119,710,3,2
120,228,3,2
120,229,3,2
120,230,3,2
120,231,3,2
120,232,3,2
120,233,3,2
120,234,3,2
120,235,3,2
120,236,3,2
120,237,3,2
120,238,3,2
120,239,3,2
120,240,3,2
120,241,3,2
120,242,3,2
120,243,3,2
120,244,3,2
120,245,3,2
120,246,3,2
120,247,3,2
120,248,3,2
120,249,3,2
120,250,3,2
120,251,3,2
120,252,3,2
120,253,3,2
120,254,3,2
120,255,3,2
120,256,3,2
120,257,3,2
120,258,3,2
120,259,3,2
120,260,3,2
120,261,3,2
120,262,3,2
120,263,3,2
120,264,3,2
120,265,3,2
120,266,3,2
120,267,3,2
120,268,3,2
120,269,3,2
120,270,3,2
120,271,3,2
120,272,3,2
120,273,3,2
120,274,3,2
120,275,3,2
120,276,3,2
120,277,3,2
120,278,3,2
120,279,3,2
120,280,3,2
120,281,3,2
120,282,3,2
120,283,3,2
120,284,3,2
120,285,3,2
120,286,3,2
120,287,3,2
120,288,3,2
120,289,3,2
120,290,3,2
120,291,3,2
120,292,3,2
120,293,3,2
120,294,3,2
120,295,3,2
120,296,3,2
120,297,3,2
120,298,3,2
120,299,3,2
120,300,3,2
120,301,3,2
120,302,3,2
120,303,3,2
120,304,3,2
120,305,3,2
120,306,3,2
120,307,3,2
120,308,3,2
120,309,3,2
120,310,3,2
120,311,3,2
120,312,3,2
120,313,3,2
120,314,3,2
120,315,3,2
120,316,3,2
120,317,3,2
120,318,3,2
120,319,3,2
120,320,3,2
120,321,3,2
120,322,3,2
120,323,3,2
120,324,3,2
120,325,3,2
120,326,3,2
120,327,3,2
120,328,3,2
120,329,3,2
120,330,3,2
120,331,3,2
120,332,3,2
120,333,3,2
120,334,3,2
120,335,3,2
120,336,3,2
120,337,3,2
120,338,3,2
120,339,3,2
120,340,3,2
120,341,3,2
120,342,3,2
120,343,3,2
120,344,3,2
120,345,3,2
120,346,3,2
120,347,3,2
120,348,3,2
120,349,3,2
120,350,3,2
120,351,3,2
120,352,3,2
120,353,3,2
120,354,3,2
120,355,3,2
120,356,3,2
120,357,3,2
120,358,3,2
120,359,3,2
120,360,3,2
120,361,3,2
120,362,3,2
120,363,3,2
120,364,3,2
120,365,3,2
120,366,3,2
120,367,3,2
120,368,3,2
120,369,3,2
120,370,3,2
120,371,3,2
120,372,3,2
120,373,3,2
120,374,3,2
120,375,3,2
120,376,3,2
120,377,3,2
120,378,3,2
120,379,3,2
120,380,3,2
120,381,3,2
120,382,3,2
120,383,3,2
120,384,3,2
120,385,3,2
120,386,3,2
120,387,3,2
120,388,3,2
120,389,3,2
120,390,3,2
120,391,3,2
120,392,3,2
120,393,3,2
120,394,3,2
120,395,3,2
120,396,3,2
120,397,3,2
120,398,3,2
120,399,3,2
120,400,3,2
120,401,3,2
120,402,3,2
120,403,3,2
120,404,3,2
120,405,3,2
120,406,3,2
120,407,3,2
120,408,3,2
120,409,3,2
120,410,3,2
120,411,3,2
120,412,3,2
120,413,3,2
120,414,3,2
120,415,3,2
120,416,3,2
120,417,3,2
120,418,3,2
120,419,3,2
120,420,3,2
120,421,3,2
120,422,3,2
120,423,3,2
120,424,3,2
120,425,3,2
120,426,3,2
120,427,3,2
120,428,3,2
120,429,3,2
120,430,3,2
120,431,3,2
120,432,3,2
120,433,3,2
120,434,3,2
120,435,3,2
120,436,3,2
120,437,3,2
120,438,3,2
120,439,3,2
120,440,3,2
120,441,3,2
120,442,3,2
120,443,3,2
120,444,3,2
120,445,3,2
120,446,3,2
120,447,3,2
120,448,3,2
120,449,3,2
120,450,3,2
120,451,3,2
120,452,3,2
120,453,3,2
120,454,3,2
120,455,3,2
120,456,3,2
120,457,3,2
120,458,3,2
120,459,3,2
120,460,3,2
120,461,3,2
120,462,3,2
120,463,3,2
120,464,3,2
120,465,3,2
120,466,3,2
120,467,3,2
120,468,3,2
120,469,3,2
120,470,3,2
120,471,3,2
120,472,3,2
120,473,3,2
120,474,3,2
120,475,3,2
120,476,3,2
120,477,3,2
120,478,3,2
120,479,3,2
120,480,3,2
120,481,3,2
120,482,3,2
120,483,3,2
120,484,3,2
120,485,3,2
120,486,3,2
120,487,3,2
120,488,3,2
120,489,3,2
120,490,3,2
120,491,3,2
120,492,3,2
120,493,3,2
120,494,3,2
120,495,3,2
120,496,3,2
120,497,3,2
120,498,3,2
120,499,3,2
120,500,3,2
120,501,3,2
120,502,3,2
120,503,3,2
120,504,3,2
120,505,3,2
120,506,3,2
120,507,3,2
120,508,3,2
120,509,3,2
120,510,3,2
120,511,3,2
120,512,3,2
120,513,3,2
120,514,3,2
120,515,3,2
120,516,3,2
120,517,3,2
120,518,3,2
120,519,3,2
120,520,3,2
120,521,3,2
120,522,3,2
120,523,3,2
120,524,3,2
120,525,3,2
120,526,3,2
120,527,3,2
120,528,3,2
120,529,3,2
120,530,3,2
120,531,3,2
120,532,3,2
120,533,3,2
120,534,3,2
120,535,3,2
120,536,3,2
120,537,3,2
120,538,3,2
120,539,3,2
120,540,3,2
120,541,3,2
120,542,3,2
120,543,3,2
120,544,3,2
120,545,3,2
120,546,3,2
120,547,3,2
120,548,3,2
120,549,3,2
120,550,3,2
120,551,3,2
120,552,3,2
120,553,3,2
120,554,3,2
120,555,3,2
120,556,3,2
120,557,3,2
120,558,3,2
120,559,3,2
120,560,3,2
120,561,3,2
120,562,3,2
120,563,3,2
120,564,3,2
120,565,3,2
120,566,3,2
120,567,3,2
120,568,3,2
120,569,3,2
120,570,3,2
120,571,3,2
120,572,3,2
120,573,3,2
120,574,3,2
120,575,3,2
120,576,3,2
120,577,3,2
120,578,3,2
120,579,3,2
120,580,3,2
120,581,3,2
120,582,3,2
120,583,3,2
120,584,3,2
120,585,3,2
120,586,3,2
120,587,3,2
120,588,3,2
120,589,3,2
120,590,3,2
120,591,3,2
120,592,3,2
120,593,3,2
120,594,3,2
120,595,3,2
120,596,3,2
120,597,3,2
120,598,3,2
120,599,3,2
120,600,3,2
120,601,3,2
120,602,3,2
120,603,3,2
120,604,3,2
120,605,3,2
120,606,3,2
120,607,3,2
120,608,3,2
120,609,3,2
120,610,3,2
120,611,3,2
120,612,3,2
120,613,3,2
120,614,3,2
120,615,3,2
120,616,3,2
120,617,3,2
120,618,3,2
120,619,3,2
120,620,3,2
120,621,3,2
120,622,3,2
120,623,3,2
120,624,3,2
120,625,3,2
120,626,3,2
120,627,3,2
120,628,3,2
120,629,3,2
120,630,3,2
120,631,3,2
120,632,3,2
120,633,3,2
120,634,3,2
120,635,3,2
120,636,3,2
120,637,3,2
120,638,3,2
120,639,3,2
120,640,3,2
120,641,3,2
120,642,3,2
120,643,3,2
120,644,3,2
120,645,3,2
120,646,3,2
120,647,3,2
120,648,3,2
120,649,3,2
120,650,3,2
120,651,3,2
120,652,3,2
120,653,3,2
120,654,3,2
120,655,3,2
120,656,3,2
120,657,3,2
120,658,3,2
120,659,3,2
120,660,3,2
120,661,3,2
120,662,3,2
120,663,3,2
120,664,3,2
120,665,3,2
120,666,3,2
120,667,3,2
120,668,3,2
120,669,3,2
120,670,3,2
120,671,3,2
120,672,3,2
120,673,3,2
120,674,3,2
120,675,3,2
120,676,3,2
120,677,3,2
120,678,3,2
120,679,3,2
120,680,3,2
120,681,3,2
120,682,3,2
120,683,3,2
120,684,3,2
120,685,3,2
120,686,3,2
120,687,3,2
120,688,3,2
120,689,3,2
120,690,3,2
120,691,3,2
120,692,3,2
120,693,3,2
120,694,3,2
120,695,3,2
120,696,3,2
120,697,3,2
120,698,3,2
120,699,3,2
120,700,3,2
120,701,3,2
120,702,3,2
120,703,3,2
120,704,3,2
120,705,3,2
120,706,3,2
120,707,3,2
120,708,3,2
120,709,3,2
120,710,3,2
120,716,3,2
120,717,3,2
120,718,3,2
121,227,3,2
121,228,3,2
121,229,3,2
121,230,3,2
121,231,3,2
121,232,3,2
121,233,3,2
121,234,3,2
121,235,3,2
121,236,3,2
121,237,3,2
121,238,3,2
121,239,3,2
121,240,3,2
121,241,3,2
121,242,3,2
121,243,3,2
121,244,3,2
121,245,3,2
121,246,3,2
121,247,3,2
121,248,3,2
121,249,3,2
121,250,3,2
121,251,3,2
121,252,3,2
121,253,3,2
121,254,3,2
121,255,3,2
121,256,3,2
121,257,3,2
121,258,3,2
121,259,3,2
121,260,3,2
121,261,3,2
121,262,3,2
121,263,3,2
121,264,3,2
121,265,3,2
121,266,3,2
121,267,3,2
121,268,3,2
121,269,3,2
121,270,3,2
121,271,3,2
121,272,3,2
121,273,3,2
121,274,3,2
121,275,3,2
121,276,3,2
121,277,3,2
121,278,3,2
121,279,3,2
121,280,3,2
121,281,3,2
121,282,3,2
121,283,3,2
121,284,3,2
121,285,3,2
121,286,3,2
121,287,3,2
121,288,3,2
121,289,3,2
121,290,3,2
121,291,3,2
121,292,3,2
121,293,3,2
121,294,3,2
121,295,3,2
121,296,3,2
121,297,3,2
121,298,3,2
121,299,3,2
121,300,3,2
121,301,3,2
121,302,3,2
121,303,3,2
121,304,3,2
121,305,3,2
121,306,3,2
121,307,3,2
121,308,3,2
121,309,3,2
121,310,3,2
121,311,3,2
121,312,3,2
121,313,3,2
121,314,3,2
121,315,3,2
121,316,3,2
121,317,3,2
121,318,3,2
121,319,3,2
121,320,3,2
121,321,3,2
121,322,3,2
121,323,3,2
121,324,3,2
121,325,3,2
121,326,3,2
121,327,3,2
121,328,3,2
121,329,3,2
121,330,3,2
121,331,3,2
121,332,3,2
121,333,3,2
121,334,3,2
121,335,3,2
121,336,3,2
121,337,3,2
121,338,3,2
121,339,3,2
121,340,3,2
121,341,3,2
121,342,3,2
121,343,3,2
121,344,3,2
121,345,3,2
121,346,3,2
121,347,3,2
121,348,3,2
121,349,3,2
121,350,3,2
121,351,3,2
121,352,3,2
121,353,3,2
121,354,3,2
121,355,3,2
121,356,3,2
121,357,3,2
121,358,3,2
121,359,3,2
121,360,3,2
121,361,3,2
121,362,3,2
121,363,3,2
121,364,3,2
121,365,3,2
121,366,3,2
121,367,3,2
121,368,3,2
121,369,3,2
121,370,3,2
121,371,3,2
121,372,3,2
121,373,3,2
121,374,3,2
121,375,3,2
121,376,3,2
121,377,3,2
121,378,3,2
121,379,3,2
121,380,3,2
121,381,3,2
121,382,3,2
121,383,3,2
121,384,3,2
121,385,3,2
121,386,3,2
121,387,3,2
121,388,3,2
121,389,3,2
121,390,3,2
121,391,3,2
121,392,3,2
121,393,3,2
121,394,3,2
121,395,3,2
121,396,3,2
121,397,3,2
121,398,3,2
121,399,3,2
121,400,3,2
121,401,3,2
121,402,3,2
121,403,3,2
121,404,3,2
121,405,3,2
121,406,3,2
121,407,3,2
121,408,3,2
121,409,3,2
121,410,3,2
121,411,3,2
121,412,3,2
121,413,3,2
121,414,3,2
121,415,3,2
121,416,3,2
121,417,3,2
121,418,3,2
121,419,3,2
121,420,3,2
121,421,3,2
121,422,3,2
121,423,3,2
121,424,3,2
121,425,3,2
121,426,3,2
121,427,3,2
121,428,3,2
121,429,3,2
121,430,3,2
121,431,3,2
121,432,3,2
121,433,3,2
121,434,3,2
121,435,3,2
121,436,3,2
121,437,3,2
121,438,3,2
121,439,3,2
121,440,3,2
121,441,3,2
121,442,3,2
121,443,3,2
121,444,3,2
121,445,3,2
121,446,3,2
121,447,3,2
121,448,3,2
121,449,3,2
121,450,3,2
121,451,3,2
121,452,3,2
121,453,3,2
121,454,3,2
121,455,3,2
121,456,3,2
121,457,3,2
121,458,3,2
121,459,3,2
121,460,3,2
121,461,3,2
121,462,3,2
121,463,3,2
121,464,3,2
121,465,3,2
121,466,3,2
121,467,3,2
121,468,3,2
121,469,3,2
121,470,3,2
121,471,3,2
121,472,3,2
121,473,3,2
121,474,3,2
121,475,3,2
121,476,3,2
121,477,3,2
121,478,3,2
121,479,3,2
121,480,3,2
121,481,3,2
121,482,3,2
121,483,3,2
121,484,3,2
121,485,3,2
121,486,3,2
121,487,3,2
121,488,3,2
121,489,3,2
121,490,3,2
121,491,3,2
121,492,3,2
121,493,3,2
121,494,3,2
121,495,3,2
121,496,3,2
121,497,3,2
121,498,3,2
121,499,3,2
121,500,3,2
121,501,3,2
121,502,3,2
121,503,3,2
121,504,3,2
121,505,3,2
121,506,3,2
121,507,3,2
121,508,3,2
121,509,3,2
121,510,3,2
121,511,3,2
121,512,3,2
121,513,3,2
121,514,3,2
121,515,3,2
121,516,3,2
121,517,3,2
121,518,3,2
121,519,3,2
121,520,3,2
121,521,3,2
121,522,3,2
121,523,3,2
121,524,3,2
121,525,3,2
121,526,3,2
121,527,3,2
121,528,3,2
121,529,3,2
121,530,3,2
121,531,3,2
121,532,3,2
121,533,3,2
121,534,3,2
121,535,3,2
121,536,3,2
121,537,3,2
121,538,3,2
121,539,3,2
121,540,3,2
121,541,3,2
121,542,3,2
121,543,3,2
121,544,3,2
121,545,3,2
121,546,3,2
121,547,3,2
121,548,3,2
121,549,3,2
121,550,3,2
121,551,3,2
121,552,3,2
121,553,3,2
121,554,3,2
121,555,3,2
121,556,3,2
121,557,3,2
121,558,3,2
121,559,3,2
121,560,3,2
121,561,3,2
121,562,3,2
121,563,3,2
121,564,3,2
121,565,3,2
121,566,3,2
121,567,3,2
121,568,3,2
121,569,3,2
121,570,3,2
121,571,3,2
121,572,3,2
121,573,3,2
121,574,3,2
121,575,3,2
121,576,3,2
121,577,3,2
121,578,3,2
121,579,3,2
121,580,3,2
121,581,3,2
121,582,3,2
121,583,3,2
121,584,3,2
121,585,3,2
121,586,3,2
121,587,3,2
121,588,3,2
121,589,3,2
121,590,3,2
121,591,3,2
121,592,3,2
121,593,3,2
121,594,3,2
121,595,3,2
121,596,3,2
121,597,3,2
121,598,3,2
121,599,3,2
121,600,3,2
121,601,3,2
121,602,3,2
121,603,3,2
121,604,3,2
121,605,3,2
121,606,3,2
121,607,3,2
121,608,3,2
121,609,3,2
121,610,3,2
121,611,3,2
121,612,3,2
121,613,3,2
121,614,3,2
121,615,3,2
121,616,3,2
121,617,3,2
121,618,3,2
121,619,3,2
121,620,3,2
121,621,3,2
121,622,3,2
121,623,3,2
121,624,3,2
121,625,3,2
121,626,3,2
121,627,3,2
121,628,3,2
121,629,3,2
121,630,3,2
121,631,3,2
121,632,3,2
121,633,3,2
121,634,3,2
121,635,3,2
121,636,3,2
121,637,3,2
121,638,3,2
121,639,3,2
121,640,3,2
121,641,3,2
121,642,3,2
121,643,3,2
121,644,3,2
121,645,3,2
121,646,3,2
121,647,3,2
121,648,3,2
121,649,3,2
121,650,3,2
121,651,3,2
121,652,3,2
121,653,3,2
121,654,3,2
121,655,3,2
121,656,3,2
121,657,3,2
121,658,3,2
121,659,3,2
121,660,3,2
121,661,3,2
121,662,3,2
121,663,3,2
121,664,3,2
121,665,3,2
121,666,3,2
121,667,3,2
121,668,3,2
121,669,3,2
121,670,3,2
121,671,3,2
121,672,3,2
121,673,3,2
121,674,3,2
121,675,3,2
121,676,3,2
121,677,3,2
121,678,3,2
121,679,3,2
121,680,3,2
121,681,3,2
121,682,3,2
121,683,3,2
121,684,3,2
121,685,3,2
121,686,3,2
121,687,3,2
121,688,3,2
121,689,3,2
121,690,3,2
121,691,3,2
121,692,3,2
121,693,3,2
121,694,3,2
121,695,3,2
121,696,3,2
121,697,3,2
121,698,3,2
121,699,3,2
121,700,3,2
121,701,3,2
121,702,3,2
121,703,3,2
121,704,3,2
121,705,3,2
121,706,3,2
121,707,3,2
121,708,3,2
121,709,3,2
121,710,3,2
121,711,3,2
121,714,3,2
121,715,3,2
121,716,3,2
121,717,3,2
121,718,3,2
122,225,3,2
122,226,3,2
122,227,3,2
122,228,3,2
122,229,3,2
122,230,3,2
122,231,3,2
122,232,3,2
122,233,3,2
122,234,3,2
122,235,3,2
122,236,3,2
122,237,3,2
122,238,3,2
122,239,3,2
122,240,3,2
122,241,3,2
122,242,3,2
122,243,3,2
122,244,3,2
122,245,3,2
122,246,3,2
122,247,3,2
122,248,3,2
122,249,3,2
122,250,3,2
122,251,3,2
122,252,3,2
122,253,3,2
122,254,3,2
122,255,3,2
122,256,3,2
122,257,3,2
122,258,3,2
122,259,3,2
122,260,3,2
122,261,3,2
122,262,3,2
122,263,3,2
122,264,3,2
122,265,3,2
122,266,3,2
122,267,3,2
122,268,3,2
122,269,3,2
122,270,3,2
122,271,3,2
122,272,3,2
122,273,3,2
122,274,3,2
122,275,3,2
122,276,3,2
122,277,3,2
122,278,3,2
122,279,3,2
122,280,3,2
122,281,3,2
122,282,3,2
122,283,3,2
122,284,3,2
122,285,3,2
122,286,3,2
122,287,3,2
122,288,3,2
122,289,3,2
122,290,3,2
122,291,3,2
122,292,3,2
122,293,3,2
122,294,3,2
122,295,3,2
122,296,3,2
122,297,3,2
122,298,3,2
122,299,3,2
122,300,3,2
122,301,3,2
122,302,3,2
122,303,3,2
122,304,3,2
122,305,3,2
122,306,3,2
122,307,3,2
122,308,3,2
122,309,3,2
122,310,3,2
122,311,3,2
122,312,3,2
122,313,3,2
122,314,3,2
122,315,3,2
122,316,3,2
122,317,3,2
122,318,3,2
122,319,3,2
122,320,3,2
122,321,3,2
122,322,3,2
122,323,3,2
122,324,3,2
122,325,3,2
122,326,3,2
122,327,3,2
122,328,3,2
122,329,3,2
122,330,3,2
122,331,3,2
122,332,3,2
122,333,3,2
122,334,3,2
122,335,3,2
122,336,3,2
122,337,3,2
122,338,3,2
122,339,3,2
122,340,3,2
122,341,3,2
122,342,3,2
122,343,3,2
122,344,3,2
122,345,3,2
122,346,3,2
122,347,3,2
122,348,3,2
122,349,3,2
122,350,3,2
122,351,3,2
122,352,3,2
122,353,3,2
122,354,3,2
122,355,3,2
122,356,3,2
122,357,3,2
122,358,3,2
122,359,3,2
122,360,3,2
122,361,3,2
122,362,3,2
122,363,3,2
122,364,3,2
122,365,3,2
122,366,3,2
122,367,3,2
122,368,3,2
122,369,3,2
122,370,3,2
122,371,3,2
122,372,3,2
122,373,3,2
122,374,3,2
122,375,3,2
122,376,3,2
122,377,3,2
122,378,3,2
122,379,3,2
122,380,3,2
122,381,3,2
122,382,3,2
122,383,3,2
122,384,3,2
122,385,3,2
122,386,3,2
122,387,3,2
122,388,3,2
122,389,3,2
122,390,3,2
122,391,3,2
122,392,3,2
122,393,3,2
122,394,3,2
122,395,3,2
122,396,3,2
122,397,3,2
122,398,3,2
122,399,3,2
122,400,3,2
122,401,3,2
122,402,3,2
122,403,3,2
122,404,3,2
122,405,3,2
122,406,3,2
122,407,3,2
122,408,3,2
122,409,3,2
122,410,3,2
122,411,3,2
122,412,3,2
122,413,3,2
122,414,3,2
122,415,3,2
122,416,3,2
122,417,3,2
122,418,3,2
122,419,3,2
122,420,3,2
122,421,3,2
122,422,3,2
122,423,3,2
122,424,3,2
122,425,3,2
122,426,3,2
122,427,3,2
122,428,3,2
122,429,3,2
122,430,3,2
122,431,3,2
122,432,3,2
122,433,3,2
122,434,3,2
122,435,3,2
122,436,3,2
122,437,3,2
122,438,3,2
122,439,3,2
122,440,3,2
122,441,3,2
122,442,3,2
122,443,3,2
122,444,3,2
122,445,3,2
122,446,3,2
122,447,3,2
122,448,3,2
122,449,3,2
122,450,3,2
122,451,3,2
122,452,3,2
122,453,3,2
122,454,3,2
122,455,3,2
122,456,3,2
122,457,3,2
122,458,3,2
122,459,3,2
122,460,3,2
122,461,3,2
122,462,3,2
122,463,3,2
122,464,3,2
122,465,3,2
122,466,3,2
122,467,3,2
122,468,3,2
122,469,3,2
122,470,3,2
122,471,3,2
122,472,3,2
122,473,3,2
122,474,3,2
122,475,3,2
122,476,3,2
122,477,3,2
122,478,3,2
122,479,3,2
122,480,3,2
122,481,3,2
122,482,3,2
122,483,3,2
122,484,3,2
122,485,3,2
122,486,3,2
122,487,3,2
122,488,3,2
122,489,3,2
122,490,3,2
122,491,3,2
122,492,3,2
122,493,3,2
122,494,3,2
122,495,3,2
122,496,3,2
122,497,3,2
122,498,3,2
122,499,3,2
122,500,3,2
122,501,3,2
122,502,3,2
122,503,3,2
122,504,3,2
122,505,3,2
122,506,3,2
122,507,3,2
122,508,3,2
122,509,3,2
122,510,3,2
122,511,3,2
122,512,3,2
122,513,3,2
122,514,3,2
122,515,3,2
122,516,3,2
122,517,3,2
122,518,3,2
122,519,3,2
122,520,3,2
122,521,3,2
122,522,3,2
122,523,3,2
122,524,3,2
122,525,3,2
122,526,3,2
122,527,3,2
122,528,3,2
122,529,3,2
122,530,3,2
122,531,3,2
122,532,3,2
122,533,3,2
122,534,3,2
122,535,3,2
122,536,3,2
122,537,3,2
122,538,3,2
122,539,3,2
122,540,3,2
122,541,3,2
122,542,3,2
122,543,3,2
122,544,3,2
122,545,3,2
122,546,3,2
122,547,3,2
122,548,3,2
122,549,3,2
122,550,3,2
122,551,3,2
122,552,3,2
122,553,3,2
122,554,3,2
122,555,3,2
122,556,3,2
122,557,3,2
122,558,3,2
122,559,3,2
122,560,3,2
122,561,3,2
122,562,3,2
122,563,3,2
122,564,3,2
122,565,3,2
122,566,3,2
122,567,3,2
122,568,3,2
122,569,3,2
122,570,3,2
122,571,3,2
122,572,3,2
122,573,3,2
122,574,3,2
122,575,3,2
122,576,3,2
122,577,3,2
122,578,3,2
122,579,3,2
122,580,3,2
122,581,3,2
122,582,3,2
122,583,3,2
122,584,3,2
122,585,3,2
122,586,3,2
122,587,3,2
122,588,3,2
122,589,3,2
122,590,3,2
122,591,3,2
122,592,3,2
122,593,3,2
122,594,3,2
122,595,3,2
122,596,3,2
122,597,3,2
122,598,3,2
122,599,3,2
122,600,3,2
122,601,3,2
122,602,3,2
122,603,3,2
122,604,3,2
122,605,3,2
122,606,3,2
122,607,3,2
122,608,3,2
122,609,3,2
122,610,3,2
122,611,3,2
122,612,3,2
122,613,3,2
122,614,3,2
122,615,3,2
122,616,3,2
122,617,3,2
122,618,3,2
122,619,3,2
122,620,3,2
122,621,3,2
122,622,3,2
122,623,3,2
122,624,3,2
122,625,3,2
122,626,3,2
122,627,3,2
122,628,3,2
122,629,3,2
122,630,3,2
122,631,3,2
122,632,3,2
122,633,3,2
122,634,3,2
122,635,3,2
122,636,3,2
122,637,3,2
122,638,3,2
122,639,3,2
122,640,3,2
122,641,3,2
122,642,3,2
122,643,3,2
122,644,3,2
122,645,3,2
122,646,3,2
122,647,3,2
122,648,3,2
122,649,3,2
122,650,3,2
122,651,3,2
122,652,3,2
122,653,3,2
122,654,3,2
122,655,3,2
122,656,3,2
122,657,3,2
122,658,3,2
122,659,3,2
122,660,3,2
122,661,3,2
122,662,3,2
122,663,3,2
122,664,3,2
122,665,3,2
122,666,3,2
122,667,3,2
122,668,3,2
122,669,3,2
122,670,3,2
122,671,3,2
122,672,3,2
122,673,3,2
122,674,3,2
122,675,3,2
122,676,3,2
122,677,3,2
122,678,3,2
122,679,3,2
122,680,3,2
122,681,3,2
122,682,3,2
122,683,3,2
122,684,3,2
122,685,3,2
122,686,3,2
122,687,3,2
122,688,3,2
122,689,3,2
122,690,3,2
122,691,3,2
122,692,3,2
122,693,3,2
122,694,3,2
122,695,3,2
122,696,3,2
122,697,3,2
122,698,3,2
122,699,3,2
122,700,3,2
122,701,3,2
122,702,3,2
122,703,3,2
122,704,3,2
122,705,3,2
122,706,3,2
122,707,3,2
122,708,3,2
122,709,3,3
122,710,3,2
122,711,3,2
122,712,3,2
122,713,3,2
122,714,3,2
122,715,3,2
122,716,3,2
122,717,3,2
122,718,3,2
123,223,3,2
123,224,3,2
123,225,3,2
123,226,3,2
123,227,3,2
123,228,3,2
123,229,3,2
123,230,3,2
123,231,3,2
123,232,3,2
123,233,3,2
123,234,3,2
123,235,3,2
123,236,3,2
123,237,3,2
123,238,3,2
123,239,3,2
123,240,3,2
123,241,3,2
123,242,3,2
123,243,3,2
123,244,3,2
123,245,3,2
123,246,3,2
123,247,3,2
123,248,3,2
123,249,3,2
123,250,3,2
123,251,3,2
123,252,3,2
123,253,3,2
123,254,3,2
123,255,3,2
123,256,3,2
123,257,3,2
123,258,3,2
123,259,3,2
123,260,3,2
123,261,3,2
123,262,3,2
123,263,3,2
123,264,3,2
123,265,3,2
123,266,3,2
123,267,3,2
123,268,3,2
123,269,3,2
123,270,3,2
123,271,3,2
123,272,3,2
123,273,3,2
123,274,3,2
123,275,3,2
123,276,3,2
123,277,3,2
123,278,3,2
123,279,3,2
123,280,3,2
123,281,3,2
123,282,3,2
123,283,3,2
123,284,3,2
123,285,3,2
123,286,3,2
123,287,3,2
123,288,3,2
123,289,3,2
123,290,3,2
123,291,3,2
123,292,3,2
123,293,3,2
123,294,3,2
123,295,3,2
123,296,3,2
123,297,3,2
123,298,3,2
123,299,3,2
123,300,3,2
123,301,3,2
123,302,3,2
123,303,3,2
123,304,3,2
123,305,3,2
123,306,3,2
123,307,3,2
123,308,3,2
123,309,3,2
123,310,3,2
123,311,3,2
123,312,3,2
123,313,3,2
123,314,3,2
123,315,3,2
123,316,3,2
123,317,3,2
123,318,3,2
123,319,3,2
123,320,3,2
123,321,3,2
123,322,3,2
123,323,3,2
123,324,3,2
123,325,3,2
123,326,3,2
123,327,3,2
123,328,3,2
123,329,3,2
123,330,3,2
123,331,3,2
123,332,3,2
123,333,3,2
123,334,3,2
123,335,3,2
123,336,3,2
123,337,3,2
123,338,3,2
123,339,3,2
123,340,3,2
123,341,3,2
123,342,3,2
123,343,3,2
123,344,3,2
123,345,3,2
123,346,3,2
123,347,3,2
123,348,3,2
123,349,3,2
123,350,3,2
123,351,3,2
123,352,3,2
123,353,3,2
123,354,3,2
123,355,3,2
123,356,3,2
123,357,3,2
123,358,3,2
123,359,3,2
123,360,3,2
123,361,3,2
123,362,3,2
123,363,3,2
123,364,3,2
123,365,3,2
123,366,3,2
123,367,3,2
123,368,3,2
123,369,3,2
123,370,3,2
123,371,3,2
123,372,3,2
123,373,3,2
123,374,3,2
123,375,3,2
123,376,3,2
123,377,3,2
123,378,3,2
123,379,3,2
123,380,3,2
123,381,3,2
123,382,3,2
123,383,3,2
123,384,3,2
123,385,3,2
123,386,3,2
123,387,3,2
123,388,3,2
123,389,3,2
123,390,3,2
123,391,3,2
123,392,3,2
123,393,3,2
123,394,3,2
123,395,3,2
123,396,3,2
123,397,3,2
123,398,3,2
123,399,3,2
123,400,3,2
123,401,3,2
123,402,3,2
123,403,3,2
123,404,3,2
123,405,3,2
123,406,3,2
123,407,3,2
123,408,3,2
123,409,3,2
123,410,3,2
123,411,3,2
123,412,3,2
123,413,3,2
123,414,3,2
123,415,3,2
123,416,3,2
123,417,3,2
123,418,3,2
123,419,3,2
123,420,3,2
123,421,3,2
123,422,3,2
123,423,3,2
123,424,3,2
123,425,3,2
123,426,3,2
123,427,3,2
123,428,3,2
123,429,3,2
123,430,3,2
123,431,3,2
123,432,3,2
123,433,3,2
123,434,3,2
123,435,3,2
123,436,3,2
123,437,3,2
123,438,3,2
123,439,3,2
123,440,3,2
123,441,3,2
123,442,3,2
123,443,3,2
123,444,3,2
123,445,3,2
123,446,3,2
123,447,3,2
123,448,3,2
123,449,3,2
123,450,3,2
123,451,3,2
123,452,3,2
123,453,3,2
123,454,3,2
123,455,3,2
123,456,3,2
123,457,3,2
123,458,3,2
123,459,3,2
123,460,3,2
123,461,3,2
123,462,3,2
123,463,3,2
123,464,3,2
123,465,3,2
123,466,3,2
123,467,3,2
123,468,3,2
123,469,3,2
123,470,3,2
123,471,3,2
123,472,3,2
123,473,3,2
123,474,3,2
123,475,3,2
123,476,3,2
123,477,3,2
123,478,3,2
123,479,3,2
123,480,3,2
123,481,3,2
123,482,3,2
123,483,3,2
123,484,3,2
123,485,3,2
123,486,3,2
123,487,3,2
123,488,3,2
123,489,3,2
123,490,3,2
123,491,3,2
123,492,3,2
123,493,3,2
123,494,3,2
123,495,3,2
123,496,3,2
123,497,3,2
123,498,3,2
123,499,3,2
123,500,3,2
123,501,3,2
123,502,3,2
123,503,3,2
123,504,3,2
123,505,3,2
123,506,3,2
123,507,3,2
123,508,3,2
123,509,3,2
123,510,3,2
123,511,3,2
123,512,3,2
123,513,3,2
123,514,3,2
123,515,3,2
123,516,3,2
123,517,3,2
123,518,3,2
123,519,3,2
123,520,3,2
123,521,3,2
123,522,3,2
123,523,3,2
123,524,3,2
123,525,3,2
123,526,3,2
123,527,3,2
123,528,3,2
123,529,3,2
123,530,3,2
123,531,3,2
123,532,3,2
123,533,3,2
123,534,3,2
123,535,3,2
123,536,3,2
123,537,3,2
123,538,3,2
123,539,3,2
123,540,3,2
123,541,3,2
123,542,3,2
123,543,3,2
123,544,3,2
123,545,3,2
123,546,3,2
123,547,3,2
123,548,3,2
123,549,3,2
123,550,3,2
123,551,3,2
123,552,3,2
123,553,3,2
123,554,3,2
123,555,3,2
123,556,3,2
123,557,3,2
123,558,3,2
123,559,3,2
123,560,3,2
123,561,3,2
123,562,3,2
123,563,3,2
123,564,3,2
123,565,3,2
123,566,3,2
123,567,3,2
123,568,3,2
123,569,3,2
123,570,3,2
123,571,3,2
123,572,3,2
123,573,3,2
123,574,3,2
123,575,3,2
123,576,3,2
123,577,3,2
123,578,3,2
123,579,3,2
123,580,3,2
123,581,3,2
123,582,3,2
123,583,3,2
123,584,3,2
123,585,3,2
123,586,3,2
123,587,3,2
123,588,3,2
123,589,3,2
123,590,3,2
123,591,3,2
123,592,3,2
123,593,3,2
123,594,3,2
123,595,3,2
123,596,3,2
123,597,3,2
123,598,3,2
123,599,3,2
123,600,3,2
123,601,3,2
123,602,3,2
123,603,3,2
123,604,3,2
123,605,3,2
123,606,3,2
123,607,3,2
123,608,3,2
123,609,3,2
123,610,3,2
123,611,3,2
123,612,3,2
123,613,3,2
123,614,3,2
123,615,3,2
123,616,3,2
123,617,3,2
123,618,3,2
123,619,3,2
123,620,3,2
123,621,3,2
123,622,3,2
123,623,3,2
123,624,3,2
123,625,3,2
123,626,3,2
123,627,3,2
123,628,3,2
123,629,3,2
123,630,3,2
123,631,3,2
123,632,3,2
123,633,3,2
123,634,3,2
123,635,3,2
123,636,3,2
123,637,3,2
123,638,3,2
123,639,3,2
123,640,3,2
123,641,3,2
123,642,3,2
123,643,3,2
123,644,3,2
123,645,3,2
123,646,3,2
123,647,3,2
123,648,3,2
123,649,3,2
123,650,3,2
123,651,3,2
123,652,3,2
123,653,3,2
123,654,3,2
123,655,3,2
123,656,3,2
123,657,3,2
123,658,3,2
123,659,3,2
123,660,3,2
123,661,3,2
123,662,3,2
123,663,3,2
123,664,3,2
123,665,3,2
123,666,3,2
123,667,3,2
123,668,3,2
123,669,3,2
123,670,3,2
123,671,3,2
123,672,3,2
123,673,3,2
123,674,3,2
123,675,3,2
123,676,3,2
123,677,3,2
123,678,3,2
123,679,3,2
123,680,3,2
123,681,3,2
123,682,3,2
123,683,3,2
123,684,3,2
123,685,3,2
123,686,3,2
123,687,3,2
123,688,3,2
123,689,3,2
123,690,3,2
123,691,3,2
123,692,3,2
123,693,3,2
123,694,3,2
123,695,3,2
123,696,3,2
123,697,3,2
123,698,3,2
123,699,3,2
123,700,3,2
123,701,3,2
123,702,3,2
123,703,3,2
123,704,3,2
123,705,3,2
123,706,3,2
123,707,3,3
123,708,3,3
123,709,3,3
123,710,3,3
123,711,3,3
123,712,3,3
123,713,3,2
123,714,3,2
123,715,3,2
123,716,3,2
123,717,3,2
123,718,3,2
124,221,3,2
124,222,3,2
124,223,3,2
124,224,3,2
124,225,3,2
124,226,3,2
124,227,3,2
124,228,3,2
124,229,3,2
124,230,3,2
124,231,3,2
124,232,3,2
124,233,3,2
124,234,3,2
124,235,3,2
124,236,3,2
124,237,3,2
124,238,3,2
124,239,3,2
124,240,3,2
124,241,3,2
124,242,3,2
124,243,3,2
124,244,3,2
124,245,3,2
124,246,3,2
124,247,3,2
124,248,3,2
124,249,3,2
124,250,3,2
124,251,3,2
124,252,3,2
124,253,3,2
124,254,3,2
124,255,3,2
124,256,3,2
124,257,3,2
124,258,3,2
124,259,3,2
124,260,3,2
124,261,3,2
124,262,3,2
124,263,3,2
124,264,3,2
124,265,3,2
124,266,3,2
124,267,3,2
124,268,3,2
124,269,3,2
124,270,3,2
124,271,3,2
124,272,3,2
124,273,3,2
124,274,3,2
124,275,3,2
124,276,3,2
124,277,3,2
124,278,3,2
124,279,3,2
124,280,3,2
124,281,3,2
124,282,3,2
124,283,3,2
124,284,3,2
124,285,3,2
124,286,3,2
124,287,3,2
124,288,3,2
124,289,3,2
124,290,3,2
124,291,3,2
124,292,3,2
124,293,3,2
124,294,3,2
124,295,3,2
124,296,3,2
124,297,3,2
124,298,3,2
124,299,3,2
124,300,3,2
124,301,3,2
124,302,3,2
124,303,3,2
124,304,3,2
124,305,3,2
124,306,3,2
124,307,3,2
124,308,3,2
124,309,3,2
124,310,3,2
124,311,3,2
124,312,3,2
124,313,3,2
124,314,3,2
124,315,3,2
124,316,3,2
124,317,3,2
124,318,3,2
124,319,3,2
124,320,3,2
124,321,3,2
124,322,3,2
124,323,3,2
124,324,3,2
124,325,3,2
124,326,3,2
124,327,3,2
124,328,3,2
124,329,3,2
124,330,3,2
124,331,3,2
124,332,3,2
124,333,3,2
124,334,3,2
124,335,3,2
124,336,3,2
124,337,3,2
124,338,3,2
124,339,3,2
124,340,3,2
124,341,3,2
124,342,3,2
124,343,3,2
124,344,3,2
124,345,3,2
124,346,3,2
124,347,3,2
124,348,3,2
124,349,3,2
124,350,3,2
124,351,3,2
124,352,3,2
124,353,3,2
124,354,3,2
124,355,3,2
124,356,3,2
124,357,3,2
124,358,3,2
124,359,3,2
124,360,3,2
124,361,3,2
124,362,3,2
124,363,3,2
124,364,3,2
124,365,3,2
124,366,3,2
124,367,3,2
124,368,3,2
124,369,3,2
124,370,3,2
124,371,3,2
124,372,3,2
124,373,3,2
124,374,3,2
124,375,3,2
124,376,3,2
124,377,3,2
124,378,3,2
124,379,3,2
124,380,3,2
124,381,3,2
124,382,3,2
124,383,3,2
124,384,3,2
124,385,3,2
124,386,3,2
124,387,3,2
124,388,3,2
124,389,3,2
124,390,3,2
124,391,3,2
124,392,3,2
124,393,3,2
124,394,3,2
124,395,3,2
124,396,3,2
124,397,3,2
124,398,3,2
124,399,3,2
124,400,3,2
124,401,3,2
124,402,3,2
124,403,3,2
124,404,3,2
124,405,3,2
124,406,3,2
124,407,3,2
124,408,3,2
124,409,3,2
124,410,3,2
124,411,3,2
124,412,3,2
124,413,3,2
124,414,3,2
124,415,3,2
124,416,3,2
124,417,3,2
124,418,3,2
124,419,3,2
124,420,3,2
124,421,3,2
124,422,3,2
124,423,3,2
124,424,3,2
124,425,3,2
124,426,3,2
124,427,3,2
124,428,3,2
124,429,3,2
124,430,3,2
124,431,3,2
124,432,3,2
124,433,3,2
124,434,3,2
124,435,3,2
124,436,3,2
124,437,3,2
124,438,3,2
124,439,3,2
124,440,3,2
124,441,3,2
124,442,3,2
124,443,3,2
124,444,3,2
124,445,3,2
124,446,3,2
124,447,3,2
124,448,3,2
124,449,3,2
124,450,3,2
124,451,3,2
124,452,3,2
124,453,3,2
124,454,3,2
124,455,3,2
124,456,3,2
124,457,3,2
124,458,3,2
124,459,3,2
124,460,3,2
124,461,3,2
124,462,3,2
124,463,3,2
124,464,3,2
124,465,3,2
124,466,3,2
124,467,3,2
124,468,3,2
124,469,3,2
124,470,3,2
124,471,3,2
124,472,3,2
124,473,3,2
124,474,3,2
124,475,3,2
124,476,3,2
124,477,3,2
124,478,3,2
124,479,3,2
124,480,3,2
124,481,3,2
124,482,3,2
124,483,3,2
124,484,3,2
124,485,3,2
124,486,3,2
124,487,3,2
124,488,3,2
124,489,3,2
124,490,3,2
124,491,3,2
124,492,3,2
124,493,3,2
124,494,3,2
124,495,3,2
124,496,3,2
124,497,3,2
124,498,3,2
124,499,3,2
124,500,3,2
124,501,3,2
124,502,3,2
124,503,3,2
124,504,3,2
124,505,3,2
124,506,3,2
124,507,3,2
124,508,3,2
124,509,3,2
124,510,3,2
124,511,3,2
124,512,3,2
124,513,3,2
124,514,3,2
124,515,3,2
124,516,3,2
124,517,3,2
124,518,3,2
124,519,3,2
124,520,3,2
124,521,3,2
124,522,3,2
124,523,3,2
124,524,3,2
124,525,3,2
124,526,3,2
124,527,3,2
124,528,3,2
124,529,3,2
124,530,3,2
124,531,3,2
124,532,3,2
124,533,3,2
124,534,3,2
124,535,3,2
124,536,3,2
124,537,3,2
124,538,3,2
124,539,3,2
124,540,3,2
124,541,3,2
124,542,3,2
124,543,3,2
124,544,3,2
124,545,3,2
124,546,3,2
124,547,3,2
124,548,3,2
124,549,3,2
124,550,3,2
124,551,3,2
124,552,3,2
124,553,3,2
124,554,3,2
124,555,3,2
124,556,3,2
124,557,3,2
124,558,3,2
124,559,3,2
124,560,3,2
124,561,3,2
124,562,3,2
124,563,3,2
124,564,3,2
124,565,3,2
124,566,3,2
124,567,3,2
124,568,3,2
124,569,3,2
124,570,3,2
124,571,3,2
124,572,3,2
124,573,3,2
124,574,3,2
124,575,3,2
124,576,3,2
124,577,3,2
124,578,3,2
124,579,3,2
124,580,3,2
124,581,3,2
124,582,3,2
124,583,3,2
124,584,3,2
124,585,3,2
124,586,3,2
124,587,3,2
124,588,3,2
124,589,3,2
124,590,3,2
124,591,3,2
124,592,3,2
124,593,3,2
124,594,3,2
124,595,3,2
124,596,3,2
124,597,3,2
124,598,3,2
124,599,3,2
124,600,3,2
124,601,3,2
124,602,3,2
124,603,3,2
124,604,3,2
124,605,3,2
124,606,3,2
124,607,3,2
124,608,3,2
124,609,3,2
124,610,3,2
124,611,3,2
124,612,3,2
124,613,3,2
124,614,3,2
124,615,3,2
124,616,3,2
124,617,3,2
124,618,3,2
124,619,3,2
124,620,3,2
124,621,3,2
124,622,3,2
124,623,3,2
124,624,3,2
124,625,3,2
124,626,3,2
124,627,3,2
124,628,3,2
124,629,3,2
124,630,3,2
124,631,3,2
124,632,3,2
124,633,3,2
124,634,3,2
124,635,3,2
124,636,3,2
124,637,3,2
124,638,3,2
124,639,3,2
124,640,3,2
124,641,3,2
124,642,3,2
124,643,3,2
124,644,3,2
124,645,3,2
124,646,3,2
124,647,3,2
124,648,3,2
124,649,3,2
124,650,3,2
124,651,3,2
124,652,3,2
124,653,3,2
124,654,3,2
124,655,3,2
124,656,3,2
124,657,3,2
124,658,3,2
124,659,3,2
124,660,3,2
124,661,3,2
124,662,3,2
124,663,3,2
124,664,3,2
124,665,3,2
124,666,3,2
124,667,3,2
124,668,3,2
124,669,3,2
124,670,3,2
124,671,3,2
124,672,3,2
124,673,3,2
124,674,3,2
124,675,3,2
124,676,3,2
124,677,3,2
124,678,3,2
124,679,3,2
124,680,3,2
124,681,3,2
124,682,3,2
124,683,3,2
124,684,3,2
124,685,3,2
124,686,3,2
124,687,3,2
124,688,3,2
124,689,3,2
124,690,3,2
124,691,3,2
124,692,3,2
124,693,3,2
124,694,3,2
124,695,3,2
124,696,3,2
124,697,3,2
124,698,3,2
124,699,3,2
124,700,3,2
124,701,3,2
124,702,3,2
124,703,3,2
124,704,3,2
124,705,3,2
124,706,3,3
124,707,3,3
124,708,3,3
124,709,3,3
124,710,3,3
124,711,3,3
124,712,3,3
124,713,3,3
124,714,3,2
124,715,3,2
124,716,3,2
124,717,3,2
124,718,3,2
125,220,3,2
125,221,3,2
125,222,3,2
125,223,3,2
125,224,3,2
125,225,3,2
125,226,3,2
125,227,3,2
125,228,3,2
125,229,3,2
125,230,3,2
125,231,3,2
125,232,3,2
125,233,3,2
125,234,3,2
125,235,3,2
125,236,3,2
125,237,3,2
125,238,3,2
125,239,3,2
125,240,3,2
125,241,3,2
125,242,3,2
125,243,3,2
125,244,3,2
125,245,3,2
125,246,3,2
125,247,3,2
125,248,3,2
125,249,3,2
125,250,3,2
125,251,3,2
125,252,3,2
125,253,3,2
125,254,3,2
125,255,3,2
125,256,3,2
125,257,3,2
125,258,3,2
125,259,3,2
125,260,3,2
125,261,3,2
125,262,3,2
125,263,3,2
125,264,3,2
125,265,3,2
125,266,3,2
125,267,3,2
125,268,3,2
125,269,3,2
125,270,3,2
125,271,3,2
125,272,3,2
125,273,3,2
125,274,3,2
125,275,3,2
125,276,3,2
125,277,3,2
125,278,3,2
125,279,3,2
125,280,3,2
125,281,3,2
125,282,3,2
125,283,3,2
125,284,3,2
125,285,3,2
125,286,3,2
125,287,3,2
125,288,3,2
125,289,3,2
125,290,3,2
125,291,3,2
125,292,3,2
125,293,3,2
125,294,3,2
125,295,3,2
125,296,3,2
125,297,3,2
125,298,3,2
125,299,3,2
125,300,3,2
125,301,3,2
125,302,3,2
125,303,3,2
125,304,3,2
125,305,3,2
125,306,3,2
125,307,3,2
125,308,3,2
125,309,3,2
125,310,3,2
125,311,3,2
125,312,3,2
125,313,3,2
125,314,3,2
125,315,3,2
125,316,3,2
125,317,3,2
125,318,3,2
125,319,3,2
125,320,3,2
125,321,3,2
125,322,3,2
125,323,3,2
125,324,3,2
125,325,3,2
125,326,3,2
125,327,3,2
125,328,3,2
125,329,3,2
125,330,3,2
125,331,3,2
125,332,3,2
125,333,3,2
125,334,3,2
125,335,3,2
125,336,3,2
125,337,3,2
125,338,3,2
125,339,3,2
125,340,3,2
125,341,3,2
125,342,3,2
125,343,3,2
125,344,3,2
125,345,3,2
125,346,3,2
125,347,3,2
125,348,3,2
125,349,3,2
125,350,3,2
125,351,3,2
125,352,3,2
125,353,3,2
125,354,3,2
125,355,3,2
125,356,3,2
125,357,3,2
125,358,3,2
125,359,3,2
125,360,3,2
125,361,3,2
125,362,3,2
125,363,3,2
125,364,3,2
125,365,3,2
125,366,3,2
125,367,3,2
125,368,3,2
125,369,3,2
125,370,3,2
125,371,3,2
125,372,3,2
125,373,3,2
125,374,3,2
125,375,3,2
125,376,3,2
125,377,3,2
125,378,3,2
125,379,3,2
125,380,3,2
125,381,3,2
125,382,3,2
125,383,3,2
125,384,3,2
125,385,3,2
125,386,3,2
125,387,3,2
125,388,3,2
125,389,3,2
125,390,3,2
125,391,3,2
125,392,3,2
125,393,3,2
125,394,3,2
125,395,3,2
125,396,3,2
125,397,3,2
125,398,3,2
125,399,3,2
125,400,3,2
125,401,3,2
125,402,3,2
125,403,3,2
125,404,3,2
125,405,3,2
125,406,3,2
125,407,3,2
125,408,3,2
125,409,3,2
125,410,3,2
125,411,3,2
125,412,3,2
125,413,3,2
125,414,3,2
125,415,3,2
125,416,3,2
125,417,3,2
125,418,3,2
125,419,3,2
125,420,3,2
125,421,3,2
125,422,3,2
125,423,3,2
125,424,3,2
125,425,3,2
125,426,3,2
125,427,3,2
125,428,3,2
125,429,3,2
125,430,3,2
125,431,3,2
125,432,3,2
125,433,3,2
125,434,3,2
125,435,3,2
125,436,3,2
125,437,3,2
125,438,3,2
125,439,3,2
125,440,3,2
125,441,3,2
125,442,3,2
125,443,3,2
125,444,3,2
125,445,3,2
125,446,3,2
125,447,3,2
125,448,3,2
125,449,3,2
125,450,3,2
125,451,3,2
125,452,3,2
125,453,3,2
125,454,3,2
125,455,3,2
125,456,3,2
125,457,3,2
125,458,3,2
125,459,3,2
125,460,3,2
125,461,3,2
125,462,3,2
125,463,3,2
125,464,3,2
125,465,3,2
125,466,3,2
125,467,3,2
125,468,3,2
125,469,3,2
125,470,3,2
125,471,3,2
125,472,3,2
125,473,3,2
125,474,3,2
125,475,3,2
125,476,3,2
125,477,3,2
125,478,3,2
125,479,3,2
125,480,3,2
125,481,3,2
125,482,3,2
125,483,3,2
125,484,3,2
125,485,3,2
125,486,3,2
125,487,3,2
125,488,3,2
125,489,3,2
125,490,3,2
125,491,3,2
125,492,3,2
125,493,3,2
125,494,3,2
125,495,3,2
125,496,3,2
125,497,3,2
125,498,3,2
125,499,3,2
125,500,3,2
125,501,3,2
125,502,3,2
125,503,3,2
125,504,3,2
125,505,3,2
125,506,3,2
125,507,3,2
125,508,3,2
125,509,3,2
125,510,3,2
125,511,3,2
125,512,3,2
125,513,3,2
125,514,3,2
125,515,3,2
125,516,3,2
125,517,3,2
125,518,3,2
125,519,3,2
125,520,3,2
125,521,3,2
125,522,3,2
125,523,3,2
125,524,3,2
125,525,3,2
125,526,3,2
125,527,3,2
125,528,3,2
125,529,3,2
125,530,3,2
125,531,3,2
125,532,3,2
125,533,3,2
125,534,3,2
125,535,3,2
125,536,3,2
125,537,3,2
125,538,3,2
125,539,3,2
125,540,3,2
125,541,3,2
125,542,3,2
125,543,3,2
125,544,3,2
125,545,3,2
125,546,3,2
125,547,3,2
125,548,3,2
125,549,3,2
125,550,3,2
125,551,3,2
125,552,3,2
125,553,3,2
125,554,3,2
125,555,3,2
125,556,3,2
125,557,3,2
125,558,3,2
125,559,3,2
125,560,3,2
125,561,3,2
125,562,3,2
125,563,3,2
125,564,3,2
125,565,3,2
125,566,3,2
125,567,3,2
125,568,3,2
125,569,3,2
125,570,3,2
125,571,3,2
125,572,3,2
125,573,3,2
125,574,3,2
125,575,3,2
125,576,3,2
125,577,3,2
125,578,3,2
125,579,3,2
125,580,3,2
125,581,3,2
125,582,3,2
125,583,3,2
125,584,3,2
125,585,3,2
125,586,3,2
125,587,3,2
125,588,3,2
125,589,3,2
125,590,3,2
125,591,3,2
125,592,3,2
125,593,3,2
125,594,3,2
125,595,3,2
125,596,3,2
125,597,3,2
125,598,3,2
125,599,3,2
125,600,3,2
125,601,3,2
125,602,3,2
125,603,3,2
125,604,3,2
125,605,3,2
125,606,3,2
125,607,3,2
125,608,3,2
125,609,3,2
125,610,3,2
125,611,3,2
125,612,3,2
125,613,3,2
125,614,3,2
125,615,3,2
125,616,3,2
125,617,3,2
125,618,3,2
125,619,3,2
125,620,3,2
125,621,3,2
125,622,3,2
125,623,3,2
125,624,3,2
125,625,3,2
125,626,3,2
125,627,3,2
125,628,3,2
125,629,3,2
125,630,3,2
125,631,3,2
125,632,3,2
125,633,3,2
125,634,3,2
125,635,3,2
125,636,3,2
125,637,3,2
125,638,3,2
125,639,3,2
125,640,3,2
125,641,3,2
125,642,3,2
125,643,3,2
125,644,3,2
125,645,3,2
125,646,3,2
125,647,3,2
125,648,3,2
125,649,3,2
125,650,3,2
125,651,3,2
125,652,3,2
125,653,3,2
125,654,3,2
125,655,3,2
125,656,3,2
125,657,3,2
125,658,3,2
125,659,3,2
125,660,3,2
125,661,3,2
125,662,3,2
125,663,3,2
125,664,3,2
125,665,3,2
125,666,3,2
125,667,3,2
125,668,3,2
125,669,3,2
125,670,3,2
125,671,3,2
125,672,3,2
125,673,3,2
125,674,3,2
125,675,3,2
125,676,3,2
125,677,3,2
125,678,3,2
125,679,3,2
125,680,3,2
125,681,3,2
125,682,3,2
125,683,3,2
125,684,3,2
125,685,3,2
125,686,3,2
125,687,3,2
125,688,3,2
125,689,3,2
125,690,3,2
125,691,3,2
125,692,3,2
125,693,3,2
125,694,3,2
125,695,3,2
125,696,3,2
125,697,3,2
125,698,3,2
125,699,3,2
125,700,3,2
125,701,3,2
125,702,3,2
125,703,3,2
125,704,3,2
125,705,3,2
125,706,3,2
125,707,3,3
125,708,3,3
125,709,3,3
125,710,3,3
125,711,3,3
125,712,3,3
125,713,3,3
125,714,3,3
125,715,3,3
125,716,3,2
125,717,3,2
125,718,3,2
125,727,3,2
125,728,3,2
125,729,3,2
126,219,3,2
126,220,3,2
126,221,3,2
126,222,3,2
126,223,3,2
126,224,3,2
126,225,3,2
126,226,3,2
126,227,3,2
126,228,3,2
126,229,3,2
126,230,3,2
126,231,3,2
126,232,3,2
126,233,3,2
126,234,3,2
126,235,3,2
126,236,3,2
126,237,3,2
126,238,3,2
126,239,3,2
126,240,3,2
126,241,3,2
126,242,3,2
126,243,3,2
126,244,3,2
126,245,3,2
126,246,3,2
126,247,3,2
126,248,3,2
126,249,3,2
126,250,3,2
126,251,3,2
126,252,3,2
126,253,3,2
126,254,3,2
126,255,3,2
126,256,3,2
126,257,3,2
126,258,3,2
126,259,3,2
126,260,3,2
126,261,3,2
126,262,3,2
126,263,3,2
126,264,3,2
126,265,3,2
126,266,3,2
126,267,3,2
126,268,3,2
126,269,3,2
126,270,3,2
126,271,3,2
126,272,3,2
126,273,3,2
126,274,3,2
126,275,3,2
126,276,3,2
126,277,3,2
126,278,3,2
126,279,3,2
126,280,3,2
126,281,3,2
126,282,3,2
126,283,3,2
126,284,3,2
126,285,3,2
126,286,3,2
126,287,3,2
126,288,3,2
126,289,3,2
126,290,3,2
126,291,3,2
126,292,3,2
126,293,3,2
126,294,3,2
126,295,3,2
126,296,3,2
126,297,3,2
126,298,3,2
126,299,3,2
126,300,3,2
126,301,3,2
126,302,3,2
126,303,3,2
126,304,3,2
126,305,3,2
126,306,3,2
126,307,3,2
126,308,3,2
126,309,3,2
126,310,3,2
126,311,3,2
126,312,3,2
126,313,3,2
126,314,3,2
126,315,3,2
126,316,3,2
126,317,3,2
126,318,3,2
126,319,3,2
126,320,3,2
126,321,3,2
126,322,3,2
126,323,3,2
126,324,3,2
126,325,3,2
126,326,3,2
126,327,3,2
126,328,3,2
126,329,3,2
126,330,3,2
126,331,3,2
126,332,3,2
126,333,3,2
126,334,3,2
126,335,3,2
126,336,3,2
126,337,3,2
126,338,3,2
126,339,3,2
126,340,3,2
126,341,3,2
126,342,3,2
126,343,3,2
126,344,3,2
126,345,3,2
126,346,3,2
126,347,3,2
126,348,3,2
126,349,3,2
126,350,3,2
126,351,3,2
126,352,3,2
126,353,3,2
126,354,3,2
126,355,3,2
126,356,3,2
126,357,3,2
126,358,3,2
126,359,3,2
126,360,3,2
126,361,3,2
126,362,3,2
126,363,3,2
126,364,3,2
126,365,3,2
126,366,3,2
126,367,3,2
126,368,3,2
126,369,3,2
126,370,3,2
126,371,3,2
126,372,3,2
126,373,3,2
126,374,3,2
126,375,3,2
126,376,3,2
126,377,3,2
126,378,3,2
126,379,3,2
126,380,3,2
126,381,3,2
126,382,3,2
126,383,3,2
126,384,3,2
126,385,3,2
126,386,3,2
126,387,3,2
126,388,3,2
126,389,3,2
126,390,3,2
126,391,3,2
126,392,3,2
126,393,3,2
126,394,3,2
126,395,3,2
126,396,3,2
126,397,3,2
126,398,3,2
126,399,3,2
126,400,3,2
126,401,3,2
126,402,3,2
126,403,3,2
126,404,3,2
126,405,3,2
126,406,3,2
126,407,3,2
126,408,3,2
126,409,3,2
126,410,3,2
126,411,3,2
126,412,3,2
126,413,3,2
126,414,3,2
126,415,3,2
126,416,3,2
126,417,3,2
126,418,3,2
126,419,3,2
126,420,3,2
126,421,3,2
126,422,3,2
126,423,3,2
126,424,3,2
126,425,3,2
126,426,3,2
126,427,3,2
126,428,3,2
126,429,3,2
126,430,3,2
126,431,3,2
126,432,3,2
126,433,3,2
126,434,3,2
126,435,3,2
126,436,3,2
126,437,3,2
126,438,3,2
126,439,3,2
126,440,3,2
126,441,3,2
126,442,3,2
126,443,3,2
126,444,3,2
126,445,3,2
126,446,3,2
126,447,3,2
126,448,3,2
126,449,3,2
126,450,3,2
126,451,3,2
126,452,3,2
126,453,3,2
126,454,3,2
126,455,3,2
126,456,3,2
126,457,3,2
126,458,3,2
126,459,3,2
126,460,3,2
126,461,3,2
126,462,3,2
126,463,3,2
126,464,3,2
126,465,3,2
126,466,3,2
126,467,3,2
126,468,3,2
126,469,3,2
126,470,3,2
126,471,3,2
126,472,3,2
126,473,3,2
126,474,3,2
126,475,3,2
126,476,3,2
126,477,3,2
126,478,3,2
126,479,3,2
126,480,3,2
126,481,3,2
126,482,3,2
126,483,3,2
126,484,3,2
126,485,3,2
126,486,3,2
126,487,3,2
126,488,3,2
126,489,3,2
126,490,3,2
126,491,3,2
126,492,3,2
126,493,3,2
126,494,3,2
126,495,3,2
126,496,3,2
126,497,3,2
126,498,3,2
126,499,3,2
126,500,3,2
126,501,3,2
126,502,3,2
126,503,3,2
126,504,3,2
126,505,3,2
126,506,3,2
126,507,3,2
126,508,3,2
126,509,3,2
126,510,3,2
126,511,3,2
126,512,3,2
126,513,3,2
126,514,3,2
126,515,3,2
126,516,3,2
126,517,3,2
126,518,3,2
126,519,3,2
126,520,3,2
126,521,3,2
126,522,3,2
126,523,3,2
126,524,3,2
126,525,3,2
126,526,3,2
126,527,3,2
126,528,3,2
126,529,3,2
126,530,3,2
126,531,3,2
126,532,3,2
126,533,3,2
126,534,3,2
126,535,3,2
126,536,3,2
126,537,3,2
126,538,3,2
126,539,3,2
126,540,3,2
126,541,3,2
126,542,3,2
126,543,3,2
126,544,3,2
126,545,3,2
126,546,3,2
126,547,3,2
126,548,3,2
126,549,3,2
126,550,3,2
126,551,3,2
126,552,3,2
126,553,3,2
126,554,3,2
126,555,3,2
126,556,3,2
126,557,3,2
126,558,3,2
126,559,3,2
126,560,3,2
126,561,3,2
126,562,3,2
126,563,3,2
126,564,3,2
126,565,3,2
126,566,3,2
126,567,3,2
126,568,3,2
126,569,3,2
126,570,3,2
126,571,3,2
126,572,3,2
126,573,3,2
126,574,3,2
126,575,3,2
126,576,3,2
126,577,3,2
126,578,3,2
126,579,3,2
126,580,3,2
126,581,3,2
126,582,3,2
126,583,3,2
126,584,3,2
126,585,3,2
126,586,3,2
126,587,3,2
126,588,3,2
126,589,3,2
126,590,3,2
126,591,3,2
126,592,3,2
126,593,3,2
126,594,3,2
126,595,3,2
126,596,3,2
126,597,3,2
126,598,3,2
126,599,3,2
126,600,3,2
126,601,3,2
126,602,3,2
126,603,3,2
126,604,3,2
126,605,3,2
126,606,3,2
126,607,3,2
126,608,3,2
126,609,3,2
126,610,3,2
126,611,3,2
126,612,3,2
126,613,3,2
126,614,3,2
126,615,3,2
126,616,3,2
126,617,3,2
126,618,3,2
126,619,3,2
126,620,3,2
126,621,3,2
126,622,3,2
126,623,3,2
126,624,3,2
126,625,3,2
126,626,3,2
126,627,3,2
126,628,3,2
126,629,3,2
126,630,3,2
126,631,3,2
126,632,3,2
126,633,3,2
126,634,3,2
126,635,3,2
126,636,3,2
126,637,3,2
126,638,3,2
126,639,3,2
126,640,3,2
126,641,3,2
126,642,3,2
126,643,3,2
126,644,3,2
126,645,3,2
126,646,3,2
126,647,3,2
126,648,3,2
126,649,3,2
126,650,3,2
126,651,3,2
126,652,3,2
126,653,3,2
126,654,3,2
126,655,3,2
126,656,3,2
126,657,3,2
126,658,3,2
126,659,3,2
126,660,3,2
126,661,3,2
126,662,3,2
126,663,3,2
126,664,3,2
126,665,3,2
126,666,3,2
126,667,3,2
126,668,3,2
126,669,3,2
126,670,3,2
126,671,3,2
126,672,3,2
126,673,3,2
126,674,3,2
126,675,3,2
126,676,3,2
126,677,3,2
126,678,3,2
126,679,3,2
126,680,3,2
126,681,3,2
126,682,3,2
126,683,3,2
126,684,3,2
126,685,3,2
126,686,3,2
126,687,3,2
126,688,3,2
126,689,3,2
126,690,3,2
126,691,3,2
126,692,3,2
126,693,3,2
126,694,3,2
126,695,3,2
126,696,3,2
126,697,3,2
126,698,3,2
126,699,3,2
126,700,3,2
126,701,3,2
126,702,3,2
126,703,3,2
126,704,3,2
126,705,3,2
126,706,3,2
126,707,3,3
126,708,3,3
126,709,3,3
126,710,3,3
126,711,3,3
126,712,3,3
126,713,3,3
126,714,3,3
126,715,3,3
126,716,3,3
126,717,3,2
126,727,3,2
126,728,3,2
126,729,3,2
126,730,3,2
127,218,3,2
127,219,3,2
127,220,3,2
127,221,3,2
127,222,3,2
127,223,3,2
127,224,3,2
127,225,3,2
127,226,3,2
127,227,3,2
127,228,3,2
127,229,3,2
127,230,3,2
127,231,3,2
127,232,3,2
127,233,3,2
127,234,3,2
127,235,3,2
127,236,3,2
127,237,3,2
127,238,3,2
127,239,3,2
127,240,3,2
127,241,3,2
127,242,3,2
127,243,3,2
127,244,3,2
127,245,3,2
127,246,3,2
127,247,3,2
127,248,3,2
127,249,3,2
127,250,3,2
127,251,3,2
127,252,3,2
127,253,3,2
127,254,3,2
127,255,3,2
127,256,3,2
127,257,3,2
127,258,3,2
127,259,3,2
127,260,3,2
127,261,3,2
127,262,3,2
127,263,3,2
127,264,3,2
127,265,3,2
127,266,3,2
127,267,3,2
127,268,3,2
127,269,3,2
127,270,3,2
127,271,3,2
127,272,3,2
127,273,3,2
127,274,3,2
127,275,3,2
127,276,3,2
127,277,3,2
127,278,3,2
127,279,3,2
127,280,3,2
127,281,3,2
127,282,3,2
127,283,3,2
127,284,3,2
127,285,3,2
127,286,3,2
127,287,3,2
127,288,3,2
127,289,3,2
127,290,3,2
127,291,3,2
127,292,3,2
127,293,3,2
127,294,3,2
127,295,3,2
127,296,3,2
127,297,3,2
127,298,3,2
127,299,3,2
127,300,3,2
127,301,3,2
127,302,3,2
127,303,3,2
127,304,3,2
127,305,3,2
127,306,3,2
127,307,3,2
127,308,3,2
127,309,3,2
127,310,3,2
127,311,3,2
127,312,3,2
127,313,3,2
127,314,3,2
127,315,3,2
127,316,3,2
127,317,3,2
127,318,3,2
127,319,3,2
127,320,3,2
127,321,3,2
127,322,3,2
127,323,3,2
127,324,3,2
127,325,3,2
127,326,3,2
127,327,3,2
127,328,3,2
127,329,3,2
127,330,3,2
127,331,3,2
127,332,3,2
127,333,3,2
127,334,3,2
127,335,3,2
127,336,3,2
127,337,3,2
127,338,3,2
127,339,3,2
127,340,3,2
127,341,3,2
127,342,3,2
127,343,3,2
127,344,3,2
127,345,3,2
127,346,3,2
127,347,3,2
127,348,3,2
127,349,3,2
127,350,3,2
127,351,3,2
127,352,3,2
127,353,3,2
127,354,3,2
127,355,3,2
127,356,3,2
127,357,3,2
127,358,3,2
127,359,3,2
127,360,3,2
127,361,3,2
127,362,3,2
127,363,3,2
127,364,3,2
127,365,3,2
127,366,3,2
127,367,3,2
127,368,3,2
127,369,3,2
127,370,3,2
127,371,3,2
127,372,3,2
127,373,3,2
127,374,3,2
127,375,3,2
127,376,3,2
127,377,3,2
127,378,3,2
127,379,3,2
127,380,3,2
127,381,3,2
127,382,3,2
127,383,3,2
127,384,3,2
127,385,3,2
127,386,3,2
127,387,3,2
127,388,3,2
127,389,3,2
127,390,3,2
127,391,3,2
127,392,3,2
127,393,3,2
127,394,3,2
127,395,3,2
127,396,3,2
127,397,3,2
127,398,3,2
127,399,3,2
127,400,3,2
127,401,3,2
127,402,3,2
127,403,3,2
127,404,3,2
127,405,3,2
127,406,3,2
127,407,3,2
127,408,3,2
127,409,3,2
127,410,3,2
127,411,3,2
127,412,3,2
127,413,3,2
127,414,3,2
127,415,3,2
127,416,3,2
127,417,3,2
127,418,3,2
127,419,3,2
127,420,3,2
127,421,3,2
127,422,3,2
127,423,3,2
127,424,3,2
127,425,3,2
127,426,3,2
127,427,3,2
127,428,3,2
127,429,3,2
127,430,3,2
127,431,3,2
127,432,3,2
127,433,3,2
127,434,3,2
127,435,3,2
127,436,3,2
127,437,3,2
127,438,3,2
127,439,3,2
127,440,3,2
127,441,3,2
127,442,3,2
127,443,3,2
127,444,3,2
127,445,3,2
127,446,3,2
127,447,3,2
127,448,3,2
127,449,3,2
127,450,3,2
127,451,3,2
127,452,3,2
127,453,3,2
127,454,3,2
127,455,3,2
127,456,3,2
127,457,3,2
127,458,3,2
127,459,3,2
127,460,3,2
127,461,3,2
127,462,3,2
127,463,3,2
127,464,3,2
127,465,3,2
127,466,3,2
127,467,3,2
127,468,3,2
127,469,3,2
127,470,3,2
127,471,3,2
127,472,3,2
127,473,3,2
127,474,3,2
127,475,3,2
127,476,3,2
127,477,3,2
127,478,3,2
127,479,3,2
127,480,3,2
127,481,3,2
127,482,3,2
127,483,3,2
127,484,3,2
127,485,3,2
127,486,3,2
127,487,3,2
127,488,3,2
127,489,3,2
127,490,3,2
127,491,3,2
127,492,3,2
127,493,3,2
127,494,3,2
127,495,3,2
127,496,3,2
127,497,3,2
127,498,3,2
127,499,3,2
127,500,3,2
127,501,3,2
127,502,3,2
127,503,3,2
127,504,3,2
127,505,3,2
127,506,3,2
127,507,3,2
127,508,3,2
127,509,3,2
127,510,3,2
127,511,3,2
127,512,3,2
127,513,3,2
127,514,3,2
127,515,3,2
127,516,3,2
127,517,3,2
127,518,3,2
127,519,3,2
127,520,3,2
127,521,3,2
127,522,3,2
127,523,3,2
127,524,3,2
127,525,3,2
127,526,3,2
127,527,3,2
127,528,3,2
127,529,3,2
127,530,3,2
127,531,3,2
127,532,3,2
127,533,3,2
127,534,3,2
127,535,3,2
127,536,3,2
127,537,3,2
127,538,3,2
127,539,3,2
127,540,3,2
127,541,3,2
127,542,3,2
127,543,3,2
127,544,3,2
127,545,3,2
127,546,3,2
127,547,3,2
127,548,3,2
127,549,3,2
127,550,3,2
127,551,3,2
127,552,3,2
127,553,3,2
127,554,3,2
127,555,3,2
127,556,3,2
127,557,3,2
127,558,3,2
127,559,3,2
127,560,3,2
127,561,3,2
127,562,3,2
127,563,3,2
127,564,3,2
127,565,3,2
127,566,3,2
127,567,3,2
127,568,3,2
127,569,3,2
127,570,3,2
127,571,3,2
127,572,3,2
127,573,3,2
127,574,3,2
127,575,3,2
127,576,3,2
127,577,3,2
127,578,3,2
127,579,3,2
127,580,3,2
127,581,3,2
127,582,3,2
127,583,3,2
127,584,3,2
127,585,3,2
127,586,3,2
127,587,3,2
127,588,3,2
127,589,3,2
127,590,3,2
127,591,3,2
127,592,3,2
127,593,3,2
127,594,3,2
127,595,3,2
127,596,3,2
127,597,3,2
127,598,3,2
127,599,3,2
127,600,3,2
127,601,3,2
127,602,3,2
127,603,3,2
127,604,3,2
127,605,3,2
127,606,3,2
127,607,3,2
127,608,3,2
127,609,3,2
127,610,3,2
127,611,3,2
127,612,3,2
127,613,3,2
127,614,3,2
127,615,3,2
127,616,3,2
127,617,3,2
127,618,3,2
127,619,3,2
127,620,3,2
127,621,3,2
127,622,3,2
127,623,3,2
127,624,3,2
127,625,3,2
127,626,3,2
127,627,3,2
127,628,3,2
127,629,3,2
127,630,3,2
127,631,3,2
127,632,3,2
127,633,3,2
127,634,3,2
127,635,3,2
127,636,3,2
127,637,3,2
127,638,3,2
127,639,3,2
127,640,3,2
127,641,3,2
127,642,3,2
127,643,3,2
127,644,3,2
127,645,3,2
127,646,3,2
127,647,3,2
127,648,3,2
127,649,3,2
127,650,3,2
127,651,3,2
127,652,3,2
127,653,3,2
127,654,3,2
127,655,3,2
127,656,3,2
127,657,3,2
127,658,3,2
127,659,3,2
127,660,3,2
127,661,3,2
127,662,3,2
127,663,3,2
127,664,3,2
127,665,3,2
127,666,3,2
127,667,3,2
127,668,3,2
127,669,3,2
127,670,3,2
127,671,3,2
127,672,3,2
127,673,3,2
127,674,3,2
127,675,3,2
127,676,3,2
127,677,3,2
127,678,3,2
127,679,3,2
127,680,3,2
127,681,3,2
127,682,3,2
127,683,3,2
127,684,3,2
127,685,3,2
127,686,3,2
127,687,3,2
127,688,3,2
127,689,3,2
127,690,3,2
127,691,3,2
127,692,3,2
127,693,3,2
127,694,3,2
127,695,3,2
127,696,3,2
127,697,3,2
127,698,3,2
127,699,3,2
127,700,3,2
127,701,3,2
127,702,3,2
127,703,3,2
127,704,3,2
127,705,3,2
127,706,3,2
127,707,3,3
127,708,3,3
127,709,3,3
127,710,3,3
127,711,3,3
127,712,3,3
127,713,3,3
127,714,3,3
127,715,3,3
127,716,3,3
127,717,3,3
127,727,3,2
127,728,3,2
127,729,3,2
127,730,3,2
128,217,3,2
128,218,3,2
128,219,3,2
128,220,3,2
128,221,3,2
128,222,3,2
128,223,3,2
128,224,3,2
128,225,3,2
128,226,3,2
128,227,3,2
128,228,3,2
128,229,3,2
128,230,3,2
128,231,3,2
128,232,3,2
128,233,3,2
128,234,3,2
128,235,3,2
128,236,3,2
128,237,3,2
128,238,3,2
128,239,3,2
128,240,3,2
128,241,3,2
128,242,3,2
128,243,3,2
128,244,3,2
128,245,3,2
128,246,3,2
128,247,3,2
128,248,3,2
128,249,3,2
128,250,3,2
128,251,3,2
128,252,3,2
128,253,3,2
128,254,3,2
128,255,3,2
128,256,3,2
128,257,3,2
128,258,3,2
128,259,3,2
128,260,3,2
128,261,3,2
128,262,3,2
128,263,3,2
128,264,3,2
128,265,3,2
128,266,3,2
128,267,3,2
128,268,3,2
128,269,3,2
128,270,3,2
128,271,3,2
128,272,3,2
128,273,3,2
128,274,3,2
128,275,3,2
128,276,3,2
128,277,3,2
128,278,3,2
128,279,3,2
128,280,3,2
128,281,3,2
128,282,3,2
128,283,3,2
128,284,3,2
128,285,3,2
128,286,3,2
128,287,3,2
128,288,3,2
128,289,3,2
128,290,3,2
128,291,3,2
128,292,3,2
128,293,3,2
128,294,3,2
128,295,3,2
128,296,3,2
128,297,3,2
128,298,3,2
128,299,3,2
128,300,3,2
128,301,3,2
128,302,3,2
128,303,3,2
128,304,3,2
128,305,3,2
128,306,3,2
128,307,3,2
128,308,3,2
128,309,3,2
128,310,3,2
128,311,3,2
128,312,3,2
128,313,3,2
128,314,3,2
128,315,3,2
128,316,3,2
128,317,3,2
128,318,3,2
128,319,3,2
128,320,3,2
128,321,3,2
128,322,3,2
128,323,3,2
128,324,3,2
128,325,3,2
128,326,3,2
128,327,3,2
128,328,3,2
128,329,3,2
128,330,3,2
128,331,3,2
128,332,3,2
128,333,3,2
128,334,3,2
128,335,3,2
128,336,3,2
128,337,3,2
128,338,3,2
128,339,3,2
128,340,3,2
128,341,3,2
128,342,3,2
128,343,3,2
128,344,3,2
128,345,3,2
128,346,3,2
128,347,3,2
128,348,3,2
128,349,3,2
128,350,3,2
128,351,3,2
128,352,3,2
128,353,3,2
128,354,3,2
128,355,3,2
128,356,3,2
128,357,3,2
128,358,3,2
128,359,3,2
128,360,3,2
128,361,3,2
128,362,3,2
128,363,3,2
128,364,3,2
128,365,3,2
128,366,3,2
128,367,3,2
128,368,3,2
128,369,3,2
128,370,3,2
128,371,3,2
128,372,3,2
128,373,3,2
128,374,3,2
128,375,3,2
128,376,3,2
128,377,3,2
128,378,3,2
128,379,3,2
128,380,3,2
128,381,3,2
128,382,3,2
128,383,3,2
128,384,3,2
128,385,3,2
128,386,3,2
128,387,3,2
128,388,3,2
128,389,3,2
128,390,3,2
128,391,3,2
128,392,3,2
128,393,3,2
128,394,3,2
128,395,3,2
128,396,3,2
128,397,3,2
128,398,3,2
128,399,3,2
128,400,3,2
128,401,3,2
128,402,3,2
128,403,3,2
128,404,3,2
128,405,3,2
128,406,3,2
128,407,3,2
128,408,3,2
128,409,3,2
128,410,3,2
128,411,3,2
128,412,3,2
128,413,3,2
128,414,3,2
128,415,3,2
128,416,3,2
128,417,3,2
128,418,3,2
128,419,3,2
128,420,3,2
128,421,3,2
128,422,3,2
128,423,3,2
128,424,3,2
128,425,3,2
128,426,3,2
128,427,3,2
128,428,3,2
128,429,3,2
128,430,3,2
128,431,3,2
128,432,3,2
128,433,3,2
128,434,3,2
128,435,3,2
128,436,3,2
128,437,3,2
128,438,3,2
128,439,3,2
128,440,3,2
128,441,3,2
128,442,3,2
128,443,3,2
128,444,3,2
128,445,3,2
128,446,3,2
128,447,3,2
128,448,3,2
128,449,3,2
128,450,3,2
128,451,3,2
128,452,3,2
128,453,3,2
128,454,3,2
128,455,3,2
128,456,3,2
128,457,3,2
128,458,3,2
128,459,3,2
128,460,3,2
128,461,3,2
128,462,3,2
128,463,3,2
128,464,3,2
128,465,3,2
128,466,3,2
128,467,3,2
128,468,3,2
128,469,3,2
128,470,3,2
128,471,3,2
128,472,3,2
128,473,3,2
128,474,3,2
128,475,3,2
128,476,3,2
128,477,3,2
128,478,3,2
128,479,3,2
128,480,3,2
128,481,3,2
128,482,3,2
128,483,3,2
128,484,3,2
128,485,3,2
128,486,3,2
128,487,3,2
128,488,3,2
128,489,3,2
128,490,3,2
128,491,3,2
128,492,3,2
128,493,3,2
128,494,3,2
128,495,3,2
128,496,3,2
128,497,3,2
128,498,3,2
128,499,3,2
128,500,3,2
128,501,3,2
128,502,3,2
128,503,3,2
128,504,3,2
128,505,3,2
128,506,3,2
128,507,3,2
128,508,3,2
128,509,3,2
128,510,3,2
128,511,3,2
128,512,3,2
128,513,3,2
128,514,3,2
128,515,3,2
128,516,3,2
128,517,3,2
128,518,3,2
128,519,3,2
128,520,3,2
128,521,3,2
128,522,3,2
128,523,3,2
128,524,3,2
128,525,3,2
128,526,3,2
128,527,3,2
128,528,3,2
128,529,3,2
128,530,3,2
128,531,3,2
128,532,3,2
128,533,3,2
128,534,3,2
128,535,3,2
128,536,3,2
128,537,3,2
128,538,3,2
128,539,3,2
128,540,3,2
128,541,3,2
128,542,3,2
128,543,3,2
128,544,3,2
128,545,3,2
128,546,3,2
128,547,3,2
128,548,3,2
128,549,3,2
128,550,3,2
128,551,3,2
128,552,3,2
128,553,3,2
128,554,3,2
128,555,3,2
128,556,3,2
128,557,3,2
128,558,3,2
128,559,3,2
128,560,3,2
128,561,3,2
128,562,3,2
128,563,3,2
128,564,3,2
128,565,3,2
128,566,3,2
128,567,3,2
128,568,3,2
128,569,3,2
128,570,3,2
128,571,3,2
128,572,3,2
128,573,3,2
128,574,3,2
128,575,3,2
128,576,3,2
128,577,3,2
128,578,3,2
128,579,3,2
128,580,3,2
128,581,3,2
128,582,3,2
128,583,3,2
128,584,3,2
128,585,3,2
128,586,3,2
128,587,3,2
128,588,3,2
128,589,3,2
128,590,3,2
128,591,3,2
128,592,3,2
128,593,3,2
128,594,3,2
128,595,3,2
128,596,3,2
128,597,3,2
128,598,3,2
128,599,3,2
128,600,3,2
128,601,3,2
128,602,3,2
128,603,3,2
128,604,3,2
128,605,3,2
128,606,3,2
128,607,3,2
128,608,3,2
128,609,3,2
128,610,3,2
128,611,3,2
128,612,3,2
128,613,3,2
128,614,3,2
128,615,3,2
128,616,3,2
128,617,3,2
128,618,3,2
128,619,3,2
128,620,3,2
128,621,3,2
128,622,3,2
128,623,3,2
128,624,3,2
128,625,3,2
128,626,3,2
128,627,3,2
128,628,3,2
128,629,3,2
128,630,3,2
128,631,3,2
128,632,3,2
128,633,3,2
128,634,3,2
128,635,3,2
128,636,3,2
128,637,3,2
128,638,3,2
128,639,3,2
128,640,3,2
128,641,3,2
128,642,3,2
128,643,3,2
128,644,3,2
128,645,3,2
128,646,3,2
128,647,3,2
128,648,3,2
128,649,3,2
128,650,3,2
128,651,3,2
128,652,3,2
128,653,3,2
128,654,3,2
128,655,3,2
128,656,3,2
128,657,3,2
128,658,3,2
128,659,3,2
128,660,3,2
128,661,3,2
128,662,3,2
128,663,3,2
128,664,3,2
128,665,3,2
128,666,3,2
128,667,3,2
128,668,3,2
128,669,3,2
128,670,3,2
128,671,3,2
128,672,3,2
128,673,3,2
128,674,3,2
128,675,3,2
128,676,3,2
128,677,3,2
128,678,3,2
128,679,3,2
128,680,3,2
128,681,3,2
128,682,3,2
128,683,3,2
128,684,3,2
128,685,3,2
128,686,3,2
128,687,3,2
128,688,3,2
128,689,3,2
128,690,3,2
128,691,3,2
128,692,3,2
128,693,3,2
128,694,3,2
128,695,3,2
128,696,3,2
128,697,3,2
128,698,3,2
128,699,3,2
128,700,3,2
128,701,3,2
128,702,3,2
128,703,3,2
128,704,3,2
128,705,3,2
128,706,3,2
128,707,3,2
128,708,3,3
128,709,3,3
128,710,3,3
128,711,3,3
128,712,3,3
128,713,3,3
128,714,3,3
128,715,3,3
128,716,3,3
128,717,3,3
128,718,3,3
128,719,3,3
128,727,3,2
128,728,3,2
128,729,3,2
128,730,3,2
129,217,3,2
129,218,3,2
129,219,3,2
129,220,3,2
129,221,3,2
129,222,3,2
129,223,3,2
129,224,3,2
129,225,3,2
129,226,3,2
129,227,3,2
129,228,3,2
129,229,3,2
129,230,3,2
129,231,3,2
129,232,3,2
129,233,3,2
129,234,3,2
129,235,3,2
129,236,3,2
129,237,3,2
129,238,3,2
129,239,3,2
129,240,3,2
129,241,3,2
129,242,3,2
129,243,3,2
129,244,3,2
129,245,3,2
129,246,3,2
129,247,3,2
129,248,3,2
129,249,3,2
129,250,3,2
129,251,3,2
129,252,3,2
129,253,3,2
129,254,3,2
129,255,3,2
129,256,3,2
129,257,3,2
129,258,3,2
129,259,3,2
129,260,3,2
129,261,3,2
129,262,3,2
129,263,3,2
129,264,3,2
129,265,3,2
129,266,3,2
129,267,3,2
129,268,3,2
129,269,3,2
129,270,3,2
129,271,3,2
129,272,3,2
129,273,3,2
129,274,3,2
129,275,3,2
129,276,3,2
129,277,3,2
129,278,3,2
129,279,3,2
129,280,3,2
129,281,3,2
129,282,3,2
129,283,3,2
129,284,3,2
129,285,3,2
129,286,3,2
129,287,3,2
129,288,3,2
129,289,3,2
129,290,3,2
129,291,3,2
129,292,3,2
129,293,3,2
129,294,3,2
129,295,3,2
129,296,3,2
129,297,3,2
129,298,3,2
129,299,3,2
129,300,3,2
129,301,3,2
129,302,3,2
129,303,3,2
129,304,3,2
129,305,3,2
129,306,3,2
129,307,3,2
129,308,3,2
129,309,3,2
129,310,3,2
129,311,3,2
129,312,3,2
129,313,3,2
129,314,3,2
129,315,3,2
129,316,3,2
129,317,3,2
129,318,3,2
129,319,3,2
129,320,3,2
129,321,3,2
129,322,3,2
129,323,3,2
129,324,3,2
129,325,3,2
129,326,3,2
129,327,3,2
129,328,3,2
129,329,3,2
129,330,3,2
129,331,3,2
129,332,3,2
129,333,3,2
129,334,3,2
129,335,3,2
129,336,3,2
129,337,3,2
129,338,3,2
129,339,3,2
129,340,3,2
129,341,3,2
129,342,3,2
129,343,3,2
129,344,3,2
129,345,3,2
129,346,3,2
129,347,3,2
129,348,3,2
129,349,3,2
129,350,3,2
129,351,3,2
129,352,3,2
129,353,3,2
129,354,3,2
129,355,3,2
129,356,3,2
129,357,3,2
129,358,3,2
129,359,3,2
129,360,3,2
129,361,3,2
129,362,3,2
129,363,3,2
129,364,3,2
129,365,3,2
129,366,3,2
129,367,3,2
129,368,3,2
129,369,3,2
129,370,3,2
129,371,3,2
129,372,3,2
129,373,3,2
129,374,3,2
129,375,3,2
129,376,3,2
129,377,3,2
129,378,3,2
129,379,3,2
129,380,3,2
129,381,3,2
129,382,3,2
129,383,3,2
129,384,3,2
129,385,3,2
129,386,3,2
129,387,3,2
129,388,3,2
129,389,3,2
129,390,3,2
129,391,3,2
129,392,3,2
129,393,3,2
129,394,3,2
129,395,3,2
129,396,3,2
129,397,3,2
129,398,3,2
129,399,3,2
129,400,3,2
129,401,3,2
129,402,3,2
129,403,3,2
129,404,3,2
129,405,3,2
129,406,3,2
129,407,3,2
129,408,3,2
129,409,3,2
129,410,3,2
129,411,3,2
129,412,3,2
129,413,3,2
129,414,3,2
129,415,3,2
129,416,3,2
129,417,3,2
129,418,3,2
129,419,3,2
129,420,3,2
129,421,3,2
129,422,3,2
129,423,3,2
129,424,3,2
129,425,3,2
129,426,3,2
129,427,3,2
129,428,3,2
129,429,3,2
129,430,3,2
129,431,3,2
129,432,3,2
129,433,3,2
129,434,3,2
129,435,3,2
129,436,3,2
129,437,3,2
129,438,3,2
129,439,3,2
129,440,3,2
129,441,3,2
129,442,3,2
129,443,3,2
129,444,3,2
129,445,3,2
129,446,3,2
129,447,3,2
129,448,3,2
129,449,3,2
129,450,3,2
129,451,3,2
129,452,3,2
129,453,3,2
129,454,3,2
129,455,3,2
129,456,3,2
129,457,3,2
129,458,3,2
129,459,3,2
129,460,3,2
129,461,3,2
129,462,3,2
129,463,3,2
129,464,3,2
129,465,3,2
129,466,3,2
129,467,3,2
129,468,3,2
129,469,3,2
129,470,3,2
129,471,3,2
129,472,3,2
129,473,3,2
129,474,3,2
129,475,3,2
129,476,3,2
129,477,3,2
129,478,3,2
129,479,3,2
129,480,3,2
129,481,3,2
129,482,3,2
129,483,3,2
129,484,3,2
129,485,3,2
129,486,3,2
129,487,3,2
129,488,3,2
129,489,3,2
129,490,3,2
129,491,3,2
129,492,3,2
129,493,3,2
129,494,3,2
129,495,3,2
129,496,3,2
129,497,3,2
129,498,3,2
129,499,3,2
129,500,3,2
129,501,3,2
129,502,3,2
129,503,3,2
129,504,3,2
129,505,3,2
129,506,3,2
129,507,3,2
129,508,3,2
129,509,3,2
129,510,3,2
129,511,3,2
129,512,3,2
129,513,3,2
129,514,3,2
129,515,3,2
129,516,3,2
129,517,3,2
129,518,3,2
129,519,3,2
129,520,3,2
129,521,3,2
129,522,3,2
129,523,3,2
129,524,3,2
129,525,3,2
129,526,3,2
129,527,3,2
129,528,3,2
129,529,3,2
129,530,3,2
129,531,3,2
129,532,3,2
129,533,3,2
129,534,3,2
129,535,3,2
129,536,3,2
129,537,3,2
129,538,3,2
129,539,3,2
129,540,3,2
129,541,3,2
129,542,3,2
129,543,3,2
129,544,3,2
129,545,3,2
129,546,3,2
129,547,3,2
129,548,3,2
129,549,3,2
129,550,3,2
129,551,3,2
129,552,3,2
129,553,3,2
129,554,3,2
129,555,3,2
129,556,3,2
129,557,3,2
129,558,3,2
129,559,3,2
129,560,3,2
129,561,3,2
129,562,3,2
129,563,3,2
129,564,3,2
129,565,3,2
129,566,3,2
129,567,3,2
129,568,3,2
129,569,3,2
129,570,3,2
129,571,3,2
129,572,3,2
129,573,3,2
129,574,3,2
129,575,3,2
129,576,3,2
129,577,3,2
129,578,3,2
129,579,3,2
129,580,3,2
129,581,3,2
129,582,3,2
129,583,3,2
129,584,3,2
129,585,3,2
129,586,3,2
129,587,3,2
129,588,3,2
129,589,3,2
129,590,3,2
129,591,3,2
129,592,3,2
129,593,3,2
129,594,3,2
129,595,3,2
129,596,3,2
129,597,3,2
129,598,3,2
129,599,3,2
129,600,3,2
129,601,3,2
129,602,3,2
129,603,3,2
129,604,3,2
129,605,3,2
129,606,3,2
129,607,3,2
129,608,3,2
129,609,3,2
129,610,3,2
129,611,3,2
129,612,3,2
129,613,3,2
129,614,3,2
129,615,3,2
129,616,3,2
129,617,3,2
129,618,3,2
129,619,3,2
129,620,3,2
129,621,3,2
129,622,3,2
129,623,3,2
129,624,3,2
129,625,3,2
129,626,3,2
129,627,3,2
129,628,3,2
129,629,3,2
129,630,3,2
129,631,3,2
129,632,3,2
129,633,3,2
129,634,3,2
129,635,3,2
129,636,3,2
129,637,3,2
129,638,3,2
129,639,3,2
129,640,3,2
129,641,3,2
129,642,3,2
129,643,3,2
129,644,3,2
129,645,3,2
129,646,3,2
129,647,3,2
129,648,3,2
129,649,3,2
129,650,3,2
129,651,3,2
129,652,3,2
129,653,3,2
129,654,3,2
129,655,3,2
129,656,3,2
129,657,3,2
129,658,3,2
129,659,3,2
129,660,3,2
129,661,3,2
129,662,3,2
129,663,3,2
129,664,3,2
129,665,3,2
129,666,3,2
129,667,3,2
129,668,3,2
129,669,3,2
129,670,3,2
129,671,3,2
129,672,3,2
129,673,3,2
129,674,3,2
129,675,3,2
129,676,3,2
129,677,3,2
129,678,3,2
129,679,3,2
129,680,3,2
129,681,3,2
129,682,3,2
129,683,3,2
129,684,3,2
129,685,3,2
129,686,3,2
129,687,3,2
129,688,3,2
129,689,3,2
129,690,3,2
129,691,3,2
129,692,3,2
129,693,3,2
129,694,3,2
129,695,3,2
129,696,3,2
129,697,3,2
129,698,3,2
129,699,3,2
129,700,3,2
129,701,3,2
129,702,3,2
129,703,3,2
129,704,3,2
129,705,3,2
129,706,3,2
129,707,3,2
129,708,3,2
129,709,3,3
129,710,3,3
129,711,3,3
129,712,3,3
129,713,3,3
129,714,3,3
129,715,3,3
129,716,3,3
129,717,3,3
129,718,3,3
129,719,3,3
129,720,3,3
129,727,3,2
129,728,3,2
130,216,3,2
130,217,3,2
130,218,3,2
130,219,3,2
130,220,3,2
130,221,3,2
130,222,3,2
130,223,3,2
130,224,3,2
130,225,3,2
130,226,3,2
130,227,3,2
130,228,3,2
130,229,3,2
130,230,3,2
130,231,3,2
130,232,3,2
130,233,3,2
130,234,3,2
130,235,3,2
130,236,3,2
130,237,3,2
130,238,3,2
130,239,3,2
130,240,3,2
130,241,3,2
130,242,3,2
130,243,3,2
130,244,3,2
130,245,3,2
130,246,3,2
130,247,3,2
130,248,3,2
130,249,3,2
130,250,3,2
130,251,3,2
130,252,3,2
130,253,3,2
130,254,3,2
130,255,3,2
130,256,3,2
130,257,3,2
130,258,3,2
130,259,3,2
130,260,3,2
130,261,3,2
130,262,3,2
130,263,3,2
130,264,3,2
130,265,3,2
130,266,3,2
130,267,3,2
130,268,3,2
130,269,3,2
130,270,3,2
130,271,3,2
130,272,3,2
130,273,3,2
130,274,3,2
130,275,3,2
130,276,3,2
130,277,3,2
130,278,3,2
130,279,3,2
130,280,3,2
130,281,3,2
130,282,3,2
130,283,3,2
130,284,3,2
130,285,3,2
130,286,3,2
130,287,3,2
130,288,3,2
130,289,3,2
130,290,3,2
130,291,3,2
130,292,3,2
130,293,3,2
130,294,3,2
130,295,3,2
130,296,3,2
130,297,3,2
130,298,3,2
130,299,3,2
130,300,3,2
130,301,3,2
130,302,3,2
130,303,3,2
130,304,3,2
130,305,3,2
130,306,3,2
130,307,3,2
130,308,3,2
130,309,3,2
130,310,3,2
130,311,3,2
130,312,3,2
130,313,3,2
130,314,3,2
130,315,3,2
130,316,3,2
130,317,3,2
130,318,3,2
130,319,3,2
130,320,3,2
130,321,3,2
130,322,3,2
130,323,3,2
130,324,3,2
130,325,3,2
130,326,3,2
130,327,3,2
130,328,3,2
130,329,3,2
130,330,3,2
130,331,3,2
130,332,3,2
130,333,3,2
130,334,3,2
130,335,3,2
130,336,3,2
130,337,3,2
130,338,3,2
130,339,3,2
130,340,3,2
130,341,3,2
130,342,3,2
130,343,3,2
130,344,3,2
130,345,3,2
130,346,3,2
130,347,3,2
130,348,3,2
130,349,3,2
130,350,3,2
130,351,3,2
130,352,3,2
130,353,3,2
130,354,3,2
130,355,3,2
130,356,3,2
130,357,3,2
130,358,3,2
130,359,3,2
130,360,3,2
130,361,3,2
130,362,3,2
130,363,3,2
130,364,3,2
130,365,3,2
130,366,3,2
130,367,3,2
130,368,3,2
130,369,3,2
130,370,3,2
130,371,3,2
130,372,3,2
130,373,3,2
130,374,3,2
130,375,3,2
130,376,3,2
130,377,3,2
130,378,3,2
130,379,3,2
130,380,3,2
130,381,3,2
130,382,3,2
130,383,3,2
130,384,3,2
130,385,3,2
130,386,3,2
130,387,3,2
130,388,3,2
130,389,3,2
130,390,3,2
130,391,3,2
130,392,3,2
130,393,3,2
130,394,3,2
130,395,3,2
130,396,3,2
130,397,3,2
130,398,3,2
130,399,3,2
130,400,3,2
130,401,3,2
130,402,3,2
130,403,3,2
130,404,3,2
130,405,3,2
130,406,3,2
130,407,3,2
130,408,3,2
130,409,3,2
130,410,3,2
130,411,3,2
130,412,3,2
130,413,3,2
130,414,3,2
130,415,3,2
130,416,3,2
130,417,3,2
130,418,3,2
130,419,3,2
130,420,3,2
130,421,3,2
130,422,3,2
130,423,3,2
130,424,3,2
130,425,3,2
130,426,3,2
130,427,3,2
130,428,3,2
130,429,3,2
130,430,3,2
130,431,3,2
130,432,3,2
130,433,3,2
130,434,3,2
130,435,3,2
130,436,3,2
130,437,3,2
130,438,3,2
130,439,3,2
130,440,3,2
130,441,3,2
130,442,3,2
130,443,3,2
130,444,3,2
130,445,3,2
130,446,3,2
130,447,3,2
130,448,3,2
130,449,3,2
130,450,3,2
130,451,3,2
130,452,3,2
130,453,3,2
130,454,3,2
130,455,3,2
130,456,3,2
130,457,3,2
130,458,3,2
130,459,3,2
130,460,3,2
130,461,3,2
130,462,3,2
130,463,3,2
130,464,3,2
130,465,3,2
130,466,3,2
130,467,3,2
130,468,3,2
130,469,3,2
130,470,3,2
130,471,3,2
130,472,3,2
130,473,3,2
130,474,3,2
130,475,3,2
130,476,3,2
130,477,3,2
130,478,3,2
130,479,3,2
130,480,3,2
130,481,3,2
130,482,3,2
130,483,3,2
130,484,3,2
130,485,3,2
130,486,3,2
130,487,3,2
130,488,3,2
130,489,3,2
130,490,3,2
130,491,3,2
130,492,3,2
130,493,3,2
130,494,3,2
130,495,3,2
130,496,3,2
130,497,3,2
130,498,3,2
130,499,3,2
130,500,3,2
130,501,3,2
130,502,3,2
130,503,3,2
130,504,3,2
130,505,3,2
130,506,3,2
130,507,3,2
130,508,3,2
130,509,3,2
130,510,3,2
130,511,3,2
130,512,3,2
130,513,3,2
130,514,3,2
130,515,3,2
130,516,3,2
130,517,3,2
130,518,3,2
130,519,3,2
130,520,3,2
130,521,3,2
130,522,3,2
130,523,3,2
130,524,3,2
130,525,3,2
130,526,3,2
130,527,3,2
130,528,3,2
130,529,3,2
130,530,3,2
130,531,3,2
130,532,3,2
130,533,3,2
130,534,3,2
130,535,3,2
130,536,3,2
130,537,3,2
130,538,3,2
130,539,3,2
130,540,3,2
130,541,3,2
130,542,3,2
130,543,3,2
130,544,3,2
130,545,3,2
130,546,3,2
130,547,3,2
130,548,3,2
130,549,3,2
130,550,3,2
130,551,3,2
130,552,3,2
130,553,3,2
130,554,3,2
130,555,3,2
130,556,3,2
130,557,3,2
130,558,3,2
130,559,3,2
130,560,3,2
130,561,3,2
130,562,3,2
130,563,3,2
130,564,3,2
130,565,3,2
130,566,3,2
130,567,3,2
130,568,3,2
130,569,3,2
130,570,3,2
130,571,3,2
130,572,3,2
130,573,3,2
130,574,3,2
130,575,3,2
130,576,3,2
130,577,3,2
130,578,3,2
130,579,3,2
130,580,3,2
130,581,3,2
130,582,3,2
130,583,3,2
130,584,3,2
130,585,3,2
130,586,3,2
130,587,3,2
130,588,3,2
130,589,3,2
130,590,3,2
130,591,3,2
130,592,3,2
130,593,3,2
130,594,3,2
130,595,3,2
130,596,3,2
130,597,3,2
130,598,3,2
130,599,3,2
130,600,3,2
130,601,3,2
130,602,3,2
130,603,3,2
130,604,3,2
130,605,3,2
130,606,3,2
130,607,3,2
130,608,3,2
130,609,3,2
130,610,3,2
130,611,3,2
130,612,3,2
130,613,3,2
130,614,3,2
130,615,3,2
130,616,3,2
130,617,3,2
130,618,3,2
130,619,3,2
130,620,3,2
130,621,3,2
130,622,3,2
130,623,3,2
130,624,3,2
130,625,3,2
130,626,3,2
130,627,3,2
130,628,3,2
130,629,3,2
130,630,3,2
130,631,3,2
130,632,3,2
130,633,3,2
130,634,3,2
130,635,3,2
130,636,3,2
130,637,3,2
130,638,3,2
130,639,3,2
130,640,3,2
130,641,3,2
130,642,3,2
130,643,3,2
130,644,3,2
130,645,3,2
130,646,3,2
130,647,3,2
130,648,3,2
130,649,3,2
130,650,3,2
130,651,3,2
130,652,3,2
130,653,3,2
130,654,3,2
130,655,3,2
130,656,3,2
130,657,3,2
130,658,3,2
130,659,3,2
130,660,3,2
130,661,3,2
130,662,3,2
130,663,3,2
130,664,3,2
130,665,3,2
130,666,3,2
130,667,3,2
130,668,3,2
130,669,3,2
130,670,3,2
130,671,3,2
130,672,3,2
130,673,3,2
130,674,3,2
130,675,3,2
130,676,3,2
130,677,3,2
130,678,3,2
130,679,3,2
130,680,3,2
130,681,3,2
130,682,3,2
130,683,3,2
130,684,3,2
130,685,3,2
130,686,3,2
130,687,3,2
130,688,3,2
130,689,3,2
130,690,3,2
130,691,3,2
130,692,3,2
130,693,3,2
130,694,3,2
130,695,3,2
130,696,3,2
130,697,3,2
130,698,3,2
130,699,3,2
130,700,3,2
130,701,3,2
130,702,3,2
130,703,3,2
130,704,3,2
130,705,3,2
130,706,3,2
130,707,3,2
130,708,3,2
130,709,3,2
130,710,3,3
130,711,3,3
130,712,3,3
130,713,3,3
130,714,3,3
130,715,3,3
130,716,3,3
130,717,3,3
130,718,3,3
130,719,3,3
130,720,3,3
130,721,3,3
130,726,3,2
130,728,3,2
131,213,3,2
131,214,3,2
131,215,3,2
131,216,3,2
131,217,3,2
131,218,3,2
131,219,3,2
131,220,3,2
131,221,3,2
131,222,3,2
131,223,3,2
131,224,3,2
131,225,3,2
131,226,3,2
131,227,3,2
131,228,3,2
131,229,3,2
131,230,3,2
131,231,3,2
131,232,3,2
131,233,3,2
131,234,3,2
131,235,3,2
131,236,3,2
131,237,3,2
131,238,3,2
131,239,3,2
131,240,3,2
131,241,3,2
131,242,3,2
131,243,3,2
131,244,3,2
131,245,3,2
131,246,3,2
131,247,3,2
131,248,3,2
131,249,3,2
131,250,3,2
131,251,3,2
131,252,3,2
131,253,3,2
131,254,3,2
131,255,3,2
131,256,3,2
131,257,3,2
131,258,3,2
131,259,3,2
131,260,3,2
131,261,3,2
131,262,3,2
131,263,3,2
131,264,3,2
131,265,3,2
131,266,3,2
131,267,3,2
131,268,3,2
131,269,3,2
131,270,3,2
131,271,3,2
131,272,3,2
131,273,3,2
131,274,3,2
131,275,3,2
131,276,3,2
131,277,3,2
131,278,3,2
131,279,3,2
131,280,3,2
131,281,3,2
131,282,3,2
131,283,3,2
131,284,3,2
131,285,3,2
131,286,3,2
131,287,3,2
131,288,3,2
131,289,3,2
131,290,3,2
131,291,3,2
131,292,3,2
131,293,3,2
131,294,3,2
131,295,3,2
131,296,3,2
131,297,3,2
131,298,3,2
131,299,3,2
131,300,3,2
131,301,3,2
131,302,3,2
131,303,3,2
131,304,3,2
131,305,3,2
131,306,3,2
131,307,3,2
131,308,3,2
131,309,3,2
131,310,3,2
131,311,3,2
131,312,3,2
131,313,3,2
131,314,3,2
131,315,3,2
131,316,3,2
131,317,3,2
131,318,3,2
131,319,3,2
131,320,3,2
131,321,3,2
131,322,3,2
131,323,3,2
131,324,3,2
131,325,3,2
131,326,3,2
131,327,3,2
131,328,3,2
131,329,3,2
131,330,3,2
131,331,3,2
131,332,3,2
131,333,3,2
131,334,3,2
131,335,3,2
131,336,3,2
131,337,3,2
131,338,3,2
131,339,3,2
131,340,3,2
131,341,3,2
131,342,3,2
131,343,3,2
131,344,3,2
131,345,3,2
131,346,3,2
131,347,3,2
131,348,3,2
131,349,3,2
131,350,3,2
131,351,3,2
131,352,3,2
131,353,3,2
131,354,3,2
131,355,3,2
131,356,3,2
131,357,3,2
131,358,3,2
131,359,3,2
131,360,3,2
131,361,3,2
131,362,3,2
131,363,3,2
131,364,3,2
131,365,3,2
131,366,3,2
131,367,3,2
131,368,3,2
131,369,3,2
131,370,3,2
131,371,3,2
131,372,3,2
131,373,3,2
131,374,3,2
131,375,3,2
131,376,3,2
131,377,3,2
131,378,3,2
131,379,3,2
131,380,3,2
131,381,3,2
131,382,3,2
131,383,3,2
131,384,3,2
131,385,3,2
131,386,3,2
131,387,3,2
131,388,3,2
131,389,3,2
131,390,3,2
131,391,3,2
131,392,3,2
131,393,3,2
131,394,3,2
131,395,3,2
131,396,3,2
131,397,3,2
131,398,3,2
131,399,3,2
131,400,3,2
131,401,3,2
131,402,3,2
131,403,3,2
131,404,3,2
131,405,3,2
131,406,3,2
131,407,3,2
131,408,3,2
131,409,3,2
131,410,3,2
131,411,3,2
131,412,3,2
131,413,3,2
131,414,3,2
131,415,3,2
131,416,3,2
131,417,3,2
131,418,3,2
131,419,3,2
131,420,3,2
131,421,3,2
131,422,3,2
131,423,3,2
131,424,3,2
131,425,3,2
131,426,3,2
131,427,3,2
131,428,3,2
131,429,3,2
131,430,3,2
131,431,3,2
131,432,3,2
131,433,3,2
131,434,3,2
131,435,3,2
131,436,3,2
131,437,3,2
131,438,3,2
131,439,3,2
131,440,3,2
131,441,3,2
131,442,3,2
131,443,3,2
131,444,3,2
131,445,3,2
131,446,3,2
131,447,3,2
131,448,3,2
131,449,3,2
131,450,3,2
131,451,3,2
131,452,3,2
131,453,3,2
131,454,3,2
131,455,3,2
131,456,3,2
131,457,3,2
131,458,3,2
131,459,3,2
131,460,3,2
131,461,3,2
131,462,3,2
131,463,3,2
131,464,3,2
131,465,3,2
131,466,3,2
131,467,3,2
131,468,3,2
131,469,3,2
131,470,3,2
131,471,3,2
131,472,3,2
131,473,3,2
131,474,3,2
131,475,3,2
131,476,3,2
131,477,3,2
131,478,3,2
131,479,3,2
131,480,3,2
131,481,3,2
131,482,3,2
131,483,3,2
131,484,3,2
131,485,3,2
131,486,3,2
131,487,3,2
131,488,3,2
131,489,3,2
131,490,3,2
131,491,3,2
131,492,3,2
131,493,3,2
131,494,3,2
131,495,3,2
131,496,3,2
131,497,3,2
131,498,3,2
131,499,3,2
131,500,3,2
131,501,3,2
131,502,3,2
131,503,3,2
131,504,3,2
131,505,3,2
131,506,3,2
131,507,3,2
131,508,3,2
131,509,3,2
131,510,3,2
131,511,3,2
131,512,3,2
131,513,3,2
131,514,3,2
131,515,3,2
131,516,3,2
131,517,3,2
131,518,3,2
131,519,3,2
131,520,3,2
131,521,3,2
131,522,3,2
131,523,3,2
131,524,3,2
131,525,3,2
131,526,3,2
131,527,3,2
131,528,3,2
131,529,3,2
131,530,3,2
131,531,3,2
131,532,3,2
131,533,3,2
131,534,3,2
131,535,3,2
131,536,3,2
131,537,3,2
131,538,3,2
131,539,3,2
131,540,3,2
131,541,3,2
131,542,3,2
131,543,3,2
131,544,3,2
131,545,3,2
131,546,3,2
131,547,3,2
131,548,3,2
131,549,3,2
131,550,3,2
131,551,3,2
131,552,3,2
131,553,3,2
131,554,3,2
131,555,3,2
131,556,3,2
131,557,3,2
131,558,3,2
131,559,3,2
131,560,3,2
131,561,3,2
131,562,3,2
131,563,3,2
131,564,3,2
131,565,3,2
131,566,3,2
131,567,3,2
131,568,3,2
131,569,3,2
131,570,3,2
131,571,3,2
131,572,3,2
131,573,3,2
131,574,3,2
131,575,3,2
131,576,3,2
131,577,3,2
131,578,3,2
131,579,3,2
131,580,3,2
131,581,3,2
131,582,3,2
131,583,3,2
131,584,3,2
131,585,3,2
131,586,3,2
131,587,3,2
131,588,3,2
131,589,3,2
131,590,3,2
131,591,3,2
131,592,3,2
131,593,3,2
131,594,3,2
131,595,3,2
131,596,3,2
131,597,3,2
131,598,3,2
131,599,3,2
131,600,3,2
131,601,3,2
131,602,3,2
131,603,3,2
131,604,3,2
131,605,3,2
131,606,3,2
131,607,3,2
131,608,3,2
131,609,3,2
131,610,3,2
131,611,3,2
131,612,3,2
131,613,3,2
131,614,3,2
131,615,3,2
131,616,3,2
131,617,3,2
131,618,3,2
131,619,3,2
131,620,3,2
131,621,3,2
131,622,3,2
131,623,3,2
131,624,3,2
131,625,3,2
131,626,3,2
131,627,3,2
131,628,3,2
131,629,3,2
131,630,3,2
131,631,3,2
131,632,3,2
131,633,3,2
131,634,3,2
131,635,3,2
131,636,3,2
131,637,3,2
131,638,3,2
131,639,3,2
131,640,3,2
131,641,3,2
131,642,3,2
131,643,3,2
131,644,3,2
131,645,3,2
131,646,3,2
131,647,3,2
131,648,3,2
131,649,3,2
131,650,3,2
131,651,3,2
131,652,3,2
131,653,3,2
131,654,3,2
131,655,3,2
131,656,3,2
131,657,3,2
131,658,3,2
131,659,3,2
131,660,3,2
131,661,3,2
131,662,3,2
131,663,3,2
131,664,3,2
131,665,3,2
131,666,3,2
131,667,3,2
131,668,3,2
131,669,3,2
131,670,3,2
131,671,3,2
131,672,3,2
131,673,3,2
131,674,3,2
131,675,3,2
131,676,3,2
131,677,3,2
131,678,3,2
131,679,3,2
131,680,3,2
131,681,3,2
131,682,3,2
131,683,3,2
131,684,3,2
131,685,3,2
131,686,3,2
131,687,3,2
131,688,3,2
131,689,3,2
131,690,3,2
131,691,3,2
131,692,3,2
131,693,3,2
131,694,3,2
131,695,3,2
131,696,3,2
131,697,3,2
131,698,3,2
131,699,3,2
131,700,3,2
131,701,3,2
131,702,3,2
131,703,3,2
131,704,3,2
131,705,3,2
131,706,3,2
131,707,3,2
131,708,3,2
131,709,3,2
131,710,3,2
131,711,3,3
131,712,3,3
131,713,3,3
131,714,3,3
131,715,3,3
131,716,3,3
131,717,3,3
131,718,3,3
131,719,3,3
131,720,3,3
131,721,3,3
131,722,3,2
131,723,3,2
131,724,3,2
131,725,3,2
132,213,3,2
132,214,3,2
132,215,3,2
132,216,3,2
132,217,3,2
132,218,3,2
132,219,3,2
132,220,3,2
132,221,3,2
132,222,3,2
132,223,3,2
132,224,3,2
132,225,3,2
132,226,3,2
132,227,3,2
132,228,3,2
132,229,3,2
132,230,3,2
132,231,3,2
132,232,3,2
132,233,3,2
132,234,3,2
132,235,3,2
132,236,3,2
132,237,3,2
132,238,3,2
132,239,3,2
132,240,3,2
132,241,3,2
132,242,3,2
132,243,3,2
132,244,3,2
132,245,3,2
132,246,3,2
132,247,3,2
132,248,3,2
132,249,3,2
132,250,3,2
132,251,3,2
132,252,3,2
132,253,3,2
132,254,3,2
132,255,3,2
132,256,3,2
132,257,3,2
132,258,3,2
132,259,3,2
132,260,3,2
132,261,3,2
132,262,3,2
132,263,3,2
132,264,3,2
132,265,3,2
132,266,3,2
132,267,3,2
132,268,3,2
132,269,3,2
132,270,3,2
132,271,3,2
132,272,3,2
132,273,3,2
132,274,3,2
132,275,3,2
132,276,3,2
132,277,3,2
132,278,3,2
132,279,3,2
132,280,3,2
132,281,3,2
132,282,3,2
132,283,3,2
132,284,3,2
132,285,3,2
132,286,3,2
132,287,3,2
132,288,3,2
132,289,3,2
132,290,3,2
132,291,3,2
132,292,3,2
132,293,3,2
132,294,3,2
132,295,3,2
132,296,3,2
132,297,3,2
132,298,3,2
132,299,3,2
132,300,3,2
132,301,3,2
132,302,3,2
132,303,3,2
132,304,3,2
132,305,3,2
132,306,3,2
132,307,3,2
132,308,3,2
132,309,3,2
132,310,3,2
132,311,3,2
132,312,3,2
132,313,3,2
132,314,3,2
132,315,3,2
132,316,3,2
132,317,3,2
132,318,3,2
132,319,3,2
132,320,3,2
132,321,3,2
132,322,3,2
132,323,3,2
132,324,3,2
132,325,3,2
132,326,3,2
132,327,3,2
132,328,3,2
132,329,3,2
132,330,3,2
132,331,3,2
132,332,3,2
132,333,3,2
132,334,3,2
132,335,3,2
132,336,3,2
132,337,3,2
132,338,3,2
132,339,3,2
132,340,3,2
132,341,3,2
132,342,3,2
132,343,3,2
132,344,3,2
132,345,3,2
132,346,3,2
132,347,3,2
132,348,3,2
132,349,3,2
132,350,3,2
132,351,3,2
132,352,3,2
132,353,3,2
132,354,3,2
132,355,3,2
132,356,3,2
132,357,3,2
132,358,3,2
132,359,3,2
132,360,3,2
132,361,3,2
132,362,3,2
132,363,3,2
132,364,3,2
132,365,3,2
132,366,3,2
132,367,3,2
132,368,3,2
132,369,3,2
132,370,3,2
132,371,3,2
132,372,3,2
132,373,3,2
132,374,3,2
132,375,3,2
132,376,3,2
132,377,3,2
132,378,3,2
132,379,3,2
132,380,3,2
132,381,3,2
132,382,3,2
132,383,3,2
132,384,3,2
132,385,3,2
132,386,3,2
132,387,3,2
132,388,3,2
132,389,3,2
132,390,3,2
132,391,3,2
132,392,3,2
132,393,3,2
132,394,3,2
132,395,3,2
132,396,3,2
132,397,3,2
132,398,3,2
132,399,3,2
132,400,3,2
132,401,3,2
132,402,3,2
132,403,3,2
132,404,3,2
132,405,3,2
132,406,3,2
132,407,3,2
132,408,3,2
132,409,3,2
132,410,3,2
132,411,3,2
132,412,3,2
132,413,3,2
132,414,3,2
132,415,3,2
132,416,3,2
132,417,3,2
132,418,3,2
132,419,3,2
132,420,3,2
132,421,3,2
132,422,3,2
132,423,3,2
132,424,3,2
132,425,3,2
132,426,3,2
132,427,3,2
132,428,3,2
132,429,3,2
132,430,3,2
132,431,3,2
132,432,3,2
132,433,3,2
132,434,3,2
132,435,3,2
132,436,3,2
132,437,3,2
132,438,3,2
132,439,3,2
132,440,3,2
132,441,3,2
132,442,3,2
132,443,3,2
132,444,3,2
132,445,3,2
132,446,3,2
132,447,3,2
132,448,3,2
132,449,3,2
132,450,3,2
132,451,3,2
132,452,3,2
132,453,3,2
132,454,3,2
132,455,3,2
132,456,3,2
132,457,3,2
132,458,3,2
132,459,3,2
132,460,3,2
132,461,3,2
132,462,3,2
132,463,3,2
132,464,3,2
132,465,3,2
132,466,3,2
132,467,3,2
132,468,3,2
132,469,3,2
132,470,3,2
132,471,3,2
132,472,3,2
132,473,3,2
132,474,3,2
132,475,3,2
132,476,3,2
132,477,3,2
132,478,3,2
132,479,3,2
132,480,3,2
132,481,3,2
132,482,3,2
132,483,3,2
132,484,3,2
132,485,3,2
132,486,3,2
132,487,3,2
132,488,3,2
132,489,3,2
132,490,3,2
132,491,3,2
132,492,3,2
132,493,3,2
132,494,3,2
132,495,3,2
132,496,3,2
132,497,3,2
132,498,3,2
132,499,3,2
132,500,3,2
132,501,3,2
132,502,3,2
132,503,3,2
132,504,3,2
132,505,3,2
132,506,3,2
132,507,3,2
132,508,3,2
132,509,3,2
132,510,3,2
132,511,3,2
132,512,3,2
132,513,3,2
132,514,3,2
132,515,3,2
132,516,3,2
132,517,3,2
132,518,3,2
132,519,3,2
132,520,3,2
132,521,3,2
132,522,3,2
132,523,3,2
132,524,3,2
132,525,3,2
132,526,3,2
132,527,3,2
132,528,3,2
132,529,3,2
132,530,3,2
132,531,3,2
132,532,3,2
132,533,3,2
132,534,3,2
132,535,3,2
132,536,3,2
132,537,3,2
132,538,3,2
132,539,3,2
132,540,3,2
132,541,3,2
132,542,3,2
132,543,3,2
132,544,3,2
132,545,3,2
132,546,3,2
132,547,3,2
132,548,3,2
132,549,3,2
132,550,3,2
132,551,3,2
132,552,3,2
132,553,3,2
132,554,3,2
132,555,3,2
132,556,3,2
132,557,3,2
132,558,3,2
132,559,3,2
132,560,3,2
132,561,3,2
132,562,3,2
132,563,3,2
132,564,3,2
132,565,3,2
132,566,3,2
132,567,3,2
132,568,3,2
132,569,3,2
132,570,3,2
132,571,3,2
132,572,3,2
132,573,3,2
132,574,3,2
132,575,3,2
132,576,3,2
132,577,3,2
132,578,3,2
132,579,3,2
132,580,3,2
132,581,3,2
132,582,3,2
132,583,3,2
132,584,3,2
132,585,3,2
132,586,3,2
132,587,3,2
132,588,3,2
132,589,3,2
132,590,3,2
132,591,3,2
132,592,3,2
132,593,3,2
132,594,3,2
132,595,3,2
132,596,3,2
132,597,3,2
132,598,3,2
132,599,3,2
132,600,3,2
132,601,3,2
132,602,3,2
132,603,3,2
132,604,3,2
132,605,3,2
132,606,3,2
132,607,3,2
132,608,3,2
132,609,3,2
132,610,3,2
132,611,3,2
132,612,3,2
132,613,3,2
132,614,3,2
132,615,3,2
132,616,3,2
132,617,3,2
132,618,3,2
132,619,3,2
132,620,3,2
132,621,3,2
132,622,3,2
132,623,3,2
132,624,3,2
132,625,3,2
132,626,3,2
132,627,3,2
132,628,3,2
132,629,3,2
132,630,3,2
132,631,3,2
132,632,3,2
132,633,3,2
132,634,3,2
132,635,3,2
132,636,3,2
132,637,3,2
132,638,3,2
132,639,3,2
132,640,3,2
132,641,3,2
132,642,3,2
132,643,3,2
132,644,3,2
132,645,3,2
132,646,3,2
132,647,3,2
132,648,3,2
132,649,3,2
132,650,3,2
132,651,3,2
132,652,3,2
132,653,3,2
132,654,3,2
132,655,3,2
132,656,3,2
132,657,3,2
132,658,3,2
132,659,3,2
132,660,3,2
132,661,3,2
132,662,3,2
132,663,3,2
132,664,3,2
132,665,3,2
132,666,3,2
132,667,3,2
132,668,3,2
132,669,3,2
132,670,3,2
132,671,3,2
132,672,3,2
132,673,3,2
132,674,3,2
132,675,3,2
132,676,3,2
132,677,3,2
132,678,3,2
132,679,3,2
132,680,3,2
132,681,3,2
132,682,3,2
132,683,3,2
132,684,3,2
132,685,3,2
132,686,3,2
132,687,3,2
132,688,3,2
132,689,3,2
132,690,3,2
132,691,3,2
132,692,3,2
132,693,3,2
132,694,3,2
132,695,3,2
132,696,3,2
132,697,3,2
132,698,3,2
132,699,3,2
132,700,3,2
132,701,3,2
132,702,3,2
132,703,3,2
132,704,3,2
132,705,3,2
132,706,3,2
132,707,3,2
132,708,3,2
132,709,3,2
132,710,3,2
132,711,3,3
132,712,3,3
132,713,3,3
132,714,3,3
132,715,3,3
132,716,3,3
132,717,3,3
132,718,3,3
132,719,3,3
132,720,3,3
132,721,3,3
132,722,3,3
132,723,3,2
132,724,3,2
132,725,3,2
132,726,3,2
132,727,3,2
132,733,3,2
132,734,3,2
132,735,3,2
132,736,3,2
133,211,3,2
133,212,3,2
133,213,3,2
133,214,3,2
133,215,3,2
133,216,3,2
133,217,3,2
133,218,3,2
133,219,3,2
133,220,3,2
133,221,3,2
133,222,3,2
133,223,3,2
133,224,3,2
133,225,3,2
133,226,3,2
133,227,3,2
133,228,3,2
133,229,3,2
133,230,3,2
133,231,3,2
133,232,3,2
133,233,3,2
133,234,3,2
133,235,3,2
133,236,3,2
133,237,3,2
133,238,3,2
133,239,3,2
133,240,3,2
133,241,3,2
133,242,3,2
133,243,3,2
133,244,3,2
133,245,3,2
133,246,3,2
133,247,3,2
133,248,3,2
133,249,3,2
133,250,3,2
133,251,3,2
133,252,3,2
133,253,3,2
133,254,3,2
133,255,3,2
133,256,3,2
133,257,3,2
133,258,3,2
133,259,3,2
133,260,3,2
133,261,3,2
133,262,3,2
133,263,3,2
133,264,3,2
133,265,3,2
133,266,3,2
133,267,3,2
133,268,3,2
133,269,3,2
133,270,3,2
133,271,3,2
133,272,3,2
133,273,3,2
133,274,3,2
133,275,3,2
133,276,3,2
133,277,3,2
133,278,3,2
133,279,3,2
133,280,3,2
133,281,3,2
133,282,3,2
133,283,3,2
133,284,3,2
133,285,3,2
133,286,3,2
133,287,3,2
133,288,3,2
133,289,3,2
133,290,3,2
133,291,3,2
133,292,3,2
133,293,3,2
133,294,3,2
133,295,3,2
133,296,3,2
133,297,3,2
133,298,3,2
133,299,3,2
133,300,3,2
133,301,3,2
133,302,3,2
133,303,3,2
133,304,3,2
133,305,3,2
133,306,3,2
133,307,3,2
133,308,3,2
133,309,3,2
133,310,3,2
133,311,3,2
133,312,3,2
133,313,3,2
133,314,3,2
133,315,3,2
133,316,3,2
133,317,3,2
133,318,3,2
133,319,3,2
133,320,3,2
133,321,3,2
133,322,3,2
133,323,3,2
133,324,3,2
133,325,3,2
133,326,3,2
133,327,3,2
133,328,3,2
133,329,3,2
133,330,3,2
133,331,3,2
133,332,3,2
133,333,3,2
133,334,3,2
133,335,3,2
133,336,3,2
133,337,3,2
133,338,3,2
133,339,3,2
133,340,3,2
133,341,3,2
133,342,3,2
133,343,3,2
133,344,3,2
133,345,3,2
133,346,3,2
133,347,3,2
133,348,3,2
133,349,3,2
133,350,3,2
133,351,3,2
133,352,3,2
133,353,3,2
133,354,3,2
133,355,3,2
133,356,3,2
133,357,3,2
133,358,3,2
133,359,3,2
133,360,3,2
133,361,3,2
133,362,3,2
133,363,3,2
133,364,3,2
133,365,3,2
133,366,3,2
133,367,3,2
133,368,3,2
133,369,3,2
133,370,3,2
133,371,3,2
133,372,3,2
133,373,3,2
133,374,3,2
133,375,3,2
133,376,3,2
133,377,3,2
133,378,3,2
133,379,3,2
133,380,3,2
133,381,3,2
133,382,3,2
133,383,3,2
133,384,3,2
133,385,3,2
133,386,3,2
133,387,3,2
133,388,3,2
133,389,3,2
133,390,3,2
133,391,3,2
133,392,3,2
133,393,3,2
133,394,3,2
133,395,3,2
133,396,3,2
133,397,3,2
133,398,3,2
133,399,3,2
133,400,3,2
133,401,3,2
133,402,3,2
133,403,3,2
133,404,3,2
133,405,3,2
133,406,3,2
133,407,3,2
133,408,3,2
133,409,3,2
133,410,3,2
133,411,3,2
133,412,3,2
133,413,3,2
133,414,3,2
133,415,3,2
133,416,3,2
133,417,3,2
133,418,3,2
133,419,3,2
133,420,3,2
133,421,3,2
133,422,3,2
133,423,3,2
133,424,3,2
133,425,3,2
133,426,3,2
133,427,3,2
133,428,3,2
133,429,3,2
133,430,3,2
133,431,3,2
133,432,3,2
133,433,3,2
133,434,3,2
133,435,3,2
133,436,3,2
133,437,3,2
133,438,3,2
133,439,3,2
133,440,3,2
133,441,3,2
133,442,3,2
133,443,3,2
133,444,3,2
133,445,3,2
133,446,3,2
133,447,3,2
133,448,3,2
133,449,3,2
133,450,3,2
133,451,3,2
133,452,3,2
133,453,3,2
133,454,3,2
133,455,3,2
133,456,3,2
133,457,3,2
133,458,3,2
133,459,3,2
133,460,3,2
133,461,3,2
133,462,3,2
133,463,3,2
133,464,3,2
133,465,3,2
133,466,3,2
133,467,3,2
133,468,3,2
133,469,3,2
133,470,3,2
133,471,3,2
133,472,3,2
133,473,3,2
133,474,3,2
133,475,3,2
133,476,3,2
133,477,3,2
133,478,3,2
133,479,3,2
133,480,3,2
133,481,3,2
133,482,3,2
133,483,3,2
133,484,3,2
133,485,3,2
133,486,3,2
133,487,3,2
133,488,3,2
133,489,3,2
133,490,3,2
133,491,3,2
133,492,3,2
133,493,3,2
133,494,3,2
133,495,3,2
133,496,3,2
133,497,3,2
133,498,3,2
133,499,3,2
133,500,3,2
133,501,3,2
133,502,3,2
133,503,3,2
133,504,3,2
133,505,3,2
133,506,3,2
133,507,3,2
133,508,3,2
133,509,3,2
133,510,3,2
133,511,3,2
133,512,3,2
133,513,3,2
133,514,3,2
133,515,3,2
133,516,3,2
133,517,3,2
133,518,3,2
133,519,3,2
133,520,3,2
133,521,3,2
133,522,3,2
133,523,3,2
133,524,3,2
133,525,3,2
133,526,3,2
133,527,3,2
133,528,3,2
133,529,3,2
133,530,3,2
133,531,3,2
133,532,3,2
133,533,3,2
133,534,3,2
133,535,3,2
133,536,3,2
133,537,3,2
133,538,3,2
133,539,3,2
133,540,3,2
133,541,3,2
133,542,3,2
133,543,3,2
133,544,3,2
133,545,3,2
133,546,3,2
133,547,3,2
133,548,3,2
133,549,3,2
133,550,3,2
133,551,3,2
133,552,3,2
133,553,3,2
133,554,3,2
133,555,3,2
133,556,3,2
133,557,3,2
133,558,3,2
133,559,3,2
133,560,3,2
133,561,3,2
133,562,3,2
133,563,3,2
133,564,3,2
133,565,3,2
133,566,3,2
133,567,3,2
133,568,3,2
133,569,3,2
133,570,3,2
133,571,3,2
133,572,3,2
133,573,3,2
133,574,3,2
133,575,3,2
133,576,3,2
133,577,3,2
133,578,3,2
133,579,3,2
133,580,3,2
133,581,3,2
133,582,3,2
133,583,3,2
133,584,3,2
133,585,3,2
133,586,3,2
133,587,3,2
133,588,3,2
133,589,3,2
133,590,3,2
133,591,3,2
133,592,3,2
133,593,3,2
133,594,3,2
133,595,3,2
133,596,3,2
133,597,3,2
133,598,3,2
133,599,3,2
133,600,3,2
133,601,3,2
133,602,3,2
133,603,3,2
133,604,3,2
133,605,3,2
133,606,3,2
133,607,3,2
133,608,3,2
133,609,3,2
133,610,3,2
133,611,3,2
133,612,3,2
133,613,3,2
133,614,3,2
133,615,3,2
133,616,3,2
133,617,3,2
133,618,3,2
133,619,3,2
133,620,3,2
133,621,3,2
133,622,3,2
133,623,3,2
133,624,3,2
133,625,3,2
133,626,3,2
133,627,3,2
133,628,3,2
133,629,3,2
133,630,3,2
133,631,3,2
133,632,3,2
133,633,3,2
133,634,3,2
133,635,3,2
133,636,3,2
133,637,3,2
133,638,3,2
133,639,3,2
133,640,3,2
133,641,3,2
133,642,3,2
133,643,3,2
133,644,3,2
133,645,3,2
133,646,3,2
133,647,3,2
133,648,3,2
133,649,3,2
133,650,3,2
133,651,3,2
133,652,3,2
133,653,3,2
133,654,3,2
133,655,3,2
133,656,3,2
133,657,3,2
133,658,3,2
133,659,3,2
133,660,3,2
133,661,3,2
133,662,3,2
133,663,3,2
133,664,3,2
133,665,3,2
133,666,3,2
133,667,3,2
133,668,3,2
133,669,3,2
133,670,3,2
133,671,3,2
133,672,3,2
133,673,3,2
133,674,3,2
133,675,3,2
133,676,3,2
133,677,3,2
133,678,3,2
133,679,3,2
133,680,3,2
133,681,3,2
133,682,3,2
133,683,3,2
133,684,3,2
133,685,3,2
133,686,3,2
133,687,3,2
133,688,3,2
133,689,3,2
133,690,3,2
133,691,3,2
133,692,3,2
133,693,3,2
133,694,3,2
133,695,3,2
133,696,3,2
133,697,3,2
133,698,3,2
133,699,3,2
133,700,3,2
133,701,3,2
133,702,3,2
133,703,3,2
133,704,3,2
133,705,3,2
133,706,3,2
133,707,3,2
133,708,3,2
133,709,3,2
133,710,3,2
133,711,3,2
133,712,3,3
133,713,3,3
133,714,3,3
133,715,3,3
133,716,3,3
133,717,3,3
133,718,3,3
133,719,3,3
133,720,3,3
133,721,3,3
133,722,3,3
133,723,3,3
133,724,3,2
133,725,3,2
133,726,3,2
133,727,3,2
133,728,3,2
133,732,3,2
133,733,3,2
133,734,3,2
133,735,3,2
133,736,3,2
134,211,3,2
134,212,3,2
134,213,3,2
134,214,3,2
134,215,3,2
134,216,3,2
134,217,3,3
134,218,3,3
134,219,3,3
134,220,3,2
134,221,3,2
134,222,3,2
134,223,3,2
134,224,3,2
134,225,3,2
134,226,3,2
134,227,3,2
134,228,3,2
134,229,3,2
134,230,3,2
134,231,3,2
134,232,3,2
134,233,3,2
134,234,3,2
134,235,3,2
134,236,3,2
134,237,3,2
134,238,3,2
134,239,3,2
134,240,3,2
134,241,3,2
134,242,3,2
134,243,3,2
134,244,3,2
134,245,3,2
134,246,3,2
134,247,3,2
134,248,3,2
134,249,3,2
134,250,3,2
134,251,3,2
134,252,3,2
134,253,3,2
134,254,3,2
134,255,3,2
134,256,3,2
134,257,3,2
134,258,3,2
134,259,3,2
134,260,3,2
134,261,3,2
134,262,3,2
134,263,3,2
134,264,3,2
134,265,3,2
134,266,3,2
134,267,3,2
134,268,3,2
134,269,3,2
134,270,3,2
134,271,3,2
134,272,3,2
134,273,3,2
134,274,3,2
134,275,3,2
134,276,3,2
134,277,3,2
134,278,3,2
134,279,3,2
134,280,3,2
134,281,3,2
134,282,3,2
134,283,3,2
134,284,3,2
134,285,3,2
134,286,3,2
134,287,3,2
134,288,3,2
134,289,3,2
134,290,3,2
134,291,3,2
134,292,3,2
134,293,3,2
134,294,3,2
134,295,3,2
134,296,3,2
134,297,3,2
134,298,3,2
134,299,3,2
134,300,3,2
134,301,3,2
134,302,3,2
134,303,3,2
134,304,3,2
134,305,3,2
134,306,3,2
134,307,3,2
134,308,3,2
134,309,3,2
134,310,3,2
134,311,3,2
134,312,3,2
134,313,3,2
134,314,3,2
134,315,3,2
134,316,3,2
134,317,3,2
134,318,3,2
134,319,3,2
134,320,3,2
134,321,3,2
134,322,3,2
134,323,3,2
134,324,3,2
134,325,3,2
134,326,3,2
134,327,3,2
134,328,3,2
134,329,3,2
134,330,3,2
134,331,3,2
134,332,3,2
134,333,3,2
134,334,3,2
134,335,3,2
134,336,3,2
134,337,3,2
134,338,3,2
134,339,3,2
134,340,3,2
134,341,3,2
134,342,3,2
134,343,3,2
134,344,3,2
134,345,3,2
134,346,3,2
134,347,3,2
134,348,3,2
134,349,3,2
134,350,3,2
134,351,3,2
134,352,3,2
134,353,3,2
134,354,3,2
134,355,3,2
134,356,3,2
134,357,3,2
134,358,3,2
134,359,3,2
134,360,3,2
134,361,3,2
134,362,3,2
134,363,3,2
134,364,3,2
134,365,3,2
134,366,3,2
134,367,3,2
134,368,3,2
134,369,3,2
134,370,3,2
134,371,3,2
134,372,3,2
134,373,3,2
134,374,3,2
134,375,3,2
134,376,3,2
134,377,3,2
134,378,3,2
134,379,3,2
134,380,3,2
134,381,3,2
134,382,3,2
134,383,3,2
134,384,3,2
134,385,3,2
134,386,3,2
134,387,3,2
134,388,3,2
134,389,3,2
134,390,3,2
134,391,3,2
134,392,3,2
134,393,3,2
134,394,3,2
134,395,3,2
134,396,3,2
134,397,3,2
134,398,3,2
134,399,3,2
134,400,3,2
134,401,3,2
134,402,3,2
134,403,3,2
134,404,3,2
134,405,3,2
134,406,3,2
134,407,3,2
134,408,3,2
134,409,3,2
134,410,3,2
134,411,3,2
134,412,3,2
134,413,3,2
134,414,3,2
134,415,3,2
134,416,3,2
134,417,3,2
134,418,3,2
134,419,3,2
134,420,3,2
134,421,3,2
134,422,3,2
134,423,3,2
134,424,3,2
134,425,3,2
134,426,3,2
134,427,3,2
134,428,3,2
134,429,3,2
134,430,3,2
134,431,3,2
134,432,3,2
134,433,3,2
134,434,3,2
134,435,3,2
134,436,3,2
134,437,3,2
134,438,3,2
134,439,3,2
134,440,3,2
134,441,3,2
134,442,3,2
134,443,3,2
134,444,3,2
134,445,3,2
134,446,3,2
134,447,3,2
134,448,3,2
134,449,3,2
134,450,3,2
134,451,3,2
134,452,3,2
134,453,3,2
134,454,3,2
134,455,3,2
134,456,3,2
134,457,3,2
134,458,3,2
134,459,3,2
134,460,3,2
134,461,3,2
134,462,3,2
134,463,3,2
134,464,3,2
134,465,3,2
134,466,3,2
134,467,3,2
134,468,3,2
134,469,3,2
134,470,3,2
134,471,3,2
134,472,3,2
134,473,3,2
134,474,3,2
134,475,3,2
134,476,3,2
134,477,3,2
134,478,3,2
134,479,3,2
134,480,3,2
134,481,3,2
134,482,3,2
134,483,3,2
134,484,3,2
134,485,3,2
134,486,3,2
134,487,3,2
134,488,3,2
134,489,3,2
134,490,3,2
134,491,3,2
134,492,3,2
134,493,3,2
134,494,3,2
134,495,3,2
134,496,3,2
134,497,3,2
134,498,3,2
134,499,3,2
134,500,3,2
134,501,3,2
134,502,3,2
134,503,3,2
134,504,3,2
134,505,3,2
134,506,3,2
134,507,3,2
134,508,3,2
134,509,3,2
134,510,3,2
134,511,3,2
134,512,3,2
134,513,3,2
134,514,3,2
134,515,3,2
134,516,3,2
134,517,3,2
134,518,3,2
134,519,3,2
134,520,3,2
134,521,3,2
134,522,3,2
134,523,3,2
134,524,3,2
134,525,3,2
134,526,3,2
134,527,3,2
134,528,3,2
134,529,3,2
134,530,3,2
134,531,3,2
134,532,3,2
134,533,3,2
134,534,3,2
134,535,3,2
134,536,3,2
134,537,3,2
134,538,3,2
134,539,3,2
134,540,3,2
134,541,3,2
134,542,3,2
134,543,3,2
134,544,3,2
134,545,3,2
134,546,3,2
134,547,3,2
134,548,3,2
134,549,3,2
134,550,3,2
134,551,3,2
134,552,3,2
134,553,3,2
134,554,3,2
134,555,3,2
134,556,3,2
134,557,3,2
134,558,3,2
134,559,3,2
134,560,3,2
134,561,3,2
134,562,3,2
134,563,3,2
134,564,3,2
134,565,3,2
134,566,3,2
134,567,3,2
134,568,3,2
134,569,3,2
134,570,3,2
134,571,3,2
134,572,3,2
134,573,3,2
134,574,3,2
134,575,3,2
134,576,3,2
134,577,3,2
134,578,3,2
134,579,3,2
134,580,3,2
134,581,3,2
134,582,3,2
134,583,3,2
134,584,3,2
134,585,3,2
134,586,3,2
134,587,3,2
134,588,3,2
134,589,3,2
134,590,3,2
134,591,3,2
134,592,3,2
134,593,3,2
134,594,3,2
134,595,3,2
134,596,3,2
134,597,3,2
134,598,3,2
134,599,3,2
134,600,3,2
134,601,3,2
134,602,3,2
134,603,3,2
134,604,3,2
134,605,3,2
134,606,3,2
134,607,3,2
134,608,3,2
134,609,3,2
134,610,3,2
134,611,3,2
134,612,3,2
134,613,3,2
134,614,3,2
134,615,3,2
134,616,3,2
134,617,3,2
134,618,3,2
134,619,3,2
134,620,3,2
134,621,3,2
134,622,3,2
134,623,3,2
134,624,3,2
134,625,3,2
134,626,3,2
134,627,3,2
134,628,3,2
134,629,3,2
134,630,3,2
134,631,3,2
134,632,3,2
134,633,3,2
134,634,3,2
134,635,3,2
134,636,3,2
134,637,3,2
134,638,3,2
134,639,3,2
134,640,3,2
134,641,3,2
134,642,3,2
134,643,3,2
134,644,3,2
134,645,3,2
134,646,3,2
134,647,3,2
134,648,3,2
134,649,3,2
134,650,3,2
134,651,3,2
134,652,3,2
134,653,3,2
134,654,3,2
134,655,3,2
134,656,3,2
134,657,3,2
134,658,3,2
134,659,3,2
134,660,3,2
134,661,3,2
134,662,3,2
134,663,3,2
134,664,3,2
134,665,3,2
134,666,3,2
134,667,3,2
134,668,3,2
134,669,3,2
134,670,3,2
134,671,3,2
134,672,3,2
134,673,3,2
134,674,3,2
134,675,3,2
134,676,3,2
134,677,3,2
134,678,3,2
134,679,3,2
134,680,3,2
134,681,3,2
134,682,3,2
134,683,3,2
134,684,3,2
134,685,3,2
134,686,3,2
134,687,3,2
134,688,3,2
134,689,3,2
134,690,3,2
134,691,3,2
134,692,3,2
134,693,3,2
134,694,3,2
134,695,3,2
134,696,3,2
134,697,3,2
134,698,3,2
134,699,3,2
134,700,3,2
134,701,3,2
134,702,3,2
134,703,3,2
134,704,3,2
134,705,3,2
134,706,3,2
134,707,3,2
134,708,3,2
134,709,3,2
134,710,3,2
134,711,3,2
134,712,3,2
134,713,3,3
134,714,3,3
134,715,3,3
134,716,3,3
134,717,3,3
134,718,3,3
134,719,3,3
134,720,3,3
134,721,3,3
134,722,3,3
134,723,3,3
134,724,3,2
134,725,3,2
134,726,3,2
134,727,3,2
134,728,3,2
134,729,3,2
134,730,3,2
134,731,3,2
134,732,3,2
134,733,3,2
134,734,3,2
134,735,3,2
134,736,3,2
135,210,3,2
135,211,3,2
135,212,3,2
135,213,3,2
135,214,3,2
135,215,3,2
135,216,3,3
135,217,3,3
135,218,3,3
135,219,3,3
135,220,3,3
135,221,3,2
135,222,3,2
135,223,3,2
135,224,3,2
135,225,3,2
135,226,3,2
135,227,3,2
135,228,3,2
135,229,3,2
135,230,3,2
135,231,3,2
135,232,3,2
135,233,3,2
135,234,3,2
135,235,3,2
135,236,3,2
135,237,3,2
135,238,3,2
135,239,3,2
135,240,3,2
135,241,3,2
135,242,3,2
135,243,3,2
135,244,3,2
135,245,3,2
135,246,3,2
135,247,3,2
135,248,3,2
135,249,3,2
135,250,3,2
135,251,3,2
135,252,3,2
135,253,3,2
135,254,3,2
135,255,3,2
135,256,3,2
135,257,3,2
135,258,3,2
135,259,3,2
135,260,3,2
135,261,3,2
135,262,3,2
135,263,3,2
135,264,3,2
135,265,3,2
135,266,3,2
135,267,3,2
135,268,3,2
135,269,3,2
135,270,3,2
135,271,3,2
135,272,3,2
135,273,3,2
135,274,3,2
135,275,3,2
135,276,3,2
135,277,3,2
135,278,3,2
135,279,3,2
135,280,3,2
135,281,3,2
135,282,3,2
135,283,3,2
135,284,3,2
135,285,3,2
135,286,3,2
135,287,3,2
135,288,3,2
135,289,3,2
135,290,3,2
135,291,3,2
135,292,3,2
135,293,3,2
135,294,3,2
135,295,3,2
135,296,3,2
135,297,3,2
135,298,3,2
135,299,3,2
135,300,3,2
135,301,3,2
135,302,3,2
135,303,3,2
135,304,3,2
135,305,3,2
135,306,3,2
135,307,3,2
135,308,3,2
135,309,3,2
135,310,3,2
135,311,3,2
135,312,3,2
135,313,3,2
135,314,3,2
135,315,3,2
135,316,3,2
135,317,3,2
135,318,3,2
135,319,3,2
135,320,3,2
135,321,3,2
135,322,3,2
135,323,3,2
135,324,3,2
135,325,3,2
135,326,3,2
135,327,3,2
135,328,3,2
135,329,3,2
135,330,3,2
135,331,3,2
135,332,3,2
135,333,3,2
135,334,3,2
135,335,3,2
135,336,3,2
135,337,3,2
135,338,3,2
135,339,3,2
135,340,3,2
135,341,3,2
135,342,3,2
135,343,3,2
135,344,3,2
135,345,3,2
135,346,3,2
135,347,3,2
135,348,3,2
135,349,3,2
135,350,3,2
135,351,3,2
135,352,3,2
135,353,3,2
135,354,3,2
135,355,3,2
135,356,3,2
135,357,3,2
135,358,3,2
135,359,3,2
135,360,3,2
135,361,3,2
135,362,3,2
135,363,3,2
135,364,3,2
135,365,3,2
135,366,3,2
135,367,3,2
135,368,3,2
135,369,3,2
135,370,3,2
135,371,3,2
135,372,3,2
135,373,3,2
135,374,3,2
135,375,3,2
135,376,3,2
135,377,3,2
135,378,3,2
135,379,3,2
135,380,3,2
135,381,3,2
135,382,3,2
135,383,3,2
135,384,3,2
135,385,3,2
135,386,3,2
135,387,3,2
135,388,3,2
135,389,3,2
135,390,3,2
135,391,3,2
135,392,3,2
135,393,3,2
135,394,3,2
135,395,3,2
135,396,3,2
135,397,3,2
135,398,3,2
135,399,3,2
135,400,3,2
135,401,3,2
135,402,3,2
135,403,3,2
135,404,3,2
135,405,3,2
135,406,3,2
135,407,3,2
135,408,3,2
135,409,3,2
135,410,3,2
135,411,3,2
135,412,3,2
135,413,3,2
135,414,3,2
135,415,3,2
135,416,3,2
135,417,3,2
135,418,3,2
135,419,3,2
135,420,3,2
135,421,3,2
135,422,3,2
135,423,3,2
135,424,3,2
135,425,3,2
135,426,3,2
135,427,3,2
135,428,3,2
135,429,3,2
135,430,3,2
135,431,3,2
135,432,3,2
135,433,3,2
135,434,3,2
135,435,3,2
135,436,3,2
135,437,3,2
135,438,3,2
135,439,3,2
135,440,3,2
135,441,3,2
135,442,3,2
135,443,3,2
135,444,3,2
135,445,3,2
135,446,3,2
135,447,3,2
135,448,3,2
135,449,3,2
135,450,3,2
135,451,3,2
135,452,3,2
135,453,3,2
135,454,3,2
135,455,3,2
135,456,3,2
135,457,3,2
135,458,3,2
135,459,3,2
135,460,3,2
135,461,3,2
135,462,3,2
135,463,3,2
135,464,3,2
135,465,3,2
135,466,3,2
135,467,3,2
135,468,3,2
135,469,3,2
135,470,3,2
135,471,3,2
135,472,3,2
135,473,3,2
135,474,3,2
135,475,3,2
135,476,3,2
135,477,3,2
135,478,3,2
135,479,3,2
135,480,3,2
135,481,3,2
135,482,3,2
135,483,3,2
135,484,3,2
135,485,3,2
135,486,3,2
135,487,3,2
135,488,3,2
135,489,3,2
135,490,3,2
135,491,3,2
135,492,3,2
135,493,3,2
135,494,3,2
135,495,3,2
135,496,3,2
135,497,3,2
135,498,3,2
135,499,3,2
135,500,3,2
135,501,3,2
135,502,3,2
135,503,3,2
135,504,3,2
135,505,3,2
135,506,3,2
135,507,3,2
135,508,3,2
135,509,3,2
135,510,3,2
135,511,3,2
135,512,3,2
135,513,3,2
135,514,3,2
135,515,3,2
135,516,3,2
135,517,3,2
135,518,3,2
135,519,3,2
135,520,3,2
135,521,3,2
135,522,3,2
135,523,3,2
135,524,3,2
135,525,3,2
135,526,3,2
135,527,3,2
135,528,3,2
135,529,3,2
135,530,3,2
135,531,3,2
135,532,3,2
135,533,3,2
135,534,3,2
135,535,3,2
135,536,3,2
135,537,3,2
135,538,3,2
135,539,3,2
135,540,3,2
135,541,3,2
135,542,3,2
135,543,3,2
135,544,3,2
135,545,3,2
135,546,3,2
135,547,3,2
135,548,3,2
135,549,3,2
135,550,3,2
135,551,3,2
135,552,3,2
135,553,3,2
135,554,3,2
135,555,3,2
135,556,3,2
135,557,3,2
135,558,3,2
135,559,3,2
135,560,3,2
135,561,3,2
135,562,3,2
135,563,3,2
135,564,3,2
135,565,3,2
135,566,3,2
135,567,3,2
135,568,3,2
135,569,3,2
135,570,3,2
135,571,3,2
135,572,3,2
135,573,3,2
135,574,3,2
135,575,3,2
135,576,3,2
135,577,3,2
135,578,3,2
135,579,3,2
135,580,3,2
135,581,3,2
135,582,3,2
135,583,3,2
135,584,3,2
135,585,3,2
135,586,3,2
135,587,3,2
135,588,3,2
135,589,3,2
135,590,3,2
135,591,3,2
135,592,3,2
135,593,3,2
135,594,3,2
135,595,3,2
135,596,3,2
135,597,3,2
135,598,3,2
135,599,3,2
135,600,3,2
135,601,3,2
135,602,3,2
135,603,3,2
135,604,3,2
135,605,3,2
135,606,3,2
135,607,3,2
135,608,3,2
135,609,3,2
135,610,3,2
135,611,3,2
135,612,3,2
135,613,3,2
135,614,3,2
135,615,3,2
135,616,3,2
135,617,3,2
135,618,3,2
135,619,3,2
135,620,3,2
135,621,3,2
135,622,3,2
135,623,3,2
135,624,3,2
135,625,3,2
135,626,3,2
135,627,3,2
135,628,3,2
135,629,3,2
135,630,3,2
135,631,3,2
135,632,3,2
135,633,3,2
135,634,3,2
135,635,3,2
135,636,3,2
135,637,3,2
135,638,3,2
135,639,3,2
135,640,3,2
135,641,3,2
135,642,3,2
135,643,3,2
135,644,3,2
135,645,3,2
135,646,3,2
135,647,3,2
135,648,3,2
135,649,3,2
135,650,3,2
135,651,3,2
135,652,3,2
135,653,3,2
135,654,3,2
135,655,3,2
135,656,3,2
135,657,3,2
135,658,3,2
135,659,3,2
135,660,3,2
135,661,3,2
135,662,3,2
135,663,3,2
135,664,3,2
135,665,3,2
135,666,3,2
135,667,3,2
135,668,3,2
135,669,3,2
135,670,3,2
135,671,3,2
135,672,3,2
135,673,3,2
135,674,3,2
135,675,3,2
135,676,3,2
135,677,3,2
135,678,3,2
135,679,3,2
135,680,3,2
135,681,3,2
135,682,3,2
135,683,3,2
135,684,3,2
135,685,3,2
135,686,3,2
135,687,3,2
135,688,3,2
135,689,3,2
135,690,3,2
135,691,3,2
135,692,3,2
135,693,3,2
135,694,3,2
135,695,3,2
135,696,3,2
135,697,3,2
135,698,3,2
135,699,3,2
135,700,3,2
135,701,3,2
135,702,3,2
135,703,3,2
135,704,3,2
135,705,3,2
135,706,3,2
135,707,3,2
135,708,3,2
135,709,3,2
135,710,3,2
135,711,3,2
135,712,3,2
135,713,3,2
135,714,3,2
135,715,3,3
135,716,3,3
135,717,3,3
135,718,3,3
135,719,3,3
135,720,3,3
135,721,3,3
135,722,3,3
135,723,3,2
135,724,3,2
135,725,3,2
135,726,3,2
135,727,3,2
135,728,3,2
135,729,3,2
135,730,3,2
135,731,3,2
135,732,3,2
135,733,3,2
135,734,3,2
135,735,3,2
135,736,3,2
136,211,3,2
136,212,3,2
136,213,3,2
136,214,3,2
136,215,3,3
136,216,3,3
136,217,3,3
136,218,3,3
136,219,3,3
136,220,3,3
136,221,3,3
136,222,3,2
136,223,3,2
136,224,3,2
136,225,3,2
136,226,3,2
136,227,3,2
136,228,3,2
136,229,3,2
136,230,3,2
136,231,3,2
136,232,3,2
136,233,3,2
136,234,3,2
136,235,3,2
136,236,3,2
136,237,3,2
136,238,3,2
136,239,3,2
136,240,3,2
136,241,3,2
136,242,3,2
136,243,3,2
136,244,3,2
136,245,3,2
136,246,3,2
136,247,3,2
136,248,3,2
136,249,3,2
136,250,3,2
136,251,3,2
136,252,3,2
136,253,3,2
136,254,3,2
136,255,3,2
136,256,3,2
136,257,3,2
136,258,3,2
136,259,3,2
136,260,3,2
136,261,3,2
136,262,3,2
136,263,3,2
136,264,3,2
136,265,3,2
136,266,3,2
136,267,3,2
136,268,3,2
136,269,3,2
136,270,3,2
136,271,3,2
136,272,3,2
136,273,3,2
136,274,3,2
136,275,3,2
136,276,3,2
136,277,3,2
136,278,3,2
136,279,3,2
136,280,3,2
136,281,3,2
136,282,3,2
136,283,3,2
136,284,3,2
136,285,3,2
136,286,3,2
136,287,3,2
136,288,3,2
136,289,3,2
136,290,3,2
136,291,3,2
136,292,3,2
136,293,3,2
136,294,3,2
136,295,3,2
136,296,3,2
136,297,3,2
136,298,3,2
136,299,3,2
136,300,3,2
136,301,3,2
136,302,3,2
136,303,3,2
136,304,3,2
136,305,3,2
136,306,3,2
136,307,3,2
136,308,3,2
136,309,3,2
136,310,3,2
136,311,3,2
136,312,3,2
136,313,3,2
136,314,3,2
136,315,3,2
136,316,3,2
136,317,3,2
136,318,3,2
136,319,3,2
136,320,3,2
136,321,3,2
136,322,3,2
136,323,3,2
136,324,3,2
136,325,3,2
136,326,3,2
136,327,3,2
136,328,3,2
136,329,3,2
136,330,3,2
136,331,3,2
136,332,3,2
136,333,3,2
136,334,3,2
136,335,3,2
136,336,3,2
136,337,3,2
136,338,3,2
136,339,3,2
136,340,3,2
136,341,3,2
136,342,3,2
136,343,3,2
136,344,3,2
136,345,3,2
136,346,3,2
136,347,3,2
136,348,3,2
136,349,3,2
136,350,3,2
136,351,3,2
136,352,3,2
136,353,3,2
136,354,3,2
136,355,3,2
136,356,3,2
136,357,3,2
136,358,3,2
136,359,3,2
136,360,3,2
136,361,3,2
136,362,3,2
136,363,3,2
136,364,3,2
136,365,3,2
136,366,3,2
136,367,3,2
136,368,3,2
136,369,3,2
136,370,3,2
136,371,3,2
136,372,3,2
136,373,3,2
136,374,3,2
136,375,3,2
136,376,3,2
136,377,3,2
136,378,3,2
136,379,3,2
136,380,3,2
136,381,3,2
136,382,3,2
136,383,3,2
136,384,3,2
136,385,3,2
136,386,3,2
136,387,3,2
136,388,3,2
136,389,3,2
136,390,3,2
136,391,3,2
136,392,3,2
136,393,3,2
136,394,3,2
136,395,3,2
136,396,3,2
136,397,3,2
136,398,3,2
136,399,3,2
136,400,3,2
136,401,3,2
136,402,3,2
136,403,3,2
136,404,3,2
136,405,3,2
136,406,3,2
136,407,3,2
136,408,3,2
136,409,3,2
136,410,3,2
136,411,3,2
136,412,3,2
136,413,3,2
136,414,3,2
136,415,3,2
136,416,3,2
136,417,3,2
136,418,3,2
136,419,3,2
136,420,3,2
136,421,3,2
136,422,3,2
136,423,3,2
136,424,3,2
136,425,3,2
136,426,3,2
136,427,3,2
136,428,3,2
136,429,3,2
136,430,3,2
136,431,3,2
136,432,3,2
136,433,3,2
136,434,3,2
136,435,3,2
136,436,3,2
136,437,3,2
136,438,3,2
136,439,3,2
136,440,3,2
136,441,3,2
136,442,3,2
136,443,3,2
136,444,3,2
136,445,3,2
136,446,3,2
136,447,3,2
136,448,3,2
136,449,3,2
136,450,3,2
136,451,3,2
136,452,3,2
136,453,3,2
136,454,3,2
136,455,3,2
136,456,3,2
136,457,3,2
136,458,3,2
136,459,3,2
136,460,3,2
136,461,3,2
136,462,3,2
136,463,3,2
136,464,3,2
136,465,3,2
136,466,3,2
136,467,3,2
136,468,3,2
136,469,3,2
136,470,3,2
136,471,3,2
136,472,3,2
136,473,3,2
136,474,3,2
136,475,3,2
136,476,3,2
136,477,3,2
136,478,3,2
136,479,3,2
136,480,3,2
136,481,3,2
136,482,3,2
136,483,3,2
136,484,3,2
136,485,3,2
136,486,3,2
136,487,3,2
136,488,3,2
136,489,3,2
136,490,3,2
136,491,3,2
136,492,3,2
136,493,3,2
136,494,3,2
136,495,3,2
136,496,3,2
136,497,3,2
136,498,3,2
136,499,3,2
136,500,3,2
136,501,3,2
136,502,3,2
136,503,3,2
136,504,3,2
136,505,3,2
136,506,3,2
136,507,3,2
136,508,3,2
136,509,3,2
136,510,3,2
136,511,3,2
136,512,3,2
136,513,3,2
136,514,3,2
136,515,3,2
136,516,3,2
136,517,3,2
136,518,3,2
136,519,3,2
136,520,3,2
136,521,3,2
136,522,3,2
136,523,3,2
136,524,3,2
136,525,3,2
136,526,3,2
136,527,3,2
136,528,3,2
136,529,3,2
136,530,3,2
136,531,3,2
136,532,3,2
136,533,3,2
136,534,3,2
136,535,3,2
136,536,3,2
136,537,3,2
136,538,3,2
136,539,3,2
136,540,3,2
136,541,3,2
136,542,3,2
136,543,3,2
136,544,3,2
136,545,3,2
136,546,3,2
136,547,3,2
136,548,3,2
136,549,3,2
136,550,3,2
136,551,3,2
136,552,3,2
136,553,3,2
136,554,3,2
136,555,3,2
136,556,3,2
136,557,3,2
136,558,3,2
136,559,3,2
136,560,3,2
136,561,3,2
136,562,3,2
136,563,3,2
136,564,3,2
136,565,3,2
136,566,3,2
136,567,3,2
136,568,3,2
136,569,3,2
136,570,3,2
136,571,3,2
136,572,3,2
136,573,3,2
136,574,3,2
136,575,3,2
136,576,3,2
136,577,3,2
136,578,3,2
136,579,3,2
136,580,3,2
136,581,3,2
136,582,3,2
136,583,3,2
136,584,3,2
136,585,3,2
136,586,3,2
136,587,3,2
136,588,3,2
136,589,3,2
136,590,3,2
136,591,3,2
136,592,3,2
136,593,3,2
136,594,3,2
136,595,3,2
136,596,3,2
136,597,3,2
136,598,3,2
136,599,3,2
136,600,3,2
136,601,3,2
136,602,3,2
136,603,3,2
136,604,3,2
136,605,3,2
136,606,3,2
136,607,3,2
136,608,3,2
136,609,3,2
136,610,3,2
136,611,3,2
136,612,3,2
136,613,3,2
136,614,3,2
136,615,3,2
136,616,3,2
136,617,3,2
136,618,3,2
136,619,3,2
136,620,3,2
136,621,3,2
136,622,3,2
136,623,3,2
136,624,3,2
136,625,3,2
136,626,3,2
136,627,3,2
136,628,3,2
136,629,3,2
136,630,3,2
136,631,3,2
136,632,3,2
136,633,3,2
136,634,3,2
136,635,3,2
136,636,3,2
136,637,3,2
136,638,3,2
136,639,3,2
136,640,3,2
136,641,3,2
136,642,3,2
136,643,3,2
136,644,3,2
136,645,3,2
136,646,3,2
136,647,3,2
136,648,3,2
136,649,3,2
136,650,3,2
136,651,3,2
136,652,3,2
136,653,3,2
136,654,3,2
136,655,3,2
136,656,3,2
136,657,3,2
136,658,3,2
136,659,3,2
136,660,3,2
136,661,3,2
136,662,3,2
136,663,3,2
136,664,3,2
136,665,3,2
136,666,3,2
136,667,3,2
136,668,3,2
136,669,3,2
136,670,3,2
136,671,3,2
136,672,3,2
136,673,3,2
136,674,3,2
136,675,3,2
136,676,3,2
136,677,3,2
136,678,3,2
136,679,3,2
136,680,3,2
136,681,3,2
136,682,3,2
136,683,3,2
136,684,3,2
136,685,3,2
136,686,3,2
136,687,3,2
136,688,3,2
136,689,3,2
136,690,3,2
136,691,3,2
136,692,3,2
136,693,3,2
136,694,3,2
136,695,3,2
136,696,3,2
136,697,3,2
136,698,3,2
136,699,3,2
136,700,3,2
136,701,3,2
136,702,3,2
136,703,3,2
136,704,3,2
136,705,3,2
136,706,3,2
136,707,3,2
136,708,3,2
136,709,3,2
136,710,3,2
136,711,3,2
136,712,3,2
136,713,3,2
136,714,3,2
136,715,3,2
136,716,3,2
136,717,3,3
136,718,3,3
136,719,3,3
136,720,3,3
136,721,3,3
136,722,3,3
136,723,3,2
136,724,3,2
136,725,3,2
136,726,3,2
136,727,3,2
136,728,3,2
136,729,3,2
136,730,3,2
136,731,3,2
136,732,3,2
136,733,3,2
136,734,3,2
136,735,3,2
136,736,3,2
137,211,3,2
137,212,3,2
137,213,3,2
137,214,3,3
137,215,3,3
137,216,3,3
137,217,3,3
137,218,3,3
137,219,3,3
137,220,3,3
137,221,3,3
137,222,3,2
137,223,3,2
137,224,3,2
137,225,3,2
137,226,3,2
137,227,3,2
137,228,3,2
137,229,3,2
137,230,3,2
137,231,3,2
137,232,3,2
137,233,3,2
137,234,3,2
137,235,3,2
137,236,3,2
137,237,3,2
137,238,3,2
137,239,3,2
137,240,3,2
137,241,3,2
137,242,3,2
137,243,3,2
137,244,3,2
137,245,3,2
137,246,3,2
137,247,3,2
137,248,3,2
137,249,3,2
137,250,3,2
137,251,3,2
137,252,3,2
137,253,3,2
137,254,3,2
137,255,3,2
137,256,3,2
137,257,3,2
137,258,3,2
137,259,3,2
137,260,3,2
137,261,3,2
137,262,3,2
137,263,3,2
137,264,3,2
137,265,3,2
137,266,3,2
137,267,3,2
137,268,3,2
137,269,3,2
137,270,3,2
137,271,3,2
137,272,3,2
137,273,3,2
137,274,3,2
137,275,3,2
137,276,3,2
137,277,3,2
137,278,3,2
137,279,3,2
137,280,3,2
137,281,3,2
137,282,3,2
137,283,3,2
137,284,3,2
137,285,3,2
137,286,3,2
137,287,3,2
137,288,3,2
137,289,3,2
137,290,3,2
137,291,3,2
137,292,3,2
137,293,3,2
137,294,3,2
137,295,3,2
137,296,3,2
137,297,3,2
137,298,3,2
137,299,3,2
137,300,3,2
137,301,3,2
137,302,3,2
137,303,3,2
137,304,3,2
137,305,3,2
137,306,3,2
137,307,3,2
137,308,3,2
137,309,3,2
137,310,3,2
137,311,3,2
137,312,3,2
137,313,3,2
137,314,3,2
137,315,3,2
137,316,3,2
137,317,3,2
137,318,3,2
137,319,3,2
137,320,3,2
137,321,3,2
137,322,3,2
137,323,3,2
137,324,3,2
137,325,3,2
137,326,3,2
137,327,3,2
137,328,3,2
137,329,3,2
137,330,3,2
137,331,3,2
137,332,3,2
137,333,3,2
137,334,3,2
137,335,3,2
137,336,3,2
137,337,3,2
137,338,3,2
137,339,3,2
137,340,3,2
137,341,3,2
137,342,3,2
137,343,3,2
137,344,3,2
137,345,3,2
137,346,3,2
137,347,3,2
137,348,3,2
137,349,3,2
137,350,3,2
137,351,3,2
137,352,3,2
137,353,3,2
137,354,3,2
137,355,3,2
137,356,3,2
137,357,3,2
137,358,3,2
137,359,3,2
137,360,3,2
137,361,3,2
137,362,3,2
137,363,3,2
137,364,3,2
137,365,3,2
137,366,3,2
137,367,3,2
137,368,3,2
137,369,3,2
137,370,3,2
137,371,3,2
137,372,3,2
137,373,3,2
137,374,3,2
137,375,3,2
137,376,3,2
137,377,3,2
137,378,3,2
137,379,3,2
137,380,3,2
137,381,3,2
137,382,3,2
137,383,3,2
137,384,3,2
137,385,3,2
137,386,3,2
137,387,3,2
137,388,3,2
137,389,3,2
137,390,3,2
137,391,3,2
137,392,3,2
137,393,3,2
137,394,3,2
137,395,3,2
137,396,3,2
137,397,3,2
137,398,3,2
137,399,3,2
137,400,3,2
137,401,3,2
137,402,3,2
137,403,3,2
137,404,3,2
137,405,3,2
137,406,3,2
137,407,3,2
137,408,3,2
137,409,3,2
137,410,3,2
137,411,3,2
137,412,3,2
137,413,3,2
137,414,3,2
137,415,3,2
137,416,3,2
137,417,3,2
137,418,3,2
137,419,3,2
137,420,3,2
137,421,3,2
137,422,3,2
137,423,3,2
137,424,3,2
137,425,3,2
137,426,3,2
137,427,3,2
137,428,3,2
137,429,3,2
137,430,3,2
137,431,3,2
137,432,3,2
137,433,3,2
137,434,3,2
137,435,3,2
137,436,3,2
137,437,3,2
137,438,3,2
137,439,3,2
137,440,3,2
137,441,3,2
137,442,3,2
137,443,3,2
137,444,3,2
137,445,3,2
137,446,3,2
137,447,3,2
137,448,3,2
137,449,3,2
137,450,3,2
137,451,3,2
137,452,3,2
137,453,3,2
137,454,3,2
137,455,3,2
137,456,3,2
137,457,3,2
137,458,3,2
137,459,3,2
137,460,3,2
137,461,3,2
137,462,3,2
137,463,3,2
137,464,3,2
137,465,3,2
137,466,3,2
137,467,3,2
137,468,3,2
137,469,3,2
137,470,3,2
137,471,3,2
137,472,3,2
137,473,3,2
137,474,3,2
137,475,3,2
137,476,3,2
137,477,3,2
137,478,3,2
137,479,3,2
137,480,3,2
137,481,3,2
137,482,3,2
137,483,3,2
137,484,3,2
137,485,3,2
137,486,3,2
137,487,3,2
137,488,3,2
137,489,3,2
137,490,3,2
137,491,3,2
137,492,3,2
137,493,3,2
137,494,3,2
137,495,3,2
137,496,3,2
137,497,3,2
137,498,3,2
137,499,3,2
137,500,3,2
137,501,3,2
137,502,3,2
137,503,3,2
137,504,3,2
137,505,3,2
137,506,3,2
137,507,3,2
137,508,3,2
137,509,3,2
137,510,3,2
137,511,3,2
137,512,3,2
137,513,3,2
137,514,3,2
137,515,3,2
137,516,3,2
137,517,3,2
137,518,3,2
137,519,3,2
137,520,3,2
137,521,3,2
137,522,3,2
137,523,3,2
137,524,3,2
137,525,3,2
137,526,3,2
137,527,3,2
137,528,3,2
137,529,3,2
137,530,3,2
137,531,3,2
137,532,3,2
137,533,3,2
137,534,3,2
137,535,3,2
137,536,3,2
137,537,3,2
137,538,3,2
137,539,3,2
137,540,3,2
137,541,3,2
137,542,3,2
137,543,3,2
137,544,3,2
137,545,3,2
137,546,3,2
137,547,3,2
137,548,3,2
137,549,3,2
137,550,3,2
137,551,3,2
137,552,3,2
137,553,3,2
137,554,3,2
137,555,3,2
137,556,3,2
137,557,3,2
137,558,3,2
137,559,3,2
137,560,3,2
137,561,3,2
137,562,3,2
137,563,3,2
137,564,3,2
137,565,3,2
137,566,3,2
137,567,3,2
137,568,3,2
137,569,3,2
137,570,3,2
137,571,3,2
137,572,3,2
137,573,3,2
137,574,3,2
137,575,3,2
137,576,3,2
137,577,3,2
137,578,3,2
137,579,3,2
137,580,3,2
137,581,3,2
137,582,3,2
137,583,3,2
137,584,3,2
137,585,3,2
137,586,3,2
137,587,3,2
137,588,3,2
137,589,3,2
137,590,3,2
137,591,3,2
137,592,3,2
137,593,3,2
137,594,3,2
137,595,3,2
137,596,3,2
137,597,3,2
137,598,3,2
137,599,3,2
137,600,3,2
137,601,3,2
137,602,3,2
137,603,3,2
137,604,3,2
137,605,3,2
137,606,3,2
137,607,3,2
137,608,3,2
137,609,3,2
137,610,3,2
137,611,3,2
137,612,3,2
137,613,3,2
137,614,3,2
137,615,3,2
137,616,3,2
137,617,3,2
137,618,3,2
137,619,3,2
137,620,3,2
137,621,3,2
137,622,3,2
137,623,3,2
137,624,3,2
137,625,3,2
137,626,3,2
137,627,3,2
137,628,3,2
137,629,3,2
137,630,3,2
137,631,3,2
137,632,3,2
137,633,3,2
137,634,3,2
137,635,3,2
137,636,3,2
137,637,3,2
137,638,3,2
137,639,3,2
137,640,3,2
137,641,3,2
137,642,3,2
137,643,3,2
137,644,3,2
137,645,3,2
137,646,3,2
137,647,3,2
137,648,3,2
137,649,3,2
137,650,3,2
137,651,3,2
137,652,3,2
137,653,3,2
137,654,3,2
137,655,3,2
137,656,3,2
137,657,3,2
137,658,3,2
137,659,3,2
137,660,3,2
137,661,3,2
137,662,3,2
137,663,3,2
137,664,3,2
137,665,3,2
137,666,3,2
137,667,3,2
137,668,3,2
137,669,3,2
137,670,3,2
137,671,3,2
137,672,3,2
137,673,3,2
137,674,3,2
137,675,3,2
137,676,3,2
137,677,3,2
137,678,3,2
137,679,3,2
137,680,3,2
137,681,3,2
137,682,3,2
137,683,3,2
137,684,3,2
137,685,3,2
137,686,3,2
137,687,3,2
137,688,3,2
137,689,3,2
137,690,3,2
137,691,3,2
137,692,3,2
137,693,3,2
137,694,3,2
137,695,3,2
137,696,3,2
137,697,3,2
137,698,3,2
137,699,3,2
137,700,3,2
137,701,3,2
137,702,3,2
137,703,3,2
137,704,3,2
137,705,3,2
137,706,3,2
137,707,3,2
137,708,3,2
137,709,3,2
137,710,3,2
137,711,3,2
137,712,3,2
137,713,3,2
137,714,3,2
137,715,3,2
137,716,3,2
137,717,3,2
137,718,3,2
137,719,3,2
137,720,3,2
137,721,3,2
137,722,3,2
137,723,3,2
137,724,3,2
137,725,3,2
137,726,3,2
137,727,3,2
137,728,3,2
137,729,3,2
137,730,3,2
137,731,3,2
137,732,3,2
137,733,3,2
137,734,3,2
137,735,3,2
137,736,3,2
137,737,3,2
138,210,3,2
138,211,3,2
138,212,3,2
138,213,3,3
138,214,3,3
138,215,3,3
138,216,3,3
138,217,3,3
138,218,3,3
138,219,3,3
138,220,3,3
138,221,3,3
138,222,3,2
138,223,3,2
138,224,3,2
138,225,3,2
138,226,3,2
138,227,3,2
138,228,3,2
138,229,3,2
138,230,3,2
138,231,3,2
138,232,3,2
138,233,3,2
138,234,3,2
138,235,3,2
138,236,3,2
138,237,3,2
138,238,3,2
138,239,3,2
138,240,3,2
138,241,3,2
138,242,3,2
138,243,3,2
138,244,3,2
138,245,3,2
138,246,3,2
138,247,3,2
138,248,3,2
138,249,3,2
138,250,3,2
138,251,3,2
138,252,3,2
138,253,3,2
138,254,3,2
138,255,3,2
138,256,3,2
138,257,3,2
138,258,3,2
138,259,3,2
138,260,3,2
138,261,3,2
138,262,3,2
138,263,3,2
138,264,3,2
138,265,3,2
138,266,3,2
138,267,3,2
138,268,3,2
138,269,3,2
138,270,3,2
138,271,3,2
138,272,3,2
138,273,3,2
138,274,3,2
138,275,3,2
138,276,3,2
138,277,3,2
138,278,3,2
138,279,3,2
138,280,3,2
138,281,3,2
138,282,3,2
138,283,3,2
138,284,3,2
138,285,3,2
138,286,3,2
138,287,3,2
138,288,3,2
138,289,3,2
138,290,3,2
138,291,3,2
138,292,3,2
138,293,3,2
138,294,3,2
138,295,3,2
138,296,3,2
138,297,3,2
138,298,3,2
138,299,3,2
138,300,3,2
138,301,3,2
138,302,3,2
138,303,3,2
138,304,3,2
138,305,3,2
138,306,3,2
138,307,3,2
138,308,3,2
138,309,3,2
138,310,3,2
138,311,3,2
138,312,3,2
138,313,3,2
138,314,3,2
138,315,3,2
138,316,3,2
138,317,3,2
138,318,3,2
138,319,3,2
138,320,3,2
138,321,3,2
138,322,3,2
138,323,3,2
138,324,3,2
138,325,3,2
138,326,3,2
138,327,3,2
138,328,3,2
138,329,3,2
138,330,3,2
138,331,3,2
138,332,3,2
138,333,3,2
138,334,3,2
138,335,3,2
138,336,3,2
138,337,3,2
138,338,3,2
138,339,3,2
138,340,3,2
138,341,3,2
138,342,3,2
138,343,3,2
138,344,3,2
138,345,3,2
138,346,3,2
138,347,3,2
138,348,3,2
138,349,3,2
138,350,3,2
138,351,3,2
138,352,3,2
138,353,3,2
138,354,3,2
138,355,3,2
138,356,3,2
138,357,3,2
138,358,3,2
138,359,3,2
138,360,3,2
138,361,3,2
138,362,3,2
138,363,3,2
138,364,3,2
138,365,3,2
138,366,3,2
138,367,3,2
138,368,3,2
138,369,3,2
138,370,3,2
138,371,3,2
138,372,3,2
138,373,3,2
138,374,3,2
138,375,3,2
138,376,3,2
138,377,3,2
138,378,3,2
138,379,3,2
138,380,3,2
138,381,3,2
138,382,3,2
138,383,3,2
138,384,3,2
138,385,3,2
138,386,3,2
138,387,3,2
138,388,3,2
138,389,3,2
138,390,3,2
138,391,3,2
138,392,3,2
138,393,3,2
138,394,3,2
138,395,3,2
138,396,3,2
138,397,3,2
138,398,3,2
138,399,3,2
138,400,3,2
138,401,3,2
138,402,3,2
138,403,3,2
138,404,3,2
138,405,3,2
138,406,3,2
138,407,3,2
138,408,3,2
138,409,3,2
138,410,3,2
138,411,3,2
138,412,3,2
138,413,3,2
138,414,3,2
138,415,3,2
138,416,3,2
138,417,3,2
138,418,3,2
138,419,3,2
138,420,3,2
138,421,3,2
138,422,3,2
138,423,3,2
138,424,3,2
138,425,3,2
138,426,3,2
138,427,3,2
138,428,3,2
138,429,3,2
138,430,3,2
138,431,3,2
138,432,3,2
138,433,3,2
138,434,3,2
138,435,3,2
138,436,3,2
138,437,3,2
138,438,3,2
138,439,3,2
138,440,3,2
138,441,3,2
138,442,3,2
138,443,3,2
138,444,3,2
138,445,3,2
138,446,3,2
138,447,3,2
138,448,3,2
138,449,3,2
138,450,3,2
138,451,3,2
138,452,3,2
138,453,3,2
138,454,3,2
138,455,3,2
138,456,3,2
138,457,3,2
138,458,3,2
138,459,3,2
138,460,3,2
138,461,3,2
138,462,3,2
138,463,3,2
138,464,3,2
138,465,3,2
138,466,3,2
138,467,3,2
138,468,3,2
138,469,3,2
138,470,3,2
138,471,3,2
138,472,3,2
138,473,3,2
138,474,3,2
138,475,3,2
138,476,3,2
138,477,3,2
138,478,3,2
138,479,3,2
138,480,3,2
138,481,3,2
138,482,3,2
138,483,3,2
138,484,3,2
138,485,3,2
138,486,3,2
138,487,3,2
138,488,3,2
138,489,3,2
138,490,3,2
138,491,3,2
138,492,3,2
138,493,3,2
138,494,3,2
138,495,3,2
138,496,3,2
138,497,3,2
138,498,3,2
138,499,3,2
138,500,3,2
138,501,3,2
138,502,3,2
138,503,3,2
138,504,3,2
138,505,3,2
138,506,3,2
138,507,3,2
138,508,3,2
138,509,3,2
138,510,3,2
138,511,3,2
138,512,3,2
138,513,3,2
138,514,3,2
138,515,3,2
138,516,3,2
138,517,3,2
138,518,3,2
138,519,3,2
138,520,3,2
138,521,3,2
138,522,3,2
138,523,3,2
138,524,3,2
138,525,3,2
138,526,3,2
138,527,3,2
138,528,3,2
138,529,3,2
138,530,3,2
138,531,3,2
138,532,3,2
138,533,3,2
138,534,3,2
138,535,3,2
138,536,3,2
138,537,3,2
138,538,3,2
138,539,3,2
138,540,3,2
138,541,3,2
138,542,3,2
138,543,3,2
138,544,3,2
138,545,3,2
138,546,3,2
138,547,3,2
138,548,3,2
138,549,3,2
138,550,3,2
138,551,3,2
138,552,3,2
138,553,3,2
138,554,3,2
138,555,3,2
138,556,3,2
138,557,3,2
138,558,3,2
138,559,3,2
138,560,3,2
138,561,3,2
138,562,3,2
138,563,3,2
138,564,3,2
138,565,3,2
138,566,3,2
138,567,3,2
138,568,3,2
138,569,3,2
138,570,3,2
138,571,3,2
138,572,3,2
138,573,3,2
138,574,3,2
138,575,3,2
138,576,3,2
138,577,3,2
138,578,3,2
138,579,3,2
138,580,3,2
138,581,3,2
138,582,3,2
138,583,3,2
138,584,3,2
138,585,3,2
138,586,3,2
138,587,3,2
138,588,3,2
138,589,3,2
138,590,3,2
138,591,3,2
138,592,3,2
138,593,3,2
138,594,3,2
138,595,3,2
138,596,3,2
138,597,3,2
138,598,3,2
138,599,3,2
138,600,3,2
138,601,3,2
138,602,3,2
138,603,3,2
138,604,3,2
138,605,3,2
138,606,3,2
138,607,3,2
138,608,3,2
138,609,3,2
138,610,3,2
138,611,3,2
138,612,3,2
138,613,3,2
138,614,3,2
138,615,3,2
138,616,3,2
138,617,3,2
138,618,3,2
138,619,3,2
138,620,3,2
138,621,3,2
138,622,3,2
138,623,3,2
138,624,3,2
138,625,3,2
138,626,3,2
138,627,3,2
138,628,3,2
138,629,3,2
138,630,3,2
138,631,3,2
138,632,3,2
138,633,3,2
138,634,3,2
138,635,3,2
138,636,3,2
138,637,3,2
138,638,3,2
138,639,3,2
138,640,3,2
138,641,3,2
138,642,3,2
138,643,3,2
138,644,3,2
138,645,3,2
138,646,3,2
138,647,3,2
138,648,3,2
138,649,3,2
138,650,3,2
138,651,3,2
138,652,3,2
138,653,3,2
138,654,3,2
138,655,3,2
138,656,3,2
138,657,3,2
138,658,3,2
138,659,3,2
138,660,3,2
138,661,3,2
138,662,3,2
138,663,3,2
138,664,3,2
138,665,3,2
138,666,3,2
138,667,3,2
138,668,3,2
138,669,3,2
138,670,3,2
138,671,3,2
138,672,3,2
138,673,3,2
138,674,3,2
138,675,3,2
138,676,3,2
138,677,3,2
138,678,3,2
138,679,3,2
138,680,3,2
138,681,3,2
138,682,3,2
138,683,3,2
138,684,3,2
138,685,3,2
138,686,3,2
138,687,3,2
138,688,3,2
138,689,3,2
138,690,3,2
138,691,3,2
138,692,3,2
138,693,3,2
138,694,3,2
138,695,3,2
138,696,3,2
138,697,3,2
138,698,3,2
138,699,3,2
138,700,3,2
138,701,3,2
138,702,3,2
138,703,3,2
138,704,3,2
138,705,3,2
138,706,3,2
138,707,3,2
138,708,3,2
138,709,3,2
138,710,3,2
138,711,3,2
138,712,3,2
138,713,3,2
138,714,3,2
138,715,3,2
138,716,3,2
138,717,3,2
138,718,3,2
138,719,3,2
138,720,3,2
138,721,3,2
138,722,3,2
138,723,3,2
138,724,3,2
138,725,3,2
138,726,3,2
138,727,3,2
138,728,3,2
138,729,3,2
138,730,3,2
138,731,3,2
138,732,3,2
138,733,3,2
138,734,3,2
138,735,3,2
138,736,3,2
138,737,3,2
138,738,3,2
138,739,3,2
139,210,3,2
139,211,3,2
139,212,3,3
139,213,3,3
139,214,3,3
139,215,3,3
139,216,3,3
139,217,3,3
139,218,3,3
139,219,3,3
139,220,3,3
139,221,3,2
139,222,3,2
139,223,3,2
139,224,3,2
139,225,3,2
139,226,3,2
139,227,3,2
139,228,3,2
139,229,3,2
139,230,3,2
139,231,3,2
139,232,3,2
139,233,3,2
139,234,3,2
139,235,3,2
139,236,3,2
139,237,3,2
139,238,3,2
139,239,3,2
139,240,3,2
139,241,3,2
139,242,3,2
139,243,3,2
139,244,3,2
139,245,3,2
139,246,3,2
139,247,3,2
139,248,3,2
139,249,3,2
139,250,3,2
139,251,3,2
139,252,3,2
139,253,3,2
139,254,3,2
139,255,3,2
139,256,3,2
139,257,3,2
139,258,3,2
139,259,3,2
139,260,3,2
139,261,3,2
139,262,3,2
139,263,3,2
139,264,3,2
139,265,3,2
139,266,3,2
139,267,3,2
139,268,3,2
139,269,3,2
139,270,3,2
139,271,3,2
139,272,3,2
139,273,3,2
139,274,3,2
139,275,3,2
139,276,3,2
139,277,3,2
139,278,3,2
139,279,3,2
139,280,3,2
139,281,3,2
139,282,3,2
139,283,3,2
139,284,3,2
139,285,3,2
139,286,3,2
139,287,3,2
139,288,3,2
139,289,3,2
139,290,3,2
139,291,3,2
139,292,3,2
139,293,3,2
139,294,3,2
139,295,3,2
139,296,3,2
139,297,3,2
139,298,3,2
139,299,3,2
139,300,3,2
139,301,3,2
139,302,3,2
139,303,3,2
139,304,3,2
139,305,3,2
139,306,3,2
139,307,3,2
139,308,3,2
139,309,3,2
139,310,3,2
139,311,3,2
139,312,3,2
139,313,3,2
139,314,3,2
139,315,3,2
139,316,3,2
139,317,3,2
139,318,3,2
139,319,3,2
139,320,3,2
139,321,3,2
139,322,3,2
139,323,3,2
139,324,3,2
139,325,3,2
139,326,3,2
139,327,3,2
139,328,3,2
139,329,3,2
139,330,3,2
139,331,3,2
139,332,3,2
139,333,3,2
139,334,3,2
139,335,3,2
139,336,3,2
139,337,3,2
139,338,3,2
139,339,3,2
139,340,3,2
139,341,3,2
139,342,3,2
139,343,3,2
139,344,3,2
139,345,3,2
139,346,3,2
139,347,3,2
139,348,3,2
139,349,3,2
139,350,3,2
139,351,3,2
139,352,3,2
139,353,3,2
139,354,3,2
139,355,3,2
139,356,3,2
139,357,3,2
139,358,3,2
139,359,3,2
139,360,3,2
139,361,3,2
139,362,3,2
139,363,3,2
139,364,3,2
139,365,3,2
139,366,3,2
139,367,3,2
139,368,3,2
139,369,3,2
139,370,3,2
139,371,3,2
139,372,3,2
139,373,3,2
139,374,3,2
139,375,3,2
139,376,3,2
139,377,3,2
139,378,3,2
139,379,3,2
139,380,3,2
139,381,3,2
139,382,3,2
139,383,3,2
139,384,3,2
139,385,3,2
139,386,3,2
139,387,3,2
139,388,3,2
139,389,3,2
139,390,3,2
139,391,3,2
139,392,3,2
139,393,3,2
139,394,3,2
139,395,3,2
139,396,3,2
139,397,3,2
139,398,3,2
139,399,3,2
139,400,3,2
139,401,3,2
139,402,3,2
139,403,3,2
139,404,3,2
139,405,3,2
139,406,3,2
139,407,3,2
139,408,3,2
139,409,3,2
139,410,3,2
139,411,3,2
139,412,3,2
139,413,3,2
139,414,3,2
139,415,3,2
139,416,3,2
139,417,3,2
139,418,3,2
139,419,3,2
139,420,3,2
139,421,3,2
139,422,3,2
139,423,3,2
139,424,3,2
139,425,3,2
139,426,3,2
139,427,3,2
139,428,3,2
139,429,3,2
139,430,3,2
139,431,3,2
139,432,3,2
139,433,3,2
139,434,3,2
139,435,3,2
139,436,3,2
139,437,3,2
139,438,3,2
139,439,3,2
139,440,3,2
139,441,3,2
139,442,3,2
139,443,3,2
139,444,3,2
139,445,3,2
139,446,3,2
139,447,3,2
139,448,3,2
139,449,3,2
139,450,3,2
139,451,3,2
139,452,3,2
139,453,3,2
139,454,3,2
139,455,3,2
139,456,3,2
139,457,3,2
139,458,3,2
139,459,3,2
139,460,3,2
139,461,3,2
139,462,3,2
139,463,3,2
139,464,3,2
139,465,3,2
139,466,3,2
139,467,3,2
139,468,3,2
139,469,3,2
139,470,3,2
139,471,3,2
139,472,3,2
139,473,3,2
139,474,3,2
139,475,3,2
139,476,3,2
139,477,3,2
139,478,3,2
139,479,3,2
139,480,3,2
139,481,3,2
139,482,3,2
139,483,3,2
139,484,3,2
139,485,3,2
139,486,3,2
139,487,3,2
139,488,3,2
139,489,3,2
139,490,3,2
139,491,3,2
139,492,3,2
139,493,3,2
139,494,3,2
139,495,3,2
139,496,3,2
139,497,3,2
139,498,3,2
139,499,3,2
139,500,3,2
139,501,3,2
139,502,3,2
139,503,3,2
139,504,3,2
139,505,3,2
139,506,3,2
139,507,3,2
139,508,3,2
139,509,3,2
139,510,3,2
139,511,3,2
139,512,3,2
139,513,3,2
139,514,3,2
139,515,3,2
139,516,3,2
139,517,3,2
139,518,3,2
139,519,3,2
139,520,3,2
139,521,3,2
139,522,3,2
139,523,3,2
139,524,3,2
139,525,3,2
139,526,3,2
139,527,3,2
139,528,3,2
139,529,3,2
139,530,3,2
139,531,3,2
139,532,3,2
139,533,3,2
139,534,3,2
139,535,3,2
139,536,3,2
139,537,3,2
139,538,3,2
139,539,3,2
139,540,3,2
139,541,3,2
139,542,3,2
139,543,3,2
139,544,3,2
139,545,3,2
139,546,3,2
139,547,3,2
139,548,3,2
139,549,3,2
139,550,3,2
139,551,3,2
139,552,3,2
139,553,3,2
139,554,3,2
139,555,3,2
139,556,3,2
139,557,3,2
139,558,3,2
139,559,3,2
139,560,3,2
139,561,3,2
139,562,3,2
139,563,3,2
139,564,3,2
139,565,3,2
139,566,3,2
139,567,3,2
139,568,3,2
139,569,3,2
139,570,3,2
139,571,3,2
139,572,3,2
139,573,3,2
139,574,3,2
139,575,3,2
139,576,3,2
139,577,3,2
139,578,3,2
139,579,3,2
139,580,3,2
139,581,3,2
139,582,3,2
139,583,3,2
139,584,3,2
139,585,3,2
139,586,3,2
139,587,3,2
139,588,3,2
139,589,3,2
139,590,3,2
139,591,3,2
139,592,3,2
139,593,3,2
139,594,3,2
139,595,3,2
139,596,3,2
139,597,3,2
139,598,3,2
139,599,3,2
139,600,3,2
139,601,3,2
139,602,3,2
139,603,3,2
139,604,3,2
139,605,3,2
139,606,3,2
139,607,3,2
139,608,3,2
139,609,3,2
139,610,3,2
139,611,3,2
139,612,3,2
139,613,3,2
139,614,3,2
139,615,3,2
139,616,3,2
139,617,3,2
139,618,3,2
139,619,3,2
139,620,3,2
139,621,3,2
139,622,3,2
139,623,3,2
139,624,3,2
139,625,3,2
139,626,3,2
139,627,3,2
139,628,3,2
139,629,3,2
139,630,3,2
139,631,3,2
139,632,3,2
139,633,3,2
139,634,3,2
139,635,3,2
139,636,3,2
139,637,3,2
139,638,3,2
139,639,3,2
139,640,3,2
139,641,3,2
139,642,3,2
139,643,3,2
139,644,3,2
139,645,3,2
139,646,3,2
139,647,3,2
139,648,3,2
139,649,3,2
139,650,3,2
139,651,3,2
139,652,3,2
139,653,3,2
139,654,3,2
139,655,3,2
139,656,3,2
139,657,3,2
139,658,3,2
139,659,3,2
139,660,3,2
139,661,3,2
139,662,3,2
139,663,3,2
139,664,3,2
139,665,3,2
139,666,3,2
139,667,3,2
139,668,3,2
139,669,3,2
139,670,3,2
139,671,3,2
139,672,3,2
139,673,3,2
139,674,3,2
139,675,3,2
139,676,3,2
139,677,3,2
139,678,3,2
139,679,3,2
139,680,3,2
139,681,3,2
139,682,3,2
139,683,3,2
139,684,3,2
139,685,3,2
139,686,3,2
139,687,3,2
139,688,3,2
139,689,3,2
139,690,3,2
139,691,3,2
139,692,3,2
139,693,3,2
139,694,3,2
139,695,3,2
139,696,3,2
139,697,3,2
139,698,3,2
139,699,3,2
139,700,3,2
139,701,3,2
139,702,3,2
139,703,3,2
139,704,3,2
139,705,3,2
139,706,3,2
139,707,3,2
139,708,3,2
139,709,3,2
139,710,3,2
139,711,3,2
139,712,3,2
139,713,3,2
139,714,3,2
139,715,3,2
139,716,3,2
139,717,3,2
139,718,3,2
139,719,3,2
139,720,3,2
139,721,3,2
139,722,3,2
139,723,3,2
139,724,3,2
139,725,3,2
139,726,3,2
139,727,3,2
139,728,3,2
139,729,3,2
139,730,3,2
139,731,3,2
139,732,3,2
139,733,3,2
139,734,3,2
139,735,3,2
139,736,3,2
139,737,3,2
139,738,3,2
139,739,3,2
139,740,3,2
139,741,3,2
139,746,3,2
139,747,3,2
140,209,3,2
140,210,3,3
140,211,3,3
140,212,3,3
140,213,3,3
140,214,3,3
140,215,3,3
140,216,3,3
140,217,3,3
140,218,3,3
140,219,3,3
140,220,3,3
140,221,3,2
140,222,3,2
140,223,3,2
140,224,3,2
140,225,3,2
140,226,3,2
140,227,3,2
140,228,3,2
140,229,3,2
140,230,3,2
140,231,3,2
140,232,3,2
140,233,3,2
140,234,3,2
140,235,3,2
140,236,3,2
140,237,3,2
140,238,3,2
140,239,3,2
140,240,3,2
140,241,3,2
140,242,3,2
140,243,3,2
140,244,3,2
140,245,3,2
140,246,3,2
140,247,3,2
140,248,3,2
140,249,3,2
140,250,3,2
140,251,3,2
140,252,3,2
140,253,3,2
140,254,3,2
140,255,3,2
140,256,3,2
140,257,3,2
140,258,3,2
140,259,3,2
140,260,3,2
140,261,3,2
140,262,3,2
140,263,3,2
140,264,3,2
140,265,3,2
140,266,3,2
140,267,3,2
140,268,3,2
140,269,3,2
140,270,3,2
140,271,3,2
140,272,3,2
140,273,3,2
140,274,3,2
140,275,3,2
140,276,3,2
140,277,3,2
140,278,3,2
140,279,3,2
140,280,3,2
140,281,3,2
140,282,3,2
140,283,3,2
140,284,3,2
140,285,3,2
140,286,3,2
140,287,3,2
140,288,3,2
140,289,3,2
140,290,3,2
140,291,3,2
140,292,3,2
140,293,3,2
140,294,3,2
140,295,3,2
140,296,3,2
140,297,3,2
140,298,3,2
140,299,3,2
140,300,3,2
140,301,3,2
140,302,3,2
140,303,3,2
140,304,3,2
140,305,3,2
140,306,3,2
140,307,3,2
140,308,3,2
140,309,3,2
140,310,3,2
140,311,3,2
140,312,3,2
140,313,3,2
140,314,3,2
140,315,3,2
140,316,3,2
140,317,3,2
140,318,3,2
140,319,3,2
140,320,3,2
140,321,3,2
140,322,3,2
140,323,3,2
140,324,3,2
140,325,3,2
140,326,3,2
140,327,3,2
140,328,3,2
140,329,3,2
140,330,3,2
140,331,3,2
140,332,3,2
140,333,3,2
140,334,3,2
140,335,3,2
140,336,3,2
140,337,3,2
140,338,3,2
140,339,3,2
140,340,3,2
140,341,3,2
140,342,3,2
140,343,3,2
140,344,3,2
140,345,3,2
140,346,3,2
140,347,3,2
140,348,3,2
140,349,3,2
140,350,3,2
140,351,3,2
140,352,3,2
140,353,3,2
140,354,3,2
140,355,3,2
140,356,3,2
140,357,3,2
140,358,3,2
140,359,3,2
140,360,3,2
140,361,3,2
140,362,3,2
140,363,3,2
140,364,3,2
140,365,3,2
140,366,3,2
140,367,3,2
140,368,3,2
140,369,3,2
140,370,3,2
140,371,3,2
140,372,3,2
140,373,3,2
140,374,3,2
140,375,3,2
140,376,3,2
140,377,3,2
140,378,3,2
140,379,3,2
140,380,3,2
140,381,3,2
140,382,3,2
140,383,3,2
140,384,3,2
140,385,3,2
140,386,3,2
140,387,3,2
140,388,3,2
140,389,3,2
140,390,3,2
140,391,3,2
140,392,3,2
140,393,3,2
140,394,3,2
140,395,3,2
140,396,3,2
140,397,3,2
140,398,3,2
140,399,3,2
140,400,3,2
140,401,3,2
140,402,3,2
140,403,3,2
140,404,3,2
140,405,3,2
140,406,3,2
140,407,3,2
140,408,3,2
140,409,3,2
140,410,3,2
140,411,3,2
140,412,3,2
140,413,3,2
140,414,3,2
140,415,3,2
140,416,3,2
140,417,3,2
140,418,3,2
140,419,3,2
140,420,3,2
140,421,3,2
140,422,3,2
140,423,3,2
140,424,3,2
140,425,3,2
140,426,3,2
140,427,3,2
140,428,3,2
140,429,3,2
140,430,3,2
140,431,3,2
140,432,3,2
140,433,3,2
140,434,3,2
140,435,3,2
140,436,3,2
140,437,3,2
140,438,3,2
140,439,3,2
140,440,3,2
140,441,3,2
140,442,3,2
140,443,3,2
140,444,3,2
140,445,3,2
140,446,3,2
140,447,3,2
140,448,3,2
140,449,3,2
140,450,3,2
140,451,3,2
140,452,3,2
140,453,3,2
140,454,3,2
140,455,3,2
140,456,3,2
140,457,3,2
140,458,3,2
140,459,3,2
140,460,3,2
140,461,3,2
140,462,3,2
140,463,3,2
140,464,3,2
140,465,3,2
140,466,3,2
140,467,3,2
140,468,3,2
140,469,3,2
140,470,3,2
140,471,3,2
140,472,3,2
140,473,3,2
140,474,3,2
140,475,3,2
140,476,3,2
140,477,3,2
140,478,3,2
140,479,3,2
140,480,3,2
140,481,3,2
140,482,3,2
140,483,3,2
140,484,3,2
140,485,3,2
140,486,3,2
140,487,3,2
140,488,3,2
140,489,3,2
140,490,3,2
140,491,3,2
140,492,3,2
140,493,3,2
140,494,3,2
140,495,3,2
140,496,3,2
140,497,3,2
140,498,3,2
140,499,3,2
140,500,3,2
140,501,3,2
140,502,3,2
140,503,3,2
140,504,3,2
140,505,3,2
140,506,3,2
140,507,3,2
140,508,3,2
140,509,3,2
140,510,3,2
140,511,3,2
140,512,3,2
140,513,3,2
140,514,3,2
140,515,3,2
140,516,3,2
140,517,3,2
140,518,3,2
140,519,3,2
140,520,3,2
140,521,3,2
140,522,3,2
140,523,3,2
140,524,3,2
140,525,3,2
140,526,3,2
140,527,3,2
140,528,3,2
140,529,3,2
140,530,3,2
140,531,3,2
140,532,3,2
140,533,3,2
140,534,3,2
140,535,3,2
140,536,3,2
140,537,3,2
140,538,3,2
140,539,3,2
140,540,3,2
140,541,3,2
140,542,3,2
140,543,3,2
140,544,3,2
140,545,3,2
140,546,3,2
140,547,3,2
140,548,3,2
140,549,3,2
140,550,3,2
140,551,3,2
140,552,3,2
140,553,3,2
140,554,3,2
140,555,3,2
140,556,3,2
140,557,3,2
140,558,3,2
140,559,3,2
140,560,3,2
140,561,3,2
140,562,3,2
140,563,3,2
140,564,3,2
140,565,3,2
140,566,3,2
140,567,3,2
140,568,3,2
140,569,3,2
140,570,3,2
140,571,3,2
140,572,3,2
140,573,3,2
140,574,3,2
140,575,3,2
140,576,3,2
140,577,3,2
140,578,3,2
140,579,3,2
140,580,3,2
140,581,3,2
140,582,3,2
140,583,3,2
140,584,3,2
140,585,3,2
140,586,3,2
140,587,3,2
140,588,3,2
140,589,3,2
140,590,3,2
140,591,3,2
140,592,3,2
140,593,3,2
140,594,3,2
140,595,3,2
140,596,3,2
140,597,3,2
140,598,3,2
140,599,3,2
140,600,3,2
140,601,3,2
140,602,3,2
140,603,3,2
140,604,3,2
140,605,3,2
140,606,3,2
140,607,3,2
140,608,3,2
140,609,3,2
140,610,3,2
140,611,3,2
140,612,3,2
140,613,3,2
140,614,3,2
140,615,3,2
140,616,3,2
140,617,3,2
140,618,3,2
140,619,3,2
140,620,3,2
140,621,3,2
140,622,3,2
140,623,3,2
140,624,3,2
140,625,3,2
140,626,3,2
140,627,3,2
140,628,3,2
140,629,3,2
140,630,3,2
140,631,3,2
140,632,3,2
140,633,3,2
140,634,3,2
140,635,3,2
140,636,3,2
140,637,3,2
140,638,3,2
140,639,3,2
140,640,3,2
140,641,3,2
140,642,3,2
140,643,3,2
140,644,3,2
140,645,3,2
140,646,3,2
140,647,3,2
140,648,3,2
140,649,3,2
140,650,3,2
140,651,3,2
140,652,3,2
140,653,3,2
140,654,3,2
140,655,3,2
140,656,3,2
140,657,3,2
140,658,3,2
140,659,3,2
140,660,3,2
140,661,3,2
140,662,3,2
140,663,3,2
140,664,3,2
140,665,3,2
140,666,3,2
140,667,3,2
140,668,3,2
140,669,3,2
140,670,3,2
140,671,3,2
140,672,3,2
140,673,3,2
140,674,3,2
140,675,3,2
140,676,3,2
140,677,3,2
140,678,3,2
140,679,3,2
140,680,3,2
140,681,3,2
140,682,3,2
140,683,3,2
140,684,3,2
140,685,3,2
140,686,3,2
140,687,3,2
140,688,3,2
140,689,3,2
140,690,3,2
140,691,3,2
140,692,3,2
140,693,3,2
140,694,3,2
140,695,3,2
140,696,3,2
140,697,3,2
140,698,3,2
140,699,3,2
140,700,3,2
140,701,3,2
140,702,3,2
140,703,3,2
140,704,3,2
140,705,3,2
140,706,3,2
140,707,3,2
140,708,3,2
140,709,3,2
140,710,3,2
140,711,3,2
140,712,3,2
140,713,3,2
140,714,3,2
140,715,3,2
140,716,3,2
140,717,3,2
140,718,3,2
140,719,3,2
140,720,3,2
140,721,3,2
140,722,3,2
140,723,3,2
140,724,3,2
140,725,3,2
140,726,3,2
140,727,3,2
140,728,3,2
140,729,3,2
140,730,3,2
140,731,3,2
140,732,3,2
140,733,3,2
140,734,3,2
140,735,3,2
140,736,3,2
140,737,3,2
140,738,3,2
140,739,3,2
140,740,3,2
140,741,3,2
140,742,3,2
140,743,3,2
140,744,3,2
140,745,3,2
140,746,3,2
140,747,3,2
140,748,3,2
140,749,3,2
141,206,3,2
141,207,3,2
141,208,3,2
141,209,3,3
141,210,3,3
141,211,3,3
141,212,3,3
141,213,3,3
141,214,3,3
141,215,3,3
141,216,3,3
141,217,3,3
141,218,3,3
141,219,3,3
141,220,3,3
141,221,3,2
141,222,3,2
141,223,3,2
141,224,3,2
141,225,3,2
141,226,3,2
141,227,3,2
141,228,3,2
141,229,3,2
141,230,3,2
141,231,3,2
141,232,3,2
141,233,3,2
141,234,3,2
141,235,3,2
141,236,3,2
141,237,3,2
141,238,3,2
141,239,3,2
141,240,3,2
141,241,3,2
141,242,3,2
141,243,3,2
141,244,3,2
141,245,3,2
141,246,3,2
141,247,3,2
141,248,3,2
141,249,3,2
141,250,3,2
141,251,3,2
141,252,3,2
141,253,3,2
141,254,3,2
141,255,3,2
141,256,3,2
141,257,3,2
141,258,3,2
141,259,3,2
141,260,3,2
141,261,3,2
141,262,3,2
141,263,3,2
141,264,3,2
141,265,3,2
141,266,3,2
141,267,3,2
141,268,3,2
141,269,3,2
141,270,3,2
141,271,3,2
141,272,3,2
141,273,3,2
141,274,3,2
141,275,3,2
141,276,3,2
141,277,3,2
141,278,3,2
141,279,3,2
141,280,3,2
141,281,3,2
141,282,3,2
141,283,3,2
141,284,3,2
141,285,3,2
141,286,3,2
141,287,3,2
141,288,3,2
141,289,3,2
141,290,3,2
141,291,3,2
141,292,3,2
141,293,3,2
141,294,3,2
141,295,3,2
141,296,3,2
141,297,3,2
141,298,3,2
141,299,3,2
141,300,3,2
141,301,3,2
141,302,3,2
141,303,3,2
141,304,3,2
141,305,3,2
141,306,3,2
141,307,3,2
141,308,3,2
141,309,3,2
141,310,3,2
141,311,3,2
141,312,3,2
141,313,3,2
141,314,3,2
141,315,3,2
141,316,3,2
141,317,3,2
141,318,3,2
141,319,3,2
141,320,3,2
141,321,3,2
141,322,3,2
141,323,3,2
141,324,3,2
141,325,3,2
141,326,3,2
141,327,3,2
141,328,3,2
141,329,3,2
141,330,3,2
141,331,3,2
141,332,3,2
141,333,3,2
141,334,3,2
141,335,3,2
141,336,3,2
141,337,3,2
141,338,3,2
141,339,3,2
141,340,3,2
141,341,3,2
141,342,3,2
141,343,3,2
141,344,3,2
141,345,3,2
141,346,3,2
141,347,3,2
141,348,3,2
141,349,3,2
141,350,3,2
141,351,3,2
141,352,3,2
141,353,3,2
141,354,3,2
141,355,3,2
141,356,3,2
141,357,3,2
141,358,3,2
141,359,3,2
141,360,3,2
141,361,3,2
141,362,3,2
141,363,3,2
141,364,3,2
141,365,3,2
141,366,3,2
141,367,3,2
141,368,3,2
141,369,3,2
141,370,3,2
141,371,3,2
141,372,3,2
141,373,3,2
141,374,3,2
141,375,3,2
141,376,3,2
141,377,3,2
141,378,3,2
141,379,3,2
141,380,3,2
141,381,3,2
141,382,3,2
141,383,3,2
141,384,3,2
141,385,3,2
141,386,3,2
141,387,3,2
141,388,3,2
141,389,3,2
141,390,3,2
141,391,3,2
141,392,3,2
141,393,3,2
141,394,3,2
141,395,3,2
141,396,3,2
141,397,3,2
141,398,3,2
141,399,3,2
141,400,3,2
141,401,3,2
141,402,3,2
141,403,3,2
141,404,3,2
141,405,3,2
141,406,3,2
141,407,3,2
141,408,3,2
141,409,3,2
141,410,3,2
141,411,3,2
141,412,3,2
141,413,3,2
141,414,3,2
141,415,3,2
141,416,3,2
141,417,3,2
141,418,3,2
141,419,3,2
141,420,3,2
141,421,3,2
141,422,3,2
141,423,3,2
141,424,3,2
141,425,3,2
141,426,3,2
141,427,3,2
141,428,3,2
141,429,3,2
141,430,3,2
141,431,3,2
141,432,3,2
141,433,3,2
141,434,3,2
141,435,3,2
141,436,3,2
141,437,3,2
141,438,3,2
141,439,3,2
141,440,3,2
141,441,3,2
141,442,3,2
141,443,3,2
141,444,3,2
141,445,3,2
141,446,3,2
141,447,3,2
141,448,3,2
141,449,3,2
141,450,3,2
141,451,3,2
141,452,3,2
141,453,3,2
141,454,3,2
141,455,3,2
141,456,3,2
141,457,3,2
141,458,3,2
141,459,3,2
141,460,3,2
141,461,3,2
141,462,3,2
141,463,3,2
141,464,3,2
141,465,3,2
141,466,3,2
141,467,3,2
141,468,3,2
141,469,3,2
141,470,3,2
141,471,3,2
141,472,3,2
141,473,3,2
141,474,3,2
141,475,3,2
141,476,3,2
141,477,3,2
141,478,3,2
141,479,3,2
141,480,3,2
141,481,3,2
141,482,3,2
141,483,3,2
141,484,3,2
141,485,3,2
141,486,3,2
141,487,3,2
141,488,3,2
141,489,3,2
141,490,3,2
141,491,3,2
141,492,3,2
141,493,3,2
141,494,3,2
141,495,3,2
141,496,3,2
141,497,3,2
141,498,3,2
141,499,3,2
141,500,3,2
141,501,3,2
141,502,3,2
141,503,3,2
141,504,3,2
141,505,3,2
141,506,3,2
141,507,3,2
141,508,3,2
141,509,3,2
141,510,3,2
141,511,3,2
141,512,3,2
141,513,3,2
141,514,3,2
141,515,3,2
141,516,3,2
141,517,3,2
141,518,3,2
141,519,3,2
141,520,3,2
141,521,3,2
141,522,3,2
141,523,3,2
141,524,3,2
141,525,3,2
141,526,3,2
141,527,3,2
141,528,3,2
141,529,3,2
141,530,3,2
141,531,3,2
141,532,3,2
141,533,3,2
141,534,3,2
141,535,3,2
141,536,3,2
141,537,3,2
141,538,3,2
141,539,3,2
141,540,3,2
141,541,3,2
141,542,3,2
141,543,3,2
141,544,3,2
141,545,3,2
141,546,3,2
141,547,3,2
141,548,3,2
141,549,3,2
141,550,3,2
141,551,3,2
141,552,3,2
141,553,3,2
141,554,3,2
141,555,3,2
141,556,3,2
141,557,3,2
141,558,3,2
141,559,3,2
141,560,3,2
141,561,3,2
141,562,3,2
141,563,3,2
141,564,3,2
141,565,3,2
141,566,3,2
141,567,3,2
141,568,3,2
141,569,3,2
141,570,3,2
141,571,3,2
141,572,3,2
141,573,3,2
141,574,3,2
141,575,3,2
141,576,3,2
141,577,3,2
141,578,3,2
141,579,3,2
141,580,3,2
141,581,3,2
141,582,3,2
141,583,3,2
141,584,3,2
141,585,3,2
141,586,3,2
141,587,3,2
141,588,3,2
141,589,3,2
141,590,3,2
141,591,3,2
141,592,3,2
141,593,3,2
141,594,3,2
141,595,3,2
141,596,3,2
141,597,3,2
141,598,3,2
141,599,3,2
141,600,3,2
141,601,3,2
141,602,3,2
141,603,3,2
141,604,3,2
141,605,3,2
141,606,3,2
141,607,3,2
141,608,3,2
141,609,3,2
141,610,3,2
141,611,3,2
141,612,3,2
141,613,3,2
141,614,3,2
141,615,3,2
141,616,3,2
141,617,3,2
141,618,3,2
141,619,3,2
141,620,3,2
141,621,3,2
141,622,3,2
141,623,3,2
141,624,3,2
141,625,3,2
141,626,3,2
141,627,3,2
141,628,3,2
141,629,3,2
141,630,3,2
141,631,3,2
141,632,3,2
141,633,3,2
141,634,3,2
141,635,3,2
141,636,3,2
141,637,3,2
141,638,3,2
141,639,3,2
141,640,3,2
141,641,3,2
141,642,3,2
141,643,3,2
141,644,3,2
141,645,3,2
141,646,3,2
141,647,3,2
141,648,3,2
141,649,3,2
141,650,3,2
141,651,3,2
141,652,3,2
141,653,3,2
141,654,3,2
141,655,3,2
141,656,3,2
141,657,3,2
141,658,3,2
141,659,3,2
141,660,3,2
141,661,3,2
141,662,3,2
141,663,3,2
141,664,3,2
141,665,3,2
141,666,3,2
141,667,3,2
141,668,3,2
141,669,3,2
141,670,3,2
141,671,3,2
141,672,3,2
141,673,3,2
141,674,3,2
141,675,3,2
141,676,3,2
141,677,3,2
141,678,3,2
141,679,3,2
141,680,3,2
141,681,3,2
141,682,3,2
141,683,3,2
141,684,3,2
141,685,3,2
141,686,3,2
141,687,3,2
141,688,3,2
141,689,3,2
141,690,3,2
141,691,3,2
141,692,3,2
141,693,3,2
141,694,3,2
141,695,3,2
141,696,3,2
141,697,3,2
141,698,3,2
141,699,3,2
141,700,3,2
141,701,3,2
141,702,3,2
141,703,3,2
141,704,3,2
141,705,3,2
141,706,3,2
141,707,3,2
141,708,3,2
141,709,3,2
141,710,3,2
141,711,3,2
141,712,3,2
141,713,3,2
141,714,3,2
141,715,3,2
141,716,3,2
141,717,3,2
141,718,3,2
141,719,3,2
141,720,3,2
141,721,3,2
141,722,3,2
141,723,3,2
141,724,3,2
141,725,3,2
141,726,3,2
141,727,3,2
141,728,3,2
141,729,3,2
141,730,3,2
141,731,3,2
141,732,3,2
141,733,3,2
141,734,3,2
141,735,3,2
141,736,3,2
141,737,3,2
141,738,3,2
141,739,3,2
141,740,3,2
141,741,3,2
141,742,3,2
141,743,3,2
141,744,3,2
141,745,3,2
141,746,3,2
141,747,3,2
141,748,3,2
141,749,3,2
142,204,3,2
142,205,3,2
142,206,3,2
142,207,3,2
142,208,3,2
142,209,3,3
142,210,3,3
142,211,3,3
142,212,3,3
142,213,3,3
142,214,3,3
142,215,3,3
142,216,3,3
142,217,3,3
142,218,3,3
142,219,3,3
142,220,3,2
142,221,3,2
142,222,3,2
142,223,3,2
142,224,3,2
142,225,3,2
142,226,3,2
142,227,3,2
142,228,3,2
142,229,3,2
142,230,3,2
142,231,3,2
142,232,3,2
142,233,3,2
142,234,3,2
142,235,3,2
142,236,3,2
142,237,3,2
142,238,3,2
142,239,3,2
142,240,3,2
142,241,3,2
142,242,3,2
142,243,3,2
142,244,3,2
142,245,3,2
142,246,3,2
142,247,3,2
142,248,3,2
142,249,3,2
142,250,3,2
142,251,3,2
142,252,3,2
142,253,3,2
142,254,3,2
142,255,3,2
142,256,3,2
142,257,3,2
142,258,3,2
142,259,3,2
142,260,3,2
142,261,3,2
142,262,3,2
142,263,3,2
142,264,3,2
142,265,3,2
142,266,3,2
142,267,3,2
142,268,3,2
142,269,3,2
142,270,3,2
142,271,3,2
142,272,3,2
142,273,3,2
142,274,3,2
142,275,3,2
142,276,3,2
142,277,3,2
142,278,3,2
142,279,3,2
142,280,3,2
142,281,3,2
142,282,3,2
142,283,3,2
142,284,3,2
142,285,3,2
142,286,3,2
142,287,3,2
142,288,3,2
142,289,3,2
142,290,3,2
142,291,3,2
142,292,3,2
142,293,3,2
142,294,3,2
142,295,3,2
142,296,3,2
142,297,3,2
142,298,3,2
142,299,3,2
142,300,3,2
142,301,3,2
142,302,3,2
142,303,3,2
142,304,3,2
142,305,3,2
142,306,3,2
142,307,3,2
142,308,3,2
142,309,3,2
142,310,3,2
142,311,3,2
142,312,3,2
142,313,3,2
142,314,3,2
142,315,3,2
142,316,3,2
142,317,3,2
142,318,3,2
142,319,3,2
142,320,3,2
142,321,3,2
142,322,3,2
142,323,3,2
142,324,3,2
142,325,3,2
142,326,3,2
142,327,3,2
142,328,3,2
142,329,3,2
142,330,3,2
142,331,3,2
142,332,3,2
142,333,3,2
142,334,3,2
142,335,3,2
142,336,3,2
142,337,3,2
142,338,3,2
142,339,3,2
142,340,3,2
142,341,3,2
142,342,3,2
142,343,3,2
142,344,3,2
142,345,3,2
142,346,3,2
142,347,3,2
142,348,3,2
142,349,3,2
142,350,3,2
142,351,3,2
142,352,3,2
142,353,3,2
142,354,3,2
142,355,3,2
142,356,3,2
142,357,3,2
142,358,3,2
142,359,3,2
142,360,3,2
142,361,3,2
142,362,3,2
142,363,3,2
142,364,3,2
142,365,3,2
142,366,3,2
142,367,3,2
142,368,3,2
142,369,3,2
142,370,3,2
142,371,3,2
142,372,3,2
142,373,3,2
142,374,3,2
142,375,3,2
142,376,3,2
142,377,3,2
142,378,3,2
142,379,3,2
142,380,3,2
142,381,3,2
142,382,3,2
142,383,3,2
142,384,3,2
142,385,3,2
142,386,3,2
142,387,3,2
142,388,3,2
142,389,3,2
142,390,3,2
142,391,3,2
142,392,3,2
142,393,3,2
142,394,3,2
142,395,3,2
142,396,3,2
142,397,3,2
142,398,3,2
142,399,3,2
142,400,3,2
142,401,3,2
142,402,3,2
142,403,3,2
142,404,3,2
142,405,3,2
142,406,3,2
142,407,3,2
142,408,3,2
142,409,3,2
142,410,3,2
142,411,3,2
142,412,3,2
142,413,3,2
142,414,3,2
142,415,3,2
142,416,3,2
142,417,3,2
142,418,3,2
142,419,3,2
142,420,3,2
142,421,3,2
142,422,3,2
142,423,3,2
142,424,3,2
142,425,3,2
142,426,3,2
142,427,3,2
142,428,3,2
142,429,3,2
142,430,3,2
142,431,3,2
142,432,3,2
142,433,3,2
142,434,3,2
142,435,3,2
142,436,3,2
142,437,3,2
142,438,3,2
142,439,3,2
142,440,3,2
142,441,3,2
142,442,3,2
142,443,3,2
142,444,3,2
142,445,3,2
142,446,3,2
142,447,3,2
142,448,3,2
142,449,3,2
142,450,3,2
142,451,3,2
142,452,3,2
142,453,3,2
142,454,3,2
142,455,3,2
142,456,3,2
142,457,3,2
142,458,3,2
142,459,3,2
142,460,3,2
142,461,3,2
142,462,3,2
142,463,3,2
142,464,3,2
142,465,3,2
142,466,3,2
142,467,3,2
142,468,3,2
142,469,3,2
142,470,3,2
142,471,3,2
142,472,3,2
142,473,3,2
142,474,3,2
142,475,3,2
142,476,3,2
142,477,3,2
142,478,3,2
142,479,3,2
142,480,3,2
142,481,3,2
142,482,3,2
142,483,3,2
142,484,3,2
142,485,3,2
142,486,3,2
142,487,3,2
142,488,3,2
142,489,3,2
142,490,3,2
142,491,3,2
142,492,3,2
142,493,3,2
142,494,3,2
142,495,3,2
142,496,3,2
142,497,3,2
142,498,3,2
142,499,3,2
142,500,3,2
142,501,3,2
142,502,3,2
142,503,3,2
142,504,3,2
142,505,3,2
142,506,3,2
142,507,3,2
142,508,3,2
142,509,3,2
142,510,3,2
142,511,3,2
142,512,3,2
142,513,3,2
142,514,3,2
142,515,3,2
142,516,3,2
142,517,3,2
142,518,3,2
142,519,3,2
142,520,3,2
142,521,3,2
142,522,3,2
142,523,3,2
142,524,3,2
142,525,3,2
142,526,3,2
142,527,3,2
142,528,3,2
142,529,3,2
142,530,3,2
142,531,3,2
142,532,3,2
142,533,3,2
142,534,3,2
142,535,3,2
142,536,3,2
142,537,3,2
142,538,3,2
142,539,3,2
142,540,3,2
142,541,3,2
142,542,3,2
142,543,3,2
142,544,3,2
142,545,3,2
142,546,3,2
142,547,3,2
142,548,3,2
142,549,3,2
142,550,3,2
142,551,3,2
142,552,3,2
142,553,3,2
142,554,3,2
142,555,3,2
142,556,3,2
142,557,3,2
142,558,3,2
142,559,3,2
142,560,3,2
142,561,3,2
142,562,3,2
142,563,3,2
142,564,3,2
142,565,3,2
142,566,3,2
142,567,3,2
142,568,3,2
142,569,3,2
142,570,3,2
142,571,3,2
142,572,3,2
142,573,3,2
142,574,3,2
142,575,3,2
142,576,3,2
142,577,3,2
142,578,3,2
142,579,3,2
142,580,3,2
142,581,3,2
142,582,3,2
142,583,3,2
142,584,3,2
142,585,3,2
142,586,3,2
142,587,3,2
142,588,3,2
142,589,3,2
142,590,3,2
142,591,3,2
142,592,3,2
142,593,3,2
142,594,3,2
142,595,3,2
142,596,3,2
142,597,3,2
142,598,3,2
142,599,3,2
142,600,3,2
142,601,3,2
142,602,3,2
142,603,3,2
142,604,3,2
142,605,3,2
142,606,3,2
142,607,3,2
142,608,3,2
142,609,3,2
142,610,3,2
142,611,3,2
142,612,3,2
142,613,3,2
142,614,3,2
142,615,3,2
142,616,3,2
142,617,3,2
142,618,3,2
142,619,3,2
142,620,3,2
142,621,3,2
142,622,3,2
142,623,3,2
142,624,3,2
142,625,3,2
142,626,3,2
142,627,3,2
142,628,3,2
142,629,3,2
142,630,3,2
142,631,3,2
142,632,3,2
142,633,3,2
142,634,3,2
142,635,3,2
142,636,3,2
142,637,3,2
142,638,3,2
142,639,3,2
142,640,3,2
142,641,3,2
142,642,3,2
142,643,3,2
142,644,3,2
142,645,3,2
142,646,3,2
142,647,3,2
142,648,3,2
142,649,3,2
142,650,3,2
142,651,3,2
142,652,3,2
142,653,3,2
142,654,3,2
142,655,3,2
142,656,3,2
142,657,3,2
142,658,3,2
142,659,3,2
142,660,3,2
142,661,3,2
142,662,3,2
142,663,3,2
142,664,3,2
142,665,3,2
142,666,3,2
142,667,3,2
142,668,3,2
142,669,3,2
142,670,3,2
142,671,3,2
142,672,3,2
142,673,3,2
142,674,3,2
142,675,3,2
142,676,3,2
142,677,3,2
142,678,3,2
142,679,3,2
142,680,3,2
142,681,3,2
142,682,3,2
142,683,3,2
142,684,3,2
142,685,3,2
142,686,3,2
142,687,3,2
142,688,3,2
142,689,3,2
142,690,3,2
142,691,3,2
142,692,3,2
142,693,3,2
142,694,3,2
142,695,3,2
142,696,3,2
142,697,3,2
142,698,3,2
142,699,3,2
142,700,3,2
142,701,3,2
142,702,3,2
142,703,3,2
142,704,3,2
142,705,3,2
142,706,3,2
142,707,3,2
142,708,3,2
142,709,3,2
142,710,3,2
142,711,3,2
142,712,3,2
142,713,3,2
142,714,3,2
142,715,3,2
142,716,3,2
142,717,3,2
142,718,3,2
142,719,3,2
142,720,3,2
142,721,3,2
142,722,3,2
142,723,3,2
142,724,3,2
142,725,3,2
142,726,3,2
142,727,3,2
142,728,3,2
142,729,3,2
142,730,3,2
142,731,3,2
142,732,3,2
142,733,3,2
142,734,3,2
142,735,3,2
142,736,3,2
142,737,3,2
142,738,3,2
142,739,3,2
142,740,3,2
142,741,3,2
142,742,3,2
142,743,3,2
142,744,3,2
142,745,3,2
142,746,3,2
142,747,3,2
142,748,3,2
142,749,3,2
142,750,3,2
143,204,3,2
143,205,3,2
143,206,3,2
143,207,3,2
143,208,3,2
143,209,3,3
143,210,3,3
143,211,3,3
143,212,3,3
143,213,3,3
143,214,3,3
143,215,3,3
143,216,3,3
143,217,3,3
143,218,3,3
143,219,3,3
143,220,3,2
143,221,3,2
143,222,3,2
143,223,3,2
143,224,3,2
143,225,3,2
143,226,3,2
143,227,3,2
143,228,3,2
143,229,3,2
143,230,3,2
143,231,3,2
143,232,3,2
143,233,3,2
143,234,3,2
143,235,3,2
143,236,3,2
143,237,3,2
143,238,3,2
143,239,3,2
143,240,3,2
143,241,3,2
143,242,3,2
143,243,3,2
143,244,3,2
143,245,3,2
143,246,3,2
143,247,3,2
143,248,3,2
143,249,3,2
143,250,3,2
143,251,3,2
143,252,3,2
143,253,3,2
143,254,3,2
143,255,3,2
143,256,3,2
143,257,3,2
143,258,3,2
143,259,3,2
143,260,3,2
143,261,3,2
143,262,3,2
143,263,3,2
143,264,3,2
143,265,3,2
143,266,3,2
143,267,3,2
143,268,3,2
143,269,3,2
143,270,3,2
143,271,3,2
143,272,3,2
143,273,3,2
143,274,3,2
143,275,3,2
143,276,3,2
143,277,3,2
143,278,3,2
143,279,3,2
143,280,3,2
143,281,3,2
143,282,3,2
143,283,3,2
143,284,3,2
143,285,3,2
143,286,3,2
143,287,3,2
143,288,3,2
143,289,3,2
143,290,3,2
143,291,3,2
143,292,3,2
143,293,3,2
143,294,3,2
143,295,3,2
143,296,3,2
143,297,3,2
143,298,3,2
143,299,3,2
143,300,3,2
143,301,3,2
143,302,3,2
143,303,3,2
143,304,3,2
143,305,3,2
143,306,3,2
143,307,3,2
143,308,3,2
143,309,3,2
143,310,3,2
143,311,3,2
143,312,3,2
143,313,3,2
143,314,3,2
143,315,3,2
143,316,3,2
143,317,3,2
143,318,3,2
143,319,3,2
143,320,3,2
143,321,3,2
143,322,3,2
143,323,3,2
143,324,3,2
143,325,3,2
143,326,3,2
143,327,3,2
143,328,3,2
143,329,3,2
143,330,3,2
143,331,3,2
143,332,3,2
143,333,3,2
143,334,3,2
143,335,3,2
143,336,3,2
143,337,3,2
143,338,3,2
143,339,3,2
143,340,3,2
143,341,3,2
143,342,3,2
143,343,3,2
143,344,3,2
143,345,3,2
143,346,3,2
143,347,3,2
143,348,3,2
143,349,3,2
143,350,3,2
143,351,3,2
143,352,3,2
143,353,3,2
143,354,3,2
143,355,3,2
143,356,3,2
143,357,3,2
143,358,3,2
143,359,3,2
143,360,3,2
143,361,3,2
143,362,3,2
143,363,3,2
143,364,3,2
143,365,3,2
143,366,3,2
143,367,3,2
143,368,3,2
143,369,3,2
143,370,3,2
143,371,3,2
143,372,3,2
143,373,3,2
143,374,3,2
143,375,3,2
143,376,3,2
143,377,3,2
143,378,3,2
143,379,3,2
143,380,3,2
143,381,3,2
143,382,3,2
143,383,3,2
143,384,3,2
143,385,3,2
143,386,3,2
143,387,3,2
143,388,3,2
143,389,3,2
143,390,3,2
143,391,3,2
143,392,3,2
143,393,3,2
143,394,3,2
143,395,3,2
143,396,3,2
143,397,3,2
143,398,3,2
143,399,3,2
143,400,3,2
143,401,3,2
143,402,3,2
143,403,3,2
143,404,3,2
143,405,3,2
143,406,3,2
143,407,3,2
143,408,3,2
143,409,3,2
143,410,3,2
143,411,3,2
143,412,3,2
143,413,3,2
143,414,3,2
143,415,3,2
143,416,3,2
143,417,3,2
143,418,3,2
143,419,3,2
143,420,3,2
143,421,3,2
143,422,3,2
143,423,3,2
143,424,3,2
143,425,3,2
143,426,3,2
143,427,3,2
143,428,3,2
143,429,3,2
143,430,3,2
143,431,3,2
143,432,3,2
143,433,3,2
143,434,3,2
143,435,3,2
143,436,3,2
143,437,3,2
143,438,3,2
143,439,3,2
143,440,3,2
143,441,3,2
143,442,3,2
143,443,3,2
143,444,3,2
143,445,3,2
143,446,3,2
143,447,3,2
143,448,3,2
143,449,3,2
143,450,3,2
143,451,3,2
143,452,3,2
143,453,3,2
143,454,3,2
143,455,3,2
143,456,3,2
143,457,3,2
143,458,3,2
143,459,3,2
143,460,3,2
143,461,3,2
143,462,3,2
143,463,3,2
143,464,3,2
143,465,3,2
143,466,3,2
143,467,3,2
143,468,3,2
143,469,3,2
143,470,3,2
143,471,3,2
143,472,3,2
143,473,3,2
143,474,3,2
143,475,3,2
143,476,3,2
143,477,3,2
143,478,3,2
143,479,3,2
143,480,3,2
143,481,3,2
143,482,3,2
143,483,3,2
143,484,3,2
143,485,3,2
143,486,3,2
143,487,3,2
143,488,3,2
143,489,3,2
143,490,3,2
143,491,3,2
143,492,3,2
143,493,3,2
143,494,3,2
143,495,3,2
143,496,3,2
143,497,3,2
143,498,3,2
143,499,3,2
143,500,3,2
143,501,3,2
143,502,3,2
143,503,3,2
143,504,3,2
143,505,3,2
143,506,3,2
143,507,3,2
143,508,3,2
143,509,3,2
143,510,3,2
143,511,3,2
143,512,3,2
143,513,3,2
143,514,3,2
143,515,3,2
143,516,3,2
143,517,3,2
143,518,3,2
143,519,3,2
143,520,3,2
143,521,3,2
143,522,3,2
143,523,3,2
143,524,3,2
143,525,3,2
143,526,3,2
143,527,3,2
143,528,3,2
143,529,3,2
143,530,3,2
143,531,3,2
143,532,3,2
143,533,3,2
143,534,3,2
143,535,3,2
143,536,3,2
143,537,3,2
143,538,3,2
143,539,3,2
143,540,3,2
143,541,3,2
143,542,3,2
143,543,3,2
143,544,3,2
143,545,3,2
143,546,3,2
143,547,3,2
143,548,3,2
143,549,3,2
143,550,3,2
143,551,3,2
143,552,3,2
143,553,3,2
143,554,3,2
143,555,3,2
143,556,3,2
143,557,3,2
143,558,3,2
143,559,3,2
143,560,3,2
143,561,3,2
143,562,3,2
143,563,3,2
143,564,3,2
143,565,3,2
143,566,3,2
143,567,3,2
143,568,3,2
143,569,3,2
143,570,3,2
143,571,3,2
143,572,3,2
143,573,3,2
143,574,3,2
143,575,3,2
143,576,3,2
143,577,3,2
143,578,3,2
143,579,3,2
143,580,3,2
143,581,3,2
143,582,3,2
143,583,3,2
143,584,3,2
143,585,3,2
143,586,3,2
143,587,3,2
143,588,3,2
143,589,3,2
143,590,3,2
143,591,3,2
143,592,3,2
143,593,3,2
143,594,3,2
143,595,3,2
143,596,3,2
143,597,3,2
143,598,3,2
143,599,3,2
143,600,3,2
143,601,3,2
143,602,3,2
143,603,3,2
143,604,3,2
143,605,3,2
143,606,3,2
143,607,3,2
143,608,3,2
143,609,3,2
143,610,3,2
143,611,3,2
143,612,3,2
143,613,3,2
143,614,3,2
143,615,3,2
143,616,3,2
143,617,3,2
143,618,3,2
143,619,3,2
143,620,3,2
143,621,3,2
143,622,3,2
143,623,3,2
143,624,3,2
143,625,3,2
143,626,3,2
143,627,3,2
143,628,3,2
143,629,3,2
143,630,3,2
143,631,3,2
143,632,3,2
143,633,3,2
143,634,3,2
143,635,3,2
143,636,3,2
143,637,3,2
143,638,3,2
143,639,3,2
143,640,3,2
143,641,3,2
143,642,3,2
143,643,3,2
143,644,3,2
143,645,3,2
143,646,3,2
143,647,3,2
143,648,3,2
143,649,3,2
143,650,3,2
143,651,3,2
143,652,3,2
143,653,3,2
143,654,3,2
143,655,3,2
143,656,3,2
143,657,3,2
143,658,3,2
143,659,3,2
143,660,3,2
143,661,3,2
143,662,3,2
143,663,3,2
143,664,3,2
143,665,3,2
143,666,3,2
143,667,3,2
143,668,3,2
143,669,3,2
143,670,3,2
143,671,3,2
143,672,3,2
143,673,3,2
143,674,3,2
143,675,3,2
143,676,3,2
143,677,3,2
143,678,3,2
143,679,3,2
143,680,3,2
143,681,3,2
143,682,3,2
143,683,3,2
143,684,3,2
143,685,3,2
143,686,3,2
143,687,3,2
143,688,3,2
143,689,3,2
143,690,3,2
143,691,3,2
143,692,3,2
143,693,3,2
143,694,3,2
143,695,3,2
143,696,3,2
143,697,3,2
143,698,3,2
143,699,3,2
143,700,3,2
143,701,3,2
143,702,3,2
143,703,3,2
143,704,3,2
143,705,3,2
143,706,3,2
143,707,3,2
143,708,3,2
143,709,3,2
143,710,3,2
143,711,3,2
143,712,3,2
143,713,3,2
143,714,3,2
143,715,3,2
143,716,3,2
143,717,3,2
143,718,3,2
143,719,3,2
143,720,3,2
143,721,3,2
143,722,3,2
143,723,3,2
143,724,3,2
143,725,3,2
143,726,3,2
143,727,3,2
143,728,3,2
143,729,3,2
143,730,3,2
143,731,3,2
143,732,3,2
143,733,3,2
143,734,3,2
143,735,3,2
143,736,3,2
143,737,3,2
143,738,3,2
143,739,3,2
143,740,3,2
143,741,3,2
143,742,3,2
143,743,3,2
143,744,3,2
143,745,3,2
143,746,3,2
143,747,3,2
143,748,3,2
143,749,3,2
143,750,3,2
143,753,3,2
143,754,3,2
143,755,3,2
144,203,3,2
144,204,3,2
144,205,3,2
144,206,3,2
144,207,3,2
144,208,3,3
144,209,3,3
144,210,3,3
144,211,3,3
144,212,3,3
144,213,3,3
144,214,3,3
144,215,3,3
144,216,3,3
144,217,3,3
144,218,3,3
144,219,3,2
144,220,3,2
144,221,3,2
144,222,3,2
144,223,3,2
144,224,3,2
144,225,3,2
144,226,3,2
144,227,3,2
144,228,3,2
144,229,3,2
144,230,3,2
144,231,3,2
144,232,3,2
144,233,3,2
144,234,3,2
144,235,3,2
144,236,3,2
144,237,3,2
144,238,3,2
144,239,3,2
144,240,3,2
144,241,3,2
144,242,3,2
144,243,3,2
144,244,3,2
144,245,3,2
144,246,3,2
144,247,3,2
144,248,3,2
144,249,3,2
144,250,3,2
144,251,3,2
144,252,3,2
144,253,3,2
144,254,3,2
144,255,3,2
144,256,3,2
144,257,3,2
144,258,3,2
144,259,3,2
144,260,3,2
144,261,3,2
144,262,3,2
144,263,3,2
144,264,3,2
144,265,3,2
144,266,3,2
144,267,3,2
144,268,3,2
144,269,3,2
144,270,3,2
144,271,3,2
144,272,3,2
144,273,3,2
144,274,3,2
144,275,3,2
144,276,3,2
144,277,3,2
144,278,3,2
144,279,3,2
144,280,3,2
144,281,3,2
144,282,3,2
144,283,3,2
144,284,3,2
144,285,3,2
144,286,3,2
144,287,3,2
144,288,3,2
144,289,3,2
144,290,3,2
144,291,3,2
144,292,3,2
144,293,3,2
144,294,3,2
144,295,3,2
144,296,3,2
144,297,3,2
144,298,3,2
144,299,3,2
144,300,3,2
144,301,3,2
144,302,3,2
144,303,3,2
144,304,3,2
144,305,3,2
144,306,3,2
144,307,3,2
144,308,3,2
144,309,3,2
144,310,3,2
144,311,3,2
144,312,3,2
144,313,3,2
144,314,3,2
144,315,3,2
144,316,3,2
144,317,3,2
144,318,3,2
144,319,3,2
144,320,3,2
144,321,3,2
144,322,3,2
144,323,3,2
144,324,3,2
144,325,3,2
144,326,3,2
144,327,3,2
144,328,3,2
144,329,3,2
144,330,3,2
144,331,3,2
144,332,3,2
144,333,3,2
144,334,3,2
144,335,3,2
144,336,3,2
144,337,3,2
144,338,3,2
144,339,3,2
144,340,3,2
144,341,3,2
144,342,3,2
144,343,3,2
144,344,3,2
144,345,3,2
144,346,3,2
144,347,3,2
144,348,3,2
144,349,3,2
144,350,3,2
144,351,3,2
144,352,3,2
144,353,3,2
144,354,3,2
144,355,3,2
144,356,3,2
144,357,3,2
144,358,3,2
144,359,3,2
144,360,3,2
144,361,3,2
144,362,3,2
144,363,3,2
144,364,3,2
144,365,3,2
144,366,3,2
144,367,3,2
144,368,3,2
144,369,3,2
144,370,3,2
144,371,3,2
144,372,3,2
144,373,3,2
144,374,3,2
144,375,3,2
144,376,3,2
144,377,3,2
144,378,3,2
144,379,3,2
144,380,3,2
144,381,3,2
144,382,3,2
144,383,3,2
144,384,3,2
144,385,3,2
144,386,3,2
144,387,3,2
144,388,3,2
144,389,3,2
144,390,3,2
144,391,3,2
144,392,3,2
144,393,3,2
144,394,3,2
144,395,3,2
144,396,3,2
144,397,3,2
144,398,3,2
144,399,3,2
144,400,3,2
144,401,3,2
144,402,3,2
144,403,3,2
144,404,3,2
144,405,3,2
144,406,3,2
144,407,3,2
144,408,3,2
144,409,3,2
144,410,3,2
144,411,3,2
144,412,3,2
144,413,3,2
144,414,3,2
144,415,3,2
144,416,3,2
144,417,3,2
144,418,3,2
144,419,3,2
144,420,3,2
144,421,3,2
144,422,3,2
144,423,3,2
144,424,3,2
144,425,3,2
144,426,3,2
144,427,3,2
144,428,3,2
144,429,3,2
144,430,3,2
144,431,3,2
144,432,3,2
144,433,3,2
144,434,3,2
144,435,3,2
144,436,3,2
144,437,3,2
144,438,3,2
144,439,3,2
144,440,3,2
144,441,3,2
144,442,3,2
144,443,3,2
144,444,3,2
144,445,3,2
144,446,3,2
144,447,3,2
144,448,3,2
144,449,3,2
144,450,3,2
144,451,3,2
144,452,3,2
144,453,3,2
144,454,3,2
144,455,3,2
144,456,3,2
144,457,3,2
144,458,3,2
144,459,3,2
144,460,3,2
144,461,3,2
144,462,3,2
144,463,3,2
144,464,3,2
144,465,3,2
144,466,3,2
144,467,3,2
144,468,3,2
144,469,3,2
144,470,3,2
144,471,3,2
144,472,3,2
144,473,3,2
144,474,3,2
144,475,3,2
144,476,3,2
144,477,3,2
144,478,3,2
144,479,3,2
144,480,3,2
144,481,3,2
144,482,3,2
144,483,3,2
144,484,3,2
144,485,3,2
144,486,3,2
144,487,3,2
144,488,3,2
144,489,3,2
144,490,3,2
144,491,3,2
144,492,3,2
144,493,3,2
144,494,3,2
144,495,3,2
144,496,3,2
144,497,3,2
144,498,3,2
144,499,3,2
144,500,3,2
144,501,3,2
144,502,3,2
144,503,3,2
144,504,3,2
144,505,3,2
144,506,3,2
144,507,3,2
144,508,3,2
144,509,3,2
144,510,3,2
144,511,3,2
144,512,3,2
144,513,3,2
144,514,3,2
144,515,3,2
144,516,3,2
144,517,3,2
144,518,3,2
144,519,3,2
144,520,3,2
144,521,3,2
144,522,3,2
144,523,3,2
144,524,3,2
144,525,3,2
144,526,3,2
144,527,3,2
144,528,3,2
144,529,3,2
144,530,3,2
144,531,3,2
144,532,3,2
144,533,3,2
144,534,3,2
144,535,3,2
144,536,3,2
144,537,3,2
144,538,3,2
144,539,3,2
144,540,3,2
144,541,3,2
144,542,3,2
144,543,3,2
144,544,3,2
144,545,3,2
144,546,3,2
144,547,3,2
144,548,3,2
144,549,3,2
144,550,3,2
144,551,3,2
144,552,3,2
144,553,3,2
144,554,3,2
144,555,3,2
144,556,3,2
144,557,3,2
144,558,3,2
144,559,3,2
144,560,3,2
144,561,3,2
144,562,3,2
144,563,3,2
144,564,3,2
144,565,3,2
144,566,3,2
144,567,3,2
144,568,3,2
144,569,3,2
144,570,3,2
144,571,3,2
144,572,3,2
144,573,3,2
144,574,3,2
144,575,3,2
144,576,3,2
144,577,3,2
144,578,3,2
144,579,3,2
144,580,3,2
144,581,3,2
144,582,3,2
144,583,3,2
144,584,3,2
144,585,3,2
144,586,3,2
144,587,3,2
144,588,3,2
144,589,3,2
144,590,3,2
144,591,3,2
144,592,3,2
144,593,3,2
144,594,3,2
144,595,3,2
144,596,3,2
144,597,3,2
144,598,3,2
144,599,3,2
144,600,3,2
144,601,3,2
144,602,3,2
144,603,3,2
144,604,3,2
144,605,3,2
144,606,3,2
144,607,3,2
144,608,3,2
144,609,3,2
144,610,3,2
144,611,3,2
144,612,3,2
144,613,3,2
144,614,3,2
144,615,3,2
144,616,3,2
144,617,3,2
144,618,3,2
144,619,3,2
144,620,3,2
144,621,3,2
144,622,3,2
144,623,3,2
144,624,3,2
144,625,3,2
144,626,3,2
144,627,3,2
144,628,3,2
144,629,3,2
144,630,3,2
144,631,3,2
144,632,3,2
144,633,3,2
144,634,3,2
144,635,3,2
144,636,3,2
144,637,3,2
144,638,3,2
144,639,3,2
144,640,3,2
144,641,3,2
144,642,3,2
144,643,3,2
144,644,3,2
144,645,3,2
144,646,3,2
144,647,3,2
144,648,3,2
144,649,3,2
144,650,3,2
144,651,3,2
144,652,3,2
144,653,3,2
144,654,3,2
144,655,3,2
144,656,3,2
144,657,3,2
144,658,3,2
144,659,3,2
144,660,3,2
144,661,3,2
144,662,3,2
144,663,3,2
144,664,3,2
144,665,3,2
144,666,3,2
144,667,3,2
144,668,3,2
144,669,3,2
144,670,3,2
144,671,3,2
144,672,3,2
144,673,3,2
144,674,3,2
144,675,3,2
144,676,3,2
144,677,3,2
144,678,3,2
144,679,3,2
144,680,3,2
144,681,3,2
144,682,3,2
144,683,3,2
144,684,3,2
144,685,3,2
144,686,3,2
144,687,3,2
144,688,3,2
144,689,3,2
144,690,3,2
144,691,3,2
144,692,3,2
144,693,3,2
144,694,3,2
144,695,3,2
144,696,3,2
144,697,3,2
144,698,3,2
144,699,3,2
144,700,3,2
144,701,3,2
144,702,3,2
144,703,3,2
144,704,3,2
144,705,3,2
144,706,3,2
144,707,3,2
144,708,3,2
144,709,3,2
144,710,3,2
144,711,3,2
144,712,3,2
144,713,3,2
144,714,3,2
144,715,3,2
144,716,3,2
144,717,3,2
144,718,3,2
144,719,3,2
144,720,3,2
144,721,3,2
144,722,3,2
144,723,3,2
144,724,3,2
144,725,3,2
144,726,3,2
144,727,3,2
144,728,3,2
144,729,3,2
144,730,3,2
144,731,3,2
144,732,3,2
144,733,3,2
144,734,3,2
144,735,3,2
144,736,3,2
144,737,3,2
144,738,3,2
144,739,3,2
144,740,3,2
144,741,3,2
144,742,3,2
144,743,3,2
144,744,3,2
144,745,3,2
144,746,3,2
144,747,3,2
144,748,3,2
144,749,3,2
144,750,3,2
144,751,3,2
144,752,3,2
144,753,3,2
144,754,3,2
144,755,3,2
144,756,3,2
144,757,3,2
145,200,3,2
145,202,3,2
145,203,3,2
145,204,3,2
145,205,3,2
145,206,3,3
145,207,3,3
145,208,3,3
145,209,3,3
145,210,3,3
145,211,3,3
145,212,3,3
145,213,3,3
145,214,3,3
145,215,3,3
145,216,3,3
145,217,3,3
145,218,3,3
145,219,3,2
145,220,3,2
145,221,3,2
145,222,3,2
145,223,3,2
145,224,3,2
145,225,3,2
145,226,3,2
145,227,3,2
145,228,3,2
145,229,3,2
145,230,3,2
145,231,3,2
145,232,3,2
145,233,3,2
145,234,3,2
145,235,3,2
145,236,3,2
145,237,3,2
145,238,3,2
145,239,3,2
145,240,3,2
145,241,3,2
145,242,3,2
145,243,3,2
145,244,3,2
145,245,3,2
145,246,3,2
145,247,3,2
145,248,3,2
145,249,3,2
145,250,3,2
145,251,3,2
145,252,3,2
145,253,3,2
145,254,3,2
145,255,3,2
145,256,3,2
145,257,3,2
145,258,3,2
145,259,3,2
145,260,3,2
145,261,3,2
145,262,3,2
145,263,3,2
145,264,3,2
145,265,3,2
145,266,3,2
145,267,3,2
145,268,3,2
145,269,3,2
145,270,3,2
145,271,3,2
145,272,3,2
145,273,3,2
145,274,3,2
145,275,3,2
145,276,3,2
145,277,3,2
145,278,3,2
145,279,3,2
145,280,3,2
145,281,3,2
145,282,3,2
145,283,3,2
145,284,3,2
145,285,3,2
145,286,3,2
145,287,3,2
145,288,3,2
145,289,3,2
145,290,3,2
145,291,3,2
145,292,3,2
145,293,3,2
145,294,3,2
145,295,3,2
145,296,3,2
145,297,3,2
145,298,3,2
145,299,3,2
145,300,3,2
145,301,3,2
145,302,3,2
145,303,3,2
145,304,3,2
145,305,3,2
145,306,3,2
145,307,3,2
145,308,3,2
145,309,3,2
145,310,3,2
145,311,3,2
145,312,3,2
145,313,3,2
145,314,3,2
145,315,3,2
145,316,3,2
145,317,3,2
145,318,3,2
145,319,3,2
145,320,3,2
145,321,3,2
145,322,3,2
145,323,3,2
145,324,3,2
145,325,3,2
145,326,3,2
145,327,3,2
145,328,3,2
145,329,3,2
145,330,3,2
145,331,3,2
145,332,3,2
145,333,3,2
145,334,3,2
145,335,3,2
145,336,3,2
145,337,3,2
145,338,3,2
145,339,3,2
145,340,3,2
145,341,3,2
145,342,3,2
145,343,3,2
145,344,3,2
145,345,3,2
145,346,3,2
145,347,3,2
145,348,3,2
145,349,3,2
145,350,3,2
145,351,3,2
145,352,3,2
145,353,3,2
145,354,3,2
145,355,3,2
145,356,3,2
145,357,3,2
145,358,3,2
145,359,3,2
145,360,3,2
145,361,3,2
145,362,3,2
145,363,3,2
145,364,3,2
145,365,3,2
145,366,3,2
145,367,3,2
145,368,3,2
145,369,3,2
145,370,3,2
145,371,3,2
145,372,3,2
145,373,3,2
145,374,3,2
145,375,3,2
145,376,3,2
145,377,3,2
145,378,3,2
145,379,3,2
145,380,3,2
145,381,3,2
145,382,3,2
145,383,3,2
145,384,3,2
145,385,3,2
145,386,3,2
145,387,3,2
145,388,3,2
145,389,3,2
145,390,3,2
145,391,3,2
145,392,3,2
145,393,3,2
145,394,3,2
145,395,3,2
145,396,3,2
145,397,3,2
145,398,3,2
145,399,3,2
145,400,3,2
145,401,3,2
145,402,3,2
145,403,3,2
145,404,3,2
145,405,3,2
145,406,3,2
145,407,3,2
145,408,3,2
145,409,3,2
145,410,3,2
145,411,3,2
145,412,3,2
145,413,3,2
145,414,3,2
145,415,3,2
145,416,3,2
145,417,3,2
145,418,3,2
145,419,3,2
145,420,3,2
145,421,3,2
145,422,3,2
145,423,3,2
145,424,3,2
145,425,3,2
145,426,3,2
145,427,3,2
145,428,3,2
145,429,3,2
145,430,3,2
145,431,3,2
145,432,3,2
145,433,3,2
145,434,3,2
145,435,3,2
145,436,3,2
145,437,3,2
145,438,3,2
145,439,3,2
145,440,3,2
145,441,3,2
145,442,3,2
145,443,3,2
145,444,3,2
145,445,3,2
145,446,3,2
145,447,3,2
145,448,3,2
145,449,3,2
145,450,3,2
145,451,3,2
145,452,3,2
145,453,3,2
145,454,3,2
145,455,3,2
145,456,3,2
145,457,3,2
145,458,3,2
145,459,3,2
145,460,3,2
145,461,3,2
145,462,3,2
145,463,3,2
145,464,3,2
145,465,3,2
145,466,3,2
145,467,3,2
145,468,3,2
145,469,3,2
145,470,3,2
145,471,3,2
145,472,3,2
145,473,3,2
145,474,3,2
145,475,3,2
145,476,3,2
145,477,3,2
145,478,3,2
145,479,3,2
145,480,3,2
145,481,3,2
145,482,3,2
145,483,3,2
145,484,3,2
145,485,3,2
145,486,3,2
145,487,3,2
145,488,3,2
145,489,3,2
145,490,3,2
145,491,3,2
145,492,3,2
145,493,3,2
145,494,3,2
145,495,3,2
145,496,3,2
145,497,3,2
145,498,3,2
145,499,3,2
145,500,3,2
145,501,3,2
145,502,3,2
145,503,3,2
145,504,3,2
145,505,3,2
145,506,3,2
145,507,3,2
145,508,3,2
145,509,3,2
145,510,3,2
145,511,3,2
145,512,3,2
145,513,3,2
145,514,3,2
145,515,3,2
145,516,3,2
145,517,3,2
145,518,3,2
145,519,3,2
145,520,3,2
145,521,3,2
145,522,3,2
145,523,3,2
145,524,3,2
145,525,3,2
145,526,3,2
145,527,3,2
145,528,3,2
145,529,3,2
145,530,3,2
145,531,3,2
145,532,3,2
145,533,3,2
145,534,3,2
145,535,3,2
145,536,3,2
145,537,3,2
145,538,3,2
145,539,3,2
145,540,3,2
145,541,3,2
145,542,3,2
145,543,3,2
145,544,3,2
145,545,3,2
145,546,3,2
145,547,3,2
145,548,3,2
145,549,3,2
145,550,3,2
145,551,3,2
145,552,3,2
145,553,3,2
145,554,3,2
145,555,3,2
145,556,3,2
145,557,3,2
145,558,3,2
145,559,3,2
145,560,3,2
145,561,3,2
145,562,3,2
145,563,3,2
145,564,3,2
145,565,3,2
145,566,3,2
145,567,3,2
145,568,3,2
145,569,3,2
145,570,3,2
145,571,3,2
145,572,3,2
145,573,3,2
145,574,3,2
145,575,3,2
145,576,3,2
145,577,3,2
145,578,3,2
145,579,3,2
145,580,3,2
145,581,3,2
145,582,3,2
145,583,3,2
145,584,3,2
145,585,3,2
145,586,3,2
145,587,3,2
145,588,3,2
145,589,3,2
145,590,3,2
145,591,3,2
145,592,3,2
145,593,3,2
145,594,3,2
145,595,3,2
145,596,3,2
145,597,3,2
145,598,3,2
145,599,3,2
145,600,3,2
145,601,3,2
145,602,3,2
145,603,3,2
145,604,3,2
145,605,3,2
145,606,3,2
145,607,3,2
145,608,3,2
145,609,3,2
145,610,3,2
145,611,3,2
145,612,3,2
145,613,3,2
145,614,3,2
145,615,3,2
145,616,3,2
145,617,3,2
145,618,3,2
145,619,3,2
145,620,3,2
145,621,3,2
145,622,3,2
145,623,3,2
145,624,3,2
145,625,3,2
145,626,3,2
145,627,3,2
145,628,3,2
145,629,3,2
145,630,3,2
145,631,3,2
145,632,3,2
145,633,3,2
145,634,3,2
145,635,3,2
145,636,3,2
145,637,3,2
145,638,3,2
145,639,3,2
145,640,3,2
145,641,3,2
145,642,3,2
145,643,3,2
145,644,3,2
145,645,3,2
145,646,3,2
145,647,3,2
145,648,3,2
145,649,3,2
145,650,3,2
145,651,3,2
145,652,3,2
145,653,3,2
145,654,3,2
145,655,3,2
145,656,3,2
145,657,3,2
145,658,3,2
145,659,3,2
145,660,3,2
145,661,3,2
145,662,3,2
145,663,3,2
145,664,3,2
145,665,3,2
145,666,3,2
145,667,3,2
145,668,3,2
145,669,3,2
145,670,3,2
145,671,3,2
145,672,3,2
145,673,3,2
145,674,3,2
145,675,3,2
145,676,3,2
145,677,3,2
145,678,3,2
145,679,3,2
145,680,3,2
145,681,3,2
145,682,3,2
145,683,3,2
145,684,3,2
145,685,3,2
145,686,3,2
145,687,3,2
145,688,3,2
145,689,3,2
145,690,3,2
145,691,3,2
145,692,3,2
145,693,3,2
145,694,3,2
145,695,3,2
145,696,3,2
145,697,3,2
145,698,3,2
145,699,3,2
145,700,3,2
145,701,3,2
145,702,3,2
145,703,3,2
145,704,3,2
145,705,3,2
145,706,3,2
145,707,3,2
145,708,3,2
145,709,3,2
145,710,3,2
145,711,3,2
145,712,3,2
145,713,3,2
145,714,3,2
145,715,3,2
145,716,3,2
145,717,3,2
145,718,3,2
145,719,3,2
145,720,3,2
145,721,3,2
145,722,3,2
145,723,3,2
145,724,3,2
145,725,3,2
145,726,3,2
145,727,3,2
145,728,3,2
145,729,3,2
145,730,3,2
145,731,3,2
145,732,3,2
145,733,3,2
145,734,3,2
145,735,3,2
145,736,3,2
145,737,3,2
145,738,3,2
145,739,3,2
145,740,3,2
145,741,3,2
145,742,3,2
145,743,3,2
145,744,3,2
145,745,3,2
145,746,3,2
145,747,3,2
145,748,3,2
145,749,3,2
145,750,3,2
145,751,3,2
145,752,3,2
145,753,3,2
145,754,3,2
145,755,3,2
145,756,3,2
145,757,3,2
145,758,3,2
146,199,3,2
146,200,3,2
146,201,3,2
146,202,3,2
146,203,3,2
146,204,3,2
146,205,3,3
146,206,3,3
146,207,3,3
146,208,3,3
146,209,3,3
146,210,3,3
146,211,3,3
146,212,3,3
146,213,3,3
146,214,3,3
146,215,3,3
146,216,3,3
146,217,3,3
146,218,3,2
146,219,3,2
146,220,3,2
146,221,3,2
146,222,3,2
146,223,3,2
146,224,3,2
146,225,3,2
146,226,3,2
146,227,3,2
146,228,3,2
146,229,3,2
146,230,3,2
146,231,3,2
146,232,3,2
146,233,3,2
146,234,3,2
146,235,3,2
146,236,3,2
146,237,3,2
146,238,3,2
146,239,3,2
146,240,3,2
146,241,3,2
146,242,3,2
146,243,3,2
146,244,3,2
146,245,3,2
146,246,3,2
146,247,3,2
146,248,3,2
146,249,3,2
146,250,3,2
146,251,3,2
146,252,3,2
146,253,3,2
146,254,3,2
146,255,3,2
146,256,3,2
146,257,3,2
146,258,3,2
146,259,3,2
146,260,3,2
146,261,3,2
146,262,3,2
146,263,3,2
146,264,3,2
146,265,3,2
146,266,3,2
146,267,3,2
146,268,3,2
146,269,3,2
146,270,3,2
146,271,3,2
146,272,3,2
146,273,3,2
146,274,3,2
146,275,3,2
146,276,3,2
146,277,3,2
146,278,3,2
146,279,3,2
146,280,3,2
146,281,3,2
146,282,3,2
146,283,3,2
146,284,3,2
146,285,3,2
146,286,3,2
146,287,3,2
146,288,3,2
146,289,3,2
146,290,3,2
146,291,3,2
146,292,3,2
146,293,3,2
146,294,3,2
146,295,3,2
146,296,3,2
146,297,3,2
146,298,3,2
146,299,3,2
146,300,3,2
146,301,3,2
146,302,3,2
146,303,3,2
146,304,3,2
146,305,3,2
146,306,3,2
146,307,3,2
146,308,3,2
146,309,3,2
146,310,3,2
146,311,3,2
146,312,3,2
146,313,3,2
146,314,3,2
146,315,3,2
146,316,3,2
146,317,3,2
146,318,3,2
146,319,3,2
146,320,3,2
146,321,3,2
146,322,3,2
146,323,3,2
146,324,3,2
146,325,3,2
146,326,3,2
146,327,3,2
146,328,3,2
146,329,3,2
146,330,3,2
146,331,3,2
146,332,3,2
146,333,3,2
146,334,3,2
146,335,3,2
146,336,3,2
146,337,3,2
146,338,3,2
146,339,3,2
146,340,3,2
146,341,3,2
146,342,3,2
146,343,3,2
146,344,3,2
146,345,3,2
146,346,3,2
146,347,3,2
146,348,3,2
146,349,3,2
146,350,3,2
146,351,3,2
146,352,3,2
146,353,3,2
146,354,3,2
146,355,3,2
146,356,3,2
146,357,3,2
146,358,3,2
146,359,3,2
146,360,3,2
146,361,3,2
146,362,3,2
146,363,3,2
146,364,3,2
146,365,3,2
146,366,3,2
146,367,3,2
146,368,3,2
146,369,3,2
146,370,3,2
146,371,3,2
146,372,3,2
146,373,3,2
146,374,3,2
146,375,3,2
146,376,3,2
146,377,3,2
146,378,3,2
146,379,3,2
146,380,3,2
146,381,3,2
146,382,3,2
146,383,3,2
146,384,3,2
146,385,3,2
146,386,3,2
146,387,3,2
146,388,3,2
146,389,3,2
146,390,3,2
146,391,3,2
146,392,3,2
146,393,3,2
146,394,3,2
146,395,3,2
146,396,3,2
146,397,3,2
146,398,3,2
146,399,3,2
146,400,3,2
146,401,3,2
146,402,3,2
146,403,3,2
146,404,3,2
146,405,3,2
146,406,3,2
146,407,3,2
146,408,3,2
146,409,3,2
146,410,3,2
146,411,3,2
146,412,3,2
146,413,3,2
146,414,3,2
146,415,3,2
146,416,3,2
146,417,3,2
146,418,3,2
146,419,3,2
146,420,3,2
146,421,3,2
146,422,3,2
146,423,3,2
146,424,3,2
146,425,3,2
146,426,3,2
146,427,3,2
146,428,3,2
146,429,3,2
146,430,3,2
146,431,3,2
146,432,3,2
146,433,3,2
146,434,3,2
146,435,3,2
146,436,3,2
146,437,3,2
146,438,3,2
146,439,3,2
146,440,3,2
146,441,3,2
146,442,3,2
146,443,3,2
146,444,3,2
146,445,3,2
146,446,3,2
146,447,3,2
146,448,3,2
146,449,3,2
146,450,3,2
146,451,3,2
146,452,3,2
146,453,3,2
146,454,3,2
146,455,3,2
146,456,3,2
146,457,3,2
146,458,3,2
146,459,3,2
146,460,3,2
146,461,3,2
146,462,3,2
146,463,3,2
146,464,3,2
146,465,3,2
146,466,3,2
146,467,3,2
146,468,3,2
146,469,3,2
146,470,3,2
146,471,3,2
146,472,3,2
146,473,3,2
146,474,3,2
146,475,3,2
146,476,3,2
146,477,3,2
146,478,3,2
146,479,3,2
146,480,3,2
146,481,3,2
146,482,3,2
146,483,3,2
146,484,3,2
146,485,3,2
146,486,3,2
146,487,3,2
146,488,3,2
146,489,3,2
146,490,3,2
146,491,3,2
146,492,3,2
146,493,3,2
146,494,3,2
146,495,3,2
146,496,3,2
146,497,3,2
146,498,3,2
146,499,3,2
146,500,3,2
146,501,3,2
146,502,3,2
146,503,3,2
146,504,3,2
146,505,3,2
146,506,3,2
146,507,3,2
146,508,3,2
146,509,3,2
146,510,3,2
146,511,3,2
146,512,3,2
146,513,3,2
146,514,3,2
146,515,3,2
146,516,3,2
146,517,3,2
146,518,3,2
146,519,3,2
146,520,3,2
146,521,3,2
146,522,3,2
146,523,3,2
146,524,3,2
146,525,3,2
146,526,3,2
146,527,3,2
146,528,3,2
146,529,3,2
146,530,3,2
146,531,3,2
146,532,3,2
146,533,3,2
146,534,3,2
146,535,3,2
146,536,3,2
146,537,3,2
146,538,3,2
146,539,3,2
146,540,3,2
146,541,3,2
146,542,3,2
146,543,3,2
146,544,3,2
146,545,3,2
146,546,3,2
146,547,3,2
146,548,3,2
146,549,3,2
146,550,3,2
146,551,3,2
146,552,3,2
146,553,3,2
146,554,3,2
146,555,3,2
146,556,3,2
146,557,3,2
146,558,3,2
146,559,3,2
146,560,3,2
146,561,3,2
146,562,3,2
146,563,3,2
146,564,3,2
146,565,3,2
146,566,3,2
146,567,3,2
146,568,3,2
146,569,3,2
146,570,3,2
146,571,3,2
146,572,3,2
146,573,3,2
146,574,3,2
146,575,3,2
146,576,3,2
146,577,3,2
146,578,3,2
146,579,3,2
146,580,3,2
146,581,3,2
146,582,3,2
146,583,3,2
146,584,3,2
146,585,3,2
146,586,3,2
146,587,3,2
146,588,3,2
146,589,3,2
146,590,3,2
146,591,3,2
146,592,3,2
146,593,3,2
146,594,3,2
146,595,3,2
146,596,3,2
146,597,3,2
146,598,3,2
146,599,3,2
146,600,3,2
146,601,3,2
146,602,3,2
146,603,3,2
146,604,3,2
146,605,3,2
146,606,3,2
146,607,3,2
146,608,3,2
146,609,3,2
146,610,3,2
146,611,3,2
146,612,3,2
146,613,3,2
146,614,3,2
146,615,3,2
146,616,3,2
146,617,3,2
146,618,3,2
146,619,3,2
146,620,3,2
146,621,3,2
146,622,3,2
146,623,3,2
146,624,3,2
146,625,3,2
146,626,3,2
146,627,3,2
146,628,3,2
146,629,3,2
146,630,3,2
146,631,3,2
146,632,3,2
146,633,3,2
146,634,3,2
146,635,3,2
146,636,3,2
146,637,3,2
146,638,3,2
146,639,3,2
146,640,3,2
146,641,3,2
146,642,3,2
146,643,3,2
146,644,3,2
146,645,3,2
146,646,3,2
146,647,3,2
146,648,3,2
146,649,3,2
146,650,3,2
146,651,3,2
146,652,3,2
146,653,3,2
146,654,3,2
146,655,3,2
146,656,3,2
146,657,3,2
146,658,3,2
146,659,3,2
146,660,3,2
146,661,3,2
146,662,3,2
146,663,3,2
146,664,3,2
146,665,3,2
146,666,3,2
146,667,3,2
146,668,3,2
146,669,3,2
146,670,3,2
146,671,3,2
146,672,3,2
146,673,3,2
146,674,3,2
146,675,3,2
146,676,3,2
146,677,3,2
146,678,3,2
146,679,3,2
146,680,3,2
146,681,3,2
146,682,3,2
146,683,3,2
146,684,3,2
146,685,3,2
146,686,3,2
146,687,3,2
146,688,3,2
146,689,3,2
146,690,3,2
146,691,3,2
146,692,3,2
146,693,3,2
146,694,3,2
146,695,3,2
146,696,3,2
146,697,3,2
146,698,3,2
146,699,3,2
146,700,3,2
146,701,3,2
146,702,3,2
146,703,3,2
146,704,3,2
146,705,3,2
146,706,3,2
146,707,3,2
146,708,3,2
146,709,3,2
146,710,3,2
146,711,3,2
146,712,3,2
146,713,3,2
146,714,3,2
146,715,3,2
146,716,3,2
146,717,3,2
146,718,3,2
146,719,3,2
146,720,3,2
146,721,3,2
146,722,3,2
146,723,3,2
146,724,3,2
146,725,3,2
146,726,3,2
146,727,3,2
146,728,3,2
146,729,3,2
146,730,3,2
146,731,3,2
146,732,3,2
146,733,3,2
146,734,3,2
146,735,3,2
146,736,3,2
146,737,3,2
146,738,3,2
146,739,3,2
146,740,3,2
146,741,3,2
146,742,3,2
146,743,3,2
146,744,3,2
146,745,3,2
146,746,3,2
146,747,3,2
146,748,3,2
146,749,3,2
146,750,3,2
146,751,3,2
146,752,3,2
146,753,3,2
146,754,3,2
146,755,3,2
146,756,3,2
146,757,3,2
146,758,3,2
146,759,3,2
147,200,3,2
147,201,3,2
147,202,3,2
147,203,3,2
147,204,3,3
147,205,3,3
147,206,3,3
147,207,3,3
147,208,3,3
147,209,3,3
147,210,3,3
147,211,3,3
147,212,3,3
147,213,3,3
147,214,3,3
147,215,3,3
147,216,3,3
147,217,3,3
147,218,3,2
147,219,3,2
147,220,3,2
147,221,3,2
147,222,3,2
147,223,3,2
147,224,3,2
147,225,3,2
147,226,3,2
147,227,3,2
147,228,3,2
147,229,3,2
147,230,3,2
147,231,3,2
147,232,3,2
147,233,3,2
147,234,3,2
147,235,3,2
147,236,3,2
147,237,3,2
147,238,3,2
147,239,3,2
147,240,3,2
147,241,3,2
147,242,3,2
147,243,3,2
147,244,3,2
147,245,3,2
147,246,3,2
147,247,3,2
147,248,3,2
147,249,3,2
147,250,3,2
147,251,3,2
147,252,3,2
147,253,3,2
147,254,3,2
147,255,3,2
147,256,3,2
147,257,3,2
147,258,3,2
147,259,3,2
147,260,3,2
147,261,3,2
147,262,3,2
147,263,3,2
147,264,3,2
147,265,3,2
147,266,3,2
147,267,3,2
147,268,3,2
147,269,3,2
147,270,3,2
147,271,3,2
147,272,3,2
147,273,3,2
147,274,3,2
147,275,3,2
147,276,3,2
147,277,3,2
147,278,3,2
147,279,3,2
147,280,3,2
147,281,3,2
147,282,3,2
147,283,3,2
147,284,3,2
147,285,3,2
147,286,3,2
147,287,3,2
147,288,3,2
147,289,3,2
147,290,3,2
147,291,3,2
147,292,3,2
147,293,3,2
147,294,3,2
147,295,3,2
147,296,3,2
147,297,3,2
147,298,3,2
147,299,3,2
147,300,3,2
147,301,3,2
147,302,3,2
147,303,3,2
147,304,3,2
147,305,3,2
147,306,3,2
147,307,3,2
147,308,3,2
147,309,3,2
147,310,3,2
147,311,3,2
147,312,3,2
147,313,3,2
147,314,3,2
147,315,3,2
147,316,3,2
147,317,3,2
147,318,3,2
147,319,3,2
147,320,3,2
147,321,3,2
147,322,3,2
147,323,3,2
147,324,3,2
147,325,3,2
147,326,3,2
147,327,3,2
147,328,3,2
147,329,3,2
147,330,3,2
147,331,3,2
147,332,3,2
147,333,3,2
147,334,3,2
147,335,3,2
147,336,3,2
147,337,3,2
147,338,3,2
147,339,3,2
147,340,3,2
147,341,3,2
147,342,3,2
147,343,3,2
147,344,3,2
147,345,3,2
147,346,3,2
147,347,3,2
147,348,3,2
147,349,3,2
147,350,3,2
147,351,3,2
147,352,3,2
147,353,3,2
147,354,3,2
147,355,3,2
147,356,3,2
147,357,3,2
147,358,3,2
147,359,3,2
147,360,3,2
147,361,3,2
147,362,3,2
147,363,3,2
147,364,3,2
147,365,3,2
147,366,3,2
147,367,3,2
147,368,3,2
147,369,3,2
147,370,3,2
147,371,3,2
147,372,3,2
147,373,3,2
147,374,3,2
147,375,3,2
147,376,3,2
147,377,3,2
147,378,3,2
147,379,3,2
147,380,3,2
147,381,3,2
147,382,3,2
147,383,3,2
147,384,3,2
147,385,3,2
147,386,3,2
147,387,3,2
147,388,3,2
147,389,3,2
147,390,3,2
147,391,3,2
147,392,3,2
147,393,3,2
147,394,3,2
147,395,3,2
147,396,3,2
147,397,3,2
147,398,3,2
147,399,3,2
147,400,3,2
147,401,3,2
147,402,3,2
147,403,3,2
147,404,3,2
147,405,3,2
147,406,3,2
147,407,3,2
147,408,3,2
147,409,3,2
147,410,3,2
147,411,3,2
147,412,3,2
147,413,3,2
147,414,3,2
147,415,3,2
147,416,3,2
147,417,3,2
147,418,3,2
147,419,3,2
147,420,3,2
147,421,3,2
147,422,3,2
147,423,3,2
147,424,3,2
147,425,3,2
147,426,3,2
147,427,3,2
147,428,3,2
147,429,3,2
147,430,3,2
147,431,3,2
147,432,3,2
147,433,3,2
147,434,3,2
147,435,3,2
147,436,3,2
147,437,3,2
147,438,3,2
147,439,3,2
147,440,3,2
147,441,3,2
147,442,3,2
147,443,3,2
147,444,3,2
147,445,3,2
147,446,3,2
147,447,3,2
147,448,3,2
147,449,3,2
147,450,3,2
147,451,3,2
147,452,3,2
147,453,3,2
147,454,3,2
147,455,3,2
147,456,3,2
147,457,3,2
147,458,3,2
147,459,3,2
147,460,3,2
147,461,3,2
147,462,3,2
147,463,3,2
147,464,3,2
147,465,3,2
147,466,3,2
147,467,3,2
147,468,3,2
147,469,3,2
147,470,3,2
147,471,3,2
147,472,3,2
147,473,3,2
147,474,3,2
147,475,3,2
147,476,3,2
147,477,3,2
147,478,3,2
147,479,3,2
147,480,3,2
147,481,3,2
147,482,3,2
147,483,3,2
147,484,3,2
147,485,3,2
147,486,3,2
147,487,3,2
147,488,3,2
147,489,3,2
147,490,3,2
147,491,3,2
147,492,3,2
147,493,3,2
147,494,3,2
147,495,3,2
147,496,3,2
147,497,3,2
147,498,3,2
147,499,3,2
147,500,3,2
147,501,3,2
147,502,3,2
147,503,3,2
147,504,3,2
147,505,3,2
147,506,3,2
147,507,3,2
147,508,3,2
147,509,3,2
147,510,3,2
147,511,3,2
147,512,3,2
147,513,3,2
147,514,3,2
147,515,3,2
147,516,3,2
147,517,3,2
147,518,3,2
147,519,3,2
147,520,3,2
147,521,3,2
147,522,3,2
147,523,3,2
147,524,3,2
147,525,3,2
147,526,3,2
147,527,3,2
147,528,3,2
147,529,3,2
147,530,3,2
147,531,3,2
147,532,3,2
147,533,3,2
147,534,3,2
147,535,3,2
147,536,3,2
147,537,3,2
147,538,3,2
147,539,3,2
147,540,3,2
147,541,3,2
147,542,3,2
147,543,3,2
147,544,3,2
147,545,3,2
147,546,3,2
147,547,3,2
147,548,3,2
147,549,3,2
147,550,3,2
147,551,3,2
147,552,3,2
147,553,3,2
147,554,3,2
147,555,3,2
147,556,3,2
147,557,3,2
147,558,3,2
147,559,3,2
147,560,3,2
147,561,3,2
147,562,3,2
147,563,3,2
147,564,3,2
147,565,3,2
147,566,3,2
147,567,3,2
147,568,3,2
147,569,3,2
147,570,3,2
147,571,3,2
147,572,3,2
147,573,3,2
147,574,3,2
147,575,3,2
147,576,3,2
147,577,3,2
147,578,3,2
147,579,3,2
147,580,3,2
147,581,3,2
147,582,3,2
147,583,3,2
147,584,3,2
147,585,3,2
147,586,3,2
147,587,3,2
147,588,3,2
147,589,3,2
147,590,3,2
147,591,3,2
147,592,3,2
147,593,3,2
147,594,3,2
147,595,3,2
147,596,3,2
147,597,3,2
147,598,3,2
147,599,3,2
147,600,3,2
147,601,3,2
147,602,3,2
147,603,3,2
147,604,3,2
147,605,3,2
147,606,3,2
147,607,3,2
147,608,3,2
147,609,3,2
147,610,3,2
147,611,3,2
147,612,3,2
147,613,3,2
147,614,3,2
147,615,3,2
147,616,3,2
147,617,3,2
147,618,3,2
147,619,3,2
147,620,3,2
147,621,3,2
147,622,3,2
147,623,3,2
147,624,3,2
147,625,3,2
147,626,3,2
147,627,3,2
147,628,3,2
147,629,3,2
147,630,3,2
147,631,3,2
147,632,3,2
147,633,3,2
147,634,3,2
147,635,3,2
147,636,3,2
147,637,3,2
147,638,3,2
147,639,3,2
147,640,3,2
147,641,3,2
147,642,3,2
147,643,3,2
147,644,3,2
147,645,3,2
147,646,3,2
147,647,3,2
147,648,3,2
147,649,3,2
147,650,3,2
147,651,3,2
147,652,3,2
147,653,3,2
147,654,3,2
147,655,3,2
147,656,3,2
147,657,3,2
147,658,3,2
147,659,3,2
147,660,3,2
147,661,3,2
147,662,3,2
147,663,3,2
147,664,3,2
147,665,3,2
147,666,3,2
147,667,3,2
147,668,3,2
147,669,3,2
147,670,3,2
147,671,3,2
147,672,3,2
147,673,3,2
147,674,3,2
147,675,3,2
147,676,3,2
147,677,3,2
147,678,3,2
147,679,3,2
147,680,3,2
147,681,3,2
147,682,3,2
147,683,3,2
147,684,3,2
147,685,3,2
147,686,3,2
147,687,3,2
147,688,3,2
147,689,3,2
147,690,3,2
147,691,3,2
147,692,3,2
147,693,3,2
147,694,3,2
147,695,3,2
147,696,3,2
147,697,3,2
147,698,3,2
147,699,3,2
147,700,3,2
147,701,3,2
147,702,3,2
147,703,3,2
147,704,3,2
147,705,3,2
147,706,3,2
147,707,3,2
147,708,3,2
147,709,3,2
147,710,3,2
147,711,3,2
147,712,3,2
147,713,3,2
147,714,3,2
147,715,3,2
147,716,3,2
147,717,3,2
147,718,3,2
147,719,3,2
147,720,3,2
147,721,3,2
147,722,3,2
147,723,3,2
147,724,3,2
147,725,3,2
147,726,3,2
147,727,3,2
147,728,3,2
147,729,3,2
147,730,3,2
147,731,3,2
147,732,3,2
147,733,3,2
147,734,3,2
147,735,3,2
147,736,3,2
147,737,3,2
147,738,3,2
147,739,3,2
147,740,3,2
147,741,3,2
147,742,3,2
147,743,3,2
147,744,3,2
147,745,3,2
147,746,3,2
147,747,3,2
147,748,3,2
147,749,3,2
147,750,3,2
147,751,3,2
147,752,3,2
147,753,3,2
147,754,3,2
147,755,3,2
147,756,3,2
147,757,3,2
147,758,3,2
147,759,3,2
148,198,3,2
148,199,3,2
148,200,3,2
148,201,3,2
148,202,3,2
148,203,3,2
148,204,3,3
148,205,3,3
148,206,3,3
148,207,3,3
148,208,3,3
148,209,3,3
148,210,3,3
148,211,3,3
148,212,3,3
148,213,3,3
148,214,3,3
148,215,3,3
148,216,3,3
148,217,3,2
148,218,3,2
148,219,3,2
148,220,3,2
148,221,3,2
148,222,3,2
148,223,3,2
148,224,3,2
148,225,3,2
148,226,3,2
148,227,3,2
148,228,3,2
148,229,3,2
148,230,3,2
148,231,3,2
148,232,3,2
148,233,3,2
148,234,3,2
148,235,3,2
148,236,3,2
148,237,3,2
148,238,3,2
148,239,3,2
148,240,3,2
148,241,3,2
148,242,3,2
148,243,3,2
148,244,3,2
148,245,3,2
148,246,3,2
148,247,3,2
148,248,3,2
148,249,3,2
148,250,3,2
148,251,3,2
148,252,3,2
148,253,3,2
148,254,3,2
148,255,3,2
148,256,3,2
148,257,3,2
148,258,3,2
148,259,3,2
148,260,3,2
148,261,3,2
148,262,3,2
148,263,3,2
148,264,3,2
148,265,3,2
148,266,3,2
148,267,3,2
148,268,3,2
148,269,3,2
148,270,3,2
148,271,3,2
148,272,3,2
148,273,3,2
148,274,3,2
148,275,3,2
148,276,3,2
148,277,3,2
148,278,3,2
148,279,3,2
148,280,3,2
148,281,3,2
148,282,3,2
148,283,3,2
148,284,3,2
148,285,3,2
148,286,3,2
148,287,3,2
148,288,3,2
148,289,3,2
148,290,3,2
148,291,3,2
148,292,3,2
148,293,3,2
148,294,3,2
148,295,3,2
148,296,3,2
148,297,3,2
148,298,3,2
148,299,3,2
148,300,3,2
148,301,3,2
148,302,3,2
148,303,3,2
148,304,3,2
148,305,3,2
148,306,3,2
148,307,3,2
148,308,3,2
148,309,3,2
148,310,3,2
148,311,3,2
148,312,3,2
148,313,3,2
148,314,3,2
148,315,3,2
148,316,3,2
148,317,3,2
148,318,3,2
148,319,3,2
148,320,3,2
148,321,3,2
148,322,3,2
148,323,3,2
148,324,3,2
148,325,3,2
148,326,3,2
148,327,3,2
148,328,3,2
148,329,3,2
148,330,3,2
148,331,3,2
148,332,3,2
148,333,3,2
148,334,3,2
148,335,3,2
148,336,3,2
148,337,3,2
148,338,3,2
148,339,3,2
148,340,3,2
148,341,3,2
148,342,3,2
148,343,3,2
148,344,3,2
148,345,3,2
148,346,3,2
148,347,3,2
148,348,3,2
148,349,3,2
148,350,3,2
148,351,3,2
148,352,3,2
148,353,3,2
148,354,3,2
148,355,3,2
148,356,3,2
148,357,3,2
148,358,3,2
148,359,3,2
148,360,3,2
148,361,3,2
148,362,3,2
148,363,3,2
148,364,3,2
148,365,3,2
148,366,3,2
148,367,3,2
148,368,3,2
148,369,3,2
148,370,3,2
148,371,3,2
148,372,3,2
148,373,3,2
148,374,3,2
148,375,3,2
148,376,3,2
148,377,3,2
148,378,3,2
148,379,3,2
148,380,3,2
148,381,3,2
148,382,3,2
148,383,3,2
148,384,3,2
148,385,3,2
148,386,3,2
148,387,3,2
148,388,3,2
148,389,3,2
148,390,3,2
148,391,3,2
148,392,3,2
148,393,3,2
148,394,3,2
148,395,3,2
148,396,3,2
148,397,3,2
148,398,3,2
148,399,3,2
148,400,3,2
148,401,3,2
148,402,3,2
148,403,3,2
148,404,3,2
148,405,3,2
148,406,3,2
148,407,3,2
148,408,3,2
148,409,3,2
148,410,3,2
148,411,3,2
148,412,3,2
148,413,3,2
148,414,3,2
148,415,3,2
148,416,3,2
148,417,3,2
148,418,3,2
148,419,3,2
148,420,3,2
148,421,3,2
148,422,3,2
148,423,3,2
148,424,3,2
148,425,3,2
148,426,3,2
148,427,3,2
148,428,3,2
148,429,3,2
148,430,3,2
148,431,3,2
148,432,3,2
148,433,3,2
148,434,3,2
148,435,3,2
148,436,3,2
148,437,3,2
148,438,3,2
148,439,3,2
148,440,3,2
148,441,3,2
148,442,3,2
148,443,3,2
148,444,3,2
148,445,3,2
148,446,3,2
148,447,3,2
148,448,3,2
148,449,3,2
148,450,3,2
148,451,3,2
148,452,3,2
148,453,3,2
148,454,3,2
148,455,3,2
148,456,3,2
148,457,3,2
148,458,3,2
148,459,3,2
148,460,3,2
148,461,3,2
148,462,3,2
148,463,3,2
148,464,3,2
148,465,3,2
148,466,3,2
148,467,3,2
148,468,3,2
148,469,3,2
148,470,3,2
148,471,3,2
148,472,3,2
148,473,3,2
148,474,3,2
148,475,3,2
148,476,3,2
148,477,3,2
148,478,3,2
148,479,3,2
148,480,3,2
148,481,3,2
148,482,3,2
148,483,3,2
148,484,3,2
148,485,3,2
148,486,3,2
148,487,3,2
148,488,3,2
148,489,3,2
148,490,3,2
148,491,3,2
148,492,3,2
148,493,3,2
148,494,3,2
148,495,3,2
148,496,3,2
148,497,3,2
148,498,3,2
148,499,3,2
148,500,3,2
148,501,3,2
148,502,3,2
148,503,3,2
148,504,3,2
148,505,3,2
148,506,3,2
148,507,3,2
148,508,3,2
148,509,3,2
148,510,3,2
148,511,3,2
148,512,3,2
148,513,3,2
148,514,3,2
148,515,3,2
148,516,3,2
148,517,3,2
148,518,3,2
148,519,3,2
148,520,3,2
148,521,3,2
148,522,3,2
148,523,3,2
148,524,3,2
148,525,3,2
148,526,3,2
148,527,3,2
148,528,3,2
148,529,3,2
148,530,3,2
148,531,3,2
148,532,3,2
148,533,3,2
148,534,3,2
148,535,3,2
148,536,3,2
148,537,3,2
148,538,3,2
148,539,3,2
148,540,3,2
148,541,3,2
148,542,3,2
148,543,3,2
148,544,3,2
148,545,3,2
148,546,3,2
148,547,3,2
148,548,3,2
148,549,3,2
148,550,3,2
148,551,3,2
148,552,3,2
148,553,3,2
148,554,3,2
148,555,3,2
148,556,3,2
148,557,3,2
148,558,3,2
148,559,3,2
148,560,3,2
148,561,3,2
148,562,3,2
148,563,3,2
148,564,3,2
148,565,3,2
148,566,3,2
148,567,3,2
148,568,3,2
148,569,3,2
148,570,3,2
148,571,3,2
148,572,3,2
148,573,3,2
148,574,3,2
148,575,3,2
148,576,3,2
148,577,3,2
148,578,3,2
148,579,3,2
148,580,3,2
148,581,3,2
148,582,3,2
148,583,3,2
148,584,3,2
148,585,3,2
148,586,3,2
148,587,3,2
148,588,3,2
148,589,3,2
148,590,3,2
148,591,3,2
148,592,3,2
148,593,3,2
148,594,3,2
148,595,3,2
148,596,3,2
148,597,3,2
148,598,3,2
148,599,3,2
148,600,3,2
148,601,3,2
148,602,3,2
148,603,3,2
148,604,3,2
148,605,3,2
148,606,3,2
148,607,3,2
148,608,3,2
148,609,3,2
148,610,3,2
148,611,3,2
148,612,3,2
148,613,3,2
148,614,3,2
148,615,3,2
148,616,3,2
148,617,3,2
148,618,3,2
148,619,3,2
148,620,3,2
148,621,3,2
148,622,3,2
148,623,3,2
148,624,3,2
148,625,3,2
148,626,3,2
148,627,3,2
148,628,3,2
148,629,3,2
148,630,3,2
148,631,3,2
148,632,3,2
148,633,3,2
148,634,3,2
148,635,3,2
148,636,3,2
148,637,3,2
148,638,3,2
148,639,3,2
148,640,3,2
148,641,3,2
148,642,3,2
148,643,3,2
148,644,3,2
148,645,3,2
148,646,3,2
148,647,3,2
148,648,3,2
148,649,3,2
148,650,3,2
148,651,3,2
148,652,3,2
148,653,3,2
148,654,3,2
148,655,3,2
148,656,3,2
148,657,3,2
148,658,3,2
148,659,3,2
148,660,3,2
148,661,3,2
148,662,3,2
148,663,3,2
148,664,3,2
148,665,3,2
148,666,3,2
148,667,3,2
148,668,3,2
148,669,3,2
148,670,3,2
148,671,3,2
148,672,3,2
148,673,3,2
148,674,3,2
148,675,3,2
148,676,3,2
148,677,3,2
148,678,3,2
148,679,3,2
148,680,3,2
148,681,3,2
148,682,3,2
148,683,3,2
148,684,3,2
148,685,3,2
148,686,3,2
148,687,3,2
148,688,3,2
148,689,3,2
148,690,3,2
148,691,3,2
148,692,3,2
148,693,3,2
148,694,3,2
148,695,3,2
148,696,3,2
148,697,3,2
148,698,3,2
148,699,3,2
148,700,3,2
148,701,3,2
148,702,3,2
148,703,3,2
148,704,3,2
148,705,3,2
148,706,3,2
148,707,3,2
148,708,3,2
148,709,3,2
148,710,3,2
148,711,3,2
148,712,3,2
148,713,3,2
148,714,3,2
148,715,3,2
148,716,3,2
148,717,3,2
148,718,3,2
148,719,3,2
148,720,3,2
148,721,3,2
148,722,3,2
148,723,3,2
148,724,3,2
148,725,3,2
148,726,3,2
148,727,3,2
148,728,3,2
148,729,3,2
148,730,3,2
148,731,3,2
148,732,3,2
148,733,3,2
148,734,3,2
148,735,3,2
148,736,3,2
148,737,3,2
148,738,3,2
148,739,3,2
148,740,3,2
148,741,3,2
148,742,3,2
148,743,3,2
148,744,3,2
148,745,3,2
148,746,3,2
148,747,3,2
148,748,3,2
148,749,3,2
148,750,3,2
148,751,3,2
148,752,3,2
148,753,3,2
148,754,3,2
148,755,3,2
148,756,3,2
148,757,3,2
148,758,3,2
148,759,3,2
148,760,3,2
148,767,3,2
149,198,3,2
149,199,3,2
149,200,3,2
149,201,3,2
149,202,3,3
149,203,3,3
149,204,3,3
149,205,3,3
149,206,3,3
149,207,3,3
149,208,3,3
149,209,3,3
149,210,3,3
149,211,3,3
149,212,3,3
149,213,3,3
149,214,3,3
149,215,3,3
149,216,3,2
149,217,3,2
149,218,3,2
149,219,3,2
149,220,3,2
149,221,3,2
149,222,3,2
149,223,3,2
149,224,3,2
149,225,3,2
149,226,3,2
149,227,3,2
149,228,3,2
149,229,3,2
149,230,3,2
149,231,3,2
149,232,3,2
149,233,3,2
149,234,3,2
149,235,3,2
149,236,3,2
149,237,3,2
149,238,3,2
149,239,3,2
149,240,3,2
149,241,3,2
149,242,3,2
149,243,3,2
149,244,3,2
149,245,3,2
149,246,3,2
149,247,3,2
149,248,3,2
149,249,3,2
149,250,3,2
149,251,3,2
149,252,3,2
149,253,3,2
149,254,3,2
149,255,3,2
149,256,3,2
149,257,3,2
149,258,3,2
149,259,3,2
149,260,3,2
149,261,3,2
149,262,3,2
149,263,3,2
149,264,3,2
149,265,3,2
149,266,3,2
149,267,3,2
149,268,3,2
149,269,3,2
149,270,3,2
149,271,3,2
149,272,3,2
149,273,3,2
149,274,3,2
149,275,3,2
149,276,3,2
149,277,3,2
149,278,3,2
149,279,3,2
149,280,3,2
149,281,3,2
149,282,3,2
149,283,3,2
149,284,3,2
149,285,3,2
149,286,3,2
149,287,3,2
149,288,3,2
149,289,3,2
149,290,3,2
149,291,3,2
149,292,3,2
149,293,3,2
149,294,3,2
149,295,3,2
149,296,3,2
149,297,3,2
149,298,3,2
149,299,3,2
149,300,3,2
149,301,3,2
149,302,3,2
149,303,3,2
149,304,3,2
149,305,3,2
149,306,3,2
149,307,3,2
149,308,3,2
149,309,3,2
149,310,3,2
149,311,3,2
149,312,3,2
149,313,3,2
149,314,3,2
149,315,3,2
149,316,3,2
149,317,3,2
149,318,3,2
149,319,3,2
149,320,3,2
149,321,3,2
149,322,3,2
149,323,3,2
149,324,3,2
149,325,3,2
149,326,3,2
149,327,3,2
149,328,3,2
149,329,3,2
149,330,3,2
149,331,3,2
149,332,3,2
149,333,3,2
149,334,3,2
149,335,3,2
149,336,3,2
149,337,3,2
149,338,3,2
149,339,3,2
149,340,3,2
149,341,3,2
149,342,3,2
149,343,3,2
149,344,3,2
149,345,3,2
149,346,3,2
149,347,3,2
149,348,3,2
149,349,3,2
149,350,3,2
149,351,3,2
149,352,3,2
149,353,3,2
149,354,3,2
149,355,3,2
149,356,3,2
149,357,3,2
149,358,3,2
149,359,3,2
149,360,3,2
149,361,3,2
149,362,3,2
149,363,3,2
149,364,3,2
149,365,3,2
149,366,3,2
149,367,3,2
149,368,3,2
149,369,3,2
149,370,3,2
149,371,3,2
149,372,3,2
149,373,3,2
149,374,3,2
149,375,3,2
149,376,3,2
149,377,3,2
149,378,3,2
149,379,3,2
149,380,3,2
149,381,3,2
149,382,3,2
149,383,3,2
149,384,3,2
149,385,3,2
149,386,3,2
149,387,3,2
149,388,3,2
149,389,3,2
149,390,3,2
149,391,3,2
149,392,3,2
149,393,3,2
149,394,3,2
149,395,3,2
149,396,3,2
149,397,3,2
149,398,3,2
149,399,3,2
149,400,3,2
149,401,3,2
149,402,3,2
149,403,3,2
149,404,3,2
149,405,3,2
149,406,3,2
149,407,3,2
149,408,3,2
149,409,3,2
149,410,3,2
149,411,3,2
149,412,3,2
149,413,3,2
149,414,3,2
149,415,3,2
149,416,3,2
149,417,3,2
149,418,3,2
149,419,3,2
149,420,3,2
149,421,3,2
149,422,3,2
149,423,3,2
149,424,3,2
149,425,3,2
149,426,3,2
149,427,3,2
149,428,3,2
149,429,3,2
149,430,3,2
149,431,3,2
149,432,3,2
149,433,3,2
149,434,3,2
149,435,3,2
149,436,3,2
149,437,3,2
149,438,3,2
149,439,3,2
149,440,3,2
149,441,3,2
149,442,3,2
149,443,3,2
149,444,3,2
149,445,3,2
149,446,3,2
149,447,3,2
149,448,3,2
149,449,3,2
149,450,3,2
149,451,3,2
149,452,3,2
149,453,3,2
149,454,3,2
149,455,3,2
149,456,3,2
149,457,3,2
149,458,3,2
149,459,3,2
149,460,3,2
149,461,3,2
149,462,3,2
149,463,3,2
149,464,3,2
149,465,3,2
149,466,3,2
149,467,3,2
149,468,3,2
149,469,3,2
149,470,3,2
149,471,3,2
149,472,3,2
149,473,3,2
149,474,3,2
149,475,3,2
149,476,3,2
149,477,3,2
149,478,3,2
149,479,3,2
149,480,3,2
149,481,3,2
149,482,3,2
149,483,3,2
149,484,3,2
149,485,3,2
149,486,3,2
149,487,3,2
149,488,3,2
149,489,3,2
149,490,3,2
149,491,3,2
149,492,3,2
149,493,3,2
149,494,3,2
149,495,3,2
149,496,3,2
149,497,3,2
149,498,3,2
149,499,3,2
149,500,3,2
149,501,3,2
149,502,3,2
149,503,3,2
149,504,3,2
149,505,3,2
149,506,3,2
149,507,3,2
149,508,3,2
149,509,3,2
149,510,3,2
149,511,3,2
149,512,3,2
149,513,3,2
149,514,3,2
149,515,3,2
149,516,3,2
149,517,3,2
149,518,3,2
149,519,3,2
149,520,3,2
149,521,3,2
149,522,3,2
149,523,3,2
149,524,3,2
149,525,3,2
149,526,3,2
149,527,3,2
149,528,3,2
149,529,3,2
149,530,3,2
149,531,3,2
149,532,3,2
149,533,3,2
149,534,3,2
149,535,3,2
149,536,3,2
149,537,3,2
149,538,3,2
149,539,3,2
149,540,3,2
149,541,3,2
149,542,3,2
149,543,3,2
149,544,3,2
149,545,3,2
149,546,3,2
149,547,3,2
149,548,3,2
149,549,3,2
149,550,3,2
149,551,3,2
149,552,3,2
149,553,3,2
149,554,3,2
149,555,3,2
149,556,3,2
149,557,3,2
149,558,3,2
149,559,3,2
149,560,3,2
149,561,3,2
149,562,3,2
149,563,3,2
149,564,3,2
149,565,3,2
149,566,3,2
149,567,3,2
149,568,3,2
149,569,3,2
149,570,3,2
149,571,3,2
149,572,3,2
149,573,3,2
149,574,3,2
149,575,3,2
149,576,3,2
149,577,3,2
149,578,3,2
149,579,3,2
149,580,3,2
149,581,3,2
149,582,3,2
149,583,3,2
149,584,3,2
149,585,3,2
149,586,3,2
149,587,3,2
149,588,3,2
149,589,3,2
149,590,3,2
149,591,3,2
149,592,3,2
149,593,3,2
149,594,3,2
149,595,3,2
149,596,3,2
149,597,3,2
149,598,3,2
149,599,3,2
149,600,3,2
149,601,3,2
149,602,3,2
149,603,3,2
149,604,3,2
149,605,3,2
149,606,3,2
149,607,3,2
149,608,3,2
149,609,3,2
149,610,3,2
149,611,3,2
149,612,3,2
149,613,3,2
149,614,3,2
149,615,3,2
149,616,3,2
149,617,3,2
149,618,3,2
149,619,3,2
149,620,3,2
149,621,3,2
149,622,3,2
149,623,3,2
149,624,3,2
149,625,3,2
149,626,3,2
149,627,3,2
149,628,3,2
149,629,3,2
149,630,3,2
149,631,3,2
149,632,3,2
149,633,3,2
149,634,3,2
149,635,3,2
149,636,3,2
149,637,3,2
149,638,3,2
149,639,3,2
149,640,3,2
149,641,3,2
149,642,3,2
149,643,3,2
149,644,3,2
149,645,3,2
149,646,3,2
149,647,3,2
149,648,3,2
149,649,3,2
149,650,3,2
149,651,3,2
149,652,3,2
149,653,3,2
149,654,3,2
149,655,3,2
149,656,3,2
149,657,3,2
149,658,3,2
149,659,3,2
149,660,3,2
149,661,3,2
149,662,3,2
149,663,3,2
149,664,3,2
149,665,3,2
149,666,3,2
149,667,3,2
149,668,3,2
149,669,3,2
149,670,3,2
149,671,3,2
149,672,3,2
149,673,3,2
149,674,3,2
149,675,3,2
149,676,3,2
149,677,3,2
149,678,3,2
149,679,3,2
149,680,3,2
149,681,3,2
149,682,3,2
149,683,3,2
149,684,3,2
149,685,3,2
149,686,3,2
149,687,3,2
149,688,3,2
149,689,3,2
149,690,3,2
149,691,3,2
149,692,3,2
149,693,3,2
149,694,3,2
149,695,3,2
149,696,3,2
149,697,3,2
149,698,3,2
149,699,3,2
149,700,3,2
149,701,3,2
149,702,3,2
149,703,3,2
149,704,3,2
149,705,3,2
149,706,3,2
149,707,3,2
149,708,3,2
149,709,3,2
149,710,3,2
149,711,3,2
149,712,3,2
149,713,3,2
149,714,3,2
149,715,3,2
149,716,3,2
149,717,3,2
149,718,3,2
149,719,3,2
149,720,3,2
149,721,3,2
149,722,3,2
149,723,3,2
149,724,3,2
149,725,3,2
149,726,3,2
149,727,3,2
149,728,3,2
149,729,3,2
149,730,3,2
149,731,3,2
149,732,3,2
149,733,3,2
149,734,3,2
149,735,3,2
149,736,3,2
149,737,3,2
149,738,3,2
149,739,3,2
149,740,3,2
149,741,3,2
149,742,3,2
149,743,3,2
149,744,3,2
149,745,3,2
149,746,3,2
149,747,3,2
149,748,3,2
149,749,3,2
149,750,3,2
149,751,3,2
149,752,3,2
149,753,3,2
149,754,3,2
149,755,3,2
149,756,3,2
149,757,3,2
149,758,3,2
149,759,3,2
149,760,3,2
149,768,3,2
150,197,3,2
150,198,3,2
150,199,3,2
150,200,3,2
150,201,3,2
150,202,3,3
150,203,3,3
150,204,3,3
150,205,3,3
150,206,3,3
150,207,3,3
150,208,3,3
150,209,3,3
150,210,3,3
150,211,3,3
150,212,3,3
150,213,3,3
150,214,3,2
150,215,3,2
150,216,3,2
150,217,3,2
150,218,3,2
150,219,3,2
150,220,3,2
150,221,3,2
150,222,3,2
150,223,3,2
150,224,3,2
150,225,3,2
150,226,3,2
150,227,3,2
150,228,3,2
150,229,3,2
150,230,3,2
150,231,3,2
150,232,3,2
150,233,3,2
150,234,3,2
150,235,3,2
150,236,3,2
150,237,3,2
150,238,3,2
150,239,3,2
150,240,3,2
150,241,3,2
150,242,3,2
150,243,3,2
150,244,3,2
150,245,3,2
150,246,3,2
150,247,3,2
150,248,3,2
150,249,3,2
150,250,3,2
150,251,3,2
150,252,3,2
150,253,3,2
150,254,3,2
150,255,3,2
150,256,3,2
150,257,3,2
150,258,3,2
150,259,3,2
150,260,3,2
150,261,3,2
150,262,3,2
150,263,3,2
150,264,3,2
150,265,3,2
150,266,3,2
150,267,3,2
150,268,3,2
150,269,3,2
150,270,3,2
150,271,3,2
150,272,3,2
150,273,3,2
150,274,3,2
150,275,3,2
150,276,3,2
150,277,3,2
150,278,3,2
150,279,3,2
150,280,3,2
150,281,3,2
150,282,3,2
150,283,3,2
150,284,3,2
150,285,3,2
150,286,3,2
150,287,3,2
150,288,3,2
150,289,3,2
150,290,3,2
150,291,3,2
150,292,3,2
150,293,3,2
150,294,3,2
150,295,3,2
150,296,3,2
150,297,3,2
150,298,3,2
150,299,3,2
150,300,3,2
150,301,3,2
150,302,3,2
150,303,3,2
150,304,3,2
150,305,3,2
150,306,3,2
150,307,3,2
150,308,3,2
150,309,3,2
150,310,3,2
150,311,3,2
150,312,3,2
150,313,3,2
150,314,3,2
150,315,3,2
150,316,3,2
150,317,3,2
150,318,3,2
150,319,3,2
150,320,3,2
150,321,3,2
150,322,3,2
150,323,3,2
150,324,3,2
150,325,3,2
150,326,3,2
150,327,3,2
150,328,3,2
150,329,3,2
150,330,3,2
150,331,3,2
150,332,3,2
150,333,3,2
150,334,3,2
150,335,3,2
150,336,3,2
150,337,3,2
150,338,3,2
150,339,3,2
150,340,3,2
150,341,3,2
150,342,3,2
150,343,3,2
150,344,3,2
150,345,3,2
150,346,3,2
150,347,3,2
150,348,3,2
150,349,3,2
150,350,3,2
150,351,3,2
150,352,3,2
150,353,3,2
150,354,3,2
150,355,3,2
150,356,3,2
150,357,3,2
150,358,3,2
150,359,3,2
150,360,3,2
150,361,3,2
150,362,3,2
150,363,3,2
150,364,3,2
150,365,3,2
150,366,3,2
150,367,3,2
150,368,3,2
150,369,3,2
150,370,3,2
150,371,3,2
150,372,3,2
150,373,3,2
150,374,3,2
150,375,3,2
150,376,3,2
150,377,3,2
150,378,3,2
150,379,3,2
150,380,3,2
150,381,3,2
150,382,3,2
150,383,3,2
150,384,3,2
150,385,3,2
150,386,3,2
150,387,3,2
150,388,3,2
150,389,3,2
150,390,3,2
150,391,3,2
150,392,3,2
150,393,3,2
150,394,3,2
150,395,3,2
150,396,3,2
150,397,3,2
150,398,3,2
150,399,3,2
150,400,3,2
150,401,3,2
150,402,3,2
150,403,3,2
150,404,3,2
150,405,3,2
150,406,3,2
150,407,3,2
150,408,3,2
150,409,3,2
150,410,3,2
150,411,3,2
150,412,3,2
150,413,3,2
150,414,3,2
150,415,3,2
150,416,3,2
150,417,3,2
150,418,3,2
150,419,3,2
150,420,3,2
150,421,3,2
150,422,3,2
150,423,3,2
150,424,3,2
150,425,3,2
150,426,3,2
150,427,3,2
150,428,3,2
150,429,3,2
150,430,3,2
150,431,3,2
150,432,3,2
150,433,3,2
150,434,3,2
150,435,3,2
150,436,3,2
150,437,3,2
150,438,3,2
150,439,3,2
150,440,3,2
150,441,3,2
150,442,3,2
150,443,3,2
150,444,3,2
150,445,3,2
150,446,3,2
150,447,3,2
150,448,3,2
150,449,3,2
150,450,3,2
150,451,3,2
150,452,3,2
150,453,3,2
150,454,3,2
150,455,3,2
150,456,3,2
150,457,3,2
150,458,3,2
150,459,3,2
150,460,3,2
150,461,3,2
150,462,3,2
150,463,3,2
150,464,3,2
150,465,3,2
150,466,3,2
150,467,3,2
150,468,3,2
150,469,3,2
150,470,3,2
150,471,3,2
150,472,3,2
150,473,3,2
150,474,3,2
150,475,3,2
150,476,3,2
150,477,3,2
150,478,3,2
150,479,3,2
150,480,3,2
150,481,3,2
150,482,3,2
150,483,3,2
150,484,3,2
150,485,3,2
150,486,3,2
150,487,3,2
150,488,3,2
150,489,3,2
150,490,3,2
150,491,3,2
150,492,3,2
150,493,3,2
150,494,3,2
150,495,3,2
150,496,3,2
150,497,3,2
150,498,3,2
150,499,3,2
150,500,3,2
150,501,3,2
150,502,3,2
150,503,3,2
150,504,3,2
150,505,3,2
150,506,3,2
150,507,3,2
150,508,3,2
150,509,3,2
150,510,3,2
150,511,3,2
150,512,3,2
150,513,3,2
150,514,3,2
150,515,3,2
150,516,3,2
150,517,3,2
150,518,3,2
150,519,3,2
150,520,3,2
150,521,3,2
150,522,3,2
150,523,3,2
150,524,3,2
150,525,3,2
150,526,3,2
150,527,3,2
150,528,3,2
150,529,3,2
150,530,3,2
150,531,3,2
150,532,3,2
150,533,3,2
150,534,3,2
150,535,3,2
150,536,3,2
150,537,3,2
150,538,3,2
150,539,3,2
150,540,3,2
150,541,3,2
150,542,3,2
150,543,3,2
150,544,3,2
150,545,3,2
150,546,3,2
150,547,3,2
150,548,3,2
150,549,3,2
150,550,3,2
150,551,3,2
150,552,3,2
150,553,3,2
150,554,3,2
150,555,3,2
150,556,3,2
150,557,3,2
150,558,3,2
150,559,3,2
150,560,3,2
150,561,3,2
150,562,3,2
150,563,3,2
150,564,3,2
150,565,3,2
150,566,3,2
150,567,3,2
150,568,3,2
150,569,3,2
150,570,3,2
150,571,3,2
150,572,3,2
150,573,3,2
150,574,3,2
150,575,3,2
150,576,3,2
150,577,3,2
150,578,3,2
150,579,3,2
150,580,3,2
150,581,3,2
150,582,3,2
150,583,3,2
150,584,3,2
150,585,3,2
150,586,3,2
150,587,3,2
150,588,3,2
150,589,3,2
150,590,3,2
150,591,3,2
150,592,3,2
150,593,3,2
150,594,3,2
150,595,3,2
150,596,3,2
150,597,3,2
150,598,3,2
150,599,3,2
150,600,3,2
150,601,3,2
150,602,3,2
150,603,3,2
150,604,3,2
150,605,3,2
150,606,3,2
150,607,3,2
150,608,3,2
150,609,3,2
150,610,3,2
150,611,3,2
150,612,3,2
150,613,3,2
150,614,3,2
150,615,3,2
150,616,3,2
150,617,3,2
150,618,3,2
150,619,3,2
150,620,3,2
150,621,3,2
150,622,3,2
150,623,3,2
150,624,3,2
150,625,3,2
150,626,3,2
150,627,3,2
150,628,3,2
150,629,3,2
150,630,3,2
150,631,3,2
150,632,3,2
150,633,3,2
150,634,3,2
150,635,3,2
150,636,3,2
150,637,3,2
150,638,3,2
150,639,3,2
150,640,3,2
150,641,3,2
150,642,3,2
150,643,3,2
150,644,3,2
150,645,3,2
150,646,3,2
150,647,3,2
150,648,3,2
150,649,3,2
150,650,3,2
150,651,3,2
150,652,3,2
150,653,3,2
150,654,3,2
150,655,3,2
150,656,3,2
150,657,3,2
150,658,3,2
150,659,3,2
150,660,3,2
150,661,3,2
150,662,3,2
150,663,3,2
150,664,3,2
150,665,3,2
150,666,3,2
150,667,3,2
150,668,3,2
150,669,3,2
150,670,3,2
150,671,3,2
150,672,3,2
150,673,3,2
150,674,3,2
150,675,3,2
150,676,3,2
150,677,3,2
150,678,3,2
150,679,3,2
150,680,3,2
150,681,3,2
150,682,3,2
150,683,3,2
150,684,3,2
150,685,3,2
150,686,3,2
150,687,3,2
150,688,3,2
150,689,3,2
150,690,3,2
150,691,3,2
150,692,3,2
150,693,3,2
150,694,3,2
150,695,3,2
150,696,3,2
150,697,3,2
150,698,3,2
150,699,3,2
150,700,3,2
150,701,3,2
150,702,3,2
150,703,3,2
150,704,3,2
150,705,3,2
150,706,3,2
150,707,3,2
150,708,3,2
150,709,3,2
150,710,3,2
150,711,3,2
150,712,3,2
150,713,3,2
150,714,3,2
150,715,3,2
150,716,3,2
150,717,3,2
150,718,3,2
150,719,3,2
150,720,3,2
150,721,3,2
150,722,3,2
150,723,3,2
150,724,3,2
150,725,3,2
150,726,3,2
150,727,3,2
150,728,3,2
150,729,3,2
150,730,3,2
150,731,3,2
150,732,3,2
150,733,3,2
150,734,3,2
150,735,3,2
150,736,3,2
150,737,3,2
150,738,3,2
150,739,3,2
150,740,3,2
150,741,3,2
150,742,3,2
150,743,3,2
150,744,3,2
150,745,3,2
150,746,3,2
150,747,3,2
150,748,3,2
150,749,3,2
150,750,3,2
150,751,3,2
150,752,3,2
150,753,3,2
150,754,3,2
150,755,3,2
150,756,3,2
150,757,3,2
150,758,3,2
150,759,3,2
150,760,3,2
150,767,3,2
150,768,3,2
151,195,3,2
151,196,3,2
151,197,3,2
151,198,3,2
151,199,3,2
151,200,3,2
151,201,3,3
151,202,3,3
151,203,3,3
151,204,3,3
151,205,3,3
151,206,3,3
151,207,3,3
151,208,3,3
151,209,3,3
151,210,3,3
151,211,3,3
151,212,3,2
151,213,3,2
151,214,3,2
151,215,3,2
151,216,3,2
151,217,3,2
151,218,3,2
151,219,3,2
151,220,3,2
151,221,3,2
151,222,3,2
151,223,3,2
151,224,3,2
151,225,3,2
151,226,3,2
151,227,3,2
151,228,3,2
151,229,3,2
151,230,3,2
151,231,3,2
151,232,3,2
151,233,3,2
151,234,3,2
151,235,3,2
151,236,3,2
151,237,3,2
151,238,3,2
151,239,3,2
151,240,3,2
151,241,3,2
151,242,3,2
151,243,3,2
151,244,3,2
151,245,3,2
151,246,3,2
151,247,3,2
151,248,3,2
151,249,3,2
151,250,3,2
151,251,3,2
151,252,3,2
151,253,3,2
151,254,3,2
151,255,3,2
151,256,3,2
151,257,3,2
151,258,3,2
151,259,3,2
151,260,3,2
151,261,3,2
151,262,3,2
151,263,3,2
151,264,3,2
151,265,3,2
151,266,3,2
151,267,3,2
151,268,3,2
151,269,3,2
151,270,3,2
151,271,3,2
151,272,3,2
151,273,3,2
151,274,3,2
151,275,3,2
151,276,3,2
151,277,3,2
151,278,3,2
151,279,3,2
151,280,3,2
151,281,3,2
151,282,3,2
151,283,3,2
151,284,3,2
151,285,3,2
151,286,3,2
151,287,3,2
151,288,3,2
151,289,3,2
151,290,3,2
151,291,3,2
151,292,3,2
151,293,3,2
151,294,3,2
151,295,3,2
151,296,3,2
151,297,3,2
151,298,3,2
151,299,3,2
151,300,3,2
151,301,3,2
151,302,3,2
151,303,3,2
151,304,3,2
151,305,3,2
151,306,3,2
151,307,3,2
151,308,3,2
151,309,3,2
151,310,3,2
151,311,3,2
151,312,3,2
151,313,3,2
151,314,3,2
151,315,3,2
151,316,3,2
151,317,3,2
151,318,3,2
151,319,3,2
151,320,3,2
151,321,3,2
151,322,3,2
151,323,3,2
151,324,3,2
151,325,3,2
151,326,3,2
151,327,3,2
151,328,3,2
151,329,3,2
151,330,3,2
151,331,3,2
151,332,3,2
151,333,3,2
151,334,3,2
151,335,3,2
151,336,3,2
151,337,3,2
151,338,3,2
151,339,3,2
151,340,3,2
151,341,3,2
151,342,3,2
151,343,3,2
151,344,3,2
151,345,3,2
151,346,3,2
151,347,3,2
151,348,3,2
151,349,3,2
151,350,3,2
151,351,3,2
151,352,3,2
151,353,3,2
151,354,3,2
151,355,3,2
151,356,3,2
151,357,3,2
151,358,3,2
151,359,3,2
151,360,3,2
151,361,3,2
151,362,3,2
151,363,3,2
151,364,3,2
151,365,3,2
151,366,3,2
151,367,3,2
151,368,3,2
151,369,3,2
151,370,3,2
151,371,3,2
151,372,3,2
151,373,3,2
151,374,3,2
151,375,3,2
151,376,3,2
151,377,3,2
151,378,3,2
151,379,3,2
151,380,3,2
151,381,3,2
151,382,3,2
151,383,3,2
151,384,3,2
151,385,3,2
151,386,3,2
151,387,3,2
151,388,3,2
151,389,3,2
151,390,3,2
151,391,3,2
151,392,3,2
151,393,3,2
151,394,3,2
151,395,3,2
151,396,3,2
151,397,3,2
151,398,3,2
151,399,3,2
151,400,3,2
151,401,3,2
151,402,3,2
151,403,3,2
151,404,3,2
151,405,3,2
151,406,3,2
151,407,3,2
151,408,3,2
151,409,3,2
151,410,3,2
151,411,3,2
151,412,3,2
151,413,3,2
151,414,3,2
151,415,3,2
151,416,3,2
151,417,3,2
151,418,3,2
151,419,3,2
151,420,3,2
151,421,3,2
151,422,3,2
151,423,3,2
151,424,3,2
151,425,3,2
151,426,3,2
151,427,3,2
151,428,3,2
151,429,3,2
151,430,3,2
151,431,3,2
151,432,3,2
151,433,3,2
151,434,3,2
151,435,3,2
151,436,3,2
151,437,3,2
151,438,3,2
151,439,3,2
151,440,3,2
151,441,3,2
151,442,3,2
151,443,3,2
151,444,3,2
151,445,3,2
151,446,3,2
151,447,3,2
151,448,3,2
151,449,3,2
151,450,3,2
151,451,3,2
151,452,3,2
151,453,3,2
151,454,3,2
151,455,3,2
151,456,3,2
151,457,3,2
151,458,3,2
151,459,3,2
151,460,3,2
151,461,3,2
151,462,3,2
151,463,3,2
151,464,3,2
151,465,3,2
151,466,3,2
151,467,3,2
151,468,3,2
151,469,3,2
151,470,3,2
151,471,3,2
151,472,3,2
151,473,3,2
151,474,3,2
151,475,3,2
151,476,3,2
151,477,3,2
151,478,3,2
151,479,3,2
151,480,3,2
151,481,3,2
151,482,3,2
151,483,3,2
151,484,3,2
151,485,3,2
151,486,3,2
151,487,3,2
151,488,3,2
151,489,3,2
151,490,3,2
151,491,3,2
151,492,3,2
151,493,3,2
151,494,3,2
151,495,3,2
151,496,3,2
151,497,3,2
151,498,3,2
151,499,3,2
151,500,3,2
151,501,3,2
151,502,3,2
151,503,3,2
151,504,3,2
151,505,3,2
151,506,3,2
151,507,3,2
151,508,3,2
151,509,3,2
151,510,3,2
151,511,3,2
151,512,3,2
151,513,3,2
151,514,3,2
151,515,3,2
151,516,3,2
151,517,3,2
151,518,3,2
151,519,3,2
151,520,3,2
151,521,3,2
151,522,3,2
151,523,3,2
151,524,3,2
151,525,3,2
151,526,3,2
151,527,3,2
151,528,3,2
151,529,3,2
151,530,3,2
151,531,3,2
151,532,3,2
151,533,3,2
151,534,3,2
151,535,3,2
151,536,3,2
151,537,3,2
151,538,3,2
151,539,3,2
151,540,3,2
151,541,3,2
151,542,3,2
151,543,3,2
151,544,3,2
151,545,3,2
151,546,3,2
151,547,3,2
151,548,3,2
151,549,3,2
151,550,3,2
151,551,3,2
151,552,3,2
151,553,3,2
151,554,3,2
151,555,3,2
151,556,3,2
151,557,3,2
151,558,3,2
151,559,3,2
151,560,3,2
151,561,3,2
151,562,3,2
151,563,3,2
151,564,3,2
151,565,3,2
151,566,3,2
151,567,3,2
151,568,3,2
151,569,3,2
151,570,3,2
151,571,3,2
151,572,3,2
151,573,3,2
151,574,3,2
151,575,3,2
151,576,3,2
151,577,3,2
151,578,3,2
151,579,3,2
151,580,3,2
151,581,3,2
151,582,3,2
151,583,3,2
151,584,3,2
151,585,3,2
151,586,3,2
151,587,3,2
151,588,3,2
151,589,3,2
151,590,3,2
151,591,3,2
151,592,3,2
151,593,3,2
151,594,3,2
151,595,3,2
151,596,3,2
151,597,3,2
151,598,3,2
151,599,3,2
151,600,3,2
151,601,3,2
151,602,3,2
151,603,3,2
151,604,3,2
151,605,3,2
151,606,3,2
151,607,3,2
151,608,3,2
151,609,3,2
151,610,3,2
151,611,3,2
151,612,3,2
151,613,3,2
151,614,3,2
151,615,3,2
151,616,3,2
151,617,3,2
151,618,3,2
151,619,3,2
151,620,3,2
151,621,3,2
151,622,3,2
151,623,3,2
151,624,3,2
151,625,3,2
151,626,3,2
151,627,3,2
151,628,3,2
151,629,3,2
151,630,3,2
151,631,3,2
151,632,3,2
151,633,3,2
151,634,3,2
151,635,3,2
151,636,3,2
151,637,3,2
151,638,3,2
151,639,3,2
151,640,3,2
151,641,3,2
151,642,3,2
151,643,3,2
151,644,3,2
151,645,3,2
151,646,3,2
151,647,3,2
151,648,3,2
151,649,3,2
151,650,3,2
151,651,3,2
151,652,3,2
151,653,3,2
151,654,3,2
151,655,3,2
151,656,3,2
151,657,3,2
151,658,3,2
151,659,3,2
151,660,3,2
151,661,3,2
151,662,3,2
151,663,3,2
151,664,3,2
151,665,3,2
151,666,3,2
151,667,3,2
151,668,3,2
151,669,3,2
151,670,3,2
151,671,3,2
151,672,3,2
151,673,3,2
151,674,3,2
151,675,3,2
151,676,3,2
151,677,3,2
151,678,3,2
151,679,3,2
151,680,3,2
151,681,3,2
151,682,3,2
151,683,3,2
151,684,3,2
151,685,3,2
151,686,3,2
151,687,3,2
151,688,3,2
151,689,3,2
151,690,3,2
151,691,3,2
151,692,3,2
151,693,3,2
151,694,3,2
151,695,3,2
151,696,3,2
151,697,3,2
151,698,3,2
151,699,3,2
151,700,3,2
151,701,3,2
151,702,3,2
151,703,3,2
151,704,3,2
151,705,3,2
151,706,3,2
151,707,3,2
151,708,3,2
151,709,3,2
151,710,3,2
151,711,3,2
151,712,3,2
151,713,3,2
151,714,3,2
151,715,3,2
151,716,3,2
151,717,3,2
151,718,3,2
151,719,3,2
151,720,3,2
151,721,3,2
151,722,3,2
151,723,3,2
151,724,3,2
151,725,3,2
151,726,3,2
151,727,3,2
151,728,3,2
151,729,3,2
151,730,3,2
151,731,3,2
151,732,3,2
151,733,3,2
151,734,3,2
151,735,3,2
151,736,3,2
151,737,3,2
151,738,3,2
151,739,3,2
151,740,3,2
151,741,3,2
151,742,3,2
151,743,3,2
151,744,3,2
151,745,3,2
151,746,3,2
151,747,3,2
151,748,3,2
151,749,3,2
151,750,3,2
151,751,3,2
151,752,3,2
151,753,3,2
151,754,3,2
151,755,3,2
151,756,3,2
151,757,3,2
151,758,3,2
151,759,3,2
151,760,3,2
151,761,3,2
151,762,3,2
151,765,3,2
151,766,3,2
151,767,3,2
151,768,3,2
152,191,3,2
152,192,3,2
152,193,3,2
152,194,3,2
152,195,3,2
152,196,3,2
152,197,3,2
152,198,3,2
152,199,3,2
152,200,3,2
152,201,3,3
152,202,3,3
152,203,3,3
152,204,3,3
152,205,3,3
152,206,3,3
152,207,3,3
152,208,3,3
152,209,3,3
152,210,3,2
152,211,3,2
152,212,3,2
152,213,3,2
152,214,3,2
152,215,3,2
152,216,3,2
152,217,3,2
152,218,3,2
152,219,3,2
152,220,3,2
152,221,3,2
152,222,3,2
152,223,3,2
152,224,3,2
152,225,3,2
152,226,3,2
152,227,3,2
152,228,3,2
152,229,3,2
152,230,3,2
152,231,3,2
152,232,3,2
152,233,3,2
152,234,3,2
152,235,3,2
152,236,3,2
152,237,3,2
152,238,3,2
152,239,3,2
152,240,3,2
152,241,3,2
152,242,3,2
152,243,3,2
152,244,3,2
152,245,3,2
152,246,3,2
152,247,3,2
152,248,3,2
152,249,3,2
152,250,3,2
152,251,3,2
152,252,3,2
152,253,3,2
152,254,3,2
152,255,3,2
152,256,3,2
152,257,3,2
152,258,3,2
152,259,3,2
152,260,3,2
152,261,3,2
152,262,3,2
152,263,3,2
152,264,3,2
152,265,3,2
152,266,3,2
152,267,3,2
152,268,3,2
152,269,3,2
152,270,3,2
152,271,3,2
152,272,3,2
152,273,3,2
152,274,3,2
152,275,3,2
152,276,3,2
152,277,3,2
152,278,3,2
152,279,3,2
152,280,3,2
152,281,3,2
152,282,3,2
152,283,3,2
152,284,3,2
152,285,3,2
152,286,3,2
152,287,3,2
152,288,3,2
152,289,3,2
152,290,3,2
152,291,3,2
152,292,3,2
152,293,3,2
152,294,3,2
152,295,3,2
152,296,3,2
152,297,3,2
152,298,3,2
152,299,3,2
152,300,3,2
152,301,3,2
152,302,3,2
152,303,3,2
152,304,3,2
152,305,3,2
152,306,3,2
152,307,3,2
152,308,3,2
152,309,3,2
152,310,3,2
152,311,3,2
152,312,3,2
152,313,3,2
152,314,3,2
152,315,3,2
152,316,3,2
152,317,3,2
152,318,3,2
152,319,3,2
152,320,3,2
152,321,3,2
152,322,3,2
152,323,3,2
152,324,3,2
152,325,3,2
152,326,3,2
152,327,3,2
152,328,3,2
152,329,3,2
152,330,3,2
152,331,3,2
152,332,3,2
152,333,3,2
152,334,3,2
152,335,3,2
152,336,3,2
152,337,3,2
152,338,3,2
152,339,3,2
152,340,3,2
152,341,3,2
152,342,3,2
152,343,3,2
152,344,3,2
152,345,3,2
152,346,3,2
152,347,3,2
152,348,3,2
152,349,3,2
152,350,3,2
152,351,3,2
152,352,3,2
152,353,3,2
152,354,3,2
152,355,3,2
152,356,3,2
152,357,3,2
152,358,3,2
152,359,3,2
152,360,3,2
152,361,3,2
152,362,3,2
152,363,3,2
152,364,3,2
152,365,3,2
152,366,3,2
152,367,3,2
152,368,3,2
152,369,3,2
152,370,3,2
152,371,3,2
152,372,3,2
152,373,3,2
152,374,3,2
152,375,3,2
152,376,3,2
152,377,3,2
152,378,3,2
152,379,3,2
152,380,3,2
152,381,3,2
152,382,3,2
152,383,3,2
152,384,3,2
152,385,3,2
152,386,3,2
152,387,3,2
152,388,3,2
152,389,3,2
152,390,3,2
152,391,3,2
152,392,3,2
152,393,3,2
152,394,3,2
152,395,3,2
152,396,3,2
152,397,3,2
152,398,3,2
152,399,3,2
152,400,3,2
152,401,3,2
152,402,3,2
152,403,3,2
152,404,3,2
152,405,3,2
152,406,3,2
152,407,3,2
152,408,3,2
152,409,3,2
152,410,3,2
152,411,3,2
152,412,3,2
152,413,3,2
152,414,3,2
152,415,3,2
152,416,3,2
152,417,3,2
152,418,3,2
152,419,3,2
152,420,3,2
152,421,3,2
152,422,3,2
152,423,3,2
152,424,3,2
152,425,3,2
152,426,3,2
152,427,3,2
152,428,3,2
152,429,3,2
152,430,3,2
152,431,3,2
152,432,3,2
152,433,3,2
152,434,3,2
152,435,3,2
152,436,3,2
152,437,3,2
152,438,3,2
152,439,3,2
152,440,3,2
152,441,3,2
152,442,3,2
152,443,3,2
152,444,3,2
152,445,3,2
152,446,3,2
152,447,3,2
152,448,3,2
152,449,3,2
152,450,3,2
152,451,3,2
152,452,3,2
152,453,3,2
152,454,3,2
152,455,3,2
152,456,3,2
152,457,3,2
152,458,3,2
152,459,3,2
152,460,3,2
152,461,3,2
152,462,3,2
152,463,3,2
152,464,3,2
152,465,3,2
152,466,3,2
152,467,3,2
152,468,3,2
152,469,3,2
152,470,3,2
152,471,3,2
152,472,3,2
152,473,3,2
152,474,3,2
152,475,3,2
152,476,3,2
152,477,3,2
152,478,3,2
152,479,3,2
152,480,3,2
152,481,3,2
152,482,3,2
152,483,3,2
152,484,3,2
152,485,3,2
152,486,3,2
152,487,3,2
152,488,3,2
152,489,3,2
152,490,3,2
152,491,3,2
152,492,3,2
152,493,3,2
152,494,3,2
152,495,3,2
152,496,3,2
152,497,3,2
152,498,3,2
152,499,3,2
152,500,3,2
152,501,3,2
152,502,3,2
152,503,3,2
152,504,3,2
152,505,3,2
152,506,3,2
152,507,3,2
152,508,3,2
152,509,3,2
152,510,3,2
152,511,3,2
152,512,3,2
152,513,3,2
152,514,3,2
152,515,3,2
152,516,3,2
152,517,3,2
152,518,3,2
152,519,3,2
152,520,3,2
152,521,3,2
152,522,3,2
152,523,3,2
152,524,3,2
152,525,3,2
152,526,3,2
152,527,3,2
152,528,3,2
152,529,3,2
152,530,3,2
152,531,3,2
152,532,3,2
152,533,3,2
152,534,3,2
152,535,3,2
152,536,3,2
152,537,3,2
152,538,3,2
152,539,3,2
152,540,3,2
152,541,3,2
152,542,3,2
152,543,3,2
152,544,3,2
152,545,3,2
152,546,3,2
152,547,3,2
152,548,3,2
152,549,3,2
152,550,3,2
152,551,3,2
152,552,3,2
152,553,3,2
152,554,3,2
152,555,3,2
152,556,3,2
152,557,3,2
152,558,3,2
152,559,3,2
152,560,3,2
152,561,3,2
152,562,3,2
152,563,3,2
152,564,3,2
152,565,3,2
152,566,3,2
152,567,3,2
152,568,3,2
152,569,3,2
152,570,3,2
152,571,3,2
152,572,3,2
152,573,3,2
152,574,3,2
152,575,3,2
152,576,3,2
152,577,3,2
152,578,3,2
152,579,3,2
152,580,3,2
152,581,3,2
152,582,3,2
152,583,3,2
152,584,3,2
152,585,3,2
152,586,3,2
152,587,3,2
152,588,3,2
152,589,3,2
152,590,3,2
152,591,3,2
152,592,3,2
152,593,3,2
152,594,3,2
152,595,3,2
152,596,3,2
152,597,3,2
152,598,3,2
152,599,3,2
152,600,3,2
152,601,3,2
152,602,3,2
152,603,3,2
152,604,3,2
152,605,3,2
152,606,3,2
152,607,3,2
152,608,3,2
152,609,3,2
152,610,3,2
152,611,3,2
152,612,3,2
152,613,3,2
152,614,3,2
152,615,3,2
152,616,3,2
152,617,3,2
152,618,3,2
152,619,3,2
152,620,3,2
152,621,3,2
152,622,3,2
152,623,3,2
152,624,3,2
152,625,3,2
152,626,3,2
152,627,3,2
152,628,3,2
152,629,3,2
152,630,3,2
152,631,3,2
152,632,3,2
152,633,3,2
152,634,3,2
152,635,3,2
152,636,3,2
152,637,3,2
152,638,3,2
152,639,3,2
152,640,3,2
152,641,3,2
152,642,3,2
152,643,3,2
152,644,3,2
152,645,3,2
152,646,3,2
152,647,3,2
152,648,3,2
152,649,3,2
152,650,3,2
152,651,3,2
152,652,3,2
152,653,3,2
152,654,3,2
152,655,3,2
152,656,3,2
152,657,3,2
152,658,3,2
152,659,3,2
152,660,3,2
152,661,3,2
152,662,3,2
152,663,3,2
152,664,3,2
152,665,3,2
152,666,3,2
152,667,3,2
152,668,3,2
152,669,3,2
152,670,3,2
152,671,3,2
152,672,3,2
152,673,3,2
152,674,3,2
152,675,3,2
152,676,3,2
152,677,3,2
152,678,3,2
152,679,3,2
152,680,3,2
152,681,3,2
152,682,3,2
152,683,3,2
152,684,3,2
152,685,3,2
152,686,3,2
152,687,3,2
152,688,3,2
152,689,3,2
152,690,3,2
152,691,3,2
152,692,3,2
152,693,3,2
152,694,3,2
152,695,3,2
152,696,3,2
152,697,3,2
152,698,3,2
152,699,3,2
152,700,3,2
152,701,3,2
152,702,3,2
152,703,3,2
152,704,3,2
152,705,3,2
152,706,3,2
152,707,3,2
152,708,3,2
152,709,3,2
152,710,3,2
152,711,3,2
152,712,3,2
152,713,3,2
152,714,3,2
152,715,3,2
152,716,3,2
152,717,3,2
152,718,3,2
152,719,3,2
152,720,3,2
152,721,3,2
152,722,3,2
152,723,3,2
152,724,3,2
152,725,3,2
152,726,3,2
152,727,3,2
152,728,3,2
152,729,3,2
152,730,3,2
152,731,3,2
152,732,3,2
152,733,3,2
152,734,3,2
152,735,3,2
152,736,3,2
152,737,3,2
152,738,3,2
152,739,3,2
152,740,3,2
152,741,3,2
152,742,3,2
152,743,3,2
152,744,3,2
152,745,3,2
152,746,3,2
152,747,3,2
152,748,3,2
152,749,3,2
152,750,3,2
152,751,3,2
152,752,3,2
152,753,3,2
152,754,3,2
152,755,3,2
152,756,3,2
152,757,3,2
152,758,3,2
152,759,3,2
152,760,3,2
152,761,3,2
152,762,3,2
152,763,3,2
152,764,3,2
152,765,3,2
152,766,3,2
152,767,3,2
152,768,3,2
153,190,3,2
153,191,3,2
153,192,3,2
153,193,3,2
153,194,3,2
153,195,3,2
153,196,3,2
153,197,3,2
153,198,3,2
153,199,3,2
153,200,3,2
153,201,3,3
153,202,3,3
153,203,3,3
153,204,3,3
153,205,3,3
153,206,3,3
153,207,3,3
153,208,3,3
153,209,3,2
153,210,3,2
153,211,3,2
153,212,3,2
153,213,3,2
153,214,3,2
153,215,3,2
153,216,3,2
153,217,3,2
153,218,3,2
153,219,3,2
153,220,3,2
153,221,3,2
153,222,3,2
153,223,3,2
153,224,3,2
153,225,3,2
153,226,3,2
153,227,3,2
153,228,3,2
153,229,3,2
153,230,3,2
153,231,3,2
153,232,3,2
153,233,3,2
153,234,3,2
153,235,3,2
153,236,3,2
153,237,3,2
153,238,3,2
153,239,3,2
153,240,3,2
153,241,3,2
153,242,3,2
153,243,3,2
153,244,3,2
153,245,3,2
153,246,3,2
153,247,3,2
153,248,3,2
153,249,3,2
153,250,3,2
153,251,3,2
153,252,3,2
153,253,3,2
153,254,3,2
153,255,3,2
153,256,3,2
153,257,3,2
153,258,3,2
153,259,3,2
153,260,3,2
153,261,3,2
153,262,3,2
153,263,3,2
153,264,3,2
153,265,3,2
153,266,3,2
153,267,3,2
153,268,3,2
153,269,3,2
153,270,3,2
153,271,3,2
153,272,3,2
153,273,3,2
153,274,3,2
153,275,3,2
153,276,3,2
153,277,3,2
153,278,3,2
153,279,3,2
153,280,3,2
153,281,3,2
153,282,3,2
153,283,3,2
153,284,3,2
153,285,3,2
153,286,3,2
153,287,3,2
153,288,3,2
153,289,3,2
153,290,3,2
153,291,3,2
153,292,3,2
153,293,3,2
153,294,3,2
153,295,3,2
153,296,3,2
153,297,3,2
153,298,3,2
153,299,3,2
153,300,3,2
153,301,3,2
153,302,3,2
153,303,3,2
153,304,3,2
153,305,3,2
153,306,3,2
153,307,3,2
153,308,3,2
153,309,3,2
153,310,3,2
153,311,3,2
153,312,3,2
153,313,3,2
153,314,3,2
153,315,3,2
153,316,3,2
153,317,3,2
153,318,3,2
153,319,3,2
153,320,3,2
153,321,3,2
153,322,3,2
153,323,3,2
153,324,3,2
153,325,3,2
153,326,3,2
153,327,3,2
153,328,3,2
153,329,3,2
153,330,3,2
153,331,3,2
153,332,3,2
153,333,3,2
153,334,3,2
153,335,3,2
153,336,3,2
153,337,3,2
153,338,3,2
153,339,3,2
153,340,3,2
153,341,3,2
153,342,3,2
153,343,3,2
153,344,3,2
153,345,3,2
153,346,3,2
153,347,3,2
153,348,3,2
153,349,3,2
153,350,3,2
153,351,3,2
153,352,3,2
153,353,3,2
153,354,3,2
153,355,3,2
153,356,3,2
153,357,3,2
153,358,3,2
153,359,3,2
153,360,3,2
153,361,3,2
153,362,3,2
153,363,3,2
153,364,3,2
153,365,3,2
153,366,3,2
153,367,3,2
153,368,3,2
153,369,3,2
153,370,3,2
153,371,3,2
153,372,3,2
153,373,3,2
153,374,3,2
153,375,3,2
153,376,3,2
153,377,3,2
153,378,3,2
153,379,3,2
153,380,3,2
153,381,3,2
153,382,3,2
153,383,3,2
153,384,3,2
153,385,3,2
153,386,3,2
153,387,3,2
153,388,3,2
153,389,3,2
153,390,3,2
153,391,3,2
153,392,3,2
153,393,3,2
153,394,3,2
153,395,3,2
153,396,3,2
153,397,3,2
153,398,3,2
153,399,3,2
153,400,3,2
153,401,3,2
153,402,3,2
153,403,3,2
153,404,3,2
153,405,3,2
153,406,3,2
153,407,3,2
153,408,3,2
153,409,3,2
153,410,3,2
153,411,3,2
153,412,3,2
153,413,3,2
153,414,3,2
153,415,3,2
153,416,3,2
153,417,3,2
153,418,3,2
153,419,3,2
153,420,3,2
153,421,3,2
153,422,3,2
153,423,3,2
153,424,3,2
153,425,3,2
153,426,3,2
153,427,3,2
153,428,3,2
153,429,3,2
153,430,3,2
153,431,3,2
153,432,3,2
153,433,3,2
153,434,3,2
153,435,3,2
153,436,3,2
153,437,3,2
153,438,3,2
153,439,3,2
153,440,3,2
153,441,3,2
153,442,3,2
153,443,3,2
153,444,3,2
153,445,3,2
153,446,3,2
153,447,3,2
153,448,3,2
153,449,3,2
153,450,3,2
153,451,3,2
153,452,3,2
153,453,3,2
153,454,3,2
153,455,3,2
153,456,3,2
153,457,3,2
153,458,3,2
153,459,3,2
153,460,3,2
153,461,3,2
153,462,3,2
153,463,3,2
153,464,3,2
153,465,3,2
153,466,3,2
153,467,3,2
153,468,3,2
153,469,3,2
153,470,3,2
153,471,3,2
153,472,3,2
153,473,3,2
153,474,3,2
153,475,3,2
153,476,3,2
153,477,3,2
153,478,3,2
153,479,3,2
153,480,3,2
153,481,3,2
153,482,3,2
153,483,3,2
153,484,3,2
153,485,3,2
153,486,3,2
153,487,3,2
153,488,3,2
153,489,3,2
153,490,3,2
153,491,3,2
153,492,3,2
153,493,3,2
153,494,3,2
153,495,3,2
153,496,3,2
153,497,3,2
153,498,3,2
153,499,3,2
153,500,3,2
153,501,3,2
153,502,3,2
153,503,3,2
153,504,3,2
153,505,3,2
153,506,3,2
153,507,3,2
153,508,3,2
153,509,3,2
153,510,3,2
153,511,3,2
153,512,3,2
153,513,3,2
153,514,3,2
153,515,3,2
153,516,3,2
153,517,3,2
153,518,3,2
153,519,3,2
153,520,3,2
153,521,3,2
153,522,3,2
153,523,3,2
153,524,3,2
153,525,3,2
153,526,3,2
153,527,3,2
153,528,3,2
153,529,3,2
153,530,3,2
153,531,3,2
153,532,3,2
153,533,3,2
153,534,3,2
153,535,3,2
153,536,3,2
153,537,3,2
153,538,3,2
153,539,3,2
153,540,3,2
153,541,3,2
153,542,3,2
153,543,3,2
153,544,3,2
153,545,3,2
153,546,3,2
153,547,3,2
153,548,3,2
153,549,3,2
153,550,3,2
153,551,3,2
153,552,3,2
153,553,3,2
153,554,3,2
153,555,3,2
153,556,3,2
153,557,3,2
153,558,3,2
153,559,3,2
153,560,3,2
153,561,3,2
153,562,3,2
153,563,3,2
153,564,3,2
153,565,3,2
153,566,3,2
153,567,3,2
153,568,3,2
153,569,3,2
153,570,3,2
153,571,3,2
153,572,3,2
153,573,3,2
153,574,3,2
153,575,3,2
153,576,3,2
153,577,3,2
153,578,3,2
153,579,3,2
153,580,3,2
153,581,3,2
153,582,3,2
153,583,3,2
153,584,3,2
153,585,3,2
153,586,3,2
153,587,3,2
153,588,3,2
153,589,3,2
153,590,3,2
153,591,3,2
153,592,3,2
153,593,3,2
153,594,3,2
153,595,3,2
153,596,3,2
153,597,3,2
153,598,3,2
153,599,3,2
153,600,3,2
153,601,3,2
153,602,3,2
153,603,3,2
153,604,3,2
153,605,3,2
153,606,3,2
153,607,3,2
153,608,3,2
153,609,3,2
153,610,3,2
153,611,3,2
153,612,3,2
153,613,3,2
153,614,3,2
153,615,3,2
153,616,3,2
153,617,3,2
153,618,3,2
153,619,3,2
153,620,3,2
153,621,3,2
153,622,3,2
153,623,3,2
153,624,3,2
153,625,3,2
153,626,3,2
153,627,3,2
153,628,3,2
153,629,3,2
153,630,3,2
153,631,3,2
153,632,3,2
153,633,3,2
153,634,3,2
153,635,3,2
153,636,3,2
153,637,3,2
153,638,3,2
153,639,3,2
153,640,3,2
153,641,3,2
153,642,3,2
153,643,3,2
153,644,3,2
153,645,3,2
153,646,3,2
153,647,3,2
153,648,3,2
153,649,3,2
153,650,3,2
153,651,3,2
153,652,3,2
153,653,3,2
153,654,3,2
153,655,3,2
153,656,3,2
153,657,3,2
153,658,3,2
153,659,3,2
153,660,3,2
153,661,3,2
153,662,3,2
153,663,3,2
153,664,3,2
153,665,3,2
153,666,3,2
153,667,3,2
153,668,3,2
153,669,3,2
153,670,3,2
153,671,3,2
153,672,3,2
153,673,3,2
153,674,3,2
153,675,3,2
153,676,3,2
153,677,3,2
153,678,3,2
153,679,3,2
153,680,3,2
153,681,3,2
153,682,3,2
153,683,3,2
153,684,3,2
153,685,3,2
153,686,3,2
153,687,3,2
153,688,3,2
153,689,3,2
153,690,3,2
153,691,3,2
153,692,3,2
153,693,3,2
153,694,3,2
153,695,3,2
153,696,3,2
153,697,3,2
153,698,3,2
153,699,3,2
153,700,3,2
153,701,3,2
153,702,3,2
153,703,3,2
153,704,3,2
153,705,3,2
153,706,3,2
153,707,3,2
153,708,3,2
153,709,3,2
153,710,3,2
153,711,3,2
153,712,3,2
153,713,3,2
153,714,3,2
153,715,3,2
153,716,3,2
153,717,3,2
153,718,3,2
153,719,3,2
153,720,3,2
153,721,3,2
153,722,3,2
153,723,3,2
153,724,3,2
153,725,3,2
153,726,3,2
153,727,3,2
153,728,3,2
153,729,3,2
153,730,3,2
153,731,3,2
153,732,3,2
153,733,3,2
153,734,3,2
153,735,3,2
153,736,3,2
153,737,3,2
153,738,3,2
153,739,3,2
153,740,3,2
153,741,3,2
153,742,3,2
153,743,3,2
153,744,3,2
153,745,3,2
153,746,3,2
153,747,3,2
153,748,3,2
153,749,3,2
153,750,3,2
153,751,3,2
153,752,3,2
153,753,3,2
153,754,3,2
153,755,3,2
153,756,3,2
153,757,3,2
153,758,3,2
153,759,3,2
153,760,3,2
153,761,3,2
153,762,3,2
153,763,3,2
153,764,3,2
153,765,3,2
153,766,3,2
153,767,3,2
154,189,3,2
154,190,3,2
154,191,3,2
154,192,3,2
154,193,3,2
154,194,3,2
154,195,3,2
154,196,3,2
154,197,3,2
154,198,3,2
154,199,3,2
154,200,3,2
154,201,3,3
154,202,3,3
154,203,3,3
154,204,3,2
154,205,3,3
154,206,3,2
154,207,3,2
154,208,3,2
154,209,3,2
154,210,3,2
154,211,3,2
154,212,3,2
154,213,3,2
154,214,3,2
154,215,3,2
154,216,3,2
154,217,3,2
154,218,3,2
154,219,3,2
154,220,3,2
154,221,3,2
154,222,3,2
154,223,3,2
154,224,3,2
154,225,3,2
154,226,3,2
154,227,3,2
154,228,3,2
154,229,3,2
154,230,3,2
154,231,3,2
154,232,3,2
154,233,3,2
154,234,3,2
154,235,3,2
154,236,3,2
154,237,3,2
154,238,3,2
154,239,3,2
154,240,3,2
154,241,3,2
154,242,3,2
154,243,3,2
154,244,3,2
154,245,3,2
154,246,3,2
154,247,3,2
154,248,3,2
154,249,3,2
154,250,3,2
154,251,3,2
154,252,3,2
154,253,3,2
154,254,3,2
154,255,3,2
154,256,3,2
154,257,3,2
154,258,3,2
154,259,3,2
154,260,3,2
154,261,3,2
154,262,3,2
154,263,3,2
154,264,3,2
154,265,3,2
154,266,3,2
154,267,3,2
154,268,3,2
154,269,3,2
154,270,3,2
154,271,3,2
154,272,3,2
154,273,3,2
154,274,3,2
154,275,3,2
154,276,3,2
154,277,3,2
154,278,3,2
154,279,3,2
154,280,3,2
154,281,3,2
154,282,3,2
154,283,3,2
154,284,3,2
154,285,3,2
154,286,3,2
154,287,3,2
154,288,3,2
154,289,3,2
154,290,3,2
154,291,3,2
154,292,3,2
154,293,3,2
154,294,3,2
154,295,3,2
154,296,3,2
154,297,3,2
154,298,3,2
154,299,3,2
154,300,3,2
154,301,3,2
154,302,3,2
154,303,3,2
154,304,3,2
154,305,3,2
154,306,3,2
154,307,3,2
154,308,3,2
154,309,3,2
154,310,3,2
154,311,3,2
154,312,3,2
154,313,3,2
154,314,3,2
154,315,3,2
154,316,3,2
154,317,3,2
154,318,3,2
154,319,3,2
154,320,3,2
154,321,3,2
154,322,3,2
154,323,3,2
154,324,3,2
154,325,3,2
154,326,3,2
154,327,3,2
154,328,3,2
154,329,3,2
154,330,3,2
154,331,3,2
154,332,3,2
154,333,3,2
154,334,3,2
154,335,3,2
154,336,3,2
154,337,3,2
154,338,3,2
154,339,3,2
154,340,3,2
154,341,3,2
154,342,3,2
154,343,3,2
154,344,3,2
154,345,3,2
154,346,3,2
154,347,3,2
154,348,3,2
154,349,3,2
154,350,3,2
154,351,3,2
154,352,3,2
154,353,3,2
154,354,3,2
154,355,3,2
154,356,3,2
154,357,3,2
154,358,3,2
154,359,3,2
154,360,3,2
154,361,3,2
154,362,3,2
154,363,3,2
154,364,3,2
154,365,3,2
154,366,3,2
154,367,3,2
154,368,3,2
154,369,3,2
154,370,3,2
154,371,3,2
154,372,3,2
154,373,3,2
154,374,3,2
154,375,3,2
154,376,3,2
154,377,3,2
154,378,3,2
154,379,3,2
154,380,3,2
154,381,3,2
154,382,3,2
154,383,3,2
154,384,3,2
154,385,3,2
154,386,3,2
154,387,3,2
154,388,3,2
154,389,3,2
154,390,3,2
154,391,3,2
154,392,3,2
154,393,3,2
154,394,3,2
154,395,3,2
154,396,3,2
154,397,3,2
154,398,3,2
154,399,3,2
154,400,3,2
154,401,3,2
154,402,3,2
154,403,3,2
154,404,3,2
154,405,3,2
154,406,3,2
154,407,3,2
154,408,3,2
154,409,3,2
154,410,3,2
154,411,3,2
154,412,3,2
154,413,3,2
154,414,3,2
154,415,3,2
154,416,3,2
154,417,3,2
154,418,3,2
154,419,3,2
154,420,3,2
154,421,3,2
154,422,3,2
154,423,3,2
154,424,3,2
154,425,3,2
154,426,3,2
154,427,3,2
154,428,3,2
154,429,3,2
154,430,3,2
154,431,3,2
154,432,3,2
154,433,3,2
154,434,3,2
154,435,3,2
154,436,3,2
154,437,3,2
154,438,3,2
154,439,3,2
154,440,3,2
154,441,3,2
154,442,3,2
154,443,3,2
154,444,3,2
154,445,3,2
154,446,3,2
154,447,3,2
154,448,3,2
154,449,3,2
154,450,3,2
154,451,3,2
154,452,3,2
154,453,3,2
154,454,3,2
154,455,3,2
154,456,3,2
154,457,3,2
154,458,3,2
154,459,3,2
154,460,3,2
154,461,3,2
154,462,3,2
154,463,3,2
154,464,3,2
154,465,3,2
154,466,3,2
154,467,3,2
154,468,3,2
154,469,3,2
154,470,3,2
154,471,3,2
154,472,3,2
154,473,3,2
154,474,3,2
154,475,3,2
154,476,3,2
154,477,3,2
154,478,3,2
154,479,3,2
154,480,3,2
154,481,3,2
154,482,3,2
154,483,3,2
154,484,3,2
154,485,3,2
154,486,3,2
154,487,3,2
154,488,3,2
154,489,3,2
154,490,3,2
154,491,3,2
154,492,3,2
154,493,3,2
154,494,3,2
154,495,3,2
154,496,3,2
154,497,3,2
154,498,3,2
154,499,3,2
154,500,3,2
154,501,3,2
154,502,3,2
154,503,3,2
154,504,3,2
154,505,3,2
154,506,3,2
154,507,3,2
154,508,3,2
154,509,3,2
154,510,3,2
154,511,3,2
154,512,3,2
154,513,3,2
154,514,3,2
154,515,3,2
154,516,3,2
154,517,3,2
154,518,3,2
154,519,3,2
154,520,3,2
154,521,3,2
154,522,3,2
154,523,3,2
154,524,3,2
154,525,3,2
154,526,3,2
154,527,3,2
154,528,3,2
154,529,3,2
154,530,3,2
154,531,3,2
154,532,3,2
154,533,3,2
154,534,3,2
154,535,3,2
154,536,3,2
154,537,3,2
154,538,3,2
154,539,3,2
154,540,3,2
154,541,3,2
154,542,3,2
154,543,3,2
154,544,3,2
154,545,3,2
154,546,3,2
154,547,3,2
154,548,3,2
154,549,3,2
154,550,3,2
154,551,3,2
154,552,3,2
154,553,3,2
154,554,3,2
154,555,3,2
154,556,3,2
154,557,3,2
154,558,3,2
154,559,3,2
154,560,3,2
154,561,3,2
154,562,3,2
154,563,3,2
154,564,3,2
154,565,3,2
154,566,3,2
154,567,3,2
154,568,3,2
154,569,3,2
154,570,3,2
154,571,3,2
154,572,3,2
154,573,3,2
154,574,3,2
154,575,3,2
154,576,3,2
154,577,3,2
154,578,3,2
154,579,3,2
154,580,3,2
154,581,3,2
154,582,3,2
154,583,3,2
154,584,3,2
154,585,3,2
154,586,3,2
154,587,3,2
154,588,3,2
154,589,3,2
154,590,3,2
154,591,3,2
154,592,3,2
154,593,3,2
154,594,3,2
154,595,3,2
154,596,3,2
154,597,3,2
154,598,3,2
154,599,3,2
154,600,3,2
154,601,3,2
154,602,3,2
154,603,3,2
154,604,3,2
154,605,3,2
154,606,3,2
154,607,3,2
154,608,3,2
154,609,3,2
154,610,3,2
154,611,3,2
154,612,3,2
154,613,3,2
154,614,3,2
154,615,3,2
154,616,3,2
154,617,3,2
154,618,3,2
154,619,3,2
154,620,3,2
154,621,3,2
154,622,3,2
154,623,3,2
154,624,3,2
154,625,3,2
154,626,3,2
154,627,3,2
154,628,3,2
154,629,3,2
154,630,3,2
154,631,3,2
154,632,3,2
154,633,3,2
154,634,3,2
154,635,3,2
154,636,3,2
154,637,3,2
154,638,3,2
154,639,3,2
154,640,3,2
154,641,3,2
154,642,3,2
154,643,3,2
154,644,3,2
154,645,3,2
154,646,3,2
154,647,3,2
154,648,3,2
154,649,3,2
154,650,3,2
154,651,3,2
154,652,3,2
154,653,3,2
154,654,3,2
154,655,3,2
154,656,3,2
154,657,3,2
154,658,3,2
154,659,3,2
154,660,3,2
154,661,3,2
154,662,3,2
154,663,3,2
154,664,3,2
154,665,3,2
154,666,3,2
154,667,3,2
154,668,3,2
154,669,3,2
154,670,3,2
154,671,3,2
154,672,3,2
154,673,3,2
154,674,3,2
154,675,3,2
154,676,3,2
154,677,3,2
154,678,3,2
154,679,3,2
154,680,3,2
154,681,3,2
154,682,3,2
154,683,3,2
154,684,3,2
154,685,3,2
154,686,3,2
154,687,3,2
154,688,3,2
154,689,3,2
154,690,3,2
154,691,3,2
154,692,3,2
154,693,3,2
154,694,3,2
154,695,3,2
154,696,3,2
154,697,3,2
154,698,3,2
154,699,3,2
154,700,3,2
154,701,3,2
154,702,3,2
154,703,3,2
154,704,3,2
154,705,3,2
154,706,3,2
154,707,3,2
154,708,3,2
154,709,3,2
154,710,3,2
154,711,3,2
154,712,3,2
154,713,3,2
154,714,3,2
154,715,3,2
154,716,3,2
154,717,3,2
154,718,3,2
154,719,3,2
154,720,3,2
154,721,3,2
154,722,3,2
154,723,3,2
154,724,3,2
154,725,3,2
154,726,3,2
154,727,3,2
154,728,3,2
154,729,3,2
154,730,3,2
154,731,3,2
154,732,3,2
154,733,3,2
154,734,3,2
154,735,3,2
154,736,3,2
154,737,3,2
154,738,3,2
154,739,3,2
154,740,3,2
154,741,3,2
154,742,3,2
154,743,3,2
154,744,3,2
154,745,3,2
154,746,3,2
154,747,3,2
154,748,3,2
154,749,3,2
154,750,3,2
154,751,3,2
154,752,3,2
154,753,3,2
154,754,3,2
154,755,3,2
154,756,3,2
154,757,3,2
154,758,3,2
154,759,3,2
154,760,3,2
154,761,3,2
154,762,3,2
154,763,3,2
154,764,3,2
154,765,3,2
154,766,3,2
155,188,3,2
155,189,3,2
155,190,3,2
155,191,3,2
155,192,3,2
155,193,3,2
155,194,3,2
155,195,3,2
155,196,3,2
155,197,3,2
155,198,3,2
155,199,3,2
155,200,3,2
155,201,3,2
155,202,3,2
155,203,3,2
155,204,3,2
155,205,3,2
155,206,3,2
155,207,3,2
155,208,3,2
155,209,3,2
155,210,3,2
155,211,3,2
155,212,3,2
155,213,3,2
155,214,3,2
155,215,3,2
155,216,3,2
155,217,3,2
155,218,3,2
155,219,3,2
155,220,3,2
155,221,3,2
155,222,3,2
155,223,3,2
155,224,3,2
155,225,3,2
155,226,3,2
155,227,3,2
155,228,3,2
155,229,3,2
155,230,3,2
155,231,3,2
155,232,3,2
155,233,3,2
155,234,3,2
155,235,3,2
155,236,3,2
155,237,3,2
155,238,3,2
155,239,3,2
155,240,3,2
155,241,3,2
155,242,3,2
155,243,3,2
155,244,3,2
155,245,3,2
155,246,3,2
155,247,3,2
155,248,3,2
155,249,3,2
155,250,3,2
155,251,3,2
155,252,3,2
155,253,3,2
155,254,3,2
155,255,3,2
155,256,3,2
155,257,3,2
155,258,3,2
155,259,3,2
155,260,3,2
155,261,3,2
155,262,3,2
155,263,3,2
155,264,3,2
155,265,3,2
155,266,3,2
155,267,3,2
155,268,3,2
155,269,3,2
155,270,3,2
155,271,3,2
155,272,3,2
155,273,3,2
155,274,3,2
155,275,3,2
155,276,3,2
155,277,3,2
155,278,3,2
155,279,3,2
155,280,3,2
155,281,3,2
155,282,3,2
155,283,3,2
155,284,3,2
155,285,3,2
155,286,3,2
155,287,3,2
155,288,3,2
155,289,3,2
155,290,3,2
155,291,3,2
155,292,3,2
155,293,3,2
155,294,3,2
155,295,3,2
155,296,3,2
155,297,3,2
155,298,3,2
155,299,3,2
155,300,3,2
155,301,3,2
155,302,3,2
155,303,3,2
155,304,3,2
155,305,3,2
155,306,3,2
155,307,3,2
155,308,3,2
155,309,3,2
155,310,3,2
155,311,3,2
155,312,3,2
155,313,3,2
155,314,3,2
155,315,3,2
155,316,3,2
155,317,3,2
155,318,3,2
155,319,3,2
155,320,3,2
155,321,3,2
155,322,3,2
155,323,3,2
155,324,3,2
155,325,3,2
155,326,3,2
155,327,3,2
155,328,3,2
155,329,3,2
155,330,3,2
155,331,3,2
155,332,3,2
155,333,3,2
155,334,3,2
155,335,3,2
155,336,3,2
155,337,3,2
155,338,3,2
155,339,3,2
155,340,3,2
155,341,3,2
155,342,3,2
155,343,3,2
155,344,3,2
155,345,3,2
155,346,3,2
155,347,3,2
155,348,3,2
155,349,3,2
155,350,3,2
155,351,3,2
155,352,3,2
155,353,3,2
155,354,3,2
155,355,3,2
155,356,3,2
155,357,3,2
155,358,3,2
155,359,3,2
155,360,3,2
155,361,3,2
155,362,3,2
155,363,3,2
155,364,3,2
155,365,3,2
155,366,3,2
155,367,3,2
155,368,3,2
155,369,3,2
155,370,3,2
155,371,3,2
155,372,3,2
155,373,3,2
155,374,3,2
155,375,3,2
155,376,3,2
155,377,3,2
155,378,3,2
155,379,3,2
155,380,3,2
155,381,3,2
155,382,3,2
155,383,3,2
155,384,3,2
155,385,3,2
155,386,3,2
155,387,3,2
155,388,3,2
155,389,3,2
155,390,3,2
155,391,3,2
155,392,3,2
155,393,3,2
155,394,3,2
155,395,3,2
155,396,3,2
155,397,3,2
155,398,3,2
155,399,3,2
155,400,3,2
155,401,3,2
155,402,3,2
155,403,3,2
155,404,3,2
155,405,3,2
155,406,3,2
155,407,3,2
155,408,3,2
155,409,3,2
155,410,3,2
155,411,3,2
155,412,3,2
155,413,3,2
155,414,3,2
155,415,3,2
155,416,3,2
155,417,3,2
155,418,3,2
155,419,3,2
155,420,3,2
155,421,3,2
155,422,3,2
155,423,3,2
155,424,3,2
155,425,3,2
155,426,3,2
155,427,3,2
155,428,3,2
155,429,3,2
155,430,3,2
155,431,3,2
155,432,3,2
155,433,3,2
155,434,3,2
155,435,3,2
155,436,3,2
155,437,3,2
155,438,3,2
155,439,3,2
155,440,3,2
155,441,3,2
155,442,3,2
155,443,3,2
155,444,3,2
155,445,3,2
155,446,3,2
155,447,3,2
155,448,3,2
155,449,3,2
155,450,3,2
155,451,3,2
155,452,3,2
155,453,3,2
155,454,3,2
155,455,3,2
155,456,3,2
155,457,3,2
155,458,3,2
155,459,3,2
155,460,3,2
155,461,3,2
155,462,3,2
155,463,3,2
155,464,3,2
155,465,3,2
155,466,3,2
155,467,3,2
155,468,3,2
155,469,3,2
155,470,3,2
155,471,3,2
155,472,3,2
155,473,3,2
155,474,3,2
155,475,3,2
155,476,3,2
155,477,3,2
155,478,3,2
155,479,3,2
155,480,3,2
155,481,3,2
155,482,3,2
155,483,3,2
155,484,3,2
155,485,3,2
155,486,3,2
155,487,3,2
155,488,3,2
155,489,3,2
155,490,3,2
155,491,3,2
155,492,3,2
155,493,3,2
155,494,3,2
155,495,3,2
155,496,3,2
155,497,3,2
155,498,3,2
155,499,3,2
155,500,3,2
155,501,3,2
155,502,3,2
155,503,3,2
155,504,3,2
155,505,3,2
155,506,3,2
155,507,3,2
155,508,3,2
155,509,3,2
155,510,3,2
155,511,3,2
155,512,3,2
155,513,3,2
155,514,3,2
155,515,3,2
155,516,3,2
155,517,3,2
155,518,3,2
155,519,3,2
155,520,3,2
155,521,3,2
155,522,3,2
155,523,3,2
155,524,3,2
155,525,3,2
155,526,3,2
155,527,3,2
155,528,3,2
155,529,3,2
155,530,3,2
155,531,3,2
155,532,3,2
155,533,3,2
155,534,3,2
155,535,3,2
155,536,3,2
155,537,3,2
155,538,3,2
155,539,3,2
155,540,3,2
155,541,3,2
155,542,3,2
155,543,3,2
155,544,3,2
155,545,3,2
155,546,3,2
155,547,3,2
155,548,3,2
155,549,3,2
155,550,3,2
155,551,3,2
155,552,3,2
155,553,3,2
155,554,3,2
155,555,3,2
155,556,3,2
155,557,3,2
155,558,3,2
155,559,3,2
155,560,3,2
155,561,3,2
155,562,3,2
155,563,3,2
155,564,3,2
155,565,3,2
155,566,3,2
155,567,3,2
155,568,3,2
155,569,3,2
155,570,3,2
155,571,3,2
155,572,3,2
155,573,3,2
155,574,3,2
155,575,3,2
155,576,3,2
155,577,3,2
155,578,3,2
155,579,3,2
155,580,3,2
155,581,3,2
155,582,3,2
155,583,3,2
155,584,3,2
155,585,3,2
155,586,3,2
155,587,3,2
155,588,3,2
155,589,3,2
155,590,3,2
155,591,3,2
155,592,3,2
155,593,3,2
155,594,3,2
155,595,3,2
155,596,3,2
155,597,3,2
155,598,3,2
155,599,3,2
155,600,3,2
155,601,3,2
155,602,3,2
155,603,3,2
155,604,3,2
155,605,3,2
155,606,3,2
155,607,3,2
155,608,3,2
155,609,3,2
155,610,3,2
155,611,3,2
155,612,3,2
155,613,3,2
155,614,3,2
155,615,3,2
155,616,3,2
155,617,3,2
155,618,3,2
155,619,3,2
155,620,3,2
155,621,3,2
155,622,3,2
155,623,3,2
155,624,3,2
155,625,3,2
155,626,3,2
155,627,3,2
155,628,3,2
155,629,3,2
155,630,3,2
155,631,3,2
155,632,3,2
155,633,3,2
155,634,3,2
155,635,3,2
155,636,3,2
155,637,3,2
155,638,3,2
155,639,3,2
155,640,3,2
155,641,3,2
155,642,3,2
155,643,3,2
155,644,3,2
155,645,3,2
155,646,3,2
155,647,3,2
155,648,3,2
155,649,3,2
155,650,3,2
155,651,3,2
155,652,3,2
155,653,3,2
155,654,3,2
155,655,3,2
155,656,3,2
155,657,3,2
155,658,3,2
155,659,3,2
155,660,3,2
155,661,3,2
155,662,3,2
155,663,3,2
155,664,3,2
155,665,3,2
155,666,3,2
155,667,3,2
155,668,3,2
155,669,3,2
155,670,3,2
155,671,3,2
155,672,3,2
155,673,3,2
155,674,3,2
155,675,3,2
155,676,3,2
155,677,3,2
155,678,3,2
155,679,3,2
155,680,3,2
155,681,3,2
155,682,3,2
155,683,3,2
155,684,3,2
155,685,3,2
155,686,3,2
155,687,3,2
155,688,3,2
155,689,3,2
155,690,3,2
155,691,3,2
155,692,3,2
155,693,3,2
155,694,3,2
155,695,3,2
155,696,3,2
155,697,3,2
155,698,3,2
155,699,3,2
155,700,3,2
155,701,3,2
155,702,3,2
155,703,3,2
155,704,3,2
155,705,3,2
155,706,3,2
155,707,3,2
155,708,3,2
155,709,3,2
155,710,3,2
155,711,3,2
155,712,3,2
155,713,3,2
155,714,3,2
155,715,3,2
155,716,3,2
155,717,3,2
155,718,3,2
155,719,3,2
155,720,3,2
155,721,3,2
155,722,3,2
155,723,3,2
155,724,3,2
155,725,3,2
155,726,3,2
155,727,3,2
155,728,3,2
155,729,3,2
155,730,3,2
155,731,3,2
155,732,3,2
155,733,3,2
155,734,3,2
155,735,3,2
155,736,3,2
155,737,3,2
155,738,3,2
155,739,3,2
155,740,3,2
155,741,3,2
155,742,3,2
155,743,3,2
155,744,3,2
155,745,3,2
155,746,3,2
155,747,3,2
155,748,3,2
155,749,3,2
155,750,3,2
155,751,3,2
155,752,3,2
155,753,3,2
155,754,3,2
155,755,3,2
155,756,3,2
155,757,3,2
155,758,3,2
155,759,3,2
155,760,3,2
155,761,3,2
155,762,3,2
155,763,3,2
155,764,3,2
155,765,3,2
155,766,3,2
156,188,3,2
156,189,3,2
156,190,3,2
156,191,3,2
156,192,3,2
156,193,3,2
156,194,3,2
156,195,3,2
156,196,3,2
156,197,3,2
156,198,3,2
156,199,3,2
156,200,3,2
156,201,3,2
156,202,3,2
156,203,3,2
156,204,3,2
156,205,3,2
156,206,3,2
156,207,3,2
156,208,3,2
156,209,3,2
156,210,3,2
156,211,3,2
156,212,3,2
156,213,3,2
156,214,3,2
156,215,3,2
156,216,3,2
156,217,3,2
156,218,3,2
156,219,3,2
156,220,3,2
156,221,3,2
156,222,3,2
156,223,3,2
156,224,3,2
156,225,3,2
156,226,3,2
156,227,3,2
156,228,3,2
156,229,3,2
156,230,3,2
156,231,3,2
156,232,3,2
156,233,3,2
156,234,3,2
156,235,3,2
156,236,3,2
156,237,3,2
156,238,3,2
156,239,3,2
156,240,3,2
156,241,3,2
156,242,3,2
156,243,3,2
156,244,3,2
156,245,3,2
156,246,3,2
156,247,3,2
156,248,3,2
156,249,3,2
156,250,3,2
156,251,3,2
156,252,3,2
156,253,3,2
156,254,3,2
156,255,3,2
156,256,3,2
156,257,3,2
156,258,3,2
156,259,3,2
156,260,3,2
156,261,3,2
156,262,3,2
156,263,3,2
156,264,3,2
156,265,3,2
156,266,3,2
156,267,3,2
156,268,3,2
156,269,3,2
156,270,3,2
156,271,3,2
156,272,3,2
156,273,3,2
156,274,3,2
156,275,3,2
156,276,3,2
156,277,3,2
156,278,3,2
156,279,3,2
156,280,3,2
156,281,3,2
156,282,3,2
156,283,3,2
156,284,3,2
156,285,3,2
156,286,3,2
156,287,3,2
156,288,3,2
156,289,3,2
156,290,3,2
156,291,3,2
156,292,3,2
156,293,3,2
156,294,3,2
156,295,3,2
156,296,3,2
156,297,3,2
156,298,3,2
156,299,3,2
156,300,3,2
156,301,3,2
156,302,3,2
156,303,3,2
156,304,3,2
156,305,3,2
156,306,3,2
156,307,3,2
156,308,3,2
156,309,3,2
156,310,3,2
156,311,3,2
156,312,3,2
156,313,3,2
156,314,3,2
156,315,3,2
156,316,3,2
156,317,3,2
156,318,3,2
156,319,3,2
156,320,3,2
156,321,3,2
156,322,3,2
156,323,3,2
156,324,3,2
156,325,3,2
156,326,3,2
156,327,3,2
156,328,3,2
156,329,3,2
156,330,3,2
156,331,3,2
156,332,3,2
156,333,3,2
156,334,3,2
156,335,3,2
156,336,3,2
156,337,3,2
156,338,3,2
156,339,3,2
156,340,3,2
156,341,3,2
156,342,3,2
156,343,3,2
156,344,3,2
156,345,3,2
156,346,3,2
156,347,3,2
156,348,3,2
156,349,3,2
156,350,3,2
156,351,3,2
156,352,3,2
156,353,3,2
156,354,3,2
156,355,3,2
156,356,3,2
156,357,3,2
156,358,3,2
156,359,3,2
156,360,3,2
156,361,3,2
156,362,3,2
156,363,3,2
156,364,3,2
156,365,3,2
156,366,3,2
156,367,3,2
156,368,3,2
156,369,3,2
156,370,3,2
156,371,3,2
156,372,3,2
156,373,3,2
156,374,3,2
156,375,3,2
156,376,3,2
156,377,3,2
156,378,3,2
156,379,3,2
156,380,3,2
156,381,3,2
156,382,3,2
156,383,3,2
156,384,3,2
156,385,3,2
156,386,3,2
156,387,3,2
156,388,3,2
156,389,3,2
156,390,3,2
156,391,3,2
156,392,3,2
156,393,3,2
156,394,3,2
156,395,3,2
156,396,3,2
156,397,3,2
156,398,3,2
156,399,3,2
156,400,3,2
156,401,3,2
156,402,3,2
156,403,3,2
156,404,3,2
156,405,3,2
156,406,3,2
156,407,3,2
156,408,3,2
156,409,3,2
156,410,3,2
156,411,3,2
156,412,3,2
156,413,3,2
156,414,3,2
156,415,3,2
156,416,3,2
156,417,3,2
156,418,3,2
156,419,3,2
156,420,3,2
156,421,3,2
156,422,3,2
156,423,3,2
156,424,3,2
156,425,3,2
156,426,3,2
156,427,3,2
156,428,3,2
156,429,3,2
156,430,3,2
156,431,3,2
156,432,3,2
156,433,3,2
156,434,3,2
156,435,3,2
156,436,3,2
156,437,3,2
156,438,3,2
156,439,3,2
156,440,3,2
156,441,3,2
156,442,3,2
156,443,3,2
156,444,3,2
156,445,3,2
156,446,3,2
156,447,3,2
156,448,3,2
156,449,3,2
156,450,3,2
156,451,3,2
156,452,3,2
156,453,3,2
156,454,3,2
156,455,3,2
156,456,3,2
156,457,3,2
156,458,3,2
156,459,3,2
156,460,3,2
156,461,3,2
156,462,3,2
156,463,3,2
156,464,3,2
156,465,3,2
156,466,3,2
156,467,3,2
156,468,3,2
156,469,3,2
156,470,3,2
156,471,3,2
156,472,3,2
156,473,3,2
156,474,3,2
156,475,3,2
156,476,3,2
156,477,3,2
156,478,3,2
156,479,3,2
156,480,3,2
156,481,3,2
156,482,3,2
156,483,3,2
156,484,3,2
156,485,3,2
156,486,3,2
156,487,3,2
156,488,3,2
156,489,3,2
156,490,3,2
156,491,3,2
156,492,3,2
156,493,3,2
156,494,3,2
156,495,3,2
156,496,3,2
156,497,3,2
156,498,3,2
156,499,3,2
156,500,3,2
156,501,3,2
156,502,3,2
156,503,3,2
156,504,3,2
156,505,3,2
156,506,3,2
156,507,3,2
156,508,3,2
156,509,3,2
156,510,3,2
156,511,3,2
156,512,3,2
156,513,3,2
156,514,3,2
156,515,3,2
156,516,3,2
156,517,3,2
156,518,3,2
156,519,3,2
156,520,3,2
156,521,3,2
156,522,3,2
156,523,3,2
156,524,3,2
156,525,3,2
156,526,3,2
156,527,3,2
156,528,3,2
156,529,3,2
156,530,3,2
156,531,3,2
156,532,3,2
156,533,3,2
156,534,3,2
156,535,3,2
156,536,3,2
156,537,3,2
156,538,3,2
156,539,3,2
156,540,3,2
156,541,3,2
156,542,3,2
156,543,3,2
156,544,3,2
156,545,3,2
156,546,3,2
156,547,3,2
156,548,3,2
156,549,3,2
156,550,3,2
156,551,3,2
156,552,3,2
156,553,3,2
156,554,3,2
156,555,3,2
156,556,3,2
156,557,3,2
156,558,3,2
156,559,3,2
156,560,3,2
156,561,3,2
156,562,3,2
156,563,3,2
156,564,3,2
156,565,3,2
156,566,3,2
156,567,3,2
156,568,3,2
156,569,3,2
156,570,3,2
156,571,3,2
156,572,3,2
156,573,3,2
156,574,3,2
156,575,3,2
156,576,3,2
156,577,3,2
156,578,3,2
156,579,3,2
156,580,3,2
156,581,3,2
156,582,3,2
156,583,3,2
156,584,3,2
156,585,3,2
156,586,3,2
156,587,3,2
156,588,3,2
156,589,3,2
156,590,3,2
156,591,3,2
156,592,3,2
156,593,3,2
156,594,3,2
156,595,3,2
156,596,3,2
156,597,3,2
156,598,3,2
156,599,3,2
156,600,3,2
156,601,3,2
156,602,3,2
156,603,3,2
156,604,3,2
156,605,3,2
156,606,3,2
156,607,3,2
156,608,3,2
156,609,3,2
156,610,3,2
156,611,3,2
156,612,3,2
156,613,3,2
156,614,3,2
156,615,3,2
156,616,3,2
156,617,3,3
156,618,3,3
156,619,3,3
156,620,3,3
156,621,3,3
156,622,3,3
156,623,3,3
156,624,3,3
156,625,3,2
156,626,3,2
156,627,3,2
156,628,3,2
156,629,3,2
156,630,3,2
156,631,3,2
156,632,3,2
156,633,3,2
156,634,3,2
156,635,3,2
156,636,3,2
156,637,3,2
156,638,3,2
156,639,3,2
156,640,3,2
156,641,3,2
156,642,3,2
156,643,3,2
156,644,3,2
156,645,3,2
156,646,3,2
156,647,3,2
156,648,3,2
156,649,3,2
156,650,3,2
156,651,3,2
156,652,3,2
156,653,3,2
156,654,3,2
156,655,3,2
156,656,3,2
156,657,3,2
156,658,3,2
156,659,3,2
156,660,3,2
156,661,3,2
156,662,3,2
156,663,3,2
156,664,3,2
156,665,3,2
156,666,3,2
156,667,3,2
156,668,3,2
156,669,3,2
156,670,3,2
156,671,3,2
156,672,3,2
156,673,3,2
156,674,3,2
156,675,3,2
156,676,3,2
156,677,3,2
156,678,3,2
156,679,3,2
156,680,3,2
156,681,3,2
156,682,3,2
156,683,3,2
156,684,3,2
156,685,3,2
156,686,3,2
156,687,3,2
156,688,3,2
156,689,3,2
156,690,3,2
156,691,3,2
156,692,3,2
156,693,3,2
156,694,3,2
156,695,3,2
156,696,3,2
156,697,3,2
156,698,3,2
156,699,3,2
156,700,3,2
156,701,3,2
156,702,3,2
156,703,3,2
156,704,3,2
156,705,3,2
156,706,3,2
156,707,3,2
156,708,3,2
156,709,3,2
156,710,3,2
156,711,3,2
156,712,3,2
156,713,3,2
156,714,3,2
156,715,3,2
156,716,3,2
156,717,3,2
156,718,3,2
156,719,3,2
156,720,3,2
156,721,3,2
156,722,3,2
156,723,3,2
156,724,3,2
156,725,3,2
156,726,3,2
156,727,3,2
156,728,3,2
156,729,3,2
156,730,3,2
156,731,3,2
156,732,3,2
156,733,3,2
156,734,3,2
156,735,3,2
156,736,3,2
156,737,3,2
156,738,3,2
156,739,3,2
156,740,3,2
156,741,3,2
156,742,3,2
156,743,3,2
156,744,3,2
156,745,3,2
156,746,3,2
156,747,3,2
156,748,3,2
156,749,3,2
156,750,3,2
156,751,3,2
156,752,3,2
156,753,3,2
156,754,3,2
156,755,3,2
156,756,3,2
156,757,3,2
156,758,3,2
156,759,3,2
156,760,3,2
156,761,3,2
156,762,3,2
156,763,3,2
156,764,3,2
156,765,3,2
156,766,3,2
157,187,3,2
157,188,3,2
157,189,3,2
157,190,3,2
157,191,3,2
157,192,3,2
157,193,3,2
157,194,3,2
157,195,3,2
157,196,3,2
157,197,3,2
157,198,3,2
157,199,3,2
157,200,3,2
157,201,3,2
157,202,3,2
157,203,3,2
157,204,3,2
157,205,3,2
157,206,3,2
157,207,3,2
157,208,3,2
157,209,3,2
157,210,3,2
157,211,3,2
157,212,3,2
157,213,3,2
157,214,3,2
157,215,3,2
157,216,3,2
157,217,3,2
157,218,3,2
157,219,3,2
157,220,3,2
157,221,3,2
157,222,3,2
157,223,3,2
157,224,3,2
157,225,3,2
157,226,3,2
157,227,3,2
157,228,3,2
157,229,3,2
157,230,3,2
157,231,3,2
157,232,3,2
157,233,3,2
157,234,3,2
157,235,3,2
157,236,3,2
157,237,3,2
157,238,3,2
157,239,3,2
157,240,3,2
157,241,3,2
157,242,3,2
157,243,3,2
157,244,3,2
157,245,3,2
157,246,3,2
157,247,3,2
157,248,3,2
157,249,3,2
157,250,3,2
157,251,3,2
157,252,3,2
157,253,3,2
157,254,3,2
157,255,3,2
157,256,3,2
157,257,3,2
157,258,3,2
157,259,3,2
157,260,3,2
157,261,3,2
157,262,3,2
157,263,3,2
157,264,3,2
157,265,3,2
157,266,3,2
157,267,3,2
157,268,3,2
157,269,3,2
157,270,3,2
157,271,3,2
157,272,3,2
157,273,3,2
157,274,3,2
157,275,3,2
157,276,3,2
157,277,3,2
157,278,3,2
157,279,3,2
157,280,3,2
157,281,3,2
157,282,3,2
157,283,3,2
157,284,3,2
157,285,3,2
157,286,3,2
157,287,3,2
157,288,3,2
157,289,3,2
157,290,3,2
157,291,3,2
157,292,3,2
157,293,3,2
157,294,3,2
157,295,3,2
157,296,3,2
157,297,3,2
157,298,3,2
157,299,3,2
157,300,3,2
157,301,3,2
157,302,3,2
157,303,3,2
157,304,3,2
157,305,3,2
157,306,3,2
157,307,3,2
157,308,3,2
157,309,3,2
157,310,3,2
157,311,3,2
157,312,3,2
157,313,3,2
157,314,3,2
157,315,3,2
157,316,3,2
157,317,3,2
157,318,3,2
157,319,3,2
157,320,3,2
157,321,3,2
157,322,3,2
157,323,3,2
157,324,3,2
157,325,3,2
157,326,3,2
157,327,3,2
157,328,3,2
157,329,3,2
157,330,3,2
157,331,3,2
157,332,3,2
157,333,3,2
157,334,3,2
157,335,3,2
157,336,3,2
157,337,3,2
157,338,3,2
157,339,3,2
157,340,3,2
157,341,3,2
157,342,3,2
157,343,3,2
157,344,3,2
157,345,3,2
157,346,3,2
157,347,3,2
157,348,3,2
157,349,3,2
157,350,3,2
157,351,3,2
157,352,3,2
157,353,3,2
157,354,3,2
157,355,3,2
157,356,3,2
157,357,3,2
157,358,3,2
157,359,3,2
157,360,3,2
157,361,3,2
157,362,3,2
157,363,3,2
157,364,3,2
157,365,3,2
157,366,3,2
157,367,3,2
157,368,3,2
157,369,3,2
157,370,3,2
157,371,3,2
157,372,3,2
157,373,3,2
157,374,3,2
157,375,3,2
157,376,3,2
157,377,3,2
157,378,3,2
157,379,3,2
157,380,3,2
157,381,3,2
157,382,3,2
157,383,3,2
157,384,3,2
157,385,3,2
157,386,3,2
157,387,3,2
157,388,3,2
157,389,3,2
157,390,3,2
157,391,3,2
157,392,3,2
157,393,3,2
157,394,3,2
157,395,3,2
157,396,3,2
157,397,3,2
157,398,3,2
157,399,3,2
157,400,3,2
157,401,3,2
157,402,3,2
157,403,3,2
157,404,3,2
157,405,3,2
157,406,3,2
157,407,3,2
157,408,3,2
157,409,3,2
157,410,3,2
157,411,3,2
157,412,3,2
157,413,3,2
157,414,3,2
157,415,3,2
157,416,3,2
157,417,3,2
157,418,3,2
157,419,3,2
157,420,3,2
157,421,3,2
157,422,3,2
157,423,3,2
157,424,3,2
157,425,3,2
157,426,3,2
157,427,3,2
157,428,3,2
157,429,3,2
157,430,3,2
157,431,3,2
157,432,3,2
157,433,3,2
157,434,3,2
157,435,3,2
157,436,3,2
157,437,3,2
157,438,3,2
157,439,3,2
157,440,3,2
157,441,3,2
157,442,3,2
157,443,3,2
157,444,3,2
157,445,3,2
157,446,3,2
157,447,3,2
157,448,3,2
157,449,3,2
157,450,3,2
157,451,3,2
157,452,3,2
157,453,3,2
157,454,3,2
157,455,3,2
157,456,3,2
157,457,3,2
157,458,3,2
157,459,3,2
157,460,3,2
157,461,3,2
157,462,3,2
157,463,3,2
157,464,3,2
157,465,3,2
157,466,3,2
157,467,3,2
157,468,3,2
157,469,3,2
157,470,3,2
157,471,3,2
157,472,3,2
157,473,3,2
157,474,3,2
157,475,3,2
157,476,3,2
157,477,3,2
157,478,3,2
157,479,3,2
157,480,3,2
157,481,3,2
157,482,3,2
157,483,3,2
157,484,3,2
157,485,3,2
157,486,3,2
157,487,3,2
157,488,3,2
157,489,3,2
157,490,3,2
157,491,3,2
157,492,3,2
157,493,3,2
157,494,3,2
157,495,3,2
157,496,3,2
157,497,3,2
157,498,3,2
157,499,3,2
157,500,3,2
157,501,3,2
157,502,3,2
157,503,3,2
157,504,3,2
157,505,3,2
157,506,3,2
157,507,3,2
157,508,3,2
157,509,3,2
157,510,3,2
157,511,3,2
157,512,3,2
157,513,3,2
157,514,3,2
157,515,3,2
157,516,3,2
157,517,3,2
157,518,3,2
157,519,3,2
157,520,3,2
157,521,3,2
157,522,3,2
157,523,3,2
157,524,3,2
157,525,3,2
157,526,3,2
157,527,3,2
157,528,3,2
157,529,3,2
157,530,3,2
157,531,3,2
157,532,3,2
157,533,3,2
157,534,3,2
157,535,3,2
157,536,3,2
157,537,3,2
157,538,3,2
157,539,3,2
157,540,3,2
157,541,3,2
157,542,3,2
157,543,3,2
157,544,3,2
157,545,3,2
157,546,3,2
157,547,3,2
157,548,3,2
157,549,3,2
157,550,3,2
157,551,3,2
157,552,3,2
157,553,3,2
157,554,3,2
157,555,3,2
157,556,3,2
157,557,3,2
157,558,3,2
157,559,3,2
157,560,3,2
157,561,3,2
157,562,3,2
157,563,3,2
157,564,3,2
157,565,3,2
157,566,3,2
157,567,3,2
157,568,3,2
157,569,3,2
157,570,3,2
157,571,3,2
157,572,3,2
157,573,3,2
157,574,3,2
157,575,3,2
157,576,3,2
157,577,3,2
157,578,3,2
157,579,3,2
157,580,3,2
157,581,3,2
157,582,3,2
157,583,3,2
157,584,3,2
157,585,3,2
157,586,3,2
157,587,3,2
157,588,3,2
157,589,3,2
157,590,3,2
157,591,3,2
157,592,3,2
157,593,3,2
157,594,3,2
157,595,3,2
157,596,3,2
157,597,3,2
157,598,3,2
157,599,3,2
157,600,3,2
157,601,3,2
157,602,3,2
157,603,3,2
157,604,3,2
157,605,3,2
157,606,3,2
157,607,3,2
157,608,3,2
157,609,3,2
157,610,3,2
157,611,3,2
157,612,3,2
157,613,3,2
157,614,3,3
157,615,3,3
157,616,3,3
157,617,3,3
157,618,3,3
157,619,3,3
157,620,3,3
157,621,3,3
157,622,3,3
157,623,3,3
157,624,3,3
157,625,3,3
157,626,3,2
157,627,3,2
157,628,3,2
157,629,3,2
157,630,3,2
157,631,3,2
157,632,3,2
157,633,3,2
157,634,3,2
157,635,3,2
157,636,3,2
157,637,3,2
157,638,3,2
157,639,3,2
157,640,3,2
157,641,3,2
157,642,3,2
157,643,3,2
157,644,3,2
157,645,3,2
157,646,3,2
157,647,3,2
157,648,3,2
157,649,3,2
157,650,3,2
157,651,3,2
157,652,3,2
157,653,3,2
157,654,3,2
157,655,3,2
157,656,3,2
157,657,3,2
157,658,3,2
157,659,3,2
157,660,3,2
157,661,3,2
157,662,3,2
157,663,3,2
157,664,3,2
157,665,3,2
157,666,3,2
157,667,3,2
157,668,3,2
157,669,3,2
157,670,3,2
157,671,3,2
157,672,3,2
157,673,3,2
157,674,3,2
157,675,3,2
157,676,3,2
157,677,3,2
157,678,3,2
157,679,3,2
157,680,3,2
157,681,3,2
157,682,3,2
157,683,3,2
157,684,3,2
157,685,3,2
157,686,3,2
157,687,3,2
157,688,3,2
157,689,3,2
157,690,3,2
157,691,3,2
157,692,3,2
157,693,3,2
157,694,3,2
157,695,3,2
157,696,3,2
157,697,3,2
157,698,3,2
157,699,3,2
157,700,3,2
157,701,3,2
157,702,3,2
157,703,3,2
157,704,3,2
157,705,3,2
157,706,3,2
157,707,3,2
157,708,3,2
157,709,3,2
157,710,3,2
157,711,3,2
157,712,3,2
157,713,3,2
157,714,3,2
157,715,3,2
157,716,3,2
157,717,3,2
157,718,3,2
157,719,3,2
157,720,3,2
157,721,3,2
157,722,3,2
157,723,3,2
157,724,3,2
157,725,3,2
157,726,3,2
157,727,3,2
157,728,3,2
157,729,3,2
157,730,3,2
157,731,3,2
157,732,3,2
157,733,3,2
157,734,3,2
157,735,3,2
157,736,3,2
157,737,3,2
157,738,3,2
157,739,3,2
157,740,3,2
157,741,3,2
157,742,3,2
157,743,3,2
157,744,3,2
157,745,3,2
157,746,3,2
157,747,3,2
157,748,3,2
157,749,3,2
157,750,3,2
157,751,3,2
157,752,3,2
157,753,3,2
157,754,3,2
157,755,3,2
157,756,3,2
157,757,3,2
157,758,3,2
157,759,3,2
157,760,3,2
157,761,3,2
157,762,3,2
157,763,3,2
157,764,3,2
157,765,3,2
157,766,3,2
157,770,3,2
157,771,3,2
158,186,3,2
158,187,3,2
158,188,3,2
158,189,3,2
158,190,3,2
158,191,3,2
158,192,3,2
158,193,3,2
158,194,3,2
158,195,3,2
158,196,3,2
158,197,3,2
158,198,3,2
158,199,3,2
158,200,3,2
158,201,3,2
158,202,3,2
158,203,3,2
158,204,3,2
158,205,3,2
158,206,3,2
158,207,3,2
158,208,3,2
158,209,3,2
158,210,3,2
158,211,3,2
158,212,3,2
158,213,3,2
158,214,3,2
158,215,3,2
158,216,3,2
158,217,3,2
158,218,3,2
158,219,3,2
158,220,3,2
158,221,3,2
158,222,3,2
158,223,3,2
158,224,3,2
158,225,3,2
158,226,3,2
158,227,3,2
158,228,3,2
158,229,3,2
158,230,3,2
158,231,3,2
158,232,3,2
158,233,3,2
158,234,3,2
158,235,3,2
158,236,3,2
158,237,3,2
158,238,3,2
158,239,3,2
158,240,3,2
158,241,3,2
158,242,3,2
158,243,3,2
158,244,3,2
158,245,3,2
158,246,3,2
158,247,3,2
158,248,3,2
158,249,3,2
158,250,3,2
158,251,3,2
158,252,3,2
158,253,3,2
158,254,3,2
158,255,3,2
158,256,3,2
158,257,3,2
158,258,3,2
158,259,3,2
158,260,3,2
158,261,3,2
158,262,3,2
158,263,3,2
158,264,3,2
158,265,3,2
158,266,3,2
158,267,3,2
158,268,3,2
158,269,3,2
158,270,3,2
158,271,3,2
158,272,3,2
158,273,3,2
158,274,3,2
158,275,3,2
158,276,3,2
158,277,3,2
158,278,3,2
158,279,3,2
158,280,3,2
158,281,3,2
158,282,3,2
158,283,3,2
158,284,3,2
158,285,3,2
158,286,3,2
158,287,3,2
158,288,3,2
158,289,3,2
158,290,3,2
158,291,3,2
158,292,3,2
158,293,3,2
158,294,3,2
158,295,3,2
158,296,3,2
158,297,3,2
158,298,3,2
158,299,3,2
158,300,3,2
158,301,3,2
158,302,3,2
158,303,3,2
158,304,3,2
158,305,3,2
158,306,3,2
158,307,3,2
158,308,3,2
158,309,3,2
158,310,3,2
158,311,3,2
158,312,3,2
158,313,3,2
158,314,3,2
158,315,3,2
158,316,3,2
158,317,3,2
158,318,3,2
158,319,3,2
158,320,3,2
158,321,3,2
158,322,3,2
158,323,3,2
158,324,3,2
158,325,3,2
158,326,3,2
158,327,3,2
158,328,3,2
158,329,3,2
158,330,3,2
158,331,3,2
158,332,3,2
158,333,3,2
158,334,3,2
158,335,3,2
158,336,3,2
158,337,3,2
158,338,3,2
158,339,3,2
158,340,3,2
158,341,3,2
158,342,3,2
158,343,3,2
158,344,3,2
158,345,3,2
158,346,3,2
158,347,3,2
158,348,3,2
158,349,3,2
158,350,3,2
158,351,3,2
158,352,3,2
158,353,3,2
158,354,3,2
158,355,3,2
158,356,3,2
158,357,3,2
158,358,3,2
158,359,3,2
158,360,3,2
158,361,3,2
158,362,3,2
158,363,3,2
158,364,3,2
158,365,3,2
158,366,3,2
158,367,3,2
158,368,3,2
158,369,3,2
158,370,3,2
158,371,3,2
158,372,3,2
158,373,3,2
158,374,3,2
158,375,3,2
158,376,3,2
158,377,3,2
158,378,3,2
158,379,3,2
158,380,3,2
158,381,3,2
158,382,3,2
158,383,3,2
158,384,3,2
158,385,3,2
158,386,3,2
158,387,3,2
158,388,3,2
158,389,3,2
158,390,3,2
158,391,3,2
158,392,3,2
158,393,3,2
158,394,3,2
158,395,3,2
158,396,3,2
158,397,3,2
158,398,3,2
158,399,3,2
158,400,3,2
158,401,3,2
158,402,3,2
158,403,3,2
158,404,3,2
158,405,3,2
158,406,3,2
158,407,3,2
158,408,3,2
158,409,3,2
158,410,3,2
158,411,3,2
158,412,3,2
158,413,3,2
158,414,3,2
158,415,3,2
158,416,3,2
158,417,3,2
158,418,3,2
158,419,3,2
158,420,3,2
158,421,3,2
158,422,3,2
158,423,3,2
158,424,3,2
158,425,3,2
158,426,3,2
158,427,3,2
158,428,3,2
158,429,3,2
158,430,3,2
158,431,3,2
158,432,3,2
158,433,3,2
158,434,3,2
158,435,3,2
158,436,3,2
158,437,3,2
158,438,3,2
158,439,3,2
158,440,3,2
158,441,3,2
158,442,3,2
158,443,3,2
158,444,3,2
158,445,3,2
158,446,3,2
158,447,3,2
158,448,3,2
158,449,3,2
158,450,3,2
158,451,3,2
158,452,3,2
158,453,3,2
158,454,3,2
158,455,3,2
158,456,3,2
158,457,3,2
158,458,3,2
158,459,3,2
158,460,3,2
158,461,3,2
158,462,3,2
158,463,3,2
158,464,3,2
158,465,3,2
158,466,3,2
158,467,3,2
158,468,3,2
158,469,3,2
158,470,3,2
158,471,3,2
158,472,3,2
158,473,3,2
158,474,3,2
158,475,3,2
158,476,3,2
158,477,3,2
158,478,3,2
158,479,3,2
158,480,3,2
158,481,3,2
158,482,3,2
158,483,3,2
158,484,3,2
158,485,3,2
158,486,3,2
158,487,3,2
158,488,3,2
158,489,3,2
158,490,3,2
158,491,3,2
158,492,3,2
158,493,3,2
158,494,3,2
158,495,3,2
158,496,3,2
158,497,3,2
158,498,3,2
158,499,3,2
158,500,3,2
158,501,3,2
158,502,3,2
158,503,3,2
158,504,3,2
158,505,3,2
158,506,3,2
158,507,3,2
158,508,3,2
158,509,3,2
158,510,3,2
158,511,3,2
158,512,3,2
158,513,3,2
158,514,3,2
158,515,3,2
158,516,3,2
158,517,3,2
158,518,3,2
158,519,3,2
158,520,3,2
158,521,3,2
158,522,3,2
158,523,3,2
158,524,3,2
158,525,3,2
158,526,3,2
158,527,3,2
158,528,3,2
158,529,3,2
158,530,3,2
158,531,3,2
158,532,3,2
158,533,3,2
158,534,3,2
158,535,3,2
158,536,3,2
158,537,3,2
158,538,3,2
158,539,3,2
158,540,3,2
158,541,3,2
158,542,3,2
158,543,3,2
158,544,3,2
158,545,3,2
158,546,3,2
158,547,3,2
158,548,3,2
158,549,3,2
158,550,3,2
158,551,3,2
158,552,3,2
158,553,3,2
158,554,3,2
158,555,3,2
158,556,3,2
158,557,3,2
158,558,3,2
158,559,3,2
158,560,3,2
158,561,3,2
158,562,3,2
158,563,3,2
158,564,3,2
158,565,3,2
158,566,3,2
158,567,3,2
158,568,3,2
158,569,3,2
158,570,3,2
158,571,3,2
158,572,3,2
158,573,3,2
158,574,3,2
158,575,3,2
158,576,3,2
158,577,3,2
158,578,3,2
158,579,3,2
158,580,3,2
158,581,3,2
158,582,3,2
158,583,3,2
158,584,3,2
158,585,3,2
158,586,3,2
158,587,3,2
158,588,3,2
158,589,3,2
158,590,3,2
158,591,3,2
158,592,3,2
158,593,3,2
158,594,3,2
158,595,3,2
158,596,3,2
158,597,3,2
158,598,3,2
158,599,3,2
158,600,3,2
158,601,3,2
158,602,3,2
158,603,3,2
158,604,3,2
158,605,3,2
158,606,3,2
158,607,3,2
158,608,3,2
158,609,3,2
158,610,3,2
158,611,3,3
158,612,3,3
158,613,3,3
158,614,3,3
158,615,3,3
158,616,3,3
158,617,3,3
158,618,3,3
158,619,3,3
158,620,3,3
158,621,3,3
158,622,3,3
158,623,3,3
158,624,3,3
158,625,3,3
158,626,3,3
158,627,3,2
158,628,3,2
158,629,3,2
158,630,3,2
158,631,3,2
158,632,3,2
158,633,3,2
158,634,3,2
158,635,3,2
158,636,3,2
158,637,3,2
158,638,3,2
158,639,3,2
158,640,3,2
158,641,3,2
158,642,3,2
158,643,3,2
158,644,3,2
158,645,3,2
158,646,3,2
158,647,3,2
158,648,3,2
158,649,3,2
158,650,3,2
158,651,3,2
158,652,3,2
158,653,3,2
158,654,3,2
158,655,3,2
158,656,3,2
158,657,3,2
158,658,3,2
158,659,3,2
158,660,3,2
158,661,3,2
158,662,3,2
158,663,3,2
158,664,3,2
158,665,3,2
158,666,3,2
158,667,3,2
158,668,3,2
158,669,3,2
158,670,3,2
158,671,3,2
158,672,3,2
158,673,3,2
158,674,3,2
158,675,3,2
158,676,3,2
158,677,3,2
158,678,3,2
158,679,3,2
158,680,3,2
158,681,3,2
158,682,3,2
158,683,3,2
158,684,3,2
158,685,3,2
158,686,3,2
158,687,3,2
158,688,3,2
158,689,3,2
158,690,3,2
158,691,3,2
158,692,3,2
158,693,3,2
158,694,3,2
158,695,3,2
158,696,3,2
158,697,3,2
158,698,3,2
158,699,3,2
158,700,3,2
158,701,3,2
158,702,3,2
158,703,3,2
158,704,3,2
158,705,3,2
158,706,3,2
158,707,3,2
158,708,3,2
158,709,3,2
158,710,3,2
158,711,3,2
158,712,3,2
158,713,3,2
158,714,3,2
158,715,3,2
158,716,3,2
158,717,3,2
158,718,3,2
158,719,3,2
158,720,3,2
158,721,3,2
158,722,3,2
158,723,3,2
158,724,3,2
158,725,3,2
158,726,3,2
158,727,3,2
158,728,3,2
158,729,3,2
158,730,3,2
158,731,3,2
158,732,3,2
158,733,3,2
158,734,3,2
158,735,3,2
158,736,3,2
158,737,3,2
158,738,3,2
158,739,3,2
158,740,3,2
158,741,3,2
158,742,3,2
158,743,3,2
158,744,3,2
158,745,3,2
158,746,3,2
158,747,3,2
158,748,3,2
158,749,3,2
158,750,3,2
158,751,3,2
158,752,3,2
158,753,3,2
158,754,3,2
158,755,3,2
158,756,3,2
158,757,3,2
158,758,3,2
158,759,3,2
158,760,3,2
158,761,3,2
158,762,3,2
158,763,3,2
158,764,3,2
158,765,3,2
158,766,3,2
158,767,3,2
158,769,3,2
158,770,3,2
158,771,3,2
158,772,3,2
159,185,3,2
159,186,3,2
159,187,3,2
159,188,3,2
159,189,3,2
159,190,3,2
159,191,3,2
159,192,3,2
159,193,3,2
159,194,3,2
159,195,3,2
159,196,3,2
159,197,3,2
159,198,3,2
159,199,3,2
159,200,3,2
159,201,3,2
159,202,3,2
159,203,3,2
159,204,3,2
159,205,3,2
159,206,3,2
159,207,3,2
159,208,3,2
159,209,3,2
159,210,3,2
159,211,3,2
159,212,3,2
159,213,3,2
159,214,3,2
159,215,3,2
159,216,3,2
159,217,3,2
159,218,3,2
159,219,3,2
159,220,3,2
159,221,3,2
159,222,3,2
159,223,3,2
159,224,3,2
159,225,3,2
159,226,3,2
159,227,3,2
159,228,3,2
159,229,3,2
159,230,3,2
159,231,3,2
159,232,3,2
159,233,3,2
159,234,3,2
159,235,3,2
159,236,3,2
159,237,3,2
159,238,3,2
159,239,3,2
159,240,3,2
159,241,3,2
159,242,3,2
159,243,3,2
159,244,3,2
159,245,3,2
159,246,3,2
159,247,3,2
159,248,3,2
159,249,3,2
159,250,3,2
159,251,3,2
159,252,3,2
159,253,3,2
159,254,3,2
159,255,3,2
159,256,3,2
159,257,3,2
159,258,3,2
159,259,3,2
159,260,3,2
159,261,3,2
159,262,3,2
159,263,3,2
159,264,3,2
159,265,3,2
159,266,3,2
159,267,3,2
159,268,3,2
159,269,3,2
159,270,3,2
159,271,3,2
159,272,3,2
159,273,3,2
159,274,3,2
159,275,3,2
159,276,3,2
159,277,3,2
159,278,3,2
159,279,3,2
159,280,3,2
159,281,3,2
159,282,3,2
159,283,3,2
159,284,3,2
159,285,3,2
159,286,3,2
159,287,3,2
159,288,3,2
159,289,3,2
159,290,3,2
159,291,3,2
159,292,3,2
159,293,3,2
159,294,3,2
159,295,3,2
159,296,3,2
159,297,3,2
159,298,3,2
159,299,3,2
159,300,3,2
159,301,3,2
159,302,3,2
159,303,3,2
159,304,3,2
159,305,3,2
159,306,3,2
159,307,3,2
159,308,3,2
159,309,3,2
159,310,3,2
159,311,3,2
159,312,3,2
159,313,3,2
159,314,3,2
159,315,3,2
159,316,3,2
159,317,3,2
159,318,3,2
159,319,3,2
159,320,3,2
159,321,3,2
159,322,3,2
159,323,3,2
159,324,3,2
159,325,3,2
159,326,3,2
159,327,3,2
159,328,3,2
159,329,3,2
159,330,3,2
159,331,3,2
159,332,3,2
159,333,3,2
159,334,3,2
159,335,3,2
159,336,3,2
159,337,3,2
159,338,3,2
159,339,3,2
159,340,3,2
159,341,3,2
159,342,3,2
159,343,3,2
159,344,3,2
159,345,3,2
159,346,3,2
159,347,3,2
159,348,3,2
159,349,3,2
159,350,3,2
159,351,3,2
159,352,3,2
159,353,3,2
159,354,3,2
159,355,3,2
159,356,3,2
159,357,3,2
159,358,3,2
159,359,3,2
159,360,3,2
159,361,3,2
159,362,3,2
159,363,3,2
159,364,3,2
159,365,3,2
159,366,3,2
159,367,3,2
159,368,3,2
159,369,3,2
159,370,3,2
159,371,3,2
159,372,3,2
159,373,3,2
159,374,3,2
159,375,3,2
159,376,3,2
159,377,3,2
159,378,3,2
159,379,3,2
159,380,3,2
159,381,3,2
159,382,3,2
159,383,3,2
159,384,3,2
159,385,3,2
159,386,3,2
159,387,3,2
159,388,3,2
159,389,3,2
159,390,3,2
159,391,3,2
159,392,3,2
159,393,3,2
159,394,3,2
159,395,3,2
159,396,3,2
159,397,3,2
159,398,3,2
159,399,3,2
159,400,3,2
159,401,3,2
159,402,3,2
159,403,3,2
159,404,3,2
159,405,3,2
159,406,3,2
159,407,3,2
159,408,3,2
159,409,3,2
159,410,3,2
159,411,3,2
159,412,3,2
159,413,3,2
159,414,3,2
159,415,3,2
159,416,3,2
159,417,3,2
159,418,3,2
159,419,3,2
159,420,3,2
159,421,3,2
159,422,3,2
159,423,3,2
159,424,3,2
159,425,3,2
159,426,3,2
159,427,3,2
159,428,3,2
159,429,3,2
159,430,3,2
159,431,3,2
159,432,3,2
159,433,3,2
159,434,3,2
159,435,3,2
159,436,3,2
159,437,3,2
159,438,3,2
159,439,3,2
159,440,3,2
159,441,3,2
159,442,3,2
159,443,3,2
159,444,3,2
159,445,3,2
159,446,3,2
159,447,3,2
159,448,3,2
159,449,3,2
159,450,3,2
159,451,3,2
159,452,3,2
159,453,3,2
159,454,3,2
159,455,3,2
159,456,3,2
159,457,3,2
159,458,3,2
159,459,3,2
159,460,3,2
159,461,3,2
159,462,3,2
159,463,3,2
159,464,3,2
159,465,3,2
159,466,3,2
159,467,3,2
159,468,3,2
159,469,3,2
159,470,3,2
159,471,3,2
159,472,3,2
159,473,3,2
159,474,3,2
159,475,3,2
159,476,3,2
159,477,3,2
159,478,3,2
159,479,3,2
159,480,3,2
159,481,3,2
159,482,3,2
159,483,3,2
159,484,3,2
159,485,3,2
159,486,3,2
159,487,3,2
159,488,3,2
159,489,3,2
159,490,3,2
159,491,3,2
159,492,3,2
159,493,3,2
159,494,3,2
159,495,3,2
159,496,3,2
159,497,3,2
159,498,3,2
159,499,3,2
159,500,3,2
159,501,3,2
159,502,3,2
159,503,3,2
159,504,3,2
159,505,3,2
159,506,3,2
159,507,3,2
159,508,3,2
159,509,3,2
159,510,3,2
159,511,3,2
159,512,3,2
159,513,3,2
159,514,3,2
159,515,3,2
159,516,3,2
159,517,3,2
159,518,3,2
159,519,3,2
159,520,3,2
159,521,3,2
159,522,3,2
159,523,3,2
159,524,3,2
159,525,3,2
159,526,3,2
159,527,3,2
159,528,3,2
159,529,3,2
159,530,3,2
159,531,3,2
159,532,3,2
159,533,3,2
159,534,3,2
159,535,3,2
159,536,3,2
159,537,3,2
159,538,3,2
159,539,3,2
159,540,3,2
159,541,3,2
159,542,3,2
159,543,3,2
159,544,3,2
159,545,3,2
159,546,3,2
159,547,3,2
159,548,3,2
159,549,3,2
159,550,3,2
159,551,3,2
159,552,3,2
159,553,3,2
159,554,3,2
159,555,3,2
159,556,3,2
159,557,3,2
159,558,3,2
159,559,3,2
159,560,3,2
159,561,3,2
159,562,3,2
159,563,3,2
159,564,3,2
159,565,3,2
159,566,3,2
159,567,3,2
159,568,3,2
159,569,3,2
159,570,3,2
159,571,3,2
159,572,3,2
159,573,3,2
159,574,3,2
159,575,3,2
159,576,3,2
159,577,3,2
159,578,3,2
159,579,3,2
159,580,3,2
159,581,3,2
159,582,3,2
159,583,3,2
159,584,3,2
159,585,3,2
159,586,3,2
159,587,3,2
159,588,3,2
159,589,3,2
159,590,3,2
159,591,3,2
159,592,3,2
159,593,3,2
159,594,3,2
159,595,3,2
159,596,3,2
159,597,3,2
159,598,3,2
159,599,3,2
159,600,3,2
159,601,3,2
159,602,3,2
159,603,3,2
159,604,3,2
159,605,3,2
159,606,3,2
159,607,3,2
159,608,3,2
159,609,3,2
159,610,3,3
159,611,3,3
159,612,3,3
159,613,3,3
159,614,3,3
159,615,3,3
159,616,3,3
159,617,3,3
159,618,3,3
159,619,3,3
159,620,3,3
159,621,3,3
159,622,3,3
159,623,3,3
159,624,3,3
159,625,3,3
159,626,3,3
159,627,3,3
159,628,3,2
159,629,3,2
159,630,3,2
159,631,3,2
159,632,3,2
159,633,3,2
159,634,3,2
159,635,3,2
159,636,3,2
159,637,3,2
159,638,3,2
159,639,3,2
159,640,3,2
159,641,3,2
159,642,3,2
159,643,3,2
159,644,3,2
159,645,3,2
159,646,3,2
159,647,3,2
159,648,3,2
159,649,3,2
159,650,3,2
159,651,3,2
159,652,3,2
159,653,3,2
159,654,3,2
159,655,3,2
159,656,3,2
159,657,3,2
159,658,3,2
159,659,3,2
159,660,3,2
159,661,3,2
159,662,3,2
159,663,3,2
159,664,3,2
159,665,3,2
159,666,3,2
159,667,3,2
159,668,3,2
159,669,3,2
159,670,3,2
159,671,3,2
159,672,3,2
159,673,3,2
159,674,3,2
159,675,3,2
159,676,3,2
159,677,3,2
159,678,3,2
159,679,3,2
159,680,3,2
159,681,3,2
159,682,3,2
159,683,3,2
159,684,3,2
159,685,3,2
159,686,3,2
159,687,3,2
159,688,3,2
159,689,3,2
159,690,3,2
159,691,3,2
159,692,3,2
159,693,3,2
159,694,3,2
159,695,3,2
159,696,3,2
159,697,3,2
159,698,3,2
159,699,3,2
159,700,3,2
159,701,3,2
159,702,3,2
159,703,3,2
159,704,3,2
159,705,3,2
159,706,3,2
159,707,3,2
159,708,3,2
159,709,3,2
159,710,3,2
159,711,3,2
159,712,3,2
159,713,3,2
159,714,3,2
159,715,3,2
159,716,3,2
159,717,3,2
159,718,3,2
159,719,3,2
159,720,3,2
159,721,3,2
159,722,3,2
159,723,3,2
159,724,3,2
159,725,3,2
159,726,3,2
159,727,3,2
159,728,3,2
159,729,3,2
159,730,3,2
159,731,3,2
159,732,3,2
159,733,3,2
159,734,3,2
159,735,3,2
159,736,3,2
159,737,3,2
159,738,3,2
159,739,3,2
159,740,3,2
159,741,3,2
159,742,3,2
159,743,3,2
159,744,3,2
159,745,3,2
159,746,3,2
159,747,3,2
159,748,3,2
159,749,3,2
159,750,3,2
159,751,3,2
159,752,3,2
159,753,3,2
159,754,3,2
159,755,3,2
159,756,3,2
159,757,3,2
159,758,3,2
159,759,3,2
159,760,3,2
159,761,3,2
159,762,3,2
159,763,3,2
159,764,3,2
159,765,3,2
159,766,3,2
159,767,3,2
159,768,3,2
159,769,3,2
159,770,3,2
159,771,3,2
159,772,3,2
160,181,3,2
160,182,3,2
160,183,3,2
160,184,3,2
160,185,3,2
160,186,3,2
160,187,3,2
160,188,3,2
160,189,3,2
160,190,3,2
160,191,3,2
160,192,3,2
160,193,3,2
160,194,3,2
160,195,3,2
160,196,3,2
160,197,3,2
160,198,3,2
160,199,3,2
160,200,3,2
160,201,3,2
160,202,3,2
160,203,3,2
160,204,3,2
160,205,3,2
160,206,3,2
160,207,3,2
160,208,3,2
160,209,3,2
160,210,3,2
160,211,3,2
160,212,3,2
160,213,3,2
160,214,3,2
160,215,3,2
160,216,3,2
160,217,3,2
160,218,3,2
160,219,3,2
160,220,3,2
160,221,3,2
160,222,3,2
160,223,3,2
160,224,3,2
160,225,3,2
160,226,3,2
160,227,3,2
160,228,3,2
160,229,3,2
160,230,3,2
160,231,3,2
160,232,3,2
160,233,3,2
160,234,3,2
160,235,3,2
160,236,3,2
160,237,3,2
160,238,3,2
160,239,3,2
160,240,3,2
160,241,3,2
160,242,3,2
160,243,3,2
160,244,3,2
160,245,3,2
160,246,3,2
160,247,3,2
160,248,3,2
160,249,3,2
160,250,3,2
160,251,3,2
160,252,3,2
160,253,3,2
160,254,3,2
160,255,3,2
160,256,3,2
160,257,3,2
160,258,3,2
160,259,3,2
160,260,3,2
160,261,3,2
160,262,3,2
160,263,3,2
160,264,3,2
160,265,3,2
160,266,3,2
160,267,3,2
160,268,3,2
160,269,3,2
160,270,3,2
160,271,3,2
160,272,3,2
160,273,3,2
160,274,3,2
160,275,3,2
160,276,3,2
160,277,3,2
160,278,3,2
160,279,3,2
160,280,3,2
160,281,3,2
160,282,3,2
160,283,3,2
160,284,3,2
160,285,3,2
160,286,3,2
160,287,3,2
160,288,3,2
160,289,3,2
160,290,3,2
160,291,3,2
160,292,3,2
160,293,3,2
160,294,3,2
160,295,3,2
160,296,3,2
160,297,3,2
160,298,3,2
160,299,3,2
160,300,3,2
160,301,3,2
160,302,3,2
160,303,3,2
160,304,3,2
160,305,3,2
160,306,3,2
160,307,3,2
160,308,3,2
160,309,3,2
160,310,3,2
160,311,3,2
160,312,3,2
160,313,3,2
160,314,3,2
160,315,3,2
160,316,3,2
160,317,3,2
160,318,3,2
160,319,3,2
160,320,3,2
160,321,3,2
160,322,3,2
160,323,3,2
160,324,3,2
160,325,3,2
160,326,3,2
160,327,3,2
160,328,3,2
160,329,3,2
160,330,3,2
160,331,3,2
160,332,3,2
160,333,3,2
160,334,3,2
160,335,3,2
160,336,3,2
160,337,3,2
160,338,3,2
160,339,3,2
160,340,3,2
160,341,3,2
160,342,3,2
160,343,3,2
160,344,3,2
160,345,3,2
160,346,3,2
160,347,3,2
160,348,3,2
160,349,3,2
160,350,3,2
160,351,3,2
160,352,3,2
160,353,3,2
160,354,3,2
160,355,3,2
160,356,3,2
160,357,3,2
160,358,3,2
160,359,3,2
160,360,3,2
160,361,3,2
160,362,3,2
160,363,3,2
160,364,3,2
160,365,3,2
160,366,3,2
160,367,3,2
160,368,3,2
160,369,3,2
160,370,3,2
160,371,3,2
160,372,3,2
160,373,3,2
160,374,3,2
160,375,3,2
160,376,3,2
160,377,3,2
160,378,3,2
160,379,3,2
160,380,3,2
160,381,3,2
160,382,3,2
160,383,3,2
160,384,3,2
160,385,3,2
160,386,3,2
160,387,3,2
160,388,3,2
160,389,3,2
160,390,3,2
160,391,3,2
160,392,3,2
160,393,3,2
160,394,3,2
160,395,3,2
160,396,3,2
160,397,3,2
160,398,3,2
160,399,3,2
160,400,3,2
160,401,3,2
160,402,3,2
160,403,3,2
160,404,3,2
160,405,3,2
160,406,3,2
160,407,3,2
160,408,3,2
160,409,3,2
160,410,3,2
160,411,3,2
160,412,3,2
160,413,3,2
160,414,3,2
160,415,3,2
160,416,3,2
160,417,3,2
160,418,3,2
160,419,3,2
160,420,3,2
160,421,3,2
160,422,3,2
160,423,3,2
160,424,3,2
160,425,3,2
160,426,3,2
160,427,3,2
160,428,3,2
160,429,3,2
160,430,3,2
160,431,3,2
160,432,3,2
160,433,3,2
160,434,3,2
160,435,3,2
160,436,3,2
160,437,3,2
160,438,3,2
160,439,3,2
160,440,3,2
160,441,3,2
160,442,3,2
160,443,3,2
160,444,3,2
160,445,3,2
160,446,3,2
160,447,3,2
160,448,3,2
160,449,3,2
160,450,3,2
160,451,3,2
160,452,3,2
160,453,3,2
160,454,3,2
160,455,3,2
160,456,3,2
160,457,3,2
160,458,3,2
160,459,3,2
160,460,3,2
160,461,3,2
160,462,3,2
160,463,3,2
160,464,3,2
160,465,3,2
160,466,3,2
160,467,3,2
160,468,3,2
160,469,3,2
160,470,3,2
160,471,3,2
160,472,3,2
160,473,3,2
160,474,3,2
160,475,3,2
160,476,3,2
160,477,3,2
160,478,3,2
160,479,3,2
160,480,3,2
160,481,3,2
160,482,3,2
160,483,3,2
160,484,3,2
160,485,3,2
160,486,3,2
160,487,3,2
160,488,3,2
160,489,3,2
160,490,3,2
160,491,3,2
160,492,3,2
160,493,3,2
160,494,3,2
160,495,3,2
160,496,3,2
160,497,3,2
160,498,3,2
160,499,3,2
160,500,3,2
160,501,3,2
160,502,3,2
160,503,3,2
160,504,3,2
160,505,3,2
160,506,3,2
160,507,3,2
160,508,3,2
160,509,3,2
160,510,3,2
160,511,3,2
160,512,3,2
160,513,3,2
160,514,3,2
160,515,3,2
160,516,3,2
160,517,3,2
160,518,3,2
160,519,3,2
160,520,3,2
160,521,3,2
160,522,3,2
160,523,3,2
160,524,3,2
160,525,3,2
160,526,3,2
160,527,3,2
160,528,3,2
160,529,3,2
160,530,3,2
160,531,3,2
160,532,3,2
160,533,3,2
160,534,3,2
160,535,3,2
160,536,3,2
160,537,3,2
160,538,3,2
160,539,3,2
160,540,3,2
160,541,3,2
160,542,3,2
160,543,3,2
160,544,3,2
160,545,3,2
160,546,3,2
160,547,3,2
160,548,3,2
160,549,3,2
160,550,3,2
160,551,3,2
160,552,3,2
160,553,3,2
160,554,3,2
160,555,3,2
160,556,3,2
160,557,3,2
160,558,3,2
160,559,3,2
160,560,3,2
160,561,3,2
160,562,3,2
160,563,3,2
160,564,3,2
160,565,3,2
160,566,3,2
160,567,3,2
160,568,3,2
160,569,3,2
160,570,3,2
160,571,3,2
160,572,3,2
160,573,3,2
160,574,3,2
160,575,3,2
160,576,3,2
160,577,3,2
160,578,3,2
160,579,3,2
160,580,3,2
160,581,3,2
160,582,3,2
160,583,3,2
160,584,3,2
160,585,3,2
160,586,3,2
160,587,3,2
160,588,3,2
160,589,3,2
160,590,3,2
160,591,3,2
160,592,3,2
160,593,3,2
160,594,3,2
160,595,3,2
160,596,3,2
160,597,3,2
160,598,3,2
160,599,3,2
160,600,3,2
160,601,3,2
160,602,3,2
160,603,3,2
160,604,3,2
160,605,3,2
160,606,3,2
160,607,3,2
160,608,3,2
160,609,3,3
160,610,3,3
160,611,3,3
160,612,3,3
160,613,3,3
160,614,3,3
160,615,3,3
160,616,3,3
160,617,3,3
160,618,3,3
160,619,3,3
160,620,3,3
160,621,3,3
160,622,3,3
160,623,3,3
160,624,3,3
160,625,3,3
160,626,3,3
160,627,3,3
160,628,3,3
160,629,3,2
160,630,3,2
160,631,3,2
160,632,3,2
160,633,3,2
160,634,3,2
160,635,3,2
160,636,3,2
160,637,3,2
160,638,3,2
160,639,3,2
160,640,3,2
160,641,3,2
160,642,3,2
160,643,3,2
160,644,3,2
160,645,3,2
160,646,3,2
160,647,3,2
160,648,3,2
160,649,3,2
160,650,3,2
160,651,3,2
160,652,3,2
160,653,3,2
160,654,3,2
160,655,3,2
160,656,3,2
160,657,3,2
160,658,3,2
160,659,3,2
160,660,3,2
160,661,3,2
160,662,3,2
160,663,3,2
160,664,3,2
160,665,3,2
160,666,3,2
160,667,3,2
160,668,3,2
160,669,3,2
160,670,3,2
160,671,3,2
160,672,3,2
160,673,3,2
160,674,3,2
160,675,3,2
160,676,3,2
160,677,3,2
160,678,3,2
160,679,3,2
160,680,3,2
160,681,3,2
160,682,3,2
160,683,3,2
160,684,3,2
160,685,3,2
160,686,3,2
160,687,3,2
160,688,3,2
160,689,3,2
160,690,3,2
160,691,3,2
160,692,3,2
160,693,3,2
160,694,3,2
160,695,3,2
160,696,3,2
160,697,3,2
160,698,3,2
160,699,3,2
160,700,3,2
160,701,3,2
160,702,3,2
160,703,3,2
160,704,3,2
160,705,3,2
160,706,3,2
160,707,3,2
160,708,3,2
160,709,3,2
160,710,3,2
160,711,3,2
160,712,3,2
160,713,3,2
160,714,3,2
160,715,3,2
160,716,3,2
160,717,3,2
160,718,3,2
160,719,3,2
160,720,3,2
160,721,3,2
160,722,3,2
160,723,3,2
160,724,3,2
160,725,3,2
160,726,3,2
160,727,3,2
160,728,3,2
160,729,3,2
160,730,3,2
160,731,3,2
160,732,3,2
160,733,3,2
160,734,3,2
160,735,3,2
160,736,3,2
160,737,3,2
160,738,3,2
160,739,3,2
160,740,3,2
160,741,3,2
160,742,3,2
160,743,3,2
160,744,3,2
160,745,3,2
160,746,3,2
160,747,3,2
160,748,3,2
160,749,3,2
160,750,3,2
160,751,3,2
160,752,3,2
160,753,3,2
160,754,3,2
160,755,3,2
160,756,3,2
160,757,3,2
160,758,3,2
160,759,3,2
160,760,3,2
160,761,3,2
160,762,3,2
160,763,3,2
160,764,3,2
160,765,3,2
160,766,3,2
160,767,3,2
160,768,3,2
160,769,3,2
161,181,3,2
161,182,3,2
161,183,3,2
161,184,3,2
161,185,3,2
161,186,3,2
161,187,3,2
161,188,3,2
161,189,3,2
161,190,3,2
161,191,3,2
161,192,3,2
161,193,3,2
161,194,3,2
161,195,3,2
161,196,3,2
161,197,3,2
161,198,3,2
161,199,3,2
161,200,3,2
161,201,3,2
161,202,3,2
161,203,3,2
161,204,3,2
161,205,3,2
161,206,3,2
161,207,3,2
161,208,3,2
161,209,3,2
161,210,3,2
161,211,3,2
161,212,3,2
161,213,3,2
161,214,3,2
161,215,3,2
161,216,3,2
161,217,3,2
161,218,3,2
161,219,3,2
161,220,3,2
161,221,3,2
161,222,3,2
161,223,3,2
161,224,3,2
161,225,3,2
161,226,3,2
161,227,3,2
161,228,3,2
161,229,3,2
161,230,3,2
161,231,3,2
161,232,3,2
161,233,3,2
161,234,3,2
161,235,3,2
161,236,3,2
161,237,3,2
161,238,3,2
161,239,3,2
161,240,3,2
161,241,3,2
161,242,3,2
161,243,3,2
161,244,3,2
161,245,3,2
161,246,3,2
161,247,3,2
161,248,3,2
161,249,3,2
161,250,3,2
161,251,3,2
161,252,3,2
161,253,3,2
161,254,3,2
161,255,3,2
161,256,3,2
161,257,3,2
161,258,3,2
161,259,3,2
161,260,3,2
161,261,3,2
161,262,3,2
161,263,3,2
161,264,3,2
161,265,3,2
161,266,3,2
161,267,3,2
161,268,3,2
161,269,3,2
161,270,3,2
161,271,3,2
161,272,3,2
161,273,3,2
161,274,3,2
161,275,3,2
161,276,3,2
161,277,3,2
161,278,3,2
161,279,3,2
161,280,3,2
161,281,3,2
161,282,3,2
161,283,3,2
161,284,3,2
161,285,3,2
161,286,3,2
161,287,3,2
161,288,3,2
161,289,3,2
161,290,3,2
161,291,3,2
161,292,3,2
161,293,3,2
161,294,3,2
161,295,3,2
161,296,3,2
161,297,3,2
161,298,3,2
161,299,3,2
161,300,3,2
161,301,3,2
161,302,3,2
161,303,3,2
161,304,3,2
161,305,3,2
161,306,3,2
161,307,3,2
161,308,3,2
161,309,3,2
161,310,3,2
161,311,3,2
161,312,3,2
161,313,3,2
161,314,3,2
161,315,3,2
161,316,3,2
161,317,3,2
161,318,3,2
161,319,3,2
161,320,3,2
161,321,3,2
161,322,3,2
161,323,3,2
161,324,3,2
161,325,3,2
161,326,3,2
161,327,3,2
161,328,3,2
161,329,3,2
161,330,3,2
161,331,3,2
161,332,3,2
161,333,3,2
161,334,3,2
161,335,3,2
161,336,3,2
161,337,3,2
161,338,3,2
161,339,3,2
161,340,3,2
161,341,3,2
161,342,3,2
161,343,3,2
161,344,3,2
161,345,3,2
161,346,3,2
161,347,3,2
161,348,3,2
161,349,3,2
161,350,3,2
161,351,3,2
161,352,3,2
161,353,3,2
161,354,3,2
161,355,3,2
161,356,3,2
161,357,3,2
161,358,3,2
161,359,3,2
161,360,3,2
161,361,3,2
161,362,3,2
161,363,3,2
161,364,3,2
161,365,3,2
161,366,3,2
161,367,3,2
161,368,3,2
161,369,3,2
161,370,3,2
161,371,3,2
161,372,3,2
161,373,3,2
161,374,3,2
161,375,3,2
161,376,3,2
161,377,3,2
161,378,3,2
161,379,3,2
161,380,3,2
161,381,3,2
161,382,3,2
161,383,3,2
161,384,3,2
161,385,3,2
161,386,3,2
161,387,3,2
161,388,3,2
161,389,3,2
161,390,3,2
161,391,3,2
161,392,3,2
161,393,3,2
161,394,3,2
161,395,3,2
161,396,3,2
161,397,3,2
161,398,3,2
161,399,3,2
161,400,3,2
161,401,3,2
161,402,3,2
161,403,3,2
161,404,3,2
161,405,3,2
161,406,3,2
161,407,3,2
161,408,3,2
161,409,3,2
161,410,3,2
161,411,3,2
161,412,3,2
161,413,3,2
161,414,3,2
161,415,3,2
161,416,3,2
161,417,3,2
161,418,3,2
161,419,3,2
161,420,3,2
161,421,3,2
161,422,3,2
161,423,3,2
161,424,3,2
161,425,3,2
161,426,3,2
161,427,3,2
161,428,3,2
161,429,3,2
161,430,3,2
161,431,3,2
161,432,3,2
161,433,3,2
161,434,3,2
161,435,3,2
161,436,3,2
161,437,3,2
161,438,3,2
161,439,3,2
161,440,3,2
161,441,3,2
161,442,3,2
161,443,3,2
161,444,3,2
161,445,3,2
161,446,3,2
161,447,3,2
161,448,3,2
161,449,3,2
161,450,3,2
161,451,3,2
161,452,3,2
161,453,3,2
161,454,3,2
161,455,3,2
161,456,3,2
161,457,3,2
161,458,3,2
161,459,3,2
161,460,3,2
161,461,3,2
161,462,3,2
161,463,3,2
161,464,3,2
161,465,3,2
161,466,3,2
161,467,3,2
161,468,3,2
161,469,3,2
161,470,3,2
161,471,3,2
161,472,3,2
161,473,3,2
161,474,3,2
161,475,3,2
161,476,3,2
161,477,3,2
161,478,3,2
161,479,3,2
161,480,3,2
161,481,3,2
161,482,3,2
161,483,3,2
161,484,3,2
161,485,3,2
161,486,3,2
161,487,3,2
161,488,3,2
161,489,3,2
161,490,3,2
161,491,3,2
161,492,3,2
161,493,3,2
161,494,3,2
161,495,3,2
161,496,3,2
161,497,3,2
161,498,3,2
161,499,3,2
161,500,3,2
161,501,3,2
161,502,3,2
161,503,3,2
161,504,3,2
161,505,3,2
161,506,3,2
161,507,3,2
161,508,3,2
161,509,3,2
161,510,3,2
161,511,3,2
161,512,3,2
161,513,3,2
161,514,3,2
161,515,3,2
161,516,3,2
161,517,3,2
161,518,3,2
161,519,3,2
161,520,3,2
161,521,3,2
161,522,3,2
161,523,3,2
161,524,3,2
161,525,3,2
161,526,3,2
161,527,3,2
161,528,3,2
161,529,3,2
161,530,3,2
161,531,3,2
161,532,3,2
161,533,3,2
161,534,3,2
161,535,3,2
161,536,3,2
161,537,3,2
161,538,3,2
161,539,3,2
161,540,3,2
161,541,3,2
161,542,3,2
161,543,3,2
161,544,3,2
161,545,3,2
161,546,3,2
161,547,3,2
161,548,3,2
161,549,3,2
161,550,3,2
161,551,3,2
161,552,3,2
161,553,3,2
161,554,3,2
161,555,3,2
161,556,3,2
161,557,3,2
161,558,3,2
161,559,3,2
161,560,3,2
161,561,3,2
161,562,3,2
161,563,3,2
161,564,3,2
161,565,3,2
161,566,3,2
161,567,3,2
161,568,3,2
161,569,3,2
161,570,3,2
161,571,3,2
161,572,3,2
161,573,3,2
161,574,3,2
161,575,3,2
161,576,3,2
161,577,3,2
161,578,3,2
161,579,3,2
161,580,3,2
161,581,3,2
161,582,3,2
161,583,3,2
161,584,3,2
161,585,3,2
161,586,3,2
161,587,3,2
161,588,3,2
161,589,3,2
161,590,3,2
161,591,3,2
161,592,3,2
161,593,3,2
161,594,3,2
161,595,3,2
161,596,3,2
161,597,3,2
161,598,3,2
161,599,3,2
161,600,3,2
161,601,3,2
161,602,3,2
161,603,3,2
161,604,3,2
161,605,3,2
161,606,3,2
161,607,3,2
161,608,3,2
161,609,3,3
161,610,3,3
161,611,3,3
161,612,3,3
161,613,3,3
161,614,3,3
161,615,3,3
161,616,3,3
161,617,3,3
161,618,3,3
161,619,3,3
161,620,3,3
161,621,3,3
161,622,3,3
161,623,3,3
161,624,3,3
161,625,3,3
161,626,3,3
161,627,3,3
161,628,3,3
161,629,3,2
161,630,3,2
161,631,3,2
161,632,3,2
161,633,3,2
161,634,3,2
161,635,3,2
161,636,3,2
161,637,3,2
161,638,3,2
161,639,3,2
161,640,3,2
161,641,3,2
161,642,3,2
161,643,3,2
161,644,3,2
161,645,3,2
161,646,3,2
161,647,3,2
161,648,3,2
161,649,3,2
161,650,3,2
161,651,3,2
161,652,3,2
161,653,3,2
161,654,3,2
161,655,3,2
161,656,3,2
161,657,3,2
161,658,3,2
161,659,3,2
161,660,3,2
161,661,3,2
161,662,3,2
161,663,3,2
161,664,3,2
161,665,3,2
161,666,3,2
161,667,3,2
161,668,3,2
161,669,3,2
161,670,3,2
161,671,3,2
161,672,3,2
161,673,3,2
161,674,3,2
161,675,3,2
161,676,3,2
161,677,3,2
161,678,3,2
161,679,3,2
161,680,3,2
161,681,3,2
161,682,3,2
161,683,3,2
161,684,3,2
161,685,3,2
161,686,3,2
161,687,3,2
161,688,3,2
161,689,3,2
161,690,3,2
161,691,3,2
161,692,3,2
161,693,3,2
161,694,3,2
161,695,3,2
161,696,3,2
161,697,3,2
161,698,3,2
161,699,3,2
161,700,3,2
161,701,3,2
161,702,3,2
161,703,3,2
161,704,3,2
161,705,3,2
161,706,3,2
161,707,3,2
161,708,3,2
161,709,3,2
161,710,3,2
161,711,3,2
161,712,3,2
161,713,3,2
161,714,3,2
161,715,3,2
161,716,3,2
161,717,3,2
161,718,3,2
161,719,3,2
161,720,3,2
161,721,3,2
161,722,3,2
161,723,3,2
161,724,3,2
161,725,3,2
161,726,3,2
161,727,3,2
161,728,3,2
161,729,3,2
161,730,3,2
161,731,3,2
161,732,3,2
161,733,3,2
161,734,3,2
161,735,3,2
161,736,3,2
161,737,3,2
161,738,3,2
161,739,3,2
161,740,3,2
161,741,3,2
161,742,3,2
161,743,3,2
161,744,3,2
161,745,3,2
161,746,3,2
161,747,3,2
161,748,3,2
161,749,3,2
161,750,3,2
161,751,3,2
161,752,3,2
161,753,3,2
161,754,3,2
161,755,3,2
161,756,3,2
161,757,3,2
161,758,3,2
161,759,3,2
161,760,3,2
161,761,3,2
161,762,3,2
161,763,3,2
161,764,3,2
161,765,3,2
161,766,3,2
161,767,3,2
161,768,3,2
162,180,3,2
162,181,3,2
162,182,3,2
162,183,3,2
162,184,3,2
162,185,3,2
162,186,3,2
162,187,3,2
162,188,3,2
162,189,3,2
162,190,3,2
162,191,3,2
162,192,3,2
162,193,3,2
162,194,3,2
162,195,3,2
162,196,3,2
162,197,3,2
162,198,3,2
162,199,3,2
162,200,3,2
162,201,3,2
162,202,3,2
162,203,3,2
162,204,3,2
162,205,3,2
162,206,3,2
162,207,3,2
162,208,3,2
162,209,3,2
162,210,3,2
162,211,3,2
162,212,3,2
162,213,3,2
162,214,3,2
162,215,3,2
162,216,3,2
162,217,3,2
162,218,3,2
162,219,3,2
162,220,3,2
162,221,3,2
162,222,3,2
162,223,3,2
162,224,3,2
162,225,3,2
162,226,3,2
162,227,3,2
162,228,3,2
162,229,3,2
162,230,3,2
162,231,3,2
162,232,3,2
162,233,3,2
162,234,3,2
162,235,3,2
162,236,3,2
162,237,3,2
162,238,3,2
162,239,3,2
162,240,3,2
162,241,3,2
162,242,3,2
162,243,3,2
162,244,3,2
162,245,3,2
162,246,3,2
162,247,3,2
162,248,3,2
162,249,3,2
162,250,3,2
162,251,3,2
162,252,3,2
162,253,3,2
162,254,3,2
162,255,3,2
162,256,3,2
162,257,3,2
162,258,3,2
162,259,3,2
162,260,3,2
162,261,3,2
162,262,3,2
162,263,3,2
162,264,3,2
162,265,3,2
162,266,3,2
162,267,3,2
162,268,3,2
162,269,3,2
162,270,3,2
162,271,3,2
162,272,3,2
162,273,3,2
162,274,3,2
162,275,3,2
162,276,3,2
162,277,3,2
162,278,3,2
162,279,3,2
162,280,3,2
162,281,3,2
162,282,3,2
162,283,3,2
162,284,3,2
162,285,3,2
162,286,3,2
162,287,3,2
162,288,3,2
162,289,3,2
162,290,3,2
162,291,3,2
162,292,3,2
162,293,3,2
162,294,3,2
162,295,3,2
162,296,3,2
162,297,3,2
162,298,3,2
162,299,3,2
162,300,3,2
162,301,3,2
162,302,3,2
162,303,3,2
162,304,3,2
162,305,3,2
162,306,3,2
162,307,3,2
162,308,3,2
162,309,3,2
162,310,3,2
162,311,3,2
162,312,3,2
162,313,3,2
162,314,3,2
162,315,3,2
162,316,3,2
162,317,3,2
162,318,3,2
162,319,3,2
162,320,3,2
162,321,3,2
162,322,3,2
162,323,3,2
162,324,3,2
162,325,3,2
162,326,3,2
162,327,3,2
162,328,3,2
162,329,3,2
162,330,3,2
162,331,3,2
162,332,3,2
162,333,3,2
162,334,3,2
162,335,3,2
162,336,3,2
162,337,3,2
162,338,3,2
162,339,3,2
162,340,3,2
162,341,3,2
162,342,3,2
162,343,3,2
162,344,3,2
162,345,3,2
162,346,3,2
162,347,3,2
162,348,3,2
162,349,3,2
162,350,3,2
162,351,3,2
162,352,3,2
162,353,3,2
162,354,3,2
162,355,3,2
162,356,3,2
162,357,3,2
162,358,3,2
162,359,3,2
162,360,3,2
162,361,3,2
162,362,3,2
162,363,3,2
162,364,3,2
162,365,3,2
162,366,3,2
162,367,3,2
162,368,3,2
162,369,3,2
162,370,3,2
162,371,3,2
162,372,3,2
162,373,3,2
162,374,3,2
162,375,3,2
162,376,3,2
162,377,3,2
162,378,3,2
162,379,3,2
162,380,3,2
162,381,3,2
162,382,3,2
162,383,3,2
162,384,3,2
162,385,3,2
162,386,3,2
162,387,3,2
162,388,3,2
162,389,3,2
162,390,3,2
162,391,3,2
162,392,3,2
162,393,3,2
162,394,3,2
162,395,3,2
162,396,3,2
162,397,3,2
162,398,3,2
162,399,3,2
162,400,3,2
162,401,3,2
162,402,3,2
162,403,3,2
162,404,3,2
162,405,3,2
162,406,3,2
162,407,3,2
162,408,3,2
162,409,3,2
162,410,3,2
162,411,3,2
162,412,3,2
162,413,3,2
162,414,3,2
162,415,3,2
162,416,3,2
162,417,3,2
162,418,3,2
162,419,3,2
162,420,3,2
162,421,3,2
162,422,3,2
162,423,3,2
162,424,3,2
162,425,3,2
162,426,3,2
162,427,3,2
162,428,3,2
162,429,3,2
162,430,3,2
162,431,3,2
162,432,3,2
162,433,3,2
162,434,3,2
162,435,3,2
162,436,3,2
162,437,3,2
162,438,3,2
162,439,3,2
162,440,3,2
162,441,3,2
162,442,3,2
162,443,3,2
162,444,3,2
162,445,3,2
162,446,3,2
162,447,3,2
162,448,3,2
162,449,3,2
162,450,3,2
162,451,3,2
162,452,3,2
162,453,3,2
162,454,3,2
162,455,3,2
162,456,3,2
162,457,3,2
162,458,3,2
162,459,3,2
162,460,3,2
162,461,3,2
162,462,3,2
162,463,3,2
162,464,3,2
162,465,3,2
162,466,3,2
162,467,3,2
162,468,3,2
162,469,3,2
162,470,3,2
162,471,3,2
162,472,3,2
162,473,3,2
162,474,3,2
162,475,3,2
162,476,3,2
162,477,3,2
162,478,3,2
162,479,3,2
162,480,3,2
162,481,3,2
162,482,3,2
162,483,3,2
162,484,3,2
162,485,3,2
162,486,3,2
162,487,3,2
162,488,3,2
162,489,3,2
162,490,3,2
162,491,3,2
162,492,3,2
162,493,3,2
162,494,3,2
162,495,3,2
162,496,3,2
162,497,3,2
162,498,3,2
162,499,3,2
162,500,3,2
162,501,3,2
162,502,3,2
162,503,3,2
162,504,3,2
162,505,3,2
162,506,3,2
162,507,3,2
162,508,3,2
162,509,3,2
162,510,3,2
162,511,3,2
162,512,3,2
162,513,3,2
162,514,3,2
162,515,3,2
162,516,3,2
162,517,3,2
162,518,3,2
162,519,3,2
162,520,3,2
162,521,3,2
162,522,3,2
162,523,3,2
162,524,3,2
162,525,3,2
162,526,3,2
162,527,3,2
162,528,3,2
162,529,3,2
162,530,3,2
162,531,3,2
162,532,3,2
162,533,3,2
162,534,3,2
162,535,3,2
162,536,3,2
162,537,3,2
162,538,3,2
162,539,3,2
162,540,3,2
162,541,3,2
162,542,3,2
162,543,3,2
162,544,3,2
162,545,3,2
162,546,3,2
162,547,3,2
162,548,3,2
162,549,3,2
162,550,3,2
162,551,3,2
162,552,3,2
162,553,3,2
162,554,3,2
162,555,3,2
162,556,3,2
162,557,3,2
162,558,3,2
162,559,3,2
162,560,3,2
162,561,3,2
162,562,3,2
162,563,3,2
162,564,3,2
162,565,3,2
162,566,3,2
162,567,3,2
162,568,3,2
162,569,3,2
162,570,3,2
162,571,3,2
162,572,3,2
162,573,3,2
162,574,3,2
162,575,3,2
162,576,3,2
162,577,3,2
162,578,3,2
162,579,3,2
162,580,3,2
162,581,3,2
162,582,3,2
162,583,3,2
162,584,3,2
162,585,3,2
162,586,3,2
162,587,3,2
162,588,3,2
162,589,3,2
162,590,3,2
162,591,3,2
162,592,3,2
162,593,3,2
162,594,3,2
162,595,3,2
162,596,3,2
162,597,3,2
162,598,3,2
162,599,3,2
162,600,3,2
162,601,3,2
162,602,3,2
162,603,3,2
162,604,3,2
162,605,3,2
162,606,3,2
162,607,3,2
162,608,3,3
162,609,3,3
162,610,3,3
162,611,3,3
162,612,3,3
162,613,3,3
162,614,3,3
162,615,3,3
162,616,3,3
162,617,3,3
162,618,3,3
162,619,3,3
162,620,3,3
162,621,3,3
162,622,3,3
162,623,3,3
162,624,3,3
162,625,3,3
162,626,3,3
162,627,3,3
162,628,3,3
162,629,3,2
162,630,3,2
162,631,3,2
162,632,3,2
162,633,3,2
162,634,3,2
162,635,3,2
162,636,3,2
162,637,3,2
162,638,3,2
162,639,3,2
162,640,3,2
162,641,3,2
162,642,3,2
162,643,3,2
162,644,3,2
162,645,3,2
162,646,3,2
162,647,3,2
162,648,3,2
162,649,3,2
162,650,3,2
162,651,3,2
162,652,3,2
162,653,3,2
162,654,3,2
162,655,3,2
162,656,3,2
162,657,3,2
162,658,3,2
162,659,3,2
162,660,3,2
162,661,3,2
162,662,3,2
162,663,3,2
162,664,3,2
162,665,3,2
162,666,3,2
162,667,3,2
162,668,3,2
162,669,3,2
162,670,3,2
162,671,3,2
162,672,3,2
162,673,3,2
162,674,3,2
162,675,3,2
162,676,3,2
162,677,3,2
162,678,3,2
162,679,3,2
162,680,3,2
162,681,3,2
162,682,3,2
162,683,3,2
162,684,3,2
162,685,3,2
162,686,3,2
162,687,3,2
162,688,3,2
162,689,3,2
162,690,3,2
162,691,3,2
162,692,3,2
162,693,3,2
162,694,3,2
162,695,3,2
162,696,3,2
162,697,3,2
162,698,3,2
162,699,3,2
162,700,3,2
162,701,3,2
162,702,3,2
162,703,3,2
162,704,3,2
162,705,3,2
162,706,3,2
162,707,3,2
162,708,3,2
162,709,3,2
162,710,3,2
162,711,3,2
162,712,3,2
162,713,3,2
162,714,3,2
162,715,3,2
162,716,3,2
162,717,3,2
162,718,3,2
162,719,3,2
162,720,3,2
162,721,3,2
162,722,3,2
162,723,3,2
162,724,3,2
162,725,3,2
162,726,3,2
162,727,3,2
162,728,3,2
162,729,3,2
162,730,3,2
162,731,3,2
162,732,3,2
162,733,3,2
162,734,3,2
162,735,3,2
162,736,3,2
162,737,3,2
162,738,3,2
162,739,3,2
162,740,3,2
162,741,3,2
162,742,3,2
162,743,3,2
162,744,3,2
162,745,3,2
162,746,3,2
162,747,3,2
162,748,3,2
162,749,3,2
162,750,3,2
162,751,3,2
162,752,3,2
162,753,3,2
162,754,3,2
162,755,3,2
162,756,3,2
162,757,3,2
162,758,3,2
162,759,3,2
162,760,3,2
162,761,3,2
162,762,3,2
162,763,3,2
162,764,3,2
162,765,3,2
162,766,3,2
162,767,3,2
162,768,3,2
162,773,3,2
162,774,3,2
162,783,3,2
162,784,3,2
162,785,3,2
163,175,3,2
163,176,3,2
163,179,3,2
163,180,3,2
163,181,3,2
163,182,3,2
163,183,3,2
163,184,3,2
163,185,3,2
163,186,3,2
163,187,3,2
163,188,3,2
163,189,3,2
163,190,3,2
163,191,3,2
163,192,3,2
163,193,3,2
163,194,3,2
163,195,3,2
163,196,3,2
163,197,3,2
163,198,3,2
163,199,3,2
163,200,3,2
163,201,3,2
163,202,3,2
163,203,3,2
163,204,3,2
163,205,3,2
163,206,3,2
163,207,3,2
163,208,3,2
163,209,3,2
163,210,3,2
163,211,3,2
163,212,3,2
163,213,3,2
163,214,3,2
163,215,3,2
163,216,3,2
163,217,3,2
163,218,3,2
163,219,3,2
163,220,3,2
163,221,3,2
163,222,3,2
163,223,3,2
163,224,3,2
163,225,3,2
163,226,3,2
163,227,3,2
163,228,3,2
163,229,3,2
163,230,3,2
163,231,3,2
163,232,3,2
163,233,3,2
163,234,3,2
163,235,3,2
163,236,3,2
163,237,3,2
163,238,3,2
163,239,3,2
163,240,3,2
163,241,3,2
163,242,3,2
163,243,3,2
163,244,3,2
163,245,3,2
163,246,3,2
163,247,3,2
163,248,3,2
163,249,3,2
163,250,3,2
163,251,3,2
163,252,3,2
163,253,3,2
163,254,3,2
163,255,3,2
163,256,3,2
163,257,3,2
163,258,3,2
163,259,3,2
163,260,3,2
163,261,3,2
163,262,3,2
163,263,3,2
163,264,3,2
163,265,3,2
163,266,3,2
163,267,3,2
163,268,3,2
163,269,3,2
163,270,3,2
163,271,3,2
163,272,3,2
163,273,3,2
163,274,3,2
163,275,3,2
163,276,3,2
163,277,3,2
163,278,3,2
163,279,3,2
163,280,3,2
163,281,3,2
163,282,3,2
163,283,3,2
163,284,3,2
163,285,3,2
163,286,3,2
163,287,3,2
163,288,3,2
163,289,3,2
163,290,3,2
163,291,3,2
163,292,3,2
163,293,3,2
163,294,3,2
163,295,3,2
163,296,3,2
163,297,3,2
163,298,3,2
163,299,3,2
163,300,3,2
163,301,3,2
163,302,3,2
163,303,3,2
163,304,3,2
163,305,3,2
163,306,3,2
163,307,3,2
163,308,3,2
163,309,3,2
163,310,3,2
163,311,3,2
163,312,3,2
163,313,3,2
163,314,3,2
163,315,3,2
163,316,3,2
163,317,3,2
163,318,3,2
163,319,3,2
163,320,3,2
163,321,3,2
163,322,3,2
163,323,3,2
163,324,3,2
163,325,3,2
163,326,3,2
163,327,3,2
163,328,3,2
163,329,3,2
163,330,3,2
163,331,3,2
163,332,3,2
163,333,3,2
163,334,3,2
163,335,3,2
163,336,3,2
163,337,3,2
163,338,3,2
163,339,3,2
163,340,3,2
163,341,3,2
163,342,3,2
163,343,3,2
163,344,3,2
163,345,3,2
163,346,3,2
163,347,3,2
163,348,3,2
163,349,3,2
163,350,3,2
163,351,3,2
163,352,3,2
163,353,3,2
163,354,3,2
163,355,3,2
163,356,3,2
163,357,3,2
163,358,3,2
163,359,3,2
163,360,3,2
163,361,3,2
163,362,3,2
163,363,3,2
163,364,3,2
163,365,3,2
163,366,3,2
163,367,3,2
163,368,3,2
163,369,3,2
163,370,3,2
163,371,3,2
163,372,3,2
163,373,3,2
163,374,3,2
163,375,3,2
163,376,3,2
163,377,3,2
163,378,3,2
163,379,3,2
163,380,3,2
163,381,3,2
163,382,3,2
163,383,3,2
163,384,3,2
163,385,3,2
163,386,3,2
163,387,3,2
163,388,3,2
163,389,3,2
163,390,3,2
163,391,3,2
163,392,3,2
163,393,3,2
163,394,3,2
163,395,3,2
163,396,3,2
163,397,3,2
163,398,3,2
163,399,3,2
163,400,3,2
163,401,3,2
163,402,3,2
163,403,3,2
163,404,3,2
163,405,3,2
163,406,3,2
163,407,3,2
163,408,3,2
163,409,3,2
163,410,3,2
163,411,3,2
163,412,3,2
163,413,3,2
163,414,3,2
163,415,3,2
163,416,3,2
163,417,3,2
163,418,3,2
163,419,3,2
163,420,3,2
163,421,3,2
163,422,3,2
163,423,3,2
163,424,3,2
163,425,3,2
163,426,3,2
163,427,3,2
163,428,3,2
163,429,3,2
163,430,3,2
163,431,3,2
163,432,3,2
163,433,3,2
163,434,3,2
163,435,3,2
163,436,3,2
163,437,3,2
163,438,3,2
163,439,3,2
163,440,3,2
163,441,3,2
163,442,3,2
163,443,3,2
163,444,3,2
163,445,3,2
163,446,3,2
163,447,3,2
163,448,3,2
163,449,3,2
163,450,3,2
163,451,3,2
163,452,3,2
163,453,3,2
163,454,3,2
163,455,3,2
163,456,3,2
163,457,3,2
163,458,3,2
163,459,3,2
163,460,3,2
163,461,3,2
163,462,3,2
163,463,3,2
163,464,3,2
163,465,3,2
163,466,3,2
163,467,3,2
163,468,3,2
163,469,3,2
163,470,3,2
163,471,3,2
163,472,3,2
163,473,3,2
163,474,3,2
163,475,3,2
163,476,3,2
163,477,3,2
163,478,3,2
163,479,3,2
163,480,3,2
163,481,3,2
163,482,3,2
163,483,3,2
163,484,3,2
163,485,3,2
163,486,3,2
163,487,3,2
163,488,3,2
163,489,3,2
163,490,3,2
163,491,3,2
163,492,3,2
163,493,3,2
163,494,3,2
163,495,3,2
163,496,3,2
163,497,3,2
163,498,3,2
163,499,3,2
163,500,3,2
163,501,3,2
163,502,3,2
163,503,3,2
163,504,3,2
163,505,3,2
163,506,3,2
163,507,3,2
163,508,3,2
163,509,3,2
163,510,3,2
163,511,3,2
163,512,3,2
163,513,3,2
163,514,3,2
163,515,3,2
163,516,3,2
163,517,3,2
163,518,3,2
163,519,3,2
163,520,3,2
163,521,3,2
163,522,3,2
163,523,3,2
163,524,3,2
163,525,3,2
163,526,3,2
163,527,3,2
163,528,3,2
163,529,3,2
163,530,3,2
163,531,3,2
163,532,3,2
163,533,3,2
163,534,3,2
163,535,3,2
163,536,3,2
163,537,3,2
163,538,3,2
163,539,3,2
163,540,3,2
163,541,3,2
163,542,3,2
163,543,3,2
163,544,3,2
163,545,3,2
163,546,3,2
163,547,3,2
163,548,3,2
163,549,3,2
163,550,3,2
163,551,3,2
163,552,3,2
163,553,3,2
163,554,3,2
163,555,3,2
163,556,3,2
163,557,3,2
163,558,3,2
163,559,3,2
163,560,3,2
163,561,3,2
163,562,3,2
163,563,3,2
163,564,3,2
163,565,3,2
163,566,3,2
163,567,3,2
163,568,3,2
163,569,3,2
163,570,3,2
163,571,3,2
163,572,3,2
163,573,3,2
163,574,3,2
163,575,3,2
163,576,3,2
163,577,3,2
163,578,3,2
163,579,3,2
163,580,3,2
163,581,3,2
163,582,3,2
163,583,3,2
163,584,3,2
163,585,3,2
163,586,3,2
163,587,3,2
163,588,3,2
163,589,3,2
163,590,3,2
163,591,3,2
163,592,3,2
163,593,3,2
163,594,3,2
163,595,3,2
163,596,3,2
163,597,3,2
163,598,3,2
163,599,3,2
163,600,3,2
163,601,3,2
163,602,3,2
163,603,3,2
163,604,3,2
163,605,3,2
163,606,3,2
163,607,3,2
163,608,3,3
163,609,3,3
163,610,3,3
163,611,3,3
163,612,3,3
163,613,3,3
163,614,3,3
163,615,3,3
163,616,3,3
163,617,3,3
163,618,3,3
163,619,3,3
163,620,3,3
163,621,3,3
163,622,3,3
163,623,3,3
163,624,3,3
163,625,3,3
163,626,3,3
163,627,3,3
163,628,3,3
163,629,3,3
163,630,3,2
163,631,3,2
163,632,3,2
163,633,3,2
163,634,3,2
163,635,3,2
163,636,3,2
163,637,3,2
163,638,3,2
163,639,3,2
163,640,3,2
163,641,3,2
163,642,3,2
163,643,3,2
163,644,3,2
163,645,3,2
163,646,3,2
163,647,3,2
163,648,3,2
163,649,3,2
163,650,3,2
163,651,3,2
163,652,3,2
163,653,3,2
163,654,3,2
163,655,3,2
163,656,3,2
163,657,3,2
163,658,3,2
163,659,3,2
163,660,3,2
163,661,3,2
163,662,3,2
163,663,3,2
163,664,3,2
163,665,3,2
163,666,3,2
163,667,3,2
163,668,3,2
163,669,3,2
163,670,3,2
163,671,3,2
163,672,3,2
163,673,3,2
163,674,3,2
163,675,3,2
163,676,3,2
163,677,3,2
163,678,3,2
163,679,3,2
163,680,3,2
163,681,3,2
163,682,3,2
163,683,3,2
163,684,3,2
163,685,3,2
163,686,3,2
163,687,3,2
163,688,3,2
163,689,3,2
163,690,3,2
163,691,3,2
163,692,3,2
163,693,3,2
163,694,3,2
163,695,3,2
163,696,3,2
163,697,3,2
163,698,3,2
163,699,3,2
163,700,3,2
163,701,3,2
163,702,3,2
163,703,3,2
163,704,3,2
163,705,3,2
163,706,3,2
163,707,3,2
163,708,3,2
163,709,3,2
163,710,3,2
163,711,3,2
163,712,3,2
163,713,3,2
163,714,3,2
163,715,3,2
163,716,3,2
163,717,3,2
163,718,3,2
163,719,3,2
163,720,3,2
163,721,3,2
163,722,3,2
163,723,3,2
163,724,3,2
163,725,3,2
163,726,3,2
163,727,3,2
163,728,3,2
163,729,3,2
163,730,3,2
163,731,3,2
163,732,3,2
163,733,3,2
163,734,3,2
163,735,3,2
163,736,3,2
163,737,3,2
163,738,3,2
163,739,3,2
163,740,3,2
163,741,3,2
163,742,3,2
163,743,3,2
163,744,3,2
163,745,3,2
163,746,3,2
163,747,3,2
163,748,3,2
163,749,3,2
163,750,3,2
163,751,3,2
163,752,3,2
163,753,3,2
163,754,3,2
163,755,3,2
163,756,3,2
163,757,3,2
163,758,3,2
163,759,3,2
163,760,3,2
163,761,3,2
163,762,3,2
163,763,3,2
163,764,3,2
163,765,3,2
163,766,3,2
163,767,3,2
163,768,3,2
163,769,3,2
163,770,3,2
163,771,3,2
163,772,3,2
163,773,3,2
163,774,3,2
163,775,3,2
164,174,3,2
164,175,3,2
164,176,3,2
164,177,3,2
164,178,3,2
164,179,3,2
164,180,3,2
164,181,3,2
164,182,3,2
164,183,3,2
164,184,3,2
164,185,3,2
164,186,3,2
164,187,3,2
164,188,3,2
164,189,3,2
164,190,3,2
164,191,3,2
164,192,3,2
164,193,3,2
164,194,3,2
164,195,3,2
164,196,3,2
164,197,3,2
164,198,3,2
164,199,3,2
164,200,3,2
164,201,3,2
164,202,3,2
164,203,3,2
164,204,3,2
164,205,3,2
164,206,3,2
164,207,3,2
164,208,3,2
164,209,3,2
164,210,3,2
164,211,3,2
164,212,3,2
164,213,3,2
164,214,3,2
164,215,3,2
164,216,3,2
164,217,3,2
164,218,3,2
164,219,3,2
164,220,3,2
164,221,3,2
164,222,3,2
164,223,3,2
164,224,3,2
164,225,3,2
164,226,3,2
164,227,3,2
164,228,3,2
164,229,3,2
164,230,3,2
164,231,3,2
164,232,3,2
164,233,3,2
164,234,3,2
164,235,3,2
164,236,3,2
164,237,3,2
164,238,3,2
164,239,3,2
164,240,3,2
164,241,3,2
164,242,3,2
164,243,3,2
164,244,3,2
164,245,3,2
164,246,3,2
164,247,3,2
164,248,3,2
164,249,3,2
164,250,3,2
164,251,3,2
164,252,3,2
164,253,3,2
164,254,3,2
164,255,3,2
164,256,3,2
164,257,3,2
164,258,3,2
164,259,3,2
164,260,3,2
164,261,3,2
164,262,3,2
164,263,3,2
164,264,3,2
164,265,3,2
164,266,3,2
164,267,3,2
164,268,3,2
164,269,3,2
164,270,3,2
164,271,3,2
164,272,3,2
164,273,3,2
164,274,3,2
164,275,3,2
164,276,3,2
164,277,3,2
164,278,3,2
164,279,3,2
164,280,3,2
164,281,3,2
164,282,3,2
164,283,3,2
164,284,3,2
164,285,3,2
164,286,3,2
164,287,3,2
164,288,3,2
164,289,3,2
164,290,3,2
164,291,3,2
164,292,3,2
164,293,3,2
164,294,3,2
164,295,3,2
164,296,3,2
164,297,3,2
164,298,3,2
164,299,3,2
164,300,3,2
164,301,3,2
164,302,3,2
164,303,3,2
164,304,3,2
164,305,3,2
164,306,3,2
164,307,3,2
164,308,3,2
164,309,3,2
164,310,3,2
164,311,3,2
164,312,3,2
164,313,3,2
164,314,3,2
164,315,3,2
164,316,3,2
164,317,3,2
164,318,3,2
164,319,3,2
164,320,3,2
164,321,3,2
164,322,3,2
164,323,3,2
164,324,3,2
164,325,3,2
164,326,3,2
164,327,3,2
164,328,3,2
164,329,3,2
164,330,3,2
164,331,3,2
164,332,3,2
164,333,3,2
164,334,3,2
164,335,3,2
164,336,3,2
164,337,3,2
164,338,3,2
164,339,3,2
164,340,3,2
164,341,3,2
164,342,3,2
164,343,3,2
164,344,3,2
164,345,3,2
164,346,3,2
164,347,3,2
164,348,3,2
164,349,3,2
164,350,3,2
164,351,3,2
164,352,3,2
164,353,3,2
164,354,3,2
164,355,3,2
164,356,3,2
164,357,3,2
164,358,3,2
164,359,3,2
164,360,3,2
164,361,3,2
164,362,3,2
164,363,3,2
164,364,3,2
164,365,3,2
164,366,3,2
164,367,3,2
164,368,3,2
164,369,3,2
164,370,3,2
164,371,3,2
164,372,3,2
164,373,3,2
164,374,3,2
164,375,3,2
164,376,3,2
164,377,3,2
164,378,3,2
164,379,3,2
164,380,3,2
164,381,3,2
164,382,3,2
164,383,3,2
164,384,3,2
164,385,3,2
164,386,3,2
164,387,3,2
164,388,3,2
164,389,3,2
164,390,3,2
164,391,3,2
164,392,3,2
164,393,3,2
164,394,3,2
164,395,3,2
164,396,3,2
164,397,3,2
164,398,3,2
164,399,3,2
164,400,3,2
164,401,3,2
164,402,3,2
164,403,3,2
164,404,3,2
164,405,3,2
164,406,3,2
164,407,3,2
164,408,3,2
164,409,3,2
164,410,3,2
164,411,3,2
164,412,3,2
164,413,3,2
164,414,3,2
164,415,3,2
164,416,3,2
164,417,3,2
164,418,3,2
164,419,3,2
164,420,3,2
164,421,3,2
164,422,3,2
164,423,3,2
164,424,3,2
164,425,3,2
164,426,3,2
164,427,3,2
164,428,3,2
164,429,3,2
164,430,3,2
164,431,3,2
164,432,3,2
164,433,3,2
164,434,3,2
164,435,3,2
164,436,3,2
164,437,3,2
164,438,3,2
164,439,3,2
164,440,3,2
164,441,3,2
164,442,3,2
164,443,3,2
164,444,3,2
164,445,3,2
164,446,3,2
164,447,3,2
164,448,3,2
164,449,3,2
164,450,3,2
164,451,3,2
164,452,3,2
164,453,3,2
164,454,3,2
164,455,3,2
164,456,3,2
164,457,3,2
164,458,3,2
164,459,3,2
164,460,3,2
164,461,3,2
164,462,3,2
164,463,3,2
164,464,3,2
164,465,3,2
164,466,3,2
164,467,3,2
164,468,3,2
164,469,3,2
164,470,3,2
164,471,3,2
164,472,3,2
164,473,3,2
164,474,3,2
164,475,3,2
164,476,3,2
164,477,3,2
164,478,3,2
164,479,3,2
164,480,3,2
164,481,3,2
164,482,3,2
164,483,3,2
164,484,3,2
164,485,3,2
164,486,3,2
164,487,3,2
164,488,3,2
164,489,3,2
164,490,3,2
164,491,3,2
164,492,3,2
164,493,3,2
164,494,3,2
164,495,3,2
164,496,3,2
164,497,3,2
164,498,3,2
164,499,3,2
164,500,3,2
164,501,3,2
164,502,3,2
164,503,3,2
164,504,3,2
164,505,3,2
164,506,3,2
164,507,3,2
164,508,3,2
164,509,3,2
164,510,3,2
164,511,3,2
164,512,3,2
164,513,3,2
164,514,3,2
164,515,3,2
164,516,3,2
164,517,3,2
164,518,3,2
164,519,3,2
164,520,3,2
164,521,3,2
164,522,3,2
164,523,3,2
164,524,3,2
164,525,3,2
164,526,3,2
164,527,3,2
164,528,3,2
164,529,3,2
164,530,3,2
164,531,3,2
164,532,3,2
164,533,3,2
164,534,3,2
164,535,3,2
164,536,3,2
164,537,3,2
164,538,3,2
164,539,3,2
164,540,3,2
164,541,3,2
164,542,3,2
164,543,3,2
164,544,3,2
164,545,3,2
164,546,3,2
164,547,3,2
164,548,3,2
164,549,3,2
164,550,3,2
164,551,3,2
164,552,3,2
164,553,3,2
164,554,3,2
164,555,3,2
164,556,3,2
164,557,3,2
164,558,3,2
164,559,3,2
164,560,3,2
164,561,3,2
164,562,3,2
164,563,3,2
164,564,3,2
164,565,3,2
164,566,3,2
164,567,3,2
164,568,3,2
164,569,3,2
164,570,3,2
164,571,3,2
164,572,3,2
164,573,3,2
164,574,3,2
164,575,3,2
164,576,3,2
164,577,3,2
164,578,3,2
164,579,3,2
164,580,3,2
164,581,3,2
164,582,3,2
164,583,3,2
164,584,3,2
164,585,3,2
164,586,3,2
164,587,3,2
164,588,3,2
164,589,3,2
164,590,3,2
164,591,3,2
164,592,3,2
164,593,3,2
164,594,3,2
164,595,3,2
164,596,3,2
164,597,3,2
164,598,3,2
164,599,3,2
164,600,3,2
164,601,3,2
164,602,3,2
164,603,3,2
164,604,3,2
164,605,3,2
164,606,3,2
164,607,3,3
164,608,3,3
164,609,3,3
164,610,3,3
164,611,3,3
164,612,3,3
164,613,3,3
164,614,3,3
164,615,3,3
164,616,3,3
164,617,3,3
164,618,3,3
164,619,3,3
164,620,3,3
164,621,3,3
164,622,3,3
164,623,3,3
164,624,3,3
164,625,3,3
164,626,3,3
164,627,3,3
164,628,3,3
164,629,3,3
164,630,3,2
164,631,3,2
164,632,3,2
164,633,3,2
164,634,3,2
164,635,3,2
164,636,3,2
164,637,3,2
164,638,3,2
164,639,3,2
164,640,3,2
164,641,3,2
164,642,3,2
164,643,3,2
164,644,3,2
164,645,3,2
164,646,3,2
164,647,3,2
164,648,3,2
164,649,3,2
164,650,3,2
164,651,3,2
164,652,3,2
164,653,3,2
164,654,3,2
164,655,3,2
164,656,3,2
164,657,3,2
164,658,3,2
164,659,3,2
164,660,3,2
164,661,3,2
164,662,3,2
164,663,3,2
164,664,3,2
164,665,3,2
164,666,3,2
164,667,3,2
164,668,3,2
164,669,3,2
164,670,3,2
164,671,3,2
164,672,3,2
164,673,3,2
164,674,3,2
164,675,3,2
164,676,3,2
164,677,3,2
164,678,3,2
164,679,3,2
164,680,3,2
164,681,3,2
164,682,3,2
164,683,3,2
164,684,3,2
164,685,3,2
164,686,3,2
164,687,3,2
164,688,3,2
164,689,3,2
164,690,3,2
164,691,3,2
164,692,3,2
164,693,3,2
164,694,3,2
164,695,3,2
164,696,3,2
164,697,3,2
164,698,3,2
164,699,3,2
164,700,3,2
164,701,3,2
164,702,3,2
164,703,3,2
164,704,3,2
164,705,3,2
164,706,3,2
164,707,3,2
164,708,3,2
164,709,3,2
164,710,3,2
164,711,3,2
164,712,3,2
164,713,3,2
164,714,3,2
164,715,3,2
164,716,3,2
164,717,3,2
164,718,3,2
164,719,3,2
164,720,3,2
164,721,3,2
164,722,3,2
164,723,3,2
164,724,3,2
164,725,3,2
164,726,3,2
164,727,3,2
164,728,3,2
164,729,3,2
164,730,3,2
164,731,3,2
164,732,3,2
164,733,3,2
164,734,3,2
164,735,3,2
164,736,3,2
164,737,3,2
164,738,3,2
164,739,3,2
164,740,3,2
164,741,3,2
164,742,3,2
164,743,3,2
164,744,3,2
164,745,3,2
164,746,3,2
164,747,3,2
164,748,3,2
164,749,3,2
164,750,3,2
164,751,3,2
164,752,3,2
164,753,3,2
164,754,3,2
164,755,3,2
164,756,3,2
164,757,3,2
164,758,3,2
164,759,3,2
164,760,3,2
164,761,3,2
164,762,3,2
164,763,3,2
164,764,3,2
164,765,3,2
164,766,3,2
164,767,3,2
164,768,3,2
164,769,3,2
164,770,3,2
164,771,3,2
164,772,3,2
164,773,3,2
164,774,3,2
164,775,3,2
164,776,3,2
165,174,3,2
165,175,3,2
165,176,3,2
165,177,3,2
165,178,3,2
165,179,3,2
165,180,3,2
165,181,3,2
165,182,3,2
165,183,3,2
165,184,3,2
165,185,3,2
165,186,3,2
165,187,3,2
165,188,3,2
165,189,3,2
165,190,3,2
165,191,3,2
165,192,3,2
165,193,3,2
165,194,3,2
165,195,3,2
165,196,3,2
165,197,3,2
165,198,3,2
165,199,3,2
165,200,3,2
165,201,3,2
165,202,3,2
165,203,3,2
165,204,3,2
165,205,3,2
165,206,3,2
165,207,3,2
165,208,3,2
165,209,3,2
165,210,3,2
165,211,3,2
165,212,3,2
165,213,3,2
165,214,3,2
165,215,3,2
165,216,3,2
165,217,3,2
165,218,3,2
165,219,3,2
165,220,3,2
165,221,3,2
165,222,3,2
165,223,3,2
165,224,3,2
165,225,3,2
165,226,3,2
165,227,3,2
165,228,3,2
165,229,3,2
165,230,3,2
165,231,3,2
165,232,3,2
165,233,3,2
165,234,3,2
165,235,3,2
165,236,3,2
165,237,3,2
165,238,3,2
165,239,3,2
165,240,3,2
165,241,3,2
165,242,3,2
165,243,3,2
165,244,3,2
165,245,3,2
165,246,3,2
165,247,3,2
165,248,3,2
165,249,3,2
165,250,3,2
165,251,3,2
165,252,3,2
165,253,3,2
165,254,3,2
165,255,3,2
165,256,3,2
165,257,3,2
165,258,3,2
165,259,3,2
165,260,3,2
165,261,3,2
165,262,3,2
165,263,3,2
165,264,3,2
165,265,3,2
165,266,3,2
165,267,3,2
165,268,3,2
165,269,3,2
165,270,3,2
165,271,3,2
165,272,3,2
165,273,3,2
165,274,3,2
165,275,3,2
165,276,3,2
165,277,3,2
165,278,3,2
165,279,3,2
165,280,3,2
165,281,3,2
165,282,3,2
165,283,3,2
165,284,3,2
165,285,3,2
165,286,3,2
165,287,3,2
165,288,3,2
165,289,3,2
165,290,3,2
165,291,3,2
165,292,3,2
165,293,3,2
165,294,3,2
165,295,3,2
165,296,3,2
165,297,3,2
165,298,3,2
165,299,3,2
165,300,3,2
165,301,3,2
165,302,3,2
165,303,3,2
165,304,3,2
165,305,3,2
165,306,3,2
165,307,3,2
165,308,3,2
165,309,3,2
165,310,3,2
165,311,3,2
165,312,3,2
165,313,3,2
165,314,3,2
165,315,3,2
165,316,3,2
165,317,3,2
165,318,3,2
165,319,3,2
165,320,3,2
165,321,3,2
165,322,3,2
165,323,3,2
165,324,3,2
165,325,3,2
165,326,3,2
165,327,3,2
165,328,3,2
165,329,3,2
165,330,3,2
165,331,3,2
165,332,3,2
165,333,3,2
165,334,3,2
165,335,3,2
165,336,3,2
165,337,3,2
165,338,3,2
165,339,3,2
165,340,3,2
165,341,3,2
165,342,3,2
165,343,3,2
165,344,3,2
165,345,3,2
165,346,3,2
165,347,3,2
165,348,3,2
165,349,3,2
165,350,3,2
165,351,3,2
165,352,3,2
165,353,3,2
165,354,3,2
165,355,3,2
165,356,3,2
165,357,3,2
165,358,3,2
165,359,3,2
165,360,3,2
165,361,3,2
165,362,3,2
165,363,3,2
165,364,3,2
165,365,3,2
165,366,3,2
165,367,3,2
165,368,3,2
165,369,3,2
165,370,3,2
165,371,3,2
165,372,3,2
165,373,3,2
165,374,3,2
165,375,3,2
165,376,3,2
165,377,3,2
165,378,3,2
165,379,3,2
165,380,3,2
165,381,3,2
165,382,3,2
165,383,3,2
165,384,3,2
165,385,3,2
165,386,3,2
165,387,3,2
165,388,3,2
165,389,3,2
165,390,3,2
165,391,3,2
165,392,3,2
165,393,3,2
165,394,3,2
165,395,3,2
165,396,3,2
165,397,3,2
165,398,3,2
165,399,3,2
165,400,3,2
165,401,3,2
165,402,3,2
165,403,3,2
165,404,3,2
165,405,3,2
165,406,3,2
165,407,3,2
165,408,3,2
165,409,3,2
165,410,3,2
165,411,3,2
165,412,3,2
165,413,3,2
165,414,3,2
165,415,3,2
165,416,3,2
165,417,3,2
165,418,3,2
165,419,3,2
165,420,3,2
165,421,3,2
165,422,3,2
165,423,3,2
165,424,3,2
165,425,3,2
165,426,3,2
165,427,3,2
165,428,3,2
165,429,3,2
165,430,3,2
165,431,3,2
165,432,3,2
165,433,3,2
165,434,3,2
165,435,3,2
165,436,3,2
165,437,3,2
165,438,3,2
165,439,3,2
165,440,3,2
165,441,3,2
165,442,3,2
165,443,3,2
165,444,3,2
165,445,3,2
165,446,3,2
165,447,3,2
165,448,3,2
165,449,3,2
165,450,3,2
165,451,3,2
165,452,3,2
165,453,3,2
165,454,3,2
165,455,3,2
165,456,3,2
165,457,3,2
165,458,3,2
165,459,3,2
165,460,3,2
165,461,3,2
165,462,3,2
165,463,3,2
165,464,3,2
165,465,3,2
165,466,3,2
165,467,3,2
165,468,3,2
165,469,3,2
165,470,3,2
165,471,3,2
165,472,3,2
165,473,3,2
165,474,3,2
165,475,3,2
165,476,3,2
165,477,3,2
165,478,3,2
165,479,3,2
165,480,3,2
165,481,3,2
165,482,3,2
165,483,3,2
165,484,3,2
165,485,3,2
165,486,3,2
165,487,3,2
165,488,3,2
165,489,3,2
165,490,3,2
165,491,3,2
165,492,3,2
165,493,3,2
165,494,3,2
165,495,3,2
165,496,3,2
165,497,3,2
165,498,3,2
165,499,3,2
165,500,3,2
165,501,3,2
165,502,3,2
165,503,3,2
165,504,3,2
165,505,3,2
165,506,3,2
165,507,3,2
165,508,3,2
165,509,3,2
165,510,3,2
165,511,3,2
165,512,3,2
165,513,3,2
165,514,3,2
165,515,3,2
165,516,3,2
165,517,3,2
165,518,3,2
165,519,3,2
165,520,3,2
165,521,3,2
165,522,3,2
165,523,3,2
165,524,3,2
165,525,3,2
165,526,3,2
165,527,3,2
165,528,3,2
165,529,3,2
165,530,3,2
165,531,3,2
165,532,3,2
165,533,3,2
165,534,3,2
165,535,3,2
165,536,3,2
165,537,3,2
165,538,3,2
165,539,3,2
165,540,3,2
165,541,3,2
165,542,3,2
165,543,3,2
165,544,3,2
165,545,3,2
165,546,3,2
165,547,3,2
165,548,3,2
165,549,3,2
165,550,3,2
165,551,3,2
165,552,3,2
165,553,3,2
165,554,3,2
165,555,3,2
165,556,3,2
165,557,3,2
165,558,3,2
165,559,3,2
165,560,3,2
165,561,3,2
165,562,3,2
165,563,3,2
165,564,3,2
165,565,3,2
165,566,3,2
165,567,3,2
165,568,3,2
165,569,3,2
165,570,3,2
165,571,3,2
165,572,3,2
165,573,3,2
165,574,3,2
165,575,3,2
165,576,3,2
165,577,3,2
165,578,3,2
165,579,3,2
165,580,3,2
165,581,3,2
165,582,3,2
165,583,3,2
165,584,3,2
165,585,3,2
165,586,3,2
165,587,3,2
165,588,3,2
165,589,3,2
165,590,3,2
165,591,3,2
165,592,3,2
165,593,3,2
165,594,3,2
165,595,3,2
165,596,3,2
165,597,3,2
165,598,3,2
165,599,3,2
165,600,3,2
165,601,3,2
165,602,3,2
165,603,3,2
165,604,3,2
165,605,3,2
165,606,3,3
165,607,3,3
165,608,3,3
165,609,3,3
165,610,3,3
165,611,3,3
165,612,3,3
165,613,3,3
165,614,3,3
165,615,3,3
165,616,3,3
165,617,3,3
165,618,3,3
165,619,3,3
165,620,3,3
165,621,3,3
165,622,3,3
165,623,3,3
165,624,3,3
165,625,3,3
165,626,3,3
165,627,3,3
165,628,3,3
165,629,3,3
165,630,3,3
165,631,3,2
165,632,3,2
165,633,3,2
165,634,3,3
165,635,3,3
165,636,3,3
165,637,3,3
165,638,3,2
165,639,3,2
165,640,3,2
165,641,3,2
165,642,3,2
165,643,3,2
165,644,3,2
165,645,3,2
165,646,3,2
165,647,3,2
165,648,3,2
165,649,3,2
165,650,3,2
165,651,3,2
165,652,3,2
165,653,3,2
165,654,3,2
165,655,3,2
165,656,3,2
165,657,3,2
165,658,3,2
165,659,3,2
165,660,3,2
165,661,3,2
165,662,3,2
165,663,3,2
165,664,3,2
165,665,3,2
165,666,3,2
165,667,3,2
165,668,3,2
165,669,3,2
165,670,3,2
165,671,3,2
165,672,3,2
165,673,3,2
165,674,3,2
165,675,3,2
165,676,3,2
165,677,3,2
165,678,3,2
165,679,3,2
165,680,3,2
165,681,3,2
165,682,3,2
165,683,3,2
165,684,3,2
165,685,3,2
165,686,3,2
165,687,3,2
165,688,3,2
165,689,3,2
165,690,3,2
165,691,3,2
165,692,3,2
165,693,3,2
165,694,3,2
165,695,3,2
165,696,3,2
165,697,3,2
165,698,3,2
165,699,3,2
165,700,3,2
165,701,3,2
165,702,3,2
165,703,3,2
165,704,3,2
165,705,3,2
165,706,3,2
165,707,3,2
165,708,3,2
165,709,3,2
165,710,3,2
165,711,3,2
165,712,3,2
165,713,3,2
165,714,3,2
165,715,3,2
165,716,3,2
165,717,3,2
165,718,3,2
165,719,3,2
165,720,3,2
165,721,3,2
165,722,3,2
165,723,3,2
165,724,3,2
165,725,3,2
165,726,3,2
165,727,3,2
165,728,3,2
165,729,3,2
165,730,3,2
165,731,3,2
165,732,3,2
165,733,3,2
165,734,3,2
165,735,3,2
165,736,3,2
165,737,3,2
165,738,3,2
165,739,3,2
165,740,3,2
165,741,3,2
165,742,3,2
165,743,3,2
165,744,3,2
165,745,3,2
165,746,3,2
165,747,3,2
165,748,3,2
165,749,3,2
165,750,3,2
165,751,3,2
165,752,3,2
165,753,3,2
165,754,3,2
165,755,3,2
165,756,3,2
165,757,3,2
165,758,3,2
165,759,3,2
165,760,3,2
165,761,3,2
165,762,3,2
165,763,3,2
165,764,3,2
165,765,3,2
165,766,3,2
165,767,3,2
165,768,3,2
165,769,3,2
165,770,3,2
165,771,3,2
165,772,3,2
165,773,3,2
165,774,3,2
165,775,3,2
165,776,3,2
166,173,3,2
166,174,3,2
166,175,3,2
166,176,3,2
166,177,3,2
166,178,3,2
166,179,3,2
166,180,3,2
166,181,3,2
166,182,3,2
166,183,3,2
166,184,3,2
166,185,3,2
166,186,3,2
166,187,3,2
166,188,3,2
166,189,3,2
166,190,3,2
166,191,3,2
166,192,3,2
166,193,3,2
166,194,3,2
166,195,3,2
166,196,3,2
166,197,3,2
166,198,3,2
166,199,3,2
166,200,3,2
166,201,3,2
166,202,3,2
166,203,3,2
166,204,3,2
166,205,3,2
166,206,3,2
166,207,3,2
166,208,3,2
166,209,3,2
166,210,3,2
166,211,3,2
166,212,3,2
166,213,3,2
166,214,3,2
166,215,3,2
166,216,3,2
166,217,3,2
166,218,3,2
166,219,3,2
166,220,3,2
166,221,3,2
166,222,3,2
166,223,3,2
166,224,3,2
166,225,3,2
166,226,3,2
166,227,3,2
166,228,3,2
166,229,3,2
166,230,3,2
166,231,3,2
166,232,3,2
166,233,3,2
166,234,3,2
166,235,3,2
166,236,3,2
166,237,3,2
166,238,3,2
166,239,3,2
166,240,3,2
166,241,3,2
166,242,3,2
166,243,3,2
166,244,3,2
166,245,3,2
166,246,3,2
166,247,3,2
166,248,3,2
166,249,3,2
166,250,3,2
166,251,3,2
166,252,3,2
166,253,3,2
166,254,3,2
166,255,3,2
166,256,3,2
166,257,3,2
166,258,3,2
166,259,3,2
166,260,3,2
166,261,3,2
166,262,3,2
166,263,3,2
166,264,3,2
166,265,3,2
166,266,3,2
166,267,3,2
166,268,3,2
166,269,3,2
166,270,3,2
166,271,3,2
166,272,3,2
166,273,3,2
166,274,3,2
166,275,3,2
166,276,3,2
166,277,3,2
166,278,3,2
166,279,3,2
166,280,3,2
166,281,3,2
166,282,3,2
166,283,3,2
166,284,3,2
166,285,3,2
166,286,3,2
166,287,3,2
166,288,3,2
166,289,3,2
166,290,3,2
166,291,3,2
166,292,3,2
166,293,3,2
166,294,3,2
166,295,3,2
166,296,3,2
166,297,3,2
166,298,3,2
166,299,3,2
166,300,3,2
166,301,3,2
166,302,3,2
166,303,3,2
166,304,3,2
166,305,3,2
166,306,3,2
166,307,3,2
166,308,3,2
166,309,3,2
166,310,3,2
166,311,3,2
166,312,3,2
166,313,3,2
166,314,3,2
166,315,3,2
166,316,3,2
166,317,3,2
166,318,3,2
166,319,3,2
166,320,3,2
166,321,3,2
166,322,3,2
166,323,3,2
166,324,3,2
166,325,3,2
166,326,3,2
166,327,3,2
166,328,3,2
166,329,3,2
166,330,3,2
166,331,3,2
166,332,3,2
166,333,3,2
166,334,3,2
166,335,3,2
166,336,3,2
166,337,3,2
166,338,3,2
166,339,3,2
166,340,3,2
166,341,3,2
166,342,3,2
166,343,3,2
166,344,3,2
166,345,3,2
166,346,3,2
166,347,3,2
166,348,3,2
166,349,3,2
166,350,3,2
166,351,3,2
166,352,3,2
166,353,3,2
166,354,3,2
166,355,3,2
166,356,3,2
166,357,3,2
166,358,3,2
166,359,3,2
166,360,3,2
166,361,3,2
166,362,3,2
166,363,3,2
166,364,3,2
166,365,3,2
166,366,3,2
166,367,3,2
166,368,3,2
166,369,3,2
166,370,3,2
166,371,3,2
166,372,3,2
166,373,3,2
166,374,3,2
166,375,3,2
166,376,3,2
166,377,3,2
166,378,3,2
166,379,3,2
166,380,3,2
166,381,3,2
166,382,3,2
166,383,3,2
166,384,3,2
166,385,3,2
166,386,3,2
166,387,3,2
166,388,3,2
166,389,3,2
166,390,3,2
166,391,3,2
166,392,3,2
166,393,3,2
166,394,3,2
166,395,3,2
166,396,3,2
166,397,3,2
166,398,3,2
166,399,3,2
166,400,3,2
166,401,3,2
166,402,3,2
166,403,3,2
166,404,3,2
166,405,3,2
166,406,3,2
166,407,3,2
166,408,3,2
166,409,3,2
166,410,3,2
166,411,3,2
166,412,3,2
166,413,3,2
166,414,3,2
166,415,3,2
166,416,3,2
166,417,3,2
166,418,3,2
166,419,3,2
166,420,3,2
166,421,3,2
166,422,3,2
166,423,3,2
166,424,3,2
166,425,3,2
166,426,3,2
166,427,3,2
166,428,3,2
166,429,3,2
166,430,3,2
166,431,3,2
166,432,3,2
166,433,3,2
166,434,3,2
166,435,3,2
166,436,3,2
166,437,3,2
166,438,3,2
166,439,3,2
166,440,3,2
166,441,3,2
166,442,3,2
166,443,3,2
166,444,3,2
166,445,3,2
166,446,3,2
166,447,3,2
166,448,3,2
166,449,3,2
166,450,3,2
166,451,3,2
166,452,3,2
166,453,3,2
166,454,3,2
166,455,3,2
166,456,3,2
166,457,3,2
166,458,3,2
166,459,3,2
166,460,3,2
166,461,3,2
166,462,3,2
166,463,3,2
166,464,3,2
166,465,3,2
166,466,3,2
166,467,3,2
166,468,3,2
166,469,3,2
166,470,3,2
166,471,3,2
166,472,3,2
166,473,3,2
166,474,3,2
166,475,3,2
166,476,3,2
166,477,3,2
166,478,3,2
166,479,3,2
166,480,3,2
166,481,3,2
166,482,3,2
166,483,3,2
166,484,3,2
166,485,3,2
166,486,3,2
166,487,3,2
166,488,3,2
166,489,3,2
166,490,3,2
166,491,3,2
166,492,3,2
166,493,3,2
166,494,3,2
166,495,3,2
166,496,3,2
166,497,3,2
166,498,3,2
166,499,3,2
166,500,3,2
166,501,3,2
166,502,3,2
166,503,3,2
166,504,3,2
166,505,3,2
166,506,3,2
166,507,3,2
166,508,3,2
166,509,3,2
166,510,3,2
166,511,3,2
166,512,3,2
166,513,3,2
166,514,3,2
166,515,3,2
166,516,3,2
166,517,3,2
166,518,3,2
166,519,3,2
166,520,3,2
166,521,3,2
166,522,3,2
166,523,3,2
166,524,3,2
166,525,3,2
166,526,3,2
166,527,3,2
166,528,3,2
166,529,3,2
166,530,3,2
166,531,3,2
166,532,3,2
166,533,3,2
166,534,3,2
166,535,3,2
166,536,3,2
166,537,3,2
166,538,3,2
166,539,3,2
166,540,3,2
166,541,3,2
166,542,3,2
166,543,3,2
166,544,3,2
166,545,3,2
166,546,3,2
166,547,3,2
166,548,3,2
166,549,3,2
166,550,3,2
166,551,3,2
166,552,3,2
166,553,3,2
166,554,3,2
166,555,3,2
166,556,3,2
166,557,3,2
166,558,3,2
166,559,3,2
166,560,3,2
166,561,3,2
166,562,3,2
166,563,3,2
166,564,3,2
166,565,3,2
166,566,3,2
166,567,3,2
166,568,3,2
166,569,3,2
166,570,3,2
166,571,3,2
166,572,3,2
166,573,3,2
166,574,3,2
166,575,3,2
166,576,3,2
166,577,3,2
166,578,3,2
166,579,3,2
166,580,3,2
166,581,3,2
166,582,3,2
166,583,3,2
166,584,3,2
166,585,3,2
166,586,3,2
166,587,3,2
166,588,3,2
166,589,3,2
166,590,3,2
166,591,3,2
166,592,3,2
166,593,3,2
166,594,3,2
166,595,3,2
166,596,3,2
166,597,3,2
166,598,3,2
166,599,3,2
166,600,3,2
166,601,3,2
166,602,3,2
166,603,3,2
166,604,3,2
166,605,3,3
166,606,3,3
166,607,3,3
166,608,3,3
166,609,3,3
166,610,3,3
166,611,3,3
166,612,3,3
166,613,3,3
166,614,3,3
166,615,3,3
166,616,3,3
166,617,3,3
166,618,3,3
166,619,3,3
166,620,3,3
166,621,3,3
166,622,3,3
166,623,3,3
166,624,3,3
166,625,3,3
166,626,3,3
166,627,3,3
166,628,3,3
166,629,3,3
166,630,3,3
166,631,3,3
166,632,3,3
166,633,3,3
166,634,3,3
166,635,3,3
166,636,3,3
166,637,3,3
166,638,3,3
166,639,3,3
166,640,3,3
166,641,3,3
166,642,3,3
166,643,3,2
166,644,3,2
166,645,3,2
166,646,3,2
166,647,3,2
166,648,3,2
166,649,3,2
166,650,3,2
166,651,3,2
166,652,3,2
166,653,3,2
166,654,3,2
166,655,3,2
166,656,3,2
166,657,3,2
166,658,3,2
166,659,3,2
166,660,3,2
166,661,3,2
166,662,3,2
166,663,3,2
166,664,3,2
166,665,3,2
166,666,3,2
166,667,3,2
166,668,3,2
166,669,3,2
166,670,3,2
166,671,3,2
166,672,3,2
166,673,3,2
166,674,3,2
166,675,3,2
166,676,3,2
166,677,3,2
166,678,3,2
166,679,3,2
166,680,3,2
166,681,3,2
166,682,3,2
166,683,3,2
166,684,3,2
166,685,3,2
166,686,3,2
166,687,3,2
166,688,3,2
166,689,3,2
166,690,3,2
166,691,3,2
166,692,3,2
166,693,3,2
166,694,3,2
166,695,3,2
166,696,3,2
166,697,3,2
166,698,3,2
166,699,3,2
166,700,3,2
166,701,3,2
166,702,3,2
166,703,3,2
166,704,3,2
166,705,3,2
166,706,3,2
166,707,3,2
166,708,3,2
166,709,3,2
166,710,3,2
166,711,3,2
166,712,3,2
166,713,3,2
166,714,3,2
166,715,3,2
166,716,3,2
166,717,3,2
166,718,3,2
166,719,3,2
166,720,3,2
166,721,3,2
166,722,3,2
166,723,3,2
166,724,3,2
166,725,3,2
166,726,3,2
166,727,3,2
166,728,3,2
166,729,3,2
166,730,3,2
166,731,3,2
166,732,3,2
166,733,3,2
166,734,3,2
166,735,3,2
166,736,3,2
166,737,3,2
166,738,3,2
166,739,3,2
166,740,3,2
166,741,3,2
166,742,3,2
166,743,3,2
166,744,3,2
166,745,3,2
166,746,3,2
166,747,3,2
166,748,3,2
166,749,3,2
166,750,3,2
166,751,3,2
166,752,3,2
166,753,3,2
166,754,3,2
166,755,3,2
166,756,3,2
166,757,3,2
166,758,3,2
166,759,3,2
166,760,3,2
166,761,3,2
166,762,3,2
166,763,3,2
166,764,3,2
166,765,3,2
166,766,3,2
166,767,3,2
166,768,3,2
166,769,3,2
166,770,3,2
166,771,3,2
166,772,3,2
166,773,3,2
166,774,3,2
166,775,3,2
167,172,3,2
167,173,3,2
167,174,3,2
167,175,3,2
167,176,3,2
167,177,3,2
167,178,3,2
167,179,3,2
167,180,3,2
167,181,3,2
167,182,3,2
167,183,3,2
167,184,3,2
167,185,3,2
167,186,3,2
167,187,3,2
167,188,3,2
167,189,3,2
167,190,3,2
167,191,3,2
167,192,3,2
167,193,3,2
167,194,3,2
167,195,3,2
167,196,3,2
167,197,3,2
167,198,3,2
167,199,3,2
167,200,3,2
167,201,3,2
167,202,3,2
167,203,3,2
167,204,3,2
167,205,3,2
167,206,3,2
167,207,3,2
167,208,3,2
167,209,3,2
167,210,3,2
167,211,3,2
167,212,3,2
167,213,3,2
167,214,3,2
167,215,3,2
167,216,3,2
167,217,3,2
167,218,3,2
167,219,3,2
167,220,3,2
167,221,3,2
167,222,3,2
167,223,3,2
167,224,3,2
167,225,3,2
167,226,3,2
167,227,3,2
167,228,3,2
167,229,3,2
167,230,3,2
167,231,3,2
167,232,3,2
167,233,3,2
167,234,3,2
167,235,3,2
167,236,3,2
167,237,3,2
167,238,3,2
167,239,3,2
167,240,3,2
167,241,3,2
167,242,3,2
167,243,3,2
167,244,3,2
167,245,3,2
167,246,3,2
167,247,3,2
167,248,3,2
167,249,3,2
167,250,3,2
167,251,3,2
167,252,3,2
167,253,3,2
167,254,3,2
167,255,3,2
167,256,3,2
167,257,3,2
167,258,3,2
167,259,3,2
167,260,3,2
167,261,3,2
167,262,3,2
167,263,3,2
167,264,3,2
167,265,3,2
167,266,3,2
167,267,3,2
167,268,3,2
167,269,3,2
167,270,3,2
167,271,3,2
167,272,3,2
167,273,3,2
167,274,3,2
167,275,3,2
167,276,3,2
167,277,3,2
167,278,3,2
167,279,3,2
167,280,3,2
167,281,3,2
167,282,3,2
167,283,3,2
167,284,3,2
167,285,3,2
167,286,3,2
167,287,3,2
167,288,3,2
167,289,3,2
167,290,3,2
167,291,3,2
167,292,3,2
167,293,3,2
167,294,3,2
167,295,3,2
167,296,3,2
167,297,3,2
167,298,3,2
167,299,3,2
167,300,3,2
167,301,3,2
167,302,3,2
167,303,3,2
167,304,3,2
167,305,3,2
167,306,3,2
167,307,3,2
167,308,3,2
167,309,3,2
167,310,3,2
167,311,3,2
167,312,3,2
167,313,3,2
167,314,3,2
167,315,3,2
167,316,3,2
167,317,3,2
167,318,3,2
167,319,3,2
167,320,3,2
167,321,3,2
167,322,3,2
167,323,3,2
167,324,3,2
167,325,3,2
167,326,3,2
167,327,3,2
167,328,3,2
167,329,3,2
167,330,3,2
167,331,3,2
167,332,3,2
167,333,3,2
167,334,3,2
167,335,3,2
167,336,3,2
167,337,3,2
167,338,3,2
167,339,3,2
167,340,3,2
167,341,3,2
167,342,3,2
167,343,3,2
167,344,3,2
167,345,3,2
167,346,3,2
167,347,3,2
167,348,3,2
167,349,3,2
167,350,3,2
167,351,3,2
167,352,3,2
167,353,3,2
167,354,3,2
167,355,3,2
167,356,3,2
167,357,3,2
167,358,3,2
167,359,3,2
167,360,3,2
167,361,3,2
167,362,3,2
167,363,3,2
167,364,3,2
167,365,3,2
167,366,3,2
167,367,3,2
167,368,3,2
167,369,3,2
167,370,3,2
167,371,3,2
167,372,3,2
167,373,3,2
167,374,3,2
167,375,3,2
167,376,3,2
167,377,3,2
167,378,3,2
167,379,3,2
167,380,3,2
167,381,3,2
167,382,3,2
167,383,3,2
167,384,3,2
167,385,3,2
167,386,3,2
167,387,3,2
167,388,3,2
167,389,3,2
167,390,3,2
167,391,3,2
167,392,3,2
167,393,3,2
167,394,3,2
167,395,3,2
167,396,3,2
167,397,3,2
167,398,3,2
167,399,3,2
167,400,3,2
167,401,3,2
167,402,3,2
167,403,3,2
167,404,3,2
167,405,3,2
167,406,3,2
167,407,3,2
167,408,3,2
167,409,3,2
167,410,3,2
167,411,3,2
167,412,3,2
167,413,3,2
167,414,3,2
167,415,3,2
167,416,3,2
167,417,3,2
167,418,3,2
167,419,3,2
167,420,3,2
167,421,3,2
167,422,3,2
167,423,3,2
167,424,3,2
167,425,3,2
167,426,3,2
167,427,3,2
167,428,3,2
167,429,3,2
167,430,3,2
167,431,3,2
167,432,3,2
167,433,3,2
167,434,3,2
167,435,3,2
167,436,3,2
167,437,3,2
167,438,3,2
167,439,3,2
167,440,3,2
167,441,3,2
167,442,3,2
167,443,3,2
167,444,3,2
167,445,3,2
167,446,3,2
167,447,3,2
167,448,3,2
167,449,3,2
167,450,3,2
167,451,3,2
167,452,3,2
167,453,3,2
167,454,3,2
167,455,3,2
167,456,3,2
167,457,3,2
167,458,3,2
167,459,3,2
167,460,3,2
167,461,3,2
167,462,3,2
167,463,3,2
167,464,3,2
167,465,3,2
167,466,3,2
167,467,3,2
167,468,3,2
167,469,3,2
167,470,3,2
167,471,3,2
167,472,3,2
167,473,3,2
167,474,3,2
167,475,3,2
167,476,3,2
167,477,3,2
167,478,3,2
167,479,3,2
167,480,3,2
167,481,3,2
167,482,3,2
167,483,3,2
167,484,3,2
167,485,3,2
167,486,3,2
167,487,3,2
167,488,3,2
167,489,3,2
167,490,3,2
167,491,3,2
167,492,3,2
167,493,3,2
167,494,3,2
167,495,3,2
167,496,3,2
167,497,3,2
167,498,3,2
167,499,3,2
167,500,3,2
167,501,3,2
167,502,3,2
167,503,3,2
167,504,3,2
167,505,3,2
167,506,3,2
167,507,3,2
167,508,3,2
167,509,3,2
167,510,3,2
167,511,3,2
167,512,3,2
167,513,3,2
167,514,3,2
167,515,3,2
167,516,3,2
167,517,3,2
167,518,3,2
167,519,3,2
167,520,3,2
167,521,3,2
167,522,3,2
167,523,3,2
167,524,3,2
167,525,3,2
167,526,3,2
167,527,3,2
167,528,3,2
167,529,3,2
167,530,3,2
167,531,3,2
167,532,3,2
167,533,3,2
167,534,3,2
167,535,3,2
167,536,3,2
167,537,3,2
167,538,3,2
167,539,3,2
167,540,3,2
167,541,3,2
167,542,3,2
167,543,3,2
167,544,3,2
167,545,3,2
167,546,3,2
167,547,3,2
167,548,3,2
167,549,3,2
167,550,3,2
167,551,3,2
167,552,3,2
167,553,3,2
167,554,3,2
167,555,3,2
167,556,3,2
167,557,3,2
167,558,3,2
167,559,3,2
167,560,3,2
167,561,3,2
167,562,3,2
167,563,3,2
167,564,3,2
167,565,3,2
167,566,3,2
167,567,3,2
167,568,3,2
167,569,3,2
167,570,3,2
167,571,3,2
167,572,3,2
167,573,3,2
167,574,3,2
167,575,3,2
167,576,3,2
167,577,3,2
167,578,3,2
167,579,3,2
167,580,3,2
167,581,3,2
167,582,3,2
167,583,3,2
167,584,3,2
167,585,3,2
167,586,3,2
167,587,3,2
167,588,3,2
167,589,3,2
167,590,3,2
167,591,3,2
167,592,3,2
167,593,3,2
167,594,3,2
167,595,3,2
167,596,3,2
167,597,3,2
167,598,3,2
167,599,3,2
167,600,3,2
167,601,3,2
167,602,3,2
167,603,3,2
167,604,3,2
167,605,3,3
167,606,3,3
167,607,3,3
167,608,3,3
167,609,3,3
167,610,3,3
167,611,3,3
167,612,3,3
167,613,3,3
167,614,3,3
167,615,3,3
167,616,3,3
167,617,3,3
167,618,3,3
167,619,3,3
167,620,3,3
167,621,3,3
167,622,3,3
167,623,3,3
167,624,3,3
167,625,3,3
167,626,3,3
167,627,3,3
167,628,3,3
167,629,3,3
167,630,3,3
167,631,3,3
167,632,3,3
167,633,3,3
167,634,3,3
167,635,3,3
167,636,3,3
167,637,3,3
167,638,3,3
167,639,3,3
167,640,3,3
167,641,3,3
167,642,3,3
167,643,3,3
167,644,3,3
167,645,3,3
167,646,3,2
167,647,3,2
167,648,3,2
167,649,3,2
167,650,3,2
167,651,3,2
167,652,3,2
167,653,3,2
167,654,3,2
167,655,3,2
167,656,3,2
167,657,3,2
167,658,3,2
167,659,3,2
167,660,3,2
167,661,3,2
167,662,3,2
167,663,3,2
167,664,3,2
167,665,3,2
167,666,3,2
167,667,3,2
167,668,3,2
167,669,3,2
167,670,3,2
167,671,3,2
167,672,3,2
167,673,3,2
167,674,3,2
167,675,3,2
167,676,3,2
167,677,3,2
167,678,3,2
167,679,3,2
167,680,3,2
167,681,3,2
167,682,3,2
167,683,3,2
167,684,3,2
167,685,3,2
167,686,3,2
167,687,3,2
167,688,3,2
167,689,3,2
167,690,3,2
167,691,3,2
167,692,3,2
167,693,3,2
167,694,3,2
167,695,3,2
167,696,3,2
167,697,3,2
167,698,3,2
167,699,3,2
167,700,3,2
167,701,3,2
167,702,3,2
167,703,3,2
167,704,3,2
167,705,3,2
167,706,3,2
167,707,3,2
167,708,3,2
167,709,3,2
167,710,3,2
167,711,3,2
167,712,3,2
167,713,3,2
167,714,3,2
167,715,3,2
167,716,3,2
167,717,3,2
167,718,3,2
167,719,3,2
167,720,3,2
167,721,3,2
167,722,3,2
167,723,3,2
167,724,3,2
167,725,3,2
167,726,3,2
167,727,3,2
167,728,3,2
167,729,3,2
167,730,3,2
167,731,3,2
167,732,3,2
167,733,3,2
167,734,3,2
167,735,3,2
167,736,3,2
167,737,3,2
167,738,3,2
167,739,3,2
167,740,3,2
167,741,3,2
167,742,3,2
167,743,3,2
167,744,3,2
167,745,3,2
167,746,3,2
167,747,3,2
167,748,3,2
167,749,3,2
167,750,3,2
167,751,3,2
167,752,3,2
167,753,3,2
167,754,3,2
167,755,3,2
167,756,3,2
167,757,3,2
167,758,3,2
167,759,3,2
167,760,3,2
167,761,3,2
167,762,3,2
167,763,3,2
167,764,3,2
167,765,3,2
167,766,3,2
167,767,3,2
167,768,3,2
167,769,3,2
167,770,3,2
167,771,3,2
167,772,3,2
167,773,3,2
167,774,3,2
167,775,3,2
167,776,3,2
168,172,3,2
168,173,3,2
168,174,3,2
168,175,3,2
168,176,3,2
168,177,3,2
168,178,3,2
168,179,3,2
168,180,3,2
168,181,3,2
168,182,3,2
168,183,3,2
168,184,3,2
168,185,3,2
168,186,3,2
168,187,3,2
168,188,3,2
168,189,3,2
168,190,3,2
168,191,3,2
168,192,3,2
168,193,3,2
168,194,3,2
168,195,3,2
168,196,3,2
168,197,3,2
168,198,3,2
168,199,3,2
168,200,3,2
168,201,3,2
168,202,3,2
168,203,3,2
168,204,3,2
168,205,3,2
168,206,3,2
168,207,3,2
168,208,3,2
168,209,3,2
168,210,3,2
168,211,3,2
168,212,3,2
168,213,3,2
168,214,3,2
168,215,3,2
168,216,3,2
168,217,3,2
168,218,3,2
168,219,3,2
168,220,3,2
168,221,3,2
168,222,3,2
168,223,3,2
168,224,3,2
168,225,3,2
168,226,3,2
168,227,3,2
168,228,3,2
168,229,3,2
168,230,3,2
168,231,3,2
168,232,3,2
168,233,3,2
168,234,3,2
168,235,3,2
168,236,3,2
168,237,3,2
168,238,3,2
168,239,3,2
168,240,3,2
168,241,3,2
168,242,3,2
168,243,3,2
168,244,3,2
168,245,3,2
168,246,3,2
168,247,3,2
168,248,3,2
168,249,3,2
168,250,3,2
168,251,3,2
168,252,3,2
168,253,3,2
168,254,3,2
168,255,3,2
168,256,3,2
168,257,3,2
168,258,3,2
168,259,3,2
168,260,3,2
168,261,3,2
168,262,3,2
168,263,3,2
168,264,3,2
168,265,3,2
168,266,3,2
168,267,3,2
168,268,3,2
168,269,3,2
168,270,3,2
168,271,3,2
168,272,3,2
168,273,3,2
168,274,3,2
168,275,3,2
168,276,3,2
168,277,3,2
168,278,3,2
168,279,3,2
168,280,3,2
168,281,3,2
168,282,3,2
168,283,3,2
168,284,3,2
168,285,3,2
168,286,3,2
168,287,3,2
168,288,3,2
168,289,3,2
168,290,3,2
168,291,3,2
168,292,3,2
168,293,3,2
168,294,3,2
168,295,3,2
168,296,3,2
168,297,3,2
168,298,3,2
168,299,3,2
168,300,3,2
168,301,3,2
168,302,3,2
168,303,3,2
168,304,3,2
168,305,3,2
168,306,3,2
168,307,3,2
168,308,3,2
168,309,3,2
168,310,3,2
168,311,3,2
168,312,3,2
168,313,3,2
168,314,3,2
168,315,3,2
168,316,3,2
168,317,3,2
168,318,3,2
168,319,3,2
168,320,3,2
168,321,3,2
168,322,3,2
168,323,3,2
168,324,3,2
168,325,3,2
168,326,3,2
168,327,3,2
168,328,3,2
168,329,3,2
168,330,3,2
168,331,3,2
168,332,3,2
168,333,3,2
168,334,3,2
168,335,3,2
168,336,3,2
168,337,3,2
168,338,3,2
168,339,3,2
168,340,3,2
168,341,3,2
168,342,3,2
168,343,3,2
168,344,3,2
168,345,3,2
168,346,3,2
168,347,3,2
168,348,3,2
168,349,3,2
168,350,3,2
168,351,3,2
168,352,3,2
168,353,3,2
168,354,3,2
168,355,3,2
168,356,3,2
168,357,3,2
168,358,3,2
168,359,3,2
168,360,3,2
168,361,3,2
168,362,3,2
168,363,3,2
168,364,3,2
168,365,3,2
168,366,3,2
168,367,3,2
168,368,3,2
168,369,3,2
168,370,3,2
168,371,3,2
168,372,3,2
168,373,3,2
168,374,3,2
168,375,3,2
168,376,3,2
168,377,3,2
168,378,3,2
168,379,3,2
168,380,3,2
168,381,3,2
168,382,3,2
168,383,3,2
168,384,3,2
168,385,3,2
168,386,3,2
168,387,3,2
168,388,3,2
168,389,3,2
168,390,3,2
168,391,3,2
168,392,3,2
168,393,3,2
168,394,3,2
168,395,3,2
168,396,3,2
168,397,3,2
168,398,3,2
168,399,3,2
168,400,3,2
168,401,3,2
168,402,3,2
168,403,3,2
168,404,3,2
168,405,3,2
168,406,3,2
168,407,3,2
168,408,3,2
168,409,3,2
168,410,3,2
168,411,3,2
168,412,3,2
168,413,3,2
168,414,3,2
168,415,3,2
168,416,3,2
168,417,3,2
168,418,3,2
168,419,3,2
168,420,3,2
168,421,3,2
168,422,3,2
168,423,3,2
168,424,3,2
168,425,3,2
168,426,3,2
168,427,3,2
168,428,3,2
168,429,3,2
168,430,3,2
168,431,3,2
168,432,3,2
168,433,3,2
168,434,3,2
168,435,3,2
168,436,3,2
168,437,3,2
168,438,3,2
168,439,3,2
168,440,3,2
168,441,3,2
168,442,3,2
168,443,3,2
168,444,3,2
168,445,3,2
168,446,3,2
168,447,3,2
168,448,3,2
168,449,3,2
168,450,3,2
168,451,3,2
168,452,3,2
168,453,3,2
168,454,3,2
168,455,3,2
168,456,3,2
168,457,3,2
168,458,3,2
168,459,3,2
168,460,3,2
168,461,3,2
168,462,3,2
168,463,3,2
168,464,3,2
168,465,3,2
168,466,3,2
168,467,3,2
168,468,3,2
168,469,3,2
168,470,3,2
168,471,3,2
168,472,3,2
168,473,3,2
168,474,3,2
168,475,3,2
168,476,3,2
168,477,3,2
168,478,3,2
168,479,3,2
168,480,3,2
168,481,3,2
168,482,3,2
168,483,3,2
168,484,3,2
168,485,3,2
168,486,3,2
168,487,3,2
168,488,3,2
168,489,3,2
168,490,3,2
168,491,3,2
168,492,3,2
168,493,3,2
168,494,3,2
168,495,3,2
168,496,3,2
168,497,3,2
168,498,3,2
168,499,3,2
168,500,3,2
168,501,3,2
168,502,3,2
168,503,3,2
168,504,3,2
168,505,3,2
168,506,3,2
168,507,3,2
168,508,3,2
168,509,3,2
168,510,3,2
168,511,3,2
168,512,3,2
168,513,3,2
168,514,3,2
168,515,3,2
168,516,3,2
168,517,3,2
168,518,3,2
168,519,3,2
168,520,3,2
168,521,3,2
168,522,3,2
168,523,3,2
168,524,3,2
168,525,3,2
168,526,3,2
168,527,3,2
168,528,3,2
168,529,3,2
168,530,3,2
168,531,3,2
168,532,3,2
168,533,3,2
168,534,3,2
168,535,3,2
168,536,3,2
168,537,3,2
168,538,3,2
168,539,3,2
168,540,3,2
168,541,3,2
168,542,3,2
168,543,3,2
168,544,3,2
168,545,3,2
168,546,3,2
168,547,3,2
168,548,3,2
168,549,3,2
168,550,3,2
168,551,3,2
168,552,3,2
168,553,3,2
168,554,3,2
168,555,3,2
168,556,3,2
168,557,3,2
168,558,3,2
168,559,3,2
168,560,3,2
168,561,3,2
168,562,3,2
168,563,3,2
168,564,3,2
168,565,3,2
168,566,3,2
168,567,3,2
168,568,3,2
168,569,3,2
168,570,3,2
168,571,3,2
168,572,3,2
168,573,3,2
168,574,3,2
168,575,3,2
168,576,3,2
168,577,3,2
168,578,3,2
168,579,3,2
168,580,3,2
168,581,3,2
168,582,3,2
168,583,3,2
168,584,3,2
168,585,3,2
168,586,3,2
168,587,3,2
168,588,3,2
168,589,3,2
168,590,3,2
168,591,3,2
168,592,3,2
168,593,3,2
168,594,3,2
168,595,3,2
168,596,3,2
168,597,3,2
168,598,3,2
168,599,3,2
168,600,3,2
168,601,3,2
168,602,3,2
168,603,3,2
168,604,3,3
168,605,3,3
168,606,3,3
168,607,3,3
168,608,3,3
168,609,3,3
168,610,3,3
168,611,3,3
168,612,3,3
168,613,3,3
168,614,3,3
168,615,3,3
168,616,3,3
168,617,3,3
168,618,3,3
168,619,3,3
168,620,3,3
168,621,3,3
168,622,3,3
168,623,3,3
168,624,3,3
168,625,3,3
168,626,3,3
168,627,3,3
168,628,3,3
168,629,3,3
168,630,3,3
168,631,3,3
168,632,3,3
168,633,3,3
168,634,3,3
168,635,3,3
168,636,3,3
168,637,3,3
168,638,3,3
168,639,3,3
168,640,3,3
168,641,3,3
168,642,3,3
168,643,3,3
168,644,3,3
168,645,3,3
168,646,3,3
168,647,3,3
168,648,3,2
168,649,3,2
168,650,3,2
168,651,3,2
168,652,3,2
168,653,3,2
168,654,3,2
168,655,3,2
168,656,3,2
168,657,3,2
168,658,3,2
168,659,3,2
168,660,3,2
168,661,3,2
168,662,3,2
168,663,3,2
168,664,3,2
168,665,3,2
168,666,3,2
168,667,3,2
168,668,3,2
168,669,3,2
168,670,3,2
168,671,3,2
168,672,3,2
168,673,3,2
168,674,3,2
168,675,3,2
168,676,3,2
168,677,3,2
168,678,3,2
168,679,3,2
168,680,3,2
168,681,3,2
168,682,3,2
168,683,3,2
168,684,3,2
168,685,3,2
168,686,3,2
168,687,3,2
168,688,3,2
168,689,3,2
168,690,3,2
168,691,3,2
168,692,3,2
168,693,3,2
168,694,3,2
168,695,3,2
168,696,3,2
168,697,3,2
168,698,3,2
168,699,3,2
168,700,3,2
168,701,3,2
168,702,3,2
168,703,3,2
168,704,3,2
168,705,3,2
168,706,3,2
168,707,3,2
168,708,3,2
168,709,3,2
168,710,3,2
168,711,3,2
168,712,3,2
168,713,3,2
168,714,3,2
168,715,3,2
168,716,3,2
168,717,3,2
168,718,3,2
168,719,3,2
168,720,3,2
168,721,3,2
168,722,3,2
168,723,3,2
168,724,3,2
168,725,3,2
168,726,3,2
168,727,3,2
168,728,3,2
168,729,3,2
168,730,3,2
168,731,3,2
168,732,3,2
168,733,3,2
168,734,3,2
168,735,3,2
168,736,3,2
168,737,3,2
168,738,3,2
168,739,3,2
168,740,3,2
168,741,3,2
168,742,3,2
168,743,3,2
168,744,3,2
168,745,3,2
168,746,3,2
168,747,3,2
168,748,3,2
168,749,3,2
168,750,3,2
168,751,3,2
168,752,3,2
168,753,3,2
168,754,3,2
168,755,3,2
168,756,3,2
168,757,3,2
168,758,3,2
168,759,3,2
168,760,3,2
168,761,3,2
168,762,3,2
168,763,3,2
168,764,3,2
168,765,3,2
168,766,3,2
168,767,3,2
168,768,3,2
168,769,3,2
168,770,3,2
168,771,3,2
168,772,3,2
168,773,3,2
168,774,3,2
168,775,3,2
168,776,3,2
169,171,3,2
169,172,3,2
169,173,3,2
169,174,3,2
169,175,3,2
169,176,3,2
169,177,3,2
169,178,3,2
169,179,3,2
169,180,3,2
169,181,3,2
169,182,3,2
169,183,3,2
169,184,3,2
169,185,3,2
169,186,3,2
169,187,3,2
169,188,3,2
169,189,3,2
169,190,3,2
169,191,3,2
169,192,3,2
169,193,3,2
169,194,3,2
169,195,3,2
169,196,3,2
169,197,3,2
169,198,3,2
169,199,3,2
169,200,3,2
169,201,3,2
169,202,3,2
169,203,3,2
169,204,3,2
169,205,3,2
169,206,3,2
169,207,3,2
169,208,3,2
169,209,3,2
169,210,3,2
169,211,3,2
169,212,3,2
169,213,3,2
169,214,3,2
169,215,3,2
169,216,3,2
169,217,3,2
169,218,3,2
169,219,3,2
169,220,3,2
169,221,3,2
169,222,3,2
169,223,3,2
169,224,3,2
169,225,3,2
169,226,3,2
169,227,3,2
169,228,3,2
169,229,3,2
169,230,3,2
169,231,3,2
169,232,3,2
169,233,3,2
169,234,3,2
169,235,3,2
169,236,3,2
169,237,3,2
169,238,3,2
169,239,3,2
169,240,3,2
169,241,3,2
169,242,3,2
169,243,3,2
169,244,3,2
169,245,3,2
169,246,3,2
169,247,3,2
169,248,3,2
169,249,3,2
169,250,3,2
169,251,3,2
169,252,3,2
169,253,3,2
169,254,3,2
169,255,3,2
169,256,3,2
169,257,3,2
169,258,3,2
169,259,3,2
169,260,3,2
169,261,3,2
169,262,3,2
169,263,3,2
169,264,3,2
169,265,3,2
169,266,3,2
169,267,3,2
169,268,3,2
169,269,3,2
169,270,3,2
169,271,3,2
169,272,3,2
169,273,3,2
169,274,3,2
169,275,3,2
169,276,3,2
169,277,3,2
169,278,3,2
169,279,3,2
169,280,3,2
169,281,3,2
169,282,3,2
169,283,3,2
169,284,3,2
169,285,3,2
169,286,3,2
169,287,3,2
169,288,3,2
169,289,3,2
169,290,3,2
169,291,3,2
169,292,3,2
169,293,3,2
169,294,3,2
169,295,3,2
169,296,3,2
169,297,3,2
169,298,3,2
169,299,3,2
169,300,3,2
169,301,3,2
169,302,3,2
169,303,3,2
169,304,3,2
169,305,3,2
169,306,3,2
169,307,3,2
169,308,3,2
169,309,3,2
169,310,3,2
169,311,3,2
169,312,3,2
169,313,3,2
169,314,3,2
169,315,3,2
169,316,3,2
169,317,3,2
169,318,3,2
169,319,3,2
169,320,3,2
169,321,3,2
169,322,3,2
169,323,3,2
169,324,3,2
169,325,3,2
169,326,3,2
169,327,3,2
169,328,3,2
169,329,3,2
169,330,3,2
169,331,3,2
169,332,3,2
169,333,3,2
169,334,3,2
169,335,3,2
169,336,3,2
169,337,3,2
169,338,3,2
169,339,3,2
169,340,3,2
169,341,3,2
169,342,3,2
169,343,3,2
169,344,3,2
169,345,3,2
169,346,3,2
169,347,3,2
169,348,3,2
169,349,3,2
169,350,3,2
169,351,3,2
169,352,3,2
169,353,3,2
169,354,3,2
169,355,3,2
169,356,3,2
169,357,3,2
169,358,3,2
169,359,3,2
169,360,3,2
169,361,3,2
169,362,3,2
169,363,3,2
169,364,3,2
169,365,3,2
169,366,3,2
169,367,3,2
169,368,3,2
169,369,3,2
169,370,3,2
169,371,3,2
169,372,3,2
169,373,3,2
169,374,3,2
169,375,3,2
169,376,3,2
169,377,3,2
169,378,3,2
169,379,3,2
169,380,3,2
169,381,3,2
169,382,3,2
169,383,3,2
169,384,3,2
169,385,3,2
169,386,3,2
169,387,3,2
169,388,3,2
169,389,3,2
169,390,3,2
169,391,3,2
169,392,3,2
169,393,3,2
169,394,3,2
169,395,3,2
169,396,3,2
169,397,3,2
169,398,3,2
169,399,3,2
169,400,3,2
169,401,3,2
169,402,3,2
169,403,3,2
169,404,3,2
169,405,3,2
169,406,3,2
169,407,3,2
169,408,3,2
169,409,3,2
169,410,3,2
169,411,3,2
169,412,3,2
169,413,3,2
169,414,3,2
169,415,3,2
169,416,3,2
169,417,3,2
169,418,3,2
169,419,3,2
169,420,3,2
169,421,3,2
169,422,3,2
169,423,3,2
169,424,3,2
169,425,3,2
169,426,3,2
169,427,3,2
169,428,3,2
169,429,3,2
169,430,3,2
169,431,3,2
169,432,3,2
169,433,3,2
169,434,3,2
169,435,3,2
169,436,3,2
169,437,3,2
169,438,3,2
169,439,3,2
169,440,3,2
169,441,3,2
169,442,3,2
169,443,3,2
169,444,3,2
169,445,3,2
169,446,3,2
169,447,3,2
169,448,3,2
169,449,3,2
169,450,3,2
169,451,3,2
169,452,3,2
169,453,3,2
169,454,3,2
169,455,3,2
169,456,3,2
169,457,3,2
169,458,3,2
169,459,3,2
169,460,3,2
169,461,3,2
169,462,3,2
169,463,3,2
169,464,3,2
169,465,3,2
169,466,3,2
169,467,3,2
169,468,3,2
169,469,3,2
169,470,3,2
169,471,3,2
169,472,3,2
169,473,3,2
169,474,3,2
169,475,3,2
169,476,3,2
169,477,3,2
169,478,3,2
169,479,3,2
169,480,3,2
169,481,3,2
169,482,3,2
169,483,3,2
169,484,3,2
169,485,3,2
169,486,3,2
169,487,3,2
169,488,3,2
169,489,3,2
169,490,3,2
169,491,3,2
169,492,3,2
169,493,3,2
169,494,3,2
169,495,3,2
169,496,3,2
169,497,3,2
169,498,3,2
169,499,3,2
169,500,3,2
169,501,3,2
169,502,3,2
169,503,3,2
169,504,3,2
169,505,3,2
169,506,3,2
169,507,3,2
169,508,3,2
169,509,3,2
169,510,3,2
169,511,3,2
169,512,3,2
169,513,3,2
169,514,3,2
169,515,3,2
169,516,3,2
169,517,3,2
169,518,3,2
169,519,3,2
169,520,3,2
169,521,3,2
169,522,3,2
169,523,3,2
169,524,3,2
169,525,3,2
169,526,3,2
169,527,3,2
169,528,3,2
169,529,3,2
169,530,3,2
169,531,3,2
169,532,3,2
169,533,3,2
169,534,3,2
169,535,3,2
169,536,3,2
169,537,3,2
169,538,3,2
169,539,3,2
169,540,3,2
169,541,3,2
169,542,3,2
169,543,3,2
169,544,3,2
169,545,3,2
169,546,3,2
169,547,3,2
169,548,3,2
169,549,3,2
169,550,3,2
169,551,3,2
169,552,3,2
169,553,3,2
169,554,3,2
169,555,3,2
169,556,3,2
169,557,3,2
169,558,3,2
169,559,3,2
169,560,3,2
169,561,3,2
169,562,3,2
169,563,3,2
169,564,3,2
169,565,3,2
169,566,3,2
169,567,3,2
169,568,3,2
169,569,3,2
169,570,3,2
169,571,3,2
169,572,3,2
169,573,3,2
169,574,3,2
169,575,3,2
169,576,3,2
169,577,3,2
169,578,3,2
169,579,3,2
169,580,3,2
169,581,3,2
169,582,3,2
169,583,3,2
169,584,3,2
169,585,3,2
169,586,3,2
169,587,3,2
169,588,3,2
169,589,3,2
169,590,3,2
169,591,3,2
169,592,3,2
169,593,3,2
169,594,3,2
169,595,3,2
169,596,3,2
169,597,3,2
169,598,3,2
169,599,3,2
169,600,3,2
169,601,3,2
169,602,3,2
169,603,3,2
169,604,3,3
169,605,3,3
169,606,3,3
169,607,3,3
169,608,3,3
169,609,3,3
169,610,3,3
169,611,3,3
169,612,3,3
169,613,3,3
169,614,3,3
169,615,3,3
169,616,3,3
169,617,3,3
169,618,3,3
169,619,3,3
169,620,3,3
169,621,3,3
169,622,3,3
169,623,3,3
169,624,3,3
169,625,3,3
169,626,3,3
169,627,3,3
169,628,3,3
169,629,3,3
169,630,3,3
169,631,3,3
169,632,3,3
169,633,3,3
169,634,3,3
169,635,3,3
169,636,3,3
169,637,3,3
169,638,3,3
169,639,3,3
169,640,3,3
169,641,3,3
169,642,3,3
169,643,3,3
169,644,3,3
169,645,3,3
169,646,3,3
169,647,3,3
169,648,3,3
169,649,3,3
169,650,3,3
169,651,3,2
169,652,3,2
169,653,3,2
169,654,3,2
169,655,3,2
169,656,3,2
169,657,3,2
169,658,3,2
169,659,3,2
169,660,3,2
169,661,3,2
169,662,3,2
169,663,3,2
169,664,3,2
169,665,3,2
169,666,3,2
169,667,3,2
169,668,3,2
169,669,3,2
169,670,3,2
169,671,3,2
169,672,3,2
169,673,3,2
169,674,3,2
169,675,3,2
169,676,3,2
169,677,3,2
169,678,3,2
169,679,3,2
169,680,3,2
169,681,3,2
169,682,3,2
169,683,3,2
169,684,3,2
169,685,3,2
169,686,3,2
169,687,3,2
169,688,3,2
169,689,3,2
169,690,3,2
169,691,3,2
169,692,3,2
169,693,3,2
169,694,3,2
169,695,3,2
169,696,3,2
169,697,3,2
169,698,3,2
169,699,3,2
169,700,3,2
169,701,3,2
169,702,3,2
169,703,3,2
169,704,3,2
169,705,3,2
169,706,3,2
169,707,3,2
169,708,3,2
169,709,3,2
169,710,3,2
169,711,3,2
169,712,3,2
169,713,3,2
169,714,3,2
169,715,3,2
169,716,3,2
169,717,3,2
169,718,3,2
169,719,3,2
169,720,3,2
169,721,3,2
169,722,3,2
169,723,3,2
169,724,3,2
169,725,3,2
169,726,3,2
169,727,3,2
169,728,3,2
169,729,3,2
169,730,3,2
169,731,3,2
169,732,3,2
169,733,3,2
169,734,3,2
169,735,3,2
169,736,3,2
169,737,3,2
169,738,3,2
169,739,3,2
169,740,3,2
169,741,3,2
169,742,3,2
169,743,3,2
169,744,3,2
169,745,3,2
169,746,3,2
169,747,3,2
169,748,3,2
169,749,3,2
169,750,3,2
169,751,3,2
169,752,3,2
169,753,3,2
169,754,3,2
169,755,3,2
169,756,3,2
169,757,3,2
169,758,3,2
169,759,3,2
169,760,3,2
169,761,3,2
169,762,3,2
169,763,3,2
169,764,3,2
169,765,3,2
169,766,3,2
169,767,3,2
169,768,3,2
169,769,3,2
169,770,3,2
169,771,3,2
169,772,3,2
169,773,3,2
169,774,3,2
169,775,3,2
169,776,3,2
169,777,3,2
169,778,3,2
169,779,3,2
169,780,3,2
169,781,3,2
170,169,3,2
170,170,3,2
170,171,3,2
170,172,3,2
170,173,3,2
170,174,3,2
170,175,3,2
170,176,3,2
170,177,3,2
170,178,3,2
170,179,3,2
170,180,3,2
170,181,3,2
170,182,3,2
170,183,3,2
170,184,3,2
170,185,3,2
170,186,3,2
170,187,3,2
170,188,3,2
170,189,3,2
170,190,3,2
170,191,3,2
170,192,3,2
170,193,3,2
170,194,3,2
170,195,3,2
170,196,3,2
170,197,3,2
170,198,3,2
170,199,3,2
170,200,3,2
170,201,3,2
170,202,3,2
170,203,3,2
170,204,3,2
170,205,3,2
170,206,3,2
170,207,3,2
170,208,3,2
170,209,3,2
170,210,3,2
170,211,3,2
170,212,3,2
170,213,3,2
170,214,3,2
170,215,3,2
170,216,3,2
170,217,3,2
170,218,3,2
170,219,3,2
170,220,3,2
170,221,3,2
170,222,3,2
170,223,3,2
170,224,3,2
170,225,3,2
170,226,3,2
170,227,3,2
170,228,3,2
170,229,3,2
170,230,3,2
170,231,3,2
170,232,3,2
170,233,3,2
170,234,3,2
170,235,3,2
170,236,3,2
170,237,3,2
170,238,3,2
170,239,3,2
170,240,3,2
170,241,3,2
170,242,3,2
170,243,3,2
170,244,3,2
170,245,3,2
170,246,3,2
170,247,3,2
170,248,3,2
170,249,3,2
170,250,3,2
170,251,3,2
170,252,3,2
170,253,3,2
170,254,3,2
170,255,3,2
170,256,3,2
170,257,3,2
170,258,3,2
170,259,3,2
170,260,3,2
170,261,3,2
170,262,3,2
170,263,3,2
170,264,3,2
170,265,3,2
170,266,3,2
170,267,3,2
170,268,3,2
170,269,3,2
170,270,3,2
170,271,3,2
170,272,3,2
170,273,3,2
170,274,3,2
170,275,3,2
170,276,3,2
170,277,3,2
170,278,3,2
170,279,3,2
170,280,3,2
170,281,3,2
170,282,3,2
170,283,3,2
170,284,3,2
170,285,3,2
170,286,3,2
170,287,3,2
170,288,3,2
170,289,3,2
170,290,3,2
170,291,3,2
170,292,3,2
170,293,3,2
170,294,3,2
170,295,3,2
170,296,3,2
170,297,3,2
170,298,3,2
170,299,3,2
170,300,3,2
170,301,3,2
170,302,3,2
170,303,3,2
170,304,3,2
170,305,3,2
170,306,3,2
170,307,3,2
170,308,3,2
170,309,3,2
170,310,3,2
170,311,3,2
170,312,3,2
170,313,3,2
170,314,3,2
170,315,3,2
170,316,3,2
170,317,3,2
170,318,3,2
170,319,3,2
170,320,3,2
170,321,3,2
170,322,3,2
170,323,3,2
170,324,3,2
170,325,3,2
170,326,3,2
170,327,3,2
170,328,3,2
170,329,3,2
170,330,3,2
170,331,3,2
170,332,3,2
170,333,3,2
170,334,3,2
170,335,3,2
170,336,3,2
170,337,3,2
170,338,3,2
170,339,3,2
170,340,3,2
170,341,3,2
170,342,3,2
170,343,3,2
170,344,3,2
170,345,3,2
170,346,3,2
170,347,3,2
170,348,3,2
170,349,3,2
170,350,3,2
170,351,3,2
170,352,3,2
170,353,3,2
170,354,3,2
170,355,3,2
170,356,3,2
170,357,3,2
170,358,3,2
170,359,3,2
170,360,3,2
170,361,3,2
170,362,3,2
170,363,3,2
170,364,3,2
170,365,3,2
170,366,3,2
170,367,3,2
170,368,3,2
170,369,3,2
170,370,3,2
170,371,3,2
170,372,3,2
170,373,3,2
170,374,3,2
170,375,3,2
170,376,3,2
170,377,3,2
170,378,3,2
170,379,3,2
170,380,3,2
170,381,3,2
170,382,3,2
170,383,3,2
170,384,3,2
170,385,3,2
170,386,3,2
170,387,3,2
170,388,3,2
170,389,3,2
170,390,3,2
170,391,3,2
170,392,3,2
170,393,3,2
170,394,3,2
170,395,3,2
170,396,3,2
170,397,3,2
170,398,3,2
170,399,3,2
170,400,3,2
170,401,3,2
170,402,3,2
170,403,3,2
170,404,3,2
170,405,3,2
170,406,3,2
170,407,3,2
170,408,3,2
170,409,3,2
170,410,3,2
170,411,3,2
170,412,3,2
170,413,3,2
170,414,3,2
170,415,3,2
170,416,3,2
170,417,3,2
170,418,3,2
170,419,3,2
170,420,3,2
170,421,3,2
170,422,3,2
170,423,3,2
170,424,3,2
170,425,3,2
170,426,3,2
170,427,3,2
170,428,3,2
170,429,3,2
170,430,3,2
170,431,3,2
170,432,3,2
170,433,3,2
170,434,3,2
170,435,3,2
170,436,3,2
170,437,3,2
170,438,3,2
170,439,3,2
170,440,3,2
170,441,3,2
170,442,3,2
170,443,3,2
170,444,3,2
170,445,3,2
170,446,3,2
170,447,3,2
170,448,3,2
170,449,3,2
170,450,3,2
170,451,3,2
170,452,3,2
170,453,3,2
170,454,3,2
170,455,3,2
170,456,3,2
170,457,3,2
170,458,3,2
170,459,3,2
170,460,3,2
170,461,3,2
170,462,3,2
170,463,3,2
170,464,3,2
170,465,3,2
170,466,3,2
170,467,3,2
170,468,3,2
170,469,3,2
170,470,3,2
170,471,3,2
170,472,3,2
170,473,3,2
170,474,3,2
170,475,3,2
170,476,3,2
170,477,3,2
170,478,3,2
170,479,3,2
170,480,3,2
170,481,3,2
170,482,3,2
170,483,3,2
170,484,3,2
170,485,3,2
170,486,3,2
170,487,3,2
170,488,3,2
170,489,3,2
170,490,3,2
170,491,3,2
170,492,3,2
170,493,3,2
170,494,3,2
170,495,3,2
170,496,3,2
170,497,3,2
170,498,3,2
170,499,3,2
170,500,3,2
170,501,3,2
170,502,3,2
170,503,3,2
170,504,3,2
170,505,3,2
170,506,3,2
170,507,3,2
170,508,3,2
170,509,3,2
170,510,3,2
170,511,3,2
170,512,3,2
170,513,3,2
170,514,3,2
170,515,3,2
170,516,3,2
170,517,3,2
170,518,3,2
170,519,3,2
170,520,3,2
170,521,3,2
170,522,3,2
170,523,3,2
170,524,3,2
170,525,3,2
170,526,3,2
170,527,3,2
170,528,3,2
170,529,3,2
170,530,3,2
170,531,3,2
170,532,3,2
170,533,3,2
170,534,3,2
170,535,3,2
170,536,3,2
170,537,3,2
170,538,3,2
170,539,3,2
170,540,3,2
170,541,3,2
170,542,3,2
170,543,3,2
170,544,3,2
170,545,3,2
170,546,3,2
170,547,3,2
170,548,3,2
170,549,3,2
170,550,3,2
170,551,3,2
170,552,3,2
170,553,3,2
170,554,3,2
170,555,3,2
170,556,3,2
170,557,3,2
170,558,3,2
170,559,3,2
170,560,3,2
170,561,3,2
170,562,3,2
170,563,3,2
170,564,3,2
170,565,3,2
170,566,3,2
170,567,3,2
170,568,3,2
170,569,3,2
170,570,3,2
170,571,3,2
170,572,3,2
170,573,3,2
170,574,3,2
170,575,3,2
170,576,3,2
170,577,3,2
170,578,3,2
170,579,3,2
170,580,3,2
170,581,3,2
170,582,3,2
170,583,3,2
170,584,3,2
170,585,3,2
170,586,3,2
170,587,3,2
170,588,3,2
170,589,3,2
170,590,3,2
170,591,3,2
170,592,3,2
170,593,3,2
170,594,3,2
170,595,3,2
170,596,3,2
170,597,3,2
170,598,3,2
170,599,3,2
170,600,3,2
170,601,3,2
170,602,3,2
170,603,3,2
170,604,3,3
170,605,3,3
170,606,3,3
170,607,3,3
170,608,3,3
170,609,3,3
170,610,3,3
170,611,3,3
170,612,3,3
170,613,3,3
170,614,3,3
170,615,3,3
170,616,3,3
170,617,3,3
170,618,3,3
170,619,3,3
170,620,3,3
170,621,3,3
170,622,3,3
170,623,3,3
170,624,3,3
170,625,3,3
170,626,3,3
170,627,3,3
170,628,3,3
170,629,3,3
170,630,3,3
170,631,3,3
170,632,3,3
170,633,3,3
170,634,3,3
170,635,3,3
170,636,3,3
170,637,3,3
170,638,3,3
170,639,3,3
170,640,3,3
170,641,3,3
170,642,3,3
170,643,3,3
170,644,3,3
170,645,3,3
170,646,3,3
170,647,3,3
170,648,3,3
170,649,3,3
170,650,3,3
170,651,3,2
170,652,3,2
170,653,3,2
170,654,3,2
170,655,3,2
170,656,3,2
170,657,3,2
170,658,3,2
170,659,3,2
170,660,3,2
170,661,3,2
170,662,3,2
170,663,3,2
170,664,3,2
170,665,3,2
170,666,3,2
170,667,3,2
170,668,3,2
170,669,3,2
170,670,3,2
170,671,3,2
170,672,3,2
170,673,3,2
170,674,3,2
170,675,3,2
170,676,3,2
170,677,3,2
170,678,3,2
170,679,3,2
170,680,3,2
170,681,3,2
170,682,3,2
170,683,3,2
170,684,3,2
170,685,3,2
170,686,3,2
170,687,3,2
170,688,3,2
170,689,3,2
170,690,3,2
170,691,3,2
170,692,3,2
170,693,3,2
170,694,3,2
170,695,3,2
170,696,3,2
170,697,3,2
170,698,3,2
170,699,3,2
170,700,3,2
170,701,3,2
170,702,3,2
170,703,3,2
170,704,3,2
170,705,3,2
170,706,3,2
170,707,3,2
170,708,3,2
170,709,3,2
170,710,3,2
170,711,3,2
170,712,3,2
170,713,3,2
170,714,3,2
170,715,3,2
170,716,3,2
170,717,3,2
170,718,3,2
170,719,3,2
170,720,3,2
170,721,3,2
170,722,3,2
170,723,3,2
170,724,3,2
170,725,3,2
170,726,3,2
170,727,3,2
170,728,3,2
170,729,3,2
170,730,3,2
170,731,3,2
170,732,3,2
170,733,3,2
170,734,3,2
170,735,3,2
170,736,3,2
170,737,3,2
170,738,3,2
170,739,3,2
170,740,3,2
170,741,3,2
170,742,3,2
170,743,3,2
170,744,3,2
170,745,3,2
170,746,3,2
170,747,3,2
170,748,3,2
170,749,3,2
170,750,3,2
170,751,3,2
170,752,3,2
170,753,3,2
170,754,3,2
170,755,3,2
170,756,3,2
170,757,3,2
170,758,3,2
170,759,3,2
170,760,3,2
170,761,3,2
170,762,3,2
170,763,3,2
170,764,3,2
170,765,3,2
170,766,3,2
170,767,3,2
170,768,3,2
170,769,3,2
170,770,3,2
170,771,3,2
170,772,3,2
170,773,3,2
170,774,3,2
170,775,3,2
170,776,3,2
170,777,3,2
170,778,3,2
170,779,3,2
170,780,3,2
170,781,3,2
170,782,3,2
171,166,3,2
171,167,3,2
171,168,3,2
171,169,3,2
171,170,3,2
171,171,3,2
171,172,3,2
171,173,3,2
171,174,3,2
171,175,3,2
171,176,3,2
171,177,3,2
171,178,3,2
171,179,3,2
171,180,3,2
171,181,3,2
171,182,3,2
171,183,3,2
171,184,3,2
171,185,3,2
171,186,3,2
171,187,3,2
171,188,3,2
171,189,3,2
171,190,3,2
171,191,3,2
171,192,3,2
171,193,3,2
171,194,3,2
171,195,3,2
171,196,3,2
171,197,3,2
171,198,3,2
171,199,3,2
171,200,3,2
171,201,3,2
171,202,3,2
171,203,3,2
171,204,3,2
171,205,3,2
171,206,3,2
171,207,3,2
171,208,3,2
171,209,3,2
171,210,3,2
171,211,3,2
171,212,3,2
171,213,3,2
171,214,3,2
171,215,3,2
171,216,3,2
171,217,3,2
171,218,3,2
171,219,3,2
171,220,3,2
171,221,3,2
171,222,3,2
171,223,3,2
171,224,3,2
171,225,3,2
171,226,3,2
171,227,3,2
171,228,3,2
171,229,3,2
171,230,3,2
171,231,3,2
171,232,3,2
171,233,3,2
171,234,3,2
171,235,3,2
171,236,3,2
171,237,3,2
171,238,3,2
171,239,3,2
171,240,3,2
171,241,3,2
171,242,3,2
171,243,3,2
171,244,3,2
171,245,3,2
171,246,3,2
171,247,3,2
171,248,3,2
171,249,3,2
171,250,3,2
171,251,3,2
171,252,3,2
171,253,3,2
171,254,3,2
171,255,3,2
171,256,3,2
171,257,3,2
171,258,3,2
171,259,3,2
171,260,3,2
171,261,3,2
171,262,3,2
171,263,3,2
171,264,3,2
171,265,3,2
171,266,3,2
171,267,3,2
171,268,3,2
171,269,3,2
171,270,3,2
171,271,3,2
171,272,3,2
171,273,3,2
171,274,3,2
171,275,3,2
171,276,3,2
171,277,3,2
171,278,3,2
171,279,3,2
171,280,3,2
171,281,3,2
171,282,3,2
171,283,3,2
171,284,3,2
171,285,3,2
171,286,3,2
171,287,3,2
171,288,3,2
171,289,3,2
171,290,3,2
171,291,3,2
171,292,3,2
171,293,3,2
171,294,3,2
171,295,3,2
171,296,3,2
171,297,3,2
171,298,3,2
171,299,3,2
171,300,3,2
171,301,3,2
171,302,3,2
171,303,3,2
171,304,3,2
171,305,3,2
171,306,3,2
171,307,3,2
171,308,3,2
171,309,3,2
171,310,3,2
171,311,3,2
171,312,3,2
171,313,3,2
171,314,3,2
171,315,3,2
171,316,3,2
171,317,3,2
171,318,3,2
171,319,3,2
171,320,3,2
171,321,3,2
171,322,3,2
171,323,3,2
171,324,3,2
171,325,3,2
171,326,3,2
171,327,3,2
171,328,3,2
171,329,3,2
171,330,3,2
171,331,3,2
171,332,3,2
171,333,3,2
171,334,3,2
171,335,3,2
171,336,3,2
171,337,3,2
171,338,3,2
171,339,3,2
171,340,3,2
171,341,3,2
171,342,3,2
171,343,3,2
171,344,3,2
171,345,3,2
171,346,3,2
171,347,3,2
171,348,3,2
171,349,3,2
171,350,3,2
171,351,3,2
171,352,3,2
171,353,3,2
171,354,3,2
171,355,3,2
171,356,3,2
171,357,3,2
171,358,3,2
171,359,3,2
171,360,3,2
171,361,3,2
171,362,3,2
171,363,3,2
171,364,3,2
171,365,3,2
171,366,3,2
171,367,3,2
171,368,3,2
171,369,3,2
171,370,3,2
171,371,3,2
171,372,3,2
171,373,3,2
171,374,3,2
171,375,3,2
171,376,3,2
171,377,3,2
171,378,3,2
171,379,3,2
171,380,3,2
171,381,3,2
171,382,3,2
171,383,3,2
171,384,3,2
171,385,3,2
171,386,3,2
171,387,3,2
171,388,3,2
171,389,3,2
171,390,3,2
171,391,3,2
171,392,3,2
171,393,3,2
171,394,3,2
171,395,3,2
171,396,3,2
171,397,3,2
171,398,3,2
171,399,3,2
171,400,3,2
171,401,3,2
171,402,3,2
171,403,3,2
171,404,3,2
171,405,3,2
171,406,3,2
171,407,3,2
171,408,3,2
171,409,3,2
171,410,3,2
171,411,3,2
171,412,3,2
171,413,3,2
171,414,3,2
171,415,3,2
171,416,3,2
171,417,3,2
171,418,3,2
171,419,3,2
171,420,3,2
171,421,3,2
171,422,3,2
171,423,3,2
171,424,3,2
171,425,3,2
171,426,3,2
171,427,3,2
171,428,3,2
171,429,3,2
171,430,3,2
171,431,3,2
171,432,3,2
171,433,3,2
171,434,3,2
171,435,3,2
171,436,3,2
171,437,3,2
171,438,3,2
171,439,3,2
171,440,3,2
171,441,3,2
171,442,3,2
171,443,3,2
171,444,3,2
171,445,3,2
171,446,3,2
171,447,3,2
171,448,3,2
171,449,3,2
171,450,3,2
171,451,3,2
171,452,3,2
171,453,3,2
171,454,3,2
171,455,3,2
171,456,3,2
171,457,3,2
171,458,3,2
171,459,3,2
171,460,3,2
171,461,3,2
171,462,3,2
171,463,3,2
171,464,3,2
171,465,3,2
171,466,3,2
171,467,3,2
171,468,3,2
171,469,3,2
171,470,3,2
171,471,3,2
171,472,3,2
171,473,3,2
171,474,3,2
171,475,3,2
171,476,3,2
171,477,3,2
171,478,3,2
171,479,3,2
171,480,3,2
171,481,3,2
171,482,3,2
171,483,3,2
171,484,3,2
171,485,3,2
171,486,3,2
171,487,3,2
171,488,3,2
171,489,3,2
171,490,3,2
171,491,3,2
171,492,3,2
171,493,3,2
171,494,3,2
171,495,3,2
171,496,3,2
171,497,3,2
171,498,3,2
171,499,3,2
171,500,3,2
171,501,3,2
171,502,3,2
171,503,3,2
171,504,3,2
171,505,3,2
171,506,3,2
171,507,3,2
171,508,3,2
171,509,3,2
171,510,3,2
171,511,3,2
171,512,3,2
171,513,3,2
171,514,3,2
171,515,3,2
171,516,3,2
171,517,3,2
171,518,3,2
171,519,3,2
171,520,3,2
171,521,3,2
171,522,3,2
171,523,3,2
171,524,3,2
171,525,3,2
171,526,3,2
171,527,3,2
171,528,3,2
171,529,3,2
171,530,3,2
171,531,3,2
171,532,3,2
171,533,3,2
171,534,3,2
171,535,3,2
171,536,3,2
171,537,3,2
171,538,3,2
171,539,3,2
171,540,3,2
171,541,3,2
171,542,3,2
171,543,3,2
171,544,3,2
171,545,3,2
171,546,3,2
171,547,3,2
171,548,3,2
171,549,3,2
171,550,3,2
171,551,3,2
171,552,3,2
171,553,3,2
171,554,3,2
171,555,3,2
171,556,3,2
171,557,3,2
171,558,3,2
171,559,3,2
171,560,3,2
171,561,3,2
171,562,3,2
171,563,3,2
171,564,3,2
171,565,3,2
171,566,3,2
171,567,3,2
171,568,3,2
171,569,3,2
171,570,3,2
171,571,3,2
171,572,3,2
171,573,3,2
171,574,3,2
171,575,3,2
171,576,3,2
171,577,3,2
171,578,3,2
171,579,3,2
171,580,3,2
171,581,3,2
171,582,3,2
171,583,3,2
171,584,3,2
171,585,3,2
171,586,3,2
171,587,3,2
171,588,3,2
171,589,3,2
171,590,3,2
171,591,3,2
171,592,3,2
171,593,3,2
171,594,3,2
171,595,3,2
171,596,3,2
171,597,3,2
171,598,3,2
171,599,3,2
171,600,3,2
171,601,3,2
171,602,3,2
171,603,3,2
171,604,3,3
171,605,3,3
171,606,3,3
171,607,3,3
171,608,3,3
171,609,3,3
171,610,3,3
171,611,3,3
171,612,3,3
171,613,3,3
171,614,3,3
171,615,3,3
171,616,3,3
171,617,3,3
171,618,3,3
171,619,3,3
171,620,3,3
171,621,3,3
171,622,3,3
171,623,3,3
171,624,3,3
171,625,3,3
171,626,3,3
171,627,3,3
171,628,3,3
171,629,3,3
171,630,3,3
171,631,3,3
171,632,3,3
171,633,3,3
171,634,3,3
171,635,3,3
171,636,3,3
171,637,3,3
171,638,3,3
171,639,3,3
171,640,3,3
171,641,3,3
171,642,3,3
171,643,3,3
171,644,3,3
171,645,3,3
171,646,3,3
171,647,3,3
171,648,3,3
171,649,3,3
171,650,3,3
171,651,3,3
171,652,3,3
171,653,3,2
171,654,3,2
171,655,3,2
171,656,3,2
171,657,3,2
171,658,3,2
171,659,3,2
171,660,3,2
171,661,3,2
171,662,3,2
171,663,3,2
171,664,3,2
171,665,3,2
171,666,3,2
171,667,3,2
171,668,3,2
171,669,3,2
171,670,3,2
171,671,3,2
171,672,3,2
171,673,3,2
171,674,3,2
171,675,3,2
171,676,3,2
171,677,3,2
171,678,3,2
171,679,3,2
171,680,3,2
171,681,3,2
171,682,3,2
171,683,3,2
171,684,3,2
171,685,3,2
171,686,3,2
171,687,3,2
171,688,3,2
171,689,3,2
171,690,3,2
171,691,3,2
171,692,3,2
171,693,3,2
171,694,3,2
171,695,3,2
171,696,3,2
171,697,3,2
171,698,3,2
171,699,3,2
171,700,3,2
171,701,3,2
171,702,3,2
171,703,3,2
171,704,3,2
171,705,3,2
171,706,3,2
171,707,3,2
171,708,3,2
171,709,3,2
171,710,3,2
171,711,3,2
171,712,3,2
171,713,3,2
171,714,3,2
171,715,3,2
171,716,3,2
171,717,3,2
171,718,3,2
171,719,3,2
171,720,3,2
171,721,3,2
171,722,3,2
171,723,3,2
171,724,3,2
171,725,3,2
171,726,3,2
171,727,3,2
171,728,3,2
171,729,3,2
171,730,3,2
171,731,3,2
171,732,3,2
171,733,3,2
171,734,3,2
171,735,3,2
171,736,3,2
171,737,3,2
171,738,3,2
171,739,3,2
171,740,3,2
171,741,3,2
171,742,3,2
171,743,3,2
171,744,3,2
171,745,3,2
171,746,3,2
171,747,3,2
171,748,3,2
171,749,3,2
171,750,3,2
171,751,3,2
171,752,3,2
171,753,3,2
171,754,3,2
171,755,3,2
171,756,3,2
171,757,3,2
171,758,3,2
171,759,3,2
171,760,3,2
171,761,3,2
171,762,3,2
171,763,3,2
171,764,3,2
171,765,3,2
171,766,3,2
171,767,3,2
171,768,3,2
171,769,3,2
171,770,3,2
171,771,3,2
171,772,3,2
171,773,3,2
171,774,3,2
171,775,3,2
171,776,3,2
171,777,3,2
171,778,3,2
171,779,3,2
171,780,3,2
171,781,3,2
171,782,3,2
171,783,3,2
172,165,3,2
172,166,3,2
172,167,3,2
172,168,3,2
172,169,3,2
172,170,3,2
172,171,3,2
172,172,3,2
172,173,3,2
172,174,3,2
172,175,3,2
172,176,3,2
172,177,3,2
172,178,3,2
172,179,3,2
172,180,3,2
172,181,3,2
172,182,3,2
172,183,3,2
172,184,3,2
172,185,3,2
172,186,3,2
172,187,3,2
172,188,3,2
172,189,3,2
172,190,3,2
172,191,3,2
172,192,3,2
172,193,3,2
172,194,3,2
172,195,3,2
172,196,3,2
172,197,3,2
172,198,3,2
172,199,3,2
172,200,3,2
172,201,3,2
172,202,3,2
172,203,3,2
172,204,3,2
172,205,3,2
172,206,3,2
172,207,3,2
172,208,3,2
172,209,3,2
172,210,3,2
172,211,3,2
172,212,3,2
172,213,3,2
172,214,3,2
172,215,3,2
172,216,3,2
172,217,3,2
172,218,3,2
172,219,3,2
172,220,3,2
172,221,3,2
172,222,3,2
172,223,3,2
172,224,3,2
172,225,3,2
172,226,3,2
172,227,3,2
172,228,3,2
172,229,3,2
172,230,3,2
172,231,3,2
172,232,3,2
172,233,3,2
172,234,3,2
172,235,3,2
172,236,3,2
172,237,3,2
172,238,3,2
172,239,3,2
172,240,3,2
172,241,3,2
172,242,3,2
172,243,3,2
172,244,3,2
172,245,3,2
172,246,3,2
172,247,3,2
172,248,3,2
172,249,3,2
172,250,3,2
172,251,3,2
172,252,3,2
172,253,3,2
172,254,3,2
172,255,3,2
172,256,3,2
172,257,3,2
172,258,3,2
172,259,3,2
172,260,3,2
172,261,3,2
172,262,3,2
172,263,3,2
172,264,3,2
172,265,3,2
172,266,3,2
172,267,3,2
172,268,3,2
172,269,3,2
172,270,3,2
172,271,3,2
172,272,3,2
172,273,3,2
172,274,3,2
172,275,3,2
172,276,3,2
172,277,3,2
172,278,3,2
172,279,3,2
172,280,3,2
172,281,3,2
172,282,3,2
172,283,3,2
172,284,3,2
172,285,3,2
172,286,3,2
172,287,3,2
172,288,3,2
172,289,3,2
172,290,3,2
172,291,3,2
172,292,3,2
172,293,3,2
172,294,3,2
172,295,3,2
172,296,3,2
172,297,3,2
172,298,3,2
172,299,3,2
172,300,3,2
172,301,3,2
172,302,3,2
172,303,3,2
172,304,3,2
172,305,3,2
172,306,3,2
172,307,3,2
172,308,3,2
172,309,3,2
172,310,3,2
172,311,3,2
172,312,3,2
172,313,3,2
172,314,3,2
172,315,3,2
172,316,3,2
172,317,3,2
172,318,3,2
172,319,3,2
172,320,3,2
172,321,3,2
172,322,3,2
172,323,3,2
172,324,3,2
172,325,3,2
172,326,3,2
172,327,3,2
172,328,3,2
172,329,3,2
172,330,3,2
172,331,3,2
172,332,3,2
172,333,3,2
172,334,3,2
172,335,3,2
172,336,3,2
172,337,3,2
172,338,3,2
172,339,3,2
172,340,3,2
172,341,3,2
172,342,3,2
172,343,3,2
172,344,3,2
172,345,3,2
172,346,3,2
172,347,3,2
172,348,3,2
172,349,3,2
172,350,3,2
172,351,3,2
172,352,3,2
172,353,3,2
172,354,3,2
172,355,3,2
172,356,3,2
172,357,3,2
172,358,3,2
172,359,3,2
172,360,3,2
172,361,3,2
172,362,3,2
172,363,3,2
172,364,3,2
172,365,3,2
172,366,3,2
172,367,3,2
172,368,3,2
172,369,3,2
172,370,3,2
172,371,3,2
172,372,3,2
172,373,3,2
172,374,3,2
172,375,3,2
172,376,3,2
172,377,3,2
172,378,3,2
172,379,3,2
172,380,3,2
172,381,3,2
172,382,3,2
172,383,3,2
172,384,3,2
172,385,3,2
172,386,3,2
172,387,3,2
172,388,3,2
172,389,3,2
172,390,3,2
172,391,3,2
172,392,3,2
172,393,3,2
172,394,3,2
172,395,3,2
172,396,3,2
172,397,3,2
172,398,3,2
172,399,3,2
172,400,3,2
172,401,3,2
172,402,3,2
172,403,3,2
172,404,3,2
172,405,3,2
172,406,3,2
172,407,3,2
172,408,3,2
172,409,3,2
172,410,3,2
172,411,3,2
172,412,3,2
172,413,3,2
172,414,3,2
172,415,3,2
172,416,3,2
172,417,3,2
172,418,3,2
172,419,3,2
172,420,3,2
172,421,3,2
172,422,3,2
172,423,3,2
172,424,3,2
172,425,3,2
172,426,3,2
172,427,3,2
172,428,3,2
172,429,3,2
172,430,3,2
172,431,3,2
172,432,3,2
172,433,3,2
172,434,3,2
172,435,3,2
172,436,3,2
172,437,3,2
172,438,3,2
172,439,3,2
172,440,3,2
172,441,3,2
172,442,3,2
172,443,3,2
172,444,3,2
172,445,3,2
172,446,3,2
172,447,3,2
172,448,3,2
172,449,3,2
172,450,3,2
172,451,3,2
172,452,3,2
172,453,3,2
172,454,3,2
172,455,3,2
172,456,3,2
172,457,3,2
172,458,3,2
172,459,3,2
172,460,3,2
172,461,3,2
172,462,3,2
172,463,3,2
172,464,3,2
172,465,3,2
172,466,3,2
172,467,3,2
172,468,3,2
172,469,3,2
172,470,3,2
172,471,3,2
172,472,3,2
172,473,3,2
172,474,3,2
172,475,3,2
172,476,3,2
172,477,3,2
172,478,3,2
172,479,3,2
172,480,3,2
172,481,3,2
172,482,3,2
172,483,3,2
172,484,3,2
172,485,3,2
172,486,3,2
172,487,3,2
172,488,3,2
172,489,3,2
172,490,3,2
172,491,3,2
172,492,3,2
172,493,3,2
172,494,3,2
172,495,3,2
172,496,3,2
172,497,3,2
172,498,3,2
172,499,3,2
172,500,3,2
172,501,3,2
172,502,3,2
172,503,3,2
172,504,3,2
172,505,3,2
172,506,3,2
172,507,3,2
172,508,3,2
172,509,3,2
172,510,3,2
172,511,3,2
172,512,3,2
172,513,3,2
172,514,3,2
172,515,3,2
172,516,3,2
172,517,3,2
172,518,3,2
172,519,3,2
172,520,3,2
172,521,3,2
172,522,3,2
172,523,3,2
172,524,3,2
172,525,3,2
172,526,3,2
172,527,3,2
172,528,3,2
172,529,3,2
172,530,3,2
172,531,3,2
172,532,3,2
172,533,3,2
172,534,3,2
172,535,3,2
172,536,3,2
172,537,3,2
172,538,3,2
172,539,3,2
172,540,3,2
172,541,3,2
172,542,3,2
172,543,3,2
172,544,3,2
172,545,3,2
172,546,3,2
172,547,3,2
172,548,3,2
172,549,3,2
172,550,3,2
172,551,3,2
172,552,3,2
172,553,3,2
172,554,3,2
172,555,3,2
172,556,3,2
172,557,3,2
172,558,3,2
172,559,3,2
172,560,3,2
172,561,3,2
172,562,3,2
172,563,3,2
172,564,3,2
172,565,3,2
172,566,3,2
172,567,3,2
172,568,3,2
172,569,3,2
172,570,3,2
172,571,3,2
172,572,3,2
172,573,3,2
172,574,3,2
172,575,3,2
172,576,3,2
172,577,3,2
172,578,3,2
172,579,3,2
172,580,3,2
172,581,3,2
172,582,3,2
172,583,3,2
172,584,3,2
172,585,3,2
172,586,3,2
172,587,3,2
172,588,3,2
172,589,3,2
172,590,3,2
172,591,3,2
172,592,3,2
172,593,3,2
172,594,3,2
172,595,3,2
172,596,3,2
172,597,3,2
172,598,3,2
172,599,3,2
172,600,3,2
172,601,3,2
172,602,3,2
172,603,3,2
172,604,3,3
172,605,3,3
172,606,3,3
172,607,3,3
172,608,3,3
172,609,3,3
172,610,3,3
172,611,3,3
172,612,3,3
172,613,3,3
172,614,3,3
172,615,3,3
172,616,3,3
172,617,3,3
172,618,3,3
172,619,3,3
172,620,3,3
172,621,3,3
172,622,3,3
172,623,3,3
172,624,3,3
172,625,3,3
172,626,3,3
172,627,3,3
172,628,3,3
172,629,3,3
172,630,3,3
172,631,3,3
172,632,3,3
172,633,3,3
172,634,3,3
172,635,3,3
172,636,3,3
172,637,3,3
172,638,3,3
172,639,3,3
172,640,3,3
172,641,3,3
172,642,3,3
172,643,3,3
172,644,3,3
172,645,3,3
172,646,3,3
172,647,3,3
172,648,3,3
172,649,3,3
172,650,3,3
172,651,3,3
172,652,3,3
172,653,3,3
172,654,3,2
172,655,3,2
172,656,3,2
172,657,3,2
172,658,3,2
172,659,3,2
172,660,3,2
172,661,3,2
172,662,3,2
172,663,3,2
172,664,3,2
172,665,3,2
172,666,3,2
172,667,3,2
172,668,3,2
172,669,3,2
172,670,3,2
172,671,3,2
172,672,3,2
172,673,3,2
172,674,3,2
172,675,3,2
172,676,3,2
172,677,3,2
172,678,3,2
172,679,3,2
172,680,3,2
172,681,3,2
172,682,3,2
172,683,3,2
172,684,3,2
172,685,3,2
172,686,3,2
172,687,3,2
172,688,3,2
172,689,3,2
172,690,3,2
172,691,3,2
172,692,3,2
172,693,3,2
172,694,3,2
172,695,3,2
172,696,3,2
172,697,3,2
172,698,3,2
172,699,3,2
172,700,3,2
172,701,3,2
172,702,3,2
172,703,3,2
172,704,3,2
172,705,3,2
172,706,3,2
172,707,3,2
172,708,3,2
172,709,3,2
172,710,3,2
172,711,3,2
172,712,3,2
172,713,3,2
172,714,3,2
172,715,3,2
172,716,3,2
172,717,3,2
172,718,3,2
172,719,3,2
172,720,3,2
172,721,3,2
172,722,3,2
172,723,3,2
172,724,3,2
172,725,3,2
172,726,3,2
172,727,3,2
172,728,3,2
172,729,3,2
172,730,3,2
172,731,3,2
172,732,3,2
172,733,3,2
172,734,3,2
172,735,3,2
172,736,3,2
172,737,3,2
172,738,3,2
172,739,3,2
172,740,3,2
172,741,3,2
172,742,3,2
172,743,3,2
172,744,3,2
172,745,3,2
172,746,3,2
172,747,3,2
172,748,3,2
172,749,3,2
172,750,3,2
172,751,3,2
172,752,3,2
172,753,3,2
172,754,3,2
172,755,3,2
172,756,3,2
172,757,3,2
172,758,3,2
172,759,3,2
172,760,3,2
172,761,3,2
172,762,3,2
172,763,3,2
172,764,3,2
172,765,3,2
172,766,3,2
172,767,3,2
172,768,3,2
172,769,3,2
172,770,3,2
172,771,3,2
172,772,3,2
172,773,3,2
172,774,3,2
172,775,3,2
172,776,3,2
172,777,3,2
172,778,3,2
172,779,3,2
172,780,3,2
172,781,3,2
172,782,3,2
172,783,3,2
173,164,3,2
173,165,3,2
173,166,3,2
173,167,3,2
173,168,3,2
173,169,3,2
173,170,3,2
173,171,3,2
173,172,3,2
173,173,3,2
173,174,3,2
173,175,3,2
173,176,3,2
173,177,3,2
173,178,3,2
173,179,3,2
173,180,3,2
173,181,3,2
173,182,3,2
173,183,3,2
173,184,3,2
173,185,3,2
173,186,3,2
173,187,3,2
173,188,3,2
173,189,3,2
173,190,3,2
173,191,3,2
173,192,3,2
173,193,3,2
173,194,3,2
173,195,3,2
173,196,3,2
173,197,3,2
173,198,3,2
173,199,3,2
173,200,3,2
173,201,3,2
173,202,3,2
173,203,3,2
173,204,3,2
173,205,3,2
173,206,3,2
173,207,3,2
173,208,3,2
173,209,3,2
173,210,3,2
173,211,3,2
173,212,3,2
173,213,3,2
173,214,3,2
173,215,3,2
173,216,3,2
173,217,3,2
173,218,3,2
173,219,3,2
173,220,3,2
173,221,3,2
173,222,3,2
173,223,3,2
173,224,3,2
173,225,3,2
173,226,3,2
173,227,3,2
173,228,3,2
173,229,3,2
173,230,3,2
173,231,3,2
173,232,3,2
173,233,3,2
173,234,3,2
173,235,3,2
173,236,3,2
173,237,3,2
173,238,3,2
173,239,3,2
173,240,3,2
173,241,3,2
173,242,3,2
173,243,3,2
173,244,3,2
173,245,3,2
173,246,3,2
173,247,3,2
173,248,3,2
173,249,3,2
173,250,3,2
173,251,3,2
173,252,3,2
173,253,3,2
173,254,3,2
173,255,3,2
173,256,3,2
173,257,3,2
173,258,3,2
173,259,3,2
173,260,3,2
173,261,3,2
173,262,3,2
173,263,3,2
173,264,3,2
173,265,3,2
173,266,3,2
173,267,3,2
173,268,3,2
173,269,3,2
173,270,3,2
173,271,3,2
173,272,3,2
173,273,3,2
173,274,3,2
173,275,3,2
173,276,3,2
173,277,3,2
173,278,3,2
173,279,3,2
173,280,3,2
173,281,3,2
173,282,3,2
173,283,3,2
173,284,3,2
173,285,3,2
173,286,3,2
173,287,3,2
173,288,3,2
173,289,3,2
173,290,3,2
173,291,3,2
173,292,3,2
173,293,3,2
173,294,3,2
173,295,3,2
173,296,3,2
173,297,3,2
173,298,3,2
173,299,3,2
173,300,3,2
173,301,3,2
173,302,3,2
173,303,3,2
173,304,3,2
173,305,3,2
173,306,3,2
173,307,3,2
173,308,3,2
173,309,3,2
173,310,3,2
173,311,3,2
173,312,3,2
173,313,3,2
173,314,3,2
173,315,3,2
173,316,3,2
173,317,3,2
173,318,3,2
173,319,3,2
173,320,3,2
173,321,3,2
173,322,3,2
173,323,3,2
173,324,3,2
173,325,3,2
173,326,3,2
173,327,3,2
173,328,3,2
173,329,3,2
173,330,3,2
173,331,3,2
173,332,3,2
173,333,3,2
173,334,3,2
173,335,3,2
173,336,3,2
173,337,3,2
173,338,3,2
173,339,3,2
173,340,3,2
173,341,3,2
173,342,3,2
173,343,3,2
173,344,3,2
173,345,3,2
173,346,3,2
173,347,3,2
173,348,3,2
173,349,3,2
173,350,3,2
173,351,3,2
173,352,3,2
173,353,3,2
173,354,3,2
173,355,3,2
173,356,3,2
173,357,3,2
173,358,3,2
173,359,3,2
173,360,3,2
173,361,3,2
173,362,3,2
173,363,3,2
173,364,3,2
173,365,3,2
173,366,3,2
173,367,3,2
173,368,3,2
173,369,3,2
173,370,3,2
173,371,3,2
173,372,3,2
173,373,3,2
173,374,3,2
173,375,3,2
173,376,3,2
173,377,3,2
173,378,3,2
173,379,3,2
173,380,3,2
173,381,3,2
173,382,3,2
173,383,3,2
173,384,3,2
173,385,3,2
173,386,3,2
173,387,3,2
173,388,3,2
173,389,3,2
173,390,3,2
173,391,3,2
173,392,3,2
173,393,3,2
173,394,3,2
173,395,3,2
173,396,3,2
173,397,3,2
173,398,3,2
173,399,3,2
173,400,3,2
173,401,3,2
173,402,3,2
173,403,3,2
173,404,3,2
173,405,3,2
173,406,3,2
173,407,3,2
173,408,3,2
173,409,3,2
173,410,3,2
173,411,3,2
173,412,3,2
173,413,3,2
173,414,3,2
173,415,3,2
173,416,3,2
173,417,3,2
173,418,3,2
173,419,3,2
173,420,3,2
173,421,3,2
173,422,3,2
173,423,3,2
173,424,3,2
173,425,3,2
173,426,3,2
173,427,3,2
173,428,3,2
173,429,3,2
173,430,3,2
173,431,3,2
173,432,3,2
173,433,3,2
173,434,3,2
173,435,3,2
173,436,3,2
173,437,3,2
173,438,3,2
173,439,3,2
173,440,3,2
173,441,3,2
173,442,3,2
173,443,3,2
173,444,3,2
173,445,3,2
173,446,3,2
173,447,3,2
173,448,3,2
173,449,3,2
173,450,3,2
173,451,3,2
173,452,3,2
173,453,3,2
173,454,3,2
173,455,3,2
173,456,3,2
173,457,3,2
173,458,3,2
173,459,3,2
173,460,3,2
173,461,3,2
173,462,3,2
173,463,3,2
173,464,3,2
173,465,3,2
173,466,3,2
173,467,3,2
173,468,3,2
173,469,3,2
173,470,3,2
173,471,3,2
173,472,3,2
173,473,3,2
173,474,3,2
173,475,3,2
173,476,3,2
173,477,3,2
173,478,3,2
173,479,3,2
173,480,3,2
173,481,3,2
173,482,3,2
173,483,3,2
173,484,3,2
173,485,3,2
173,486,3,2
173,487,3,2
173,488,3,2
173,489,3,2
173,490,3,2
173,491,3,2
173,492,3,2
173,493,3,2
173,494,3,2
173,495,3,2
173,496,3,2
173,497,3,2
173,498,3,2
173,499,3,2
173,500,3,2
173,501,3,2
173,502,3,2
173,503,3,2
173,504,3,2
173,505,3,2
173,506,3,2
173,507,3,2
173,508,3,2
173,509,3,2
173,510,3,2
173,511,3,2
173,512,3,2
173,513,3,2
173,514,3,2
173,515,3,2
173,516,3,2
173,517,3,2
173,518,3,2
173,519,3,2
173,520,3,2
173,521,3,2
173,522,3,2
173,523,3,2
173,524,3,2
173,525,3,2
173,526,3,2
173,527,3,2
173,528,3,2
173,529,3,2
173,530,3,2
173,531,3,2
173,532,3,2
173,533,3,2
173,534,3,2
173,535,3,2
173,536,3,2
173,537,3,2
173,538,3,2
173,539,3,2
173,540,3,2
173,541,3,2
173,542,3,2
173,543,3,2
173,544,3,2
173,545,3,2
173,546,3,2
173,547,3,2
173,548,3,2
173,549,3,2
173,550,3,2
173,551,3,2
173,552,3,2
173,553,3,2
173,554,3,2
173,555,3,2
173,556,3,2
173,557,3,2
173,558,3,2
173,559,3,2
173,560,3,2
173,561,3,2
173,562,3,2
173,563,3,2
173,564,3,2
173,565,3,2
173,566,3,2
173,567,3,2
173,568,3,2
173,569,3,2
173,570,3,2
173,571,3,2
173,572,3,2
173,573,3,2
173,574,3,2
173,575,3,2
173,576,3,2
173,577,3,2
173,578,3,2
173,579,3,2
173,580,3,2
173,581,3,2
173,582,3,2
173,583,3,2
173,584,3,2
173,585,3,2
173,586,3,2
173,587,3,2
173,588,3,2
173,589,3,2
173,590,3,2
173,591,3,2
173,592,3,2
173,593,3,2
173,594,3,2
173,595,3,2
173,596,3,2
173,597,3,2
173,598,3,2
173,599,3,2
173,600,3,2
173,601,3,2
173,602,3,2
173,603,3,2
173,604,3,3
173,605,3,3
173,606,3,3
173,607,3,3
173,608,3,3
173,609,3,3
173,610,3,3
173,611,3,3
173,612,3,3
173,613,3,3
173,614,3,3
173,615,3,3
173,616,3,3
173,617,3,3
173,618,3,3
173,619,3,3
173,620,3,3
173,621,3,3
173,622,3,3
173,623,3,3
173,624,3,3
173,625,3,3
173,626,3,3
173,627,3,3
173,628,3,3
173,629,3,3
173,630,3,3
173,631,3,3
173,632,3,3
173,633,3,3
173,634,3,3
173,635,3,3
173,636,3,3
173,637,3,3
173,638,3,3
173,639,3,3
173,640,3,3
173,641,3,3
173,642,3,3
173,643,3,3
173,644,3,3
173,645,3,3
173,646,3,3
173,647,3,3
173,648,3,3
173,649,3,3
173,650,3,3
173,651,3,3
173,652,3,3
173,653,3,3
173,654,3,3
173,655,3,2
173,656,3,2
173,657,3,2
173,658,3,2
173,659,3,2
173,660,3,2
173,661,3,2
173,662,3,2
173,663,3,2
173,664,3,2
173,665,3,2
173,666,3,2
173,667,3,2
173,668,3,2
173,669,3,2
173,670,3,2
173,671,3,2
173,672,3,2
173,673,3,2
173,674,3,2
173,675,3,2
173,676,3,2
173,677,3,2
173,678,3,2
173,679,3,2
173,680,3,2
173,681,3,2
173,682,3,2
173,683,3,2
173,684,3,2
173,685,3,2
173,686,3,2
173,687,3,2
173,688,3,2
173,689,3,2
173,690,3,2
173,691,3,2
173,692,3,2
173,693,3,2
173,694,3,2
173,695,3,2
173,696,3,2
173,697,3,2
173,698,3,2
173,699,3,2
173,700,3,2
173,701,3,2
173,702,3,2
173,703,3,2
173,704,3,2
173,705,3,2
173,706,3,2
173,707,3,2
173,708,3,2
173,709,3,2
173,710,3,2
173,711,3,2
173,712,3,2
173,713,3,2
173,714,3,2
173,715,3,2
173,716,3,2
173,717,3,2
173,718,3,2
173,719,3,2
173,720,3,2
173,721,3,2
173,722,3,2
173,723,3,2
173,724,3,2
173,725,3,2
173,726,3,2
173,727,3,2
173,728,3,2
173,729,3,2
173,730,3,2
173,731,3,2
173,732,3,2
173,733,3,2
173,734,3,2
173,735,3,2
173,736,3,2
173,737,3,2
173,738,3,2
173,739,3,2
173,740,3,2
173,741,3,2
173,742,3,2
173,743,3,2
173,744,3,2
173,745,3,2
173,746,3,2
173,747,3,2
173,748,3,2
173,749,3,2
173,750,3,2
173,751,3,2
173,752,3,2
173,753,3,2
173,754,3,2
173,755,3,2
173,756,3,2
173,757,3,2
173,758,3,2
173,759,3,2
173,760,3,2
173,761,3,2
173,762,3,2
173,763,3,2
173,764,3,2
173,765,3,2
173,766,3,2
173,767,3,2
173,768,3,2
173,769,3,2
173,770,3,2
173,771,3,2
173,772,3,2
173,773,3,2
173,774,3,2
173,775,3,2
173,776,3,2
173,777,3,2
173,778,3,2
173,779,3,2
173,780,3,2
173,781,3,2
173,782,3,2
173,785,3,2
173,786,3,2
173,787,3,2
174,162,3,2
174,163,3,2
174,164,3,2
174,165,3,2
174,166,3,2
174,167,3,2
174,168,3,2
174,169,3,2
174,170,3,2
174,171,3,2
174,172,3,2
174,173,3,2
174,174,3,2
174,175,3,2
174,176,3,2
174,177,3,2
174,178,3,2
174,179,3,2
174,180,3,2
174,181,3,2
174,182,3,2
174,183,3,2
174,184,3,2
174,185,3,2
174,186,3,2
174,187,3,2
174,188,3,2
174,189,3,2
174,190,3,2
174,191,3,2
174,192,3,2
174,193,3,2
174,194,3,2
174,195,3,2
174,196,3,2
174,197,3,2
174,198,3,2
174,199,3,2
174,200,3,2
174,201,3,2
174,202,3,2
174,203,3,2
174,204,3,2
174,205,3,2
174,206,3,2
174,207,3,2
174,208,3,2
174,209,3,2
174,210,3,2
174,211,3,2
174,212,3,2
174,213,3,2
174,214,3,2
174,215,3,2
174,216,3,2
174,217,3,2
174,218,3,2
174,219,3,2
174,220,3,2
174,221,3,2
174,222,3,2
174,223,3,2
174,224,3,2
174,225,3,2
174,226,3,2
174,227,3,2
174,228,3,2
174,229,3,2
174,230,3,2
174,231,3,2
174,232,3,2
174,233,3,2
174,234,3,2
174,235,3,2
174,236,3,2
174,237,3,2
174,238,3,2
174,239,3,2
174,240,3,2
174,241,3,2
174,242,3,2
174,243,3,2
174,244,3,2
174,245,3,2
174,246,3,2
174,247,3,2
174,248,3,2
174,249,3,2
174,250,3,2
174,251,3,2
174,252,3,2
174,253,3,2
174,254,3,2
174,255,3,2
174,256,3,2
174,257,3,2
174,258,3,2
174,259,3,2
174,260,3,2
174,261,3,2
174,262,3,2
174,263,3,2
174,264,3,2
174,265,3,2
174,266,3,2
174,267,3,2
174,268,3,2
174,269,3,2
174,270,3,2
174,271,3,2
174,272,3,2
174,273,3,2
174,274,3,2
174,275,3,2
174,276,3,2
174,277,3,2
174,278,3,2
174,279,3,2
174,280,3,2
174,281,3,2
174,282,3,2
174,283,3,2
174,284,3,2
174,285,3,2
174,286,3,2
174,287,3,2
174,288,3,2
174,289,3,2
174,290,3,2
174,291,3,2
174,292,3,2
174,293,3,2
174,294,3,2
174,295,3,2
174,296,3,2
174,297,3,2
174,298,3,2
174,299,3,2
174,300,3,2
174,301,3,2
174,302,3,2
174,303,3,2
174,304,3,2
174,305,3,2
174,306,3,2
174,307,3,2
174,308,3,2
174,309,3,2
174,310,3,2
174,311,3,2
174,312,3,2
174,313,3,2
174,314,3,2
174,315,3,2
174,316,3,2
174,317,3,2
174,318,3,2
174,319,3,2
174,320,3,2
174,321,3,2
174,322,3,2
174,323,3,2
174,324,3,2
174,325,3,2
174,326,3,2
174,327,3,2
174,328,3,2
174,329,3,2
174,330,3,2
174,331,3,2
174,332,3,2
174,333,3,2
174,334,3,2
174,335,3,2
174,336,3,2
174,337,3,2
174,338,3,2
174,339,3,2
174,340,3,2
174,341,3,2
174,342,3,2
174,343,3,2
174,344,3,2
174,345,3,2
174,346,3,2
174,347,3,2
174,348,3,2
174,349,3,2
174,350,3,2
174,351,3,2
174,352,3,2
174,353,3,2
174,354,3,2
174,355,3,2
174,356,3,2
174,357,3,2
174,358,3,2
174,359,3,2
174,360,3,2
174,361,3,2
174,362,3,2
174,363,3,2
174,364,3,2
174,365,3,2
174,366,3,2
174,367,3,2
174,368,3,2
174,369,3,2
174,370,3,2
174,371,3,2
174,372,3,2
174,373,3,2
174,374,3,2
174,375,3,2
174,376,3,2
174,377,3,2
174,378,3,2
174,379,3,2
174,380,3,2
174,381,3,2
174,382,3,2
174,383,3,2
174,384,3,2
174,385,3,2
174,386,3,2
174,387,3,2
174,388,3,2
174,389,3,2
174,390,3,2
174,391,3,2
174,392,3,2
174,393,3,2
174,394,3,2
174,395,3,2
174,396,3,2
174,397,3,2
174,398,3,2
174,399,3,2
174,400,3,2
174,401,3,2
174,402,3,2
174,403,3,2
174,404,3,2
174,405,3,2
174,406,3,2
174,407,3,2
174,408,3,2
174,409,3,2
174,410,3,2
174,411,3,2
174,412,3,2
174,413,3,2
174,414,3,2
174,415,3,2
174,416,3,2
174,417,3,2
174,418,3,2
174,419,3,2
174,420,3,2
174,421,3,2
174,422,3,2
174,423,3,2
174,424,3,2
174,425,3,2
174,426,3,2
174,427,3,2
174,428,3,2
174,429,3,2
174,430,3,2
174,431,3,2
174,432,3,2
174,433,3,2
174,434,3,2
174,435,3,2
174,436,3,2
174,437,3,2
174,438,3,2
174,439,3,2
174,440,3,2
174,441,3,2
174,442,3,2
174,443,3,2
174,444,3,2
174,445,3,2
174,446,3,2
174,447,3,2
174,448,3,2
174,449,3,2
174,450,3,2
174,451,3,2
174,452,3,2
174,453,3,2
174,454,3,2
174,455,3,2
174,456,3,2
174,457,3,2
174,458,3,2
174,459,3,2
174,460,3,2
174,461,3,2
174,462,3,2
174,463,3,2
174,464,3,2
174,465,3,2
174,466,3,2
174,467,3,2
174,468,3,2
174,469,3,2
174,470,3,2
174,471,3,2
174,472,3,2
174,473,3,2
174,474,3,2
174,475,3,2
174,476,3,2
174,477,3,2
174,478,3,2
174,479,3,2
174,480,3,2
174,481,3,2
174,482,3,2
174,483,3,2
174,484,3,2
174,485,3,2
174,486,3,2
174,487,3,2
174,488,3,2
174,489,3,2
174,490,3,2
174,491,3,2
174,492,3,2
174,493,3,2
174,494,3,2
174,495,3,2
174,496,3,2
174,497,3,2
174,498,3,2
174,499,3,2
174,500,3,2
174,501,3,2
174,502,3,2
174,503,3,2
174,504,3,2
174,505,3,2
174,506,3,2
174,507,3,2
174,508,3,2
174,509,3,2
174,510,3,2
174,511,3,2
174,512,3,2
174,513,3,2
174,514,3,2
174,515,3,2
174,516,3,2
174,517,3,2
174,518,3,2
174,519,3,2
174,520,3,2
174,521,3,2
174,522,3,2
174,523,3,2
174,524,3,2
174,525,3,2
174,526,3,2
174,527,3,2
174,528,3,2
174,529,3,2
174,530,3,2
174,531,3,2
174,532,3,2
174,533,3,2
174,534,3,2
174,535,3,2
174,536,3,2
174,537,3,2
174,538,3,2
174,539,3,2
174,540,3,2
174,541,3,2
174,542,3,2
174,543,3,2
174,544,3,2
174,545,3,2
174,546,3,2
174,547,3,2
174,548,3,2
174,549,3,2
174,550,3,2
174,551,3,2
174,552,3,2
174,553,3,2
174,554,3,2
174,555,3,2
174,556,3,2
174,557,3,2
174,558,3,2
174,559,3,2
174,560,3,2
174,561,3,2
174,562,3,2
174,563,3,2
174,564,3,2
174,565,3,2
174,566,3,2
174,567,3,2
174,568,3,2
174,569,3,2
174,570,3,2
174,571,3,2
174,572,3,2
174,573,3,2
174,574,3,2
174,575,3,2
174,576,3,2
174,577,3,2
174,578,3,2
174,579,3,2
174,580,3,2
174,581,3,2
174,582,3,2
174,583,3,2
174,584,3,2
174,585,3,2
174,586,3,2
174,587,3,2
174,588,3,2
174,589,3,2
174,590,3,2
174,591,3,2
174,592,3,2
174,593,3,2
174,594,3,2
174,595,3,2
174,596,3,2
174,597,3,2
174,598,3,2
174,599,3,2
174,600,3,2
174,601,3,2
174,602,3,2
174,603,3,2
174,604,3,3
174,605,3,3
174,606,3,3
174,607,3,3
174,608,3,3
174,609,3,3
174,610,3,3
174,611,3,3
174,612,3,3
174,613,3,3
174,614,3,3
174,615,3,3
174,616,3,3
174,617,3,3
174,618,3,3
174,619,3,3
174,620,3,3
174,621,3,3
174,622,3,3
174,623,3,3
174,624,3,3
174,625,3,3
174,626,3,3
174,627,3,3
174,628,3,3
174,629,3,3
174,630,3,3
174,631,3,3
174,632,3,3
174,633,3,3
174,634,3,3
174,635,3,3
174,636,3,3
174,637,3,3
174,638,3,3
174,639,3,3
174,640,3,3
174,641,3,3
174,642,3,3
174,643,3,3
174,644,3,3
174,645,3,3
174,646,3,3
174,647,3,3
174,648,3,3
174,649,3,3
174,650,3,3
174,651,3,3
174,652,3,3
174,653,3,3
174,654,3,3
174,655,3,3
174,656,3,3
174,657,3,2
174,658,3,2
174,659,3,2
174,660,3,2
174,661,3,2
174,662,3,2
174,663,3,2
174,664,3,2
174,665,3,2
174,666,3,2
174,667,3,2
174,668,3,2
174,669,3,2
174,670,3,2
174,671,3,2
174,672,3,2
174,673,3,2
174,674,3,2
174,675,3,2
174,676,3,2
174,677,3,2
174,678,3,2
174,679,3,2
174,680,3,2
174,681,3,2
174,682,3,2
174,683,3,2
174,684,3,2
174,685,3,2
174,686,3,2
174,687,3,2
174,688,3,2
174,689,3,2
174,690,3,2
174,691,3,2
174,692,3,2
174,693,3,2
174,694,3,2
174,695,3,2
174,696,3,2
174,697,3,2
174,698,3,2
174,699,3,2
174,700,3,2
174,701,3,2
174,702,3,2
174,703,3,2
174,704,3,2
174,705,3,2
174,706,3,2
174,707,3,2
174,708,3,2
174,709,3,2
174,710,3,2
174,711,3,2
174,712,3,2
174,713,3,2
174,714,3,2
174,715,3,2
174,716,3,2
174,717,3,2
174,718,3,2
174,719,3,2
174,720,3,2
174,721,3,2
174,722,3,2
174,723,3,2
174,724,3,2
174,725,3,2
174,726,3,2
174,727,3,2
174,728,3,2
174,729,3,2
174,730,3,2
174,731,3,2
174,732,3,2
174,733,3,2
174,734,3,2
174,735,3,2
174,736,3,2
174,737,3,2
174,738,3,2
174,739,3,2
174,740,3,2
174,741,3,2
174,742,3,2
174,743,3,2
174,744,3,2
174,745,3,2
174,746,3,2
174,747,3,2
174,748,3,2
174,749,3,2
174,750,3,2
174,751,3,2
174,752,3,2
174,753,3,2
174,754,3,2
174,755,3,2
174,756,3,2
174,757,3,2
174,758,3,2
174,759,3,2
174,760,3,2
174,761,3,2
174,762,3,2
174,763,3,2
174,764,3,2
174,765,3,2
174,766,3,2
174,767,3,2
174,768,3,2
174,769,3,2
174,770,3,2
174,771,3,2
174,772,3,2
174,773,3,2
174,774,3,2
174,775,3,2
174,776,3,2
174,777,3,2
174,778,3,2
174,779,3,2
174,780,3,2
174,781,3,2
174,782,3,2
174,785,3,2
174,786,3,2
174,787,3,2
174,788,3,2
174,789,3,2
175,161,3,2
175,162,3,2
175,163,3,2
175,164,3,2
175,165,3,2
175,166,3,2
175,167,3,2
175,168,3,2
175,169,3,2
175,170,3,2
175,171,3,2
175,172,3,2
175,173,3,2
175,174,3,2
175,175,3,2
175,176,3,2
175,177,3,2
175,178,3,2
175,179,3,2
175,180,3,2
175,181,3,2
175,182,3,2
175,183,3,2
175,184,3,2
175,185,3,2
175,186,3,2
175,187,3,2
175,188,3,2
175,189,3,2
175,190,3,2
175,191,3,2
175,192,3,2
175,193,3,2
175,194,3,2
175,195,3,2
175,196,3,2
175,197,3,2
175,198,3,2
175,199,3,2
175,200,3,2
175,201,3,2
175,202,3,2
175,203,3,2
175,204,3,2
175,205,3,2
175,206,3,2
175,207,3,2
175,208,3,2
175,209,3,2
175,210,3,2
175,211,3,2
175,212,3,2
175,213,3,2
175,214,3,2
175,215,3,2
175,216,3,2
175,217,3,2
175,218,3,2
175,219,3,2
175,220,3,2
175,221,3,2
175,222,3,2
175,223,3,2
175,224,3,2
175,225,3,2
175,226,3,2
175,227,3,2
175,228,3,2
175,229,3,2
175,230,3,2
175,231,3,2
175,232,3,2
175,233,3,2
175,234,3,2
175,235,3,2
175,236,3,2
175,237,3,2
175,238,3,2
175,239,3,2
175,240,3,2
175,241,3,2
175,242,3,2
175,243,3,2
175,244,3,2
175,245,3,2
175,246,3,2
175,247,3,2
175,248,3,2
175,249,3,2
175,250,3,2
175,251,3,2
175,252,3,2
175,253,3,2
175,254,3,2
175,255,3,2
175,256,3,2
175,257,3,2
175,258,3,2
175,259,3,2
175,260,3,2
175,261,3,2
175,262,3,2
175,263,3,2
175,264,3,2
175,265,3,2
175,266,3,2
175,267,3,2
175,268,3,2
175,269,3,2
175,270,3,2
175,271,3,2
175,272,3,2
175,273,3,2
175,274,3,2
175,275,3,2
175,276,3,2
175,277,3,2
175,278,3,2
175,279,3,2
175,280,3,2
175,281,3,2
175,282,3,2
175,283,3,2
175,284,3,2
175,285,3,2
175,286,3,2
175,287,3,2
175,288,3,2
175,289,3,2
175,290,3,2
175,291,3,2
175,292,3,2
175,293,3,2
175,294,3,2
175,295,3,2
175,296,3,2
175,297,3,2
175,298,3,2
175,299,3,2
175,300,3,2
175,301,3,2
175,302,3,2
175,303,3,2
175,304,3,2
175,305,3,2
175,306,3,2
175,307,3,2
175,308,3,2
175,309,3,2
175,310,3,2
175,311,3,2
175,312,3,2
175,313,3,2
175,314,3,2
175,315,3,2
175,316,3,2
175,317,3,2
175,318,3,2
175,319,3,2
175,320,3,2
175,321,3,2
175,322,3,2
175,323,3,2
175,324,3,2
175,325,3,2
175,326,3,2
175,327,3,2
175,328,3,2
175,329,3,2
175,330,3,2
175,331,3,2
175,332,3,2
175,333,3,2
175,334,3,2
175,335,3,2
175,336,3,2
175,337,3,2
175,338,3,2
175,339,3,2
175,340,3,2
175,341,3,2
175,342,3,2
175,343,3,2
175,344,3,2
175,345,3,2
175,346,3,2
175,347,3,2
175,348,3,2
175,349,3,2
175,350,3,2
175,351,3,2
175,352,3,2
175,353,3,2
175,354,3,2
175,355,3,2
175,356,3,2
175,357,3,2
175,358,3,2
175,359,3,2
175,360,3,2
175,361,3,2
175,362,3,2
175,363,3,2
175,364,3,2
175,365,3,2
175,366,3,2
175,367,3,2
175,368,3,2
175,369,3,2
175,370,3,2
175,371,3,2
175,372,3,2
175,373,3,2
175,374,3,2
175,375,3,2
175,376,3,2
175,377,3,2
175,378,3,2
175,379,3,2
175,380,3,2
175,381,3,2
175,382,3,2
175,383,3,2
175,384,3,2
175,385,3,2
175,386,3,2
175,387,3,2
175,388,3,2
175,389,3,2
175,390,3,2
175,391,3,2
175,392,3,2
175,393,3,2
175,394,3,2
175,395,3,2
175,396,3,2
175,397,3,2
175,398,3,2
175,399,3,2
175,400,3,2
175,401,3,2
175,402,3,2
175,403,3,2
175,404,3,2
175,405,3,2
175,406,3,2
175,407,3,2
175,408,3,2
175,409,3,2
175,410,3,2
175,411,3,2
175,412,3,2
175,413,3,2
175,414,3,2
175,415,3,2
175,416,3,2
175,417,3,2
175,418,3,2
175,419,3,2
175,420,3,2
175,421,3,2
175,422,3,2
175,423,3,2
175,424,3,2
175,425,3,2
175,426,3,2
175,427,3,2
175,428,3,2
175,429,3,2
175,430,3,2
175,431,3,2
175,432,3,2
175,433,3,2
175,434,3,2
175,435,3,2
175,436,3,2
175,437,3,2
175,438,3,2
175,439,3,2
175,440,3,2
175,441,3,2
175,442,3,2
175,443,3,2
175,444,3,2
175,445,3,2
175,446,3,2
175,447,3,2
175,448,3,2
175,449,3,2
175,450,3,2
175,451,3,2
175,452,3,2
175,453,3,2
175,454,3,2
175,455,3,2
175,456,3,2
175,457,3,2
175,458,3,2
175,459,3,2
175,460,3,2
175,461,3,2
175,462,3,2
175,463,3,2
175,464,3,2
175,465,3,2
175,466,3,2
175,467,3,2
175,468,3,2
175,469,3,2
175,470,3,2
175,471,3,2
175,472,3,2
175,473,3,2
175,474,3,2
175,475,3,2
175,476,3,2
175,477,3,2
175,478,3,2
175,479,3,2
175,480,3,2
175,481,3,2
175,482,3,2
175,483,3,2
175,484,3,2
175,485,3,2
175,486,3,2
175,487,3,2
175,488,3,2
175,489,3,2
175,490,3,2
175,491,3,2
175,492,3,2
175,493,3,2
175,494,3,2
175,495,3,2
175,496,3,2
175,497,3,2
175,498,3,2
175,499,3,2
175,500,3,2
175,501,3,2
175,502,3,2
175,503,3,2
175,504,3,2
175,505,3,2
175,506,3,2
175,507,3,2
175,508,3,2
175,509,3,2
175,510,3,2
175,511,3,2
175,512,3,2
175,513,3,2
175,514,3,2
175,515,3,2
175,516,3,2
175,517,3,2
175,518,3,2
175,519,3,2
175,520,3,2
175,521,3,2
175,522,3,2
175,523,3,2
175,524,3,2
175,525,3,2
175,526,3,2
175,527,3,2
175,528,3,2
175,529,3,2
175,530,3,2
175,531,3,2
175,532,3,2
175,533,3,2
175,534,3,2
175,535,3,2
175,536,3,2
175,537,3,2
175,538,3,2
175,539,3,2
175,540,3,2
175,541,3,2
175,542,3,2
175,543,3,2
175,544,3,2
175,545,3,2
175,546,3,2
175,547,3,2
175,548,3,2
175,549,3,2
175,550,3,2
175,551,3,2
175,552,3,2
175,553,3,2
175,554,3,2
175,555,3,2
175,556,3,2
175,557,3,2
175,558,3,2
175,559,3,2
175,560,3,2
175,561,3,2
175,562,3,2
175,563,3,2
175,564,3,2
175,565,3,2
175,566,3,2
175,567,3,2
175,568,3,2
175,569,3,2
175,570,3,2
175,571,3,2
175,572,3,2
175,573,3,2
175,574,3,2
175,575,3,2
175,576,3,2
175,577,3,2
175,578,3,2
175,579,3,2
175,580,3,2
175,581,3,2
175,582,3,2
175,583,3,2
175,584,3,2
175,585,3,2
175,586,3,2
175,587,3,2
175,588,3,2
175,589,3,2
175,590,3,2
175,591,3,2
175,592,3,2
175,593,3,2
175,594,3,2
175,595,3,2
175,596,3,2
175,597,3,2
175,598,3,2
175,599,3,2
175,600,3,2
175,601,3,2
175,602,3,2
175,603,3,2
175,604,3,3
175,605,3,3
175,606,3,3
175,607,3,3
175,608,3,3
175,609,3,3
175,610,3,3
175,611,3,3
175,612,3,3
175,613,3,3
175,614,3,3
175,615,3,3
175,616,3,3
175,617,3,3
175,618,3,3
175,619,3,3
175,620,3,3
175,621,3,3
175,622,3,3
175,623,3,3
175,624,3,3
175,625,3,3
175,626,3,3
175,627,3,3
175,628,3,3
175,629,3,3
175,630,3,3
175,631,3,3
175,632,3,3
175,633,3,3
175,634,3,3
175,635,3,3
175,636,3,3
175,637,3,3
175,638,3,3
175,639,3,3
175,640,3,3
175,641,3,3
175,642,3,3
175,643,3,3
175,644,3,3
175,645,3,3
175,646,3,3
175,647,3,3
175,648,3,3
175,649,3,3
175,650,3,3
175,651,3,3
175,652,3,3
175,653,3,3
175,654,3,3
175,655,3,3
175,656,3,3
175,657,3,2
175,658,3,2
175,659,3,2
175,660,3,2
175,661,3,2
175,662,3,2
175,663,3,2
175,664,3,2
175,665,3,2
175,666,3,2
175,667,3,2
175,668,3,2
175,669,3,2
175,670,3,2
175,671,3,2
175,672,3,2
175,673,3,2
175,674,3,2
175,675,3,2
175,676,3,2
175,677,3,2
175,678,3,2
175,679,3,2
175,680,3,2
175,681,3,2
175,682,3,2
175,683,3,2
175,684,3,2
175,685,3,2
175,686,3,2
175,687,3,2
175,688,3,2
175,689,3,2
175,690,3,2
175,691,3,2
175,692,3,2
175,693,3,2
175,694,3,2
175,695,3,2
175,696,3,2
175,697,3,2
175,698,3,2
175,699,3,2
175,700,3,2
175,701,3,2
175,702,3,2
175,703,3,2
175,704,3,2
175,705,3,2
175,706,3,2
175,707,3,2
175,708,3,2
175,709,3,2
175,710,3,2
175,711,3,2
175,712,3,2
175,713,3,2
175,714,3,2
175,715,3,2
175,716,3,2
175,717,3,2
175,718,3,2
175,719,3,2
175,720,3,2
175,721,3,2
175,722,3,2
175,723,3,2
175,724,3,2
175,725,3,2
175,726,3,2
175,727,3,2
175,728,3,2
175,729,3,2
175,730,3,2
175,731,3,2
175,732,3,2
175,733,3,2
175,734,3,2
175,735,3,2
175,736,3,2
175,737,3,2
175,738,3,2
175,739,3,2
175,740,3,2
175,741,3,2
175,742,3,2
175,743,3,2
175,744,3,2
175,745,3,2
175,746,3,2
175,747,3,2
175,748,3,2
175,749,3,2
175,750,3,2
175,751,3,2
175,752,3,2
175,753,3,2
175,754,3,2
175,755,3,2
175,756,3,2
175,757,3,2
175,758,3,2
175,759,3,2
175,760,3,2
175,761,3,2
175,762,3,2
175,763,3,2
175,764,3,2
175,765,3,2
175,766,3,2
175,767,3,2
175,768,3,2
175,769,3,2
175,770,3,2
175,771,3,2
175,772,3,2
175,773,3,2
175,774,3,2
175,775,3,2
175,776,3,2
175,777,3,2
175,778,3,2
175,779,3,2
175,780,3,2
175,781,3,2
175,782,3,2
175,785,3,2
175,786,3,2
175,787,3,2
175,788,3,2
175,789,3,2
176,160,3,2
176,161,3,2
176,162,3,2
176,163,3,2
176,164,3,2
176,165,3,2
176,166,3,2
176,167,3,2
176,168,3,2
176,169,3,2
176,170,3,2
176,171,3,2
176,172,3,2
176,173,3,2
176,174,3,2
176,175,3,2
176,176,3,2
176,177,3,2
176,178,3,2
176,179,3,2
176,180,3,2
176,181,3,2
176,182,3,2
176,183,3,2
176,184,3,2
176,185,3,2
176,186,3,2
176,187,3,2
176,188,3,2
176,189,3,2
176,190,3,2
176,191,3,2
176,192,3,2
176,193,3,2
176,194,3,2
176,195,3,2
176,196,3,2
176,197,3,2
176,198,3,2
176,199,3,2
176,200,3,2
176,201,3,2
176,202,3,2
176,203,3,2
176,204,3,2
176,205,3,2
176,206,3,2
176,207,3,2
176,208,3,2
176,209,3,2
176,210,3,2
176,211,3,2
176,212,3,2
176,213,3,2
176,214,3,2
176,215,3,2
176,216,3,2
176,217,3,2
176,218,3,2
176,219,3,2
176,220,3,2
176,221,3,2
176,222,3,2
176,223,3,2
176,224,3,2
176,225,3,2
176,226,3,2
176,227,3,2
176,228,3,2
176,229,3,2
176,230,3,2
176,231,3,2
176,232,3,2
176,233,3,2
176,234,3,2
176,235,3,2
176,236,3,2
176,237,3,2
176,238,3,2
176,239,3,2
176,240,3,2
176,241,3,2
176,242,3,2
176,243,3,2
176,244,3,2
176,245,3,2
176,246,3,2
176,247,3,2
176,248,3,2
176,249,3,2
176,250,3,2
176,251,3,2
176,252,3,2
176,253,3,2
176,254,3,2
176,255,3,2
176,256,3,2
176,257,3,2
176,258,3,2
176,259,3,2
176,260,3,2
176,261,3,2
176,262,3,2
176,263,3,2
176,264,3,2
176,265,3,2
176,266,3,2
176,267,3,2
176,268,3,2
176,269,3,2
176,270,3,2
176,271,3,2
176,272,3,2
176,273,3,2
176,274,3,2
176,275,3,2
176,276,3,2
176,277,3,2
176,278,3,2
176,279,3,2
176,280,3,2
176,281,3,2
176,282,3,2
176,283,3,2
176,284,3,2
176,285,3,2
176,286,3,2
176,287,3,2
176,288,3,2
176,289,3,2
176,290,3,2
176,291,3,2
176,292,3,2
176,293,3,2
176,294,3,2
176,295,3,2
176,296,3,2
176,297,3,2
176,298,3,2
176,299,3,2
176,300,3,2
176,301,3,2
176,302,3,2
176,303,3,2
176,304,3,2
176,305,3,2
176,306,3,2
176,307,3,2
176,308,3,2
176,309,3,2
176,310,3,2
176,311,3,2
176,312,3,2
176,313,3,2
176,314,3,2
176,315,3,2
176,316,3,2
176,317,3,2
176,318,3,2
176,319,3,2
176,320,3,2
176,321,3,2
176,322,3,2
176,323,3,2
176,324,3,2
176,325,3,2
176,326,3,2
176,327,3,2
176,328,3,2
176,329,3,2
176,330,3,2
176,331,3,2
176,332,3,2
176,333,3,2
176,334,3,2
176,335,3,2
176,336,3,2
176,337,3,2
176,338,3,2
176,339,3,2
176,340,3,2
176,341,3,2
176,342,3,2
176,343,3,2
176,344,3,2
176,345,3,2
176,346,3,2
176,347,3,2
176,348,3,2
176,349,3,2
176,350,3,2
176,351,3,2
176,352,3,2
176,353,3,2
176,354,3,2
176,355,3,2
176,356,3,2
176,357,3,2
176,358,3,2
176,359,3,2
176,360,3,2
176,361,3,2
176,362,3,2
176,363,3,2
176,364,3,2
176,365,3,2
176,366,3,2
176,367,3,2
176,368,3,2
176,369,3,2
176,370,3,2
176,371,3,2
176,372,3,2
176,373,3,2
176,374,3,2
176,375,3,2
176,376,3,2
176,377,3,2
176,378,3,2
176,379,3,2
176,380,3,2
176,381,3,2
176,382,3,2
176,383,3,2
176,384,3,2
176,385,3,2
176,386,3,2
176,387,3,2
176,388,3,2
176,389,3,2
176,390,3,2
176,391,3,2
176,392,3,2
176,393,3,2
176,394,3,2
176,395,3,2
176,396,3,2
176,397,3,2
176,398,3,2
176,399,3,2
176,400,3,2
176,401,3,2
176,402,3,2
176,403,3,2
176,404,3,2
176,405,3,2
176,406,3,2
176,407,3,2
176,408,3,2
176,409,3,2
176,410,3,2
176,411,3,2
176,412,3,2
176,413,3,2
176,414,3,2
176,415,3,2
176,416,3,2
176,417,3,2
176,418,3,2
176,419,3,2
176,420,3,2
176,421,3,2
176,422,3,2
176,423,3,2
176,424,3,2
176,425,3,2
176,426,3,2
176,427,3,2
176,428,3,2
176,429,3,2
176,430,3,2
176,431,3,2
176,432,3,2
176,433,3,2
176,434,3,2
176,435,3,2
176,436,3,2
176,437,3,2
176,438,3,2
176,439,3,2
176,440,3,2
176,441,3,2
176,442,3,2
176,443,3,2
176,444,3,2
176,445,3,2
176,446,3,2
176,447,3,2
176,448,3,2
176,449,3,2
176,450,3,2
176,451,3,2
176,452,3,2
176,453,3,2
176,454,3,2
176,455,3,2
176,456,3,2
176,457,3,2
176,458,3,2
176,459,3,2
176,460,3,2
176,461,3,2
176,462,3,2
176,463,3,2
176,464,3,2
176,465,3,2
176,466,3,2
176,467,3,2
176,468,3,2
176,469,3,2
176,470,3,2
176,471,3,2
176,472,3,2
176,473,3,2
176,474,3,2
176,475,3,2
176,476,3,2
176,477,3,2
176,478,3,2
176,479,3,2
176,480,3,2
176,481,3,2
176,482,3,2
176,483,3,2
176,484,3,2
176,485,3,2
176,486,3,2
176,487,3,2
176,488,3,2
176,489,3,2
176,490,3,2
176,491,3,2
176,492,3,2
176,493,3,2
176,494,3,2
176,495,3,2
176,496,3,2
176,497,3,2
176,498,3,2
176,499,3,2
176,500,3,2
176,501,3,2
176,502,3,2
176,503,3,2
176,504,3,2
176,505,3,2
176,506,3,2
176,507,3,2
176,508,3,2
176,509,3,2
176,510,3,2
176,511,3,2
176,512,3,2
176,513,3,2
176,514,3,2
176,515,3,2
176,516,3,2
176,517,3,2
176,518,3,2
176,519,3,2
176,520,3,2
176,521,3,2
176,522,3,2
176,523,3,2
176,524,3,2
176,525,3,2
176,526,3,2
176,527,3,2
176,528,3,2
176,529,3,2
176,530,3,2
176,531,3,2
176,532,3,2
176,533,3,2
176,534,3,2
176,535,3,2
176,536,3,2
176,537,3,2
176,538,3,2
176,539,3,2
176,540,3,2
176,541,3,2
176,542,3,2
176,543,3,2
176,544,3,2
176,545,3,2
176,546,3,2
176,547,3,2
176,548,3,2
176,549,3,2
176,550,3,2
176,551,3,2
176,552,3,2
176,553,3,2
176,554,3,2
176,555,3,2
176,556,3,2
176,557,3,2
176,558,3,2
176,559,3,2
176,560,3,2
176,561,3,2
176,562,3,2
176,563,3,2
176,564,3,2
176,565,3,2
176,566,3,2
176,567,3,2
176,568,3,2
176,569,3,2
176,570,3,2
176,571,3,2
176,572,3,2
176,573,3,2
176,574,3,2
176,575,3,2
176,576,3,2
176,577,3,2
176,578,3,2
176,579,3,2
176,580,3,2
176,581,3,2
176,582,3,2
176,583,3,2
176,584,3,2
176,585,3,2
176,586,3,2
176,587,3,2
176,588,3,2
176,589,3,2
176,590,3,2
176,591,3,2
176,592,3,2
176,593,3,2
176,594,3,2
176,595,3,2
176,596,3,2
176,597,3,2
176,598,3,2
176,599,3,2
176,600,3,2
176,601,3,2
176,602,3,2
176,603,3,2
176,604,3,3
176,605,3,3
176,606,3,3
176,607,3,3
176,608,3,3
176,609,3,3
176,610,3,3
176,611,3,3
176,612,3,3
176,613,3,3
176,614,3,3
176,615,3,3
176,616,3,3
176,617,3,3
176,618,3,3
176,619,3,3
176,620,3,3
176,621,3,3
176,622,3,3
176,623,3,3
176,624,3,3
176,625,3,3
176,626,3,3
176,627,3,3
176,628,3,3
176,629,3,3
176,630,3,3
176,631,3,3
176,632,3,3
176,633,3,3
176,634,3,3
176,635,3,3
176,636,3,3
176,637,3,3
176,638,3,3
176,639,3,3
176,640,3,3
176,641,3,3
176,642,3,3
176,643,3,3
176,644,3,3
176,645,3,3
176,646,3,3
176,647,3,3
176,648,3,3
176,649,3,3
176,650,3,3
176,651,3,3
176,652,3,3
176,653,3,3
176,654,3,3
176,655,3,3
176,656,3,3
176,657,3,2
176,658,3,2
176,659,3,2
176,660,3,2
176,661,3,2
176,662,3,2
176,663,3,2
176,664,3,2
176,665,3,2
176,666,3,2
176,667,3,2
176,668,3,2
176,669,3,2
176,670,3,2
176,671,3,2
176,672,3,2
176,673,3,2
176,674,3,2
176,675,3,2
176,676,3,2
176,677,3,2
176,678,3,2
176,679,3,2
176,680,3,2
176,681,3,2
176,682,3,2
176,683,3,2
176,684,3,2
176,685,3,2
176,686,3,2
176,687,3,2
176,688,3,2
176,689,3,2
176,690,3,2
176,691,3,2
176,692,3,2
176,693,3,2
176,694,3,2
176,695,3,2
176,696,3,2
176,697,3,2
176,698,3,2
176,699,3,2
176,700,3,2
176,701,3,2
176,702,3,2
176,703,3,2
176,704,3,2
176,705,3,2
176,706,3,2
176,707,3,2
176,708,3,2
176,709,3,2
176,710,3,2
176,711,3,2
176,712,3,2
176,713,3,2
176,714,3,2
176,715,3,2
176,716,3,2
176,717,3,2
176,718,3,2
176,719,3,2
176,720,3,2
176,721,3,2
176,722,3,2
176,723,3,2
176,724,3,2
176,725,3,2
176,726,3,2
176,727,3,2
176,728,3,2
176,729,3,2
176,730,3,2
176,731,3,2
176,732,3,2
176,733,3,2
176,734,3,2
176,735,3,2
176,736,3,2
176,737,3,2
176,738,3,2
176,739,3,2
176,740,3,2
176,741,3,2
176,742,3,2
176,743,3,2
176,744,3,2
176,745,3,2
176,746,3,2
176,747,3,2
176,748,3,2
176,749,3,2
176,750,3,2
176,751,3,2
176,752,3,2
176,753,3,2
176,754,3,2
176,755,3,2
176,756,3,2
176,757,3,2
176,758,3,2
176,759,3,2
176,760,3,2
176,761,3,2
176,762,3,2
176,763,3,2
176,764,3,2
176,765,3,2
176,766,3,2
176,767,3,2
176,768,3,2
176,769,3,2
176,770,3,2
176,771,3,2
176,772,3,2
176,773,3,2
176,774,3,2
176,775,3,2
176,776,3,2
176,777,3,2
176,778,3,2
176,779,3,2
176,780,3,2
176,781,3,2
176,782,3,2
176,785,3,2
176,786,3,2
176,787,3,2
176,788,3,2
176,789,3,2
176,790,3,2
177,158,3,2
177,159,3,2
177,160,3,2
177,161,3,2
177,162,3,2
177,163,3,2
177,164,3,2
177,165,3,2
177,166,3,2
177,167,3,2
177,168,3,2
177,169,3,2
177,170,3,2
177,171,3,2
177,172,3,2
177,173,3,2
177,174,3,2
177,175,3,2
177,176,3,2
177,177,3,2
177,178,3,2
177,179,3,2
177,180,3,2
177,181,3,2
177,182,3,2
177,183,3,2
177,184,3,2
177,185,3,2
177,186,3,2
177,187,3,2
177,188,3,2
177,189,3,2
177,190,3,2
177,191,3,2
177,192,3,2
177,193,3,2
177,194,3,2
177,195,3,2
177,196,3,2
177,197,3,2
177,198,3,2
177,199,3,2
177,200,3,2
177,201,3,2
177,202,3,2
177,203,3,2
177,204,3,2
177,205,3,2
177,206,3,2
177,207,3,2
177,208,3,2
177,209,3,2
177,210,3,2
177,211,3,2
177,212,3,2
177,213,3,2
177,214,3,2
177,215,3,2
177,216,3,2
177,217,3,2
177,218,3,2
177,219,3,2
177,220,3,2
177,221,3,2
177,222,3,2
177,223,3,2
177,224,3,2
177,225,3,2
177,226,3,2
177,227,3,2
177,228,3,2
177,229,3,2
177,230,3,2
177,231,3,2
177,232,3,2
177,233,3,2
177,234,3,2
177,235,3,2
177,236,3,2
177,237,3,2
177,238,3,2
177,239,3,2
177,240,3,2
177,241,3,2
177,242,3,2
177,243,3,2
177,244,3,2
177,245,3,2
177,246,3,2
177,247,3,2
177,248,3,2
177,249,3,2
177,250,3,2
177,251,3,2
177,252,3,2
177,253,3,2
177,254,3,2
177,255,3,2
177,256,3,2
177,257,3,2
177,258,3,2
177,259,3,2
177,260,3,2
177,261,3,2
177,262,3,2
177,263,3,2
177,264,3,2
177,265,3,2
177,266,3,2
177,267,3,2
177,268,3,2
177,269,3,2
177,270,3,2
177,271,3,2
177,272,3,2
177,273,3,2
177,274,3,2
177,275,3,2
177,276,3,2
177,277,3,2
177,278,3,2
177,279,3,2
177,280,3,2
177,281,3,2
177,282,3,2
177,283,3,2
177,284,3,2
177,285,3,2
177,286,3,2
177,287,3,2
177,288,3,2
177,289,3,2
177,290,3,2
177,291,3,2
177,292,3,2
177,293,3,2
177,294,3,2
177,295,3,2
177,296,3,2
177,297,3,2
177,298,3,2
177,299,3,2
177,300,3,2
177,301,3,2
177,302,3,2
177,303,3,2
177,304,3,2
177,305,3,2
177,306,3,2
177,307,3,2
177,308,3,2
177,309,3,2
177,310,3,2
177,311,3,2
177,312,3,2
177,313,3,2
177,314,3,2
177,315,3,2
177,316,3,2
177,317,3,2
177,318,3,2
177,319,3,2
177,320,3,2
177,321,3,2
177,322,3,2
177,323,3,2
177,324,3,2
177,325,3,2
177,326,3,2
177,327,3,2
177,328,3,2
177,329,3,2
177,330,3,2
177,331,3,2
177,332,3,2
177,333,3,2
177,334,3,2
177,335,3,2
177,336,3,2
177,337,3,2
177,338,3,2
177,339,3,2
177,340,3,2
177,341,3,2
177,342,3,2
177,343,3,2
177,344,3,2
177,345,3,2
177,346,3,2
177,347,3,2
177,348,3,2
177,349,3,2
177,350,3,2
177,351,3,2
177,352,3,2
177,353,3,2
177,354,3,2
177,355,3,2
177,356,3,2
177,357,3,2
177,358,3,2
177,359,3,2
177,360,3,2
177,361,3,2
177,362,3,2
177,363,3,2
177,364,3,2
177,365,3,2
177,366,3,2
177,367,3,2
177,368,3,2
177,369,3,2
177,370,3,2
177,371,3,2
177,372,3,2
177,373,3,2
177,374,3,2
177,375,3,2
177,376,3,2
177,377,3,2
177,378,3,2
177,379,3,2
177,380,3,2
177,381,3,2
177,382,3,2
177,383,3,2
177,384,3,2
177,385,3,2
177,386,3,2
177,387,3,2
177,388,3,2
177,389,3,2
177,390,3,2
177,391,3,2
177,392,3,2
177,393,3,2
177,394,3,2
177,395,3,2
177,396,3,2
177,397,3,2
177,398,3,2
177,399,3,2
177,400,3,2
177,401,3,2
177,402,3,2
177,403,3,2
177,404,3,2
177,405,3,2
177,406,3,2
177,407,3,2
177,408,3,2
177,409,3,2
177,410,3,2
177,411,3,2
177,412,3,2
177,413,3,2
177,414,3,2
177,415,3,2
177,416,3,2
177,417,3,2
177,418,3,2
177,419,3,2
177,420,3,2
177,421,3,2
177,422,3,2
177,423,3,2
177,424,3,2
177,425,3,2
177,426,3,2
177,427,3,2
177,428,3,2
177,429,3,2
177,430,3,2
177,431,3,2
177,432,3,2
177,433,3,2
177,434,3,2
177,435,3,2
177,436,3,2
177,437,3,2
177,438,3,2
177,439,3,2
177,440,3,2
177,441,3,2
177,442,3,2
177,443,3,2
177,444,3,2
177,445,3,2
177,446,3,2
177,447,3,2
177,448,3,2
177,449,3,2
177,450,3,2
177,451,3,2
177,452,3,2
177,453,3,2
177,454,3,2
177,455,3,2
177,456,3,2
177,457,3,2
177,458,3,2
177,459,3,2
177,460,3,2
177,461,3,2
177,462,3,2
177,463,3,2
177,464,3,2
177,465,3,2
177,466,3,2
177,467,3,2
177,468,3,2
177,469,3,2
177,470,3,2
177,471,3,2
177,472,3,2
177,473,3,2
177,474,3,2
177,475,3,2
177,476,3,2
177,477,3,2
177,478,3,2
177,479,3,2
177,480,3,2
177,481,3,2
177,482,3,2
177,483,3,2
177,484,3,2
177,485,3,2
177,486,3,2
177,487,3,2
177,488,3,2
177,489,3,2
177,490,3,2
177,491,3,2
177,492,3,2
177,493,3,2
177,494,3,2
177,495,3,2
177,496,3,2
177,497,3,2
177,498,3,2
177,499,3,2
177,500,3,2
177,501,3,2
177,502,3,2
177,503,3,2
177,504,3,2
177,505,3,2
177,506,3,2
177,507,3,2
177,508,3,2
177,509,3,2
177,510,3,2
177,511,3,2
177,512,3,2
177,513,3,2
177,514,3,2
177,515,3,2
177,516,3,2
177,517,3,2
177,518,3,2
177,519,3,2
177,520,3,2
177,521,3,2
177,522,3,2
177,523,3,2
177,524,3,2
177,525,3,2
177,526,3,2
177,527,3,2
177,528,3,2
177,529,3,2
177,530,3,2
177,531,3,2
177,532,3,2
177,533,3,2
177,534,3,2
177,535,3,2
177,536,3,2
177,537,3,2
177,538,3,2
177,539,3,2
177,540,3,2
177,541,3,2
177,542,3,2
177,543,3,2
177,544,3,2
177,545,3,2
177,546,3,2
177,547,3,2
177,548,3,2
177,549,3,2
177,550,3,2
177,551,3,2
177,552,3,2
177,553,3,2
177,554,3,2
177,555,3,2
177,556,3,2
177,557,3,2
177,558,3,2
177,559,3,2
177,560,3,2
177,561,3,2
177,562,3,2
177,563,3,2
177,564,3,2
177,565,3,2
177,566,3,2
177,567,3,2
177,568,3,2
177,569,3,2
177,570,3,2
177,571,3,2
177,572,3,2
177,573,3,2
177,574,3,2
177,575,3,2
177,576,3,2
177,577,3,2
177,578,3,2
177,579,3,2
177,580,3,2
177,581,3,2
177,582,3,2
177,583,3,2
177,584,3,2
177,585,3,3
177,586,3,3
177,587,3,3
177,588,3,3
177,589,3,3
177,590,3,3
177,591,3,2
177,592,3,2
177,593,3,2
177,594,3,2
177,595,3,2
177,596,3,2
177,597,3,2
177,598,3,2
177,599,3,2
177,600,3,2
177,601,3,2
177,602,3,2
177,603,3,2
177,604,3,2
177,605,3,3
177,606,3,3
177,607,3,3
177,608,3,3
177,609,3,3
177,610,3,3
177,611,3,3
177,612,3,3
177,613,3,3
177,614,3,3
177,615,3,3
177,616,3,3
177,617,3,3
177,618,3,3
177,619,3,3
177,620,3,3
177,621,3,3
177,622,3,3
177,623,3,3
177,624,3,3
177,625,3,3
177,626,3,3
177,627,3,3
177,628,3,3
177,629,3,3
177,630,3,3
177,631,3,3
177,632,3,3
177,633,3,3
177,634,3,3
177,635,3,3
177,636,3,3
177,637,3,3
177,638,3,3
177,639,3,3
177,640,3,3
177,641,3,3
177,642,3,3
177,643,3,3
177,644,3,3
177,645,3,3
177,646,3,3
177,647,3,3
177,648,3,3
177,649,3,3
177,650,3,3
177,651,3,3
177,652,3,3
177,653,3,3
177,654,3,3
177,655,3,3
177,656,3,3
177,657,3,3
177,658,3,2
177,659,3,2
177,660,3,2
177,661,3,2
177,662,3,2
177,663,3,2
177,664,3,2
177,665,3,2
177,666,3,2
177,667,3,2
177,668,3,2
177,669,3,2
177,670,3,2
177,671,3,2
177,672,3,2
177,673,3,2
177,674,3,2
177,675,3,2
177,676,3,2
177,677,3,2
177,678,3,2
177,679,3,2
177,680,3,2
177,681,3,2
177,682,3,2
177,683,3,2
177,684,3,2
177,685,3,2
177,686,3,2
177,687,3,2
177,688,3,2
177,689,3,2
177,690,3,2
177,691,3,2
177,692,3,2
177,693,3,2
177,694,3,2
177,695,3,2
177,696,3,2
177,697,3,2
177,698,3,2
177,699,3,2
177,700,3,2
177,701,3,2
177,702,3,2
177,703,3,2
177,704,3,2
177,705,3,2
177,706,3,2
177,707,3,2
177,708,3,2
177,709,3,2
177,710,3,2
177,711,3,2
177,712,3,2
177,713,3,2
177,714,3,2
177,715,3,2
177,716,3,2
177,717,3,2
177,718,3,2
177,719,3,2
177,720,3,2
177,721,3,2
177,722,3,2
177,723,3,2
177,724,3,2
177,725,3,2
177,726,3,2
177,727,3,2
177,728,3,2
177,729,3,2
177,730,3,2
177,731,3,2
177,732,3,2
177,733,3,2
177,734,3,2
177,735,3,2
177,736,3,2
177,737,3,2
177,738,3,2
177,739,3,2
177,740,3,2
177,741,3,2
177,742,3,2
177,743,3,2
177,744,3,2
177,745,3,2
177,746,3,2
177,747,3,2
177,748,3,2
177,749,3,2
177,750,3,2
177,751,3,2
177,752,3,2
177,753,3,2
177,754,3,2
177,755,3,2
177,756,3,2
177,757,3,2
177,758,3,2
177,759,3,2
177,760,3,2
177,761,3,2
177,762,3,2
177,763,3,2
177,764,3,2
177,765,3,2
177,766,3,2
177,767,3,2
177,768,3,2
177,769,3,2
177,770,3,2
177,771,3,2
177,772,3,2
177,773,3,2
177,774,3,2
177,775,3,2
177,776,3,2
177,777,3,2
177,778,3,2
177,779,3,2
177,780,3,2
177,781,3,2
177,782,3,2
177,787,3,2
177,788,3,2
177,789,3,2
177,790,3,2
178,158,3,2
178,159,3,2
178,160,3,2
178,161,3,2
178,162,3,2
178,163,3,2
178,164,3,2
178,165,3,2
178,166,3,2
178,167,3,2
178,168,3,2
178,169,3,2
178,170,3,2
178,171,3,2
178,172,3,2
178,173,3,2
178,174,3,2
178,175,3,2
178,176,3,2
178,177,3,2
178,178,3,2
178,179,3,2
178,180,3,2
178,181,3,2
178,182,3,2
178,183,3,2
178,184,3,2
178,185,3,2
178,186,3,2
178,187,3,2
178,188,3,2
178,189,3,2
178,190,3,2
178,191,3,2
178,192,3,2
178,193,3,2
178,194,3,2
178,195,3,2
178,196,3,2
178,197,3,2
178,198,3,2
178,199,3,2
178,200,3,2
178,201,3,2
178,202,3,2
178,203,3,2
178,204,3,2
178,205,3,2
178,206,3,2
178,207,3,2
178,208,3,2
178,209,3,2
178,210,3,2
178,211,3,2
178,212,3,2
178,213,3,2
178,214,3,2
178,215,3,2
178,216,3,2
178,217,3,2
178,218,3,2
178,219,3,2
178,220,3,2
178,221,3,2
178,222,3,2
178,223,3,2
178,224,3,2
178,225,3,2
178,226,3,2
178,227,3,2
178,228,3,2
178,229,3,2
178,230,3,2
178,231,3,2
178,232,3,2
178,233,3,2
178,234,3,2
178,235,3,2
178,236,3,2
178,237,3,2
178,238,3,2
178,239,3,2
178,240,3,2
178,241,3,2
178,242,3,2
178,243,3,2
178,244,3,2
178,245,3,2
178,246,3,2
178,247,3,2
178,248,3,2
178,249,3,2
178,250,3,2
178,251,3,2
178,252,3,2
178,253,3,2
178,254,3,2
178,255,3,2
178,256,3,2
178,257,3,2
178,258,3,2
178,259,3,2
178,260,3,2
178,261,3,2
178,262,3,2
178,263,3,2
178,264,3,2
178,265,3,2
178,266,3,2
178,267,3,2
178,268,3,2
178,269,3,2
178,270,3,2
178,271,3,2
178,272,3,2
178,273,3,2
178,274,3,2
178,275,3,2
178,276,3,2
178,277,3,2
178,278,3,2
178,279,3,2
178,280,3,2
178,281,3,2
178,282,3,2
178,283,3,2
178,284,3,2
178,285,3,2
178,286,3,2
178,287,3,2
178,288,3,2
178,289,3,2
178,290,3,2
178,291,3,2
178,292,3,2
178,293,3,2
178,294,3,2
178,295,3,2
178,296,3,2
178,297,3,2
178,298,3,2
178,299,3,2
178,300,3,2
178,301,3,2
178,302,3,2
178,303,3,2
178,304,3,2
178,305,3,2
178,306,3,2
178,307,3,2
178,308,3,2
178,309,3,2
178,310,3,2
178,311,3,2
178,312,3,2
178,313,3,2
178,314,3,2
178,315,3,2
178,316,3,2
178,317,3,2
178,318,3,2
178,319,3,2
178,320,3,2
178,321,3,2
178,322,3,2
178,323,3,2
178,324,3,2
178,325,3,2
178,326,3,2
178,327,3,2
178,328,3,2
178,329,3,2
178,330,3,2
178,331,3,2
178,332,3,2
178,333,3,2
178,334,3,2
178,335,3,2
178,336,3,2
178,337,3,2
178,338,3,2
178,339,3,2
178,340,3,2
178,341,3,2
178,342,3,2
178,343,3,2
178,344,3,2
178,345,3,2
178,346,3,2
178,347,3,2
178,348,3,2
178,349,3,2
178,350,3,2
178,351,3,2
178,352,3,2
178,353,3,2
178,354,3,2
178,355,3,2
178,356,3,2
178,357,3,2
178,358,3,2
178,359,3,2
178,360,3,2
178,361,3,2
178,362,3,2
178,363,3,2
178,364,3,2
178,365,3,2
178,366,3,2
178,367,3,2
178,368,3,2
178,369,3,2
178,370,3,2
178,371,3,2
178,372,3,2
178,373,3,2
178,374,3,2
178,375,3,2
178,376,3,2
178,377,3,2
178,378,3,2
178,379,3,2
178,380,3,2
178,381,3,2
178,382,3,2
178,383,3,2
178,384,3,2
178,385,3,2
178,386,3,2
178,387,3,2
178,388,3,2
178,389,3,2
178,390,3,2
178,391,3,2
178,392,3,2
178,393,3,2
178,394,3,2
178,395,3,2
178,396,3,2
178,397,3,2
178,398,3,2
178,399,3,2
178,400,3,2
178,401,3,2
178,402,3,2
178,403,3,2
178,404,3,2
178,405,3,2
178,406,3,2
178,407,3,2
178,408,3,2
178,409,3,2
178,410,3,2
178,411,3,2
178,412,3,2
178,413,3,2
178,414,3,2
178,415,3,2
178,416,3,2
178,417,3,2
178,418,3,2
178,419,3,2
178,420,3,2
178,421,3,2
178,422,3,2
178,423,3,2
178,424,3,2
178,425,3,2
178,426,3,2
178,427,3,2
178,428,3,2
178,429,3,2
178,430,3,2
178,431,3,2
178,432,3,2
178,433,3,2
178,434,3,2
178,435,3,2
178,436,3,2
178,437,3,2
178,438,3,2
178,439,3,2
178,440,3,2
178,441,3,2
178,442,3,2
178,443,3,2
178,444,3,2
178,445,3,2
178,446,3,2
178,447,3,2
178,448,3,2
178,449,3,2
178,450,3,2
178,451,3,2
178,452,3,2
178,453,3,2
178,454,3,2
178,455,3,2
178,456,3,2
178,457,3,2
178,458,3,2
178,459,3,2
178,460,3,2
178,461,3,2
178,462,3,2
178,463,3,2
178,464,3,2
178,465,3,2
178,466,3,2
178,467,3,2
178,468,3,2
178,469,3,2
178,470,3,2
178,471,3,2
178,472,3,2
178,473,3,2
178,474,3,2
178,475,3,2
178,476,3,2
178,477,3,2
178,478,3,2
178,479,3,2
178,480,3,2
178,481,3,2
178,482,3,2
178,483,3,2
178,484,3,2
178,485,3,2
178,486,3,2
178,487,3,2
178,488,3,2
178,489,3,2
178,490,3,2
178,491,3,2
178,492,3,2
178,493,3,2
178,494,3,2
178,495,3,2
178,496,3,2
178,497,3,2
178,498,3,2
178,499,3,2
178,500,3,2
178,501,3,2
178,502,3,2
178,503,3,2
178,504,3,2
178,505,3,2
178,506,3,2
178,507,3,2
178,508,3,2
178,509,3,2
178,510,3,2
178,511,3,2
178,512,3,2
178,513,3,2
178,514,3,2
178,515,3,2
178,516,3,2
178,517,3,2
178,518,3,2
178,519,3,2
178,520,3,2
178,521,3,2
178,522,3,2
178,523,3,2
178,524,3,2
178,525,3,2
178,526,3,2
178,527,3,2
178,528,3,2
178,529,3,2
178,530,3,2
178,531,3,2
178,532,3,2
178,533,3,2
178,534,3,2
178,535,3,2
178,536,3,2
178,537,3,2
178,538,3,2
178,539,3,3
178,540,3,3
178,541,3,3
178,542,3,3
178,543,3,3
178,544,3,3
178,545,3,2
178,546,3,2
178,547,3,2
178,548,3,2
178,549,3,2
178,550,3,2
178,551,3,2
178,552,3,2
178,553,3,2
178,554,3,2
178,555,3,2
178,556,3,2
178,557,3,2
178,558,3,2
178,559,3,2
178,560,3,2
178,561,3,2
178,562,3,2
178,563,3,2
178,564,3,2
178,565,3,2
178,566,3,2
178,567,3,2
178,568,3,2
178,569,3,2
178,570,3,2
178,571,3,2
178,572,3,2
178,573,3,2
178,574,3,2
178,575,3,2
178,576,3,2
178,577,3,2
178,578,3,2
178,579,3,2
178,580,3,2
178,581,3,2
178,582,3,2
178,583,3,3
178,584,3,3
178,585,3,3
178,586,3,3
178,587,3,3
178,588,3,3
178,589,3,3
178,590,3,3
178,591,3,3
178,592,3,3
178,593,3,3
178,594,3,2
178,595,3,2
178,596,3,2
178,597,3,2
178,598,3,2
178,599,3,2
178,600,3,2
178,601,3,2
178,602,3,2
178,603,3,2
178,604,3,2
178,605,3,3
178,606,3,3
178,607,3,3
178,608,3,3
178,609,3,3
178,610,3,3
178,611,3,3
178,612,3,3
178,613,3,3
178,614,3,3
178,615,3,3
178,616,3,3
178,617,3,3
178,618,3,3
178,619,3,3
178,620,3,3
178,621,3,3
178,622,3,3
178,623,3,3
178,624,3,3
178,625,3,3
178,626,3,3
178,627,3,3
178,628,3,3
178,629,3,3
178,630,3,3
178,631,3,3
178,632,3,3
178,633,3,3
178,634,3,3
178,635,3,3
178,636,3,3
178,637,3,3
178,638,3,3
178,639,3,3
178,640,3,3
178,641,3,3
178,642,3,3
178,643,3,3
178,644,3,3
178,645,3,3
178,646,3,3
178,647,3,3
178,648,3,3
178,649,3,3
178,650,3,3
178,651,3,3
178,652,3,3
178,653,3,3
178,654,3,3
178,655,3,3
178,656,3,3
178,657,3,3
178,658,3,3
178,659,3,2
178,660,3,2
178,661,3,2
178,662,3,2
178,663,3,2
178,664,3,2
178,665,3,2
178,666,3,2
178,667,3,2
178,668,3,2
178,669,3,2
178,670,3,2
178,671,3,2
178,672,3,2
178,673,3,2
178,674,3,2
178,675,3,2
178,676,3,2
178,677,3,2
178,678,3,2
178,679,3,2
178,680,3,2
178,681,3,2
178,682,3,2
178,683,3,2
178,684,3,2
178,685,3,2
178,686,3,2
178,687,3,2
178,688,3,2
178,689,3,2
178,690,3,2
178,691,3,2
178,692,3,2
178,693,3,2
178,694,3,2
178,695,3,2
178,696,3,2
178,697,3,2
178,698,3,2
178,699,3,2
178,700,3,2
178,701,3,2
178,702,3,2
178,703,3,2
178,704,3,2
178,705,3,2
178,706,3,2
178,707,3,2
178,708,3,2
178,709,3,2
178,710,3,2
178,711,3,2
178,712,3,2
178,713,3,2
178,714,3,2
178,715,3,2
178,716,3,2
178,717,3,2
178,718,3,2
178,719,3,2
178,720,3,2
178,721,3,2
178,722,3,2
178,723,3,2
178,724,3,2
178,725,3,2
178,726,3,2
178,727,3,2
178,728,3,2
178,729,3,2
178,730,3,2
178,731,3,2
178,732,3,2
178,733,3,2
178,734,3,2
178,735,3,2
178,736,3,2
178,737,3,2
178,738,3,2
178,739,3,2
178,740,3,2
178,741,3,2
178,742,3,2
178,743,3,2
178,744,3,2
178,745,3,2
178,746,3,2
178,747,3,2
178,748,3,2
178,749,3,2
178,750,3,2
178,751,3,2
178,752,3,2
178,753,3,2
178,754,3,2
178,755,3,2
178,756,3,2
178,757,3,2
178,758,3,2
178,759,3,2
178,760,3,2
178,761,3,2
178,762,3,2
178,763,3,2
178,764,3,2
178,765,3,2
178,766,3,2
178,767,3,2
178,768,3,2
178,769,3,2
178,770,3,2
178,771,3,2
178,772,3,2
178,773,3,2
178,774,3,2
178,775,3,2
178,776,3,2
178,777,3,2
178,778,3,2
178,779,3,2
178,780,3,2
178,781,3,2
178,782,3,2
178,785,3,2
178,786,3,2
178,787,3,2
178,788,3,2
178,789,3,2
178,790,3,2
179,157,3,2
179,158,3,2
179,159,3,2
179,160,3,2
179,161,3,2
179,162,3,2
179,163,3,2
179,164,3,2
179,165,3,2
179,166,3,2
179,167,3,2
179,168,3,2
179,169,3,2
179,170,3,2
179,171,3,2
179,172,3,2
179,173,3,2
179,174,3,2
179,175,3,2
179,176,3,2
179,177,3,2
179,178,3,2
179,179,3,2
179,180,3,2
179,181,3,2
179,182,3,2
179,183,3,2
179,184,3,2
179,185,3,2
179,186,3,2
179,187,3,2
179,188,3,2
179,189,3,2
179,190,3,2
179,191,3,2
179,192,3,2
179,193,3,2
179,194,3,2
179,195,3,2
179,196,3,2
179,197,3,2
179,198,3,2
179,199,3,2
179,200,3,2
179,201,3,2
179,202,3,2
179,203,3,2
179,204,3,2
179,205,3,2
179,206,3,2
179,207,3,2
179,208,3,2
179,209,3,2
179,210,3,2
179,211,3,2
179,212,3,2
179,213,3,2
179,214,3,2
179,215,3,2
179,216,3,2
179,217,3,2
179,218,3,2
179,219,3,2
179,220,3,2
179,221,3,2
179,222,3,2
179,223,3,2
179,224,3,2
179,225,3,2
179,226,3,2
179,227,3,2
179,228,3,2
179,229,3,2
179,230,3,2
179,231,3,2
179,232,3,2
179,233,3,2
179,234,3,2
179,235,3,2
179,236,3,2
179,237,3,2
179,238,3,2
179,239,3,2
179,240,3,2
179,241,3,2
179,242,3,2
179,243,3,2
179,244,3,2
179,245,3,2
179,246,3,2
179,247,3,2
179,248,3,2
179,249,3,2
179,250,3,2
179,251,3,2
179,252,3,2
179,253,3,2
179,254,3,2
179,255,3,2
179,256,3,2
179,257,3,2
179,258,3,2
179,259,3,2
179,260,3,2
179,261,3,2
179,262,3,2
179,263,3,2
179,264,3,2
179,265,3,2
179,266,3,2
179,267,3,2
179,268,3,2
179,269,3,2
179,270,3,2
179,271,3,2
179,272,3,2
179,273,3,2
179,274,3,2
179,275,3,2
179,276,3,2
179,277,3,2
179,278,3,2
179,279,3,2
179,280,3,2
179,281,3,2
179,282,3,2
179,283,3,2
179,284,3,2
179,285,3,2
179,286,3,2
179,287,3,2
179,288,3,2
179,289,3,2
179,290,3,2
179,291,3,2
179,292,3,2
179,293,3,2
179,294,3,2
179,295,3,2
179,296,3,2
179,297,3,2
179,298,3,2
179,299,3,2
179,300,3,2
179,301,3,2
179,302,3,2
179,303,3,2
179,304,3,2
179,305,3,2
179,306,3,2
179,307,3,2
179,308,3,2
179,309,3,2
179,310,3,2
179,311,3,2
179,312,3,2
179,313,3,2
179,314,3,2
179,315,3,2
179,316,3,2
179,317,3,2
179,318,3,2
179,319,3,2
179,320,3,2
179,321,3,2
179,322,3,2
179,323,3,2
179,324,3,2
179,325,3,2
179,326,3,2
179,327,3,2
179,328,3,2
179,329,3,2
179,330,3,2
179,331,3,2
179,332,3,2
179,333,3,2
179,334,3,2
179,335,3,2
179,336,3,2
179,337,3,2
179,338,3,2
179,339,3,2
179,340,3,2
179,341,3,2
179,342,3,2
179,343,3,2
179,344,3,2
179,345,3,2
179,346,3,2
179,347,3,2
179,348,3,2
179,349,3,2
179,350,3,2
179,351,3,2
179,352,3,2
179,353,3,2
179,354,3,2
179,355,3,2
179,356,3,2
179,357,3,2
179,358,3,2
179,359,3,2
179,360,3,2
179,361,3,2
179,362,3,2
179,363,3,2
179,364,3,2
179,365,3,2
179,366,3,2
179,367,3,2
179,368,3,2
179,369,3,2
179,370,3,2
179,371,3,2
179,372,3,2
179,373,3,2
179,374,3,2
179,375,3,2
179,376,3,2
179,377,3,2
179,378,3,2
179,379,3,2
179,380,3,2
179,381,3,2
179,382,3,2
179,383,3,2
179,384,3,2
179,385,3,2
179,386,3,2
179,387,3,2
179,388,3,2
179,389,3,2
179,390,3,2
179,391,3,2
179,392,3,2
179,393,3,2
179,394,3,2
179,395,3,2
179,396,3,2
179,397,3,2
179,398,3,2
179,399,3,2
179,400,3,2
179,401,3,2
179,402,3,2
179,403,3,2
179,404,3,2
179,405,3,2
179,406,3,2
179,407,3,2
179,408,3,2
179,409,3,2
179,410,3,2
179,411,3,2
179,412,3,2
179,413,3,2
179,414,3,2
179,415,3,2
179,416,3,2
179,417,3,2
179,418,3,2
179,419,3,2
179,420,3,2
179,421,3,2
179,422,3,2
179,423,3,2
179,424,3,2
179,425,3,2
179,426,3,2
179,427,3,2
179,428,3,2
179,429,3,2
179,430,3,2
179,431,3,2
179,432,3,2
179,433,3,2
179,434,3,2
179,435,3,2
179,436,3,2
179,437,3,2
179,438,3,2
179,439,3,2
179,440,3,2
179,441,3,2
179,442,3,2
179,443,3,2
179,444,3,2
179,445,3,2
179,446,3,2
179,447,3,2
179,448,3,2
179,449,3,2
179,450,3,2
179,451,3,2
179,452,3,2
179,453,3,2
179,454,3,2
179,455,3,2
179,456,3,2
179,457,3,2
179,458,3,2
179,459,3,2
179,460,3,2
179,461,3,2
179,462,3,2
179,463,3,2
179,464,3,2
179,465,3,2
179,466,3,2
179,467,3,2
179,468,3,2
179,469,3,2
179,470,3,2
179,471,3,2
179,472,3,2
179,473,3,2
179,474,3,2
179,475,3,2
179,476,3,2
179,477,3,2
179,478,3,2
179,479,3,2
179,480,3,2
179,481,3,2
179,482,3,2
179,483,3,2
179,484,3,2
179,485,3,2
179,486,3,2
179,487,3,2
179,488,3,2
179,489,3,2
179,490,3,2
179,491,3,2
179,492,3,2
179,493,3,2
179,494,3,2
179,495,3,2
179,496,3,2
179,497,3,2
179,498,3,2
179,499,3,2
179,500,3,2
179,501,3,2
179,502,3,2
179,503,3,2
179,504,3,2
179,505,3,2
179,506,3,2
179,507,3,2
179,508,3,2
179,509,3,2
179,510,3,2
179,511,3,2
179,512,3,2
179,513,3,2
179,514,3,2
179,515,3,2
179,516,3,2
179,517,3,2
179,518,3,2
179,519,3,2
179,520,3,2
179,521,3,2
179,522,3,2
179,523,3,2
179,524,3,2
179,525,3,2
179,526,3,2
179,527,3,2
179,528,3,2
179,529,3,2
179,530,3,2
179,531,3,2
179,532,3,2
179,533,3,2
179,534,3,2
179,535,3,3
179,536,3,3
179,537,3,3
179,538,3,3
179,539,3,3
179,540,3,3
179,541,3,3
179,542,3,3
179,543,3,3
179,544,3,3
179,545,3,3
179,546,3,3
179,547,3,3
179,548,3,3
179,549,3,2
179,550,3,2
179,551,3,2
179,552,3,2
179,553,3,2
179,554,3,2
179,555,3,2
179,556,3,2
179,557,3,2
179,558,3,2
179,559,3,2
179,560,3,2
179,561,3,2
179,562,3,2
179,563,3,2
179,564,3,2
179,565,3,2
179,566,3,2
179,567,3,2
179,568,3,2
179,569,3,2
179,570,3,2
179,571,3,2
179,572,3,2
179,573,3,2
179,574,3,2
179,575,3,2
179,576,3,2
179,577,3,2
179,578,3,2
179,579,3,2
179,580,3,2
179,581,3,3
179,582,3,3
179,583,3,3
179,584,3,3
179,585,3,3
179,586,3,3
179,587,3,3
179,588,3,3
179,589,3,3
179,590,3,3
179,591,3,3
179,592,3,3
179,593,3,3
179,594,3,3
179,595,3,2
179,596,3,2
179,597,3,2
179,598,3,2
179,599,3,2
179,600,3,2
179,601,3,2
179,602,3,2
179,603,3,2
179,604,3,2
179,605,3,3
179,606,3,3
179,607,3,3
179,608,3,3
179,609,3,3
179,610,3,3
179,611,3,3
179,612,3,3
179,613,3,3
179,614,3,3
179,615,3,3
179,616,3,3
179,617,3,3
179,618,3,3
179,619,3,3
179,620,3,3
179,621,3,3
179,622,3,3
179,623,3,3
179,624,3,3
179,625,3,3
179,626,3,3
179,627,3,3
179,628,3,3
179,629,3,3
179,630,3,3
179,631,3,3
179,632,3,3
179,633,3,3
179,634,3,3
179,635,3,3
179,636,3,3
179,637,3,3
179,638,3,3
179,639,3,3
179,640,3,3
179,641,3,3
179,642,3,3
179,643,3,3
179,644,3,3
179,645,3,3
179,646,3,3
179,647,3,3
179,648,3,3
179,649,3,3
179,650,3,3
179,651,3,3
179,652,3,3
179,653,3,3
179,654,3,3
179,655,3,3
179,656,3,3
179,657,3,3
179,658,3,3
179,659,3,2
179,660,3,2
179,661,3,2
179,662,3,2
179,663,3,2
179,664,3,2
179,665,3,2
179,666,3,2
179,667,3,2
179,668,3,2
179,669,3,2
179,670,3,2
179,671,3,2
179,672,3,2
179,673,3,2
179,674,3,2
179,675,3,2
179,676,3,2
179,677,3,2
179,678,3,2
179,679,3,2
179,680,3,2
179,681,3,2
179,682,3,2
179,683,3,2
179,684,3,2
179,685,3,2
179,686,3,2
179,687,3,2
179,688,3,2
179,689,3,2
179,690,3,2
179,691,3,2
179,692,3,2
179,693,3,2
179,694,3,2
179,695,3,2
179,696,3,2
179,697,3,2
179,698,3,2
179,699,3,2
179,700,3,2
179,701,3,2
179,702,3,2
179,703,3,2
179,704,3,2
179,705,3,2
179,706,3,2
179,707,3,2
179,708,3,2
179,709,3,2
179,710,3,2
179,711,3,2
179,712,3,2
179,713,3,2
179,714,3,3
179,715,3,3
179,716,3,3
179,717,3,3
179,718,3,2
179,719,3,2
179,720,3,2
179,721,3,2
179,722,3,2
179,723,3,2
179,724,3,2
179,725,3,2
179,726,3,2
179,727,3,2
179,728,3,2
179,729,3,2
179,730,3,2
179,731,3,2
179,732,3,2
179,733,3,2
179,734,3,2
179,735,3,2
179,736,3,2
179,737,3,2
179,738,3,2
179,739,3,2
179,740,3,2
179,741,3,2
179,742,3,2
179,743,3,2
179,744,3,2
179,745,3,2
179,746,3,2
179,747,3,2
179,748,3,2
179,749,3,2
179,750,3,2
179,751,3,2
179,752,3,2
179,753,3,2
179,754,3,2
179,755,3,2
179,756,3,2
179,757,3,2
179,758,3,2
179,759,3,2
179,760,3,2
179,761,3,2
179,762,3,2
179,763,3,2
179,764,3,2
179,765,3,2
179,766,3,2
179,767,3,2
179,768,3,2
179,769,3,2
179,770,3,2
179,771,3,2
179,772,3,2
179,773,3,2
179,774,3,2
179,775,3,2
179,776,3,2
179,777,3,2
179,778,3,2
179,779,3,2
179,780,3,2
179,781,3,2
179,782,3,2
179,783,3,2
179,784,3,2
179,785,3,2
179,786,3,2
179,787,3,2
179,788,3,2
179,789,3,2
179,790,3,2
180,157,3,2
180,158,3,2
180,159,3,2
180,160,3,2
180,161,3,2
180,162,3,2
180,163,3,2
180,164,3,2
180,165,3,2
180,166,3,2
180,167,3,2
180,168,3,2
180,169,3,2
180,170,3,2
180,171,3,2
180,172,3,2
180,173,3,2
180,174,3,2
180,175,3,2
180,176,3,2
180,177,3,2
180,178,3,2
180,179,3,2
180,180,3,2
180,181,3,2
180,182,3,2
180,183,3,2
180,184,3,2
180,185,3,2
180,186,3,2
180,187,3,2
180,188,3,2
180,189,3,2
180,190,3,2
180,191,3,2
180,192,3,2
180,193,3,2
180,194,3,2
180,195,3,2
180,196,3,2
180,197,3,2
180,198,3,2
180,199,3,2
180,200,3,2
180,201,3,2
180,202,3,2
180,203,3,2
180,204,3,2
180,205,3,2
180,206,3,2
180,207,3,2
180,208,3,2
180,209,3,2
180,210,3,2
180,211,3,2
180,212,3,2
180,213,3,2
180,214,3,2
180,215,3,2
180,216,3,2
180,217,3,2
180,218,3,2
180,219,3,2
180,220,3,2
180,221,3,2
180,222,3,2
180,223,3,2
180,224,3,2
180,225,3,2
180,226,3,2
180,227,3,2
180,228,3,2
180,229,3,2
180,230,3,2
180,231,3,2
180,232,3,2
180,233,3,2
180,234,3,2
180,235,3,2
180,236,3,2
180,237,3,2
180,238,3,2
180,239,3,2
180,240,3,2
180,241,3,2
180,242,3,2
180,243,3,2
180,244,3,2
180,245,3,2
180,246,3,2
180,247,3,2
180,248,3,2
180,249,3,2
180,250,3,2
180,251,3,2
180,252,3,2
180,253,3,2
180,254,3,2
180,255,3,2
180,256,3,2
180,257,3,2
180,258,3,2
180,259,3,2
180,260,3,2
180,261,3,2
180,262,3,2
180,263,3,2
180,264,3,2
180,265,3,2
180,266,3,2
180,267,3,2
180,268,3,2
180,269,3,2
180,270,3,2
180,271,3,2
180,272,3,2
180,273,3,2
180,274,3,2
180,275,3,2
180,276,3,2
180,277,3,2
180,278,3,2
180,279,3,2
180,280,3,2
180,281,3,2
180,282,3,2
180,283,3,2
180,284,3,2
180,285,3,2
180,286,3,2
180,287,3,2
180,288,3,2
180,289,3,2
180,290,3,2
180,291,3,2
180,292,3,2
180,293,3,2
180,294,3,2
180,295,3,2
180,296,3,2
180,297,3,2
180,298,3,2
180,299,3,2
180,300,3,2
180,301,3,2
180,302,3,2
180,303,3,2
180,304,3,2
180,305,3,2
180,306,3,2
180,307,3,2
180,308,3,2
180,309,3,2
180,310,3,2
180,311,3,2
180,312,3,2
180,313,3,2
180,314,3,2
180,315,3,2
180,316,3,2
180,317,3,2
180,318,3,2
180,319,3,2
180,320,3,2
180,321,3,2
180,322,3,2
180,323,3,2
180,324,3,2
180,325,3,2
180,326,3,2
180,327,3,2
180,328,3,2
180,329,3,2
180,330,3,2
180,331,3,2
180,332,3,2
180,333,3,2
180,334,3,2
180,335,3,2
180,336,3,2
180,337,3,2
180,338,3,2
180,339,3,2
180,340,3,2
180,341,3,2
180,342,3,2
180,343,3,2
180,344,3,2
180,345,3,2
180,346,3,2
180,347,3,2
180,348,3,2
180,349,3,2
180,350,3,2
180,351,3,2
180,352,3,2
180,353,3,2
180,354,3,2
180,355,3,2
180,356,3,2
180,357,3,2
180,358,3,2
180,359,3,2
180,360,3,2
180,361,3,2
180,362,3,2
180,363,3,2
180,364,3,2
180,365,3,2
180,366,3,2
180,367,3,2
180,368,3,2
180,369,3,2
180,370,3,2
180,371,3,2
180,372,3,2
180,373,3,2
180,374,3,2
180,375,3,2
180,376,3,2
180,377,3,2
180,378,3,2
180,379,3,2
180,380,3,2
180,381,3,2
180,382,3,2
180,383,3,2
180,384,3,2
180,385,3,2
180,386,3,2
180,387,3,2
180,388,3,2
180,389,3,2
180,390,3,2
180,391,3,2
180,392,3,2
180,393,3,2
180,394,3,2
180,395,3,2
180,396,3,2
180,397,3,2
180,398,3,2
180,399,3,2
180,400,3,2
180,401,3,2
180,402,3,2
180,403,3,2
180,404,3,2
180,405,3,2
180,406,3,2
180,407,3,2
180,408,3,2
180,409,3,2
180,410,3,2
180,411,3,2
180,412,3,2
180,413,3,2
180,414,3,2
180,415,3,2
180,416,3,2
180,417,3,2
180,418,3,2
180,419,3,2
180,420,3,2
180,421,3,2
180,422,3,2
180,423,3,2
180,424,3,2
180,425,3,2
180,426,3,2
180,427,3,2
180,428,3,2
180,429,3,2
180,430,3,2
180,431,3,2
180,432,3,2
180,433,3,2
180,434,3,2
180,435,3,2
180,436,3,2
180,437,3,2
180,438,3,2
180,439,3,2
180,440,3,2
180,441,3,2
180,442,3,2
180,443,3,2
180,444,3,2
180,445,3,2
180,446,3,2
180,447,3,2
180,448,3,2
180,449,3,2
180,450,3,2
180,451,3,2
180,452,3,2
180,453,3,2
180,454,3,2
180,455,3,2
180,456,3,2
180,457,3,2
180,458,3,2
180,459,3,2
180,460,3,2
180,461,3,2
180,462,3,2
180,463,3,2
180,464,3,2
180,465,3,2
180,466,3,2
180,467,3,2
180,468,3,2
180,469,3,2
180,470,3,2
180,471,3,2
180,472,3,2
180,473,3,2
180,474,3,2
180,475,3,2
180,476,3,2
180,477,3,2
180,478,3,2
180,479,3,2
180,480,3,2
180,481,3,2
180,482,3,2
180,483,3,2
180,484,3,2
180,485,3,2
180,486,3,2
180,487,3,2
180,488,3,2
180,489,3,2
180,490,3,2
180,491,3,2
180,492,3,2
180,493,3,2
180,494,3,2
180,495,3,2
180,496,3,2
180,497,3,2
180,498,3,2
180,499,3,2
180,500,3,2
180,501,3,2
180,502,3,2
180,503,3,2
180,504,3,2
180,505,3,2
180,506,3,3
180,507,3,3
180,508,3,3
180,509,3,3
180,510,3,3
180,511,3,3
180,512,3,3
180,513,3,2
180,514,3,2
180,515,3,2
180,516,3,2
180,517,3,2
180,518,3,2
180,519,3,2
180,520,3,2
180,521,3,2
180,522,3,2
180,523,3,2
180,524,3,2
180,525,3,2
180,526,3,2
180,527,3,2
180,528,3,2
180,529,3,3
180,530,3,3
180,531,3,3
180,532,3,3
180,533,3,3
180,534,3,3
180,535,3,3
180,536,3,3
180,537,3,3
180,538,3,3
180,539,3,3
180,540,3,3
180,541,3,3
180,542,3,3
180,543,3,3
180,544,3,3
180,545,3,3
180,546,3,3
180,547,3,3
180,548,3,3
180,549,3,3
180,550,3,3
180,551,3,3
180,552,3,3
180,553,3,2
180,554,3,2
180,555,3,2
180,556,3,2
180,557,3,2
180,558,3,2
180,559,3,2
180,560,3,2
180,561,3,2
180,562,3,2
180,563,3,2
180,564,3,2
180,565,3,2
180,566,3,2
180,567,3,2
180,568,3,2
180,569,3,2
180,570,3,2
180,571,3,2
180,572,3,2
180,573,3,2
180,574,3,2
180,575,3,2
180,576,3,2
180,577,3,2
180,578,3,2
180,579,3,2
180,580,3,3
180,581,3,3
180,582,3,3
180,583,3,3
180,584,3,3
180,585,3,3
180,586,3,3
180,587,3,3
180,588,3,3
180,589,3,3
180,590,3,3
180,591,3,3
180,592,3,3
180,593,3,3
180,594,3,3
180,595,3,3
180,596,3,2
180,597,3,2
180,598,3,2
180,599,3,2
180,600,3,2
180,601,3,2
180,602,3,2
180,603,3,2
180,604,3,2
180,605,3,3
180,606,3,3
180,607,3,3
180,608,3,3
180,609,3,3
180,610,3,3
180,611,3,3
180,612,3,3
180,613,3,3
180,614,3,3
180,615,3,3
180,616,3,3
180,617,3,3
180,618,3,3
180,619,3,3
180,620,3,3
180,621,3,3
180,622,3,3
180,623,3,3
180,624,3,3
180,625,3,3
180,626,3,3
180,627,3,3
180,628,3,3
180,629,3,3
180,630,3,3
180,631,3,3
180,632,3,3
180,633,3,3
180,634,3,3
180,635,3,3
180,636,3,3
180,637,3,3
180,638,3,3
180,639,3,3
180,640,3,3
180,641,3,3
180,642,3,3
180,643,3,3
180,644,3,3
180,645,3,3
180,646,3,3
180,647,3,3
180,648,3,3
180,649,3,3
180,650,3,3
180,651,3,3
180,652,3,3
180,653,3,3
180,654,3,3
180,655,3,3
180,656,3,3
180,657,3,3
180,658,3,3
180,659,3,3
180,660,3,2
180,661,3,2
180,662,3,2
180,663,3,2
180,664,3,2
180,665,3,2
180,666,3,2
180,667,3,2
180,668,3,2
180,669,3,2
180,670,3,2
180,671,3,2
180,672,3,2
180,673,3,2
180,674,3,2
180,675,3,2
180,676,3,2
180,677,3,2
180,678,3,2
180,679,3,2
180,680,3,2
180,681,3,2
180,682,3,2
180,683,3,2
180,684,3,2
180,685,3,2
180,686,3,2
180,687,3,2
180,688,3,2
180,689,3,2
180,690,3,2
180,691,3,2
180,692,3,2
180,693,3,2
180,694,3,2
180,695,3,2
180,696,3,2
180,697,3,2
180,698,3,2
180,699,3,2
180,700,3,2
180,701,3,2
180,702,3,2
180,703,3,2
180,704,3,2
180,705,3,2
180,706,3,2
180,707,3,2
180,708,3,2
180,709,3,2
180,710,3,2
180,711,3,2
180,712,3,3
180,713,3,3
180,714,3,3
180,715,3,3
180,716,3,3
180,717,3,3
180,718,3,3
180,719,3,3
180,720,3,3
180,721,3,3
180,722,3,2
180,723,3,2
180,724,3,2
180,725,3,2
180,726,3,2
180,727,3,2
180,728,3,2
180,729,3,2
180,730,3,2
180,731,3,2
180,732,3,2
180,733,3,2
180,734,3,2
180,735,3,2
180,736,3,2
180,737,3,2
180,738,3,2
180,739,3,2
180,740,3,2
180,741,3,2
180,742,3,2
180,743,3,2
180,744,3,2
180,745,3,2
180,746,3,2
180,747,3,2
180,748,3,2
180,749,3,2
180,750,3,2
180,751,3,2
180,752,3,2
180,753,3,2
180,754,3,2
180,755,3,2
180,756,3,2
180,757,3,2
180,758,3,2
180,759,3,2
180,760,3,2
180,761,3,2
180,762,3,2
180,763,3,2
180,764,3,2
180,765,3,2
180,766,3,2
180,767,3,2
180,768,3,2
180,769,3,2
180,770,3,2
180,771,3,2
180,772,3,2
180,773,3,2
180,774,3,2
180,775,3,2
180,776,3,2
180,777,3,2
180,778,3,2
180,779,3,2
180,780,3,2
180,781,3,2
180,782,3,2
180,783,3,2
180,784,3,2
180,785,3,2
180,786,3,2
180,787,3,2
180,788,3,2
180,789,3,2
180,790,3,2
181,156,3,2
181,157,3,2
181,158,3,2
181,159,3,2
181,160,3,2
181,161,3,2
181,162,3,2
181,163,3,2
181,164,3,2
181,165,3,2
181,166,3,2
181,167,3,2
181,168,3,2
181,169,3,2
181,170,3,2
181,171,3,2
181,172,3,2
181,173,3,2
181,174,3,2
181,175,3,2
181,176,3,2
181,177,3,2
181,178,3,2
181,179,3,2
181,180,3,2
181,181,3,2
181,182,3,2
181,183,3,2
181,184,3,2
181,185,3,2
181,186,3,2
181,187,3,2
181,188,3,2
181,189,3,2
181,190,3,2
181,191,3,2
181,192,3,2
181,193,3,2
181,194,3,2
181,195,3,2
181,196,3,2
181,197,3,2
181,198,3,2
181,199,3,2
181,200,3,2
181,201,3,2
181,202,3,2
181,203,3,2
181,204,3,2
181,205,3,2
181,206,3,2
181,207,3,2
181,208,3,2
181,209,3,2
181,210,3,2
181,211,3,2
181,212,3,2
181,213,3,2
181,214,3,2
181,215,3,2
181,216,3,2
181,217,3,2
181,218,3,2
181,219,3,2
181,220,3,2
181,221,3,2
181,222,3,2
181,223,3,2
181,224,3,2
181,225,3,2
181,226,3,2
181,227,3,2
181,228,3,2
181,229,3,2
181,230,3,2
181,231,3,2
181,232,3,2
181,233,3,2
181,234,3,2
181,235,3,2
181,236,3,2
181,237,3,2
181,238,3,2
181,239,3,2
181,240,3,2
181,241,3,2
181,242,3,2
181,243,3,2
181,244,3,2
181,245,3,2
181,246,3,2
181,247,3,2
181,248,3,2
181,249,3,2
181,250,3,2
181,251,3,2
181,252,3,2
181,253,3,2
181,254,3,2
181,255,3,2
181,256,3,2
181,257,3,2
181,258,3,2
181,259,3,2
181,260,3,2
181,261,3,2
181,262,3,2
181,263,3,2
181,264,3,2
181,265,3,2
181,266,3,2
181,267,3,2
181,268,3,2
181,269,3,2
181,270,3,2
181,271,3,2
181,272,3,2
181,273,3,2
181,274,3,2
181,275,3,2
181,276,3,2
181,277,3,2
181,278,3,2
181,279,3,2
181,280,3,2
181,281,3,2
181,282,3,2
181,283,3,2
181,284,3,2
181,285,3,2
181,286,3,2
181,287,3,2
181,288,3,2
181,289,3,2
181,290,3,2
181,291,3,2
181,292,3,2
181,293,3,2
181,294,3,2
181,295,3,2
181,296,3,2
181,297,3,2
181,298,3,2
181,299,3,2
181,300,3,2
181,301,3,2
181,302,3,2
181,303,3,2
181,304,3,2
181,305,3,2
181,306,3,2
181,307,3,2
181,308,3,2
181,309,3,2
181,310,3,2
181,311,3,2
181,312,3,2
181,313,3,2
181,314,3,2
181,315,3,2
181,316,3,2
181,317,3,2
181,318,3,2
181,319,3,2
181,320,3,2
181,321,3,2
181,322,3,2
181,323,3,2
181,324,3,2
181,325,3,2
181,326,3,2
181,327,3,2
181,328,3,2
181,329,3,2
181,330,3,2
181,331,3,2
181,332,3,2
181,333,3,2
181,334,3,2
181,335,3,2
181,336,3,2
181,337,3,2
181,338,3,2
181,339,3,2
181,340,3,2
181,341,3,2
181,342,3,2
181,343,3,2
181,344,3,2
181,345,3,2
181,346,3,2
181,347,3,2
181,348,3,2
181,349,3,2
181,350,3,2
181,351,3,2
181,352,3,2
181,353,3,2
181,354,3,2
181,355,3,2
181,356,3,2
181,357,3,2
181,358,3,2
181,359,3,2
181,360,3,2
181,361,3,2
181,362,3,2
181,363,3,2
181,364,3,2
181,365,3,2
181,366,3,2
181,367,3,2
181,368,3,2
181,369,3,2
181,370,3,2
181,371,3,2
181,372,3,2
181,373,3,2
181,374,3,2
181,375,3,2
181,376,3,2
181,377,3,2
181,378,3,2
181,379,3,2
181,380,3,2
181,381,3,2
181,382,3,2
181,383,3,2
181,384,3,2
181,385,3,2
181,386,3,2
181,387,3,2
181,388,3,2
181,389,3,2
181,390,3,2
181,391,3,2
181,392,3,2
181,393,3,2
181,394,3,2
181,395,3,2
181,396,3,2
181,397,3,2
181,398,3,2
181,399,3,2
181,400,3,2
181,401,3,2
181,402,3,2
181,403,3,2
181,404,3,2
181,405,3,2
181,406,3,2
181,407,3,2
181,408,3,2
181,409,3,2
181,410,3,2
181,411,3,2
181,412,3,2
181,413,3,2
181,414,3,2
181,415,3,2
181,416,3,2
181,417,3,2
181,418,3,2
181,419,3,2
181,420,3,2
181,421,3,2
181,422,3,2
181,423,3,2
181,424,3,2
181,425,3,2
181,426,3,2
181,427,3,2
181,428,3,2
181,429,3,2
181,430,3,2
181,431,3,2
181,432,3,2
181,433,3,2
181,434,3,2
181,435,3,2
181,436,3,2
181,437,3,2
181,438,3,2
181,439,3,2
181,440,3,2
181,441,3,2
181,442,3,2
181,443,3,2
181,444,3,2
181,445,3,2
181,446,3,2
181,447,3,2
181,448,3,2
181,449,3,2
181,450,3,2
181,451,3,2
181,452,3,2
181,453,3,2
181,454,3,2
181,455,3,2
181,456,3,2
181,457,3,2
181,458,3,2
181,459,3,2
181,460,3,2
181,461,3,2
181,462,3,2
181,463,3,2
181,464,3,2
181,465,3,2
181,466,3,2
181,467,3,2
181,468,3,2
181,469,3,2
181,470,3,2
181,471,3,2
181,472,3,2
181,473,3,2
181,474,3,2
181,475,3,2
181,476,3,2
181,477,3,2
181,478,3,2
181,479,3,2
181,480,3,2
181,481,3,2
181,482,3,2
181,483,3,2
181,484,3,2
181,485,3,2
181,486,3,2
181,487,3,2
181,488,3,2
181,489,3,2
181,490,3,2
181,491,3,2
181,492,3,2
181,493,3,2
181,494,3,2
181,495,3,2
181,496,3,2
181,497,3,2
181,498,3,2
181,499,3,2
181,500,3,2
181,501,3,2
181,502,3,2
181,503,3,2
181,504,3,2
181,505,3,3
181,506,3,3
181,507,3,3
181,508,3,3
181,509,3,3
181,510,3,3
181,511,3,3
181,512,3,3
181,513,3,3
181,514,3,3
181,515,3,3
181,516,3,3
181,517,3,3
181,518,3,2
181,519,3,2
181,520,3,2
181,521,3,2
181,522,3,2
181,523,3,2
181,524,3,2
181,525,3,2
181,526,3,2
181,527,3,2
181,528,3,3
181,529,3,3
181,530,3,3
181,531,3,3
181,532,3,3
181,533,3,3
181,534,3,3
181,535,3,3
181,536,3,3
181,537,3,3
181,538,3,3
181,539,3,3
181,540,3,3
181,541,3,3
181,542,3,3
181,543,3,3
181,544,3,3
181,545,3,3
181,546,3,3
181,547,3,3
181,548,3,3
181,549,3,3
181,550,3,3
181,551,3,3
181,552,3,3
181,553,3,3
181,554,3,3
181,555,3,3
181,556,3,2
181,557,3,2
181,558,3,2
181,559,3,2
181,560,3,2
181,561,3,2
181,562,3,2
181,563,3,2
181,564,3,2
181,565,3,2
181,566,3,2
181,567,3,2
181,568,3,2
181,569,3,2
181,570,3,2
181,571,3,2
181,572,3,2
181,573,3,2
181,574,3,2
181,575,3,2
181,576,3,2
181,577,3,2
181,578,3,3
181,579,3,3
181,580,3,3
181,581,3,3
181,582,3,3
181,583,3,3
181,584,3,3
181,585,3,3
181,586,3,3
181,587,3,3
181,588,3,3
181,589,3,3
181,590,3,3
181,591,3,3
181,592,3,3
181,593,3,3
181,594,3,3
181,595,3,3
181,596,3,3
181,597,3,3
181,598,3,2
181,599,3,2
181,600,3,2
181,601,3,2
181,602,3,2
181,603,3,2
181,604,3,2
181,605,3,2
181,606,3,3
181,607,3,3
181,608,3,3
181,609,3,3
181,610,3,3
181,611,3,3
181,612,3,3
181,613,3,3
181,614,3,3
181,615,3,3
181,616,3,3
181,617,3,3
181,618,3,3
181,619,3,3
181,620,3,3
181,621,3,3
181,622,3,3
181,623,3,3
181,624,3,3
181,625,3,3
181,626,3,3
181,627,3,3
181,628,3,3
181,629,3,3
181,630,3,3
181,631,3,3
181,632,3,3
181,633,3,3
181,634,3,3
181,635,3,3
181,636,3,3
181,637,3,3
181,638,3,3
181,639,3,3
181,640,3,3
181,641,3,3
181,642,3,3
181,643,3,3
181,644,3,3
181,645,3,3
181,646,3,3
181,647,3,3
181,648,3,3
181,649,3,3
181,650,3,3
181,651,3,3
181,652,3,3
181,653,3,3
181,654,3,3
181,655,3,3
181,656,3,3
181,657,3,3
181,658,3,3
181,659,3,3
181,660,3,2
181,661,3,2
181,662,3,2
181,663,3,2
181,664,3,2
181,665,3,2
181,666,3,2
181,667,3,2
181,668,3,2
181,669,3,2
181,670,3,2
181,671,3,2
181,672,3,2
181,673,3,2
181,674,3,2
181,675,3,2
181,676,3,2
181,677,3,2
181,678,3,2
181,679,3,2
181,680,3,2
181,681,3,2
181,682,3,2
181,683,3,2
181,684,3,2
181,685,3,2
181,686,3,2
181,687,3,2
181,688,3,2
181,689,3,2
181,690,3,2
181,691,3,2
181,692,3,2
181,693,3,2
181,694,3,2
181,695,3,2
181,696,3,2
181,697,3,2
181,698,3,2
181,699,3,2
181,700,3,2
181,701,3,2
181,702,3,2
181,703,3,2
181,704,3,2
181,705,3,2
181,706,3,2
181,707,3,2
181,708,3,2
181,709,3,2
181,710,3,2
181,711,3,3
181,712,3,3
181,713,3,3
181,714,3,3
181,715,3,3
181,716,3,3
181,717,3,3
181,718,3,3
181,719,3,3
181,720,3,3
181,721,3,3
181,722,3,3
181,723,3,3
181,724,3,3
181,725,3,2
181,726,3,2
181,727,3,2
181,728,3,2
181,729,3,2
181,730,3,2
181,731,3,2
181,732,3,2
181,733,3,2
181,734,3,2
181,735,3,2
181,736,3,2
181,737,3,2
181,738,3,2
181,739,3,2
181,740,3,2
181,741,3,2
181,742,3,2
181,743,3,2
181,744,3,2
181,745,3,2
181,746,3,2
181,747,3,2
181,748,3,2
181,749,3,2
181,750,3,2
181,751,3,2
181,752,3,2
181,753,3,2
181,754,3,2
181,755,3,2
181,756,3,2
181,757,3,2
181,758,3,2
181,759,3,2
181,760,3,2
181,761,3,2
181,762,3,2
181,763,3,2
181,764,3,2
181,765,3,2
181,766,3,2
181,767,3,2
181,768,3,2
181,769,3,2
181,770,3,2
181,771,3,2
181,772,3,2
181,773,3,2
181,774,3,2
181,775,3,2
181,776,3,2
181,777,3,2
181,778,3,2
181,779,3,2
181,780,3,2
181,781,3,2
181,782,3,2
181,783,3,2
181,784,3,2
181,785,3,2
181,786,3,2
181,787,3,2
181,788,3,2
181,789,3,2
181,790,3,2
182,156,3,2
182,157,3,2
182,158,3,2
182,159,3,2
182,160,3,2
182,161,3,2
182,162,3,2
182,163,3,2
182,164,3,2
182,165,3,2
182,166,3,2
182,167,3,2
182,168,3,2
182,169,3,2
182,170,3,2
182,171,3,2
182,172,3,2
182,173,3,2
182,174,3,2
182,175,3,2
182,176,3,2
182,177,3,2
182,178,3,2
182,179,3,2
182,180,3,2
182,181,3,2
182,182,3,2
182,183,3,2
182,184,3,2
182,185,3,2
182,186,3,2
182,187,3,2
182,188,3,2
182,189,3,2
182,190,3,2
182,191,3,2
182,192,3,2
182,193,3,2
182,194,3,2
182,195,3,2
182,196,3,2
182,197,3,2
182,198,3,2
182,199,3,2
182,200,3,2
182,201,3,2
182,202,3,2
182,203,3,2
182,204,3,2
182,205,3,2
182,206,3,2
182,207,3,2
182,208,3,2
182,209,3,2
182,210,3,2
182,211,3,2
182,212,3,2
182,213,3,2
182,214,3,2
182,215,3,2
182,216,3,2
182,217,3,2
182,218,3,2
182,219,3,2
182,220,3,2
182,221,3,2
182,222,3,2
182,223,3,2
182,224,3,2
182,225,3,2
182,226,3,2
182,227,3,2
182,228,3,2
182,229,3,2
182,230,3,2
182,231,3,2
182,232,3,2
182,233,3,2
182,234,3,2
182,235,3,2
182,236,3,2
182,237,3,2
182,238,3,2
182,239,3,2
182,240,3,2
182,241,3,2
182,242,3,2
182,243,3,2
182,244,3,2
182,245,3,2
182,246,3,2
182,247,3,2
182,248,3,2
182,249,3,2
182,250,3,2
182,251,3,2
182,252,3,2
182,253,3,2
182,254,3,2
182,255,3,2
182,256,3,2
182,257,3,2
182,258,3,2
182,259,3,2
182,260,3,2
182,261,3,2
182,262,3,2
182,263,3,2
182,264,3,2
182,265,3,2
182,266,3,2
182,267,3,2
182,268,3,2
182,269,3,2
182,270,3,2
182,271,3,2
182,272,3,2
182,273,3,2
182,274,3,2
182,275,3,2
182,276,3,2
182,277,3,2
182,278,3,2
182,279,3,2
182,280,3,2
182,281,3,2
182,282,3,2
182,283,3,2
182,284,3,2
182,285,3,2
182,286,3,2
182,287,3,2
182,288,3,2
182,289,3,2
182,290,3,2
182,291,3,2
182,292,3,2
182,293,3,2
182,294,3,2
182,295,3,2
182,296,3,2
182,297,3,2
182,298,3,2
182,299,3,2
182,300,3,2
182,301,3,2
182,302,3,2
182,303,3,2
182,304,3,2
182,305,3,2
182,306,3,2
182,307,3,2
182,308,3,2
182,309,3,2
182,310,3,2
182,311,3,2
182,312,3,2
182,313,3,2
182,314,3,2
182,315,3,2
182,316,3,2
182,317,3,2
182,318,3,2
182,319,3,2
182,320,3,2
182,321,3,2
182,322,3,2
182,323,3,2
182,324,3,2
182,325,3,2
182,326,3,2
182,327,3,2
182,328,3,2
182,329,3,2
182,330,3,2
182,331,3,2
182,332,3,2
182,333,3,2
182,334,3,2
182,335,3,2
182,336,3,2
182,337,3,2
182,338,3,2
182,339,3,2
182,340,3,2
182,341,3,2
182,342,3,2
182,343,3,2
182,344,3,2
182,345,3,2
182,346,3,2
182,347,3,2
182,348,3,2
182,349,3,2
182,350,3,2
182,351,3,2
182,352,3,2
182,353,3,2
182,354,3,2
182,355,3,2
182,356,3,2
182,357,3,2
182,358,3,2
182,359,3,2
182,360,3,2
182,361,3,2
182,362,3,2
182,363,3,2
182,364,3,2
182,365,3,2
182,366,3,2
182,367,3,2
182,368,3,2
182,369,3,2
182,370,3,2
182,371,3,2
182,372,3,2
182,373,3,2
182,374,3,2
182,375,3,2
182,376,3,2
182,377,3,2
182,378,3,2
182,379,3,2
182,380,3,2
182,381,3,2
182,382,3,2
182,383,3,2
182,384,3,2
182,385,3,2
182,386,3,2
182,387,3,2
182,388,3,2
182,389,3,2
182,390,3,2
182,391,3,2
182,392,3,2
182,393,3,2
182,394,3,2
182,395,3,2
182,396,3,2
182,397,3,2
182,398,3,2
182,399,3,2
182,400,3,2
182,401,3,2
182,402,3,2
182,403,3,2
182,404,3,2
182,405,3,2
182,406,3,2
182,407,3,2
182,408,3,2
182,409,3,2
182,410,3,2
182,411,3,2
182,412,3,2
182,413,3,2
182,414,3,2
182,415,3,2
182,416,3,2
182,417,3,2
182,418,3,2
182,419,3,2
182,420,3,2
182,421,3,2
182,422,3,2
182,423,3,2
182,424,3,2
182,425,3,2
182,426,3,2
182,427,3,2
182,428,3,2
182,429,3,2
182,430,3,2
182,431,3,2
182,432,3,2
182,433,3,2
182,434,3,2
182,435,3,2
182,436,3,2
182,437,3,2
182,438,3,2
182,439,3,2
182,440,3,2
182,441,3,2
182,442,3,2
182,443,3,2
182,444,3,2
182,445,3,2
182,446,3,2
182,447,3,2
182,448,3,2
182,449,3,2
182,450,3,2
182,451,3,2
182,452,3,2
182,453,3,2
182,454,3,2
182,455,3,2
182,456,3,2
182,457,3,2
182,458,3,2
182,459,3,2
182,460,3,2
182,461,3,2
182,462,3,2
182,463,3,2
182,464,3,2
182,465,3,2
182,466,3,2
182,467,3,2
182,468,3,2
182,469,3,2
182,470,3,2
182,471,3,2
182,472,3,2
182,473,3,2
182,474,3,2
182,475,3,2
182,476,3,2
182,477,3,2
182,478,3,2
182,479,3,2
182,480,3,2
182,481,3,2
182,482,3,2
182,483,3,2
182,484,3,2
182,485,3,2
182,486,3,2
182,487,3,2
182,488,3,2
182,489,3,2
182,490,3,2
182,491,3,2
182,492,3,2
182,493,3,2
182,494,3,2
182,495,3,2
182,496,3,2
182,497,3,2
182,498,3,2
182,499,3,2
182,500,3,2
182,501,3,2
182,502,3,2
182,503,3,2
182,504,3,3
182,505,3,3
182,506,3,3
182,507,3,3
182,508,3,3
182,509,3,3
182,510,3,3
182,511,3,3
182,512,3,3
182,513,3,3
182,514,3,3
182,515,3,3
182,516,3,3
182,517,3,3
182,518,3,3
182,519,3,3
182,520,3,3
182,521,3,3
182,522,3,3
182,523,3,3
182,524,3,3
182,525,3,3
182,526,3,3
182,527,3,3
182,528,3,3
182,529,3,3
182,530,3,3
182,531,3,3
182,532,3,3
182,533,3,3
182,534,3,3
182,535,3,3
182,536,3,3
182,537,3,3
182,538,3,3
182,539,3,3
182,540,3,3
182,541,3,3
182,542,3,3
182,543,3,3
182,544,3,3
182,545,3,3
182,546,3,3
182,547,3,3
182,548,3,3
182,549,3,3
182,550,3,3
182,551,3,3
182,552,3,3
182,553,3,3
182,554,3,3
182,555,3,3
182,556,3,3
182,557,3,3
182,558,3,2
182,559,3,2
182,560,3,2
182,561,3,2
182,562,3,2
182,563,3,2
182,564,3,2
182,565,3,2
182,566,3,2
182,567,3,2
182,568,3,2
182,569,3,2
182,570,3,2
182,571,3,2
182,572,3,2
182,573,3,2
182,574,3,2
182,575,3,2
182,576,3,2
182,577,3,3
182,578,3,3
182,579,3,3
182,580,3,3
182,581,3,3
182,582,3,3
182,583,3,3
182,584,3,3
182,585,3,3
182,586,3,3
182,587,3,3
182,588,3,3
182,589,3,3
182,590,3,3
182,591,3,3
182,592,3,3
182,593,3,3
182,594,3,3
182,595,3,3
182,596,3,3
182,597,3,3
182,598,3,3
182,599,3,2
182,600,3,2
182,601,3,2
182,602,3,2
182,603,3,2
182,604,3,2
182,605,3,2
182,606,3,2
182,607,3,2
182,608,3,3
182,609,3,3
182,610,3,3
182,611,3,3
182,612,3,3
182,613,3,3
182,614,3,3
182,615,3,3
182,616,3,3
182,617,3,3
182,618,3,3
182,619,3,3
182,620,3,3
182,621,3,3
182,622,3,3
182,623,3,3
182,624,3,3
182,625,3,3
182,626,3,3
182,627,3,3
182,628,3,3
182,629,3,3
182,630,3,3
182,631,3,3
182,632,3,3
182,633,3,3
182,634,3,3
182,635,3,3
182,636,3,3
182,637,3,3
182,638,3,3
182,639,3,3
182,640,3,3
182,641,3,3
182,642,3,3
182,643,3,3
182,644,3,3
182,645,3,3
182,646,3,3
182,647,3,3
182,648,3,3
182,649,3,3
182,650,3,3
182,651,3,3
182,652,3,3
182,653,3,3
182,654,3,3
182,655,3,3
182,656,3,3
182,657,3,3
182,658,3,3
182,659,3,3
182,660,3,2
182,661,3,2
182,662,3,2
182,663,3,2
182,664,3,2
182,665,3,2
182,666,3,2
182,667,3,2
182,668,3,2
182,669,3,2
182,670,3,2
182,671,3,2
182,672,3,2
182,673,3,2
182,674,3,2
182,675,3,2
182,676,3,2
182,677,3,2
182,678,3,2
182,679,3,2
182,680,3,2
182,681,3,2
182,682,3,2
182,683,3,2
182,684,3,2
182,685,3,2
182,686,3,2
182,687,3,2
182,688,3,2
182,689,3,2
182,690,3,2
182,691,3,2
182,692,3,2
182,693,3,2
182,694,3,2
182,695,3,2
182,696,3,2
182,697,3,2
182,698,3,2
182,699,3,2
182,700,3,2
182,701,3,2
182,702,3,2
182,703,3,2
182,704,3,2
182,705,3,2
182,706,3,2
182,707,3,2
182,708,3,2
182,709,3,2
182,710,3,3
182,711,3,3
182,712,3,3
182,713,3,3
182,714,3,3
182,715,3,3
182,716,3,3
182,717,3,3
182,718,3,3
182,719,3,3
182,720,3,3
182,721,3,3
182,722,3,3
182,723,3,3
182,724,3,3
182,725,3,3
182,726,3,2
182,727,3,2
182,728,3,2
182,729,3,2
182,730,3,2
182,731,3,2
182,732,3,2
182,733,3,2
182,734,3,2
182,735,3,2
182,736,3,2
182,737,3,2
182,738,3,2
182,739,3,2
182,740,3,2
182,741,3,2
182,742,3,2
182,743,3,2
182,744,3,2
182,745,3,2
182,746,3,2
182,747,3,2
182,748,3,2
182,749,3,2
182,750,3,2
182,751,3,2
182,752,3,2
182,753,3,2
182,754,3,2
182,755,3,2
182,756,3,2
182,757,3,2
182,758,3,2
182,759,3,2
182,760,3,2
182,761,3,2
182,762,3,2
182,763,3,2
182,764,3,2
182,765,3,2
182,766,3,2
182,767,3,2
182,768,3,2
182,769,3,2
182,770,3,2
182,771,3,2
182,772,3,2
182,773,3,2
182,774,3,2
182,775,3,2
182,776,3,2
182,777,3,2
182,778,3,2
182,779,3,2
182,780,3,2
182,781,3,2
182,782,3,2
182,783,3,2
182,784,3,2
182,785,3,2
182,786,3,2
182,787,3,2
182,788,3,2
182,789,3,2
182,790,3,2
182,791,3,2
183,155,3,2
183,156,3,2
183,157,3,2
183,158,3,2
183,159,3,2
183,160,3,2
183,161,3,2
183,162,3,2
183,163,3,2
183,164,3,2
183,165,3,2
183,166,3,2
183,167,3,2
183,168,3,2
183,169,3,2
183,170,3,2
183,171,3,2
183,172,3,2
183,173,3,2
183,174,3,2
183,175,3,2
183,176,3,2
183,177,3,2
183,178,3,2
183,179,3,2
183,180,3,2
183,181,3,2
183,182,3,2
183,183,3,2
183,184,3,2
183,185,3,2
183,186,3,2
183,187,3,2
183,188,3,2
183,189,3,2
183,190,3,2
183,191,3,2
183,192,3,2
183,193,3,2
183,194,3,2
183,195,3,2
183,196,3,2
183,197,3,2
183,198,3,2
183,199,3,2
183,200,3,2
183,201,3,2
183,202,3,2
183,203,3,2
183,204,3,2
183,205,3,2
183,206,3,2
183,207,3,2
183,208,3,2
183,209,3,2
183,210,3,2
183,211,3,2
183,212,3,2
183,213,3,2
183,214,3,2
183,215,3,2
183,216,3,2
183,217,3,2
183,218,3,2
183,219,3,2
183,220,3,2
183,221,3,2
183,222,3,2
183,223,3,2
183,224,3,2
183,225,3,2
183,226,3,2
183,227,3,2
183,228,3,2
183,229,3,2
183,230,3,2
183,231,3,2
183,232,3,2
183,233,3,2
183,234,3,2
183,235,3,2
183,236,3,2
183,237,3,2
183,238,3,2
183,239,3,2
183,240,3,2
183,241,3,2
183,242,3,2
183,243,3,2
183,244,3,2
183,245,3,2
183,246,3,2
183,247,3,2
183,248,3,2
183,249,3,2
183,250,3,2
183,251,3,2
183,252,3,2
183,253,3,2
183,254,3,2
183,255,3,2
183,256,3,2
183,257,3,2
183,258,3,2
183,259,3,2
183,260,3,2
183,261,3,2
183,262,3,2
183,263,3,2
183,264,3,2
183,265,3,2
183,266,3,2
183,267,3,2
183,268,3,2
183,269,3,2
183,270,3,2
183,271,3,2
183,272,3,2
183,273,3,2
183,274,3,2
183,275,3,2
183,276,3,2
183,277,3,2
183,278,3,2
183,279,3,2
183,280,3,2
183,281,3,2
183,282,3,2
183,283,3,2
183,284,3,2
183,285,3,2
183,286,3,2
183,287,3,2
183,288,3,2
183,289,3,2
183,290,3,2
183,291,3,2
183,292,3,2
183,293,3,2
183,294,3,2
183,295,3,2
183,296,3,2
183,297,3,2
183,298,3,2
183,299,3,2
183,300,3,2
183,301,3,2
183,302,3,2
183,303,3,2
183,304,3,2
183,305,3,2
183,306,3,2
183,307,3,2
183,308,3,2
183,309,3,2
183,310,3,2
183,311,3,2
183,312,3,2
183,313,3,2
183,314,3,2
183,315,3,2
183,316,3,2
183,317,3,2
183,318,3,2
183,319,3,2
183,320,3,2
183,321,3,2
183,322,3,2
183,323,3,2
183,324,3,2
183,325,3,2
183,326,3,2
183,327,3,2
183,328,3,2
183,329,3,2
183,330,3,2
183,331,3,2
183,332,3,2
183,333,3,2
183,334,3,2
183,335,3,2
183,336,3,2
183,337,3,2
183,338,3,2
183,339,3,2
183,340,3,2
183,341,3,2
183,342,3,2
183,343,3,2
183,344,3,2
183,345,3,2
183,346,3,2
183,347,3,2
183,348,3,2
183,349,3,2
183,350,3,2
183,351,3,2
183,352,3,2
183,353,3,2
183,354,3,2
183,355,3,2
183,356,3,2
183,357,3,2
183,358,3,2
183,359,3,2
183,360,3,2
183,361,3,2
183,362,3,2
183,363,3,2
183,364,3,2
183,365,3,2
183,366,3,2
183,367,3,2
183,368,3,2
183,369,3,2
183,370,3,2
183,371,3,2
183,372,3,2
183,373,3,2
183,374,3,2
183,375,3,2
183,376,3,2
183,377,3,2
183,378,3,2
183,379,3,2
183,380,3,2
183,381,3,2
183,382,3,2
183,383,3,2
183,384,3,2
183,385,3,2
183,386,3,2
183,387,3,2
183,388,3,2
183,389,3,2
183,390,3,2
183,391,3,2
183,392,3,2
183,393,3,2
183,394,3,2
183,395,3,2
183,396,3,2
183,397,3,2
183,398,3,2
183,399,3,2
183,400,3,2
183,401,3,2
183,402,3,2
183,403,3,2
183,404,3,2
183,405,3,2
183,406,3,2
183,407,3,2
183,408,3,2
183,409,3,2
183,410,3,2
183,411,3,2
183,412,3,2
183,413,3,2
183,414,3,2
183,415,3,2
183,416,3,2
183,417,3,2
183,418,3,2
183,419,3,2
183,420,3,2
183,421,3,2
183,422,3,2
183,423,3,2
183,424,3,2
183,425,3,2
183,426,3,2
183,427,3,2
183,428,3,2
183,429,3,2
183,430,3,2
183,431,3,2
183,432,3,2
183,433,3,2
183,434,3,2
183,435,3,2
183,436,3,2
183,437,3,2
183,438,3,2
183,439,3,2
183,440,3,2
183,441,3,2
183,442,3,2
183,443,3,2
183,444,3,2
183,445,3,2
183,446,3,2
183,447,3,2
183,448,3,2
183,449,3,2
183,450,3,2
183,451,3,2
183,452,3,2
183,453,3,2
183,454,3,2
183,455,3,2
183,456,3,2
183,457,3,2
183,458,3,2
183,459,3,2
183,460,3,2
183,461,3,2
183,462,3,2
183,463,3,2
183,464,3,2
183,465,3,2
183,466,3,2
183,467,3,2
183,468,3,2
183,469,3,2
183,470,3,2
183,471,3,2
183,472,3,2
183,473,3,2
183,474,3,2
183,475,3,2
183,476,3,2
183,477,3,2
183,478,3,2
183,479,3,2
183,480,3,2
183,481,3,2
183,482,3,2
183,483,3,2
183,484,3,2
183,485,3,2
183,486,3,2
183,487,3,2
183,488,3,2
183,489,3,2
183,490,3,2
183,491,3,2
183,492,3,2
183,493,3,2
183,494,3,2
183,495,3,2
183,496,3,2
183,497,3,2
183,498,3,2
183,499,3,2
183,500,3,2
183,501,3,2
183,502,3,2
183,503,3,3
183,504,3,3
183,505,3,3
183,506,3,3
183,507,3,3
183,508,3,3
183,509,3,3
183,510,3,3
183,511,3,3
183,512,3,3
183,513,3,3
183,514,3,3
183,515,3,3
183,516,3,3
183,517,3,3
183,518,3,3
183,519,3,3
183,520,3,3
183,521,3,3
183,522,3,3
183,523,3,3
183,524,3,3
183,525,3,3
183,526,3,3
183,527,3,3
183,528,3,3
183,529,3,3
183,530,3,3
183,531,3,3
183,532,3,3
183,533,3,3
183,534,3,3
183,535,3,3
183,536,3,3
183,537,3,3
183,538,3,3
183,539,3,3
183,540,3,3
183,541,3,3
183,542,3,3
183,543,3,3
183,544,3,3
183,545,3,3
183,546,3,3
183,547,3,3
183,548,3,3
183,549,3,3
183,550,3,3
183,551,3,3
183,552,3,3
183,553,3,3
183,554,3,3
183,555,3,3
183,556,3,3
183,557,3,3
183,558,3,3
183,559,3,3
183,560,3,2
183,561,3,2
183,562,3,2
183,563,3,2
183,564,3,2
183,565,3,2
183,566,3,2
183,567,3,2
183,568,3,2
183,569,3,2
183,570,3,2
183,571,3,2
183,572,3,2
183,573,3,2
183,574,3,2
183,575,3,3
183,576,3,3
183,577,3,3
183,578,3,3
183,579,3,3
183,580,3,3
183,581,3,3
183,582,3,3
183,583,3,3
183,584,3,3
183,585,3,3
183,586,3,3
183,587,3,3
183,588,3,3
183,589,3,3
183,590,3,3
183,591,3,3
183,592,3,3
183,593,3,3
183,594,3,3
183,595,3,3
183,596,3,3
183,597,3,3
183,598,3,3
183,599,3,3
183,600,3,3
183,601,3,3
183,602,3,2
183,603,3,2
183,604,3,2
183,605,3,2
183,606,3,2
183,607,3,2
183,608,3,2
183,609,3,3
183,610,3,3
183,611,3,3
183,612,3,3
183,613,3,3
183,614,3,3
183,615,3,3
183,616,3,3
183,617,3,3
183,618,3,3
183,619,3,3
183,620,3,3
183,621,3,3
183,622,3,3
183,623,3,3
183,624,3,3
183,625,3,3
183,626,3,3
183,627,3,3
183,628,3,3
183,629,3,3
183,630,3,3
183,631,3,3
183,632,3,3
183,633,3,3
183,634,3,3
183,635,3,3
183,636,3,3
183,637,3,3
183,638,3,3
183,639,3,3
183,640,3,3
183,641,3,3
183,642,3,3
183,643,3,3
183,644,3,3
183,645,3,3
183,646,3,3
183,647,3,3
183,648,3,3
183,649,3,3
183,650,3,3
183,651,3,3
183,652,3,3
183,653,3,3
183,654,3,3
183,655,3,3
183,656,3,3
183,657,3,3
183,658,3,3
183,659,3,3
183,660,3,3
183,661,3,2
183,662,3,2
183,663,3,2
183,664,3,2
183,665,3,2
183,666,3,2
183,667,3,2
183,668,3,2
183,669,3,2
183,670,3,2
183,671,3,2
183,672,3,2
183,673,3,2
183,674,3,2
183,675,3,2
183,676,3,2
183,677,3,2
183,678,3,2
183,679,3,2
183,680,3,2
183,681,3,2
183,682,3,2
183,683,3,2
183,684,3,2
183,685,3,2
183,686,3,2
183,687,3,2
183,688,3,2
183,689,3,2
183,690,3,2
183,691,3,2
183,692,3,2
183,693,3,2
183,694,3,2
183,695,3,2
183,696,3,2
183,697,3,2
183,698,3,2
183,699,3,2
183,700,3,2
183,701,3,2
183,702,3,2
183,703,3,2
183,704,3,2
183,705,3,2
183,706,3,2
183,707,3,2
183,708,3,2
183,709,3,3
183,710,3,3
183,711,3,3
183,712,3,3
183,713,3,3
183,714,3,3
183,715,3,3
183,716,3,3
183,717,3,3
183,718,3,3
183,719,3,3
183,720,3,3
183,721,3,3
183,722,3,3
183,723,3,3
183,724,3,3
183,725,3,3
183,726,3,3
183,727,3,2
183,728,3,2
183,729,3,2
183,730,3,2
183,731,3,2
183,732,3,2
183,733,3,2
183,734,3,2
183,735,3,2
183,736,3,2
183,737,3,2
183,738,3,2
183,739,3,2
183,740,3,2
183,741,3,2
183,742,3,2
183,743,3,2
183,744,3,2
183,745,3,2
183,746,3,2
183,747,3,2
183,748,3,2
183,749,3,2
183,750,3,2
183,751,3,2
183,752,3,2
183,753,3,2
183,754,3,2
183,755,3,2
183,756,3,2
183,757,3,2
183,758,3,2
183,759,3,2
183,760,3,2
183,761,3,2
183,762,3,2
183,763,3,2
183,764,3,2
183,765,3,2
183,766,3,2
183,767,3,2
183,768,3,2
183,769,3,2
183,770,3,2
183,771,3,2
183,772,3,2
183,773,3,2
183,774,3,2
183,775,3,2
183,776,3,2
183,777,3,2
183,778,3,2
183,779,3,2
183,780,3,2
183,781,3,2
183,782,3,2
183,783,3,2
183,784,3,2
183,785,3,2
183,786,3,2
183,787,3,2
183,788,3,2
183,789,3,2
183,790,3,2
184,154,3,2
184,155,3,2
184,156,3,2
184,157,3,2
184,158,3,2
184,159,3,2
184,160,3,2
184,161,3,2
184,162,3,2
184,163,3,2
184,164,3,2
184,165,3,2
184,166,3,2
184,167,3,2
184,168,3,2
184,169,3,2
184,170,3,2
184,171,3,2
184,172,3,2
184,173,3,2
184,174,3,2
184,175,3,2
184,176,3,2
184,177,3,2
184,178,3,2
184,179,3,2
184,180,3,2
184,181,3,2
184,182,3,2
184,183,3,2
184,184,3,2
184,185,3,2
184,186,3,2
184,187,3,2
184,188,3,2
184,189,3,2
184,190,3,2
184,191,3,2
184,192,3,2
184,193,3,2
184,194,3,2
184,195,3,2
184,196,3,2
184,197,3,2
184,198,3,2
184,199,3,2
184,200,3,2
184,201,3,2
184,202,3,2
184,203,3,2
184,204,3,2
184,205,3,2
184,206,3,2
184,207,3,2
184,208,3,2
184,209,3,2
184,210,3,2
184,211,3,2
184,212,3,2
184,213,3,2
184,214,3,2
184,215,3,2
184,216,3,2
184,217,3,2
184,218,3,2
184,219,3,2
184,220,3,2
184,221,3,2
184,222,3,2
184,223,3,2
184,224,3,2
184,225,3,2
184,226,3,2
184,227,3,2
184,228,3,2
184,229,3,2
184,230,3,2
184,231,3,2
184,232,3,2
184,233,3,2
184,234,3,2
184,235,3,2
184,236,3,2
184,237,3,2
184,238,3,2
184,239,3,2
184,240,3,2
184,241,3,2
184,242,3,2
184,243,3,2
184,244,3,2
184,245,3,2
184,246,3,2
184,247,3,2
184,248,3,2
184,249,3,2
184,250,3,2
184,251,3,2
184,252,3,2
184,253,3,2
184,254,3,2
184,255,3,2
184,256,3,2
184,257,3,2
184,258,3,2
184,259,3,2
184,260,3,2
184,261,3,2
184,262,3,2
184,263,3,2
184,264,3,2
184,265,3,2
184,266,3,2
184,267,3,2
184,268,3,2
184,269,3,2
184,270,3,2
184,271,3,2
184,272,3,2
184,273,3,2
184,274,3,2
184,275,3,2
184,276,3,2
184,277,3,2
184,278,3,2
184,279,3,2
184,280,3,2
184,281,3,2
184,282,3,2
184,283,3,2
184,284,3,2
184,285,3,2
184,286,3,2
184,287,3,2
184,288,3,2
184,289,3,2
184,290,3,2
184,291,3,2
184,292,3,2
184,293,3,2
184,294,3,2
184,295,3,2
184,296,3,2
184,297,3,2
184,298,3,2
184,299,3,2
184,300,3,2
184,301,3,2
184,302,3,2
184,303,3,2
184,304,3,2
184,305,3,2
184,306,3,2
184,307,3,2
184,308,3,2
184,309,3,2
184,310,3,2
184,311,3,2
184,312,3,2
184,313,3,2
184,314,3,2
184,315,3,2
184,316,3,2
184,317,3,2
184,318,3,2
184,319,3,2
184,320,3,2
184,321,3,2
184,322,3,2
184,323,3,2
184,324,3,2
184,325,3,2
184,326,3,2
184,327,3,2
184,328,3,2
184,329,3,2
184,330,3,2
184,331,3,2
184,332,3,2
184,333,3,2
184,334,3,2
184,335,3,2
184,336,3,2
184,337,3,2
184,338,3,2
184,339,3,2
184,340,3,2
184,341,3,2
184,342,3,2
184,343,3,2
184,344,3,2
184,345,3,2
184,346,3,2
184,347,3,2
184,348,3,2
184,349,3,2
184,350,3,2
184,351,3,2
184,352,3,2
184,353,3,2
184,354,3,2
184,355,3,2
184,356,3,2
184,357,3,2
184,358,3,2
184,359,3,2
184,360,3,2
184,361,3,2
184,362,3,2
184,363,3,2
184,364,3,2
184,365,3,2
184,366,3,2
184,367,3,2
184,368,3,2
184,369,3,2
184,370,3,2
184,371,3,2
184,372,3,2
184,373,3,2
184,374,3,2
184,375,3,2
184,376,3,2
184,377,3,2
184,378,3,2
184,379,3,2
184,380,3,2
184,381,3,2
184,382,3,2
184,383,3,2
184,384,3,2
184,385,3,2
184,386,3,2
184,387,3,2
184,388,3,2
184,389,3,2
184,390,3,2
184,391,3,2
184,392,3,2
184,393,3,2
184,394,3,2
184,395,3,2
184,396,3,2
184,397,3,2
184,398,3,2
184,399,3,2
184,400,3,2
184,401,3,2
184,402,3,2
184,403,3,2
184,404,3,2
184,405,3,2
184,406,3,2
184,407,3,2
184,408,3,2
184,409,3,2
184,410,3,2
184,411,3,2
184,412,3,2
184,413,3,2
184,414,3,2
184,415,3,2
184,416,3,2
184,417,3,2
184,418,3,2
184,419,3,2
184,420,3,2
184,421,3,2
184,422,3,2
184,423,3,2
184,424,3,2
184,425,3,2
184,426,3,2
184,427,3,2
184,428,3,2
184,429,3,2
184,430,3,2
184,431,3,2
184,432,3,2
184,433,3,2
184,434,3,2
184,435,3,2
184,436,3,2
184,437,3,2
184,438,3,2
184,439,3,2
184,440,3,2
184,441,3,2
184,442,3,2
184,443,3,2
184,444,3,2
184,445,3,2
184,446,3,2
184,447,3,2
184,448,3,2
184,449,3,2
184,450,3,2
184,451,3,2
184,452,3,2
184,453,3,2
184,454,3,2
184,455,3,2
184,456,3,2
184,457,3,2
184,458,3,2
184,459,3,2
184,460,3,2
184,461,3,2
184,462,3,2
184,463,3,2
184,464,3,2
184,465,3,2
184,466,3,2
184,467,3,2
184,468,3,2
184,469,3,2
184,470,3,2
184,471,3,2
184,472,3,2
184,473,3,2
184,474,3,2
184,475,3,2
184,476,3,2
184,477,3,2
184,478,3,2
184,479,3,2
184,480,3,2
184,481,3,2
184,482,3,2
184,483,3,2
184,484,3,2
184,485,3,2
184,486,3,2
184,487,3,2
184,488,3,2
184,489,3,2
184,490,3,2
184,491,3,2
184,492,3,2
184,493,3,2
184,494,3,2
184,495,3,2
184,496,3,2
184,497,3,2
184,498,3,2
184,499,3,2
184,500,3,2
184,501,3,2
184,502,3,3
184,503,3,3
184,504,3,3
184,505,3,3
184,506,3,3
184,507,3,3
184,508,3,3
184,509,3,3
184,510,3,3
184,511,3,3
184,512,3,3
184,513,3,3
184,514,3,3
184,515,3,3
184,516,3,3
184,517,3,3
184,518,3,3
184,519,3,3
184,520,3,3
184,521,3,3
184,522,3,3
184,523,3,3
184,524,3,3
184,525,3,3
184,526,3,3
184,527,3,3
184,528,3,3
184,529,3,3
184,530,3,3
184,531,3,3
184,532,3,3
184,533,3,3
184,534,3,3
184,535,3,3
184,536,3,3
184,537,3,3
184,538,3,3
184,539,3,3
184,540,3,3
184,541,3,3
184,542,3,3
184,543,3,3
184,544,3,3
184,545,3,3
184,546,3,3
184,547,3,3
184,548,3,3
184,549,3,3
184,550,3,3
184,551,3,3
184,552,3,3
184,553,3,3
184,554,3,3
184,555,3,3
184,556,3,3
184,557,3,3
184,558,3,3
184,559,3,3
184,560,3,3
184,561,3,3
184,562,3,2
184,563,3,2
184,564,3,2
184,565,3,2
184,566,3,2
184,567,3,2
184,568,3,2
184,569,3,2
184,570,3,2
184,571,3,2
184,572,3,2
184,573,3,2
184,574,3,3
184,575,3,3
184,576,3,3
184,577,3,3
184,578,3,3
184,579,3,3
184,580,3,3
184,581,3,3
184,582,3,3
184,583,3,3
184,584,3,3
184,585,3,3
184,586,3,3
184,587,3,3
184,588,3,3
184,589,3,3
184,590,3,3
184,591,3,3
184,592,3,3
184,593,3,3
184,594,3,3
184,595,3,3
184,596,3,3
184,597,3,3
184,598,3,3
184,599,3,3
184,600,3,3
184,601,3,3
184,602,3,3
184,603,3,3
184,604,3,3
184,605,3,2
184,606,3,2
184,607,3,2
184,608,3,2
184,609,3,3
184,610,3,3
184,611,3,3
184,612,3,3
184,613,3,3
184,614,3,3
184,615,3,3
184,616,3,3
184,617,3,3
184,618,3,3
184,619,3,3
184,620,3,3
184,621,3,2
184,622,3,2
184,623,3,2
184,624,3,3
184,625,3,3
184,626,3,3
184,627,3,3
184,628,3,3
184,629,3,3
184,630,3,3
184,631,3,3
184,632,3,3
184,633,3,3
184,634,3,3
184,635,3,3
184,636,3,3
184,637,3,3
184,638,3,3
184,639,3,3
184,640,3,3
184,641,3,3
184,642,3,3
184,643,3,3
184,644,3,3
184,645,3,3
184,646,3,3
184,647,3,3
184,648,3,3
184,649,3,3
184,650,3,3
184,651,3,3
184,652,3,3
184,653,3,3
184,654,3,3
184,655,3,3
184,656,3,3
184,657,3,3
184,658,3,3
184,659,3,3
184,660,3,3
184,661,3,2
184,662,3,2
184,663,3,2
184,664,3,2
184,665,3,2
184,666,3,2
184,667,3,2
184,668,3,2
184,669,3,2
184,670,3,2
184,671,3,2
184,672,3,2
184,673,3,2
184,674,3,2
184,675,3,2
184,676,3,2
184,677,3,2
184,678,3,2
184,679,3,2
184,680,3,2
184,681,3,2
184,682,3,2
184,683,3,2
184,684,3,2
184,685,3,2
184,686,3,2
184,687,3,2
184,688,3,2
184,689,3,2
184,690,3,2
184,691,3,2
184,692,3,2
184,693,3,2
184,694,3,2
184,695,3,2
184,696,3,2
184,697,3,2
184,698,3,2
184,699,3,2
184,700,3,2
184,701,3,2
184,702,3,2
184,703,3,2
184,704,3,2
184,705,3,2
184,706,3,2
184,707,3,2
184,708,3,3
184,709,3,3
184,710,3,3
184,711,3,3
184,712,3,3
184,713,3,3
184,714,3,3
184,715,3,3
184,716,3,3
184,717,3,3
184,718,3,3
184,719,3,3
184,720,3,3
184,721,3,3
184,722,3,3
184,723,3,3
184,724,3,3
184,725,3,3
184,726,3,3
184,727,3,2
184,728,3,2
184,729,3,2
184,730,3,2
184,731,3,2
184,732,3,2
184,733,3,2
184,734,3,2
184,735,3,2
184,736,3,2
184,737,3,2
184,738,3,2
184,739,3,2
184,740,3,2
184,741,3,2
184,742,3,2
184,743,3,2
184,744,3,2
184,745,3,2
184,746,3,2
184,747,3,2
184,748,3,2
184,749,3,2
184,750,3,2
184,751,3,2
184,752,3,2
184,753,3,2
184,754,3,2
184,755,3,2
184,756,3,2
184,757,3,2
184,758,3,2
184,759,3,2
184,760,3,2
184,761,3,2
184,762,3,2
184,763,3,2
184,764,3,2
184,765,3,2
184,766,3,2
184,767,3,2
184,768,3,2
184,769,3,2
184,770,3,2
184,771,3,2
184,772,3,2
184,773,3,2
184,774,3,2
184,775,3,2
184,776,3,2
184,777,3,2
184,778,3,2
184,779,3,2
184,780,3,2
184,781,3,2
184,782,3,2
184,783,3,2
184,784,3,2
184,785,3,2
184,786,3,2
184,787,3,2
184,788,3,2
184,789,3,2
184,790,3,2
184,791,3,2
185,153,3,2
185,154,3,2
185,155,3,2
185,156,3,2
185,157,3,2
185,158,3,2
185,159,3,2
185,160,3,2
185,161,3,2
185,162,3,2
185,163,3,2
185,164,3,2
185,165,3,2
185,166,3,2
185,167,3,2
185,168,3,2
185,169,3,2
185,170,3,2
185,171,3,2
185,172,3,2
185,173,3,2
185,174,3,2
185,175,3,2
185,176,3,2
185,177,3,2
185,178,3,2
185,179,3,2
185,180,3,2
185,181,3,2
185,182,3,2
185,183,3,2
185,184,3,2
185,185,3,2
185,186,3,2
185,187,3,2
185,188,3,2
185,189,3,2
185,190,3,2
185,191,3,2
185,192,3,2
185,193,3,2
185,194,3,2
185,195,3,2
185,196,3,2
185,197,3,2
185,198,3,2
185,199,3,2
185,200,3,2
185,201,3,2
185,202,3,2
185,203,3,2
185,204,3,2
185,205,3,2
185,206,3,2
185,207,3,2
185,208,3,2
185,209,3,2
185,210,3,2
185,211,3,2
185,212,3,2
185,213,3,2
185,214,3,2
185,215,3,2
185,216,3,2
185,217,3,2
185,218,3,2
185,219,3,2
185,220,3,2
185,221,3,2
185,222,3,2
185,223,3,2
185,224,3,2
185,225,3,2
185,226,3,2
185,227,3,2
185,228,3,2
185,229,3,2
185,230,3,2
185,231,3,2
185,232,3,2
185,233,3,2
185,234,3,2
185,235,3,2
185,236,3,2
185,237,3,2
185,238,3,2
185,239,3,2
185,240,3,2
185,241,3,2
185,242,3,2
185,243,3,2
185,244,3,2
185,245,3,2
185,246,3,2
185,247,3,2
185,248,3,2
185,249,3,2
185,250,3,2
185,251,3,2
185,252,3,2
185,253,3,2
185,254,3,2
185,255,3,2
185,256,3,2
185,257,3,2
185,258,3,2
185,259,3,2
185,260,3,2
185,261,3,2
185,262,3,2
185,263,3,2
185,264,3,2
185,265,3,2
185,266,3,2
185,267,3,2
185,268,3,2
185,269,3,2
185,270,3,2
185,271,3,2
185,272,3,2
185,273,3,2
185,274,3,2
185,275,3,2
185,276,3,2
185,277,3,2
185,278,3,2
185,279,3,2
185,280,3,2
185,281,3,2
185,282,3,2
185,283,3,2
185,284,3,2
185,285,3,2
185,286,3,2
185,287,3,2
185,288,3,2
185,289,3,2
185,290,3,2
185,291,3,2
185,292,3,2
185,293,3,2
185,294,3,2
185,295,3,2
185,296,3,2
185,297,3,2
185,298,3,2
185,299,3,2
185,300,3,2
185,301,3,2
185,302,3,2
185,303,3,2
185,304,3,2
185,305,3,2
185,306,3,2
185,307,3,2
185,308,3,2
185,309,3,2
185,310,3,2
185,311,3,2
185,312,3,2
185,313,3,2
185,314,3,2
185,315,3,2
185,316,3,2
185,317,3,2
185,318,3,2
185,319,3,2
185,320,3,2
185,321,3,2
185,322,3,2
185,323,3,2
185,324,3,2
185,325,3,2
185,326,3,2
185,327,3,2
185,328,3,2
185,329,3,2
185,330,3,2
185,331,3,2
185,332,3,2
185,333,3,2
185,334,3,2
185,335,3,2
185,336,3,2
185,337,3,2
185,338,3,2
185,339,3,2
185,340,3,2
185,341,3,2
185,342,3,2
185,343,3,2
185,344,3,2
185,345,3,2
185,346,3,2
185,347,3,2
185,348,3,2
185,349,3,2
185,350,3,2
185,351,3,2
185,352,3,2
185,353,3,2
185,354,3,2
185,355,3,2
185,356,3,2
185,357,3,2
185,358,3,2
185,359,3,2
185,360,3,2
185,361,3,2
185,362,3,2
185,363,3,2
185,364,3,2
185,365,3,2
185,366,3,2
185,367,3,2
185,368,3,2
185,369,3,2
185,370,3,2
185,371,3,2
185,372,3,2
185,373,3,2
185,374,3,2
185,375,3,2
185,376,3,2
185,377,3,2
185,378,3,2
185,379,3,2
185,380,3,2
185,381,3,2
185,382,3,2
185,383,3,2
185,384,3,2
185,385,3,2
185,386,3,2
185,387,3,2
185,388,3,2
185,389,3,2
185,390,3,2
185,391,3,2
185,392,3,2
185,393,3,2
185,394,3,2
185,395,3,2
185,396,3,2
185,397,3,2
185,398,3,2
185,399,3,2
185,400,3,2
185,401,3,2
185,402,3,2
185,403,3,2
185,404,3,2
185,405,3,2
185,406,3,2
185,407,3,2
185,408,3,2
185,409,3,2
185,410,3,2
185,411,3,2
185,412,3,2
185,413,3,2
185,414,3,2
185,415,3,2
185,416,3,2
185,417,3,2
185,418,3,2
185,419,3,2
185,420,3,2
185,421,3,2
185,422,3,2
185,423,3,2
185,424,3,2
185,425,3,2
185,426,3,2
185,427,3,2
185,428,3,2
185,429,3,2
185,430,3,2
185,431,3,2
185,432,3,2
185,433,3,2
185,434,3,2
185,435,3,2
185,436,3,2
185,437,3,2
185,438,3,2
185,439,3,2
185,440,3,2
185,441,3,2
185,442,3,2
185,443,3,2
185,444,3,2
185,445,3,2
185,446,3,2
185,447,3,2
185,448,3,2
185,449,3,2
185,450,3,2
185,451,3,2
185,452,3,2
185,453,3,2
185,454,3,2
185,455,3,2
185,456,3,2
185,457,3,2
185,458,3,2
185,459,3,2
185,460,3,2
185,461,3,2
185,462,3,2
185,463,3,2
185,464,3,2
185,465,3,2
185,466,3,2
185,467,3,2
185,468,3,2
185,469,3,2
185,470,3,2
185,471,3,2
185,472,3,2
185,473,3,2
185,474,3,2
185,475,3,2
185,476,3,2
185,477,3,2
185,478,3,2
185,479,3,2
185,480,3,2
185,481,3,2
185,482,3,2
185,483,3,2
185,484,3,2
185,485,3,2
185,486,3,2
185,487,3,2
185,488,3,2
185,489,3,2
185,490,3,2
185,491,3,2
185,492,3,2
185,493,3,2
185,494,3,2
185,495,3,2
185,496,3,2
185,497,3,2
185,498,3,2
185,499,3,2
185,500,3,2
185,501,3,3
185,502,3,3
185,503,3,3
185,504,3,3
185,505,3,3
185,506,3,3
185,507,3,3
185,508,3,3
185,509,3,3
185,510,3,3
185,511,3,3
185,512,3,3
185,513,3,3
185,514,3,3
185,515,3,3
185,516,3,3
185,517,3,3
185,518,3,3
185,519,3,3
185,520,3,3
185,521,3,3
185,522,3,3
185,523,3,3
185,524,3,3
185,525,3,3
185,526,3,3
185,527,3,3
185,528,3,3
185,529,3,3
185,530,3,3
185,531,3,3
185,532,3,3
185,533,3,3
185,534,3,3
185,535,3,3
185,536,3,3
185,537,3,3
185,538,3,3
185,539,3,3
185,540,3,3
185,541,3,3
185,542,3,3
185,543,3,3
185,544,3,3
185,545,3,3
185,546,3,3
185,547,3,3
185,548,3,3
185,549,3,3
185,550,3,3
185,551,3,3
185,552,3,3
185,553,3,3
185,554,3,3
185,555,3,3
185,556,3,3
185,557,3,3
185,558,3,3
185,559,3,3
185,560,3,3
185,561,3,3
185,562,3,3
185,563,3,2
185,564,3,2
185,565,3,2
185,566,3,2
185,567,3,2
185,568,3,2
185,569,3,2
185,570,3,2
185,571,3,2
185,572,3,3
185,573,3,3
185,574,3,3
185,575,3,3
185,576,3,3
185,577,3,3
185,578,3,3
185,579,3,3
185,580,3,3
185,581,3,3
185,582,3,3
185,583,3,3
185,584,3,3
185,585,3,3
185,586,3,3
185,587,3,3
185,588,3,3
185,589,3,3
185,590,3,3
185,591,3,3
185,592,3,3
185,593,3,3
185,594,3,3
185,595,3,3
185,596,3,3
185,597,3,3
185,598,3,3
185,599,3,3
185,600,3,3
185,601,3,3
185,602,3,3
185,603,3,3
185,604,3,3
185,605,3,3
185,606,3,3
185,607,3,3
185,608,3,3
185,609,3,3
185,610,3,3
185,611,3,3
185,612,3,3
185,613,3,2
185,614,3,2
185,615,3,2
185,616,3,2
185,617,3,2
185,618,3,2
185,619,3,2
185,620,3,2
185,621,3,2
185,622,3,2
185,623,3,2
185,624,3,2
185,625,3,3
185,626,3,3
185,627,3,3
185,628,3,3
185,629,3,3
185,630,3,3
185,631,3,3
185,632,3,3
185,633,3,3
185,634,3,3
185,635,3,3
185,636,3,3
185,637,3,3
185,638,3,3
185,639,3,3
185,640,3,3
185,641,3,3
185,642,3,3
185,643,3,3
185,644,3,3
185,645,3,3
185,646,3,3
185,647,3,3
185,648,3,3
185,649,3,3
185,650,3,3
185,651,3,3
185,652,3,3
185,653,3,3
185,654,3,3
185,655,3,3
185,656,3,3
185,657,3,3
185,658,3,3
185,659,3,3
185,660,3,3
185,661,3,3
185,662,3,2
185,663,3,2
185,664,3,2
185,665,3,2
185,666,3,2
185,667,3,2
185,668,3,2
185,669,3,2
185,670,3,2
185,671,3,2
185,672,3,2
185,673,3,2
185,674,3,2
185,675,3,2
185,676,3,2
185,677,3,2
185,678,3,2
185,679,3,2
185,680,3,2
185,681,3,2
185,682,3,2
185,683,3,2
185,684,3,2
185,685,3,2
185,686,3,2
185,687,3,2
185,688,3,2
185,689,3,2
185,690,3,2
185,691,3,2
185,692,3,2
185,693,3,2
185,694,3,2
185,695,3,2
185,696,3,2
185,697,3,2
185,698,3,2
185,699,3,2
185,700,3,2
185,701,3,2
185,702,3,2
185,703,3,2
185,704,3,2
185,705,3,2
185,706,3,2
185,707,3,2
185,708,3,3
185,709,3,3
185,710,3,3
185,711,3,3
185,712,3,3
185,713,3,3
185,714,3,3
185,715,3,3
185,716,3,3
185,717,3,3
185,718,3,3
185,719,3,3
185,720,3,3
185,721,3,3
185,722,3,3
185,723,3,3
185,724,3,3
185,725,3,3
185,726,3,3
185,727,3,3
185,728,3,2
185,729,3,2
185,730,3,2
185,731,3,2
185,732,3,2
185,733,3,2
185,734,3,2
185,735,3,2
185,736,3,2
185,737,3,2
185,738,3,2
185,739,3,2
185,740,3,2
185,741,3,2
185,742,3,2
185,743,3,2
185,744,3,2
185,745,3,2
185,746,3,2
185,747,3,2
185,748,3,2
185,749,3,2
185,750,3,2
185,751,3,2
185,752,3,2
185,753,3,2
185,754,3,2
185,755,3,2
185,756,3,2
185,757,3,2
185,758,3,2
185,759,3,2
185,760,3,2
185,761,3,2
185,762,3,2
185,763,3,2
185,764,3,2
185,765,3,2
185,766,3,2
185,767,3,2
185,768,3,2
185,769,3,2
185,770,3,2
185,771,3,2
185,772,3,2
185,773,3,2
185,774,3,2
185,775,3,2
185,776,3,2
185,777,3,2
185,778,3,2
185,779,3,2
185,780,3,2
185,781,3,2
185,782,3,2
185,783,3,2
185,784,3,2
185,785,3,2
185,786,3,2
185,787,3,2
185,788,3,2
185,789,3,2
185,790,3,2
185,791,3,2
186,151,3,2
186,152,3,2
186,153,3,2
186,154,3,2
186,155,3,2
186,156,3,2
186,157,3,2
186,158,3,2
186,159,3,2
186,160,3,2
186,161,3,2
186,162,3,2
186,163,3,2
186,164,3,2
186,165,3,2
186,166,3,2
186,167,3,2
186,168,3,2
186,169,3,2
186,170,3,2
186,171,3,2
186,172,3,2
186,173,3,2
186,174,3,2
186,175,3,2
186,176,3,2
186,177,3,2
186,178,3,2
186,179,3,2
186,180,3,2
186,181,3,2
186,182,3,2
186,183,3,2
186,184,3,2
186,185,3,2
186,186,3,2
186,187,3,2
186,188,3,2
186,189,3,2
186,190,3,2
186,191,3,2
186,192,3,2
186,193,3,2
186,194,3,2
186,195,3,2
186,196,3,2
186,197,3,2
186,198,3,2
186,199,3,2
186,200,3,2
186,201,3,2
186,202,3,2
186,203,3,2
186,204,3,2
186,205,3,2
186,206,3,2
186,207,3,2
186,208,3,2
186,209,3,2
186,210,3,2
186,211,3,2
186,212,3,2
186,213,3,2
186,214,3,2
186,215,3,2
186,216,3,2
186,217,3,2
186,218,3,2
186,219,3,2
186,220,3,2
186,221,3,2
186,222,3,2
186,223,3,2
186,224,3,2
186,225,3,2
186,226,3,2
186,227,3,2
186,228,3,2
186,229,3,2
186,230,3,2
186,231,3,2
186,232,3,2
186,233,3,2
186,234,3,2
186,235,3,2
186,236,3,2
186,237,3,2
186,238,3,2
186,239,3,2
186,240,3,2
186,241,3,2
186,242,3,2
186,243,3,2
186,244,3,2
186,245,3,2
186,246,3,2
186,247,3,2
186,248,3,2
186,249,3,2
186,250,3,2
186,251,3,2
186,252,3,2
186,253,3,2
186,254,3,2
186,255,3,2
186,256,3,2
186,257,3,2
186,258,3,2
186,259,3,2
186,260,3,2
186,261,3,2
186,262,3,2
186,263,3,2
186,264,3,2
186,265,3,2
186,266,3,2
186,267,3,2
186,268,3,2
186,269,3,2
186,270,3,2
186,271,3,2
186,272,3,2
186,273,3,2
186,274,3,2
186,275,3,2
186,276,3,2
186,277,3,2
186,278,3,2
186,279,3,2
186,280,3,2
186,281,3,2
186,282,3,2
186,283,3,2
186,284,3,2
186,285,3,2
186,286,3,2
186,287,3,2
186,288,3,2
186,289,3,2
186,290,3,2
186,291,3,2
186,292,3,2
186,293,3,2
186,294,3,2
186,295,3,2
186,296,3,2
186,297,3,2
186,298,3,2
186,299,3,2
186,300,3,2
186,301,3,2
186,302,3,2
186,303,3,2
186,304,3,2
186,305,3,2
186,306,3,2
186,307,3,2
186,308,3,2
186,309,3,2
186,310,3,2
186,311,3,2
186,312,3,2
186,313,3,2
186,314,3,2
186,315,3,2
186,316,3,2
186,317,3,2
186,318,3,2
186,319,3,2
186,320,3,2
186,321,3,2
186,322,3,2
186,323,3,2
186,324,3,2
186,325,3,2
186,326,3,2
186,327,3,2
186,328,3,2
186,329,3,2
186,330,3,2
186,331,3,2
186,332,3,2
186,333,3,2
186,334,3,2
186,335,3,2
186,336,3,2
186,337,3,2
186,338,3,2
186,339,3,2
186,340,3,2
186,341,3,2
186,342,3,2
186,343,3,2
186,344,3,2
186,345,3,2
186,346,3,2
186,347,3,2
186,348,3,2
186,349,3,2
186,350,3,2
186,351,3,2
186,352,3,2
186,353,3,2
186,354,3,2
186,355,3,2
186,356,3,2
186,357,3,2
186,358,3,2
186,359,3,2
186,360,3,2
186,361,3,2
186,362,3,2
186,363,3,2
186,364,3,2
186,365,3,2
186,366,3,2
186,367,3,2
186,368,3,2
186,369,3,2
186,370,3,2
186,371,3,2
186,372,3,2
186,373,3,2
186,374,3,2
186,375,3,2
186,376,3,2
186,377,3,2
186,378,3,2
186,379,3,2
186,380,3,2
186,381,3,2
186,382,3,2
186,383,3,2
186,384,3,2
186,385,3,2
186,386,3,2
186,387,3,2
186,388,3,2
186,389,3,2
186,390,3,2
186,391,3,2
186,392,3,2
186,393,3,2
186,394,3,2
186,395,3,2
186,396,3,2
186,397,3,2
186,398,3,2
186,399,3,2
186,400,3,2
186,401,3,2
186,402,3,2
186,403,3,2
186,404,3,2
186,405,3,2
186,406,3,2
186,407,3,2
186,408,3,2
186,409,3,2
186,410,3,2
186,411,3,2
186,412,3,2
186,413,3,2
186,414,3,2
186,415,3,2
186,416,3,2
186,417,3,2
186,418,3,2
186,419,3,2
186,420,3,2
186,421,3,2
186,422,3,2
186,423,3,2
186,424,3,2
186,425,3,2
186,426,3,2
186,427,3,2
186,428,3,2
186,429,3,2
186,430,3,2
186,431,3,2
186,432,3,2
186,433,3,2
186,434,3,2
186,435,3,2
186,436,3,2
186,437,3,2
186,438,3,2
186,439,3,2
186,440,3,2
186,441,3,2
186,442,3,2
186,443,3,2
186,444,3,2
186,445,3,2
186,446,3,2
186,447,3,2
186,448,3,2
186,449,3,2
186,450,3,2
186,451,3,2
186,452,3,2
186,453,3,2
186,454,3,2
186,455,3,2
186,456,3,2
186,457,3,2
186,458,3,2
186,459,3,2
186,460,3,2
186,461,3,2
186,462,3,2
186,463,3,2
186,464,3,2
186,465,3,2
186,466,3,2
186,467,3,2
186,468,3,2
186,469,3,2
186,470,3,2
186,471,3,2
186,472,3,2
186,473,3,2
186,474,3,2
186,475,3,2
186,476,3,2
186,477,3,2
186,478,3,2
186,479,3,2
186,480,3,2
186,481,3,2
186,482,3,2
186,483,3,2
186,484,3,2
186,485,3,2
186,486,3,2
186,487,3,2
186,488,3,2
186,489,3,2
186,490,3,2
186,491,3,2
186,492,3,2
186,493,3,2
186,494,3,2
186,495,3,2
186,496,3,2
186,497,3,2
186,498,3,2
186,499,3,2
186,500,3,3
186,501,3,3
186,502,3,3
186,503,3,3
186,504,3,3
186,505,3,3
186,506,3,3
186,507,3,3
186,508,3,3
186,509,3,3
186,510,3,3
186,511,3,3
186,512,3,3
186,513,3,3
186,514,3,3
186,515,3,3
186,516,3,3
186,517,3,3
186,518,3,3
186,519,3,3
186,520,3,3
186,521,3,3
186,522,3,3
186,523,3,3
186,524,3,3
186,525,3,3
186,526,3,3
186,527,3,3
186,528,3,3
186,529,3,3
186,530,3,3
186,531,3,3
186,532,3,3
186,533,3,3
186,534,3,3
186,535,3,3
186,536,3,3
186,537,3,3
186,538,3,3
186,539,3,3
186,540,3,3
186,541,3,3
186,542,3,3
186,543,3,3
186,544,3,3
186,545,3,3
186,546,3,3
186,547,3,3
186,548,3,3
186,549,3,3
186,550,3,3
186,551,3,3
186,552,3,3
186,553,3,3
186,554,3,3
186,555,3,3
186,556,3,3
186,557,3,3
186,558,3,3
186,559,3,3
186,560,3,3
186,561,3,3
186,562,3,3
186,563,3,3
186,564,3,3
186,565,3,3
186,566,3,2
186,567,3,2
186,568,3,2
186,569,3,2
186,570,3,2
186,571,3,3
186,572,3,3
186,573,3,3
186,574,3,3
186,575,3,3
186,576,3,3
186,577,3,3
186,578,3,3
186,579,3,3
186,580,3,3
186,581,3,3
186,582,3,3
186,583,3,3
186,584,3,3
186,585,3,3
186,586,3,3
186,587,3,3
186,588,3,3
186,589,3,3
186,590,3,3
186,591,3,3
186,592,3,3
186,593,3,3
186,594,3,3
186,595,3,3
186,596,3,3
186,597,3,3
186,598,3,3
186,599,3,3
186,600,3,3
186,601,3,3
186,602,3,3
186,603,3,3
186,604,3,3
186,605,3,3
186,606,3,3
186,607,3,3
186,608,3,3
186,609,3,3
186,610,3,3
186,611,3,3
186,612,3,3
186,613,3,3
186,614,3,3
186,615,3,3
186,616,3,2
186,617,3,2
186,618,3,2
186,619,3,2
186,620,3,2
186,621,3,2
186,622,3,2
186,623,3,2
186,624,3,2
186,625,3,3
186,626,3,3
186,627,3,3
186,628,3,3
186,629,3,3
186,630,3,3
186,631,3,3
186,632,3,3
186,633,3,3
186,634,3,3
186,635,3,3
186,636,3,3
186,637,3,3
186,638,3,3
186,639,3,3
186,640,3,3
186,641,3,3
186,642,3,3
186,643,3,3
186,644,3,3
186,645,3,3
186,646,3,3
186,647,3,3
186,648,3,3
186,649,3,3
186,650,3,3
186,651,3,3
186,652,3,3
186,653,3,3
186,654,3,3
186,655,3,3
186,656,3,3
186,657,3,3
186,658,3,3
186,659,3,3
186,660,3,3
186,661,3,3
186,662,3,3
186,663,3,2
186,664,3,2
186,665,3,2
186,666,3,2
186,667,3,2
186,668,3,2
186,669,3,2
186,670,3,2
186,671,3,2
186,672,3,2
186,673,3,2
186,674,3,2
186,675,3,2
186,676,3,2
186,677,3,2
186,678,3,2
186,679,3,2
186,680,3,2
186,681,3,2
186,682,3,2
186,683,3,2
186,684,3,2
186,685,3,2
186,686,3,2
186,687,3,2
186,688,3,2
186,689,3,2
186,690,3,2
186,691,3,2
186,692,3,2
186,693,3,2
186,694,3,2
186,695,3,2
186,696,3,2
186,697,3,2
186,698,3,2
186,699,3,2
186,700,3,2
186,701,3,2
186,702,3,2
186,703,3,2
186,704,3,2
186,705,3,2
186,706,3,2
186,707,3,2
186,708,3,3
186,709,3,3
186,710,3,3
186,711,3,3
186,712,3,3
186,713,3,3
186,714,3,3
186,715,3,3
186,716,3,3
186,717,3,3
186,718,3,3
186,719,3,3
186,720,3,3
186,721,3,3
186,722,3,3
186,723,3,3
186,724,3,3
186,725,3,3
186,726,3,3
186,727,3,3
186,728,3,2
186,729,3,2
186,730,3,2
186,731,3,2
186,732,3,2
186,733,3,2
186,734,3,2
186,735,3,2
186,736,3,2
186,737,3,2
186,738,3,2
186,739,3,2
186,740,3,2
186,741,3,2
186,742,3,2
186,743,3,2
186,744,3,2
186,745,3,2
186,746,3,2
186,747,3,2
186,748,3,2
186,749,3,2
186,750,3,2
186,751,3,2
186,752,3,2
186,753,3,2
186,754,3,2
186,755,3,2
186,756,3,2
186,757,3,2
186,758,3,2
186,759,3,2
186,760,3,2
186,761,3,2
186,762,3,2
186,763,3,2
186,764,3,2
186,765,3,2
186,766,3,2
186,767,3,2
186,768,3,2
186,769,3,2
186,770,3,2
186,771,3,2
186,772,3,2
186,773,3,2
186,774,3,2
186,775,3,2
186,776,3,2
186,777,3,2
186,778,3,2
186,779,3,2
186,780,3,2
186,781,3,2
186,782,3,2
186,783,3,2
186,784,3,2
186,785,3,2
186,786,3,2
186,787,3,2
186,788,3,2
186,789,3,2
186,790,3,2
186,791,3,2
187,150,3,2
187,151,3,2
187,152,3,2
187,153,3,2
187,154,3,2
187,155,3,2
187,156,3,2
187,157,3,2
187,158,3,2
187,159,3,2
187,160,3,2
187,161,3,2
187,162,3,2
187,163,3,2
187,164,3,2
187,165,3,2
187,166,3,2
187,167,3,2
187,168,3,2
187,169,3,2
187,170,3,2
187,171,3,2
187,172,3,2
187,173,3,2
187,174,3,2
187,175,3,2
187,176,3,2
187,177,3,2
187,178,3,2
187,179,3,2
187,180,3,2
187,181,3,2
187,182,3,2
187,183,3,2
187,184,3,2
187,185,3,2
187,186,3,2
187,187,3,2
187,188,3,2
187,189,3,2
187,190,3,2
187,191,3,2
187,192,3,2
187,193,3,2
187,194,3,2
187,195,3,2
187,196,3,2
187,197,3,2
187,198,3,2
187,199,3,2
187,200,3,2
187,201,3,2
187,202,3,2
187,203,3,2
187,204,3,2
187,205,3,2
187,206,3,2
187,207,3,2
187,208,3,2
187,209,3,2
187,210,3,2
187,211,3,2
187,212,3,2
187,213,3,2
187,214,3,2
187,215,3,2
187,216,3,2
187,217,3,2
187,218,3,2
187,219,3,2
187,220,3,2
187,221,3,2
187,222,3,2
187,223,3,2
187,224,3,2
187,225,3,2
187,226,3,2
187,227,3,2
187,228,3,2
187,229,3,2
187,230,3,2
187,231,3,2
187,232,3,2
187,233,3,2
187,234,3,2
187,235,3,2
187,236,3,2
187,237,3,2
187,238,3,2
187,239,3,2
187,240,3,2
187,241,3,2
187,242,3,2
187,243,3,2
187,244,3,2
187,245,3,2
187,246,3,2
187,247,3,2
187,248,3,2
187,249,3,2
187,250,3,2
187,251,3,2
187,252,3,2
187,253,3,2
187,254,3,2
187,255,3,2
187,256,3,2
187,257,3,2
187,258,3,2
187,259,3,2
187,260,3,2
187,261,3,2
187,262,3,2
187,263,3,2
187,264,3,2
187,265,3,2
187,266,3,2
187,267,3,2
187,268,3,2
187,269,3,2
187,270,3,2
187,271,3,2
187,272,3,2
187,273,3,2
187,274,3,2
187,275,3,2
187,276,3,2
187,277,3,2
187,278,3,2
187,279,3,2
187,280,3,2
187,281,3,2
187,282,3,2
187,283,3,2
187,284,3,2
187,285,3,2
187,286,3,2
187,287,3,2
187,288,3,2
187,289,3,2
187,290,3,2
187,291,3,2
187,292,3,2
187,293,3,2
187,294,3,2
187,295,3,2
187,296,3,2
187,297,3,2
187,298,3,2
187,299,3,2
187,300,3,2
187,301,3,2
187,302,3,2
187,303,3,2
187,304,3,2
187,305,3,2
187,306,3,2
187,307,3,2
187,308,3,2
187,309,3,2
187,310,3,2
187,311,3,2
187,312,3,2
187,313,3,2
187,314,3,2
187,315,3,2
187,316,3,2
187,317,3,2
187,318,3,2
187,319,3,2
187,320,3,2
187,321,3,2
187,322,3,2
187,323,3,2
187,324,3,2
187,325,3,2
187,326,3,2
187,327,3,2
187,328,3,2
187,329,3,2
187,330,3,2
187,331,3,2
187,332,3,2
187,333,3,2
187,334,3,2
187,335,3,2
187,336,3,2
187,337,3,2
187,338,3,2
187,339,3,2
187,340,3,2
187,341,3,2
187,342,3,2
187,343,3,2
187,344,3,2
187,345,3,2
187,346,3,2
187,347,3,2
187,348,3,2
187,349,3,2
187,350,3,2
187,351,3,2
187,352,3,2
187,353,3,2
187,354,3,2
187,355,3,2
187,356,3,2
187,357,3,2
187,358,3,2
187,359,3,2
187,360,3,2
187,361,3,2
187,362,3,2
187,363,3,2
187,364,3,2
187,365,3,2
187,366,3,2
187,367,3,2
187,368,3,2
187,369,3,2
187,370,3,2
187,371,3,2
187,372,3,2
187,373,3,2
187,374,3,2
187,375,3,2
187,376,3,2
187,377,3,2
187,378,3,2
187,379,3,2
187,380,3,2
187,381,3,2
187,382,3,2
187,383,3,2
187,384,3,2
187,385,3,2
187,386,3,2
187,387,3,2
187,388,3,2
187,389,3,2
187,390,3,2
187,391,3,2
187,392,3,2
187,393,3,2
187,394,3,2
187,395,3,2
187,396,3,2
187,397,3,2
187,398,3,2
187,399,3,2
187,400,3,2
187,401,3,2
187,402,3,2
187,403,3,2
187,404,3,2
187,405,3,2
187,406,3,2
187,407,3,2
187,408,3,2
187,409,3,2
187,410,3,2
187,411,3,2
187,412,3,2
187,413,3,2
187,414,3,2
187,415,3,2
187,416,3,2
187,417,3,2
187,418,3,2
187,419,3,2
187,420,3,2
187,421,3,2
187,422,3,2
187,423,3,2
187,424,3,2
187,425,3,2
187,426,3,2
187,427,3,2
187,428,3,2
187,429,3,2
187,430,3,2
187,431,3,2
187,432,3,2
187,433,3,2
187,434,3,2
187,435,3,2
187,436,3,2
187,437,3,2
187,438,3,2
187,439,3,2
187,440,3,2
187,441,3,2
187,442,3,2
187,443,3,2
187,444,3,2
187,445,3,2
187,446,3,2
187,447,3,2
187,448,3,2
187,449,3,2
187,450,3,2
187,451,3,2
187,452,3,2
187,453,3,2
187,454,3,2
187,455,3,2
187,456,3,2
187,457,3,2
187,458,3,2
187,459,3,2
187,460,3,2
187,461,3,2
187,462,3,2
187,463,3,2
187,464,3,2
187,465,3,2
187,466,3,2
187,467,3,2
187,468,3,2
187,469,3,2
187,470,3,2
187,471,3,2
187,472,3,2
187,473,3,2
187,474,3,2
187,475,3,2
187,476,3,2
187,477,3,2
187,478,3,2
187,479,3,2
187,480,3,2
187,481,3,2
187,482,3,2
187,483,3,2
187,484,3,2
187,485,3,2
187,486,3,2
187,487,3,2
187,488,3,2
187,489,3,2
187,490,3,2
187,491,3,2
187,492,3,2
187,493,3,2
187,494,3,2
187,495,3,2
187,496,3,2
187,497,3,2
187,498,3,2
187,499,3,2
187,500,3,3
187,501,3,3
187,502,3,3
187,503,3,3
187,504,3,3
187,505,3,3
187,506,3,3
187,507,3,3
187,508,3,3
187,509,3,3
187,510,3,3
187,511,3,3
187,512,3,3
187,513,3,3
187,514,3,3
187,515,3,3
187,516,3,3
187,517,3,3
187,518,3,3
187,519,3,3
187,520,3,3
187,521,3,3
187,522,3,3
187,523,3,3
187,524,3,3
187,525,3,3
187,526,3,3
187,527,3,3
187,528,3,3
187,529,3,3
187,530,3,3
187,531,3,3
187,532,3,3
187,533,3,3
187,534,3,3
187,535,3,3
187,536,3,3
187,537,3,3
187,538,3,3
187,539,3,3
187,540,3,3
187,541,3,3
187,542,3,3
187,543,3,3
187,544,3,3
187,545,3,3
187,546,3,3
187,547,3,3
187,548,3,3
187,549,3,3
187,550,3,3
187,551,3,3
187,552,3,3
187,553,3,3
187,554,3,3
187,555,3,3
187,556,3,3
187,557,3,3
187,558,3,3
187,559,3,3
187,560,3,3
187,561,3,3
187,562,3,3
187,563,3,3
187,564,3,3
187,565,3,3
187,566,3,3
187,567,3,3
187,568,3,3
187,569,3,3
187,570,3,3
187,571,3,3
187,572,3,3
187,573,3,3
187,574,3,3
187,575,3,3
187,576,3,3
187,577,3,3
187,578,3,3
187,579,3,3
187,580,3,3
187,581,3,3
187,582,3,3
187,583,3,3
187,584,3,3
187,585,3,3
187,586,3,3
187,587,3,3
187,588,3,3
187,589,3,3
187,590,3,3
187,591,3,3
187,592,3,3
187,593,3,3
187,594,3,3
187,595,3,3
187,596,3,3
187,597,3,3
187,598,3,3
187,599,3,3
187,600,3,3
187,601,3,3
187,602,3,3
187,603,3,3
187,604,3,3
187,605,3,3
187,606,3,3
187,607,3,3
187,608,3,3
187,609,3,3
187,610,3,3
187,611,3,3
187,612,3,3
187,613,3,3
187,614,3,3
187,615,3,3
187,616,3,2
187,617,3,2
187,618,3,2
187,619,3,2
187,620,3,2
187,621,3,2
187,622,3,2
187,623,3,2
187,624,3,2
187,625,3,2
187,626,3,3
187,627,3,3
187,628,3,3
187,629,3,3
187,630,3,3
187,631,3,3
187,632,3,3
187,633,3,3
187,634,3,3
187,635,3,3
187,636,3,3
187,637,3,3
187,638,3,3
187,639,3,3
187,640,3,3
187,641,3,3
187,642,3,3
187,643,3,3
187,644,3,3
187,645,3,3
187,646,3,3
187,647,3,3
187,648,3,3
187,649,3,3
187,650,3,3
187,651,3,3
187,652,3,3
187,653,3,3
187,654,3,3
187,655,3,3
187,656,3,3
187,657,3,3
187,658,3,3
187,659,3,3
187,660,3,3
187,661,3,3
187,662,3,3
187,663,3,3
187,664,3,3
187,665,3,2
187,666,3,2
187,667,3,2
187,668,3,2
187,669,3,2
187,670,3,2
187,671,3,2
187,672,3,2
187,673,3,2
187,674,3,2
187,675,3,2
187,676,3,2
187,677,3,2
187,678,3,2
187,679,3,2
187,680,3,2
187,681,3,2
187,682,3,2
187,683,3,2
187,684,3,2
187,685,3,2
187,686,3,2
187,687,3,2
187,688,3,2
187,689,3,2
187,690,3,2
187,691,3,2
187,692,3,2
187,693,3,2
187,694,3,2
187,695,3,2
187,696,3,2
187,697,3,2
187,698,3,2
187,699,3,2
187,700,3,2
187,701,3,2
187,702,3,2
187,703,3,2
187,704,3,2
187,705,3,2
187,706,3,2
187,707,3,3
187,708,3,3
187,709,3,3
187,710,3,3
187,711,3,3
187,712,3,3
187,713,3,3
187,714,3,3
187,715,3,3
187,716,3,3
187,717,3,3
187,718,3,3
187,719,3,3
187,720,3,3
187,721,3,3
187,722,3,3
187,723,3,3
187,724,3,3
187,725,3,3
187,726,3,3
187,727,3,3
187,728,3,3
187,729,3,2
187,730,3,2
187,731,3,2
187,732,3,2
187,733,3,2
187,734,3,2
187,735,3,2
187,736,3,2
187,737,3,2
187,738,3,2
187,739,3,2
187,740,3,2
187,741,3,2
187,742,3,2
187,743,3,2
187,744,3,2
187,745,3,2
187,746,3,2
187,747,3,2
187,748,3,2
187,749,3,2
187,750,3,2
187,751,3,2
187,752,3,2
187,753,3,2
187,754,3,2
187,755,3,2
187,756,3,2
187,757,3,2
187,758,3,2
187,759,3,2
187,760,3,2
187,761,3,2
187,762,3,2
187,763,3,2
187,764,3,2
187,765,3,2
187,766,3,2
187,767,3,2
187,768,3,2
187,769,3,2
187,770,3,2
187,771,3,2
187,772,3,2
187,773,3,2
187,774,3,2
187,775,3,2
187,776,3,2
187,777,3,2
187,778,3,2
187,779,3,2
187,780,3,2
187,781,3,2
187,782,3,2
187,783,3,2
187,784,3,2
187,785,3,2
187,786,3,2
187,787,3,2
187,788,3,2
187,789,3,2
187,790,3,2
187,791,3,2
188,149,3,2
188,150,3,2
188,151,3,2
188,152,3,2
188,153,3,2
188,154,3,2
188,155,3,2
188,156,3,2
188,157,3,2
188,158,3,2
188,159,3,2
188,160,3,2
188,161,3,2
188,162,3,2
188,163,3,2
188,164,3,2
188,165,3,2
188,166,3,2
188,167,3,2
188,168,3,2
188,169,3,2
188,170,3,2
188,171,3,2
188,172,3,2
188,173,3,2
188,174,3,2
188,175,3,2
188,176,3,2
188,177,3,2
188,178,3,2
188,179,3,2
188,180,3,2
188,181,3,2
188,182,3,2
188,183,3,2
188,184,3,2
188,185,3,2
188,186,3,2
188,187,3,2
188,188,3,2
188,189,3,2
188,190,3,2
188,191,3,2
188,192,3,2
188,193,3,2
188,194,3,2
188,195,3,2
188,196,3,2
188,197,3,2
188,198,3,2
188,199,3,2
188,200,3,2
188,201,3,2
188,202,3,2
188,203,3,2
188,204,3,2
188,205,3,2
188,206,3,2
188,207,3,2
188,208,3,2
188,209,3,2
188,210,3,2
188,211,3,2
188,212,3,2
188,213,3,2
188,214,3,2
188,215,3,2
188,216,3,2
188,217,3,2
188,218,3,2
188,219,3,2
188,220,3,2
188,221,3,2
188,222,3,2
188,223,3,2
188,224,3,2
188,225,3,2
188,226,3,2
188,227,3,2
188,228,3,2
188,229,3,2
188,230,3,2
188,231,3,2
188,232,3,2
188,233,3,2
188,234,3,2
188,235,3,2
188,236,3,2
188,237,3,2
188,238,3,2
188,239,3,2
188,240,3,2
188,241,3,2
188,242,3,2
188,243,3,2
188,244,3,2
188,245,3,2
188,246,3,2
188,247,3,2
188,248,3,2
188,249,3,2
188,250,3,2
188,251,3,2
188,252,3,2
188,253,3,2
188,254,3,2
188,255,3,2
188,256,3,2
188,257,3,2
188,258,3,2
188,259,3,2
188,260,3,2
188,261,3,2
188,262,3,2
188,263,3,2
188,264,3,2
188,265,3,2
188,266,3,2
188,267,3,2
188,268,3,2
188,269,3,2
188,270,3,2
188,271,3,2
188,272,3,2
188,273,3,2
188,274,3,2
188,275,3,2
188,276,3,2
188,277,3,2
188,278,3,2
188,279,3,2
188,280,3,2
188,281,3,2
188,282,3,2
188,283,3,2
188,284,3,2
188,285,3,2
188,286,3,2
188,287,3,2
188,288,3,2
188,289,3,2
188,290,3,2
188,291,3,2
188,292,3,2
188,293,3,2
188,294,3,2
188,295,3,2
188,296,3,2
188,297,3,2
188,298,3,2
188,299,3,2
188,300,3,2
188,301,3,2
188,302,3,2
188,303,3,2
188,304,3,2
188,305,3,2
188,306,3,2
188,307,3,2
188,308,3,2
188,309,3,2
188,310,3,2
188,311,3,2
188,312,3,2
188,313,3,2
188,314,3,2
188,315,3,2
188,316,3,2
188,317,3,2
188,318,3,2
188,319,3,2
188,320,3,2
188,321,3,2
188,322,3,2
188,323,3,2
188,324,3,2
188,325,3,2
188,326,3,2
188,327,3,2
188,328,3,2
188,329,3,2
188,330,3,2
188,331,3,2
188,332,3,2
188,333,3,2
188,334,3,2
188,335,3,2
188,336,3,2
188,337,3,2
188,338,3,2
188,339,3,2
188,340,3,2
188,341,3,2
188,342,3,2
188,343,3,2
188,344,3,2
188,345,3,2
188,346,3,2
188,347,3,2
188,348,3,2
188,349,3,2
188,350,3,2
188,351,3,2
188,352,3,2
188,353,3,2
188,354,3,2
188,355,3,2
188,356,3,2
188,357,3,2
188,358,3,2
188,359,3,2
188,360,3,2
188,361,3,2
188,362,3,2
188,363,3,2
188,364,3,2
188,365,3,2
188,366,3,2
188,367,3,2
188,368,3,2
188,369,3,2
188,370,3,2
188,371,3,2
188,372,3,2
188,373,3,2
188,374,3,2
188,375,3,2
188,376,3,2
188,377,3,2
188,378,3,2
188,379,3,2
188,380,3,2
188,381,3,2
188,382,3,2
188,383,3,2
188,384,3,2
188,385,3,2
188,386,3,2
188,387,3,2
188,388,3,2
188,389,3,2
188,390,3,2
188,391,3,2
188,392,3,2
188,393,3,2
188,394,3,2
188,395,3,2
188,396,3,2
188,397,3,2
188,398,3,2
188,399,3,2
188,400,3,2
188,401,3,2
188,402,3,2
188,403,3,2
188,404,3,2
188,405,3,2
188,406,3,2
188,407,3,2
188,408,3,2
188,409,3,2
188,410,3,2
188,411,3,2
188,412,3,2
188,413,3,2
188,414,3,2
188,415,3,2
188,416,3,2
188,417,3,2
188,418,3,2
188,419,3,2
188,420,3,2
188,421,3,2
188,422,3,2
188,423,3,2
188,424,3,2
188,425,3,2
188,426,3,2
188,427,3,2
188,428,3,2
188,429,3,2
188,430,3,2
188,431,3,2
188,432,3,2
188,433,3,2
188,434,3,2
188,435,3,2
188,436,3,2
188,437,3,2
188,438,3,2
188,439,3,2
188,440,3,2
188,441,3,2
188,442,3,2
188,443,3,2
188,444,3,2
188,445,3,2
188,446,3,2
188,447,3,2
188,448,3,2
188,449,3,2
188,450,3,2
188,451,3,2
188,452,3,2
188,453,3,2
188,454,3,2
188,455,3,2
188,456,3,2
188,457,3,2
188,458,3,2
188,459,3,2
188,460,3,2
188,461,3,2
188,462,3,2
188,463,3,2
188,464,3,2
188,465,3,2
188,466,3,2
188,467,3,2
188,468,3,2
188,469,3,2
188,470,3,2
188,471,3,2
188,472,3,2
188,473,3,2
188,474,3,2
188,475,3,2
188,476,3,2
188,477,3,2
188,478,3,2
188,479,3,2
188,480,3,2
188,481,3,2
188,482,3,2
188,483,3,2
188,484,3,2
188,485,3,2
188,486,3,2
188,487,3,2
188,488,3,2
188,489,3,2
188,490,3,2
188,491,3,2
188,492,3,2
188,493,3,2
188,494,3,2
188,495,3,2
188,496,3,2
188,497,3,2
188,498,3,2
188,499,3,2
188,500,3,3
188,501,3,3
188,502,3,3
188,503,3,3
188,504,3,3
188,505,3,3
188,506,3,3
188,507,3,3
188,508,3,3
188,509,3,3
188,510,3,3
188,511,3,3
188,512,3,3
188,513,3,3
188,514,3,3
188,515,3,3
188,516,3,3
188,517,3,3
188,518,3,3
188,519,3,3
188,520,3,3
188,521,3,3
188,522,3,3
188,523,3,3
188,524,3,3
188,525,3,3
188,526,3,3
188,527,3,3
188,528,3,3
188,529,3,3
188,530,3,3
188,531,3,3
188,532,3,3
188,533,3,3
188,534,3,3
188,535,3,3
188,536,3,3
188,537,3,3
188,538,3,3
188,539,3,3
188,540,3,3
188,541,3,3
188,542,3,3
188,543,3,3
188,544,3,3
188,545,3,3
188,546,3,3
188,547,3,3
188,548,3,3
188,549,3,3
188,550,3,3
188,551,3,3
188,552,3,3
188,553,3,3
188,554,3,3
188,555,3,3
188,556,3,3
188,557,3,3
188,558,3,3
188,559,3,3
188,560,3,3
188,561,3,3
188,562,3,3
188,563,3,3
188,564,3,3
188,565,3,3
188,566,3,3
188,567,3,3
188,568,3,3
188,569,3,3
188,570,3,3
188,571,3,3
188,572,3,3
188,573,3,3
188,574,3,3
188,575,3,3
188,576,3,3
188,577,3,3
188,578,3,3
188,579,3,3
188,580,3,3
188,581,3,3
188,582,3,3
188,583,3,3
188,584,3,3
188,585,3,3
188,586,3,3
188,587,3,3
188,588,3,3
188,589,3,3
188,590,3,3
188,591,3,3
188,592,3,3
188,593,3,3
188,594,3,3
188,595,3,3
188,596,3,3
188,597,3,3
188,598,3,3
188,599,3,3
188,600,3,3
188,601,3,3
188,602,3,3
188,603,3,3
188,604,3,3
188,605,3,3
188,606,3,3
188,607,3,3
188,608,3,3
188,609,3,3
188,610,3,3
188,611,3,3
188,612,3,3
188,613,3,3
188,614,3,3
188,615,3,3
188,616,3,3
188,617,3,2
188,618,3,2
188,619,3,2
188,620,3,2
188,621,3,2
188,622,3,2
188,623,3,2
188,624,3,2
188,625,3,2
188,626,3,3
188,627,3,3
188,628,3,3
188,629,3,3
188,630,3,3
188,631,3,3
188,632,3,3
188,633,3,3
188,634,3,3
188,635,3,3
188,636,3,3
188,637,3,3
188,638,3,3
188,639,3,3
188,640,3,3
188,641,3,3
188,642,3,3
188,643,3,3
188,644,3,3
188,645,3,3
188,646,3,3
188,647,3,3
188,648,3,3
188,649,3,3
188,650,3,3
188,651,3,3
188,652,3,3
188,653,3,3
188,654,3,3
188,655,3,3
188,656,3,3
188,657,3,3
188,658,3,3
188,659,3,3
188,660,3,3
188,661,3,3
188,662,3,3
188,663,3,3
188,664,3,3
188,665,3,3
188,666,3,3
188,667,3,2
188,668,3,2
188,669,3,2
188,670,3,3
188,671,3,3
188,672,3,3
188,673,3,3
188,674,3,3
188,675,3,3
188,676,3,3
188,677,3,3
188,678,3,3
188,679,3,3
188,680,3,2
188,681,3,2
188,682,3,2
188,683,3,2
188,684,3,2
188,685,3,2
188,686,3,2
188,687,3,2
188,688,3,2
188,689,3,2
188,690,3,2
188,691,3,2
188,692,3,2
188,693,3,2
188,694,3,2
188,695,3,2
188,696,3,2
188,697,3,2
188,698,3,2
188,699,3,2
188,700,3,2
188,701,3,2
188,702,3,2
188,703,3,2
188,704,3,2
188,705,3,2
188,706,3,2
188,707,3,3
188,708,3,3
188,709,3,3
188,710,3,3
188,711,3,3
188,712,3,3
188,713,3,3
188,714,3,3
188,715,3,3
188,716,3,3
188,717,3,3
188,718,3,3
188,719,3,3
188,720,3,3
188,721,3,3
188,722,3,3
188,723,3,3
188,724,3,3
188,725,3,3
188,726,3,3
188,727,3,3
188,728,3,3
188,729,3,3
188,730,3,2
188,731,3,2
188,732,3,2
188,733,3,2
188,734,3,2
188,735,3,2
188,736,3,2
188,737,3,2
188,738,3,2
188,739,3,2
188,740,3,2
188,741,3,2
188,742,3,2
188,743,3,2
188,744,3,2
188,745,3,2
188,746,3,2
188,747,3,2
188,748,3,2
188,749,3,2
188,750,3,2
188,751,3,2
188,752,3,2
188,753,3,2
188,754,3,2
188,755,3,2
188,756,3,2
188,757,3,2
188,758,3,2
188,759,3,2
188,760,3,2
188,761,3,2
188,762,3,2
188,763,3,2
188,764,3,2
188,765,3,2
188,766,3,2
188,767,3,2
188,768,3,2
188,769,3,2
188,770,3,2
188,771,3,2
188,772,3,2
188,773,3,2
188,774,3,2
188,775,3,2
188,776,3,2
188,777,3,2
188,778,3,2
188,779,3,2
188,780,3,2
188,781,3,2
188,782,3,2
188,783,3,2
188,784,3,2
188,785,3,2
188,786,3,2
188,787,3,2
188,788,3,2
188,789,3,2
188,790,3,2
188,791,3,2
189,148,3,2
189,149,3,2
189,150,3,2
189,151,3,2
189,152,3,2
189,153,3,2
189,154,3,2
189,155,3,2
189,156,3,2
189,157,3,2
189,158,3,2
189,159,3,2
189,160,3,2
189,161,3,2
189,162,3,2
189,163,3,2
189,164,3,2
189,165,3,2
189,166,3,2
189,167,3,2
189,168,3,2
189,169,3,2
189,170,3,2
189,171,3,2
189,172,3,2
189,173,3,2
189,174,3,2
189,175,3,2
189,176,3,2
189,177,3,2
189,178,3,2
189,179,3,2
189,180,3,2
189,181,3,2
189,182,3,2
189,183,3,2
189,184,3,2
189,185,3,2
189,186,3,2
189,187,3,2
189,188,3,2
189,189,3,2
189,190,3,2
189,191,3,2
189,192,3,2
189,193,3,2
189,194,3,2
189,195,3,2
189,196,3,2
189,197,3,2
189,198,3,2
189,199,3,2
189,200,3,2
189,201,3,2
189,202,3,2
189,203,3,2
189,204,3,2
189,205,3,2
189,206,3,2
189,207,3,2
189,208,3,2
189,209,3,2
189,210,3,2
189,211,3,2
189,212,3,2
189,213,3,2
189,214,3,2
189,215,3,2
189,216,3,2
189,217,3,2
189,218,3,2
189,219,3,2
189,220,3,2
189,221,3,2
189,222,3,2
189,223,3,2
189,224,3,2
189,225,3,2
189,226,3,2
189,227,3,2
189,228,3,2
189,229,3,2
189,230,3,2
189,231,3,2
189,232,3,2
189,233,3,2
189,234,3,2
189,235,3,2
189,236,3,2
189,237,3,2
189,238,3,2
189,239,3,2
189,240,3,2
189,241,3,2
189,242,3,2
189,243,3,2
189,244,3,2
189,245,3,2
189,246,3,2
189,247,3,2
189,248,3,2
189,249,3,2
189,250,3,2
189,251,3,2
189,252,3,2
189,253,3,2
189,254,3,2
189,255,3,2
189,256,3,2
189,257,3,2
189,258,3,2
189,259,3,2
189,260,3,2
189,261,3,2
189,262,3,2
189,263,3,2
189,264,3,2
189,265,3,2
189,266,3,2
189,267,3,2
189,268,3,2
189,269,3,2
189,270,3,2
189,271,3,2
189,272,3,2
189,273,3,2
189,274,3,2
189,275,3,2
189,276,3,2
189,277,3,2
189,278,3,2
189,279,3,2
189,280,3,2
189,281,3,2
189,282,3,2
189,283,3,2
189,284,3,2
189,285,3,2
189,286,3,2
189,287,3,2
189,288,3,2
189,289,3,2
189,290,3,2
189,291,3,2
189,292,3,2
189,293,3,2
189,294,3,2
189,295,3,2
189,296,3,2
189,297,3,2
189,298,3,2
189,299,3,2
189,300,3,2
189,301,3,2
189,302,3,2
189,303,3,2
189,304,3,2
189,305,3,2
189,306,3,2
189,307,3,2
189,308,3,2
189,309,3,2
189,310,3,2
189,311,3,2
189,312,3,2
189,313,3,2
189,314,3,2
189,315,3,2
189,316,3,2
189,317,3,2
189,318,3,2
189,319,3,2
189,320,3,2
189,321,3,2
189,322,3,2
189,323,3,2
189,324,3,2
189,325,3,2
189,326,3,2
189,327,3,2
189,328,3,2
189,329,3,2
189,330,3,2
189,331,3,2
189,332,3,2
189,333,3,2
189,334,3,2
189,335,3,2
189,336,3,2
189,337,3,2
189,338,3,2
189,339,3,2
189,340,3,2
189,341,3,2
189,342,3,2
189,343,3,2
189,344,3,2
189,345,3,2
189,346,3,2
189,347,3,2
189,348,3,2
189,349,3,2
189,350,3,2
189,351,3,2
189,352,3,2
189,353,3,2
189,354,3,2
189,355,3,2
189,356,3,2
189,357,3,2
189,358,3,2
189,359,3,2
189,360,3,2
189,361,3,2
189,362,3,2
189,363,3,2
189,364,3,2
189,365,3,2
189,366,3,2
189,367,3,2
189,368,3,2
189,369,3,2
189,370,3,2
189,371,3,2
189,372,3,2
189,373,3,2
189,374,3,2
189,375,3,2
189,376,3,2
189,377,3,2
189,378,3,2
189,379,3,2
189,380,3,2
189,381,3,2
189,382,3,2
189,383,3,2
189,384,3,2
189,385,3,2
189,386,3,2
189,387,3,2
189,388,3,2
189,389,3,2
189,390,3,2
189,391,3,2
189,392,3,2
189,393,3,2
189,394,3,2
189,395,3,2
189,396,3,2
189,397,3,2
189,398,3,2
189,399,3,2
189,400,3,2
189,401,3,2
189,402,3,2
189,403,3,2
189,404,3,2
189,405,3,2
189,406,3,2
189,407,3,2
189,408,3,2
189,409,3,2
189,410,3,2
189,411,3,2
189,412,3,2
189,413,3,2
189,414,3,2
189,415,3,2
189,416,3,2
189,417,3,2
189,418,3,2
189,419,3,2
189,420,3,2
189,421,3,2
189,422,3,2
189,423,3,2
189,424,3,2
189,425,3,2
189,426,3,2
189,427,3,2
189,428,3,2
189,429,3,2
189,430,3,2
189,431,3,2
189,432,3,2
189,433,3,2
189,434,3,2
189,435,3,2
189,436,3,2
189,437,3,2
189,438,3,2
189,439,3,2
189,440,3,2
189,441,3,2
189,442,3,2
189,443,3,2
189,444,3,2
189,445,3,2
189,446,3,2
189,447,3,2
189,448,3,2
189,449,3,2
189,450,3,2
189,451,3,2
189,452,3,2
189,453,3,2
189,454,3,2
189,455,3,2
189,456,3,2
189,457,3,2
189,458,3,2
189,459,3,2
189,460,3,2
189,461,3,2
189,462,3,2
189,463,3,2
189,464,3,2
189,465,3,2
189,466,3,2
189,467,3,2
189,468,3,2
189,469,3,2
189,470,3,2
189,471,3,2
189,472,3,2
189,473,3,2
189,474,3,2
189,475,3,2
189,476,3,2
189,477,3,2
189,478,3,2
189,479,3,2
189,480,3,2
189,481,3,2
189,482,3,2
189,483,3,2
189,484,3,2
189,485,3,2
189,486,3,2
189,487,3,2
189,488,3,2
189,489,3,2
189,490,3,2
189,491,3,2
189,492,3,2
189,493,3,2
189,494,3,2
189,495,3,2
189,496,3,2
189,497,3,2
189,498,3,2
189,499,3,3
189,500,3,3
189,501,3,3
189,502,3,3
189,503,3,3
189,504,3,3
189,505,3,3
189,506,3,3
189,507,3,3
189,508,3,3
189,509,3,3
189,510,3,3
189,511,3,3
189,512,3,3
189,513,3,3
189,514,3,3
189,515,3,3
189,516,3,3
189,517,3,3
189,518,3,3
189,519,3,3
189,520,3,3
189,521,3,3
189,522,3,3
189,523,3,3
189,524,3,3
189,525,3,3
189,526,3,3
189,527,3,3
189,528,3,3
189,529,3,3
189,530,3,3
189,531,3,3
189,532,3,3
189,533,3,3
189,534,3,3
189,535,3,3
189,536,3,3
189,537,3,3
189,538,3,3
189,539,3,3
189,540,3,3
189,541,3,3
189,542,3,3
189,543,3,3
189,544,3,3
189,545,3,3
189,546,3,3
189,547,3,3
189,548,3,3
189,549,3,3
189,550,3,3
189,551,3,3
189,552,3,3
189,553,3,3
189,554,3,3
189,555,3,3
189,556,3,3
189,557,3,3
189,558,3,3
189,559,3,3
189,560,3,3
189,561,3,3
189,562,3,3
189,563,3,3
189,564,3,3
189,565,3,3
189,566,3,3
189,567,3,3
189,568,3,3
189,569,3,3
189,570,3,3
189,571,3,3
189,572,3,3
189,573,3,3
189,574,3,3
189,575,3,3
189,576,3,3
189,577,3,3
189,578,3,3
189,579,3,3
189,580,3,3
189,581,3,3
189,582,3,3
189,583,3,3
189,584,3,3
189,585,3,3
189,586,3,3
189,587,3,3
189,588,3,3
189,589,3,3
189,590,3,3
189,591,3,3
189,592,3,3
189,593,3,3
189,594,3,3
189,595,3,3
189,596,3,3
189,597,3,3
189,598,3,3
189,599,3,3
189,600,3,3
189,601,3,3
189,602,3,3
189,603,3,3
189,604,3,3
189,605,3,3
189,606,3,3
189,607,3,3
189,608,3,3
189,609,3,3
189,610,3,3
189,611,3,3
189,612,3,3
189,613,3,3
189,614,3,3
189,615,3,3
189,616,3,3
189,617,3,3
189,618,3,2
189,619,3,2
189,620,3,2
189,621,3,2
189,622,3,2
189,623,3,2
189,624,3,2
189,625,3,2
189,626,3,2
189,627,3,2
189,628,3,2
189,629,3,3
189,630,3,3
189,631,3,3
189,632,3,3
189,633,3,3
189,634,3,3
189,635,3,3
189,636,3,3
189,637,3,3
189,638,3,3
189,639,3,3
189,640,3,3
189,641,3,3
189,642,3,3
189,643,3,3
189,644,3,3
189,645,3,3
189,646,3,3
189,647,3,3
189,648,3,3
189,649,3,3
189,650,3,3
189,651,3,3
189,652,3,3
189,653,3,3
189,654,3,3
189,655,3,3
189,656,3,3
189,657,3,3
189,658,3,3
189,659,3,3
189,660,3,3
189,661,3,3
189,662,3,3
189,663,3,3
189,664,3,3
189,665,3,3
189,666,3,3
189,667,3,3
189,668,3,3
189,669,3,3
189,670,3,3
189,671,3,3
189,672,3,3
189,673,3,3
189,674,3,3
189,675,3,3
189,676,3,3
189,677,3,3
189,678,3,3
189,679,3,3
189,680,3,3
189,681,3,3
189,682,3,3
189,683,3,2
189,684,3,2
189,685,3,2
189,686,3,2
189,687,3,2
189,688,3,2
189,689,3,2
189,690,3,2
189,691,3,2
189,692,3,2
189,693,3,2
189,694,3,2
189,695,3,2
189,696,3,2
189,697,3,2
189,698,3,2
189,699,3,2
189,700,3,2
189,701,3,2
189,702,3,2
189,703,3,2
189,704,3,2
189,705,3,2
189,706,3,2
189,707,3,3
189,708,3,3
189,709,3,3
189,710,3,3
189,711,3,3
189,712,3,3
189,713,3,3
189,714,3,3
189,715,3,3
189,716,3,3
189,717,3,3
189,718,3,3
189,719,3,3
189,720,3,3
189,721,3,3
189,722,3,3
189,723,3,3
189,724,3,3
189,725,3,3
189,726,3,3
189,727,3,3
189,728,3,3
189,729,3,3
189,730,3,3
189,731,3,2
189,732,3,2
189,733,3,2
189,734,3,2
189,735,3,2
189,736,3,2
189,737,3,2
189,738,3,2
189,739,3,2
189,740,3,2
189,741,3,2
189,742,3,2
189,743,3,2
189,744,3,2
189,745,3,2
189,746,3,2
189,747,3,2
189,748,3,2
189,749,3,2
189,750,3,2
189,751,3,2
189,752,3,2
189,753,3,2
189,754,3,2
189,755,3,2
189,756,3,2
189,757,3,2
189,758,3,2
189,759,3,2
189,760,3,2
189,761,3,2
189,762,3,2
189,763,3,2
189,764,3,2
189,765,3,2
189,766,3,2
189,767,3,2
189,768,3,2
189,769,3,2
189,770,3,2
189,771,3,2
189,772,3,2
189,773,3,2
189,774,3,2
189,775,3,2
189,776,3,2
189,777,3,2
189,778,3,2
189,779,3,2
189,780,3,2
189,781,3,2
189,782,3,2
189,783,3,2
189,784,3,2
189,785,3,2
189,786,3,2
189,787,3,2
189,788,3,2
189,789,3,2
189,790,3,2
189,791,3,2
190,146,3,2
190,147,3,2
190,148,3,2
190,149,3,2
190,150,3,2
190,151,3,2
190,152,3,2
190,153,3,2
190,154,3,2
190,155,3,2
190,156,3,2
190,157,3,2
190,158,3,2
190,159,3,2
190,160,3,2
190,161,3,2
190,162,3,2
190,163,3,2
190,164,3,2
190,165,3,2
190,166,3,2
190,167,3,2
190,168,3,2
190,169,3,2
190,170,3,2
190,171,3,2
190,172,3,2
190,173,3,2
190,174,3,2
190,175,3,2
190,176,3,2
190,177,3,2
190,178,3,2
190,179,3,2
190,180,3,2
190,181,3,2
190,182,3,2
190,183,3,2
190,184,3,2
190,185,3,2
190,186,3,2
190,187,3,2
190,188,3,2
190,189,3,2
190,190,3,2
190,191,3,2
190,192,3,2
190,193,3,2
190,194,3,2
190,195,3,2
190,196,3,2
190,197,3,2
190,198,3,2
190,199,3,2
190,200,3,2
190,201,3,2
190,202,3,2
190,203,3,2
190,204,3,2
190,205,3,2
190,206,3,2
190,207,3,2
190,208,3,2
190,209,3,2
190,210,3,2
190,211,3,2
190,212,3,2
190,213,3,2
190,214,3,2
190,215,3,2
190,216,3,2
190,217,3,2
190,218,3,2
190,219,3,2
190,220,3,2
190,221,3,2
190,222,3,2
190,223,3,2
190,224,3,2
190,225,3,2
190,226,3,2
190,227,3,2
190,228,3,2
190,229,3,2
190,230,3,2
190,231,3,2
190,232,3,2
190,233,3,2
190,234,3,2
190,235,3,2
190,236,3,2
190,237,3,2
190,238,3,2
190,239,3,2
190,240,3,2
190,241,3,2
190,242,3,2
190,243,3,2
190,244,3,2
190,245,3,2
190,246,3,2
190,247,3,2
190,248,3,2
190,249,3,2
190,250,3,2
190,251,3,2
190,252,3,2
190,253,3,2
190,254,3,2
190,255,3,2
190,256,3,2
190,257,3,2
190,258,3,2
190,259,3,2
190,260,3,2
190,261,3,2
190,262,3,2
190,263,3,2
190,264,3,2
190,265,3,2
190,266,3,2
190,267,3,2
190,268,3,2
190,269,3,2
190,270,3,2
190,271,3,2
190,272,3,2
190,273,3,2
190,274,3,2
190,275,3,2
190,276,3,2
190,277,3,2
190,278,3,2
190,279,3,2
190,280,3,2
190,281,3,2
190,282,3,2
190,283,3,2
190,284,3,2
190,285,3,2
190,286,3,2
190,287,3,2
190,288,3,2
190,289,3,2
190,290,3,2
190,291,3,2
190,292,3,2
190,293,3,2
190,294,3,2
190,295,3,2
190,296,3,2
190,297,3,2
190,298,3,2
190,299,3,2
190,300,3,2
190,301,3,2
190,302,3,2
190,303,3,2
190,304,3,2
190,305,3,2
190,306,3,2
190,307,3,2
190,308,3,2
190,309,3,2
190,310,3,2
190,311,3,2
190,312,3,2
190,313,3,2
190,314,3,2
190,315,3,2
190,316,3,2
190,317,3,2
190,318,3,2
190,319,3,2
190,320,3,2
190,321,3,2
190,322,3,2
190,323,3,2
190,324,3,2
190,325,3,2
190,326,3,2
190,327,3,2
190,328,3,2
190,329,3,2
190,330,3,2
190,331,3,2
190,332,3,2
190,333,3,2
190,334,3,2
190,335,3,2
190,336,3,2
190,337,3,2
190,338,3,2
190,339,3,2
190,340,3,2
190,341,3,2
190,342,3,2
190,343,3,2
190,344,3,2
190,345,3,2
190,346,3,2
190,347,3,2
190,348,3,2
190,349,3,2
190,350,3,2
190,351,3,2
190,352,3,2
190,353,3,2
190,354,3,2
190,355,3,2
190,356,3,2
190,357,3,2
190,358,3,2
190,359,3,2
190,360,3,2
190,361,3,2
190,362,3,2
190,363,3,2
190,364,3,2
190,365,3,2
190,366,3,2
190,367,3,2
190,368,3,2
190,369,3,2
190,370,3,2
190,371,3,2
190,372,3,2
190,373,3,2
190,374,3,2
190,375,3,2
190,376,3,2
190,377,3,2
190,378,3,2
190,379,3,2
190,380,3,2
190,381,3,2
190,382,3,2
190,383,3,2
190,384,3,2
190,385,3,2
190,386,3,2
190,387,3,2
190,388,3,2
190,389,3,2
190,390,3,2
190,391,3,2
190,392,3,2
190,393,3,2
190,394,3,2
190,395,3,2
190,396,3,2
190,397,3,2
190,398,3,2
190,399,3,2
190,400,3,2
190,401,3,2
190,402,3,2
190,403,3,2
190,404,3,2
190,405,3,2
190,406,3,2
190,407,3,2
190,408,3,2
190,409,3,2
190,410,3,2
190,411,3,2
190,412,3,2
190,413,3,2
190,414,3,2
190,415,3,2
190,416,3,2
190,417,3,2
190,418,3,2
190,419,3,2
190,420,3,2
190,421,3,2
190,422,3,2
190,423,3,2
190,424,3,2
190,425,3,2
190,426,3,2
190,427,3,2
190,428,3,2
190,429,3,2
190,430,3,2
190,431,3,2
190,432,3,2
190,433,3,2
190,434,3,2
190,435,3,2
190,436,3,2
190,437,3,2
190,438,3,2
190,439,3,2
190,440,3,2
190,441,3,2
190,442,3,2
190,443,3,2
190,444,3,2
190,445,3,2
190,446,3,2
190,447,3,2
190,448,3,2
190,449,3,2
190,450,3,2
190,451,3,2
190,452,3,2
190,453,3,2
190,454,3,2
190,455,3,2
190,456,3,2
190,457,3,2
190,458,3,2
190,459,3,2
190,460,3,2
190,461,3,2
190,462,3,2
190,463,3,2
190,464,3,2
190,465,3,2
190,466,3,2
190,467,3,2
190,468,3,2
190,469,3,2
190,470,3,2
190,471,3,2
190,472,3,2
190,473,3,2
190,474,3,2
190,475,3,2
190,476,3,2
190,477,3,2
190,478,3,2
190,479,3,2
190,480,3,2
190,481,3,2
190,482,3,2
190,483,3,2
190,484,3,2
190,485,3,2
190,486,3,2
190,487,3,2
190,488,3,2
190,489,3,2
190,490,3,2
190,491,3,2
190,492,3,2
190,493,3,2
190,494,3,2
190,495,3,2
190,496,3,2
190,497,3,2
190,498,3,2
190,499,3,3
190,500,3,3
190,501,3,3
190,502,3,3
190,503,3,3
190,504,3,3
190,505,3,3
190,506,3,3
190,507,3,3
190,508,3,3
190,509,3,3
190,510,3,3
190,511,3,3
190,512,3,3
190,513,3,3
190,514,3,3
190,515,3,3
190,516,3,3
190,517,3,3
190,518,3,3
190,519,3,3
190,520,3,3
190,521,3,3
190,522,3,3
190,523,3,3
190,524,3,3
190,525,3,3
190,526,3,3
190,527,3,3
190,528,3,3
190,529,3,3
190,530,3,3
190,531,3,3
190,532,3,3
190,533,3,3
190,534,3,3
190,535,3,3
190,536,3,3
190,537,3,3
190,538,3,3
190,539,3,3
190,540,3,3
190,541,3,3
190,542,3,3
190,543,3,3
190,544,3,3
190,545,3,3
190,546,3,3
190,547,3,3
190,548,3,3
190,549,3,3
190,550,3,3
190,551,3,3
190,552,3,3
190,553,3,3
190,554,3,3
190,555,3,3
190,556,3,3
190,557,3,3
190,558,3,3
190,559,3,3
190,560,3,3
190,561,3,3
190,562,3,3
190,563,3,3
190,564,3,3
190,565,3,3
190,566,3,3
190,567,3,3
190,568,3,3
190,569,3,3
190,570,3,3
190,571,3,3
190,572,3,3
190,573,3,3
190,574,3,3
190,575,3,3
190,576,3,3
190,577,3,3
190,578,3,3
190,579,3,3
190,580,3,3
190,581,3,3
190,582,3,3
190,583,3,3
190,584,3,3
190,585,3,3
190,586,3,3
190,587,3,3
190,588,3,3
190,589,3,3
190,590,3,3
190,591,3,3
190,592,3,3
190,593,3,3
190,594,3,3
190,595,3,3
190,596,3,3
190,597,3,3
190,598,3,3
190,599,3,3
190,600,3,3
190,601,3,3
190,602,3,3
190,603,3,3
190,604,3,3
190,605,3,3
190,606,3,3
190,607,3,3
190,608,3,3
190,609,3,3
190,610,3,3
190,611,3,3
190,612,3,3
190,613,3,3
190,614,3,3
190,615,3,3
190,616,3,3
190,617,3,3
190,618,3,3
190,619,3,2
190,620,3,2
190,621,3,2
190,622,3,2
190,623,3,2
190,624,3,2
190,625,3,2
190,626,3,2
190,627,3,2
190,628,3,2
190,629,3,2
190,630,3,2
190,631,3,3
190,632,3,3
190,633,3,3
190,634,3,3
190,635,3,3
190,636,3,3
190,637,3,3
190,638,3,3
190,639,3,3
190,640,3,3
190,641,3,3
190,642,3,3
190,643,3,3
190,644,3,3
190,645,3,3
190,646,3,3
190,647,3,3
190,648,3,3
190,649,3,3
190,650,3,3
190,651,3,3
190,652,3,3
190,653,3,3
190,654,3,3
190,655,3,3
190,656,3,3
190,657,3,3
190,658,3,3
190,659,3,3
190,660,3,3
190,661,3,3
190,662,3,3
190,663,3,3
190,664,3,3
190,665,3,3
190,666,3,3
190,667,3,3
190,668,3,3
190,669,3,3
190,670,3,3
190,671,3,3
190,672,3,3
190,673,3,3
190,674,3,3
190,675,3,3
190,676,3,3
190,677,3,3
190,678,3,3
190,679,3,3
190,680,3,3
190,681,3,3
190,682,3,3
190,683,3,3
190,684,3,3
190,685,3,3
190,686,3,2
190,687,3,2
190,688,3,2
190,689,3,2
190,690,3,2
190,691,3,2
190,692,3,2
190,693,3,2
190,694,3,2
190,695,3,2
190,696,3,2
190,697,3,2
190,698,3,2
190,699,3,2
190,700,3,2
190,701,3,2
190,702,3,2
190,703,3,2
190,704,3,2
190,705,3,2
190,706,3,3
190,707,3,3
190,708,3,3
190,709,3,3
190,710,3,3
190,711,3,3
190,712,3,3
190,713,3,3
190,714,3,3
190,715,3,3
190,716,3,3
190,717,3,3
190,718,3,3
190,719,3,3
190,720,3,3
190,721,3,3
190,722,3,3
190,723,3,3
190,724,3,3
190,725,3,3
190,726,3,3
190,727,3,3
190,728,3,3
190,729,3,3
190,730,3,3
190,731,3,2
190,732,3,2
190,733,3,2
190,734,3,2
190,735,3,2
190,736,3,2
190,737,3,2
190,738,3,2
190,739,3,2
190,740,3,2
190,741,3,2
190,742,3,2
190,743,3,2
190,744,3,2
190,745,3,2
190,746,3,2
190,747,3,2
190,748,3,2
190,749,3,2
190,750,3,2
190,751,3,2
190,752,3,2
190,753,3,2
190,754,3,2
190,755,3,2
190,756,3,2
190,757,3,2
190,758,3,2
190,759,3,2
190,760,3,2
190,761,3,2
190,762,3,2
190,763,3,2
190,764,3,2
190,765,3,2
190,766,3,2
190,767,3,2
190,768,3,2
190,769,3,2
190,770,3,2
190,771,3,2
190,772,3,2
190,773,3,2
190,774,3,2
190,775,3,2
190,776,3,2
190,777,3,2
190,778,3,2
190,779,3,2
190,780,3,2
190,781,3,2
190,782,3,2
190,783,3,2
190,784,3,2
190,785,3,2
190,786,3,2
190,787,3,2
190,788,3,2
190,789,3,2
190,790,3,2
190,791,3,2
191,146,3,2
191,147,3,2
191,148,3,2
191,149,3,2
191,150,3,2
191,151,3,2
191,152,3,2
191,153,3,2
191,154,3,2
191,155,3,2
191,156,3,2
191,157,3,2
191,158,3,2
191,159,3,2
191,160,3,2
191,161,3,2
191,162,3,2
191,163,3,2
191,164,3,2
191,165,3,2
191,166,3,2
191,167,3,2
191,168,3,2
191,169,3,2
191,170,3,2
191,171,3,2
191,172,3,2
191,173,3,2
191,174,3,2
191,175,3,2
191,176,3,2
191,177,3,2
191,178,3,2
191,179,3,2
191,180,3,2
191,181,3,2
191,182,3,2
191,183,3,2
191,184,3,2
191,185,3,2
191,186,3,2
191,187,3,2
191,188,3,2
191,189,3,2
191,190,3,2
191,191,3,2
191,192,3,2
191,193,3,2
191,194,3,2
191,195,3,2
191,196,3,2
191,197,3,2
191,198,3,2
191,199,3,2
191,200,3,2
191,201,3,2
191,202,3,2
191,203,3,2
191,204,3,2
191,205,3,2
191,206,3,2
191,207,3,2
191,208,3,2
191,209,3,2
191,210,3,2
191,211,3,2
191,212,3,2
191,213,3,2
191,214,3,2
191,215,3,2
191,216,3,2
191,217,3,2
191,218,3,2
191,219,3,2
191,220,3,2
191,221,3,2
191,222,3,2
191,223,3,2
191,224,3,2
191,225,3,2
191,226,3,2
191,227,3,2
191,228,3,2
191,229,3,2
191,230,3,2
191,231,3,2
191,232,3,2
191,233,3,2
191,234,3,2
191,235,3,2
191,236,3,2
191,237,3,2
191,238,3,2
191,239,3,2
191,240,3,2
191,241,3,2
191,242,3,2
191,243,3,2
191,244,3,2
191,245,3,2
191,246,3,2
191,247,3,2
191,248,3,2
191,249,3,2
191,250,3,2
191,251,3,2
191,252,3,2
191,253,3,2
191,254,3,2
191,255,3,2
191,256,3,2
191,257,3,2
191,258,3,2
191,259,3,2
191,260,3,2
191,261,3,2
191,262,3,2
191,263,3,2
191,264,3,2
191,265,3,2
191,266,3,2
191,267,3,2
191,268,3,2
191,269,3,2
191,270,3,2
191,271,3,2
191,272,3,2
191,273,3,2
191,274,3,2
191,275,3,2
191,276,3,2
191,277,3,2
191,278,3,2
191,279,3,2
191,280,3,2
191,281,3,2
191,282,3,2
191,283,3,2
191,284,3,2
191,285,3,2
191,286,3,2
191,287,3,2
191,288,3,2
191,289,3,2
191,290,3,2
191,291,3,2
191,292,3,2
191,293,3,2
191,294,3,2
191,295,3,2
191,296,3,2
191,297,3,2
191,298,3,2
191,299,3,2
191,300,3,2
191,301,3,2
191,302,3,2
191,303,3,2
191,304,3,2
191,305,3,2
191,306,3,2
191,307,3,2
191,308,3,2
191,309,3,2
191,310,3,2
191,311,3,2
191,312,3,2
191,313,3,2
191,314,3,2
191,315,3,2
191,316,3,2
191,317,3,2
191,318,3,2
191,319,3,2
191,320,3,2
191,321,3,2
191,322,3,2
191,323,3,2
191,324,3,2
191,325,3,2
191,326,3,2
191,327,3,2
191,328,3,2
191,329,3,2
191,330,3,2
191,331,3,2
191,332,3,2
191,333,3,2
191,334,3,2
191,335,3,2
191,336,3,2
191,337,3,2
191,338,3,2
191,339,3,2
191,340,3,2
191,341,3,2
191,342,3,2
191,343,3,2
191,344,3,2
191,345,3,2
191,346,3,2
191,347,3,2
191,348,3,2
191,349,3,2
191,350,3,2
191,351,3,2
191,352,3,2
191,353,3,2
191,354,3,2
191,355,3,2
191,356,3,2
191,357,3,2
191,358,3,2
191,359,3,2
191,360,3,2
191,361,3,2
191,362,3,2
191,363,3,2
191,364,3,2
191,365,3,2
191,366,3,2
191,367,3,2
191,368,3,2
191,369,3,2
191,370,3,2
191,371,3,2
191,372,3,2
191,373,3,2
191,374,3,2
191,375,3,2
191,376,3,2
191,377,3,2
191,378,3,2
191,379,3,2
191,380,3,2
191,381,3,2
191,382,3,2
191,383,3,2
191,384,3,2
191,385,3,2
191,386,3,2
191,387,3,2
191,388,3,2
191,389,3,2
191,390,3,2
191,391,3,2
191,392,3,2
191,393,3,2
191,394,3,2
191,395,3,2
191,396,3,2
191,397,3,2
191,398,3,2
191,399,3,2
191,400,3,2
191,401,3,2
191,402,3,2
191,403,3,2
191,404,3,2
191,405,3,2
191,406,3,2
191,407,3,2
191,408,3,2
191,409,3,2
191,410,3,2
191,411,3,2
191,412,3,2
191,413,3,2
191,414,3,2
191,415,3,2
191,416,3,2
191,417,3,2
191,418,3,2
191,419,3,2
191,420,3,2
191,421,3,2
191,422,3,2
191,423,3,2
191,424,3,2
191,425,3,2
191,426,3,2
191,427,3,2
191,428,3,2
191,429,3,2
191,430,3,2
191,431,3,2
191,432,3,2
191,433,3,2
191,434,3,2
191,435,3,2
191,436,3,2
191,437,3,2
191,438,3,2
191,439,3,2
191,440,3,2
191,441,3,2
191,442,3,2
191,443,3,2
191,444,3,2
191,445,3,2
191,446,3,2
191,447,3,2
191,448,3,2
191,449,3,2
191,450,3,2
191,451,3,2
191,452,3,2
191,453,3,2
191,454,3,2
191,455,3,2
191,456,3,2
191,457,3,2
191,458,3,2
191,459,3,2
191,460,3,2
191,461,3,2
191,462,3,2
191,463,3,2
191,464,3,2
191,465,3,2
191,466,3,2
191,467,3,2
191,468,3,2
191,469,3,2
191,470,3,2
191,471,3,2
191,472,3,2
191,473,3,2
191,474,3,2
191,475,3,2
191,476,3,2
191,477,3,2
191,478,3,2
191,479,3,2
191,480,3,2
191,481,3,2
191,482,3,2
191,483,3,2
191,484,3,2
191,485,3,2
191,486,3,2
191,487,3,2
191,488,3,2
191,489,3,2
191,490,3,2
191,491,3,2
191,492,3,2
191,493,3,2
191,494,3,2
191,495,3,2
191,496,3,2
191,497,3,2
191,498,3,2
191,499,3,3
191,500,3,3
191,501,3,3
191,502,3,3
191,503,3,3
191,504,3,3
191,505,3,3
191,506,3,3
191,507,3,3
191,508,3,3
191,509,3,3
191,510,3,3
191,511,3,3
191,512,3,3
191,513,3,3
191,514,3,3
191,515,3,3
191,516,3,3
191,517,3,3
191,518,3,3
191,519,3,3
191,520,3,3
191,521,3,3
191,522,3,3
191,523,3,3
191,524,3,3
191,525,3,3
191,526,3,3
191,527,3,3
191,528,3,3
191,529,3,3
191,530,3,3
191,531,3,3
191,532,3,3
191,533,3,3
191,534,3,3
191,535,3,3
191,536,3,3
191,537,3,3
191,538,3,3
191,539,3,3
191,540,3,3
191,541,3,3
191,542,3,3
191,543,3,3
191,544,3,3
191,545,3,3
191,546,3,3
191,547,3,3
191,548,3,3
191,549,3,3
191,550,3,3
191,551,3,3
191,552,3,3
191,553,3,3
191,554,3,3
191,555,3,3
191,556,3,3
191,557,3,3
191,558,3,3
191,559,3,3
191,560,3,3
191,561,3,3
191,562,3,3
191,563,3,3
191,564,3,3
191,565,3,3
191,566,3,3
191,567,3,3
191,568,3,3
191,569,3,3
191,570,3,3
191,571,3,3
191,572,3,3
191,573,3,3
191,574,3,3
191,575,3,3
191,576,3,3
191,577,3,3
191,578,3,3
191,579,3,3
191,580,3,3
191,581,3,3
191,582,3,3
191,583,3,3
191,584,3,3
191,585,3,3
191,586,3,3
191,587,3,3
191,588,3,3
191,589,3,3
191,590,3,3
191,591,3,3
191,592,3,3
191,593,3,3
191,594,3,3
191,595,3,3
191,596,3,3
191,597,3,3
191,598,3,3
191,599,3,3
191,600,3,3
191,601,3,3
191,602,3,3
191,603,3,3
191,604,3,3
191,605,3,3
191,606,3,3
191,607,3,3
191,608,3,3
191,609,3,3
191,610,3,3
191,611,3,3
191,612,3,3
191,613,3,3
191,614,3,3
191,615,3,3
191,616,3,3
191,617,3,3
191,618,3,3
191,619,3,2
191,620,3,2
191,621,3,2
191,622,3,2
191,623,3,2
191,624,3,2
191,625,3,2
191,626,3,2
191,627,3,2
191,628,3,2
191,629,3,2
191,630,3,2
191,631,3,2
191,632,3,3
191,633,3,3
191,634,3,3
191,635,3,3
191,636,3,3
191,637,3,3
191,638,3,3
191,639,3,3
191,640,3,3
191,641,3,3
191,642,3,3
191,643,3,3
191,644,3,3
191,645,3,3
191,646,3,3
191,647,3,3
191,648,3,3
191,649,3,3
191,650,3,3
191,651,3,3
191,652,3,3
191,653,3,3
191,654,3,3
191,655,3,3
191,656,3,3
191,657,3,3
191,658,3,3
191,659,3,3
191,660,3,3
191,661,3,3
191,662,3,3
191,663,3,3
191,664,3,3
191,665,3,3
191,666,3,3
191,667,3,3
191,668,3,3
191,669,3,3
191,670,3,3
191,671,3,3
191,672,3,3
191,673,3,3
191,674,3,3
191,675,3,3
191,676,3,3
191,677,3,3
191,678,3,3
191,679,3,3
191,680,3,3
191,681,3,3
191,682,3,3
191,683,3,3
191,684,3,3
191,685,3,3
191,686,3,3
191,687,3,3
191,688,3,2
191,689,3,2
191,690,3,2
191,691,3,2
191,692,3,2
191,693,3,2
191,694,3,2
191,695,3,2
191,696,3,2
191,697,3,2
191,698,3,2
191,699,3,2
191,700,3,2
191,701,3,2
191,702,3,2
191,703,3,2
191,704,3,2
191,705,3,2
191,706,3,3
191,707,3,3
191,708,3,3
191,709,3,3
191,710,3,3
191,711,3,3
191,712,3,3
191,713,3,3
191,714,3,3
191,715,3,3
191,716,3,3
191,717,3,3
191,718,3,3
191,719,3,3
191,720,3,3
191,721,3,3
191,722,3,3
191,723,3,3
191,724,3,3
191,725,3,3
191,726,3,3
191,727,3,3
191,728,3,3
191,729,3,3
191,730,3,3
191,731,3,3
191,732,3,2
191,733,3,2
191,734,3,2
191,735,3,2
191,736,3,2
191,737,3,2
191,738,3,2
191,739,3,2
191,740,3,2
191,741,3,2
191,742,3,2
191,743,3,2
191,744,3,2
191,745,3,2
191,746,3,2
191,747,3,2
191,748,3,2
191,749,3,2
191,750,3,2
191,751,3,2
191,752,3,2
191,753,3,2
191,754,3,2
191,755,3,2
191,756,3,2
191,757,3,2
191,758,3,2
191,759,3,2
191,760,3,2
191,761,3,2
191,762,3,2
191,763,3,2
191,764,3,2
191,765,3,2
191,766,3,2
191,767,3,2
191,768,3,2
191,769,3,2
191,770,3,2
191,771,3,2
191,772,3,2
191,773,3,2
191,774,3,2
191,775,3,2
191,776,3,2
191,777,3,2
191,778,3,2
191,779,3,2
191,780,3,2
191,781,3,2
191,782,3,2
191,783,3,2
191,784,3,2
191,785,3,2
191,786,3,2
191,787,3,2
191,788,3,2
191,789,3,2
191,790,3,2
192,145,3,2
192,146,3,2
192,147,3,2
192,148,3,2
192,149,3,2
192,150,3,2
192,151,3,2
192,152,3,2
192,153,3,2
192,154,3,2
192,155,3,2
192,156,3,2
192,157,3,2
192,158,3,2
192,159,3,2
192,160,3,2
192,161,3,2
192,162,3,2
192,163,3,2
192,164,3,2
192,165,3,2
192,166,3,2
192,167,3,2
192,168,3,2
192,169,3,2
192,170,3,2
192,171,3,2
192,172,3,2
192,173,3,2
192,174,3,2
192,175,3,2
192,176,3,2
192,177,3,2
192,178,3,2
192,179,3,2
192,180,3,2
192,181,3,2
192,182,3,2
192,183,3,2
192,184,3,2
192,185,3,2
192,186,3,2
192,187,3,2
192,188,3,2
192,189,3,2
192,190,3,2
192,191,3,2
192,192,3,2
192,193,3,2
192,194,3,2
192,195,3,2
192,196,3,2
192,197,3,2
192,198,3,2
192,199,3,2
192,200,3,2
192,201,3,2
192,202,3,2
192,203,3,2
192,204,3,2
192,205,3,2
192,206,3,2
192,207,3,2
192,208,3,2
192,209,3,2
192,210,3,2
192,211,3,2
192,212,3,2
192,213,3,2
192,214,3,2
192,215,3,2
192,216,3,2
192,217,3,2
192,218,3,2
192,219,3,2
192,220,3,2
192,221,3,2
192,222,3,2
192,223,3,2
192,224,3,2
192,225,3,2
192,226,3,2
192,227,3,2
192,228,3,2
192,229,3,2
192,230,3,2
192,231,3,2
192,232,3,2
192,233,3,2
192,234,3,2
192,235,3,2
192,236,3,2
192,237,3,2
192,238,3,2
192,239,3,2
192,240,3,2
192,241,3,2
192,242,3,2
192,243,3,2
192,244,3,2
192,245,3,2
192,246,3,2
192,247,3,2
192,248,3,2
192,249,3,2
192,250,3,2
192,251,3,2
192,252,3,2
192,253,3,2
192,254,3,2
192,255,3,2
192,256,3,2
192,257,3,2
192,258,3,2
192,259,3,2
192,260,3,2
192,261,3,2
192,262,3,2
192,263,3,2
192,264,3,2
192,265,3,2
192,266,3,2
192,267,3,2
192,268,3,2
192,269,3,2
192,270,3,2
192,271,3,2
192,272,3,2
192,273,3,2
192,274,3,2
192,275,3,2
192,276,3,2
192,277,3,2
192,278,3,2
192,279,3,2
192,280,3,2
192,281,3,2
192,282,3,2
192,283,3,2
192,284,3,2
192,285,3,2
192,286,3,2
192,287,3,2
192,288,3,2
192,289,3,2
192,290,3,2
192,291,3,2
192,292,3,2
192,293,3,2
192,294,3,2
192,295,3,2
192,296,3,2
192,297,3,2
192,298,3,2
192,299,3,2
192,300,3,2
192,301,3,2
192,302,3,2
192,303,3,2
192,304,3,2
192,305,3,2
192,306,3,2
192,307,3,2
192,308,3,2
192,309,3,2
192,310,3,2
192,311,3,2
192,312,3,2
192,313,3,2
192,314,3,2
192,315,3,2
192,316,3,2
192,317,3,2
192,318,3,2
192,319,3,2
192,320,3,2
192,321,3,2
192,322,3,2
192,323,3,2
192,324,3,2
192,325,3,2
192,326,3,2
192,327,3,2
192,328,3,2
192,329,3,2
192,330,3,2
192,331,3,2
192,332,3,2
192,333,3,2
192,334,3,2
192,335,3,2
192,336,3,2
192,337,3,2
192,338,3,2
192,339,3,2
192,340,3,2
192,341,3,2
192,342,3,2
192,343,3,2
192,344,3,2
192,345,3,2
192,346,3,2
192,347,3,2
192,348,3,2
192,349,3,2
192,350,3,2
192,351,3,2
192,352,3,2
192,353,3,2
192,354,3,2
192,355,3,2
192,356,3,2
192,357,3,2
192,358,3,2
192,359,3,2
192,360,3,2
192,361,3,2
192,362,3,2
192,363,3,2
192,364,3,2
192,365,3,2
192,366,3,2
192,367,3,2
192,368,3,2
192,369,3,2
192,370,3,2
192,371,3,2
192,372,3,2
192,373,3,2
192,374,3,2
192,375,3,2
192,376,3,2
192,377,3,2
192,378,3,2
192,379,3,2
192,380,3,2
192,381,3,2
192,382,3,2
192,383,3,2
192,384,3,2
192,385,3,2
192,386,3,2
192,387,3,2
192,388,3,2
192,389,3,2
192,390,3,2
192,391,3,2
192,392,3,2
192,393,3,2
192,394,3,2
192,395,3,2
192,396,3,2
192,397,3,2
192,398,3,2
192,399,3,2
192,400,3,2
192,401,3,2
192,402,3,2
192,403,3,2
192,404,3,2
192,405,3,2
192,406,3,2
192,407,3,2
192,408,3,2
192,409,3,2
192,410,3,2
192,411,3,2
192,412,3,2
192,413,3,2
192,414,3,2
192,415,3,2
192,416,3,2
192,417,3,2
192,418,3,2
192,419,3,2
192,420,3,2
192,421,3,2
192,422,3,2
192,423,3,2
192,424,3,2
192,425,3,2
192,426,3,2
192,427,3,2
192,428,3,2
192,429,3,2
192,430,3,2
192,431,3,2
192,432,3,2
192,433,3,2
192,434,3,2
192,435,3,2
192,436,3,2
192,437,3,2
192,438,3,2
192,439,3,2
192,440,3,2
192,441,3,2
192,442,3,2
192,443,3,2
192,444,3,2
192,445,3,2
192,446,3,2
192,447,3,2
192,448,3,2
192,449,3,2
192,450,3,2
192,451,3,2
192,452,3,2
192,453,3,2
192,454,3,2
192,455,3,2
192,456,3,2
192,457,3,2
192,458,3,2
192,459,3,2
192,460,3,2
192,461,3,2
192,462,3,2
192,463,3,2
192,464,3,2
192,465,3,2
192,466,3,2
192,467,3,2
192,468,3,2
192,469,3,2
192,470,3,2
192,471,3,2
192,472,3,2
192,473,3,2
192,474,3,2
192,475,3,2
192,476,3,2
192,477,3,2
192,478,3,2
192,479,3,2
192,480,3,2
192,481,3,2
192,482,3,2
192,483,3,2
192,484,3,2
192,485,3,2
192,486,3,2
192,487,3,2
192,488,3,2
192,489,3,2
192,490,3,2
192,491,3,2
192,492,3,2
192,493,3,2
192,494,3,2
192,495,3,2
192,496,3,2
192,497,3,2
192,498,3,2
192,499,3,3
192,500,3,3
192,501,3,3
192,502,3,3
192,503,3,3
192,504,3,3
192,505,3,3
192,506,3,3
192,507,3,3
192,508,3,3
192,509,3,3
192,510,3,3
192,511,3,3
192,512,3,3
192,513,3,3
192,514,3,3
192,515,3,3
192,516,3,3
192,517,3,3
192,518,3,3
192,519,3,3
192,520,3,3
192,521,3,3
192,522,3,3
192,523,3,3
192,524,3,3
192,525,3,3
192,526,3,3
192,527,3,3
192,528,3,3
192,529,3,3
192,530,3,3
192,531,3,3
192,532,3,3
192,533,3,3
192,534,3,3
192,535,3,3
192,536,3,3
192,537,3,3
192,538,3,3
192,539,3,3
192,540,3,3
192,541,3,3
192,542,3,3
192,543,3,3
192,544,3,3
192,545,3,3
192,546,3,3
192,547,3,3
192,548,3,3
192,549,3,3
192,550,3,3
192,551,3,3
192,552,3,3
192,553,3,3
192,554,3,3
192,555,3,3
192,556,3,3
192,557,3,3
192,558,3,3
192,559,3,3
192,560,3,3
192,561,3,3
192,562,3,3
192,563,3,3
192,564,3,3
192,565,3,3
192,566,3,3
192,567,3,3
192,568,3,3
192,569,3,3
192,570,3,3
192,571,3,3
192,572,3,3
192,573,3,3
192,574,3,3
192,575,3,3
192,576,3,3
192,577,3,3
192,578,3,3
192,579,3,3
192,580,3,3
192,581,3,3
192,582,3,3
192,583,3,3
192,584,3,3
192,585,3,3
192,586,3,3
192,587,3,3
192,588,3,3
192,589,3,3
192,590,3,3
192,591,3,3
192,592,3,3
192,593,3,3
192,594,3,3
192,595,3,3
192,596,3,3
192,597,3,3
192,598,3,3
192,599,3,3
192,600,3,3
192,601,3,3
192,602,3,3
192,603,3,3
192,604,3,3
192,605,3,3
192,606,3,3
192,607,3,3
192,608,3,3
192,609,3,3
192,610,3,3
192,611,3,3
192,612,3,3
192,613,3,3
192,614,3,3
192,615,3,3
192,616,3,3
192,617,3,3
192,618,3,3
192,619,3,3
192,620,3,3
192,621,3,2
192,622,3,2
192,623,3,2
192,624,3,2
192,625,3,3
192,626,3,2
192,627,3,2
192,628,3,2
192,629,3,2
192,630,3,2
192,631,3,2
192,632,3,2
192,633,3,3
192,634,3,3
192,635,3,3
192,636,3,3
192,637,3,3
192,638,3,3
192,639,3,3
192,640,3,3
192,641,3,3
192,642,3,3
192,643,3,3
192,644,3,3
192,645,3,3
192,646,3,3
192,647,3,3
192,648,3,3
192,649,3,3
192,650,3,3
192,651,3,3
192,652,3,3
192,653,3,3
192,654,3,3
192,655,3,3
192,656,3,3
192,657,3,3
192,658,3,3
192,659,3,3
192,660,3,3
192,661,3,3
192,662,3,3
192,663,3,3
192,664,3,3
192,665,3,3
192,666,3,3
192,667,3,3
192,668,3,3
192,669,3,3
192,670,3,3
192,671,3,3
192,672,3,3
192,673,3,3
192,674,3,3
192,675,3,3
192,676,3,3
192,677,3,3
192,678,3,3
192,679,3,3
192,680,3,3
192,681,3,3
192,682,3,3
192,683,3,3
192,684,3,3
192,685,3,3
192,686,3,3
192,687,3,3
192,688,3,3
192,689,3,3
192,690,3,3
192,691,3,2
192,692,3,2
192,693,3,2
192,694,3,2
192,695,3,2
192,696,3,2
192,697,3,2
192,698,3,2
192,699,3,2
192,700,3,2
192,701,3,2
192,702,3,2
192,703,3,2
192,704,3,2
192,705,3,2
192,706,3,3
192,707,3,3
192,708,3,3
192,709,3,3
192,710,3,3
192,711,3,3
192,712,3,3
192,713,3,3
192,714,3,3
192,715,3,3
192,716,3,3
192,717,3,3
192,718,3,3
192,719,3,3
192,720,3,3
192,721,3,3
192,722,3,3
192,723,3,3
192,724,3,3
192,725,3,3
192,726,3,3
192,727,3,3
192,728,3,3
192,729,3,3
192,730,3,3
192,731,3,3
192,732,3,2
192,733,3,2
192,734,3,2
192,735,3,2
192,736,3,2
192,737,3,2
192,738,3,2
192,739,3,2
192,740,3,2
192,741,3,2
192,742,3,2
192,743,3,2
192,744,3,2
192,745,3,2
192,746,3,2
192,747,3,2
192,748,3,2
192,749,3,2
192,750,3,2
192,751,3,2
192,752,3,2
192,753,3,2
192,754,3,2
192,755,3,2
192,756,3,2
192,757,3,2
192,758,3,2
192,759,3,2
192,760,3,2
192,761,3,2
192,762,3,2
192,763,3,2
192,764,3,2
192,765,3,2
192,766,3,2
192,767,3,2
192,768,3,2
192,769,3,2
192,770,3,2
192,771,3,2
192,772,3,2
192,773,3,2
192,774,3,2
192,775,3,2
192,776,3,2
192,777,3,2
192,778,3,2
192,779,3,2
192,780,3,2
192,781,3,2
192,782,3,2
192,783,3,2
192,784,3,2
192,785,3,2
192,786,3,2
192,787,3,2
192,788,3,2
192,789,3,2
192,790,3,2
193,143,3,2
193,144,3,2
193,145,3,2
193,147,3,2
193,148,3,2
193,149,3,2
193,150,3,2
193,151,3,2
193,152,3,2
193,153,3,2
193,154,3,2
193,155,3,2
193,156,3,2
193,157,3,2
193,158,3,2
193,159,3,2
193,160,3,2
193,161,3,2
193,162,3,2
193,163,3,2
193,164,3,2
193,165,3,2
193,166,3,2
193,167,3,2
193,168,3,2
193,169,3,2
193,170,3,2
193,171,3,2
193,172,3,2
193,173,3,2
193,174,3,2
193,175,3,2
193,176,3,2
193,177,3,2
193,178,3,2
193,179,3,2
193,180,3,2
193,181,3,2
193,182,3,2
193,183,3,2
193,184,3,2
193,185,3,2
193,186,3,2
193,187,3,2
193,188,3,2
193,189,3,2
193,190,3,2
193,191,3,2
193,192,3,2
193,193,3,2
193,194,3,2
193,195,3,2
193,196,3,2
193,197,3,2
193,198,3,2
193,199,3,2
193,200,3,2
193,201,3,2
193,202,3,2
193,203,3,2
193,204,3,2
193,205,3,2
193,206,3,2
193,207,3,2
193,208,3,2
193,209,3,2
193,210,3,2
193,211,3,2
193,212,3,2
193,213,3,2
193,214,3,2
193,215,3,2
193,216,3,2
193,217,3,2
193,218,3,2
193,219,3,2
193,220,3,2
193,221,3,2
193,222,3,2
193,223,3,2
193,224,3,2
193,225,3,2
193,226,3,2
193,227,3,2
193,228,3,2
193,229,3,2
193,230,3,2
193,231,3,2
193,232,3,2
193,233,3,2
193,234,3,2
193,235,3,2
193,236,3,2
193,237,3,2
193,238,3,2
193,239,3,2
193,240,3,2
193,241,3,2
193,242,3,2
193,243,3,2
193,244,3,2
193,245,3,2
193,246,3,2
193,247,3,2
193,248,3,2
193,249,3,2
193,250,3,2
193,251,3,2
193,252,3,2
193,253,3,2
193,254,3,2
193,255,3,2
193,256,3,2
193,257,3,2
193,258,3,2
193,259,3,2
193,260,3,2
193,261,3,2
193,262,3,2
193,263,3,2
193,264,3,2
193,265,3,2
193,266,3,2
193,267,3,2
193,268,3,2
193,269,3,2
193,270,3,2
193,271,3,2
193,272,3,2
193,273,3,2
193,274,3,2
193,275,3,2
193,276,3,2
193,277,3,2
193,278,3,2
193,279,3,2
193,280,3,2
193,281,3,2
193,282,3,2
193,283,3,2
193,284,3,2
193,285,3,2
193,286,3,2
193,287,3,2
193,288,3,2
193,289,3,2
193,290,3,2
193,291,3,2
193,292,3,2
193,293,3,2
193,294,3,2
193,295,3,2
193,296,3,2
193,297,3,2
193,298,3,2
193,299,3,2
193,300,3,2
193,301,3,2
193,302,3,2
193,303,3,2
193,304,3,2
193,305,3,2
193,306,3,2
193,307,3,2
193,308,3,2
193,309,3,2
193,310,3,2
193,311,3,2
193,312,3,2
193,313,3,2
193,314,3,2
193,315,3,2
193,316,3,2
193,317,3,2
193,318,3,2
193,319,3,2
193,320,3,2
193,321,3,2
193,322,3,2
193,323,3,2
193,324,3,2
193,325,3,2
193,326,3,2
193,327,3,2
193,328,3,2
193,329,3,2
193,330,3,2
193,331,3,2
193,332,3,2
193,333,3,2
193,334,3,2
193,335,3,2
193,336,3,2
193,337,3,2
193,338,3,2
193,339,3,2
193,340,3,2
193,341,3,2
193,342,3,2
193,343,3,2
193,344,3,2
193,345,3,2
193,346,3,2
193,347,3,2
193,348,3,2
193,349,3,2
193,350,3,2
193,351,3,2
193,352,3,2
193,353,3,2
193,354,3,2
193,355,3,2
193,356,3,2
193,357,3,2
193,358,3,2
193,359,3,2
193,360,3,2
193,361,3,2
193,362,3,2
193,363,3,2
193,364,3,2
193,365,3,2
193,366,3,2
193,367,3,2
193,368,3,2
193,369,3,2
193,370,3,2
193,371,3,2
193,372,3,2
193,373,3,2
193,374,3,2
193,375,3,2
193,376,3,2
193,377,3,2
193,378,3,2
193,379,3,2
193,380,3,2
193,381,3,2
193,382,3,2
193,383,3,2
193,384,3,2
193,385,3,2
193,386,3,2
193,387,3,2
193,388,3,2
193,389,3,2
193,390,3,2
193,391,3,2
193,392,3,2
193,393,3,2
193,394,3,2
193,395,3,2
193,396,3,2
193,397,3,2
193,398,3,2
193,399,3,2
193,400,3,2
193,401,3,2
193,402,3,2
193,403,3,2
193,404,3,2
193,405,3,2
193,406,3,2
193,407,3,2
193,408,3,2
193,409,3,2
193,410,3,2
193,411,3,2
193,412,3,2
193,413,3,2
193,414,3,2
193,415,3,2
193,416,3,2
193,417,3,2
193,418,3,2
193,419,3,2
193,420,3,2
193,421,3,2
193,422,3,2
193,423,3,2
193,424,3,2
193,425,3,2
193,426,3,2
193,427,3,2
193,428,3,2
193,429,3,2
193,430,3,2
193,431,3,2
193,432,3,2
193,433,3,2
193,434,3,2
193,435,3,2
193,436,3,2
193,437,3,2
193,438,3,2
193,439,3,2
193,440,3,2
193,441,3,2
193,442,3,2
193,443,3,2
193,444,3,2
193,445,3,2
193,446,3,2
193,447,3,2
193,448,3,2
193,449,3,2
193,450,3,2
193,451,3,2
193,452,3,2
193,453,3,2
193,454,3,2
193,455,3,2
193,456,3,2
193,457,3,2
193,458,3,2
193,459,3,2
193,460,3,2
193,461,3,2
193,462,3,2
193,463,3,2
193,464,3,2
193,465,3,2
193,466,3,2
193,467,3,2
193,468,3,2
193,469,3,2
193,470,3,2
193,471,3,2
193,472,3,2
193,473,3,2
193,474,3,2
193,475,3,2
193,476,3,2
193,477,3,2
193,478,3,2
193,479,3,2
193,480,3,2
193,481,3,2
193,482,3,2
193,483,3,2
193,484,3,2
193,485,3,2
193,486,3,2
193,487,3,2
193,488,3,2
193,489,3,2
193,490,3,2
193,491,3,2
193,492,3,2
193,493,3,2
193,494,3,2
193,495,3,2
193,496,3,2
193,497,3,3
193,498,3,3
193,499,3,3
193,500,3,3
193,501,3,3
193,502,3,3
193,503,3,3
193,504,3,3
193,505,3,3
193,506,3,3
193,507,3,3
193,508,3,3
193,509,3,3
193,510,3,3
193,511,3,3
193,512,3,3
193,513,3,3
193,514,3,3
193,515,3,3
193,516,3,3
193,517,3,3
193,518,3,3
193,519,3,3
193,520,3,3
193,521,3,3
193,522,3,3
193,523,3,3
193,524,3,3
193,525,3,3
193,526,3,3
193,527,3,3
193,528,3,3
193,529,3,3
193,530,3,3
193,531,3,3
193,532,3,3
193,533,3,3
193,534,3,3
193,535,3,3
193,536,3,3
193,537,3,3
193,538,3,3
193,539,3,3
193,540,3,3
193,541,3,3
193,542,3,3
193,543,3,3
193,544,3,3
193,545,3,3
193,546,3,3
193,547,3,3
193,548,3,3
193,549,3,3
193,550,3,3
193,551,3,3
193,552,3,3
193,553,3,3
193,554,3,3
193,555,3,3
193,556,3,3
193,557,3,3
193,558,3,3
193,559,3,3
193,560,3,3
193,561,3,3
193,562,3,3
193,563,3,3
193,564,3,3
193,565,3,3
193,566,3,3
193,567,3,3
193,568,3,3
193,569,3,3
193,570,3,3
193,571,3,3
193,572,3,3
193,573,3,3
193,574,3,3
193,575,3,3
193,576,3,3
193,577,3,3
193,578,3,3
193,579,3,3
193,580,3,3
193,581,3,3
193,582,3,3
193,583,3,3
193,584,3,3
193,585,3,3
193,586,3,3
193,587,3,3
193,588,3,3
193,589,3,3
193,590,3,3
193,591,3,3
193,592,3,3
193,593,3,3
193,594,3,3
193,595,3,3
193,596,3,3
193,597,3,3
193,598,3,3
193,599,3,3
193,600,3,3
193,601,3,3
193,602,3,3
193,603,3,3
193,604,3,3
193,605,3,3
193,606,3,3
193,607,3,3
193,608,3,3
193,609,3,3
193,610,3,3
193,611,3,3
193,612,3,3
193,613,3,3
193,614,3,3
193,615,3,3
193,616,3,3
193,617,3,3
193,618,3,3
193,619,3,3
193,620,3,3
193,621,3,3
193,622,3,3
193,623,3,3
193,624,3,3
193,625,3,3
193,626,3,3
193,627,3,2
193,628,3,2
193,629,3,2
193,630,3,2
193,631,3,2
193,632,3,2
193,633,3,2
193,634,3,3
193,635,3,3
193,636,3,3
193,637,3,3
193,638,3,3
193,639,3,3
193,640,3,3
193,641,3,3
193,642,3,3
193,643,3,3
193,644,3,3
193,645,3,3
193,646,3,3
193,647,3,3
193,648,3,3
193,649,3,3
193,650,3,2
193,651,3,2
193,652,3,2
193,653,3,3
193,654,3,3
193,655,3,3
193,656,3,3
193,657,3,3
193,658,3,3
193,659,3,3
193,660,3,3
193,661,3,3
193,662,3,3
193,663,3,3
193,664,3,3
193,665,3,3
193,666,3,3
193,667,3,3
193,668,3,3
193,669,3,3
193,670,3,3
193,671,3,3
193,672,3,3
193,673,3,3
193,674,3,3
193,675,3,3
193,676,3,3
193,677,3,3
193,678,3,3
193,679,3,3
193,680,3,3
193,681,3,3
193,682,3,3
193,683,3,3
193,684,3,3
193,685,3,3
193,686,3,3
193,687,3,3
193,688,3,3
193,689,3,3
193,690,3,3
193,691,3,3
193,692,3,3
193,693,3,3
193,694,3,2
193,695,3,2
193,696,3,2
193,697,3,2
193,698,3,2
193,699,3,2
193,700,3,2
193,701,3,2
193,702,3,2
193,703,3,2
193,704,3,2
193,705,3,2
193,706,3,3
193,707,3,3
193,708,3,3
193,709,3,3
193,710,3,3
193,711,3,3
193,712,3,3
193,713,3,3
193,714,3,3
193,715,3,3
193,716,3,3
193,717,3,3
193,718,3,3
193,719,3,3
193,720,3,3
193,721,3,3
193,722,3,3
193,723,3,3
193,724,3,3
193,725,3,3
193,726,3,3
193,727,3,3
193,728,3,3
193,729,3,3
193,730,3,3
193,731,3,3
193,732,3,3
193,733,3,3
193,734,3,2
193,735,3,2
193,736,3,2
193,737,3,2
193,738,3,2
193,739,3,2
193,740,3,2
193,741,3,2
193,742,3,2
193,743,3,2
193,744,3,2
193,745,3,2
193,746,3,2
193,747,3,2
193,748,3,2
193,749,3,2
193,750,3,2
193,751,3,2
193,752,3,2
193,753,3,2
193,754,3,2
193,755,3,2
193,756,3,2
193,757,3,2
193,758,3,2
193,759,3,2
193,760,3,2
193,761,3,2
193,762,3,2
193,763,3,2
193,764,3,2
193,765,3,2
193,766,3,2
193,767,3,2
193,768,3,2
193,769,3,2
193,770,3,2
193,771,3,2
193,772,3,2
193,773,3,2
193,774,3,2
193,775,3,2
193,776,3,2
193,777,3,2
193,778,3,2
193,779,3,2
193,780,3,2
193,781,3,2
193,782,3,2
193,783,3,2
193,784,3,2
193,785,3,2
193,786,3,2
193,787,3,2
193,788,3,2
193,789,3,2
193,790,3,2
193,791,3,2
194,142,3,2
194,143,3,2
194,144,3,2
194,145,3,2
194,146,3,2
194,147,3,2
194,148,3,2
194,149,3,2
194,150,3,2
194,151,3,2
194,152,3,2
194,153,3,2
194,154,3,2
194,155,3,2
194,156,3,2
194,157,3,2
194,158,3,2
194,159,3,2
194,160,3,2
194,161,3,2
194,162,3,2
194,163,3,2
194,164,3,2
194,165,3,2
194,166,3,2
194,167,3,2
194,168,3,2
194,169,3,2
194,170,3,2
194,171,3,2
194,172,3,2
194,173,3,2
194,174,3,2
194,175,3,2
194,176,3,2
194,177,3,2
194,178,3,2
194,179,3,2
194,180,3,2
194,181,3,2
194,182,3,2
194,183,3,2
194,184,3,2
194,185,3,2
194,186,3,2
194,187,3,2
194,188,3,2
194,189,3,2
194,190,3,2
194,191,3,2
194,192,3,2
194,193,3,2
194,194,3,2
194,195,3,2
194,196,3,2
194,197,3,2
194,198,3,2
194,199,3,2
194,200,3,2
194,201,3,2
194,202,3,2
194,203,3,2
194,204,3,2
194,205,3,2
194,206,3,2
194,207,3,2
194,208,3,2
194,209,3,2
194,210,3,2
194,211,3,2
194,212,3,2
194,213,3,2
194,214,3,2
194,215,3,2
194,216,3,2
194,217,3,2
194,218,3,2
194,219,3,2
194,220,3,2
194,221,3,2
194,222,3,2
194,223,3,2
194,224,3,2
194,225,3,2
194,226,3,2
194,227,3,2
194,228,3,2
194,229,3,2
194,230,3,2
194,231,3,2
194,232,3,2
194,233,3,2
194,234,3,2
194,235,3,2
194,236,3,2
194,237,3,2
194,238,3,2
194,239,3,2
194,240,3,2
194,241,3,2
194,242,3,2
194,243,3,2
194,244,3,2
194,245,3,2
194,246,3,2
194,247,3,2
194,248,3,2
194,249,3,2
194,250,3,2
194,251,3,2
194,252,3,2
194,253,3,2
194,254,3,2
194,255,3,2
194,256,3,2
194,257,3,2
194,258,3,2
194,259,3,2
194,260,3,2
194,261,3,2
194,262,3,2
194,263,3,2
194,264,3,2
194,265,3,2
194,266,3,2
194,267,3,2
194,268,3,2
194,269,3,2
194,270,3,2
194,271,3,2
194,272,3,2
194,273,3,2
194,274,3,2
194,275,3,2
194,276,3,2
194,277,3,2
194,278,3,2
194,279,3,2
194,280,3,2
194,281,3,2
194,282,3,2
194,283,3,2
194,284,3,2
194,285,3,2
194,286,3,2
194,287,3,2
194,288,3,2
194,289,3,2
194,290,3,2
194,291,3,2
194,292,3,2
194,293,3,2
194,294,3,2
194,295,3,2
194,296,3,2
194,297,3,2
194,298,3,2
194,299,3,2
194,300,3,2
194,301,3,2
194,302,3,2
194,303,3,2
194,304,3,2
194,305,3,2
194,306,3,2
194,307,3,2
194,308,3,2
194,309,3,2
194,310,3,2
194,311,3,2
194,312,3,2
194,313,3,2
194,314,3,2
194,315,3,2
194,316,3,2
194,317,3,2
194,318,3,2
194,319,3,2
194,320,3,2
194,321,3,2
194,322,3,2
194,323,3,2
194,324,3,2
194,325,3,2
194,326,3,2
194,327,3,2
194,328,3,2
194,329,3,2
194,330,3,2
194,331,3,2
194,332,3,2
194,333,3,2
194,334,3,2
194,335,3,2
194,336,3,2
194,337,3,2
194,338,3,2
194,339,3,2
194,340,3,2
194,341,3,2
194,342,3,2
194,343,3,2
194,344,3,2
194,345,3,2
194,346,3,2
194,347,3,2
194,348,3,2
194,349,3,2
194,350,3,2
194,351,3,2
194,352,3,2
194,353,3,2
194,354,3,2
194,355,3,2
194,356,3,2
194,357,3,2
194,358,3,2
194,359,3,2
194,360,3,2
194,361,3,2
194,362,3,2
194,363,3,2
194,364,3,2
194,365,3,2
194,366,3,2
194,367,3,2
194,368,3,2
194,369,3,2
194,370,3,2
194,371,3,2
194,372,3,2
194,373,3,2
194,374,3,2
194,375,3,2
194,376,3,2
194,377,3,2
194,378,3,2
194,379,3,2
194,380,3,2
194,381,3,2
194,382,3,2
194,383,3,2
194,384,3,2
194,385,3,2
194,386,3,2
194,387,3,2
194,388,3,2
194,389,3,2
194,390,3,2
194,391,3,2
194,392,3,2
194,393,3,2
194,394,3,2
194,395,3,2
194,396,3,2
194,397,3,2
194,398,3,2
194,399,3,2
194,400,3,2
194,401,3,2
194,402,3,2
194,403,3,2
194,404,3,2
194,405,3,2
194,406,3,2
194,407,3,2
194,408,3,2
194,409,3,2
194,410,3,2
194,411,3,2
194,412,3,2
194,413,3,2
194,414,3,2
194,415,3,2
194,416,3,2
194,417,3,2
194,418,3,2
194,419,3,2
194,420,3,2
194,421,3,2
194,422,3,2
194,423,3,2
194,424,3,2
194,425,3,2
194,426,3,2
194,427,3,2
194,428,3,2
194,429,3,2
194,430,3,2
194,431,3,2
194,432,3,2
194,433,3,2
194,434,3,2
194,435,3,2
194,436,3,2
194,437,3,2
194,438,3,2
194,439,3,2
194,440,3,2
194,441,3,2
194,442,3,2
194,443,3,2
194,444,3,2
194,445,3,2
194,446,3,2
194,447,3,2
194,448,3,2
194,449,3,2
194,450,3,2
194,451,3,2
194,452,3,2
194,453,3,2
194,454,3,2
194,455,3,2
194,456,3,2
194,457,3,2
194,458,3,2
194,459,3,2
194,460,3,2
194,461,3,2
194,462,3,2
194,463,3,2
194,464,3,2
194,465,3,2
194,466,3,2
194,467,3,2
194,468,3,2
194,469,3,2
194,470,3,2
194,471,3,2
194,472,3,2
194,473,3,2
194,474,3,2
194,475,3,2
194,476,3,2
194,477,3,2
194,478,3,2
194,479,3,2
194,480,3,2
194,481,3,2
194,482,3,2
194,483,3,2
194,484,3,2
194,485,3,2
194,486,3,2
194,487,3,2
194,488,3,2
194,489,3,2
194,490,3,2
194,491,3,2
194,492,3,2
194,493,3,2
194,494,3,2
194,495,3,2
194,496,3,2
194,497,3,3
194,498,3,3
194,499,3,3
194,500,3,3
194,501,3,3
194,502,3,3
194,503,3,3
194,504,3,3
194,505,3,3
194,506,3,3
194,507,3,3
194,508,3,3
194,509,3,3
194,510,3,3
194,511,3,3
194,512,3,3
194,513,3,3
194,514,3,3
194,515,3,3
194,516,3,3
194,517,3,3
194,518,3,3
194,519,3,3
194,520,3,3
194,521,3,3
194,522,3,3
194,523,3,3
194,524,3,3
194,525,3,3
194,526,3,3
194,527,3,3
194,528,3,3
194,529,3,3
194,530,3,3
194,531,3,3
194,532,3,3
194,533,3,3
194,534,3,3
194,535,3,3
194,536,3,3
194,537,3,3
194,538,3,3
194,539,3,3
194,540,3,3
194,541,3,3
194,542,3,3
194,543,3,3
194,544,3,3
194,545,3,3
194,546,3,3
194,547,3,3
194,548,3,3
194,549,3,3
194,550,3,3
194,551,3,3
194,552,3,3
194,553,3,3
194,554,3,3
194,555,3,3
194,556,3,3
194,557,3,3
194,558,3,3
194,559,3,3
194,560,3,3
194,561,3,3
194,562,3,3
194,563,3,3
194,564,3,3
194,565,3,3
194,566,3,3
194,567,3,3
194,568,3,3
194,569,3,3
194,570,3,3
194,571,3,3
194,572,3,3
194,573,3,3
194,574,3,3
194,575,3,3
194,576,3,3
194,577,3,3
194,578,3,3
194,579,3,3
194,580,3,3
194,581,3,3
194,582,3,3
194,583,3,3
194,584,3,3
194,585,3,3
194,586,3,3
194,587,3,3
194,588,3,3
194,589,3,3
194,590,3,3
194,591,3,3
194,592,3,3
194,593,3,3
194,594,3,3
194,595,3,3
194,596,3,3
194,597,3,3
194,598,3,3
194,599,3,3
194,600,3,3
194,601,3,3
194,602,3,3
194,603,3,3
194,604,3,3
194,605,3,3
194,606,3,3
194,607,3,3
194,608,3,3
194,609,3,3
194,610,3,3
194,611,3,3
194,612,3,3
194,613,3,3
194,614,3,3
194,615,3,3
194,616,3,3
194,617,3,3
194,618,3,3
194,619,3,3
194,620,3,3
194,621,3,3
194,622,3,3
194,623,3,3
194,624,3,3
194,625,3,3
194,626,3,3
194,627,3,3
194,628,3,2
194,629,3,2
194,630,3,2
194,631,3,2
194,632,3,2
194,633,3,2
194,634,3,2
194,635,3,2
194,636,3,2
194,637,3,3
194,638,3,3
194,639,3,3
194,640,3,3
194,641,3,3
194,642,3,3
194,643,3,3
194,644,3,3
194,645,3,3
194,646,3,3
194,647,3,3
194,648,3,2
194,649,3,2
194,650,3,2
194,651,3,2
194,652,3,2
194,653,3,3
194,654,3,3
194,655,3,3
194,656,3,3
194,657,3,3
194,658,3,3
194,659,3,3
194,660,3,3
194,661,3,3
194,662,3,3
194,663,3,3
194,664,3,3
194,665,3,3
194,666,3,3
194,667,3,3
194,668,3,3
194,669,3,3
194,670,3,3
194,671,3,3
194,672,3,3
194,673,3,3
194,674,3,3
194,675,3,3
194,676,3,3
194,677,3,3
194,678,3,3
194,679,3,3
194,680,3,3
194,681,3,3
194,682,3,3
194,683,3,3
194,684,3,3
194,685,3,3
194,686,3,3
194,687,3,3
194,688,3,3
194,689,3,3
194,690,3,3
194,691,3,3
194,692,3,3
194,693,3,3
194,694,3,3
194,695,3,2
194,696,3,2
194,697,3,2
194,698,3,2
194,699,3,2
194,700,3,2
194,701,3,2
194,702,3,2
194,703,3,2
194,704,3,2
194,705,3,2
194,706,3,3
194,707,3,3
194,708,3,3
194,709,3,3
194,710,3,3
194,711,3,3
194,712,3,3
194,713,3,3
194,714,3,3
194,715,3,3
194,716,3,3
194,717,3,3
194,718,3,3
194,719,3,3
194,720,3,3
194,721,3,3
194,722,3,3
194,723,3,3
194,724,3,3
194,725,3,3
194,726,3,3
194,727,3,3
194,728,3,3
194,729,3,3
194,730,3,3
194,731,3,3
194,732,3,3
194,733,3,3
194,734,3,3
194,735,3,3
194,736,3,2
194,737,3,2
194,738,3,2
194,739,3,2
194,740,3,2
194,741,3,2
194,742,3,2
194,743,3,2
194,744,3,2
194,745,3,2
194,746,3,2
194,747,3,2
194,748,3,2
194,749,3,2
194,750,3,2
194,751,3,2
194,752,3,2
194,753,3,2
194,754,3,2
194,755,3,2
194,756,3,2
194,757,3,2
194,758,3,2
194,759,3,2
194,760,3,2
194,761,3,2
194,762,3,2
194,763,3,2
194,764,3,2
194,765,3,2
194,766,3,2
194,767,3,2
194,768,3,2
194,769,3,2
194,770,3,2
194,771,3,2
194,772,3,2
194,773,3,2
194,774,3,2
194,775,3,2
194,776,3,2
194,777,3,2
194,778,3,2
194,779,3,2
194,780,3,2
194,781,3,2
194,782,3,2
194,783,3,2
194,784,3,2
194,785,3,2
194,786,3,2
194,787,3,2
194,788,3,2
194,789,3,2
194,790,3,2
194,791,3,2
195,142,3,2
195,143,3,2
195,144,3,2
195,145,3,2
195,146,3,2
195,147,3,2
195,148,3,2
195,149,3,2
195,150,3,2
195,151,3,2
195,152,3,2
195,153,3,2
195,154,3,2
195,155,3,2
195,156,3,2
195,157,3,2
195,158,3,2
195,159,3,2
195,160,3,2
195,161,3,2
195,162,3,2
195,163,3,2
195,164,3,2
195,165,3,2
195,166,3,2
195,167,3,2
195,168,3,2
195,169,3,2
195,170,3,2
195,171,3,2
195,172,3,2
195,173,3,2
195,174,3,2
195,175,3,2
195,176,3,2
195,177,3,2
195,178,3,2
195,179,3,2
195,180,3,2
195,181,3,2
195,182,3,2
195,183,3,2
195,184,3,2
195,185,3,2
195,186,3,2
195,187,3,2
195,188,3,2
195,189,3,2
195,190,3,2
195,191,3,2
195,192,3,2
195,193,3,2
195,194,3,2
195,195,3,2
195,196,3,2
195,197,3,2
195,198,3,2
195,199,3,2
195,200,3,2
195,201,3,2
195,202,3,2
195,203,3,2
195,204,3,2
195,205,3,2
195,206,3,2
195,207,3,2
195,208,3,2
195,209,3,2
195,210,3,2
195,211,3,2
195,212,3,2
195,213,3,2
195,214,3,2
195,215,3,2
195,216,3,2
195,217,3,2
195,218,3,2
195,219,3,2
195,220,3,2
195,221,3,2
195,222,3,2
195,223,3,2
195,224,3,2
195,225,3,2
195,226,3,2
195,227,3,2
195,228,3,2
195,229,3,2
195,230,3,2
195,231,3,2
195,232,3,2
195,233,3,2
195,234,3,2
195,235,3,2
195,236,3,2
195,237,3,2
195,238,3,2
195,239,3,2
195,240,3,2
195,241,3,2
195,242,3,2
195,243,3,2
195,244,3,2
195,245,3,2
195,246,3,2
195,247,3,2
195,248,3,2
195,249,3,2
195,250,3,2
195,251,3,2
195,252,3,2
195,253,3,2
195,254,3,2
195,255,3,2
195,256,3,2
195,257,3,2
195,258,3,2
195,259,3,2
195,260,3,2
195,261,3,2
195,262,3,2
195,263,3,2
195,264,3,2
195,265,3,2
195,266,3,2
195,267,3,2
195,268,3,2
195,269,3,2
195,270,3,2
195,271,3,2
195,272,3,2
195,273,3,2
195,274,3,2
195,275,3,2
195,276,3,2
195,277,3,2
195,278,3,2
195,279,3,2
195,280,3,2
195,281,3,2
195,282,3,2
195,283,3,2
195,284,3,2
195,285,3,2
195,286,3,2
195,287,3,2
195,288,3,2
195,289,3,2
195,290,3,2
195,291,3,2
195,292,3,2
195,293,3,2
195,294,3,2
195,295,3,2
195,296,3,2
195,297,3,2
195,298,3,2
195,299,3,2
195,300,3,2
195,301,3,2
195,302,3,2
195,303,3,2
195,304,3,2
195,305,3,2
195,306,3,2
195,307,3,2
195,308,3,2
195,309,3,2
195,310,3,2
195,311,3,2
195,312,3,2
195,313,3,2
195,314,3,2
195,315,3,2
195,316,3,2
195,317,3,2
195,318,3,2
195,319,3,2
195,320,3,2
195,321,3,2
195,322,3,2
195,323,3,2
195,324,3,2
195,325,3,2
195,326,3,2
195,327,3,2
195,328,3,2
195,329,3,2
195,330,3,2
195,331,3,2
195,332,3,2
195,333,3,2
195,334,3,2
195,335,3,2
195,336,3,2
195,337,3,2
195,338,3,2
195,339,3,2
195,340,3,2
195,341,3,2
195,342,3,2
195,343,3,2
195,344,3,2
195,345,3,2
195,346,3,2
195,347,3,2
195,348,3,2
195,349,3,2
195,350,3,2
195,351,3,2
195,352,3,2
195,353,3,2
195,354,3,2
195,355,3,2
195,356,3,2
195,357,3,2
195,358,3,2
195,359,3,2
195,360,3,2
195,361,3,2
195,362,3,2
195,363,3,2
195,364,3,2
195,365,3,2
195,366,3,2
195,367,3,2
195,368,3,2
195,369,3,2
195,370,3,2
195,371,3,2
195,372,3,2
195,373,3,2
195,374,3,2
195,375,3,2
195,376,3,2
195,377,3,2
195,378,3,2
195,379,3,2
195,380,3,2
195,381,3,2
195,382,3,2
195,383,3,2
195,384,3,2
195,385,3,2
195,386,3,2
195,387,3,2
195,388,3,2
195,389,3,2
195,390,3,2
195,391,3,2
195,392,3,2
195,393,3,2
195,394,3,2
195,395,3,2
195,396,3,2
195,397,3,2
195,398,3,2
195,399,3,2
195,400,3,2
195,401,3,2
195,402,3,2
195,403,3,2
195,404,3,2
195,405,3,2
195,406,3,2
195,407,3,2
195,408,3,2
195,409,3,2
195,410,3,2
195,411,3,2
195,412,3,2
195,413,3,2
195,414,3,2
195,415,3,2
195,416,3,2
195,417,3,2
195,418,3,2
195,419,3,2
195,420,3,2
195,421,3,2
195,422,3,2
195,423,3,2
195,424,3,2
195,425,3,2
195,426,3,2
195,427,3,2
195,428,3,2
195,429,3,2
195,430,3,2
195,431,3,2
195,432,3,2
195,433,3,2
195,434,3,2
195,435,3,2
195,436,3,2
195,437,3,2
195,438,3,2
195,439,3,2
195,440,3,2
195,441,3,2
195,442,3,2
195,443,3,2
195,444,3,2
195,445,3,2
195,446,3,2
195,447,3,2
195,448,3,2
195,449,3,2
195,450,3,2
195,451,3,2
195,452,3,2
195,453,3,2
195,454,3,2
195,455,3,2
195,456,3,2
195,457,3,2
195,458,3,2
195,459,3,2
195,460,3,2
195,461,3,2
195,462,3,2
195,463,3,2
195,464,3,2
195,465,3,2
195,466,3,2
195,467,3,2
195,468,3,2
195,469,3,2
195,470,3,2
195,471,3,2
195,472,3,2
195,473,3,2
195,474,3,2
195,475,3,2
195,476,3,2
195,477,3,2
195,478,3,2
195,479,3,2
195,480,3,2
195,481,3,2
195,482,3,2
195,483,3,2
195,484,3,2
195,485,3,2
195,486,3,2
195,487,3,2
195,488,3,2
195,489,3,2
195,490,3,2
195,491,3,2
195,492,3,2
195,493,3,2
195,494,3,2
195,495,3,2
195,496,3,2
195,497,3,3
195,498,3,3
195,499,3,3
195,500,3,3
195,501,3,3
195,502,3,3
195,503,3,3
195,504,3,3
195,505,3,3
195,506,3,3
195,507,3,3
195,508,3,3
195,509,3,3
195,510,3,3
195,511,3,3
195,512,3,3
195,513,3,3
195,514,3,3
195,515,3,3
195,516,3,3
195,517,3,3
195,518,3,3
195,519,3,3
195,520,3,3
195,521,3,3
195,522,3,3
195,523,3,3
195,524,3,3
195,525,3,3
195,526,3,3
195,527,3,3
195,528,3,3
195,529,3,3
195,530,3,3
195,531,3,3
195,532,3,3
195,533,3,3
195,534,3,3
195,535,3,3
195,536,3,3
195,537,3,3
195,538,3,3
195,539,3,3
195,540,3,3
195,541,3,3
195,542,3,3
195,543,3,3
195,544,3,3
195,545,3,3
195,546,3,3
195,547,3,3
195,548,3,3
195,549,3,3
195,550,3,3
195,551,3,3
195,552,3,3
195,553,3,3
195,554,3,3
195,555,3,3
195,556,3,3
195,557,3,3
195,558,3,3
195,559,3,3
195,560,3,3
195,561,3,3
195,562,3,3
195,563,3,3
195,564,3,3
195,565,3,3
195,566,3,3
195,567,3,3
195,568,3,3
195,569,3,3
195,570,3,3
195,571,3,3
195,572,3,3
195,573,3,3
195,574,3,3
195,575,3,3
195,576,3,3
195,577,3,3
195,578,3,3
195,579,3,3
195,580,3,3
195,581,3,3
195,582,3,3
195,583,3,3
195,584,3,3
195,585,3,3
195,586,3,3
195,587,3,3
195,588,3,3
195,589,3,3
195,590,3,3
195,591,3,3
195,592,3,3
195,593,3,3
195,594,3,3
195,595,3,3
195,596,3,3
195,597,3,3
195,598,3,3
195,599,3,3
195,600,3,3
195,601,3,3
195,602,3,3
195,603,3,3
195,604,3,3
195,605,3,3
195,606,3,3
195,607,3,3
195,608,3,3
195,609,3,3
195,610,3,3
195,611,3,3
195,612,3,3
195,613,3,3
195,614,3,3
195,615,3,3
195,616,3,3
195,617,3,3
195,618,3,3
195,619,3,3
195,620,3,3
195,621,3,3
195,622,3,3
195,623,3,3
195,624,3,3
195,625,3,3
195,626,3,3
195,627,3,3
195,628,3,2
195,629,3,2
195,630,3,2
195,631,3,2
195,632,3,2
195,633,3,2
195,634,3,2
195,635,3,2
195,636,3,2
195,637,3,3
195,638,3,3
195,639,3,3
195,640,3,3
195,641,3,3
195,642,3,3
195,643,3,3
195,644,3,3
195,645,3,3
195,646,3,3
195,647,3,3
195,648,3,2
195,649,3,2
195,650,3,2
195,651,3,2
195,652,3,2
195,653,3,3
195,654,3,3
195,655,3,3
195,656,3,3
195,657,3,3
195,658,3,3
195,659,3,3
195,660,3,3
195,661,3,3
195,662,3,3
195,663,3,3
195,664,3,3
195,665,3,3
195,666,3,3
195,667,3,3
195,668,3,3
195,669,3,3
195,670,3,3
195,671,3,3
195,672,3,3
195,673,3,3
195,674,3,3
195,675,3,3
195,676,3,3
195,677,3,3
195,678,3,3
195,679,3,3
195,680,3,3
195,681,3,3
195,682,3,3
195,683,3,3
195,684,3,3
195,685,3,3
195,686,3,3
195,687,3,3
195,688,3,3
195,689,3,3
195,690,3,3
195,691,3,3
195,692,3,3
195,693,3,3
195,694,3,3
195,695,3,3
195,696,3,2
195,697,3,2
195,698,3,2
195,699,3,2
195,700,3,2
195,701,3,2
195,702,3,2
195,703,3,2
195,704,3,2
195,705,3,2
195,706,3,3
195,707,3,3
195,708,3,3
195,709,3,3
195,710,3,3
195,711,3,3
195,712,3,3
195,713,3,3
195,714,3,3
195,715,3,3
195,716,3,3
195,717,3,3
195,718,3,3
195,719,3,3
195,720,3,3
195,721,3,3
195,722,3,3
195,723,3,3
195,724,3,3
195,725,3,3
195,726,3,3
195,727,3,3
195,728,3,3
195,729,3,3
195,730,3,3
195,731,3,3
195,732,3,3
195,733,3,3
195,734,3,3
195,735,3,3
195,736,3,3
195,737,3,3
195,738,3,3
195,739,3,2
195,740,3,2
195,741,3,2
195,742,3,2
195,743,3,2
195,744,3,2
195,745,3,2
195,746,3,2
195,747,3,2
195,748,3,2
195,749,3,2
195,750,3,2
195,751,3,2
195,752,3,2
195,753,3,2
195,754,3,2
195,755,3,2
195,756,3,2
195,757,3,2
195,758,3,2
195,759,3,2
195,760,3,2
195,761,3,2
195,762,3,2
195,763,3,2
195,764,3,2
195,765,3,2
195,766,3,2
195,767,3,2
195,768,3,2
195,769,3,2
195,770,3,2
195,771,3,2
195,772,3,2
195,773,3,2
195,774,3,2
195,775,3,2
195,776,3,2
195,777,3,2
195,778,3,2
195,779,3,2
195,780,3,2
195,781,3,2
195,782,3,2
195,783,3,2
195,784,3,2
195,785,3,2
195,786,3,2
195,787,3,2
195,788,3,2
195,789,3,2
195,790,3,2
195,791,3,2
196,142,3,2
196,143,3,2
196,144,3,2
196,145,3,2
196,146,3,2
196,147,3,2
196,148,3,2
196,149,3,2
196,150,3,2
196,151,3,2
196,152,3,2
196,153,3,2
196,154,3,2
196,155,3,2
196,156,3,2
196,157,3,2
196,158,3,2
196,159,3,2
196,160,3,2
196,161,3,2
196,162,3,2
196,163,3,2
196,164,3,2
196,165,3,2
196,166,3,2
196,167,3,2
196,168,3,2
196,169,3,2
196,170,3,2
196,171,3,2
196,172,3,2
196,173,3,2
196,174,3,2
196,175,3,2
196,176,3,2
196,177,3,2
196,178,3,2
196,179,3,2
196,180,3,2
196,181,3,2
196,182,3,2
196,183,3,2
196,184,3,2
196,185,3,2
196,186,3,2
196,187,3,2
196,188,3,2
196,189,3,2
196,190,3,2
196,191,3,2
196,192,3,2
196,193,3,2
196,194,3,2
196,195,3,2
196,196,3,2
196,197,3,2
196,198,3,2
196,199,3,2
196,200,3,2
196,201,3,2
196,202,3,2
196,203,3,2
196,204,3,2
196,205,3,2
196,206,3,2
196,207,3,2
196,208,3,2
196,209,3,2
196,210,3,2
196,211,3,2
196,212,3,2
196,213,3,2
196,214,3,2
196,215,3,2
196,216,3,2
196,217,3,2
196,218,3,2
196,219,3,2
196,220,3,2
196,221,3,2
196,222,3,2
196,223,3,2
196,224,3,2
196,225,3,2
196,226,3,2
196,227,3,2
196,228,3,2
196,229,3,2
196,230,3,2
196,231,3,2
196,232,3,2
196,233,3,2
196,234,3,2
196,235,3,2
196,236,3,2
196,237,3,2
196,238,3,2
196,239,3,2
196,240,3,2
196,241,3,2
196,242,3,2
196,243,3,2
196,244,3,2
196,245,3,2
196,246,3,2
196,247,3,2
196,248,3,2
196,249,3,2
196,250,3,2
196,251,3,2
196,252,3,2
196,253,3,2
196,254,3,2
196,255,3,2
196,256,3,2
196,257,3,2
196,258,3,2
196,259,3,2
196,260,3,2
196,261,3,2
196,262,3,2
196,263,3,2
196,264,3,2
196,265,3,2
196,266,3,2
196,267,3,2
196,268,3,2
196,269,3,2
196,270,3,2
196,271,3,2
196,272,3,2
196,273,3,2
196,274,3,2
196,275,3,2
196,276,3,2
196,277,3,2
196,278,3,2
196,279,3,2
196,280,3,2
196,281,3,2
196,282,3,2
196,283,3,2
196,284,3,2
196,285,3,2
196,286,3,2
196,287,3,2
196,288,3,2
196,289,3,2
196,290,3,2
196,291,3,2
196,292,3,2
196,293,3,2
196,294,3,2
196,295,3,2
196,296,3,2
196,297,3,2
196,298,3,2
196,299,3,2
196,300,3,2
196,301,3,2
196,302,3,2
196,303,3,2
196,304,3,2
196,305,3,2
196,306,3,2
196,307,3,2
196,308,3,2
196,309,3,2
196,310,3,2
196,311,3,2
196,312,3,2
196,313,3,2
196,314,3,2
196,315,3,2
196,316,3,2
196,317,3,2
196,318,3,2
196,319,3,2
196,320,3,2
196,321,3,2
196,322,3,2
196,323,3,2
196,324,3,2
196,325,3,2
196,326,3,2
196,327,3,2
196,328,3,2
196,329,3,2
196,330,3,2
196,331,3,2
196,332,3,2
196,333,3,2
196,334,3,2
196,335,3,2
196,336,3,2
196,337,3,2
196,338,3,2
196,339,3,2
196,340,3,2
196,341,3,2
196,342,3,2
196,343,3,2
196,344,3,2
196,345,3,2
196,346,3,2
196,347,3,2
196,348,3,2
196,349,3,2
196,350,3,2
196,351,3,2
196,352,3,2
196,353,3,2
196,354,3,2
196,355,3,2
196,356,3,2
196,357,3,2
196,358,3,2
196,359,3,2
196,360,3,2
196,361,3,2
196,362,3,2
196,363,3,2
196,364,3,2
196,365,3,2
196,366,3,2
196,367,3,2
196,368,3,2
196,369,3,2
196,370,3,2
196,371,3,2
196,372,3,2
196,373,3,2
196,374,3,2
196,375,3,2
196,376,3,2
196,377,3,2
196,378,3,2
196,379,3,2
196,380,3,2
196,381,3,2
196,382,3,2
196,383,3,2
196,384,3,2
196,385,3,2
196,386,3,2
196,387,3,2
196,388,3,2
196,389,3,2
196,390,3,2
196,391,3,2
196,392,3,2
196,393,3,2
196,394,3,2
196,395,3,2
196,396,3,2
196,397,3,2
196,398,3,2
196,399,3,2
196,400,3,2
196,401,3,2
196,402,3,2
196,403,3,2
196,404,3,2
196,405,3,2
196,406,3,2
196,407,3,2
196,408,3,2
196,409,3,2
196,410,3,2
196,411,3,2
196,412,3,2
196,413,3,2
196,414,3,2
196,415,3,2
196,416,3,2
196,417,3,2
196,418,3,2
196,419,3,2
196,420,3,2
196,421,3,2
196,422,3,2
196,423,3,2
196,424,3,2
196,425,3,2
196,426,3,2
196,427,3,2
196,428,3,2
196,429,3,2
196,430,3,2
196,431,3,2
196,432,3,2
196,433,3,2
196,434,3,2
196,435,3,2
196,436,3,2
196,437,3,2
196,438,3,2
196,439,3,2
196,440,3,2
196,441,3,2
196,442,3,2
196,443,3,2
196,444,3,2
196,445,3,2
196,446,3,2
196,447,3,2
196,448,3,2
196,449,3,2
196,450,3,2
196,451,3,2
196,452,3,2
196,453,3,2
196,454,3,2
196,455,3,2
196,456,3,2
196,457,3,2
196,458,3,2
196,459,3,2
196,460,3,2
196,461,3,2
196,462,3,2
196,463,3,2
196,464,3,2
196,465,3,2
196,466,3,2
196,467,3,2
196,468,3,2
196,469,3,2
196,470,3,2
196,471,3,2
196,472,3,2
196,473,3,2
196,474,3,2
196,475,3,2
196,476,3,2
196,477,3,2
196,478,3,2
196,479,3,2
196,480,3,2
196,481,3,2
196,482,3,2
196,483,3,2
196,484,3,2
196,485,3,2
196,486,3,2
196,487,3,2
196,488,3,2
196,489,3,2
196,490,3,2
196,491,3,2
196,492,3,2
196,493,3,2
196,494,3,2
196,495,3,2
196,496,3,2
196,497,3,3
196,498,3,3
196,499,3,3
196,500,3,3
196,501,3,3
196,502,3,3
196,503,3,3
196,504,3,3
196,505,3,3
196,506,3,3
196,507,3,3
196,508,3,3
196,509,3,3
196,510,3,3
196,511,3,3
196,512,3,3
196,513,3,3
196,514,3,3
196,515,3,3
196,516,3,3
196,517,3,3
196,518,3,3
196,519,3,3
196,520,3,3
196,521,3,3
196,522,3,3
196,523,3,3
196,524,3,3
196,525,3,3
196,526,3,3
196,527,3,3
196,528,3,3
196,529,3,3
196,530,3,3
196,531,3,3
196,532,3,3
196,533,3,3
196,534,3,3
196,535,3,3
196,536,3,3
196,537,3,3
196,538,3,3
196,539,3,3
196,540,3,3
196,541,3,3
196,542,3,3
196,543,3,3
196,544,3,3
196,545,3,3
196,546,3,3
196,547,3,3
196,548,3,3
196,549,3,3
196,550,3,3
196,551,3,3
196,552,3,3
196,553,3,3
196,554,3,3
196,555,3,3
196,556,3,3
196,557,3,3
196,558,3,3
196,559,3,3
196,560,3,3
196,561,3,3
196,562,3,3
196,563,3,3
196,564,3,3
196,565,3,3
196,566,3,3
196,567,3,3
196,568,3,3
196,569,3,3
196,570,3,3
196,571,3,3
196,572,3,3
196,573,3,3
196,574,3,3
196,575,3,3
196,576,3,3
196,577,3,3
196,578,3,3
196,579,3,3
196,580,3,3
196,581,3,3
196,582,3,3
196,583,3,3
196,584,3,3
196,585,3,3
196,586,3,3
196,587,3,3
196,588,3,3
196,589,3,3
196,590,3,3
196,591,3,3
196,592,3,3
196,593,3,3
196,594,3,3
196,595,3,3
196,596,3,3
196,597,3,3
196,598,3,3
196,599,3,3
196,600,3,3
196,601,3,3
196,602,3,3
196,603,3,3
196,604,3,3
196,605,3,3
196,606,3,3
196,607,3,3
196,608,3,3
196,609,3,3
196,610,3,3
196,611,3,3
196,612,3,3
196,613,3,3
196,614,3,3
196,615,3,3
196,616,3,3
196,617,3,3
196,618,3,3
196,619,3,3
196,620,3,3
196,621,3,3
196,622,3,3
196,623,3,3
196,624,3,3
196,625,3,3
196,626,3,3
196,627,3,3
196,628,3,3
196,629,3,2
196,630,3,2
196,631,3,2
196,632,3,2
196,633,3,2
196,634,3,2
196,635,3,2
196,636,3,2
196,637,3,2
196,638,3,2
196,639,3,2
196,640,3,2
196,641,3,3
196,642,3,3
196,643,3,3
196,644,3,3
196,645,3,3
196,646,3,3
196,647,3,3
196,648,3,2
196,649,3,2
196,650,3,2
196,651,3,2
196,652,3,3
196,653,3,3
196,654,3,3
196,655,3,3
196,656,3,3
196,657,3,3
196,658,3,3
196,659,3,3
196,660,3,3
196,661,3,3
196,662,3,3
196,663,3,3
196,664,3,3
196,665,3,3
196,666,3,3
196,667,3,3
196,668,3,3
196,669,3,3
196,670,3,3
196,671,3,3
196,672,3,3
196,673,3,3
196,674,3,3
196,675,3,3
196,676,3,3
196,677,3,3
196,678,3,3
196,679,3,3
196,680,3,3
196,681,3,3
196,682,3,3
196,683,3,3
196,684,3,3
196,685,3,3
196,686,3,3
196,687,3,3
196,688,3,3
196,689,3,3
196,690,3,3
196,691,3,3
196,692,3,3
196,693,3,3
196,694,3,3
196,695,3,3
196,696,3,2
196,697,3,2
196,698,3,2
196,699,3,2
196,700,3,2
196,701,3,2
196,702,3,2
196,703,3,2
196,704,3,2
196,705,3,2
196,706,3,2
196,707,3,3
196,708,3,3
196,709,3,3
196,710,3,3
196,711,3,3
196,712,3,3
196,713,3,3
196,714,3,3
196,715,3,3
196,716,3,3
196,717,3,3
196,718,3,3
196,719,3,3
196,720,3,3
196,721,3,3
196,722,3,3
196,723,3,3
196,724,3,3
196,725,3,3
196,726,3,3
196,727,3,3
196,728,3,3
196,729,3,3
196,730,3,3
196,731,3,3
196,732,3,3
196,733,3,3
196,734,3,3
196,735,3,3
196,736,3,3
196,737,3,3
196,738,3,3
196,739,3,3
196,740,3,3
196,741,3,3
196,742,3,2
196,743,3,2
196,744,3,2
196,745,3,2
196,746,3,2
196,747,3,2
196,748,3,2
196,749,3,2
196,750,3,2
196,751,3,2
196,752,3,2
196,753,3,2
196,754,3,2
196,755,3,2
196,756,3,2
196,757,3,2
196,758,3,2
196,759,3,2
196,760,3,2
196,761,3,2
196,762,3,2
196,763,3,2
196,764,3,2
196,765,3,2
196,766,3,2
196,767,3,2
196,768,3,2
196,769,3,2
196,770,3,2
196,771,3,2
196,772,3,2
196,773,3,2
196,774,3,2
196,775,3,2
196,776,3,2
196,777,3,2
196,778,3,2
196,779,3,2
196,780,3,2
196,781,3,2
196,782,3,2
196,783,3,2
196,784,3,2
196,785,3,2
196,786,3,2
196,787,3,2
196,788,3,2
196,789,3,2
196,790,3,2
196,791,3,2
197,142,3,2
197,143,3,2
197,144,3,2
197,145,3,2
197,146,3,2
197,147,3,2
197,148,3,2
197,149,3,2
197,150,3,2
197,151,3,2
197,152,3,2
197,153,3,2
197,154,3,2
197,155,3,2
197,156,3,2
197,157,3,2
197,158,3,2
197,159,3,2
197,160,3,2
197,161,3,2
197,162,3,2
197,163,3,2
197,164,3,2
197,165,3,2
197,166,3,2
197,167,3,2
197,168,3,2
197,169,3,2
197,170,3,2
197,171,3,2
197,172,3,2
197,173,3,2
197,174,3,2
197,175,3,2
197,176,3,2
197,177,3,2
197,178,3,2
197,179,3,2
197,180,3,2
197,181,3,2
197,182,3,2
197,183,3,2
197,184,3,2
197,185,3,2
197,186,3,2
197,187,3,2
197,188,3,2
197,189,3,2
197,190,3,2
197,191,3,2
197,192,3,2
197,193,3,2
197,194,3,2
197,195,3,2
197,196,3,2
197,197,3,2
197,198,3,2
197,199,3,2
197,200,3,2
197,201,3,2
197,202,3,2
197,203,3,2
197,204,3,2
197,205,3,2
197,206,3,2
197,207,3,2
197,208,3,2
197,209,3,2
197,210,3,2
197,211,3,2
197,212,3,2
197,213,3,2
197,214,3,2
197,215,3,2
197,216,3,2
197,217,3,2
197,218,3,2
197,219,3,2
197,220,3,2
197,221,3,2
197,222,3,2
197,223,3,2
197,224,3,2
197,225,3,2
197,226,3,2
197,227,3,2
197,228,3,2
197,229,3,2
197,230,3,2
197,231,3,2
197,232,3,2
197,233,3,2
197,234,3,2
197,235,3,2
197,236,3,2
197,237,3,2
197,238,3,2
197,239,3,2
197,240,3,2
197,241,3,2
197,242,3,2
197,243,3,2
197,244,3,2
197,245,3,2
197,246,3,2
197,247,3,2
197,248,3,2
197,249,3,2
197,250,3,2
197,251,3,2
197,252,3,2
197,253,3,2
197,254,3,2
197,255,3,2
197,256,3,2
197,257,3,2
197,258,3,2
197,259,3,2
197,260,3,2
197,261,3,2
197,262,3,2
197,263,3,2
197,264,3,2
197,265,3,2
197,266,3,2
197,267,3,2
197,268,3,2
197,269,3,2
197,270,3,2
197,271,3,2
197,272,3,2
197,273,3,2
197,274,3,2
197,275,3,2
197,276,3,2
197,277,3,2
197,278,3,2
197,279,3,2
197,280,3,2
197,281,3,2
197,282,3,2
197,283,3,2
197,284,3,2
197,285,3,2
197,286,3,2
197,287,3,2
197,288,3,2
197,289,3,2
197,290,3,2
197,291,3,2
197,292,3,2
197,293,3,2
197,294,3,2
197,295,3,2
197,296,3,2
197,297,3,2
197,298,3,2
197,299,3,2
197,300,3,2
197,301,3,2
197,302,3,2
197,303,3,2
197,304,3,2
197,305,3,2
197,306,3,2
197,307,3,2
197,308,3,2
197,309,3,2
197,310,3,2
197,311,3,2
197,312,3,2
197,313,3,2
197,314,3,2
197,315,3,2
197,316,3,2
197,317,3,2
197,318,3,2
197,319,3,2
197,320,3,2
197,321,3,2
197,322,3,2
197,323,3,2
197,324,3,2
197,325,3,2
197,326,3,2
197,327,3,2
197,328,3,2
197,329,3,2
197,330,3,2
197,331,3,2
197,332,3,2
197,333,3,2
197,334,3,2
197,335,3,2
197,336,3,2
197,337,3,2
197,338,3,2
197,339,3,2
197,340,3,2
197,341,3,2
197,342,3,2
197,343,3,2
197,344,3,2
197,345,3,2
197,346,3,2
197,347,3,2
197,348,3,2
197,349,3,2
197,350,3,2
197,351,3,2
197,352,3,2
197,353,3,2
197,354,3,2
197,355,3,2
197,356,3,2
197,357,3,2
197,358,3,2
197,359,3,2
197,360,3,2
197,361,3,2
197,362,3,2
197,363,3,2
197,364,3,2
197,365,3,2
197,366,3,2
197,367,3,2
197,368,3,2
197,369,3,2
197,370,3,2
197,371,3,2
197,372,3,2
197,373,3,2
197,374,3,2
197,375,3,2
197,376,3,2
197,377,3,2
197,378,3,2
197,379,3,2
197,380,3,2
197,381,3,2
197,382,3,2
197,383,3,2
197,384,3,2
197,385,3,2
197,386,3,2
197,387,3,2
197,388,3,2
197,389,3,2
197,390,3,2
197,391,3,2
197,392,3,2
197,393,3,2
197,394,3,2
197,395,3,2
197,396,3,2
197,397,3,2
197,398,3,2
197,399,3,2
197,400,3,2
197,401,3,2
197,402,3,2
197,403,3,2
197,404,3,2
197,405,3,2
197,406,3,2
197,407,3,2
197,408,3,2
197,409,3,2
197,410,3,2
197,411,3,2
197,412,3,2
197,413,3,2
197,414,3,2
197,415,3,2
197,416,3,2
197,417,3,2
197,418,3,2
197,419,3,2
197,420,3,2
197,421,3,2
197,422,3,2
197,423,3,2
197,424,3,2
197,425,3,2
197,426,3,2
197,427,3,2
197,428,3,2
197,429,3,2
197,430,3,2
197,431,3,2
197,432,3,2
197,433,3,2
197,434,3,2
197,435,3,2
197,436,3,2
197,437,3,2
197,438,3,2
197,439,3,2
197,440,3,2
197,441,3,2
197,442,3,2
197,443,3,2
197,444,3,2
197,445,3,2
197,446,3,2
197,447,3,2
197,448,3,2
197,449,3,2
197,450,3,2
197,451,3,2
197,452,3,2
197,453,3,2
197,454,3,2
197,455,3,2
197,456,3,2
197,457,3,2
197,458,3,2
197,459,3,2
197,460,3,2
197,461,3,2
197,462,3,2
197,463,3,2
197,464,3,2
197,465,3,2
197,466,3,2
197,467,3,2
197,468,3,2
197,469,3,2
197,470,3,2
197,471,3,2
197,472,3,2
197,473,3,2
197,474,3,2
197,475,3,2
197,476,3,2
197,477,3,2
197,478,3,2
197,479,3,2
197,480,3,2
197,481,3,2
197,482,3,2
197,483,3,2
197,484,3,2
197,485,3,2
197,486,3,2
197,487,3,2
197,488,3,2
197,489,3,2
197,490,3,2
197,491,3,2
197,492,3,2
197,493,3,2
197,494,3,2
197,495,3,2
197,496,3,2
197,497,3,3
197,498,3,3
197,499,3,3
197,500,3,3
197,501,3,3
197,502,3,3
197,503,3,3
197,504,3,3
197,505,3,3
197,506,3,3
197,507,3,3
197,508,3,3
197,509,3,3
197,510,3,3
197,511,3,3
197,512,3,3
197,513,3,3
197,514,3,3
197,515,3,3
197,516,3,3
197,517,3,3
197,518,3,3
197,519,3,3
197,520,3,3
197,521,3,3
197,522,3,3
197,523,3,3
197,524,3,3
197,525,3,3
197,526,3,3
197,527,3,3
197,528,3,3
197,529,3,3
197,530,3,3
197,531,3,3
197,532,3,3
197,533,3,3
197,534,3,3
197,535,3,3
197,536,3,3
197,537,3,3
197,538,3,3
197,539,3,3
197,540,3,3
197,541,3,3
197,542,3,3
197,543,3,3
197,544,3,3
197,545,3,3
197,546,3,3
197,547,3,3
197,548,3,3
197,549,3,3
197,550,3,3
197,551,3,3
197,552,3,3
197,553,3,3
197,554,3,3
197,555,3,3
197,556,3,3
197,557,3,3
197,558,3,3
197,559,3,3
197,560,3,3
197,561,3,3
197,562,3,3
197,563,3,3
197,564,3,3
197,565,3,3
197,566,3,3
197,567,3,3
197,568,3,3
197,569,3,3
197,570,3,3
197,571,3,3
197,572,3,3
197,573,3,3
197,574,3,3
197,575,3,3
197,576,3,3
197,577,3,3
197,578,3,3
197,579,3,3
197,580,3,3
197,581,3,3
197,582,3,3
197,583,3,3
197,584,3,3
197,585,3,3
197,586,3,3
197,587,3,3
197,588,3,3
197,589,3,3
197,590,3,3
197,591,3,3
197,592,3,3
197,593,3,3
197,594,3,3
197,595,3,3
197,596,3,3
197,597,3,3
197,598,3,3
197,599,3,3
197,600,3,3
197,601,3,3
197,602,3,3
197,603,3,3
197,604,3,3
197,605,3,3
197,606,3,3
197,607,3,3
197,608,3,3
197,609,3,3
197,610,3,3
197,611,3,3
197,612,3,3
197,613,3,3
197,614,3,3
197,615,3,3
197,616,3,3
197,617,3,3
197,618,3,3
197,619,3,3
197,620,3,3
197,621,3,3
197,622,3,3
197,623,3,3
197,624,3,3
197,625,3,3
197,626,3,3
197,627,3,3
197,628,3,3
197,629,3,3
197,630,3,3
197,631,3,2
197,632,3,2
197,633,3,2
197,634,3,2
197,635,3,2
197,636,3,2
197,637,3,2
197,638,3,2
197,639,3,2
197,640,3,2
197,641,3,2
197,642,3,2
197,643,3,3
197,644,3,3
197,645,3,3
197,646,3,3
197,647,3,3
197,648,3,2
197,649,3,2
197,650,3,2
197,651,3,2
197,652,3,3
197,653,3,3
197,654,3,3
197,655,3,3
197,656,3,3
197,657,3,3
197,658,3,3
197,659,3,3
197,660,3,3
197,661,3,3
197,662,3,3
197,663,3,3
197,664,3,3
197,665,3,3
197,666,3,3
197,667,3,3
197,668,3,3
197,669,3,3
197,670,3,3
197,671,3,3
197,672,3,3
197,673,3,3
197,674,3,3
197,675,3,3
197,676,3,3
197,677,3,3
197,678,3,3
197,679,3,3
197,680,3,3
197,681,3,3
197,682,3,3
197,683,3,3
197,684,3,3
197,685,3,3
197,686,3,3
197,687,3,3
197,688,3,3
197,689,3,3
197,690,3,3
197,691,3,3
197,692,3,3
197,693,3,3
197,694,3,3
197,695,3,3
197,696,3,3
197,697,3,2
197,698,3,2
197,699,3,2
197,700,3,2
197,701,3,2
197,702,3,2
197,703,3,2
197,704,3,2
197,705,3,2
197,706,3,2
197,707,3,3
197,708,3,3
197,709,3,3
197,710,3,3
197,711,3,3
197,712,3,3
197,713,3,3
197,714,3,3
197,715,3,3
197,716,3,3
197,717,3,3
197,718,3,3
197,719,3,3
197,720,3,3
197,721,3,3
197,722,3,3
197,723,3,3
197,724,3,3
197,725,3,3
197,726,3,3
197,727,3,3
197,728,3,3
197,729,3,3
197,730,3,3
197,731,3,3
197,732,3,3
197,733,3,3
197,734,3,3
197,735,3,3
197,736,3,3
197,737,3,3
197,738,3,3
197,739,3,3
197,740,3,3
197,741,3,3
197,742,3,3
197,743,3,3
197,744,3,3
197,745,3,2
197,746,3,2
197,747,3,2
197,748,3,2
197,749,3,2
197,750,3,2
197,751,3,2
197,752,3,2
197,753,3,2
197,754,3,2
197,755,3,2
197,756,3,2
197,757,3,2
197,758,3,2
197,759,3,2
197,760,3,2
197,761,3,2
197,762,3,2
197,763,3,2
197,764,3,2
197,765,3,2
197,766,3,2
197,767,3,2
197,768,3,2
197,769,3,2
197,770,3,2
197,771,3,2
197,772,3,2
197,773,3,2
197,774,3,2
197,775,3,2
197,776,3,2
197,777,3,2
197,778,3,2
197,779,3,2
197,780,3,2
197,781,3,2
197,782,3,2
197,783,3,2
197,784,3,2
197,785,3,2
197,786,3,2
197,787,3,2
197,788,3,2
197,789,3,2
197,790,3,2
197,791,3,2
197,792,3,2
198,142,3,2
198,143,3,2
198,144,3,2
198,145,3,2
198,146,3,2
198,147,3,2
198,148,3,2
198,149,3,2
198,150,3,2
198,151,3,2
198,152,3,2
198,153,3,2
198,154,3,2
198,155,3,2
198,156,3,2
198,157,3,2
198,158,3,2
198,159,3,2
198,160,3,2
198,161,3,2
198,162,3,2
198,163,3,2
198,164,3,2
198,165,3,2
198,166,3,2
198,167,3,2
198,168,3,2
198,169,3,2
198,170,3,2
198,171,3,2
198,172,3,2
198,173,3,2
198,174,3,2
198,175,3,2
198,176,3,2
198,177,3,2
198,178,3,2
198,179,3,2
198,180,3,2
198,181,3,2
198,182,3,2
198,183,3,2
198,184,3,2
198,185,3,2
198,186,3,2
198,187,3,2
198,188,3,2
198,189,3,2
198,190,3,2
198,191,3,2
198,192,3,2
198,193,3,2
198,194,3,2
198,195,3,2
198,196,3,2
198,197,3,2
198,198,3,2
198,199,3,2
198,200,3,2
198,201,3,2
198,202,3,2
198,203,3,2
198,204,3,2
198,205,3,2
198,206,3,2
198,207,3,2
198,208,3,2
198,209,3,2
198,210,3,2
198,211,3,2
198,212,3,2
198,213,3,2
198,214,3,2
198,215,3,2
198,216,3,2
198,217,3,2
198,218,3,2
198,219,3,2
198,220,3,2
198,221,3,2
198,222,3,2
198,223,3,2
198,224,3,2
198,225,3,2
198,226,3,2
198,227,3,2
198,228,3,2
198,229,3,2
198,230,3,2
198,231,3,2
198,232,3,2
198,233,3,2
198,234,3,2
198,235,3,2
198,236,3,2
198,237,3,2
198,238,3,2
198,239,3,2
198,240,3,2
198,241,3,2
198,242,3,2
198,243,3,2
198,244,3,2
198,245,3,2
198,246,3,2
198,247,3,2
198,248,3,2
198,249,3,2
198,250,3,2
198,251,3,2
198,252,3,2
198,253,3,2
198,254,3,2
198,255,3,2
198,256,3,2
198,257,3,2
198,258,3,2
198,259,3,2
198,260,3,2
198,261,3,2
198,262,3,2
198,263,3,2
198,264,3,2
198,265,3,2
198,266,3,2
198,267,3,2
198,268,3,2
198,269,3,2
198,270,3,2
198,271,3,2
198,272,3,2
198,273,3,2
198,274,3,2
198,275,3,2
198,276,3,2
198,277,3,2
198,278,3,2
198,279,3,2
198,280,3,2
198,281,3,2
198,282,3,2
198,283,3,2
198,284,3,2
198,285,3,2
198,286,3,2
198,287,3,2
198,288,3,2
198,289,3,2
198,290,3,2
198,291,3,2
198,292,3,2
198,293,3,2
198,294,3,2
198,295,3,2
198,296,3,2
198,297,3,2
198,298,3,2
198,299,3,2
198,300,3,2
198,301,3,2
198,302,3,2
198,303,3,2
198,304,3,2
198,305,3,2
198,306,3,2
198,307,3,2
198,308,3,2
198,309,3,2
198,310,3,2
198,311,3,2
198,312,3,2
198,313,3,2
198,314,3,2
198,315,3,2
198,316,3,2
198,317,3,2
198,318,3,2
198,319,3,2
198,320,3,2
198,321,3,2
198,322,3,2
198,323,3,2
198,324,3,2
198,325,3,2
198,326,3,2
198,327,3,2
198,328,3,2
198,329,3,2
198,330,3,2
198,331,3,2
198,332,3,2
198,333,3,2
198,334,3,2
198,335,3,2
198,336,3,2
198,337,3,2
198,338,3,2
198,339,3,2
198,340,3,2
198,341,3,2
198,342,3,2
198,343,3,2
198,344,3,2
198,345,3,2
198,346,3,2
198,347,3,2
198,348,3,2
198,349,3,2
198,350,3,2
198,351,3,2
198,352,3,2
198,353,3,2
198,354,3,2
198,355,3,2
198,356,3,2
198,357,3,2
198,358,3,2
198,359,3,2
198,360,3,2
198,361,3,2
198,362,3,2
198,363,3,2
198,364,3,2
198,365,3,2
198,366,3,2
198,367,3,2
198,368,3,2
198,369,3,2
198,370,3,2
198,371,3,2
198,372,3,2
198,373,3,2
198,374,3,2
198,375,3,2
198,376,3,2
198,377,3,2
198,378,3,2
198,379,3,2
198,380,3,2
198,381,3,2
198,382,3,2
198,383,3,2
198,384,3,2
198,385,3,2
198,386,3,2
198,387,3,2
198,388,3,2
198,389,3,2
198,390,3,2
198,391,3,2
198,392,3,2
198,393,3,2
198,394,3,2
198,395,3,2
198,396,3,2
198,397,3,2
198,398,3,2
198,399,3,2
198,400,3,2
198,401,3,2
198,402,3,2
198,403,3,2
198,404,3,2
198,405,3,2
198,406,3,2
198,407,3,2
198,408,3,2
198,409,3,2
198,410,3,2
198,411,3,2
198,412,3,2
198,413,3,2
198,414,3,2
198,415,3,2
198,416,3,2
198,417,3,2
198,418,3,2
198,419,3,2
198,420,3,2
198,421,3,2
198,422,3,2
198,423,3,2
198,424,3,2
198,425,3,2
198,426,3,2
198,427,3,2
198,428,3,2
198,429,3,2
198,430,3,2
198,431,3,2
198,432,3,2
198,433,3,2
198,434,3,2
198,435,3,2
198,436,3,2
198,437,3,2
198,438,3,2
198,439,3,2
198,440,3,2
198,441,3,2
198,442,3,2
198,443,3,2
198,444,3,2
198,445,3,2
198,446,3,2
198,447,3,2
198,448,3,2
198,449,3,2
198,450,3,2
198,451,3,2
198,452,3,2
198,453,3,2
198,454,3,2
198,455,3,2
198,456,3,2
198,457,3,2
198,458,3,2
198,459,3,2
198,460,3,2
198,461,3,2
198,462,3,2
198,463,3,2
198,464,3,2
198,465,3,2
198,466,3,2
198,467,3,2
198,468,3,2
198,469,3,2
198,470,3,2
198,471,3,2
198,472,3,2
198,473,3,2
198,474,3,2
198,475,3,2
198,476,3,2
198,477,3,2
198,478,3,2
198,479,3,2
198,480,3,2
198,481,3,2
198,482,3,2
198,483,3,2
198,484,3,2
198,485,3,2
198,486,3,2
198,487,3,2
198,488,3,2
198,489,3,2
198,490,3,2
198,491,3,2
198,492,3,2
198,493,3,2
198,494,3,2
198,495,3,2
198,496,3,2
198,497,3,3
198,498,3,3
198,499,3,3
198,500,3,3
198,501,3,3
198,502,3,3
198,503,3,3
198,504,3,3
198,505,3,3
198,506,3,3
198,507,3,3
198,508,3,3
198,509,3,3
198,510,3,3
198,511,3,3
198,512,3,3
198,513,3,3
198,514,3,3
198,515,3,3
198,516,3,3
198,517,3,3
198,518,3,3
198,519,3,3
198,520,3,3
198,521,3,3
198,522,3,3
198,523,3,3
198,524,3,3
198,525,3,3
198,526,3,3
198,527,3,3
198,528,3,3
198,529,3,3
198,530,3,3
198,531,3,3
198,532,3,3
198,533,3,3
198,534,3,3
198,535,3,3
198,536,3,3
198,537,3,3
198,538,3,3
198,539,3,3
198,540,3,3
198,541,3,3
198,542,3,3
198,543,3,3
198,544,3,3
198,545,3,3
198,546,3,3
198,547,3,3
198,548,3,3
198,549,3,3
198,550,3,3
198,551,3,3
198,552,3,3
198,553,3,3
198,554,3,3
198,555,3,3
198,556,3,3
198,557,3,3
198,558,3,3
198,559,3,3
198,560,3,3
198,561,3,3
198,562,3,3
198,563,3,3
198,564,3,3
198,565,3,3
198,566,3,3
198,567,3,3
198,568,3,3
198,569,3,3
198,570,3,3
198,571,3,3
198,572,3,3
198,573,3,3
198,574,3,3
198,575,3,3
198,576,3,3
198,577,3,3
198,578,3,3
198,579,3,3
198,580,3,3
198,581,3,3
198,582,3,3
198,583,3,3
198,584,3,3
198,585,3,3
198,586,3,3
198,587,3,3
198,588,3,3
198,589,3,3
198,590,3,3
198,591,3,3
198,592,3,3
198,593,3,3
198,594,3,3
198,595,3,3
198,596,3,3
198,597,3,3
198,598,3,3
198,599,3,3
198,600,3,3
198,601,3,3
198,602,3,3
198,603,3,3
198,604,3,3
198,605,3,3
198,606,3,3
198,607,3,3
198,608,3,3
198,609,3,3
198,610,3,3
198,611,3,3
198,612,3,3
198,613,3,3
198,614,3,3
198,615,3,3
198,616,3,3
198,617,3,3
198,618,3,3
198,619,3,3
198,620,3,3
198,621,3,3
198,622,3,3
198,623,3,3
198,624,3,3
198,625,3,3
198,626,3,3
198,627,3,3
198,628,3,3
198,629,3,3
198,630,3,3
198,631,3,2
198,632,3,2
198,633,3,2
198,634,3,2
198,635,3,2
198,636,3,2
198,637,3,2
198,638,3,2
198,639,3,2
198,640,3,2
198,641,3,2
198,642,3,2
198,643,3,2
198,644,3,2
198,645,3,2
198,646,3,3
198,647,3,2
198,648,3,2
198,649,3,2
198,650,3,2
198,651,3,2
198,652,3,3
198,653,3,3
198,654,3,3
198,655,3,3
198,656,3,3
198,657,3,3
198,658,3,3
198,659,3,3
198,660,3,3
198,661,3,3
198,662,3,3
198,663,3,3
198,664,3,3
198,665,3,3
198,666,3,3
198,667,3,3
198,668,3,3
198,669,3,3
198,670,3,3
198,671,3,3
198,672,3,3
198,673,3,3
198,674,3,3
198,675,3,3
198,676,3,3
198,677,3,3
198,678,3,3
198,679,3,3
198,680,3,3
198,681,3,3
198,682,3,3
198,683,3,3
198,684,3,3
198,685,3,3
198,686,3,3
198,687,3,3
198,688,3,3
198,689,3,3
198,690,3,3
198,691,3,3
198,692,3,3
198,693,3,3
198,694,3,3
198,695,3,3
198,696,3,3
198,697,3,3
198,698,3,2
198,699,3,2
198,700,3,2
198,701,3,2
198,702,3,2
198,703,3,2
198,704,3,2
198,705,3,2
198,706,3,2
198,707,3,2
198,708,3,3
198,709,3,3
198,710,3,3
198,711,3,3
198,712,3,3
198,713,3,3
198,714,3,3
198,715,3,3
198,716,3,3
198,717,3,3
198,718,3,3
198,719,3,3
198,720,3,3
198,721,3,3
198,722,3,3
198,723,3,3
198,724,3,3
198,725,3,3
198,726,3,3
198,727,3,3
198,728,3,3
198,729,3,3
198,730,3,3
198,731,3,3
198,732,3,3
198,733,3,3
198,734,3,3
198,735,3,3
198,736,3,3
198,737,3,3
198,738,3,3
198,739,3,3
198,740,3,3
198,741,3,3
198,742,3,3
198,743,3,3
198,744,3,3
198,745,3,3
198,746,3,3
198,747,3,2
198,748,3,2
198,749,3,2
198,750,3,2
198,751,3,2
198,752,3,2
198,753,3,2
198,754,3,2
198,755,3,2
198,756,3,2
198,757,3,2
198,758,3,2
198,759,3,2
198,760,3,2
198,761,3,2
198,762,3,2
198,763,3,2
198,764,3,2
198,765,3,2
198,766,3,2
198,767,3,2
198,768,3,2
198,769,3,2
198,770,3,2
198,771,3,2
198,772,3,2
198,773,3,2
198,774,3,2
198,775,3,2
198,776,3,2
198,777,3,2
198,778,3,2
198,779,3,2
198,780,3,2
198,781,3,2
198,782,3,2
198,783,3,2
198,784,3,2
198,785,3,2
198,786,3,2
198,787,3,2
198,788,3,2
198,789,3,2
198,790,3,2
198,791,3,2
198,792,3,2
198,793,3,2
199,142,3,2
199,143,3,2
199,144,3,2
199,145,3,2
199,146,3,2
199,147,3,2
199,148,3,2
199,149,3,2
199,150,3,2
199,151,3,2
199,152,3,2
199,153,3,2
199,154,3,2
199,155,3,2
199,156,3,2
199,157,3,2
199,158,3,2
199,159,3,2
199,160,3,2
199,161,3,2
199,162,3,2
199,163,3,2
199,164,3,2
199,165,3,2
199,166,3,2
199,167,3,2
199,168,3,2
199,169,3,2
199,170,3,2
199,171,3,2
199,172,3,2
199,173,3,2
199,174,3,2
199,175,3,2
199,176,3,2
199,177,3,2
199,178,3,2
199,179,3,2
199,180,3,2
199,181,3,2
199,182,3,2
199,183,3,2
199,184,3,2
199,185,3,2
199,186,3,2
199,187,3,2
199,188,3,2
199,189,3,2
199,190,3,2
199,191,3,2
199,192,3,2
199,193,3,2
199,194,3,2
199,195,3,2
199,196,3,2
199,197,3,2
199,198,3,2
199,199,3,2
199,200,3,2
199,201,3,2
199,202,3,2
199,203,3,2
199,204,3,2
199,205,3,2
199,206,3,2
199,207,3,2
199,208,3,2
199,209,3,2
199,210,3,2
199,211,3,2
199,212,3,2
199,213,3,2
199,214,3,2
199,215,3,2
199,216,3,2
199,217,3,2
199,218,3,2
199,219,3,2
199,220,3,2
199,221,3,2
199,222,3,2
199,223,3,2
199,224,3,2
199,225,3,2
199,226,3,2
199,227,3,2
199,228,3,2
199,229,3,2
199,230,3,2
199,231,3,2
199,232,3,2
199,233,3,2
199,234,3,2
199,235,3,2
199,236,3,2
199,237,3,2
199,238,3,2
199,239,3,2
199,240,3,2
199,241,3,2
199,242,3,2
199,243,3,2
199,244,3,2
199,245,3,2
199,246,3,2
199,247,3,2
199,248,3,2
199,249,3,2
199,250,3,2
199,251,3,2
199,252,3,2
199,253,3,2
199,254,3,2
199,255,3,2
199,256,3,2
199,257,3,2
199,258,3,2
199,259,3,2
199,260,3,2
199,261,3,2
199,262,3,2
199,263,3,2
199,264,3,2
199,265,3,2
199,266,3,2
199,267,3,2
199,268,3,2
199,269,3,2
199,270,3,2
199,271,3,2
199,272,3,2
199,273,3,2
199,274,3,2
199,275,3,2
199,276,3,2
199,277,3,2
199,278,3,2
199,279,3,2
199,280,3,2
199,281,3,2
199,282,3,2
199,283,3,2
199,284,3,2
199,285,3,2
199,286,3,2
199,287,3,2
199,288,3,2
199,289,3,2
199,290,3,2
199,291,3,2
199,292,3,2
199,293,3,2
199,294,3,2
199,295,3,2
199,296,3,2
199,297,3,2
199,298,3,2
199,299,3,2
199,300,3,2
199,301,3,2
199,302,3,2
199,303,3,2
199,304,3,2
199,305,3,2
199,306,3,2
199,307,3,2
199,308,3,2
199,309,3,2
199,310,3,2
199,311,3,2
199,312,3,2
199,313,3,2
199,314,3,2
199,315,3,2
199,316,3,2
199,317,3,2
199,318,3,2
199,319,3,2
199,320,3,2
199,321,3,2
199,322,3,2
199,323,3,2
199,324,3,2
199,325,3,2
199,326,3,2
199,327,3,2
199,328,3,2
199,329,3,2
199,330,3,2
199,331,3,2
199,332,3,2
199,333,3,2
199,334,3,2
199,335,3,2
199,336,3,2
199,337,3,2
199,338,3,2
199,339,3,2
199,340,3,2
199,341,3,2
199,342,3,2
199,343,3,2
199,344,3,2
199,345,3,2
199,346,3,2
199,347,3,2
199,348,3,2
199,349,3,2
199,350,3,2
199,351,3,2
199,352,3,2
199,353,3,2
199,354,3,2
199,355,3,2
199,356,3,2
199,357,3,2
199,358,3,2
199,359,3,2
199,360,3,2
199,361,3,2
199,362,3,2
199,363,3,2
199,364,3,2
199,365,3,2
199,366,3,2
199,367,3,2
199,368,3,2
199,369,3,2
199,370,3,2
199,371,3,2
199,372,3,2
199,373,3,2
199,374,3,2
199,375,3,2
199,376,3,2
199,377,3,2
199,378,3,2
199,379,3,2
199,380,3,2
199,381,3,2
199,382,3,2
199,383,3,2
199,384,3,2
199,385,3,2
199,386,3,2
199,387,3,2
199,388,3,2
199,389,3,2
199,390,3,2
199,391,3,2
199,392,3,2
199,393,3,2
199,394,3,2
199,395,3,2
199,396,3,2
199,397,3,2
199,398,3,2
199,399,3,2
199,400,3,2
199,401,3,2
199,402,3,2
199,403,3,2
199,404,3,2
199,405,3,2
199,406,3,2
199,407,3,2
199,408,3,2
199,409,3,2
199,410,3,2
199,411,3,2
199,412,3,2
199,413,3,2
199,414,3,2
199,415,3,2
199,416,3,2
199,417,3,2
199,418,3,2
199,419,3,2
199,420,3,2
199,421,3,2
199,422,3,2
199,423,3,2
199,424,3,2
199,425,3,2
199,426,3,2
199,427,3,2
199,428,3,2
199,429,3,2
199,430,3,2
199,431,3,2
199,432,3,2
199,433,3,2
199,434,3,2
199,435,3,2
199,436,3,2
199,437,3,2
199,438,3,2
199,439,3,2
199,440,3,2
199,441,3,2
199,442,3,2
199,443,3,2
199,444,3,2
199,445,3,2
199,446,3,2
199,447,3,2
199,448,3,2
199,449,3,2
199,450,3,2
199,451,3,2
199,452,3,2
199,453,3,2
199,454,3,2
199,455,3,2
199,456,3,2
199,457,3,2
199,458,3,2
199,459,3,2
199,460,3,2
199,461,3,2
199,462,3,2
199,463,3,2
199,464,3,2
199,465,3,2
199,466,3,2
199,467,3,2
199,468,3,2
199,469,3,2
199,470,3,2
199,471,3,2
199,472,3,2
199,473,3,2
199,474,3,2
199,475,3,2
199,476,3,2
199,477,3,2
199,478,3,2
199,479,3,2
199,480,3,2
199,481,3,2
199,482,3,2
199,483,3,2
199,484,3,2
199,485,3,2
199,486,3,2
199,487,3,2
199,488,3,2
199,489,3,2
199,490,3,2
199,491,3,2
199,492,3,2
199,493,3,2
199,494,3,2
199,495,3,2
199,496,3,3
199,497,3,3
199,498,3,3
199,499,3,3
199,500,3,3
199,501,3,3
199,502,3,3
199,503,3,3
199,504,3,3
199,505,3,3
199,506,3,3
199,507,3,3
199,508,3,3
199,509,3,3
199,510,3,3
199,511,3,3
199,512,3,3
199,513,3,3
199,514,3,3
199,515,3,3
199,516,3,3
199,517,3,3
199,518,3,3
199,519,3,3
199,520,3,3
199,521,3,3
199,522,3,3
199,523,3,3
199,524,3,3
199,525,3,3
199,526,3,3
199,527,3,3
199,528,3,3
199,529,3,3
199,530,3,3
199,531,3,3
199,532,3,3
199,533,3,3
199,534,3,3
199,535,3,3
199,536,3,3
199,537,3,3
199,538,3,3
199,539,3,3
199,540,3,3
199,541,3,3
199,542,3,3
199,543,3,3
199,544,3,3
199,545,3,3
199,546,3,3
199,547,3,3
199,548,3,3
199,549,3,3
199,550,3,3
199,551,3,3
199,552,3,3
199,553,3,3
199,554,3,3
199,555,3,3
199,556,3,3
199,557,3,3
199,558,3,3
199,559,3,3
199,560,3,3
199,561,3,3
199,562,3,3
199,563,3,3
199,564,3,3
199,565,3,3
199,566,3,3
199,567,3,3
199,568,3,3
199,569,3,3
199,570,3,3
199,571,3,3
199,572,3,3
199,573,3,3
199,574,3,3
199,575,3,3
199,576,3,3
199,577,3,3
199,578,3,3
199,579,3,3
199,580,3,3
199,581,3,3
199,582,3,3
199,583,3,3
199,584,3,3
199,585,3,3
199,586,3,3
199,587,3,3
199,588,3,3
199,589,3,3
199,590,3,3
199,591,3,3
199,592,3,3
199,593,3,3
199,594,3,3
199,595,3,3
199,596,3,3
199,597,3,3
199,598,3,3
199,599,3,3
199,600,3,3
199,601,3,3
199,602,3,3
199,603,3,3
199,604,3,3
199,605,3,3
199,606,3,3
199,607,3,3
199,608,3,3
199,609,3,3
199,610,3,3
199,611,3,3
199,612,3,3
199,613,3,3
199,614,3,3
199,615,3,3
199,616,3,3
199,617,3,3
199,618,3,3
199,619,3,3
199,620,3,3
199,621,3,3
199,622,3,3
199,623,3,3
199,624,3,3
199,625,3,3
199,626,3,3
199,627,3,3
199,628,3,3
199,629,3,3
199,630,3,3
199,631,3,3
199,632,3,2
199,633,3,2
199,634,3,2
199,635,3,2
199,636,3,2
199,637,3,2
199,638,3,2
199,639,3,2
199,640,3,2
199,641,3,2
199,642,3,2
199,643,3,2
199,644,3,2
199,645,3,2
199,646,3,2
199,647,3,2
199,648,3,2
199,649,3,2
199,650,3,2
199,651,3,2
199,652,3,3
199,653,3,3
199,654,3,3
199,655,3,3
199,656,3,3
199,657,3,3
199,658,3,3
199,659,3,3
199,660,3,3
199,661,3,3
199,662,3,3
199,663,3,3
199,664,3,3
199,665,3,3
199,666,3,3
199,667,3,3
199,668,3,3
199,669,3,3
199,670,3,3
199,671,3,3
199,672,3,3
199,673,3,3
199,674,3,3
199,675,3,3
199,676,3,3
199,677,3,3
199,678,3,3
199,679,3,3
199,680,3,3
199,681,3,3
199,682,3,3
199,683,3,3
199,684,3,3
199,685,3,3
199,686,3,3
199,687,3,3
199,688,3,3
199,689,3,3
199,690,3,3
199,691,3,3
199,692,3,3
199,693,3,3
199,694,3,3
199,695,3,3
199,696,3,3
199,697,3,3
199,698,3,2
199,699,3,2
199,700,3,2
199,701,3,2
199,702,3,2
199,703,3,2
199,704,3,2
199,705,3,2
199,706,3,2
199,707,3,2
199,708,3,3
199,709,3,3
199,710,3,3
199,711,3,3
199,712,3,3
199,713,3,3
199,714,3,3
199,715,3,3
199,716,3,3
199,717,3,3
199,718,3,3
199,719,3,3
199,720,3,3
199,721,3,3
199,722,3,3
199,723,3,3
199,724,3,3
199,725,3,3
199,726,3,3
199,727,3,3
199,728,3,3
199,729,3,3
199,730,3,3
199,731,3,3
199,732,3,3
199,733,3,3
199,734,3,3
199,735,3,3
199,736,3,3
199,737,3,3
199,738,3,3
199,739,3,3
199,740,3,3
199,741,3,3
199,742,3,3
199,743,3,3
199,744,3,3
199,745,3,3
199,746,3,3
199,747,3,3
199,748,3,2
199,749,3,2
199,750,3,2
199,751,3,2
199,752,3,2
199,753,3,2
199,754,3,2
199,755,3,2
199,756,3,2
199,757,3,2
199,758,3,2
199,759,3,2
199,760,3,2
199,761,3,2
199,762,3,2
199,763,3,2
199,764,3,2
199,765,3,2
199,766,3,2
199,767,3,2
199,768,3,2
199,769,3,2
199,770,3,2
199,771,3,2
199,772,3,2
199,773,3,2
199,774,3,2
199,775,3,2
199,776,3,2
199,777,3,2
199,778,3,2
199,779,3,2
199,780,3,2
199,781,3,2
199,782,3,2
199,783,3,2
199,784,3,2
199,785,3,2
199,786,3,2
199,787,3,2
199,788,3,2
199,789,3,2
199,790,3,2
199,791,3,2
199,792,3,2
199,793,3,2
200,141,3,2
200,142,3,2
200,143,3,2
200,144,3,2
200,145,3,2
200,146,3,2
200,147,3,2
200,148,3,2
200,149,3,2
200,150,3,2
200,151,3,2
200,152,3,2
200,153,3,2
200,154,3,2
200,155,3,2
200,156,3,2
200,157,3,2
200,158,3,2
200,159,3,2
200,160,3,2
200,161,3,2
200,162,3,2
200,163,3,2
200,164,3,2
200,165,3,2
200,166,3,2
200,167,3,2
200,168,3,2
200,169,3,2
200,170,3,2
200,171,3,2
200,172,3,2
200,173,3,2
200,174,3,2
200,175,3,2
200,176,3,2
200,177,3,2
200,178,3,2
200,179,3,2
200,180,3,2
200,181,3,2
200,182,3,2
200,183,3,2
200,184,3,2
200,185,3,2
200,186,3,2
200,187,3,2
200,188,3,2
200,189,3,2
200,190,3,2
200,191,3,2
200,192,3,2
200,193,3,2
200,194,3,2
200,195,3,2
200,196,3,2
200,197,3,2
200,198,3,2
200,199,3,2
200,200,3,2
200,201,3,2
200,202,3,2
200,203,3,2
200,204,3,2
200,205,3,2
200,206,3,2
200,207,3,2
200,208,3,2
200,209,3,2
200,210,3,2
200,211,3,2
200,212,3,2
200,213,3,2
200,214,3,2
200,215,3,2
200,216,3,2
200,217,3,2
200,218,3,2
200,219,3,2
200,220,3,2
200,221,3,2
200,222,3,2
200,223,3,2
200,224,3,2
200,225,3,2
200,226,3,2
200,227,3,2
200,228,3,2
200,229,3,2
200,230,3,2
200,231,3,2
200,232,3,2
200,233,3,2
200,234,3,2
200,235,3,2
200,236,3,2
200,237,3,2
200,238,3,2
200,239,3,2
200,240,3,2
200,241,3,2
200,242,3,2
200,243,3,2
200,244,3,2
200,245,3,2
200,246,3,2
200,247,3,2
200,248,3,2
200,249,3,2
200,250,3,2
200,251,3,2
200,252,3,2
200,253,3,2
200,254,3,2
200,255,3,2
200,256,3,2
200,257,3,2
200,258,3,2
200,259,3,2
200,260,3,2
200,261,3,2
200,262,3,2
200,263,3,2
200,264,3,2
200,265,3,2
200,266,3,2
200,267,3,2
200,268,3,2
200,269,3,2
200,270,3,2
200,271,3,2
200,272,3,2
200,273,3,2
200,274,3,2
200,275,3,2
200,276,3,2
200,277,3,2
200,278,3,2
200,279,3,2
200,280,3,2
200,281,3,2
200,282,3,2
200,283,3,2
200,284,3,2
200,285,3,2
200,286,3,2
200,287,3,2
200,288,3,2
200,289,3,2
200,290,3,2
200,291,3,2
200,292,3,2
200,293,3,2
200,294,3,2
200,295,3,2
200,296,3,2
200,297,3,2
200,298,3,2
200,299,3,2
200,300,3,2
200,301,3,2
200,302,3,2
200,303,3,2
200,304,3,2
200,305,3,2
200,306,3,2
200,307,3,2
200,308,3,2
200,309,3,2
200,310,3,2
200,311,3,2
200,312,3,2
200,313,3,2
200,314,3,2
200,315,3,2
200,316,3,2
200,317,3,2
200,318,3,2
200,319,3,2
200,320,3,2
200,321,3,2
200,322,3,2
200,323,3,2
200,324,3,2
200,325,3,2
200,326,3,2
200,327,3,2
200,328,3,2
200,329,3,2
200,330,3,2
200,331,3,2
200,332,3,2
200,333,3,2
200,334,3,2
200,335,3,2
200,336,3,2
200,337,3,2
200,338,3,2
200,339,3,2
200,340,3,2
200,341,3,2
200,342,3,2
200,343,3,2
200,344,3,2
200,345,3,2
200,346,3,2
200,347,3,2
200,348,3,2
200,349,3,2
200,350,3,2
200,351,3,2
200,352,3,2
200,353,3,2
200,354,3,2
200,355,3,2
200,356,3,2
200,357,3,2
200,358,3,2
200,359,3,2
200,360,3,2
200,361,3,2
200,362,3,2
200,363,3,2
200,364,3,2
200,365,3,2
200,366,3,2
200,367,3,2
200,368,3,2
200,369,3,2
200,370,3,2
200,371,3,2
200,372,3,2
200,373,3,2
200,374,3,2
200,375,3,2
200,376,3,2
200,377,3,2
200,378,3,2
200,379,3,2
200,380,3,2
200,381,3,2
200,382,3,2
200,383,3,2
200,384,3,2
200,385,3,2
200,386,3,2
200,387,3,2
200,388,3,2
200,389,3,2
200,390,3,2
200,391,3,2
200,392,3,2
200,393,3,2
200,394,3,2
200,395,3,2
200,396,3,2
200,397,3,2
200,398,3,2
200,399,3,2
200,400,3,2
200,401,3,2
200,402,3,2
200,403,3,2
200,404,3,2
200,405,3,2
200,406,3,2
200,407,3,2
200,408,3,2
200,409,3,2
200,410,3,2
200,411,3,2
200,412,3,2
200,413,3,2
200,414,3,2
200,415,3,2
200,416,3,2
200,417,3,2
200,418,3,2
200,419,3,2
200,420,3,2
200,421,3,2
200,422,3,2
200,423,3,2
200,424,3,2
200,425,3,2
200,426,3,2
200,427,3,2
200,428,3,2
200,429,3,2
200,430,3,2
200,431,3,2
200,432,3,2
200,433,3,2
200,434,3,2
200,435,3,2
200,436,3,2
200,437,3,2
200,438,3,2
200,439,3,2
200,440,3,2
200,441,3,2
200,442,3,2
200,443,3,2
200,444,3,2
200,445,3,2
200,446,3,2
200,447,3,2
200,448,3,2
200,449,3,2
200,450,3,2
200,451,3,2
200,452,3,2
200,453,3,2
200,454,3,2
200,455,3,2
200,456,3,2
200,457,3,2
200,458,3,2
200,459,3,2
200,460,3,2
200,461,3,2
200,462,3,2
200,463,3,2
200,464,3,2
200,465,3,2
200,466,3,2
200,467,3,2
200,468,3,2
200,469,3,2
200,470,3,2
200,471,3,2
200,472,3,2
200,473,3,2
200,474,3,2
200,475,3,2
200,476,3,2
200,477,3,2
200,478,3,2
200,479,3,2
200,480,3,2
200,481,3,2
200,482,3,2
200,483,3,2
200,484,3,2
200,485,3,2
200,486,3,2
200,487,3,2
200,488,3,2
200,489,3,2
200,490,3,2
200,491,3,2
200,492,3,2
200,493,3,3
200,494,3,3
200,495,3,3
200,496,3,3
200,497,3,3
200,498,3,3
200,499,3,3
200,500,3,3
200,501,3,3
200,502,3,3
200,503,3,3
200,504,3,3
200,505,3,3
200,506,3,3
200,507,3,3
200,508,3,3
200,509,3,3
200,510,3,3
200,511,3,3
200,512,3,3
200,513,3,3
200,514,3,3
200,515,3,3
200,516,3,3
200,517,3,3
200,518,3,3
200,519,3,3
200,520,3,3
200,521,3,3
200,522,3,3
200,523,3,3
200,524,3,3
200,525,3,3
200,526,3,3
200,527,3,3
200,528,3,3
200,529,3,3
200,530,3,3
200,531,3,3
200,532,3,3
200,533,3,3
200,534,3,3
200,535,3,3
200,536,3,3
200,537,3,3
200,538,3,3
200,539,3,3
200,540,3,3
200,541,3,3
200,542,3,3
200,543,3,3
200,544,3,3
200,545,3,3
200,546,3,3
200,547,3,3
200,548,3,3
200,549,3,3
200,550,3,3
200,551,3,3
200,552,3,3
200,553,3,3
200,554,3,3
200,555,3,3
200,556,3,3
200,557,3,3
200,558,3,3
200,559,3,3
200,560,3,3
200,561,3,3
200,562,3,3
200,563,3,3
200,564,3,3
200,565,3,3
200,566,3,3
200,567,3,3
200,568,3,3
200,569,3,3
200,570,3,3
200,571,3,3
200,572,3,3
200,573,3,3
200,574,3,3
200,575,3,3
200,576,3,3
200,577,3,3
200,578,3,3
200,579,3,3
200,580,3,3
200,581,3,3
200,582,3,3
200,583,3,3
200,584,3,3
200,585,3,3
200,586,3,3
200,587,3,3
200,588,3,3
200,589,3,3
200,590,3,3
200,591,3,3
200,592,3,3
200,593,3,3
200,594,3,3
200,595,3,3
200,596,3,3
200,597,3,3
200,598,3,3
200,599,3,3
200,600,3,3
200,601,3,3
200,602,3,3
200,603,3,3
200,604,3,3
200,605,3,3
200,606,3,3
200,607,3,3
200,608,3,3
200,609,3,3
200,610,3,3
200,611,3,3
200,612,3,3
200,613,3,3
200,614,3,3
200,615,3,3
200,616,3,3
200,617,3,3
200,618,3,3
200,619,3,3
200,620,3,3
200,621,3,3
200,622,3,3
200,623,3,3
200,624,3,3
200,625,3,3
200,626,3,3
200,627,3,3
200,628,3,3
200,629,3,3
200,630,3,3
200,631,3,3
200,632,3,3
200,633,3,2
200,634,3,2
200,635,3,2
200,636,3,2
200,637,3,2
200,638,3,2
200,639,3,2
200,640,3,2
200,641,3,2
200,642,3,2
200,643,3,2
200,644,3,2
200,645,3,2
200,646,3,2
200,647,3,2
200,648,3,2
200,649,3,2
200,650,3,2
200,651,3,2
200,652,3,3
200,653,3,3
200,654,3,3
200,655,3,3
200,656,3,3
200,657,3,3
200,658,3,3
200,659,3,3
200,660,3,3
200,661,3,3
200,662,3,3
200,663,3,3
200,664,3,3
200,665,3,3
200,666,3,3
200,667,3,3
200,668,3,3
200,669,3,3
200,670,3,3
200,671,3,3
200,672,3,3
200,673,3,3
200,674,3,3
200,675,3,3
200,676,3,3
200,677,3,3
200,678,3,3
200,679,3,3
200,680,3,3
200,681,3,3
200,682,3,3
200,683,3,3
200,684,3,3
200,685,3,3
200,686,3,3
200,687,3,3
200,688,3,3
200,689,3,3
200,690,3,3
200,691,3,3
200,692,3,3
200,693,3,3
200,694,3,3
200,695,3,3
200,696,3,3
200,697,3,3
200,698,3,3
200,699,3,2
200,700,3,2
200,701,3,2
200,702,3,2
200,703,3,2
200,704,3,2
200,705,3,2
200,706,3,2
200,707,3,2
200,708,3,3
200,709,3,3
200,710,3,3
200,711,3,3
200,712,3,3
200,713,3,3
200,714,3,3
200,715,3,3
200,716,3,3
200,717,3,3
200,718,3,3
200,719,3,3
200,720,3,3
200,721,3,3
200,722,3,3
200,723,3,3
200,724,3,3
200,725,3,3
200,726,3,3
200,727,3,3
200,728,3,3
200,729,3,3
200,730,3,3
200,731,3,3
200,732,3,3
200,733,3,3
200,734,3,3
200,735,3,3
200,736,3,3
200,737,3,3
200,738,3,3
200,739,3,3
200,740,3,3
200,741,3,3
200,742,3,3
200,743,3,3
200,744,3,3
200,745,3,3
200,746,3,3
200,747,3,3
200,748,3,3
200,749,3,2
200,750,3,2
200,751,3,2
200,752,3,2
200,753,3,2
200,754,3,2
200,755,3,2
200,756,3,2
200,757,3,2
200,758,3,2
200,759,3,2
200,760,3,2
200,761,3,2
200,762,3,2
200,763,3,2
200,764,3,2
200,765,3,2
200,766,3,2
200,767,3,2
200,768,3,2
200,769,3,2
200,770,3,2
200,771,3,2
200,772,3,2
200,773,3,2
200,774,3,2
200,775,3,2
200,776,3,2
200,777,3,2
200,778,3,2
200,779,3,2
200,780,3,2
200,781,3,2
200,782,3,2
200,783,3,2
200,784,3,2
200,785,3,2
200,786,3,2
200,787,3,2
200,788,3,2
200,789,3,2
200,790,3,2
200,791,3,2
200,792,3,2
200,793,3,2
200,794,3,2
201,141,3,2
201,142,3,2
201,143,3,2
201,144,3,2
201,145,3,2
201,146,3,2
201,147,3,2
201,148,3,2
201,149,3,2
201,150,3,2
201,151,3,2
201,152,3,2
201,153,3,2
201,154,3,2
201,155,3,2
201,156,3,2
201,157,3,2
201,158,3,2
201,159,3,2
201,160,3,2
201,161,3,2
201,162,3,2
201,163,3,2
201,164,3,2
201,165,3,2
201,166,3,2
201,167,3,2
201,168,3,2
201,169,3,2
201,170,3,2
201,171,3,2
201,172,3,2
201,173,3,2
201,174,3,2
201,175,3,2
201,176,3,2
201,177,3,2
201,178,3,2
201,179,3,2
201,180,3,2
201,181,3,2
201,182,3,2
201,183,3,2
201,184,3,2
201,185,3,2
201,186,3,2
201,187,3,2
201,188,3,2
201,189,3,2
201,190,3,2
201,191,3,2
201,192,3,2
201,193,3,2
201,194,3,2
201,195,3,2
201,196,3,2
201,197,3,2
201,198,3,2
201,199,3,2
201,200,3,2
201,201,3,2
201,202,3,2
201,203,3,2
201,204,3,2
201,205,3,2
201,206,3,2
201,207,3,2
201,208,3,2
201,209,3,2
201,210,3,2
201,211,3,2
201,212,3,2
201,213,3,2
201,214,3,2
201,215,3,2
201,216,3,2
201,217,3,2
201,218,3,2
201,219,3,2
201,220,3,2
201,221,3,2
201,222,3,2
201,223,3,2
201,224,3,2
201,225,3,2
201,226,3,2
201,227,3,2
201,228,3,2
201,229,3,2
201,230,3,2
201,231,3,2
201,232,3,2
201,233,3,2
201,234,3,2
201,235,3,2
201,236,3,2
201,237,3,2
201,238,3,2
201,239,3,2
201,240,3,2
201,241,3,2
201,242,3,2
201,243,3,2
201,244,3,2
201,245,3,2
201,246,3,2
201,247,3,2
201,248,3,2
201,249,3,2
201,250,3,2
201,251,3,2
201,252,3,2
201,253,3,2
201,254,3,2
201,255,3,2
201,256,3,2
201,257,3,2
201,258,3,2
201,259,3,2
201,260,3,2
201,261,3,2
201,262,3,2
201,263,3,2
201,264,3,2
201,265,3,2
201,266,3,2
201,267,3,2
201,268,3,2
201,269,3,2
201,270,3,2
201,271,3,2
201,272,3,2
201,273,3,2
201,274,3,2
201,275,3,2
201,276,3,2
201,277,3,2
201,278,3,2
201,279,3,2
201,280,3,2
201,281,3,2
201,282,3,2
201,283,3,2
201,284,3,2
201,285,3,2
201,286,3,2
201,287,3,2
201,288,3,2
201,289,3,2
201,290,3,2
201,291,3,2
201,292,3,2
201,293,3,2
201,294,3,2
201,295,3,2
201,296,3,2
201,297,3,2
201,298,3,2
201,299,3,2
201,300,3,2
201,301,3,2
201,302,3,2
201,303,3,2
201,304,3,2
201,305,3,2
201,306,3,2
201,307,3,2
201,308,3,2
201,309,3,2
201,310,3,2
201,311,3,2
201,312,3,2
201,313,3,2
201,314,3,2
201,315,3,2
201,316,3,2
201,317,3,2
201,318,3,2
201,319,3,2
201,320,3,2
201,321,3,2
201,322,3,2
201,323,3,2
201,324,3,2
201,325,3,2
201,326,3,2
201,327,3,2
201,328,3,2
201,329,3,2
201,330,3,2
201,331,3,2
201,332,3,2
201,333,3,2
201,334,3,2
201,335,3,2
201,336,3,2
201,337,3,2
201,338,3,2
201,339,3,2
201,340,3,2
201,341,3,2
201,342,3,2
201,343,3,2
201,344,3,2
201,345,3,2
201,346,3,2
201,347,3,2
201,348,3,2
201,349,3,2
201,350,3,2
201,351,3,2
201,352,3,2
201,353,3,2
201,354,3,2
201,355,3,2
201,356,3,2
201,357,3,2
201,358,3,2
201,359,3,2
201,360,3,2
201,361,3,2
201,362,3,2
201,363,3,2
201,364,3,2
201,365,3,2
201,366,3,2
201,367,3,2
201,368,3,2
201,369,3,2
201,370,3,2
201,371,3,2
201,372,3,2
201,373,3,2
201,374,3,2
201,375,3,2
201,376,3,2
201,377,3,2
201,378,3,2
201,379,3,2
201,380,3,2
201,381,3,2
201,382,3,2
201,383,3,2
201,384,3,2
201,385,3,2
201,386,3,2
201,387,3,2
201,388,3,2
201,389,3,2
201,390,3,2
201,391,3,2
201,392,3,2
201,393,3,2
201,394,3,2
201,395,3,2
201,396,3,2
201,397,3,2
201,398,3,2
201,399,3,2
201,400,3,2
201,401,3,2
201,402,3,2
201,403,3,2
201,404,3,2
201,405,3,2
201,406,3,2
201,407,3,2
201,408,3,2
201,409,3,2
201,410,3,2
201,411,3,2
201,412,3,2
201,413,3,2
201,414,3,2
201,415,3,2
201,416,3,2
201,417,3,2
201,418,3,2
201,419,3,2
201,420,3,2
201,421,3,2
201,422,3,2
201,423,3,2
201,424,3,2
201,425,3,2
201,426,3,2
201,427,3,2
201,428,3,2
201,429,3,2
201,430,3,2
201,431,3,2
201,432,3,2
201,433,3,2
201,434,3,2
201,435,3,2
201,436,3,2
201,437,3,2
201,438,3,2
201,439,3,2
201,440,3,2
201,441,3,2
201,442,3,2
201,443,3,2
201,444,3,2
201,445,3,2
201,446,3,2
201,447,3,2
201,448,3,2
201,449,3,2
201,450,3,2
201,451,3,2
201,452,3,2
201,453,3,2
201,454,3,2
201,455,3,2
201,456,3,2
201,457,3,2
201,458,3,2
201,459,3,2
201,460,3,2
201,461,3,2
201,462,3,2
201,463,3,2
201,464,3,2
201,465,3,2
201,466,3,2
201,467,3,2
201,468,3,2
201,469,3,2
201,470,3,2
201,471,3,2
201,472,3,2
201,473,3,2
201,474,3,2
201,475,3,2
201,476,3,2
201,477,3,2
201,478,3,2
201,479,3,2
201,480,3,2
201,481,3,2
201,482,3,2
201,483,3,2
201,484,3,2
201,485,3,2
201,486,3,2
201,487,3,3
201,488,3,3
201,489,3,3
201,490,3,3
201,491,3,3
201,492,3,3
201,493,3,3
201,494,3,3
201,495,3,3
201,496,3,3
201,497,3,3
201,498,3,3
201,499,3,3
201,500,3,3
201,501,3,3
201,502,3,3
201,503,3,3
201,504,3,3
201,505,3,3
201,506,3,3
201,507,3,3
201,508,3,3
201,509,3,3
201,510,3,3
201,511,3,3
201,512,3,3
201,513,3,3
201,514,3,3
201,515,3,3
201,516,3,3
201,517,3,3
201,518,3,3
201,519,3,3
201,520,3,3
201,521,3,3
201,522,3,3
201,523,3,3
201,524,3,3
201,525,3,3
201,526,3,3
201,527,3,3
201,528,3,3
201,529,3,3
201,530,3,3
201,531,3,3
201,532,3,3
201,533,3,3
201,534,3,3
201,535,3,3
201,536,3,3
201,537,3,3
201,538,3,3
201,539,3,3
201,540,3,3
201,541,3,3
201,542,3,3
201,543,3,3
201,544,3,3
201,545,3,3
201,546,3,3
201,547,3,3
201,548,3,3
201,549,3,3
201,550,3,3
201,551,3,3
201,552,3,3
201,553,3,3
201,554,3,3
201,555,3,3
201,556,3,3
201,557,3,3
201,558,3,3
201,559,3,3
201,560,3,3
201,561,3,3
201,562,3,3
201,563,3,3
201,564,3,3
201,565,3,3
201,566,3,3
201,567,3,3
201,568,3,3
201,569,3,3
201,570,3,3
201,571,3,3
201,572,3,3
201,573,3,3
201,574,3,3
201,575,3,3
201,576,3,3
201,577,3,3
201,578,3,3
201,579,3,3
201,580,3,3
201,581,3,3
201,582,3,3
201,583,3,3
201,584,3,3
201,585,3,3
201,586,3,3
201,587,3,3
201,588,3,3
201,589,3,3
201,590,3,3
201,591,3,3
201,592,3,3
201,593,3,3
201,594,3,3
201,595,3,3
201,596,3,3
201,597,3,3
201,598,3,3
201,599,3,3
201,600,3,3
201,601,3,3
201,602,3,3
201,603,3,3
201,604,3,3
201,605,3,3
201,606,3,3
201,607,3,3
201,608,3,3
201,609,3,3
201,610,3,3
201,611,3,3
201,612,3,3
201,613,3,3
201,614,3,3
201,615,3,3
201,616,3,3
201,617,3,3
201,618,3,3
201,619,3,3
201,620,3,3
201,621,3,3
201,622,3,3
201,623,3,3
201,624,3,3
201,625,3,3
201,626,3,3
201,627,3,3
201,628,3,3
201,629,3,3
201,630,3,3
201,631,3,3
201,632,3,3
201,633,3,3
201,634,3,2
201,635,3,2
201,636,3,2
201,637,3,2
201,638,3,2
201,639,3,2
201,640,3,2
201,641,3,2
201,642,3,2
201,643,3,2
201,644,3,2
201,645,3,2
201,646,3,2
201,647,3,2
201,648,3,2
201,649,3,2
201,650,3,2
201,651,3,3
201,652,3,3
201,653,3,3
201,654,3,3
201,655,3,3
201,656,3,3
201,657,3,3
201,658,3,3
201,659,3,3
201,660,3,3
201,661,3,3
201,662,3,3
201,663,3,3
201,664,3,3
201,665,3,3
201,666,3,3
201,667,3,3
201,668,3,3
201,669,3,3
201,670,3,3
201,671,3,3
201,672,3,3
201,673,3,3
201,674,3,3
201,675,3,3
201,676,3,3
201,677,3,3
201,678,3,3
201,679,3,3
201,680,3,3
201,681,3,3
201,682,3,3
201,683,3,3
201,684,3,3
201,685,3,3
201,686,3,3
201,687,3,3
201,688,3,3
201,689,3,3
201,690,3,3
201,691,3,3
201,692,3,3
201,693,3,3
201,694,3,3
201,695,3,3
201,696,3,3
201,697,3,3
201,698,3,3
201,699,3,2
201,700,3,2
201,701,3,2
201,702,3,2
201,703,3,2
201,704,3,2
201,705,3,2
201,706,3,2
201,707,3,2
201,708,3,2
201,709,3,3
201,710,3,3
201,711,3,3
201,712,3,3
201,713,3,3
201,714,3,3
201,715,3,3
201,716,3,3
201,717,3,3
201,718,3,3
201,719,3,3
201,720,3,3
201,721,3,3
201,722,3,3
201,723,3,3
201,724,3,3
201,725,3,3
201,726,3,3
201,727,3,3
201,728,3,3
201,729,3,3
201,730,3,3
201,731,3,3
201,732,3,3
201,733,3,3
201,734,3,3
201,735,3,3
201,736,3,3
201,737,3,3
201,738,3,3
201,739,3,3
201,740,3,3
201,741,3,3
201,742,3,3
201,743,3,3
201,744,3,3
201,745,3,3
201,746,3,3
201,747,3,3
201,748,3,3
201,749,3,3
201,750,3,2
201,751,3,2
201,752,3,2
201,753,3,2
201,754,3,2
201,755,3,2
201,756,3,2
201,757,3,2
201,758,3,2
201,759,3,2
201,760,3,2
201,761,3,2
201,762,3,2
201,763,3,2
201,764,3,2
201,765,3,2
201,766,3,2
201,767,3,2
201,768,3,2
201,769,3,2
201,770,3,2
201,771,3,2
201,772,3,2
201,773,3,2
201,774,3,2
201,775,3,2
201,776,3,2
201,777,3,2
201,778,3,2
201,779,3,2
201,780,3,2
201,781,3,2
201,782,3,2
201,783,3,2
201,784,3,2
201,785,3,2
201,786,3,2
201,787,3,2
201,788,3,2
201,789,3,2
201,790,3,2
201,791,3,2
201,792,3,2
201,793,3,2
201,794,3,2
202,140,3,2
202,141,3,2
202,142,3,2
202,143,3,2
202,144,3,2
202,145,3,2
202,146,3,2
202,147,3,2
202,148,3,2
202,149,3,2
202,150,3,2
202,151,3,2
202,152,3,2
202,153,3,2
202,154,3,2
202,155,3,2
202,156,3,2
202,157,3,2
202,158,3,2
202,159,3,2
202,160,3,2
202,161,3,2
202,162,3,2
202,163,3,2
202,164,3,2
202,165,3,2
202,166,3,2
202,167,3,2
202,168,3,2
202,169,3,2
202,170,3,2
202,171,3,2
202,172,3,2
202,173,3,2
202,174,3,2
202,175,3,2
202,176,3,2
202,177,3,2
202,178,3,2
202,179,3,2
202,180,3,2
202,181,3,2
202,182,3,2
202,183,3,2
202,184,3,2
202,185,3,2
202,186,3,2
202,187,3,2
202,188,3,2
202,189,3,2
202,190,3,2
202,191,3,2
202,192,3,2
202,193,3,2
202,194,3,2
202,195,3,2
202,196,3,2
202,197,3,2
202,198,3,2
202,199,3,2
202,200,3,2
202,201,3,2
202,202,3,2
202,203,3,2
202,204,3,2
202,205,3,2
202,206,3,2
202,207,3,2
202,208,3,2
202,209,3,2
202,210,3,2
202,211,3,2
202,212,3,2
202,213,3,2
202,214,3,2
202,215,3,2
202,216,3,2
202,217,3,2
202,218,3,2
202,219,3,2
202,220,3,2
202,221,3,2
202,222,3,2
202,223,3,2
202,224,3,2
202,225,3,2
202,226,3,2
202,227,3,2
202,228,3,2
202,229,3,2
202,230,3,2
202,231,3,2
202,232,3,2
202,233,3,2
202,234,3,2
202,235,3,2
202,236,3,2
202,237,3,2
202,238,3,2
202,239,3,2
202,240,3,2
202,241,3,2
202,242,3,2
202,243,3,2
202,244,3,2
202,245,3,2
202,246,3,2
202,247,3,2
202,248,3,2
202,249,3,2
202,250,3,2
202,251,3,2
202,252,3,2
202,253,3,2
202,254,3,2
202,255,3,2
202,256,3,2
202,257,3,2
202,258,3,2
202,259,3,2
202,260,3,2
202,261,3,2
202,262,3,2
202,263,3,2
202,264,3,2
202,265,3,2
202,266,3,2
202,267,3,2
202,268,3,2
202,269,3,2
202,270,3,2
202,271,3,2
202,272,3,2
202,273,3,2
202,274,3,2
202,275,3,2
202,276,3,2
202,277,3,2
202,278,3,2
202,279,3,2
202,280,3,2
202,281,3,2
202,282,3,2
202,283,3,2
202,284,3,2
202,285,3,2
202,286,3,2
202,287,3,2
202,288,3,2
202,289,3,2
202,290,3,2
202,291,3,2
202,292,3,2
202,293,3,2
202,294,3,2
202,295,3,2
202,296,3,2
202,297,3,2
202,298,3,2
202,299,3,2
202,300,3,2
202,301,3,2
202,302,3,2
202,303,3,2
202,304,3,2
202,305,3,2
202,306,3,2
202,307,3,2
202,308,3,2
202,309,3,2
202,310,3,2
202,311,3,2
202,312,3,2
202,313,3,2
202,314,3,2
202,315,3,2
202,316,3,2
202,317,3,2
202,318,3,2
202,319,3,2
202,320,3,2
202,321,3,2
202,322,3,2
202,323,3,2
202,324,3,2
202,325,3,2
202,326,3,2
202,327,3,2
202,328,3,2
202,329,3,2
202,330,3,2
202,331,3,2
202,332,3,2
202,333,3,2
202,334,3,2
202,335,3,2
202,336,3,2
202,337,3,2
202,338,3,2
202,339,3,2
202,340,3,2
202,341,3,2
202,342,3,2
202,343,3,2
202,344,3,2
202,345,3,2
202,346,3,2
202,347,3,2
202,348,3,2
202,349,3,2
202,350,3,2
202,351,3,2
202,352,3,2
202,353,3,2
202,354,3,2
202,355,3,2
202,356,3,2
202,357,3,2
202,358,3,2
202,359,3,2
202,360,3,2
202,361,3,2
202,362,3,2
202,363,3,2
202,364,3,2
202,365,3,2
202,366,3,2
202,367,3,2
202,368,3,2
202,369,3,2
202,370,3,2
202,371,3,2
202,372,3,2
202,373,3,2
202,374,3,2
202,375,3,2
202,376,3,2
202,377,3,2
202,378,3,2
202,379,3,2
202,380,3,2
202,381,3,2
202,382,3,2
202,383,3,2
202,384,3,2
202,385,3,2
202,386,3,2
202,387,3,2
202,388,3,2
202,389,3,2
202,390,3,2
202,391,3,2
202,392,3,2
202,393,3,2
202,394,3,2
202,395,3,2
202,396,3,2
202,397,3,2
202,398,3,2
202,399,3,2
202,400,3,2
202,401,3,2
202,402,3,2
202,403,3,2
202,404,3,2
202,405,3,2
202,406,3,2
202,407,3,2
202,408,3,2
202,409,3,2
202,410,3,2
202,411,3,2
202,412,3,2
202,413,3,2
202,414,3,2
202,415,3,2
202,416,3,2
202,417,3,2
202,418,3,2
202,419,3,2
202,420,3,2
202,421,3,2
202,422,3,2
202,423,3,2
202,424,3,2
202,425,3,2
202,426,3,2
202,427,3,2
202,428,3,2
202,429,3,2
202,430,3,2
202,431,3,2
202,432,3,2
202,433,3,2
202,434,3,2
202,435,3,2
202,436,3,2
202,437,3,2
202,438,3,2
202,439,3,2
202,440,3,2
202,441,3,2
202,442,3,2
202,443,3,2
202,444,3,2
202,445,3,2
202,446,3,2
202,447,3,2
202,448,3,2
202,449,3,2
202,450,3,2
202,451,3,2
202,452,3,2
202,453,3,2
202,454,3,2
202,455,3,2
202,456,3,2
202,457,3,2
202,458,3,2
202,459,3,2
202,460,3,2
202,461,3,2
202,462,3,2
202,463,3,2
202,464,3,2
202,465,3,2
202,466,3,2
202,467,3,2
202,468,3,2
202,469,3,2
202,470,3,2
202,471,3,2
202,472,3,2
202,473,3,2
202,474,3,2
202,475,3,2
202,476,3,2
202,477,3,2
202,478,3,2
202,479,3,2
202,480,3,2
202,481,3,2
202,482,3,2
202,483,3,2
202,484,3,3
202,485,3,3
202,486,3,3
202,487,3,3
202,488,3,3
202,489,3,3
202,490,3,3
202,491,3,3
202,492,3,3
202,493,3,3
202,494,3,3
202,495,3,3
202,496,3,3
202,497,3,3
202,498,3,3
202,499,3,3
202,500,3,3
202,501,3,3
202,502,3,3
202,503,3,3
202,504,3,3
202,505,3,3
202,506,3,3
202,507,3,3
202,508,3,3
202,509,3,3
202,510,3,3
202,511,3,3
202,512,3,3
202,513,3,3
202,514,3,3
202,515,3,3
202,516,3,3
202,517,3,3
202,518,3,3
202,519,3,3
202,520,3,3
202,521,3,3
202,522,3,3
202,523,3,3
202,524,3,3
202,525,3,3
202,526,3,3
202,527,3,3
202,528,3,3
202,529,3,3
202,530,3,3
202,531,3,3
202,532,3,3
202,533,3,3
202,534,3,3
202,535,3,3
202,536,3,3
202,537,3,3
202,538,3,3
202,539,3,3
202,540,3,3
202,541,3,3
202,542,3,3
202,543,3,3
202,544,3,3
202,545,3,3
202,546,3,3
202,547,3,3
202,548,3,3
202,549,3,3
202,550,3,3
202,551,3,3
202,552,3,3
202,553,3,3
202,554,3,3
202,555,3,3
202,556,3,3
202,557,3,3
202,558,3,3
202,559,3,3
202,560,3,3
202,561,3,3
202,562,3,3
202,563,3,3
202,564,3,3
202,565,3,3
202,566,3,3
202,567,3,3
202,568,3,3
202,569,3,3
202,570,3,3
202,571,3,3
202,572,3,3
202,573,3,3
202,574,3,3
202,575,3,3
202,576,3,3
202,577,3,3
202,578,3,3
202,579,3,3
202,580,3,3
202,581,3,3
202,582,3,3
202,583,3,3
202,584,3,3
202,585,3,3
202,586,3,3
202,587,3,3
202,588,3,3
202,589,3,3
202,590,3,3
202,591,3,3
202,592,3,3
202,593,3,3
202,594,3,3
202,595,3,3
202,596,3,3
202,597,3,3
202,598,3,3
202,599,3,3
202,600,3,3
202,601,3,3
202,602,3,3
202,603,3,3
202,604,3,3
202,605,3,3
202,606,3,3
202,607,3,3
202,608,3,3
202,609,3,3
202,610,3,3
202,611,3,3
202,612,3,3
202,613,3,3
202,614,3,3
202,615,3,3
202,616,3,3
202,617,3,3
202,618,3,3
202,619,3,3
202,620,3,3
202,621,3,3
202,622,3,3
202,623,3,3
202,624,3,3
202,625,3,3
202,626,3,3
202,627,3,3
202,628,3,3
202,629,3,3
202,630,3,3
202,631,3,3
202,632,3,3
202,633,3,3
202,634,3,3
202,635,3,2
202,636,3,2
202,637,3,2
202,638,3,2
202,639,3,2
202,640,3,2
202,641,3,2
202,642,3,2
202,643,3,2
202,644,3,2
202,645,3,2
202,646,3,2
202,647,3,2
202,648,3,2
202,649,3,2
202,650,3,2
202,651,3,3
202,652,3,3
202,653,3,3
202,654,3,3
202,655,3,3
202,656,3,3
202,657,3,3
202,658,3,3
202,659,3,3
202,660,3,3
202,661,3,3
202,662,3,3
202,663,3,3
202,664,3,3
202,665,3,3
202,666,3,3
202,667,3,3
202,668,3,3
202,669,3,3
202,670,3,3
202,671,3,3
202,672,3,3
202,673,3,3
202,674,3,3
202,675,3,3
202,676,3,3
202,677,3,3
202,678,3,3
202,679,3,3
202,680,3,3
202,681,3,3
202,682,3,3
202,683,3,3
202,684,3,3
202,685,3,3
202,686,3,3
202,687,3,3
202,688,3,3
202,689,3,3
202,690,3,3
202,691,3,3
202,692,3,3
202,693,3,3
202,694,3,3
202,695,3,3
202,696,3,3
202,697,3,3
202,698,3,3
202,699,3,2
202,700,3,2
202,701,3,2
202,702,3,2
202,703,3,2
202,704,3,2
202,705,3,2
202,706,3,2
202,707,3,2
202,708,3,2
202,709,3,2
202,710,3,3
202,711,3,3
202,712,3,3
202,713,3,3
202,714,3,3
202,715,3,3
202,716,3,3
202,717,3,3
202,718,3,3
202,719,3,3
202,720,3,3
202,721,3,3
202,722,3,3
202,723,3,3
202,724,3,3
202,725,3,3
202,726,3,3
202,727,3,3
202,728,3,3
202,729,3,3
202,730,3,3
202,731,3,3
202,732,3,3
202,733,3,3
202,734,3,3
202,735,3,3
202,736,3,3
202,737,3,3
202,738,3,3
202,739,3,3
202,740,3,3
202,741,3,3
202,742,3,3
202,743,3,3
202,744,3,3
202,745,3,3
202,746,3,3
202,747,3,3
202,748,3,3
202,749,3,3
202,750,3,3
202,751,3,2
202,752,3,2
202,753,3,2
202,754,3,2
202,755,3,2
202,756,3,2
202,757,3,2
202,758,3,2
202,759,3,2
202,760,3,2
202,761,3,2
202,762,3,2
202,763,3,2
202,764,3,2
202,765,3,2
202,766,3,2
202,767,3,2
202,768,3,2
202,769,3,2
202,770,3,2
202,771,3,2
202,772,3,2
202,773,3,2
202,774,3,2
202,775,3,2
202,776,3,2
202,777,3,2
202,778,3,2
202,779,3,2
202,780,3,2
202,781,3,2
202,782,3,2
202,783,3,2
202,784,3,2
202,785,3,2
202,786,3,2
202,787,3,2
202,788,3,2
202,789,3,2
202,790,3,2
202,791,3,2
202,792,3,2
202,793,3,2
202,794,3,2
203,140,3,2
203,141,3,2
203,142,3,2
203,143,3,2
203,144,3,2
203,145,3,2
203,146,3,2
203,147,3,2
203,148,3,2
203,149,3,2
203,150,3,2
203,151,3,2
203,152,3,2
203,153,3,2
203,154,3,2
203,155,3,2
203,156,3,2
203,157,3,2
203,158,3,2
203,159,3,2
203,160,3,2
203,161,3,2
203,162,3,2
203,163,3,2
203,164,3,2
203,165,3,2
203,166,3,2
203,167,3,2
203,168,3,2
203,169,3,2
203,170,3,2
203,171,3,2
203,172,3,2
203,173,3,2
203,174,3,2
203,175,3,2
203,176,3,2
203,177,3,2
203,178,3,2
203,179,3,2
203,180,3,2
203,181,3,2
203,182,3,2
203,183,3,2
203,184,3,2
203,185,3,2
203,186,3,2
203,187,3,2
203,188,3,2
203,189,3,2
203,190,3,2
203,191,3,2
203,192,3,2
203,193,3,2
203,194,3,2
203,195,3,2
203,196,3,2
203,197,3,2
203,198,3,2
203,199,3,2
203,200,3,2
203,201,3,2
203,202,3,2
203,203,3,2
203,204,3,2
203,205,3,2
203,206,3,2
203,207,3,2
203,208,3,2
203,209,3,2
203,210,3,2
203,211,3,2
203,212,3,2
203,213,3,2
203,214,3,2
203,215,3,2
203,216,3,2
203,217,3,2
203,218,3,2
203,219,3,2
203,220,3,2
203,221,3,2
203,222,3,2
203,223,3,2
203,224,3,2
203,225,3,2
203,226,3,2
203,227,3,2
203,228,3,2
203,229,3,2
203,230,3,2
203,231,3,2
203,232,3,2
203,233,3,2
203,234,3,2
203,235,3,2
203,236,3,2
203,237,3,2
203,238,3,2
203,239,3,2
203,240,3,2
203,241,3,2
203,242,3,2
203,243,3,2
203,244,3,2
203,245,3,2
203,246,3,2
203,247,3,2
203,248,3,2
203,249,3,2
203,250,3,2
203,251,3,2
203,252,3,2
203,253,3,2
203,254,3,2
203,255,3,2
203,256,3,2
203,257,3,2
203,258,3,2
203,259,3,2
203,260,3,2
203,261,3,2
203,262,3,2
203,263,3,2
203,264,3,2
203,265,3,2
203,266,3,2
203,267,3,2
203,268,3,2
203,269,3,2
203,270,3,2
203,271,3,2
203,272,3,2
203,273,3,2
203,274,3,2
203,275,3,2
203,276,3,2
203,277,3,2
203,278,3,2
203,279,3,2
203,280,3,2
203,281,3,2
203,282,3,2
203,283,3,2
203,284,3,2
203,285,3,2
203,286,3,2
203,287,3,2
203,288,3,2
203,289,3,2
203,290,3,2
203,291,3,2
203,292,3,2
203,293,3,2
203,294,3,2
203,295,3,2
203,296,3,2
203,297,3,2
203,298,3,2
203,299,3,2
203,300,3,2
203,301,3,2
203,302,3,2
203,303,3,2
203,304,3,2
203,305,3,2
203,306,3,2
203,307,3,2
203,308,3,2
203,309,3,2
203,310,3,2
203,311,3,2
203,312,3,2
203,313,3,2
203,314,3,2
203,315,3,2
203,316,3,2
203,317,3,2
203,318,3,2
203,319,3,2
203,320,3,2
203,321,3,2
203,322,3,2
203,323,3,2
203,324,3,2
203,325,3,2
203,326,3,2
203,327,3,2
203,328,3,2
203,329,3,2
203,330,3,2
203,331,3,2
203,332,3,2
203,333,3,2
203,334,3,2
203,335,3,2
203,336,3,2
203,337,3,2
203,338,3,2
203,339,3,2
203,340,3,2
203,341,3,2
203,342,3,2
203,343,3,2
203,344,3,2
203,345,3,2
203,346,3,2
203,347,3,2
203,348,3,2
203,349,3,2
203,350,3,2
203,351,3,2
203,352,3,2
203,353,3,2
203,354,3,2
203,355,3,2
203,356,3,2
203,357,3,2
203,358,3,2
203,359,3,2
203,360,3,2
203,361,3,2
203,362,3,2
203,363,3,2
203,364,3,2
203,365,3,2
203,366,3,2
203,367,3,2
203,368,3,2
203,369,3,2
203,370,3,2
203,371,3,2
203,372,3,2
203,373,3,2
203,374,3,2
203,375,3,2
203,376,3,2
203,377,3,2
203,378,3,2
203,379,3,2
203,380,3,2
203,381,3,2
203,382,3,2
203,383,3,2
203,384,3,2
203,385,3,2
203,386,3,2
203,387,3,2
203,388,3,2
203,389,3,2
203,390,3,2
203,391,3,2
203,392,3,2
203,393,3,2
203,394,3,2
203,395,3,2
203,396,3,2
203,397,3,2
203,398,3,2
203,399,3,2
203,400,3,2
203,401,3,2
203,402,3,2
203,403,3,2
203,404,3,2
203,405,3,2
203,406,3,2
203,407,3,2
203,408,3,2
203,409,3,2
203,410,3,2
203,411,3,2
203,412,3,2
203,413,3,2
203,414,3,2
203,415,3,2
203,416,3,2
203,417,3,2
203,418,3,2
203,419,3,2
203,420,3,2
203,421,3,2
203,422,3,2
203,423,3,2
203,424,3,2
203,425,3,2
203,426,3,2
203,427,3,2
203,428,3,2
203,429,3,2
203,430,3,2
203,431,3,2
203,432,3,2
203,433,3,2
203,434,3,2
203,435,3,2
203,436,3,2
203,437,3,2
203,438,3,2
203,439,3,2
203,440,3,2
203,441,3,2
203,442,3,2
203,443,3,2
203,444,3,2
203,445,3,2
203,446,3,2
203,447,3,2
203,448,3,2
203,449,3,2
203,450,3,2
203,451,3,2
203,452,3,2
203,453,3,2
203,454,3,2
203,455,3,2
203,456,3,2
203,457,3,2
203,458,3,2
203,459,3,2
203,460,3,2
203,461,3,2
203,462,3,2
203,463,3,2
203,464,3,2
203,465,3,2
203,466,3,2
203,467,3,2
203,468,3,2
203,469,3,2
203,470,3,2
203,471,3,2
203,472,3,2
203,473,3,2
203,474,3,2
203,475,3,2
203,476,3,2
203,477,3,2
203,478,3,2
203,479,3,2
203,480,3,2
203,481,3,3
203,482,3,3
203,483,3,3
203,484,3,3
203,485,3,3
203,486,3,3
203,487,3,3
203,488,3,3
203,489,3,3
203,490,3,3
203,491,3,3
203,492,3,3
203,493,3,3
203,494,3,3
203,495,3,3
203,496,3,3
203,497,3,3
203,498,3,3
203,499,3,3
203,500,3,3
203,501,3,3
203,502,3,3
203,503,3,3
203,504,3,3
203,505,3,3
203,506,3,3
203,507,3,3
203,508,3,3
203,509,3,3
203,510,3,3
203,511,3,3
203,512,3,3
203,513,3,3
203,514,3,3
203,515,3,3
203,516,3,3
203,517,3,3
203,518,3,3
203,519,3,3
203,520,3,3
203,521,3,3
203,522,3,3
203,523,3,3
203,524,3,3
203,525,3,3
203,526,3,3
203,527,3,3
203,528,3,3
203,529,3,3
203,530,3,3
203,531,3,3
203,532,3,3
203,533,3,3
203,534,3,3
203,535,3,3
203,536,3,3
203,537,3,3
203,538,3,3
203,539,3,3
203,540,3,3
203,541,3,3
203,542,3,3
203,543,3,3
203,544,3,3
203,545,3,3
203,546,3,3
203,547,3,3
203,548,3,3
203,549,3,3
203,550,3,3
203,551,3,3
203,552,3,3
203,553,3,3
203,554,3,3
203,555,3,3
203,556,3,3
203,557,3,3
203,558,3,3
203,559,3,3
203,560,3,3
203,561,3,3
203,562,3,3
203,563,3,3
203,564,3,3
203,565,3,3
203,566,3,3
203,567,3,3
203,568,3,3
203,569,3,3
203,570,3,3
203,571,3,3
203,572,3,3
203,573,3,3
203,574,3,3
203,575,3,3
203,576,3,3
203,577,3,3
203,578,3,3
203,579,3,3
203,580,3,3
203,581,3,3
203,582,3,3
203,583,3,3
203,584,3,3
203,585,3,3
203,586,3,3
203,587,3,3
203,588,3,3
203,589,3,3
203,590,3,3
203,591,3,3
203,592,3,3
203,593,3,3
203,594,3,3
203,595,3,3
203,596,3,3
203,597,3,3
203,598,3,3
203,599,3,3
203,600,3,3
203,601,3,3
203,602,3,3
203,603,3,3
203,604,3,3
203,605,3,3
203,606,3,3
203,607,3,3
203,608,3,3
203,609,3,3
203,610,3,3
203,611,3,3
203,612,3,3
203,613,3,3
203,614,3,3
203,615,3,3
203,616,3,3
203,617,3,3
203,618,3,3
203,619,3,3
203,620,3,3
203,621,3,3
203,622,3,3
203,623,3,3
203,624,3,3
203,625,3,3
203,626,3,3
203,627,3,3
203,628,3,3
203,629,3,3
203,630,3,3
203,631,3,3
203,632,3,3
203,633,3,3
203,634,3,3
203,635,3,3
203,636,3,3
203,637,3,2
203,638,3,2
203,639,3,2
203,640,3,2
203,641,3,2
203,642,3,2
203,643,3,2
203,644,3,2
203,645,3,2
203,646,3,3
203,647,3,3
203,648,3,3
203,649,3,3
203,650,3,3
203,651,3,3
203,652,3,3
203,653,3,3
203,654,3,3
203,655,3,3
203,656,3,3
203,657,3,3
203,658,3,3
203,659,3,3
203,660,3,3
203,661,3,3
203,662,3,3
203,663,3,3
203,664,3,3
203,665,3,3
203,666,3,3
203,667,3,3
203,668,3,3
203,669,3,3
203,670,3,3
203,671,3,3
203,672,3,3
203,673,3,3
203,674,3,3
203,675,3,3
203,676,3,3
203,677,3,3
203,678,3,3
203,679,3,3
203,680,3,3
203,681,3,3
203,682,3,3
203,683,3,3
203,684,3,3
203,685,3,3
203,686,3,3
203,687,3,3
203,688,3,3
203,689,3,3
203,690,3,3
203,691,3,3
203,692,3,3
203,693,3,3
203,694,3,3
203,695,3,3
203,696,3,3
203,697,3,3
203,698,3,3
203,699,3,2
203,700,3,2
203,701,3,2
203,702,3,2
203,703,3,2
203,704,3,2
203,705,3,2
203,706,3,2
203,707,3,2
203,708,3,2
203,709,3,2
203,710,3,2
203,711,3,3
203,712,3,3
203,713,3,3
203,714,3,3
203,715,3,3
203,716,3,3
203,717,3,3
203,718,3,3
203,719,3,3
203,720,3,3
203,721,3,3
203,722,3,3
203,723,3,3
203,724,3,3
203,725,3,3
203,726,3,3
203,727,3,3
203,728,3,3
203,729,3,3
203,730,3,3
203,731,3,3
203,732,3,3
203,733,3,3
203,734,3,3
203,735,3,3
203,736,3,3
203,737,3,3
203,738,3,3
203,739,3,3
203,740,3,3
203,741,3,3
203,742,3,3
203,743,3,3
203,744,3,3
203,745,3,3
203,746,3,3
203,747,3,3
203,748,3,3
203,749,3,3
203,750,3,3
203,751,3,3
203,752,3,2
203,753,3,2
203,754,3,2
203,755,3,2
203,756,3,2
203,757,3,2
203,758,3,2
203,759,3,2
203,760,3,2
203,761,3,2
203,762,3,2
203,763,3,2
203,764,3,2
203,765,3,2
203,766,3,2
203,767,3,2
203,768,3,2
203,769,3,2
203,770,3,2
203,771,3,2
203,772,3,2
203,773,3,2
203,774,3,2
203,775,3,2
203,776,3,2
203,777,3,2
203,778,3,2
203,779,3,2
203,780,3,2
203,781,3,2
203,782,3,2
203,783,3,2
203,784,3,2
203,785,3,2
203,786,3,2
203,787,3,2
203,788,3,2
203,789,3,2
203,790,3,2
203,791,3,2
203,792,3,2
203,793,3,2
203,794,3,2
204,139,3,2
204,140,3,2
204,141,3,2
204,142,3,2
204,143,3,2
204,144,3,2
204,145,3,2
204,146,3,2
204,147,3,2
204,148,3,2
204,149,3,2
204,150,3,2
204,151,3,2
204,152,3,2
204,153,3,2
204,154,3,2
204,155,3,2
204,156,3,2
204,157,3,2
204,158,3,2
204,159,3,2
204,160,3,2
204,161,3,2
204,162,3,2
204,163,3,2
204,164,3,2
204,165,3,2
204,166,3,2
204,167,3,2
204,168,3,2
204,169,3,2
204,170,3,2
204,171,3,2
204,172,3,2
204,173,3,2
204,174,3,2
204,175,3,2
204,176,3,2
204,177,3,2
204,178,3,2
204,179,3,2
204,180,3,2
204,181,3,2
204,182,3,2
204,183,3,2
204,184,3,2
204,185,3,2
204,186,3,2
204,187,3,2
204,188,3,2
204,189,3,2
204,190,3,2
204,191,3,2
204,192,3,2
204,193,3,2
204,194,3,2
204,195,3,2
204,196,3,2
204,197,3,2
204,198,3,2
204,199,3,2
204,200,3,2
204,201,3,2
204,202,3,2
204,203,3,2
204,204,3,2
204,205,3,2
204,206,3,2
204,207,3,2
204,208,3,2
204,209,3,2
204,210,3,2
204,211,3,2
204,212,3,2
204,213,3,2
204,214,3,2
204,215,3,2
204,216,3,2
204,217,3,2
204,218,3,2
204,219,3,2
204,220,3,2
204,221,3,2
204,222,3,2
204,223,3,2
204,224,3,2
204,225,3,2
204,226,3,2
204,227,3,2
204,228,3,2
204,229,3,2
204,230,3,2
204,231,3,2
204,232,3,2
204,233,3,2
204,234,3,2
204,235,3,2
204,236,3,2
204,237,3,2
204,238,3,2
204,239,3,2
204,240,3,2
204,241,3,2
204,242,3,2
204,243,3,2
204,244,3,2
204,245,3,2
204,246,3,2
204,247,3,2
204,248,3,2
204,249,3,2
204,250,3,2
204,251,3,2
204,252,3,2
204,253,3,2
204,254,3,2
204,255,3,2
204,256,3,2
204,257,3,2
204,258,3,2
204,259,3,2
204,260,3,2
204,261,3,2
204,262,3,2
204,263,3,2
204,264,3,2
204,265,3,2
204,266,3,2
204,267,3,2
204,268,3,2
204,269,3,2
204,270,3,2
204,271,3,2
204,272,3,2
204,273,3,2
204,274,3,2
204,275,3,2
204,276,3,2
204,277,3,2
204,278,3,2
204,279,3,2
204,280,3,2
204,281,3,2
204,282,3,2
204,283,3,2
204,284,3,2
204,285,3,2
204,286,3,2
204,287,3,2
204,288,3,2
204,289,3,2
204,290,3,2
204,291,3,2
204,292,3,2
204,293,3,2
204,294,3,2
204,295,3,2
204,296,3,2
204,297,3,2
204,298,3,2
204,299,3,2
204,300,3,2
204,301,3,2
204,302,3,2
204,303,3,2
204,304,3,2
204,305,3,2
204,306,3,2
204,307,3,2
204,308,3,2
204,309,3,2
204,310,3,2
204,311,3,2
204,312,3,2
204,313,3,2
204,314,3,2
204,315,3,2
204,316,3,2
204,317,3,2
204,318,3,2
204,319,3,2
204,320,3,2
204,321,3,2
204,322,3,2
204,323,3,2
204,324,3,2
204,325,3,2
204,326,3,2
204,327,3,2
204,328,3,2
204,329,3,2
204,330,3,2
204,331,3,2
204,332,3,2
204,333,3,2
204,334,3,2
204,335,3,2
204,336,3,2
204,337,3,2
204,338,3,2
204,339,3,2
204,340,3,2
204,341,3,2
204,342,3,2
204,343,3,2
204,344,3,2
204,345,3,2
204,346,3,2
204,347,3,2
204,348,3,2
204,349,3,2
204,350,3,2
204,351,3,2
204,352,3,2
204,353,3,2
204,354,3,2
204,355,3,2
204,356,3,2
204,357,3,2
204,358,3,2
204,359,3,2
204,360,3,2
204,361,3,2
204,362,3,2
204,363,3,2
204,364,3,2
204,365,3,2
204,366,3,2
204,367,3,2
204,368,3,2
204,369,3,2
204,370,3,2
204,371,3,2
204,372,3,2
204,373,3,2
204,374,3,2
204,375,3,2
204,376,3,2
204,377,3,2
204,378,3,2
204,379,3,2
204,380,3,2
204,381,3,2
204,382,3,2
204,383,3,2
204,384,3,2
204,385,3,2
204,386,3,2
204,387,3,2
204,388,3,2
204,389,3,2
204,390,3,2
204,391,3,2
204,392,3,2
204,393,3,2
204,394,3,2
204,395,3,2
204,396,3,2
204,397,3,2
204,398,3,2
204,399,3,2
204,400,3,2
204,401,3,2
204,402,3,2
204,403,3,2
204,404,3,2
204,405,3,2
204,406,3,2
204,407,3,2
204,408,3,2
204,409,3,2
204,410,3,2
204,411,3,2
204,412,3,2
204,413,3,2
204,414,3,2
204,415,3,2
204,416,3,2
204,417,3,2
204,418,3,2
204,419,3,2
204,420,3,2
204,421,3,2
204,422,3,2
204,423,3,2
204,424,3,2
204,425,3,2
204,426,3,2
204,427,3,2
204,428,3,2
204,429,3,2
204,430,3,2
204,431,3,2
204,432,3,2
204,433,3,2
204,434,3,2
204,435,3,2
204,436,3,2
204,437,3,2
204,438,3,2
204,439,3,2
204,440,3,2
204,441,3,2
204,442,3,2
204,443,3,2
204,444,3,2
204,445,3,2
204,446,3,2
204,447,3,2
204,448,3,2
204,449,3,2
204,450,3,2
204,451,3,2
204,452,3,2
204,453,3,2
204,454,3,2
204,455,3,2
204,456,3,2
204,457,3,2
204,458,3,2
204,459,3,2
204,460,3,2
204,461,3,2
204,462,3,2
204,463,3,2
204,464,3,2
204,465,3,2
204,466,3,2
204,467,3,2
204,468,3,2
204,469,3,2
204,470,3,2
204,471,3,2
204,472,3,2
204,473,3,2
204,474,3,2
204,475,3,2
204,476,3,2
204,477,3,2
204,478,3,2
204,479,3,2
204,480,3,3
204,481,3,3
204,482,3,3
204,483,3,3
204,484,3,3
204,485,3,3
204,486,3,3
204,487,3,3
204,488,3,3
204,489,3,3
204,490,3,3
204,491,3,3
204,492,3,3
204,493,3,3
204,494,3,3
204,495,3,3
204,496,3,3
204,497,3,3
204,498,3,3
204,499,3,3
204,500,3,3
204,501,3,3
204,502,3,3
204,503,3,3
204,504,3,3
204,505,3,3
204,506,3,3
204,507,3,3
204,508,3,3
204,509,3,3
204,510,3,3
204,511,3,3
204,512,3,3
204,513,3,3
204,514,3,3
204,515,3,3
204,516,3,3
204,517,3,3
204,518,3,3
204,519,3,3
204,520,3,3
204,521,3,3
204,522,3,3
204,523,3,3
204,524,3,3
204,525,3,3
204,526,3,3
204,527,3,3
204,528,3,3
204,529,3,3
204,530,3,3
204,531,3,3
204,532,3,3
204,533,3,3
204,534,3,3
204,535,3,3
204,536,3,3
204,537,3,3
204,538,3,3
204,539,3,3
204,540,3,3
204,541,3,3
204,542,3,3
204,543,3,3
204,544,3,3
204,545,3,3
204,546,3,3
204,547,3,3
204,548,3,3
204,549,3,3
204,550,3,3
204,551,3,3
204,552,3,3
204,553,3,3
204,554,3,3
204,555,3,3
204,556,3,3
204,557,3,3
204,558,3,3
204,559,3,3
204,560,3,3
204,561,3,3
204,562,3,3
204,563,3,3
204,564,3,3
204,565,3,3
204,566,3,3
204,567,3,3
204,568,3,3
204,569,3,3
204,570,3,3
204,571,3,3
204,572,3,3
204,573,3,3
204,574,3,3
204,575,3,3
204,576,3,3
204,577,3,3
204,578,3,3
204,579,3,3
204,580,3,3
204,581,3,3
204,582,3,3
204,583,3,3
204,584,3,3
204,585,3,3
204,586,3,3
204,587,3,3
204,588,3,3
204,589,3,3
204,590,3,3
204,591,3,3
204,592,3,3
204,593,3,3
204,594,3,3
204,595,3,3
204,596,3,3
204,597,3,3
204,598,3,3
204,599,3,3
204,600,3,3
204,601,3,3
204,602,3,3
204,603,3,3
204,604,3,3
204,605,3,3
204,606,3,3
204,607,3,3
204,608,3,3
204,609,3,3
204,610,3,3
204,611,3,3
204,612,3,3
204,613,3,3
204,614,3,3
204,615,3,3
204,616,3,3
204,617,3,3
204,618,3,3
204,619,3,3
204,620,3,3
204,621,3,3
204,622,3,3
204,623,3,3
204,624,3,3
204,625,3,3
204,626,3,3
204,627,3,3
204,628,3,3
204,629,3,3
204,630,3,3
204,631,3,3
204,632,3,3
204,633,3,3
204,634,3,3
204,635,3,3
204,636,3,3
204,637,3,3
204,638,3,3
204,639,3,2
204,640,3,2
204,641,3,2
204,642,3,2
204,643,3,2
204,644,3,3
204,645,3,3
204,646,3,3
204,647,3,3
204,648,3,3
204,649,3,3
204,650,3,3
204,651,3,3
204,652,3,3
204,653,3,3
204,654,3,3
204,655,3,3
204,656,3,3
204,657,3,3
204,658,3,3
204,659,3,3
204,660,3,3
204,661,3,3
204,662,3,3
204,663,3,3
204,664,3,3
204,665,3,3
204,666,3,3
204,667,3,3
204,668,3,3
204,669,3,3
204,670,3,3
204,671,3,3
204,672,3,3
204,673,3,3
204,674,3,3
204,675,3,3
204,676,3,3
204,677,3,3
204,678,3,3
204,679,3,3
204,680,3,3
204,681,3,3
204,682,3,3
204,683,3,3
204,684,3,3
204,685,3,3
204,686,3,3
204,687,3,3
204,688,3,3
204,689,3,3
204,690,3,3
204,691,3,3
204,692,3,3
204,693,3,3
204,694,3,3
204,695,3,3
204,696,3,3
204,697,3,3
204,698,3,3
204,699,3,2
204,700,3,2
204,701,3,2
204,702,3,2
204,703,3,2
204,704,3,2
204,705,3,2
204,706,3,2
204,707,3,2
204,708,3,2
204,709,3,2
204,710,3,2
204,711,3,2
204,712,3,2
204,713,3,2
204,714,3,3
204,715,3,3
204,716,3,3
204,717,3,3
204,718,3,3
204,719,3,3
204,720,3,3
204,721,3,3
204,722,3,3
204,723,3,3
204,724,3,3
204,725,3,3
204,726,3,3
204,727,3,3
204,728,3,3
204,729,3,3
204,730,3,3
204,731,3,3
204,732,3,3
204,733,3,3
204,734,3,3
204,735,3,3
204,736,3,3
204,737,3,3
204,738,3,3
204,739,3,3
204,740,3,3
204,741,3,3
204,742,3,3
204,743,3,3
204,744,3,3
204,745,3,3
204,746,3,3
204,747,3,3
204,748,3,3
204,749,3,3
204,750,3,3
204,751,3,3
204,752,3,3
204,753,3,2
204,754,3,2
204,755,3,2
204,756,3,2
204,757,3,2
204,758,3,2
204,759,3,2
204,760,3,2
204,761,3,2
204,762,3,2
204,763,3,2
204,764,3,2
204,765,3,2
204,766,3,2
204,767,3,2
204,768,3,2
204,769,3,2
204,770,3,2
204,771,3,2
204,772,3,2
204,773,3,2
204,774,3,2
204,775,3,2
204,776,3,2
204,777,3,2
204,778,3,2
204,779,3,2
204,780,3,2
204,781,3,2
204,782,3,2
204,783,3,2
204,784,3,2
204,785,3,2
204,786,3,2
204,787,3,2
204,788,3,2
204,789,3,2
204,790,3,2
204,791,3,2
204,792,3,2
204,793,3,2
204,794,3,2
205,139,3,2
205,140,3,2
205,141,3,2
205,142,3,2
205,143,3,2
205,144,3,2
205,145,3,2
205,146,3,2
205,147,3,2
205,148,3,2
205,149,3,2
205,150,3,2
205,151,3,2
205,152,3,2
205,153,3,2
205,154,3,2
205,155,3,2
205,156,3,2
205,157,3,2
205,158,3,2
205,159,3,2
205,160,3,2
205,161,3,2
205,162,3,2
205,163,3,2
205,164,3,2
205,165,3,2
205,166,3,2
205,167,3,2
205,168,3,2
205,169,3,2
205,170,3,2
205,171,3,2
205,172,3,2
205,173,3,2
205,174,3,2
205,175,3,2
205,176,3,2
205,177,3,2
205,178,3,2
205,179,3,2
205,180,3,2
205,181,3,2
205,182,3,2
205,183,3,2
205,184,3,2
205,185,3,2
205,186,3,2
205,187,3,2
205,188,3,2
205,189,3,2
205,190,3,2
205,191,3,2
205,192,3,2
205,193,3,2
205,194,3,2
205,195,3,2
205,196,3,2
205,197,3,2
205,198,3,2
205,199,3,2
205,200,3,2
205,201,3,2
205,202,3,2
205,203,3,2
205,204,3,2
205,205,3,2
205,206,3,2
205,207,3,2
205,208,3,2
205,209,3,2
205,210,3,2
205,211,3,2
205,212,3,2
205,213,3,2
205,214,3,2
205,215,3,2
205,216,3,2
205,217,3,2
205,218,3,2
205,219,3,2
205,220,3,2
205,221,3,2
205,222,3,2
205,223,3,2
205,224,3,2
205,225,3,2
205,226,3,2
205,227,3,2
205,228,3,2
205,229,3,2
205,230,3,2
205,231,3,2
205,232,3,2
205,233,3,2
205,234,3,2
205,235,3,2
205,236,3,2
205,237,3,2
205,238,3,2
205,239,3,2
205,240,3,2
205,241,3,2
205,242,3,2
205,243,3,2
205,244,3,2
205,245,3,2
205,246,3,2
205,247,3,2
205,248,3,2
205,249,3,2
205,250,3,2
205,251,3,2
205,252,3,2
205,253,3,2
205,254,3,2
205,255,3,2
205,256,3,2
205,257,3,2
205,258,3,2
205,259,3,2
205,260,3,2
205,261,3,2
205,262,3,2
205,263,3,2
205,264,3,2
205,265,3,2
205,266,3,2
205,267,3,2
205,268,3,2
205,269,3,2
205,270,3,2
205,271,3,2
205,272,3,2
205,273,3,2
205,274,3,2
205,275,3,2
205,276,3,2
205,277,3,2
205,278,3,2
205,279,3,2
205,280,3,2
205,281,3,2
205,282,3,2
205,283,3,2
205,284,3,2
205,285,3,2
205,286,3,2
205,287,3,2
205,288,3,2
205,289,3,2
205,290,3,2
205,291,3,2
205,292,3,2
205,293,3,2
205,294,3,2
205,295,3,2
205,296,3,2
205,297,3,2
205,298,3,2
205,299,3,2
205,300,3,2
205,301,3,2
205,302,3,2
205,303,3,2
205,304,3,2
205,305,3,2
205,306,3,2
205,307,3,2
205,308,3,2
205,309,3,2
205,310,3,2
205,311,3,2
205,312,3,2
205,313,3,2
205,314,3,2
205,315,3,2
205,316,3,2
205,317,3,2
205,318,3,2
205,319,3,2
205,320,3,2
205,321,3,2
205,322,3,2
205,323,3,2
205,324,3,2
205,325,3,2
205,326,3,2
205,327,3,2
205,328,3,2
205,329,3,2
205,330,3,2
205,331,3,2
205,332,3,2
205,333,3,2
205,334,3,2
205,335,3,2
205,336,3,2
205,337,3,2
205,338,3,2
205,339,3,2
205,340,3,2
205,341,3,2
205,342,3,2
205,343,3,2
205,344,3,2
205,345,3,2
205,346,3,2
205,347,3,2
205,348,3,2
205,349,3,2
205,350,3,2
205,351,3,2
205,352,3,2
205,353,3,2
205,354,3,2
205,355,3,2
205,356,3,2
205,357,3,2
205,358,3,2
205,359,3,2
205,360,3,2
205,361,3,2
205,362,3,2
205,363,3,2
205,364,3,2
205,365,3,2
205,366,3,2
205,367,3,2
205,368,3,2
205,369,3,2
205,370,3,2
205,371,3,2
205,372,3,2
205,373,3,2
205,374,3,2
205,375,3,2
205,376,3,2
205,377,3,2
205,378,3,2
205,379,3,2
205,380,3,2
205,381,3,2
205,382,3,2
205,383,3,2
205,384,3,2
205,385,3,2
205,386,3,2
205,387,3,2
205,388,3,2
205,389,3,2
205,390,3,2
205,391,3,2
205,392,3,2
205,393,3,2
205,394,3,2
205,395,3,2
205,396,3,2
205,397,3,2
205,398,3,2
205,399,3,2
205,400,3,2
205,401,3,2
205,402,3,2
205,403,3,2
205,404,3,2
205,405,3,2
205,406,3,2
205,407,3,2
205,408,3,2
205,409,3,2
205,410,3,2
205,411,3,2
205,412,3,2
205,413,3,2
205,414,3,2
205,415,3,2
205,416,3,2
205,417,3,2
205,418,3,2
205,419,3,2
205,420,3,2
205,421,3,2
205,422,3,2
205,423,3,2
205,424,3,2
205,425,3,2
205,426,3,2
205,427,3,2
205,428,3,2
205,429,3,2
205,430,3,2
205,431,3,2
205,432,3,2
205,433,3,2
205,434,3,2
205,435,3,2
205,436,3,2
205,437,3,2
205,438,3,2
205,439,3,2
205,440,3,2
205,441,3,2
205,442,3,2
205,443,3,2
205,444,3,2
205,445,3,2
205,446,3,2
205,447,3,2
205,448,3,2
205,449,3,2
205,450,3,2
205,451,3,2
205,452,3,2
205,453,3,2
205,454,3,2
205,455,3,2
205,456,3,2
205,457,3,2
205,458,3,2
205,459,3,2
205,460,3,2
205,461,3,2
205,462,3,2
205,463,3,2
205,464,3,2
205,465,3,2
205,466,3,2
205,467,3,2
205,468,3,2
205,469,3,2
205,470,3,2
205,471,3,2
205,472,3,2
205,473,3,2
205,474,3,2
205,475,3,2
205,476,3,2
205,477,3,2
205,478,3,2
205,479,3,3
205,480,3,3
205,481,3,3
205,482,3,3
205,483,3,3
205,484,3,3
205,485,3,3
205,486,3,3
205,487,3,3
205,488,3,3
205,489,3,3
205,490,3,3
205,491,3,3
205,492,3,3
205,493,3,3
205,494,3,3
205,495,3,3
205,496,3,3
205,497,3,3
205,498,3,3
205,499,3,3
205,500,3,3
205,501,3,3
205,502,3,3
205,503,3,3
205,504,3,3
205,505,3,3
205,506,3,3
205,507,3,3
205,508,3,3
205,509,3,3
205,510,3,3
205,511,3,3
205,512,3,3
205,513,3,3
205,514,3,3
205,515,3,3
205,516,3,3
205,517,3,3
205,518,3,3
205,519,3,3
205,520,3,3
205,521,3,3
205,522,3,3
205,523,3,3
205,524,3,3
205,525,3,3
205,526,3,3
205,527,3,3
205,528,3,3
205,529,3,3
205,530,3,3
205,531,3,3
205,532,3,3
205,533,3,3
205,534,3,3
205,535,3,3
205,536,3,3
205,537,3,3
205,538,3,3
205,539,3,3
205,540,3,3
205,541,3,3
205,542,3,3
205,543,3,3
205,544,3,3
205,545,3,3
205,546,3,3
205,547,3,3
205,548,3,3
205,549,3,3
205,550,3,3
205,551,3,3
205,552,3,3
205,553,3,3
205,554,3,3
205,555,3,3
205,556,3,3
205,557,3,3
205,558,3,3
205,559,3,3
205,560,3,3
205,561,3,3
205,562,3,3
205,563,3,3
205,564,3,3
205,565,3,3
205,566,3,3
205,567,3,3
205,568,3,3
205,569,3,3
205,570,3,3
205,571,3,3
205,572,3,3
205,573,3,3
205,574,3,3
205,575,3,3
205,576,3,3
205,577,3,3
205,578,3,3
205,579,3,3
205,580,3,3
205,581,3,3
205,582,3,3
205,583,3,3
205,584,3,3
205,585,3,3
205,586,3,3
205,587,3,3
205,588,3,3
205,589,3,3
205,590,3,3
205,591,3,3
205,592,3,3
205,593,3,3
205,594,3,3
205,595,3,3
205,596,3,3
205,597,3,3
205,598,3,3
205,599,3,3
205,600,3,3
205,601,3,3
205,602,3,3
205,603,3,3
205,604,3,3
205,605,3,3
205,606,3,3
205,607,3,3
205,608,3,3
205,609,3,3
205,610,3,3
205,611,3,3
205,612,3,3
205,613,3,3
205,614,3,3
205,615,3,3
205,616,3,3
205,617,3,3
205,618,3,3
205,619,3,3
205,620,3,3
205,621,3,3
205,622,3,3
205,623,3,3
205,624,3,3
205,625,3,3
205,626,3,3
205,627,3,3
205,628,3,3
205,629,3,3
205,630,3,3
205,631,3,3
205,632,3,3
205,633,3,3
205,634,3,3
205,635,3,3
205,636,3,3
205,637,3,3
205,638,3,3
205,639,3,3
205,640,3,3
205,641,3,3
205,642,3,3
205,643,3,3
205,644,3,3
205,645,3,3
205,646,3,3
205,647,3,3
205,648,3,3
205,649,3,3
205,650,3,3
205,651,3,3
205,652,3,3
205,653,3,3
205,654,3,3
205,655,3,3
205,656,3,3
205,657,3,3
205,658,3,3
205,659,3,3
205,660,3,3
205,661,3,3
205,662,3,3
205,663,3,3
205,664,3,3
205,665,3,3
205,666,3,3
205,667,3,3
205,668,3,3
205,669,3,3
205,670,3,3
205,671,3,3
205,672,3,3
205,673,3,3
205,674,3,3
205,675,3,3
205,676,3,3
205,677,3,3
205,678,3,3
205,679,3,3
205,680,3,3
205,681,3,3
205,682,3,3
205,683,3,3
205,684,3,3
205,685,3,3
205,686,3,3
205,687,3,3
205,688,3,3
205,689,3,3
205,690,3,3
205,691,3,3
205,692,3,3
205,693,3,3
205,694,3,3
205,695,3,3
205,696,3,3
205,697,3,3
205,698,3,2
205,699,3,2
205,700,3,2
205,701,3,2
205,702,3,2
205,703,3,2
205,704,3,2
205,705,3,2
205,706,3,2
205,707,3,2
205,708,3,2
205,709,3,2
205,710,3,2
205,711,3,2
205,712,3,2
205,713,3,2
205,714,3,2
205,715,3,2
205,716,3,3
205,717,3,3
205,718,3,3
205,719,3,3
205,720,3,3
205,721,3,3
205,722,3,3
205,723,3,3
205,724,3,3
205,725,3,3
205,726,3,3
205,727,3,3
205,728,3,3
205,729,3,3
205,730,3,3
205,731,3,3
205,732,3,3
205,733,3,3
205,734,3,3
205,735,3,3
205,736,3,3
205,737,3,3
205,738,3,3
205,739,3,3
205,740,3,3
205,741,3,3
205,742,3,3
205,743,3,3
205,744,3,3
205,745,3,3
205,746,3,3
205,747,3,3
205,748,3,3
205,749,3,3
205,750,3,3
205,751,3,3
205,752,3,3
205,753,3,2
205,754,3,2
205,755,3,2
205,756,3,2
205,757,3,2
205,758,3,2
205,759,3,2
205,760,3,2
205,761,3,2
205,762,3,2
205,763,3,2
205,764,3,2
205,765,3,2
205,766,3,2
205,767,3,2
205,768,3,2
205,769,3,2
205,770,3,2
205,771,3,2
205,772,3,2
205,773,3,2
205,774,3,2
205,775,3,2
205,776,3,2
205,777,3,2
205,778,3,2
205,779,3,2
205,780,3,2
205,781,3,2
205,782,3,2
205,783,3,2
205,784,3,2
205,785,3,2
205,786,3,2
205,787,3,2
205,788,3,2
205,789,3,2
205,790,3,2
205,791,3,2
205,792,3,2
205,793,3,2
206,139,3,2
206,140,3,2
206,141,3,2
206,142,3,2
206,143,3,2
206,144,3,2
206,145,3,2
206,146,3,2
206,147,3,2
206,148,3,2
206,149,3,2
206,150,3,2
206,151,3,2
206,152,3,2
206,153,3,2
206,154,3,2
206,155,3,2
206,156,3,2
206,157,3,2
206,158,3,2
206,159,3,2
206,160,3,2
206,161,3,2
206,162,3,2
206,163,3,2
206,164,3,2
206,165,3,2
206,166,3,2
206,167,3,2
206,168,3,2
206,169,3,2
206,170,3,2
206,171,3,2
206,172,3,2
206,173,3,2
206,174,3,2
206,175,3,2
206,176,3,2
206,177,3,2
206,178,3,2
206,179,3,2
206,180,3,2
206,181,3,2
206,182,3,2
206,183,3,2
206,184,3,2
206,185,3,2
206,186,3,2
206,187,3,2
206,188,3,2
206,189,3,2
206,190,3,2
206,191,3,2
206,192,3,2
206,193,3,2
206,194,3,2
206,195,3,2
206,196,3,2
206,197,3,2
206,198,3,2
206,199,3,2
206,200,3,2
206,201,3,2
206,202,3,2
206,203,3,2
206,204,3,2
206,205,3,2
206,206,3,2
206,207,3,2
206,208,3,2
206,209,3,2
206,210,3,2
206,211,3,2
206,212,3,2
206,213,3,2
206,214,3,2
206,215,3,2
206,216,3,2
206,217,3,2
206,218,3,2
206,219,3,2
206,220,3,2
206,221,3,2
206,222,3,2
206,223,3,2
206,224,3,2
206,225,3,2
206,226,3,2
206,227,3,2
206,228,3,2
206,229,3,2
206,230,3,2
206,231,3,2
206,232,3,2
206,233,3,2
206,234,3,2
206,235,3,2
206,236,3,2
206,237,3,2
206,238,3,2
206,239,3,2
206,240,3,2
206,241,3,2
206,242,3,2
206,243,3,2
206,244,3,2
206,245,3,2
206,246,3,2
206,247,3,2
206,248,3,2
206,249,3,2
206,250,3,2
206,251,3,2
206,252,3,2
206,253,3,2
206,254,3,2
206,255,3,2
206,256,3,2
206,257,3,2
206,258,3,2
206,259,3,2
206,260,3,2
206,261,3,2
206,262,3,2
206,263,3,2
206,264,3,2
206,265,3,2
206,266,3,2
206,267,3,2
206,268,3,2
206,269,3,2
206,270,3,2
206,271,3,2
206,272,3,2
206,273,3,2
206,274,3,2
206,275,3,2
206,276,3,2
206,277,3,2
206,278,3,2
206,279,3,2
206,280,3,2
206,281,3,2
206,282,3,2
206,283,3,2
206,284,3,2
206,285,3,2
206,286,3,2
206,287,3,2
206,288,3,2
206,289,3,2
206,290,3,2
206,291,3,2
206,292,3,2
206,293,3,2
206,294,3,2
206,295,3,2
206,296,3,2
206,297,3,2
206,298,3,2
206,299,3,2
206,300,3,2
206,301,3,2
206,302,3,2
206,303,3,2
206,304,3,2
206,305,3,2
206,306,3,2
206,307,3,2
206,308,3,2
206,309,3,2
206,310,3,2
206,311,3,2
206,312,3,2
206,313,3,2
206,314,3,2
206,315,3,2
206,316,3,2
206,317,3,2
206,318,3,2
206,319,3,2
206,320,3,2
206,321,3,2
206,322,3,2
206,323,3,2
206,324,3,2
206,325,3,2
206,326,3,2
206,327,3,2
206,328,3,2
206,329,3,2
206,330,3,2
206,331,3,2
206,332,3,2
206,333,3,2
206,334,3,2
206,335,3,2
206,336,3,2
206,337,3,2
206,338,3,2
206,339,3,2
206,340,3,2
206,341,3,2
206,342,3,2
206,343,3,2
206,344,3,2
206,345,3,2
206,346,3,2
206,347,3,2
206,348,3,2
206,349,3,2
206,350,3,2
206,351,3,2
206,352,3,2
206,353,3,2
206,354,3,2
206,355,3,2
206,356,3,2
206,357,3,2
206,358,3,2
206,359,3,2
206,360,3,2
206,361,3,2
206,362,3,2
206,363,3,2
206,364,3,2
206,365,3,2
206,366,3,2
206,367,3,2
206,368,3,2
206,369,3,2
206,370,3,2
206,371,3,2
206,372,3,2
206,373,3,2
206,374,3,2
206,375,3,2
206,376,3,2
206,377,3,2
206,378,3,2
206,379,3,2
206,380,3,2
206,381,3,2
206,382,3,2
206,383,3,2
206,384,3,2
206,385,3,2
206,386,3,2
206,387,3,2
206,388,3,2
206,389,3,2
206,390,3,2
206,391,3,2
206,392,3,2
206,393,3,2
206,394,3,2
206,395,3,2
206,396,3,2
206,397,3,2
206,398,3,2
206,399,3,2
206,400,3,2
206,401,3,2
206,402,3,2
206,403,3,2
206,404,3,2
206,405,3,2
206,406,3,2
206,407,3,2
206,408,3,2
206,409,3,2
206,410,3,2
206,411,3,2
206,412,3,2
206,413,3,2
206,414,3,2
206,415,3,2
206,416,3,2
206,417,3,2
206,418,3,2
206,419,3,2
206,420,3,2
206,421,3,2
206,422,3,2
206,423,3,2
206,424,3,2
206,425,3,2
206,426,3,2
206,427,3,2
206,428,3,2
206,429,3,2
206,430,3,2
206,431,3,2
206,432,3,2
206,433,3,2
206,434,3,2
206,435,3,2
206,436,3,2
206,437,3,2
206,438,3,2
206,439,3,2
206,440,3,2
206,441,3,2
206,442,3,2
206,443,3,2
206,444,3,2
206,445,3,2
206,446,3,2
206,447,3,2
206,448,3,2
206,449,3,2
206,450,3,2
206,451,3,2
206,452,3,2
206,453,3,2
206,454,3,2
206,455,3,2
206,456,3,2
206,457,3,2
206,458,3,2
206,459,3,2
206,460,3,2
206,461,3,2
206,462,3,2
206,463,3,2
206,464,3,2
206,465,3,2
206,466,3,2
206,467,3,2
206,468,3,2
206,469,3,2
206,470,3,2
206,471,3,2
206,472,3,2
206,473,3,2
206,474,3,2
206,475,3,2
206,476,3,2
206,477,3,2
206,478,3,3
206,479,3,3
206,480,3,3
206,481,3,3
206,482,3,3
206,483,3,3
206,484,3,3
206,485,3,3
206,486,3,3
206,487,3,3
206,488,3,3
206,489,3,3
206,490,3,3
206,491,3,3
206,492,3,3
206,493,3,3
206,494,3,3
206,495,3,3
206,496,3,3
206,497,3,3
206,498,3,3
206,499,3,3
206,500,3,3
206,501,3,3
206,502,3,3
206,503,3,3
206,504,3,3
206,505,3,3
206,506,3,3
206,507,3,3
206,508,3,3
206,509,3,3
206,510,3,3
206,511,3,3
206,512,3,3
206,513,3,3
206,514,3,3
206,515,3,3
206,516,3,3
206,517,3,3
206,518,3,3
206,519,3,3
206,520,3,3
206,521,3,3
206,522,3,3
206,523,3,3
206,524,3,3
206,525,3,3
206,526,3,3
206,527,3,3
206,528,3,3
206,529,3,3
206,530,3,3
206,531,3,3
206,532,3,3
206,533,3,3
206,534,3,3
206,535,3,3
206,536,3,3
206,537,3,3
206,538,3,3
206,539,3,3
206,540,3,3
206,541,3,3
206,542,3,3
206,543,3,3
206,544,3,3
206,545,3,3
206,546,3,3
206,547,3,3
206,548,3,3
206,549,3,3
206,550,3,3
206,551,3,3
206,552,3,3
206,553,3,3
206,554,3,3
206,555,3,3
206,556,3,3
206,557,3,3
206,558,3,3
206,559,3,3
206,560,3,3
206,561,3,3
206,562,3,3
206,563,3,3
206,564,3,3
206,565,3,3
206,566,3,3
206,567,3,3
206,568,3,3
206,569,3,3
206,570,3,3
206,571,3,3
206,572,3,3
206,573,3,3
206,574,3,3
206,575,3,3
206,576,3,3
206,577,3,3
206,578,3,3
206,579,3,3
206,580,3,3
206,581,3,3
206,582,3,3
206,583,3,3
206,584,3,3
206,585,3,3
206,586,3,3
206,587,3,3
206,588,3,3
206,589,3,3
206,590,3,3
206,591,3,3
206,592,3,3
206,593,3,3
206,594,3,3
206,595,3,3
206,596,3,3
206,597,3,3
206,598,3,3
206,599,3,3
206,600,3,3
206,601,3,3
206,602,3,3
206,603,3,3
206,604,3,3
206,605,3,3
206,606,3,3
206,607,3,3
206,608,3,3
206,609,3,3
206,610,3,3
206,611,3,3
206,612,3,3
206,613,3,3
206,614,3,3
206,615,3,3
206,616,3,3
206,617,3,3
206,618,3,3
206,619,3,3
206,620,3,3
206,621,3,3
206,622,3,3
206,623,3,3
206,624,3,3
206,625,3,3
206,626,3,3
206,627,3,3
206,628,3,3
206,629,3,3
206,630,3,3
206,631,3,3
206,632,3,3
206,633,3,3
206,634,3,3
206,635,3,3
206,636,3,3
206,637,3,3
206,638,3,3
206,639,3,3
206,640,3,3
206,641,3,3
206,642,3,3
206,643,3,3
206,644,3,3
206,645,3,3
206,646,3,3
206,647,3,3
206,648,3,3
206,649,3,3
206,650,3,3
206,651,3,3
206,652,3,3
206,653,3,3
206,654,3,3
206,655,3,3
206,656,3,3
206,657,3,3
206,658,3,3
206,659,3,3
206,660,3,3
206,661,3,3
206,662,3,3
206,663,3,3
206,664,3,3
206,665,3,3
206,666,3,3
206,667,3,3
206,668,3,3
206,669,3,3
206,670,3,3
206,671,3,3
206,672,3,3
206,673,3,3
206,674,3,3
206,675,3,3
206,676,3,3
206,677,3,3
206,678,3,3
206,679,3,3
206,680,3,3
206,681,3,3
206,682,3,3
206,683,3,3
206,684,3,3
206,685,3,3
206,686,3,3
206,687,3,3
206,688,3,3
206,689,3,3
206,690,3,3
206,691,3,3
206,692,3,3
206,693,3,3
206,694,3,3
206,695,3,3
206,696,3,3
206,697,3,3
206,698,3,2
206,699,3,2
206,700,3,2
206,701,3,2
206,702,3,2
206,703,3,2
206,704,3,2
206,705,3,2
206,706,3,2
206,707,3,2
206,708,3,2
206,709,3,2
206,710,3,2
206,711,3,2
206,712,3,2
206,713,3,2
206,714,3,2
206,715,3,2
206,716,3,2
206,717,3,3
206,718,3,3
206,719,3,3
206,720,3,3
206,721,3,3
206,722,3,3
206,723,3,3
206,724,3,3
206,725,3,3
206,726,3,3
206,727,3,3
206,728,3,3
206,729,3,3
206,730,3,3
206,731,3,3
206,732,3,3
206,733,3,3
206,734,3,3
206,735,3,3
206,736,3,3
206,737,3,3
206,738,3,3
206,739,3,3
206,740,3,3
206,741,3,3
206,742,3,3
206,743,3,3
206,744,3,3
206,745,3,3
206,746,3,3
206,747,3,3
206,748,3,3
206,749,3,3
206,750,3,3
206,751,3,3
206,752,3,3
206,753,3,2
206,754,3,2
206,755,3,2
206,756,3,2
206,757,3,2
206,758,3,2
206,759,3,2
206,760,3,2
206,761,3,2
206,762,3,2
206,763,3,2
206,764,3,2
206,765,3,2
206,766,3,2
206,767,3,2
206,768,3,2
206,769,3,2
206,770,3,2
206,771,3,2
206,772,3,2
206,773,3,2
206,774,3,2
206,775,3,2
206,776,3,2
206,777,3,2
206,778,3,2
206,779,3,2
206,780,3,2
206,781,3,2
206,782,3,2
206,783,3,2
206,784,3,2
206,785,3,2
206,786,3,2
206,787,3,2
206,788,3,2
206,789,3,2
206,790,3,2
206,791,3,2
206,792,3,2
206,793,3,2
207,138,3,2
207,139,3,2
207,140,3,2
207,141,3,2
207,142,3,2
207,143,3,2
207,144,3,2
207,145,3,2
207,146,3,2
207,147,3,2
207,148,3,2
207,149,3,2
207,150,3,2
207,151,3,2
207,152,3,2
207,153,3,2
207,154,3,2
207,155,3,2
207,156,3,2
207,157,3,2
207,158,3,2
207,159,3,2
207,160,3,2
207,161,3,2
207,162,3,2
207,163,3,2
207,164,3,2
207,165,3,2
207,166,3,2
207,167,3,2
207,168,3,2
207,169,3,2
207,170,3,2
207,171,3,2
207,172,3,2
207,173,3,2
207,174,3,2
207,175,3,2
207,176,3,2
207,177,3,2
207,178,3,2
207,179,3,2
207,180,3,2
207,181,3,2
207,182,3,2
207,183,3,2
207,184,3,2
207,185,3,2
207,186,3,2
207,187,3,2
207,188,3,2
207,189,3,2
207,190,3,2
207,191,3,2
207,192,3,2
207,193,3,2
207,194,3,2
207,195,3,2
207,196,3,2
207,197,3,2
207,198,3,2
207,199,3,2
207,200,3,2
207,201,3,2
207,202,3,2
207,203,3,2
207,204,3,2
207,205,3,2
207,206,3,2
207,207,3,2
207,208,3,2
207,209,3,2
207,210,3,2
207,211,3,2
207,212,3,2
207,213,3,2
207,214,3,2
207,215,3,2
207,216,3,2
207,217,3,2
207,218,3,2
207,219,3,2
207,220,3,2
207,221,3,2
207,222,3,2
207,223,3,2
207,224,3,2
207,225,3,2
207,226,3,2
207,227,3,2
207,228,3,2
207,229,3,2
207,230,3,2
207,231,3,2
207,232,3,2
207,233,3,2
207,234,3,2
207,235,3,2
207,236,3,2
207,237,3,2
207,238,3,2
207,239,3,2
207,240,3,2
207,241,3,2
207,242,3,2
207,243,3,2
207,244,3,2
207,245,3,2
207,246,3,2
207,247,3,2
207,248,3,2
207,249,3,2
207,250,3,2
207,251,3,2
207,252,3,2
207,253,3,2
207,254,3,2
207,255,3,2
207,256,3,2
207,257,3,2
207,258,3,2
207,259,3,2
207,260,3,2
207,261,3,2
207,262,3,2
207,263,3,2
207,264,3,2
207,265,3,2
207,266,3,2
207,267,3,2
207,268,3,2
207,269,3,2
207,270,3,2
207,271,3,2
207,272,3,2
207,273,3,2
207,274,3,2
207,275,3,2
207,276,3,2
207,277,3,2
207,278,3,2
207,279,3,2
207,280,3,2
207,281,3,2
207,282,3,2
207,283,3,2
207,284,3,2
207,285,3,2
207,286,3,2
207,287,3,2
207,288,3,2
207,289,3,2
207,290,3,2
207,291,3,2
207,292,3,2
207,293,3,2
207,294,3,2
207,295,3,2
207,296,3,2
207,297,3,2
207,298,3,2
207,299,3,2
207,300,3,2
207,301,3,2
207,302,3,2
207,303,3,2
207,304,3,2
207,305,3,2
207,306,3,2
207,307,3,2
207,308,3,2
207,309,3,2
207,310,3,2
207,311,3,2
207,312,3,2
207,313,3,2
207,314,3,2
207,315,3,2
207,316,3,2
207,317,3,2
207,318,3,2
207,319,3,2
207,320,3,2
207,321,3,2
207,322,3,2
207,323,3,2
207,324,3,2
207,325,3,2
207,326,3,2
207,327,3,2
207,328,3,2
207,329,3,2
207,330,3,2
207,331,3,2
207,332,3,2
207,333,3,2
207,334,3,2
207,335,3,2
207,336,3,2
207,337,3,2
207,338,3,2
207,339,3,2
207,340,3,2
207,341,3,2
207,342,3,2
207,343,3,2
207,344,3,2
207,345,3,2
207,346,3,2
207,347,3,2
207,348,3,2
207,349,3,2
207,350,3,2
207,351,3,2
207,352,3,2
207,353,3,2
207,354,3,2
207,355,3,2
207,356,3,2
207,357,3,2
207,358,3,2
207,359,3,2
207,360,3,2
207,361,3,2
207,362,3,2
207,363,3,2
207,364,3,2
207,365,3,2
207,366,3,2
207,367,3,2
207,368,3,2
207,369,3,2
207,370,3,2
207,371,3,2
207,372,3,2
207,373,3,2
207,374,3,2
207,375,3,2
207,376,3,2
207,377,3,2
207,378,3,2
207,379,3,2
207,380,3,2
207,381,3,2
207,382,3,2
207,383,3,2
207,384,3,2
207,385,3,2
207,386,3,2
207,387,3,2
207,388,3,2
207,389,3,2
207,390,3,2
207,391,3,2
207,392,3,2
207,393,3,2
207,394,3,2
207,395,3,2
207,396,3,2
207,397,3,2
207,398,3,2
207,399,3,2
207,400,3,2
207,401,3,2
207,402,3,2
207,403,3,2
207,404,3,2
207,405,3,2
207,406,3,2
207,407,3,2
207,408,3,2
207,409,3,2
207,410,3,2
207,411,3,2
207,412,3,2
207,413,3,2
207,414,3,2
207,415,3,2
207,416,3,2
207,417,3,2
207,418,3,2
207,419,3,2
207,420,3,2
207,421,3,2
207,422,3,2
207,423,3,2
207,424,3,2
207,425,3,2
207,426,3,2
207,427,3,2
207,428,3,2
207,429,3,2
207,430,3,2
207,431,3,2
207,432,3,2
207,433,3,2
207,434,3,2
207,435,3,2
207,436,3,2
207,437,3,2
207,438,3,2
207,439,3,2
207,440,3,2
207,441,3,2
207,442,3,2
207,443,3,2
207,444,3,2
207,445,3,2
207,446,3,2
207,447,3,2
207,448,3,2
207,449,3,2
207,450,3,2
207,451,3,2
207,452,3,2
207,453,3,2
207,454,3,2
207,455,3,2
207,456,3,2
207,457,3,2
207,458,3,2
207,459,3,2
207,460,3,2
207,461,3,2
207,462,3,2
207,463,3,2
207,464,3,2
207,465,3,2
207,466,3,2
207,467,3,2
207,468,3,2
207,469,3,2
207,470,3,2
207,471,3,2
207,472,3,2
207,473,3,2
207,474,3,2
207,475,3,2
207,476,3,2
207,477,3,2
207,478,3,3
207,479,3,3
207,480,3,3
207,481,3,3
207,482,3,3
207,483,3,3
207,484,3,3
207,485,3,3
207,486,3,3
207,487,3,3
207,488,3,3
207,489,3,3
207,490,3,3
207,491,3,3
207,492,3,3
207,493,3,3
207,494,3,3
207,495,3,3
207,496,3,3
207,497,3,3
207,498,3,3
207,499,3,3
207,500,3,3
207,501,3,3
207,502,3,3
207,503,3,3
207,504,3,3
207,505,3,3
207,506,3,3
207,507,3,3
207,508,3,3
207,509,3,3
207,510,3,3
207,511,3,3
207,512,3,3
207,513,3,3
207,514,3,3
207,515,3,3
207,516,3,3
207,517,3,3
207,518,3,3
207,519,3,3
207,520,3,3
207,521,3,3
207,522,3,3
207,523,3,3
207,524,3,3
207,525,3,3
207,526,3,3
207,527,3,3
207,528,3,3
207,529,3,3
207,530,3,3
207,531,3,3
207,532,3,3
207,533,3,3
207,534,3,3
207,535,3,3
207,536,3,3
207,537,3,3
207,538,3,3
207,539,3,3
207,540,3,3
207,541,3,3
207,542,3,3
207,543,3,3
207,544,3,3
207,545,3,3
207,546,3,3
207,547,3,3
207,548,3,3
207,549,3,3
207,550,3,3
207,551,3,3
207,552,3,3
207,553,3,3
207,554,3,3
207,555,3,3
207,556,3,3
207,557,3,3
207,558,3,3
207,559,3,3
207,560,3,3
207,561,3,3
207,562,3,3
207,563,3,3
207,564,3,3
207,565,3,3
207,566,3,3
207,567,3,3
207,568,3,3
207,569,3,3
207,570,3,3
207,571,3,3
207,572,3,3
207,573,3,3
207,574,3,3
207,575,3,3
207,576,3,3
207,577,3,3
207,578,3,3
207,579,3,3
207,580,3,3
207,581,3,3
207,582,3,3
207,583,3,3
207,584,3,3
207,585,3,3
207,586,3,3
207,587,3,3
207,588,3,3
207,589,3,3
207,590,3,3
207,591,3,3
207,592,3,3
207,593,3,3
207,594,3,3
207,595,3,3
207,596,3,3
207,597,3,3
207,598,3,3
207,599,3,3
207,600,3,3
207,601,3,3
207,602,3,3
207,603,3,3
207,604,3,3
207,605,3,3
207,606,3,3
207,607,3,3
207,608,3,3
207,609,3,3
207,610,3,3
207,611,3,3
207,612,3,3
207,613,3,3
207,614,3,3
207,615,3,3
207,616,3,3
207,617,3,3
207,618,3,3
207,619,3,3
207,620,3,3
207,621,3,3
207,622,3,3
207,623,3,3
207,624,3,3
207,625,3,3
207,626,3,3
207,627,3,3
207,628,3,3
207,629,3,3
207,630,3,3
207,631,3,3
207,632,3,3
207,633,3,3
207,634,3,3
207,635,3,3
207,636,3,3
207,637,3,3
207,638,3,3
207,639,3,3
207,640,3,3
207,641,3,3
207,642,3,3
207,643,3,3
207,644,3,3
207,645,3,3
207,646,3,3
207,647,3,3
207,648,3,3
207,649,3,3
207,650,3,3
207,651,3,3
207,652,3,3
207,653,3,3
207,654,3,3
207,655,3,3
207,656,3,3
207,657,3,3
207,658,3,3
207,659,3,3
207,660,3,3
207,661,3,3
207,662,3,3
207,663,3,3
207,664,3,3
207,665,3,3
207,666,3,3
207,667,3,3
207,668,3,3
207,669,3,3
207,670,3,3
207,671,3,3
207,672,3,3
207,673,3,3
207,674,3,3
207,675,3,3
207,676,3,3
207,677,3,3
207,678,3,3
207,679,3,3
207,680,3,3
207,681,3,3
207,682,3,3
207,683,3,3
207,684,3,3
207,685,3,3
207,686,3,3
207,687,3,3
207,688,3,3
207,689,3,3
207,690,3,3
207,691,3,3
207,692,3,3
207,693,3,3
207,694,3,3
207,695,3,3
207,696,3,3
207,697,3,2
207,698,3,2
207,699,3,2
207,700,3,2
207,701,3,2
207,702,3,2
207,703,3,2
207,704,3,2
207,705,3,2
207,706,3,2
207,707,3,2
207,708,3,2
207,709,3,2
207,710,3,2
207,711,3,2
207,712,3,2
207,713,3,2
207,714,3,2
207,715,3,2
207,716,3,2
207,717,3,2
207,718,3,3
207,719,3,3
207,720,3,3
207,721,3,3
207,722,3,3
207,723,3,3
207,724,3,3
207,725,3,3
207,726,3,3
207,727,3,3
207,728,3,3
207,729,3,3
207,730,3,3
207,731,3,3
207,732,3,3
207,733,3,3
207,734,3,3
207,735,3,3
207,736,3,3
207,737,3,3
207,738,3,3
207,739,3,3
207,740,3,3
207,741,3,3
207,742,3,3
207,743,3,3
207,744,3,3
207,745,3,3
207,746,3,3
207,747,3,3
207,748,3,3
207,749,3,3
207,750,3,3
207,751,3,3
207,752,3,3
207,753,3,3
207,754,3,2
207,755,3,2
207,756,3,2
207,757,3,2
207,758,3,2
207,759,3,2
207,760,3,2
207,761,3,2
207,762,3,2
207,763,3,2
207,764,3,2
207,765,3,2
207,766,3,2
207,767,3,2
207,768,3,2
207,769,3,2
207,770,3,2
207,771,3,2
207,772,3,2
207,773,3,2
207,774,3,2
207,775,3,2
207,776,3,2
207,777,3,2
207,778,3,2
207,779,3,2
207,780,3,2
207,781,3,2
207,782,3,2
207,783,3,2
207,784,3,2
207,785,3,2
207,786,3,2
207,787,3,2
207,788,3,2
207,789,3,2
207,790,3,2
207,791,3,2
207,792,3,2
207,793,3,2
208,137,3,2
208,138,3,2
208,139,3,2
208,140,3,2
208,141,3,2
208,142,3,2
208,143,3,2
208,144,3,2
208,145,3,2
208,146,3,2
208,147,3,2
208,148,3,2
208,149,3,2
208,150,3,2
208,151,3,2
208,152,3,2
208,153,3,2
208,154,3,2
208,155,3,2
208,156,3,2
208,157,3,2
208,158,3,2
208,159,3,2
208,160,3,2
208,161,3,2
208,162,3,2
208,163,3,2
208,164,3,2
208,165,3,2
208,166,3,2
208,167,3,2
208,168,3,2
208,169,3,2
208,170,3,2
208,171,3,2
208,172,3,2
208,173,3,2
208,174,3,2
208,175,3,2
208,176,3,2
208,177,3,2
208,178,3,2
208,179,3,2
208,180,3,2
208,181,3,2
208,182,3,2
208,183,3,2
208,184,3,2
208,185,3,2
208,186,3,2
208,187,3,2
208,188,3,2
208,189,3,2
208,190,3,2
208,191,3,2
208,192,3,2
208,193,3,2
208,194,3,2
208,195,3,2
208,196,3,2
208,197,3,2
208,198,3,2
208,199,3,2
208,200,3,2
208,201,3,2
208,202,3,2
208,203,3,2
208,204,3,2
208,205,3,2
208,206,3,2
208,207,3,2
208,208,3,2
208,209,3,2
208,210,3,2
208,211,3,2
208,212,3,2
208,213,3,2
208,214,3,2
208,215,3,2
208,216,3,2
208,217,3,2
208,218,3,2
208,219,3,2
208,220,3,2
208,221,3,2
208,222,3,2
208,223,3,2
208,224,3,2
208,225,3,2
208,226,3,2
208,227,3,2
208,228,3,2
208,229,3,2
208,230,3,2
208,231,3,2
208,232,3,2
208,233,3,2
208,234,3,2
208,235,3,2
208,236,3,2
208,237,3,2
208,238,3,2
208,239,3,2
208,240,3,2
208,241,3,2
208,242,3,2
208,243,3,2
208,244,3,2
208,245,3,2
208,246,3,2
208,247,3,2
208,248,3,2
208,249,3,2
208,250,3,2
208,251,3,2
208,252,3,2
208,253,3,2
208,254,3,2
208,255,3,2
208,256,3,2
208,257,3,2
208,258,3,2
208,259,3,2
208,260,3,2
208,261,3,2
208,262,3,2
208,263,3,2
208,264,3,2
208,265,3,2
208,266,3,2
208,267,3,2
208,268,3,2
208,269,3,2
208,270,3,2
208,271,3,2
208,272,3,2
208,273,3,2
208,274,3,2
208,275,3,2
208,276,3,2
208,277,3,2
208,278,3,2
208,279,3,2
208,280,3,2
208,281,3,2
208,282,3,2
208,283,3,2
208,284,3,2
208,285,3,2
208,286,3,2
208,287,3,2
208,288,3,2
208,289,3,2
208,290,3,2
208,291,3,2
208,292,3,2
208,293,3,2
208,294,3,2
208,295,3,2
208,296,3,2
208,297,3,2
208,298,3,2
208,299,3,2
208,300,3,2
208,301,3,2
208,302,3,2
208,303,3,2
208,304,3,2
208,305,3,2
208,306,3,2
208,307,3,2
208,308,3,2
208,309,3,2
208,310,3,2
208,311,3,2
208,312,3,2
208,313,3,2
208,314,3,2
208,315,3,2
208,316,3,2
208,317,3,2
208,318,3,2
208,319,3,2
208,320,3,2
208,321,3,2
208,322,3,2
208,323,3,2
208,324,3,2
208,325,3,2
208,326,3,2
208,327,3,2
208,328,3,2
208,329,3,2
208,330,3,2
208,331,3,2
208,332,3,2
208,333,3,2
208,334,3,2
208,335,3,2
208,336,3,2
208,337,3,2
208,338,3,2
208,339,3,2
208,340,3,2
208,341,3,2
208,342,3,2
208,343,3,2
208,344,3,2
208,345,3,2
208,346,3,2
208,347,3,2
208,348,3,2
208,349,3,2
208,350,3,2
208,351,3,2
208,352,3,2
208,353,3,2
208,354,3,2
208,355,3,2
208,356,3,2
208,357,3,2
208,358,3,2
208,359,3,2
208,360,3,2
208,361,3,2
208,362,3,2
208,363,3,2
208,364,3,2
208,365,3,2
208,366,3,2
208,367,3,2
208,368,3,2
208,369,3,2
208,370,3,2
208,371,3,2
208,372,3,2
208,373,3,2
208,374,3,2
208,375,3,2
208,376,3,2
208,377,3,2
208,378,3,2
208,379,3,2
208,380,3,2
208,381,3,2
208,382,3,2
208,383,3,2
208,384,3,2
208,385,3,2
208,386,3,2
208,387,3,2
208,388,3,2
208,389,3,2
208,390,3,2
208,391,3,2
208,392,3,2
208,393,3,2
208,394,3,2
208,395,3,2
208,396,3,2
208,397,3,2
208,398,3,2
208,399,3,2
208,400,3,2
208,401,3,2
208,402,3,2
208,403,3,2
208,404,3,2
208,405,3,2
208,406,3,2
208,407,3,2
208,408,3,2
208,409,3,2
208,410,3,2
208,411,3,2
208,412,3,2
208,413,3,2
208,414,3,2
208,415,3,2
208,416,3,2
208,417,3,2
208,418,3,2
208,419,3,2
208,420,3,2
208,421,3,2
208,422,3,2
208,423,3,2
208,424,3,2
208,425,3,2
208,426,3,2
208,427,3,2
208,428,3,2
208,429,3,2
208,430,3,2
208,431,3,2
208,432,3,2
208,433,3,2
208,434,3,2
208,435,3,2
208,436,3,2
208,437,3,2
208,438,3,2
208,439,3,2
208,440,3,2
208,441,3,2
208,442,3,2
208,443,3,2
208,444,3,2
208,445,3,2
208,446,3,2
208,447,3,2
208,448,3,2
208,449,3,2
208,450,3,2
208,451,3,2
208,452,3,2
208,453,3,2
208,454,3,2
208,455,3,2
208,456,3,2
208,457,3,2
208,458,3,2
208,459,3,2
208,460,3,2
208,461,3,2
208,462,3,2
208,463,3,2
208,464,3,2
208,465,3,2
208,466,3,2
208,467,3,2
208,468,3,2
208,469,3,2
208,470,3,2
208,471,3,2
208,472,3,2
208,473,3,2
208,474,3,2
208,475,3,2
208,476,3,2
208,477,3,3
208,478,3,3
208,479,3,3
208,480,3,3
208,481,3,3
208,482,3,3
208,483,3,3
208,484,3,3
208,485,3,3
208,486,3,3
208,487,3,3
208,488,3,3
208,489,3,3
208,490,3,3
208,491,3,3
208,492,3,3
208,493,3,3
208,494,3,3
208,495,3,3
208,496,3,3
208,497,3,3
208,498,3,3
208,499,3,3
208,500,3,3
208,501,3,3
208,502,3,3
208,503,3,3
208,504,3,3
208,505,3,3
208,506,3,3
208,507,3,3
208,508,3,3
208,509,3,3
208,510,3,3
208,511,3,3
208,512,3,3
208,513,3,3
208,514,3,3
208,515,3,3
208,516,3,3
208,517,3,3
208,518,3,3
208,519,3,3
208,520,3,3
208,521,3,3
208,522,3,3
208,523,3,3
208,524,3,3
208,525,3,3
208,526,3,3
208,527,3,3
208,528,3,3
208,529,3,3
208,530,3,3
208,531,3,3
208,532,3,3
208,533,3,3
208,534,3,3
208,535,3,3
208,536,3,3
208,537,3,3
208,538,3,3
208,539,3,3
208,540,3,3
208,541,3,3
208,542,3,3
208,543,3,3
208,544,3,3
208,545,3,3
208,546,3,3
208,547,3,3
208,548,3,3
208,549,3,3
208,550,3,3
208,551,3,3
208,552,3,3
208,553,3,3
208,554,3,3
208,555,3,3
208,556,3,3
208,557,3,3
208,558,3,3
208,559,3,3
208,560,3,3
208,561,3,3
208,562,3,3
208,563,3,3
208,564,3,3
208,565,3,3
208,566,3,3
208,567,3,3
208,568,3,3
208,569,3,3
208,570,3,3
208,571,3,3
208,572,3,3
208,573,3,3
208,574,3,3
208,575,3,3
208,576,3,3
208,577,3,3
208,578,3,3
208,579,3,3
208,580,3,3
208,581,3,3
208,582,3,3
208,583,3,3
208,584,3,3
208,585,3,3
208,586,3,3
208,587,3,3
208,588,3,3
208,589,3,3
208,590,3,3
208,591,3,3
208,592,3,3
208,593,3,3
208,594,3,3
208,595,3,3
208,596,3,3
208,597,3,3
208,598,3,3
208,599,3,3
208,600,3,3
208,601,3,3
208,602,3,3
208,603,3,3
208,604,3,3
208,605,3,3
208,606,3,3
208,607,3,3
208,608,3,3
208,609,3,3
208,610,3,3
208,611,3,3
208,612,3,3
208,613,3,3
208,614,3,3
208,615,3,3
208,616,3,3
208,617,3,3
208,618,3,3
208,619,3,3
208,620,3,3
208,621,3,3
208,622,3,3
208,623,3,3
208,624,3,3
208,625,3,3
208,626,3,3
208,627,3,3
208,628,3,3
208,629,3,3
208,630,3,3
208,631,3,3
208,632,3,3
208,633,3,3
208,634,3,3
208,635,3,3
208,636,3,3
208,637,3,3
208,638,3,3
208,639,3,3
208,640,3,3
208,641,3,3
208,642,3,3
208,643,3,3
208,644,3,3
208,645,3,3
208,646,3,3
208,647,3,3
208,648,3,3
208,649,3,3
208,650,3,3
208,651,3,3
208,652,3,3
208,653,3,3
208,654,3,3
208,655,3,3
208,656,3,3
208,657,3,3
208,658,3,3
208,659,3,3
208,660,3,3
208,661,3,3
208,662,3,3
208,663,3,3
208,664,3,3
208,665,3,3
208,666,3,3
208,667,3,3
208,668,3,3
208,669,3,3
208,670,3,3
208,671,3,3
208,672,3,3
208,673,3,3
208,674,3,3
208,675,3,3
208,676,3,3
208,677,3,3
208,678,3,3
208,679,3,3
208,680,3,3
208,681,3,3
208,682,3,3
208,683,3,3
208,684,3,3
208,685,3,3
208,686,3,3
208,687,3,3
208,688,3,3
208,689,3,3
208,690,3,3
208,691,3,3
208,692,3,3
208,693,3,3
208,694,3,3
208,695,3,3
208,696,3,3
208,697,3,2
208,698,3,2
208,699,3,2
208,700,3,2
208,701,3,2
208,702,3,2
208,703,3,2
208,704,3,2
208,705,3,2
208,706,3,2
208,707,3,2
208,708,3,2
208,709,3,2
208,710,3,2
208,711,3,2
208,712,3,2
208,713,3,2
208,714,3,2
208,715,3,2
208,716,3,2
208,717,3,2
208,718,3,3
208,719,3,3
208,720,3,3
208,721,3,3
208,722,3,3
208,723,3,3
208,724,3,3
208,725,3,3
208,726,3,3
208,727,3,3
208,728,3,3
208,729,3,3
208,730,3,3
208,731,3,3
208,732,3,3
208,733,3,3
208,734,3,3
208,735,3,3
208,736,3,3
208,737,3,3
208,738,3,3
208,739,3,3
208,740,3,3
208,741,3,3
208,742,3,3
208,743,3,3
208,744,3,3
208,745,3,3
208,746,3,3
208,747,3,3
208,748,3,3
208,749,3,3
208,750,3,3
208,751,3,3
208,752,3,3
208,753,3,3
208,754,3,2
208,755,3,2
208,756,3,2
208,757,3,2
208,758,3,2
208,759,3,2
208,760,3,2
208,761,3,2
208,762,3,2
208,763,3,2
208,764,3,2
208,765,3,2
208,766,3,2
208,767,3,2
208,768,3,2
208,769,3,2
208,770,3,2
208,771,3,2
208,772,3,2
208,773,3,2
208,774,3,2
208,775,3,2
208,776,3,2
208,777,3,2
208,778,3,2
208,779,3,2
208,780,3,2
208,781,3,2
208,782,3,2
208,783,3,2
208,784,3,2
208,785,3,2
208,786,3,2
208,787,3,2
208,788,3,2
208,789,3,2
208,790,3,2
208,791,3,2
208,792,3,2
208,793,3,2
209,135,3,2
209,136,3,2
209,137,3,2
209,138,3,2
209,139,3,2
209,140,3,2
209,141,3,2
209,142,3,2
209,143,3,2
209,144,3,2
209,145,3,2
209,146,3,2
209,147,3,2
209,148,3,2
209,149,3,2
209,150,3,2
209,151,3,2
209,152,3,2
209,153,3,2
209,154,3,2
209,155,3,2
209,156,3,2
209,157,3,2
209,158,3,2
209,159,3,2
209,160,3,2
209,161,3,2
209,162,3,2
209,163,3,2
209,164,3,2
209,165,3,2
209,166,3,2
209,167,3,2
209,168,3,2
209,169,3,2
209,170,3,2
209,171,3,2
209,172,3,2
209,173,3,2
209,174,3,2
209,175,3,2
209,176,3,2
209,177,3,2
209,178,3,2
209,179,3,2
209,180,3,2
209,181,3,2
209,182,3,2
209,183,3,2
209,184,3,2
209,185,3,2
209,186,3,2
209,187,3,2
209,188,3,2
209,189,3,2
209,190,3,2
209,191,3,2
209,192,3,2
209,193,3,2
209,194,3,2
209,195,3,2
209,196,3,2
209,197,3,2
209,198,3,2
209,199,3,2
209,200,3,2
209,201,3,2
209,202,3,2
209,203,3,2
209,204,3,2
209,205,3,2
209,206,3,2
209,207,3,2
209,208,3,2
209,209,3,2
209,210,3,2
209,211,3,2
209,212,3,2
209,213,3,2
209,214,3,2
209,215,3,2
209,216,3,2
209,217,3,2
209,218,3,2
209,219,3,2
209,220,3,2
209,221,3,2
209,222,3,2
209,223,3,2
209,224,3,2
209,225,3,2
209,226,3,2
209,227,3,2
209,228,3,2
209,229,3,2
209,230,3,2
209,231,3,2
209,232,3,2
209,233,3,2
209,234,3,2
209,235,3,2
209,236,3,2
209,237,3,2
209,238,3,2
209,239,3,2
209,240,3,2
209,241,3,2
209,242,3,2
209,243,3,2
209,244,3,2
209,245,3,2
209,246,3,2
209,247,3,2
209,248,3,2
209,249,3,2
209,250,3,2
209,251,3,2
209,252,3,2
209,253,3,2
209,254,3,2
209,255,3,2
209,256,3,2
209,257,3,2
209,258,3,2
209,259,3,2
209,260,3,2
209,261,3,2
209,262,3,2
209,263,3,2
209,264,3,2
209,265,3,2
209,266,3,2
209,267,3,2
209,268,3,2
209,269,3,2
209,270,3,2
209,271,3,2
209,272,3,2
209,273,3,2
209,274,3,2
209,275,3,2
209,276,3,2
209,277,3,2
209,278,3,2
209,279,3,2
209,280,3,2
209,281,3,2
209,282,3,2
209,283,3,2
209,284,3,2
209,285,3,2
209,286,3,2
209,287,3,2
209,288,3,2
209,289,3,2
209,290,3,2
209,291,3,2
209,292,3,2
209,293,3,2
209,294,3,2
209,295,3,2
209,296,3,2
209,297,3,2
209,298,3,2
209,299,3,2
209,300,3,2
209,301,3,2
209,302,3,2
209,303,3,2
209,304,3,2
209,305,3,2
209,306,3,2
209,307,3,2
209,308,3,2
209,309,3,2
209,310,3,2
209,311,3,2
209,312,3,2
209,313,3,2
209,314,3,2
209,315,3,2
209,316,3,2
209,317,3,2
209,318,3,2
209,319,3,2
209,320,3,2
209,321,3,2
209,322,3,2
209,323,3,2
209,324,3,2
209,325,3,2
209,326,3,2
209,327,3,2
209,328,3,2
209,329,3,2
209,330,3,2
209,331,3,2
209,332,3,2
209,333,3,2
209,334,3,2
209,335,3,2
209,336,3,2
209,337,3,2
209,338,3,2
209,339,3,2
209,340,3,2
209,341,3,2
209,342,3,2
209,343,3,2
209,344,3,2
209,345,3,2
209,346,3,2
209,347,3,2
209,348,3,2
209,349,3,2
209,350,3,2
209,351,3,2
209,352,3,2
209,353,3,2
209,354,3,2
209,355,3,2
209,356,3,2
209,357,3,2
209,358,3,2
209,359,3,2
209,360,3,2
209,361,3,2
209,362,3,2
209,363,3,2
209,364,3,2
209,365,3,2
209,366,3,2
209,367,3,2
209,368,3,2
209,369,3,2
209,370,3,2
209,371,3,2
209,372,3,2
209,373,3,2
209,374,3,2
209,375,3,2
209,376,3,2
209,377,3,2
209,378,3,2
209,379,3,2
209,380,3,2
209,381,3,2
209,382,3,2
209,383,3,2
209,384,3,2
209,385,3,2
209,386,3,2
209,387,3,2
209,388,3,2
209,389,3,2
209,390,3,2
209,391,3,2
209,392,3,2
209,393,3,2
209,394,3,2
209,395,3,2
209,396,3,2
209,397,3,2
209,398,3,2
209,399,3,2
209,400,3,2
209,401,3,2
209,402,3,2
209,403,3,2
209,404,3,2
209,405,3,2
209,406,3,2
209,407,3,2
209,408,3,2
209,409,3,2
209,410,3,2
209,411,3,2
209,412,3,2
209,413,3,2
209,414,3,2
209,415,3,2
209,416,3,2
209,417,3,2
209,418,3,2
209,419,3,2
209,420,3,2
209,421,3,2
209,422,3,2
209,423,3,2
209,424,3,2
209,425,3,2
209,426,3,2
209,427,3,2
209,428,3,2
209,429,3,2
209,430,3,2
209,431,3,2
209,432,3,2
209,433,3,2
209,434,3,2
209,435,3,2
209,436,3,2
209,437,3,2
209,438,3,2
209,439,3,2
209,440,3,2
209,441,3,2
209,442,3,2
209,443,3,2
209,444,3,2
209,445,3,2
209,446,3,2
209,447,3,2
209,448,3,2
209,449,3,2
209,450,3,2
209,451,3,2
209,452,3,2
209,453,3,2
209,454,3,2
209,455,3,2
209,456,3,2
209,457,3,2
209,458,3,2
209,459,3,2
209,460,3,2
209,461,3,2
209,462,3,2
209,463,3,2
209,464,3,2
209,465,3,2
209,466,3,2
209,467,3,2
209,468,3,2
209,469,3,2
209,470,3,2
209,471,3,2
209,472,3,2
209,473,3,2
209,474,3,2
209,475,3,2
209,476,3,2
209,477,3,3
209,478,3,3
209,479,3,3
209,480,3,3
209,481,3,3
209,482,3,3
209,483,3,3
209,484,3,3
209,485,3,3
209,486,3,3
209,487,3,3
209,488,3,3
209,489,3,3
209,490,3,3
209,491,3,3
209,492,3,3
209,493,3,3
209,494,3,3
209,495,3,3
209,496,3,3
209,497,3,3
209,498,3,3
209,499,3,3
209,500,3,3
209,501,3,3
209,502,3,3
209,503,3,3
209,504,3,3
209,505,3,3
209,506,3,3
209,507,3,3
209,508,3,3
209,509,3,3
209,510,3,3
209,511,3,3
209,512,3,3
209,513,3,3
209,514,3,3
209,515,3,3
209,516,3,3
209,517,3,3
209,518,3,3
209,519,3,3
209,520,3,3
209,521,3,3
209,522,3,3
209,523,3,3
209,524,3,3
209,525,3,3
209,526,3,3
209,527,3,3
209,528,3,3
209,529,3,3
209,530,3,3
209,531,3,3
209,532,3,3
209,533,3,3
209,534,3,3
209,535,3,3
209,536,3,3
209,537,3,3
209,538,3,3
209,539,3,3
209,540,3,3
209,541,3,3
209,542,3,3
209,543,3,3
209,544,3,3
209,545,3,3
209,546,3,3
209,547,3,3
209,548,3,3
209,549,3,3
209,550,3,3
209,551,3,3
209,552,3,3
209,553,3,3
209,554,3,3
209,555,3,3
209,556,3,3
209,557,3,3
209,558,3,3
209,559,3,3
209,560,3,3
209,561,3,3
209,562,3,3
209,563,3,3
209,564,3,3
209,565,3,3
209,566,3,3
209,567,3,3
209,568,3,3
209,569,3,3
209,570,3,3
209,571,3,3
209,572,3,3
209,573,3,3
209,574,3,3
209,575,3,3
209,576,3,3
209,577,3,3
209,578,3,3
209,579,3,3
209,580,3,3
209,581,3,3
209,582,3,3
209,583,3,3
209,584,3,3
209,585,3,3
209,586,3,3
209,587,3,3
209,588,3,3
209,589,3,3
209,590,3,3
209,591,3,3
209,592,3,3
209,593,3,3
209,594,3,3
209,595,3,3
209,596,3,3
209,597,3,3
209,598,3,3
209,599,3,3
209,600,3,3
209,601,3,3
209,602,3,3
209,603,3,3
209,604,3,3
209,605,3,3
209,606,3,3
209,607,3,3
209,608,3,3
209,609,3,3
209,610,3,3
209,611,3,3
209,612,3,3
209,613,3,3
209,614,3,3
209,615,3,3
209,616,3,3
209,617,3,3
209,618,3,3
209,619,3,3
209,620,3,3
209,621,3,3
209,622,3,3
209,623,3,3
209,624,3,3
209,625,3,3
209,626,3,3
209,627,3,3
209,628,3,3
209,629,3,3
209,630,3,3
209,631,3,3
209,632,3,3
209,633,3,3
209,634,3,3
209,635,3,3
209,636,3,3
209,637,3,3
209,638,3,3
209,639,3,3
209,640,3,3
209,641,3,3
209,642,3,3
209,643,3,3
209,644,3,3
209,645,3,3
209,646,3,3
209,647,3,3
209,648,3,3
209,649,3,3
209,650,3,3
209,651,3,3
209,652,3,3
209,653,3,3
209,654,3,3
209,655,3,3
209,656,3,3
209,657,3,3
209,658,3,3
209,659,3,3
209,660,3,3
209,661,3,3
209,662,3,3
209,663,3,3
209,664,3,3
209,665,3,3
209,666,3,3
209,667,3,3
209,668,3,3
209,669,3,3
209,670,3,3
209,671,3,3
209,672,3,3
209,673,3,3
209,674,3,3
209,675,3,3
209,676,3,3
209,677,3,3
209,678,3,3
209,679,3,3
209,680,3,3
209,681,3,3
209,682,3,3
209,683,3,3
209,684,3,3
209,685,3,3
209,686,3,3
209,687,3,3
209,688,3,3
209,689,3,3
209,690,3,3
209,691,3,3
209,692,3,3
209,693,3,3
209,694,3,3
209,695,3,3
209,696,3,3
209,697,3,2
209,698,3,2
209,699,3,2
209,700,3,2
209,701,3,2
209,702,3,2
209,703,3,2
209,704,3,2
209,705,3,2
209,706,3,2
209,707,3,2
209,708,3,2
209,709,3,2
209,710,3,2
209,711,3,2
209,712,3,2
209,713,3,2
209,714,3,2
209,715,3,2
209,716,3,2
209,717,3,2
209,718,3,2
209,719,3,2
209,720,3,2
209,721,3,3
209,722,3,3
209,723,3,3
209,724,3,2
209,725,3,2
209,726,3,2
209,727,3,2
209,728,3,3
209,729,3,3
209,730,3,3
209,731,3,3
209,732,3,3
209,733,3,3
209,734,3,3
209,735,3,3
209,736,3,3
209,737,3,3
209,738,3,3
209,739,3,3
209,740,3,3
209,741,3,3
209,742,3,3
209,743,3,3
209,744,3,3
209,745,3,3
209,746,3,3
209,747,3,3
209,748,3,3
209,749,3,3
209,750,3,3
209,751,3,3
209,752,3,3
209,753,3,3
209,754,3,3
209,755,3,2
209,756,3,2
209,757,3,2
209,758,3,2
209,759,3,2
209,760,3,2
209,761,3,2
209,762,3,2
209,763,3,2
209,764,3,2
209,765,3,2
209,766,3,2
209,767,3,2
209,768,3,2
209,769,3,2
209,770,3,2
209,771,3,2
209,772,3,2
209,773,3,2
209,774,3,2
209,775,3,2
209,776,3,2
209,777,3,2
209,778,3,2
209,779,3,2
209,780,3,2
209,781,3,2
209,782,3,2
209,783,3,2
209,784,3,2
209,785,3,2
209,786,3,2
209,787,3,2
209,788,3,2
209,789,3,2
209,790,3,2
209,791,3,2
209,792,3,2
209,793,3,2
210,135,3,2
210,136,3,2
210,137,3,2
210,138,3,2
210,139,3,2
210,140,3,2
210,141,3,2
210,142,3,2
210,143,3,2
210,144,3,2
210,145,3,2
210,146,3,2
210,147,3,2
210,148,3,2
210,149,3,2
210,150,3,2
210,151,3,2
210,152,3,2
210,153,3,2
210,154,3,2
210,155,3,2
210,156,3,2
210,157,3,2
210,158,3,2
210,159,3,2
210,160,3,2
210,161,3,2
210,162,3,2
210,163,3,2
210,164,3,2
210,165,3,2
210,166,3,2
210,167,3,2
210,168,3,2
210,169,3,2
210,170,3,2
210,171,3,2
210,172,3,2
210,173,3,2
210,174,3,2
210,175,3,2
210,176,3,2
210,177,3,2
210,178,3,2
210,179,3,2
210,180,3,2
210,181,3,2
210,182,3,2
210,183,3,2
210,184,3,2
210,185,3,2
210,186,3,2
210,187,3,2
210,188,3,2
210,189,3,2
210,190,3,2
210,191,3,2
210,192,3,2
210,193,3,2
210,194,3,2
210,195,3,2
210,196,3,2
210,197,3,2
210,198,3,2
210,199,3,2
210,200,3,2
210,201,3,2
210,202,3,2
210,203,3,2
210,204,3,2
210,205,3,2
210,206,3,2
210,207,3,2
210,208,3,2
210,209,3,2
210,210,3,2
210,211,3,2
210,212,3,2
210,213,3,2
210,214,3,2
210,215,3,2
210,216,3,2
210,217,3,2
210,218,3,2
210,219,3,2
210,220,3,2
210,221,3,2
210,222,3,2
210,223,3,2
210,224,3,2
210,225,3,2
210,226,3,2
210,227,3,2
210,228,3,2
210,229,3,2
210,230,3,2
210,231,3,2
210,232,3,2
210,233,3,2
210,234,3,2
210,235,3,2
210,236,3,2
210,237,3,2
210,238,3,2
210,239,3,2
210,240,3,2
210,241,3,2
210,242,3,2
210,243,3,2
210,244,3,2
210,245,3,2
210,246,3,2
210,247,3,2
210,248,3,2
210,249,3,2
210,250,3,2
210,251,3,2
210,252,3,2
210,253,3,2
210,254,3,2
210,255,3,2
210,256,3,2
210,257,3,2
210,258,3,2
210,259,3,2
210,260,3,2
210,261,3,2
210,262,3,2
210,263,3,2
210,264,3,2
210,265,3,2
210,266,3,2
210,267,3,2
210,268,3,2
210,269,3,2
210,270,3,2
210,271,3,2
210,272,3,2
210,273,3,2
210,274,3,2
210,275,3,2
210,276,3,2
210,277,3,2
210,278,3,2
210,279,3,2
210,280,3,2
210,281,3,2
210,282,3,2
210,283,3,2
210,284,3,2
210,285,3,2
210,286,3,2
210,287,3,2
210,288,3,2
210,289,3,2
210,290,3,2
210,291,3,2
210,292,3,2
210,293,3,2
210,294,3,2
210,295,3,2
210,296,3,2
210,297,3,2
210,298,3,2
210,299,3,2
210,300,3,2
210,301,3,2
210,302,3,2
210,303,3,2
210,304,3,2
210,305,3,2
210,306,3,2
210,307,3,2
210,308,3,2
210,309,3,2
210,310,3,2
210,311,3,2
210,312,3,2
210,313,3,2
210,314,3,2
210,315,3,2
210,316,3,2
210,317,3,2
210,318,3,2
210,319,3,2
210,320,3,2
210,321,3,2
210,322,3,2
210,323,3,2
210,324,3,2
210,325,3,2
210,326,3,2
210,327,3,2
210,328,3,2
210,329,3,2
210,330,3,2
210,331,3,2
210,332,3,2
210,333,3,2
210,334,3,2
210,335,3,2
210,336,3,2
210,337,3,2
210,338,3,2
210,339,3,2
210,340,3,2
210,341,3,2
210,342,3,2
210,343,3,2
210,344,3,2
210,345,3,2
210,346,3,2
210,347,3,2
210,348,3,2
210,349,3,2
210,350,3,2
210,351,3,2
210,352,3,2
210,353,3,2
210,354,3,2
210,355,3,2
210,356,3,2
210,357,3,2
210,358,3,2
210,359,3,2
210,360,3,2
210,361,3,2
210,362,3,2
210,363,3,2
210,364,3,2
210,365,3,2
210,366,3,2
210,367,3,2
210,368,3,2
210,369,3,2
210,370,3,2
210,371,3,2
210,372,3,2
210,373,3,2
210,374,3,2
210,375,3,2
210,376,3,2
210,377,3,2
210,378,3,2
210,379,3,2
210,380,3,2
210,381,3,2
210,382,3,2
210,383,3,2
210,384,3,2
210,385,3,2
210,386,3,2
210,387,3,2
210,388,3,2
210,389,3,2
210,390,3,2
210,391,3,2
210,392,3,2
210,393,3,2
210,394,3,2
210,395,3,2
210,396,3,2
210,397,3,2
210,398,3,2
210,399,3,2
210,400,3,2
210,401,3,2
210,402,3,2
210,403,3,2
210,404,3,2
210,405,3,2
210,406,3,2
210,407,3,2
210,408,3,2
210,409,3,2
210,410,3,2
210,411,3,2
210,412,3,2
210,413,3,2
210,414,3,2
210,415,3,2
210,416,3,2
210,417,3,2
210,418,3,2
210,419,3,2
210,420,3,2
210,421,3,2
210,422,3,2
210,423,3,2
210,424,3,2
210,425,3,2
210,426,3,2
210,427,3,2
210,428,3,2
210,429,3,2
210,430,3,2
210,431,3,2
210,432,3,2
210,433,3,2
210,434,3,2
210,435,3,2
210,436,3,2
210,437,3,2
210,438,3,2
210,439,3,2
210,440,3,2
210,441,3,2
210,442,3,2
210,443,3,2
210,444,3,2
210,445,3,2
210,446,3,2
210,447,3,2
210,448,3,2
210,449,3,2
210,450,3,2
210,451,3,2
210,452,3,2
210,453,3,2
210,454,3,2
210,455,3,2
210,456,3,2
210,457,3,2
210,458,3,2
210,459,3,2
210,460,3,2
210,461,3,2
210,462,3,2
210,463,3,2
210,464,3,2
210,465,3,2
210,466,3,2
210,467,3,2
210,468,3,2
210,469,3,2
210,470,3,2
210,471,3,2
210,472,3,2
210,473,3,2
210,474,3,2
210,475,3,2
210,476,3,3
210,477,3,3
210,478,3,3
210,479,3,3
210,480,3,3
210,481,3,3
210,482,3,3
210,483,3,3
210,484,3,3
210,485,3,3
210,486,3,3
210,487,3,3
210,488,3,3
210,489,3,3
210,490,3,3
210,491,3,3
210,492,3,3
210,493,3,3
210,494,3,3
210,495,3,3
210,496,3,3
210,497,3,3
210,498,3,3
210,499,3,3
210,500,3,3
210,501,3,3
210,502,3,3
210,503,3,3
210,504,3,3
210,505,3,3
210,506,3,3
210,507,3,3
210,508,3,3
210,509,3,3
210,510,3,3
210,511,3,3
210,512,3,3
210,513,3,3
210,514,3,3
210,515,3,3
210,516,3,3
210,517,3,3
210,518,3,3
210,519,3,3
210,520,3,3
210,521,3,3
210,522,3,3
210,523,3,3
210,524,3,3
210,525,3,3
210,526,3,3
210,527,3,3
210,528,3,3
210,529,3,3
210,530,3,3
210,531,3,3
210,532,3,3
210,533,3,3
210,534,3,3
210,535,3,3
210,536,3,3
210,537,3,3
210,538,3,3
210,539,3,3
210,540,3,3
210,541,3,3
210,542,3,3
210,543,3,3
210,544,3,3
210,545,3,3
210,546,3,3
210,547,3,3
210,548,3,3
210,549,3,3
210,550,3,3
210,551,3,3
210,552,3,3
210,553,3,3
210,554,3,3
210,555,3,3
210,556,3,3
210,557,3,3
210,558,3,3
210,559,3,3
210,560,3,3
210,561,3,3
210,562,3,3
210,563,3,3
210,564,3,3
210,565,3,3
210,566,3,3
210,567,3,3
210,568,3,3
210,569,3,3
210,570,3,3
210,571,3,3
210,572,3,3
210,573,3,3
210,574,3,3
210,575,3,3
210,576,3,3
210,577,3,3
210,578,3,3
210,579,3,3
210,580,3,3
210,581,3,3
210,582,3,3
210,583,3,3
210,584,3,3
210,585,3,3
210,586,3,3
210,587,3,3
210,588,3,3
210,589,3,3
210,590,3,3
210,591,3,3
210,592,3,3
210,593,3,3
210,594,3,3
210,595,3,3
210,596,3,3
210,597,3,3
210,598,3,3
210,599,3,3
210,600,3,3
210,601,3,3
210,602,3,3
210,603,3,3
210,604,3,3
210,605,3,3
210,606,3,3
210,607,3,3
210,608,3,3
210,609,3,3
210,610,3,3
210,611,3,3
210,612,3,3
210,613,3,3
210,614,3,3
210,615,3,3
210,616,3,3
210,617,3,3
210,618,3,3
210,619,3,3
210,620,3,3
210,621,3,3
210,622,3,3
210,623,3,3
210,624,3,3
210,625,3,3
210,626,3,3
210,627,3,3
210,628,3,3
210,629,3,3
210,630,3,3
210,631,3,3
210,632,3,3
210,633,3,3
210,634,3,3
210,635,3,3
210,636,3,3
210,637,3,3
210,638,3,3
210,639,3,3
210,640,3,3
210,641,3,3
210,642,3,3
210,643,3,3
210,644,3,3
210,645,3,3
210,646,3,3
210,647,3,3
210,648,3,3
210,649,3,3
210,650,3,3
210,651,3,3
210,652,3,3
210,653,3,3
210,654,3,3
210,655,3,3
210,656,3,3
210,657,3,3
210,658,3,3
210,659,3,3
210,660,3,3
210,661,3,3
210,662,3,3
210,663,3,3
210,664,3,3
210,665,3,3
210,666,3,3
210,667,3,3
210,668,3,3
210,669,3,3
210,670,3,3
210,671,3,3
210,672,3,3
210,673,3,3
210,674,3,3
210,675,3,3
210,676,3,3
210,677,3,3
210,678,3,3
210,679,3,3
210,680,3,3
210,681,3,3
210,682,3,3
210,683,3,3
210,684,3,3
210,685,3,3
210,686,3,3
210,687,3,3
210,688,3,3
210,689,3,3
210,690,3,3
210,691,3,3
210,692,3,3
210,693,3,3
210,694,3,3
210,695,3,3
210,696,3,3
210,697,3,2
210,698,3,2
210,699,3,2
210,700,3,2
210,701,3,2
210,702,3,2
210,703,3,2
210,704,3,2
210,705,3,2
210,706,3,2
210,707,3,2
210,708,3,2
210,709,3,2
210,710,3,2
210,711,3,2
210,712,3,2
210,713,3,2
210,714,3,2
210,715,3,2
210,716,3,2
210,717,3,2
210,718,3,2
210,719,3,2
210,720,3,2
210,721,3,2
210,722,3,3
210,723,3,2
210,724,3,2
210,725,3,2
210,726,3,2
210,727,3,2
210,728,3,2
210,729,3,2
210,730,3,3
210,731,3,3
210,732,3,3
210,733,3,3
210,734,3,3
210,735,3,3
210,736,3,3
210,737,3,3
210,738,3,3
210,739,3,3
210,740,3,3
210,741,3,3
210,742,3,3
210,743,3,3
210,744,3,3
210,745,3,3
210,746,3,3
210,747,3,3
210,748,3,3
210,749,3,3
210,750,3,3
210,751,3,3
210,752,3,3
210,753,3,3
210,754,3,3
210,755,3,2
210,756,3,2
210,757,3,2
210,758,3,2
210,759,3,2
210,760,3,2
210,761,3,2
210,762,3,2
210,763,3,2
210,764,3,2
210,765,3,2
210,766,3,2
210,767,3,2
210,768,3,2
210,769,3,2
210,770,3,2
210,771,3,2
210,772,3,2
210,773,3,2
210,774,3,2
210,775,3,2
210,776,3,2
210,777,3,2
210,778,3,2
210,779,3,2
210,780,3,2
210,781,3,2
210,782,3,2
210,783,3,2
210,784,3,2
210,785,3,2
210,786,3,2
210,787,3,2
210,788,3,2
210,789,3,2
210,790,3,2
210,791,3,2
210,792,3,2
210,793,3,2
211,134,3,2
211,135,3,2
211,136,3,2
211,137,3,2
211,138,3,2
211,139,3,2
211,140,3,2
211,141,3,2
211,142,3,2
211,143,3,2
211,144,3,2
211,145,3,2
211,146,3,2
211,147,3,2
211,148,3,2
211,149,3,2
211,150,3,2
211,151,3,2
211,152,3,2
211,153,3,2
211,154,3,2
211,155,3,2
211,156,3,2
211,157,3,2
211,158,3,2
211,159,3,2
211,160,3,2
211,161,3,2
211,162,3,2
211,163,3,2
211,164,3,2
211,165,3,2
211,166,3,2
211,167,3,2
211,168,3,2
211,169,3,2
211,170,3,2
211,171,3,2
211,172,3,2
211,173,3,2
211,174,3,2
211,175,3,2
211,176,3,2
211,177,3,2
211,178,3,2
211,179,3,2
211,180,3,2
211,181,3,2
211,182,3,2
211,183,3,2
211,184,3,2
211,185,3,2
211,186,3,2
211,187,3,2
211,188,3,2
211,189,3,2
211,190,3,2
211,191,3,2
211,192,3,2
211,193,3,2
211,194,3,2
211,195,3,2
211,196,3,2
211,197,3,2
211,198,3,2
211,199,3,2
211,200,3,2
211,201,3,2
211,202,3,2
211,203,3,2
211,204,3,2
211,205,3,2
211,206,3,2
211,207,3,2
211,208,3,2
211,209,3,2
211,210,3,2
211,211,3,2
211,212,3,2
211,213,3,2
211,214,3,2
211,215,3,2
211,216,3,2
211,217,3,2
211,218,3,2
211,219,3,2
211,220,3,2
211,221,3,2
211,222,3,2
211,223,3,2
211,224,3,2
211,225,3,2
211,226,3,2
211,227,3,2
211,228,3,2
211,229,3,2
211,230,3,2
211,231,3,2
211,232,3,2
211,233,3,2
211,234,3,2
211,235,3,2
211,236,3,2
211,237,3,2
211,238,3,2
211,239,3,2
211,240,3,2
211,241,3,2
211,242,3,2
211,243,3,2
211,244,3,2
211,245,3,2
211,246,3,2
211,247,3,2
211,248,3,2
211,249,3,2
211,250,3,2
211,251,3,2
211,252,3,2
211,253,3,2
211,254,3,2
211,255,3,2
211,256,3,2
211,257,3,2
211,258,3,2
211,259,3,2
211,260,3,2
211,261,3,2
211,262,3,2
211,263,3,2
211,264,3,2
211,265,3,2
211,266,3,2
211,267,3,2
211,268,3,2
211,269,3,2
211,270,3,2
211,271,3,2
211,272,3,2
211,273,3,2
211,274,3,2
211,275,3,2
211,276,3,2
211,277,3,2
211,278,3,2
211,279,3,2
211,280,3,2
211,281,3,2
211,282,3,2
211,283,3,2
211,284,3,2
211,285,3,2
211,286,3,2
211,287,3,2
211,288,3,2
211,289,3,2
211,290,3,2
211,291,3,2
211,292,3,2
211,293,3,2
211,294,3,2
211,295,3,2
211,296,3,2
211,297,3,2
211,298,3,2
211,299,3,2
211,300,3,2
211,301,3,2
211,302,3,2
211,303,3,2
211,304,3,2
211,305,3,2
211,306,3,2
211,307,3,2
211,308,3,2
211,309,3,2
211,310,3,2
211,311,3,2
211,312,3,2
211,313,3,2
211,314,3,2
211,315,3,2
211,316,3,2
211,317,3,2
211,318,3,2
211,319,3,2
211,320,3,2
211,321,3,2
211,322,3,2
211,323,3,2
211,324,3,2
211,325,3,2
211,326,3,2
211,327,3,2
211,328,3,2
211,329,3,2
211,330,3,2
211,331,3,2
211,332,3,2
211,333,3,2
211,334,3,2
211,335,3,2
211,336,3,2
211,337,3,2
211,338,3,2
211,339,3,2
211,340,3,2
211,341,3,2
211,342,3,2
211,343,3,2
211,344,3,2
211,345,3,2
211,346,3,2
211,347,3,2
211,348,3,2
211,349,3,2
211,350,3,2
211,351,3,2
211,352,3,2
211,353,3,2
211,354,3,2
211,355,3,2
211,356,3,2
211,357,3,2
211,358,3,2
211,359,3,2
211,360,3,2
211,361,3,2
211,362,3,2
211,363,3,2
211,364,3,2
211,365,3,2
211,366,3,2
211,367,3,2
211,368,3,2
211,369,3,2
211,370,3,2
211,371,3,2
211,372,3,2
211,373,3,2
211,374,3,2
211,375,3,2
211,376,3,2
211,377,3,2
211,378,3,2
211,379,3,2
211,380,3,2
211,381,3,2
211,382,3,2
211,383,3,2
211,384,3,2
211,385,3,2
211,386,3,2
211,387,3,2
211,388,3,2
211,389,3,2
211,390,3,2
211,391,3,2
211,392,3,2
211,393,3,2
211,394,3,2
211,395,3,2
211,396,3,2
211,397,3,2
211,398,3,2
211,399,3,2
211,400,3,2
211,401,3,2
211,402,3,2
211,403,3,2
211,404,3,2
211,405,3,2
211,406,3,2
211,407,3,2
211,408,3,2
211,409,3,2
211,410,3,2
211,411,3,2
211,412,3,2
211,413,3,2
211,414,3,2
211,415,3,2
211,416,3,2
211,417,3,2
211,418,3,2
211,419,3,2
211,420,3,2
211,421,3,2
211,422,3,2
211,423,3,2
211,424,3,2
211,425,3,2
211,426,3,2
211,427,3,2
211,428,3,2
211,429,3,2
211,430,3,2
211,431,3,2
211,432,3,2
211,433,3,2
211,434,3,2
211,435,3,2
211,436,3,2
211,437,3,2
211,438,3,2
211,439,3,2
211,440,3,2
211,441,3,2
211,442,3,2
211,443,3,2
211,444,3,2
211,445,3,2
211,446,3,2
211,447,3,2
211,448,3,2
211,449,3,2
211,450,3,2
211,451,3,2
211,452,3,2
211,453,3,2
211,454,3,2
211,455,3,2
211,456,3,2
211,457,3,2
211,458,3,2
211,459,3,2
211,460,3,2
211,461,3,2
211,462,3,2
211,463,3,2
211,464,3,2
211,465,3,2
211,466,3,2
211,467,3,2
211,468,3,2
211,469,3,2
211,470,3,2
211,471,3,2
211,472,3,2
211,473,3,2
211,474,3,2
211,475,3,2
211,476,3,3
211,477,3,3
211,478,3,3
211,479,3,3
211,480,3,3
211,481,3,3
211,482,3,3
211,483,3,3
211,484,3,3
211,485,3,3
211,486,3,3
211,487,3,3
211,488,3,3
211,489,3,3
211,490,3,3
211,491,3,3
211,492,3,3
211,493,3,3
211,494,3,3
211,495,3,3
211,496,3,3
211,497,3,3
211,498,3,3
211,499,3,3
211,500,3,3
211,501,3,3
211,502,3,3
211,503,3,3
211,504,3,3
211,505,3,3
211,506,3,3
211,507,3,3
211,508,3,3
211,509,3,3
211,510,3,3
211,511,3,3
211,512,3,3
211,513,3,3
211,514,3,3
211,515,3,3
211,516,3,3
211,517,3,3
211,518,3,3
211,519,3,3
211,520,3,3
211,521,3,3
211,522,3,3
211,523,3,3
211,524,3,3
211,525,3,3
211,526,3,3
211,527,3,3
211,528,3,3
211,529,3,3
211,530,3,3
211,531,3,3
211,532,3,3
211,533,3,3
211,534,3,3
211,535,3,3
211,536,3,3
211,537,3,3
211,538,3,3
211,539,3,3
211,540,3,3
211,541,3,3
211,542,3,3
211,543,3,3
211,544,3,3
211,545,3,3
211,546,3,3
211,547,3,3
211,548,3,3
211,549,3,3
211,550,3,3
211,551,3,3
211,552,3,3
211,553,3,3
211,554,3,3
211,555,3,3
211,556,3,3
211,557,3,3
211,558,3,3
211,559,3,3
211,560,3,3
211,561,3,3
211,562,3,3
211,563,3,3
211,564,3,3
211,565,3,3
211,566,3,3
211,567,3,3
211,568,3,3
211,569,3,3
211,570,3,3
211,571,3,3
211,572,3,3
211,573,3,3
211,574,3,3
211,575,3,3
211,576,3,3
211,577,3,3
211,578,3,3
211,579,3,3
211,580,3,3
211,581,3,3
211,582,3,3
211,583,3,3
211,584,3,3
211,585,3,3
211,586,3,3
211,587,3,3
211,588,3,3
211,589,3,3
211,590,3,3
211,591,3,3
211,592,3,3
211,593,3,3
211,594,3,3
211,595,3,3
211,596,3,3
211,597,3,3
211,598,3,3
211,599,3,3
211,600,3,3
211,601,3,3
211,602,3,3
211,603,3,3
211,604,3,3
211,605,3,3
211,606,3,3
211,607,3,3
211,608,3,3
211,609,3,3
211,610,3,3
211,611,3,3
211,612,3,3
211,613,3,3
211,614,3,3
211,615,3,3
211,616,3,3
211,617,3,3
211,618,3,3
211,619,3,3
211,620,3,3
211,621,3,3
211,622,3,3
211,623,3,3
211,624,3,3
211,625,3,3
211,626,3,3
211,627,3,3
211,628,3,3
211,629,3,3
211,630,3,3
211,631,3,3
211,632,3,3
211,633,3,3
211,634,3,3
211,635,3,3
211,636,3,3
211,637,3,3
211,638,3,3
211,639,3,3
211,640,3,3
211,641,3,3
211,642,3,3
211,643,3,3
211,644,3,3
211,645,3,3
211,646,3,3
211,647,3,3
211,648,3,3
211,649,3,3
211,650,3,3
211,651,3,3
211,652,3,3
211,653,3,3
211,654,3,3
211,655,3,3
211,656,3,3
211,657,3,3
211,658,3,3
211,659,3,3
211,660,3,3
211,661,3,3
211,662,3,3
211,663,3,3
211,664,3,3
211,665,3,3
211,666,3,3
211,667,3,3
211,668,3,3
211,669,3,3
211,670,3,3
211,671,3,3
211,672,3,3
211,673,3,3
211,674,3,3
211,675,3,3
211,676,3,3
211,677,3,3
211,678,3,3
211,679,3,3
211,680,3,3
211,681,3,3
211,682,3,3
211,683,3,3
211,684,3,3
211,685,3,3
211,686,3,3
211,687,3,3
211,688,3,3
211,689,3,3
211,690,3,3
211,691,3,3
211,692,3,3
211,693,3,3
211,694,3,3
211,695,3,3
211,696,3,3
211,697,3,2
211,698,3,2
211,699,3,2
211,700,3,2
211,701,3,2
211,702,3,2
211,703,3,2
211,704,3,2
211,705,3,2
211,706,3,2
211,707,3,2
211,708,3,2
211,709,3,2
211,710,3,2
211,711,3,2
211,712,3,2
211,713,3,2
211,714,3,2
211,715,3,2
211,716,3,2
211,717,3,2
211,718,3,2
211,719,3,2
211,720,3,2
211,721,3,2
211,722,3,2
211,723,3,2
211,724,3,2
211,725,3,2
211,726,3,2
211,727,3,2
211,728,3,2
211,729,3,2
211,730,3,3
211,731,3,3
211,732,3,3
211,733,3,3
211,734,3,3
211,735,3,3
211,736,3,3
211,737,3,3
211,738,3,3
211,739,3,3
211,740,3,3
211,741,3,3
211,742,3,3
211,743,3,3
211,744,3,3
211,745,3,3
211,746,3,3
211,747,3,3
211,748,3,3
211,749,3,3
211,750,3,3
211,751,3,3
211,752,3,3
211,753,3,3
211,754,3,3
211,755,3,2
211,756,3,2
211,757,3,2
211,758,3,2
211,759,3,2
211,760,3,2
211,761,3,2
211,762,3,2
211,763,3,2
211,764,3,2
211,765,3,2
211,766,3,2
211,767,3,2
211,768,3,2
211,769,3,2
211,770,3,2
211,771,3,2
211,772,3,2
211,773,3,2
211,774,3,2
211,775,3,2
211,776,3,2
211,777,3,2
211,778,3,2
211,779,3,2
211,780,3,2
211,781,3,2
211,782,3,2
211,783,3,2
211,784,3,2
211,785,3,2
211,786,3,2
211,787,3,2
211,788,3,2
211,789,3,2
211,790,3,2
211,791,3,2
211,792,3,2
211,793,3,2
212,133,3,2
212,134,3,2
212,135,3,2
212,136,3,2
212,137,3,2
212,138,3,2
212,139,3,2
212,140,3,2
212,141,3,2
212,142,3,2
212,143,3,2
212,144,3,2
212,145,3,2
212,146,3,2
212,147,3,2
212,148,3,2
212,149,3,2
212,150,3,2
212,151,3,2
212,152,3,2
212,153,3,2
212,154,3,2
212,155,3,2
212,156,3,2
212,157,3,2
212,158,3,2
212,159,3,2
212,160,3,2
212,161,3,2
212,162,3,2
212,163,3,2
212,164,3,2
212,165,3,2
212,166,3,2
212,167,3,2
212,168,3,2
212,169,3,2
212,170,3,2
212,171,3,2
212,172,3,2
212,173,3,2
212,174,3,2
212,175,3,2
212,176,3,2
212,177,3,2
212,178,3,2
212,179,3,2
212,180,3,2
212,181,3,2
212,182,3,2
212,183,3,2
212,184,3,2
212,185,3,2
212,186,3,2
212,187,3,2
212,188,3,2
212,189,3,2
212,190,3,2
212,191,3,2
212,192,3,2
212,193,3,2
212,194,3,2
212,195,3,2
212,196,3,2
212,197,3,2
212,198,3,2
212,199,3,2
212,200,3,2
212,201,3,2
212,202,3,2
212,203,3,2
212,204,3,2
212,205,3,2
212,206,3,2
212,207,3,2
212,208,3,2
212,209,3,2
212,210,3,2
212,211,3,2
212,212,3,2
212,213,3,2
212,214,3,2
212,215,3,2
212,216,3,2
212,217,3,2
212,218,3,2
212,219,3,2
212,220,3,2
212,221,3,2
212,222,3,2
212,223,3,2
212,224,3,2
212,225,3,2
212,226,3,2
212,227,3,2
212,228,3,2
212,229,3,2
212,230,3,2
212,231,3,2
212,232,3,2
212,233,3,2
212,234,3,2
212,235,3,2
212,236,3,2
212,237,3,2
212,238,3,2
212,239,3,2
212,240,3,2
212,241,3,2
212,242,3,2
212,243,3,2
212,244,3,2
212,245,3,2
212,246,3,2
212,247,3,2
212,248,3,2
212,249,3,2
212,250,3,2
212,251,3,2
212,252,3,2
212,253,3,2
212,254,3,2
212,255,3,2
212,256,3,2
212,257,3,2
212,258,3,2
212,259,3,2
212,260,3,2
212,261,3,2
212,262,3,2
212,263,3,2
212,264,3,2
212,265,3,2
212,266,3,2
212,267,3,2
212,268,3,2
212,269,3,2
212,270,3,2
212,271,3,2
212,272,3,2
212,273,3,2
212,274,3,2
212,275,3,2
212,276,3,2
212,277,3,2
212,278,3,2
212,279,3,2
212,280,3,2
212,281,3,2
212,282,3,2
212,283,3,2
212,284,3,2
212,285,3,2
212,286,3,2
212,287,3,2
212,288,3,2
212,289,3,2
212,290,3,2
212,291,3,2
212,292,3,2
212,293,3,2
212,294,3,2
212,295,3,2
212,296,3,2
212,297,3,2
212,298,3,2
212,299,3,2
212,300,3,2
212,301,3,2
212,302,3,2
212,303,3,2
212,304,3,2
212,305,3,2
212,306,3,2
212,307,3,2
212,308,3,2
212,309,3,2
212,310,3,2
212,311,3,2
212,312,3,2
212,313,3,2
212,314,3,2
212,315,3,2
212,316,3,2
212,317,3,2
212,318,3,2
212,319,3,2
212,320,3,2
212,321,3,2
212,322,3,2
212,323,3,2
212,324,3,2
212,325,3,2
212,326,3,2
212,327,3,2
212,328,3,2
212,329,3,2
212,330,3,2
212,331,3,2
212,332,3,2
212,333,3,2
212,334,3,2
212,335,3,2
212,336,3,2
212,337,3,2
212,338,3,2
212,339,3,2
212,340,3,2
212,341,3,2
212,342,3,2
212,343,3,2
212,344,3,2
212,345,3,2
212,346,3,2
212,347,3,2
212,348,3,2
212,349,3,2
212,350,3,2
212,351,3,2
212,352,3,2
212,353,3,2
212,354,3,2
212,355,3,2
212,356,3,2
212,357,3,2
212,358,3,2
212,359,3,2
212,360,3,2
212,361,3,2
212,362,3,2
212,363,3,2
212,364,3,2
212,365,3,2
212,366,3,2
212,367,3,2
212,368,3,2
212,369,3,2
212,370,3,2
212,371,3,2
212,372,3,2
212,373,3,2
212,374,3,2
212,375,3,2
212,376,3,2
212,377,3,2
212,378,3,2
212,379,3,2
212,380,3,2
212,381,3,2
212,382,3,2
212,383,3,2
212,384,3,2
212,385,3,2
212,386,3,2
212,387,3,2
212,388,3,2
212,389,3,2
212,390,3,2
212,391,3,2
212,392,3,2
212,393,3,2
212,394,3,2
212,395,3,2
212,396,3,2
212,397,3,2
212,398,3,2
212,399,3,2
212,400,3,2
212,401,3,2
212,402,3,2
212,403,3,2
212,404,3,2
212,405,3,2
212,406,3,2
212,407,3,2
212,408,3,2
212,409,3,2
212,410,3,2
212,411,3,2
212,412,3,2
212,413,3,2
212,414,3,2
212,415,3,2
212,416,3,2
212,417,3,2
212,418,3,2
212,419,3,2
212,420,3,2
212,421,3,2
212,422,3,2
212,423,3,2
212,424,3,2
212,425,3,2
212,426,3,2
212,427,3,2
212,428,3,2
212,429,3,2
212,430,3,2
212,431,3,2
212,432,3,2
212,433,3,2
212,434,3,2
212,435,3,2
212,436,3,2
212,437,3,2
212,438,3,2
212,439,3,2
212,440,3,2
212,441,3,2
212,442,3,2
212,443,3,2
212,444,3,2
212,445,3,2
212,446,3,2
212,447,3,2
212,448,3,2
212,449,3,2
212,450,3,2
212,451,3,2
212,452,3,2
212,453,3,2
212,454,3,2
212,455,3,2
212,456,3,2
212,457,3,2
212,458,3,2
212,459,3,2
212,460,3,2
212,461,3,2
212,462,3,2
212,463,3,2
212,464,3,2
212,465,3,2
212,466,3,2
212,467,3,2
212,468,3,2
212,469,3,2
212,470,3,2
212,471,3,2
212,472,3,2
212,473,3,2
212,474,3,2
212,475,3,2
212,476,3,3
212,477,3,3
212,478,3,3
212,479,3,3
212,480,3,3
212,481,3,3
212,482,3,3
212,483,3,3
212,484,3,3
212,485,3,3
212,486,3,3
212,487,3,3
212,488,3,3
212,489,3,3
212,490,3,3
212,491,3,3
212,492,3,3
212,493,3,3
212,494,3,3
212,495,3,3
212,496,3,3
212,497,3,3
212,498,3,3
212,499,3,3
212,500,3,3
212,501,3,3
212,502,3,3
212,503,3,3
212,504,3,3
212,505,3,3
212,506,3,3
212,507,3,3
212,508,3,3
212,509,3,3
212,510,3,3
212,511,3,3
212,512,3,3
212,513,3,3
212,514,3,3
212,515,3,3
212,516,3,3
212,517,3,3
212,518,3,3
212,519,3,3
212,520,3,3
212,521,3,3
212,522,3,3
212,523,3,3
212,524,3,3
212,525,3,3
212,526,3,3
212,527,3,3
212,528,3,3
212,529,3,3
212,530,3,3
212,531,3,3
212,532,3,3
212,533,3,3
212,534,3,3
212,535,3,3
212,536,3,3
212,537,3,3
212,538,3,3
212,539,3,3
212,540,3,3
212,541,3,3
212,542,3,3
212,543,3,3
212,544,3,3
212,545,3,3
212,546,3,3
212,547,3,3
212,548,3,3
212,549,3,3
212,550,3,3
212,551,3,3
212,552,3,3
212,553,3,3
212,554,3,3
212,555,3,3
212,556,3,3
212,557,3,3
212,558,3,3
212,559,3,3
212,560,3,3
212,561,3,3
212,562,3,3
212,563,3,3
212,564,3,3
212,565,3,3
212,566,3,3
212,567,3,3
212,568,3,3
212,569,3,3
212,570,3,3
212,571,3,3
212,572,3,3
212,573,3,3
212,574,3,3
212,575,3,3
212,576,3,3
212,577,3,3
212,578,3,3
212,579,3,3
212,580,3,3
212,581,3,3
212,582,3,3
212,583,3,3
212,584,3,3
212,585,3,3
212,586,3,3
212,587,3,3
212,588,3,3
212,589,3,3
212,590,3,3
212,591,3,3
212,592,3,3
212,593,3,3
212,594,3,3
212,595,3,3
212,596,3,3
212,597,3,3
212,598,3,3
212,599,3,3
212,600,3,3
212,601,3,3
212,602,3,3
212,603,3,3
212,604,3,3
212,605,3,3
212,606,3,3
212,607,3,3
212,608,3,3
212,609,3,3
212,610,3,3
212,611,3,3
212,612,3,3
212,613,3,3
212,614,3,3
212,615,3,3
212,616,3,3
212,617,3,3
212,618,3,3
212,619,3,3
212,620,3,3
212,621,3,3
212,622,3,3
212,623,3,3
212,624,3,3
212,625,3,3
212,626,3,3
212,627,3,3
212,628,3,3
212,629,3,3
212,630,3,3
212,631,3,3
212,632,3,3
212,633,3,3
212,634,3,3
212,635,3,3
212,636,3,3
212,637,3,3
212,638,3,3
212,639,3,3
212,640,3,3
212,641,3,3
212,642,3,3
212,643,3,3
212,644,3,3
212,645,3,3
212,646,3,3
212,647,3,3
212,648,3,3
212,649,3,3
212,650,3,3
212,651,3,3
212,652,3,3
212,653,3,3
212,654,3,3
212,655,3,3
212,656,3,3
212,657,3,3
212,658,3,3
212,659,3,3
212,660,3,3
212,661,3,3
212,662,3,3
212,663,3,3
212,664,3,3
212,665,3,3
212,666,3,3
212,667,3,3
212,668,3,3
212,669,3,3
212,670,3,3
212,671,3,3
212,672,3,3
212,673,3,3
212,674,3,3
212,675,3,3
212,676,3,3
212,677,3,3
212,678,3,3
212,679,3,3
212,680,3,3
212,681,3,3
212,682,3,3
212,683,3,3
212,684,3,3
212,685,3,3
212,686,3,3
212,687,3,3
212,688,3,3
212,689,3,3
212,690,3,3
212,691,3,3
212,692,3,3
212,693,3,3
212,694,3,3
212,695,3,3
212,696,3,3
212,697,3,2
212,698,3,2
212,699,3,2
212,700,3,2
212,701,3,2
212,702,3,2
212,703,3,2
212,704,3,2
212,705,3,2
212,706,3,2
212,707,3,2
212,708,3,2
212,709,3,2
212,710,3,2
212,711,3,2
212,712,3,2
212,713,3,2
212,714,3,2
212,715,3,2
212,716,3,2
212,717,3,2
212,718,3,2
212,719,3,2
212,720,3,2
212,721,3,2
212,722,3,2
212,723,3,2
212,724,3,2
212,725,3,2
212,726,3,2
212,727,3,2
212,728,3,2
212,729,3,2
212,730,3,2
212,731,3,3
212,732,3,3
212,733,3,3
212,734,3,3
212,735,3,3
212,736,3,3
212,737,3,3
212,738,3,3
212,739,3,3
212,740,3,3
212,741,3,3
212,742,3,3
212,743,3,3
212,744,3,3
212,745,3,3
212,746,3,3
212,747,3,3
212,748,3,3
212,749,3,3
212,750,3,3
212,751,3,3
212,752,3,3
212,753,3,3
212,754,3,3
212,755,3,3
212,756,3,2
212,757,3,2
212,758,3,2
212,759,3,2
212,760,3,2
212,761,3,2
212,762,3,2
212,763,3,2
212,764,3,2
212,765,3,2
212,766,3,2
212,767,3,2
212,768,3,2
212,769,3,2
212,770,3,2
212,771,3,2
212,772,3,2
212,773,3,2
212,774,3,2
212,775,3,2
212,776,3,2
212,777,3,2
212,778,3,2
212,779,3,2
212,780,3,2
212,781,3,2
212,782,3,2
212,783,3,2
212,784,3,2
212,785,3,2
212,786,3,2
212,787,3,2
212,788,3,2
212,789,3,2
212,790,3,2
212,791,3,2
212,792,3,2
212,793,3,2
213,132,3,2
213,133,3,2
213,134,3,2
213,135,3,2
213,136,3,2
213,137,3,2
213,138,3,2
213,139,3,2
213,140,3,2
213,141,3,2
213,142,3,2
213,143,3,2
213,144,3,2
213,145,3,2
213,146,3,2
213,147,3,2
213,148,3,2
213,149,3,2
213,150,3,2
213,151,3,2
213,152,3,2
213,153,3,2
213,154,3,2
213,155,3,2
213,156,3,2
213,157,3,2
213,158,3,2
213,159,3,2
213,160,3,2
213,161,3,2
213,162,3,2
213,163,3,2
213,164,3,2
213,165,3,2
213,166,3,2
213,167,3,2
213,168,3,2
213,169,3,2
213,170,3,2
213,171,3,2
213,172,3,2
213,173,3,2
213,174,3,2
213,175,3,2
213,176,3,2
213,177,3,2
213,178,3,2
213,179,3,2
213,180,3,2
213,181,3,2
213,182,3,2
213,183,3,2
213,184,3,2
213,185,3,2
213,186,3,2
213,187,3,2
213,188,3,2
213,189,3,2
213,190,3,2
213,191,3,2
213,192,3,2
213,193,3,2
213,194,3,2
213,195,3,2
213,196,3,2
213,197,3,2
213,198,3,2
213,199,3,2
213,200,3,2
213,201,3,2
213,202,3,2
213,203,3,2
213,204,3,2
213,205,3,2
213,206,3,2
213,207,3,2
213,208,3,2
213,209,3,2
213,210,3,2
213,211,3,2
213,212,3,2
213,213,3,2
213,214,3,2
213,215,3,2
213,216,3,2
213,217,3,2
213,218,3,2
213,219,3,2
213,220,3,2
213,221,3,2
213,222,3,2
213,223,3,2
213,224,3,2
213,225,3,2
213,226,3,2
213,227,3,2
213,228,3,2
213,229,3,2
213,230,3,2
213,231,3,2
213,232,3,2
213,233,3,2
213,234,3,2
213,235,3,2
213,236,3,2
213,237,3,2
213,238,3,2
213,239,3,2
213,240,3,2
213,241,3,2
213,242,3,2
213,243,3,2
213,244,3,2
213,245,3,2
213,246,3,2
213,247,3,2
213,248,3,2
213,249,3,2
213,250,3,2
213,251,3,2
213,252,3,2
213,253,3,2
213,254,3,2
213,255,3,2
213,256,3,2
213,257,3,2
213,258,3,2
213,259,3,2
213,260,3,2
213,261,3,2
213,262,3,2
213,263,3,2
213,264,3,2
213,265,3,2
213,266,3,2
213,267,3,2
213,268,3,2
213,269,3,2
213,270,3,2
213,271,3,2
213,272,3,2
213,273,3,2
213,274,3,2
213,275,3,2
213,276,3,2
213,277,3,2
213,278,3,2
213,279,3,2
213,280,3,2
213,281,3,2
213,282,3,2
213,283,3,2
213,284,3,2
213,285,3,2
213,286,3,2
213,287,3,2
213,288,3,2
213,289,3,2
213,290,3,2
213,291,3,2
213,292,3,2
213,293,3,2
213,294,3,2
213,295,3,2
213,296,3,2
213,297,3,2
213,298,3,2
213,299,3,2
213,300,3,2
213,301,3,2
213,302,3,2
213,303,3,2
213,304,3,2
213,305,3,2
213,306,3,2
213,307,3,2
213,308,3,2
213,309,3,2
213,310,3,2
213,311,3,2
213,312,3,2
213,313,3,2
213,314,3,2
213,315,3,2
213,316,3,2
213,317,3,2
213,318,3,2
213,319,3,2
213,320,3,2
213,321,3,2
213,322,3,2
213,323,3,2
213,324,3,2
213,325,3,2
213,326,3,2
213,327,3,2
213,328,3,2
213,329,3,2
213,330,3,2
213,331,3,2
213,332,3,2
213,333,3,2
213,334,3,2
213,335,3,2
213,336,3,2
213,337,3,2
213,338,3,2
213,339,3,2
213,340,3,2
213,341,3,2
213,342,3,2
213,343,3,2
213,344,3,2
213,345,3,2
213,346,3,2
213,347,3,2
213,348,3,2
213,349,3,2
213,350,3,2
213,351,3,2
213,352,3,2
213,353,3,2
213,354,3,2
213,355,3,2
213,356,3,2
213,357,3,2
213,358,3,2
213,359,3,2
213,360,3,2
213,361,3,2
213,362,3,2
213,363,3,2
213,364,3,2
213,365,3,2
213,366,3,2
213,367,3,2
213,368,3,2
213,369,3,2
213,370,3,2
213,371,3,2
213,372,3,2
213,373,3,2
213,374,3,2
213,375,3,2
213,376,3,2
213,377,3,2
213,378,3,2
213,379,3,2
213,380,3,2
213,381,3,2
213,382,3,2
213,383,3,2
213,384,3,2
213,385,3,2
213,386,3,2
213,387,3,2
213,388,3,2
213,389,3,2
213,390,3,2
213,391,3,2
213,392,3,2
213,393,3,2
213,394,3,2
213,395,3,2
213,396,3,2
213,397,3,2
213,398,3,2
213,399,3,2
213,400,3,2
213,401,3,2
213,402,3,2
213,403,3,2
213,404,3,2
213,405,3,2
213,406,3,2
213,407,3,2
213,408,3,2
213,409,3,2
213,410,3,2
213,411,3,2
213,412,3,2
213,413,3,2
213,414,3,2
213,415,3,2
213,416,3,2
213,417,3,2
213,418,3,2
213,419,3,2
213,420,3,2
213,421,3,2
213,422,3,2
213,423,3,2
213,424,3,2
213,425,3,2
213,426,3,2
213,427,3,2
213,428,3,2
213,429,3,2
213,430,3,2
213,431,3,2
213,432,3,2
213,433,3,2
213,434,3,2
213,435,3,2
213,436,3,2
213,437,3,2
213,438,3,2
213,439,3,2
213,440,3,2
213,441,3,2
213,442,3,2
213,443,3,2
213,444,3,2
213,445,3,2
213,446,3,2
213,447,3,2
213,448,3,2
213,449,3,2
213,450,3,2
213,451,3,2
213,452,3,2
213,453,3,2
213,454,3,2
213,455,3,2
213,456,3,2
213,457,3,2
213,458,3,2
213,459,3,2
213,460,3,2
213,461,3,2
213,462,3,2
213,463,3,2
213,464,3,2
213,465,3,2
213,466,3,2
213,467,3,2
213,468,3,2
213,469,3,2
213,470,3,2
213,471,3,2
213,472,3,2
213,473,3,2
213,474,3,2
213,475,3,2
213,476,3,3
213,477,3,3
213,478,3,3
213,479,3,3
213,480,3,3
213,481,3,3
213,482,3,3
213,483,3,3
213,484,3,3
213,485,3,3
213,486,3,3
213,487,3,3
213,488,3,3
213,489,3,3
213,490,3,3
213,491,3,3
213,492,3,3
213,493,3,3
213,494,3,3
213,495,3,3
213,496,3,3
213,497,3,3
213,498,3,3
213,499,3,3
213,500,3,3
213,501,3,3
213,502,3,3
213,503,3,3
213,504,3,3
213,505,3,3
213,506,3,3
213,507,3,3
213,508,3,3
213,509,3,3
213,510,3,3
213,511,3,3
213,512,3,3
213,513,3,3
213,514,3,3
213,515,3,3
213,516,3,3
213,517,3,3
213,518,3,3
213,519,3,3
213,520,3,3
213,521,3,3
213,522,3,3
213,523,3,3
213,524,3,3
213,525,3,3
213,526,3,3
213,527,3,3
213,528,3,3
213,529,3,3
213,530,3,3
213,531,3,3
213,532,3,3
213,533,3,3
213,534,3,3
213,535,3,3
213,536,3,3
213,537,3,3
213,538,3,3
213,539,3,3
213,540,3,3
213,541,3,3
213,542,3,3
213,543,3,3
213,544,3,3
213,545,3,3
213,546,3,3
213,547,3,3
213,548,3,3
213,549,3,3
213,550,3,3
213,551,3,3
213,552,3,3
213,553,3,3
213,554,3,3
213,555,3,3
213,556,3,3
213,557,3,3
213,558,3,3
213,559,3,3
213,560,3,3
213,561,3,3
213,562,3,3
213,563,3,3
213,564,3,3
213,565,3,3
213,566,3,3
213,567,3,3
213,568,3,3
213,569,3,3
213,570,3,3
213,571,3,3
213,572,3,3
213,573,3,3
213,574,3,3
213,575,3,3
213,576,3,3
213,577,3,3
213,578,3,3
213,579,3,3
213,580,3,3
213,581,3,3
213,582,3,3
213,583,3,3
213,584,3,3
213,585,3,3
213,586,3,3
213,587,3,3
213,588,3,3
213,589,3,3
213,590,3,3
213,591,3,3
213,592,3,3
213,593,3,3
213,594,3,3
213,595,3,3
213,596,3,3
213,597,3,3
213,598,3,3
213,599,3,3
213,600,3,3
213,601,3,3
213,602,3,3
213,603,3,3
213,604,3,3
213,605,3,3
213,606,3,3
213,607,3,3
213,608,3,3
213,609,3,3
213,610,3,3
213,611,3,3
213,612,3,3
213,613,3,3
213,614,3,3
213,615,3,3
213,616,3,3
213,617,3,3
213,618,3,3
213,619,3,3
213,620,3,3
213,621,3,3
213,622,3,3
213,623,3,3
213,624,3,3
213,625,3,3
213,626,3,3
213,627,3,3
213,628,3,3
213,629,3,3
213,630,3,3
213,631,3,3
213,632,3,3
213,633,3,3
213,634,3,3
213,635,3,3
213,636,3,3
213,637,3,3
213,638,3,3
213,639,3,3
213,640,3,3
213,641,3,3
213,642,3,3
213,643,3,3
213,644,3,3
213,645,3,3
213,646,3,3
213,647,3,3
213,648,3,3
213,649,3,3
213,650,3,3
213,651,3,3
213,652,3,3
213,653,3,3
213,654,3,3
213,655,3,3
213,656,3,3
213,657,3,3
213,658,3,3
213,659,3,3
213,660,3,3
213,661,3,3
213,662,3,3
213,663,3,3
213,664,3,3
213,665,3,3
213,666,3,3
213,667,3,3
213,668,3,3
213,669,3,3
213,670,3,3
213,671,3,3
213,672,3,3
213,673,3,3
213,674,3,3
213,675,3,3
213,676,3,3
213,677,3,3
213,678,3,3
213,679,3,3
213,680,3,3
213,681,3,3
213,682,3,3
213,683,3,3
213,684,3,3
213,685,3,3
213,686,3,3
213,687,3,3
213,688,3,3
213,689,3,3
213,690,3,3
213,691,3,3
213,692,3,3
213,693,3,3
213,694,3,3
213,695,3,3
213,696,3,3
213,697,3,2
213,698,3,2
213,699,3,2
213,700,3,2
213,701,3,2
213,702,3,2
213,703,3,2
213,704,3,2
213,705,3,2
213,706,3,2
213,707,3,2
213,708,3,2
213,709,3,2
213,710,3,2
213,711,3,2
213,712,3,2
213,713,3,2
213,714,3,2
213,715,3,2
213,716,3,2
213,717,3,2
213,718,3,2
213,719,3,2
213,720,3,2
213,721,3,2
213,722,3,2
213,723,3,2
213,724,3,2
213,725,3,2
213,726,3,2
213,727,3,2
213,728,3,2
213,729,3,2
213,730,3,2
213,731,3,3
213,732,3,3
213,733,3,3
213,734,3,3
213,735,3,3
213,736,3,3
213,737,3,3
213,738,3,3
213,739,3,3
213,740,3,3
213,741,3,3
213,742,3,3
213,743,3,3
213,744,3,3
213,745,3,3
213,746,3,3
213,747,3,3
213,748,3,3
213,749,3,3
213,750,3,3
213,751,3,3
213,752,3,3
213,753,3,3
213,754,3,3
213,755,3,3
213,756,3,2
213,757,3,2
213,758,3,2
213,759,3,2
213,760,3,2
213,761,3,2
213,762,3,2
213,763,3,2
213,764,3,2
213,765,3,2
213,766,3,2
213,767,3,2
213,768,3,2
213,769,3,2
213,770,3,2
213,771,3,2
213,772,3,2
213,773,3,2
213,774,3,2
213,775,3,2
213,776,3,2
213,777,3,2
213,778,3,2
213,779,3,2
213,780,3,2
213,781,3,2
213,782,3,2
213,783,3,2
213,784,3,2
213,785,3,2
213,786,3,2
213,787,3,2
213,788,3,2
213,789,3,2
213,790,3,2
213,791,3,2
213,792,3,2
213,793,3,2
214,132,3,2
214,133,3,2
214,134,3,2
214,135,3,2
214,136,3,2
214,137,3,2
214,138,3,2
214,139,3,2
214,140,3,2
214,141,3,2
214,142,3,2
214,143,3,2
214,144,3,2
214,145,3,2
214,146,3,2
214,147,3,2
214,148,3,2
214,149,3,2
214,150,3,2
214,151,3,2
214,152,3,2
214,153,3,2
214,154,3,2
214,155,3,2
214,156,3,2
214,157,3,2
214,158,3,2
214,159,3,2
214,160,3,2
214,161,3,2
214,162,3,2
214,163,3,2
214,164,3,2
214,165,3,2
214,166,3,2
214,167,3,2
214,168,3,2
214,169,3,2
214,170,3,2
214,171,3,2
214,172,3,2
214,173,3,2
214,174,3,2
214,175,3,2
214,176,3,2
214,177,3,2
214,178,3,2
214,179,3,2
214,180,3,2
214,181,3,2
214,182,3,2
214,183,3,2
214,184,3,2
214,185,3,2
214,186,3,2
214,187,3,2
214,188,3,2
214,189,3,2
214,190,3,2
214,191,3,2
214,192,3,2
214,193,3,2
214,194,3,2
214,195,3,2
214,196,3,2
214,197,3,2
214,198,3,2
214,199,3,2
214,200,3,2
214,201,3,2
214,202,3,2
214,203,3,2
214,204,3,2
214,205,3,2
214,206,3,2
214,207,3,2
214,208,3,2
214,209,3,2
214,210,3,2
214,211,3,2
214,212,3,2
214,213,3,2
214,214,3,2
214,215,3,2
214,216,3,2
214,217,3,2
214,218,3,2
214,219,3,2
214,220,3,2
214,221,3,2
214,222,3,2
214,223,3,2
214,224,3,2
214,225,3,2
214,226,3,2
214,227,3,2
214,228,3,2
214,229,3,2
214,230,3,2
214,231,3,2
214,232,3,2
214,233,3,2
214,234,3,2
214,235,3,2
214,236,3,2
214,237,3,2
214,238,3,2
214,239,3,2
214,240,3,2
214,241,3,2
214,242,3,2
214,243,3,2
214,244,3,2
214,245,3,2
214,246,3,2
214,247,3,2
214,248,3,2
214,249,3,2
214,250,3,2
214,251,3,2
214,252,3,2
214,253,3,2
214,254,3,2
214,255,3,2
214,256,3,2
214,257,3,2
214,258,3,2
214,259,3,2
214,260,3,2
214,261,3,2
214,262,3,2
214,263,3,2
214,264,3,2
214,265,3,2
214,266,3,2
214,267,3,2
214,268,3,2
214,269,3,2
214,270,3,2
214,271,3,2
214,272,3,2
214,273,3,2
214,274,3,2
214,275,3,2
214,276,3,2
214,277,3,2
214,278,3,2
214,279,3,2
214,280,3,2
214,281,3,2
214,282,3,2
214,283,3,2
214,284,3,2
214,285,3,2
214,286,3,2
214,287,3,2
214,288,3,2
214,289,3,2
214,290,3,2
214,291,3,2
214,292,3,2
214,293,3,2
214,294,3,2
214,295,3,2
214,296,3,2
214,297,3,2
214,298,3,2
214,299,3,2
214,300,3,2
214,301,3,2
214,302,3,2
214,303,3,2
214,304,3,2
214,305,3,2
214,306,3,2
214,307,3,2
214,308,3,2
214,309,3,2
214,310,3,2
214,311,3,2
214,312,3,2
214,313,3,2
214,314,3,2
214,315,3,2
214,316,3,2
214,317,3,2
214,318,3,2
214,319,3,2
214,320,3,2
214,321,3,2
214,322,3,2
214,323,3,2
214,324,3,2
214,325,3,2
214,326,3,2
214,327,3,2
214,328,3,2
214,329,3,2
214,330,3,2
214,331,3,2
214,332,3,2
214,333,3,2
214,334,3,2
214,335,3,2
214,336,3,2
214,337,3,2
214,338,3,2
214,339,3,2
214,340,3,2
214,341,3,2
214,342,3,2
214,343,3,2
214,344,3,2
214,345,3,2
214,346,3,2
214,347,3,2
214,348,3,2
214,349,3,2
214,350,3,2
214,351,3,2
214,352,3,2
214,353,3,2
214,354,3,2
214,355,3,2
214,356,3,2
214,357,3,2
214,358,3,2
214,359,3,2
214,360,3,2
214,361,3,2
214,362,3,2
214,363,3,2
214,364,3,2
214,365,3,2
214,366,3,2
214,367,3,2
214,368,3,2
214,369,3,2
214,370,3,2
214,371,3,2
214,372,3,2
214,373,3,2
214,374,3,2
214,375,3,2
214,376,3,2
214,377,3,2
214,378,3,2
214,379,3,2
214,380,3,2
214,381,3,2
214,382,3,2
214,383,3,2
214,384,3,2
214,385,3,2
214,386,3,2
214,387,3,2
214,388,3,2
214,389,3,2
214,390,3,2
214,391,3,2
214,392,3,2
214,393,3,2
214,394,3,2
214,395,3,2
214,396,3,2
214,397,3,2
214,398,3,2
214,399,3,2
214,400,3,2
214,401,3,2
214,402,3,2
214,403,3,2
214,404,3,2
214,405,3,2
214,406,3,2
214,407,3,2
214,408,3,2
214,409,3,2
214,410,3,2
214,411,3,2
214,412,3,2
214,413,3,2
214,414,3,2
214,415,3,2
214,416,3,2
214,417,3,2
214,418,3,2
214,419,3,2
214,420,3,2
214,421,3,2
214,422,3,2
214,423,3,2
214,424,3,2
214,425,3,2
214,426,3,2
214,427,3,2
214,428,3,2
214,429,3,2
214,430,3,2
214,431,3,2
214,432,3,2
214,433,3,2
214,434,3,2
214,435,3,2
214,436,3,2
214,437,3,2
214,438,3,2
214,439,3,2
214,440,3,2
214,441,3,2
214,442,3,2
214,443,3,2
214,444,3,2
214,445,3,2
214,446,3,2
214,447,3,2
214,448,3,2
214,449,3,2
214,450,3,2
214,451,3,2
214,452,3,2
214,453,3,2
214,454,3,2
214,455,3,2
214,456,3,2
214,457,3,2
214,458,3,2
214,459,3,2
214,460,3,2
214,461,3,2
214,462,3,2
214,463,3,2
214,464,3,2
214,465,3,2
214,466,3,2
214,467,3,2
214,468,3,2
214,469,3,2
214,470,3,2
214,471,3,2
214,472,3,2
214,473,3,2
214,474,3,2
214,475,3,2
214,476,3,3
214,477,3,3
214,478,3,3
214,479,3,3
214,480,3,3
214,481,3,3
214,482,3,3
214,483,3,3
214,484,3,3
214,485,3,3
214,486,3,3
214,487,3,3
214,488,3,3
214,489,3,3
214,490,3,3
214,491,3,3
214,492,3,3
214,493,3,3
214,494,3,3
214,495,3,3
214,496,3,3
214,497,3,3
214,498,3,3
214,499,3,3
214,500,3,3
214,501,3,3
214,502,3,3
214,503,3,3
214,504,3,3
214,505,3,3
214,506,3,3
214,507,3,3
214,508,3,3
214,509,3,3
214,510,3,3
214,511,3,3
214,512,3,3
214,513,3,3
214,514,3,3
214,515,3,3
214,516,3,3
214,517,3,3
214,518,3,3
214,519,3,3
214,520,3,3
214,521,3,3
214,522,3,3
214,523,3,3
214,524,3,3
214,525,3,3
214,526,3,3
214,527,3,3
214,528,3,3
214,529,3,3
214,530,3,3
214,531,3,3
214,532,3,3
214,533,3,3
214,534,3,3
214,535,3,3
214,536,3,3
214,537,3,3
214,538,3,3
214,539,3,3
214,540,3,3
214,541,3,3
214,542,3,3
214,543,3,3
214,544,3,3
214,545,3,3
214,546,3,3
214,547,3,3
214,548,3,3
214,549,3,3
214,550,3,3
214,551,3,3
214,552,3,3
214,553,3,3
214,554,3,3
214,555,3,3
214,556,3,3
214,557,3,3
214,558,3,3
214,559,3,3
214,560,3,3
214,561,3,3
214,562,3,2
214,563,3,3
214,564,3,3
214,565,3,3
214,566,3,3
214,567,3,3
214,568,3,3
214,569,3,3
214,570,3,3
214,571,3,3
214,572,3,3
214,573,3,3
214,574,3,3
214,575,3,3
214,576,3,3
214,577,3,3
214,578,3,3
214,579,3,3
214,580,3,3
214,581,3,3
214,582,3,3
214,583,3,3
214,584,3,3
214,585,3,3
214,586,3,3
214,587,3,3
214,588,3,3
214,589,3,3
214,590,3,3
214,591,3,3
214,592,3,3
214,593,3,3
214,594,3,3
214,595,3,3
214,596,3,3
214,597,3,3
214,598,3,3
214,599,3,3
214,600,3,3
214,601,3,3
214,602,3,3
214,603,3,3
214,604,3,3
214,605,3,3
214,606,3,3
214,607,3,3
214,608,3,3
214,609,3,3
214,610,3,3
214,611,3,3
214,612,3,3
214,613,3,3
214,614,3,3
214,615,3,3
214,616,3,3
214,617,3,3
214,618,3,3
214,619,3,3
214,620,3,3
214,621,3,3
214,622,3,3
214,623,3,3
214,624,3,3
214,625,3,3
214,626,3,3
214,627,3,3
214,628,3,3
214,629,3,3
214,630,3,3
214,631,3,3
214,632,3,3
214,633,3,3
214,634,3,3
214,635,3,3
214,636,3,3
214,637,3,3
214,638,3,3
214,639,3,3
214,640,3,3
214,641,3,3
214,642,3,3
214,643,3,3
214,644,3,3
214,645,3,3
214,646,3,3
214,647,3,3
214,648,3,3
214,649,3,3
214,650,3,3
214,651,3,3
214,652,3,3
214,653,3,3
214,654,3,3
214,655,3,3
214,656,3,3
214,657,3,3
214,658,3,3
214,659,3,3
214,660,3,3
214,661,3,3
214,662,3,3
214,663,3,3
214,664,3,3
214,665,3,3
214,666,3,3
214,667,3,3
214,668,3,3
214,669,3,3
214,670,3,3
214,671,3,3
214,672,3,3
214,673,3,3
214,674,3,3
214,675,3,3
214,676,3,3
214,677,3,3
214,678,3,3
214,679,3,3
214,680,3,3
214,681,3,3
214,682,3,3
214,683,3,3
214,684,3,3
214,685,3,3
214,686,3,3
214,687,3,3
214,688,3,3
214,689,3,3
214,690,3,3
214,691,3,3
214,692,3,3
214,693,3,3
214,694,3,3
214,695,3,3
214,696,3,3
214,697,3,2
214,698,3,2
214,699,3,2
214,700,3,2
214,701,3,2
214,702,3,2
214,703,3,2
214,704,3,2
214,705,3,2
214,706,3,2
214,707,3,2
214,708,3,2
214,709,3,2
214,710,3,2
214,711,3,2
214,712,3,2
214,713,3,2
214,714,3,2
214,715,3,2
214,716,3,2
214,717,3,2
214,718,3,2
214,719,3,2
214,720,3,2
214,721,3,2
214,722,3,2
214,723,3,2
214,724,3,2
214,725,3,2
214,726,3,2
214,727,3,2
214,728,3,2
214,729,3,2
214,730,3,2
214,731,3,2
214,732,3,3
214,733,3,3
214,734,3,3
214,735,3,3
214,736,3,3
214,737,3,3
214,738,3,3
214,739,3,3
214,740,3,3
214,741,3,3
214,742,3,3
214,743,3,3
214,744,3,3
214,745,3,3
214,746,3,3
214,747,3,3
214,748,3,3
214,749,3,3
214,750,3,3
214,751,3,3
214,752,3,3
214,753,3,3
214,754,3,3
214,755,3,3
214,756,3,2
214,757,3,2
214,758,3,2
214,759,3,2
214,760,3,2
214,761,3,2
214,762,3,2
214,763,3,2
214,764,3,2
214,765,3,2
214,766,3,2
214,767,3,2
214,768,3,2
214,769,3,2
214,770,3,2
214,771,3,2
214,772,3,2
214,773,3,2
214,774,3,2
214,775,3,2
214,776,3,2
214,777,3,2
214,778,3,2
214,779,3,2
214,780,3,2
214,781,3,2
214,782,3,2
214,783,3,2
214,784,3,2
214,785,3,2
214,786,3,2
214,787,3,2
214,788,3,2
214,789,3,2
214,790,3,2
214,791,3,2
214,792,3,2
214,793,3,2
215,132,3,2
215,133,3,2
215,134,3,2
215,135,3,2
215,136,3,2
215,137,3,2
215,138,3,2
215,139,3,2
215,140,3,2
215,141,3,2
215,142,3,2
215,143,3,2
215,144,3,2
215,145,3,2
215,146,3,2
215,147,3,2
215,148,3,2
215,149,3,2
215,150,3,2
215,151,3,2
215,152,3,2
215,153,3,2
215,154,3,2
215,155,3,2
215,156,3,2
215,157,3,2
215,158,3,2
215,159,3,2
215,160,3,2
215,161,3,2
215,162,3,2
215,163,3,2
215,164,3,2
215,165,3,2
215,166,3,2
215,167,3,2
215,168,3,2
215,169,3,2
215,170,3,2
215,171,3,2
215,172,3,2
215,173,3,2
215,174,3,2
215,175,3,2
215,176,3,2
215,177,3,2
215,178,3,2
215,179,3,2
215,180,3,2
215,181,3,2
215,182,3,2
215,183,3,2
215,184,3,2
215,185,3,2
215,186,3,2
215,187,3,2
215,188,3,2
215,189,3,2
215,190,3,2
215,191,3,2
215,192,3,2
215,193,3,2
215,194,3,2
215,195,3,2
215,196,3,2
215,197,3,2
215,198,3,2
215,199,3,2
215,200,3,2
215,201,3,2
215,202,3,2
215,203,3,2
215,204,3,2
215,205,3,2
215,206,3,2
215,207,3,2
215,208,3,2
215,209,3,2
215,210,3,2
215,211,3,2
215,212,3,2
215,213,3,2
215,214,3,2
215,215,3,2
215,216,3,2
215,217,3,2
215,218,3,2
215,219,3,2
215,220,3,2
215,221,3,2
215,222,3,2
215,223,3,2
215,224,3,2
215,225,3,2
215,226,3,2
215,227,3,2
215,228,3,2
215,229,3,2
215,230,3,2
215,231,3,2
215,232,3,2
215,233,3,2
215,234,3,2
215,235,3,2
215,236,3,2
215,237,3,2
215,238,3,2
215,239,3,2
215,240,3,2
215,241,3,2
215,242,3,2
215,243,3,2
215,244,3,2
215,245,3,2
215,246,3,2
215,247,3,2
215,248,3,2
215,249,3,2
215,250,3,2
215,251,3,2
215,252,3,2
215,253,3,2
215,254,3,2
215,255,3,2
215,256,3,2
215,257,3,2
215,258,3,2
215,259,3,2
215,260,3,2
215,261,3,2
215,262,3,2
215,263,3,2
215,264,3,2
215,265,3,2
215,266,3,2
215,267,3,2
215,268,3,2
215,269,3,2
215,270,3,2
215,271,3,2
215,272,3,2
215,273,3,2
215,274,3,2
215,275,3,2
215,276,3,2
215,277,3,2
215,278,3,2
215,279,3,2
215,280,3,2
215,281,3,2
215,282,3,2
215,283,3,2
215,284,3,2
215,285,3,2
215,286,3,2
215,287,3,2
215,288,3,2
215,289,3,2
215,290,3,2
215,291,3,2
215,292,3,2
215,293,3,2
215,294,3,2
215,295,3,2
215,296,3,2
215,297,3,2
215,298,3,2
215,299,3,2
215,300,3,2
215,301,3,2
215,302,3,2
215,303,3,2
215,304,3,2
215,305,3,2
215,306,3,2
215,307,3,2
215,308,3,2
215,309,3,2
215,310,3,2
215,311,3,2
215,312,3,2
215,313,3,2
215,314,3,2
215,315,3,2
215,316,3,2
215,317,3,2
215,318,3,2
215,319,3,2
215,320,3,2
215,321,3,2
215,322,3,2
215,323,3,2
215,324,3,2
215,325,3,2
215,326,3,2
215,327,3,2
215,328,3,2
215,329,3,2
215,330,3,2
215,331,3,2
215,332,3,2
215,333,3,2
215,334,3,2
215,335,3,2
215,336,3,2
215,337,3,2
215,338,3,2
215,339,3,2
215,340,3,2
215,341,3,2
215,342,3,2
215,343,3,2
215,344,3,2
215,345,3,2
215,346,3,2
215,347,3,2
215,348,3,2
215,349,3,2
215,350,3,2
215,351,3,2
215,352,3,2
215,353,3,2
215,354,3,2
215,355,3,2
215,356,3,2
215,357,3,2
215,358,3,2
215,359,3,2
215,360,3,2
215,361,3,2
215,362,3,2
215,363,3,2
215,364,3,2
215,365,3,2
215,366,3,2
215,367,3,2
215,368,3,2
215,369,3,2
215,370,3,2
215,371,3,2
215,372,3,2
215,373,3,2
215,374,3,2
215,375,3,2
215,376,3,2
215,377,3,2
215,378,3,2
215,379,3,2
215,380,3,2
215,381,3,2
215,382,3,2
215,383,3,2
215,384,3,2
215,385,3,2
215,386,3,2
215,387,3,2
215,388,3,2
215,389,3,2
215,390,3,2
215,391,3,2
215,392,3,2
215,393,3,2
215,394,3,2
215,395,3,2
215,396,3,2
215,397,3,2
215,398,3,2
215,399,3,2
215,400,3,2
215,401,3,2
215,402,3,2
215,403,3,2
215,404,3,2
215,405,3,2
215,406,3,2
215,407,3,2
215,408,3,2
215,409,3,2
215,410,3,2
215,411,3,2
215,412,3,2
215,413,3,2
215,414,3,2
215,415,3,2
215,416,3,2
215,417,3,2
215,418,3,2
215,419,3,2
215,420,3,2
215,421,3,2
215,422,3,2
215,423,3,2
215,424,3,2
215,425,3,2
215,426,3,2
215,427,3,2
215,428,3,2
215,429,3,2
215,430,3,2
215,431,3,2
215,432,3,2
215,433,3,2
215,434,3,2
215,435,3,2
215,436,3,2
215,437,3,2
215,438,3,2
215,439,3,2
215,440,3,2
215,441,3,2
215,442,3,2
215,443,3,2
215,444,3,2
215,445,3,2
215,446,3,2
215,447,3,2
215,448,3,2
215,449,3,2
215,450,3,2
215,451,3,2
215,452,3,2
215,453,3,2
215,454,3,2
215,455,3,2
215,456,3,2
215,457,3,2
215,458,3,2
215,459,3,2
215,460,3,2
215,461,3,2
215,462,3,2
215,463,3,2
215,464,3,2
215,465,3,2
215,466,3,2
215,467,3,2
215,468,3,2
215,469,3,2
215,470,3,2
215,471,3,2
215,472,3,2
215,473,3,2
215,474,3,2
215,475,3,2
215,476,3,3
215,477,3,3
215,478,3,3
215,479,3,3
215,480,3,3
215,481,3,3
215,482,3,3
215,483,3,3
215,484,3,3
215,485,3,3
215,486,3,3
215,487,3,3
215,488,3,3
215,489,3,3
215,490,3,3
215,491,3,3
215,492,3,3
215,493,3,3
215,494,3,3
215,495,3,3
215,496,3,3
215,497,3,3
215,498,3,3
215,499,3,3
215,500,3,3
215,501,3,3
215,502,3,3
215,503,3,3
215,504,3,3
215,505,3,3
215,506,3,3
215,507,3,3
215,508,3,3
215,509,3,3
215,510,3,3
215,511,3,3
215,512,3,3
215,513,3,3
215,514,3,3
215,515,3,3
215,516,3,3
215,517,3,3
215,518,3,3
215,519,3,3
215,520,3,3
215,521,3,3
215,522,3,3
215,523,3,3
215,524,3,3
215,525,3,3
215,526,3,3
215,527,3,3
215,528,3,3
215,529,3,3
215,530,3,3
215,531,3,3
215,532,3,3
215,533,3,3
215,534,3,3
215,535,3,3
215,536,3,3
215,537,3,3
215,538,3,3
215,539,3,3
215,540,3,3
215,541,3,3
215,542,3,3
215,543,3,3
215,544,3,3
215,545,3,3
215,546,3,3
215,547,3,3
215,548,3,3
215,549,3,3
215,550,3,3
215,551,3,3
215,552,3,3
215,553,3,3
215,554,3,3
215,555,3,3
215,556,3,3
215,557,3,3
215,558,3,3
215,559,3,3
215,560,3,3
215,561,3,3
215,562,3,2
215,563,3,2
215,564,3,3
215,565,3,3
215,566,3,3
215,567,3,3
215,568,3,3
215,569,3,3
215,570,3,3
215,571,3,3
215,572,3,3
215,573,3,3
215,574,3,3
215,575,3,3
215,576,3,3
215,577,3,3
215,578,3,3
215,579,3,3
215,580,3,3
215,581,3,3
215,582,3,3
215,583,3,3
215,584,3,3
215,585,3,3
215,586,3,3
215,587,3,3
215,588,3,3
215,589,3,3
215,590,3,3
215,591,3,3
215,592,3,3
215,593,3,3
215,594,3,3
215,595,3,3
215,596,3,3
215,597,3,3
215,598,3,3
215,599,3,3
215,600,3,3
215,601,3,3
215,602,3,3
215,603,3,3
215,604,3,3
215,605,3,3
215,606,3,3
215,607,3,3
215,608,3,3
215,609,3,3
215,610,3,3
215,611,3,3
215,612,3,3
215,613,3,3
215,614,3,3
215,615,3,3
215,616,3,3
215,617,3,3
215,618,3,3
215,619,3,3
215,620,3,3
215,621,3,3
215,622,3,3
215,623,3,3
215,624,3,3
215,625,3,3
215,626,3,3
215,627,3,3
215,628,3,3
215,629,3,3
215,630,3,3
215,631,3,3
215,632,3,3
215,633,3,3
215,634,3,3
215,635,3,3
215,636,3,3
215,637,3,3
215,638,3,3
215,639,3,3
215,640,3,3
215,641,3,3
215,642,3,3
215,643,3,3
215,644,3,3
215,645,3,3
215,646,3,3
215,647,3,3
215,648,3,3
215,649,3,3
215,650,3,3
215,651,3,3
215,652,3,3
215,653,3,3
215,654,3,3
215,655,3,3
215,656,3,3
215,657,3,3
215,658,3,3
215,659,3,3
215,660,3,3
215,661,3,3
215,662,3,3
215,663,3,3
215,664,3,3
215,665,3,3
215,666,3,3
215,667,3,3
215,668,3,3
215,669,3,3
215,670,3,3
215,671,3,3
215,672,3,3
215,673,3,3
215,674,3,3
215,675,3,3
215,676,3,3
215,677,3,3
215,678,3,3
215,679,3,3
215,680,3,3
215,681,3,3
215,682,3,3
215,683,3,3
215,684,3,3
215,685,3,3
215,686,3,3
215,687,3,3
215,688,3,3
215,689,3,3
215,690,3,3
215,691,3,3
215,692,3,3
215,693,3,3
215,694,3,3
215,695,3,3
215,696,3,2
215,697,3,2
215,698,3,2
215,699,3,2
215,700,3,2
215,701,3,2
215,702,3,2
215,703,3,2
215,704,3,2
215,705,3,2
215,706,3,2
215,707,3,2
215,708,3,2
215,709,3,2
215,710,3,2
215,711,3,2
215,712,3,2
215,713,3,2
215,714,3,2
215,715,3,2
215,716,3,2
215,717,3,2
215,718,3,2
215,719,3,2
215,720,3,2
215,721,3,2
215,722,3,2
215,723,3,2
215,724,3,2
215,725,3,2
215,726,3,2
215,727,3,2
215,728,3,2
215,729,3,2
215,730,3,2
215,731,3,2
215,732,3,2
215,733,3,3
215,734,3,3
215,735,3,3
215,736,3,3
215,737,3,3
215,738,3,3
215,739,3,3
215,740,3,3
215,741,3,3
215,742,3,3
215,743,3,3
215,744,3,3
215,745,3,3
215,746,3,3
215,747,3,3
215,748,3,3
215,749,3,3
215,750,3,3
215,751,3,3
215,752,3,3
215,753,3,3
215,754,3,3
215,755,3,3
215,756,3,3
215,757,3,2
215,758,3,2
215,759,3,2
215,760,3,2
215,761,3,2
215,762,3,2
215,763,3,2
215,764,3,2
215,765,3,2
215,766,3,2
215,767,3,2
215,768,3,2
215,769,3,2
215,770,3,2
215,771,3,2
215,772,3,2
215,773,3,2
215,774,3,2
215,775,3,2
215,776,3,2
215,777,3,2
215,778,3,2
215,779,3,2
215,780,3,2
215,781,3,2
215,782,3,2
215,783,3,2
215,784,3,2
215,785,3,2
215,786,3,2
215,787,3,2
215,788,3,2
215,789,3,2
215,790,3,2
215,791,3,2
215,792,3,2
215,793,3,2
216,131,3,2
216,132,3,2
216,133,3,2
216,134,3,2
216,135,3,2
216,136,3,2
216,137,3,2
216,138,3,2
216,139,3,2
216,140,3,2
216,141,3,2
216,142,3,2
216,143,3,2
216,144,3,2
216,145,3,2
216,146,3,2
216,147,3,2
216,148,3,2
216,149,3,2
216,150,3,2
216,151,3,2
216,152,3,2
216,153,3,2
216,154,3,2
216,155,3,2
216,156,3,2
216,157,3,2
216,158,3,2
216,159,3,2
216,160,3,2
216,161,3,2
216,162,3,2
216,163,3,2
216,164,3,2
216,165,3,2
216,166,3,2
216,167,3,2
216,168,3,2
216,169,3,2
216,170,3,2
216,171,3,2
216,172,3,2
216,173,3,2
216,174,3,2
216,175,3,2
216,176,3,2
216,177,3,2
216,178,3,2
216,179,3,2
216,180,3,2
216,181,3,2
216,182,3,2
216,183,3,2
216,184,3,2
216,185,3,2
216,186,3,2
216,187,3,2
216,188,3,2
216,189,3,2
216,190,3,2
216,191,3,2
216,192,3,2
216,193,3,2
216,194,3,2
216,195,3,2
216,196,3,2
216,197,3,2
216,198,3,2
216,199,3,2
216,200,3,2
216,201,3,2
216,202,3,2
216,203,3,2
216,204,3,2
216,205,3,2
216,206,3,2
216,207,3,2
216,208,3,2
216,209,3,2
216,210,3,2
216,211,3,2
216,212,3,2
216,213,3,2
216,214,3,2
216,215,3,2
216,216,3,2
216,217,3,2
216,218,3,2
216,219,3,2
216,220,3,2
216,221,3,2
216,222,3,2
216,223,3,2
216,224,3,2
216,225,3,2
216,226,3,2
216,227,3,2
216,228,3,2
216,229,3,2
216,230,3,2
216,231,3,2
216,232,3,2
216,233,3,2
216,234,3,2
216,235,3,2
216,236,3,2
216,237,3,2
216,238,3,2
216,239,3,2
216,240,3,2
216,241,3,2
216,242,3,2
216,243,3,2
216,244,3,2
216,245,3,2
216,246,3,2
216,247,3,2
216,248,3,2
216,249,3,2
216,250,3,2
216,251,3,2
216,252,3,2
216,253,3,2
216,254,3,2
216,255,3,2
216,256,3,2
216,257,3,2
216,258,3,2
216,259,3,2
216,260,3,2
216,261,3,2
216,262,3,2
216,263,3,2
216,264,3,2
216,265,3,2
216,266,3,2
216,267,3,2
216,268,3,2
216,269,3,2
216,270,3,2
216,271,3,2
216,272,3,2
216,273,3,2
216,274,3,2
216,275,3,2
216,276,3,2
216,277,3,2
216,278,3,2
216,279,3,2
216,280,3,2
216,281,3,2
216,282,3,2
216,283,3,2
216,284,3,2
216,285,3,2
216,286,3,2
216,287,3,2
216,288,3,2
216,289,3,2
216,290,3,2
216,291,3,2
216,292,3,2
216,293,3,2
216,294,3,2
216,295,3,2
216,296,3,2
216,297,3,2
216,298,3,2
216,299,3,2
216,300,3,2
216,301,3,2
216,302,3,2
216,303,3,2
216,304,3,2
216,305,3,2
216,306,3,2
216,307,3,2
216,308,3,2
216,309,3,2
216,310,3,2
216,311,3,2
216,312,3,2
216,313,3,2
216,314,3,2
216,315,3,2
216,316,3,2
216,317,3,2
216,318,3,2
216,319,3,2
216,320,3,2
216,321,3,2
216,322,3,2
216,323,3,2
216,324,3,2
216,325,3,2
216,326,3,2
216,327,3,2
216,328,3,2
216,329,3,2
216,330,3,2
216,331,3,2
216,332,3,2
216,333,3,2
216,334,3,2
216,335,3,2
216,336,3,2
216,337,3,2
216,338,3,2
216,339,3,2
216,340,3,2
216,341,3,2
216,342,3,2
216,343,3,2
216,344,3,2
216,345,3,2
216,346,3,2
216,347,3,2
216,348,3,2
216,349,3,2
216,350,3,2
216,351,3,2
216,352,3,2
216,353,3,2
216,354,3,2
216,355,3,2
216,356,3,2
216,357,3,2
216,358,3,2
216,359,3,2
216,360,3,2
216,361,3,2
216,362,3,2
216,363,3,2
216,364,3,2
216,365,3,2
216,366,3,2
216,367,3,2
216,368,3,2
216,369,3,2
216,370,3,2
216,371,3,2
216,372,3,2
216,373,3,2
216,374,3,2
216,375,3,2
216,376,3,2
216,377,3,2
216,378,3,2
216,379,3,2
216,380,3,2
216,381,3,2
216,382,3,2
216,383,3,2
216,384,3,2
216,385,3,2
216,386,3,2
216,387,3,2
216,388,3,2
216,389,3,2
216,390,3,2
216,391,3,2
216,392,3,2
216,393,3,2
216,394,3,2
216,395,3,2
216,396,3,2
216,397,3,2
216,398,3,2
216,399,3,2
216,400,3,2
216,401,3,2
216,402,3,2
216,403,3,2
216,404,3,2
216,405,3,2
216,406,3,2
216,407,3,2
216,408,3,2
216,409,3,2
216,410,3,2
216,411,3,2
216,412,3,2
216,413,3,2
216,414,3,2
216,415,3,2
216,416,3,2
216,417,3,2
216,418,3,2
216,419,3,2
216,420,3,2
216,421,3,2
216,422,3,2
216,423,3,2
216,424,3,2
216,425,3,2
216,426,3,2
216,427,3,2
216,428,3,2
216,429,3,2
216,430,3,2
216,431,3,2
216,432,3,2
216,433,3,2
216,434,3,2
216,435,3,2
216,436,3,2
216,437,3,2
216,438,3,2
216,439,3,2
216,440,3,2
216,441,3,2
216,442,3,2
216,443,3,2
216,444,3,2
216,445,3,2
216,446,3,2
216,447,3,2
216,448,3,2
216,449,3,2
216,450,3,2
216,451,3,2
216,452,3,2
216,453,3,2
216,454,3,2
216,455,3,2
216,456,3,2
216,457,3,2
216,458,3,2
216,459,3,2
216,460,3,2
216,461,3,2
216,462,3,2
216,463,3,2
216,464,3,2
216,465,3,2
216,466,3,2
216,467,3,2
216,468,3,2
216,469,3,2
216,470,3,2
216,471,3,2
216,472,3,2
216,473,3,2
216,474,3,2
216,475,3,2
216,476,3,3
216,477,3,3
216,478,3,3
216,479,3,3
216,480,3,3
216,481,3,3
216,482,3,3
216,483,3,3
216,484,3,3
216,485,3,3
216,486,3,3
216,487,3,3
216,488,3,3
216,489,3,3
216,490,3,3
216,491,3,3
216,492,3,3
216,493,3,3
216,494,3,3
216,495,3,3
216,496,3,3
216,497,3,3
216,498,3,3
216,499,3,3
216,500,3,3
216,501,3,3
216,502,3,3
216,503,3,3
216,504,3,3
216,505,3,3
216,506,3,3
216,507,3,3
216,508,3,3
216,509,3,3
216,510,3,3
216,511,3,3
216,512,3,3
216,513,3,3
216,514,3,3
216,515,3,3
216,516,3,3
216,517,3,3
216,518,3,3
216,519,3,3
216,520,3,3
216,521,3,3
216,522,3,3
216,523,3,3
216,524,3,3
216,525,3,3
216,526,3,3
216,527,3,3
216,528,3,3
216,529,3,3
216,530,3,3
216,531,3,3
216,532,3,3
216,533,3,3
216,534,3,3
216,535,3,3
216,536,3,3
216,537,3,3
216,538,3,3
216,539,3,3
216,540,3,3
216,541,3,3
216,542,3,3
216,543,3,3
216,544,3,3
216,545,3,3
216,546,3,3
216,547,3,3
216,548,3,3
216,549,3,3
216,550,3,3
216,551,3,3
216,552,3,3
216,553,3,3
216,554,3,3
216,555,3,3
216,556,3,3
216,557,3,3
216,558,3,3
216,559,3,3
216,560,3,3
216,561,3,3
216,562,3,2
216,563,3,2
216,564,3,3
216,565,3,3
216,566,3,3
216,567,3,3
216,568,3,3
216,569,3,3
216,570,3,3
216,571,3,3
216,572,3,3
216,573,3,3
216,574,3,3
216,575,3,3
216,576,3,3
216,577,3,3
216,578,3,3
216,579,3,3
216,580,3,3
216,581,3,3
216,582,3,3
216,583,3,3
216,584,3,3
216,585,3,3
216,586,3,3
216,587,3,3
216,588,3,3
216,589,3,3
216,590,3,3
216,591,3,3
216,592,3,3
216,593,3,3
216,594,3,3
216,595,3,3
216,596,3,3
216,597,3,3
216,598,3,3
216,599,3,3
216,600,3,3
216,601,3,3
216,602,3,3
216,603,3,3
216,604,3,3
216,605,3,3
216,606,3,3
216,607,3,3
216,608,3,3
216,609,3,3
216,610,3,3
216,611,3,3
216,612,3,3
216,613,3,3
216,614,3,3
216,615,3,3
216,616,3,3
216,617,3,3
216,618,3,3
216,619,3,3
216,620,3,3
216,621,3,3
216,622,3,3
216,623,3,3
216,624,3,3
216,625,3,3
216,626,3,3
216,627,3,3
216,628,3,3
216,629,3,3
216,630,3,3
216,631,3,3
216,632,3,3
216,633,3,3
216,634,3,3
216,635,3,3
216,636,3,3
216,637,3,3
216,638,3,3
216,639,3,3
216,640,3,3
216,641,3,3
216,642,3,3
216,643,3,3
216,644,3,3
216,645,3,3
216,646,3,3
216,647,3,3
216,648,3,3
216,649,3,3
216,650,3,3
216,651,3,3
216,652,3,3
216,653,3,3
216,654,3,3
216,655,3,3
216,656,3,3
216,657,3,3
216,658,3,3
216,659,3,3
216,660,3,3
216,661,3,3
216,662,3,3
216,663,3,3
216,664,3,3
216,665,3,3
216,666,3,3
216,667,3,3
216,668,3,3
216,669,3,3
216,670,3,3
216,671,3,3
216,672,3,3
216,673,3,3
216,674,3,3
216,675,3,3
216,676,3,3
216,677,3,3
216,678,3,3
216,679,3,3
216,680,3,3
216,681,3,3
216,682,3,3
216,683,3,3
216,684,3,3
216,685,3,3
216,686,3,3
216,687,3,3
216,688,3,3
216,689,3,3
216,690,3,3
216,691,3,3
216,692,3,3
216,693,3,3
216,694,3,3
216,695,3,3
216,696,3,2
216,697,3,2
216,698,3,2
216,699,3,2
216,700,3,2
216,701,3,2
216,702,3,2
216,703,3,2
216,704,3,2
216,705,3,2
216,706,3,2
216,707,3,2
216,708,3,2
216,709,3,2
216,710,3,2
216,711,3,2
216,712,3,2
216,713,3,2
216,714,3,2
216,715,3,2
216,716,3,2
216,717,3,2
216,718,3,2
216,719,3,2
216,720,3,2
216,721,3,2
216,722,3,2
216,723,3,2
216,724,3,2
216,725,3,2
216,726,3,2
216,727,3,2
216,728,3,2
216,729,3,2
216,730,3,2
216,731,3,2
216,732,3,2
216,733,3,2
216,734,3,3
216,735,3,3
216,736,3,3
216,737,3,3
216,738,3,3
216,739,3,3
216,740,3,3
216,741,3,3
216,742,3,3
216,743,3,3
216,744,3,3
216,745,3,3
216,746,3,3
216,747,3,3
216,748,3,3
216,749,3,3
216,750,3,3
216,751,3,3
216,752,3,3
216,753,3,3
216,754,3,3
216,755,3,3
216,756,3,3
216,757,3,2
216,758,3,2
216,759,3,2
216,760,3,2
216,761,3,2
216,762,3,2
216,763,3,2
216,764,3,2
216,765,3,2
216,766,3,2
216,767,3,2
216,768,3,2
216,769,3,2
216,770,3,2
216,771,3,2
216,772,3,2
216,773,3,2
216,774,3,2
216,775,3,2
216,776,3,2
216,777,3,2
216,778,3,2
216,779,3,2
216,780,3,2
216,781,3,2
216,782,3,2
216,783,3,2
216,784,3,2
216,785,3,2
216,786,3,2
216,787,3,2
216,788,3,2
216,789,3,2
216,790,3,2
216,791,3,2
216,792,3,2
216,793,3,2
217,131,3,2
217,132,3,2
217,133,3,2
217,134,3,2
217,135,3,2
217,136,3,2
217,137,3,2
217,138,3,2
217,139,3,2
217,140,3,2
217,141,3,2
217,142,3,2
217,143,3,2
217,144,3,2
217,145,3,2
217,146,3,2
217,147,3,2
217,148,3,2
217,149,3,2
217,150,3,2
217,151,3,2
217,152,3,2
217,153,3,2
217,154,3,2
217,155,3,2
217,156,3,2
217,157,3,2
217,158,3,2
217,159,3,2
217,160,3,2
217,161,3,2
217,162,3,2
217,163,3,2
217,164,3,2
217,165,3,2
217,166,3,2
217,167,3,2
217,168,3,2
217,169,3,2
217,170,3,2
217,171,3,2
217,172,3,2
217,173,3,2
217,174,3,2
217,175,3,2
217,176,3,2
217,177,3,2
217,178,3,2
217,179,3,2
217,180,3,2
217,181,3,2
217,182,3,2
217,183,3,2
217,184,3,2
217,185,3,2
217,186,3,2
217,187,3,2
217,188,3,2
217,189,3,2
217,190,3,2
217,191,3,2
217,192,3,2
217,193,3,2
217,194,3,2
217,195,3,2
217,196,3,2
217,197,3,2
217,198,3,2
217,199,3,2
217,200,3,2
217,201,3,2
217,202,3,2
217,203,3,2
217,204,3,2
217,205,3,2
217,206,3,2
217,207,3,2
217,208,3,2
217,209,3,2
217,210,3,2
217,211,3,2
217,212,3,2
217,213,3,2
217,214,3,2
217,215,3,2
217,216,3,2
217,217,3,2
217,218,3,2
217,219,3,2
217,220,3,2
217,221,3,2
217,222,3,2
217,223,3,2
217,224,3,2
217,225,3,2
217,226,3,2
217,227,3,2
217,228,3,2
217,229,3,2
217,230,3,2
217,231,3,2
217,232,3,2
217,233,3,2
217,234,3,2
217,235,3,2
217,236,3,2
217,237,3,2
217,238,3,2
217,239,3,2
217,240,3,2
217,241,3,2
217,242,3,2
217,243,3,2
217,244,3,2
217,245,3,2
217,246,3,2
217,247,3,2
217,248,3,2
217,249,3,2
217,250,3,2
217,251,3,2
217,252,3,2
217,253,3,2
217,254,3,2
217,255,3,2
217,256,3,2
217,257,3,2
217,258,3,2
217,259,3,2
217,260,3,2
217,261,3,2
217,262,3,2
217,263,3,2
217,264,3,2
217,265,3,2
217,266,3,2
217,267,3,2
217,268,3,2
217,269,3,2
217,270,3,2
217,271,3,2
217,272,3,2
217,273,3,2
217,274,3,2
217,275,3,2
217,276,3,2
217,277,3,2
217,278,3,2
217,279,3,2
217,280,3,2
217,281,3,2
217,282,3,2
217,283,3,2
217,284,3,2
217,285,3,2
217,286,3,2
217,287,3,2
217,288,3,2
217,289,3,2
217,290,3,2
217,291,3,2
217,292,3,2
217,293,3,2
217,294,3,2
217,295,3,2
217,296,3,2
217,297,3,2
217,298,3,2
217,299,3,2
217,300,3,2
217,301,3,2
217,302,3,2
217,303,3,2
217,304,3,2
217,305,3,2
217,306,3,2
217,307,3,2
217,308,3,2
217,309,3,2
217,310,3,2
217,311,3,2
217,312,3,2
217,313,3,2
217,314,3,2
217,315,3,2
217,316,3,2
217,317,3,2
217,318,3,2
217,319,3,2
217,320,3,2
217,321,3,2
217,322,3,2
217,323,3,2
217,324,3,2
217,325,3,2
217,326,3,2
217,327,3,2
217,328,3,2
217,329,3,2
217,330,3,2
217,331,3,2
217,332,3,2
217,333,3,2
217,334,3,2
217,335,3,2
217,336,3,2
217,337,3,2
217,338,3,2
217,339,3,2
217,340,3,2
217,341,3,2
217,342,3,2
217,343,3,2
217,344,3,2
217,345,3,2
217,346,3,2
217,347,3,2
217,348,3,2
217,349,3,2
217,350,3,2
217,351,3,2
217,352,3,2
217,353,3,2
217,354,3,2
217,355,3,2
217,356,3,2
217,357,3,2
217,358,3,2
217,359,3,2
217,360,3,2
217,361,3,2
217,362,3,2
217,363,3,2
217,364,3,2
217,365,3,2
217,366,3,2
217,367,3,2
217,368,3,2
217,369,3,2
217,370,3,2
217,371,3,2
217,372,3,2
217,373,3,2
217,374,3,2
217,375,3,2
217,376,3,2
217,377,3,2
217,378,3,2
217,379,3,2
217,380,3,2
217,381,3,2
217,382,3,2
217,383,3,2
217,384,3,2
217,385,3,2
217,386,3,2
217,387,3,2
217,388,3,2
217,389,3,2
217,390,3,2
217,391,3,2
217,392,3,2
217,393,3,2
217,394,3,2
217,395,3,2
217,396,3,2
217,397,3,2
217,398,3,2
217,399,3,2
217,400,3,2
217,401,3,2
217,402,3,2
217,403,3,2
217,404,3,2
217,405,3,2
217,406,3,2
217,407,3,2
217,408,3,2
217,409,3,2
217,410,3,2
217,411,3,2
217,412,3,2
217,413,3,2
217,414,3,2
217,415,3,2
217,416,3,2
217,417,3,2
217,418,3,2
217,419,3,2
217,420,3,2
217,421,3,2
217,422,3,2
217,423,3,2
217,424,3,2
217,425,3,2
217,426,3,2
217,427,3,2
217,428,3,2
217,429,3,2
217,430,3,2
217,431,3,2
217,432,3,2
217,433,3,2
217,434,3,2
217,435,3,2
217,436,3,2
217,437,3,2
217,438,3,2
217,439,3,2
217,440,3,2
217,441,3,2
217,442,3,2
217,443,3,2
217,444,3,2
217,445,3,2
217,446,3,2
217,447,3,2
217,448,3,2
217,449,3,2
217,450,3,2
217,451,3,2
217,452,3,2
217,453,3,2
217,454,3,2
217,455,3,2
217,456,3,2
217,457,3,2
217,458,3,2
217,459,3,2
217,460,3,2
217,461,3,2
217,462,3,2
217,463,3,2
217,464,3,2
217,465,3,2
217,466,3,2
217,467,3,2
217,468,3,2
217,469,3,2
217,470,3,2
217,471,3,2
217,472,3,2
217,473,3,2
217,474,3,2
217,475,3,2
217,476,3,3
217,477,3,3
217,478,3,3
217,479,3,3
217,480,3,3
217,481,3,3
217,482,3,3
217,483,3,3
217,484,3,3
217,485,3,3
217,486,3,3
217,487,3,3
217,488,3,3
217,489,3,3
217,490,3,3
217,491,3,3
217,492,3,3
217,493,3,3
217,494,3,3
217,495,3,3
217,496,3,3
217,497,3,3
217,498,3,3
217,499,3,3
217,500,3,3
217,501,3,3
217,502,3,3
217,503,3,3
217,504,3,3
217,505,3,3
217,506,3,3
217,507,3,3
217,508,3,3
217,509,3,3
217,510,3,3
217,511,3,3
217,512,3,3
217,513,3,3
217,514,3,3
217,515,3,3
217,516,3,3
217,517,3,3
217,518,3,3
217,519,3,3
217,520,3,3
217,521,3,3
217,522,3,3
217,523,3,3
217,524,3,3
217,525,3,3
217,526,3,3
217,527,3,3
217,528,3,3
217,529,3,3
217,530,3,3
217,531,3,3
217,532,3,3
217,533,3,3
217,534,3,3
217,535,3,3
217,536,3,3
217,537,3,3
217,538,3,3
217,539,3,3
217,540,3,3
217,541,3,3
217,542,3,3
217,543,3,3
217,544,3,3
217,545,3,3
217,546,3,3
217,547,3,3
217,548,3,3
217,549,3,3
217,550,3,3
217,551,3,3
217,552,3,3
217,553,3,3
217,554,3,3
217,555,3,3
217,556,3,3
217,557,3,3
217,558,3,3
217,559,3,3
217,560,3,3
217,561,3,3
217,562,3,2
217,563,3,3
217,564,3,3
217,565,3,3
217,566,3,3
217,567,3,3
217,568,3,3
217,569,3,3
217,570,3,3
217,571,3,3
217,572,3,3
217,573,3,3
217,574,3,3
217,575,3,3
217,576,3,3
217,577,3,3
217,578,3,3
217,579,3,3
217,580,3,3
217,581,3,3
217,582,3,3
217,583,3,3
217,584,3,3
217,585,3,3
217,586,3,3
217,587,3,3
217,588,3,3
217,589,3,3
217,590,3,3
217,591,3,3
217,592,3,3
217,593,3,3
217,594,3,3
217,595,3,3
217,596,3,3
217,597,3,3
217,598,3,3
217,599,3,3
217,600,3,3
217,601,3,3
217,602,3,3
217,603,3,3
217,604,3,3
217,605,3,3
217,606,3,3
217,607,3,3
217,608,3,3
217,609,3,3
217,610,3,3
217,611,3,3
217,612,3,3
217,613,3,3
217,614,3,3
217,615,3,3
217,616,3,3
217,617,3,3
217,618,3,3
217,619,3,3
217,620,3,3
217,621,3,3
217,622,3,3
217,623,3,3
217,624,3,3
217,625,3,3
217,626,3,3
217,627,3,3
217,628,3,3
217,629,3,3
217,630,3,3
217,631,3,3
217,632,3,3
217,633,3,3
217,634,3,3
217,635,3,3
217,636,3,3
217,637,3,3
217,638,3,3
217,639,3,3
217,640,3,3
217,641,3,3
217,642,3,3
217,643,3,3
217,644,3,3
217,645,3,3
217,646,3,3
217,647,3,3
217,648,3,3
217,649,3,3
217,650,3,3
217,651,3,3
217,652,3,3
217,653,3,3
217,654,3,3
217,655,3,3
217,656,3,3
217,657,3,3
217,658,3,3
217,659,3,3
217,660,3,3
217,661,3,3
217,662,3,3
217,663,3,3
217,664,3,3
217,665,3,3
217,666,3,3
217,667,3,3
217,668,3,3
217,669,3,3
217,670,3,3
217,671,3,3
217,672,3,3
217,673,3,3
217,674,3,3
217,675,3,3
217,676,3,3
217,677,3,3
217,678,3,3
217,679,3,3
217,680,3,3
217,681,3,3
217,682,3,3
217,683,3,3
217,684,3,3
217,685,3,3
217,686,3,3
217,687,3,3
217,688,3,3
217,689,3,3
217,690,3,3
217,691,3,3
217,692,3,3
217,693,3,3
217,694,3,3
217,695,3,2
217,696,3,2
217,697,3,2
217,698,3,2
217,699,3,2
217,700,3,2
217,701,3,2
217,702,3,2
217,703,3,2
217,704,3,2
217,705,3,2
217,706,3,2
217,707,3,2
217,708,3,2
217,709,3,2
217,710,3,2
217,711,3,2
217,712,3,2
217,713,3,2
217,714,3,2
217,715,3,2
217,716,3,2
217,717,3,2
217,718,3,2
217,719,3,2
217,720,3,2
217,721,3,2
217,722,3,2
217,723,3,2
217,724,3,2
217,725,3,2
217,726,3,2
217,727,3,2
217,728,3,2
217,729,3,2
217,730,3,2
217,731,3,2
217,732,3,2
217,733,3,2
217,734,3,2
217,735,3,2
217,736,3,3
217,737,3,3
217,738,3,3
217,739,3,3
217,740,3,3
217,741,3,3
217,742,3,3
217,743,3,3
217,744,3,3
217,745,3,3
217,746,3,3
217,747,3,3
217,748,3,3
217,749,3,3
217,750,3,3
217,751,3,3
217,752,3,3
217,753,3,3
217,754,3,3
217,755,3,3
217,756,3,3
217,757,3,2
217,758,3,2
217,759,3,2
217,760,3,2
217,761,3,2
217,762,3,2
217,763,3,2
217,764,3,2
217,765,3,2
217,766,3,2
217,767,3,2
217,768,3,2
217,769,3,2
217,770,3,2
217,771,3,2
217,772,3,2
217,773,3,2
217,774,3,2
217,775,3,2
217,776,3,2
217,777,3,2
217,778,3,2
217,779,3,2
217,780,3,2
217,781,3,2
217,782,3,2
217,783,3,2
217,784,3,2
217,785,3,2
217,786,3,2
217,787,3,2
217,788,3,2
217,789,3,2
217,790,3,2
217,791,3,2
217,792,3,2
217,793,3,2
218,131,3,2
218,132,3,2
218,133,3,2
218,134,3,2
218,135,3,2
218,136,3,2
218,137,3,2
218,138,3,2
218,139,3,2
218,140,3,2
218,141,3,2
218,142,3,2
218,143,3,2
218,144,3,2
218,145,3,2
218,146,3,2
218,147,3,2
218,148,3,2
218,149,3,2
218,150,3,2
218,151,3,2
218,152,3,2
218,153,3,2
218,154,3,2
218,155,3,2
218,156,3,2
218,157,3,2
218,158,3,2
218,159,3,2
218,160,3,2
218,161,3,2
218,162,3,2
218,163,3,2
218,164,3,2
218,165,3,2
218,166,3,2
218,167,3,2
218,168,3,2
218,169,3,2
218,170,3,2
218,171,3,2
218,172,3,2
218,173,3,2
218,174,3,2
218,175,3,2
218,176,3,2
218,177,3,2
218,178,3,2
218,179,3,2
218,180,3,2
218,181,3,2
218,182,3,2
218,183,3,2
218,184,3,2
218,185,3,2
218,186,3,2
218,187,3,2
218,188,3,2
218,189,3,2
218,190,3,2
218,191,3,2
218,192,3,2
218,193,3,2
218,194,3,2
218,195,3,2
218,196,3,2
218,197,3,2
218,198,3,2
218,199,3,2
218,200,3,2
218,201,3,2
218,202,3,2
218,203,3,2
218,204,3,2
218,205,3,2
218,206,3,2
218,207,3,2
218,208,3,2
218,209,3,2
218,210,3,2
218,211,3,2
218,212,3,2
218,213,3,2
218,214,3,2
218,215,3,2
218,216,3,2
218,217,3,2
218,218,3,2
218,219,3,2
218,220,3,2
218,221,3,2
218,222,3,2
218,223,3,2
218,224,3,2
218,225,3,2
218,226,3,2
218,227,3,2
218,228,3,2
218,229,3,2
218,230,3,2
218,231,3,2
218,232,3,2
218,233,3,2
218,234,3,2
218,235,3,2
218,236,3,2
218,237,3,2
218,238,3,2
218,239,3,2
218,240,3,2
218,241,3,2
218,242,3,2
218,243,3,2
218,244,3,2
218,245,3,2
218,246,3,2
218,247,3,2
218,248,3,2
218,249,3,2
218,250,3,2
218,251,3,2
218,252,3,2
218,253,3,2
218,254,3,2
218,255,3,2
218,256,3,2
218,257,3,2
218,258,3,2
218,259,3,2
218,260,3,2
218,261,3,2
218,262,3,2
218,263,3,2
218,264,3,2
218,265,3,2
218,266,3,2
218,267,3,2
218,268,3,2
218,269,3,2
218,270,3,2
218,271,3,2
218,272,3,2
218,273,3,2
218,274,3,2
218,275,3,2
218,276,3,2
218,277,3,2
218,278,3,2
218,279,3,2
218,280,3,2
218,281,3,2
218,282,3,2
218,283,3,2
218,284,3,2
218,285,3,2
218,286,3,2
218,287,3,2
218,288,3,2
218,289,3,2
218,290,3,2
218,291,3,2
218,292,3,2
218,293,3,2
218,294,3,2
218,295,3,2
218,296,3,2
218,297,3,2
218,298,3,2
218,299,3,2
218,300,3,2
218,301,3,2
218,302,3,2
218,303,3,2
218,304,3,2
218,305,3,2
218,306,3,2
218,307,3,2
218,308,3,2
218,309,3,2
218,310,3,2
218,311,3,2
218,312,3,2
218,313,3,2
218,314,3,2
218,315,3,2
218,316,3,2
218,317,3,2
218,318,3,2
218,319,3,2
218,320,3,2
218,321,3,2
218,322,3,2
218,323,3,2
218,324,3,2
218,325,3,2
218,326,3,2
218,327,3,2
218,328,3,2
218,329,3,2
218,330,3,2
218,331,3,2
218,332,3,2
218,333,3,2
218,334,3,2
218,335,3,2
218,336,3,2
218,337,3,2
218,338,3,2
218,339,3,2
218,340,3,2
218,341,3,2
218,342,3,2
218,343,3,2
218,344,3,2
218,345,3,2
218,346,3,2
218,347,3,2
218,348,3,2
218,349,3,2
218,350,3,2
218,351,3,2
218,352,3,2
218,353,3,2
218,354,3,2
218,355,3,2
218,356,3,2
218,357,3,2
218,358,3,2
218,359,3,2
218,360,3,2
218,361,3,2
218,362,3,2
218,363,3,2
218,364,3,2
218,365,3,2
218,366,3,2
218,367,3,2
218,368,3,2
218,369,3,2
218,370,3,2
218,371,3,2
218,372,3,2
218,373,3,2
218,374,3,2
218,375,3,2
218,376,3,2
218,377,3,2
218,378,3,2
218,379,3,2
218,380,3,2
218,381,3,2
218,382,3,2
218,383,3,2
218,384,3,2
218,385,3,2
218,386,3,2
218,387,3,2
218,388,3,2
218,389,3,2
218,390,3,2
218,391,3,2
218,392,3,2
218,393,3,2
218,394,3,2
218,395,3,2
218,396,3,2
218,397,3,2
218,398,3,2
218,399,3,2
218,400,3,2
218,401,3,2
218,402,3,2
218,403,3,2
218,404,3,2
218,405,3,2
218,406,3,2
218,407,3,2
218,408,3,2
218,409,3,2
218,410,3,2
218,411,3,2
218,412,3,2
218,413,3,2
218,414,3,2
218,415,3,2
218,416,3,2
218,417,3,2
218,418,3,2
218,419,3,2
218,420,3,2
218,421,3,2
218,422,3,2
218,423,3,2
218,424,3,2
218,425,3,2
218,426,3,2
218,427,3,2
218,428,3,2
218,429,3,2
218,430,3,2
218,431,3,2
218,432,3,2
218,433,3,2
218,434,3,2
218,435,3,2
218,436,3,2
218,437,3,2
218,438,3,2
218,439,3,2
218,440,3,2
218,441,3,2
218,442,3,2
218,443,3,2
218,444,3,2
218,445,3,2
218,446,3,2
218,447,3,2
218,448,3,2
218,449,3,2
218,450,3,2
218,451,3,2
218,452,3,2
218,453,3,2
218,454,3,2
218,455,3,2
218,456,3,2
218,457,3,2
218,458,3,2
218,459,3,2
218,460,3,2
218,461,3,2
218,462,3,2
218,463,3,2
218,464,3,2
218,465,3,2
218,466,3,2
218,467,3,2
218,468,3,2
218,469,3,2
218,470,3,2
218,471,3,2
218,472,3,2
218,473,3,2
218,474,3,2
218,475,3,2
218,476,3,2
218,477,3,3
218,478,3,3
218,479,3,3
218,480,3,3
218,481,3,3
218,482,3,3
218,483,3,3
218,484,3,3
218,485,3,3
218,486,3,3
218,487,3,3
218,488,3,3
218,489,3,3
218,490,3,3
218,491,3,3
218,492,3,3
218,493,3,3
218,494,3,3
218,495,3,3
218,496,3,3
218,497,3,3
218,498,3,3
218,499,3,3
218,500,3,3
218,501,3,3
218,502,3,3
218,503,3,3
218,504,3,3
218,505,3,3
218,506,3,3
218,507,3,3
218,508,3,3
218,509,3,3
218,510,3,3
218,511,3,3
218,512,3,3
218,513,3,3
218,514,3,3
218,515,3,3
218,516,3,3
218,517,3,3
218,518,3,3
218,519,3,3
218,520,3,3
218,521,3,3
218,522,3,3
218,523,3,3
218,524,3,3
218,525,3,3
218,526,3,3
218,527,3,3
218,528,3,3
218,529,3,3
218,530,3,3
218,531,3,3
218,532,3,3
218,533,3,3
218,534,3,3
218,535,3,3
218,536,3,3
218,537,3,3
218,538,3,3
218,539,3,3
218,540,3,3
218,541,3,3
218,542,3,3
218,543,3,3
218,544,3,3
218,545,3,3
218,546,3,3
218,547,3,3
218,548,3,3
218,549,3,3
218,550,3,3
218,551,3,3
218,552,3,3
218,553,3,3
218,554,3,3
218,555,3,3
218,556,3,3
218,557,3,3
218,558,3,3
218,559,3,3
218,560,3,3
218,561,3,3
218,562,3,3
218,563,3,3
218,564,3,3
218,565,3,3
218,566,3,3
218,567,3,3
218,568,3,3
218,569,3,3
218,570,3,3
218,571,3,3
218,572,3,3
218,573,3,3
218,574,3,3
218,575,3,3
218,576,3,3
218,577,3,3
218,578,3,3
218,579,3,3
218,580,3,3
218,581,3,3
218,582,3,3
218,583,3,3
218,584,3,3
218,585,3,3
218,586,3,3
218,587,3,3
218,588,3,3
218,589,3,3
218,590,3,3
218,591,3,3
218,592,3,3
218,593,3,3
218,594,3,3
218,595,3,3
218,596,3,3
218,597,3,3
218,598,3,3
218,599,3,3
218,600,3,3
218,601,3,3
218,602,3,3
218,603,3,3
218,604,3,3
218,605,3,3
218,606,3,3
218,607,3,3
218,608,3,3
218,609,3,3
218,610,3,3
218,611,3,3
218,612,3,3
218,613,3,3
218,614,3,3
218,615,3,3
218,616,3,3
218,617,3,3
218,618,3,3
218,619,3,3
218,620,3,3
218,621,3,3
218,622,3,3
218,623,3,3
218,624,3,3
218,625,3,3
218,626,3,3
218,627,3,3
218,628,3,3
218,629,3,3
218,630,3,3
218,631,3,3
218,632,3,3
218,633,3,3
218,634,3,3
218,635,3,3
218,636,3,3
218,637,3,3
218,638,3,3
218,639,3,3
218,640,3,3
218,641,3,3
218,642,3,3
218,643,3,3
218,644,3,3
218,645,3,3
218,646,3,3
218,647,3,3
218,648,3,3
218,649,3,3
218,650,3,3
218,651,3,3
218,652,3,3
218,653,3,3
218,654,3,3
218,655,3,3
218,656,3,3
218,657,3,3
218,658,3,3
218,659,3,3
218,660,3,3
218,661,3,3
218,662,3,3
218,663,3,3
218,664,3,3
218,665,3,3
218,666,3,3
218,667,3,3
218,668,3,3
218,669,3,3
218,670,3,3
218,671,3,3
218,672,3,3
218,673,3,3
218,674,3,3
218,675,3,3
218,676,3,3
218,677,3,3
218,678,3,3
218,679,3,3
218,680,3,3
218,681,3,3
218,682,3,3
218,683,3,3
218,684,3,3
218,685,3,3
218,686,3,3
218,687,3,3
218,688,3,3
218,689,3,3
218,690,3,3
218,691,3,3
218,692,3,3
218,693,3,3
218,694,3,3
218,695,3,2
218,696,3,2
218,697,3,2
218,698,3,2
218,699,3,2
218,700,3,2
218,701,3,2
218,702,3,2
218,703,3,2
218,704,3,2
218,705,3,2
218,706,3,2
218,707,3,2
218,708,3,2
218,709,3,2
218,710,3,2
218,711,3,2
218,712,3,2
218,713,3,2
218,714,3,2
218,715,3,2
218,716,3,2
218,717,3,2
218,718,3,2
218,719,3,2
218,720,3,2
218,721,3,2
218,722,3,2
218,723,3,2
218,724,3,2
218,725,3,2
218,726,3,2
218,727,3,2
218,728,3,2
218,729,3,2
218,730,3,2
218,731,3,2
218,732,3,2
218,733,3,2
218,734,3,2
218,735,3,2
218,736,3,2
218,737,3,2
218,738,3,2
218,739,3,3
218,740,3,3
218,741,3,3
218,742,3,3
218,743,3,3
218,744,3,3
218,745,3,3
218,746,3,3
218,747,3,3
218,748,3,3
218,749,3,3
218,750,3,3
218,751,3,3
218,752,3,3
218,753,3,3
218,754,3,3
218,755,3,3
218,756,3,2
218,757,3,2
218,758,3,2
218,759,3,2
218,760,3,2
218,761,3,2
218,762,3,2
218,763,3,2
218,764,3,2
218,765,3,2
218,766,3,2
218,767,3,2
218,768,3,2
218,769,3,2
218,770,3,2
218,771,3,2
218,772,3,2
218,773,3,2
218,774,3,2
218,775,3,2
218,776,3,2
218,777,3,2
218,778,3,2
218,779,3,2
218,780,3,2
218,781,3,2
218,782,3,2
218,783,3,2
218,784,3,2
218,785,3,2
218,786,3,2
218,787,3,2
218,788,3,2
218,789,3,2
218,790,3,2
218,791,3,2
218,792,3,2
218,793,3,2
219,130,3,2
219,131,3,2
219,132,3,2
219,133,3,2
219,134,3,2
219,135,3,2
219,136,3,2
219,137,3,2
219,138,3,2
219,139,3,2
219,140,3,2
219,141,3,2
219,142,3,2
219,143,3,2
219,144,3,2
219,145,3,2
219,146,3,2
219,147,3,2
219,148,3,2
219,149,3,2
219,150,3,2
219,151,3,2
219,152,3,2
219,153,3,2
219,154,3,2
219,155,3,2
219,156,3,2
219,157,3,2
219,158,3,2
219,159,3,2
219,160,3,2
219,161,3,2
219,162,3,2
219,163,3,2
219,164,3,2
219,165,3,2
219,166,3,2
219,167,3,2
219,168,3,2
219,169,3,2
219,170,3,2
219,171,3,2
219,172,3,2
219,173,3,2
219,174,3,2
219,175,3,2
219,176,3,2
219,177,3,2
219,178,3,2
219,179,3,2
219,180,3,2
219,181,3,2
219,182,3,2
219,183,3,2
219,184,3,2
219,185,3,2
219,186,3,2
219,187,3,2
219,188,3,2
219,189,3,2
219,190,3,2
219,191,3,2
219,192,3,2
219,193,3,2
219,194,3,2
219,195,3,2
219,196,3,2
219,197,3,2
219,198,3,2
219,199,3,2
219,200,3,2
219,201,3,2
219,202,3,2
219,203,3,2
219,204,3,2
219,205,3,2
219,206,3,2
219,207,3,2
219,208,3,2
219,209,3,2
219,210,3,2
219,211,3,2
219,212,3,2
219,213,3,2
219,214,3,2
219,215,3,2
219,216,3,2
219,217,3,2
219,218,3,2
219,219,3,2
219,220,3,2
219,221,3,2
219,222,3,2
219,223,3,2
219,224,3,2
219,225,3,2
219,226,3,2
219,227,3,2
219,228,3,2
219,229,3,2
219,230,3,2
219,231,3,2
219,232,3,2
219,233,3,2
219,234,3,2
219,235,3,2
219,236,3,2
219,237,3,2
219,238,3,2
219,239,3,2
219,240,3,2
219,241,3,2
219,242,3,2
219,243,3,2
219,244,3,2
219,245,3,2
219,246,3,2
219,247,3,2
219,248,3,2
219,249,3,2
219,250,3,2
219,251,3,2
219,252,3,2
219,253,3,2
219,254,3,2
219,255,3,2
219,256,3,2
219,257,3,2
219,258,3,2
219,259,3,2
219,260,3,2
219,261,3,2
219,262,3,2
219,263,3,2
219,264,3,2
219,265,3,2
219,266,3,2
219,267,3,2
219,268,3,2
219,269,3,2
219,270,3,2
219,271,3,2
219,272,3,2
219,273,3,2
219,274,3,2
219,275,3,2
219,276,3,2
219,277,3,2
219,278,3,2
219,279,3,2
219,280,3,2
219,281,3,2
219,282,3,2
219,283,3,2
219,284,3,2
219,285,3,2
219,286,3,2
219,287,3,2
219,288,3,2
219,289,3,2
219,290,3,2
219,291,3,2
219,292,3,2
219,293,3,2
219,294,3,2
219,295,3,2
219,296,3,2
219,297,3,2
219,298,3,2
219,299,3,2
219,300,3,2
219,301,3,2
219,302,3,2
219,303,3,2
219,304,3,2
219,305,3,2
219,306,3,2
219,307,3,2
219,308,3,2
219,309,3,2
219,310,3,2
219,311,3,2
219,312,3,2
219,313,3,2
219,314,3,2
219,315,3,2
219,316,3,2
219,317,3,2
219,318,3,2
219,319,3,2
219,320,3,2
219,321,3,2
219,322,3,2
219,323,3,2
219,324,3,2
219,325,3,2
219,326,3,2
219,327,3,2
219,328,3,2
219,329,3,2
219,330,3,2
219,331,3,2
219,332,3,2
219,333,3,2
219,334,3,2
219,335,3,2
219,336,3,2
219,337,3,2
219,338,3,2
219,339,3,2
219,340,3,2
219,341,3,2
219,342,3,2
219,343,3,2
219,344,3,2
219,345,3,2
219,346,3,2
219,347,3,2
219,348,3,2
219,349,3,2
219,350,3,2
219,351,3,2
219,352,3,2
219,353,3,2
219,354,3,2
219,355,3,2
219,356,3,2
219,357,3,2
219,358,3,2
219,359,3,2
219,360,3,2
219,361,3,2
219,362,3,2
219,363,3,2
219,364,3,2
219,365,3,2
219,366,3,2
219,367,3,2
219,368,3,2
219,369,3,2
219,370,3,2
219,371,3,2
219,372,3,2
219,373,3,2
219,374,3,2
219,375,3,2
219,376,3,2
219,377,3,2
219,378,3,2
219,379,3,2
219,380,3,2
219,381,3,2
219,382,3,2
219,383,3,2
219,384,3,2
219,385,3,2
219,386,3,2
219,387,3,2
219,388,3,2
219,389,3,2
219,390,3,2
219,391,3,2
219,392,3,2
219,393,3,2
219,394,3,2
219,395,3,2
219,396,3,2
219,397,3,2
219,398,3,2
219,399,3,2
219,400,3,2
219,401,3,2
219,402,3,2
219,403,3,2
219,404,3,2
219,405,3,2
219,406,3,2
219,407,3,2
219,408,3,2
219,409,3,2
219,410,3,2
219,411,3,2
219,412,3,2
219,413,3,2
219,414,3,2
219,415,3,2
219,416,3,2
219,417,3,2
219,418,3,2
219,419,3,2
219,420,3,2
219,421,3,2
219,422,3,2
219,423,3,2
219,424,3,2
219,425,3,2
219,426,3,2
219,427,3,2
219,428,3,2
219,429,3,2
219,430,3,2
219,431,3,2
219,432,3,2
219,433,3,2
219,434,3,2
219,435,3,2
219,436,3,2
219,437,3,2
219,438,3,2
219,439,3,2
219,440,3,2
219,441,3,2
219,442,3,2
219,443,3,2
219,444,3,2
219,445,3,2
219,446,3,2
219,447,3,2
219,448,3,2
219,449,3,2
219,450,3,2
219,451,3,2
219,452,3,2
219,453,3,2
219,454,3,2
219,455,3,2
219,456,3,2
219,457,3,2
219,458,3,2
219,459,3,2
219,460,3,2
219,461,3,2
219,462,3,2
219,463,3,2
219,464,3,2
219,465,3,2
219,466,3,2
219,467,3,2
219,468,3,2
219,469,3,2
219,470,3,2
219,471,3,2
219,472,3,2
219,473,3,2
219,474,3,2
219,475,3,2
219,476,3,2
219,477,3,2
219,478,3,3
219,479,3,3
219,480,3,3
219,481,3,3
219,482,3,3
219,483,3,3
219,484,3,3
219,485,3,3
219,486,3,3
219,487,3,3
219,488,3,3
219,489,3,3
219,490,3,3
219,491,3,3
219,492,3,3
219,493,3,3
219,494,3,3
219,495,3,3
219,496,3,3
219,497,3,3
219,498,3,3
219,499,3,3
219,500,3,3
219,501,3,3
219,502,3,3
219,503,3,3
219,504,3,3
219,505,3,3
219,506,3,3
219,507,3,3
219,508,3,3
219,509,3,3
219,510,3,3
219,511,3,3
219,512,3,3
219,513,3,3
219,514,3,3
219,515,3,3
219,516,3,3
219,517,3,3
219,518,3,3
219,519,3,3
219,520,3,3
219,521,3,3
219,522,3,3
219,523,3,3
219,524,3,3
219,525,3,3
219,526,3,3
219,527,3,3
219,528,3,3
219,529,3,3
219,530,3,3
219,531,3,3
219,532,3,3
219,533,3,3
219,534,3,3
219,535,3,3
219,536,3,3
219,537,3,3
219,538,3,3
219,539,3,3
219,540,3,3
219,541,3,3
219,542,3,3
219,543,3,3
219,544,3,3
219,545,3,3
219,546,3,3
219,547,3,3
219,548,3,3
219,549,3,3
219,550,3,3
219,551,3,3
219,552,3,3
219,553,3,3
219,554,3,3
219,555,3,3
219,556,3,3
219,557,3,3
219,558,3,3
219,559,3,3
219,560,3,3
219,561,3,3
219,562,3,3
219,563,3,3
219,564,3,3
219,565,3,3
219,566,3,3
219,567,3,3
219,568,3,3
219,569,3,3
219,570,3,3
219,571,3,3
219,572,3,3
219,573,3,3
219,574,3,3
219,575,3,3
219,576,3,3
219,577,3,3
219,578,3,3
219,579,3,3
219,580,3,3
219,581,3,3
219,582,3,3
219,583,3,3
219,584,3,3
219,585,3,3
219,586,3,3
219,587,3,3
219,588,3,3
219,589,3,3
219,590,3,3
219,591,3,3
219,592,3,3
219,593,3,3
219,594,3,3
219,595,3,3
219,596,3,3
219,597,3,3
219,598,3,3
219,599,3,3
219,600,3,3
219,601,3,3
219,602,3,3
219,603,3,3
219,604,3,3
219,605,3,3
219,606,3,3
219,607,3,3
219,608,3,3
219,609,3,3
219,610,3,3
219,611,3,3
219,612,3,3
219,613,3,3
219,614,3,3
219,615,3,3
219,616,3,3
219,617,3,3
219,618,3,3
219,619,3,3
219,620,3,3
219,621,3,3
219,622,3,3
219,623,3,3
219,624,3,3
219,625,3,3
219,626,3,3
219,627,3,3
219,628,3,3
219,629,3,3
219,630,3,3
219,631,3,3
219,632,3,3
219,633,3,3
219,634,3,3
219,635,3,3
219,636,3,3
219,637,3,3
219,638,3,3
219,639,3,3
219,640,3,3
219,641,3,3
219,642,3,3
219,643,3,3
219,644,3,3
219,645,3,3
219,646,3,3
219,647,3,3
219,648,3,3
219,649,3,3
219,650,3,3
219,651,3,3
219,652,3,3
219,653,3,3
219,654,3,3
219,655,3,3
219,656,3,3
219,657,3,3
219,658,3,3
219,659,3,3
219,660,3,3
219,661,3,3
219,662,3,3
219,663,3,3
219,664,3,3
219,665,3,3
219,666,3,3
219,667,3,3
219,668,3,3
219,669,3,3
219,670,3,3
219,671,3,3
219,672,3,3
219,673,3,3
219,674,3,3
219,675,3,3
219,676,3,3
219,677,3,3
219,678,3,3
219,679,3,3
219,680,3,3
219,681,3,3
219,682,3,3
219,683,3,3
219,684,3,3
219,685,3,3
219,686,3,3
219,687,3,3
219,688,3,3
219,689,3,3
219,690,3,3
219,691,3,3
219,692,3,3
219,693,3,3
219,694,3,3
219,695,3,2
219,696,3,2
219,697,3,2
219,698,3,2
219,699,3,2
219,700,3,2
219,701,3,2
219,702,3,2
219,703,3,2
219,704,3,2
219,705,3,2
219,706,3,2
219,707,3,2
219,708,3,2
219,709,3,2
219,710,3,2
219,711,3,2
219,712,3,2
219,713,3,2
219,714,3,2
219,715,3,2
219,716,3,2
219,717,3,2
219,718,3,2
219,719,3,2
219,720,3,2
219,721,3,2
219,722,3,2
219,723,3,2
219,724,3,2
219,725,3,2
219,726,3,2
219,727,3,2
219,728,3,2
219,729,3,2
219,730,3,2
219,731,3,2
219,732,3,2
219,733,3,2
219,734,3,2
219,735,3,2
219,736,3,2
219,737,3,2
219,738,3,2
219,739,3,2
219,740,3,3
219,741,3,3
219,742,3,3
219,743,3,3
219,744,3,3
219,745,3,3
219,746,3,3
219,747,3,3
219,748,3,3
219,749,3,3
219,750,3,2
219,751,3,2
219,752,3,2
219,753,3,3
219,754,3,3
219,755,3,3
219,756,3,2
219,757,3,2
219,758,3,2
219,759,3,2
219,760,3,2
219,761,3,2
219,762,3,2
219,763,3,2
219,764,3,2
219,765,3,2
219,766,3,2
219,767,3,2
219,768,3,2
219,769,3,2
219,770,3,2
219,771,3,2
219,772,3,2
219,773,3,2
219,774,3,2
219,775,3,2
219,776,3,2
219,777,3,2
219,778,3,2
219,779,3,2
219,780,3,2
219,781,3,2
219,782,3,2
219,783,3,2
219,784,3,2
219,785,3,2
219,786,3,2
219,787,3,2
219,788,3,2
219,789,3,2
219,790,3,2
219,791,3,2
219,792,3,2
219,793,3,2
220,128,3,2
220,129,3,2
220,130,3,2
220,131,3,2
220,132,3,2
220,133,3,2
220,134,3,2
220,135,3,2
220,136,3,2
220,137,3,2
220,138,3,2
220,139,3,2
220,140,3,2
220,141,3,2
220,142,3,2
220,143,3,2
220,144,3,2
220,145,3,2
220,146,3,2
220,147,3,2
220,148,3,2
220,149,3,2
220,150,3,2
220,151,3,2
220,152,3,2
220,153,3,2
220,154,3,2
220,155,3,2
220,156,3,2
220,157,3,2
220,158,3,2
220,159,3,2
220,160,3,2
220,161,3,2
220,162,3,2
220,163,3,2
220,164,3,2
220,165,3,2
220,166,3,2
220,167,3,2
220,168,3,2
220,169,3,2
220,170,3,2
220,171,3,2
220,172,3,2
220,173,3,2
220,174,3,2
220,175,3,2
220,176,3,2
220,177,3,2
220,178,3,2
220,179,3,2
220,180,3,2
220,181,3,2
220,182,3,2
220,183,3,2
220,184,3,2
220,185,3,2
220,186,3,2
220,187,3,2
220,188,3,2
220,189,3,2
220,190,3,2
220,191,3,2
220,192,3,2
220,193,3,2
220,194,3,2
220,195,3,2
220,196,3,2
220,197,3,2
220,198,3,2
220,199,3,2
220,200,3,2
220,201,3,2
220,202,3,2
220,203,3,2
220,204,3,2
220,205,3,2
220,206,3,2
220,207,3,2
220,208,3,2
220,209,3,2
220,210,3,2
220,211,3,2
220,212,3,2
220,213,3,2
220,214,3,2
220,215,3,2
220,216,3,2
220,217,3,2
220,218,3,2
220,219,3,2
220,220,3,2
220,221,3,2
220,222,3,2
220,223,3,2
220,224,3,2
220,225,3,2
220,226,3,2
220,227,3,2
220,228,3,2
220,229,3,2
220,230,3,2
220,231,3,2
220,232,3,2
220,233,3,2
220,234,3,2
220,235,3,2
220,236,3,2
220,237,3,2
220,238,3,2
220,239,3,2
220,240,3,2
220,241,3,2
220,242,3,2
220,243,3,2
220,244,3,2
220,245,3,2
220,246,3,2
220,247,3,2
220,248,3,2
220,249,3,2
220,250,3,2
220,251,3,2
220,252,3,2
220,253,3,2
220,254,3,2
220,255,3,2
220,256,3,2
220,257,3,2
220,258,3,2
220,259,3,2
220,260,3,2
220,261,3,2
220,262,3,2
220,263,3,2
220,264,3,2
220,265,3,2
220,266,3,2
220,267,3,2
220,268,3,2
220,269,3,2
220,270,3,2
220,271,3,2
220,272,3,2
220,273,3,2
220,274,3,2
220,275,3,2
220,276,3,2
220,277,3,2
220,278,3,2
220,279,3,2
220,280,3,2
220,281,3,2
220,282,3,2
220,283,3,2
220,284,3,2
220,285,3,2
220,286,3,2
220,287,3,2
220,288,3,2
220,289,3,2
220,290,3,2
220,291,3,2
220,292,3,2
220,293,3,2
220,294,3,2
220,295,3,2
220,296,3,2
220,297,3,2
220,298,3,2
220,299,3,2
220,300,3,2
220,301,3,2
220,302,3,2
220,303,3,2
220,304,3,2
220,305,3,2
220,306,3,2
220,307,3,2
220,308,3,2
220,309,3,2
220,310,3,2
220,311,3,2
220,312,3,2
220,313,3,2
220,314,3,2
220,315,3,2
220,316,3,2
220,317,3,2
220,318,3,2
220,319,3,2
220,320,3,2
220,321,3,2
220,322,3,2
220,323,3,2
220,324,3,2
220,325,3,2
220,326,3,2
220,327,3,2
220,328,3,2
220,329,3,2
220,330,3,2
220,331,3,2
220,332,3,2
220,333,3,2
220,334,3,2
220,335,3,2
220,336,3,2
220,337,3,2
220,338,3,2
220,339,3,2
220,340,3,2
220,341,3,2
220,342,3,2
220,343,3,2
220,344,3,2
220,345,3,2
220,346,3,2
220,347,3,2
220,348,3,2
220,349,3,2
220,350,3,2
220,351,3,2
220,352,3,2
220,353,3,2
220,354,3,2
220,355,3,2
220,356,3,2
220,357,3,2
220,358,3,2
220,359,3,2
220,360,3,2
220,361,3,2
220,362,3,2
220,363,3,2
220,364,3,2
220,365,3,2
220,366,3,2
220,367,3,2
220,368,3,2
220,369,3,2
220,370,3,2
220,371,3,2
220,372,3,2
220,373,3,2
220,374,3,2
220,375,3,2
220,376,3,2
220,377,3,2
220,378,3,2
220,379,3,2
220,380,3,2
220,381,3,2
220,382,3,2
220,383,3,2
220,384,3,2
220,385,3,2
220,386,3,2
220,387,3,2
220,388,3,2
220,389,3,2
220,390,3,2
220,391,3,2
220,392,3,2
220,393,3,2
220,394,3,2
220,395,3,2
220,396,3,2
220,397,3,2
220,398,3,2
220,399,3,2
220,400,3,2
220,401,3,2
220,402,3,2
220,403,3,2
220,404,3,2
220,405,3,2
220,406,3,2
220,407,3,2
220,408,3,2
220,409,3,2
220,410,3,2
220,411,3,2
220,412,3,2
220,413,3,2
220,414,3,2
220,415,3,2
220,416,3,2
220,417,3,2
220,418,3,2
220,419,3,2
220,420,3,2
220,421,3,2
220,422,3,2
220,423,3,2
220,424,3,2
220,425,3,2
220,426,3,2
220,427,3,2
220,428,3,2
220,429,3,2
220,430,3,2
220,431,3,2
220,432,3,2
220,433,3,2
220,434,3,2
220,435,3,2
220,436,3,2
220,437,3,2
220,438,3,2
220,439,3,2
220,440,3,2
220,441,3,2
220,442,3,2
220,443,3,2
220,444,3,2
220,445,3,2
220,446,3,2
220,447,3,2
220,448,3,2
220,449,3,2
220,450,3,2
220,451,3,2
220,452,3,2
220,453,3,2
220,454,3,2
220,455,3,2
220,456,3,2
220,457,3,2
220,458,3,2
220,459,3,2
220,460,3,2
220,461,3,2
220,462,3,2
220,463,3,2
220,464,3,2
220,465,3,2
220,466,3,2
220,467,3,2
220,468,3,2
220,469,3,2
220,470,3,2
220,471,3,2
220,472,3,2
220,473,3,2
220,474,3,2
220,475,3,2
220,476,3,2
220,477,3,2
220,478,3,2
220,479,3,3
220,480,3,3
220,481,3,3
220,482,3,3
220,483,3,3
220,484,3,3
220,485,3,3
220,486,3,3
220,487,3,3
220,488,3,3
220,489,3,3
220,490,3,3
220,491,3,3
220,492,3,3
220,493,3,3
220,494,3,3
220,495,3,3
220,496,3,3
220,497,3,3
220,498,3,3
220,499,3,3
220,500,3,3
220,501,3,3
220,502,3,3
220,503,3,3
220,504,3,3
220,505,3,3
220,506,3,3
220,507,3,3
220,508,3,3
220,509,3,3
220,510,3,3
220,511,3,3
220,512,3,3
220,513,3,3
220,514,3,3
220,515,3,3
220,516,3,3
220,517,3,3
220,518,3,3
220,519,3,3
220,520,3,3
220,521,3,3
220,522,3,3
220,523,3,3
220,524,3,3
220,525,3,3
220,526,3,3
220,527,3,3
220,528,3,3
220,529,3,3
220,530,3,3
220,531,3,3
220,532,3,3
220,533,3,3
220,534,3,3
220,535,3,3
220,536,3,3
220,537,3,3
220,538,3,3
220,539,3,3
220,540,3,3
220,541,3,3
220,542,3,3
220,543,3,3
220,544,3,3
220,545,3,3
220,546,3,3
220,547,3,3
220,548,3,3
220,549,3,3
220,550,3,3
220,551,3,3
220,552,3,3
220,553,3,3
220,554,3,3
220,555,3,3
220,556,3,3
220,557,3,3
220,558,3,3
220,559,3,3
220,560,3,3
220,561,3,3
220,562,3,3
220,563,3,3
220,564,3,3
220,565,3,3
220,566,3,3
220,567,3,3
220,568,3,3
220,569,3,3
220,570,3,3
220,571,3,3
220,572,3,3
220,573,3,3
220,574,3,3
220,575,3,3
220,576,3,3
220,577,3,3
220,578,3,3
220,579,3,3
220,580,3,3
220,581,3,3
220,582,3,3
220,583,3,3
220,584,3,3
220,585,3,3
220,586,3,3
220,587,3,3
220,588,3,3
220,589,3,3
220,590,3,3
220,591,3,3
220,592,3,3
220,593,3,3
220,594,3,3
220,595,3,3
220,596,3,3
220,597,3,3
220,598,3,3
220,599,3,3
220,600,3,3
220,601,3,3
220,602,3,3
220,603,3,3
220,604,3,3
220,605,3,3
220,606,3,3
220,607,3,3
220,608,3,3
220,609,3,3
220,610,3,3
220,611,3,3
220,612,3,3
220,613,3,3
220,614,3,3
220,615,3,3
220,616,3,3
220,617,3,3
220,618,3,3
220,619,3,3
220,620,3,3
220,621,3,3
220,622,3,3
220,623,3,3
220,624,3,3
220,625,3,3
220,626,3,3
220,627,3,3
220,628,3,3
220,629,3,3
220,630,3,3
220,631,3,3
220,632,3,3
220,633,3,3
220,634,3,3
220,635,3,3
220,636,3,3
220,637,3,3
220,638,3,3
220,639,3,3
220,640,3,3
220,641,3,3
220,642,3,3
220,643,3,3
220,644,3,3
220,645,3,3
220,646,3,3
220,647,3,3
220,648,3,3
220,649,3,3
220,650,3,3
220,651,3,3
220,652,3,3
220,653,3,3
220,654,3,3
220,655,3,3
220,656,3,3
220,657,3,3
220,658,3,3
220,659,3,3
220,660,3,3
220,661,3,3
220,662,3,3
220,663,3,3
220,664,3,3
220,665,3,3
220,666,3,3
220,667,3,3
220,668,3,3
220,669,3,3
220,670,3,3
220,671,3,3
220,672,3,3
220,673,3,3
220,674,3,3
220,675,3,3
220,676,3,3
220,677,3,3
220,678,3,3
220,679,3,3
220,680,3,3
220,681,3,3
220,682,3,3
220,683,3,3
220,684,3,3
220,685,3,3
220,686,3,3
220,687,3,3
220,688,3,3
220,689,3,3
220,690,3,3
220,691,3,3
220,692,3,3
220,693,3,3
220,694,3,2
220,695,3,2
220,696,3,2
220,697,3,2
220,698,3,2
220,699,3,2
220,700,3,2
220,701,3,2
220,702,3,2
220,703,3,2
220,704,3,2
220,705,3,2
220,706,3,2
220,707,3,2
220,708,3,2
220,709,3,2
220,710,3,2
220,711,3,2
220,712,3,2
220,713,3,2
220,714,3,2
220,715,3,2
220,716,3,2
220,717,3,2
220,718,3,2
220,719,3,2
220,720,3,2
220,721,3,2
220,722,3,2
220,723,3,2
220,724,3,2
220,725,3,2
220,726,3,2
220,727,3,2
220,728,3,2
220,729,3,2
220,730,3,2
220,731,3,2
220,732,3,2
220,733,3,2
220,734,3,2
220,735,3,2
220,736,3,2
220,737,3,2
220,738,3,2
220,739,3,2
220,740,3,2
220,741,3,3
220,742,3,3
220,743,3,3
220,744,3,3
220,745,3,3
220,746,3,3
220,747,3,3
220,748,3,3
220,749,3,2
220,750,3,2
220,751,3,2
220,752,3,2
220,753,3,2
220,754,3,2
220,755,3,2
220,756,3,2
220,757,3,2
220,758,3,2
220,759,3,2
220,760,3,2
220,761,3,2
220,762,3,2
220,763,3,2
220,764,3,2
220,765,3,2
220,766,3,2
220,767,3,2
220,768,3,2
220,769,3,2
220,770,3,2
220,771,3,2
220,772,3,2
220,773,3,2
220,774,3,2
220,775,3,2
220,776,3,2
220,777,3,2
220,778,3,2
220,779,3,2
220,780,3,2
220,781,3,2
220,782,3,2
220,783,3,2
220,784,3,2
220,785,3,2
220,786,3,2
220,787,3,2
220,788,3,2
220,789,3,2
220,790,3,2
220,791,3,2
220,792,3,2
220,793,3,2
221,126,3,2
221,127,3,2
221,128,3,2
221,129,3,2
221,130,3,2
221,131,3,2
221,132,3,2
221,133,3,2
221,134,3,2
221,135,3,2
221,136,3,2
221,137,3,2
221,138,3,2
221,139,3,2
221,140,3,2
221,141,3,2
221,142,3,2
221,143,3,2
221,144,3,2
221,145,3,2
221,146,3,2
221,147,3,2
221,148,3,2
221,149,3,2
221,150,3,2
221,151,3,2
221,152,3,2
221,153,3,2
221,154,3,2
221,155,3,2
221,156,3,2
221,157,3,2
221,158,3,2
221,159,3,2
221,160,3,2
221,161,3,2
221,162,3,2
221,163,3,2
221,164,3,2
221,165,3,2
221,166,3,2
221,167,3,2
221,168,3,2
221,169,3,2
221,170,3,2
221,171,3,2
221,172,3,2
221,173,3,2
221,174,3,2
221,175,3,2
221,176,3,2
221,177,3,2
221,178,3,2
221,179,3,2
221,180,3,2
221,181,3,2
221,182,3,2
221,183,3,2
221,184,3,2
221,185,3,2
221,186,3,2
221,187,3,2
221,188,3,2
221,189,3,2
221,190,3,2
221,191,3,2
221,192,3,2
221,193,3,2
221,194,3,2
221,195,3,2
221,196,3,2
221,197,3,2
221,198,3,2
221,199,3,2
221,200,3,2
221,201,3,2
221,202,3,2
221,203,3,2
221,204,3,2
221,205,3,2
221,206,3,2
221,207,3,2
221,208,3,2
221,209,3,2
221,210,3,2
221,211,3,2
221,212,3,2
221,213,3,2
221,214,3,2
221,215,3,2
221,216,3,2
221,217,3,2
221,218,3,2
221,219,3,2
221,220,3,2
221,221,3,2
221,222,3,2
221,223,3,2
221,224,3,2
221,225,3,2
221,226,3,2
221,227,3,2
221,228,3,2
221,229,3,2
221,230,3,2
221,231,3,2
221,232,3,2
221,233,3,2
221,234,3,2
221,235,3,2
221,236,3,2
221,237,3,2
221,238,3,2
221,239,3,2
221,240,3,2
221,241,3,2
221,242,3,2
221,243,3,2
221,244,3,2
221,245,3,2
221,246,3,2
221,247,3,2
221,248,3,2
221,249,3,2
221,250,3,2
221,251,3,2
221,252,3,2
221,253,3,2
221,254,3,2
221,255,3,2
221,256,3,2
221,257,3,2
221,258,3,2
221,259,3,2
221,260,3,2
221,261,3,2
221,262,3,2
221,263,3,2
221,264,3,2
221,265,3,2
221,266,3,2
221,267,3,2
221,268,3,2
221,269,3,2
221,270,3,2
221,271,3,2
221,272,3,2
221,273,3,2
221,274,3,2
221,275,3,2
221,276,3,2
221,277,3,2
221,278,3,2
221,279,3,2
221,280,3,2
221,281,3,2
221,282,3,2
221,283,3,2
221,284,3,2
221,285,3,2
221,286,3,2
221,287,3,2
221,288,3,2
221,289,3,2
221,290,3,2
221,291,3,2
221,292,3,2
221,293,3,2
221,294,3,2
221,295,3,2
221,296,3,2
221,297,3,2
221,298,3,2
221,299,3,2
221,300,3,2
221,301,3,2
221,302,3,2
221,303,3,2
221,304,3,2
221,305,3,2
221,306,3,2
221,307,3,2
221,308,3,2
221,309,3,2
221,310,3,2
221,311,3,2
221,312,3,2
221,313,3,2
221,314,3,2
221,315,3,2
221,316,3,2
221,317,3,2
221,318,3,2
221,319,3,2
221,320,3,2
221,321,3,2
221,322,3,2
221,323,3,2
221,324,3,2
221,325,3,2
221,326,3,2
221,327,3,2
221,328,3,2
221,329,3,2
221,330,3,2
221,331,3,2
221,332,3,2
221,333,3,2
221,334,3,2
221,335,3,2
221,336,3,2
221,337,3,2
221,338,3,2
221,339,3,2
221,340,3,2
221,341,3,2
221,342,3,2
221,343,3,2
221,344,3,2
221,345,3,2
221,346,3,2
221,347,3,2
221,348,3,2
221,349,3,2
221,350,3,2
221,351,3,2
221,352,3,2
221,353,3,2
221,354,3,2
221,355,3,2
221,356,3,2
221,357,3,2
221,358,3,2
221,359,3,2
221,360,3,2
221,361,3,2
221,362,3,2
221,363,3,2
221,364,3,2
221,365,3,2
221,366,3,2
221,367,3,2
221,368,3,2
221,369,3,2
221,370,3,2
221,371,3,2
221,372,3,2
221,373,3,2
221,374,3,2
221,375,3,2
221,376,3,2
221,377,3,2
221,378,3,2
221,379,3,2
221,380,3,2
221,381,3,2
221,382,3,2
221,383,3,2
221,384,3,2
221,385,3,2
221,386,3,2
221,387,3,2
221,388,3,2
221,389,3,2
221,390,3,2
221,391,3,2
221,392,3,2
221,393,3,2
221,394,3,2
221,395,3,2
221,396,3,2
221,397,3,2
221,398,3,2
221,399,3,2
221,400,3,2
221,401,3,2
221,402,3,2
221,403,3,2
221,404,3,2
221,405,3,2
221,406,3,2
221,407,3,2
221,408,3,2
221,409,3,2
221,410,3,2
221,411,3,2
221,412,3,2
221,413,3,2
221,414,3,2
221,415,3,2
221,416,3,2
221,417,3,2
221,418,3,2
221,419,3,2
221,420,3,2
221,421,3,2
221,422,3,2
221,423,3,2
221,424,3,2
221,425,3,2
221,426,3,2
221,427,3,2
221,428,3,2
221,429,3,2
221,430,3,2
221,431,3,2
221,432,3,2
221,433,3,2
221,434,3,2
221,435,3,2
221,436,3,2
221,437,3,2
221,438,3,2
221,439,3,2
221,440,3,2
221,441,3,2
221,442,3,2
221,443,3,2
221,444,3,2
221,445,3,2
221,446,3,2
221,447,3,2
221,448,3,2
221,449,3,2
221,450,3,2
221,451,3,2
221,452,3,2
221,453,3,2
221,454,3,2
221,455,3,2
221,456,3,2
221,457,3,2
221,458,3,2
221,459,3,2
221,460,3,2
221,461,3,2
221,462,3,2
221,463,3,2
221,464,3,2
221,465,3,2
221,466,3,2
221,467,3,2
221,468,3,2
221,469,3,2
221,470,3,2
221,471,3,2
221,472,3,2
221,473,3,2
221,474,3,2
221,475,3,2
221,476,3,2
221,477,3,2
221,478,3,2
221,479,3,2
221,480,3,3
221,481,3,3
221,482,3,3
221,483,3,3
221,484,3,3
221,485,3,3
221,486,3,3
221,487,3,3
221,488,3,3
221,489,3,3
221,490,3,3
221,491,3,3
221,492,3,3
221,493,3,3
221,494,3,3
221,495,3,3
221,496,3,3
221,497,3,3
221,498,3,3
221,499,3,3
221,500,3,3
221,501,3,3
221,502,3,3
221,503,3,3
221,504,3,3
221,505,3,3
221,506,3,3
221,507,3,3
221,508,3,3
221,509,3,3
221,510,3,3
221,511,3,3
221,512,3,3
221,513,3,3
221,514,3,3
221,515,3,3
221,516,3,3
221,517,3,3
221,518,3,3
221,519,3,3
221,520,3,3
221,521,3,3
221,522,3,3
221,523,3,3
221,524,3,3
221,525,3,3
221,526,3,3
221,527,3,3
221,528,3,3
221,529,3,3
221,530,3,3
221,531,3,3
221,532,3,3
221,533,3,3
221,534,3,3
221,535,3,3
221,536,3,3
221,537,3,3
221,538,3,3
221,539,3,3
221,540,3,3
221,541,3,3
221,542,3,3
221,543,3,3
221,544,3,3
221,545,3,3
221,546,3,3
221,547,3,3
221,548,3,3
221,549,3,3
221,550,3,3
221,551,3,3
221,552,3,3
221,553,3,3
221,554,3,3
221,555,3,3
221,556,3,3
221,557,3,3
221,558,3,3
221,559,3,3
221,560,3,3
221,561,3,3
221,562,3,3
221,563,3,3
221,564,3,3
221,565,3,3
221,566,3,3
221,567,3,3
221,568,3,3
221,569,3,3
221,570,3,3
221,571,3,3
221,572,3,3
221,573,3,3
221,574,3,3
221,575,3,3
221,576,3,3
221,577,3,3
221,578,3,3
221,579,3,3
221,580,3,3
221,581,3,3
221,582,3,3
221,583,3,3
221,584,3,3
221,585,3,3
221,586,3,3
221,587,3,3
221,588,3,3
221,589,3,3
221,590,3,3
221,591,3,3
221,592,3,3
221,593,3,3
221,594,3,3
221,595,3,3
221,596,3,3
221,597,3,3
221,598,3,3
221,599,3,3
221,600,3,3
221,601,3,3
221,602,3,3
221,603,3,3
221,604,3,3
221,605,3,3
221,606,3,3
221,607,3,3
221,608,3,3
221,609,3,3
221,610,3,3
221,611,3,3
221,612,3,3
221,613,3,3
221,614,3,3
221,615,3,3
221,616,3,3
221,617,3,3
221,618,3,3
221,619,3,3
221,620,3,3
221,621,3,3
221,622,3,3
221,623,3,3
221,624,3,3
221,625,3,3
221,626,3,3
221,627,3,3
221,628,3,3
221,629,3,3
221,630,3,3
221,631,3,3
221,632,3,3
221,633,3,3
221,634,3,3
221,635,3,3
221,636,3,3
221,637,3,3
221,638,3,3
221,639,3,3
221,640,3,3
221,641,3,3
221,642,3,3
221,643,3,3
221,644,3,3
221,645,3,3
221,646,3,3
221,647,3,3
221,648,3,3
221,649,3,3
221,650,3,3
221,651,3,3
221,652,3,3
221,653,3,3
221,654,3,3
221,655,3,3
221,656,3,3
221,657,3,3
221,658,3,3
221,659,3,3
221,660,3,3
221,661,3,3
221,662,3,3
221,663,3,3
221,664,3,3
221,665,3,3
221,666,3,3
221,667,3,3
221,668,3,3
221,669,3,3
221,670,3,3
221,671,3,3
221,672,3,3
221,673,3,3
221,674,3,3
221,675,3,3
221,676,3,3
221,677,3,3
221,678,3,3
221,679,3,3
221,680,3,3
221,681,3,3
221,682,3,3
221,683,3,3
221,684,3,3
221,685,3,3
221,686,3,3
221,687,3,3
221,688,3,3
221,689,3,3
221,690,3,3
221,691,3,3
221,692,3,3
221,693,3,2
221,694,3,2
221,695,3,2
221,696,3,2
221,697,3,2
221,698,3,2
221,699,3,2
221,700,3,2
221,701,3,2
221,702,3,2
221,703,3,2
221,704,3,2
221,705,3,2
221,706,3,2
221,707,3,2
221,708,3,2
221,709,3,2
221,710,3,2
221,711,3,2
221,712,3,2
221,713,3,2
221,714,3,2
221,715,3,2
221,716,3,2
221,717,3,2
221,718,3,2
221,719,3,2
221,720,3,2
221,721,3,2
221,722,3,2
221,723,3,2
221,724,3,2
221,725,3,2
221,726,3,2
221,727,3,2
221,728,3,2
221,729,3,2
221,730,3,2
221,731,3,2
221,732,3,2
221,733,3,2
221,734,3,2
221,735,3,2
221,736,3,2
221,737,3,2
221,738,3,2
221,739,3,2
221,740,3,2
221,741,3,2
221,742,3,3
221,743,3,3
221,744,3,3
221,745,3,3
221,746,3,3
221,747,3,3
221,748,3,2
221,749,3,2
221,750,3,2
221,751,3,2
221,752,3,2
221,753,3,2
221,754,3,2
221,755,3,2
221,756,3,2
221,757,3,2
221,758,3,2
221,759,3,2
221,760,3,2
221,761,3,2
221,762,3,2
221,763,3,2
221,764,3,2
221,765,3,2
221,766,3,2
221,767,3,2
221,768,3,2
221,769,3,2
221,770,3,2
221,771,3,2
221,772,3,2
221,773,3,2
221,774,3,2
221,775,3,2
221,776,3,2
221,777,3,2
221,778,3,2
221,779,3,2
221,780,3,2
221,781,3,2
221,782,3,2
221,783,3,2
221,784,3,2
221,785,3,2
221,786,3,2
221,787,3,2
221,788,3,2
221,789,3,2
221,790,3,2
221,791,3,2
221,792,3,2
221,793,3,2
222,125,3,2
222,126,3,2
222,127,3,2
222,128,3,2
222,129,3,2
222,130,3,2
222,131,3,2
222,132,3,2
222,133,3,2
222,134,3,2
222,135,3,2
222,136,3,2
222,137,3,2
222,138,3,2
222,139,3,2
222,140,3,2
222,141,3,2
222,142,3,2
222,143,3,2
222,144,3,2
222,145,3,2
222,146,3,2
222,147,3,2
222,148,3,2
222,149,3,2
222,150,3,2
222,151,3,2
222,152,3,2
222,153,3,2
222,154,3,2
222,155,3,2
222,156,3,2
222,157,3,2
222,158,3,2
222,159,3,2
222,160,3,2
222,161,3,2
222,162,3,2
222,163,3,2
222,164,3,2
222,165,3,2
222,166,3,2
222,167,3,2
222,168,3,2
222,169,3,2
222,170,3,2
222,171,3,2
222,172,3,2
222,173,3,2
222,174,3,2
222,175,3,2
222,176,3,2
222,177,3,2
222,178,3,2
222,179,3,2
222,180,3,2
222,181,3,2
222,182,3,2
222,183,3,2
222,184,3,2
222,185,3,2
222,186,3,2
222,187,3,2
222,188,3,2
222,189,3,2
222,190,3,2
222,191,3,2
222,192,3,2
222,193,3,2
222,194,3,2
222,195,3,2
222,196,3,2
222,197,3,2
222,198,3,2
222,199,3,2
222,200,3,2
222,201,3,2
222,202,3,2
222,203,3,2
222,204,3,2
222,205,3,2
222,206,3,2
222,207,3,2
222,208,3,2
222,209,3,2
222,210,3,2
222,211,3,2
222,212,3,2
222,213,3,2
222,214,3,2
222,215,3,2
222,216,3,2
222,217,3,2
222,218,3,2
222,219,3,2
222,220,3,2
222,221,3,2
222,222,3,2
222,223,3,2
222,224,3,2
222,225,3,2
222,226,3,2
222,227,3,2
222,228,3,2
222,229,3,2
222,230,3,2
222,231,3,2
222,232,3,2
222,233,3,2
222,234,3,2
222,235,3,2
222,236,3,2
222,237,3,2
222,238,3,2
222,239,3,2
222,240,3,2
222,241,3,2
222,242,3,2
222,243,3,2
222,244,3,2
222,245,3,2
222,246,3,2
222,247,3,2
222,248,3,2
222,249,3,2
222,250,3,2
222,251,3,2
222,252,3,2
222,253,3,2
222,254,3,2
222,255,3,2
222,256,3,2
222,257,3,2
222,258,3,2
222,259,3,2
222,260,3,2
222,261,3,2
222,262,3,2
222,263,3,2
222,264,3,2
222,265,3,2
222,266,3,2
222,267,3,2
222,268,3,2
222,269,3,2
222,270,3,2
222,271,3,2
222,272,3,2
222,273,3,2
222,274,3,2
222,275,3,2
222,276,3,2
222,277,3,2
222,278,3,2
222,279,3,2
222,280,3,2
222,281,3,2
222,282,3,2
222,283,3,2
222,284,3,2
222,285,3,2
222,286,3,2
222,287,3,2
222,288,3,2
222,289,3,2
222,290,3,2
222,291,3,2
222,292,3,2
222,293,3,2
222,294,3,2
222,295,3,2
222,296,3,2
222,297,3,2
222,298,3,2
222,299,3,2
222,300,3,2
222,301,3,2
222,302,3,2
222,303,3,2
222,304,3,2
222,305,3,2
222,306,3,2
222,307,3,2
222,308,3,2
222,309,3,2
222,310,3,2
222,311,3,2
222,312,3,2
222,313,3,2
222,314,3,2
222,315,3,2
222,316,3,2
222,317,3,2
222,318,3,2
222,319,3,2
222,320,3,2
222,321,3,2
222,322,3,2
222,323,3,2
222,324,3,2
222,325,3,2
222,326,3,2
222,327,3,2
222,328,3,2
222,329,3,2
222,330,3,2
222,331,3,2
222,332,3,2
222,333,3,2
222,334,3,2
222,335,3,2
222,336,3,2
222,337,3,2
222,338,3,2
222,339,3,2
222,340,3,2
222,341,3,2
222,342,3,2
222,343,3,2
222,344,3,2
222,345,3,2
222,346,3,2
222,347,3,2
222,348,3,2
222,349,3,2
222,350,3,2
222,351,3,2
222,352,3,2
222,353,3,2
222,354,3,2
222,355,3,2
222,356,3,2
222,357,3,2
222,358,3,2
222,359,3,2
222,360,3,2
222,361,3,2
222,362,3,2
222,363,3,2
222,364,3,2
222,365,3,2
222,366,3,2
222,367,3,2
222,368,3,2
222,369,3,2
222,370,3,2
222,371,3,2
222,372,3,2
222,373,3,2
222,374,3,2
222,375,3,2
222,376,3,2
222,377,3,2
222,378,3,2
222,379,3,2
222,380,3,2
222,381,3,2
222,382,3,2
222,383,3,2
222,384,3,2
222,385,3,2
222,386,3,2
222,387,3,2
222,388,3,2
222,389,3,2
222,390,3,2
222,391,3,2
222,392,3,2
222,393,3,2
222,394,3,2
222,395,3,2
222,396,3,2
222,397,3,2
222,398,3,2
222,399,3,2
222,400,3,2
222,401,3,2
222,402,3,2
222,403,3,2
222,404,3,2
222,405,3,2
222,406,3,2
222,407,3,2
222,408,3,2
222,409,3,2
222,410,3,2
222,411,3,2
222,412,3,2
222,413,3,2
222,414,3,2
222,415,3,2
222,416,3,2
222,417,3,2
222,418,3,2
222,419,3,2
222,420,3,2
222,421,3,2
222,422,3,2
222,423,3,2
222,424,3,2
222,425,3,2
222,426,3,2
222,427,3,2
222,428,3,2
222,429,3,2
222,430,3,2
222,431,3,2
222,432,3,2
222,433,3,2
222,434,3,2
222,435,3,2
222,436,3,2
222,437,3,2
222,438,3,2
222,439,3,2
222,440,3,2
222,441,3,2
222,442,3,2
222,443,3,2
222,444,3,2
222,445,3,2
222,446,3,2
222,447,3,2
222,448,3,2
222,449,3,2
222,450,3,2
222,451,3,2
222,452,3,2
222,453,3,2
222,454,3,2
222,455,3,2
222,456,3,2
222,457,3,2
222,458,3,2
222,459,3,2
222,460,3,2
222,461,3,2
222,462,3,2
222,463,3,2
222,464,3,2
222,465,3,2
222,466,3,2
222,467,3,2
222,468,3,2
222,469,3,2
222,470,3,2
222,471,3,2
222,472,3,2
222,473,3,2
222,474,3,2
222,475,3,2
222,476,3,2
222,477,3,2
222,478,3,2
222,479,3,2
222,480,3,3
222,481,3,3
222,482,3,3
222,483,3,3
222,484,3,3
222,485,3,3
222,486,3,3
222,487,3,3
222,488,3,3
222,489,3,3
222,490,3,3
222,491,3,3
222,492,3,3
222,493,3,3
222,494,3,3
222,495,3,3
222,496,3,3
222,497,3,3
222,498,3,3
222,499,3,3
222,500,3,3
222,501,3,3
222,502,3,3
222,503,3,3
222,504,3,3
222,505,3,3
222,506,3,3
222,507,3,3
222,508,3,3
222,509,3,3
222,510,3,3
222,511,3,3
222,512,3,3
222,513,3,3
222,514,3,3
222,515,3,3
222,516,3,3
222,517,3,3
222,518,3,3
222,519,3,3
222,520,3,3
222,521,3,3
222,522,3,3
222,523,3,3
222,524,3,3
222,525,3,3
222,526,3,3
222,527,3,3
222,528,3,3
222,529,3,3
222,530,3,3
222,531,3,3
222,532,3,3
222,533,3,3
222,534,3,3
222,535,3,3
222,536,3,3
222,537,3,3
222,538,3,3
222,539,3,3
222,540,3,3
222,541,3,3
222,542,3,3
222,543,3,3
222,544,3,3
222,545,3,3
222,546,3,3
222,547,3,3
222,548,3,3
222,549,3,3
222,550,3,3
222,551,3,3
222,552,3,3
222,553,3,3
222,554,3,3
222,555,3,3
222,556,3,3
222,557,3,3
222,558,3,3
222,559,3,3
222,560,3,3
222,561,3,3
222,562,3,3
222,563,3,3
222,564,3,3
222,565,3,3
222,566,3,3
222,567,3,3
222,568,3,3
222,569,3,3
222,570,3,3
222,571,3,3
222,572,3,3
222,573,3,3
222,574,3,3
222,575,3,3
222,576,3,3
222,577,3,3
222,578,3,3
222,579,3,3
222,580,3,3
222,581,3,3
222,582,3,3
222,583,3,3
222,584,3,3
222,585,3,3
222,586,3,3
222,587,3,3
222,588,3,3
222,589,3,3
222,590,3,3
222,591,3,3
222,592,3,3
222,593,3,3
222,594,3,3
222,595,3,3
222,596,3,3
222,597,3,3
222,598,3,3
222,599,3,3
222,600,3,3
222,601,3,3
222,602,3,3
222,603,3,3
222,604,3,3
222,605,3,3
222,606,3,3
222,607,3,3
222,608,3,3
222,609,3,3
222,610,3,3
222,611,3,3
222,612,3,3
222,613,3,3
222,614,3,3
222,615,3,3
222,616,3,3
222,617,3,3
222,618,3,3
222,619,3,3
222,620,3,3
222,621,3,3
222,622,3,3
222,623,3,3
222,624,3,3
222,625,3,3
222,626,3,3
222,627,3,3
222,628,3,3
222,629,3,3
222,630,3,3
222,631,3,3
222,632,3,3
222,633,3,3
222,634,3,3
222,635,3,3
222,636,3,3
222,637,3,3
222,638,3,3
222,639,3,3
222,640,3,3
222,641,3,3
222,642,3,3
222,643,3,3
222,644,3,3
222,645,3,3
222,646,3,3
222,647,3,3
222,648,3,3
222,649,3,3
222,650,3,3
222,651,3,3
222,652,3,3
222,653,3,3
222,654,3,3
222,655,3,3
222,656,3,3
222,657,3,3
222,658,3,3
222,659,3,3
222,660,3,3
222,661,3,3
222,662,3,3
222,663,3,3
222,664,3,3
222,665,3,3
222,666,3,3
222,667,3,3
222,668,3,3
222,669,3,3
222,670,3,3
222,671,3,3
222,672,3,3
222,673,3,3
222,674,3,3
222,675,3,3
222,676,3,3
222,677,3,3
222,678,3,3
222,679,3,3
222,680,3,3
222,681,3,3
222,682,3,3
222,683,3,3
222,684,3,3
222,685,3,3
222,686,3,3
222,687,3,3
222,688,3,3
222,689,3,3
222,690,3,3
222,691,3,3
222,692,3,3
222,693,3,2
222,694,3,2
222,695,3,2
222,696,3,2
222,697,3,2
222,698,3,2
222,699,3,2
222,700,3,2
222,701,3,2
222,702,3,2
222,703,3,2
222,704,3,2
222,705,3,2
222,706,3,2
222,707,3,2
222,708,3,2
222,709,3,2
222,710,3,2
222,711,3,2
222,712,3,2
222,713,3,2
222,714,3,2
222,715,3,2
222,716,3,2
222,717,3,2
222,718,3,2
222,719,3,2
222,720,3,2
222,721,3,2
222,722,3,2
222,723,3,2
222,724,3,2
222,725,3,2
222,726,3,2
222,727,3,2
222,728,3,2
222,729,3,2
222,730,3,2
222,731,3,2
222,732,3,2
222,733,3,2
222,734,3,2
222,735,3,2
222,736,3,2
222,737,3,2
222,738,3,2
222,739,3,2
222,740,3,2
222,741,3,2
222,742,3,2
222,743,3,2
222,744,3,2
222,745,3,2
222,746,3,2
222,747,3,2
222,748,3,2
222,749,3,2
222,750,3,2
222,751,3,2
222,752,3,2
222,753,3,2
222,754,3,2
222,755,3,2
222,756,3,2
222,757,3,2
222,758,3,2
222,759,3,2
222,760,3,2
222,761,3,2
222,762,3,2
222,763,3,2
222,764,3,2
222,765,3,2
222,766,3,2
222,767,3,2
222,768,3,2
222,769,3,2
222,770,3,2
222,771,3,2
222,772,3,2
222,773,3,2
222,774,3,2
222,775,3,2
222,776,3,2
222,777,3,2
222,778,3,2
222,779,3,2
222,780,3,2
222,781,3,2
222,782,3,2
222,783,3,2
222,784,3,2
222,785,3,2
222,786,3,2
222,787,3,2
222,788,3,2
222,789,3,2
222,790,3,2
222,791,3,2
222,792,3,2
222,793,3,2
223,125,3,2
223,126,3,2
223,127,3,2
223,128,3,2
223,129,3,2
223,130,3,2
223,131,3,2
223,132,3,2
223,133,3,2
223,134,3,2
223,135,3,2
223,136,3,2
223,137,3,2
223,138,3,2
223,139,3,2
223,140,3,2
223,141,3,2
223,142,3,2
223,143,3,2
223,144,3,2
223,145,3,2
223,146,3,2
223,147,3,2
223,148,3,2
223,149,3,2
223,150,3,2
223,151,3,2
223,152,3,2
223,153,3,2
223,154,3,2
223,155,3,2
223,156,3,2
223,157,3,2
223,158,3,2
223,159,3,2
223,160,3,2
223,161,3,2
223,162,3,2
223,163,3,2
223,164,3,2
223,165,3,2
223,166,3,2
223,167,3,2
223,168,3,2
223,169,3,2
223,170,3,2
223,171,3,2
223,172,3,2
223,173,3,2
223,174,3,2
223,175,3,2
223,176,3,2
223,177,3,2
223,178,3,2
223,179,3,2
223,180,3,2
223,181,3,2
223,182,3,2
223,183,3,2
223,184,3,2
223,185,3,2
223,186,3,2
223,187,3,2
223,188,3,2
223,189,3,2
223,190,3,2
223,191,3,2
223,192,3,2
223,193,3,2
223,194,3,2
223,195,3,2
223,196,3,2
223,197,3,2
223,198,3,2
223,199,3,2
223,200,3,2
223,201,3,2
223,202,3,2
223,203,3,2
223,204,3,2
223,205,3,2
223,206,3,2
223,207,3,2
223,208,3,2
223,209,3,2
223,210,3,2
223,211,3,2
223,212,3,2
223,213,3,2
223,214,3,2
223,215,3,2
223,216,3,2
223,217,3,2
223,218,3,2
223,219,3,2
223,220,3,2
223,221,3,2
223,222,3,2
223,223,3,2
223,224,3,2
223,225,3,2
223,226,3,2
223,227,3,2
223,228,3,2
223,229,3,2
223,230,3,2
223,231,3,2
223,232,3,2
223,233,3,2
223,234,3,2
223,235,3,2
223,236,3,2
223,237,3,2
223,238,3,2
223,239,3,2
223,240,3,2
223,241,3,2
223,242,3,2
223,243,3,2
223,244,3,2
223,245,3,2
223,246,3,2
223,247,3,2
223,248,3,2
223,249,3,2
223,250,3,2
223,251,3,2
223,252,3,2
223,253,3,2
223,254,3,2
223,255,3,2
223,256,3,2
223,257,3,2
223,258,3,2
223,259,3,2
223,260,3,2
223,261,3,2
223,262,3,2
223,263,3,2
223,264,3,2
223,265,3,2
223,266,3,2
223,267,3,2
223,268,3,2
223,269,3,2
223,270,3,2
223,271,3,2
223,272,3,2
223,273,3,2
223,274,3,2
223,275,3,2
223,276,3,2
223,277,3,2
223,278,3,2
223,279,3,2
223,280,3,2
223,281,3,2
223,282,3,2
223,283,3,2
223,284,3,2
223,285,3,2
223,286,3,2
223,287,3,2
223,288,3,2
223,289,3,2
223,290,3,2
223,291,3,2
223,292,3,2
223,293,3,2
223,294,3,2
223,295,3,2
223,296,3,2
223,297,3,2
223,298,3,2
223,299,3,2
223,300,3,2
223,301,3,2
223,302,3,2
223,303,3,2
223,304,3,2
223,305,3,2
223,306,3,2
223,307,3,2
223,308,3,2
223,309,3,2
223,310,3,2
223,311,3,2
223,312,3,2
223,313,3,2
223,314,3,2
223,315,3,2
223,316,3,2
223,317,3,2
223,318,3,2
223,319,3,2
223,320,3,2
223,321,3,2
223,322,3,2
223,323,3,2
223,324,3,2
223,325,3,2
223,326,3,2
223,327,3,2
223,328,3,2
223,329,3,2
223,330,3,2
223,331,3,2
223,332,3,2
223,333,3,2
223,334,3,2
223,335,3,2
223,336,3,2
223,337,3,2
223,338,3,2
223,339,3,2
223,340,3,2
223,341,3,2
223,342,3,2
223,343,3,2
223,344,3,2
223,345,3,2
223,346,3,2
223,347,3,2
223,348,3,2
223,349,3,2
223,350,3,2
223,351,3,2
223,352,3,2
223,353,3,2
223,354,3,2
223,355,3,2
223,356,3,2
223,357,3,2
223,358,3,2
223,359,3,2
223,360,3,2
223,361,3,2
223,362,3,2
223,363,3,2
223,364,3,2
223,365,3,2
223,366,3,2
223,367,3,2
223,368,3,2
223,369,3,2
223,370,3,2
223,371,3,2
223,372,3,2
223,373,3,2
223,374,3,2
223,375,3,2
223,376,3,2
223,377,3,2
223,378,3,2
223,379,3,2
223,380,3,2
223,381,3,2
223,382,3,2
223,383,3,2
223,384,3,2
223,385,3,2
223,386,3,2
223,387,3,2
223,388,3,2
223,389,3,2
223,390,3,2
223,391,3,2
223,392,3,2
223,393,3,2
223,394,3,2
223,395,3,2
223,396,3,2
223,397,3,2
223,398,3,2
223,399,3,2
223,400,3,2
223,401,3,2
223,402,3,2
223,403,3,2
223,404,3,2
223,405,3,2
223,406,3,2
223,407,3,2
223,408,3,2
223,409,3,2
223,410,3,2
223,411,3,2
223,412,3,2
223,413,3,2
223,414,3,2
223,415,3,2
223,416,3,2
223,417,3,2
223,418,3,2
223,419,3,2
223,420,3,2
223,421,3,2
223,422,3,2
223,423,3,2
223,424,3,2
223,425,3,2
223,426,3,2
223,427,3,2
223,428,3,2
223,429,3,2
223,430,3,2
223,431,3,2
223,432,3,2
223,433,3,2
223,434,3,2
223,435,3,2
223,436,3,2
223,437,3,2
223,438,3,2
223,439,3,2
223,440,3,2
223,441,3,2
223,442,3,2
223,443,3,2
223,444,3,2
223,445,3,2
223,446,3,2
223,447,3,2
223,448,3,2
223,449,3,2
223,450,3,2
223,451,3,2
223,452,3,2
223,453,3,2
223,454,3,2
223,455,3,2
223,456,3,2
223,457,3,2
223,458,3,2
223,459,3,2
223,460,3,2
223,461,3,2
223,462,3,2
223,463,3,2
223,464,3,2
223,465,3,2
223,466,3,2
223,467,3,2
223,468,3,2
223,469,3,2
223,470,3,2
223,471,3,2
223,472,3,2
223,473,3,2
223,474,3,2
223,475,3,2
223,476,3,2
223,477,3,2
223,478,3,2
223,479,3,2
223,480,3,2
223,481,3,3
223,482,3,3
223,483,3,3
223,484,3,3
223,485,3,3
223,486,3,3
223,487,3,3
223,488,3,3
223,489,3,3
223,490,3,3
223,491,3,3
223,492,3,3
223,493,3,3
223,494,3,3
223,495,3,3
223,496,3,3
223,497,3,3
223,498,3,3
223,499,3,3
223,500,3,3
223,501,3,3
223,502,3,3
223,503,3,3
223,504,3,3
223,505,3,3
223,506,3,3
223,507,3,3
223,508,3,3
223,509,3,3
223,510,3,3
223,511,3,3
223,512,3,3
223,513,3,3
223,514,3,3
223,515,3,3
223,516,3,3
223,517,3,3
223,518,3,3
223,519,3,3
223,520,3,3
223,521,3,3
223,522,3,3
223,523,3,3
223,524,3,3
223,525,3,3
223,526,3,3
223,527,3,3
223,528,3,3
223,529,3,3
223,530,3,3
223,531,3,3
223,532,3,3
223,533,3,3
223,534,3,3
223,535,3,3
223,536,3,3
223,537,3,3
223,538,3,3
223,539,3,3
223,540,3,3
223,541,3,3
223,542,3,3
223,543,3,3
223,544,3,3
223,545,3,3
223,546,3,3
223,547,3,3
223,548,3,3
223,549,3,3
223,550,3,3
223,551,3,3
223,552,3,3
223,553,3,3
223,554,3,3
223,555,3,3
223,556,3,3
223,557,3,3
223,558,3,3
223,559,3,3
223,560,3,3
223,561,3,3
223,562,3,3
223,563,3,3
223,564,3,3
223,565,3,3
223,566,3,3
223,567,3,3
223,568,3,3
223,569,3,3
223,570,3,3
223,571,3,3
223,572,3,3
223,573,3,3
223,574,3,3
223,575,3,3
223,576,3,3
223,577,3,3
223,578,3,3
223,579,3,3
223,580,3,3
223,581,3,3
223,582,3,3
223,583,3,3
223,584,3,3
223,585,3,3
223,586,3,3
223,587,3,3
223,588,3,3
223,589,3,3
223,590,3,3
223,591,3,3
223,592,3,3
223,593,3,3
223,594,3,3
223,595,3,3
223,596,3,3
223,597,3,3
223,598,3,3
223,599,3,3
223,600,3,3
223,601,3,3
223,602,3,3
223,603,3,3
223,604,3,3
223,605,3,3
223,606,3,3
223,607,3,3
223,608,3,3
223,609,3,3
223,610,3,3
223,611,3,3
223,612,3,3
223,613,3,3
223,614,3,3
223,615,3,3
223,616,3,3
223,617,3,3
223,618,3,3
223,619,3,3
223,620,3,3
223,621,3,3
223,622,3,3
223,623,3,3
223,624,3,3
223,625,3,3
223,626,3,3
223,627,3,3
223,628,3,3
223,629,3,3
223,630,3,3
223,631,3,3
223,632,3,3
223,633,3,3
223,634,3,3
223,635,3,3
223,636,3,3
223,637,3,3
223,638,3,3
223,639,3,3
223,640,3,3
223,641,3,3
223,642,3,3
223,643,3,3
223,644,3,3
223,645,3,3
223,646,3,3
223,647,3,3
223,648,3,3
223,649,3,3
223,650,3,3
223,651,3,3
223,652,3,3
223,653,3,3
223,654,3,3
223,655,3,3
223,656,3,3
223,657,3,3
223,658,3,3
223,659,3,3
223,660,3,3
223,661,3,3
223,662,3,3
223,663,3,3
223,664,3,3
223,665,3,3
223,666,3,3
223,667,3,3
223,668,3,3
223,669,3,3
223,670,3,3
223,671,3,3
223,672,3,3
223,673,3,3
223,674,3,3
223,675,3,3
223,676,3,3
223,677,3,3
223,678,3,3
223,679,3,3
223,680,3,3
223,681,3,3
223,682,3,3
223,683,3,3
223,684,3,3
223,685,3,3
223,686,3,3
223,687,3,3
223,688,3,3
223,689,3,3
223,690,3,3
223,691,3,3
223,692,3,3
223,693,3,2
223,694,3,2
223,695,3,2
223,696,3,2
223,697,3,2
223,698,3,2
223,699,3,2
223,700,3,2
223,701,3,2
223,702,3,2
223,703,3,2
223,704,3,2
223,705,3,2
223,706,3,2
223,707,3,2
223,708,3,2
223,709,3,2
223,710,3,2
223,711,3,2
223,712,3,2
223,713,3,2
223,714,3,2
223,715,3,2
223,716,3,2
223,717,3,2
223,718,3,2
223,719,3,2
223,720,3,2
223,721,3,2
223,722,3,2
223,723,3,2
223,724,3,2
223,725,3,2
223,726,3,2
223,727,3,2
223,728,3,2
223,729,3,2
223,730,3,2
223,731,3,2
223,732,3,2
223,733,3,2
223,734,3,2
223,735,3,2
223,736,3,2
223,737,3,2
223,738,3,2
223,739,3,2
223,740,3,2
223,741,3,2
223,742,3,2
223,743,3,2
223,744,3,2
223,745,3,2
223,746,3,2
223,747,3,2
223,748,3,2
223,749,3,2
223,750,3,2
223,751,3,2
223,752,3,2
223,753,3,2
223,754,3,2
223,755,3,2
223,756,3,2
223,757,3,2
223,758,3,2
223,759,3,2
223,760,3,2
223,761,3,2
223,762,3,2
223,763,3,2
223,764,3,2
223,765,3,2
223,766,3,2
223,767,3,2
223,768,3,2
223,769,3,2
223,770,3,2
223,771,3,2
223,772,3,2
223,773,3,2
223,774,3,2
223,775,3,2
223,776,3,2
223,777,3,2
223,778,3,2
223,779,3,2
223,780,3,2
223,781,3,2
223,782,3,2
223,783,3,2
223,784,3,2
223,785,3,2
223,786,3,2
223,787,3,2
223,788,3,2
223,789,3,2
223,790,3,2
223,791,3,2
223,792,3,2
224,125,3,2
224,126,3,2
224,127,3,2
224,128,3,2
224,129,3,2
224,130,3,2
224,131,3,2
224,132,3,2
224,133,3,2
224,134,3,2
224,135,3,2
224,136,3,2
224,137,3,2
224,138,3,2
224,139,3,2
224,140,3,2
224,141,3,2
224,142,3,2
224,143,3,2
224,144,3,2
224,145,3,2
224,146,3,2
224,147,3,2
224,148,3,2
224,149,3,2
224,150,3,2
224,151,3,2
224,152,3,2
224,153,3,2
224,154,3,2
224,155,3,2
224,156,3,2
224,157,3,2
224,158,3,2
224,159,3,2
224,160,3,2
224,161,3,2
224,162,3,2
224,163,3,2
224,164,3,2
224,165,3,2
224,166,3,2
224,167,3,2
224,168,3,2
224,169,3,2
224,170,3,2
224,171,3,2
224,172,3,2
224,173,3,2
224,174,3,2
224,175,3,2
224,176,3,2
224,177,3,2
224,178,3,2
224,179,3,2
224,180,3,2
224,181,3,2
224,182,3,2
224,183,3,2
224,184,3,2
224,185,3,2
224,186,3,2
224,187,3,2
224,188,3,2
224,189,3,2
224,190,3,2
224,191,3,2
224,192,3,2
224,193,3,2
224,194,3,2
224,195,3,2
224,196,3,2
224,197,3,2
224,198,3,2
224,199,3,2
224,200,3,2
224,201,3,2
224,202,3,2
224,203,3,2
224,204,3,2
224,205,3,2
224,206,3,2
224,207,3,2
224,208,3,2
224,209,3,2
224,210,3,2
224,211,3,2
224,212,3,2
224,213,3,2
224,214,3,2
224,215,3,2
224,216,3,2
224,217,3,2
224,218,3,2
224,219,3,2
224,220,3,2
224,221,3,2
224,222,3,2
224,223,3,2
224,224,3,2
224,225,3,2
224,226,3,2
224,227,3,2
224,228,3,2
224,229,3,2
224,230,3,2
224,231,3,2
224,232,3,2
224,233,3,2
224,234,3,2
224,235,3,2
224,236,3,2
224,237,3,2
224,238,3,2
224,239,3,2
224,240,3,2
224,241,3,2
224,242,3,2
224,243,3,2
224,244,3,2
224,245,3,2
224,246,3,2
224,247,3,2
224,248,3,2
224,249,3,2
224,250,3,2
224,251,3,2
224,252,3,2
224,253,3,2
224,254,3,2
224,255,3,2
224,256,3,2
224,257,3,2
224,258,3,2
224,259,3,2
224,260,3,2
224,261,3,2
224,262,3,2
224,263,3,2
224,264,3,2
224,265,3,2
224,266,3,2
224,267,3,2
224,268,3,2
224,269,3,2
224,270,3,2
224,271,3,2
224,272,3,2
224,273,3,2
224,274,3,2
224,275,3,2
224,276,3,2
224,277,3,2
224,278,3,2
224,279,3,2
224,280,3,2
224,281,3,2
224,282,3,2
224,283,3,2
224,284,3,2
224,285,3,2
224,286,3,2
224,287,3,2
224,288,3,2
224,289,3,2
224,290,3,2
224,291,3,2
224,292,3,2
224,293,3,2
224,294,3,2
224,295,3,2
224,296,3,2
224,297,3,2
224,298,3,2
224,299,3,2
224,300,3,2
224,301,3,2
224,302,3,2
224,303,3,2
224,304,3,2
224,305,3,2
224,306,3,2
224,307,3,2
224,308,3,2
224,309,3,2
224,310,3,2
224,311,3,2
224,312,3,2
224,313,3,2
224,314,3,2
224,315,3,2
224,316,3,2
224,317,3,2
224,318,3,2
224,319,3,2
224,320,3,2
224,321,3,2
224,322,3,2
224,323,3,2
224,324,3,2
224,325,3,2
224,326,3,2
224,327,3,2
224,328,3,2
224,329,3,2
224,330,3,2
224,331,3,2
224,332,3,2
224,333,3,2
224,334,3,2
224,335,3,2
224,336,3,2
224,337,3,2
224,338,3,2
224,339,3,2
224,340,3,2
224,341,3,2
224,342,3,2
224,343,3,2
224,344,3,2
224,345,3,2
224,346,3,2
224,347,3,2
224,348,3,2
224,349,3,2
224,350,3,2
224,351,3,2
224,352,3,2
224,353,3,2
224,354,3,2
224,355,3,2
224,356,3,2
224,357,3,2
224,358,3,2
224,359,3,2
224,360,3,2
224,361,3,2
224,362,3,2
224,363,3,2
224,364,3,2
224,365,3,2
224,366,3,2
224,367,3,2
224,368,3,2
224,369,3,2
224,370,3,2
224,371,3,2
224,372,3,2
224,373,3,2
224,374,3,2
224,375,3,2
224,376,3,2
224,377,3,2
224,378,3,2
224,379,3,2
224,380,3,2
224,381,3,2
224,382,3,2
224,383,3,2
224,384,3,2
224,385,3,2
224,386,3,2
224,387,3,2
224,388,3,2
224,389,3,2
224,390,3,2
224,391,3,2
224,392,3,2
224,393,3,2
224,394,3,2
224,395,3,2
224,396,3,2
224,397,3,2
224,398,3,2
224,399,3,2
224,400,3,2
224,401,3,2
224,402,3,2
224,403,3,2
224,404,3,2
224,405,3,2
224,406,3,2
224,407,3,2
224,408,3,2
224,409,3,2
224,410,3,2
224,411,3,2
224,412,3,2
224,413,3,2
224,414,3,2
224,415,3,2
224,416,3,2
224,417,3,2
224,418,3,2
224,419,3,2
224,420,3,2
224,421,3,2
224,422,3,2
224,423,3,2
224,424,3,2
224,425,3,2
224,426,3,2
224,427,3,2
224,428,3,2
224,429,3,2
224,430,3,2
224,431,3,2
224,432,3,2
224,433,3,2
224,434,3,2
224,435,3,2
224,436,3,2
224,437,3,2
224,438,3,2
224,439,3,2
224,440,3,2
224,441,3,2
224,442,3,2
224,443,3,2
224,444,3,2
224,445,3,2
224,446,3,2
224,447,3,2
224,448,3,2
224,449,3,2
224,450,3,2
224,451,3,2
224,452,3,2
224,453,3,2
224,454,3,2
224,455,3,2
224,456,3,2
224,457,3,2
224,458,3,2
224,459,3,2
224,460,3,2
224,461,3,2
224,462,3,2
224,463,3,2
224,464,3,2
224,465,3,2
224,466,3,2
224,467,3,2
224,468,3,2
224,469,3,2
224,470,3,2
224,471,3,2
224,472,3,2
224,473,3,2
224,474,3,2
224,475,3,2
224,476,3,2
224,477,3,2
224,478,3,2
224,479,3,2
224,480,3,2
224,481,3,3
224,482,3,3
224,483,3,3
224,484,3,3
224,485,3,3
224,486,3,3
224,487,3,3
224,488,3,3
224,489,3,3
224,490,3,3
224,491,3,3
224,492,3,3
224,493,3,3
224,494,3,3
224,495,3,3
224,496,3,3
224,497,3,3
224,498,3,3
224,499,3,3
224,500,3,3
224,501,3,3
224,502,3,3
224,503,3,3
224,504,3,3
224,505,3,3
224,506,3,3
224,507,3,3
224,508,3,3
224,509,3,3
224,510,3,3
224,511,3,3
224,512,3,3
224,513,3,3
224,514,3,3
224,515,3,3
224,516,3,3
224,517,3,3
224,518,3,3
224,519,3,3
224,520,3,3
224,521,3,3
224,522,3,3
224,523,3,3
224,524,3,3
224,525,3,3
224,526,3,3
224,527,3,3
224,528,3,3
224,529,3,3
224,530,3,3
224,531,3,3
224,532,3,3
224,533,3,3
224,534,3,3
224,535,3,3
224,536,3,3
224,537,3,3
224,538,3,3
224,539,3,3
224,540,3,3
224,541,3,3
224,542,3,3
224,543,3,3
224,544,3,3
224,545,3,3
224,546,3,3
224,547,3,3
224,548,3,3
224,549,3,3
224,550,3,3
224,551,3,3
224,552,3,3
224,553,3,3
224,554,3,3
224,555,3,3
224,556,3,3
224,557,3,3
224,558,3,3
224,559,3,3
224,560,3,3
224,561,3,3
224,562,3,3
224,563,3,3
224,564,3,3
224,565,3,3
224,566,3,3
224,567,3,3
224,568,3,3
224,569,3,3
224,570,3,3
224,571,3,3
224,572,3,3
224,573,3,3
224,574,3,3
224,575,3,3
224,576,3,3
224,577,3,3
224,578,3,3
224,579,3,3
224,580,3,3
224,581,3,3
224,582,3,3
224,583,3,3
224,584,3,3
224,585,3,3
224,586,3,3
224,587,3,3
224,588,3,3
224,589,3,3
224,590,3,3
224,591,3,3
224,592,3,3
224,593,3,3
224,594,3,3
224,595,3,3
224,596,3,3
224,597,3,3
224,598,3,3
224,599,3,3
224,600,3,3
224,601,3,3
224,602,3,3
224,603,3,3
224,604,3,3
224,605,3,3
224,606,3,3
224,607,3,3
224,608,3,3
224,609,3,3
224,610,3,3
224,611,3,3
224,612,3,3
224,613,3,3
224,614,3,3
224,615,3,3
224,616,3,3
224,617,3,3
224,618,3,3
224,619,3,3
224,620,3,3
224,621,3,3
224,622,3,3
224,623,3,3
224,624,3,3
224,625,3,3
224,626,3,3
224,627,3,3
224,628,3,3
224,629,3,3
224,630,3,3
224,631,3,3
224,632,3,3
224,633,3,3
224,634,3,3
224,635,3,3
224,636,3,3
224,637,3,3
224,638,3,3
224,639,3,3
224,640,3,3
224,641,3,3
224,642,3,3
224,643,3,3
224,644,3,3
224,645,3,3
224,646,3,3
224,647,3,3
224,648,3,3
224,649,3,3
224,650,3,3
224,651,3,3
224,652,3,3
224,653,3,3
224,654,3,3
224,655,3,3
224,656,3,3
224,657,3,3
224,658,3,3
224,659,3,3
224,660,3,3
224,661,3,3
224,662,3,3
224,663,3,3
224,664,3,3
224,665,3,3
224,666,3,3
224,667,3,3
224,668,3,3
224,669,3,3
224,670,3,3
224,671,3,3
224,672,3,3
224,673,3,3
224,674,3,3
224,675,3,3
224,676,3,3
224,677,3,3
224,678,3,3
224,679,3,3
224,680,3,3
224,681,3,3
224,682,3,3
224,683,3,3
224,684,3,3
224,685,3,3
224,686,3,3
224,687,3,2
224,688,3,2
224,689,3,3
224,690,3,3
224,691,3,3
224,692,3,2
224,693,3,2
224,694,3,2
224,695,3,2
224,696,3,2
224,697,3,2
224,698,3,2
224,699,3,2
224,700,3,2
224,701,3,2
224,702,3,2
224,703,3,2
224,704,3,2
224,705,3,2
224,706,3,2
224,707,3,2
224,708,3,2
224,709,3,2
224,710,3,2
224,711,3,2
224,712,3,2
224,713,3,2
224,714,3,2
224,715,3,2
224,716,3,2
224,717,3,2
224,718,3,2
224,719,3,2
224,720,3,2
224,721,3,2
224,722,3,2
224,723,3,2
224,724,3,2
224,725,3,2
224,726,3,2
224,727,3,2
224,728,3,2
224,729,3,2
224,730,3,2
224,731,3,2
224,732,3,2
224,733,3,2
224,734,3,2
224,735,3,2
224,736,3,2
224,737,3,2
224,738,3,2
224,739,3,2
224,740,3,2
224,741,3,2
224,742,3,2
224,743,3,2
224,744,3,2
224,745,3,2
224,746,3,2
224,747,3,2
224,748,3,2
224,749,3,2
224,750,3,2
224,751,3,2
224,752,3,2
224,753,3,2
224,754,3,2
224,755,3,2
224,756,3,2
224,757,3,2
224,758,3,2
224,759,3,2
224,760,3,2
224,761,3,2
224,762,3,2
224,763,3,2
224,764,3,2
224,765,3,2
224,766,3,2
224,767,3,2
224,768,3,2
224,769,3,2
224,770,3,2
224,771,3,2
224,772,3,2
224,773,3,2
224,774,3,2
224,775,3,2
224,776,3,2
224,777,3,2
224,778,3,2
224,779,3,2
224,780,3,2
224,781,3,2
224,782,3,2
224,783,3,2
224,784,3,2
224,785,3,2
224,786,3,2
224,787,3,2
224,788,3,2
224,789,3,2
224,790,3,2
224,791,3,2
224,792,3,2
225,125,3,2
225,126,3,2
225,127,3,2
225,128,3,2
225,129,3,2
225,130,3,2
225,131,3,2
225,132,3,2
225,133,3,2
225,134,3,2
225,135,3,2
225,136,3,2
225,137,3,2
225,138,3,2
225,139,3,2
225,140,3,2
225,141,3,2
225,142,3,2
225,143,3,2
225,144,3,2
225,145,3,2
225,146,3,2
225,147,3,2
225,148,3,2
225,149,3,2
225,150,3,2
225,151,3,2
225,152,3,2
225,153,3,2
225,154,3,2
225,155,3,2
225,156,3,2
225,157,3,2
225,158,3,2
225,159,3,2
225,160,3,2
225,161,3,2
225,162,3,2
225,163,3,2
225,164,3,2
225,165,3,2
225,166,3,2
225,167,3,2
225,168,3,2
225,169,3,2
225,170,3,2
225,171,3,2
225,172,3,2
225,173,3,2
225,174,3,2
225,175,3,2
225,176,3,2
225,177,3,2
225,178,3,2
225,179,3,2
225,180,3,2
225,181,3,2
225,182,3,2
225,183,3,2
225,184,3,2
225,185,3,2
225,186,3,2
225,187,3,2
225,188,3,2
225,189,3,2
225,190,3,2
225,191,3,2
225,192,3,2
225,193,3,2
225,194,3,2
225,195,3,2
225,196,3,2
225,197,3,2
225,198,3,2
225,199,3,2
225,200,3,2
225,201,3,2
225,202,3,2
225,203,3,2
225,204,3,2
225,205,3,2
225,206,3,2
225,207,3,2
225,208,3,2
225,209,3,2
225,210,3,2
225,211,3,2
225,212,3,2
225,213,3,2
225,214,3,2
225,215,3,2
225,216,3,2
225,217,3,2
225,218,3,2
225,219,3,2
225,220,3,2
225,221,3,2
225,222,3,2
225,223,3,2
225,224,3,2
225,225,3,2
225,226,3,2
225,227,3,2
225,228,3,2
225,229,3,2
225,230,3,2
225,231,3,2
225,232,3,2
225,233,3,2
225,234,3,2
225,235,3,2
225,236,3,2
225,237,3,2
225,238,3,2
225,239,3,2
225,240,3,2
225,241,3,2
225,242,3,2
225,243,3,2
225,244,3,2
225,245,3,2
225,246,3,2
225,247,3,2
225,248,3,2
225,249,3,2
225,250,3,2
225,251,3,2
225,252,3,2
225,253,3,2
225,254,3,2
225,255,3,2
225,256,3,2
225,257,3,2
225,258,3,2
225,259,3,2
225,260,3,2
225,261,3,2
225,262,3,2
225,263,3,2
225,264,3,2
225,265,3,2
225,266,3,2
225,267,3,2
225,268,3,2
225,269,3,2
225,270,3,2
225,271,3,2
225,272,3,2
225,273,3,2
225,274,3,2
225,275,3,2
225,276,3,2
225,277,3,2
225,278,3,2
225,279,3,2
225,280,3,2
225,281,3,2
225,282,3,2
225,283,3,2
225,284,3,2
225,285,3,2
225,286,3,2
225,287,3,2
225,288,3,2
225,289,3,2
225,290,3,2
225,291,3,2
225,292,3,2
225,293,3,2
225,294,3,2
225,295,3,2
225,296,3,2
225,297,3,2
225,298,3,2
225,299,3,2
225,300,3,2
225,301,3,2
225,302,3,2
225,303,3,2
225,304,3,2
225,305,3,2
225,306,3,2
225,307,3,2
225,308,3,2
225,309,3,2
225,310,3,2
225,311,3,2
225,312,3,2
225,313,3,2
225,314,3,2
225,315,3,2
225,316,3,2
225,317,3,2
225,318,3,2
225,319,3,2
225,320,3,2
225,321,3,2
225,322,3,2
225,323,3,2
225,324,3,2
225,325,3,2
225,326,3,2
225,327,3,2
225,328,3,2
225,329,3,2
225,330,3,2
225,331,3,2
225,332,3,2
225,333,3,2
225,334,3,2
225,335,3,2
225,336,3,2
225,337,3,2
225,338,3,2
225,339,3,2
225,340,3,2
225,341,3,2
225,342,3,2
225,343,3,2
225,344,3,2
225,345,3,2
225,346,3,2
225,347,3,2
225,348,3,2
225,349,3,2
225,350,3,2
225,351,3,2
225,352,3,2
225,353,3,2
225,354,3,2
225,355,3,2
225,356,3,2
225,357,3,2
225,358,3,2
225,359,3,2
225,360,3,2
225,361,3,2
225,362,3,2
225,363,3,2
225,364,3,2
225,365,3,2
225,366,3,2
225,367,3,2
225,368,3,2
225,369,3,2
225,370,3,2
225,371,3,2
225,372,3,2
225,373,3,2
225,374,3,2
225,375,3,2
225,376,3,2
225,377,3,2
225,378,3,2
225,379,3,2
225,380,3,2
225,381,3,2
225,382,3,2
225,383,3,2
225,384,3,2
225,385,3,2
225,386,3,2
225,387,3,2
225,388,3,2
225,389,3,2
225,390,3,2
225,391,3,2
225,392,3,2
225,393,3,2
225,394,3,2
225,395,3,2
225,396,3,2
225,397,3,2
225,398,3,2
225,399,3,2
225,400,3,2
225,401,3,2
225,402,3,2
225,403,3,2
225,404,3,2
225,405,3,2
225,406,3,2
225,407,3,2
225,408,3,2
225,409,3,2
225,410,3,2
225,411,3,2
225,412,3,2
225,413,3,2
225,414,3,2
225,415,3,2
225,416,3,2
225,417,3,2
225,418,3,2
225,419,3,2
225,420,3,2
225,421,3,2
225,422,3,2
225,423,3,2
225,424,3,2
225,425,3,2
225,426,3,2
225,427,3,2
225,428,3,2
225,429,3,2
225,430,3,2
225,431,3,2
225,432,3,2
225,433,3,2
225,434,3,2
225,435,3,2
225,436,3,2
225,437,3,2
225,438,3,2
225,439,3,2
225,440,3,2
225,441,3,2
225,442,3,2
225,443,3,2
225,444,3,2
225,445,3,2
225,446,3,2
225,447,3,2
225,448,3,2
225,449,3,2
225,450,3,2
225,451,3,2
225,452,3,2
225,453,3,2
225,454,3,2
225,455,3,2
225,456,3,2
225,457,3,2
225,458,3,2
225,459,3,2
225,460,3,2
225,461,3,2
225,462,3,2
225,463,3,2
225,464,3,2
225,465,3,2
225,466,3,2
225,467,3,2
225,468,3,2
225,469,3,2
225,470,3,2
225,471,3,2
225,472,3,2
225,473,3,2
225,474,3,2
225,475,3,2
225,476,3,2
225,477,3,2
225,478,3,2
225,479,3,2
225,480,3,2
225,481,3,2
225,482,3,2
225,483,3,3
225,484,3,3
225,485,3,3
225,486,3,3
225,487,3,3
225,488,3,3
225,489,3,3
225,490,3,3
225,491,3,3
225,492,3,3
225,493,3,3
225,494,3,3
225,495,3,3
225,496,3,3
225,497,3,3
225,498,3,3
225,499,3,3
225,500,3,3
225,501,3,3
225,502,3,3
225,503,3,3
225,504,3,3
225,505,3,3
225,506,3,3
225,507,3,3
225,508,3,3
225,509,3,3
225,510,3,3
225,511,3,3
225,512,3,3
225,513,3,3
225,514,3,3
225,515,3,3
225,516,3,3
225,517,3,3
225,518,3,3
225,519,3,3
225,520,3,3
225,521,3,3
225,522,3,3
225,523,3,3
225,524,3,3
225,525,3,3
225,526,3,3
225,527,3,3
225,528,3,3
225,529,3,3
225,530,3,3
225,531,3,3
225,532,3,3
225,533,3,3
225,534,3,3
225,535,3,3
225,536,3,3
225,537,3,3
225,538,3,3
225,539,3,3
225,540,3,3
225,541,3,3
225,542,3,3
225,543,3,3
225,544,3,3
225,545,3,3
225,546,3,3
225,547,3,3
225,548,3,3
225,549,3,3
225,550,3,3
225,551,3,3
225,552,3,3
225,553,3,3
225,554,3,3
225,555,3,3
225,556,3,3
225,557,3,3
225,558,3,3
225,559,3,3
225,560,3,3
225,561,3,3
225,562,3,3
225,563,3,3
225,564,3,3
225,565,3,3
225,566,3,3
225,567,3,3
225,568,3,3
225,569,3,3
225,570,3,3
225,571,3,3
225,572,3,3
225,573,3,3
225,574,3,3
225,575,3,3
225,576,3,3
225,577,3,3
225,578,3,3
225,579,3,3
225,580,3,3
225,581,3,3
225,582,3,3
225,583,3,3
225,584,3,3
225,585,3,3
225,586,3,3
225,587,3,3
225,588,3,3
225,589,3,3
225,590,3,3
225,591,3,3
225,592,3,3
225,593,3,3
225,594,3,3
225,595,3,3
225,596,3,3
225,597,3,3
225,598,3,3
225,599,3,3
225,600,3,3
225,601,3,3
225,602,3,3
225,603,3,3
225,604,3,3
225,605,3,3
225,606,3,3
225,607,3,3
225,608,3,3
225,609,3,3
225,610,3,3
225,611,3,3
225,612,3,3
225,613,3,3
225,614,3,3
225,615,3,3
225,616,3,3
225,617,3,3
225,618,3,3
225,619,3,3
225,620,3,3
225,621,3,3
225,622,3,3
225,623,3,3
225,624,3,3
225,625,3,3
225,626,3,3
225,627,3,3
225,628,3,3
225,629,3,3
225,630,3,3
225,631,3,3
225,632,3,3
225,633,3,3
225,634,3,3
225,635,3,3
225,636,3,3
225,637,3,3
225,638,3,3
225,639,3,3
225,640,3,3
225,641,3,3
225,642,3,2
225,643,3,2
225,644,3,2
225,645,3,2
225,646,3,3
225,647,3,2
225,648,3,3
225,649,3,3
225,650,3,3
225,651,3,3
225,652,3,3
225,653,3,3
225,654,3,3
225,655,3,3
225,656,3,3
225,657,3,3
225,658,3,3
225,659,3,3
225,660,3,3
225,661,3,3
225,662,3,3
225,663,3,3
225,664,3,3
225,665,3,3
225,666,3,3
225,667,3,3
225,668,3,3
225,669,3,3
225,670,3,2
225,671,3,2
225,672,3,2
225,673,3,2
225,674,3,3
225,675,3,3
225,676,3,3
225,677,3,2
225,678,3,2
225,679,3,2
225,680,3,2
225,681,3,2
225,682,3,2
225,683,3,2
225,684,3,2
225,685,3,2
225,686,3,2
225,687,3,2
225,688,3,2
225,689,3,2
225,690,3,2
225,691,3,2
225,692,3,2
225,693,3,2
225,694,3,2
225,695,3,2
225,696,3,2
225,697,3,2
225,698,3,2
225,699,3,2
225,700,3,2
225,701,3,2
225,702,3,2
225,703,3,2
225,704,3,2
225,705,3,2
225,706,3,2
225,707,3,2
225,708,3,2
225,709,3,2
225,710,3,2
225,711,3,2
225,712,3,2
225,713,3,2
225,714,3,2
225,715,3,2
225,716,3,2
225,717,3,2
225,718,3,2
225,719,3,2
225,720,3,2
225,721,3,2
225,722,3,2
225,723,3,2
225,724,3,2
225,725,3,2
225,726,3,2
225,727,3,2
225,728,3,2
225,729,3,2
225,730,3,2
225,731,3,2
225,732,3,2
225,733,3,2
225,734,3,2
225,735,3,2
225,736,3,2
225,737,3,2
225,738,3,2
225,739,3,2
225,740,3,2
225,741,3,2
225,742,3,2
225,743,3,2
225,744,3,2
225,745,3,2
225,746,3,2
225,747,3,3
225,748,3,2
225,749,3,3
225,750,3,3
225,751,3,2
225,752,3,2
225,753,3,2
225,754,3,2
225,755,3,2
225,756,3,2
225,757,3,2
225,758,3,2
225,759,3,2
225,760,3,2
225,761,3,2
225,762,3,2
225,763,3,2
225,764,3,2
225,765,3,2
225,766,3,2
225,767,3,2
225,768,3,2
225,769,3,2
225,770,3,2
225,771,3,2
225,772,3,2
225,773,3,2
225,774,3,2
225,775,3,2
225,776,3,2
225,777,3,2
225,778,3,2
225,779,3,2
225,780,3,2
225,781,3,2
225,782,3,2
225,783,3,2
225,784,3,2
225,785,3,2
225,786,3,2
225,787,3,2
225,788,3,2
225,789,3,2
225,790,3,2
225,791,3,2
226,125,3,2
226,126,3,2
226,127,3,2
226,128,3,2
226,129,3,2
226,130,3,2
226,131,3,2
226,132,3,2
226,133,3,2
226,134,3,2
226,135,3,2
226,136,3,2
226,137,3,2
226,138,3,2
226,139,3,2
226,140,3,2
226,141,3,2
226,142,3,2
226,143,3,2
226,144,3,2
226,145,3,2
226,146,3,2
226,147,3,2
226,148,3,2
226,149,3,2
226,150,3,2
226,151,3,2
226,152,3,2
226,153,3,2
226,154,3,2
226,155,3,2
226,156,3,2
226,157,3,2
226,158,3,2
226,159,3,2
226,160,3,2
226,161,3,2
226,162,3,2
226,163,3,2
226,164,3,2
226,165,3,2
226,166,3,2
226,167,3,2
226,168,3,2
226,169,3,2
226,170,3,2
226,171,3,2
226,172,3,2
226,173,3,2
226,174,3,2
226,175,3,2
226,176,3,2
226,177,3,2
226,178,3,2
226,179,3,2
226,180,3,2
226,181,3,2
226,182,3,2
226,183,3,2
226,184,3,2
226,185,3,2
226,186,3,2
226,187,3,2
226,188,3,2
226,189,3,2
226,190,3,2
226,191,3,2
226,192,3,2
226,193,3,2
226,194,3,2
226,195,3,2
226,196,3,2
226,197,3,2
226,198,3,2
226,199,3,2
226,200,3,2
226,201,3,2
226,202,3,2
226,203,3,2
226,204,3,2
226,205,3,2
226,206,3,2
226,207,3,2
226,208,3,2
226,209,3,2
226,210,3,2
226,211,3,2
226,212,3,2
226,213,3,2
226,214,3,2
226,215,3,2
226,216,3,2
226,217,3,2
226,218,3,2
226,219,3,2
226,220,3,2
226,221,3,2
226,222,3,2
226,223,3,2
226,224,3,2
226,225,3,2
226,226,3,2
226,227,3,2
226,228,3,2
226,229,3,2
226,230,3,2
226,231,3,2
226,232,3,2
226,233,3,2
226,234,3,2
226,235,3,2
226,236,3,2
226,237,3,2
226,238,3,2
226,239,3,2
226,240,3,2
226,241,3,2
226,242,3,2
226,243,3,2
226,244,3,2
226,245,3,2
226,246,3,2
226,247,3,2
226,248,3,2
226,249,3,2
226,250,3,2
226,251,3,2
226,252,3,2
226,253,3,2
226,254,3,2
226,255,3,2
226,256,3,2
226,257,3,2
226,258,3,2
226,259,3,2
226,260,3,2
226,261,3,2
226,262,3,2
226,263,3,2
226,264,3,2
226,265,3,2
226,266,3,2
226,267,3,2
226,268,3,2
226,269,3,2
226,270,3,2
226,271,3,2
226,272,3,2
226,273,3,2
226,274,3,2
226,275,3,2
226,276,3,2
226,277,3,2
226,278,3,2
226,279,3,2
226,280,3,2
226,281,3,2
226,282,3,2
226,283,3,2
226,284,3,2
226,285,3,2
226,286,3,2
226,287,3,2
226,288,3,2
226,289,3,2
226,290,3,2
226,291,3,2
226,292,3,2
226,293,3,2
226,294,3,2
226,295,3,2
226,296,3,2
226,297,3,2
226,298,3,2
226,299,3,2
226,300,3,2
226,301,3,2
226,302,3,2
226,303,3,2
226,304,3,2
226,305,3,2
226,306,3,2
226,307,3,2
226,308,3,2
226,309,3,2
226,310,3,2
226,311,3,2
226,312,3,2
226,313,3,2
226,314,3,2
226,315,3,2
226,316,3,2
226,317,3,2
226,318,3,2
226,319,3,2
226,320,3,2
226,321,3,2
226,322,3,2
226,323,3,2
226,324,3,2
226,325,3,2
226,326,3,2
226,327,3,2
226,328,3,2
226,329,3,2
226,330,3,2
226,331,3,2
226,332,3,2
226,333,3,2
226,334,3,2
226,335,3,2
226,336,3,2
226,337,3,2
226,338,3,2
226,339,3,2
226,340,3,2
226,341,3,2
226,342,3,2
226,343,3,2
226,344,3,2
226,345,3,2
226,346,3,2
226,347,3,2
226,348,3,2
226,349,3,2
226,350,3,2
226,351,3,2
226,352,3,2
226,353,3,2
226,354,3,2
226,355,3,2
226,356,3,2
226,357,3,2
226,358,3,2
226,359,3,2
226,360,3,2
226,361,3,2
226,362,3,2
226,363,3,2
226,364,3,2
226,365,3,2
226,366,3,2
226,367,3,2
226,368,3,2
226,369,3,2
226,370,3,2
226,371,3,2
226,372,3,2
226,373,3,2
226,374,3,2
226,375,3,2
226,376,3,2
226,377,3,2
226,378,3,2
226,379,3,2
226,380,3,2
226,381,3,2
226,382,3,2
226,383,3,2
226,384,3,2
226,385,3,2
226,386,3,2
226,387,3,2
226,388,3,2
226,389,3,2
226,390,3,2
226,391,3,2
226,392,3,2
226,393,3,2
226,394,3,2
226,395,3,2
226,396,3,2
226,397,3,2
226,398,3,2
226,399,3,2
226,400,3,2
226,401,3,2
226,402,3,2
226,403,3,2
226,404,3,2
226,405,3,2
226,406,3,2
226,407,3,2
226,408,3,2
226,409,3,2
226,410,3,2
226,411,3,2
226,412,3,2
226,413,3,2
226,414,3,2
226,415,3,2
226,416,3,2
226,417,3,2
226,418,3,2
226,419,3,2
226,420,3,2
226,421,3,2
226,422,3,2
226,423,3,2
226,424,3,2
226,425,3,2
226,426,3,2
226,427,3,2
226,428,3,2
226,429,3,2
226,430,3,2
226,431,3,2
226,432,3,2
226,433,3,2
226,434,3,2
226,435,3,2
226,436,3,2
226,437,3,2
226,438,3,2
226,439,3,2
226,440,3,2
226,441,3,2
226,442,3,2
226,443,3,2
226,444,3,2
226,445,3,2
226,446,3,2
226,447,3,2
226,448,3,2
226,449,3,2
226,450,3,2
226,451,3,2
226,452,3,2
226,453,3,2
226,454,3,2
226,455,3,2
226,456,3,2
226,457,3,2
226,458,3,2
226,459,3,2
226,460,3,2
226,461,3,2
226,462,3,2
226,463,3,2
226,464,3,2
226,465,3,2
226,466,3,2
226,467,3,2
226,468,3,2
226,469,3,2
226,470,3,2
226,471,3,2
226,472,3,2
226,473,3,2
226,474,3,2
226,475,3,2
226,476,3,2
226,477,3,2
226,478,3,2
226,479,3,2
226,480,3,2
226,481,3,2
226,482,3,2
226,483,3,2
226,484,3,2
226,485,3,3
226,486,3,3
226,487,3,3
226,488,3,3
226,489,3,3
226,490,3,3
226,491,3,3
226,492,3,3
226,493,3,3
226,494,3,3
226,495,3,3
226,496,3,3
226,497,3,3
226,498,3,3
226,499,3,3
226,500,3,3
226,501,3,3
226,502,3,3
226,503,3,3
226,504,3,3
226,505,3,3
226,506,3,3
226,507,3,3
226,508,3,3
226,509,3,3
226,510,3,3
226,511,3,3
226,512,3,3
226,513,3,3
226,514,3,3
226,515,3,3
226,516,3,3
226,517,3,3
226,518,3,3
226,519,3,3
226,520,3,3
226,521,3,3
226,522,3,3
226,523,3,3
226,524,3,3
226,525,3,3
226,526,3,3
226,527,3,3
226,528,3,3
226,529,3,3
226,530,3,3
226,531,3,3
226,532,3,3
226,533,3,3
226,534,3,3
226,535,3,3
226,536,3,3
226,537,3,3
226,538,3,3
226,539,3,3
226,540,3,3
226,541,3,3
226,542,3,3
226,543,3,3
226,544,3,3
226,545,3,3
226,546,3,3
226,547,3,3
226,548,3,3
226,549,3,3
226,550,3,3
226,551,3,3
226,552,3,3
226,553,3,3
226,554,3,3
226,555,3,3
226,556,3,3
226,557,3,3
226,558,3,3
226,559,3,3
226,560,3,3
226,561,3,3
226,562,3,3
226,563,3,3
226,564,3,3
226,565,3,3
226,566,3,3
226,567,3,3
226,568,3,3
226,569,3,3
226,570,3,3
226,571,3,3
226,572,3,3
226,573,3,3
226,574,3,3
226,575,3,3
226,576,3,3
226,577,3,3
226,578,3,3
226,579,3,3
226,580,3,3
226,581,3,3
226,582,3,3
226,583,3,3
226,584,3,3
226,585,3,3
226,586,3,3
226,587,3,3
226,588,3,3
226,589,3,3
226,590,3,3
226,591,3,3
226,592,3,3
226,593,3,3
226,594,3,3
226,595,3,3
226,596,3,3
226,597,3,3
226,598,3,3
226,599,3,3
226,600,3,3
226,601,3,3
226,602,3,3
226,603,3,3
226,604,3,3
226,605,3,3
226,606,3,3
226,607,3,3
226,608,3,3
226,609,3,3
226,610,3,3
226,611,3,3
226,612,3,3
226,613,3,3
226,614,3,3
226,615,3,3
226,616,3,3
226,617,3,3
226,618,3,3
226,619,3,3
226,620,3,3
226,621,3,3
226,622,3,3
226,623,3,3
226,624,3,3
226,625,3,3
226,626,3,3
226,627,3,3
226,628,3,3
226,629,3,3
226,630,3,3
226,631,3,3
226,632,3,3
226,633,3,3
226,634,3,3
226,635,3,3
226,636,3,3
226,637,3,3
226,638,3,3
226,639,3,3
226,640,3,2
226,641,3,2
226,642,3,2
226,643,3,2
226,644,3,2
226,645,3,2
226,646,3,2
226,647,3,2
226,648,3,2
226,649,3,2
226,650,3,3
226,651,3,3
226,652,3,3
226,653,3,3
226,654,3,3
226,655,3,3
226,656,3,3
226,657,3,3
226,658,3,3
226,659,3,3
226,660,3,3
226,661,3,3
226,662,3,3
226,663,3,3
226,664,3,3
226,665,3,3
226,666,3,3
226,667,3,3
226,668,3,3
226,669,3,3
226,670,3,2
226,671,3,2
226,672,3,2
226,673,3,2
226,674,3,2
226,675,3,2
226,676,3,2
226,677,3,2
226,678,3,2
226,679,3,2
226,680,3,2
226,681,3,2
226,682,3,2
226,683,3,2
226,684,3,2
226,685,3,2
226,686,3,2
226,687,3,2
226,688,3,2
226,689,3,2
226,690,3,2
226,691,3,2
226,692,3,2
226,693,3,2
226,694,3,2
226,695,3,2
226,696,3,2
226,697,3,2
226,698,3,2
226,699,3,2
226,700,3,2
226,701,3,2
226,702,3,2
226,703,3,2
226,704,3,2
226,705,3,2
226,706,3,2
226,707,3,2
226,708,3,2
226,709,3,2
226,710,3,2
226,711,3,2
226,712,3,2
226,713,3,2
226,714,3,2
226,715,3,2
226,716,3,2
226,717,3,2
226,718,3,2
226,719,3,2
226,720,3,2
226,721,3,2
226,722,3,2
226,723,3,2
226,724,3,2
226,725,3,2
226,726,3,2
226,727,3,2
226,728,3,2
226,729,3,2
226,730,3,2
226,731,3,2
226,732,3,2
226,733,3,2
226,734,3,2
226,735,3,2
226,736,3,2
226,737,3,2
226,738,3,2
226,739,3,2
226,740,3,2
226,741,3,2
226,742,3,2
226,743,3,2
226,744,3,3
226,745,3,3
226,746,3,3
226,747,3,3
226,748,3,3
226,749,3,3
226,750,3,2
226,751,3,3
226,752,3,2
226,753,3,2
226,754,3,2
226,755,3,2
226,756,3,2
226,757,3,2
226,758,3,2
226,759,3,2
226,760,3,2
226,761,3,2
226,762,3,2
226,763,3,2
226,764,3,2
226,765,3,2
226,766,3,2
226,767,3,2
226,768,3,2
226,769,3,2
226,770,3,2
226,771,3,2
226,772,3,2
226,773,3,2
226,774,3,2
226,775,3,2
226,776,3,2
226,777,3,2
226,778,3,2
226,779,3,2
226,780,3,2
226,781,3,2
226,782,3,2
226,783,3,2
226,784,3,2
226,785,3,2
226,786,3,2
226,787,3,2
226,788,3,2
226,789,3,2
226,790,3,2
227,124,3,2
227,125,3,2
227,126,3,2
227,127,3,2
227,128,3,2
227,129,3,2
227,130,3,2
227,131,3,2
227,132,3,2
227,133,3,2
227,134,3,2
227,135,3,2
227,136,3,2
227,137,3,2
227,138,3,2
227,139,3,2
227,140,3,2
227,141,3,2
227,142,3,2
227,143,3,2
227,144,3,2
227,145,3,2
227,146,3,2
227,147,3,2
227,148,3,2
227,149,3,2
227,150,3,2
227,151,3,2
227,152,3,2
227,153,3,2
227,154,3,2
227,155,3,2
227,156,3,2
227,157,3,2
227,158,3,2
227,159,3,2
227,160,3,2
227,161,3,2
227,162,3,2
227,163,3,2
227,164,3,2
227,165,3,2
227,166,3,2
227,167,3,2
227,168,3,2
227,169,3,2
227,170,3,2
227,171,3,2
227,172,3,2
227,173,3,2
227,174,3,2
227,175,3,2
227,176,3,2
227,177,3,2
227,178,3,2
227,179,3,2
227,180,3,2
227,181,3,2
227,182,3,2
227,183,3,2
227,184,3,2
227,185,3,2
227,186,3,2
227,187,3,2
227,188,3,2
227,189,3,2
227,190,3,2
227,191,3,2
227,192,3,2
227,193,3,2
227,194,3,2
227,195,3,2
227,196,3,2
227,197,3,2
227,198,3,2
227,199,3,2
227,200,3,2
227,201,3,2
227,202,3,2
227,203,3,2
227,204,3,2
227,205,3,2
227,206,3,2
227,207,3,2
227,208,3,2
227,209,3,2
227,210,3,2
227,211,3,2
227,212,3,2
227,213,3,2
227,214,3,2
227,215,3,2
227,216,3,2
227,217,3,2
227,218,3,2
227,219,3,2
227,220,3,2
227,221,3,2
227,222,3,2
227,223,3,2
227,224,3,2
227,225,3,2
227,226,3,2
227,227,3,2
227,228,3,2
227,229,3,2
227,230,3,2
227,231,3,2
227,232,3,2
227,233,3,2
227,234,3,2
227,235,3,2
227,236,3,2
227,237,3,2
227,238,3,2
227,239,3,2
227,240,3,2
227,241,3,2
227,242,3,2
227,243,3,2
227,244,3,2
227,245,3,2
227,246,3,2
227,247,3,2
227,248,3,2
227,249,3,2
227,250,3,2
227,251,3,2
227,252,3,2
227,253,3,2
227,254,3,2
227,255,3,2
227,256,3,2
227,257,3,2
227,258,3,2
227,259,3,2
227,260,3,2
227,261,3,2
227,262,3,2
227,263,3,2
227,264,3,2
227,265,3,2
227,266,3,2
227,267,3,2
227,268,3,2
227,269,3,2
227,270,3,2
227,271,3,2
227,272,3,2
227,273,3,2
227,274,3,2
227,275,3,2
227,276,3,2
227,277,3,2
227,278,3,2
227,279,3,2
227,280,3,2
227,281,3,2
227,282,3,2
227,283,3,2
227,284,3,2
227,285,3,2
227,286,3,2
227,287,3,2
227,288,3,2
227,289,3,2
227,290,3,2
227,291,3,2
227,292,3,2
227,293,3,2
227,294,3,2
227,295,3,2
227,296,3,2
227,297,3,2
227,298,3,2
227,299,3,2
227,300,3,2
227,301,3,2
227,302,3,2
227,303,3,2
227,304,3,2
227,305,3,2
227,306,3,2
227,307,3,2
227,308,3,2
227,309,3,2
227,310,3,2
227,311,3,2
227,312,3,2
227,313,3,2
227,314,3,2
227,315,3,2
227,316,3,2
227,317,3,2
227,318,3,2
227,319,3,2
227,320,3,2
227,321,3,2
227,322,3,2
227,323,3,2
227,324,3,2
227,325,3,2
227,326,3,2
227,327,3,2
227,328,3,2
227,329,3,2
227,330,3,2
227,331,3,2
227,332,3,2
227,333,3,2
227,334,3,2
227,335,3,2
227,336,3,2
227,337,3,2
227,338,3,2
227,339,3,2
227,340,3,2
227,341,3,2
227,342,3,2
227,343,3,2
227,344,3,2
227,345,3,2
227,346,3,2
227,347,3,2
227,348,3,2
227,349,3,2
227,350,3,2
227,351,3,2
227,352,3,2
227,353,3,2
227,354,3,2
227,355,3,2
227,356,3,2
227,357,3,2
227,358,3,2
227,359,3,2
227,360,3,2
227,361,3,2
227,362,3,2
227,363,3,2
227,364,3,2
227,365,3,2
227,366,3,2
227,367,3,2
227,368,3,2
227,369,3,2
227,370,3,2
227,371,3,2
227,372,3,2
227,373,3,2
227,374,3,2
227,375,3,2
227,376,3,2
227,377,3,2
227,378,3,2
227,379,3,2
227,380,3,2
227,381,3,2
227,382,3,2
227,383,3,2
227,384,3,2
227,385,3,2
227,386,3,2
227,387,3,2
227,388,3,2
227,389,3,2
227,390,3,2
227,391,3,2
227,392,3,2
227,393,3,2
227,394,3,2
227,395,3,2
227,396,3,2
227,397,3,2
227,398,3,2
227,399,3,2
227,400,3,2
227,401,3,2
227,402,3,2
227,403,3,2
227,404,3,2
227,405,3,2
227,406,3,2
227,407,3,2
227,408,3,2
227,409,3,2
227,410,3,2
227,411,3,2
227,412,3,2
227,413,3,2
227,414,3,2
227,415,3,2
227,416,3,2
227,417,3,2
227,418,3,2
227,419,3,2
227,420,3,2
227,421,3,2
227,422,3,2
227,423,3,2
227,424,3,2
227,425,3,2
227,426,3,2
227,427,3,2
227,428,3,2
227,429,3,2
227,430,3,2
227,431,3,2
227,432,3,2
227,433,3,2
227,434,3,2
227,435,3,2
227,436,3,2
227,437,3,2
227,438,3,2
227,439,3,2
227,440,3,2
227,441,3,2
227,442,3,2
227,443,3,2
227,444,3,2
227,445,3,2
227,446,3,2
227,447,3,2
227,448,3,2
227,449,3,2
227,450,3,2
227,451,3,2
227,452,3,2
227,453,3,2
227,454,3,2
227,455,3,2
227,456,3,2
227,457,3,2
227,458,3,2
227,459,3,2
227,460,3,2
227,461,3,2
227,462,3,2
227,463,3,2
227,464,3,2
227,465,3,2
227,466,3,2
227,467,3,2
227,468,3,2
227,469,3,2
227,470,3,2
227,471,3,2
227,472,3,2
227,473,3,2
227,474,3,2
227,475,3,2
227,476,3,2
227,477,3,2
227,478,3,2
227,479,3,2
227,480,3,2
227,481,3,2
227,482,3,2
227,483,3,2
227,484,3,2
227,485,3,3
227,486,3,3
227,487,3,3
227,488,3,3
227,489,3,3
227,490,3,3
227,491,3,3
227,492,3,3
227,493,3,3
227,494,3,3
227,495,3,3
227,496,3,3
227,497,3,3
227,498,3,3
227,499,3,3
227,500,3,3
227,501,3,3
227,502,3,3
227,503,3,3
227,504,3,3
227,505,3,3
227,506,3,3
227,507,3,3
227,508,3,3
227,509,3,3
227,510,3,3
227,511,3,3
227,512,3,3
227,513,3,3
227,514,3,3
227,515,3,3
227,516,3,3
227,517,3,3
227,518,3,3
227,519,3,3
227,520,3,3
227,521,3,3
227,522,3,3
227,523,3,3
227,524,3,3
227,525,3,3
227,526,3,3
227,527,3,3
227,528,3,3
227,529,3,3
227,530,3,3
227,531,3,3
227,532,3,3
227,533,3,3
227,534,3,3
227,535,3,3
227,536,3,3
227,537,3,3
227,538,3,3
227,539,3,3
227,540,3,3
227,541,3,3
227,542,3,3
227,543,3,3
227,544,3,3
227,545,3,3
227,546,3,3
227,547,3,3
227,548,3,3
227,549,3,3
227,550,3,3
227,551,3,3
227,552,3,3
227,553,3,3
227,554,3,3
227,555,3,3
227,556,3,3
227,557,3,3
227,558,3,3
227,559,3,3
227,560,3,3
227,561,3,3
227,562,3,3
227,563,3,3
227,564,3,3
227,565,3,3
227,566,3,3
227,567,3,3
227,568,3,3
227,569,3,3
227,570,3,3
227,571,3,3
227,572,3,3
227,573,3,3
227,574,3,3
227,575,3,3
227,576,3,3
227,577,3,3
227,578,3,3
227,579,3,3
227,580,3,3
227,581,3,3
227,582,3,3
227,583,3,3
227,584,3,3
227,585,3,3
227,586,3,3
227,587,3,3
227,588,3,3
227,589,3,3
227,590,3,3
227,591,3,3
227,592,3,3
227,593,3,3
227,594,3,3
227,595,3,3
227,596,3,3
227,597,3,3
227,598,3,3
227,599,3,3
227,600,3,3
227,601,3,3
227,602,3,3
227,603,3,3
227,604,3,3
227,605,3,3
227,606,3,3
227,607,3,3
227,608,3,3
227,609,3,3
227,610,3,3
227,611,3,3
227,612,3,3
227,613,3,3
227,614,3,3
227,615,3,3
227,616,3,3
227,617,3,3
227,618,3,3
227,619,3,3
227,620,3,3
227,621,3,3
227,622,3,3
227,623,3,3
227,624,3,3
227,625,3,3
227,626,3,3
227,627,3,3
227,628,3,3
227,629,3,3
227,630,3,3
227,631,3,3
227,632,3,3
227,633,3,3
227,634,3,3
227,635,3,3
227,636,3,3
227,637,3,3
227,638,3,3
227,639,3,2
227,640,3,2
227,641,3,2
227,642,3,2
227,643,3,2
227,644,3,2
227,645,3,2
227,646,3,2
227,647,3,2
227,648,3,2
227,649,3,3
227,650,3,3
227,651,3,3
227,652,3,3
227,653,3,3
227,654,3,3
227,655,3,3
227,656,3,3
227,657,3,3
227,658,3,3
227,659,3,3
227,660,3,3
227,661,3,3
227,662,3,3
227,663,3,3
227,664,3,3
227,665,3,3
227,666,3,3
227,667,3,3
227,668,3,3
227,669,3,3
227,670,3,2
227,671,3,2
227,672,3,2
227,673,3,2
227,674,3,2
227,675,3,2
227,676,3,2
227,677,3,2
227,678,3,2
227,679,3,2
227,680,3,2
227,681,3,2
227,682,3,2
227,683,3,2
227,684,3,2
227,685,3,2
227,686,3,2
227,687,3,2
227,688,3,2
227,689,3,2
227,690,3,2
227,691,3,2
227,692,3,2
227,693,3,2
227,694,3,2
227,695,3,2
227,696,3,2
227,697,3,2
227,698,3,2
227,699,3,2
227,700,3,2
227,701,3,2
227,702,3,2
227,703,3,2
227,704,3,2
227,705,3,2
227,706,3,2
227,707,3,2
227,708,3,2
227,709,3,2
227,710,3,2
227,711,3,2
227,712,3,2
227,713,3,2
227,714,3,2
227,715,3,2
227,716,3,2
227,717,3,2
227,718,3,2
227,719,3,2
227,720,3,2
227,721,3,2
227,722,3,2
227,723,3,2
227,724,3,2
227,725,3,2
227,726,3,2
227,727,3,2
227,728,3,2
227,729,3,2
227,730,3,2
227,731,3,2
227,732,3,2
227,733,3,2
227,734,3,2
227,735,3,2
227,736,3,2
227,737,3,2
227,738,3,2
227,739,3,2
227,740,3,2
227,741,3,2
227,742,3,2
227,743,3,2
227,744,3,3
227,745,3,3
227,746,3,3
227,747,3,3
227,748,3,3
227,749,3,3
227,750,3,3
227,751,3,2
227,752,3,2
227,753,3,2
227,754,3,2
227,755,3,2
227,756,3,2
227,757,3,2
227,758,3,2
227,759,3,2
227,760,3,2
227,761,3,2
227,762,3,2
227,763,3,2
227,764,3,2
227,765,3,2
227,766,3,2
227,767,3,2
227,768,3,2
227,769,3,2
227,770,3,2
227,771,3,2
227,772,3,2
227,773,3,2
227,774,3,2
227,775,3,2
227,776,3,2
227,777,3,2
227,778,3,2
227,779,3,2
227,780,3,2
227,781,3,2
227,782,3,2
227,783,3,2
227,784,3,2
227,785,3,2
227,786,3,2
227,787,3,2
227,788,3,2
227,789,3,2
227,790,3,2
228,124,3,2
228,125,3,2
228,126,3,2
228,127,3,2
228,128,3,2
228,129,3,2
228,130,3,2
228,131,3,2
228,132,3,2
228,133,3,2
228,134,3,2
228,135,3,2
228,136,3,2
228,137,3,2
228,138,3,2
228,139,3,2
228,140,3,2
228,141,3,2
228,142,3,2
228,143,3,2
228,144,3,2
228,145,3,2
228,146,3,2
228,147,3,2
228,148,3,2
228,149,3,2
228,150,3,2
228,151,3,2
228,152,3,2
228,153,3,2
228,154,3,2
228,155,3,2
228,156,3,2
228,157,3,2
228,158,3,2
228,159,3,2
228,160,3,2
228,161,3,2
228,162,3,2
228,163,3,2
228,164,3,2
228,165,3,2
228,166,3,2
228,167,3,2
228,168,3,2
228,169,3,2
228,170,3,2
228,171,3,2
228,172,3,2
228,173,3,2
228,174,3,2
228,175,3,2
228,176,3,2
228,177,3,2
228,178,3,2
228,179,3,2
228,180,3,2
228,181,3,2
228,182,3,2
228,183,3,2
228,184,3,2
228,185,3,2
228,186,3,2
228,187,3,2
228,188,3,2
228,189,3,2
228,190,3,2
228,191,3,2
228,192,3,2
228,193,3,2
228,194,3,2
228,195,3,2
228,196,3,2
228,197,3,2
228,198,3,2
228,199,3,2
228,200,3,2
228,201,3,2
228,202,3,2
228,203,3,2
228,204,3,2
228,205,3,2
228,206,3,2
228,207,3,2
228,208,3,2
228,209,3,2
228,210,3,2
228,211,3,2
228,212,3,2
228,213,3,2
228,214,3,2
228,215,3,2
228,216,3,2
228,217,3,2
228,218,3,2
228,219,3,2
228,220,3,2
228,221,3,2
228,222,3,2
228,223,3,2
228,224,3,2
228,225,3,2
228,226,3,2
228,227,3,2
228,228,3,2
228,229,3,2
228,230,3,2
228,231,3,2
228,232,3,2
228,233,3,2
228,234,3,2
228,235,3,2
228,236,3,2
228,237,3,2
228,238,3,2
228,239,3,2
228,240,3,2
228,241,3,2
228,242,3,2
228,243,3,2
228,244,3,2
228,245,3,2
228,246,3,2
228,247,3,2
228,248,3,2
228,249,3,2
228,250,3,2
228,251,3,2
228,252,3,2
228,253,3,2
228,254,3,2
228,255,3,2
228,256,3,2
228,257,3,2
228,258,3,2
228,259,3,2
228,260,3,2
228,261,3,2
228,262,3,2
228,263,3,2
228,264,3,2
228,265,3,2
228,266,3,2
228,267,3,2
228,268,3,2
228,269,3,2
228,270,3,2
228,271,3,2
228,272,3,2
228,273,3,2
228,274,3,2
228,275,3,2
228,276,3,2
228,277,3,2
228,278,3,2
228,279,3,2
228,280,3,2
228,281,3,2
228,282,3,2
228,283,3,2
228,284,3,2
228,285,3,2
228,286,3,2
228,287,3,2
228,288,3,2
228,289,3,2
228,290,3,2
228,291,3,2
228,292,3,2
228,293,3,2
228,294,3,2
228,295,3,2
228,296,3,2
228,297,3,2
228,298,3,2
228,299,3,2
228,300,3,2
228,301,3,2
228,302,3,2
228,303,3,2
228,304,3,2
228,305,3,2
228,306,3,2
228,307,3,2
228,308,3,2
228,309,3,2
228,310,3,2
228,311,3,2
228,312,3,2
228,313,3,2
228,314,3,2
228,315,3,2
228,316,3,2
228,317,3,2
228,318,3,2
228,319,3,2
228,320,3,2
228,321,3,2
228,322,3,2
228,323,3,2
228,324,3,2
228,325,3,2
228,326,3,2
228,327,3,2
228,328,3,2
228,329,3,2
228,330,3,2
228,331,3,2
228,332,3,2
228,333,3,2
228,334,3,2
228,335,3,2
228,336,3,2
228,337,3,2
228,338,3,2
228,339,3,2
228,340,3,2
228,341,3,2
228,342,3,2
228,343,3,2
228,344,3,2
228,345,3,2
228,346,3,2
228,347,3,2
228,348,3,2
228,349,3,2
228,350,3,2
228,351,3,2
228,352,3,2
228,353,3,2
228,354,3,2
228,355,3,2
228,356,3,2
228,357,3,2
228,358,3,2
228,359,3,2
228,360,3,2
228,361,3,2
228,362,3,2
228,363,3,2
228,364,3,2
228,365,3,2
228,366,3,2
228,367,3,2
228,368,3,2
228,369,3,2
228,370,3,2
228,371,3,2
228,372,3,2
228,373,3,2
228,374,3,2
228,375,3,2
228,376,3,2
228,377,3,2
228,378,3,2
228,379,3,2
228,380,3,2
228,381,3,2
228,382,3,2
228,383,3,2
228,384,3,2
228,385,3,2
228,386,3,2
228,387,3,2
228,388,3,2
228,389,3,2
228,390,3,2
228,391,3,2
228,392,3,2
228,393,3,2
228,394,3,2
228,395,3,2
228,396,3,2
228,397,3,2
228,398,3,2
228,399,3,2
228,400,3,2
228,401,3,2
228,402,3,2
228,403,3,2
228,404,3,2
228,405,3,2
228,406,3,2
228,407,3,2
228,408,3,2
228,409,3,2
228,410,3,2
228,411,3,2
228,412,3,2
228,413,3,2
228,414,3,2
228,415,3,2
228,416,3,2
228,417,3,2
228,418,3,2
228,419,3,2
228,420,3,2
228,421,3,2
228,422,3,2
228,423,3,2
228,424,3,2
228,425,3,2
228,426,3,2
228,427,3,2
228,428,3,2
228,429,3,2
228,430,3,2
228,431,3,2
228,432,3,2
228,433,3,2
228,434,3,2
228,435,3,2
228,436,3,2
228,437,3,2
228,438,3,2
228,439,3,2
228,440,3,2
228,441,3,2
228,442,3,2
228,443,3,2
228,444,3,2
228,445,3,2
228,446,3,2
228,447,3,2
228,448,3,2
228,449,3,2
228,450,3,2
228,451,3,2
228,452,3,2
228,453,3,2
228,454,3,2
228,455,3,2
228,456,3,2
228,457,3,2
228,458,3,2
228,459,3,2
228,460,3,2
228,461,3,2
228,462,3,2
228,463,3,2
228,464,3,2
228,465,3,2
228,466,3,2
228,467,3,2
228,468,3,2
228,469,3,2
228,470,3,2
228,471,3,2
228,472,3,2
228,473,3,2
228,474,3,2
228,475,3,2
228,476,3,2
228,477,3,2
228,478,3,2
228,479,3,2
228,480,3,2
228,481,3,2
228,482,3,2
228,483,3,2
228,484,3,2
228,485,3,2
228,486,3,3
228,487,3,3
228,488,3,3
228,489,3,3
228,490,3,3
228,491,3,3
228,492,3,3
228,493,3,3
228,494,3,3
228,495,3,3
228,496,3,3
228,497,3,3
228,498,3,3
228,499,3,3
228,500,3,3
228,501,3,3
228,502,3,3
228,503,3,3
228,504,3,3
228,505,3,3
228,506,3,3
228,507,3,3
228,508,3,3
228,509,3,3
228,510,3,3
228,511,3,3
228,512,3,3
228,513,3,3
228,514,3,3
228,515,3,3
228,516,3,3
228,517,3,3
228,518,3,3
228,519,3,3
228,520,3,3
228,521,3,3
228,522,3,3
228,523,3,3
228,524,3,3
228,525,3,3
228,526,3,3
228,527,3,3
228,528,3,3
228,529,3,3
228,530,3,3
228,531,3,3
228,532,3,3
228,533,3,3
228,534,3,3
228,535,3,3
228,536,3,3
228,537,3,3
228,538,3,3
228,539,3,3
228,540,3,3
228,541,3,3
228,542,3,3
228,543,3,3
228,544,3,3
228,545,3,3
228,546,3,3
228,547,3,3
228,548,3,3
228,549,3,3
228,550,3,3
228,551,3,3
228,552,3,3
228,553,3,3
228,554,3,3
228,555,3,3
228,556,3,3
228,557,3,3
228,558,3,3
228,559,3,3
228,560,3,3
228,561,3,3
228,562,3,3
228,563,3,3
228,564,3,3
228,565,3,3
228,566,3,3
228,567,3,3
228,568,3,3
228,569,3,3
228,570,3,3
228,571,3,3
228,572,3,3
228,573,3,3
228,574,3,3
228,575,3,3
228,576,3,3
228,577,3,3
228,578,3,3
228,579,3,3
228,580,3,3
228,581,3,3
228,582,3,3
228,583,3,3
228,584,3,3
228,585,3,3
228,586,3,3
228,587,3,3
228,588,3,3
228,589,3,3
228,590,3,3
228,591,3,3
228,592,3,3
228,593,3,3
228,594,3,3
228,595,3,3
228,596,3,3
228,597,3,3
228,598,3,3
228,599,3,3
228,600,3,3
228,601,3,3
228,602,3,3
228,603,3,3
228,604,3,3
228,605,3,3
228,606,3,3
228,607,3,3
228,608,3,3
228,609,3,3
228,610,3,3
228,611,3,3
228,612,3,3
228,613,3,3
228,614,3,3
228,615,3,3
228,616,3,3
228,617,3,3
228,618,3,3
228,619,3,3
228,620,3,3
228,621,3,3
228,622,3,3
228,623,3,3
228,624,3,3
228,625,3,3
228,626,3,3
228,627,3,3
228,628,3,3
228,629,3,3
228,630,3,3
228,631,3,3
228,632,3,3
228,633,3,3
228,634,3,3
228,635,3,3
228,636,3,3
228,637,3,3
228,638,3,2
228,639,3,2
228,640,3,2
228,641,3,2
228,642,3,2
228,643,3,2
228,644,3,2
228,645,3,2
228,646,3,2
228,647,3,2
228,648,3,2
228,649,3,2
228,650,3,3
228,651,3,3
228,652,3,3
228,653,3,3
228,654,3,3
228,655,3,3
228,656,3,3
228,657,3,3
228,658,3,3
228,659,3,3
228,660,3,3
228,661,3,3
228,662,3,3
228,663,3,3
228,664,3,3
228,665,3,3
228,666,3,3
228,667,3,3
228,668,3,3
228,669,3,3
228,670,3,2
228,671,3,2
228,672,3,2
228,673,3,2
228,674,3,2
228,675,3,2
228,676,3,2
228,677,3,2
228,678,3,2
228,679,3,2
228,680,3,2
228,681,3,2
228,682,3,2
228,683,3,2
228,684,3,2
228,685,3,2
228,686,3,2
228,687,3,2
228,688,3,2
228,689,3,2
228,690,3,2
228,691,3,2
228,692,3,2
228,693,3,2
228,694,3,2
228,695,3,2
228,696,3,2
228,697,3,2
228,698,3,2
228,699,3,2
228,700,3,2
228,701,3,2
228,702,3,2
228,703,3,2
228,704,3,2
228,705,3,2
228,706,3,2
228,707,3,2
228,708,3,2
228,709,3,2
228,710,3,2
228,711,3,2
228,712,3,2
228,713,3,2
228,714,3,2
228,715,3,2
228,716,3,2
228,717,3,2
228,718,3,2
228,719,3,2
228,720,3,2
228,721,3,2
228,722,3,2
228,723,3,2
228,724,3,2
228,725,3,2
228,726,3,2
228,727,3,2
228,728,3,2
228,729,3,2
228,730,3,2
228,731,3,2
228,732,3,2
228,733,3,2
228,734,3,2
228,735,3,2
228,736,3,2
228,737,3,2
228,738,3,2
228,739,3,2
228,740,3,2
228,741,3,2
228,742,3,2
228,743,3,3
228,744,3,3
228,745,3,3
228,746,3,3
228,747,3,3
228,748,3,3
228,749,3,3
228,750,3,3
228,751,3,2
228,752,3,2
228,753,3,2
228,754,3,2
228,755,3,2
228,756,3,2
228,757,3,2
228,758,3,2
228,759,3,2
228,760,3,2
228,761,3,2
228,762,3,2
228,763,3,2
228,764,3,2
228,765,3,2
228,766,3,2
228,767,3,2
228,768,3,2
228,769,3,2
228,770,3,2
228,771,3,2
228,772,3,2
228,773,3,2
228,774,3,2
228,775,3,2
228,776,3,2
228,777,3,2
228,778,3,2
228,779,3,2
228,780,3,2
228,781,3,2
228,782,3,2
228,783,3,2
228,784,3,2
228,785,3,2
228,786,3,2
228,787,3,2
228,788,3,2
228,789,3,2
229,124,3,2
229,125,3,2
229,126,3,2
229,127,3,2
229,128,3,2
229,129,3,2
229,130,3,2
229,131,3,2
229,132,3,2
229,133,3,2
229,134,3,2
229,135,3,2
229,136,3,2
229,137,3,2
229,138,3,2
229,139,3,2
229,140,3,2
229,141,3,2
229,142,3,2
229,143,3,2
229,144,3,2
229,145,3,2
229,146,3,2
229,147,3,2
229,148,3,2
229,149,3,2
229,150,3,2
229,151,3,2
229,152,3,2
229,153,3,2
229,154,3,2
229,155,3,2
229,156,3,2
229,157,3,2
229,158,3,2
229,159,3,2
229,160,3,2
229,161,3,2
229,162,3,2
229,163,3,2
229,164,3,2
229,165,3,2
229,166,3,2
229,167,3,2
229,168,3,2
229,169,3,2
229,170,3,2
229,171,3,2
229,172,3,2
229,173,3,2
229,174,3,2
229,175,3,2
229,176,3,2
229,177,3,2
229,178,3,2
229,179,3,2
229,180,3,2
229,181,3,2
229,182,3,2
229,183,3,2
229,184,3,2
229,185,3,2
229,186,3,2
229,187,3,2
229,188,3,2
229,189,3,2
229,190,3,2
229,191,3,2
229,192,3,2
229,193,3,2
229,194,3,2
229,195,3,2
229,196,3,2
229,197,3,2
229,198,3,2
229,199,3,2
229,200,3,2
229,201,3,2
229,202,3,2
229,203,3,2
229,204,3,2
229,205,3,2
229,206,3,2
229,207,3,2
229,208,3,2
229,209,3,2
229,210,3,2
229,211,3,2
229,212,3,2
229,213,3,2
229,214,3,2
229,215,3,2
229,216,3,2
229,217,3,2
229,218,3,2
229,219,3,2
229,220,3,2
229,221,3,2
229,222,3,2
229,223,3,2
229,224,3,2
229,225,3,2
229,226,3,2
229,227,3,2
229,228,3,2
229,229,3,2
229,230,3,2
229,231,3,2
229,232,3,2
229,233,3,2
229,234,3,2
229,235,3,2
229,236,3,2
229,237,3,2
229,238,3,2
229,239,3,2
229,240,3,2
229,241,3,2
229,242,3,2
229,243,3,2
229,244,3,2
229,245,3,2
229,246,3,2
229,247,3,2
229,248,3,2
229,249,3,2
229,250,3,2
229,251,3,2
229,252,3,2
229,253,3,2
229,254,3,2
229,255,3,2
229,256,3,2
229,257,3,2
229,258,3,2
229,259,3,2
229,260,3,2
229,261,3,2
229,262,3,2
229,263,3,2
229,264,3,2
229,265,3,2
229,266,3,2
229,267,3,2
229,268,3,2
229,269,3,2
229,270,3,2
229,271,3,2
229,272,3,2
229,273,3,2
229,274,3,2
229,275,3,2
229,276,3,2
229,277,3,2
229,278,3,2
229,279,3,2
229,280,3,2
229,281,3,2
229,282,3,2
229,283,3,2
229,284,3,2
229,285,3,2
229,286,3,2
229,287,3,2
229,288,3,2
229,289,3,2
229,290,3,2
229,291,3,2
229,292,3,2
229,293,3,2
229,294,3,2
229,295,3,2
229,296,3,2
229,297,3,2
229,298,3,2
229,299,3,2
229,300,3,2
229,301,3,2
229,302,3,2
229,303,3,2
229,304,3,2
229,305,3,2
229,306,3,2
229,307,3,2
229,308,3,2
229,309,3,2
229,310,3,2
229,311,3,2
229,312,3,2
229,313,3,2
229,314,3,2
229,315,3,2
229,316,3,2
229,317,3,2
229,318,3,2
229,319,3,2
229,320,3,2
229,321,3,2
229,322,3,2
229,323,3,2
229,324,3,2
229,325,3,2
229,326,3,2
229,327,3,2
229,328,3,2
229,329,3,2
229,330,3,2
229,331,3,2
229,332,3,2
229,333,3,2
229,334,3,2
229,335,3,2
229,336,3,2
229,337,3,2
229,338,3,2
229,339,3,2
229,340,3,2
229,341,3,2
229,342,3,2
229,343,3,2
229,344,3,2
229,345,3,2
229,346,3,2
229,347,3,2
229,348,3,2
229,349,3,2
229,350,3,2
229,351,3,2
229,352,3,2
229,353,3,2
229,354,3,2
229,355,3,2
229,356,3,2
229,357,3,2
229,358,3,2
229,359,3,2
229,360,3,2
229,361,3,2
229,362,3,2
229,363,3,2
229,364,3,2
229,365,3,2
229,366,3,2
229,367,3,2
229,368,3,2
229,369,3,2
229,370,3,2
229,371,3,2
229,372,3,2
229,373,3,2
229,374,3,2
229,375,3,2
229,376,3,2
229,377,3,2
229,378,3,2
229,379,3,2
229,380,3,2
229,381,3,2
229,382,3,2
229,383,3,2
229,384,3,2
229,385,3,2
229,386,3,2
229,387,3,2
229,388,3,2
229,389,3,2
229,390,3,2
229,391,3,2
229,392,3,2
229,393,3,2
229,394,3,2
229,395,3,2
229,396,3,2
229,397,3,2
229,398,3,2
229,399,3,2
229,400,3,2
229,401,3,2
229,402,3,2
229,403,3,2
229,404,3,2
229,405,3,2
229,406,3,2
229,407,3,2
229,408,3,2
229,409,3,2
229,410,3,2
229,411,3,2
229,412,3,2
229,413,3,2
229,414,3,2
229,415,3,2
229,416,3,2
229,417,3,2
229,418,3,2
229,419,3,2
229,420,3,2
229,421,3,2
229,422,3,2
229,423,3,2
229,424,3,2
229,425,3,2
229,426,3,2
229,427,3,2
229,428,3,2
229,429,3,2
229,430,3,2
229,431,3,2
229,432,3,2
229,433,3,2
229,434,3,2
229,435,3,2
229,436,3,2
229,437,3,2
229,438,3,2
229,439,3,2
229,440,3,2
229,441,3,2
229,442,3,2
229,443,3,2
229,444,3,2
229,445,3,2
229,446,3,2
229,447,3,2
229,448,3,2
229,449,3,2
229,450,3,2
229,451,3,2
229,452,3,2
229,453,3,2
229,454,3,2
229,455,3,2
229,456,3,2
229,457,3,2
229,458,3,2
229,459,3,2
229,460,3,2
229,461,3,2
229,462,3,2
229,463,3,2
229,464,3,2
229,465,3,2
229,466,3,2
229,467,3,2
229,468,3,2
229,469,3,2
229,470,3,2
229,471,3,2
229,472,3,2
229,473,3,2
229,474,3,2
229,475,3,2
229,476,3,2
229,477,3,2
229,478,3,2
229,479,3,2
229,480,3,2
229,481,3,2
229,482,3,2
229,483,3,2
229,484,3,2
229,485,3,2
229,486,3,3
229,487,3,3
229,488,3,3
229,489,3,3
229,490,3,3
229,491,3,3
229,492,3,3
229,493,3,3
229,494,3,3
229,495,3,3
229,496,3,3
229,497,3,3
229,498,3,3
229,499,3,3
229,500,3,3
229,501,3,3
229,502,3,3
229,503,3,3
229,504,3,3
229,505,3,3
229,506,3,3
229,507,3,3
229,508,3,3
229,509,3,3
229,510,3,3
229,511,3,3
229,512,3,3
229,513,3,3
229,514,3,3
229,515,3,3
229,516,3,3
229,517,3,3
229,518,3,3
229,519,3,3
229,520,3,3
229,521,3,3
229,522,3,3
229,523,3,3
229,524,3,3
229,525,3,3
229,526,3,3
229,527,3,3
229,528,3,3
229,529,3,3
229,530,3,3
229,531,3,3
229,532,3,3
229,533,3,3
229,534,3,3
229,535,3,3
229,536,3,3
229,537,3,3
229,538,3,3
229,539,3,3
229,540,3,3
229,541,3,3
229,542,3,3
229,543,3,3
229,544,3,3
229,545,3,3
229,546,3,3
229,547,3,3
229,548,3,3
229,549,3,3
229,550,3,3
229,551,3,3
229,552,3,3
229,553,3,3
229,554,3,3
229,555,3,3
229,556,3,3
229,557,3,3
229,558,3,3
229,559,3,3
229,560,3,3
229,561,3,3
229,562,3,3
229,563,3,3
229,564,3,3
229,565,3,3
229,566,3,3
229,567,3,3
229,568,3,3
229,569,3,3
229,570,3,3
229,571,3,3
229,572,3,3
229,573,3,3
229,574,3,3
229,575,3,3
229,576,3,3
229,577,3,3
229,578,3,3
229,579,3,3
229,580,3,3
229,581,3,3
229,582,3,3
229,583,3,3
229,584,3,3
229,585,3,3
229,586,3,3
229,587,3,3
229,588,3,3
229,589,3,3
229,590,3,3
229,591,3,3
229,592,3,3
229,593,3,3
229,594,3,3
229,595,3,3
229,596,3,3
229,597,3,3
229,598,3,3
229,599,3,3
229,600,3,3
229,601,3,3
229,602,3,3
229,603,3,3
229,604,3,3
229,605,3,3
229,606,3,3
229,607,3,3
229,608,3,3
229,609,3,3
229,610,3,3
229,611,3,3
229,612,3,3
229,613,3,3
229,614,3,3
229,615,3,3
229,616,3,3
229,617,3,3
229,618,3,3
229,619,3,3
229,620,3,3
229,621,3,3
229,622,3,3
229,623,3,3
229,624,3,3
229,625,3,3
229,626,3,3
229,627,3,3
229,628,3,3
229,629,3,3
229,630,3,3
229,631,3,3
229,632,3,3
229,633,3,3
229,634,3,3
229,635,3,3
229,636,3,3
229,637,3,2
229,638,3,2
229,639,3,2
229,640,3,2
229,641,3,2
229,642,3,2
229,643,3,2
229,644,3,2
229,645,3,2
229,646,3,2
229,647,3,2
229,648,3,2
229,649,3,2
229,650,3,3
229,651,3,3
229,652,3,3
229,653,3,3
229,654,3,3
229,655,3,3
229,656,3,3
229,657,3,3
229,658,3,3
229,659,3,3
229,660,3,3
229,661,3,3
229,662,3,3
229,663,3,3
229,664,3,3
229,665,3,3
229,666,3,3
229,667,3,3
229,668,3,3
229,669,3,3
229,670,3,2
229,671,3,2
229,672,3,2
229,673,3,2
229,674,3,2
229,675,3,2
229,676,3,2
229,677,3,2
229,678,3,2
229,679,3,2
229,680,3,2
229,681,3,2
229,682,3,2
229,683,3,2
229,684,3,2
229,685,3,2
229,686,3,2
229,687,3,2
229,688,3,2
229,689,3,2
229,690,3,2
229,691,3,2
229,692,3,2
229,693,3,2
229,694,3,2
229,695,3,2
229,696,3,2
229,697,3,2
229,698,3,2
229,699,3,2
229,700,3,2
229,701,3,2
229,702,3,2
229,703,3,2
229,704,3,2
229,705,3,2
229,706,3,2
229,707,3,2
229,708,3,2
229,709,3,2
229,710,3,2
229,711,3,2
229,712,3,2
229,713,3,2
229,714,3,2
229,715,3,2
229,716,3,2
229,717,3,2
229,718,3,2
229,719,3,2
229,720,3,2
229,721,3,2
229,722,3,2
229,723,3,2
229,724,3,2
229,725,3,2
229,726,3,2
229,727,3,2
229,728,3,2
229,729,3,2
229,730,3,2
229,731,3,2
229,732,3,2
229,733,3,2
229,734,3,2
229,735,3,2
229,736,3,2
229,737,3,2
229,738,3,2
229,739,3,2
229,740,3,2
229,741,3,2
229,742,3,2
229,743,3,2
229,744,3,3
229,745,3,3
229,746,3,3
229,747,3,3
229,748,3,3
229,749,3,2
229,750,3,3
229,751,3,2
229,752,3,2
229,753,3,2
229,754,3,2
229,755,3,2
229,756,3,2
229,757,3,2
229,758,3,2
229,759,3,2
229,760,3,2
229,761,3,2
229,762,3,2
229,763,3,2
229,764,3,2
229,765,3,2
229,766,3,2
229,767,3,2
229,768,3,2
229,769,3,2
229,770,3,2
229,771,3,2
229,772,3,2
229,773,3,2
229,774,3,2
229,775,3,2
229,776,3,2
229,777,3,2
229,778,3,2
229,779,3,2
229,780,3,2
229,781,3,2
229,782,3,2
229,783,3,2
229,784,3,2
229,785,3,2
229,786,3,2
229,787,3,2
230,124,3,2
230,125,3,2
230,126,3,2
230,127,3,2
230,128,3,2
230,129,3,2
230,130,3,2
230,131,3,2
230,132,3,2
230,133,3,2
230,134,3,2
230,135,3,2
230,136,3,2
230,137,3,2
230,138,3,2
230,139,3,2
230,140,3,2
230,141,3,2
230,142,3,2
230,143,3,2
230,144,3,2
230,145,3,2
230,146,3,2
230,147,3,2
230,148,3,2
230,149,3,2
230,150,3,2
230,151,3,2
230,152,3,2
230,153,3,2
230,154,3,2
230,155,3,2
230,156,3,2
230,157,3,2
230,158,3,2
230,159,3,2
230,160,3,2
230,161,3,2
230,162,3,2
230,163,3,2
230,164,3,2
230,165,3,2
230,166,3,2
230,167,3,2
230,168,3,2
230,169,3,2
230,170,3,2
230,171,3,2
230,172,3,2
230,173,3,2
230,174,3,2
230,175,3,2
230,176,3,2
230,177,3,2
230,178,3,2
230,179,3,2
230,180,3,2
230,181,3,2
230,182,3,2
230,183,3,2
230,184,3,2
230,185,3,2
230,186,3,2
230,187,3,2
230,188,3,2
230,189,3,2
230,190,3,2
230,191,3,2
230,192,3,2
230,193,3,2
230,194,3,2
230,195,3,2
230,196,3,2
230,197,3,2
230,198,3,2
230,199,3,2
230,200,3,2
230,201,3,2
230,202,3,2
230,203,3,2
230,204,3,2
230,205,3,2
230,206,3,2
230,207,3,2
230,208,3,2
230,209,3,2
230,210,3,2
230,211,3,2
230,212,3,2
230,213,3,2
230,214,3,2
230,215,3,2
230,216,3,2
230,217,3,2
230,218,3,2
230,219,3,2
230,220,3,2
230,221,3,2
230,222,3,2
230,223,3,2
230,224,3,2
230,225,3,2
230,226,3,2
230,227,3,2
230,228,3,2
230,229,3,2
230,230,3,2
230,231,3,2
230,232,3,2
230,233,3,2
230,234,3,2
230,235,3,2
230,236,3,2
230,237,3,2
230,238,3,2
230,239,3,2
230,240,3,2
230,241,3,2
230,242,3,2
230,243,3,2
230,244,3,2
230,245,3,2
230,246,3,2
230,247,3,2
230,248,3,2
230,249,3,2
230,250,3,2
230,251,3,2
230,252,3,2
230,253,3,2
230,254,3,2
230,255,3,2
230,256,3,2
230,257,3,2
230,258,3,2
230,259,3,2
230,260,3,2
230,261,3,2
230,262,3,2
230,263,3,2
230,264,3,2
230,265,3,2
230,266,3,2
230,267,3,2
230,268,3,2
230,269,3,2
230,270,3,2
230,271,3,2
230,272,3,2
230,273,3,2
230,274,3,2
230,275,3,2
230,276,3,2
230,277,3,2
230,278,3,2
230,279,3,2
230,280,3,2
230,281,3,2
230,282,3,2
230,283,3,2
230,284,3,2
230,285,3,2
230,286,3,2
230,287,3,2
230,288,3,2
230,289,3,2
230,290,3,2
230,291,3,2
230,292,3,2
230,293,3,2
230,294,3,2
230,295,3,2
230,296,3,2
230,297,3,2
230,298,3,2
230,299,3,2
230,300,3,2
230,301,3,2
230,302,3,2
230,303,3,2
230,304,3,2
230,305,3,2
230,306,3,2
230,307,3,2
230,308,3,2
230,309,3,2
230,310,3,2
230,311,3,2
230,312,3,2
230,313,3,2
230,314,3,2
230,315,3,2
230,316,3,2
230,317,3,2
230,318,3,2
230,319,3,2
230,320,3,2
230,321,3,2
230,322,3,2
230,323,3,2
230,324,3,2
230,325,3,2
230,326,3,2
230,327,3,2
230,328,3,2
230,329,3,2
230,330,3,2
230,331,3,2
230,332,3,2
230,333,3,2
230,334,3,2
230,335,3,2
230,336,3,2
230,337,3,2
230,338,3,2
230,339,3,2
230,340,3,2
230,341,3,2
230,342,3,2
230,343,3,2
230,344,3,2
230,345,3,2
230,346,3,2
230,347,3,2
230,348,3,2
230,349,3,2
230,350,3,2
230,351,3,2
230,352,3,2
230,353,3,2
230,354,3,2
230,355,3,2
230,356,3,2
230,357,3,2
230,358,3,2
230,359,3,2
230,360,3,2
230,361,3,2
230,362,3,2
230,363,3,2
230,364,3,2
230,365,3,2
230,366,3,2
230,367,3,2
230,368,3,2
230,369,3,2
230,370,3,2
230,371,3,2
230,372,3,2
230,373,3,2
230,374,3,2
230,375,3,2
230,376,3,2
230,377,3,2
230,378,3,2
230,379,3,2
230,380,3,2
230,381,3,2
230,382,3,2
230,383,3,2
230,384,3,2
230,385,3,2
230,386,3,2
230,387,3,2
230,388,3,2
230,389,3,2
230,390,3,2
230,391,3,2
230,392,3,2
230,393,3,2
230,394,3,2
230,395,3,2
230,396,3,2
230,397,3,2
230,398,3,2
230,399,3,2
230,400,3,2
230,401,3,2
230,402,3,2
230,403,3,2
230,404,3,2
230,405,3,2
230,406,3,2
230,407,3,2
230,408,3,2
230,409,3,2
230,410,3,2
230,411,3,2
230,412,3,2
230,413,3,2
230,414,3,2
230,415,3,2
230,416,3,2
230,417,3,2
230,418,3,2
230,419,3,2
230,420,3,2
230,421,3,2
230,422,3,2
230,423,3,2
230,424,3,2
230,425,3,2
230,426,3,2
230,427,3,2
230,428,3,2
230,429,3,2
230,430,3,2
230,431,3,2
230,432,3,2
230,433,3,2
230,434,3,2
230,435,3,2
230,436,3,2
230,437,3,2
230,438,3,2
230,439,3,2
230,440,3,2
230,441,3,2
230,442,3,2
230,443,3,2
230,444,3,2
230,445,3,2
230,446,3,2
230,447,3,2
230,448,3,2
230,449,3,2
230,450,3,2
230,451,3,2
230,452,3,2
230,453,3,2
230,454,3,2
230,455,3,2
230,456,3,2
230,457,3,2
230,458,3,2
230,459,3,2
230,460,3,2
230,461,3,2
230,462,3,2
230,463,3,2
230,464,3,2
230,465,3,2
230,466,3,2
230,467,3,2
230,468,3,2
230,469,3,2
230,470,3,2
230,471,3,2
230,472,3,2
230,473,3,2
230,474,3,2
230,475,3,2
230,476,3,2
230,477,3,2
230,478,3,2
230,479,3,2
230,480,3,2
230,481,3,2
230,482,3,2
230,483,3,2
230,484,3,2
230,485,3,2
230,486,3,2
230,487,3,3
230,488,3,3
230,489,3,3
230,490,3,3
230,491,3,3
230,492,3,3
230,493,3,3
230,494,3,3
230,495,3,3
230,496,3,3
230,497,3,3
230,498,3,3
230,499,3,3
230,500,3,3
230,501,3,3
230,502,3,3
230,503,3,3
230,504,3,3
230,505,3,3
230,506,3,3
230,507,3,3
230,508,3,3
230,509,3,3
230,510,3,3
230,511,3,3
230,512,3,3
230,513,3,3
230,514,3,3
230,515,3,3
230,516,3,3
230,517,3,3
230,518,3,3
230,519,3,3
230,520,3,3
230,521,3,3
230,522,3,3
230,523,3,3
230,524,3,3
230,525,3,3
230,526,3,3
230,527,3,3
230,528,3,3
230,529,3,3
230,530,3,3
230,531,3,3
230,532,3,3
230,533,3,3
230,534,3,3
230,535,3,3
230,536,3,3
230,537,3,3
230,538,3,3
230,539,3,3
230,540,3,3
230,541,3,3
230,542,3,3
230,543,3,3
230,544,3,3
230,545,3,3
230,546,3,3
230,547,3,3
230,548,3,3
230,549,3,3
230,550,3,3
230,551,3,3
230,552,3,3
230,553,3,3
230,554,3,3
230,555,3,3
230,556,3,3
230,557,3,3
230,558,3,3
230,559,3,3
230,560,3,3
230,561,3,3
230,562,3,3
230,563,3,3
230,564,3,3
230,565,3,3
230,566,3,3
230,567,3,3
230,568,3,3
230,569,3,3
230,570,3,3
230,571,3,3
230,572,3,3
230,573,3,3
230,574,3,3
230,575,3,3
230,576,3,3
230,577,3,3
230,578,3,3
230,579,3,3
230,580,3,3
230,581,3,3
230,582,3,3
230,583,3,3
230,584,3,3
230,585,3,3
230,586,3,3
230,587,3,3
230,588,3,3
230,589,3,3
230,590,3,3
230,591,3,3
230,592,3,3
230,593,3,3
230,594,3,3
230,595,3,3
230,596,3,3
230,597,3,3
230,598,3,3
230,599,3,3
230,600,3,3
230,601,3,3
230,602,3,3
230,603,3,3
230,604,3,3
230,605,3,3
230,606,3,3
230,607,3,3
230,608,3,3
230,609,3,3
230,610,3,3
230,611,3,3
230,612,3,3
230,613,3,3
230,614,3,3
230,615,3,3
230,616,3,3
230,617,3,3
230,618,3,3
230,619,3,3
230,620,3,3
230,621,3,3
230,622,3,3
230,623,3,3
230,624,3,3
230,625,3,3
230,626,3,3
230,627,3,3
230,628,3,3
230,629,3,3
230,630,3,3
230,631,3,3
230,632,3,3
230,633,3,3
230,634,3,3
230,635,3,3
230,636,3,3
230,637,3,2
230,638,3,2
230,639,3,2
230,640,3,2
230,641,3,2
230,642,3,2
230,643,3,2
230,644,3,2
230,645,3,2
230,646,3,2
230,647,3,2
230,648,3,2
230,649,3,2
230,650,3,2
230,651,3,3
230,652,3,3
230,653,3,3
230,654,3,3
230,655,3,3
230,656,3,3
230,657,3,3
230,658,3,3
230,659,3,3
230,660,3,3
230,661,3,3
230,662,3,3
230,663,3,3
230,664,3,3
230,665,3,3
230,666,3,3
230,667,3,3
230,668,3,3
230,669,3,2
230,670,3,2
230,671,3,2
230,672,3,2
230,673,3,2
230,674,3,2
230,675,3,2
230,676,3,2
230,677,3,2
230,678,3,2
230,679,3,2
230,680,3,2
230,681,3,2
230,682,3,2
230,683,3,2
230,684,3,2
230,685,3,2
230,686,3,2
230,687,3,2
230,688,3,2
230,689,3,2
230,690,3,2
230,691,3,2
230,692,3,2
230,693,3,2
230,694,3,2
230,695,3,2
230,696,3,2
230,697,3,2
230,698,3,2
230,699,3,2
230,700,3,2
230,701,3,2
230,702,3,2
230,703,3,2
230,704,3,2
230,705,3,2
230,706,3,2
230,707,3,2
230,708,3,2
230,709,3,2
230,710,3,2
230,711,3,2
230,712,3,2
230,713,3,2
230,714,3,2
230,715,3,2
230,716,3,2
230,717,3,2
230,718,3,2
230,719,3,2
230,720,3,2
230,721,3,2
230,722,3,2
230,723,3,2
230,724,3,2
230,725,3,2
230,726,3,2
230,727,3,2
230,728,3,2
230,729,3,2
230,730,3,2
230,731,3,2
230,732,3,2
230,733,3,2
230,734,3,2
230,735,3,2
230,736,3,2
230,737,3,2
230,738,3,2
230,739,3,2
230,740,3,2
230,741,3,2
230,742,3,2
230,743,3,2
230,744,3,2
230,745,3,2
230,746,3,3
230,747,3,3
230,748,3,2
230,749,3,2
230,750,3,2
230,751,3,2
230,752,3,2
230,753,3,2
230,754,3,2
230,755,3,2
230,756,3,2
230,757,3,2
230,758,3,2
230,759,3,2
230,760,3,2
230,761,3,2
230,762,3,2
230,763,3,2
230,764,3,2
230,765,3,2
230,766,3,2
230,767,3,2
230,768,3,2
230,769,3,2
230,770,3,2
230,771,3,2
230,772,3,2
230,773,3,2
230,774,3,2
230,775,3,2
230,776,3,2
230,777,3,2
230,778,3,2
230,779,3,2
230,780,3,2
230,781,3,2
230,782,3,2
230,783,3,2
230,784,3,2
230,785,3,2
231,123,3,2
231,124,3,2
231,125,3,2
231,126,3,2
231,127,3,2
231,128,3,2
231,129,3,2
231,130,3,2
231,131,3,2
231,132,3,2
231,133,3,2
231,134,3,2
231,135,3,2
231,136,3,2
231,137,3,2
231,138,3,2
231,139,3,2
231,140,3,2
231,141,3,2
231,142,3,2
231,143,3,2
231,144,3,2
231,145,3,2
231,146,3,2
231,147,3,2
231,148,3,2
231,149,3,2
231,150,3,2
231,151,3,2
231,152,3,2
231,153,3,2
231,154,3,2
231,155,3,2
231,156,3,2
231,157,3,2
231,158,3,2
231,159,3,2
231,160,3,2
231,161,3,2
231,162,3,2
231,163,3,2
231,164,3,2
231,165,3,2
231,166,3,2
231,167,3,2
231,168,3,2
231,169,3,2
231,170,3,2
231,171,3,2
231,172,3,2
231,173,3,2
231,174,3,2
231,175,3,2
231,176,3,2
231,177,3,2
231,178,3,2
231,179,3,2
231,180,3,2
231,181,3,2
231,182,3,2
231,183,3,2
231,184,3,2
231,185,3,2
231,186,3,2
231,187,3,2
231,188,3,2
231,189,3,2
231,190,3,2
231,191,3,2
231,192,3,2
231,193,3,2
231,194,3,2
231,195,3,2
231,196,3,2
231,197,3,2
231,198,3,2
231,199,3,2
231,200,3,2
231,201,3,2
231,202,3,2
231,203,3,2
231,204,3,2
231,205,3,2
231,206,3,2
231,207,3,2
231,208,3,2
231,209,3,2
231,210,3,2
231,211,3,2
231,212,3,2
231,213,3,2
231,214,3,2
231,215,3,2
231,216,3,2
231,217,3,2
231,218,3,2
231,219,3,2
231,220,3,2
231,221,3,2
231,222,3,2
231,223,3,2
231,224,3,2
231,225,3,2
231,226,3,2
231,227,3,2
231,228,3,2
231,229,3,2
231,230,3,2
231,231,3,2
231,232,3,2
231,233,3,2
231,234,3,2
231,235,3,2
231,236,3,2
231,237,3,2
231,238,3,2
231,239,3,2
231,240,3,2
231,241,3,2
231,242,3,2
231,243,3,2
231,244,3,2
231,245,3,2
231,246,3,2
231,247,3,2
231,248,3,2
231,249,3,2
231,250,3,2
231,251,3,2
231,252,3,2
231,253,3,2
231,254,3,2
231,255,3,2
231,256,3,2
231,257,3,2
231,258,3,2
231,259,3,2
231,260,3,2
231,261,3,2
231,262,3,2
231,263,3,2
231,264,3,2
231,265,3,2
231,266,3,2
231,267,3,2
231,268,3,2
231,269,3,2
231,270,3,2
231,271,3,2
231,272,3,2
231,273,3,2
231,274,3,2
231,275,3,2
231,276,3,2
231,277,3,2
231,278,3,2
231,279,3,2
231,280,3,2
231,281,3,2
231,282,3,2
231,283,3,2
231,284,3,2
231,285,3,2
231,286,3,2
231,287,3,2
231,288,3,2
231,289,3,2
231,290,3,2
231,291,3,2
231,292,3,2
231,293,3,2
231,294,3,2
231,295,3,2
231,296,3,2
231,297,3,2
231,298,3,2
231,299,3,2
231,300,3,2
231,301,3,2
231,302,3,2
231,303,3,2
231,304,3,2
231,305,3,2
231,306,3,2
231,307,3,2
231,308,3,2
231,309,3,2
231,310,3,2
231,311,3,2
231,312,3,2
231,313,3,2
231,314,3,2
231,315,3,2
231,316,3,2
231,317,3,2
231,318,3,2
231,319,3,2
231,320,3,2
231,321,3,2
231,322,3,2
231,323,3,2
231,324,3,2
231,325,3,2
231,326,3,2
231,327,3,2
231,328,3,2
231,329,3,2
231,330,3,2
231,331,3,2
231,332,3,2
231,333,3,2
231,334,3,2
231,335,3,2
231,336,3,2
231,337,3,2
231,338,3,2
231,339,3,2
231,340,3,2
231,341,3,2
231,342,3,2
231,343,3,2
231,344,3,2
231,345,3,2
231,346,3,2
231,347,3,2
231,348,3,2
231,349,3,2
231,350,3,2
231,351,3,2
231,352,3,2
231,353,3,2
231,354,3,2
231,355,3,2
231,356,3,2
231,357,3,2
231,358,3,2
231,359,3,2
231,360,3,2
231,361,3,2
231,362,3,2
231,363,3,2
231,364,3,2
231,365,3,2
231,366,3,2
231,367,3,2
231,368,3,2
231,369,3,2
231,370,3,2
231,371,3,2
231,372,3,2
231,373,3,2
231,374,3,2
231,375,3,2
231,376,3,2
231,377,3,2
231,378,3,2
231,379,3,2
231,380,3,2
231,381,3,2
231,382,3,2
231,383,3,2
231,384,3,2
231,385,3,2
231,386,3,2
231,387,3,2
231,388,3,2
231,389,3,2
231,390,3,2
231,391,3,2
231,392,3,2
231,393,3,2
231,394,3,2
231,395,3,2
231,396,3,2
231,397,3,2
231,398,3,2
231,399,3,2
231,400,3,2
231,401,3,2
231,402,3,2
231,403,3,2
231,404,3,2
231,405,3,2
231,406,3,2
231,407,3,2
231,408,3,2
231,409,3,2
231,410,3,2
231,411,3,2
231,412,3,2
231,413,3,2
231,414,3,2
231,415,3,2
231,416,3,2
231,417,3,2
231,418,3,2
231,419,3,2
231,420,3,2
231,421,3,2
231,422,3,2
231,423,3,2
231,424,3,2
231,425,3,2
231,426,3,2
231,427,3,2
231,428,3,2
231,429,3,2
231,430,3,2
231,431,3,2
231,432,3,2
231,433,3,2
231,434,3,2
231,435,3,2
231,436,3,2
231,437,3,2
231,438,3,2
231,439,3,2
231,440,3,2
231,441,3,2
231,442,3,2
231,443,3,2
231,444,3,2
231,445,3,2
231,446,3,2
231,447,3,2
231,448,3,2
231,449,3,2
231,450,3,2
231,451,3,2
231,452,3,2
231,453,3,2
231,454,3,2
231,455,3,2
231,456,3,2
231,457,3,2
231,458,3,2
231,459,3,2
231,460,3,2
231,461,3,2
231,462,3,2
231,463,3,2
231,464,3,2
231,465,3,2
231,466,3,2
231,467,3,2
231,468,3,2
231,469,3,2
231,470,3,2
231,471,3,2
231,472,3,2
231,473,3,2
231,474,3,2
231,475,3,2
231,476,3,2
231,477,3,2
231,478,3,2
231,479,3,2
231,480,3,2
231,481,3,2
231,482,3,2
231,483,3,2
231,484,3,2
231,485,3,2
231,486,3,2
231,487,3,2
231,488,3,3
231,489,3,3
231,490,3,3
231,491,3,3
231,492,3,3
231,493,3,3
231,494,3,3
231,495,3,3
231,496,3,3
231,497,3,3
231,498,3,3
231,499,3,3
231,500,3,3
231,501,3,3
231,502,3,3
231,503,3,3
231,504,3,3
231,505,3,3
231,506,3,3
231,507,3,3
231,508,3,3
231,509,3,3
231,510,3,3
231,511,3,3
231,512,3,3
231,513,3,3
231,514,3,3
231,515,3,3
231,516,3,3
231,517,3,3
231,518,3,3
231,519,3,3
231,520,3,3
231,521,3,3
231,522,3,3
231,523,3,3
231,524,3,3
231,525,3,3
231,526,3,3
231,527,3,3
231,528,3,3
231,529,3,3
231,530,3,3
231,531,3,3
231,532,3,3
231,533,3,3
231,534,3,3
231,535,3,3
231,536,3,3
231,537,3,3
231,538,3,3
231,539,3,3
231,540,3,3
231,541,3,3
231,542,3,3
231,543,3,3
231,544,3,3
231,545,3,3
231,546,3,3
231,547,3,3
231,548,3,3
231,549,3,3
231,550,3,3
231,551,3,3
231,552,3,3
231,553,3,3
231,554,3,3
231,555,3,3
231,556,3,3
231,557,3,3
231,558,3,3
231,559,3,3
231,560,3,3
231,561,3,3
231,562,3,3
231,563,3,3
231,564,3,3
231,565,3,3
231,566,3,3
231,567,3,3
231,568,3,3
231,569,3,3
231,570,3,3
231,571,3,3
231,572,3,3
231,573,3,3
231,574,3,3
231,575,3,3
231,576,3,3
231,577,3,3
231,578,3,3
231,579,3,3
231,580,3,3
231,581,3,3
231,582,3,3
231,583,3,3
231,584,3,3
231,585,3,3
231,586,3,3
231,587,3,3
231,588,3,3
231,589,3,3
231,590,3,3
231,591,3,3
231,592,3,3
231,593,3,3
231,594,3,3
231,595,3,3
231,596,3,3
231,597,3,3
231,598,3,3
231,599,3,3
231,600,3,3
231,601,3,3
231,602,3,3
231,603,3,3
231,604,3,3
231,605,3,3
231,606,3,3
231,607,3,3
231,608,3,3
231,609,3,3
231,610,3,3
231,611,3,3
231,612,3,3
231,613,3,3
231,614,3,3
231,615,3,3
231,616,3,3
231,617,3,3
231,618,3,3
231,619,3,3
231,620,3,3
231,621,3,3
231,622,3,3
231,623,3,3
231,624,3,3
231,625,3,3
231,626,3,3
231,627,3,3
231,628,3,3
231,629,3,3
231,630,3,3
231,631,3,3
231,632,3,3
231,633,3,3
231,634,3,3
231,635,3,3
231,636,3,2
231,637,3,2
231,638,3,2
231,639,3,2
231,640,3,2
231,641,3,2
231,642,3,2
231,643,3,2
231,644,3,2
231,645,3,2
231,646,3,2
231,647,3,2
231,648,3,2
231,649,3,2
231,650,3,2
231,651,3,2
231,652,3,3
231,653,3,3
231,654,3,3
231,655,3,3
231,656,3,3
231,657,3,3
231,658,3,3
231,659,3,3
231,660,3,3
231,661,3,3
231,662,3,3
231,663,3,3
231,664,3,3
231,665,3,3
231,666,3,3
231,667,3,3
231,668,3,2
231,669,3,2
231,670,3,2
231,671,3,2
231,672,3,2
231,673,3,2
231,674,3,2
231,675,3,2
231,676,3,2
231,677,3,2
231,678,3,2
231,679,3,2
231,680,3,2
231,681,3,2
231,682,3,2
231,683,3,2
231,684,3,2
231,685,3,2
231,686,3,2
231,687,3,2
231,688,3,2
231,689,3,2
231,690,3,2
231,691,3,2
231,692,3,2
231,693,3,2
231,694,3,2
231,695,3,2
231,696,3,2
231,697,3,2
231,698,3,2
231,699,3,2
231,700,3,2
231,701,3,2
231,702,3,2
231,703,3,2
231,704,3,2
231,705,3,2
231,706,3,2
231,707,3,2
231,708,3,2
231,709,3,2
231,710,3,2
231,711,3,2
231,712,3,2
231,713,3,2
231,714,3,2
231,715,3,2
231,716,3,2
231,717,3,2
231,718,3,2
231,719,3,2
231,720,3,2
231,721,3,2
231,722,3,2
231,723,3,2
231,724,3,2
231,725,3,2
231,726,3,2
231,727,3,2
231,728,3,2
231,729,3,2
231,730,3,2
231,731,3,2
231,732,3,2
231,733,3,2
231,734,3,2
231,735,3,2
231,736,3,2
231,737,3,2
231,738,3,2
231,739,3,2
231,740,3,2
231,741,3,2
231,742,3,2
231,743,3,2
231,744,3,2
231,745,3,2
231,746,3,2
231,747,3,2
231,748,3,2
231,749,3,2
231,750,3,2
231,751,3,2
231,752,3,2
231,753,3,2
231,754,3,2
231,755,3,2
231,756,3,2
231,757,3,2
231,758,3,2
231,759,3,2
231,760,3,2
231,761,3,2
231,762,3,2
231,763,3,2
231,764,3,2
231,765,3,2
231,766,3,2
231,767,3,2
231,768,3,2
231,769,3,2
231,770,3,2
231,771,3,2
231,772,3,2
231,773,3,2
231,774,3,2
231,775,3,2
231,776,3,2
231,777,3,2
231,778,3,2
231,779,3,2
231,780,3,2
232,123,3,2
232,124,3,2
232,125,3,2
232,126,3,2
232,127,3,2
232,128,3,2
232,129,3,2
232,130,3,2
232,131,3,2
232,132,3,2
232,133,3,2
232,134,3,2
232,135,3,2
232,136,3,2
232,137,3,2
232,138,3,2
232,139,3,2
232,140,3,2
232,141,3,2
232,142,3,2
232,143,3,2
232,144,3,2
232,145,3,2
232,146,3,2
232,147,3,2
232,148,3,2
232,149,3,2
232,150,3,2
232,151,3,2
232,152,3,2
232,153,3,2
232,154,3,2
232,155,3,2
232,156,3,2
232,157,3,2
232,158,3,2
232,159,3,2
232,160,3,2
232,161,3,2
232,162,3,2
232,163,3,2
232,164,3,2
232,165,3,2
232,166,3,2
232,167,3,2
232,168,3,2
232,169,3,2
232,170,3,2
232,171,3,2
232,172,3,2
232,173,3,2
232,174,3,2
232,175,3,2
232,176,3,2
232,177,3,2
232,178,3,2
232,179,3,2
232,180,3,2
232,181,3,2
232,182,3,2
232,183,3,2
232,184,3,2
232,185,3,2
232,186,3,2
232,187,3,2
232,188,3,2
232,189,3,2
232,190,3,2
232,191,3,2
232,192,3,2
232,193,3,2
232,194,3,2
232,195,3,2
232,196,3,2
232,197,3,2
232,198,3,2
232,199,3,2
232,200,3,2
232,201,3,2
232,202,3,2
232,203,3,2
232,204,3,2
232,205,3,2
232,206,3,2
232,207,3,2
232,208,3,2
232,209,3,2
232,210,3,2
232,211,3,2
232,212,3,2
232,213,3,2
232,214,3,2
232,215,3,2
232,216,3,2
232,217,3,2
232,218,3,2
232,219,3,2
232,220,3,2
232,221,3,2
232,222,3,2
232,223,3,2
232,224,3,2
232,225,3,2
232,226,3,2
232,227,3,2
232,228,3,2
232,229,3,2
232,230,3,2
232,231,3,2
232,232,3,2
232,233,3,2
232,234,3,2
232,235,3,2
232,236,3,2
232,237,3,2
232,238,3,2
232,239,3,2
232,240,3,2
232,241,3,2
232,242,3,2
232,243,3,2
232,244,3,2
232,245,3,2
232,246,3,2
232,247,3,2
232,248,3,2
232,249,3,2
232,250,3,2
232,251,3,2
232,252,3,2
232,253,3,2
232,254,3,2
232,255,3,2
232,256,3,2
232,257,3,2
232,258,3,2
232,259,3,2
232,260,3,2
232,261,3,2
232,262,3,2
232,263,3,2
232,264,3,2
232,265,3,2
232,266,3,2
232,267,3,2
232,268,3,2
232,269,3,2
232,270,3,2
232,271,3,2
232,272,3,2
232,273,3,2
232,274,3,2
232,275,3,2
232,276,3,2
232,277,3,2
232,278,3,2
232,279,3,2
232,280,3,2
232,281,3,2
232,282,3,2
232,283,3,2
232,284,3,2
232,285,3,2
232,286,3,2
232,287,3,2
232,288,3,2
232,289,3,2
232,290,3,2
232,291,3,2
232,292,3,2
232,293,3,2
232,294,3,2
232,295,3,2
232,296,3,2
232,297,3,2
232,298,3,2
232,299,3,2
232,300,3,2
232,301,3,2
232,302,3,2
232,303,3,2
232,304,3,2
232,305,3,2
232,306,3,2
232,307,3,2
232,308,3,2
232,309,3,2
232,310,3,2
232,311,3,2
232,312,3,2
232,313,3,2
232,314,3,2
232,315,3,2
232,316,3,2
232,317,3,2
232,318,3,2
232,319,3,2
232,320,3,2
232,321,3,2
232,322,3,2
232,323,3,2
232,324,3,2
232,325,3,2
232,326,3,2
232,327,3,2
232,328,3,2
232,329,3,2
232,330,3,2
232,331,3,2
232,332,3,2
232,333,3,2
232,334,3,2
232,335,3,2
232,336,3,2
232,337,3,2
232,338,3,2
232,339,3,2
232,340,3,2
232,341,3,2
232,342,3,2
232,343,3,2
232,344,3,2
232,345,3,2
232,346,3,2
232,347,3,2
232,348,3,2
232,349,3,2
232,350,3,2
232,351,3,2
232,352,3,2
232,353,3,2
232,354,3,2
232,355,3,2
232,356,3,2
232,357,3,2
232,358,3,2
232,359,3,2
232,360,3,2
232,361,3,2
232,362,3,2
232,363,3,2
232,364,3,2
232,365,3,2
232,366,3,2
232,367,3,2
232,368,3,2
232,369,3,2
232,370,3,2
232,371,3,2
232,372,3,2
232,373,3,2
232,374,3,2
232,375,3,2
232,376,3,2
232,377,3,2
232,378,3,2
232,379,3,2
232,380,3,2
232,381,3,2
232,382,3,2
232,383,3,2
232,384,3,2
232,385,3,2
232,386,3,2
232,387,3,2
232,388,3,2
232,389,3,2
232,390,3,2
232,391,3,2
232,392,3,2
232,393,3,2
232,394,3,2
232,395,3,2
232,396,3,2
232,397,3,2
232,398,3,2
232,399,3,2
232,400,3,2
232,401,3,2
232,402,3,2
232,403,3,2
232,404,3,2
232,405,3,2
232,406,3,2
232,407,3,2
232,408,3,2
232,409,3,2
232,410,3,2
232,411,3,2
232,412,3,2
232,413,3,2
232,414,3,2
232,415,3,2
232,416,3,2
232,417,3,2
232,418,3,2
232,419,3,2
232,420,3,2
232,421,3,2
232,422,3,2
232,423,3,2
232,424,3,2
232,425,3,2
232,426,3,2
232,427,3,2
232,428,3,2
232,429,3,2
232,430,3,2
232,431,3,2
232,432,3,2
232,433,3,2
232,434,3,2
232,435,3,2
232,436,3,2
232,437,3,2
232,438,3,2
232,439,3,2
232,440,3,2
232,441,3,2
232,442,3,2
232,443,3,2
232,444,3,2
232,445,3,2
232,446,3,2
232,447,3,2
232,448,3,2
232,449,3,2
232,450,3,2
232,451,3,2
232,452,3,2
232,453,3,2
232,454,3,2
232,455,3,2
232,456,3,2
232,457,3,2
232,458,3,2
232,459,3,2
232,460,3,2
232,461,3,2
232,462,3,2
232,463,3,2
232,464,3,2
232,465,3,2
232,466,3,2
232,467,3,2
232,468,3,2
232,469,3,2
232,470,3,2
232,471,3,2
232,472,3,2
232,473,3,2
232,474,3,2
232,475,3,2
232,476,3,2
232,477,3,2
232,478,3,2
232,479,3,2
232,480,3,2
232,481,3,2
232,482,3,2
232,483,3,2
232,484,3,2
232,485,3,2
232,486,3,2
232,487,3,2
232,488,3,2
232,489,3,3
232,490,3,3
232,491,3,3
232,492,3,3
232,493,3,3
232,494,3,3
232,495,3,3
232,496,3,3
232,497,3,3
232,498,3,3
232,499,3,3
232,500,3,3
232,501,3,3
232,502,3,3
232,503,3,3
232,504,3,3
232,505,3,3
232,506,3,3
232,507,3,3
232,508,3,3
232,509,3,3
232,510,3,3
232,511,3,3
232,512,3,3
232,513,3,3
232,514,3,3
232,515,3,3
232,516,3,3
232,517,3,3
232,518,3,3
232,519,3,3
232,520,3,3
232,521,3,3
232,522,3,3
232,523,3,3
232,524,3,3
232,525,3,3
232,526,3,3
232,527,3,3
232,528,3,3
232,529,3,3
232,530,3,3
232,531,3,3
232,532,3,3
232,533,3,3
232,534,3,3
232,535,3,3
232,536,3,3
232,537,3,3
232,538,3,3
232,539,3,3
232,540,3,3
232,541,3,3
232,542,3,3
232,543,3,3
232,544,3,3
232,545,3,3
232,546,3,3
232,547,3,3
232,548,3,3
232,549,3,3
232,550,3,3
232,551,3,3
232,552,3,3
232,553,3,3
232,554,3,3
232,555,3,3
232,556,3,3
232,557,3,3
232,558,3,3
232,559,3,3
232,560,3,3
232,561,3,3
232,562,3,3
232,563,3,3
232,564,3,3
232,565,3,3
232,566,3,3
232,567,3,3
232,568,3,3
232,569,3,3
232,570,3,3
232,571,3,3
232,572,3,3
232,573,3,3
232,574,3,3
232,575,3,3
232,576,3,3
232,577,3,3
232,578,3,3
232,579,3,3
232,580,3,3
232,581,3,3
232,582,3,3
232,583,3,3
232,584,3,3
232,585,3,3
232,586,3,3
232,587,3,3
232,588,3,3
232,589,3,3
232,590,3,3
232,591,3,3
232,592,3,3
232,593,3,3
232,594,3,3
232,595,3,3
232,596,3,3
232,597,3,3
232,598,3,3
232,599,3,3
232,600,3,3
232,601,3,3
232,602,3,3
232,603,3,3
232,604,3,3
232,605,3,3
232,606,3,3
232,607,3,3
232,608,3,3
232,609,3,3
232,610,3,3
232,611,3,3
232,612,3,3
232,613,3,3
232,614,3,3
232,615,3,3
232,616,3,3
232,617,3,3
232,618,3,3
232,619,3,3
232,620,3,3
232,621,3,3
232,622,3,3
232,623,3,3
232,624,3,3
232,625,3,3
232,626,3,3
232,627,3,3
232,628,3,3
232,629,3,3
232,630,3,3
232,631,3,3
232,632,3,3
232,633,3,3
232,634,3,3
232,635,3,3
232,636,3,3
232,637,3,2
232,638,3,2
232,639,3,2
232,640,3,2
232,641,3,2
232,642,3,2
232,643,3,2
232,644,3,2
232,645,3,2
232,646,3,2
232,647,3,2
232,648,3,2
232,649,3,2
232,650,3,2
232,651,3,2
232,652,3,2
232,653,3,2
232,654,3,2
232,655,3,3
232,656,3,3
232,657,3,2
232,658,3,2
232,659,3,2
232,660,3,2
232,661,3,2
232,662,3,2
232,663,3,2
232,664,3,3
232,665,3,3
232,666,3,2
232,667,3,2
232,668,3,2
232,669,3,2
232,670,3,2
232,671,3,2
232,672,3,2
232,673,3,2
232,674,3,2
232,675,3,2
232,676,3,2
232,677,3,2
232,678,3,2
232,679,3,2
232,680,3,2
232,681,3,2
232,682,3,2
232,683,3,2
232,684,3,2
232,685,3,2
232,686,3,2
232,687,3,2
232,688,3,2
232,689,3,2
232,690,3,2
232,691,3,2
232,692,3,2
232,693,3,2
232,694,3,2
232,695,3,2
232,696,3,2
232,697,3,2
232,698,3,2
232,699,3,2
232,700,3,2
232,701,3,2
232,702,3,2
232,703,3,2
232,704,3,2
232,705,3,2
232,706,3,2
232,707,3,2
232,708,3,2
232,709,3,2
232,710,3,2
232,711,3,2
232,712,3,2
232,713,3,2
232,714,3,2
232,715,3,2
232,716,3,2
232,717,3,2
232,718,3,2
232,719,3,2
232,720,3,2
232,721,3,2
232,722,3,2
232,723,3,2
232,724,3,2
232,725,3,2
232,726,3,2
232,727,3,2
232,728,3,2
232,729,3,2
232,730,3,2
232,731,3,2
232,732,3,2
232,733,3,2
232,734,3,2
232,735,3,2
232,736,3,2
232,737,3,2
232,738,3,2
232,739,3,2
232,740,3,2
232,741,3,2
232,742,3,2
232,743,3,2
232,744,3,2
232,745,3,2
232,746,3,2
232,747,3,2
232,748,3,2
232,749,3,2
232,750,3,2
232,751,3,2
232,752,3,2
232,753,3,2
232,754,3,2
232,755,3,2
232,756,3,2
232,757,3,2
232,758,3,2
232,759,3,2
232,760,3,2
232,761,3,2
232,762,3,2
232,763,3,2
232,764,3,2
232,765,3,2
232,766,3,2
232,767,3,2
232,768,3,2
232,769,3,2
232,770,3,2
232,771,3,2
232,772,3,2
232,773,3,2
232,774,3,2
232,775,3,2
232,776,3,2
232,777,3,2
232,778,3,2
232,779,3,2
233,122,3,2
233,123,3,2
233,124,3,2
233,125,3,2
233,126,3,2
233,127,3,2
233,128,3,2
233,129,3,2
233,130,3,2
233,131,3,2
233,132,3,2
233,133,3,2
233,134,3,2
233,135,3,2
233,136,3,2
233,137,3,2
233,138,3,2
233,139,3,2
233,140,3,2
233,141,3,2
233,142,3,2
233,143,3,2
233,144,3,2
233,145,3,2
233,146,3,2
233,147,3,2
233,148,3,2
233,149,3,2
233,150,3,2
233,151,3,2
233,152,3,2
233,153,3,2
233,154,3,2
233,155,3,2
233,156,3,2
233,157,3,2
233,158,3,2
233,159,3,2
233,160,3,2
233,161,3,2
233,162,3,2
233,163,3,2
233,164,3,2
233,165,3,2
233,166,3,2
233,167,3,2
233,168,3,2
233,169,3,2
233,170,3,2
233,171,3,2
233,172,3,2
233,173,3,2
233,174,3,2
233,175,3,2
233,176,3,2
233,177,3,2
233,178,3,2
233,179,3,2
233,180,3,2
233,181,3,2
233,182,3,2
233,183,3,2
233,184,3,2
233,185,3,2
233,186,3,2
233,187,3,2
233,188,3,2
233,189,3,2
233,190,3,2
233,191,3,2
233,192,3,2
233,193,3,2
233,194,3,2
233,195,3,2
233,196,3,2
233,197,3,2
233,198,3,2
233,199,3,2
233,200,3,2
233,201,3,2
233,202,3,2
233,203,3,2
233,204,3,2
233,205,3,2
233,206,3,2
233,207,3,2
233,208,3,2
233,209,3,2
233,210,3,2
233,211,3,2
233,212,3,2
233,213,3,2
233,214,3,2
233,215,3,2
233,216,3,2
233,217,3,2
233,218,3,2
233,219,3,2
233,220,3,2
233,221,3,2
233,222,3,2
233,223,3,2
233,224,3,2
233,225,3,2
233,226,3,2
233,227,3,2
233,228,3,2
233,229,3,2
233,230,3,2
233,231,3,2
233,232,3,2
233,233,3,2
233,234,3,2
233,235,3,2
233,236,3,2
233,237,3,2
233,238,3,2
233,239,3,2
233,240,3,2
233,241,3,2
233,242,3,2
233,243,3,2
233,244,3,2
233,245,3,2
233,246,3,2
233,247,3,2
233,248,3,2
233,249,3,2
233,250,3,2
233,251,3,2
233,252,3,2
233,253,3,2
233,254,3,2
233,255,3,2
233,256,3,2
233,257,3,2
233,258,3,2
233,259,3,2
233,260,3,2
233,261,3,2
233,262,3,2
233,263,3,2
233,264,3,2
233,265,3,2
233,266,3,2
233,267,3,2
233,268,3,2
233,269,3,2
233,270,3,2
233,271,3,2
233,272,3,2
233,273,3,2
233,274,3,2
233,275,3,2
233,276,3,2
233,277,3,2
233,278,3,2
233,279,3,2
233,280,3,2
233,281,3,2
233,282,3,2
233,283,3,2
233,284,3,2
233,285,3,2
233,286,3,2
233,287,3,2
233,288,3,2
233,289,3,2
233,290,3,2
233,291,3,2
233,292,3,2
233,293,3,2
233,294,3,2
233,295,3,2
233,296,3,2
233,297,3,2
233,298,3,2
233,299,3,2
233,300,3,2
233,301,3,2
233,302,3,2
233,303,3,2
233,304,3,2
233,305,3,2
233,306,3,2
233,307,3,2
233,308,3,2
233,309,3,2
233,310,3,2
233,311,3,2
233,312,3,2
233,313,3,2
233,314,3,2
233,315,3,2
233,316,3,2
233,317,3,2
233,318,3,2
233,319,3,2
233,320,3,2
233,321,3,2
233,322,3,2
233,323,3,2
233,324,3,2
233,325,3,2
233,326,3,2
233,327,3,2
233,328,3,2
233,329,3,2
233,330,3,2
233,331,3,2
233,332,3,2
233,333,3,2
233,334,3,2
233,335,3,2
233,336,3,2
233,337,3,2
233,338,3,2
233,339,3,2
233,340,3,2
233,341,3,2
233,342,3,2
233,343,3,2
233,344,3,2
233,345,3,2
233,346,3,2
233,347,3,2
233,348,3,2
233,349,3,2
233,350,3,2
233,351,3,2
233,352,3,2
233,353,3,2
233,354,3,2
233,355,3,2
233,356,3,2
233,357,3,2
233,358,3,2
233,359,3,2
233,360,3,2
233,361,3,2
233,362,3,2
233,363,3,2
233,364,3,2
233,365,3,2
233,366,3,2
233,367,3,2
233,368,3,2
233,369,3,2
233,370,3,2
233,371,3,2
233,372,3,2
233,373,3,2
233,374,3,2
233,375,3,2
233,376,3,2
233,377,3,2
233,378,3,2
233,379,3,2
233,380,3,2
233,381,3,2
233,382,3,2
233,383,3,2
233,384,3,2
233,385,3,2
233,386,3,2
233,387,3,2
233,388,3,2
233,389,3,2
233,390,3,2
233,391,3,2
233,392,3,2
233,393,3,2
233,394,3,2
233,395,3,2
233,396,3,2
233,397,3,2
233,398,3,2
233,399,3,2
233,400,3,2
233,401,3,2
233,402,3,2
233,403,3,2
233,404,3,2
233,405,3,2
233,406,3,2
233,407,3,2
233,408,3,2
233,409,3,2
233,410,3,2
233,411,3,2
233,412,3,2
233,413,3,2
233,414,3,2
233,415,3,2
233,416,3,2
233,417,3,2
233,418,3,2
233,419,3,2
233,420,3,2
233,421,3,2
233,422,3,2
233,423,3,2
233,424,3,2
233,425,3,2
233,426,3,2
233,427,3,2
233,428,3,2
233,429,3,2
233,430,3,2
233,431,3,2
233,432,3,2
233,433,3,2
233,434,3,2
233,435,3,2
233,436,3,2
233,437,3,2
233,438,3,2
233,439,3,2
233,440,3,2
233,441,3,2
233,442,3,2
233,443,3,2
233,444,3,2
233,445,3,2
233,446,3,2
233,447,3,2
233,448,3,2
233,449,3,2
233,450,3,2
233,451,3,2
233,452,3,2
233,453,3,2
233,454,3,2
233,455,3,2
233,456,3,2
233,457,3,2
233,458,3,2
233,459,3,2
233,460,3,2
233,461,3,2
233,462,3,2
233,463,3,2
233,464,3,2
233,465,3,2
233,466,3,2
233,467,3,2
233,468,3,2
233,469,3,2
233,470,3,2
233,471,3,2
233,472,3,2
233,473,3,2
233,474,3,2
233,475,3,2
233,476,3,2
233,477,3,2
233,478,3,2
233,479,3,2
233,480,3,2
233,481,3,2
233,482,3,2
233,483,3,2
233,484,3,2
233,485,3,2
233,486,3,2
233,487,3,2
233,488,3,2
233,489,3,3
233,490,3,3
233,491,3,3
233,492,3,3
233,493,3,3
233,494,3,3
233,495,3,3
233,496,3,3
233,497,3,3
233,498,3,3
233,499,3,3
233,500,3,3
233,501,3,3
233,502,3,3
233,503,3,3
233,504,3,3
233,505,3,3
233,506,3,3
233,507,3,3
233,508,3,3
233,509,3,3
233,510,3,3
233,511,3,3
233,512,3,3
233,513,3,3
233,514,3,3
233,515,3,3
233,516,3,3
233,517,3,3
233,518,3,3
233,519,3,3
233,520,3,3
233,521,3,3
233,522,3,3
233,523,3,3
233,524,3,3
233,525,3,3
233,526,3,3
233,527,3,3
233,528,3,3
233,529,3,3
233,530,3,3
233,531,3,3
233,532,3,3
233,533,3,3
233,534,3,3
233,535,3,3
233,536,3,3
233,537,3,3
233,538,3,3
233,539,3,3
233,540,3,3
233,541,3,3
233,542,3,3
233,543,3,3
233,544,3,3
233,545,3,3
233,546,3,3
233,547,3,3
233,548,3,3
233,549,3,3
233,550,3,3
233,551,3,3
233,552,3,3
233,553,3,3
233,554,3,3
233,555,3,3
233,556,3,3
233,557,3,3
233,558,3,3
233,559,3,3
233,560,3,3
233,561,3,3
233,562,3,3
233,563,3,3
233,564,3,3
233,565,3,3
233,566,3,3
233,567,3,3
233,568,3,3
233,569,3,3
233,570,3,3
233,571,3,3
233,572,3,3
233,573,3,3
233,574,3,3
233,575,3,3
233,576,3,3
233,577,3,3
233,578,3,3
233,579,3,3
233,580,3,3
233,581,3,3
233,582,3,3
233,583,3,3
233,584,3,3
233,585,3,3
233,586,3,3
233,587,3,3
233,588,3,3
233,589,3,3
233,590,3,3
233,591,3,3
233,592,3,3
233,593,3,3
233,594,3,3
233,595,3,3
233,596,3,3
233,597,3,3
233,598,3,3
233,599,3,3
233,600,3,3
233,601,3,3
233,602,3,3
233,603,3,3
233,604,3,3
233,605,3,3
233,606,3,3
233,607,3,3
233,608,3,3
233,609,3,3
233,610,3,3
233,611,3,3
233,612,3,3
233,613,3,3
233,614,3,3
233,615,3,3
233,616,3,3
233,617,3,3
233,618,3,3
233,619,3,3
233,620,3,3
233,621,3,3
233,622,3,3
233,623,3,3
233,624,3,3
233,625,3,3
233,626,3,3
233,627,3,3
233,628,3,3
233,629,3,3
233,630,3,3
233,631,3,3
233,632,3,3
233,633,3,3
233,634,3,3
233,635,3,3
233,636,3,3
233,637,3,2
233,638,3,2
233,639,3,2
233,640,3,2
233,641,3,2
233,642,3,2
233,643,3,2
233,644,3,2
233,645,3,2
233,646,3,2
233,647,3,2
233,648,3,2
233,649,3,2
233,650,3,2
233,651,3,2
233,652,3,2
233,653,3,3
233,654,3,3
233,655,3,3
233,656,3,2
233,657,3,2
233,658,3,2
233,659,3,2
233,660,3,2
233,661,3,2
233,662,3,2
233,663,3,2
233,664,3,2
233,665,3,2
233,666,3,2
233,667,3,2
233,668,3,2
233,669,3,2
233,670,3,2
233,671,3,2
233,672,3,2
233,673,3,2
233,674,3,2
233,675,3,2
233,676,3,2
233,677,3,2
233,678,3,2
233,679,3,2
233,680,3,2
233,681,3,2
233,682,3,2
233,683,3,2
233,684,3,2
233,685,3,2
233,686,3,2
233,687,3,2
233,688,3,2
233,689,3,2
233,690,3,2
233,691,3,2
233,692,3,2
233,693,3,2
233,694,3,2
233,695,3,2
233,696,3,2
233,697,3,2
233,698,3,2
233,699,3,2
233,700,3,2
233,701,3,2
233,702,3,2
233,703,3,2
233,704,3,2
233,705,3,2
233,706,3,2
233,707,3,2
233,708,3,2
233,709,3,2
233,710,3,2
233,711,3,2
233,712,3,2
233,713,3,2
233,714,3,2
233,715,3,2
233,716,3,2
233,717,3,2
233,718,3,2
233,719,3,2
233,720,3,2
233,721,3,2
233,722,3,2
233,723,3,2
233,724,3,2
233,725,3,2
233,726,3,2
233,727,3,2
233,728,3,2
233,729,3,2
233,730,3,2
233,731,3,2
233,732,3,2
233,733,3,2
233,734,3,2
233,735,3,2
233,736,3,2
233,737,3,2
233,738,3,2
233,739,3,2
233,740,3,2
233,741,3,2
233,742,3,2
233,743,3,2
233,744,3,2
233,745,3,2
233,746,3,2
233,747,3,2
233,748,3,2
233,749,3,2
233,750,3,2
233,751,3,2
233,752,3,2
233,753,3,2
233,754,3,2
233,755,3,2
233,756,3,2
233,757,3,2
233,758,3,2
233,759,3,2
233,760,3,2
233,761,3,2
233,762,3,2
233,763,3,2
233,764,3,2
233,765,3,2
233,766,3,2
233,767,3,2
233,768,3,2
233,769,3,2
233,770,3,2
233,771,3,2
233,772,3,2
233,773,3,2
233,774,3,2
233,775,3,2
233,776,3,2
233,777,3,2
234,122,3,2
234,123,3,2
234,124,3,2
234,125,3,2
234,126,3,2
234,127,3,2
234,128,3,2
234,129,3,2
234,130,3,2
234,131,3,2
234,132,3,2
234,133,3,2
234,134,3,2
234,135,3,2
234,136,3,2
234,137,3,2
234,138,3,2
234,139,3,2
234,140,3,2
234,141,3,2
234,142,3,2
234,143,3,2
234,144,3,2
234,145,3,2
234,146,3,2
234,147,3,2
234,148,3,2
234,149,3,2
234,150,3,2
234,151,3,2
234,152,3,2
234,153,3,2
234,154,3,2
234,155,3,2
234,156,3,2
234,157,3,2
234,158,3,2
234,159,3,2
234,160,3,2
234,161,3,2
234,162,3,2
234,163,3,2
234,164,3,2
234,165,3,2
234,166,3,2
234,167,3,2
234,168,3,2
234,169,3,2
234,170,3,2
234,171,3,2
234,172,3,2
234,173,3,2
234,174,3,2
234,175,3,2
234,176,3,2
234,177,3,2
234,178,3,2
234,179,3,2
234,180,3,2
234,181,3,2
234,182,3,2
234,183,3,2
234,184,3,2
234,185,3,2
234,186,3,2
234,187,3,2
234,188,3,2
234,189,3,2
234,190,3,2
234,191,3,2
234,192,3,2
234,193,3,2
234,194,3,2
234,195,3,2
234,196,3,2
234,197,3,2
234,198,3,2
234,199,3,2
234,200,3,2
234,201,3,2
234,202,3,2
234,203,3,2
234,204,3,2
234,205,3,2
234,206,3,2
234,207,3,2
234,208,3,2
234,209,3,2
234,210,3,2
234,211,3,2
234,212,3,2
234,213,3,2
234,214,3,2
234,215,3,2
234,216,3,2
234,217,3,2
234,218,3,2
234,219,3,2
234,220,3,2
234,221,3,2
234,222,3,2
234,223,3,2
234,224,3,2
234,225,3,2
234,226,3,2
234,227,3,2
234,228,3,2
234,229,3,2
234,230,3,2
234,231,3,2
234,232,3,2
234,233,3,2
234,234,3,2
234,235,3,2
234,236,3,2
234,237,3,2
234,238,3,2
234,239,3,2
234,240,3,2
234,241,3,2
234,242,3,2
234,243,3,2
234,244,3,2
234,245,3,2
234,246,3,2
234,247,3,2
234,248,3,2
234,249,3,2
234,250,3,2
234,251,3,2
234,252,3,2
234,253,3,2
234,254,3,2
234,255,3,2
234,256,3,2
234,257,3,2
234,258,3,2
234,259,3,2
234,260,3,2
234,261,3,2
234,262,3,2
234,263,3,2
234,264,3,2
234,265,3,2
234,266,3,2
234,267,3,2
234,268,3,2
234,269,3,2
234,270,3,2
234,271,3,2
234,272,3,2
234,273,3,2
234,274,3,2
234,275,3,2
234,276,3,2
234,277,3,2
234,278,3,2
234,279,3,2
234,280,3,2
234,281,3,2
234,282,3,2
234,283,3,2
234,284,3,2
234,285,3,2
234,286,3,2
234,287,3,2
234,288,3,2
234,289,3,2
234,290,3,2
234,291,3,2
234,292,3,2
234,293,3,2
234,294,3,2
234,295,3,2
234,296,3,2
234,297,3,2
234,298,3,2
234,299,3,2
234,300,3,2
234,301,3,2
234,302,3,2
234,303,3,2
234,304,3,2
234,305,3,2
234,306,3,2
234,307,3,2
234,308,3,2
234,309,3,2
234,310,3,2
234,311,3,2
234,312,3,2
234,313,3,2
234,314,3,2
234,315,3,2
234,316,3,2
234,317,3,2
234,318,3,2
234,319,3,2
234,320,3,2
234,321,3,2
234,322,3,2
234,323,3,2
234,324,3,2
234,325,3,2
234,326,3,2
234,327,3,2
234,328,3,2
234,329,3,2
234,330,3,2
234,331,3,2
234,332,3,2
234,333,3,2
234,334,3,2
234,335,3,2
234,336,3,2
234,337,3,2
234,338,3,2
234,339,3,2
234,340,3,2
234,341,3,2
234,342,3,2
234,343,3,2
234,344,3,2
234,345,3,2
234,346,3,2
234,347,3,2
234,348,3,2
234,349,3,2
234,350,3,2
234,351,3,2
234,352,3,2
234,353,3,2
234,354,3,2
234,355,3,2
234,356,3,2
234,357,3,2
234,358,3,2
234,359,3,2
234,360,3,2
234,361,3,2
234,362,3,2
234,363,3,2
234,364,3,2
234,365,3,2
234,366,3,2
234,367,3,2
234,368,3,2
234,369,3,2
234,370,3,2
234,371,3,2
234,372,3,2
234,373,3,2
234,374,3,2
234,375,3,2
234,376,3,2
234,377,3,2
234,378,3,2
234,379,3,2
234,380,3,2
234,381,3,2
234,382,3,2
234,383,3,2
234,384,3,2
234,385,3,2
234,386,3,2
234,387,3,2
234,388,3,2
234,389,3,2
234,390,3,2
234,391,3,2
234,392,3,2
234,393,3,2
234,394,3,2
234,395,3,2
234,396,3,2
234,397,3,2
234,398,3,2
234,399,3,2
234,400,3,2
234,401,3,2
234,402,3,2
234,403,3,2
234,404,3,2
234,405,3,2
234,406,3,2
234,407,3,2
234,408,3,2
234,409,3,2
234,410,3,2
234,411,3,2
234,412,3,2
234,413,3,2
234,414,3,2
234,415,3,2
234,416,3,2
234,417,3,2
234,418,3,2
234,419,3,2
234,420,3,2
234,421,3,2
234,422,3,2
234,423,3,2
234,424,3,2
234,425,3,2
234,426,3,2
234,427,3,2
234,428,3,2
234,429,3,2
234,430,3,2
234,431,3,2
234,432,3,2
234,433,3,2
234,434,3,2
234,435,3,2
234,436,3,2
234,437,3,2
234,438,3,2
234,439,3,2
234,440,3,2
234,441,3,2
234,442,3,2
234,443,3,2
234,444,3,2
234,445,3,2
234,446,3,2
234,447,3,2
234,448,3,2
234,449,3,2
234,450,3,2
234,451,3,2
234,452,3,2
234,453,3,2
234,454,3,2
234,455,3,2
234,456,3,2
234,457,3,2
234,458,3,2
234,459,3,2
234,460,3,2
234,461,3,2
234,462,3,2
234,463,3,2
234,464,3,2
234,465,3,2
234,466,3,2
234,467,3,2
234,468,3,2
234,469,3,2
234,470,3,2
234,471,3,2
234,472,3,2
234,473,3,2
234,474,3,2
234,475,3,2
234,476,3,2
234,477,3,2
234,478,3,2
234,479,3,2
234,480,3,2
234,481,3,2
234,482,3,2
234,483,3,2
234,484,3,2
234,485,3,2
234,486,3,2
234,487,3,2
234,488,3,2
234,489,3,3
234,490,3,3
234,491,3,3
234,492,3,3
234,493,3,3
234,494,3,3
234,495,3,3
234,496,3,3
234,497,3,3
234,498,3,3
234,499,3,3
234,500,3,3
234,501,3,3
234,502,3,3
234,503,3,3
234,504,3,3
234,505,3,3
234,506,3,3
234,507,3,3
234,508,3,3
234,509,3,3
234,510,3,3
234,511,3,3
234,512,3,3
234,513,3,3
234,514,3,3
234,515,3,3
234,516,3,3
234,517,3,3
234,518,3,3
234,519,3,3
234,520,3,3
234,521,3,3
234,522,3,3
234,523,3,3
234,524,3,3
234,525,3,3
234,526,3,3
234,527,3,3
234,528,3,3
234,529,3,3
234,530,3,3
234,531,3,3
234,532,3,3
234,533,3,3
234,534,3,3
234,535,3,3
234,536,3,3
234,537,3,3
234,538,3,3
234,539,3,3
234,540,3,3
234,541,3,3
234,542,3,3
234,543,3,3
234,544,3,3
234,545,3,3
234,546,3,3
234,547,3,3
234,548,3,3
234,549,3,3
234,550,3,3
234,551,3,3
234,552,3,3
234,553,3,3
234,554,3,3
234,555,3,3
234,556,3,3
234,557,3,3
234,558,3,3
234,559,3,3
234,560,3,3
234,561,3,3
234,562,3,3
234,563,3,3
234,564,3,3
234,565,3,3
234,566,3,3
234,567,3,3
234,568,3,3
234,569,3,3
234,570,3,3
234,571,3,3
234,572,3,3
234,573,3,3
234,574,3,3
234,575,3,3
234,576,3,3
234,577,3,3
234,578,3,3
234,579,3,3
234,580,3,3
234,581,3,3
234,582,3,3
234,583,3,3
234,584,3,3
234,585,3,3
234,586,3,3
234,587,3,3
234,588,3,3
234,589,3,3
234,590,3,3
234,591,3,3
234,592,3,3
234,593,3,3
234,594,3,3
234,595,3,3
234,596,3,3
234,597,3,3
234,598,3,3
234,599,3,3
234,600,3,3
234,601,3,3
234,602,3,3
234,603,3,3
234,604,3,3
234,605,3,3
234,606,3,3
234,607,3,3
234,608,3,3
234,609,3,3
234,610,3,3
234,611,3,3
234,612,3,3
234,613,3,3
234,614,3,3
234,615,3,3
234,616,3,3
234,617,3,3
234,618,3,3
234,619,3,3
234,620,3,3
234,621,3,3
234,622,3,3
234,623,3,3
234,624,3,3
234,625,3,3
234,626,3,3
234,627,3,3
234,628,3,3
234,629,3,3
234,630,3,3
234,631,3,3
234,632,3,3
234,633,3,3
234,634,3,3
234,635,3,3
234,636,3,3
234,637,3,3
234,638,3,2
234,639,3,2
234,640,3,2
234,641,3,2
234,642,3,2
234,643,3,2
234,644,3,2
234,645,3,2
234,646,3,2
234,647,3,2
234,648,3,2
234,649,3,2
234,650,3,2
234,651,3,2
234,652,3,2
234,653,3,2
234,654,3,2
234,655,3,2
234,656,3,2
234,657,3,2
234,658,3,2
234,659,3,2
234,660,3,2
234,661,3,2
234,662,3,2
234,663,3,2
234,664,3,2
234,665,3,2
234,666,3,2
234,667,3,2
234,668,3,2
234,669,3,2
234,670,3,2
234,671,3,2
234,672,3,2
234,673,3,2
234,674,3,2
234,675,3,2
234,676,3,2
234,677,3,2
234,678,3,2
234,679,3,2
234,680,3,2
234,681,3,2
234,682,3,2
234,683,3,2
234,684,3,2
234,685,3,2
234,686,3,2
234,687,3,2
234,688,3,2
234,689,3,2
234,690,3,2
234,691,3,2
234,692,3,2
234,693,3,2
234,694,3,2
234,695,3,2
234,696,3,2
234,697,3,2
234,698,3,2
234,699,3,2
234,700,3,2
234,701,3,2
234,702,3,2
234,703,3,2
234,704,3,2
234,705,3,2
234,706,3,2
234,707,3,2
234,708,3,2
234,709,3,2
234,710,3,2
234,711,3,2
234,712,3,2
234,713,3,2
234,714,3,2
234,715,3,2
234,716,3,2
234,717,3,2
234,718,3,2
234,719,3,2
234,720,3,2
234,721,3,2
234,722,3,2
234,723,3,2
234,724,3,2
234,725,3,2
234,726,3,2
234,727,3,2
234,728,3,2
234,729,3,2
234,730,3,2
234,731,3,2
234,732,3,2
234,733,3,2
234,734,3,2
234,735,3,2
234,736,3,2
234,737,3,2
234,738,3,2
234,739,3,2
234,740,3,2
234,741,3,2
234,742,3,2
234,743,3,2
234,744,3,2
234,745,3,2
234,746,3,2
234,747,3,2
234,748,3,2
234,749,3,2
234,750,3,2
234,751,3,2
234,752,3,2
234,753,3,2
234,754,3,2
234,755,3,2
234,756,3,2
234,757,3,2
234,758,3,2
234,759,3,2
234,760,3,2
234,761,3,2
234,762,3,2
234,763,3,2
234,764,3,2
234,765,3,2
234,766,3,2
234,767,3,2
234,768,3,2
234,769,3,2
234,770,3,2
234,771,3,2
234,772,3,2
234,773,3,2
234,774,3,2
234,775,3,2
234,776,3,2
235,120,3,2
235,121,3,2
235,122,3,2
235,123,3,2
235,124,3,2
235,125,3,2
235,126,3,2
235,127,3,2
235,128,3,2
235,129,3,2
235,130,3,2
235,131,3,2
235,132,3,2
235,133,3,2
235,134,3,2
235,135,3,2
235,136,3,2
235,137,3,2
235,138,3,2
235,139,3,2
235,140,3,2
235,141,3,2
235,142,3,2
235,143,3,2
235,144,3,2
235,145,3,2
235,146,3,2
235,147,3,2
235,148,3,2
235,149,3,2
235,150,3,2
235,151,3,2
235,152,3,2
235,153,3,2
235,154,3,2
235,155,3,2
235,156,3,2
235,157,3,2
235,158,3,2
235,159,3,2
235,160,3,2
235,161,3,2
235,162,3,2
235,163,3,2
235,164,3,2
235,165,3,2
235,166,3,2
235,167,3,2
235,168,3,2
235,169,3,2
235,170,3,2
235,171,3,2
235,172,3,2
235,173,3,2
235,174,3,2
235,175,3,2
235,176,3,2
235,177,3,2
235,178,3,2
235,179,3,2
235,180,3,2
235,181,3,2
235,182,3,2
235,183,3,2
235,184,3,2
235,185,3,2
235,186,3,2
235,187,3,2
235,188,3,2
235,189,3,2
235,190,3,2
235,191,3,2
235,192,3,2
235,193,3,2
235,194,3,2
235,195,3,2
235,196,3,2
235,197,3,2
235,198,3,2
235,199,3,2
235,200,3,2
235,201,3,2
235,202,3,2
235,203,3,2
235,204,3,2
235,205,3,2
235,206,3,2
235,207,3,2
235,208,3,2
235,209,3,2
235,210,3,2
235,211,3,2
235,212,3,2
235,213,3,2
235,214,3,2
235,215,3,2
235,216,3,2
235,217,3,2
235,218,3,2
235,219,3,2
235,220,3,2
235,221,3,2
235,222,3,2
235,223,3,2
235,224,3,2
235,225,3,2
235,226,3,2
235,227,3,2
235,228,3,2
235,229,3,2
235,230,3,2
235,231,3,2
235,232,3,2
235,233,3,2
235,234,3,2
235,235,3,2
235,236,3,2
235,237,3,2
235,238,3,2
235,239,3,2
235,240,3,2
235,241,3,2
235,242,3,2
235,243,3,2
235,244,3,2
235,245,3,2
235,246,3,2
235,247,3,2
235,248,3,2
235,249,3,2
235,250,3,2
235,251,3,2
235,252,3,2
235,253,3,2
235,254,3,2
235,255,3,2
235,256,3,2
235,257,3,2
235,258,3,2
235,259,3,2
235,260,3,2
235,261,3,2
235,262,3,2
235,263,3,2
235,264,3,2
235,265,3,2
235,266,3,2
235,267,3,2
235,268,3,2
235,269,3,2
235,270,3,2
235,271,3,2
235,272,3,2
235,273,3,2
235,274,3,2
235,275,3,2
235,276,3,2
235,277,3,2
235,278,3,2
235,279,3,2
235,280,3,2
235,281,3,2
235,282,3,2
235,283,3,2
235,284,3,2
235,285,3,2
235,286,3,2
235,287,3,2
235,288,3,2
235,289,3,2
235,290,3,2
235,291,3,2
235,292,3,2
235,293,3,2
235,294,3,2
235,295,3,2
235,296,3,2
235,297,3,2
235,298,3,2
235,299,3,2
235,300,3,2
235,301,3,2
235,302,3,2
235,303,3,2
235,304,3,2
235,305,3,2
235,306,3,2
235,307,3,2
235,308,3,2
235,309,3,2
235,310,3,2
235,311,3,2
235,312,3,2
235,313,3,2
235,314,3,2
235,315,3,2
235,316,3,2
235,317,3,2
235,318,3,2
235,319,3,2
235,320,3,2
235,321,3,2
235,322,3,2
235,323,3,2
235,324,3,2
235,325,3,2
235,326,3,2
235,327,3,2
235,328,3,2
235,329,3,2
235,330,3,2
235,331,3,2
235,332,3,2
235,333,3,2
235,334,3,2
235,335,3,2
235,336,3,2
235,337,3,2
235,338,3,2
235,339,3,2
235,340,3,2
235,341,3,2
235,342,3,2
235,343,3,2
235,344,3,2
235,345,3,2
235,346,3,2
235,347,3,2
235,348,3,2
235,349,3,2
235,350,3,2
235,351,3,2
235,352,3,2
235,353,3,2
235,354,3,2
235,355,3,2
235,356,3,2
235,357,3,2
235,358,3,2
235,359,3,2
235,360,3,2
235,361,3,2
235,362,3,2
235,363,3,2
235,364,3,2
235,365,3,2
235,366,3,2
235,367,3,2
235,368,3,2
235,369,3,2
235,370,3,2
235,371,3,2
235,372,3,2
235,373,3,2
235,374,3,2
235,375,3,2
235,376,3,2
235,377,3,2
235,378,3,2
235,379,3,2
235,380,3,2
235,381,3,2
235,382,3,2
235,383,3,2
235,384,3,2
235,385,3,2
235,386,3,2
235,387,3,2
235,388,3,2
235,389,3,2
235,390,3,2
235,391,3,2
235,392,3,2
235,393,3,2
235,394,3,2
235,395,3,2
235,396,3,2
235,397,3,2
235,398,3,2
235,399,3,2
235,400,3,2
235,401,3,2
235,402,3,2
235,403,3,2
235,404,3,2
235,405,3,2
235,406,3,2
235,407,3,2
235,408,3,2
235,409,3,2
235,410,3,2
235,411,3,2
235,412,3,2
235,413,3,2
235,414,3,2
235,415,3,2
235,416,3,2
235,417,3,2
235,418,3,2
235,419,3,2
235,420,3,2
235,421,3,2
235,422,3,2
235,423,3,2
235,424,3,2
235,425,3,2
235,426,3,2
235,427,3,2
235,428,3,2
235,429,3,2
235,430,3,2
235,431,3,2
235,432,3,2
235,433,3,2
235,434,3,2
235,435,3,2
235,436,3,2
235,437,3,2
235,438,3,2
235,439,3,2
235,440,3,2
235,441,3,2
235,442,3,2
235,443,3,2
235,444,3,2
235,445,3,2
235,446,3,2
235,447,3,2
235,448,3,2
235,449,3,2
235,450,3,2
235,451,3,2
235,452,3,2
235,453,3,2
235,454,3,2
235,455,3,2
235,456,3,2
235,457,3,2
235,458,3,2
235,459,3,2
235,460,3,2
235,461,3,2
235,462,3,2
235,463,3,2
235,464,3,2
235,465,3,2
235,466,3,2
235,467,3,2
235,468,3,2
235,469,3,2
235,470,3,2
235,471,3,2
235,472,3,2
235,473,3,2
235,474,3,2
235,475,3,2
235,476,3,2
235,477,3,2
235,478,3,2
235,479,3,2
235,480,3,2
235,481,3,2
235,482,3,2
235,483,3,2
235,484,3,2
235,485,3,2
235,486,3,2
235,487,3,2
235,488,3,2
235,489,3,3
235,490,3,3
235,491,3,3
235,492,3,3
235,493,3,3
235,494,3,3
235,495,3,3
235,496,3,3
235,497,3,3
235,498,3,3
235,499,3,3
235,500,3,3
235,501,3,3
235,502,3,3
235,503,3,3
235,504,3,3
235,505,3,3
235,506,3,3
235,507,3,3
235,508,3,3
235,509,3,3
235,510,3,3
235,511,3,3
235,512,3,3
235,513,3,3
235,514,3,3
235,515,3,3
235,516,3,3
235,517,3,3
235,518,3,3
235,519,3,3
235,520,3,3
235,521,3,3
235,522,3,3
235,523,3,3
235,524,3,3
235,525,3,3
235,526,3,3
235,527,3,3
235,528,3,3
235,529,3,3
235,530,3,3
235,531,3,3
235,532,3,3
235,533,3,3
235,534,3,3
235,535,3,3
235,536,3,3
235,537,3,3
235,538,3,3
235,539,3,3
235,540,3,3
235,541,3,3
235,542,3,3
235,543,3,3
235,544,3,3
235,545,3,3
235,546,3,3
235,547,3,3
235,548,3,3
235,549,3,3
235,550,3,3
235,551,3,3
235,552,3,3
235,553,3,3
235,554,3,3
235,555,3,3
235,556,3,3
235,557,3,3
235,558,3,3
235,559,3,3
235,560,3,3
235,561,3,3
235,562,3,3
235,563,3,3
235,564,3,3
235,565,3,3
235,566,3,3
235,567,3,3
235,568,3,3
235,569,3,3
235,570,3,3
235,571,3,3
235,572,3,3
235,573,3,3
235,574,3,3
235,575,3,3
235,576,3,3
235,577,3,3
235,578,3,3
235,579,3,3
235,580,3,3
235,581,3,3
235,582,3,3
235,583,3,3
235,584,3,3
235,585,3,3
235,586,3,3
235,587,3,3
235,588,3,3
235,589,3,3
235,590,3,3
235,591,3,3
235,592,3,3
235,593,3,3
235,594,3,3
235,595,3,3
235,596,3,3
235,597,3,3
235,598,3,3
235,599,3,3
235,600,3,3
235,601,3,3
235,602,3,3
235,603,3,3
235,604,3,3
235,605,3,3
235,606,3,3
235,607,3,3
235,608,3,3
235,609,3,3
235,610,3,3
235,611,3,3
235,612,3,3
235,613,3,3
235,614,3,3
235,615,3,3
235,616,3,3
235,617,3,3
235,618,3,3
235,619,3,3
235,620,3,3
235,621,3,3
235,622,3,3
235,623,3,3
235,624,3,3
235,625,3,3
235,626,3,3
235,627,3,3
235,628,3,3
235,629,3,3
235,630,3,3
235,631,3,3
235,632,3,3
235,633,3,3
235,634,3,3
235,635,3,3
235,636,3,3
235,637,3,3
235,638,3,3
235,639,3,2
235,640,3,2
235,641,3,2
235,642,3,2
235,643,3,2
235,644,3,2
235,645,3,2
235,646,3,2
235,647,3,2
235,648,3,2
235,649,3,2
235,650,3,2
235,651,3,2
235,652,3,2
235,653,3,2
235,654,3,2
235,655,3,2
235,656,3,2
235,657,3,2
235,658,3,2
235,659,3,2
235,660,3,2
235,661,3,2
235,662,3,2
235,663,3,2
235,664,3,2
235,665,3,2
235,666,3,2
235,667,3,2
235,668,3,2
235,669,3,2
235,670,3,2
235,671,3,2
235,672,3,2
235,673,3,2
235,674,3,2
235,675,3,2
235,676,3,2
235,677,3,2
235,678,3,2
235,679,3,2
235,680,3,2
235,681,3,2
235,682,3,2
235,683,3,2
235,684,3,2
235,685,3,2
235,686,3,2
235,687,3,2
235,688,3,2
235,689,3,2
235,690,3,2
235,691,3,2
235,692,3,2
235,693,3,2
235,694,3,2
235,695,3,2
235,696,3,2
235,697,3,2
235,698,3,2
235,699,3,2
235,700,3,2
235,701,3,2
235,702,3,2
235,703,3,2
235,704,3,2
235,705,3,2
235,706,3,2
235,707,3,2
235,708,3,2
235,709,3,2
235,710,3,2
235,711,3,2
235,712,3,2
235,713,3,2
235,714,3,2
235,715,3,2
235,716,3,2
235,717,3,2
235,718,3,2
235,719,3,2
235,720,3,2
235,721,3,2
235,722,3,2
235,723,3,2
235,724,3,2
235,725,3,2
235,726,3,2
235,727,3,2
235,728,3,2
235,729,3,2
235,730,3,2
235,731,3,2
235,732,3,2
235,733,3,2
235,734,3,2
235,735,3,2
235,736,3,2
235,737,3,2
235,738,3,2
235,739,3,2
235,740,3,2
235,741,3,2
235,742,3,2
235,743,3,2
235,744,3,2
235,745,3,2
235,746,3,2
235,747,3,2
235,748,3,2
235,749,3,2
235,750,3,2
235,751,3,2
235,752,3,2
235,753,3,2
235,754,3,2
235,755,3,2
235,756,3,2
235,757,3,2
235,758,3,2
235,759,3,2
235,760,3,2
235,761,3,2
235,762,3,2
235,763,3,2
235,764,3,2
235,765,3,2
235,766,3,2
235,767,3,2
235,768,3,2
235,769,3,2
235,770,3,2
235,771,3,2
235,772,3,2
235,773,3,2
236,119,3,2
236,120,3,2
236,121,3,2
236,122,3,2
236,123,3,2
236,124,3,2
236,125,3,2
236,126,3,2
236,127,3,2
236,128,3,2
236,129,3,2
236,130,3,2
236,131,3,2
236,132,3,2
236,133,3,2
236,134,3,2
236,135,3,2
236,136,3,2
236,137,3,2
236,138,3,2
236,139,3,2
236,140,3,2
236,141,3,2
236,142,3,2
236,143,3,2
236,144,3,2
236,145,3,2
236,146,3,2
236,147,3,2
236,148,3,2
236,149,3,2
236,150,3,2
236,151,3,2
236,152,3,2
236,153,3,2
236,154,3,2
236,155,3,2
236,156,3,2
236,157,3,2
236,158,3,2
236,159,3,2
236,160,3,2
236,161,3,2
236,162,3,2
236,163,3,2
236,164,3,2
236,165,3,2
236,166,3,2
236,167,3,2
236,168,3,2
236,169,3,2
236,170,3,2
236,171,3,2
236,172,3,2
236,173,3,2
236,174,3,2
236,175,3,2
236,176,3,2
236,177,3,2
236,178,3,2
236,179,3,2
236,180,3,2
236,181,3,2
236,182,3,2
236,183,3,2
236,184,3,2
236,185,3,2
236,186,3,2
236,187,3,2
236,188,3,2
236,189,3,2
236,190,3,2
236,191,3,2
236,192,3,2
236,193,3,2
236,194,3,2
236,195,3,2
236,196,3,2
236,197,3,2
236,198,3,2
236,199,3,2
236,200,3,2
236,201,3,2
236,202,3,2
236,203,3,2
236,204,3,2
236,205,3,2
236,206,3,2
236,207,3,2
236,208,3,2
236,209,3,2
236,210,3,2
236,211,3,2
236,212,3,2
236,213,3,2
236,214,3,2
236,215,3,2
236,216,3,2
236,217,3,2
236,218,3,2
236,219,3,2
236,220,3,2
236,221,3,2
236,222,3,2
236,223,3,2
236,224,3,2
236,225,3,2
236,226,3,2
236,227,3,2
236,228,3,2
236,229,3,2
236,230,3,2
236,231,3,2
236,232,3,2
236,233,3,2
236,234,3,2
236,235,3,2
236,236,3,2
236,237,3,2
236,238,3,2
236,239,3,2
236,240,3,2
236,241,3,2
236,242,3,2
236,243,3,2
236,244,3,2
236,245,3,2
236,246,3,2
236,247,3,2
236,248,3,2
236,249,3,2
236,250,3,2
236,251,3,2
236,252,3,2
236,253,3,2
236,254,3,2
236,255,3,2
236,256,3,2
236,257,3,2
236,258,3,2
236,259,3,2
236,260,3,2
236,261,3,2
236,262,3,2
236,263,3,2
236,264,3,2
236,265,3,2
236,266,3,2
236,267,3,2
236,268,3,2
236,269,3,2
236,270,3,2
236,271,3,2
236,272,3,2
236,273,3,2
236,274,3,2
236,275,3,2
236,276,3,2
236,277,3,2
236,278,3,2
236,279,3,2
236,280,3,2
236,281,3,2
236,282,3,2
236,283,3,2
236,284,3,2
236,285,3,2
236,286,3,2
236,287,3,2
236,288,3,2
236,289,3,2
236,290,3,2
236,291,3,2
236,292,3,2
236,293,3,2
236,294,3,2
236,295,3,2
236,296,3,2
236,297,3,2
236,298,3,2
236,299,3,2
236,300,3,2
236,301,3,2
236,302,3,2
236,303,3,2
236,304,3,2
236,305,3,2
236,306,3,2
236,307,3,2
236,308,3,2
236,309,3,2
236,310,3,2
236,311,3,2
236,312,3,2
236,313,3,2
236,314,3,2
236,315,3,2
236,316,3,2
236,317,3,2
236,318,3,2
236,319,3,2
236,320,3,2
236,321,3,2
236,322,3,2
236,323,3,2
236,324,3,2
236,325,3,2
236,326,3,2
236,327,3,2
236,328,3,2
236,329,3,2
236,330,3,2
236,331,3,2
236,332,3,2
236,333,3,2
236,334,3,2
236,335,3,2
236,336,3,2
236,337,3,2
236,338,3,2
236,339,3,2
236,340,3,2
236,341,3,2
236,342,3,2
236,343,3,2
236,344,3,2
236,345,3,2
236,346,3,2
236,347,3,2
236,348,3,2
236,349,3,2
236,350,3,2
236,351,3,2
236,352,3,2
236,353,3,2
236,354,3,2
236,355,3,2
236,356,3,2
236,357,3,2
236,358,3,2
236,359,3,2
236,360,3,2
236,361,3,2
236,362,3,2
236,363,3,2
236,364,3,2
236,365,3,2
236,366,3,2
236,367,3,2
236,368,3,2
236,369,3,2
236,370,3,2
236,371,3,2
236,372,3,2
236,373,3,2
236,374,3,2
236,375,3,2
236,376,3,2
236,377,3,2
236,378,3,2
236,379,3,2
236,380,3,2
236,381,3,2
236,382,3,2
236,383,3,2
236,384,3,2
236,385,3,2
236,386,3,2
236,387,3,2
236,388,3,2
236,389,3,2
236,390,3,2
236,391,3,2
236,392,3,2
236,393,3,2
236,394,3,2
236,395,3,2
236,396,3,2
236,397,3,2
236,398,3,2
236,399,3,2
236,400,3,2
236,401,3,2
236,402,3,2
236,403,3,2
236,404,3,2
236,405,3,2
236,406,3,2
236,407,3,2
236,408,3,2
236,409,3,2
236,410,3,2
236,411,3,2
236,412,3,2
236,413,3,2
236,414,3,2
236,415,3,2
236,416,3,2
236,417,3,2
236,418,3,2
236,419,3,2
236,420,3,2
236,421,3,2
236,422,3,2
236,423,3,2
236,424,3,2
236,425,3,2
236,426,3,2
236,427,3,2
236,428,3,2
236,429,3,2
236,430,3,2
236,431,3,2
236,432,3,2
236,433,3,2
236,434,3,2
236,435,3,2
236,436,3,2
236,437,3,2
236,438,3,2
236,439,3,2
236,440,3,2
236,441,3,2
236,442,3,2
236,443,3,2
236,444,3,2
236,445,3,2
236,446,3,2
236,447,3,2
236,448,3,2
236,449,3,2
236,450,3,2
236,451,3,2
236,452,3,2
236,453,3,2
236,454,3,2
236,455,3,2
236,456,3,2
236,457,3,2
236,458,3,2
236,459,3,2
236,460,3,2
236,461,3,2
236,462,3,2
236,463,3,2
236,464,3,2
236,465,3,2
236,466,3,2
236,467,3,2
236,468,3,2
236,469,3,2
236,470,3,2
236,471,3,2
236,472,3,2
236,473,3,2
236,474,3,2
236,475,3,2
236,476,3,2
236,477,3,2
236,478,3,2
236,479,3,2
236,480,3,2
236,481,3,2
236,482,3,2
236,483,3,2
236,484,3,2
236,485,3,2
236,486,3,2
236,487,3,2
236,488,3,2
236,489,3,3
236,490,3,3
236,491,3,3
236,492,3,3
236,493,3,3
236,494,3,3
236,495,3,3
236,496,3,3
236,497,3,3
236,498,3,3
236,499,3,3
236,500,3,3
236,501,3,3
236,502,3,3
236,503,3,3
236,504,3,3
236,505,3,3
236,506,3,3
236,507,3,3
236,508,3,3
236,509,3,3
236,510,3,3
236,511,3,3
236,512,3,3
236,513,3,3
236,514,3,3
236,515,3,3
236,516,3,3
236,517,3,3
236,518,3,3
236,519,3,3
236,520,3,3
236,521,3,3
236,522,3,3
236,523,3,3
236,524,3,3
236,525,3,3
236,526,3,3
236,527,3,3
236,528,3,3
236,529,3,3
236,530,3,3
236,531,3,3
236,532,3,3
236,533,3,3
236,534,3,3
236,535,3,3
236,536,3,3
236,537,3,3
236,538,3,3
236,539,3,3
236,540,3,3
236,541,3,3
236,542,3,3
236,543,3,3
236,544,3,3
236,545,3,3
236,546,3,3
236,547,3,3
236,548,3,3
236,549,3,3
236,550,3,3
236,551,3,3
236,552,3,3
236,553,3,3
236,554,3,3
236,555,3,3
236,556,3,3
236,557,3,3
236,558,3,3
236,559,3,3
236,560,3,3
236,561,3,3
236,562,3,3
236,563,3,3
236,564,3,3
236,565,3,3
236,566,3,3
236,567,3,3
236,568,3,3
236,569,3,3
236,570,3,3
236,571,3,3
236,572,3,3
236,573,3,3
236,574,3,3
236,575,3,3
236,576,3,3
236,577,3,3
236,578,3,3
236,579,3,3
236,580,3,3
236,581,3,3
236,582,3,3
236,583,3,3
236,584,3,3
236,585,3,3
236,586,3,3
236,587,3,3
236,588,3,3
236,589,3,3
236,590,3,3
236,591,3,3
236,592,3,3
236,593,3,3
236,594,3,3
236,595,3,3
236,596,3,3
236,597,3,3
236,598,3,3
236,599,3,3
236,600,3,3
236,601,3,3
236,602,3,3
236,603,3,3
236,604,3,3
236,605,3,3
236,606,3,3
236,607,3,3
236,608,3,3
236,609,3,3
236,610,3,3
236,611,3,3
236,612,3,3
236,613,3,3
236,614,3,3
236,615,3,3
236,616,3,3
236,617,3,3
236,618,3,3
236,619,3,3
236,620,3,3
236,621,3,3
236,622,3,3
236,623,3,3
236,624,3,3
236,625,3,3
236,626,3,3
236,627,3,3
236,628,3,3
236,629,3,3
236,630,3,3
236,631,3,3
236,632,3,3
236,633,3,3
236,634,3,3
236,635,3,3
236,636,3,3
236,637,3,3
236,638,3,3
236,639,3,3
236,640,3,2
236,641,3,2
236,642,3,2
236,643,3,2
236,644,3,2
236,645,3,2
236,646,3,2
236,647,3,2
236,648,3,2
236,649,3,2
236,650,3,2
236,651,3,2
236,652,3,2
236,653,3,2
236,654,3,2
236,655,3,2
236,656,3,2
236,657,3,2
236,658,3,2
236,659,3,2
236,660,3,2
236,661,3,2
236,662,3,2
236,663,3,2
236,664,3,2
236,665,3,2
236,666,3,2
236,667,3,2
236,668,3,2
236,669,3,2
236,670,3,2
236,671,3,2
236,672,3,2
236,673,3,2
236,674,3,2
236,675,3,2
236,676,3,2
236,677,3,2
236,678,3,2
236,679,3,2
236,680,3,2
236,681,3,2
236,682,3,2
236,683,3,2
236,684,3,2
236,685,3,2
236,686,3,2
236,687,3,2
236,688,3,2
236,689,3,2
236,690,3,2
236,691,3,2
236,692,3,2
236,693,3,2
236,694,3,2
236,695,3,2
236,696,3,2
236,697,3,2
236,698,3,2
236,699,3,2
236,700,3,2
236,701,3,2
236,702,3,2
236,703,3,2
236,704,3,2
236,705,3,2
236,706,3,2
236,707,3,2
236,708,3,2
236,709,3,2
236,710,3,2
236,711,3,2
236,712,3,2
236,713,3,2
236,714,3,2
236,715,3,2
236,716,3,2
236,717,3,2
236,718,3,2
236,719,3,2
236,720,3,2
236,721,3,2
236,722,3,2
236,723,3,2
236,724,3,2
236,725,3,2
236,726,3,2
236,727,3,2
236,728,3,2
236,729,3,2
236,730,3,2
236,731,3,2
236,732,3,2
236,733,3,2
236,734,3,2
236,735,3,2
236,736,3,2
236,737,3,2
236,738,3,2
236,739,3,2
236,740,3,2
236,741,3,2
236,742,3,2
236,743,3,2
236,744,3,2
236,745,3,2
236,746,3,2
236,747,3,2
236,748,3,2
236,749,3,2
236,750,3,2
236,751,3,2
236,752,3,2
236,753,3,2
236,754,3,2
236,755,3,2
236,756,3,2
236,757,3,2
236,758,3,2
236,759,3,2
236,760,3,2
236,761,3,2
236,762,3,2
236,763,3,2
236,764,3,2
236,765,3,2
236,766,3,2
236,767,3,2
236,768,3,2
236,769,3,2
236,770,3,2
236,771,3,2
236,772,3,2
237,118,3,2
237,119,3,2
237,120,3,2
237,121,3,2
237,122,3,2
237,123,3,2
237,124,3,2
237,125,3,2
237,126,3,2
237,127,3,2
237,128,3,2
237,129,3,2
237,130,3,2
237,131,3,2
237,132,3,2
237,133,3,2
237,134,3,2
237,135,3,2
237,136,3,2
237,137,3,2
237,138,3,2
237,139,3,2
237,140,3,2
237,141,3,2
237,142,3,2
237,143,3,2
237,144,3,2
237,145,3,2
237,146,3,2
237,147,3,2
237,148,3,2
237,149,3,2
237,150,3,2
237,151,3,2
237,152,3,2
237,153,3,2
237,154,3,2
237,155,3,2
237,156,3,2
237,157,3,2
237,158,3,2
237,159,3,2
237,160,3,2
237,161,3,2
237,162,3,2
237,163,3,2
237,164,3,2
237,165,3,2
237,166,3,2
237,167,3,2
237,168,3,2
237,169,3,2
237,170,3,2
237,171,3,2
237,172,3,2
237,173,3,2
237,174,3,2
237,175,3,2
237,176,3,2
237,177,3,2
237,178,3,2
237,179,3,2
237,180,3,2
237,181,3,2
237,182,3,2
237,183,3,2
237,184,3,2
237,185,3,2
237,186,3,2
237,187,3,2
237,188,3,2
237,189,3,2
237,190,3,2
237,191,3,2
237,192,3,2
237,193,3,2
237,194,3,2
237,195,3,2
237,196,3,2
237,197,3,2
237,198,3,2
237,199,3,2
237,200,3,2
237,201,3,2
237,202,3,2
237,203,3,2
237,204,3,2
237,205,3,2
237,206,3,2
237,207,3,2
237,208,3,2
237,209,3,2
237,210,3,2
237,211,3,2
237,212,3,2
237,213,3,2
237,214,3,2
237,215,3,2
237,216,3,2
237,217,3,2
237,218,3,2
237,219,3,2
237,220,3,2
237,221,3,2
237,222,3,2
237,223,3,2
237,224,3,2
237,225,3,2
237,226,3,2
237,227,3,2
237,228,3,2
237,229,3,2
237,230,3,2
237,231,3,2
237,232,3,2
237,233,3,2
237,234,3,2
237,235,3,2
237,236,3,2
237,237,3,2
237,238,3,2
237,239,3,2
237,240,3,2
237,241,3,2
237,242,3,2
237,243,3,2
237,244,3,2
237,245,3,2
237,246,3,2
237,247,3,2
237,248,3,2
237,249,3,2
237,250,3,2
237,251,3,2
237,252,3,2
237,253,3,2
237,254,3,2
237,255,3,2
237,256,3,2
237,257,3,2
237,258,3,2
237,259,3,2
237,260,3,2
237,261,3,2
237,262,3,2
237,263,3,2
237,264,3,2
237,265,3,2
237,266,3,2
237,267,3,2
237,268,3,2
237,269,3,2
237,270,3,2
237,271,3,2
237,272,3,2
237,273,3,2
237,274,3,2
237,275,3,2
237,276,3,2
237,277,3,2
237,278,3,2
237,279,3,2
237,280,3,2
237,281,3,2
237,282,3,2
237,283,3,2
237,284,3,2
237,285,3,2
237,286,3,2
237,287,3,2
237,288,3,2
237,289,3,2
237,290,3,2
237,291,3,2
237,292,3,2
237,293,3,2
237,294,3,2
237,295,3,2
237,296,3,2
237,297,3,2
237,298,3,2
237,299,3,2
237,300,3,2
237,301,3,2
237,302,3,2
237,303,3,2
237,304,3,2
237,305,3,2
237,306,3,2
237,307,3,2
237,308,3,2
237,309,3,2
237,310,3,2
237,311,3,2
237,312,3,2
237,313,3,2
237,314,3,2
237,315,3,2
237,316,3,2
237,317,3,2
237,318,3,2
237,319,3,2
237,320,3,2
237,321,3,2
237,322,3,2
237,323,3,2
237,324,3,2
237,325,3,2
237,326,3,2
237,327,3,2
237,328,3,2
237,329,3,2
237,330,3,2
237,331,3,2
237,332,3,2
237,333,3,2
237,334,3,2
237,335,3,2
237,336,3,2
237,337,3,2
237,338,3,2
237,339,3,2
237,340,3,2
237,341,3,2
237,342,3,2
237,343,3,2
237,344,3,2
237,345,3,2
237,346,3,2
237,347,3,2
237,348,3,2
237,349,3,2
237,350,3,2
237,351,3,2
237,352,3,2
237,353,3,2
237,354,3,2
237,355,3,2
237,356,3,2
237,357,3,2
237,358,3,2
237,359,3,2
237,360,3,2
237,361,3,2
237,362,3,2
237,363,3,2
237,364,3,2
237,365,3,2
237,366,3,2
237,367,3,2
237,368,3,2
237,369,3,2
237,370,3,2
237,371,3,2
237,372,3,2
237,373,3,2
237,374,3,2
237,375,3,2
237,376,3,2
237,377,3,2
237,378,3,2
237,379,3,2
237,380,3,2
237,381,3,2
237,382,3,2
237,383,3,2
237,384,3,2
237,385,3,2
237,386,3,2
237,387,3,2
237,388,3,2
237,389,3,2
237,390,3,2
237,391,3,2
237,392,3,2
237,393,3,2
237,394,3,2
237,395,3,2
237,396,3,2
237,397,3,2
237,398,3,2
237,399,3,2
237,400,3,2
237,401,3,2
237,402,3,2
237,403,3,2
237,404,3,2
237,405,3,2
237,406,3,2
237,407,3,2
237,408,3,2
237,409,3,2
237,410,3,2
237,411,3,2
237,412,3,2
237,413,3,2
237,414,3,2
237,415,3,2
237,416,3,2
237,417,3,2
237,418,3,2
237,419,3,2
237,420,3,2
237,421,3,2
237,422,3,2
237,423,3,2
237,424,3,2
237,425,3,2
237,426,3,2
237,427,3,2
237,428,3,2
237,429,3,2
237,430,3,2
237,431,3,2
237,432,3,2
237,433,3,2
237,434,3,2
237,435,3,2
237,436,3,2
237,437,3,2
237,438,3,2
237,439,3,2
237,440,3,2
237,441,3,2
237,442,3,2
237,443,3,2
237,444,3,2
237,445,3,2
237,446,3,2
237,447,3,2
237,448,3,2
237,449,3,2
237,450,3,2
237,451,3,2
237,452,3,2
237,453,3,2
237,454,3,2
237,455,3,2
237,456,3,2
237,457,3,2
237,458,3,2
237,459,3,2
237,460,3,2
237,461,3,2
237,462,3,2
237,463,3,2
237,464,3,2
237,465,3,2
237,466,3,2
237,467,3,2
237,468,3,2
237,469,3,2
237,470,3,2
237,471,3,2
237,472,3,2
237,473,3,2
237,474,3,2
237,475,3,2
237,476,3,2
237,477,3,2
237,478,3,2
237,479,3,2
237,480,3,2
237,481,3,2
237,482,3,2
237,483,3,2
237,484,3,2
237,485,3,2
237,486,3,2
237,487,3,2
237,488,3,2
237,489,3,3
237,490,3,3
237,491,3,3
237,492,3,3
237,493,3,3
237,494,3,3
237,495,3,3
237,496,3,3
237,497,3,3
237,498,3,3
237,499,3,3
237,500,3,3
237,501,3,3
237,502,3,3
237,503,3,3
237,504,3,3
237,505,3,3
237,506,3,3
237,507,3,3
237,508,3,3
237,509,3,3
237,510,3,3
237,511,3,3
237,512,3,3
237,513,3,3
237,514,3,3
237,515,3,3
237,516,3,3
237,517,3,3
237,518,3,3
237,519,3,3
237,520,3,3
237,521,3,3
237,522,3,3
237,523,3,3
237,524,3,3
237,525,3,3
237,526,3,3
237,527,3,3
237,528,3,3
237,529,3,3
237,530,3,3
237,531,3,3
237,532,3,3
237,533,3,3
237,534,3,3
237,535,3,3
237,536,3,3
237,537,3,3
237,538,3,3
237,539,3,3
237,540,3,3
237,541,3,3
237,542,3,3
237,543,3,3
237,544,3,3
237,545,3,3
237,546,3,3
237,547,3,3
237,548,3,3
237,549,3,3
237,550,3,3
237,551,3,3
237,552,3,3
237,553,3,3
237,554,3,3
237,555,3,3
237,556,3,3
237,557,3,3
237,558,3,3
237,559,3,3
237,560,3,3
237,561,3,3
237,562,3,3
237,563,3,3
237,564,3,3
237,565,3,3
237,566,3,3
237,567,3,3
237,568,3,3
237,569,3,3
237,570,3,3
237,571,3,3
237,572,3,3
237,573,3,3
237,574,3,3
237,575,3,3
237,576,3,3
237,577,3,3
237,578,3,3
237,579,3,3
237,580,3,3
237,581,3,3
237,582,3,3
237,583,3,3
237,584,3,3
237,585,3,3
237,586,3,3
237,587,3,3
237,588,3,3
237,589,3,3
237,590,3,3
237,591,3,3
237,592,3,3
237,593,3,3
237,594,3,3
237,595,3,3
237,596,3,3
237,597,3,3
237,598,3,3
237,599,3,3
237,600,3,3
237,601,3,3
237,602,3,3
237,603,3,3
237,604,3,3
237,605,3,3
237,606,3,3
237,607,3,3
237,608,3,3
237,609,3,3
237,610,3,3
237,611,3,3
237,612,3,3
237,613,3,3
237,614,3,3
237,615,3,3
237,616,3,3
237,617,3,3
237,618,3,3
237,619,3,3
237,620,3,3
237,621,3,3
237,622,3,3
237,623,3,3
237,624,3,3
237,625,3,3
237,626,3,3
237,627,3,3
237,628,3,3
237,629,3,3
237,630,3,3
237,631,3,3
237,632,3,3
237,633,3,3
237,634,3,3
237,635,3,3
237,636,3,3
237,637,3,3
237,638,3,3
237,639,3,3
237,640,3,2
237,641,3,2
237,642,3,2
237,643,3,2
237,644,3,2
237,645,3,2
237,646,3,2
237,647,3,2
237,648,3,2
237,649,3,2
237,650,3,2
237,651,3,2
237,652,3,2
237,653,3,2
237,654,3,2
237,655,3,2
237,656,3,2
237,657,3,2
237,658,3,2
237,659,3,2
237,660,3,2
237,661,3,2
237,662,3,2
237,663,3,2
237,664,3,2
237,665,3,2
237,666,3,2
237,667,3,2
237,668,3,2
237,669,3,2
237,670,3,2
237,671,3,2
237,672,3,2
237,673,3,2
237,674,3,2
237,675,3,2
237,676,3,2
237,677,3,2
237,678,3,2
237,679,3,2
237,680,3,2
237,681,3,2
237,682,3,2
237,683,3,2
237,684,3,2
237,685,3,2
237,686,3,2
237,687,3,2
237,688,3,2
237,689,3,2
237,690,3,2
237,691,3,2
237,692,3,2
237,693,3,2
237,694,3,2
237,695,3,2
237,696,3,2
237,697,3,2
237,698,3,2
237,699,3,2
237,700,3,2
237,701,3,2
237,702,3,2
237,703,3,2
237,704,3,2
237,705,3,2
237,706,3,2
237,707,3,2
237,708,3,2
237,709,3,2
237,710,3,2
237,711,3,2
237,712,3,2
237,713,3,2
237,714,3,2
237,715,3,2
237,716,3,2
237,717,3,2
237,718,3,2
237,719,3,2
237,720,3,2
237,721,3,2
237,722,3,2
237,723,3,2
237,724,3,2
237,725,3,2
237,726,3,2
237,727,3,2
237,728,3,2
237,729,3,2
237,730,3,2
237,731,3,2
237,732,3,2
237,733,3,2
237,734,3,2
237,735,3,2
237,736,3,2
237,737,3,2
237,738,3,2
237,739,3,2
237,740,3,2
237,741,3,2
237,742,3,2
237,743,3,2
237,744,3,2
237,745,3,2
237,746,3,2
237,747,3,2
237,748,3,2
237,749,3,2
237,750,3,2
237,751,3,2
237,752,3,2
237,753,3,2
237,754,3,2
237,755,3,2
237,756,3,2
237,757,3,2
237,758,3,2
237,759,3,2
237,760,3,2
237,761,3,2
237,762,3,2
237,763,3,2
237,764,3,2
237,765,3,2
237,766,3,2
238,117,3,2
238,118,3,2
238,119,3,2
238,120,3,2
238,121,3,2
238,122,3,2
238,123,3,2
238,124,3,2
238,125,3,2
238,126,3,2
238,127,3,2
238,128,3,2
238,129,3,2
238,130,3,2
238,131,3,2
238,132,3,2
238,133,3,2
238,134,3,2
238,135,3,2
238,136,3,2
238,137,3,2
238,138,3,2
238,139,3,2
238,140,3,2
238,141,3,2
238,142,3,2
238,143,3,2
238,144,3,2
238,145,3,2
238,146,3,2
238,147,3,2
238,148,3,2
238,149,3,2
238,150,3,2
238,151,3,2
238,152,3,2
238,153,3,2
238,154,3,2
238,155,3,2
238,156,3,2
238,157,3,2
238,158,3,2
238,159,3,2
238,160,3,2
238,161,3,2
238,162,3,2
238,163,3,2
238,164,3,2
238,165,3,2
238,166,3,2
238,167,3,2
238,168,3,2
238,169,3,2
238,170,3,2
238,171,3,2
238,172,3,2
238,173,3,2
238,174,3,2
238,175,3,2
238,176,3,2
238,177,3,2
238,178,3,2
238,179,3,2
238,180,3,2
238,181,3,2
238,182,3,2
238,183,3,2
238,184,3,2
238,185,3,2
238,186,3,2
238,187,3,2
238,188,3,2
238,189,3,2
238,190,3,2
238,191,3,2
238,192,3,2
238,193,3,2
238,194,3,2
238,195,3,2
238,196,3,2
238,197,3,2
238,198,3,2
238,199,3,2
238,200,3,2
238,201,3,2
238,202,3,2
238,203,3,2
238,204,3,2
238,205,3,2
238,206,3,2
238,207,3,2
238,208,3,2
238,209,3,2
238,210,3,2
238,211,3,2
238,212,3,2
238,213,3,2
238,214,3,2
238,215,3,2
238,216,3,2
238,217,3,2
238,218,3,2
238,219,3,2
238,220,3,2
238,221,3,2
238,222,3,2
238,223,3,2
238,224,3,2
238,225,3,2
238,226,3,2
238,227,3,2
238,228,3,2
238,229,3,2
238,230,3,2
238,231,3,2
238,232,3,2
238,233,3,2
238,234,3,2
238,235,3,2
238,236,3,2
238,237,3,2
238,238,3,2
238,239,3,2
238,240,3,2
238,241,3,2
238,242,3,2
238,243,3,2
238,244,3,2
238,245,3,2
238,246,3,2
238,247,3,2
238,248,3,2
238,249,3,2
238,250,3,2
238,251,3,2
238,252,3,2
238,253,3,2
238,254,3,2
238,255,3,2
238,256,3,2
238,257,3,2
238,258,3,2
238,259,3,2
238,260,3,2
238,261,3,2
238,262,3,2
238,263,3,2
238,264,3,2
238,265,3,2
238,266,3,2
238,267,3,2
238,268,3,2
238,269,3,2
238,270,3,2
238,271,3,2
238,272,3,2
238,273,3,2
238,274,3,2
238,275,3,2
238,276,3,2
238,277,3,2
238,278,3,2
238,279,3,2
238,280,3,2
238,281,3,2
238,282,3,2
238,283,3,2
238,284,3,2
238,285,3,2
238,286,3,2
238,287,3,2
238,288,3,2
238,289,3,2
238,290,3,2
238,291,3,2
238,292,3,2
238,293,3,2
238,294,3,2
238,295,3,2
238,296,3,2
238,297,3,2
238,298,3,2
238,299,3,2
238,300,3,2
238,301,3,2
238,302,3,2
238,303,3,2
238,304,3,2
238,305,3,2
238,306,3,2
238,307,3,2
238,308,3,2
238,309,3,2
238,310,3,2
238,311,3,2
238,312,3,2
238,313,3,2
238,314,3,2
238,315,3,2
238,316,3,2
238,317,3,2
238,318,3,2
238,319,3,2
238,320,3,2
238,321,3,2
238,322,3,2
238,323,3,2
238,324,3,2
238,325,3,2
238,326,3,2
238,327,3,2
238,328,3,2
238,329,3,2
238,330,3,2
238,331,3,2
238,332,3,2
238,333,3,2
238,334,3,2
238,335,3,2
238,336,3,2
238,337,3,2
238,338,3,2
238,339,3,2
238,340,3,2
238,341,3,2
238,342,3,2
238,343,3,2
238,344,3,2
238,345,3,2
238,346,3,2
238,347,3,2
238,348,3,2
238,349,3,2
238,350,3,2
238,351,3,2
238,352,3,2
238,353,3,2
238,354,3,2
238,355,3,2
238,356,3,2
238,357,3,2
238,358,3,2
238,359,3,2
238,360,3,2
238,361,3,2
238,362,3,2
238,363,3,2
238,364,3,2
238,365,3,2
238,366,3,2
238,367,3,2
238,368,3,2
238,369,3,2
238,370,3,2
238,371,3,2
238,372,3,2
238,373,3,2
238,374,3,2
238,375,3,2
238,376,3,2
238,377,3,2
238,378,3,2
238,379,3,2
238,380,3,2
238,381,3,2
238,382,3,2
238,383,3,2
238,384,3,2
238,385,3,2
238,386,3,2
238,387,3,2
238,388,3,2
238,389,3,2
238,390,3,2
238,391,3,2
238,392,3,2
238,393,3,2
238,394,3,2
238,395,3,2
238,396,3,2
238,397,3,2
238,398,3,2
238,399,3,2
238,400,3,2
238,401,3,2
238,402,3,2
238,403,3,2
238,404,3,2
238,405,3,2
238,406,3,2
238,407,3,2
238,408,3,2
238,409,3,2
238,410,3,2
238,411,3,2
238,412,3,2
238,413,3,2
238,414,3,2
238,415,3,2
238,416,3,2
238,417,3,2
238,418,3,2
238,419,3,2
238,420,3,2
238,421,3,2
238,422,3,2
238,423,3,2
238,424,3,2
238,425,3,2
238,426,3,2
238,427,3,2
238,428,3,2
238,429,3,2
238,430,3,2
238,431,3,2
238,432,3,2
238,433,3,2
238,434,3,2
238,435,3,2
238,436,3,2
238,437,3,2
238,438,3,2
238,439,3,2
238,440,3,2
238,441,3,2
238,442,3,2
238,443,3,2
238,444,3,2
238,445,3,2
238,446,3,2
238,447,3,2
238,448,3,2
238,449,3,2
238,450,3,2
238,451,3,2
238,452,3,2
238,453,3,2
238,454,3,2
238,455,3,2
238,456,3,2
238,457,3,2
238,458,3,2
238,459,3,2
238,460,3,2
238,461,3,2
238,462,3,2
238,463,3,2
238,464,3,2
238,465,3,2
238,466,3,2
238,467,3,2
238,468,3,2
238,469,3,2
238,470,3,2
238,471,3,2
238,472,3,2
238,473,3,2
238,474,3,2
238,475,3,2
238,476,3,2
238,477,3,2
238,478,3,2
238,479,3,2
238,480,3,2
238,481,3,2
238,482,3,2
238,483,3,2
238,484,3,2
238,485,3,2
238,486,3,2
238,487,3,2
238,488,3,3
238,489,3,3
238,490,3,3
238,491,3,3
238,492,3,3
238,493,3,3
238,494,3,3
238,495,3,3
238,496,3,3
238,497,3,3
238,498,3,3
238,499,3,3
238,500,3,3
238,501,3,3
238,502,3,3
238,503,3,3
238,504,3,3
238,505,3,3
238,506,3,3
238,507,3,3
238,508,3,3
238,509,3,3
238,510,3,3
238,511,3,3
238,512,3,3
238,513,3,3
238,514,3,3
238,515,3,3
238,516,3,3
238,517,3,3
238,518,3,3
238,519,3,3
238,520,3,3
238,521,3,3
238,522,3,3
238,523,3,3
238,524,3,3
238,525,3,3
238,526,3,3
238,527,3,3
238,528,3,3
238,529,3,3
238,530,3,3
238,531,3,3
238,532,3,3
238,533,3,3
238,534,3,3
238,535,3,3
238,536,3,3
238,537,3,3
238,538,3,3
238,539,3,3
238,540,3,3
238,541,3,3
238,542,3,3
238,543,3,3
238,544,3,3
238,545,3,3
238,546,3,2
238,547,3,2
238,548,3,3
238,549,3,3
238,550,3,3
238,551,3,3
238,552,3,3
238,553,3,3
238,554,3,3
238,555,3,3
238,556,3,3
238,557,3,3
238,558,3,3
238,559,3,2
238,560,3,3
238,561,3,3
238,562,3,3
238,563,3,3
238,564,3,3
238,565,3,3
238,566,3,3
238,567,3,3
238,568,3,3
238,569,3,3
238,570,3,3
238,571,3,3
238,572,3,3
238,573,3,3
238,574,3,3
238,575,3,3
238,576,3,3
238,577,3,3
238,578,3,3
238,579,3,3
238,580,3,3
238,581,3,3
238,582,3,3
238,583,3,3
238,584,3,3
238,585,3,3
238,586,3,3
238,587,3,3
238,588,3,3
238,589,3,3
238,590,3,3
238,591,3,3
238,592,3,3
238,593,3,3
238,594,3,3
238,595,3,3
238,596,3,3
238,597,3,3
238,598,3,3
238,599,3,3
238,600,3,3
238,601,3,3
238,602,3,3
238,603,3,3
238,604,3,3
238,605,3,3
238,606,3,3
238,607,3,3
238,608,3,3
238,609,3,3
238,610,3,3
238,611,3,3
238,612,3,3
238,613,3,3
238,614,3,3
238,615,3,3
238,616,3,3
238,617,3,3
238,618,3,3
238,619,3,3
238,620,3,3
238,621,3,3
238,622,3,3
238,623,3,3
238,624,3,3
238,625,3,3
238,626,3,3
238,627,3,3
238,628,3,3
238,629,3,3
238,630,3,3
238,631,3,3
238,632,3,3
238,633,3,3
238,634,3,3
238,635,3,3
238,636,3,3
238,637,3,3
238,638,3,3
238,639,3,2
238,640,3,2
238,641,3,2
238,642,3,2
238,643,3,2
238,644,3,2
238,645,3,2
238,646,3,2
238,647,3,2
238,648,3,2
238,649,3,2
238,650,3,2
238,651,3,2
238,652,3,2
238,653,3,2
238,654,3,2
238,655,3,2
238,656,3,2
238,657,3,2
238,658,3,2
238,659,3,2
238,660,3,2
238,661,3,2
238,662,3,2
238,663,3,2
238,664,3,2
238,665,3,2
238,666,3,2
238,667,3,2
238,668,3,2
238,669,3,2
238,670,3,2
238,671,3,2
238,672,3,2
238,673,3,2
238,674,3,2
238,675,3,2
238,676,3,2
238,677,3,2
238,678,3,2
238,679,3,2
238,680,3,2
238,681,3,2
238,682,3,2
238,683,3,2
238,684,3,2
238,685,3,2
238,686,3,2
238,687,3,2
238,688,3,2
238,689,3,2
238,690,3,2
238,691,3,2
238,692,3,2
238,693,3,2
238,694,3,2
238,695,3,2
238,696,3,2
238,697,3,2
238,698,3,2
238,699,3,2
238,700,3,2
238,701,3,2
238,702,3,2
238,703,3,2
238,704,3,2
238,705,3,2
238,706,3,2
238,707,3,2
238,708,3,2
238,709,3,2
238,710,3,2
238,711,3,2
238,712,3,2
238,713,3,2
238,714,3,2
238,715,3,2
238,716,3,2
238,717,3,2
238,718,3,2
238,719,3,2
238,720,3,2
238,721,3,2
238,722,3,2
238,723,3,2
238,724,3,2
238,725,3,2
238,726,3,2
238,727,3,2
238,728,3,2
238,729,3,2
238,730,3,2
238,731,3,2
238,732,3,2
238,733,3,2
238,734,3,2
238,735,3,2
238,736,3,2
238,737,3,2
238,738,3,2
238,739,3,2
238,740,3,2
238,741,3,2
238,742,3,2
238,743,3,2
238,744,3,2
238,745,3,2
238,746,3,2
238,747,3,2
238,748,3,2
238,749,3,2
238,750,3,2
238,751,3,2
238,752,3,2
238,753,3,2
238,754,3,2
238,755,3,2
238,756,3,2
238,757,3,2
238,758,3,2
238,759,3,2
238,760,3,2
238,761,3,2
238,762,3,2
238,763,3,2
239,117,3,2
239,118,3,2
239,119,3,2
239,120,3,2
239,121,3,2
239,122,3,2
239,123,3,2
239,124,3,2
239,125,3,2
239,126,3,2
239,127,3,2
239,128,3,2
239,129,3,2
239,130,3,2
239,131,3,2
239,132,3,2
239,133,3,2
239,134,3,2
239,135,3,2
239,136,3,2
239,137,3,2
239,138,3,2
239,139,3,2
239,140,3,2
239,141,3,2
239,142,3,2
239,143,3,2
239,144,3,2
239,145,3,2
239,146,3,2
239,147,3,2
239,148,3,2
239,149,3,2
239,150,3,2
239,151,3,2
239,152,3,2
239,153,3,2
239,154,3,2
239,155,3,2
239,156,3,2
239,157,3,2
239,158,3,2
239,159,3,2
239,160,3,2
239,161,3,2
239,162,3,2
239,163,3,2
239,164,3,2
239,165,3,2
239,166,3,2
239,167,3,2
239,168,3,2
239,169,3,2
239,170,3,2
239,171,3,2
239,172,3,2
239,173,3,2
239,174,3,2
239,175,3,2
239,176,3,2
239,177,3,2
239,178,3,2
239,179,3,2
239,180,3,2
239,181,3,2
239,182,3,2
239,183,3,2
239,184,3,2
239,185,3,2
239,186,3,2
239,187,3,2
239,188,3,2
239,189,3,2
239,190,3,2
239,191,3,2
239,192,3,2
239,193,3,2
239,194,3,2
239,195,3,2
239,196,3,2
239,197,3,2
239,198,3,2
239,199,3,2
239,200,3,2
239,201,3,2
239,202,3,2
239,203,3,2
239,204,3,2
239,205,3,2
239,206,3,2
239,207,3,2
239,208,3,2
239,209,3,2
239,210,3,2
239,211,3,2
239,212,3,2
239,213,3,2
239,214,3,2
239,215,3,2
239,216,3,2
239,217,3,2
239,218,3,2
239,219,3,2
239,220,3,2
239,221,3,2
239,222,3,2
239,223,3,2
239,224,3,2
239,225,3,2
239,226,3,2
239,227,3,2
239,228,3,2
239,229,3,2
239,230,3,2
239,231,3,2
239,232,3,2
239,233,3,2
239,234,3,2
239,235,3,2
239,236,3,2
239,237,3,2
239,238,3,2
239,239,3,2
239,240,3,2
239,241,3,2
239,242,3,2
239,243,3,2
239,244,3,2
239,245,3,2
239,246,3,2
239,247,3,2
239,248,3,2
239,249,3,2
239,250,3,2
239,251,3,2
239,252,3,2
239,253,3,2
239,254,3,2
239,255,3,2
239,256,3,2
239,257,3,2
239,258,3,2
239,259,3,2
239,260,3,2
239,261,3,2
239,262,3,2
239,263,3,2
239,264,3,2
239,265,3,2
239,266,3,2
239,267,3,2
239,268,3,2
239,269,3,2
239,270,3,2
239,271,3,2
239,272,3,2
239,273,3,2
239,274,3,2
239,275,3,2
239,276,3,2
239,277,3,2
239,278,3,2
239,279,3,2
239,280,3,2
239,281,3,2
239,282,3,2
239,283,3,2
239,284,3,2
239,285,3,2
239,286,3,2
239,287,3,2
239,288,3,2
239,289,3,2
239,290,3,2
239,291,3,2
239,292,3,2
239,293,3,2
239,294,3,2
239,295,3,2
239,296,3,2
239,297,3,2
239,298,3,2
239,299,3,2
239,300,3,2
239,301,3,2
239,302,3,2
239,303,3,2
239,304,3,2
239,305,3,2
239,306,3,2
239,307,3,2
239,308,3,2
239,309,3,2
239,310,3,2
239,311,3,2
239,312,3,2
239,313,3,2
239,314,3,2
239,315,3,2
239,316,3,2
239,317,3,2
239,318,3,2
239,319,3,2
239,320,3,2
239,321,3,2
239,322,3,2
239,323,3,2
239,324,3,2
239,325,3,2
239,326,3,2
239,327,3,2
239,328,3,2
239,329,3,2
239,330,3,2
239,331,3,2
239,332,3,2
239,333,3,2
239,334,3,2
239,335,3,2
239,336,3,2
239,337,3,2
239,338,3,2
239,339,3,2
239,340,3,2
239,341,3,2
239,342,3,2
239,343,3,2
239,344,3,2
239,345,3,2
239,346,3,2
239,347,3,2
239,348,3,2
239,349,3,2
239,350,3,2
239,351,3,2
239,352,3,2
239,353,3,2
239,354,3,2
239,355,3,2
239,356,3,2
239,357,3,2
239,358,3,2
239,359,3,2
239,360,3,2
239,361,3,2
239,362,3,2
239,363,3,2
239,364,3,2
239,365,3,2
239,366,3,2
239,367,3,2
239,368,3,2
239,369,3,2
239,370,3,2
239,371,3,2
239,372,3,2
239,373,3,2
239,374,3,2
239,375,3,2
239,376,3,2
239,377,3,2
239,378,3,2
239,379,3,2
239,380,3,2
239,381,3,2
239,382,3,2
239,383,3,2
239,384,3,2
239,385,3,2
239,386,3,2
239,387,3,2
239,388,3,2
239,389,3,2
239,390,3,2
239,391,3,2
239,392,3,2
239,393,3,2
239,394,3,2
239,395,3,2
239,396,3,2
239,397,3,2
239,398,3,2
239,399,3,2
239,400,3,2
239,401,3,2
239,402,3,2
239,403,3,2
239,404,3,2
239,405,3,2
239,406,3,2
239,407,3,2
239,408,3,2
239,409,3,2
239,410,3,2
239,411,3,2
239,412,3,2
239,413,3,2
239,414,3,2
239,415,3,2
239,416,3,2
239,417,3,2
239,418,3,2
239,419,3,2
239,420,3,2
239,421,3,2
239,422,3,2
239,423,3,2
239,424,3,2
239,425,3,2
239,426,3,2
239,427,3,2
239,428,3,2
239,429,3,2
239,430,3,2
239,431,3,2
239,432,3,2
239,433,3,2
239,434,3,2
239,435,3,2
239,436,3,2
239,437,3,2
239,438,3,2
239,439,3,2
239,440,3,2
239,441,3,2
239,442,3,2
239,443,3,2
239,444,3,2
239,445,3,2
239,446,3,2
239,447,3,2
239,448,3,2
239,449,3,2
239,450,3,2
239,451,3,2
239,452,3,2
239,453,3,2
239,454,3,2
239,455,3,2
239,456,3,2
239,457,3,2
239,458,3,2
239,459,3,2
239,460,3,2
239,461,3,2
239,462,3,2
239,463,3,2
239,464,3,2
239,465,3,2
239,466,3,2
239,467,3,2
239,468,3,2
239,469,3,2
239,470,3,2
239,471,3,2
239,472,3,2
239,473,3,2
239,474,3,2
239,475,3,2
239,476,3,2
239,477,3,2
239,478,3,2
239,479,3,2
239,480,3,2
239,481,3,2
239,482,3,2
239,483,3,2
239,484,3,2
239,485,3,2
239,486,3,2
239,487,3,2
239,488,3,3
239,489,3,3
239,490,3,3
239,491,3,3
239,492,3,3
239,493,3,3
239,494,3,3
239,495,3,3
239,496,3,3
239,497,3,3
239,498,3,3
239,499,3,3
239,500,3,3
239,501,3,3
239,502,3,3
239,503,3,3
239,504,3,3
239,505,3,3
239,506,3,3
239,507,3,3
239,508,3,3
239,509,3,3
239,510,3,3
239,511,3,3
239,512,3,3
239,513,3,3
239,514,3,3
239,515,3,3
239,516,3,3
239,517,3,3
239,518,3,3
239,519,3,3
239,520,3,3
239,521,3,3
239,522,3,3
239,523,3,3
239,524,3,3
239,525,3,3
239,526,3,3
239,527,3,3
239,528,3,3
239,529,3,3
239,530,3,3
239,531,3,3
239,532,3,3
239,533,3,3
239,534,3,3
239,535,3,3
239,536,3,3
239,537,3,3
239,538,3,3
239,539,3,3
239,540,3,3
239,541,3,3
239,542,3,3
239,543,3,3
239,544,3,3
239,545,3,2
239,546,3,2
239,547,3,2
239,548,3,2
239,549,3,2
239,550,3,3
239,551,3,3
239,552,3,3
239,553,3,3
239,554,3,3
239,555,3,3
239,556,3,3
239,557,3,3
239,558,3,3
239,559,3,2
239,560,3,3
239,561,3,3
239,562,3,3
239,563,3,3
239,564,3,3
239,565,3,3
239,566,3,3
239,567,3,3
239,568,3,3
239,569,3,3
239,570,3,3
239,571,3,3
239,572,3,3
239,573,3,3
239,574,3,3
239,575,3,3
239,576,3,3
239,577,3,3
239,578,3,3
239,579,3,3
239,580,3,3
239,581,3,3
239,582,3,3
239,583,3,3
239,584,3,3
239,585,3,3
239,586,3,3
239,587,3,3
239,588,3,3
239,589,3,3
239,590,3,3
239,591,3,3
239,592,3,3
239,593,3,3
239,594,3,3
239,595,3,3
239,596,3,3
239,597,3,3
239,598,3,3
239,599,3,3
239,600,3,3
239,601,3,3
239,602,3,3
239,603,3,3
239,604,3,3
239,605,3,3
239,606,3,3
239,607,3,3
239,608,3,3
239,609,3,3
239,610,3,3
239,611,3,3
239,612,3,3
239,613,3,3
239,614,3,3
239,615,3,3
239,616,3,3
239,617,3,3
239,618,3,3
239,619,3,3
239,620,3,3
239,621,3,3
239,622,3,3
239,623,3,3
239,624,3,3
239,625,3,3
239,626,3,3
239,627,3,3
239,628,3,3
239,629,3,3
239,630,3,3
239,631,3,3
239,632,3,3
239,633,3,3
239,634,3,3
239,635,3,3
239,636,3,3
239,637,3,3
239,638,3,3
239,639,3,2
239,640,3,2
239,641,3,2
239,642,3,2
239,643,3,2
239,644,3,2
239,645,3,2
239,646,3,2
239,647,3,2
239,648,3,2
239,649,3,2
239,650,3,2
239,651,3,2
239,652,3,2
239,653,3,2
239,654,3,2
239,655,3,2
239,656,3,2
239,657,3,2
239,658,3,2
239,659,3,2
239,660,3,2
239,661,3,2
239,662,3,2
239,663,3,2
239,664,3,2
239,665,3,2
239,666,3,2
239,667,3,2
239,668,3,2
239,669,3,2
239,670,3,2
239,671,3,2
239,672,3,2
239,673,3,2
239,674,3,2
239,675,3,2
239,676,3,2
239,677,3,2
239,678,3,2
239,679,3,2
239,680,3,2
239,681,3,2
239,682,3,2
239,683,3,2
239,684,3,2
239,685,3,2
239,686,3,2
239,687,3,2
239,688,3,2
239,689,3,2
239,690,3,2
239,691,3,2
239,692,3,2
239,693,3,2
239,694,3,2
239,695,3,2
239,696,3,2
239,697,3,2
239,698,3,2
239,699,3,2
239,700,3,2
239,701,3,2
239,702,3,2
239,703,3,2
239,704,3,2
239,705,3,2
239,706,3,2
239,707,3,2
239,708,3,2
239,709,3,2
239,710,3,2
239,711,3,2
239,712,3,2
239,713,3,2
239,714,3,2
239,715,3,2
239,716,3,2
239,717,3,2
239,718,3,2
239,719,3,2
239,720,3,2
239,721,3,2
239,722,3,2
239,723,3,2
239,724,3,2
239,725,3,2
239,726,3,2
239,727,3,2
239,728,3,2
239,729,3,2
239,730,3,2
239,731,3,2
239,732,3,2
239,733,3,2
239,734,3,2
239,735,3,2
239,736,3,2
239,737,3,2
239,738,3,2
239,739,3,2
239,740,3,2
239,741,3,2
239,742,3,2
239,743,3,2
239,744,3,2
239,745,3,2
239,746,3,2
239,747,3,2
239,748,3,2
239,749,3,2
239,750,3,2
239,751,3,2
239,752,3,2
239,753,3,2
239,754,3,2
239,755,3,2
239,756,3,2
239,757,3,2
239,758,3,2
239,759,3,2
239,760,3,2
239,761,3,2
240,117,3,2
240,118,3,2
240,119,3,2
240,120,3,2
240,121,3,2
240,122,3,2
240,123,3,2
240,124,3,2
240,125,3,2
240,126,3,2
240,127,3,2
240,128,3,2
240,129,3,2
240,130,3,2
240,131,3,2
240,132,3,2
240,133,3,2
240,134,3,2
240,135,3,2
240,136,3,2
240,137,3,2
240,138,3,2
240,139,3,2
240,140,3,2
240,141,3,2
240,142,3,2
240,143,3,2
240,144,3,2
240,145,3,2
240,146,3,2
240,147,3,2
240,148,3,2
240,149,3,2
240,150,3,2
240,151,3,2
240,152,3,2
240,153,3,2
240,154,3,2
240,155,3,2
240,156,3,2
240,157,3,2
240,158,3,2
240,159,3,2
240,160,3,2
240,161,3,2
240,162,3,2
240,163,3,2
240,164,3,2
240,165,3,2
240,166,3,2
240,167,3,2
240,168,3,2
240,169,3,2
240,170,3,2
240,171,3,2
240,172,3,2
240,173,3,2
240,174,3,2
240,175,3,2
240,176,3,2
240,177,3,2
240,178,3,2
240,179,3,2
240,180,3,2
240,181,3,2
240,182,3,2
240,183,3,2
240,184,3,2
240,185,3,2
240,186,3,2
240,187,3,2
240,188,3,2
240,189,3,2
240,190,3,2
240,191,3,2
240,192,3,2
240,193,3,2
240,194,3,2
240,195,3,2
240,196,3,2
240,197,3,2
240,198,3,2
240,199,3,2
240,200,3,2
240,201,3,2
240,202,3,2
240,203,3,2
240,204,3,2
240,205,3,2
240,206,3,2
240,207,3,2
240,208,3,2
240,209,3,2
240,210,3,2
240,211,3,2
240,212,3,2
240,213,3,2
240,214,3,2
240,215,3,2
240,216,3,2
240,217,3,2
240,218,3,2
240,219,3,2
240,220,3,2
240,221,3,2
240,222,3,2
240,223,3,2
240,224,3,2
240,225,3,2
240,226,3,2
240,227,3,2
240,228,3,2
240,229,3,2
240,230,3,2
240,231,3,2
240,232,3,2
240,233,3,2
240,234,3,2
240,235,3,2
240,236,3,2
240,237,3,2
240,238,3,2
240,239,3,2
240,240,3,2
240,241,3,2
240,242,3,2
240,243,3,2
240,244,3,2
240,245,3,2
240,246,3,2
240,247,3,2
240,248,3,2
240,249,3,2
240,250,3,2
240,251,3,2
240,252,3,2
240,253,3,2
240,254,3,2
240,255,3,2
240,256,3,2
240,257,3,2
240,258,3,2
240,259,3,2
240,260,3,2
240,261,3,2
240,262,3,2
240,263,3,2
240,264,3,2
240,265,3,2
240,266,3,2
240,267,3,2
240,268,3,2
240,269,3,2
240,270,3,2
240,271,3,2
240,272,3,2
240,273,3,2
240,274,3,2
240,275,3,2
240,276,3,2
240,277,3,2
240,278,3,2
240,279,3,2
240,280,3,2
240,281,3,2
240,282,3,2
240,283,3,2
240,284,3,2
240,285,3,2
240,286,3,2
240,287,3,2
240,288,3,2
240,289,3,2
240,290,3,2
240,291,3,2
240,292,3,2
240,293,3,2
240,294,3,2
240,295,3,2
240,296,3,2
240,297,3,2
240,298,3,2
240,299,3,2
240,300,3,2
240,301,3,2
240,302,3,2
240,303,3,2
240,304,3,2
240,305,3,2
240,306,3,2
240,307,3,2
240,308,3,2
240,309,3,2
240,310,3,2
240,311,3,2
240,312,3,2
240,313,3,2
240,314,3,2
240,315,3,2
240,316,3,2
240,317,3,2
240,318,3,2
240,319,3,2
240,320,3,2
240,321,3,2
240,322,3,2
240,323,3,2
240,324,3,2
240,325,3,2
240,326,3,2
240,327,3,2
240,328,3,2
240,329,3,2
240,330,3,2
240,331,3,2
240,332,3,2
240,333,3,2
240,334,3,2
240,335,3,2
240,336,3,2
240,337,3,2
240,338,3,2
240,339,3,2
240,340,3,2
240,341,3,2
240,342,3,2
240,343,3,2
240,344,3,2
240,345,3,2
240,346,3,2
240,347,3,2
240,348,3,2
240,349,3,2
240,350,3,2
240,351,3,2
240,352,3,2
240,353,3,2
240,354,3,2
240,355,3,2
240,356,3,2
240,357,3,2
240,358,3,2
240,359,3,2
240,360,3,2
240,361,3,2
240,362,3,2
240,363,3,2
240,364,3,2
240,365,3,2
240,366,3,2
240,367,3,2
240,368,3,2
240,369,3,2
240,370,3,2
240,371,3,2
240,372,3,2
240,373,3,2
240,374,3,2
240,375,3,2
240,376,3,2
240,377,3,2
240,378,3,2
240,379,3,2
240,380,3,2
240,381,3,2
240,382,3,2
240,383,3,2
240,384,3,2
240,385,3,2
240,386,3,2
240,387,3,2
240,388,3,2
240,389,3,2
240,390,3,2
240,391,3,2
240,392,3,2
240,393,3,2
240,394,3,2
240,395,3,2
240,396,3,2
240,397,3,2
240,398,3,2
240,399,3,2
240,400,3,2
240,401,3,2
240,402,3,2
240,403,3,2
240,404,3,2
240,405,3,2
240,406,3,2
240,407,3,2
240,408,3,2
240,409,3,2
240,410,3,2
240,411,3,2
240,412,3,2
240,413,3,2
240,414,3,2
240,415,3,2
240,416,3,2
240,417,3,2
240,418,3,2
240,419,3,2
240,420,3,2
240,421,3,2
240,422,3,2
240,423,3,2
240,424,3,2
240,425,3,2
240,426,3,2
240,427,3,2
240,428,3,2
240,429,3,2
240,430,3,2
240,431,3,2
240,432,3,2
240,433,3,2
240,434,3,2
240,435,3,2
240,436,3,2
240,437,3,2
240,438,3,2
240,439,3,2
240,440,3,2
240,441,3,2
240,442,3,2
240,443,3,2
240,444,3,2
240,445,3,2
240,446,3,2
240,447,3,2
240,448,3,2
240,449,3,2
240,450,3,2
240,451,3,2
240,452,3,2
240,453,3,2
240,454,3,2
240,455,3,2
240,456,3,2
240,457,3,2
240,458,3,2
240,459,3,2
240,460,3,2
240,461,3,2
240,462,3,2
240,463,3,2
240,464,3,2
240,465,3,2
240,466,3,2
240,467,3,2
240,468,3,2
240,469,3,2
240,470,3,2
240,471,3,2
240,472,3,2
240,473,3,2
240,474,3,2
240,475,3,2
240,476,3,2
240,477,3,2
240,478,3,2
240,479,3,2
240,480,3,2
240,481,3,2
240,482,3,2
240,483,3,2
240,484,3,2
240,485,3,2
240,486,3,2
240,487,3,2
240,488,3,3
240,489,3,3
240,490,3,3
240,491,3,3
240,492,3,3
240,493,3,3
240,494,3,3
240,495,3,3
240,496,3,3
240,497,3,3
240,498,3,3
240,499,3,3
240,500,3,3
240,501,3,3
240,502,3,3
240,503,3,3
240,504,3,3
240,505,3,3
240,506,3,3
240,507,3,3
240,508,3,3
240,509,3,3
240,510,3,3
240,511,3,3
240,512,3,3
240,513,3,3
240,514,3,3
240,515,3,3
240,516,3,3
240,517,3,3
240,518,3,3
240,519,3,3
240,520,3,3
240,521,3,3
240,522,3,3
240,523,3,3
240,524,3,3
240,525,3,3
240,526,3,3
240,527,3,3
240,528,3,3
240,529,3,3
240,530,3,3
240,531,3,3
240,532,3,3
240,533,3,3
240,534,3,3
240,535,3,3
240,536,3,3
240,537,3,3
240,538,3,3
240,539,3,3
240,540,3,3
240,541,3,3
240,542,3,3
240,543,3,3
240,544,3,3
240,545,3,2
240,546,3,2
240,547,3,2
240,548,3,2
240,549,3,2
240,550,3,3
240,551,3,3
240,552,3,3
240,553,3,3
240,554,3,3
240,555,3,3
240,556,3,3
240,557,3,3
240,558,3,3
240,559,3,3
240,560,3,3
240,561,3,3
240,562,3,3
240,563,3,3
240,564,3,3
240,565,3,3
240,566,3,3
240,567,3,3
240,568,3,3
240,569,3,3
240,570,3,3
240,571,3,3
240,572,3,3
240,573,3,3
240,574,3,3
240,575,3,3
240,576,3,3
240,577,3,3
240,578,3,3
240,579,3,3
240,580,3,3
240,581,3,3
240,582,3,3
240,583,3,3
240,584,3,3
240,585,3,3
240,586,3,3
240,587,3,3
240,588,3,3
240,589,3,3
240,590,3,3
240,591,3,3
240,592,3,3
240,593,3,3
240,594,3,3
240,595,3,3
240,596,3,3
240,597,3,3
240,598,3,3
240,599,3,3
240,600,3,3
240,601,3,3
240,602,3,3
240,603,3,3
240,604,3,3
240,605,3,3
240,606,3,3
240,607,3,3
240,608,3,3
240,609,3,3
240,610,3,3
240,611,3,3
240,612,3,3
240,613,3,3
240,614,3,3
240,615,3,3
240,616,3,3
240,617,3,3
240,618,3,3
240,619,3,3
240,620,3,3
240,621,3,3
240,622,3,3
240,623,3,3
240,624,3,3
240,625,3,3
240,626,3,3
240,627,3,3
240,628,3,3
240,629,3,3
240,630,3,3
240,631,3,3
240,632,3,3
240,633,3,3
240,634,3,3
240,635,3,3
240,636,3,3
240,637,3,3
240,638,3,3
240,639,3,2
240,640,3,2
240,641,3,2
240,642,3,2
240,643,3,2
240,644,3,2
240,645,3,2
240,646,3,2
240,647,3,2
240,648,3,2
240,649,3,2
240,650,3,2
240,651,3,2
240,652,3,2
240,653,3,2
240,654,3,2
240,655,3,2
240,656,3,2
240,657,3,2
240,658,3,2
240,659,3,2
240,660,3,2
240,661,3,2
240,662,3,2
240,663,3,2
240,664,3,2
240,665,3,2
240,666,3,2
240,667,3,2
240,668,3,2
240,669,3,2
240,670,3,2
240,671,3,2
240,672,3,2
240,673,3,2
240,674,3,2
240,675,3,2
240,676,3,2
240,677,3,2
240,678,3,2
240,679,3,2
240,680,3,2
240,681,3,2
240,682,3,2
240,683,3,2
240,684,3,2
240,685,3,2
240,686,3,2
240,687,3,2
240,688,3,2
240,689,3,2
240,690,3,2
240,691,3,2
240,692,3,2
240,693,3,2
240,694,3,2
240,695,3,2
240,696,3,2
240,697,3,2
240,698,3,2
240,699,3,2
240,700,3,2
240,701,3,2
240,702,3,2
240,703,3,2
240,704,3,2
240,705,3,2
240,706,3,2
240,707,3,2
240,708,3,2
240,709,3,2
240,710,3,2
240,711,3,2
240,712,3,2
240,713,3,2
240,714,3,2
240,715,3,2
240,716,3,2
240,717,3,2
240,718,3,2
240,719,3,2
240,720,3,2
240,721,3,2
240,722,3,2
240,723,3,2
240,724,3,2
240,725,3,2
240,726,3,2
240,727,3,2
240,728,3,2
240,729,3,2
240,730,3,2
240,731,3,2
240,732,3,2
240,733,3,2
240,734,3,2
240,735,3,2
240,736,3,2
240,737,3,2
240,738,3,2
240,739,3,2
240,740,3,2
240,741,3,2
240,742,3,2
240,743,3,2
240,744,3,2
240,745,3,2
240,746,3,2
240,747,3,2
240,748,3,2
240,749,3,2
240,750,3,2
240,751,3,2
240,752,3,2
240,753,3,2
240,754,3,2
240,755,3,2
240,756,3,2
240,757,3,2
240,758,3,2
240,759,3,2
240,760,3,2
241,117,3,2
241,118,3,2
241,119,3,2
241,120,3,2
241,121,3,2
241,122,3,2
241,123,3,2
241,124,3,2
241,125,3,2
241,126,3,2
241,127,3,2
241,128,3,2
241,129,3,2
241,130,3,2
241,131,3,2
241,132,3,2
241,133,3,2
241,134,3,2
241,135,3,2
241,136,3,2
241,137,3,2
241,138,3,2
241,139,3,2
241,140,3,2
241,141,3,2
241,142,3,2
241,143,3,2
241,144,3,2
241,145,3,2
241,146,3,2
241,147,3,2
241,148,3,2
241,149,3,2
241,150,3,2
241,151,3,2
241,152,3,2
241,153,3,2
241,154,3,2
241,155,3,2
241,156,3,2
241,157,3,2
241,158,3,2
241,159,3,2
241,160,3,2
241,161,3,2
241,162,3,2
241,163,3,2
241,164,3,2
241,165,3,2
241,166,3,2
241,167,3,2
241,168,3,2
241,169,3,2
241,170,3,2
241,171,3,2
241,172,3,2
241,173,3,2
241,174,3,2
241,175,3,2
241,176,3,2
241,177,3,2
241,178,3,2
241,179,3,2
241,180,3,2
241,181,3,2
241,182,3,2
241,183,3,2
241,184,3,2
241,185,3,2
241,186,3,2
241,187,3,2
241,188,3,2
241,189,3,2
241,190,3,2
241,191,3,2
241,192,3,2
241,193,3,2
241,194,3,2
241,195,3,2
241,196,3,2
241,197,3,2
241,198,3,2
241,199,3,2
241,200,3,2
241,201,3,2
241,202,3,2
241,203,3,2
241,204,3,2
241,205,3,2
241,206,3,2
241,207,3,2
241,208,3,2
241,209,3,2
241,210,3,2
241,211,3,2
241,212,3,2
241,213,3,2
241,214,3,2
241,215,3,2
241,216,3,2
241,217,3,2
241,218,3,2
241,219,3,2
241,220,3,2
241,221,3,2
241,222,3,2
241,223,3,2
241,224,3,2
241,225,3,2
241,226,3,2
241,227,3,2
241,228,3,2
241,229,3,2
241,230,3,2
241,231,3,2
241,232,3,2
241,233,3,2
241,234,3,2
241,235,3,2
241,236,3,2
241,237,3,2
241,238,3,2
241,239,3,2
241,240,3,2
241,241,3,2
241,242,3,2
241,243,3,2
241,244,3,2
241,245,3,2
241,246,3,2
241,247,3,2
241,248,3,2
241,249,3,2
241,250,3,2
241,251,3,2
241,252,3,2
241,253,3,2
241,254,3,2
241,255,3,2
241,256,3,2
241,257,3,2
241,258,3,2
241,259,3,2
241,260,3,2
241,261,3,2
241,262,3,2
241,263,3,2
241,264,3,2
241,265,3,2
241,266,3,2
241,267,3,2
241,268,3,2
241,269,3,2
241,270,3,2
241,271,3,2
241,272,3,2
241,273,3,2
241,274,3,2
241,275,3,2
241,276,3,2
241,277,3,2
241,278,3,2
241,279,3,2
241,280,3,2
241,281,3,2
241,282,3,2
241,283,3,2
241,284,3,2
241,285,3,2
241,286,3,2
241,287,3,2
241,288,3,2
241,289,3,2
241,290,3,2
241,291,3,2
241,292,3,2
241,293,3,2
241,294,3,2
241,295,3,2
241,296,3,2
241,297,3,2
241,298,3,2
241,299,3,2
241,300,3,2
241,301,3,2
241,302,3,2
241,303,3,2
241,304,3,2
241,305,3,2
241,306,3,2
241,307,3,2
241,308,3,2
241,309,3,2
241,310,3,2
241,311,3,2
241,312,3,2
241,313,3,2
241,314,3,2
241,315,3,2
241,316,3,2
241,317,3,2
241,318,3,2
241,319,3,2
241,320,3,2
241,321,3,2
241,322,3,2
241,323,3,2
241,324,3,2
241,325,3,2
241,326,3,2
241,327,3,2
241,328,3,2
241,329,3,2
241,330,3,2
241,331,3,2
241,332,3,2
241,333,3,2
241,334,3,2
241,335,3,2
241,336,3,2
241,337,3,2
241,338,3,2
241,339,3,2
241,340,3,2
241,341,3,2
241,342,3,2
241,343,3,2
241,344,3,2
241,345,3,2
241,346,3,2
241,347,3,2
241,348,3,2
241,349,3,2
241,350,3,2
241,351,3,2
241,352,3,2
241,353,3,2
241,354,3,2
241,355,3,2
241,356,3,2
241,357,3,2
241,358,3,2
241,359,3,2
241,360,3,2
241,361,3,2
241,362,3,2
241,363,3,2
241,364,3,2
241,365,3,2
241,366,3,2
241,367,3,2
241,368,3,2
241,369,3,2
241,370,3,2
241,371,3,2
241,372,3,2
241,373,3,2
241,374,3,2
241,375,3,2
241,376,3,2
241,377,3,2
241,378,3,2
241,379,3,2
241,380,3,2
241,381,3,2
241,382,3,2
241,383,3,2
241,384,3,2
241,385,3,2
241,386,3,2
241,387,3,2
241,388,3,2
241,389,3,2
241,390,3,2
241,391,3,2
241,392,3,2
241,393,3,2
241,394,3,2
241,395,3,2
241,396,3,2
241,397,3,2
241,398,3,2
241,399,3,2
241,400,3,2
241,401,3,2
241,402,3,2
241,403,3,2
241,404,3,2
241,405,3,2
241,406,3,2
241,407,3,2
241,408,3,2
241,409,3,2
241,410,3,2
241,411,3,2
241,412,3,2
241,413,3,2
241,414,3,2
241,415,3,2
241,416,3,2
241,417,3,2
241,418,3,2
241,419,3,2
241,420,3,2
241,421,3,2
241,422,3,2
241,423,3,2
241,424,3,2
241,425,3,2
241,426,3,2
241,427,3,2
241,428,3,2
241,429,3,2
241,430,3,2
241,431,3,2
241,432,3,2
241,433,3,2
241,434,3,2
241,435,3,2
241,436,3,2
241,437,3,2
241,438,3,2
241,439,3,2
241,440,3,2
241,441,3,2
241,442,3,2
241,443,3,2
241,444,3,2
241,445,3,2
241,446,3,2
241,447,3,2
241,448,3,2
241,449,3,2
241,450,3,2
241,451,3,2
241,452,3,2
241,453,3,2
241,454,3,2
241,455,3,2
241,456,3,2
241,457,3,2
241,458,3,2
241,459,3,2
241,460,3,2
241,461,3,2
241,462,3,2
241,463,3,2
241,464,3,2
241,465,3,2
241,466,3,2
241,467,3,2
241,468,3,2
241,469,3,2
241,470,3,2
241,471,3,2
241,472,3,2
241,473,3,2
241,474,3,2
241,475,3,2
241,476,3,2
241,477,3,2
241,478,3,2
241,479,3,2
241,480,3,2
241,481,3,2
241,482,3,2
241,483,3,2
241,484,3,2
241,485,3,2
241,486,3,2
241,487,3,2
241,488,3,2
241,489,3,3
241,490,3,3
241,491,3,3
241,492,3,3
241,493,3,3
241,494,3,3
241,495,3,3
241,496,3,3
241,497,3,3
241,498,3,3
241,499,3,3
241,500,3,3
241,501,3,3
241,502,3,3
241,503,3,3
241,504,3,3
241,505,3,3
241,506,3,3
241,507,3,3
241,508,3,3
241,509,3,3
241,510,3,3
241,511,3,3
241,512,3,3
241,513,3,3
241,514,3,3
241,515,3,3
241,516,3,3
241,517,3,3
241,518,3,3
241,519,3,3
241,520,3,3
241,521,3,3
241,522,3,3
241,523,3,3
241,524,3,3
241,525,3,3
241,526,3,3
241,527,3,3
241,528,3,3
241,529,3,3
241,530,3,3
241,531,3,3
241,532,3,3
241,533,3,3
241,534,3,3
241,535,3,3
241,536,3,3
241,537,3,2
241,538,3,2
241,539,3,3
241,540,3,3
241,541,3,3
241,542,3,3
241,543,3,3
241,544,3,3
241,545,3,2
241,546,3,2
241,547,3,2
241,548,3,2
241,549,3,3
241,550,3,3
241,551,3,3
241,552,3,3
241,553,3,3
241,554,3,3
241,555,3,3
241,556,3,3
241,557,3,3
241,558,3,3
241,559,3,3
241,560,3,3
241,561,3,3
241,562,3,3
241,563,3,3
241,564,3,3
241,565,3,3
241,566,3,3
241,567,3,3
241,568,3,3
241,569,3,3
241,570,3,3
241,571,3,3
241,572,3,3
241,573,3,3
241,574,3,3
241,575,3,3
241,576,3,3
241,577,3,3
241,578,3,3
241,579,3,3
241,580,3,3
241,581,3,3
241,582,3,3
241,583,3,3
241,584,3,3
241,585,3,3
241,586,3,3
241,587,3,3
241,588,3,3
241,589,3,3
241,590,3,3
241,591,3,3
241,592,3,3
241,593,3,3
241,594,3,3
241,595,3,3
241,596,3,3
241,597,3,3
241,598,3,3
241,599,3,3
241,600,3,3
241,601,3,3
241,602,3,3
241,603,3,3
241,604,3,3
241,605,3,3
241,606,3,3
241,607,3,3
241,608,3,3
241,609,3,3
241,610,3,3
241,611,3,3
241,612,3,3
241,613,3,3
241,614,3,3
241,615,3,3
241,616,3,3
241,617,3,3
241,618,3,3
241,619,3,3
241,620,3,3
241,621,3,3
241,622,3,3
241,623,3,3
241,624,3,3
241,625,3,3
241,626,3,3
241,627,3,3
241,628,3,3
241,629,3,3
241,630,3,3
241,631,3,3
241,632,3,3
241,633,3,3
241,634,3,3
241,635,3,3
241,636,3,3
241,637,3,3
241,638,3,3
241,639,3,3
241,640,3,3
241,641,3,2
241,642,3,2
241,643,3,2
241,644,3,2
241,645,3,2
241,646,3,2
241,647,3,2
241,648,3,2
241,649,3,2
241,650,3,2
241,651,3,2
241,652,3,2
241,653,3,2
241,654,3,2
241,655,3,2
241,656,3,2
241,657,3,2
241,658,3,2
241,659,3,2
241,660,3,2
241,661,3,2
241,662,3,2
241,663,3,2
241,664,3,2
241,665,3,2
241,666,3,2
241,667,3,2
241,668,3,2
241,669,3,2
241,670,3,2
241,671,3,2
241,672,3,2
241,673,3,2
241,674,3,2
241,675,3,2
241,676,3,2
241,677,3,2
241,678,3,2
241,679,3,2
241,680,3,2
241,681,3,2
241,682,3,2
241,683,3,2
241,684,3,2
241,685,3,2
241,686,3,2
241,687,3,2
241,688,3,2
241,689,3,2
241,690,3,2
241,691,3,2
241,692,3,2
241,693,3,2
241,694,3,2
241,695,3,2
241,696,3,2
241,697,3,2
241,698,3,2
241,699,3,2
241,700,3,2
241,701,3,2
241,702,3,2
241,703,3,2
241,704,3,2
241,705,3,2
241,706,3,2
241,707,3,2
241,708,3,2
241,709,3,2
241,710,3,2
241,711,3,2
241,712,3,2
241,713,3,2
241,714,3,2
241,715,3,2
241,716,3,2
241,717,3,2
241,718,3,2
241,719,3,2
241,720,3,2
241,721,3,2
241,722,3,2
241,723,3,2
241,724,3,2
241,725,3,2
241,726,3,2
241,727,3,2
241,728,3,2
241,729,3,2
241,730,3,2
241,731,3,2
241,732,3,2
241,733,3,2
241,734,3,2
241,735,3,2
241,736,3,2
241,737,3,2
241,738,3,2
241,739,3,2
241,740,3,2
241,741,3,2
241,742,3,2
241,743,3,2
241,744,3,2
241,745,3,2
241,746,3,2
241,747,3,2
241,748,3,2
241,749,3,2
241,754,3,2
241,758,3,2
242,111,3,2
242,112,3,2
242,117,3,2
242,118,3,2
242,119,3,2
242,120,3,2
242,121,3,2
242,122,3,2
242,123,3,2
242,124,3,2
242,125,3,2
242,126,3,2
242,127,3,2
242,128,3,2
242,129,3,2
242,130,3,2
242,131,3,2
242,132,3,2
242,133,3,2
242,134,3,2
242,135,3,2
242,136,3,2
242,137,3,2
242,138,3,2
242,139,3,2
242,140,3,2
242,141,3,2
242,142,3,2
242,143,3,2
242,144,3,2
242,145,3,2
242,146,3,2
242,147,3,2
242,148,3,2
242,149,3,2
242,150,3,2
242,151,3,2
242,152,3,2
242,153,3,2
242,154,3,2
242,155,3,2
242,156,3,2
242,157,3,2
242,158,3,2
242,159,3,2
242,160,3,2
242,161,3,2
242,162,3,2
242,163,3,2
242,164,3,2
242,165,3,2
242,166,3,2
242,167,3,2
242,168,3,2
242,169,3,2
242,170,3,2
242,171,3,2
242,172,3,2
242,173,3,2
242,174,3,2
242,175,3,2
242,176,3,2
242,177,3,2
242,178,3,2
242,179,3,2
242,180,3,2
242,181,3,2
242,182,3,2
242,183,3,2
242,184,3,2
242,185,3,2
242,186,3,2
242,187,3,2
242,188,3,2
242,189,3,2
242,190,3,2
242,191,3,2
242,192,3,2
242,193,3,2
242,194,3,2
242,195,3,2
242,196,3,2
242,197,3,2
242,198,3,2
242,199,3,2
242,200,3,2
242,201,3,2
242,202,3,2
242,203,3,2
242,204,3,2
242,205,3,2
242,206,3,2
242,207,3,2
242,208,3,2
242,209,3,2
242,210,3,2
242,211,3,2
242,212,3,2
242,213,3,2
242,214,3,2
242,215,3,2
242,216,3,2
242,217,3,2
242,218,3,2
242,219,3,2
242,220,3,2
242,221,3,2
242,222,3,2
242,223,3,2
242,224,3,2
242,225,3,2
242,226,3,2
242,227,3,2
242,228,3,2
242,229,3,2
242,230,3,2
242,231,3,2
242,232,3,2
242,233,3,2
242,234,3,2
242,235,3,2
242,236,3,2
242,237,3,2
242,238,3,2
242,239,3,2
242,240,3,2
242,241,3,2
242,242,3,2
242,243,3,2
242,244,3,2
242,245,3,2
242,246,3,2
242,247,3,2
242,248,3,2
242,249,3,2
242,250,3,2
242,251,3,2
242,252,3,2
242,253,3,2
242,254,3,2
242,255,3,2
242,256,3,2
242,257,3,2
242,258,3,2
242,259,3,2
242,260,3,2
242,261,3,2
242,262,3,2
242,263,3,2
242,264,3,2
242,265,3,2
242,266,3,2
242,267,3,2
242,268,3,2
242,269,3,2
242,270,3,2
242,271,3,2
242,272,3,2
242,273,3,2
242,274,3,2
242,275,3,2
242,276,3,2
242,277,3,2
242,278,3,2
242,279,3,2
242,280,3,2
242,281,3,2
242,282,3,2
242,283,3,2
242,284,3,2
242,285,3,2
242,286,3,2
242,287,3,2
242,288,3,2
242,289,3,2
242,290,3,2
242,291,3,2
242,292,3,2
242,293,3,2
242,294,3,2
242,295,3,2
242,296,3,2
242,297,3,2
242,298,3,2
242,299,3,2
242,300,3,2
242,301,3,2
242,302,3,2
242,303,3,2
242,304,3,2
242,305,3,2
242,306,3,2
242,307,3,2
242,308,3,2
242,309,3,2
242,310,3,2
242,311,3,2
242,312,3,2
242,313,3,2
242,314,3,2
242,315,3,2
242,316,3,2
242,317,3,2
242,318,3,2
242,319,3,2
242,320,3,2
242,321,3,2
242,322,3,2
242,323,3,2
242,324,3,2
242,325,3,2
242,326,3,2
242,327,3,2
242,328,3,2
242,329,3,2
242,330,3,2
242,331,3,2
242,332,3,2
242,333,3,2
242,334,3,2
242,335,3,2
242,336,3,2
242,337,3,2
242,338,3,2
242,339,3,2
242,340,3,2
242,341,3,2
242,342,3,2
242,343,3,2
242,344,3,2
242,345,3,2
242,346,3,2
242,347,3,2
242,348,3,2
242,349,3,2
242,350,3,2
242,351,3,2
242,352,3,2
242,353,3,2
242,354,3,2
242,355,3,2
242,356,3,2
242,357,3,2
242,358,3,2
242,359,3,2
242,360,3,2
242,361,3,2
242,362,3,2
242,363,3,2
242,364,3,2
242,365,3,2
242,366,3,2
242,367,3,2
242,368,3,2
242,369,3,2
242,370,3,2
242,371,3,2
242,372,3,2
242,373,3,2
242,374,3,2
242,375,3,2
242,376,3,2
242,377,3,2
242,378,3,2
242,379,3,2
242,380,3,2
242,381,3,2
242,382,3,2
242,383,3,2
242,384,3,2
242,385,3,2
242,386,3,2
242,387,3,2
242,388,3,2
242,389,3,2
242,390,3,2
242,391,3,2
242,392,3,2
242,393,3,2
242,394,3,2
242,395,3,2
242,396,3,2
242,397,3,2
242,398,3,2
242,399,3,2
242,400,3,2
242,401,3,2
242,402,3,2
242,403,3,2
242,404,3,2
242,405,3,2
242,406,3,2
242,407,3,2
242,408,3,2
242,409,3,2
242,410,3,2
242,411,3,2
242,412,3,2
242,413,3,2
242,414,3,2
242,415,3,2
242,416,3,2
242,417,3,2
242,418,3,2
242,419,3,2
242,420,3,2
242,421,3,2
242,422,3,2
242,423,3,2
242,424,3,2
242,425,3,2
242,426,3,2
242,427,3,2
242,428,3,2
242,429,3,2
242,430,3,2
242,431,3,2
242,432,3,2
242,433,3,2
242,434,3,2
242,435,3,2
242,436,3,2
242,437,3,2
242,438,3,2
242,439,3,2
242,440,3,2
242,441,3,2
242,442,3,2
242,443,3,2
242,444,3,2
242,445,3,2
242,446,3,2
242,447,3,2
242,448,3,2
242,449,3,2
242,450,3,2
242,451,3,2
242,452,3,2
242,453,3,2
242,454,3,2
242,455,3,2
242,456,3,2
242,457,3,2
242,458,3,2
242,459,3,2
242,460,3,2
242,461,3,2
242,462,3,2
242,463,3,2
242,464,3,2
242,465,3,2
242,466,3,2
242,467,3,2
242,468,3,2
242,469,3,2
242,470,3,2
242,471,3,2
242,472,3,2
242,473,3,2
242,474,3,2
242,475,3,2
242,476,3,2
242,477,3,2
242,478,3,2
242,479,3,2
242,480,3,2
242,481,3,2
242,482,3,2
242,483,3,2
242,484,3,2
242,485,3,2
242,486,3,2
242,487,3,2
242,488,3,2
242,489,3,2
242,490,3,3
242,491,3,3
242,492,3,3
242,493,3,3
242,494,3,3
242,495,3,3
242,496,3,3
242,497,3,3
242,498,3,3
242,499,3,3
242,500,3,3
242,501,3,3
242,502,3,3
242,503,3,3
242,504,3,3
242,505,3,3
242,506,3,3
242,507,3,3
242,508,3,3
242,509,3,3
242,510,3,3
242,511,3,3
242,512,3,3
242,513,3,3
242,514,3,3
242,515,3,3
242,516,3,3
242,517,3,3
242,518,3,3
242,519,3,3
242,520,3,3
242,521,3,3
242,522,3,3
242,523,3,3
242,524,3,3
242,525,3,3
242,526,3,3
242,527,3,3
242,528,3,3
242,529,3,3
242,530,3,2
242,531,3,2
242,532,3,2
242,533,3,2
242,534,3,2
242,535,3,2
242,536,3,2
242,537,3,2
242,538,3,2
242,539,3,3
242,540,3,3
242,541,3,3
242,542,3,2
242,543,3,3
242,544,3,3
242,545,3,2
242,546,3,2
242,547,3,2
242,548,3,3
242,549,3,3
242,550,3,3
242,551,3,3
242,552,3,3
242,553,3,3
242,554,3,3
242,555,3,3
242,556,3,3
242,557,3,3
242,558,3,3
242,559,3,3
242,560,3,3
242,561,3,3
242,562,3,3
242,563,3,3
242,564,3,3
242,565,3,3
242,566,3,3
242,567,3,3
242,568,3,3
242,569,3,3
242,570,3,3
242,571,3,3
242,572,3,3
242,573,3,3
242,574,3,3
242,575,3,3
242,576,3,3
242,577,3,3
242,578,3,3
242,579,3,3
242,580,3,3
242,581,3,3
242,582,3,3
242,583,3,3
242,584,3,3
242,585,3,3
242,586,3,3
242,587,3,3
242,588,3,3
242,589,3,3
242,590,3,3
242,591,3,3
242,592,3,3
242,593,3,3
242,594,3,3
242,595,3,3
242,596,3,3
242,597,3,3
242,598,3,3
242,599,3,3
242,600,3,3
242,601,3,3
242,602,3,3
242,603,3,3
242,604,3,3
242,605,3,3
242,606,3,3
242,607,3,3
242,608,3,3
242,609,3,3
242,610,3,3
242,611,3,3
242,612,3,3
242,613,3,3
242,614,3,3
242,615,3,3
242,616,3,3
242,617,3,3
242,618,3,3
242,619,3,3
242,620,3,3
242,621,3,3
242,622,3,3
242,623,3,3
242,624,3,3
242,625,3,3
242,626,3,3
242,627,3,3
242,628,3,3
242,629,3,3
242,630,3,3
242,631,3,3
242,632,3,3
242,633,3,3
242,634,3,3
242,635,3,3
242,636,3,3
242,637,3,3
242,638,3,3
242,639,3,3
242,640,3,3
242,641,3,3
242,642,3,2
242,643,3,2
242,644,3,2
242,645,3,2
242,646,3,2
242,647,3,2
242,648,3,2
242,649,3,2
242,650,3,2
242,651,3,2
242,652,3,2
242,653,3,2
242,654,3,2
242,655,3,2
242,656,3,2
242,657,3,2
242,658,3,2
242,659,3,2
242,660,3,2
242,661,3,2
242,662,3,2
242,663,3,2
242,664,3,2
242,665,3,2
242,666,3,2
242,667,3,2
242,668,3,2
242,669,3,2
242,670,3,2
242,671,3,2
242,672,3,2
242,673,3,2
242,674,3,2
242,675,3,2
242,676,3,2
242,677,3,2
242,678,3,2
242,679,3,2
242,680,3,2
242,681,3,2
242,682,3,2
242,683,3,2
242,684,3,2
242,685,3,2
242,686,3,2
242,687,3,2
242,688,3,2
242,689,3,2
242,690,3,2
242,691,3,2
242,692,3,2
242,693,3,2
242,694,3,2
242,695,3,2
242,696,3,2
242,697,3,2
242,698,3,2
242,699,3,2
242,700,3,2
242,701,3,2
242,702,3,2
242,703,3,2
242,704,3,2
242,705,3,2
242,706,3,2
242,707,3,2
242,708,3,2
242,709,3,2
242,710,3,2
242,711,3,2
242,712,3,2
242,713,3,2
242,714,3,2
242,715,3,2
242,716,3,2
242,717,3,2
242,718,3,2
242,719,3,2
242,720,3,2
242,721,3,2
242,722,3,2
242,723,3,2
242,724,3,2
242,725,3,2
242,726,3,2
242,727,3,2
242,728,3,2
242,729,3,2
242,730,3,2
242,731,3,2
242,732,3,2
242,733,3,2
242,734,3,2
242,735,3,2
242,736,3,2
242,737,3,2
242,738,3,2
242,739,3,2
242,740,3,2
242,741,3,2
242,742,3,2
242,743,3,2
242,744,3,2
242,745,3,2
242,746,3,2
242,747,3,2
242,748,3,2
242,749,3,2
243,116,3,2
243,117,3,2
243,118,3,2
243,119,3,2
243,120,3,2
243,121,3,2
243,122,3,2
243,123,3,2
243,124,3,2
243,125,3,2
243,126,3,2
243,127,3,2
243,128,3,2
243,129,3,2
243,130,3,2
243,131,3,2
243,132,3,2
243,133,3,2
243,134,3,2
243,135,3,2
243,136,3,2
243,137,3,2
243,138,3,2
243,139,3,2
243,140,3,2
243,141,3,2
243,142,3,2
243,143,3,2
243,144,3,2
243,145,3,2
243,146,3,2
243,147,3,2
243,148,3,2
243,149,3,2
243,150,3,2
243,151,3,2
243,152,3,2
243,153,3,2
243,154,3,2
243,155,3,2
243,156,3,2
243,157,3,2
243,158,3,2
243,159,3,2
243,160,3,2
243,161,3,2
243,162,3,2
243,163,3,2
243,164,3,2
243,165,3,2
243,166,3,2
243,167,3,2
243,168,3,2
243,169,3,2
243,170,3,2
243,171,3,2
243,172,3,2
243,173,3,2
243,174,3,2
243,175,3,2
243,176,3,2
243,177,3,2
243,178,3,2
243,179,3,2
243,180,3,2
243,181,3,2
243,182,3,2
243,183,3,2
243,184,3,2
243,185,3,2
243,186,3,2
243,187,3,2
243,188,3,2
243,189,3,2
243,190,3,2
243,191,3,2
243,192,3,2
243,193,3,2
243,194,3,2
243,195,3,2
243,196,3,2
243,197,3,2
243,198,3,2
243,199,3,2
243,200,3,2
243,201,3,2
243,202,3,2
243,203,3,2
243,204,3,2
243,205,3,2
243,206,3,2
243,207,3,2
243,208,3,2
243,209,3,2
243,210,3,2
243,211,3,2
243,212,3,2
243,213,3,2
243,214,3,2
243,215,3,2
243,216,3,2
243,217,3,2
243,218,3,2
243,219,3,2
243,220,3,2
243,221,3,2
243,222,3,2
243,223,3,2
243,224,3,2
243,225,3,2
243,226,3,2
243,227,3,2
243,228,3,2
243,229,3,2
243,230,3,2
243,231,3,2
243,232,3,2
243,233,3,2
243,234,3,2
243,235,3,2
243,236,3,2
243,237,3,2
243,238,3,2
243,239,3,2
243,240,3,2
243,241,3,2
243,242,3,2
243,243,3,2
243,244,3,2
243,245,3,2
243,246,3,2
243,247,3,2
243,248,3,2
243,249,3,2
243,250,3,2
243,251,3,2
243,252,3,2
243,253,3,2
243,254,3,2
243,255,3,2
243,256,3,2
243,257,3,2
243,258,3,2
243,259,3,2
243,260,3,2
243,261,3,2
243,262,3,2
243,263,3,2
243,264,3,2
243,265,3,2
243,266,3,2
243,267,3,2
243,268,3,2
243,269,3,2
243,270,3,2
243,271,3,2
243,272,3,2
243,273,3,2
243,274,3,2
243,275,3,2
243,276,3,2
243,277,3,2
243,278,3,2
243,279,3,2
243,280,3,2
243,281,3,2
243,282,3,2
243,283,3,2
243,284,3,2
243,285,3,2
243,286,3,2
243,287,3,2
243,288,3,2
243,289,3,2
243,290,3,2
243,291,3,2
243,292,3,2
243,293,3,2
243,294,3,2
243,295,3,2
243,296,3,2
243,297,3,2
243,298,3,2
243,299,3,2
243,300,3,2
243,301,3,2
243,302,3,2
243,303,3,2
243,304,3,2
243,305,3,2
243,306,3,2
243,307,3,2
243,308,3,2
243,309,3,2
243,310,3,2
243,311,3,2
243,312,3,2
243,313,3,2
243,314,3,2
243,315,3,2
243,316,3,2
243,317,3,2
243,318,3,2
243,319,3,2
243,320,3,2
243,321,3,2
243,322,3,2
243,323,3,2
243,324,3,2
243,325,3,2
243,326,3,2
243,327,3,2
243,328,3,2
243,329,3,2
243,330,3,2
243,331,3,2
243,332,3,2
243,333,3,2
243,334,3,2
243,335,3,2
243,336,3,2
243,337,3,2
243,338,3,2
243,339,3,2
243,340,3,2
243,341,3,2
243,342,3,2
243,343,3,2
243,344,3,2
243,345,3,2
243,346,3,2
243,347,3,2
243,348,3,2
243,349,3,2
243,350,3,2
243,351,3,2
243,352,3,2
243,353,3,2
243,354,3,2
243,355,3,2
243,356,3,2
243,357,3,2
243,358,3,2
243,359,3,2
243,360,3,2
243,361,3,2
243,362,3,2
243,363,3,2
243,364,3,2
243,365,3,2
243,366,3,2
243,367,3,2
243,368,3,2
243,369,3,2
243,370,3,2
243,371,3,2
243,372,3,2
243,373,3,2
243,374,3,2
243,375,3,2
243,376,3,2
243,377,3,2
243,378,3,2
243,379,3,2
243,380,3,2
243,381,3,2
243,382,3,2
243,383,3,2
243,384,3,2
243,385,3,2
243,386,3,2
243,387,3,2
243,388,3,2
243,389,3,2
243,390,3,2
243,391,3,2
243,392,3,2
243,393,3,2
243,394,3,2
243,395,3,2
243,396,3,2
243,397,3,2
243,398,3,2
243,399,3,2
243,400,3,2
243,401,3,2
243,402,3,2
243,403,3,2
243,404,3,2
243,405,3,2
243,406,3,2
243,407,3,2
243,408,3,2
243,409,3,2
243,410,3,2
243,411,3,2
243,412,3,2
243,413,3,2
243,414,3,2
243,415,3,2
243,416,3,2
243,417,3,2
243,418,3,2
243,419,3,2
243,420,3,2
243,421,3,2
243,422,3,2
243,423,3,2
243,424,3,2
243,425,3,2
243,426,3,2
243,427,3,2
243,428,3,2
243,429,3,2
243,430,3,2
243,431,3,2
243,432,3,2
243,433,3,2
243,434,3,2
243,435,3,2
243,436,3,2
243,437,3,2
243,438,3,2
243,439,3,2
243,440,3,2
243,441,3,2
243,442,3,2
243,443,3,2
243,444,3,2
243,445,3,2
243,446,3,2
243,447,3,2
243,448,3,2
243,449,3,2
243,450,3,2
243,451,3,2
243,452,3,2
243,453,3,2
243,454,3,2
243,455,3,2
243,456,3,2
243,457,3,2
243,458,3,2
243,459,3,2
243,460,3,2
243,461,3,2
243,462,3,2
243,463,3,2
243,464,3,2
243,465,3,2
243,466,3,2
243,467,3,2
243,468,3,2
243,469,3,2
243,470,3,2
243,471,3,2
243,472,3,2
243,473,3,2
243,474,3,2
243,475,3,2
243,476,3,2
243,477,3,2
243,478,3,2
243,479,3,2
243,480,3,2
243,481,3,2
243,482,3,2
243,483,3,2
243,484,3,2
243,485,3,2
243,486,3,2
243,487,3,2
243,488,3,2
243,489,3,2
243,490,3,3
243,491,3,3
243,492,3,3
243,493,3,3
243,494,3,3
243,495,3,3
243,496,3,3
243,497,3,3
243,498,3,3
243,499,3,3
243,500,3,3
243,501,3,3
243,502,3,3
243,503,3,3
243,504,3,3
243,505,3,3
243,506,3,3
243,507,3,3
243,508,3,3
243,509,3,3
243,510,3,3
243,511,3,3
243,512,3,3
243,513,3,3
243,514,3,3
243,515,3,3
243,516,3,3
243,517,3,3
243,518,3,3
243,519,3,3
243,520,3,3
243,521,3,3
243,522,3,3
243,523,3,3
243,524,3,3
243,525,3,3
243,526,3,3
243,527,3,3
243,528,3,3
243,529,3,3
243,530,3,2
243,531,3,2
243,532,3,2
243,533,3,2
243,534,3,2
243,535,3,2
243,536,3,2
243,537,3,2
243,538,3,2
243,539,3,2
243,540,3,2
243,541,3,2
243,542,3,2
243,543,3,3
243,544,3,3
243,545,3,2
243,546,3,2
243,547,3,3
243,548,3,3
243,549,3,3
243,550,3,3
243,551,3,3
243,552,3,3
243,553,3,3
243,554,3,3
243,555,3,3
243,556,3,3
243,557,3,3
243,558,3,3
243,559,3,3
243,560,3,3
243,561,3,3
243,562,3,3
243,563,3,3
243,564,3,3
243,565,3,3
243,566,3,3
243,567,3,3
243,568,3,3
243,569,3,3
243,570,3,3
243,571,3,3
243,572,3,3
243,573,3,3
243,574,3,3
243,575,3,3
243,576,3,3
243,577,3,3
243,578,3,3
243,579,3,3
243,580,3,3
243,581,3,3
243,582,3,3
243,583,3,3
243,584,3,3
243,585,3,3
243,586,3,3
243,587,3,3
243,588,3,3
243,589,3,3
243,590,3,3
243,591,3,3
243,592,3,3
243,593,3,3
243,594,3,3
243,595,3,3
243,596,3,3
243,597,3,3
243,598,3,3
243,599,3,3
243,600,3,3
243,601,3,3
243,602,3,3
243,603,3,3
243,604,3,3
243,605,3,3
243,606,3,3
243,607,3,3
243,608,3,3
243,609,3,3
243,610,3,3
243,611,3,3
243,612,3,3
243,613,3,3
243,614,3,3
243,615,3,3
243,616,3,3
243,617,3,3
243,618,3,3
243,619,3,3
243,620,3,3
243,621,3,3
243,622,3,3
243,623,3,3
243,624,3,3
243,625,3,3
243,626,3,3
243,627,3,3
243,628,3,3
243,629,3,3
243,630,3,3
243,631,3,3
243,632,3,3
243,633,3,3
243,634,3,3
243,635,3,3
243,636,3,3
243,637,3,3
243,638,3,3
243,639,3,3
243,640,3,3
243,641,3,3
243,642,3,2
243,643,3,2
243,644,3,2
243,645,3,2
243,646,3,2
243,647,3,2
243,648,3,2
243,649,3,2
243,650,3,2
243,651,3,2
243,652,3,2
243,653,3,2
243,654,3,2
243,655,3,2
243,656,3,2
243,657,3,2
243,658,3,2
243,659,3,2
243,660,3,2
243,661,3,2
243,662,3,2
243,663,3,2
243,664,3,2
243,665,3,2
243,666,3,2
243,667,3,2
243,668,3,2
243,669,3,2
243,670,3,2
243,671,3,2
243,672,3,2
243,673,3,2
243,674,3,2
243,675,3,2
243,676,3,2
243,677,3,2
243,678,3,2
243,679,3,2
243,680,3,2
243,681,3,2
243,682,3,2
243,683,3,2
243,684,3,2
243,685,3,2
243,686,3,2
243,687,3,2
243,688,3,2
243,689,3,2
243,690,3,2
243,691,3,2
243,692,3,2
243,693,3,2
243,694,3,2
243,695,3,2
243,696,3,2
243,697,3,2
243,698,3,2
243,699,3,2
243,700,3,2
243,701,3,2
243,702,3,2
243,703,3,2
243,704,3,2
243,705,3,2
243,706,3,2
243,707,3,2
243,708,3,2
243,709,3,2
243,710,3,2
243,711,3,2
243,712,3,2
243,713,3,2
243,714,3,2
243,715,3,2
243,716,3,2
243,717,3,2
243,718,3,2
243,719,3,2
243,720,3,2
243,721,3,2
243,722,3,2
243,723,3,2
243,724,3,2
243,725,3,2
243,726,3,2
243,727,3,2
243,728,3,2
243,729,3,2
243,730,3,2
243,731,3,2
243,732,3,2
243,733,3,2
243,734,3,2
243,735,3,2
243,736,3,2
243,737,3,2
243,738,3,2
243,739,3,2
243,740,3,2
243,741,3,2
243,742,3,2
243,743,3,2
243,744,3,2
243,745,3,2
243,746,3,2
243,747,3,2
243,748,3,2
243,749,3,2
244,116,3,2
244,117,3,2
244,118,3,2
244,119,3,2
244,120,3,2
244,121,3,2
244,122,3,2
244,123,3,2
244,124,3,2
244,125,3,2
244,126,3,2
244,127,3,2
244,128,3,2
244,129,3,2
244,130,3,2
244,131,3,2
244,132,3,2
244,133,3,2
244,134,3,2
244,135,3,2
244,136,3,2
244,137,3,2
244,138,3,2
244,139,3,2
244,140,3,2
244,141,3,2
244,142,3,2
244,143,3,2
244,144,3,2
244,145,3,2
244,146,3,2
244,147,3,2
244,148,3,2
244,149,3,2
244,150,3,2
244,151,3,2
244,152,3,2
244,153,3,2
244,154,3,2
244,155,3,2
244,156,3,2
244,157,3,2
244,158,3,2
244,159,3,2
244,160,3,2
244,161,3,2
244,162,3,2
244,163,3,2
244,164,3,2
244,165,3,2
244,166,3,2
244,167,3,2
244,168,3,2
244,169,3,2
244,170,3,2
244,171,3,2
244,172,3,2
244,173,3,2
244,174,3,2
244,175,3,2
244,176,3,2
244,177,3,2
244,178,3,2
244,179,3,2
244,180,3,2
244,181,3,2
244,182,3,2
244,183,3,2
244,184,3,2
244,185,3,2
244,186,3,2
244,187,3,2
244,188,3,2
244,189,3,2
244,190,3,2
244,191,3,2
244,192,3,2
244,193,3,2
244,194,3,2
244,195,3,2
244,196,3,2
244,197,3,2
244,198,3,2
244,199,3,2
244,200,3,2
244,201,3,2
244,202,3,2
244,203,3,2
244,204,3,2
244,205,3,2
244,206,3,2
244,207,3,2
244,208,3,2
244,209,3,2
244,210,3,2
244,211,3,2
244,212,3,2
244,213,3,2
244,214,3,2
244,215,3,2
244,216,3,2
244,217,3,2
244,218,3,2
244,219,3,2
244,220,3,2
244,221,3,2
244,222,3,2
244,223,3,2
244,224,3,2
244,225,3,2
244,226,3,2
244,227,3,2
244,228,3,2
244,229,3,2
244,230,3,2
244,231,3,2
244,232,3,2
244,233,3,2
244,234,3,2
244,235,3,2
244,236,3,2
244,237,3,2
244,238,3,2
244,239,3,2
244,240,3,2
244,241,3,2
244,242,3,2
244,243,3,2
244,244,3,2
244,245,3,2
244,246,3,2
244,247,3,2
244,248,3,2
244,249,3,2
244,250,3,2
244,251,3,2
244,252,3,2
244,253,3,2
244,254,3,2
244,255,3,2
244,256,3,2
244,257,3,2
244,258,3,2
244,259,3,2
244,260,3,2
244,261,3,2
244,262,3,2
244,263,3,2
244,264,3,2
244,265,3,2
244,266,3,2
244,267,3,2
244,268,3,2
244,269,3,2
244,270,3,2
244,271,3,2
244,272,3,2
244,273,3,2
244,274,3,2
244,275,3,2
244,276,3,2
244,277,3,2
244,278,3,2
244,279,3,2
244,280,3,2
244,281,3,2
244,282,3,2
244,283,3,2
244,284,3,2
244,285,3,2
244,286,3,2
244,287,3,2
244,288,3,2
244,289,3,2
244,290,3,2
244,291,3,2
244,292,3,2
244,293,3,2
244,294,3,2
244,295,3,2
244,296,3,2
244,297,3,2
244,298,3,2
244,299,3,2
244,300,3,2
244,301,3,2
244,302,3,2
244,303,3,2
244,304,3,2
244,305,3,2
244,306,3,2
244,307,3,2
244,308,3,2
244,309,3,2
244,310,3,2
244,311,3,2
244,312,3,2
244,313,3,2
244,314,3,2
244,315,3,2
244,316,3,2
244,317,3,2
244,318,3,2
244,319,3,2
244,320,3,2
244,321,3,2
244,322,3,2
244,323,3,2
244,324,3,2
244,325,3,2
244,326,3,2
244,327,3,2
244,328,3,2
244,329,3,2
244,330,3,2
244,331,3,2
244,332,3,2
244,333,3,2
244,334,3,2
244,335,3,2
244,336,3,2
244,337,3,2
244,338,3,2
244,339,3,2
244,340,3,2
244,341,3,2
244,342,3,2
244,343,3,2
244,344,3,2
244,345,3,2
244,346,3,2
244,347,3,2
244,348,3,2
244,349,3,2
244,350,3,2
244,351,3,2
244,352,3,2
244,353,3,2
244,354,3,2
244,355,3,2
244,356,3,2
244,357,3,2
244,358,3,2
244,359,3,2
244,360,3,2
244,361,3,2
244,362,3,2
244,363,3,2
244,364,3,2
244,365,3,2
244,366,3,2
244,367,3,2
244,368,3,2
244,369,3,2
244,370,3,2
244,371,3,2
244,372,3,2
244,373,3,2
244,374,3,2
244,375,3,2
244,376,3,2
244,377,3,2
244,378,3,2
244,379,3,2
244,380,3,2
244,381,3,2
244,382,3,2
244,383,3,2
244,384,3,2
244,385,3,2
244,386,3,2
244,387,3,2
244,388,3,2
244,389,3,2
244,390,3,2
244,391,3,2
244,392,3,2
244,393,3,2
244,394,3,2
244,395,3,2
244,396,3,2
244,397,3,2
244,398,3,2
244,399,3,2
244,400,3,2
244,401,3,2
244,402,3,2
244,403,3,2
244,404,3,2
244,405,3,2
244,406,3,2
244,407,3,2
244,408,3,2
244,409,3,2
244,410,3,2
244,411,3,2
244,412,3,2
244,413,3,2
244,414,3,2
244,415,3,2
244,416,3,2
244,417,3,2
244,418,3,2
244,419,3,2
244,420,3,2
244,421,3,2
244,422,3,2
244,423,3,2
244,424,3,2
244,425,3,2
244,426,3,2
244,427,3,2
244,428,3,2
244,429,3,2
244,430,3,2
244,431,3,2
244,432,3,2
244,433,3,2
244,434,3,2
244,435,3,2
244,436,3,2
244,437,3,2
244,438,3,2
244,439,3,2
244,440,3,2
244,441,3,2
244,442,3,2
244,443,3,2
244,444,3,2
244,445,3,2
244,446,3,2
244,447,3,2
244,448,3,2
244,449,3,2
244,450,3,2
244,451,3,2
244,452,3,2
244,453,3,2
244,454,3,2
244,455,3,2
244,456,3,2
244,457,3,2
244,458,3,2
244,459,3,2
244,460,3,2
244,461,3,2
244,462,3,2
244,463,3,2
244,464,3,2
244,465,3,2
244,466,3,2
244,467,3,2
244,468,3,2
244,469,3,2
244,470,3,2
244,471,3,2
244,472,3,2
244,473,3,2
244,474,3,2
244,475,3,2
244,476,3,2
244,477,3,2
244,478,3,2
244,479,3,2
244,480,3,2
244,481,3,2
244,482,3,2
244,483,3,2
244,484,3,2
244,485,3,2
244,486,3,2
244,487,3,2
244,488,3,2
244,489,3,2
244,490,3,2
244,491,3,3
244,492,3,3
244,493,3,3
244,494,3,3
244,495,3,3
244,496,3,3
244,497,3,3
244,498,3,3
244,499,3,3
244,500,3,3
244,501,3,3
244,502,3,3
244,503,3,3
244,504,3,3
244,505,3,3
244,506,3,3
244,507,3,3
244,508,3,3
244,509,3,3
244,510,3,3
244,511,3,3
244,512,3,3
244,513,3,3
244,514,3,3
244,515,3,3
244,516,3,3
244,517,3,3
244,518,3,3
244,519,3,3
244,520,3,3
244,521,3,3
244,522,3,3
244,523,3,3
244,524,3,3
244,525,3,3
244,526,3,3
244,527,3,3
244,528,3,3
244,529,3,3
244,530,3,2
244,531,3,2
244,532,3,2
244,533,3,2
244,534,3,2
244,535,3,2
244,536,3,2
244,537,3,2
244,538,3,2
244,539,3,2
244,540,3,2
244,541,3,2
244,542,3,2
244,543,3,3
244,544,3,2
244,545,3,2
244,546,3,3
244,547,3,3
244,548,3,3
244,549,3,3
244,550,3,3
244,551,3,3
244,552,3,3
244,553,3,3
244,554,3,3
244,555,3,3
244,556,3,3
244,557,3,3
244,558,3,3
244,559,3,3
244,560,3,3
244,561,3,3
244,562,3,3
244,563,3,3
244,564,3,3
244,565,3,3
244,566,3,3
244,567,3,3
244,568,3,3
244,569,3,3
244,570,3,3
244,571,3,3
244,572,3,3
244,573,3,3
244,574,3,3
244,575,3,3
244,576,3,3
244,577,3,3
244,578,3,3
244,579,3,3
244,580,3,3
244,581,3,3
244,582,3,3
244,583,3,3
244,584,3,3
244,585,3,3
244,586,3,3
244,587,3,3
244,588,3,3
244,589,3,3
244,590,3,3
244,591,3,3
244,592,3,3
244,593,3,3
244,594,3,3
244,595,3,3
244,596,3,3
244,597,3,3
244,598,3,3
244,599,3,3
244,600,3,3
244,601,3,3
244,602,3,3
244,603,3,3
244,604,3,3
244,605,3,3
244,606,3,3
244,607,3,3
244,608,3,3
244,609,3,3
244,610,3,3
244,611,3,3
244,612,3,3
244,613,3,3
244,614,3,3
244,615,3,3
244,616,3,3
244,617,3,3
244,618,3,3
244,619,3,3
244,620,3,3
244,621,3,3
244,622,3,3
244,623,3,3
244,624,3,3
244,625,3,3
244,626,3,3
244,627,3,3
244,628,3,3
244,629,3,3
244,630,3,3
244,631,3,3
244,632,3,3
244,633,3,3
244,634,3,3
244,635,3,3
244,636,3,3
244,637,3,3
244,638,3,3
244,639,3,3
244,640,3,3
244,641,3,3
244,642,3,3
244,643,3,2
244,644,3,2
244,645,3,2
244,646,3,2
244,647,3,2
244,648,3,2
244,649,3,2
244,650,3,2
244,651,3,2
244,652,3,2
244,653,3,2
244,654,3,2
244,655,3,2
244,656,3,2
244,657,3,2
244,658,3,2
244,659,3,2
244,660,3,2
244,661,3,2
244,662,3,2
244,663,3,2
244,664,3,2
244,665,3,2
244,666,3,2
244,667,3,2
244,668,3,2
244,669,3,2
244,670,3,2
244,671,3,2
244,672,3,2
244,673,3,2
244,674,3,2
244,675,3,2
244,676,3,2
244,677,3,2
244,678,3,2
244,679,3,2
244,680,3,2
244,681,3,2
244,682,3,2
244,683,3,2
244,684,3,2
244,685,3,2
244,686,3,2
244,687,3,2
244,688,3,2
244,689,3,2
244,690,3,2
244,691,3,2
244,692,3,2
244,693,3,2
244,694,3,2
244,695,3,2
244,696,3,2
244,697,3,2
244,698,3,2
244,699,3,2
244,700,3,2
244,701,3,2
244,702,3,2
244,703,3,2
244,704,3,2
244,705,3,2
244,706,3,2
244,707,3,2
244,708,3,2
244,709,3,2
244,710,3,2
244,711,3,2
244,712,3,2
244,713,3,2
244,714,3,2
244,715,3,2
244,716,3,2
244,717,3,2
244,718,3,2
244,719,3,2
244,720,3,2
244,721,3,2
244,722,3,2
244,723,3,2
244,724,3,2
244,725,3,2
244,726,3,2
244,727,3,2
244,728,3,2
244,729,3,2
244,730,3,2
244,731,3,2
244,732,3,2
244,733,3,2
244,734,3,2
244,735,3,2
244,736,3,2
244,737,3,2
244,738,3,2
244,739,3,2
244,740,3,2
244,741,3,2
244,742,3,2
244,743,3,2
244,744,3,2
244,745,3,2
244,746,3,2
244,747,3,2
244,748,3,2
244,749,3,2
245,115,3,2
245,116,3,2
245,117,3,2
245,118,3,2
245,119,3,2
245,120,3,2
245,121,3,2
245,122,3,2
245,123,3,2
245,124,3,2
245,125,3,2
245,126,3,2
245,127,3,2
245,128,3,2
245,129,3,2
245,130,3,2
245,131,3,2
245,132,3,2
245,133,3,2
245,134,3,2
245,135,3,2
245,136,3,2
245,137,3,2
245,138,3,2
245,139,3,2
245,140,3,2
245,141,3,2
245,142,3,2
245,143,3,2
245,144,3,2
245,145,3,2
245,146,3,2
245,147,3,2
245,148,3,2
245,149,3,2
245,150,3,2
245,151,3,2
245,152,3,2
245,153,3,2
245,154,3,2
245,155,3,2
245,156,3,2
245,157,3,2
245,158,3,2
245,159,3,2
245,160,3,2
245,161,3,2
245,162,3,2
245,163,3,2
245,164,3,2
245,165,3,2
245,166,3,2
245,167,3,2
245,168,3,2
245,169,3,2
245,170,3,2
245,171,3,2
245,172,3,2
245,173,3,2
245,174,3,2
245,175,3,2
245,176,3,2
245,177,3,2
245,178,3,2
245,179,3,2
245,180,3,2
245,181,3,2
245,182,3,2
245,183,3,2
245,184,3,2
245,185,3,2
245,186,3,2
245,187,3,2
245,188,3,2
245,189,3,2
245,190,3,2
245,191,3,2
245,192,3,2
245,193,3,2
245,194,3,2
245,195,3,2
245,196,3,2
245,197,3,2
245,198,3,2
245,199,3,2
245,200,3,2
245,201,3,2
245,202,3,2
245,203,3,2
245,204,3,2
245,205,3,2
245,206,3,2
245,207,3,2
245,208,3,2
245,209,3,2
245,210,3,2
245,211,3,2
245,212,3,2
245,213,3,2
245,214,3,2
245,215,3,2
245,216,3,2
245,217,3,2
245,218,3,2
245,219,3,2
245,220,3,2
245,221,3,2
245,222,3,2
245,223,3,2
245,224,3,2
245,225,3,2
245,226,3,2
245,227,3,2
245,228,3,2
245,229,3,2
245,230,3,2
245,231,3,2
245,232,3,2
245,233,3,2
245,234,3,2
245,235,3,2
245,236,3,2
245,237,3,2
245,238,3,2
245,239,3,2
245,240,3,2
245,241,3,2
245,242,3,2
245,243,3,2
245,244,3,2
245,245,3,2
245,246,3,2
245,247,3,2
245,248,3,2
245,249,3,2
245,250,3,2
245,251,3,2
245,252,3,2
245,253,3,2
245,254,3,2
245,255,3,2
245,256,3,2
245,257,3,2
245,258,3,2
245,259,3,2
245,260,3,2
245,261,3,2
245,262,3,2
245,263,3,2
245,264,3,2
245,265,3,2
245,266,3,2
245,267,3,2
245,268,3,2
245,269,3,2
245,270,3,2
245,271,3,2
245,272,3,2
245,273,3,2
245,274,3,2
245,275,3,2
245,276,3,2
245,277,3,2
245,278,3,2
245,279,3,2
245,280,3,2
245,281,3,2
245,282,3,2
245,283,3,2
245,284,3,2
245,285,3,2
245,286,3,2
245,287,3,2
245,288,3,2
245,289,3,2
245,290,3,2
245,291,3,2
245,292,3,2
245,293,3,2
245,294,3,2
245,295,3,2
245,296,3,2
245,297,3,2
245,298,3,2
245,299,3,2
245,300,3,2
245,301,3,2
245,302,3,2
245,303,3,2
245,304,3,2
245,305,3,2
245,306,3,2
245,307,3,2
245,308,3,2
245,309,3,2
245,310,3,2
245,311,3,2
245,312,3,2
245,313,3,2
245,314,3,2
245,315,3,2
245,316,3,2
245,317,3,2
245,318,3,2
245,319,3,2
245,320,3,2
245,321,3,2
245,322,3,2
245,323,3,2
245,324,3,2
245,325,3,2
245,326,3,2
245,327,3,2
245,328,3,2
245,329,3,2
245,330,3,2
245,331,3,2
245,332,3,2
245,333,3,2
245,334,3,2
245,335,3,2
245,336,3,2
245,337,3,2
245,338,3,2
245,339,3,2
245,340,3,2
245,341,3,2
245,342,3,2
245,343,3,2
245,344,3,2
245,345,3,2
245,346,3,2
245,347,3,2
245,348,3,2
245,349,3,2
245,350,3,2
245,351,3,2
245,352,3,2
245,353,3,2
245,354,3,2
245,355,3,2
245,356,3,2
245,357,3,2
245,358,3,2
245,359,3,2
245,360,3,2
245,361,3,2
245,362,3,2
245,363,3,2
245,364,3,2
245,365,3,2
245,366,3,2
245,367,3,2
245,368,3,2
245,369,3,2
245,370,3,2
245,371,3,2
245,372,3,2
245,373,3,2
245,374,3,2
245,375,3,2
245,376,3,2
245,377,3,2
245,378,3,2
245,379,3,2
245,380,3,2
245,381,3,2
245,382,3,2
245,383,3,2
245,384,3,2
245,385,3,2
245,386,3,2
245,387,3,2
245,388,3,2
245,389,3,2
245,390,3,2
245,391,3,2
245,392,3,2
245,393,3,2
245,394,3,2
245,395,3,2
245,396,3,2
245,397,3,2
245,398,3,2
245,399,3,2
245,400,3,2
245,401,3,2
245,402,3,2
245,403,3,2
245,404,3,2
245,405,3,2
245,406,3,2
245,407,3,2
245,408,3,2
245,409,3,2
245,410,3,2
245,411,3,2
245,412,3,2
245,413,3,2
245,414,3,2
245,415,3,2
245,416,3,2
245,417,3,2
245,418,3,2
245,419,3,2
245,420,3,2
245,421,3,2
245,422,3,2
245,423,3,2
245,424,3,2
245,425,3,2
245,426,3,2
245,427,3,2
245,428,3,2
245,429,3,2
245,430,3,2
245,431,3,2
245,432,3,2
245,433,3,2
245,434,3,2
245,435,3,2
245,436,3,2
245,437,3,2
245,438,3,2
245,439,3,2
245,440,3,2
245,441,3,2
245,442,3,2
245,443,3,2
245,444,3,2
245,445,3,2
245,446,3,2
245,447,3,2
245,448,3,2
245,449,3,2
245,450,3,2
245,451,3,2
245,452,3,2
245,453,3,2
245,454,3,2
245,455,3,2
245,456,3,2
245,457,3,2
245,458,3,2
245,459,3,2
245,460,3,2
245,461,3,2
245,462,3,2
245,463,3,2
245,464,3,2
245,465,3,2
245,466,3,2
245,467,3,2
245,468,3,2
245,469,3,2
245,470,3,2
245,471,3,2
245,472,3,2
245,473,3,2
245,474,3,2
245,475,3,2
245,476,3,2
245,477,3,2
245,478,3,2
245,479,3,2
245,480,3,2
245,481,3,2
245,482,3,2
245,483,3,2
245,484,3,2
245,485,3,2
245,486,3,2
245,487,3,2
245,488,3,2
245,489,3,2
245,490,3,2
245,491,3,3
245,492,3,3
245,493,3,3
245,494,3,3
245,495,3,3
245,496,3,3
245,497,3,3
245,498,3,3
245,499,3,3
245,500,3,3
245,501,3,3
245,502,3,3
245,503,3,3
245,504,3,3
245,505,3,3
245,506,3,3
245,507,3,3
245,508,3,3
245,509,3,3
245,510,3,3
245,511,3,3
245,512,3,3
245,513,3,3
245,514,3,3
245,515,3,3
245,516,3,3
245,517,3,3
245,518,3,3
245,519,3,3
245,520,3,3
245,521,3,3
245,522,3,3
245,523,3,3
245,524,3,3
245,525,3,3
245,526,3,3
245,527,3,3
245,528,3,3
245,529,3,2
245,530,3,2
245,531,3,2
245,532,3,2
245,533,3,2
245,534,3,2
245,535,3,2
245,536,3,2
245,537,3,2
245,538,3,2
245,539,3,2
245,540,3,2
245,541,3,2
245,542,3,2
245,543,3,3
245,544,3,3
245,545,3,3
245,546,3,3
245,547,3,3
245,548,3,3
245,549,3,3
245,550,3,3
245,551,3,3
245,552,3,3
245,553,3,3
245,554,3,3
245,555,3,3
245,556,3,3
245,557,3,3
245,558,3,3
245,559,3,3
245,560,3,3
245,561,3,3
245,562,3,3
245,563,3,3
245,564,3,3
245,565,3,3
245,566,3,3
245,567,3,3
245,568,3,3
245,569,3,3
245,570,3,3
245,571,3,3
245,572,3,3
245,573,3,3
245,574,3,3
245,575,3,3
245,576,3,3
245,577,3,3
245,578,3,3
245,579,3,3
245,580,3,3
245,581,3,3
245,582,3,3
245,583,3,3
245,584,3,3
245,585,3,3
245,586,3,3
245,587,3,3
245,588,3,3
245,589,3,3
245,590,3,3
245,591,3,3
245,592,3,3
245,593,3,3
245,594,3,3
245,595,3,3
245,596,3,3
245,597,3,3
245,598,3,3
245,599,3,3
245,600,3,3
245,601,3,3
245,602,3,3
245,603,3,3
245,604,3,3
245,605,3,3
245,606,3,3
245,607,3,3
245,608,3,3
245,609,3,3
245,610,3,3
245,611,3,3
245,612,3,3
245,613,3,3
245,614,3,3
245,615,3,3
245,616,3,3
245,617,3,3
245,618,3,3
245,619,3,3
245,620,3,3
245,621,3,3
245,622,3,3
245,623,3,3
245,624,3,3
245,625,3,3
245,626,3,3
245,627,3,3
245,628,3,3
245,629,3,3
245,630,3,3
245,631,3,3
245,632,3,3
245,633,3,3
245,634,3,3
245,635,3,3
245,636,3,3
245,637,3,3
245,638,3,3
245,639,3,3
245,640,3,3
245,641,3,3
245,642,3,3
245,643,3,2
245,644,3,2
245,645,3,2
245,646,3,2
245,647,3,2
245,648,3,2
245,649,3,2
245,650,3,2
245,651,3,2
245,652,3,2
245,653,3,2
245,654,3,2
245,655,3,2
245,656,3,2
245,657,3,2
245,658,3,2
245,659,3,2
245,660,3,2
245,661,3,2
245,662,3,2
245,663,3,2
245,664,3,2
245,665,3,2
245,666,3,2
245,667,3,2
245,668,3,2
245,669,3,2
245,670,3,2
245,671,3,2
245,672,3,2
245,673,3,2
245,674,3,2
245,675,3,2
245,676,3,2
245,677,3,2
245,678,3,2
245,679,3,2
245,680,3,2
245,681,3,2
245,682,3,2
245,683,3,2
245,684,3,2
245,685,3,2
245,686,3,2
245,687,3,2
245,688,3,2
245,689,3,2
245,690,3,2
245,691,3,2
245,692,3,2
245,693,3,2
245,694,3,2
245,695,3,2
245,696,3,2
245,697,3,2
245,698,3,2
245,699,3,2
245,700,3,2
245,701,3,2
245,702,3,2
245,703,3,2
245,704,3,2
245,705,3,2
245,706,3,2
245,707,3,2
245,708,3,2
245,709,3,2
245,710,3,2
245,711,3,2
245,712,3,2
245,713,3,2
245,714,3,2
245,715,3,2
245,716,3,2
245,717,3,2
245,718,3,2
245,719,3,2
245,720,3,2
245,721,3,2
245,722,3,2
245,723,3,2
245,724,3,2
245,725,3,2
245,726,3,2
245,727,3,2
245,728,3,2
245,729,3,2
245,730,3,2
245,731,3,2
245,732,3,2
245,733,3,2
245,734,3,2
245,735,3,2
245,736,3,2
245,737,3,2
245,738,3,2
245,739,3,2
245,740,3,2
245,741,3,2
245,742,3,2
245,743,3,2
245,744,3,2
245,745,3,2
245,746,3,2
245,747,3,2
245,748,3,2
246,113,3,2
246,114,3,2
246,115,3,2
246,116,3,2
246,117,3,2
246,118,3,2
246,119,3,2
246,120,3,2
246,121,3,2
246,122,3,2
246,123,3,2
246,124,3,2
246,125,3,2
246,126,3,2
246,127,3,2
246,128,3,2
246,129,3,2
246,130,3,2
246,131,3,2
246,132,3,2
246,133,3,2
246,134,3,2
246,135,3,2
246,136,3,2
246,137,3,2
246,138,3,2
246,139,3,2
246,140,3,2
246,141,3,2
246,142,3,2
246,143,3,2
246,144,3,2
246,145,3,2
246,146,3,2
246,147,3,2
246,148,3,2
246,149,3,2
246,150,3,2
246,151,3,2
246,152,3,2
246,153,3,2
246,154,3,2
246,155,3,2
246,156,3,2
246,157,3,2
246,158,3,2
246,159,3,2
246,160,3,2
246,161,3,2
246,162,3,2
246,163,3,2
246,164,3,2
246,165,3,2
246,166,3,2
246,167,3,2
246,168,3,2
246,169,3,2
246,170,3,2
246,171,3,2
246,172,3,2
246,173,3,2
246,174,3,2
246,175,3,2
246,176,3,2
246,177,3,2
246,178,3,2
246,179,3,2
246,180,3,2
246,181,3,2
246,182,3,2
246,183,3,2
246,184,3,2
246,185,3,2
246,186,3,2
246,187,3,2
246,188,3,2
246,189,3,2
246,190,3,2
246,191,3,2
246,192,3,2
246,193,3,2
246,194,3,2
246,195,3,2
246,196,3,2
246,197,3,2
246,198,3,2
246,199,3,2
246,200,3,2
246,201,3,2
246,202,3,2
246,203,3,2
246,204,3,2
246,205,3,2
246,206,3,2
246,207,3,2
246,208,3,2
246,209,3,2
246,210,3,2
246,211,3,2
246,212,3,2
246,213,3,2
246,214,3,2
246,215,3,2
246,216,3,2
246,217,3,2
246,218,3,2
246,219,3,2
246,220,3,2
246,221,3,2
246,222,3,2
246,223,3,2
246,224,3,2
246,225,3,2
246,226,3,2
246,227,3,2
246,228,3,2
246,229,3,2
246,230,3,2
246,231,3,2
246,232,3,2
246,233,3,2
246,234,3,2
246,235,3,2
246,236,3,2
246,237,3,2
246,238,3,2
246,239,3,2
246,240,3,2
246,241,3,2
246,242,3,2
246,243,3,2
246,244,3,2
246,245,3,2
246,246,3,2
246,247,3,2
246,248,3,2
246,249,3,2
246,250,3,2
246,251,3,2
246,252,3,2
246,253,3,2
246,254,3,2
246,255,3,2
246,256,3,2
246,257,3,2
246,258,3,2
246,259,3,2
246,260,3,2
246,261,3,2
246,262,3,2
246,263,3,2
246,264,3,2
246,265,3,2
246,266,3,2
246,267,3,2
246,268,3,2
246,269,3,2
246,270,3,2
246,271,3,2
246,272,3,2
246,273,3,2
246,274,3,2
246,275,3,2
246,276,3,2
246,277,3,2
246,278,3,2
246,279,3,2
246,280,3,2
246,281,3,2
246,282,3,2
246,283,3,2
246,284,3,2
246,285,3,2
246,286,3,2
246,287,3,2
246,288,3,2
246,289,3,2
246,290,3,2
246,291,3,2
246,292,3,2
246,293,3,2
246,294,3,2
246,295,3,2
246,296,3,2
246,297,3,2
246,298,3,2
246,299,3,2
246,300,3,2
246,301,3,2
246,302,3,2
246,303,3,2
246,304,3,2
246,305,3,2
246,306,3,2
246,307,3,2
246,308,3,2
246,309,3,2
246,310,3,2
246,311,3,2
246,312,3,2
246,313,3,2
246,314,3,2
246,315,3,2
246,316,3,2
246,317,3,2
246,318,3,2
246,319,3,2
246,320,3,2
246,321,3,2
246,322,3,2
246,323,3,2
246,324,3,2
246,325,3,2
246,326,3,2
246,327,3,2
246,328,3,2
246,329,3,2
246,330,3,2
246,331,3,2
246,332,3,2
246,333,3,2
246,334,3,2
246,335,3,2
246,336,3,2
246,337,3,2
246,338,3,2
246,339,3,2
246,340,3,2
246,341,3,2
246,342,3,2
246,343,3,2
246,344,3,2
246,345,3,2
246,346,3,2
246,347,3,2
246,348,3,2
246,349,3,2
246,350,3,2
246,351,3,2
246,352,3,2
246,353,3,2
246,354,3,2
246,355,3,2
246,356,3,2
246,357,3,2
246,358,3,2
246,359,3,2
246,360,3,2
246,361,3,2
246,362,3,2
246,363,3,2
246,364,3,2
246,365,3,2
246,366,3,2
246,367,3,2
246,368,3,2
246,369,3,2
246,370,3,2
246,371,3,2
246,372,3,2
246,373,3,2
246,374,3,2
246,375,3,2
246,376,3,2
246,377,3,2
246,378,3,2
246,379,3,2
246,380,3,2
246,381,3,2
246,382,3,2
246,383,3,2
246,384,3,2
246,385,3,2
246,386,3,2
246,387,3,2
246,388,3,2
246,389,3,2
246,390,3,2
246,391,3,2
246,392,3,2
246,393,3,2
246,394,3,2
246,395,3,2
246,396,3,2
246,397,3,2
246,398,3,2
246,399,3,2
246,400,3,2
246,401,3,2
246,402,3,2
246,403,3,2
246,404,3,2
246,405,3,2
246,406,3,2
246,407,3,2
246,408,3,2
246,409,3,2
246,410,3,2
246,411,3,2
246,412,3,2
246,413,3,2
246,414,3,2
246,415,3,2
246,416,3,2
246,417,3,2
246,418,3,2
246,419,3,2
246,420,3,2
246,421,3,2
246,422,3,2
246,423,3,2
246,424,3,2
246,425,3,2
246,426,3,2
246,427,3,2
246,428,3,2
246,429,3,2
246,430,3,2
246,431,3,2
246,432,3,2
246,433,3,2
246,434,3,2
246,435,3,2
246,436,3,2
246,437,3,2
246,438,3,2
246,439,3,2
246,440,3,2
246,441,3,2
246,442,3,2
246,443,3,2
246,444,3,2
246,445,3,2
246,446,3,2
246,447,3,2
246,448,3,2
246,449,3,2
246,450,3,2
246,451,3,2
246,452,3,2
246,453,3,2
246,454,3,2
246,455,3,2
246,456,3,2
246,457,3,2
246,458,3,2
246,459,3,2
246,460,3,2
246,461,3,2
246,462,3,2
246,463,3,2
246,464,3,2
246,465,3,2
246,466,3,2
246,467,3,2
246,468,3,2
246,469,3,2
246,470,3,2
246,471,3,2
246,472,3,2
246,473,3,2
246,474,3,2
246,475,3,2
246,476,3,2
246,477,3,2
246,478,3,2
246,479,3,2
246,480,3,2
246,481,3,2
246,482,3,2
246,483,3,2
246,484,3,2
246,485,3,2
246,486,3,2
246,487,3,2
246,488,3,2
246,489,3,2
246,490,3,2
246,491,3,2
246,492,3,3
246,493,3,3
246,494,3,3
246,495,3,3
246,496,3,3
246,497,3,3
246,498,3,3
246,499,3,3
246,500,3,3
246,501,3,3
246,502,3,3
246,503,3,3
246,504,3,3
246,505,3,3
246,506,3,3
246,507,3,3
246,508,3,3
246,509,3,3
246,510,3,3
246,511,3,3
246,512,3,3
246,513,3,3
246,514,3,3
246,515,3,3
246,516,3,3
246,517,3,3
246,518,3,3
246,519,3,3
246,520,3,3
246,521,3,3
246,522,3,3
246,523,3,3
246,524,3,3
246,525,3,3
246,526,3,3
246,527,3,3
246,528,3,3
246,529,3,2
246,530,3,2
246,531,3,2
246,532,3,2
246,533,3,2
246,534,3,2
246,535,3,2
246,536,3,2
246,537,3,2
246,538,3,2
246,539,3,2
246,540,3,2
246,541,3,2
246,542,3,3
246,543,3,3
246,544,3,3
246,545,3,3
246,546,3,3
246,547,3,3
246,548,3,3
246,549,3,3
246,550,3,3
246,551,3,3
246,552,3,3
246,553,3,3
246,554,3,3
246,555,3,3
246,556,3,3
246,557,3,3
246,558,3,3
246,559,3,3
246,560,3,3
246,561,3,3
246,562,3,3
246,563,3,3
246,564,3,3
246,565,3,3
246,566,3,3
246,567,3,3
246,568,3,3
246,569,3,3
246,570,3,3
246,571,3,3
246,572,3,3
246,573,3,3
246,574,3,3
246,575,3,3
246,576,3,3
246,577,3,3
246,578,3,3
246,579,3,3
246,580,3,3
246,581,3,3
246,582,3,3
246,583,3,3
246,584,3,3
246,585,3,3
246,586,3,3
246,587,3,3
246,588,3,3
246,589,3,3
246,590,3,3
246,591,3,3
246,592,3,3
246,593,3,3
246,594,3,3
246,595,3,3
246,596,3,3
246,597,3,3
246,598,3,3
246,599,3,3
246,600,3,3
246,601,3,3
246,602,3,3
246,603,3,3
246,604,3,3
246,605,3,3
246,606,3,3
246,607,3,3
246,608,3,3
246,609,3,3
246,610,3,3
246,611,3,3
246,612,3,3
246,613,3,3
246,614,3,3
246,615,3,3
246,616,3,3
246,617,3,3
246,618,3,3
246,619,3,3
246,620,3,3
246,621,3,3
246,622,3,3
246,623,3,3
246,624,3,3
246,625,3,3
246,626,3,3
246,627,3,3
246,628,3,3
246,629,3,3
246,630,3,3
246,631,3,3
246,632,3,3
246,633,3,3
246,634,3,3
246,635,3,3
246,636,3,3
246,637,3,3
246,638,3,3
246,639,3,3
246,640,3,3
246,641,3,3
246,642,3,3
246,643,3,2
246,644,3,2
246,645,3,2
246,646,3,2
246,647,3,2
246,648,3,2
246,649,3,2
246,650,3,2
246,651,3,2
246,652,3,2
246,653,3,2
246,654,3,2
246,655,3,2
246,656,3,2
246,657,3,2
246,658,3,2
246,659,3,2
246,660,3,2
246,661,3,2
246,662,3,2
246,663,3,2
246,664,3,2
246,665,3,2
246,666,3,2
246,667,3,2
246,668,3,2
246,669,3,2
246,670,3,2
246,671,3,2
246,672,3,2
246,673,3,2
246,674,3,2
246,675,3,2
246,676,3,2
246,677,3,2
246,678,3,2
246,679,3,2
246,680,3,2
246,681,3,2
246,682,3,2
246,683,3,2
246,684,3,2
246,685,3,2
246,686,3,2
246,687,3,2
246,688,3,2
246,689,3,2
246,690,3,2
246,691,3,2
246,692,3,2
246,693,3,2
246,694,3,2
246,695,3,2
246,696,3,2
246,697,3,2
246,698,3,2
246,699,3,2
246,700,3,2
246,701,3,2
246,702,3,2
246,703,3,2
246,704,3,2
246,705,3,2
246,706,3,2
246,707,3,2
246,708,3,2
246,709,3,2
246,710,3,2
246,711,3,2
246,712,3,2
246,713,3,2
246,714,3,2
246,715,3,2
246,716,3,2
246,717,3,2
246,718,3,2
246,719,3,2
246,720,3,2
246,721,3,2
246,722,3,2
246,723,3,2
246,724,3,2
246,725,3,2
246,726,3,2
246,727,3,2
246,728,3,2
246,729,3,2
246,730,3,2
246,731,3,2
246,732,3,2
246,733,3,2
246,734,3,2
246,735,3,2
246,736,3,2
246,737,3,2
246,738,3,2
246,739,3,2
246,740,3,2
246,741,3,2
246,742,3,2
246,743,3,2
246,744,3,2
246,745,3,2
246,746,3,2
246,747,3,2
246,748,3,2
247,113,3,2
247,114,3,2
247,115,3,2
247,116,3,2
247,117,3,2
247,118,3,2
247,119,3,2
247,120,3,2
247,121,3,2
247,122,3,2
247,123,3,2
247,124,3,2
247,125,3,2
247,126,3,2
247,127,3,2
247,128,3,2
247,129,3,2
247,130,3,2
247,131,3,2
247,132,3,2
247,133,3,2
247,134,3,2
247,135,3,2
247,136,3,2
247,137,3,2
247,138,3,2
247,139,3,2
247,140,3,2
247,141,3,2
247,142,3,2
247,143,3,2
247,144,3,2
247,145,3,2
247,146,3,2
247,147,3,2
247,148,3,2
247,149,3,2
247,150,3,2
247,151,3,2
247,152,3,2
247,153,3,2
247,154,3,2
247,155,3,2
247,156,3,2
247,157,3,2
247,158,3,2
247,159,3,2
247,160,3,2
247,161,3,2
247,162,3,2
247,163,3,2
247,164,3,2
247,165,3,2
247,166,3,2
247,167,3,2
247,168,3,2
247,169,3,2
247,170,3,2
247,171,3,2
247,172,3,2
247,173,3,2
247,174,3,2
247,175,3,2
247,176,3,2
247,177,3,2
247,178,3,2
247,179,3,2
247,180,3,2
247,181,3,2
247,182,3,2
247,183,3,2
247,184,3,2
247,185,3,2
247,186,3,2
247,187,3,2
247,188,3,2
247,189,3,2
247,190,3,2
247,191,3,2
247,192,3,2
247,193,3,2
247,194,3,2
247,195,3,2
247,196,3,2
247,197,3,2
247,198,3,2
247,199,3,2
247,200,3,2
247,201,3,2
247,202,3,2
247,203,3,2
247,204,3,2
247,205,3,2
247,206,3,2
247,207,3,2
247,208,3,2
247,209,3,2
247,210,3,2
247,211,3,2
247,212,3,2
247,213,3,2
247,214,3,2
247,215,3,2
247,216,3,2
247,217,3,2
247,218,3,2
247,219,3,2
247,220,3,2
247,221,3,2
247,222,3,2
247,223,3,2
247,224,3,2
247,225,3,2
247,226,3,2
247,227,3,2
247,228,3,2
247,229,3,2
247,230,3,2
247,231,3,2
247,232,3,2
247,233,3,2
247,234,3,2
247,235,3,2
247,236,3,2
247,237,3,2
247,238,3,2
247,239,3,2
247,240,3,2
247,241,3,2
247,242,3,2
247,243,3,2
247,244,3,2
247,245,3,2
247,246,3,2
247,247,3,2
247,248,3,2
247,249,3,2
247,250,3,2
247,251,3,2
247,252,3,2
247,253,3,2
247,254,3,2
247,255,3,2
247,256,3,2
247,257,3,2
247,258,3,2
247,259,3,2
247,260,3,2
247,261,3,2
247,262,3,2
247,263,3,2
247,264,3,2
247,265,3,2
247,266,3,2
247,267,3,2
247,268,3,2
247,269,3,2
247,270,3,2
247,271,3,2
247,272,3,2
247,273,3,2
247,274,3,2
247,275,3,2
247,276,3,2
247,277,3,2
247,278,3,2
247,279,3,2
247,280,3,2
247,281,3,2
247,282,3,2
247,283,3,2
247,284,3,2
247,285,3,2
247,286,3,2
247,287,3,2
247,288,3,2
247,289,3,2
247,290,3,2
247,291,3,2
247,292,3,2
247,293,3,2
247,294,3,2
247,295,3,2
247,296,3,2
247,297,3,2
247,298,3,2
247,299,3,2
247,300,3,2
247,301,3,2
247,302,3,2
247,303,3,2
247,304,3,2
247,305,3,2
247,306,3,2
247,307,3,2
247,308,3,2
247,309,3,2
247,310,3,2
247,311,3,2
247,312,3,2
247,313,3,2
247,314,3,2
247,315,3,2
247,316,3,2
247,317,3,2
247,318,3,2
247,319,3,2
247,320,3,2
247,321,3,2
247,322,3,2
247,323,3,2
247,324,3,2
247,325,3,2
247,326,3,2
247,327,3,2
247,328,3,2
247,329,3,2
247,330,3,2
247,331,3,2
247,332,3,2
247,333,3,2
247,334,3,2
247,335,3,2
247,336,3,2
247,337,3,2
247,338,3,2
247,339,3,2
247,340,3,2
247,341,3,2
247,342,3,2
247,343,3,2
247,344,3,2
247,345,3,2
247,346,3,2
247,347,3,2
247,348,3,2
247,349,3,2
247,350,3,2
247,351,3,2
247,352,3,2
247,353,3,2
247,354,3,2
247,355,3,2
247,356,3,2
247,357,3,2
247,358,3,2
247,359,3,2
247,360,3,2
247,361,3,2
247,362,3,2
247,363,3,2
247,364,3,2
247,365,3,2
247,366,3,2
247,367,3,2
247,368,3,2
247,369,3,2
247,370,3,2
247,371,3,2
247,372,3,2
247,373,3,2
247,374,3,2
247,375,3,2
247,376,3,2
247,377,3,2
247,378,3,2
247,379,3,2
247,380,3,2
247,381,3,2
247,382,3,2
247,383,3,2
247,384,3,2
247,385,3,2
247,386,3,2
247,387,3,2
247,388,3,2
247,389,3,2
247,390,3,2
247,391,3,2
247,392,3,2
247,393,3,2
247,394,3,2
247,395,3,2
247,396,3,2
247,397,3,2
247,398,3,2
247,399,3,2
247,400,3,2
247,401,3,2
247,402,3,2
247,403,3,2
247,404,3,2
247,405,3,2
247,406,3,2
247,407,3,2
247,408,3,2
247,409,3,2
247,410,3,2
247,411,3,2
247,412,3,2
247,413,3,2
247,414,3,2
247,415,3,2
247,416,3,2
247,417,3,2
247,418,3,2
247,419,3,2
247,420,3,2
247,421,3,2
247,422,3,2
247,423,3,2
247,424,3,2
247,425,3,2
247,426,3,2
247,427,3,2
247,428,3,2
247,429,3,2
247,430,3,2
247,431,3,2
247,432,3,2
247,433,3,2
247,434,3,2
247,435,3,2
247,436,3,2
247,437,3,2
247,438,3,2
247,439,3,2
247,440,3,2
247,441,3,2
247,442,3,2
247,443,3,2
247,444,3,2
247,445,3,2
247,446,3,2
247,447,3,2
247,448,3,2
247,449,3,2
247,450,3,2
247,451,3,2
247,452,3,2
247,453,3,2
247,454,3,2
247,455,3,2
247,456,3,2
247,457,3,2
247,458,3,2
247,459,3,2
247,460,3,2
247,461,3,2
247,462,3,2
247,463,3,2
247,464,3,2
247,465,3,2
247,466,3,2
247,467,3,2
247,468,3,2
247,469,3,2
247,470,3,2
247,471,3,2
247,472,3,2
247,473,3,2
247,474,3,2
247,475,3,2
247,476,3,2
247,477,3,2
247,478,3,2
247,479,3,2
247,480,3,2
247,481,3,2
247,482,3,2
247,483,3,2
247,484,3,2
247,485,3,2
247,486,3,2
247,487,3,2
247,488,3,2
247,489,3,2
247,490,3,2
247,491,3,2
247,492,3,2
247,493,3,3
247,494,3,3
247,495,3,3
247,496,3,3
247,497,3,3
247,498,3,3
247,499,3,3
247,500,3,3
247,501,3,3
247,502,3,3
247,503,3,3
247,504,3,3
247,505,3,3
247,506,3,3
247,507,3,3
247,508,3,3
247,509,3,3
247,510,3,3
247,511,3,3
247,512,3,3
247,513,3,3
247,514,3,3
247,515,3,3
247,516,3,3
247,517,3,3
247,518,3,3
247,519,3,3
247,520,3,3
247,521,3,3
247,522,3,3
247,523,3,3
247,524,3,3
247,525,3,3
247,526,3,3
247,527,3,3
247,528,3,3
247,529,3,2
247,530,3,2
247,531,3,2
247,532,3,2
247,533,3,2
247,534,3,2
247,535,3,2
247,536,3,2
247,537,3,2
247,538,3,2
247,539,3,2
247,540,3,2
247,541,3,2
247,542,3,3
247,543,3,3
247,544,3,3
247,545,3,3
247,546,3,3
247,547,3,3
247,548,3,3
247,549,3,3
247,550,3,3
247,551,3,3
247,552,3,3
247,553,3,3
247,554,3,3
247,555,3,3
247,556,3,3
247,557,3,3
247,558,3,3
247,559,3,3
247,560,3,3
247,561,3,3
247,562,3,3
247,563,3,3
247,564,3,3
247,565,3,3
247,566,3,3
247,567,3,3
247,568,3,3
247,569,3,3
247,570,3,3
247,571,3,3
247,572,3,3
247,573,3,3
247,574,3,3
247,575,3,3
247,576,3,3
247,577,3,3
247,578,3,3
247,579,3,3
247,580,3,3
247,581,3,3
247,582,3,3
247,583,3,3
247,584,3,3
247,585,3,3
247,586,3,3
247,587,3,3
247,588,3,3
247,589,3,3
247,590,3,3
247,591,3,3
247,592,3,3
247,593,3,3
247,594,3,3
247,595,3,3
247,596,3,3
247,597,3,3
247,598,3,3
247,599,3,3
247,600,3,3
247,601,3,3
247,602,3,3
247,603,3,3
247,604,3,3
247,605,3,3
247,606,3,3
247,607,3,3
247,608,3,3
247,609,3,3
247,610,3,3
247,611,3,3
247,612,3,3
247,613,3,3
247,614,3,3
247,615,3,3
247,616,3,3
247,617,3,3
247,618,3,3
247,619,3,3
247,620,3,3
247,621,3,3
247,622,3,3
247,623,3,3
247,624,3,3
247,625,3,3
247,626,3,3
247,627,3,3
247,628,3,3
247,629,3,3
247,630,3,3
247,631,3,3
247,632,3,3
247,633,3,3
247,634,3,3
247,635,3,2
247,636,3,2
247,637,3,3
247,638,3,3
247,639,3,3
247,640,3,3
247,641,3,3
247,642,3,3
247,643,3,3
247,644,3,2
247,645,3,2
247,646,3,2
247,647,3,2
247,648,3,2
247,649,3,2
247,650,3,2
247,651,3,2
247,652,3,2
247,653,3,2
247,654,3,2
247,655,3,2
247,656,3,2
247,657,3,2
247,658,3,2
247,659,3,2
247,660,3,2
247,661,3,2
247,662,3,2
247,663,3,2
247,664,3,2
247,665,3,2
247,666,3,2
247,667,3,2
247,668,3,2
247,669,3,2
247,670,3,2
247,671,3,2
247,672,3,2
247,673,3,2
247,674,3,2
247,675,3,2
247,676,3,2
247,677,3,2
247,678,3,2
247,679,3,2
247,680,3,2
247,681,3,2
247,682,3,2
247,683,3,2
247,684,3,2
247,685,3,2
247,686,3,2
247,687,3,2
247,688,3,2
247,689,3,2
247,690,3,2
247,691,3,2
247,692,3,2
247,693,3,2
247,694,3,2
247,695,3,2
247,696,3,2
247,697,3,2
247,698,3,2
247,699,3,2
247,700,3,2
247,701,3,2
247,702,3,2
247,703,3,2
247,704,3,2
247,705,3,2
247,706,3,2
247,707,3,2
247,708,3,2
247,709,3,2
247,710,3,2
247,711,3,2
247,712,3,2
247,713,3,2
247,714,3,2
247,715,3,2
247,716,3,2
247,717,3,2
247,718,3,2
247,719,3,2
247,720,3,2
247,721,3,2
247,722,3,2
247,723,3,2
247,724,3,2
247,725,3,2
247,726,3,2
247,727,3,2
247,728,3,2
247,729,3,2
247,730,3,2
247,731,3,2
247,732,3,2
247,733,3,2
247,734,3,2
247,735,3,2
247,736,3,2
247,737,3,2
247,738,3,2
247,739,3,2
247,740,3,2
247,741,3,2
247,742,3,2
247,743,3,2
247,744,3,2
247,745,3,2
247,746,3,2
247,747,3,2
247,748,3,2
248,113,3,2
248,114,3,2
248,115,3,2
248,116,3,2
248,117,3,2
248,118,3,2
248,119,3,2
248,120,3,2
248,121,3,2
248,122,3,2
248,123,3,2
248,124,3,2
248,125,3,2
248,126,3,2
248,127,3,2
248,128,3,2
248,129,3,2
248,130,3,2
248,131,3,2
248,132,3,2
248,133,3,2
248,134,3,2
248,135,3,2
248,136,3,2
248,137,3,2
248,138,3,2
248,139,3,2
248,140,3,2
248,141,3,2
248,142,3,2
248,143,3,2
248,144,3,2
248,145,3,2
248,146,3,2
248,147,3,2
248,148,3,2
248,149,3,2
248,150,3,2
248,151,3,2
248,152,3,2
248,153,3,2
248,154,3,2
248,155,3,2
248,156,3,2
248,157,3,2
248,158,3,2
248,159,3,2
248,160,3,2
248,161,3,2
248,162,3,2
248,163,3,2
248,164,3,2
248,165,3,2
248,166,3,2
248,167,3,2
248,168,3,2
248,169,3,2
248,170,3,2
248,171,3,2
248,172,3,2
248,173,3,2
248,174,3,2
248,175,3,2
248,176,3,2
248,177,3,2
248,178,3,2
248,179,3,2
248,180,3,2
248,181,3,2
248,182,3,2
248,183,3,2
248,184,3,2
248,185,3,2
248,186,3,2
248,187,3,2
248,188,3,2
248,189,3,2
248,190,3,2
248,191,3,2
248,192,3,2
248,193,3,2
248,194,3,2
248,195,3,2
248,196,3,2
248,197,3,2
248,198,3,2
248,199,3,2
248,200,3,2
248,201,3,2
248,202,3,2
248,203,3,2
248,204,3,2
248,205,3,2
248,206,3,2
248,207,3,2
248,208,3,2
248,209,3,2
248,210,3,2
248,211,3,2
248,212,3,2
248,213,3,2
248,214,3,2
248,215,3,2
248,216,3,2
248,217,3,2
248,218,3,2
248,219,3,2
248,220,3,2
248,221,3,2
248,222,3,2
248,223,3,2
248,224,3,2
248,225,3,2
248,226,3,2
248,227,3,2
248,228,3,2
248,229,3,2
248,230,3,2
248,231,3,2
248,232,3,2
248,233,3,2
248,234,3,2
248,235,3,2
248,236,3,2
248,237,3,2
248,238,3,2
248,239,3,2
248,240,3,2
248,241,3,2
248,242,3,2
248,243,3,2
248,244,3,2
248,245,3,2
248,246,3,2
248,247,3,2
248,248,3,2
248,249,3,2
248,250,3,2
248,251,3,2
248,252,3,2
248,253,3,2
248,254,3,2
248,255,3,2
248,256,3,2
248,257,3,2
248,258,3,2
248,259,3,2
248,260,3,2
248,261,3,2
248,262,3,2
248,263,3,2
248,264,3,2
248,265,3,2
248,266,3,2
248,267,3,2
248,268,3,2
248,269,3,2
248,270,3,2
248,271,3,2
248,272,3,2
248,273,3,2
248,274,3,2
248,275,3,2
248,276,3,2
248,277,3,2
248,278,3,2
248,279,3,2
248,280,3,2
248,281,3,2
248,282,3,2
248,283,3,2
248,284,3,2
248,285,3,2
248,286,3,2
248,287,3,2
248,288,3,2
248,289,3,2
248,290,3,2
248,291,3,2
248,292,3,2
248,293,3,2
248,294,3,2
248,295,3,2
248,296,3,2
248,297,3,2
248,298,3,2
248,299,3,2
248,300,3,2
248,301,3,2
248,302,3,2
248,303,3,2
248,304,3,2
248,305,3,2
248,306,3,2
248,307,3,2
248,308,3,2
248,309,3,2
248,310,3,2
248,311,3,2
248,312,3,2
248,313,3,2
248,314,3,2
248,315,3,2
248,316,3,2
248,317,3,2
248,318,3,2
248,319,3,2
248,320,3,2
248,321,3,2
248,322,3,2
248,323,3,2
248,324,3,2
248,325,3,2
248,326,3,2
248,327,3,2
248,328,3,2
248,329,3,2
248,330,3,2
248,331,3,2
248,332,3,2
248,333,3,2
248,334,3,2
248,335,3,2
248,336,3,2
248,337,3,2
248,338,3,2
248,339,3,2
248,340,3,2
248,341,3,2
248,342,3,2
248,343,3,2
248,344,3,2
248,345,3,2
248,346,3,2
248,347,3,2
248,348,3,2
248,349,3,2
248,350,3,2
248,351,3,2
248,352,3,2
248,353,3,2
248,354,3,2
248,355,3,2
248,356,3,2
248,357,3,2
248,358,3,2
248,359,3,2
248,360,3,2
248,361,3,2
248,362,3,2
248,363,3,2
248,364,3,2
248,365,3,2
248,366,3,2
248,367,3,2
248,368,3,2
248,369,3,2
248,370,3,2
248,371,3,2
248,372,3,2
248,373,3,2
248,374,3,2
248,375,3,2
248,376,3,2
248,377,3,2
248,378,3,2
248,379,3,2
248,380,3,2
248,381,3,2
248,382,3,2
248,383,3,2
248,384,3,2
248,385,3,2
248,386,3,2
248,387,3,2
248,388,3,2
248,389,3,2
248,390,3,2
248,391,3,2
248,392,3,2
248,393,3,2
248,394,3,2
248,395,3,2
248,396,3,2
248,397,3,2
248,398,3,2
248,399,3,2
248,400,3,2
248,401,3,2
248,402,3,2
248,403,3,2
248,404,3,2
248,405,3,2
248,406,3,2
248,407,3,2
248,408,3,2
248,409,3,2
248,410,3,2
248,411,3,2
248,412,3,2
248,413,3,2
248,414,3,2
248,415,3,2
248,416,3,2
248,417,3,2
248,418,3,2
248,419,3,2
248,420,3,2
248,421,3,2
248,422,3,2
248,423,3,2
248,424,3,2
248,425,3,2
248,426,3,2
248,427,3,2
248,428,3,2
248,429,3,2
248,430,3,2
248,431,3,2
248,432,3,2
248,433,3,2
248,434,3,2
248,435,3,2
248,436,3,2
248,437,3,2
248,438,3,2
248,439,3,2
248,440,3,2
248,441,3,2
248,442,3,2
248,443,3,2
248,444,3,2
248,445,3,2
248,446,3,2
248,447,3,2
248,448,3,2
248,449,3,2
248,450,3,2
248,451,3,2
248,452,3,2
248,453,3,2
248,454,3,2
248,455,3,2
248,456,3,2
248,457,3,2
248,458,3,2
248,459,3,2
248,460,3,2
248,461,3,2
248,462,3,2
248,463,3,2
248,464,3,2
248,465,3,2
248,466,3,2
248,467,3,2
248,468,3,2
248,469,3,2
248,470,3,2
248,471,3,2
248,472,3,2
248,473,3,2
248,474,3,2
248,475,3,2
248,476,3,2
248,477,3,2
248,478,3,2
248,479,3,2
248,480,3,2
248,481,3,2
248,482,3,2
248,483,3,2
248,484,3,2
248,485,3,2
248,486,3,2
248,487,3,2
248,488,3,2
248,489,3,2
248,490,3,2
248,491,3,2
248,492,3,2
248,493,3,2
248,494,3,2
248,495,3,3
248,496,3,3
248,497,3,3
248,498,3,3
248,499,3,3
248,500,3,3
248,501,3,3
248,502,3,3
248,503,3,3
248,504,3,3
248,505,3,3
248,506,3,3
248,507,3,3
248,508,3,3
248,509,3,3
248,510,3,3
248,511,3,3
248,512,3,3
248,513,3,3
248,514,3,3
248,515,3,3
248,516,3,3
248,517,3,3
248,518,3,3
248,519,3,3
248,520,3,3
248,521,3,3
248,522,3,3
248,523,3,3
248,524,3,3
248,525,3,3
248,526,3,3
248,527,3,3
248,528,3,2
248,529,3,2
248,530,3,2
248,531,3,2
248,532,3,2
248,533,3,2
248,534,3,2
248,535,3,2
248,536,3,2
248,537,3,2
248,538,3,2
248,539,3,2
248,540,3,2
248,541,3,3
248,542,3,3
248,543,3,3
248,544,3,3
248,545,3,3
248,546,3,3
248,547,3,3
248,548,3,3
248,549,3,3
248,550,3,3
248,551,3,3
248,552,3,3
248,553,3,3
248,554,3,3
248,555,3,3
248,556,3,3
248,557,3,3
248,558,3,3
248,559,3,3
248,560,3,3
248,561,3,3
248,562,3,3
248,563,3,3
248,564,3,3
248,565,3,3
248,566,3,3
248,567,3,3
248,568,3,3
248,569,3,3
248,570,3,3
248,571,3,3
248,572,3,3
248,573,3,3
248,574,3,3
248,575,3,3
248,576,3,3
248,577,3,3
248,578,3,3
248,579,3,3
248,580,3,3
248,581,3,3
248,582,3,3
248,583,3,3
248,584,3,3
248,585,3,3
248,586,3,3
248,587,3,3
248,588,3,3
248,589,3,3
248,590,3,3
248,591,3,3
248,592,3,3
248,593,3,3
248,594,3,3
248,595,3,3
248,596,3,3
248,597,3,3
248,598,3,3
248,599,3,3
248,600,3,3
248,601,3,3
248,602,3,3
248,603,3,3
248,604,3,3
248,605,3,3
248,606,3,3
248,607,3,3
248,608,3,3
248,609,3,3
248,610,3,3
248,611,3,3
248,612,3,3
248,613,3,3
248,614,3,3
248,615,3,3
248,616,3,3
248,617,3,3
248,618,3,3
248,619,3,3
248,620,3,3
248,621,3,3
248,622,3,3
248,623,3,3
248,624,3,3
248,625,3,3
248,626,3,3
248,627,3,3
248,628,3,3
248,629,3,3
248,630,3,3
248,631,3,3
248,632,3,3
248,633,3,3
248,634,3,3
248,635,3,2
248,636,3,2
248,637,3,2
248,638,3,2
248,639,3,3
248,640,3,3
248,641,3,2
248,642,3,2
248,643,3,2
248,644,3,2
248,645,3,2
248,646,3,2
248,647,3,2
248,648,3,2
248,649,3,2
248,650,3,2
248,651,3,2
248,652,3,2
248,653,3,2
248,654,3,2
248,655,3,2
248,656,3,2
248,657,3,2
248,658,3,2
248,659,3,2
248,660,3,2
248,661,3,2
248,662,3,2
248,663,3,2
248,664,3,2
248,665,3,2
248,666,3,2
248,667,3,2
248,668,3,2
248,669,3,2
248,670,3,2
248,671,3,2
248,672,3,2
248,673,3,2
248,674,3,2
248,675,3,2
248,676,3,2
248,677,3,2
248,678,3,2
248,679,3,2
248,680,3,2
248,681,3,2
248,682,3,2
248,683,3,2
248,684,3,2
248,685,3,2
248,686,3,2
248,687,3,2
248,688,3,2
248,689,3,2
248,690,3,2
248,691,3,2
248,692,3,2
248,693,3,2
248,694,3,2
248,695,3,2
248,696,3,2
248,697,3,2
248,698,3,2
248,699,3,2
248,700,3,2
248,701,3,2
248,702,3,2
248,703,3,2
248,704,3,2
248,705,3,2
248,706,3,2
248,707,3,2
248,708,3,2
248,709,3,2
248,710,3,2
248,711,3,2
248,712,3,2
248,713,3,2
248,714,3,2
248,715,3,2
248,716,3,2
248,717,3,2
248,718,3,2
248,719,3,2
248,720,3,2
248,721,3,2
248,722,3,2
248,723,3,2
248,724,3,2
248,725,3,2
248,726,3,2
248,727,3,2
248,728,3,2
248,729,3,2
248,730,3,2
248,731,3,2
248,732,3,2
248,733,3,2
248,734,3,2
248,735,3,2
248,736,3,2
248,737,3,2
248,738,3,2
248,739,3,2
248,740,3,2
248,741,3,2
248,744,3,2
248,745,3,2
248,746,3,2
248,747,3,2
248,748,3,2
249,113,3,2
249,114,3,2
249,115,3,2
249,116,3,2
249,117,3,2
249,118,3,2
249,119,3,2
249,120,3,2
249,121,3,2
249,122,3,2
249,123,3,2
249,124,3,2
249,125,3,2
249,126,3,2
249,127,3,2
249,128,3,2
249,129,3,2
249,130,3,2
249,131,3,2
249,132,3,2
249,133,3,2
249,134,3,2
249,135,3,2
249,136,3,2
249,137,3,2
249,138,3,2
249,139,3,2
249,140,3,2
249,141,3,2
249,142,3,2
249,143,3,2
249,144,3,2
249,145,3,2
249,146,3,2
249,147,3,2
249,148,3,2
249,149,3,2
249,150,3,2
249,151,3,2
249,152,3,2
249,153,3,2
249,154,3,2
249,155,3,2
249,156,3,2
249,157,3,2
249,158,3,2
249,159,3,2
249,160,3,2
249,161,3,2
249,162,3,2
249,163,3,2
249,164,3,2
249,165,3,2
249,166,3,2
249,167,3,2
249,168,3,2
249,169,3,2
249,170,3,2
249,171,3,2
249,172,3,2
249,173,3,2
249,174,3,2
249,175,3,2
249,176,3,2
249,177,3,2
249,178,3,2
249,179,3,2
249,180,3,2
249,181,3,2
249,182,3,2
249,183,3,2
249,184,3,2
249,185,3,2
249,186,3,2
249,187,3,2
249,188,3,2
249,189,3,2
249,190,3,2
249,191,3,2
249,192,3,2
249,193,3,2
249,194,3,2
249,195,3,2
249,196,3,2
249,197,3,2
249,198,3,2
249,199,3,2
249,200,3,2
249,201,3,2
249,202,3,2
249,203,3,2
249,204,3,2
249,205,3,2
249,206,3,2
249,207,3,2
249,208,3,2
249,209,3,2
249,210,3,2
249,211,3,2
249,212,3,2
249,213,3,2
249,214,3,2
249,215,3,2
249,216,3,2
249,217,3,2
249,218,3,2
249,219,3,2
249,220,3,2
249,221,3,2
249,222,3,2
249,223,3,2
249,224,3,2
249,225,3,2
249,226,3,2
249,227,3,2
249,228,3,2
249,229,3,2
249,230,3,2
249,231,3,2
249,232,3,2
249,233,3,2
249,234,3,2
249,235,3,2
249,236,3,2
249,237,3,2
249,238,3,2
249,239,3,2
249,240,3,2
249,241,3,2
249,242,3,2
249,243,3,2
249,244,3,2
249,245,3,2
249,246,3,2
249,247,3,2
249,248,3,2
249,249,3,2
249,250,3,2
249,251,3,2
249,252,3,2
249,253,3,2
249,254,3,2
249,255,3,2
249,256,3,2
249,257,3,2
249,258,3,2
249,259,3,2
249,260,3,2
249,261,3,2
249,262,3,2
249,263,3,2
249,264,3,2
249,265,3,2
249,266,3,2
249,267,3,2
249,268,3,2
249,269,3,2
249,270,3,2
249,271,3,2
249,272,3,2
249,273,3,2
249,274,3,2
249,275,3,2
249,276,3,2
249,277,3,2
249,278,3,2
249,279,3,2
249,280,3,2
249,281,3,2
249,282,3,2
249,283,3,2
249,284,3,2
249,285,3,2
249,286,3,2
249,287,3,2
249,288,3,2
249,289,3,2
249,290,3,2
249,291,3,2
249,292,3,2
249,293,3,2
249,294,3,2
249,295,3,2
249,296,3,2
249,297,3,2
249,298,3,2
249,299,3,2
249,300,3,2
249,301,3,2
249,302,3,2
249,303,3,2
249,304,3,2
249,305,3,2
249,306,3,2
249,307,3,2
249,308,3,2
249,309,3,2
249,310,3,2
249,311,3,2
249,312,3,2
249,313,3,2
249,314,3,2
249,315,3,2
249,316,3,2
249,317,3,2
249,318,3,2
249,319,3,2
249,320,3,2
249,321,3,2
249,322,3,2
249,323,3,2
249,324,3,2
249,325,3,2
249,326,3,2
249,327,3,2
249,328,3,2
249,329,3,2
249,330,3,2
249,331,3,2
249,332,3,2
249,333,3,2
249,334,3,2
249,335,3,2
249,336,3,2
249,337,3,2
249,338,3,2
249,339,3,2
249,340,3,2
249,341,3,2
249,342,3,2
249,343,3,2
249,344,3,2
249,345,3,2
249,346,3,2
249,347,3,2
249,348,3,2
249,349,3,2
249,350,3,2
249,351,3,2
249,352,3,2
249,353,3,2
249,354,3,2
249,355,3,2
249,356,3,2
249,357,3,2
249,358,3,2
249,359,3,2
249,360,3,2
249,361,3,2
249,362,3,2
249,363,3,2
249,364,3,2
249,365,3,2
249,366,3,2
249,367,3,2
249,368,3,2
249,369,3,2
249,370,3,2
249,371,3,2
249,372,3,2
249,373,3,2
249,374,3,2
249,375,3,2
249,376,3,2
249,377,3,2
249,378,3,2
249,379,3,2
249,380,3,2
249,381,3,2
249,382,3,2
249,383,3,2
249,384,3,2
249,385,3,2
249,386,3,2
249,387,3,2
249,388,3,2
249,389,3,2
249,390,3,2
249,391,3,2
249,392,3,2
249,393,3,2
249,394,3,2
249,395,3,2
249,396,3,2
249,397,3,2
249,398,3,2
249,399,3,2
249,400,3,2
249,401,3,2
249,402,3,2
249,403,3,2
249,404,3,2
249,405,3,2
249,406,3,2
249,407,3,2
249,408,3,2
249,409,3,2
249,410,3,2
249,411,3,2
249,412,3,2
249,413,3,2
249,414,3,2
249,415,3,2
249,416,3,2
249,417,3,2
249,418,3,2
249,419,3,2
249,420,3,2
249,421,3,2
249,422,3,2
249,423,3,2
249,424,3,2
249,425,3,2
249,426,3,2
249,427,3,2
249,428,3,2
249,429,3,2
249,430,3,2
249,431,3,2
249,432,3,2
249,433,3,2
249,434,3,2
249,435,3,2
249,436,3,2
249,437,3,2
249,438,3,2
249,439,3,2
249,440,3,2
249,441,3,2
249,442,3,2
249,443,3,2
249,444,3,2
249,445,3,2
249,446,3,2
249,447,3,2
249,448,3,2
249,449,3,2
249,450,3,2
249,451,3,2
249,452,3,2
249,453,3,2
249,454,3,2
249,455,3,2
249,456,3,2
249,457,3,2
249,458,3,2
249,459,3,2
249,460,3,2
249,461,3,2
249,462,3,2
249,463,3,2
249,464,3,2
249,465,3,2
249,466,3,2
249,467,3,2
249,468,3,2
249,469,3,2
249,470,3,2
249,471,3,2
249,472,3,2
249,473,3,2
249,474,3,2
249,475,3,2
249,476,3,2
249,477,3,2
249,478,3,2
249,479,3,2
249,480,3,2
249,481,3,2
249,482,3,2
249,483,3,2
249,484,3,2
249,485,3,2
249,486,3,2
249,487,3,2
249,488,3,2
249,489,3,2
249,490,3,2
249,491,3,2
249,492,3,2
249,493,3,2
249,494,3,2
249,495,3,2
249,496,3,2
249,497,3,3
249,498,3,3
249,499,3,3
249,500,3,3
249,501,3,3
249,502,3,3
249,503,3,3
249,504,3,3
249,505,3,3
249,506,3,3
249,507,3,3
249,508,3,3
249,509,3,3
249,510,3,3
249,511,3,3
249,512,3,3
249,513,3,3
249,514,3,3
249,515,3,3
249,516,3,3
249,517,3,3
249,518,3,3
249,519,3,3
249,520,3,3
249,521,3,3
249,522,3,3
249,523,3,3
249,524,3,3
249,525,3,3
249,526,3,2
249,527,3,2
249,528,3,2
249,529,3,2
249,530,3,2
249,531,3,2
249,532,3,2
249,533,3,2
249,534,3,2
249,535,3,2
249,536,3,2
249,537,3,2
249,538,3,2
249,539,3,2
249,540,3,3
249,541,3,3
249,542,3,3
249,543,3,3
249,544,3,3
249,545,3,3
249,546,3,3
249,547,3,3
249,548,3,3
249,549,3,3
249,550,3,3
249,551,3,3
249,552,3,3
249,553,3,3
249,554,3,3
249,555,3,3
249,556,3,3
249,557,3,3
249,558,3,3
249,559,3,3
249,560,3,3
249,561,3,3
249,562,3,3
249,563,3,3
249,564,3,3
249,565,3,3
249,566,3,3
249,567,3,3
249,568,3,3
249,569,3,3
249,570,3,3
249,571,3,3
249,572,3,3
249,573,3,3
249,574,3,3
249,575,3,3
249,576,3,3
249,577,3,3
249,578,3,3
249,579,3,3
249,580,3,3
249,581,3,3
249,582,3,3
249,583,3,3
249,584,3,3
249,585,3,3
249,586,3,3
249,587,3,3
249,588,3,3
249,589,3,3
249,590,3,3
249,591,3,3
249,592,3,3
249,593,3,3
249,594,3,3
249,595,3,3
249,596,3,3
249,597,3,3
249,598,3,3
249,599,3,3
249,600,3,3
249,601,3,3
249,602,3,3
249,603,3,3
249,604,3,3
249,605,3,3
249,606,3,3
249,607,3,3
249,608,3,3
249,609,3,3
249,610,3,3
249,611,3,3
249,612,3,3
249,613,3,3
249,614,3,3
249,615,3,3
249,616,3,3
249,617,3,3
249,618,3,3
249,619,3,3
249,620,3,3
249,621,3,3
249,622,3,3
249,623,3,3
249,624,3,3
249,625,3,3
249,626,3,3
249,627,3,3
249,628,3,3
249,629,3,3
249,630,3,3
249,631,3,3
249,632,3,3
249,633,3,3
249,634,3,3
249,635,3,3
249,636,3,2
249,637,3,2
249,638,3,2
249,639,3,2
249,640,3,2
249,641,3,2
249,642,3,2
249,643,3,2
249,644,3,2
249,645,3,2
249,646,3,2
249,647,3,2
249,648,3,2
249,649,3,2
249,650,3,2
249,651,3,2
249,652,3,2
249,653,3,2
249,654,3,2
249,655,3,2
249,656,3,2
249,657,3,2
249,658,3,2
249,659,3,2
249,660,3,2
249,661,3,2
249,662,3,2
249,663,3,2
249,664,3,2
249,665,3,2
249,666,3,2
249,667,3,2
249,668,3,2
249,669,3,2
249,670,3,2
249,671,3,2
249,672,3,2
249,673,3,2
249,674,3,2
249,675,3,2
249,676,3,2
249,677,3,2
249,678,3,2
249,679,3,2
249,680,3,2
249,681,3,2
249,682,3,2
249,683,3,2
249,684,3,2
249,685,3,2
249,686,3,2
249,687,3,2
249,688,3,2
249,689,3,2
249,690,3,2
249,691,3,2
249,692,3,2
249,693,3,2
249,694,3,2
249,695,3,2
249,696,3,2
249,697,3,2
249,698,3,2
249,699,3,2
249,700,3,2
249,701,3,2
249,702,3,2
249,703,3,2
249,704,3,2
249,705,3,2
249,706,3,2
249,707,3,2
249,708,3,2
249,709,3,2
249,710,3,2
249,711,3,2
249,712,3,2
249,713,3,2
249,714,3,2
249,715,3,2
249,716,3,2
249,717,3,2
249,718,3,2
249,719,3,2
249,720,3,2
249,721,3,2
249,722,3,2
249,723,3,2
249,724,3,2
249,725,3,2
249,726,3,2
249,727,3,2
249,728,3,2
249,729,3,2
249,730,3,2
249,731,3,2
249,732,3,2
249,733,3,2
249,734,3,2
249,735,3,2
249,736,3,2
249,737,3,2
249,738,3,2
249,739,3,2
250,113,3,2
250,114,3,2
250,115,3,2
250,116,3,2
250,117,3,2
250,118,3,2
250,119,3,2
250,120,3,2
250,121,3,2
250,122,3,2
250,123,3,2
250,124,3,2
250,125,3,2
250,126,3,2
250,127,3,2
250,128,3,2
250,129,3,2
250,130,3,2
250,131,3,2
250,132,3,2
250,133,3,2
250,134,3,2
250,135,3,2
250,136,3,2
250,137,3,2
250,138,3,2
250,139,3,2
250,140,3,2
250,141,3,2
250,142,3,2
250,143,3,2
250,144,3,2
250,145,3,2
250,146,3,2
250,147,3,2
250,148,3,2
250,149,3,2
250,150,3,2
250,151,3,2
250,152,3,2
250,153,3,2
250,154,3,2
250,155,3,2
250,156,3,2
250,157,3,2
250,158,3,2
250,159,3,2
250,160,3,2
250,161,3,2
250,162,3,2
250,163,3,2
250,164,3,2
250,165,3,2
250,166,3,2
250,167,3,2
250,168,3,2
250,169,3,2
250,170,3,2
250,171,3,2
250,172,3,2
250,173,3,2
250,174,3,2
250,175,3,2
250,176,3,2
250,177,3,2
250,178,3,2
250,179,3,2
250,180,3,2
250,181,3,2
250,182,3,2
250,183,3,2
250,184,3,2
250,185,3,2
250,186,3,2
250,187,3,2
250,188,3,2
250,189,3,2
250,190,3,2
250,191,3,2
250,192,3,2
250,193,3,2
250,194,3,2
250,195,3,2
250,196,3,2
250,197,3,2
250,198,3,2
250,199,3,2
250,200,3,2
250,201,3,2
250,202,3,2
250,203,3,2
250,204,3,2
250,205,3,2
250,206,3,2
250,207,3,2
250,208,3,2
250,209,3,2
250,210,3,2
250,211,3,2
250,212,3,2
250,213,3,2
250,214,3,2
250,215,3,2
250,216,3,2
250,217,3,2
250,218,3,2
250,219,3,2
250,220,3,2
250,221,3,2
250,222,3,2
250,223,3,2
250,224,3,2
250,225,3,2
250,226,3,2
250,227,3,2
250,228,3,2
250,229,3,2
250,230,3,2
250,231,3,2
250,232,3,2
250,233,3,2
250,234,3,2
250,235,3,2
250,236,3,2
250,237,3,2
250,238,3,2
250,239,3,2
250,240,3,2
250,241,3,2
250,242,3,2
250,243,3,2
250,244,3,2
250,245,3,2
250,246,3,2
250,247,3,2
250,248,3,2
250,249,3,2
250,250,3,2
250,251,3,2
250,252,3,2
250,253,3,2
250,254,3,2
250,255,3,2
250,256,3,2
250,257,3,2
250,258,3,2
250,259,3,2
250,260,3,2
250,261,3,2
250,262,3,2
250,263,3,2
250,264,3,2
250,265,3,2
250,266,3,2
250,267,3,2
250,268,3,2
250,269,3,2
250,270,3,2
250,271,3,2
250,272,3,2
250,273,3,2
250,274,3,2
250,275,3,2
250,276,3,2
250,277,3,2
250,278,3,2
250,279,3,2
250,280,3,2
250,281,3,2
250,282,3,2
250,283,3,2
250,284,3,2
250,285,3,2
250,286,3,2
250,287,3,2
250,288,3,2
250,289,3,2
250,290,3,2
250,291,3,2
250,292,3,2
250,293,3,2
250,294,3,2
250,295,3,2
250,296,3,2
250,297,3,2
250,298,3,2
250,299,3,2
250,300,3,2
250,301,3,2
250,302,3,2
250,303,3,2
250,304,3,2
250,305,3,2
250,306,3,2
250,307,3,2
250,308,3,2
250,309,3,2
250,310,3,2
250,311,3,2
250,312,3,2
250,313,3,2
250,314,3,2
250,315,3,2
250,316,3,2
250,317,3,2
250,318,3,2
250,319,3,2
250,320,3,2
250,321,3,2
250,322,3,2
250,323,3,2
250,324,3,2
250,325,3,2
250,326,3,2
250,327,3,2
250,328,3,2
250,329,3,2
250,330,3,2
250,331,3,2
250,332,3,2
250,333,3,2
250,334,3,2
250,335,3,2
250,336,3,2
250,337,3,2
250,338,3,2
250,339,3,2
250,340,3,2
250,341,3,2
250,342,3,2
250,343,3,2
250,344,3,2
250,345,3,2
250,346,3,2
250,347,3,2
250,348,3,2
250,349,3,2
250,350,3,2
250,351,3,2
250,352,3,2
250,353,3,2
250,354,3,2
250,355,3,2
250,356,3,2
250,357,3,2
250,358,3,2
250,359,3,2
250,360,3,2
250,361,3,2
250,362,3,2
250,363,3,2
250,364,3,2
250,365,3,2
250,366,3,2
250,367,3,2
250,368,3,2
250,369,3,2
250,370,3,2
250,371,3,2
250,372,3,2
250,373,3,2
250,374,3,2
250,375,3,2
250,376,3,2
250,377,3,2
250,378,3,2
250,379,3,2
250,380,3,2
250,381,3,2
250,382,3,2
250,383,3,2
250,384,3,2
250,385,3,2
250,386,3,2
250,387,3,2
250,388,3,2
250,389,3,2
250,390,3,2
250,391,3,2
250,392,3,2
250,393,3,2
250,394,3,2
250,395,3,2
250,396,3,2
250,397,3,2
250,398,3,2
250,399,3,2
250,400,3,2
250,401,3,2
250,402,3,2
250,403,3,2
250,404,3,2
250,405,3,2
250,406,3,2
250,407,3,2
250,408,3,2
250,409,3,2
250,410,3,2
250,411,3,2
250,412,3,2
250,413,3,2
250,414,3,2
250,415,3,2
250,416,3,2
250,417,3,2
250,418,3,2
250,419,3,2
250,420,3,2
250,421,3,2
250,422,3,2
250,423,3,2
250,424,3,2
250,425,3,2
250,426,3,2
250,427,3,2
250,428,3,2
250,429,3,2
250,430,3,2
250,431,3,2
250,432,3,2
250,433,3,2
250,434,3,2
250,435,3,2
250,436,3,2
250,437,3,2
250,438,3,2
250,439,3,2
250,440,3,2
250,441,3,2
250,442,3,2
250,443,3,2
250,444,3,2
250,445,3,2
250,446,3,2
250,447,3,2
250,448,3,2
250,449,3,2
250,450,3,2
250,451,3,2
250,452,3,2
250,453,3,2
250,454,3,2
250,455,3,2
250,456,3,2
250,457,3,2
250,458,3,2
250,459,3,2
250,460,3,2
250,461,3,2
250,462,3,2
250,463,3,2
250,464,3,2
250,465,3,2
250,466,3,2
250,467,3,2
250,468,3,2
250,469,3,2
250,470,3,2
250,471,3,2
250,472,3,2
250,473,3,2
250,474,3,2
250,475,3,2
250,476,3,2
250,477,3,2
250,478,3,2
250,479,3,2
250,480,3,2
250,481,3,2
250,482,3,2
250,483,3,2
250,484,3,2
250,485,3,2
250,486,3,2
250,487,3,2
250,488,3,2
250,489,3,2
250,490,3,2
250,491,3,2
250,492,3,2
250,493,3,2
250,494,3,2
250,495,3,2
250,496,3,2
250,497,3,2
250,498,3,2
250,499,3,3
250,500,3,3
250,501,3,3
250,502,3,3
250,503,3,3
250,504,3,3
250,505,3,3
250,506,3,3
250,507,3,3
250,508,3,3
250,509,3,3
250,510,3,3
250,511,3,3
250,512,3,3
250,513,3,3
250,514,3,3
250,515,3,3
250,516,3,3
250,517,3,3
250,518,3,3
250,519,3,3
250,520,3,3
250,521,3,3
250,522,3,3
250,523,3,3
250,524,3,3
250,525,3,2
250,526,3,2
250,527,3,2
250,528,3,2
250,529,3,2
250,530,3,2
250,531,3,2
250,532,3,2
250,533,3,2
250,534,3,2
250,535,3,2
250,536,3,2
250,537,3,2
250,538,3,2
250,539,3,3
250,540,3,3
250,541,3,3
250,542,3,3
250,543,3,3
250,544,3,3
250,545,3,3
250,546,3,3
250,547,3,3
250,548,3,3
250,549,3,3
250,550,3,3
250,551,3,3
250,552,3,3
250,553,3,3
250,554,3,3
250,555,3,3
250,556,3,3
250,557,3,3
250,558,3,3
250,559,3,3
250,560,3,3
250,561,3,3
250,562,3,3
250,563,3,3
250,564,3,3
250,565,3,3
250,566,3,3
250,567,3,3
250,568,3,3
250,569,3,3
250,570,3,3
250,571,3,3
250,572,3,3
250,573,3,3
250,574,3,3
250,575,3,3
250,576,3,3
250,577,3,3
250,578,3,3
250,579,3,3
250,580,3,3
250,581,3,3
250,582,3,3
250,583,3,3
250,584,3,3
250,585,3,3
250,586,3,3
250,587,3,3
250,588,3,3
250,589,3,3
250,590,3,3
250,591,3,3
250,592,3,3
250,593,3,3
250,594,3,3
250,595,3,3
250,596,3,3
250,597,3,3
250,598,3,3
250,599,3,3
250,600,3,3
250,601,3,3
250,602,3,3
250,603,3,3
250,604,3,3
250,605,3,3
250,606,3,3
250,607,3,3
250,608,3,3
250,609,3,3
250,610,3,3
250,611,3,3
250,612,3,3
250,613,3,3
250,614,3,3
250,615,3,3
250,616,3,3
250,617,3,3
250,618,3,3
250,619,3,3
250,620,3,3
250,621,3,3
250,622,3,3
250,623,3,2
250,624,3,3
250,625,3,3
250,626,3,3
250,627,3,3
250,628,3,3
250,629,3,3
250,630,3,3
250,631,3,3
250,632,3,3
250,633,3,3
250,634,3,3
250,635,3,2
250,636,3,2
250,637,3,2
250,638,3,2
250,639,3,2
250,640,3,2
250,641,3,2
250,642,3,2
250,643,3,2
250,644,3,2
250,645,3,2
250,646,3,2
250,647,3,2
250,648,3,2
250,649,3,2
250,650,3,2
250,651,3,2
250,652,3,2
250,653,3,2
250,654,3,2
250,655,3,2
250,656,3,2
250,657,3,2
250,658,3,2
250,659,3,2
250,660,3,2
250,661,3,2
250,662,3,2
250,663,3,2
250,664,3,2
250,665,3,2
250,666,3,2
250,667,3,2
250,668,3,2
250,669,3,2
250,670,3,2
250,671,3,2
250,672,3,2
250,673,3,2
250,674,3,2
250,675,3,2
250,676,3,2
250,677,3,2
250,678,3,2
250,679,3,2
250,680,3,2
250,681,3,2
250,682,3,2
250,683,3,2
250,684,3,2
250,685,3,2
250,686,3,2
250,687,3,2
250,688,3,2
250,689,3,2
250,690,3,2
250,691,3,2
250,692,3,2
250,693,3,2
250,694,3,2
250,695,3,2
250,696,3,2
250,697,3,2
250,698,3,2
250,699,3,2
250,700,3,2
250,701,3,2
250,702,3,2
250,703,3,2
250,704,3,2
250,705,3,2
250,706,3,2
250,707,3,2
250,708,3,2
250,709,3,2
250,710,3,2
250,711,3,2
250,712,3,2
250,713,3,2
250,714,3,2
250,715,3,2
250,716,3,2
250,717,3,2
250,718,3,2
250,719,3,2
250,720,3,2
250,721,3,2
250,722,3,2
250,723,3,2
250,724,3,2
250,725,3,2
250,726,3,2
250,727,3,2
250,728,3,2
250,729,3,2
250,730,3,2
250,731,3,2
250,732,3,2
250,733,3,2
250,734,3,2
250,735,3,2
250,736,3,2
250,737,3,2
250,738,3,2
251,113,3,2
251,114,3,2
251,115,3,2
251,116,3,2
251,117,3,2
251,118,3,2
251,119,3,2
251,120,3,2
251,121,3,2
251,122,3,2
251,123,3,2
251,124,3,2
251,125,3,2
251,126,3,2
251,127,3,2
251,128,3,2
251,129,3,2
251,130,3,2
251,131,3,2
251,132,3,2
251,133,3,2
251,134,3,2
251,135,3,2
251,136,3,2
251,137,3,2
251,138,3,2
251,139,3,2
251,140,3,2
251,141,3,2
251,142,3,2
251,143,3,2
251,144,3,2
251,145,3,2
251,146,3,2
251,147,3,2
251,148,3,2
251,149,3,2
251,150,3,2
251,151,3,2
251,152,3,2
251,153,3,2
251,154,3,2
251,155,3,2
251,156,3,2
251,157,3,2
251,158,3,2
251,159,3,2
251,160,3,2
251,161,3,2
251,162,3,2
251,163,3,2
251,164,3,2
251,165,3,2
251,166,3,2
251,167,3,2
251,168,3,2
251,169,3,2
251,170,3,2
251,171,3,2
251,172,3,2
251,173,3,2
251,174,3,2
251,175,3,2
251,176,3,2
251,177,3,2
251,178,3,2
251,179,3,2
251,180,3,2
251,181,3,2
251,182,3,2
251,183,3,2
251,184,3,2
251,185,3,2
251,186,3,2
251,187,3,2
251,188,3,2
251,189,3,2
251,190,3,2
251,191,3,2
251,192,3,2
251,193,3,2
251,194,3,2
251,195,3,2
251,196,3,2
251,197,3,2
251,198,3,2
251,199,3,2
251,200,3,2
251,201,3,2
251,202,3,2
251,203,3,2
251,204,3,2
251,205,3,2
251,206,3,2
251,207,3,2
251,208,3,2
251,209,3,2
251,210,3,2
251,211,3,2
251,212,3,2
251,213,3,2
251,214,3,2
251,215,3,2
251,216,3,2
251,217,3,2
251,218,3,2
251,219,3,2
251,220,3,2
251,221,3,2
251,222,3,2
251,223,3,2
251,224,3,2
251,225,3,2
251,226,3,2
251,227,3,2
251,228,3,2
251,229,3,2
251,230,3,2
251,231,3,2
251,232,3,2
251,233,3,2
251,234,3,2
251,235,3,2
251,236,3,2
251,237,3,2
251,238,3,2
251,239,3,2
251,240,3,2
251,241,3,2
251,242,3,2
251,243,3,2
251,244,3,2
251,245,3,2
251,246,3,2
251,247,3,2
251,248,3,2
251,249,3,2
251,250,3,2
251,251,3,2
251,252,3,2
251,253,3,2
251,254,3,2
251,255,3,2
251,256,3,2
251,257,3,2
251,258,3,2
251,259,3,2
251,260,3,2
251,261,3,2
251,262,3,2
251,263,3,2
251,264,3,2
251,265,3,2
251,266,3,2
251,267,3,2
251,268,3,2
251,269,3,2
251,270,3,2
251,271,3,2
251,272,3,2
251,273,3,2
251,274,3,2
251,275,3,2
251,276,3,2
251,277,3,2
251,278,3,2
251,279,3,2
251,280,3,2
251,281,3,2
251,282,3,2
251,283,3,2
251,284,3,2
251,285,3,2
251,286,3,2
251,287,3,2
251,288,3,2
251,289,3,2
251,290,3,2
251,291,3,2
251,292,3,2
251,293,3,2
251,294,3,2
251,295,3,2
251,296,3,2
251,297,3,2
251,298,3,2
251,299,3,2
251,300,3,2
251,301,3,2
251,302,3,2
251,303,3,2
251,304,3,2
251,305,3,2
251,306,3,2
251,307,3,2
251,308,3,2
251,309,3,2
251,310,3,2
251,311,3,2
251,312,3,2
251,313,3,2
251,314,3,2
251,315,3,2
251,316,3,2
251,317,3,2
251,318,3,2
251,319,3,2
251,320,3,2
251,321,3,2
251,322,3,2
251,323,3,2
251,324,3,2
251,325,3,2
251,326,3,2
251,327,3,2
251,328,3,2
251,329,3,2
251,330,3,2
251,331,3,2
251,332,3,2
251,333,3,2
251,334,3,2
251,335,3,2
251,336,3,2
251,337,3,2
251,338,3,2
251,339,3,2
251,340,3,2
251,341,3,2
251,342,3,2
251,343,3,2
251,344,3,2
251,345,3,2
251,346,3,2
251,347,3,2
251,348,3,2
251,349,3,2
251,350,3,2
251,351,3,2
251,352,3,2
251,353,3,2
251,354,3,2
251,355,3,2
251,356,3,2
251,357,3,2
251,358,3,2
251,359,3,2
251,360,3,2
251,361,3,2
251,362,3,2
251,363,3,2
251,364,3,2
251,365,3,2
251,366,3,2
251,367,3,2
251,368,3,2
251,369,3,2
251,370,3,2
251,371,3,2
251,372,3,2
251,373,3,2
251,374,3,2
251,375,3,2
251,376,3,2
251,377,3,2
251,378,3,2
251,379,3,2
251,380,3,2
251,381,3,2
251,382,3,2
251,383,3,2
251,384,3,2
251,385,3,2
251,386,3,2
251,387,3,2
251,388,3,2
251,389,3,2
251,390,3,2
251,391,3,2
251,392,3,2
251,393,3,2
251,394,3,2
251,395,3,2
251,396,3,2
251,397,3,2
251,398,3,2
251,399,3,2
251,400,3,2
251,401,3,2
251,402,3,2
251,403,3,2
251,404,3,2
251,405,3,2
251,406,3,2
251,407,3,2
251,408,3,2
251,409,3,2
251,410,3,2
251,411,3,2
251,412,3,2
251,413,3,2
251,414,3,2
251,415,3,2
251,416,3,2
251,417,3,2
251,418,3,2
251,419,3,2
251,420,3,2
251,421,3,2
251,422,3,2
251,423,3,2
251,424,3,2
251,425,3,2
251,426,3,2
251,427,3,2
251,428,3,2
251,429,3,2
251,430,3,2
251,431,3,2
251,432,3,2
251,433,3,2
251,434,3,2
251,435,3,2
251,436,3,2
251,437,3,2
251,438,3,2
251,439,3,2
251,440,3,2
251,441,3,2
251,442,3,2
251,443,3,2
251,444,3,2
251,445,3,2
251,446,3,2
251,447,3,2
251,448,3,2
251,449,3,2
251,450,3,2
251,451,3,2
251,452,3,2
251,453,3,2
251,454,3,2
251,455,3,2
251,456,3,2
251,457,3,2
251,458,3,2
251,459,3,2
251,460,3,2
251,461,3,2
251,462,3,2
251,463,3,2
251,464,3,2
251,465,3,2
251,466,3,2
251,467,3,2
251,468,3,2
251,469,3,2
251,470,3,2
251,471,3,2
251,472,3,2
251,473,3,2
251,474,3,2
251,475,3,2
251,476,3,2
251,477,3,2
251,478,3,2
251,479,3,2
251,480,3,2
251,481,3,2
251,482,3,2
251,483,3,2
251,484,3,2
251,485,3,2
251,486,3,2
251,487,3,2
251,488,3,2
251,489,3,2
251,490,3,2
251,491,3,2
251,492,3,2
251,493,3,2
251,494,3,2
251,495,3,2
251,496,3,2
251,497,3,2
251,498,3,2
251,499,3,2
251,500,3,2
251,501,3,3
251,502,3,3
251,503,3,3
251,504,3,3
251,505,3,3
251,506,3,3
251,507,3,3
251,508,3,3
251,509,3,3
251,510,3,3
251,511,3,3
251,512,3,3
251,513,3,3
251,514,3,3
251,515,3,3
251,516,3,3
251,517,3,3
251,518,3,3
251,519,3,3
251,520,3,3
251,521,3,3
251,522,3,3
251,523,3,2
251,524,3,2
251,525,3,2
251,526,3,2
251,527,3,2
251,528,3,2
251,529,3,2
251,530,3,2
251,531,3,2
251,532,3,2
251,533,3,2
251,534,3,2
251,535,3,2
251,536,3,2
251,537,3,2
251,538,3,2
251,539,3,3
251,540,3,3
251,541,3,3
251,542,3,3
251,543,3,3
251,544,3,3
251,545,3,3
251,546,3,3
251,547,3,3
251,548,3,3
251,549,3,3
251,550,3,3
251,551,3,3
251,552,3,3
251,553,3,3
251,554,3,3
251,555,3,3
251,556,3,3
251,557,3,3
251,558,3,3
251,559,3,3
251,560,3,3
251,561,3,3
251,562,3,3
251,563,3,3
251,564,3,3
251,565,3,3
251,566,3,3
251,567,3,3
251,568,3,3
251,569,3,3
251,570,3,3
251,571,3,3
251,572,3,3
251,573,3,3
251,574,3,3
251,575,3,3
251,576,3,3
251,577,3,3
251,578,3,3
251,579,3,3
251,580,3,3
251,581,3,3
251,582,3,3
251,583,3,3
251,584,3,3
251,585,3,3
251,586,3,3
251,587,3,3
251,588,3,3
251,589,3,3
251,590,3,3
251,591,3,3
251,592,3,3
251,593,3,3
251,594,3,3
251,595,3,3
251,596,3,3
251,597,3,3
251,598,3,3
251,599,3,3
251,600,3,3
251,601,3,3
251,602,3,3
251,603,3,3
251,604,3,3
251,605,3,3
251,606,3,3
251,607,3,3
251,608,3,3
251,609,3,3
251,610,3,3
251,611,3,3
251,612,3,3
251,613,3,3
251,614,3,3
251,615,3,3
251,616,3,3
251,617,3,3
251,618,3,3
251,619,3,2
251,620,3,2
251,621,3,2
251,622,3,2
251,623,3,2
251,624,3,2
251,625,3,3
251,626,3,3
251,627,3,3
251,628,3,3
251,629,3,3
251,630,3,3
251,631,3,3
251,632,3,3
251,633,3,3
251,634,3,3
251,635,3,2
251,636,3,2
251,637,3,2
251,638,3,2
251,639,3,2
251,640,3,2
251,641,3,2
251,642,3,2
251,643,3,2
251,644,3,2
251,645,3,2
251,646,3,2
251,647,3,2
251,648,3,2
251,649,3,2
251,650,3,2
251,651,3,2
251,652,3,2
251,653,3,2
251,654,3,2
251,655,3,2
251,656,3,2
251,657,3,2
251,658,3,2
251,659,3,2
251,660,3,2
251,661,3,2
251,662,3,2
251,663,3,2
251,664,3,2
251,665,3,2
251,666,3,2
251,667,3,2
251,668,3,2
251,669,3,2
251,670,3,2
251,671,3,2
251,672,3,2
251,673,3,2
251,674,3,2
251,675,3,2
251,676,3,2
251,677,3,2
251,678,3,2
251,679,3,2
251,680,3,2
251,681,3,2
251,682,3,2
251,683,3,2
251,684,3,2
251,685,3,2
251,686,3,2
251,687,3,2
251,688,3,2
251,689,3,2
251,690,3,2
251,691,3,2
251,692,3,2
251,693,3,2
251,694,3,2
251,695,3,2
251,696,3,2
251,697,3,2
251,698,3,2
251,699,3,2
251,700,3,2
251,701,3,2
251,702,3,2
251,703,3,2
251,704,3,2
251,705,3,2
251,706,3,2
251,707,3,2
251,708,3,2
251,709,3,2
251,710,3,2
251,711,3,2
251,712,3,2
251,713,3,2
251,714,3,2
251,715,3,2
251,716,3,2
251,717,3,2
251,718,3,2
251,719,3,2
251,720,3,2
251,721,3,2
251,722,3,2
251,723,3,2
251,724,3,2
251,725,3,2
251,726,3,2
251,727,3,2
251,728,3,2
251,729,3,2
251,730,3,2
251,731,3,2
251,732,3,2
251,733,3,2
251,734,3,2
251,735,3,2
251,736,3,2
252,112,3,2
252,113,3,2
252,114,3,2
252,115,3,2
252,116,3,2
252,117,3,2
252,118,3,2
252,119,3,2
252,120,3,2
252,121,3,2
252,122,3,2
252,123,3,2
252,124,3,2
252,125,3,2
252,126,3,2
252,127,3,2
252,128,3,2
252,129,3,2
252,130,3,2
252,131,3,2
252,132,3,2
252,133,3,2
252,134,3,2
252,135,3,2
252,136,3,2
252,137,3,2
252,138,3,2
252,139,3,2
252,140,3,2
252,141,3,2
252,142,3,2
252,143,3,2
252,144,3,2
252,145,3,2
252,146,3,2
252,147,3,2
252,148,3,2
252,149,3,2
252,150,3,2
252,151,3,2
252,152,3,2
252,153,3,2
252,154,3,2
252,155,3,2
252,156,3,2
252,157,3,2
252,158,3,2
252,159,3,2
252,160,3,2
252,161,3,2
252,162,3,2
252,163,3,2
252,164,3,2
252,165,3,2
252,166,3,2
252,167,3,2
252,168,3,2
252,169,3,2
252,170,3,2
252,171,3,2
252,172,3,2
252,173,3,2
252,174,3,2
252,175,3,2
252,176,3,2
252,177,3,2
252,178,3,2
252,179,3,2
252,180,3,2
252,181,3,2
252,182,3,2
252,183,3,2
252,184,3,2
252,185,3,2
252,186,3,2
252,187,3,2
252,188,3,2
252,189,3,2
252,190,3,2
252,191,3,2
252,192,3,2
252,193,3,2
252,194,3,2
252,195,3,2
252,196,3,2
252,197,3,2
252,198,3,2
252,199,3,2
252,200,3,2
252,201,3,2
252,202,3,2
252,203,3,2
252,204,3,2
252,205,3,2
252,206,3,2
252,207,3,2
252,208,3,2
252,209,3,2
252,210,3,2
252,211,3,2
252,212,3,2
252,213,3,2
252,214,3,2
252,215,3,2
252,216,3,2
252,217,3,2
252,218,3,2
252,219,3,2
252,220,3,2
252,221,3,2
252,222,3,2
252,223,3,2
252,224,3,2
252,225,3,2
252,226,3,2
252,227,3,2
252,228,3,2
252,229,3,2
252,230,3,2
252,231,3,2
252,232,3,2
252,233,3,2
252,234,3,2
252,235,3,2
252,236,3,2
252,237,3,2
252,238,3,2
252,239,3,2
252,240,3,2
252,241,3,2
252,242,3,2
252,243,3,2
252,244,3,2
252,245,3,2
252,246,3,2
252,247,3,2
252,248,3,2
252,249,3,2
252,250,3,2
252,251,3,2
252,252,3,2
252,253,3,2
252,254,3,2
252,255,3,2
252,256,3,2
252,257,3,2
252,258,3,2
252,259,3,2
252,260,3,2
252,261,3,2
252,262,3,2
252,263,3,2
252,264,3,2
252,265,3,2
252,266,3,2
252,267,3,2
252,268,3,2
252,269,3,2
252,270,3,2
252,271,3,2
252,272,3,2
252,273,3,2
252,274,3,2
252,275,3,2
252,276,3,2
252,277,3,2
252,278,3,2
252,279,3,2
252,280,3,2
252,281,3,2
252,282,3,2
252,283,3,2
252,284,3,2
252,285,3,2
252,286,3,2
252,287,3,2
252,288,3,2
252,289,3,2
252,290,3,2
252,291,3,2
252,292,3,2
252,293,3,2
252,294,3,2
252,295,3,2
252,296,3,2
252,297,3,2
252,298,3,2
252,299,3,2
252,300,3,2
252,301,3,2
252,302,3,2
252,303,3,2
252,304,3,2
252,305,3,2
252,306,3,2
252,307,3,2
252,308,3,2
252,309,3,2
252,310,3,2
252,311,3,2
252,312,3,2
252,313,3,2
252,314,3,2
252,315,3,2
252,316,3,2
252,317,3,2
252,318,3,2
252,319,3,2
252,320,3,2
252,321,3,2
252,322,3,2
252,323,3,2
252,324,3,2
252,325,3,2
252,326,3,2
252,327,3,2
252,328,3,2
252,329,3,2
252,330,3,2
252,331,3,2
252,332,3,2
252,333,3,2
252,334,3,2
252,335,3,2
252,336,3,2
252,337,3,2
252,338,3,2
252,339,3,2
252,340,3,2
252,341,3,2
252,342,3,2
252,343,3,2
252,344,3,2
252,345,3,2
252,346,3,2
252,347,3,2
252,348,3,2
252,349,3,2
252,350,3,2
252,351,3,2
252,352,3,2
252,353,3,2
252,354,3,2
252,355,3,2
252,356,3,2
252,357,3,2
252,358,3,2
252,359,3,2
252,360,3,2
252,361,3,2
252,362,3,2
252,363,3,2
252,364,3,2
252,365,3,2
252,366,3,2
252,367,3,2
252,368,3,2
252,369,3,2
252,370,3,2
252,371,3,2
252,372,3,2
252,373,3,2
252,374,3,2
252,375,3,2
252,376,3,2
252,377,3,2
252,378,3,2
252,379,3,2
252,380,3,2
252,381,3,2
252,382,3,2
252,383,3,2
252,384,3,2
252,385,3,2
252,386,3,2
252,387,3,2
252,388,3,2
252,389,3,2
252,390,3,2
252,391,3,2
252,392,3,2
252,393,3,2
252,394,3,2
252,395,3,2
252,396,3,2
252,397,3,2
252,398,3,2
252,399,3,2
252,400,3,2
252,401,3,2
252,402,3,2
252,403,3,2
252,404,3,2
252,405,3,2
252,406,3,2
252,407,3,2
252,408,3,2
252,409,3,2
252,410,3,2
252,411,3,2
252,412,3,2
252,413,3,2
252,414,3,2
252,415,3,2
252,416,3,2
252,417,3,2
252,418,3,2
252,419,3,2
252,420,3,2
252,421,3,2
252,422,3,2
252,423,3,2
252,424,3,2
252,425,3,2
252,426,3,2
252,427,3,2
252,428,3,2
252,429,3,2
252,430,3,2
252,431,3,2
252,432,3,2
252,433,3,2
252,434,3,2
252,435,3,2
252,436,3,2
252,437,3,2
252,438,3,2
252,439,3,2
252,440,3,2
252,441,3,2
252,442,3,2
252,443,3,2
252,444,3,2
252,445,3,2
252,446,3,2
252,447,3,2
252,448,3,2
252,449,3,2
252,450,3,2
252,451,3,2
252,452,3,2
252,453,3,2
252,454,3,2
252,455,3,2
252,456,3,2
252,457,3,2
252,458,3,2
252,459,3,2
252,460,3,2
252,461,3,2
252,462,3,2
252,463,3,2
252,464,3,2
252,465,3,2
252,466,3,2
252,467,3,2
252,468,3,2
252,469,3,2
252,470,3,2
252,471,3,2
252,472,3,2
252,473,3,2
252,474,3,2
252,475,3,2
252,476,3,2
252,477,3,2
252,478,3,2
252,479,3,2
252,480,3,2
252,481,3,2
252,482,3,2
252,483,3,2
252,484,3,2
252,485,3,2
252,486,3,2
252,487,3,2
252,488,3,2
252,489,3,2
252,490,3,2
252,491,3,2
252,492,3,2
252,493,3,2
252,494,3,2
252,495,3,2
252,496,3,2
252,497,3,2
252,498,3,2
252,499,3,2
252,500,3,2
252,501,3,2
252,502,3,3
252,503,3,3
252,504,3,3
252,505,3,3
252,506,3,3
252,507,3,3
252,508,3,2
252,509,3,2
252,510,3,3
252,511,3,3
252,512,3,3
252,513,3,3
252,514,3,3
252,515,3,3
252,516,3,3
252,517,3,3
252,518,3,3
252,519,3,3
252,520,3,3
252,521,3,2
252,522,3,2
252,523,3,2
252,524,3,2
252,525,3,2
252,526,3,2
252,527,3,2
252,528,3,2
252,529,3,2
252,530,3,2
252,531,3,2
252,532,3,2
252,533,3,2
252,534,3,2
252,535,3,2
252,536,3,2
252,537,3,2
252,538,3,2
252,539,3,3
252,540,3,3
252,541,3,3
252,542,3,3
252,543,3,3
252,544,3,3
252,545,3,3
252,546,3,3
252,547,3,3
252,548,3,3
252,549,3,3
252,550,3,3
252,551,3,3
252,552,3,3
252,553,3,3
252,554,3,3
252,555,3,3
252,556,3,3
252,557,3,3
252,558,3,3
252,559,3,3
252,560,3,3
252,561,3,3
252,562,3,3
252,563,3,3
252,564,3,3
252,565,3,3
252,566,3,3
252,567,3,3
252,568,3,3
252,569,3,3
252,570,3,3
252,571,3,3
252,572,3,3
252,573,3,3
252,574,3,3
252,575,3,3
252,576,3,3
252,577,3,3
252,578,3,3
252,579,3,3
252,580,3,3
252,581,3,3
252,582,3,3
252,583,3,3
252,584,3,3
252,585,3,3
252,586,3,3
252,587,3,3
252,588,3,3
252,589,3,3
252,590,3,3
252,591,3,3
252,592,3,3
252,593,3,3
252,594,3,3
252,595,3,3
252,596,3,3
252,597,3,3
252,598,3,3
252,599,3,3
252,600,3,3
252,601,3,3
252,602,3,3
252,603,3,3
252,604,3,3
252,605,3,3
252,606,3,3
252,607,3,3
252,608,3,3
252,609,3,3
252,610,3,3
252,611,3,3
252,612,3,3
252,613,3,3
252,614,3,3
252,615,3,3
252,616,3,3
252,617,3,3
252,618,3,2
252,619,3,2
252,620,3,2
252,621,3,2
252,622,3,2
252,623,3,2
252,624,3,2
252,625,3,3
252,626,3,3
252,627,3,3
252,628,3,3
252,629,3,3
252,630,3,3
252,631,3,3
252,632,3,3
252,633,3,3
252,634,3,3
252,635,3,2
252,636,3,2
252,637,3,2
252,638,3,2
252,639,3,2
252,640,3,2
252,641,3,2
252,642,3,2
252,643,3,2
252,644,3,2
252,645,3,2
252,646,3,2
252,647,3,2
252,648,3,2
252,649,3,2
252,650,3,2
252,651,3,2
252,652,3,2
252,653,3,2
252,654,3,2
252,655,3,2
252,656,3,2
252,657,3,2
252,658,3,2
252,659,3,2
252,660,3,2
252,661,3,2
252,662,3,2
252,663,3,2
252,664,3,2
252,665,3,2
252,666,3,2
252,667,3,2
252,668,3,2
252,669,3,2
252,670,3,2
252,671,3,2
252,672,3,2
252,673,3,2
252,674,3,2
252,675,3,2
252,676,3,2
252,677,3,2
252,678,3,2
252,679,3,2
252,680,3,2
252,681,3,2
252,682,3,2
252,683,3,2
252,684,3,2
252,685,3,2
252,686,3,2
252,687,3,2
252,688,3,2
252,689,3,2
252,690,3,2
252,691,3,2
252,692,3,2
252,693,3,2
252,694,3,2
252,695,3,2
252,696,3,2
252,697,3,2
252,698,3,2
252,699,3,2
252,700,3,2
252,701,3,2
252,702,3,2
252,703,3,2
252,704,3,2
252,705,3,2
252,706,3,2
252,707,3,2
252,708,3,2
252,709,3,2
252,710,3,2
252,711,3,2
252,712,3,2
252,713,3,2
252,714,3,2
252,715,3,2
252,716,3,2
252,717,3,2
252,718,3,2
252,719,3,2
252,720,3,2
252,721,3,2
252,722,3,2
252,723,3,2
252,724,3,2
252,725,3,2
252,726,3,2
252,727,3,2
252,728,3,2
252,729,3,2
252,730,3,2
252,731,3,2
252,732,3,2
252,733,3,2
252,734,3,2
252,735,3,2
253,112,3,2
253,113,3,2
253,114,3,2
253,115,3,2
253,116,3,2
253,117,3,2
253,118,3,2
253,119,3,2
253,120,3,2
253,121,3,2
253,122,3,2
253,123,3,2
253,124,3,2
253,125,3,2
253,126,3,2
253,127,3,2
253,128,3,2
253,129,3,2
253,130,3,2
253,131,3,2
253,132,3,2
253,133,3,2
253,134,3,2
253,135,3,2
253,136,3,2
253,137,3,2
253,138,3,2
253,139,3,2
253,140,3,2
253,141,3,2
253,142,3,2
253,143,3,2
253,144,3,2
253,145,3,2
253,146,3,2
253,147,3,2
253,148,3,2
253,149,3,2
253,150,3,2
253,151,3,2
253,152,3,2
253,153,3,2
253,154,3,2
253,155,3,2
253,156,3,2
253,157,3,2
253,158,3,2
253,159,3,2
253,160,3,2
253,161,3,2
253,162,3,2
253,163,3,2
253,164,3,2
253,165,3,2
253,166,3,2
253,167,3,2
253,168,3,2
253,169,3,2
253,170,3,2
253,171,3,2
253,172,3,2
253,173,3,2
253,174,3,2
253,175,3,2
253,176,3,2
253,177,3,2
253,178,3,2
253,179,3,2
253,180,3,2
253,181,3,2
253,182,3,2
253,183,3,2
253,184,3,2
253,185,3,2
253,186,3,2
253,187,3,2
253,188,3,2
253,189,3,2
253,190,3,2
253,191,3,2
253,192,3,2
253,193,3,2
253,194,3,2
253,195,3,2
253,196,3,2
253,197,3,2
253,198,3,2
253,199,3,2
253,200,3,2
253,201,3,2
253,202,3,2
253,203,3,2
253,204,3,2
253,205,3,2
253,206,3,2
253,207,3,2
253,208,3,2
253,209,3,2
253,210,3,2
253,211,3,2
253,212,3,2
253,213,3,2
253,214,3,2
253,215,3,2
253,216,3,2
253,217,3,2
253,218,3,2
253,219,3,2
253,220,3,2
253,221,3,2
253,222,3,2
253,223,3,2
253,224,3,2
253,225,3,2
253,226,3,2
253,227,3,2
253,228,3,2
253,229,3,2
253,230,3,2
253,231,3,2
253,232,3,2
253,233,3,2
253,234,3,2
253,235,3,2
253,236,3,2
253,237,3,2
253,238,3,2
253,239,3,2
253,240,3,2
253,241,3,2
253,242,3,2
253,243,3,2
253,244,3,2
253,245,3,2
253,246,3,2
253,247,3,2
253,248,3,2
253,249,3,2
253,250,3,2
253,251,3,2
253,252,3,2
253,253,3,2
253,254,3,2
253,255,3,2
253,256,3,2
253,257,3,2
253,258,3,2
253,259,3,2
253,260,3,2
253,261,3,2
253,262,3,2
253,263,3,2
253,264,3,2
253,265,3,2
253,266,3,2
253,267,3,2
253,268,3,2
253,269,3,2
253,270,3,2
253,271,3,2
253,272,3,2
253,273,3,2
253,274,3,2
253,275,3,2
253,276,3,2
253,277,3,2
253,278,3,2
253,279,3,2
253,280,3,2
253,281,3,2
253,282,3,2
253,283,3,2
253,284,3,2
253,285,3,2
253,286,3,2
253,287,3,2
253,288,3,2
253,289,3,2
253,290,3,2
253,291,3,2
253,292,3,2
253,293,3,2
253,294,3,2
253,295,3,2
253,296,3,2
253,297,3,2
253,298,3,2
253,299,3,2
253,300,3,2
253,301,3,2
253,302,3,2
253,303,3,2
253,304,3,2
253,305,3,2
253,306,3,2
253,307,3,2
253,308,3,2
253,309,3,2
253,310,3,2
253,311,3,2
253,312,3,2
253,313,3,2
253,314,3,2
253,315,3,2
253,316,3,2
253,317,3,2
253,318,3,2
253,319,3,2
253,320,3,2
253,321,3,2
253,322,3,2
253,323,3,2
253,324,3,2
253,325,3,2
253,326,3,2
253,327,3,2
253,328,3,2
253,329,3,2
253,330,3,2
253,331,3,2
253,332,3,2
253,333,3,2
253,334,3,2
253,335,3,2
253,336,3,2
253,337,3,2
253,338,3,2
253,339,3,2
253,340,3,2
253,341,3,2
253,342,3,2
253,343,3,2
253,344,3,2
253,345,3,2
253,346,3,2
253,347,3,2
253,348,3,2
253,349,3,2
253,350,3,2
253,351,3,2
253,352,3,2
253,353,3,2
253,354,3,2
253,355,3,2
253,356,3,2
253,357,3,2
253,358,3,2
253,359,3,2
253,360,3,2
253,361,3,2
253,362,3,2
253,363,3,2
253,364,3,2
253,365,3,2
253,366,3,2
253,367,3,2
253,368,3,2
253,369,3,2
253,370,3,2
253,371,3,2
253,372,3,2
253,373,3,2
253,374,3,2
253,375,3,2
253,376,3,2
253,377,3,2
253,378,3,2
253,379,3,2
253,380,3,2
253,381,3,2
253,382,3,2
253,383,3,2
253,384,3,2
253,385,3,2
253,386,3,2
253,387,3,2
253,388,3,2
253,389,3,2
253,390,3,2
253,391,3,2
253,392,3,2
253,393,3,2
253,394,3,2
253,395,3,2
253,396,3,2
253,397,3,2
253,398,3,2
253,399,3,2
253,400,3,2
253,401,3,2
253,402,3,2
253,403,3,2
253,404,3,2
253,405,3,2
253,406,3,2
253,407,3,2
253,408,3,2
253,409,3,2
253,410,3,2
253,411,3,2
253,412,3,2
253,413,3,2
253,414,3,2
253,415,3,2
253,416,3,2
253,417,3,2
253,418,3,2
253,419,3,2
253,420,3,2
253,421,3,2
253,422,3,2
253,423,3,2
253,424,3,2
253,425,3,2
253,426,3,2
253,427,3,2
253,428,3,2
253,429,3,2
253,430,3,2
253,431,3,2
253,432,3,2
253,433,3,2
253,434,3,2
253,435,3,2
253,436,3,2
253,437,3,2
253,438,3,2
253,439,3,2
253,440,3,2
253,441,3,2
253,442,3,2
253,443,3,2
253,444,3,2
253,445,3,2
253,446,3,2
253,447,3,2
253,448,3,2
253,449,3,2
253,450,3,2
253,451,3,2
253,452,3,2
253,453,3,2
253,454,3,2
253,455,3,2
253,456,3,2
253,457,3,2
253,458,3,2
253,459,3,2
253,460,3,2
253,461,3,2
253,462,3,2
253,463,3,2
253,464,3,2
253,465,3,2
253,466,3,2
253,467,3,2
253,468,3,2
253,469,3,2
253,470,3,2
253,471,3,2
253,472,3,2
253,473,3,2
253,474,3,2
253,475,3,2
253,476,3,2
253,477,3,2
253,478,3,2
253,479,3,2
253,480,3,2
253,481,3,2
253,482,3,2
253,483,3,2
253,484,3,2
253,485,3,2
253,486,3,2
253,487,3,2
253,488,3,2
253,489,3,2
253,490,3,2
253,491,3,2
253,492,3,2
253,493,3,2
253,494,3,2
253,495,3,2
253,496,3,2
253,497,3,2
253,498,3,2
253,499,3,2
253,500,3,2
253,501,3,2
253,502,3,2
253,503,3,2
253,504,3,2
253,505,3,2
253,506,3,2
253,507,3,2
253,508,3,2
253,509,3,2
253,510,3,2
253,511,3,2
253,512,3,3
253,513,3,2
253,514,3,2
253,515,3,2
253,516,3,3
253,517,3,3
253,518,3,3
253,519,3,3
253,520,3,2
253,521,3,2
253,522,3,2
253,523,3,2
253,524,3,2
253,525,3,2
253,526,3,2
253,527,3,2
253,528,3,2
253,529,3,2
253,530,3,2
253,531,3,2
253,532,3,2
253,533,3,2
253,534,3,2
253,535,3,2
253,536,3,2
253,537,3,2
253,538,3,3
253,539,3,3
253,540,3,3
253,541,3,3
253,542,3,3
253,543,3,3
253,544,3,3
253,545,3,3
253,546,3,3
253,547,3,3
253,548,3,3
253,549,3,3
253,550,3,3
253,551,3,3
253,552,3,3
253,553,3,3
253,554,3,3
253,555,3,3
253,556,3,3
253,557,3,3
253,558,3,3
253,559,3,3
253,560,3,3
253,561,3,3
253,562,3,3
253,563,3,3
253,564,3,3
253,565,3,3
253,566,3,3
253,567,3,3
253,568,3,3
253,569,3,3
253,570,3,3
253,571,3,3
253,572,3,3
253,573,3,3
253,574,3,3
253,575,3,3
253,576,3,3
253,577,3,3
253,578,3,3
253,579,3,3
253,580,3,3
253,581,3,3
253,582,3,3
253,583,3,3
253,584,3,3
253,585,3,3
253,586,3,3
253,587,3,3
253,588,3,3
253,589,3,3
253,590,3,3
253,591,3,3
253,592,3,3
253,593,3,3
253,594,3,3
253,595,3,3
253,596,3,3
253,597,3,3
253,598,3,3
253,599,3,3
253,600,3,3
253,601,3,3
253,602,3,3
253,603,3,3
253,604,3,3
253,605,3,3
253,606,3,3
253,607,3,3
253,608,3,3
253,609,3,3
253,610,3,3
253,611,3,3
253,612,3,3
253,613,3,3
253,614,3,3
253,615,3,3
253,616,3,3
253,617,3,3
253,618,3,2
253,619,3,2
253,620,3,2
253,621,3,2
253,622,3,2
253,623,3,2
253,624,3,3
253,625,3,3
253,626,3,3
253,627,3,3
253,628,3,3
253,629,3,3
253,630,3,3
253,631,3,3
253,632,3,3
253,633,3,3
253,634,3,3
253,635,3,3
253,636,3,3
253,637,3,3
253,638,3,3
253,639,3,2
253,640,3,2
253,641,3,2
253,642,3,2
253,643,3,2
253,644,3,2
253,645,3,2
253,646,3,2
253,647,3,2
253,648,3,2
253,649,3,2
253,650,3,2
253,651,3,2
253,652,3,2
253,653,3,2
253,654,3,2
253,655,3,2
253,656,3,2
253,657,3,2
253,658,3,2
253,659,3,2
253,660,3,2
253,661,3,2
253,662,3,2
253,663,3,2
253,664,3,2
253,665,3,2
253,666,3,2
253,667,3,2
253,668,3,2
253,669,3,2
253,670,3,2
253,671,3,2
253,672,3,2
253,673,3,2
253,674,3,2
253,675,3,2
253,676,3,2
253,677,3,2
253,678,3,2
253,679,3,2
253,680,3,2
253,681,3,2
253,682,3,2
253,683,3,2
253,684,3,2
253,685,3,2
253,686,3,2
253,687,3,2
253,688,3,2
253,689,3,2
253,690,3,2
253,691,3,2
253,692,3,2
253,693,3,2
253,694,3,2
253,695,3,2
253,696,3,2
253,697,3,2
253,698,3,2
253,699,3,2
253,700,3,2
253,701,3,2
253,702,3,2
253,703,3,2
253,704,3,2
253,705,3,2
253,706,3,2
253,707,3,2
253,708,3,2
253,709,3,2
253,710,3,2
253,711,3,2
253,712,3,2
253,713,3,2
253,714,3,2
253,715,3,2
253,716,3,2
253,717,3,2
253,718,3,2
253,719,3,2
253,720,3,2
253,721,3,2
253,722,3,2
253,723,3,2
253,724,3,2
253,725,3,2
253,726,3,2
253,727,3,2
253,728,3,2
253,729,3,2
253,730,3,2
254,112,3,2
254,113,3,2
254,114,3,2
254,115,3,2
254,116,3,2
254,117,3,2
254,118,3,2
254,119,3,2
254,120,3,2
254,121,3,2
254,122,3,2
254,123,3,2
254,124,3,2
254,125,3,2
254,126,3,2
254,127,3,2
254,128,3,2
254,129,3,2
254,130,3,2
254,131,3,2
254,132,3,2
254,133,3,2
254,134,3,2
254,135,3,2
254,136,3,2
254,137,3,2
254,138,3,2
254,139,3,2
254,140,3,2
254,141,3,2
254,142,3,2
254,143,3,2
254,144,3,2
254,145,3,2
254,146,3,2
254,147,3,2
254,148,3,2
254,149,3,2
254,150,3,2
254,151,3,2
254,152,3,2
254,153,3,2
254,154,3,2
254,155,3,2
254,156,3,2
254,157,3,2
254,158,3,2
254,159,3,2
254,160,3,2
254,161,3,2
254,162,3,2
254,163,3,2
254,164,3,2
254,165,3,2
254,166,3,2
254,167,3,2
254,168,3,2
254,169,3,2
254,170,3,2
254,171,3,2
254,172,3,2
254,173,3,2
254,174,3,2
254,175,3,2
254,176,3,2
254,177,3,2
254,178,3,2
254,179,3,2
254,180,3,2
254,181,3,2
254,182,3,2
254,183,3,2
254,184,3,2
254,185,3,2
254,186,3,2
254,187,3,2
254,188,3,2
254,189,3,2
254,190,3,2
254,191,3,2
254,192,3,2
254,193,3,2
254,194,3,2
254,195,3,2
254,196,3,2
254,197,3,2
254,198,3,2
254,199,3,2
254,200,3,2
254,201,3,2
254,202,3,2
254,203,3,2
254,204,3,2
254,205,3,2
254,206,3,2
254,207,3,2
254,208,3,2
254,209,3,2
254,210,3,2
254,211,3,2
254,212,3,2
254,213,3,2
254,214,3,2
254,215,3,2
254,216,3,2
254,217,3,2
254,218,3,2
254,219,3,2
254,220,3,2
254,221,3,2
254,222,3,2
254,223,3,2
254,224,3,2
254,225,3,2
254,226,3,2
254,227,3,2
254,228,3,2
254,229,3,2
254,230,3,2
254,231,3,2
254,232,3,2
254,233,3,2
254,234,3,2
254,235,3,2
254,236,3,2
254,237,3,2
254,238,3,2
254,239,3,2
254,240,3,2
254,241,3,2
254,242,3,2
254,243,3,2
254,244,3,2
254,245,3,2
254,246,3,2
254,247,3,2
254,248,3,2
254,249,3,2
254,250,3,2
254,251,3,2
254,252,3,2
254,253,3,2
254,254,3,2
254,255,3,2
254,256,3,2
254,257,3,2
254,258,3,2
254,259,3,2
254,260,3,2
254,261,3,2
254,262,3,2
254,263,3,2
254,264,3,2
254,265,3,2
254,266,3,2
254,267,3,2
254,268,3,2
254,269,3,2
254,270,3,2
254,271,3,2
254,272,3,2
254,273,3,2
254,274,3,2
254,275,3,2
254,276,3,2
254,277,3,2
254,278,3,2
254,279,3,2
254,280,3,2
254,281,3,2
254,282,3,2
254,283,3,2
254,284,3,2
254,285,3,2
254,286,3,2
254,287,3,2
254,288,3,2
254,289,3,2
254,290,3,2
254,291,3,2
254,292,3,2
254,293,3,2
254,294,3,2
254,295,3,2
254,296,3,2
254,297,3,2
254,298,3,2
254,299,3,2
254,300,3,2
254,301,3,2
254,302,3,2
254,303,3,2
254,304,3,2
254,305,3,2
254,306,3,2
254,307,3,2
254,308,3,2
254,309,3,2
254,310,3,2
254,311,3,2
254,312,3,2
254,313,3,2
254,314,3,2
254,315,3,2
254,316,3,2
254,317,3,2
254,318,3,2
254,319,3,2
254,320,3,2
254,321,3,2
254,322,3,2
254,323,3,2
254,324,3,2
254,325,3,2
254,326,3,2
254,327,3,2
254,328,3,2
254,329,3,2
254,330,3,2
254,331,3,2
254,332,3,2
254,333,3,2
254,334,3,2
254,335,3,2
254,336,3,2
254,337,3,2
254,338,3,2
254,339,3,2
254,340,3,2
254,341,3,2
254,342,3,2
254,343,3,2
254,344,3,2
254,345,3,2
254,346,3,2
254,347,3,2
254,348,3,2
254,349,3,2
254,350,3,2
254,351,3,2
254,352,3,2
254,353,3,2
254,354,3,2
254,355,3,2
254,356,3,2
254,357,3,2
254,358,3,2
254,359,3,2
254,360,3,2
254,361,3,2
254,362,3,2
254,363,3,2
254,364,3,2
254,365,3,2
254,366,3,2
254,367,3,2
254,368,3,2
254,369,3,2
254,370,3,2
254,371,3,2
254,372,3,2
254,373,3,2
254,374,3,2
254,375,3,2
254,376,3,2
254,377,3,2
254,378,3,2
254,379,3,2
254,380,3,2
254,381,3,2
254,382,3,2
254,383,3,2
254,384,3,2
254,385,3,2
254,386,3,2
254,387,3,2
254,388,3,2
254,389,3,2
254,390,3,2
254,391,3,2
254,392,3,2
254,393,3,2
254,394,3,2
254,395,3,2
254,396,3,2
254,397,3,2
254,398,3,2
254,399,3,2
254,400,3,2
254,401,3,2
254,402,3,2
254,403,3,2
254,404,3,2
254,405,3,2
254,406,3,2
254,407,3,2
254,408,3,2
254,409,3,2
254,410,3,2
254,411,3,2
254,412,3,2
254,413,3,2
254,414,3,2
254,415,3,2
254,416,3,2
254,417,3,2
254,418,3,2
254,419,3,2
254,420,3,2
254,421,3,2
254,422,3,2
254,423,3,2
254,424,3,2
254,425,3,2
254,426,3,2
254,427,3,2
254,428,3,2
254,429,3,2
254,430,3,2
254,431,3,2
254,432,3,2
254,433,3,2
254,434,3,2
254,435,3,2
254,436,3,2
254,437,3,2
254,438,3,2
254,439,3,2
254,440,3,2
254,441,3,2
254,442,3,2
254,443,3,2
254,444,3,2
254,445,3,2
254,446,3,2
254,447,3,2
254,448,3,2
254,449,3,2
254,450,3,2
254,451,3,2
254,452,3,2
254,453,3,2
254,454,3,2
254,455,3,2
254,456,3,2
254,457,3,2
254,458,3,2
254,459,3,2
254,460,3,2
254,461,3,2
254,462,3,2
254,463,3,2
254,464,3,2
254,465,3,2
254,466,3,2
254,467,3,2
254,468,3,2
254,469,3,2
254,470,3,2
254,471,3,2
254,472,3,2
254,473,3,2
254,474,3,2
254,475,3,2
254,476,3,2
254,477,3,2
254,478,3,2
254,479,3,2
254,480,3,2
254,481,3,2
254,482,3,2
254,483,3,2
254,484,3,2
254,485,3,2
254,486,3,2
254,487,3,2
254,488,3,2
254,489,3,2
254,490,3,2
254,491,3,2
254,492,3,2
254,493,3,2
254,494,3,2
254,495,3,2
254,496,3,2
254,497,3,2
254,498,3,2
254,499,3,2
254,500,3,2
254,501,3,2
254,502,3,2
254,503,3,2
254,504,3,2
254,505,3,2
254,506,3,2
254,507,3,2
254,508,3,2
254,509,3,2
254,510,3,2
254,511,3,2
254,512,3,2
254,513,3,2
254,514,3,2
254,515,3,2
254,516,3,2
254,517,3,2
254,518,3,3
254,519,3,2
254,520,3,2
254,521,3,2
254,522,3,2
254,523,3,2
254,524,3,2
254,525,3,2
254,526,3,2
254,527,3,2
254,528,3,2
254,529,3,2
254,530,3,2
254,531,3,2
254,532,3,2
254,533,3,2
254,534,3,2
254,535,3,2
254,536,3,2
254,537,3,2
254,538,3,3
254,539,3,3
254,540,3,3
254,541,3,3
254,542,3,3
254,543,3,3
254,544,3,3
254,545,3,3
254,546,3,3
254,547,3,3
254,548,3,3
254,549,3,3
254,550,3,3
254,551,3,3
254,552,3,3
254,553,3,3
254,554,3,3
254,555,3,3
254,556,3,3
254,557,3,3
254,558,3,3
254,559,3,3
254,560,3,3
254,561,3,3
254,562,3,3
254,563,3,3
254,564,3,3
254,565,3,3
254,566,3,3
254,567,3,3
254,568,3,3
254,569,3,3
254,570,3,3
254,571,3,3
254,572,3,3
254,573,3,3
254,574,3,3
254,575,3,3
254,576,3,3
254,577,3,3
254,578,3,3
254,579,3,3
254,580,3,3
254,581,3,3
254,582,3,3
254,583,3,3
254,584,3,3
254,585,3,3
254,586,3,3
254,587,3,3
254,588,3,3
254,589,3,3
254,590,3,3
254,591,3,3
254,592,3,3
254,593,3,3
254,594,3,3
254,595,3,3
254,596,3,3
254,597,3,3
254,598,3,3
254,599,3,3
254,600,3,3
254,601,3,3
254,602,3,3
254,603,3,3
254,604,3,3
254,605,3,3
254,606,3,3
254,607,3,3
254,608,3,3
254,609,3,3
254,610,3,3
254,611,3,3
254,612,3,3
254,613,3,3
254,614,3,3
254,615,3,3
254,616,3,3
254,617,3,3
254,618,3,3
254,619,3,2
254,620,3,2
254,621,3,2
254,622,3,2
254,623,3,3
254,624,3,3
254,625,3,3
254,626,3,3
254,627,3,3
254,628,3,3
254,629,3,3
254,630,3,3
254,631,3,3
254,632,3,3
254,633,3,3
254,634,3,3
254,635,3,3
254,636,3,3
254,637,3,3
254,638,3,3
254,639,3,2
254,640,3,2
254,641,3,2
254,642,3,2
254,643,3,2
254,644,3,2
254,645,3,2
254,646,3,2
254,647,3,2
254,648,3,2
254,649,3,2
254,650,3,2
254,651,3,2
254,652,3,2
254,653,3,2
254,654,3,2
254,655,3,2
254,656,3,2
254,657,3,2
254,658,3,2
254,659,3,2
254,660,3,2
254,661,3,2
254,662,3,2
254,663,3,2
254,664,3,2
254,665,3,2
254,666,3,2
254,667,3,2
254,668,3,2
254,669,3,2
254,670,3,2
254,671,3,2
254,672,3,2
254,673,3,2
254,674,3,2
254,675,3,2
254,676,3,2
254,677,3,2
254,678,3,2
254,679,3,2
254,680,3,2
254,681,3,2
254,682,3,2
254,683,3,2
254,684,3,2
254,685,3,2
254,686,3,2
254,687,3,2
254,688,3,2
254,689,3,2
254,690,3,2
254,691,3,2
254,692,3,2
254,693,3,2
254,694,3,2
254,695,3,2
254,696,3,2
254,697,3,2
254,698,3,2
254,699,3,2
254,700,3,2
254,701,3,2
254,702,3,2
254,703,3,2
254,704,3,2
254,705,3,2
254,706,3,2
254,707,3,2
254,708,3,2
254,709,3,2
254,710,3,2
254,711,3,2
254,712,3,2
254,713,3,2
254,714,3,2
254,715,3,2
254,716,3,2
254,717,3,2
254,718,3,2
254,719,3,2
254,720,3,2
254,721,3,2
254,722,3,2
254,723,3,2
254,724,3,2
254,725,3,2
254,726,3,2
254,727,3,2
254,728,3,2
254,729,3,2
255,112,3,2
255,113,3,2
255,114,3,2
255,115,3,2
255,116,3,2
255,117,3,2
255,118,3,2
255,119,3,2
255,120,3,2
255,121,3,2
255,122,3,2
255,123,3,2
255,124,3,2
255,125,3,2
255,126,3,2
255,127,3,2
255,128,3,2
255,129,3,2
255,130,3,2
255,131,3,2
255,132,3,2
255,133,3,2
255,134,3,2
255,135,3,2
255,136,3,2
255,137,3,2
255,138,3,2
255,139,3,2
255,140,3,2
255,141,3,2
255,142,3,2
255,143,3,2
255,144,3,2
255,145,3,2
255,146,3,2
255,147,3,2
255,148,3,2
255,149,3,2
255,150,3,2
255,151,3,2
255,152,3,2
255,153,3,2
255,154,3,2
255,155,3,2
255,156,3,2
255,157,3,2
255,158,3,2
255,159,3,2
255,160,3,2
255,161,3,2
255,162,3,2
255,163,3,2
255,164,3,2
255,165,3,2
255,166,3,2
255,167,3,2
255,168,3,2
255,169,3,2
255,170,3,2
255,171,3,2
255,172,3,2
255,173,3,2
255,174,3,2
255,175,3,2
255,176,3,2
255,177,3,2
255,178,3,2
255,179,3,2
255,180,3,2
255,181,3,2
255,182,3,2
255,183,3,2
255,184,3,2
255,185,3,2
255,186,3,2
255,187,3,2
255,188,3,2
255,189,3,2
255,190,3,2
255,191,3,2
255,192,3,2
255,193,3,2
255,194,3,2
255,195,3,2
255,196,3,2
255,197,3,2
255,198,3,2
255,199,3,2
255,200,3,2
255,201,3,2
255,202,3,2
255,203,3,2
255,204,3,2
255,205,3,2
255,206,3,2
255,207,3,2
255,208,3,2
255,209,3,2
255,210,3,2
255,211,3,2
255,212,3,2
255,213,3,2
255,214,3,2
255,215,3,2
255,216,3,2
255,217,3,2
255,218,3,2
255,219,3,2
255,220,3,2
255,221,3,2
255,222,3,2
255,223,3,2
255,224,3,2
255,225,3,2
255,226,3,2
255,227,3,2
255,228,3,2
255,229,3,2
255,230,3,2
255,231,3,2
255,232,3,2
255,233,3,2
255,234,3,2
255,235,3,2
255,236,3,2
255,237,3,2
255,238,3,2
255,239,3,2
255,240,3,2
255,241,3,2
255,242,3,2
255,243,3,2
255,244,3,2
255,245,3,2
255,246,3,2
255,247,3,2
255,248,3,2
255,249,3,2
255,250,3,2
255,251,3,2
255,252,3,2
255,253,3,2
255,254,3,2
255,255,3,2
255,256,3,2
255,257,3,2
255,258,3,2
255,259,3,2
255,260,3,2
255,261,3,2
255,262,3,2
255,263,3,2
255,264,3,2
255,265,3,2
255,266,3,2
255,267,3,2
255,268,3,2
255,269,3,2
255,270,3,2
255,271,3,2
255,272,3,2
255,273,3,2
255,274,3,2
255,275,3,2
255,276,3,2
255,277,3,2
255,278,3,2
255,279,3,2
255,280,3,2
255,281,3,2
255,282,3,2
255,283,3,2
255,284,3,2
255,285,3,2
255,286,3,2
255,287,3,2
255,288,3,2
255,289,3,2
255,290,3,2
255,291,3,2
255,292,3,2
255,293,3,2
255,294,3,2
255,295,3,2
255,296,3,2
255,297,3,2
255,298,3,2
255,299,3,2
255,300,3,2
255,301,3,2
255,302,3,2
255,303,3,2
255,304,3,2
255,305,3,2
255,306,3,2
255,307,3,2
255,308,3,2
255,309,3,2
255,310,3,2
255,311,3,2
255,312,3,2
255,313,3,2
255,314,3,2
255,315,3,2
255,316,3,2
255,317,3,2
255,318,3,2
255,319,3,2
255,320,3,2
255,321,3,2
255,322,3,2
255,323,3,2
255,324,3,2
255,325,3,2
255,326,3,2
255,327,3,2
255,328,3,2
255,329,3,2
255,330,3,2
255,331,3,2
255,332,3,2
255,333,3,2
255,334,3,2
255,335,3,2
255,336,3,2
255,337,3,2
255,338,3,2
255,339,3,2
255,340,3,2
255,341,3,2
255,342,3,2
255,343,3,2
255,344,3,2
255,345,3,2
255,346,3,2
255,347,3,2
255,348,3,2
255,349,3,2
255,350,3,2
255,351,3,2
255,352,3,2
255,353,3,2
255,354,3,2
255,355,3,2
255,356,3,2
255,357,3,2
255,358,3,2
255,359,3,2
255,360,3,2
255,361,3,2
255,362,3,2
255,363,3,2
255,364,3,2
255,365,3,2
255,366,3,2
255,367,3,2
255,368,3,2
255,369,3,2
255,370,3,2
255,371,3,2
255,372,3,2
255,373,3,2
255,374,3,2
255,375,3,2
255,376,3,2
255,377,3,2
255,378,3,2
255,379,3,2
255,380,3,2
255,381,3,2
255,382,3,2
255,383,3,2
255,384,3,2
255,385,3,2
255,386,3,2
255,387,3,2
255,388,3,2
255,389,3,2
255,390,3,2
255,391,3,2
255,392,3,2
255,393,3,2
255,394,3,2
255,395,3,2
255,396,3,2
255,397,3,2
255,398,3,2
255,399,3,2
255,400,3,2
255,401,3,2
255,402,3,2
255,403,3,2
255,404,3,2
255,405,3,2
255,406,3,2
255,407,3,2
255,408,3,2
255,409,3,2
255,410,3,2
255,411,3,2
255,412,3,2
255,413,3,2
255,414,3,2
255,415,3,2
255,416,3,2
255,417,3,2
255,418,3,2
255,419,3,2
255,420,3,2
255,421,3,2
255,422,3,2
255,423,3,2
255,424,3,2
255,425,3,2
255,426,3,2
255,427,3,2
255,428,3,2
255,429,3,2
255,430,3,2
255,431,3,2
255,432,3,2
255,433,3,2
255,434,3,2
255,435,3,2
255,436,3,2
255,437,3,2
255,438,3,2
255,439,3,2
255,440,3,2
255,441,3,2
255,442,3,2
255,443,3,2
255,444,3,2
255,445,3,2
255,446,3,2
255,447,3,2
255,448,3,2
255,449,3,2
255,450,3,2
255,451,3,2
255,452,3,2
255,453,3,2
255,454,3,2
255,455,3,2
255,456,3,2
255,457,3,2
255,458,3,2
255,459,3,2
255,460,3,2
255,461,3,2
255,462,3,2
255,463,3,2
255,464,3,2
255,465,3,2
255,466,3,2
255,467,3,2
255,468,3,2
255,469,3,2
255,470,3,2
255,471,3,2
255,472,3,2
255,473,3,2
255,474,3,2
255,475,3,2
255,476,3,2
255,477,3,2
255,478,3,2
255,479,3,2
255,480,3,2
255,481,3,2
255,482,3,2
255,483,3,2
255,484,3,2
255,485,3,2
255,486,3,2
255,487,3,2
255,488,3,2
255,489,3,2
255,490,3,2
255,491,3,2
255,492,3,2
255,493,3,2
255,494,3,2
255,495,3,2
255,496,3,2
255,497,3,2
255,498,3,2
255,499,3,2
255,500,3,2
255,501,3,2
255,502,3,2
255,503,3,2
255,504,3,2
255,505,3,2
255,506,3,2
255,507,3,2
255,508,3,2
255,509,3,2
255,510,3,2
255,511,3,2
255,512,3,2
255,513,3,2
255,514,3,2
255,515,3,2
255,516,3,2
255,517,3,2
255,518,3,2
255,519,3,2
255,520,3,2
255,521,3,2
255,522,3,2
255,523,3,2
255,524,3,2
255,525,3,2
255,526,3,2
255,527,3,2
255,528,3,2
255,529,3,2
255,530,3,2
255,531,3,2
255,532,3,2
255,533,3,2
255,534,3,2
255,535,3,2
255,536,3,2
255,537,3,2
255,538,3,3
255,539,3,3
255,540,3,3
255,541,3,3
255,542,3,3
255,543,3,3
255,544,3,3
255,545,3,3
255,546,3,3
255,547,3,3
255,548,3,3
255,549,3,3
255,550,3,3
255,551,3,3
255,552,3,3
255,553,3,3
255,554,3,3
255,555,3,3
255,556,3,3
255,557,3,3
255,558,3,3
255,559,3,3
255,560,3,3
255,561,3,3
255,562,3,3
255,563,3,3
255,564,3,3
255,565,3,3
255,566,3,3
255,567,3,3
255,568,3,3
255,569,3,3
255,570,3,3
255,571,3,3
255,572,3,3
255,573,3,3
255,574,3,3
255,575,3,3
255,576,3,3
255,577,3,3
255,578,3,3
255,579,3,3
255,580,3,3
255,581,3,3
255,582,3,3
255,583,3,3
255,584,3,3
255,585,3,3
255,586,3,3
255,587,3,3
255,588,3,3
255,589,3,3
255,590,3,3
255,591,3,3
255,592,3,3
255,593,3,3
255,594,3,3
255,595,3,3
255,596,3,3
255,597,3,3
255,598,3,3
255,599,3,3
255,600,3,3
255,601,3,3
255,602,3,3
255,603,3,3
255,604,3,3
255,605,3,3
255,606,3,3
255,607,3,3
255,608,3,3
255,609,3,3
255,610,3,3
255,611,3,3
255,612,3,3
255,613,3,3
255,614,3,3
255,615,3,3
255,616,3,3
255,617,3,3
255,618,3,3
255,619,3,3
255,620,3,3
255,621,3,3
255,622,3,3
255,623,3,3
255,624,3,3
255,625,3,3
255,626,3,3
255,627,3,3
255,628,3,3
255,629,3,3
255,630,3,3
255,631,3,3
255,632,3,3
255,633,3,3
255,634,3,3
255,635,3,3
255,636,3,3
255,637,3,3
255,638,3,3
255,639,3,3
255,640,3,2
255,641,3,2
255,642,3,2
255,643,3,2
255,644,3,2
255,645,3,2
255,646,3,2
255,647,3,2
255,648,3,2
255,649,3,2
255,650,3,2
255,651,3,2
255,652,3,2
255,653,3,2
255,654,3,2
255,655,3,2
255,656,3,2
255,657,3,2
255,658,3,2
255,659,3,2
255,660,3,2
255,661,3,2
255,662,3,2
255,663,3,2
255,664,3,2
255,665,3,2
255,666,3,2
255,667,3,2
255,668,3,2
255,669,3,2
255,670,3,2
255,671,3,2
255,672,3,2
255,673,3,2
255,674,3,2
255,675,3,2
255,676,3,2
255,677,3,2
255,678,3,2
255,679,3,2
255,680,3,2
255,681,3,2
255,682,3,2
255,683,3,2
255,684,3,2
255,685,3,2
255,686,3,2
255,687,3,2
255,688,3,2
255,689,3,2
255,690,3,2
255,691,3,2
255,692,3,2
255,693,3,2
255,694,3,2
255,695,3,2
255,696,3,2
255,697,3,2
255,698,3,2
255,699,3,2
255,700,3,2
255,701,3,2
255,702,3,2
255,703,3,2
255,704,3,2
255,705,3,2
255,706,3,2
255,707,3,2
255,708,3,2
255,709,3,2
255,710,3,2
255,711,3,2
255,712,3,2
255,713,3,2
255,714,3,2
255,715,3,2
255,716,3,2
255,717,3,2
255,718,3,2
255,719,3,2
255,720,3,2
255,721,3,2
255,722,3,2
255,723,3,2
255,724,3,2
255,725,3,2
255,726,3,2
255,727,3,2
256,110,3,2
256,111,3,2
256,112,3,2
256,113,3,2
256,114,3,2
256,115,3,2
256,116,3,2
256,117,3,2
256,118,3,2
256,119,3,2
256,120,3,2
256,121,3,2
256,122,3,2
256,123,3,2
256,124,3,2
256,125,3,2
256,126,3,2
256,127,3,2
256,128,3,2
256,129,3,2
256,130,3,2
256,131,3,2
256,132,3,2
256,133,3,2
256,134,3,2
256,135,3,2
256,136,3,2
256,137,3,2
256,138,3,2
256,139,3,2
256,140,3,2
256,141,3,2
256,142,3,2
256,143,3,2
256,144,3,2
256,145,3,2
256,146,3,2
256,147,3,2
256,148,3,2
256,149,3,2
256,150,3,2
256,151,3,2
256,152,3,2
256,153,3,2
256,154,3,2
256,155,3,2
256,156,3,2
256,157,3,2
256,158,3,2
256,159,3,2
256,160,3,2
256,161,3,2
256,162,3,2
256,163,3,2
256,164,3,2
256,165,3,2
256,166,3,2
256,167,3,2
256,168,3,2
256,169,3,2
256,170,3,2
256,171,3,2
256,172,3,2
256,173,3,2
256,174,3,2
256,175,3,2
256,176,3,2
256,177,3,2
256,178,3,2
256,179,3,2
256,180,3,2
256,181,3,2
256,182,3,2
256,183,3,2
256,184,3,2
256,185,3,2
256,186,3,2
256,187,3,2
256,188,3,2
256,189,3,2
256,190,3,2
256,191,3,2
256,192,3,2
256,193,3,2
256,194,3,2
256,195,3,2
256,196,3,2
256,197,3,2
256,198,3,2
256,199,3,2
256,200,3,2
256,201,3,2
256,202,3,2
256,203,3,2
256,204,3,2
256,205,3,2
256,206,3,2
256,207,3,2
256,208,3,2
256,209,3,2
256,210,3,2
256,211,3,2
256,212,3,2
256,213,3,2
256,214,3,2
256,215,3,2
256,216,3,2
256,217,3,2
256,218,3,2
256,219,3,2
256,220,3,2
256,221,3,2
256,222,3,2
256,223,3,2
256,224,3,2
256,225,3,2
256,226,3,2
256,227,3,2
256,228,3,2
256,229,3,2
256,230,3,2
256,231,3,2
256,232,3,2
256,233,3,2
256,234,3,2
256,235,3,2
256,236,3,2
256,237,3,2
256,238,3,2
256,239,3,2
256,240,3,2
256,241,3,2
256,242,3,2
256,243,3,2
256,244,3,2
256,245,3,2
256,246,3,2
256,247,3,2
256,248,3,2
256,249,3,2
256,250,3,2
256,251,3,2
256,252,3,2
256,253,3,2
256,254,3,2
256,255,3,2
256,256,3,2
256,257,3,2
256,258,3,2
256,259,3,2
256,260,3,2
256,261,3,2
256,262,3,2
256,263,3,2
256,264,3,2
256,265,3,2
256,266,3,2
256,267,3,2
256,268,3,2
256,269,3,2
256,270,3,2
256,271,3,2
256,272,3,2
256,273,3,2
256,274,3,2
256,275,3,2
256,276,3,2
256,277,3,2
256,278,3,2
256,279,3,2
256,280,3,2
256,281,3,2
256,282,3,2
256,283,3,2
256,284,3,2
256,285,3,2
256,286,3,2
256,287,3,2
256,288,3,2
256,289,3,2
256,290,3,2
256,291,3,2
256,292,3,2
256,293,3,2
256,294,3,2
256,295,3,2
256,296,3,2
256,297,3,2
256,298,3,2
256,299,3,2
256,300,3,2
256,301,3,2
256,302,3,2
256,303,3,2
256,304,3,2
256,305,3,2
256,306,3,2
256,307,3,2
256,308,3,2
256,309,3,2
256,310,3,2
256,311,3,2
256,312,3,2
256,313,3,2
256,314,3,2
256,315,3,2
256,316,3,2
256,317,3,2
256,318,3,2
256,319,3,2
256,320,3,2
256,321,3,2
256,322,3,2
256,323,3,2
256,324,3,2
256,325,3,2
256,326,3,2
256,327,3,2
256,328,3,2
256,329,3,2
256,330,3,2
256,331,3,2
256,332,3,2
256,333,3,2
256,334,3,2
256,335,3,2
256,336,3,2
256,337,3,2
256,338,3,2
256,339,3,2
256,340,3,2
256,341,3,2
256,342,3,2
256,343,3,2
256,344,3,2
256,345,3,2
256,346,3,2
256,347,3,2
256,348,3,2
256,349,3,2
256,350,3,2
256,351,3,2
256,352,3,2
256,353,3,2
256,354,3,2
256,355,3,2
256,356,3,2
256,357,3,2
256,358,3,2
256,359,3,2
256,360,3,2
256,361,3,2
256,362,3,2
256,363,3,2
256,364,3,2
256,365,3,2
256,366,3,2
256,367,3,2
256,368,3,2
256,369,3,2
256,370,3,2
256,371,3,2
256,372,3,2
256,373,3,2
256,374,3,2
256,375,3,2
256,376,3,2
256,377,3,2
256,378,3,2
256,379,3,2
256,380,3,2
256,381,3,2
256,382,3,2
256,383,3,2
256,384,3,2
256,385,3,2
256,386,3,2
256,387,3,2
256,388,3,2
256,389,3,2
256,390,3,2
256,391,3,2
256,392,3,2
256,393,3,2
256,394,3,2
256,395,3,2
256,396,3,2
256,397,3,2
256,398,3,2
256,399,3,2
256,400,3,2
256,401,3,2
256,402,3,2
256,403,3,2
256,404,3,2
256,405,3,2
256,406,3,2
256,407,3,2
256,408,3,2
256,409,3,2
256,410,3,2
256,411,3,2
256,412,3,2
256,413,3,2
256,414,3,2
256,415,3,2
256,416,3,2
256,417,3,2
256,418,3,2
256,419,3,2
256,420,3,2
256,421,3,2
256,422,3,2
256,423,3,2
256,424,3,2
256,425,3,2
256,426,3,2
256,427,3,2
256,428,3,2
256,429,3,2
256,430,3,2
256,431,3,2
256,432,3,2
256,433,3,2
256,434,3,2
256,435,3,2
256,436,3,2
256,437,3,2
256,438,3,2
256,439,3,2
256,440,3,2
256,441,3,2
256,442,3,2
256,443,3,2
256,444,3,2
256,445,3,2
256,446,3,2
256,447,3,2
256,448,3,2
256,449,3,2
256,450,3,2
256,451,3,2
256,452,3,2
256,453,3,2
256,454,3,2
256,455,3,2
256,456,3,2
256,457,3,2
256,458,3,2
256,459,3,2
256,460,3,2
256,461,3,2
256,462,3,2
256,463,3,2
256,464,3,2
256,465,3,2
256,466,3,2
256,467,3,2
256,468,3,2
256,469,3,2
256,470,3,2
256,471,3,2
256,472,3,2
256,473,3,2
256,474,3,2
256,475,3,2
256,476,3,2
256,477,3,2
256,478,3,2
256,479,3,2
256,480,3,2
256,481,3,2
256,482,3,2
256,483,3,2
256,484,3,2
256,485,3,2
256,486,3,2
256,487,3,2
256,488,3,2
256,489,3,2
256,490,3,2
256,491,3,2
256,492,3,2
256,493,3,2
256,494,3,2
256,495,3,2
256,496,3,2
256,497,3,2
256,498,3,2
256,499,3,2
256,500,3,2
256,501,3,2
256,502,3,2
256,503,3,2
256,504,3,2
256,505,3,2
256,506,3,2
256,507,3,2
256,508,3,2
256,509,3,2
256,510,3,2
256,511,3,2
256,512,3,2
256,513,3,2
256,514,3,2
256,515,3,2
256,516,3,2
256,517,3,2
256,518,3,2
256,519,3,2
256,520,3,2
256,521,3,2
256,522,3,2
256,523,3,2
256,524,3,2
256,525,3,2
256,526,3,2
256,527,3,2
256,528,3,2
256,529,3,2
256,530,3,2
256,531,3,2
256,532,3,2
256,533,3,2
256,534,3,2
256,535,3,2
256,536,3,2
256,537,3,2
256,538,3,3
256,539,3,3
256,540,3,3
256,541,3,3
256,542,3,3
256,543,3,3
256,544,3,3
256,545,3,3
256,546,3,3
256,547,3,3
256,548,3,3
256,549,3,3
256,550,3,3
256,551,3,3
256,552,3,3
256,553,3,3
256,554,3,3
256,555,3,3
256,556,3,3
256,557,3,3
256,558,3,3
256,559,3,3
256,560,3,3
256,561,3,3
256,562,3,3
256,563,3,3
256,564,3,3
256,565,3,3
256,566,3,3
256,567,3,3
256,568,3,3
256,569,3,3
256,570,3,3
256,571,3,3
256,572,3,3
256,573,3,3
256,574,3,3
256,575,3,3
256,576,3,3
256,577,3,3
256,578,3,3
256,579,3,3
256,580,3,3
256,581,3,3
256,582,3,3
256,583,3,3
256,584,3,3
256,585,3,3
256,586,3,3
256,587,3,3
256,588,3,3
256,589,3,3
256,590,3,3
256,591,3,3
256,592,3,3
256,593,3,3
256,594,3,3
256,595,3,3
256,596,3,3
256,597,3,3
256,598,3,3
256,599,3,3
256,600,3,3
256,601,3,3
256,602,3,3
256,603,3,3
256,604,3,3
256,605,3,3
256,606,3,3
256,607,3,3
256,608,3,3
256,609,3,3
256,610,3,3
256,611,3,3
256,612,3,3
256,613,3,3
256,614,3,3
256,615,3,3
256,616,3,3
256,617,3,3
256,618,3,3
256,619,3,3
256,620,3,3
256,621,3,3
256,622,3,3
256,623,3,3
256,624,3,3
256,625,3,3
256,626,3,3
256,627,3,3
256,628,3,3
256,629,3,3
256,630,3,3
256,631,3,3
256,632,3,3
256,633,3,3
256,634,3,3
256,635,3,3
256,636,3,3
256,637,3,3
256,638,3,2
256,639,3,2
256,640,3,2
256,641,3,2
256,642,3,2
256,643,3,2
256,644,3,2
256,645,3,2
256,646,3,2
256,647,3,2
256,648,3,2
256,649,3,2
256,650,3,2
256,651,3,2
256,652,3,2
256,653,3,2
256,654,3,2
256,655,3,2
256,656,3,2
256,657,3,2
256,658,3,2
256,659,3,2
256,660,3,2
256,661,3,2
256,662,3,2
256,663,3,2
256,664,3,2
256,665,3,2
256,666,3,2
256,667,3,2
256,668,3,2
256,669,3,2
256,670,3,2
256,671,3,2
256,672,3,2
256,673,3,2
256,674,3,2
256,675,3,2
256,676,3,2
256,677,3,2
256,678,3,2
256,679,3,2
256,680,3,2
256,681,3,2
256,682,3,2
256,683,3,2
256,684,3,2
256,685,3,2
256,686,3,2
256,687,3,2
256,688,3,2
256,689,3,2
256,690,3,2
256,691,3,2
256,692,3,2
256,693,3,2
256,694,3,2
256,695,3,2
256,696,3,2
256,697,3,2
256,698,3,2
256,699,3,2
256,700,3,2
256,701,3,2
256,702,3,2
256,703,3,2
256,704,3,2
256,705,3,2
256,706,3,2
256,707,3,2
256,708,3,2
256,709,3,2
256,710,3,2
256,711,3,2
256,712,3,2
256,713,3,2
256,714,3,2
256,715,3,2
256,716,3,2
256,717,3,2
256,718,3,2
256,719,3,2
256,720,3,2
256,721,3,2
256,722,3,2
256,723,3,2
256,724,3,2
257,110,3,2
257,111,3,2
257,112,3,2
257,113,3,2
257,114,3,2
257,115,3,2
257,116,3,2
257,117,3,2
257,118,3,2
257,119,3,2
257,120,3,2
257,121,3,2
257,122,3,2
257,123,3,2
257,124,3,2
257,125,3,2
257,126,3,2
257,127,3,2
257,128,3,2
257,129,3,2
257,130,3,2
257,131,3,2
257,132,3,2
257,133,3,2
257,134,3,2
257,135,3,2
257,136,3,2
257,137,3,2
257,138,3,2
257,139,3,2
257,140,3,2
257,141,3,2
257,142,3,2
257,143,3,2
257,144,3,2
257,145,3,2
257,146,3,2
257,147,3,2
257,148,3,2
257,149,3,2
257,150,3,2
257,151,3,2
257,152,3,2
257,153,3,2
257,154,3,2
257,155,3,2
257,156,3,2
257,157,3,2
257,158,3,2
257,159,3,2
257,160,3,2
257,161,3,2
257,162,3,2
257,163,3,2
257,164,3,2
257,165,3,2
257,166,3,2
257,167,3,2
257,168,3,2
257,169,3,2
257,170,3,2
257,171,3,2
257,172,3,2
257,173,3,2
257,174,3,2
257,175,3,2
257,176,3,2
257,177,3,2
257,178,3,2
257,179,3,2
257,180,3,2
257,181,3,2
257,182,3,2
257,183,3,2
257,184,3,2
257,185,3,2
257,186,3,2
257,187,3,2
257,188,3,2
257,189,3,2
257,190,3,2
257,191,3,2
257,192,3,2
257,193,3,2
257,194,3,2
257,195,3,2
257,196,3,2
257,197,3,2
257,198,3,2
257,199,3,2
257,200,3,2
257,201,3,2
257,202,3,2
257,203,3,2
257,204,3,2
257,205,3,2
257,206,3,2
257,207,3,2
257,208,3,2
257,209,3,2
257,210,3,2
257,211,3,2
257,212,3,2
257,213,3,2
257,214,3,2
257,215,3,2
257,216,3,2
257,217,3,2
257,218,3,2
257,219,3,2
257,220,3,2
257,221,3,2
257,222,3,2
257,223,3,2
257,224,3,2
257,225,3,2
257,226,3,2
257,227,3,2
257,228,3,2
257,229,3,2
257,230,3,2
257,231,3,2
257,232,3,2
257,233,3,2
257,234,3,2
257,235,3,2
257,236,3,2
257,237,3,2
257,238,3,2
257,239,3,2
257,240,3,2
257,241,3,2
257,242,3,2
257,243,3,2
257,244,3,2
257,245,3,2
257,246,3,2
257,247,3,2
257,248,3,2
257,249,3,2
257,250,3,2
257,251,3,2
257,252,3,2
257,253,3,2
257,254,3,2
257,255,3,2
257,256,3,2
257,257,3,2
257,258,3,2
257,259,3,2
257,260,3,2
257,261,3,2
257,262,3,2
257,263,3,2
257,264,3,2
257,265,3,2
257,266,3,2
257,267,3,2
257,268,3,2
257,269,3,2
257,270,3,2
257,271,3,2
257,272,3,2
257,273,3,2
257,274,3,2
257,275,3,2
257,276,3,2
257,277,3,2
257,278,3,2
257,279,3,2
257,280,3,2
257,281,3,2
257,282,3,2
257,283,3,2
257,284,3,2
257,285,3,2
257,286,3,2
257,287,3,2
257,288,3,2
257,289,3,2
257,290,3,2
257,291,3,2
257,292,3,2
257,293,3,2
257,294,3,2
257,295,3,2
257,296,3,2
257,297,3,2
257,298,3,2
257,299,3,2
257,300,3,2
257,301,3,2
257,302,3,2
257,303,3,2
257,304,3,2
257,305,3,2
257,306,3,2
257,307,3,2
257,308,3,2
257,309,3,2
257,310,3,2
257,311,3,2
257,312,3,2
257,313,3,2
257,314,3,2
257,315,3,2
257,316,3,2
257,317,3,2
257,318,3,2
257,319,3,2
257,320,3,2
257,321,3,2
257,322,3,2
257,323,3,2
257,324,3,2
257,325,3,2
257,326,3,2
257,327,3,2
257,328,3,2
257,329,3,2
257,330,3,2
257,331,3,2
257,332,3,2
257,333,3,2
257,334,3,2
257,335,3,2
257,336,3,2
257,337,3,2
257,338,3,2
257,339,3,2
257,340,3,2
257,341,3,2
257,342,3,2
257,343,3,2
257,344,3,2
257,345,3,2
257,346,3,2
257,347,3,2
257,348,3,2
257,349,3,2
257,350,3,2
257,351,3,2
257,352,3,2
257,353,3,2
257,354,3,2
257,355,3,2
257,356,3,2
257,357,3,2
257,358,3,2
257,359,3,2
257,360,3,2
257,361,3,2
257,362,3,2
257,363,3,2
257,364,3,2
257,365,3,2
257,366,3,2
257,367,3,2
257,368,3,2
257,369,3,2
257,370,3,2
257,371,3,2
257,372,3,2
257,373,3,2
257,374,3,2
257,375,3,2
257,376,3,2
257,377,3,2
257,378,3,2
257,379,3,2
257,380,3,2
257,381,3,2
257,382,3,2
257,383,3,2
257,384,3,2
257,385,3,2
257,386,3,2
257,387,3,2
257,388,3,2
257,389,3,2
257,390,3,2
257,391,3,2
257,392,3,2
257,393,3,2
257,394,3,2
257,395,3,2
257,396,3,2
257,397,3,2
257,398,3,2
257,399,3,2
257,400,3,2
257,401,3,2
257,402,3,2
257,403,3,2
257,404,3,2
257,405,3,2
257,406,3,2
257,407,3,2
257,408,3,2
257,409,3,2
257,410,3,2
257,411,3,2
257,412,3,2
257,413,3,2
257,414,3,2
257,415,3,2
257,416,3,2
257,417,3,2
257,418,3,2
257,419,3,2
257,420,3,2
257,421,3,2
257,422,3,2
257,423,3,2
257,424,3,2
257,425,3,2
257,426,3,2
257,427,3,2
257,428,3,2
257,429,3,2
257,430,3,2
257,431,3,2
257,432,3,2
257,433,3,2
257,434,3,2
257,435,3,2
257,436,3,2
257,437,3,2
257,438,3,2
257,439,3,2
257,440,3,2
257,441,3,2
257,442,3,2
257,443,3,2
257,444,3,2
257,445,3,2
257,446,3,2
257,447,3,2
257,448,3,2
257,449,3,2
257,450,3,2
257,451,3,2
257,452,3,2
257,453,3,2
257,454,3,2
257,455,3,2
257,456,3,2
257,457,3,2
257,458,3,2
257,459,3,2
257,460,3,2
257,461,3,2
257,462,3,2
257,463,3,2
257,464,3,2
257,465,3,2
257,466,3,2
257,467,3,2
257,468,3,2
257,469,3,2
257,470,3,2
257,471,3,2
257,472,3,2
257,473,3,2
257,474,3,2
257,475,3,2
257,476,3,2
257,477,3,2
257,478,3,2
257,479,3,2
257,480,3,2
257,481,3,2
257,482,3,2
257,483,3,2
257,484,3,2
257,485,3,2
257,486,3,2
257,487,3,2
257,488,3,2
257,489,3,2
257,490,3,2
257,491,3,2
257,492,3,2
257,493,3,2
257,494,3,2
257,495,3,2
257,496,3,2
257,497,3,2
257,498,3,2
257,499,3,2
257,500,3,2
257,501,3,2
257,502,3,2
257,503,3,2
257,504,3,2
257,505,3,2
257,506,3,2
257,507,3,2
257,508,3,2
257,509,3,2
257,510,3,2
257,511,3,2
257,512,3,2
257,513,3,2
257,514,3,2
257,515,3,2
257,516,3,2
257,517,3,2
257,518,3,2
257,519,3,2
257,520,3,2
257,521,3,2
257,522,3,2
257,523,3,2
257,524,3,2
257,525,3,2
257,526,3,2
257,527,3,2
257,528,3,2
257,529,3,2
257,530,3,2
257,531,3,2
257,532,3,2
257,533,3,2
257,534,3,2
257,535,3,2
257,536,3,2
257,537,3,2
257,538,3,3
257,539,3,3
257,540,3,3
257,541,3,3
257,542,3,3
257,543,3,3
257,544,3,3
257,545,3,3
257,546,3,3
257,547,3,3
257,548,3,3
257,549,3,3
257,550,3,3
257,551,3,3
257,552,3,3
257,553,3,3
257,554,3,3
257,555,3,3
257,556,3,3
257,557,3,3
257,558,3,3
257,559,3,3
257,560,3,3
257,561,3,3
257,562,3,3
257,563,3,3
257,564,3,3
257,565,3,3
257,566,3,3
257,567,3,3
257,568,3,3
257,569,3,3
257,570,3,3
257,571,3,3
257,572,3,3
257,573,3,3
257,574,3,3
257,575,3,3
257,576,3,3
257,577,3,3
257,578,3,3
257,579,3,3
257,580,3,3
257,581,3,3
257,582,3,3
257,583,3,3
257,584,3,3
257,585,3,3
257,586,3,3
257,587,3,3
257,588,3,3
257,589,3,3
257,590,3,3
257,591,3,3
257,592,3,3
257,593,3,3
257,594,3,3
257,595,3,3
257,596,3,3
257,597,3,3
257,598,3,3
257,599,3,3
257,600,3,3
257,601,3,3
257,602,3,3
257,603,3,3
257,604,3,3
257,605,3,3
257,606,3,3
257,607,3,3
257,608,3,3
257,609,3,3
257,610,3,3
257,611,3,3
257,612,3,3
257,613,3,3
257,614,3,3
257,615,3,3
257,616,3,3
257,617,3,3
257,618,3,3
257,619,3,3
257,620,3,3
257,621,3,3
257,622,3,3
257,623,3,3
257,624,3,3
257,625,3,3
257,626,3,3
257,627,3,3
257,628,3,3
257,629,3,3
257,630,3,3
257,631,3,3
257,632,3,3
257,633,3,3
257,634,3,3
257,635,3,3
257,636,3,3
257,637,3,2
257,638,3,2
257,639,3,2
257,640,3,2
257,641,3,2
257,642,3,2
257,643,3,2
257,644,3,2
257,645,3,2
257,646,3,2
257,647,3,2
257,648,3,2
257,649,3,2
257,650,3,2
257,651,3,2
257,652,3,2
257,653,3,2
257,654,3,2
257,655,3,2
257,656,3,2
257,657,3,2
257,658,3,2
257,659,3,2
257,660,3,2
257,661,3,2
257,662,3,2
257,663,3,2
257,664,3,2
257,665,3,2
257,666,3,2
257,667,3,2
257,668,3,2
257,669,3,2
257,670,3,2
257,671,3,2
257,672,3,2
257,673,3,2
257,674,3,2
257,675,3,2
257,676,3,2
257,677,3,2
257,678,3,2
257,679,3,2
257,680,3,2
257,681,3,2
257,682,3,2
257,683,3,2
257,684,3,2
257,685,3,2
257,686,3,2
257,687,3,2
257,688,3,2
257,689,3,2
257,690,3,2
257,691,3,2
257,692,3,2
257,693,3,2
257,694,3,2
257,695,3,2
257,696,3,2
257,697,3,2
257,698,3,2
257,699,3,2
257,700,3,2
257,701,3,2
257,702,3,2
257,703,3,2
257,704,3,2
257,705,3,2
257,706,3,2
257,707,3,2
257,708,3,2
257,709,3,2
257,710,3,2
257,711,3,2
257,712,3,2
257,713,3,2
257,714,3,2
257,715,3,2
257,716,3,2
257,718,3,2
257,719,3,2
258,109,3,2
258,110,3,2
258,111,3,2
258,112,3,2
258,113,3,2
258,114,3,2
258,115,3,2
258,116,3,2
258,117,3,2
258,118,3,2
258,119,3,2
258,120,3,2
258,121,3,2
258,122,3,2
258,123,3,2
258,124,3,2
258,125,3,2
258,126,3,2
258,127,3,2
258,128,3,2
258,129,3,2
258,130,3,2
258,131,3,2
258,132,3,2
258,133,3,2
258,134,3,2
258,135,3,2
258,136,3,2
258,137,3,2
258,138,3,2
258,139,3,2
258,140,3,2
258,141,3,2
258,142,3,2
258,143,3,2
258,144,3,2
258,145,3,2
258,146,3,2
258,147,3,2
258,148,3,2
258,149,3,2
258,150,3,2
258,151,3,2
258,152,3,2
258,153,3,2
258,154,3,2
258,155,3,2
258,156,3,2
258,157,3,2
258,158,3,2
258,159,3,2
258,160,3,2
258,161,3,2
258,162,3,2
258,163,3,2
258,164,3,2
258,165,3,2
258,166,3,2
258,167,3,2
258,168,3,2
258,169,3,2
258,170,3,2
258,171,3,2
258,172,3,2
258,173,3,2
258,174,3,2
258,175,3,2
258,176,3,2
258,177,3,2
258,178,3,2
258,179,3,2
258,180,3,2
258,181,3,2
258,182,3,2
258,183,3,2
258,184,3,2
258,185,3,2
258,186,3,2
258,187,3,2
258,188,3,2
258,189,3,2
258,190,3,2
258,191,3,2
258,192,3,2
258,193,3,2
258,194,3,2
258,195,3,2
258,196,3,2
258,197,3,2
258,198,3,2
258,199,3,2
258,200,3,2
258,201,3,2
258,202,3,2
258,203,3,2
258,204,3,2
258,205,3,2
258,206,3,2
258,207,3,2
258,208,3,2
258,209,3,2
258,210,3,2
258,211,3,2
258,212,3,2
258,213,3,2
258,214,3,2
258,215,3,2
258,216,3,2
258,217,3,2
258,218,3,2
258,219,3,2
258,220,3,2
258,221,3,2
258,222,3,2
258,223,3,2
258,224,3,2
258,225,3,2
258,226,3,2
258,227,3,2
258,228,3,2
258,229,3,2
258,230,3,2
258,231,3,2
258,232,3,2
258,233,3,2
258,234,3,2
258,235,3,2
258,236,3,2
258,237,3,2
258,238,3,2
258,239,3,2
258,240,3,2
258,241,3,2
258,242,3,2
258,243,3,2
258,244,3,2
258,245,3,2
258,246,3,2
258,247,3,2
258,248,3,2
258,249,3,2
258,250,3,2
258,251,3,2
258,252,3,2
258,253,3,2
258,254,3,2
258,255,3,2
258,256,3,2
258,257,3,2
258,258,3,2
258,259,3,2
258,260,3,2
258,261,3,2
258,262,3,2
258,263,3,2
258,264,3,2
258,265,3,2
258,266,3,2
258,267,3,2
258,268,3,2
258,269,3,2
258,270,3,2
258,271,3,2
258,272,3,2
258,273,3,2
258,274,3,2
258,275,3,2
258,276,3,2
258,277,3,2
258,278,3,2
258,279,3,2
258,280,3,2
258,281,3,2
258,282,3,2
258,283,3,2
258,284,3,2
258,285,3,2
258,286,3,2
258,287,3,2
258,288,3,2
258,289,3,2
258,290,3,2
258,291,3,2
258,292,3,2
258,293,3,2
258,294,3,2
258,295,3,2
258,296,3,2
258,297,3,2
258,298,3,2
258,299,3,2
258,300,3,2
258,301,3,2
258,302,3,2
258,303,3,2
258,304,3,2
258,305,3,2
258,306,3,2
258,307,3,2
258,308,3,2
258,309,3,2
258,310,3,2
258,311,3,2
258,312,3,2
258,313,3,2
258,314,3,2
258,315,3,2
258,316,3,2
258,317,3,2
258,318,3,2
258,319,3,2
258,320,3,2
258,321,3,2
258,322,3,2
258,323,3,2
258,324,3,2
258,325,3,2
258,326,3,2
258,327,3,2
258,328,3,2
258,329,3,2
258,330,3,2
258,331,3,2
258,332,3,2
258,333,3,2
258,334,3,2
258,335,3,2
258,336,3,2
258,337,3,2
258,338,3,2
258,339,3,2
258,340,3,2
258,341,3,2
258,342,3,2
258,343,3,2
258,344,3,2
258,345,3,2
258,346,3,2
258,347,3,2
258,348,3,2
258,349,3,2
258,350,3,2
258,351,3,2
258,352,3,2
258,353,3,2
258,354,3,2
258,355,3,2
258,356,3,2
258,357,3,2
258,358,3,2
258,359,3,2
258,360,3,2
258,361,3,2
258,362,3,2
258,363,3,2
258,364,3,2
258,365,3,2
258,366,3,2
258,367,3,2
258,368,3,2
258,369,3,2
258,370,3,2
258,371,3,2
258,372,3,2
258,373,3,2
258,374,3,2
258,375,3,2
258,376,3,2
258,377,3,2
258,378,3,2
258,379,3,2
258,380,3,2
258,381,3,2
258,382,3,2
258,383,3,2
258,384,3,2
258,385,3,2
258,386,3,2
258,387,3,2
258,388,3,2
258,389,3,2
258,390,3,2
258,391,3,2
258,392,3,2
258,393,3,2
258,394,3,2
258,395,3,2
258,396,3,2
258,397,3,2
258,398,3,2
258,399,3,2
258,400,3,2
258,401,3,2
258,402,3,2
258,403,3,2
258,404,3,2
258,405,3,2
258,406,3,2
258,407,3,2
258,408,3,2
258,409,3,2
258,410,3,2
258,411,3,2
258,412,3,2
258,413,3,2
258,414,3,2
258,415,3,2
258,416,3,2
258,417,3,2
258,418,3,2
258,419,3,2
258,420,3,2
258,421,3,2
258,422,3,2
258,423,3,2
258,424,3,2
258,425,3,2
258,426,3,2
258,427,3,2
258,428,3,2
258,429,3,2
258,430,3,2
258,431,3,2
258,432,3,2
258,433,3,2
258,434,3,2
258,435,3,2
258,436,3,2
258,437,3,2
258,438,3,2
258,439,3,2
258,440,3,2
258,441,3,2
258,442,3,2
258,443,3,2
258,444,3,2
258,445,3,2
258,446,3,2
258,447,3,2
258,448,3,2
258,449,3,2
258,450,3,2
258,451,3,2
258,452,3,2
258,453,3,2
258,454,3,2
258,455,3,2
258,456,3,2
258,457,3,2
258,458,3,2
258,459,3,2
258,460,3,2
258,461,3,2
258,462,3,2
258,463,3,2
258,464,3,2
258,465,3,2
258,466,3,2
258,467,3,2
258,468,3,2
258,469,3,2
258,470,3,2
258,471,3,2
258,472,3,2
258,473,3,2
258,474,3,2
258,475,3,2
258,476,3,2
258,477,3,2
258,478,3,2
258,479,3,2
258,480,3,2
258,481,3,2
258,482,3,2
258,483,3,2
258,484,3,2
258,485,3,2
258,486,3,2
258,487,3,2
258,488,3,2
258,489,3,2
258,490,3,2
258,491,3,2
258,492,3,2
258,493,3,2
258,494,3,2
258,495,3,2
258,496,3,2
258,497,3,2
258,498,3,2
258,499,3,2
258,500,3,2
258,501,3,2
258,502,3,2
258,503,3,3
258,504,3,3
258,505,3,3
258,506,3,2
258,507,3,2
258,508,3,2
258,509,3,2
258,510,3,2
258,511,3,2
258,512,3,2
258,513,3,2
258,514,3,2
258,515,3,2
258,516,3,2
258,517,3,2
258,518,3,2
258,519,3,2
258,520,3,2
258,521,3,2
258,522,3,2
258,523,3,2
258,524,3,2
258,525,3,2
258,526,3,2
258,527,3,2
258,528,3,2
258,529,3,2
258,530,3,2
258,531,3,2
258,532,3,2
258,533,3,2
258,534,3,2
258,535,3,2
258,536,3,2
258,537,3,2
258,538,3,3
258,539,3,3
258,540,3,3
258,541,3,3
258,542,3,3
258,543,3,3
258,544,3,3
258,545,3,3
258,546,3,3
258,547,3,3
258,548,3,3
258,549,3,3
258,550,3,3
258,551,3,3
258,552,3,3
258,553,3,3
258,554,3,3
258,555,3,3
258,556,3,3
258,557,3,3
258,558,3,3
258,559,3,3
258,560,3,3
258,561,3,3
258,562,3,3
258,563,3,3
258,564,3,3
258,565,3,3
258,566,3,3
258,567,3,3
258,568,3,3
258,569,3,3
258,570,3,3
258,571,3,3
258,572,3,3
258,573,3,3
258,574,3,3
258,575,3,3
258,576,3,3
258,577,3,3
258,578,3,3
258,579,3,3
258,580,3,3
258,581,3,3
258,582,3,3
258,583,3,3
258,584,3,3
258,585,3,3
258,586,3,3
258,587,3,3
258,588,3,3
258,589,3,3
258,590,3,3
258,591,3,3
258,592,3,3
258,593,3,3
258,594,3,3
258,595,3,3
258,596,3,3
258,597,3,3
258,598,3,3
258,599,3,3
258,600,3,3
258,601,3,3
258,602,3,3
258,603,3,3
258,604,3,3
258,605,3,3
258,606,3,3
258,607,3,3
258,608,3,3
258,609,3,3
258,610,3,3
258,611,3,3
258,612,3,3
258,613,3,3
258,614,3,3
258,615,3,3
258,616,3,3
258,617,3,3
258,618,3,3
258,619,3,3
258,620,3,3
258,621,3,3
258,622,3,3
258,623,3,3
258,624,3,3
258,625,3,3
258,626,3,3
258,627,3,3
258,628,3,3
258,629,3,3
258,630,3,3
258,631,3,3
258,632,3,3
258,633,3,3
258,634,3,3
258,635,3,3
258,636,3,3
258,637,3,2
258,638,3,2
258,639,3,2
258,640,3,2
258,641,3,2
258,642,3,2
258,643,3,2
258,644,3,2
258,645,3,2
258,646,3,2
258,647,3,2
258,648,3,2
258,649,3,2
258,650,3,2
258,651,3,2
258,652,3,2
258,653,3,2
258,654,3,2
258,655,3,2
258,656,3,2
258,657,3,2
258,658,3,2
258,659,3,2
258,660,3,2
258,661,3,2
258,662,3,2
258,663,3,2
258,664,3,2
258,665,3,2
258,666,3,2
258,667,3,2
258,668,3,2
258,669,3,2
258,670,3,2
258,671,3,2
258,672,3,2
258,673,3,2
258,674,3,2
258,675,3,2
258,676,3,2
258,677,3,2
258,678,3,2
258,679,3,2
258,680,3,2
258,681,3,2
258,682,3,2
258,683,3,2
258,684,3,2
258,685,3,2
258,686,3,2
258,687,3,2
258,688,3,2
258,689,3,2
258,690,3,2
258,691,3,2
258,692,3,2
258,693,3,2
258,694,3,2
258,695,3,2
258,696,3,2
258,697,3,2
258,698,3,2
258,699,3,2
258,700,3,2
258,701,3,2
258,702,3,2
258,703,3,2
258,704,3,2
258,705,3,2
258,706,3,2
258,707,3,2
258,708,3,2
258,709,3,2
258,710,3,2
258,711,3,2
258,712,3,2
258,713,3,2
258,714,3,2
258,715,3,2
258,716,3,2
259,109,3,2
259,110,3,2
259,111,3,2
259,112,3,2
259,113,3,2
259,114,3,2
259,115,3,2
259,116,3,2
259,117,3,2
259,118,3,2
259,119,3,2
259,120,3,2
259,121,3,2
259,122,3,2
259,123,3,2
259,124,3,2
259,125,3,2
259,126,3,2
259,127,3,2
259,128,3,2
259,129,3,2
259,130,3,2
259,131,3,2
259,132,3,2
259,133,3,2
259,134,3,2
259,135,3,2
259,136,3,2
259,137,3,2
259,138,3,2
259,139,3,2
259,140,3,2
259,141,3,2
259,142,3,2
259,143,3,2
259,144,3,2
259,145,3,2
259,146,3,2
259,147,3,2
259,148,3,2
259,149,3,2
259,150,3,2
259,151,3,2
259,152,3,2
259,153,3,2
259,154,3,2
259,155,3,2
259,156,3,2
259,157,3,2
259,158,3,2
259,159,3,2
259,160,3,2
259,161,3,2
259,162,3,2
259,163,3,2
259,164,3,2
259,165,3,2
259,166,3,2
259,167,3,2
259,168,3,2
259,169,3,2
259,170,3,2
259,171,3,2
259,172,3,2
259,173,3,2
259,174,3,2
259,175,3,2
259,176,3,2
259,177,3,2
259,178,3,2
259,179,3,2
259,180,3,2
259,181,3,2
259,182,3,2
259,183,3,2
259,184,3,2
259,185,3,2
259,186,3,2
259,187,3,2
259,188,3,2
259,189,3,2
259,190,3,2
259,191,3,2
259,192,3,2
259,193,3,2
259,194,3,2
259,195,3,2
259,196,3,2
259,197,3,2
259,198,3,2
259,199,3,2
259,200,3,2
259,201,3,2
259,202,3,2
259,203,3,2
259,204,3,2
259,205,3,2
259,206,3,2
259,207,3,2
259,208,3,2
259,209,3,2
259,210,3,2
259,211,3,2
259,212,3,2
259,213,3,2
259,214,3,2
259,215,3,2
259,216,3,2
259,217,3,2
259,218,3,2
259,219,3,2
259,220,3,2
259,221,3,2
259,222,3,2
259,223,3,2
259,224,3,2
259,225,3,2
259,226,3,2
259,227,3,2
259,228,3,2
259,229,3,2
259,230,3,2
259,231,3,2
259,232,3,2
259,233,3,2
259,234,3,2
259,235,3,2
259,236,3,2
259,237,3,2
259,238,3,2
259,239,3,2
259,240,3,2
259,241,3,2
259,242,3,2
259,243,3,2
259,244,3,2
259,245,3,2
259,246,3,2
259,247,3,2
259,248,3,2
259,249,3,2
259,250,3,2
259,251,3,2
259,252,3,2
259,253,3,2
259,254,3,2
259,255,3,2
259,256,3,2
259,257,3,2
259,258,3,2
259,259,3,2
259,260,3,2
259,261,3,2
259,262,3,2
259,263,3,2
259,264,3,2
259,265,3,2
259,266,3,2
259,267,3,2
259,268,3,2
259,269,3,2
259,270,3,2
259,271,3,2
259,272,3,2
259,273,3,2
259,274,3,2
259,275,3,2
259,276,3,2
259,277,3,2
259,278,3,2
259,279,3,2
259,280,3,2
259,281,3,2
259,282,3,2
259,283,3,2
259,284,3,2
259,285,3,2
259,286,3,2
259,287,3,2
259,288,3,2
259,289,3,2
259,290,3,2
259,291,3,2
259,292,3,2
259,293,3,2
259,294,3,2
259,295,3,2
259,296,3,2
259,297,3,2
259,298,3,2
259,299,3,2
259,300,3,2
259,301,3,2
259,302,3,2
259,303,3,2
259,304,3,2
259,305,3,2
259,306,3,2
259,307,3,2
259,308,3,2
259,309,3,2
259,310,3,2
259,311,3,2
259,312,3,2
259,313,3,2
259,314,3,2
259,315,3,2
259,316,3,2
259,317,3,2
259,318,3,2
259,319,3,2
259,320,3,2
259,321,3,2
259,322,3,2
259,323,3,2
259,324,3,2
259,325,3,2
259,326,3,2
259,327,3,2
259,328,3,2
259,329,3,2
259,330,3,2
259,331,3,2
259,332,3,2
259,333,3,2
259,334,3,2
259,335,3,2
259,336,3,2
259,337,3,2
259,338,3,2
259,339,3,2
259,340,3,2
259,341,3,2
259,342,3,2
259,343,3,2
259,344,3,2
259,345,3,2
259,346,3,2
259,347,3,2
259,348,3,2
259,349,3,2
259,350,3,2
259,351,3,2
259,352,3,2
259,353,3,2
259,354,3,2
259,355,3,2
259,356,3,2
259,357,3,2
259,358,3,2
259,359,3,2
259,360,3,2
259,361,3,2
259,362,3,2
259,363,3,2
259,364,3,2
259,365,3,2
259,366,3,2
259,367,3,2
259,368,3,2
259,369,3,2
259,370,3,2
259,371,3,2
259,372,3,2
259,373,3,2
259,374,3,2
259,375,3,2
259,376,3,2
259,377,3,2
259,378,3,2
259,379,3,2
259,380,3,2
259,381,3,2
259,382,3,2
259,383,3,2
259,384,3,2
259,385,3,2
259,386,3,2
259,387,3,2
259,388,3,2
259,389,3,2
259,390,3,2
259,391,3,2
259,392,3,2
259,393,3,2
259,394,3,2
259,395,3,2
259,396,3,2
259,397,3,2
259,398,3,2
259,399,3,2
259,400,3,2
259,401,3,2
259,402,3,2
259,403,3,2
259,404,3,2
259,405,3,2
259,406,3,2
259,407,3,2
259,408,3,2
259,409,3,2
259,410,3,2
259,411,3,2
259,412,3,2
259,413,3,2
259,414,3,2
259,415,3,2
259,416,3,2
259,417,3,2
259,418,3,2
259,419,3,2
259,420,3,2
259,421,3,2
259,422,3,2
259,423,3,2
259,424,3,2
259,425,3,2
259,426,3,2
259,427,3,2
259,428,3,2
259,429,3,2
259,430,3,2
259,431,3,2
259,432,3,2
259,433,3,2
259,434,3,2
259,435,3,2
259,436,3,2
259,437,3,2
259,438,3,2
259,439,3,2
259,440,3,2
259,441,3,2
259,442,3,2
259,443,3,2
259,444,3,2
259,445,3,2
259,446,3,2
259,447,3,2
259,448,3,2
259,449,3,2
259,450,3,2
259,451,3,2
259,452,3,2
259,453,3,2
259,454,3,2
259,455,3,2
259,456,3,2
259,457,3,2
259,458,3,2
259,459,3,2
259,460,3,2
259,461,3,2
259,462,3,2
259,463,3,2
259,464,3,2
259,465,3,2
259,466,3,2
259,467,3,2
259,468,3,2
259,469,3,2
259,470,3,2
259,471,3,2
259,472,3,2
259,473,3,2
259,474,3,2
259,475,3,2
259,476,3,2
259,477,3,2
259,478,3,2
259,479,3,2
259,480,3,2
259,481,3,2
259,482,3,2
259,483,3,2
259,484,3,2
259,485,3,2
259,486,3,2
259,487,3,2
259,488,3,2
259,489,3,2
259,490,3,2
259,491,3,2
259,492,3,2
259,493,3,2
259,494,3,2
259,495,3,2
259,496,3,2
259,497,3,2
259,498,3,2
259,499,3,2
259,500,3,3
259,501,3,3
259,502,3,3
259,503,3,3
259,504,3,3
259,505,3,3
259,506,3,3
259,507,3,3
259,508,3,3
259,509,3,3
259,510,3,2
259,511,3,2
259,512,3,2
259,513,3,2
259,514,3,2
259,515,3,2
259,516,3,2
259,517,3,2
259,518,3,2
259,519,3,2
259,520,3,2
259,521,3,2
259,522,3,2
259,523,3,2
259,524,3,2
259,525,3,2
259,526,3,2
259,527,3,2
259,528,3,2
259,529,3,2
259,530,3,2
259,531,3,2
259,532,3,2
259,533,3,2
259,534,3,2
259,535,3,2
259,536,3,2
259,537,3,3
259,538,3,3
259,539,3,3
259,540,3,3
259,541,3,3
259,542,3,3
259,543,3,3
259,544,3,3
259,545,3,3
259,546,3,3
259,547,3,3
259,548,3,3
259,549,3,3
259,550,3,3
259,551,3,3
259,552,3,3
259,553,3,3
259,554,3,3
259,555,3,3
259,556,3,3
259,557,3,3
259,558,3,3
259,559,3,3
259,560,3,3
259,561,3,3
259,562,3,3
259,563,3,3
259,564,3,3
259,565,3,3
259,566,3,3
259,567,3,3
259,568,3,3
259,569,3,3
259,570,3,3
259,571,3,3
259,572,3,3
259,573,3,3
259,574,3,3
259,575,3,3
259,576,3,3
259,577,3,3
259,578,3,3
259,579,3,3
259,580,3,3
259,581,3,3
259,582,3,3
259,583,3,3
259,584,3,3
259,585,3,3
259,586,3,3
259,587,3,3
259,588,3,3
259,589,3,3
259,590,3,3
259,591,3,3
259,592,3,3
259,593,3,3
259,594,3,3
259,595,3,3
259,596,3,3
259,597,3,3
259,598,3,3
259,599,3,3
259,600,3,3
259,601,3,3
259,602,3,3
259,603,3,3
259,604,3,3
259,605,3,3
259,606,3,3
259,607,3,3
259,608,3,3
259,609,3,3
259,610,3,3
259,611,3,3
259,612,3,3
259,613,3,3
259,614,3,3
259,615,3,3
259,616,3,3
259,617,3,3
259,618,3,3
259,619,3,3
259,620,3,3
259,621,3,3
259,622,3,3
259,623,3,3
259,624,3,3
259,625,3,3
259,626,3,3
259,627,3,3
259,628,3,3
259,629,3,3
259,630,3,3
259,631,3,3
259,632,3,3
259,633,3,3
259,634,3,3
259,635,3,3
259,636,3,3
259,637,3,2
259,638,3,2
259,639,3,2
259,640,3,2
259,641,3,2
259,642,3,2
259,643,3,2
259,644,3,2
259,645,3,2
259,646,3,2
259,647,3,2
259,648,3,2
259,649,3,2
259,650,3,2
259,651,3,2
259,652,3,2
259,653,3,2
259,654,3,2
259,655,3,2
259,656,3,2
259,657,3,2
259,658,3,2
259,659,3,2
259,660,3,2
259,661,3,2
259,662,3,2
259,663,3,2
259,664,3,2
259,665,3,2
259,666,3,2
259,667,3,2
259,668,3,2
259,669,3,2
259,670,3,2
259,671,3,2
259,672,3,2
259,673,3,2
259,674,3,2
259,675,3,2
259,676,3,2
259,677,3,2
259,678,3,2
259,679,3,2
259,680,3,2
259,681,3,2
259,682,3,2
259,683,3,2
259,684,3,2
259,685,3,2
259,686,3,2
259,687,3,2
259,688,3,2
259,689,3,2
259,690,3,2
259,691,3,2
259,692,3,2
259,693,3,2
259,694,3,2
259,695,3,2
259,696,3,2
259,697,3,2
259,698,3,2
259,699,3,2
259,700,3,2
259,701,3,2
259,702,3,2
259,703,3,2
259,704,3,2
259,705,3,2
259,706,3,2
259,707,3,2
259,708,3,2
259,709,3,2
259,710,3,2
259,711,3,2
259,712,3,2
259,713,3,2
259,714,3,2
259,716,3,2
260,109,3,2
260,110,3,2
260,111,3,2
260,112,3,2
260,113,3,2
260,114,3,2
260,115,3,2
260,116,3,2
260,117,3,2
260,118,3,2
260,119,3,2
260,120,3,2
260,121,3,2
260,122,3,2
260,123,3,2
260,124,3,2
260,125,3,2
260,126,3,2
260,127,3,2
260,128,3,2
260,129,3,2
260,130,3,2
260,131,3,2
260,132,3,2
260,133,3,2
260,134,3,2
260,135,3,2
260,136,3,2
260,137,3,2
260,138,3,2
260,139,3,2
260,140,3,2
260,141,3,2
260,142,3,2
260,143,3,2
260,144,3,2
260,145,3,2
260,146,3,2
260,147,3,2
260,148,3,2
260,149,3,2
260,150,3,2
260,151,3,2
260,152,3,2
260,153,3,2
260,154,3,2
260,155,3,2
260,156,3,2
260,157,3,2
260,158,3,2
260,159,3,2
260,160,3,2
260,161,3,2
260,162,3,2
260,163,3,2
260,164,3,2
260,165,3,2
260,166,3,2
260,167,3,2
260,168,3,2
260,169,3,2
260,170,3,2
260,171,3,2
260,172,3,2
260,173,3,2
260,174,3,2
260,175,3,2
260,176,3,2
260,177,3,2
260,178,3,2
260,179,3,2
260,180,3,2
260,181,3,2
260,182,3,2
260,183,3,2
260,184,3,2
260,185,3,2
260,186,3,2
260,187,3,2
260,188,3,2
260,189,3,2
260,190,3,2
260,191,3,2
260,192,3,2
260,193,3,2
260,194,3,2
260,195,3,2
260,196,3,2
260,197,3,2
260,198,3,2
260,199,3,2
260,200,3,2
260,201,3,2
260,202,3,2
260,203,3,2
260,204,3,2
260,205,3,2
260,206,3,2
260,207,3,2
260,208,3,2
260,209,3,2
260,210,3,2
260,211,3,2
260,212,3,2
260,213,3,2
260,214,3,2
260,215,3,2
260,216,3,2
260,217,3,2
260,218,3,2
260,219,3,2
260,220,3,2
260,221,3,2
260,222,3,2
260,223,3,2
260,224,3,2
260,225,3,2
260,226,3,2
260,227,3,2
260,228,3,2
260,229,3,2
260,230,3,2
260,231,3,2
260,232,3,2
260,233,3,2
260,234,3,2
260,235,3,2
260,236,3,2
260,237,3,2
260,238,3,2
260,239,3,2
260,240,3,2
260,241,3,2
260,242,3,2
260,243,3,2
260,244,3,2
260,245,3,2
260,246,3,2
260,247,3,2
260,248,3,2
260,249,3,2
260,250,3,2
260,251,3,2
260,252,3,2
260,253,3,2
260,254,3,2
260,255,3,2
260,256,3,2
260,257,3,2
260,258,3,2
260,259,3,2
260,260,3,2
260,261,3,2
260,262,3,2
260,263,3,2
260,264,3,2
260,265,3,2
260,266,3,2
260,267,3,2
260,268,3,2
260,269,3,2
260,270,3,2
260,271,3,2
260,272,3,2
260,273,3,2
260,274,3,2
260,275,3,2
260,276,3,2
260,277,3,2
260,278,3,2
260,279,3,2
260,280,3,2
260,281,3,2
260,282,3,2
260,283,3,2
260,284,3,2
260,285,3,2
260,286,3,2
260,287,3,2
260,288,3,2
260,289,3,2
260,290,3,2
260,291,3,2
260,292,3,2
260,293,3,2
260,294,3,2
260,295,3,2
260,296,3,2
260,297,3,2
260,298,3,2
260,299,3,2
260,300,3,2
260,301,3,2
260,302,3,2
260,303,3,2
260,304,3,2
260,305,3,2
260,306,3,2
260,307,3,2
260,308,3,2
260,309,3,2
260,310,3,2
260,311,3,2
260,312,3,2
260,313,3,2
260,314,3,2
260,315,3,2
260,316,3,2
260,317,3,2
260,318,3,2
260,319,3,2
260,320,3,2
260,321,3,2
260,322,3,2
260,323,3,2
260,324,3,2
260,325,3,2
260,326,3,2
260,327,3,2
260,328,3,2
260,329,3,2
260,330,3,2
260,331,3,2
260,332,3,2
260,333,3,2
260,334,3,2
260,335,3,2
260,336,3,2
260,337,3,2
260,338,3,2
260,339,3,2
260,340,3,2
260,341,3,2
260,342,3,2
260,343,3,2
260,344,3,2
260,345,3,2
260,346,3,2
260,347,3,2
260,348,3,2
260,349,3,2
260,350,3,2
260,351,3,2
260,352,3,2
260,353,3,2
260,354,3,2
260,355,3,2
260,356,3,2
260,357,3,2
260,358,3,2
260,359,3,2
260,360,3,2
260,361,3,2
260,362,3,2
260,363,3,2
260,364,3,2
260,365,3,2
260,366,3,2
260,367,3,2
260,368,3,2
260,369,3,2
260,370,3,2
260,371,3,2
260,372,3,2
260,373,3,2
260,374,3,2
260,375,3,2
260,376,3,2
260,377,3,2
260,378,3,2
260,379,3,2
260,380,3,2
260,381,3,2
260,382,3,2
260,383,3,2
260,384,3,2
260,385,3,2
260,386,3,2
260,387,3,2
260,388,3,2
260,389,3,2
260,390,3,2
260,391,3,2
260,392,3,2
260,393,3,2
260,394,3,2
260,395,3,2
260,396,3,2
260,397,3,2
260,398,3,2
260,399,3,2
260,400,3,2
260,401,3,2
260,402,3,2
260,403,3,2
260,404,3,2
260,405,3,2
260,406,3,2
260,407,3,2
260,408,3,2
260,409,3,2
260,410,3,2
260,411,3,2
260,412,3,2
260,413,3,2
260,414,3,2
260,415,3,2
260,416,3,2
260,417,3,2
260,418,3,2
260,419,3,2
260,420,3,2
260,421,3,2
260,422,3,2
260,423,3,2
260,424,3,2
260,425,3,2
260,426,3,2
260,427,3,2
260,428,3,2
260,429,3,2
260,430,3,2
260,431,3,2
260,432,3,2
260,433,3,2
260,434,3,2
260,435,3,2
260,436,3,2
260,437,3,2
260,438,3,2
260,439,3,2
260,440,3,2
260,441,3,2
260,442,3,2
260,443,3,2
260,444,3,2
260,445,3,2
260,446,3,2
260,447,3,2
260,448,3,2
260,449,3,2
260,450,3,2
260,451,3,2
260,452,3,2
260,453,3,2
260,454,3,2
260,455,3,2
260,456,3,2
260,457,3,2
260,458,3,2
260,459,3,2
260,460,3,2
260,461,3,2
260,462,3,2
260,463,3,2
260,464,3,2
260,465,3,2
260,466,3,2
260,467,3,2
260,468,3,2
260,469,3,2
260,470,3,2
260,471,3,2
260,472,3,2
260,473,3,2
260,474,3,2
260,475,3,2
260,476,3,2
260,477,3,2
260,478,3,2
260,479,3,2
260,480,3,2
260,481,3,2
260,482,3,2
260,483,3,2
260,484,3,2
260,485,3,2
260,486,3,2
260,487,3,2
260,488,3,2
260,489,3,2
260,490,3,2
260,491,3,2
260,492,3,2
260,493,3,2
260,494,3,2
260,495,3,2
260,496,3,3
260,497,3,3
260,498,3,3
260,499,3,3
260,500,3,3
260,501,3,3
260,502,3,3
260,503,3,3
260,504,3,3
260,505,3,3
260,506,3,3
260,507,3,3
260,508,3,3
260,509,3,3
260,510,3,3
260,511,3,3
260,512,3,3
260,513,3,2
260,514,3,2
260,515,3,2
260,516,3,2
260,517,3,2
260,518,3,2
260,519,3,2
260,520,3,2
260,521,3,2
260,522,3,2
260,523,3,2
260,524,3,2
260,525,3,2
260,526,3,2
260,527,3,2
260,528,3,2
260,529,3,2
260,530,3,2
260,531,3,2
260,532,3,2
260,533,3,2
260,534,3,2
260,535,3,2
260,536,3,2
260,537,3,2
260,538,3,3
260,539,3,3
260,540,3,3
260,541,3,3
260,542,3,3
260,543,3,3
260,544,3,3
260,545,3,3
260,546,3,3
260,547,3,3
260,548,3,3
260,549,3,3
260,550,3,3
260,551,3,3
260,552,3,3
260,553,3,3
260,554,3,3
260,555,3,3
260,556,3,3
260,557,3,3
260,558,3,3
260,559,3,3
260,560,3,3
260,561,3,3
260,562,3,3
260,563,3,3
260,564,3,3
260,565,3,3
260,566,3,3
260,567,3,3
260,568,3,3
260,569,3,3
260,570,3,3
260,571,3,3
260,572,3,3
260,573,3,3
260,574,3,3
260,575,3,3
260,576,3,3
260,577,3,3
260,578,3,3
260,579,3,3
260,580,3,3
260,581,3,3
260,582,3,3
260,583,3,3
260,584,3,3
260,585,3,3
260,586,3,3
260,587,3,3
260,588,3,3
260,589,3,3
260,590,3,3
260,591,3,3
260,592,3,3
260,593,3,3
260,594,3,3
260,595,3,3
260,596,3,3
260,597,3,3
260,598,3,3
260,599,3,3
260,600,3,3
260,601,3,3
260,602,3,3
260,603,3,3
260,604,3,3
260,605,3,3
260,606,3,3
260,607,3,3
260,608,3,3
260,609,3,3
260,610,3,3
260,611,3,3
260,612,3,3
260,613,3,3
260,614,3,3
260,615,3,3
260,616,3,3
260,617,3,3
260,618,3,3
260,619,3,3
260,620,3,3
260,621,3,3
260,622,3,3
260,623,3,3
260,624,3,3
260,625,3,3
260,626,3,3
260,627,3,3
260,628,3,3
260,629,3,3
260,630,3,2
260,631,3,2
260,632,3,3
260,633,3,3
260,634,3,3
260,635,3,3
260,636,3,3
260,637,3,2
260,638,3,2
260,639,3,2
260,640,3,2
260,641,3,2
260,642,3,2
260,643,3,2
260,644,3,2
260,645,3,2
260,646,3,2
260,647,3,2
260,648,3,2
260,649,3,2
260,650,3,2
260,651,3,2
260,652,3,2
260,653,3,2
260,654,3,2
260,655,3,2
260,656,3,2
260,657,3,2
260,658,3,2
260,659,3,2
260,660,3,2
260,661,3,2
260,662,3,2
260,663,3,2
260,664,3,2
260,665,3,2
260,666,3,2
260,667,3,2
260,668,3,2
260,669,3,2
260,670,3,2
260,671,3,2
260,672,3,2
260,673,3,2
260,674,3,2
260,675,3,2
260,676,3,2
260,677,3,2
260,678,3,2
260,679,3,2
260,680,3,2
260,681,3,2
260,682,3,2
260,683,3,2
260,684,3,2
260,685,3,2
260,686,3,2
260,687,3,2
260,688,3,2
260,689,3,2
260,690,3,2
260,691,3,2
260,692,3,2
260,693,3,2
260,694,3,2
260,695,3,2
260,696,3,2
260,697,3,2
260,698,3,2
260,699,3,2
260,700,3,2
260,701,3,2
260,702,3,2
260,703,3,2
260,704,3,2
260,705,3,2
260,706,3,2
260,707,3,2
260,708,3,2
260,709,3,2
260,710,3,2
260,711,3,2
260,712,3,2
260,713,3,2
260,714,3,2
260,715,3,2
260,716,3,2
261,110,3,2
261,111,3,2
261,112,3,2
261,113,3,2
261,114,3,2
261,115,3,2
261,116,3,2
261,117,3,2
261,118,3,2
261,119,3,2
261,120,3,2
261,121,3,2
261,122,3,2
261,123,3,2
261,124,3,2
261,125,3,2
261,126,3,2
261,127,3,2
261,128,3,2
261,129,3,2
261,130,3,2
261,131,3,2
261,132,3,2
261,133,3,2
261,134,3,2
261,135,3,2
261,136,3,2
261,137,3,2
261,138,3,2
261,139,3,2
261,140,3,2
261,141,3,2
261,142,3,2
261,143,3,2
261,144,3,2
261,145,3,2
261,146,3,2
261,147,3,2
261,148,3,2
261,149,3,2
261,150,3,2
261,151,3,2
261,152,3,2
261,153,3,2
261,154,3,2
261,155,3,2
261,156,3,2
261,157,3,2
261,158,3,2
261,159,3,2
261,160,3,2
261,161,3,2
261,162,3,2
261,163,3,2
261,164,3,2
261,165,3,2
261,166,3,2
261,167,3,2
261,168,3,2
261,169,3,2
261,170,3,2
261,171,3,2
261,172,3,2
261,173,3,2
261,174,3,2
261,175,3,2
261,176,3,2
261,177,3,2
261,178,3,2
261,179,3,2
261,180,3,2
261,181,3,2
261,182,3,2
261,183,3,2
261,184,3,2
261,185,3,2
261,186,3,2
261,187,3,2
261,188,3,2
261,189,3,2
261,190,3,2
261,191,3,2
261,192,3,2
261,193,3,2
261,194,3,2
261,195,3,2
261,196,3,2
261,197,3,2
261,198,3,2
261,199,3,2
261,200,3,2
261,201,3,2
261,202,3,2
261,203,3,2
261,204,3,2
261,205,3,2
261,206,3,2
261,207,3,2
261,208,3,2
261,209,3,2
261,210,3,2
261,211,3,2
261,212,3,2
261,213,3,2
261,214,3,2
261,215,3,2
261,216,3,2
261,217,3,2
261,218,3,2
261,219,3,2
261,220,3,2
261,221,3,2
261,222,3,2
261,223,3,2
261,224,3,2
261,225,3,2
261,226,3,2
261,227,3,2
261,228,3,2
261,229,3,2
261,230,3,2
261,231,3,2
261,232,3,2
261,233,3,2
261,234,3,2
261,235,3,2
261,236,3,2
261,237,3,2
261,238,3,2
261,239,3,2
261,240,3,2
261,241,3,2
261,242,3,2
261,243,3,2
261,244,3,2
261,245,3,2
261,246,3,2
261,247,3,2
261,248,3,2
261,249,3,2
261,250,3,2
261,251,3,2
261,252,3,2
261,253,3,2
261,254,3,2
261,255,3,2
261,256,3,2
261,257,3,2
261,258,3,2
261,259,3,2
261,260,3,2
261,261,3,2
261,262,3,2
261,263,3,2
261,264,3,2
261,265,3,2
261,266,3,2
261,267,3,2
261,268,3,2
261,269,3,2
261,270,3,2
261,271,3,2
261,272,3,2
261,273,3,2
261,274,3,2
261,275,3,2
261,276,3,2
261,277,3,2
261,278,3,2
261,279,3,2
261,280,3,2
261,281,3,2
261,282,3,2
261,283,3,2
261,284,3,2
261,285,3,2
261,286,3,2
261,287,3,2
261,288,3,2
261,289,3,2
261,290,3,2
261,291,3,2
261,292,3,2
261,293,3,2
261,294,3,2
261,295,3,2
261,296,3,2
261,297,3,2
261,298,3,2
261,299,3,2
261,300,3,2
261,301,3,2
261,302,3,2
261,303,3,2
261,304,3,2
261,305,3,2
261,306,3,2
261,307,3,2
261,308,3,2
261,309,3,2
261,310,3,2
261,311,3,2
261,312,3,2
261,313,3,2
261,314,3,2
261,315,3,2
261,316,3,2
261,317,3,2
261,318,3,2
261,319,3,2
261,320,3,2
261,321,3,2
261,322,3,2
261,323,3,2
261,324,3,2
261,325,3,2
261,326,3,2
261,327,3,2
261,328,3,2
261,329,3,2
261,330,3,2
261,331,3,2
261,332,3,2
261,333,3,2
261,334,3,2
261,335,3,2
261,336,3,2
261,337,3,2
261,338,3,2
261,339,3,2
261,340,3,2
261,341,3,2
261,342,3,2
261,343,3,2
261,344,3,2
261,345,3,2
261,346,3,2
261,347,3,2
261,348,3,2
261,349,3,2
261,350,3,2
261,351,3,2
261,352,3,2
261,353,3,2
261,354,3,2
261,355,3,2
261,356,3,2
261,357,3,2
261,358,3,2
261,359,3,2
261,360,3,2
261,361,3,2
261,362,3,2
261,363,3,2
261,364,3,2
261,365,3,2
261,366,3,2
261,367,3,2
261,368,3,2
261,369,3,2
261,370,3,2
261,371,3,2
261,372,3,2
261,373,3,2
261,374,3,2
261,375,3,2
261,376,3,2
261,377,3,2
261,378,3,2
261,379,3,2
261,380,3,2
261,381,3,2
261,382,3,2
261,383,3,2
261,384,3,2
261,385,3,2
261,386,3,2
261,387,3,2
261,388,3,2
261,389,3,2
261,390,3,2
261,391,3,2
261,392,3,2
261,393,3,2
261,394,3,2
261,395,3,2
261,396,3,2
261,397,3,2
261,398,3,2
261,399,3,2
261,400,3,2
261,401,3,2
261,402,3,2
261,403,3,2
261,404,3,2
261,405,3,2
261,406,3,2
261,407,3,2
261,408,3,2
261,409,3,2
261,410,3,2
261,411,3,2
261,412,3,2
261,413,3,2
261,414,3,2
261,415,3,2
261,416,3,2
261,417,3,2
261,418,3,2
261,419,3,2
261,420,3,2
261,421,3,2
261,422,3,2
261,423,3,2
261,424,3,2
261,425,3,2
261,426,3,2
261,427,3,2
261,428,3,2
261,429,3,2
261,430,3,2
261,431,3,2
261,432,3,2
261,433,3,2
261,434,3,2
261,435,3,2
261,436,3,2
261,437,3,2
261,438,3,2
261,439,3,2
261,440,3,2
261,441,3,2
261,442,3,2
261,443,3,2
261,444,3,2
261,445,3,2
261,446,3,2
261,447,3,2
261,448,3,2
261,449,3,2
261,450,3,2
261,451,3,2
261,452,3,2
261,453,3,2
261,454,3,2
261,455,3,2
261,456,3,2
261,457,3,2
261,458,3,2
261,459,3,2
261,460,3,2
261,461,3,2
261,462,3,2
261,463,3,2
261,464,3,2
261,465,3,2
261,466,3,2
261,467,3,2
261,468,3,2
261,469,3,2
261,470,3,2
261,471,3,2
261,472,3,2
261,473,3,2
261,474,3,2
261,475,3,2
261,476,3,2
261,477,3,2
261,478,3,2
261,479,3,2
261,480,3,2
261,481,3,2
261,482,3,2
261,483,3,2
261,484,3,2
261,485,3,2
261,486,3,2
261,487,3,2
261,488,3,2
261,489,3,2
261,490,3,2
261,491,3,2
261,492,3,2
261,493,3,3
261,494,3,3
261,495,3,3
261,496,3,3
261,497,3,3
261,498,3,3
261,499,3,3
261,500,3,3
261,501,3,3
261,502,3,3
261,503,3,3
261,504,3,3
261,505,3,3
261,506,3,3
261,507,3,3
261,508,3,3
261,509,3,3
261,510,3,3
261,511,3,3
261,512,3,3
261,513,3,3
261,514,3,3
261,515,3,2
261,516,3,2
261,517,3,2
261,518,3,2
261,519,3,2
261,520,3,2
261,521,3,2
261,522,3,2
261,523,3,2
261,524,3,2
261,525,3,2
261,526,3,2
261,527,3,2
261,528,3,2
261,529,3,2
261,530,3,2
261,531,3,2
261,532,3,2
261,533,3,2
261,534,3,2
261,535,3,2
261,536,3,2
261,537,3,2
261,538,3,3
261,539,3,3
261,540,3,3
261,541,3,3
261,542,3,3
261,543,3,3
261,544,3,3
261,545,3,3
261,546,3,3
261,547,3,3
261,548,3,3
261,549,3,3
261,550,3,3
261,551,3,3
261,552,3,3
261,553,3,3
261,554,3,3
261,555,3,3
261,556,3,3
261,557,3,3
261,558,3,3
261,559,3,3
261,560,3,3
261,561,3,3
261,562,3,3
261,563,3,3
261,564,3,3
261,565,3,3
261,566,3,3
261,567,3,3
261,568,3,3
261,569,3,3
261,570,3,3
261,571,3,3
261,572,3,3
261,573,3,3
261,574,3,3
261,575,3,3
261,576,3,3
261,577,3,3
261,578,3,3
261,579,3,3
261,580,3,3
261,581,3,3
261,582,3,3
261,583,3,3
261,584,3,3
261,585,3,3
261,586,3,3
261,587,3,3
261,588,3,3
261,589,3,3
261,590,3,3
261,591,3,3
261,592,3,3
261,593,3,3
261,594,3,3
261,595,3,3
261,596,3,3
261,597,3,3
261,598,3,3
261,599,3,3
261,600,3,3
261,601,3,3
261,602,3,3
261,603,3,3
261,604,3,3
261,605,3,3
261,606,3,3
261,607,3,3
261,608,3,3
261,609,3,3
261,610,3,3
261,611,3,3
261,612,3,3
261,613,3,3
261,614,3,3
261,615,3,3
261,616,3,3
261,617,3,3
261,618,3,3
261,619,3,3
261,620,3,3
261,621,3,3
261,622,3,3
261,623,3,3
261,624,3,3
261,625,3,3
261,626,3,3
261,627,3,3
261,628,3,3
261,629,3,2
261,630,3,2
261,631,3,2
261,632,3,2
261,633,3,2
261,634,3,3
261,635,3,3
261,636,3,3
261,637,3,3
261,638,3,2
261,639,3,2
261,640,3,2
261,641,3,2
261,642,3,2
261,643,3,2
261,644,3,2
261,645,3,2
261,646,3,2
261,647,3,2
261,648,3,2
261,649,3,2
261,650,3,2
261,651,3,2
261,652,3,2
261,653,3,2
261,654,3,2
261,655,3,2
261,656,3,2
261,657,3,2
261,658,3,2
261,659,3,2
261,660,3,2
261,661,3,2
261,662,3,2
261,663,3,2
261,664,3,2
261,665,3,2
261,666,3,2
261,667,3,2
261,668,3,2
261,669,3,2
261,670,3,2
261,671,3,2
261,672,3,2
261,673,3,2
261,674,3,2
261,675,3,2
261,676,3,2
261,677,3,2
261,678,3,2
261,679,3,2
261,680,3,2
261,681,3,2
261,682,3,2
261,683,3,2
261,684,3,2
261,685,3,2
261,686,3,2
261,687,3,2
261,688,3,2
261,689,3,2
261,690,3,2
261,691,3,2
261,692,3,2
261,693,3,2
261,694,3,2
261,695,3,2
261,696,3,2
261,697,3,2
261,698,3,2
261,699,3,2
261,700,3,2
261,701,3,2
261,702,3,2
261,703,3,2
261,704,3,2
261,705,3,2
261,706,3,2
261,707,3,2
261,708,3,2
261,709,3,2
261,710,3,2
261,711,3,2
261,712,3,2
261,713,3,2
261,714,3,2
262,109,3,2
262,110,3,2
262,111,3,2
262,112,3,2
262,113,3,2
262,114,3,2
262,115,3,2
262,116,3,2
262,117,3,2
262,118,3,2
262,119,3,2
262,120,3,2
262,121,3,2
262,122,3,2
262,123,3,2
262,124,3,2
262,125,3,2
262,126,3,2
262,127,3,2
262,128,3,2
262,129,3,2
262,130,3,2
262,131,3,2
262,132,3,2
262,133,3,2
262,134,3,2
262,135,3,2
262,136,3,2
262,137,3,2
262,138,3,2
262,139,3,2
262,140,3,2
262,141,3,2
262,142,3,2
262,143,3,2
262,144,3,2
262,145,3,2
262,146,3,2
262,147,3,2
262,148,3,2
262,149,3,2
262,150,3,2
262,151,3,2
262,152,3,2
262,153,3,2
262,154,3,2
262,155,3,2
262,156,3,2
262,157,3,2
262,158,3,2
262,159,3,2
262,160,3,2
262,161,3,2
262,162,3,2
262,163,3,2
262,164,3,2
262,165,3,2
262,166,3,2
262,167,3,2
262,168,3,2
262,169,3,2
262,170,3,2
262,171,3,2
262,172,3,2
262,173,3,2
262,174,3,2
262,175,3,2
262,176,3,2
262,177,3,2
262,178,3,2
262,179,3,2
262,180,3,2
262,181,3,2
262,182,3,2
262,183,3,2
262,184,3,2
262,185,3,2
262,186,3,2
262,187,3,2
262,188,3,2
262,189,3,2
262,190,3,2
262,191,3,2
262,192,3,2
262,193,3,2
262,194,3,2
262,195,3,2
262,196,3,2
262,197,3,2
262,198,3,2
262,199,3,2
262,200,3,2
262,201,3,2
262,202,3,2
262,203,3,2
262,204,3,2
262,205,3,2
262,206,3,2
262,207,3,2
262,208,3,2
262,209,3,2
262,210,3,2
262,211,3,2
262,212,3,2
262,213,3,2
262,214,3,2
262,215,3,2
262,216,3,2
262,217,3,2
262,218,3,2
262,219,3,2
262,220,3,2
262,221,3,2
262,222,3,2
262,223,3,2
262,224,3,2
262,225,3,2
262,226,3,2
262,227,3,2
262,228,3,2
262,229,3,2
262,230,3,2
262,231,3,2
262,232,3,2
262,233,3,2
262,234,3,2
262,235,3,2
262,236,3,2
262,237,3,2
262,238,3,2
262,239,3,2
262,240,3,2
262,241,3,2
262,242,3,2
262,243,3,2
262,244,3,2
262,245,3,2
262,246,3,2
262,247,3,2
262,248,3,2
262,249,3,2
262,250,3,2
262,251,3,2
262,252,3,2
262,253,3,2
262,254,3,2
262,255,3,2
262,256,3,2
262,257,3,2
262,258,3,2
262,259,3,2
262,260,3,2
262,261,3,2
262,262,3,2
262,263,3,2
262,264,3,2
262,265,3,2
262,266,3,2
262,267,3,2
262,268,3,2
262,269,3,2
262,270,3,2
262,271,3,2
262,272,3,2
262,273,3,2
262,274,3,2
262,275,3,2
262,276,3,2
262,277,3,2
262,278,3,2
262,279,3,2
262,280,3,2
262,281,3,2
262,282,3,2
262,283,3,2
262,284,3,2
262,285,3,2
262,286,3,2
262,287,3,2
262,288,3,2
262,289,3,2
262,290,3,2
262,291,3,2
262,292,3,2
262,293,3,2
262,294,3,2
262,295,3,2
262,296,3,2
262,297,3,2
262,298,3,2
262,299,3,2
262,300,3,2
262,301,3,2
262,302,3,2
262,303,3,2
262,304,3,2
262,305,3,2
262,306,3,2
262,307,3,2
262,308,3,2
262,309,3,2
262,310,3,2
262,311,3,2
262,312,3,2
262,313,3,2
262,314,3,2
262,315,3,2
262,316,3,2
262,317,3,2
262,318,3,2
262,319,3,2
262,320,3,2
262,321,3,2
262,322,3,2
262,323,3,2
262,324,3,2
262,325,3,2
262,326,3,2
262,327,3,2
262,328,3,2
262,329,3,2
262,330,3,2
262,331,3,2
262,332,3,2
262,333,3,2
262,334,3,2
262,335,3,2
262,336,3,2
262,337,3,2
262,338,3,2
262,339,3,2
262,340,3,2
262,341,3,2
262,342,3,2
262,343,3,2
262,344,3,2
262,345,3,2
262,346,3,2
262,347,3,2
262,348,3,2
262,349,3,2
262,350,3,2
262,351,3,2
262,352,3,2
262,353,3,2
262,354,3,2
262,355,3,2
262,356,3,2
262,357,3,2
262,358,3,2
262,359,3,2
262,360,3,2
262,361,3,2
262,362,3,2
262,363,3,2
262,364,3,2
262,365,3,2
262,366,3,2
262,367,3,2
262,368,3,2
262,369,3,2
262,370,3,2
262,371,3,2
262,372,3,2
262,373,3,2
262,374,3,2
262,375,3,2
262,376,3,2
262,377,3,2
262,378,3,2
262,379,3,2
262,380,3,2
262,381,3,2
262,382,3,2
262,383,3,2
262,384,3,2
262,385,3,2
262,386,3,2
262,387,3,2
262,388,3,2
262,389,3,2
262,390,3,2
262,391,3,2
262,392,3,2
262,393,3,2
262,394,3,2
262,395,3,2
262,396,3,2
262,397,3,2
262,398,3,2
262,399,3,2
262,400,3,2
262,401,3,2
262,402,3,2
262,403,3,2
262,404,3,2
262,405,3,2
262,406,3,2
262,407,3,2
262,408,3,2
262,409,3,2
262,410,3,2
262,411,3,2
262,412,3,2
262,413,3,2
262,414,3,2
262,415,3,2
262,416,3,2
262,417,3,2
262,418,3,2
262,419,3,2
262,420,3,2
262,421,3,2
262,422,3,2
262,423,3,2
262,424,3,2
262,425,3,2
262,426,3,2
262,427,3,2
262,428,3,2
262,429,3,2
262,430,3,2
262,431,3,2
262,432,3,2
262,433,3,2
262,434,3,2
262,435,3,2
262,436,3,2
262,437,3,2
262,438,3,2
262,439,3,2
262,440,3,2
262,441,3,2
262,442,3,2
262,443,3,2
262,444,3,2
262,445,3,2
262,446,3,2
262,447,3,2
262,448,3,2
262,449,3,2
262,450,3,2
262,451,3,2
262,452,3,2
262,453,3,2
262,454,3,2
262,455,3,2
262,456,3,2
262,457,3,2
262,458,3,2
262,459,3,2
262,460,3,2
262,461,3,2
262,462,3,2
262,463,3,2
262,464,3,2
262,465,3,2
262,466,3,2
262,467,3,2
262,468,3,2
262,469,3,2
262,470,3,2
262,471,3,2
262,472,3,2
262,473,3,2
262,474,3,2
262,475,3,2
262,476,3,2
262,477,3,2
262,478,3,2
262,479,3,2
262,480,3,2
262,481,3,2
262,482,3,2
262,483,3,2
262,484,3,2
262,485,3,2
262,486,3,2
262,487,3,2
262,488,3,2
262,489,3,2
262,490,3,2
262,491,3,3
262,492,3,3
262,493,3,3
262,494,3,3
262,495,3,3
262,496,3,3
262,497,3,3
262,498,3,3
262,499,3,3
262,500,3,3
262,501,3,3
262,502,3,3
262,503,3,3
262,504,3,3
262,505,3,3
262,506,3,3
262,507,3,3
262,508,3,3
262,509,3,3
262,510,3,3
262,511,3,3
262,512,3,3
262,513,3,3
262,514,3,3
262,515,3,3
262,516,3,3
262,517,3,2
262,518,3,2
262,519,3,2
262,520,3,2
262,521,3,2
262,522,3,2
262,523,3,2
262,524,3,2
262,525,3,2
262,526,3,2
262,527,3,2
262,528,3,2
262,529,3,2
262,530,3,2
262,531,3,2
262,532,3,2
262,533,3,2
262,534,3,2
262,535,3,2
262,536,3,2
262,537,3,2
262,538,3,3
262,539,3,3
262,540,3,3
262,541,3,3
262,542,3,3
262,543,3,3
262,544,3,3
262,545,3,3
262,546,3,3
262,547,3,3
262,548,3,3
262,549,3,3
262,550,3,3
262,551,3,3
262,552,3,3
262,553,3,3
262,554,3,3
262,555,3,3
262,556,3,3
262,557,3,3
262,558,3,3
262,559,3,3
262,560,3,3
262,561,3,3
262,562,3,3
262,563,3,3
262,564,3,3
262,565,3,3
262,566,3,3
262,567,3,3
262,568,3,3
262,569,3,3
262,570,3,3
262,571,3,3
262,572,3,3
262,573,3,3
262,574,3,3
262,575,3,3
262,576,3,3
262,577,3,3
262,578,3,3
262,579,3,3
262,580,3,3
262,581,3,3
262,582,3,3
262,583,3,3
262,584,3,3
262,585,3,3
262,586,3,3
262,587,3,3
262,588,3,3
262,589,3,3
262,590,3,3
262,591,3,3
262,592,3,3
262,593,3,3
262,594,3,3
262,595,3,3
262,596,3,3
262,597,3,3
262,598,3,3
262,599,3,3
262,600,3,3
262,601,3,3
262,602,3,3
262,603,3,3
262,604,3,3
262,605,3,3
262,606,3,3
262,607,3,3
262,608,3,3
262,609,3,3
262,610,3,3
262,611,3,3
262,612,3,3
262,613,3,3
262,614,3,3
262,615,3,3
262,616,3,3
262,617,3,3
262,618,3,3
262,619,3,3
262,620,3,3
262,621,3,3
262,622,3,3
262,623,3,3
262,624,3,3
262,625,3,3
262,626,3,3
262,627,3,3
262,628,3,3
262,629,3,2
262,630,3,2
262,631,3,2
262,632,3,2
262,633,3,2
262,634,3,2
262,635,3,2
262,636,3,2
262,637,3,2
262,638,3,3
262,639,3,2
262,640,3,2
262,641,3,2
262,642,3,2
262,643,3,2
262,644,3,2
262,645,3,2
262,646,3,2
262,647,3,2
262,648,3,2
262,649,3,2
262,650,3,2
262,651,3,2
262,652,3,2
262,653,3,2
262,654,3,2
262,655,3,2
262,656,3,2
262,657,3,2
262,658,3,2
262,659,3,2
262,660,3,2
262,661,3,2
262,662,3,2
262,663,3,2
262,664,3,2
262,665,3,2
262,666,3,2
262,667,3,2
262,668,3,2
262,669,3,2
262,670,3,2
262,671,3,2
262,672,3,2
262,673,3,2
262,674,3,2
262,675,3,2
262,676,3,2
262,677,3,2
262,678,3,2
262,679,3,2
262,680,3,2
262,681,3,2
262,682,3,2
262,683,3,2
262,684,3,2
262,685,3,2
262,686,3,2
262,687,3,2
262,688,3,2
262,689,3,2
262,690,3,2
262,691,3,2
262,692,3,2
262,693,3,2
262,694,3,2
262,695,3,2
262,696,3,2
262,697,3,2
262,698,3,2
262,699,3,2
262,700,3,2
262,701,3,2
262,702,3,2
262,703,3,2
262,704,3,2
262,705,3,2
262,706,3,2
262,707,3,2
262,708,3,2
262,709,3,2
262,710,3,2
262,711,3,2
262,712,3,2
262,713,3,2
262,714,3,2
263,109,3,2
263,110,3,2
263,111,3,2
263,112,3,2
263,113,3,2
263,114,3,2
263,115,3,2
263,116,3,2
263,117,3,2
263,118,3,2
263,119,3,2
263,120,3,2
263,121,3,2
263,122,3,2
263,123,3,2
263,124,3,2
263,125,3,2
263,126,3,2
263,127,3,2
263,128,3,2
263,129,3,2
263,130,3,2
263,131,3,2
263,132,3,2
263,133,3,2
263,134,3,2
263,135,3,2
263,136,3,2
263,137,3,2
263,138,3,2
263,139,3,2
263,140,3,2
263,141,3,2
263,142,3,2
263,143,3,2
263,144,3,2
263,145,3,2
263,146,3,2
263,147,3,2
263,148,3,2
263,149,3,2
263,150,3,2
263,151,3,2
263,152,3,2
263,153,3,2
263,154,3,2
263,155,3,2
263,156,3,2
263,157,3,2
263,158,3,2
263,159,3,2
263,160,3,2
263,161,3,2
263,162,3,2
263,163,3,2
263,164,3,2
263,165,3,2
263,166,3,2
263,167,3,2
263,168,3,2
263,169,3,2
263,170,3,2
263,171,3,2
263,172,3,2
263,173,3,2
263,174,3,2
263,175,3,2
263,176,3,2
263,177,3,2
263,178,3,2
263,179,3,2
263,180,3,2
263,181,3,2
263,182,3,2
263,183,3,2
263,184,3,2
263,185,3,2
263,186,3,2
263,187,3,2
263,188,3,2
263,189,3,2
263,190,3,2
263,191,3,2
263,192,3,2
263,193,3,2
263,194,3,2
263,195,3,2
263,196,3,2
263,197,3,2
263,198,3,2
263,199,3,2
263,200,3,2
263,201,3,2
263,202,3,2
263,203,3,2
263,204,3,2
263,205,3,2
263,206,3,2
263,207,3,2
263,208,3,2
263,209,3,2
263,210,3,2
263,211,3,2
263,212,3,2
263,213,3,2
263,214,3,2
263,215,3,2
263,216,3,2
263,217,3,2
263,218,3,2
263,219,3,2
263,220,3,2
263,221,3,2
263,222,3,2
263,223,3,2
263,224,3,2
263,225,3,2
263,226,3,2
263,227,3,2
263,228,3,2
263,229,3,2
263,230,3,2
263,231,3,2
263,232,3,2
263,233,3,2
263,234,3,2
263,235,3,2
263,236,3,2
263,237,3,2
263,238,3,2
263,239,3,2
263,240,3,2
263,241,3,2
263,242,3,2
263,243,3,2
263,244,3,2
263,245,3,2
263,246,3,2
263,247,3,2
263,248,3,2
263,249,3,2
263,250,3,2
263,251,3,2
263,252,3,2
263,253,3,2
263,254,3,2
263,255,3,2
263,256,3,2
263,257,3,2
263,258,3,2
263,259,3,2
263,260,3,2
263,261,3,2
263,262,3,2
263,263,3,2
263,264,3,2
263,265,3,2
263,266,3,2
263,267,3,2
263,268,3,2
263,269,3,2
263,270,3,2
263,271,3,2
263,272,3,2
263,273,3,2
263,274,3,2
263,275,3,2
263,276,3,2
263,277,3,2
263,278,3,2
263,279,3,2
263,280,3,2
263,281,3,2
263,282,3,2
263,283,3,2
263,284,3,2
263,285,3,2
263,286,3,2
263,287,3,2
263,288,3,2
263,289,3,2
263,290,3,2
263,291,3,2
263,292,3,2
263,293,3,2
263,294,3,2
263,295,3,2
263,296,3,2
263,297,3,2
263,298,3,2
263,299,3,2
263,300,3,2
263,301,3,2
263,302,3,2
263,303,3,2
263,304,3,2
263,305,3,2
263,306,3,2
263,307,3,2
263,308,3,2
263,309,3,2
263,310,3,2
263,311,3,2
263,312,3,2
263,313,3,2
263,314,3,2
263,315,3,2
263,316,3,2
263,317,3,2
263,318,3,2
263,319,3,2
263,320,3,2
263,321,3,2
263,322,3,2
263,323,3,2
263,324,3,2
263,325,3,2
263,326,3,2
263,327,3,2
263,328,3,2
263,329,3,2
263,330,3,2
263,331,3,2
263,332,3,2
263,333,3,2
263,334,3,2
263,335,3,2
263,336,3,2
263,337,3,2
263,338,3,2
263,339,3,2
263,340,3,2
263,341,3,2
263,342,3,2
263,343,3,2
263,344,3,2
263,345,3,2
263,346,3,2
263,347,3,2
263,348,3,2
263,349,3,2
263,350,3,2
263,351,3,2
263,352,3,2
263,353,3,2
263,354,3,2
263,355,3,2
263,356,3,2
263,357,3,2
263,358,3,2
263,359,3,2
263,360,3,2
263,361,3,2
263,362,3,2
263,363,3,2
263,364,3,2
263,365,3,2
263,366,3,2
263,367,3,2
263,368,3,2
263,369,3,2
263,370,3,2
263,371,3,2
263,372,3,2
263,373,3,2
263,374,3,2
263,375,3,2
263,376,3,2
263,377,3,2
263,378,3,2
263,379,3,2
263,380,3,2
263,381,3,2
263,382,3,2
263,383,3,2
263,384,3,2
263,385,3,2
263,386,3,2
263,387,3,2
263,388,3,2
263,389,3,2
263,390,3,2
263,391,3,2
263,392,3,2
263,393,3,2
263,394,3,2
263,395,3,2
263,396,3,2
263,397,3,2
263,398,3,2
263,399,3,2
263,400,3,2
263,401,3,2
263,402,3,2
263,403,3,2
263,404,3,2
263,405,3,2
263,406,3,2
263,407,3,2
263,408,3,2
263,409,3,2
263,410,3,2
263,411,3,2
263,412,3,2
263,413,3,2
263,414,3,2
263,415,3,2
263,416,3,2
263,417,3,2
263,418,3,2
263,419,3,2
263,420,3,2
263,421,3,2
263,422,3,2
263,423,3,2
263,424,3,2
263,425,3,2
263,426,3,2
263,427,3,2
263,428,3,2
263,429,3,2
263,430,3,2
263,431,3,2
263,432,3,2
263,433,3,2
263,434,3,2
263,435,3,2
263,436,3,2
263,437,3,2
263,438,3,2
263,439,3,2
263,440,3,2
263,441,3,2
263,442,3,2
263,443,3,2
263,444,3,2
263,445,3,2
263,446,3,2
263,447,3,2
263,448,3,2
263,449,3,2
263,450,3,2
263,451,3,2
263,452,3,2
263,453,3,2
263,454,3,2
263,455,3,2
263,456,3,2
263,457,3,2
263,458,3,2
263,459,3,2
263,460,3,2
263,461,3,2
263,462,3,2
263,463,3,2
263,464,3,2
263,465,3,2
263,466,3,2
263,467,3,2
263,468,3,2
263,469,3,2
263,470,3,2
263,471,3,2
263,472,3,2
263,473,3,2
263,474,3,2
263,475,3,2
263,476,3,2
263,477,3,2
263,478,3,2
263,479,3,2
263,480,3,2
263,481,3,2
263,482,3,2
263,483,3,2
263,484,3,2
263,485,3,2
263,486,3,2
263,487,3,2
263,488,3,2
263,489,3,2
263,490,3,3
263,491,3,3
263,492,3,3
263,493,3,3
263,494,3,3
263,495,3,3
263,496,3,3
263,497,3,3
263,498,3,3
263,499,3,3
263,500,3,3
263,501,3,3
263,502,3,3
263,503,3,3
263,504,3,3
263,505,3,3
263,506,3,3
263,507,3,3
263,508,3,3
263,509,3,3
263,510,3,3
263,511,3,3
263,512,3,3
263,513,3,3
263,514,3,3
263,515,3,3
263,516,3,3
263,517,3,3
263,518,3,3
263,519,3,2
263,520,3,2
263,521,3,2
263,522,3,2
263,523,3,2
263,524,3,2
263,525,3,2
263,526,3,2
263,527,3,2
263,528,3,2
263,529,3,2
263,530,3,2
263,531,3,2
263,532,3,2
263,533,3,2
263,534,3,2
263,535,3,2
263,536,3,2
263,537,3,2
263,538,3,3
263,539,3,3
263,540,3,3
263,541,3,3
263,542,3,3
263,543,3,3
263,544,3,3
263,545,3,3
263,546,3,3
263,547,3,3
263,548,3,3
263,549,3,3
263,550,3,3
263,551,3,3
263,552,3,3
263,553,3,3
263,554,3,3
263,555,3,3
263,556,3,3
263,557,3,3
263,558,3,3
263,559,3,3
263,560,3,3
263,561,3,3
263,562,3,3
263,563,3,3
263,564,3,3
263,565,3,3
263,566,3,3
263,567,3,3
263,568,3,3
263,569,3,3
263,570,3,3
263,571,3,3
263,572,3,3
263,573,3,3
263,574,3,3
263,575,3,3
263,576,3,3
263,577,3,3
263,578,3,3
263,579,3,3
263,580,3,3
263,581,3,3
263,582,3,3
263,583,3,3
263,584,3,3
263,585,3,3
263,586,3,3
263,587,3,3
263,588,3,3
263,589,3,3
263,590,3,3
263,591,3,3
263,592,3,3
263,593,3,3
263,594,3,3
263,595,3,3
263,596,3,3
263,597,3,3
263,598,3,3
263,599,3,3
263,600,3,2
263,601,3,2
263,602,3,2
263,603,3,2
263,604,3,3
263,605,3,3
263,606,3,3
263,607,3,3
263,608,3,3
263,609,3,3
263,610,3,3
263,611,3,3
263,612,3,3
263,613,3,3
263,614,3,3
263,615,3,3
263,616,3,3
263,617,3,3
263,618,3,3
263,619,3,3
263,620,3,3
263,621,3,3
263,622,3,3
263,623,3,3
263,624,3,3
263,625,3,3
263,626,3,3
263,627,3,3
263,628,3,3
263,629,3,2
263,630,3,2
263,631,3,2
263,632,3,2
263,633,3,2
263,634,3,2
263,635,3,2
263,636,3,2
263,637,3,3
263,638,3,3
263,639,3,2
263,640,3,2
263,641,3,2
263,642,3,2
263,643,3,2
263,644,3,2
263,645,3,2
263,646,3,2
263,647,3,2
263,648,3,2
263,649,3,2
263,650,3,2
263,651,3,2
263,652,3,2
263,653,3,2
263,654,3,2
263,655,3,2
263,656,3,2
263,657,3,2
263,658,3,2
263,659,3,2
263,660,3,2
263,661,3,2
263,662,3,2
263,663,3,2
263,664,3,2
263,665,3,2
263,666,3,2
263,667,3,2
263,668,3,2
263,669,3,2
263,670,3,2
263,671,3,2
263,672,3,2
263,673,3,2
263,674,3,2
263,675,3,2
263,676,3,2
263,677,3,2
263,678,3,2
263,679,3,2
263,680,3,2
263,681,3,2
263,682,3,2
263,683,3,2
263,684,3,2
263,685,3,2
263,686,3,2
263,687,3,2
263,688,3,2
263,689,3,2
263,690,3,2
263,691,3,2
263,692,3,2
263,693,3,2
263,694,3,2
263,695,3,2
263,696,3,2
263,697,3,2
263,698,3,2
263,699,3,2
263,700,3,2
263,701,3,2
263,702,3,2
263,703,3,2
263,704,3,2
263,705,3,2
263,706,3,2
263,707,3,2
263,708,3,2
263,709,3,2
263,710,3,2
263,711,3,2
263,712,3,2
263,713,3,2
264,108,3,2
264,109,3,2
264,110,3,2
264,111,3,2
264,112,3,2
264,113,3,2
264,114,3,2
264,115,3,2
264,116,3,2
264,117,3,2
264,118,3,2
264,119,3,2
264,120,3,2
264,121,3,2
264,122,3,2
264,123,3,2
264,124,3,2
264,125,3,2
264,126,3,2
264,127,3,2
264,128,3,2
264,129,3,2
264,130,3,2
264,131,3,2
264,132,3,2
264,133,3,2
264,134,3,2
264,135,3,2
264,136,3,2
264,137,3,2
264,138,3,2
264,139,3,2
264,140,3,2
264,141,3,2
264,142,3,2
264,143,3,2
264,144,3,2
264,145,3,2
264,146,3,2
264,147,3,2
264,148,3,2
264,149,3,2
264,150,3,2
264,151,3,2
264,152,3,2
264,153,3,2
264,154,3,2
264,155,3,2
264,156,3,2
264,157,3,2
264,158,3,2
264,159,3,2
264,160,3,2
264,161,3,2
264,162,3,2
264,163,3,2
264,164,3,2
264,165,3,2
264,166,3,2
264,167,3,2
264,168,3,2
264,169,3,2
264,170,3,2
264,171,3,2
264,172,3,2
264,173,3,2
264,174,3,2
264,175,3,2
264,176,3,2
264,177,3,2
264,178,3,2
264,179,3,2
264,180,3,2
264,181,3,2
264,182,3,2
264,183,3,2
264,184,3,2
264,185,3,2
264,186,3,2
264,187,3,2
264,188,3,2
264,189,3,2
264,190,3,2
264,191,3,2
264,192,3,2
264,193,3,2
264,194,3,2
264,195,3,2
264,196,3,2
264,197,3,2
264,198,3,2
264,199,3,2
264,200,3,2
264,201,3,2
264,202,3,2
264,203,3,2
264,204,3,2
264,205,3,2
264,206,3,2
264,207,3,2
264,208,3,2
264,209,3,2
264,210,3,2
264,211,3,2
264,212,3,2
264,213,3,2
264,214,3,2
264,215,3,2
264,216,3,2
264,217,3,2
264,218,3,2
264,219,3,2
264,220,3,2
264,221,3,2
264,222,3,2
264,223,3,2
264,224,3,2
264,225,3,2
264,226,3,2
264,227,3,2
264,228,3,2
264,229,3,2
264,230,3,2
264,231,3,2
264,232,3,2
264,233,3,2
264,234,3,2
264,235,3,2
264,236,3,2
264,237,3,2
264,238,3,2
264,239,3,2
264,240,3,2
264,241,3,2
264,242,3,2
264,243,3,2
264,244,3,2
264,245,3,2
264,246,3,2
264,247,3,2
264,248,3,2
264,249,3,2
264,250,3,2
264,251,3,2
264,252,3,2
264,253,3,2
264,254,3,2
264,255,3,2
264,256,3,2
264,257,3,2
264,258,3,2
264,259,3,2
264,260,3,2
264,261,3,2
264,262,3,2
264,263,3,2
264,264,3,2
264,265,3,2
264,266,3,2
264,267,3,2
264,268,3,2
264,269,3,2
264,270,3,2
264,271,3,2
264,272,3,2
264,273,3,2
264,274,3,2
264,275,3,2
264,276,3,2
264,277,3,2
264,278,3,2
264,279,3,2
264,280,3,2
264,281,3,2
264,282,3,2
264,283,3,2
264,284,3,2
264,285,3,2
264,286,3,2
264,287,3,2
264,288,3,2
264,289,3,2
264,290,3,2
264,291,3,2
264,292,3,2
264,293,3,2
264,294,3,2
264,295,3,2
264,296,3,2
264,297,3,2
264,298,3,2
264,299,3,2
264,300,3,2
264,301,3,2
264,302,3,2
264,303,3,2
264,304,3,2
264,305,3,2
264,306,3,2
264,307,3,2
264,308,3,2
264,309,3,2
264,310,3,2
264,311,3,2
264,312,3,2
264,313,3,2
264,314,3,2
264,315,3,2
264,316,3,2
264,317,3,2
264,318,3,2
264,319,3,2
264,320,3,2
264,321,3,2
264,322,3,2
264,323,3,2
264,324,3,2
264,325,3,2
264,326,3,2
264,327,3,2
264,328,3,2
264,329,3,2
264,330,3,2
264,331,3,2
264,332,3,2
264,333,3,2
264,334,3,2
264,335,3,2
264,336,3,2
264,337,3,2
264,338,3,2
264,339,3,2
264,340,3,2
264,341,3,2
264,342,3,2
264,343,3,2
264,344,3,2
264,345,3,2
264,346,3,2
264,347,3,2
264,348,3,2
264,349,3,2
264,350,3,2
264,351,3,2
264,352,3,2
264,353,3,2
264,354,3,2
264,355,3,2
264,356,3,2
264,357,3,2
264,358,3,2
264,359,3,2
264,360,3,2
264,361,3,2
264,362,3,2
264,363,3,2
264,364,3,2
264,365,3,2
264,366,3,2
264,367,3,2
264,368,3,2
264,369,3,2
264,370,3,2
264,371,3,2
264,372,3,2
264,373,3,2
264,374,3,2
264,375,3,2
264,376,3,2
264,377,3,2
264,378,3,2
264,379,3,2
264,380,3,2
264,381,3,2
264,382,3,2
264,383,3,2
264,384,3,2
264,385,3,2
264,386,3,2
264,387,3,2
264,388,3,2
264,389,3,2
264,390,3,2
264,391,3,2
264,392,3,2
264,393,3,2
264,394,3,2
264,395,3,2
264,396,3,2
264,397,3,2
264,398,3,2
264,399,3,2
264,400,3,2
264,401,3,2
264,402,3,2
264,403,3,2
264,404,3,2
264,405,3,2
264,406,3,2
264,407,3,2
264,408,3,2
264,409,3,2
264,410,3,2
264,411,3,2
264,412,3,2
264,413,3,2
264,414,3,2
264,415,3,2
264,416,3,2
264,417,3,2
264,418,3,2
264,419,3,2
264,420,3,2
264,421,3,2
264,422,3,2
264,423,3,2
264,424,3,2
264,425,3,2
264,426,3,2
264,427,3,2
264,428,3,2
264,429,3,2
264,430,3,2
264,431,3,2
264,432,3,2
264,433,3,2
264,434,3,2
264,435,3,2
264,436,3,2
264,437,3,2
264,438,3,2
264,439,3,2
264,440,3,2
264,441,3,2
264,442,3,2
264,443,3,2
264,444,3,2
264,445,3,2
264,446,3,2
264,447,3,2
264,448,3,2
264,449,3,2
264,450,3,2
264,451,3,2
264,452,3,2
264,453,3,2
264,454,3,2
264,455,3,2
264,456,3,2
264,457,3,2
264,458,3,2
264,459,3,2
264,460,3,2
264,461,3,2
264,462,3,2
264,463,3,2
264,464,3,2
264,465,3,2
264,466,3,2
264,467,3,2
264,468,3,2
264,469,3,2
264,470,3,2
264,471,3,2
264,472,3,2
264,473,3,2
264,474,3,2
264,475,3,2
264,476,3,2
264,477,3,2
264,478,3,2
264,479,3,2
264,480,3,2
264,481,3,2
264,482,3,2
264,483,3,2
264,484,3,2
264,485,3,2
264,486,3,2
264,487,3,2
264,488,3,3
264,489,3,3
264,490,3,3
264,491,3,3
264,492,3,3
264,493,3,3
264,494,3,3
264,495,3,3
264,496,3,3
264,497,3,3
264,498,3,3
264,499,3,3
264,500,3,3
264,501,3,3
264,502,3,3
264,503,3,3
264,504,3,3
264,505,3,3
264,506,3,3
264,507,3,3
264,508,3,3
264,509,3,3
264,510,3,3
264,511,3,3
264,512,3,3
264,513,3,3
264,514,3,3
264,515,3,3
264,516,3,3
264,517,3,3
264,518,3,3
264,519,3,2
264,520,3,2
264,521,3,2
264,522,3,2
264,523,3,2
264,524,3,2
264,525,3,2
264,526,3,2
264,527,3,2
264,528,3,2
264,529,3,2
264,530,3,2
264,531,3,2
264,532,3,2
264,533,3,2
264,534,3,2
264,535,3,2
264,536,3,2
264,537,3,2
264,538,3,3
264,539,3,3
264,540,3,3
264,541,3,3
264,542,3,3
264,543,3,3
264,544,3,3
264,545,3,3
264,546,3,3
264,547,3,3
264,548,3,3
264,549,3,3
264,550,3,3
264,551,3,3
264,552,3,3
264,553,3,3
264,554,3,3
264,555,3,3
264,556,3,3
264,557,3,3
264,558,3,3
264,559,3,3
264,560,3,3
264,561,3,3
264,562,3,3
264,563,3,3
264,564,3,3
264,565,3,3
264,566,3,3
264,567,3,3
264,568,3,3
264,569,3,3
264,570,3,3
264,571,3,3
264,572,3,3
264,573,3,3
264,574,3,3
264,575,3,3
264,576,3,3
264,577,3,3
264,578,3,3
264,579,3,3
264,580,3,3
264,581,3,3
264,582,3,3
264,583,3,3
264,584,3,3
264,585,3,3
264,586,3,3
264,587,3,3
264,588,3,3
264,589,3,3
264,590,3,3
264,591,3,3
264,592,3,3
264,593,3,3
264,594,3,3
264,595,3,3
264,596,3,3
264,597,3,3
264,598,3,2
264,599,3,2
264,600,3,2
264,601,3,2
264,602,3,2
264,603,3,2
264,604,3,2
264,605,3,3
264,606,3,3
264,607,3,3
264,608,3,3
264,609,3,3
264,610,3,3
264,611,3,3
264,612,3,3
264,613,3,3
264,614,3,3
264,615,3,3
264,616,3,3
264,617,3,3
264,618,3,3
264,619,3,3
264,620,3,3
264,621,3,3
264,622,3,3
264,623,3,3
264,624,3,3
264,625,3,3
264,626,3,3
264,627,3,3
264,628,3,3
264,629,3,2
264,630,3,2
264,631,3,2
264,632,3,2
264,633,3,2
264,634,3,2
264,635,3,2
264,636,3,2
264,637,3,3
264,638,3,3
264,639,3,3
264,640,3,2
264,641,3,2
264,642,3,2
264,643,3,2
264,644,3,2
264,645,3,2
264,646,3,2
264,647,3,2
264,648,3,2
264,649,3,2
264,650,3,2
264,651,3,2
264,652,3,2
264,653,3,2
264,654,3,2
264,655,3,2
264,656,3,2
264,657,3,2
264,658,3,2
264,659,3,2
264,660,3,2
264,661,3,2
264,662,3,2
264,663,3,2
264,664,3,2
264,665,3,2
264,666,3,2
264,667,3,2
264,668,3,2
264,669,3,2
264,670,3,2
264,671,3,2
264,672,3,2
264,673,3,2
264,674,3,2
264,675,3,2
264,676,3,2
264,677,3,2
264,678,3,2
264,679,3,2
264,680,3,2
264,681,3,2
264,682,3,2
264,683,3,2
264,684,3,2
264,685,3,2
264,686,3,2
264,687,3,2
264,688,3,2
264,689,3,2
264,690,3,2
264,691,3,2
264,692,3,2
264,693,3,2
264,694,3,2
264,695,3,2
264,696,3,2
264,697,3,2
264,698,3,2
264,699,3,2
264,700,3,2
264,701,3,2
264,702,3,2
264,703,3,2
264,704,3,2
264,705,3,2
264,706,3,2
264,707,3,2
264,708,3,2
264,709,3,2
264,710,3,2
264,711,3,2
265,108,3,2
265,109,3,2
265,110,3,2
265,111,3,2
265,112,3,2
265,113,3,2
265,114,3,2
265,115,3,2
265,116,3,2
265,117,3,2
265,118,3,2
265,119,3,2
265,120,3,2
265,121,3,2
265,122,3,2
265,123,3,2
265,124,3,2
265,125,3,2
265,126,3,2
265,127,3,2
265,128,3,2
265,129,3,2
265,130,3,2
265,131,3,2
265,132,3,2
265,133,3,2
265,134,3,2
265,135,3,2
265,136,3,2
265,137,3,2
265,138,3,2
265,139,3,2
265,140,3,2
265,141,3,2
265,142,3,2
265,143,3,2
265,144,3,2
265,145,3,2
265,146,3,2
265,147,3,2
265,148,3,2
265,149,3,2
265,150,3,2
265,151,3,2
265,152,3,2
265,153,3,2
265,154,3,2
265,155,3,2
265,156,3,2
265,157,3,2
265,158,3,2
265,159,3,2
265,160,3,2
265,161,3,2
265,162,3,2
265,163,3,2
265,164,3,2
265,165,3,2
265,166,3,2
265,167,3,2
265,168,3,2
265,169,3,2
265,170,3,2
265,171,3,2
265,172,3,2
265,173,3,2
265,174,3,2
265,175,3,2
265,176,3,2
265,177,3,2
265,178,3,2
265,179,3,2
265,180,3,2
265,181,3,2
265,182,3,2
265,183,3,2
265,184,3,2
265,185,3,2
265,186,3,2
265,187,3,2
265,188,3,2
265,189,3,2
265,190,3,2
265,191,3,2
265,192,3,2
265,193,3,2
265,194,3,2
265,195,3,2
265,196,3,2
265,197,3,2
265,198,3,2
265,199,3,2
265,200,3,2
265,201,3,2
265,202,3,2
265,203,3,2
265,204,3,2
265,205,3,2
265,206,3,2
265,207,3,2
265,208,3,2
265,209,3,2
265,210,3,2
265,211,3,2
265,212,3,2
265,213,3,2
265,214,3,2
265,215,3,2
265,216,3,2
265,217,3,2
265,218,3,2
265,219,3,2
265,220,3,2
265,221,3,2
265,222,3,2
265,223,3,2
265,224,3,2
265,225,3,2
265,226,3,2
265,227,3,2
265,228,3,2
265,229,3,2
265,230,3,2
265,231,3,2
265,232,3,2
265,233,3,2
265,234,3,2
265,235,3,2
265,236,3,2
265,237,3,2
265,238,3,2
265,239,3,2
265,240,3,2
265,241,3,2
265,242,3,2
265,243,3,2
265,244,3,2
265,245,3,2
265,246,3,2
265,247,3,2
265,248,3,2
265,249,3,2
265,250,3,2
265,251,3,2
265,252,3,2
265,253,3,2
265,254,3,2
265,255,3,2
265,256,3,2
265,257,3,2
265,258,3,2
265,259,3,2
265,260,3,2
265,261,3,2
265,262,3,2
265,263,3,2
265,264,3,2
265,265,3,2
265,266,3,2
265,267,3,2
265,268,3,2
265,269,3,2
265,270,3,2
265,271,3,2
265,272,3,2
265,273,3,2
265,274,3,2
265,275,3,2
265,276,3,2
265,277,3,2
265,278,3,2
265,279,3,2
265,280,3,2
265,281,3,2
265,282,3,2
265,283,3,2
265,284,3,2
265,285,3,2
265,286,3,2
265,287,3,2
265,288,3,2
265,289,3,2
265,290,3,2
265,291,3,2
265,292,3,2
265,293,3,2
265,294,3,2
265,295,3,2
265,296,3,2
265,297,3,2
265,298,3,2
265,299,3,2
265,300,3,2
265,301,3,2
265,302,3,2
265,303,3,2
265,304,3,2
265,305,3,2
265,306,3,2
265,307,3,2
265,308,3,2
265,309,3,2
265,310,3,2
265,311,3,2
265,312,3,2
265,313,3,2
265,314,3,2
265,315,3,2
265,316,3,2
265,317,3,2
265,318,3,2
265,319,3,2
265,320,3,2
265,321,3,2
265,322,3,2
265,323,3,2
265,324,3,2
265,325,3,2
265,326,3,2
265,327,3,2
265,328,3,2
265,329,3,2
265,330,3,2
265,331,3,2
265,332,3,2
265,333,3,2
265,334,3,2
265,335,3,2
265,336,3,2
265,337,3,2
265,338,3,2
265,339,3,2
265,340,3,2
265,341,3,2
265,342,3,2
265,343,3,2
265,344,3,2
265,345,3,2
265,346,3,2
265,347,3,2
265,348,3,2
265,349,3,2
265,350,3,2
265,351,3,2
265,352,3,2
265,353,3,2
265,354,3,2
265,355,3,2
265,356,3,2
265,357,3,2
265,358,3,2
265,359,3,2
265,360,3,2
265,361,3,2
265,362,3,2
265,363,3,2
265,364,3,2
265,365,3,2
265,366,3,2
265,367,3,2
265,368,3,2
265,369,3,2
265,370,3,2
265,371,3,2
265,372,3,2
265,373,3,2
265,374,3,2
265,375,3,2
265,376,3,2
265,377,3,2
265,378,3,2
265,379,3,2
265,380,3,2
265,381,3,2
265,382,3,2
265,383,3,2
265,384,3,2
265,385,3,2
265,386,3,2
265,387,3,2
265,388,3,2
265,389,3,2
265,390,3,2
265,391,3,2
265,392,3,2
265,393,3,2
265,394,3,2
265,395,3,2
265,396,3,2
265,397,3,2
265,398,3,2
265,399,3,2
265,400,3,2
265,401,3,2
265,402,3,2
265,403,3,2
265,404,3,2
265,405,3,2
265,406,3,2
265,407,3,2
265,408,3,2
265,409,3,2
265,410,3,2
265,411,3,2
265,412,3,2
265,413,3,2
265,414,3,2
265,415,3,2
265,416,3,2
265,417,3,2
265,418,3,2
265,419,3,2
265,420,3,2
265,421,3,2
265,422,3,2
265,423,3,2
265,424,3,2
265,425,3,2
265,426,3,2
265,427,3,2
265,428,3,2
265,429,3,2
265,430,3,2
265,431,3,2
265,432,3,2
265,433,3,2
265,434,3,2
265,435,3,2
265,436,3,2
265,437,3,2
265,438,3,2
265,439,3,2
265,440,3,2
265,441,3,2
265,442,3,2
265,443,3,2
265,444,3,2
265,445,3,2
265,446,3,2
265,447,3,2
265,448,3,2
265,449,3,2
265,450,3,2
265,451,3,2
265,452,3,2
265,453,3,2
265,454,3,2
265,455,3,2
265,456,3,2
265,457,3,2
265,458,3,2
265,459,3,2
265,460,3,2
265,461,3,2
265,462,3,2
265,463,3,2
265,464,3,2
265,465,3,2
265,466,3,2
265,467,3,2
265,468,3,2
265,469,3,2
265,470,3,2
265,471,3,2
265,472,3,2
265,473,3,2
265,474,3,2
265,475,3,2
265,476,3,2
265,477,3,2
265,478,3,2
265,479,3,2
265,480,3,2
265,481,3,2
265,482,3,2
265,483,3,2
265,484,3,2
265,485,3,2
265,486,3,2
265,487,3,3
265,488,3,3
265,489,3,3
265,490,3,3
265,491,3,3
265,492,3,3
265,493,3,3
265,494,3,3
265,495,3,3
265,496,3,3
265,497,3,3
265,498,3,3
265,499,3,3
265,500,3,3
265,501,3,3
265,502,3,3
265,503,3,3
265,504,3,3
265,505,3,3
265,506,3,3
265,507,3,3
265,508,3,3
265,509,3,3
265,510,3,3
265,511,3,3
265,512,3,3
265,513,3,3
265,514,3,3
265,515,3,3
265,516,3,3
265,517,3,3
265,518,3,3
265,519,3,3
265,520,3,2
265,521,3,2
265,522,3,2
265,523,3,2
265,524,3,2
265,525,3,2
265,526,3,2
265,527,3,2
265,528,3,2
265,529,3,2
265,530,3,2
265,531,3,2
265,532,3,2
265,533,3,2
265,534,3,2
265,535,3,2
265,536,3,2
265,537,3,3
265,538,3,3
265,539,3,3
265,540,3,3
265,541,3,3
265,542,3,3
265,543,3,3
265,544,3,3
265,545,3,3
265,546,3,3
265,547,3,3
265,548,3,3
265,549,3,3
265,550,3,3
265,551,3,3
265,552,3,3
265,553,3,3
265,554,3,3
265,555,3,3
265,556,3,3
265,557,3,3
265,558,3,3
265,559,3,3
265,560,3,3
265,561,3,3
265,562,3,3
265,563,3,3
265,564,3,3
265,565,3,3
265,566,3,3
265,567,3,3
265,568,3,3
265,569,3,3
265,570,3,3
265,571,3,3
265,572,3,3
265,573,3,3
265,574,3,3
265,575,3,3
265,576,3,3
265,577,3,3
265,578,3,3
265,579,3,3
265,580,3,3
265,581,3,3
265,582,3,3
265,583,3,3
265,584,3,3
265,585,3,3
265,586,3,3
265,587,3,3
265,588,3,3
265,589,3,3
265,590,3,3
265,591,3,3
265,592,3,3
265,593,3,3
265,594,3,3
265,595,3,3
265,596,3,2
265,597,3,2
265,598,3,2
265,599,3,2
265,600,3,2
265,601,3,2
265,602,3,2
265,603,3,2
265,604,3,2
265,605,3,2
265,606,3,3
265,607,3,3
265,608,3,3
265,609,3,3
265,610,3,3
265,611,3,3
265,612,3,3
265,613,3,3
265,614,3,3
265,615,3,3
265,616,3,3
265,617,3,3
265,618,3,3
265,619,3,3
265,620,3,3
265,621,3,3
265,622,3,3
265,623,3,3
265,624,3,3
265,625,3,3
265,626,3,3
265,627,3,3
265,628,3,3
265,629,3,2
265,630,3,2
265,631,3,2
265,632,3,2
265,633,3,2
265,634,3,2
265,635,3,2
265,636,3,2
265,637,3,3
265,638,3,3
265,639,3,3
265,640,3,2
265,641,3,2
265,642,3,2
265,643,3,2
265,644,3,2
265,645,3,2
265,646,3,2
265,647,3,2
265,648,3,2
265,649,3,2
265,650,3,2
265,651,3,2
265,652,3,2
265,653,3,2
265,654,3,2
265,655,3,2
265,656,3,2
265,657,3,2
265,658,3,2
265,659,3,2
265,660,3,2
265,661,3,2
265,662,3,2
265,663,3,2
265,664,3,2
265,665,3,2
265,666,3,2
265,667,3,2
265,668,3,2
265,669,3,2
265,670,3,2
265,671,3,2
265,672,3,2
265,673,3,2
265,674,3,2
265,675,3,2
265,676,3,2
265,677,3,2
265,678,3,2
265,679,3,2
265,680,3,2
265,681,3,2
265,682,3,2
265,683,3,2
265,684,3,2
265,685,3,2
265,686,3,2
265,687,3,2
265,688,3,2
265,689,3,2
265,690,3,2
265,691,3,2
265,692,3,2
265,693,3,2
265,694,3,2
265,695,3,2
265,696,3,2
265,697,3,2
265,698,3,2
265,699,3,2
265,700,3,2
265,701,3,2
265,702,3,2
265,708,3,2
265,709,3,2
266,107,3,2
266,108,3,2
266,109,3,2
266,110,3,2
266,111,3,2
266,112,3,2
266,113,3,2
266,114,3,2
266,115,3,2
266,116,3,2
266,117,3,2
266,118,3,2
266,119,3,2
266,120,3,2
266,121,3,2
266,122,3,2
266,123,3,2
266,124,3,2
266,125,3,2
266,126,3,2
266,127,3,2
266,128,3,2
266,129,3,2
266,130,3,2
266,131,3,2
266,132,3,2
266,133,3,2
266,134,3,2
266,135,3,2
266,136,3,2
266,137,3,2
266,138,3,2
266,139,3,2
266,140,3,2
266,141,3,2
266,142,3,2
266,143,3,2
266,144,3,2
266,145,3,2
266,146,3,2
266,147,3,2
266,148,3,2
266,149,3,2
266,150,3,2
266,151,3,2
266,152,3,2
266,153,3,2
266,154,3,2
266,155,3,2
266,156,3,2
266,157,3,2
266,158,3,2
266,159,3,2
266,160,3,2
266,161,3,2
266,162,3,2
266,163,3,2
266,164,3,2
266,165,3,2
266,166,3,2
266,167,3,2
266,168,3,2
266,169,3,2
266,170,3,2
266,171,3,2
266,172,3,2
266,173,3,2
266,174,3,2
266,175,3,2
266,176,3,2
266,177,3,2
266,178,3,2
266,179,3,2
266,180,3,2
266,181,3,2
266,182,3,2
266,183,3,2
266,184,3,2
266,185,3,2
266,186,3,2
266,187,3,2
266,188,3,2
266,189,3,2
266,190,3,2
266,191,3,2
266,192,3,2
266,193,3,2
266,194,3,2
266,195,3,2
266,196,3,2
266,197,3,2
266,198,3,2
266,199,3,2
266,200,3,2
266,201,3,2
266,202,3,2
266,203,3,2
266,204,3,2
266,205,3,2
266,206,3,2
266,207,3,2
266,208,3,2
266,209,3,2
266,210,3,2
266,211,3,2
266,212,3,2
266,213,3,2
266,214,3,2
266,215,3,2
266,216,3,2
266,217,3,2
266,218,3,2
266,219,3,2
266,220,3,2
266,221,3,2
266,222,3,2
266,223,3,2
266,224,3,2
266,225,3,2
266,226,3,2
266,227,3,2
266,228,3,2
266,229,3,2
266,230,3,2
266,231,3,2
266,232,3,2
266,233,3,2
266,234,3,2
266,235,3,2
266,236,3,2
266,237,3,2
266,238,3,2
266,239,3,2
266,240,3,2
266,241,3,2
266,242,3,2
266,243,3,2
266,244,3,2
266,245,3,2
266,246,3,2
266,247,3,2
266,248,3,2
266,249,3,2
266,250,3,2
266,251,3,2
266,252,3,2
266,253,3,2
266,254,3,2
266,255,3,2
266,256,3,2
266,257,3,2
266,258,3,2
266,259,3,2
266,260,3,2
266,261,3,2
266,262,3,2
266,263,3,2
266,264,3,2
266,265,3,2
266,266,3,2
266,267,3,2
266,268,3,2
266,269,3,2
266,270,3,2
266,271,3,2
266,272,3,2
266,273,3,2
266,274,3,2
266,275,3,2
266,276,3,2
266,277,3,2
266,278,3,2
266,279,3,2
266,280,3,2
266,281,3,2
266,282,3,2
266,283,3,2
266,284,3,2
266,285,3,2
266,286,3,2
266,287,3,2
266,288,3,2
266,289,3,2
266,290,3,2
266,291,3,2
266,292,3,2
266,293,3,2
266,294,3,2
266,295,3,2
266,296,3,2
266,297,3,2
266,298,3,2
266,299,3,2
266,300,3,2
266,301,3,2
266,302,3,2
266,303,3,2
266,304,3,2
266,305,3,2
266,306,3,2
266,307,3,2
266,308,3,2
266,309,3,2
266,310,3,2
266,311,3,2
266,312,3,2
266,313,3,2
266,314,3,2
266,315,3,2
266,316,3,2
266,317,3,2
266,318,3,2
266,319,3,2
266,320,3,2
266,321,3,2
266,322,3,2
266,323,3,2
266,324,3,2
266,325,3,2
266,326,3,2
266,327,3,2
266,328,3,2
266,329,3,2
266,330,3,2
266,331,3,2
266,332,3,2
266,333,3,2
266,334,3,2
266,335,3,2
266,336,3,2
266,337,3,2
266,338,3,2
266,339,3,2
266,340,3,2
266,341,3,2
266,342,3,2
266,343,3,2
266,344,3,2
266,345,3,2
266,346,3,2
266,347,3,2
266,348,3,2
266,349,3,2
266,350,3,2
266,351,3,2
266,352,3,2
266,353,3,2
266,354,3,2
266,355,3,2
266,356,3,2
266,357,3,2
266,358,3,2
266,359,3,2
266,360,3,2
266,361,3,2
266,362,3,2
266,363,3,2
266,364,3,2
266,365,3,2
266,366,3,2
266,367,3,2
266,368,3,2
266,369,3,2
266,370,3,2
266,371,3,2
266,372,3,2
266,373,3,2
266,374,3,2
266,375,3,2
266,376,3,2
266,377,3,2
266,378,3,2
266,379,3,2
266,380,3,2
266,381,3,2
266,382,3,2
266,383,3,2
266,384,3,2
266,385,3,2
266,386,3,2
266,387,3,2
266,388,3,2
266,389,3,2
266,390,3,2
266,391,3,2
266,392,3,2
266,393,3,2
266,394,3,2
266,395,3,2
266,396,3,2
266,397,3,2
266,398,3,2
266,399,3,2
266,400,3,2
266,401,3,2
266,402,3,2
266,403,3,2
266,404,3,2
266,405,3,2
266,406,3,2
266,407,3,2
266,408,3,2
266,409,3,2
266,410,3,2
266,411,3,2
266,412,3,2
266,413,3,2
266,414,3,2
266,415,3,2
266,416,3,2
266,417,3,2
266,418,3,2
266,419,3,2
266,420,3,2
266,421,3,2
266,422,3,2
266,423,3,2
266,424,3,2
266,425,3,2
266,426,3,2
266,427,3,2
266,428,3,2
266,429,3,2
266,430,3,2
266,431,3,2
266,432,3,2
266,433,3,2
266,434,3,2
266,435,3,2
266,436,3,2
266,437,3,2
266,438,3,2
266,439,3,2
266,440,3,2
266,441,3,2
266,442,3,2
266,443,3,2
266,444,3,2
266,445,3,2
266,446,3,2
266,447,3,2
266,448,3,2
266,449,3,2
266,450,3,2
266,451,3,2
266,452,3,2
266,453,3,2
266,454,3,2
266,455,3,2
266,456,3,2
266,457,3,2
266,458,3,2
266,459,3,2
266,460,3,2
266,461,3,2
266,462,3,2
266,463,3,2
266,464,3,2
266,465,3,2
266,466,3,2
266,467,3,2
266,468,3,2
266,469,3,2
266,470,3,2
266,471,3,2
266,472,3,2
266,473,3,2
266,474,3,2
266,475,3,2
266,476,3,2
266,477,3,2
266,478,3,2
266,479,3,2
266,480,3,2
266,481,3,2
266,482,3,2
266,483,3,2
266,484,3,2
266,485,3,2
266,486,3,3
266,487,3,3
266,488,3,3
266,489,3,3
266,490,3,3
266,491,3,3
266,492,3,3
266,493,3,3
266,494,3,3
266,495,3,3
266,496,3,3
266,497,3,3
266,498,3,3
266,499,3,3
266,500,3,3
266,501,3,3
266,502,3,3
266,503,3,3
266,504,3,3
266,505,3,3
266,506,3,3
266,507,3,3
266,508,3,3
266,509,3,3
266,510,3,3
266,511,3,3
266,512,3,3
266,513,3,3
266,514,3,3
266,515,3,3
266,516,3,3
266,517,3,3
266,518,3,3
266,519,3,3
266,520,3,2
266,521,3,2
266,522,3,2
266,523,3,2
266,524,3,2
266,525,3,2
266,526,3,2
266,527,3,2
266,528,3,2
266,529,3,2
266,530,3,2
266,531,3,2
266,532,3,2
266,533,3,2
266,534,3,2
266,535,3,2
266,536,3,2
266,537,3,3
266,538,3,3
266,539,3,3
266,540,3,3
266,541,3,3
266,542,3,3
266,543,3,3
266,544,3,3
266,545,3,3
266,546,3,3
266,547,3,3
266,548,3,3
266,549,3,3
266,550,3,3
266,551,3,3
266,552,3,3
266,553,3,3
266,554,3,3
266,555,3,3
266,556,3,3
266,557,3,3
266,558,3,3
266,559,3,3
266,560,3,3
266,561,3,3
266,562,3,3
266,563,3,3
266,564,3,3
266,565,3,3
266,566,3,3
266,567,3,3
266,568,3,3
266,569,3,3
266,570,3,3
266,571,3,3
266,572,3,3
266,573,3,3
266,574,3,3
266,575,3,3
266,576,3,3
266,577,3,3
266,578,3,3
266,579,3,3
266,580,3,3
266,581,3,3
266,582,3,3
266,583,3,3
266,584,3,3
266,585,3,3
266,586,3,3
266,587,3,3
266,588,3,3
266,589,3,3
266,590,3,3
266,591,3,3
266,592,3,3
266,593,3,3
266,594,3,2
266,595,3,2
266,596,3,2
266,597,3,2
266,598,3,2
266,599,3,2
266,600,3,2
266,601,3,2
266,602,3,2
266,603,3,2
266,604,3,2
266,605,3,2
266,606,3,2
266,607,3,2
266,608,3,3
266,609,3,3
266,610,3,3
266,611,3,3
266,612,3,3
266,613,3,3
266,614,3,3
266,615,3,3
266,616,3,3
266,617,3,3
266,618,3,3
266,619,3,3
266,620,3,3
266,621,3,3
266,622,3,3
266,623,3,3
266,624,3,3
266,625,3,3
266,626,3,3
266,627,3,3
266,628,3,3
266,629,3,2
266,630,3,2
266,631,3,2
266,632,3,2
266,633,3,2
266,634,3,2
266,635,3,2
266,636,3,2
266,637,3,3
266,638,3,3
266,639,3,2
266,640,3,2
266,641,3,2
266,642,3,2
266,643,3,2
266,644,3,2
266,645,3,2
266,646,3,2
266,647,3,2
266,648,3,2
266,649,3,2
266,650,3,2
266,651,3,2
266,652,3,2
266,653,3,2
266,654,3,2
266,655,3,2
266,656,3,2
266,657,3,2
266,658,3,2
266,659,3,2
266,660,3,2
266,661,3,2
266,662,3,2
266,663,3,2
266,664,3,2
266,665,3,2
266,666,3,2
266,667,3,2
266,668,3,2
266,669,3,2
266,670,3,2
266,671,3,2
266,672,3,2
266,673,3,2
266,674,3,2
266,675,3,2
266,676,3,2
266,677,3,2
266,678,3,2
266,679,3,2
266,680,3,2
266,681,3,2
266,682,3,2
266,683,3,2
266,684,3,2
266,685,3,2
266,686,3,2
266,687,3,2
266,688,3,2
266,689,3,2
266,690,3,2
266,691,3,2
266,692,3,2
266,693,3,2
266,694,3,2
266,695,3,2
266,696,3,2
266,697,3,2
266,698,3,2
266,699,3,2
266,700,3,2
266,701,3,2
266,702,3,2
267,107,3,2
267,108,3,2
267,109,3,2
267,110,3,2
267,111,3,2
267,112,3,2
267,113,3,2
267,114,3,2
267,115,3,2
267,116,3,2
267,117,3,2
267,118,3,2
267,119,3,2
267,120,3,2
267,121,3,2
267,122,3,2
267,123,3,2
267,124,3,2
267,125,3,2
267,126,3,2
267,127,3,2
267,128,3,2
267,129,3,2
267,130,3,2
267,131,3,2
267,132,3,2
267,133,3,2
267,134,3,2
267,135,3,2
267,136,3,2
267,137,3,2
267,138,3,2
267,139,3,2
267,140,3,2
267,141,3,2
267,142,3,2
267,143,3,2
267,144,3,2
267,145,3,2
267,146,3,2
267,147,3,2
267,148,3,2
267,149,3,2
267,150,3,2
267,151,3,2
267,152,3,2
267,153,3,2
267,154,3,2
267,155,3,2
267,156,3,2
267,157,3,2
267,158,3,2
267,159,3,2
267,160,3,2
267,161,3,2
267,162,3,2
267,163,3,2
267,164,3,2
267,165,3,2
267,166,3,2
267,167,3,2
267,168,3,2
267,169,3,2
267,170,3,2
267,171,3,2
267,172,3,2
267,173,3,2
267,174,3,2
267,175,3,2
267,176,3,2
267,177,3,2
267,178,3,2
267,179,3,2
267,180,3,2
267,181,3,2
267,182,3,2
267,183,3,2
267,184,3,2
267,185,3,2
267,186,3,2
267,187,3,2
267,188,3,2
267,189,3,2
267,190,3,2
267,191,3,2
267,192,3,2
267,193,3,2
267,194,3,2
267,195,3,2
267,196,3,2
267,197,3,2
267,198,3,2
267,199,3,2
267,200,3,2
267,201,3,2
267,202,3,2
267,203,3,2
267,204,3,2
267,205,3,2
267,206,3,2
267,207,3,2
267,208,3,2
267,209,3,2
267,210,3,2
267,211,3,2
267,212,3,2
267,213,3,2
267,214,3,2
267,215,3,2
267,216,3,2
267,217,3,2
267,218,3,2
267,219,3,2
267,220,3,2
267,221,3,2
267,222,3,2
267,223,3,2
267,224,3,2
267,225,3,2
267,226,3,2
267,227,3,2
267,228,3,2
267,229,3,2
267,230,3,2
267,231,3,2
267,232,3,2
267,233,3,2
267,234,3,2
267,235,3,2
267,236,3,2
267,237,3,2
267,238,3,2
267,239,3,2
267,240,3,2
267,241,3,2
267,242,3,2
267,243,3,2
267,244,3,2
267,245,3,2
267,246,3,2
267,247,3,2
267,248,3,2
267,249,3,2
267,250,3,2
267,251,3,2
267,252,3,2
267,253,3,2
267,254,3,2
267,255,3,2
267,256,3,2
267,257,3,2
267,258,3,2
267,259,3,2
267,260,3,2
267,261,3,2
267,262,3,2
267,263,3,2
267,264,3,2
267,265,3,2
267,266,3,2
267,267,3,2
267,268,3,2
267,269,3,2
267,270,3,2
267,271,3,2
267,272,3,2
267,273,3,2
267,274,3,2
267,275,3,2
267,276,3,2
267,277,3,2
267,278,3,2
267,279,3,2
267,280,3,2
267,281,3,2
267,282,3,2
267,283,3,2
267,284,3,2
267,285,3,2
267,286,3,2
267,287,3,2
267,288,3,2
267,289,3,2
267,290,3,2
267,291,3,2
267,292,3,2
267,293,3,2
267,294,3,2
267,295,3,2
267,296,3,2
267,297,3,2
267,298,3,2
267,299,3,2
267,300,3,2
267,301,3,2
267,302,3,2
267,303,3,2
267,304,3,2
267,305,3,2
267,306,3,2
267,307,3,2
267,308,3,2
267,309,3,2
267,310,3,2
267,311,3,2
267,312,3,2
267,313,3,2
267,314,3,2
267,315,3,2
267,316,3,2
267,317,3,2
267,318,3,2
267,319,3,2
267,320,3,2
267,321,3,2
267,322,3,2
267,323,3,2
267,324,3,2
267,325,3,2
267,326,3,2
267,327,3,2
267,328,3,2
267,329,3,2
267,330,3,2
267,331,3,2
267,332,3,2
267,333,3,2
267,334,3,2
267,335,3,2
267,336,3,2
267,337,3,2
267,338,3,2
267,339,3,2
267,340,3,2
267,341,3,2
267,342,3,2
267,343,3,2
267,344,3,2
267,345,3,2
267,346,3,2
267,347,3,2
267,348,3,2
267,349,3,2
267,350,3,2
267,351,3,2
267,352,3,2
267,353,3,2
267,354,3,2
267,355,3,2
267,356,3,2
267,357,3,2
267,358,3,2
267,359,3,2
267,360,3,2
267,361,3,2
267,362,3,2
267,363,3,2
267,364,3,2
267,365,3,2
267,366,3,2
267,367,3,2
267,368,3,2
267,369,3,2
267,370,3,2
267,371,3,2
267,372,3,2
267,373,3,2
267,374,3,2
267,375,3,2
267,376,3,2
267,377,3,2
267,378,3,2
267,379,3,2
267,380,3,2
267,381,3,2
267,382,3,2
267,383,3,2
267,384,3,2
267,385,3,2
267,386,3,2
267,387,3,2
267,388,3,2
267,389,3,2
267,390,3,2
267,391,3,2
267,392,3,2
267,393,3,2
267,394,3,2
267,395,3,2
267,396,3,2
267,397,3,2
267,398,3,2
267,399,3,2
267,400,3,2
267,401,3,2
267,402,3,2
267,403,3,2
267,404,3,2
267,405,3,2
267,406,3,2
267,407,3,2
267,408,3,2
267,409,3,2
267,410,3,2
267,411,3,2
267,412,3,2
267,413,3,2
267,414,3,2
267,415,3,2
267,416,3,2
267,417,3,2
267,418,3,2
267,419,3,2
267,420,3,2
267,421,3,2
267,422,3,2
267,423,3,2
267,424,3,2
267,425,3,2
267,426,3,2
267,427,3,2
267,428,3,2
267,429,3,2
267,430,3,2
267,431,3,2
267,432,3,2
267,433,3,2
267,434,3,2
267,435,3,2
267,436,3,2
267,437,3,2
267,438,3,2
267,439,3,2
267,440,3,2
267,441,3,2
267,442,3,2
267,443,3,2
267,444,3,2
267,445,3,2
267,446,3,2
267,447,3,2
267,448,3,2
267,449,3,2
267,450,3,2
267,451,3,2
267,452,3,2
267,453,3,2
267,454,3,2
267,455,3,2
267,456,3,2
267,457,3,2
267,458,3,2
267,459,3,2
267,460,3,2
267,461,3,2
267,462,3,2
267,463,3,2
267,464,3,2
267,465,3,2
267,466,3,2
267,467,3,2
267,468,3,2
267,469,3,2
267,470,3,2
267,471,3,2
267,472,3,2
267,473,3,2
267,474,3,2
267,475,3,2
267,476,3,2
267,477,3,2
267,478,3,2
267,479,3,2
267,480,3,2
267,481,3,2
267,482,3,2
267,483,3,2
267,484,3,2
267,485,3,2
267,486,3,3
267,487,3,3
267,488,3,3
267,489,3,3
267,490,3,3
267,491,3,3
267,492,3,3
267,493,3,3
267,494,3,3
267,495,3,3
267,496,3,3
267,497,3,3
267,498,3,3
267,499,3,3
267,500,3,3
267,501,3,3
267,502,3,3
267,503,3,3
267,504,3,3
267,505,3,3
267,506,3,3
267,507,3,3
267,508,3,3
267,509,3,3
267,510,3,3
267,511,3,3
267,512,3,3
267,513,3,3
267,514,3,3
267,515,3,3
267,516,3,3
267,517,3,3
267,518,3,3
267,519,3,3
267,520,3,3
267,521,3,2
267,522,3,2
267,523,3,2
267,524,3,2
267,525,3,2
267,526,3,2
267,527,3,2
267,528,3,2
267,529,3,2
267,530,3,2
267,531,3,2
267,532,3,2
267,533,3,2
267,534,3,2
267,535,3,2
267,536,3,3
267,537,3,3
267,538,3,3
267,539,3,3
267,540,3,3
267,541,3,3
267,542,3,3
267,543,3,3
267,544,3,3
267,545,3,3
267,546,3,3
267,547,3,3
267,548,3,3
267,549,3,3
267,550,3,3
267,551,3,3
267,552,3,3
267,553,3,3
267,554,3,3
267,555,3,3
267,556,3,3
267,557,3,3
267,558,3,3
267,559,3,3
267,560,3,3
267,561,3,3
267,562,3,3
267,563,3,3
267,564,3,3
267,565,3,3
267,566,3,3
267,567,3,3
267,568,3,3
267,569,3,3
267,570,3,3
267,571,3,3
267,572,3,3
267,573,3,3
267,574,3,3
267,575,3,3
267,576,3,3
267,577,3,3
267,578,3,3
267,579,3,3
267,580,3,3
267,581,3,3
267,582,3,3
267,583,3,3
267,584,3,3
267,585,3,3
267,586,3,3
267,587,3,3
267,588,3,3
267,589,3,3
267,590,3,3
267,591,3,3
267,592,3,2
267,593,3,2
267,594,3,2
267,595,3,2
267,596,3,2
267,597,3,2
267,598,3,2
267,599,3,2
267,600,3,2
267,601,3,2
267,602,3,2
267,603,3,2
267,604,3,2
267,605,3,2
267,606,3,2
267,607,3,2
267,608,3,2
267,609,3,3
267,610,3,3
267,611,3,3
267,612,3,3
267,613,3,3
267,614,3,3
267,615,3,3
267,616,3,3
267,617,3,3
267,618,3,3
267,619,3,3
267,620,3,3
267,621,3,3
267,622,3,3
267,623,3,3
267,624,3,3
267,625,3,3
267,626,3,3
267,627,3,3
267,628,3,3
267,629,3,2
267,630,3,2
267,631,3,2
267,632,3,2
267,633,3,2
267,634,3,2
267,635,3,3
267,636,3,3
267,637,3,3
267,638,3,3
267,639,3,2
267,640,3,2
267,641,3,2
267,642,3,2
267,643,3,2
267,644,3,2
267,645,3,2
267,646,3,2
267,647,3,2
267,648,3,2
267,649,3,2
267,650,3,2
267,651,3,2
267,652,3,2
267,653,3,2
267,654,3,2
267,655,3,2
267,656,3,2
267,657,3,2
267,658,3,2
267,659,3,2
267,660,3,2
267,661,3,2
267,662,3,2
267,663,3,2
267,664,3,2
267,665,3,2
267,666,3,2
267,667,3,2
267,668,3,2
267,669,3,2
267,670,3,2
267,671,3,2
267,672,3,2
267,673,3,2
267,674,3,2
267,675,3,2
267,676,3,2
267,677,3,2
267,678,3,2
267,679,3,2
267,680,3,2
267,681,3,3
267,682,3,2
267,683,3,2
267,684,3,2
267,685,3,2
267,686,3,2
267,687,3,2
267,688,3,2
267,689,3,2
267,690,3,2
267,691,3,2
267,692,3,2
267,693,3,2
267,694,3,2
267,695,3,2
267,696,3,2
267,697,3,2
267,698,3,2
267,699,3,2
267,700,3,2
267,701,3,2
268,106,3,2
268,107,3,2
268,108,3,2
268,109,3,2
268,110,3,2
268,111,3,2
268,112,3,2
268,113,3,2
268,114,3,2
268,115,3,2
268,116,3,2
268,117,3,2
268,118,3,2
268,119,3,2
268,120,3,2
268,121,3,2
268,122,3,2
268,123,3,2
268,124,3,2
268,125,3,2
268,126,3,2
268,127,3,2
268,128,3,2
268,129,3,2
268,130,3,2
268,131,3,2
268,132,3,2
268,133,3,2
268,134,3,2
268,135,3,2
268,136,3,2
268,137,3,2
268,138,3,2
268,139,3,2
268,140,3,2
268,141,3,2
268,142,3,2
268,143,3,2
268,144,3,2
268,145,3,2
268,146,3,2
268,147,3,2
268,148,3,2
268,149,3,2
268,150,3,2
268,151,3,2
268,152,3,2
268,153,3,2
268,154,3,2
268,155,3,2
268,156,3,2
268,157,3,2
268,158,3,2
268,159,3,2
268,160,3,2
268,161,3,2
268,162,3,2
268,163,3,2
268,164,3,2
268,165,3,2
268,166,3,2
268,167,3,2
268,168,3,2
268,169,3,2
268,170,3,2
268,171,3,2
268,172,3,2
268,173,3,2
268,174,3,2
268,175,3,2
268,176,3,2
268,177,3,2
268,178,3,2
268,179,3,2
268,180,3,2
268,181,3,2
268,182,3,2
268,183,3,2
268,184,3,2
268,185,3,2
268,186,3,2
268,187,3,2
268,188,3,2
268,189,3,2
268,190,3,2
268,191,3,2
268,192,3,2
268,193,3,2
268,194,3,2
268,195,3,2
268,196,3,2
268,197,3,2
268,198,3,2
268,199,3,2
268,200,3,2
268,201,3,2
268,202,3,2
268,203,3,2
268,204,3,2
268,205,3,2
268,206,3,2
268,207,3,2
268,208,3,2
268,209,3,2
268,210,3,2
268,211,3,2
268,212,3,2
268,213,3,2
268,214,3,2
268,215,3,2
268,216,3,2
268,217,3,2
268,218,3,2
268,219,3,2
268,220,3,2
268,221,3,2
268,222,3,2
268,223,3,2
268,224,3,2
268,225,3,2
268,226,3,2
268,227,3,2
268,228,3,2
268,229,3,2
268,230,3,2
268,231,3,2
268,232,3,2
268,233,3,2
268,234,3,2
268,235,3,2
268,236,3,2
268,237,3,2
268,238,3,2
268,239,3,2
268,240,3,2
268,241,3,2
268,242,3,2
268,243,3,2
268,244,3,2
268,245,3,2
268,246,3,2
268,247,3,2
268,248,3,2
268,249,3,2
268,250,3,2
268,251,3,2
268,252,3,2
268,253,3,2
268,254,3,2
268,255,3,2
268,256,3,2
268,257,3,2
268,258,3,2
268,259,3,2
268,260,3,2
268,261,3,2
268,262,3,2
268,263,3,2
268,264,3,2
268,265,3,2
268,266,3,2
268,267,3,2
268,268,3,2
268,269,3,2
268,270,3,2
268,271,3,2
268,272,3,2
268,273,3,2
268,274,3,2
268,275,3,2
268,276,3,2
268,277,3,2
268,278,3,2
268,279,3,2
268,280,3,2
268,281,3,2
268,282,3,2
268,283,3,2
268,284,3,2
268,285,3,2
268,286,3,2
268,287,3,2
268,288,3,2
268,289,3,2
268,290,3,2
268,291,3,2
268,292,3,2
268,293,3,2
268,294,3,2
268,295,3,2
268,296,3,2
268,297,3,2
268,298,3,2
268,299,3,2
268,300,3,2
268,301,3,2
268,302,3,2
268,303,3,2
268,304,3,2
268,305,3,2
268,306,3,2
268,307,3,2
268,308,3,2
268,309,3,2
268,310,3,2
268,311,3,2
268,312,3,2
268,313,3,2
268,314,3,2
268,315,3,2
268,316,3,2
268,317,3,2
268,318,3,2
268,319,3,2
268,320,3,2
268,321,3,2
268,322,3,2
268,323,3,2
268,324,3,2
268,325,3,2
268,326,3,2
268,327,3,2
268,328,3,2
268,329,3,2
268,330,3,2
268,331,3,2
268,332,3,2
268,333,3,2
268,334,3,2
268,335,3,2
268,336,3,2
268,337,3,2
268,338,3,2
268,339,3,2
268,340,3,2
268,341,3,2
268,342,3,2
268,343,3,2
268,344,3,2
268,345,3,2
268,346,3,2
268,347,3,2
268,348,3,2
268,349,3,2
268,350,3,2
268,351,3,2
268,352,3,2
268,353,3,2
268,354,3,2
268,355,3,2
268,356,3,2
268,357,3,2
268,358,3,2
268,359,3,2
268,360,3,2
268,361,3,2
268,362,3,2
268,363,3,2
268,364,3,2
268,365,3,2
268,366,3,2
268,367,3,2
268,368,3,2
268,369,3,2
268,370,3,2
268,371,3,2
268,372,3,2
268,373,3,2
268,374,3,2
268,375,3,2
268,376,3,2
268,377,3,2
268,378,3,2
268,379,3,2
268,380,3,2
268,381,3,2
268,382,3,2
268,383,3,2
268,384,3,2
268,385,3,2
268,386,3,2
268,387,3,2
268,388,3,2
268,389,3,2
268,390,3,2
268,391,3,2
268,392,3,2
268,393,3,2
268,394,3,2
268,395,3,2
268,396,3,2
268,397,3,2
268,398,3,2
268,399,3,2
268,400,3,2
268,401,3,2
268,402,3,2
268,403,3,2
268,404,3,2
268,405,3,2
268,406,3,2
268,407,3,2
268,408,3,2
268,409,3,2
268,410,3,2
268,411,3,2
268,412,3,2
268,413,3,2
268,414,3,2
268,415,3,2
268,416,3,2
268,417,3,2
268,418,3,2
268,419,3,2
268,420,3,2
268,421,3,2
268,422,3,2
268,423,3,2
268,424,3,2
268,425,3,2
268,426,3,2
268,427,3,2
268,428,3,2
268,429,3,2
268,430,3,2
268,431,3,2
268,432,3,2
268,433,3,2
268,434,3,2
268,435,3,2
268,436,3,2
268,437,3,2
268,438,3,2
268,439,3,2
268,440,3,2
268,441,3,2
268,442,3,2
268,443,3,2
268,444,3,2
268,445,3,2
268,446,3,2
268,447,3,2
268,448,3,2
268,449,3,2
268,450,3,2
268,451,3,2
268,452,3,2
268,453,3,2
268,454,3,2
268,455,3,2
268,456,3,2
268,457,3,2
268,458,3,2
268,459,3,2
268,460,3,2
268,461,3,2
268,462,3,2
268,463,3,2
268,464,3,2
268,465,3,2
268,466,3,2
268,467,3,2
268,468,3,2
268,469,3,2
268,470,3,2
268,471,3,2
268,472,3,2
268,473,3,2
268,474,3,2
268,475,3,2
268,476,3,2
268,477,3,2
268,478,3,2
268,479,3,2
268,480,3,2
268,481,3,2
268,482,3,2
268,483,3,2
268,484,3,2
268,485,3,3
268,486,3,3
268,487,3,3
268,488,3,3
268,489,3,3
268,490,3,3
268,491,3,3
268,492,3,3
268,493,3,3
268,494,3,3
268,495,3,3
268,496,3,3
268,497,3,3
268,498,3,3
268,499,3,3
268,500,3,3
268,501,3,3
268,502,3,3
268,503,3,3
268,504,3,3
268,505,3,3
268,506,3,3
268,507,3,3
268,508,3,3
268,509,3,3
268,510,3,3
268,511,3,3
268,512,3,3
268,513,3,3
268,514,3,3
268,515,3,3
268,516,3,3
268,517,3,3
268,518,3,3
268,519,3,3
268,520,3,3
268,521,3,2
268,522,3,2
268,523,3,2
268,524,3,2
268,525,3,2
268,526,3,2
268,527,3,2
268,528,3,2
268,529,3,2
268,530,3,2
268,531,3,2
268,532,3,2
268,533,3,2
268,534,3,2
268,535,3,2
268,536,3,3
268,537,3,3
268,538,3,3
268,539,3,3
268,540,3,3
268,541,3,3
268,542,3,3
268,543,3,3
268,544,3,3
268,545,3,3
268,546,3,3
268,547,3,3
268,548,3,3
268,549,3,3
268,550,3,3
268,551,3,3
268,552,3,3
268,553,3,3
268,554,3,3
268,555,3,3
268,556,3,3
268,557,3,3
268,558,3,3
268,559,3,3
268,560,3,3
268,561,3,3
268,562,3,3
268,563,3,3
268,564,3,3
268,565,3,3
268,566,3,3
268,567,3,3
268,568,3,3
268,569,3,3
268,570,3,3
268,571,3,3
268,572,3,3
268,573,3,3
268,574,3,3
268,575,3,3
268,576,3,3
268,577,3,3
268,578,3,3
268,579,3,3
268,580,3,3
268,581,3,3
268,582,3,3
268,583,3,2
268,584,3,2
268,585,3,3
268,586,3,3
268,587,3,3
268,588,3,3
268,589,3,2
268,590,3,2
268,591,3,2
268,592,3,2
268,593,3,2
268,594,3,2
268,595,3,2
268,596,3,2
268,597,3,2
268,598,3,2
268,599,3,2
268,600,3,2
268,601,3,2
268,602,3,2
268,603,3,2
268,604,3,2
268,605,3,2
268,606,3,2
268,607,3,2
268,608,3,2
268,609,3,3
268,610,3,3
268,611,3,3
268,612,3,3
268,613,3,3
268,614,3,3
268,615,3,2
268,616,3,3
268,617,3,3
268,618,3,3
268,619,3,3
268,620,3,3
268,621,3,3
268,622,3,3
268,623,3,3
268,624,3,3
268,625,3,3
268,626,3,3
268,627,3,3
268,628,3,3
268,629,3,2
268,630,3,2
268,631,3,2
268,632,3,2
268,633,3,2
268,634,3,3
268,635,3,3
268,636,3,3
268,637,3,3
268,638,3,2
268,639,3,2
268,640,3,2
268,641,3,2
268,642,3,2
268,643,3,2
268,644,3,2
268,645,3,2
268,646,3,2
268,647,3,2
268,648,3,2
268,649,3,2
268,650,3,2
268,651,3,2
268,652,3,2
268,653,3,2
268,654,3,2
268,655,3,2
268,656,3,2
268,657,3,2
268,658,3,2
268,659,3,2
268,660,3,2
268,661,3,2
268,662,3,2
268,663,3,2
268,664,3,2
268,665,3,2
268,666,3,2
268,667,3,2
268,668,3,2
268,669,3,2
268,670,3,2
268,671,3,2
268,672,3,2
268,673,3,2
268,674,3,2
268,675,3,2
268,676,3,2
268,677,3,2
268,678,3,2
268,679,3,2
268,680,3,2
268,681,3,2
268,682,3,2
268,683,3,2
268,684,3,2
268,685,3,2
268,686,3,2
268,687,3,2
268,688,3,2
268,689,3,2
268,690,3,2
268,691,3,2
268,692,3,2
268,693,3,2
268,694,3,2
268,695,3,2
268,696,3,2
268,697,3,2
268,698,3,2
268,699,3,2
268,700,3,2
269,106,3,2
269,107,3,2
269,108,3,2
269,109,3,2
269,110,3,2
269,111,3,2
269,112,3,2
269,113,3,2
269,114,3,2
269,115,3,2
269,116,3,2
269,117,3,2
269,118,3,2
269,119,3,2
269,120,3,2
269,121,3,2
269,122,3,2
269,123,3,2
269,124,3,2
269,125,3,2
269,126,3,2
269,127,3,2
269,128,3,2
269,129,3,2
269,130,3,2
269,131,3,2
269,132,3,2
269,133,3,2
269,134,3,2
269,135,3,2
269,136,3,2
269,137,3,2
269,138,3,2
269,139,3,2
269,140,3,2
269,141,3,2
269,142,3,2
269,143,3,2
269,144,3,2
269,145,3,2
269,146,3,2
269,147,3,2
269,148,3,2
269,149,3,2
269,150,3,2
269,151,3,2
269,152,3,2
269,153,3,2
269,154,3,2
269,155,3,2
269,156,3,2
269,157,3,2
269,158,3,2
269,159,3,2
269,160,3,2
269,161,3,2
269,162,3,2
269,163,3,2
269,164,3,2
269,165,3,2
269,166,3,2
269,167,3,2
269,168,3,2
269,169,3,2
269,170,3,2
269,171,3,2
269,172,3,2
269,173,3,2
269,174,3,2
269,175,3,2
269,176,3,2
269,177,3,2
269,178,3,2
269,179,3,2
269,180,3,2
269,181,3,2
269,182,3,2
269,183,3,2
269,184,3,2
269,185,3,2
269,186,3,2
269,187,3,2
269,188,3,2
269,189,3,2
269,190,3,2
269,191,3,2
269,192,3,2
269,193,3,2
269,194,3,2
269,195,3,2
269,196,3,2
269,197,3,2
269,198,3,2
269,199,3,2
269,200,3,2
269,201,3,2
269,202,3,2
269,203,3,2
269,204,3,2
269,205,3,2
269,206,3,2
269,207,3,2
269,208,3,2
269,209,3,2
269,210,3,2
269,211,3,2
269,212,3,2
269,213,3,2
269,214,3,2
269,215,3,2
269,216,3,2
269,217,3,2
269,218,3,2
269,219,3,2
269,220,3,2
269,221,3,2
269,222,3,2
269,223,3,2
269,224,3,2
269,225,3,2
269,226,3,2
269,227,3,2
269,228,3,2
269,229,3,2
269,230,3,2
269,231,3,2
269,232,3,2
269,233,3,2
269,234,3,2
269,235,3,2
269,236,3,2
269,237,3,2
269,238,3,2
269,239,3,2
269,240,3,2
269,241,3,2
269,242,3,2
269,243,3,2
269,244,3,2
269,245,3,2
269,246,3,2
269,247,3,2
269,248,3,2
269,249,3,2
269,250,3,2
269,251,3,2
269,252,3,2
269,253,3,2
269,254,3,2
269,255,3,2
269,256,3,2
269,257,3,2
269,258,3,2
269,259,3,2
269,260,3,2
269,261,3,2
269,262,3,2
269,263,3,2
269,264,3,2
269,265,3,2
269,266,3,2
269,267,3,2
269,268,3,2
269,269,3,2
269,270,3,2
269,271,3,2
269,272,3,2
269,273,3,2
269,274,3,2
269,275,3,2
269,276,3,2
269,277,3,2
269,278,3,2
269,279,3,2
269,280,3,2
269,281,3,2
269,282,3,2
269,283,3,2
269,284,3,2
269,285,3,2
269,286,3,2
269,287,3,2
269,288,3,2
269,289,3,2
269,290,3,2
269,291,3,2
269,292,3,2
269,293,3,2
269,294,3,2
269,295,3,2
269,296,3,2
269,297,3,2
269,298,3,2
269,299,3,2
269,300,3,2
269,301,3,2
269,302,3,2
269,303,3,2
269,304,3,2
269,305,3,2
269,306,3,2
269,307,3,2
269,308,3,2
269,309,3,2
269,310,3,2
269,311,3,2
269,312,3,2
269,313,3,2
269,314,3,2
269,315,3,2
269,316,3,2
269,317,3,2
269,318,3,2
269,319,3,2
269,320,3,2
269,321,3,2
269,322,3,2
269,323,3,2
269,324,3,2
269,325,3,2
269,326,3,2
269,327,3,2
269,328,3,2
269,329,3,2
269,330,3,2
269,331,3,2
269,332,3,2
269,333,3,2
269,334,3,2
269,335,3,2
269,336,3,2
269,337,3,2
269,338,3,2
269,339,3,2
269,340,3,2
269,341,3,2
269,342,3,2
269,343,3,2
269,344,3,2
269,345,3,2
269,346,3,2
269,347,3,2
269,348,3,2
269,349,3,2
269,350,3,2
269,351,3,2
269,352,3,2
269,353,3,2
269,354,3,2
269,355,3,2
269,356,3,2
269,357,3,2
269,358,3,2
269,359,3,2
269,360,3,2
269,361,3,2
269,362,3,2
269,363,3,2
269,364,3,2
269,365,3,2
269,366,3,2
269,367,3,2
269,368,3,2
269,369,3,2
269,370,3,2
269,371,3,2
269,372,3,2
269,373,3,2
269,374,3,2
269,375,3,2
269,376,3,2
269,377,3,2
269,378,3,2
269,379,3,2
269,380,3,2
269,381,3,2
269,382,3,2
269,383,3,2
269,384,3,2
269,385,3,2
269,386,3,2
269,387,3,2
269,388,3,2
269,389,3,2
269,390,3,2
269,391,3,2
269,392,3,2
269,393,3,2
269,394,3,2
269,395,3,2
269,396,3,2
269,397,3,2
269,398,3,2
269,399,3,2
269,400,3,2
269,401,3,2
269,402,3,2
269,403,3,2
269,404,3,2
269,405,3,2
269,406,3,2
269,407,3,2
269,408,3,2
269,409,3,2
269,410,3,2
269,411,3,2
269,412,3,2
269,413,3,2
269,414,3,2
269,415,3,2
269,416,3,2
269,417,3,2
269,418,3,2
269,419,3,2
269,420,3,2
269,421,3,2
269,422,3,2
269,423,3,2
269,424,3,2
269,425,3,2
269,426,3,2
269,427,3,2
269,428,3,2
269,429,3,2
269,430,3,2
269,431,3,2
269,432,3,2
269,433,3,2
269,434,3,2
269,435,3,2
269,436,3,2
269,437,3,2
269,438,3,2
269,439,3,2
269,440,3,2
269,441,3,2
269,442,3,2
269,443,3,2
269,444,3,2
269,445,3,2
269,446,3,3
269,447,3,3
269,448,3,3
269,449,3,3
269,450,3,3
269,451,3,3
269,452,3,3
269,453,3,2
269,454,3,2
269,455,3,2
269,456,3,2
269,457,3,2
269,458,3,2
269,459,3,2
269,460,3,2
269,461,3,2
269,462,3,2
269,463,3,2
269,464,3,2
269,465,3,2
269,466,3,2
269,467,3,2
269,468,3,2
269,469,3,2
269,470,3,2
269,471,3,2
269,472,3,2
269,473,3,2
269,474,3,2
269,475,3,2
269,476,3,2
269,477,3,2
269,478,3,2
269,479,3,2
269,480,3,2
269,481,3,2
269,482,3,2
269,483,3,2
269,484,3,3
269,485,3,3
269,486,3,3
269,487,3,3
269,488,3,3
269,489,3,3
269,490,3,3
269,491,3,3
269,492,3,3
269,493,3,3
269,494,3,3
269,495,3,3
269,496,3,3
269,497,3,3
269,498,3,3
269,499,3,3
269,500,3,3
269,501,3,3
269,502,3,3
269,503,3,3
269,504,3,3
269,505,3,3
269,506,3,3
269,507,3,3
269,508,3,3
269,509,3,3
269,510,3,3
269,511,3,3
269,512,3,3
269,513,3,3
269,514,3,3
269,515,3,3
269,516,3,3
269,517,3,3
269,518,3,3
269,519,3,3
269,520,3,3
269,521,3,3
269,522,3,2
269,523,3,2
269,524,3,2
269,525,3,2
269,526,3,2
269,527,3,2
269,528,3,2
269,529,3,2
269,530,3,2
269,531,3,2
269,532,3,2
269,533,3,2
269,534,3,2
269,535,3,3
269,536,3,3
269,537,3,3
269,538,3,3
269,539,3,3
269,540,3,3
269,541,3,3
269,542,3,3
269,543,3,3
269,544,3,3
269,545,3,3
269,546,3,3
269,547,3,3
269,548,3,3
269,549,3,3
269,550,3,3
269,551,3,3
269,552,3,3
269,553,3,3
269,554,3,3
269,555,3,3
269,556,3,3
269,557,3,3
269,558,3,3
269,559,3,3
269,560,3,3
269,561,3,3
269,562,3,3
269,563,3,3
269,564,3,3
269,565,3,3
269,566,3,3
269,567,3,3
269,568,3,3
269,569,3,3
269,570,3,3
269,571,3,3
269,572,3,3
269,573,3,3
269,574,3,3
269,575,3,3
269,576,3,3
269,577,3,3
269,578,3,3
269,579,3,3
269,580,3,3
269,581,3,3
269,582,3,2
269,583,3,2
269,584,3,2
269,585,3,2
269,586,3,2
269,587,3,2
269,588,3,2
269,589,3,2
269,590,3,2
269,591,3,2
269,592,3,2
269,593,3,2
269,594,3,2
269,595,3,2
269,596,3,2
269,597,3,2
269,598,3,2
269,599,3,2
269,600,3,2
269,601,3,2
269,602,3,2
269,603,3,2
269,604,3,2
269,605,3,2
269,606,3,2
269,607,3,2
269,608,3,2
269,609,3,2
269,610,3,3
269,611,3,3
269,612,3,3
269,613,3,2
269,614,3,2
269,615,3,2
269,616,3,2
269,617,3,2
269,618,3,3
269,619,3,3
269,620,3,3
269,621,3,3
269,622,3,3
269,623,3,3
269,624,3,3
269,625,3,3
269,626,3,3
269,627,3,3
269,628,3,3
269,629,3,3
269,630,3,3
269,631,3,3
269,632,3,3
269,633,3,3
269,634,3,3
269,635,3,3
269,636,3,3
269,637,3,2
269,638,3,2
269,639,3,2
269,640,3,2
269,641,3,2
269,642,3,2
269,643,3,2
269,644,3,2
269,645,3,2
269,646,3,2
269,647,3,2
269,648,3,2
269,649,3,2
269,650,3,2
269,651,3,2
269,652,3,2
269,653,3,2
269,654,3,2
269,655,3,2
269,656,3,2
269,657,3,2
269,658,3,3
269,659,3,3
269,660,3,2
269,661,3,2
269,662,3,3
269,663,3,3
269,664,3,2
269,665,3,2
269,666,3,2
269,667,3,2
269,668,3,2
269,669,3,2
269,670,3,2
269,671,3,2
269,672,3,2
269,673,3,2
269,674,3,2
269,675,3,2
269,676,3,2
269,677,3,3
269,678,3,2
269,679,3,2
269,680,3,3
269,681,3,2
269,682,3,2
269,683,3,2
269,684,3,2
269,685,3,2
269,686,3,2
269,687,3,2
269,688,3,2
269,689,3,2
269,690,3,2
269,691,3,2
269,692,3,2
269,693,3,2
269,694,3,2
269,695,3,2
269,696,3,2
269,697,3,2
269,698,3,2
269,699,3,2
269,700,3,2
270,106,3,2
270,107,3,2
270,108,3,2
270,109,3,2
270,110,3,2
270,111,3,2
270,112,3,2
270,113,3,2
270,114,3,2
270,115,3,2
270,116,3,2
270,117,3,2
270,118,3,2
270,119,3,2
270,120,3,2
270,121,3,2
270,122,3,2
270,123,3,2
270,124,3,2
270,125,3,2
270,126,3,2
270,127,3,2
270,128,3,2
270,129,3,2
270,130,3,2
270,131,3,2
270,132,3,2
270,133,3,2
270,134,3,2
270,135,3,2
270,136,3,2
270,137,3,2
270,138,3,2
270,139,3,2
270,140,3,2
270,141,3,2
270,142,3,2
270,143,3,2
270,144,3,2
270,145,3,2
270,146,3,2
270,147,3,2
270,148,3,2
270,149,3,2
270,150,3,2
270,151,3,2
270,152,3,2
270,153,3,2
270,154,3,2
270,155,3,2
270,156,3,2
270,157,3,2
270,158,3,2
270,159,3,2
270,160,3,2
270,161,3,2
270,162,3,2
270,163,3,2
270,164,3,2
270,165,3,2
270,166,3,2
270,167,3,2
270,168,3,2
270,169,3,2
270,170,3,2
270,171,3,2
270,172,3,2
270,173,3,2
270,174,3,2
270,175,3,2
270,176,3,2
270,177,3,2
270,178,3,2
270,179,3,2
270,180,3,2
270,181,3,2
270,182,3,2
270,183,3,2
270,184,3,2
270,185,3,2
270,186,3,2
270,187,3,2
270,188,3,2
270,189,3,2
270,190,3,2
270,191,3,2
270,192,3,2
270,193,3,2
270,194,3,2
270,195,3,2
270,196,3,2
270,197,3,2
270,198,3,2
270,199,3,2
270,200,3,2
270,201,3,2
270,202,3,2
270,203,3,2
270,204,3,2
270,205,3,2
270,206,3,2
270,207,3,2
270,208,3,2
270,209,3,2
270,210,3,2
270,211,3,2
270,212,3,2
270,213,3,2
270,214,3,2
270,215,3,2
270,216,3,2
270,217,3,2
270,218,3,2
270,219,3,2
270,220,3,2
270,221,3,2
270,222,3,2
270,223,3,2
270,224,3,2
270,225,3,2
270,226,3,2
270,227,3,2
270,228,3,2
270,229,3,2
270,230,3,2
270,231,3,2
270,232,3,2
270,233,3,2
270,234,3,2
270,235,3,2
270,236,3,2
270,237,3,2
270,238,3,2
270,239,3,2
270,240,3,2
270,241,3,2
270,242,3,2
270,243,3,2
270,244,3,2
270,245,3,2
270,246,3,2
270,247,3,2
270,248,3,2
270,249,3,2
270,250,3,2
270,251,3,2
270,252,3,2
270,253,3,2
270,254,3,2
270,255,3,2
270,256,3,2
270,257,3,2
270,258,3,2
270,259,3,2
270,260,3,2
270,261,3,2
270,262,3,2
270,263,3,2
270,264,3,2
270,265,3,2
270,266,3,2
270,267,3,2
270,268,3,2
270,269,3,2
270,270,3,2
270,271,3,2
270,272,3,2
270,273,3,2
270,274,3,2
270,275,3,2
270,276,3,2
270,277,3,2
270,278,3,2
270,279,3,2
270,280,3,2
270,281,3,2
270,282,3,2
270,283,3,2
270,284,3,2
270,285,3,2
270,286,3,2
270,287,3,2
270,288,3,2
270,289,3,2
270,290,3,2
270,291,3,2
270,292,3,2
270,293,3,2
270,294,3,2
270,295,3,2
270,296,3,2
270,297,3,2
270,298,3,2
270,299,3,2
270,300,3,2
270,301,3,2
270,302,3,2
270,303,3,2
270,304,3,2
270,305,3,2
270,306,3,2
270,307,3,2
270,308,3,2
270,309,3,2
270,310,3,2
270,311,3,2
270,312,3,2
270,313,3,2
270,314,3,2
270,315,3,2
270,316,3,2
270,317,3,2
270,318,3,2
270,319,3,2
270,320,3,2
270,321,3,2
270,322,3,2
270,323,3,2
270,324,3,2
270,325,3,2
270,326,3,2
270,327,3,2
270,328,3,2
270,329,3,2
270,330,3,2
270,331,3,2
270,332,3,2
270,333,3,2
270,334,3,2
270,335,3,2
270,336,3,2
270,337,3,2
270,338,3,2
270,339,3,2
270,340,3,2
270,341,3,2
270,342,3,2
270,343,3,2
270,344,3,2
270,345,3,2
270,346,3,2
270,347,3,2
270,348,3,2
270,349,3,2
270,350,3,2
270,351,3,2
270,352,3,2
270,353,3,2
270,354,3,2
270,355,3,2
270,356,3,2
270,357,3,2
270,358,3,2
270,359,3,2
270,360,3,2
270,361,3,2
270,362,3,2
270,363,3,2
270,364,3,2
270,365,3,2
270,366,3,2
270,367,3,2
270,368,3,2
270,369,3,2
270,370,3,2
270,371,3,2
270,372,3,2
270,373,3,2
270,374,3,2
270,375,3,2
270,376,3,2
270,377,3,2
270,378,3,2
270,379,3,2
270,380,3,2
270,381,3,2
270,382,3,2
270,383,3,2
270,384,3,2
270,385,3,2
270,386,3,2
270,387,3,2
270,388,3,2
270,389,3,2
270,390,3,2
270,391,3,2
270,392,3,2
270,393,3,2
270,394,3,2
270,395,3,2
270,396,3,2
270,397,3,2
270,398,3,2
270,399,3,2
270,400,3,2
270,401,3,2
270,402,3,2
270,403,3,2
270,404,3,2
270,405,3,2
270,406,3,2
270,407,3,2
270,408,3,2
270,409,3,2
270,410,3,2
270,411,3,2
270,412,3,2
270,413,3,2
270,414,3,2
270,415,3,2
270,416,3,2
270,417,3,2
270,418,3,2
270,419,3,2
270,420,3,2
270,421,3,2
270,422,3,2
270,423,3,2
270,424,3,2
270,425,3,2
270,426,3,2
270,427,3,2
270,428,3,2
270,429,3,2
270,430,3,2
270,431,3,2
270,432,3,2
270,433,3,2
270,434,3,2
270,435,3,2
270,436,3,2
270,437,3,2
270,438,3,2
270,439,3,2
270,440,3,2
270,441,3,2
270,442,3,3
270,443,3,3
270,444,3,3
270,445,3,3
270,446,3,3
270,447,3,3
270,448,3,3
270,449,3,3
270,450,3,3
270,451,3,3
270,452,3,3
270,453,3,3
270,454,3,3
270,455,3,3
270,456,3,2
270,457,3,2
270,458,3,2
270,459,3,2
270,460,3,2
270,461,3,2
270,462,3,2
270,463,3,2
270,464,3,2
270,465,3,2
270,466,3,2
270,467,3,2
270,468,3,2
270,469,3,2
270,470,3,2
270,471,3,2
270,472,3,2
270,473,3,2
270,474,3,2
270,475,3,2
270,476,3,2
270,477,3,2
270,478,3,2
270,479,3,2
270,480,3,2
270,481,3,2
270,482,3,2
270,483,3,2
270,484,3,3
270,485,3,3
270,486,3,3
270,487,3,3
270,488,3,3
270,489,3,3
270,490,3,3
270,491,3,3
270,492,3,3
270,493,3,3
270,494,3,3
270,495,3,3
270,496,3,3
270,497,3,3
270,498,3,3
270,499,3,3
270,500,3,3
270,501,3,3
270,502,3,3
270,503,3,3
270,504,3,3
270,505,3,3
270,506,3,3
270,507,3,3
270,508,3,3
270,509,3,3
270,510,3,3
270,511,3,3
270,512,3,3
270,513,3,3
270,514,3,3
270,515,3,3
270,516,3,3
270,517,3,3
270,518,3,3
270,519,3,3
270,520,3,3
270,521,3,3
270,522,3,3
270,523,3,2
270,524,3,2
270,525,3,2
270,526,3,2
270,527,3,2
270,528,3,2
270,529,3,2
270,530,3,2
270,531,3,2
270,532,3,2
270,533,3,2
270,534,3,2
270,535,3,3
270,536,3,3
270,537,3,3
270,538,3,3
270,539,3,3
270,540,3,3
270,541,3,3
270,542,3,3
270,543,3,3
270,544,3,3
270,545,3,3
270,546,3,3
270,547,3,3
270,548,3,3
270,549,3,3
270,550,3,3
270,551,3,3
270,552,3,3
270,553,3,3
270,554,3,3
270,555,3,3
270,556,3,3
270,557,3,3
270,558,3,3
270,559,3,3
270,560,3,3
270,561,3,3
270,562,3,3
270,563,3,3
270,564,3,3
270,565,3,3
270,566,3,3
270,567,3,3
270,568,3,3
270,569,3,3
270,570,3,3
270,571,3,3
270,572,3,3
270,573,3,3
270,574,3,3
270,575,3,3
270,576,3,3
270,577,3,3
270,578,3,3
270,579,3,3
270,580,3,3
270,581,3,2
270,582,3,2
270,583,3,2
270,584,3,2
270,585,3,2
270,586,3,2
270,587,3,2
270,588,3,2
270,589,3,2
270,590,3,2
270,591,3,2
270,592,3,2
270,593,3,2
270,594,3,2
270,595,3,2
270,596,3,2
270,597,3,2
270,598,3,2
270,599,3,2
270,600,3,2
270,601,3,2
270,602,3,2
270,603,3,2
270,604,3,2
270,605,3,2
270,606,3,2
270,607,3,2
270,608,3,2
270,609,3,2
270,610,3,2
270,611,3,2
270,612,3,2
270,613,3,2
270,614,3,2
270,615,3,2
270,616,3,2
270,617,3,2
270,618,3,2
270,619,3,2
270,620,3,3
270,621,3,3
270,622,3,3
270,623,3,3
270,624,3,3
270,625,3,3
270,626,3,3
270,627,3,3
270,628,3,3
270,629,3,3
270,630,3,3
270,631,3,3
270,632,3,3
270,633,3,3
270,634,3,3
270,635,3,3
270,636,3,3
270,637,3,2
270,638,3,2
270,639,3,2
270,640,3,2
270,641,3,2
270,642,3,2
270,643,3,2
270,644,3,2
270,645,3,2
270,646,3,2
270,647,3,2
270,648,3,2
270,649,3,2
270,650,3,2
270,651,3,2
270,652,3,2
270,653,3,2
270,654,3,2
270,655,3,2
270,656,3,2
270,657,3,2
270,658,3,3
270,659,3,3
270,660,3,3
270,661,3,3
270,662,3,3
270,663,3,3
270,664,3,3
270,665,3,3
270,666,3,3
270,667,3,2
270,668,3,2
270,669,3,2
270,670,3,2
270,671,3,2
270,672,3,2
270,673,3,2
270,674,3,2
270,675,3,2
270,676,3,2
270,677,3,3
270,678,3,3
270,679,3,3
270,680,3,2
270,681,3,2
270,682,3,2
270,683,3,2
270,684,3,2
270,685,3,2
270,686,3,2
270,687,3,2
270,688,3,2
270,689,3,2
270,690,3,2
270,691,3,2
270,692,3,2
270,693,3,2
270,694,3,2
270,695,3,2
270,696,3,2
270,697,3,2
270,698,3,2
270,699,3,2
270,700,3,2
271,106,3,2
271,107,3,2
271,108,3,2
271,109,3,2
271,110,3,2
271,111,3,2
271,112,3,2
271,113,3,2
271,114,3,2
271,115,3,2
271,116,3,2
271,117,3,2
271,118,3,2
271,119,3,2
271,120,3,2
271,121,3,2
271,122,3,2
271,123,3,2
271,124,3,2
271,125,3,2
271,126,3,2
271,127,3,2
271,128,3,2
271,129,3,2
271,130,3,2
271,131,3,2
271,132,3,2
271,133,3,2
271,134,3,2
271,135,3,2
271,136,3,2
271,137,3,2
271,138,3,2
271,139,3,2
271,140,3,2
271,141,3,2
271,142,3,2
271,143,3,2
271,144,3,2
271,145,3,2
271,146,3,2
271,147,3,2
271,148,3,2
271,149,3,2
271,150,3,2
271,151,3,2
271,152,3,2
271,153,3,2
271,154,3,2
271,155,3,2
271,156,3,2
271,157,3,2
271,158,3,2
271,159,3,2
271,160,3,2
271,161,3,2
271,162,3,2
271,163,3,2
271,164,3,2
271,165,3,2
271,166,3,2
271,167,3,2
271,168,3,2
271,169,3,2
271,170,3,2
271,171,3,2
271,172,3,2
271,173,3,2
271,174,3,2
271,175,3,2
271,176,3,2
271,177,3,2
271,178,3,2
271,179,3,2
271,180,3,2
271,181,3,2
271,182,3,2
271,183,3,2
271,184,3,2
271,185,3,2
271,186,3,2
271,187,3,2
271,188,3,2
271,189,3,2
271,190,3,2
271,191,3,2
271,192,3,2
271,193,3,2
271,194,3,2
271,195,3,2
271,196,3,2
271,197,3,2
271,198,3,2
271,199,3,2
271,200,3,2
271,201,3,2
271,202,3,2
271,203,3,2
271,204,3,2
271,205,3,2
271,206,3,2
271,207,3,2
271,208,3,2
271,209,3,2
271,210,3,2
271,211,3,2
271,212,3,2
271,213,3,2
271,214,3,2
271,215,3,2
271,216,3,2
271,217,3,2
271,218,3,2
271,219,3,2
271,220,3,2
271,221,3,2
271,222,3,2
271,223,3,2
271,224,3,2
271,225,3,2
271,226,3,2
271,227,3,2
271,228,3,2
271,229,3,2
271,230,3,2
271,231,3,2
271,232,3,2
271,233,3,2
271,234,3,2
271,235,3,2
271,236,3,2
271,237,3,2
271,238,3,2
271,239,3,2
271,240,3,2
271,241,3,2
271,242,3,2
271,243,3,2
271,244,3,2
271,245,3,2
271,246,3,2
271,247,3,2
271,248,3,2
271,249,3,2
271,250,3,2
271,251,3,2
271,252,3,2
271,253,3,2
271,254,3,2
271,255,3,2
271,256,3,2
271,257,3,2
271,258,3,2
271,259,3,2
271,260,3,2
271,261,3,2
271,262,3,2
271,263,3,2
271,264,3,2
271,265,3,2
271,266,3,2
271,267,3,2
271,268,3,2
271,269,3,2
271,270,3,2
271,271,3,2
271,272,3,2
271,273,3,2
271,274,3,2
271,275,3,2
271,276,3,2
271,277,3,2
271,278,3,2
271,279,3,2
271,280,3,2
271,281,3,2
271,282,3,2
271,283,3,2
271,284,3,2
271,285,3,2
271,286,3,2
271,287,3,2
271,288,3,2
271,289,3,2
271,290,3,2
271,291,3,2
271,292,3,2
271,293,3,2
271,294,3,2
271,295,3,2
271,296,3,2
271,297,3,2
271,298,3,2
271,299,3,2
271,300,3,2
271,301,3,2
271,302,3,2
271,303,3,2
271,304,3,2
271,305,3,2
271,306,3,2
271,307,3,2
271,308,3,2
271,309,3,2
271,310,3,2
271,311,3,2
271,312,3,2
271,313,3,2
271,314,3,2
271,315,3,2
271,316,3,2
271,317,3,2
271,318,3,2
271,319,3,2
271,320,3,2
271,321,3,2
271,322,3,2
271,323,3,2
271,324,3,2
271,325,3,2
271,326,3,2
271,327,3,2
271,328,3,2
271,329,3,2
271,330,3,2
271,331,3,2
271,332,3,2
271,333,3,2
271,334,3,2
271,335,3,2
271,336,3,2
271,337,3,2
271,338,3,2
271,339,3,2
271,340,3,2
271,341,3,2
271,342,3,2
271,343,3,2
271,344,3,2
271,345,3,2
271,346,3,2
271,347,3,2
271,348,3,2
271,349,3,2
271,350,3,2
271,351,3,2
271,352,3,2
271,353,3,2
271,354,3,2
271,355,3,2
271,356,3,2
271,357,3,2
271,358,3,2
271,359,3,2
271,360,3,2
271,361,3,2
271,362,3,2
271,363,3,2
271,364,3,2
271,365,3,2
271,366,3,2
271,367,3,2
271,368,3,2
271,369,3,2
271,370,3,2
271,371,3,2
271,372,3,2
271,373,3,2
271,374,3,2
271,375,3,2
271,376,3,2
271,377,3,2
271,378,3,2
271,379,3,2
271,380,3,2
271,381,3,2
271,382,3,2
271,383,3,2
271,384,3,2
271,385,3,2
271,386,3,2
271,387,3,2
271,388,3,2
271,389,3,2
271,390,3,2
271,391,3,2
271,392,3,2
271,393,3,2
271,394,3,2
271,395,3,2
271,396,3,2
271,397,3,2
271,398,3,2
271,399,3,2
271,400,3,2
271,401,3,2
271,402,3,2
271,403,3,2
271,404,3,2
271,405,3,2
271,406,3,2
271,407,3,2
271,408,3,2
271,409,3,2
271,410,3,2
271,411,3,2
271,412,3,2
271,413,3,2
271,414,3,2
271,415,3,2
271,416,3,2
271,417,3,2
271,418,3,2
271,419,3,2
271,420,3,2
271,421,3,2
271,422,3,2
271,423,3,2
271,424,3,2
271,425,3,2
271,426,3,2
271,427,3,2
271,428,3,2
271,429,3,2
271,430,3,2
271,431,3,2
271,432,3,2
271,433,3,2
271,434,3,2
271,435,3,2
271,436,3,2
271,437,3,2
271,438,3,2
271,439,3,2
271,440,3,3
271,441,3,3
271,442,3,3
271,443,3,3
271,444,3,3
271,445,3,3
271,446,3,3
271,447,3,3
271,448,3,3
271,449,3,3
271,450,3,3
271,451,3,3
271,452,3,3
271,453,3,3
271,454,3,3
271,455,3,3
271,456,3,3
271,457,3,2
271,458,3,2
271,459,3,2
271,460,3,2
271,461,3,2
271,462,3,2
271,463,3,2
271,464,3,2
271,465,3,2
271,466,3,2
271,467,3,2
271,468,3,2
271,469,3,2
271,470,3,2
271,471,3,2
271,472,3,2
271,473,3,2
271,474,3,2
271,475,3,2
271,476,3,2
271,477,3,2
271,478,3,2
271,479,3,2
271,480,3,2
271,481,3,2
271,482,3,2
271,483,3,3
271,484,3,3
271,485,3,3
271,486,3,3
271,487,3,3
271,488,3,3
271,489,3,3
271,490,3,3
271,491,3,3
271,492,3,3
271,493,3,3
271,494,3,3
271,495,3,3
271,496,3,3
271,497,3,3
271,498,3,3
271,499,3,3
271,500,3,3
271,501,3,3
271,502,3,3
271,503,3,3
271,504,3,3
271,505,3,3
271,506,3,3
271,507,3,3
271,508,3,3
271,509,3,3
271,510,3,3
271,511,3,3
271,512,3,3
271,513,3,3
271,514,3,3
271,515,3,3
271,516,3,3
271,517,3,3
271,518,3,3
271,519,3,3
271,520,3,3
271,521,3,3
271,522,3,3
271,523,3,2
271,524,3,2
271,525,3,2
271,526,3,2
271,527,3,2
271,528,3,2
271,529,3,2
271,530,3,2
271,531,3,2
271,532,3,2
271,533,3,2
271,534,3,3
271,535,3,3
271,536,3,3
271,537,3,3
271,538,3,3
271,539,3,3
271,540,3,3
271,541,3,3
271,542,3,3
271,543,3,3
271,544,3,3
271,545,3,3
271,546,3,3
271,547,3,3
271,548,3,3
271,549,3,3
271,550,3,3
271,551,3,3
271,552,3,3
271,553,3,3
271,554,3,3
271,555,3,3
271,556,3,3
271,557,3,3
271,558,3,3
271,559,3,3
271,560,3,3
271,561,3,3
271,562,3,3
271,563,3,3
271,564,3,3
271,565,3,3
271,566,3,3
271,567,3,3
271,568,3,3
271,569,3,3
271,570,3,3
271,571,3,3
271,572,3,3
271,573,3,3
271,574,3,3
271,575,3,3
271,576,3,3
271,577,3,3
271,578,3,3
271,579,3,3
271,580,3,2
271,581,3,2
271,582,3,2
271,583,3,2
271,584,3,2
271,585,3,2
271,586,3,2
271,587,3,2
271,588,3,2
271,589,3,2
271,590,3,2
271,591,3,2
271,592,3,2
271,593,3,2
271,594,3,2
271,595,3,2
271,596,3,2
271,597,3,2
271,598,3,2
271,599,3,2
271,600,3,2
271,601,3,2
271,602,3,2
271,603,3,2
271,604,3,2
271,605,3,2
271,606,3,2
271,607,3,2
271,608,3,2
271,609,3,2
271,610,3,2
271,611,3,2
271,612,3,2
271,613,3,2
271,614,3,2
271,615,3,2
271,616,3,2
271,617,3,2
271,618,3,2
271,619,3,3
271,620,3,3
271,621,3,3
271,622,3,3
271,623,3,3
271,624,3,3
271,625,3,3
271,626,3,3
271,627,3,3
271,628,3,3
271,629,3,3
271,630,3,3
271,631,3,3
271,632,3,3
271,633,3,3
271,634,3,3
271,635,3,3
271,636,3,3
271,637,3,2
271,638,3,2
271,639,3,2
271,640,3,2
271,641,3,2
271,642,3,2
271,643,3,2
271,644,3,2
271,645,3,2
271,646,3,2
271,647,3,2
271,648,3,2
271,649,3,2
271,650,3,3
271,651,3,3
271,652,3,3
271,653,3,2
271,654,3,2
271,655,3,2
271,656,3,2
271,657,3,3
271,658,3,3
271,659,3,3
271,660,3,3
271,661,3,3
271,662,3,3
271,663,3,3
271,664,3,3
271,665,3,3
271,666,3,3
271,667,3,3
271,668,3,3
271,669,3,2
271,670,3,3
271,671,3,2
271,672,3,2
271,673,3,2
271,674,3,2
271,675,3,2
271,676,3,2
271,677,3,3
271,678,3,3
271,679,3,3
271,680,3,3
271,681,3,2
271,682,3,2
271,683,3,2
271,684,3,2
271,685,3,2
271,686,3,2
271,687,3,2
271,688,3,2
271,689,3,2
271,690,3,2
271,691,3,2
271,692,3,2
271,693,3,2
271,694,3,2
271,695,3,2
271,696,3,2
271,697,3,2
271,698,3,2
271,699,3,2
272,105,3,2
272,106,3,2
272,107,3,2
272,108,3,2
272,109,3,2
272,110,3,2
272,111,3,2
272,112,3,2
272,113,3,2
272,114,3,2
272,115,3,2
272,116,3,2
272,117,3,2
272,118,3,2
272,119,3,2
272,120,3,2
272,121,3,2
272,122,3,2
272,123,3,2
272,124,3,2
272,125,3,2
272,126,3,2
272,127,3,2
272,128,3,2
272,129,3,2
272,130,3,2
272,131,3,2
272,132,3,2
272,133,3,2
272,134,3,2
272,135,3,2
272,136,3,2
272,137,3,2
272,138,3,2
272,139,3,2
272,140,3,2
272,141,3,2
272,142,3,2
272,143,3,2
272,144,3,2
272,145,3,2
272,146,3,2
272,147,3,2
272,148,3,2
272,149,3,2
272,150,3,2
272,151,3,2
272,152,3,2
272,153,3,2
272,154,3,2
272,155,3,2
272,156,3,2
272,157,3,2
272,158,3,2
272,159,3,2
272,160,3,2
272,161,3,2
272,162,3,2
272,163,3,2
272,164,3,2
272,165,3,2
272,166,3,2
272,167,3,2
272,168,3,2
272,169,3,2
272,170,3,2
272,171,3,2
272,172,3,2
272,173,3,2
272,174,3,2
272,175,3,2
272,176,3,2
272,177,3,2
272,178,3,2
272,179,3,2
272,180,3,2
272,181,3,2
272,182,3,2
272,183,3,2
272,184,3,2
272,185,3,2
272,186,3,2
272,187,3,2
272,188,3,2
272,189,3,2
272,190,3,2
272,191,3,2
272,192,3,2
272,193,3,2
272,194,3,2
272,195,3,2
272,196,3,2
272,197,3,2
272,198,3,2
272,199,3,2
272,200,3,2
272,201,3,2
272,202,3,2
272,203,3,2
272,204,3,2
272,205,3,2
272,206,3,2
272,207,3,2
272,208,3,2
272,209,3,2
272,210,3,2
272,211,3,2
272,212,3,2
272,213,3,2
272,214,3,2
272,215,3,2
272,216,3,2
272,217,3,2
272,218,3,2
272,219,3,2
272,220,3,2
272,221,3,2
272,222,3,2
272,223,3,2
272,224,3,2
272,225,3,2
272,226,3,2
272,227,3,2
272,228,3,2
272,229,3,2
272,230,3,2
272,231,3,2
272,232,3,2
272,233,3,2
272,234,3,2
272,235,3,2
272,236,3,2
272,237,3,2
272,238,3,2
272,239,3,2
272,240,3,2
272,241,3,2
272,242,3,2
272,243,3,2
272,244,3,2
272,245,3,2
272,246,3,2
272,247,3,2
272,248,3,2
272,249,3,2
272,250,3,2
272,251,3,2
272,252,3,2
272,253,3,2
272,254,3,2
272,255,3,2
272,256,3,2
272,257,3,2
272,258,3,2
272,259,3,2
272,260,3,2
272,261,3,2
272,262,3,2
272,263,3,2
272,264,3,2
272,265,3,2
272,266,3,2
272,267,3,2
272,268,3,2
272,269,3,2
272,270,3,2
272,271,3,2
272,272,3,2
272,273,3,2
272,274,3,2
272,275,3,2
272,276,3,2
272,277,3,2
272,278,3,2
272,279,3,2
272,280,3,2
272,281,3,2
272,282,3,2
272,283,3,2
272,284,3,2
272,285,3,2
272,286,3,2
272,287,3,2
272,288,3,2
272,289,3,2
272,290,3,2
272,291,3,2
272,292,3,2
272,293,3,2
272,294,3,2
272,295,3,2
272,296,3,2
272,297,3,2
272,298,3,2
272,299,3,2
272,300,3,2
272,301,3,2
272,302,3,2
272,303,3,2
272,304,3,2
272,305,3,2
272,306,3,2
272,307,3,2
272,308,3,2
272,309,3,2
272,310,3,2
272,311,3,2
272,312,3,2
272,313,3,2
272,314,3,2
272,315,3,2
272,316,3,2
272,317,3,2
272,318,3,2
272,319,3,2
272,320,3,2
272,321,3,2
272,322,3,2
272,323,3,2
272,324,3,2
272,325,3,2
272,326,3,2
272,327,3,2
272,328,3,2
272,329,3,2
272,330,3,2
272,331,3,2
272,332,3,2
272,333,3,2
272,334,3,2
272,335,3,2
272,336,3,2
272,337,3,2
272,338,3,2
272,339,3,2
272,340,3,2
272,341,3,2
272,342,3,2
272,343,3,2
272,344,3,2
272,345,3,2
272,346,3,2
272,347,3,2
272,348,3,2
272,349,3,2
272,350,3,2
272,351,3,2
272,352,3,2
272,353,3,2
272,354,3,2
272,355,3,2
272,356,3,2
272,357,3,2
272,358,3,2
272,359,3,2
272,360,3,2
272,361,3,2
272,362,3,2
272,363,3,2
272,364,3,2
272,365,3,2
272,366,3,2
272,367,3,2
272,368,3,2
272,369,3,2
272,370,3,2
272,371,3,2
272,372,3,2
272,373,3,2
272,374,3,2
272,375,3,2
272,376,3,2
272,377,3,2
272,378,3,2
272,379,3,2
272,380,3,2
272,381,3,2
272,382,3,2
272,383,3,2
272,384,3,2
272,385,3,2
272,386,3,2
272,387,3,2
272,388,3,2
272,389,3,2
272,390,3,2
272,391,3,2
272,392,3,2
272,393,3,2
272,394,3,2
272,395,3,2
272,396,3,2
272,397,3,2
272,398,3,2
272,399,3,2
272,400,3,2
272,401,3,2
272,402,3,2
272,403,3,2
272,404,3,2
272,405,3,2
272,406,3,2
272,407,3,2
272,408,3,2
272,409,3,2
272,410,3,2
272,411,3,2
272,412,3,2
272,413,3,2
272,414,3,2
272,415,3,2
272,416,3,2
272,417,3,2
272,418,3,2
272,419,3,2
272,420,3,2
272,421,3,2
272,422,3,2
272,423,3,2
272,424,3,2
272,425,3,2
272,426,3,2
272,427,3,2
272,428,3,2
272,429,3,2
272,430,3,2
272,431,3,2
272,432,3,2
272,433,3,2
272,434,3,2
272,435,3,2
272,436,3,2
272,437,3,2
272,438,3,2
272,439,3,3
272,440,3,3
272,441,3,3
272,442,3,3
272,443,3,3
272,444,3,3
272,445,3,3
272,446,3,3
272,447,3,3
272,448,3,3
272,449,3,3
272,450,3,3
272,451,3,3
272,452,3,3
272,453,3,3
272,454,3,3
272,455,3,3
272,456,3,3
272,457,3,3
272,458,3,3
272,459,3,3
272,460,3,3
272,461,3,2
272,462,3,2
272,463,3,2
272,464,3,2
272,465,3,2
272,466,3,2
272,467,3,2
272,468,3,2
272,469,3,2
272,470,3,2
272,471,3,2
272,472,3,2
272,473,3,2
272,474,3,2
272,475,3,2
272,476,3,2
272,477,3,2
272,478,3,2
272,479,3,2
272,480,3,2
272,481,3,2
272,482,3,2
272,483,3,3
272,484,3,3
272,485,3,3
272,486,3,3
272,487,3,3
272,488,3,3
272,489,3,3
272,490,3,3
272,491,3,3
272,492,3,3
272,493,3,3
272,494,3,3
272,495,3,3
272,496,3,3
272,497,3,3
272,498,3,3
272,499,3,3
272,500,3,3
272,501,3,3
272,502,3,3
272,503,3,3
272,504,3,3
272,505,3,3
272,506,3,3
272,507,3,3
272,508,3,3
272,509,3,3
272,510,3,3
272,511,3,3
272,512,3,3
272,513,3,3
272,514,3,3
272,515,3,3
272,516,3,3
272,517,3,3
272,518,3,3
272,519,3,3
272,520,3,3
272,521,3,3
272,522,3,3
272,523,3,3
272,524,3,2
272,525,3,2
272,526,3,2
272,527,3,2
272,528,3,2
272,529,3,2
272,530,3,2
272,531,3,2
272,532,3,2
272,533,3,2
272,534,3,2
272,535,3,3
272,536,3,3
272,537,3,3
272,538,3,3
272,539,3,3
272,540,3,3
272,541,3,3
272,542,3,3
272,543,3,3
272,544,3,3
272,545,3,3
272,546,3,3
272,547,3,3
272,548,3,3
272,549,3,3
272,550,3,3
272,551,3,3
272,552,3,3
272,553,3,3
272,554,3,3
272,555,3,3
272,556,3,3
272,557,3,3
272,558,3,3
272,559,3,3
272,560,3,3
272,561,3,3
272,562,3,3
272,563,3,3
272,564,3,3
272,565,3,3
272,566,3,3
272,567,3,3
272,568,3,3
272,569,3,3
272,570,3,3
272,571,3,3
272,572,3,3
272,573,3,3
272,574,3,3
272,575,3,3
272,576,3,3
272,577,3,3
272,578,3,3
272,579,3,3
272,580,3,2
272,581,3,2
272,582,3,2
272,583,3,2
272,584,3,2
272,585,3,2
272,586,3,2
272,587,3,2
272,588,3,2
272,589,3,2
272,590,3,2
272,591,3,2
272,592,3,2
272,593,3,2
272,594,3,2
272,595,3,2
272,596,3,2
272,597,3,2
272,598,3,2
272,599,3,2
272,600,3,2
272,601,3,2
272,602,3,2
272,603,3,2
272,604,3,2
272,605,3,2
272,606,3,2
272,607,3,2
272,608,3,2
272,609,3,2
272,610,3,2
272,611,3,2
272,612,3,2
272,613,3,2
272,614,3,2
272,615,3,2
272,616,3,2
272,617,3,2
272,618,3,2
272,619,3,3
272,620,3,3
272,621,3,3
272,622,3,3
272,623,3,3
272,624,3,3
272,625,3,3
272,626,3,3
272,627,3,3
272,628,3,3
272,629,3,3
272,630,3,3
272,631,3,3
272,632,3,3
272,633,3,3
272,634,3,3
272,635,3,3
272,636,3,3
272,637,3,2
272,638,3,2
272,639,3,2
272,640,3,2
272,641,3,2
272,642,3,2
272,643,3,2
272,644,3,2
272,645,3,2
272,646,3,2
272,647,3,2
272,648,3,2
272,649,3,2
272,650,3,2
272,651,3,2
272,652,3,3
272,653,3,2
272,654,3,2
272,655,3,2
272,656,3,3
272,657,3,3
272,658,3,3
272,659,3,3
272,660,3,3
272,661,3,3
272,662,3,3
272,663,3,3
272,664,3,3
272,665,3,3
272,666,3,3
272,667,3,3
272,668,3,2
272,669,3,2
272,670,3,2
272,671,3,2
272,672,3,2
272,673,3,2
272,674,3,2
272,675,3,2
272,676,3,3
272,677,3,3
272,678,3,3
272,679,3,3
272,680,3,3
272,681,3,2
272,682,3,2
272,683,3,2
272,684,3,2
272,685,3,2
272,686,3,2
272,687,3,2
272,688,3,2
272,689,3,2
272,690,3,2
272,691,3,2
272,692,3,2
272,693,3,2
272,694,3,2
272,695,3,2
273,107,3,2
273,108,3,2
273,109,3,2
273,110,3,2
273,111,3,2
273,112,3,2
273,113,3,2
273,114,3,2
273,115,3,2
273,116,3,2
273,117,3,2
273,118,3,2
273,119,3,2
273,120,3,2
273,121,3,2
273,122,3,2
273,123,3,2
273,124,3,2
273,125,3,2
273,126,3,2
273,127,3,2
273,128,3,2
273,129,3,2
273,130,3,2
273,131,3,2
273,132,3,2
273,133,3,2
273,134,3,2
273,135,3,2
273,136,3,2
273,137,3,2
273,138,3,2
273,139,3,2
273,140,3,2
273,141,3,2
273,142,3,2
273,143,3,2
273,144,3,2
273,145,3,2
273,146,3,2
273,147,3,2
273,148,3,2
273,149,3,2
273,150,3,2
273,151,3,2
273,152,3,2
273,153,3,2
273,154,3,2
273,155,3,2
273,156,3,2
273,157,3,2
273,158,3,2
273,159,3,2
273,160,3,2
273,161,3,2
273,162,3,2
273,163,3,2
273,164,3,2
273,165,3,2
273,166,3,2
273,167,3,2
273,168,3,2
273,169,3,2
273,170,3,2
273,171,3,2
273,172,3,2
273,173,3,2
273,174,3,2
273,175,3,2
273,176,3,2
273,177,3,2
273,178,3,2
273,179,3,2
273,180,3,2
273,181,3,2
273,182,3,2
273,183,3,2
273,184,3,2
273,185,3,2
273,186,3,2
273,187,3,2
273,188,3,2
273,189,3,2
273,190,3,2
273,191,3,2
273,192,3,2
273,193,3,2
273,194,3,2
273,195,3,2
273,196,3,2
273,197,3,2
273,198,3,2
273,199,3,2
273,200,3,2
273,201,3,2
273,202,3,2
273,203,3,2
273,204,3,2
273,205,3,2
273,206,3,2
273,207,3,2
273,208,3,2
273,209,3,2
273,210,3,2
273,211,3,2
273,212,3,2
273,213,3,2
273,214,3,2
273,215,3,2
273,216,3,2
273,217,3,2
273,218,3,2
273,219,3,2
273,220,3,2
273,221,3,2
273,222,3,2
273,223,3,2
273,224,3,2
273,225,3,2
273,226,3,2
273,227,3,2
273,228,3,2
273,229,3,2
273,230,3,2
273,231,3,2
273,232,3,2
273,233,3,2
273,234,3,2
273,235,3,2
273,236,3,2
273,237,3,2
273,238,3,2
273,239,3,2
273,240,3,2
273,241,3,2
273,242,3,2
273,243,3,2
273,244,3,2
273,245,3,2
273,246,3,2
273,247,3,2
273,248,3,2
273,249,3,2
273,250,3,2
273,251,3,2
273,252,3,2
273,253,3,2
273,254,3,2
273,255,3,2
273,256,3,2
273,257,3,2
273,258,3,2
273,259,3,2
273,260,3,2
273,261,3,2
273,262,3,2
273,263,3,2
273,264,3,2
273,265,3,2
273,266,3,2
273,267,3,2
273,268,3,2
273,269,3,2
273,270,3,2
273,271,3,2
273,272,3,2
273,273,3,2
273,274,3,2
273,275,3,2
273,276,3,2
273,277,3,2
273,278,3,2
273,279,3,2
273,280,3,2
273,281,3,2
273,282,3,2
273,283,3,2
273,284,3,2
273,285,3,2
273,286,3,2
273,287,3,2
273,288,3,2
273,289,3,2
273,290,3,2
273,291,3,2
273,292,3,2
273,293,3,2
273,294,3,2
273,295,3,2
273,296,3,2
273,297,3,2
273,298,3,2
273,299,3,2
273,300,3,2
273,301,3,2
273,302,3,2
273,303,3,2
273,304,3,2
273,305,3,2
273,306,3,2
273,307,3,2
273,308,3,2
273,309,3,2
273,310,3,2
273,311,3,2
273,312,3,2
273,313,3,2
273,314,3,2
273,315,3,2
273,316,3,2
273,317,3,2
273,318,3,2
273,319,3,2
273,320,3,2
273,321,3,2
273,322,3,2
273,323,3,2
273,324,3,2
273,325,3,2
273,326,3,2
273,327,3,2
273,328,3,2
273,329,3,2
273,330,3,2
273,331,3,2
273,332,3,2
273,333,3,2
273,334,3,2
273,335,3,2
273,336,3,2
273,337,3,2
273,338,3,2
273,339,3,2
273,340,3,2
273,341,3,2
273,342,3,2
273,343,3,2
273,344,3,2
273,345,3,2
273,346,3,2
273,347,3,2
273,348,3,2
273,349,3,2
273,350,3,2
273,351,3,2
273,352,3,2
273,353,3,2
273,354,3,2
273,355,3,2
273,356,3,2
273,357,3,2
273,358,3,2
273,359,3,2
273,360,3,2
273,361,3,2
273,362,3,2
273,363,3,2
273,364,3,2
273,365,3,2
273,366,3,2
273,367,3,2
273,368,3,2
273,369,3,2
273,370,3,2
273,371,3,2
273,372,3,2
273,373,3,2
273,374,3,2
273,375,3,2
273,376,3,2
273,377,3,2
273,378,3,2
273,379,3,2
273,380,3,2
273,381,3,2
273,382,3,2
273,383,3,2
273,384,3,2
273,385,3,2
273,386,3,2
273,387,3,2
273,388,3,2
273,389,3,2
273,390,3,2
273,391,3,2
273,392,3,2
273,393,3,2
273,394,3,2
273,395,3,2
273,396,3,2
273,397,3,2
273,398,3,2
273,399,3,2
273,400,3,2
273,401,3,2
273,402,3,2
273,403,3,2
273,404,3,2
273,405,3,2
273,406,3,2
273,407,3,2
273,408,3,2
273,409,3,2
273,410,3,2
273,411,3,2
273,412,3,2
273,413,3,2
273,414,3,2
273,415,3,2
273,416,3,2
273,417,3,2
273,418,3,2
273,419,3,2
273,420,3,2
273,421,3,2
273,422,3,2
273,423,3,2
273,424,3,2
273,425,3,2
273,426,3,2
273,427,3,2
273,428,3,2
273,429,3,2
273,430,3,2
273,431,3,2
273,432,3,2
273,433,3,2
273,434,3,2
273,435,3,2
273,436,3,2
273,437,3,3
273,438,3,3
273,439,3,3
273,440,3,3
273,441,3,3
273,442,3,3
273,443,3,3
273,444,3,3
273,445,3,3
273,446,3,3
273,447,3,3
273,448,3,3
273,449,3,3
273,450,3,3
273,451,3,3
273,452,3,3
273,453,3,3
273,454,3,3
273,455,3,3
273,456,3,3
273,457,3,3
273,458,3,3
273,459,3,3
273,460,3,3
273,461,3,3
273,462,3,3
273,463,3,3
273,464,3,2
273,465,3,2
273,466,3,2
273,467,3,2
273,468,3,2
273,469,3,2
273,470,3,2
273,471,3,2
273,472,3,2
273,473,3,2
273,474,3,2
273,475,3,2
273,476,3,2
273,477,3,2
273,478,3,2
273,479,3,2
273,480,3,2
273,481,3,2
273,482,3,3
273,483,3,3
273,484,3,3
273,485,3,3
273,486,3,3
273,487,3,3
273,488,3,3
273,489,3,3
273,490,3,3
273,491,3,3
273,492,3,3
273,493,3,3
273,494,3,3
273,495,3,3
273,496,3,3
273,497,3,3
273,498,3,3
273,499,3,3
273,500,3,3
273,501,3,3
273,502,3,3
273,503,3,3
273,504,3,3
273,505,3,3
273,506,3,3
273,507,3,3
273,508,3,3
273,509,3,3
273,510,3,3
273,511,3,3
273,512,3,3
273,513,3,3
273,514,3,3
273,515,3,3
273,516,3,3
273,517,3,3
273,518,3,3
273,519,3,3
273,520,3,3
273,521,3,3
273,522,3,3
273,523,3,3
273,524,3,3
273,525,3,2
273,526,3,2
273,527,3,2
273,528,3,2
273,529,3,2
273,530,3,2
273,531,3,2
273,532,3,2
273,533,3,2
273,534,3,2
273,535,3,3
273,536,3,3
273,537,3,3
273,538,3,3
273,539,3,3
273,540,3,3
273,541,3,3
273,542,3,3
273,543,3,3
273,544,3,3
273,545,3,3
273,546,3,3
273,547,3,3
273,548,3,3
273,549,3,3
273,550,3,3
273,551,3,3
273,552,3,3
273,553,3,3
273,554,3,3
273,555,3,3
273,556,3,3
273,557,3,3
273,558,3,3
273,559,3,3
273,560,3,3
273,561,3,3
273,562,3,3
273,563,3,3
273,564,3,3
273,565,3,3
273,566,3,3
273,567,3,3
273,568,3,3
273,569,3,3
273,570,3,3
273,571,3,3
273,572,3,3
273,573,3,2
273,574,3,2
273,575,3,2
273,576,3,2
273,577,3,2
273,578,3,2
273,579,3,2
273,580,3,2
273,581,3,2
273,582,3,2
273,583,3,2
273,584,3,2
273,585,3,2
273,586,3,2
273,587,3,2
273,588,3,2
273,589,3,2
273,590,3,2
273,591,3,2
273,592,3,2
273,593,3,2
273,594,3,2
273,595,3,2
273,596,3,2
273,597,3,2
273,598,3,2
273,599,3,2
273,600,3,2
273,601,3,2
273,602,3,2
273,603,3,2
273,604,3,2
273,605,3,2
273,606,3,2
273,607,3,2
273,608,3,2
273,609,3,2
273,610,3,2
273,611,3,2
273,612,3,2
273,613,3,2
273,614,3,2
273,615,3,2
273,616,3,2
273,617,3,2
273,618,3,2
273,619,3,2
273,620,3,3
273,621,3,3
273,622,3,3
273,623,3,3
273,624,3,3
273,625,3,3
273,626,3,3
273,627,3,3
273,628,3,3
273,629,3,3
273,630,3,3
273,631,3,3
273,632,3,3
273,633,3,3
273,634,3,3
273,635,3,3
273,636,3,3
273,637,3,3
273,638,3,3
273,639,3,3
273,640,3,3
273,641,3,3
273,642,3,3
273,643,3,3
273,644,3,2
273,645,3,2
273,646,3,2
273,647,3,2
273,648,3,2
273,649,3,2
273,650,3,2
273,651,3,2
273,652,3,2
273,653,3,3
273,654,3,3
273,655,3,2
273,656,3,3
273,657,3,3
273,658,3,3
273,659,3,3
273,660,3,3
273,661,3,3
273,662,3,3
273,663,3,3
273,664,3,3
273,665,3,3
273,666,3,3
273,667,3,3
273,668,3,2
273,669,3,2
273,670,3,2
273,671,3,2
273,672,3,2
273,673,3,2
273,674,3,2
273,675,3,3
273,676,3,3
273,677,3,3
273,678,3,3
273,679,3,3
273,680,3,3
273,681,3,2
273,682,3,2
273,683,3,2
273,684,3,2
273,685,3,2
273,686,3,2
273,687,3,2
273,688,3,2
273,689,3,2
273,690,3,2
273,691,3,2
273,692,3,2
273,693,3,2
274,107,3,2
274,108,3,2
274,109,3,2
274,110,3,2
274,111,3,2
274,112,3,2
274,113,3,2
274,114,3,2
274,115,3,2
274,116,3,2
274,117,3,2
274,118,3,2
274,119,3,2
274,120,3,2
274,121,3,2
274,122,3,2
274,123,3,2
274,124,3,2
274,125,3,2
274,126,3,2
274,127,3,2
274,128,3,2
274,129,3,2
274,130,3,2
274,131,3,2
274,132,3,2
274,133,3,2
274,134,3,2
274,135,3,2
274,136,3,2
274,137,3,2
274,138,3,2
274,139,3,2
274,140,3,2
274,141,3,2
274,142,3,2
274,143,3,2
274,144,3,2
274,145,3,2
274,146,3,2
274,147,3,2
274,148,3,2
274,149,3,2
274,150,3,2
274,151,3,2
274,152,3,2
274,153,3,2
274,154,3,2
274,155,3,2
274,156,3,2
274,157,3,2
274,158,3,2
274,159,3,2
274,160,3,2
274,161,3,2
274,162,3,2
274,163,3,2
274,164,3,2
274,165,3,2
274,166,3,2
274,167,3,2
274,168,3,2
274,169,3,2
274,170,3,2
274,171,3,2
274,172,3,2
274,173,3,2
274,174,3,2
274,175,3,2
274,176,3,2
274,177,3,2
274,178,3,2
274,179,3,2
274,180,3,2
274,181,3,2
274,182,3,2
274,183,3,2
274,184,3,2
274,185,3,2
274,186,3,2
274,187,3,2
274,188,3,2
274,189,3,2
274,190,3,2
274,191,3,2
274,192,3,2
274,193,3,2
274,194,3,2
274,195,3,2
274,196,3,2
274,197,3,2
274,198,3,2
274,199,3,2
274,200,3,2
274,201,3,2
274,202,3,2
274,203,3,2
274,204,3,2
274,205,3,2
274,206,3,2
274,207,3,2
274,208,3,2
274,209,3,2
274,210,3,2
274,211,3,2
274,212,3,2
274,213,3,2
274,214,3,2
274,215,3,2
274,216,3,2
274,217,3,2
274,218,3,2
274,219,3,2
274,220,3,2
274,221,3,2
274,222,3,2
274,223,3,2
274,224,3,2
274,225,3,2
274,226,3,2
274,227,3,2
274,228,3,2
274,229,3,2
274,230,3,2
274,231,3,2
274,232,3,2
274,233,3,2
274,234,3,2
274,235,3,2
274,236,3,2
274,237,3,2
274,238,3,2
274,239,3,2
274,240,3,2
274,241,3,2
274,242,3,2
274,243,3,2
274,244,3,2
274,245,3,2
274,246,3,2
274,247,3,2
274,248,3,2
274,249,3,2
274,250,3,2
274,251,3,2
274,252,3,2
274,253,3,2
274,254,3,2
274,255,3,2
274,256,3,2
274,257,3,2
274,258,3,2
274,259,3,2
274,260,3,2
274,261,3,2
274,262,3,2
274,263,3,2
274,264,3,2
274,265,3,2
274,266,3,2
274,267,3,2
274,268,3,2
274,269,3,2
274,270,3,2
274,271,3,2
274,272,3,2
274,273,3,2
274,274,3,2
274,275,3,2
274,276,3,2
274,277,3,2
274,278,3,2
274,279,3,2
274,280,3,2
274,281,3,2
274,282,3,2
274,283,3,2
274,284,3,2
274,285,3,2
274,286,3,2
274,287,3,2
274,288,3,2
274,289,3,2
274,290,3,2
274,291,3,2
274,292,3,2
274,293,3,2
274,294,3,2
274,295,3,2
274,296,3,2
274,297,3,2
274,298,3,2
274,299,3,2
274,300,3,2
274,301,3,2
274,302,3,2
274,303,3,2
274,304,3,2
274,305,3,2
274,306,3,2
274,307,3,2
274,308,3,2
274,309,3,2
274,310,3,2
274,311,3,2
274,312,3,2
274,313,3,2
274,314,3,2
274,315,3,2
274,316,3,2
274,317,3,2
274,318,3,2
274,319,3,2
274,320,3,2
274,321,3,2
274,322,3,2
274,323,3,2
274,324,3,2
274,325,3,2
274,326,3,2
274,327,3,2
274,328,3,2
274,329,3,2
274,330,3,2
274,331,3,2
274,332,3,2
274,333,3,2
274,334,3,2
274,335,3,2
274,336,3,2
274,337,3,2
274,338,3,2
274,339,3,2
274,340,3,2
274,341,3,2
274,342,3,2
274,343,3,2
274,344,3,2
274,345,3,2
274,346,3,2
274,347,3,2
274,348,3,2
274,349,3,2
274,350,3,2
274,351,3,2
274,352,3,2
274,353,3,2
274,354,3,2
274,355,3,2
274,356,3,2
274,357,3,2
274,358,3,2
274,359,3,2
274,360,3,2
274,361,3,2
274,362,3,2
274,363,3,2
274,364,3,2
274,365,3,2
274,366,3,2
274,367,3,2
274,368,3,2
274,369,3,2
274,370,3,2
274,371,3,2
274,372,3,2
274,373,3,2
274,374,3,2
274,375,3,2
274,376,3,2
274,377,3,2
274,378,3,2
274,379,3,2
274,380,3,2
274,381,3,2
274,382,3,2
274,383,3,2
274,384,3,2
274,385,3,2
274,386,3,2
274,387,3,2
274,388,3,2
274,389,3,2
274,390,3,2
274,391,3,2
274,392,3,2
274,393,3,2
274,394,3,2
274,395,3,2
274,396,3,2
274,397,3,2
274,398,3,2
274,399,3,2
274,400,3,2
274,401,3,2
274,402,3,2
274,403,3,2
274,404,3,2
274,405,3,2
274,406,3,2
274,407,3,2
274,408,3,2
274,409,3,2
274,410,3,2
274,411,3,2
274,412,3,2
274,413,3,2
274,414,3,2
274,415,3,2
274,416,3,2
274,417,3,2
274,418,3,2
274,419,3,2
274,420,3,2
274,421,3,2
274,422,3,2
274,423,3,2
274,424,3,2
274,425,3,2
274,426,3,2
274,427,3,2
274,428,3,2
274,429,3,2
274,430,3,2
274,431,3,2
274,432,3,2
274,433,3,2
274,434,3,2
274,435,3,3
274,436,3,3
274,437,3,3
274,438,3,3
274,439,3,3
274,440,3,3
274,441,3,3
274,442,3,3
274,443,3,3
274,444,3,3
274,445,3,3
274,446,3,3
274,447,3,3
274,448,3,3
274,449,3,3
274,450,3,3
274,451,3,3
274,452,3,3
274,453,3,3
274,454,3,3
274,455,3,3
274,456,3,3
274,457,3,3
274,458,3,3
274,459,3,3
274,460,3,3
274,461,3,3
274,462,3,3
274,463,3,3
274,464,3,3
274,465,3,2
274,466,3,2
274,467,3,2
274,468,3,2
274,469,3,2
274,470,3,2
274,471,3,2
274,472,3,2
274,473,3,2
274,474,3,2
274,475,3,2
274,476,3,2
274,477,3,2
274,478,3,2
274,479,3,2
274,480,3,2
274,481,3,2
274,482,3,3
274,483,3,3
274,484,3,3
274,485,3,3
274,486,3,3
274,487,3,3
274,488,3,3
274,489,3,3
274,490,3,3
274,491,3,3
274,492,3,3
274,493,3,3
274,494,3,3
274,495,3,3
274,496,3,3
274,497,3,3
274,498,3,3
274,499,3,3
274,500,3,3
274,501,3,3
274,502,3,3
274,503,3,3
274,504,3,3
274,505,3,3
274,506,3,3
274,507,3,3
274,508,3,3
274,509,3,3
274,510,3,3
274,511,3,3
274,512,3,3
274,513,3,3
274,514,3,3
274,515,3,3
274,516,3,3
274,517,3,3
274,518,3,3
274,519,3,3
274,520,3,3
274,521,3,3
274,522,3,3
274,523,3,3
274,524,3,3
274,525,3,2
274,526,3,2
274,527,3,2
274,528,3,2
274,529,3,2
274,530,3,2
274,531,3,2
274,532,3,2
274,533,3,2
274,534,3,2
274,535,3,3
274,536,3,3
274,537,3,3
274,538,3,3
274,539,3,3
274,540,3,3
274,541,3,3
274,542,3,3
274,543,3,3
274,544,3,3
274,545,3,3
274,546,3,3
274,547,3,3
274,548,3,3
274,549,3,3
274,550,3,3
274,551,3,3
274,552,3,3
274,553,3,3
274,554,3,3
274,555,3,3
274,556,3,3
274,557,3,3
274,558,3,3
274,559,3,3
274,560,3,3
274,561,3,3
274,562,3,3
274,563,3,3
274,564,3,3
274,565,3,3
274,566,3,3
274,567,3,3
274,568,3,3
274,569,3,3
274,570,3,3
274,571,3,3
274,572,3,2
274,573,3,2
274,574,3,2
274,575,3,2
274,576,3,2
274,577,3,2
274,578,3,2
274,579,3,2
274,580,3,2
274,581,3,2
274,582,3,2
274,583,3,2
274,584,3,2
274,585,3,2
274,586,3,2
274,587,3,2
274,588,3,2
274,589,3,2
274,590,3,2
274,591,3,2
274,592,3,2
274,593,3,2
274,594,3,2
274,595,3,2
274,596,3,2
274,597,3,2
274,598,3,2
274,599,3,2
274,600,3,2
274,601,3,2
274,602,3,2
274,603,3,2
274,604,3,2
274,605,3,2
274,606,3,2
274,607,3,2
274,608,3,2
274,609,3,2
274,610,3,2
274,611,3,2
274,612,3,2
274,613,3,2
274,614,3,2
274,615,3,2
274,616,3,2
274,617,3,2
274,618,3,2
274,619,3,2
274,620,3,2
274,621,3,3
274,622,3,3
274,623,3,3
274,624,3,3
274,625,3,3
274,626,3,3
274,627,3,3
274,628,3,3
274,629,3,3
274,630,3,3
274,631,3,3
274,632,3,3
274,633,3,3
274,634,3,3
274,635,3,3
274,636,3,3
274,637,3,3
274,638,3,3
274,639,3,3
274,640,3,3
274,641,3,3
274,642,3,3
274,643,3,3
274,644,3,3
274,645,3,2
274,646,3,2
274,647,3,2
274,648,3,2
274,649,3,2
274,650,3,2
274,651,3,2
274,652,3,2
274,653,3,3
274,654,3,3
274,655,3,3
274,656,3,3
274,657,3,3
274,658,3,3
274,659,3,3
274,660,3,3
274,661,3,3
274,662,3,3
274,663,3,3
274,664,3,3
274,665,3,3
274,666,3,3
274,667,3,3
274,668,3,2
274,669,3,2
274,670,3,2
274,671,3,2
274,672,3,2
274,673,3,2
274,674,3,2
274,675,3,3
274,676,3,3
274,677,3,3
274,678,3,3
274,679,3,3
274,680,3,3
274,681,3,2
274,682,3,2
274,683,3,2
274,684,3,2
274,685,3,2
274,686,3,2
274,687,3,2
274,688,3,2
274,689,3,2
274,690,3,2
274,691,3,2
274,692,3,2
274,693,3,2
275,107,3,2
275,108,3,2
275,109,3,2
275,110,3,2
275,111,3,2
275,112,3,2
275,113,3,2
275,114,3,2
275,115,3,2
275,116,3,2
275,117,3,2
275,118,3,2
275,119,3,2
275,120,3,2
275,121,3,2
275,122,3,2
275,123,3,2
275,124,3,2
275,125,3,2
275,126,3,2
275,127,3,2
275,128,3,2
275,129,3,2
275,130,3,2
275,131,3,2
275,132,3,2
275,133,3,2
275,134,3,2
275,135,3,2
275,136,3,2
275,137,3,2
275,138,3,2
275,139,3,2
275,140,3,2
275,141,3,2
275,142,3,2
275,143,3,2
275,144,3,2
275,145,3,2
275,146,3,2
275,147,3,2
275,148,3,2
275,149,3,2
275,150,3,2
275,151,3,2
275,152,3,2
275,153,3,2
275,154,3,2
275,155,3,2
275,156,3,2
275,157,3,2
275,158,3,2
275,159,3,2
275,160,3,2
275,161,3,2
275,162,3,2
275,163,3,2
275,164,3,2
275,165,3,2
275,166,3,2
275,167,3,2
275,168,3,2
275,169,3,2
275,170,3,2
275,171,3,2
275,172,3,2
275,173,3,2
275,174,3,2
275,175,3,2
275,176,3,2
275,177,3,2
275,178,3,2
275,179,3,2
275,180,3,2
275,181,3,2
275,182,3,2
275,183,3,2
275,184,3,2
275,185,3,2
275,186,3,2
275,187,3,2
275,188,3,2
275,189,3,2
275,190,3,2
275,191,3,2
275,192,3,2
275,193,3,2
275,194,3,2
275,195,3,2
275,196,3,2
275,197,3,2
275,198,3,2
275,199,3,2
275,200,3,2
275,201,3,2
275,202,3,2
275,203,3,2
275,204,3,2
275,205,3,2
275,206,3,2
275,207,3,2
275,208,3,2
275,209,3,2
275,210,3,2
275,211,3,2
275,212,3,2
275,213,3,2
275,214,3,2
275,215,3,2
275,216,3,2
275,217,3,2
275,218,3,2
275,219,3,2
275,220,3,2
275,221,3,2
275,222,3,2
275,223,3,2
275,224,3,2
275,225,3,2
275,226,3,2
275,227,3,2
275,228,3,2
275,229,3,2
275,230,3,2
275,231,3,2
275,232,3,2
275,233,3,2
275,234,3,2
275,235,3,2
275,236,3,2
275,237,3,2
275,238,3,2
275,239,3,2
275,240,3,2
275,241,3,2
275,242,3,2
275,243,3,2
275,244,3,2
275,245,3,2
275,246,3,2
275,247,3,2
275,248,3,2
275,249,3,2
275,250,3,2
275,251,3,2
275,252,3,2
275,253,3,2
275,254,3,2
275,255,3,2
275,256,3,2
275,257,3,2
275,258,3,2
275,259,3,2
275,260,3,2
275,261,3,2
275,262,3,2
275,263,3,2
275,264,3,2
275,265,3,2
275,266,3,2
275,267,3,2
275,268,3,2
275,269,3,2
275,270,3,2
275,271,3,2
275,272,3,2
275,273,3,2
275,274,3,2
275,275,3,2
275,276,3,2
275,277,3,2
275,278,3,2
275,279,3,2
275,280,3,2
275,281,3,2
275,282,3,2
275,283,3,2
275,284,3,2
275,285,3,2
275,286,3,2
275,287,3,2
275,288,3,2
275,289,3,2
275,290,3,2
275,291,3,2
275,292,3,2
275,293,3,2
275,294,3,2
275,295,3,2
275,296,3,2
275,297,3,2
275,298,3,2
275,299,3,2
275,300,3,2
275,301,3,2
275,302,3,2
275,303,3,2
275,304,3,2
275,305,3,2
275,306,3,2
275,307,3,2
275,308,3,2
275,309,3,2
275,310,3,2
275,311,3,2
275,312,3,2
275,313,3,2
275,314,3,2
275,315,3,2
275,316,3,2
275,317,3,2
275,318,3,2
275,319,3,2
275,320,3,2
275,321,3,2
275,322,3,2
275,323,3,2
275,324,3,2
275,325,3,2
275,326,3,2
275,327,3,2
275,328,3,2
275,329,3,2
275,330,3,2
275,331,3,2
275,332,3,2
275,333,3,2
275,334,3,2
275,335,3,2
275,336,3,2
275,337,3,2
275,338,3,2
275,339,3,2
275,340,3,2
275,341,3,2
275,342,3,2
275,343,3,2
275,344,3,2
275,345,3,2
275,346,3,2
275,347,3,2
275,348,3,2
275,349,3,2
275,350,3,2
275,351,3,2
275,352,3,2
275,353,3,2
275,354,3,2
275,355,3,2
275,356,3,2
275,357,3,2
275,358,3,2
275,359,3,2
275,360,3,2
275,361,3,2
275,362,3,2
275,363,3,2
275,364,3,2
275,365,3,2
275,366,3,2
275,367,3,2
275,368,3,2
275,369,3,2
275,370,3,2
275,371,3,2
275,372,3,2
275,373,3,2
275,374,3,2
275,375,3,2
275,376,3,2
275,377,3,2
275,378,3,2
275,379,3,2
275,380,3,2
275,381,3,2
275,382,3,2
275,383,3,2
275,384,3,2
275,385,3,2
275,386,3,2
275,387,3,2
275,388,3,2
275,389,3,2
275,390,3,2
275,391,3,2
275,392,3,2
275,393,3,2
275,394,3,2
275,395,3,2
275,396,3,2
275,397,3,2
275,398,3,2
275,399,3,2
275,400,3,2
275,401,3,2
275,402,3,2
275,403,3,2
275,404,3,2
275,405,3,2
275,406,3,2
275,407,3,2
275,408,3,2
275,409,3,2
275,410,3,2
275,411,3,2
275,412,3,2
275,413,3,2
275,414,3,2
275,415,3,2
275,416,3,2
275,417,3,2
275,418,3,2
275,419,3,2
275,420,3,2
275,421,3,2
275,422,3,2
275,423,3,2
275,424,3,2
275,425,3,2
275,426,3,2
275,427,3,2
275,428,3,2
275,429,3,2
275,430,3,2
275,431,3,2
275,432,3,2
275,433,3,2
275,434,3,3
275,435,3,3
275,436,3,3
275,437,3,3
275,438,3,3
275,439,3,3
275,440,3,3
275,441,3,3
275,442,3,3
275,443,3,3
275,444,3,3
275,445,3,3
275,446,3,3
275,447,3,3
275,448,3,3
275,449,3,3
275,450,3,3
275,451,3,3
275,452,3,3
275,453,3,3
275,454,3,3
275,455,3,3
275,456,3,3
275,457,3,3
275,458,3,3
275,459,3,3
275,460,3,3
275,461,3,3
275,462,3,3
275,463,3,3
275,464,3,3
275,465,3,2
275,466,3,2
275,467,3,2
275,468,3,2
275,469,3,2
275,470,3,2
275,471,3,2
275,472,3,2
275,473,3,2
275,474,3,2
275,475,3,2
275,476,3,2
275,477,3,2
275,478,3,2
275,479,3,2
275,480,3,2
275,481,3,2
275,482,3,3
275,483,3,3
275,484,3,3
275,485,3,3
275,486,3,3
275,487,3,3
275,488,3,3
275,489,3,3
275,490,3,3
275,491,3,3
275,492,3,3
275,493,3,3
275,494,3,3
275,495,3,3
275,496,3,3
275,497,3,3
275,498,3,3
275,499,3,3
275,500,3,3
275,501,3,3
275,502,3,3
275,503,3,3
275,504,3,3
275,505,3,3
275,506,3,3
275,507,3,3
275,508,3,3
275,509,3,3
275,510,3,3
275,511,3,3
275,512,3,3
275,513,3,3
275,514,3,3
275,515,3,3
275,516,3,3
275,517,3,3
275,518,3,3
275,519,3,3
275,520,3,3
275,521,3,3
275,522,3,3
275,523,3,3
275,524,3,2
275,525,3,2
275,526,3,2
275,527,3,2
275,528,3,2
275,529,3,2
275,530,3,2
275,531,3,2
275,532,3,2
275,533,3,2
275,534,3,2
275,535,3,3
275,536,3,3
275,537,3,3
275,538,3,3
275,539,3,3
275,540,3,3
275,541,3,3
275,542,3,3
275,543,3,3
275,544,3,3
275,545,3,3
275,546,3,3
275,547,3,3
275,548,3,3
275,549,3,3
275,550,3,3
275,551,3,3
275,552,3,3
275,553,3,3
275,554,3,3
275,555,3,3
275,556,3,3
275,557,3,3
275,558,3,3
275,559,3,3
275,560,3,3
275,561,3,3
275,562,3,3
275,563,3,3
275,564,3,3
275,565,3,3
275,566,3,3
275,567,3,3
275,568,3,3
275,569,3,3
275,570,3,3
275,571,3,3
275,572,3,2
275,573,3,2
275,574,3,2
275,575,3,2
275,576,3,2
275,577,3,2
275,578,3,2
275,579,3,2
275,580,3,2
275,581,3,2
275,582,3,2
275,583,3,2
275,584,3,2
275,585,3,2
275,586,3,2
275,587,3,2
275,588,3,2
275,589,3,2
275,590,3,2
275,591,3,2
275,592,3,2
275,593,3,2
275,594,3,2
275,595,3,2
275,596,3,2
275,597,3,2
275,598,3,2
275,599,3,2
275,600,3,2
275,601,3,2
275,602,3,2
275,603,3,2
275,604,3,2
275,605,3,2
275,606,3,2
275,607,3,2
275,608,3,2
275,609,3,2
275,610,3,2
275,611,3,2
275,612,3,2
275,613,3,2
275,614,3,2
275,615,3,2
275,616,3,2
275,617,3,2
275,618,3,2
275,619,3,2
275,620,3,2
275,621,3,3
275,622,3,3
275,623,3,3
275,624,3,3
275,625,3,3
275,626,3,3
275,627,3,3
275,628,3,3
275,629,3,3
275,630,3,3
275,631,3,3
275,632,3,3
275,633,3,3
275,634,3,3
275,635,3,3
275,636,3,3
275,637,3,3
275,638,3,3
275,639,3,3
275,640,3,3
275,641,3,3
275,642,3,3
275,643,3,3
275,644,3,3
275,645,3,3
275,646,3,2
275,647,3,2
275,648,3,2
275,649,3,2
275,650,3,2
275,651,3,2
275,652,3,2
275,653,3,3
275,654,3,3
275,655,3,3
275,656,3,3
275,657,3,3
275,658,3,3
275,659,3,3
275,660,3,3
275,661,3,3
275,662,3,3
275,663,3,3
275,664,3,3
275,665,3,3
275,666,3,3
275,667,3,3
275,668,3,2
275,669,3,2
275,670,3,2
275,671,3,2
275,672,3,2
275,673,3,2
275,674,3,2
275,675,3,2
275,676,3,3
275,677,3,3
275,678,3,3
275,679,3,3
275,680,3,3
275,681,3,2
275,682,3,2
275,683,3,2
275,684,3,2
275,685,3,2
275,686,3,2
275,687,3,2
275,688,3,2
275,689,3,2
275,690,3,2
275,691,3,2
275,692,3,2
275,693,3,2
276,106,3,2
276,107,3,2
276,108,3,2
276,109,3,2
276,110,3,2
276,111,3,2
276,112,3,2
276,113,3,2
276,114,3,2
276,115,3,2
276,116,3,2
276,117,3,2
276,118,3,2
276,119,3,2
276,120,3,2
276,121,3,2
276,122,3,2
276,123,3,2
276,124,3,2
276,125,3,2
276,126,3,2
276,127,3,2
276,128,3,2
276,129,3,2
276,130,3,2
276,131,3,2
276,132,3,2
276,133,3,2
276,134,3,2
276,135,3,2
276,136,3,2
276,137,3,2
276,138,3,2
276,139,3,2
276,140,3,2
276,141,3,2
276,142,3,2
276,143,3,2
276,144,3,2
276,145,3,2
276,146,3,2
276,147,3,2
276,148,3,2
276,149,3,2
276,150,3,2
276,151,3,2
276,152,3,2
276,153,3,2
276,154,3,2
276,155,3,2
276,156,3,2
276,157,3,2
276,158,3,2
276,159,3,2
276,160,3,2
276,161,3,2
276,162,3,2
276,163,3,2
276,164,3,2
276,165,3,2
276,166,3,2
276,167,3,2
276,168,3,2
276,169,3,2
276,170,3,2
276,171,3,2
276,172,3,2
276,173,3,2
276,174,3,2
276,175,3,2
276,176,3,2
276,177,3,2
276,178,3,2
276,179,3,2
276,180,3,2
276,181,3,2
276,182,3,2
276,183,3,2
276,184,3,2
276,185,3,2
276,186,3,2
276,187,3,2
276,188,3,2
276,189,3,2
276,190,3,2
276,191,3,2
276,192,3,2
276,193,3,2
276,194,3,2
276,195,3,2
276,196,3,2
276,197,3,2
276,198,3,2
276,199,3,2
276,200,3,2
276,201,3,2
276,202,3,2
276,203,3,2
276,204,3,2
276,205,3,2
276,206,3,2
276,207,3,2
276,208,3,2
276,209,3,2
276,210,3,2
276,211,3,2
276,212,3,2
276,213,3,2
276,214,3,2
276,215,3,2
276,216,3,2
276,217,3,2
276,218,3,2
276,219,3,2
276,220,3,2
276,221,3,2
276,222,3,2
276,223,3,2
276,224,3,2
276,225,3,2
276,226,3,2
276,227,3,2
276,228,3,2
276,229,3,2
276,230,3,2
276,231,3,2
276,232,3,2
276,233,3,2
276,234,3,2
276,235,3,2
276,236,3,2
276,237,3,2
276,238,3,2
276,239,3,2
276,240,3,2
276,241,3,2
276,242,3,2
276,243,3,2
276,244,3,2
276,245,3,2
276,246,3,2
276,247,3,2
276,248,3,2
276,249,3,2
276,250,3,2
276,251,3,2
276,252,3,2
276,253,3,2
276,254,3,2
276,255,3,2
276,256,3,2
276,257,3,2
276,258,3,2
276,259,3,2
276,260,3,2
276,261,3,2
276,262,3,2
276,263,3,2
276,264,3,2
276,265,3,2
276,266,3,2
276,267,3,2
276,268,3,2
276,269,3,2
276,270,3,2
276,271,3,2
276,272,3,2
276,273,3,2
276,274,3,2
276,275,3,2
276,276,3,2
276,277,3,2
276,278,3,2
276,279,3,2
276,280,3,2
276,281,3,2
276,282,3,2
276,283,3,2
276,284,3,2
276,285,3,2
276,286,3,2
276,287,3,2
276,288,3,2
276,289,3,2
276,290,3,2
276,291,3,2
276,292,3,2
276,293,3,2
276,294,3,2
276,295,3,2
276,296,3,2
276,297,3,2
276,298,3,2
276,299,3,2
276,300,3,2
276,301,3,2
276,302,3,2
276,303,3,2
276,304,3,2
276,305,3,2
276,306,3,2
276,307,3,2
276,308,3,2
276,309,3,2
276,310,3,2
276,311,3,2
276,312,3,2
276,313,3,2
276,314,3,2
276,315,3,2
276,316,3,2
276,317,3,2
276,318,3,2
276,319,3,2
276,320,3,2
276,321,3,2
276,322,3,2
276,323,3,2
276,324,3,2
276,325,3,2
276,326,3,2
276,327,3,2
276,328,3,2
276,329,3,2
276,330,3,2
276,331,3,2
276,332,3,2
276,333,3,2
276,334,3,2
276,335,3,2
276,336,3,2
276,337,3,2
276,338,3,2
276,339,3,2
276,340,3,2
276,341,3,2
276,342,3,2
276,343,3,2
276,344,3,2
276,345,3,2
276,346,3,2
276,347,3,2
276,348,3,2
276,349,3,2
276,350,3,2
276,351,3,2
276,352,3,2
276,353,3,2
276,354,3,2
276,355,3,2
276,356,3,2
276,357,3,2
276,358,3,2
276,359,3,2
276,360,3,2
276,361,3,2
276,362,3,2
276,363,3,2
276,364,3,2
276,365,3,2
276,366,3,2
276,367,3,2
276,368,3,2
276,369,3,2
276,370,3,2
276,371,3,2
276,372,3,2
276,373,3,2
276,374,3,2
276,375,3,2
276,376,3,2
276,377,3,2
276,378,3,2
276,379,3,2
276,380,3,2
276,381,3,2
276,382,3,2
276,383,3,2
276,384,3,2
276,385,3,2
276,386,3,2
276,387,3,2
276,388,3,2
276,389,3,2
276,390,3,2
276,391,3,2
276,392,3,2
276,393,3,2
276,394,3,2
276,395,3,2
276,396,3,2
276,397,3,2
276,398,3,2
276,399,3,2
276,400,3,2
276,401,3,2
276,402,3,2
276,403,3,2
276,404,3,2
276,405,3,2
276,406,3,2
276,407,3,2
276,408,3,2
276,409,3,2
276,410,3,2
276,411,3,2
276,412,3,2
276,413,3,2
276,414,3,2
276,415,3,2
276,416,3,2
276,417,3,2
276,418,3,2
276,419,3,2
276,420,3,2
276,421,3,2
276,422,3,2
276,423,3,2
276,424,3,2
276,425,3,2
276,426,3,2
276,427,3,2
276,428,3,2
276,429,3,2
276,430,3,2
276,431,3,2
276,432,3,2
276,433,3,3
276,434,3,3
276,435,3,3
276,436,3,3
276,437,3,3
276,438,3,3
276,439,3,3
276,440,3,3
276,441,3,3
276,442,3,3
276,443,3,3
276,444,3,3
276,445,3,3
276,446,3,3
276,447,3,3
276,448,3,3
276,449,3,3
276,450,3,3
276,451,3,3
276,452,3,3
276,453,3,3
276,454,3,3
276,455,3,3
276,456,3,3
276,457,3,3
276,458,3,3
276,459,3,3
276,460,3,3
276,461,3,3
276,462,3,3
276,463,3,3
276,464,3,3
276,465,3,3
276,466,3,2
276,467,3,2
276,468,3,2
276,469,3,2
276,470,3,2
276,471,3,2
276,472,3,2
276,473,3,2
276,474,3,2
276,475,3,2
276,476,3,2
276,477,3,2
276,478,3,2
276,479,3,2
276,480,3,2
276,481,3,2
276,482,3,3
276,483,3,3
276,484,3,3
276,485,3,3
276,486,3,3
276,487,3,3
276,488,3,3
276,489,3,3
276,490,3,3
276,491,3,3
276,492,3,3
276,493,3,3
276,494,3,3
276,495,3,3
276,496,3,3
276,497,3,3
276,498,3,3
276,499,3,3
276,500,3,3
276,501,3,3
276,502,3,3
276,503,3,3
276,504,3,3
276,505,3,3
276,506,3,3
276,507,3,3
276,508,3,3
276,509,3,3
276,510,3,3
276,511,3,3
276,512,3,3
276,513,3,3
276,514,3,3
276,515,3,3
276,516,3,3
276,517,3,3
276,518,3,3
276,519,3,3
276,520,3,3
276,521,3,3
276,522,3,3
276,523,3,3
276,524,3,2
276,525,3,2
276,526,3,2
276,527,3,2
276,528,3,2
276,529,3,2
276,530,3,2
276,531,3,2
276,532,3,2
276,533,3,2
276,534,3,2
276,535,3,3
276,536,3,3
276,537,3,3
276,538,3,3
276,539,3,3
276,540,3,3
276,541,3,3
276,542,3,3
276,543,3,3
276,544,3,3
276,545,3,3
276,546,3,3
276,547,3,3
276,548,3,3
276,549,3,3
276,550,3,3
276,551,3,3
276,552,3,3
276,553,3,3
276,554,3,3
276,555,3,3
276,556,3,3
276,557,3,3
276,558,3,3
276,559,3,3
276,560,3,3
276,561,3,3
276,562,3,3
276,563,3,3
276,564,3,3
276,565,3,3
276,566,3,3
276,567,3,3
276,568,3,3
276,569,3,3
276,570,3,3
276,571,3,2
276,572,3,2
276,573,3,2
276,574,3,2
276,575,3,2
276,576,3,2
276,577,3,2
276,578,3,2
276,579,3,2
276,580,3,2
276,581,3,2
276,582,3,2
276,583,3,2
276,584,3,2
276,585,3,2
276,586,3,2
276,587,3,2
276,588,3,2
276,589,3,2
276,590,3,2
276,591,3,2
276,592,3,2
276,593,3,2
276,594,3,2
276,595,3,2
276,596,3,2
276,597,3,2
276,598,3,2
276,599,3,2
276,600,3,2
276,601,3,2
276,602,3,2
276,603,3,2
276,604,3,2
276,605,3,2
276,606,3,2
276,607,3,2
276,608,3,2
276,609,3,2
276,610,3,2
276,611,3,2
276,612,3,2
276,613,3,2
276,614,3,2
276,615,3,2
276,616,3,2
276,617,3,2
276,618,3,2
276,619,3,2
276,620,3,2
276,621,3,3
276,622,3,3
276,623,3,3
276,624,3,3
276,625,3,3
276,626,3,3
276,627,3,3
276,628,3,3
276,629,3,3
276,630,3,3
276,631,3,3
276,632,3,3
276,633,3,3
276,634,3,3
276,635,3,3
276,636,3,3
276,637,3,3
276,638,3,3
276,639,3,3
276,640,3,3
276,641,3,3
276,642,3,3
276,643,3,3
276,644,3,3
276,645,3,3
276,646,3,3
276,647,3,3
276,648,3,3
276,649,3,2
276,650,3,2
276,651,3,2
276,652,3,2
276,653,3,2
276,654,3,2
276,655,3,3
276,656,3,3
276,657,3,3
276,658,3,3
276,659,3,3
276,660,3,3
276,661,3,3
276,662,3,3
276,663,3,3
276,664,3,3
276,665,3,3
276,666,3,3
276,667,3,3
276,668,3,2
276,669,3,2
276,670,3,2
276,671,3,2
276,672,3,2
276,673,3,2
276,674,3,2
276,675,3,2
276,676,3,2
276,677,3,3
276,678,3,3
276,679,3,2
276,680,3,2
276,681,3,2
276,682,3,2
276,683,3,2
276,684,3,2
276,685,3,2
276,686,3,2
276,687,3,2
276,688,3,2
276,689,3,2
276,690,3,2
276,691,3,2
276,692,3,2
276,693,3,2
276,694,3,2
277,107,3,2
277,108,3,2
277,109,3,2
277,110,3,2
277,111,3,2
277,112,3,2
277,113,3,2
277,114,3,2
277,115,3,2
277,116,3,2
277,117,3,2
277,118,3,2
277,119,3,2
277,120,3,2
277,121,3,2
277,122,3,2
277,123,3,2
277,124,3,2
277,125,3,2
277,126,3,2
277,127,3,2
277,128,3,2
277,129,3,2
277,130,3,2
277,131,3,2
277,132,3,2
277,133,3,2
277,134,3,2
277,135,3,2
277,136,3,2
277,137,3,2
277,138,3,2
277,139,3,2
277,140,3,2
277,141,3,2
277,142,3,2
277,143,3,2
277,144,3,2
277,145,3,2
277,146,3,2
277,147,3,2
277,148,3,2
277,149,3,2
277,150,3,2
277,151,3,2
277,152,3,2
277,153,3,2
277,154,3,2
277,155,3,2
277,156,3,2
277,157,3,2
277,158,3,2
277,159,3,2
277,160,3,2
277,161,3,2
277,162,3,2
277,163,3,2
277,164,3,2
277,165,3,2
277,166,3,2
277,167,3,2
277,168,3,2
277,169,3,2
277,170,3,2
277,171,3,2
277,172,3,2
277,173,3,2
277,174,3,2
277,175,3,2
277,176,3,2
277,177,3,2
277,178,3,2
277,179,3,2
277,180,3,2
277,181,3,2
277,182,3,2
277,183,3,2
277,184,3,2
277,185,3,2
277,186,3,2
277,187,3,2
277,188,3,2
277,189,3,2
277,190,3,2
277,191,3,2
277,192,3,2
277,193,3,2
277,194,3,2
277,195,3,2
277,196,3,2
277,197,3,2
277,198,3,2
277,199,3,2
277,200,3,2
277,201,3,2
277,202,3,2
277,203,3,2
277,204,3,2
277,205,3,2
277,206,3,2
277,207,3,2
277,208,3,2
277,209,3,2
277,210,3,2
277,211,3,2
277,212,3,2
277,213,3,2
277,214,3,2
277,215,3,2
277,216,3,2
277,217,3,2
277,218,3,2
277,219,3,2
277,220,3,2
277,221,3,2
277,222,3,2
277,223,3,2
277,224,3,2
277,225,3,2
277,226,3,2
277,227,3,2
277,228,3,2
277,229,3,2
277,230,3,2
277,231,3,2
277,232,3,2
277,233,3,2
277,234,3,2
277,235,3,2
277,236,3,2
277,237,3,2
277,238,3,2
277,239,3,2
277,240,3,2
277,241,3,2
277,242,3,2
277,243,3,2
277,244,3,2
277,245,3,2
277,246,3,2
277,247,3,2
277,248,3,2
277,249,3,2
277,250,3,2
277,251,3,2
277,252,3,2
277,253,3,2
277,254,3,2
277,255,3,2
277,256,3,2
277,257,3,2
277,258,3,2
277,259,3,2
277,260,3,2
277,261,3,2
277,262,3,2
277,263,3,2
277,264,3,2
277,265,3,2
277,266,3,2
277,267,3,2
277,268,3,2
277,269,3,2
277,270,3,2
277,271,3,2
277,272,3,2
277,273,3,2
277,274,3,2
277,275,3,2
277,276,3,2
277,277,3,2
277,278,3,2
277,279,3,2
277,280,3,2
277,281,3,2
277,282,3,2
277,283,3,2
277,284,3,2
277,285,3,2
277,286,3,2
277,287,3,2
277,288,3,2
277,289,3,2
277,290,3,2
277,291,3,2
277,292,3,2
277,293,3,2
277,294,3,2
277,295,3,2
277,296,3,2
277,297,3,2
277,298,3,2
277,299,3,2
277,300,3,2
277,301,3,2
277,302,3,2
277,303,3,2
277,304,3,2
277,305,3,2
277,306,3,2
277,307,3,2
277,308,3,2
277,309,3,2
277,310,3,2
277,311,3,2
277,312,3,2
277,313,3,2
277,314,3,2
277,315,3,2
277,316,3,2
277,317,3,2
277,318,3,2
277,319,3,2
277,320,3,2
277,321,3,2
277,322,3,2
277,323,3,2
277,324,3,2
277,325,3,2
277,326,3,2
277,327,3,2
277,328,3,2
277,329,3,2
277,330,3,2
277,331,3,2
277,332,3,2
277,333,3,2
277,334,3,2
277,335,3,2
277,336,3,2
277,337,3,2
277,338,3,2
277,339,3,2
277,340,3,2
277,341,3,2
277,342,3,2
277,343,3,2
277,344,3,2
277,345,3,2
277,346,3,2
277,347,3,2
277,348,3,2
277,349,3,2
277,350,3,2
277,351,3,2
277,352,3,2
277,353,3,2
277,354,3,2
277,355,3,2
277,356,3,2
277,357,3,2
277,358,3,2
277,359,3,2
277,360,3,2
277,361,3,2
277,362,3,2
277,363,3,2
277,364,3,2
277,365,3,2
277,366,3,2
277,367,3,2
277,368,3,2
277,369,3,2
277,370,3,2
277,371,3,2
277,372,3,2
277,373,3,2
277,374,3,2
277,375,3,2
277,376,3,2
277,377,3,2
277,378,3,2
277,379,3,2
277,380,3,2
277,381,3,2
277,382,3,2
277,383,3,2
277,384,3,2
277,385,3,2
277,386,3,2
277,387,3,2
277,388,3,2
277,389,3,2
277,390,3,2
277,391,3,2
277,392,3,2
277,393,3,2
277,394,3,2
277,395,3,2
277,396,3,2
277,397,3,2
277,398,3,2
277,399,3,2
277,400,3,2
277,401,3,2
277,402,3,2
277,403,3,2
277,404,3,2
277,405,3,2
277,406,3,2
277,407,3,2
277,408,3,2
277,409,3,2
277,410,3,2
277,411,3,2
277,412,3,2
277,413,3,2
277,414,3,2
277,415,3,2
277,416,3,2
277,417,3,2
277,418,3,2
277,419,3,2
277,420,3,2
277,421,3,2
277,422,3,2
277,423,3,2
277,424,3,2
277,425,3,2
277,426,3,2
277,427,3,2
277,428,3,2
277,429,3,2
277,430,3,2
277,431,3,2
277,432,3,2
277,433,3,3
277,434,3,3
277,435,3,3
277,436,3,3
277,437,3,3
277,438,3,3
277,439,3,3
277,440,3,3
277,441,3,3
277,442,3,3
277,443,3,3
277,444,3,3
277,445,3,3
277,446,3,3
277,447,3,3
277,448,3,3
277,449,3,3
277,450,3,3
277,451,3,3
277,452,3,3
277,453,3,3
277,454,3,3
277,455,3,3
277,456,3,3
277,457,3,3
277,458,3,3
277,459,3,3
277,460,3,3
277,461,3,3
277,462,3,3
277,463,3,3
277,464,3,3
277,465,3,3
277,466,3,2
277,467,3,2
277,468,3,2
277,469,3,2
277,470,3,2
277,471,3,2
277,472,3,2
277,473,3,2
277,474,3,2
277,475,3,2
277,476,3,2
277,477,3,2
277,478,3,2
277,479,3,2
277,480,3,2
277,481,3,3
277,482,3,3
277,483,3,3
277,484,3,3
277,485,3,3
277,486,3,3
277,487,3,3
277,488,3,3
277,489,3,3
277,490,3,3
277,491,3,3
277,492,3,3
277,493,3,3
277,494,3,3
277,495,3,3
277,496,3,3
277,497,3,3
277,498,3,3
277,499,3,3
277,500,3,3
277,501,3,3
277,502,3,3
277,503,3,3
277,504,3,3
277,505,3,3
277,506,3,3
277,507,3,3
277,508,3,3
277,509,3,3
277,510,3,3
277,511,3,3
277,512,3,3
277,513,3,3
277,514,3,3
277,515,3,3
277,516,3,3
277,517,3,3
277,518,3,3
277,519,3,3
277,520,3,3
277,521,3,3
277,522,3,3
277,523,3,2
277,524,3,2
277,525,3,2
277,526,3,2
277,527,3,2
277,528,3,2
277,529,3,2
277,530,3,2
277,531,3,2
277,532,3,2
277,533,3,2
277,534,3,2
277,535,3,3
277,536,3,3
277,537,3,3
277,538,3,3
277,539,3,3
277,540,3,3
277,541,3,3
277,542,3,3
277,543,3,3
277,544,3,3
277,545,3,3
277,546,3,3
277,547,3,3
277,548,3,3
277,549,3,3
277,550,3,3
277,551,3,3
277,552,3,3
277,553,3,3
277,554,3,3
277,555,3,3
277,556,3,3
277,557,3,3
277,558,3,3
277,559,3,3
277,560,3,3
277,561,3,3
277,562,3,3
277,563,3,3
277,564,3,3
277,565,3,3
277,566,3,3
277,567,3,3
277,568,3,3
277,569,3,3
277,570,3,3
277,571,3,2
277,572,3,2
277,573,3,2
277,574,3,2
277,575,3,2
277,576,3,2
277,577,3,2
277,578,3,2
277,579,3,2
277,580,3,2
277,581,3,2
277,582,3,2
277,583,3,2
277,584,3,2
277,585,3,2
277,586,3,2
277,587,3,2
277,588,3,2
277,589,3,2
277,590,3,2
277,591,3,2
277,592,3,2
277,593,3,2
277,594,3,2
277,595,3,2
277,596,3,2
277,597,3,2
277,598,3,2
277,599,3,2
277,600,3,2
277,601,3,2
277,602,3,2
277,603,3,2
277,604,3,2
277,605,3,2
277,606,3,2
277,607,3,2
277,608,3,2
277,609,3,2
277,610,3,2
277,611,3,2
277,612,3,2
277,613,3,2
277,614,3,2
277,615,3,2
277,616,3,2
277,617,3,2
277,618,3,2
277,619,3,3
277,620,3,3
277,621,3,3
277,622,3,3
277,623,3,3
277,624,3,3
277,625,3,3
277,626,3,3
277,627,3,3
277,628,3,3
277,629,3,3
277,630,3,3
277,631,3,3
277,632,3,3
277,633,3,3
277,634,3,3
277,635,3,3
277,636,3,3
277,637,3,3
277,638,3,3
277,639,3,3
277,640,3,3
277,641,3,3
277,642,3,3
277,643,3,3
277,644,3,3
277,645,3,3
277,646,3,3
277,647,3,3
277,648,3,3
277,649,3,3
277,650,3,3
277,651,3,3
277,652,3,2
277,653,3,3
277,654,3,3
277,655,3,3
277,656,3,3
277,657,3,3
277,658,3,3
277,659,3,3
277,660,3,3
277,661,3,3
277,662,3,3
277,663,3,3
277,664,3,3
277,665,3,3
277,666,3,3
277,667,3,3
277,668,3,3
277,669,3,3
277,670,3,2
277,671,3,2
277,672,3,2
277,673,3,2
277,674,3,2
277,675,3,2
277,676,3,2
277,677,3,2
277,678,3,2
277,679,3,2
277,680,3,2
277,681,3,2
277,682,3,2
277,683,3,2
277,684,3,2
277,685,3,2
277,686,3,2
277,687,3,2
277,688,3,2
277,689,3,2
277,690,3,2
277,691,3,2
277,692,3,2
277,693,3,2
278,106,3,2
278,107,3,2
278,108,3,2
278,109,3,2
278,110,3,2
278,111,3,2
278,112,3,2
278,113,3,2
278,114,3,2
278,115,3,2
278,116,3,2
278,117,3,2
278,118,3,2
278,119,3,2
278,120,3,2
278,121,3,2
278,122,3,2
278,123,3,2
278,124,3,2
278,125,3,2
278,126,3,2
278,127,3,2
278,128,3,2
278,129,3,2
278,130,3,2
278,131,3,2
278,132,3,2
278,133,3,2
278,134,3,2
278,135,3,2
278,136,3,2
278,137,3,2
278,138,3,2
278,139,3,2
278,140,3,2
278,141,3,2
278,142,3,2
278,143,3,2
278,144,3,2
278,145,3,2
278,146,3,2
278,147,3,2
278,148,3,2
278,149,3,2
278,150,3,2
278,151,3,2
278,152,3,2
278,153,3,2
278,154,3,2
278,155,3,2
278,156,3,2
278,157,3,2
278,158,3,2
278,159,3,2
278,160,3,2
278,161,3,2
278,162,3,2
278,163,3,2
278,164,3,2
278,165,3,2
278,166,3,2
278,167,3,2
278,168,3,2
278,169,3,2
278,170,3,2
278,171,3,2
278,172,3,2
278,173,3,2
278,174,3,2
278,175,3,2
278,176,3,2
278,177,3,2
278,178,3,2
278,179,3,2
278,180,3,2
278,181,3,2
278,182,3,2
278,183,3,2
278,184,3,2
278,185,3,2
278,186,3,2
278,187,3,2
278,188,3,2
278,189,3,2
278,190,3,2
278,191,3,2
278,192,3,2
278,193,3,2
278,194,3,2
278,195,3,2
278,196,3,2
278,197,3,2
278,198,3,2
278,199,3,2
278,200,3,2
278,201,3,2
278,202,3,2
278,203,3,2
278,204,3,2
278,205,3,2
278,206,3,2
278,207,3,2
278,208,3,2
278,209,3,2
278,210,3,2
278,211,3,2
278,212,3,2
278,213,3,2
278,214,3,2
278,215,3,2
278,216,3,2
278,217,3,2
278,218,3,2
278,219,3,2
278,220,3,2
278,221,3,2
278,222,3,2
278,223,3,2
278,224,3,2
278,225,3,2
278,226,3,2
278,227,3,2
278,228,3,2
278,229,3,2
278,230,3,2
278,231,3,2
278,232,3,2
278,233,3,2
278,234,3,2
278,235,3,2
278,236,3,2
278,237,3,2
278,238,3,2
278,239,3,2
278,240,3,2
278,241,3,2
278,242,3,2
278,243,3,2
278,244,3,2
278,245,3,2
278,246,3,2
278,247,3,2
278,248,3,2
278,249,3,2
278,250,3,2
278,251,3,2
278,252,3,2
278,253,3,2
278,254,3,2
278,255,3,2
278,256,3,2
278,257,3,2
278,258,3,2
278,259,3,2
278,260,3,2
278,261,3,2
278,262,3,2
278,263,3,2
278,264,3,2
278,265,3,2
278,266,3,2
278,267,3,2
278,268,3,2
278,269,3,2
278,270,3,2
278,271,3,2
278,272,3,2
278,273,3,2
278,274,3,2
278,275,3,2
278,276,3,2
278,277,3,2
278,278,3,2
278,279,3,2
278,280,3,2
278,281,3,2
278,282,3,2
278,283,3,2
278,284,3,2
278,285,3,2
278,286,3,2
278,287,3,2
278,288,3,2
278,289,3,2
278,290,3,2
278,291,3,2
278,292,3,2
278,293,3,2
278,294,3,2
278,295,3,2
278,296,3,2
278,297,3,2
278,298,3,2
278,299,3,2
278,300,3,2
278,301,3,2
278,302,3,2
278,303,3,2
278,304,3,2
278,305,3,2
278,306,3,2
278,307,3,2
278,308,3,2
278,309,3,2
278,310,3,2
278,311,3,2
278,312,3,2
278,313,3,2
278,314,3,2
278,315,3,2
278,316,3,2
278,317,3,2
278,318,3,2
278,319,3,2
278,320,3,2
278,321,3,2
278,322,3,2
278,323,3,2
278,324,3,2
278,325,3,2
278,326,3,2
278,327,3,2
278,328,3,2
278,329,3,2
278,330,3,2
278,331,3,2
278,332,3,2
278,333,3,2
278,334,3,2
278,335,3,2
278,336,3,2
278,337,3,2
278,338,3,2
278,339,3,2
278,340,3,2
278,341,3,2
278,342,3,2
278,343,3,2
278,344,3,2
278,345,3,2
278,346,3,2
278,347,3,2
278,348,3,2
278,349,3,2
278,350,3,2
278,351,3,2
278,352,3,2
278,353,3,2
278,354,3,2
278,355,3,2
278,356,3,2
278,357,3,2
278,358,3,2
278,359,3,2
278,360,3,2
278,361,3,2
278,362,3,2
278,363,3,2
278,364,3,2
278,365,3,2
278,366,3,2
278,367,3,2
278,368,3,2
278,369,3,2
278,370,3,2
278,371,3,2
278,372,3,2
278,373,3,2
278,374,3,2
278,375,3,2
278,376,3,2
278,377,3,2
278,378,3,2
278,379,3,2
278,380,3,2
278,381,3,2
278,382,3,2
278,383,3,2
278,384,3,2
278,385,3,2
278,386,3,2
278,387,3,2
278,388,3,2
278,389,3,2
278,390,3,2
278,391,3,2
278,392,3,2
278,393,3,2
278,394,3,2
278,395,3,2
278,396,3,2
278,397,3,2
278,398,3,2
278,399,3,2
278,400,3,2
278,401,3,2
278,402,3,2
278,403,3,2
278,404,3,2
278,405,3,2
278,406,3,2
278,407,3,2
278,408,3,2
278,409,3,2
278,410,3,2
278,411,3,2
278,412,3,2
278,413,3,2
278,414,3,2
278,415,3,2
278,416,3,2
278,417,3,2
278,418,3,2
278,419,3,2
278,420,3,2
278,421,3,2
278,422,3,2
278,423,3,2
278,424,3,2
278,425,3,2
278,426,3,2
278,427,3,2
278,428,3,2
278,429,3,2
278,430,3,2
278,431,3,2
278,432,3,3
278,433,3,3
278,434,3,3
278,435,3,3
278,436,3,3
278,437,3,3
278,438,3,3
278,439,3,3
278,440,3,3
278,441,3,3
278,442,3,3
278,443,3,3
278,444,3,3
278,445,3,3
278,446,3,3
278,447,3,3
278,448,3,3
278,449,3,3
278,450,3,3
278,451,3,3
278,452,3,3
278,453,3,3
278,454,3,3
278,455,3,3
278,456,3,3
278,457,3,3
278,458,3,3
278,459,3,3
278,460,3,3
278,461,3,3
278,462,3,3
278,463,3,3
278,464,3,3
278,465,3,3
278,466,3,2
278,467,3,2
278,468,3,2
278,469,3,2
278,470,3,2
278,471,3,2
278,472,3,2
278,473,3,2
278,474,3,2
278,475,3,2
278,476,3,2
278,477,3,2
278,478,3,2
278,479,3,2
278,480,3,2
278,481,3,3
278,482,3,3
278,483,3,3
278,484,3,3
278,485,3,3
278,486,3,3
278,487,3,3
278,488,3,3
278,489,3,3
278,490,3,3
278,491,3,3
278,492,3,3
278,493,3,3
278,494,3,3
278,495,3,3
278,496,3,3
278,497,3,3
278,498,3,3
278,499,3,3
278,500,3,3
278,501,3,3
278,502,3,3
278,503,3,3
278,504,3,3
278,505,3,3
278,506,3,3
278,507,3,3
278,508,3,3
278,509,3,3
278,510,3,3
278,511,3,3
278,512,3,3
278,513,3,3
278,514,3,3
278,515,3,3
278,516,3,3
278,517,3,3
278,518,3,3
278,519,3,3
278,520,3,3
278,521,3,3
278,522,3,3
278,523,3,2
278,524,3,2
278,525,3,2
278,526,3,2
278,527,3,2
278,528,3,2
278,529,3,2
278,530,3,2
278,531,3,2
278,532,3,2
278,533,3,2
278,534,3,2
278,535,3,3
278,536,3,3
278,537,3,3
278,538,3,3
278,539,3,3
278,540,3,3
278,541,3,3
278,542,3,3
278,543,3,3
278,544,3,3
278,545,3,3
278,546,3,3
278,547,3,3
278,548,3,3
278,549,3,3
278,550,3,3
278,551,3,3
278,552,3,3
278,553,3,3
278,554,3,3
278,555,3,3
278,556,3,3
278,557,3,3
278,558,3,3
278,559,3,3
278,560,3,3
278,561,3,3
278,562,3,3
278,563,3,3
278,564,3,3
278,565,3,3
278,566,3,3
278,567,3,3
278,568,3,3
278,569,3,3
278,570,3,3
278,571,3,2
278,572,3,2
278,573,3,2
278,574,3,2
278,575,3,2
278,576,3,2
278,577,3,2
278,578,3,2
278,579,3,2
278,580,3,2
278,581,3,2
278,582,3,2
278,583,3,2
278,584,3,2
278,585,3,2
278,586,3,2
278,587,3,2
278,588,3,2
278,589,3,2
278,590,3,2
278,591,3,2
278,592,3,2
278,593,3,2
278,594,3,2
278,595,3,2
278,596,3,2
278,597,3,2
278,598,3,2
278,599,3,2
278,600,3,2
278,601,3,2
278,602,3,2
278,603,3,2
278,604,3,2
278,605,3,2
278,606,3,2
278,607,3,2
278,608,3,2
278,609,3,2
278,610,3,2
278,611,3,2
278,612,3,2
278,613,3,2
278,614,3,2
278,615,3,2
278,616,3,2
278,617,3,2
278,618,3,2
278,619,3,3
278,620,3,3
278,621,3,3
278,622,3,3
278,623,3,3
278,624,3,3
278,625,3,3
278,626,3,3
278,627,3,3
278,628,3,3
278,629,3,3
278,630,3,3
278,631,3,3
278,632,3,3
278,633,3,3
278,634,3,3
278,635,3,3
278,636,3,3
278,637,3,3
278,638,3,3
278,639,3,3
278,640,3,3
278,641,3,3
278,642,3,3
278,643,3,3
278,644,3,3
278,645,3,3
278,646,3,3
278,647,3,3
278,648,3,3
278,649,3,3
278,650,3,3
278,651,3,3
278,652,3,3
278,653,3,3
278,654,3,3
278,655,3,3
278,656,3,3
278,657,3,3
278,658,3,3
278,659,3,3
278,660,3,3
278,661,3,3
278,662,3,3
278,663,3,3
278,664,3,3
278,665,3,3
278,666,3,3
278,667,3,3
278,668,3,3
278,669,3,3
278,670,3,2
278,671,3,2
278,672,3,2
278,673,3,2
278,674,3,2
278,675,3,2
278,676,3,2
278,677,3,2
278,678,3,2
278,679,3,2
278,680,3,2
278,681,3,2
278,682,3,2
278,683,3,2
278,684,3,2
278,685,3,2
278,686,3,2
278,687,3,2
278,688,3,2
278,689,3,2
278,690,3,2
278,691,3,2
278,692,3,2
278,693,3,2
278,694,3,2
278,695,3,2
279,106,3,2
279,107,3,2
279,108,3,2
279,109,3,2
279,110,3,2
279,111,3,2
279,112,3,2
279,113,3,2
279,114,3,2
279,115,3,2
279,116,3,2
279,117,3,2
279,118,3,2
279,119,3,2
279,120,3,2
279,121,3,2
279,122,3,2
279,123,3,2
279,124,3,2
279,125,3,2
279,126,3,2
279,127,3,2
279,128,3,2
279,129,3,2
279,130,3,2
279,131,3,2
279,132,3,2
279,133,3,2
279,134,3,2
279,135,3,2
279,136,3,2
279,137,3,2
279,138,3,2
279,139,3,2
279,140,3,2
279,141,3,2
279,142,3,2
279,143,3,2
279,144,3,2
279,145,3,2
279,146,3,2
279,147,3,2
279,148,3,2
279,149,3,2
279,150,3,2
279,151,3,2
279,152,3,2
279,153,3,2
279,154,3,2
279,155,3,2
279,156,3,2
279,157,3,2
279,158,3,2
279,159,3,2
279,160,3,2
279,161,3,2
279,162,3,2
279,163,3,2
279,164,3,2
279,165,3,2
279,166,3,2
279,167,3,2
279,168,3,2
279,169,3,2
279,170,3,2
279,171,3,2
279,172,3,2
279,173,3,2
279,174,3,2
279,175,3,2
279,176,3,2
279,177,3,2
279,178,3,2
279,179,3,2
279,180,3,2
279,181,3,2
279,182,3,2
279,183,3,2
279,184,3,2
279,185,3,2
279,186,3,2
279,187,3,2
279,188,3,2
279,189,3,2
279,190,3,2
279,191,3,2
279,192,3,2
279,193,3,2
279,194,3,2
279,195,3,2
279,196,3,2
279,197,3,2
279,198,3,2
279,199,3,2
279,200,3,2
279,201,3,2
279,202,3,2
279,203,3,2
279,204,3,2
279,205,3,2
279,206,3,2
279,207,3,2
279,208,3,2
279,209,3,2
279,210,3,2
279,211,3,2
279,212,3,2
279,213,3,2
279,214,3,2
279,215,3,2
279,216,3,2
279,217,3,2
279,218,3,2
279,219,3,2
279,220,3,2
279,221,3,2
279,222,3,2
279,223,3,2
279,224,3,2
279,225,3,2
279,226,3,2
279,227,3,2
279,228,3,2
279,229,3,2
279,230,3,2
279,231,3,2
279,232,3,2
279,233,3,2
279,234,3,2
279,235,3,2
279,236,3,2
279,237,3,2
279,238,3,2
279,239,3,2
279,240,3,2
279,241,3,2
279,242,3,2
279,243,3,2
279,244,3,2
279,245,3,2
279,246,3,2
279,247,3,2
279,248,3,2
279,249,3,2
279,250,3,2
279,251,3,2
279,252,3,2
279,253,3,2
279,254,3,2
279,255,3,2
279,256,3,2
279,257,3,2
279,258,3,2
279,259,3,2
279,260,3,2
279,261,3,2
279,262,3,2
279,263,3,2
279,264,3,2
279,265,3,2
279,266,3,2
279,267,3,2
279,268,3,2
279,269,3,2
279,270,3,2
279,271,3,2
279,272,3,2
279,273,3,2
279,274,3,2
279,275,3,2
279,276,3,2
279,277,3,2
279,278,3,2
279,279,3,2
279,280,3,2
279,281,3,2
279,282,3,2
279,283,3,2
279,284,3,2
279,285,3,2
279,286,3,2
279,287,3,2
279,288,3,2
279,289,3,2
279,290,3,2
279,291,3,2
279,292,3,2
279,293,3,2
279,294,3,2
279,295,3,2
279,296,3,2
279,297,3,2
279,298,3,2
279,299,3,2
279,300,3,2
279,301,3,2
279,302,3,2
279,303,3,2
279,304,3,2
279,305,3,2
279,306,3,2
279,307,3,2
279,308,3,2
279,309,3,2
279,310,3,2
279,311,3,2
279,312,3,2
279,313,3,2
279,314,3,2
279,315,3,2
279,316,3,2
279,317,3,2
279,318,3,2
279,319,3,2
279,320,3,2
279,321,3,2
279,322,3,2
279,323,3,2
279,324,3,2
279,325,3,2
279,326,3,2
279,327,3,2
279,328,3,2
279,329,3,2
279,330,3,2
279,331,3,2
279,332,3,2
279,333,3,2
279,334,3,2
279,335,3,2
279,336,3,2
279,337,3,2
279,338,3,2
279,339,3,2
279,340,3,2
279,341,3,2
279,342,3,2
279,343,3,2
279,344,3,2
279,345,3,2
279,346,3,2
279,347,3,2
279,348,3,2
279,349,3,2
279,350,3,2
279,351,3,2
279,352,3,2
279,353,3,2
279,354,3,2
279,355,3,2
279,356,3,2
279,357,3,2
279,358,3,2
279,359,3,2
279,360,3,2
279,361,3,2
279,362,3,2
279,363,3,2
279,364,3,2
279,365,3,2
279,366,3,2
279,367,3,2
279,368,3,2
279,369,3,2
279,370,3,2
279,371,3,2
279,372,3,2
279,373,3,2
279,374,3,2
279,375,3,2
279,376,3,2
279,377,3,2
279,378,3,2
279,379,3,2
279,380,3,2
279,381,3,2
279,382,3,2
279,383,3,2
279,384,3,2
279,385,3,2
279,386,3,2
279,387,3,2
279,388,3,2
279,389,3,2
279,390,3,2
279,391,3,2
279,392,3,2
279,393,3,2
279,394,3,2
279,395,3,2
279,396,3,2
279,397,3,2
279,398,3,2
279,399,3,2
279,400,3,2
279,401,3,2
279,402,3,2
279,403,3,2
279,404,3,2
279,405,3,2
279,406,3,2
279,407,3,2
279,408,3,2
279,409,3,2
279,410,3,2
279,411,3,2
279,412,3,2
279,413,3,2
279,414,3,2
279,415,3,2
279,416,3,2
279,417,3,2
279,418,3,2
279,419,3,2
279,420,3,2
279,421,3,2
279,422,3,2
279,423,3,2
279,424,3,2
279,425,3,2
279,426,3,2
279,427,3,2
279,428,3,2
279,429,3,2
279,430,3,2
279,431,3,2
279,432,3,3
279,433,3,3
279,434,3,3
279,435,3,3
279,436,3,3
279,437,3,3
279,438,3,3
279,439,3,3
279,440,3,3
279,441,3,3
279,442,3,3
279,443,3,3
279,444,3,3
279,445,3,3
279,446,3,3
279,447,3,3
279,448,3,3
279,449,3,3
279,450,3,3
279,451,3,3
279,452,3,3
279,453,3,3
279,454,3,3
279,455,3,3
279,456,3,3
279,457,3,3
279,458,3,3
279,459,3,3
279,460,3,3
279,461,3,3
279,462,3,3
279,463,3,3
279,464,3,3
279,465,3,3
279,466,3,2
279,467,3,2
279,468,3,2
279,469,3,2
279,470,3,2
279,471,3,2
279,472,3,2
279,473,3,2
279,474,3,2
279,475,3,2
279,476,3,2
279,477,3,2
279,478,3,2
279,479,3,2
279,480,3,2
279,481,3,3
279,482,3,3
279,483,3,3
279,484,3,3
279,485,3,3
279,486,3,3
279,487,3,3
279,488,3,3
279,489,3,3
279,490,3,3
279,491,3,3
279,492,3,3
279,493,3,3
279,494,3,3
279,495,3,3
279,496,3,3
279,497,3,3
279,498,3,3
279,499,3,3
279,500,3,3
279,501,3,3
279,502,3,3
279,503,3,3
279,504,3,3
279,505,3,3
279,506,3,3
279,507,3,3
279,508,3,3
279,509,3,3
279,510,3,3
279,511,3,3
279,512,3,3
279,513,3,3
279,514,3,3
279,515,3,3
279,516,3,3
279,517,3,3
279,518,3,3
279,519,3,3
279,520,3,3
279,521,3,3
279,522,3,3
279,523,3,2
279,524,3,2
279,525,3,2
279,526,3,2
279,527,3,2
279,528,3,2
279,529,3,2
279,530,3,2
279,531,3,2
279,532,3,2
279,533,3,2
279,534,3,3
279,535,3,3
279,536,3,3
279,537,3,3
279,538,3,3
279,539,3,3
279,540,3,3
279,541,3,3
279,542,3,3
279,543,3,3
279,544,3,3
279,545,3,3
279,546,3,3
279,547,3,3
279,548,3,3
279,549,3,3
279,550,3,3
279,551,3,3
279,552,3,3
279,553,3,3
279,554,3,3
279,555,3,3
279,556,3,3
279,557,3,3
279,558,3,3
279,559,3,3
279,560,3,3
279,561,3,3
279,562,3,3
279,563,3,3
279,564,3,3
279,565,3,3
279,566,3,3
279,567,3,3
279,568,3,3
279,569,3,3
279,570,3,2
279,571,3,2
279,572,3,2
279,573,3,2
279,574,3,2
279,575,3,2
279,576,3,2
279,577,3,2
279,578,3,2
279,579,3,2
279,580,3,2
279,581,3,2
279,582,3,2
279,583,3,2
279,584,3,2
279,585,3,2
279,586,3,2
279,587,3,2
279,588,3,2
279,589,3,2
279,590,3,2
279,591,3,2
279,592,3,2
279,593,3,2
279,594,3,2
279,595,3,2
279,596,3,2
279,597,3,2
279,598,3,2
279,599,3,2
279,600,3,2
279,601,3,2
279,602,3,2
279,603,3,2
279,604,3,2
279,605,3,2
279,606,3,2
279,607,3,2
279,608,3,2
279,609,3,2
279,610,3,2
279,611,3,2
279,612,3,2
279,613,3,2
279,614,3,2
279,615,3,2
279,616,3,2
279,617,3,3
279,618,3,3
279,619,3,3
279,620,3,3
279,621,3,3
279,622,3,3
279,623,3,3
279,624,3,3
279,625,3,3
279,626,3,3
279,627,3,3
279,628,3,3
279,629,3,3
279,630,3,3
279,631,3,3
279,632,3,3
279,633,3,3
279,634,3,3
279,635,3,3
279,636,3,3
279,637,3,3
279,638,3,3
279,639,3,3
279,640,3,3
279,641,3,3
279,642,3,3
279,643,3,3
279,644,3,3
279,645,3,3
279,646,3,3
279,647,3,3
279,648,3,3
279,649,3,3
279,650,3,3
279,651,3,3
279,652,3,3
279,653,3,3
279,654,3,3
279,655,3,3
279,656,3,3
279,657,3,3
279,658,3,3
279,659,3,3
279,660,3,3
279,661,3,3
279,662,3,3
279,663,3,3
279,664,3,3
279,665,3,3
279,666,3,3
279,667,3,3
279,668,3,3
279,669,3,3
279,670,3,3
279,671,3,3
279,672,3,2
279,673,3,2
279,674,3,2
279,675,3,2
279,676,3,2
279,677,3,2
279,678,3,2
279,679,3,2
279,680,3,2
279,681,3,2
279,682,3,2
279,683,3,2
279,684,3,2
279,685,3,2
279,686,3,2
279,687,3,2
279,688,3,2
279,689,3,2
279,690,3,2
279,691,3,2
279,692,3,2
279,693,3,2
279,694,3,2
279,695,3,2
280,106,3,2
280,107,3,2
280,108,3,2
280,109,3,2
280,110,3,2
280,111,3,2
280,112,3,2
280,113,3,2
280,114,3,2
280,115,3,2
280,116,3,2
280,117,3,2
280,118,3,2
280,119,3,2
280,120,3,2
280,121,3,2
280,122,3,2
280,123,3,2
280,124,3,2
280,125,3,2
280,126,3,2
280,127,3,2
280,128,3,2
280,129,3,2
280,130,3,2
280,131,3,2
280,132,3,2
280,133,3,2
280,134,3,2
280,135,3,2
280,136,3,2
280,137,3,2
280,138,3,2
280,139,3,2
280,140,3,2
280,141,3,2
280,142,3,2
280,143,3,2
280,144,3,2
280,145,3,2
280,146,3,2
280,147,3,2
280,148,3,2
280,149,3,2
280,150,3,2
280,151,3,2
280,152,3,2
280,153,3,2
280,154,3,2
280,155,3,2
280,156,3,2
280,157,3,2
280,158,3,2
280,159,3,2
280,160,3,2
280,161,3,2
280,162,3,2
280,163,3,2
280,164,3,2
280,165,3,2
280,166,3,2
280,167,3,2
280,168,3,2
280,169,3,2
280,170,3,2
280,171,3,2
280,172,3,2
280,173,3,2
280,174,3,2
280,175,3,2
280,176,3,2
280,177,3,2
280,178,3,2
280,179,3,2
280,180,3,2
280,181,3,2
280,182,3,2
280,183,3,2
280,184,3,2
280,185,3,2
280,186,3,2
280,187,3,2
280,188,3,2
280,189,3,2
280,190,3,2
280,191,3,2
280,192,3,2
280,193,3,2
280,194,3,2
280,195,3,2
280,196,3,2
280,197,3,2
280,198,3,2
280,199,3,2
280,200,3,2
280,201,3,2
280,202,3,2
280,203,3,2
280,204,3,2
280,205,3,2
280,206,3,2
280,207,3,2
280,208,3,2
280,209,3,2
280,210,3,2
280,211,3,2
280,212,3,2
280,213,3,2
280,214,3,2
280,215,3,2
280,216,3,2
280,217,3,2
280,218,3,2
280,219,3,2
280,220,3,2
280,221,3,2
280,222,3,2
280,223,3,2
280,224,3,2
280,225,3,2
280,226,3,2
280,227,3,2
280,228,3,2
280,229,3,2
280,230,3,2
280,231,3,2
280,232,3,2
280,233,3,2
280,234,3,2
280,235,3,2
280,236,3,2
280,237,3,2
280,238,3,2
280,239,3,2
280,240,3,2
280,241,3,2
280,242,3,2
280,243,3,2
280,244,3,2
280,245,3,2
280,246,3,2
280,247,3,2
280,248,3,2
280,249,3,2
280,250,3,2
280,251,3,2
280,252,3,2
280,253,3,2
280,254,3,2
280,255,3,2
280,256,3,2
280,257,3,2
280,258,3,2
280,259,3,2
280,260,3,2
280,261,3,2
280,262,3,2
280,263,3,2
280,264,3,2
280,265,3,2
280,266,3,2
280,267,3,2
280,268,3,2
280,269,3,2
280,270,3,2
280,271,3,2
280,272,3,2
280,273,3,2
280,274,3,2
280,275,3,2
280,276,3,2
280,277,3,2
280,278,3,2
280,279,3,2
280,280,3,2
280,281,3,2
280,282,3,2
280,283,3,2
280,284,3,2
280,285,3,2
280,286,3,2
280,287,3,2
280,288,3,2
280,289,3,2
280,290,3,2
280,291,3,2
280,292,3,2
280,293,3,2
280,294,3,2
280,295,3,2
280,296,3,2
280,297,3,2
280,298,3,2
280,299,3,2
280,300,3,2
280,301,3,2
280,302,3,2
280,303,3,2
280,304,3,2
280,305,3,2
280,306,3,2
280,307,3,2
280,308,3,2
280,309,3,2
280,310,3,2
280,311,3,2
280,312,3,2
280,313,3,2
280,314,3,2
280,315,3,2
280,316,3,2
280,317,3,2
280,318,3,2
280,319,3,2
280,320,3,2
280,321,3,2
280,322,3,2
280,323,3,2
280,324,3,2
280,325,3,2
280,326,3,2
280,327,3,2
280,328,3,2
280,329,3,2
280,330,3,2
280,331,3,2
280,332,3,2
280,333,3,2
280,334,3,2
280,335,3,2
280,336,3,2
280,337,3,2
280,338,3,2
280,339,3,2
280,340,3,2
280,341,3,2
280,342,3,2
280,343,3,2
280,344,3,2
280,345,3,2
280,346,3,2
280,347,3,2
280,348,3,2
280,349,3,2
280,350,3,2
280,351,3,2
280,352,3,2
280,353,3,2
280,354,3,2
280,355,3,2
280,356,3,2
280,357,3,2
280,358,3,2
280,359,3,2
280,360,3,2
280,361,3,2
280,362,3,2
280,363,3,2
280,364,3,2
280,365,3,2
280,366,3,2
280,367,3,2
280,368,3,2
280,369,3,2
280,370,3,2
280,371,3,2
280,372,3,2
280,373,3,2
280,374,3,2
280,375,3,2
280,376,3,2
280,377,3,2
280,378,3,2
280,379,3,2
280,380,3,2
280,381,3,2
280,382,3,2
280,383,3,2
280,384,3,2
280,385,3,2
280,386,3,2
280,387,3,2
280,388,3,2
280,389,3,2
280,390,3,2
280,391,3,2
280,392,3,2
280,393,3,2
280,394,3,2
280,395,3,2
280,396,3,2
280,397,3,2
280,398,3,2
280,399,3,2
280,400,3,2
280,401,3,2
280,402,3,2
280,403,3,2
280,404,3,2
280,405,3,2
280,406,3,2
280,407,3,2
280,408,3,2
280,409,3,2
280,410,3,2
280,411,3,2
280,412,3,2
280,413,3,2
280,414,3,2
280,415,3,2
280,416,3,2
280,417,3,2
280,418,3,2
280,419,3,2
280,420,3,2
280,421,3,2
280,422,3,2
280,423,3,2
280,424,3,2
280,425,3,2
280,426,3,2
280,427,3,2
280,428,3,2
280,429,3,2
280,430,3,2
280,431,3,3
280,432,3,3
280,433,3,3
280,434,3,3
280,435,3,3
280,436,3,3
280,437,3,3
280,438,3,3
280,439,3,3
280,440,3,3
280,441,3,3
280,442,3,3
280,443,3,3
280,444,3,3
280,445,3,3
280,446,3,3
280,447,3,3
280,448,3,3
280,449,3,3
280,450,3,3
280,451,3,3
280,452,3,3
280,453,3,3
280,454,3,3
280,455,3,3
280,456,3,3
280,457,3,3
280,458,3,3
280,459,3,3
280,460,3,3
280,461,3,3
280,462,3,3
280,463,3,3
280,464,3,3
280,465,3,3
280,466,3,2
280,467,3,2
280,468,3,2
280,469,3,2
280,470,3,2
280,471,3,2
280,472,3,2
280,473,3,2
280,474,3,2
280,475,3,2
280,476,3,2
280,477,3,2
280,478,3,2
280,479,3,2
280,480,3,2
280,481,3,3
280,482,3,3
280,483,3,3
280,484,3,3
280,485,3,3
280,486,3,3
280,487,3,3
280,488,3,3
280,489,3,3
280,490,3,3
280,491,3,3
280,492,3,3
280,493,3,3
280,494,3,3
280,495,3,3
280,496,3,3
280,497,3,3
280,498,3,3
280,499,3,3
280,500,3,3
280,501,3,3
280,502,3,3
280,503,3,3
280,504,3,3
280,505,3,3
280,506,3,3
280,507,3,3
280,508,3,3
280,509,3,3
280,510,3,3
280,511,3,3
280,512,3,3
280,513,3,3
280,514,3,3
280,515,3,3
280,516,3,3
280,517,3,3
280,518,3,3
280,519,3,3
280,520,3,3
280,521,3,3
280,522,3,3
280,523,3,2
280,524,3,2
280,525,3,2
280,526,3,2
280,527,3,2
280,528,3,2
280,529,3,2
280,530,3,2
280,531,3,2
280,532,3,2
280,533,3,2
280,534,3,2
280,535,3,3
280,536,3,3
280,537,3,3
280,538,3,3
280,539,3,3
280,540,3,3
280,541,3,3
280,542,3,3
280,543,3,3
280,544,3,3
280,545,3,3
280,546,3,3
280,547,3,3
280,548,3,3
280,549,3,3
280,550,3,3
280,551,3,3
280,552,3,3
280,553,3,3
280,554,3,3
280,555,3,3
280,556,3,3
280,557,3,3
280,558,3,3
280,559,3,3
280,560,3,3
280,561,3,3
280,562,3,3
280,563,3,3
280,564,3,3
280,565,3,3
280,566,3,3
280,567,3,3
280,568,3,3
280,569,3,3
280,570,3,2
280,571,3,2
280,572,3,2
280,573,3,2
280,574,3,2
280,575,3,2
280,576,3,2
280,577,3,2
280,578,3,2
280,579,3,2
280,580,3,2
280,581,3,2
280,582,3,2
280,583,3,2
280,584,3,2
280,585,3,2
280,586,3,2
280,587,3,2
280,588,3,2
280,589,3,2
280,590,3,2
280,591,3,2
280,592,3,2
280,593,3,2
280,594,3,2
280,595,3,2
280,596,3,2
280,597,3,2
280,598,3,2
280,599,3,2
280,600,3,2
280,601,3,2
280,602,3,2
280,603,3,2
280,604,3,2
280,605,3,2
280,606,3,2
280,607,3,2
280,608,3,2
280,609,3,2
280,610,3,2
280,611,3,2
280,612,3,2
280,613,3,2
280,614,3,2
280,615,3,2
280,616,3,2
280,617,3,3
280,618,3,3
280,619,3,3
280,620,3,3
280,621,3,3
280,622,3,3
280,623,3,3
280,624,3,3
280,625,3,3
280,626,3,3
280,627,3,3
280,628,3,3
280,629,3,3
280,630,3,3
280,631,3,3
280,632,3,3
280,633,3,3
280,634,3,3
280,635,3,3
280,636,3,3
280,637,3,3
280,638,3,3
280,639,3,3
280,640,3,3
280,641,3,3
280,642,3,3
280,643,3,3
280,644,3,3
280,645,3,3
280,646,3,3
280,647,3,3
280,648,3,3
280,649,3,3
280,650,3,3
280,651,3,3
280,652,3,3
280,653,3,3
280,654,3,3
280,655,3,3
280,656,3,3
280,657,3,3
280,658,3,3
280,659,3,3
280,660,3,3
280,661,3,3
280,662,3,3
280,663,3,3
280,664,3,3
280,665,3,3
280,666,3,3
280,667,3,3
280,668,3,3
280,669,3,3
280,670,3,3
280,671,3,3
280,672,3,2
280,673,3,2
280,674,3,2
280,675,3,2
280,676,3,2
280,677,3,2
280,678,3,2
280,679,3,2
280,680,3,2
280,681,3,2
280,682,3,2
280,683,3,2
280,684,3,2
280,685,3,2
280,686,3,2
280,687,3,2
280,688,3,2
280,689,3,2
280,690,3,2
280,691,3,2
280,692,3,2
280,693,3,2
280,694,3,2
280,695,3,2
280,696,3,2
281,105,3,2
281,106,3,2
281,107,3,2
281,108,3,2
281,109,3,2
281,110,3,2
281,111,3,2
281,112,3,2
281,113,3,2
281,114,3,2
281,115,3,2
281,116,3,2
281,117,3,2
281,118,3,2
281,119,3,2
281,120,3,2
281,121,3,2
281,122,3,2
281,123,3,2
281,124,3,2
281,125,3,2
281,126,3,2
281,127,3,2
281,128,3,2
281,129,3,2
281,130,3,2
281,131,3,2
281,132,3,2
281,133,3,2
281,134,3,2
281,135,3,2
281,136,3,2
281,137,3,2
281,138,3,2
281,139,3,2
281,140,3,2
281,141,3,2
281,142,3,2
281,143,3,2
281,144,3,2
281,145,3,2
281,146,3,2
281,147,3,2
281,148,3,2
281,149,3,2
281,150,3,2
281,151,3,2
281,152,3,2
281,153,3,2
281,154,3,2
281,155,3,2
281,156,3,2
281,157,3,2
281,158,3,2
281,159,3,2
281,160,3,2
281,161,3,2
281,162,3,2
281,163,3,2
281,164,3,2
281,165,3,2
281,166,3,2
281,167,3,2
281,168,3,2
281,169,3,2
281,170,3,2
281,171,3,2
281,172,3,2
281,173,3,2
281,174,3,2
281,175,3,2
281,176,3,2
281,177,3,2
281,178,3,2
281,179,3,2
281,180,3,2
281,181,3,2
281,182,3,2
281,183,3,2
281,184,3,2
281,185,3,2
281,186,3,2
281,187,3,2
281,188,3,2
281,189,3,2
281,190,3,2
281,191,3,2
281,192,3,2
281,193,3,2
281,194,3,2
281,195,3,2
281,196,3,2
281,197,3,2
281,198,3,2
281,199,3,2
281,200,3,2
281,201,3,2
281,202,3,2
281,203,3,2
281,204,3,2
281,205,3,2
281,206,3,2
281,207,3,2
281,208,3,2
281,209,3,2
281,210,3,2
281,211,3,2
281,212,3,2
281,213,3,2
281,214,3,2
281,215,3,2
281,216,3,2
281,217,3,2
281,218,3,2
281,219,3,2
281,220,3,2
281,221,3,2
281,222,3,2
281,223,3,2
281,224,3,2
281,225,3,2
281,226,3,2
281,227,3,2
281,228,3,2
281,229,3,2
281,230,3,2
281,231,3,2
281,232,3,2
281,233,3,2
281,234,3,2
281,235,3,2
281,236,3,2
281,237,3,2
281,238,3,2
281,239,3,2
281,240,3,2
281,241,3,2
281,242,3,2
281,243,3,2
281,244,3,2
281,245,3,2
281,246,3,2
281,247,3,2
281,248,3,2
281,249,3,2
281,250,3,2
281,251,3,2
281,252,3,2
281,253,3,2
281,254,3,2
281,255,3,2
281,256,3,2
281,257,3,2
281,258,3,2
281,259,3,2
281,260,3,2
281,261,3,2
281,262,3,2
281,263,3,2
281,264,3,2
281,265,3,2
281,266,3,2
281,267,3,2
281,268,3,2
281,269,3,2
281,270,3,2
281,271,3,2
281,272,3,2
281,273,3,2
281,274,3,2
281,275,3,2
281,276,3,2
281,277,3,2
281,278,3,2
281,279,3,2
281,280,3,2
281,281,3,2
281,282,3,2
281,283,3,2
281,284,3,2
281,285,3,2
281,286,3,2
281,287,3,2
281,288,3,2
281,289,3,2
281,290,3,2
281,291,3,2
281,292,3,2
281,293,3,2
281,294,3,2
281,295,3,2
281,296,3,2
281,297,3,2
281,298,3,2
281,299,3,2
281,300,3,2
281,301,3,2
281,302,3,2
281,303,3,2
281,304,3,2
281,305,3,2
281,306,3,2
281,307,3,2
281,308,3,2
281,309,3,2
281,310,3,2
281,311,3,2
281,312,3,2
281,313,3,2
281,314,3,2
281,315,3,2
281,316,3,2
281,317,3,2
281,318,3,2
281,319,3,2
281,320,3,2
281,321,3,2
281,322,3,2
281,323,3,2
281,324,3,2
281,325,3,2
281,326,3,2
281,327,3,2
281,328,3,2
281,329,3,2
281,330,3,2
281,331,3,2
281,332,3,2
281,333,3,2
281,334,3,2
281,335,3,2
281,336,3,2
281,337,3,2
281,338,3,2
281,339,3,2
281,340,3,2
281,341,3,2
281,342,3,2
281,343,3,2
281,344,3,2
281,345,3,2
281,346,3,2
281,347,3,2
281,348,3,2
281,349,3,2
281,350,3,2
281,351,3,2
281,352,3,2
281,353,3,2
281,354,3,2
281,355,3,2
281,356,3,2
281,357,3,2
281,358,3,2
281,359,3,2
281,360,3,2
281,361,3,2
281,362,3,2
281,363,3,2
281,364,3,2
281,365,3,2
281,366,3,2
281,367,3,2
281,368,3,2
281,369,3,2
281,370,3,2
281,371,3,2
281,372,3,2
281,373,3,2
281,374,3,2
281,375,3,2
281,376,3,2
281,377,3,2
281,378,3,2
281,379,3,2
281,380,3,2
281,381,3,2
281,382,3,2
281,383,3,2
281,384,3,2
281,385,3,2
281,386,3,2
281,387,3,2
281,388,3,2
281,389,3,2
281,390,3,2
281,391,3,2
281,392,3,2
281,393,3,2
281,394,3,2
281,395,3,2
281,396,3,2
281,397,3,2
281,398,3,2
281,399,3,2
281,400,3,2
281,401,3,2
281,402,3,2
281,403,3,2
281,404,3,2
281,405,3,2
281,406,3,2
281,407,3,2
281,408,3,2
281,409,3,2
281,410,3,2
281,411,3,2
281,412,3,2
281,413,3,2
281,414,3,2
281,415,3,2
281,416,3,2
281,417,3,2
281,418,3,2
281,419,3,2
281,420,3,2
281,421,3,2
281,422,3,2
281,423,3,2
281,424,3,2
281,425,3,2
281,426,3,2
281,427,3,2
281,428,3,2
281,429,3,2
281,430,3,3
281,431,3,3
281,432,3,3
281,433,3,3
281,434,3,3
281,435,3,3
281,436,3,3
281,437,3,3
281,438,3,3
281,439,3,3
281,440,3,3
281,441,3,3
281,442,3,3
281,443,3,3
281,444,3,3
281,445,3,3
281,446,3,3
281,447,3,3
281,448,3,3
281,449,3,3
281,450,3,3
281,451,3,3
281,452,3,3
281,453,3,3
281,454,3,3
281,455,3,3
281,456,3,3
281,457,3,3
281,458,3,3
281,459,3,3
281,460,3,3
281,461,3,3
281,462,3,3
281,463,3,3
281,464,3,3
281,465,3,3
281,466,3,3
281,467,3,2
281,468,3,2
281,469,3,2
281,470,3,2
281,471,3,2
281,472,3,2
281,473,3,2
281,474,3,2
281,475,3,2
281,476,3,2
281,477,3,2
281,478,3,2
281,479,3,2
281,480,3,2
281,481,3,3
281,482,3,3
281,483,3,3
281,484,3,3
281,485,3,3
281,486,3,3
281,487,3,3
281,488,3,3
281,489,3,3
281,490,3,3
281,491,3,3
281,492,3,3
281,493,3,3
281,494,3,3
281,495,3,3
281,496,3,3
281,497,3,3
281,498,3,3
281,499,3,3
281,500,3,3
281,501,3,3
281,502,3,3
281,503,3,3
281,504,3,3
281,505,3,3
281,506,3,3
281,507,3,3
281,508,3,3
281,509,3,3
281,510,3,3
281,511,3,3
281,512,3,3
281,513,3,3
281,514,3,3
281,515,3,3
281,516,3,3
281,517,3,3
281,518,3,3
281,519,3,3
281,520,3,3
281,521,3,3
281,522,3,3
281,523,3,2
281,524,3,2
281,525,3,2
281,526,3,2
281,527,3,2
281,528,3,2
281,529,3,2
281,530,3,2
281,531,3,2
281,532,3,2
281,533,3,2
281,534,3,3
281,535,3,3
281,536,3,3
281,537,3,3
281,538,3,3
281,539,3,3
281,540,3,3
281,541,3,3
281,542,3,3
281,543,3,3
281,544,3,3
281,545,3,3
281,546,3,3
281,547,3,3
281,548,3,3
281,549,3,3
281,550,3,3
281,551,3,3
281,552,3,3
281,553,3,3
281,554,3,3
281,555,3,3
281,556,3,3
281,557,3,3
281,558,3,3
281,559,3,3
281,560,3,3
281,561,3,3
281,562,3,3
281,563,3,3
281,564,3,3
281,565,3,3
281,566,3,3
281,567,3,3
281,568,3,3
281,569,3,3
281,570,3,2
281,571,3,2
281,572,3,2
281,573,3,2
281,574,3,2
281,575,3,2
281,576,3,2
281,577,3,2
281,578,3,2
281,579,3,2
281,580,3,2
281,581,3,2
281,582,3,2
281,583,3,2
281,584,3,2
281,585,3,2
281,586,3,2
281,587,3,2
281,588,3,2
281,589,3,2
281,590,3,2
281,591,3,2
281,592,3,2
281,593,3,2
281,594,3,2
281,595,3,2
281,596,3,2
281,597,3,2
281,598,3,2
281,599,3,2
281,600,3,2
281,601,3,2
281,602,3,2
281,603,3,2
281,604,3,2
281,605,3,2
281,606,3,2
281,607,3,2
281,608,3,2
281,609,3,2
281,610,3,2
281,611,3,2
281,612,3,2
281,613,3,2
281,614,3,2
281,615,3,2
281,616,3,2
281,617,3,3
281,618,3,3
281,619,3,3
281,620,3,3
281,621,3,3
281,622,3,3
281,623,3,3
281,624,3,3
281,625,3,3
281,626,3,3
281,627,3,3
281,628,3,3
281,629,3,3
281,630,3,3
281,631,3,3
281,632,3,3
281,633,3,3
281,634,3,3
281,635,3,3
281,636,3,3
281,637,3,3
281,638,3,3
281,639,3,3
281,640,3,3
281,641,3,3
281,642,3,3
281,643,3,3
281,644,3,3
281,645,3,3
281,646,3,3
281,647,3,3
281,648,3,3
281,649,3,3
281,650,3,3
281,651,3,3
281,652,3,3
281,653,3,3
281,654,3,3
281,655,3,3
281,656,3,3
281,657,3,3
281,658,3,3
281,659,3,3
281,660,3,3
281,661,3,3
281,662,3,3
281,663,3,3
281,664,3,3
281,665,3,3
281,666,3,3
281,667,3,3
281,668,3,3
281,669,3,3
281,670,3,3
281,671,3,3
281,672,3,3
281,673,3,2
281,674,3,2
281,675,3,2
281,676,3,2
281,677,3,2
281,678,3,2
281,679,3,2
281,680,3,2
281,681,3,2
281,682,3,2
281,683,3,2
281,684,3,2
281,685,3,2
281,686,3,2
281,687,3,2
281,688,3,2
281,689,3,2
281,690,3,2
281,691,3,2
281,692,3,2
281,693,3,2
281,694,3,2
281,695,3,2
281,696,3,2
282,105,3,2
282,106,3,2
282,107,3,2
282,108,3,2
282,109,3,2
282,110,3,2
282,111,3,2
282,112,3,2
282,113,3,2
282,114,3,2
282,115,3,2
282,116,3,2
282,117,3,2
282,118,3,2
282,119,3,2
282,120,3,2
282,121,3,2
282,122,3,2
282,123,3,2
282,124,3,2
282,125,3,2
282,126,3,2
282,127,3,2
282,128,3,2
282,129,3,2
282,130,3,2
282,131,3,2
282,132,3,2
282,133,3,2
282,134,3,2
282,135,3,2
282,136,3,2
282,137,3,2
282,138,3,2
282,139,3,2
282,140,3,2
282,141,3,2
282,142,3,2
282,143,3,2
282,144,3,2
282,145,3,2
282,146,3,2
282,147,3,2
282,148,3,2
282,149,3,2
282,150,3,2
282,151,3,2
282,152,3,2
282,153,3,2
282,154,3,2
282,155,3,2
282,156,3,2
282,157,3,2
282,158,3,2
282,159,3,2
282,160,3,2
282,161,3,2
282,162,3,2
282,163,3,2
282,164,3,2
282,165,3,2
282,166,3,2
282,167,3,2
282,168,3,2
282,169,3,2
282,170,3,2
282,171,3,2
282,172,3,2
282,173,3,2
282,174,3,2
282,175,3,2
282,176,3,2
282,177,3,2
282,178,3,2
282,179,3,2
282,180,3,2
282,181,3,2
282,182,3,2
282,183,3,2
282,184,3,2
282,185,3,2
282,186,3,2
282,187,3,2
282,188,3,2
282,189,3,2
282,190,3,2
282,191,3,2
282,192,3,2
282,193,3,2
282,194,3,2
282,195,3,2
282,196,3,2
282,197,3,2
282,198,3,2
282,199,3,2
282,200,3,2
282,201,3,2
282,202,3,2
282,203,3,2
282,204,3,2
282,205,3,2
282,206,3,2
282,207,3,2
282,208,3,2
282,209,3,2
282,210,3,2
282,211,3,2
282,212,3,2
282,213,3,2
282,214,3,2
282,215,3,2
282,216,3,2
282,217,3,2
282,218,3,2
282,219,3,2
282,220,3,2
282,221,3,2
282,222,3,2
282,223,3,2
282,224,3,2
282,225,3,2
282,226,3,2
282,227,3,2
282,228,3,2
282,229,3,2
282,230,3,2
282,231,3,2
282,232,3,2
282,233,3,2
282,234,3,2
282,235,3,2
282,236,3,2
282,237,3,2
282,238,3,2
282,239,3,2
282,240,3,2
282,241,3,2
282,242,3,2
282,243,3,2
282,244,3,2
282,245,3,2
282,246,3,2
282,247,3,2
282,248,3,2
282,249,3,2
282,250,3,2
282,251,3,2
282,252,3,2
282,253,3,2
282,254,3,2
282,255,3,2
282,256,3,2
282,257,3,2
282,258,3,2
282,259,3,2
282,260,3,2
282,261,3,2
282,262,3,2
282,263,3,2
282,264,3,2
282,265,3,2
282,266,3,2
282,267,3,2
282,268,3,2
282,269,3,2
282,270,3,2
282,271,3,2
282,272,3,2
282,273,3,2
282,274,3,2
282,275,3,2
282,276,3,2
282,277,3,2
282,278,3,2
282,279,3,2
282,280,3,2
282,281,3,2
282,282,3,2
282,283,3,2
282,284,3,2
282,285,3,2
282,286,3,2
282,287,3,2
282,288,3,2
282,289,3,2
282,290,3,2
282,291,3,2
282,292,3,2
282,293,3,2
282,294,3,2
282,295,3,2
282,296,3,2
282,297,3,2
282,298,3,2
282,299,3,2
282,300,3,2
282,301,3,2
282,302,3,2
282,303,3,2
282,304,3,2
282,305,3,2
282,306,3,2
282,307,3,2
282,308,3,2
282,309,3,2
282,310,3,2
282,311,3,2
282,312,3,2
282,313,3,2
282,314,3,2
282,315,3,2
282,316,3,2
282,317,3,2
282,318,3,2
282,319,3,2
282,320,3,2
282,321,3,2
282,322,3,2
282,323,3,2
282,324,3,2
282,325,3,2
282,326,3,2
282,327,3,2
282,328,3,2
282,329,3,2
282,330,3,2
282,331,3,2
282,332,3,2
282,333,3,2
282,334,3,2
282,335,3,2
282,336,3,2
282,337,3,2
282,338,3,2
282,339,3,2
282,340,3,2
282,341,3,2
282,342,3,2
282,343,3,2
282,344,3,2
282,345,3,2
282,346,3,2
282,347,3,2
282,348,3,2
282,349,3,2
282,350,3,2
282,351,3,2
282,352,3,2
282,353,3,2
282,354,3,2
282,355,3,2
282,356,3,2
282,357,3,2
282,358,3,2
282,359,3,2
282,360,3,2
282,361,3,2
282,362,3,2
282,363,3,2
282,364,3,2
282,365,3,2
282,366,3,2
282,367,3,2
282,368,3,2
282,369,3,2
282,370,3,2
282,371,3,2
282,372,3,2
282,373,3,2
282,374,3,2
282,375,3,2
282,376,3,2
282,377,3,2
282,378,3,2
282,379,3,2
282,380,3,2
282,381,3,2
282,382,3,2
282,383,3,2
282,384,3,2
282,385,3,2
282,386,3,2
282,387,3,2
282,388,3,2
282,389,3,2
282,390,3,2
282,391,3,2
282,392,3,2
282,393,3,2
282,394,3,2
282,395,3,2
282,396,3,2
282,397,3,2
282,398,3,2
282,399,3,2
282,400,3,2
282,401,3,2
282,402,3,2
282,403,3,2
282,404,3,2
282,405,3,2
282,406,3,2
282,407,3,2
282,408,3,2
282,409,3,2
282,410,3,2
282,411,3,2
282,412,3,2
282,413,3,2
282,414,3,2
282,415,3,2
282,416,3,2
282,417,3,2
282,418,3,2
282,419,3,2
282,420,3,2
282,421,3,2
282,422,3,2
282,423,3,2
282,424,3,2
282,425,3,2
282,426,3,2
282,427,3,2
282,428,3,2
282,429,3,2
282,430,3,3
282,431,3,3
282,432,3,3
282,433,3,3
282,434,3,3
282,435,3,3
282,436,3,3
282,437,3,3
282,438,3,3
282,439,3,3
282,440,3,3
282,441,3,3
282,442,3,3
282,443,3,3
282,444,3,3
282,445,3,3
282,446,3,3
282,447,3,3
282,448,3,3
282,449,3,3
282,450,3,3
282,451,3,3
282,452,3,3
282,453,3,3
282,454,3,3
282,455,3,3
282,456,3,3
282,457,3,3
282,458,3,3
282,459,3,3
282,460,3,3
282,461,3,3
282,462,3,3
282,463,3,3
282,464,3,3
282,465,3,3
282,466,3,3
282,467,3,2
282,468,3,2
282,469,3,2
282,470,3,2
282,471,3,2
282,472,3,2
282,473,3,2
282,474,3,2
282,475,3,2
282,476,3,2
282,477,3,2
282,478,3,2
282,479,3,2
282,480,3,2
282,481,3,3
282,482,3,3
282,483,3,3
282,484,3,3
282,485,3,3
282,486,3,3
282,487,3,3
282,488,3,3
282,489,3,3
282,490,3,3
282,491,3,3
282,492,3,3
282,493,3,3
282,494,3,3
282,495,3,3
282,496,3,3
282,497,3,3
282,498,3,3
282,499,3,3
282,500,3,3
282,501,3,3
282,502,3,3
282,503,3,3
282,504,3,3
282,505,3,3
282,506,3,3
282,507,3,3
282,508,3,3
282,509,3,3
282,510,3,3
282,511,3,3
282,512,3,3
282,513,3,3
282,514,3,3
282,515,3,3
282,516,3,3
282,517,3,3
282,518,3,3
282,519,3,3
282,520,3,3
282,521,3,3
282,522,3,3
282,523,3,2
282,524,3,2
282,525,3,2
282,526,3,2
282,527,3,2
282,528,3,2
282,529,3,2
282,530,3,2
282,531,3,2
282,532,3,2
282,533,3,2
282,534,3,3
282,535,3,3
282,536,3,3
282,537,3,3
282,538,3,3
282,539,3,3
282,540,3,3
282,541,3,3
282,542,3,3
282,543,3,3
282,544,3,3
282,545,3,3
282,546,3,3
282,547,3,3
282,548,3,3
282,549,3,3
282,550,3,3
282,551,3,3
282,552,3,3
282,553,3,3
282,554,3,3
282,555,3,3
282,556,3,3
282,557,3,3
282,558,3,3
282,559,3,3
282,560,3,3
282,561,3,3
282,562,3,3
282,563,3,3
282,564,3,3
282,565,3,3
282,566,3,3
282,567,3,3
282,568,3,3
282,569,3,3
282,570,3,2
282,571,3,2
282,572,3,2
282,573,3,2
282,574,3,2
282,575,3,2
282,576,3,2
282,577,3,2
282,578,3,2
282,579,3,2
282,580,3,2
282,581,3,2
282,582,3,2
282,583,3,2
282,584,3,2
282,585,3,2
282,586,3,2
282,587,3,2
282,588,3,2
282,589,3,2
282,590,3,2
282,591,3,2
282,592,3,2
282,593,3,2
282,594,3,2
282,595,3,2
282,596,3,2
282,597,3,2
282,598,3,2
282,599,3,2
282,600,3,2
282,601,3,2
282,602,3,2
282,603,3,2
282,604,3,2
282,605,3,2
282,606,3,2
282,607,3,2
282,608,3,2
282,609,3,2
282,610,3,2
282,611,3,2
282,612,3,2
282,613,3,2
282,614,3,2
282,615,3,2
282,616,3,2
282,617,3,3
282,618,3,3
282,619,3,3
282,620,3,3
282,621,3,3
282,622,3,3
282,623,3,3
282,624,3,3
282,625,3,3
282,626,3,3
282,627,3,3
282,628,3,3
282,629,3,3
282,630,3,3
282,631,3,3
282,632,3,3
282,633,3,3
282,634,3,3
282,635,3,3
282,636,3,3
282,637,3,3
282,638,3,3
282,639,3,3
282,640,3,3
282,641,3,3
282,642,3,3
282,643,3,3
282,644,3,3
282,645,3,3
282,646,3,3
282,647,3,3
282,648,3,3
282,649,3,3
282,650,3,3
282,651,3,3
282,652,3,3
282,653,3,3
282,654,3,3
282,655,3,3
282,656,3,3
282,657,3,3
282,658,3,3
282,659,3,3
282,660,3,3
282,661,3,3
282,662,3,3
282,663,3,3
282,664,3,3
282,665,3,3
282,666,3,3
282,667,3,3
282,668,3,3
282,669,3,3
282,670,3,3
282,671,3,3
282,672,3,3
282,673,3,2
282,674,3,2
282,675,3,2
282,676,3,2
282,677,3,2
282,678,3,2
282,679,3,2
282,680,3,2
282,681,3,2
282,682,3,2
282,683,3,2
282,684,3,2
282,685,3,2
282,686,3,2
282,687,3,2
282,688,3,2
282,689,3,2
282,690,3,2
282,691,3,2
282,692,3,2
282,693,3,2
282,694,3,2
282,695,3,2
283,104,3,2
283,105,3,2
283,106,3,2
283,107,3,2
283,108,3,2
283,109,3,2
283,110,3,2
283,111,3,2
283,112,3,2
283,113,3,2
283,114,3,2
283,115,3,2
283,116,3,2
283,117,3,2
283,118,3,2
283,119,3,2
283,120,3,2
283,121,3,2
283,122,3,2
283,123,3,2
283,124,3,2
283,125,3,2
283,126,3,2
283,127,3,2
283,128,3,2
283,129,3,2
283,130,3,2
283,131,3,2
283,132,3,2
283,133,3,2
283,134,3,2
283,135,3,2
283,136,3,2
283,137,3,2
283,138,3,2
283,139,3,2
283,140,3,2
283,141,3,2
283,142,3,2
283,143,3,2
283,144,3,2
283,145,3,2
283,146,3,2
283,147,3,2
283,148,3,2
283,149,3,2
283,150,3,2
283,151,3,2
283,152,3,2
283,153,3,2
283,154,3,2
283,155,3,2
283,156,3,2
283,157,3,2
283,158,3,2
283,159,3,2
283,160,3,2
283,161,3,2
283,162,3,2
283,163,3,2
283,164,3,2
283,165,3,2
283,166,3,2
283,167,3,2
283,168,3,2
283,169,3,2
283,170,3,2
283,171,3,2
283,172,3,2
283,173,3,2
283,174,3,2
283,175,3,2
283,176,3,2
283,177,3,2
283,178,3,2
283,179,3,2
283,180,3,2
283,181,3,2
283,182,3,2
283,183,3,2
283,184,3,2
283,185,3,2
283,186,3,2
283,187,3,2
283,188,3,2
283,189,3,2
283,190,3,2
283,191,3,2
283,192,3,2
283,193,3,2
283,194,3,2
283,195,3,2
283,196,3,2
283,197,3,2
283,198,3,2
283,199,3,2
283,200,3,2
283,201,3,2
283,202,3,2
283,203,3,2
283,204,3,2
283,205,3,2
283,206,3,2
283,207,3,2
283,208,3,2
283,209,3,2
283,210,3,2
283,211,3,2
283,212,3,2
283,213,3,2
283,214,3,2
283,215,3,2
283,216,3,2
283,217,3,2
283,218,3,2
283,219,3,2
283,220,3,2
283,221,3,2
283,222,3,2
283,223,3,2
283,224,3,2
283,225,3,2
283,226,3,2
283,227,3,2
283,228,3,2
283,229,3,2
283,230,3,2
283,231,3,2
283,232,3,2
283,233,3,2
283,234,3,2
283,235,3,2
283,236,3,2
283,237,3,2
283,238,3,2
283,239,3,2
283,240,3,2
283,241,3,2
283,242,3,2
283,243,3,2
283,244,3,2
283,245,3,2
283,246,3,2
283,247,3,2
283,248,3,2
283,249,3,2
283,250,3,2
283,251,3,2
283,252,3,2
283,253,3,2
283,254,3,2
283,255,3,2
283,256,3,2
283,257,3,2
283,258,3,2
283,259,3,2
283,260,3,2
283,261,3,2
283,262,3,2
283,263,3,2
283,264,3,2
283,265,3,2
283,266,3,2
283,267,3,2
283,268,3,2
283,269,3,2
283,270,3,2
283,271,3,2
283,272,3,2
283,273,3,2
283,274,3,2
283,275,3,2
283,276,3,2
283,277,3,2
283,278,3,2
283,279,3,2
283,280,3,2
283,281,3,2
283,282,3,2
283,283,3,2
283,284,3,2
283,285,3,2
283,286,3,2
283,287,3,2
283,288,3,2
283,289,3,2
283,290,3,2
283,291,3,2
283,292,3,2
283,293,3,2
283,294,3,2
283,295,3,2
283,296,3,2
283,297,3,2
283,298,3,2
283,299,3,2
283,300,3,2
283,301,3,2
283,302,3,2
283,303,3,2
283,304,3,2
283,305,3,2
283,306,3,2
283,307,3,2
283,308,3,2
283,309,3,2
283,310,3,2
283,311,3,2
283,312,3,2
283,313,3,2
283,314,3,2
283,315,3,2
283,316,3,2
283,317,3,2
283,318,3,2
283,319,3,2
283,320,3,2
283,321,3,2
283,322,3,2
283,323,3,2
283,324,3,2
283,325,3,2
283,326,3,2
283,327,3,2
283,328,3,2
283,329,3,2
283,330,3,2
283,331,3,2
283,332,3,2
283,333,3,2
283,334,3,2
283,335,3,2
283,336,3,2
283,337,3,2
283,338,3,2
283,339,3,2
283,340,3,2
283,341,3,2
283,342,3,2
283,343,3,2
283,344,3,2
283,345,3,2
283,346,3,2
283,347,3,2
283,348,3,2
283,349,3,2
283,350,3,2
283,351,3,2
283,352,3,2
283,353,3,2
283,354,3,2
283,355,3,2
283,356,3,2
283,357,3,2
283,358,3,2
283,359,3,2
283,360,3,2
283,361,3,2
283,362,3,2
283,363,3,2
283,364,3,2
283,365,3,2
283,366,3,2
283,367,3,2
283,368,3,2
283,369,3,2
283,370,3,2
283,371,3,2
283,372,3,2
283,373,3,2
283,374,3,2
283,375,3,2
283,376,3,2
283,377,3,2
283,378,3,2
283,379,3,2
283,380,3,2
283,381,3,2
283,382,3,2
283,383,3,2
283,384,3,2
283,385,3,2
283,386,3,2
283,387,3,2
283,388,3,2
283,389,3,2
283,390,3,2
283,391,3,2
283,392,3,2
283,393,3,2
283,394,3,2
283,395,3,2
283,396,3,2
283,397,3,2
283,398,3,2
283,399,3,2
283,400,3,2
283,401,3,2
283,402,3,2
283,403,3,2
283,404,3,2
283,405,3,2
283,406,3,2
283,407,3,2
283,408,3,2
283,409,3,2
283,410,3,2
283,411,3,2
283,412,3,2
283,413,3,2
283,414,3,2
283,415,3,2
283,416,3,2
283,417,3,2
283,418,3,2
283,419,3,2
283,420,3,2
283,421,3,2
283,422,3,2
283,423,3,2
283,424,3,2
283,425,3,2
283,426,3,2
283,427,3,2
283,428,3,2
283,429,3,2
283,430,3,3
283,431,3,3
283,432,3,3
283,433,3,3
283,434,3,3
283,435,3,3
283,436,3,3
283,437,3,3
283,438,3,3
283,439,3,3
283,440,3,3
283,441,3,3
283,442,3,3
283,443,3,3
283,444,3,3
283,445,3,3
283,446,3,3
283,447,3,3
283,448,3,3
283,449,3,3
283,450,3,3
283,451,3,3
283,452,3,3
283,453,3,3
283,454,3,3
283,455,3,3
283,456,3,3
283,457,3,3
283,458,3,3
283,459,3,3
283,460,3,3
283,461,3,3
283,462,3,3
283,463,3,3
283,464,3,3
283,465,3,3
283,466,3,3
283,467,3,2
283,468,3,2
283,469,3,2
283,470,3,2
283,471,3,2
283,472,3,2
283,473,3,2
283,474,3,2
283,475,3,2
283,476,3,2
283,477,3,2
283,478,3,2
283,479,3,2
283,480,3,2
283,481,3,3
283,482,3,3
283,483,3,3
283,484,3,3
283,485,3,3
283,486,3,3
283,487,3,3
283,488,3,3
283,489,3,3
283,490,3,3
283,491,3,3
283,492,3,3
283,493,3,3
283,494,3,3
283,495,3,3
283,496,3,3
283,497,3,3
283,498,3,3
283,499,3,3
283,500,3,3
283,501,3,3
283,502,3,3
283,503,3,3
283,504,3,3
283,505,3,3
283,506,3,3
283,507,3,3
283,508,3,3
283,509,3,3
283,510,3,3
283,511,3,3
283,512,3,3
283,513,3,3
283,514,3,3
283,515,3,3
283,516,3,3
283,517,3,3
283,518,3,3
283,519,3,3
283,520,3,3
283,521,3,3
283,522,3,3
283,523,3,3
283,524,3,3
283,525,3,3
283,526,3,2
283,527,3,2
283,528,3,2
283,529,3,2
283,530,3,2
283,531,3,2
283,532,3,2
283,533,3,3
283,534,3,3
283,535,3,3
283,536,3,3
283,537,3,3
283,538,3,3
283,539,3,3
283,540,3,3
283,541,3,3
283,542,3,3
283,543,3,3
283,544,3,3
283,545,3,3
283,546,3,3
283,547,3,3
283,548,3,3
283,549,3,3
283,550,3,3
283,551,3,3
283,552,3,3
283,553,3,3
283,554,3,3
283,555,3,3
283,556,3,3
283,557,3,3
283,558,3,3
283,559,3,3
283,560,3,3
283,561,3,3
283,562,3,3
283,563,3,3
283,564,3,3
283,565,3,3
283,566,3,3
283,567,3,3
283,568,3,3
283,569,3,3
283,570,3,2
283,571,3,2
283,572,3,2
283,573,3,2
283,574,3,2
283,575,3,2
283,576,3,2
283,577,3,2
283,578,3,2
283,579,3,2
283,580,3,2
283,581,3,2
283,582,3,2
283,583,3,2
283,584,3,2
283,585,3,2
283,586,3,2
283,587,3,2
283,588,3,2
283,589,3,2
283,590,3,2
283,591,3,2
283,592,3,2
283,593,3,2
283,594,3,2
283,595,3,2
283,596,3,2
283,597,3,2
283,598,3,2
283,599,3,2
283,600,3,2
283,601,3,2
283,602,3,2
283,603,3,2
283,604,3,2
283,605,3,2
283,606,3,2
283,607,3,2
283,608,3,2
283,609,3,2
283,610,3,2
283,611,3,2
283,612,3,2
283,613,3,2
283,614,3,2
283,615,3,2
283,616,3,2
283,617,3,3
283,618,3,3
283,619,3,3
283,620,3,3
283,621,3,3
283,622,3,3
283,623,3,3
283,624,3,3
283,625,3,3
283,626,3,3
283,627,3,3
283,628,3,3
283,629,3,3
283,630,3,3
283,631,3,3
283,632,3,3
283,633,3,3
283,634,3,3
283,635,3,3
283,636,3,3
283,637,3,3
283,638,3,3
283,639,3,3
283,640,3,3
283,641,3,3
283,642,3,3
283,643,3,3
283,644,3,3
283,645,3,3
283,646,3,3
283,647,3,3
283,648,3,3
283,649,3,3
283,650,3,3
283,651,3,3
283,652,3,3
283,653,3,3
283,654,3,3
283,655,3,3
283,656,3,3
283,657,3,3
283,658,3,3
283,659,3,3
283,660,3,3
283,661,3,3
283,662,3,3
283,663,3,3
283,664,3,3
283,665,3,3
283,666,3,3
283,667,3,3
283,668,3,3
283,669,3,3
283,670,3,3
283,671,3,3
283,672,3,3
283,673,3,2
283,674,3,2
283,675,3,2
283,676,3,2
283,677,3,2
283,678,3,2
283,679,3,2
283,680,3,2
283,681,3,2
283,682,3,2
283,683,3,2
283,684,3,2
283,685,3,2
283,686,3,2
283,687,3,2
283,688,3,2
283,689,3,2
284,102,3,2
284,104,3,2
284,105,3,2
284,106,3,2
284,107,3,2
284,108,3,2
284,109,3,2
284,110,3,2
284,111,3,2
284,112,3,2
284,113,3,2
284,114,3,2
284,115,3,2
284,116,3,2
284,117,3,2
284,118,3,2
284,119,3,2
284,120,3,2
284,121,3,2
284,122,3,2
284,123,3,2
284,124,3,2
284,125,3,2
284,126,3,2
284,127,3,2
284,128,3,2
284,129,3,2
284,130,3,2
284,131,3,2
284,132,3,2
284,133,3,2
284,134,3,2
284,135,3,2
284,136,3,2
284,137,3,2
284,138,3,2
284,139,3,2
284,140,3,2
284,141,3,2
284,142,3,2
284,143,3,2
284,144,3,2
284,145,3,2
284,146,3,2
284,147,3,2
284,148,3,2
284,149,3,2
284,150,3,2
284,151,3,2
284,152,3,2
284,153,3,2
284,154,3,2
284,155,3,2
284,156,3,2
284,157,3,2
284,158,3,2
284,159,3,2
284,160,3,2
284,161,3,2
284,162,3,2
284,163,3,2
284,164,3,2
284,165,3,2
284,166,3,2
284,167,3,2
284,168,3,2
284,169,3,2
284,170,3,2
284,171,3,2
284,172,3,2
284,173,3,2
284,174,3,2
284,175,3,2
284,176,3,2
284,177,3,2
284,178,3,2
284,179,3,2
284,180,3,2
284,181,3,2
284,182,3,2
284,183,3,2
284,184,3,2
284,185,3,2
284,186,3,2
284,187,3,2
284,188,3,2
284,189,3,2
284,190,3,2
284,191,3,2
284,192,3,2
284,193,3,2
284,194,3,2
284,195,3,2
284,196,3,2
284,197,3,2
284,198,3,2
284,199,3,2
284,200,3,2
284,201,3,2
284,202,3,2
284,203,3,2
284,204,3,2
284,205,3,2
284,206,3,2
284,207,3,2
284,208,3,2
284,209,3,2
284,210,3,2
284,211,3,2
284,212,3,2
284,213,3,2
284,214,3,2
284,215,3,2
284,216,3,2
284,217,3,2
284,218,3,2
284,219,3,2
284,220,3,2
284,221,3,2
284,222,3,2
284,223,3,2
284,224,3,2
284,225,3,2
284,226,3,2
284,227,3,2
284,228,3,2
284,229,3,2
284,230,3,2
284,231,3,2
284,232,3,2
284,233,3,2
284,234,3,2
284,235,3,2
284,236,3,2
284,237,3,2
284,238,3,2
284,239,3,2
284,240,3,2
284,241,3,2
284,242,3,2
284,243,3,2
284,244,3,2
284,245,3,2
284,246,3,2
284,247,3,2
284,248,3,2
284,249,3,2
284,250,3,2
284,251,3,2
284,252,3,2
284,253,3,2
284,254,3,2
284,255,3,2
284,256,3,2
284,257,3,2
284,258,3,2
284,259,3,2
284,260,3,2
284,261,3,2
284,262,3,2
284,263,3,2
284,264,3,2
284,265,3,2
284,266,3,2
284,267,3,2
284,268,3,2
284,269,3,2
284,270,3,2
284,271,3,2
284,272,3,2
284,273,3,2
284,274,3,2
284,275,3,2
284,276,3,2
284,277,3,2
284,278,3,2
284,279,3,2
284,280,3,2
284,281,3,2
284,282,3,2
284,283,3,2
284,284,3,2
284,285,3,2
284,286,3,2
284,287,3,2
284,288,3,2
284,289,3,2
284,290,3,2
284,291,3,2
284,292,3,2
284,293,3,2
284,294,3,2
284,295,3,2
284,296,3,2
284,297,3,2
284,298,3,2
284,299,3,2
284,300,3,2
284,301,3,2
284,302,3,2
284,303,3,2
284,304,3,2
284,305,3,2
284,306,3,2
284,307,3,2
284,308,3,2
284,309,3,2
284,310,3,2
284,311,3,2
284,312,3,2
284,313,3,2
284,314,3,2
284,315,3,2
284,316,3,2
284,317,3,2
284,318,3,2
284,319,3,2
284,320,3,2
284,321,3,2
284,322,3,2
284,323,3,2
284,324,3,2
284,325,3,2
284,326,3,2
284,327,3,2
284,328,3,2
284,329,3,2
284,330,3,2
284,331,3,2
284,332,3,2
284,333,3,2
284,334,3,2
284,335,3,2
284,336,3,2
284,337,3,2
284,338,3,2
284,339,3,2
284,340,3,2
284,341,3,2
284,342,3,2
284,343,3,2
284,344,3,2
284,345,3,2
284,346,3,2
284,347,3,2
284,348,3,2
284,349,3,2
284,350,3,2
284,351,3,2
284,352,3,2
284,353,3,2
284,354,3,2
284,355,3,2
284,356,3,2
284,357,3,2
284,358,3,2
284,359,3,2
284,360,3,2
284,361,3,2
284,362,3,2
284,363,3,2
284,364,3,2
284,365,3,2
284,366,3,2
284,367,3,2
284,368,3,2
284,369,3,2
284,370,3,2
284,371,3,2
284,372,3,2
284,373,3,2
284,374,3,2
284,375,3,2
284,376,3,2
284,377,3,2
284,378,3,2
284,379,3,2
284,380,3,2
284,381,3,2
284,382,3,2
284,383,3,2
284,384,3,2
284,385,3,2
284,386,3,2
284,387,3,2
284,388,3,2
284,389,3,2
284,390,3,2
284,391,3,2
284,392,3,2
284,393,3,2
284,394,3,2
284,395,3,2
284,396,3,2
284,397,3,2
284,398,3,2
284,399,3,2
284,400,3,2
284,401,3,2
284,402,3,2
284,403,3,2
284,404,3,2
284,405,3,2
284,406,3,2
284,407,3,2
284,408,3,2
284,409,3,2
284,410,3,2
284,411,3,2
284,412,3,2
284,413,3,2
284,414,3,2
284,415,3,2
284,416,3,2
284,417,3,2
284,418,3,2
284,419,3,2
284,420,3,2
284,421,3,2
284,422,3,2
284,423,3,2
284,424,3,2
284,425,3,2
284,426,3,2
284,427,3,2
284,428,3,2
284,429,3,2
284,430,3,3
284,431,3,3
284,432,3,3
284,433,3,3
284,434,3,3
284,435,3,3
284,436,3,3
284,437,3,3
284,438,3,3
284,439,3,3
284,440,3,3
284,441,3,3
284,442,3,3
284,443,3,3
284,444,3,3
284,445,3,3
284,446,3,3
284,447,3,3
284,448,3,3
284,449,3,3
284,450,3,3
284,451,3,3
284,452,3,3
284,453,3,3
284,454,3,3
284,455,3,3
284,456,3,3
284,457,3,3
284,458,3,3
284,459,3,3
284,460,3,3
284,461,3,3
284,462,3,3
284,463,3,3
284,464,3,3
284,465,3,3
284,466,3,2
284,467,3,2
284,468,3,2
284,469,3,2
284,470,3,2
284,471,3,2
284,472,3,2
284,473,3,2
284,474,3,2
284,475,3,2
284,476,3,2
284,477,3,2
284,478,3,2
284,479,3,2
284,480,3,2
284,481,3,3
284,482,3,3
284,483,3,3
284,484,3,3
284,485,3,3
284,486,3,3
284,487,3,3
284,488,3,3
284,489,3,3
284,490,3,3
284,491,3,3
284,492,3,3
284,493,3,3
284,494,3,3
284,495,3,3
284,496,3,3
284,497,3,3
284,498,3,3
284,499,3,3
284,500,3,3
284,501,3,3
284,502,3,3
284,503,3,3
284,504,3,3
284,505,3,3
284,506,3,3
284,507,3,3
284,508,3,3
284,509,3,3
284,510,3,3
284,511,3,3
284,512,3,3
284,513,3,3
284,514,3,3
284,515,3,3
284,516,3,3
284,517,3,3
284,518,3,3
284,519,3,3
284,520,3,3
284,521,3,3
284,522,3,3
284,523,3,3
284,524,3,3
284,525,3,3
284,526,3,3
284,527,3,3
284,528,3,3
284,529,3,3
284,530,3,3
284,531,3,3
284,532,3,3
284,533,3,3
284,534,3,3
284,535,3,3
284,536,3,3
284,537,3,3
284,538,3,3
284,539,3,3
284,540,3,3
284,541,3,3
284,542,3,3
284,543,3,3
284,544,3,3
284,545,3,3
284,546,3,3
284,547,3,3
284,548,3,3
284,549,3,3
284,550,3,3
284,551,3,3
284,552,3,3
284,553,3,3
284,554,3,3
284,555,3,3
284,556,3,3
284,557,3,3
284,558,3,3
284,559,3,3
284,560,3,3
284,561,3,3
284,562,3,3
284,563,3,3
284,564,3,3
284,565,3,3
284,566,3,3
284,567,3,3
284,568,3,3
284,569,3,2
284,570,3,2
284,571,3,2
284,572,3,2
284,573,3,2
284,574,3,2
284,575,3,2
284,576,3,2
284,577,3,2
284,578,3,2
284,579,3,2
284,580,3,2
284,581,3,2
284,582,3,2
284,583,3,2
284,584,3,2
284,585,3,2
284,586,3,2
284,587,3,2
284,588,3,2
284,589,3,2
284,590,3,2
284,591,3,2
284,592,3,2
284,593,3,2
284,594,3,2
284,595,3,2
284,596,3,2
284,597,3,2
284,598,3,2
284,599,3,2
284,600,3,2
284,601,3,2
284,602,3,2
284,603,3,2
284,604,3,2
284,605,3,2
284,606,3,2
284,607,3,2
284,608,3,2
284,609,3,2
284,610,3,2
284,611,3,2
284,612,3,2
284,613,3,2
284,614,3,2
284,615,3,2
284,616,3,3
284,617,3,3
284,618,3,3
284,619,3,3
284,620,3,3
284,621,3,3
284,622,3,3
284,623,3,3
284,624,3,3
284,625,3,3
284,626,3,3
284,627,3,3
284,628,3,3
284,629,3,3
284,630,3,3
284,631,3,3
284,632,3,3
284,633,3,3
284,634,3,3
284,635,3,3
284,636,3,3
284,637,3,3
284,638,3,3
284,639,3,3
284,640,3,3
284,641,3,3
284,642,3,3
284,643,3,3
284,644,3,3
284,645,3,3
284,646,3,3
284,647,3,3
284,648,3,3
284,649,3,3
284,650,3,3
284,651,3,3
284,652,3,3
284,653,3,3
284,654,3,3
284,655,3,3
284,656,3,3
284,657,3,3
284,658,3,3
284,659,3,3
284,660,3,3
284,661,3,3
284,662,3,3
284,663,3,3
284,664,3,3
284,665,3,3
284,666,3,3
284,667,3,3
284,668,3,3
284,669,3,3
284,670,3,3
284,671,3,3
284,672,3,3
284,673,3,2
284,674,3,2
284,675,3,2
284,676,3,2
284,677,3,2
284,678,3,2
284,679,3,2
284,680,3,2
284,681,3,2
284,682,3,2
284,683,3,2
284,684,3,2
284,685,3,2
284,686,3,2
284,687,3,2
284,688,3,2
284,689,3,2
285,100,3,2
285,101,3,2
285,102,3,2
285,103,3,2
285,104,3,2
285,105,3,2
285,106,3,2
285,107,3,2
285,108,3,2
285,109,3,2
285,110,3,2
285,111,3,2
285,112,3,2
285,113,3,2
285,114,3,2
285,115,3,2
285,116,3,2
285,117,3,2
285,118,3,2
285,119,3,2
285,120,3,2
285,121,3,2
285,122,3,2
285,123,3,2
285,124,3,2
285,125,3,2
285,126,3,2
285,127,3,2
285,128,3,2
285,129,3,2
285,130,3,2
285,131,3,2
285,132,3,2
285,133,3,2
285,134,3,2
285,135,3,2
285,136,3,2
285,137,3,2
285,138,3,2
285,139,3,2
285,140,3,2
285,141,3,2
285,142,3,2
285,143,3,2
285,144,3,2
285,145,3,2
285,146,3,2
285,147,3,2
285,148,3,2
285,149,3,2
285,150,3,2
285,151,3,2
285,152,3,2
285,153,3,2
285,154,3,2
285,155,3,2
285,156,3,2
285,157,3,2
285,158,3,2
285,159,3,2
285,160,3,2
285,161,3,2
285,162,3,2
285,163,3,2
285,164,3,2
285,165,3,2
285,166,3,2
285,167,3,2
285,168,3,2
285,169,3,2
285,170,3,2
285,171,3,2
285,172,3,2
285,173,3,2
285,174,3,2
285,175,3,2
285,176,3,2
285,177,3,2
285,178,3,2
285,179,3,2
285,180,3,2
285,181,3,2
285,182,3,2
285,183,3,2
285,184,3,2
285,185,3,2
285,186,3,2
285,187,3,2
285,188,3,2
285,189,3,2
285,190,3,2
285,191,3,2
285,192,3,2
285,193,3,2
285,194,3,2
285,195,3,2
285,196,3,2
285,197,3,2
285,198,3,2
285,199,3,2
285,200,3,2
285,201,3,2
285,202,3,2
285,203,3,2
285,204,3,2
285,205,3,2
285,206,3,2
285,207,3,2
285,208,3,2
285,209,3,2
285,210,3,2
285,211,3,2
285,212,3,2
285,213,3,2
285,214,3,2
285,215,3,2
285,216,3,2
285,217,3,2
285,218,3,2
285,219,3,2
285,220,3,2
285,221,3,2
285,222,3,2
285,223,3,2
285,224,3,2
285,225,3,2
285,226,3,2
285,227,3,2
285,228,3,2
285,229,3,2
285,230,3,2
285,231,3,2
285,232,3,2
285,233,3,2
285,234,3,2
285,235,3,2
285,236,3,2
285,237,3,2
285,238,3,2
285,239,3,2
285,240,3,2
285,241,3,2
285,242,3,2
285,243,3,2
285,244,3,2
285,245,3,2
285,246,3,2
285,247,3,2
285,248,3,2
285,249,3,2
285,250,3,2
285,251,3,2
285,252,3,2
285,253,3,2
285,254,3,2
285,255,3,2
285,256,3,2
285,257,3,2
285,258,3,2
285,259,3,2
285,260,3,2
285,261,3,2
285,262,3,2
285,263,3,2
285,264,3,2
285,265,3,2
285,266,3,2
285,267,3,2
285,268,3,2
285,269,3,2
285,270,3,2
285,271,3,2
285,272,3,2
285,273,3,2
285,274,3,2
285,275,3,2
285,276,3,2
285,277,3,2
285,278,3,2
285,279,3,2
285,280,3,2
285,281,3,2
285,282,3,2
285,283,3,2
285,284,3,2
285,285,3,2
285,286,3,2
285,287,3,2
285,288,3,2
285,289,3,2
285,290,3,2
285,291,3,2
285,292,3,2
285,293,3,2
285,294,3,2
285,295,3,2
285,296,3,2
285,297,3,2
285,298,3,2
285,299,3,2
285,300,3,2
285,301,3,2
285,302,3,2
285,303,3,2
285,304,3,2
285,305,3,2
285,306,3,2
285,307,3,2
285,308,3,2
285,309,3,2
285,310,3,2
285,311,3,2
285,312,3,2
285,313,3,2
285,314,3,2
285,315,3,2
285,316,3,2
285,317,3,2
285,318,3,2
285,319,3,2
285,320,3,2
285,321,3,2
285,322,3,2
285,323,3,2
285,324,3,2
285,325,3,2
285,326,3,2
285,327,3,2
285,328,3,2
285,329,3,2
285,330,3,2
285,331,3,2
285,332,3,2
285,333,3,2
285,334,3,2
285,335,3,2
285,336,3,2
285,337,3,2
285,338,3,2
285,339,3,2
285,340,3,2
285,341,3,2
285,342,3,2
285,343,3,2
285,344,3,2
285,345,3,2
285,346,3,2
285,347,3,2
285,348,3,2
285,349,3,2
285,350,3,2
285,351,3,2
285,352,3,2
285,353,3,2
285,354,3,2
285,355,3,2
285,356,3,2
285,357,3,2
285,358,3,2
285,359,3,2
285,360,3,2
285,361,3,2
285,362,3,2
285,363,3,2
285,364,3,2
285,365,3,2
285,366,3,2
285,367,3,2
285,368,3,2
285,369,3,2
285,370,3,2
285,371,3,2
285,372,3,2
285,373,3,2
285,374,3,2
285,375,3,2
285,376,3,2
285,377,3,2
285,378,3,2
285,379,3,2
285,380,3,2
285,381,3,2
285,382,3,2
285,383,3,2
285,384,3,2
285,385,3,2
285,386,3,2
285,387,3,2
285,388,3,2
285,389,3,2
285,390,3,2
285,391,3,2
285,392,3,2
285,393,3,2
285,394,3,2
285,395,3,2
285,396,3,2
285,397,3,2
285,398,3,2
285,399,3,2
285,400,3,2
285,401,3,2
285,402,3,2
285,403,3,2
285,404,3,2
285,405,3,2
285,406,3,2
285,407,3,2
285,408,3,2
285,409,3,2
285,410,3,2
285,411,3,2
285,412,3,2
285,413,3,2
285,414,3,2
285,415,3,2
285,416,3,2
285,417,3,2
285,418,3,2
285,419,3,2
285,420,3,2
285,421,3,2
285,422,3,2
285,423,3,2
285,424,3,2
285,425,3,2
285,426,3,2
285,427,3,2
285,428,3,2
285,429,3,2
285,430,3,3
285,431,3,3
285,432,3,3
285,433,3,3
285,434,3,3
285,435,3,3
285,436,3,3
285,437,3,3
285,438,3,3
285,439,3,3
285,440,3,3
285,441,3,3
285,442,3,3
285,443,3,3
285,444,3,3
285,445,3,3
285,446,3,3
285,447,3,3
285,448,3,3
285,449,3,3
285,450,3,3
285,451,3,3
285,452,3,3
285,453,3,3
285,454,3,3
285,455,3,3
285,456,3,3
285,457,3,3
285,458,3,3
285,459,3,3
285,460,3,3
285,461,3,3
285,462,3,3
285,463,3,3
285,464,3,3
285,465,3,3
285,466,3,3
285,467,3,2
285,468,3,2
285,469,3,2
285,470,3,2
285,471,3,2
285,472,3,2
285,473,3,2
285,474,3,2
285,475,3,2
285,476,3,2
285,477,3,2
285,478,3,2
285,479,3,2
285,480,3,2
285,481,3,3
285,482,3,3
285,483,3,3
285,484,3,3
285,485,3,3
285,486,3,3
285,487,3,3
285,488,3,3
285,489,3,3
285,490,3,3
285,491,3,3
285,492,3,3
285,493,3,3
285,494,3,3
285,495,3,3
285,496,3,3
285,497,3,3
285,498,3,3
285,499,3,3
285,500,3,3
285,501,3,3
285,502,3,3
285,503,3,3
285,504,3,3
285,505,3,3
285,506,3,3
285,507,3,3
285,508,3,3
285,509,3,3
285,510,3,3
285,511,3,3
285,512,3,3
285,513,3,3
285,514,3,3
285,515,3,3
285,516,3,3
285,517,3,3
285,518,3,3
285,519,3,3
285,520,3,3
285,521,3,3
285,522,3,3
285,523,3,3
285,524,3,3
285,525,3,3
285,526,3,3
285,527,3,3
285,528,3,3
285,529,3,3
285,530,3,3
285,531,3,3
285,532,3,3
285,533,3,3
285,534,3,3
285,535,3,3
285,536,3,3
285,537,3,3
285,538,3,3
285,539,3,3
285,540,3,3
285,541,3,3
285,542,3,3
285,543,3,3
285,544,3,3
285,545,3,3
285,546,3,3
285,547,3,3
285,548,3,3
285,549,3,3
285,550,3,3
285,551,3,3
285,552,3,3
285,553,3,3
285,554,3,3
285,555,3,3
285,556,3,3
285,557,3,3
285,558,3,3
285,559,3,3
285,560,3,3
285,561,3,3
285,562,3,3
285,563,3,3
285,564,3,3
285,565,3,3
285,566,3,3
285,567,3,3
285,568,3,3
285,569,3,2
285,570,3,2
285,571,3,2
285,572,3,2
285,573,3,2
285,574,3,2
285,575,3,2
285,576,3,2
285,577,3,2
285,578,3,2
285,579,3,2
285,580,3,2
285,581,3,2
285,582,3,2
285,583,3,2
285,584,3,2
285,585,3,2
285,586,3,2
285,587,3,2
285,588,3,2
285,589,3,2
285,590,3,2
285,591,3,2
285,592,3,2
285,593,3,2
285,594,3,2
285,595,3,2
285,596,3,2
285,597,3,2
285,598,3,2
285,599,3,2
285,600,3,2
285,601,3,2
285,602,3,2
285,603,3,2
285,604,3,2
285,605,3,2
285,606,3,2
285,607,3,2
285,608,3,2
285,609,3,2
285,610,3,2
285,611,3,2
285,612,3,2
285,613,3,2
285,614,3,2
285,615,3,2
285,616,3,3
285,617,3,3
285,618,3,3
285,619,3,3
285,620,3,3
285,621,3,3
285,622,3,3
285,623,3,3
285,624,3,3
285,625,3,3
285,626,3,3
285,627,3,3
285,628,3,3
285,629,3,3
285,630,3,3
285,631,3,3
285,632,3,3
285,633,3,3
285,634,3,3
285,635,3,3
285,636,3,3
285,637,3,3
285,638,3,3
285,639,3,3
285,640,3,3
285,641,3,3
285,642,3,3
285,643,3,3
285,644,3,3
285,645,3,3
285,646,3,3
285,647,3,3
285,648,3,3
285,649,3,3
285,650,3,3
285,651,3,3
285,652,3,3
285,653,3,3
285,654,3,3
285,655,3,3
285,656,3,3
285,657,3,3
285,658,3,3
285,659,3,3
285,660,3,3
285,661,3,3
285,662,3,3
285,663,3,3
285,664,3,3
285,665,3,3
285,666,3,3
285,667,3,3
285,668,3,3
285,669,3,3
285,670,3,3
285,671,3,3
285,672,3,3
285,673,3,2
285,674,3,2
285,675,3,2
285,676,3,2
285,677,3,2
285,678,3,2
285,679,3,2
285,680,3,2
285,681,3,2
285,682,3,2
285,683,3,2
285,684,3,2
285,685,3,2
285,686,3,2
285,687,3,2
285,688,3,2
286,99,3,2
286,100,3,2
286,101,3,2
286,102,3,2
286,103,3,2
286,104,3,2
286,105,3,2
286,106,3,2
286,107,3,2
286,108,3,2
286,109,3,2
286,110,3,2
286,111,3,2
286,112,3,2
286,113,3,2
286,114,3,2
286,115,3,2
286,116,3,2
286,117,3,2
286,118,3,2
286,119,3,2
286,120,3,2
286,121,3,2
286,122,3,2
286,123,3,2
286,124,3,2
286,125,3,2
286,126,3,2
286,127,3,2
286,128,3,2
286,129,3,2
286,130,3,2
286,131,3,2
286,132,3,2
286,133,3,2
286,134,3,2
286,135,3,2
286,136,3,2
286,137,3,2
286,138,3,2
286,139,3,2
286,140,3,2
286,141,3,2
286,142,3,2
286,143,3,2
286,144,3,2
286,145,3,2
286,146,3,2
286,147,3,2
286,148,3,2
286,149,3,2
286,150,3,2
286,151,3,2
286,152,3,2
286,153,3,2
286,154,3,2
286,155,3,2
286,156,3,2
286,157,3,2
286,158,3,2
286,159,3,2
286,160,3,2
286,161,3,2
286,162,3,2
286,163,3,2
286,164,3,2
286,165,3,2
286,166,3,2
286,167,3,2
286,168,3,2
286,169,3,2
286,170,3,2
286,171,3,2
286,172,3,2
286,173,3,2
286,174,3,2
286,175,3,2
286,176,3,2
286,177,3,2
286,178,3,2
286,179,3,2
286,180,3,2
286,181,3,2
286,182,3,2
286,183,3,2
286,184,3,2
286,185,3,2
286,186,3,2
286,187,3,2
286,188,3,2
286,189,3,2
286,190,3,2
286,191,3,2
286,192,3,2
286,193,3,2
286,194,3,2
286,195,3,2
286,196,3,2
286,197,3,2
286,198,3,2
286,199,3,2
286,200,3,2
286,201,3,2
286,202,3,2
286,203,3,2
286,204,3,2
286,205,3,2
286,206,3,2
286,207,3,2
286,208,3,2
286,209,3,2
286,210,3,2
286,211,3,2
286,212,3,2
286,213,3,2
286,214,3,2
286,215,3,2
286,216,3,2
286,217,3,2
286,218,3,2
286,219,3,2
286,220,3,2
286,221,3,2
286,222,3,2
286,223,3,2
286,224,3,2
286,225,3,2
286,226,3,2
286,227,3,2
286,228,3,2
286,229,3,2
286,230,3,2
286,231,3,2
286,232,3,2
286,233,3,2
286,234,3,2
286,235,3,2
286,236,3,2
286,237,3,2
286,238,3,2
286,239,3,2
286,240,3,2
286,241,3,2
286,242,3,2
286,243,3,2
286,244,3,2
286,245,3,2
286,246,3,2
286,247,3,2
286,248,3,2
286,249,3,2
286,250,3,2
286,251,3,2
286,252,3,2
286,253,3,2
286,254,3,2
286,255,3,2
286,256,3,2
286,257,3,2
286,258,3,2
286,259,3,2
286,260,3,2
286,261,3,2
286,262,3,2
286,263,3,2
286,264,3,2
286,265,3,2
286,266,3,2
286,267,3,2
286,268,3,2
286,269,3,2
286,270,3,2
286,271,3,2
286,272,3,2
286,273,3,2
286,274,3,2
286,275,3,2
286,276,3,2
286,277,3,2
286,278,3,2
286,279,3,2
286,280,3,2
286,281,3,2
286,282,3,2
286,283,3,2
286,284,3,2
286,285,3,2
286,286,3,2
286,287,3,2
286,288,3,2
286,289,3,2
286,290,3,2
286,291,3,2
286,292,3,2
286,293,3,2
286,294,3,2
286,295,3,2
286,296,3,2
286,297,3,2
286,298,3,2
286,299,3,2
286,300,3,2
286,301,3,2
286,302,3,2
286,303,3,2
286,304,3,2
286,305,3,2
286,306,3,2
286,307,3,2
286,308,3,2
286,309,3,2
286,310,3,2
286,311,3,2
286,312,3,2
286,313,3,2
286,314,3,2
286,315,3,2
286,316,3,2
286,317,3,2
286,318,3,2
286,319,3,2
286,320,3,2
286,321,3,2
286,322,3,2
286,323,3,2
286,324,3,2
286,325,3,2
286,326,3,2
286,327,3,2
286,328,3,2
286,329,3,2
286,330,3,2
286,331,3,2
286,332,3,2
286,333,3,2
286,334,3,2
286,335,3,2
286,336,3,2
286,337,3,2
286,338,3,2
286,339,3,2
286,340,3,2
286,341,3,2
286,342,3,2
286,343,3,2
286,344,3,2
286,345,3,2
286,346,3,2
286,347,3,2
286,348,3,2
286,349,3,2
286,350,3,2
286,351,3,2
286,352,3,2
286,353,3,2
286,354,3,2
286,355,3,2
286,356,3,2
286,357,3,2
286,358,3,2
286,359,3,2
286,360,3,2
286,361,3,2
286,362,3,2
286,363,3,2
286,364,3,2
286,365,3,2
286,366,3,2
286,367,3,2
286,368,3,2
286,369,3,2
286,370,3,2
286,371,3,2
286,372,3,2
286,373,3,2
286,374,3,2
286,375,3,2
286,376,3,2
286,377,3,2
286,378,3,2
286,379,3,2
286,380,3,2
286,381,3,2
286,382,3,2
286,383,3,2
286,384,3,2
286,385,3,2
286,386,3,2
286,387,3,2
286,388,3,2
286,389,3,2
286,390,3,2
286,391,3,2
286,392,3,2
286,393,3,2
286,394,3,2
286,395,3,2
286,396,3,2
286,397,3,2
286,398,3,2
286,399,3,2
286,400,3,2
286,401,3,2
286,402,3,2
286,403,3,2
286,404,3,2
286,405,3,2
286,406,3,2
286,407,3,2
286,408,3,2
286,409,3,2
286,410,3,2
286,411,3,2
286,412,3,2
286,413,3,2
286,414,3,2
286,415,3,2
286,416,3,2
286,417,3,2
286,418,3,2
286,419,3,2
286,420,3,2
286,421,3,2
286,422,3,2
286,423,3,2
286,424,3,2
286,425,3,2
286,426,3,2
286,427,3,2
286,428,3,2
286,429,3,2
286,430,3,3
286,431,3,3
286,432,3,3
286,433,3,3
286,434,3,3
286,435,3,3
286,436,3,3
286,437,3,3
286,438,3,3
286,439,3,3
286,440,3,3
286,441,3,3
286,442,3,3
286,443,3,3
286,444,3,3
286,445,3,3
286,446,3,3
286,447,3,3
286,448,3,3
286,449,3,3
286,450,3,3
286,451,3,3
286,452,3,3
286,453,3,3
286,454,3,3
286,455,3,3
286,456,3,3
286,457,3,3
286,458,3,3
286,459,3,3
286,460,3,3
286,461,3,3
286,462,3,3
286,463,3,3
286,464,3,3
286,465,3,3
286,466,3,2
286,467,3,2
286,468,3,2
286,469,3,2
286,470,3,2
286,471,3,2
286,472,3,2
286,473,3,2
286,474,3,2
286,475,3,2
286,476,3,2
286,477,3,2
286,478,3,2
286,479,3,2
286,480,3,2
286,481,3,3
286,482,3,3
286,483,3,3
286,484,3,3
286,485,3,3
286,486,3,3
286,487,3,3
286,488,3,3
286,489,3,3
286,490,3,3
286,491,3,3
286,492,3,3
286,493,3,3
286,494,3,3
286,495,3,3
286,496,3,3
286,497,3,3
286,498,3,3
286,499,3,3
286,500,3,3
286,501,3,3
286,502,3,3
286,503,3,3
286,504,3,3
286,505,3,3
286,506,3,3
286,507,3,3
286,508,3,3
286,509,3,3
286,510,3,3
286,511,3,3
286,512,3,3
286,513,3,3
286,514,3,3
286,515,3,3
286,516,3,3
286,517,3,3
286,518,3,3
286,519,3,3
286,520,3,3
286,521,3,3
286,522,3,3
286,523,3,3
286,524,3,3
286,525,3,3
286,526,3,3
286,527,3,3
286,528,3,3
286,529,3,3
286,530,3,3
286,531,3,3
286,532,3,3
286,533,3,3
286,534,3,3
286,535,3,3
286,536,3,3
286,537,3,3
286,538,3,3
286,539,3,3
286,540,3,3
286,541,3,3
286,542,3,3
286,543,3,3
286,544,3,3
286,545,3,3
286,546,3,3
286,547,3,3
286,548,3,3
286,549,3,3
286,550,3,3
286,551,3,3
286,552,3,3
286,553,3,3
286,554,3,3
286,555,3,3
286,556,3,3
286,557,3,3
286,558,3,3
286,559,3,3
286,560,3,3
286,561,3,3
286,562,3,3
286,563,3,3
286,564,3,3
286,565,3,3
286,566,3,3
286,567,3,3
286,568,3,2
286,569,3,2
286,570,3,2
286,571,3,2
286,572,3,2
286,573,3,2
286,574,3,2
286,575,3,2
286,576,3,2
286,577,3,2
286,578,3,2
286,579,3,2
286,580,3,2
286,581,3,2
286,582,3,2
286,583,3,2
286,584,3,2
286,585,3,2
286,586,3,2
286,587,3,2
286,588,3,2
286,589,3,2
286,590,3,2
286,591,3,2
286,592,3,2
286,593,3,2
286,594,3,2
286,595,3,2
286,596,3,2
286,597,3,2
286,598,3,2
286,599,3,2
286,600,3,2
286,601,3,2
286,602,3,2
286,603,3,2
286,604,3,2
286,605,3,2
286,606,3,2
286,607,3,2
286,608,3,2
286,609,3,2
286,610,3,2
286,611,3,2
286,612,3,2
286,613,3,2
286,614,3,2
286,615,3,2
286,616,3,3
286,617,3,3
286,618,3,3
286,619,3,3
286,620,3,3
286,621,3,3
286,622,3,3
286,623,3,3
286,624,3,3
286,625,3,3
286,626,3,3
286,627,3,3
286,628,3,3
286,629,3,3
286,630,3,3
286,631,3,3
286,632,3,3
286,633,3,3
286,634,3,3
286,635,3,3
286,636,3,3
286,637,3,3
286,638,3,3
286,639,3,3
286,640,3,3
286,641,3,3
286,642,3,3
286,643,3,3
286,644,3,3
286,645,3,3
286,646,3,3
286,647,3,3
286,648,3,3
286,649,3,3
286,650,3,3
286,651,3,3
286,652,3,3
286,653,3,3
286,654,3,3
286,655,3,3
286,656,3,3
286,657,3,3
286,658,3,3
286,659,3,3
286,660,3,3
286,661,3,3
286,662,3,3
286,663,3,3
286,664,3,3
286,665,3,3
286,666,3,3
286,667,3,3
286,668,3,3
286,669,3,3
286,670,3,3
286,671,3,3
286,672,3,3
286,673,3,3
286,674,3,2
286,675,3,2
286,676,3,2
286,677,3,2
286,678,3,2
286,679,3,2
286,680,3,2
286,681,3,2
286,682,3,2
286,683,3,2
286,684,3,2
286,685,3,2
286,686,3,2
287,99,3,2
287,100,3,2
287,101,3,2
287,102,3,2
287,103,3,2
287,104,3,2
287,105,3,2
287,106,3,2
287,107,3,2
287,108,3,2
287,109,3,2
287,110,3,2
287,111,3,2
287,112,3,2
287,113,3,2
287,114,3,2
287,115,3,2
287,116,3,2
287,117,3,2
287,118,3,2
287,119,3,2
287,120,3,2
287,121,3,2
287,122,3,2
287,123,3,2
287,124,3,2
287,125,3,2
287,126,3,2
287,127,3,2
287,128,3,2
287,129,3,2
287,130,3,2
287,131,3,2
287,132,3,2
287,133,3,2
287,134,3,2
287,135,3,2
287,136,3,2
287,137,3,2
287,138,3,2
287,139,3,2
287,140,3,2
287,141,3,2
287,142,3,2
287,143,3,2
287,144,3,2
287,145,3,2
287,146,3,2
287,147,3,2
287,148,3,2
287,149,3,2
287,150,3,2
287,151,3,2
287,152,3,2
287,153,3,2
287,154,3,2
287,155,3,2
287,156,3,2
287,157,3,2
287,158,3,2
287,159,3,2
287,160,3,2
287,161,3,2
287,162,3,2
287,163,3,2
287,164,3,2
287,165,3,2
287,166,3,2
287,167,3,2
287,168,3,2
287,169,3,2
287,170,3,2
287,171,3,2
287,172,3,2
287,173,3,2
287,174,3,2
287,175,3,2
287,176,3,2
287,177,3,2
287,178,3,2
287,179,3,2
287,180,3,2
287,181,3,2
287,182,3,2
287,183,3,2
287,184,3,2
287,185,3,2
287,186,3,2
287,187,3,2
287,188,3,2
287,189,3,2
287,190,3,2
287,191,3,2
287,192,3,2
287,193,3,2
287,194,3,2
287,195,3,2
287,196,3,2
287,197,3,2
287,198,3,2
287,199,3,2
287,200,3,2
287,201,3,2
287,202,3,2
287,203,3,2
287,204,3,2
287,205,3,2
287,206,3,2
287,207,3,2
287,208,3,2
287,209,3,2
287,210,3,2
287,211,3,2
287,212,3,2
287,213,3,2
287,214,3,2
287,215,3,2
287,216,3,2
287,217,3,2
287,218,3,2
287,219,3,2
287,220,3,2
287,221,3,2
287,222,3,2
287,223,3,2
287,224,3,2
287,225,3,2
287,226,3,2
287,227,3,2
287,228,3,2
287,229,3,2
287,230,3,2
287,231,3,2
287,232,3,2
287,233,3,2
287,234,3,2
287,235,3,2
287,236,3,2
287,237,3,2
287,238,3,2
287,239,3,2
287,240,3,2
287,241,3,2
287,242,3,2
287,243,3,2
287,244,3,2
287,245,3,2
287,246,3,2
287,247,3,2
287,248,3,2
287,249,3,2
287,250,3,2
287,251,3,2
287,252,3,2
287,253,3,2
287,254,3,2
287,255,3,2
287,256,3,2
287,257,3,2
287,258,3,2
287,259,3,2
287,260,3,2
287,261,3,2
287,262,3,2
287,263,3,2
287,264,3,2
287,265,3,2
287,266,3,2
287,267,3,2
287,268,3,2
287,269,3,2
287,270,3,2
287,271,3,2
287,272,3,2
287,273,3,2
287,274,3,2
287,275,3,2
287,276,3,2
287,277,3,2
287,278,3,2
287,279,3,2
287,280,3,2
287,281,3,2
287,282,3,2
287,283,3,2
287,284,3,2
287,285,3,2
287,286,3,2
287,287,3,2
287,288,3,2
287,289,3,2
287,290,3,2
287,291,3,2
287,292,3,2
287,293,3,2
287,294,3,2
287,295,3,2
287,296,3,2
287,297,3,2
287,298,3,2
287,299,3,2
287,300,3,2
287,301,3,2
287,302,3,2
287,303,3,2
287,304,3,2
287,305,3,2
287,306,3,2
287,307,3,2
287,308,3,2
287,309,3,2
287,310,3,2
287,311,3,2
287,312,3,2
287,313,3,2
287,314,3,2
287,315,3,2
287,316,3,2
287,317,3,2
287,318,3,2
287,319,3,2
287,320,3,2
287,321,3,2
287,322,3,2
287,323,3,2
287,324,3,2
287,325,3,2
287,326,3,2
287,327,3,2
287,328,3,2
287,329,3,2
287,330,3,2
287,331,3,2
287,332,3,2
287,333,3,2
287,334,3,2
287,335,3,2
287,336,3,2
287,337,3,2
287,338,3,2
287,339,3,2
287,340,3,2
287,341,3,2
287,342,3,2
287,343,3,2
287,344,3,2
287,345,3,2
287,346,3,2
287,347,3,2
287,348,3,2
287,349,3,2
287,350,3,2
287,351,3,2
287,352,3,2
287,353,3,2
287,354,3,2
287,355,3,2
287,356,3,2
287,357,3,2
287,358,3,2
287,359,3,2
287,360,3,2
287,361,3,2
287,362,3,2
287,363,3,2
287,364,3,2
287,365,3,2
287,366,3,2
287,367,3,2
287,368,3,2
287,369,3,2
287,370,3,2
287,371,3,2
287,372,3,2
287,373,3,2
287,374,3,2
287,375,3,2
287,376,3,2
287,377,3,2
287,378,3,2
287,379,3,2
287,380,3,2
287,381,3,2
287,382,3,2
287,383,3,2
287,384,3,2
287,385,3,2
287,386,3,2
287,387,3,2
287,388,3,2
287,389,3,2
287,390,3,2
287,391,3,2
287,392,3,2
287,393,3,2
287,394,3,2
287,395,3,2
287,396,3,2
287,397,3,2
287,398,3,2
287,399,3,2
287,400,3,2
287,401,3,2
287,402,3,2
287,403,3,2
287,404,3,2
287,405,3,2
287,406,3,2
287,407,3,2
287,408,3,2
287,409,3,2
287,410,3,2
287,411,3,2
287,412,3,2
287,413,3,2
287,414,3,2
287,415,3,2
287,416,3,2
287,417,3,2
287,418,3,2
287,419,3,2
287,420,3,2
287,421,3,2
287,422,3,2
287,423,3,2
287,424,3,2
287,425,3,2
287,426,3,2
287,427,3,2
287,428,3,2
287,429,3,2
287,430,3,3
287,431,3,3
287,432,3,3
287,433,3,3
287,434,3,3
287,435,3,3
287,436,3,3
287,437,3,3
287,438,3,3
287,439,3,3
287,440,3,3
287,441,3,3
287,442,3,3
287,443,3,3
287,444,3,3
287,445,3,3
287,446,3,3
287,447,3,3
287,448,3,3
287,449,3,3
287,450,3,3
287,451,3,3
287,452,3,3
287,453,3,3
287,454,3,3
287,455,3,3
287,456,3,3
287,457,3,3
287,458,3,3
287,459,3,3
287,460,3,3
287,461,3,3
287,462,3,3
287,463,3,3
287,464,3,3
287,465,3,3
287,466,3,2
287,467,3,2
287,468,3,2
287,469,3,2
287,470,3,2
287,471,3,2
287,472,3,2
287,473,3,2
287,474,3,2
287,475,3,2
287,476,3,2
287,477,3,2
287,478,3,2
287,479,3,2
287,480,3,2
287,481,3,3
287,482,3,3
287,483,3,3
287,484,3,3
287,485,3,3
287,486,3,3
287,487,3,3
287,488,3,3
287,489,3,3
287,490,3,3
287,491,3,3
287,492,3,3
287,493,3,3
287,494,3,3
287,495,3,3
287,496,3,3
287,497,3,3
287,498,3,3
287,499,3,3
287,500,3,3
287,501,3,3
287,502,3,3
287,503,3,3
287,504,3,3
287,505,3,3
287,506,3,3
287,507,3,3
287,508,3,3
287,509,3,3
287,510,3,3
287,511,3,3
287,512,3,3
287,513,3,3
287,514,3,3
287,515,3,3
287,516,3,3
287,517,3,3
287,518,3,3
287,519,3,3
287,520,3,3
287,521,3,3
287,522,3,3
287,523,3,3
287,524,3,3
287,525,3,3
287,526,3,3
287,527,3,3
287,528,3,3
287,529,3,3
287,530,3,3
287,531,3,3
287,532,3,3
287,533,3,3
287,534,3,3
287,535,3,3
287,536,3,3
287,537,3,3
287,538,3,3
287,539,3,3
287,540,3,3
287,541,3,3
287,542,3,3
287,543,3,3
287,544,3,3
287,545,3,3
287,546,3,3
287,547,3,3
287,548,3,3
287,549,3,3
287,550,3,3
287,551,3,3
287,552,3,3
287,553,3,3
287,554,3,3
287,555,3,3
287,556,3,3
287,557,3,3
287,558,3,3
287,559,3,3
287,560,3,3
287,561,3,3
287,562,3,3
287,563,3,3
287,564,3,3
287,565,3,3
287,566,3,3
287,567,3,3
287,568,3,2
287,569,3,2
287,570,3,2
287,571,3,2
287,572,3,2
287,573,3,2
287,574,3,2
287,575,3,2
287,576,3,2
287,577,3,2
287,578,3,2
287,579,3,2
287,580,3,2
287,581,3,2
287,582,3,2
287,583,3,2
287,584,3,2
287,585,3,2
287,586,3,2
287,587,3,2
287,588,3,2
287,589,3,2
287,590,3,2
287,591,3,2
287,592,3,2
287,593,3,2
287,594,3,2
287,595,3,2
287,596,3,2
287,597,3,2
287,598,3,2
287,599,3,2
287,600,3,2
287,601,3,2
287,602,3,2
287,603,3,2
287,604,3,2
287,605,3,2
287,606,3,2
287,607,3,2
287,608,3,2
287,609,3,2
287,610,3,2
287,611,3,2
287,612,3,2
287,613,3,2
287,614,3,2
287,615,3,2
287,616,3,3
287,617,3,3
287,618,3,3
287,619,3,3
287,620,3,3
287,621,3,3
287,622,3,3
287,623,3,3
287,624,3,3
287,625,3,3
287,626,3,3
287,627,3,3
287,628,3,3
287,629,3,3
287,630,3,3
287,631,3,3
287,632,3,3
287,633,3,3
287,634,3,3
287,635,3,3
287,636,3,3
287,637,3,3
287,638,3,3
287,639,3,3
287,640,3,3
287,641,3,3
287,642,3,3
287,643,3,3
287,644,3,3
287,645,3,3
287,646,3,3
287,647,3,3
287,648,3,3
287,649,3,3
287,650,3,3
287,651,3,3
287,652,3,3
287,653,3,3
287,654,3,3
287,655,3,3
287,656,3,3
287,657,3,3
287,658,3,3
287,659,3,3
287,660,3,3
287,661,3,3
287,662,3,3
287,663,3,3
287,664,3,3
287,665,3,3
287,666,3,3
287,667,3,3
287,668,3,3
287,669,3,3
287,670,3,3
287,671,3,3
287,672,3,3
287,673,3,3
287,674,3,3
287,675,3,2
287,676,3,2
287,677,3,2
287,678,3,2
287,679,3,2
287,680,3,2
287,681,3,2
287,682,3,2
287,683,3,2
288,98,3,2
288,99,3,2
288,100,3,2
288,101,3,2
288,102,3,2
288,103,3,2
288,104,3,2
288,105,3,2
288,106,3,2
288,107,3,2
288,108,3,2
288,109,3,2
288,110,3,2
288,111,3,2
288,112,3,2
288,113,3,2
288,114,3,2
288,115,3,2
288,116,3,2
288,117,3,2
288,118,3,2
288,119,3,2
288,120,3,2
288,121,3,2
288,122,3,2
288,123,3,2
288,124,3,2
288,125,3,2
288,126,3,2
288,127,3,2
288,128,3,2
288,129,3,2
288,130,3,2
288,131,3,2
288,132,3,2
288,133,3,2
288,134,3,2
288,135,3,2
288,136,3,2
288,137,3,2
288,138,3,2
288,139,3,2
288,140,3,2
288,141,3,2
288,142,3,2
288,143,3,2
288,144,3,2
288,145,3,2
288,146,3,2
288,147,3,2
288,148,3,2
288,149,3,2
288,150,3,2
288,151,3,2
288,152,3,2
288,153,3,2
288,154,3,2
288,155,3,2
288,156,3,2
288,157,3,2
288,158,3,2
288,159,3,2
288,160,3,2
288,161,3,2
288,162,3,2
288,163,3,2
288,164,3,2
288,165,3,2
288,166,3,2
288,167,3,2
288,168,3,2
288,169,3,2
288,170,3,2
288,171,3,2
288,172,3,2
288,173,3,2
288,174,3,2
288,175,3,2
288,176,3,2
288,177,3,2
288,178,3,2
288,179,3,2
288,180,3,2
288,181,3,2
288,182,3,2
288,183,3,2
288,184,3,2
288,185,3,2
288,186,3,2
288,187,3,2
288,188,3,2
288,189,3,2
288,190,3,2
288,191,3,2
288,192,3,2
288,193,3,2
288,194,3,2
288,195,3,2
288,196,3,2
288,197,3,2
288,198,3,2
288,199,3,2
288,200,3,2
288,201,3,2
288,202,3,2
288,203,3,2
288,204,3,2
288,205,3,2
288,206,3,2
288,207,3,2
288,208,3,2
288,209,3,2
288,210,3,2
288,211,3,2
288,212,3,2
288,213,3,2
288,214,3,2
288,215,3,2
288,216,3,2
288,217,3,2
288,218,3,2
288,219,3,2
288,220,3,2
288,221,3,2
288,222,3,2
288,223,3,2
288,224,3,2
288,225,3,2
288,226,3,2
288,227,3,2
288,228,3,2
288,229,3,2
288,230,3,2
288,231,3,2
288,232,3,2
288,233,3,2
288,234,3,2
288,235,3,2
288,236,3,2
288,237,3,2
288,238,3,2
288,239,3,2
288,240,3,2
288,241,3,2
288,242,3,2
288,243,3,2
288,244,3,2
288,245,3,2
288,246,3,2
288,247,3,2
288,248,3,2
288,249,3,2
288,250,3,2
288,251,3,2
288,252,3,2
288,253,3,2
288,254,3,2
288,255,3,2
288,256,3,2
288,257,3,2
288,258,3,2
288,259,3,2
288,260,3,2
288,261,3,2
288,262,3,2
288,263,3,2
288,264,3,2
288,265,3,2
288,266,3,2
288,267,3,2
288,268,3,2
288,269,3,2
288,270,3,2
288,271,3,2
288,272,3,2
288,273,3,2
288,274,3,2
288,275,3,2
288,276,3,2
288,277,3,2
288,278,3,2
288,279,3,2
288,280,3,2
288,281,3,2
288,282,3,2
288,283,3,2
288,284,3,2
288,285,3,2
288,286,3,2
288,287,3,2
288,288,3,2
288,289,3,2
288,290,3,2
288,291,3,2
288,292,3,2
288,293,3,2
288,294,3,2
288,295,3,2
288,296,3,2
288,297,3,2
288,298,3,2
288,299,3,2
288,300,3,2
288,301,3,2
288,302,3,2
288,303,3,2
288,304,3,2
288,305,3,2
288,306,3,2
288,307,3,2
288,308,3,2
288,309,3,2
288,310,3,2
288,311,3,2
288,312,3,2
288,313,3,2
288,314,3,2
288,315,3,2
288,316,3,2
288,317,3,2
288,318,3,2
288,319,3,2
288,320,3,2
288,321,3,2
288,322,3,2
288,323,3,2
288,324,3,2
288,325,3,2
288,326,3,2
288,327,3,2
288,328,3,2
288,329,3,2
288,330,3,2
288,331,3,2
288,332,3,2
288,333,3,2
288,334,3,2
288,335,3,2
288,336,3,2
288,337,3,2
288,338,3,2
288,339,3,2
288,340,3,2
288,341,3,2
288,342,3,2
288,343,3,2
288,344,3,2
288,345,3,2
288,346,3,2
288,347,3,2
288,348,3,2
288,349,3,2
288,350,3,2
288,351,3,2
288,352,3,2
288,353,3,2
288,354,3,2
288,355,3,2
288,356,3,2
288,357,3,2
288,358,3,2
288,359,3,2
288,360,3,2
288,361,3,2
288,362,3,2
288,363,3,2
288,364,3,2
288,365,3,2
288,366,3,2
288,367,3,2
288,368,3,2
288,369,3,2
288,370,3,2
288,371,3,2
288,372,3,2
288,373,3,2
288,374,3,2
288,375,3,2
288,376,3,2
288,377,3,2
288,378,3,2
288,379,3,2
288,380,3,2
288,381,3,2
288,382,3,2
288,383,3,2
288,384,3,2
288,385,3,2
288,386,3,2
288,387,3,2
288,388,3,2
288,389,3,2
288,390,3,2
288,391,3,2
288,392,3,2
288,393,3,2
288,394,3,2
288,395,3,2
288,396,3,2
288,397,3,2
288,398,3,2
288,399,3,2
288,400,3,2
288,401,3,2
288,402,3,2
288,403,3,2
288,404,3,2
288,405,3,2
288,406,3,2
288,407,3,2
288,408,3,2
288,409,3,2
288,410,3,2
288,411,3,2
288,412,3,2
288,413,3,2
288,414,3,2
288,415,3,2
288,416,3,2
288,417,3,2
288,418,3,2
288,419,3,2
288,420,3,2
288,421,3,2
288,422,3,2
288,423,3,2
288,424,3,2
288,425,3,2
288,426,3,2
288,427,3,2
288,428,3,2
288,429,3,2
288,430,3,3
288,431,3,3
288,432,3,3
288,433,3,3
288,434,3,3
288,435,3,3
288,436,3,3
288,437,3,3
288,438,3,3
288,439,3,3
288,440,3,3
288,441,3,3
288,442,3,3
288,443,3,3
288,444,3,3
288,445,3,3
288,446,3,3
288,447,3,3
288,448,3,3
288,449,3,3
288,450,3,3
288,451,3,3
288,452,3,3
288,453,3,3
288,454,3,3
288,455,3,3
288,456,3,3
288,457,3,3
288,458,3,3
288,459,3,3
288,460,3,3
288,461,3,3
288,462,3,3
288,463,3,3
288,464,3,3
288,465,3,3
288,466,3,2
288,467,3,2
288,468,3,2
288,469,3,2
288,470,3,2
288,471,3,2
288,472,3,2
288,473,3,2
288,474,3,2
288,475,3,2
288,476,3,2
288,477,3,2
288,478,3,2
288,479,3,2
288,480,3,2
288,481,3,3
288,482,3,3
288,483,3,3
288,484,3,3
288,485,3,3
288,486,3,3
288,487,3,3
288,488,3,3
288,489,3,3
288,490,3,3
288,491,3,3
288,492,3,3
288,493,3,3
288,494,3,3
288,495,3,3
288,496,3,3
288,497,3,3
288,498,3,3
288,499,3,3
288,500,3,3
288,501,3,3
288,502,3,3
288,503,3,3
288,504,3,3
288,505,3,3
288,506,3,3
288,507,3,3
288,508,3,3
288,509,3,3
288,510,3,3
288,511,3,3
288,512,3,3
288,513,3,3
288,514,3,3
288,515,3,3
288,516,3,3
288,517,3,3
288,518,3,3
288,519,3,3
288,520,3,3
288,521,3,3
288,522,3,3
288,523,3,3
288,524,3,3
288,525,3,3
288,526,3,3
288,527,3,3
288,528,3,3
288,529,3,3
288,530,3,3
288,531,3,3
288,532,3,3
288,533,3,3
288,534,3,3
288,535,3,3
288,536,3,3
288,537,3,3
288,538,3,3
288,539,3,3
288,540,3,3
288,541,3,3
288,542,3,3
288,543,3,3
288,544,3,3
288,545,3,3
288,546,3,3
288,547,3,3
288,548,3,3
288,549,3,3
288,550,3,3
288,551,3,3
288,552,3,3
288,553,3,3
288,554,3,3
288,555,3,3
288,556,3,3
288,557,3,3
288,558,3,3
288,559,3,3
288,560,3,3
288,561,3,3
288,562,3,3
288,563,3,3
288,564,3,3
288,565,3,3
288,566,3,3
288,567,3,3
288,568,3,2
288,569,3,2
288,570,3,2
288,571,3,2
288,572,3,2
288,573,3,2
288,574,3,2
288,575,3,2
288,576,3,2
288,577,3,2
288,578,3,2
288,579,3,2
288,580,3,2
288,581,3,2
288,582,3,2
288,583,3,2
288,584,3,2
288,585,3,2
288,586,3,2
288,587,3,2
288,588,3,2
288,589,3,2
288,590,3,2
288,591,3,2
288,592,3,2
288,593,3,2
288,594,3,2
288,595,3,2
288,596,3,2
288,597,3,2
288,598,3,2
288,599,3,2
288,600,3,2
288,601,3,2
288,602,3,2
288,603,3,2
288,604,3,2
288,605,3,2
288,606,3,2
288,607,3,2
288,608,3,2
288,609,3,2
288,610,3,2
288,611,3,2
288,612,3,2
288,613,3,2
288,614,3,2
288,615,3,3
288,616,3,3
288,617,3,3
288,618,3,3
288,619,3,3
288,620,3,3
288,621,3,3
288,622,3,3
288,623,3,3
288,624,3,3
288,625,3,3
288,626,3,3
288,627,3,3
288,628,3,3
288,629,3,3
288,630,3,3
288,631,3,3
288,632,3,3
288,633,3,3
288,634,3,3
288,635,3,3
288,636,3,3
288,637,3,3
288,638,3,3
288,639,3,3
288,640,3,3
288,641,3,3
288,642,3,3
288,643,3,3
288,644,3,3
288,645,3,3
288,646,3,3
288,647,3,3
288,648,3,3
288,649,3,3
288,650,3,3
288,651,3,3
288,652,3,3
288,653,3,3
288,654,3,3
288,655,3,3
288,656,3,3
288,657,3,3
288,658,3,3
288,659,3,3
288,660,3,3
288,661,3,3
288,662,3,3
288,663,3,3
288,664,3,3
288,665,3,3
288,666,3,3
288,667,3,3
288,668,3,3
288,669,3,3
288,670,3,3
288,671,3,3
288,672,3,3
288,673,3,2
288,674,3,2
288,675,3,2
288,676,3,2
288,677,3,2
288,678,3,2
288,679,3,2
288,680,3,2
288,681,3,2
288,682,3,2
288,683,3,2
289,95,3,2
289,96,3,2
289,97,3,2
289,98,3,2
289,103,3,2
289,104,3,2
289,105,3,2
289,106,3,2
289,107,3,2
289,108,3,2
289,109,3,2
289,110,3,2
289,111,3,2
289,112,3,2
289,113,3,2
289,114,3,2
289,115,3,2
289,116,3,2
289,117,3,2
289,118,3,2
289,119,3,2
289,120,3,2
289,121,3,2
289,122,3,2
289,123,3,2
289,124,3,2
289,125,3,2
289,126,3,2
289,127,3,2
289,128,3,2
289,129,3,2
289,130,3,2
289,131,3,2
289,132,3,2
289,133,3,2
289,134,3,2
289,135,3,2
289,136,3,2
289,137,3,2
289,138,3,2
289,139,3,2
289,140,3,2
289,141,3,2
289,142,3,2
289,143,3,2
289,144,3,2
289,145,3,2
289,146,3,2
289,147,3,2
289,148,3,2
289,149,3,2
289,150,3,2
289,151,3,2
289,152,3,2
289,153,3,2
289,154,3,2
289,155,3,2
289,156,3,2
289,157,3,2
289,158,3,2
289,159,3,2
289,160,3,2
289,161,3,2
289,162,3,2
289,163,3,2
289,164,3,2
289,165,3,2
289,166,3,2
289,167,3,2
289,168,3,2
289,169,3,2
289,170,3,2
289,171,3,2
289,172,3,2
289,173,3,2
289,174,3,2
289,175,3,2
289,176,3,2
289,177,3,2
289,178,3,2
289,179,3,2
289,180,3,2
289,181,3,2
289,182,3,2
289,183,3,2
289,184,3,2
289,185,3,2
289,186,3,2
289,187,3,2
289,188,3,2
289,189,3,2
289,190,3,2
289,191,3,2
289,192,3,2
289,193,3,2
289,194,3,2
289,195,3,2
289,196,3,2
289,197,3,2
289,198,3,2
289,199,3,2
289,200,3,2
289,201,3,2
289,202,3,2
289,203,3,2
289,204,3,2
289,205,3,2
289,206,3,2
289,207,3,2
289,208,3,2
289,209,3,2
289,210,3,2
289,211,3,2
289,212,3,2
289,213,3,2
289,214,3,2
289,215,3,2
289,216,3,2
289,217,3,2
289,218,3,2
289,219,3,2
289,220,3,2
289,221,3,2
289,222,3,2
289,223,3,2
289,224,3,2
289,225,3,2
289,226,3,2
289,227,3,2
289,228,3,2
289,229,3,2
289,230,3,2
289,231,3,2
289,232,3,2
289,233,3,2
289,234,3,2
289,235,3,2
289,236,3,2
289,237,3,2
289,238,3,2
289,239,3,2
289,240,3,2
289,241,3,2
289,242,3,2
289,243,3,2
289,244,3,2
289,245,3,2
289,246,3,2
289,247,3,2
289,248,3,2
289,249,3,2
289,250,3,2
289,251,3,2
289,252,3,2
289,253,3,2
289,254,3,2
289,255,3,2
289,256,3,2
289,257,3,2
289,258,3,2
289,259,3,2
289,260,3,2
289,261,3,2
289,262,3,2
289,263,3,2
289,264,3,2
289,265,3,2
289,266,3,2
289,267,3,2
289,268,3,2
289,269,3,2
289,270,3,2
289,271,3,2
289,272,3,2
289,273,3,2
289,274,3,2
289,275,3,2
289,276,3,2
289,277,3,2
289,278,3,2
289,279,3,2
289,280,3,2
289,281,3,2
289,282,3,2
289,283,3,2
289,284,3,2
289,285,3,2
289,286,3,2
289,287,3,2
289,288,3,2
289,289,3,2
289,290,3,2
289,291,3,2
289,292,3,2
289,293,3,2
289,294,3,2
289,295,3,2
289,296,3,2
289,297,3,2
289,298,3,2
289,299,3,2
289,300,3,2
289,301,3,2
289,302,3,2
289,303,3,2
289,304,3,2
289,305,3,2
289,306,3,2
289,307,3,2
289,308,3,2
289,309,3,2
289,310,3,2
289,311,3,2
289,312,3,2
289,313,3,2
289,314,3,2
289,315,3,2
289,316,3,2
289,317,3,2
289,318,3,2
289,319,3,2
289,320,3,2
289,321,3,2
289,322,3,2
289,323,3,2
289,324,3,2
289,325,3,2
289,326,3,2
289,327,3,2
289,328,3,2
289,329,3,2
289,330,3,2
289,331,3,2
289,332,3,2
289,333,3,2
289,334,3,2
289,335,3,2
289,336,3,2
289,337,3,2
289,338,3,2
289,339,3,2
289,340,3,2
289,341,3,2
289,342,3,2
289,343,3,2
289,344,3,2
289,345,3,2
289,346,3,2
289,347,3,2
289,348,3,2
289,349,3,2
289,350,3,2
289,351,3,2
289,352,3,2
289,353,3,2
289,354,3,2
289,355,3,2
289,356,3,2
289,357,3,2
289,358,3,2
289,359,3,2
289,360,3,2
289,361,3,2
289,362,3,2
289,363,3,2
289,364,3,2
289,365,3,2
289,366,3,2
289,367,3,2
289,368,3,2
289,369,3,2
289,370,3,2
289,371,3,2
289,372,3,2
289,373,3,2
289,374,3,2
289,375,3,2
289,376,3,2
289,377,3,2
289,378,3,2
289,379,3,2
289,380,3,2
289,381,3,2
289,382,3,2
289,383,3,2
289,384,3,2
289,385,3,2
289,386,3,2
289,387,3,2
289,388,3,2
289,389,3,2
289,390,3,2
289,391,3,2
289,392,3,2
289,393,3,2
289,394,3,2
289,395,3,2
289,396,3,2
289,397,3,2
289,398,3,2
289,399,3,2
289,400,3,2
289,401,3,2
289,402,3,2
289,403,3,2
289,404,3,2
289,405,3,2
289,406,3,2
289,407,3,2
289,408,3,2
289,409,3,2
289,410,3,2
289,411,3,2
289,412,3,2
289,413,3,2
289,414,3,2
289,415,3,2
289,416,3,2
289,417,3,2
289,418,3,2
289,419,3,2
289,420,3,2
289,421,3,2
289,422,3,2
289,423,3,2
289,424,3,2
289,425,3,2
289,426,3,2
289,427,3,2
289,428,3,2
289,429,3,2
289,430,3,2
289,431,3,3
289,432,3,3
289,433,3,3
289,434,3,3
289,435,3,3
289,436,3,3
289,437,3,3
289,438,3,3
289,439,3,3
289,440,3,3
289,441,3,3
289,442,3,3
289,443,3,3
289,444,3,3
289,445,3,3
289,446,3,3
289,447,3,3
289,448,3,3
289,449,3,3
289,450,3,3
289,451,3,3
289,452,3,3
289,453,3,3
289,454,3,3
289,455,3,3
289,456,3,3
289,457,3,3
289,458,3,3
289,459,3,3
289,460,3,3
289,461,3,3
289,462,3,3
289,463,3,3
289,464,3,3
289,465,3,3
289,466,3,3
289,467,3,2
289,468,3,2
289,469,3,2
289,470,3,2
289,471,3,2
289,472,3,2
289,473,3,2
289,474,3,2
289,475,3,2
289,476,3,2
289,477,3,2
289,478,3,2
289,479,3,2
289,480,3,2
289,481,3,2
289,482,3,3
289,483,3,3
289,484,3,3
289,485,3,3
289,486,3,3
289,487,3,3
289,488,3,3
289,489,3,3
289,490,3,3
289,491,3,3
289,492,3,3
289,493,3,3
289,494,3,3
289,495,3,3
289,496,3,3
289,497,3,3
289,498,3,3
289,499,3,3
289,500,3,3
289,501,3,3
289,502,3,3
289,503,3,3
289,504,3,3
289,505,3,3
289,506,3,3
289,507,3,3
289,508,3,3
289,509,3,3
289,510,3,3
289,511,3,3
289,512,3,3
289,513,3,3
289,514,3,3
289,515,3,3
289,516,3,3
289,517,3,3
289,518,3,3
289,519,3,3
289,520,3,3
289,521,3,3
289,522,3,3
289,523,3,3
289,524,3,3
289,525,3,3
289,526,3,3
289,527,3,3
289,528,3,3
289,529,3,3
289,530,3,3
289,531,3,3
289,532,3,3
289,533,3,3
289,534,3,3
289,535,3,3
289,536,3,3
289,537,3,3
289,538,3,3
289,539,3,3
289,540,3,3
289,541,3,3
289,542,3,3
289,543,3,3
289,544,3,3
289,545,3,3
289,546,3,3
289,547,3,3
289,548,3,3
289,549,3,3
289,550,3,3
289,551,3,3
289,552,3,3
289,553,3,3
289,554,3,3
289,555,3,3
289,556,3,3
289,557,3,3
289,558,3,3
289,559,3,3
289,560,3,3
289,561,3,3
289,562,3,3
289,563,3,3
289,564,3,3
289,565,3,3
289,566,3,3
289,567,3,3
289,568,3,3
289,569,3,2
289,570,3,2
289,571,3,2
289,572,3,2
289,573,3,2
289,574,3,2
289,575,3,2
289,576,3,2
289,577,3,2
289,578,3,2
289,579,3,2
289,580,3,2
289,581,3,2
289,582,3,2
289,583,3,2
289,584,3,2
289,585,3,2
289,586,3,2
289,587,3,2
289,588,3,2
289,589,3,2
289,590,3,2
289,591,3,2
289,592,3,2
289,593,3,2
289,594,3,2
289,595,3,2
289,596,3,2
289,597,3,2
289,598,3,2
289,599,3,2
289,600,3,2
289,601,3,2
289,602,3,2
289,603,3,2
289,604,3,2
289,605,3,2
289,606,3,2
289,607,3,2
289,608,3,2
289,609,3,2
289,610,3,2
289,611,3,2
289,612,3,2
289,613,3,2
289,614,3,3
289,615,3,3
289,616,3,3
289,617,3,3
289,618,3,3
289,619,3,3
289,620,3,3
289,621,3,3
289,622,3,3
289,623,3,3
289,624,3,3
289,625,3,3
289,626,3,3
289,627,3,3
289,628,3,3
289,629,3,3
289,630,3,3
289,631,3,3
289,632,3,3
289,633,3,3
289,634,3,3
289,635,3,3
289,636,3,3
289,637,3,3
289,638,3,3
289,639,3,3
289,640,3,3
289,641,3,3
289,642,3,3
289,643,3,3
289,644,3,3
289,645,3,3
289,646,3,3
289,647,3,3
289,648,3,3
289,649,3,3
289,650,3,3
289,651,3,3
289,652,3,3
289,653,3,3
289,654,3,3
289,655,3,3
289,656,3,3
289,657,3,3
289,658,3,3
289,659,3,3
289,660,3,3
289,661,3,3
289,662,3,3
289,663,3,3
289,664,3,3
289,665,3,3
289,666,3,3
289,667,3,3
289,668,3,3
289,669,3,3
289,670,3,3
289,671,3,2
289,672,3,2
289,673,3,2
289,674,3,2
289,675,3,2
289,676,3,2
289,677,3,2
289,678,3,2
289,679,3,2
289,680,3,2
289,681,3,2
289,682,3,2
290,93,3,2
290,94,3,2
290,95,3,2
290,96,3,2
290,97,3,2
290,98,3,2
290,103,3,2
290,104,3,2
290,105,3,2
290,106,3,2
290,107,3,2
290,108,3,2
290,109,3,2
290,110,3,2
290,111,3,2
290,112,3,2
290,113,3,2
290,114,3,2
290,115,3,2
290,116,3,2
290,117,3,2
290,118,3,2
290,119,3,2
290,120,3,2
290,121,3,2
290,122,3,2
290,123,3,2
290,124,3,2
290,125,3,2
290,126,3,2
290,127,3,2
290,128,3,2
290,129,3,2
290,130,3,2
290,131,3,2
290,132,3,2
290,133,3,2
290,134,3,2
290,135,3,2
290,136,3,2
290,137,3,2
290,138,3,2
290,139,3,2
290,140,3,2
290,141,3,2
290,142,3,2
290,143,3,2
290,144,3,2
290,145,3,2
290,146,3,2
290,147,3,2
290,148,3,2
290,149,3,2
290,150,3,2
290,151,3,2
290,152,3,2
290,153,3,2
290,154,3,2
290,155,3,2
290,156,3,2
290,157,3,2
290,158,3,2
290,159,3,2
290,160,3,2
290,161,3,2
290,162,3,2
290,163,3,2
290,164,3,2
290,165,3,2
290,166,3,2
290,167,3,2
290,168,3,2
290,169,3,2
290,170,3,2
290,171,3,2
290,172,3,2
290,173,3,2
290,174,3,2
290,175,3,2
290,176,3,2
290,177,3,2
290,178,3,2
290,179,3,2
290,180,3,2
290,181,3,2
290,182,3,2
290,183,3,2
290,184,3,2
290,185,3,2
290,186,3,2
290,187,3,2
290,188,3,2
290,189,3,2
290,190,3,2
290,191,3,2
290,192,3,2
290,193,3,2
290,194,3,2
290,195,3,2
290,196,3,2
290,197,3,2
290,198,3,2
290,199,3,2
290,200,3,2
290,201,3,2
290,202,3,2
290,203,3,2
290,204,3,2
290,205,3,2
290,206,3,2
290,207,3,2
290,208,3,2
290,209,3,2
290,210,3,2
290,211,3,2
290,212,3,2
290,213,3,2
290,214,3,2
290,215,3,2
290,216,3,2
290,217,3,2
290,218,3,2
290,219,3,2
290,220,3,2
290,221,3,2
290,222,3,2
290,223,3,2
290,224,3,2
290,225,3,2
290,226,3,2
290,227,3,2
290,228,3,2
290,229,3,2
290,230,3,2
290,231,3,2
290,232,3,2
290,233,3,2
290,234,3,2
290,235,3,2
290,236,3,2
290,237,3,2
290,238,3,2
290,239,3,2
290,240,3,2
290,241,3,2
290,242,3,2
290,243,3,2
290,244,3,2
290,245,3,2
290,246,3,2
290,247,3,2
290,248,3,2
290,249,3,2
290,250,3,2
290,251,3,2
290,252,3,2
290,253,3,2
290,254,3,2
290,255,3,2
290,256,3,2
290,257,3,2
290,258,3,2
290,259,3,2
290,260,3,2
290,261,3,2
290,262,3,2
290,263,3,2
290,264,3,2
290,265,3,2
290,266,3,2
290,267,3,2
290,268,3,2
290,269,3,2
290,270,3,2
290,271,3,2
290,272,3,2
290,273,3,2
290,274,3,2
290,275,3,2
290,276,3,2
290,277,3,2
290,278,3,2
290,279,3,2
290,280,3,2
290,281,3,2
290,282,3,2
290,283,3,2
290,284,3,2
290,285,3,2
290,286,3,2
290,287,3,2
290,288,3,2
290,289,3,2
290,290,3,2
290,291,3,2
290,292,3,2
290,293,3,2
290,294,3,2
290,295,3,2
290,296,3,2
290,297,3,2
290,298,3,2
290,299,3,2
290,300,3,2
290,301,3,2
290,302,3,2
290,303,3,2
290,304,3,2
290,305,3,2
290,306,3,2
290,307,3,2
290,308,3,2
290,309,3,2
290,310,3,2
290,311,3,2
290,312,3,2
290,313,3,2
290,314,3,2
290,315,3,2
290,316,3,2
290,317,3,2
290,318,3,2
290,319,3,2
290,320,3,2
290,321,3,2
290,322,3,2
290,323,3,2
290,324,3,2
290,325,3,2
290,326,3,2
290,327,3,2
290,328,3,2
290,329,3,2
290,330,3,2
290,331,3,2
290,332,3,2
290,333,3,2
290,334,3,2
290,335,3,2
290,336,3,2
290,337,3,2
290,338,3,2
290,339,3,2
290,340,3,2
290,341,3,2
290,342,3,2
290,343,3,2
290,344,3,2
290,345,3,2
290,346,3,2
290,347,3,2
290,348,3,2
290,349,3,2
290,350,3,2
290,351,3,2
290,352,3,2
290,353,3,2
290,354,3,2
290,355,3,2
290,356,3,2
290,357,3,2
290,358,3,2
290,359,3,2
290,360,3,2
290,361,3,2
290,362,3,2
290,363,3,2
290,364,3,2
290,365,3,2
290,366,3,2
290,367,3,2
290,368,3,2
290,369,3,2
290,370,3,2
290,371,3,2
290,372,3,2
290,373,3,2
290,374,3,2
290,375,3,2
290,376,3,2
290,377,3,2
290,378,3,2
290,379,3,2
290,380,3,2
290,381,3,2
290,382,3,2
290,383,3,2
290,384,3,2
290,385,3,2
290,386,3,2
290,387,3,2
290,388,3,2
290,389,3,2
290,390,3,2
290,391,3,2
290,392,3,2
290,393,3,2
290,394,3,2
290,395,3,2
290,396,3,2
290,397,3,2
290,398,3,2
290,399,3,2
290,400,3,2
290,401,3,2
290,402,3,2
290,403,3,2
290,404,3,2
290,405,3,2
290,406,3,2
290,407,3,2
290,408,3,2
290,409,3,2
290,410,3,2
290,411,3,2
290,412,3,2
290,413,3,2
290,414,3,2
290,415,3,2
290,416,3,2
290,417,3,2
290,418,3,2
290,419,3,2
290,420,3,2
290,421,3,2
290,422,3,2
290,423,3,2
290,424,3,2
290,425,3,2
290,426,3,2
290,427,3,2
290,428,3,2
290,429,3,2
290,430,3,2
290,431,3,2
290,432,3,3
290,433,3,3
290,434,3,3
290,435,3,3
290,436,3,3
290,437,3,3
290,438,3,3
290,439,3,3
290,440,3,3
290,441,3,3
290,442,3,3
290,443,3,3
290,444,3,3
290,445,3,3
290,446,3,3
290,447,3,3
290,448,3,3
290,449,3,3
290,450,3,3
290,451,3,3
290,452,3,3
290,453,3,3
290,454,3,3
290,455,3,3
290,456,3,3
290,457,3,3
290,458,3,3
290,459,3,3
290,460,3,3
290,461,3,3
290,462,3,3
290,463,3,3
290,464,3,3
290,465,3,3
290,466,3,2
290,467,3,2
290,468,3,2
290,469,3,2
290,470,3,2
290,471,3,2
290,472,3,2
290,473,3,2
290,474,3,2
290,475,3,2
290,476,3,2
290,477,3,2
290,478,3,2
290,479,3,2
290,480,3,2
290,481,3,2
290,482,3,3
290,483,3,3
290,484,3,3
290,485,3,3
290,486,3,3
290,487,3,3
290,488,3,3
290,489,3,3
290,490,3,3
290,491,3,3
290,492,3,3
290,493,3,3
290,494,3,3
290,495,3,3
290,496,3,3
290,497,3,3
290,498,3,3
290,499,3,3
290,500,3,3
290,501,3,3
290,502,3,3
290,503,3,3
290,504,3,3
290,505,3,3
290,506,3,3
290,507,3,3
290,508,3,3
290,509,3,3
290,510,3,3
290,511,3,3
290,512,3,3
290,513,3,3
290,514,3,3
290,515,3,3
290,516,3,3
290,517,3,3
290,518,3,3
290,519,3,3
290,520,3,3
290,521,3,3
290,522,3,3
290,523,3,3
290,524,3,3
290,525,3,3
290,526,3,3
290,527,3,3
290,528,3,3
290,529,3,3
290,530,3,3
290,531,3,3
290,532,3,3
290,533,3,3
290,534,3,3
290,535,3,3
290,536,3,3
290,537,3,3
290,538,3,3
290,539,3,3
290,540,3,3
290,541,3,3
290,542,3,3
290,543,3,3
290,544,3,3
290,545,3,3
290,546,3,3
290,547,3,3
290,548,3,3
290,549,3,3
290,550,3,3
290,551,3,3
290,552,3,3
290,553,3,3
290,554,3,3
290,555,3,3
290,556,3,3
290,557,3,3
290,558,3,3
290,559,3,3
290,560,3,3
290,561,3,3
290,562,3,3
290,563,3,3
290,564,3,3
290,565,3,3
290,566,3,3
290,567,3,3
290,568,3,3
290,569,3,2
290,570,3,2
290,571,3,2
290,572,3,2
290,573,3,2
290,574,3,2
290,575,3,2
290,576,3,2
290,577,3,2
290,578,3,2
290,579,3,2
290,580,3,2
290,581,3,2
290,582,3,2
290,583,3,2
290,584,3,2
290,585,3,2
290,586,3,2
290,587,3,2
290,588,3,2
290,589,3,2
290,590,3,2
290,591,3,2
290,592,3,2
290,593,3,2
290,594,3,2
290,595,3,2
290,596,3,2
290,597,3,2
290,598,3,2
290,599,3,2
290,600,3,2
290,601,3,2
290,602,3,2
290,603,3,2
290,604,3,2
290,605,3,2
290,606,3,2
290,607,3,2
290,608,3,2
290,609,3,2
290,610,3,2
290,611,3,2
290,612,3,2
290,613,3,3
290,614,3,3
290,615,3,3
290,616,3,3
290,617,3,3
290,618,3,3
290,619,3,3
290,620,3,3
290,621,3,3
290,622,3,3
290,623,3,3
290,624,3,3
290,625,3,3
290,626,3,3
290,627,3,3
290,628,3,3
290,629,3,3
290,630,3,3
290,631,3,3
290,632,3,3
290,633,3,3
290,634,3,3
290,635,3,3
290,636,3,3
290,637,3,3
290,638,3,3
290,639,3,3
290,640,3,3
290,641,3,3
290,642,3,3
290,643,3,3
290,644,3,3
290,645,3,3
290,646,3,3
290,647,3,3
290,648,3,3
290,649,3,3
290,650,3,3
290,651,3,3
290,652,3,3
290,653,3,3
290,654,3,3
290,655,3,3
290,656,3,3
290,657,3,3
290,658,3,3
290,659,3,3
290,660,3,3
290,661,3,3
290,662,3,3
290,663,3,3
290,664,3,3
290,665,3,3
290,666,3,3
290,667,3,3
290,668,3,3
290,669,3,3
290,670,3,2
290,671,3,2
290,672,3,2
290,673,3,2
290,674,3,2
290,675,3,2
290,676,3,2
290,677,3,2
290,678,3,2
290,679,3,2
290,680,3,2
290,681,3,2
290,682,3,2
291,93,3,2
291,94,3,2
291,95,3,2
291,96,3,2
291,97,3,2
291,98,3,2
291,102,3,2
291,103,3,2
291,104,3,2
291,105,3,2
291,106,3,2
291,107,3,2
291,108,3,2
291,109,3,2
291,110,3,2
291,111,3,2
291,112,3,2
291,113,3,2
291,114,3,2
291,115,3,2
291,116,3,2
291,117,3,2
291,118,3,2
291,119,3,2
291,120,3,2
291,121,3,2
291,122,3,2
291,123,3,2
291,124,3,2
291,125,3,2
291,126,3,2
291,127,3,2
291,128,3,2
291,129,3,2
291,130,3,2
291,131,3,2
291,132,3,2
291,133,3,2
291,134,3,2
291,135,3,2
291,136,3,2
291,137,3,2
291,138,3,2
291,139,3,2
291,140,3,2
291,141,3,2
291,142,3,2
291,143,3,2
291,144,3,2
291,145,3,2
291,146,3,2
291,147,3,2
291,148,3,2
291,149,3,2
291,150,3,2
291,151,3,2
291,152,3,2
291,153,3,2
291,154,3,2
291,155,3,2
291,156,3,2
291,157,3,2
291,158,3,2
291,159,3,2
291,160,3,2
291,161,3,2
291,162,3,2
291,163,3,2
291,164,3,2
291,165,3,2
291,166,3,2
291,167,3,2
291,168,3,2
291,169,3,2
291,170,3,2
291,171,3,2
291,172,3,2
291,173,3,2
291,174,3,2
291,175,3,2
291,176,3,2
291,177,3,2
291,178,3,2
291,179,3,2
291,180,3,2
291,181,3,2
291,182,3,2
291,183,3,2
291,184,3,2
291,185,3,2
291,186,3,2
291,187,3,2
291,188,3,2
291,189,3,2
291,190,3,2
291,191,3,2
291,192,3,2
291,193,3,2
291,194,3,2
291,195,3,2
291,196,3,2
291,197,3,2
291,198,3,2
291,199,3,2
291,200,3,2
291,201,3,2
291,202,3,2
291,203,3,2
291,204,3,2
291,205,3,2
291,206,3,2
291,207,3,2
291,208,3,2
291,209,3,2
291,210,3,2
291,211,3,2
291,212,3,2
291,213,3,2
291,214,3,2
291,215,3,2
291,216,3,2
291,217,3,2
291,218,3,2
291,219,3,2
291,220,3,2
291,221,3,2
291,222,3,2
291,223,3,2
291,224,3,2
291,225,3,2
291,226,3,2
291,227,3,2
291,228,3,2
291,229,3,2
291,230,3,2
291,231,3,2
291,232,3,2
291,233,3,2
291,234,3,2
291,235,3,2
291,236,3,2
291,237,3,2
291,238,3,2
291,239,3,2
291,240,3,2
291,241,3,2
291,242,3,2
291,243,3,2
291,244,3,2
291,245,3,2
291,246,3,2
291,247,3,2
291,248,3,2
291,249,3,2
291,250,3,2
291,251,3,2
291,252,3,2
291,253,3,2
291,254,3,2
291,255,3,2
291,256,3,2
291,257,3,2
291,258,3,2
291,259,3,2
291,260,3,2
291,261,3,2
291,262,3,2
291,263,3,2
291,264,3,2
291,265,3,2
291,266,3,2
291,267,3,2
291,268,3,2
291,269,3,2
291,270,3,2
291,271,3,2
291,272,3,2
291,273,3,2
291,274,3,2
291,275,3,2
291,276,3,2
291,277,3,2
291,278,3,2
291,279,3,2
291,280,3,2
291,281,3,2
291,282,3,2
291,283,3,2
291,284,3,2
291,285,3,2
291,286,3,2
291,287,3,2
291,288,3,2
291,289,3,2
291,290,3,2
291,291,3,2
291,292,3,2
291,293,3,2
291,294,3,2
291,295,3,2
291,296,3,2
291,297,3,2
291,298,3,2
291,299,3,2
291,300,3,2
291,301,3,2
291,302,3,2
291,303,3,2
291,304,3,2
291,305,3,2
291,306,3,2
291,307,3,2
291,308,3,2
291,309,3,2
291,310,3,2
291,311,3,2
291,312,3,2
291,313,3,2
291,314,3,2
291,315,3,2
291,316,3,2
291,317,3,2
291,318,3,2
291,319,3,2
291,320,3,2
291,321,3,2
291,322,3,2
291,323,3,2
291,324,3,2
291,325,3,2
291,326,3,2
291,327,3,2
291,328,3,2
291,329,3,2
291,330,3,2
291,331,3,2
291,332,3,2
291,333,3,2
291,334,3,2
291,335,3,2
291,336,3,2
291,337,3,2
291,338,3,2
291,339,3,2
291,340,3,2
291,341,3,2
291,342,3,2
291,343,3,2
291,344,3,2
291,345,3,2
291,346,3,2
291,347,3,2
291,348,3,2
291,349,3,2
291,350,3,2
291,351,3,2
291,352,3,2
291,353,3,2
291,354,3,2
291,355,3,2
291,356,3,2
291,357,3,2
291,358,3,2
291,359,3,2
291,360,3,2
291,361,3,2
291,362,3,2
291,363,3,2
291,364,3,2
291,365,3,2
291,366,3,2
291,367,3,2
291,368,3,2
291,369,3,2
291,370,3,2
291,371,3,2
291,372,3,2
291,373,3,2
291,374,3,2
291,375,3,2
291,376,3,2
291,377,3,2
291,378,3,2
291,379,3,2
291,380,3,2
291,381,3,2
291,382,3,2
291,383,3,2
291,384,3,2
291,385,3,2
291,386,3,2
291,387,3,2
291,388,3,2
291,389,3,2
291,390,3,2
291,391,3,2
291,392,3,2
291,393,3,2
291,394,3,2
291,395,3,2
291,396,3,2
291,397,3,2
291,398,3,2
291,399,3,2
291,400,3,2
291,401,3,2
291,402,3,2
291,403,3,2
291,404,3,2
291,405,3,2
291,406,3,2
291,407,3,2
291,408,3,2
291,409,3,2
291,410,3,2
291,411,3,2
291,412,3,2
291,413,3,2
291,414,3,2
291,415,3,2
291,416,3,2
291,417,3,2
291,418,3,2
291,419,3,2
291,420,3,2
291,421,3,2
291,422,3,2
291,423,3,2
291,424,3,2
291,425,3,2
291,426,3,2
291,427,3,2
291,428,3,2
291,429,3,2
291,430,3,2
291,431,3,2
291,432,3,3
291,433,3,3
291,434,3,3
291,435,3,3
291,436,3,3
291,437,3,3
291,438,3,3
291,439,3,3
291,440,3,3
291,441,3,3
291,442,3,3
291,443,3,3
291,444,3,3
291,445,3,3
291,446,3,3
291,447,3,3
291,448,3,3
291,449,3,3
291,450,3,3
291,451,3,3
291,452,3,3
291,453,3,3
291,454,3,3
291,455,3,3
291,456,3,3
291,457,3,3
291,458,3,3
291,459,3,3
291,460,3,3
291,461,3,3
291,462,3,3
291,463,3,3
291,464,3,3
291,465,3,3
291,466,3,2
291,467,3,2
291,468,3,2
291,469,3,2
291,470,3,2
291,471,3,2
291,472,3,2
291,473,3,2
291,474,3,2
291,475,3,2
291,476,3,2
291,477,3,2
291,478,3,2
291,479,3,2
291,480,3,2
291,481,3,2
291,482,3,3
291,483,3,3
291,484,3,3
291,485,3,3
291,486,3,3
291,487,3,3
291,488,3,3
291,489,3,3
291,490,3,3
291,491,3,3
291,492,3,3
291,493,3,3
291,494,3,3
291,495,3,3
291,496,3,3
291,497,3,3
291,498,3,3
291,499,3,3
291,500,3,3
291,501,3,3
291,502,3,3
291,503,3,3
291,504,3,3
291,505,3,3
291,506,3,3
291,507,3,3
291,508,3,3
291,509,3,3
291,510,3,3
291,511,3,3
291,512,3,3
291,513,3,3
291,514,3,3
291,515,3,3
291,516,3,3
291,517,3,3
291,518,3,3
291,519,3,3
291,520,3,3
291,521,3,3
291,522,3,3
291,523,3,3
291,524,3,3
291,525,3,3
291,526,3,3
291,527,3,3
291,528,3,3
291,529,3,3
291,530,3,3
291,531,3,3
291,532,3,3
291,533,3,3
291,534,3,3
291,535,3,3
291,536,3,3
291,537,3,3
291,538,3,3
291,539,3,3
291,540,3,3
291,541,3,3
291,542,3,3
291,543,3,3
291,544,3,3
291,545,3,3
291,546,3,3
291,547,3,3
291,548,3,3
291,549,3,3
291,550,3,3
291,551,3,3
291,552,3,3
291,553,3,3
291,554,3,3
291,555,3,3
291,556,3,3
291,557,3,3
291,558,3,3
291,559,3,3
291,560,3,3
291,561,3,3
291,562,3,3
291,563,3,3
291,564,3,3
291,565,3,3
291,566,3,3
291,567,3,3
291,568,3,3
291,569,3,2
291,570,3,2
291,571,3,2
291,572,3,2
291,573,3,2
291,574,3,2
291,575,3,2
291,576,3,2
291,577,3,2
291,578,3,2
291,579,3,2
291,580,3,2
291,581,3,2
291,582,3,2
291,583,3,2
291,584,3,2
291,585,3,2
291,586,3,2
291,587,3,2
291,588,3,2
291,589,3,2
291,590,3,2
291,591,3,2
291,592,3,2
291,593,3,2
291,594,3,2
291,595,3,2
291,596,3,2
291,597,3,2
291,598,3,2
291,599,3,2
291,600,3,2
291,601,3,2
291,602,3,2
291,603,3,2
291,604,3,2
291,605,3,2
291,606,3,2
291,607,3,2
291,608,3,2
291,609,3,2
291,610,3,2
291,611,3,2
291,612,3,2
291,613,3,3
291,614,3,3
291,615,3,3
291,616,3,3
291,617,3,3
291,618,3,3
291,619,3,3
291,620,3,3
291,621,3,3
291,622,3,3
291,623,3,3
291,624,3,3
291,625,3,3
291,626,3,3
291,627,3,3
291,628,3,3
291,629,3,3
291,630,3,3
291,631,3,3
291,632,3,3
291,633,3,3
291,634,3,3
291,635,3,3
291,636,3,3
291,637,3,3
291,638,3,3
291,639,3,3
291,640,3,3
291,641,3,3
291,642,3,3
291,643,3,3
291,644,3,3
291,645,3,3
291,646,3,3
291,647,3,3
291,648,3,3
291,649,3,3
291,650,3,3
291,651,3,3
291,652,3,3
291,653,3,3
291,654,3,3
291,655,3,3
291,656,3,3
291,657,3,3
291,658,3,3
291,659,3,3
291,660,3,3
291,661,3,3
291,662,3,3
291,663,3,3
291,664,3,3
291,665,3,3
291,666,3,3
291,667,3,3
291,668,3,2
291,669,3,2
291,670,3,2
291,671,3,2
291,672,3,2
291,673,3,2
291,674,3,2
291,675,3,2
291,676,3,2
291,677,3,2
291,678,3,2
291,679,3,2
291,680,3,2
291,681,3,2
292,94,3,2
292,95,3,2
292,96,3,2
292,97,3,2
292,98,3,2
292,99,3,2
292,100,3,2
292,101,3,2
292,102,3,2
292,103,3,2
292,104,3,2
292,105,3,2
292,106,3,2
292,107,3,2
292,108,3,2
292,109,3,2
292,110,3,2
292,111,3,2
292,112,3,2
292,113,3,2
292,114,3,2
292,115,3,2
292,116,3,2
292,117,3,2
292,118,3,2
292,119,3,2
292,120,3,2
292,121,3,2
292,122,3,2
292,123,3,2
292,124,3,2
292,125,3,2
292,126,3,2
292,127,3,2
292,128,3,2
292,129,3,2
292,130,3,2
292,131,3,2
292,132,3,2
292,133,3,2
292,134,3,2
292,135,3,2
292,136,3,2
292,137,3,2
292,138,3,2
292,139,3,2
292,140,3,2
292,141,3,2
292,142,3,2
292,143,3,2
292,144,3,2
292,145,3,2
292,146,3,2
292,147,3,2
292,148,3,2
292,149,3,2
292,150,3,2
292,151,3,2
292,152,3,2
292,153,3,2
292,154,3,2
292,155,3,2
292,156,3,2
292,157,3,2
292,158,3,2
292,159,3,2
292,160,3,2
292,161,3,2
292,162,3,2
292,163,3,2
292,164,3,2
292,165,3,2
292,166,3,2
292,167,3,2
292,168,3,2
292,169,3,2
292,170,3,2
292,171,3,2
292,172,3,2
292,173,3,2
292,174,3,2
292,175,3,2
292,176,3,2
292,177,3,2
292,178,3,2
292,179,3,2
292,180,3,2
292,181,3,2
292,182,3,2
292,183,3,2
292,184,3,2
292,185,3,2
292,186,3,2
292,187,3,2
292,188,3,2
292,189,3,2
292,190,3,2
292,191,3,2
292,192,3,2
292,193,3,2
292,194,3,2
292,195,3,2
292,196,3,2
292,197,3,2
292,198,3,2
292,199,3,2
292,200,3,2
292,201,3,2
292,202,3,2
292,203,3,2
292,204,3,2
292,205,3,2
292,206,3,2
292,207,3,2
292,208,3,2
292,209,3,2
292,210,3,2
292,211,3,2
292,212,3,2
292,213,3,2
292,214,3,2
292,215,3,2
292,216,3,2
292,217,3,2
292,218,3,2
292,219,3,2
292,220,3,2
292,221,3,2
292,222,3,2
292,223,3,2
292,224,3,2
292,225,3,2
292,226,3,2
292,227,3,2
292,228,3,2
292,229,3,2
292,230,3,2
292,231,3,2
292,232,3,2
292,233,3,2
292,234,3,2
292,235,3,2
292,236,3,2
292,237,3,2
292,238,3,2
292,239,3,2
292,240,3,2
292,241,3,2
292,242,3,2
292,243,3,2
292,244,3,2
292,245,3,2
292,246,3,2
292,247,3,2
292,248,3,2
292,249,3,2
292,250,3,2
292,251,3,2
292,252,3,2
292,253,3,2
292,254,3,2
292,255,3,2
292,256,3,2
292,257,3,2
292,258,3,2
292,259,3,2
292,260,3,2
292,261,3,2
292,262,3,2
292,263,3,2
292,264,3,2
292,265,3,2
292,266,3,2
292,267,3,2
292,268,3,2
292,269,3,2
292,270,3,2
292,271,3,2
292,272,3,2
292,273,3,2
292,274,3,2
292,275,3,2
292,276,3,2
292,277,3,2
292,278,3,2
292,279,3,2
292,280,3,2
292,281,3,2
292,282,3,2
292,283,3,2
292,284,3,2
292,285,3,2
292,286,3,2
292,287,3,2
292,288,3,2
292,289,3,2
292,290,3,2
292,291,3,2
292,292,3,2
292,293,3,2
292,294,3,2
292,295,3,2
292,296,3,2
292,297,3,2
292,298,3,2
292,299,3,2
292,300,3,2
292,301,3,2
292,302,3,2
292,303,3,2
292,304,3,2
292,305,3,2
292,306,3,2
292,307,3,2
292,308,3,2
292,309,3,2
292,310,3,2
292,311,3,2
292,312,3,2
292,313,3,2
292,314,3,2
292,315,3,2
292,316,3,2
292,317,3,2
292,318,3,2
292,319,3,2
292,320,3,2
292,321,3,2
292,322,3,2
292,323,3,2
292,324,3,2
292,325,3,2
292,326,3,2
292,327,3,2
292,328,3,2
292,329,3,2
292,330,3,2
292,331,3,2
292,332,3,2
292,333,3,2
292,334,3,2
292,335,3,2
292,336,3,2
292,337,3,2
292,338,3,2
292,339,3,2
292,340,3,2
292,341,3,2
292,342,3,2
292,343,3,2
292,344,3,2
292,345,3,2
292,346,3,2
292,347,3,2
292,348,3,2
292,349,3,2
292,350,3,2
292,351,3,2
292,352,3,2
292,353,3,2
292,354,3,2
292,355,3,2
292,356,3,2
292,357,3,2
292,358,3,2
292,359,3,2
292,360,3,2
292,361,3,2
292,362,3,2
292,363,3,2
292,364,3,2
292,365,3,2
292,366,3,2
292,367,3,2
292,368,3,2
292,369,3,2
292,370,3,2
292,371,3,2
292,372,3,2
292,373,3,2
292,374,3,2
292,375,3,2
292,376,3,2
292,377,3,2
292,378,3,2
292,379,3,2
292,380,3,2
292,381,3,2
292,382,3,2
292,383,3,2
292,384,3,2
292,385,3,2
292,386,3,2
292,387,3,2
292,388,3,2
292,389,3,2
292,390,3,2
292,391,3,2
292,392,3,2
292,393,3,2
292,394,3,2
292,395,3,2
292,396,3,2
292,397,3,2
292,398,3,2
292,399,3,2
292,400,3,2
292,401,3,2
292,402,3,2
292,403,3,2
292,404,3,2
292,405,3,2
292,406,3,2
292,407,3,2
292,408,3,2
292,409,3,2
292,410,3,2
292,411,3,2
292,412,3,2
292,413,3,2
292,414,3,2
292,415,3,2
292,416,3,2
292,417,3,2
292,418,3,2
292,419,3,2
292,420,3,2
292,421,3,2
292,422,3,2
292,423,3,2
292,424,3,2
292,425,3,2
292,426,3,2
292,427,3,2
292,428,3,2
292,429,3,2
292,430,3,2
292,431,3,2
292,432,3,2
292,433,3,3
292,434,3,3
292,435,3,3
292,436,3,3
292,437,3,3
292,438,3,3
292,439,3,3
292,440,3,3
292,441,3,3
292,442,3,3
292,443,3,3
292,444,3,3
292,445,3,3
292,446,3,3
292,447,3,3
292,448,3,3
292,449,3,3
292,450,3,3
292,451,3,3
292,452,3,3
292,453,3,3
292,454,3,3
292,455,3,3
292,456,3,3
292,457,3,3
292,458,3,3
292,459,3,3
292,460,3,3
292,461,3,3
292,462,3,3
292,463,3,3
292,464,3,3
292,465,3,2
292,466,3,2
292,467,3,2
292,468,3,2
292,469,3,2
292,470,3,2
292,471,3,2
292,472,3,2
292,473,3,2
292,474,3,2
292,475,3,2
292,476,3,2
292,477,3,2
292,478,3,2
292,479,3,2
292,480,3,2
292,481,3,2
292,482,3,2
292,483,3,3
292,484,3,3
292,485,3,3
292,486,3,3
292,487,3,3
292,488,3,3
292,489,3,3
292,490,3,3
292,491,3,3
292,492,3,3
292,493,3,3
292,494,3,3
292,495,3,3
292,496,3,3
292,497,3,3
292,498,3,3
292,499,3,3
292,500,3,3
292,501,3,3
292,502,3,3
292,503,3,3
292,504,3,3
292,505,3,3
292,506,3,3
292,507,3,3
292,508,3,3
292,509,3,3
292,510,3,3
292,511,3,3
292,512,3,3
292,513,3,3
292,514,3,3
292,515,3,3
292,516,3,3
292,517,3,3
292,518,3,3
292,519,3,3
292,520,3,3
292,521,3,3
292,522,3,3
292,523,3,3
292,524,3,3
292,525,3,3
292,526,3,3
292,527,3,3
292,528,3,3
292,529,3,3
292,530,3,3
292,531,3,3
292,532,3,3
292,533,3,3
292,534,3,3
292,535,3,3
292,536,3,3
292,537,3,3
292,538,3,3
292,539,3,3
292,540,3,3
292,541,3,3
292,542,3,3
292,543,3,3
292,544,3,3
292,545,3,3
292,546,3,3
292,547,3,3
292,548,3,3
292,549,3,3
292,550,3,3
292,551,3,3
292,552,3,3
292,553,3,3
292,554,3,3
292,555,3,3
292,556,3,3
292,557,3,3
292,558,3,3
292,559,3,3
292,560,3,3
292,561,3,3
292,562,3,3
292,563,3,3
292,564,3,3
292,565,3,3
292,566,3,3
292,567,3,3
292,568,3,3
292,569,3,3
292,570,3,2
292,571,3,3
292,572,3,3
292,573,3,2
292,574,3,2
292,575,3,2
292,576,3,2
292,577,3,2
292,578,3,2
292,579,3,2
292,580,3,2
292,581,3,2
292,582,3,2
292,583,3,2
292,584,3,2
292,585,3,2
292,586,3,2
292,587,3,2
292,588,3,2
292,589,3,2
292,590,3,2
292,591,3,2
292,592,3,2
292,593,3,2
292,594,3,2
292,595,3,2
292,596,3,2
292,597,3,2
292,598,3,2
292,599,3,2
292,600,3,2
292,601,3,2
292,602,3,2
292,603,3,2
292,604,3,2
292,605,3,2
292,606,3,2
292,607,3,2
292,608,3,2
292,609,3,2
292,610,3,2
292,611,3,2
292,612,3,2
292,613,3,3
292,614,3,3
292,615,3,3
292,616,3,3
292,617,3,3
292,618,3,3
292,619,3,3
292,620,3,3
292,621,3,3
292,622,3,3
292,623,3,3
292,624,3,3
292,625,3,3
292,626,3,3
292,627,3,3
292,628,3,3
292,629,3,3
292,630,3,3
292,631,3,3
292,632,3,3
292,633,3,3
292,634,3,3
292,635,3,3
292,636,3,3
292,637,3,3
292,638,3,3
292,639,3,3
292,640,3,3
292,641,3,3
292,642,3,3
292,643,3,3
292,644,3,3
292,645,3,3
292,646,3,3
292,647,3,3
292,648,3,3
292,649,3,3
292,650,3,3
292,651,3,3
292,652,3,3
292,653,3,3
292,654,3,3
292,655,3,3
292,656,3,3
292,657,3,3
292,658,3,3
292,659,3,3
292,660,3,3
292,661,3,3
292,662,3,3
292,663,3,3
292,664,3,3
292,665,3,3
292,666,3,2
292,667,3,3
292,668,3,2
292,669,3,2
292,670,3,2
292,671,3,2
292,672,3,2
292,673,3,2
292,674,3,2
292,675,3,2
292,676,3,2
292,677,3,2
292,678,3,2
292,679,3,2
292,680,3,2
292,681,3,2
293,95,3,2
293,96,3,2
293,97,3,2
293,98,3,2
293,100,3,2
293,101,3,2
293,102,3,2
293,103,3,2
293,104,3,2
293,105,3,2
293,106,3,2
293,107,3,2
293,108,3,2
293,109,3,2
293,110,3,2
293,111,3,2
293,112,3,2
293,113,3,2
293,114,3,2
293,115,3,2
293,116,3,2
293,117,3,2
293,118,3,2
293,119,3,2
293,120,3,2
293,121,3,2
293,122,3,2
293,123,3,2
293,124,3,2
293,125,3,2
293,126,3,2
293,127,3,2
293,128,3,2
293,129,3,2
293,130,3,2
293,131,3,2
293,132,3,2
293,133,3,2
293,134,3,2
293,135,3,2
293,136,3,2
293,137,3,2
293,138,3,2
293,139,3,2
293,140,3,2
293,141,3,2
293,142,3,2
293,143,3,2
293,144,3,2
293,145,3,2
293,146,3,2
293,147,3,2
293,148,3,2
293,149,3,2
293,150,3,2
293,151,3,2
293,152,3,2
293,153,3,2
293,154,3,2
293,155,3,2
293,156,3,2
293,157,3,2
293,158,3,2
293,159,3,2
293,160,3,2
293,161,3,2
293,162,3,2
293,163,3,2
293,164,3,2
293,165,3,2
293,166,3,2
293,167,3,2
293,168,3,2
293,169,3,2
293,170,3,2
293,171,3,2
293,172,3,2
293,173,3,2
293,174,3,2
293,175,3,2
293,176,3,2
293,177,3,2
293,178,3,2
293,179,3,2
293,180,3,2
293,181,3,2
293,182,3,2
293,183,3,2
293,184,3,2
293,185,3,2
293,186,3,2
293,187,3,2
293,188,3,2
293,189,3,2
293,190,3,2
293,191,3,2
293,192,3,2
293,193,3,2
293,194,3,2
293,195,3,2
293,196,3,2
293,197,3,2
293,198,3,2
293,199,3,2
293,200,3,2
293,201,3,2
293,202,3,2
293,203,3,2
293,204,3,2
293,205,3,2
293,206,3,2
293,207,3,2
293,208,3,2
293,209,3,2
293,210,3,2
293,211,3,2
293,212,3,2
293,213,3,2
293,214,3,2
293,215,3,2
293,216,3,2
293,217,3,2
293,218,3,2
293,219,3,2
293,220,3,2
293,221,3,2
293,222,3,2
293,223,3,2
293,224,3,2
293,225,3,2
293,226,3,2
293,227,3,2
293,228,3,2
293,229,3,2
293,230,3,2
293,231,3,2
293,232,3,2
293,233,3,2
293,234,3,2
293,235,3,2
293,236,3,2
293,237,3,2
293,238,3,2
293,239,3,2
293,240,3,2
293,241,3,2
293,242,3,2
293,243,3,2
293,244,3,2
293,245,3,2
293,246,3,2
293,247,3,2
293,248,3,2
293,249,3,2
293,250,3,2
293,251,3,2
293,252,3,2
293,253,3,2
293,254,3,2
293,255,3,2
293,256,3,2
293,257,3,2
293,258,3,2
293,259,3,2
293,260,3,2
293,261,3,2
293,262,3,2
293,263,3,2
293,264,3,2
293,265,3,2
293,266,3,2
293,267,3,2
293,268,3,2
293,269,3,2
293,270,3,2
293,271,3,2
293,272,3,2
293,273,3,2
293,274,3,2
293,275,3,2
293,276,3,2
293,277,3,2
293,278,3,2
293,279,3,2
293,280,3,2
293,281,3,2
293,282,3,2
293,283,3,2
293,284,3,2
293,285,3,2
293,286,3,2
293,287,3,2
293,288,3,2
293,289,3,2
293,290,3,2
293,291,3,2
293,292,3,2
293,293,3,2
293,294,3,2
293,295,3,2
293,296,3,2
293,297,3,2
293,298,3,2
293,299,3,2
293,300,3,2
293,301,3,2
293,302,3,2
293,303,3,2
293,304,3,2
293,305,3,2
293,306,3,2
293,307,3,2
293,308,3,2
293,309,3,2
293,310,3,2
293,311,3,2
293,312,3,2
293,313,3,2
293,314,3,2
293,315,3,2
293,316,3,2
293,317,3,2
293,318,3,2
293,319,3,2
293,320,3,2
293,321,3,2
293,322,3,2
293,323,3,2
293,324,3,2
293,325,3,2
293,326,3,2
293,327,3,2
293,328,3,2
293,329,3,2
293,330,3,2
293,331,3,2
293,332,3,2
293,333,3,2
293,334,3,2
293,335,3,2
293,336,3,2
293,337,3,2
293,338,3,2
293,339,3,2
293,340,3,2
293,341,3,2
293,342,3,2
293,343,3,2
293,344,3,2
293,345,3,2
293,346,3,2
293,347,3,2
293,348,3,2
293,349,3,2
293,350,3,2
293,351,3,2
293,352,3,2
293,353,3,2
293,354,3,2
293,355,3,2
293,356,3,2
293,357,3,2
293,358,3,2
293,359,3,2
293,360,3,2
293,361,3,2
293,362,3,2
293,363,3,2
293,364,3,2
293,365,3,2
293,366,3,2
293,367,3,2
293,368,3,2
293,369,3,2
293,370,3,2
293,371,3,2
293,372,3,2
293,373,3,2
293,374,3,2
293,375,3,2
293,376,3,2
293,377,3,2
293,378,3,2
293,379,3,2
293,380,3,2
293,381,3,2
293,382,3,2
293,383,3,2
293,384,3,2
293,385,3,2
293,386,3,2
293,387,3,2
293,388,3,2
293,389,3,2
293,390,3,2
293,391,3,2
293,392,3,2
293,393,3,2
293,394,3,2
293,395,3,2
293,396,3,2
293,397,3,2
293,398,3,2
293,399,3,2
293,400,3,2
293,401,3,2
293,402,3,2
293,403,3,2
293,404,3,2
293,405,3,2
293,406,3,2
293,407,3,2
293,408,3,2
293,409,3,2
293,410,3,2
293,411,3,2
293,412,3,2
293,413,3,2
293,414,3,2
293,415,3,2
293,416,3,2
293,417,3,2
293,418,3,2
293,419,3,2
293,420,3,2
293,421,3,2
293,422,3,2
293,423,3,2
293,424,3,2
293,425,3,2
293,426,3,2
293,427,3,2
293,428,3,2
293,429,3,2
293,430,3,2
293,431,3,2
293,432,3,2
293,433,3,3
293,434,3,3
293,435,3,3
293,436,3,3
293,437,3,3
293,438,3,3
293,439,3,3
293,440,3,3
293,441,3,3
293,442,3,3
293,443,3,3
293,444,3,3
293,445,3,3
293,446,3,3
293,447,3,3
293,448,3,3
293,449,3,3
293,450,3,3
293,451,3,3
293,452,3,3
293,453,3,3
293,454,3,3
293,455,3,3
293,456,3,3
293,457,3,3
293,458,3,3
293,459,3,3
293,460,3,3
293,461,3,3
293,462,3,3
293,463,3,3
293,464,3,2
293,465,3,2
293,466,3,2
293,467,3,2
293,468,3,2
293,469,3,2
293,470,3,2
293,471,3,2
293,472,3,2
293,473,3,2
293,474,3,2
293,475,3,2
293,476,3,2
293,477,3,2
293,478,3,2
293,479,3,2
293,480,3,2
293,481,3,2
293,482,3,2
293,483,3,3
293,484,3,3
293,485,3,3
293,486,3,3
293,487,3,3
293,488,3,3
293,489,3,3
293,490,3,3
293,491,3,3
293,492,3,3
293,493,3,3
293,494,3,3
293,495,3,3
293,496,3,3
293,497,3,3
293,498,3,3
293,499,3,3
293,500,3,3
293,501,3,3
293,502,3,3
293,503,3,3
293,504,3,3
293,505,3,3
293,506,3,3
293,507,3,3
293,508,3,3
293,509,3,3
293,510,3,3
293,511,3,3
293,512,3,3
293,513,3,3
293,514,3,3
293,515,3,3
293,516,3,3
293,517,3,3
293,518,3,3
293,519,3,3
293,520,3,3
293,521,3,3
293,522,3,3
293,523,3,3
293,524,3,3
293,525,3,3
293,526,3,3
293,527,3,3
293,528,3,3
293,529,3,3
293,530,3,3
293,531,3,3
293,532,3,3
293,533,3,3
293,534,3,3
293,535,3,3
293,536,3,3
293,537,3,3
293,538,3,3
293,539,3,3
293,540,3,3
293,541,3,3
293,542,3,3
293,543,3,3
293,544,3,3
293,545,3,3
293,546,3,3
293,547,3,3
293,548,3,3
293,549,3,3
293,550,3,3
293,551,3,3
293,552,3,3
293,553,3,3
293,554,3,3
293,555,3,3
293,556,3,3
293,557,3,3
293,558,3,3
293,559,3,3
293,560,3,3
293,561,3,3
293,562,3,3
293,563,3,3
293,564,3,3
293,565,3,3
293,566,3,3
293,567,3,3
293,568,3,3
293,569,3,3
293,570,3,3
293,571,3,3
293,572,3,3
293,573,3,3
293,574,3,3
293,575,3,3
293,576,3,2
293,577,3,2
293,578,3,2
293,579,3,2
293,580,3,2
293,581,3,2
293,582,3,2
293,583,3,2
293,584,3,2
293,585,3,2
293,586,3,3
293,587,3,3
293,588,3,3
293,589,3,3
293,590,3,3
293,591,3,3
293,592,3,3
293,593,3,2
293,594,3,2
293,595,3,2
293,596,3,2
293,597,3,2
293,598,3,2
293,599,3,2
293,600,3,2
293,601,3,2
293,602,3,2
293,603,3,2
293,604,3,2
293,605,3,2
293,606,3,2
293,607,3,2
293,608,3,2
293,609,3,2
293,610,3,2
293,611,3,3
293,612,3,3
293,613,3,3
293,614,3,3
293,615,3,3
293,616,3,3
293,617,3,3
293,618,3,3
293,619,3,3
293,620,3,3
293,621,3,3
293,622,3,3
293,623,3,3
293,624,3,3
293,625,3,3
293,626,3,3
293,627,3,3
293,628,3,3
293,629,3,3
293,630,3,3
293,631,3,3
293,632,3,3
293,633,3,3
293,634,3,3
293,635,3,3
293,636,3,3
293,637,3,3
293,638,3,3
293,639,3,3
293,640,3,3
293,641,3,3
293,642,3,3
293,643,3,3
293,644,3,3
293,645,3,3
293,646,3,3
293,647,3,3
293,648,3,3
293,649,3,3
293,650,3,3
293,651,3,3
293,652,3,3
293,653,3,3
293,654,3,3
293,655,3,3
293,656,3,3
293,657,3,3
293,658,3,3
293,659,3,3
293,660,3,3
293,661,3,3
293,662,3,2
293,663,3,2
293,664,3,2
293,665,3,2
293,666,3,2
293,667,3,3
293,668,3,2
293,669,3,2
293,670,3,2
293,671,3,2
293,672,3,2
293,673,3,2
293,674,3,2
293,675,3,2
293,676,3,2
293,677,3,2
293,678,3,2
293,679,3,2
294,95,3,2
294,96,3,2
294,97,3,2
294,98,3,2
294,99,3,2
294,100,3,2
294,101,3,2
294,102,3,2
294,103,3,2
294,104,3,2
294,105,3,2
294,106,3,2
294,107,3,2
294,108,3,2
294,109,3,2
294,110,3,2
294,111,3,2
294,112,3,2
294,113,3,2
294,114,3,2
294,115,3,2
294,116,3,2
294,117,3,2
294,118,3,2
294,119,3,2
294,120,3,2
294,121,3,2
294,122,3,2
294,123,3,2
294,124,3,2
294,125,3,2
294,126,3,2
294,127,3,2
294,128,3,2
294,129,3,2
294,130,3,2
294,131,3,2
294,132,3,2
294,133,3,2
294,134,3,2
294,135,3,2
294,136,3,2
294,137,3,2
294,138,3,2
294,139,3,2
294,140,3,2
294,141,3,2
294,142,3,2
294,143,3,2
294,144,3,2
294,145,3,2
294,146,3,2
294,147,3,2
294,148,3,2
294,149,3,2
294,150,3,2
294,151,3,2
294,152,3,2
294,153,3,2
294,154,3,2
294,155,3,2
294,156,3,2
294,157,3,2
294,158,3,2
294,159,3,2
294,160,3,2
294,161,3,2
294,162,3,2
294,163,3,2
294,164,3,2
294,165,3,2
294,166,3,2
294,167,3,2
294,168,3,2
294,169,3,2
294,170,3,2
294,171,3,2
294,172,3,2
294,173,3,2
294,174,3,2
294,175,3,2
294,176,3,2
294,177,3,2
294,178,3,2
294,179,3,2
294,180,3,2
294,181,3,2
294,182,3,2
294,183,3,2
294,184,3,2
294,185,3,2
294,186,3,2
294,187,3,2
294,188,3,2
294,189,3,2
294,190,3,2
294,191,3,2
294,192,3,2
294,193,3,2
294,194,3,2
294,195,3,2
294,196,3,2
294,197,3,2
294,198,3,2
294,199,3,2
294,200,3,2
294,201,3,2
294,202,3,2
294,203,3,2
294,204,3,2
294,205,3,2
294,206,3,2
294,207,3,2
294,208,3,2
294,209,3,2
294,210,3,2
294,211,3,2
294,212,3,2
294,213,3,2
294,214,3,2
294,215,3,2
294,216,3,2
294,217,3,2
294,218,3,2
294,219,3,2
294,220,3,2
294,221,3,2
294,222,3,2
294,223,3,2
294,224,3,2
294,225,3,2
294,226,3,2
294,227,3,2
294,228,3,2
294,229,3,2
294,230,3,2
294,231,3,2
294,232,3,2
294,233,3,2
294,234,3,2
294,235,3,2
294,236,3,2
294,237,3,2
294,238,3,2
294,239,3,2
294,240,3,2
294,241,3,2
294,242,3,2
294,243,3,2
294,244,3,2
294,245,3,2
294,246,3,2
294,247,3,2
294,248,3,2
294,249,3,2
294,250,3,2
294,251,3,2
294,252,3,2
294,253,3,2
294,254,3,2
294,255,3,2
294,256,3,2
294,257,3,2
294,258,3,2
294,259,3,2
294,260,3,2
294,261,3,2
294,262,3,2
294,263,3,2
294,264,3,2
294,265,3,2
294,266,3,2
294,267,3,2
294,268,3,2
294,269,3,2
294,270,3,2
294,271,3,2
294,272,3,2
294,273,3,2
294,274,3,2
294,275,3,2
294,276,3,2
294,277,3,2
294,278,3,2
294,279,3,2
294,280,3,2
294,281,3,2
294,282,3,2
294,283,3,2
294,284,3,2
294,285,3,2
294,286,3,2
294,287,3,2
294,288,3,2
294,289,3,2
294,290,3,2
294,291,3,2
294,292,3,2
294,293,3,2
294,294,3,2
294,295,3,2
294,296,3,2
294,297,3,2
294,298,3,2
294,299,3,2
294,300,3,2
294,301,3,2
294,302,3,2
294,303,3,2
294,304,3,2
294,305,3,2
294,306,3,2
294,307,3,2
294,308,3,2
294,309,3,2
294,310,3,2
294,311,3,2
294,312,3,2
294,313,3,2
294,314,3,2
294,315,3,2
294,316,3,2
294,317,3,2
294,318,3,2
294,319,3,2
294,320,3,2
294,321,3,2
294,322,3,2
294,323,3,2
294,324,3,2
294,325,3,2
294,326,3,2
294,327,3,2
294,328,3,2
294,329,3,2
294,330,3,2
294,331,3,2
294,332,3,2
294,333,3,2
294,334,3,2
294,335,3,2
294,336,3,2
294,337,3,2
294,338,3,2
294,339,3,2
294,340,3,2
294,341,3,2
294,342,3,2
294,343,3,2
294,344,3,2
294,345,3,2
294,346,3,2
294,347,3,2
294,348,3,2
294,349,3,2
294,350,3,2
294,351,3,2
294,352,3,2
294,353,3,2
294,354,3,2
294,355,3,2
294,356,3,2
294,357,3,2
294,358,3,2
294,359,3,2
294,360,3,2
294,361,3,2
294,362,3,2
294,363,3,2
294,364,3,2
294,365,3,2
294,366,3,2
294,367,3,2
294,368,3,2
294,369,3,2
294,370,3,2
294,371,3,2
294,372,3,2
294,373,3,2
294,374,3,2
294,375,3,2
294,376,3,2
294,377,3,2
294,378,3,2
294,379,3,2
294,380,3,2
294,381,3,2
294,382,3,2
294,383,3,2
294,384,3,2
294,385,3,2
294,386,3,2
294,387,3,2
294,388,3,2
294,389,3,2
294,390,3,2
294,391,3,2
294,392,3,2
294,393,3,2
294,394,3,2
294,395,3,2
294,396,3,2
294,397,3,2
294,398,3,2
294,399,3,2
294,400,3,2
294,401,3,2
294,402,3,2
294,403,3,2
294,404,3,2
294,405,3,2
294,406,3,2
294,407,3,2
294,408,3,2
294,409,3,2
294,410,3,2
294,411,3,2
294,412,3,2
294,413,3,2
294,414,3,2
294,415,3,2
294,416,3,2
294,417,3,2
294,418,3,2
294,419,3,2
294,420,3,2
294,421,3,2
294,422,3,2
294,423,3,2
294,424,3,2
294,425,3,2
294,426,3,2
294,427,3,2
294,428,3,2
294,429,3,2
294,430,3,2
294,431,3,2
294,432,3,2
294,433,3,2
294,434,3,3
294,435,3,3
294,436,3,3
294,437,3,3
294,438,3,3
294,439,3,3
294,440,3,3
294,441,3,3
294,442,3,3
294,443,3,3
294,444,3,3
294,445,3,3
294,446,3,3
294,447,3,3
294,448,3,3
294,449,3,3
294,450,3,3
294,451,3,3
294,452,3,3
294,453,3,3
294,454,3,3
294,455,3,3
294,456,3,3
294,457,3,3
294,458,3,3
294,459,3,3
294,460,3,3
294,461,3,3
294,462,3,3
294,463,3,3
294,464,3,2
294,465,3,2
294,466,3,2
294,467,3,2
294,468,3,2
294,469,3,2
294,470,3,2
294,471,3,2
294,472,3,2
294,473,3,2
294,474,3,2
294,475,3,2
294,476,3,2
294,477,3,2
294,478,3,2
294,479,3,2
294,480,3,2
294,481,3,2
294,482,3,2
294,483,3,2
294,484,3,3
294,485,3,3
294,486,3,3
294,487,3,3
294,488,3,3
294,489,3,3
294,490,3,3
294,491,3,3
294,492,3,3
294,493,3,3
294,494,3,3
294,495,3,3
294,496,3,3
294,497,3,3
294,498,3,3
294,499,3,3
294,500,3,3
294,501,3,3
294,502,3,3
294,503,3,3
294,504,3,3
294,505,3,3
294,506,3,3
294,507,3,3
294,508,3,3
294,509,3,3
294,510,3,3
294,511,3,3
294,512,3,3
294,513,3,3
294,514,3,3
294,515,3,3
294,516,3,3
294,517,3,3
294,518,3,3
294,519,3,3
294,520,3,3
294,521,3,3
294,522,3,3
294,523,3,3
294,524,3,3
294,525,3,3
294,526,3,3
294,527,3,3
294,528,3,3
294,529,3,3
294,530,3,3
294,531,3,3
294,532,3,3
294,533,3,3
294,534,3,3
294,535,3,3
294,536,3,3
294,537,3,3
294,538,3,3
294,539,3,3
294,540,3,3
294,541,3,3
294,542,3,3
294,543,3,3
294,544,3,3
294,545,3,3
294,546,3,3
294,547,3,3
294,548,3,3
294,549,3,3
294,550,3,3
294,551,3,3
294,552,3,3
294,553,3,3
294,554,3,3
294,555,3,3
294,556,3,3
294,557,3,3
294,558,3,3
294,559,3,3
294,560,3,3
294,561,3,3
294,562,3,3
294,563,3,3
294,564,3,3
294,565,3,3
294,566,3,3
294,567,3,3
294,568,3,3
294,569,3,3
294,570,3,3
294,571,3,3
294,572,3,3
294,573,3,3
294,574,3,3
294,575,3,3
294,576,3,3
294,577,3,2
294,578,3,2
294,579,3,2
294,580,3,2
294,581,3,2
294,582,3,2
294,583,3,2
294,584,3,2
294,585,3,2
294,586,3,2
294,587,3,3
294,588,3,3
294,589,3,3
294,590,3,3
294,591,3,3
294,592,3,3
294,593,3,2
294,594,3,2
294,595,3,2
294,596,3,2
294,597,3,2
294,598,3,2
294,599,3,2
294,600,3,2
294,601,3,2
294,602,3,2
294,603,3,2
294,604,3,2
294,605,3,3
294,606,3,3
294,607,3,3
294,608,3,3
294,609,3,2
294,610,3,2
294,611,3,3
294,612,3,3
294,613,3,3
294,614,3,3
294,615,3,3
294,616,3,3
294,617,3,3
294,618,3,3
294,619,3,3
294,620,3,3
294,621,3,3
294,622,3,3
294,623,3,3
294,624,3,3
294,625,3,3
294,626,3,3
294,627,3,3
294,628,3,3
294,629,3,3
294,630,3,3
294,631,3,3
294,632,3,3
294,633,3,3
294,634,3,3
294,635,3,3
294,636,3,3
294,637,3,3
294,638,3,3
294,639,3,3
294,640,3,3
294,641,3,3
294,642,3,3
294,643,3,3
294,644,3,3
294,645,3,3
294,646,3,3
294,647,3,3
294,648,3,3
294,649,3,3
294,650,3,3
294,651,3,3
294,652,3,3
294,653,3,3
294,654,3,3
294,655,3,3
294,656,3,3
294,657,3,3
294,658,3,3
294,659,3,3
294,660,3,3
294,661,3,2
294,662,3,2
294,663,3,2
294,664,3,2
294,665,3,2
294,666,3,2
294,667,3,2
294,668,3,2
294,669,3,2
294,670,3,2
294,671,3,2
294,672,3,2
294,673,3,2
294,674,3,2
294,675,3,2
294,676,3,2
294,677,3,2
294,678,3,2
294,679,3,2
295,97,3,2
295,98,3,2
295,99,3,2
295,100,3,2
295,101,3,2
295,102,3,2
295,103,3,2
295,104,3,2
295,105,3,2
295,106,3,2
295,107,3,2
295,108,3,2
295,109,3,2
295,110,3,2
295,111,3,2
295,112,3,2
295,113,3,2
295,114,3,2
295,115,3,2
295,116,3,2
295,117,3,2
295,118,3,2
295,119,3,2
295,120,3,2
295,121,3,2
295,122,3,2
295,123,3,2
295,124,3,2
295,125,3,2
295,126,3,2
295,127,3,2
295,128,3,2
295,129,3,2
295,130,3,2
295,131,3,2
295,132,3,2
295,133,3,2
295,134,3,2
295,135,3,2
295,136,3,2
295,137,3,2
295,138,3,2
295,139,3,2
295,140,3,2
295,141,3,2
295,142,3,2
295,143,3,2
295,144,3,2
295,145,3,2
295,146,3,2
295,147,3,2
295,148,3,2
295,149,3,2
295,150,3,2
295,151,3,2
295,152,3,2
295,153,3,2
295,154,3,2
295,155,3,2
295,156,3,2
295,157,3,2
295,158,3,2
295,159,3,2
295,160,3,2
295,161,3,2
295,162,3,2
295,163,3,2
295,164,3,2
295,165,3,2
295,166,3,2
295,167,3,2
295,168,3,2
295,169,3,2
295,170,3,2
295,171,3,2
295,172,3,2
295,173,3,2
295,174,3,2
295,175,3,2
295,176,3,2
295,177,3,2
295,178,3,2
295,179,3,2
295,180,3,2
295,181,3,2
295,182,3,2
295,183,3,2
295,184,3,2
295,185,3,2
295,186,3,2
295,187,3,2
295,188,3,2
295,189,3,2
295,190,3,2
295,191,3,2
295,192,3,2
295,193,3,2
295,194,3,2
295,195,3,2
295,196,3,2
295,197,3,2
295,198,3,2
295,199,3,2
295,200,3,2
295,201,3,2
295,202,3,2
295,203,3,2
295,204,3,2
295,205,3,2
295,206,3,2
295,207,3,2
295,208,3,2
295,209,3,2
295,210,3,2
295,211,3,2
295,212,3,2
295,213,3,2
295,214,3,2
295,215,3,2
295,216,3,2
295,217,3,2
295,218,3,2
295,219,3,2
295,220,3,2
295,221,3,2
295,222,3,2
295,223,3,2
295,224,3,2
295,225,3,2
295,226,3,2
295,227,3,2
295,228,3,2
295,229,3,2
295,230,3,2
295,231,3,2
295,232,3,2
295,233,3,2
295,234,3,2
295,235,3,2
295,236,3,2
295,237,3,2
295,238,3,2
295,239,3,2
295,240,3,2
295,241,3,2
295,242,3,2
295,243,3,2
295,244,3,2
295,245,3,2
295,246,3,2
295,247,3,2
295,248,3,2
295,249,3,2
295,250,3,2
295,251,3,2
295,252,3,2
295,253,3,2
295,254,3,2
295,255,3,2
295,256,3,2
295,257,3,2
295,258,3,2
295,259,3,2
295,260,3,2
295,261,3,2
295,262,3,2
295,263,3,2
295,264,3,2
295,265,3,2
295,266,3,2
295,267,3,2
295,268,3,2
295,269,3,2
295,270,3,2
295,271,3,2
295,272,3,2
295,273,3,2
295,274,3,2
295,275,3,2
295,276,3,2
295,277,3,2
295,278,3,2
295,279,3,2
295,280,3,2
295,281,3,2
295,282,3,2
295,283,3,2
295,284,3,2
295,285,3,2
295,286,3,2
295,287,3,2
295,288,3,2
295,289,3,2
295,290,3,2
295,291,3,2
295,292,3,2
295,293,3,2
295,294,3,2
295,295,3,2
295,296,3,2
295,297,3,2
295,298,3,2
295,299,3,2
295,300,3,2
295,301,3,2
295,302,3,2
295,303,3,2
295,304,3,2
295,305,3,2
295,306,3,2
295,307,3,2
295,308,3,2
295,309,3,2
295,310,3,2
295,311,3,2
295,312,3,2
295,313,3,2
295,314,3,2
295,315,3,2
295,316,3,2
295,317,3,2
295,318,3,2
295,319,3,2
295,320,3,2
295,321,3,2
295,322,3,2
295,323,3,2
295,324,3,2
295,325,3,2
295,326,3,2
295,327,3,2
295,328,3,2
295,329,3,2
295,330,3,2
295,331,3,2
295,332,3,2
295,333,3,2
295,334,3,2
295,335,3,2
295,336,3,2
295,337,3,2
295,338,3,2
295,339,3,2
295,340,3,2
295,341,3,2
295,342,3,2
295,343,3,2
295,344,3,2
295,345,3,2
295,346,3,2
295,347,3,2
295,348,3,2
295,349,3,2
295,350,3,2
295,351,3,2
295,352,3,2
295,353,3,2
295,354,3,2
295,355,3,2
295,356,3,2
295,357,3,2
295,358,3,2
295,359,3,2
295,360,3,2
295,361,3,2
295,362,3,2
295,363,3,2
295,364,3,2
295,365,3,2
295,366,3,2
295,367,3,2
295,368,3,2
295,369,3,2
295,370,3,2
295,371,3,2
295,372,3,2
295,373,3,2
295,374,3,2
295,375,3,2
295,376,3,2
295,377,3,2
295,378,3,2
295,379,3,2
295,380,3,2
295,381,3,2
295,382,3,2
295,383,3,2
295,384,3,2
295,385,3,2
295,386,3,2
295,387,3,2
295,388,3,2
295,389,3,2
295,390,3,2
295,391,3,2
295,392,3,2
295,393,3,2
295,394,3,2
295,395,3,2
295,396,3,2
295,397,3,2
295,398,3,2
295,399,3,2
295,400,3,2
295,401,3,2
295,402,3,2
295,403,3,2
295,404,3,2
295,405,3,2
295,406,3,2
295,407,3,2
295,408,3,2
295,409,3,2
295,410,3,2
295,411,3,2
295,412,3,2
295,413,3,2
295,414,3,2
295,415,3,2
295,416,3,2
295,417,3,2
295,418,3,2
295,419,3,2
295,420,3,2
295,421,3,2
295,422,3,2
295,423,3,2
295,424,3,2
295,425,3,2
295,426,3,2
295,427,3,2
295,428,3,2
295,429,3,2
295,430,3,2
295,431,3,2
295,432,3,2
295,433,3,2
295,434,3,2
295,435,3,2
295,436,3,3
295,437,3,3
295,438,3,3
295,439,3,3
295,440,3,3
295,441,3,3
295,442,3,3
295,443,3,3
295,444,3,3
295,445,3,3
295,446,3,3
295,447,3,3
295,448,3,3
295,449,3,3
295,450,3,3
295,451,3,3
295,452,3,3
295,453,3,3
295,454,3,3
295,455,3,3
295,456,3,3
295,457,3,3
295,458,3,3
295,459,3,3
295,460,3,3
295,461,3,3
295,462,3,3
295,463,3,2
295,464,3,2
295,465,3,2
295,466,3,2
295,467,3,2
295,468,3,2
295,469,3,2
295,470,3,2
295,471,3,2
295,472,3,2
295,473,3,2
295,474,3,2
295,475,3,2
295,476,3,2
295,477,3,2
295,478,3,2
295,479,3,2
295,480,3,2
295,481,3,2
295,482,3,2
295,483,3,2
295,484,3,3
295,485,3,3
295,486,3,3
295,487,3,3
295,488,3,3
295,489,3,3
295,490,3,3
295,491,3,3
295,492,3,3
295,493,3,3
295,494,3,3
295,495,3,3
295,496,3,3
295,497,3,3
295,498,3,3
295,499,3,3
295,500,3,3
295,501,3,3
295,502,3,3
295,503,3,3
295,504,3,3
295,505,3,3
295,506,3,3
295,507,3,3
295,508,3,3
295,509,3,3
295,510,3,3
295,511,3,3
295,512,3,3
295,513,3,3
295,514,3,3
295,515,3,3
295,516,3,3
295,517,3,3
295,518,3,3
295,519,3,3
295,520,3,3
295,521,3,3
295,522,3,3
295,523,3,3
295,524,3,3
295,525,3,3
295,526,3,3
295,527,3,3
295,528,3,3
295,529,3,3
295,530,3,3
295,531,3,3
295,532,3,3
295,533,3,3
295,534,3,3
295,535,3,3
295,536,3,3
295,537,3,3
295,538,3,3
295,539,3,3
295,540,3,3
295,541,3,3
295,542,3,3
295,543,3,3
295,544,3,3
295,545,3,3
295,546,3,3
295,547,3,3
295,548,3,3
295,549,3,3
295,550,3,3
295,551,3,3
295,552,3,3
295,553,3,3
295,554,3,3
295,555,3,3
295,556,3,3
295,557,3,3
295,558,3,3
295,559,3,3
295,560,3,3
295,561,3,3
295,562,3,3
295,563,3,3
295,564,3,3
295,565,3,3
295,566,3,3
295,567,3,3
295,568,3,3
295,569,3,3
295,570,3,3
295,571,3,3
295,572,3,3
295,573,3,3
295,574,3,3
295,575,3,3
295,576,3,3
295,577,3,3
295,578,3,2
295,579,3,2
295,580,3,2
295,581,3,3
295,582,3,3
295,583,3,3
295,584,3,3
295,585,3,3
295,586,3,3
295,587,3,3
295,588,3,3
295,589,3,3
295,590,3,3
295,591,3,3
295,592,3,3
295,593,3,2
295,594,3,2
295,595,3,2
295,596,3,2
295,597,3,2
295,598,3,2
295,599,3,3
295,600,3,3
295,601,3,2
295,602,3,2
295,603,3,3
295,604,3,3
295,605,3,3
295,606,3,3
295,607,3,3
295,608,3,3
295,609,3,3
295,610,3,3
295,611,3,3
295,612,3,3
295,613,3,3
295,614,3,3
295,615,3,3
295,616,3,3
295,617,3,3
295,618,3,3
295,619,3,3
295,620,3,3
295,621,3,3
295,622,3,3
295,623,3,3
295,624,3,3
295,625,3,3
295,626,3,3
295,627,3,3
295,628,3,3
295,629,3,3
295,630,3,3
295,631,3,3
295,632,3,3
295,633,3,3
295,634,3,3
295,635,3,3
295,636,3,3
295,637,3,3
295,638,3,3
295,639,3,3
295,640,3,3
295,641,3,3
295,642,3,3
295,643,3,3
295,644,3,3
295,645,3,3
295,646,3,3
295,647,3,3
295,648,3,3
295,649,3,3
295,650,3,3
295,651,3,3
295,652,3,3
295,653,3,3
295,654,3,3
295,655,3,3
295,656,3,3
295,657,3,3
295,658,3,3
295,659,3,3
295,660,3,2
295,661,3,2
295,662,3,2
295,663,3,2
295,664,3,2
295,665,3,2
295,666,3,2
295,667,3,2
295,668,3,2
295,669,3,2
295,670,3,2
295,671,3,2
295,672,3,2
295,673,3,2
295,674,3,2
295,675,3,2
295,676,3,2
295,677,3,2
295,678,3,2
296,97,3,2
296,98,3,2
296,99,3,2
296,100,3,2
296,101,3,2
296,102,3,2
296,103,3,2
296,104,3,2
296,105,3,2
296,106,3,2
296,107,3,2
296,108,3,2
296,109,3,2
296,110,3,2
296,111,3,2
296,112,3,2
296,113,3,2
296,114,3,2
296,115,3,2
296,116,3,2
296,117,3,2
296,118,3,2
296,119,3,2
296,120,3,2
296,121,3,2
296,122,3,2
296,123,3,2
296,124,3,2
296,125,3,2
296,126,3,2
296,127,3,2
296,128,3,2
296,129,3,2
296,130,3,2
296,131,3,2
296,132,3,2
296,133,3,2
296,134,3,2
296,135,3,2
296,136,3,2
296,137,3,2
296,138,3,2
296,139,3,2
296,140,3,2
296,141,3,2
296,142,3,2
296,143,3,2
296,144,3,2
296,145,3,2
296,146,3,2
296,147,3,2
296,148,3,2
296,149,3,2
296,150,3,2
296,151,3,2
296,152,3,2
296,153,3,2
296,154,3,2
296,155,3,2
296,156,3,2
296,157,3,2
296,158,3,2
296,159,3,2
296,160,3,2
296,161,3,2
296,162,3,2
296,163,3,2
296,164,3,2
296,165,3,2
296,166,3,2
296,167,3,2
296,168,3,2
296,169,3,2
296,170,3,2
296,171,3,2
296,172,3,2
296,173,3,2
296,174,3,2
296,175,3,2
296,176,3,2
296,177,3,2
296,178,3,2
296,179,3,2
296,180,3,2
296,181,3,2
296,182,3,2
296,183,3,2
296,184,3,2
296,185,3,2
296,186,3,2
296,187,3,2
296,188,3,2
296,189,3,2
296,190,3,2
296,191,3,2
296,192,3,2
296,193,3,2
296,194,3,2
296,195,3,2
296,196,3,2
296,197,3,2
296,198,3,2
296,199,3,2
296,200,3,2
296,201,3,2
296,202,3,2
296,203,3,2
296,204,3,2
296,205,3,2
296,206,3,2
296,207,3,2
296,208,3,2
296,209,3,2
296,210,3,2
296,211,3,2
296,212,3,2
296,213,3,2
296,214,3,2
296,215,3,2
296,216,3,2
296,217,3,2
296,218,3,2
296,219,3,2
296,220,3,2
296,221,3,2
296,222,3,2
296,223,3,2
296,224,3,2
296,225,3,2
296,226,3,2
296,227,3,2
296,228,3,2
296,229,3,2
296,230,3,2
296,231,3,2
296,232,3,2
296,233,3,2
296,234,3,2
296,235,3,2
296,236,3,2
296,237,3,2
296,238,3,2
296,239,3,2
296,240,3,2
296,241,3,2
296,242,3,2
296,243,3,2
296,244,3,2
296,245,3,2
296,246,3,2
296,247,3,2
296,248,3,2
296,249,3,2
296,250,3,2
296,251,3,2
296,252,3,2
296,253,3,2
296,254,3,2
296,255,3,2
296,256,3,2
296,257,3,2
296,258,3,2
296,259,3,2
296,260,3,2
296,261,3,2
296,262,3,2
296,263,3,2
296,264,3,2
296,265,3,2
296,266,3,2
296,267,3,2
296,268,3,2
296,269,3,2
296,270,3,2
296,271,3,2
296,272,3,2
296,273,3,2
296,274,3,2
296,275,3,2
296,276,3,2
296,277,3,2
296,278,3,2
296,279,3,2
296,280,3,2
296,281,3,2
296,282,3,2
296,283,3,2
296,284,3,2
296,285,3,2
296,286,3,2
296,287,3,2
296,288,3,2
296,289,3,2
296,290,3,2
296,291,3,2
296,292,3,2
296,293,3,2
296,294,3,2
296,295,3,2
296,296,3,2
296,297,3,2
296,298,3,2
296,299,3,2
296,300,3,2
296,301,3,2
296,302,3,2
296,303,3,2
296,304,3,2
296,305,3,2
296,306,3,2
296,307,3,2
296,308,3,2
296,309,3,2
296,310,3,2
296,311,3,2
296,312,3,2
296,313,3,2
296,314,3,2
296,315,3,2
296,316,3,2
296,317,3,2
296,318,3,2
296,319,3,2
296,320,3,2
296,321,3,2
296,322,3,2
296,323,3,2
296,324,3,2
296,325,3,2
296,326,3,2
296,327,3,2
296,328,3,2
296,329,3,2
296,330,3,2
296,331,3,2
296,332,3,2
296,333,3,2
296,334,3,2
296,335,3,2
296,336,3,2
296,337,3,2
296,338,3,2
296,339,3,2
296,340,3,2
296,341,3,2
296,342,3,2
296,343,3,2
296,344,3,2
296,345,3,2
296,346,3,2
296,347,3,2
296,348,3,2
296,349,3,2
296,350,3,2
296,351,3,2
296,352,3,2
296,353,3,2
296,354,3,2
296,355,3,2
296,356,3,2
296,357,3,2
296,358,3,2
296,359,3,2
296,360,3,2
296,361,3,2
296,362,3,2
296,363,3,2
296,364,3,2
296,365,3,2
296,366,3,2
296,367,3,2
296,368,3,2
296,369,3,2
296,370,3,2
296,371,3,2
296,372,3,2
296,373,3,2
296,374,3,2
296,375,3,2
296,376,3,2
296,377,3,2
296,378,3,2
296,379,3,2
296,380,3,2
296,381,3,2
296,382,3,2
296,383,3,2
296,384,3,2
296,385,3,2
296,386,3,2
296,387,3,2
296,388,3,2
296,389,3,2
296,390,3,2
296,391,3,2
296,392,3,2
296,393,3,2
296,394,3,2
296,395,3,2
296,396,3,2
296,397,3,2
296,398,3,2
296,399,3,2
296,400,3,2
296,401,3,2
296,402,3,2
296,403,3,2
296,404,3,2
296,405,3,2
296,406,3,2
296,407,3,2
296,408,3,2
296,409,3,2
296,410,3,2
296,411,3,2
296,412,3,2
296,413,3,2
296,414,3,2
296,415,3,2
296,416,3,2
296,417,3,2
296,418,3,2
296,419,3,2
296,420,3,2
296,421,3,2
296,422,3,2
296,423,3,2
296,424,3,2
296,425,3,2
296,426,3,2
296,427,3,2
296,428,3,2
296,429,3,2
296,430,3,2
296,431,3,2
296,432,3,2
296,433,3,2
296,434,3,2
296,435,3,2
296,436,3,2
296,437,3,3
296,438,3,3
296,439,3,3
296,440,3,3
296,441,3,3
296,442,3,3
296,443,3,3
296,444,3,3
296,445,3,3
296,446,3,3
296,447,3,3
296,448,3,3
296,449,3,3
296,450,3,3
296,451,3,3
296,452,3,3
296,453,3,3
296,454,3,3
296,455,3,3
296,456,3,3
296,457,3,3
296,458,3,3
296,459,3,3
296,460,3,3
296,461,3,3
296,462,3,2
296,463,3,2
296,464,3,2
296,465,3,2
296,466,3,2
296,467,3,2
296,468,3,2
296,469,3,2
296,470,3,2
296,471,3,2
296,472,3,2
296,473,3,2
296,474,3,2
296,475,3,2
296,476,3,2
296,477,3,2
296,478,3,2
296,479,3,2
296,480,3,2
296,481,3,2
296,482,3,2
296,483,3,2
296,484,3,3
296,485,3,3
296,486,3,3
296,487,3,3
296,488,3,3
296,489,3,3
296,490,3,3
296,491,3,3
296,492,3,3
296,493,3,3
296,494,3,3
296,495,3,3
296,496,3,3
296,497,3,3
296,498,3,3
296,499,3,3
296,500,3,3
296,501,3,3
296,502,3,3
296,503,3,3
296,504,3,3
296,505,3,3
296,506,3,3
296,507,3,3
296,508,3,3
296,509,3,3
296,510,3,3
296,511,3,3
296,512,3,3
296,513,3,3
296,514,3,3
296,515,3,3
296,516,3,3
296,517,3,3
296,518,3,3
296,519,3,3
296,520,3,3
296,521,3,3
296,522,3,3
296,523,3,3
296,524,3,3
296,525,3,3
296,526,3,3
296,527,3,3
296,528,3,3
296,529,3,3
296,530,3,3
296,531,3,3
296,532,3,3
296,533,3,3
296,534,3,3
296,535,3,3
296,536,3,3
296,537,3,3
296,538,3,3
296,539,3,3
296,540,3,3
296,541,3,3
296,542,3,3
296,543,3,3
296,544,3,3
296,545,3,3
296,546,3,3
296,547,3,3
296,548,3,3
296,549,3,3
296,550,3,3
296,551,3,3
296,552,3,3
296,553,3,3
296,554,3,3
296,555,3,3
296,556,3,3
296,557,3,3
296,558,3,3
296,559,3,3
296,560,3,3
296,561,3,3
296,562,3,3
296,563,3,3
296,564,3,3
296,565,3,3
296,566,3,3
296,567,3,3
296,568,3,3
296,569,3,3
296,570,3,3
296,571,3,3
296,572,3,3
296,573,3,3
296,574,3,3
296,575,3,3
296,576,3,3
296,577,3,3
296,578,3,2
296,579,3,2
296,580,3,2
296,581,3,3
296,582,3,3
296,583,3,3
296,584,3,3
296,585,3,3
296,586,3,3
296,587,3,3
296,588,3,3
296,589,3,3
296,590,3,3
296,591,3,3
296,592,3,3
296,593,3,3
296,594,3,2
296,595,3,2
296,596,3,2
296,597,3,2
296,598,3,2
296,599,3,3
296,600,3,3
296,601,3,2
296,602,3,2
296,603,3,3
296,604,3,3
296,605,3,3
296,606,3,3
296,607,3,3
296,608,3,3
296,609,3,3
296,610,3,3
296,611,3,3
296,612,3,3
296,613,3,3
296,614,3,3
296,615,3,3
296,616,3,3
296,617,3,3
296,618,3,3
296,619,3,3
296,620,3,3
296,621,3,3
296,622,3,3
296,623,3,3
296,624,3,3
296,625,3,3
296,626,3,3
296,627,3,3
296,628,3,3
296,629,3,3
296,630,3,3
296,631,3,3
296,632,3,3
296,633,3,3
296,634,3,3
296,635,3,3
296,636,3,3
296,637,3,3
296,638,3,3
296,639,3,3
296,640,3,3
296,641,3,3
296,642,3,3
296,643,3,3
296,644,3,3
296,645,3,3
296,646,3,3
296,647,3,3
296,648,3,3
296,649,3,3
296,650,3,3
296,651,3,3
296,652,3,3
296,653,3,3
296,654,3,3
296,655,3,3
296,656,3,3
296,657,3,3
296,658,3,2
296,659,3,2
296,660,3,2
296,661,3,2
296,662,3,2
296,663,3,2
296,664,3,2
296,665,3,2
296,666,3,2
296,667,3,2
296,668,3,2
296,669,3,2
296,670,3,2
296,671,3,2
296,672,3,2
296,673,3,2
296,674,3,2
296,675,3,2
296,676,3,2
296,677,3,2
296,678,3,2
297,97,3,2
297,98,3,2
297,99,3,2
297,100,3,2
297,101,3,2
297,102,3,2
297,103,3,2
297,104,3,2
297,105,3,2
297,106,3,2
297,107,3,2
297,108,3,2
297,109,3,2
297,110,3,2
297,111,3,2
297,112,3,2
297,113,3,2
297,114,3,2
297,115,3,2
297,116,3,2
297,117,3,2
297,118,3,2
297,119,3,2
297,120,3,2
297,121,3,2
297,122,3,2
297,123,3,2
297,124,3,2
297,125,3,2
297,126,3,2
297,127,3,2
297,128,3,2
297,129,3,2
297,130,3,2
297,131,3,2
297,132,3,2
297,133,3,2
297,134,3,2
297,135,3,2
297,136,3,2
297,137,3,2
297,138,3,2
297,139,3,2
297,140,3,2
297,141,3,2
297,142,3,2
297,143,3,2
297,144,3,2
297,145,3,2
297,146,3,2
297,147,3,2
297,148,3,2
297,149,3,2
297,150,3,2
297,151,3,2
297,152,3,2
297,153,3,2
297,154,3,2
297,155,3,2
297,156,3,2
297,157,3,2
297,158,3,2
297,159,3,2
297,160,3,2
297,161,3,2
297,162,3,2
297,163,3,2
297,164,3,2
297,165,3,2
297,166,3,2
297,167,3,2
297,168,3,2
297,169,3,2
297,170,3,2
297,171,3,2
297,172,3,2
297,173,3,2
297,174,3,2
297,175,3,2
297,176,3,2
297,177,3,2
297,178,3,2
297,179,3,2
297,180,3,2
297,181,3,2
297,182,3,2
297,183,3,2
297,184,3,2
297,185,3,2
297,186,3,2
297,187,3,2
297,188,3,2
297,189,3,2
297,190,3,2
297,191,3,2
297,192,3,2
297,193,3,2
297,194,3,2
297,195,3,2
297,196,3,2
297,197,3,2
297,198,3,2
297,199,3,2
297,200,3,2
297,201,3,2
297,202,3,2
297,203,3,2
297,204,3,2
297,205,3,2
297,206,3,2
297,207,3,2
297,208,3,2
297,209,3,2
297,210,3,2
297,211,3,2
297,212,3,2
297,213,3,2
297,214,3,2
297,215,3,2
297,216,3,2
297,217,3,2
297,218,3,2
297,219,3,2
297,220,3,2
297,221,3,2
297,222,3,2
297,223,3,2
297,224,3,2
297,225,3,2
297,226,3,2
297,227,3,2
297,228,3,2
297,229,3,2
297,230,3,2
297,231,3,2
297,232,3,2
297,233,3,2
297,234,3,2
297,235,3,2
297,236,3,2
297,237,3,2
297,238,3,2
297,239,3,2
297,240,3,2
297,241,3,2
297,242,3,2
297,243,3,2
297,244,3,2
297,245,3,2
297,246,3,2
297,247,3,2
297,248,3,2
297,249,3,2
297,250,3,2
297,251,3,2
297,252,3,2
297,253,3,2
297,254,3,2
297,255,3,2
297,256,3,2
297,257,3,2
297,258,3,2
297,259,3,2
297,260,3,2
297,261,3,2
297,262,3,2
297,263,3,2
297,264,3,2
297,265,3,2
297,266,3,2
297,267,3,2
297,268,3,2
297,269,3,2
297,270,3,2
297,271,3,2
297,272,3,2
297,273,3,2
297,274,3,2
297,275,3,2
297,276,3,2
297,277,3,2
297,278,3,2
297,279,3,2
297,280,3,2
297,281,3,2
297,282,3,2
297,283,3,2
297,284,3,2
297,285,3,2
297,286,3,2
297,287,3,2
297,288,3,2
297,289,3,2
297,290,3,2
297,291,3,2
297,292,3,2
297,293,3,2
297,294,3,2
297,295,3,2
297,296,3,2
297,297,3,2
297,298,3,2
297,299,3,2
297,300,3,2
297,301,3,2
297,302,3,2
297,303,3,2
297,304,3,2
297,305,3,2
297,306,3,2
297,307,3,2
297,308,3,2
297,309,3,2
297,310,3,2
297,311,3,2
297,312,3,2
297,313,3,2
297,314,3,2
297,315,3,2
297,316,3,2
297,317,3,2
297,318,3,2
297,319,3,2
297,320,3,2
297,321,3,2
297,322,3,2
297,323,3,2
297,324,3,2
297,325,3,2
297,326,3,2
297,327,3,2
297,328,3,2
297,329,3,2
297,330,3,2
297,331,3,2
297,332,3,2
297,333,3,2
297,334,3,2
297,335,3,2
297,336,3,2
297,337,3,2
297,338,3,2
297,339,3,2
297,340,3,2
297,341,3,2
297,342,3,2
297,343,3,2
297,344,3,2
297,345,3,2
297,346,3,2
297,347,3,2
297,348,3,2
297,349,3,2
297,350,3,2
297,351,3,2
297,352,3,2
297,353,3,2
297,354,3,2
297,355,3,2
297,356,3,2
297,357,3,2
297,358,3,2
297,359,3,2
297,360,3,2
297,361,3,2
297,362,3,2
297,363,3,2
297,364,3,2
297,365,3,2
297,366,3,2
297,367,3,2
297,368,3,2
297,369,3,2
297,370,3,2
297,371,3,2
297,372,3,2
297,373,3,2
297,374,3,2
297,375,3,2
297,376,3,2
297,377,3,2
297,378,3,2
297,379,3,2
297,380,3,2
297,381,3,2
297,382,3,2
297,383,3,2
297,384,3,2
297,385,3,2
297,386,3,2
297,387,3,2
297,388,3,2
297,389,3,2
297,390,3,2
297,391,3,2
297,392,3,2
297,393,3,2
297,394,3,2
297,395,3,2
297,396,3,2
297,397,3,2
297,398,3,2
297,399,3,2
297,400,3,2
297,401,3,2
297,402,3,2
297,403,3,2
297,404,3,2
297,405,3,2
297,406,3,2
297,407,3,2
297,408,3,2
297,409,3,2
297,410,3,2
297,411,3,2
297,412,3,2
297,413,3,2
297,414,3,2
297,415,3,2
297,416,3,2
297,417,3,2
297,418,3,2
297,419,3,2
297,420,3,2
297,421,3,2
297,422,3,2
297,423,3,2
297,424,3,2
297,425,3,2
297,426,3,2
297,427,3,2
297,428,3,2
297,429,3,2
297,430,3,2
297,431,3,2
297,432,3,2
297,433,3,2
297,434,3,2
297,435,3,2
297,436,3,2
297,437,3,2
297,438,3,3
297,439,3,3
297,440,3,3
297,441,3,3
297,442,3,3
297,443,3,3
297,444,3,3
297,445,3,3
297,446,3,3
297,447,3,3
297,448,3,3
297,449,3,3
297,450,3,3
297,451,3,3
297,452,3,3
297,453,3,3
297,454,3,3
297,455,3,3
297,456,3,3
297,457,3,3
297,458,3,3
297,459,3,3
297,460,3,3
297,461,3,3
297,462,3,2
297,463,3,2
297,464,3,2
297,465,3,2
297,466,3,2
297,467,3,2
297,468,3,2
297,469,3,2
297,470,3,2
297,471,3,2
297,472,3,2
297,473,3,2
297,474,3,2
297,475,3,2
297,476,3,2
297,477,3,2
297,478,3,2
297,479,3,2
297,480,3,2
297,481,3,2
297,482,3,2
297,483,3,2
297,484,3,3
297,485,3,3
297,486,3,3
297,487,3,3
297,488,3,3
297,489,3,3
297,490,3,3
297,491,3,3
297,492,3,3
297,493,3,3
297,494,3,3
297,495,3,3
297,496,3,3
297,497,3,3
297,498,3,3
297,499,3,3
297,500,3,3
297,501,3,3
297,502,3,3
297,503,3,3
297,504,3,3
297,505,3,3
297,506,3,3
297,507,3,3
297,508,3,3
297,509,3,3
297,510,3,3
297,511,3,3
297,512,3,3
297,513,3,3
297,514,3,3
297,515,3,3
297,516,3,3
297,517,3,3
297,518,3,3
297,519,3,3
297,520,3,3
297,521,3,3
297,522,3,3
297,523,3,3
297,524,3,3
297,525,3,3
297,526,3,3
297,527,3,3
297,528,3,3
297,529,3,3
297,530,3,3
297,531,3,3
297,532,3,3
297,533,3,3
297,534,3,3
297,535,3,3
297,536,3,3
297,537,3,3
297,538,3,3
297,539,3,3
297,540,3,3
297,541,3,3
297,542,3,3
297,543,3,3
297,544,3,3
297,545,3,3
297,546,3,3
297,547,3,3
297,548,3,3
297,549,3,3
297,550,3,3
297,551,3,3
297,552,3,3
297,553,3,3
297,554,3,3
297,555,3,3
297,556,3,3
297,557,3,3
297,558,3,3
297,559,3,3
297,560,3,3
297,561,3,3
297,562,3,3
297,563,3,3
297,564,3,3
297,565,3,3
297,566,3,3
297,567,3,3
297,568,3,3
297,569,3,3
297,570,3,3
297,571,3,3
297,572,3,3
297,573,3,3
297,574,3,3
297,575,3,3
297,576,3,3
297,577,3,3
297,578,3,3
297,579,3,3
297,580,3,3
297,581,3,3
297,582,3,3
297,583,3,3
297,584,3,3
297,585,3,3
297,586,3,3
297,587,3,3
297,588,3,3
297,589,3,3
297,590,3,3
297,591,3,3
297,592,3,3
297,593,3,2
297,594,3,2
297,595,3,2
297,596,3,2
297,597,3,2
297,598,3,2
297,599,3,2
297,600,3,2
297,601,3,3
297,602,3,2
297,603,3,2
297,604,3,3
297,605,3,3
297,606,3,2
297,607,3,2
297,608,3,3
297,609,3,3
297,610,3,3
297,611,3,3
297,612,3,3
297,613,3,3
297,614,3,3
297,615,3,3
297,616,3,3
297,617,3,3
297,618,3,3
297,619,3,3
297,620,3,3
297,621,3,3
297,622,3,3
297,623,3,2
297,624,3,3
297,625,3,3
297,626,3,3
297,627,3,3
297,628,3,3
297,629,3,3
297,630,3,3
297,631,3,3
297,632,3,3
297,633,3,3
297,634,3,3
297,635,3,3
297,636,3,3
297,637,3,3
297,638,3,3
297,639,3,3
297,640,3,3
297,641,3,3
297,642,3,3
297,643,3,3
297,644,3,3
297,645,3,3
297,646,3,3
297,647,3,3
297,648,3,3
297,649,3,3
297,650,3,3
297,651,3,3
297,652,3,3
297,653,3,3
297,654,3,3
297,655,3,3
297,656,3,2
297,657,3,2
297,658,3,2
297,659,3,2
297,660,3,2
297,661,3,2
297,662,3,2
297,663,3,2
297,664,3,2
297,665,3,2
297,666,3,2
297,667,3,2
297,668,3,2
297,669,3,2
297,670,3,2
297,671,3,2
297,672,3,2
297,673,3,2
297,674,3,2
297,675,3,2
297,676,3,2
297,677,3,2
298,97,3,2
298,98,3,2
298,99,3,2
298,100,3,2
298,101,3,2
298,102,3,2
298,103,3,2
298,104,3,2
298,105,3,2
298,106,3,2
298,107,3,2
298,108,3,2
298,109,3,2
298,110,3,2
298,111,3,2
298,112,3,2
298,113,3,2
298,114,3,2
298,115,3,2
298,116,3,2
298,117,3,2
298,118,3,2
298,119,3,2
298,120,3,2
298,121,3,2
298,122,3,2
298,123,3,2
298,124,3,2
298,125,3,2
298,126,3,2
298,127,3,2
298,128,3,2
298,129,3,2
298,130,3,2
298,131,3,2
298,132,3,2
298,133,3,2
298,134,3,2
298,135,3,2
298,136,3,2
298,137,3,2
298,138,3,2
298,139,3,2
298,140,3,2
298,141,3,2
298,142,3,2
298,143,3,2
298,144,3,2
298,145,3,2
298,146,3,2
298,147,3,2
298,148,3,2
298,149,3,2
298,150,3,2
298,151,3,2
298,152,3,2
298,153,3,2
298,154,3,2
298,155,3,2
298,156,3,2
298,157,3,2
298,158,3,2
298,159,3,2
298,160,3,2
298,161,3,2
298,162,3,2
298,163,3,2
298,164,3,2
298,165,3,2
298,166,3,2
298,167,3,2
298,168,3,2
298,169,3,2
298,170,3,2
298,171,3,2
298,172,3,2
298,173,3,2
298,174,3,2
298,175,3,2
298,176,3,2
298,177,3,2
298,178,3,2
298,179,3,2
298,180,3,2
298,181,3,2
298,182,3,2
298,183,3,2
298,184,3,2
298,185,3,2
298,186,3,2
298,187,3,2
298,188,3,2
298,189,3,2
298,190,3,2
298,191,3,2
298,192,3,2
298,193,3,2
298,194,3,2
298,195,3,2
298,196,3,2
298,197,3,2
298,198,3,2
298,199,3,2
298,200,3,2
298,201,3,2
298,202,3,2
298,203,3,2
298,204,3,2
298,205,3,2
298,206,3,2
298,207,3,2
298,208,3,2
298,209,3,2
298,210,3,2
298,211,3,2
298,212,3,2
298,213,3,2
298,214,3,2
298,215,3,2
298,216,3,2
298,217,3,2
298,218,3,2
298,219,3,2
298,220,3,2
298,221,3,2
298,222,3,2
298,223,3,2
298,224,3,2
298,225,3,2
298,226,3,2
298,227,3,2
298,228,3,2
298,229,3,2
298,230,3,2
298,231,3,2
298,232,3,2
298,233,3,2
298,234,3,2
298,235,3,2
298,236,3,2
298,237,3,2
298,238,3,2
298,239,3,2
298,240,3,2
298,241,3,2
298,242,3,2
298,243,3,2
298,244,3,2
298,245,3,2
298,246,3,2
298,247,3,2
298,248,3,2
298,249,3,2
298,250,3,2
298,251,3,2
298,252,3,2
298,253,3,2
298,254,3,2
298,255,3,2
298,256,3,2
298,257,3,2
298,258,3,2
298,259,3,2
298,260,3,2
298,261,3,2
298,262,3,2
298,263,3,2
298,264,3,2
298,265,3,2
298,266,3,2
298,267,3,2
298,268,3,2
298,269,3,2
298,270,3,2
298,271,3,2
298,272,3,2
298,273,3,2
298,274,3,2
298,275,3,2
298,276,3,2
298,277,3,2
298,278,3,2
298,279,3,2
298,280,3,2
298,281,3,2
298,282,3,2
298,283,3,2
298,284,3,2
298,285,3,2
298,286,3,2
298,287,3,2
298,288,3,2
298,289,3,2
298,290,3,2
298,291,3,2
298,292,3,2
298,293,3,2
298,294,3,2
298,295,3,2
298,296,3,2
298,297,3,2
298,298,3,2
298,299,3,2
298,300,3,2
298,301,3,2
298,302,3,2
298,303,3,2
298,304,3,2
298,305,3,2
298,306,3,2
298,307,3,2
298,308,3,2
298,309,3,2
298,310,3,2
298,311,3,2
298,312,3,2
298,313,3,2
298,314,3,2
298,315,3,2
298,316,3,2
298,317,3,2
298,318,3,2
298,319,3,2
298,320,3,2
298,321,3,2
298,322,3,2
298,323,3,2
298,324,3,2
298,325,3,2
298,326,3,2
298,327,3,2
298,328,3,2
298,329,3,2
298,330,3,2
298,331,3,2
298,332,3,2
298,333,3,2
298,334,3,2
298,335,3,2
298,336,3,2
298,337,3,2
298,338,3,2
298,339,3,2
298,340,3,2
298,341,3,2
298,342,3,2
298,343,3,2
298,344,3,2
298,345,3,2
298,346,3,2
298,347,3,2
298,348,3,2
298,349,3,2
298,350,3,2
298,351,3,2
298,352,3,2
298,353,3,2
298,354,3,2
298,355,3,2
298,356,3,2
298,357,3,2
298,358,3,2
298,359,3,2
298,360,3,2
298,361,3,2
298,362,3,2
298,363,3,2
298,364,3,2
298,365,3,2
298,366,3,2
298,367,3,2
298,368,3,2
298,369,3,2
298,370,3,2
298,371,3,2
298,372,3,2
298,373,3,2
298,374,3,2
298,375,3,2
298,376,3,2
298,377,3,2
298,378,3,2
298,379,3,2
298,380,3,2
298,381,3,2
298,382,3,2
298,383,3,2
298,384,3,2
298,385,3,2
298,386,3,2
298,387,3,2
298,388,3,2
298,389,3,2
298,390,3,2
298,391,3,2
298,392,3,2
298,393,3,2
298,394,3,2
298,395,3,2
298,396,3,2
298,397,3,2
298,398,3,2
298,399,3,2
298,400,3,2
298,401,3,2
298,402,3,2
298,403,3,2
298,404,3,2
298,405,3,2
298,406,3,2
298,407,3,2
298,408,3,2
298,409,3,2
298,410,3,2
298,411,3,2
298,412,3,2
298,413,3,2
298,414,3,2
298,415,3,2
298,416,3,2
298,417,3,2
298,418,3,2
298,419,3,2
298,420,3,2
298,421,3,2
298,422,3,2
298,423,3,2
298,424,3,2
298,425,3,2
298,426,3,2
298,427,3,2
298,428,3,2
298,429,3,2
298,430,3,2
298,431,3,2
298,432,3,2
298,433,3,2
298,434,3,2
298,435,3,2
298,436,3,2
298,437,3,2
298,438,3,2
298,439,3,2
298,440,3,3
298,441,3,3
298,442,3,3
298,443,3,3
298,444,3,3
298,445,3,3
298,446,3,3
298,447,3,3
298,448,3,3
298,449,3,3
298,450,3,3
298,451,3,3
298,452,3,3
298,453,3,3
298,454,3,3
298,455,3,3
298,456,3,3
298,457,3,3
298,458,3,3
298,459,3,3
298,460,3,3
298,461,3,2
298,462,3,2
298,463,3,2
298,464,3,2
298,465,3,2
298,466,3,2
298,467,3,2
298,468,3,2
298,469,3,2
298,470,3,2
298,471,3,2
298,472,3,2
298,473,3,2
298,474,3,2
298,475,3,2
298,476,3,2
298,477,3,2
298,478,3,2
298,479,3,2
298,480,3,2
298,481,3,2
298,482,3,2
298,483,3,2
298,484,3,3
298,485,3,3
298,486,3,3
298,487,3,3
298,488,3,3
298,489,3,3
298,490,3,3
298,491,3,3
298,492,3,3
298,493,3,3
298,494,3,3
298,495,3,3
298,496,3,3
298,497,3,3
298,498,3,3
298,499,3,3
298,500,3,3
298,501,3,3
298,502,3,3
298,503,3,3
298,504,3,3
298,505,3,3
298,506,3,3
298,507,3,3
298,508,3,3
298,509,3,3
298,510,3,3
298,511,3,3
298,512,3,3
298,513,3,3
298,514,3,3
298,515,3,3
298,516,3,3
298,517,3,3
298,518,3,3
298,519,3,3
298,520,3,3
298,521,3,3
298,522,3,3
298,523,3,3
298,524,3,3
298,525,3,3
298,526,3,3
298,527,3,3
298,528,3,3
298,529,3,3
298,530,3,3
298,531,3,3
298,532,3,3
298,533,3,3
298,534,3,3
298,535,3,3
298,536,3,3
298,537,3,3
298,538,3,3
298,539,3,3
298,540,3,3
298,541,3,3
298,542,3,3
298,543,3,3
298,544,3,3
298,545,3,3
298,546,3,3
298,547,3,3
298,548,3,3
298,549,3,3
298,550,3,3
298,551,3,3
298,552,3,3
298,553,3,3
298,554,3,3
298,555,3,3
298,556,3,3
298,557,3,3
298,558,3,3
298,559,3,3
298,560,3,3
298,561,3,3
298,562,3,3
298,563,3,3
298,564,3,3
298,565,3,3
298,566,3,3
298,567,3,3
298,568,3,3
298,569,3,3
298,570,3,3
298,571,3,3
298,572,3,3
298,573,3,3
298,574,3,3
298,575,3,3
298,576,3,3
298,577,3,3
298,578,3,3
298,579,3,3
298,580,3,3
298,581,3,3
298,582,3,3
298,583,3,3
298,584,3,3
298,585,3,3
298,586,3,3
298,587,3,3
298,588,3,3
298,589,3,3
298,590,3,3
298,591,3,3
298,592,3,3
298,593,3,3
298,594,3,2
298,595,3,2
298,596,3,2
298,597,3,2
298,598,3,2
298,599,3,2
298,600,3,2
298,601,3,3
298,602,3,2
298,603,3,2
298,604,3,3
298,605,3,3
298,606,3,3
298,607,3,2
298,608,3,3
298,609,3,3
298,610,3,3
298,611,3,3
298,612,3,3
298,613,3,3
298,614,3,3
298,615,3,3
298,616,3,3
298,617,3,3
298,618,3,3
298,619,3,3
298,620,3,3
298,621,3,3
298,622,3,3
298,623,3,3
298,624,3,3
298,625,3,3
298,626,3,3
298,627,3,3
298,628,3,3
298,629,3,3
298,630,3,3
298,631,3,3
298,632,3,3
298,633,3,3
298,634,3,3
298,635,3,3
298,636,3,3
298,637,3,3
298,638,3,3
298,639,3,3
298,640,3,3
298,641,3,3
298,642,3,3
298,643,3,3
298,644,3,3
298,645,3,3
298,646,3,3
298,647,3,3
298,648,3,3
298,649,3,3
298,650,3,3
298,651,3,3
298,652,3,3
298,653,3,3
298,654,3,2
298,655,3,2
298,656,3,2
298,657,3,2
298,658,3,2
298,659,3,2
298,660,3,2
298,661,3,2
298,662,3,2
298,663,3,2
298,664,3,2
298,665,3,2
298,666,3,2
298,667,3,2
298,668,3,2
298,669,3,2
298,670,3,2
298,671,3,2
298,672,3,2
298,673,3,2
298,674,3,2
298,675,3,2
298,676,3,2
298,677,3,2
299,97,3,2
299,98,3,2
299,99,3,2
299,100,3,2
299,101,3,2
299,102,3,2
299,103,3,2
299,104,3,2
299,105,3,2
299,106,3,2
299,107,3,2
299,108,3,2
299,109,3,2
299,110,3,2
299,111,3,2
299,112,3,2
299,113,3,2
299,114,3,2
299,115,3,2
299,116,3,2
299,117,3,2
299,118,3,2
299,119,3,2
299,120,3,2
299,121,3,2
299,122,3,2
299,123,3,2
299,124,3,2
299,125,3,2
299,126,3,2
299,127,3,2
299,128,3,2
299,129,3,2
299,130,3,2
299,131,3,2
299,132,3,2
299,133,3,2
299,134,3,2
299,135,3,2
299,136,3,2
299,137,3,2
299,138,3,2
299,139,3,2
299,140,3,2
299,141,3,2
299,142,3,2
299,143,3,2
299,144,3,2
299,145,3,2
299,146,3,2
299,147,3,2
299,148,3,2
299,149,3,2
299,150,3,2
299,151,3,2
299,152,3,2
299,153,3,2
299,154,3,2
299,155,3,2
299,156,3,2
299,157,3,2
299,158,3,2
299,159,3,2
299,160,3,2
299,161,3,2
299,162,3,2
299,163,3,2
299,164,3,2
299,165,3,2
299,166,3,2
299,167,3,2
299,168,3,2
299,169,3,2
299,170,3,2
299,171,3,2
299,172,3,2
299,173,3,2
299,174,3,2
299,175,3,2
299,176,3,2
299,177,3,2
299,178,3,2
299,179,3,2
299,180,3,2
299,181,3,2
299,182,3,2
299,183,3,2
299,184,3,2
299,185,3,2
299,186,3,2
299,187,3,2
299,188,3,2
299,189,3,2
299,190,3,2
299,191,3,2
299,192,3,2
299,193,3,2
299,194,3,2
299,195,3,2
299,196,3,2
299,197,3,2
299,198,3,2
299,199,3,2
299,200,3,2
299,201,3,2
299,202,3,2
299,203,3,2
299,204,3,2
299,205,3,2
299,206,3,2
299,207,3,2
299,208,3,2
299,209,3,2
299,210,3,2
299,211,3,2
299,212,3,2
299,213,3,2
299,214,3,2
299,215,3,2
299,216,3,2
299,217,3,2
299,218,3,2
299,219,3,2
299,220,3,2
299,221,3,2
299,222,3,2
299,223,3,2
299,224,3,2
299,225,3,2
299,226,3,2
299,227,3,2
299,228,3,2
299,229,3,2
299,230,3,2
299,231,3,2
299,232,3,2
299,233,3,2
299,234,3,2
299,235,3,2
299,236,3,2
299,237,3,2
299,238,3,2
299,239,3,2
299,240,3,2
299,241,3,2
299,242,3,2
299,243,3,2
299,244,3,2
299,245,3,2
299,246,3,2
299,247,3,2
299,248,3,2
299,249,3,2
299,250,3,2
299,251,3,2
299,252,3,2
299,253,3,2
299,254,3,2
299,255,3,2
299,256,3,2
299,257,3,2
299,258,3,2
299,259,3,2
299,260,3,2
299,261,3,2
299,262,3,2
299,263,3,2
299,264,3,2
299,265,3,2
299,266,3,2
299,267,3,2
299,268,3,2
299,269,3,2
299,270,3,2
299,271,3,2
299,272,3,2
299,273,3,2
299,274,3,2
299,275,3,2
299,276,3,2
299,277,3,2
299,278,3,2
299,279,3,2
299,280,3,2
299,281,3,2
299,282,3,2
299,283,3,2
299,284,3,2
299,285,3,2
299,286,3,2
299,287,3,2
299,288,3,2
299,289,3,2
299,290,3,2
299,291,3,2
299,292,3,2
299,293,3,2
299,294,3,2
299,295,3,2
299,296,3,2
299,297,3,2
299,298,3,2
299,299,3,2
299,300,3,2
299,301,3,2
299,302,3,2
299,303,3,2
299,304,3,2
299,305,3,2
299,306,3,2
299,307,3,2
299,308,3,2
299,309,3,2
299,310,3,2
299,311,3,2
299,312,3,2
299,313,3,2
299,314,3,2
299,315,3,2
299,316,3,2
299,317,3,2
299,318,3,2
299,319,3,2
299,320,3,2
299,321,3,2
299,322,3,2
299,323,3,2
299,324,3,2
299,325,3,2
299,326,3,2
299,327,3,2
299,328,3,2
299,329,3,2
299,330,3,2
299,331,3,2
299,332,3,2
299,333,3,2
299,334,3,2
299,335,3,2
299,336,3,2
299,337,3,2
299,338,3,2
299,339,3,2
299,340,3,2
299,341,3,2
299,342,3,2
299,343,3,2
299,344,3,2
299,345,3,2
299,346,3,2
299,347,3,2
299,348,3,2
299,349,3,2
299,350,3,2
299,351,3,2
299,352,3,2
299,353,3,2
299,354,3,2
299,355,3,2
299,356,3,2
299,357,3,2
299,358,3,2
299,359,3,2
299,360,3,2
299,361,3,2
299,362,3,2
299,363,3,2
299,364,3,2
299,365,3,2
299,366,3,2
299,367,3,2
299,368,3,2
299,369,3,2
299,370,3,2
299,371,3,2
299,372,3,2
299,373,3,2
299,374,3,2
299,375,3,2
299,376,3,2
299,377,3,2
299,378,3,2
299,379,3,2
299,380,3,2
299,381,3,2
299,382,3,2
299,383,3,2
299,384,3,2
299,385,3,2
299,386,3,2
299,387,3,2
299,388,3,2
299,389,3,2
299,390,3,2
299,391,3,2
299,392,3,2
299,393,3,2
299,394,3,2
299,395,3,2
299,396,3,2
299,397,3,2
299,398,3,2
299,399,3,2
299,400,3,2
299,401,3,2
299,402,3,2
299,403,3,2
299,404,3,2
299,405,3,2
299,406,3,2
299,407,3,2
299,408,3,2
299,409,3,2
299,410,3,2
299,411,3,2
299,412,3,2
299,413,3,2
299,414,3,2
299,415,3,2
299,416,3,2
299,417,3,2
299,418,3,2
299,419,3,2
299,420,3,2
299,421,3,2
299,422,3,2
299,423,3,2
299,424,3,2
299,425,3,2
299,426,3,2
299,427,3,2
299,428,3,2
299,429,3,2
299,430,3,2
299,431,3,2
299,432,3,2
299,433,3,2
299,434,3,2
299,435,3,2
299,436,3,2
299,437,3,2
299,438,3,2
299,439,3,2
299,440,3,2
299,441,3,3
299,442,3,3
299,443,3,3
299,444,3,3
299,445,3,3
299,446,3,3
299,447,3,3
299,448,3,3
299,449,3,3
299,450,3,3
299,451,3,3
299,452,3,3
299,453,3,3
299,454,3,3
299,455,3,3
299,456,3,3
299,457,3,3
299,458,3,3
299,459,3,3
299,460,3,2
299,461,3,2
299,462,3,2
299,463,3,2
299,464,3,2
299,465,3,2
299,466,3,2
299,467,3,2
299,468,3,2
299,469,3,2
299,470,3,2
299,471,3,2
299,472,3,2
299,473,3,2
299,474,3,2
299,475,3,2
299,476,3,2
299,477,3,2
299,478,3,2
299,479,3,2
299,480,3,2
299,481,3,2
299,482,3,2
299,483,3,2
299,484,3,3
299,485,3,3
299,486,3,3
299,487,3,3
299,488,3,3
299,489,3,3
299,490,3,3
299,491,3,3
299,492,3,3
299,493,3,3
299,494,3,3
299,495,3,3
299,496,3,3
299,497,3,3
299,498,3,3
299,499,3,3
299,500,3,3
299,501,3,3
299,502,3,3
299,503,3,3
299,504,3,3
299,505,3,3
299,506,3,3
299,507,3,3
299,508,3,3
299,509,3,3
299,510,3,3
299,511,3,3
299,512,3,3
299,513,3,3
299,514,3,3
299,515,3,3
299,516,3,3
299,517,3,3
299,518,3,3
299,519,3,3
299,520,3,3
299,521,3,3
299,522,3,3
299,523,3,3
299,524,3,3
299,525,3,3
299,526,3,3
299,527,3,3
299,528,3,3
299,529,3,3
299,530,3,3
299,531,3,3
299,532,3,3
299,533,3,3
299,534,3,3
299,535,3,3
299,536,3,3
299,537,3,3
299,538,3,3
299,539,3,3
299,540,3,3
299,541,3,3
299,542,3,3
299,543,3,3
299,544,3,3
299,545,3,3
299,546,3,3
299,547,3,3
299,548,3,3
299,549,3,3
299,550,3,3
299,551,3,3
299,552,3,3
299,553,3,3
299,554,3,3
299,555,3,3
299,556,3,3
299,557,3,3
299,558,3,3
299,559,3,3
299,560,3,3
299,561,3,3
299,562,3,3
299,563,3,3
299,564,3,3
299,565,3,3
299,566,3,3
299,567,3,3
299,568,3,3
299,569,3,3
299,570,3,3
299,571,3,3
299,572,3,3
299,573,3,3
299,574,3,3
299,575,3,3
299,576,3,3
299,577,3,3
299,578,3,3
299,579,3,3
299,580,3,3
299,581,3,3
299,582,3,3
299,583,3,3
299,584,3,3
299,585,3,3
299,586,3,3
299,587,3,3
299,588,3,3
299,589,3,3
299,590,3,3
299,591,3,3
299,592,3,3
299,593,3,3
299,594,3,3
299,595,3,3
299,596,3,3
299,597,3,2
299,598,3,2
299,599,3,2
299,600,3,3
299,601,3,3
299,602,3,3
299,603,3,3
299,604,3,3
299,605,3,3
299,606,3,3
299,607,3,3
299,608,3,3
299,609,3,3
299,610,3,3
299,611,3,3
299,612,3,3
299,613,3,3
299,614,3,3
299,615,3,3
299,616,3,3
299,617,3,3
299,618,3,3
299,619,3,3
299,620,3,3
299,621,3,3
299,622,3,3
299,623,3,3
299,624,3,3
299,625,3,3
299,626,3,3
299,627,3,3
299,628,3,3
299,629,3,3
299,630,3,3
299,631,3,3
299,632,3,3
299,633,3,3
299,634,3,3
299,635,3,3
299,636,3,3
299,637,3,3
299,638,3,3
299,639,3,3
299,640,3,3
299,641,3,3
299,642,3,3
299,643,3,3
299,644,3,3
299,645,3,3
299,646,3,3
299,647,3,3
299,648,3,3
299,649,3,3
299,650,3,3
299,651,3,3
299,652,3,3
299,653,3,3
299,654,3,2
299,655,3,2
299,656,3,2
299,657,3,2
299,658,3,2
299,659,3,2
299,660,3,2
299,661,3,2
299,662,3,2
299,663,3,2
299,664,3,2
299,665,3,2
299,666,3,2
299,667,3,2
299,668,3,2
299,669,3,2
299,670,3,2
299,671,3,2
299,672,3,2
299,673,3,2
299,674,3,2
299,675,3,2
299,676,3,2
299,677,3,2
299,678,3,2
300,98,3,2
300,99,3,2
300,100,3,2
300,101,3,2
300,102,3,2
300,103,3,2
300,104,3,2
300,105,3,2
300,106,3,2
300,107,3,2
300,108,3,2
300,109,3,2
300,110,3,2
300,111,3,2
300,112,3,2
300,113,3,2
300,114,3,2
300,115,3,2
300,116,3,2
300,117,3,2
300,118,3,2
300,119,3,2
300,120,3,2
300,121,3,2
300,122,3,2
300,123,3,2
300,124,3,2
300,125,3,2
300,126,3,2
300,127,3,2
300,128,3,2
300,129,3,2
300,130,3,2
300,131,3,2
300,132,3,2
300,133,3,2
300,134,3,2
300,135,3,2
300,136,3,2
300,137,3,2
300,138,3,2
300,139,3,2
300,140,3,2
300,141,3,2
300,142,3,2
300,143,3,2
300,144,3,2
300,145,3,2
300,146,3,2
300,147,3,2
300,148,3,2
300,149,3,2
300,150,3,2
300,151,3,2
300,152,3,2
300,153,3,2
300,154,3,2
300,155,3,2
300,156,3,2
300,157,3,2
300,158,3,2
300,159,3,2
300,160,3,2
300,161,3,2
300,162,3,2
300,163,3,2
300,164,3,2
300,165,3,2
300,166,3,2
300,167,3,2
300,168,3,2
300,169,3,2
300,170,3,2
300,171,3,2
300,172,3,2
300,173,3,2
300,174,3,2
300,175,3,2
300,176,3,2
300,177,3,2
300,178,3,2
300,179,3,2
300,180,3,2
300,181,3,2
300,182,3,2
300,183,3,2
300,184,3,2
300,185,3,2
300,186,3,2
300,187,3,2
300,188,3,2
300,189,3,2
300,190,3,2
300,191,3,2
300,192,3,2
300,193,3,2
300,194,3,2
300,195,3,2
300,196,3,2
300,197,3,2
300,198,3,2
300,199,3,2
300,200,3,2
300,201,3,2
300,202,3,2
300,203,3,2
300,204,3,2
300,205,3,2
300,206,3,2
300,207,3,2
300,208,3,2
300,209,3,2
300,210,3,2
300,211,3,2
300,212,3,2
300,213,3,2
300,214,3,2
300,215,3,2
300,216,3,2
300,217,3,2
300,218,3,2
300,219,3,2
300,220,3,2
300,221,3,2
300,222,3,2
300,223,3,2
300,224,3,2
300,225,3,2
300,226,3,2
300,227,3,2
300,228,3,2
300,229,3,2
300,230,3,2
300,231,3,2
300,232,3,2
300,233,3,2
300,234,3,2
300,235,3,2
300,236,3,2
300,237,3,2
300,238,3,2
300,239,3,2
300,240,3,2
300,241,3,2
300,242,3,2
300,243,3,2
300,244,3,2
300,245,3,2
300,246,3,2
300,247,3,2
300,248,3,2
300,249,3,2
300,250,3,2
300,251,3,2
300,252,3,2
300,253,3,2
300,254,3,2
300,255,3,2
300,256,3,2
300,257,3,2
300,258,3,2
300,259,3,2
300,260,3,2
300,261,3,2
300,262,3,2
300,263,3,2
300,264,3,2
300,265,3,2
300,266,3,2
300,267,3,2
300,268,3,2
300,269,3,2
300,270,3,2
300,271,3,2
300,272,3,2
300,273,3,2
300,274,3,2
300,275,3,2
300,276,3,2
300,277,3,2
300,278,3,2
300,279,3,2
300,280,3,2
300,281,3,2
300,282,3,2
300,283,3,2
300,284,3,2
300,285,3,2
300,286,3,2
300,287,3,2
300,288,3,2
300,289,3,2
300,290,3,2
300,291,3,2
300,292,3,2
300,293,3,2
300,294,3,2
300,295,3,2
300,296,3,2
300,297,3,2
300,298,3,2
300,299,3,2
300,300,3,2
300,301,3,2
300,302,3,2
300,303,3,2
300,304,3,2
300,305,3,2
300,306,3,2
300,307,3,2
300,308,3,2
300,309,3,2
300,310,3,2
300,311,3,2
300,312,3,2
300,313,3,2
300,314,3,2
300,315,3,2
300,316,3,2
300,317,3,2
300,318,3,2
300,319,3,2
300,320,3,2
300,321,3,2
300,322,3,2
300,323,3,2
300,324,3,2
300,325,3,2
300,326,3,2
300,327,3,2
300,328,3,2
300,329,3,2
300,330,3,2
300,331,3,2
300,332,3,2
300,333,3,2
300,334,3,2
300,335,3,2
300,336,3,2
300,337,3,2
300,338,3,2
300,339,3,2
300,340,3,2
300,341,3,2
300,342,3,2
300,343,3,2
300,344,3,2
300,345,3,2
300,346,3,2
300,347,3,2
300,348,3,2
300,349,3,2
300,350,3,2
300,351,3,2
300,352,3,2
300,353,3,2
300,354,3,2
300,355,3,2
300,356,3,2
300,357,3,2
300,358,3,2
300,359,3,2
300,360,3,2
300,361,3,2
300,362,3,2
300,363,3,2
300,364,3,2
300,365,3,2
300,366,3,2
300,367,3,2
300,368,3,2
300,369,3,2
300,370,3,2
300,371,3,2
300,372,3,2
300,373,3,2
300,374,3,2
300,375,3,2
300,376,3,2
300,377,3,2
300,378,3,2
300,379,3,2
300,380,3,2
300,381,3,2
300,382,3,2
300,383,3,2
300,384,3,2
300,385,3,2
300,386,3,2
300,387,3,2
300,388,3,2
300,389,3,2
300,390,3,2
300,391,3,2
300,392,3,2
300,393,3,2
300,394,3,2
300,395,3,2
300,396,3,2
300,397,3,2
300,398,3,2
300,399,3,2
300,400,3,2
300,401,3,2
300,402,3,2
300,403,3,2
300,404,3,2
300,405,3,2
300,406,3,2
300,407,3,2
300,408,3,2
300,409,3,2
300,410,3,2
300,411,3,2
300,412,3,2
300,413,3,2
300,414,3,2
300,415,3,2
300,416,3,2
300,417,3,2
300,418,3,2
300,419,3,2
300,420,3,2
300,421,3,2
300,422,3,2
300,423,3,2
300,424,3,2
300,425,3,2
300,426,3,2
300,427,3,2
300,428,3,2
300,429,3,2
300,430,3,2
300,431,3,2
300,432,3,2
300,433,3,2
300,434,3,2
300,435,3,2
300,436,3,2
300,437,3,2
300,438,3,2
300,439,3,2
300,440,3,2
300,441,3,2
300,442,3,2
300,443,3,2
300,444,3,3
300,445,3,3
300,446,3,3
300,447,3,3
300,448,3,3
300,449,3,3
300,450,3,3
300,451,3,3
300,452,3,3
300,453,3,3
300,454,3,3
300,455,3,3
300,456,3,3
300,457,3,3
300,458,3,3
300,459,3,2
300,460,3,2
300,461,3,2
300,462,3,2
300,463,3,2
300,464,3,2
300,465,3,2
300,466,3,2
300,467,3,2
300,468,3,2
300,469,3,2
300,470,3,2
300,471,3,2
300,472,3,2
300,473,3,2
300,474,3,2
300,475,3,2
300,476,3,2
300,477,3,2
300,478,3,2
300,479,3,2
300,480,3,2
300,481,3,2
300,482,3,2
300,483,3,2
300,484,3,3
300,485,3,3
300,486,3,3
300,487,3,3
300,488,3,3
300,489,3,3
300,490,3,3
300,491,3,3
300,492,3,3
300,493,3,3
300,494,3,3
300,495,3,3
300,496,3,3
300,497,3,3
300,498,3,3
300,499,3,3
300,500,3,3
300,501,3,3
300,502,3,3
300,503,3,3
300,504,3,3
300,505,3,3
300,506,3,3
300,507,3,3
300,508,3,3
300,509,3,3
300,510,3,3
300,511,3,3
300,512,3,3
300,513,3,3
300,514,3,3
300,515,3,3
300,516,3,3
300,517,3,3
300,518,3,3
300,519,3,3
300,520,3,3
300,521,3,3
300,522,3,3
300,523,3,3
300,524,3,3
300,525,3,3
300,526,3,3
300,527,3,3
300,528,3,3
300,529,3,3
300,530,3,3
300,531,3,3
300,532,3,3
300,533,3,3
300,534,3,3
300,535,3,3
300,536,3,3
300,537,3,3
300,538,3,3
300,539,3,3
300,540,3,3
300,541,3,3
300,542,3,3
300,543,3,3
300,544,3,3
300,545,3,3
300,546,3,3
300,547,3,3
300,548,3,3
300,549,3,3
300,550,3,3
300,551,3,3
300,552,3,3
300,553,3,3
300,554,3,3
300,555,3,3
300,556,3,3
300,557,3,3
300,558,3,3
300,559,3,3
300,560,3,3
300,561,3,3
300,562,3,3
300,563,3,3
300,564,3,3
300,565,3,3
300,566,3,3
300,567,3,3
300,568,3,3
300,569,3,3
300,570,3,3
300,571,3,3
300,572,3,3
300,573,3,3
300,574,3,3
300,575,3,3
300,576,3,3
300,577,3,3
300,578,3,3
300,579,3,3
300,580,3,3
300,581,3,3
300,582,3,3
300,583,3,3
300,584,3,3
300,585,3,3
300,586,3,3
300,587,3,3
300,588,3,3
300,589,3,3
300,590,3,3
300,591,3,3
300,592,3,3
300,593,3,3
300,594,3,3
300,595,3,3
300,596,3,3
300,597,3,3
300,598,3,3
300,599,3,3
300,600,3,3
300,601,3,3
300,602,3,3
300,603,3,3
300,604,3,3
300,605,3,3
300,606,3,3
300,607,3,3
300,608,3,3
300,609,3,3
300,610,3,3
300,611,3,3
300,612,3,3
300,613,3,3
300,614,3,3
300,615,3,3
300,616,3,3
300,617,3,3
300,618,3,3
300,619,3,3
300,620,3,3
300,621,3,3
300,622,3,3
300,623,3,3
300,624,3,3
300,625,3,3
300,626,3,3
300,627,3,3
300,628,3,3
300,629,3,3
300,630,3,3
300,631,3,3
300,632,3,3
300,633,3,3
300,634,3,3
300,635,3,3
300,636,3,3
300,637,3,3
300,638,3,3
300,639,3,3
300,640,3,3
300,641,3,3
300,642,3,3
300,643,3,3
300,644,3,3
300,645,3,3
300,646,3,3
300,647,3,3
300,648,3,3
300,649,3,3
300,650,3,3
300,651,3,3
300,652,3,3
300,653,3,2
300,654,3,2
300,655,3,2
300,656,3,2
300,657,3,2
300,658,3,2
300,659,3,2
300,660,3,2
300,661,3,2
300,662,3,2
300,663,3,2
300,664,3,2
300,665,3,2
300,666,3,2
300,667,3,2
300,668,3,2
300,669,3,2
300,670,3,2
300,671,3,2
300,672,3,2
300,673,3,2
300,674,3,2
300,675,3,2
300,676,3,2
300,677,3,2
300,678,3,2
301,98,3,2
301,99,3,2
301,100,3,2
301,101,3,2
301,102,3,2
301,103,3,2
301,104,3,2
301,105,3,2
301,106,3,2
301,107,3,2
301,108,3,2
301,109,3,2
301,110,3,2
301,111,3,2
301,112,3,2
301,113,3,2
301,114,3,2
301,115,3,2
301,116,3,2
301,117,3,2
301,118,3,2
301,119,3,2
301,120,3,2
301,121,3,2
301,122,3,2
301,123,3,2
301,124,3,2
301,125,3,2
301,126,3,2
301,127,3,2
301,128,3,2
301,129,3,2
301,130,3,2
301,131,3,2
301,132,3,2
301,133,3,2
301,134,3,2
301,135,3,2
301,136,3,2
301,137,3,2
301,138,3,2
301,139,3,2
301,140,3,2
301,141,3,2
301,142,3,2
301,143,3,2
301,144,3,2
301,145,3,2
301,146,3,2
301,147,3,2
301,148,3,2
301,149,3,2
301,150,3,2
301,151,3,2
301,152,3,2
301,153,3,2
301,154,3,2
301,155,3,2
301,156,3,2
301,157,3,2
301,158,3,2
301,159,3,2
301,160,3,2
301,161,3,2
301,162,3,2
301,163,3,2
301,164,3,2
301,165,3,2
301,166,3,2
301,167,3,2
301,168,3,2
301,169,3,2
301,170,3,2
301,171,3,2
301,172,3,2
301,173,3,2
301,174,3,2
301,175,3,2
301,176,3,2
301,177,3,2
301,178,3,2
301,179,3,2
301,180,3,2
301,181,3,2
301,182,3,2
301,183,3,2
301,184,3,2
301,185,3,2
301,186,3,2
301,187,3,2
301,188,3,2
301,189,3,2
301,190,3,2
301,191,3,2
301,192,3,2
301,193,3,2
301,194,3,2
301,195,3,2
301,196,3,2
301,197,3,2
301,198,3,2
301,199,3,2
301,200,3,2
301,201,3,2
301,202,3,2
301,203,3,2
301,204,3,2
301,205,3,2
301,206,3,2
301,207,3,2
301,208,3,2
301,209,3,2
301,210,3,2
301,211,3,2
301,212,3,2
301,213,3,2
301,214,3,2
301,215,3,2
301,216,3,2
301,217,3,2
301,218,3,2
301,219,3,2
301,220,3,2
301,221,3,2
301,222,3,2
301,223,3,2
301,224,3,2
301,225,3,2
301,226,3,2
301,227,3,2
301,228,3,2
301,229,3,2
301,230,3,2
301,231,3,2
301,232,3,2
301,233,3,2
301,234,3,2
301,235,3,2
301,236,3,2
301,237,3,2
301,238,3,2
301,239,3,2
301,240,3,2
301,241,3,2
301,242,3,2
301,243,3,2
301,244,3,2
301,245,3,2
301,246,3,2
301,247,3,2
301,248,3,2
301,249,3,2
301,250,3,2
301,251,3,2
301,252,3,2
301,253,3,2
301,254,3,2
301,255,3,2
301,256,3,2
301,257,3,2
301,258,3,2
301,259,3,2
301,260,3,2
301,261,3,2
301,262,3,2
301,263,3,2
301,264,3,2
301,265,3,2
301,266,3,2
301,267,3,2
301,268,3,2
301,269,3,2
301,270,3,2
301,271,3,2
301,272,3,2
301,273,3,2
301,274,3,2
301,275,3,2
301,276,3,2
301,277,3,2
301,278,3,2
301,279,3,2
301,280,3,2
301,281,3,2
301,282,3,2
301,283,3,2
301,284,3,2
301,285,3,2
301,286,3,2
301,287,3,2
301,288,3,2
301,289,3,2
301,290,3,2
301,291,3,2
301,292,3,2
301,293,3,2
301,294,3,2
301,295,3,2
301,296,3,2
301,297,3,2
301,298,3,2
301,299,3,2
301,300,3,2
301,301,3,2
301,302,3,2
301,303,3,2
301,304,3,2
301,305,3,2
301,306,3,2
301,307,3,2
301,308,3,2
301,309,3,2
301,310,3,2
301,311,3,2
301,312,3,2
301,313,3,2
301,314,3,2
301,315,3,2
301,316,3,2
301,317,3,2
301,318,3,2
301,319,3,2
301,320,3,2
301,321,3,2
301,322,3,2
301,323,3,2
301,324,3,2
301,325,3,2
301,326,3,2
301,327,3,2
301,328,3,2
301,329,3,2
301,330,3,2
301,331,3,2
301,332,3,2
301,333,3,2
301,334,3,2
301,335,3,2
301,336,3,2
301,337,3,2
301,338,3,2
301,339,3,2
301,340,3,2
301,341,3,2
301,342,3,2
301,343,3,2
301,344,3,2
301,345,3,2
301,346,3,2
301,347,3,2
301,348,3,2
301,349,3,2
301,350,3,2
301,351,3,2
301,352,3,2
301,353,3,2
301,354,3,2
301,355,3,2
301,356,3,2
301,357,3,2
301,358,3,2
301,359,3,2
301,360,3,2
301,361,3,2
301,362,3,2
301,363,3,2
301,364,3,2
301,365,3,2
301,366,3,2
301,367,3,2
301,368,3,2
301,369,3,2
301,370,3,2
301,371,3,2
301,372,3,2
301,373,3,2
301,374,3,2
301,375,3,2
301,376,3,2
301,377,3,2
301,378,3,2
301,379,3,2
301,380,3,2
301,381,3,2
301,382,3,2
301,383,3,2
301,384,3,2
301,385,3,2
301,386,3,2
301,387,3,2
301,388,3,2
301,389,3,2
301,390,3,2
301,391,3,2
301,392,3,2
301,393,3,2
301,394,3,2
301,395,3,2
301,396,3,2
301,397,3,2
301,398,3,2
301,399,3,2
301,400,3,2
301,401,3,2
301,402,3,2
301,403,3,2
301,404,3,2
301,405,3,2
301,406,3,2
301,407,3,2
301,408,3,2
301,409,3,2
301,410,3,2
301,411,3,2
301,412,3,2
301,413,3,2
301,414,3,2
301,415,3,2
301,416,3,2
301,417,3,2
301,418,3,2
301,419,3,2
301,420,3,2
301,421,3,2
301,422,3,2
301,423,3,2
301,424,3,2
301,425,3,2
301,426,3,2
301,427,3,2
301,428,3,2
301,429,3,2
301,430,3,2
301,431,3,2
301,432,3,2
301,433,3,2
301,434,3,2
301,435,3,2
301,436,3,2
301,437,3,2
301,438,3,2
301,439,3,2
301,440,3,2
301,441,3,2
301,442,3,2
301,443,3,2
301,444,3,2
301,445,3,2
301,446,3,2
301,447,3,2
301,448,3,2
301,449,3,3
301,450,3,3
301,451,3,2
301,452,3,2
301,453,3,2
301,454,3,2
301,455,3,2
301,456,3,2
301,457,3,2
301,458,3,2
301,459,3,2
301,460,3,2
301,461,3,2
301,462,3,2
301,463,3,2
301,464,3,2
301,465,3,2
301,466,3,2
301,467,3,2
301,468,3,2
301,469,3,2
301,470,3,2
301,471,3,2
301,472,3,2
301,473,3,2
301,474,3,2
301,475,3,2
301,476,3,2
301,477,3,2
301,478,3,2
301,479,3,2
301,480,3,2
301,481,3,2
301,482,3,2
301,483,3,2
301,484,3,3
301,485,3,3
301,486,3,3
301,487,3,3
301,488,3,3
301,489,3,3
301,490,3,3
301,491,3,3
301,492,3,3
301,493,3,3
301,494,3,3
301,495,3,3
301,496,3,3
301,497,3,3
301,498,3,3
301,499,3,3
301,500,3,3
301,501,3,3
301,502,3,3
301,503,3,3
301,504,3,3
301,505,3,3
301,506,3,3
301,507,3,3
301,508,3,3
301,509,3,3
301,510,3,3
301,511,3,3
301,512,3,3
301,513,3,3
301,514,3,3
301,515,3,3
301,516,3,3
301,517,3,3
301,518,3,3
301,519,3,3
301,520,3,3
301,521,3,3
301,522,3,3
301,523,3,3
301,524,3,3
301,525,3,3
301,526,3,3
301,527,3,3
301,528,3,3
301,529,3,3
301,530,3,3
301,531,3,3
301,532,3,3
301,533,3,3
301,534,3,3
301,535,3,3
301,536,3,3
301,537,3,3
301,538,3,3
301,539,3,3
301,540,3,3
301,541,3,3
301,542,3,3
301,543,3,3
301,544,3,3
301,545,3,3
301,546,3,3
301,547,3,3
301,548,3,3
301,549,3,3
301,550,3,3
301,551,3,3
301,552,3,3
301,553,3,3
301,554,3,3
301,555,3,3
301,556,3,3
301,557,3,3
301,558,3,3
301,559,3,3
301,560,3,3
301,561,3,3
301,562,3,3
301,563,3,3
301,564,3,3
301,565,3,3
301,566,3,3
301,567,3,3
301,568,3,3
301,569,3,3
301,570,3,3
301,571,3,3
301,572,3,3
301,573,3,3
301,574,3,3
301,575,3,3
301,576,3,3
301,577,3,3
301,578,3,3
301,579,3,3
301,580,3,3
301,581,3,3
301,582,3,3
301,583,3,3
301,584,3,3
301,585,3,3
301,586,3,3
301,587,3,3
301,588,3,3
301,589,3,3
301,590,3,3
301,591,3,3
301,592,3,3
301,593,3,3
301,594,3,3
301,595,3,3
301,596,3,3
301,597,3,3
301,598,3,3
301,599,3,3
301,600,3,3
301,601,3,3
301,602,3,3
301,603,3,3
301,604,3,3
301,605,3,3
301,606,3,3
301,607,3,3
301,608,3,3
301,609,3,3
301,610,3,3
301,611,3,3
301,612,3,3
301,613,3,3
301,614,3,3
301,615,3,3
301,616,3,3
301,617,3,3
301,618,3,3
301,619,3,3
301,620,3,3
301,621,3,3
301,622,3,3
301,623,3,3
301,624,3,3
301,625,3,3
301,626,3,3
301,627,3,3
301,628,3,3
301,629,3,3
301,630,3,3
301,631,3,3
301,632,3,3
301,633,3,3
301,634,3,3
301,635,3,3
301,636,3,3
301,637,3,3
301,638,3,3
301,639,3,3
301,640,3,3
301,641,3,3
301,642,3,3
301,643,3,3
301,644,3,3
301,645,3,3
301,646,3,3
301,647,3,3
301,648,3,3
301,649,3,3
301,650,3,3
301,651,3,3
301,652,3,2
301,653,3,2
301,654,3,2
301,655,3,2
301,656,3,2
301,657,3,2
301,658,3,2
301,659,3,2
301,660,3,2
301,661,3,2
301,662,3,2
301,663,3,2
301,664,3,2
301,665,3,2
301,666,3,2
301,667,3,3
301,668,3,2
301,669,3,2
301,670,3,2
301,671,3,2
301,672,3,2
301,673,3,2
301,674,3,2
301,675,3,2
301,676,3,2
301,677,3,2
301,678,3,2
302,98,3,2
302,99,3,2
302,100,3,2
302,101,3,2
302,102,3,2
302,103,3,2
302,104,3,2
302,105,3,2
302,106,3,2
302,107,3,2
302,108,3,2
302,109,3,2
302,110,3,2
302,111,3,2
302,112,3,2
302,113,3,2
302,114,3,2
302,115,3,2
302,116,3,2
302,117,3,2
302,118,3,2
302,119,3,2
302,120,3,2
302,121,3,2
302,122,3,2
302,123,3,2
302,124,3,2
302,125,3,2
302,126,3,2
302,127,3,2
302,128,3,2
302,129,3,2
302,130,3,2
302,131,3,2
302,132,3,2
302,133,3,2
302,134,3,2
302,135,3,2
302,136,3,2
302,137,3,2
302,138,3,2
302,139,3,2
302,140,3,2
302,141,3,2
302,142,3,2
302,143,3,2
302,144,3,2
302,145,3,2
302,146,3,2
302,147,3,2
302,148,3,2
302,149,3,2
302,150,3,2
302,151,3,2
302,152,3,2
302,153,3,2
302,154,3,2
302,155,3,2
302,156,3,2
302,157,3,2
302,158,3,2
302,159,3,2
302,160,3,2
302,161,3,2
302,162,3,2
302,163,3,2
302,164,3,2
302,165,3,2
302,166,3,2
302,167,3,2
302,168,3,2
302,169,3,2
302,170,3,2
302,171,3,2
302,172,3,2
302,173,3,2
302,174,3,2
302,175,3,2
302,176,3,2
302,177,3,2
302,178,3,2
302,179,3,2
302,180,3,2
302,181,3,2
302,182,3,2
302,183,3,2
302,184,3,2
302,185,3,2
302,186,3,2
302,187,3,2
302,188,3,2
302,189,3,2
302,190,3,2
302,191,3,2
302,192,3,2
302,193,3,2
302,194,3,2
302,195,3,2
302,196,3,2
302,197,3,2
302,198,3,2
302,199,3,2
302,200,3,2
302,201,3,2
302,202,3,2
302,203,3,2
302,204,3,2
302,205,3,2
302,206,3,2
302,207,3,2
302,208,3,2
302,209,3,2
302,210,3,2
302,211,3,2
302,212,3,2
302,213,3,2
302,214,3,2
302,215,3,2
302,216,3,2
302,217,3,2
302,218,3,2
302,219,3,2
302,220,3,2
302,221,3,2
302,222,3,2
302,223,3,2
302,224,3,2
302,225,3,2
302,226,3,2
302,227,3,2
302,228,3,2
302,229,3,2
302,230,3,2
302,231,3,2
302,232,3,2
302,233,3,2
302,234,3,2
302,235,3,2
302,236,3,2
302,237,3,2
302,238,3,2
302,239,3,2
302,240,3,2
302,241,3,2
302,242,3,2
302,243,3,2
302,244,3,2
302,245,3,2
302,246,3,2
302,247,3,2
302,248,3,2
302,249,3,2
302,250,3,2
302,251,3,2
302,252,3,2
302,253,3,2
302,254,3,2
302,255,3,2
302,256,3,2
302,257,3,2
302,258,3,2
302,259,3,2
302,260,3,2
302,261,3,2
302,262,3,2
302,263,3,2
302,264,3,2
302,265,3,2
302,266,3,2
302,267,3,2
302,268,3,2
302,269,3,2
302,270,3,2
302,271,3,2
302,272,3,2
302,273,3,2
302,274,3,2
302,275,3,2
302,276,3,2
302,277,3,2
302,278,3,2
302,279,3,2
302,280,3,2
302,281,3,2
302,282,3,2
302,283,3,2
302,284,3,2
302,285,3,2
302,286,3,2
302,287,3,2
302,288,3,2
302,289,3,2
302,290,3,2
302,291,3,2
302,292,3,2
302,293,3,2
302,294,3,2
302,295,3,2
302,296,3,2
302,297,3,2
302,298,3,2
302,299,3,2
302,300,3,2
302,301,3,2
302,302,3,2
302,303,3,2
302,304,3,2
302,305,3,2
302,306,3,2
302,307,3,2
302,308,3,2
302,309,3,2
302,310,3,2
302,311,3,2
302,312,3,2
302,313,3,2
302,314,3,2
302,315,3,2
302,316,3,2
302,317,3,2
302,318,3,2
302,319,3,2
302,320,3,2
302,321,3,2
302,322,3,2
302,323,3,2
302,324,3,2
302,325,3,2
302,326,3,2
302,327,3,2
302,328,3,2
302,329,3,2
302,330,3,2
302,331,3,2
302,332,3,2
302,333,3,2
302,334,3,2
302,335,3,2
302,336,3,2
302,337,3,2
302,338,3,2
302,339,3,2
302,340,3,2
302,341,3,2
302,342,3,2
302,343,3,2
302,344,3,2
302,345,3,2
302,346,3,2
302,347,3,2
302,348,3,2
302,349,3,2
302,350,3,2
302,351,3,2
302,352,3,2
302,353,3,2
302,354,3,2
302,355,3,2
302,356,3,2
302,357,3,2
302,358,3,2
302,359,3,2
302,360,3,2
302,361,3,2
302,362,3,2
302,363,3,2
302,364,3,2
302,365,3,2
302,366,3,2
302,367,3,2
302,368,3,2
302,369,3,2
302,370,3,2
302,371,3,2
302,372,3,2
302,373,3,2
302,374,3,2
302,375,3,2
302,376,3,2
302,377,3,2
302,378,3,2
302,379,3,2
302,380,3,2
302,381,3,2
302,382,3,2
302,383,3,2
302,384,3,2
302,385,3,2
302,386,3,2
302,387,3,2
302,388,3,2
302,389,3,2
302,390,3,2
302,391,3,2
302,392,3,2
302,393,3,2
302,394,3,2
302,395,3,2
302,396,3,2
302,397,3,2
302,398,3,2
302,399,3,2
302,400,3,2
302,401,3,2
302,402,3,2
302,403,3,2
302,404,3,2
302,405,3,2
302,406,3,2
302,407,3,2
302,408,3,2
302,409,3,2
302,410,3,2
302,411,3,2
302,412,3,2
302,413,3,2
302,414,3,2
302,415,3,2
302,416,3,2
302,417,3,2
302,418,3,2
302,419,3,2
302,420,3,2
302,421,3,2
302,422,3,2
302,423,3,2
302,424,3,2
302,425,3,2
302,426,3,2
302,427,3,2
302,428,3,2
302,429,3,2
302,430,3,2
302,431,3,2
302,432,3,2
302,433,3,2
302,434,3,2
302,435,3,2
302,436,3,2
302,437,3,2
302,438,3,2
302,439,3,2
302,440,3,2
302,441,3,2
302,442,3,2
302,443,3,2
302,444,3,2
302,445,3,2
302,446,3,2
302,447,3,2
302,448,3,2
302,449,3,2
302,450,3,2
302,451,3,2
302,452,3,2
302,453,3,2
302,454,3,2
302,455,3,2
302,456,3,2
302,457,3,2
302,458,3,2
302,459,3,2
302,460,3,2
302,461,3,2
302,462,3,2
302,463,3,2
302,464,3,2
302,465,3,2
302,466,3,2
302,467,3,2
302,468,3,2
302,469,3,2
302,470,3,2
302,471,3,2
302,472,3,2
302,473,3,2
302,474,3,2
302,475,3,2
302,476,3,2
302,477,3,2
302,478,3,2
302,479,3,2
302,480,3,2
302,481,3,2
302,482,3,2
302,483,3,2
302,484,3,3
302,485,3,3
302,486,3,3
302,487,3,3
302,488,3,3
302,489,3,3
302,490,3,3
302,491,3,3
302,492,3,3
302,493,3,3
302,494,3,3
302,495,3,3
302,496,3,3
302,497,3,3
302,498,3,3
302,499,3,3
302,500,3,3
302,501,3,3
302,502,3,3
302,503,3,3
302,504,3,3
302,505,3,3
302,506,3,3
302,507,3,3
302,508,3,3
302,509,3,3
302,510,3,3
302,511,3,3
302,512,3,3
302,513,3,3
302,514,3,3
302,515,3,3
302,516,3,3
302,517,3,3
302,518,3,3
302,519,3,3
302,520,3,3
302,521,3,3
302,522,3,3
302,523,3,3
302,524,3,3
302,525,3,3
302,526,3,3
302,527,3,3
302,528,3,3
302,529,3,3
302,530,3,3
302,531,3,3
302,532,3,3
302,533,3,3
302,534,3,3
302,535,3,3
302,536,3,3
302,537,3,3
302,538,3,3
302,539,3,3
302,540,3,3
302,541,3,3
302,542,3,3
302,543,3,3
302,544,3,3
302,545,3,3
302,546,3,3
302,547,3,3
302,548,3,3
302,549,3,3
302,550,3,3
302,551,3,3
302,552,3,3
302,553,3,3
302,554,3,3
302,555,3,3
302,556,3,3
302,557,3,3
302,558,3,3
302,559,3,3
302,560,3,3
302,561,3,3
302,562,3,3
302,563,3,3
302,564,3,3
302,565,3,3
302,566,3,3
302,567,3,3
302,568,3,3
302,569,3,3
302,570,3,3
302,571,3,3
302,572,3,3
302,573,3,3
302,574,3,3
302,575,3,3
302,576,3,3
302,577,3,3
302,578,3,3
302,579,3,3
302,580,3,3
302,581,3,3
302,582,3,3
302,583,3,3
302,584,3,3
302,585,3,2
302,586,3,2
302,587,3,3
302,588,3,3
302,589,3,3
302,590,3,3
302,591,3,3
302,592,3,3
302,593,3,3
302,594,3,3
302,595,3,3
302,596,3,3
302,597,3,3
302,598,3,3
302,599,3,3
302,600,3,3
302,601,3,3
302,602,3,3
302,603,3,3
302,604,3,3
302,605,3,3
302,606,3,3
302,607,3,3
302,608,3,3
302,609,3,3
302,610,3,3
302,611,3,3
302,612,3,3
302,613,3,3
302,614,3,3
302,615,3,3
302,616,3,3
302,617,3,3
302,618,3,3
302,619,3,3
302,620,3,3
302,621,3,3
302,622,3,3
302,623,3,3
302,624,3,3
302,625,3,3
302,626,3,3
302,627,3,3
302,628,3,3
302,629,3,3
302,630,3,3
302,631,3,3
302,632,3,3
302,633,3,3
302,634,3,3
302,635,3,3
302,636,3,3
302,637,3,3
302,638,3,3
302,639,3,3
302,640,3,3
302,641,3,3
302,642,3,3
302,643,3,3
302,644,3,3
302,645,3,3
302,646,3,3
302,647,3,3
302,648,3,3
302,649,3,3
302,650,3,3
302,651,3,3
302,652,3,2
302,653,3,2
302,654,3,2
302,655,3,2
302,656,3,2
302,657,3,2
302,658,3,2
302,659,3,2
302,660,3,2
302,661,3,2
302,662,3,2
302,663,3,2
302,664,3,2
302,665,3,2
302,666,3,2
302,667,3,3
302,668,3,3
302,669,3,2
302,670,3,2
302,671,3,2
302,672,3,2
302,673,3,2
302,674,3,2
302,675,3,2
302,676,3,2
302,677,3,2
302,678,3,2
303,98,3,2
303,99,3,2
303,100,3,2
303,101,3,2
303,102,3,2
303,103,3,2
303,104,3,2
303,105,3,2
303,106,3,2
303,107,3,2
303,108,3,2
303,109,3,2
303,110,3,2
303,111,3,2
303,112,3,2
303,113,3,2
303,114,3,2
303,115,3,2
303,116,3,2
303,117,3,2
303,118,3,2
303,119,3,2
303,120,3,2
303,121,3,2
303,122,3,2
303,123,3,2
303,124,3,2
303,125,3,2
303,126,3,2
303,127,3,2
303,128,3,2
303,129,3,2
303,130,3,2
303,131,3,2
303,132,3,2
303,133,3,2
303,134,3,2
303,135,3,2
303,136,3,2
303,137,3,2
303,138,3,2
303,139,3,2
303,140,3,2
303,141,3,2
303,142,3,2
303,143,3,2
303,144,3,2
303,145,3,2
303,146,3,2
303,147,3,2
303,148,3,2
303,149,3,2
303,150,3,2
303,151,3,2
303,152,3,2
303,153,3,2
303,154,3,2
303,155,3,2
303,156,3,2
303,157,3,2
303,158,3,2
303,159,3,2
303,160,3,2
303,161,3,2
303,162,3,2
303,163,3,2
303,164,3,2
303,165,3,2
303,166,3,2
303,167,3,2
303,168,3,2
303,169,3,2
303,170,3,2
303,171,3,2
303,172,3,2
303,173,3,2
303,174,3,2
303,175,3,2
303,176,3,2
303,177,3,2
303,178,3,2
303,179,3,2
303,180,3,2
303,181,3,2
303,182,3,2
303,183,3,2
303,184,3,2
303,185,3,2
303,186,3,2
303,187,3,2
303,188,3,2
303,189,3,2
303,190,3,2
303,191,3,2
303,192,3,2
303,193,3,2
303,194,3,2
303,195,3,2
303,196,3,2
303,197,3,2
303,198,3,2
303,199,3,2
303,200,3,2
303,201,3,2
303,202,3,2
303,203,3,2
303,204,3,2
303,205,3,2
303,206,3,2
303,207,3,2
303,208,3,2
303,209,3,2
303,210,3,2
303,211,3,2
303,212,3,2
303,213,3,2
303,214,3,2
303,215,3,2
303,216,3,2
303,217,3,2
303,218,3,2
303,219,3,2
303,220,3,2
303,221,3,2
303,222,3,2
303,223,3,2
303,224,3,2
303,225,3,2
303,226,3,2
303,227,3,2
303,228,3,2
303,229,3,2
303,230,3,2
303,231,3,2
303,232,3,2
303,233,3,2
303,234,3,2
303,235,3,2
303,236,3,2
303,237,3,2
303,238,3,2
303,239,3,2
303,240,3,2
303,241,3,2
303,242,3,2
303,243,3,2
303,244,3,2
303,245,3,2
303,246,3,2
303,247,3,2
303,248,3,2
303,249,3,2
303,250,3,2
303,251,3,2
303,252,3,2
303,253,3,2
303,254,3,2
303,255,3,2
303,256,3,2
303,257,3,2
303,258,3,2
303,259,3,2
303,260,3,2
303,261,3,2
303,262,3,2
303,263,3,2
303,264,3,2
303,265,3,2
303,266,3,2
303,267,3,2
303,268,3,2
303,269,3,2
303,270,3,2
303,271,3,2
303,272,3,2
303,273,3,2
303,274,3,2
303,275,3,2
303,276,3,2
303,277,3,2
303,278,3,2
303,279,3,2
303,280,3,2
303,281,3,2
303,282,3,2
303,283,3,2
303,284,3,2
303,285,3,2
303,286,3,2
303,287,3,2
303,288,3,2
303,289,3,2
303,290,3,2
303,291,3,2
303,292,3,2
303,293,3,2
303,294,3,2
303,295,3,2
303,296,3,2
303,297,3,2
303,298,3,2
303,299,3,2
303,300,3,2
303,301,3,2
303,302,3,2
303,303,3,2
303,304,3,2
303,305,3,2
303,306,3,2
303,307,3,2
303,308,3,2
303,309,3,2
303,310,3,2
303,311,3,2
303,312,3,2
303,313,3,2
303,314,3,2
303,315,3,2
303,316,3,2
303,317,3,2
303,318,3,2
303,319,3,2
303,320,3,2
303,321,3,2
303,322,3,2
303,323,3,2
303,324,3,2
303,325,3,2
303,326,3,2
303,327,3,2
303,328,3,2
303,329,3,2
303,330,3,2
303,331,3,2
303,332,3,2
303,333,3,2
303,334,3,2
303,335,3,2
303,336,3,2
303,337,3,2
303,338,3,2
303,339,3,2
303,340,3,2
303,341,3,2
303,342,3,2
303,343,3,2
303,344,3,2
303,345,3,2
303,346,3,2
303,347,3,2
303,348,3,2
303,349,3,2
303,350,3,2
303,351,3,2
303,352,3,2
303,353,3,2
303,354,3,2
303,355,3,2
303,356,3,2
303,357,3,2
303,358,3,2
303,359,3,2
303,360,3,2
303,361,3,2
303,362,3,2
303,363,3,2
303,364,3,2
303,365,3,2
303,366,3,2
303,367,3,2
303,368,3,2
303,369,3,2
303,370,3,2
303,371,3,2
303,372,3,2
303,373,3,2
303,374,3,2
303,375,3,2
303,376,3,2
303,377,3,2
303,378,3,2
303,379,3,2
303,380,3,2
303,381,3,2
303,382,3,2
303,383,3,2
303,384,3,2
303,385,3,2
303,386,3,2
303,387,3,2
303,388,3,2
303,389,3,2
303,390,3,2
303,391,3,2
303,392,3,2
303,393,3,2
303,394,3,2
303,395,3,2
303,396,3,2
303,397,3,2
303,398,3,2
303,399,3,2
303,400,3,2
303,401,3,2
303,402,3,2
303,403,3,2
303,404,3,2
303,405,3,2
303,406,3,2
303,407,3,2
303,408,3,2
303,409,3,2
303,410,3,2
303,411,3,2
303,412,3,2
303,413,3,2
303,414,3,2
303,415,3,2
303,416,3,2
303,417,3,2
303,418,3,2
303,419,3,2
303,420,3,2
303,421,3,2
303,422,3,2
303,423,3,2
303,424,3,2
303,425,3,2
303,426,3,2
303,427,3,2
303,428,3,2
303,429,3,2
303,430,3,2
303,431,3,2
303,432,3,2
303,433,3,2
303,434,3,2
303,435,3,2
303,436,3,2
303,437,3,2
303,438,3,2
303,439,3,2
303,440,3,2
303,441,3,2
303,442,3,2
303,443,3,2
303,444,3,2
303,445,3,2
303,446,3,2
303,447,3,2
303,448,3,2
303,449,3,2
303,450,3,2
303,451,3,2
303,452,3,2
303,453,3,2
303,454,3,2
303,455,3,2
303,456,3,2
303,457,3,2
303,458,3,2
303,459,3,2
303,460,3,2
303,461,3,2
303,462,3,2
303,463,3,2
303,464,3,2
303,465,3,2
303,466,3,2
303,467,3,2
303,468,3,2
303,469,3,2
303,470,3,2
303,471,3,2
303,472,3,2
303,473,3,2
303,474,3,2
303,475,3,2
303,476,3,2
303,477,3,2
303,478,3,2
303,479,3,2
303,480,3,2
303,481,3,2
303,482,3,2
303,483,3,2
303,484,3,3
303,485,3,3
303,486,3,3
303,487,3,3
303,488,3,3
303,489,3,3
303,490,3,3
303,491,3,3
303,492,3,3
303,493,3,3
303,494,3,3
303,495,3,3
303,496,3,3
303,497,3,3
303,498,3,3
303,499,3,3
303,500,3,3
303,501,3,3
303,502,3,3
303,503,3,3
303,504,3,3
303,505,3,3
303,506,3,3
303,507,3,3
303,508,3,3
303,509,3,3
303,510,3,3
303,511,3,3
303,512,3,3
303,513,3,3
303,514,3,3
303,515,3,3
303,516,3,3
303,517,3,3
303,518,3,3
303,519,3,3
303,520,3,3
303,521,3,3
303,522,3,3
303,523,3,3
303,524,3,3
303,525,3,3
303,526,3,3
303,527,3,3
303,528,3,3
303,529,3,3
303,530,3,3
303,531,3,3
303,532,3,3
303,533,3,3
303,534,3,3
303,535,3,3
303,536,3,3
303,537,3,3
303,538,3,3
303,539,3,3
303,540,3,3
303,541,3,3
303,542,3,3
303,543,3,3
303,544,3,3
303,545,3,3
303,546,3,3
303,547,3,3
303,548,3,3
303,549,3,3
303,550,3,3
303,551,3,3
303,552,3,3
303,553,3,3
303,554,3,3
303,555,3,3
303,556,3,3
303,557,3,3
303,558,3,3
303,559,3,3
303,560,3,3
303,561,3,3
303,562,3,3
303,563,3,3
303,564,3,3
303,565,3,3
303,566,3,3
303,567,3,3
303,568,3,3
303,569,3,3
303,570,3,3
303,571,3,3
303,572,3,3
303,573,3,3
303,574,3,3
303,575,3,3
303,576,3,3
303,577,3,3
303,578,3,2
303,579,3,2
303,580,3,2
303,581,3,3
303,582,3,3
303,583,3,3
303,584,3,3
303,585,3,2
303,586,3,2
303,587,3,2
303,588,3,3
303,589,3,3
303,590,3,3
303,591,3,3
303,592,3,3
303,593,3,3
303,594,3,3
303,595,3,3
303,596,3,3
303,597,3,3
303,598,3,3
303,599,3,3
303,600,3,3
303,601,3,3
303,602,3,3
303,603,3,3
303,604,3,3
303,605,3,3
303,606,3,3
303,607,3,3
303,608,3,3
303,609,3,3
303,610,3,3
303,611,3,3
303,612,3,3
303,613,3,3
303,614,3,3
303,615,3,3
303,616,3,3
303,617,3,3
303,618,3,3
303,619,3,3
303,620,3,3
303,621,3,3
303,622,3,3
303,623,3,3
303,624,3,3
303,625,3,3
303,626,3,3
303,627,3,3
303,628,3,3
303,629,3,3
303,630,3,3
303,631,3,3
303,632,3,3
303,633,3,3
303,634,3,3
303,635,3,3
303,636,3,3
303,637,3,3
303,638,3,3
303,639,3,3
303,640,3,3
303,641,3,3
303,642,3,3
303,643,3,3
303,644,3,3
303,645,3,3
303,646,3,3
303,647,3,3
303,648,3,3
303,649,3,3
303,650,3,3
303,651,3,3
303,652,3,2
303,653,3,2
303,654,3,2
303,655,3,2
303,656,3,2
303,657,3,2
303,658,3,2
303,659,3,2
303,660,3,2
303,661,3,2
303,662,3,2
303,663,3,2
303,664,3,2
303,665,3,2
303,666,3,3
303,667,3,3
303,668,3,3
303,669,3,3
303,670,3,2
303,671,3,2
303,672,3,2
303,673,3,2
303,674,3,2
303,675,3,2
303,676,3,2
303,677,3,2
303,678,3,2
304,98,3,2
304,99,3,2
304,100,3,2
304,101,3,2
304,102,3,2
304,103,3,2
304,104,3,2
304,105,3,2
304,106,3,2
304,107,3,2
304,108,3,2
304,109,3,2
304,110,3,2
304,111,3,2
304,112,3,2
304,113,3,2
304,114,3,2
304,115,3,2
304,116,3,2
304,117,3,2
304,118,3,2
304,119,3,2
304,120,3,2
304,121,3,2
304,122,3,2
304,123,3,2
304,124,3,2
304,125,3,2
304,126,3,2
304,127,3,2
304,128,3,2
304,129,3,2
304,130,3,2
304,131,3,2
304,132,3,2
304,133,3,2
304,134,3,2
304,135,3,2
304,136,3,2
304,137,3,2
304,138,3,2
304,139,3,2
304,140,3,2
304,141,3,2
304,142,3,2
304,143,3,2
304,144,3,2
304,145,3,2
304,146,3,2
304,147,3,2
304,148,3,2
304,149,3,2
304,150,3,2
304,151,3,2
304,152,3,2
304,153,3,2
304,154,3,2
304,155,3,2
304,156,3,2
304,157,3,2
304,158,3,2
304,159,3,2
304,160,3,2
304,161,3,2
304,162,3,2
304,163,3,2
304,164,3,2
304,165,3,2
304,166,3,2
304,167,3,2
304,168,3,2
304,169,3,2
304,170,3,2
304,171,3,2
304,172,3,2
304,173,3,2
304,174,3,2
304,175,3,2
304,176,3,2
304,177,3,2
304,178,3,2
304,179,3,2
304,180,3,2
304,181,3,2
304,182,3,2
304,183,3,2
304,184,3,2
304,185,3,2
304,186,3,2
304,187,3,2
304,188,3,2
304,189,3,2
304,190,3,2
304,191,3,2
304,192,3,2
304,193,3,2
304,194,3,2
304,195,3,2
304,196,3,2
304,197,3,2
304,198,3,2
304,199,3,2
304,200,3,2
304,201,3,2
304,202,3,2
304,203,3,2
304,204,3,2
304,205,3,2
304,206,3,2
304,207,3,2
304,208,3,2
304,209,3,2
304,210,3,2
304,211,3,2
304,212,3,2
304,213,3,2
304,214,3,2
304,215,3,2
304,216,3,2
304,217,3,2
304,218,3,2
304,219,3,2
304,220,3,2
304,221,3,2
304,222,3,2
304,223,3,2
304,224,3,2
304,225,3,2
304,226,3,2
304,227,3,2
304,228,3,2
304,229,3,2
304,230,3,2
304,231,3,2
304,232,3,2
304,233,3,2
304,234,3,2
304,235,3,2
304,236,3,2
304,237,3,2
304,238,3,2
304,239,3,2
304,240,3,2
304,241,3,2
304,242,3,2
304,243,3,2
304,244,3,2
304,245,3,2
304,246,3,2
304,247,3,2
304,248,3,2
304,249,3,2
304,250,3,2
304,251,3,2
304,252,3,2
304,253,3,2
304,254,3,2
304,255,3,2
304,256,3,2
304,257,3,2
304,258,3,2
304,259,3,2
304,260,3,2
304,261,3,2
304,262,3,2
304,263,3,2
304,264,3,2
304,265,3,2
304,266,3,2
304,267,3,2
304,268,3,2
304,269,3,2
304,270,3,2
304,271,3,2
304,272,3,2
304,273,3,2
304,274,3,2
304,275,3,2
304,276,3,2
304,277,3,2
304,278,3,2
304,279,3,2
304,280,3,2
304,281,3,2
304,282,3,2
304,283,3,2
304,284,3,2
304,285,3,2
304,286,3,2
304,287,3,2
304,288,3,2
304,289,3,2
304,290,3,2
304,291,3,2
304,292,3,2
304,293,3,2
304,294,3,2
304,295,3,2
304,296,3,2
304,297,3,2
304,298,3,2
304,299,3,2
304,300,3,2
304,301,3,2
304,302,3,2
304,303,3,2
304,304,3,2
304,305,3,2
304,306,3,2
304,307,3,2
304,308,3,2
304,309,3,2
304,310,3,2
304,311,3,2
304,312,3,2
304,313,3,2
304,314,3,2
304,315,3,2
304,316,3,2
304,317,3,2
304,318,3,2
304,319,3,2
304,320,3,2
304,321,3,2
304,322,3,2
304,323,3,2
304,324,3,2
304,325,3,2
304,326,3,2
304,327,3,2
304,328,3,2
304,329,3,2
304,330,3,2
304,331,3,2
304,332,3,2
304,333,3,2
304,334,3,2
304,335,3,2
304,336,3,2
304,337,3,2
304,338,3,2
304,339,3,2
304,340,3,2
304,341,3,2
304,342,3,2
304,343,3,2
304,344,3,2
304,345,3,2
304,346,3,2
304,347,3,2
304,348,3,2
304,349,3,2
304,350,3,2
304,351,3,2
304,352,3,2
304,353,3,2
304,354,3,2
304,355,3,2
304,356,3,2
304,357,3,2
304,358,3,2
304,359,3,2
304,360,3,2
304,361,3,2
304,362,3,2
304,363,3,2
304,364,3,2
304,365,3,2
304,366,3,2
304,367,3,2
304,368,3,2
304,369,3,2
304,370,3,2
304,371,3,2
304,372,3,2
304,373,3,2
304,374,3,2
304,375,3,2
304,376,3,2
304,377,3,2
304,378,3,2
304,379,3,2
304,380,3,2
304,381,3,2
304,382,3,2
304,383,3,2
304,384,3,2
304,385,3,2
304,386,3,2
304,387,3,2
304,388,3,2
304,389,3,2
304,390,3,2
304,391,3,2
304,392,3,2
304,393,3,2
304,394,3,2
304,395,3,2
304,396,3,2
304,397,3,2
304,398,3,2
304,399,3,2
304,400,3,2
304,401,3,2
304,402,3,2
304,403,3,2
304,404,3,2
304,405,3,2
304,406,3,2
304,407,3,2
304,408,3,2
304,409,3,2
304,410,3,2
304,411,3,2
304,412,3,2
304,413,3,2
304,414,3,2
304,415,3,2
304,416,3,2
304,417,3,2
304,418,3,2
304,419,3,2
304,420,3,2
304,421,3,2
304,422,3,2
304,423,3,2
304,424,3,2
304,425,3,2
304,426,3,2
304,427,3,2
304,428,3,2
304,429,3,2
304,430,3,2
304,431,3,2
304,432,3,2
304,433,3,2
304,434,3,2
304,435,3,2
304,436,3,2
304,437,3,2
304,438,3,2
304,439,3,2
304,440,3,2
304,441,3,2
304,442,3,2
304,443,3,2
304,444,3,2
304,445,3,2
304,446,3,2
304,447,3,2
304,448,3,2
304,449,3,2
304,450,3,2
304,451,3,2
304,452,3,2
304,453,3,2
304,454,3,2
304,455,3,2
304,456,3,2
304,457,3,2
304,458,3,2
304,459,3,2
304,460,3,2
304,461,3,2
304,462,3,2
304,463,3,2
304,464,3,2
304,465,3,2
304,466,3,2
304,467,3,2
304,468,3,2
304,469,3,2
304,470,3,2
304,471,3,2
304,472,3,2
304,473,3,2
304,474,3,2
304,475,3,2
304,476,3,2
304,477,3,2
304,478,3,2
304,479,3,2
304,480,3,2
304,481,3,2
304,482,3,2
304,483,3,3
304,484,3,3
304,485,3,3
304,486,3,3
304,487,3,3
304,488,3,3
304,489,3,3
304,490,3,3
304,491,3,3
304,492,3,3
304,493,3,3
304,494,3,3
304,495,3,3
304,496,3,3
304,497,3,3
304,498,3,3
304,499,3,3
304,500,3,3
304,501,3,3
304,502,3,3
304,503,3,3
304,504,3,3
304,505,3,3
304,506,3,3
304,507,3,3
304,508,3,3
304,509,3,3
304,510,3,3
304,511,3,3
304,512,3,3
304,513,3,3
304,514,3,3
304,515,3,3
304,516,3,3
304,517,3,3
304,518,3,3
304,519,3,3
304,520,3,3
304,521,3,3
304,522,3,3
304,523,3,3
304,524,3,3
304,525,3,3
304,526,3,3
304,527,3,3
304,528,3,3
304,529,3,3
304,530,3,3
304,531,3,3
304,532,3,3
304,533,3,3
304,534,3,3
304,535,3,3
304,536,3,3
304,537,3,3
304,538,3,3
304,539,3,3
304,540,3,3
304,541,3,3
304,542,3,3
304,543,3,3
304,544,3,3
304,545,3,3
304,546,3,3
304,547,3,3
304,548,3,3
304,549,3,3
304,550,3,3
304,551,3,3
304,552,3,3
304,553,3,3
304,554,3,3
304,555,3,3
304,556,3,3
304,557,3,3
304,558,3,3
304,559,3,3
304,560,3,3
304,561,3,3
304,562,3,3
304,563,3,3
304,564,3,3
304,565,3,3
304,566,3,3
304,567,3,3
304,568,3,3
304,569,3,3
304,570,3,3
304,571,3,3
304,572,3,3
304,573,3,3
304,574,3,3
304,575,3,3
304,576,3,3
304,577,3,3
304,578,3,2
304,579,3,2
304,580,3,2
304,581,3,3
304,582,3,3
304,583,3,3
304,584,3,3
304,585,3,2
304,586,3,2
304,587,3,3
304,588,3,3
304,589,3,3
304,590,3,3
304,591,3,3
304,592,3,3
304,593,3,3
304,594,3,3
304,595,3,3
304,596,3,3
304,597,3,3
304,598,3,3
304,599,3,3
304,600,3,3
304,601,3,3
304,602,3,3
304,603,3,3
304,604,3,3
304,605,3,3
304,606,3,3
304,607,3,3
304,608,3,3
304,609,3,3
304,610,3,3
304,611,3,3
304,612,3,3
304,613,3,3
304,614,3,3
304,615,3,3
304,616,3,3
304,617,3,3
304,618,3,3
304,619,3,3
304,620,3,3
304,621,3,3
304,622,3,3
304,623,3,3
304,624,3,3
304,625,3,3
304,626,3,3
304,627,3,3
304,628,3,3
304,629,3,3
304,630,3,3
304,631,3,3
304,632,3,3
304,633,3,3
304,634,3,3
304,635,3,3
304,636,3,3
304,637,3,3
304,638,3,3
304,639,3,3
304,640,3,3
304,641,3,3
304,642,3,3
304,643,3,3
304,644,3,3
304,645,3,3
304,646,3,3
304,647,3,3
304,648,3,3
304,649,3,3
304,650,3,2
304,651,3,2
304,652,3,2
304,653,3,2
304,654,3,2
304,655,3,2
304,656,3,2
304,657,3,2
304,658,3,2
304,659,3,2
304,660,3,2
304,661,3,2
304,662,3,2
304,663,3,2
304,664,3,2
304,665,3,2
304,666,3,2
304,667,3,3
304,668,3,3
304,669,3,3
304,670,3,2
304,671,3,2
304,672,3,2
304,673,3,2
304,674,3,2
304,675,3,2
304,676,3,2
304,677,3,2
304,678,3,2
305,94,3,2
305,95,3,2
305,96,3,2
305,97,3,2
305,98,3,2
305,99,3,2
305,100,3,2
305,101,3,2
305,102,3,2
305,103,3,2
305,104,3,2
305,105,3,2
305,106,3,2
305,107,3,2
305,108,3,2
305,109,3,2
305,110,3,2
305,111,3,2
305,112,3,2
305,113,3,2
305,114,3,2
305,115,3,2
305,116,3,2
305,117,3,2
305,118,3,2
305,119,3,2
305,120,3,2
305,121,3,2
305,122,3,2
305,123,3,2
305,124,3,2
305,125,3,2
305,126,3,2
305,127,3,2
305,128,3,2
305,129,3,2
305,130,3,2
305,131,3,2
305,132,3,2
305,133,3,2
305,134,3,2
305,135,3,2
305,136,3,2
305,137,3,2
305,138,3,2
305,139,3,2
305,140,3,2
305,141,3,2
305,142,3,2
305,143,3,2
305,144,3,2
305,145,3,2
305,146,3,2
305,147,3,2
305,148,3,2
305,149,3,2
305,150,3,2
305,151,3,2
305,152,3,2
305,153,3,2
305,154,3,2
305,155,3,2
305,156,3,2
305,157,3,2
305,158,3,2
305,159,3,2
305,160,3,2
305,161,3,2
305,162,3,2
305,163,3,2
305,164,3,2
305,165,3,2
305,166,3,2
305,167,3,2
305,168,3,2
305,169,3,2
305,170,3,2
305,171,3,2
305,172,3,2
305,173,3,2
305,174,3,2
305,175,3,2
305,176,3,2
305,177,3,2
305,178,3,2
305,179,3,2
305,180,3,2
305,181,3,2
305,182,3,2
305,183,3,2
305,184,3,2
305,185,3,2
305,186,3,2
305,187,3,2
305,188,3,2
305,189,3,2
305,190,3,2
305,191,3,2
305,192,3,2
305,193,3,2
305,194,3,2
305,195,3,2
305,196,3,2
305,197,3,2
305,198,3,2
305,199,3,2
305,200,3,2
305,201,3,2
305,202,3,2
305,203,3,2
305,204,3,2
305,205,3,2
305,206,3,2
305,207,3,2
305,208,3,2
305,209,3,2
305,210,3,2
305,211,3,2
305,212,3,2
305,213,3,2
305,214,3,2
305,215,3,2
305,216,3,2
305,217,3,2
305,218,3,2
305,219,3,2
305,220,3,2
305,221,3,2
305,222,3,2
305,223,3,2
305,224,3,2
305,225,3,2
305,226,3,2
305,227,3,2
305,228,3,2
305,229,3,2
305,230,3,2
305,231,3,2
305,232,3,2
305,233,3,2
305,234,3,2
305,235,3,2
305,236,3,2
305,237,3,2
305,238,3,2
305,239,3,2
305,240,3,2
305,241,3,2
305,242,3,2
305,243,3,2
305,244,3,2
305,245,3,2
305,246,3,2
305,247,3,2
305,248,3,2
305,249,3,2
305,250,3,2
305,251,3,2
305,252,3,2
305,253,3,2
305,254,3,2
305,255,3,2
305,256,3,2
305,257,3,2
305,258,3,2
305,259,3,2
305,260,3,2
305,261,3,2
305,262,3,2
305,263,3,2
305,264,3,2
305,265,3,2
305,266,3,2
305,267,3,2
305,268,3,2
305,269,3,2
305,270,3,2
305,271,3,2
305,272,3,2
305,273,3,2
305,274,3,2
305,275,3,2
305,276,3,2
305,277,3,2
305,278,3,2
305,279,3,2
305,280,3,2
305,281,3,2
305,282,3,2
305,283,3,2
305,284,3,2
305,285,3,2
305,286,3,2
305,287,3,2
305,288,3,2
305,289,3,2
305,290,3,2
305,291,3,2
305,292,3,2
305,293,3,2
305,294,3,2
305,295,3,2
305,296,3,2
305,297,3,2
305,298,3,2
305,299,3,2
305,300,3,2
305,301,3,2
305,302,3,2
305,303,3,2
305,304,3,2
305,305,3,2
305,306,3,2
305,307,3,2
305,308,3,2
305,309,3,2
305,310,3,2
305,311,3,2
305,312,3,2
305,313,3,2
305,314,3,2
305,315,3,2
305,316,3,2
305,317,3,2
305,318,3,2
305,319,3,2
305,320,3,2
305,321,3,2
305,322,3,2
305,323,3,2
305,324,3,2
305,325,3,2
305,326,3,2
305,327,3,2
305,328,3,2
305,329,3,2
305,330,3,2
305,331,3,2
305,332,3,2
305,333,3,2
305,334,3,2
305,335,3,2
305,336,3,2
305,337,3,2
305,338,3,2
305,339,3,2
305,340,3,2
305,341,3,2
305,342,3,2
305,343,3,2
305,344,3,2
305,345,3,2
305,346,3,2
305,347,3,2
305,348,3,2
305,349,3,2
305,350,3,2
305,351,3,2
305,352,3,2
305,353,3,2
305,354,3,2
305,355,3,2
305,356,3,2
305,357,3,2
305,358,3,2
305,359,3,2
305,360,3,2
305,361,3,2
305,362,3,2
305,363,3,2
305,364,3,2
305,365,3,2
305,366,3,2
305,367,3,2
305,368,3,2
305,369,3,2
305,370,3,2
305,371,3,2
305,372,3,2
305,373,3,2
305,374,3,2
305,375,3,2
305,376,3,2
305,377,3,2
305,378,3,2
305,379,3,2
305,380,3,2
305,381,3,2
305,382,3,2
305,383,3,2
305,384,3,2
305,385,3,2
305,386,3,2
305,387,3,2
305,388,3,2
305,389,3,2
305,390,3,2
305,391,3,2
305,392,3,2
305,393,3,2
305,394,3,2
305,395,3,2
305,396,3,2
305,397,3,2
305,398,3,2
305,399,3,2
305,400,3,2
305,401,3,2
305,402,3,2
305,403,3,2
305,404,3,2
305,405,3,2
305,406,3,2
305,407,3,2
305,408,3,2
305,409,3,2
305,410,3,2
305,411,3,2
305,412,3,2
305,413,3,2
305,414,3,2
305,415,3,2
305,416,3,2
305,417,3,2
305,418,3,2
305,419,3,2
305,420,3,2
305,421,3,2
305,422,3,2
305,423,3,2
305,424,3,2
305,425,3,2
305,426,3,2
305,427,3,2
305,428,3,2
305,429,3,2
305,430,3,2
305,431,3,2
305,432,3,2
305,433,3,2
305,434,3,2
305,435,3,2
305,436,3,2
305,437,3,2
305,438,3,2
305,439,3,2
305,440,3,2
305,441,3,2
305,442,3,2
305,443,3,2
305,444,3,2
305,445,3,2
305,446,3,2
305,447,3,2
305,448,3,2
305,449,3,2
305,450,3,2
305,451,3,2
305,452,3,2
305,453,3,2
305,454,3,2
305,455,3,2
305,456,3,2
305,457,3,2
305,458,3,2
305,459,3,2
305,460,3,2
305,461,3,2
305,462,3,2
305,463,3,2
305,464,3,2
305,465,3,2
305,466,3,2
305,467,3,2
305,468,3,2
305,469,3,2
305,470,3,2
305,471,3,2
305,472,3,2
305,473,3,2
305,474,3,2
305,475,3,2
305,476,3,2
305,477,3,2
305,478,3,2
305,479,3,2
305,480,3,2
305,481,3,3
305,482,3,3
305,483,3,3
305,484,3,3
305,485,3,3
305,486,3,3
305,487,3,3
305,488,3,3
305,489,3,3
305,490,3,3
305,491,3,3
305,492,3,3
305,493,3,3
305,494,3,3
305,495,3,3
305,496,3,3
305,497,3,3
305,498,3,3
305,499,3,3
305,500,3,3
305,501,3,3
305,502,3,3
305,503,3,3
305,504,3,3
305,505,3,3
305,506,3,3
305,507,3,3
305,508,3,3
305,509,3,3
305,510,3,3
305,511,3,3
305,512,3,3
305,513,3,3
305,514,3,3
305,515,3,3
305,516,3,3
305,517,3,3
305,518,3,3
305,519,3,3
305,520,3,3
305,521,3,3
305,522,3,3
305,523,3,3
305,524,3,3
305,525,3,3
305,526,3,3
305,527,3,3
305,528,3,3
305,529,3,3
305,530,3,3
305,531,3,3
305,532,3,3
305,533,3,3
305,534,3,3
305,535,3,3
305,536,3,3
305,537,3,3
305,538,3,3
305,539,3,3
305,540,3,3
305,541,3,3
305,542,3,3
305,543,3,3
305,544,3,3
305,545,3,3
305,546,3,3
305,547,3,3
305,548,3,3
305,549,3,3
305,550,3,3
305,551,3,3
305,552,3,3
305,553,3,3
305,554,3,3
305,555,3,3
305,556,3,3
305,557,3,3
305,558,3,3
305,559,3,3
305,560,3,3
305,561,3,3
305,562,3,3
305,563,3,3
305,564,3,3
305,565,3,3
305,566,3,3
305,567,3,3
305,568,3,3
305,569,3,3
305,570,3,3
305,571,3,3
305,572,3,3
305,573,3,3
305,574,3,3
305,575,3,3
305,576,3,3
305,577,3,2
305,578,3,2
305,579,3,2
305,580,3,2
305,581,3,2
305,582,3,2
305,583,3,3
305,584,3,3
305,585,3,3
305,586,3,3
305,587,3,3
305,588,3,3
305,589,3,3
305,590,3,3
305,591,3,3
305,592,3,3
305,593,3,3
305,594,3,3
305,595,3,3
305,596,3,3
305,597,3,3
305,598,3,3
305,599,3,3
305,600,3,3
305,601,3,3
305,602,3,3
305,603,3,3
305,604,3,3
305,605,3,3
305,606,3,3
305,607,3,3
305,608,3,3
305,609,3,3
305,610,3,3
305,611,3,3
305,612,3,3
305,613,3,3
305,614,3,3
305,615,3,3
305,616,3,3
305,617,3,3
305,618,3,3
305,619,3,3
305,620,3,3
305,621,3,3
305,622,3,3
305,623,3,3
305,624,3,3
305,625,3,3
305,626,3,3
305,627,3,3
305,628,3,3
305,629,3,3
305,630,3,3
305,631,3,3
305,632,3,3
305,633,3,3
305,634,3,3
305,635,3,3
305,636,3,3
305,637,3,3
305,638,3,3
305,639,3,3
305,640,3,3
305,641,3,3
305,642,3,3
305,643,3,3
305,644,3,3
305,645,3,3
305,646,3,3
305,647,3,3
305,648,3,3
305,649,3,3
305,650,3,2
305,651,3,2
305,652,3,2
305,653,3,2
305,654,3,3
305,655,3,3
305,656,3,2
305,657,3,2
305,658,3,2
305,659,3,2
305,660,3,2
305,661,3,2
305,662,3,2
305,663,3,2
305,664,3,2
305,665,3,2
305,666,3,2
305,667,3,3
305,668,3,2
305,669,3,2
305,670,3,2
305,671,3,2
305,672,3,2
305,673,3,2
305,674,3,2
305,675,3,2
305,676,3,2
305,677,3,2
305,678,3,2
305,679,3,2
305,680,3,2
305,681,3,2
305,682,3,2
306,94,3,2
306,95,3,2
306,96,3,2
306,97,3,2
306,98,3,2
306,99,3,2
306,100,3,2
306,101,3,2
306,102,3,2
306,103,3,2
306,104,3,2
306,105,3,2
306,106,3,2
306,107,3,2
306,108,3,2
306,109,3,2
306,110,3,2
306,111,3,2
306,112,3,2
306,113,3,2
306,114,3,2
306,115,3,2
306,116,3,2
306,117,3,2
306,118,3,2
306,119,3,2
306,120,3,2
306,121,3,2
306,122,3,2
306,123,3,2
306,124,3,2
306,125,3,2
306,126,3,2
306,127,3,2
306,128,3,2
306,129,3,2
306,130,3,2
306,131,3,2
306,132,3,2
306,133,3,2
306,134,3,2
306,135,3,2
306,136,3,2
306,137,3,2
306,138,3,2
306,139,3,2
306,140,3,2
306,141,3,2
306,142,3,2
306,143,3,2
306,144,3,2
306,145,3,2
306,146,3,2
306,147,3,2
306,148,3,2
306,149,3,2
306,150,3,2
306,151,3,2
306,152,3,2
306,153,3,2
306,154,3,2
306,155,3,2
306,156,3,2
306,157,3,2
306,158,3,2
306,159,3,2
306,160,3,2
306,161,3,2
306,162,3,2
306,163,3,2
306,164,3,2
306,165,3,2
306,166,3,2
306,167,3,2
306,168,3,2
306,169,3,2
306,170,3,2
306,171,3,2
306,172,3,2
306,173,3,2
306,174,3,2
306,175,3,2
306,176,3,2
306,177,3,2
306,178,3,2
306,179,3,2
306,180,3,2
306,181,3,2
306,182,3,2
306,183,3,2
306,184,3,2
306,185,3,2
306,186,3,2
306,187,3,2
306,188,3,2
306,189,3,2
306,190,3,2
306,191,3,2
306,192,3,2
306,193,3,2
306,194,3,2
306,195,3,2
306,196,3,2
306,197,3,2
306,198,3,2
306,199,3,2
306,200,3,2
306,201,3,2
306,202,3,2
306,203,3,2
306,204,3,2
306,205,3,2
306,206,3,2
306,207,3,2
306,208,3,2
306,209,3,2
306,210,3,2
306,211,3,2
306,212,3,2
306,213,3,2
306,214,3,2
306,215,3,2
306,216,3,2
306,217,3,2
306,218,3,2
306,219,3,2
306,220,3,2
306,221,3,2
306,222,3,2
306,223,3,2
306,224,3,2
306,225,3,2
306,226,3,2
306,227,3,2
306,228,3,2
306,229,3,2
306,230,3,2
306,231,3,2
306,232,3,2
306,233,3,2
306,234,3,2
306,235,3,2
306,236,3,2
306,237,3,2
306,238,3,2
306,239,3,2
306,240,3,2
306,241,3,2
306,242,3,2
306,243,3,2
306,244,3,2
306,245,3,2
306,246,3,2
306,247,3,2
306,248,3,2
306,249,3,2
306,250,3,2
306,251,3,2
306,252,3,2
306,253,3,2
306,254,3,2
306,255,3,2
306,256,3,2
306,257,3,2
306,258,3,2
306,259,3,2
306,260,3,2
306,261,3,2
306,262,3,2
306,263,3,2
306,264,3,2
306,265,3,2
306,266,3,2
306,267,3,2
306,268,3,2
306,269,3,2
306,270,3,2
306,271,3,2
306,272,3,2
306,273,3,2
306,274,3,2
306,275,3,2
306,276,3,2
306,277,3,2
306,278,3,2
306,279,3,2
306,280,3,2
306,281,3,2
306,282,3,2
306,283,3,2
306,284,3,2
306,285,3,2
306,286,3,2
306,287,3,2
306,288,3,2
306,289,3,2
306,290,3,2
306,291,3,2
306,292,3,2
306,293,3,2
306,294,3,2
306,295,3,2
306,296,3,2
306,297,3,2
306,298,3,2
306,299,3,2
306,300,3,2
306,301,3,2
306,302,3,2
306,303,3,2
306,304,3,2
306,305,3,2
306,306,3,2
306,307,3,2
306,308,3,2
306,309,3,2
306,310,3,2
306,311,3,2
306,312,3,2
306,313,3,2
306,314,3,2
306,315,3,2
306,316,3,2
306,317,3,2
306,318,3,2
306,319,3,2
306,320,3,2
306,321,3,2
306,322,3,2
306,323,3,2
306,324,3,2
306,325,3,2
306,326,3,2
306,327,3,2
306,328,3,2
306,329,3,2
306,330,3,2
306,331,3,2
306,332,3,2
306,333,3,2
306,334,3,2
306,335,3,2
306,336,3,2
306,337,3,2
306,338,3,2
306,339,3,2
306,340,3,2
306,341,3,2
306,342,3,2
306,343,3,2
306,344,3,2
306,345,3,2
306,346,3,2
306,347,3,2
306,348,3,2
306,349,3,2
306,350,3,2
306,351,3,2
306,352,3,2
306,353,3,2
306,354,3,2
306,355,3,2
306,356,3,2
306,357,3,2
306,358,3,2
306,359,3,2
306,360,3,2
306,361,3,2
306,362,3,2
306,363,3,2
306,364,3,2
306,365,3,2
306,366,3,2
306,367,3,2
306,368,3,2
306,369,3,2
306,370,3,2
306,371,3,2
306,372,3,2
306,373,3,2
306,374,3,2
306,375,3,2
306,376,3,2
306,377,3,2
306,378,3,2
306,379,3,2
306,380,3,2
306,381,3,2
306,382,3,2
306,383,3,2
306,384,3,2
306,385,3,2
306,386,3,2
306,387,3,2
306,388,3,2
306,389,3,2
306,390,3,2
306,391,3,2
306,392,3,2
306,393,3,2
306,394,3,2
306,395,3,2
306,396,3,2
306,397,3,2
306,398,3,2
306,399,3,2
306,400,3,2
306,401,3,2
306,402,3,2
306,403,3,2
306,404,3,2
306,405,3,2
306,406,3,2
306,407,3,2
306,408,3,2
306,409,3,2
306,410,3,2
306,411,3,2
306,412,3,2
306,413,3,2
306,414,3,2
306,415,3,2
306,416,3,2
306,417,3,2
306,418,3,2
306,419,3,2
306,420,3,2
306,421,3,2
306,422,3,2
306,423,3,2
306,424,3,2
306,425,3,2
306,426,3,2
306,427,3,2
306,428,3,2
306,429,3,2
306,430,3,2
306,431,3,2
306,432,3,2
306,433,3,2
306,434,3,2
306,435,3,2
306,436,3,2
306,437,3,2
306,438,3,2
306,439,3,2
306,440,3,2
306,441,3,2
306,442,3,2
306,443,3,2
306,444,3,2
306,445,3,2
306,446,3,2
306,447,3,2
306,448,3,2
306,449,3,2
306,450,3,2
306,451,3,2
306,452,3,2
306,453,3,2
306,454,3,2
306,455,3,2
306,456,3,2
306,457,3,2
306,458,3,2
306,459,3,2
306,460,3,2
306,461,3,2
306,462,3,2
306,463,3,2
306,464,3,2
306,465,3,2
306,466,3,2
306,467,3,2
306,468,3,2
306,469,3,2
306,470,3,2
306,471,3,2
306,472,3,2
306,473,3,2
306,474,3,2
306,475,3,2
306,476,3,2
306,477,3,2
306,478,3,2
306,479,3,2
306,480,3,3
306,481,3,3
306,482,3,3
306,483,3,3
306,484,3,3
306,485,3,3
306,486,3,3
306,487,3,3
306,488,3,3
306,489,3,3
306,490,3,3
306,491,3,3
306,492,3,3
306,493,3,3
306,494,3,3
306,495,3,3
306,496,3,3
306,497,3,3
306,498,3,3
306,499,3,3
306,500,3,3
306,501,3,3
306,502,3,3
306,503,3,3
306,504,3,3
306,505,3,3
306,506,3,3
306,507,3,3
306,508,3,3
306,509,3,3
306,510,3,3
306,511,3,3
306,512,3,3
306,513,3,3
306,514,3,3
306,515,3,3
306,516,3,3
306,517,3,3
306,518,3,3
306,519,3,3
306,520,3,3
306,521,3,3
306,522,3,3
306,523,3,3
306,524,3,3
306,525,3,3
306,526,3,3
306,527,3,3
306,528,3,3
306,529,3,3
306,530,3,3
306,531,3,3
306,532,3,3
306,533,3,3
306,534,3,3
306,535,3,3
306,536,3,3
306,537,3,3
306,538,3,3
306,539,3,3
306,540,3,3
306,541,3,3
306,542,3,3
306,543,3,3
306,544,3,3
306,545,3,3
306,546,3,3
306,547,3,3
306,548,3,3
306,549,3,3
306,550,3,3
306,551,3,3
306,552,3,3
306,553,3,3
306,554,3,3
306,555,3,3
306,556,3,3
306,557,3,3
306,558,3,3
306,559,3,3
306,560,3,3
306,561,3,3
306,562,3,3
306,563,3,3
306,564,3,3
306,565,3,3
306,566,3,3
306,567,3,3
306,568,3,3
306,569,3,3
306,570,3,3
306,571,3,3
306,572,3,3
306,573,3,3
306,574,3,3
306,575,3,3
306,576,3,3
306,577,3,3
306,578,3,2
306,579,3,2
306,580,3,2
306,581,3,2
306,582,3,2
306,583,3,3
306,584,3,3
306,585,3,3
306,586,3,3
306,587,3,3
306,588,3,3
306,589,3,3
306,590,3,3
306,591,3,3
306,592,3,3
306,593,3,3
306,594,3,3
306,595,3,3
306,596,3,3
306,597,3,3
306,598,3,3
306,599,3,3
306,600,3,3
306,601,3,3
306,602,3,3
306,603,3,3
306,604,3,3
306,605,3,3
306,606,3,3
306,607,3,3
306,608,3,3
306,609,3,3
306,610,3,3
306,611,3,3
306,612,3,3
306,613,3,3
306,614,3,3
306,615,3,3
306,616,3,3
306,617,3,3
306,618,3,3
306,619,3,3
306,620,3,3
306,621,3,3
306,622,3,3
306,623,3,3
306,624,3,3
306,625,3,3
306,626,3,3
306,627,3,3
306,628,3,3
306,629,3,3
306,630,3,3
306,631,3,3
306,632,3,3
306,633,3,3
306,634,3,3
306,635,3,2
306,636,3,2
306,637,3,3
306,638,3,3
306,639,3,3
306,640,3,3
306,641,3,2
306,642,3,3
306,643,3,3
306,644,3,2
306,645,3,3
306,646,3,3
306,647,3,3
306,648,3,2
306,649,3,2
306,650,3,2
306,651,3,2
306,652,3,2
306,653,3,2
306,654,3,3
306,655,3,3
306,656,3,3
306,657,3,2
306,658,3,2
306,659,3,2
306,660,3,2
306,661,3,2
306,662,3,2
306,663,3,2
306,664,3,2
306,665,3,2
306,666,3,2
306,667,3,2
306,668,3,2
306,669,3,2
306,670,3,2
306,671,3,2
306,672,3,2
306,673,3,2
306,674,3,2
306,675,3,2
306,676,3,2
306,677,3,2
306,678,3,2
306,679,3,2
306,680,3,2
306,681,3,2
306,682,3,2
306,683,3,2
307,94,3,2
307,95,3,2
307,96,3,2
307,97,3,2
307,98,3,2
307,99,3,2
307,100,3,2
307,101,3,2
307,102,3,2
307,103,3,2
307,104,3,2
307,105,3,2
307,106,3,2
307,107,3,2
307,108,3,2
307,109,3,2
307,110,3,2
307,111,3,2
307,112,3,2
307,113,3,2
307,114,3,2
307,115,3,2
307,116,3,2
307,117,3,2
307,118,3,2
307,119,3,2
307,120,3,2
307,121,3,2
307,122,3,2
307,123,3,2
307,124,3,2
307,125,3,2
307,126,3,2
307,127,3,2
307,128,3,2
307,129,3,2
307,130,3,2
307,131,3,2
307,132,3,2
307,133,3,2
307,134,3,2
307,135,3,2
307,136,3,2
307,137,3,2
307,138,3,2
307,139,3,2
307,140,3,2
307,141,3,2
307,142,3,2
307,143,3,2
307,144,3,2
307,145,3,2
307,146,3,2
307,147,3,2
307,148,3,2
307,149,3,2
307,150,3,2
307,151,3,2
307,152,3,2
307,153,3,2
307,154,3,2
307,155,3,2
307,156,3,2
307,157,3,2
307,158,3,2
307,159,3,2
307,160,3,2
307,161,3,2
307,162,3,2
307,163,3,2
307,164,3,2
307,165,3,2
307,166,3,2
307,167,3,2
307,168,3,2
307,169,3,2
307,170,3,2
307,171,3,2
307,172,3,2
307,173,3,2
307,174,3,2
307,175,3,2
307,176,3,2
307,177,3,2
307,178,3,2
307,179,3,2
307,180,3,2
307,181,3,2
307,182,3,2
307,183,3,2
307,184,3,2
307,185,3,2
307,186,3,2
307,187,3,2
307,188,3,2
307,189,3,2
307,190,3,2
307,191,3,2
307,192,3,2
307,193,3,2
307,194,3,2
307,195,3,2
307,196,3,2
307,197,3,2
307,198,3,2
307,199,3,2
307,200,3,2
307,201,3,2
307,202,3,2
307,203,3,2
307,204,3,2
307,205,3,2
307,206,3,2
307,207,3,2
307,208,3,2
307,209,3,2
307,210,3,2
307,211,3,2
307,212,3,2
307,213,3,2
307,214,3,2
307,215,3,2
307,216,3,2
307,217,3,2
307,218,3,2
307,219,3,2
307,220,3,2
307,221,3,2
307,222,3,2
307,223,3,2
307,224,3,2
307,225,3,2
307,226,3,2
307,227,3,2
307,228,3,2
307,229,3,2
307,230,3,2
307,231,3,2
307,232,3,2
307,233,3,2
307,234,3,2
307,235,3,2
307,236,3,2
307,237,3,2
307,238,3,2
307,239,3,2
307,240,3,2
307,241,3,2
307,242,3,2
307,243,3,2
307,244,3,2
307,245,3,2
307,246,3,2
307,247,3,2
307,248,3,2
307,249,3,2
307,250,3,2
307,251,3,2
307,252,3,2
307,253,3,2
307,254,3,2
307,255,3,2
307,256,3,2
307,257,3,2
307,258,3,2
307,259,3,2
307,260,3,2
307,261,3,2
307,262,3,2
307,263,3,2
307,264,3,2
307,265,3,2
307,266,3,2
307,267,3,2
307,268,3,2
307,269,3,2
307,270,3,2
307,271,3,2
307,272,3,2
307,273,3,2
307,274,3,2
307,275,3,2
307,276,3,2
307,277,3,2
307,278,3,2
307,279,3,2
307,280,3,2
307,281,3,2
307,282,3,2
307,283,3,2
307,284,3,2
307,285,3,2
307,286,3,2
307,287,3,2
307,288,3,2
307,289,3,2
307,290,3,2
307,291,3,2
307,292,3,2
307,293,3,2
307,294,3,2
307,295,3,2
307,296,3,2
307,297,3,2
307,298,3,2
307,299,3,2
307,300,3,2
307,301,3,2
307,302,3,2
307,303,3,2
307,304,3,2
307,305,3,2
307,306,3,2
307,307,3,2
307,308,3,2
307,309,3,2
307,310,3,2
307,311,3,2
307,312,3,2
307,313,3,2
307,314,3,2
307,315,3,2
307,316,3,2
307,317,3,2
307,318,3,2
307,319,3,2
307,320,3,2
307,321,3,2
307,322,3,2
307,323,3,2
307,324,3,2
307,325,3,2
307,326,3,2
307,327,3,2
307,328,3,2
307,329,3,2
307,330,3,2
307,331,3,2
307,332,3,2
307,333,3,2
307,334,3,2
307,335,3,2
307,336,3,2
307,337,3,2
307,338,3,2
307,339,3,2
307,340,3,2
307,341,3,2
307,342,3,2
307,343,3,2
307,344,3,2
307,345,3,2
307,346,3,2
307,347,3,2
307,348,3,2
307,349,3,2
307,350,3,2
307,351,3,2
307,352,3,2
307,353,3,2
307,354,3,2
307,355,3,2
307,356,3,2
307,357,3,2
307,358,3,2
307,359,3,2
307,360,3,2
307,361,3,2
307,362,3,2
307,363,3,2
307,364,3,2
307,365,3,2
307,366,3,2
307,367,3,2
307,368,3,2
307,369,3,2
307,370,3,2
307,371,3,2
307,372,3,2
307,373,3,2
307,374,3,2
307,375,3,2
307,376,3,2
307,377,3,2
307,378,3,2
307,379,3,2
307,380,3,2
307,381,3,2
307,382,3,2
307,383,3,2
307,384,3,2
307,385,3,2
307,386,3,2
307,387,3,2
307,388,3,2
307,389,3,2
307,390,3,2
307,391,3,2
307,392,3,2
307,393,3,2
307,394,3,2
307,395,3,2
307,396,3,2
307,397,3,2
307,398,3,2
307,399,3,2
307,400,3,2
307,401,3,2
307,402,3,2
307,403,3,2
307,404,3,2
307,405,3,2
307,406,3,2
307,407,3,2
307,408,3,2
307,409,3,2
307,410,3,2
307,411,3,2
307,412,3,2
307,413,3,2
307,414,3,2
307,415,3,2
307,416,3,2
307,417,3,2
307,418,3,2
307,419,3,2
307,420,3,2
307,421,3,2
307,422,3,2
307,423,3,2
307,424,3,2
307,425,3,2
307,426,3,2
307,427,3,2
307,428,3,2
307,429,3,2
307,430,3,2
307,431,3,2
307,432,3,2
307,433,3,2
307,434,3,2
307,435,3,2
307,436,3,2
307,437,3,2
307,438,3,2
307,439,3,2
307,440,3,2
307,441,3,2
307,442,3,2
307,443,3,2
307,444,3,2
307,445,3,2
307,446,3,2
307,447,3,2
307,448,3,2
307,449,3,2
307,450,3,2
307,451,3,2
307,452,3,2
307,453,3,2
307,454,3,2
307,455,3,2
307,456,3,2
307,457,3,2
307,458,3,2
307,459,3,2
307,460,3,2
307,461,3,2
307,462,3,2
307,463,3,2
307,464,3,2
307,465,3,2
307,466,3,2
307,467,3,2
307,468,3,2
307,469,3,2
307,470,3,2
307,471,3,2
307,472,3,2
307,473,3,2
307,474,3,2
307,475,3,2
307,476,3,3
307,477,3,3
307,478,3,3
307,479,3,3
307,480,3,3
307,481,3,3
307,482,3,3
307,483,3,3
307,484,3,3
307,485,3,3
307,486,3,3
307,487,3,3
307,488,3,3
307,489,3,3
307,490,3,3
307,491,3,3
307,492,3,3
307,493,3,3
307,494,3,3
307,495,3,3
307,496,3,3
307,497,3,3
307,498,3,3
307,499,3,3
307,500,3,3
307,501,3,3
307,502,3,3
307,503,3,3
307,504,3,3
307,505,3,3
307,506,3,3
307,507,3,3
307,508,3,3
307,509,3,3
307,510,3,3
307,511,3,3
307,512,3,3
307,513,3,3
307,514,3,3
307,515,3,3
307,516,3,3
307,517,3,3
307,518,3,3
307,519,3,3
307,520,3,3
307,521,3,3
307,522,3,3
307,523,3,3
307,524,3,3
307,525,3,3
307,526,3,3
307,527,3,3
307,528,3,3
307,529,3,3
307,530,3,3
307,531,3,3
307,532,3,3
307,533,3,3
307,534,3,3
307,535,3,3
307,536,3,3
307,537,3,3
307,538,3,3
307,539,3,3
307,540,3,3
307,541,3,3
307,542,3,3
307,543,3,3
307,544,3,3
307,545,3,3
307,546,3,3
307,547,3,3
307,548,3,3
307,549,3,3
307,550,3,3
307,551,3,3
307,552,3,3
307,553,3,3
307,554,3,3
307,555,3,3
307,556,3,3
307,557,3,3
307,558,3,3
307,559,3,3
307,560,3,3
307,561,3,3
307,562,3,3
307,563,3,3
307,564,3,3
307,565,3,3
307,566,3,3
307,567,3,3
307,568,3,3
307,569,3,3
307,570,3,3
307,571,3,3
307,572,3,3
307,573,3,3
307,574,3,3
307,575,3,3
307,576,3,3
307,577,3,3
307,578,3,3
307,579,3,2
307,580,3,2
307,581,3,2
307,582,3,2
307,583,3,3
307,584,3,3
307,585,3,3
307,586,3,3
307,587,3,3
307,588,3,3
307,589,3,3
307,590,3,3
307,591,3,3
307,592,3,3
307,593,3,3
307,594,3,3
307,595,3,3
307,596,3,3
307,597,3,3
307,598,3,3
307,599,3,3
307,600,3,3
307,601,3,3
307,602,3,3
307,603,3,3
307,604,3,3
307,605,3,3
307,606,3,3
307,607,3,3
307,608,3,3
307,609,3,3
307,610,3,3
307,611,3,3
307,612,3,3
307,613,3,3
307,614,3,3
307,615,3,3
307,616,3,3
307,617,3,3
307,618,3,3
307,619,3,3
307,620,3,3
307,621,3,3
307,622,3,3
307,623,3,3
307,624,3,3
307,625,3,3
307,626,3,3
307,627,3,3
307,628,3,3
307,629,3,3
307,630,3,3
307,631,3,3
307,632,3,3
307,633,3,3
307,634,3,3
307,635,3,3
307,636,3,3
307,637,3,3
307,638,3,3
307,639,3,3
307,640,3,3
307,641,3,2
307,642,3,3
307,643,3,2
307,644,3,2
307,645,3,2
307,646,3,2
307,647,3,2
307,648,3,2
307,649,3,2
307,650,3,2
307,651,3,2
307,652,3,2
307,653,3,2
307,654,3,2
307,655,3,3
307,656,3,3
307,657,3,2
307,658,3,2
307,659,3,2
307,660,3,2
307,661,3,2
307,662,3,2
307,663,3,2
307,664,3,2
307,665,3,2
307,666,3,2
307,667,3,3
307,668,3,2
307,669,3,3
307,670,3,2
307,671,3,2
307,672,3,2
307,673,3,2
307,674,3,2
307,675,3,2
307,676,3,2
307,677,3,2
307,678,3,2
307,679,3,2
307,680,3,2
307,681,3,2
307,682,3,2
307,683,3,2
308,93,3,2
308,94,3,2
308,95,3,2
308,96,3,2
308,97,3,2
308,98,3,2
308,99,3,2
308,100,3,2
308,101,3,2
308,102,3,2
308,103,3,2
308,104,3,2
308,105,3,2
308,106,3,2
308,107,3,2
308,108,3,2
308,109,3,2
308,110,3,2
308,111,3,2
308,112,3,2
308,113,3,2
308,114,3,2
308,115,3,2
308,116,3,2
308,117,3,2
308,118,3,2
308,119,3,2
308,120,3,2
308,121,3,2
308,122,3,2
308,123,3,2
308,124,3,2
308,125,3,2
308,126,3,2
308,127,3,2
308,128,3,2
308,129,3,2
308,130,3,2
308,131,3,2
308,132,3,2
308,133,3,2
308,134,3,2
308,135,3,2
308,136,3,2
308,137,3,2
308,138,3,2
308,139,3,2
308,140,3,2
308,141,3,2
308,142,3,2
308,143,3,2
308,144,3,2
308,145,3,2
308,146,3,2
308,147,3,2
308,148,3,2
308,149,3,2
308,150,3,2
308,151,3,2
308,152,3,2
308,153,3,2
308,154,3,2
308,155,3,2
308,156,3,2
308,157,3,2
308,158,3,2
308,159,3,2
308,160,3,2
308,161,3,2
308,162,3,2
308,163,3,2
308,164,3,2
308,165,3,2
308,166,3,2
308,167,3,2
308,168,3,2
308,169,3,2
308,170,3,2
308,171,3,2
308,172,3,2
308,173,3,2
308,174,3,2
308,175,3,2
308,176,3,2
308,177,3,2
308,178,3,2
308,179,3,2
308,180,3,2
308,181,3,2
308,182,3,2
308,183,3,2
308,184,3,2
308,185,3,2
308,186,3,2
308,187,3,2
308,188,3,2
308,189,3,2
308,190,3,2
308,191,3,2
308,192,3,2
308,193,3,2
308,194,3,2
308,195,3,2
308,196,3,2
308,197,3,2
308,198,3,2
308,199,3,2
308,200,3,2
308,201,3,2
308,202,3,2
308,203,3,2
308,204,3,2
308,205,3,2
308,206,3,2
308,207,3,2
308,208,3,2
308,209,3,2
308,210,3,2
308,211,3,2
308,212,3,2
308,213,3,2
308,214,3,2
308,215,3,2
308,216,3,2
308,217,3,2
308,218,3,2
308,219,3,2
308,220,3,2
308,221,3,2
308,222,3,2
308,223,3,2
308,224,3,2
308,225,3,2
308,226,3,2
308,227,3,2
308,228,3,2
308,229,3,2
308,230,3,2
308,231,3,2
308,232,3,2
308,233,3,2
308,234,3,2
308,235,3,2
308,236,3,2
308,237,3,2
308,238,3,2
308,239,3,2
308,240,3,2
308,241,3,2
308,242,3,2
308,243,3,2
308,244,3,2
308,245,3,2
308,246,3,2
308,247,3,2
308,248,3,2
308,249,3,2
308,250,3,2
308,251,3,2
308,252,3,2
308,253,3,2
308,254,3,2
308,255,3,2
308,256,3,2
308,257,3,2
308,258,3,2
308,259,3,2
308,260,3,2
308,261,3,2
308,262,3,2
308,263,3,2
308,264,3,2
308,265,3,2
308,266,3,2
308,267,3,2
308,268,3,2
308,269,3,2
308,270,3,2
308,271,3,2
308,272,3,2
308,273,3,2
308,274,3,2
308,275,3,2
308,276,3,2
308,277,3,2
308,278,3,2
308,279,3,2
308,280,3,2
308,281,3,2
308,282,3,2
308,283,3,2
308,284,3,2
308,285,3,2
308,286,3,2
308,287,3,2
308,288,3,2
308,289,3,2
308,290,3,2
308,291,3,2
308,292,3,2
308,293,3,2
308,294,3,2
308,295,3,2
308,296,3,2
308,297,3,2
308,298,3,2
308,299,3,2
308,300,3,2
308,301,3,2
308,302,3,2
308,303,3,2
308,304,3,2
308,305,3,2
308,306,3,2
308,307,3,2
308,308,3,2
308,309,3,2
308,310,3,2
308,311,3,2
308,312,3,2
308,313,3,2
308,314,3,2
308,315,3,2
308,316,3,2
308,317,3,2
308,318,3,2
308,319,3,2
308,320,3,2
308,321,3,2
308,322,3,2
308,323,3,2
308,324,3,2
308,325,3,2
308,326,3,2
308,327,3,2
308,328,3,2
308,329,3,2
308,330,3,2
308,331,3,2
308,332,3,2
308,333,3,2
308,334,3,2
308,335,3,2
308,336,3,2
308,337,3,2
308,338,3,2
308,339,3,2
308,340,3,2
308,341,3,2
308,342,3,2
308,343,3,2
308,344,3,2
308,345,3,2
308,346,3,2
308,347,3,2
308,348,3,2
308,349,3,2
308,350,3,2
308,351,3,2
308,352,3,2
308,353,3,2
308,354,3,2
308,355,3,2
308,356,3,2
308,357,3,2
308,358,3,2
308,359,3,2
308,360,3,2
308,361,3,2
308,362,3,2
308,363,3,2
308,364,3,2
308,365,3,2
308,366,3,2
308,367,3,2
308,368,3,2
308,369,3,2
308,370,3,2
308,371,3,2
308,372,3,2
308,373,3,2
308,374,3,2
308,375,3,2
308,376,3,2
308,377,3,2
308,378,3,2
308,379,3,2
308,380,3,2
308,381,3,2
308,382,3,2
308,383,3,2
308,384,3,2
308,385,3,2
308,386,3,2
308,387,3,2
308,388,3,2
308,389,3,2
308,390,3,2
308,391,3,2
308,392,3,2
308,393,3,2
308,394,3,2
308,395,3,2
308,396,3,2
308,397,3,2
308,398,3,2
308,399,3,2
308,400,3,2
308,401,3,2
308,402,3,2
308,403,3,2
308,404,3,2
308,405,3,2
308,406,3,2
308,407,3,2
308,408,3,2
308,409,3,2
308,410,3,2
308,411,3,2
308,412,3,2
308,413,3,2
308,414,3,2
308,415,3,2
308,416,3,2
308,417,3,2
308,418,3,2
308,419,3,2
308,420,3,2
308,421,3,2
308,422,3,2
308,423,3,2
308,424,3,2
308,425,3,2
308,426,3,2
308,427,3,2
308,428,3,2
308,429,3,2
308,430,3,2
308,431,3,2
308,432,3,2
308,433,3,2
308,434,3,2
308,435,3,2
308,436,3,2
308,437,3,2
308,438,3,2
308,439,3,2
308,440,3,2
308,441,3,2
308,442,3,2
308,443,3,2
308,444,3,2
308,445,3,2
308,446,3,2
308,447,3,2
308,448,3,2
308,449,3,2
308,450,3,2
308,451,3,2
308,452,3,2
308,453,3,2
308,454,3,2
308,455,3,2
308,456,3,2
308,457,3,2
308,458,3,2
308,459,3,2
308,460,3,2
308,461,3,2
308,462,3,2
308,463,3,2
308,464,3,2
308,465,3,2
308,466,3,2
308,467,3,2
308,468,3,2
308,469,3,2
308,470,3,2
308,471,3,2
308,472,3,2
308,473,3,2
308,474,3,2
308,475,3,3
308,476,3,3
308,477,3,3
308,478,3,3
308,479,3,3
308,480,3,3
308,481,3,3
308,482,3,3
308,483,3,3
308,484,3,3
308,485,3,3
308,486,3,3
308,487,3,3
308,488,3,3
308,489,3,3
308,490,3,3
308,491,3,3
308,492,3,3
308,493,3,3
308,494,3,3
308,495,3,3
308,496,3,3
308,497,3,3
308,498,3,3
308,499,3,3
308,500,3,3
308,501,3,3
308,502,3,3
308,503,3,3
308,504,3,3
308,505,3,3
308,506,3,3
308,507,3,3
308,508,3,3
308,509,3,3
308,510,3,3
308,511,3,3
308,512,3,3
308,513,3,3
308,514,3,3
308,515,3,3
308,516,3,3
308,517,3,3
308,518,3,3
308,519,3,3
308,520,3,3
308,521,3,3
308,522,3,3
308,523,3,3
308,524,3,3
308,525,3,3
308,526,3,3
308,527,3,3
308,528,3,3
308,529,3,3
308,530,3,3
308,531,3,3
308,532,3,3
308,533,3,3
308,534,3,3
308,535,3,3
308,536,3,3
308,537,3,3
308,538,3,3
308,539,3,3
308,540,3,3
308,541,3,3
308,542,3,3
308,543,3,3
308,544,3,3
308,545,3,3
308,546,3,3
308,547,3,3
308,548,3,3
308,549,3,3
308,550,3,3
308,551,3,3
308,552,3,3
308,553,3,3
308,554,3,3
308,555,3,3
308,556,3,3
308,557,3,3
308,558,3,3
308,559,3,3
308,560,3,3
308,561,3,3
308,562,3,3
308,563,3,3
308,564,3,3
308,565,3,3
308,566,3,3
308,567,3,3
308,568,3,3
308,569,3,3
308,570,3,3
308,571,3,3
308,572,3,3
308,573,3,3
308,574,3,3
308,575,3,3
308,576,3,3
308,577,3,3
308,578,3,3
308,579,3,3
308,580,3,2
308,581,3,2
308,582,3,2
308,583,3,3
308,584,3,3
308,585,3,3
308,586,3,3
308,587,3,3
308,588,3,3
308,589,3,3
308,590,3,3
308,591,3,3
308,592,3,3
308,593,3,3
308,594,3,3
308,595,3,3
308,596,3,3
308,597,3,3
308,598,3,3
308,599,3,3
308,600,3,3
308,601,3,3
308,602,3,3
308,603,3,3
308,604,3,3
308,605,3,3
308,606,3,3
308,607,3,3
308,608,3,3
308,609,3,3
308,610,3,3
308,611,3,3
308,612,3,3
308,613,3,3
308,614,3,3
308,615,3,3
308,616,3,3
308,617,3,3
308,618,3,3
308,619,3,3
308,620,3,3
308,621,3,3
308,622,3,3
308,623,3,3
308,624,3,3
308,625,3,3
308,626,3,3
308,627,3,3
308,628,3,3
308,629,3,3
308,630,3,3
308,631,3,3
308,632,3,3
308,633,3,3
308,634,3,3
308,635,3,3
308,636,3,3
308,637,3,3
308,638,3,3
308,639,3,3
308,640,3,3
308,641,3,2
308,642,3,2
308,643,3,2
308,644,3,2
308,645,3,2
308,646,3,2
308,647,3,2
308,648,3,2
308,649,3,2
308,650,3,2
308,651,3,2
308,652,3,2
308,653,3,2
308,654,3,2
308,655,3,3
308,656,3,3
308,657,3,2
308,658,3,2
308,659,3,2
308,660,3,2
308,661,3,2
308,662,3,2
308,663,3,2
308,664,3,2
308,665,3,2
308,666,3,2
308,667,3,3
308,668,3,2
308,669,3,3
308,670,3,2
308,671,3,2
308,672,3,2
308,673,3,2
308,674,3,2
308,675,3,2
308,676,3,2
308,677,3,2
308,678,3,2
308,679,3,2
308,680,3,2
308,681,3,2
308,682,3,2
309,94,3,2
309,95,3,2
309,96,3,2
309,97,3,2
309,98,3,2
309,99,3,2
309,100,3,2
309,101,3,2
309,102,3,2
309,103,3,2
309,104,3,2
309,105,3,2
309,106,3,2
309,107,3,2
309,108,3,2
309,109,3,2
309,110,3,2
309,111,3,2
309,112,3,2
309,113,3,2
309,114,3,2
309,115,3,2
309,116,3,2
309,117,3,2
309,118,3,2
309,119,3,2
309,120,3,2
309,121,3,2
309,122,3,2
309,123,3,2
309,124,3,2
309,125,3,2
309,126,3,2
309,127,3,2
309,128,3,2
309,129,3,2
309,130,3,2
309,131,3,2
309,132,3,2
309,133,3,2
309,134,3,2
309,135,3,2
309,136,3,2
309,137,3,2
309,138,3,2
309,139,3,2
309,140,3,2
309,141,3,2
309,142,3,2
309,143,3,2
309,144,3,2
309,145,3,2
309,146,3,2
309,147,3,2
309,148,3,2
309,149,3,2
309,150,3,2
309,151,3,2
309,152,3,2
309,153,3,2
309,154,3,2
309,155,3,2
309,156,3,2
309,157,3,2
309,158,3,2
309,159,3,2
309,160,3,2
309,161,3,2
309,162,3,2
309,163,3,2
309,164,3,2
309,165,3,2
309,166,3,2
309,167,3,2
309,168,3,2
309,169,3,2
309,170,3,2
309,171,3,2
309,172,3,2
309,173,3,2
309,174,3,2
309,175,3,2
309,176,3,2
309,177,3,2
309,178,3,2
309,179,3,2
309,180,3,2
309,181,3,2
309,182,3,2
309,183,3,2
309,184,3,2
309,185,3,2
309,186,3,2
309,187,3,2
309,188,3,2
309,189,3,2
309,190,3,2
309,191,3,2
309,192,3,2
309,193,3,2
309,194,3,2
309,195,3,2
309,196,3,2
309,197,3,2
309,198,3,2
309,199,3,2
309,200,3,2
309,201,3,2
309,202,3,2
309,203,3,2
309,204,3,2
309,205,3,2
309,206,3,2
309,207,3,2
309,208,3,2
309,209,3,2
309,210,3,2
309,211,3,2
309,212,3,2
309,213,3,2
309,214,3,2
309,215,3,2
309,216,3,2
309,217,3,2
309,218,3,2
309,219,3,2
309,220,3,2
309,221,3,2
309,222,3,2
309,223,3,2
309,224,3,2
309,225,3,2
309,226,3,2
309,227,3,2
309,228,3,2
309,229,3,2
309,230,3,2
309,231,3,2
309,232,3,2
309,233,3,2
309,234,3,2
309,235,3,2
309,236,3,2
309,237,3,2
309,238,3,2
309,239,3,2
309,240,3,2
309,241,3,2
309,242,3,2
309,243,3,2
309,244,3,2
309,245,3,2
309,246,3,2
309,247,3,2
309,248,3,2
309,249,3,2
309,250,3,2
309,251,3,2
309,252,3,2
309,253,3,2
309,254,3,2
309,255,3,2
309,256,3,2
309,257,3,2
309,258,3,2
309,259,3,2
309,260,3,2
309,261,3,2
309,262,3,2
309,263,3,2
309,264,3,2
309,265,3,2
309,266,3,2
309,267,3,2
309,268,3,2
309,269,3,2
309,270,3,2
309,271,3,2
309,272,3,2
309,273,3,2
309,274,3,2
309,275,3,2
309,276,3,2
309,277,3,2
309,278,3,2
309,279,3,2
309,280,3,2
309,281,3,2
309,282,3,2
309,283,3,2
309,284,3,2
309,285,3,2
309,286,3,2
309,287,3,2
309,288,3,2
309,289,3,2
309,290,3,2
309,291,3,2
309,292,3,2
309,293,3,2
309,294,3,2
309,295,3,2
309,296,3,2
309,297,3,2
309,298,3,2
309,299,3,2
309,300,3,2
309,301,3,2
309,302,3,2
309,303,3,2
309,304,3,2
309,305,3,2
309,306,3,2
309,307,3,2
309,308,3,2
309,309,3,2
309,310,3,2
309,311,3,2
309,312,3,2
309,313,3,2
309,314,3,2
309,315,3,2
309,316,3,2
309,317,3,2
309,318,3,2
309,319,3,2
309,320,3,2
309,321,3,2
309,322,3,2
309,323,3,2
309,324,3,2
309,325,3,2
309,326,3,2
309,327,3,2
309,328,3,2
309,329,3,2
309,330,3,2
309,331,3,2
309,332,3,2
309,333,3,2
309,334,3,2
309,335,3,2
309,336,3,2
309,337,3,2
309,338,3,2
309,339,3,2
309,340,3,2
309,341,3,2
309,342,3,2
309,343,3,2
309,344,3,2
309,345,3,2
309,346,3,2
309,347,3,2
309,348,3,2
309,349,3,2
309,350,3,2
309,351,3,2
309,352,3,2
309,353,3,2
309,354,3,2
309,355,3,2
309,356,3,2
309,357,3,2
309,358,3,2
309,359,3,2
309,360,3,2
309,361,3,2
309,362,3,2
309,363,3,2
309,364,3,2
309,365,3,2
309,366,3,2
309,367,3,2
309,368,3,2
309,369,3,2
309,370,3,2
309,371,3,2
309,372,3,2
309,373,3,2
309,374,3,2
309,375,3,2
309,376,3,2
309,377,3,2
309,378,3,2
309,379,3,2
309,380,3,2
309,381,3,2
309,382,3,2
309,383,3,2
309,384,3,2
309,385,3,2
309,386,3,2
309,387,3,2
309,388,3,2
309,389,3,2
309,390,3,2
309,391,3,2
309,392,3,2
309,393,3,2
309,394,3,2
309,395,3,2
309,396,3,2
309,397,3,2
309,398,3,2
309,399,3,2
309,400,3,2
309,401,3,2
309,402,3,2
309,403,3,2
309,404,3,2
309,405,3,2
309,406,3,2
309,407,3,2
309,408,3,2
309,409,3,2
309,410,3,2
309,411,3,2
309,412,3,2
309,413,3,2
309,414,3,2
309,415,3,2
309,416,3,2
309,417,3,2
309,418,3,2
309,419,3,2
309,420,3,2
309,421,3,2
309,422,3,2
309,423,3,2
309,424,3,2
309,425,3,2
309,426,3,2
309,427,3,2
309,428,3,2
309,429,3,2
309,430,3,2
309,431,3,2
309,432,3,2
309,433,3,2
309,434,3,2
309,435,3,2
309,436,3,2
309,437,3,2
309,438,3,2
309,439,3,2
309,440,3,2
309,441,3,2
309,442,3,2
309,443,3,2
309,444,3,2
309,445,3,2
309,446,3,2
309,447,3,2
309,448,3,2
309,449,3,2
309,450,3,2
309,451,3,2
309,452,3,2
309,453,3,2
309,454,3,2
309,455,3,2
309,456,3,2
309,457,3,2
309,458,3,2
309,459,3,2
309,460,3,2
309,461,3,2
309,462,3,2
309,463,3,2
309,464,3,2
309,465,3,2
309,466,3,2
309,467,3,2
309,468,3,2
309,469,3,2
309,470,3,2
309,471,3,2
309,472,3,2
309,473,3,2
309,474,3,3
309,475,3,3
309,476,3,3
309,477,3,3
309,478,3,3
309,479,3,3
309,480,3,3
309,481,3,3
309,482,3,3
309,483,3,3
309,484,3,3
309,485,3,3
309,486,3,3
309,487,3,3
309,488,3,3
309,489,3,3
309,490,3,3
309,491,3,3
309,492,3,3
309,493,3,3
309,494,3,3
309,495,3,3
309,496,3,3
309,497,3,3
309,498,3,3
309,499,3,3
309,500,3,3
309,501,3,3
309,502,3,3
309,503,3,3
309,504,3,3
309,505,3,3
309,506,3,3
309,507,3,3
309,508,3,3
309,509,3,3
309,510,3,3
309,511,3,3
309,512,3,3
309,513,3,3
309,514,3,3
309,515,3,3
309,516,3,3
309,517,3,3
309,518,3,3
309,519,3,3
309,520,3,3
309,521,3,3
309,522,3,3
309,523,3,3
309,524,3,3
309,525,3,3
309,526,3,3
309,527,3,3
309,528,3,3
309,529,3,3
309,530,3,3
309,531,3,3
309,532,3,3
309,533,3,3
309,534,3,3
309,535,3,3
309,536,3,3
309,537,3,3
309,538,3,3
309,539,3,3
309,540,3,3
309,541,3,3
309,542,3,3
309,543,3,3
309,544,3,3
309,545,3,3
309,546,3,3
309,547,3,3
309,548,3,3
309,549,3,3
309,550,3,3
309,551,3,3
309,552,3,3
309,553,3,3
309,554,3,3
309,555,3,3
309,556,3,3
309,557,3,3
309,558,3,3
309,559,3,3
309,560,3,3
309,561,3,3
309,562,3,3
309,563,3,3
309,564,3,3
309,565,3,3
309,566,3,3
309,567,3,3
309,568,3,3
309,569,3,3
309,570,3,3
309,571,3,3
309,572,3,3
309,573,3,3
309,574,3,3
309,575,3,3
309,576,3,3
309,577,3,3
309,578,3,3
309,579,3,3
309,580,3,3
309,581,3,3
309,582,3,3
309,583,3,3
309,584,3,3
309,585,3,3
309,586,3,3
309,587,3,3
309,588,3,3
309,589,3,3
309,590,3,3
309,591,3,3
309,592,3,3
309,593,3,3
309,594,3,3
309,595,3,3
309,596,3,3
309,597,3,3
309,598,3,3
309,599,3,3
309,600,3,3
309,601,3,3
309,602,3,3
309,603,3,3
309,604,3,3
309,605,3,3
309,606,3,3
309,607,3,3
309,608,3,3
309,609,3,3
309,610,3,3
309,611,3,3
309,612,3,3
309,613,3,3
309,614,3,3
309,615,3,3
309,616,3,3
309,617,3,3
309,618,3,3
309,619,3,3
309,620,3,3
309,621,3,3
309,622,3,3
309,623,3,3
309,624,3,3
309,625,3,3
309,626,3,3
309,627,3,3
309,628,3,3
309,629,3,3
309,630,3,3
309,631,3,3
309,632,3,3
309,633,3,3
309,634,3,3
309,635,3,3
309,636,3,3
309,637,3,3
309,638,3,3
309,639,3,3
309,640,3,3
309,641,3,2
309,642,3,2
309,643,3,2
309,644,3,2
309,645,3,2
309,646,3,2
309,647,3,2
309,648,3,2
309,649,3,2
309,650,3,2
309,651,3,2
309,652,3,2
309,653,3,2
309,654,3,2
309,655,3,2
309,656,3,2
309,657,3,3
309,658,3,3
309,659,3,2
309,660,3,2
309,661,3,2
309,662,3,2
309,663,3,2
309,664,3,2
309,665,3,2
309,666,3,3
309,667,3,3
309,668,3,2
309,669,3,3
309,670,3,2
309,671,3,2
309,672,3,2
309,673,3,2
309,674,3,2
309,675,3,2
309,676,3,2
309,677,3,2
309,678,3,2
309,679,3,2
309,680,3,2
309,681,3,2
309,682,3,2
310,93,3,2
310,94,3,2
310,95,3,2
310,96,3,2
310,97,3,2
310,98,3,2
310,99,3,2
310,100,3,2
310,101,3,2
310,102,3,2
310,103,3,2
310,104,3,2
310,105,3,2
310,106,3,2
310,107,3,2
310,108,3,2
310,109,3,2
310,110,3,2
310,111,3,2
310,112,3,2
310,113,3,2
310,114,3,2
310,115,3,2
310,116,3,2
310,117,3,2
310,118,3,2
310,119,3,2
310,120,3,2
310,121,3,2
310,122,3,2
310,123,3,2
310,124,3,2
310,125,3,2
310,126,3,2
310,127,3,2
310,128,3,2
310,129,3,2
310,130,3,2
310,131,3,2
310,132,3,2
310,133,3,2
310,134,3,2
310,135,3,2
310,136,3,2
310,137,3,2
310,138,3,2
310,139,3,2
310,140,3,2
310,141,3,2
310,142,3,2
310,143,3,2
310,144,3,2
310,145,3,2
310,146,3,2
310,147,3,2
310,148,3,2
310,149,3,2
310,150,3,2
310,151,3,2
310,152,3,2
310,153,3,2
310,154,3,2
310,155,3,2
310,156,3,2
310,157,3,2
310,158,3,2
310,159,3,2
310,160,3,2
310,161,3,2
310,162,3,2
310,163,3,2
310,164,3,2
310,165,3,2
310,166,3,2
310,167,3,2
310,168,3,2
310,169,3,2
310,170,3,2
310,171,3,2
310,172,3,2
310,173,3,2
310,174,3,2
310,175,3,2
310,176,3,2
310,177,3,2
310,178,3,2
310,179,3,2
310,180,3,2
310,181,3,2
310,182,3,2
310,183,3,2
310,184,3,2
310,185,3,2
310,186,3,2
310,187,3,2
310,188,3,2
310,189,3,2
310,190,3,2
310,191,3,2
310,192,3,2
310,193,3,2
310,194,3,2
310,195,3,2
310,196,3,2
310,197,3,2
310,198,3,2
310,199,3,2
310,200,3,2
310,201,3,2
310,202,3,2
310,203,3,2
310,204,3,2
310,205,3,2
310,206,3,2
310,207,3,2
310,208,3,2
310,209,3,2
310,210,3,2
310,211,3,2
310,212,3,2
310,213,3,2
310,214,3,2
310,215,3,2
310,216,3,2
310,217,3,2
310,218,3,2
310,219,3,2
310,220,3,2
310,221,3,2
310,222,3,2
310,223,3,2
310,224,3,2
310,225,3,2
310,226,3,2
310,227,3,2
310,228,3,2
310,229,3,2
310,230,3,2
310,231,3,2
310,232,3,2
310,233,3,2
310,234,3,2
310,235,3,2
310,236,3,2
310,237,3,2
310,238,3,2
310,239,3,2
310,240,3,2
310,241,3,2
310,242,3,2
310,243,3,2
310,244,3,2
310,245,3,2
310,246,3,2
310,247,3,2
310,248,3,2
310,249,3,2
310,250,3,2
310,251,3,2
310,252,3,2
310,253,3,2
310,254,3,2
310,255,3,2
310,256,3,2
310,257,3,2
310,258,3,2
310,259,3,2
310,260,3,2
310,261,3,2
310,262,3,2
310,263,3,2
310,264,3,2
310,265,3,2
310,266,3,2
310,267,3,2
310,268,3,2
310,269,3,2
310,270,3,2
310,271,3,2
310,272,3,2
310,273,3,2
310,274,3,2
310,275,3,2
310,276,3,2
310,277,3,2
310,278,3,2
310,279,3,2
310,280,3,2
310,281,3,2
310,282,3,2
310,283,3,2
310,284,3,2
310,285,3,2
310,286,3,2
310,287,3,2
310,288,3,2
310,289,3,2
310,290,3,2
310,291,3,2
310,292,3,2
310,293,3,2
310,294,3,2
310,295,3,2
310,296,3,2
310,297,3,2
310,298,3,2
310,299,3,2
310,300,3,2
310,301,3,2
310,302,3,2
310,303,3,2
310,304,3,2
310,305,3,2
310,306,3,2
310,307,3,2
310,308,3,2
310,309,3,2
310,310,3,2
310,311,3,2
310,312,3,2
310,313,3,2
310,314,3,2
310,315,3,2
310,316,3,2
310,317,3,2
310,318,3,2
310,319,3,2
310,320,3,2
310,321,3,2
310,322,3,2
310,323,3,2
310,324,3,2
310,325,3,2
310,326,3,2
310,327,3,2
310,328,3,2
310,329,3,2
310,330,3,2
310,331,3,2
310,332,3,2
310,333,3,2
310,334,3,2
310,335,3,2
310,336,3,2
310,337,3,2
310,338,3,2
310,339,3,2
310,340,3,2
310,341,3,2
310,342,3,2
310,343,3,2
310,344,3,2
310,345,3,2
310,346,3,2
310,347,3,2
310,348,3,2
310,349,3,2
310,350,3,2
310,351,3,2
310,352,3,2
310,353,3,2
310,354,3,2
310,355,3,2
310,356,3,2
310,357,3,2
310,358,3,2
310,359,3,2
310,360,3,2
310,361,3,2
310,362,3,2
310,363,3,2
310,364,3,2
310,365,3,2
310,366,3,2
310,367,3,2
310,368,3,2
310,369,3,2
310,370,3,2
310,371,3,2
310,372,3,2
310,373,3,2
310,374,3,2
310,375,3,2
310,376,3,2
310,377,3,2
310,378,3,2
310,379,3,2
310,380,3,2
310,381,3,2
310,382,3,2
310,383,3,2
310,384,3,2
310,385,3,2
310,386,3,2
310,387,3,2
310,388,3,2
310,389,3,2
310,390,3,2
310,391,3,2
310,392,3,2
310,393,3,2
310,394,3,2
310,395,3,2
310,396,3,2
310,397,3,2
310,398,3,2
310,399,3,2
310,400,3,2
310,401,3,2
310,402,3,2
310,403,3,2
310,404,3,2
310,405,3,2
310,406,3,2
310,407,3,2
310,408,3,2
310,409,3,2
310,410,3,2
310,411,3,2
310,412,3,2
310,413,3,2
310,414,3,2
310,415,3,2
310,416,3,2
310,417,3,2
310,418,3,2
310,419,3,2
310,420,3,2
310,421,3,2
310,422,3,2
310,423,3,2
310,424,3,2
310,425,3,2
310,426,3,2
310,427,3,2
310,428,3,2
310,429,3,2
310,430,3,2
310,431,3,2
310,432,3,2
310,433,3,2
310,434,3,2
310,435,3,2
310,436,3,2
310,437,3,2
310,438,3,2
310,439,3,2
310,440,3,2
310,441,3,2
310,442,3,2
310,443,3,2
310,444,3,2
310,445,3,2
310,446,3,2
310,447,3,2
310,448,3,2
310,449,3,2
310,450,3,2
310,451,3,2
310,452,3,2
310,453,3,2
310,454,3,2
310,455,3,2
310,456,3,2
310,457,3,2
310,458,3,2
310,459,3,2
310,460,3,2
310,461,3,2
310,462,3,2
310,463,3,2
310,464,3,2
310,465,3,2
310,466,3,2
310,467,3,2
310,468,3,2
310,469,3,2
310,470,3,2
310,471,3,2
310,472,3,2
310,473,3,3
310,474,3,3
310,475,3,3
310,476,3,3
310,477,3,3
310,478,3,3
310,479,3,3
310,480,3,3
310,481,3,3
310,482,3,3
310,483,3,3
310,484,3,3
310,485,3,3
310,486,3,3
310,487,3,3
310,488,3,3
310,489,3,3
310,490,3,3
310,491,3,3
310,492,3,3
310,493,3,3
310,494,3,3
310,495,3,3
310,496,3,3
310,497,3,3
310,498,3,3
310,499,3,3
310,500,3,3
310,501,3,3
310,502,3,3
310,503,3,3
310,504,3,3
310,505,3,3
310,506,3,3
310,507,3,3
310,508,3,3
310,509,3,3
310,510,3,3
310,511,3,3
310,512,3,3
310,513,3,3
310,514,3,3
310,515,3,3
310,516,3,3
310,517,3,3
310,518,3,3
310,519,3,3
310,520,3,3
310,521,3,3
310,522,3,3
310,523,3,3
310,524,3,3
310,525,3,3
310,526,3,3
310,527,3,3
310,528,3,3
310,529,3,3
310,530,3,3
310,531,3,3
310,532,3,3
310,533,3,3
310,534,3,3
310,535,3,3
310,536,3,3
310,537,3,3
310,538,3,3
310,539,3,3
310,540,3,3
310,541,3,3
310,542,3,3
310,543,3,3
310,544,3,3
310,545,3,3
310,546,3,3
310,547,3,3
310,548,3,3
310,549,3,3
310,550,3,3
310,551,3,3
310,552,3,3
310,553,3,3
310,554,3,3
310,555,3,3
310,556,3,3
310,557,3,3
310,558,3,3
310,559,3,3
310,560,3,3
310,561,3,3
310,562,3,3
310,563,3,3
310,564,3,3
310,565,3,3
310,566,3,3
310,567,3,3
310,568,3,3
310,569,3,3
310,570,3,3
310,571,3,3
310,572,3,3
310,573,3,3
310,574,3,3
310,575,3,3
310,576,3,3
310,577,3,3
310,578,3,3
310,579,3,3
310,580,3,3
310,581,3,3
310,582,3,3
310,583,3,3
310,584,3,3
310,585,3,3
310,586,3,3
310,587,3,3
310,588,3,3
310,589,3,3
310,590,3,3
310,591,3,3
310,592,3,3
310,593,3,3
310,594,3,3
310,595,3,3
310,596,3,3
310,597,3,3
310,598,3,3
310,599,3,3
310,600,3,3
310,601,3,3
310,602,3,3
310,603,3,3
310,604,3,3
310,605,3,3
310,606,3,3
310,607,3,3
310,608,3,3
310,609,3,3
310,610,3,3
310,611,3,3
310,612,3,3
310,613,3,3
310,614,3,3
310,615,3,3
310,616,3,3
310,617,3,3
310,618,3,3
310,619,3,3
310,620,3,3
310,621,3,3
310,622,3,3
310,623,3,2
310,624,3,2
310,625,3,3
310,626,3,3
310,627,3,3
310,628,3,3
310,629,3,3
310,630,3,3
310,631,3,3
310,632,3,3
310,633,3,3
310,634,3,3
310,635,3,3
310,636,3,3
310,637,3,3
310,638,3,3
310,639,3,3
310,640,3,3
310,641,3,3
310,642,3,2
310,643,3,2
310,644,3,2
310,645,3,2
310,646,3,2
310,647,3,2
310,648,3,2
310,649,3,2
310,650,3,2
310,651,3,2
310,652,3,2
310,653,3,2
310,654,3,2
310,655,3,2
310,656,3,2
310,657,3,3
310,658,3,3
310,659,3,2
310,660,3,2
310,661,3,2
310,662,3,2
310,663,3,2
310,664,3,2
310,665,3,2
310,666,3,3
310,667,3,3
310,668,3,2
310,669,3,3
310,670,3,2
310,671,3,2
310,672,3,2
310,673,3,2
310,674,3,2
310,675,3,2
310,676,3,2
310,677,3,2
310,678,3,2
310,679,3,2
310,680,3,2
310,681,3,2
310,682,3,2
311,93,3,2
311,94,3,2
311,95,3,2
311,96,3,2
311,97,3,2
311,98,3,2
311,99,3,2
311,100,3,2
311,101,3,2
311,102,3,2
311,103,3,2
311,104,3,2
311,105,3,2
311,106,3,2
311,107,3,2
311,108,3,2
311,109,3,2
311,110,3,2
311,111,3,2
311,112,3,2
311,113,3,2
311,114,3,2
311,115,3,2
311,116,3,2
311,117,3,2
311,118,3,2
311,119,3,2
311,120,3,2
311,121,3,2
311,122,3,2
311,123,3,2
311,124,3,2
311,125,3,2
311,126,3,2
311,127,3,2
311,128,3,2
311,129,3,2
311,130,3,2
311,131,3,2
311,132,3,2
311,133,3,2
311,134,3,2
311,135,3,2
311,136,3,2
311,137,3,2
311,138,3,2
311,139,3,2
311,140,3,2
311,141,3,2
311,142,3,2
311,143,3,2
311,144,3,2
311,145,3,2
311,146,3,2
311,147,3,2
311,148,3,2
311,149,3,2
311,150,3,2
311,151,3,2
311,152,3,2
311,153,3,2
311,154,3,2
311,155,3,2
311,156,3,2
311,157,3,2
311,158,3,2
311,159,3,2
311,160,3,2
311,161,3,2
311,162,3,2
311,163,3,2
311,164,3,2
311,165,3,2
311,166,3,2
311,167,3,2
311,168,3,2
311,169,3,2
311,170,3,2
311,171,3,2
311,172,3,2
311,173,3,2
311,174,3,2
311,175,3,2
311,176,3,2
311,177,3,2
311,178,3,2
311,179,3,2
311,180,3,2
311,181,3,2
311,182,3,2
311,183,3,2
311,184,3,2
311,185,3,2
311,186,3,2
311,187,3,2
311,188,3,2
311,189,3,2
311,190,3,2
311,191,3,2
311,192,3,2
311,193,3,2
311,194,3,2
311,195,3,2
311,196,3,2
311,197,3,2
311,198,3,2
311,199,3,2
311,200,3,2
311,201,3,2
311,202,3,2
311,203,3,2
311,204,3,2
311,205,3,2
311,206,3,2
311,207,3,2
311,208,3,2
311,209,3,2
311,210,3,2
311,211,3,2
311,212,3,2
311,213,3,2
311,214,3,2
311,215,3,2
311,216,3,2
311,217,3,2
311,218,3,2
311,219,3,2
311,220,3,2
311,221,3,2
311,222,3,2
311,223,3,2
311,224,3,2
311,225,3,2
311,226,3,2
311,227,3,2
311,228,3,2
311,229,3,2
311,230,3,2
311,231,3,2
311,232,3,2
311,233,3,2
311,234,3,2
311,235,3,2
311,236,3,2
311,237,3,2
311,238,3,2
311,239,3,2
311,240,3,2
311,241,3,2
311,242,3,2
311,243,3,2
311,244,3,2
311,245,3,2
311,246,3,2
311,247,3,2
311,248,3,2
311,249,3,2
311,250,3,2
311,251,3,2
311,252,3,2
311,253,3,2
311,254,3,2
311,255,3,2
311,256,3,2
311,257,3,2
311,258,3,2
311,259,3,2
311,260,3,2
311,261,3,2
311,262,3,2
311,263,3,2
311,264,3,2
311,265,3,2
311,266,3,2
311,267,3,2
311,268,3,2
311,269,3,2
311,270,3,2
311,271,3,2
311,272,3,2
311,273,3,2
311,274,3,2
311,275,3,2
311,276,3,2
311,277,3,2
311,278,3,2
311,279,3,2
311,280,3,2
311,281,3,2
311,282,3,2
311,283,3,2
311,284,3,2
311,285,3,2
311,286,3,2
311,287,3,2
311,288,3,2
311,289,3,2
311,290,3,2
311,291,3,2
311,292,3,2
311,293,3,2
311,294,3,2
311,295,3,2
311,296,3,2
311,297,3,2
311,298,3,2
311,299,3,2
311,300,3,2
311,301,3,2
311,302,3,2
311,303,3,2
311,304,3,2
311,305,3,2
311,306,3,2
311,307,3,2
311,308,3,2
311,309,3,2
311,310,3,2
311,311,3,2
311,312,3,2
311,313,3,2
311,314,3,2
311,315,3,2
311,316,3,2
311,317,3,2
311,318,3,2
311,319,3,2
311,320,3,2
311,321,3,2
311,322,3,2
311,323,3,2
311,324,3,2
311,325,3,2
311,326,3,2
311,327,3,2
311,328,3,2
311,329,3,2
311,330,3,2
311,331,3,2
311,332,3,2
311,333,3,2
311,334,3,2
311,335,3,2
311,336,3,2
311,337,3,2
311,338,3,2
311,339,3,2
311,340,3,2
311,341,3,2
311,342,3,2
311,343,3,2
311,344,3,2
311,345,3,2
311,346,3,2
311,347,3,2
311,348,3,2
311,349,3,2
311,350,3,2
311,351,3,2
311,352,3,2
311,353,3,2
311,354,3,2
311,355,3,2
311,356,3,2
311,357,3,2
311,358,3,2
311,359,3,2
311,360,3,2
311,361,3,2
311,362,3,2
311,363,3,2
311,364,3,2
311,365,3,2
311,366,3,2
311,367,3,2
311,368,3,2
311,369,3,2
311,370,3,2
311,371,3,2
311,372,3,2
311,373,3,2
311,374,3,2
311,375,3,2
311,376,3,2
311,377,3,2
311,378,3,2
311,379,3,2
311,380,3,2
311,381,3,2
311,382,3,2
311,383,3,2
311,384,3,2
311,385,3,2
311,386,3,2
311,387,3,2
311,388,3,2
311,389,3,2
311,390,3,2
311,391,3,2
311,392,3,2
311,393,3,2
311,394,3,2
311,395,3,2
311,396,3,2
311,397,3,2
311,398,3,2
311,399,3,2
311,400,3,2
311,401,3,2
311,402,3,2
311,403,3,2
311,404,3,2
311,405,3,2
311,406,3,2
311,407,3,2
311,408,3,2
311,409,3,2
311,410,3,2
311,411,3,2
311,412,3,2
311,413,3,2
311,414,3,2
311,415,3,2
311,416,3,2
311,417,3,2
311,418,3,2
311,419,3,2
311,420,3,2
311,421,3,2
311,422,3,2
311,423,3,2
311,424,3,2
311,425,3,2
311,426,3,2
311,427,3,2
311,428,3,2
311,429,3,2
311,430,3,2
311,431,3,2
311,432,3,2
311,433,3,2
311,434,3,2
311,435,3,2
311,436,3,2
311,437,3,2
311,438,3,2
311,439,3,2
311,440,3,2
311,441,3,2
311,442,3,2
311,443,3,2
311,444,3,2
311,445,3,2
311,446,3,2
311,447,3,2
311,448,3,2
311,449,3,2
311,450,3,2
311,451,3,2
311,452,3,2
311,453,3,2
311,454,3,2
311,455,3,2
311,456,3,2
311,457,3,2
311,458,3,2
311,459,3,2
311,460,3,2
311,461,3,2
311,462,3,2
311,463,3,2
311,464,3,2
311,465,3,2
311,466,3,2
311,467,3,2
311,468,3,2
311,469,3,2
311,470,3,2
311,471,3,2
311,472,3,3
311,473,3,3
311,474,3,3
311,475,3,3
311,476,3,3
311,477,3,3
311,478,3,3
311,479,3,3
311,480,3,3
311,481,3,3
311,482,3,3
311,483,3,3
311,484,3,3
311,485,3,3
311,486,3,3
311,487,3,3
311,488,3,3
311,489,3,3
311,490,3,3
311,491,3,3
311,492,3,3
311,493,3,3
311,494,3,3
311,495,3,3
311,496,3,3
311,497,3,3
311,498,3,3
311,499,3,3
311,500,3,3
311,501,3,3
311,502,3,3
311,503,3,3
311,504,3,3
311,505,3,3
311,506,3,3
311,507,3,3
311,508,3,3
311,509,3,3
311,510,3,3
311,511,3,3
311,512,3,3
311,513,3,3
311,514,3,3
311,515,3,3
311,516,3,3
311,517,3,3
311,518,3,3
311,519,3,3
311,520,3,3
311,521,3,3
311,522,3,3
311,523,3,3
311,524,3,3
311,525,3,3
311,526,3,3
311,527,3,3
311,528,3,3
311,529,3,3
311,530,3,3
311,531,3,3
311,532,3,3
311,533,3,3
311,534,3,3
311,535,3,3
311,536,3,3
311,537,3,3
311,538,3,3
311,539,3,3
311,540,3,3
311,541,3,3
311,542,3,3
311,543,3,3
311,544,3,3
311,545,3,3
311,546,3,3
311,547,3,3
311,548,3,3
311,549,3,3
311,550,3,3
311,551,3,3
311,552,3,3
311,553,3,3
311,554,3,3
311,555,3,3
311,556,3,3
311,557,3,3
311,558,3,3
311,559,3,3
311,560,3,3
311,561,3,3
311,562,3,3
311,563,3,3
311,564,3,3
311,565,3,3
311,566,3,3
311,567,3,3
311,568,3,3
311,569,3,3
311,570,3,3
311,571,3,3
311,572,3,3
311,573,3,3
311,574,3,3
311,575,3,3
311,576,3,3
311,577,3,3
311,578,3,3
311,579,3,3
311,580,3,3
311,581,3,3
311,582,3,3
311,583,3,3
311,584,3,3
311,585,3,3
311,586,3,3
311,587,3,3
311,588,3,3
311,589,3,3
311,590,3,3
311,591,3,3
311,592,3,3
311,593,3,3
311,594,3,3
311,595,3,3
311,596,3,3
311,597,3,3
311,598,3,3
311,599,3,3
311,600,3,3
311,601,3,3
311,602,3,3
311,603,3,3
311,604,3,3
311,605,3,3
311,606,3,3
311,607,3,3
311,608,3,3
311,609,3,3
311,610,3,3
311,611,3,3
311,612,3,3
311,613,3,3
311,614,3,3
311,615,3,3
311,616,3,3
311,617,3,3
311,618,3,3
311,619,3,3
311,620,3,3
311,621,3,3
311,622,3,3
311,623,3,2
311,624,3,2
311,625,3,3
311,626,3,3
311,627,3,3
311,628,3,3
311,629,3,3
311,630,3,3
311,631,3,3
311,632,3,3
311,633,3,3
311,634,3,3
311,635,3,3
311,636,3,3
311,637,3,3
311,638,3,3
311,639,3,3
311,640,3,3
311,641,3,2
311,642,3,2
311,643,3,2
311,644,3,2
311,645,3,2
311,646,3,2
311,647,3,2
311,648,3,2
311,649,3,2
311,650,3,2
311,651,3,2
311,652,3,2
311,653,3,2
311,654,3,2
311,655,3,2
311,656,3,2
311,657,3,2
311,658,3,3
311,659,3,2
311,660,3,2
311,661,3,2
311,662,3,2
311,663,3,2
311,664,3,2
311,665,3,2
311,666,3,3
311,667,3,2
311,668,3,2
311,669,3,3
311,670,3,2
311,671,3,2
311,672,3,2
311,673,3,2
311,674,3,2
311,675,3,2
311,676,3,2
311,677,3,2
311,678,3,2
311,679,3,2
311,680,3,2
311,681,3,2
312,92,3,2
312,93,3,2
312,94,3,2
312,95,3,2
312,96,3,2
312,97,3,2
312,98,3,2
312,99,3,2
312,100,3,2
312,101,3,2
312,102,3,2
312,103,3,2
312,104,3,2
312,105,3,2
312,106,3,2
312,107,3,2
312,108,3,2
312,109,3,2
312,110,3,2
312,111,3,2
312,112,3,2
312,113,3,2
312,114,3,2
312,115,3,2
312,116,3,2
312,117,3,2
312,118,3,2
312,119,3,2
312,120,3,2
312,121,3,2
312,122,3,2
312,123,3,2
312,124,3,2
312,125,3,2
312,126,3,2
312,127,3,2
312,128,3,2
312,129,3,2
312,130,3,2
312,131,3,2
312,132,3,2
312,133,3,2
312,134,3,2
312,135,3,2
312,136,3,2
312,137,3,2
312,138,3,2
312,139,3,2
312,140,3,2
312,141,3,2
312,142,3,2
312,143,3,2
312,144,3,2
312,145,3,2
312,146,3,2
312,147,3,2
312,148,3,2
312,149,3,2
312,150,3,2
312,151,3,2
312,152,3,2
312,153,3,2
312,154,3,2
312,155,3,2
312,156,3,2
312,157,3,2
312,158,3,2
312,159,3,2
312,160,3,2
312,161,3,2
312,162,3,2
312,163,3,2
312,164,3,2
312,165,3,2
312,166,3,2
312,167,3,2
312,168,3,2
312,169,3,2
312,170,3,2
312,171,3,2
312,172,3,2
312,173,3,2
312,174,3,2
312,175,3,2
312,176,3,2
312,177,3,2
312,178,3,2
312,179,3,2
312,180,3,2
312,181,3,2
312,182,3,2
312,183,3,2
312,184,3,2
312,185,3,2
312,186,3,2
312,187,3,2
312,188,3,2
312,189,3,2
312,190,3,2
312,191,3,2
312,192,3,2
312,193,3,2
312,194,3,2
312,195,3,2
312,196,3,2
312,197,3,2
312,198,3,2
312,199,3,2
312,200,3,2
312,201,3,2
312,202,3,2
312,203,3,2
312,204,3,2
312,205,3,2
312,206,3,2
312,207,3,2
312,208,3,2
312,209,3,2
312,210,3,2
312,211,3,2
312,212,3,2
312,213,3,2
312,214,3,2
312,215,3,2
312,216,3,2
312,217,3,2
312,218,3,2
312,219,3,2
312,220,3,2
312,221,3,2
312,222,3,2
312,223,3,2
312,224,3,2
312,225,3,2
312,226,3,2
312,227,3,2
312,228,3,2
312,229,3,2
312,230,3,2
312,231,3,2
312,232,3,2
312,233,3,2
312,234,3,2
312,235,3,2
312,236,3,2
312,237,3,2
312,238,3,2
312,239,3,2
312,240,3,2
312,241,3,2
312,242,3,2
312,243,3,2
312,244,3,2
312,245,3,2
312,246,3,2
312,247,3,2
312,248,3,2
312,249,3,2
312,250,3,2
312,251,3,2
312,252,3,2
312,253,3,2
312,254,3,2
312,255,3,2
312,256,3,2
312,257,3,2
312,258,3,2
312,259,3,2
312,260,3,2
312,261,3,2
312,262,3,2
312,263,3,2
312,264,3,2
312,265,3,2
312,266,3,2
312,267,3,2
312,268,3,2
312,269,3,2
312,270,3,2
312,271,3,2
312,272,3,2
312,273,3,2
312,274,3,2
312,275,3,2
312,276,3,2
312,277,3,2
312,278,3,2
312,279,3,2
312,280,3,2
312,281,3,2
312,282,3,2
312,283,3,2
312,284,3,2
312,285,3,2
312,286,3,2
312,287,3,2
312,288,3,2
312,289,3,2
312,290,3,2
312,291,3,2
312,292,3,2
312,293,3,2
312,294,3,2
312,295,3,2
312,296,3,2
312,297,3,2
312,298,3,2
312,299,3,2
312,300,3,2
312,301,3,2
312,302,3,2
312,303,3,2
312,304,3,2
312,305,3,2
312,306,3,2
312,307,3,2
312,308,3,2
312,309,3,2
312,310,3,2
312,311,3,2
312,312,3,2
312,313,3,2
312,314,3,2
312,315,3,2
312,316,3,2
312,317,3,2
312,318,3,2
312,319,3,2
312,320,3,2
312,321,3,2
312,322,3,2
312,323,3,2
312,324,3,2
312,325,3,2
312,326,3,2
312,327,3,2
312,328,3,2
312,329,3,2
312,330,3,2
312,331,3,2
312,332,3,2
312,333,3,2
312,334,3,2
312,335,3,2
312,336,3,2
312,337,3,2
312,338,3,2
312,339,3,2
312,340,3,2
312,341,3,2
312,342,3,2
312,343,3,2
312,344,3,2
312,345,3,2
312,346,3,2
312,347,3,2
312,348,3,2
312,349,3,2
312,350,3,2
312,351,3,2
312,352,3,2
312,353,3,2
312,354,3,2
312,355,3,2
312,356,3,2
312,357,3,2
312,358,3,2
312,359,3,2
312,360,3,2
312,361,3,2
312,362,3,2
312,363,3,2
312,364,3,2
312,365,3,2
312,366,3,2
312,367,3,2
312,368,3,2
312,369,3,2
312,370,3,2
312,371,3,2
312,372,3,2
312,373,3,2
312,374,3,2
312,375,3,2
312,376,3,2
312,377,3,2
312,378,3,2
312,379,3,2
312,380,3,2
312,381,3,2
312,382,3,2
312,383,3,2
312,384,3,2
312,385,3,2
312,386,3,2
312,387,3,2
312,388,3,2
312,389,3,2
312,390,3,2
312,391,3,2
312,392,3,2
312,393,3,2
312,394,3,2
312,395,3,2
312,396,3,2
312,397,3,2
312,398,3,2
312,399,3,2
312,400,3,2
312,401,3,2
312,402,3,2
312,403,3,2
312,404,3,2
312,405,3,2
312,406,3,2
312,407,3,2
312,408,3,2
312,409,3,2
312,410,3,2
312,411,3,2
312,412,3,2
312,413,3,2
312,414,3,2
312,415,3,2
312,416,3,2
312,417,3,2
312,418,3,2
312,419,3,2
312,420,3,2
312,421,3,2
312,422,3,2
312,423,3,2
312,424,3,2
312,425,3,2
312,426,3,2
312,427,3,2
312,428,3,2
312,429,3,2
312,430,3,2
312,431,3,2
312,432,3,2
312,433,3,2
312,434,3,2
312,435,3,2
312,436,3,2
312,437,3,2
312,438,3,2
312,439,3,2
312,440,3,2
312,441,3,2
312,442,3,2
312,443,3,2
312,444,3,2
312,445,3,2
312,446,3,2
312,447,3,2
312,448,3,2
312,449,3,2
312,450,3,2
312,451,3,2
312,452,3,2
312,453,3,2
312,454,3,2
312,455,3,2
312,456,3,2
312,457,3,2
312,458,3,2
312,459,3,2
312,460,3,2
312,461,3,2
312,462,3,2
312,463,3,2
312,464,3,2
312,465,3,2
312,466,3,2
312,467,3,2
312,468,3,2
312,469,3,2
312,470,3,2
312,471,3,2
312,472,3,3
312,473,3,3
312,474,3,3
312,475,3,3
312,476,3,3
312,477,3,3
312,478,3,3
312,479,3,3
312,480,3,3
312,481,3,3
312,482,3,3
312,483,3,3
312,484,3,3
312,485,3,3
312,486,3,3
312,487,3,3
312,488,3,3
312,489,3,3
312,490,3,3
312,491,3,3
312,492,3,3
312,493,3,3
312,494,3,3
312,495,3,3
312,496,3,3
312,497,3,3
312,498,3,3
312,499,3,3
312,500,3,3
312,501,3,3
312,502,3,3
312,503,3,3
312,504,3,3
312,505,3,3
312,506,3,3
312,507,3,3
312,508,3,3
312,509,3,3
312,510,3,3
312,511,3,3
312,512,3,3
312,513,3,3
312,514,3,3
312,515,3,3
312,516,3,3
312,517,3,3
312,518,3,3
312,519,3,3
312,520,3,3
312,521,3,3
312,522,3,3
312,523,3,3
312,524,3,3
312,525,3,3
312,526,3,3
312,527,3,3
312,528,3,3
312,529,3,3
312,530,3,3
312,531,3,3
312,532,3,3
312,533,3,3
312,534,3,3
312,535,3,3
312,536,3,3
312,537,3,3
312,538,3,3
312,539,3,3
312,540,3,3
312,541,3,3
312,542,3,3
312,543,3,3
312,544,3,3
312,545,3,3
312,546,3,3
312,547,3,3
312,548,3,3
312,549,3,3
312,550,3,3
312,551,3,3
312,552,3,3
312,553,3,3
312,554,3,3
312,555,3,3
312,556,3,3
312,557,3,3
312,558,3,3
312,559,3,3
312,560,3,3
312,561,3,3
312,562,3,3
312,563,3,3
312,564,3,3
312,565,3,3
312,566,3,3
312,567,3,3
312,568,3,3
312,569,3,3
312,570,3,3
312,571,3,3
312,572,3,3
312,573,3,3
312,574,3,3
312,575,3,3
312,576,3,3
312,577,3,3
312,578,3,3
312,579,3,3
312,580,3,3
312,581,3,3
312,582,3,3
312,583,3,3
312,584,3,3
312,585,3,3
312,586,3,3
312,587,3,3
312,588,3,3
312,589,3,3
312,590,3,3
312,591,3,3
312,592,3,3
312,593,3,3
312,594,3,3
312,595,3,3
312,596,3,3
312,597,3,3
312,598,3,3
312,599,3,3
312,600,3,3
312,601,3,3
312,602,3,3
312,603,3,3
312,604,3,3
312,605,3,3
312,606,3,3
312,607,3,3
312,608,3,3
312,609,3,3
312,610,3,3
312,611,3,3
312,612,3,3
312,613,3,3
312,614,3,3
312,615,3,3
312,616,3,3
312,617,3,3
312,618,3,3
312,619,3,3
312,620,3,3
312,621,3,3
312,622,3,2
312,623,3,2
312,624,3,2
312,625,3,3
312,626,3,3
312,627,3,3
312,628,3,3
312,629,3,3
312,630,3,3
312,631,3,3
312,632,3,3
312,633,3,3
312,634,3,3
312,635,3,3
312,636,3,3
312,637,3,3
312,638,3,3
312,639,3,3
312,640,3,3
312,641,3,2
312,642,3,2
312,643,3,2
312,644,3,2
312,645,3,2
312,646,3,2
312,647,3,2
312,648,3,2
312,649,3,2
312,650,3,2
312,651,3,2
312,652,3,2
312,653,3,2
312,654,3,2
312,655,3,2
312,656,3,2
312,657,3,2
312,658,3,2
312,659,3,2
312,660,3,2
312,661,3,2
312,662,3,2
312,663,3,2
312,664,3,2
312,665,3,2
312,666,3,2
312,667,3,2
312,668,3,2
312,669,3,2
312,670,3,2
312,671,3,2
312,672,3,2
312,673,3,2
312,674,3,2
312,675,3,2
312,676,3,2
312,677,3,2
312,678,3,2
312,679,3,2
312,680,3,2
313,92,3,2
313,93,3,2
313,94,3,2
313,95,3,2
313,96,3,2
313,97,3,2
313,98,3,2
313,99,3,2
313,100,3,2
313,101,3,2
313,102,3,2
313,103,3,2
313,104,3,2
313,105,3,2
313,106,3,2
313,107,3,2
313,108,3,2
313,109,3,2
313,110,3,2
313,111,3,2
313,112,3,2
313,113,3,2
313,114,3,2
313,115,3,2
313,116,3,2
313,117,3,2
313,118,3,2
313,119,3,2
313,120,3,2
313,121,3,2
313,122,3,2
313,123,3,2
313,124,3,2
313,125,3,2
313,126,3,2
313,127,3,2
313,128,3,2
313,129,3,2
313,130,3,2
313,131,3,2
313,132,3,2
313,133,3,2
313,134,3,2
313,135,3,2
313,136,3,2
313,137,3,2
313,138,3,2
313,139,3,2
313,140,3,2
313,141,3,2
313,142,3,2
313,143,3,2
313,144,3,2
313,145,3,2
313,146,3,2
313,147,3,2
313,148,3,2
313,149,3,2
313,150,3,2
313,151,3,2
313,152,3,2
313,153,3,2
313,154,3,2
313,155,3,2
313,156,3,2
313,157,3,2
313,158,3,2
313,159,3,2
313,160,3,2
313,161,3,2
313,162,3,2
313,163,3,2
313,164,3,2
313,165,3,2
313,166,3,2
313,167,3,2
313,168,3,2
313,169,3,2
313,170,3,2
313,171,3,2
313,172,3,2
313,173,3,2
313,174,3,2
313,175,3,2
313,176,3,2
313,177,3,2
313,178,3,2
313,179,3,2
313,180,3,2
313,181,3,2
313,182,3,2
313,183,3,2
313,184,3,2
313,185,3,2
313,186,3,2
313,187,3,2
313,188,3,2
313,189,3,2
313,190,3,2
313,191,3,2
313,192,3,2
313,193,3,2
313,194,3,2
313,195,3,2
313,196,3,2
313,197,3,2
313,198,3,2
313,199,3,2
313,200,3,2
313,201,3,2
313,202,3,2
313,203,3,2
313,204,3,2
313,205,3,2
313,206,3,2
313,207,3,2
313,208,3,2
313,209,3,2
313,210,3,2
313,211,3,2
313,212,3,2
313,213,3,2
313,214,3,2
313,215,3,2
313,216,3,2
313,217,3,2
313,218,3,2
313,219,3,2
313,220,3,2
313,221,3,2
313,222,3,2
313,223,3,2
313,224,3,2
313,225,3,2
313,226,3,2
313,227,3,2
313,228,3,2
313,229,3,2
313,230,3,2
313,231,3,2
313,232,3,2
313,233,3,2
313,234,3,2
313,235,3,2
313,236,3,2
313,237,3,2
313,238,3,2
313,239,3,2
313,240,3,2
313,241,3,2
313,242,3,2
313,243,3,2
313,244,3,2
313,245,3,2
313,246,3,2
313,247,3,2
313,248,3,2
313,249,3,2
313,250,3,2
313,251,3,2
313,252,3,2
313,253,3,2
313,254,3,2
313,255,3,2
313,256,3,2
313,257,3,2
313,258,3,2
313,259,3,2
313,260,3,2
313,261,3,2
313,262,3,2
313,263,3,2
313,264,3,2
313,265,3,2
313,266,3,2
313,267,3,2
313,268,3,2
313,269,3,2
313,270,3,2
313,271,3,2
313,272,3,2
313,273,3,2
313,274,3,2
313,275,3,2
313,276,3,2
313,277,3,2
313,278,3,2
313,279,3,2
313,280,3,2
313,281,3,2
313,282,3,2
313,283,3,2
313,284,3,2
313,285,3,2
313,286,3,2
313,287,3,2
313,288,3,2
313,289,3,2
313,290,3,2
313,291,3,2
313,292,3,2
313,293,3,2
313,294,3,2
313,295,3,2
313,296,3,2
313,297,3,2
313,298,3,2
313,299,3,2
313,300,3,2
313,301,3,2
313,302,3,2
313,303,3,2
313,304,3,2
313,305,3,2
313,306,3,2
313,307,3,2
313,308,3,2
313,309,3,2
313,310,3,2
313,311,3,2
313,312,3,2
313,313,3,2
313,314,3,2
313,315,3,2
313,316,3,2
313,317,3,2
313,318,3,2
313,319,3,2
313,320,3,2
313,321,3,2
313,322,3,2
313,323,3,2
313,324,3,2
313,325,3,2
313,326,3,2
313,327,3,2
313,328,3,2
313,329,3,2
313,330,3,2
313,331,3,2
313,332,3,2
313,333,3,2
313,334,3,2
313,335,3,2
313,336,3,2
313,337,3,2
313,338,3,2
313,339,3,2
313,340,3,2
313,341,3,2
313,342,3,2
313,343,3,2
313,344,3,2
313,345,3,2
313,346,3,2
313,347,3,2
313,348,3,2
313,349,3,2
313,350,3,2
313,351,3,2
313,352,3,2
313,353,3,2
313,354,3,2
313,355,3,2
313,356,3,2
313,357,3,2
313,358,3,2
313,359,3,2
313,360,3,2
313,361,3,2
313,362,3,2
313,363,3,2
313,364,3,2
313,365,3,2
313,366,3,2
313,367,3,2
313,368,3,2
313,369,3,2
313,370,3,2
313,371,3,2
313,372,3,2
313,373,3,2
313,374,3,2
313,375,3,2
313,376,3,2
313,377,3,2
313,378,3,2
313,379,3,2
313,380,3,2
313,381,3,2
313,382,3,2
313,383,3,2
313,384,3,2
313,385,3,2
313,386,3,2
313,387,3,2
313,388,3,2
313,389,3,2
313,390,3,2
313,391,3,2
313,392,3,2
313,393,3,2
313,394,3,2
313,395,3,2
313,396,3,2
313,397,3,2
313,398,3,2
313,399,3,2
313,400,3,2
313,401,3,2
313,402,3,2
313,403,3,2
313,404,3,2
313,405,3,2
313,406,3,2
313,407,3,2
313,408,3,2
313,409,3,2
313,410,3,2
313,411,3,2
313,412,3,2
313,413,3,2
313,414,3,2
313,415,3,2
313,416,3,2
313,417,3,2
313,418,3,2
313,419,3,2
313,420,3,2
313,421,3,2
313,422,3,2
313,423,3,2
313,424,3,2
313,425,3,2
313,426,3,2
313,427,3,2
313,428,3,2
313,429,3,2
313,430,3,2
313,431,3,2
313,432,3,2
313,433,3,2
313,434,3,2
313,435,3,2
313,436,3,2
313,437,3,2
313,438,3,2
313,439,3,2
313,440,3,2
313,441,3,2
313,442,3,2
313,443,3,2
313,444,3,2
313,445,3,2
313,446,3,2
313,447,3,2
313,448,3,2
313,449,3,2
313,450,3,2
313,451,3,2
313,452,3,2
313,453,3,2
313,454,3,2
313,455,3,2
313,456,3,2
313,457,3,2
313,458,3,2
313,459,3,2
313,460,3,2
313,461,3,2
313,462,3,2
313,463,3,2
313,464,3,2
313,465,3,2
313,466,3,2
313,467,3,2
313,468,3,2
313,469,3,2
313,470,3,2
313,471,3,3
313,472,3,3
313,473,3,3
313,474,3,3
313,475,3,3
313,476,3,3
313,477,3,3
313,478,3,3
313,479,3,3
313,480,3,3
313,481,3,3
313,482,3,3
313,483,3,3
313,484,3,3
313,485,3,3
313,486,3,3
313,487,3,3
313,488,3,3
313,489,3,3
313,490,3,3
313,491,3,3
313,492,3,3
313,493,3,3
313,494,3,3
313,495,3,3
313,496,3,3
313,497,3,3
313,498,3,3
313,499,3,3
313,500,3,3
313,501,3,3
313,502,3,3
313,503,3,3
313,504,3,3
313,505,3,3
313,506,3,3
313,507,3,3
313,508,3,3
313,509,3,3
313,510,3,3
313,511,3,3
313,512,3,3
313,513,3,3
313,514,3,3
313,515,3,3
313,516,3,3
313,517,3,3
313,518,3,3
313,519,3,3
313,520,3,3
313,521,3,3
313,522,3,3
313,523,3,3
313,524,3,3
313,525,3,3
313,526,3,3
313,527,3,3
313,528,3,3
313,529,3,3
313,530,3,3
313,531,3,3
313,532,3,3
313,533,3,3
313,534,3,3
313,535,3,3
313,536,3,3
313,537,3,3
313,538,3,3
313,539,3,3
313,540,3,3
313,541,3,3
313,542,3,3
313,543,3,3
313,544,3,3
313,545,3,3
313,546,3,3
313,547,3,3
313,548,3,3
313,549,3,3
313,550,3,3
313,551,3,3
313,552,3,3
313,553,3,3
313,554,3,3
313,555,3,3
313,556,3,3
313,557,3,3
313,558,3,3
313,559,3,3
313,560,3,3
313,561,3,3
313,562,3,3
313,563,3,3
313,564,3,3
313,565,3,3
313,566,3,3
313,567,3,3
313,568,3,3
313,569,3,3
313,570,3,3
313,571,3,3
313,572,3,3
313,573,3,3
313,574,3,3
313,575,3,3
313,576,3,3
313,577,3,3
313,578,3,3
313,579,3,3
313,580,3,3
313,581,3,3
313,582,3,3
313,583,3,3
313,584,3,3
313,585,3,3
313,586,3,3
313,587,3,3
313,588,3,3
313,589,3,3
313,590,3,3
313,591,3,3
313,592,3,3
313,593,3,3
313,594,3,3
313,595,3,3
313,596,3,3
313,597,3,3
313,598,3,3
313,599,3,3
313,600,3,3
313,601,3,3
313,602,3,3
313,603,3,3
313,604,3,3
313,605,3,3
313,606,3,3
313,607,3,3
313,608,3,3
313,609,3,3
313,610,3,3
313,611,3,3
313,612,3,3
313,613,3,3
313,614,3,3
313,615,3,3
313,616,3,3
313,617,3,3
313,618,3,3
313,619,3,3
313,620,3,3
313,621,3,3
313,622,3,2
313,623,3,2
313,624,3,2
313,625,3,3
313,626,3,3
313,627,3,3
313,628,3,3
313,629,3,3
313,630,3,3
313,631,3,3
313,632,3,3
313,633,3,3
313,634,3,3
313,635,3,3
313,636,3,3
313,637,3,3
313,638,3,3
313,639,3,3
313,640,3,3
313,641,3,2
313,642,3,2
313,643,3,2
313,644,3,2
313,645,3,2
313,646,3,2
313,647,3,2
313,648,3,2
313,649,3,2
313,650,3,2
313,651,3,2
313,652,3,2
313,653,3,2
313,654,3,2
313,655,3,2
313,656,3,2
313,657,3,2
313,658,3,2
313,659,3,2
313,660,3,2
313,661,3,2
313,662,3,2
313,663,3,2
313,664,3,2
313,665,3,2
313,666,3,2
313,667,3,2
313,668,3,2
313,669,3,2
313,670,3,2
313,671,3,2
313,672,3,2
313,673,3,2
313,674,3,2
313,675,3,2
313,676,3,2
313,677,3,2
313,678,3,2
313,679,3,2
314,92,3,2
314,93,3,2
314,94,3,2
314,95,3,2
314,96,3,2
314,97,3,2
314,98,3,2
314,99,3,2
314,100,3,2
314,101,3,2
314,102,3,2
314,103,3,2
314,104,3,2
314,105,3,2
314,106,3,2
314,107,3,2
314,108,3,2
314,109,3,2
314,110,3,2
314,111,3,2
314,112,3,2
314,113,3,2
314,114,3,2
314,115,3,2
314,116,3,2
314,117,3,2
314,118,3,2
314,119,3,2
314,120,3,2
314,121,3,2
314,122,3,2
314,123,3,2
314,124,3,2
314,125,3,2
314,126,3,2
314,127,3,2
314,128,3,2
314,129,3,2
314,130,3,2
314,131,3,2
314,132,3,2
314,133,3,2
314,134,3,2
314,135,3,2
314,136,3,2
314,137,3,2
314,138,3,2
314,139,3,2
314,140,3,2
314,141,3,2
314,142,3,2
314,143,3,2
314,144,3,2
314,145,3,2
314,146,3,2
314,147,3,2
314,148,3,2
314,149,3,2
314,150,3,2
314,151,3,2
314,152,3,2
314,153,3,2
314,154,3,2
314,155,3,2
314,156,3,2
314,157,3,2
314,158,3,2
314,159,3,2
314,160,3,2
314,161,3,2
314,162,3,2
314,163,3,2
314,164,3,2
314,165,3,2
314,166,3,2
314,167,3,2
314,168,3,2
314,169,3,2
314,170,3,2
314,171,3,2
314,172,3,2
314,173,3,2
314,174,3,2
314,175,3,2
314,176,3,2
314,177,3,2
314,178,3,2
314,179,3,2
314,180,3,2
314,181,3,2
314,182,3,2
314,183,3,2
314,184,3,2
314,185,3,2
314,186,3,2
314,187,3,2
314,188,3,2
314,189,3,2
314,190,3,2
314,191,3,2
314,192,3,2
314,193,3,2
314,194,3,2
314,195,3,2
314,196,3,2
314,197,3,2
314,198,3,2
314,199,3,2
314,200,3,2
314,201,3,2
314,202,3,2
314,203,3,2
314,204,3,2
314,205,3,2
314,206,3,2
314,207,3,2
314,208,3,2
314,209,3,2
314,210,3,2
314,211,3,2
314,212,3,2
314,213,3,2
314,214,3,2
314,215,3,2
314,216,3,2
314,217,3,2
314,218,3,2
314,219,3,2
314,220,3,2
314,221,3,2
314,222,3,2
314,223,3,2
314,224,3,2
314,225,3,2
314,226,3,2
314,227,3,2
314,228,3,2
314,229,3,2
314,230,3,2
314,231,3,2
314,232,3,2
314,233,3,2
314,234,3,2
314,235,3,2
314,236,3,2
314,237,3,2
314,238,3,2
314,239,3,2
314,240,3,2
314,241,3,2
314,242,3,2
314,243,3,2
314,244,3,2
314,245,3,2
314,246,3,2
314,247,3,2
314,248,3,2
314,249,3,2
314,250,3,2
314,251,3,2
314,252,3,2
314,253,3,2
314,254,3,2
314,255,3,2
314,256,3,2
314,257,3,2
314,258,3,2
314,259,3,2
314,260,3,2
314,261,3,2
314,262,3,2
314,263,3,2
314,264,3,2
314,265,3,2
314,266,3,2
314,267,3,2
314,268,3,2
314,269,3,2
314,270,3,2
314,271,3,2
314,272,3,2
314,273,3,2
314,274,3,2
314,275,3,2
314,276,3,2
314,277,3,2
314,278,3,2
314,279,3,2
314,280,3,2
314,281,3,2
314,282,3,2
314,283,3,2
314,284,3,2
314,285,3,2
314,286,3,2
314,287,3,2
314,288,3,2
314,289,3,2
314,290,3,2
314,291,3,2
314,292,3,2
314,293,3,2
314,294,3,2
314,295,3,2
314,296,3,2
314,297,3,2
314,298,3,2
314,299,3,2
314,300,3,2
314,301,3,2
314,302,3,2
314,303,3,2
314,304,3,2
314,305,3,2
314,306,3,2
314,307,3,2
314,308,3,2
314,309,3,2
314,310,3,2
314,311,3,2
314,312,3,2
314,313,3,2
314,314,3,2
314,315,3,2
314,316,3,2
314,317,3,2
314,318,3,2
314,319,3,2
314,320,3,2
314,321,3,2
314,322,3,2
314,323,3,2
314,324,3,2
314,325,3,2
314,326,3,2
314,327,3,2
314,328,3,2
314,329,3,2
314,330,3,2
314,331,3,2
314,332,3,2
314,333,3,2
314,334,3,2
314,335,3,2
314,336,3,2
314,337,3,2
314,338,3,2
314,339,3,2
314,340,3,2
314,341,3,2
314,342,3,2
314,343,3,2
314,344,3,2
314,345,3,2
314,346,3,2
314,347,3,2
314,348,3,2
314,349,3,2
314,350,3,2
314,351,3,2
314,352,3,2
314,353,3,2
314,354,3,2
314,355,3,2
314,356,3,2
314,357,3,2
314,358,3,2
314,359,3,2
314,360,3,2
314,361,3,2
314,362,3,2
314,363,3,2
314,364,3,2
314,365,3,2
314,366,3,2
314,367,3,2
314,368,3,2
314,369,3,2
314,370,3,2
314,371,3,2
314,372,3,2
314,373,3,2
314,374,3,2
314,375,3,2
314,376,3,2
314,377,3,2
314,378,3,2
314,379,3,2
314,380,3,2
314,381,3,2
314,382,3,2
314,383,3,2
314,384,3,2
314,385,3,2
314,386,3,2
314,387,3,2
314,388,3,2
314,389,3,2
314,390,3,2
314,391,3,2
314,392,3,2
314,393,3,2
314,394,3,2
314,395,3,2
314,396,3,2
314,397,3,2
314,398,3,2
314,399,3,2
314,400,3,2
314,401,3,2
314,402,3,2
314,403,3,2
314,404,3,2
314,405,3,2
314,406,3,2
314,407,3,2
314,408,3,2
314,409,3,2
314,410,3,2
314,411,3,2
314,412,3,2
314,413,3,2
314,414,3,2
314,415,3,2
314,416,3,2
314,417,3,2
314,418,3,2
314,419,3,2
314,420,3,2
314,421,3,2
314,422,3,2
314,423,3,2
314,424,3,2
314,425,3,2
314,426,3,2
314,427,3,2
314,428,3,2
314,429,3,2
314,430,3,2
314,431,3,2
314,432,3,2
314,433,3,2
314,434,3,2
314,435,3,2
314,436,3,2
314,437,3,2
314,438,3,2
314,439,3,2
314,440,3,2
314,441,3,2
314,442,3,2
314,443,3,2
314,444,3,2
314,445,3,2
314,446,3,2
314,447,3,2
314,448,3,2
314,449,3,2
314,450,3,2
314,451,3,2
314,452,3,2
314,453,3,2
314,454,3,2
314,455,3,2
314,456,3,2
314,457,3,2
314,458,3,2
314,459,3,2
314,460,3,2
314,461,3,2
314,462,3,2
314,463,3,2
314,464,3,2
314,465,3,2
314,466,3,2
314,467,3,2
314,468,3,2
314,469,3,2
314,470,3,2
314,471,3,3
314,472,3,3
314,473,3,3
314,474,3,3
314,475,3,3
314,476,3,3
314,477,3,3
314,478,3,3
314,479,3,3
314,480,3,3
314,481,3,3
314,482,3,3
314,483,3,3
314,484,3,3
314,485,3,3
314,486,3,3
314,487,3,3
314,488,3,3
314,489,3,3
314,490,3,3
314,491,3,3
314,492,3,3
314,493,3,3
314,494,3,3
314,495,3,3
314,496,3,3
314,497,3,3
314,498,3,3
314,499,3,3
314,500,3,3
314,501,3,3
314,502,3,3
314,503,3,3
314,504,3,3
314,505,3,3
314,506,3,3
314,507,3,3
314,508,3,3
314,509,3,3
314,510,3,3
314,511,3,3
314,512,3,3
314,513,3,3
314,514,3,3
314,515,3,3
314,516,3,3
314,517,3,3
314,518,3,3
314,519,3,3
314,520,3,3
314,521,3,3
314,522,3,3
314,523,3,3
314,524,3,3
314,525,3,3
314,526,3,3
314,527,3,3
314,528,3,3
314,529,3,3
314,530,3,3
314,531,3,3
314,532,3,3
314,533,3,3
314,534,3,3
314,535,3,3
314,536,3,3
314,537,3,3
314,538,3,3
314,539,3,3
314,540,3,3
314,541,3,3
314,542,3,3
314,543,3,3
314,544,3,3
314,545,3,3
314,546,3,3
314,547,3,3
314,548,3,3
314,549,3,3
314,550,3,3
314,551,3,3
314,552,3,3
314,553,3,3
314,554,3,3
314,555,3,3
314,556,3,3
314,557,3,3
314,558,3,3
314,559,3,3
314,560,3,3
314,561,3,3
314,562,3,3
314,563,3,3
314,564,3,3
314,565,3,3
314,566,3,3
314,567,3,3
314,568,3,3
314,569,3,3
314,570,3,3
314,571,3,3
314,572,3,3
314,573,3,3
314,574,3,3
314,575,3,3
314,576,3,3
314,577,3,3
314,578,3,3
314,579,3,3
314,580,3,3
314,581,3,3
314,582,3,3
314,583,3,3
314,584,3,3
314,585,3,3
314,586,3,3
314,587,3,3
314,588,3,3
314,589,3,3
314,590,3,3
314,591,3,3
314,592,3,3
314,593,3,3
314,594,3,3
314,595,3,3
314,596,3,3
314,597,3,3
314,598,3,3
314,599,3,3
314,600,3,3
314,601,3,3
314,602,3,3
314,603,3,3
314,604,3,3
314,605,3,3
314,606,3,3
314,607,3,3
314,608,3,3
314,609,3,3
314,610,3,3
314,611,3,3
314,612,3,3
314,613,3,3
314,614,3,3
314,615,3,3
314,616,3,3
314,617,3,3
314,618,3,3
314,619,3,3
314,620,3,3
314,621,3,3
314,622,3,2
314,623,3,2
314,624,3,2
314,625,3,3
314,626,3,3
314,627,3,3
314,628,3,3
314,629,3,3
314,630,3,3
314,631,3,3
314,632,3,3
314,633,3,3
314,634,3,3
314,635,3,3
314,636,3,3
314,637,3,3
314,638,3,3
314,639,3,3
314,640,3,2
314,641,3,2
314,642,3,2
314,643,3,2
314,644,3,2
314,645,3,2
314,646,3,2
314,647,3,2
314,648,3,2
314,649,3,2
314,650,3,2
314,651,3,2
314,652,3,2
314,653,3,2
314,654,3,2
314,655,3,2
314,656,3,2
314,657,3,2
314,658,3,2
314,659,3,2
314,660,3,2
314,661,3,2
314,662,3,2
314,663,3,2
314,664,3,2
314,665,3,2
314,666,3,2
314,667,3,2
314,668,3,2
314,669,3,2
314,670,3,2
314,671,3,2
314,672,3,2
314,673,3,2
314,674,3,2
314,675,3,2
314,676,3,2
314,677,3,2
314,678,3,2
314,679,3,2
315,92,3,2
315,93,3,2
315,94,3,2
315,95,3,2
315,96,3,2
315,97,3,2
315,98,3,2
315,99,3,2
315,100,3,2
315,101,3,2
315,102,3,2
315,103,3,2
315,104,3,2
315,105,3,2
315,106,3,2
315,107,3,2
315,108,3,2
315,109,3,2
315,110,3,2
315,111,3,2
315,112,3,2
315,113,3,2
315,114,3,2
315,115,3,2
315,116,3,2
315,117,3,2
315,118,3,2
315,119,3,2
315,120,3,2
315,121,3,2
315,122,3,2
315,123,3,2
315,124,3,2
315,125,3,2
315,126,3,2
315,127,3,2
315,128,3,2
315,129,3,2
315,130,3,2
315,131,3,2
315,132,3,2
315,133,3,2
315,134,3,2
315,135,3,2
315,136,3,2
315,137,3,2
315,138,3,2
315,139,3,2
315,140,3,2
315,141,3,2
315,142,3,2
315,143,3,2
315,144,3,2
315,145,3,2
315,146,3,2
315,147,3,2
315,148,3,2
315,149,3,2
315,150,3,2
315,151,3,2
315,152,3,2
315,153,3,2
315,154,3,2
315,155,3,2
315,156,3,2
315,157,3,2
315,158,3,2
315,159,3,2
315,160,3,2
315,161,3,2
315,162,3,2
315,163,3,2
315,164,3,2
315,165,3,2
315,166,3,2
315,167,3,2
315,168,3,2
315,169,3,2
315,170,3,2
315,171,3,2
315,172,3,2
315,173,3,2
315,174,3,2
315,175,3,2
315,176,3,2
315,177,3,2
315,178,3,2
315,179,3,2
315,180,3,2
315,181,3,2
315,182,3,2
315,183,3,2
315,184,3,2
315,185,3,2
315,186,3,2
315,187,3,2
315,188,3,2
315,189,3,2
315,190,3,2
315,191,3,2
315,192,3,2
315,193,3,2
315,194,3,2
315,195,3,2
315,196,3,2
315,197,3,2
315,198,3,2
315,199,3,2
315,200,3,2
315,201,3,2
315,202,3,2
315,203,3,2
315,204,3,2
315,205,3,2
315,206,3,2
315,207,3,2
315,208,3,2
315,209,3,2
315,210,3,2
315,211,3,2
315,212,3,2
315,213,3,2
315,214,3,2
315,215,3,2
315,216,3,2
315,217,3,2
315,218,3,2
315,219,3,2
315,220,3,2
315,221,3,2
315,222,3,2
315,223,3,2
315,224,3,2
315,225,3,2
315,226,3,2
315,227,3,2
315,228,3,2
315,229,3,2
315,230,3,2
315,231,3,2
315,232,3,2
315,233,3,2
315,234,3,2
315,235,3,2
315,236,3,2
315,237,3,2
315,238,3,2
315,239,3,2
315,240,3,2
315,241,3,2
315,242,3,2
315,243,3,2
315,244,3,2
315,245,3,2
315,246,3,2
315,247,3,2
315,248,3,2
315,249,3,2
315,250,3,2
315,251,3,2
315,252,3,2
315,253,3,2
315,254,3,2
315,255,3,2
315,256,3,2
315,257,3,2
315,258,3,2
315,259,3,2
315,260,3,2
315,261,3,2
315,262,3,2
315,263,3,2
315,264,3,2
315,265,3,2
315,266,3,2
315,267,3,2
315,268,3,2
315,269,3,2
315,270,3,2
315,271,3,2
315,272,3,2
315,273,3,2
315,274,3,2
315,275,3,2
315,276,3,2
315,277,3,2
315,278,3,2
315,279,3,2
315,280,3,2
315,281,3,2
315,282,3,2
315,283,3,2
315,284,3,2
315,285,3,2
315,286,3,2
315,287,3,2
315,288,3,2
315,289,3,2
315,290,3,2
315,291,3,2
315,292,3,2
315,293,3,2
315,294,3,2
315,295,3,2
315,296,3,2
315,297,3,2
315,298,3,2
315,299,3,2
315,300,3,2
315,301,3,2
315,302,3,2
315,303,3,2
315,304,3,2
315,305,3,2
315,306,3,2
315,307,3,2
315,308,3,2
315,309,3,2
315,310,3,2
315,311,3,2
315,312,3,2
315,313,3,2
315,314,3,2
315,315,3,2
315,316,3,2
315,317,3,2
315,318,3,2
315,319,3,2
315,320,3,2
315,321,3,2
315,322,3,2
315,323,3,2
315,324,3,2
315,325,3,2
315,326,3,2
315,327,3,2
315,328,3,2
315,329,3,2
315,330,3,2
315,331,3,2
315,332,3,2
315,333,3,2
315,334,3,2
315,335,3,2
315,336,3,2
315,337,3,2
315,338,3,2
315,339,3,2
315,340,3,2
315,341,3,2
315,342,3,2
315,343,3,2
315,344,3,2
315,345,3,2
315,346,3,2
315,347,3,2
315,348,3,2
315,349,3,2
315,350,3,2
315,351,3,2
315,352,3,2
315,353,3,2
315,354,3,2
315,355,3,2
315,356,3,2
315,357,3,2
315,358,3,2
315,359,3,2
315,360,3,2
315,361,3,2
315,362,3,2
315,363,3,2
315,364,3,2
315,365,3,2
315,366,3,2
315,367,3,2
315,368,3,2
315,369,3,2
315,370,3,2
315,371,3,2
315,372,3,2
315,373,3,2
315,374,3,2
315,375,3,2
315,376,3,2
315,377,3,2
315,378,3,2
315,379,3,2
315,380,3,2
315,381,3,2
315,382,3,2
315,383,3,2
315,384,3,2
315,385,3,2
315,386,3,2
315,387,3,2
315,388,3,2
315,389,3,2
315,390,3,2
315,391,3,2
315,392,3,2
315,393,3,2
315,394,3,2
315,395,3,2
315,396,3,2
315,397,3,2
315,398,3,2
315,399,3,2
315,400,3,2
315,401,3,2
315,402,3,2
315,403,3,2
315,404,3,2
315,405,3,2
315,406,3,2
315,407,3,2
315,408,3,2
315,409,3,2
315,410,3,2
315,411,3,2
315,412,3,2
315,413,3,2
315,414,3,2
315,415,3,2
315,416,3,2
315,417,3,2
315,418,3,2
315,419,3,2
315,420,3,2
315,421,3,2
315,422,3,2
315,423,3,2
315,424,3,2
315,425,3,2
315,426,3,2
315,427,3,2
315,428,3,2
315,429,3,2
315,430,3,2
315,431,3,2
315,432,3,2
315,433,3,2
315,434,3,2
315,435,3,2
315,436,3,2
315,437,3,2
315,438,3,2
315,439,3,2
315,440,3,2
315,441,3,2
315,442,3,2
315,443,3,2
315,444,3,2
315,445,3,2
315,446,3,2
315,447,3,2
315,448,3,2
315,449,3,2
315,450,3,2
315,451,3,2
315,452,3,2
315,453,3,2
315,454,3,2
315,455,3,2
315,456,3,2
315,457,3,2
315,458,3,2
315,459,3,2
315,460,3,2
315,461,3,2
315,462,3,2
315,463,3,2
315,464,3,2
315,465,3,2
315,466,3,2
315,467,3,2
315,468,3,2
315,469,3,2
315,470,3,2
315,471,3,3
315,472,3,3
315,473,3,3
315,474,3,3
315,475,3,3
315,476,3,3
315,477,3,3
315,478,3,3
315,479,3,3
315,480,3,3
315,481,3,3
315,482,3,3
315,483,3,3
315,484,3,3
315,485,3,3
315,486,3,3
315,487,3,3
315,488,3,3
315,489,3,3
315,490,3,3
315,491,3,3
315,492,3,3
315,493,3,3
315,494,3,3
315,495,3,3
315,496,3,3
315,497,3,3
315,498,3,3
315,499,3,3
315,500,3,3
315,501,3,3
315,502,3,3
315,503,3,3
315,504,3,3
315,505,3,3
315,506,3,3
315,507,3,3
315,508,3,3
315,509,3,3
315,510,3,3
315,511,3,3
315,512,3,3
315,513,3,3
315,514,3,3
315,515,3,3
315,516,3,3
315,517,3,3
315,518,3,3
315,519,3,3
315,520,3,3
315,521,3,3
315,522,3,3
315,523,3,3
315,524,3,3
315,525,3,3
315,526,3,3
315,527,3,3
315,528,3,3
315,529,3,3
315,530,3,3
315,531,3,3
315,532,3,3
315,533,3,3
315,534,3,3
315,535,3,3
315,536,3,3
315,537,3,3
315,538,3,3
315,539,3,3
315,540,3,3
315,541,3,3
315,542,3,3
315,543,3,3
315,544,3,3
315,545,3,3
315,546,3,3
315,547,3,3
315,548,3,3
315,549,3,3
315,550,3,3
315,551,3,3
315,552,3,3
315,553,3,3
315,554,3,3
315,555,3,3
315,556,3,3
315,557,3,3
315,558,3,3
315,559,3,3
315,560,3,3
315,561,3,3
315,562,3,3
315,563,3,3
315,564,3,3
315,565,3,3
315,566,3,3
315,567,3,3
315,568,3,3
315,569,3,3
315,570,3,3
315,571,3,3
315,572,3,3
315,573,3,3
315,574,3,3
315,575,3,3
315,576,3,3
315,577,3,3
315,578,3,3
315,579,3,3
315,580,3,3
315,581,3,3
315,582,3,3
315,583,3,3
315,584,3,3
315,585,3,3
315,586,3,3
315,587,3,3
315,588,3,3
315,589,3,3
315,590,3,3
315,591,3,3
315,592,3,3
315,593,3,3
315,594,3,3
315,595,3,3
315,596,3,3
315,597,3,3
315,598,3,3
315,599,3,3
315,600,3,3
315,601,3,3
315,602,3,3
315,603,3,3
315,604,3,3
315,605,3,3
315,606,3,3
315,607,3,3
315,608,3,3
315,609,3,3
315,610,3,3
315,611,3,3
315,612,3,3
315,613,3,3
315,614,3,3
315,615,3,3
315,616,3,3
315,617,3,3
315,618,3,3
315,619,3,3
315,620,3,3
315,621,3,3
315,622,3,3
315,623,3,3
315,624,3,3
315,625,3,3
315,626,3,3
315,627,3,3
315,628,3,3
315,629,3,3
315,630,3,3
315,631,3,3
315,632,3,3
315,633,3,3
315,634,3,3
315,635,3,3
315,636,3,3
315,637,3,3
315,638,3,3
315,639,3,3
315,640,3,3
315,641,3,2
315,642,3,2
315,643,3,2
315,644,3,2
315,645,3,2
315,646,3,2
315,647,3,2
315,648,3,2
315,649,3,2
315,650,3,2
315,651,3,2
315,652,3,2
315,653,3,2
315,654,3,2
315,655,3,2
315,656,3,2
315,657,3,2
315,658,3,2
315,659,3,2
315,660,3,2
315,661,3,2
315,662,3,2
315,663,3,2
315,664,3,2
315,665,3,2
315,666,3,2
315,667,3,2
315,668,3,2
315,669,3,2
315,670,3,2
315,671,3,2
315,672,3,2
315,673,3,2
315,674,3,2
315,675,3,2
315,676,3,2
315,677,3,2
315,678,3,2
316,92,3,2
316,93,3,2
316,94,3,2
316,95,3,2
316,96,3,2
316,97,3,2
316,98,3,2
316,99,3,2
316,100,3,2
316,101,3,2
316,102,3,2
316,103,3,2
316,104,3,2
316,105,3,2
316,106,3,2
316,107,3,2
316,108,3,2
316,109,3,2
316,110,3,2
316,111,3,2
316,112,3,2
316,113,3,2
316,114,3,2
316,115,3,2
316,116,3,2
316,117,3,2
316,118,3,2
316,119,3,2
316,120,3,2
316,121,3,2
316,122,3,2
316,123,3,2
316,124,3,2
316,125,3,2
316,126,3,2
316,127,3,2
316,128,3,2
316,129,3,2
316,130,3,2
316,131,3,2
316,132,3,2
316,133,3,2
316,134,3,2
316,135,3,2
316,136,3,2
316,137,3,2
316,138,3,2
316,139,3,2
316,140,3,2
316,141,3,2
316,142,3,2
316,143,3,2
316,144,3,2
316,145,3,2
316,146,3,2
316,147,3,2
316,148,3,2
316,149,3,2
316,150,3,2
316,151,3,2
316,152,3,2
316,153,3,2
316,154,3,2
316,155,3,2
316,156,3,2
316,157,3,2
316,158,3,2
316,159,3,2
316,160,3,2
316,161,3,2
316,162,3,2
316,163,3,2
316,164,3,2
316,165,3,2
316,166,3,2
316,167,3,2
316,168,3,2
316,169,3,2
316,170,3,2
316,171,3,2
316,172,3,2
316,173,3,2
316,174,3,2
316,175,3,2
316,176,3,2
316,177,3,2
316,178,3,2
316,179,3,2
316,180,3,2
316,181,3,2
316,182,3,2
316,183,3,2
316,184,3,2
316,185,3,2
316,186,3,2
316,187,3,2
316,188,3,2
316,189,3,2
316,190,3,2
316,191,3,2
316,192,3,2
316,193,3,2
316,194,3,2
316,195,3,2
316,196,3,2
316,197,3,2
316,198,3,2
316,199,3,2
316,200,3,2
316,201,3,2
316,202,3,2
316,203,3,2
316,204,3,2
316,205,3,2
316,206,3,2
316,207,3,2
316,208,3,2
316,209,3,2
316,210,3,2
316,211,3,2
316,212,3,2
316,213,3,2
316,214,3,2
316,215,3,2
316,216,3,2
316,217,3,2
316,218,3,2
316,219,3,2
316,220,3,2
316,221,3,2
316,222,3,2
316,223,3,2
316,224,3,2
316,225,3,2
316,226,3,2
316,227,3,2
316,228,3,2
316,229,3,2
316,230,3,2
316,231,3,2
316,232,3,2
316,233,3,2
316,234,3,2
316,235,3,2
316,236,3,2
316,237,3,2
316,238,3,2
316,239,3,2
316,240,3,2
316,241,3,2
316,242,3,2
316,243,3,2
316,244,3,2
316,245,3,2
316,246,3,2
316,247,3,2
316,248,3,2
316,249,3,2
316,250,3,2
316,251,3,2
316,252,3,2
316,253,3,2
316,254,3,2
316,255,3,2
316,256,3,2
316,257,3,2
316,258,3,2
316,259,3,2
316,260,3,2
316,261,3,2
316,262,3,2
316,263,3,2
316,264,3,2
316,265,3,2
316,266,3,2
316,267,3,2
316,268,3,2
316,269,3,2
316,270,3,2
316,271,3,2
316,272,3,2
316,273,3,2
316,274,3,2
316,275,3,2
316,276,3,2
316,277,3,2
316,278,3,2
316,279,3,2
316,280,3,2
316,281,3,2
316,282,3,2
316,283,3,2
316,284,3,2
316,285,3,2
316,286,3,2
316,287,3,2
316,288,3,2
316,289,3,2
316,290,3,2
316,291,3,2
316,292,3,2
316,293,3,2
316,294,3,2
316,295,3,2
316,296,3,2
316,297,3,2
316,298,3,2
316,299,3,2
316,300,3,2
316,301,3,2
316,302,3,2
316,303,3,2
316,304,3,2
316,305,3,2
316,306,3,2
316,307,3,2
316,308,3,2
316,309,3,2
316,310,3,2
316,311,3,2
316,312,3,2
316,313,3,2
316,314,3,2
316,315,3,2
316,316,3,2
316,317,3,2
316,318,3,2
316,319,3,2
316,320,3,2
316,321,3,2
316,322,3,2
316,323,3,2
316,324,3,2
316,325,3,2
316,326,3,2
316,327,3,2
316,328,3,2
316,329,3,2
316,330,3,2
316,331,3,2
316,332,3,2
316,333,3,2
316,334,3,2
316,335,3,2
316,336,3,2
316,337,3,2
316,338,3,2
316,339,3,2
316,340,3,2
316,341,3,2
316,342,3,2
316,343,3,2
316,344,3,2
316,345,3,2
316,346,3,2
316,347,3,2
316,348,3,2
316,349,3,2
316,350,3,2
316,351,3,2
316,352,3,2
316,353,3,2
316,354,3,2
316,355,3,2
316,356,3,2
316,357,3,2
316,358,3,2
316,359,3,2
316,360,3,2
316,361,3,2
316,362,3,2
316,363,3,2
316,364,3,2
316,365,3,2
316,366,3,2
316,367,3,2
316,368,3,2
316,369,3,2
316,370,3,2
316,371,3,2
316,372,3,2
316,373,3,2
316,374,3,2
316,375,3,2
316,376,3,2
316,377,3,2
316,378,3,2
316,379,3,2
316,380,3,2
316,381,3,2
316,382,3,2
316,383,3,2
316,384,3,2
316,385,3,2
316,386,3,2
316,387,3,2
316,388,3,2
316,389,3,2
316,390,3,2
316,391,3,2
316,392,3,2
316,393,3,2
316,394,3,2
316,395,3,2
316,396,3,2
316,397,3,2
316,398,3,2
316,399,3,2
316,400,3,2
316,401,3,2
316,402,3,2
316,403,3,2
316,404,3,2
316,405,3,2
316,406,3,2
316,407,3,2
316,408,3,2
316,409,3,2
316,410,3,2
316,411,3,2
316,412,3,2
316,413,3,2
316,414,3,2
316,415,3,2
316,416,3,2
316,417,3,2
316,418,3,2
316,419,3,2
316,420,3,2
316,421,3,2
316,422,3,2
316,423,3,2
316,424,3,2
316,425,3,2
316,426,3,2
316,427,3,2
316,428,3,2
316,429,3,2
316,430,3,2
316,431,3,2
316,432,3,2
316,433,3,2
316,434,3,2
316,435,3,2
316,436,3,2
316,437,3,2
316,438,3,2
316,439,3,2
316,440,3,2
316,441,3,2
316,442,3,2
316,443,3,2
316,444,3,2
316,445,3,2
316,446,3,2
316,447,3,2
316,448,3,2
316,449,3,2
316,450,3,2
316,451,3,2
316,452,3,2
316,453,3,2
316,454,3,2
316,455,3,2
316,456,3,2
316,457,3,2
316,458,3,2
316,459,3,2
316,460,3,2
316,461,3,2
316,462,3,2
316,463,3,2
316,464,3,2
316,465,3,2
316,466,3,2
316,467,3,2
316,468,3,2
316,469,3,2
316,470,3,3
316,471,3,3
316,472,3,3
316,473,3,3
316,474,3,3
316,475,3,3
316,476,3,3
316,477,3,3
316,478,3,3
316,479,3,3
316,480,3,3
316,481,3,3
316,482,3,3
316,483,3,3
316,484,3,3
316,485,3,3
316,486,3,3
316,487,3,3
316,488,3,3
316,489,3,3
316,490,3,3
316,491,3,3
316,492,3,3
316,493,3,3
316,494,3,3
316,495,3,3
316,496,3,3
316,497,3,3
316,498,3,3
316,499,3,3
316,500,3,3
316,501,3,3
316,502,3,3
316,503,3,3
316,504,3,3
316,505,3,3
316,506,3,3
316,507,3,3
316,508,3,3
316,509,3,3
316,510,3,3
316,511,3,3
316,512,3,3
316,513,3,3
316,514,3,3
316,515,3,3
316,516,3,3
316,517,3,3
316,518,3,3
316,519,3,3
316,520,3,3
316,521,3,3
316,522,3,3
316,523,3,3
316,524,3,3
316,525,3,3
316,526,3,3
316,527,3,3
316,528,3,3
316,529,3,3
316,530,3,3
316,531,3,3
316,532,3,3
316,533,3,3
316,534,3,3
316,535,3,3
316,536,3,3
316,537,3,3
316,538,3,3
316,539,3,3
316,540,3,3
316,541,3,3
316,542,3,3
316,543,3,3
316,544,3,3
316,545,3,3
316,546,3,3
316,547,3,3
316,548,3,3
316,549,3,3
316,550,3,3
316,551,3,3
316,552,3,3
316,553,3,3
316,554,3,3
316,555,3,3
316,556,3,3
316,557,3,3
316,558,3,3
316,559,3,3
316,560,3,3
316,561,3,3
316,562,3,3
316,563,3,3
316,564,3,3
316,565,3,3
316,566,3,3
316,567,3,3
316,568,3,3
316,569,3,3
316,570,3,3
316,571,3,3
316,572,3,3
316,573,3,3
316,574,3,3
316,575,3,3
316,576,3,3
316,577,3,3
316,578,3,3
316,579,3,3
316,580,3,3
316,581,3,3
316,582,3,3
316,583,3,3
316,584,3,3
316,585,3,3
316,586,3,3
316,587,3,3
316,588,3,3
316,589,3,3
316,590,3,3
316,591,3,3
316,592,3,3
316,593,3,3
316,594,3,3
316,595,3,3
316,596,3,3
316,597,3,3
316,598,3,3
316,599,3,3
316,600,3,3
316,601,3,3
316,602,3,3
316,603,3,3
316,604,3,3
316,605,3,3
316,606,3,3
316,607,3,3
316,608,3,3
316,609,3,3
316,610,3,3
316,611,3,3
316,612,3,3
316,613,3,3
316,614,3,3
316,615,3,3
316,616,3,3
316,617,3,3
316,618,3,3
316,619,3,3
316,620,3,3
316,621,3,3
316,622,3,3
316,623,3,3
316,624,3,3
316,625,3,3
316,626,3,3
316,627,3,3
316,628,3,3
316,629,3,3
316,630,3,3
316,631,3,3
316,632,3,3
316,633,3,3
316,634,3,3
316,635,3,3
316,636,3,3
316,637,3,3
316,638,3,3
316,639,3,2
316,640,3,2
316,641,3,2
316,642,3,2
316,643,3,2
316,644,3,2
316,645,3,2
316,646,3,2
316,647,3,2
316,648,3,2
316,649,3,2
316,650,3,2
316,651,3,2
316,652,3,2
316,653,3,2
316,654,3,2
316,655,3,2
316,656,3,2
316,657,3,2
316,658,3,2
316,659,3,2
316,660,3,2
316,661,3,2
316,662,3,2
316,663,3,2
316,664,3,2
316,665,3,2
316,666,3,2
316,667,3,2
316,668,3,2
316,669,3,2
316,670,3,2
316,671,3,2
316,672,3,2
316,673,3,2
316,674,3,2
316,675,3,2
316,676,3,2
316,677,3,2
316,678,3,2
317,92,3,2
317,93,3,2
317,94,3,2
317,95,3,2
317,96,3,2
317,97,3,2
317,98,3,2
317,99,3,2
317,100,3,2
317,101,3,2
317,102,3,2
317,103,3,2
317,104,3,2
317,105,3,2
317,106,3,2
317,107,3,2
317,108,3,2
317,109,3,2
317,110,3,2
317,111,3,2
317,112,3,2
317,113,3,2
317,114,3,2
317,115,3,2
317,116,3,2
317,117,3,2
317,118,3,2
317,119,3,2
317,120,3,2
317,121,3,2
317,122,3,2
317,123,3,2
317,124,3,2
317,125,3,2
317,126,3,2
317,127,3,2
317,128,3,2
317,129,3,2
317,130,3,2
317,131,3,2
317,132,3,2
317,133,3,2
317,134,3,2
317,135,3,2
317,136,3,2
317,137,3,2
317,138,3,2
317,139,3,2
317,140,3,2
317,141,3,2
317,142,3,2
317,143,3,2
317,144,3,2
317,145,3,2
317,146,3,2
317,147,3,2
317,148,3,2
317,149,3,2
317,150,3,2
317,151,3,2
317,152,3,2
317,153,3,2
317,154,3,2
317,155,3,2
317,156,3,2
317,157,3,2
317,158,3,2
317,159,3,2
317,160,3,2
317,161,3,2
317,162,3,2
317,163,3,2
317,164,3,2
317,165,3,2
317,166,3,2
317,167,3,2
317,168,3,2
317,169,3,2
317,170,3,2
317,171,3,2
317,172,3,2
317,173,3,2
317,174,3,2
317,175,3,2
317,176,3,2
317,177,3,2
317,178,3,2
317,179,3,2
317,180,3,2
317,181,3,2
317,182,3,2
317,183,3,2
317,184,3,2
317,185,3,2
317,186,3,2
317,187,3,2
317,188,3,2
317,189,3,2
317,190,3,2
317,191,3,2
317,192,3,2
317,193,3,2
317,194,3,2
317,195,3,2
317,196,3,2
317,197,3,2
317,198,3,2
317,199,3,2
317,200,3,2
317,201,3,2
317,202,3,2
317,203,3,2
317,204,3,2
317,205,3,2
317,206,3,2
317,207,3,2
317,208,3,2
317,209,3,2
317,210,3,2
317,211,3,2
317,212,3,2
317,213,3,2
317,214,3,2
317,215,3,2
317,216,3,2
317,217,3,2
317,218,3,2
317,219,3,2
317,220,3,2
317,221,3,2
317,222,3,2
317,223,3,2
317,224,3,2
317,225,3,2
317,226,3,2
317,227,3,2
317,228,3,2
317,229,3,2
317,230,3,2
317,231,3,2
317,232,3,2
317,233,3,2
317,234,3,2
317,235,3,2
317,236,3,2
317,237,3,2
317,238,3,2
317,239,3,2
317,240,3,2
317,241,3,2
317,242,3,2
317,243,3,2
317,244,3,2
317,245,3,2
317,246,3,2
317,247,3,2
317,248,3,2
317,249,3,2
317,250,3,2
317,251,3,2
317,252,3,2
317,253,3,2
317,254,3,2
317,255,3,2
317,256,3,2
317,257,3,2
317,258,3,2
317,259,3,2
317,260,3,2
317,261,3,2
317,262,3,2
317,263,3,2
317,264,3,2
317,265,3,2
317,266,3,2
317,267,3,2
317,268,3,2
317,269,3,2
317,270,3,2
317,271,3,2
317,272,3,2
317,273,3,2
317,274,3,2
317,275,3,2
317,276,3,2
317,277,3,2
317,278,3,2
317,279,3,2
317,280,3,2
317,281,3,2
317,282,3,2
317,283,3,2
317,284,3,2
317,285,3,2
317,286,3,2
317,287,3,2
317,288,3,2
317,289,3,2
317,290,3,2
317,291,3,2
317,292,3,2
317,293,3,2
317,294,3,2
317,295,3,2
317,296,3,2
317,297,3,2
317,298,3,2
317,299,3,2
317,300,3,2
317,301,3,2
317,302,3,2
317,303,3,2
317,304,3,2
317,305,3,2
317,306,3,2
317,307,3,2
317,308,3,2
317,309,3,2
317,310,3,2
317,311,3,2
317,312,3,2
317,313,3,2
317,314,3,2
317,315,3,2
317,316,3,2
317,317,3,2
317,318,3,2
317,319,3,2
317,320,3,2
317,321,3,2
317,322,3,2
317,323,3,2
317,324,3,2
317,325,3,2
317,326,3,2
317,327,3,2
317,328,3,2
317,329,3,2
317,330,3,2
317,331,3,2
317,332,3,2
317,333,3,2
317,334,3,2
317,335,3,2
317,336,3,2
317,337,3,2
317,338,3,2
317,339,3,2
317,340,3,2
317,341,3,2
317,342,3,2
317,343,3,2
317,344,3,2
317,345,3,2
317,346,3,2
317,347,3,2
317,348,3,2
317,349,3,2
317,350,3,2
317,351,3,2
317,352,3,2
317,353,3,2
317,354,3,2
317,355,3,2
317,356,3,2
317,357,3,2
317,358,3,2
317,359,3,2
317,360,3,2
317,361,3,2
317,362,3,2
317,363,3,2
317,364,3,2
317,365,3,2
317,366,3,2
317,367,3,2
317,368,3,2
317,369,3,2
317,370,3,2
317,371,3,2
317,372,3,2
317,373,3,2
317,374,3,2
317,375,3,2
317,376,3,2
317,377,3,2
317,378,3,2
317,379,3,2
317,380,3,2
317,381,3,2
317,382,3,2
317,383,3,2
317,384,3,2
317,385,3,2
317,386,3,2
317,387,3,2
317,388,3,2
317,389,3,2
317,390,3,2
317,391,3,2
317,392,3,2
317,393,3,2
317,394,3,2
317,395,3,2
317,396,3,2
317,397,3,2
317,398,3,2
317,399,3,2
317,400,3,2
317,401,3,2
317,402,3,2
317,403,3,2
317,404,3,2
317,405,3,2
317,406,3,2
317,407,3,2
317,408,3,2
317,409,3,2
317,410,3,2
317,411,3,2
317,412,3,2
317,413,3,2
317,414,3,2
317,415,3,2
317,416,3,2
317,417,3,2
317,418,3,2
317,419,3,2
317,420,3,2
317,421,3,2
317,422,3,2
317,423,3,2
317,424,3,2
317,425,3,2
317,426,3,2
317,427,3,2
317,428,3,2
317,429,3,2
317,430,3,2
317,431,3,2
317,432,3,2
317,433,3,2
317,434,3,2
317,435,3,2
317,436,3,2
317,437,3,2
317,438,3,2
317,439,3,2
317,440,3,2
317,441,3,2
317,442,3,2
317,443,3,2
317,444,3,2
317,445,3,2
317,446,3,2
317,447,3,2
317,448,3,2
317,449,3,2
317,450,3,2
317,451,3,2
317,452,3,2
317,453,3,2
317,454,3,2
317,455,3,2
317,456,3,2
317,457,3,2
317,458,3,2
317,459,3,2
317,460,3,2
317,461,3,2
317,462,3,2
317,463,3,2
317,464,3,2
317,465,3,2
317,466,3,2
317,467,3,2
317,468,3,2
317,469,3,2
317,470,3,3
317,471,3,3
317,472,3,3
317,473,3,3
317,474,3,3
317,475,3,3
317,476,3,3
317,477,3,3
317,478,3,3
317,479,3,3
317,480,3,3
317,481,3,3
317,482,3,3
317,483,3,3
317,484,3,3
317,485,3,3
317,486,3,3
317,487,3,3
317,488,3,3
317,489,3,3
317,490,3,3
317,491,3,3
317,492,3,3
317,493,3,3
317,494,3,3
317,495,3,3
317,496,3,3
317,497,3,3
317,498,3,3
317,499,3,3
317,500,3,3
317,501,3,3
317,502,3,3
317,503,3,3
317,504,3,3
317,505,3,3
317,506,3,3
317,507,3,3
317,508,3,3
317,509,3,3
317,510,3,3
317,511,3,3
317,512,3,3
317,513,3,3
317,514,3,3
317,515,3,3
317,516,3,3
317,517,3,3
317,518,3,3
317,519,3,3
317,520,3,3
317,521,3,3
317,522,3,3
317,523,3,3
317,524,3,3
317,525,3,3
317,526,3,3
317,527,3,3
317,528,3,3
317,529,3,3
317,530,3,3
317,531,3,3
317,532,3,3
317,533,3,3
317,534,3,3
317,535,3,3
317,536,3,3
317,537,3,3
317,538,3,3
317,539,3,3
317,540,3,3
317,541,3,3
317,542,3,3
317,543,3,3
317,544,3,3
317,545,3,3
317,546,3,3
317,547,3,3
317,548,3,3
317,549,3,3
317,550,3,3
317,551,3,3
317,552,3,3
317,553,3,3
317,554,3,3
317,555,3,3
317,556,3,3
317,557,3,3
317,558,3,3
317,559,3,3
317,560,3,3
317,561,3,3
317,562,3,3
317,563,3,3
317,564,3,3
317,565,3,3
317,566,3,3
317,567,3,3
317,568,3,3
317,569,3,3
317,570,3,3
317,571,3,3
317,572,3,3
317,573,3,3
317,574,3,3
317,575,3,3
317,576,3,3
317,577,3,3
317,578,3,3
317,579,3,3
317,580,3,3
317,581,3,3
317,582,3,3
317,583,3,3
317,584,3,3
317,585,3,3
317,586,3,3
317,587,3,3
317,588,3,3
317,589,3,3
317,590,3,3
317,591,3,3
317,592,3,3
317,593,3,3
317,594,3,3
317,595,3,3
317,596,3,3
317,597,3,3
317,598,3,3
317,599,3,3
317,600,3,3
317,601,3,3
317,602,3,3
317,603,3,3
317,604,3,3
317,605,3,3
317,606,3,3
317,607,3,3
317,608,3,3
317,609,3,3
317,610,3,3
317,611,3,3
317,612,3,3
317,613,3,3
317,614,3,3
317,615,3,3
317,616,3,3
317,617,3,3
317,618,3,3
317,619,3,3
317,620,3,3
317,621,3,3
317,622,3,3
317,623,3,3
317,624,3,3
317,625,3,3
317,626,3,3
317,627,3,3
317,628,3,3
317,629,3,3
317,630,3,3
317,631,3,3
317,632,3,3
317,633,3,3
317,634,3,3
317,635,3,3
317,636,3,3
317,637,3,3
317,638,3,3
317,639,3,2
317,640,3,2
317,641,3,2
317,642,3,2
317,643,3,2
317,644,3,2
317,645,3,2
317,646,3,2
317,647,3,2
317,648,3,2
317,649,3,2
317,650,3,2
317,651,3,2
317,652,3,2
317,653,3,2
317,654,3,2
317,655,3,2
317,656,3,2
317,657,3,2
317,658,3,2
317,659,3,2
317,660,3,2
317,661,3,2
317,662,3,2
317,663,3,2
317,664,3,2
317,665,3,2
317,666,3,2
317,667,3,2
317,668,3,2
317,669,3,2
317,670,3,2
317,671,3,2
317,672,3,2
317,673,3,2
317,674,3,2
317,675,3,2
317,676,3,2
317,677,3,2
317,678,3,2
318,92,3,2
318,93,3,2
318,94,3,2
318,95,3,2
318,96,3,2
318,97,3,2
318,98,3,2
318,99,3,2
318,100,3,2
318,101,3,2
318,102,3,2
318,103,3,2
318,104,3,2
318,105,3,2
318,106,3,2
318,107,3,2
318,108,3,2
318,109,3,2
318,110,3,2
318,111,3,2
318,112,3,2
318,113,3,2
318,114,3,2
318,115,3,2
318,116,3,2
318,117,3,2
318,118,3,2
318,119,3,2
318,120,3,2
318,121,3,2
318,122,3,2
318,123,3,2
318,124,3,2
318,125,3,2
318,126,3,2
318,127,3,2
318,128,3,2
318,129,3,2
318,130,3,2
318,131,3,2
318,132,3,2
318,133,3,2
318,134,3,2
318,135,3,2
318,136,3,2
318,137,3,2
318,138,3,2
318,139,3,2
318,140,3,2
318,141,3,2
318,142,3,2
318,143,3,2
318,144,3,2
318,145,3,2
318,146,3,2
318,147,3,2
318,148,3,2
318,149,3,2
318,150,3,2
318,151,3,2
318,152,3,2
318,153,3,2
318,154,3,2
318,155,3,2
318,156,3,2
318,157,3,2
318,158,3,2
318,159,3,2
318,160,3,2
318,161,3,2
318,162,3,2
318,163,3,2
318,164,3,2
318,165,3,2
318,166,3,2
318,167,3,2
318,168,3,2
318,169,3,2
318,170,3,2
318,171,3,2
318,172,3,2
318,173,3,2
318,174,3,2
318,175,3,2
318,176,3,2
318,177,3,2
318,178,3,2
318,179,3,2
318,180,3,2
318,181,3,2
318,182,3,2
318,183,3,2
318,184,3,2
318,185,3,2
318,186,3,2
318,187,3,2
318,188,3,2
318,189,3,2
318,190,3,2
318,191,3,2
318,192,3,2
318,193,3,2
318,194,3,2
318,195,3,2
318,196,3,2
318,197,3,2
318,198,3,2
318,199,3,2
318,200,3,2
318,201,3,2
318,202,3,2
318,203,3,2
318,204,3,2
318,205,3,2
318,206,3,2
318,207,3,2
318,208,3,2
318,209,3,2
318,210,3,2
318,211,3,2
318,212,3,2
318,213,3,2
318,214,3,2
318,215,3,2
318,216,3,2
318,217,3,2
318,218,3,2
318,219,3,2
318,220,3,2
318,221,3,2
318,222,3,2
318,223,3,2
318,224,3,2
318,225,3,2
318,226,3,2
318,227,3,2
318,228,3,2
318,229,3,2
318,230,3,2
318,231,3,2
318,232,3,2
318,233,3,2
318,234,3,2
318,235,3,2
318,236,3,2
318,237,3,2
318,238,3,2
318,239,3,2
318,240,3,2
318,241,3,2
318,242,3,2
318,243,3,2
318,244,3,2
318,245,3,2
318,246,3,2
318,247,3,2
318,248,3,2
318,249,3,2
318,250,3,2
318,251,3,2
318,252,3,2
318,253,3,2
318,254,3,2
318,255,3,2
318,256,3,2
318,257,3,2
318,258,3,2
318,259,3,2
318,260,3,2
318,261,3,2
318,262,3,2
318,263,3,2
318,264,3,2
318,265,3,2
318,266,3,2
318,267,3,2
318,268,3,2
318,269,3,2
318,270,3,2
318,271,3,2
318,272,3,2
318,273,3,2
318,274,3,2
318,275,3,2
318,276,3,2
318,277,3,2
318,278,3,2
318,279,3,2
318,280,3,2
318,281,3,2
318,282,3,2
318,283,3,2
318,284,3,2
318,285,3,2
318,286,3,2
318,287,3,2
318,288,3,2
318,289,3,2
318,290,3,2
318,291,3,2
318,292,3,2
318,293,3,2
318,294,3,2
318,295,3,2
318,296,3,2
318,297,3,2
318,298,3,2
318,299,3,2
318,300,3,2
318,301,3,2
318,302,3,2
318,303,3,2
318,304,3,2
318,305,3,2
318,306,3,2
318,307,3,2
318,308,3,2
318,309,3,2
318,310,3,2
318,311,3,2
318,312,3,2
318,313,3,2
318,314,3,2
318,315,3,2
318,316,3,2
318,317,3,2
318,318,3,2
318,319,3,2
318,320,3,2
318,321,3,2
318,322,3,2
318,323,3,2
318,324,3,2
318,325,3,2
318,326,3,2
318,327,3,2
318,328,3,2
318,329,3,2
318,330,3,2
318,331,3,2
318,332,3,2
318,333,3,2
318,334,3,2
318,335,3,2
318,336,3,2
318,337,3,2
318,338,3,2
318,339,3,2
318,340,3,2
318,341,3,2
318,342,3,2
318,343,3,2
318,344,3,2
318,345,3,2
318,346,3,2
318,347,3,2
318,348,3,2
318,349,3,2
318,350,3,2
318,351,3,2
318,352,3,2
318,353,3,2
318,354,3,2
318,355,3,2
318,356,3,2
318,357,3,2
318,358,3,2
318,359,3,2
318,360,3,2
318,361,3,2
318,362,3,2
318,363,3,2
318,364,3,2
318,365,3,2
318,366,3,2
318,367,3,2
318,368,3,2
318,369,3,2
318,370,3,2
318,371,3,2
318,372,3,2
318,373,3,2
318,374,3,2
318,375,3,2
318,376,3,2
318,377,3,2
318,378,3,2
318,379,3,2
318,380,3,2
318,381,3,2
318,382,3,2
318,383,3,2
318,384,3,2
318,385,3,2
318,386,3,2
318,387,3,2
318,388,3,2
318,389,3,2
318,390,3,2
318,391,3,2
318,392,3,2
318,393,3,2
318,394,3,2
318,395,3,2
318,396,3,2
318,397,3,2
318,398,3,2
318,399,3,2
318,400,3,2
318,401,3,2
318,402,3,2
318,403,3,2
318,404,3,2
318,405,3,2
318,406,3,2
318,407,3,2
318,408,3,2
318,409,3,2
318,410,3,2
318,411,3,2
318,412,3,2
318,413,3,2
318,414,3,2
318,415,3,2
318,416,3,2
318,417,3,2
318,418,3,2
318,419,3,2
318,420,3,2
318,421,3,2
318,422,3,2
318,423,3,2
318,424,3,2
318,425,3,2
318,426,3,2
318,427,3,2
318,428,3,2
318,429,3,2
318,430,3,2
318,431,3,2
318,432,3,2
318,433,3,2
318,434,3,2
318,435,3,2
318,436,3,2
318,437,3,2
318,438,3,2
318,439,3,2
318,440,3,2
318,441,3,2
318,442,3,2
318,443,3,2
318,444,3,2
318,445,3,2
318,446,3,2
318,447,3,2
318,448,3,2
318,449,3,2
318,450,3,2
318,451,3,2
318,452,3,2
318,453,3,2
318,454,3,2
318,455,3,2
318,456,3,2
318,457,3,2
318,458,3,2
318,459,3,2
318,460,3,2
318,461,3,2
318,462,3,2
318,463,3,2
318,464,3,2
318,465,3,2
318,466,3,2
318,467,3,2
318,468,3,2
318,469,3,2
318,470,3,3
318,471,3,3
318,472,3,3
318,473,3,3
318,474,3,3
318,475,3,3
318,476,3,3
318,477,3,3
318,478,3,3
318,479,3,3
318,480,3,3
318,481,3,3
318,482,3,3
318,483,3,3
318,484,3,3
318,485,3,3
318,486,3,3
318,487,3,3
318,488,3,3
318,489,3,3
318,490,3,3
318,491,3,3
318,492,3,3
318,493,3,3
318,494,3,3
318,495,3,3
318,496,3,3
318,497,3,3
318,498,3,3
318,499,3,3
318,500,3,3
318,501,3,3
318,502,3,3
318,503,3,3
318,504,3,3
318,505,3,3
318,506,3,3
318,507,3,3
318,508,3,3
318,509,3,3
318,510,3,3
318,511,3,3
318,512,3,3
318,513,3,3
318,514,3,3
318,515,3,3
318,516,3,3
318,517,3,3
318,518,3,3
318,519,3,3
318,520,3,3
318,521,3,3
318,522,3,3
318,523,3,3
318,524,3,3
318,525,3,3
318,526,3,3
318,527,3,3
318,528,3,3
318,529,3,3
318,530,3,3
318,531,3,3
318,532,3,3
318,533,3,3
318,534,3,3
318,535,3,3
318,536,3,3
318,537,3,3
318,538,3,3
318,539,3,3
318,540,3,3
318,541,3,3
318,542,3,3
318,543,3,3
318,544,3,3
318,545,3,3
318,546,3,3
318,547,3,3
318,548,3,3
318,549,3,3
318,550,3,3
318,551,3,3
318,552,3,3
318,553,3,3
318,554,3,3
318,555,3,3
318,556,3,3
318,557,3,3
318,558,3,3
318,559,3,3
318,560,3,3
318,561,3,3
318,562,3,3
318,563,3,3
318,564,3,3
318,565,3,3
318,566,3,3
318,567,3,3
318,568,3,3
318,569,3,3
318,570,3,3
318,571,3,3
318,572,3,3
318,573,3,3
318,574,3,3
318,575,3,3
318,576,3,3
318,577,3,3
318,578,3,3
318,579,3,3
318,580,3,3
318,581,3,3
318,582,3,3
318,583,3,3
318,584,3,3
318,585,3,3
318,586,3,3
318,587,3,3
318,588,3,3
318,589,3,3
318,590,3,3
318,591,3,3
318,592,3,3
318,593,3,3
318,594,3,3
318,595,3,3
318,596,3,3
318,597,3,3
318,598,3,3
318,599,3,3
318,600,3,3
318,601,3,3
318,602,3,3
318,603,3,3
318,604,3,3
318,605,3,3
318,606,3,3
318,607,3,3
318,608,3,3
318,609,3,3
318,610,3,3
318,611,3,3
318,612,3,3
318,613,3,3
318,614,3,3
318,615,3,3
318,616,3,3
318,617,3,3
318,618,3,3
318,619,3,3
318,620,3,3
318,621,3,3
318,622,3,3
318,623,3,3
318,624,3,3
318,625,3,3
318,626,3,3
318,627,3,3
318,628,3,3
318,629,3,3
318,630,3,3
318,631,3,3
318,632,3,3
318,633,3,3
318,634,3,3
318,635,3,3
318,636,3,3
318,637,3,3
318,638,3,2
318,639,3,2
318,640,3,2
318,641,3,2
318,642,3,2
318,643,3,2
318,644,3,2
318,645,3,2
318,646,3,2
318,647,3,2
318,648,3,2
318,649,3,2
318,650,3,2
318,651,3,2
318,652,3,2
318,653,3,2
318,654,3,2
318,655,3,2
318,656,3,2
318,657,3,2
318,658,3,2
318,659,3,2
318,660,3,2
318,661,3,2
318,662,3,2
318,663,3,2
318,664,3,2
318,665,3,2
318,666,3,2
318,667,3,2
318,668,3,2
318,669,3,2
318,670,3,2
318,671,3,2
318,672,3,2
318,673,3,2
318,674,3,2
318,675,3,2
318,676,3,2
318,677,3,2
318,678,3,2
319,92,3,2
319,93,3,2
319,94,3,2
319,95,3,2
319,96,3,2
319,97,3,2
319,98,3,2
319,99,3,2
319,100,3,2
319,101,3,2
319,102,3,2
319,103,3,2
319,104,3,2
319,105,3,2
319,106,3,2
319,107,3,2
319,108,3,2
319,109,3,2
319,110,3,2
319,111,3,2
319,112,3,2
319,113,3,2
319,114,3,2
319,115,3,2
319,116,3,2
319,117,3,2
319,118,3,2
319,119,3,2
319,120,3,2
319,121,3,2
319,122,3,2
319,123,3,2
319,124,3,2
319,125,3,2
319,126,3,2
319,127,3,2
319,128,3,2
319,129,3,2
319,130,3,2
319,131,3,2
319,132,3,2
319,133,3,2
319,134,3,2
319,135,3,2
319,136,3,2
319,137,3,2
319,138,3,2
319,139,3,2
319,140,3,2
319,141,3,2
319,142,3,2
319,143,3,2
319,144,3,2
319,145,3,2
319,146,3,2
319,147,3,2
319,148,3,2
319,149,3,2
319,150,3,2
319,151,3,2
319,152,3,2
319,153,3,2
319,154,3,2
319,155,3,2
319,156,3,2
319,157,3,2
319,158,3,2
319,159,3,2
319,160,3,2
319,161,3,2
319,162,3,2
319,163,3,2
319,164,3,2
319,165,3,2
319,166,3,2
319,167,3,2
319,168,3,2
319,169,3,2
319,170,3,2
319,171,3,2
319,172,3,2
319,173,3,2
319,174,3,2
319,175,3,2
319,176,3,2
319,177,3,2
319,178,3,2
319,179,3,2
319,180,3,2
319,181,3,2
319,182,3,2
319,183,3,2
319,184,3,2
319,185,3,2
319,186,3,2
319,187,3,2
319,188,3,2
319,189,3,2
319,190,3,2
319,191,3,2
319,192,3,2
319,193,3,2
319,194,3,2
319,195,3,2
319,196,3,2
319,197,3,2
319,198,3,2
319,199,3,2
319,200,3,2
319,201,3,2
319,202,3,2
319,203,3,2
319,204,3,2
319,205,3,2
319,206,3,2
319,207,3,2
319,208,3,2
319,209,3,2
319,210,3,2
319,211,3,2
319,212,3,2
319,213,3,2
319,214,3,2
319,215,3,2
319,216,3,2
319,217,3,2
319,218,3,2
319,219,3,2
319,220,3,2
319,221,3,2
319,222,3,2
319,223,3,2
319,224,3,2
319,225,3,2
319,226,3,2
319,227,3,2
319,228,3,2
319,229,3,2
319,230,3,2
319,231,3,2
319,232,3,2
319,233,3,2
319,234,3,2
319,235,3,2
319,236,3,2
319,237,3,2
319,238,3,2
319,239,3,2
319,240,3,2
319,241,3,2
319,242,3,2
319,243,3,2
319,244,3,2
319,245,3,2
319,246,3,2
319,247,3,2
319,248,3,2
319,249,3,2
319,250,3,2
319,251,3,2
319,252,3,2
319,253,3,2
319,254,3,2
319,255,3,2
319,256,3,2
319,257,3,2
319,258,3,2
319,259,3,2
319,260,3,2
319,261,3,2
319,262,3,2
319,263,3,2
319,264,3,2
319,265,3,2
319,266,3,2
319,267,3,2
319,268,3,2
319,269,3,2
319,270,3,2
319,271,3,2
319,272,3,2
319,273,3,2
319,274,3,2
319,275,3,2
319,276,3,2
319,277,3,2
319,278,3,2
319,279,3,2
319,280,3,2
319,281,3,2
319,282,3,2
319,283,3,2
319,284,3,2
319,285,3,2
319,286,3,2
319,287,3,2
319,288,3,2
319,289,3,2
319,290,3,2
319,291,3,2
319,292,3,2
319,293,3,2
319,294,3,2
319,295,3,2
319,296,3,2
319,297,3,2
319,298,3,2
319,299,3,2
319,300,3,2
319,301,3,2
319,302,3,2
319,303,3,2
319,304,3,2
319,305,3,2
319,306,3,2
319,307,3,2
319,308,3,2
319,309,3,2
319,310,3,2
319,311,3,2
319,312,3,2
319,313,3,2
319,314,3,2
319,315,3,2
319,316,3,2
319,317,3,2
319,318,3,2
319,319,3,2
319,320,3,2
319,321,3,2
319,322,3,2
319,323,3,2
319,324,3,2
319,325,3,2
319,326,3,2
319,327,3,2
319,328,3,2
319,329,3,2
319,330,3,2
319,331,3,2
319,332,3,2
319,333,3,2
319,334,3,2
319,335,3,2
319,336,3,2
319,337,3,2
319,338,3,2
319,339,3,2
319,340,3,2
319,341,3,2
319,342,3,2
319,343,3,2
319,344,3,2
319,345,3,2
319,346,3,2
319,347,3,2
319,348,3,2
319,349,3,2
319,350,3,2
319,351,3,2
319,352,3,2
319,353,3,2
319,354,3,2
319,355,3,2
319,356,3,2
319,357,3,2
319,358,3,2
319,359,3,2
319,360,3,2
319,361,3,2
319,362,3,2
319,363,3,2
319,364,3,2
319,365,3,2
319,366,3,2
319,367,3,2
319,368,3,2
319,369,3,2
319,370,3,2
319,371,3,2
319,372,3,2
319,373,3,2
319,374,3,2
319,375,3,2
319,376,3,2
319,377,3,2
319,378,3,2
319,379,3,2
319,380,3,2
319,381,3,2
319,382,3,2
319,383,3,2
319,384,3,2
319,385,3,2
319,386,3,2
319,387,3,2
319,388,3,2
319,389,3,2
319,390,3,2
319,391,3,2
319,392,3,2
319,393,3,2
319,394,3,2
319,395,3,2
319,396,3,2
319,397,3,2
319,398,3,2
319,399,3,2
319,400,3,2
319,401,3,2
319,402,3,2
319,403,3,2
319,404,3,2
319,405,3,2
319,406,3,2
319,407,3,2
319,408,3,2
319,409,3,2
319,410,3,2
319,411,3,2
319,412,3,2
319,413,3,2
319,414,3,2
319,415,3,2
319,416,3,2
319,417,3,2
319,418,3,2
319,419,3,2
319,420,3,2
319,421,3,2
319,422,3,2
319,423,3,2
319,424,3,2
319,425,3,2
319,426,3,2
319,427,3,2
319,428,3,2
319,429,3,2
319,430,3,2
319,431,3,2
319,432,3,2
319,433,3,2
319,434,3,2
319,435,3,2
319,436,3,2
319,437,3,2
319,438,3,2
319,439,3,2
319,440,3,2
319,441,3,2
319,442,3,2
319,443,3,2
319,444,3,2
319,445,3,2
319,446,3,2
319,447,3,2
319,448,3,2
319,449,3,2
319,450,3,2
319,451,3,2
319,452,3,2
319,453,3,2
319,454,3,2
319,455,3,2
319,456,3,2
319,457,3,2
319,458,3,2
319,459,3,2
319,460,3,2
319,461,3,2
319,462,3,2
319,463,3,2
319,464,3,2
319,465,3,2
319,466,3,2
319,467,3,2
319,468,3,2
319,469,3,3
319,470,3,3
319,471,3,3
319,472,3,3
319,473,3,3
319,474,3,3
319,475,3,3
319,476,3,3
319,477,3,3
319,478,3,3
319,479,3,3
319,480,3,3
319,481,3,3
319,482,3,3
319,483,3,3
319,484,3,3
319,485,3,3
319,486,3,3
319,487,3,3
319,488,3,3
319,489,3,3
319,490,3,3
319,491,3,3
319,492,3,3
319,493,3,3
319,494,3,3
319,495,3,3
319,496,3,3
319,497,3,3
319,498,3,3
319,499,3,3
319,500,3,3
319,501,3,3
319,502,3,3
319,503,3,3
319,504,3,3
319,505,3,3
319,506,3,3
319,507,3,3
319,508,3,3
319,509,3,3
319,510,3,3
319,511,3,3
319,512,3,3
319,513,3,3
319,514,3,3
319,515,3,3
319,516,3,3
319,517,3,3
319,518,3,3
319,519,3,3
319,520,3,3
319,521,3,3
319,522,3,3
319,523,3,3
319,524,3,3
319,525,3,3
319,526,3,3
319,527,3,3
319,528,3,3
319,529,3,3
319,530,3,3
319,531,3,3
319,532,3,3
319,533,3,3
319,534,3,3
319,535,3,3
319,536,3,3
319,537,3,3
319,538,3,3
319,539,3,3
319,540,3,3
319,541,3,3
319,542,3,3
319,543,3,3
319,544,3,3
319,545,3,3
319,546,3,3
319,547,3,3
319,548,3,3
319,549,3,3
319,550,3,3
319,551,3,3
319,552,3,3
319,553,3,3
319,554,3,3
319,555,3,3
319,556,3,3
319,557,3,3
319,558,3,3
319,559,3,3
319,560,3,3
319,561,3,3
319,562,3,3
319,563,3,3
319,564,3,3
319,565,3,3
319,566,3,3
319,567,3,3
319,568,3,3
319,569,3,3
319,570,3,3
319,571,3,3
319,572,3,3
319,573,3,3
319,574,3,3
319,575,3,3
319,576,3,3
319,577,3,3
319,578,3,3
319,579,3,3
319,580,3,3
319,581,3,3
319,582,3,3
319,583,3,3
319,584,3,3
319,585,3,3
319,586,3,3
319,587,3,3
319,588,3,3
319,589,3,3
319,590,3,3
319,591,3,3
319,592,3,3
319,593,3,3
319,594,3,3
319,595,3,3
319,596,3,3
319,597,3,3
319,598,3,3
319,599,3,3
319,600,3,3
319,601,3,3
319,602,3,3
319,603,3,3
319,604,3,3
319,605,3,3
319,606,3,3
319,607,3,3
319,608,3,3
319,609,3,3
319,610,3,3
319,611,3,3
319,612,3,3
319,613,3,3
319,614,3,3
319,615,3,3
319,616,3,3
319,617,3,3
319,618,3,3
319,619,3,3
319,620,3,3
319,621,3,3
319,622,3,3
319,623,3,3
319,624,3,3
319,625,3,3
319,626,3,3
319,627,3,3
319,628,3,3
319,629,3,3
319,630,3,3
319,631,3,3
319,632,3,3
319,633,3,3
319,634,3,3
319,635,3,3
319,636,3,3
319,637,3,3
319,638,3,2
319,639,3,2
319,640,3,2
319,641,3,2
319,642,3,2
319,643,3,2
319,644,3,2
319,645,3,2
319,646,3,2
319,647,3,2
319,648,3,2
319,649,3,2
319,650,3,2
319,651,3,2
319,652,3,2
319,653,3,2
319,654,3,2
319,655,3,2
319,656,3,2
319,657,3,2
319,658,3,2
319,659,3,2
319,660,3,2
319,661,3,2
319,662,3,2
319,663,3,2
319,664,3,2
319,665,3,2
319,666,3,2
319,667,3,2
319,668,3,2
319,669,3,2
319,670,3,2
319,671,3,2
319,672,3,2
319,673,3,2
319,674,3,2
319,675,3,2
319,676,3,2
319,677,3,2
319,678,3,2
320,91,3,2
320,92,3,2
320,93,3,2
320,94,3,2
320,95,3,2
320,96,3,2
320,97,3,2
320,98,3,2
320,99,3,2
320,100,3,2
320,101,3,2
320,102,3,2
320,103,3,2
320,104,3,2
320,105,3,2
320,106,3,2
320,107,3,2
320,108,3,2
320,109,3,2
320,110,3,2
320,111,3,2
320,112,3,2
320,113,3,2
320,114,3,2
320,115,3,2
320,116,3,2
320,117,3,2
320,118,3,2
320,119,3,2
320,120,3,2
320,121,3,2
320,122,3,2
320,123,3,2
320,124,3,2
320,125,3,2
320,126,3,2
320,127,3,2
320,128,3,2
320,129,3,2
320,130,3,2
320,131,3,2
320,132,3,2
320,133,3,2
320,134,3,2
320,135,3,2
320,136,3,2
320,137,3,2
320,138,3,2
320,139,3,2
320,140,3,2
320,141,3,2
320,142,3,2
320,143,3,2
320,144,3,2
320,145,3,2
320,146,3,2
320,147,3,2
320,148,3,2
320,149,3,2
320,150,3,2
320,151,3,2
320,152,3,2
320,153,3,2
320,154,3,2
320,155,3,2
320,156,3,2
320,157,3,2
320,158,3,2
320,159,3,2
320,160,3,2
320,161,3,2
320,162,3,2
320,163,3,2
320,164,3,2
320,165,3,2
320,166,3,2
320,167,3,2
320,168,3,2
320,169,3,2
320,170,3,2
320,171,3,2
320,172,3,2
320,173,3,2
320,174,3,2
320,175,3,2
320,176,3,2
320,177,3,2
320,178,3,2
320,179,3,2
320,180,3,2
320,181,3,2
320,182,3,2
320,183,3,2
320,184,3,2
320,185,3,2
320,186,3,2
320,187,3,2
320,188,3,2
320,189,3,2
320,190,3,2
320,191,3,2
320,192,3,2
320,193,3,2
320,194,3,2
320,195,3,2
320,196,3,2
320,197,3,2
320,198,3,2
320,199,3,2
320,200,3,2
320,201,3,2
320,202,3,2
320,203,3,2
320,204,3,2
320,205,3,2
320,206,3,2
320,207,3,2
320,208,3,2
320,209,3,2
320,210,3,2
320,211,3,2
320,212,3,2
320,213,3,2
320,214,3,2
320,215,3,2
320,216,3,2
320,217,3,2
320,218,3,2
320,219,3,2
320,220,3,2
320,221,3,2
320,222,3,2
320,223,3,2
320,224,3,2
320,225,3,2
320,226,3,2
320,227,3,2
320,228,3,2
320,229,3,2
320,230,3,2
320,231,3,2
320,232,3,2
320,233,3,2
320,234,3,2
320,235,3,2
320,236,3,2
320,237,3,2
320,238,3,2
320,239,3,2
320,240,3,2
320,241,3,2
320,242,3,2
320,243,3,2
320,244,3,2
320,245,3,2
320,246,3,2
320,247,3,2
320,248,3,2
320,249,3,2
320,250,3,2
320,251,3,2
320,252,3,2
320,253,3,2
320,254,3,2
320,255,3,2
320,256,3,2
320,257,3,2
320,258,3,2
320,259,3,2
320,260,3,2
320,261,3,2
320,262,3,2
320,263,3,2
320,264,3,2
320,265,3,2
320,266,3,2
320,267,3,2
320,268,3,2
320,269,3,2
320,270,3,2
320,271,3,2
320,272,3,2
320,273,3,2
320,274,3,2
320,275,3,2
320,276,3,2
320,277,3,2
320,278,3,2
320,279,3,2
320,280,3,2
320,281,3,2
320,282,3,2
320,283,3,2
320,284,3,2
320,285,3,2
320,286,3,2
320,287,3,2
320,288,3,2
320,289,3,2
320,290,3,2
320,291,3,2
320,292,3,2
320,293,3,2
320,294,3,2
320,295,3,2
320,296,3,2
320,297,3,2
320,298,3,2
320,299,3,2
320,300,3,2
320,301,3,2
320,302,3,2
320,303,3,2
320,304,3,2
320,305,3,2
320,306,3,2
320,307,3,2
320,308,3,2
320,309,3,2
320,310,3,2
320,311,3,2
320,312,3,2
320,313,3,2
320,314,3,2
320,315,3,2
320,316,3,2
320,317,3,2
320,318,3,2
320,319,3,2
320,320,3,2
320,321,3,2
320,322,3,2
320,323,3,2
320,324,3,2
320,325,3,2
320,326,3,2
320,327,3,2
320,328,3,2
320,329,3,2
320,330,3,2
320,331,3,2
320,332,3,2
320,333,3,2
320,334,3,2
320,335,3,2
320,336,3,2
320,337,3,2
320,338,3,2
320,339,3,2
320,340,3,2
320,341,3,2
320,342,3,2
320,343,3,2
320,344,3,2
320,345,3,2
320,346,3,2
320,347,3,2
320,348,3,2
320,349,3,2
320,350,3,2
320,351,3,2
320,352,3,2
320,353,3,2
320,354,3,2
320,355,3,2
320,356,3,2
320,357,3,2
320,358,3,2
320,359,3,2
320,360,3,2
320,361,3,2
320,362,3,2
320,363,3,2
320,364,3,2
320,365,3,2
320,366,3,2
320,367,3,2
320,368,3,2
320,369,3,2
320,370,3,2
320,371,3,2
320,372,3,2
320,373,3,2
320,374,3,2
320,375,3,2
320,376,3,2
320,377,3,2
320,378,3,2
320,379,3,2
320,380,3,2
320,381,3,2
320,382,3,2
320,383,3,2
320,384,3,2
320,385,3,2
320,386,3,2
320,387,3,2
320,388,3,2
320,389,3,2
320,390,3,2
320,391,3,2
320,392,3,2
320,393,3,2
320,394,3,2
320,395,3,2
320,396,3,2
320,397,3,2
320,398,3,2
320,399,3,2
320,400,3,2
320,401,3,2
320,402,3,2
320,403,3,2
320,404,3,2
320,405,3,2
320,406,3,2
320,407,3,2
320,408,3,2
320,409,3,2
320,410,3,2
320,411,3,2
320,412,3,2
320,413,3,2
320,414,3,2
320,415,3,2
320,416,3,2
320,417,3,2
320,418,3,2
320,419,3,2
320,420,3,2
320,421,3,2
320,422,3,2
320,423,3,2
320,424,3,2
320,425,3,2
320,426,3,2
320,427,3,2
320,428,3,2
320,429,3,2
320,430,3,2
320,431,3,2
320,432,3,2
320,433,3,2
320,434,3,2
320,435,3,2
320,436,3,2
320,437,3,2
320,438,3,2
320,439,3,2
320,440,3,2
320,441,3,2
320,442,3,2
320,443,3,2
320,444,3,2
320,445,3,2
320,446,3,2
320,447,3,2
320,448,3,2
320,449,3,2
320,450,3,2
320,451,3,2
320,452,3,2
320,453,3,2
320,454,3,2
320,455,3,2
320,456,3,2
320,457,3,2
320,458,3,2
320,459,3,2
320,460,3,2
320,461,3,2
320,462,3,2
320,463,3,2
320,464,3,2
320,465,3,2
320,466,3,2
320,467,3,2
320,468,3,3
320,469,3,3
320,470,3,3
320,471,3,3
320,472,3,3
320,473,3,3
320,474,3,3
320,475,3,3
320,476,3,3
320,477,3,3
320,478,3,3
320,479,3,3
320,480,3,3
320,481,3,3
320,482,3,3
320,483,3,3
320,484,3,3
320,485,3,3
320,486,3,3
320,487,3,3
320,488,3,3
320,489,3,3
320,490,3,3
320,491,3,3
320,492,3,3
320,493,3,3
320,494,3,3
320,495,3,3
320,496,3,3
320,497,3,3
320,498,3,3
320,499,3,3
320,500,3,3
320,501,3,3
320,502,3,3
320,503,3,3
320,504,3,3
320,505,3,3
320,506,3,3
320,507,3,3
320,508,3,3
320,509,3,3
320,510,3,3
320,511,3,3
320,512,3,3
320,513,3,3
320,514,3,3
320,515,3,3
320,516,3,3
320,517,3,3
320,518,3,3
320,519,3,3
320,520,3,3
320,521,3,3
320,522,3,3
320,523,3,3
320,524,3,3
320,525,3,3
320,526,3,3
320,527,3,3
320,528,3,3
320,529,3,3
320,530,3,3
320,531,3,3
320,532,3,3
320,533,3,3
320,534,3,3
320,535,3,3
320,536,3,3
320,537,3,3
320,538,3,3
320,539,3,3
320,540,3,3
320,541,3,3
320,542,3,3
320,543,3,3
320,544,3,3
320,545,3,3
320,546,3,3
320,547,3,3
320,548,3,3
320,549,3,3
320,550,3,3
320,551,3,3
320,552,3,3
320,553,3,3
320,554,3,3
320,555,3,3
320,556,3,3
320,557,3,3
320,558,3,3
320,559,3,3
320,560,3,3
320,561,3,3
320,562,3,3
320,563,3,3
320,564,3,3
320,565,3,3
320,566,3,3
320,567,3,3
320,568,3,3
320,569,3,3
320,570,3,3
320,571,3,3
320,572,3,3
320,573,3,3
320,574,3,3
320,575,3,3
320,576,3,3
320,577,3,3
320,578,3,3
320,579,3,3
320,580,3,3
320,581,3,3
320,582,3,3
320,583,3,3
320,584,3,3
320,585,3,3
320,586,3,3
320,587,3,3
320,588,3,3
320,589,3,3
320,590,3,3
320,591,3,3
320,592,3,3
320,593,3,3
320,594,3,3
320,595,3,3
320,596,3,3
320,597,3,3
320,598,3,3
320,599,3,3
320,600,3,3
320,601,3,3
320,602,3,3
320,603,3,3
320,604,3,3
320,605,3,3
320,606,3,3
320,607,3,3
320,608,3,3
320,609,3,3
320,610,3,3
320,611,3,3
320,612,3,3
320,613,3,3
320,614,3,3
320,615,3,3
320,616,3,3
320,617,3,3
320,618,3,3
320,619,3,3
320,620,3,3
320,621,3,3
320,622,3,3
320,623,3,3
320,624,3,3
320,625,3,3
320,626,3,3
320,627,3,3
320,628,3,3
320,629,3,3
320,630,3,3
320,631,3,3
320,632,3,3
320,633,3,3
320,634,3,3
320,635,3,3
320,636,3,2
320,637,3,2
320,638,3,2
320,639,3,2
320,640,3,2
320,641,3,2
320,642,3,2
320,643,3,2
320,644,3,2
320,645,3,2
320,646,3,2
320,647,3,2
320,648,3,2
320,649,3,2
320,650,3,2
320,651,3,2
320,652,3,2
320,653,3,2
320,654,3,2
320,655,3,2
320,656,3,2
320,657,3,2
320,658,3,2
320,659,3,2
320,660,3,2
320,661,3,2
320,662,3,2
320,663,3,2
320,664,3,2
320,665,3,2
320,666,3,2
320,667,3,2
320,668,3,2
320,669,3,2
320,670,3,2
320,671,3,2
320,672,3,2
320,673,3,2
320,674,3,2
320,675,3,2
320,676,3,2
320,677,3,2
320,678,3,2
321,91,3,2
321,92,3,2
321,93,3,2
321,94,3,2
321,95,3,2
321,96,3,2
321,97,3,2
321,98,3,2
321,99,3,2
321,100,3,2
321,101,3,2
321,102,3,2
321,103,3,2
321,104,3,2
321,105,3,2
321,106,3,2
321,107,3,2
321,108,3,2
321,109,3,2
321,110,3,2
321,111,3,2
321,112,3,2
321,113,3,2
321,114,3,2
321,115,3,2
321,116,3,2
321,117,3,2
321,118,3,2
321,119,3,2
321,120,3,2
321,121,3,2
321,122,3,2
321,123,3,2
321,124,3,2
321,125,3,2
321,126,3,2
321,127,3,2
321,128,3,2
321,129,3,2
321,130,3,2
321,131,3,2
321,132,3,2
321,133,3,2
321,134,3,2
321,135,3,2
321,136,3,2
321,137,3,2
321,138,3,2
321,139,3,2
321,140,3,2
321,141,3,2
321,142,3,2
321,143,3,2
321,144,3,2
321,145,3,2
321,146,3,2
321,147,3,2
321,148,3,2
321,149,3,2
321,150,3,2
321,151,3,2
321,152,3,2
321,153,3,2
321,154,3,2
321,155,3,2
321,156,3,2
321,157,3,2
321,158,3,2
321,159,3,2
321,160,3,2
321,161,3,2
321,162,3,2
321,163,3,2
321,164,3,2
321,165,3,2
321,166,3,2
321,167,3,2
321,168,3,2
321,169,3,2
321,170,3,2
321,171,3,2
321,172,3,2
321,173,3,2
321,174,3,2
321,175,3,2
321,176,3,2
321,177,3,2
321,178,3,2
321,179,3,2
321,180,3,2
321,181,3,2
321,182,3,2
321,183,3,2
321,184,3,2
321,185,3,2
321,186,3,2
321,187,3,2
321,188,3,2
321,189,3,2
321,190,3,2
321,191,3,2
321,192,3,2
321,193,3,2
321,194,3,2
321,195,3,2
321,196,3,2
321,197,3,2
321,198,3,2
321,199,3,2
321,200,3,2
321,201,3,2
321,202,3,2
321,203,3,2
321,204,3,2
321,205,3,2
321,206,3,2
321,207,3,2
321,208,3,2
321,209,3,2
321,210,3,2
321,211,3,2
321,212,3,2
321,213,3,2
321,214,3,2
321,215,3,2
321,216,3,2
321,217,3,2
321,218,3,2
321,219,3,2
321,220,3,2
321,221,3,2
321,222,3,2
321,223,3,2
321,224,3,2
321,225,3,2
321,226,3,2
321,227,3,2
321,228,3,2
321,229,3,2
321,230,3,2
321,231,3,2
321,232,3,2
321,233,3,2
321,234,3,2
321,235,3,2
321,236,3,2
321,237,3,2
321,238,3,2
321,239,3,2
321,240,3,2
321,241,3,2
321,242,3,2
321,243,3,2
321,244,3,2
321,245,3,2
321,246,3,2
321,247,3,2
321,248,3,2
321,249,3,2
321,250,3,2
321,251,3,2
321,252,3,2
321,253,3,2
321,254,3,2
321,255,3,2
321,256,3,2
321,257,3,2
321,258,3,2
321,259,3,2
321,260,3,2
321,261,3,2
321,262,3,2
321,263,3,2
321,264,3,2
321,265,3,2
321,266,3,2
321,267,3,2
321,268,3,2
321,269,3,2
321,270,3,2
321,271,3,2
321,272,3,2
321,273,3,2
321,274,3,2
321,275,3,2
321,276,3,2
321,277,3,2
321,278,3,2
321,279,3,2
321,280,3,2
321,281,3,2
321,282,3,2
321,283,3,2
321,284,3,2
321,285,3,2
321,286,3,2
321,287,3,2
321,288,3,2
321,289,3,2
321,290,3,2
321,291,3,2
321,292,3,2
321,293,3,2
321,294,3,2
321,295,3,2
321,296,3,2
321,297,3,2
321,298,3,2
321,299,3,2
321,300,3,2
321,301,3,2
321,302,3,2
321,303,3,2
321,304,3,2
321,305,3,2
321,306,3,2
321,307,3,2
321,308,3,2
321,309,3,2
321,310,3,2
321,311,3,2
321,312,3,2
321,313,3,2
321,314,3,2
321,315,3,2
321,316,3,2
321,317,3,2
321,318,3,2
321,319,3,2
321,320,3,2
321,321,3,2
321,322,3,2
321,323,3,2
321,324,3,2
321,325,3,2
321,326,3,2
321,327,3,2
321,328,3,2
321,329,3,2
321,330,3,2
321,331,3,2
321,332,3,2
321,333,3,2
321,334,3,2
321,335,3,2
321,336,3,2
321,337,3,2
321,338,3,2
321,339,3,2
321,340,3,2
321,341,3,2
321,342,3,2
321,343,3,2
321,344,3,2
321,345,3,2
321,346,3,2
321,347,3,2
321,348,3,2
321,349,3,2
321,350,3,2
321,351,3,2
321,352,3,2
321,353,3,2
321,354,3,2
321,355,3,2
321,356,3,2
321,357,3,2
321,358,3,2
321,359,3,2
321,360,3,2
321,361,3,2
321,362,3,2
321,363,3,2
321,364,3,2
321,365,3,2
321,366,3,2
321,367,3,2
321,368,3,2
321,369,3,2
321,370,3,2
321,371,3,2
321,372,3,2
321,373,3,2
321,374,3,2
321,375,3,2
321,376,3,2
321,377,3,2
321,378,3,2
321,379,3,2
321,380,3,2
321,381,3,2
321,382,3,2
321,383,3,2
321,384,3,2
321,385,3,2
321,386,3,2
321,387,3,2
321,388,3,2
321,389,3,2
321,390,3,2
321,391,3,2
321,392,3,2
321,393,3,2
321,394,3,2
321,395,3,2
321,396,3,2
321,397,3,2
321,398,3,2
321,399,3,2
321,400,3,2
321,401,3,2
321,402,3,2
321,403,3,2
321,404,3,2
321,405,3,2
321,406,3,2
321,407,3,2
321,408,3,2
321,409,3,2
321,410,3,2
321,411,3,2
321,412,3,2
321,413,3,2
321,414,3,2
321,415,3,2
321,416,3,2
321,417,3,2
321,418,3,2
321,419,3,2
321,420,3,2
321,421,3,2
321,422,3,2
321,423,3,2
321,424,3,2
321,425,3,2
321,426,3,2
321,427,3,2
321,428,3,2
321,429,3,2
321,430,3,2
321,431,3,2
321,432,3,2
321,433,3,2
321,434,3,2
321,435,3,2
321,436,3,2
321,437,3,2
321,438,3,2
321,439,3,2
321,440,3,2
321,441,3,2
321,442,3,2
321,443,3,2
321,444,3,2
321,445,3,2
321,446,3,2
321,447,3,2
321,448,3,2
321,449,3,2
321,450,3,2
321,451,3,2
321,452,3,2
321,453,3,2
321,454,3,2
321,455,3,2
321,456,3,2
321,457,3,2
321,458,3,2
321,459,3,2
321,460,3,2
321,461,3,2
321,462,3,2
321,463,3,2
321,464,3,2
321,465,3,2
321,466,3,2
321,467,3,2
321,468,3,3
321,469,3,3
321,470,3,3
321,471,3,3
321,472,3,3
321,473,3,3
321,474,3,3
321,475,3,3
321,476,3,3
321,477,3,3
321,478,3,3
321,479,3,3
321,480,3,3
321,481,3,3
321,482,3,3
321,483,3,3
321,484,3,3
321,485,3,3
321,486,3,3
321,487,3,3
321,488,3,3
321,489,3,3
321,490,3,3
321,491,3,3
321,492,3,3
321,493,3,3
321,494,3,3
321,495,3,3
321,496,3,3
321,497,3,3
321,498,3,3
321,499,3,3
321,500,3,3
321,501,3,3
321,502,3,3
321,503,3,3
321,504,3,3
321,505,3,3
321,506,3,3
321,507,3,3
321,508,3,3
321,509,3,3
321,510,3,3
321,511,3,3
321,512,3,3
321,513,3,3
321,514,3,3
321,515,3,3
321,516,3,3
321,517,3,3
321,518,3,3
321,519,3,3
321,520,3,3
321,521,3,3
321,522,3,3
321,523,3,3
321,524,3,3
321,525,3,3
321,526,3,3
321,527,3,3
321,528,3,3
321,529,3,3
321,530,3,3
321,531,3,3
321,532,3,3
321,533,3,3
321,534,3,3
321,535,3,3
321,536,3,3
321,537,3,3
321,538,3,3
321,539,3,3
321,540,3,3
321,541,3,3
321,542,3,3
321,543,3,3
321,544,3,3
321,545,3,3
321,546,3,3
321,547,3,3
321,548,3,3
321,549,3,3
321,550,3,3
321,551,3,3
321,552,3,3
321,553,3,3
321,554,3,3
321,555,3,3
321,556,3,3
321,557,3,3
321,558,3,3
321,559,3,3
321,560,3,3
321,561,3,3
321,562,3,3
321,563,3,3
321,564,3,3
321,565,3,3
321,566,3,3
321,567,3,3
321,568,3,3
321,569,3,3
321,570,3,3
321,571,3,3
321,572,3,3
321,573,3,3
321,574,3,3
321,575,3,3
321,576,3,3
321,577,3,3
321,578,3,3
321,579,3,3
321,580,3,3
321,581,3,3
321,582,3,3
321,583,3,3
321,584,3,3
321,585,3,3
321,586,3,3
321,587,3,3
321,588,3,3
321,589,3,3
321,590,3,3
321,591,3,3
321,592,3,3
321,593,3,3
321,594,3,3
321,595,3,3
321,596,3,3
321,597,3,3
321,598,3,3
321,599,3,3
321,600,3,3
321,601,3,3
321,602,3,3
321,603,3,3
321,604,3,3
321,605,3,3
321,606,3,3
321,607,3,3
321,608,3,3
321,609,3,3
321,610,3,3
321,611,3,3
321,612,3,3
321,613,3,3
321,614,3,3
321,615,3,3
321,616,3,3
321,617,3,3
321,618,3,3
321,619,3,3
321,620,3,3
321,621,3,3
321,622,3,3
321,623,3,3
321,624,3,3
321,625,3,3
321,626,3,3
321,627,3,3
321,628,3,3
321,629,3,3
321,630,3,3
321,631,3,3
321,632,3,3
321,633,3,3
321,634,3,2
321,635,3,2
321,636,3,2
321,637,3,2
321,638,3,2
321,639,3,2
321,640,3,2
321,641,3,2
321,642,3,2
321,643,3,2
321,644,3,2
321,645,3,2
321,646,3,2
321,647,3,2
321,648,3,2
321,649,3,2
321,650,3,2
321,651,3,2
321,652,3,2
321,653,3,2
321,654,3,2
321,655,3,2
321,656,3,2
321,657,3,2
321,658,3,2
321,659,3,2
321,660,3,2
321,661,3,2
321,662,3,2
321,663,3,2
321,664,3,2
321,665,3,2
321,666,3,2
321,667,3,2
321,668,3,2
321,669,3,2
321,670,3,2
321,671,3,2
321,672,3,2
321,673,3,2
321,674,3,2
321,675,3,2
321,676,3,2
321,677,3,2
321,678,3,2
322,86,3,2
322,90,3,2
322,91,3,2
322,92,3,2
322,93,3,2
322,94,3,2
322,95,3,2
322,96,3,2
322,97,3,2
322,98,3,2
322,99,3,2
322,100,3,2
322,101,3,2
322,102,3,2
322,103,3,2
322,104,3,2
322,105,3,2
322,106,3,2
322,107,3,2
322,108,3,2
322,109,3,2
322,110,3,2
322,111,3,2
322,112,3,2
322,113,3,2
322,114,3,2
322,115,3,2
322,116,3,2
322,117,3,2
322,118,3,2
322,119,3,2
322,120,3,2
322,121,3,2
322,122,3,2
322,123,3,2
322,124,3,2
322,125,3,2
322,126,3,2
322,127,3,2
322,128,3,2
322,129,3,2
322,130,3,2
322,131,3,2
322,132,3,2
322,133,3,2
322,134,3,2
322,135,3,2
322,136,3,2
322,137,3,2
322,138,3,2
322,139,3,2
322,140,3,2
322,141,3,2
322,142,3,2
322,143,3,2
322,144,3,2
322,145,3,2
322,146,3,2
322,147,3,2
322,148,3,2
322,149,3,2
322,150,3,2
322,151,3,2
322,152,3,2
322,153,3,2
322,154,3,2
322,155,3,2
322,156,3,2
322,157,3,2
322,158,3,2
322,159,3,2
322,160,3,2
322,161,3,2
322,162,3,2
322,163,3,2
322,164,3,2
322,165,3,2
322,166,3,2
322,167,3,2
322,168,3,2
322,169,3,2
322,170,3,2
322,171,3,2
322,172,3,2
322,173,3,2
322,174,3,2
322,175,3,2
322,176,3,2
322,177,3,2
322,178,3,2
322,179,3,2
322,180,3,2
322,181,3,2
322,182,3,2
322,183,3,2
322,184,3,2
322,185,3,2
322,186,3,2
322,187,3,2
322,188,3,2
322,189,3,2
322,190,3,2
322,191,3,2
322,192,3,2
322,193,3,2
322,194,3,2
322,195,3,2
322,196,3,2
322,197,3,2
322,198,3,2
322,199,3,2
322,200,3,2
322,201,3,2
322,202,3,2
322,203,3,2
322,204,3,2
322,205,3,2
322,206,3,2
322,207,3,2
322,208,3,2
322,209,3,2
322,210,3,2
322,211,3,2
322,212,3,2
322,213,3,2
322,214,3,2
322,215,3,2
322,216,3,2
322,217,3,2
322,218,3,2
322,219,3,2
322,220,3,2
322,221,3,2
322,222,3,2
322,223,3,2
322,224,3,2
322,225,3,2
322,226,3,2
322,227,3,2
322,228,3,2
322,229,3,2
322,230,3,2
322,231,3,2
322,232,3,2
322,233,3,2
322,234,3,2
322,235,3,2
322,236,3,2
322,237,3,2
322,238,3,2
322,239,3,2
322,240,3,2
322,241,3,2
322,242,3,2
322,243,3,2
322,244,3,2
322,245,3,2
322,246,3,2
322,247,3,2
322,248,3,2
322,249,3,2
322,250,3,2
322,251,3,2
322,252,3,2
322,253,3,2
322,254,3,2
322,255,3,2
322,256,3,2
322,257,3,2
322,258,3,2
322,259,3,2
322,260,3,2
322,261,3,2
322,262,3,2
322,263,3,2
322,264,3,2
322,265,3,2
322,266,3,2
322,267,3,2
322,268,3,2
322,269,3,2
322,270,3,2
322,271,3,2
322,272,3,2
322,273,3,2
322,274,3,2
322,275,3,2
322,276,3,2
322,277,3,2
322,278,3,2
322,279,3,2
322,280,3,2
322,281,3,2
322,282,3,2
322,283,3,2
322,284,3,2
322,285,3,2
322,286,3,2
322,287,3,2
322,288,3,2
322,289,3,2
322,290,3,2
322,291,3,2
322,292,3,2
322,293,3,2
322,294,3,2
322,295,3,2
322,296,3,2
322,297,3,2
322,298,3,2
322,299,3,2
322,300,3,2
322,301,3,2
322,302,3,2
322,303,3,2
322,304,3,2
322,305,3,2
322,306,3,2
322,307,3,2
322,308,3,2
322,309,3,2
322,310,3,2
322,311,3,2
322,312,3,2
322,313,3,2
322,314,3,2
322,315,3,2
322,316,3,2
322,317,3,2
322,318,3,2
322,319,3,2
322,320,3,2
322,321,3,2
322,322,3,2
322,323,3,2
322,324,3,2
322,325,3,2
322,326,3,2
322,327,3,2
322,328,3,2
322,329,3,2
322,330,3,2
322,331,3,2
322,332,3,2
322,333,3,2
322,334,3,2
322,335,3,2
322,336,3,2
322,337,3,2
322,338,3,2
322,339,3,2
322,340,3,2
322,341,3,2
322,342,3,2
322,343,3,2
322,344,3,2
322,345,3,2
322,346,3,2
322,347,3,2
322,348,3,2
322,349,3,2
322,350,3,2
322,351,3,2
322,352,3,2
322,353,3,2
322,354,3,2
322,355,3,2
322,356,3,2
322,357,3,2
322,358,3,2
322,359,3,2
322,360,3,2
322,361,3,2
322,362,3,2
322,363,3,2
322,364,3,2
322,365,3,2
322,366,3,2
322,367,3,2
322,368,3,2
322,369,3,2
322,370,3,2
322,371,3,2
322,372,3,2
322,373,3,2
322,374,3,2
322,375,3,2
322,376,3,2
322,377,3,2
322,378,3,2
322,379,3,2
322,380,3,2
322,381,3,2
322,382,3,2
322,383,3,2
322,384,3,2
322,385,3,2
322,386,3,2
322,387,3,2
322,388,3,2
322,389,3,2
322,390,3,2
322,391,3,2
322,392,3,2
322,393,3,2
322,394,3,2
322,395,3,2
322,396,3,2
322,397,3,2
322,398,3,2
322,399,3,2
322,400,3,2
322,401,3,2
322,402,3,2
322,403,3,2
322,404,3,2
322,405,3,2
322,406,3,2
322,407,3,2
322,408,3,2
322,409,3,2
322,410,3,2
322,411,3,2
322,412,3,2
322,413,3,2
322,414,3,2
322,415,3,2
322,416,3,2
322,417,3,2
322,418,3,2
322,419,3,2
322,420,3,2
322,421,3,2
322,422,3,2
322,423,3,2
322,424,3,2
322,425,3,2
322,426,3,2
322,427,3,2
322,428,3,2
322,429,3,2
322,430,3,2
322,431,3,2
322,432,3,2
322,433,3,2
322,434,3,2
322,435,3,2
322,436,3,2
322,437,3,2
322,438,3,2
322,439,3,2
322,440,3,2
322,441,3,2
322,442,3,2
322,443,3,2
322,444,3,2
322,445,3,2
322,446,3,2
322,447,3,2
322,448,3,2
322,449,3,2
322,450,3,2
322,451,3,2
322,452,3,3
322,453,3,3
322,454,3,3
322,455,3,3
322,456,3,3
322,457,3,3
322,458,3,2
322,459,3,2
322,460,3,2
322,461,3,2
322,462,3,2
322,463,3,2
322,464,3,2
322,465,3,2
322,466,3,2
322,467,3,3
322,468,3,3
322,469,3,3
322,470,3,3
322,471,3,3
322,472,3,3
322,473,3,3
322,474,3,3
322,475,3,3
322,476,3,3
322,477,3,3
322,478,3,3
322,479,3,3
322,480,3,3
322,481,3,3
322,482,3,3
322,483,3,3
322,484,3,3
322,485,3,3
322,486,3,3
322,487,3,3
322,488,3,3
322,489,3,3
322,490,3,3
322,491,3,3
322,492,3,3
322,493,3,3
322,494,3,3
322,495,3,3
322,496,3,3
322,497,3,3
322,498,3,3
322,499,3,3
322,500,3,3
322,501,3,3
322,502,3,3
322,503,3,3
322,504,3,3
322,505,3,3
322,506,3,3
322,507,3,3
322,508,3,3
322,509,3,3
322,510,3,3
322,511,3,3
322,512,3,3
322,513,3,3
322,514,3,3
322,515,3,3
322,516,3,3
322,517,3,3
322,518,3,3
322,519,3,3
322,520,3,3
322,521,3,3
322,522,3,3
322,523,3,3
322,524,3,3
322,525,3,3
322,526,3,3
322,527,3,3
322,528,3,3
322,529,3,3
322,530,3,3
322,531,3,3
322,532,3,3
322,533,3,3
322,534,3,3
322,535,3,3
322,536,3,3
322,537,3,3
322,538,3,3
322,539,3,3
322,540,3,3
322,541,3,2
322,542,3,2
322,543,3,2
322,544,3,2
322,545,3,2
322,546,3,2
322,547,3,2
322,548,3,2
322,549,3,2
322,550,3,2
322,551,3,2
322,552,3,2
322,553,3,2
322,554,3,2
322,555,3,2
322,556,3,2
322,557,3,2
322,558,3,2
322,559,3,2
322,560,3,2
322,561,3,3
322,562,3,3
322,563,3,3
322,564,3,3
322,565,3,3
322,566,3,3
322,567,3,3
322,568,3,3
322,569,3,3
322,570,3,3
322,571,3,3
322,572,3,3
322,573,3,3
322,574,3,3
322,575,3,3
322,576,3,3
322,577,3,3
322,578,3,3
322,579,3,3
322,580,3,3
322,581,3,3
322,582,3,3
322,583,3,3
322,584,3,3
322,585,3,3
322,586,3,3
322,587,3,3
322,588,3,3
322,589,3,3
322,590,3,3
322,591,3,3
322,592,3,3
322,593,3,3
322,594,3,3
322,595,3,3
322,596,3,3
322,597,3,3
322,598,3,3
322,599,3,3
322,600,3,3
322,601,3,3
322,602,3,3
322,603,3,3
322,604,3,3
322,605,3,3
322,606,3,3
322,607,3,3
322,608,3,3
322,609,3,3
322,610,3,3
322,611,3,3
322,612,3,3
322,613,3,3
322,614,3,3
322,615,3,3
322,616,3,3
322,617,3,3
322,618,3,3
322,619,3,3
322,620,3,3
322,621,3,3
322,622,3,3
322,623,3,3
322,624,3,3
322,625,3,3
322,626,3,3
322,627,3,3
322,628,3,3
322,629,3,3
322,630,3,3
322,631,3,3
322,632,3,3
322,633,3,2
322,634,3,2
322,635,3,2
322,636,3,2
322,637,3,2
322,638,3,2
322,639,3,2
322,640,3,2
322,641,3,2
322,642,3,2
322,643,3,2
322,644,3,2
322,645,3,2
322,646,3,2
322,647,3,2
322,648,3,2
322,649,3,2
322,650,3,2
322,651,3,2
322,652,3,2
322,653,3,2
322,654,3,2
322,655,3,2
322,656,3,2
322,657,3,2
322,658,3,2
322,659,3,2
322,660,3,2
322,661,3,2
322,662,3,2
322,663,3,2
322,664,3,2
322,665,3,2
322,666,3,2
322,667,3,2
322,668,3,2
322,669,3,2
322,670,3,2
322,671,3,2
322,672,3,2
322,673,3,2
322,674,3,2
322,675,3,2
322,676,3,2
322,677,3,2
322,678,3,2
322,679,3,2
323,90,3,2
323,91,3,2
323,92,3,2
323,93,3,2
323,94,3,2
323,95,3,2
323,96,3,2
323,97,3,2
323,98,3,2
323,99,3,2
323,100,3,2
323,101,3,2
323,102,3,2
323,103,3,2
323,104,3,2
323,105,3,2
323,106,3,2
323,107,3,2
323,108,3,2
323,109,3,2
323,110,3,2
323,111,3,2
323,112,3,2
323,113,3,2
323,114,3,2
323,115,3,2
323,116,3,2
323,117,3,2
323,118,3,2
323,119,3,2
323,120,3,2
323,121,3,2
323,122,3,2
323,123,3,2
323,124,3,2
323,125,3,2
323,126,3,2
323,127,3,2
323,128,3,2
323,129,3,2
323,130,3,2
323,131,3,2
323,132,3,2
323,133,3,2
323,134,3,2
323,135,3,2
323,136,3,2
323,137,3,2
323,138,3,2
323,139,3,2
323,140,3,2
323,141,3,2
323,142,3,2
323,143,3,2
323,144,3,2
323,145,3,2
323,146,3,2
323,147,3,2
323,148,3,2
323,149,3,2
323,150,3,2
323,151,3,2
323,152,3,2
323,153,3,2
323,154,3,2
323,155,3,2
323,156,3,2
323,157,3,2
323,158,3,2
323,159,3,2
323,160,3,2
323,161,3,2
323,162,3,2
323,163,3,2
323,164,3,2
323,165,3,2
323,166,3,2
323,167,3,2
323,168,3,2
323,169,3,2
323,170,3,2
323,171,3,2
323,172,3,2
323,173,3,2
323,174,3,2
323,175,3,2
323,176,3,2
323,177,3,2
323,178,3,2
323,179,3,2
323,180,3,2
323,181,3,2
323,182,3,2
323,183,3,2
323,184,3,2
323,185,3,2
323,186,3,2
323,187,3,2
323,188,3,2
323,189,3,2
323,190,3,2
323,191,3,2
323,192,3,2
323,193,3,2
323,194,3,2
323,195,3,2
323,196,3,2
323,197,3,2
323,198,3,2
323,199,3,2
323,200,3,2
323,201,3,2
323,202,3,2
323,203,3,2
323,204,3,2
323,205,3,2
323,206,3,2
323,207,3,2
323,208,3,2
323,209,3,2
323,210,3,2
323,211,3,2
323,212,3,2
323,213,3,2
323,214,3,2
323,215,3,2
323,216,3,2
323,217,3,2
323,218,3,2
323,219,3,2
323,220,3,2
323,221,3,2
323,222,3,2
323,223,3,2
323,224,3,2
323,225,3,2
323,226,3,2
323,227,3,2
323,228,3,2
323,229,3,2
323,230,3,2
323,231,3,2
323,232,3,2
323,233,3,2
323,234,3,2
323,235,3,2
323,236,3,2
323,237,3,2
323,238,3,2
323,239,3,2
323,240,3,2
323,241,3,2
323,242,3,2
323,243,3,2
323,244,3,2
323,245,3,2
323,246,3,2
323,247,3,2
323,248,3,2
323,249,3,2
323,250,3,2
323,251,3,2
323,252,3,2
323,253,3,2
323,254,3,2
323,255,3,2
323,256,3,2
323,257,3,2
323,258,3,2
323,259,3,2
323,260,3,2
323,261,3,2
323,262,3,2
323,263,3,2
323,264,3,2
323,265,3,2
323,266,3,2
323,267,3,2
323,268,3,2
323,269,3,2
323,270,3,2
323,271,3,2
323,272,3,2
323,273,3,2
323,274,3,2
323,275,3,2
323,276,3,2
323,277,3,2
323,278,3,2
323,279,3,2
323,280,3,2
323,281,3,2
323,282,3,2
323,283,3,2
323,284,3,2
323,285,3,2
323,286,3,2
323,287,3,2
323,288,3,2
323,289,3,2
323,290,3,2
323,291,3,2
323,292,3,2
323,293,3,2
323,294,3,2
323,295,3,2
323,296,3,2
323,297,3,2
323,298,3,2
323,299,3,2
323,300,3,2
323,301,3,2
323,302,3,2
323,303,3,2
323,304,3,2
323,305,3,2
323,306,3,2
323,307,3,2
323,308,3,2
323,309,3,2
323,310,3,2
323,311,3,2
323,312,3,2
323,313,3,2
323,314,3,2
323,315,3,2
323,316,3,2
323,317,3,2
323,318,3,2
323,319,3,2
323,320,3,2
323,321,3,2
323,322,3,2
323,323,3,2
323,324,3,2
323,325,3,2
323,326,3,2
323,327,3,2
323,328,3,2
323,329,3,2
323,330,3,2
323,331,3,2
323,332,3,2
323,333,3,2
323,334,3,2
323,335,3,2
323,336,3,2
323,337,3,2
323,338,3,2
323,339,3,2
323,340,3,2
323,341,3,2
323,342,3,2
323,343,3,2
323,344,3,2
323,345,3,2
323,346,3,2
323,347,3,2
323,348,3,2
323,349,3,2
323,350,3,2
323,351,3,2
323,352,3,2
323,353,3,2
323,354,3,2
323,355,3,2
323,356,3,2
323,357,3,2
323,358,3,2
323,359,3,2
323,360,3,2
323,361,3,2
323,362,3,2
323,363,3,2
323,364,3,2
323,365,3,2
323,366,3,2
323,367,3,2
323,368,3,2
323,369,3,2
323,370,3,2
323,371,3,2
323,372,3,2
323,373,3,2
323,374,3,2
323,375,3,2
323,376,3,2
323,377,3,2
323,378,3,2
323,379,3,2
323,380,3,2
323,381,3,2
323,382,3,2
323,383,3,2
323,384,3,2
323,385,3,2
323,386,3,2
323,387,3,2
323,388,3,2
323,389,3,2
323,390,3,2
323,391,3,2
323,392,3,2
323,393,3,2
323,394,3,2
323,395,3,2
323,396,3,2
323,397,3,2
323,398,3,2
323,399,3,2
323,400,3,2
323,401,3,2
323,402,3,2
323,403,3,2
323,404,3,2
323,405,3,2
323,406,3,2
323,407,3,2
323,408,3,2
323,409,3,2
323,410,3,2
323,411,3,2
323,412,3,2
323,413,3,2
323,414,3,2
323,415,3,2
323,416,3,2
323,417,3,2
323,418,3,2
323,419,3,2
323,420,3,2
323,421,3,2
323,422,3,2
323,423,3,2
323,424,3,2
323,425,3,2
323,426,3,2
323,427,3,2
323,428,3,2
323,429,3,2
323,430,3,2
323,431,3,2
323,432,3,2
323,433,3,2
323,434,3,2
323,435,3,2
323,436,3,2
323,437,3,2
323,438,3,2
323,439,3,2
323,440,3,2
323,441,3,2
323,442,3,2
323,443,3,2
323,444,3,2
323,445,3,2
323,446,3,2
323,447,3,2
323,448,3,2
323,449,3,3
323,450,3,3
323,451,3,3
323,452,3,3
323,453,3,3
323,454,3,3
323,455,3,3
323,456,3,3
323,457,3,3
323,458,3,3
323,459,3,3
323,460,3,2
323,461,3,2
323,462,3,2
323,463,3,2
323,464,3,2
323,465,3,2
323,466,3,2
323,467,3,3
323,468,3,3
323,469,3,3
323,470,3,3
323,471,3,3
323,472,3,3
323,473,3,3
323,474,3,3
323,475,3,3
323,476,3,3
323,477,3,3
323,478,3,3
323,479,3,3
323,480,3,3
323,481,3,3
323,482,3,3
323,483,3,3
323,484,3,3
323,485,3,3
323,486,3,3
323,487,3,3
323,488,3,3
323,489,3,3
323,490,3,3
323,491,3,3
323,492,3,3
323,493,3,3
323,494,3,3
323,495,3,3
323,496,3,3
323,497,3,3
323,498,3,3
323,499,3,3
323,500,3,3
323,501,3,3
323,502,3,3
323,503,3,3
323,504,3,3
323,505,3,3
323,506,3,3
323,507,3,3
323,508,3,3
323,509,3,3
323,510,3,3
323,511,3,3
323,512,3,3
323,513,3,3
323,514,3,3
323,515,3,3
323,516,3,3
323,517,3,3
323,518,3,3
323,519,3,3
323,520,3,3
323,521,3,3
323,522,3,3
323,523,3,3
323,524,3,3
323,525,3,3
323,526,3,3
323,527,3,3
323,528,3,3
323,529,3,3
323,530,3,3
323,531,3,3
323,532,3,3
323,533,3,3
323,534,3,3
323,535,3,3
323,536,3,3
323,537,3,3
323,538,3,3
323,539,3,2
323,540,3,2
323,541,3,2
323,542,3,2
323,543,3,2
323,544,3,2
323,545,3,2
323,546,3,2
323,547,3,2
323,548,3,2
323,549,3,2
323,550,3,2
323,551,3,2
323,552,3,2
323,553,3,2
323,554,3,2
323,555,3,2
323,556,3,2
323,557,3,2
323,558,3,2
323,559,3,2
323,560,3,2
323,561,3,3
323,562,3,3
323,563,3,3
323,564,3,3
323,565,3,3
323,566,3,3
323,567,3,3
323,568,3,3
323,569,3,3
323,570,3,3
323,571,3,3
323,572,3,3
323,573,3,3
323,574,3,3
323,575,3,3
323,576,3,3
323,577,3,3
323,578,3,3
323,579,3,3
323,580,3,3
323,581,3,3
323,582,3,3
323,583,3,3
323,584,3,3
323,585,3,3
323,586,3,3
323,587,3,3
323,588,3,3
323,589,3,3
323,590,3,3
323,591,3,3
323,592,3,3
323,593,3,3
323,594,3,3
323,595,3,3
323,596,3,3
323,597,3,3
323,598,3,3
323,599,3,3
323,600,3,3
323,601,3,3
323,602,3,3
323,603,3,3
323,604,3,3
323,605,3,3
323,606,3,3
323,607,3,3
323,608,3,3
323,609,3,3
323,610,3,3
323,611,3,3
323,612,3,3
323,613,3,3
323,614,3,3
323,615,3,3
323,616,3,3
323,617,3,3
323,618,3,3
323,619,3,3
323,620,3,3
323,621,3,3
323,622,3,3
323,623,3,3
323,624,3,3
323,625,3,3
323,626,3,3
323,627,3,3
323,628,3,3
323,629,3,3
323,630,3,3
323,631,3,3
323,632,3,3
323,633,3,2
323,634,3,2
323,635,3,2
323,636,3,2
323,637,3,2
323,638,3,2
323,639,3,2
323,640,3,2
323,641,3,2
323,642,3,2
323,643,3,2
323,644,3,2
323,645,3,2
323,646,3,2
323,647,3,2
323,648,3,2
323,649,3,2
323,650,3,2
323,651,3,2
323,652,3,2
323,653,3,2
323,654,3,2
323,655,3,2
323,656,3,2
323,657,3,2
323,658,3,2
323,659,3,2
323,660,3,2
323,661,3,2
323,662,3,2
323,663,3,2
323,664,3,2
323,665,3,2
323,666,3,2
323,667,3,2
323,668,3,2
323,669,3,2
323,670,3,2
323,671,3,2
323,672,3,2
323,673,3,2
323,674,3,2
323,675,3,2
323,676,3,2
323,677,3,2
324,90,3,2
324,91,3,2
324,92,3,2
324,93,3,2
324,94,3,2
324,95,3,2
324,96,3,2
324,97,3,2
324,98,3,2
324,99,3,2
324,100,3,2
324,101,3,2
324,102,3,2
324,103,3,2
324,104,3,2
324,105,3,2
324,106,3,2
324,107,3,2
324,108,3,2
324,109,3,2
324,110,3,2
324,111,3,2
324,112,3,2
324,113,3,2
324,114,3,2
324,115,3,2
324,116,3,2
324,117,3,2
324,118,3,2
324,119,3,2
324,120,3,2
324,121,3,2
324,122,3,2
324,123,3,2
324,124,3,2
324,125,3,2
324,126,3,2
324,127,3,2
324,128,3,2
324,129,3,2
324,130,3,2
324,131,3,2
324,132,3,2
324,133,3,2
324,134,3,2
324,135,3,2
324,136,3,2
324,137,3,2
324,138,3,2
324,139,3,2
324,140,3,2
324,141,3,2
324,142,3,2
324,143,3,2
324,144,3,2
324,145,3,2
324,146,3,2
324,147,3,2
324,148,3,2
324,149,3,2
324,150,3,2
324,151,3,2
324,152,3,2
324,153,3,2
324,154,3,2
324,155,3,2
324,156,3,2
324,157,3,2
324,158,3,2
324,159,3,2
324,160,3,2
324,161,3,2
324,162,3,2
324,163,3,2
324,164,3,2
324,165,3,2
324,166,3,2
324,167,3,2
324,168,3,2
324,169,3,2
324,170,3,2
324,171,3,2
324,172,3,2
324,173,3,2
324,174,3,2
324,175,3,2
324,176,3,2
324,177,3,2
324,178,3,2
324,179,3,2
324,180,3,2
324,181,3,2
324,182,3,2
324,183,3,2
324,184,3,2
324,185,3,2
324,186,3,2
324,187,3,2
324,188,3,2
324,189,3,2
324,190,3,2
324,191,3,2
324,192,3,2
324,193,3,2
324,194,3,2
324,195,3,2
324,196,3,2
324,197,3,2
324,198,3,2
324,199,3,2
324,200,3,2
324,201,3,2
324,202,3,2
324,203,3,2
324,204,3,2
324,205,3,2
324,206,3,2
324,207,3,2
324,208,3,2
324,209,3,2
324,210,3,2
324,211,3,2
324,212,3,2
324,213,3,2
324,214,3,2
324,215,3,2
324,216,3,2
324,217,3,2
324,218,3,2
324,219,3,2
324,220,3,2
324,221,3,2
324,222,3,2
324,223,3,2
324,224,3,2
324,225,3,2
324,226,3,2
324,227,3,2
324,228,3,2
324,229,3,2
324,230,3,2
324,231,3,2
324,232,3,2
324,233,3,2
324,234,3,2
324,235,3,2
324,236,3,2
324,237,3,2
324,238,3,2
324,239,3,2
324,240,3,2
324,241,3,2
324,242,3,2
324,243,3,2
324,244,3,2
324,245,3,2
324,246,3,2
324,247,3,2
324,248,3,2
324,249,3,2
324,250,3,2
324,251,3,2
324,252,3,2
324,253,3,2
324,254,3,2
324,255,3,2
324,256,3,2
324,257,3,2
324,258,3,2
324,259,3,2
324,260,3,2
324,261,3,2
324,262,3,2
324,263,3,2
324,264,3,2
324,265,3,2
324,266,3,2
324,267,3,2
324,268,3,2
324,269,3,2
324,270,3,2
324,271,3,2
324,272,3,2
324,273,3,2
324,274,3,2
324,275,3,2
324,276,3,2
324,277,3,2
324,278,3,2
324,279,3,2
324,280,3,2
324,281,3,2
324,282,3,2
324,283,3,2
324,284,3,2
324,285,3,2
324,286,3,2
324,287,3,2
324,288,3,2
324,289,3,2
324,290,3,2
324,291,3,2
324,292,3,2
324,293,3,2
324,294,3,2
324,295,3,2
324,296,3,2
324,297,3,2
324,298,3,2
324,299,3,2
324,300,3,2
324,301,3,2
324,302,3,2
324,303,3,2
324,304,3,2
324,305,3,2
324,306,3,2
324,307,3,2
324,308,3,2
324,309,3,2
324,310,3,2
324,311,3,2
324,312,3,2
324,313,3,2
324,314,3,2
324,315,3,2
324,316,3,2
324,317,3,2
324,318,3,2
324,319,3,2
324,320,3,2
324,321,3,2
324,322,3,2
324,323,3,2
324,324,3,2
324,325,3,2
324,326,3,2
324,327,3,2
324,328,3,2
324,329,3,2
324,330,3,2
324,331,3,2
324,332,3,2
324,333,3,2
324,334,3,2
324,335,3,2
324,336,3,2
324,337,3,2
324,338,3,2
324,339,3,2
324,340,3,2
324,341,3,2
324,342,3,2
324,343,3,2
324,344,3,2
324,345,3,2
324,346,3,2
324,347,3,2
324,348,3,2
324,349,3,2
324,350,3,2
324,351,3,2
324,352,3,2
324,353,3,2
324,354,3,2
324,355,3,2
324,356,3,2
324,357,3,2
324,358,3,2
324,359,3,2
324,360,3,2
324,361,3,2
324,362,3,2
324,363,3,2
324,364,3,2
324,365,3,2
324,366,3,2
324,367,3,2
324,368,3,2
324,369,3,2
324,370,3,2
324,371,3,2
324,372,3,2
324,373,3,2
324,374,3,2
324,375,3,2
324,376,3,2
324,377,3,2
324,378,3,2
324,379,3,2
324,380,3,2
324,381,3,2
324,382,3,2
324,383,3,2
324,384,3,2
324,385,3,2
324,386,3,2
324,387,3,2
324,388,3,2
324,389,3,2
324,390,3,2
324,391,3,2
324,392,3,2
324,393,3,2
324,394,3,2
324,395,3,2
324,396,3,2
324,397,3,2
324,398,3,2
324,399,3,2
324,400,3,2
324,401,3,2
324,402,3,2
324,403,3,2
324,404,3,2
324,405,3,2
324,406,3,2
324,407,3,2
324,408,3,2
324,409,3,2
324,410,3,2
324,411,3,2
324,412,3,2
324,413,3,2
324,414,3,2
324,415,3,2
324,416,3,2
324,417,3,2
324,418,3,2
324,419,3,2
324,420,3,2
324,421,3,2
324,422,3,2
324,423,3,2
324,424,3,2
324,425,3,2
324,426,3,2
324,427,3,2
324,428,3,2
324,429,3,2
324,430,3,2
324,431,3,2
324,432,3,2
324,433,3,2
324,434,3,2
324,435,3,2
324,436,3,2
324,437,3,2
324,438,3,2
324,439,3,2
324,440,3,2
324,441,3,2
324,442,3,2
324,443,3,2
324,444,3,2
324,445,3,2
324,446,3,2
324,447,3,3
324,448,3,3
324,449,3,3
324,450,3,3
324,451,3,3
324,452,3,3
324,453,3,3
324,454,3,3
324,455,3,3
324,456,3,3
324,457,3,3
324,458,3,3
324,459,3,3
324,460,3,3
324,461,3,2
324,462,3,2
324,463,3,2
324,464,3,2
324,465,3,2
324,466,3,3
324,467,3,3
324,468,3,3
324,469,3,3
324,470,3,3
324,471,3,3
324,472,3,3
324,473,3,3
324,474,3,3
324,475,3,3
324,476,3,3
324,477,3,3
324,478,3,3
324,479,3,3
324,480,3,3
324,481,3,3
324,482,3,3
324,483,3,3
324,484,3,3
324,485,3,3
324,486,3,3
324,487,3,3
324,488,3,3
324,489,3,3
324,490,3,3
324,491,3,3
324,492,3,3
324,493,3,3
324,494,3,3
324,495,3,3
324,496,3,3
324,497,3,3
324,498,3,3
324,499,3,3
324,500,3,3
324,501,3,3
324,502,3,3
324,503,3,3
324,504,3,3
324,505,3,3
324,506,3,3
324,507,3,3
324,508,3,3
324,509,3,3
324,510,3,3
324,511,3,3
324,512,3,3
324,513,3,3
324,514,3,3
324,515,3,3
324,516,3,3
324,517,3,3
324,518,3,3
324,519,3,3
324,520,3,3
324,521,3,3
324,522,3,3
324,523,3,3
324,524,3,3
324,525,3,3
324,526,3,3
324,527,3,3
324,528,3,3
324,529,3,3
324,530,3,3
324,531,3,3
324,532,3,3
324,533,3,3
324,534,3,3
324,535,3,3
324,536,3,3
324,537,3,3
324,538,3,2
324,539,3,2
324,540,3,2
324,541,3,2
324,542,3,2
324,543,3,2
324,544,3,2
324,545,3,2
324,546,3,2
324,547,3,2
324,548,3,2
324,549,3,2
324,550,3,2
324,551,3,2
324,552,3,2
324,553,3,2
324,554,3,2
324,555,3,2
324,556,3,2
324,557,3,2
324,558,3,2
324,559,3,2
324,560,3,2
324,561,3,2
324,562,3,2
324,563,3,2
324,564,3,3
324,565,3,3
324,566,3,3
324,567,3,3
324,568,3,3
324,569,3,3
324,570,3,3
324,571,3,3
324,572,3,3
324,573,3,3
324,574,3,3
324,575,3,3
324,576,3,3
324,577,3,3
324,578,3,3
324,579,3,3
324,580,3,3
324,581,3,3
324,582,3,3
324,583,3,3
324,584,3,3
324,585,3,3
324,586,3,3
324,587,3,3
324,588,3,3
324,589,3,3
324,590,3,3
324,591,3,3
324,592,3,3
324,593,3,3
324,594,3,3
324,595,3,3
324,596,3,3
324,597,3,3
324,598,3,3
324,599,3,3
324,600,3,3
324,601,3,3
324,602,3,3
324,603,3,3
324,604,3,3
324,605,3,3
324,606,3,3
324,607,3,3
324,608,3,3
324,609,3,3
324,610,3,3
324,611,3,3
324,612,3,3
324,613,3,3
324,614,3,3
324,615,3,3
324,616,3,3
324,617,3,3
324,618,3,3
324,619,3,3
324,620,3,3
324,621,3,3
324,622,3,3
324,623,3,3
324,624,3,3
324,625,3,3
324,626,3,3
324,627,3,3
324,628,3,3
324,629,3,3
324,630,3,3
324,631,3,3
324,632,3,2
324,633,3,2
324,634,3,2
324,635,3,2
324,636,3,2
324,637,3,2
324,638,3,2
324,639,3,2
324,640,3,2
324,641,3,2
324,642,3,2
324,643,3,2
324,644,3,2
324,645,3,2
324,646,3,2
324,647,3,2
324,648,3,2
324,649,3,2
324,650,3,2
324,651,3,2
324,652,3,2
324,653,3,2
324,654,3,2
324,655,3,2
324,656,3,2
324,657,3,2
324,658,3,2
324,659,3,2
324,660,3,2
324,661,3,2
324,662,3,2
324,663,3,2
324,664,3,2
324,665,3,2
324,666,3,2
324,667,3,2
324,668,3,2
324,669,3,2
324,670,3,2
324,671,3,2
324,672,3,2
324,673,3,2
324,674,3,2
324,675,3,2
324,676,3,2
324,677,3,2
324,678,3,2
324,679,3,2
325,89,3,2
325,90,3,2
325,91,3,2
325,92,3,2
325,93,3,2
325,94,3,2
325,95,3,2
325,96,3,2
325,97,3,2
325,98,3,2
325,99,3,2
325,100,3,2
325,101,3,2
325,102,3,2
325,103,3,2
325,104,3,2
325,105,3,2
325,106,3,2
325,107,3,2
325,108,3,2
325,109,3,2
325,110,3,2
325,111,3,2
325,112,3,2
325,113,3,2
325,114,3,2
325,115,3,2
325,116,3,2
325,117,3,2
325,118,3,2
325,119,3,2
325,120,3,2
325,121,3,2
325,122,3,2
325,123,3,2
325,124,3,2
325,125,3,2
325,126,3,2
325,127,3,2
325,128,3,2
325,129,3,2
325,130,3,2
325,131,3,2
325,132,3,2
325,133,3,2
325,134,3,2
325,135,3,2
325,136,3,2
325,137,3,2
325,138,3,2
325,139,3,2
325,140,3,2
325,141,3,2
325,142,3,2
325,143,3,2
325,144,3,2
325,145,3,2
325,146,3,2
325,147,3,2
325,148,3,2
325,149,3,2
325,150,3,2
325,151,3,2
325,152,3,2
325,153,3,2
325,154,3,2
325,155,3,2
325,156,3,2
325,157,3,2
325,158,3,2
325,159,3,2
325,160,3,2
325,161,3,2
325,162,3,2
325,163,3,2
325,164,3,2
325,165,3,2
325,166,3,2
325,167,3,2
325,168,3,2
325,169,3,2
325,170,3,2
325,171,3,2
325,172,3,2
325,173,3,2
325,174,3,2
325,175,3,2
325,176,3,2
325,177,3,2
325,178,3,2
325,179,3,2
325,180,3,2
325,181,3,2
325,182,3,2
325,183,3,2
325,184,3,2
325,185,3,2
325,186,3,2
325,187,3,2
325,188,3,2
325,189,3,2
325,190,3,2
325,191,3,2
325,192,3,2
325,193,3,2
325,194,3,2
325,195,3,2
325,196,3,2
325,197,3,2
325,198,3,2
325,199,3,2
325,200,3,2
325,201,3,2
325,202,3,2
325,203,3,2
325,204,3,2
325,205,3,2
325,206,3,2
325,207,3,2
325,208,3,2
325,209,3,2
325,210,3,2
325,211,3,2
325,212,3,2
325,213,3,2
325,214,3,2
325,215,3,2
325,216,3,2
325,217,3,2
325,218,3,2
325,219,3,2
325,220,3,2
325,221,3,2
325,222,3,2
325,223,3,2
325,224,3,2
325,225,3,2
325,226,3,2
325,227,3,2
325,228,3,2
325,229,3,2
325,230,3,2
325,231,3,2
325,232,3,2
325,233,3,2
325,234,3,2
325,235,3,2
325,236,3,2
325,237,3,2
325,238,3,2
325,239,3,2
325,240,3,2
325,241,3,2
325,242,3,2
325,243,3,2
325,244,3,2
325,245,3,2
325,246,3,2
325,247,3,2
325,248,3,2
325,249,3,2
325,250,3,2
325,251,3,2
325,252,3,2
325,253,3,2
325,254,3,2
325,255,3,2
325,256,3,2
325,257,3,2
325,258,3,2
325,259,3,2
325,260,3,2
325,261,3,2
325,262,3,2
325,263,3,2
325,264,3,2
325,265,3,2
325,266,3,2
325,267,3,2
325,268,3,2
325,269,3,2
325,270,3,2
325,271,3,2
325,272,3,2
325,273,3,2
325,274,3,2
325,275,3,2
325,276,3,2
325,277,3,2
325,278,3,2
325,279,3,2
325,280,3,2
325,281,3,2
325,282,3,2
325,283,3,2
325,284,3,2
325,285,3,2
325,286,3,2
325,287,3,2
325,288,3,2
325,289,3,2
325,290,3,2
325,291,3,2
325,292,3,2
325,293,3,2
325,294,3,2
325,295,3,2
325,296,3,2
325,297,3,2
325,298,3,2
325,299,3,2
325,300,3,2
325,301,3,2
325,302,3,2
325,303,3,2
325,304,3,2
325,305,3,2
325,306,3,2
325,307,3,2
325,308,3,2
325,309,3,2
325,310,3,2
325,311,3,2
325,312,3,2
325,313,3,2
325,314,3,2
325,315,3,2
325,316,3,2
325,317,3,2
325,318,3,2
325,319,3,2
325,320,3,2
325,321,3,2
325,322,3,2
325,323,3,2
325,324,3,2
325,325,3,2
325,326,3,2
325,327,3,2
325,328,3,2
325,329,3,2
325,330,3,2
325,331,3,2
325,332,3,2
325,333,3,2
325,334,3,2
325,335,3,2
325,336,3,2
325,337,3,2
325,338,3,2
325,339,3,2
325,340,3,2
325,341,3,2
325,342,3,2
325,343,3,2
325,344,3,2
325,345,3,2
325,346,3,2
325,347,3,2
325,348,3,2
325,349,3,2
325,350,3,2
325,351,3,2
325,352,3,2
325,353,3,2
325,354,3,2
325,355,3,2
325,356,3,2
325,357,3,2
325,358,3,2
325,359,3,2
325,360,3,2
325,361,3,2
325,362,3,2
325,363,3,2
325,364,3,2
325,365,3,2
325,366,3,2
325,367,3,2
325,368,3,2
325,369,3,2
325,370,3,2
325,371,3,2
325,372,3,2
325,373,3,2
325,374,3,2
325,375,3,2
325,376,3,2
325,377,3,2
325,378,3,2
325,379,3,2
325,380,3,2
325,381,3,2
325,382,3,2
325,383,3,2
325,384,3,2
325,385,3,2
325,386,3,2
325,387,3,2
325,388,3,2
325,389,3,2
325,390,3,2
325,391,3,2
325,392,3,2
325,393,3,2
325,394,3,2
325,395,3,2
325,396,3,2
325,397,3,2
325,398,3,2
325,399,3,2
325,400,3,2
325,401,3,2
325,402,3,2
325,403,3,2
325,404,3,2
325,405,3,2
325,406,3,2
325,407,3,2
325,408,3,2
325,409,3,2
325,410,3,2
325,411,3,2
325,412,3,2
325,413,3,2
325,414,3,2
325,415,3,2
325,416,3,2
325,417,3,2
325,418,3,2
325,419,3,2
325,420,3,2
325,421,3,2
325,422,3,2
325,423,3,2
325,424,3,2
325,425,3,2
325,426,3,2
325,427,3,2
325,428,3,2
325,429,3,2
325,430,3,2
325,431,3,2
325,432,3,2
325,433,3,2
325,434,3,2
325,435,3,2
325,436,3,2
325,437,3,2
325,438,3,2
325,439,3,2
325,440,3,2
325,441,3,2
325,442,3,2
325,443,3,2
325,444,3,2
325,445,3,3
325,446,3,3
325,447,3,3
325,448,3,3
325,449,3,3
325,450,3,3
325,451,3,3
325,452,3,3
325,453,3,3
325,454,3,3
325,455,3,3
325,456,3,3
325,457,3,3
325,458,3,3
325,459,3,3
325,460,3,3
325,461,3,3
325,462,3,3
325,463,3,2
325,464,3,2
325,465,3,3
325,466,3,3
325,467,3,3
325,468,3,3
325,469,3,3
325,470,3,3
325,471,3,3
325,472,3,3
325,473,3,3
325,474,3,3
325,475,3,3
325,476,3,3
325,477,3,3
325,478,3,3
325,479,3,3
325,480,3,3
325,481,3,3
325,482,3,3
325,483,3,3
325,484,3,3
325,485,3,3
325,486,3,3
325,487,3,3
325,488,3,3
325,489,3,3
325,490,3,3
325,491,3,3
325,492,3,3
325,493,3,3
325,494,3,3
325,495,3,3
325,496,3,3
325,497,3,3
325,498,3,3
325,499,3,3
325,500,3,3
325,501,3,3
325,502,3,3
325,503,3,3
325,504,3,3
325,505,3,3
325,506,3,3
325,507,3,3
325,508,3,3
325,509,3,3
325,510,3,3
325,511,3,3
325,512,3,3
325,513,3,3
325,514,3,3
325,515,3,3
325,516,3,3
325,517,3,3
325,518,3,3
325,519,3,3
325,520,3,3
325,521,3,3
325,522,3,3
325,523,3,3
325,524,3,3
325,525,3,3
325,526,3,3
325,527,3,3
325,528,3,3
325,529,3,3
325,530,3,3
325,531,3,3
325,532,3,3
325,533,3,3
325,534,3,3
325,535,3,3
325,536,3,2
325,537,3,2
325,538,3,2
325,539,3,2
325,540,3,2
325,541,3,2
325,542,3,2
325,543,3,2
325,544,3,2
325,545,3,2
325,546,3,2
325,547,3,2
325,548,3,2
325,549,3,2
325,550,3,2
325,551,3,2
325,552,3,2
325,553,3,2
325,554,3,2
325,555,3,2
325,556,3,2
325,557,3,2
325,558,3,2
325,559,3,2
325,560,3,2
325,561,3,2
325,562,3,2
325,563,3,2
325,564,3,2
325,565,3,3
325,566,3,3
325,567,3,3
325,568,3,3
325,569,3,3
325,570,3,3
325,571,3,3
325,572,3,3
325,573,3,3
325,574,3,3
325,575,3,3
325,576,3,3
325,577,3,3
325,578,3,3
325,579,3,3
325,580,3,3
325,581,3,3
325,582,3,3
325,583,3,3
325,584,3,3
325,585,3,3
325,586,3,3
325,587,3,3
325,588,3,3
325,589,3,3
325,590,3,3
325,591,3,3
325,592,3,3
325,593,3,3
325,594,3,3
325,595,3,3
325,596,3,3
325,597,3,3
325,598,3,3
325,599,3,3
325,600,3,3
325,601,3,3
325,602,3,3
325,603,3,3
325,604,3,3
325,605,3,3
325,606,3,3
325,607,3,3
325,608,3,3
325,609,3,3
325,610,3,3
325,611,3,3
325,612,3,3
325,613,3,3
325,614,3,3
325,615,3,3
325,616,3,3
325,617,3,3
325,618,3,3
325,619,3,3
325,620,3,3
325,621,3,3
325,622,3,3
325,623,3,3
325,624,3,3
325,625,3,3
325,626,3,2
325,627,3,2
325,628,3,2
325,629,3,2
325,630,3,2
325,631,3,2
325,632,3,2
325,633,3,2
325,634,3,2
325,635,3,2
325,636,3,2
325,637,3,2
325,638,3,2
325,639,3,2
325,640,3,2
325,641,3,2
325,642,3,2
325,643,3,2
325,644,3,2
325,645,3,2
325,646,3,2
325,647,3,2
325,648,3,2
325,649,3,2
325,650,3,2
325,651,3,2
325,652,3,2
325,653,3,2
325,654,3,2
325,655,3,2
325,656,3,2
325,657,3,2
325,658,3,2
325,659,3,2
325,660,3,2
325,661,3,2
325,662,3,2
325,663,3,2
325,664,3,2
325,665,3,2
325,666,3,2
325,667,3,2
325,668,3,2
325,669,3,2
325,670,3,2
325,671,3,2
325,672,3,2
325,673,3,2
325,674,3,2
325,675,3,2
325,676,3,2
325,677,3,2
326,89,3,2
326,90,3,2
326,91,3,2
326,92,3,2
326,93,3,2
326,94,3,2
326,95,3,2
326,96,3,2
326,97,3,2
326,98,3,2
326,99,3,2
326,100,3,2
326,101,3,2
326,102,3,2
326,103,3,2
326,104,3,2
326,105,3,2
326,106,3,2
326,107,3,2
326,108,3,2
326,109,3,2
326,110,3,2
326,111,3,2
326,112,3,2
326,113,3,2
326,114,3,2
326,115,3,2
326,116,3,2
326,117,3,2
326,118,3,2
326,119,3,2
326,120,3,2
326,121,3,2
326,122,3,2
326,123,3,2
326,124,3,2
326,125,3,2
326,126,3,2
326,127,3,2
326,128,3,2
326,129,3,2
326,130,3,2
326,131,3,2
326,132,3,2
326,133,3,2
326,134,3,2
326,135,3,2
326,136,3,2
326,137,3,2
326,138,3,2
326,139,3,2
326,140,3,2
326,141,3,2
326,142,3,2
326,143,3,2
326,144,3,2
326,145,3,2
326,146,3,2
326,147,3,2
326,148,3,2
326,149,3,2
326,150,3,2
326,151,3,2
326,152,3,2
326,153,3,2
326,154,3,2
326,155,3,2
326,156,3,2
326,157,3,2
326,158,3,2
326,159,3,2
326,160,3,2
326,161,3,2
326,162,3,2
326,163,3,2
326,164,3,2
326,165,3,2
326,166,3,2
326,167,3,2
326,168,3,2
326,169,3,2
326,170,3,2
326,171,3,2
326,172,3,2
326,173,3,2
326,174,3,2
326,175,3,2
326,176,3,2
326,177,3,2
326,178,3,2
326,179,3,2
326,180,3,2
326,181,3,2
326,182,3,2
326,183,3,2
326,184,3,2
326,185,3,2
326,186,3,2
326,187,3,2
326,188,3,2
326,189,3,2
326,190,3,2
326,191,3,2
326,192,3,2
326,193,3,2
326,194,3,2
326,195,3,2
326,196,3,2
326,197,3,2
326,198,3,2
326,199,3,2
326,200,3,2
326,201,3,2
326,202,3,2
326,203,3,2
326,204,3,2
326,205,3,2
326,206,3,2
326,207,3,2
326,208,3,2
326,209,3,2
326,210,3,2
326,211,3,2
326,212,3,2
326,213,3,2
326,214,3,2
326,215,3,2
326,216,3,2
326,217,3,2
326,218,3,2
326,219,3,2
326,220,3,2
326,221,3,2
326,222,3,2
326,223,3,2
326,224,3,2
326,225,3,2
326,226,3,2
326,227,3,2
326,228,3,2
326,229,3,2
326,230,3,2
326,231,3,2
326,232,3,2
326,233,3,2
326,234,3,2
326,235,3,2
326,236,3,2
326,237,3,2
326,238,3,2
326,239,3,2
326,240,3,2
326,241,3,2
326,242,3,2
326,243,3,2
326,244,3,2
326,245,3,2
326,246,3,2
326,247,3,2
326,248,3,2
326,249,3,2
326,250,3,2
326,251,3,2
326,252,3,2
326,253,3,2
326,254,3,2
326,255,3,2
326,256,3,2
326,257,3,2
326,258,3,2
326,259,3,2
326,260,3,2
326,261,3,2
326,262,3,2
326,263,3,2
326,264,3,2
326,265,3,2
326,266,3,2
326,267,3,2
326,268,3,2
326,269,3,2
326,270,3,2
326,271,3,2
326,272,3,2
326,273,3,2
326,274,3,2
326,275,3,2
326,276,3,2
326,277,3,2
326,278,3,2
326,279,3,2
326,280,3,2
326,281,3,2
326,282,3,2
326,283,3,2
326,284,3,2
326,285,3,2
326,286,3,2
326,287,3,2
326,288,3,2
326,289,3,2
326,290,3,2
326,291,3,2
326,292,3,2
326,293,3,2
326,294,3,2
326,295,3,2
326,296,3,2
326,297,3,2
326,298,3,2
326,299,3,2
326,300,3,2
326,301,3,2
326,302,3,2
326,303,3,2
326,304,3,2
326,305,3,2
326,306,3,2
326,307,3,2
326,308,3,2
326,309,3,2
326,310,3,2
326,311,3,2
326,312,3,2
326,313,3,2
326,314,3,2
326,315,3,2
326,316,3,2
326,317,3,2
326,318,3,2
326,319,3,2
326,320,3,2
326,321,3,2
326,322,3,2
326,323,3,2
326,324,3,2
326,325,3,2
326,326,3,2
326,327,3,2
326,328,3,2
326,329,3,2
326,330,3,2
326,331,3,2
326,332,3,2
326,333,3,2
326,334,3,2
326,335,3,2
326,336,3,2
326,337,3,2
326,338,3,2
326,339,3,2
326,340,3,2
326,341,3,2
326,342,3,2
326,343,3,2
326,344,3,2
326,345,3,2
326,346,3,2
326,347,3,2
326,348,3,2
326,349,3,2
326,350,3,2
326,351,3,2
326,352,3,2
326,353,3,2
326,354,3,2
326,355,3,2
326,356,3,2
326,357,3,2
326,358,3,2
326,359,3,2
326,360,3,2
326,361,3,2
326,362,3,2
326,363,3,2
326,364,3,2
326,365,3,2
326,366,3,2
326,367,3,2
326,368,3,2
326,369,3,2
326,370,3,2
326,371,3,2
326,372,3,2
326,373,3,2
326,374,3,2
326,375,3,2
326,376,3,2
326,377,3,2
326,378,3,2
326,379,3,2
326,380,3,2
326,381,3,2
326,382,3,2
326,383,3,2
326,384,3,2
326,385,3,2
326,386,3,2
326,387,3,2
326,388,3,2
326,389,3,2
326,390,3,2
326,391,3,2
326,392,3,2
326,393,3,2
326,394,3,2
326,395,3,2
326,396,3,2
326,397,3,2
326,398,3,2
326,399,3,2
326,400,3,2
326,401,3,2
326,402,3,2
326,403,3,2
326,404,3,2
326,405,3,2
326,406,3,2
326,407,3,2
326,408,3,2
326,409,3,2
326,410,3,2
326,411,3,2
326,412,3,2
326,413,3,2
326,414,3,2
326,415,3,2
326,416,3,2
326,417,3,2
326,418,3,2
326,419,3,2
326,420,3,2
326,421,3,2
326,422,3,2
326,423,3,2
326,424,3,2
326,425,3,2
326,426,3,2
326,427,3,2
326,428,3,2
326,429,3,2
326,430,3,2
326,431,3,2
326,432,3,2
326,433,3,2
326,434,3,2
326,435,3,2
326,436,3,2
326,437,3,2
326,438,3,2
326,439,3,2
326,440,3,2
326,441,3,2
326,442,3,2
326,443,3,2
326,444,3,2
326,445,3,3
326,446,3,3
326,447,3,3
326,448,3,3
326,449,3,3
326,450,3,3
326,451,3,3
326,452,3,3
326,453,3,3
326,454,3,3
326,455,3,3
326,456,3,3
326,457,3,3
326,458,3,3
326,459,3,3
326,460,3,3
326,461,3,3
326,462,3,3
326,463,3,3
326,464,3,3
326,465,3,3
326,466,3,3
326,467,3,3
326,468,3,3
326,469,3,3
326,470,3,3
326,471,3,3
326,472,3,3
326,473,3,3
326,474,3,3
326,475,3,3
326,476,3,3
326,477,3,3
326,478,3,3
326,479,3,3
326,480,3,3
326,481,3,3
326,482,3,3
326,483,3,3
326,484,3,3
326,485,3,3
326,486,3,3
326,487,3,3
326,488,3,3
326,489,3,3
326,490,3,3
326,491,3,3
326,492,3,3
326,493,3,3
326,494,3,3
326,495,3,3
326,496,3,3
326,497,3,3
326,498,3,3
326,499,3,3
326,500,3,3
326,501,3,3
326,502,3,3
326,503,3,3
326,504,3,3
326,505,3,3
326,506,3,3
326,507,3,3
326,508,3,3
326,509,3,3
326,510,3,3
326,511,3,3
326,512,3,3
326,513,3,3
326,514,3,3
326,515,3,3
326,516,3,3
326,517,3,3
326,518,3,3
326,519,3,3
326,520,3,3
326,521,3,3
326,522,3,3
326,523,3,3
326,524,3,3
326,525,3,3
326,526,3,3
326,527,3,3
326,528,3,3
326,529,3,2
326,530,3,3
326,531,3,3
326,532,3,3
326,533,3,3
326,534,3,2
326,535,3,2
326,536,3,2
326,537,3,2
326,538,3,2
326,539,3,2
326,540,3,2
326,541,3,2
326,542,3,2
326,543,3,2
326,544,3,2
326,545,3,2
326,546,3,2
326,547,3,2
326,548,3,2
326,549,3,2
326,550,3,2
326,551,3,2
326,552,3,2
326,553,3,2
326,554,3,2
326,555,3,2
326,556,3,2
326,557,3,2
326,558,3,2
326,559,3,2
326,560,3,2
326,561,3,2
326,562,3,2
326,563,3,2
326,564,3,2
326,565,3,2
326,566,3,2
326,567,3,2
326,568,3,2
326,569,3,2
326,570,3,3
326,571,3,3
326,572,3,3
326,573,3,3
326,574,3,3
326,575,3,3
326,576,3,3
326,577,3,3
326,578,3,3
326,579,3,3
326,580,3,3
326,581,3,3
326,582,3,3
326,583,3,3
326,584,3,3
326,585,3,3
326,586,3,3
326,587,3,3
326,588,3,3
326,589,3,3
326,590,3,3
326,591,3,3
326,592,3,3
326,593,3,3
326,594,3,3
326,595,3,3
326,596,3,3
326,597,3,3
326,598,3,3
326,599,3,3
326,600,3,3
326,601,3,3
326,602,3,3
326,603,3,3
326,604,3,3
326,605,3,3
326,606,3,3
326,607,3,3
326,608,3,3
326,609,3,3
326,610,3,3
326,611,3,3
326,612,3,3
326,613,3,3
326,614,3,3
326,615,3,3
326,616,3,3
326,617,3,3
326,618,3,3
326,619,3,3
326,620,3,3
326,621,3,3
326,622,3,3
326,623,3,3
326,624,3,3
326,625,3,3
326,626,3,2
326,627,3,2
326,628,3,2
326,629,3,2
326,630,3,2
326,631,3,2
326,632,3,2
326,633,3,2
326,634,3,2
326,635,3,2
326,636,3,2
326,637,3,2
326,638,3,2
326,639,3,2
326,640,3,2
326,641,3,2
326,642,3,2
326,643,3,2
326,644,3,2
326,645,3,2
326,646,3,2
326,647,3,2
326,648,3,2
326,649,3,2
326,650,3,2
326,651,3,2
326,652,3,2
326,653,3,2
326,654,3,2
326,655,3,2
326,656,3,2
326,657,3,2
326,658,3,2
326,659,3,2
326,660,3,2
326,661,3,2
326,662,3,2
326,663,3,2
326,664,3,2
326,665,3,2
326,666,3,2
326,667,3,2
326,668,3,2
326,669,3,2
326,670,3,2
326,671,3,2
326,672,3,2
326,673,3,2
326,674,3,2
326,675,3,2
326,676,3,2
326,677,3,2
326,678,3,2
327,88,3,2
327,89,3,2
327,90,3,2
327,91,3,2
327,92,3,2
327,93,3,2
327,94,3,2
327,95,3,2
327,96,3,2
327,97,3,2
327,98,3,2
327,99,3,2
327,100,3,2
327,101,3,2
327,102,3,2
327,103,3,2
327,104,3,2
327,105,3,2
327,106,3,2
327,107,3,2
327,108,3,2
327,109,3,2
327,110,3,2
327,111,3,2
327,112,3,2
327,113,3,2
327,114,3,2
327,115,3,2
327,116,3,2
327,117,3,2
327,118,3,2
327,119,3,2
327,120,3,2
327,121,3,2
327,122,3,2
327,123,3,2
327,124,3,2
327,125,3,2
327,126,3,2
327,127,3,2
327,128,3,2
327,129,3,2
327,130,3,2
327,131,3,2
327,132,3,2
327,133,3,2
327,134,3,2
327,135,3,2
327,136,3,2
327,137,3,2
327,138,3,2
327,139,3,2
327,140,3,2
327,141,3,2
327,142,3,2
327,143,3,2
327,144,3,2
327,145,3,2
327,146,3,2
327,147,3,2
327,148,3,2
327,149,3,2
327,150,3,2
327,151,3,2
327,152,3,2
327,153,3,2
327,154,3,2
327,155,3,2
327,156,3,2
327,157,3,2
327,158,3,2
327,159,3,2
327,160,3,2
327,161,3,2
327,162,3,2
327,163,3,2
327,164,3,2
327,165,3,2
327,166,3,2
327,167,3,2
327,168,3,2
327,169,3,2
327,170,3,2
327,171,3,2
327,172,3,2
327,173,3,2
327,174,3,2
327,175,3,2
327,176,3,2
327,177,3,2
327,178,3,2
327,179,3,2
327,180,3,2
327,181,3,2
327,182,3,2
327,183,3,2
327,184,3,2
327,185,3,2
327,186,3,2
327,187,3,2
327,188,3,2
327,189,3,2
327,190,3,2
327,191,3,2
327,192,3,2
327,193,3,2
327,194,3,2
327,195,3,2
327,196,3,2
327,197,3,2
327,198,3,2
327,199,3,2
327,200,3,2
327,201,3,2
327,202,3,2
327,203,3,2
327,204,3,2
327,205,3,2
327,206,3,2
327,207,3,2
327,208,3,2
327,209,3,2
327,210,3,2
327,211,3,2
327,212,3,2
327,213,3,2
327,214,3,2
327,215,3,2
327,216,3,2
327,217,3,2
327,218,3,2
327,219,3,2
327,220,3,2
327,221,3,2
327,222,3,2
327,223,3,2
327,224,3,2
327,225,3,2
327,226,3,2
327,227,3,2
327,228,3,2
327,229,3,2
327,230,3,2
327,231,3,2
327,232,3,2
327,233,3,2
327,234,3,2
327,235,3,2
327,236,3,2
327,237,3,2
327,238,3,2
327,239,3,2
327,240,3,2
327,241,3,2
327,242,3,2
327,243,3,2
327,244,3,2
327,245,3,2
327,246,3,2
327,247,3,2
327,248,3,2
327,249,3,2
327,250,3,2
327,251,3,2
327,252,3,2
327,253,3,2
327,254,3,2
327,255,3,2
327,256,3,2
327,257,3,2
327,258,3,2
327,259,3,2
327,260,3,2
327,261,3,2
327,262,3,2
327,263,3,2
327,264,3,2
327,265,3,2
327,266,3,2
327,267,3,2
327,268,3,2
327,269,3,2
327,270,3,2
327,271,3,2
327,272,3,2
327,273,3,2
327,274,3,2
327,275,3,2
327,276,3,2
327,277,3,2
327,278,3,2
327,279,3,2
327,280,3,2
327,281,3,2
327,282,3,2
327,283,3,2
327,284,3,2
327,285,3,2
327,286,3,2
327,287,3,2
327,288,3,2
327,289,3,2
327,290,3,2
327,291,3,2
327,292,3,2
327,293,3,2
327,294,3,2
327,295,3,2
327,296,3,2
327,297,3,2
327,298,3,2
327,299,3,2
327,300,3,2
327,301,3,2
327,302,3,2
327,303,3,2
327,304,3,2
327,305,3,2
327,306,3,2
327,307,3,2
327,308,3,2
327,309,3,2
327,310,3,2
327,311,3,2
327,312,3,2
327,313,3,2
327,314,3,2
327,315,3,2
327,316,3,2
327,317,3,2
327,318,3,2
327,319,3,2
327,320,3,2
327,321,3,2
327,322,3,2
327,323,3,2
327,324,3,2
327,325,3,2
327,326,3,2
327,327,3,2
327,328,3,2
327,329,3,2
327,330,3,2
327,331,3,2
327,332,3,2
327,333,3,2
327,334,3,2
327,335,3,2
327,336,3,2
327,337,3,2
327,338,3,2
327,339,3,2
327,340,3,2
327,341,3,2
327,342,3,2
327,343,3,2
327,344,3,2
327,345,3,2
327,346,3,2
327,347,3,2
327,348,3,2
327,349,3,2
327,350,3,2
327,351,3,2
327,352,3,2
327,353,3,2
327,354,3,2
327,355,3,2
327,356,3,2
327,357,3,2
327,358,3,2
327,359,3,2
327,360,3,2
327,361,3,2
327,362,3,2
327,363,3,2
327,364,3,2
327,365,3,2
327,366,3,2
327,367,3,2
327,368,3,2
327,369,3,2
327,370,3,2
327,371,3,2
327,372,3,2
327,373,3,2
327,374,3,2
327,375,3,2
327,376,3,2
327,377,3,2
327,378,3,2
327,379,3,2
327,380,3,2
327,381,3,2
327,382,3,2
327,383,3,2
327,384,3,2
327,385,3,2
327,386,3,2
327,387,3,2
327,388,3,2
327,389,3,2
327,390,3,2
327,391,3,2
327,392,3,2
327,393,3,2
327,394,3,2
327,395,3,2
327,396,3,2
327,397,3,2
327,398,3,2
327,399,3,2
327,400,3,2
327,401,3,2
327,402,3,2
327,403,3,2
327,404,3,2
327,405,3,2
327,406,3,2
327,407,3,2
327,408,3,2
327,409,3,2
327,410,3,2
327,411,3,2
327,412,3,2
327,413,3,2
327,414,3,2
327,415,3,2
327,416,3,2
327,417,3,2
327,418,3,2
327,419,3,2
327,420,3,2
327,421,3,2
327,422,3,2
327,423,3,2
327,424,3,2
327,425,3,2
327,426,3,2
327,427,3,2
327,428,3,2
327,429,3,2
327,430,3,2
327,431,3,2
327,432,3,2
327,433,3,2
327,434,3,2
327,435,3,2
327,436,3,2
327,437,3,2
327,438,3,2
327,439,3,2
327,440,3,2
327,441,3,2
327,442,3,2
327,443,3,2
327,444,3,3
327,445,3,3
327,446,3,3
327,447,3,3
327,448,3,3
327,449,3,3
327,450,3,3
327,451,3,3
327,452,3,3
327,453,3,3
327,454,3,3
327,455,3,3
327,456,3,3
327,457,3,3
327,458,3,3
327,459,3,3
327,460,3,3
327,461,3,3
327,462,3,3
327,463,3,3
327,464,3,3
327,465,3,3
327,466,3,3
327,467,3,3
327,468,3,3
327,469,3,3
327,470,3,3
327,471,3,3
327,472,3,3
327,473,3,3
327,474,3,3
327,475,3,3
327,476,3,3
327,477,3,3
327,478,3,3
327,479,3,3
327,480,3,3
327,481,3,3
327,482,3,3
327,483,3,3
327,484,3,3
327,485,3,3
327,486,3,3
327,487,3,3
327,488,3,3
327,489,3,3
327,490,3,3
327,491,3,3
327,492,3,3
327,493,3,3
327,494,3,3
327,495,3,3
327,496,3,3
327,497,3,3
327,498,3,3
327,499,3,3
327,500,3,3
327,501,3,3
327,502,3,3
327,503,3,3
327,504,3,3
327,505,3,3
327,506,3,3
327,507,3,3
327,508,3,3
327,509,3,3
327,510,3,3
327,511,3,3
327,512,3,3
327,513,3,3
327,514,3,3
327,515,3,3
327,516,3,3
327,517,3,3
327,518,3,3
327,519,3,3
327,520,3,3
327,521,3,3
327,522,3,3
327,523,3,3
327,524,3,3
327,525,3,3
327,526,3,3
327,527,3,3
327,528,3,2
327,529,3,2
327,530,3,2
327,531,3,2
327,532,3,2
327,533,3,2
327,534,3,2
327,535,3,2
327,536,3,2
327,537,3,2
327,538,3,2
327,539,3,2
327,540,3,2
327,541,3,2
327,542,3,2
327,543,3,2
327,544,3,2
327,545,3,2
327,546,3,2
327,547,3,2
327,548,3,2
327,549,3,2
327,550,3,2
327,551,3,2
327,552,3,2
327,553,3,2
327,554,3,2
327,555,3,2
327,556,3,2
327,557,3,2
327,558,3,2
327,559,3,2
327,560,3,2
327,561,3,2
327,562,3,2
327,563,3,2
327,564,3,2
327,565,3,2
327,566,3,2
327,567,3,2
327,568,3,2
327,569,3,2
327,570,3,2
327,571,3,2
327,572,3,2
327,573,3,3
327,574,3,3
327,575,3,3
327,576,3,3
327,577,3,3
327,578,3,3
327,579,3,3
327,580,3,3
327,581,3,3
327,582,3,3
327,583,3,3
327,584,3,3
327,585,3,3
327,586,3,3
327,587,3,3
327,588,3,3
327,589,3,3
327,590,3,3
327,591,3,3
327,592,3,3
327,593,3,3
327,594,3,3
327,595,3,3
327,596,3,3
327,597,3,3
327,598,3,3
327,599,3,3
327,600,3,3
327,601,3,3
327,602,3,3
327,603,3,3
327,604,3,3
327,605,3,3
327,606,3,3
327,607,3,3
327,608,3,3
327,609,3,3
327,610,3,3
327,611,3,3
327,612,3,3
327,613,3,3
327,614,3,3
327,615,3,3
327,616,3,3
327,617,3,3
327,618,3,3
327,619,3,3
327,620,3,3
327,621,3,3
327,622,3,3
327,623,3,3
327,624,3,3
327,625,3,2
327,626,3,2
327,627,3,2
327,628,3,2
327,629,3,2
327,630,3,2
327,631,3,2
327,632,3,2
327,633,3,2
327,634,3,2
327,635,3,2
327,636,3,2
327,637,3,2
327,638,3,2
327,639,3,2
327,640,3,2
327,641,3,2
327,642,3,2
327,643,3,2
327,644,3,2
327,645,3,2
327,646,3,2
327,647,3,2
327,648,3,2
327,649,3,2
327,650,3,2
327,651,3,2
327,652,3,2
327,653,3,2
327,654,3,2
327,655,3,2
327,656,3,2
327,657,3,2
327,658,3,2
327,659,3,2
327,660,3,2
327,661,3,2
327,662,3,2
327,663,3,2
327,664,3,2
327,665,3,2
327,666,3,2
327,667,3,2
327,668,3,2
327,669,3,2
327,670,3,2
327,671,3,2
327,672,3,2
327,673,3,2
327,674,3,2
327,675,3,2
327,676,3,2
327,677,3,2
328,88,3,2
328,89,3,2
328,90,3,2
328,91,3,2
328,92,3,2
328,93,3,2
328,94,3,2
328,95,3,2
328,96,3,2
328,97,3,2
328,98,3,2
328,99,3,2
328,100,3,2
328,101,3,2
328,102,3,2
328,103,3,2
328,104,3,2
328,105,3,2
328,106,3,2
328,107,3,2
328,108,3,2
328,109,3,2
328,110,3,2
328,111,3,2
328,112,3,2
328,113,3,2
328,114,3,2
328,115,3,2
328,116,3,2
328,117,3,2
328,118,3,2
328,119,3,2
328,120,3,2
328,121,3,2
328,122,3,2
328,123,3,2
328,124,3,2
328,125,3,2
328,126,3,2
328,127,3,2
328,128,3,2
328,129,3,2
328,130,3,2
328,131,3,2
328,132,3,2
328,133,3,2
328,134,3,2
328,135,3,2
328,136,3,2
328,137,3,2
328,138,3,2
328,139,3,2
328,140,3,2
328,141,3,2
328,142,3,2
328,143,3,2
328,144,3,2
328,145,3,2
328,146,3,2
328,147,3,2
328,148,3,2
328,149,3,2
328,150,3,2
328,151,3,2
328,152,3,2
328,153,3,2
328,154,3,2
328,155,3,2
328,156,3,2
328,157,3,2
328,158,3,2
328,159,3,2
328,160,3,2
328,161,3,2
328,162,3,2
328,163,3,2
328,164,3,2
328,165,3,2
328,166,3,2
328,167,3,2
328,168,3,2
328,169,3,2
328,170,3,2
328,171,3,2
328,172,3,2
328,173,3,2
328,174,3,2
328,175,3,2
328,176,3,2
328,177,3,2
328,178,3,2
328,179,3,2
328,180,3,2
328,181,3,2
328,182,3,2
328,183,3,2
328,184,3,2
328,185,3,2
328,186,3,2
328,187,3,2
328,188,3,2
328,189,3,2
328,190,3,2
328,191,3,2
328,192,3,2
328,193,3,2
328,194,3,2
328,195,3,2
328,196,3,2
328,197,3,2
328,198,3,2
328,199,3,2
328,200,3,2
328,201,3,2
328,202,3,2
328,203,3,2
328,204,3,2
328,205,3,2
328,206,3,2
328,207,3,2
328,208,3,2
328,209,3,2
328,210,3,2
328,211,3,2
328,212,3,2
328,213,3,2
328,214,3,2
328,215,3,2
328,216,3,2
328,217,3,2
328,218,3,2
328,219,3,2
328,220,3,2
328,221,3,2
328,222,3,2
328,223,3,2
328,224,3,2
328,225,3,2
328,226,3,2
328,227,3,2
328,228,3,2
328,229,3,2
328,230,3,2
328,231,3,2
328,232,3,2
328,233,3,2
328,234,3,2
328,235,3,2
328,236,3,2
328,237,3,2
328,238,3,2
328,239,3,2
328,240,3,2
328,241,3,2
328,242,3,2
328,243,3,2
328,244,3,2
328,245,3,2
328,246,3,2
328,247,3,2
328,248,3,2
328,249,3,2
328,250,3,2
328,251,3,2
328,252,3,2
328,253,3,2
328,254,3,2
328,255,3,2
328,256,3,2
328,257,3,2
328,258,3,2
328,259,3,2
328,260,3,2
328,261,3,2
328,262,3,2
328,263,3,2
328,264,3,2
328,265,3,2
328,266,3,2
328,267,3,2
328,268,3,2
328,269,3,2
328,270,3,2
328,271,3,2
328,272,3,2
328,273,3,2
328,274,3,2
328,275,3,2
328,276,3,2
328,277,3,2
328,278,3,2
328,279,3,2
328,280,3,2
328,281,3,2
328,282,3,2
328,283,3,2
328,284,3,2
328,285,3,2
328,286,3,2
328,287,3,2
328,288,3,2
328,289,3,2
328,290,3,2
328,291,3,2
328,292,3,2
328,293,3,2
328,294,3,2
328,295,3,2
328,296,3,2
328,297,3,2
328,298,3,2
328,299,3,2
328,300,3,2
328,301,3,2
328,302,3,2
328,303,3,2
328,304,3,2
328,305,3,2
328,306,3,2
328,307,3,2
328,308,3,2
328,309,3,2
328,310,3,2
328,311,3,2
328,312,3,2
328,313,3,2
328,314,3,2
328,315,3,2
328,316,3,2
328,317,3,2
328,318,3,2
328,319,3,2
328,320,3,2
328,321,3,2
328,322,3,2
328,323,3,2
328,324,3,2
328,325,3,2
328,326,3,2
328,327,3,2
328,328,3,2
328,329,3,2
328,330,3,2
328,331,3,2
328,332,3,2
328,333,3,2
328,334,3,2
328,335,3,2
328,336,3,2
328,337,3,2
328,338,3,2
328,339,3,2
328,340,3,2
328,341,3,2
328,342,3,2
328,343,3,2
328,344,3,2
328,345,3,2
328,346,3,2
328,347,3,2
328,348,3,2
328,349,3,2
328,350,3,2
328,351,3,2
328,352,3,2
328,353,3,2
328,354,3,2
328,355,3,2
328,356,3,2
328,357,3,2
328,358,3,2
328,359,3,2
328,360,3,2
328,361,3,2
328,362,3,2
328,363,3,2
328,364,3,2
328,365,3,2
328,366,3,2
328,367,3,2
328,368,3,2
328,369,3,2
328,370,3,2
328,371,3,2
328,372,3,2
328,373,3,2
328,374,3,2
328,375,3,2
328,376,3,2
328,377,3,2
328,378,3,2
328,379,3,2
328,380,3,2
328,381,3,2
328,382,3,2
328,383,3,2
328,384,3,2
328,385,3,2
328,386,3,2
328,387,3,2
328,388,3,2
328,389,3,2
328,390,3,2
328,391,3,2
328,392,3,2
328,393,3,2
328,394,3,2
328,395,3,2
328,396,3,2
328,397,3,2
328,398,3,2
328,399,3,2
328,400,3,2
328,401,3,2
328,402,3,2
328,403,3,2
328,404,3,2
328,405,3,2
328,406,3,2
328,407,3,2
328,408,3,2
328,409,3,2
328,410,3,2
328,411,3,2
328,412,3,2
328,413,3,2
328,414,3,2
328,415,3,2
328,416,3,2
328,417,3,2
328,418,3,2
328,419,3,2
328,420,3,2
328,421,3,2
328,422,3,2
328,423,3,2
328,424,3,2
328,425,3,2
328,426,3,2
328,427,3,2
328,428,3,2
328,429,3,2
328,430,3,2
328,431,3,2
328,432,3,2
328,433,3,2
328,434,3,2
328,435,3,2
328,436,3,2
328,437,3,2
328,438,3,2
328,439,3,2
328,440,3,2
328,441,3,2
328,442,3,2
328,443,3,2
328,444,3,3
328,445,3,3
328,446,3,3
328,447,3,3
328,448,3,3
328,449,3,3
328,450,3,3
328,451,3,3
328,452,3,3
328,453,3,3
328,454,3,3
328,455,3,3
328,456,3,3
328,457,3,3
328,458,3,3
328,459,3,3
328,460,3,3
328,461,3,3
328,462,3,3
328,463,3,3
328,464,3,3
328,465,3,3
328,466,3,3
328,467,3,3
328,468,3,3
328,469,3,3
328,470,3,3
328,471,3,3
328,472,3,3
328,473,3,3
328,474,3,3
328,475,3,3
328,476,3,3
328,477,3,3
328,478,3,3
328,479,3,3
328,480,3,3
328,481,3,3
328,482,3,3
328,483,3,3
328,484,3,3
328,485,3,3
328,486,3,3
328,487,3,3
328,488,3,3
328,489,3,3
328,490,3,3
328,491,3,3
328,492,3,3
328,493,3,3
328,494,3,3
328,495,3,3
328,496,3,3
328,497,3,3
328,498,3,3
328,499,3,3
328,500,3,3
328,501,3,3
328,502,3,3
328,503,3,3
328,504,3,3
328,505,3,3
328,506,3,3
328,507,3,3
328,508,3,3
328,509,3,3
328,510,3,3
328,511,3,3
328,512,3,3
328,513,3,3
328,514,3,3
328,515,3,3
328,516,3,3
328,517,3,3
328,518,3,3
328,519,3,3
328,520,3,3
328,521,3,3
328,522,3,3
328,523,3,3
328,524,3,3
328,525,3,3
328,526,3,3
328,527,3,3
328,528,3,2
328,529,3,2
328,530,3,2
328,531,3,2
328,532,3,2
328,533,3,2
328,534,3,2
328,535,3,2
328,536,3,2
328,537,3,2
328,538,3,2
328,539,3,2
328,540,3,2
328,541,3,2
328,542,3,2
328,543,3,2
328,544,3,2
328,545,3,2
328,546,3,2
328,547,3,2
328,548,3,2
328,549,3,2
328,550,3,2
328,551,3,2
328,552,3,2
328,553,3,2
328,554,3,2
328,555,3,2
328,556,3,2
328,557,3,2
328,558,3,2
328,559,3,2
328,560,3,2
328,561,3,2
328,562,3,2
328,563,3,2
328,564,3,2
328,565,3,2
328,566,3,2
328,567,3,2
328,568,3,2
328,569,3,2
328,570,3,2
328,571,3,2
328,572,3,2
328,573,3,3
328,574,3,3
328,575,3,3
328,576,3,3
328,577,3,3
328,578,3,3
328,579,3,3
328,580,3,3
328,581,3,3
328,582,3,3
328,583,3,3
328,584,3,3
328,585,3,3
328,586,3,3
328,587,3,3
328,588,3,3
328,589,3,3
328,590,3,3
328,591,3,3
328,592,3,3
328,593,3,3
328,594,3,3
328,595,3,3
328,596,3,3
328,597,3,3
328,598,3,3
328,599,3,3
328,600,3,3
328,601,3,3
328,602,3,3
328,603,3,3
328,604,3,3
328,605,3,3
328,606,3,3
328,607,3,3
328,608,3,3
328,609,3,3
328,610,3,3
328,611,3,3
328,612,3,3
328,613,3,3
328,614,3,3
328,615,3,3
328,616,3,3
328,617,3,3
328,618,3,3
328,619,3,3
328,620,3,3
328,621,3,3
328,622,3,3
328,623,3,3
328,624,3,3
328,625,3,2
328,626,3,2
328,627,3,2
328,628,3,2
328,629,3,2
328,630,3,2
328,631,3,2
328,632,3,2
328,633,3,2
328,634,3,2
328,635,3,2
328,636,3,2
328,637,3,2
328,638,3,2
328,639,3,2
328,640,3,2
328,641,3,2
328,642,3,2
328,643,3,2
328,644,3,2
328,645,3,2
328,646,3,2
328,647,3,2
328,648,3,2
328,649,3,2
328,650,3,2
328,651,3,2
328,652,3,2
328,653,3,2
328,654,3,2
328,655,3,2
328,656,3,2
328,657,3,2
328,658,3,2
328,659,3,2
328,660,3,2
328,661,3,2
328,662,3,2
328,663,3,2
328,664,3,2
328,665,3,2
328,666,3,2
328,667,3,2
328,668,3,2
328,669,3,2
328,670,3,2
328,671,3,2
328,672,3,2
328,673,3,2
328,674,3,2
328,675,3,2
328,676,3,2
328,677,3,2
328,678,3,2
328,679,3,2
329,87,3,2
329,88,3,2
329,89,3,2
329,90,3,2
329,91,3,2
329,92,3,2
329,93,3,2
329,94,3,2
329,95,3,2
329,96,3,2
329,97,3,2
329,98,3,2
329,99,3,2
329,100,3,2
329,101,3,2
329,102,3,2
329,103,3,2
329,104,3,2
329,105,3,2
329,106,3,2
329,107,3,2
329,108,3,2
329,109,3,2
329,110,3,2
329,111,3,2
329,112,3,2
329,113,3,2
329,114,3,2
329,115,3,2
329,116,3,2
329,117,3,2
329,118,3,2
329,119,3,2
329,120,3,2
329,121,3,2
329,122,3,2
329,123,3,2
329,124,3,2
329,125,3,2
329,126,3,2
329,127,3,2
329,128,3,2
329,129,3,2
329,130,3,2
329,131,3,2
329,132,3,2
329,133,3,2
329,134,3,2
329,135,3,2
329,136,3,2
329,137,3,2
329,138,3,2
329,139,3,2
329,140,3,2
329,141,3,2
329,142,3,2
329,143,3,2
329,144,3,2
329,145,3,2
329,146,3,2
329,147,3,2
329,148,3,2
329,149,3,2
329,150,3,2
329,151,3,2
329,152,3,2
329,153,3,2
329,154,3,2
329,155,3,2
329,156,3,2
329,157,3,2
329,158,3,2
329,159,3,2
329,160,3,2
329,161,3,2
329,162,3,2
329,163,3,2
329,164,3,2
329,165,3,2
329,166,3,2
329,167,3,2
329,168,3,2
329,169,3,2
329,170,3,2
329,171,3,2
329,172,3,2
329,173,3,2
329,174,3,2
329,175,3,2
329,176,3,2
329,177,3,2
329,178,3,2
329,179,3,2
329,180,3,2
329,181,3,2
329,182,3,2
329,183,3,2
329,184,3,2
329,185,3,2
329,186,3,2
329,187,3,2
329,188,3,2
329,189,3,2
329,190,3,2
329,191,3,2
329,192,3,2
329,193,3,2
329,194,3,2
329,195,3,2
329,196,3,2
329,197,3,2
329,198,3,2
329,199,3,2
329,200,3,2
329,201,3,2
329,202,3,2
329,203,3,2
329,204,3,2
329,205,3,2
329,206,3,2
329,207,3,2
329,208,3,2
329,209,3,2
329,210,3,2
329,211,3,2
329,212,3,2
329,213,3,2
329,214,3,2
329,215,3,2
329,216,3,2
329,217,3,2
329,218,3,2
329,219,3,2
329,220,3,2
329,221,3,2
329,222,3,2
329,223,3,2
329,224,3,2
329,225,3,2
329,226,3,2
329,227,3,2
329,228,3,2
329,229,3,2
329,230,3,2
329,231,3,2
329,232,3,2
329,233,3,2
329,234,3,2
329,235,3,2
329,236,3,2
329,237,3,2
329,238,3,2
329,239,3,2
329,240,3,2
329,241,3,2
329,242,3,2
329,243,3,2
329,244,3,2
329,245,3,2
329,246,3,2
329,247,3,2
329,248,3,2
329,249,3,2
329,250,3,2
329,251,3,2
329,252,3,2
329,253,3,2
329,254,3,2
329,255,3,2
329,256,3,2
329,257,3,2
329,258,3,2
329,259,3,2
329,260,3,2
329,261,3,2
329,262,3,2
329,263,3,2
329,264,3,2
329,265,3,2
329,266,3,2
329,267,3,2
329,268,3,2
329,269,3,2
329,270,3,2
329,271,3,2
329,272,3,2
329,273,3,2
329,274,3,2
329,275,3,2
329,276,3,2
329,277,3,2
329,278,3,2
329,279,3,2
329,280,3,2
329,281,3,2
329,282,3,2
329,283,3,2
329,284,3,2
329,285,3,2
329,286,3,2
329,287,3,2
329,288,3,2
329,289,3,2
329,290,3,2
329,291,3,2
329,292,3,2
329,293,3,2
329,294,3,2
329,295,3,2
329,296,3,2
329,297,3,2
329,298,3,2
329,299,3,2
329,300,3,2
329,301,3,2
329,302,3,2
329,303,3,2
329,304,3,2
329,305,3,2
329,306,3,2
329,307,3,2
329,308,3,2
329,309,3,2
329,310,3,2
329,311,3,2
329,312,3,2
329,313,3,2
329,314,3,2
329,315,3,2
329,316,3,2
329,317,3,2
329,318,3,2
329,319,3,2
329,320,3,2
329,321,3,2
329,322,3,2
329,323,3,2
329,324,3,2
329,325,3,2
329,326,3,2
329,327,3,2
329,328,3,2
329,329,3,2
329,330,3,2
329,331,3,2
329,332,3,2
329,333,3,2
329,334,3,2
329,335,3,2
329,336,3,2
329,337,3,2
329,338,3,2
329,339,3,2
329,340,3,2
329,341,3,2
329,342,3,2
329,343,3,2
329,344,3,2
329,345,3,2
329,346,3,2
329,347,3,2
329,348,3,2
329,349,3,2
329,350,3,2
329,351,3,2
329,352,3,2
329,353,3,2
329,354,3,2
329,355,3,2
329,356,3,2
329,357,3,2
329,358,3,2
329,359,3,2
329,360,3,2
329,361,3,2
329,362,3,2
329,363,3,2
329,364,3,2
329,365,3,2
329,366,3,2
329,367,3,2
329,368,3,2
329,369,3,2
329,370,3,2
329,371,3,2
329,372,3,2
329,373,3,2
329,374,3,2
329,375,3,2
329,376,3,2
329,377,3,2
329,378,3,2
329,379,3,2
329,380,3,2
329,381,3,2
329,382,3,2
329,383,3,2
329,384,3,2
329,385,3,2
329,386,3,2
329,387,3,2
329,388,3,2
329,389,3,2
329,390,3,2
329,391,3,2
329,392,3,2
329,393,3,2
329,394,3,2
329,395,3,2
329,396,3,2
329,397,3,2
329,398,3,2
329,399,3,2
329,400,3,2
329,401,3,2
329,402,3,2
329,403,3,2
329,404,3,2
329,405,3,2
329,406,3,2
329,407,3,2
329,408,3,2
329,409,3,2
329,410,3,2
329,411,3,2
329,412,3,2
329,413,3,2
329,414,3,2
329,415,3,2
329,416,3,2
329,417,3,2
329,418,3,2
329,419,3,2
329,420,3,2
329,421,3,2
329,422,3,2
329,423,3,2
329,424,3,2
329,425,3,2
329,426,3,2
329,427,3,2
329,428,3,2
329,429,3,2
329,430,3,2
329,431,3,2
329,432,3,2
329,433,3,2
329,434,3,2
329,435,3,2
329,436,3,2
329,437,3,2
329,438,3,2
329,439,3,2
329,440,3,2
329,441,3,2
329,442,3,2
329,443,3,3
329,444,3,3
329,445,3,3
329,446,3,3
329,447,3,3
329,448,3,3
329,449,3,3
329,450,3,3
329,451,3,3
329,452,3,3
329,453,3,3
329,454,3,3
329,455,3,3
329,456,3,3
329,457,3,3
329,458,3,3
329,459,3,3
329,460,3,3
329,461,3,3
329,462,3,3
329,463,3,3
329,464,3,3
329,465,3,3
329,466,3,3
329,467,3,3
329,468,3,3
329,469,3,3
329,470,3,3
329,471,3,3
329,472,3,3
329,473,3,3
329,474,3,3
329,475,3,3
329,476,3,3
329,477,3,3
329,478,3,3
329,479,3,3
329,480,3,3
329,481,3,3
329,482,3,3
329,483,3,3
329,484,3,3
329,485,3,3
329,486,3,3
329,487,3,3
329,488,3,3
329,489,3,3
329,490,3,3
329,491,3,3
329,492,3,3
329,493,3,3
329,494,3,3
329,495,3,3
329,496,3,3
329,497,3,3
329,498,3,3
329,499,3,3
329,500,3,3
329,501,3,3
329,502,3,3
329,503,3,3
329,504,3,3
329,505,3,3
329,506,3,3
329,507,3,3
329,508,3,3
329,509,3,3
329,510,3,3
329,511,3,3
329,512,3,3
329,513,3,3
329,514,3,3
329,515,3,3
329,516,3,3
329,517,3,3
329,518,3,3
329,519,3,3
329,520,3,3
329,521,3,3
329,522,3,3
329,523,3,3
329,524,3,3
329,525,3,3
329,526,3,3
329,527,3,2
329,528,3,2
329,529,3,2
329,530,3,2
329,531,3,2
329,532,3,2
329,533,3,2
329,534,3,2
329,535,3,2
329,536,3,2
329,537,3,2
329,538,3,2
329,539,3,2
329,540,3,2
329,541,3,2
329,542,3,2
329,543,3,2
329,544,3,2
329,545,3,2
329,546,3,2
329,547,3,2
329,548,3,2
329,549,3,2
329,550,3,2
329,551,3,2
329,552,3,2
329,553,3,2
329,554,3,2
329,555,3,2
329,556,3,2
329,557,3,2
329,558,3,2
329,559,3,2
329,560,3,2
329,561,3,2
329,562,3,2
329,563,3,2
329,564,3,2
329,565,3,2
329,566,3,2
329,567,3,2
329,568,3,2
329,569,3,2
329,570,3,2
329,571,3,2
329,572,3,2
329,573,3,3
329,574,3,3
329,575,3,3
329,576,3,3
329,577,3,3
329,578,3,3
329,579,3,3
329,580,3,3
329,581,3,3
329,582,3,3
329,583,3,3
329,584,3,3
329,585,3,3
329,586,3,3
329,587,3,3
329,588,3,3
329,589,3,3
329,590,3,3
329,591,3,3
329,592,3,3
329,593,3,3
329,594,3,3
329,595,3,3
329,596,3,3
329,597,3,3
329,598,3,3
329,599,3,3
329,600,3,3
329,601,3,3
329,602,3,3
329,603,3,3
329,604,3,3
329,605,3,3
329,606,3,3
329,607,3,3
329,608,3,3
329,609,3,3
329,610,3,3
329,611,3,3
329,612,3,3
329,613,3,3
329,614,3,3
329,615,3,3
329,616,3,3
329,617,3,3
329,618,3,3
329,619,3,3
329,620,3,3
329,621,3,3
329,622,3,3
329,623,3,3
329,624,3,2
329,625,3,2
329,626,3,2
329,627,3,2
329,628,3,2
329,629,3,2
329,630,3,2
329,631,3,2
329,632,3,2
329,633,3,2
329,634,3,2
329,635,3,2
329,636,3,2
329,637,3,2
329,638,3,2
329,639,3,2
329,640,3,2
329,641,3,2
329,642,3,2
329,643,3,2
329,644,3,2
329,645,3,2
329,646,3,2
329,647,3,2
329,648,3,2
329,649,3,2
329,650,3,2
329,651,3,2
329,652,3,2
329,653,3,2
329,654,3,2
329,655,3,2
329,656,3,2
329,657,3,2
329,658,3,2
329,659,3,2
329,660,3,2
329,661,3,2
329,662,3,2
329,663,3,2
329,664,3,2
329,665,3,2
329,666,3,2
329,667,3,2
329,668,3,2
329,669,3,2
329,670,3,2
329,671,3,2
329,672,3,2
329,673,3,2
329,674,3,2
329,675,3,2
329,676,3,2
329,677,3,2
330,86,3,2
330,87,3,2
330,88,3,2
330,89,3,2
330,90,3,2
330,91,3,2
330,92,3,2
330,93,3,2
330,94,3,2
330,95,3,2
330,96,3,2
330,97,3,2
330,98,3,2
330,99,3,2
330,100,3,2
330,101,3,2
330,102,3,2
330,103,3,2
330,104,3,2
330,105,3,2
330,106,3,2
330,107,3,2
330,108,3,2
330,109,3,2
330,110,3,2
330,111,3,2
330,112,3,2
330,113,3,2
330,114,3,2
330,115,3,2
330,116,3,2
330,117,3,2
330,118,3,2
330,119,3,2
330,120,3,2
330,121,3,2
330,122,3,2
330,123,3,2
330,124,3,2
330,125,3,2
330,126,3,2
330,127,3,2
330,128,3,2
330,129,3,2
330,130,3,2
330,131,3,2
330,132,3,2
330,133,3,2
330,134,3,2
330,135,3,2
330,136,3,2
330,137,3,2
330,138,3,2
330,139,3,2
330,140,3,2
330,141,3,2
330,142,3,2
330,143,3,2
330,144,3,2
330,145,3,2
330,146,3,2
330,147,3,2
330,148,3,2
330,149,3,2
330,150,3,2
330,151,3,2
330,152,3,2
330,153,3,2
330,154,3,2
330,155,3,2
330,156,3,2
330,157,3,2
330,158,3,2
330,159,3,2
330,160,3,2
330,161,3,2
330,162,3,2
330,163,3,2
330,164,3,2
330,165,3,2
330,166,3,2
330,167,3,2
330,168,3,2
330,169,3,2
330,170,3,2
330,171,3,2
330,172,3,2
330,173,3,2
330,174,3,2
330,175,3,2
330,176,3,2
330,177,3,2
330,178,3,2
330,179,3,2
330,180,3,2
330,181,3,2
330,182,3,2
330,183,3,2
330,184,3,2
330,185,3,2
330,186,3,2
330,187,3,2
330,188,3,2
330,189,3,2
330,190,3,2
330,191,3,2
330,192,3,2
330,193,3,2
330,194,3,2
330,195,3,2
330,196,3,2
330,197,3,2
330,198,3,2
330,199,3,2
330,200,3,2
330,201,3,2
330,202,3,2
330,203,3,2
330,204,3,2
330,205,3,2
330,206,3,2
330,207,3,2
330,208,3,2
330,209,3,2
330,210,3,2
330,211,3,2
330,212,3,2
330,213,3,2
330,214,3,2
330,215,3,2
330,216,3,2
330,217,3,2
330,218,3,2
330,219,3,2
330,220,3,2
330,221,3,2
330,222,3,2
330,223,3,2
330,224,3,2
330,225,3,2
330,226,3,2
330,227,3,2
330,228,3,2
330,229,3,2
330,230,3,2
330,231,3,2
330,232,3,2
330,233,3,2
330,234,3,2
330,235,3,2
330,236,3,2
330,237,3,2
330,238,3,2
330,239,3,2
330,240,3,2
330,241,3,2
330,242,3,2
330,243,3,2
330,244,3,2
330,245,3,2
330,246,3,2
330,247,3,2
330,248,3,2
330,249,3,2
330,250,3,2
330,251,3,2
330,252,3,2
330,253,3,2
330,254,3,2
330,255,3,2
330,256,3,2
330,257,3,2
330,258,3,2
330,259,3,2
330,260,3,2
330,261,3,2
330,262,3,2
330,263,3,2
330,264,3,2
330,265,3,2
330,266,3,2
330,267,3,2
330,268,3,2
330,269,3,2
330,270,3,2
330,271,3,2
330,272,3,2
330,273,3,2
330,274,3,2
330,275,3,2
330,276,3,2
330,277,3,2
330,278,3,2
330,279,3,2
330,280,3,2
330,281,3,2
330,282,3,2
330,283,3,2
330,284,3,2
330,285,3,2
330,286,3,2
330,287,3,2
330,288,3,2
330,289,3,2
330,290,3,2
330,291,3,2
330,292,3,2
330,293,3,2
330,294,3,2
330,295,3,2
330,296,3,2
330,297,3,2
330,298,3,2
330,299,3,2
330,300,3,2
330,301,3,2
330,302,3,2
330,303,3,2
330,304,3,2
330,305,3,2
330,306,3,2
330,307,3,2
330,308,3,2
330,309,3,2
330,310,3,2
330,311,3,2
330,312,3,2
330,313,3,2
330,314,3,2
330,315,3,2
330,316,3,2
330,317,3,2
330,318,3,2
330,319,3,2
330,320,3,2
330,321,3,2
330,322,3,2
330,323,3,2
330,324,3,2
330,325,3,2
330,326,3,2
330,327,3,2
330,328,3,2
330,329,3,2
330,330,3,2
330,331,3,2
330,332,3,2
330,333,3,2
330,334,3,2
330,335,3,2
330,336,3,2
330,337,3,2
330,338,3,2
330,339,3,2
330,340,3,2
330,341,3,2
330,342,3,2
330,343,3,2
330,344,3,2
330,345,3,2
330,346,3,2
330,347,3,2
330,348,3,2
330,349,3,2
330,350,3,2
330,351,3,2
330,352,3,2
330,353,3,2
330,354,3,2
330,355,3,2
330,356,3,2
330,357,3,2
330,358,3,2
330,359,3,2
330,360,3,2
330,361,3,2
330,362,3,2
330,363,3,2
330,364,3,2
330,365,3,2
330,366,3,2
330,367,3,2
330,368,3,2
330,369,3,2
330,370,3,2
330,371,3,2
330,372,3,2
330,373,3,2
330,374,3,2
330,375,3,2
330,376,3,2
330,377,3,2
330,378,3,2
330,379,3,2
330,380,3,2
330,381,3,2
330,382,3,2
330,383,3,2
330,384,3,2
330,385,3,2
330,386,3,2
330,387,3,2
330,388,3,2
330,389,3,2
330,390,3,2
330,391,3,2
330,392,3,2
330,393,3,2
330,394,3,2
330,395,3,2
330,396,3,2
330,397,3,2
330,398,3,2
330,399,3,2
330,400,3,2
330,401,3,2
330,402,3,2
330,403,3,2
330,404,3,2
330,405,3,2
330,406,3,2
330,407,3,2
330,408,3,2
330,409,3,2
330,410,3,2
330,411,3,2
330,412,3,2
330,413,3,2
330,414,3,2
330,415,3,2
330,416,3,2
330,417,3,2
330,418,3,2
330,419,3,2
330,420,3,2
330,421,3,2
330,422,3,2
330,423,3,2
330,424,3,2
330,425,3,2
330,426,3,2
330,427,3,2
330,428,3,2
330,429,3,2
330,430,3,2
330,431,3,2
330,432,3,2
330,433,3,2
330,434,3,2
330,435,3,2
330,436,3,2
330,437,3,2
330,438,3,2
330,439,3,2
330,440,3,2
330,441,3,2
330,442,3,2
330,443,3,3
330,444,3,3
330,445,3,3
330,446,3,3
330,447,3,3
330,448,3,3
330,449,3,3
330,450,3,3
330,451,3,3
330,452,3,3
330,453,3,3
330,454,3,3
330,455,3,3
330,456,3,3
330,457,3,3
330,458,3,3
330,459,3,3
330,460,3,3
330,461,3,3
330,462,3,3
330,463,3,3
330,464,3,3
330,465,3,3
330,466,3,3
330,467,3,3
330,468,3,3
330,469,3,3
330,470,3,3
330,471,3,3
330,472,3,3
330,473,3,3
330,474,3,3
330,475,3,3
330,476,3,3
330,477,3,3
330,478,3,3
330,479,3,3
330,480,3,3
330,481,3,3
330,482,3,3
330,483,3,3
330,484,3,3
330,485,3,3
330,486,3,3
330,487,3,3
330,488,3,3
330,489,3,3
330,490,3,3
330,491,3,3
330,492,3,3
330,493,3,3
330,494,3,3
330,495,3,3
330,496,3,3
330,497,3,3
330,498,3,3
330,499,3,3
330,500,3,3
330,501,3,3
330,502,3,3
330,503,3,3
330,504,3,3
330,505,3,3
330,506,3,3
330,507,3,3
330,508,3,3
330,509,3,3
330,510,3,3
330,511,3,3
330,512,3,3
330,513,3,3
330,514,3,3
330,515,3,3
330,516,3,3
330,517,3,3
330,518,3,3
330,519,3,3
330,520,3,3
330,521,3,3
330,522,3,3
330,523,3,3
330,524,3,3
330,525,3,3
330,526,3,3
330,527,3,2
330,528,3,2
330,529,3,2
330,530,3,2
330,531,3,2
330,532,3,2
330,533,3,2
330,534,3,2
330,535,3,2
330,536,3,2
330,537,3,2
330,538,3,2
330,539,3,2
330,540,3,2
330,541,3,2
330,542,3,2
330,543,3,2
330,544,3,2
330,545,3,2
330,546,3,2
330,547,3,2
330,548,3,2
330,549,3,2
330,550,3,2
330,551,3,2
330,552,3,2
330,553,3,2
330,554,3,2
330,555,3,2
330,556,3,2
330,557,3,2
330,558,3,2
330,559,3,2
330,560,3,2
330,561,3,2
330,562,3,2
330,563,3,2
330,564,3,2
330,565,3,2
330,566,3,2
330,567,3,2
330,568,3,2
330,569,3,2
330,570,3,2
330,571,3,2
330,572,3,2
330,573,3,3
330,574,3,3
330,575,3,3
330,576,3,3
330,577,3,3
330,578,3,3
330,579,3,3
330,580,3,3
330,581,3,3
330,582,3,3
330,583,3,3
330,584,3,3
330,585,3,3
330,586,3,3
330,587,3,3
330,588,3,3
330,589,3,3
330,590,3,3
330,591,3,3
330,592,3,3
330,593,3,3
330,594,3,3
330,595,3,3
330,596,3,3
330,597,3,3
330,598,3,3
330,599,3,3
330,600,3,3
330,601,3,3
330,602,3,3
330,603,3,3
330,604,3,3
330,605,3,3
330,606,3,3
330,607,3,3
330,608,3,3
330,609,3,3
330,610,3,3
330,611,3,3
330,612,3,3
330,613,3,3
330,614,3,3
330,615,3,3
330,616,3,3
330,617,3,3
330,618,3,3
330,619,3,3
330,620,3,3
330,621,3,3
330,622,3,3
330,623,3,2
330,624,3,3
330,625,3,2
330,626,3,2
330,627,3,2
330,628,3,2
330,629,3,2
330,630,3,2
330,631,3,2
330,632,3,2
330,633,3,2
330,634,3,2
330,635,3,2
330,636,3,2
330,637,3,2
330,638,3,2
330,639,3,2
330,640,3,2
330,641,3,2
330,642,3,2
330,643,3,2
330,644,3,2
330,645,3,2
330,646,3,2
330,647,3,2
330,648,3,2
330,649,3,2
330,650,3,2
330,651,3,2
330,652,3,2
330,653,3,2
330,654,3,2
330,655,3,2
330,656,3,2
330,657,3,2
330,658,3,2
330,659,3,2
330,660,3,2
330,661,3,2
330,662,3,2
330,663,3,2
330,664,3,2
330,665,3,2
330,666,3,2
330,667,3,2
330,668,3,2
330,669,3,2
330,670,3,2
330,671,3,2
330,672,3,2
330,673,3,2
330,674,3,2
330,675,3,2
330,676,3,2
330,677,3,2
331,86,3,2
331,87,3,2
331,88,3,2
331,89,3,2
331,90,3,2
331,91,3,2
331,92,3,2
331,93,3,2
331,94,3,2
331,95,3,2
331,96,3,2
331,97,3,2
331,98,3,2
331,99,3,2
331,100,3,2
331,101,3,2
331,102,3,2
331,103,3,2
331,104,3,2
331,105,3,2
331,106,3,2
331,107,3,2
331,108,3,2
331,109,3,2
331,110,3,2
331,111,3,2
331,112,3,2
331,113,3,2
331,114,3,2
331,115,3,2
331,116,3,2
331,117,3,2
331,118,3,2
331,119,3,2
331,120,3,2
331,121,3,2
331,122,3,2
331,123,3,2
331,124,3,2
331,125,3,2
331,126,3,2
331,127,3,2
331,128,3,2
331,129,3,2
331,130,3,2
331,131,3,2
331,132,3,2
331,133,3,2
331,134,3,2
331,135,3,2
331,136,3,2
331,137,3,2
331,138,3,2
331,139,3,2
331,140,3,2
331,141,3,2
331,142,3,2
331,143,3,2
331,144,3,2
331,145,3,2
331,146,3,2
331,147,3,2
331,148,3,2
331,149,3,2
331,150,3,2
331,151,3,2
331,152,3,2
331,153,3,2
331,154,3,2
331,155,3,2
331,156,3,2
331,157,3,2
331,158,3,2
331,159,3,2
331,160,3,2
331,161,3,2
331,162,3,2
331,163,3,2
331,164,3,2
331,165,3,2
331,166,3,2
331,167,3,2
331,168,3,2
331,169,3,2
331,170,3,2
331,171,3,2
331,172,3,2
331,173,3,2
331,174,3,2
331,175,3,2
331,176,3,2
331,177,3,2
331,178,3,2
331,179,3,2
331,180,3,2
331,181,3,2
331,182,3,2
331,183,3,2
331,184,3,2
331,185,3,2
331,186,3,2
331,187,3,2
331,188,3,2
331,189,3,2
331,190,3,2
331,191,3,2
331,192,3,2
331,193,3,2
331,194,3,2
331,195,3,2
331,196,3,2
331,197,3,2
331,198,3,2
331,199,3,2
331,200,3,2
331,201,3,2
331,202,3,2
331,203,3,2
331,204,3,2
331,205,3,2
331,206,3,2
331,207,3,2
331,208,3,2
331,209,3,2
331,210,3,2
331,211,3,2
331,212,3,2
331,213,3,2
331,214,3,2
331,215,3,2
331,216,3,2
331,217,3,2
331,218,3,2
331,219,3,2
331,220,3,2
331,221,3,2
331,222,3,2
331,223,3,2
331,224,3,2
331,225,3,2
331,226,3,2
331,227,3,2
331,228,3,2
331,229,3,2
331,230,3,2
331,231,3,2
331,232,3,2
331,233,3,2
331,234,3,2
331,235,3,2
331,236,3,2
331,237,3,2
331,238,3,2
331,239,3,2
331,240,3,2
331,241,3,2
331,242,3,2
331,243,3,2
331,244,3,2
331,245,3,2
331,246,3,2
331,247,3,2
331,248,3,2
331,249,3,2
331,250,3,2
331,251,3,2
331,252,3,2
331,253,3,2
331,254,3,2
331,255,3,2
331,256,3,2
331,257,3,2
331,258,3,2
331,259,3,2
331,260,3,2
331,261,3,2
331,262,3,2
331,263,3,2
331,264,3,2
331,265,3,2
331,266,3,2
331,267,3,2
331,268,3,2
331,269,3,2
331,270,3,2
331,271,3,2
331,272,3,2
331,273,3,2
331,274,3,2
331,275,3,2
331,276,3,2
331,277,3,2
331,278,3,2
331,279,3,2
331,280,3,2
331,281,3,2
331,282,3,2
331,283,3,2
331,284,3,2
331,285,3,2
331,286,3,2
331,287,3,2
331,288,3,2
331,289,3,2
331,290,3,2
331,291,3,2
331,292,3,2
331,293,3,2
331,294,3,2
331,295,3,2
331,296,3,2
331,297,3,2
331,298,3,2
331,299,3,2
331,300,3,2
331,301,3,2
331,302,3,2
331,303,3,2
331,304,3,2
331,305,3,2
331,306,3,2
331,307,3,2
331,308,3,2
331,309,3,2
331,310,3,2
331,311,3,2
331,312,3,2
331,313,3,2
331,314,3,2
331,315,3,2
331,316,3,2
331,317,3,2
331,318,3,2
331,319,3,2
331,320,3,2
331,321,3,2
331,322,3,2
331,323,3,2
331,324,3,2
331,325,3,2
331,326,3,2
331,327,3,2
331,328,3,2
331,329,3,2
331,330,3,2
331,331,3,2
331,332,3,2
331,333,3,2
331,334,3,2
331,335,3,2
331,336,3,2
331,337,3,2
331,338,3,2
331,339,3,2
331,340,3,2
331,341,3,2
331,342,3,2
331,343,3,2
331,344,3,2
331,345,3,2
331,346,3,2
331,347,3,2
331,348,3,2
331,349,3,2
331,350,3,2
331,351,3,2
331,352,3,2
331,353,3,2
331,354,3,2
331,355,3,2
331,356,3,2
331,357,3,2
331,358,3,2
331,359,3,2
331,360,3,2
331,361,3,2
331,362,3,2
331,363,3,2
331,364,3,2
331,365,3,2
331,366,3,2
331,367,3,2
331,368,3,2
331,369,3,2
331,370,3,2
331,371,3,2
331,372,3,2
331,373,3,2
331,374,3,2
331,375,3,2
331,376,3,2
331,377,3,2
331,378,3,2
331,379,3,2
331,380,3,2
331,381,3,2
331,382,3,2
331,383,3,2
331,384,3,2
331,385,3,2
331,386,3,2
331,387,3,2
331,388,3,2
331,389,3,2
331,390,3,2
331,391,3,2
331,392,3,2
331,393,3,2
331,394,3,2
331,395,3,2
331,396,3,2
331,397,3,2
331,398,3,2
331,399,3,2
331,400,3,2
331,401,3,2
331,402,3,2
331,403,3,2
331,404,3,2
331,405,3,2
331,406,3,2
331,407,3,2
331,408,3,2
331,409,3,2
331,410,3,2
331,411,3,2
331,412,3,2
331,413,3,2
331,414,3,2
331,415,3,2
331,416,3,2
331,417,3,2
331,418,3,2
331,419,3,2
331,420,3,2
331,421,3,2
331,422,3,2
331,423,3,2
331,424,3,2
331,425,3,2
331,426,3,2
331,427,3,2
331,428,3,2
331,429,3,2
331,430,3,2
331,431,3,2
331,432,3,2
331,433,3,2
331,434,3,2
331,435,3,2
331,436,3,2
331,437,3,2
331,438,3,2
331,439,3,2
331,440,3,2
331,441,3,2
331,442,3,2
331,443,3,3
331,444,3,3
331,445,3,3
331,446,3,3
331,447,3,3
331,448,3,3
331,449,3,3
331,450,3,3
331,451,3,3
331,452,3,3
331,453,3,3
331,454,3,3
331,455,3,3
331,456,3,3
331,457,3,3
331,458,3,3
331,459,3,3
331,460,3,3
331,461,3,3
331,462,3,3
331,463,3,3
331,464,3,3
331,465,3,3
331,466,3,3
331,467,3,3
331,468,3,3
331,469,3,3
331,470,3,3
331,471,3,3
331,472,3,3
331,473,3,3
331,474,3,3
331,475,3,3
331,476,3,3
331,477,3,3
331,478,3,3
331,479,3,3
331,480,3,3
331,481,3,3
331,482,3,3
331,483,3,3
331,484,3,3
331,485,3,3
331,486,3,3
331,487,3,3
331,488,3,3
331,489,3,3
331,490,3,3
331,491,3,3
331,492,3,3
331,493,3,3
331,494,3,3
331,495,3,3
331,496,3,3
331,497,3,3
331,498,3,3
331,499,3,3
331,500,3,3
331,501,3,3
331,502,3,3
331,503,3,3
331,504,3,3
331,505,3,3
331,506,3,3
331,507,3,3
331,508,3,3
331,509,3,3
331,510,3,3
331,511,3,3
331,512,3,3
331,513,3,3
331,514,3,3
331,515,3,3
331,516,3,3
331,517,3,3
331,518,3,3
331,519,3,3
331,520,3,3
331,521,3,3
331,522,3,3
331,523,3,3
331,524,3,3
331,525,3,3
331,526,3,3
331,527,3,3
331,528,3,2
331,529,3,2
331,530,3,2
331,531,3,2
331,532,3,2
331,533,3,2
331,534,3,2
331,535,3,2
331,536,3,2
331,537,3,2
331,538,3,2
331,539,3,2
331,540,3,2
331,541,3,2
331,542,3,2
331,543,3,2
331,544,3,2
331,545,3,2
331,546,3,2
331,547,3,2
331,548,3,2
331,549,3,2
331,550,3,2
331,551,3,2
331,552,3,2
331,553,3,2
331,554,3,2
331,555,3,2
331,556,3,2
331,557,3,2
331,558,3,2
331,559,3,2
331,560,3,2
331,561,3,2
331,562,3,2
331,563,3,2
331,564,3,2
331,565,3,2
331,566,3,2
331,567,3,2
331,568,3,2
331,569,3,2
331,570,3,2
331,571,3,3
331,572,3,3
331,573,3,3
331,574,3,3
331,575,3,3
331,576,3,3
331,577,3,3
331,578,3,3
331,579,3,3
331,580,3,3
331,581,3,3
331,582,3,3
331,583,3,3
331,584,3,3
331,585,3,3
331,586,3,3
331,587,3,3
331,588,3,3
331,589,3,3
331,590,3,3
331,591,3,3
331,592,3,3
331,593,3,3
331,594,3,3
331,595,3,3
331,596,3,3
331,597,3,3
331,598,3,3
331,599,3,3
331,600,3,3
331,601,3,3
331,602,3,3
331,603,3,3
331,604,3,3
331,605,3,3
331,606,3,3
331,607,3,3
331,608,3,3
331,609,3,3
331,610,3,3
331,611,3,3
331,612,3,3
331,613,3,3
331,614,3,3
331,615,3,3
331,616,3,3
331,617,3,3
331,618,3,3
331,619,3,3
331,620,3,3
331,621,3,3
331,622,3,3
331,623,3,2
331,624,3,2
331,625,3,2
331,626,3,2
331,627,3,2
331,628,3,2
331,629,3,2
331,630,3,2
331,631,3,2
331,632,3,2
331,633,3,2
331,634,3,2
331,635,3,2
331,636,3,2
331,637,3,2
331,638,3,2
331,639,3,2
331,640,3,2
331,641,3,2
331,642,3,2
331,643,3,2
331,644,3,2
331,645,3,2
331,646,3,2
331,647,3,2
331,648,3,2
331,649,3,2
331,650,3,2
331,651,3,2
331,652,3,2
331,653,3,2
331,654,3,2
331,655,3,2
331,656,3,2
331,657,3,2
331,658,3,2
331,659,3,2
331,660,3,2
331,661,3,2
331,662,3,2
331,663,3,2
331,664,3,2
331,665,3,2
331,666,3,2
331,667,3,2
331,668,3,2
331,669,3,2
331,670,3,2
331,671,3,2
331,672,3,2
331,673,3,2
331,674,3,2
331,675,3,2
331,676,3,2
331,677,3,2
332,85,3,2
332,86,3,2
332,87,3,2
332,88,3,2
332,89,3,2
332,90,3,2
332,91,3,2
332,92,3,2
332,93,3,2
332,94,3,2
332,95,3,2
332,96,3,2
332,97,3,2
332,98,3,2
332,99,3,2
332,100,3,2
332,101,3,2
332,102,3,2
332,103,3,2
332,104,3,2
332,105,3,2
332,106,3,2
332,107,3,2
332,108,3,2
332,109,3,2
332,110,3,2
332,111,3,2
332,112,3,2
332,113,3,2
332,114,3,2
332,115,3,2
332,116,3,2
332,117,3,2
332,118,3,2
332,119,3,2
332,120,3,2
332,121,3,2
332,122,3,2
332,123,3,2
332,124,3,2
332,125,3,2
332,126,3,2
332,127,3,2
332,128,3,2
332,129,3,2
332,130,3,2
332,131,3,2
332,132,3,2
332,133,3,2
332,134,3,2
332,135,3,2
332,136,3,2
332,137,3,2
332,138,3,2
332,139,3,2
332,140,3,2
332,141,3,2
332,142,3,2
332,143,3,2
332,144,3,2
332,145,3,2
332,146,3,2
332,147,3,2
332,148,3,2
332,149,3,2
332,150,3,2
332,151,3,2
332,152,3,2
332,153,3,2
332,154,3,2
332,155,3,2
332,156,3,2
332,157,3,2
332,158,3,2
332,159,3,2
332,160,3,2
332,161,3,2
332,162,3,2
332,163,3,2
332,164,3,2
332,165,3,2
332,166,3,2
332,167,3,2
332,168,3,2
332,169,3,2
332,170,3,2
332,171,3,2
332,172,3,2
332,173,3,2
332,174,3,2
332,175,3,2
332,176,3,2
332,177,3,2
332,178,3,2
332,179,3,2
332,180,3,2
332,181,3,2
332,182,3,2
332,183,3,2
332,184,3,2
332,185,3,2
332,186,3,2
332,187,3,2
332,188,3,2
332,189,3,2
332,190,3,2
332,191,3,2
332,192,3,2
332,193,3,2
332,194,3,2
332,195,3,2
332,196,3,2
332,197,3,2
332,198,3,2
332,199,3,2
332,200,3,2
332,201,3,2
332,202,3,2
332,203,3,2
332,204,3,2
332,205,3,2
332,206,3,2
332,207,3,2
332,208,3,2
332,209,3,2
332,210,3,2
332,211,3,2
332,212,3,2
332,213,3,2
332,214,3,2
332,215,3,2
332,216,3,2
332,217,3,2
332,218,3,2
332,219,3,2
332,220,3,2
332,221,3,2
332,222,3,2
332,223,3,2
332,224,3,2
332,225,3,2
332,226,3,2
332,227,3,2
332,228,3,2
332,229,3,2
332,230,3,2
332,231,3,2
332,232,3,2
332,233,3,2
332,234,3,2
332,235,3,2
332,236,3,2
332,237,3,2
332,238,3,2
332,239,3,2
332,240,3,2
332,241,3,2
332,242,3,2
332,243,3,2
332,244,3,2
332,245,3,2
332,246,3,2
332,247,3,2
332,248,3,2
332,249,3,2
332,250,3,2
332,251,3,2
332,252,3,2
332,253,3,2
332,254,3,2
332,255,3,2
332,256,3,2
332,257,3,2
332,258,3,2
332,259,3,2
332,260,3,2
332,261,3,2
332,262,3,2
332,263,3,2
332,264,3,2
332,265,3,2
332,266,3,2
332,267,3,2
332,268,3,2
332,269,3,2
332,270,3,2
332,271,3,2
332,272,3,2
332,273,3,2
332,274,3,2
332,275,3,2
332,276,3,2
332,277,3,2
332,278,3,2
332,279,3,2
332,280,3,2
332,281,3,2
332,282,3,2
332,283,3,2
332,284,3,2
332,285,3,2
332,286,3,2
332,287,3,2
332,288,3,2
332,289,3,2
332,290,3,2
332,291,3,2
332,292,3,2
332,293,3,2
332,294,3,2
332,295,3,2
332,296,3,2
332,297,3,2
332,298,3,2
332,299,3,2
332,300,3,2
332,301,3,2
332,302,3,2
332,303,3,2
332,304,3,2
332,305,3,2
332,306,3,2
332,307,3,2
332,308,3,2
332,309,3,2
332,310,3,2
332,311,3,2
332,312,3,2
332,313,3,2
332,314,3,2
332,315,3,2
332,316,3,2
332,317,3,2
332,318,3,2
332,319,3,2
332,320,3,2
332,321,3,2
332,322,3,2
332,323,3,2
332,324,3,2
332,325,3,2
332,326,3,2
332,327,3,2
332,328,3,2
332,329,3,2
332,330,3,2
332,331,3,2
332,332,3,2
332,333,3,2
332,334,3,2
332,335,3,2
332,336,3,2
332,337,3,2
332,338,3,2
332,339,3,2
332,340,3,2
332,341,3,2
332,342,3,2
332,343,3,2
332,344,3,2
332,345,3,2
332,346,3,2
332,347,3,2
332,348,3,2
332,349,3,2
332,350,3,2
332,351,3,2
332,352,3,2
332,353,3,2
332,354,3,2
332,355,3,2
332,356,3,2
332,357,3,2
332,358,3,2
332,359,3,2
332,360,3,2
332,361,3,2
332,362,3,2
332,363,3,2
332,364,3,2
332,365,3,2
332,366,3,2
332,367,3,2
332,368,3,2
332,369,3,2
332,370,3,2
332,371,3,2
332,372,3,2
332,373,3,2
332,374,3,2
332,375,3,2
332,376,3,2
332,377,3,2
332,378,3,2
332,379,3,2
332,380,3,2
332,381,3,2
332,382,3,2
332,383,3,2
332,384,3,2
332,385,3,2
332,386,3,2
332,387,3,2
332,388,3,2
332,389,3,2
332,390,3,2
332,391,3,2
332,392,3,2
332,393,3,2
332,394,3,2
332,395,3,2
332,396,3,2
332,397,3,2
332,398,3,2
332,399,3,2
332,400,3,2
332,401,3,2
332,402,3,2
332,403,3,2
332,404,3,2
332,405,3,2
332,406,3,2
332,407,3,2
332,408,3,2
332,409,3,2
332,410,3,2
332,411,3,2
332,412,3,2
332,413,3,2
332,414,3,2
332,415,3,2
332,416,3,2
332,417,3,2
332,418,3,2
332,419,3,2
332,420,3,2
332,421,3,2
332,422,3,2
332,423,3,2
332,424,3,2
332,425,3,2
332,426,3,2
332,427,3,2
332,428,3,2
332,429,3,2
332,430,3,2
332,431,3,2
332,432,3,2
332,433,3,2
332,434,3,2
332,435,3,2
332,436,3,2
332,437,3,2
332,438,3,2
332,439,3,2
332,440,3,2
332,441,3,2
332,442,3,2
332,443,3,3
332,444,3,3
332,445,3,3
332,446,3,3
332,447,3,3
332,448,3,3
332,449,3,3
332,450,3,3
332,451,3,3
332,452,3,3
332,453,3,3
332,454,3,3
332,455,3,3
332,456,3,3
332,457,3,3
332,458,3,3
332,459,3,3
332,460,3,3
332,461,3,3
332,462,3,3
332,463,3,2
332,464,3,2
332,465,3,2
332,466,3,3
332,467,3,3
332,468,3,3
332,469,3,3
332,470,3,3
332,471,3,3
332,472,3,3
332,473,3,3
332,474,3,3
332,475,3,3
332,476,3,3
332,477,3,3
332,478,3,3
332,479,3,3
332,480,3,3
332,481,3,3
332,482,3,3
332,483,3,3
332,484,3,3
332,485,3,3
332,486,3,3
332,487,3,3
332,488,3,3
332,489,3,3
332,490,3,3
332,491,3,3
332,492,3,3
332,493,3,3
332,494,3,3
332,495,3,3
332,496,3,3
332,497,3,3
332,498,3,3
332,499,3,3
332,500,3,3
332,501,3,3
332,502,3,3
332,503,3,3
332,504,3,3
332,505,3,3
332,506,3,3
332,507,3,3
332,508,3,3
332,509,3,3
332,510,3,3
332,511,3,3
332,512,3,3
332,513,3,3
332,514,3,3
332,515,3,3
332,516,3,3
332,517,3,3
332,518,3,3
332,519,3,3
332,520,3,3
332,521,3,3
332,522,3,3
332,523,3,3
332,524,3,3
332,525,3,3
332,526,3,3
332,527,3,2
332,528,3,2
332,529,3,2
332,530,3,2
332,531,3,2
332,532,3,2
332,533,3,2
332,534,3,2
332,535,3,2
332,536,3,2
332,537,3,2
332,538,3,2
332,539,3,2
332,540,3,2
332,541,3,2
332,542,3,2
332,543,3,2
332,544,3,2
332,545,3,2
332,546,3,2
332,547,3,2
332,548,3,2
332,549,3,2
332,550,3,2
332,551,3,2
332,552,3,2
332,553,3,2
332,554,3,2
332,555,3,2
332,556,3,2
332,557,3,2
332,558,3,2
332,559,3,2
332,560,3,2
332,561,3,2
332,562,3,2
332,563,3,2
332,564,3,2
332,565,3,2
332,566,3,2
332,567,3,2
332,568,3,2
332,569,3,2
332,570,3,2
332,571,3,3
332,572,3,3
332,573,3,3
332,574,3,3
332,575,3,3
332,576,3,3
332,577,3,3
332,578,3,3
332,579,3,3
332,580,3,3
332,581,3,3
332,582,3,3
332,583,3,3
332,584,3,3
332,585,3,3
332,586,3,3
332,587,3,3
332,588,3,3
332,589,3,3
332,590,3,3
332,591,3,3
332,592,3,3
332,593,3,3
332,594,3,3
332,595,3,3
332,596,3,3
332,597,3,3
332,598,3,3
332,599,3,3
332,600,3,3
332,601,3,3
332,602,3,3
332,603,3,3
332,604,3,3
332,605,3,3
332,606,3,3
332,607,3,3
332,608,3,3
332,609,3,3
332,610,3,3
332,611,3,3
332,612,3,3
332,613,3,3
332,614,3,3
332,615,3,3
332,616,3,2
332,617,3,2
332,618,3,2
332,619,3,2
332,620,3,2
332,621,3,2
332,622,3,2
332,623,3,2
332,624,3,2
332,625,3,2
332,626,3,2
332,627,3,2
332,628,3,2
332,629,3,2
332,630,3,2
332,631,3,2
332,632,3,2
332,633,3,2
332,634,3,2
332,635,3,2
332,636,3,2
332,637,3,2
332,638,3,2
332,639,3,2
332,640,3,2
332,641,3,2
332,642,3,2
332,643,3,2
332,644,3,2
332,645,3,2
332,646,3,2
332,647,3,2
332,648,3,2
332,649,3,2
332,650,3,2
332,651,3,2
332,652,3,2
332,653,3,2
332,654,3,2
332,655,3,2
332,656,3,2
332,657,3,2
332,658,3,2
332,659,3,2
332,660,3,2
332,661,3,2
332,662,3,2
332,663,3,2
332,664,3,2
332,665,3,2
332,666,3,2
332,667,3,2
332,668,3,2
332,669,3,2
332,670,3,2
332,671,3,2
332,672,3,2
332,673,3,2
332,674,3,2
332,675,3,2
332,676,3,2
332,677,3,2
333,84,3,2
333,85,3,2
333,86,3,2
333,87,3,2
333,88,3,2
333,89,3,2
333,90,3,2
333,91,3,2
333,92,3,2
333,93,3,2
333,94,3,2
333,95,3,2
333,96,3,2
333,97,3,2
333,98,3,2
333,99,3,2
333,100,3,2
333,101,3,2
333,102,3,2
333,103,3,2
333,104,3,2
333,105,3,2
333,106,3,2
333,107,3,2
333,108,3,2
333,109,3,2
333,110,3,2
333,111,3,2
333,112,3,2
333,113,3,2
333,114,3,2
333,115,3,2
333,116,3,2
333,117,3,2
333,118,3,2
333,119,3,2
333,120,3,2
333,121,3,2
333,122,3,2
333,123,3,2
333,124,3,2
333,125,3,2
333,126,3,2
333,127,3,2
333,128,3,2
333,129,3,2
333,130,3,2
333,131,3,2
333,132,3,2
333,133,3,2
333,134,3,2
333,135,3,2
333,136,3,2
333,137,3,2
333,138,3,2
333,139,3,2
333,140,3,2
333,141,3,2
333,142,3,2
333,143,3,2
333,144,3,2
333,145,3,2
333,146,3,2
333,147,3,2
333,148,3,2
333,149,3,2
333,150,3,2
333,151,3,2
333,152,3,2
333,153,3,2
333,154,3,2
333,155,3,2
333,156,3,2
333,157,3,2
333,158,3,2
333,159,3,2
333,160,3,2
333,161,3,2
333,162,3,2
333,163,3,2
333,164,3,2
333,165,3,2
333,166,3,2
333,167,3,2
333,168,3,2
333,169,3,2
333,170,3,2
333,171,3,2
333,172,3,2
333,173,3,2
333,174,3,2
333,175,3,2
333,176,3,2
333,177,3,2
333,178,3,2
333,179,3,2
333,180,3,2
333,181,3,2
333,182,3,2
333,183,3,2
333,184,3,2
333,185,3,2
333,186,3,2
333,187,3,2
333,188,3,2
333,189,3,2
333,190,3,2
333,191,3,2
333,192,3,2
333,193,3,2
333,194,3,2
333,195,3,2
333,196,3,2
333,197,3,2
333,198,3,2
333,199,3,2
333,200,3,2
333,201,3,2
333,202,3,2
333,203,3,2
333,204,3,2
333,205,3,2
333,206,3,2
333,207,3,2
333,208,3,2
333,209,3,2
333,210,3,2
333,211,3,2
333,212,3,2
333,213,3,2
333,214,3,2
333,215,3,2
333,216,3,2
333,217,3,2
333,218,3,2
333,219,3,2
333,220,3,2
333,221,3,2
333,222,3,2
333,223,3,2
333,224,3,2
333,225,3,2
333,226,3,2
333,227,3,2
333,228,3,2
333,229,3,2
333,230,3,2
333,231,3,2
333,232,3,2
333,233,3,2
333,234,3,2
333,235,3,2
333,236,3,2
333,237,3,2
333,238,3,2
333,239,3,2
333,240,3,2
333,241,3,2
333,242,3,2
333,243,3,2
333,244,3,2
333,245,3,2
333,246,3,2
333,247,3,2
333,248,3,2
333,249,3,2
333,250,3,2
333,251,3,2
333,252,3,2
333,253,3,2
333,254,3,2
333,255,3,2
333,256,3,2
333,257,3,2
333,258,3,2
333,259,3,2
333,260,3,2
333,261,3,2
333,262,3,2
333,263,3,2
333,264,3,2
333,265,3,2
333,266,3,2
333,267,3,2
333,268,3,2
333,269,3,2
333,270,3,2
333,271,3,2
333,272,3,2
333,273,3,2
333,274,3,2
333,275,3,2
333,276,3,2
333,277,3,2
333,278,3,2
333,279,3,2
333,280,3,2
333,281,3,2
333,282,3,2
333,283,3,2
333,284,3,2
333,285,3,2
333,286,3,2
333,287,3,2
333,288,3,2
333,289,3,2
333,290,3,2
333,291,3,2
333,292,3,2
333,293,3,2
333,294,3,2
333,295,3,2
333,296,3,2
333,297,3,2
333,298,3,2
333,299,3,2
333,300,3,2
333,301,3,2
333,302,3,2
333,303,3,2
333,304,3,2
333,305,3,2
333,306,3,2
333,307,3,2
333,308,3,2
333,309,3,2
333,310,3,2
333,311,3,2
333,312,3,2
333,313,3,2
333,314,3,2
333,315,3,2
333,316,3,2
333,317,3,2
333,318,3,2
333,319,3,2
333,320,3,2
333,321,3,2
333,322,3,2
333,323,3,2
333,324,3,2
333,325,3,2
333,326,3,2
333,327,3,2
333,328,3,2
333,329,3,2
333,330,3,2
333,331,3,2
333,332,3,2
333,333,3,2
333,334,3,2
333,335,3,2
333,336,3,2
333,337,3,2
333,338,3,2
333,339,3,2
333,340,3,2
333,341,3,2
333,342,3,2
333,343,3,2
333,344,3,2
333,345,3,2
333,346,3,2
333,347,3,2
333,348,3,2
333,349,3,2
333,350,3,2
333,351,3,2
333,352,3,2
333,353,3,2
333,354,3,2
333,355,3,2
333,356,3,2
333,357,3,2
333,358,3,2
333,359,3,2
333,360,3,2
333,361,3,2
333,362,3,2
333,363,3,2
333,364,3,2
333,365,3,2
333,366,3,2
333,367,3,2
333,368,3,2
333,369,3,2
333,370,3,2
333,371,3,2
333,372,3,2
333,373,3,2
333,374,3,2
333,375,3,2
333,376,3,2
333,377,3,2
333,378,3,2
333,379,3,2
333,380,3,2
333,381,3,2
333,382,3,2
333,383,3,2
333,384,3,2
333,385,3,2
333,386,3,2
333,387,3,2
333,388,3,2
333,389,3,2
333,390,3,2
333,391,3,2
333,392,3,2
333,393,3,2
333,394,3,2
333,395,3,2
333,396,3,2
333,397,3,2
333,398,3,2
333,399,3,2
333,400,3,2
333,401,3,2
333,402,3,2
333,403,3,2
333,404,3,2
333,405,3,2
333,406,3,2
333,407,3,2
333,408,3,2
333,409,3,2
333,410,3,2
333,411,3,2
333,412,3,2
333,413,3,2
333,414,3,2
333,415,3,2
333,416,3,2
333,417,3,2
333,418,3,2
333,419,3,2
333,420,3,2
333,421,3,2
333,422,3,2
333,423,3,2
333,424,3,2
333,425,3,2
333,426,3,2
333,427,3,2
333,428,3,2
333,429,3,2
333,430,3,2
333,431,3,2
333,432,3,2
333,433,3,2
333,434,3,2
333,435,3,2
333,436,3,2
333,437,3,2
333,438,3,2
333,439,3,2
333,440,3,2
333,441,3,2
333,442,3,2
333,443,3,3
333,444,3,3
333,445,3,3
333,446,3,3
333,447,3,3
333,448,3,3
333,449,3,3
333,450,3,3
333,451,3,3
333,452,3,3
333,453,3,3
333,454,3,3
333,455,3,3
333,456,3,3
333,457,3,3
333,458,3,3
333,459,3,3
333,460,3,3
333,461,3,3
333,462,3,3
333,463,3,2
333,464,3,2
333,465,3,2
333,466,3,2
333,467,3,3
333,468,3,3
333,469,3,3
333,470,3,3
333,471,3,3
333,472,3,3
333,473,3,3
333,474,3,3
333,475,3,3
333,476,3,3
333,477,3,3
333,478,3,3
333,479,3,3
333,480,3,3
333,481,3,3
333,482,3,3
333,483,3,3
333,484,3,3
333,485,3,3
333,486,3,3
333,487,3,3
333,488,3,3
333,489,3,3
333,490,3,3
333,491,3,3
333,492,3,3
333,493,3,3
333,494,3,3
333,495,3,3
333,496,3,3
333,497,3,3
333,498,3,3
333,499,3,3
333,500,3,3
333,501,3,3
333,502,3,3
333,503,3,3
333,504,3,3
333,505,3,3
333,506,3,3
333,507,3,3
333,508,3,3
333,509,3,3
333,510,3,3
333,511,3,3
333,512,3,3
333,513,3,3
333,514,3,3
333,515,3,3
333,516,3,3
333,517,3,3
333,518,3,3
333,519,3,3
333,520,3,3
333,521,3,3
333,522,3,3
333,523,3,3
333,524,3,3
333,525,3,3
333,526,3,3
333,527,3,2
333,528,3,2
333,529,3,2
333,530,3,2
333,531,3,2
333,532,3,2
333,533,3,2
333,534,3,2
333,535,3,2
333,536,3,2
333,537,3,2
333,538,3,2
333,539,3,2
333,540,3,2
333,541,3,2
333,542,3,2
333,543,3,2
333,544,3,2
333,545,3,2
333,546,3,2
333,547,3,2
333,548,3,2
333,549,3,2
333,550,3,2
333,551,3,2
333,552,3,2
333,553,3,2
333,554,3,2
333,555,3,2
333,556,3,2
333,557,3,2
333,558,3,2
333,559,3,2
333,560,3,2
333,561,3,2
333,562,3,2
333,563,3,2
333,564,3,2
333,565,3,2
333,566,3,2
333,567,3,2
333,568,3,2
333,569,3,2
333,570,3,3
333,571,3,3
333,572,3,3
333,573,3,3
333,574,3,3
333,575,3,3
333,576,3,3
333,577,3,3
333,578,3,3
333,579,3,3
333,580,3,3
333,581,3,3
333,582,3,3
333,583,3,3
333,584,3,3
333,585,3,3
333,586,3,3
333,587,3,3
333,588,3,3
333,589,3,3
333,590,3,3
333,591,3,3
333,592,3,3
333,593,3,3
333,594,3,3
333,595,3,3
333,596,3,3
333,597,3,3
333,598,3,3
333,599,3,3
333,600,3,3
333,601,3,3
333,602,3,3
333,603,3,3
333,604,3,3
333,605,3,3
333,606,3,3
333,607,3,3
333,608,3,3
333,609,3,3
333,610,3,3
333,611,3,3
333,612,3,3
333,613,3,3
333,614,3,2
333,615,3,2
333,616,3,2
333,617,3,2
333,618,3,2
333,619,3,2
333,620,3,2
333,621,3,2
333,622,3,2
333,623,3,2
333,624,3,2
333,625,3,2
333,626,3,2
333,627,3,2
333,628,3,2
333,629,3,2
333,630,3,2
333,631,3,2
333,632,3,2
333,633,3,2
333,634,3,2
333,635,3,2
333,636,3,2
333,637,3,2
333,638,3,2
333,639,3,2
333,640,3,2
333,641,3,2
333,642,3,2
333,643,3,2
333,644,3,2
333,645,3,2
333,646,3,2
333,647,3,2
333,648,3,2
333,649,3,2
333,650,3,2
333,651,3,2
333,652,3,2
333,653,3,2
333,654,3,2
333,655,3,2
333,656,3,2
333,657,3,2
333,658,3,2
333,659,3,2
333,660,3,2
333,661,3,2
333,662,3,2
333,663,3,2
333,664,3,2
333,665,3,2
333,666,3,2
333,667,3,2
333,668,3,2
333,669,3,2
333,670,3,2
333,671,3,2
333,672,3,2
333,673,3,2
333,674,3,2
333,675,3,2
333,676,3,2
334,84,3,2
334,85,3,2
334,86,3,2
334,87,3,2
334,88,3,2
334,89,3,2
334,90,3,2
334,91,3,2
334,92,3,2
334,93,3,2
334,94,3,2
334,95,3,2
334,96,3,2
334,97,3,2
334,98,3,2
334,99,3,2
334,100,3,2
334,101,3,2
334,102,3,2
334,103,3,2
334,104,3,2
334,105,3,2
334,106,3,2
334,107,3,2
334,108,3,2
334,109,3,2
334,110,3,2
334,111,3,2
334,112,3,2
334,113,3,2
334,114,3,2
334,115,3,2
334,116,3,2
334,117,3,2
334,118,3,2
334,119,3,2
334,120,3,2
334,121,3,2
334,122,3,2
334,123,3,2
334,124,3,2
334,125,3,2
334,126,3,2
334,127,3,2
334,128,3,2
334,129,3,2
334,130,3,2
334,131,3,2
334,132,3,2
334,133,3,2
334,134,3,2
334,135,3,2
334,136,3,2
334,137,3,2
334,138,3,2
334,139,3,2
334,140,3,2
334,141,3,2
334,142,3,2
334,143,3,2
334,144,3,2
334,145,3,2
334,146,3,2
334,147,3,2
334,148,3,2
334,149,3,2
334,150,3,2
334,151,3,2
334,152,3,2
334,153,3,2
334,154,3,2
334,155,3,2
334,156,3,2
334,157,3,2
334,158,3,2
334,159,3,2
334,160,3,2
334,161,3,2
334,162,3,2
334,163,3,2
334,164,3,2
334,165,3,2
334,166,3,2
334,167,3,2
334,168,3,2
334,169,3,2
334,170,3,2
334,171,3,2
334,172,3,2
334,173,3,2
334,174,3,2
334,175,3,2
334,176,3,2
334,177,3,2
334,178,3,2
334,179,3,2
334,180,3,2
334,181,3,2
334,182,3,2
334,183,3,2
334,184,3,2
334,185,3,2
334,186,3,2
334,187,3,2
334,188,3,2
334,189,3,2
334,190,3,2
334,191,3,2
334,192,3,2
334,193,3,2
334,194,3,2
334,195,3,2
334,196,3,2
334,197,3,2
334,198,3,2
334,199,3,2
334,200,3,2
334,201,3,2
334,202,3,2
334,203,3,2
334,204,3,2
334,205,3,2
334,206,3,2
334,207,3,2
334,208,3,2
334,209,3,2
334,210,3,2
334,211,3,2
334,212,3,2
334,213,3,2
334,214,3,2
334,215,3,2
334,216,3,2
334,217,3,2
334,218,3,2
334,219,3,2
334,220,3,2
334,221,3,2
334,222,3,2
334,223,3,2
334,224,3,2
334,225,3,2
334,226,3,2
334,227,3,2
334,228,3,2
334,229,3,2
334,230,3,2
334,231,3,2
334,232,3,2
334,233,3,2
334,234,3,2
334,235,3,2
334,236,3,2
334,237,3,2
334,238,3,2
334,239,3,2
334,240,3,2
334,241,3,2
334,242,3,2
334,243,3,2
334,244,3,2
334,245,3,2
334,246,3,2
334,247,3,2
334,248,3,2
334,249,3,2
334,250,3,2
334,251,3,2
334,252,3,2
334,253,3,2
334,254,3,2
334,255,3,2
334,256,3,2
334,257,3,2
334,258,3,2
334,259,3,2
334,260,3,2
334,261,3,2
334,262,3,2
334,263,3,2
334,264,3,2
334,265,3,2
334,266,3,2
334,267,3,2
334,268,3,2
334,269,3,2
334,270,3,2
334,271,3,2
334,272,3,2
334,273,3,2
334,274,3,2
334,275,3,2
334,276,3,2
334,277,3,2
334,278,3,2
334,279,3,2
334,280,3,2
334,281,3,2
334,282,3,2
334,283,3,2
334,284,3,2
334,285,3,2
334,286,3,2
334,287,3,2
334,288,3,2
334,289,3,2
334,290,3,2
334,291,3,2
334,292,3,2
334,293,3,2
334,294,3,2
334,295,3,2
334,296,3,2
334,297,3,2
334,298,3,2
334,299,3,2
334,300,3,2
334,301,3,2
334,302,3,2
334,303,3,2
334,304,3,2
334,305,3,2
334,306,3,2
334,307,3,2
334,308,3,2
334,309,3,2
334,310,3,2
334,311,3,2
334,312,3,2
334,313,3,2
334,314,3,2
334,315,3,2
334,316,3,2
334,317,3,2
334,318,3,2
334,319,3,2
334,320,3,2
334,321,3,2
334,322,3,2
334,323,3,2
334,324,3,2
334,325,3,2
334,326,3,2
334,327,3,2
334,328,3,2
334,329,3,2
334,330,3,2
334,331,3,2
334,332,3,2
334,333,3,2
334,334,3,2
334,335,3,2
334,336,3,2
334,337,3,2
334,338,3,2
334,339,3,2
334,340,3,2
334,341,3,2
334,342,3,2
334,343,3,2
334,344,3,2
334,345,3,2
334,346,3,2
334,347,3,2
334,348,3,2
334,349,3,2
334,350,3,2
334,351,3,2
334,352,3,2
334,353,3,2
334,354,3,2
334,355,3,2
334,356,3,2
334,357,3,2
334,358,3,2
334,359,3,2
334,360,3,2
334,361,3,2
334,362,3,2
334,363,3,2
334,364,3,2
334,365,3,2
334,366,3,2
334,367,3,2
334,368,3,2
334,369,3,2
334,370,3,2
334,371,3,2
334,372,3,2
334,373,3,2
334,374,3,2
334,375,3,2
334,376,3,2
334,377,3,2
334,378,3,2
334,379,3,2
334,380,3,2
334,381,3,2
334,382,3,2
334,383,3,2
334,384,3,2
334,385,3,2
334,386,3,2
334,387,3,2
334,388,3,2
334,389,3,2
334,390,3,2
334,391,3,2
334,392,3,2
334,393,3,2
334,394,3,2
334,395,3,2
334,396,3,2
334,397,3,2
334,398,3,2
334,399,3,2
334,400,3,2
334,401,3,2
334,402,3,2
334,403,3,2
334,404,3,2
334,405,3,2
334,406,3,2
334,407,3,2
334,408,3,2
334,409,3,2
334,410,3,2
334,411,3,2
334,412,3,2
334,413,3,2
334,414,3,2
334,415,3,2
334,416,3,2
334,417,3,2
334,418,3,2
334,419,3,2
334,420,3,2
334,421,3,2
334,422,3,2
334,423,3,2
334,424,3,2
334,425,3,2
334,426,3,2
334,427,3,2
334,428,3,2
334,429,3,2
334,430,3,2
334,431,3,2
334,432,3,2
334,433,3,2
334,434,3,2
334,435,3,2
334,436,3,2
334,437,3,2
334,438,3,2
334,439,3,2
334,440,3,2
334,441,3,2
334,442,3,2
334,443,3,3
334,444,3,3
334,445,3,3
334,446,3,3
334,447,3,3
334,448,3,3
334,449,3,3
334,450,3,3
334,451,3,3
334,452,3,3
334,453,3,3
334,454,3,3
334,455,3,3
334,456,3,3
334,457,3,3
334,458,3,3
334,459,3,3
334,460,3,3
334,461,3,3
334,462,3,2
334,463,3,2
334,464,3,2
334,465,3,2
334,466,3,2
334,467,3,2
334,468,3,3
334,469,3,3
334,470,3,3
334,471,3,3
334,472,3,3
334,473,3,3
334,474,3,3
334,475,3,3
334,476,3,3
334,477,3,3
334,478,3,3
334,479,3,3
334,480,3,3
334,481,3,3
334,482,3,3
334,483,3,3
334,484,3,3
334,485,3,3
334,486,3,3
334,487,3,3
334,488,3,3
334,489,3,3
334,490,3,3
334,491,3,3
334,492,3,3
334,493,3,3
334,494,3,3
334,495,3,3
334,496,3,3
334,497,3,3
334,498,3,3
334,499,3,3
334,500,3,3
334,501,3,3
334,502,3,3
334,503,3,3
334,504,3,3
334,505,3,3
334,506,3,3
334,507,3,3
334,508,3,3
334,509,3,3
334,510,3,3
334,511,3,3
334,512,3,3
334,513,3,3
334,514,3,3
334,515,3,3
334,516,3,3
334,517,3,3
334,518,3,3
334,519,3,3
334,520,3,3
334,521,3,3
334,522,3,3
334,523,3,3
334,524,3,3
334,525,3,3
334,526,3,2
334,527,3,2
334,528,3,2
334,529,3,2
334,530,3,2
334,531,3,2
334,532,3,2
334,533,3,2
334,534,3,2
334,535,3,2
334,536,3,2
334,537,3,2
334,538,3,2
334,539,3,2
334,540,3,2
334,541,3,2
334,542,3,2
334,543,3,2
334,544,3,2
334,545,3,2
334,546,3,2
334,547,3,2
334,548,3,2
334,549,3,2
334,550,3,2
334,551,3,2
334,552,3,2
334,553,3,2
334,554,3,2
334,555,3,2
334,556,3,2
334,557,3,2
334,558,3,2
334,559,3,2
334,560,3,2
334,561,3,2
334,562,3,2
334,563,3,2
334,564,3,2
334,565,3,2
334,566,3,2
334,567,3,2
334,568,3,2
334,569,3,3
334,570,3,3
334,571,3,3
334,572,3,3
334,573,3,3
334,574,3,3
334,575,3,3
334,576,3,3
334,577,3,3
334,578,3,3
334,579,3,3
334,580,3,3
334,581,3,3
334,582,3,3
334,583,3,3
334,584,3,3
334,585,3,3
334,586,3,3
334,587,3,3
334,588,3,3
334,589,3,3
334,590,3,3
334,591,3,3
334,592,3,3
334,593,3,3
334,594,3,3
334,595,3,3
334,596,3,3
334,597,3,3
334,598,3,3
334,599,3,3
334,600,3,3
334,601,3,3
334,602,3,3
334,603,3,3
334,604,3,3
334,605,3,3
334,606,3,3
334,607,3,3
334,608,3,3
334,609,3,3
334,610,3,3
334,611,3,3
334,612,3,3
334,613,3,2
334,614,3,2
334,615,3,2
334,616,3,2
334,617,3,2
334,618,3,2
334,619,3,2
334,620,3,2
334,621,3,2
334,622,3,2
334,623,3,2
334,624,3,2
334,625,3,2
334,626,3,2
334,627,3,2
334,628,3,2
334,629,3,2
334,630,3,2
334,631,3,2
334,632,3,2
334,633,3,2
334,634,3,2
334,635,3,2
334,636,3,2
334,637,3,2
334,638,3,2
334,639,3,2
334,640,3,2
334,641,3,2
334,642,3,2
334,643,3,2
334,644,3,2
334,645,3,2
334,646,3,2
334,647,3,2
334,648,3,2
334,649,3,2
334,650,3,2
334,651,3,2
334,652,3,2
334,653,3,2
334,654,3,2
334,655,3,2
334,656,3,2
334,657,3,2
334,658,3,2
334,659,3,2
334,660,3,2
334,661,3,2
334,662,3,2
334,663,3,2
334,664,3,2
334,665,3,2
334,666,3,2
334,667,3,2
334,668,3,2
334,669,3,2
334,670,3,2
334,671,3,2
334,672,3,2
334,673,3,2
334,674,3,2
334,675,3,2
334,676,3,2
334,677,3,2
335,83,3,2
335,84,3,2
335,85,3,2
335,86,3,2
335,87,3,2
335,88,3,2
335,89,3,2
335,90,3,2
335,91,3,2
335,92,3,2
335,93,3,2
335,94,3,2
335,95,3,2
335,96,3,2
335,97,3,2
335,98,3,2
335,99,3,2
335,100,3,2
335,101,3,2
335,102,3,2
335,103,3,2
335,104,3,2
335,105,3,2
335,106,3,2
335,107,3,2
335,108,3,2
335,109,3,2
335,110,3,2
335,111,3,2
335,112,3,2
335,113,3,2
335,114,3,2
335,115,3,2
335,116,3,2
335,117,3,2
335,118,3,2
335,119,3,2
335,120,3,2
335,121,3,2
335,122,3,2
335,123,3,2
335,124,3,2
335,125,3,2
335,126,3,2
335,127,3,2
335,128,3,2
335,129,3,2
335,130,3,2
335,131,3,2
335,132,3,2
335,133,3,2
335,134,3,2
335,135,3,2
335,136,3,2
335,137,3,2
335,138,3,2
335,139,3,2
335,140,3,2
335,141,3,2
335,142,3,2
335,143,3,2
335,144,3,2
335,145,3,2
335,146,3,2
335,147,3,2
335,148,3,2
335,149,3,2
335,150,3,2
335,151,3,2
335,152,3,2
335,153,3,2
335,154,3,2
335,155,3,2
335,156,3,2
335,157,3,2
335,158,3,2
335,159,3,2
335,160,3,2
335,161,3,2
335,162,3,2
335,163,3,2
335,164,3,2
335,165,3,2
335,166,3,2
335,167,3,2
335,168,3,2
335,169,3,2
335,170,3,2
335,171,3,2
335,172,3,2
335,173,3,2
335,174,3,2
335,175,3,2
335,176,3,2
335,177,3,2
335,178,3,2
335,179,3,2
335,180,3,2
335,181,3,2
335,182,3,2
335,183,3,2
335,184,3,2
335,185,3,2
335,186,3,2
335,187,3,2
335,188,3,2
335,189,3,2
335,190,3,2
335,191,3,2
335,192,3,2
335,193,3,2
335,194,3,2
335,195,3,2
335,196,3,2
335,197,3,2
335,198,3,2
335,199,3,2
335,200,3,2
335,201,3,2
335,202,3,2
335,203,3,2
335,204,3,2
335,205,3,2
335,206,3,2
335,207,3,2
335,208,3,2
335,209,3,2
335,210,3,2
335,211,3,2
335,212,3,2
335,213,3,2
335,214,3,2
335,215,3,2
335,216,3,2
335,217,3,2
335,218,3,2
335,219,3,2
335,220,3,2
335,221,3,2
335,222,3,2
335,223,3,2
335,224,3,2
335,225,3,2
335,226,3,2
335,227,3,2
335,228,3,2
335,229,3,2
335,230,3,2
335,231,3,2
335,232,3,2
335,233,3,2
335,234,3,2
335,235,3,2
335,236,3,2
335,237,3,2
335,238,3,2
335,239,3,2
335,240,3,2
335,241,3,2
335,242,3,2
335,243,3,2
335,244,3,2
335,245,3,2
335,246,3,2
335,247,3,2
335,248,3,2
335,249,3,2
335,250,3,2
335,251,3,2
335,252,3,2
335,253,3,2
335,254,3,2
335,255,3,2
335,256,3,2
335,257,3,2
335,258,3,2
335,259,3,2
335,260,3,2
335,261,3,2
335,262,3,2
335,263,3,2
335,264,3,2
335,265,3,2
335,266,3,2
335,267,3,2
335,268,3,2
335,269,3,2
335,270,3,2
335,271,3,2
335,272,3,2
335,273,3,2
335,274,3,2
335,275,3,2
335,276,3,2
335,277,3,2
335,278,3,2
335,279,3,2
335,280,3,2
335,281,3,2
335,282,3,2
335,283,3,2
335,284,3,2
335,285,3,2
335,286,3,2
335,287,3,2
335,288,3,2
335,289,3,2
335,290,3,2
335,291,3,2
335,292,3,2
335,293,3,2
335,294,3,2
335,295,3,2
335,296,3,2
335,297,3,2
335,298,3,2
335,299,3,2
335,300,3,2
335,301,3,2
335,302,3,2
335,303,3,2
335,304,3,2
335,305,3,2
335,306,3,2
335,307,3,2
335,308,3,2
335,309,3,2
335,310,3,2
335,311,3,2
335,312,3,2
335,313,3,2
335,314,3,2
335,315,3,2
335,316,3,2
335,317,3,2
335,318,3,2
335,319,3,2
335,320,3,2
335,321,3,2
335,322,3,2
335,323,3,2
335,324,3,2
335,325,3,2
335,326,3,2
335,327,3,2
335,328,3,2
335,329,3,2
335,330,3,2
335,331,3,2
335,332,3,2
335,333,3,2
335,334,3,2
335,335,3,2
335,336,3,2
335,337,3,2
335,338,3,2
335,339,3,2
335,340,3,2
335,341,3,2
335,342,3,2
335,343,3,2
335,344,3,2
335,345,3,2
335,346,3,2
335,347,3,2
335,348,3,2
335,349,3,2
335,350,3,2
335,351,3,2
335,352,3,2
335,353,3,2
335,354,3,2
335,355,3,2
335,356,3,2
335,357,3,2
335,358,3,2
335,359,3,2
335,360,3,2
335,361,3,2
335,362,3,2
335,363,3,2
335,364,3,2
335,365,3,2
335,366,3,2
335,367,3,2
335,368,3,2
335,369,3,2
335,370,3,2
335,371,3,2
335,372,3,2
335,373,3,2
335,374,3,2
335,375,3,2
335,376,3,2
335,377,3,2
335,378,3,2
335,379,3,2
335,380,3,2
335,381,3,2
335,382,3,2
335,383,3,2
335,384,3,2
335,385,3,2
335,386,3,2
335,387,3,2
335,388,3,2
335,389,3,2
335,390,3,2
335,391,3,2
335,392,3,2
335,393,3,2
335,394,3,2
335,395,3,2
335,396,3,2
335,397,3,2
335,398,3,2
335,399,3,2
335,400,3,2
335,401,3,2
335,402,3,2
335,403,3,2
335,404,3,2
335,405,3,2
335,406,3,2
335,407,3,2
335,408,3,2
335,409,3,2
335,410,3,2
335,411,3,2
335,412,3,2
335,413,3,2
335,414,3,2
335,415,3,2
335,416,3,2
335,417,3,2
335,418,3,2
335,419,3,2
335,420,3,2
335,421,3,2
335,422,3,2
335,423,3,2
335,424,3,2
335,425,3,2
335,426,3,2
335,427,3,2
335,428,3,2
335,429,3,2
335,430,3,2
335,431,3,2
335,432,3,2
335,433,3,2
335,434,3,2
335,435,3,2
335,436,3,2
335,437,3,2
335,438,3,2
335,439,3,2
335,440,3,2
335,441,3,2
335,442,3,2
335,443,3,3
335,444,3,3
335,445,3,3
335,446,3,3
335,447,3,3
335,448,3,3
335,449,3,3
335,450,3,3
335,451,3,3
335,452,3,3
335,453,3,3
335,454,3,3
335,455,3,3
335,456,3,3
335,457,3,3
335,458,3,3
335,459,3,3
335,460,3,3
335,461,3,3
335,462,3,2
335,463,3,2
335,464,3,2
335,465,3,2
335,466,3,2
335,467,3,2
335,468,3,3
335,469,3,3
335,470,3,3
335,471,3,3
335,472,3,3
335,473,3,3
335,474,3,3
335,475,3,3
335,476,3,3
335,477,3,3
335,478,3,3
335,479,3,3
335,480,3,3
335,481,3,3
335,482,3,3
335,483,3,3
335,484,3,3
335,485,3,3
335,486,3,3
335,487,3,3
335,488,3,3
335,489,3,3
335,490,3,3
335,491,3,3
335,492,3,3
335,493,3,3
335,494,3,3
335,495,3,3
335,496,3,3
335,497,3,3
335,498,3,3
335,499,3,3
335,500,3,3
335,501,3,3
335,502,3,3
335,503,3,3
335,504,3,3
335,505,3,3
335,506,3,3
335,507,3,3
335,508,3,3
335,509,3,3
335,510,3,3
335,511,3,3
335,512,3,3
335,513,3,3
335,514,3,3
335,515,3,3
335,516,3,3
335,517,3,3
335,518,3,3
335,519,3,3
335,520,3,3
335,521,3,3
335,522,3,3
335,523,3,3
335,524,3,2
335,525,3,2
335,526,3,2
335,527,3,2
335,528,3,2
335,529,3,2
335,530,3,2
335,531,3,2
335,532,3,2
335,533,3,3
335,534,3,3
335,535,3,2
335,536,3,2
335,537,3,2
335,538,3,2
335,539,3,2
335,540,3,2
335,541,3,2
335,542,3,2
335,543,3,2
335,544,3,2
335,545,3,2
335,546,3,2
335,547,3,2
335,548,3,2
335,549,3,2
335,550,3,2
335,551,3,2
335,552,3,2
335,553,3,2
335,554,3,2
335,555,3,2
335,556,3,2
335,557,3,2
335,558,3,2
335,559,3,2
335,560,3,2
335,561,3,2
335,562,3,2
335,563,3,2
335,564,3,2
335,565,3,2
335,566,3,2
335,567,3,2
335,568,3,2
335,569,3,3
335,570,3,3
335,571,3,3
335,572,3,3
335,573,3,3
335,574,3,3
335,575,3,3
335,576,3,3
335,577,3,3
335,578,3,3
335,579,3,3
335,580,3,3
335,581,3,3
335,582,3,3
335,583,3,3
335,584,3,3
335,585,3,3
335,586,3,3
335,587,3,3
335,588,3,3
335,589,3,3
335,590,3,3
335,591,3,3
335,592,3,3
335,593,3,3
335,594,3,3
335,595,3,3
335,596,3,3
335,597,3,3
335,598,3,3
335,599,3,3
335,600,3,3
335,601,3,3
335,602,3,3
335,603,3,3
335,604,3,3
335,605,3,3
335,606,3,3
335,607,3,3
335,608,3,3
335,609,3,3
335,610,3,3
335,611,3,3
335,612,3,3
335,613,3,3
335,614,3,2
335,615,3,2
335,616,3,2
335,617,3,2
335,618,3,2
335,619,3,2
335,620,3,2
335,621,3,2
335,622,3,2
335,623,3,2
335,624,3,2
335,625,3,2
335,626,3,2
335,627,3,2
335,628,3,2
335,629,3,2
335,630,3,2
335,631,3,2
335,632,3,2
335,633,3,2
335,634,3,2
335,635,3,2
335,636,3,2
335,637,3,2
335,638,3,2
335,639,3,2
335,640,3,2
335,641,3,2
335,642,3,2
335,643,3,2
335,644,3,2
335,645,3,2
335,646,3,2
335,647,3,2
335,648,3,2
335,649,3,2
335,650,3,2
335,651,3,2
335,652,3,2
335,653,3,2
335,654,3,2
335,655,3,2
335,656,3,2
335,657,3,2
335,658,3,2
335,659,3,2
335,660,3,2
335,661,3,2
335,662,3,2
335,663,3,2
335,664,3,2
335,665,3,2
335,666,3,2
335,667,3,2
335,668,3,2
335,669,3,2
335,670,3,2
335,671,3,2
335,672,3,2
335,673,3,2
335,674,3,2
335,675,3,2
335,676,3,2
336,83,3,2
336,84,3,2
336,85,3,2
336,86,3,2
336,87,3,2
336,88,3,2
336,89,3,2
336,90,3,2
336,91,3,2
336,92,3,2
336,93,3,2
336,94,3,2
336,95,3,2
336,96,3,2
336,97,3,2
336,98,3,2
336,99,3,2
336,100,3,2
336,101,3,2
336,102,3,2
336,103,3,2
336,104,3,2
336,105,3,2
336,106,3,2
336,107,3,2
336,108,3,2
336,109,3,2
336,110,3,2
336,111,3,2
336,112,3,2
336,113,3,2
336,114,3,2
336,115,3,2
336,116,3,2
336,117,3,2
336,118,3,2
336,119,3,2
336,120,3,2
336,121,3,2
336,122,3,2
336,123,3,2
336,124,3,2
336,125,3,2
336,126,3,2
336,127,3,2
336,128,3,2
336,129,3,2
336,130,3,2
336,131,3,2
336,132,3,2
336,133,3,2
336,134,3,2
336,135,3,2
336,136,3,2
336,137,3,2
336,138,3,2
336,139,3,2
336,140,3,2
336,141,3,2
336,142,3,2
336,143,3,2
336,144,3,2
336,145,3,2
336,146,3,2
336,147,3,2
336,148,3,2
336,149,3,2
336,150,3,2
336,151,3,2
336,152,3,2
336,153,3,2
336,154,3,2
336,155,3,2
336,156,3,2
336,157,3,2
336,158,3,2
336,159,3,2
336,160,3,2
336,161,3,2
336,162,3,2
336,163,3,2
336,164,3,2
336,165,3,2
336,166,3,2
336,167,3,2
336,168,3,2
336,169,3,2
336,170,3,2
336,171,3,2
336,172,3,2
336,173,3,2
336,174,3,2
336,175,3,2
336,176,3,2
336,177,3,2
336,178,3,2
336,179,3,2
336,180,3,2
336,181,3,2
336,182,3,2
336,183,3,2
336,184,3,2
336,185,3,2
336,186,3,2
336,187,3,2
336,188,3,2
336,189,3,2
336,190,3,2
336,191,3,2
336,192,3,2
336,193,3,2
336,194,3,2
336,195,3,2
336,196,3,2
336,197,3,2
336,198,3,2
336,199,3,2
336,200,3,2
336,201,3,2
336,202,3,2
336,203,3,2
336,204,3,2
336,205,3,2
336,206,3,2
336,207,3,2
336,208,3,2
336,209,3,2
336,210,3,2
336,211,3,2
336,212,3,2
336,213,3,2
336,214,3,2
336,215,3,2
336,216,3,2
336,217,3,2
336,218,3,2
336,219,3,2
336,220,3,2
336,221,3,2
336,222,3,2
336,223,3,2
336,224,3,2
336,225,3,2
336,226,3,2
336,227,3,2
336,228,3,2
336,229,3,2
336,230,3,2
336,231,3,2
336,232,3,2
336,233,3,2
336,234,3,2
336,235,3,2
336,236,3,2
336,237,3,2
336,238,3,2
336,239,3,2
336,240,3,2
336,241,3,2
336,242,3,2
336,243,3,2
336,244,3,2
336,245,3,2
336,246,3,2
336,247,3,2
336,248,3,2
336,249,3,2
336,250,3,2
336,251,3,2
336,252,3,2
336,253,3,2
336,254,3,2
336,255,3,2
336,256,3,2
336,257,3,2
336,258,3,2
336,259,3,2
336,260,3,2
336,261,3,2
336,262,3,2
336,263,3,2
336,264,3,2
336,265,3,2
336,266,3,2
336,267,3,2
336,268,3,2
336,269,3,2
336,270,3,2
336,271,3,2
336,272,3,2
336,273,3,2
336,274,3,2
336,275,3,2
336,276,3,2
336,277,3,2
336,278,3,2
336,279,3,2
336,280,3,2
336,281,3,2
336,282,3,2
336,283,3,2
336,284,3,2
336,285,3,2
336,286,3,2
336,287,3,2
336,288,3,2
336,289,3,2
336,290,3,2
336,291,3,2
336,292,3,2
336,293,3,2
336,294,3,2
336,295,3,2
336,296,3,2
336,297,3,2
336,298,3,2
336,299,3,2
336,300,3,2
336,301,3,2
336,302,3,2
336,303,3,2
336,304,3,2
336,305,3,2
336,306,3,2
336,307,3,2
336,308,3,2
336,309,3,2
336,310,3,2
336,311,3,2
336,312,3,2
336,313,3,2
336,314,3,2
336,315,3,2
336,316,3,2
336,317,3,2
336,318,3,2
336,319,3,2
336,320,3,2
336,321,3,2
336,322,3,2
336,323,3,2
336,324,3,2
336,325,3,2
336,326,3,2
336,327,3,2
336,328,3,2
336,329,3,2
336,330,3,2
336,331,3,2
336,332,3,2
336,333,3,2
336,334,3,2
336,335,3,2
336,336,3,2
336,337,3,2
336,338,3,2
336,339,3,2
336,340,3,2
336,341,3,2
336,342,3,2
336,343,3,2
336,344,3,2
336,345,3,2
336,346,3,2
336,347,3,2
336,348,3,2
336,349,3,2
336,350,3,2
336,351,3,2
336,352,3,2
336,353,3,2
336,354,3,2
336,355,3,2
336,356,3,2
336,357,3,2
336,358,3,2
336,359,3,2
336,360,3,2
336,361,3,2
336,362,3,2
336,363,3,2
336,364,3,2
336,365,3,2
336,366,3,2
336,367,3,2
336,368,3,2
336,369,3,2
336,370,3,2
336,371,3,2
336,372,3,2
336,373,3,2
336,374,3,2
336,375,3,2
336,376,3,2
336,377,3,2
336,378,3,2
336,379,3,2
336,380,3,2
336,381,3,2
336,382,3,2
336,383,3,2
336,384,3,2
336,385,3,2
336,386,3,2
336,387,3,2
336,388,3,2
336,389,3,2
336,390,3,2
336,391,3,2
336,392,3,2
336,393,3,2
336,394,3,2
336,395,3,2
336,396,3,2
336,397,3,2
336,398,3,2
336,399,3,2
336,400,3,2
336,401,3,2
336,402,3,2
336,403,3,2
336,404,3,2
336,405,3,2
336,406,3,2
336,407,3,2
336,408,3,2
336,409,3,2
336,410,3,2
336,411,3,2
336,412,3,2
336,413,3,2
336,414,3,2
336,415,3,2
336,416,3,2
336,417,3,2
336,418,3,2
336,419,3,2
336,420,3,2
336,421,3,2
336,422,3,2
336,423,3,2
336,424,3,2
336,425,3,2
336,426,3,2
336,427,3,2
336,428,3,2
336,429,3,2
336,430,3,2
336,431,3,2
336,432,3,2
336,433,3,2
336,434,3,2
336,435,3,2
336,436,3,2
336,437,3,2
336,438,3,2
336,439,3,2
336,440,3,2
336,441,3,2
336,442,3,2
336,443,3,2
336,444,3,3
336,445,3,3
336,446,3,3
336,447,3,3
336,448,3,3
336,449,3,3
336,450,3,3
336,451,3,3
336,452,3,3
336,453,3,3
336,454,3,3
336,455,3,3
336,456,3,3
336,457,3,3
336,458,3,3
336,459,3,3
336,460,3,3
336,461,3,3
336,462,3,2
336,463,3,2
336,464,3,2
336,465,3,2
336,466,3,2
336,467,3,2
336,468,3,3
336,469,3,3
336,470,3,3
336,471,3,3
336,472,3,3
336,473,3,3
336,474,3,3
336,475,3,3
336,476,3,3
336,477,3,3
336,478,3,3
336,479,3,3
336,480,3,3
336,481,3,3
336,482,3,3
336,483,3,3
336,484,3,3
336,485,3,3
336,486,3,3
336,487,3,3
336,488,3,3
336,489,3,3
336,490,3,3
336,491,3,3
336,492,3,3
336,493,3,3
336,494,3,3
336,495,3,3
336,496,3,3
336,497,3,3
336,498,3,3
336,499,3,3
336,500,3,3
336,501,3,3
336,502,3,3
336,503,3,3
336,504,3,3
336,505,3,3
336,506,3,3
336,507,3,3
336,508,3,3
336,509,3,3
336,510,3,3
336,511,3,3
336,512,3,3
336,513,3,3
336,514,3,3
336,515,3,3
336,516,3,3
336,517,3,3
336,518,3,3
336,519,3,3
336,520,3,3
336,521,3,3
336,522,3,3
336,523,3,3
336,524,3,3
336,525,3,2
336,526,3,2
336,527,3,2
336,528,3,3
336,529,3,3
336,530,3,3
336,531,3,3
336,532,3,3
336,533,3,3
336,534,3,3
336,535,3,3
336,536,3,3
336,537,3,3
336,538,3,3
336,539,3,3
336,540,3,3
336,541,3,2
336,542,3,2
336,543,3,2
336,544,3,2
336,545,3,2
336,546,3,2
336,547,3,2
336,548,3,2
336,549,3,2
336,550,3,2
336,551,3,2
336,552,3,2
336,553,3,2
336,554,3,2
336,555,3,2
336,556,3,2
336,557,3,2
336,558,3,2
336,559,3,2
336,560,3,2
336,561,3,2
336,562,3,2
336,563,3,2
336,564,3,2
336,565,3,2
336,566,3,2
336,567,3,2
336,568,3,3
336,569,3,3
336,570,3,3
336,571,3,3
336,572,3,3
336,573,3,3
336,574,3,3
336,575,3,3
336,576,3,3
336,577,3,3
336,578,3,3
336,579,3,3
336,580,3,3
336,581,3,3
336,582,3,3
336,583,3,3
336,584,3,3
336,585,3,3
336,586,3,3
336,587,3,3
336,588,3,3
336,589,3,3
336,590,3,3
336,591,3,3
336,592,3,3
336,593,3,3
336,594,3,3
336,595,3,3
336,596,3,3
336,597,3,3
336,598,3,3
336,599,3,3
336,600,3,3
336,601,3,3
336,602,3,3
336,603,3,3
336,604,3,3
336,605,3,3
336,606,3,3
336,607,3,3
336,608,3,3
336,609,3,3
336,610,3,3
336,611,3,3
336,612,3,3
336,613,3,2
336,614,3,2
336,615,3,2
336,616,3,2
336,617,3,2
336,618,3,2
336,619,3,2
336,620,3,2
336,621,3,2
336,622,3,2
336,623,3,2
336,624,3,2
336,625,3,2
336,626,3,2
336,627,3,2
336,628,3,2
336,629,3,2
336,630,3,2
336,631,3,2
336,632,3,2
336,633,3,2
336,634,3,2
336,635,3,2
336,636,3,2
336,637,3,2
336,638,3,2
336,639,3,2
336,640,3,2
336,641,3,2
336,642,3,2
336,643,3,2
336,644,3,2
336,645,3,2
336,646,3,2
336,647,3,2
336,648,3,2
336,649,3,2
336,650,3,2
336,651,3,2
336,652,3,2
336,653,3,2
336,654,3,2
336,655,3,2
336,656,3,2
336,657,3,2
336,658,3,2
336,659,3,2
336,660,3,2
336,661,3,2
336,662,3,2
336,663,3,2
336,664,3,2
336,665,3,2
336,666,3,2
336,667,3,2
336,668,3,2
336,669,3,2
336,670,3,2
336,671,3,2
336,672,3,2
336,673,3,2
336,674,3,2
336,675,3,2
336,676,3,2
337,83,3,2
337,84,3,2
337,85,3,2
337,86,3,2
337,87,3,2
337,88,3,2
337,89,3,2
337,90,3,2
337,91,3,2
337,92,3,2
337,93,3,2
337,94,3,2
337,95,3,2
337,96,3,2
337,97,3,2
337,98,3,2
337,99,3,2
337,100,3,2
337,101,3,2
337,102,3,2
337,103,3,2
337,104,3,2
337,105,3,2
337,106,3,2
337,107,3,2
337,108,3,2
337,109,3,2
337,110,3,2
337,111,3,2
337,112,3,2
337,113,3,2
337,114,3,2
337,115,3,2
337,116,3,2
337,117,3,2
337,118,3,2
337,119,3,2
337,120,3,2
337,121,3,2
337,122,3,2
337,123,3,2
337,124,3,2
337,125,3,2
337,126,3,2
337,127,3,2
337,128,3,2
337,129,3,2
337,130,3,2
337,131,3,2
337,132,3,2
337,133,3,2
337,134,3,2
337,135,3,2
337,136,3,2
337,137,3,2
337,138,3,2
337,139,3,2
337,140,3,2
337,141,3,2
337,142,3,2
337,143,3,2
337,144,3,2
337,145,3,2
337,146,3,2
337,147,3,2
337,148,3,2
337,149,3,2
337,150,3,2
337,151,3,2
337,152,3,2
337,153,3,2
337,154,3,2
337,155,3,2
337,156,3,2
337,157,3,2
337,158,3,2
337,159,3,2
337,160,3,2
337,161,3,2
337,162,3,2
337,163,3,2
337,164,3,2
337,165,3,2
337,166,3,2
337,167,3,2
337,168,3,2
337,169,3,2
337,170,3,2
337,171,3,2
337,172,3,2
337,173,3,2
337,174,3,2
337,175,3,2
337,176,3,2
337,177,3,2
337,178,3,2
337,179,3,2
337,180,3,2
337,181,3,2
337,182,3,2
337,183,3,2
337,184,3,2
337,185,3,2
337,186,3,2
337,187,3,2
337,188,3,2
337,189,3,2
337,190,3,2
337,191,3,2
337,192,3,2
337,193,3,2
337,194,3,2
337,195,3,2
337,196,3,2
337,197,3,2
337,198,3,2
337,199,3,2
337,200,3,2
337,201,3,2
337,202,3,2
337,203,3,2
337,204,3,2
337,205,3,2
337,206,3,2
337,207,3,2
337,208,3,2
337,209,3,2
337,210,3,2
337,211,3,2
337,212,3,2
337,213,3,2
337,214,3,2
337,215,3,2
337,216,3,2
337,217,3,2
337,218,3,2
337,219,3,2
337,220,3,2
337,221,3,2
337,222,3,2
337,223,3,2
337,224,3,2
337,225,3,2
337,226,3,2
337,227,3,2
337,228,3,2
337,229,3,2
337,230,3,2
337,231,3,2
337,232,3,2
337,233,3,2
337,234,3,2
337,235,3,2
337,236,3,2
337,237,3,2
337,238,3,2
337,239,3,2
337,240,3,2
337,241,3,2
337,242,3,2
337,243,3,2
337,244,3,2
337,245,3,2
337,246,3,2
337,247,3,2
337,248,3,2
337,249,3,2
337,250,3,2
337,251,3,2
337,252,3,2
337,253,3,2
337,254,3,2
337,255,3,2
337,256,3,2
337,257,3,2
337,258,3,2
337,259,3,2
337,260,3,2
337,261,3,2
337,262,3,2
337,263,3,2
337,264,3,2
337,265,3,2
337,266,3,2
337,267,3,2
337,268,3,2
337,269,3,2
337,270,3,2
337,271,3,2
337,272,3,2
337,273,3,2
337,274,3,2
337,275,3,2
337,276,3,2
337,277,3,2
337,278,3,2
337,279,3,2
337,280,3,2
337,281,3,2
337,282,3,2
337,283,3,2
337,284,3,2
337,285,3,2
337,286,3,2
337,287,3,2
337,288,3,2
337,289,3,2
337,290,3,2
337,291,3,2
337,292,3,2
337,293,3,2
337,294,3,2
337,295,3,2
337,296,3,2
337,297,3,2
337,298,3,2
337,299,3,2
337,300,3,2
337,301,3,2
337,302,3,2
337,303,3,2
337,304,3,2
337,305,3,2
337,306,3,2
337,307,3,2
337,308,3,2
337,309,3,2
337,310,3,2
337,311,3,2
337,312,3,2
337,313,3,2
337,314,3,2
337,315,3,2
337,316,3,2
337,317,3,2
337,318,3,2
337,319,3,2
337,320,3,2
337,321,3,2
337,322,3,2
337,323,3,2
337,324,3,2
337,325,3,2
337,326,3,2
337,327,3,2
337,328,3,2
337,329,3,2
337,330,3,2
337,331,3,2
337,332,3,2
337,333,3,2
337,334,3,2
337,335,3,2
337,336,3,2
337,337,3,2
337,338,3,2
337,339,3,2
337,340,3,2
337,341,3,2
337,342,3,2
337,343,3,2
337,344,3,2
337,345,3,2
337,346,3,2
337,347,3,2
337,348,3,2
337,349,3,2
337,350,3,2
337,351,3,2
337,352,3,2
337,353,3,2
337,354,3,2
337,355,3,2
337,356,3,2
337,357,3,2
337,358,3,2
337,359,3,2
337,360,3,2
337,361,3,2
337,362,3,2
337,363,3,2
337,364,3,2
337,365,3,2
337,366,3,2
337,367,3,2
337,368,3,2
337,369,3,2
337,370,3,2
337,371,3,2
337,372,3,2
337,373,3,2
337,374,3,2
337,375,3,2
337,376,3,2
337,377,3,2
337,378,3,2
337,379,3,2
337,380,3,2
337,381,3,2
337,382,3,2
337,383,3,2
337,384,3,2
337,385,3,2
337,386,3,2
337,387,3,2
337,388,3,2
337,389,3,2
337,390,3,2
337,391,3,2
337,392,3,2
337,393,3,2
337,394,3,2
337,395,3,2
337,396,3,2
337,397,3,2
337,398,3,2
337,399,3,2
337,400,3,2
337,401,3,2
337,402,3,2
337,403,3,2
337,404,3,2
337,405,3,2
337,406,3,2
337,407,3,2
337,408,3,2
337,409,3,2
337,410,3,2
337,411,3,2
337,412,3,2
337,413,3,2
337,414,3,2
337,415,3,2
337,416,3,2
337,417,3,2
337,418,3,2
337,419,3,2
337,420,3,2
337,421,3,2
337,422,3,2
337,423,3,2
337,424,3,2
337,425,3,2
337,426,3,2
337,427,3,2
337,428,3,2
337,429,3,2
337,430,3,2
337,431,3,2
337,432,3,2
337,433,3,2
337,434,3,2
337,435,3,2
337,436,3,2
337,437,3,2
337,438,3,2
337,439,3,2
337,440,3,2
337,441,3,2
337,442,3,2
337,443,3,2
337,444,3,2
337,445,3,3
337,446,3,3
337,447,3,3
337,448,3,3
337,449,3,3
337,450,3,3
337,451,3,3
337,452,3,3
337,453,3,3
337,454,3,3
337,455,3,3
337,456,3,3
337,457,3,3
337,458,3,3
337,459,3,3
337,460,3,2
337,461,3,2
337,462,3,2
337,463,3,2
337,464,3,2
337,465,3,2
337,466,3,2
337,467,3,2
337,468,3,2
337,469,3,3
337,470,3,3
337,471,3,3
337,472,3,3
337,473,3,3
337,474,3,3
337,475,3,3
337,476,3,3
337,477,3,3
337,478,3,3
337,479,3,3
337,480,3,3
337,481,3,3
337,482,3,3
337,483,3,3
337,484,3,3
337,485,3,3
337,486,3,3
337,487,3,3
337,488,3,3
337,489,3,3
337,490,3,3
337,491,3,3
337,492,3,3
337,493,3,3
337,494,3,3
337,495,3,3
337,496,3,3
337,497,3,3
337,498,3,3
337,499,3,3
337,500,3,3
337,501,3,3
337,502,3,3
337,503,3,3
337,504,3,3
337,505,3,3
337,506,3,3
337,507,3,3
337,508,3,3
337,509,3,3
337,510,3,3
337,511,3,3
337,512,3,3
337,513,3,3
337,514,3,3
337,515,3,3
337,516,3,3
337,517,3,3
337,518,3,3
337,519,3,3
337,520,3,3
337,521,3,2
337,522,3,3
337,523,3,3
337,524,3,3
337,525,3,3
337,526,3,3
337,527,3,3
337,528,3,3
337,529,3,3
337,530,3,3
337,531,3,3
337,532,3,3
337,533,3,3
337,534,3,3
337,535,3,3
337,536,3,3
337,537,3,3
337,538,3,3
337,539,3,3
337,540,3,3
337,541,3,3
337,542,3,3
337,543,3,3
337,544,3,3
337,545,3,2
337,546,3,2
337,547,3,2
337,548,3,2
337,549,3,2
337,550,3,2
337,551,3,2
337,552,3,2
337,553,3,2
337,554,3,2
337,555,3,2
337,556,3,2
337,557,3,2
337,558,3,2
337,559,3,2
337,560,3,2
337,561,3,2
337,562,3,2
337,563,3,3
337,564,3,3
337,565,3,3
337,566,3,3
337,567,3,3
337,568,3,3
337,569,3,3
337,570,3,3
337,571,3,3
337,572,3,3
337,573,3,3
337,574,3,3
337,575,3,3
337,576,3,3
337,577,3,3
337,578,3,3
337,579,3,3
337,580,3,3
337,581,3,3
337,582,3,3
337,583,3,3
337,584,3,3
337,585,3,3
337,586,3,3
337,587,3,3
337,588,3,3
337,589,3,3
337,590,3,3
337,591,3,3
337,592,3,3
337,593,3,3
337,594,3,3
337,595,3,3
337,596,3,3
337,597,3,3
337,598,3,3
337,599,3,3
337,600,3,3
337,601,3,3
337,602,3,3
337,603,3,3
337,604,3,3
337,605,3,3
337,606,3,3
337,607,3,3
337,608,3,3
337,609,3,2
337,610,3,2
337,611,3,2
337,612,3,2
337,613,3,2
337,614,3,2
337,615,3,2
337,616,3,2
337,617,3,2
337,618,3,2
337,619,3,2
337,620,3,2
337,621,3,2
337,622,3,2
337,623,3,2
337,624,3,2
337,625,3,2
337,626,3,2
337,627,3,2
337,628,3,2
337,629,3,2
337,630,3,2
337,631,3,2
337,632,3,2
337,633,3,2
337,634,3,2
337,635,3,2
337,636,3,2
337,637,3,2
337,638,3,2
337,639,3,2
337,640,3,2
337,641,3,2
337,642,3,2
337,643,3,2
337,644,3,2
337,645,3,2
337,646,3,2
337,647,3,2
337,648,3,2
337,649,3,2
337,650,3,2
337,651,3,2
337,652,3,2
337,653,3,2
337,654,3,2
337,655,3,2
337,656,3,2
337,657,3,2
337,658,3,2
337,659,3,2
337,660,3,2
337,661,3,2
337,662,3,2
337,663,3,2
337,664,3,2
337,665,3,2
337,666,3,2
337,667,3,2
337,668,3,2
337,669,3,2
337,670,3,2
337,671,3,2
337,672,3,2
337,673,3,2
337,674,3,2
337,675,3,2
338,83,3,2
338,84,3,2
338,85,3,2
338,86,3,2
338,87,3,2
338,88,3,2
338,89,3,2
338,90,3,2
338,91,3,2
338,92,3,2
338,93,3,2
338,94,3,2
338,95,3,2
338,96,3,2
338,97,3,2
338,98,3,2
338,99,3,2
338,100,3,2
338,101,3,2
338,102,3,2
338,103,3,2
338,104,3,2
338,105,3,2
338,106,3,2
338,107,3,2
338,108,3,2
338,109,3,2
338,110,3,2
338,111,3,2
338,112,3,2
338,113,3,2
338,114,3,2
338,115,3,2
338,116,3,2
338,117,3,2
338,118,3,2
338,119,3,2
338,120,3,2
338,121,3,2
338,122,3,2
338,123,3,2
338,124,3,2
338,125,3,2
338,126,3,2
338,127,3,2
338,128,3,2
338,129,3,2
338,130,3,2
338,131,3,2
338,132,3,2
338,133,3,2
338,134,3,2
338,135,3,2
338,136,3,2
338,137,3,2
338,138,3,2
338,139,3,2
338,140,3,2
338,141,3,2
338,142,3,2
338,143,3,2
338,144,3,2
338,145,3,2
338,146,3,2
338,147,3,2
338,148,3,2
338,149,3,2
338,150,3,2
338,151,3,2
338,152,3,2
338,153,3,2
338,154,3,2
338,155,3,2
338,156,3,2
338,157,3,2
338,158,3,2
338,159,3,2
338,160,3,2
338,161,3,2
338,162,3,2
338,163,3,2
338,164,3,2
338,165,3,2
338,166,3,2
338,167,3,2
338,168,3,2
338,169,3,2
338,170,3,2
338,171,3,2
338,172,3,2
338,173,3,2
338,174,3,2
338,175,3,2
338,176,3,2
338,177,3,2
338,178,3,2
338,179,3,2
338,180,3,2
338,181,3,2
338,182,3,2
338,183,3,2
338,184,3,2
338,185,3,2
338,186,3,2
338,187,3,2
338,188,3,2
338,189,3,2
338,190,3,2
338,191,3,2
338,192,3,2
338,193,3,2
338,194,3,2
338,195,3,2
338,196,3,2
338,197,3,2
338,198,3,2
338,199,3,2
338,200,3,2
338,201,3,2
338,202,3,2
338,203,3,2
338,204,3,2
338,205,3,2
338,206,3,2
338,207,3,2
338,208,3,2
338,209,3,2
338,210,3,2
338,211,3,2
338,212,3,2
338,213,3,2
338,214,3,2
338,215,3,2
338,216,3,2
338,217,3,2
338,218,3,2
338,219,3,2
338,220,3,2
338,221,3,2
338,222,3,2
338,223,3,2
338,224,3,2
338,225,3,2
338,226,3,2
338,227,3,2
338,228,3,2
338,229,3,2
338,230,3,2
338,231,3,2
338,232,3,2
338,233,3,2
338,234,3,2
338,235,3,2
338,236,3,2
338,237,3,2
338,238,3,2
338,239,3,2
338,240,3,2
338,241,3,2
338,242,3,2
338,243,3,2
338,244,3,2
338,245,3,2
338,246,3,2
338,247,3,2
338,248,3,2
338,249,3,2
338,250,3,2
338,251,3,2
338,252,3,2
338,253,3,2
338,254,3,2
338,255,3,2
338,256,3,2
338,257,3,2
338,258,3,2
338,259,3,2
338,260,3,2
338,261,3,2
338,262,3,2
338,263,3,2
338,264,3,2
338,265,3,2
338,266,3,2
338,267,3,2
338,268,3,2
338,269,3,2
338,270,3,2
338,271,3,2
338,272,3,2
338,273,3,2
338,274,3,2
338,275,3,2
338,276,3,2
338,277,3,2
338,278,3,2
338,279,3,2
338,280,3,2
338,281,3,2
338,282,3,2
338,283,3,2
338,284,3,2
338,285,3,2
338,286,3,2
338,287,3,2
338,288,3,2
338,289,3,2
338,290,3,2
338,291,3,2
338,292,3,2
338,293,3,2
338,294,3,2
338,295,3,2
338,296,3,2
338,297,3,2
338,298,3,2
338,299,3,2
338,300,3,2
338,301,3,2
338,302,3,2
338,303,3,2
338,304,3,2
338,305,3,2
338,306,3,2
338,307,3,2
338,308,3,2
338,309,3,2
338,310,3,2
338,311,3,2
338,312,3,2
338,313,3,2
338,314,3,2
338,315,3,2
338,316,3,2
338,317,3,2
338,318,3,2
338,319,3,2
338,320,3,2
338,321,3,2
338,322,3,2
338,323,3,2
338,324,3,2
338,325,3,2
338,326,3,2
338,327,3,2
338,328,3,2
338,329,3,2
338,330,3,2
338,331,3,2
338,332,3,2
338,333,3,2
338,334,3,2
338,335,3,2
338,336,3,2
338,337,3,2
338,338,3,2
338,339,3,2
338,340,3,2
338,341,3,2
338,342,3,2
338,343,3,2
338,344,3,2
338,345,3,2
338,346,3,2
338,347,3,2
338,348,3,2
338,349,3,2
338,350,3,2
338,351,3,2
338,352,3,2
338,353,3,2
338,354,3,2
338,355,3,2
338,356,3,2
338,357,3,2
338,358,3,2
338,359,3,2
338,360,3,2
338,361,3,2
338,362,3,2
338,363,3,2
338,364,3,2
338,365,3,2
338,366,3,2
338,367,3,2
338,368,3,2
338,369,3,2
338,370,3,2
338,371,3,2
338,372,3,2
338,373,3,2
338,374,3,2
338,375,3,2
338,376,3,2
338,377,3,2
338,378,3,2
338,379,3,2
338,380,3,2
338,381,3,2
338,382,3,2
338,383,3,2
338,384,3,2
338,385,3,2
338,386,3,2
338,387,3,2
338,388,3,2
338,389,3,2
338,390,3,2
338,391,3,2
338,392,3,2
338,393,3,2
338,394,3,2
338,395,3,2
338,396,3,2
338,397,3,2
338,398,3,2
338,399,3,2
338,400,3,2
338,401,3,2
338,402,3,2
338,403,3,2
338,404,3,2
338,405,3,2
338,406,3,2
338,407,3,2
338,408,3,2
338,409,3,2
338,410,3,2
338,411,3,2
338,412,3,2
338,413,3,2
338,414,3,2
338,415,3,2
338,416,3,2
338,417,3,2
338,418,3,2
338,419,3,2
338,420,3,2
338,421,3,2
338,422,3,2
338,423,3,2
338,424,3,2
338,425,3,2
338,426,3,2
338,427,3,2
338,428,3,2
338,429,3,2
338,430,3,2
338,431,3,2
338,432,3,2
338,433,3,2
338,434,3,2
338,435,3,2
338,436,3,2
338,437,3,2
338,438,3,2
338,439,3,2
338,440,3,2
338,441,3,2
338,442,3,2
338,443,3,2
338,444,3,2
338,445,3,2
338,446,3,2
338,447,3,3
338,448,3,3
338,449,3,3
338,450,3,3
338,451,3,3
338,452,3,3
338,453,3,3
338,454,3,3
338,455,3,3
338,456,3,3
338,457,3,3
338,458,3,3
338,459,3,2
338,460,3,2
338,461,3,2
338,462,3,2
338,463,3,2
338,464,3,2
338,465,3,2
338,466,3,2
338,467,3,2
338,468,3,2
338,469,3,2
338,470,3,2
338,471,3,2
338,472,3,3
338,473,3,3
338,474,3,3
338,475,3,3
338,476,3,3
338,477,3,3
338,478,3,3
338,479,3,3
338,480,3,3
338,481,3,3
338,482,3,3
338,483,3,3
338,484,3,3
338,485,3,3
338,486,3,3
338,487,3,3
338,488,3,3
338,489,3,3
338,490,3,3
338,491,3,3
338,492,3,3
338,493,3,3
338,494,3,3
338,495,3,3
338,496,3,3
338,497,3,3
338,498,3,3
338,499,3,3
338,500,3,3
338,501,3,3
338,502,3,3
338,503,3,3
338,504,3,3
338,505,3,3
338,506,3,3
338,507,3,3
338,508,3,3
338,509,3,3
338,510,3,3
338,511,3,3
338,512,3,3
338,513,3,3
338,514,3,3
338,515,3,3
338,516,3,3
338,517,3,3
338,518,3,3
338,519,3,2
338,520,3,2
338,521,3,2
338,522,3,3
338,523,3,3
338,524,3,3
338,525,3,3
338,526,3,3
338,527,3,3
338,528,3,3
338,529,3,3
338,530,3,3
338,531,3,3
338,532,3,3
338,533,3,3
338,534,3,3
338,535,3,3
338,536,3,3
338,537,3,3
338,538,3,3
338,539,3,3
338,540,3,3
338,541,3,3
338,542,3,3
338,543,3,3
338,544,3,3
338,545,3,3
338,546,3,2
338,547,3,2
338,548,3,2
338,549,3,2
338,550,3,2
338,551,3,2
338,552,3,2
338,553,3,2
338,554,3,2
338,555,3,2
338,556,3,2
338,557,3,2
338,558,3,2
338,559,3,2
338,560,3,2
338,561,3,3
338,562,3,3
338,563,3,3
338,564,3,3
338,565,3,3
338,566,3,3
338,567,3,3
338,568,3,3
338,569,3,3
338,570,3,3
338,571,3,3
338,572,3,3
338,573,3,3
338,574,3,3
338,575,3,3
338,576,3,3
338,577,3,3
338,578,3,3
338,579,3,3
338,580,3,3
338,581,3,3
338,582,3,3
338,583,3,3
338,584,3,3
338,585,3,3
338,586,3,3
338,587,3,3
338,588,3,3
338,589,3,3
338,590,3,3
338,591,3,3
338,592,3,3
338,593,3,3
338,594,3,3
338,595,3,3
338,596,3,3
338,597,3,3
338,598,3,3
338,599,3,3
338,600,3,3
338,601,3,3
338,602,3,3
338,603,3,3
338,604,3,3
338,605,3,3
338,606,3,3
338,607,3,3
338,608,3,3
338,609,3,2
338,610,3,2
338,611,3,2
338,612,3,2
338,613,3,2
338,614,3,2
338,615,3,2
338,616,3,2
338,617,3,2
338,618,3,2
338,619,3,2
338,620,3,2
338,621,3,2
338,622,3,2
338,623,3,2
338,624,3,2
338,625,3,2
338,626,3,2
338,627,3,2
338,628,3,2
338,629,3,2
338,630,3,2
338,631,3,2
338,632,3,2
338,633,3,2
338,634,3,2
338,635,3,2
338,636,3,2
338,637,3,2
338,638,3,2
338,639,3,2
338,640,3,2
338,641,3,2
338,642,3,2
338,643,3,2
338,644,3,2
338,645,3,2
338,646,3,2
338,647,3,2
338,648,3,2
338,649,3,2
338,650,3,2
338,651,3,2
338,652,3,2
338,653,3,2
338,654,3,2
338,655,3,2
338,656,3,2
338,657,3,2
338,658,3,2
338,659,3,2
338,660,3,2
338,661,3,2
338,662,3,2
338,663,3,2
338,664,3,2
338,665,3,2
338,666,3,2
338,667,3,2
338,668,3,2
338,669,3,2
338,670,3,2
338,671,3,2
338,672,3,2
338,673,3,2
338,674,3,2
338,675,3,2
339,83,3,2
339,84,3,2
339,85,3,2
339,86,3,2
339,87,3,2
339,88,3,2
339,89,3,2
339,90,3,2
339,91,3,2
339,92,3,2
339,93,3,2
339,94,3,2
339,95,3,2
339,96,3,2
339,97,3,2
339,98,3,2
339,99,3,2
339,100,3,2
339,101,3,2
339,102,3,2
339,103,3,2
339,104,3,2
339,105,3,2
339,106,3,2
339,107,3,2
339,108,3,2
339,109,3,2
339,110,3,2
339,111,3,2
339,112,3,2
339,113,3,2
339,114,3,2
339,115,3,2
339,116,3,2
339,117,3,2
339,118,3,2
339,119,3,2
339,120,3,2
339,121,3,2
339,122,3,2
339,123,3,2
339,124,3,2
339,125,3,2
339,126,3,2
339,127,3,2
339,128,3,2
339,129,3,2
339,130,3,2
339,131,3,2
339,132,3,2
339,133,3,2
339,134,3,2
339,135,3,2
339,136,3,2
339,137,3,2
339,138,3,2
339,139,3,2
339,140,3,2
339,141,3,2
339,142,3,2
339,143,3,2
339,144,3,2
339,145,3,2
339,146,3,2
339,147,3,2
339,148,3,2
339,149,3,2
339,150,3,2
339,151,3,2
339,152,3,2
339,153,3,2
339,154,3,2
339,155,3,2
339,156,3,2
339,157,3,2
339,158,3,2
339,159,3,2
339,160,3,2
339,161,3,2
339,162,3,2
339,163,3,2
339,164,3,2
339,165,3,2
339,166,3,2
339,167,3,2
339,168,3,2
339,169,3,2
339,170,3,2
339,171,3,2
339,172,3,2
339,173,3,2
339,174,3,2
339,175,3,2
339,176,3,2
339,177,3,2
339,178,3,2
339,179,3,2
339,180,3,2
339,181,3,2
339,182,3,2
339,183,3,2
339,184,3,2
339,185,3,2
339,186,3,2
339,187,3,2
339,188,3,2
339,189,3,2
339,190,3,2
339,191,3,2
339,192,3,2
339,193,3,2
339,194,3,2
339,195,3,2
339,196,3,2
339,197,3,2
339,198,3,2
339,199,3,2
339,200,3,2
339,201,3,2
339,202,3,2
339,203,3,2
339,204,3,2
339,205,3,2
339,206,3,2
339,207,3,2
339,208,3,2
339,209,3,2
339,210,3,2
339,211,3,2
339,212,3,2
339,213,3,2
339,214,3,2
339,215,3,2
339,216,3,2
339,217,3,2
339,218,3,2
339,219,3,2
339,220,3,2
339,221,3,2
339,222,3,2
339,223,3,2
339,224,3,2
339,225,3,2
339,226,3,2
339,227,3,2
339,228,3,2
339,229,3,2
339,230,3,2
339,231,3,2
339,232,3,2
339,233,3,2
339,234,3,2
339,235,3,2
339,236,3,2
339,237,3,2
339,238,3,2
339,239,3,2
339,240,3,2
339,241,3,2
339,242,3,2
339,243,3,2
339,244,3,2
339,245,3,2
339,246,3,2
339,247,3,2
339,248,3,2
339,249,3,2
339,250,3,2
339,251,3,2
339,252,3,2
339,253,3,2
339,254,3,2
339,255,3,2
339,256,3,2
339,257,3,2
339,258,3,2
339,259,3,2
339,260,3,2
339,261,3,2
339,262,3,2
339,263,3,2
339,264,3,2
339,265,3,2
339,266,3,2
339,267,3,2
339,268,3,2
339,269,3,2
339,270,3,2
339,271,3,2
339,272,3,2
339,273,3,2
339,274,3,2
339,275,3,2
339,276,3,2
339,277,3,2
339,278,3,2
339,279,3,2
339,280,3,2
339,281,3,2
339,282,3,2
339,283,3,2
339,284,3,2
339,285,3,2
339,286,3,2
339,287,3,2
339,288,3,2
339,289,3,2
339,290,3,2
339,291,3,2
339,292,3,2
339,293,3,2
339,294,3,2
339,295,3,2
339,296,3,2
339,297,3,2
339,298,3,2
339,299,3,2
339,300,3,2
339,301,3,2
339,302,3,2
339,303,3,2
339,304,3,2
339,305,3,2
339,306,3,2
339,307,3,2
339,308,3,2
339,309,3,2
339,310,3,2
339,311,3,2
339,312,3,2
339,313,3,2
339,314,3,2
339,315,3,2
339,316,3,2
339,317,3,2
339,318,3,2
339,319,3,2
339,320,3,2
339,321,3,2
339,322,3,2
339,323,3,2
339,324,3,2
339,325,3,2
339,326,3,2
339,327,3,2
339,328,3,2
339,329,3,2
339,330,3,2
339,331,3,2
339,332,3,2
339,333,3,2
339,334,3,2
339,335,3,2
339,336,3,2
339,337,3,2
339,338,3,2
339,339,3,2
339,340,3,2
339,341,3,2
339,342,3,2
339,343,3,2
339,344,3,2
339,345,3,2
339,346,3,2
339,347,3,2
339,348,3,2
339,349,3,2
339,350,3,2
339,351,3,2
339,352,3,2
339,353,3,2
339,354,3,2
339,355,3,2
339,356,3,2
339,357,3,2
339,358,3,2
339,359,3,2
339,360,3,2
339,361,3,2
339,362,3,2
339,363,3,2
339,364,3,2
339,365,3,2
339,366,3,2
339,367,3,2
339,368,3,2
339,369,3,2
339,370,3,2
339,371,3,2
339,372,3,2
339,373,3,2
339,374,3,2
339,375,3,2
339,376,3,2
339,377,3,2
339,378,3,2
339,379,3,2
339,380,3,2
339,381,3,2
339,382,3,2
339,383,3,2
339,384,3,2
339,385,3,2
339,386,3,2
339,387,3,2
339,388,3,2
339,389,3,2
339,390,3,2
339,391,3,2
339,392,3,2
339,393,3,2
339,394,3,2
339,395,3,2
339,396,3,2
339,397,3,2
339,398,3,2
339,399,3,2
339,400,3,2
339,401,3,2
339,402,3,2
339,403,3,2
339,404,3,2
339,405,3,2
339,406,3,2
339,407,3,2
339,408,3,2
339,409,3,2
339,410,3,2
339,411,3,2
339,412,3,2
339,413,3,2
339,414,3,2
339,415,3,2
339,416,3,2
339,417,3,2
339,418,3,2
339,419,3,2
339,420,3,2
339,421,3,2
339,422,3,2
339,423,3,2
339,424,3,2
339,425,3,2
339,426,3,2
339,427,3,2
339,428,3,2
339,429,3,2
339,430,3,2
339,431,3,2
339,432,3,2
339,433,3,2
339,434,3,2
339,435,3,2
339,436,3,2
339,437,3,2
339,438,3,2
339,439,3,2
339,440,3,2
339,441,3,2
339,442,3,2
339,443,3,2
339,444,3,2
339,445,3,2
339,446,3,2
339,447,3,3
339,448,3,3
339,449,3,3
339,450,3,3
339,451,3,3
339,452,3,3
339,453,3,3
339,454,3,3
339,455,3,3
339,456,3,3
339,457,3,3
339,458,3,2
339,459,3,2
339,460,3,2
339,461,3,2
339,462,3,2
339,463,3,2
339,464,3,2
339,465,3,2
339,466,3,2
339,467,3,2
339,468,3,2
339,469,3,2
339,470,3,2
339,471,3,2
339,472,3,2
339,473,3,2
339,474,3,2
339,475,3,3
339,476,3,3
339,477,3,3
339,478,3,3
339,479,3,3
339,480,3,3
339,481,3,3
339,482,3,3
339,483,3,3
339,484,3,3
339,485,3,3
339,486,3,3
339,487,3,3
339,488,3,3
339,489,3,3
339,490,3,3
339,491,3,3
339,492,3,3
339,493,3,3
339,494,3,3
339,495,3,3
339,496,3,3
339,497,3,3
339,498,3,3
339,499,3,3
339,500,3,3
339,501,3,3
339,502,3,3
339,503,3,3
339,504,3,3
339,505,3,3
339,506,3,3
339,507,3,3
339,508,3,3
339,509,3,3
339,510,3,3
339,511,3,3
339,512,3,3
339,513,3,3
339,514,3,3
339,515,3,3
339,516,3,3
339,517,3,3
339,518,3,3
339,519,3,3
339,520,3,3
339,521,3,3
339,522,3,3
339,523,3,3
339,524,3,3
339,525,3,3
339,526,3,3
339,527,3,3
339,528,3,3
339,529,3,3
339,530,3,3
339,531,3,3
339,532,3,3
339,533,3,3
339,534,3,3
339,535,3,3
339,536,3,3
339,537,3,3
339,538,3,3
339,539,3,3
339,540,3,3
339,541,3,3
339,542,3,3
339,543,3,3
339,544,3,3
339,545,3,3
339,546,3,3
339,547,3,3
339,548,3,3
339,549,3,3
339,550,3,3
339,551,3,2
339,552,3,2
339,553,3,2
339,554,3,2
339,555,3,2
339,556,3,2
339,557,3,2
339,558,3,3
339,559,3,3
339,560,3,3
339,561,3,3
339,562,3,3
339,563,3,3
339,564,3,3
339,565,3,3
339,566,3,3
339,567,3,3
339,568,3,3
339,569,3,3
339,570,3,3
339,571,3,3
339,572,3,3
339,573,3,3
339,574,3,3
339,575,3,3
339,576,3,3
339,577,3,3
339,578,3,3
339,579,3,3
339,580,3,3
339,581,3,3
339,582,3,3
339,583,3,3
339,584,3,3
339,585,3,3
339,586,3,3
339,587,3,3
339,588,3,3
339,589,3,3
339,590,3,3
339,591,3,3
339,592,3,3
339,593,3,3
339,594,3,3
339,595,3,3
339,596,3,3
339,597,3,3
339,598,3,3
339,599,3,3
339,600,3,3
339,601,3,3
339,602,3,3
339,603,3,3
339,604,3,3
339,605,3,3
339,606,3,3
339,607,3,3
339,608,3,2
339,609,3,2
339,610,3,2
339,611,3,2
339,612,3,2
339,613,3,2
339,614,3,2
339,615,3,2
339,616,3,2
339,617,3,2
339,618,3,2
339,619,3,2
339,620,3,2
339,621,3,2
339,622,3,2
339,623,3,2
339,624,3,2
339,625,3,2
339,626,3,2
339,627,3,2
339,628,3,2
339,629,3,2
339,630,3,2
339,631,3,2
339,632,3,2
339,633,3,2
339,634,3,2
339,635,3,2
339,636,3,2
339,637,3,2
339,638,3,2
339,639,3,2
339,640,3,2
339,641,3,2
339,642,3,2
339,643,3,2
339,644,3,2
339,645,3,2
339,646,3,2
339,647,3,2
339,648,3,2
339,649,3,2
339,650,3,2
339,651,3,2
339,652,3,2
339,653,3,2
339,654,3,2
339,655,3,2
339,656,3,2
339,657,3,2
339,658,3,2
339,659,3,2
339,660,3,2
339,661,3,2
339,662,3,2
339,663,3,2
339,664,3,2
339,665,3,2
339,666,3,2
339,667,3,2
339,668,3,2
339,669,3,2
339,670,3,2
339,671,3,2
339,672,3,2
339,673,3,2
339,674,3,2
339,675,3,2
340,82,3,2
340,83,3,2
340,84,3,2
340,85,3,2
340,86,3,2
340,87,3,2
340,88,3,2
340,89,3,2
340,90,3,2
340,91,3,2
340,92,3,2
340,93,3,2
340,94,3,2
340,95,3,2
340,96,3,2
340,97,3,2
340,98,3,2
340,99,3,2
340,100,3,2
340,101,3,2
340,102,3,2
340,103,3,2
340,104,3,2
340,105,3,2
340,106,3,2
340,107,3,2
340,108,3,2
340,109,3,2
340,110,3,2
340,111,3,2
340,112,3,2
340,113,3,2
340,114,3,2
340,115,3,2
340,116,3,2
340,117,3,2
340,118,3,2
340,119,3,2
340,120,3,2
340,121,3,2
340,122,3,2
340,123,3,2
340,124,3,2
340,125,3,2
340,126,3,2
340,127,3,2
340,128,3,2
340,129,3,2
340,130,3,2
340,131,3,2
340,132,3,2
340,133,3,2
340,134,3,2
340,135,3,2
340,136,3,2
340,137,3,2
340,138,3,2
340,139,3,2
340,140,3,2
340,141,3,2
340,142,3,2
340,143,3,2
340,144,3,2
340,145,3,2
340,146,3,2
340,147,3,2
340,148,3,2
340,149,3,2
340,150,3,2
340,151,3,2
340,152,3,2
340,153,3,2
340,154,3,2
340,155,3,2
340,156,3,2
340,157,3,2
340,158,3,2
340,159,3,2
340,160,3,2
340,161,3,2
340,162,3,2
340,163,3,2
340,164,3,2
340,165,3,2
340,166,3,2
340,167,3,2
340,168,3,2
340,169,3,2
340,170,3,2
340,171,3,2
340,172,3,2
340,173,3,2
340,174,3,2
340,175,3,2
340,176,3,2
340,177,3,2
340,178,3,2
340,179,3,2
340,180,3,2
340,181,3,2
340,182,3,2
340,183,3,2
340,184,3,2
340,185,3,2
340,186,3,2
340,187,3,2
340,188,3,2
340,189,3,2
340,190,3,2
340,191,3,2
340,192,3,2
340,193,3,2
340,194,3,2
340,195,3,2
340,196,3,2
340,197,3,2
340,198,3,2
340,199,3,2
340,200,3,2
340,201,3,2
340,202,3,2
340,203,3,2
340,204,3,2
340,205,3,2
340,206,3,2
340,207,3,2
340,208,3,2
340,209,3,2
340,210,3,2
340,211,3,2
340,212,3,2
340,213,3,2
340,214,3,2
340,215,3,2
340,216,3,2
340,217,3,2
340,218,3,2
340,219,3,2
340,220,3,2
340,221,3,2
340,222,3,2
340,223,3,2
340,224,3,2
340,225,3,2
340,226,3,2
340,227,3,2
340,228,3,2
340,229,3,2
340,230,3,2
340,231,3,2
340,232,3,2
340,233,3,2
340,234,3,2
340,235,3,2
340,236,3,2
340,237,3,2
340,238,3,2
340,239,3,2
340,240,3,2
340,241,3,2
340,242,3,2
340,243,3,2
340,244,3,2
340,245,3,2
340,246,3,2
340,247,3,2
340,248,3,2
340,249,3,2
340,250,3,2
340,251,3,2
340,252,3,2
340,253,3,2
340,254,3,2
340,255,3,2
340,256,3,2
340,257,3,2
340,258,3,2
340,259,3,2
340,260,3,2
340,261,3,2
340,262,3,2
340,263,3,2
340,264,3,2
340,265,3,2
340,266,3,2
340,267,3,2
340,268,3,2
340,269,3,2
340,270,3,2
340,271,3,2
340,272,3,2
340,273,3,2
340,274,3,2
340,275,3,2
340,276,3,2
340,277,3,2
340,278,3,2
340,279,3,2
340,280,3,2
340,281,3,2
340,282,3,2
340,283,3,2
340,284,3,2
340,285,3,2
340,286,3,2
340,287,3,2
340,288,3,2
340,289,3,2
340,290,3,2
340,291,3,2
340,292,3,2
340,293,3,2
340,294,3,2
340,295,3,2
340,296,3,2
340,297,3,2
340,298,3,2
340,299,3,2
340,300,3,2
340,301,3,2
340,302,3,2
340,303,3,2
340,304,3,2
340,305,3,2
340,306,3,2
340,307,3,2
340,308,3,2
340,309,3,2
340,310,3,2
340,311,3,2
340,312,3,2
340,313,3,2
340,314,3,2
340,315,3,2
340,316,3,2
340,317,3,2
340,318,3,2
340,319,3,2
340,320,3,2
340,321,3,2
340,322,3,2
340,323,3,2
340,324,3,2
340,325,3,2
340,326,3,2
340,327,3,2
340,328,3,2
340,329,3,2
340,330,3,2
340,331,3,2
340,332,3,2
340,333,3,2
340,334,3,2
340,335,3,2
340,336,3,2
340,337,3,2
340,338,3,2
340,339,3,2
340,340,3,2
340,341,3,2
340,342,3,2
340,343,3,2
340,344,3,2
340,345,3,2
340,346,3,2
340,347,3,2
340,348,3,2
340,349,3,2
340,350,3,2
340,351,3,2
340,352,3,2
340,353,3,2
340,354,3,2
340,355,3,2
340,356,3,2
340,357,3,2
340,358,3,2
340,359,3,2
340,360,3,2
340,361,3,2
340,362,3,2
340,363,3,2
340,364,3,2
340,365,3,2
340,366,3,2
340,367,3,2
340,368,3,2
340,369,3,2
340,370,3,2
340,371,3,2
340,372,3,2
340,373,3,2
340,374,3,2
340,375,3,2
340,376,3,2
340,377,3,2
340,378,3,2
340,379,3,2
340,380,3,2
340,381,3,2
340,382,3,2
340,383,3,2
340,384,3,2
340,385,3,2
340,386,3,2
340,387,3,2
340,388,3,2
340,389,3,2
340,390,3,2
340,391,3,2
340,392,3,2
340,393,3,2
340,394,3,2
340,395,3,2
340,396,3,2
340,397,3,2
340,398,3,2
340,399,3,2
340,400,3,2
340,401,3,2
340,402,3,2
340,403,3,2
340,404,3,2
340,405,3,2
340,406,3,2
340,407,3,2
340,408,3,2
340,409,3,2
340,410,3,2
340,411,3,2
340,412,3,2
340,413,3,2
340,414,3,2
340,415,3,2
340,416,3,2
340,417,3,2
340,418,3,2
340,419,3,2
340,420,3,2
340,421,3,2
340,422,3,2
340,423,3,2
340,424,3,2
340,425,3,2
340,426,3,2
340,427,3,2
340,428,3,2
340,429,3,2
340,430,3,2
340,431,3,2
340,432,3,2
340,433,3,2
340,434,3,2
340,435,3,2
340,436,3,2
340,437,3,2
340,438,3,2
340,439,3,2
340,440,3,2
340,441,3,2
340,442,3,2
340,443,3,2
340,444,3,2
340,445,3,2
340,446,3,2
340,447,3,2
340,448,3,2
340,449,3,2
340,450,3,3
340,451,3,3
340,452,3,3
340,453,3,3
340,454,3,3
340,455,3,3
340,456,3,2
340,457,3,2
340,458,3,2
340,459,3,2
340,460,3,2
340,461,3,2
340,462,3,2
340,463,3,2
340,464,3,2
340,465,3,2
340,466,3,2
340,467,3,2
340,468,3,2
340,469,3,2
340,470,3,2
340,471,3,2
340,472,3,2
340,473,3,2
340,474,3,2
340,475,3,2
340,476,3,2
340,477,3,3
340,478,3,3
340,479,3,3
340,480,3,3
340,481,3,3
340,482,3,3
340,483,3,3
340,484,3,3
340,485,3,3
340,486,3,3
340,487,3,3
340,488,3,3
340,489,3,3
340,490,3,3
340,491,3,3
340,492,3,3
340,493,3,3
340,494,3,3
340,495,3,3
340,496,3,3
340,497,3,3
340,498,3,3
340,499,3,3
340,500,3,3
340,501,3,3
340,502,3,3
340,503,3,3
340,504,3,3
340,505,3,3
340,506,3,3
340,507,3,3
340,508,3,3
340,509,3,3
340,510,3,3
340,511,3,3
340,512,3,3
340,513,3,3
340,514,3,3
340,515,3,3
340,516,3,3
340,517,3,3
340,518,3,3
340,519,3,3
340,520,3,3
340,521,3,3
340,522,3,3
340,523,3,3
340,524,3,3
340,525,3,3
340,526,3,3
340,527,3,3
340,528,3,3
340,529,3,3
340,530,3,3
340,531,3,3
340,532,3,3
340,533,3,3
340,534,3,3
340,535,3,3
340,536,3,3
340,537,3,3
340,538,3,3
340,539,3,3
340,540,3,3
340,541,3,3
340,542,3,3
340,543,3,3
340,544,3,3
340,545,3,3
340,546,3,3
340,547,3,3
340,548,3,3
340,549,3,3
340,550,3,3
340,551,3,3
340,552,3,3
340,553,3,3
340,554,3,3
340,555,3,3
340,556,3,3
340,557,3,3
340,558,3,3
340,559,3,3
340,560,3,3
340,561,3,3
340,562,3,3
340,563,3,3
340,564,3,3
340,565,3,3
340,566,3,3
340,567,3,3
340,568,3,3
340,569,3,3
340,570,3,3
340,571,3,3
340,572,3,3
340,573,3,3
340,574,3,3
340,575,3,3
340,576,3,3
340,577,3,3
340,578,3,3
340,579,3,3
340,580,3,3
340,581,3,3
340,582,3,3
340,583,3,3
340,584,3,3
340,585,3,3
340,586,3,3
340,587,3,3
340,588,3,3
340,589,3,3
340,590,3,3
340,591,3,3
340,592,3,3
340,593,3,3
340,594,3,3
340,595,3,3
340,596,3,3
340,597,3,3
340,598,3,3
340,599,3,3
340,600,3,3
340,601,3,3
340,602,3,3
340,603,3,3
340,604,3,3
340,605,3,3
340,606,3,2
340,607,3,2
340,608,3,2
340,609,3,2
340,610,3,2
340,611,3,2
340,612,3,2
340,613,3,2
340,614,3,2
340,615,3,2
340,616,3,2
340,617,3,2
340,618,3,2
340,619,3,2
340,620,3,2
340,621,3,2
340,622,3,2
340,623,3,2
340,624,3,2
340,625,3,2
340,626,3,2
340,627,3,2
340,628,3,2
340,629,3,2
340,630,3,2
340,631,3,2
340,632,3,2
340,633,3,2
340,634,3,2
340,635,3,2
340,636,3,2
340,637,3,2
340,638,3,2
340,639,3,2
340,640,3,2
340,641,3,2
340,642,3,2
340,643,3,2
340,644,3,2
340,645,3,2
340,646,3,2
340,647,3,2
340,648,3,2
340,649,3,2
340,650,3,2
340,651,3,2
340,652,3,2
340,653,3,2
340,654,3,2
340,655,3,2
340,656,3,2
340,657,3,2
340,658,3,2
340,659,3,2
340,660,3,2
340,661,3,2
340,662,3,2
340,663,3,2
340,664,3,2
340,665,3,2
340,666,3,2
340,667,3,2
340,668,3,2
340,669,3,2
340,670,3,2
340,671,3,2
340,672,3,2
340,673,3,2
340,674,3,2
341,82,3,2
341,83,3,2
341,84,3,2
341,85,3,2
341,86,3,2
341,87,3,2
341,88,3,2
341,89,3,2
341,90,3,2
341,91,3,2
341,92,3,2
341,93,3,2
341,94,3,2
341,95,3,2
341,96,3,2
341,97,3,2
341,98,3,2
341,99,3,2
341,100,3,2
341,101,3,2
341,102,3,2
341,103,3,2
341,104,3,2
341,105,3,2
341,106,3,2
341,107,3,2
341,108,3,2
341,109,3,2
341,110,3,2
341,111,3,2
341,112,3,2
341,113,3,2
341,114,3,2
341,115,3,2
341,116,3,2
341,117,3,2
341,118,3,2
341,119,3,2
341,120,3,2
341,121,3,2
341,122,3,2
341,123,3,2
341,124,3,2
341,125,3,2
341,126,3,2
341,127,3,2
341,128,3,2
341,129,3,2
341,130,3,2
341,131,3,2
341,132,3,2
341,133,3,2
341,134,3,2
341,135,3,2
341,136,3,2
341,137,3,2
341,138,3,2
341,139,3,2
341,140,3,2
341,141,3,2
341,142,3,2
341,143,3,2
341,144,3,2
341,145,3,2
341,146,3,2
341,147,3,2
341,148,3,2
341,149,3,2
341,150,3,2
341,151,3,2
341,152,3,2
341,153,3,2
341,154,3,2
341,155,3,2
341,156,3,2
341,157,3,2
341,158,3,2
341,159,3,2
341,160,3,2
341,161,3,2
341,162,3,2
341,163,3,2
341,164,3,2
341,165,3,2
341,166,3,2
341,167,3,2
341,168,3,2
341,169,3,2
341,170,3,2
341,171,3,2
341,172,3,2
341,173,3,2
341,174,3,2
341,175,3,2
341,176,3,2
341,177,3,2
341,178,3,2
341,179,3,2
341,180,3,2
341,181,3,2
341,182,3,2
341,183,3,2
341,184,3,2
341,185,3,2
341,186,3,2
341,187,3,2
341,188,3,2
341,189,3,2
341,190,3,2
341,191,3,2
341,192,3,2
341,193,3,2
341,194,3,2
341,195,3,2
341,196,3,2
341,197,3,2
341,198,3,2
341,199,3,2
341,200,3,2
341,201,3,2
341,202,3,2
341,203,3,2
341,204,3,2
341,205,3,2
341,206,3,2
341,207,3,2
341,208,3,2
341,209,3,2
341,210,3,2
341,211,3,2
341,212,3,2
341,213,3,2
341,214,3,2
341,215,3,2
341,216,3,2
341,217,3,2
341,218,3,2
341,219,3,2
341,220,3,2
341,221,3,2
341,222,3,2
341,223,3,2
341,224,3,2
341,225,3,2
341,226,3,2
341,227,3,2
341,228,3,2
341,229,3,2
341,230,3,2
341,231,3,2
341,232,3,2
341,233,3,2
341,234,3,2
341,235,3,2
341,236,3,2
341,237,3,2
341,238,3,2
341,239,3,2
341,240,3,2
341,241,3,2
341,242,3,2
341,243,3,2
341,244,3,2
341,245,3,2
341,246,3,2
341,247,3,2
341,248,3,2
341,249,3,2
341,250,3,2
341,251,3,2
341,252,3,2
341,253,3,2
341,254,3,2
341,255,3,2
341,256,3,2
341,257,3,2
341,258,3,2
341,259,3,2
341,260,3,2
341,261,3,2
341,262,3,2
341,263,3,2
341,264,3,2
341,265,3,2
341,266,3,2
341,267,3,2
341,268,3,2
341,269,3,2
341,270,3,2
341,271,3,2
341,272,3,2
341,273,3,2
341,274,3,2
341,275,3,2
341,276,3,2
341,277,3,2
341,278,3,2
341,279,3,2
341,280,3,2
341,281,3,2
341,282,3,2
341,283,3,2
341,284,3,2
341,285,3,2
341,286,3,2
341,287,3,2
341,288,3,2
341,289,3,2
341,290,3,2
341,291,3,2
341,292,3,2
341,293,3,2
341,294,3,2
341,295,3,2
341,296,3,2
341,297,3,2
341,298,3,2
341,299,3,2
341,300,3,2
341,301,3,2
341,302,3,2
341,303,3,2
341,304,3,2
341,305,3,2
341,306,3,2
341,307,3,2
341,308,3,2
341,309,3,2
341,310,3,2
341,311,3,2
341,312,3,2
341,313,3,2
341,314,3,2
341,315,3,2
341,316,3,2
341,317,3,2
341,318,3,2
341,319,3,2
341,320,3,2
341,321,3,2
341,322,3,2
341,323,3,2
341,324,3,2
341,325,3,2
341,326,3,2
341,327,3,2
341,328,3,2
341,329,3,2
341,330,3,2
341,331,3,2
341,332,3,2
341,333,3,2
341,334,3,2
341,335,3,2
341,336,3,2
341,337,3,2
341,338,3,2
341,339,3,2
341,340,3,2
341,341,3,2
341,342,3,2
341,343,3,2
341,344,3,2
341,345,3,2
341,346,3,2
341,347,3,2
341,348,3,2
341,349,3,2
341,350,3,2
341,351,3,2
341,352,3,2
341,353,3,2
341,354,3,2
341,355,3,2
341,356,3,2
341,357,3,2
341,358,3,2
341,359,3,2
341,360,3,2
341,361,3,2
341,362,3,2
341,363,3,2
341,364,3,2
341,365,3,2
341,366,3,2
341,367,3,2
341,368,3,2
341,369,3,2
341,370,3,2
341,371,3,2
341,372,3,2
341,373,3,2
341,374,3,2
341,375,3,2
341,376,3,2
341,377,3,2
341,378,3,2
341,379,3,2
341,380,3,2
341,381,3,2
341,382,3,2
341,383,3,2
341,384,3,2
341,385,3,2
341,386,3,2
341,387,3,2
341,388,3,2
341,389,3,2
341,390,3,2
341,391,3,2
341,392,3,2
341,393,3,2
341,394,3,2
341,395,3,2
341,396,3,2
341,397,3,2
341,398,3,2
341,399,3,2
341,400,3,2
341,401,3,2
341,402,3,2
341,403,3,2
341,404,3,2
341,405,3,2
341,406,3,2
341,407,3,2
341,408,3,2
341,409,3,2
341,410,3,2
341,411,3,2
341,412,3,2
341,413,3,2
341,414,3,2
341,415,3,2
341,416,3,2
341,417,3,2
341,418,3,2
341,419,3,2
341,420,3,2
341,421,3,2
341,422,3,2
341,423,3,2
341,424,3,2
341,425,3,2
341,426,3,2
341,427,3,2
341,428,3,2
341,429,3,2
341,430,3,2
341,431,3,2
341,432,3,2
341,433,3,2
341,434,3,2
341,435,3,2
341,436,3,2
341,437,3,2
341,438,3,2
341,439,3,2
341,440,3,2
341,441,3,2
341,442,3,2
341,443,3,2
341,444,3,2
341,445,3,2
341,446,3,2
341,447,3,2
341,448,3,2
341,449,3,2
341,450,3,2
341,451,3,2
341,452,3,2
341,453,3,2
341,454,3,2
341,455,3,2
341,456,3,2
341,457,3,2
341,458,3,2
341,459,3,2
341,460,3,2
341,461,3,2
341,462,3,2
341,463,3,2
341,464,3,2
341,465,3,2
341,466,3,2
341,467,3,2
341,468,3,2
341,469,3,2
341,470,3,2
341,471,3,2
341,472,3,2
341,473,3,2
341,474,3,2
341,475,3,2
341,476,3,2
341,477,3,2
341,478,3,3
341,479,3,3
341,480,3,3
341,481,3,3
341,482,3,3
341,483,3,3
341,484,3,3
341,485,3,3
341,486,3,3
341,487,3,3
341,488,3,3
341,489,3,3
341,490,3,3
341,491,3,3
341,492,3,3
341,493,3,3
341,494,3,3
341,495,3,3
341,496,3,3
341,497,3,3
341,498,3,3
341,499,3,3
341,500,3,3
341,501,3,3
341,502,3,3
341,503,3,3
341,504,3,3
341,505,3,3
341,506,3,3
341,507,3,3
341,508,3,3
341,509,3,3
341,510,3,3
341,511,3,3
341,512,3,3
341,513,3,2
341,514,3,2
341,515,3,2
341,516,3,2
341,517,3,2
341,518,3,2
341,519,3,3
341,520,3,3
341,521,3,3
341,522,3,3
341,523,3,3
341,524,3,3
341,525,3,3
341,526,3,3
341,527,3,3
341,528,3,3
341,529,3,3
341,530,3,3
341,531,3,3
341,532,3,3
341,533,3,3
341,534,3,3
341,535,3,3
341,536,3,3
341,537,3,3
341,538,3,3
341,539,3,3
341,540,3,3
341,541,3,3
341,542,3,3
341,543,3,3
341,544,3,3
341,545,3,3
341,546,3,3
341,547,3,3
341,548,3,3
341,549,3,3
341,550,3,3
341,551,3,3
341,552,3,3
341,553,3,3
341,554,3,3
341,555,3,3
341,556,3,3
341,557,3,3
341,558,3,3
341,559,3,3
341,560,3,3
341,561,3,3
341,562,3,3
341,563,3,3
341,564,3,3
341,565,3,3
341,566,3,3
341,567,3,3
341,568,3,3
341,569,3,3
341,570,3,3
341,571,3,3
341,572,3,3
341,573,3,3
341,574,3,3
341,575,3,3
341,576,3,3
341,577,3,3
341,578,3,3
341,579,3,3
341,580,3,3
341,581,3,3
341,582,3,3
341,583,3,3
341,584,3,3
341,585,3,3
341,586,3,3
341,587,3,3
341,588,3,3
341,589,3,3
341,590,3,3
341,591,3,3
341,592,3,3
341,593,3,3
341,594,3,3
341,595,3,3
341,596,3,3
341,597,3,3
341,598,3,3
341,599,3,3
341,600,3,3
341,601,3,3
341,602,3,3
341,603,3,3
341,604,3,2
341,605,3,2
341,606,3,2
341,607,3,2
341,608,3,2
341,609,3,2
341,610,3,2
341,611,3,2
341,612,3,2
341,613,3,2
341,614,3,2
341,615,3,2
341,616,3,2
341,617,3,2
341,618,3,2
341,619,3,2
341,620,3,2
341,621,3,2
341,622,3,2
341,623,3,2
341,624,3,2
341,625,3,2
341,626,3,2
341,627,3,2
341,628,3,2
341,629,3,2
341,630,3,2
341,631,3,2
341,632,3,2
341,633,3,2
341,634,3,2
341,635,3,2
341,636,3,2
341,637,3,2
341,638,3,2
341,639,3,2
341,640,3,2
341,641,3,2
341,642,3,2
341,643,3,2
341,644,3,2
341,645,3,2
341,646,3,2
341,647,3,2
341,648,3,2
341,649,3,2
341,650,3,2
341,651,3,2
341,652,3,2
341,653,3,2
341,654,3,2
341,655,3,2
341,656,3,2
341,657,3,2
341,658,3,2
341,659,3,2
341,660,3,2
341,661,3,2
341,662,3,2
341,663,3,2
341,664,3,2
341,665,3,2
341,666,3,2
341,667,3,2
341,668,3,2
341,669,3,2
341,670,3,2
341,671,3,2
341,672,3,2
341,673,3,2
341,674,3,2
342,81,3,2
342,82,3,2
342,83,3,2
342,84,3,2
342,85,3,2
342,86,3,2
342,87,3,2
342,88,3,2
342,89,3,2
342,90,3,2
342,91,3,2
342,92,3,2
342,93,3,2
342,94,3,2
342,95,3,2
342,96,3,2
342,97,3,2
342,98,3,2
342,99,3,2
342,100,3,2
342,101,3,2
342,102,3,2
342,103,3,2
342,104,3,2
342,105,3,2
342,106,3,2
342,107,3,2
342,108,3,2
342,109,3,2
342,110,3,2
342,111,3,2
342,112,3,2
342,113,3,2
342,114,3,2
342,115,3,2
342,116,3,2
342,117,3,2
342,118,3,2
342,119,3,2
342,120,3,2
342,121,3,2
342,122,3,2
342,123,3,2
342,124,3,2
342,125,3,2
342,126,3,2
342,127,3,2
342,128,3,2
342,129,3,2
342,130,3,2
342,131,3,2
342,132,3,2
342,133,3,2
342,134,3,2
342,135,3,2
342,136,3,2
342,137,3,2
342,138,3,2
342,139,3,2
342,140,3,2
342,141,3,2
342,142,3,2
342,143,3,2
342,144,3,2
342,145,3,2
342,146,3,2
342,147,3,2
342,148,3,2
342,149,3,2
342,150,3,2
342,151,3,2
342,152,3,2
342,153,3,2
342,154,3,2
342,155,3,2
342,156,3,2
342,157,3,2
342,158,3,2
342,159,3,2
342,160,3,2
342,161,3,2
342,162,3,2
342,163,3,2
342,164,3,2
342,165,3,2
342,166,3,2
342,167,3,2
342,168,3,2
342,169,3,2
342,170,3,2
342,171,3,2
342,172,3,2
342,173,3,2
342,174,3,2
342,175,3,2
342,176,3,2
342,177,3,2
342,178,3,2
342,179,3,2
342,180,3,2
342,181,3,2
342,182,3,2
342,183,3,2
342,184,3,2
342,185,3,2
342,186,3,2
342,187,3,2
342,188,3,2
342,189,3,2
342,190,3,2
342,191,3,2
342,192,3,2
342,193,3,2
342,194,3,2
342,195,3,2
342,196,3,2
342,197,3,2
342,198,3,2
342,199,3,2
342,200,3,2
342,201,3,2
342,202,3,2
342,203,3,2
342,204,3,2
342,205,3,2
342,206,3,2
342,207,3,2
342,208,3,2
342,209,3,2
342,210,3,2
342,211,3,2
342,212,3,2
342,213,3,2
342,214,3,2
342,215,3,2
342,216,3,2
342,217,3,2
342,218,3,2
342,219,3,2
342,220,3,2
342,221,3,2
342,222,3,2
342,223,3,2
342,224,3,2
342,225,3,2
342,226,3,2
342,227,3,2
342,228,3,2
342,229,3,2
342,230,3,2
342,231,3,2
342,232,3,2
342,233,3,2
342,234,3,2
342,235,3,2
342,236,3,2
342,237,3,2
342,238,3,2
342,239,3,2
342,240,3,2
342,241,3,2
342,242,3,2
342,243,3,2
342,244,3,2
342,245,3,2
342,246,3,2
342,247,3,2
342,248,3,2
342,249,3,2
342,250,3,2
342,251,3,2
342,252,3,2
342,253,3,2
342,254,3,2
342,255,3,2
342,256,3,2
342,257,3,2
342,258,3,2
342,259,3,2
342,260,3,2
342,261,3,2
342,262,3,2
342,263,3,2
342,264,3,2
342,265,3,2
342,266,3,2
342,267,3,2
342,268,3,2
342,269,3,2
342,270,3,2
342,271,3,2
342,272,3,2
342,273,3,2
342,274,3,2
342,275,3,2
342,276,3,2
342,277,3,2
342,278,3,2
342,279,3,2
342,280,3,2
342,281,3,2
342,282,3,2
342,283,3,2
342,284,3,2
342,285,3,2
342,286,3,2
342,287,3,2
342,288,3,2
342,289,3,2
342,290,3,2
342,291,3,2
342,292,3,2
342,293,3,2
342,294,3,2
342,295,3,2
342,296,3,2
342,297,3,2
342,298,3,2
342,299,3,2
342,300,3,2
342,301,3,2
342,302,3,2
342,303,3,2
342,304,3,2
342,305,3,2
342,306,3,2
342,307,3,2
342,308,3,2
342,309,3,2
342,310,3,2
342,311,3,2
342,312,3,2
342,313,3,2
342,314,3,2
342,315,3,2
342,316,3,2
342,317,3,2
342,318,3,2
342,319,3,2
342,320,3,2
342,321,3,2
342,322,3,2
342,323,3,2
342,324,3,2
342,325,3,2
342,326,3,2
342,327,3,2
342,328,3,2
342,329,3,2
342,330,3,2
342,331,3,2
342,332,3,2
342,333,3,2
342,334,3,2
342,335,3,2
342,336,3,2
342,337,3,2
342,338,3,2
342,339,3,2
342,340,3,2
342,341,3,2
342,342,3,2
342,343,3,2
342,344,3,2
342,345,3,2
342,346,3,2
342,347,3,2
342,348,3,2
342,349,3,2
342,350,3,2
342,351,3,2
342,352,3,2
342,353,3,2
342,354,3,2
342,355,3,2
342,356,3,2
342,357,3,2
342,358,3,2
342,359,3,2
342,360,3,2
342,361,3,2
342,362,3,2
342,363,3,2
342,364,3,2
342,365,3,2
342,366,3,2
342,367,3,2
342,368,3,2
342,369,3,2
342,370,3,2
342,371,3,2
342,372,3,2
342,373,3,2
342,374,3,2
342,375,3,2
342,376,3,2
342,377,3,2
342,378,3,2
342,379,3,2
342,380,3,2
342,381,3,2
342,382,3,2
342,383,3,2
342,384,3,2
342,385,3,2
342,386,3,2
342,387,3,2
342,388,3,2
342,389,3,2
342,390,3,2
342,391,3,2
342,392,3,2
342,393,3,2
342,394,3,2
342,395,3,2
342,396,3,2
342,397,3,2
342,398,3,2
342,399,3,2
342,400,3,2
342,401,3,2
342,402,3,2
342,403,3,2
342,404,3,2
342,405,3,2
342,406,3,2
342,407,3,2
342,408,3,2
342,409,3,2
342,410,3,2
342,411,3,2
342,412,3,2
342,413,3,2
342,414,3,2
342,415,3,2
342,416,3,2
342,417,3,2
342,418,3,2
342,419,3,2
342,420,3,2
342,421,3,2
342,422,3,2
342,423,3,2
342,424,3,2
342,425,3,2
342,426,3,2
342,427,3,2
342,428,3,2
342,429,3,2
342,430,3,2
342,431,3,2
342,432,3,2
342,433,3,2
342,434,3,2
342,435,3,2
342,436,3,2
342,437,3,2
342,438,3,2
342,439,3,2
342,440,3,2
342,441,3,2
342,442,3,2
342,443,3,2
342,444,3,2
342,445,3,2
342,446,3,2
342,447,3,2
342,448,3,2
342,449,3,2
342,450,3,2
342,451,3,2
342,452,3,2
342,453,3,2
342,454,3,2
342,455,3,2
342,456,3,2
342,457,3,2
342,458,3,2
342,459,3,2
342,460,3,2
342,461,3,2
342,462,3,2
342,463,3,2
342,464,3,2
342,465,3,2
342,466,3,2
342,467,3,2
342,468,3,2
342,469,3,2
342,470,3,2
342,471,3,2
342,472,3,2
342,473,3,2
342,474,3,2
342,475,3,2
342,476,3,2
342,477,3,2
342,478,3,2
342,479,3,2
342,480,3,2
342,481,3,3
342,482,3,3
342,483,3,3
342,484,3,3
342,485,3,3
342,486,3,3
342,487,3,3
342,488,3,3
342,489,3,3
342,490,3,3
342,491,3,3
342,492,3,3
342,493,3,3
342,494,3,3
342,495,3,3
342,496,3,3
342,497,3,3
342,498,3,3
342,499,3,3
342,500,3,3
342,501,3,3
342,502,3,3
342,503,3,3
342,504,3,3
342,505,3,3
342,506,3,3
342,507,3,3
342,508,3,3
342,509,3,3
342,510,3,3
342,511,3,2
342,512,3,2
342,513,3,2
342,514,3,2
342,515,3,2
342,516,3,2
342,517,3,2
342,518,3,3
342,519,3,3
342,520,3,3
342,521,3,3
342,522,3,3
342,523,3,3
342,524,3,3
342,525,3,3
342,526,3,3
342,527,3,3
342,528,3,3
342,529,3,3
342,530,3,3
342,531,3,3
342,532,3,3
342,533,3,3
342,534,3,3
342,535,3,3
342,536,3,3
342,537,3,3
342,538,3,3
342,539,3,3
342,540,3,3
342,541,3,3
342,542,3,3
342,543,3,3
342,544,3,3
342,545,3,3
342,546,3,3
342,547,3,3
342,548,3,3
342,549,3,3
342,550,3,3
342,551,3,3
342,552,3,3
342,553,3,3
342,554,3,3
342,555,3,3
342,556,3,3
342,557,3,3
342,558,3,3
342,559,3,3
342,560,3,3
342,561,3,3
342,562,3,3
342,563,3,3
342,564,3,3
342,565,3,3
342,566,3,3
342,567,3,3
342,568,3,3
342,569,3,3
342,570,3,3
342,571,3,3
342,572,3,3
342,573,3,3
342,574,3,3
342,575,3,3
342,576,3,3
342,577,3,3
342,578,3,3
342,579,3,3
342,580,3,3
342,581,3,3
342,582,3,3
342,583,3,3
342,584,3,3
342,585,3,3
342,586,3,3
342,587,3,3
342,588,3,3
342,589,3,3
342,590,3,3
342,591,3,3
342,592,3,2
342,593,3,2
342,594,3,2
342,595,3,2
342,596,3,2
342,597,3,2
342,598,3,3
342,599,3,3
342,600,3,2
342,601,3,2
342,602,3,2
342,603,3,2
342,604,3,2
342,605,3,2
342,606,3,2
342,607,3,2
342,608,3,2
342,609,3,2
342,610,3,2
342,611,3,2
342,612,3,2
342,613,3,2
342,614,3,2
342,615,3,2
342,616,3,2
342,617,3,2
342,618,3,2
342,619,3,2
342,620,3,2
342,621,3,2
342,622,3,2
342,623,3,2
342,624,3,2
342,625,3,2
342,626,3,2
342,627,3,2
342,628,3,2
342,629,3,2
342,630,3,2
342,631,3,2
342,632,3,2
342,633,3,2
342,634,3,2
342,635,3,2
342,636,3,2
342,637,3,2
342,638,3,2
342,639,3,2
342,640,3,2
342,641,3,2
342,642,3,2
342,643,3,2
342,644,3,2
342,645,3,2
342,646,3,2
342,647,3,2
342,648,3,2
342,649,3,2
342,650,3,2
342,651,3,2
342,652,3,2
342,653,3,2
342,654,3,2
342,655,3,2
342,656,3,2
342,657,3,2
342,658,3,2
342,659,3,2
342,660,3,2
342,661,3,2
342,662,3,2
342,663,3,2
342,664,3,2
342,665,3,2
342,666,3,2
342,667,3,2
342,668,3,2
342,669,3,2
342,670,3,2
342,671,3,2
342,672,3,2
342,673,3,2
342,674,3,2
343,81,3,2
343,82,3,2
343,83,3,2
343,84,3,2
343,85,3,2
343,86,3,2
343,87,3,2
343,88,3,2
343,89,3,2
343,90,3,2
343,91,3,2
343,92,3,2
343,93,3,2
343,94,3,2
343,95,3,2
343,96,3,2
343,97,3,2
343,98,3,2
343,99,3,2
343,100,3,2
343,101,3,2
343,102,3,2
343,103,3,2
343,104,3,2
343,105,3,2
343,106,3,2
343,107,3,2
343,108,3,2
343,109,3,2
343,110,3,2
343,111,3,2
343,112,3,2
343,113,3,2
343,114,3,2
343,115,3,2
343,116,3,2
343,117,3,2
343,118,3,2
343,119,3,2
343,120,3,2
343,121,3,2
343,122,3,2
343,123,3,2
343,124,3,2
343,125,3,2
343,126,3,2
343,127,3,2
343,128,3,2
343,129,3,2
343,130,3,2
343,131,3,2
343,132,3,2
343,133,3,2
343,134,3,2
343,135,3,2
343,136,3,2
343,137,3,2
343,138,3,2
343,139,3,2
343,140,3,2
343,141,3,2
343,142,3,2
343,143,3,2
343,144,3,2
343,145,3,2
343,146,3,2
343,147,3,2
343,148,3,2
343,149,3,2
343,150,3,2
343,151,3,2
343,152,3,2
343,153,3,2
343,154,3,2
343,155,3,2
343,156,3,2
343,157,3,2
343,158,3,2
343,159,3,2
343,160,3,2
343,161,3,2
343,162,3,2
343,163,3,2
343,164,3,2
343,165,3,2
343,166,3,2
343,167,3,2
343,168,3,2
343,169,3,2
343,170,3,2
343,171,3,2
343,172,3,2
343,173,3,2
343,174,3,2
343,175,3,2
343,176,3,2
343,177,3,2
343,178,3,2
343,179,3,2
343,180,3,2
343,181,3,2
343,182,3,2
343,183,3,2
343,184,3,2
343,185,3,2
343,186,3,2
343,187,3,2
343,188,3,2
343,189,3,2
343,190,3,2
343,191,3,2
343,192,3,2
343,193,3,2
343,194,3,2
343,195,3,2
343,196,3,2
343,197,3,2
343,198,3,2
343,199,3,2
343,200,3,2
343,201,3,2
343,202,3,2
343,203,3,2
343,204,3,2
343,205,3,2
343,206,3,2
343,207,3,2
343,208,3,2
343,209,3,2
343,210,3,2
343,211,3,2
343,212,3,2
343,213,3,2
343,214,3,2
343,215,3,2
343,216,3,2
343,217,3,2
343,218,3,2
343,219,3,2
343,220,3,2
343,221,3,2
343,222,3,2
343,223,3,2
343,224,3,2
343,225,3,2
343,226,3,2
343,227,3,2
343,228,3,2
343,229,3,2
343,230,3,2
343,231,3,2
343,232,3,2
343,233,3,2
343,234,3,2
343,235,3,2
343,236,3,2
343,237,3,2
343,238,3,2
343,239,3,2
343,240,3,2
343,241,3,2
343,242,3,2
343,243,3,2
343,244,3,2
343,245,3,2
343,246,3,2
343,247,3,2
343,248,3,2
343,249,3,2
343,250,3,2
343,251,3,2
343,252,3,2
343,253,3,2
343,254,3,2
343,255,3,2
343,256,3,2
343,257,3,2
343,258,3,2
343,259,3,2
343,260,3,2
343,261,3,2
343,262,3,2
343,263,3,2
343,264,3,2
343,265,3,2
343,266,3,2
343,267,3,2
343,268,3,2
343,269,3,2
343,270,3,2
343,271,3,2
343,272,3,2
343,273,3,2
343,274,3,2
343,275,3,2
343,276,3,2
343,277,3,2
343,278,3,2
343,279,3,2
343,280,3,2
343,281,3,2
343,282,3,2
343,283,3,2
343,284,3,2
343,285,3,2
343,286,3,2
343,287,3,2
343,288,3,2
343,289,3,2
343,290,3,2
343,291,3,2
343,292,3,2
343,293,3,2
343,294,3,2
343,295,3,2
343,296,3,2
343,297,3,2
343,298,3,2
343,299,3,2
343,300,3,2
343,301,3,2
343,302,3,2
343,303,3,2
343,304,3,2
343,305,3,2
343,306,3,2
343,307,3,2
343,308,3,2
343,309,3,2
343,310,3,2
343,311,3,2
343,312,3,2
343,313,3,2
343,314,3,2
343,315,3,2
343,316,3,2
343,317,3,2
343,318,3,2
343,319,3,2
343,320,3,2
343,321,3,2
343,322,3,2
343,323,3,2
343,324,3,2
343,325,3,2
343,326,3,2
343,327,3,2
343,328,3,2
343,329,3,2
343,330,3,2
343,331,3,2
343,332,3,2
343,333,3,2
343,334,3,2
343,335,3,2
343,336,3,2
343,337,3,2
343,338,3,2
343,339,3,2
343,340,3,2
343,341,3,2
343,342,3,2
343,343,3,2
343,344,3,2
343,345,3,2
343,346,3,2
343,347,3,2
343,348,3,2
343,349,3,2
343,350,3,2
343,351,3,2
343,352,3,2
343,353,3,2
343,354,3,2
343,355,3,2
343,356,3,2
343,357,3,2
343,358,3,2
343,359,3,2
343,360,3,2
343,361,3,2
343,362,3,2
343,363,3,2
343,364,3,2
343,365,3,2
343,366,3,2
343,367,3,2
343,368,3,2
343,369,3,2
343,370,3,2
343,371,3,2
343,372,3,2
343,373,3,2
343,374,3,2
343,375,3,2
343,376,3,2
343,377,3,2
343,378,3,2
343,379,3,2
343,380,3,2
343,381,3,2
343,382,3,2
343,383,3,2
343,384,3,2
343,385,3,2
343,386,3,2
343,387,3,2
343,388,3,2
343,389,3,2
343,390,3,2
343,391,3,2
343,392,3,2
343,393,3,2
343,394,3,2
343,395,3,2
343,396,3,2
343,397,3,2
343,398,3,2
343,399,3,2
343,400,3,2
343,401,3,2
343,402,3,2
343,403,3,2
343,404,3,2
343,405,3,2
343,406,3,2
343,407,3,2
343,408,3,2
343,409,3,2
343,410,3,2
343,411,3,2
343,412,3,2
343,413,3,2
343,414,3,2
343,415,3,2
343,416,3,2
343,417,3,2
343,418,3,2
343,419,3,2
343,420,3,2
343,421,3,2
343,422,3,2
343,423,3,2
343,424,3,2
343,425,3,2
343,426,3,2
343,427,3,2
343,428,3,2
343,429,3,2
343,430,3,2
343,431,3,2
343,432,3,2
343,433,3,2
343,434,3,2
343,435,3,2
343,436,3,2
343,437,3,2
343,438,3,2
343,439,3,2
343,440,3,2
343,441,3,2
343,442,3,2
343,443,3,2
343,444,3,2
343,445,3,2
343,446,3,2
343,447,3,2
343,448,3,2
343,449,3,2
343,450,3,2
343,451,3,2
343,452,3,2
343,453,3,2
343,454,3,2
343,455,3,2
343,456,3,2
343,457,3,2
343,458,3,2
343,459,3,2
343,460,3,2
343,461,3,2
343,462,3,2
343,463,3,2
343,464,3,2
343,465,3,2
343,466,3,2
343,467,3,2
343,468,3,2
343,469,3,2
343,470,3,2
343,471,3,2
343,472,3,2
343,473,3,2
343,474,3,2
343,475,3,2
343,476,3,2
343,477,3,2
343,478,3,2
343,479,3,2
343,480,3,2
343,481,3,2
343,482,3,3
343,483,3,3
343,484,3,3
343,485,3,3
343,486,3,3
343,487,3,3
343,488,3,3
343,489,3,3
343,490,3,3
343,491,3,3
343,492,3,3
343,493,3,3
343,494,3,3
343,495,3,3
343,496,3,3
343,497,3,3
343,498,3,3
343,499,3,3
343,500,3,3
343,501,3,3
343,502,3,3
343,503,3,3
343,504,3,3
343,505,3,3
343,506,3,3
343,507,3,3
343,508,3,2
343,509,3,2
343,510,3,2
343,511,3,2
343,512,3,2
343,513,3,2
343,514,3,2
343,515,3,2
343,516,3,2
343,517,3,2
343,518,3,3
343,519,3,3
343,520,3,3
343,521,3,3
343,522,3,3
343,523,3,3
343,524,3,3
343,525,3,3
343,526,3,3
343,527,3,3
343,528,3,3
343,529,3,3
343,530,3,3
343,531,3,3
343,532,3,3
343,533,3,3
343,534,3,3
343,535,3,3
343,536,3,3
343,537,3,3
343,538,3,3
343,539,3,3
343,540,3,3
343,541,3,3
343,542,3,3
343,543,3,3
343,544,3,3
343,545,3,3
343,546,3,3
343,547,3,3
343,548,3,3
343,549,3,3
343,550,3,3
343,551,3,3
343,552,3,3
343,553,3,3
343,554,3,3
343,555,3,3
343,556,3,3
343,557,3,3
343,558,3,3
343,559,3,3
343,560,3,3
343,561,3,3
343,562,3,3
343,563,3,3
343,564,3,3
343,565,3,3
343,566,3,3
343,567,3,3
343,568,3,3
343,569,3,3
343,570,3,3
343,571,3,3
343,572,3,3
343,573,3,3
343,574,3,3
343,575,3,3
343,576,3,3
343,577,3,3
343,578,3,3
343,579,3,3
343,580,3,3
343,581,3,3
343,582,3,3
343,583,3,3
343,584,3,3
343,585,3,3
343,586,3,3
343,587,3,3
343,588,3,3
343,589,3,3
343,590,3,2
343,591,3,2
343,592,3,2
343,593,3,2
343,594,3,2
343,595,3,2
343,596,3,2
343,597,3,2
343,598,3,2
343,599,3,2
343,600,3,2
343,601,3,2
343,602,3,2
343,603,3,2
343,604,3,2
343,605,3,2
343,606,3,2
343,607,3,2
343,608,3,2
343,609,3,2
343,610,3,2
343,611,3,2
343,612,3,2
343,613,3,2
343,614,3,2
343,615,3,2
343,616,3,2
343,617,3,2
343,618,3,2
343,619,3,2
343,620,3,2
343,621,3,2
343,622,3,2
343,623,3,2
343,624,3,2
343,625,3,2
343,626,3,2
343,627,3,2
343,628,3,2
343,629,3,2
343,630,3,2
343,631,3,2
343,632,3,2
343,633,3,2
343,634,3,2
343,635,3,2
343,636,3,2
343,637,3,2
343,638,3,2
343,639,3,2
343,640,3,2
343,641,3,2
343,642,3,2
343,643,3,2
343,644,3,2
343,645,3,2
343,646,3,2
343,647,3,2
343,648,3,2
343,649,3,2
343,650,3,2
343,651,3,2
343,652,3,2
343,653,3,2
343,654,3,2
343,655,3,2
343,656,3,2
343,657,3,2
343,658,3,2
343,659,3,2
343,660,3,2
343,661,3,2
343,662,3,2
343,663,3,2
343,664,3,2
343,665,3,2
343,666,3,2
343,667,3,2
343,668,3,2
343,669,3,2
343,670,3,2
343,671,3,2
343,672,3,2
343,673,3,2
343,674,3,2
344,81,3,2
344,82,3,2
344,83,3,2
344,84,3,2
344,85,3,2
344,86,3,2
344,87,3,2
344,88,3,2
344,89,3,2
344,90,3,2
344,91,3,2
344,92,3,2
344,93,3,2
344,94,3,2
344,95,3,2
344,96,3,2
344,97,3,2
344,98,3,2
344,99,3,2
344,100,3,2
344,101,3,2
344,102,3,2
344,103,3,2
344,104,3,2
344,105,3,2
344,106,3,2
344,107,3,2
344,108,3,2
344,109,3,2
344,110,3,2
344,111,3,2
344,112,3,2
344,113,3,2
344,114,3,2
344,115,3,2
344,116,3,2
344,117,3,2
344,118,3,2
344,119,3,2
344,120,3,2
344,121,3,2
344,122,3,2
344,123,3,2
344,124,3,2
344,125,3,2
344,126,3,2
344,127,3,2
344,128,3,2
344,129,3,2
344,130,3,2
344,131,3,2
344,132,3,2
344,133,3,2
344,134,3,2
344,135,3,2
344,136,3,2
344,137,3,2
344,138,3,2
344,139,3,2
344,140,3,2
344,141,3,2
344,142,3,2
344,143,3,2
344,144,3,2
344,145,3,2
344,146,3,2
344,147,3,2
344,148,3,2
344,149,3,2
344,150,3,2
344,151,3,2
344,152,3,2
344,153,3,2
344,154,3,2
344,155,3,2
344,156,3,2
344,157,3,2
344,158,3,2
344,159,3,2
344,160,3,2
344,161,3,2
344,162,3,2
344,163,3,2
344,164,3,2
344,165,3,2
344,166,3,2
344,167,3,2
344,168,3,2
344,169,3,2
344,170,3,2
344,171,3,2
344,172,3,2
344,173,3,2
344,174,3,2
344,175,3,2
344,176,3,2
344,177,3,2
344,178,3,2
344,179,3,2
344,180,3,2
344,181,3,2
344,182,3,2
344,183,3,2
344,184,3,2
344,185,3,2
344,186,3,2
344,187,3,2
344,188,3,2
344,189,3,2
344,190,3,2
344,191,3,2
344,192,3,2
344,193,3,2
344,194,3,2
344,195,3,2
344,196,3,2
344,197,3,2
344,198,3,2
344,199,3,2
344,200,3,2
344,201,3,2
344,202,3,2
344,203,3,2
344,204,3,2
344,205,3,2
344,206,3,2
344,207,3,2
344,208,3,2
344,209,3,2
344,210,3,2
344,211,3,2
344,212,3,2
344,213,3,2
344,214,3,2
344,215,3,2
344,216,3,2
344,217,3,2
344,218,3,2
344,219,3,2
344,220,3,2
344,221,3,2
344,222,3,2
344,223,3,2
344,224,3,2
344,225,3,2
344,226,3,2
344,227,3,2
344,228,3,2
344,229,3,2
344,230,3,2
344,231,3,2
344,232,3,2
344,233,3,2
344,234,3,2
344,235,3,2
344,236,3,2
344,237,3,2
344,238,3,2
344,239,3,2
344,240,3,2
344,241,3,2
344,242,3,2
344,243,3,2
344,244,3,2
344,245,3,2
344,246,3,2
344,247,3,2
344,248,3,2
344,249,3,2
344,250,3,2
344,251,3,2
344,252,3,2
344,253,3,2
344,254,3,2
344,255,3,2
344,256,3,2
344,257,3,2
344,258,3,2
344,259,3,2
344,260,3,2
344,261,3,2
344,262,3,2
344,263,3,2
344,264,3,2
344,265,3,2
344,266,3,2
344,267,3,2
344,268,3,2
344,269,3,2
344,270,3,2
344,271,3,2
344,272,3,2
344,273,3,2
344,274,3,2
344,275,3,2
344,276,3,2
344,277,3,2
344,278,3,2
344,279,3,2
344,280,3,2
344,281,3,2
344,282,3,2
344,283,3,2
344,284,3,2
344,285,3,2
344,286,3,2
344,287,3,2
344,288,3,2
344,289,3,2
344,290,3,2
344,291,3,2
344,292,3,2
344,293,3,2
344,294,3,2
344,295,3,2
344,296,3,2
344,297,3,2
344,298,3,2
344,299,3,2
344,300,3,2
344,301,3,2
344,302,3,2
344,303,3,2
344,304,3,2
344,305,3,2
344,306,3,2
344,307,3,2
344,308,3,2
344,309,3,2
344,310,3,2
344,311,3,2
344,312,3,2
344,313,3,2
344,314,3,2
344,315,3,2
344,316,3,2
344,317,3,2
344,318,3,2
344,319,3,2
344,320,3,2
344,321,3,2
344,322,3,2
344,323,3,2
344,324,3,2
344,325,3,2
344,326,3,2
344,327,3,2
344,328,3,2
344,329,3,2
344,330,3,2
344,331,3,2
344,332,3,2
344,333,3,2
344,334,3,2
344,335,3,2
344,336,3,2
344,337,3,2
344,338,3,2
344,339,3,2
344,340,3,2
344,341,3,2
344,342,3,2
344,343,3,2
344,344,3,2
344,345,3,2
344,346,3,2
344,347,3,2
344,348,3,2
344,349,3,2
344,350,3,2
344,351,3,2
344,352,3,2
344,353,3,2
344,354,3,2
344,355,3,2
344,356,3,2
344,357,3,2
344,358,3,2
344,359,3,2
344,360,3,2
344,361,3,2
344,362,3,2
344,363,3,2
344,364,3,2
344,365,3,2
344,366,3,2
344,367,3,2
344,368,3,2
344,369,3,2
344,370,3,2
344,371,3,2
344,372,3,2
344,373,3,2
344,374,3,2
344,375,3,2
344,376,3,2
344,377,3,2
344,378,3,2
344,379,3,2
344,380,3,2
344,381,3,2
344,382,3,2
344,383,3,2
344,384,3,2
344,385,3,2
344,386,3,2
344,387,3,2
344,388,3,2
344,389,3,2
344,390,3,2
344,391,3,2
344,392,3,2
344,393,3,2
344,394,3,2
344,395,3,2
344,396,3,2
344,397,3,2
344,398,3,2
344,399,3,2
344,400,3,2
344,401,3,2
344,402,3,2
344,403,3,2
344,404,3,2
344,405,3,2
344,406,3,2
344,407,3,2
344,408,3,2
344,409,3,2
344,410,3,2
344,411,3,2
344,412,3,2
344,413,3,2
344,414,3,2
344,415,3,2
344,416,3,2
344,417,3,2
344,418,3,2
344,419,3,2
344,420,3,2
344,421,3,2
344,422,3,2
344,423,3,2
344,424,3,2
344,425,3,2
344,426,3,2
344,427,3,2
344,428,3,2
344,429,3,2
344,430,3,2
344,431,3,2
344,432,3,2
344,433,3,2
344,434,3,2
344,435,3,2
344,436,3,2
344,437,3,2
344,438,3,2
344,439,3,2
344,440,3,2
344,441,3,2
344,442,3,2
344,443,3,2
344,444,3,2
344,445,3,2
344,446,3,2
344,447,3,2
344,448,3,2
344,449,3,2
344,450,3,2
344,451,3,2
344,452,3,2
344,453,3,2
344,454,3,2
344,455,3,2
344,456,3,2
344,457,3,2
344,458,3,2
344,459,3,2
344,460,3,2
344,461,3,2
344,462,3,2
344,463,3,2
344,464,3,2
344,465,3,2
344,466,3,2
344,467,3,2
344,468,3,2
344,469,3,2
344,470,3,2
344,471,3,2
344,472,3,2
344,473,3,2
344,474,3,2
344,475,3,2
344,476,3,2
344,477,3,2
344,478,3,2
344,479,3,2
344,480,3,2
344,481,3,2
344,482,3,2
344,483,3,2
344,484,3,3
344,485,3,3
344,486,3,3
344,487,3,3
344,488,3,3
344,489,3,3
344,490,3,3
344,491,3,3
344,492,3,3
344,493,3,3
344,494,3,3
344,495,3,3
344,496,3,3
344,497,3,3
344,498,3,3
344,499,3,3
344,500,3,3
344,501,3,3
344,502,3,3
344,503,3,3
344,504,3,3
344,505,3,3
344,506,3,3
344,507,3,2
344,508,3,2
344,509,3,2
344,510,3,2
344,511,3,2
344,512,3,2
344,513,3,2
344,514,3,2
344,515,3,2
344,516,3,2
344,517,3,3
344,518,3,3
344,519,3,3
344,520,3,3
344,521,3,3
344,522,3,3
344,523,3,3
344,524,3,3
344,525,3,3
344,526,3,3
344,527,3,3
344,528,3,3
344,529,3,3
344,530,3,3
344,531,3,3
344,532,3,3
344,533,3,3
344,534,3,3
344,535,3,3
344,536,3,3
344,537,3,3
344,538,3,3
344,539,3,3
344,540,3,3
344,541,3,3
344,542,3,3
344,543,3,3
344,544,3,3
344,545,3,3
344,546,3,3
344,547,3,3
344,548,3,3
344,549,3,3
344,550,3,3
344,551,3,3
344,552,3,3
344,553,3,3
344,554,3,3
344,555,3,3
344,556,3,3
344,557,3,3
344,558,3,3
344,559,3,3
344,560,3,3
344,561,3,3
344,562,3,3
344,563,3,3
344,564,3,3
344,565,3,3
344,566,3,3
344,567,3,3
344,568,3,3
344,569,3,3
344,570,3,3
344,571,3,3
344,572,3,3
344,573,3,3
344,574,3,3
344,575,3,3
344,576,3,3
344,577,3,3
344,578,3,3
344,579,3,3
344,580,3,3
344,581,3,3
344,582,3,3
344,583,3,3
344,584,3,3
344,585,3,3
344,586,3,3
344,587,3,3
344,588,3,3
344,589,3,2
344,590,3,2
344,591,3,2
344,592,3,2
344,593,3,2
344,594,3,2
344,595,3,2
344,596,3,2
344,597,3,2
344,598,3,2
344,599,3,2
344,600,3,2
344,601,3,2
344,602,3,2
344,603,3,2
344,604,3,2
344,605,3,2
344,606,3,2
344,607,3,2
344,608,3,2
344,609,3,2
344,610,3,2
344,611,3,2
344,612,3,2
344,613,3,2
344,614,3,2
344,615,3,2
344,616,3,2
344,617,3,2
344,618,3,2
344,619,3,2
344,620,3,2
344,621,3,2
344,622,3,2
344,623,3,2
344,624,3,2
344,625,3,2
344,626,3,2
344,627,3,2
344,628,3,2
344,629,3,2
344,630,3,2
344,631,3,2
344,632,3,2
344,633,3,2
344,634,3,2
344,635,3,2
344,636,3,2
344,637,3,2
344,638,3,2
344,639,3,2
344,640,3,2
344,641,3,2
344,642,3,2
344,643,3,2
344,644,3,2
344,645,3,2
344,646,3,2
344,647,3,2
344,648,3,2
344,649,3,2
344,650,3,2
344,651,3,2
344,652,3,2
344,653,3,2
344,654,3,2
344,655,3,2
344,656,3,2
344,657,3,2
344,658,3,2
344,659,3,2
344,660,3,2
344,661,3,2
344,662,3,2
344,663,3,2
344,664,3,2
344,665,3,2
344,666,3,2
344,667,3,2
344,668,3,2
344,669,3,2
344,670,3,2
344,671,3,2
344,672,3,2
344,673,3,2
345,81,3,2
345,82,3,2
345,83,3,2
345,84,3,2
345,85,3,2
345,86,3,2
345,87,3,2
345,88,3,2
345,89,3,2
345,90,3,2
345,91,3,2
345,92,3,2
345,93,3,2
345,94,3,2
345,95,3,2
345,96,3,2
345,97,3,2
345,98,3,2
345,99,3,2
345,100,3,2
345,101,3,2
345,102,3,2
345,103,3,2
345,104,3,2
345,105,3,2
345,106,3,2
345,107,3,2
345,108,3,2
345,109,3,2
345,110,3,2
345,111,3,2
345,112,3,2
345,113,3,2
345,114,3,2
345,115,3,2
345,116,3,2
345,117,3,2
345,118,3,2
345,119,3,2
345,120,3,2
345,121,3,2
345,122,3,2
345,123,3,2
345,124,3,2
345,125,3,2
345,126,3,2
345,127,3,2
345,128,3,2
345,129,3,2
345,130,3,2
345,131,3,2
345,132,3,2
345,133,3,2
345,134,3,2
345,135,3,2
345,136,3,2
345,137,3,2
345,138,3,2
345,139,3,2
345,140,3,2
345,141,3,2
345,142,3,2
345,143,3,2
345,144,3,2
345,145,3,2
345,146,3,2
345,147,3,2
345,148,3,2
345,149,3,2
345,150,3,2
345,151,3,2
345,152,3,2
345,153,3,2
345,154,3,2
345,155,3,2
345,156,3,2
345,157,3,2
345,158,3,2
345,159,3,2
345,160,3,2
345,161,3,2
345,162,3,2
345,163,3,2
345,164,3,2
345,165,3,2
345,166,3,2
345,167,3,2
345,168,3,2
345,169,3,2
345,170,3,2
345,171,3,2
345,172,3,2
345,173,3,2
345,174,3,2
345,175,3,2
345,176,3,2
345,177,3,2
345,178,3,2
345,179,3,2
345,180,3,2
345,181,3,2
345,182,3,2
345,183,3,2
345,184,3,2
345,185,3,2
345,186,3,2
345,187,3,2
345,188,3,2
345,189,3,2
345,190,3,2
345,191,3,2
345,192,3,2
345,193,3,2
345,194,3,2
345,195,3,2
345,196,3,2
345,197,3,2
345,198,3,2
345,199,3,2
345,200,3,2
345,201,3,2
345,202,3,2
345,203,3,2
345,204,3,2
345,205,3,2
345,206,3,2
345,207,3,2
345,208,3,2
345,209,3,2
345,210,3,2
345,211,3,2
345,212,3,2
345,213,3,2
345,214,3,2
345,215,3,2
345,216,3,2
345,217,3,2
345,218,3,2
345,219,3,2
345,220,3,2
345,221,3,2
345,222,3,2
345,223,3,2
345,224,3,2
345,225,3,2
345,226,3,2
345,227,3,2
345,228,3,2
345,229,3,2
345,230,3,2
345,231,3,2
345,232,3,2
345,233,3,2
345,234,3,2
345,235,3,2
345,236,3,2
345,237,3,2
345,238,3,2
345,239,3,2
345,240,3,2
345,241,3,2
345,242,3,2
345,243,3,2
345,244,3,2
345,245,3,2
345,246,3,2
345,247,3,2
345,248,3,2
345,249,3,2
345,250,3,2
345,251,3,2
345,252,3,2
345,253,3,2
345,254,3,2
345,255,3,2
345,256,3,2
345,257,3,2
345,258,3,2
345,259,3,2
345,260,3,2
345,261,3,2
345,262,3,2
345,263,3,2
345,264,3,2
345,265,3,2
345,266,3,2
345,267,3,2
345,268,3,2
345,269,3,2
345,270,3,2
345,271,3,2
345,272,3,2
345,273,3,2
345,274,3,2
345,275,3,2
345,276,3,2
345,277,3,2
345,278,3,2
345,279,3,2
345,280,3,2
345,281,3,2
345,282,3,2
345,283,3,2
345,284,3,2
345,285,3,2
345,286,3,2
345,287,3,2
345,288,3,2
345,289,3,2
345,290,3,2
345,291,3,2
345,292,3,2
345,293,3,2
345,294,3,2
345,295,3,2
345,296,3,2
345,297,3,2
345,298,3,2
345,299,3,2
345,300,3,2
345,301,3,2
345,302,3,2
345,303,3,2
345,304,3,2
345,305,3,2
345,306,3,2
345,307,3,2
345,308,3,2
345,309,3,2
345,310,3,2
345,311,3,2
345,312,3,2
345,313,3,2
345,314,3,2
345,315,3,2
345,316,3,2
345,317,3,2
345,318,3,2
345,319,3,2
345,320,3,2
345,321,3,2
345,322,3,2
345,323,3,2
345,324,3,2
345,325,3,2
345,326,3,2
345,327,3,2
345,328,3,2
345,329,3,2
345,330,3,2
345,331,3,2
345,332,3,2
345,333,3,2
345,334,3,2
345,335,3,2
345,336,3,2
345,337,3,2
345,338,3,2
345,339,3,2
345,340,3,2
345,341,3,2
345,342,3,2
345,343,3,2
345,344,3,2
345,345,3,2
345,346,3,2
345,347,3,2
345,348,3,2
345,349,3,2
345,350,3,2
345,351,3,2
345,352,3,2
345,353,3,2
345,354,3,2
345,355,3,2
345,356,3,2
345,357,3,2
345,358,3,2
345,359,3,2
345,360,3,2
345,361,3,2
345,362,3,2
345,363,3,2
345,364,3,2
345,365,3,2
345,366,3,2
345,367,3,2
345,368,3,2
345,369,3,2
345,370,3,2
345,371,3,2
345,372,3,2
345,373,3,2
345,374,3,2
345,375,3,2
345,376,3,2
345,377,3,2
345,378,3,2
345,379,3,2
345,380,3,2
345,381,3,2
345,382,3,2
345,383,3,2
345,384,3,2
345,385,3,2
345,386,3,2
345,387,3,2
345,388,3,2
345,389,3,2
345,390,3,2
345,391,3,2
345,392,3,2
345,393,3,2
345,394,3,2
345,395,3,2
345,396,3,2
345,397,3,2
345,398,3,2
345,399,3,2
345,400,3,2
345,401,3,2
345,402,3,2
345,403,3,2
345,404,3,2
345,405,3,2
345,406,3,2
345,407,3,2
345,408,3,2
345,409,3,2
345,410,3,2
345,411,3,2
345,412,3,2
345,413,3,2
345,414,3,2
345,415,3,2
345,416,3,2
345,417,3,2
345,418,3,2
345,419,3,2
345,420,3,2
345,421,3,2
345,422,3,2
345,423,3,2
345,424,3,2
345,425,3,2
345,426,3,2
345,427,3,2
345,428,3,2
345,429,3,2
345,430,3,2
345,431,3,2
345,432,3,2
345,433,3,2
345,434,3,2
345,435,3,2
345,436,3,2
345,437,3,2
345,438,3,2
345,439,3,2
345,440,3,2
345,441,3,2
345,442,3,2
345,443,3,2
345,444,3,2
345,445,3,2
345,446,3,2
345,447,3,2
345,448,3,2
345,449,3,2
345,450,3,2
345,451,3,2
345,452,3,2
345,453,3,2
345,454,3,2
345,455,3,2
345,456,3,2
345,457,3,2
345,458,3,2
345,459,3,2
345,460,3,2
345,461,3,2
345,462,3,2
345,463,3,2
345,464,3,2
345,465,3,2
345,466,3,2
345,467,3,2
345,468,3,2
345,469,3,2
345,470,3,2
345,471,3,2
345,472,3,2
345,473,3,2
345,474,3,2
345,475,3,2
345,476,3,2
345,477,3,2
345,478,3,2
345,479,3,2
345,480,3,2
345,481,3,2
345,482,3,2
345,483,3,2
345,484,3,3
345,485,3,3
345,486,3,3
345,487,3,3
345,488,3,3
345,489,3,3
345,490,3,3
345,491,3,3
345,492,3,3
345,493,3,3
345,494,3,3
345,495,3,3
345,496,3,3
345,497,3,3
345,498,3,3
345,499,3,3
345,500,3,3
345,501,3,3
345,502,3,3
345,503,3,3
345,504,3,3
345,505,3,3
345,506,3,3
345,507,3,3
345,508,3,3
345,509,3,2
345,510,3,2
345,511,3,2
345,512,3,2
345,513,3,2
345,514,3,2
345,515,3,2
345,516,3,3
345,517,3,3
345,518,3,3
345,519,3,3
345,520,3,3
345,521,3,3
345,522,3,3
345,523,3,3
345,524,3,3
345,525,3,3
345,526,3,3
345,527,3,3
345,528,3,3
345,529,3,3
345,530,3,3
345,531,3,3
345,532,3,3
345,533,3,3
345,534,3,3
345,535,3,3
345,536,3,3
345,537,3,3
345,538,3,3
345,539,3,3
345,540,3,3
345,541,3,3
345,542,3,3
345,543,3,3
345,544,3,3
345,545,3,3
345,546,3,3
345,547,3,3
345,548,3,3
345,549,3,3
345,550,3,3
345,551,3,3
345,552,3,3
345,553,3,3
345,554,3,3
345,555,3,3
345,556,3,3
345,557,3,3
345,558,3,3
345,559,3,3
345,560,3,3
345,561,3,3
345,562,3,3
345,563,3,3
345,564,3,3
345,565,3,3
345,566,3,3
345,567,3,3
345,568,3,3
345,569,3,3
345,570,3,3
345,571,3,3
345,572,3,3
345,573,3,3
345,574,3,3
345,575,3,3
345,576,3,3
345,577,3,3
345,578,3,3
345,579,3,3
345,580,3,3
345,581,3,3
345,582,3,3
345,583,3,3
345,584,3,3
345,585,3,3
345,586,3,3
345,587,3,3
345,588,3,2
345,589,3,2
345,590,3,2
345,591,3,2
345,592,3,2
345,593,3,2
345,594,3,2
345,595,3,2
345,596,3,2
345,597,3,2
345,598,3,2
345,599,3,2
345,600,3,2
345,601,3,2
345,602,3,2
345,603,3,2
345,604,3,2
345,605,3,2
345,606,3,2
345,607,3,2
345,608,3,2
345,609,3,2
345,610,3,2
345,611,3,2
345,612,3,2
345,613,3,2
345,614,3,2
345,615,3,2
345,616,3,2
345,617,3,2
345,618,3,2
345,619,3,2
345,620,3,2
345,621,3,2
345,622,3,2
345,623,3,2
345,624,3,2
345,625,3,2
345,626,3,2
345,627,3,2
345,628,3,2
345,629,3,2
345,630,3,2
345,631,3,2
345,632,3,2
345,633,3,2
345,634,3,2
345,635,3,2
345,636,3,2
345,637,3,2
345,638,3,2
345,639,3,2
345,640,3,2
345,641,3,2
345,642,3,2
345,643,3,2
345,644,3,2
345,645,3,2
345,646,3,2
345,647,3,2
345,648,3,2
345,649,3,2
345,650,3,2
345,651,3,2
345,652,3,2
345,653,3,2
345,654,3,2
345,655,3,2
345,656,3,2
345,657,3,2
345,658,3,2
345,659,3,2
345,660,3,2
345,661,3,2
345,662,3,2
345,663,3,2
345,664,3,2
345,665,3,2
345,666,3,2
345,667,3,2
345,668,3,2
345,669,3,2
345,670,3,2
345,671,3,2
345,672,3,2
345,673,3,2
346,81,3,2
346,82,3,2
346,83,3,2
346,84,3,2
346,85,3,2
346,86,3,2
346,87,3,2
346,88,3,2
346,89,3,2
346,90,3,2
346,91,3,2
346,92,3,2
346,93,3,2
346,94,3,2
346,95,3,2
346,96,3,2
346,97,3,2
346,98,3,2
346,99,3,2
346,100,3,2
346,101,3,2
346,102,3,2
346,103,3,2
346,104,3,2
346,105,3,2
346,106,3,2
346,107,3,2
346,108,3,2
346,109,3,2
346,110,3,2
346,111,3,2
346,112,3,2
346,113,3,2
346,114,3,2
346,115,3,2
346,116,3,2
346,117,3,2
346,118,3,2
346,119,3,2
346,120,3,2
346,121,3,2
346,122,3,2
346,123,3,2
346,124,3,2
346,125,3,2
346,126,3,2
346,127,3,2
346,128,3,2
346,129,3,2
346,130,3,2
346,131,3,2
346,132,3,2
346,133,3,2
346,134,3,2
346,135,3,2
346,136,3,2
346,137,3,2
346,138,3,2
346,139,3,2
346,140,3,2
346,141,3,2
346,142,3,2
346,143,3,2
346,144,3,2
346,145,3,2
346,146,3,2
346,147,3,2
346,148,3,2
346,149,3,2
346,150,3,2
346,151,3,2
346,152,3,2
346,153,3,2
346,154,3,2
346,155,3,2
346,156,3,2
346,157,3,2
346,158,3,2
346,159,3,2
346,160,3,2
346,161,3,2
346,162,3,2
346,163,3,2
346,164,3,2
346,165,3,2
346,166,3,2
346,167,3,2
346,168,3,2
346,169,3,2
346,170,3,2
346,171,3,2
346,172,3,2
346,173,3,2
346,174,3,2
346,175,3,2
346,176,3,2
346,177,3,2
346,178,3,2
346,179,3,2
346,180,3,2
346,181,3,2
346,182,3,2
346,183,3,2
346,184,3,2
346,185,3,2
346,186,3,2
346,187,3,2
346,188,3,2
346,189,3,2
346,190,3,2
346,191,3,2
346,192,3,2
346,193,3,2
346,194,3,2
346,195,3,2
346,196,3,2
346,197,3,2
346,198,3,2
346,199,3,2
346,200,3,2
346,201,3,2
346,202,3,2
346,203,3,2
346,204,3,2
346,205,3,2
346,206,3,2
346,207,3,2
346,208,3,2
346,209,3,2
346,210,3,2
346,211,3,2
346,212,3,2
346,213,3,2
346,214,3,2
346,215,3,2
346,216,3,2
346,217,3,2
346,218,3,2
346,219,3,2
346,220,3,2
346,221,3,2
346,222,3,2
346,223,3,2
346,224,3,2
346,225,3,2
346,226,3,2
346,227,3,2
346,228,3,2
346,229,3,2
346,230,3,2
346,231,3,2
346,232,3,2
346,233,3,2
346,234,3,2
346,235,3,2
346,236,3,2
346,237,3,2
346,238,3,2
346,239,3,2
346,240,3,2
346,241,3,2
346,242,3,2
346,243,3,2
346,244,3,2
346,245,3,2
346,246,3,2
346,247,3,2
346,248,3,2
346,249,3,2
346,250,3,2
346,251,3,2
346,252,3,2
346,253,3,2
346,254,3,2
346,255,3,2
346,256,3,2
346,257,3,2
346,258,3,2
346,259,3,2
346,260,3,2
346,261,3,2
346,262,3,2
346,263,3,2
346,264,3,2
346,265,3,2
346,266,3,2
346,267,3,2
346,268,3,2
346,269,3,2
346,270,3,2
346,271,3,2
346,272,3,2
346,273,3,2
346,274,3,2
346,275,3,2
346,276,3,2
346,277,3,2
346,278,3,2
346,279,3,2
346,280,3,2
346,281,3,2
346,282,3,2
346,283,3,2
346,284,3,2
346,285,3,2
346,286,3,2
346,287,3,2
346,288,3,2
346,289,3,2
346,290,3,2
346,291,3,2
346,292,3,2
346,293,3,2
346,294,3,2
346,295,3,2
346,296,3,2
346,297,3,2
346,298,3,2
346,299,3,2
346,300,3,2
346,301,3,2
346,302,3,2
346,303,3,2
346,304,3,2
346,305,3,2
346,306,3,2
346,307,3,2
346,308,3,2
346,309,3,2
346,310,3,2
346,311,3,2
346,312,3,2
346,313,3,2
346,314,3,2
346,315,3,2
346,316,3,2
346,317,3,2
346,318,3,2
346,319,3,2
346,320,3,2
346,321,3,2
346,322,3,2
346,323,3,2
346,324,3,2
346,325,3,2
346,326,3,2
346,327,3,2
346,328,3,2
346,329,3,2
346,330,3,2
346,331,3,2
346,332,3,2
346,333,3,2
346,334,3,2
346,335,3,2
346,336,3,2
346,337,3,2
346,338,3,2
346,339,3,2
346,340,3,2
346,341,3,2
346,342,3,2
346,343,3,2
346,344,3,2
346,345,3,2
346,346,3,2
346,347,3,2
346,348,3,2
346,349,3,2
346,350,3,2
346,351,3,2
346,352,3,2
346,353,3,2
346,354,3,2
346,355,3,2
346,356,3,2
346,357,3,2
346,358,3,2
346,359,3,2
346,360,3,2
346,361,3,2
346,362,3,2
346,363,3,2
346,364,3,2
346,365,3,2
346,366,3,2
346,367,3,2
346,368,3,2
346,369,3,2
346,370,3,2
346,371,3,2
346,372,3,2
346,373,3,2
346,374,3,2
346,375,3,2
346,376,3,2
346,377,3,2
346,378,3,2
346,379,3,2
346,380,3,2
346,381,3,2
346,382,3,2
346,383,3,2
346,384,3,2
346,385,3,2
346,386,3,2
346,387,3,2
346,388,3,2
346,389,3,2
346,390,3,2
346,391,3,2
346,392,3,2
346,393,3,2
346,394,3,2
346,395,3,2
346,396,3,2
346,397,3,2
346,398,3,2
346,399,3,2
346,400,3,2
346,401,3,2
346,402,3,2
346,403,3,2
346,404,3,2
346,405,3,2
346,406,3,2
346,407,3,2
346,408,3,2
346,409,3,2
346,410,3,2
346,411,3,2
346,412,3,2
346,413,3,2
346,414,3,2
346,415,3,2
346,416,3,2
346,417,3,2
346,418,3,2
346,419,3,2
346,420,3,2
346,421,3,2
346,422,3,2
346,423,3,2
346,424,3,2
346,425,3,2
346,426,3,2
346,427,3,2
346,428,3,2
346,429,3,2
346,430,3,2
346,431,3,2
346,432,3,2
346,433,3,2
346,434,3,2
346,435,3,2
346,436,3,2
346,437,3,2
346,438,3,2
346,439,3,2
346,440,3,2
346,441,3,2
346,442,3,2
346,443,3,2
346,444,3,2
346,445,3,2
346,446,3,2
346,447,3,2
346,448,3,2
346,449,3,2
346,450,3,2
346,451,3,2
346,452,3,2
346,453,3,2
346,454,3,2
346,455,3,2
346,456,3,2
346,457,3,2
346,458,3,2
346,459,3,2
346,460,3,2
346,461,3,2
346,462,3,2
346,463,3,2
346,464,3,2
346,465,3,2
346,466,3,2
346,467,3,2
346,468,3,2
346,469,3,2
346,470,3,2
346,471,3,2
346,472,3,2
346,473,3,2
346,474,3,2
346,475,3,2
346,476,3,2
346,477,3,2
346,478,3,2
346,479,3,2
346,480,3,2
346,481,3,2
346,482,3,2
346,483,3,3
346,484,3,3
346,485,3,3
346,486,3,3
346,487,3,3
346,488,3,3
346,489,3,3
346,490,3,3
346,491,3,3
346,492,3,3
346,493,3,3
346,494,3,3
346,495,3,3
346,496,3,3
346,497,3,3
346,498,3,3
346,499,3,3
346,500,3,3
346,501,3,3
346,502,3,3
346,503,3,3
346,504,3,3
346,505,3,3
346,506,3,3
346,507,3,3
346,508,3,3
346,509,3,2
346,510,3,2
346,511,3,2
346,512,3,2
346,513,3,2
346,514,3,3
346,515,3,3
346,516,3,3
346,517,3,3
346,518,3,3
346,519,3,3
346,520,3,3
346,521,3,3
346,522,3,3
346,523,3,3
346,524,3,3
346,525,3,3
346,526,3,3
346,527,3,3
346,528,3,3
346,529,3,3
346,530,3,3
346,531,3,3
346,532,3,3
346,533,3,3
346,534,3,3
346,535,3,3
346,536,3,3
346,537,3,3
346,538,3,3
346,539,3,3
346,540,3,3
346,541,3,3
346,542,3,3
346,543,3,3
346,544,3,3
346,545,3,3
346,546,3,3
346,547,3,3
346,548,3,3
346,549,3,3
346,550,3,3
346,551,3,3
346,552,3,3
346,553,3,3
346,554,3,3
346,555,3,3
346,556,3,3
346,557,3,3
346,558,3,3
346,559,3,3
346,560,3,3
346,561,3,3
346,562,3,3
346,563,3,3
346,564,3,3
346,565,3,3
346,566,3,3
346,567,3,3
346,568,3,3
346,569,3,3
346,570,3,3
346,571,3,3
346,572,3,3
346,573,3,3
346,574,3,3
346,575,3,3
346,576,3,3
346,577,3,3
346,578,3,3
346,579,3,3
346,580,3,3
346,581,3,3
346,582,3,3
346,583,3,3
346,584,3,3
346,585,3,3
346,586,3,3
346,587,3,2
346,588,3,2
346,589,3,2
346,590,3,2
346,591,3,2
346,592,3,2
346,593,3,2
346,594,3,2
346,595,3,2
346,596,3,2
346,597,3,2
346,598,3,2
346,599,3,2
346,600,3,2
346,601,3,2
346,602,3,2
346,603,3,2
346,604,3,2
346,605,3,2
346,606,3,2
346,607,3,2
346,608,3,2
346,609,3,2
346,610,3,2
346,611,3,2
346,612,3,2
346,613,3,2
346,614,3,2
346,615,3,2
346,616,3,2
346,617,3,2
346,618,3,2
346,619,3,2
346,620,3,2
346,621,3,2
346,622,3,2
346,623,3,2
346,624,3,2
346,625,3,2
346,626,3,2
346,627,3,2
346,628,3,2
346,629,3,2
346,630,3,2
346,631,3,2
346,632,3,2
346,633,3,2
346,634,3,2
346,635,3,2
346,636,3,2
346,637,3,2
346,638,3,2
346,639,3,2
346,640,3,2
346,641,3,2
346,642,3,2
346,643,3,2
346,644,3,2
346,645,3,2
346,646,3,2
346,647,3,2
346,648,3,2
346,649,3,2
346,650,3,2
346,651,3,2
346,652,3,2
346,653,3,2
346,654,3,2
346,655,3,2
346,656,3,2
346,657,3,2
346,658,3,2
346,659,3,2
346,660,3,2
346,661,3,2
346,662,3,2
346,663,3,2
346,664,3,2
346,665,3,2
346,666,3,2
346,667,3,2
346,668,3,2
346,669,3,2
346,670,3,2
346,671,3,2
346,672,3,2
346,673,3,2
347,80,3,2
347,81,3,2
347,82,3,2
347,83,3,2
347,84,3,2
347,85,3,2
347,86,3,2
347,87,3,2
347,88,3,2
347,89,3,2
347,90,3,2
347,91,3,2
347,92,3,2
347,93,3,2
347,94,3,2
347,95,3,2
347,96,3,2
347,97,3,2
347,98,3,2
347,99,3,2
347,100,3,2
347,101,3,2
347,102,3,2
347,103,3,2
347,104,3,2
347,105,3,2
347,106,3,2
347,107,3,2
347,108,3,2
347,109,3,2
347,110,3,2
347,111,3,2
347,112,3,2
347,113,3,2
347,114,3,2
347,115,3,2
347,116,3,2
347,117,3,2
347,118,3,2
347,119,3,2
347,120,3,2
347,121,3,2
347,122,3,2
347,123,3,2
347,124,3,2
347,125,3,2
347,126,3,2
347,127,3,2
347,128,3,2
347,129,3,2
347,130,3,2
347,131,3,2
347,132,3,2
347,133,3,2
347,134,3,2
347,135,3,2
347,136,3,2
347,137,3,2
347,138,3,2
347,139,3,2
347,140,3,2
347,141,3,2
347,142,3,2
347,143,3,2
347,144,3,2
347,145,3,2
347,146,3,2
347,147,3,2
347,148,3,2
347,149,3,2
347,150,3,2
347,151,3,2
347,152,3,2
347,153,3,2
347,154,3,2
347,155,3,2
347,156,3,2
347,157,3,2
347,158,3,2
347,159,3,2
347,160,3,2
347,161,3,2
347,162,3,2
347,163,3,2
347,164,3,2
347,165,3,2
347,166,3,2
347,167,3,2
347,168,3,2
347,169,3,2
347,170,3,2
347,171,3,2
347,172,3,2
347,173,3,2
347,174,3,2
347,175,3,2
347,176,3,2
347,177,3,2
347,178,3,2
347,179,3,2
347,180,3,2
347,181,3,2
347,182,3,2
347,183,3,2
347,184,3,2
347,185,3,2
347,186,3,2
347,187,3,2
347,188,3,2
347,189,3,2
347,190,3,2
347,191,3,2
347,192,3,2
347,193,3,2
347,194,3,2
347,195,3,2
347,196,3,2
347,197,3,2
347,198,3,2
347,199,3,2
347,200,3,2
347,201,3,2
347,202,3,2
347,203,3,2
347,204,3,2
347,205,3,2
347,206,3,2
347,207,3,2
347,208,3,2
347,209,3,2
347,210,3,2
347,211,3,2
347,212,3,2
347,213,3,2
347,214,3,2
347,215,3,2
347,216,3,2
347,217,3,2
347,218,3,2
347,219,3,2
347,220,3,2
347,221,3,2
347,222,3,2
347,223,3,2
347,224,3,2
347,225,3,2
347,226,3,2
347,227,3,2
347,228,3,2
347,229,3,2
347,230,3,2
347,231,3,2
347,232,3,2
347,233,3,2
347,234,3,2
347,235,3,2
347,236,3,2
347,237,3,2
347,238,3,2
347,239,3,2
347,240,3,2
347,241,3,2
347,242,3,2
347,243,3,2
347,244,3,2
347,245,3,2
347,246,3,2
347,247,3,2
347,248,3,2
347,249,3,2
347,250,3,2
347,251,3,2
347,252,3,2
347,253,3,2
347,254,3,2
347,255,3,2
347,256,3,2
347,257,3,2
347,258,3,2
347,259,3,2
347,260,3,2
347,261,3,2
347,262,3,2
347,263,3,2
347,264,3,2
347,265,3,2
347,266,3,2
347,267,3,2
347,268,3,2
347,269,3,2
347,270,3,2
347,271,3,2
347,272,3,2
347,273,3,2
347,274,3,2
347,275,3,2
347,276,3,2
347,277,3,2
347,278,3,2
347,279,3,2
347,280,3,2
347,281,3,2
347,282,3,2
347,283,3,2
347,284,3,2
347,285,3,2
347,286,3,2
347,287,3,2
347,288,3,2
347,289,3,2
347,290,3,2
347,291,3,2
347,292,3,2
347,293,3,2
347,294,3,2
347,295,3,2
347,296,3,2
347,297,3,2
347,298,3,2
347,299,3,2
347,300,3,2
347,301,3,2
347,302,3,2
347,303,3,2
347,304,3,2
347,305,3,2
347,306,3,2
347,307,3,2
347,308,3,2
347,309,3,2
347,310,3,2
347,311,3,2
347,312,3,2
347,313,3,2
347,314,3,2
347,315,3,2
347,316,3,2
347,317,3,2
347,318,3,2
347,319,3,2
347,320,3,2
347,321,3,2
347,322,3,2
347,323,3,2
347,324,3,2
347,325,3,2
347,326,3,2
347,327,3,2
347,328,3,2
347,329,3,2
347,330,3,2
347,331,3,2
347,332,3,2
347,333,3,2
347,334,3,2
347,335,3,2
347,336,3,2
347,337,3,2
347,338,3,2
347,339,3,2
347,340,3,2
347,341,3,2
347,342,3,2
347,343,3,2
347,344,3,2
347,345,3,2
347,346,3,2
347,347,3,2
347,348,3,2
347,349,3,2
347,350,3,2
347,351,3,2
347,352,3,2
347,353,3,2
347,354,3,2
347,355,3,2
347,356,3,2
347,357,3,2
347,358,3,2
347,359,3,2
347,360,3,2
347,361,3,2
347,362,3,2
347,363,3,2
347,364,3,2
347,365,3,2
347,366,3,2
347,367,3,2
347,368,3,2
347,369,3,2
347,370,3,2
347,371,3,2
347,372,3,2
347,373,3,2
347,374,3,2
347,375,3,2
347,376,3,2
347,377,3,2
347,378,3,2
347,379,3,2
347,380,3,2
347,381,3,2
347,382,3,2
347,383,3,2
347,384,3,2
347,385,3,2
347,386,3,2
347,387,3,2
347,388,3,2
347,389,3,2
347,390,3,2
347,391,3,2
347,392,3,2
347,393,3,2
347,394,3,2
347,395,3,2
347,396,3,2
347,397,3,2
347,398,3,2
347,399,3,2
347,400,3,2
347,401,3,2
347,402,3,2
347,403,3,2
347,404,3,2
347,405,3,2
347,406,3,2
347,407,3,2
347,408,3,2
347,409,3,2
347,410,3,2
347,411,3,2
347,412,3,2
347,413,3,2
347,414,3,2
347,415,3,2
347,416,3,2
347,417,3,2
347,418,3,2
347,419,3,2
347,420,3,2
347,421,3,2
347,422,3,2
347,423,3,2
347,424,3,2
347,425,3,2
347,426,3,2
347,427,3,2
347,428,3,2
347,429,3,2
347,430,3,2
347,431,3,2
347,432,3,2
347,433,3,2
347,434,3,2
347,435,3,2
347,436,3,2
347,437,3,2
347,438,3,2
347,439,3,2
347,440,3,2
347,441,3,2
347,442,3,2
347,443,3,2
347,444,3,2
347,445,3,2
347,446,3,2
347,447,3,2
347,448,3,2
347,449,3,2
347,450,3,2
347,451,3,2
347,452,3,2
347,453,3,2
347,454,3,2
347,455,3,2
347,456,3,2
347,457,3,2
347,458,3,2
347,459,3,2
347,460,3,2
347,461,3,2
347,462,3,2
347,463,3,2
347,464,3,2
347,465,3,2
347,466,3,2
347,467,3,2
347,468,3,2
347,469,3,2
347,470,3,2
347,471,3,2
347,472,3,2
347,473,3,2
347,474,3,2
347,475,3,2
347,476,3,2
347,477,3,2
347,478,3,2
347,479,3,2
347,480,3,2
347,481,3,2
347,482,3,2
347,483,3,3
347,484,3,3
347,485,3,3
347,486,3,3
347,487,3,3
347,488,3,3
347,489,3,3
347,490,3,3
347,491,3,3
347,492,3,3
347,493,3,3
347,494,3,3
347,495,3,3
347,496,3,3
347,497,3,3
347,498,3,3
347,499,3,3
347,500,3,3
347,501,3,3
347,502,3,3
347,503,3,3
347,504,3,3
347,505,3,3
347,506,3,3
347,507,3,3
347,508,3,3
347,509,3,3
347,510,3,3
347,511,3,3
347,512,3,3
347,513,3,3
347,514,3,3
347,515,3,3
347,516,3,3
347,517,3,3
347,518,3,3
347,519,3,3
347,520,3,3
347,521,3,3
347,522,3,3
347,523,3,3
347,524,3,3
347,525,3,3
347,526,3,3
347,527,3,3
347,528,3,3
347,529,3,3
347,530,3,3
347,531,3,3
347,532,3,3
347,533,3,3
347,534,3,3
347,535,3,3
347,536,3,3
347,537,3,3
347,538,3,3
347,539,3,3
347,540,3,3
347,541,3,3
347,542,3,3
347,543,3,3
347,544,3,3
347,545,3,3
347,546,3,3
347,547,3,3
347,548,3,3
347,549,3,3
347,550,3,3
347,551,3,3
347,552,3,3
347,553,3,3
347,554,3,3
347,555,3,3
347,556,3,3
347,557,3,3
347,558,3,3
347,559,3,3
347,560,3,3
347,561,3,3
347,562,3,3
347,563,3,3
347,564,3,3
347,565,3,3
347,566,3,3
347,567,3,3
347,568,3,3
347,569,3,3
347,570,3,3
347,571,3,3
347,572,3,3
347,573,3,3
347,574,3,3
347,575,3,3
347,576,3,3
347,577,3,3
347,578,3,3
347,579,3,3
347,580,3,3
347,581,3,3
347,582,3,3
347,583,3,3
347,584,3,3
347,585,3,3
347,586,3,3
347,587,3,3
347,588,3,3
347,589,3,3
347,590,3,3
347,591,3,3
347,592,3,3
347,593,3,2
347,594,3,2
347,595,3,2
347,596,3,2
347,597,3,2
347,598,3,2
347,599,3,2
347,600,3,2
347,601,3,2
347,602,3,2
347,603,3,2
347,604,3,2
347,605,3,2
347,606,3,2
347,607,3,2
347,608,3,2
347,609,3,2
347,610,3,2
347,611,3,2
347,612,3,2
347,613,3,2
347,614,3,2
347,615,3,2
347,616,3,2
347,617,3,2
347,618,3,2
347,619,3,2
347,620,3,2
347,621,3,2
347,622,3,2
347,623,3,2
347,624,3,2
347,625,3,2
347,626,3,2
347,627,3,2
347,628,3,2
347,629,3,2
347,630,3,2
347,631,3,2
347,632,3,2
347,633,3,2
347,634,3,2
347,635,3,2
347,636,3,2
347,637,3,2
347,638,3,2
347,639,3,2
347,640,3,2
347,641,3,2
347,642,3,2
347,643,3,2
347,644,3,2
347,645,3,2
347,646,3,2
347,647,3,2
347,648,3,2
347,649,3,2
347,650,3,2
347,651,3,2
347,652,3,2
347,653,3,2
347,654,3,2
347,655,3,2
347,656,3,2
347,657,3,2
347,658,3,2
347,659,3,2
347,660,3,2
347,661,3,2
347,662,3,2
347,663,3,2
347,664,3,2
347,665,3,2
347,666,3,2
347,667,3,2
347,668,3,2
347,669,3,2
347,670,3,2
347,671,3,2
347,672,3,2
347,673,3,2
348,78,3,2
348,79,3,2
348,80,3,2
348,81,3,2
348,82,3,2
348,83,3,2
348,84,3,2
348,85,3,2
348,86,3,2
348,87,3,2
348,88,3,2
348,89,3,2
348,90,3,2
348,91,3,2
348,92,3,2
348,93,3,2
348,94,3,2
348,95,3,2
348,96,3,2
348,97,3,2
348,98,3,2
348,99,3,2
348,100,3,2
348,101,3,2
348,102,3,2
348,103,3,2
348,104,3,2
348,105,3,2
348,106,3,2
348,107,3,2
348,108,3,2
348,109,3,2
348,110,3,2
348,111,3,2
348,112,3,2
348,113,3,2
348,114,3,2
348,115,3,2
348,116,3,2
348,117,3,2
348,118,3,2
348,119,3,2
348,120,3,2
348,121,3,2
348,122,3,2
348,123,3,2
348,124,3,2
348,125,3,2
348,126,3,2
348,127,3,2
348,128,3,2
348,129,3,2
348,130,3,2
348,131,3,2
348,132,3,2
348,133,3,2
348,134,3,2
348,135,3,2
348,136,3,2
348,137,3,2
348,138,3,2
348,139,3,2
348,140,3,2
348,141,3,2
348,142,3,2
348,143,3,2
348,144,3,2
348,145,3,2
348,146,3,2
348,147,3,2
348,148,3,2
348,149,3,2
348,150,3,2
348,151,3,2
348,152,3,2
348,153,3,2
348,154,3,2
348,155,3,2
348,156,3,2
348,157,3,2
348,158,3,2
348,159,3,2
348,160,3,2
348,161,3,2
348,162,3,2
348,163,3,2
348,164,3,2
348,165,3,2
348,166,3,2
348,167,3,2
348,168,3,2
348,169,3,2
348,170,3,2
348,171,3,2
348,172,3,2
348,173,3,2
348,174,3,2
348,175,3,2
348,176,3,2
348,177,3,2
348,178,3,2
348,179,3,2
348,180,3,2
348,181,3,2
348,182,3,2
348,183,3,2
348,184,3,2
348,185,3,2
348,186,3,2
348,187,3,2
348,188,3,2
348,189,3,2
348,190,3,2
348,191,3,2
348,192,3,2
348,193,3,2
348,194,3,2
348,195,3,2
348,196,3,2
348,197,3,2
348,198,3,2
348,199,3,2
348,200,3,2
348,201,3,2
348,202,3,2
348,203,3,2
348,204,3,2
348,205,3,2
348,206,3,2
348,207,3,2
348,208,3,2
348,209,3,2
348,210,3,2
348,211,3,2
348,212,3,2
348,213,3,2
348,214,3,2
348,215,3,2
348,216,3,2
348,217,3,2
348,218,3,2
348,219,3,2
348,220,3,2
348,221,3,2
348,222,3,2
348,223,3,2
348,224,3,2
348,225,3,2
348,226,3,2
348,227,3,2
348,228,3,2
348,229,3,2
348,230,3,2
348,231,3,2
348,232,3,2
348,233,3,2
348,234,3,2
348,235,3,2
348,236,3,2
348,237,3,2
348,238,3,2
348,239,3,2
348,240,3,2
348,241,3,2
348,242,3,2
348,243,3,2
348,244,3,2
348,245,3,2
348,246,3,2
348,247,3,2
348,248,3,2
348,249,3,2
348,250,3,2
348,251,3,2
348,252,3,2
348,253,3,2
348,254,3,2
348,255,3,2
348,256,3,2
348,257,3,2
348,258,3,2
348,259,3,2
348,260,3,2
348,261,3,2
348,262,3,2
348,263,3,2
348,264,3,2
348,265,3,2
348,266,3,2
348,267,3,2
348,268,3,2
348,269,3,2
348,270,3,2
348,271,3,2
348,272,3,2
348,273,3,2
348,274,3,2
348,275,3,2
348,276,3,2
348,277,3,2
348,278,3,2
348,279,3,2
348,280,3,2
348,281,3,2
348,282,3,2
348,283,3,2
348,284,3,2
348,285,3,2
348,286,3,2
348,287,3,2
348,288,3,2
348,289,3,2
348,290,3,2
348,291,3,2
348,292,3,2
348,293,3,2
348,294,3,2
348,295,3,2
348,296,3,2
348,297,3,2
348,298,3,2
348,299,3,2
348,300,3,2
348,301,3,2
348,302,3,2
348,303,3,2
348,304,3,2
348,305,3,2
348,306,3,2
348,307,3,2
348,308,3,2
348,309,3,2
348,310,3,2
348,311,3,2
348,312,3,2
348,313,3,2
348,314,3,2
348,315,3,2
348,316,3,2
348,317,3,2
348,318,3,2
348,319,3,2
348,320,3,2
348,321,3,2
348,322,3,2
348,323,3,2
348,324,3,2
348,325,3,2
348,326,3,2
348,327,3,2
348,328,3,2
348,329,3,2
348,330,3,2
348,331,3,2
348,332,3,2
348,333,3,2
348,334,3,2
348,335,3,2
348,336,3,2
348,337,3,2
348,338,3,2
348,339,3,2
348,340,3,2
348,341,3,2
348,342,3,2
348,343,3,2
348,344,3,2
348,345,3,2
348,346,3,2
348,347,3,2
348,348,3,2
348,349,3,2
348,350,3,2
348,351,3,2
348,352,3,2
348,353,3,2
348,354,3,2
348,355,3,2
348,356,3,2
348,357,3,2
348,358,3,2
348,359,3,2
348,360,3,2
348,361,3,2
348,362,3,2
348,363,3,2
348,364,3,2
348,365,3,2
348,366,3,2
348,367,3,2
348,368,3,2
348,369,3,2
348,370,3,2
348,371,3,2
348,372,3,2
348,373,3,2
348,374,3,2
348,375,3,2
348,376,3,2
348,377,3,2
348,378,3,2
348,379,3,2
348,380,3,2
348,381,3,2
348,382,3,2
348,383,3,2
348,384,3,2
348,385,3,2
348,386,3,2
348,387,3,2
348,388,3,2
348,389,3,2
348,390,3,2
348,391,3,2
348,392,3,2
348,393,3,2
348,394,3,2
348,395,3,2
348,396,3,2
348,397,3,2
348,398,3,2
348,399,3,2
348,400,3,2
348,401,3,2
348,402,3,2
348,403,3,2
348,404,3,2
348,405,3,2
348,406,3,2
348,407,3,2
348,408,3,2
348,409,3,2
348,410,3,2
348,411,3,2
348,412,3,2
348,413,3,2
348,414,3,2
348,415,3,2
348,416,3,2
348,417,3,2
348,418,3,2
348,419,3,2
348,420,3,2
348,421,3,2
348,422,3,2
348,423,3,2
348,424,3,2
348,425,3,2
348,426,3,2
348,427,3,2
348,428,3,2
348,429,3,2
348,430,3,2
348,431,3,3
348,432,3,2
348,433,3,2
348,434,3,2
348,435,3,2
348,436,3,2
348,437,3,2
348,438,3,2
348,439,3,2
348,440,3,2
348,441,3,2
348,442,3,2
348,443,3,2
348,444,3,2
348,445,3,2
348,446,3,2
348,447,3,2
348,448,3,2
348,449,3,2
348,450,3,2
348,451,3,2
348,452,3,2
348,453,3,2
348,454,3,2
348,455,3,2
348,456,3,2
348,457,3,2
348,458,3,2
348,459,3,2
348,460,3,2
348,461,3,2
348,462,3,2
348,463,3,2
348,464,3,2
348,465,3,2
348,466,3,2
348,467,3,2
348,468,3,2
348,469,3,2
348,470,3,2
348,471,3,2
348,472,3,2
348,473,3,2
348,474,3,2
348,475,3,2
348,476,3,2
348,477,3,2
348,478,3,2
348,479,3,2
348,480,3,2
348,481,3,2
348,482,3,2
348,483,3,3
348,484,3,3
348,485,3,3
348,486,3,3
348,487,3,3
348,488,3,3
348,489,3,3
348,490,3,3
348,491,3,3
348,492,3,3
348,493,3,3
348,494,3,3
348,495,3,3
348,496,3,3
348,497,3,3
348,498,3,3
348,499,3,3
348,500,3,3
348,501,3,3
348,502,3,3
348,503,3,3
348,504,3,3
348,505,3,3
348,506,3,3
348,507,3,3
348,508,3,3
348,509,3,3
348,510,3,3
348,511,3,3
348,512,3,3
348,513,3,3
348,514,3,3
348,515,3,3
348,516,3,3
348,517,3,3
348,518,3,3
348,519,3,3
348,520,3,3
348,521,3,3
348,522,3,3
348,523,3,3
348,524,3,3
348,525,3,3
348,526,3,3
348,527,3,3
348,528,3,3
348,529,3,3
348,530,3,3
348,531,3,3
348,532,3,3
348,533,3,3
348,534,3,3
348,535,3,3
348,536,3,3
348,537,3,3
348,538,3,3
348,539,3,3
348,540,3,3
348,541,3,3
348,542,3,3
348,543,3,3
348,544,3,3
348,545,3,3
348,546,3,3
348,547,3,3
348,548,3,3
348,549,3,3
348,550,3,3
348,551,3,3
348,552,3,3
348,553,3,3
348,554,3,3
348,555,3,3
348,556,3,3
348,557,3,3
348,558,3,3
348,559,3,3
348,560,3,3
348,561,3,3
348,562,3,3
348,563,3,3
348,564,3,3
348,565,3,3
348,566,3,3
348,567,3,3
348,568,3,3
348,569,3,3
348,570,3,3
348,571,3,3
348,572,3,3
348,573,3,3
348,574,3,3
348,575,3,3
348,576,3,3
348,577,3,3
348,578,3,3
348,579,3,3
348,580,3,3
348,581,3,3
348,582,3,3
348,583,3,3
348,584,3,3
348,585,3,3
348,586,3,3
348,587,3,3
348,588,3,3
348,589,3,3
348,590,3,3
348,591,3,3
348,592,3,3
348,593,3,3
348,594,3,3
348,595,3,2
348,596,3,2
348,597,3,2
348,598,3,2
348,599,3,2
348,600,3,2
348,601,3,2
348,602,3,2
348,603,3,2
348,604,3,2
348,605,3,2
348,606,3,2
348,607,3,2
348,608,3,2
348,609,3,2
348,610,3,2
348,611,3,2
348,612,3,2
348,613,3,2
348,614,3,2
348,615,3,2
348,616,3,2
348,617,3,2
348,618,3,2
348,619,3,2
348,620,3,2
348,621,3,2
348,622,3,2
348,623,3,2
348,624,3,2
348,625,3,2
348,626,3,2
348,627,3,2
348,628,3,2
348,629,3,2
348,630,3,2
348,631,3,2
348,632,3,2
348,633,3,2
348,634,3,2
348,635,3,2
348,636,3,2
348,637,3,2
348,638,3,2
348,639,3,2
348,640,3,2
348,641,3,2
348,642,3,2
348,643,3,2
348,644,3,2
348,645,3,2
348,646,3,2
348,647,3,2
348,648,3,2
348,649,3,2
348,650,3,2
348,651,3,2
348,652,3,2
348,653,3,2
348,654,3,2
348,655,3,2
348,656,3,2
348,657,3,2
348,658,3,2
348,659,3,2
348,660,3,2
348,661,3,2
348,662,3,2
348,663,3,2
348,664,3,2
348,665,3,2
348,666,3,2
348,667,3,2
348,668,3,2
348,669,3,2
348,670,3,2
348,671,3,2
348,672,3,2
348,673,3,2
348,674,3,2
348,675,3,2
348,676,3,2
348,677,3,2
349,78,3,2
349,79,3,2
349,80,3,2
349,81,3,2
349,82,3,2
349,83,3,2
349,84,3,2
349,85,3,2
349,86,3,2
349,87,3,2
349,88,3,2
349,89,3,2
349,90,3,2
349,91,3,2
349,92,3,2
349,93,3,2
349,94,3,2
349,95,3,2
349,96,3,2
349,97,3,2
349,98,3,2
349,99,3,2
349,100,3,2
349,101,3,2
349,102,3,2
349,103,3,2
349,104,3,2
349,105,3,2
349,106,3,2
349,107,3,2
349,108,3,2
349,109,3,2
349,110,3,2
349,111,3,2
349,112,3,2
349,113,3,2
349,114,3,2
349,115,3,2
349,116,3,2
349,117,3,2
349,118,3,2
349,119,3,2
349,120,3,2
349,121,3,2
349,122,3,2
349,123,3,2
349,124,3,2
349,125,3,2
349,126,3,2
349,127,3,2
349,128,3,2
349,129,3,2
349,130,3,2
349,131,3,2
349,132,3,2
349,133,3,2
349,134,3,2
349,135,3,2
349,136,3,2
349,137,3,2
349,138,3,2
349,139,3,2
349,140,3,2
349,141,3,2
349,142,3,2
349,143,3,2
349,144,3,2
349,145,3,2
349,146,3,2
349,147,3,2
349,148,3,2
349,149,3,2
349,150,3,2
349,151,3,2
349,152,3,2
349,153,3,2
349,154,3,2
349,155,3,2
349,156,3,2
349,157,3,2
349,158,3,2
349,159,3,2
349,160,3,2
349,161,3,2
349,162,3,2
349,163,3,2
349,164,3,2
349,165,3,2
349,166,3,2
349,167,3,2
349,168,3,2
349,169,3,2
349,170,3,2
349,171,3,2
349,172,3,2
349,173,3,2
349,174,3,2
349,175,3,2
349,176,3,2
349,177,3,2
349,178,3,2
349,179,3,2
349,180,3,2
349,181,3,2
349,182,3,2
349,183,3,2
349,184,3,2
349,185,3,2
349,186,3,2
349,187,3,2
349,188,3,2
349,189,3,2
349,190,3,2
349,191,3,2
349,192,3,2
349,193,3,2
349,194,3,2
349,195,3,2
349,196,3,2
349,197,3,2
349,198,3,2
349,199,3,2
349,200,3,2
349,201,3,2
349,202,3,2
349,203,3,2
349,204,3,2
349,205,3,2
349,206,3,2
349,207,3,2
349,208,3,2
349,209,3,2
349,210,3,2
349,211,3,2
349,212,3,2
349,213,3,2
349,214,3,2
349,215,3,2
349,216,3,2
349,217,3,2
349,218,3,2
349,219,3,2
349,220,3,2
349,221,3,2
349,222,3,2
349,223,3,2
349,224,3,2
349,225,3,2
349,226,3,2
349,227,3,2
349,228,3,2
349,229,3,2
349,230,3,2
349,231,3,2
349,232,3,2
349,233,3,2
349,234,3,2
349,235,3,2
349,236,3,2
349,237,3,2
349,238,3,2
349,239,3,2
349,240,3,2
349,241,3,2
349,242,3,2
349,243,3,2
349,244,3,2
349,245,3,2
349,246,3,2
349,247,3,2
349,248,3,2
349,249,3,2
349,250,3,2
349,251,3,2
349,252,3,2
349,253,3,2
349,254,3,2
349,255,3,2
349,256,3,2
349,257,3,2
349,258,3,2
349,259,3,2
349,260,3,2
349,261,3,2
349,262,3,2
349,263,3,2
349,264,3,2
349,265,3,2
349,266,3,2
349,267,3,2
349,268,3,2
349,269,3,2
349,270,3,2
349,271,3,2
349,272,3,2
349,273,3,2
349,274,3,2
349,275,3,2
349,276,3,2
349,277,3,2
349,278,3,2
349,279,3,2
349,280,3,2
349,281,3,2
349,282,3,2
349,283,3,2
349,284,3,2
349,285,3,2
349,286,3,2
349,287,3,2
349,288,3,2
349,289,3,2
349,290,3,2
349,291,3,2
349,292,3,2
349,293,3,2
349,294,3,2
349,295,3,2
349,296,3,2
349,297,3,2
349,298,3,2
349,299,3,2
349,300,3,2
349,301,3,2
349,302,3,2
349,303,3,2
349,304,3,2
349,305,3,2
349,306,3,2
349,307,3,2
349,308,3,2
349,309,3,2
349,310,3,2
349,311,3,2
349,312,3,2
349,313,3,2
349,314,3,2
349,315,3,2
349,316,3,2
349,317,3,2
349,318,3,2
349,319,3,2
349,320,3,2
349,321,3,2
349,322,3,2
349,323,3,2
349,324,3,2
349,325,3,2
349,326,3,2
349,327,3,2
349,328,3,2
349,329,3,2
349,330,3,2
349,331,3,2
349,332,3,2
349,333,3,2
349,334,3,2
349,335,3,2
349,336,3,2
349,337,3,2
349,338,3,2
349,339,3,2
349,340,3,2
349,341,3,2
349,342,3,2
349,343,3,2
349,344,3,2
349,345,3,2
349,346,3,2
349,347,3,2
349,348,3,2
349,349,3,2
349,350,3,2
349,351,3,2
349,352,3,2
349,353,3,2
349,354,3,2
349,355,3,2
349,356,3,2
349,357,3,2
349,358,3,2
349,359,3,2
349,360,3,2
349,361,3,2
349,362,3,2
349,363,3,2
349,364,3,2
349,365,3,2
349,366,3,2
349,367,3,2
349,368,3,2
349,369,3,2
349,370,3,2
349,371,3,2
349,372,3,2
349,373,3,2
349,374,3,2
349,375,3,2
349,376,3,2
349,377,3,2
349,378,3,2
349,379,3,2
349,380,3,2
349,381,3,2
349,382,3,2
349,383,3,2
349,384,3,2
349,385,3,2
349,386,3,2
349,387,3,2
349,388,3,2
349,389,3,2
349,390,3,2
349,391,3,2
349,392,3,2
349,393,3,2
349,394,3,2
349,395,3,2
349,396,3,2
349,397,3,2
349,398,3,2
349,399,3,2
349,400,3,2
349,401,3,2
349,402,3,2
349,403,3,2
349,404,3,2
349,405,3,2
349,406,3,2
349,407,3,2
349,408,3,2
349,409,3,2
349,410,3,2
349,411,3,2
349,412,3,2
349,413,3,2
349,414,3,2
349,415,3,2
349,416,3,2
349,417,3,2
349,418,3,2
349,419,3,2
349,420,3,2
349,421,3,2
349,422,3,2
349,423,3,2
349,424,3,2
349,425,3,2
349,426,3,2
349,427,3,3
349,428,3,3
349,429,3,3
349,430,3,3
349,431,3,3
349,432,3,3
349,433,3,2
349,434,3,2
349,435,3,2
349,436,3,2
349,437,3,2
349,438,3,2
349,439,3,2
349,440,3,2
349,441,3,2
349,442,3,2
349,443,3,2
349,444,3,2
349,445,3,2
349,446,3,2
349,447,3,3
349,448,3,3
349,449,3,3
349,450,3,2
349,451,3,2
349,452,3,2
349,453,3,2
349,454,3,2
349,455,3,2
349,456,3,2
349,457,3,2
349,458,3,2
349,459,3,2
349,460,3,2
349,461,3,2
349,462,3,2
349,463,3,2
349,464,3,2
349,465,3,2
349,466,3,2
349,467,3,2
349,468,3,2
349,469,3,2
349,470,3,2
349,471,3,2
349,472,3,2
349,473,3,2
349,474,3,2
349,475,3,2
349,476,3,2
349,477,3,2
349,478,3,2
349,479,3,2
349,480,3,2
349,481,3,2
349,482,3,3
349,483,3,3
349,484,3,3
349,485,3,3
349,486,3,3
349,487,3,3
349,488,3,3
349,489,3,3
349,490,3,3
349,491,3,3
349,492,3,3
349,493,3,3
349,494,3,3
349,495,3,3
349,496,3,3
349,497,3,3
349,498,3,3
349,499,3,3
349,500,3,3
349,501,3,3
349,502,3,3
349,503,3,3
349,504,3,3
349,505,3,3
349,506,3,3
349,507,3,3
349,508,3,3
349,509,3,3
349,510,3,3
349,511,3,3
349,512,3,3
349,513,3,3
349,514,3,3
349,515,3,3
349,516,3,3
349,517,3,3
349,518,3,3
349,519,3,3
349,520,3,3
349,521,3,3
349,522,3,3
349,523,3,3
349,524,3,3
349,525,3,3
349,526,3,3
349,527,3,3
349,528,3,3
349,529,3,3
349,530,3,3
349,531,3,3
349,532,3,3
349,533,3,3
349,534,3,3
349,535,3,3
349,536,3,3
349,537,3,3
349,538,3,3
349,539,3,3
349,540,3,3
349,541,3,3
349,542,3,3
349,543,3,3
349,544,3,3
349,545,3,3
349,546,3,3
349,547,3,3
349,548,3,3
349,549,3,3
349,550,3,3
349,551,3,3
349,552,3,3
349,553,3,3
349,554,3,3
349,555,3,3
349,556,3,3
349,557,3,3
349,558,3,3
349,559,3,3
349,560,3,3
349,561,3,3
349,562,3,3
349,563,3,3
349,564,3,3
349,565,3,3
349,566,3,3
349,567,3,3
349,568,3,3
349,569,3,3
349,570,3,3
349,571,3,3
349,572,3,3
349,573,3,3
349,574,3,2
349,575,3,2
349,576,3,3
349,577,3,3
349,578,3,3
349,579,3,3
349,580,3,3
349,581,3,3
349,582,3,3
349,583,3,3
349,584,3,2
349,585,3,2
349,586,3,2
349,587,3,3
349,588,3,3
349,589,3,3
349,590,3,3
349,591,3,3
349,592,3,3
349,593,3,3
349,594,3,3
349,595,3,3
349,596,3,3
349,597,3,2
349,598,3,2
349,599,3,2
349,600,3,2
349,601,3,2
349,602,3,2
349,603,3,2
349,604,3,2
349,605,3,2
349,606,3,2
349,607,3,2
349,608,3,2
349,609,3,2
349,610,3,2
349,611,3,2
349,612,3,2
349,613,3,2
349,614,3,2
349,615,3,2
349,616,3,2
349,617,3,2
349,618,3,2
349,619,3,2
349,620,3,2
349,621,3,2
349,622,3,2
349,623,3,2
349,624,3,2
349,625,3,2
349,626,3,2
349,627,3,2
349,628,3,2
349,629,3,2
349,630,3,2
349,631,3,2
349,632,3,2
349,633,3,2
349,634,3,2
349,635,3,2
349,636,3,2
349,637,3,2
349,638,3,2
349,639,3,2
349,640,3,2
349,641,3,2
349,642,3,2
349,643,3,2
349,644,3,2
349,645,3,2
349,646,3,2
349,647,3,2
349,648,3,2
349,649,3,2
349,650,3,2
349,651,3,2
349,652,3,2
349,653,3,2
349,654,3,2
349,655,3,2
349,656,3,2
349,657,3,2
349,658,3,2
349,659,3,2
349,660,3,2
349,661,3,2
349,662,3,2
349,663,3,2
349,664,3,2
349,665,3,2
349,666,3,2
349,667,3,2
349,668,3,2
349,669,3,2
349,670,3,2
349,671,3,2
349,672,3,2
349,673,3,2
349,674,3,2
349,675,3,2
349,676,3,2
349,677,3,2
350,77,3,2
350,78,3,2
350,79,3,2
350,80,3,2
350,81,3,2
350,82,3,2
350,83,3,2
350,84,3,2
350,85,3,2
350,86,3,2
350,87,3,2
350,88,3,2
350,89,3,2
350,90,3,2
350,91,3,2
350,92,3,2
350,93,3,2
350,94,3,2
350,95,3,2
350,96,3,2
350,97,3,2
350,98,3,2
350,99,3,2
350,100,3,2
350,101,3,2
350,102,3,2
350,103,3,2
350,104,3,2
350,105,3,2
350,106,3,2
350,107,3,2
350,108,3,2
350,109,3,2
350,110,3,2
350,111,3,2
350,112,3,2
350,113,3,2
350,114,3,2
350,115,3,2
350,116,3,2
350,117,3,2
350,118,3,2
350,119,3,2
350,120,3,2
350,121,3,2
350,122,3,2
350,123,3,2
350,124,3,2
350,125,3,2
350,126,3,2
350,127,3,2
350,128,3,2
350,129,3,2
350,130,3,2
350,131,3,2
350,132,3,2
350,133,3,2
350,134,3,2
350,135,3,2
350,136,3,2
350,137,3,2
350,138,3,2
350,139,3,2
350,140,3,2
350,141,3,2
350,142,3,2
350,143,3,2
350,144,3,2
350,145,3,2
350,146,3,2
350,147,3,2
350,148,3,2
350,149,3,2
350,150,3,2
350,151,3,2
350,152,3,2
350,153,3,2
350,154,3,2
350,155,3,2
350,156,3,2
350,157,3,2
350,158,3,2
350,159,3,2
350,160,3,2
350,161,3,2
350,162,3,2
350,163,3,2
350,164,3,2
350,165,3,2
350,166,3,2
350,167,3,2
350,168,3,2
350,169,3,2
350,170,3,2
350,171,3,2
350,172,3,2
350,173,3,2
350,174,3,2
350,175,3,2
350,176,3,2
350,177,3,2
350,178,3,2
350,179,3,2
350,180,3,2
350,181,3,2
350,182,3,2
350,183,3,2
350,184,3,2
350,185,3,2
350,186,3,2
350,187,3,2
350,188,3,2
350,189,3,2
350,190,3,2
350,191,3,2
350,192,3,2
350,193,3,2
350,194,3,2
350,195,3,2
350,196,3,2
350,197,3,2
350,198,3,2
350,199,3,2
350,200,3,2
350,201,3,2
350,202,3,2
350,203,3,2
350,204,3,2
350,205,3,2
350,206,3,2
350,207,3,2
350,208,3,2
350,209,3,2
350,210,3,2
350,211,3,2
350,212,3,2
350,213,3,2
350,214,3,2
350,215,3,2
350,216,3,2
350,217,3,2
350,218,3,2
350,219,3,2
350,220,3,2
350,221,3,2
350,222,3,2
350,223,3,2
350,224,3,2
350,225,3,2
350,226,3,2
350,227,3,2
350,228,3,2
350,229,3,2
350,230,3,2
350,231,3,2
350,232,3,2
350,233,3,2
350,234,3,2
350,235,3,2
350,236,3,2
350,237,3,2
350,238,3,2
350,239,3,2
350,240,3,2
350,241,3,2
350,242,3,2
350,243,3,2
350,244,3,2
350,245,3,2
350,246,3,2
350,247,3,2
350,248,3,2
350,249,3,2
350,250,3,2
350,251,3,2
350,252,3,2
350,253,3,2
350,254,3,2
350,255,3,2
350,256,3,2
350,257,3,2
350,258,3,2
350,259,3,2
350,260,3,2
350,261,3,2
350,262,3,2
350,263,3,2
350,264,3,2
350,265,3,2
350,266,3,2
350,267,3,2
350,268,3,2
350,269,3,2
350,270,3,2
350,271,3,2
350,272,3,2
350,273,3,2
350,274,3,2
350,275,3,2
350,276,3,2
350,277,3,2
350,278,3,2
350,279,3,2
350,280,3,2
350,281,3,2
350,282,3,2
350,283,3,2
350,284,3,2
350,285,3,2
350,286,3,2
350,287,3,2
350,288,3,2
350,289,3,2
350,290,3,2
350,291,3,2
350,292,3,2
350,293,3,2
350,294,3,2
350,295,3,2
350,296,3,2
350,297,3,2
350,298,3,2
350,299,3,2
350,300,3,2
350,301,3,2
350,302,3,2
350,303,3,2
350,304,3,2
350,305,3,2
350,306,3,2
350,307,3,2
350,308,3,2
350,309,3,2
350,310,3,2
350,311,3,2
350,312,3,2
350,313,3,2
350,314,3,2
350,315,3,2
350,316,3,2
350,317,3,2
350,318,3,2
350,319,3,2
350,320,3,2
350,321,3,2
350,322,3,2
350,323,3,2
350,324,3,2
350,325,3,2
350,326,3,2
350,327,3,2
350,328,3,2
350,329,3,2
350,330,3,2
350,331,3,2
350,332,3,2
350,333,3,2
350,334,3,2
350,335,3,2
350,336,3,2
350,337,3,2
350,338,3,2
350,339,3,2
350,340,3,2
350,341,3,2
350,342,3,2
350,343,3,2
350,344,3,2
350,345,3,2
350,346,3,2
350,347,3,2
350,348,3,2
350,349,3,2
350,350,3,2
350,351,3,2
350,352,3,2
350,353,3,2
350,354,3,2
350,355,3,2
350,356,3,2
350,357,3,2
350,358,3,2
350,359,3,2
350,360,3,2
350,361,3,2
350,362,3,2
350,363,3,2
350,364,3,2
350,365,3,2
350,366,3,2
350,367,3,2
350,368,3,2
350,369,3,2
350,370,3,2
350,371,3,2
350,372,3,2
350,373,3,2
350,374,3,2
350,375,3,2
350,376,3,2
350,377,3,2
350,378,3,2
350,379,3,2
350,380,3,2
350,381,3,2
350,382,3,2
350,383,3,2
350,384,3,2
350,385,3,2
350,386,3,2
350,387,3,2
350,388,3,2
350,389,3,2
350,390,3,2
350,391,3,2
350,392,3,2
350,393,3,2
350,394,3,2
350,395,3,2
350,396,3,2
350,397,3,2
350,398,3,2
350,399,3,2
350,400,3,2
350,401,3,2
350,402,3,2
350,403,3,2
350,404,3,2
350,405,3,2
350,406,3,2
350,407,3,2
350,408,3,2
350,409,3,2
350,410,3,2
350,411,3,2
350,412,3,2
350,413,3,2
350,414,3,2
350,415,3,2
350,416,3,2
350,417,3,2
350,418,3,2
350,419,3,2
350,420,3,2
350,421,3,2
350,422,3,2
350,423,3,2
350,424,3,2
350,425,3,2
350,426,3,3
350,427,3,3
350,428,3,3
350,429,3,3
350,430,3,3
350,431,3,3
350,432,3,3
350,433,3,3
350,434,3,3
350,435,3,3
350,436,3,3
350,437,3,3
350,438,3,3
350,439,3,3
350,440,3,3
350,441,3,2
350,442,3,2
350,443,3,2
350,444,3,3
350,445,3,3
350,446,3,3
350,447,3,3
350,448,3,3
350,449,3,3
350,450,3,3
350,451,3,3
350,452,3,2
350,453,3,2
350,454,3,2
350,455,3,2
350,456,3,2
350,457,3,2
350,458,3,2
350,459,3,2
350,460,3,2
350,461,3,2
350,462,3,2
350,463,3,2
350,464,3,2
350,465,3,2
350,466,3,2
350,467,3,2
350,468,3,2
350,469,3,2
350,470,3,2
350,471,3,2
350,472,3,2
350,473,3,2
350,474,3,2
350,475,3,2
350,476,3,2
350,477,3,2
350,478,3,2
350,479,3,2
350,480,3,2
350,481,3,2
350,482,3,2
350,483,3,3
350,484,3,3
350,485,3,3
350,486,3,3
350,487,3,3
350,488,3,3
350,489,3,3
350,490,3,3
350,491,3,3
350,492,3,3
350,493,3,3
350,494,3,3
350,495,3,3
350,496,3,3
350,497,3,3
350,498,3,3
350,499,3,3
350,500,3,3
350,501,3,3
350,502,3,3
350,503,3,3
350,504,3,3
350,505,3,3
350,506,3,3
350,507,3,3
350,508,3,3
350,509,3,3
350,510,3,3
350,511,3,3
350,512,3,3
350,513,3,3
350,514,3,3
350,515,3,3
350,516,3,3
350,517,3,3
350,518,3,3
350,519,3,3
350,520,3,3
350,521,3,3
350,522,3,3
350,523,3,3
350,524,3,3
350,525,3,3
350,526,3,3
350,527,3,3
350,528,3,3
350,529,3,3
350,530,3,3
350,531,3,3
350,532,3,3
350,533,3,3
350,534,3,3
350,535,3,3
350,536,3,3
350,537,3,3
350,538,3,3
350,539,3,3
350,540,3,3
350,541,3,3
350,542,3,3
350,543,3,3
350,544,3,3
350,545,3,3
350,546,3,3
350,547,3,3
350,548,3,3
350,549,3,3
350,550,3,3
350,551,3,3
350,552,3,3
350,553,3,3
350,554,3,3
350,555,3,3
350,556,3,3
350,557,3,3
350,558,3,3
350,559,3,3
350,560,3,3
350,561,3,3
350,562,3,3
350,563,3,3
350,564,3,3
350,565,3,3
350,566,3,3
350,567,3,3
350,568,3,3
350,569,3,3
350,570,3,3
350,571,3,3
350,572,3,3
350,573,3,2
350,574,3,2
350,575,3,2
350,576,3,2
350,577,3,2
350,578,3,3
350,579,3,3
350,580,3,2
350,581,3,2
350,582,3,2
350,583,3,2
350,584,3,2
350,585,3,2
350,586,3,2
350,587,3,3
350,588,3,3
350,589,3,3
350,590,3,3
350,591,3,3
350,592,3,3
350,593,3,3
350,594,3,3
350,595,3,3
350,596,3,3
350,597,3,3
350,598,3,2
350,599,3,2
350,600,3,2
350,601,3,2
350,602,3,2
350,603,3,2
350,604,3,2
350,605,3,2
350,606,3,2
350,607,3,2
350,608,3,2
350,609,3,2
350,610,3,2
350,611,3,2
350,612,3,2
350,613,3,2
350,614,3,2
350,615,3,2
350,616,3,2
350,617,3,2
350,618,3,2
350,619,3,2
350,620,3,2
350,621,3,2
350,622,3,2
350,623,3,2
350,624,3,2
350,625,3,2
350,626,3,2
350,627,3,2
350,628,3,2
350,629,3,2
350,630,3,2
350,631,3,2
350,632,3,2
350,633,3,2
350,634,3,2
350,635,3,2
350,636,3,2
350,637,3,2
350,638,3,2
350,639,3,2
350,640,3,2
350,641,3,2
350,642,3,2
350,643,3,2
350,644,3,2
350,645,3,2
350,646,3,2
350,647,3,2
350,648,3,2
350,649,3,2
350,650,3,2
350,651,3,2
350,652,3,2
350,653,3,2
350,654,3,2
350,655,3,2
350,656,3,2
350,657,3,2
350,658,3,2
350,659,3,2
350,660,3,2
350,661,3,2
350,662,3,2
350,663,3,2
350,664,3,2
350,665,3,2
350,666,3,2
350,667,3,2
350,668,3,2
350,669,3,2
350,670,3,2
350,671,3,2
350,672,3,2
350,673,3,2
350,674,3,2
350,675,3,2
350,676,3,2
350,677,3,2
350,678,3,2
351,77,3,2
351,78,3,2
351,79,3,2
351,80,3,2
351,81,3,2
351,82,3,2
351,83,3,2
351,84,3,2
351,85,3,2
351,86,3,2
351,87,3,2
351,88,3,2
351,89,3,2
351,90,3,2
351,91,3,2
351,92,3,2
351,93,3,2
351,94,3,2
351,95,3,2
351,96,3,2
351,97,3,2
351,98,3,2
351,99,3,2
351,100,3,2
351,101,3,2
351,102,3,2
351,103,3,2
351,104,3,2
351,105,3,2
351,106,3,2
351,107,3,2
351,108,3,2
351,109,3,2
351,110,3,2
351,111,3,2
351,112,3,2
351,113,3,2
351,114,3,2
351,115,3,2
351,116,3,2
351,117,3,2
351,118,3,2
351,119,3,2
351,120,3,2
351,121,3,2
351,122,3,2
351,123,3,2
351,124,3,2
351,125,3,2
351,126,3,2
351,127,3,2
351,128,3,2
351,129,3,2
351,130,3,2
351,131,3,2
351,132,3,2
351,133,3,2
351,134,3,2
351,135,3,2
351,136,3,2
351,137,3,2
351,138,3,2
351,139,3,2
351,140,3,2
351,141,3,2
351,142,3,2
351,143,3,2
351,144,3,2
351,145,3,2
351,146,3,2
351,147,3,2
351,148,3,2
351,149,3,2
351,150,3,2
351,151,3,2
351,152,3,2
351,153,3,2
351,154,3,2
351,155,3,2
351,156,3,2
351,157,3,2
351,158,3,2
351,159,3,2
351,160,3,2
351,161,3,2
351,162,3,2
351,163,3,2
351,164,3,2
351,165,3,2
351,166,3,2
351,167,3,2
351,168,3,2
351,169,3,2
351,170,3,2
351,171,3,2
351,172,3,2
351,173,3,2
351,174,3,2
351,175,3,2
351,176,3,2
351,177,3,2
351,178,3,2
351,179,3,2
351,180,3,2
351,181,3,2
351,182,3,2
351,183,3,2
351,184,3,2
351,185,3,2
351,186,3,2
351,187,3,2
351,188,3,2
351,189,3,2
351,190,3,2
351,191,3,2
351,192,3,2
351,193,3,2
351,194,3,2
351,195,3,2
351,196,3,2
351,197,3,2
351,198,3,2
351,199,3,2
351,200,3,2
351,201,3,2
351,202,3,2
351,203,3,2
351,204,3,2
351,205,3,2
351,206,3,2
351,207,3,2
351,208,3,2
351,209,3,2
351,210,3,2
351,211,3,2
351,212,3,2
351,213,3,2
351,214,3,2
351,215,3,2
351,216,3,2
351,217,3,2
351,218,3,2
351,219,3,2
351,220,3,2
351,221,3,2
351,222,3,2
351,223,3,2
351,224,3,2
351,225,3,2
351,226,3,2
351,227,3,2
351,228,3,2
351,229,3,2
351,230,3,2
351,231,3,2
351,232,3,2
351,233,3,2
351,234,3,2
351,235,3,2
351,236,3,2
351,237,3,2
351,238,3,2
351,239,3,2
351,240,3,2
351,241,3,2
351,242,3,2
351,243,3,2
351,244,3,2
351,245,3,2
351,246,3,2
351,247,3,2
351,248,3,2
351,249,3,2
351,250,3,2
351,251,3,2
351,252,3,2
351,253,3,2
351,254,3,2
351,255,3,2
351,256,3,2
351,257,3,2
351,258,3,2
351,259,3,2
351,260,3,2
351,261,3,2
351,262,3,2
351,263,3,2
351,264,3,2
351,265,3,2
351,266,3,2
351,267,3,2
351,268,3,2
351,269,3,2
351,270,3,2
351,271,3,2
351,272,3,2
351,273,3,2
351,274,3,2
351,275,3,2
351,276,3,2
351,277,3,2
351,278,3,2
351,279,3,2
351,280,3,2
351,281,3,2
351,282,3,2
351,283,3,2
351,284,3,2
351,285,3,2
351,286,3,2
351,287,3,2
351,288,3,2
351,289,3,2
351,290,3,2
351,291,3,2
351,292,3,2
351,293,3,2
351,294,3,2
351,295,3,2
351,296,3,2
351,297,3,2
351,298,3,2
351,299,3,2
351,300,3,2
351,301,3,2
351,302,3,2
351,303,3,2
351,304,3,2
351,305,3,2
351,306,3,2
351,307,3,2
351,308,3,2
351,309,3,2
351,310,3,2
351,311,3,2
351,312,3,2
351,313,3,2
351,314,3,2
351,315,3,2
351,316,3,2
351,317,3,2
351,318,3,2
351,319,3,2
351,320,3,2
351,321,3,2
351,322,3,2
351,323,3,2
351,324,3,2
351,325,3,2
351,326,3,2
351,327,3,2
351,328,3,2
351,329,3,2
351,330,3,2
351,331,3,2
351,332,3,2
351,333,3,2
351,334,3,2
351,335,3,2
351,336,3,2
351,337,3,2
351,338,3,2
351,339,3,2
351,340,3,2
351,341,3,2
351,342,3,2
351,343,3,2
351,344,3,2
351,345,3,2
351,346,3,2
351,347,3,2
351,348,3,2
351,349,3,2
351,350,3,2
351,351,3,2
351,352,3,2
351,353,3,2
351,354,3,2
351,355,3,2
351,356,3,2
351,357,3,2
351,358,3,2
351,359,3,2
351,360,3,2
351,361,3,2
351,362,3,2
351,363,3,2
351,364,3,2
351,365,3,2
351,366,3,2
351,367,3,2
351,368,3,2
351,369,3,2
351,370,3,2
351,371,3,2
351,372,3,2
351,373,3,2
351,374,3,2
351,375,3,2
351,376,3,2
351,377,3,2
351,378,3,2
351,379,3,2
351,380,3,2
351,381,3,2
351,382,3,2
351,383,3,2
351,384,3,2
351,385,3,2
351,386,3,2
351,387,3,2
351,388,3,2
351,389,3,2
351,390,3,2
351,391,3,2
351,392,3,2
351,393,3,2
351,394,3,2
351,395,3,2
351,396,3,2
351,397,3,2
351,398,3,2
351,399,3,2
351,400,3,2
351,401,3,2
351,402,3,2
351,403,3,2
351,404,3,2
351,405,3,2
351,406,3,2
351,407,3,2
351,408,3,2
351,409,3,2
351,410,3,2
351,411,3,2
351,412,3,2
351,413,3,2
351,414,3,2
351,415,3,2
351,416,3,2
351,417,3,2
351,418,3,2
351,419,3,2
351,420,3,2
351,421,3,2
351,422,3,2
351,423,3,2
351,424,3,3
351,425,3,3
351,426,3,3
351,427,3,3
351,428,3,3
351,429,3,3
351,430,3,3
351,431,3,3
351,432,3,3
351,433,3,3
351,434,3,3
351,435,3,3
351,436,3,3
351,437,3,3
351,438,3,3
351,439,3,3
351,440,3,3
351,441,3,3
351,442,3,3
351,443,3,3
351,444,3,3
351,445,3,3
351,446,3,3
351,447,3,3
351,448,3,3
351,449,3,3
351,450,3,3
351,451,3,3
351,452,3,3
351,453,3,3
351,454,3,2
351,455,3,2
351,456,3,2
351,457,3,2
351,458,3,2
351,459,3,2
351,460,3,2
351,461,3,2
351,462,3,2
351,463,3,2
351,464,3,2
351,465,3,2
351,466,3,2
351,467,3,2
351,468,3,2
351,469,3,2
351,470,3,2
351,471,3,2
351,472,3,2
351,473,3,2
351,474,3,2
351,475,3,2
351,476,3,2
351,477,3,2
351,478,3,2
351,479,3,2
351,480,3,2
351,481,3,2
351,482,3,3
351,483,3,3
351,484,3,3
351,485,3,3
351,486,3,3
351,487,3,3
351,488,3,3
351,489,3,3
351,490,3,3
351,491,3,3
351,492,3,3
351,493,3,3
351,494,3,3
351,495,3,3
351,496,3,3
351,497,3,3
351,498,3,3
351,499,3,3
351,500,3,3
351,501,3,3
351,502,3,3
351,503,3,3
351,504,3,3
351,505,3,3
351,506,3,3
351,507,3,3
351,508,3,3
351,509,3,3
351,510,3,3
351,511,3,3
351,512,3,3
351,513,3,3
351,514,3,3
351,515,3,3
351,516,3,3
351,517,3,3
351,518,3,3
351,519,3,3
351,520,3,3
351,521,3,3
351,522,3,3
351,523,3,3
351,524,3,3
351,525,3,3
351,526,3,3
351,527,3,3
351,528,3,3
351,529,3,3
351,530,3,3
351,531,3,3
351,532,3,3
351,533,3,3
351,534,3,3
351,535,3,3
351,536,3,3
351,537,3,3
351,538,3,3
351,539,3,3
351,540,3,3
351,541,3,3
351,542,3,3
351,543,3,3
351,544,3,3
351,545,3,3
351,546,3,3
351,547,3,3
351,548,3,3
351,549,3,3
351,550,3,3
351,551,3,3
351,552,3,3
351,553,3,3
351,554,3,3
351,555,3,3
351,556,3,3
351,557,3,3
351,558,3,3
351,559,3,3
351,560,3,3
351,561,3,3
351,562,3,3
351,563,3,3
351,564,3,3
351,565,3,3
351,566,3,3
351,567,3,3
351,568,3,3
351,569,3,3
351,570,3,3
351,571,3,3
351,572,3,3
351,573,3,2
351,574,3,2
351,575,3,2
351,576,3,2
351,577,3,2
351,578,3,2
351,579,3,2
351,580,3,2
351,581,3,2
351,582,3,2
351,583,3,2
351,584,3,2
351,585,3,2
351,586,3,2
351,587,3,2
351,588,3,3
351,589,3,3
351,590,3,3
351,591,3,3
351,592,3,3
351,593,3,3
351,594,3,3
351,595,3,3
351,596,3,3
351,597,3,3
351,598,3,3
351,599,3,2
351,600,3,2
351,601,3,2
351,602,3,2
351,603,3,2
351,604,3,2
351,605,3,2
351,606,3,2
351,607,3,2
351,608,3,2
351,609,3,2
351,610,3,2
351,611,3,2
351,612,3,2
351,613,3,2
351,614,3,2
351,615,3,2
351,616,3,2
351,617,3,2
351,618,3,2
351,619,3,2
351,620,3,2
351,621,3,2
351,622,3,2
351,623,3,2
351,624,3,2
351,625,3,2
351,626,3,2
351,627,3,2
351,628,3,2
351,629,3,2
351,630,3,2
351,631,3,2
351,632,3,2
351,633,3,2
351,634,3,2
351,635,3,2
351,636,3,2
351,637,3,2
351,638,3,2
351,639,3,2
351,640,3,2
351,641,3,2
351,642,3,2
351,643,3,2
351,644,3,2
351,645,3,2
351,646,3,2
351,647,3,2
351,648,3,2
351,649,3,2
351,650,3,2
351,651,3,2
351,652,3,2
351,653,3,2
351,654,3,2
351,655,3,2
351,656,3,2
351,657,3,2
351,658,3,2
351,659,3,2
351,660,3,2
351,661,3,2
351,662,3,2
351,663,3,2
351,664,3,2
351,665,3,2
351,666,3,2
351,667,3,2
351,668,3,2
351,669,3,2
351,670,3,2
351,671,3,2
351,672,3,2
351,673,3,2
351,674,3,2
351,675,3,2
351,676,3,2
351,677,3,2
351,678,3,2
352,77,3,2
352,78,3,2
352,79,3,2
352,80,3,2
352,81,3,2
352,82,3,2
352,83,3,2
352,84,3,2
352,85,3,2
352,86,3,2
352,87,3,2
352,88,3,2
352,89,3,2
352,90,3,2
352,91,3,2
352,92,3,2
352,93,3,2
352,94,3,2
352,95,3,2
352,96,3,2
352,97,3,2
352,98,3,2
352,99,3,2
352,100,3,2
352,101,3,2
352,102,3,2
352,103,3,2
352,104,3,2
352,105,3,2
352,106,3,2
352,107,3,2
352,108,3,2
352,109,3,2
352,110,3,2
352,111,3,2
352,112,3,2
352,113,3,2
352,114,3,2
352,115,3,2
352,116,3,2
352,117,3,2
352,118,3,2
352,119,3,2
352,120,3,2
352,121,3,2
352,122,3,2
352,123,3,2
352,124,3,2
352,125,3,2
352,126,3,2
352,127,3,2
352,128,3,2
352,129,3,2
352,130,3,2
352,131,3,2
352,132,3,2
352,133,3,2
352,134,3,2
352,135,3,2
352,136,3,2
352,137,3,2
352,138,3,2
352,139,3,2
352,140,3,2
352,141,3,2
352,142,3,2
352,143,3,2
352,144,3,2
352,145,3,2
352,146,3,2
352,147,3,2
352,148,3,2
352,149,3,2
352,150,3,2
352,151,3,2
352,152,3,2
352,153,3,2
352,154,3,2
352,155,3,2
352,156,3,2
352,157,3,2
352,158,3,2
352,159,3,2
352,160,3,2
352,161,3,2
352,162,3,2
352,163,3,2
352,164,3,2
352,165,3,2
352,166,3,2
352,167,3,2
352,168,3,2
352,169,3,2
352,170,3,2
352,171,3,2
352,172,3,2
352,173,3,2
352,174,3,2
352,175,3,2
352,176,3,2
352,177,3,2
352,178,3,2
352,179,3,2
352,180,3,2
352,181,3,2
352,182,3,2
352,183,3,2
352,184,3,2
352,185,3,2
352,186,3,2
352,187,3,2
352,188,3,2
352,189,3,2
352,190,3,2
352,191,3,2
352,192,3,2
352,193,3,2
352,194,3,2
352,195,3,2
352,196,3,2
352,197,3,2
352,198,3,2
352,199,3,2
352,200,3,2
352,201,3,2
352,202,3,2
352,203,3,2
352,204,3,2
352,205,3,2
352,206,3,2
352,207,3,2
352,208,3,2
352,209,3,2
352,210,3,2
352,211,3,2
352,212,3,2
352,213,3,2
352,214,3,2
352,215,3,2
352,216,3,2
352,217,3,2
352,218,3,2
352,219,3,2
352,220,3,2
352,221,3,2
352,222,3,2
352,223,3,2
352,224,3,2
352,225,3,2
352,226,3,2
352,227,3,2
352,228,3,2
352,229,3,2
352,230,3,2
352,231,3,2
352,232,3,2
352,233,3,2
352,234,3,2
352,235,3,2
352,236,3,2
352,237,3,2
352,238,3,2
352,239,3,2
352,240,3,2
352,241,3,2
352,242,3,2
352,243,3,2
352,244,3,2
352,245,3,2
352,246,3,2
352,247,3,2
352,248,3,2
352,249,3,2
352,250,3,2
352,251,3,2
352,252,3,2
352,253,3,2
352,254,3,2
352,255,3,2
352,256,3,2
352,257,3,2
352,258,3,2
352,259,3,2
352,260,3,2
352,261,3,2
352,262,3,2
352,263,3,2
352,264,3,2
352,265,3,2
352,266,3,2
352,267,3,2
352,268,3,2
352,269,3,2
352,270,3,2
352,271,3,2
352,272,3,2
352,273,3,2
352,274,3,2
352,275,3,2
352,276,3,2
352,277,3,2
352,278,3,2
352,279,3,2
352,280,3,2
352,281,3,2
352,282,3,2
352,283,3,2
352,284,3,2
352,285,3,2
352,286,3,2
352,287,3,2
352,288,3,2
352,289,3,2
352,290,3,2
352,291,3,2
352,292,3,2
352,293,3,2
352,294,3,2
352,295,3,2
352,296,3,2
352,297,3,2
352,298,3,2
352,299,3,2
352,300,3,2
352,301,3,2
352,302,3,2
352,303,3,2
352,304,3,2
352,305,3,2
352,306,3,2
352,307,3,2
352,308,3,2
352,309,3,2
352,310,3,2
352,311,3,2
352,312,3,2
352,313,3,2
352,314,3,2
352,315,3,2
352,316,3,2
352,317,3,2
352,318,3,2
352,319,3,2
352,320,3,2
352,321,3,2
352,322,3,2
352,323,3,2
352,324,3,2
352,325,3,2
352,326,3,2
352,327,3,2
352,328,3,2
352,329,3,2
352,330,3,2
352,331,3,2
352,332,3,2
352,333,3,2
352,334,3,2
352,335,3,2
352,336,3,2
352,337,3,2
352,338,3,2
352,339,3,2
352,340,3,2
352,341,3,2
352,342,3,2
352,343,3,2
352,344,3,2
352,345,3,2
352,346,3,2
352,347,3,2
352,348,3,2
352,349,3,2
352,350,3,2
352,351,3,2
352,352,3,2
352,353,3,2
352,354,3,2
352,355,3,2
352,356,3,2
352,357,3,2
352,358,3,2
352,359,3,2
352,360,3,2
352,361,3,2
352,362,3,2
352,363,3,2
352,364,3,2
352,365,3,2
352,366,3,2
352,367,3,2
352,368,3,2
352,369,3,2
352,370,3,2
352,371,3,2
352,372,3,2
352,373,3,2
352,374,3,2
352,375,3,2
352,376,3,2
352,377,3,2
352,378,3,2
352,379,3,2
352,380,3,2
352,381,3,2
352,382,3,2
352,383,3,2
352,384,3,2
352,385,3,2
352,386,3,2
352,387,3,2
352,388,3,2
352,389,3,2
352,390,3,2
352,391,3,2
352,392,3,2
352,393,3,2
352,394,3,2
352,395,3,2
352,396,3,2
352,397,3,2
352,398,3,2
352,399,3,2
352,400,3,2
352,401,3,2
352,402,3,2
352,403,3,2
352,404,3,2
352,405,3,2
352,406,3,2
352,407,3,2
352,408,3,2
352,409,3,2
352,410,3,2
352,411,3,2
352,412,3,2
352,413,3,2
352,414,3,2
352,415,3,2
352,416,3,2
352,417,3,2
352,418,3,2
352,419,3,2
352,420,3,2
352,421,3,2
352,422,3,2
352,423,3,3
352,424,3,3
352,425,3,3
352,426,3,3
352,427,3,3
352,428,3,3
352,429,3,3
352,430,3,3
352,431,3,3
352,432,3,3
352,433,3,3
352,434,3,3
352,435,3,3
352,436,3,3
352,437,3,3
352,438,3,3
352,439,3,3
352,440,3,3
352,441,3,3
352,442,3,3
352,443,3,3
352,444,3,3
352,445,3,3
352,446,3,3
352,447,3,3
352,448,3,3
352,449,3,3
352,450,3,3
352,451,3,3
352,452,3,3
352,453,3,3
352,454,3,3
352,455,3,3
352,456,3,3
352,457,3,2
352,458,3,2
352,459,3,2
352,460,3,2
352,461,3,2
352,462,3,2
352,463,3,2
352,464,3,2
352,465,3,2
352,466,3,2
352,467,3,2
352,468,3,2
352,469,3,2
352,470,3,2
352,471,3,2
352,472,3,2
352,473,3,2
352,474,3,2
352,475,3,2
352,476,3,2
352,477,3,2
352,478,3,2
352,479,3,2
352,480,3,2
352,481,3,2
352,482,3,3
352,483,3,3
352,484,3,3
352,485,3,3
352,486,3,3
352,487,3,3
352,488,3,3
352,489,3,3
352,490,3,3
352,491,3,3
352,492,3,3
352,493,3,3
352,494,3,3
352,495,3,3
352,496,3,3
352,497,3,3
352,498,3,3
352,499,3,3
352,500,3,3
352,501,3,3
352,502,3,3
352,503,3,3
352,504,3,3
352,505,3,3
352,506,3,3
352,507,3,3
352,508,3,3
352,509,3,3
352,510,3,3
352,511,3,3
352,512,3,3
352,513,3,3
352,514,3,3
352,515,3,3
352,516,3,3
352,517,3,3
352,518,3,3
352,519,3,3
352,520,3,3
352,521,3,3
352,522,3,3
352,523,3,3
352,524,3,3
352,525,3,3
352,526,3,3
352,527,3,3
352,528,3,3
352,529,3,3
352,530,3,3
352,531,3,3
352,532,3,3
352,533,3,3
352,534,3,3
352,535,3,3
352,536,3,3
352,537,3,3
352,538,3,3
352,539,3,3
352,540,3,3
352,541,3,3
352,542,3,3
352,543,3,3
352,544,3,3
352,545,3,3
352,546,3,3
352,547,3,3
352,548,3,3
352,549,3,3
352,550,3,3
352,551,3,3
352,552,3,3
352,553,3,3
352,554,3,3
352,555,3,3
352,556,3,3
352,557,3,3
352,558,3,3
352,559,3,3
352,560,3,3
352,561,3,3
352,562,3,3
352,563,3,3
352,564,3,3
352,565,3,3
352,566,3,3
352,567,3,3
352,568,3,3
352,569,3,3
352,570,3,3
352,571,3,2
352,572,3,2
352,573,3,2
352,574,3,2
352,575,3,2
352,576,3,2
352,577,3,2
352,578,3,2
352,579,3,2
352,580,3,2
352,581,3,2
352,582,3,2
352,583,3,2
352,584,3,2
352,585,3,2
352,586,3,2
352,587,3,2
352,588,3,2
352,589,3,3
352,590,3,3
352,591,3,3
352,592,3,3
352,593,3,3
352,594,3,3
352,595,3,3
352,596,3,3
352,597,3,3
352,598,3,3
352,599,3,2
352,600,3,2
352,601,3,2
352,602,3,2
352,603,3,2
352,604,3,2
352,605,3,2
352,606,3,2
352,607,3,2
352,608,3,2
352,609,3,2
352,610,3,2
352,611,3,2
352,612,3,2
352,613,3,2
352,614,3,2
352,615,3,2
352,616,3,2
352,617,3,2
352,618,3,2
352,619,3,2
352,620,3,2
352,621,3,2
352,622,3,2
352,623,3,2
352,624,3,2
352,625,3,2
352,626,3,2
352,627,3,2
352,628,3,2
352,629,3,2
352,630,3,2
352,631,3,2
352,632,3,2
352,633,3,2
352,634,3,2
352,635,3,2
352,636,3,2
352,637,3,2
352,638,3,2
352,639,3,2
352,640,3,2
352,641,3,2
352,642,3,2
352,643,3,2
352,644,3,2
352,645,3,2
352,646,3,2
352,647,3,2
352,648,3,2
352,649,3,2
352,650,3,2
352,651,3,2
352,652,3,2
352,653,3,2
352,654,3,2
352,655,3,2
352,656,3,2
352,657,3,2
352,658,3,2
352,659,3,2
352,660,3,2
352,661,3,2
352,662,3,2
352,663,3,2
352,664,3,2
352,665,3,2
352,666,3,2
352,667,3,2
352,668,3,2
352,669,3,2
352,670,3,2
352,671,3,2
352,672,3,2
352,673,3,2
352,674,3,2
352,675,3,2
352,676,3,2
352,677,3,2
352,678,3,2
352,679,3,2
353,76,3,2
353,77,3,2
353,78,3,2
353,79,3,2
353,80,3,2
353,81,3,2
353,82,3,2
353,83,3,2
353,84,3,2
353,85,3,2
353,86,3,2
353,87,3,2
353,88,3,2
353,89,3,2
353,90,3,2
353,91,3,2
353,92,3,2
353,93,3,2
353,94,3,2
353,95,3,2
353,96,3,2
353,97,3,2
353,98,3,2
353,99,3,2
353,100,3,2
353,101,3,2
353,102,3,2
353,103,3,2
353,104,3,2
353,105,3,2
353,106,3,2
353,107,3,2
353,108,3,2
353,109,3,2
353,110,3,2
353,111,3,2
353,112,3,2
353,113,3,2
353,114,3,2
353,115,3,2
353,116,3,2
353,117,3,2
353,118,3,2
353,119,3,2
353,120,3,2
353,121,3,2
353,122,3,2
353,123,3,2
353,124,3,2
353,125,3,2
353,126,3,2
353,127,3,2
353,128,3,2
353,129,3,2
353,130,3,2
353,131,3,2
353,132,3,2
353,133,3,2
353,134,3,2
353,135,3,2
353,136,3,2
353,137,3,2
353,138,3,2
353,139,3,2
353,140,3,2
353,141,3,2
353,142,3,2
353,143,3,2
353,144,3,2
353,145,3,2
353,146,3,2
353,147,3,2
353,148,3,2
353,149,3,2
353,150,3,2
353,151,3,2
353,152,3,2
353,153,3,2
353,154,3,2
353,155,3,2
353,156,3,2
353,157,3,2
353,158,3,2
353,159,3,2
353,160,3,2
353,161,3,2
353,162,3,2
353,163,3,2
353,164,3,2
353,165,3,2
353,166,3,2
353,167,3,2
353,168,3,2
353,169,3,2
353,170,3,2
353,171,3,2
353,172,3,2
353,173,3,2
353,174,3,2
353,175,3,2
353,176,3,2
353,177,3,2
353,178,3,2
353,179,3,2
353,180,3,2
353,181,3,2
353,182,3,2
353,183,3,2
353,184,3,2
353,185,3,2
353,186,3,2
353,187,3,2
353,188,3,2
353,189,3,2
353,190,3,2
353,191,3,2
353,192,3,2
353,193,3,2
353,194,3,2
353,195,3,2
353,196,3,2
353,197,3,2
353,198,3,2
353,199,3,2
353,200,3,2
353,201,3,2
353,202,3,2
353,203,3,2
353,204,3,2
353,205,3,2
353,206,3,2
353,207,3,2
353,208,3,2
353,209,3,2
353,210,3,2
353,211,3,2
353,212,3,2
353,213,3,2
353,214,3,2
353,215,3,2
353,216,3,2
353,217,3,2
353,218,3,2
353,219,3,2
353,220,3,2
353,221,3,2
353,222,3,2
353,223,3,2
353,224,3,2
353,225,3,2
353,226,3,2
353,227,3,2
353,228,3,2
353,229,3,2
353,230,3,2
353,231,3,2
353,232,3,2
353,233,3,2
353,234,3,2
353,235,3,2
353,236,3,2
353,237,3,2
353,238,3,2
353,239,3,2
353,240,3,2
353,241,3,2
353,242,3,2
353,243,3,2
353,244,3,2
353,245,3,2
353,246,3,2
353,247,3,2
353,248,3,2
353,249,3,2
353,250,3,2
353,251,3,2
353,252,3,2
353,253,3,2
353,254,3,2
353,255,3,2
353,256,3,2
353,257,3,2
353,258,3,2
353,259,3,2
353,260,3,2
353,261,3,2
353,262,3,2
353,263,3,2
353,264,3,2
353,265,3,2
353,266,3,2
353,267,3,2
353,268,3,2
353,269,3,2
353,270,3,2
353,271,3,2
353,272,3,2
353,273,3,2
353,274,3,2
353,275,3,2
353,276,3,2
353,277,3,2
353,278,3,2
353,279,3,2
353,280,3,2
353,281,3,2
353,282,3,2
353,283,3,2
353,284,3,2
353,285,3,2
353,286,3,2
353,287,3,2
353,288,3,2
353,289,3,2
353,290,3,2
353,291,3,2
353,292,3,2
353,293,3,2
353,294,3,2
353,295,3,2
353,296,3,2
353,297,3,2
353,298,3,2
353,299,3,2
353,300,3,2
353,301,3,2
353,302,3,2
353,303,3,2
353,304,3,2
353,305,3,2
353,306,3,2
353,307,3,2
353,308,3,2
353,309,3,2
353,310,3,2
353,311,3,2
353,312,3,2
353,313,3,2
353,314,3,2
353,315,3,2
353,316,3,2
353,317,3,2
353,318,3,2
353,319,3,2
353,320,3,2
353,321,3,2
353,322,3,2
353,323,3,2
353,324,3,2
353,325,3,2
353,326,3,2
353,327,3,2
353,328,3,2
353,329,3,2
353,330,3,2
353,331,3,2
353,332,3,2
353,333,3,2
353,334,3,2
353,335,3,2
353,336,3,2
353,337,3,2
353,338,3,2
353,339,3,2
353,340,3,2
353,341,3,2
353,342,3,2
353,343,3,2
353,344,3,2
353,345,3,2
353,346,3,2
353,347,3,2
353,348,3,2
353,349,3,2
353,350,3,2
353,351,3,2
353,352,3,2
353,353,3,2
353,354,3,2
353,355,3,2
353,356,3,2
353,357,3,2
353,358,3,2
353,359,3,2
353,360,3,2
353,361,3,2
353,362,3,2
353,363,3,2
353,364,3,2
353,365,3,2
353,366,3,2
353,367,3,2
353,368,3,2
353,369,3,2
353,370,3,2
353,371,3,2
353,372,3,2
353,373,3,2
353,374,3,2
353,375,3,2
353,376,3,2
353,377,3,2
353,378,3,2
353,379,3,2
353,380,3,2
353,381,3,2
353,382,3,2
353,383,3,2
353,384,3,2
353,385,3,2
353,386,3,2
353,387,3,2
353,388,3,2
353,389,3,2
353,390,3,2
353,391,3,2
353,392,3,2
353,393,3,2
353,394,3,2
353,395,3,2
353,396,3,2
353,397,3,2
353,398,3,2
353,399,3,2
353,400,3,2
353,401,3,2
353,402,3,2
353,403,3,2
353,404,3,2
353,405,3,2
353,406,3,2
353,407,3,2
353,408,3,2
353,409,3,2
353,410,3,2
353,411,3,2
353,412,3,2
353,413,3,2
353,414,3,2
353,415,3,2
353,416,3,2
353,417,3,2
353,418,3,3
353,419,3,3
353,420,3,3
353,421,3,3
353,422,3,3
353,423,3,3
353,424,3,3
353,425,3,3
353,426,3,3
353,427,3,3
353,428,3,3
353,429,3,3
353,430,3,3
353,431,3,3
353,432,3,3
353,433,3,3
353,434,3,3
353,435,3,3
353,436,3,3
353,437,3,3
353,438,3,3
353,439,3,3
353,440,3,3
353,441,3,3
353,442,3,3
353,443,3,3
353,444,3,3
353,445,3,3
353,446,3,3
353,447,3,3
353,448,3,3
353,449,3,3
353,450,3,3
353,451,3,3
353,452,3,3
353,453,3,3
353,454,3,3
353,455,3,3
353,456,3,3
353,457,3,3
353,458,3,3
353,459,3,2
353,460,3,2
353,461,3,2
353,462,3,2
353,463,3,2
353,464,3,2
353,465,3,2
353,466,3,2
353,467,3,2
353,468,3,2
353,469,3,2
353,470,3,2
353,471,3,2
353,472,3,2
353,473,3,2
353,474,3,2
353,475,3,2
353,476,3,2
353,477,3,2
353,478,3,2
353,479,3,2
353,480,3,2
353,481,3,2
353,482,3,3
353,483,3,3
353,484,3,3
353,485,3,3
353,486,3,3
353,487,3,3
353,488,3,3
353,489,3,3
353,490,3,3
353,491,3,3
353,492,3,3
353,493,3,3
353,494,3,3
353,495,3,3
353,496,3,3
353,497,3,3
353,498,3,3
353,499,3,3
353,500,3,3
353,501,3,3
353,502,3,3
353,503,3,3
353,504,3,3
353,505,3,3
353,506,3,3
353,507,3,3
353,508,3,3
353,509,3,3
353,510,3,3
353,511,3,3
353,512,3,3
353,513,3,3
353,514,3,3
353,515,3,3
353,516,3,3
353,517,3,3
353,518,3,3
353,519,3,3
353,520,3,3
353,521,3,3
353,522,3,3
353,523,3,3
353,524,3,3
353,525,3,3
353,526,3,3
353,527,3,3
353,528,3,3
353,529,3,3
353,530,3,3
353,531,3,3
353,532,3,3
353,533,3,3
353,534,3,3
353,535,3,3
353,536,3,3
353,537,3,3
353,538,3,3
353,539,3,3
353,540,3,3
353,541,3,3
353,542,3,3
353,543,3,3
353,544,3,3
353,545,3,3
353,546,3,3
353,547,3,3
353,548,3,3
353,549,3,3
353,550,3,3
353,551,3,3
353,552,3,3
353,553,3,3
353,554,3,3
353,555,3,3
353,556,3,3
353,557,3,3
353,558,3,3
353,559,3,3
353,560,3,3
353,561,3,3
353,562,3,3
353,563,3,3
353,564,3,3
353,565,3,2
353,566,3,2
353,567,3,2
353,568,3,2
353,569,3,2
353,570,3,2
353,571,3,2
353,572,3,2
353,573,3,2
353,574,3,2
353,575,3,2
353,576,3,2
353,577,3,2
353,578,3,2
353,579,3,2
353,580,3,2
353,581,3,2
353,582,3,2
353,583,3,2
353,584,3,2
353,585,3,2
353,586,3,2
353,587,3,2
353,588,3,2
353,589,3,3
353,590,3,3
353,591,3,3
353,592,3,3
353,593,3,3
353,594,3,3
353,595,3,3
353,596,3,3
353,597,3,2
353,598,3,2
353,599,3,2
353,600,3,2
353,601,3,2
353,602,3,2
353,603,3,2
353,604,3,2
353,605,3,2
353,606,3,2
353,607,3,2
353,608,3,2
353,609,3,2
353,610,3,2
353,611,3,2
353,612,3,2
353,613,3,2
353,614,3,2
353,615,3,2
353,616,3,2
353,617,3,2
353,618,3,2
353,619,3,2
353,620,3,2
353,621,3,2
353,622,3,2
353,623,3,2
353,624,3,2
353,625,3,2
353,626,3,2
353,627,3,2
353,628,3,2
353,629,3,2
353,630,3,2
353,631,3,2
353,632,3,2
353,633,3,2
353,634,3,2
353,635,3,2
353,636,3,2
353,637,3,2
353,638,3,2
353,639,3,2
353,640,3,2
353,641,3,2
353,642,3,2
353,643,3,2
353,644,3,2
353,645,3,2
353,646,3,2
353,647,3,2
353,648,3,2
353,649,3,2
353,650,3,2
353,651,3,2
353,652,3,2
353,653,3,2
353,654,3,2
353,655,3,2
353,656,3,2
353,657,3,2
353,658,3,2
353,659,3,2
353,660,3,2
353,661,3,2
353,662,3,2
353,663,3,2
353,664,3,2
353,665,3,2
353,666,3,2
353,667,3,2
353,668,3,2
353,669,3,2
353,670,3,2
353,671,3,2
353,672,3,2
353,673,3,2
353,674,3,2
353,675,3,2
353,676,3,2
353,677,3,2
353,678,3,2
353,679,3,2
354,76,3,2
354,77,3,2
354,78,3,2
354,79,3,2
354,80,3,2
354,81,3,2
354,82,3,2
354,83,3,2
354,84,3,2
354,85,3,2
354,86,3,2
354,87,3,2
354,88,3,2
354,89,3,2
354,90,3,2
354,91,3,2
354,92,3,2
354,93,3,2
354,94,3,2
354,95,3,2
354,96,3,2
354,97,3,2
354,98,3,2
354,99,3,2
354,100,3,2
354,101,3,2
354,102,3,2
354,103,3,2
354,104,3,2
354,105,3,2
354,106,3,2
354,107,3,2
354,108,3,2
354,109,3,2
354,110,3,2
354,111,3,2
354,112,3,2
354,113,3,2
354,114,3,2
354,115,3,2
354,116,3,2
354,117,3,2
354,118,3,2
354,119,3,2
354,120,3,2
354,121,3,2
354,122,3,2
354,123,3,2
354,124,3,2
354,125,3,2
354,126,3,2
354,127,3,2
354,128,3,2
354,129,3,2
354,130,3,2
354,131,3,2
354,132,3,2
354,133,3,2
354,134,3,2
354,135,3,2
354,136,3,2
354,137,3,2
354,138,3,2
354,139,3,2
354,140,3,2
354,141,3,2
354,142,3,2
354,143,3,2
354,144,3,2
354,145,3,2
354,146,3,2
354,147,3,2
354,148,3,2
354,149,3,2
354,150,3,2
354,151,3,2
354,152,3,2
354,153,3,2
354,154,3,2
354,155,3,2
354,156,3,2
354,157,3,2
354,158,3,2
354,159,3,2
354,160,3,2
354,161,3,2
354,162,3,2
354,163,3,2
354,164,3,2
354,165,3,2
354,166,3,2
354,167,3,2
354,168,3,2
354,169,3,2
354,170,3,2
354,171,3,2
354,172,3,2
354,173,3,2
354,174,3,2
354,175,3,2
354,176,3,2
354,177,3,2
354,178,3,2
354,179,3,2
354,180,3,2
354,181,3,2
354,182,3,2
354,183,3,2
354,184,3,2
354,185,3,2
354,186,3,2
354,187,3,2
354,188,3,2
354,189,3,2
354,190,3,2
354,191,3,2
354,192,3,2
354,193,3,2
354,194,3,2
354,195,3,2
354,196,3,2
354,197,3,2
354,198,3,2
354,199,3,2
354,200,3,2
354,201,3,2
354,202,3,2
354,203,3,2
354,204,3,2
354,205,3,2
354,206,3,2
354,207,3,2
354,208,3,2
354,209,3,2
354,210,3,2
354,211,3,2
354,212,3,2
354,213,3,2
354,214,3,2
354,215,3,2
354,216,3,2
354,217,3,2
354,218,3,2
354,219,3,2
354,220,3,2
354,221,3,2
354,222,3,2
354,223,3,2
354,224,3,2
354,225,3,2
354,226,3,2
354,227,3,2
354,228,3,2
354,229,3,2
354,230,3,2
354,231,3,2
354,232,3,2
354,233,3,2
354,234,3,2
354,235,3,2
354,236,3,2
354,237,3,2
354,238,3,2
354,239,3,2
354,240,3,2
354,241,3,2
354,242,3,2
354,243,3,2
354,244,3,2
354,245,3,2
354,246,3,2
354,247,3,2
354,248,3,2
354,249,3,2
354,250,3,2
354,251,3,2
354,252,3,2
354,253,3,2
354,254,3,2
354,255,3,2
354,256,3,2
354,257,3,2
354,258,3,2
354,259,3,2
354,260,3,2
354,261,3,2
354,262,3,2
354,263,3,2
354,264,3,2
354,265,3,2
354,266,3,2
354,267,3,2
354,268,3,2
354,269,3,2
354,270,3,2
354,271,3,2
354,272,3,2
354,273,3,2
354,274,3,2
354,275,3,2
354,276,3,2
354,277,3,2
354,278,3,2
354,279,3,2
354,280,3,2
354,281,3,2
354,282,3,2
354,283,3,2
354,284,3,2
354,285,3,2
354,286,3,2
354,287,3,2
354,288,3,2
354,289,3,2
354,290,3,2
354,291,3,2
354,292,3,2
354,293,3,2
354,294,3,2
354,295,3,2
354,296,3,2
354,297,3,2
354,298,3,2
354,299,3,2
354,300,3,2
354,301,3,2
354,302,3,2
354,303,3,2
354,304,3,2
354,305,3,2
354,306,3,2
354,307,3,2
354,308,3,2
354,309,3,2
354,310,3,2
354,311,3,2
354,312,3,2
354,313,3,2
354,314,3,2
354,315,3,2
354,316,3,2
354,317,3,2
354,318,3,2
354,319,3,2
354,320,3,2
354,321,3,2
354,322,3,2
354,323,3,2
354,324,3,2
354,325,3,2
354,326,3,2
354,327,3,2
354,328,3,2
354,329,3,2
354,330,3,2
354,331,3,2
354,332,3,2
354,333,3,2
354,334,3,2
354,335,3,2
354,336,3,2
354,337,3,2
354,338,3,2
354,339,3,2
354,340,3,2
354,341,3,2
354,342,3,2
354,343,3,2
354,344,3,2
354,345,3,2
354,346,3,2
354,347,3,2
354,348,3,2
354,349,3,2
354,350,3,2
354,351,3,2
354,352,3,2
354,353,3,2
354,354,3,2
354,355,3,2
354,356,3,2
354,357,3,2
354,358,3,2
354,359,3,2
354,360,3,2
354,361,3,2
354,362,3,2
354,363,3,2
354,364,3,2
354,365,3,2
354,366,3,2
354,367,3,2
354,368,3,2
354,369,3,2
354,370,3,2
354,371,3,2
354,372,3,2
354,373,3,2
354,374,3,2
354,375,3,2
354,376,3,2
354,377,3,2
354,378,3,2
354,379,3,2
354,380,3,2
354,381,3,2
354,382,3,2
354,383,3,2
354,384,3,2
354,385,3,2
354,386,3,2
354,387,3,2
354,388,3,2
354,389,3,2
354,390,3,2
354,391,3,2
354,392,3,2
354,393,3,2
354,394,3,2
354,395,3,2
354,396,3,2
354,397,3,2
354,398,3,2
354,399,3,2
354,400,3,2
354,401,3,2
354,402,3,2
354,403,3,2
354,404,3,2
354,405,3,2
354,406,3,2
354,407,3,2
354,408,3,2
354,409,3,2
354,410,3,2
354,411,3,2
354,412,3,2
354,413,3,2
354,414,3,2
354,415,3,2
354,416,3,2
354,417,3,3
354,418,3,3
354,419,3,3
354,420,3,3
354,421,3,3
354,422,3,3
354,423,3,3
354,424,3,3
354,425,3,3
354,426,3,3
354,427,3,3
354,428,3,3
354,429,3,3
354,430,3,3
354,431,3,3
354,432,3,3
354,433,3,3
354,434,3,3
354,435,3,3
354,436,3,3
354,437,3,3
354,438,3,3
354,439,3,3
354,440,3,3
354,441,3,3
354,442,3,3
354,443,3,3
354,444,3,3
354,445,3,3
354,446,3,3
354,447,3,3
354,448,3,3
354,449,3,3
354,450,3,3
354,451,3,3
354,452,3,3
354,453,3,3
354,454,3,3
354,455,3,3
354,456,3,3
354,457,3,3
354,458,3,3
354,459,3,3
354,460,3,2
354,461,3,2
354,462,3,2
354,463,3,2
354,464,3,2
354,465,3,2
354,466,3,2
354,467,3,2
354,468,3,2
354,469,3,2
354,470,3,2
354,471,3,2
354,472,3,2
354,473,3,2
354,474,3,2
354,475,3,2
354,476,3,2
354,477,3,2
354,478,3,2
354,479,3,2
354,480,3,2
354,481,3,3
354,482,3,3
354,483,3,3
354,484,3,3
354,485,3,3
354,486,3,3
354,487,3,3
354,488,3,3
354,489,3,3
354,490,3,3
354,491,3,3
354,492,3,3
354,493,3,3
354,494,3,3
354,495,3,3
354,496,3,3
354,497,3,3
354,498,3,3
354,499,3,3
354,500,3,3
354,501,3,3
354,502,3,3
354,503,3,3
354,504,3,3
354,505,3,3
354,506,3,3
354,507,3,3
354,508,3,3
354,509,3,3
354,510,3,3
354,511,3,3
354,512,3,3
354,513,3,3
354,514,3,3
354,515,3,3
354,516,3,3
354,517,3,3
354,518,3,3
354,519,3,3
354,520,3,3
354,521,3,3
354,522,3,3
354,523,3,3
354,524,3,3
354,525,3,3
354,526,3,3
354,527,3,3
354,528,3,3
354,529,3,3
354,530,3,3
354,531,3,3
354,532,3,3
354,533,3,3
354,534,3,3
354,535,3,3
354,536,3,3
354,537,3,3
354,538,3,3
354,539,3,3
354,540,3,3
354,541,3,3
354,542,3,3
354,543,3,3
354,544,3,3
354,545,3,3
354,546,3,3
354,547,3,3
354,548,3,3
354,549,3,3
354,550,3,3
354,551,3,3
354,552,3,3
354,553,3,3
354,554,3,3
354,555,3,3
354,556,3,3
354,557,3,3
354,558,3,3
354,559,3,3
354,560,3,3
354,561,3,3
354,562,3,2
354,563,3,2
354,564,3,2
354,565,3,2
354,566,3,2
354,567,3,2
354,568,3,2
354,569,3,2
354,570,3,2
354,571,3,2
354,572,3,2
354,573,3,2
354,574,3,2
354,575,3,2
354,576,3,2
354,577,3,2
354,578,3,2
354,579,3,2
354,580,3,2
354,581,3,2
354,582,3,2
354,583,3,2
354,584,3,2
354,585,3,2
354,586,3,2
354,587,3,2
354,588,3,2
354,589,3,3
354,590,3,3
354,591,3,3
354,592,3,3
354,593,3,3
354,594,3,3
354,595,3,3
354,596,3,3
354,597,3,2
354,598,3,2
354,599,3,2
354,600,3,2
354,601,3,2
354,602,3,2
354,603,3,2
354,604,3,2
354,605,3,2
354,606,3,2
354,607,3,2
354,608,3,2
354,609,3,2
354,610,3,2
354,611,3,2
354,612,3,2
354,613,3,2
354,614,3,2
354,615,3,2
354,616,3,2
354,617,3,2
354,618,3,2
354,619,3,2
354,620,3,2
354,621,3,2
354,622,3,2
354,623,3,2
354,624,3,2
354,625,3,2
354,626,3,2
354,627,3,2
354,628,3,2
354,629,3,2
354,630,3,2
354,631,3,2
354,632,3,2
354,633,3,2
354,634,3,2
354,635,3,2
354,636,3,2
354,637,3,2
354,638,3,2
354,639,3,2
354,640,3,2
354,641,3,2
354,642,3,2
354,643,3,2
354,644,3,2
354,645,3,2
354,646,3,2
354,647,3,2
354,648,3,2
354,649,3,2
354,650,3,2
354,651,3,2
354,652,3,2
354,653,3,2
354,654,3,2
354,655,3,2
354,656,3,2
354,657,3,2
354,658,3,2
354,659,3,2
354,660,3,2
354,661,3,2
354,662,3,2
354,663,3,2
354,664,3,2
354,665,3,2
354,666,3,2
354,667,3,2
354,668,3,2
354,669,3,2
354,670,3,2
354,671,3,2
354,672,3,2
354,673,3,2
354,674,3,2
354,675,3,2
354,676,3,2
354,677,3,2
354,678,3,2
354,679,3,2
355,77,3,2
355,78,3,2
355,79,3,2
355,80,3,2
355,81,3,2
355,82,3,2
355,83,3,2
355,84,3,2
355,85,3,2
355,86,3,2
355,87,3,2
355,88,3,2
355,89,3,2
355,90,3,2
355,91,3,2
355,92,3,2
355,93,3,2
355,94,3,2
355,95,3,2
355,96,3,2
355,97,3,2
355,98,3,2
355,99,3,2
355,100,3,2
355,101,3,2
355,102,3,2
355,103,3,2
355,104,3,2
355,105,3,2
355,106,3,2
355,107,3,2
355,108,3,2
355,109,3,2
355,110,3,2
355,111,3,2
355,112,3,2
355,113,3,2
355,114,3,2
355,115,3,2
355,116,3,2
355,117,3,2
355,118,3,2
355,119,3,2
355,120,3,2
355,121,3,2
355,122,3,2
355,123,3,2
355,124,3,2
355,125,3,2
355,126,3,2
355,127,3,2
355,128,3,2
355,129,3,2
355,130,3,2
355,131,3,2
355,132,3,2
355,133,3,2
355,134,3,2
355,135,3,2
355,136,3,2
355,137,3,2
355,138,3,2
355,139,3,2
355,140,3,2
355,141,3,2
355,142,3,2
355,143,3,2
355,144,3,2
355,145,3,2
355,146,3,2
355,147,3,2
355,148,3,2
355,149,3,2
355,150,3,2
355,151,3,2
355,152,3,2
355,153,3,2
355,154,3,2
355,155,3,2
355,156,3,2
355,157,3,2
355,158,3,2
355,159,3,2
355,160,3,2
355,161,3,2
355,162,3,2
355,163,3,2
355,164,3,2
355,165,3,2
355,166,3,2
355,167,3,2
355,168,3,2
355,169,3,2
355,170,3,2
355,171,3,2
355,172,3,2
355,173,3,2
355,174,3,2
355,175,3,2
355,176,3,2
355,177,3,2
355,178,3,2
355,179,3,2
355,180,3,2
355,181,3,2
355,182,3,2
355,183,3,2
355,184,3,2
355,185,3,2
355,186,3,2
355,187,3,2
355,188,3,2
355,189,3,2
355,190,3,2
355,191,3,2
355,192,3,2
355,193,3,2
355,194,3,2
355,195,3,2
355,196,3,2
355,197,3,2
355,198,3,2
355,199,3,2
355,200,3,2
355,201,3,2
355,202,3,2
355,203,3,2
355,204,3,2
355,205,3,2
355,206,3,2
355,207,3,2
355,208,3,2
355,209,3,2
355,210,3,2
355,211,3,2
355,212,3,2
355,213,3,2
355,214,3,2
355,215,3,2
355,216,3,2
355,217,3,2
355,218,3,2
355,219,3,2
355,220,3,2
355,221,3,2
355,222,3,2
355,223,3,2
355,224,3,2
355,225,3,2
355,226,3,2
355,227,3,2
355,228,3,2
355,229,3,2
355,230,3,2
355,231,3,2
355,232,3,2
355,233,3,2
355,234,3,2
355,235,3,2
355,236,3,2
355,237,3,2
355,238,3,2
355,239,3,2
355,240,3,2
355,241,3,2
355,242,3,2
355,243,3,2
355,244,3,2
355,245,3,2
355,246,3,2
355,247,3,2
355,248,3,2
355,249,3,2
355,250,3,2
355,251,3,2
355,252,3,2
355,253,3,2
355,254,3,2
355,255,3,2
355,256,3,2
355,257,3,2
355,258,3,2
355,259,3,2
355,260,3,2
355,261,3,2
355,262,3,2
355,263,3,2
355,264,3,2
355,265,3,2
355,266,3,2
355,267,3,2
355,268,3,2
355,269,3,2
355,270,3,2
355,271,3,2
355,272,3,2
355,273,3,2
355,274,3,2
355,275,3,2
355,276,3,2
355,277,3,2
355,278,3,2
355,279,3,2
355,280,3,2
355,281,3,2
355,282,3,2
355,283,3,2
355,284,3,2
355,285,3,2
355,286,3,2
355,287,3,2
355,288,3,2
355,289,3,2
355,290,3,2
355,291,3,2
355,292,3,2
355,293,3,2
355,294,3,2
355,295,3,2
355,296,3,2
355,297,3,2
355,298,3,2
355,299,3,2
355,300,3,2
355,301,3,2
355,302,3,2
355,303,3,2
355,304,3,2
355,305,3,2
355,306,3,2
355,307,3,2
355,308,3,2
355,309,3,2
355,310,3,2
355,311,3,2
355,312,3,2
355,313,3,2
355,314,3,2
355,315,3,2
355,316,3,2
355,317,3,2
355,318,3,2
355,319,3,2
355,320,3,2
355,321,3,2
355,322,3,2
355,323,3,2
355,324,3,2
355,325,3,2
355,326,3,2
355,327,3,2
355,328,3,2
355,329,3,2
355,330,3,2
355,331,3,2
355,332,3,2
355,333,3,2
355,334,3,2
355,335,3,2
355,336,3,2
355,337,3,2
355,338,3,2
355,339,3,2
355,340,3,2
355,341,3,2
355,342,3,2
355,343,3,2
355,344,3,2
355,345,3,2
355,346,3,2
355,347,3,2
355,348,3,2
355,349,3,2
355,350,3,2
355,351,3,2
355,352,3,2
355,353,3,2
355,354,3,2
355,355,3,2
355,356,3,2
355,357,3,2
355,358,3,2
355,359,3,2
355,360,3,2
355,361,3,2
355,362,3,2
355,363,3,2
355,364,3,2
355,365,3,2
355,366,3,2
355,367,3,2
355,368,3,2
355,369,3,2
355,370,3,2
355,371,3,2
355,372,3,2
355,373,3,2
355,374,3,2
355,375,3,2
355,376,3,2
355,377,3,2
355,378,3,2
355,379,3,2
355,380,3,2
355,381,3,2
355,382,3,2
355,383,3,2
355,384,3,2
355,385,3,2
355,386,3,2
355,387,3,2
355,388,3,2
355,389,3,2
355,390,3,2
355,391,3,2
355,392,3,2
355,393,3,2
355,394,3,2
355,395,3,2
355,396,3,2
355,397,3,2
355,398,3,2
355,399,3,2
355,400,3,2
355,401,3,2
355,402,3,2
355,403,3,2
355,404,3,2
355,405,3,2
355,406,3,2
355,407,3,2
355,408,3,2
355,409,3,2
355,410,3,2
355,411,3,2
355,412,3,2
355,413,3,2
355,414,3,2
355,415,3,2
355,416,3,3
355,417,3,3
355,418,3,3
355,419,3,3
355,420,3,3
355,421,3,3
355,422,3,3
355,423,3,3
355,424,3,3
355,425,3,3
355,426,3,3
355,427,3,3
355,428,3,3
355,429,3,3
355,430,3,3
355,431,3,3
355,432,3,3
355,433,3,3
355,434,3,3
355,435,3,3
355,436,3,3
355,437,3,3
355,438,3,3
355,439,3,3
355,440,3,3
355,441,3,3
355,442,3,3
355,443,3,3
355,444,3,3
355,445,3,3
355,446,3,3
355,447,3,3
355,448,3,3
355,449,3,3
355,450,3,3
355,451,3,3
355,452,3,3
355,453,3,3
355,454,3,3
355,455,3,3
355,456,3,3
355,457,3,3
355,458,3,3
355,459,3,3
355,460,3,2
355,461,3,2
355,462,3,2
355,463,3,2
355,464,3,2
355,465,3,2
355,466,3,2
355,467,3,2
355,468,3,2
355,469,3,2
355,470,3,2
355,471,3,2
355,472,3,2
355,473,3,2
355,474,3,2
355,475,3,2
355,476,3,2
355,477,3,2
355,478,3,2
355,479,3,2
355,480,3,2
355,481,3,3
355,482,3,3
355,483,3,3
355,484,3,3
355,485,3,3
355,486,3,3
355,487,3,3
355,488,3,3
355,489,3,3
355,490,3,3
355,491,3,3
355,492,3,3
355,493,3,3
355,494,3,3
355,495,3,3
355,496,3,3
355,497,3,3
355,498,3,3
355,499,3,3
355,500,3,3
355,501,3,3
355,502,3,3
355,503,3,3
355,504,3,3
355,505,3,3
355,506,3,3
355,507,3,3
355,508,3,3
355,509,3,3
355,510,3,3
355,511,3,3
355,512,3,3
355,513,3,3
355,514,3,3
355,515,3,3
355,516,3,3
355,517,3,3
355,518,3,3
355,519,3,3
355,520,3,3
355,521,3,3
355,522,3,3
355,523,3,3
355,524,3,3
355,525,3,3
355,526,3,3
355,527,3,3
355,528,3,3
355,529,3,3
355,530,3,3
355,531,3,3
355,532,3,3
355,533,3,3
355,534,3,3
355,535,3,3
355,536,3,3
355,537,3,3
355,538,3,3
355,539,3,3
355,540,3,3
355,541,3,3
355,542,3,3
355,543,3,3
355,544,3,3
355,545,3,3
355,546,3,3
355,547,3,3
355,548,3,3
355,549,3,3
355,550,3,3
355,551,3,3
355,552,3,3
355,553,3,3
355,554,3,3
355,555,3,3
355,556,3,3
355,557,3,3
355,558,3,3
355,559,3,3
355,560,3,3
355,561,3,3
355,562,3,2
355,563,3,2
355,564,3,2
355,565,3,2
355,566,3,2
355,567,3,2
355,568,3,2
355,569,3,2
355,570,3,2
355,571,3,2
355,572,3,2
355,573,3,2
355,574,3,2
355,575,3,2
355,576,3,2
355,577,3,2
355,578,3,2
355,579,3,2
355,580,3,2
355,581,3,2
355,582,3,2
355,583,3,2
355,584,3,2
355,585,3,2
355,586,3,2
355,587,3,2
355,588,3,2
355,589,3,3
355,590,3,3
355,591,3,3
355,592,3,3
355,593,3,3
355,594,3,3
355,595,3,3
355,596,3,3
355,597,3,2
355,598,3,2
355,599,3,2
355,600,3,2
355,601,3,2
355,602,3,2
355,603,3,2
355,604,3,2
355,605,3,2
355,606,3,2
355,607,3,2
355,608,3,2
355,609,3,2
355,610,3,2
355,611,3,2
355,612,3,2
355,613,3,2
355,614,3,2
355,615,3,2
355,616,3,2
355,617,3,2
355,618,3,2
355,619,3,2
355,620,3,2
355,621,3,2
355,622,3,2
355,623,3,2
355,624,3,2
355,625,3,2
355,626,3,2
355,627,3,2
355,628,3,2
355,629,3,2
355,630,3,2
355,631,3,2
355,632,3,2
355,633,3,2
355,634,3,2
355,635,3,2
355,636,3,2
355,637,3,2
355,638,3,2
355,639,3,2
355,640,3,2
355,641,3,2
355,642,3,2
355,643,3,2
355,644,3,2
355,645,3,2
355,646,3,2
355,647,3,2
355,648,3,2
355,649,3,2
355,650,3,2
355,651,3,2
355,652,3,2
355,653,3,2
355,654,3,2
355,655,3,2
355,656,3,2
355,657,3,2
355,658,3,2
355,659,3,2
355,660,3,2
355,661,3,2
355,662,3,2
355,663,3,2
355,664,3,2
355,665,3,2
355,666,3,2
355,667,3,2
355,668,3,2
355,669,3,2
355,670,3,2
355,671,3,2
355,672,3,2
355,673,3,2
355,674,3,2
355,675,3,2
355,676,3,2
355,677,3,2
355,678,3,2
356,77,3,2
356,78,3,2
356,79,3,2
356,80,3,2
356,81,3,2
356,82,3,2
356,83,3,2
356,84,3,2
356,85,3,2
356,86,3,2
356,87,3,2
356,88,3,2
356,89,3,2
356,90,3,2
356,91,3,2
356,92,3,2
356,93,3,2
356,94,3,2
356,95,3,2
356,96,3,2
356,97,3,2
356,98,3,2
356,99,3,2
356,100,3,2
356,101,3,2
356,102,3,2
356,103,3,2
356,104,3,2
356,105,3,2
356,106,3,2
356,107,3,2
356,108,3,2
356,109,3,2
356,110,3,2
356,111,3,2
356,112,3,2
356,113,3,2
356,114,3,2
356,115,3,2
356,116,3,2
356,117,3,2
356,118,3,2
356,119,3,2
356,120,3,2
356,121,3,2
356,122,3,2
356,123,3,2
356,124,3,2
356,125,3,2
356,126,3,2
356,127,3,2
356,128,3,2
356,129,3,2
356,130,3,2
356,131,3,2
356,132,3,2
356,133,3,2
356,134,3,2
356,135,3,2
356,136,3,2
356,137,3,2
356,138,3,2
356,139,3,2
356,140,3,2
356,141,3,2
356,142,3,2
356,143,3,2
356,144,3,2
356,145,3,2
356,146,3,2
356,147,3,2
356,148,3,2
356,149,3,2
356,150,3,2
356,151,3,2
356,152,3,2
356,153,3,2
356,154,3,2
356,155,3,2
356,156,3,2
356,157,3,2
356,158,3,2
356,159,3,2
356,160,3,2
356,161,3,2
356,162,3,2
356,163,3,2
356,164,3,2
356,165,3,2
356,166,3,2
356,167,3,2
356,168,3,2
356,169,3,2
356,170,3,2
356,171,3,2
356,172,3,2
356,173,3,2
356,174,3,2
356,175,3,2
356,176,3,2
356,177,3,2
356,178,3,2
356,179,3,2
356,180,3,2
356,181,3,2
356,182,3,2
356,183,3,2
356,184,3,2
356,185,3,2
356,186,3,2
356,187,3,2
356,188,3,2
356,189,3,2
356,190,3,2
356,191,3,2
356,192,3,2
356,193,3,2
356,194,3,2
356,195,3,2
356,196,3,2
356,197,3,2
356,198,3,2
356,199,3,2
356,200,3,2
356,201,3,2
356,202,3,2
356,203,3,2
356,204,3,2
356,205,3,2
356,206,3,2
356,207,3,2
356,208,3,2
356,209,3,2
356,210,3,2
356,211,3,2
356,212,3,2
356,213,3,2
356,214,3,2
356,215,3,2
356,216,3,2
356,217,3,2
356,218,3,2
356,219,3,2
356,220,3,2
356,221,3,2
356,222,3,2
356,223,3,2
356,224,3,2
356,225,3,2
356,226,3,2
356,227,3,2
356,228,3,2
356,229,3,2
356,230,3,2
356,231,3,2
356,232,3,2
356,233,3,2
356,234,3,2
356,235,3,2
356,236,3,2
356,237,3,2
356,238,3,2
356,239,3,2
356,240,3,2
356,241,3,2
356,242,3,2
356,243,3,2
356,244,3,2
356,245,3,2
356,246,3,2
356,247,3,2
356,248,3,2
356,249,3,2
356,250,3,2
356,251,3,2
356,252,3,2
356,253,3,2
356,254,3,2
356,255,3,2
356,256,3,2
356,257,3,2
356,258,3,2
356,259,3,2
356,260,3,2
356,261,3,2
356,262,3,2
356,263,3,2
356,264,3,2
356,265,3,2
356,266,3,2
356,267,3,2
356,268,3,2
356,269,3,2
356,270,3,2
356,271,3,2
356,272,3,2
356,273,3,2
356,274,3,2
356,275,3,2
356,276,3,2
356,277,3,2
356,278,3,2
356,279,3,2
356,280,3,2
356,281,3,2
356,282,3,2
356,283,3,2
356,284,3,2
356,285,3,2
356,286,3,2
356,287,3,2
356,288,3,2
356,289,3,2
356,290,3,2
356,291,3,2
356,292,3,2
356,293,3,2
356,294,3,2
356,295,3,2
356,296,3,2
356,297,3,2
356,298,3,2
356,299,3,2
356,300,3,2
356,301,3,2
356,302,3,2
356,303,3,2
356,304,3,2
356,305,3,2
356,306,3,2
356,307,3,2
356,308,3,2
356,309,3,2
356,310,3,2
356,311,3,2
356,312,3,2
356,313,3,2
356,314,3,2
356,315,3,2
356,316,3,2
356,317,3,2
356,318,3,2
356,319,3,2
356,320,3,2
356,321,3,2
356,322,3,2
356,323,3,2
356,324,3,2
356,325,3,2
356,326,3,2
356,327,3,2
356,328,3,2
356,329,3,2
356,330,3,2
356,331,3,2
356,332,3,2
356,333,3,2
356,334,3,2
356,335,3,2
356,336,3,2
356,337,3,2
356,338,3,2
356,339,3,2
356,340,3,2
356,341,3,2
356,342,3,2
356,343,3,2
356,344,3,2
356,345,3,2
356,346,3,2
356,347,3,2
356,348,3,2
356,349,3,2
356,350,3,2
356,351,3,2
356,352,3,2
356,353,3,2
356,354,3,2
356,355,3,2
356,356,3,2
356,357,3,2
356,358,3,2
356,359,3,2
356,360,3,2
356,361,3,2
356,362,3,2
356,363,3,2
356,364,3,2
356,365,3,2
356,366,3,2
356,367,3,2
356,368,3,2
356,369,3,2
356,370,3,2
356,371,3,2
356,372,3,2
356,373,3,2
356,374,3,2
356,375,3,2
356,376,3,2
356,377,3,2
356,378,3,2
356,379,3,2
356,380,3,2
356,381,3,2
356,382,3,2
356,383,3,2
356,384,3,2
356,385,3,2
356,386,3,2
356,387,3,2
356,388,3,2
356,389,3,2
356,390,3,2
356,391,3,2
356,392,3,2
356,393,3,2
356,394,3,2
356,395,3,2
356,396,3,2
356,397,3,2
356,398,3,2
356,399,3,2
356,400,3,2
356,401,3,2
356,402,3,2
356,403,3,2
356,404,3,2
356,405,3,2
356,406,3,2
356,407,3,2
356,408,3,2
356,409,3,2
356,410,3,2
356,411,3,2
356,412,3,2
356,413,3,2
356,414,3,2
356,415,3,3
356,416,3,3
356,417,3,3
356,418,3,3
356,419,3,3
356,420,3,3
356,421,3,3
356,422,3,3
356,423,3,3
356,424,3,3
356,425,3,3
356,426,3,3
356,427,3,3
356,428,3,3
356,429,3,3
356,430,3,3
356,431,3,3
356,432,3,3
356,433,3,3
356,434,3,3
356,435,3,3
356,436,3,3
356,437,3,3
356,438,3,3
356,439,3,3
356,440,3,3
356,441,3,3
356,442,3,3
356,443,3,3
356,444,3,3
356,445,3,3
356,446,3,3
356,447,3,3
356,448,3,3
356,449,3,3
356,450,3,3
356,451,3,3
356,452,3,3
356,453,3,3
356,454,3,3
356,455,3,3
356,456,3,3
356,457,3,3
356,458,3,3
356,459,3,3
356,460,3,2
356,461,3,2
356,462,3,2
356,463,3,2
356,464,3,2
356,465,3,2
356,466,3,2
356,467,3,2
356,468,3,2
356,469,3,2
356,470,3,2
356,471,3,2
356,472,3,2
356,473,3,2
356,474,3,2
356,475,3,2
356,476,3,2
356,477,3,2
356,478,3,2
356,479,3,2
356,480,3,2
356,481,3,3
356,482,3,3
356,483,3,3
356,484,3,3
356,485,3,3
356,486,3,3
356,487,3,3
356,488,3,3
356,489,3,3
356,490,3,3
356,491,3,3
356,492,3,3
356,493,3,3
356,494,3,3
356,495,3,3
356,496,3,3
356,497,3,3
356,498,3,3
356,499,3,3
356,500,3,3
356,501,3,3
356,502,3,3
356,503,3,3
356,504,3,3
356,505,3,3
356,506,3,3
356,507,3,3
356,508,3,3
356,509,3,3
356,510,3,3
356,511,3,3
356,512,3,3
356,513,3,3
356,514,3,3
356,515,3,3
356,516,3,3
356,517,3,3
356,518,3,3
356,519,3,3
356,520,3,3
356,521,3,3
356,522,3,3
356,523,3,3
356,524,3,3
356,525,3,3
356,526,3,3
356,527,3,3
356,528,3,3
356,529,3,3
356,530,3,3
356,531,3,3
356,532,3,3
356,533,3,3
356,534,3,3
356,535,3,3
356,536,3,3
356,537,3,3
356,538,3,3
356,539,3,3
356,540,3,3
356,541,3,3
356,542,3,3
356,543,3,3
356,544,3,3
356,545,3,3
356,546,3,3
356,547,3,3
356,548,3,3
356,549,3,3
356,550,3,3
356,551,3,3
356,552,3,3
356,553,3,3
356,554,3,3
356,555,3,3
356,556,3,3
356,557,3,3
356,558,3,3
356,559,3,3
356,560,3,3
356,561,3,3
356,562,3,2
356,563,3,2
356,564,3,2
356,565,3,2
356,566,3,2
356,567,3,2
356,568,3,2
356,569,3,2
356,570,3,2
356,571,3,2
356,572,3,2
356,573,3,2
356,574,3,2
356,575,3,2
356,576,3,2
356,577,3,2
356,578,3,2
356,579,3,2
356,580,3,2
356,581,3,2
356,582,3,2
356,583,3,2
356,584,3,2
356,585,3,2
356,586,3,2
356,587,3,2
356,588,3,2
356,589,3,2
356,590,3,3
356,591,3,2
356,592,3,3
356,593,3,3
356,594,3,3
356,595,3,3
356,596,3,2
356,597,3,2
356,598,3,2
356,599,3,2
356,600,3,2
356,601,3,2
356,602,3,2
356,603,3,2
356,604,3,2
356,605,3,2
356,606,3,2
356,607,3,2
356,608,3,2
356,609,3,2
356,610,3,2
356,611,3,2
356,612,3,2
356,613,3,2
356,614,3,2
356,615,3,2
356,616,3,2
356,617,3,2
356,618,3,2
356,619,3,2
356,620,3,2
356,621,3,2
356,622,3,2
356,623,3,2
356,624,3,2
356,625,3,2
356,626,3,2
356,627,3,2
356,628,3,2
356,629,3,2
356,630,3,2
356,631,3,2
356,632,3,2
356,633,3,2
356,634,3,2
356,635,3,2
356,636,3,2
356,637,3,2
356,638,3,2
356,639,3,2
356,640,3,2
356,641,3,2
356,642,3,2
356,643,3,2
356,644,3,2
356,645,3,2
356,646,3,2
356,647,3,2
356,648,3,2
356,649,3,2
356,650,3,2
356,651,3,2
356,652,3,2
356,653,3,2
356,654,3,2
356,655,3,2
356,656,3,2
356,657,3,2
356,658,3,2
356,659,3,2
356,660,3,2
356,661,3,2
356,662,3,2
356,663,3,2
356,664,3,2
356,665,3,2
356,666,3,2
356,667,3,2
356,668,3,2
356,669,3,2
356,670,3,2
356,671,3,2
356,672,3,2
356,673,3,2
356,674,3,2
356,675,3,2
356,676,3,2
356,677,3,2
356,678,3,2
357,77,3,2
357,78,3,2
357,79,3,2
357,80,3,2
357,81,3,2
357,82,3,2
357,83,3,2
357,84,3,2
357,85,3,2
357,86,3,2
357,87,3,2
357,88,3,2
357,89,3,2
357,90,3,2
357,91,3,2
357,92,3,2
357,93,3,2
357,94,3,2
357,95,3,2
357,96,3,2
357,97,3,2
357,98,3,2
357,99,3,2
357,100,3,2
357,101,3,2
357,102,3,2
357,103,3,2
357,104,3,2
357,105,3,2
357,106,3,2
357,107,3,2
357,108,3,2
357,109,3,2
357,110,3,2
357,111,3,2
357,112,3,2
357,113,3,2
357,114,3,2
357,115,3,2
357,116,3,2
357,117,3,2
357,118,3,2
357,119,3,2
357,120,3,2
357,121,3,2
357,122,3,2
357,123,3,2
357,124,3,2
357,125,3,2
357,126,3,2
357,127,3,2
357,128,3,2
357,129,3,2
357,130,3,2
357,131,3,2
357,132,3,2
357,133,3,2
357,134,3,2
357,135,3,2
357,136,3,2
357,137,3,2
357,138,3,2
357,139,3,2
357,140,3,2
357,141,3,2
357,142,3,2
357,143,3,2
357,144,3,2
357,145,3,2
357,146,3,2
357,147,3,2
357,148,3,2
357,149,3,2
357,150,3,2
357,151,3,2
357,152,3,2
357,153,3,2
357,154,3,2
357,155,3,2
357,156,3,2
357,157,3,2
357,158,3,2
357,159,3,2
357,160,3,2
357,161,3,2
357,162,3,2
357,163,3,2
357,164,3,2
357,165,3,2
357,166,3,2
357,167,3,2
357,168,3,2
357,169,3,2
357,170,3,2
357,171,3,2
357,172,3,2
357,173,3,2
357,174,3,2
357,175,3,2
357,176,3,2
357,177,3,2
357,178,3,2
357,179,3,2
357,180,3,2
357,181,3,2
357,182,3,2
357,183,3,2
357,184,3,2
357,185,3,2
357,186,3,2
357,187,3,2
357,188,3,2
357,189,3,2
357,190,3,2
357,191,3,2
357,192,3,2
357,193,3,2
357,194,3,2
357,195,3,2
357,196,3,2
357,197,3,2
357,198,3,2
357,199,3,2
357,200,3,2
357,201,3,2
357,202,3,2
357,203,3,2
357,204,3,2
357,205,3,2
357,206,3,2
357,207,3,2
357,208,3,2
357,209,3,2
357,210,3,2
357,211,3,2
357,212,3,2
357,213,3,2
357,214,3,2
357,215,3,2
357,216,3,2
357,217,3,2
357,218,3,2
357,219,3,2
357,220,3,2
357,221,3,2
357,222,3,2
357,223,3,2
357,224,3,2
357,225,3,2
357,226,3,2
357,227,3,2
357,228,3,2
357,229,3,2
357,230,3,2
357,231,3,2
357,232,3,2
357,233,3,2
357,234,3,2
357,235,3,2
357,236,3,2
357,237,3,2
357,238,3,2
357,239,3,2
357,240,3,2
357,241,3,2
357,242,3,2
357,243,3,2
357,244,3,2
357,245,3,2
357,246,3,2
357,247,3,2
357,248,3,2
357,249,3,2
357,250,3,2
357,251,3,2
357,252,3,2
357,253,3,2
357,254,3,2
357,255,3,2
357,256,3,2
357,257,3,2
357,258,3,2
357,259,3,2
357,260,3,2
357,261,3,2
357,262,3,2
357,263,3,2
357,264,3,2
357,265,3,2
357,266,3,2
357,267,3,2
357,268,3,2
357,269,3,2
357,270,3,2
357,271,3,2
357,272,3,2
357,273,3,2
357,274,3,2
357,275,3,2
357,276,3,2
357,277,3,2
357,278,3,2
357,279,3,2
357,280,3,2
357,281,3,2
357,282,3,2
357,283,3,2
357,284,3,2
357,285,3,2
357,286,3,2
357,287,3,2
357,288,3,2
357,289,3,2
357,290,3,2
357,291,3,2
357,292,3,2
357,293,3,2
357,294,3,2
357,295,3,2
357,296,3,2
357,297,3,2
357,298,3,2
357,299,3,2
357,300,3,2
357,301,3,2
357,302,3,2
357,303,3,2
357,304,3,2
357,305,3,2
357,306,3,2
357,307,3,2
357,308,3,2
357,309,3,2
357,310,3,2
357,311,3,2
357,312,3,2
357,313,3,2
357,314,3,2
357,315,3,2
357,316,3,2
357,317,3,2
357,318,3,2
357,319,3,2
357,320,3,2
357,321,3,2
357,322,3,2
357,323,3,2
357,324,3,2
357,325,3,2
357,326,3,2
357,327,3,2
357,328,3,2
357,329,3,2
357,330,3,2
357,331,3,2
357,332,3,2
357,333,3,2
357,334,3,2
357,335,3,2
357,336,3,2
357,337,3,2
357,338,3,2
357,339,3,2
357,340,3,2
357,341,3,2
357,342,3,2
357,343,3,2
357,344,3,2
357,345,3,2
357,346,3,2
357,347,3,2
357,348,3,2
357,349,3,2
357,350,3,2
357,351,3,2
357,352,3,2
357,353,3,2
357,354,3,2
357,355,3,2
357,356,3,2
357,357,3,2
357,358,3,2
357,359,3,2
357,360,3,2
357,361,3,2
357,362,3,2
357,363,3,2
357,364,3,2
357,365,3,2
357,366,3,2
357,367,3,2
357,368,3,2
357,369,3,2
357,370,3,2
357,371,3,2
357,372,3,2
357,373,3,2
357,374,3,2
357,375,3,2
357,376,3,2
357,377,3,2
357,378,3,2
357,379,3,2
357,380,3,2
357,381,3,2
357,382,3,2
357,383,3,2
357,384,3,2
357,385,3,2
357,386,3,2
357,387,3,2
357,388,3,2
357,389,3,2
357,390,3,2
357,391,3,2
357,392,3,2
357,393,3,2
357,394,3,2
357,395,3,2
357,396,3,2
357,397,3,2
357,398,3,2
357,399,3,2
357,400,3,2
357,401,3,2
357,402,3,2
357,403,3,2
357,404,3,2
357,405,3,2
357,406,3,2
357,407,3,2
357,408,3,2
357,409,3,2
357,410,3,2
357,411,3,2
357,412,3,2
357,413,3,2
357,414,3,3
357,415,3,3
357,416,3,3
357,417,3,3
357,418,3,3
357,419,3,3
357,420,3,3
357,421,3,3
357,422,3,3
357,423,3,3
357,424,3,3
357,425,3,3
357,426,3,3
357,427,3,3
357,428,3,3
357,429,3,3
357,430,3,3
357,431,3,3
357,432,3,3
357,433,3,3
357,434,3,3
357,435,3,3
357,436,3,3
357,437,3,3
357,438,3,3
357,439,3,3
357,440,3,3
357,441,3,3
357,442,3,3
357,443,3,3
357,444,3,3
357,445,3,3
357,446,3,3
357,447,3,3
357,448,3,3
357,449,3,3
357,450,3,3
357,451,3,3
357,452,3,3
357,453,3,3
357,454,3,3
357,455,3,3
357,456,3,3
357,457,3,3
357,458,3,3
357,459,3,3
357,460,3,3
357,461,3,2
357,462,3,2
357,463,3,2
357,464,3,2
357,465,3,2
357,466,3,2
357,467,3,2
357,468,3,2
357,469,3,2
357,470,3,2
357,471,3,2
357,472,3,2
357,473,3,2
357,474,3,2
357,475,3,2
357,476,3,2
357,477,3,2
357,478,3,2
357,479,3,2
357,480,3,3
357,481,3,3
357,482,3,3
357,483,3,3
357,484,3,3
357,485,3,3
357,486,3,3
357,487,3,3
357,488,3,3
357,489,3,3
357,490,3,3
357,491,3,3
357,492,3,3
357,493,3,3
357,494,3,3
357,495,3,3
357,496,3,3
357,497,3,3
357,498,3,3
357,499,3,3
357,500,3,3
357,501,3,3
357,502,3,3
357,503,3,3
357,504,3,3
357,505,3,3
357,506,3,3
357,507,3,3
357,508,3,3
357,509,3,3
357,510,3,3
357,511,3,3
357,512,3,3
357,513,3,3
357,514,3,3
357,515,3,3
357,516,3,3
357,517,3,3
357,518,3,3
357,519,3,3
357,520,3,3
357,521,3,3
357,522,3,3
357,523,3,3
357,524,3,3
357,525,3,3
357,526,3,3
357,527,3,3
357,528,3,3
357,529,3,3
357,530,3,3
357,531,3,3
357,532,3,3
357,533,3,3
357,534,3,3
357,535,3,3
357,536,3,3
357,537,3,3
357,538,3,3
357,539,3,3
357,540,3,3
357,541,3,3
357,542,3,3
357,543,3,3
357,544,3,3
357,545,3,3
357,546,3,3
357,547,3,3
357,548,3,3
357,549,3,3
357,550,3,3
357,551,3,3
357,552,3,3
357,553,3,3
357,554,3,3
357,555,3,3
357,556,3,3
357,557,3,3
357,558,3,3
357,559,3,3
357,560,3,3
357,561,3,3
357,562,3,2
357,563,3,2
357,564,3,2
357,565,3,2
357,566,3,2
357,567,3,2
357,568,3,2
357,569,3,2
357,570,3,2
357,571,3,2
357,572,3,2
357,573,3,2
357,574,3,2
357,575,3,2
357,576,3,2
357,577,3,2
357,578,3,2
357,579,3,2
357,580,3,2
357,581,3,2
357,582,3,2
357,583,3,2
357,584,3,2
357,585,3,2
357,586,3,2
357,587,3,2
357,588,3,2
357,589,3,2
357,590,3,2
357,591,3,2
357,592,3,2
357,593,3,2
357,594,3,2
357,595,3,2
357,596,3,2
357,597,3,2
357,598,3,2
357,599,3,2
357,600,3,2
357,601,3,2
357,602,3,2
357,603,3,2
357,604,3,2
357,605,3,2
357,606,3,2
357,607,3,2
357,608,3,2
357,609,3,2
357,610,3,2
357,611,3,2
357,612,3,2
357,613,3,2
357,614,3,2
357,615,3,2
357,616,3,2
357,617,3,2
357,618,3,2
357,619,3,2
357,620,3,2
357,621,3,2
357,622,3,2
357,623,3,2
357,624,3,2
357,625,3,2
357,626,3,2
357,627,3,2
357,628,3,2
357,629,3,2
357,630,3,2
357,631,3,2
357,632,3,2
357,633,3,2
357,634,3,2
357,635,3,2
357,636,3,2
357,637,3,2
357,638,3,2
357,639,3,2
357,640,3,2
357,641,3,2
357,642,3,2
357,643,3,2
357,644,3,2
357,645,3,2
357,646,3,2
357,647,3,2
357,648,3,2
357,649,3,2
357,650,3,2
357,651,3,2
357,652,3,2
357,653,3,2
357,654,3,2
357,655,3,2
357,656,3,2
357,657,3,2
357,658,3,2
357,659,3,2
357,660,3,2
357,661,3,2
357,662,3,2
357,663,3,2
357,664,3,2
357,665,3,2
357,666,3,2
357,667,3,2
357,668,3,2
357,669,3,2
357,670,3,2
357,671,3,2
357,672,3,2
357,673,3,2
358,76,3,2
358,77,3,2
358,78,3,2
358,79,3,2
358,80,3,2
358,81,3,2
358,82,3,2
358,83,3,2
358,84,3,2
358,85,3,2
358,86,3,2
358,87,3,2
358,88,3,2
358,89,3,2
358,90,3,2
358,91,3,2
358,92,3,2
358,93,3,2
358,94,3,2
358,95,3,2
358,96,3,2
358,97,3,2
358,98,3,2
358,99,3,2
358,100,3,2
358,101,3,2
358,102,3,2
358,103,3,2
358,104,3,2
358,105,3,2
358,106,3,2
358,107,3,2
358,108,3,2
358,109,3,2
358,110,3,2
358,111,3,2
358,112,3,2
358,113,3,2
358,114,3,2
358,115,3,2
358,116,3,2
358,117,3,2
358,118,3,2
358,119,3,2
358,120,3,2
358,121,3,2
358,122,3,2
358,123,3,2
358,124,3,2
358,125,3,2
358,126,3,2
358,127,3,2
358,128,3,2
358,129,3,2
358,130,3,2
358,131,3,2
358,132,3,2
358,133,3,2
358,134,3,2
358,135,3,2
358,136,3,2
358,137,3,2
358,138,3,2
358,139,3,2
358,140,3,2
358,141,3,2
358,142,3,2
358,143,3,2
358,144,3,2
358,145,3,2
358,146,3,2
358,147,3,2
358,148,3,2
358,149,3,2
358,150,3,2
358,151,3,2
358,152,3,2
358,153,3,2
358,154,3,2
358,155,3,2
358,156,3,2
358,157,3,2
358,158,3,2
358,159,3,2
358,160,3,2
358,161,3,2
358,162,3,2
358,163,3,2
358,164,3,2
358,165,3,2
358,166,3,2
358,167,3,2
358,168,3,2
358,169,3,2
358,170,3,2
358,171,3,2
358,172,3,2
358,173,3,2
358,174,3,2
358,175,3,2
358,176,3,2
358,177,3,2
358,178,3,2
358,179,3,2
358,180,3,2
358,181,3,2
358,182,3,2
358,183,3,2
358,184,3,2
358,185,3,2
358,186,3,2
358,187,3,2
358,188,3,2
358,189,3,2
358,190,3,2
358,191,3,2
358,192,3,2
358,193,3,2
358,194,3,2
358,195,3,2
358,196,3,2
358,197,3,2
358,198,3,2
358,199,3,2
358,200,3,2
358,201,3,2
358,202,3,2
358,203,3,2
358,204,3,2
358,205,3,2
358,206,3,2
358,207,3,2
358,208,3,2
358,209,3,2
358,210,3,2
358,211,3,2
358,212,3,2
358,213,3,2
358,214,3,2
358,215,3,2
358,216,3,2
358,217,3,2
358,218,3,2
358,219,3,2
358,220,3,2
358,221,3,2
358,222,3,2
358,223,3,2
358,224,3,2
358,225,3,2
358,226,3,2
358,227,3,2
358,228,3,2
358,229,3,2
358,230,3,2
358,231,3,2
358,232,3,2
358,233,3,2
358,234,3,2
358,235,3,2
358,236,3,2
358,237,3,2
358,238,3,2
358,239,3,2
358,240,3,2
358,241,3,2
358,242,3,2
358,243,3,2
358,244,3,2
358,245,3,2
358,246,3,2
358,247,3,2
358,248,3,2
358,249,3,2
358,250,3,2
358,251,3,2
358,252,3,2
358,253,3,2
358,254,3,2
358,255,3,2
358,256,3,2
358,257,3,2
358,258,3,2
358,259,3,2
358,260,3,2
358,261,3,2
358,262,3,2
358,263,3,2
358,264,3,2
358,265,3,2
358,266,3,2
358,267,3,2
358,268,3,2
358,269,3,2
358,270,3,2
358,271,3,2
358,272,3,2
358,273,3,2
358,274,3,2
358,275,3,2
358,276,3,2
358,277,3,2
358,278,3,2
358,279,3,2
358,280,3,2
358,281,3,2
358,282,3,2
358,283,3,2
358,284,3,2
358,285,3,2
358,286,3,2
358,287,3,2
358,288,3,2
358,289,3,2
358,290,3,2
358,291,3,2
358,292,3,2
358,293,3,2
358,294,3,2
358,295,3,2
358,296,3,2
358,297,3,2
358,298,3,2
358,299,3,2
358,300,3,2
358,301,3,2
358,302,3,2
358,303,3,2
358,304,3,2
358,305,3,2
358,306,3,2
358,307,3,2
358,308,3,2
358,309,3,2
358,310,3,2
358,311,3,2
358,312,3,2
358,313,3,2
358,314,3,2
358,315,3,2
358,316,3,2
358,317,3,2
358,318,3,2
358,319,3,2
358,320,3,2
358,321,3,2
358,322,3,2
358,323,3,2
358,324,3,2
358,325,3,2
358,326,3,2
358,327,3,2
358,328,3,2
358,329,3,2
358,330,3,2
358,331,3,2
358,332,3,2
358,333,3,2
358,334,3,2
358,335,3,2
358,336,3,2
358,337,3,2
358,338,3,2
358,339,3,2
358,340,3,2
358,341,3,2
358,342,3,2
358,343,3,2
358,344,3,2
358,345,3,2
358,346,3,2
358,347,3,2
358,348,3,2
358,349,3,2
358,350,3,2
358,351,3,2
358,352,3,2
358,353,3,2
358,354,3,2
358,355,3,2
358,356,3,2
358,357,3,2
358,358,3,2
358,359,3,2
358,360,3,2
358,361,3,2
358,362,3,2
358,363,3,2
358,364,3,2
358,365,3,2
358,366,3,2
358,367,3,2
358,368,3,2
358,369,3,2
358,370,3,2
358,371,3,2
358,372,3,2
358,373,3,2
358,374,3,2
358,375,3,2
358,376,3,2
358,377,3,2
358,378,3,2
358,379,3,2
358,380,3,2
358,381,3,2
358,382,3,2
358,383,3,2
358,384,3,2
358,385,3,2
358,386,3,2
358,387,3,2
358,388,3,2
358,389,3,2
358,390,3,2
358,391,3,2
358,392,3,2
358,393,3,2
358,394,3,2
358,395,3,2
358,396,3,2
358,397,3,2
358,398,3,2
358,399,3,2
358,400,3,2
358,401,3,2
358,402,3,2
358,403,3,2
358,404,3,2
358,405,3,2
358,406,3,2
358,407,3,2
358,408,3,2
358,409,3,2
358,410,3,2
358,411,3,2
358,412,3,2
358,413,3,3
358,414,3,3
358,415,3,3
358,416,3,3
358,417,3,3
358,418,3,3
358,419,3,3
358,420,3,3
358,421,3,3
358,422,3,3
358,423,3,3
358,424,3,3
358,425,3,3
358,426,3,3
358,427,3,3
358,428,3,3
358,429,3,3
358,430,3,3
358,431,3,3
358,432,3,3
358,433,3,3
358,434,3,3
358,435,3,3
358,436,3,3
358,437,3,3
358,438,3,3
358,439,3,3
358,440,3,3
358,441,3,3
358,442,3,3
358,443,3,3
358,444,3,3
358,445,3,3
358,446,3,3
358,447,3,3
358,448,3,3
358,449,3,3
358,450,3,3
358,451,3,3
358,452,3,3
358,453,3,3
358,454,3,3
358,455,3,3
358,456,3,3
358,457,3,3
358,458,3,3
358,459,3,3
358,460,3,3
358,461,3,2
358,462,3,2
358,463,3,2
358,464,3,2
358,465,3,2
358,466,3,2
358,467,3,2
358,468,3,2
358,469,3,2
358,470,3,2
358,471,3,2
358,472,3,2
358,473,3,2
358,474,3,2
358,475,3,2
358,476,3,2
358,477,3,2
358,478,3,2
358,479,3,2
358,480,3,3
358,481,3,3
358,482,3,3
358,483,3,3
358,484,3,3
358,485,3,3
358,486,3,3
358,487,3,3
358,488,3,3
358,489,3,3
358,490,3,3
358,491,3,3
358,492,3,3
358,493,3,3
358,494,3,3
358,495,3,3
358,496,3,3
358,497,3,3
358,498,3,3
358,499,3,3
358,500,3,3
358,501,3,3
358,502,3,3
358,503,3,3
358,504,3,3
358,505,3,3
358,506,3,3
358,507,3,3
358,508,3,3
358,509,3,3
358,510,3,3
358,511,3,3
358,512,3,3
358,513,3,3
358,514,3,3
358,515,3,3
358,516,3,3
358,517,3,3
358,518,3,3
358,519,3,3
358,520,3,3
358,521,3,3
358,522,3,3
358,523,3,3
358,524,3,3
358,525,3,3
358,526,3,3
358,527,3,3
358,528,3,3
358,529,3,3
358,530,3,3
358,531,3,3
358,532,3,3
358,533,3,3
358,534,3,3
358,535,3,3
358,536,3,3
358,537,3,3
358,538,3,3
358,539,3,3
358,540,3,3
358,541,3,3
358,542,3,3
358,543,3,3
358,544,3,3
358,545,3,3
358,546,3,3
358,547,3,3
358,548,3,3
358,549,3,3
358,550,3,3
358,551,3,3
358,552,3,3
358,553,3,3
358,554,3,3
358,555,3,3
358,556,3,3
358,557,3,3
358,558,3,3
358,559,3,3
358,560,3,3
358,561,3,2
358,562,3,2
358,563,3,2
358,564,3,2
358,565,3,2
358,566,3,2
358,567,3,2
358,568,3,2
358,569,3,2
358,570,3,2
358,571,3,2
358,572,3,2
358,573,3,2
358,574,3,2
358,575,3,2
358,576,3,2
358,577,3,2
358,578,3,2
358,579,3,2
358,580,3,2
358,581,3,2
358,582,3,2
358,583,3,2
358,584,3,2
358,585,3,2
358,586,3,2
358,587,3,2
358,588,3,2
358,589,3,2
358,590,3,2
358,591,3,2
358,592,3,2
358,593,3,2
358,594,3,2
358,595,3,2
358,596,3,2
358,597,3,2
358,598,3,2
358,599,3,2
358,600,3,2
358,601,3,2
358,602,3,2
358,603,3,2
358,604,3,2
358,605,3,2
358,606,3,2
358,607,3,2
358,608,3,2
358,609,3,2
358,610,3,2
358,611,3,2
358,612,3,2
358,613,3,2
358,614,3,2
358,615,3,2
358,616,3,2
358,617,3,2
358,618,3,2
358,619,3,2
358,620,3,2
358,621,3,2
358,622,3,2
358,623,3,2
358,624,3,2
358,625,3,2
358,626,3,2
358,627,3,2
358,628,3,2
358,629,3,2
358,630,3,2
358,631,3,2
358,632,3,2
358,633,3,2
358,634,3,2
358,635,3,2
358,636,3,2
358,637,3,2
358,638,3,2
358,639,3,2
358,640,3,2
358,641,3,2
358,642,3,2
358,643,3,2
358,644,3,2
358,645,3,2
358,646,3,2
358,647,3,2
358,648,3,2
358,649,3,2
358,650,3,2
358,651,3,2
358,652,3,2
358,653,3,2
358,654,3,2
358,655,3,2
358,656,3,2
358,657,3,2
358,658,3,2
358,659,3,2
358,660,3,2
358,661,3,2
358,662,3,2
358,663,3,2
358,664,3,2
358,665,3,2
358,666,3,2
358,667,3,2
358,668,3,2
358,669,3,2
358,670,3,2
358,671,3,2
358,672,3,2
359,76,3,2
359,77,3,2
359,78,3,2
359,79,3,2
359,80,3,2
359,81,3,2
359,82,3,2
359,83,3,2
359,84,3,2
359,85,3,2
359,86,3,2
359,87,3,2
359,88,3,2
359,89,3,2
359,90,3,2
359,91,3,2
359,92,3,2
359,93,3,2
359,94,3,2
359,95,3,2
359,96,3,2
359,97,3,2
359,98,3,2
359,99,3,2
359,100,3,2
359,101,3,2
359,102,3,2
359,103,3,2
359,104,3,2
359,105,3,2
359,106,3,2
359,107,3,2
359,108,3,2
359,109,3,2
359,110,3,2
359,111,3,2
359,112,3,2
359,113,3,2
359,114,3,2
359,115,3,2
359,116,3,2
359,117,3,2
359,118,3,2
359,119,3,2
359,120,3,2
359,121,3,2
359,122,3,2
359,123,3,2
359,124,3,2
359,125,3,2
359,126,3,2
359,127,3,2
359,128,3,2
359,129,3,2
359,130,3,2
359,131,3,2
359,132,3,2
359,133,3,2
359,134,3,2
359,135,3,2
359,136,3,2
359,137,3,2
359,138,3,2
359,139,3,2
359,140,3,2
359,141,3,2
359,142,3,2
359,143,3,2
359,144,3,2
359,145,3,2
359,146,3,2
359,147,3,2
359,148,3,2
359,149,3,2
359,150,3,2
359,151,3,2
359,152,3,2
359,153,3,2
359,154,3,2
359,155,3,2
359,156,3,2
359,157,3,2
359,158,3,2
359,159,3,2
359,160,3,2
359,161,3,2
359,162,3,2
359,163,3,2
359,164,3,2
359,165,3,2
359,166,3,2
359,167,3,2
359,168,3,2
359,169,3,2
359,170,3,2
359,171,3,2
359,172,3,2
359,173,3,2
359,174,3,2
359,175,3,2
359,176,3,2
359,177,3,2
359,178,3,2
359,179,3,2
359,180,3,2
359,181,3,2
359,182,3,2
359,183,3,2
359,184,3,2
359,185,3,2
359,186,3,2
359,187,3,2
359,188,3,2
359,189,3,2
359,190,3,2
359,191,3,2
359,192,3,2
359,193,3,2
359,194,3,2
359,195,3,2
359,196,3,2
359,197,3,2
359,198,3,2
359,199,3,2
359,200,3,2
359,201,3,2
359,202,3,2
359,203,3,2
359,204,3,2
359,205,3,2
359,206,3,2
359,207,3,2
359,208,3,2
359,209,3,2
359,210,3,2
359,211,3,2
359,212,3,2
359,213,3,2
359,214,3,2
359,215,3,2
359,216,3,2
359,217,3,2
359,218,3,2
359,219,3,2
359,220,3,2
359,221,3,2
359,222,3,2
359,223,3,2
359,224,3,2
359,225,3,2
359,226,3,2
359,227,3,2
359,228,3,2
359,229,3,2
359,230,3,2
359,231,3,2
359,232,3,2
359,233,3,2
359,234,3,2
359,235,3,2
359,236,3,2
359,237,3,2
359,238,3,2
359,239,3,2
359,240,3,2
359,241,3,2
359,242,3,2
359,243,3,2
359,244,3,2
359,245,3,2
359,246,3,2
359,247,3,2
359,248,3,2
359,249,3,2
359,250,3,2
359,251,3,2
359,252,3,2
359,253,3,2
359,254,3,2
359,255,3,2
359,256,3,2
359,257,3,2
359,258,3,2
359,259,3,2
359,260,3,2
359,261,3,2
359,262,3,2
359,263,3,2
359,264,3,2
359,265,3,2
359,266,3,2
359,267,3,2
359,268,3,2
359,269,3,2
359,270,3,2
359,271,3,2
359,272,3,2
359,273,3,2
359,274,3,2
359,275,3,2
359,276,3,2
359,277,3,2
359,278,3,2
359,279,3,2
359,280,3,2
359,281,3,2
359,282,3,2
359,283,3,2
359,284,3,2
359,285,3,2
359,286,3,2
359,287,3,2
359,288,3,2
359,289,3,2
359,290,3,2
359,291,3,2
359,292,3,2
359,293,3,2
359,294,3,2
359,295,3,2
359,296,3,2
359,297,3,2
359,298,3,2
359,299,3,2
359,300,3,2
359,301,3,2
359,302,3,2
359,303,3,2
359,304,3,2
359,305,3,2
359,306,3,2
359,307,3,2
359,308,3,2
359,309,3,2
359,310,3,2
359,311,3,2
359,312,3,2
359,313,3,2
359,314,3,2
359,315,3,2
359,316,3,2
359,317,3,2
359,318,3,2
359,319,3,2
359,320,3,2
359,321,3,2
359,322,3,2
359,323,3,2
359,324,3,2
359,325,3,2
359,326,3,2
359,327,3,2
359,328,3,2
359,329,3,2
359,330,3,2
359,331,3,2
359,332,3,2
359,333,3,2
359,334,3,2
359,335,3,2
359,336,3,2
359,337,3,2
359,338,3,2
359,339,3,2
359,340,3,2
359,341,3,2
359,342,3,2
359,343,3,2
359,344,3,2
359,345,3,2
359,346,3,2
359,347,3,2
359,348,3,2
359,349,3,2
359,350,3,2
359,351,3,2
359,352,3,2
359,353,3,2
359,354,3,2
359,355,3,2
359,356,3,2
359,357,3,2
359,358,3,2
359,359,3,2
359,360,3,2
359,361,3,2
359,362,3,2
359,363,3,2
359,364,3,2
359,365,3,2
359,366,3,2
359,367,3,2
359,368,3,2
359,369,3,2
359,370,3,2
359,371,3,2
359,372,3,2
359,373,3,2
359,374,3,2
359,375,3,2
359,376,3,2
359,377,3,2
359,378,3,2
359,379,3,2
359,380,3,2
359,381,3,2
359,382,3,2
359,383,3,2
359,384,3,2
359,385,3,2
359,386,3,2
359,387,3,2
359,388,3,2
359,389,3,2
359,390,3,2
359,391,3,2
359,392,3,2
359,393,3,2
359,394,3,2
359,395,3,2
359,396,3,2
359,397,3,2
359,398,3,2
359,399,3,2
359,400,3,2
359,401,3,2
359,402,3,2
359,403,3,2
359,404,3,2
359,405,3,2
359,406,3,2
359,407,3,2
359,408,3,2
359,409,3,2
359,410,3,2
359,411,3,2
359,412,3,2
359,413,3,3
359,414,3,3
359,415,3,3
359,416,3,3
359,417,3,3
359,418,3,3
359,419,3,3
359,420,3,3
359,421,3,3
359,422,3,3
359,423,3,3
359,424,3,3
359,425,3,3
359,426,3,3
359,427,3,3
359,428,3,3
359,429,3,3
359,430,3,3
359,431,3,3
359,432,3,3
359,433,3,3
359,434,3,3
359,435,3,3
359,436,3,3
359,437,3,3
359,438,3,3
359,439,3,3
359,440,3,3
359,441,3,3
359,442,3,3
359,443,3,3
359,444,3,3
359,445,3,3
359,446,3,3
359,447,3,3
359,448,3,3
359,449,3,3
359,450,3,3
359,451,3,3
359,452,3,3
359,453,3,3
359,454,3,3
359,455,3,3
359,456,3,3
359,457,3,3
359,458,3,3
359,459,3,3
359,460,3,3
359,461,3,3
359,462,3,2
359,463,3,2
359,464,3,2
359,465,3,2
359,466,3,2
359,467,3,2
359,468,3,2
359,469,3,2
359,470,3,2
359,471,3,2
359,472,3,2
359,473,3,2
359,474,3,2
359,475,3,2
359,476,3,2
359,477,3,2
359,478,3,2
359,479,3,2
359,480,3,3
359,481,3,3
359,482,3,3
359,483,3,3
359,484,3,3
359,485,3,3
359,486,3,3
359,487,3,3
359,488,3,3
359,489,3,3
359,490,3,3
359,491,3,3
359,492,3,3
359,493,3,3
359,494,3,3
359,495,3,3
359,496,3,3
359,497,3,3
359,498,3,3
359,499,3,3
359,500,3,3
359,501,3,3
359,502,3,3
359,503,3,3
359,504,3,3
359,505,3,3
359,506,3,3
359,507,3,3
359,508,3,3
359,509,3,3
359,510,3,3
359,511,3,3
359,512,3,3
359,513,3,3
359,514,3,3
359,515,3,3
359,516,3,3
359,517,3,3
359,518,3,3
359,519,3,3
359,520,3,3
359,521,3,3
359,522,3,3
359,523,3,3
359,524,3,3
359,525,3,3
359,526,3,3
359,527,3,3
359,528,3,3
359,529,3,3
359,530,3,3
359,531,3,3
359,532,3,3
359,533,3,3
359,534,3,3
359,535,3,3
359,536,3,3
359,537,3,3
359,538,3,3
359,539,3,3
359,540,3,3
359,541,3,3
359,542,3,3
359,543,3,3
359,544,3,3
359,545,3,3
359,546,3,3
359,547,3,3
359,548,3,3
359,549,3,3
359,550,3,3
359,551,3,3
359,552,3,3
359,553,3,3
359,554,3,3
359,555,3,3
359,556,3,3
359,557,3,3
359,558,3,3
359,559,3,3
359,560,3,3
359,561,3,3
359,562,3,2
359,563,3,2
359,564,3,2
359,565,3,2
359,566,3,2
359,567,3,2
359,568,3,2
359,569,3,2
359,570,3,2
359,571,3,2
359,572,3,2
359,573,3,2
359,574,3,2
359,575,3,2
359,576,3,2
359,577,3,2
359,578,3,2
359,579,3,2
359,580,3,2
359,581,3,2
359,582,3,2
359,583,3,2
359,584,3,2
359,585,3,2
359,586,3,2
359,587,3,2
359,588,3,2
359,589,3,2
359,590,3,2
359,591,3,2
359,592,3,2
359,593,3,2
359,594,3,2
359,595,3,2
359,596,3,2
359,597,3,2
359,598,3,2
359,599,3,2
359,600,3,2
359,601,3,2
359,602,3,2
359,603,3,2
359,604,3,2
359,605,3,2
359,606,3,2
359,607,3,2
359,608,3,2
359,609,3,2
359,610,3,2
359,611,3,2
359,612,3,2
359,613,3,2
359,614,3,2
359,615,3,2
359,616,3,2
359,617,3,2
359,618,3,2
359,619,3,2
359,620,3,2
359,621,3,2
359,622,3,2
359,623,3,2
359,624,3,2
359,625,3,2
359,626,3,2
359,627,3,2
359,628,3,2
359,629,3,2
359,630,3,2
359,631,3,2
359,632,3,2
359,633,3,2
359,634,3,2
359,635,3,2
359,636,3,2
359,637,3,2
359,638,3,2
359,639,3,2
359,640,3,2
359,641,3,2
359,642,3,2
359,643,3,2
359,644,3,2
359,645,3,2
359,646,3,2
359,647,3,2
359,648,3,2
359,649,3,2
359,650,3,2
359,651,3,2
359,652,3,2
359,653,3,2
359,654,3,2
359,655,3,2
359,656,3,2
359,657,3,2
359,658,3,2
359,659,3,2
359,660,3,2
359,661,3,2
359,662,3,2
359,663,3,2
359,664,3,2
359,665,3,2
359,666,3,2
359,667,3,2
359,668,3,2
359,669,3,2
359,670,3,2
359,671,3,2
359,672,3,2
360,76,3,2
360,77,3,2
360,78,3,2
360,79,3,2
360,80,3,2
360,81,3,2
360,82,3,2
360,83,3,2
360,84,3,2
360,85,3,2
360,86,3,2
360,87,3,2
360,88,3,2
360,89,3,2
360,90,3,2
360,91,3,2
360,92,3,2
360,93,3,2
360,94,3,2
360,95,3,2
360,96,3,2
360,97,3,2
360,98,3,2
360,99,3,2
360,100,3,2
360,101,3,2
360,102,3,2
360,103,3,2
360,104,3,2
360,105,3,2
360,106,3,2
360,107,3,2
360,108,3,2
360,109,3,2
360,110,3,2
360,111,3,2
360,112,3,2
360,113,3,2
360,114,3,2
360,115,3,2
360,116,3,2
360,117,3,2
360,118,3,2
360,119,3,2
360,120,3,2
360,121,3,2
360,122,3,2
360,123,3,2
360,124,3,2
360,125,3,2
360,126,3,2
360,127,3,2
360,128,3,2
360,129,3,2
360,130,3,2
360,131,3,2
360,132,3,2
360,133,3,2
360,134,3,2
360,135,3,2
360,136,3,2
360,137,3,2
360,138,3,2
360,139,3,2
360,140,3,2
360,141,3,2
360,142,3,2
360,143,3,2
360,144,3,2
360,145,3,2
360,146,3,2
360,147,3,2
360,148,3,2
360,149,3,2
360,150,3,2
360,151,3,2
360,152,3,2
360,153,3,2
360,154,3,2
360,155,3,2
360,156,3,2
360,157,3,2
360,158,3,2
360,159,3,2
360,160,3,2
360,161,3,2
360,162,3,2
360,163,3,2
360,164,3,2
360,165,3,2
360,166,3,2
360,167,3,2
360,168,3,2
360,169,3,2
360,170,3,2
360,171,3,2
360,172,3,2
360,173,3,2
360,174,3,2
360,175,3,2
360,176,3,2
360,177,3,2
360,178,3,2
360,179,3,2
360,180,3,2
360,181,3,2
360,182,3,2
360,183,3,2
360,184,3,2
360,185,3,2
360,186,3,2
360,187,3,2
360,188,3,2
360,189,3,2
360,190,3,2
360,191,3,2
360,192,3,2
360,193,3,2
360,194,3,2
360,195,3,2
360,196,3,2
360,197,3,2
360,198,3,2
360,199,3,2
360,200,3,2
360,201,3,2
360,202,3,2
360,203,3,2
360,204,3,2
360,205,3,2
360,206,3,2
360,207,3,2
360,208,3,2
360,209,3,2
360,210,3,2
360,211,3,2
360,212,3,2
360,213,3,2
360,214,3,2
360,215,3,2
360,216,3,2
360,217,3,2
360,218,3,2
360,219,3,2
360,220,3,2
360,221,3,2
360,222,3,2
360,223,3,2
360,224,3,2
360,225,3,2
360,226,3,2
360,227,3,2
360,228,3,2
360,229,3,2
360,230,3,2
360,231,3,2
360,232,3,2
360,233,3,2
360,234,3,2
360,235,3,2
360,236,3,2
360,237,3,2
360,238,3,2
360,239,3,2
360,240,3,2
360,241,3,2
360,242,3,2
360,243,3,2
360,244,3,2
360,245,3,2
360,246,3,2
360,247,3,2
360,248,3,2
360,249,3,2
360,250,3,2
360,251,3,2
360,252,3,2
360,253,3,2
360,254,3,2
360,255,3,2
360,256,3,2
360,257,3,2
360,258,3,2
360,259,3,2
360,260,3,2
360,261,3,2
360,262,3,2
360,263,3,2
360,264,3,2
360,265,3,2
360,266,3,2
360,267,3,2
360,268,3,2
360,269,3,2
360,270,3,2
360,271,3,2
360,272,3,2
360,273,3,2
360,274,3,2
360,275,3,2
360,276,3,2
360,277,3,2
360,278,3,2
360,279,3,2
360,280,3,2
360,281,3,2
360,282,3,2
360,283,3,2
360,284,3,2
360,285,3,2
360,286,3,2
360,287,3,2
360,288,3,2
360,289,3,2
360,290,3,2
360,291,3,2
360,292,3,2
360,293,3,2
360,294,3,2
360,295,3,2
360,296,3,2
360,297,3,2
360,298,3,2
360,299,3,2
360,300,3,2
360,301,3,2
360,302,3,2
360,303,3,2
360,304,3,2
360,305,3,2
360,306,3,2
360,307,3,2
360,308,3,2
360,309,3,2
360,310,3,2
360,311,3,2
360,312,3,2
360,313,3,2
360,314,3,2
360,315,3,2
360,316,3,2
360,317,3,2
360,318,3,2
360,319,3,2
360,320,3,2
360,321,3,2
360,322,3,2
360,323,3,2
360,324,3,2
360,325,3,2
360,326,3,2
360,327,3,2
360,328,3,2
360,329,3,2
360,330,3,2
360,331,3,2
360,332,3,2
360,333,3,2
360,334,3,2
360,335,3,2
360,336,3,2
360,337,3,2
360,338,3,2
360,339,3,2
360,340,3,2
360,341,3,2
360,342,3,2
360,343,3,2
360,344,3,2
360,345,3,2
360,346,3,2
360,347,3,2
360,348,3,2
360,349,3,2
360,350,3,2
360,351,3,2
360,352,3,2
360,353,3,2
360,354,3,2
360,355,3,2
360,356,3,2
360,357,3,2
360,358,3,2
360,359,3,2
360,360,3,2
360,361,3,2
360,362,3,2
360,363,3,2
360,364,3,2
360,365,3,2
360,366,3,2
360,367,3,2
360,368,3,2
360,369,3,2
360,370,3,2
360,371,3,2
360,372,3,2
360,373,3,2
360,374,3,2
360,375,3,2
360,376,3,2
360,377,3,2
360,378,3,2
360,379,3,2
360,380,3,2
360,381,3,2
360,382,3,2
360,383,3,2
360,384,3,2
360,385,3,2
360,386,3,2
360,387,3,2
360,388,3,2
360,389,3,2
360,390,3,2
360,391,3,2
360,392,3,2
360,393,3,2
360,394,3,2
360,395,3,2
360,396,3,2
360,397,3,2
360,398,3,2
360,399,3,2
360,400,3,2
360,401,3,2
360,402,3,2
360,403,3,2
360,404,3,2
360,405,3,2
360,406,3,2
360,407,3,2
360,408,3,2
360,409,3,2
360,410,3,2
360,411,3,2
360,412,3,2
360,413,3,3
360,414,3,3
360,415,3,3
360,416,3,3
360,417,3,3
360,418,3,3
360,419,3,3
360,420,3,3
360,421,3,3
360,422,3,3
360,423,3,3
360,424,3,3
360,425,3,3
360,426,3,3
360,427,3,3
360,428,3,3
360,429,3,3
360,430,3,3
360,431,3,3
360,432,3,3
360,433,3,3
360,434,3,3
360,435,3,3
360,436,3,3
360,437,3,3
360,438,3,3
360,439,3,3
360,440,3,3
360,441,3,3
360,442,3,3
360,443,3,3
360,444,3,3
360,445,3,3
360,446,3,3
360,447,3,3
360,448,3,3
360,449,3,3
360,450,3,3
360,451,3,3
360,452,3,3
360,453,3,3
360,454,3,3
360,455,3,3
360,456,3,3
360,457,3,3
360,458,3,3
360,459,3,3
360,460,3,3
360,461,3,3
360,462,3,2
360,463,3,2
360,464,3,2
360,465,3,2
360,466,3,2
360,467,3,2
360,468,3,2
360,469,3,2
360,470,3,2
360,471,3,2
360,472,3,2
360,473,3,2
360,474,3,2
360,475,3,2
360,476,3,2
360,477,3,2
360,478,3,2
360,479,3,2
360,480,3,3
360,481,3,3
360,482,3,3
360,483,3,3
360,484,3,3
360,485,3,3
360,486,3,3
360,487,3,3
360,488,3,3
360,489,3,3
360,490,3,3
360,491,3,3
360,492,3,3
360,493,3,3
360,494,3,3
360,495,3,3
360,496,3,3
360,497,3,3
360,498,3,3
360,499,3,3
360,500,3,3
360,501,3,3
360,502,3,3
360,503,3,3
360,504,3,3
360,505,3,3
360,506,3,3
360,507,3,3
360,508,3,3
360,509,3,3
360,510,3,3
360,511,3,3
360,512,3,3
360,513,3,3
360,514,3,3
360,515,3,3
360,516,3,3
360,517,3,3
360,518,3,3
360,519,3,3
360,520,3,3
360,521,3,3
360,522,3,3
360,523,3,3
360,524,3,3
360,525,3,3
360,526,3,3
360,527,3,3
360,528,3,3
360,529,3,3
360,530,3,3
360,531,3,3
360,532,3,3
360,533,3,3
360,534,3,3
360,535,3,3
360,536,3,3
360,537,3,3
360,538,3,3
360,539,3,3
360,540,3,3
360,541,3,3
360,542,3,3
360,543,3,3
360,544,3,3
360,545,3,3
360,546,3,3
360,547,3,3
360,548,3,3
360,549,3,3
360,550,3,3
360,551,3,3
360,552,3,3
360,553,3,3
360,554,3,3
360,555,3,3
360,556,3,3
360,557,3,3
360,558,3,3
360,559,3,3
360,560,3,3
360,561,3,2
360,562,3,2
360,563,3,2
360,564,3,2
360,565,3,2
360,566,3,2
360,567,3,2
360,568,3,2
360,569,3,2
360,570,3,2
360,571,3,2
360,572,3,2
360,573,3,2
360,574,3,2
360,575,3,2
360,576,3,2
360,577,3,2
360,578,3,2
360,579,3,2
360,580,3,2
360,581,3,2
360,582,3,2
360,583,3,2
360,584,3,2
360,585,3,2
360,586,3,2
360,587,3,2
360,588,3,2
360,589,3,2
360,590,3,2
360,591,3,2
360,592,3,2
360,593,3,2
360,594,3,2
360,595,3,2
360,596,3,2
360,597,3,2
360,598,3,2
360,599,3,2
360,600,3,2
360,601,3,2
360,602,3,2
360,603,3,2
360,604,3,2
360,605,3,2
360,606,3,2
360,607,3,2
360,608,3,2
360,609,3,2
360,610,3,2
360,611,3,2
360,612,3,2
360,613,3,2
360,614,3,2
360,615,3,2
360,616,3,2
360,617,3,2
360,618,3,2
360,619,3,2
360,620,3,2
360,621,3,2
360,622,3,2
360,623,3,2
360,624,3,2
360,625,3,2
360,626,3,2
360,627,3,2
360,628,3,2
360,629,3,2
360,630,3,2
360,631,3,2
360,632,3,2
360,633,3,2
360,634,3,2
360,635,3,2
360,636,3,2
360,637,3,2
360,638,3,2
360,639,3,2
360,640,3,2
360,641,3,2
360,642,3,2
360,643,3,2
360,644,3,2
360,645,3,2
360,646,3,2
360,647,3,2
360,648,3,2
360,649,3,2
360,650,3,2
360,651,3,2
360,652,3,2
360,653,3,2
360,654,3,2
360,655,3,2
360,656,3,2
360,657,3,2
360,658,3,2
360,659,3,2
360,660,3,2
360,661,3,2
360,662,3,2
360,663,3,2
360,664,3,2
360,665,3,2
360,666,3,2
360,667,3,2
360,668,3,2
360,669,3,2
360,670,3,2
360,671,3,2
360,672,3,2
361,76,3,2
361,77,3,2
361,78,3,2
361,79,3,2
361,80,3,2
361,81,3,2
361,82,3,2
361,83,3,2
361,84,3,2
361,85,3,2
361,86,3,2
361,87,3,2
361,88,3,2
361,89,3,2
361,90,3,2
361,91,3,2
361,92,3,2
361,93,3,2
361,94,3,2
361,95,3,2
361,96,3,2
361,97,3,2
361,98,3,2
361,99,3,2
361,100,3,2
361,101,3,2
361,102,3,2
361,103,3,2
361,104,3,2
361,105,3,2
361,106,3,2
361,107,3,2
361,108,3,2
361,109,3,2
361,110,3,2
361,111,3,2
361,112,3,2
361,113,3,2
361,114,3,2
361,115,3,2
361,116,3,2
361,117,3,2
361,118,3,2
361,119,3,2
361,120,3,2
361,121,3,2
361,122,3,2
361,123,3,2
361,124,3,2
361,125,3,2
361,126,3,2
361,127,3,2
361,128,3,2
361,129,3,2
361,130,3,2
361,131,3,2
361,132,3,2
361,133,3,2
361,134,3,2
361,135,3,2
361,136,3,2
361,137,3,2
361,138,3,2
361,139,3,2
361,140,3,2
361,141,3,2
361,142,3,2
361,143,3,2
361,144,3,2
361,145,3,2
361,146,3,2
361,147,3,2
361,148,3,2
361,149,3,2
361,150,3,2
361,151,3,2
361,152,3,2
361,153,3,2
361,154,3,2
361,155,3,2
361,156,3,2
361,157,3,2
361,158,3,2
361,159,3,2
361,160,3,2
361,161,3,2
361,162,3,2
361,163,3,2
361,164,3,2
361,165,3,2
361,166,3,2
361,167,3,2
361,168,3,2
361,169,3,2
361,170,3,2
361,171,3,2
361,172,3,2
361,173,3,2
361,174,3,2
361,175,3,2
361,176,3,2
361,177,3,2
361,178,3,2
361,179,3,2
361,180,3,2
361,181,3,2
361,182,3,2
361,183,3,2
361,184,3,2
361,185,3,2
361,186,3,2
361,187,3,2
361,188,3,2
361,189,3,2
361,190,3,2
361,191,3,2
361,192,3,2
361,193,3,2
361,194,3,2
361,195,3,2
361,196,3,2
361,197,3,2
361,198,3,2
361,199,3,2
361,200,3,2
361,201,3,2
361,202,3,2
361,203,3,2
361,204,3,2
361,205,3,2
361,206,3,2
361,207,3,2
361,208,3,2
361,209,3,2
361,210,3,2
361,211,3,2
361,212,3,2
361,213,3,2
361,214,3,2
361,215,3,2
361,216,3,2
361,217,3,2
361,218,3,2
361,219,3,2
361,220,3,2
361,221,3,2
361,222,3,2
361,223,3,2
361,224,3,2
361,225,3,2
361,226,3,2
361,227,3,2
361,228,3,2
361,229,3,2
361,230,3,2
361,231,3,2
361,232,3,2
361,233,3,2
361,234,3,2
361,235,3,2
361,236,3,2
361,237,3,2
361,238,3,2
361,239,3,2
361,240,3,2
361,241,3,2
361,242,3,2
361,243,3,2
361,244,3,2
361,245,3,2
361,246,3,2
361,247,3,2
361,248,3,2
361,249,3,2
361,250,3,2
361,251,3,2
361,252,3,2
361,253,3,2
361,254,3,2
361,255,3,2
361,256,3,2
361,257,3,2
361,258,3,2
361,259,3,2
361,260,3,2
361,261,3,2
361,262,3,2
361,263,3,2
361,264,3,2
361,265,3,2
361,266,3,2
361,267,3,2
361,268,3,2
361,269,3,2
361,270,3,2
361,271,3,2
361,272,3,2
361,273,3,2
361,274,3,2
361,275,3,2
361,276,3,2
361,277,3,2
361,278,3,2
361,279,3,2
361,280,3,2
361,281,3,2
361,282,3,2
361,283,3,2
361,284,3,2
361,285,3,2
361,286,3,2
361,287,3,2
361,288,3,2
361,289,3,2
361,290,3,2
361,291,3,2
361,292,3,2
361,293,3,2
361,294,3,2
361,295,3,2
361,296,3,2
361,297,3,2
361,298,3,2
361,299,3,2
361,300,3,2
361,301,3,2
361,302,3,2
361,303,3,2
361,304,3,2
361,305,3,2
361,306,3,2
361,307,3,2
361,308,3,2
361,309,3,2
361,310,3,2
361,311,3,2
361,312,3,2
361,313,3,2
361,314,3,2
361,315,3,2
361,316,3,2
361,317,3,2
361,318,3,2
361,319,3,2
361,320,3,2
361,321,3,2
361,322,3,2
361,323,3,2
361,324,3,2
361,325,3,2
361,326,3,2
361,327,3,2
361,328,3,2
361,329,3,2
361,330,3,2
361,331,3,2
361,332,3,2
361,333,3,2
361,334,3,2
361,335,3,2
361,336,3,2
361,337,3,2
361,338,3,2
361,339,3,2
361,340,3,2
361,341,3,2
361,342,3,2
361,343,3,2
361,344,3,2
361,345,3,2
361,346,3,2
361,347,3,2
361,348,3,2
361,349,3,2
361,350,3,2
361,351,3,2
361,352,3,2
361,353,3,2
361,354,3,2
361,355,3,2
361,356,3,2
361,357,3,2
361,358,3,2
361,359,3,2
361,360,3,2
361,361,3,2
361,362,3,2
361,363,3,2
361,364,3,2
361,365,3,2
361,366,3,2
361,367,3,2
361,368,3,2
361,369,3,2
361,370,3,2
361,371,3,2
361,372,3,2
361,373,3,2
361,374,3,2
361,375,3,2
361,376,3,2
361,377,3,2
361,378,3,2
361,379,3,2
361,380,3,2
361,381,3,2
361,382,3,2
361,383,3,2
361,384,3,2
361,385,3,2
361,386,3,2
361,387,3,2
361,388,3,2
361,389,3,2
361,390,3,2
361,391,3,2
361,392,3,2
361,393,3,2
361,394,3,2
361,395,3,2
361,396,3,2
361,397,3,2
361,398,3,2
361,399,3,2
361,400,3,2
361,401,3,2
361,402,3,2
361,403,3,2
361,404,3,2
361,405,3,2
361,406,3,2
361,407,3,2
361,408,3,2
361,409,3,2
361,410,3,2
361,411,3,2
361,412,3,3
361,413,3,3
361,414,3,3
361,415,3,3
361,416,3,3
361,417,3,3
361,418,3,3
361,419,3,3
361,420,3,3
361,421,3,3
361,422,3,3
361,423,3,3
361,424,3,3
361,425,3,3
361,426,3,3
361,427,3,3
361,428,3,3
361,429,3,3
361,430,3,3
361,431,3,3
361,432,3,3
361,433,3,3
361,434,3,3
361,435,3,3
361,436,3,3
361,437,3,3
361,438,3,3
361,439,3,3
361,440,3,3
361,441,3,3
361,442,3,3
361,443,3,3
361,444,3,3
361,445,3,3
361,446,3,3
361,447,3,3
361,448,3,3
361,449,3,3
361,450,3,3
361,451,3,3
361,452,3,3
361,453,3,3
361,454,3,3
361,455,3,3
361,456,3,3
361,457,3,3
361,458,3,3
361,459,3,3
361,460,3,3
361,461,3,2
361,462,3,2
361,463,3,2
361,464,3,2
361,465,3,2
361,466,3,2
361,467,3,2
361,468,3,2
361,469,3,2
361,470,3,2
361,471,3,2
361,472,3,2
361,473,3,2
361,474,3,2
361,475,3,2
361,476,3,2
361,477,3,2
361,478,3,2
361,479,3,3
361,480,3,3
361,481,3,3
361,482,3,3
361,483,3,3
361,484,3,3
361,485,3,3
361,486,3,3
361,487,3,3
361,488,3,3
361,489,3,3
361,490,3,3
361,491,3,3
361,492,3,3
361,493,3,3
361,494,3,3
361,495,3,3
361,496,3,3
361,497,3,3
361,498,3,3
361,499,3,3
361,500,3,3
361,501,3,3
361,502,3,3
361,503,3,3
361,504,3,3
361,505,3,3
361,506,3,3
361,507,3,3
361,508,3,3
361,509,3,3
361,510,3,3
361,511,3,3
361,512,3,3
361,513,3,3
361,514,3,3
361,515,3,3
361,516,3,3
361,517,3,3
361,518,3,3
361,519,3,3
361,520,3,3
361,521,3,3
361,522,3,3
361,523,3,3
361,524,3,3
361,525,3,3
361,526,3,3
361,527,3,3
361,528,3,3
361,529,3,3
361,530,3,3
361,531,3,3
361,532,3,3
361,533,3,3
361,534,3,3
361,535,3,3
361,536,3,3
361,537,3,3
361,538,3,3
361,539,3,3
361,540,3,3
361,541,3,3
361,542,3,3
361,543,3,3
361,544,3,3
361,545,3,3
361,546,3,3
361,547,3,3
361,548,3,3
361,549,3,3
361,550,3,3
361,551,3,3
361,552,3,3
361,553,3,3
361,554,3,3
361,555,3,3
361,556,3,3
361,557,3,3
361,558,3,3
361,559,3,3
361,560,3,3
361,561,3,3
361,562,3,2
361,563,3,2
361,564,3,2
361,565,3,2
361,566,3,2
361,567,3,2
361,568,3,2
361,569,3,2
361,570,3,2
361,571,3,2
361,572,3,2
361,573,3,2
361,574,3,2
361,575,3,2
361,576,3,2
361,577,3,2
361,578,3,2
361,579,3,2
361,580,3,2
361,581,3,2
361,582,3,2
361,583,3,2
361,584,3,2
361,585,3,2
361,586,3,2
361,587,3,2
361,588,3,2
361,589,3,2
361,590,3,2
361,591,3,2
361,592,3,2
361,593,3,2
361,594,3,2
361,595,3,2
361,596,3,2
361,597,3,2
361,598,3,2
361,599,3,2
361,600,3,2
361,601,3,2
361,602,3,2
361,603,3,2
361,604,3,2
361,605,3,2
361,606,3,2
361,607,3,2
361,608,3,2
361,609,3,2
361,610,3,2
361,611,3,2
361,612,3,2
361,613,3,2
361,614,3,2
361,615,3,2
361,616,3,2
361,617,3,2
361,618,3,2
361,619,3,2
361,620,3,2
361,621,3,2
361,622,3,2
361,623,3,2
361,624,3,2
361,625,3,2
361,626,3,2
361,627,3,2
361,628,3,2
361,629,3,2
361,630,3,2
361,631,3,2
361,632,3,2
361,633,3,2
361,634,3,2
361,635,3,2
361,636,3,2
361,637,3,2
361,638,3,2
361,639,3,2
361,640,3,2
361,641,3,2
361,642,3,2
361,643,3,2
361,644,3,2
361,645,3,2
361,646,3,2
361,647,3,2
361,648,3,2
361,649,3,2
361,650,3,2
361,651,3,2
361,652,3,2
361,653,3,2
361,654,3,2
361,655,3,2
361,656,3,2
361,657,3,2
361,658,3,2
361,659,3,2
361,660,3,2
361,661,3,2
361,662,3,2
361,663,3,2
361,664,3,2
361,665,3,2
361,666,3,2
361,667,3,2
361,668,3,2
361,669,3,2
361,670,3,2
361,671,3,2
361,672,3,2
361,673,3,2
362,76,3,2
362,77,3,2
362,78,3,2
362,79,3,2
362,80,3,2
362,81,3,2
362,82,3,2
362,83,3,2
362,84,3,2
362,85,3,2
362,86,3,2
362,87,3,2
362,88,3,2
362,89,3,2
362,90,3,2
362,91,3,2
362,92,3,2
362,93,3,2
362,94,3,2
362,95,3,2
362,96,3,2
362,97,3,2
362,98,3,2
362,99,3,2
362,100,3,2
362,101,3,2
362,102,3,2
362,103,3,2
362,104,3,2
362,105,3,2
362,106,3,2
362,107,3,2
362,108,3,2
362,109,3,2
362,110,3,2
362,111,3,2
362,112,3,2
362,113,3,2
362,114,3,2
362,115,3,2
362,116,3,2
362,117,3,2
362,118,3,2
362,119,3,2
362,120,3,2
362,121,3,2
362,122,3,2
362,123,3,2
362,124,3,2
362,125,3,2
362,126,3,2
362,127,3,2
362,128,3,2
362,129,3,2
362,130,3,2
362,131,3,2
362,132,3,2
362,133,3,2
362,134,3,2
362,135,3,2
362,136,3,2
362,137,3,2
362,138,3,2
362,139,3,2
362,140,3,2
362,141,3,2
362,142,3,2
362,143,3,2
362,144,3,2
362,145,3,2
362,146,3,2
362,147,3,2
362,148,3,2
362,149,3,2
362,150,3,2
362,151,3,2
362,152,3,2
362,153,3,2
362,154,3,2
362,155,3,2
362,156,3,2
362,157,3,2
362,158,3,2
362,159,3,2
362,160,3,2
362,161,3,2
362,162,3,2
362,163,3,2
362,164,3,2
362,165,3,2
362,166,3,2
362,167,3,2
362,168,3,2
362,169,3,2
362,170,3,2
362,171,3,2
362,172,3,2
362,173,3,2
362,174,3,2
362,175,3,2
362,176,3,2
362,177,3,2
362,178,3,2
362,179,3,2
362,180,3,2
362,181,3,2
362,182,3,2
362,183,3,2
362,184,3,2
362,185,3,2
362,186,3,2
362,187,3,2
362,188,3,2
362,189,3,2
362,190,3,2
362,191,3,2
362,192,3,2
362,193,3,2
362,194,3,2
362,195,3,2
362,196,3,2
362,197,3,2
362,198,3,2
362,199,3,2
362,200,3,2
362,201,3,2
362,202,3,2
362,203,3,2
362,204,3,2
362,205,3,2
362,206,3,2
362,207,3,2
362,208,3,2
362,209,3,2
362,210,3,2
362,211,3,2
362,212,3,2
362,213,3,2
362,214,3,2
362,215,3,2
362,216,3,2
362,217,3,2
362,218,3,2
362,219,3,2
362,220,3,2
362,221,3,2
362,222,3,2
362,223,3,2
362,224,3,2
362,225,3,2
362,226,3,2
362,227,3,2
362,228,3,2
362,229,3,2
362,230,3,2
362,231,3,2
362,232,3,2
362,233,3,2
362,234,3,2
362,235,3,2
362,236,3,2
362,237,3,2
362,238,3,2
362,239,3,2
362,240,3,2
362,241,3,2
362,242,3,2
362,243,3,2
362,244,3,2
362,245,3,2
362,246,3,2
362,247,3,2
362,248,3,2
362,249,3,2
362,250,3,2
362,251,3,2
362,252,3,2
362,253,3,2
362,254,3,2
362,255,3,2
362,256,3,2
362,257,3,2
362,258,3,2
362,259,3,2
362,260,3,2
362,261,3,2
362,262,3,2
362,263,3,2
362,264,3,2
362,265,3,2
362,266,3,2
362,267,3,2
362,268,3,2
362,269,3,2
362,270,3,2
362,271,3,2
362,272,3,2
362,273,3,2
362,274,3,2
362,275,3,2
362,276,3,2
362,277,3,2
362,278,3,2
362,279,3,2
362,280,3,2
362,281,3,2
362,282,3,2
362,283,3,2
362,284,3,2
362,285,3,2
362,286,3,2
362,287,3,2
362,288,3,2
362,289,3,2
362,290,3,2
362,291,3,2
362,292,3,2
362,293,3,2
362,294,3,2
362,295,3,2
362,296,3,2
362,297,3,2
362,298,3,2
362,299,3,2
362,300,3,2
362,301,3,2
362,302,3,2
362,303,3,2
362,304,3,2
362,305,3,2
362,306,3,2
362,307,3,2
362,308,3,2
362,309,3,2
362,310,3,2
362,311,3,2
362,312,3,2
362,313,3,2
362,314,3,2
362,315,3,2
362,316,3,2
362,317,3,2
362,318,3,2
362,319,3,2
362,320,3,2
362,321,3,2
362,322,3,2
362,323,3,2
362,324,3,2
362,325,3,2
362,326,3,2
362,327,3,2
362,328,3,2
362,329,3,2
362,330,3,2
362,331,3,2
362,332,3,2
362,333,3,2
362,334,3,2
362,335,3,2
362,336,3,2
362,337,3,2
362,338,3,2
362,339,3,2
362,340,3,2
362,341,3,2
362,342,3,2
362,343,3,2
362,344,3,2
362,345,3,2
362,346,3,2
362,347,3,2
362,348,3,2
362,349,3,2
362,350,3,2
362,351,3,2
362,352,3,2
362,353,3,2
362,354,3,2
362,355,3,2
362,356,3,2
362,357,3,2
362,358,3,2
362,359,3,2
362,360,3,2
362,361,3,2
362,362,3,2
362,363,3,2
362,364,3,2
362,365,3,2
362,366,3,2
362,367,3,2
362,368,3,2
362,369,3,2
362,370,3,2
362,371,3,2
362,372,3,2
362,373,3,2
362,374,3,2
362,375,3,2
362,376,3,2
362,377,3,2
362,378,3,2
362,379,3,2
362,380,3,2
362,381,3,2
362,382,3,2
362,383,3,2
362,384,3,2
362,385,3,2
362,386,3,2
362,387,3,2
362,388,3,2
362,389,3,2
362,390,3,2
362,391,3,2
362,392,3,2
362,393,3,2
362,394,3,2
362,395,3,2
362,396,3,2
362,397,3,2
362,398,3,2
362,399,3,2
362,400,3,2
362,401,3,2
362,402,3,2
362,403,3,2
362,404,3,2
362,405,3,2
362,406,3,2
362,407,3,2
362,408,3,2
362,409,3,2
362,410,3,2
362,411,3,2
362,412,3,3
362,413,3,3
362,414,3,3
362,415,3,3
362,416,3,3
362,417,3,3
362,418,3,3
362,419,3,3
362,420,3,3
362,421,3,3
362,422,3,3
362,423,3,3
362,424,3,3
362,425,3,3
362,426,3,3
362,427,3,3
362,428,3,3
362,429,3,3
362,430,3,3
362,431,3,3
362,432,3,3
362,433,3,3
362,434,3,3
362,435,3,3
362,436,3,3
362,437,3,3
362,438,3,3
362,439,3,3
362,440,3,3
362,441,3,3
362,442,3,3
362,443,3,3
362,444,3,3
362,445,3,3
362,446,3,3
362,447,3,3
362,448,3,3
362,449,3,3
362,450,3,3
362,451,3,3
362,452,3,3
362,453,3,3
362,454,3,3
362,455,3,3
362,456,3,3
362,457,3,3
362,458,3,3
362,459,3,3
362,460,3,3
362,461,3,2
362,462,3,2
362,463,3,2
362,464,3,2
362,465,3,2
362,466,3,2
362,467,3,2
362,468,3,2
362,469,3,2
362,470,3,2
362,471,3,2
362,472,3,2
362,473,3,2
362,474,3,2
362,475,3,2
362,476,3,2
362,477,3,2
362,478,3,2
362,479,3,3
362,480,3,3
362,481,3,3
362,482,3,3
362,483,3,3
362,484,3,3
362,485,3,3
362,486,3,3
362,487,3,3
362,488,3,3
362,489,3,3
362,490,3,3
362,491,3,3
362,492,3,3
362,493,3,3
362,494,3,3
362,495,3,3
362,496,3,3
362,497,3,3
362,498,3,3
362,499,3,3
362,500,3,3
362,501,3,3
362,502,3,3
362,503,3,3
362,504,3,3
362,505,3,3
362,506,3,3
362,507,3,3
362,508,3,3
362,509,3,3
362,510,3,3
362,511,3,3
362,512,3,3
362,513,3,3
362,514,3,3
362,515,3,3
362,516,3,3
362,517,3,3
362,518,3,3
362,519,3,3
362,520,3,3
362,521,3,3
362,522,3,3
362,523,3,3
362,524,3,3
362,525,3,3
362,526,3,3
362,527,3,3
362,528,3,3
362,529,3,3
362,530,3,3
362,531,3,3
362,532,3,3
362,533,3,3
362,534,3,3
362,535,3,3
362,536,3,3
362,537,3,3
362,538,3,3
362,539,3,3
362,540,3,3
362,541,3,3
362,542,3,3
362,543,3,3
362,544,3,3
362,545,3,3
362,546,3,3
362,547,3,3
362,548,3,3
362,549,3,3
362,550,3,3
362,551,3,3
362,552,3,3
362,553,3,3
362,554,3,3
362,555,3,3
362,556,3,3
362,557,3,3
362,558,3,3
362,559,3,3
362,560,3,3
362,561,3,3
362,562,3,2
362,563,3,2
362,564,3,2
362,565,3,2
362,566,3,2
362,567,3,2
362,568,3,2
362,569,3,2
362,570,3,2
362,571,3,2
362,572,3,2
362,573,3,2
362,574,3,2
362,575,3,2
362,576,3,2
362,577,3,2
362,578,3,2
362,579,3,2
362,580,3,2
362,581,3,2
362,582,3,2
362,583,3,2
362,584,3,2
362,585,3,2
362,586,3,2
362,587,3,2
362,588,3,2
362,589,3,2
362,590,3,2
362,591,3,2
362,592,3,2
362,593,3,2
362,594,3,2
362,595,3,2
362,596,3,2
362,597,3,2
362,598,3,2
362,599,3,2
362,600,3,2
362,601,3,2
362,602,3,2
362,603,3,2
362,604,3,2
362,605,3,2
362,606,3,2
362,607,3,2
362,608,3,2
362,609,3,2
362,610,3,2
362,611,3,2
362,612,3,2
362,613,3,2
362,614,3,2
362,615,3,2
362,616,3,2
362,617,3,2
362,618,3,2
362,619,3,2
362,620,3,2
362,621,3,2
362,622,3,2
362,623,3,2
362,624,3,2
362,625,3,2
362,626,3,2
362,627,3,2
362,628,3,2
362,629,3,2
362,630,3,2
362,631,3,2
362,632,3,2
362,633,3,2
362,634,3,2
362,635,3,2
362,636,3,2
362,637,3,2
362,638,3,2
362,639,3,2
362,640,3,2
362,641,3,2
362,642,3,2
362,643,3,2
362,644,3,2
362,645,3,2
362,646,3,2
362,647,3,2
362,648,3,2
362,649,3,2
362,650,3,2
362,651,3,2
362,652,3,2
362,653,3,2
362,654,3,2
362,655,3,2
362,656,3,2
362,657,3,2
362,658,3,2
362,659,3,2
362,660,3,2
362,661,3,2
362,662,3,2
362,663,3,2
362,664,3,2
362,665,3,2
362,666,3,2
362,667,3,2
362,668,3,2
362,669,3,2
362,670,3,2
362,671,3,2
362,672,3,2
363,76,3,2
363,77,3,2
363,78,3,2
363,79,3,2
363,80,3,2
363,81,3,2
363,82,3,2
363,83,3,2
363,84,3,2
363,85,3,2
363,86,3,2
363,87,3,2
363,88,3,2
363,89,3,2
363,90,3,2
363,91,3,2
363,92,3,2
363,93,3,2
363,94,3,2
363,95,3,2
363,96,3,2
363,97,3,2
363,98,3,2
363,99,3,2
363,100,3,2
363,101,3,2
363,102,3,2
363,103,3,2
363,104,3,2
363,105,3,2
363,106,3,2
363,107,3,2
363,108,3,2
363,109,3,2
363,110,3,2
363,111,3,2
363,112,3,2
363,113,3,2
363,114,3,2
363,115,3,2
363,116,3,2
363,117,3,2
363,118,3,2
363,119,3,2
363,120,3,2
363,121,3,2
363,122,3,2
363,123,3,2
363,124,3,2
363,125,3,2
363,126,3,2
363,127,3,2
363,128,3,2
363,129,3,2
363,130,3,2
363,131,3,2
363,132,3,2
363,133,3,2
363,134,3,2
363,135,3,2
363,136,3,2
363,137,3,2
363,138,3,2
363,139,3,2
363,140,3,2
363,141,3,2
363,142,3,2
363,143,3,2
363,144,3,2
363,145,3,2
363,146,3,2
363,147,3,2
363,148,3,2
363,149,3,2
363,150,3,2
363,151,3,2
363,152,3,2
363,153,3,2
363,154,3,2
363,155,3,2
363,156,3,2
363,157,3,2
363,158,3,2
363,159,3,2
363,160,3,2
363,161,3,2
363,162,3,2
363,163,3,2
363,164,3,2
363,165,3,2
363,166,3,2
363,167,3,2
363,168,3,2
363,169,3,2
363,170,3,2
363,171,3,2
363,172,3,2
363,173,3,2
363,174,3,2
363,175,3,2
363,176,3,2
363,177,3,2
363,178,3,2
363,179,3,2
363,180,3,2
363,181,3,2
363,182,3,2
363,183,3,2
363,184,3,2
363,185,3,2
363,186,3,2
363,187,3,2
363,188,3,2
363,189,3,2
363,190,3,2
363,191,3,2
363,192,3,2
363,193,3,2
363,194,3,2
363,195,3,2
363,196,3,2
363,197,3,2
363,198,3,2
363,199,3,2
363,200,3,2
363,201,3,2
363,202,3,2
363,203,3,2
363,204,3,2
363,205,3,2
363,206,3,2
363,207,3,2
363,208,3,2
363,209,3,2
363,210,3,2
363,211,3,2
363,212,3,2
363,213,3,2
363,214,3,2
363,215,3,2
363,216,3,2
363,217,3,2
363,218,3,2
363,219,3,2
363,220,3,2
363,221,3,2
363,222,3,2
363,223,3,2
363,224,3,2
363,225,3,2
363,226,3,2
363,227,3,2
363,228,3,2
363,229,3,2
363,230,3,2
363,231,3,2
363,232,3,2
363,233,3,2
363,234,3,2
363,235,3,2
363,236,3,2
363,237,3,2
363,238,3,2
363,239,3,2
363,240,3,2
363,241,3,2
363,242,3,2
363,243,3,2
363,244,3,2
363,245,3,2
363,246,3,2
363,247,3,2
363,248,3,2
363,249,3,2
363,250,3,2
363,251,3,2
363,252,3,2
363,253,3,2
363,254,3,2
363,255,3,2
363,256,3,2
363,257,3,2
363,258,3,2
363,259,3,2
363,260,3,2
363,261,3,2
363,262,3,2
363,263,3,2
363,264,3,2
363,265,3,2
363,266,3,2
363,267,3,2
363,268,3,2
363,269,3,2
363,270,3,2
363,271,3,2
363,272,3,2
363,273,3,2
363,274,3,2
363,275,3,2
363,276,3,2
363,277,3,2
363,278,3,2
363,279,3,2
363,280,3,2
363,281,3,2
363,282,3,2
363,283,3,2
363,284,3,2
363,285,3,2
363,286,3,2
363,287,3,2
363,288,3,2
363,289,3,2
363,290,3,2
363,291,3,2
363,292,3,2
363,293,3,2
363,294,3,2
363,295,3,2
363,296,3,2
363,297,3,2
363,298,3,2
363,299,3,2
363,300,3,2
363,301,3,2
363,302,3,2
363,303,3,2
363,304,3,2
363,305,3,2
363,306,3,2
363,307,3,2
363,308,3,2
363,309,3,2
363,310,3,2
363,311,3,2
363,312,3,2
363,313,3,2
363,314,3,2
363,315,3,2
363,316,3,2
363,317,3,2
363,318,3,2
363,319,3,2
363,320,3,2
363,321,3,2
363,322,3,2
363,323,3,2
363,324,3,2
363,325,3,2
363,326,3,2
363,327,3,2
363,328,3,2
363,329,3,2
363,330,3,2
363,331,3,2
363,332,3,2
363,333,3,2
363,334,3,2
363,335,3,2
363,336,3,2
363,337,3,2
363,338,3,2
363,339,3,2
363,340,3,2
363,341,3,2
363,342,3,2
363,343,3,2
363,344,3,2
363,345,3,2
363,346,3,2
363,347,3,2
363,348,3,2
363,349,3,2
363,350,3,2
363,351,3,2
363,352,3,2
363,353,3,2
363,354,3,2
363,355,3,2
363,356,3,2
363,357,3,2
363,358,3,2
363,359,3,2
363,360,3,2
363,361,3,2
363,362,3,2
363,363,3,2
363,364,3,2
363,365,3,2
363,366,3,2
363,367,3,2
363,368,3,2
363,369,3,2
363,370,3,2
363,371,3,2
363,372,3,2
363,373,3,2
363,374,3,2
363,375,3,2
363,376,3,2
363,377,3,2
363,378,3,2
363,379,3,2
363,380,3,2
363,381,3,2
363,382,3,2
363,383,3,2
363,384,3,2
363,385,3,2
363,386,3,2
363,387,3,2
363,388,3,2
363,389,3,2
363,390,3,2
363,391,3,2
363,392,3,2
363,393,3,2
363,394,3,2
363,395,3,2
363,396,3,2
363,397,3,2
363,398,3,2
363,399,3,2
363,400,3,2
363,401,3,2
363,402,3,2
363,403,3,2
363,404,3,2
363,405,3,2
363,406,3,2
363,407,3,2
363,408,3,2
363,409,3,2
363,410,3,2
363,411,3,3
363,412,3,3
363,413,3,3
363,414,3,3
363,415,3,3
363,416,3,3
363,417,3,3
363,418,3,3
363,419,3,3
363,420,3,3
363,421,3,3
363,422,3,3
363,423,3,3
363,424,3,3
363,425,3,3
363,426,3,3
363,427,3,3
363,428,3,3
363,429,3,3
363,430,3,3
363,431,3,3
363,432,3,3
363,433,3,3
363,434,3,3
363,435,3,3
363,436,3,3
363,437,3,3
363,438,3,3
363,439,3,3
363,440,3,3
363,441,3,3
363,442,3,3
363,443,3,3
363,444,3,3
363,445,3,3
363,446,3,3
363,447,3,3
363,448,3,3
363,449,3,3
363,450,3,3
363,451,3,3
363,452,3,3
363,453,3,3
363,454,3,3
363,455,3,3
363,456,3,3
363,457,3,3
363,458,3,3
363,459,3,3
363,460,3,3
363,461,3,2
363,462,3,2
363,463,3,2
363,464,3,2
363,465,3,2
363,466,3,2
363,467,3,2
363,468,3,2
363,469,3,2
363,470,3,2
363,471,3,2
363,472,3,2
363,473,3,2
363,474,3,2
363,475,3,2
363,476,3,2
363,477,3,2
363,478,3,3
363,479,3,3
363,480,3,3
363,481,3,3
363,482,3,3
363,483,3,3
363,484,3,3
363,485,3,3
363,486,3,3
363,487,3,3
363,488,3,3
363,489,3,3
363,490,3,3
363,491,3,3
363,492,3,3
363,493,3,3
363,494,3,3
363,495,3,3
363,496,3,3
363,497,3,3
363,498,3,3
363,499,3,3
363,500,3,3
363,501,3,3
363,502,3,3
363,503,3,3
363,504,3,3
363,505,3,3
363,506,3,3
363,507,3,3
363,508,3,3
363,509,3,3
363,510,3,3
363,511,3,3
363,512,3,3
363,513,3,3
363,514,3,3
363,515,3,3
363,516,3,3
363,517,3,3
363,518,3,3
363,519,3,3
363,520,3,3
363,521,3,3
363,522,3,3
363,523,3,3
363,524,3,3
363,525,3,3
363,526,3,3
363,527,3,3
363,528,3,3
363,529,3,3
363,530,3,3
363,531,3,3
363,532,3,3
363,533,3,3
363,534,3,3
363,535,3,3
363,536,3,3
363,537,3,3
363,538,3,3
363,539,3,3
363,540,3,3
363,541,3,3
363,542,3,3
363,543,3,3
363,544,3,3
363,545,3,3
363,546,3,3
363,547,3,3
363,548,3,3
363,549,3,3
363,550,3,3
363,551,3,3
363,552,3,3
363,553,3,3
363,554,3,3
363,555,3,3
363,556,3,3
363,557,3,3
363,558,3,3
363,559,3,3
363,560,3,3
363,561,3,3
363,562,3,2
363,563,3,2
363,564,3,2
363,565,3,2
363,566,3,2
363,567,3,2
363,568,3,2
363,569,3,2
363,570,3,2
363,571,3,2
363,572,3,2
363,573,3,2
363,574,3,2
363,575,3,2
363,576,3,2
363,577,3,2
363,578,3,2
363,579,3,2
363,580,3,2
363,581,3,2
363,582,3,2
363,583,3,2
363,584,3,2
363,585,3,2
363,586,3,2
363,587,3,2
363,588,3,2
363,589,3,2
363,590,3,2
363,591,3,2
363,592,3,2
363,593,3,2
363,594,3,2
363,595,3,2
363,596,3,2
363,597,3,2
363,598,3,2
363,599,3,2
363,600,3,2
363,601,3,2
363,602,3,2
363,603,3,2
363,604,3,2
363,605,3,2
363,606,3,2
363,607,3,2
363,608,3,2
363,609,3,2
363,610,3,2
363,611,3,2
363,612,3,2
363,613,3,2
363,614,3,2
363,615,3,2
363,616,3,2
363,617,3,2
363,618,3,2
363,619,3,2
363,620,3,2
363,621,3,2
363,622,3,2
363,623,3,2
363,624,3,2
363,625,3,2
363,626,3,2
363,627,3,2
363,628,3,2
363,629,3,2
363,630,3,2
363,631,3,2
363,632,3,2
363,633,3,2
363,634,3,2
363,635,3,2
363,636,3,2
363,637,3,2
363,638,3,2
363,639,3,2
363,640,3,2
363,641,3,2
363,642,3,2
363,643,3,2
363,644,3,2
363,645,3,2
363,646,3,2
363,647,3,2
363,648,3,2
363,649,3,2
363,650,3,2
363,651,3,2
363,652,3,2
363,653,3,2
363,654,3,2
363,655,3,2
363,656,3,2
363,657,3,2
363,658,3,2
363,659,3,2
363,660,3,2
363,661,3,2
363,662,3,2
363,663,3,2
363,664,3,2
363,665,3,2
363,666,3,2
363,667,3,2
363,668,3,2
363,669,3,2
363,670,3,2
363,671,3,2
363,672,3,2
363,673,3,2
363,674,3,2
364,76,3,2
364,77,3,2
364,78,3,2
364,79,3,2
364,80,3,2
364,81,3,2
364,82,3,2
364,83,3,2
364,84,3,2
364,85,3,2
364,86,3,2
364,87,3,2
364,88,3,2
364,89,3,2
364,90,3,2
364,91,3,2
364,92,3,2
364,93,3,2
364,94,3,2
364,95,3,2
364,96,3,2
364,97,3,2
364,98,3,2
364,99,3,2
364,100,3,2
364,101,3,2
364,102,3,2
364,103,3,2
364,104,3,2
364,105,3,2
364,106,3,2
364,107,3,2
364,108,3,2
364,109,3,2
364,110,3,2
364,111,3,2
364,112,3,2
364,113,3,2
364,114,3,2
364,115,3,2
364,116,3,2
364,117,3,2
364,118,3,2
364,119,3,2
364,120,3,2
364,121,3,2
364,122,3,2
364,123,3,2
364,124,3,2
364,125,3,2
364,126,3,2
364,127,3,2
364,128,3,2
364,129,3,2
364,130,3,2
364,131,3,2
364,132,3,2
364,133,3,2
364,134,3,2
364,135,3,2
364,136,3,2
364,137,3,2
364,138,3,2
364,139,3,2
364,140,3,2
364,141,3,2
364,142,3,2
364,143,3,2
364,144,3,2
364,145,3,2
364,146,3,2
364,147,3,2
364,148,3,2
364,149,3,2
364,150,3,2
364,151,3,2
364,152,3,2
364,153,3,2
364,154,3,2
364,155,3,2
364,156,3,2
364,157,3,2
364,158,3,2
364,159,3,2
364,160,3,2
364,161,3,2
364,162,3,2
364,163,3,2
364,164,3,2
364,165,3,2
364,166,3,2
364,167,3,2
364,168,3,2
364,169,3,2
364,170,3,2
364,171,3,2
364,172,3,2
364,173,3,2
364,174,3,2
364,175,3,2
364,176,3,2
364,177,3,2
364,178,3,2
364,179,3,2
364,180,3,2
364,181,3,2
364,182,3,2
364,183,3,2
364,184,3,2
364,185,3,2
364,186,3,2
364,187,3,2
364,188,3,2
364,189,3,2
364,190,3,2
364,191,3,2
364,192,3,2
364,193,3,2
364,194,3,2
364,195,3,2
364,196,3,2
364,197,3,2
364,198,3,2
364,199,3,2
364,200,3,2
364,201,3,2
364,202,3,2
364,203,3,2
364,204,3,2
364,205,3,2
364,206,3,2
364,207,3,2
364,208,3,2
364,209,3,2
364,210,3,2
364,211,3,2
364,212,3,2
364,213,3,2
364,214,3,2
364,215,3,2
364,216,3,2
364,217,3,2
364,218,3,2
364,219,3,2
364,220,3,2
364,221,3,2
364,222,3,2
364,223,3,2
364,224,3,2
364,225,3,2
364,226,3,2
364,227,3,2
364,228,3,2
364,229,3,2
364,230,3,2
364,231,3,2
364,232,3,2
364,233,3,2
364,234,3,2
364,235,3,2
364,236,3,2
364,237,3,2
364,238,3,2
364,239,3,2
364,240,3,2
364,241,3,2
364,242,3,2
364,243,3,2
364,244,3,2
364,245,3,2
364,246,3,2
364,247,3,2
364,248,3,2
364,249,3,2
364,250,3,2
364,251,3,2
364,252,3,2
364,253,3,2
364,254,3,2
364,255,3,2
364,256,3,2
364,257,3,2
364,258,3,2
364,259,3,2
364,260,3,2
364,261,3,2
364,262,3,2
364,263,3,2
364,264,3,2
364,265,3,2
364,266,3,2
364,267,3,2
364,268,3,2
364,269,3,2
364,270,3,2
364,271,3,2
364,272,3,2
364,273,3,2
364,274,3,2
364,275,3,2
364,276,3,2
364,277,3,2
364,278,3,2
364,279,3,2
364,280,3,2
364,281,3,2
364,282,3,2
364,283,3,2
364,284,3,2
364,285,3,2
364,286,3,2
364,287,3,2
364,288,3,2
364,289,3,2
364,290,3,2
364,291,3,2
364,292,3,2
364,293,3,2
364,294,3,2
364,295,3,2
364,296,3,2
364,297,3,2
364,298,3,2
364,299,3,2
364,300,3,2
364,301,3,2
364,302,3,2
364,303,3,2
364,304,3,2
364,305,3,2
364,306,3,2
364,307,3,2
364,308,3,2
364,309,3,2
364,310,3,2
364,311,3,2
364,312,3,2
364,313,3,2
364,314,3,2
364,315,3,2
364,316,3,2
364,317,3,2
364,318,3,2
364,319,3,2
364,320,3,2
364,321,3,2
364,322,3,2
364,323,3,2
364,324,3,2
364,325,3,2
364,326,3,2
364,327,3,2
364,328,3,2
364,329,3,2
364,330,3,2
364,331,3,2
364,332,3,2
364,333,3,2
364,334,3,2
364,335,3,2
364,336,3,2
364,337,3,2
364,338,3,2
364,339,3,2
364,340,3,2
364,341,3,2
364,342,3,2
364,343,3,2
364,344,3,2
364,345,3,2
364,346,3,2
364,347,3,2
364,348,3,2
364,349,3,2
364,350,3,2
364,351,3,2
364,352,3,2
364,353,3,2
364,354,3,2
364,355,3,2
364,356,3,2
364,357,3,2
364,358,3,2
364,359,3,2
364,360,3,2
364,361,3,2
364,362,3,2
364,363,3,2
364,364,3,2
364,365,3,2
364,366,3,2
364,367,3,2
364,368,3,2
364,369,3,2
364,370,3,2
364,371,3,2
364,372,3,2
364,373,3,2
364,374,3,2
364,375,3,2
364,376,3,2
364,377,3,2
364,378,3,2
364,379,3,2
364,380,3,2
364,381,3,2
364,382,3,2
364,383,3,2
364,384,3,2
364,385,3,2
364,386,3,2
364,387,3,2
364,388,3,2
364,389,3,2
364,390,3,2
364,391,3,2
364,392,3,2
364,393,3,2
364,394,3,2
364,395,3,2
364,396,3,2
364,397,3,2
364,398,3,2
364,399,3,2
364,400,3,2
364,401,3,2
364,402,3,2
364,403,3,2
364,404,3,2
364,405,3,2
364,406,3,2
364,407,3,2
364,408,3,2
364,409,3,2
364,410,3,3
364,411,3,3
364,412,3,3
364,413,3,3
364,414,3,3
364,415,3,3
364,416,3,3
364,417,3,3
364,418,3,3
364,419,3,3
364,420,3,3
364,421,3,3
364,422,3,3
364,423,3,3
364,424,3,3
364,425,3,3
364,426,3,3
364,427,3,3
364,428,3,3
364,429,3,3
364,430,3,3
364,431,3,3
364,432,3,3
364,433,3,3
364,434,3,3
364,435,3,3
364,436,3,3
364,437,3,3
364,438,3,3
364,439,3,3
364,440,3,3
364,441,3,3
364,442,3,3
364,443,3,3
364,444,3,3
364,445,3,3
364,446,3,3
364,447,3,3
364,448,3,3
364,449,3,3
364,450,3,3
364,451,3,3
364,452,3,3
364,453,3,3
364,454,3,3
364,455,3,3
364,456,3,3
364,457,3,3
364,458,3,3
364,459,3,3
364,460,3,3
364,461,3,2
364,462,3,2
364,463,3,2
364,464,3,2
364,465,3,2
364,466,3,2
364,467,3,2
364,468,3,2
364,469,3,2
364,470,3,2
364,471,3,2
364,472,3,2
364,473,3,2
364,474,3,2
364,475,3,2
364,476,3,2
364,477,3,2
364,478,3,3
364,479,3,3
364,480,3,3
364,481,3,3
364,482,3,3
364,483,3,3
364,484,3,3
364,485,3,3
364,486,3,3
364,487,3,3
364,488,3,3
364,489,3,3
364,490,3,3
364,491,3,3
364,492,3,3
364,493,3,3
364,494,3,3
364,495,3,3
364,496,3,3
364,497,3,3
364,498,3,3
364,499,3,3
364,500,3,3
364,501,3,3
364,502,3,3
364,503,3,3
364,504,3,3
364,505,3,3
364,506,3,3
364,507,3,3
364,508,3,3
364,509,3,3
364,510,3,3
364,511,3,3
364,512,3,3
364,513,3,3
364,514,3,3
364,515,3,3
364,516,3,3
364,517,3,3
364,518,3,3
364,519,3,3
364,520,3,3
364,521,3,3
364,522,3,3
364,523,3,3
364,524,3,3
364,525,3,3
364,526,3,3
364,527,3,3
364,528,3,3
364,529,3,3
364,530,3,3
364,531,3,3
364,532,3,3
364,533,3,3
364,534,3,3
364,535,3,3
364,536,3,3
364,537,3,3
364,538,3,3
364,539,3,3
364,540,3,3
364,541,3,3
364,542,3,3
364,543,3,3
364,544,3,3
364,545,3,3
364,546,3,3
364,547,3,3
364,548,3,3
364,549,3,3
364,550,3,3
364,551,3,3
364,552,3,3
364,553,3,3
364,554,3,3
364,555,3,3
364,556,3,3
364,557,3,3
364,558,3,3
364,559,3,3
364,560,3,3
364,561,3,3
364,562,3,2
364,563,3,2
364,564,3,2
364,565,3,2
364,566,3,2
364,567,3,2
364,568,3,2
364,569,3,2
364,570,3,2
364,571,3,2
364,572,3,2
364,573,3,2
364,574,3,2
364,575,3,2
364,576,3,2
364,577,3,2
364,578,3,2
364,579,3,2
364,580,3,2
364,581,3,2
364,582,3,2
364,583,3,2
364,584,3,2
364,585,3,2
364,586,3,2
364,587,3,2
364,588,3,2
364,589,3,2
364,590,3,2
364,591,3,2
364,592,3,2
364,593,3,2
364,594,3,2
364,595,3,2
364,596,3,2
364,597,3,2
364,598,3,2
364,599,3,2
364,600,3,2
364,601,3,2
364,602,3,2
364,603,3,2
364,604,3,2
364,605,3,2
364,606,3,2
364,607,3,2
364,608,3,2
364,609,3,2
364,610,3,2
364,611,3,2
364,612,3,2
364,613,3,2
364,614,3,2
364,615,3,2
364,616,3,2
364,617,3,2
364,618,3,2
364,619,3,2
364,620,3,2
364,621,3,2
364,622,3,2
364,623,3,2
364,624,3,2
364,625,3,2
364,626,3,2
364,627,3,2
364,628,3,2
364,629,3,2
364,630,3,2
364,631,3,2
364,632,3,2
364,633,3,2
364,634,3,2
364,635,3,2
364,636,3,2
364,637,3,2
364,638,3,2
364,639,3,2
364,640,3,2
364,641,3,2
364,642,3,2
364,643,3,2
364,644,3,2
364,645,3,2
364,646,3,2
364,647,3,2
364,648,3,2
364,649,3,2
364,650,3,2
364,651,3,2
364,652,3,2
364,653,3,2
364,654,3,2
364,655,3,2
364,656,3,2
364,657,3,2
364,658,3,2
364,659,3,2
364,660,3,2
364,661,3,2
364,662,3,2
364,663,3,2
364,664,3,2
364,665,3,2
364,666,3,2
364,667,3,2
364,668,3,2
364,669,3,2
364,670,3,2
364,671,3,2
364,672,3,2
364,673,3,2
364,674,3,2
365,76,3,2
365,77,3,2
365,78,3,2
365,79,3,2
365,80,3,2
365,81,3,2
365,82,3,2
365,83,3,2
365,84,3,2
365,85,3,2
365,86,3,2
365,87,3,2
365,88,3,2
365,89,3,2
365,90,3,2
365,91,3,2
365,92,3,2
365,93,3,2
365,94,3,2
365,95,3,2
365,96,3,2
365,97,3,2
365,98,3,2
365,99,3,2
365,100,3,2
365,101,3,2
365,102,3,2
365,103,3,2
365,104,3,2
365,105,3,2
365,106,3,2
365,107,3,2
365,108,3,2
365,109,3,2
365,110,3,2
365,111,3,2
365,112,3,2
365,113,3,2
365,114,3,2
365,115,3,2
365,116,3,2
365,117,3,2
365,118,3,2
365,119,3,2
365,120,3,2
365,121,3,2
365,122,3,2
365,123,3,2
365,124,3,2
365,125,3,2
365,126,3,2
365,127,3,2
365,128,3,2
365,129,3,2
365,130,3,2
365,131,3,2
365,132,3,2
365,133,3,2
365,134,3,2
365,135,3,2
365,136,3,2
365,137,3,2
365,138,3,2
365,139,3,2
365,140,3,2
365,141,3,2
365,142,3,2
365,143,3,2
365,144,3,2
365,145,3,2
365,146,3,2
365,147,3,2
365,148,3,2
365,149,3,2
365,150,3,2
365,151,3,2
365,152,3,2
365,153,3,2
365,154,3,2
365,155,3,2
365,156,3,2
365,157,3,2
365,158,3,2
365,159,3,2
365,160,3,2
365,161,3,2
365,162,3,2
365,163,3,2
365,164,3,2
365,165,3,2
365,166,3,2
365,167,3,2
365,168,3,2
365,169,3,2
365,170,3,2
365,171,3,2
365,172,3,2
365,173,3,2
365,174,3,2
365,175,3,2
365,176,3,2
365,177,3,2
365,178,3,2
365,179,3,2
365,180,3,2
365,181,3,2
365,182,3,2
365,183,3,2
365,184,3,2
365,185,3,2
365,186,3,2
365,187,3,2
365,188,3,2
365,189,3,2
365,190,3,2
365,191,3,2
365,192,3,2
365,193,3,2
365,194,3,2
365,195,3,2
365,196,3,2
365,197,3,2
365,198,3,2
365,199,3,2
365,200,3,2
365,201,3,2
365,202,3,2
365,203,3,2
365,204,3,2
365,205,3,2
365,206,3,2
365,207,3,2
365,208,3,2
365,209,3,2
365,210,3,2
365,211,3,2
365,212,3,2
365,213,3,2
365,214,3,2
365,215,3,2
365,216,3,2
365,217,3,2
365,218,3,2
365,219,3,2
365,220,3,2
365,221,3,2
365,222,3,2
365,223,3,2
365,224,3,2
365,225,3,2
365,226,3,2
365,227,3,2
365,228,3,2
365,229,3,2
365,230,3,2
365,231,3,2
365,232,3,2
365,233,3,2
365,234,3,2
365,235,3,2
365,236,3,2
365,237,3,2
365,238,3,2
365,239,3,2
365,240,3,2
365,241,3,2
365,242,3,2
365,243,3,2
365,244,3,2
365,245,3,2
365,246,3,2
365,247,3,2
365,248,3,2
365,249,3,2
365,250,3,2
365,251,3,2
365,252,3,2
365,253,3,2
365,254,3,2
365,255,3,2
365,256,3,2
365,257,3,2
365,258,3,2
365,259,3,2
365,260,3,2
365,261,3,2
365,262,3,2
365,263,3,2
365,264,3,2
365,265,3,2
365,266,3,2
365,267,3,2
365,268,3,2
365,269,3,2
365,270,3,2
365,271,3,2
365,272,3,2
365,273,3,2
365,274,3,2
365,275,3,2
365,276,3,2
365,277,3,2
365,278,3,2
365,279,3,2
365,280,3,2
365,281,3,2
365,282,3,2
365,283,3,2
365,284,3,2
365,285,3,2
365,286,3,2
365,287,3,2
365,288,3,2
365,289,3,2
365,290,3,2
365,291,3,2
365,292,3,2
365,293,3,2
365,294,3,2
365,295,3,2
365,296,3,2
365,297,3,2
365,298,3,2
365,299,3,2
365,300,3,2
365,301,3,2
365,302,3,2
365,303,3,2
365,304,3,2
365,305,3,2
365,306,3,2
365,307,3,2
365,308,3,2
365,309,3,2
365,310,3,2
365,311,3,2
365,312,3,2
365,313,3,2
365,314,3,2
365,315,3,2
365,316,3,2
365,317,3,2
365,318,3,2
365,319,3,2
365,320,3,2
365,321,3,2
365,322,3,2
365,323,3,2
365,324,3,2
365,325,3,2
365,326,3,2
365,327,3,2
365,328,3,2
365,329,3,2
365,330,3,2
365,331,3,2
365,332,3,2
365,333,3,2
365,334,3,2
365,335,3,2
365,336,3,2
365,337,3,2
365,338,3,2
365,339,3,2
365,340,3,2
365,341,3,2
365,342,3,2
365,343,3,2
365,344,3,2
365,345,3,2
365,346,3,2
365,347,3,2
365,348,3,2
365,349,3,2
365,350,3,2
365,351,3,2
365,352,3,2
365,353,3,2
365,354,3,2
365,355,3,2
365,356,3,2
365,357,3,2
365,358,3,2
365,359,3,2
365,360,3,2
365,361,3,2
365,362,3,2
365,363,3,2
365,364,3,2
365,365,3,2
365,366,3,2
365,367,3,2
365,368,3,2
365,369,3,2
365,370,3,2
365,371,3,2
365,372,3,2
365,373,3,2
365,374,3,2
365,375,3,2
365,376,3,2
365,377,3,2
365,378,3,2
365,379,3,2
365,380,3,2
365,381,3,2
365,382,3,2
365,383,3,2
365,384,3,2
365,385,3,2
365,386,3,2
365,387,3,2
365,388,3,2
365,389,3,2
365,390,3,2
365,391,3,2
365,392,3,2
365,393,3,2
365,394,3,2
365,395,3,2
365,396,3,2
365,397,3,2
365,398,3,2
365,399,3,2
365,400,3,2
365,401,3,2
365,402,3,2
365,403,3,2
365,404,3,2
365,405,3,2
365,406,3,2
365,407,3,3
365,408,3,3
365,409,3,3
365,410,3,3
365,411,3,3
365,412,3,3
365,413,3,3
365,414,3,3
365,415,3,3
365,416,3,3
365,417,3,3
365,418,3,3
365,419,3,3
365,420,3,3
365,421,3,3
365,422,3,3
365,423,3,3
365,424,3,3
365,425,3,3
365,426,3,3
365,427,3,3
365,428,3,3
365,429,3,3
365,430,3,3
365,431,3,3
365,432,3,3
365,433,3,3
365,434,3,3
365,435,3,3
365,436,3,3
365,437,3,3
365,438,3,3
365,439,3,3
365,440,3,3
365,441,3,3
365,442,3,3
365,443,3,3
365,444,3,3
365,445,3,3
365,446,3,3
365,447,3,3
365,448,3,3
365,449,3,3
365,450,3,3
365,451,3,3
365,452,3,3
365,453,3,3
365,454,3,3
365,455,3,3
365,456,3,3
365,457,3,3
365,458,3,3
365,459,3,3
365,460,3,3
365,461,3,2
365,462,3,2
365,463,3,2
365,464,3,2
365,465,3,2
365,466,3,2
365,467,3,2
365,468,3,2
365,469,3,2
365,470,3,2
365,471,3,2
365,472,3,2
365,473,3,2
365,474,3,2
365,475,3,2
365,476,3,2
365,477,3,3
365,478,3,3
365,479,3,3
365,480,3,3
365,481,3,3
365,482,3,3
365,483,3,3
365,484,3,3
365,485,3,3
365,486,3,3
365,487,3,3
365,488,3,3
365,489,3,3
365,490,3,3
365,491,3,3
365,492,3,3
365,493,3,3
365,494,3,3
365,495,3,3
365,496,3,3
365,497,3,3
365,498,3,3
365,499,3,3
365,500,3,3
365,501,3,3
365,502,3,3
365,503,3,3
365,504,3,3
365,505,3,3
365,506,3,3
365,507,3,3
365,508,3,3
365,509,3,3
365,510,3,3
365,511,3,3
365,512,3,3
365,513,3,3
365,514,3,3
365,515,3,3
365,516,3,3
365,517,3,3
365,518,3,3
365,519,3,3
365,520,3,3
365,521,3,3
365,522,3,3
365,523,3,3
365,524,3,3
365,525,3,3
365,526,3,3
365,527,3,3
365,528,3,3
365,529,3,3
365,530,3,3
365,531,3,3
365,532,3,3
365,533,3,3
365,534,3,3
365,535,3,3
365,536,3,3
365,537,3,3
365,538,3,3
365,539,3,3
365,540,3,3
365,541,3,3
365,542,3,3
365,543,3,3
365,544,3,3
365,545,3,3
365,546,3,3
365,547,3,3
365,548,3,3
365,549,3,3
365,550,3,3
365,551,3,3
365,552,3,3
365,553,3,3
365,554,3,3
365,555,3,3
365,556,3,3
365,557,3,3
365,558,3,3
365,559,3,3
365,560,3,3
365,561,3,3
365,562,3,3
365,563,3,2
365,564,3,2
365,565,3,2
365,566,3,2
365,567,3,2
365,568,3,2
365,569,3,2
365,570,3,2
365,571,3,2
365,572,3,2
365,573,3,2
365,574,3,2
365,575,3,2
365,576,3,2
365,577,3,2
365,578,3,2
365,579,3,2
365,580,3,2
365,581,3,2
365,582,3,2
365,583,3,2
365,584,3,2
365,585,3,2
365,586,3,2
365,587,3,2
365,588,3,2
365,589,3,2
365,590,3,2
365,591,3,2
365,592,3,2
365,593,3,2
365,594,3,2
365,595,3,2
365,596,3,2
365,597,3,2
365,598,3,2
365,599,3,2
365,600,3,2
365,601,3,2
365,602,3,2
365,603,3,2
365,604,3,2
365,605,3,2
365,606,3,2
365,607,3,2
365,608,3,2
365,609,3,2
365,610,3,2
365,611,3,2
365,612,3,2
365,613,3,2
365,614,3,2
365,615,3,2
365,616,3,2
365,617,3,2
365,618,3,2
365,619,3,2
365,620,3,2
365,621,3,2
365,622,3,2
365,623,3,2
365,624,3,2
365,625,3,2
365,626,3,2
365,627,3,2
365,628,3,2
365,629,3,2
365,630,3,2
365,631,3,2
365,632,3,2
365,633,3,2
365,634,3,2
365,635,3,2
365,636,3,2
365,637,3,2
365,638,3,2
365,639,3,2
365,640,3,2
365,641,3,2
365,642,3,2
365,643,3,2
365,644,3,2
365,645,3,2
365,646,3,2
365,647,3,2
365,648,3,2
365,649,3,2
365,650,3,2
365,651,3,2
365,652,3,2
365,653,3,2
365,654,3,2
365,655,3,2
365,656,3,2
365,657,3,2
365,658,3,2
365,659,3,2
365,660,3,2
365,661,3,2
365,662,3,2
365,663,3,2
365,664,3,2
365,665,3,2
365,666,3,2
365,667,3,2
365,668,3,2
365,669,3,2
365,670,3,2
365,671,3,2
365,672,3,2
365,673,3,2
365,674,3,2
365,675,3,2
366,76,3,2
366,77,3,2
366,78,3,2
366,79,3,2
366,80,3,2
366,81,3,2
366,82,3,2
366,83,3,2
366,84,3,2
366,85,3,2
366,86,3,2
366,87,3,2
366,88,3,2
366,89,3,2
366,90,3,2
366,91,3,2
366,92,3,2
366,93,3,2
366,94,3,2
366,95,3,2
366,96,3,2
366,97,3,2
366,98,3,2
366,99,3,2
366,100,3,2
366,101,3,2
366,102,3,2
366,103,3,2
366,104,3,2
366,105,3,2
366,106,3,2
366,107,3,2
366,108,3,2
366,109,3,2
366,110,3,2
366,111,3,2
366,112,3,2
366,113,3,2
366,114,3,2
366,115,3,2
366,116,3,2
366,117,3,2
366,118,3,2
366,119,3,2
366,120,3,2
366,121,3,2
366,122,3,2
366,123,3,2
366,124,3,2
366,125,3,2
366,126,3,2
366,127,3,2
366,128,3,2
366,129,3,2
366,130,3,2
366,131,3,2
366,132,3,2
366,133,3,2
366,134,3,2
366,135,3,2
366,136,3,2
366,137,3,2
366,138,3,2
366,139,3,2
366,140,3,2
366,141,3,2
366,142,3,2
366,143,3,2
366,144,3,2
366,145,3,2
366,146,3,2
366,147,3,2
366,148,3,2
366,149,3,2
366,150,3,2
366,151,3,2
366,152,3,2
366,153,3,2
366,154,3,2
366,155,3,2
366,156,3,2
366,157,3,2
366,158,3,2
366,159,3,2
366,160,3,2
366,161,3,2
366,162,3,2
366,163,3,2
366,164,3,2
366,165,3,2
366,166,3,2
366,167,3,2
366,168,3,2
366,169,3,2
366,170,3,2
366,171,3,2
366,172,3,2
366,173,3,2
366,174,3,2
366,175,3,2
366,176,3,2
366,177,3,2
366,178,3,2
366,179,3,2
366,180,3,2
366,181,3,2
366,182,3,2
366,183,3,2
366,184,3,2
366,185,3,2
366,186,3,2
366,187,3,2
366,188,3,2
366,189,3,2
366,190,3,2
366,191,3,2
366,192,3,2
366,193,3,2
366,194,3,2
366,195,3,2
366,196,3,2
366,197,3,2
366,198,3,2
366,199,3,2
366,200,3,2
366,201,3,2
366,202,3,2
366,203,3,2
366,204,3,2
366,205,3,2
366,206,3,2
366,207,3,2
366,208,3,2
366,209,3,2
366,210,3,2
366,211,3,2
366,212,3,2
366,213,3,2
366,214,3,2
366,215,3,2
366,216,3,2
366,217,3,2
366,218,3,2
366,219,3,2
366,220,3,2
366,221,3,2
366,222,3,2
366,223,3,2
366,224,3,2
366,225,3,2
366,226,3,2
366,227,3,2
366,228,3,2
366,229,3,2
366,230,3,2
366,231,3,2
366,232,3,2
366,233,3,2
366,234,3,2
366,235,3,2
366,236,3,2
366,237,3,2
366,238,3,2
366,239,3,2
366,240,3,2
366,241,3,2
366,242,3,2
366,243,3,2
366,244,3,2
366,245,3,2
366,246,3,2
366,247,3,2
366,248,3,2
366,249,3,2
366,250,3,2
366,251,3,2
366,252,3,2
366,253,3,2
366,254,3,2
366,255,3,2
366,256,3,2
366,257,3,2
366,258,3,2
366,259,3,2
366,260,3,2
366,261,3,2
366,262,3,2
366,263,3,2
366,264,3,2
366,265,3,2
366,266,3,2
366,267,3,2
366,268,3,2
366,269,3,2
366,270,3,2
366,271,3,2
366,272,3,2
366,273,3,2
366,274,3,2
366,275,3,2
366,276,3,2
366,277,3,2
366,278,3,2
366,279,3,2
366,280,3,2
366,281,3,2
366,282,3,2
366,283,3,2
366,284,3,2
366,285,3,2
366,286,3,2
366,287,3,2
366,288,3,2
366,289,3,2
366,290,3,2
366,291,3,2
366,292,3,2
366,293,3,2
366,294,3,2
366,295,3,2
366,296,3,2
366,297,3,2
366,298,3,2
366,299,3,2
366,300,3,2
366,301,3,2
366,302,3,2
366,303,3,2
366,304,3,2
366,305,3,2
366,306,3,2
366,307,3,2
366,308,3,2
366,309,3,2
366,310,3,2
366,311,3,2
366,312,3,2
366,313,3,2
366,314,3,2
366,315,3,2
366,316,3,2
366,317,3,2
366,318,3,2
366,319,3,2
366,320,3,2
366,321,3,2
366,322,3,2
366,323,3,2
366,324,3,2
366,325,3,2
366,326,3,2
366,327,3,2
366,328,3,2
366,329,3,2
366,330,3,2
366,331,3,2
366,332,3,2
366,333,3,2
366,334,3,2
366,335,3,2
366,336,3,2
366,337,3,2
366,338,3,2
366,339,3,2
366,340,3,2
366,341,3,2
366,342,3,2
366,343,3,2
366,344,3,2
366,345,3,2
366,346,3,2
366,347,3,2
366,348,3,2
366,349,3,2
366,350,3,2
366,351,3,2
366,352,3,2
366,353,3,2
366,354,3,2
366,355,3,2
366,356,3,2
366,357,3,2
366,358,3,2
366,359,3,2
366,360,3,2
366,361,3,2
366,362,3,2
366,363,3,2
366,364,3,2
366,365,3,2
366,366,3,2
366,367,3,2
366,368,3,2
366,369,3,2
366,370,3,2
366,371,3,2
366,372,3,2
366,373,3,2
366,374,3,2
366,375,3,2
366,376,3,2
366,377,3,2
366,378,3,2
366,379,3,2
366,380,3,2
366,381,3,2
366,382,3,2
366,383,3,2
366,384,3,2
366,385,3,2
366,386,3,2
366,387,3,2
366,388,3,2
366,389,3,2
366,390,3,2
366,391,3,2
366,392,3,2
366,393,3,2
366,394,3,2
366,395,3,2
366,396,3,2
366,397,3,2
366,398,3,2
366,399,3,2
366,400,3,2
366,401,3,2
366,402,3,2
366,403,3,2
366,404,3,2
366,405,3,2
366,406,3,3
366,407,3,3
366,408,3,3
366,409,3,3
366,410,3,3
366,411,3,3
366,412,3,3
366,413,3,3
366,414,3,3
366,415,3,3
366,416,3,3
366,417,3,3
366,418,3,3
366,419,3,3
366,420,3,3
366,421,3,3
366,422,3,3
366,423,3,3
366,424,3,3
366,425,3,3
366,426,3,3
366,427,3,3
366,428,3,3
366,429,3,3
366,430,3,3
366,431,3,3
366,432,3,3
366,433,3,3
366,434,3,3
366,435,3,3
366,436,3,3
366,437,3,3
366,438,3,3
366,439,3,3
366,440,3,3
366,441,3,3
366,442,3,3
366,443,3,3
366,444,3,3
366,445,3,3
366,446,3,3
366,447,3,3
366,448,3,3
366,449,3,3
366,450,3,3
366,451,3,3
366,452,3,3
366,453,3,3
366,454,3,3
366,455,3,3
366,456,3,3
366,457,3,3
366,458,3,3
366,459,3,3
366,460,3,3
366,461,3,2
366,462,3,2
366,463,3,2
366,464,3,2
366,465,3,2
366,466,3,2
366,467,3,2
366,468,3,2
366,469,3,2
366,470,3,2
366,471,3,2
366,472,3,2
366,473,3,2
366,474,3,2
366,475,3,2
366,476,3,2
366,477,3,3
366,478,3,3
366,479,3,3
366,480,3,3
366,481,3,3
366,482,3,3
366,483,3,3
366,484,3,3
366,485,3,3
366,486,3,3
366,487,3,3
366,488,3,3
366,489,3,3
366,490,3,3
366,491,3,3
366,492,3,3
366,493,3,3
366,494,3,3
366,495,3,3
366,496,3,3
366,497,3,3
366,498,3,3
366,499,3,3
366,500,3,3
366,501,3,3
366,502,3,3
366,503,3,3
366,504,3,3
366,505,3,3
366,506,3,3
366,507,3,3
366,508,3,3
366,509,3,3
366,510,3,3
366,511,3,3
366,512,3,3
366,513,3,3
366,514,3,3
366,515,3,3
366,516,3,3
366,517,3,3
366,518,3,3
366,519,3,3
366,520,3,3
366,521,3,3
366,522,3,3
366,523,3,3
366,524,3,3
366,525,3,3
366,526,3,3
366,527,3,3
366,528,3,3
366,529,3,3
366,530,3,3
366,531,3,3
366,532,3,3
366,533,3,3
366,534,3,3
366,535,3,3
366,536,3,3
366,537,3,3
366,538,3,3
366,539,3,3
366,540,3,3
366,541,3,3
366,542,3,3
366,543,3,3
366,544,3,3
366,545,3,3
366,546,3,3
366,547,3,3
366,548,3,3
366,549,3,3
366,550,3,3
366,551,3,3
366,552,3,3
366,553,3,3
366,554,3,3
366,555,3,3
366,556,3,3
366,557,3,3
366,558,3,3
366,559,3,3
366,560,3,3
366,561,3,3
366,562,3,3
366,563,3,2
366,564,3,2
366,565,3,2
366,566,3,2
366,567,3,2
366,568,3,2
366,569,3,2
366,570,3,2
366,571,3,2
366,572,3,2
366,573,3,2
366,574,3,2
366,575,3,2
366,576,3,2
366,577,3,2
366,578,3,2
366,579,3,2
366,580,3,2
366,581,3,2
366,582,3,2
366,583,3,2
366,584,3,2
366,585,3,2
366,586,3,2
366,587,3,2
366,588,3,2
366,589,3,2
366,590,3,2
366,591,3,2
366,592,3,2
366,593,3,2
366,594,3,2
366,595,3,2
366,596,3,2
366,597,3,2
366,598,3,2
366,599,3,2
366,600,3,2
366,601,3,2
366,602,3,2
366,603,3,2
366,604,3,2
366,605,3,2
366,606,3,2
366,607,3,2
366,608,3,2
366,609,3,2
366,610,3,2
366,611,3,2
366,612,3,2
366,613,3,2
366,614,3,2
366,615,3,2
366,616,3,2
366,617,3,2
366,618,3,2
366,619,3,2
366,620,3,2
366,621,3,2
366,622,3,2
366,623,3,2
366,624,3,2
366,625,3,2
366,626,3,2
366,627,3,2
366,628,3,2
366,629,3,2
366,630,3,2
366,631,3,2
366,632,3,2
366,633,3,2
366,634,3,2
366,635,3,2
366,636,3,2
366,637,3,2
366,638,3,2
366,639,3,2
366,640,3,2
366,641,3,2
366,642,3,2
366,643,3,2
366,644,3,2
366,645,3,2
366,646,3,2
366,647,3,2
366,648,3,2
366,649,3,2
366,650,3,2
366,651,3,2
366,652,3,2
366,653,3,2
366,654,3,2
366,655,3,2
366,656,3,2
366,657,3,2
366,658,3,2
366,659,3,2
366,660,3,2
366,661,3,2
366,662,3,2
366,663,3,2
366,664,3,2
366,665,3,2
366,666,3,2
366,667,3,2
366,668,3,2
366,669,3,2
366,670,3,2
366,671,3,2
366,672,3,2
366,673,3,2
366,674,3,2
366,675,3,2
366,676,3,2
367,76,3,2
367,77,3,2
367,78,3,2
367,79,3,2
367,80,3,2
367,81,3,2
367,82,3,2
367,83,3,2
367,84,3,2
367,85,3,2
367,86,3,2
367,87,3,2
367,88,3,2
367,89,3,2
367,90,3,2
367,91,3,2
367,92,3,2
367,93,3,2
367,94,3,2
367,95,3,2
367,96,3,2
367,97,3,2
367,98,3,2
367,99,3,2
367,100,3,2
367,101,3,2
367,102,3,2
367,103,3,2
367,104,3,2
367,105,3,2
367,106,3,2
367,107,3,2
367,108,3,2
367,109,3,2
367,110,3,2
367,111,3,2
367,112,3,2
367,113,3,2
367,114,3,2
367,115,3,2
367,116,3,2
367,117,3,2
367,118,3,2
367,119,3,2
367,120,3,2
367,121,3,2
367,122,3,2
367,123,3,2
367,124,3,2
367,125,3,2
367,126,3,2
367,127,3,2
367,128,3,2
367,129,3,2
367,130,3,2
367,131,3,2
367,132,3,2
367,133,3,2
367,134,3,2
367,135,3,2
367,136,3,2
367,137,3,2
367,138,3,2
367,139,3,2
367,140,3,2
367,141,3,2
367,142,3,2
367,143,3,2
367,144,3,2
367,145,3,2
367,146,3,2
367,147,3,2
367,148,3,2
367,149,3,2
367,150,3,2
367,151,3,2
367,152,3,2
367,153,3,2
367,154,3,2
367,155,3,2
367,156,3,2
367,157,3,2
367,158,3,2
367,159,3,2
367,160,3,2
367,161,3,2
367,162,3,2
367,163,3,2
367,164,3,2
367,165,3,2
367,166,3,2
367,167,3,2
367,168,3,2
367,169,3,2
367,170,3,2
367,171,3,2
367,172,3,2
367,173,3,2
367,174,3,2
367,175,3,2
367,176,3,2
367,177,3,2
367,178,3,2
367,179,3,2
367,180,3,2
367,181,3,2
367,182,3,2
367,183,3,2
367,184,3,2
367,185,3,2
367,186,3,2
367,187,3,2
367,188,3,2
367,189,3,2
367,190,3,2
367,191,3,2
367,192,3,2
367,193,3,2
367,194,3,2
367,195,3,2
367,196,3,2
367,197,3,2
367,198,3,2
367,199,3,2
367,200,3,2
367,201,3,2
367,202,3,2
367,203,3,2
367,204,3,2
367,205,3,2
367,206,3,2
367,207,3,2
367,208,3,2
367,209,3,2
367,210,3,2
367,211,3,2
367,212,3,2
367,213,3,2
367,214,3,2
367,215,3,2
367,216,3,2
367,217,3,2
367,218,3,2
367,219,3,2
367,220,3,2
367,221,3,2
367,222,3,2
367,223,3,2
367,224,3,2
367,225,3,2
367,226,3,2
367,227,3,2
367,228,3,2
367,229,3,2
367,230,3,2
367,231,3,2
367,232,3,2
367,233,3,2
367,234,3,2
367,235,3,2
367,236,3,2
367,237,3,2
367,238,3,2
367,239,3,2
367,240,3,2
367,241,3,2
367,242,3,2
367,243,3,2
367,244,3,2
367,245,3,2
367,246,3,2
367,247,3,2
367,248,3,2
367,249,3,2
367,250,3,2
367,251,3,2
367,252,3,2
367,253,3,2
367,254,3,2
367,255,3,2
367,256,3,2
367,257,3,2
367,258,3,2
367,259,3,2
367,260,3,2
367,261,3,2
367,262,3,2
367,263,3,2
367,264,3,2
367,265,3,2
367,266,3,2
367,267,3,2
367,268,3,2
367,269,3,2
367,270,3,2
367,271,3,2
367,272,3,2
367,273,3,2
367,274,3,2
367,275,3,2
367,276,3,2
367,277,3,2
367,278,3,2
367,279,3,2
367,280,3,2
367,281,3,2
367,282,3,2
367,283,3,2
367,284,3,2
367,285,3,2
367,286,3,2
367,287,3,2
367,288,3,2
367,289,3,2
367,290,3,2
367,291,3,2
367,292,3,2
367,293,3,2
367,294,3,2
367,295,3,2
367,296,3,2
367,297,3,2
367,298,3,2
367,299,3,2
367,300,3,2
367,301,3,2
367,302,3,2
367,303,3,2
367,304,3,2
367,305,3,2
367,306,3,2
367,307,3,2
367,308,3,2
367,309,3,2
367,310,3,2
367,311,3,2
367,312,3,2
367,313,3,2
367,314,3,2
367,315,3,2
367,316,3,2
367,317,3,2
367,318,3,2
367,319,3,2
367,320,3,2
367,321,3,2
367,322,3,2
367,323,3,2
367,324,3,2
367,325,3,2
367,326,3,2
367,327,3,2
367,328,3,2
367,329,3,2
367,330,3,2
367,331,3,2
367,332,3,2
367,333,3,2
367,334,3,2
367,335,3,2
367,336,3,2
367,337,3,2
367,338,3,2
367,339,3,2
367,340,3,2
367,341,3,2
367,342,3,2
367,343,3,2
367,344,3,2
367,345,3,2
367,346,3,2
367,347,3,2
367,348,3,2
367,349,3,2
367,350,3,2
367,351,3,2
367,352,3,2
367,353,3,2
367,354,3,2
367,355,3,2
367,356,3,2
367,357,3,2
367,358,3,2
367,359,3,2
367,360,3,2
367,361,3,2
367,362,3,2
367,363,3,2
367,364,3,2
367,365,3,2
367,366,3,2
367,367,3,2
367,368,3,2
367,369,3,2
367,370,3,2
367,371,3,2
367,372,3,2
367,373,3,2
367,374,3,2
367,375,3,2
367,376,3,2
367,377,3,2
367,378,3,2
367,379,3,2
367,380,3,2
367,381,3,2
367,382,3,2
367,383,3,2
367,384,3,2
367,385,3,2
367,386,3,2
367,387,3,2
367,388,3,2
367,389,3,2
367,390,3,2
367,391,3,2
367,392,3,2
367,393,3,2
367,394,3,2
367,395,3,2
367,396,3,2
367,397,3,2
367,398,3,2
367,399,3,2
367,400,3,2
367,401,3,2
367,402,3,2
367,403,3,2
367,404,3,2
367,405,3,3
367,406,3,3
367,407,3,3
367,408,3,3
367,409,3,3
367,410,3,3
367,411,3,3
367,412,3,3
367,413,3,3
367,414,3,3
367,415,3,3
367,416,3,3
367,417,3,3
367,418,3,3
367,419,3,3
367,420,3,3
367,421,3,3
367,422,3,3
367,423,3,3
367,424,3,3
367,425,3,3
367,426,3,3
367,427,3,3
367,428,3,3
367,429,3,3
367,430,3,3
367,431,3,3
367,432,3,3
367,433,3,3
367,434,3,3
367,435,3,3
367,436,3,3
367,437,3,3
367,438,3,3
367,439,3,3
367,440,3,3
367,441,3,3
367,442,3,3
367,443,3,3
367,444,3,3
367,445,3,3
367,446,3,3
367,447,3,3
367,448,3,3
367,449,3,3
367,450,3,3
367,451,3,3
367,452,3,3
367,453,3,3
367,454,3,3
367,455,3,3
367,456,3,3
367,457,3,3
367,458,3,3
367,459,3,3
367,460,3,3
367,461,3,2
367,462,3,2
367,463,3,2
367,464,3,2
367,465,3,2
367,466,3,2
367,467,3,2
367,468,3,2
367,469,3,2
367,470,3,2
367,471,3,2
367,472,3,2
367,473,3,2
367,474,3,2
367,475,3,2
367,476,3,2
367,477,3,3
367,478,3,3
367,479,3,3
367,480,3,3
367,481,3,3
367,482,3,3
367,483,3,3
367,484,3,3
367,485,3,3
367,486,3,3
367,487,3,3
367,488,3,3
367,489,3,3
367,490,3,3
367,491,3,3
367,492,3,3
367,493,3,3
367,494,3,3
367,495,3,3
367,496,3,3
367,497,3,3
367,498,3,3
367,499,3,3
367,500,3,3
367,501,3,3
367,502,3,3
367,503,3,3
367,504,3,3
367,505,3,3
367,506,3,3
367,507,3,3
367,508,3,3
367,509,3,3
367,510,3,3
367,511,3,3
367,512,3,3
367,513,3,3
367,514,3,3
367,515,3,3
367,516,3,3
367,517,3,3
367,518,3,3
367,519,3,3
367,520,3,3
367,521,3,3
367,522,3,3
367,523,3,3
367,524,3,3
367,525,3,3
367,526,3,3
367,527,3,3
367,528,3,3
367,529,3,3
367,530,3,3
367,531,3,3
367,532,3,3
367,533,3,3
367,534,3,3
367,535,3,3
367,536,3,3
367,537,3,3
367,538,3,3
367,539,3,3
367,540,3,3
367,541,3,3
367,542,3,3
367,543,3,3
367,544,3,3
367,545,3,3
367,546,3,3
367,547,3,3
367,548,3,3
367,549,3,3
367,550,3,3
367,551,3,3
367,552,3,3
367,553,3,3
367,554,3,3
367,555,3,3
367,556,3,3
367,557,3,3
367,558,3,3
367,559,3,3
367,560,3,3
367,561,3,3
367,562,3,3
367,563,3,3
367,564,3,3
367,565,3,2
367,566,3,2
367,567,3,2
367,568,3,2
367,569,3,2
367,570,3,2
367,571,3,2
367,572,3,2
367,573,3,2
367,574,3,2
367,575,3,2
367,576,3,2
367,577,3,2
367,578,3,2
367,579,3,2
367,580,3,2
367,581,3,2
367,582,3,2
367,583,3,3
367,584,3,3
367,585,3,2
367,586,3,2
367,587,3,2
367,588,3,2
367,589,3,2
367,590,3,2
367,591,3,2
367,592,3,2
367,593,3,2
367,594,3,2
367,595,3,2
367,596,3,2
367,597,3,2
367,598,3,2
367,599,3,2
367,600,3,2
367,601,3,2
367,602,3,2
367,603,3,2
367,604,3,2
367,605,3,2
367,606,3,2
367,607,3,2
367,608,3,2
367,609,3,2
367,610,3,2
367,611,3,2
367,612,3,2
367,613,3,2
367,614,3,2
367,615,3,2
367,616,3,2
367,617,3,2
367,618,3,2
367,619,3,2
367,620,3,2
367,621,3,2
367,622,3,2
367,623,3,2
367,624,3,2
367,625,3,2
367,626,3,2
367,627,3,2
367,628,3,2
367,629,3,2
367,630,3,2
367,631,3,2
367,632,3,2
367,633,3,2
367,634,3,2
367,635,3,2
367,636,3,2
367,637,3,2
367,638,3,2
367,639,3,2
367,640,3,2
367,641,3,2
367,642,3,2
367,643,3,2
367,644,3,2
367,645,3,2
367,646,3,2
367,647,3,2
367,648,3,2
367,649,3,2
367,650,3,2
367,651,3,2
367,652,3,2
367,653,3,2
367,654,3,2
367,655,3,2
367,656,3,2
367,657,3,2
367,658,3,2
367,659,3,2
367,660,3,2
367,661,3,2
367,662,3,2
367,663,3,2
367,664,3,2
367,665,3,2
367,666,3,2
367,667,3,2
367,668,3,2
367,669,3,2
367,670,3,2
367,671,3,2
367,672,3,2
367,673,3,2
367,674,3,2
367,675,3,2
367,676,3,2
368,76,3,2
368,77,3,2
368,78,3,2
368,79,3,2
368,80,3,2
368,81,3,2
368,82,3,2
368,83,3,2
368,84,3,2
368,85,3,2
368,86,3,2
368,87,3,2
368,88,3,2
368,89,3,2
368,90,3,2
368,91,3,2
368,92,3,2
368,93,3,2
368,94,3,2
368,95,3,2
368,96,3,2
368,97,3,2
368,98,3,2
368,99,3,2
368,100,3,2
368,101,3,2
368,102,3,2
368,103,3,2
368,104,3,2
368,105,3,2
368,106,3,2
368,107,3,2
368,108,3,2
368,109,3,2
368,110,3,2
368,111,3,2
368,112,3,2
368,113,3,2
368,114,3,2
368,115,3,2
368,116,3,2
368,117,3,2
368,118,3,2
368,119,3,2
368,120,3,2
368,121,3,2
368,122,3,2
368,123,3,2
368,124,3,2
368,125,3,2
368,126,3,2
368,127,3,2
368,128,3,2
368,129,3,2
368,130,3,2
368,131,3,2
368,132,3,2
368,133,3,2
368,134,3,2
368,135,3,2
368,136,3,2
368,137,3,2
368,138,3,2
368,139,3,2
368,140,3,2
368,141,3,2
368,142,3,2
368,143,3,2
368,144,3,2
368,145,3,2
368,146,3,2
368,147,3,2
368,148,3,2
368,149,3,2
368,150,3,2
368,151,3,2
368,152,3,2
368,153,3,2
368,154,3,2
368,155,3,2
368,156,3,2
368,157,3,2
368,158,3,2
368,159,3,2
368,160,3,2
368,161,3,2
368,162,3,2
368,163,3,2
368,164,3,2
368,165,3,2
368,166,3,2
368,167,3,2
368,168,3,2
368,169,3,2
368,170,3,2
368,171,3,2
368,172,3,2
368,173,3,2
368,174,3,2
368,175,3,2
368,176,3,2
368,177,3,2
368,178,3,2
368,179,3,2
368,180,3,2
368,181,3,2
368,182,3,2
368,183,3,2
368,184,3,2
368,185,3,2
368,186,3,2
368,187,3,2
368,188,3,2
368,189,3,2
368,190,3,2
368,191,3,2
368,192,3,2
368,193,3,2
368,194,3,2
368,195,3,2
368,196,3,2
368,197,3,2
368,198,3,2
368,199,3,2
368,200,3,2
368,201,3,2
368,202,3,2
368,203,3,2
368,204,3,2
368,205,3,2
368,206,3,2
368,207,3,2
368,208,3,2
368,209,3,2
368,210,3,2
368,211,3,2
368,212,3,2
368,213,3,2
368,214,3,2
368,215,3,2
368,216,3,2
368,217,3,2
368,218,3,2
368,219,3,2
368,220,3,2
368,221,3,2
368,222,3,2
368,223,3,2
368,224,3,2
368,225,3,2
368,226,3,2
368,227,3,2
368,228,3,2
368,229,3,2
368,230,3,2
368,231,3,2
368,232,3,2
368,233,3,2
368,234,3,2
368,235,3,2
368,236,3,2
368,237,3,2
368,238,3,2
368,239,3,2
368,240,3,2
368,241,3,2
368,242,3,2
368,243,3,2
368,244,3,2
368,245,3,2
368,246,3,2
368,247,3,2
368,248,3,2
368,249,3,2
368,250,3,2
368,251,3,2
368,252,3,2
368,253,3,2
368,254,3,2
368,255,3,2
368,256,3,2
368,257,3,2
368,258,3,2
368,259,3,2
368,260,3,2
368,261,3,2
368,262,3,2
368,263,3,2
368,264,3,2
368,265,3,2
368,266,3,2
368,267,3,2
368,268,3,2
368,269,3,2
368,270,3,2
368,271,3,2
368,272,3,2
368,273,3,2
368,274,3,2
368,275,3,2
368,276,3,2
368,277,3,2
368,278,3,2
368,279,3,2
368,280,3,2
368,281,3,2
368,282,3,2
368,283,3,2
368,284,3,2
368,285,3,2
368,286,3,2
368,287,3,2
368,288,3,2
368,289,3,2
368,290,3,2
368,291,3,2
368,292,3,2
368,293,3,2
368,294,3,2
368,295,3,2
368,296,3,2
368,297,3,2
368,298,3,2
368,299,3,2
368,300,3,2
368,301,3,2
368,302,3,2
368,303,3,2
368,304,3,2
368,305,3,2
368,306,3,2
368,307,3,2
368,308,3,2
368,309,3,2
368,310,3,2
368,311,3,2
368,312,3,2
368,313,3,2
368,314,3,2
368,315,3,2
368,316,3,2
368,317,3,2
368,318,3,2
368,319,3,2
368,320,3,2
368,321,3,2
368,322,3,2
368,323,3,2
368,324,3,2
368,325,3,2
368,326,3,2
368,327,3,2
368,328,3,2
368,329,3,2
368,330,3,2
368,331,3,2
368,332,3,2
368,333,3,2
368,334,3,2
368,335,3,2
368,336,3,2
368,337,3,2
368,338,3,2
368,339,3,2
368,340,3,2
368,341,3,2
368,342,3,2
368,343,3,2
368,344,3,2
368,345,3,2
368,346,3,2
368,347,3,2
368,348,3,2
368,349,3,2
368,350,3,2
368,351,3,2
368,352,3,2
368,353,3,2
368,354,3,2
368,355,3,2
368,356,3,2
368,357,3,2
368,358,3,2
368,359,3,2
368,360,3,2
368,361,3,2
368,362,3,2
368,363,3,2
368,364,3,2
368,365,3,2
368,366,3,2
368,367,3,2
368,368,3,2
368,369,3,2
368,370,3,2
368,371,3,2
368,372,3,2
368,373,3,2
368,374,3,2
368,375,3,2
368,376,3,2
368,377,3,2
368,378,3,2
368,379,3,2
368,380,3,2
368,381,3,2
368,382,3,2
368,383,3,2
368,384,3,2
368,385,3,2
368,386,3,2
368,387,3,2
368,388,3,2
368,389,3,2
368,390,3,2
368,391,3,2
368,392,3,2
368,393,3,2
368,394,3,2
368,395,3,2
368,396,3,2
368,397,3,2
368,398,3,2
368,399,3,2
368,400,3,2
368,401,3,2
368,402,3,2
368,403,3,3
368,404,3,3
368,405,3,3
368,406,3,3
368,407,3,3
368,408,3,3
368,409,3,3
368,410,3,3
368,411,3,3
368,412,3,3
368,413,3,3
368,414,3,3
368,415,3,3
368,416,3,3
368,417,3,3
368,418,3,3
368,419,3,3
368,420,3,3
368,421,3,3
368,422,3,3
368,423,3,3
368,424,3,3
368,425,3,3
368,426,3,3
368,427,3,3
368,428,3,3
368,429,3,3
368,430,3,3
368,431,3,3
368,432,3,3
368,433,3,3
368,434,3,3
368,435,3,3
368,436,3,3
368,437,3,3
368,438,3,3
368,439,3,3
368,440,3,3
368,441,3,3
368,442,3,3
368,443,3,3
368,444,3,3
368,445,3,3
368,446,3,3
368,447,3,3
368,448,3,3
368,449,3,3
368,450,3,3
368,451,3,3
368,452,3,3
368,453,3,3
368,454,3,3
368,455,3,3
368,456,3,3
368,457,3,3
368,458,3,3
368,459,3,3
368,460,3,3
368,461,3,2
368,462,3,2
368,463,3,2
368,464,3,2
368,465,3,2
368,466,3,2
368,467,3,2
368,468,3,2
368,469,3,2
368,470,3,2
368,471,3,2
368,472,3,2
368,473,3,2
368,474,3,2
368,475,3,2
368,476,3,2
368,477,3,3
368,478,3,3
368,479,3,3
368,480,3,3
368,481,3,3
368,482,3,3
368,483,3,3
368,484,3,3
368,485,3,3
368,486,3,3
368,487,3,3
368,488,3,3
368,489,3,3
368,490,3,3
368,491,3,3
368,492,3,3
368,493,3,3
368,494,3,3
368,495,3,3
368,496,3,3
368,497,3,3
368,498,3,3
368,499,3,3
368,500,3,3
368,501,3,3
368,502,3,3
368,503,3,3
368,504,3,3
368,505,3,3
368,506,3,3
368,507,3,3
368,508,3,3
368,509,3,3
368,510,3,3
368,511,3,3
368,512,3,3
368,513,3,3
368,514,3,3
368,515,3,3
368,516,3,3
368,517,3,3
368,518,3,3
368,519,3,3
368,520,3,3
368,521,3,3
368,522,3,3
368,523,3,3
368,524,3,3
368,525,3,3
368,526,3,3
368,527,3,3
368,528,3,3
368,529,3,3
368,530,3,3
368,531,3,3
368,532,3,3
368,533,3,3
368,534,3,3
368,535,3,3
368,536,3,3
368,537,3,3
368,538,3,3
368,539,3,3
368,540,3,3
368,541,3,3
368,542,3,3
368,543,3,3
368,544,3,3
368,545,3,3
368,546,3,3
368,547,3,3
368,548,3,3
368,549,3,3
368,550,3,3
368,551,3,3
368,552,3,3
368,553,3,3
368,554,3,3
368,555,3,3
368,556,3,3
368,557,3,3
368,558,3,3
368,559,3,3
368,560,3,3
368,561,3,3
368,562,3,3
368,563,3,3
368,564,3,3
368,565,3,3
368,566,3,3
368,567,3,2
368,568,3,2
368,569,3,2
368,570,3,2
368,571,3,2
368,572,3,2
368,573,3,2
368,574,3,2
368,575,3,2
368,576,3,2
368,577,3,2
368,578,3,2
368,579,3,2
368,580,3,2
368,581,3,2
368,582,3,2
368,583,3,2
368,584,3,2
368,585,3,2
368,586,3,2
368,587,3,2
368,588,3,2
368,589,3,2
368,590,3,2
368,591,3,2
368,592,3,2
368,593,3,2
368,594,3,2
368,595,3,2
368,596,3,2
368,597,3,2
368,598,3,2
368,599,3,2
368,600,3,2
368,601,3,2
368,602,3,2
368,603,3,2
368,604,3,2
368,605,3,2
368,606,3,2
368,607,3,2
368,608,3,2
368,609,3,2
368,610,3,2
368,611,3,2
368,612,3,2
368,613,3,2
368,614,3,2
368,615,3,2
368,616,3,2
368,617,3,2
368,618,3,2
368,619,3,2
368,620,3,2
368,621,3,2
368,622,3,2
368,623,3,2
368,624,3,2
368,625,3,2
368,626,3,2
368,627,3,2
368,628,3,2
368,629,3,2
368,630,3,2
368,631,3,2
368,632,3,2
368,633,3,2
368,634,3,2
368,635,3,2
368,636,3,2
368,637,3,2
368,638,3,2
368,639,3,2
368,640,3,2
368,641,3,2
368,642,3,2
368,643,3,2
368,644,3,2
368,645,3,2
368,646,3,2
368,647,3,2
368,648,3,2
368,649,3,2
368,650,3,2
368,651,3,2
368,652,3,2
368,653,3,2
368,654,3,2
368,655,3,2
368,656,3,2
368,657,3,2
368,658,3,2
368,659,3,2
368,660,3,2
368,661,3,2
368,662,3,2
368,663,3,2
368,664,3,2
368,665,3,2
368,666,3,2
368,667,3,2
368,668,3,2
368,669,3,2
368,670,3,2
368,671,3,2
368,672,3,2
368,673,3,2
368,674,3,2
368,675,3,2
368,676,3,2
369,76,3,2
369,77,3,2
369,78,3,2
369,79,3,2
369,80,3,2
369,81,3,2
369,82,3,2
369,83,3,2
369,84,3,2
369,85,3,2
369,86,3,2
369,87,3,2
369,88,3,2
369,89,3,2
369,90,3,2
369,91,3,2
369,92,3,2
369,93,3,2
369,94,3,2
369,95,3,2
369,96,3,2
369,97,3,2
369,98,3,2
369,99,3,2
369,100,3,2
369,101,3,2
369,102,3,2
369,103,3,2
369,104,3,2
369,105,3,2
369,106,3,2
369,107,3,2
369,108,3,2
369,109,3,2
369,110,3,2
369,111,3,2
369,112,3,2
369,113,3,2
369,114,3,2
369,115,3,2
369,116,3,2
369,117,3,2
369,118,3,2
369,119,3,2
369,120,3,2
369,121,3,2
369,122,3,2
369,123,3,2
369,124,3,2
369,125,3,2
369,126,3,2
369,127,3,2
369,128,3,2
369,129,3,2
369,130,3,2
369,131,3,2
369,132,3,2
369,133,3,2
369,134,3,2
369,135,3,2
369,136,3,2
369,137,3,2
369,138,3,2
369,139,3,2
369,140,3,2
369,141,3,2
369,142,3,2
369,143,3,2
369,144,3,2
369,145,3,2
369,146,3,2
369,147,3,2
369,148,3,2
369,149,3,2
369,150,3,2
369,151,3,2
369,152,3,2
369,153,3,2
369,154,3,2
369,155,3,2
369,156,3,2
369,157,3,2
369,158,3,2
369,159,3,2
369,160,3,2
369,161,3,2
369,162,3,2
369,163,3,2
369,164,3,2
369,165,3,2
369,166,3,2
369,167,3,2
369,168,3,2
369,169,3,2
369,170,3,2
369,171,3,2
369,172,3,2
369,173,3,2
369,174,3,2
369,175,3,2
369,176,3,2
369,177,3,2
369,178,3,2
369,179,3,2
369,180,3,2
369,181,3,2
369,182,3,2
369,183,3,2
369,184,3,2
369,185,3,2
369,186,3,2
369,187,3,2
369,188,3,2
369,189,3,2
369,190,3,2
369,191,3,2
369,192,3,2
369,193,3,2
369,194,3,2
369,195,3,2
369,196,3,2
369,197,3,2
369,198,3,2
369,199,3,2
369,200,3,2
369,201,3,2
369,202,3,2
369,203,3,2
369,204,3,2
369,205,3,2
369,206,3,2
369,207,3,2
369,208,3,2
369,209,3,2
369,210,3,2
369,211,3,2
369,212,3,2
369,213,3,2
369,214,3,2
369,215,3,2
369,216,3,2
369,217,3,2
369,218,3,2
369,219,3,2
369,220,3,2
369,221,3,2
369,222,3,2
369,223,3,2
369,224,3,2
369,225,3,2
369,226,3,2
369,227,3,2
369,228,3,2
369,229,3,2
369,230,3,2
369,231,3,2
369,232,3,2
369,233,3,2
369,234,3,2
369,235,3,2
369,236,3,2
369,237,3,2
369,238,3,2
369,239,3,2
369,240,3,2
369,241,3,2
369,242,3,2
369,243,3,2
369,244,3,2
369,245,3,2
369,246,3,2
369,247,3,2
369,248,3,2
369,249,3,2
369,250,3,2
369,251,3,2
369,252,3,2
369,253,3,2
369,254,3,2
369,255,3,2
369,256,3,2
369,257,3,2
369,258,3,2
369,259,3,2
369,260,3,2
369,261,3,2
369,262,3,2
369,263,3,2
369,264,3,2
369,265,3,2
369,266,3,2
369,267,3,2
369,268,3,2
369,269,3,2
369,270,3,2
369,271,3,2
369,272,3,2
369,273,3,2
369,274,3,2
369,275,3,2
369,276,3,2
369,277,3,2
369,278,3,2
369,279,3,2
369,280,3,2
369,281,3,2
369,282,3,2
369,283,3,2
369,284,3,2
369,285,3,2
369,286,3,2
369,287,3,2
369,288,3,2
369,289,3,2
369,290,3,2
369,291,3,2
369,292,3,2
369,293,3,2
369,294,3,2
369,295,3,2
369,296,3,2
369,297,3,2
369,298,3,2
369,299,3,2
369,300,3,2
369,301,3,2
369,302,3,2
369,303,3,2
369,304,3,2
369,305,3,2
369,306,3,2
369,307,3,2
369,308,3,2
369,309,3,2
369,310,3,2
369,311,3,2
369,312,3,2
369,313,3,2
369,314,3,2
369,315,3,2
369,316,3,2
369,317,3,2
369,318,3,2
369,319,3,2
369,320,3,2
369,321,3,2
369,322,3,2
369,323,3,2
369,324,3,2
369,325,3,2
369,326,3,2
369,327,3,2
369,328,3,2
369,329,3,2
369,330,3,2
369,331,3,2
369,332,3,2
369,333,3,2
369,334,3,2
369,335,3,2
369,336,3,2
369,337,3,2
369,338,3,2
369,339,3,2
369,340,3,2
369,341,3,2
369,342,3,2
369,343,3,2
369,344,3,2
369,345,3,2
369,346,3,2
369,347,3,2
369,348,3,2
369,349,3,2
369,350,3,2
369,351,3,2
369,352,3,2
369,353,3,2
369,354,3,2
369,355,3,2
369,356,3,2
369,357,3,2
369,358,3,2
369,359,3,2
369,360,3,2
369,361,3,2
369,362,3,2
369,363,3,2
369,364,3,2
369,365,3,2
369,366,3,2
369,367,3,2
369,368,3,2
369,369,3,2
369,370,3,2
369,371,3,2
369,372,3,2
369,373,3,2
369,374,3,2
369,375,3,2
369,376,3,2
369,377,3,2
369,378,3,2
369,379,3,2
369,380,3,2
369,381,3,2
369,382,3,2
369,383,3,2
369,384,3,2
369,385,3,2
369,386,3,2
369,387,3,2
369,388,3,2
369,389,3,2
369,390,3,2
369,391,3,2
369,392,3,2
369,393,3,2
369,394,3,2
369,395,3,2
369,396,3,2
369,397,3,2
369,398,3,2
369,399,3,2
369,400,3,2
369,401,3,3
369,402,3,3
369,403,3,3
369,404,3,3
369,405,3,3
369,406,3,3
369,407,3,3
369,408,3,3
369,409,3,3
369,410,3,3
369,411,3,3
369,412,3,3
369,413,3,3
369,414,3,3
369,415,3,3
369,416,3,3
369,417,3,3
369,418,3,3
369,419,3,3
369,420,3,3
369,421,3,3
369,422,3,3
369,423,3,3
369,424,3,3
369,425,3,3
369,426,3,3
369,427,3,3
369,428,3,3
369,429,3,3
369,430,3,3
369,431,3,3
369,432,3,3
369,433,3,3
369,434,3,3
369,435,3,3
369,436,3,3
369,437,3,3
369,438,3,3
369,439,3,3
369,440,3,3
369,441,3,3
369,442,3,3
369,443,3,3
369,444,3,3
369,445,3,3
369,446,3,3
369,447,3,3
369,448,3,3
369,449,3,3
369,450,3,3
369,451,3,3
369,452,3,3
369,453,3,3
369,454,3,3
369,455,3,3
369,456,3,3
369,457,3,3
369,458,3,3
369,459,3,3
369,460,3,2
369,461,3,2
369,462,3,2
369,463,3,2
369,464,3,2
369,465,3,2
369,466,3,2
369,467,3,2
369,468,3,2
369,469,3,2
369,470,3,2
369,471,3,2
369,472,3,2
369,473,3,2
369,474,3,2
369,475,3,2
369,476,3,2
369,477,3,3
369,478,3,3
369,479,3,3
369,480,3,3
369,481,3,3
369,482,3,3
369,483,3,3
369,484,3,3
369,485,3,3
369,486,3,3
369,487,3,3
369,488,3,3
369,489,3,3
369,490,3,3
369,491,3,3
369,492,3,3
369,493,3,3
369,494,3,3
369,495,3,3
369,496,3,3
369,497,3,3
369,498,3,3
369,499,3,3
369,500,3,3
369,501,3,3
369,502,3,3
369,503,3,3
369,504,3,3
369,505,3,3
369,506,3,3
369,507,3,3
369,508,3,3
369,509,3,3
369,510,3,3
369,511,3,3
369,512,3,3
369,513,3,3
369,514,3,3
369,515,3,3
369,516,3,3
369,517,3,3
369,518,3,3
369,519,3,3
369,520,3,3
369,521,3,3
369,522,3,3
369,523,3,3
369,524,3,3
369,525,3,3
369,526,3,3
369,527,3,3
369,528,3,3
369,529,3,3
369,530,3,3
369,531,3,3
369,532,3,3
369,533,3,3
369,534,3,3
369,535,3,3
369,536,3,3
369,537,3,3
369,538,3,3
369,539,3,3
369,540,3,3
369,541,3,3
369,542,3,3
369,543,3,3
369,544,3,3
369,545,3,3
369,546,3,3
369,547,3,3
369,548,3,3
369,549,3,3
369,550,3,3
369,551,3,3
369,552,3,3
369,553,3,3
369,554,3,3
369,555,3,3
369,556,3,3
369,557,3,3
369,558,3,3
369,559,3,3
369,560,3,3
369,561,3,3
369,562,3,3
369,563,3,3
369,564,3,3
369,565,3,3
369,566,3,3
369,567,3,3
369,568,3,3
369,569,3,2
369,570,3,2
369,571,3,2
369,572,3,2
369,573,3,2
369,574,3,2
369,575,3,3
369,576,3,3
369,577,3,2
369,578,3,2
369,579,3,2
369,580,3,2
369,581,3,2
369,582,3,2
369,583,3,2
369,584,3,2
369,585,3,2
369,586,3,2
369,587,3,2
369,588,3,2
369,589,3,2
369,590,3,2
369,591,3,2
369,592,3,2
369,593,3,2
369,594,3,2
369,595,3,2
369,596,3,2
369,597,3,2
369,598,3,2
369,599,3,2
369,600,3,2
369,601,3,2
369,602,3,2
369,603,3,2
369,604,3,2
369,605,3,2
369,606,3,2
369,607,3,2
369,608,3,2
369,609,3,2
369,610,3,2
369,611,3,2
369,612,3,2
369,613,3,2
369,614,3,2
369,615,3,2
369,616,3,2
369,617,3,2
369,618,3,2
369,619,3,2
369,620,3,2
369,621,3,2
369,622,3,2
369,623,3,2
369,624,3,2
369,625,3,2
369,626,3,2
369,627,3,2
369,628,3,2
369,629,3,2
369,630,3,2
369,631,3,2
369,632,3,2
369,633,3,2
369,634,3,2
369,635,3,2
369,636,3,2
369,637,3,2
369,638,3,2
369,639,3,2
369,640,3,2
369,641,3,2
369,642,3,2
369,643,3,2
369,644,3,2
369,645,3,2
369,646,3,2
369,647,3,2
369,648,3,2
369,649,3,2
369,650,3,2
369,651,3,2
369,652,3,2
369,653,3,2
369,654,3,2
369,655,3,2
369,656,3,2
369,657,3,2
369,658,3,2
369,659,3,2
369,660,3,2
369,661,3,2
369,662,3,2
369,663,3,2
369,664,3,2
369,665,3,2
369,666,3,2
369,667,3,2
369,668,3,2
369,669,3,2
369,670,3,2
369,671,3,2
369,672,3,2
369,673,3,2
369,674,3,2
369,675,3,2
370,76,3,2
370,77,3,2
370,78,3,2
370,79,3,2
370,80,3,2
370,81,3,2
370,82,3,2
370,83,3,2
370,84,3,2
370,85,3,2
370,86,3,2
370,87,3,2
370,88,3,2
370,89,3,3
370,90,3,3
370,91,3,3
370,92,3,2
370,93,3,2
370,94,3,2
370,95,3,2
370,96,3,2
370,97,3,2
370,98,3,2
370,99,3,2
370,100,3,2
370,101,3,2
370,102,3,2
370,103,3,2
370,104,3,2
370,105,3,2
370,106,3,2
370,107,3,2
370,108,3,2
370,109,3,2
370,110,3,2
370,111,3,2
370,112,3,2
370,113,3,2
370,114,3,2
370,115,3,2
370,116,3,2
370,117,3,2
370,118,3,2
370,119,3,2
370,120,3,2
370,121,3,2
370,122,3,2
370,123,3,2
370,124,3,2
370,125,3,2
370,126,3,2
370,127,3,2
370,128,3,2
370,129,3,2
370,130,3,2
370,131,3,2
370,132,3,2
370,133,3,2
370,134,3,2
370,135,3,2
370,136,3,2
370,137,3,2
370,138,3,2
370,139,3,2
370,140,3,2
370,141,3,2
370,142,3,2
370,143,3,2
370,144,3,2
370,145,3,2
370,146,3,2
370,147,3,2
370,148,3,2
370,149,3,2
370,150,3,2
370,151,3,2
370,152,3,2
370,153,3,2
370,154,3,2
370,155,3,2
370,156,3,2
370,157,3,2
370,158,3,2
370,159,3,2
370,160,3,2
370,161,3,2
370,162,3,2
370,163,3,2
370,164,3,2
370,165,3,2
370,166,3,2
370,167,3,2
370,168,3,2
370,169,3,2
370,170,3,2
370,171,3,2
370,172,3,2
370,173,3,2
370,174,3,2
370,175,3,2
370,176,3,2
370,177,3,2
370,178,3,2
370,179,3,2
370,180,3,2
370,181,3,2
370,182,3,2
370,183,3,2
370,184,3,2
370,185,3,2
370,186,3,2
370,187,3,2
370,188,3,2
370,189,3,2
370,190,3,2
370,191,3,2
370,192,3,2
370,193,3,2
370,194,3,2
370,195,3,2
370,196,3,2
370,197,3,2
370,198,3,2
370,199,3,2
370,200,3,2
370,201,3,2
370,202,3,2
370,203,3,2
370,204,3,2
370,205,3,2
370,206,3,2
370,207,3,2
370,208,3,2
370,209,3,2
370,210,3,2
370,211,3,2
370,212,3,2
370,213,3,2
370,214,3,2
370,215,3,2
370,216,3,2
370,217,3,2
370,218,3,2
370,219,3,2
370,220,3,2
370,221,3,2
370,222,3,2
370,223,3,2
370,224,3,2
370,225,3,2
370,226,3,2
370,227,3,2
370,228,3,2
370,229,3,2
370,230,3,2
370,231,3,2
370,232,3,2
370,233,3,2
370,234,3,2
370,235,3,2
370,236,3,2
370,237,3,2
370,238,3,2
370,239,3,2
370,240,3,2
370,241,3,2
370,242,3,2
370,243,3,2
370,244,3,2
370,245,3,2
370,246,3,2
370,247,3,2
370,248,3,2
370,249,3,2
370,250,3,2
370,251,3,2
370,252,3,2
370,253,3,2
370,254,3,2
370,255,3,2
370,256,3,2
370,257,3,2
370,258,3,2
370,259,3,2
370,260,3,2
370,261,3,2
370,262,3,2
370,263,3,2
370,264,3,2
370,265,3,2
370,266,3,2
370,267,3,2
370,268,3,2
370,269,3,2
370,270,3,2
370,271,3,2
370,272,3,2
370,273,3,2
370,274,3,2
370,275,3,2
370,276,3,2
370,277,3,2
370,278,3,2
370,279,3,2
370,280,3,2
370,281,3,2
370,282,3,2
370,283,3,2
370,284,3,2
370,285,3,2
370,286,3,2
370,287,3,2
370,288,3,2
370,289,3,2
370,290,3,2
370,291,3,2
370,292,3,2
370,293,3,2
370,294,3,2
370,295,3,2
370,296,3,2
370,297,3,2
370,298,3,2
370,299,3,2
370,300,3,2
370,301,3,2
370,302,3,2
370,303,3,2
370,304,3,2
370,305,3,2
370,306,3,2
370,307,3,2
370,308,3,2
370,309,3,2
370,310,3,2
370,311,3,2
370,312,3,2
370,313,3,2
370,314,3,2
370,315,3,2
370,316,3,2
370,317,3,2
370,318,3,2
370,319,3,2
370,320,3,2
370,321,3,2
370,322,3,2
370,323,3,2
370,324,3,2
370,325,3,2
370,326,3,2
370,327,3,2
370,328,3,2
370,329,3,2
370,330,3,2
370,331,3,2
370,332,3,2
370,333,3,2
370,334,3,2
370,335,3,2
370,336,3,2
370,337,3,2
370,338,3,2
370,339,3,2
370,340,3,2
370,341,3,2
370,342,3,2
370,343,3,2
370,344,3,2
370,345,3,2
370,346,3,2
370,347,3,2
370,348,3,2
370,349,3,2
370,350,3,2
370,351,3,2
370,352,3,2
370,353,3,2
370,354,3,2
370,355,3,2
370,356,3,2
370,357,3,2
370,358,3,2
370,359,3,2
370,360,3,2
370,361,3,2
370,362,3,2
370,363,3,2
370,364,3,2
370,365,3,2
370,366,3,2
370,367,3,2
370,368,3,2
370,369,3,2
370,370,3,2
370,371,3,2
370,372,3,2
370,373,3,2
370,374,3,2
370,375,3,2
370,376,3,2
370,377,3,2
370,378,3,2
370,379,3,2
370,380,3,2
370,381,3,2
370,382,3,2
370,383,3,2
370,384,3,2
370,385,3,2
370,386,3,2
370,387,3,2
370,388,3,2
370,389,3,2
370,390,3,2
370,391,3,2
370,392,3,2
370,393,3,2
370,394,3,2
370,395,3,2
370,396,3,2
370,397,3,2
370,398,3,2
370,399,3,2
370,400,3,3
370,401,3,3
370,402,3,3
370,403,3,3
370,404,3,3
370,405,3,3
370,406,3,3
370,407,3,3
370,408,3,3
370,409,3,3
370,410,3,3
370,411,3,3
370,412,3,3
370,413,3,3
370,414,3,3
370,415,3,3
370,416,3,3
370,417,3,3
370,418,3,3
370,419,3,3
370,420,3,3
370,421,3,3
370,422,3,3
370,423,3,3
370,424,3,3
370,425,3,3
370,426,3,3
370,427,3,3
370,428,3,3
370,429,3,3
370,430,3,3
370,431,3,3
370,432,3,3
370,433,3,3
370,434,3,3
370,435,3,3
370,436,3,3
370,437,3,3
370,438,3,3
370,439,3,3
370,440,3,3
370,441,3,3
370,442,3,3
370,443,3,3
370,444,3,3
370,445,3,3
370,446,3,3
370,447,3,3
370,448,3,3
370,449,3,3
370,450,3,3
370,451,3,3
370,452,3,3
370,453,3,3
370,454,3,3
370,455,3,3
370,456,3,3
370,457,3,3
370,458,3,3
370,459,3,2
370,460,3,2
370,461,3,2
370,462,3,2
370,463,3,2
370,464,3,2
370,465,3,2
370,466,3,2
370,467,3,2
370,468,3,2
370,469,3,2
370,470,3,2
370,471,3,2
370,472,3,2
370,473,3,2
370,474,3,2
370,475,3,2
370,476,3,2
370,477,3,3
370,478,3,3
370,479,3,3
370,480,3,3
370,481,3,3
370,482,3,3
370,483,3,3
370,484,3,3
370,485,3,3
370,486,3,3
370,487,3,3
370,488,3,3
370,489,3,3
370,490,3,3
370,491,3,3
370,492,3,3
370,493,3,3
370,494,3,3
370,495,3,3
370,496,3,3
370,497,3,3
370,498,3,3
370,499,3,3
370,500,3,3
370,501,3,3
370,502,3,3
370,503,3,3
370,504,3,3
370,505,3,3
370,506,3,3
370,507,3,3
370,508,3,3
370,509,3,3
370,510,3,3
370,511,3,3
370,512,3,3
370,513,3,3
370,514,3,3
370,515,3,3
370,516,3,3
370,517,3,3
370,518,3,3
370,519,3,3
370,520,3,3
370,521,3,3
370,522,3,3
370,523,3,3
370,524,3,3
370,525,3,3
370,526,3,3
370,527,3,3
370,528,3,3
370,529,3,3
370,530,3,3
370,531,3,3
370,532,3,3
370,533,3,3
370,534,3,3
370,535,3,3
370,536,3,3
370,537,3,3
370,538,3,3
370,539,3,3
370,540,3,3
370,541,3,3
370,542,3,3
370,543,3,3
370,544,3,3
370,545,3,3
370,546,3,3
370,547,3,3
370,548,3,3
370,549,3,3
370,550,3,3
370,551,3,3
370,552,3,3
370,553,3,3
370,554,3,3
370,555,3,3
370,556,3,3
370,557,3,3
370,558,3,3
370,559,3,3
370,560,3,3
370,561,3,3
370,562,3,3
370,563,3,3
370,564,3,3
370,565,3,3
370,566,3,3
370,567,3,2
370,568,3,2
370,569,3,2
370,570,3,2
370,571,3,2
370,572,3,3
370,573,3,3
370,574,3,3
370,575,3,3
370,576,3,3
370,577,3,2
370,578,3,2
370,579,3,2
370,580,3,2
370,581,3,2
370,582,3,2
370,583,3,2
370,584,3,2
370,585,3,2
370,586,3,2
370,587,3,2
370,588,3,2
370,589,3,2
370,590,3,2
370,591,3,2
370,592,3,2
370,593,3,2
370,594,3,2
370,595,3,2
370,596,3,2
370,597,3,2
370,598,3,2
370,599,3,2
370,600,3,2
370,601,3,2
370,602,3,2
370,603,3,2
370,604,3,2
370,605,3,2
370,606,3,2
370,607,3,2
370,608,3,2
370,609,3,2
370,610,3,2
370,611,3,2
370,612,3,2
370,613,3,2
370,614,3,2
370,615,3,2
370,616,3,2
370,617,3,2
370,618,3,2
370,619,3,2
370,620,3,2
370,621,3,2
370,622,3,2
370,623,3,2
370,624,3,2
370,625,3,2
370,626,3,2
370,627,3,2
370,628,3,2
370,629,3,2
370,630,3,2
370,631,3,2
370,632,3,2
370,633,3,2
370,634,3,2
370,635,3,2
370,636,3,2
370,637,3,2
370,638,3,2
370,639,3,2
370,640,3,2
370,641,3,2
370,642,3,2
370,643,3,2
370,644,3,2
370,645,3,2
370,646,3,2
370,647,3,2
370,648,3,2
370,649,3,2
370,650,3,2
370,651,3,2
370,652,3,2
370,653,3,2
370,654,3,2
370,655,3,2
370,656,3,2
370,657,3,2
370,658,3,2
370,659,3,2
370,660,3,2
370,661,3,2
370,662,3,2
370,663,3,2
370,664,3,2
370,665,3,2
370,666,3,2
370,667,3,2
370,668,3,2
370,669,3,2
370,670,3,2
370,671,3,2
370,672,3,2
370,673,3,2
370,674,3,2
370,675,3,2
371,76,3,2
371,77,3,2
371,78,3,2
371,79,3,2
371,80,3,2
371,81,3,2
371,82,3,2
371,83,3,2
371,84,3,2
371,85,3,2
371,86,3,2
371,87,3,2
371,88,3,2
371,89,3,3
371,90,3,3
371,91,3,3
371,92,3,3
371,93,3,3
371,94,3,2
371,95,3,2
371,96,3,2
371,97,3,2
371,98,3,2
371,99,3,2
371,100,3,2
371,101,3,2
371,102,3,2
371,103,3,2
371,104,3,2
371,105,3,2
371,106,3,2
371,107,3,2
371,108,3,2
371,109,3,2
371,110,3,2
371,111,3,2
371,112,3,2
371,113,3,2
371,114,3,2
371,115,3,2
371,116,3,2
371,117,3,2
371,118,3,2
371,119,3,2
371,120,3,2
371,121,3,2
371,122,3,2
371,123,3,2
371,124,3,2
371,125,3,2
371,126,3,2
371,127,3,2
371,128,3,2
371,129,3,2
371,130,3,2
371,131,3,2
371,132,3,2
371,133,3,2
371,134,3,2
371,135,3,2
371,136,3,2
371,137,3,2
371,138,3,2
371,139,3,2
371,140,3,2
371,141,3,2
371,142,3,2
371,143,3,2
371,144,3,2
371,145,3,2
371,146,3,2
371,147,3,2
371,148,3,2
371,149,3,2
371,150,3,2
371,151,3,2
371,152,3,2
371,153,3,2
371,154,3,2
371,155,3,2
371,156,3,2
371,157,3,2
371,158,3,2
371,159,3,2
371,160,3,2
371,161,3,2
371,162,3,2
371,163,3,2
371,164,3,2
371,165,3,2
371,166,3,2
371,167,3,2
371,168,3,2
371,169,3,2
371,170,3,2
371,171,3,2
371,172,3,2
371,173,3,2
371,174,3,2
371,175,3,2
371,176,3,2
371,177,3,2
371,178,3,2
371,179,3,2
371,180,3,2
371,181,3,2
371,182,3,2
371,183,3,2
371,184,3,2
371,185,3,2
371,186,3,2
371,187,3,2
371,188,3,2
371,189,3,2
371,190,3,2
371,191,3,2
371,192,3,2
371,193,3,2
371,194,3,2
371,195,3,2
371,196,3,2
371,197,3,2
371,198,3,2
371,199,3,2
371,200,3,2
371,201,3,2
371,202,3,2
371,203,3,2
371,204,3,2
371,205,3,2
371,206,3,2
371,207,3,2
371,208,3,2
371,209,3,2
371,210,3,2
371,211,3,2
371,212,3,2
371,213,3,2
371,214,3,2
371,215,3,2
371,216,3,2
371,217,3,2
371,218,3,2
371,219,3,2
371,220,3,2
371,221,3,2
371,222,3,2
371,223,3,2
371,224,3,2
371,225,3,2
371,226,3,2
371,227,3,2
371,228,3,2
371,229,3,2
371,230,3,2
371,231,3,2
371,232,3,2
371,233,3,2
371,234,3,2
371,235,3,2
371,236,3,2
371,237,3,2
371,238,3,2
371,239,3,2
371,240,3,2
371,241,3,2
371,242,3,2
371,243,3,2
371,244,3,2
371,245,3,2
371,246,3,2
371,247,3,2
371,248,3,2
371,249,3,2
371,250,3,2
371,251,3,2
371,252,3,2
371,253,3,2
371,254,3,2
371,255,3,2
371,256,3,2
371,257,3,2
371,258,3,2
371,259,3,2
371,260,3,2
371,261,3,2
371,262,3,2
371,263,3,2
371,264,3,2
371,265,3,2
371,266,3,2
371,267,3,2
371,268,3,2
371,269,3,2
371,270,3,2
371,271,3,2
371,272,3,2
371,273,3,2
371,274,3,2
371,275,3,2
371,276,3,2
371,277,3,2
371,278,3,2
371,279,3,2
371,280,3,2
371,281,3,2
371,282,3,2
371,283,3,2
371,284,3,2
371,285,3,2
371,286,3,2
371,287,3,2
371,288,3,2
371,289,3,2
371,290,3,2
371,291,3,2
371,292,3,2
371,293,3,2
371,294,3,2
371,295,3,2
371,296,3,2
371,297,3,2
371,298,3,2
371,299,3,2
371,300,3,2
371,301,3,2
371,302,3,2
371,303,3,2
371,304,3,2
371,305,3,2
371,306,3,2
371,307,3,2
371,308,3,2
371,309,3,2
371,310,3,2
371,311,3,2
371,312,3,2
371,313,3,2
371,314,3,2
371,315,3,2
371,316,3,2
371,317,3,2
371,318,3,2
371,319,3,2
371,320,3,2
371,321,3,2
371,322,3,2
371,323,3,2
371,324,3,2
371,325,3,2
371,326,3,2
371,327,3,2
371,328,3,2
371,329,3,2
371,330,3,2
371,331,3,2
371,332,3,2
371,333,3,2
371,334,3,2
371,335,3,2
371,336,3,2
371,337,3,2
371,338,3,2
371,339,3,2
371,340,3,2
371,341,3,2
371,342,3,2
371,343,3,2
371,344,3,2
371,345,3,2
371,346,3,2
371,347,3,2
371,348,3,2
371,349,3,2
371,350,3,2
371,351,3,2
371,352,3,2
371,353,3,2
371,354,3,2
371,355,3,2
371,356,3,2
371,357,3,2
371,358,3,2
371,359,3,2
371,360,3,2
371,361,3,2
371,362,3,2
371,363,3,2
371,364,3,2
371,365,3,2
371,366,3,2
371,367,3,2
371,368,3,2
371,369,3,2
371,370,3,2
371,371,3,2
371,372,3,2
371,373,3,2
371,374,3,2
371,375,3,2
371,376,3,2
371,377,3,2
371,378,3,2
371,379,3,2
371,380,3,2
371,381,3,2
371,382,3,2
371,383,3,2
371,384,3,2
371,385,3,2
371,386,3,2
371,387,3,2
371,388,3,2
371,389,3,2
371,390,3,2
371,391,3,2
371,392,3,2
371,393,3,2
371,394,3,2
371,395,3,2
371,396,3,2
371,397,3,2
371,398,3,2
371,399,3,3
371,400,3,3
371,401,3,3
371,402,3,3
371,403,3,3
371,404,3,3
371,405,3,3
371,406,3,3
371,407,3,3
371,408,3,3
371,409,3,3
371,410,3,3
371,411,3,3
371,412,3,3
371,413,3,3
371,414,3,3
371,415,3,3
371,416,3,3
371,417,3,3
371,418,3,3
371,419,3,3
371,420,3,3
371,421,3,3
371,422,3,3
371,423,3,3
371,424,3,3
371,425,3,3
371,426,3,3
371,427,3,3
371,428,3,3
371,429,3,3
371,430,3,3
371,431,3,3
371,432,3,3
371,433,3,3
371,434,3,3
371,435,3,3
371,436,3,3
371,437,3,3
371,438,3,3
371,439,3,3
371,440,3,3
371,441,3,3
371,442,3,3
371,443,3,3
371,444,3,3
371,445,3,3
371,446,3,3
371,447,3,3
371,448,3,3
371,449,3,3
371,450,3,3
371,451,3,3
371,452,3,3
371,453,3,3
371,454,3,3
371,455,3,3
371,456,3,3
371,457,3,3
371,458,3,3
371,459,3,2
371,460,3,2
371,461,3,2
371,462,3,2
371,463,3,2
371,464,3,2
371,465,3,2
371,466,3,2
371,467,3,2
371,468,3,2
371,469,3,2
371,470,3,2
371,471,3,2
371,472,3,2
371,473,3,2
371,474,3,2
371,475,3,2
371,476,3,2
371,477,3,3
371,478,3,3
371,479,3,3
371,480,3,3
371,481,3,3
371,482,3,3
371,483,3,3
371,484,3,3
371,485,3,3
371,486,3,3
371,487,3,3
371,488,3,3
371,489,3,3
371,490,3,3
371,491,3,3
371,492,3,3
371,493,3,3
371,494,3,3
371,495,3,3
371,496,3,3
371,497,3,3
371,498,3,3
371,499,3,3
371,500,3,3
371,501,3,3
371,502,3,3
371,503,3,3
371,504,3,3
371,505,3,3
371,506,3,3
371,507,3,3
371,508,3,3
371,509,3,3
371,510,3,3
371,511,3,3
371,512,3,3
371,513,3,3
371,514,3,3
371,515,3,3
371,516,3,3
371,517,3,3
371,518,3,3
371,519,3,3
371,520,3,3
371,521,3,3
371,522,3,3
371,523,3,3
371,524,3,3
371,525,3,3
371,526,3,3
371,527,3,3
371,528,3,3
371,529,3,3
371,530,3,3
371,531,3,3
371,532,3,3
371,533,3,3
371,534,3,3
371,535,3,3
371,536,3,3
371,537,3,3
371,538,3,3
371,539,3,3
371,540,3,3
371,541,3,3
371,542,3,3
371,543,3,3
371,544,3,3
371,545,3,3
371,546,3,3
371,547,3,3
371,548,3,3
371,549,3,3
371,550,3,3
371,551,3,3
371,552,3,3
371,553,3,3
371,554,3,3
371,555,3,3
371,556,3,3
371,557,3,3
371,558,3,3
371,559,3,3
371,560,3,3
371,561,3,3
371,562,3,3
371,563,3,3
371,564,3,3
371,565,3,3
371,566,3,3
371,567,3,3
371,568,3,3
371,569,3,2
371,570,3,2
371,571,3,3
371,572,3,3
371,573,3,3
371,574,3,3
371,575,3,3
371,576,3,3
371,577,3,2
371,578,3,2
371,579,3,2
371,580,3,2
371,581,3,2
371,582,3,2
371,583,3,2
371,584,3,2
371,585,3,2
371,586,3,2
371,587,3,2
371,588,3,2
371,589,3,2
371,590,3,2
371,591,3,2
371,592,3,2
371,593,3,2
371,594,3,2
371,595,3,2
371,596,3,2
371,597,3,2
371,598,3,2
371,599,3,2
371,600,3,2
371,601,3,2
371,602,3,2
371,603,3,2
371,604,3,2
371,605,3,2
371,606,3,2
371,607,3,2
371,608,3,2
371,609,3,2
371,610,3,2
371,611,3,2
371,612,3,2
371,613,3,2
371,614,3,2
371,615,3,2
371,616,3,2
371,617,3,2
371,618,3,2
371,619,3,2
371,620,3,2
371,621,3,2
371,622,3,2
371,623,3,2
371,624,3,2
371,625,3,2
371,626,3,2
371,627,3,2
371,628,3,2
371,629,3,2
371,630,3,2
371,631,3,2
371,632,3,2
371,633,3,2
371,634,3,2
371,635,3,2
371,636,3,2
371,637,3,2
371,638,3,2
371,639,3,2
371,640,3,2
371,641,3,2
371,642,3,2
371,643,3,2
371,644,3,2
371,645,3,2
371,646,3,2
371,647,3,2
371,648,3,2
371,649,3,2
371,650,3,2
371,651,3,2
371,652,3,2
371,653,3,2
371,654,3,2
371,655,3,2
371,656,3,2
371,657,3,2
371,658,3,2
371,659,3,2
371,660,3,2
371,661,3,2
371,662,3,2
371,663,3,2
371,664,3,2
371,665,3,2
371,666,3,2
371,667,3,2
371,668,3,2
371,669,3,2
371,670,3,2
371,671,3,2
371,672,3,2
371,673,3,2
371,674,3,2
371,675,3,2
372,76,3,2
372,77,3,2
372,78,3,2
372,79,3,2
372,80,3,2
372,81,3,2
372,82,3,2
372,83,3,2
372,84,3,2
372,85,3,2
372,86,3,2
372,87,3,2
372,88,3,3
372,89,3,3
372,90,3,3
372,91,3,3
372,92,3,3
372,93,3,3
372,94,3,3
372,95,3,3
372,96,3,2
372,97,3,2
372,98,3,2
372,99,3,2
372,100,3,2
372,101,3,2
372,102,3,2
372,103,3,2
372,104,3,2
372,105,3,2
372,106,3,2
372,107,3,2
372,108,3,2
372,109,3,2
372,110,3,2
372,111,3,2
372,112,3,2
372,113,3,2
372,114,3,2
372,115,3,2
372,116,3,2
372,117,3,2
372,118,3,2
372,119,3,2
372,120,3,2
372,121,3,2
372,122,3,2
372,123,3,2
372,124,3,2
372,125,3,2
372,126,3,2
372,127,3,2
372,128,3,2
372,129,3,2
372,130,3,2
372,131,3,2
372,132,3,2
372,133,3,2
372,134,3,2
372,135,3,2
372,136,3,2
372,137,3,2
372,138,3,2
372,139,3,2
372,140,3,2
372,141,3,2
372,142,3,2
372,143,3,2
372,144,3,2
372,145,3,2
372,146,3,2
372,147,3,2
372,148,3,2
372,149,3,2
372,150,3,2
372,151,3,2
372,152,3,2
372,153,3,2
372,154,3,2
372,155,3,2
372,156,3,2
372,157,3,2
372,158,3,2
372,159,3,2
372,160,3,2
372,161,3,2
372,162,3,2
372,163,3,2
372,164,3,2
372,165,3,2
372,166,3,2
372,167,3,2
372,168,3,2
372,169,3,2
372,170,3,2
372,171,3,2
372,172,3,2
372,173,3,2
372,174,3,2
372,175,3,2
372,176,3,2
372,177,3,2
372,178,3,2
372,179,3,2
372,180,3,2
372,181,3,2
372,182,3,2
372,183,3,2
372,184,3,2
372,185,3,2
372,186,3,2
372,187,3,2
372,188,3,2
372,189,3,2
372,190,3,2
372,191,3,2
372,192,3,2
372,193,3,2
372,194,3,2
372,195,3,2
372,196,3,2
372,197,3,2
372,198,3,2
372,199,3,2
372,200,3,2
372,201,3,2
372,202,3,2
372,203,3,2
372,204,3,2
372,205,3,2
372,206,3,2
372,207,3,2
372,208,3,2
372,209,3,2
372,210,3,2
372,211,3,2
372,212,3,2
372,213,3,2
372,214,3,2
372,215,3,2
372,216,3,2
372,217,3,2
372,218,3,2
372,219,3,2
372,220,3,2
372,221,3,2
372,222,3,2
372,223,3,2
372,224,3,2
372,225,3,2
372,226,3,2
372,227,3,2
372,228,3,2
372,229,3,2
372,230,3,2
372,231,3,2
372,232,3,2
372,233,3,2
372,234,3,2
372,235,3,2
372,236,3,2
372,237,3,2
372,238,3,2
372,239,3,2
372,240,3,2
372,241,3,2
372,242,3,2
372,243,3,2
372,244,3,2
372,245,3,2
372,246,3,2
372,247,3,2
372,248,3,2
372,249,3,2
372,250,3,2
372,251,3,2
372,252,3,2
372,253,3,2
372,254,3,2
372,255,3,2
372,256,3,2
372,257,3,2
372,258,3,2
372,259,3,2
372,260,3,2
372,261,3,2
372,262,3,2
372,263,3,2
372,264,3,2
372,265,3,2
372,266,3,2
372,267,3,2
372,268,3,2
372,269,3,2
372,270,3,2
372,271,3,2
372,272,3,2
372,273,3,2
372,274,3,2
372,275,3,2
372,276,3,2
372,277,3,2
372,278,3,2
372,279,3,2
372,280,3,2
372,281,3,2
372,282,3,2
372,283,3,2
372,284,3,2
372,285,3,2
372,286,3,2
372,287,3,2
372,288,3,2
372,289,3,2
372,290,3,2
372,291,3,2
372,292,3,2
372,293,3,2
372,294,3,2
372,295,3,2
372,296,3,2
372,297,3,2
372,298,3,2
372,299,3,2
372,300,3,2
372,301,3,2
372,302,3,2
372,303,3,2
372,304,3,2
372,305,3,2
372,306,3,2
372,307,3,2
372,308,3,2
372,309,3,2
372,310,3,2
372,311,3,2
372,312,3,2
372,313,3,2
372,314,3,2
372,315,3,2
372,316,3,2
372,317,3,2
372,318,3,2
372,319,3,2
372,320,3,2
372,321,3,2
372,322,3,2
372,323,3,2
372,324,3,2
372,325,3,2
372,326,3,2
372,327,3,2
372,328,3,2
372,329,3,2
372,330,3,2
372,331,3,2
372,332,3,2
372,333,3,2
372,334,3,2
372,335,3,2
372,336,3,2
372,337,3,2
372,338,3,2
372,339,3,2
372,340,3,2
372,341,3,2
372,342,3,2
372,343,3,2
372,344,3,2
372,345,3,2
372,346,3,2
372,347,3,2
372,348,3,2
372,349,3,2
372,350,3,2
372,351,3,2
372,352,3,2
372,353,3,2
372,354,3,2
372,355,3,2
372,356,3,2
372,357,3,2
372,358,3,2
372,359,3,2
372,360,3,2
372,361,3,2
372,362,3,2
372,363,3,2
372,364,3,2
372,365,3,2
372,366,3,2
372,367,3,2
372,368,3,2
372,369,3,2
372,370,3,2
372,371,3,2
372,372,3,2
372,373,3,2
372,374,3,2
372,375,3,2
372,376,3,2
372,377,3,2
372,378,3,2
372,379,3,2
372,380,3,2
372,381,3,2
372,382,3,2
372,383,3,2
372,384,3,2
372,385,3,2
372,386,3,2
372,387,3,2
372,388,3,2
372,389,3,2
372,390,3,2
372,391,3,2
372,392,3,2
372,393,3,2
372,394,3,2
372,395,3,2
372,396,3,2
372,397,3,2
372,398,3,3
372,399,3,3
372,400,3,3
372,401,3,3
372,402,3,3
372,403,3,3
372,404,3,3
372,405,3,3
372,406,3,3
372,407,3,3
372,408,3,3
372,409,3,3
372,410,3,3
372,411,3,3
372,412,3,3
372,413,3,3
372,414,3,3
372,415,3,3
372,416,3,3
372,417,3,3
372,418,3,3
372,419,3,3
372,420,3,3
372,421,3,3
372,422,3,3
372,423,3,3
372,424,3,3
372,425,3,3
372,426,3,3
372,427,3,3
372,428,3,3
372,429,3,3
372,430,3,3
372,431,3,3
372,432,3,3
372,433,3,3
372,434,3,3
372,435,3,3
372,436,3,3
372,437,3,3
372,438,3,3
372,439,3,3
372,440,3,3
372,441,3,3
372,442,3,3
372,443,3,3
372,444,3,3
372,445,3,3
372,446,3,3
372,447,3,3
372,448,3,3
372,449,3,3
372,450,3,3
372,451,3,3
372,452,3,3
372,453,3,3
372,454,3,3
372,455,3,3
372,456,3,3
372,457,3,3
372,458,3,3
372,459,3,2
372,460,3,2
372,461,3,2
372,462,3,2
372,463,3,2
372,464,3,2
372,465,3,2
372,466,3,2
372,467,3,2
372,468,3,2
372,469,3,2
372,470,3,2
372,471,3,2
372,472,3,2
372,473,3,2
372,474,3,2
372,475,3,2
372,476,3,2
372,477,3,3
372,478,3,3
372,479,3,3
372,480,3,3
372,481,3,3
372,482,3,3
372,483,3,3
372,484,3,3
372,485,3,3
372,486,3,3
372,487,3,3
372,488,3,3
372,489,3,3
372,490,3,3
372,491,3,3
372,492,3,3
372,493,3,3
372,494,3,3
372,495,3,3
372,496,3,3
372,497,3,3
372,498,3,3
372,499,3,3
372,500,3,3
372,501,3,3
372,502,3,3
372,503,3,3
372,504,3,3
372,505,3,3
372,506,3,3
372,507,3,3
372,508,3,3
372,509,3,3
372,510,3,3
372,511,3,3
372,512,3,3
372,513,3,3
372,514,3,3
372,515,3,3
372,516,3,3
372,517,3,3
372,518,3,3
372,519,3,3
372,520,3,3
372,521,3,3
372,522,3,3
372,523,3,3
372,524,3,3
372,525,3,3
372,526,3,3
372,527,3,3
372,528,3,3
372,529,3,3
372,530,3,3
372,531,3,3
372,532,3,3
372,533,3,3
372,534,3,3
372,535,3,3
372,536,3,3
372,537,3,3
372,538,3,3
372,539,3,3
372,540,3,3
372,541,3,3
372,542,3,3
372,543,3,3
372,544,3,3
372,545,3,3
372,546,3,3
372,547,3,3
372,548,3,3
372,549,3,3
372,550,3,3
372,551,3,3
372,552,3,3
372,553,3,3
372,554,3,3
372,555,3,3
372,556,3,3
372,557,3,3
372,558,3,3
372,559,3,3
372,560,3,3
372,561,3,3
372,562,3,3
372,563,3,3
372,564,3,3
372,565,3,3
372,566,3,3
372,567,3,3
372,568,3,3
372,569,3,2
372,570,3,2
372,571,3,3
372,572,3,3
372,573,3,3
372,574,3,3
372,575,3,3
372,576,3,3
372,577,3,2
372,578,3,2
372,579,3,2
372,580,3,2
372,581,3,2
372,582,3,2
372,583,3,2
372,584,3,2
372,585,3,2
372,586,3,2
372,587,3,2
372,588,3,2
372,589,3,2
372,590,3,2
372,591,3,2
372,592,3,2
372,593,3,2
372,594,3,2
372,595,3,2
372,596,3,2
372,597,3,2
372,598,3,2
372,599,3,2
372,600,3,2
372,601,3,2
372,602,3,2
372,603,3,2
372,604,3,2
372,605,3,2
372,606,3,2
372,607,3,2
372,608,3,2
372,609,3,2
372,610,3,2
372,611,3,2
372,612,3,2
372,613,3,2
372,614,3,2
372,615,3,2
372,616,3,2
372,617,3,2
372,618,3,2
372,619,3,2
372,620,3,2
372,621,3,2
372,622,3,2
372,623,3,2
372,624,3,2
372,625,3,2
372,626,3,2
372,627,3,2
372,628,3,2
372,629,3,2
372,630,3,2
372,631,3,2
372,632,3,2
372,633,3,2
372,634,3,2
372,635,3,2
372,636,3,2
372,637,3,2
372,638,3,2
372,639,3,2
372,640,3,2
372,641,3,2
372,642,3,2
372,643,3,2
372,644,3,2
372,645,3,2
372,646,3,2
372,647,3,2
372,648,3,2
372,649,3,2
372,650,3,2
372,651,3,2
372,652,3,2
372,653,3,2
372,654,3,2
372,655,3,2
372,656,3,2
372,657,3,2
372,658,3,2
372,659,3,2
372,660,3,2
372,661,3,2
372,662,3,2
372,663,3,2
372,664,3,2
372,665,3,2
372,666,3,2
372,667,3,2
372,668,3,2
372,669,3,2
372,670,3,2
372,671,3,2
372,672,3,2
372,673,3,2
372,674,3,2
372,675,3,2
373,77,3,2
373,78,3,2
373,79,3,2
373,80,3,2
373,81,3,2
373,82,3,2
373,83,3,2
373,84,3,2
373,85,3,2
373,86,3,2
373,87,3,3
373,88,3,3
373,89,3,3
373,90,3,3
373,91,3,3
373,92,3,3
373,93,3,3
373,94,3,3
373,95,3,3
373,96,3,3
373,97,3,3
373,98,3,2
373,99,3,2
373,100,3,2
373,101,3,2
373,102,3,2
373,103,3,2
373,104,3,2
373,105,3,2
373,106,3,2
373,107,3,2
373,108,3,2
373,109,3,2
373,110,3,2
373,111,3,2
373,112,3,2
373,113,3,2
373,114,3,2
373,115,3,2
373,116,3,2
373,117,3,2
373,118,3,2
373,119,3,2
373,120,3,2
373,121,3,2
373,122,3,2
373,123,3,2
373,124,3,2
373,125,3,2
373,126,3,2
373,127,3,2
373,128,3,2
373,129,3,2
373,130,3,2
373,131,3,2
373,132,3,2
373,133,3,2
373,134,3,2
373,135,3,2
373,136,3,2
373,137,3,2
373,138,3,2
373,139,3,2
373,140,3,2
373,141,3,2
373,142,3,2
373,143,3,2
373,144,3,2
373,145,3,2
373,146,3,2
373,147,3,2
373,148,3,2
373,149,3,2
373,150,3,2
373,151,3,2
373,152,3,2
373,153,3,2
373,154,3,2
373,155,3,2
373,156,3,2
373,157,3,2
373,158,3,2
373,159,3,2
373,160,3,2
373,161,3,2
373,162,3,2
373,163,3,2
373,164,3,2
373,165,3,2
373,166,3,2
373,167,3,2
373,168,3,2
373,169,3,2
373,170,3,2
373,171,3,2
373,172,3,2
373,173,3,2
373,174,3,2
373,175,3,2
373,176,3,2
373,177,3,2
373,178,3,2
373,179,3,2
373,180,3,2
373,181,3,2
373,182,3,2
373,183,3,2
373,184,3,2
373,185,3,2
373,186,3,2
373,187,3,2
373,188,3,2
373,189,3,2
373,190,3,2
373,191,3,2
373,192,3,2
373,193,3,2
373,194,3,2
373,195,3,2
373,196,3,2
373,197,3,2
373,198,3,2
373,199,3,2
373,200,3,2
373,201,3,2
373,202,3,2
373,203,3,2
373,204,3,2
373,205,3,2
373,206,3,2
373,207,3,2
373,208,3,2
373,209,3,2
373,210,3,2
373,211,3,2
373,212,3,2
373,213,3,2
373,214,3,2
373,215,3,2
373,216,3,2
373,217,3,2
373,218,3,2
373,219,3,2
373,220,3,2
373,221,3,2
373,222,3,2
373,223,3,2
373,224,3,2
373,225,3,2
373,226,3,2
373,227,3,2
373,228,3,2
373,229,3,2
373,230,3,2
373,231,3,2
373,232,3,2
373,233,3,2
373,234,3,2
373,235,3,2
373,236,3,2
373,237,3,2
373,238,3,2
373,239,3,2
373,240,3,2
373,241,3,2
373,242,3,2
373,243,3,2
373,244,3,2
373,245,3,2
373,246,3,2
373,247,3,2
373,248,3,2
373,249,3,2
373,250,3,2
373,251,3,2
373,252,3,2
373,253,3,2
373,254,3,2
373,255,3,2
373,256,3,2
373,257,3,2
373,258,3,2
373,259,3,2
373,260,3,2
373,261,3,2
373,262,3,2
373,263,3,2
373,264,3,2
373,265,3,2
373,266,3,2
373,267,3,2
373,268,3,2
373,269,3,2
373,270,3,2
373,271,3,2
373,272,3,2
373,273,3,2
373,274,3,2
373,275,3,2
373,276,3,2
373,277,3,2
373,278,3,2
373,279,3,2
373,280,3,2
373,281,3,2
373,282,3,2
373,283,3,2
373,284,3,2
373,285,3,2
373,286,3,2
373,287,3,2
373,288,3,2
373,289,3,2
373,290,3,2
373,291,3,2
373,292,3,2
373,293,3,2
373,294,3,2
373,295,3,2
373,296,3,2
373,297,3,2
373,298,3,2
373,299,3,2
373,300,3,2
373,301,3,2
373,302,3,2
373,303,3,2
373,304,3,2
373,305,3,2
373,306,3,2
373,307,3,2
373,308,3,2
373,309,3,2
373,310,3,2
373,311,3,2
373,312,3,2
373,313,3,2
373,314,3,2
373,315,3,2
373,316,3,2
373,317,3,2
373,318,3,2
373,319,3,2
373,320,3,2
373,321,3,2
373,322,3,2
373,323,3,2
373,324,3,2
373,325,3,2
373,326,3,2
373,327,3,2
373,328,3,2
373,329,3,2
373,330,3,2
373,331,3,2
373,332,3,2
373,333,3,2
373,334,3,2
373,335,3,2
373,336,3,2
373,337,3,2
373,338,3,2
373,339,3,2
373,340,3,2
373,341,3,2
373,342,3,2
373,343,3,2
373,344,3,2
373,345,3,2
373,346,3,2
373,347,3,2
373,348,3,2
373,349,3,2
373,350,3,2
373,351,3,2
373,352,3,2
373,353,3,2
373,354,3,2
373,355,3,2
373,356,3,2
373,357,3,2
373,358,3,2
373,359,3,2
373,360,3,2
373,361,3,2
373,362,3,2
373,363,3,2
373,364,3,2
373,365,3,2
373,366,3,2
373,367,3,2
373,368,3,2
373,369,3,2
373,370,3,2
373,371,3,2
373,372,3,2
373,373,3,2
373,374,3,2
373,375,3,2
373,376,3,2
373,377,3,2
373,378,3,2
373,379,3,2
373,380,3,2
373,381,3,2
373,382,3,2
373,383,3,2
373,384,3,2
373,385,3,2
373,386,3,2
373,387,3,2
373,388,3,2
373,389,3,2
373,390,3,2
373,391,3,2
373,392,3,2
373,393,3,2
373,394,3,2
373,395,3,2
373,396,3,2
373,397,3,2
373,398,3,3
373,399,3,3
373,400,3,3
373,401,3,3
373,402,3,3
373,403,3,3
373,404,3,3
373,405,3,3
373,406,3,3
373,407,3,3
373,408,3,3
373,409,3,3
373,410,3,3
373,411,3,3
373,412,3,3
373,413,3,3
373,414,3,3
373,415,3,3
373,416,3,3
373,417,3,3
373,418,3,3
373,419,3,3
373,420,3,3
373,421,3,3
373,422,3,3
373,423,3,3
373,424,3,3
373,425,3,3
373,426,3,3
373,427,3,3
373,428,3,3
373,429,3,3
373,430,3,3
373,431,3,3
373,432,3,3
373,433,3,3
373,434,3,3
373,435,3,3
373,436,3,3
373,437,3,3
373,438,3,3
373,439,3,3
373,440,3,3
373,441,3,3
373,442,3,3
373,443,3,3
373,444,3,3
373,445,3,3
373,446,3,3
373,447,3,3
373,448,3,3
373,449,3,3
373,450,3,3
373,451,3,3
373,452,3,3
373,453,3,3
373,454,3,3
373,455,3,3
373,456,3,3
373,457,3,3
373,458,3,2
373,459,3,2
373,460,3,2
373,461,3,2
373,462,3,2
373,463,3,2
373,464,3,2
373,465,3,2
373,466,3,2
373,467,3,2
373,468,3,2
373,469,3,2
373,470,3,2
373,471,3,2
373,472,3,2
373,473,3,2
373,474,3,2
373,475,3,2
373,476,3,2
373,477,3,3
373,478,3,3
373,479,3,3
373,480,3,3
373,481,3,3
373,482,3,3
373,483,3,3
373,484,3,3
373,485,3,3
373,486,3,3
373,487,3,3
373,488,3,3
373,489,3,3
373,490,3,3
373,491,3,3
373,492,3,3
373,493,3,3
373,494,3,3
373,495,3,3
373,496,3,3
373,497,3,3
373,498,3,3
373,499,3,3
373,500,3,3
373,501,3,3
373,502,3,3
373,503,3,3
373,504,3,3
373,505,3,3
373,506,3,3
373,507,3,3
373,508,3,3
373,509,3,3
373,510,3,3
373,511,3,3
373,512,3,3
373,513,3,3
373,514,3,3
373,515,3,3
373,516,3,3
373,517,3,3
373,518,3,3
373,519,3,3
373,520,3,3
373,521,3,3
373,522,3,3
373,523,3,3
373,524,3,3
373,525,3,3
373,526,3,3
373,527,3,3
373,528,3,3
373,529,3,3
373,530,3,3
373,531,3,3
373,532,3,3
373,533,3,3
373,534,3,3
373,535,3,3
373,536,3,3
373,537,3,3
373,538,3,3
373,539,3,3
373,540,3,3
373,541,3,3
373,542,3,3
373,543,3,3
373,544,3,2
373,545,3,3
373,546,3,3
373,547,3,3
373,548,3,3
373,549,3,3
373,550,3,3
373,551,3,3
373,552,3,3
373,553,3,3
373,554,3,3
373,555,3,3
373,556,3,3
373,557,3,3
373,558,3,3
373,559,3,3
373,560,3,3
373,561,3,3
373,562,3,3
373,563,3,3
373,564,3,3
373,565,3,3
373,566,3,3
373,567,3,3
373,568,3,3
373,569,3,3
373,570,3,3
373,571,3,3
373,572,3,3
373,573,3,3
373,574,3,3
373,575,3,3
373,576,3,3
373,577,3,2
373,578,3,2
373,579,3,2
373,580,3,2
373,581,3,2
373,582,3,2
373,583,3,2
373,584,3,2
373,585,3,2
373,586,3,2
373,587,3,2
373,588,3,2
373,589,3,2
373,590,3,2
373,591,3,2
373,592,3,2
373,593,3,2
373,594,3,2
373,595,3,2
373,596,3,2
373,597,3,2
373,598,3,2
373,599,3,2
373,600,3,2
373,601,3,2
373,602,3,2
373,603,3,2
373,604,3,2
373,605,3,2
373,606,3,2
373,607,3,2
373,608,3,2
373,609,3,2
373,610,3,2
373,611,3,2
373,612,3,2
373,613,3,2
373,614,3,2
373,615,3,2
373,616,3,2
373,617,3,2
373,618,3,2
373,619,3,2
373,620,3,2
373,621,3,2
373,622,3,2
373,623,3,2
373,624,3,2
373,625,3,2
373,626,3,2
373,627,3,2
373,628,3,2
373,629,3,2
373,630,3,2
373,631,3,2
373,632,3,2
373,633,3,2
373,634,3,2
373,635,3,2
373,636,3,2
373,637,3,2
373,638,3,2
373,639,3,2
373,640,3,2
373,641,3,2
373,642,3,2
373,643,3,2
373,644,3,2
373,645,3,2
373,646,3,2
373,647,3,2
373,648,3,2
373,649,3,2
373,650,3,2
373,651,3,2
373,652,3,2
373,653,3,2
373,654,3,2
373,655,3,2
373,656,3,2
373,657,3,2
373,658,3,2
373,659,3,2
373,660,3,2
373,661,3,2
373,662,3,2
373,663,3,2
373,664,3,2
373,665,3,2
373,666,3,2
373,667,3,2
373,668,3,2
373,669,3,2
373,670,3,2
373,671,3,2
373,672,3,2
373,673,3,2
373,674,3,2
373,675,3,2
374,77,3,2
374,78,3,2
374,79,3,2
374,80,3,2
374,81,3,2
374,82,3,2
374,83,3,2
374,84,3,2
374,85,3,2
374,86,3,3
374,87,3,3
374,88,3,3
374,89,3,3
374,90,3,3
374,91,3,3
374,92,3,3
374,93,3,3
374,94,3,3
374,95,3,3
374,96,3,3
374,97,3,3
374,98,3,3
374,99,3,2
374,100,3,2
374,101,3,2
374,102,3,2
374,103,3,2
374,104,3,2
374,105,3,2
374,106,3,2
374,107,3,2
374,108,3,2
374,109,3,2
374,110,3,2
374,111,3,2
374,112,3,2
374,113,3,2
374,114,3,2
374,115,3,2
374,116,3,2
374,117,3,2
374,118,3,2
374,119,3,2
374,120,3,2
374,121,3,2
374,122,3,2
374,123,3,2
374,124,3,2
374,125,3,2
374,126,3,2
374,127,3,2
374,128,3,2
374,129,3,2
374,130,3,2
374,131,3,2
374,132,3,2
374,133,3,2
374,134,3,2
374,135,3,2
374,136,3,2
374,137,3,2
374,138,3,2
374,139,3,2
374,140,3,2
374,141,3,2
374,142,3,2
374,143,3,2
374,144,3,2
374,145,3,2
374,146,3,2
374,147,3,2
374,148,3,2
374,149,3,2
374,150,3,2
374,151,3,2
374,152,3,2
374,153,3,2
374,154,3,2
374,155,3,2
374,156,3,2
374,157,3,2
374,158,3,2
374,159,3,2
374,160,3,2
374,161,3,2
374,162,3,2
374,163,3,2
374,164,3,2
374,165,3,2
374,166,3,2
374,167,3,2
374,168,3,2
374,169,3,2
374,170,3,2
374,171,3,2
374,172,3,2
374,173,3,2
374,174,3,2
374,175,3,2
374,176,3,2
374,177,3,2
374,178,3,2
374,179,3,2
374,180,3,2
374,181,3,2
374,182,3,2
374,183,3,2
374,184,3,2
374,185,3,2
374,186,3,2
374,187,3,2
374,188,3,2
374,189,3,2
374,190,3,2
374,191,3,2
374,192,3,2
374,193,3,2
374,194,3,2
374,195,3,2
374,196,3,2
374,197,3,2
374,198,3,2
374,199,3,2
374,200,3,2
374,201,3,2
374,202,3,2
374,203,3,2
374,204,3,2
374,205,3,2
374,206,3,2
374,207,3,2
374,208,3,2
374,209,3,2
374,210,3,2
374,211,3,2
374,212,3,2
374,213,3,2
374,214,3,2
374,215,3,2
374,216,3,2
374,217,3,2
374,218,3,2
374,219,3,2
374,220,3,2
374,221,3,2
374,222,3,2
374,223,3,2
374,224,3,2
374,225,3,2
374,226,3,2
374,227,3,2
374,228,3,2
374,229,3,2
374,230,3,2
374,231,3,2
374,232,3,2
374,233,3,2
374,234,3,2
374,235,3,2
374,236,3,2
374,237,3,2
374,238,3,2
374,239,3,2
374,240,3,2
374,241,3,2
374,242,3,2
374,243,3,2
374,244,3,2
374,245,3,2
374,246,3,2
374,247,3,2
374,248,3,2
374,249,3,2
374,250,3,2
374,251,3,2
374,252,3,2
374,253,3,2
374,254,3,2
374,255,3,2
374,256,3,2
374,257,3,2
374,258,3,2
374,259,3,2
374,260,3,2
374,261,3,2
374,262,3,2
374,263,3,2
374,264,3,2
374,265,3,2
374,266,3,2
374,267,3,2
374,268,3,2
374,269,3,2
374,270,3,2
374,271,3,2
374,272,3,2
374,273,3,2
374,274,3,2
374,275,3,2
374,276,3,2
374,277,3,2
374,278,3,2
374,279,3,2
374,280,3,2
374,281,3,2
374,282,3,2
374,283,3,2
374,284,3,2
374,285,3,2
374,286,3,2
374,287,3,2
374,288,3,2
374,289,3,2
374,290,3,2
374,291,3,2
374,292,3,2
374,293,3,2
374,294,3,2
374,295,3,2
374,296,3,2
374,297,3,2
374,298,3,2
374,299,3,2
374,300,3,2
374,301,3,2
374,302,3,2
374,303,3,2
374,304,3,2
374,305,3,2
374,306,3,2
374,307,3,2
374,308,3,2
374,309,3,2
374,310,3,2
374,311,3,2
374,312,3,2
374,313,3,2
374,314,3,2
374,315,3,2
374,316,3,2
374,317,3,2
374,318,3,2
374,319,3,2
374,320,3,2
374,321,3,2
374,322,3,2
374,323,3,2
374,324,3,2
374,325,3,2
374,326,3,2
374,327,3,2
374,328,3,2
374,329,3,2
374,330,3,2
374,331,3,2
374,332,3,2
374,333,3,2
374,334,3,2
374,335,3,2
374,336,3,2
374,337,3,2
374,338,3,2
374,339,3,2
374,340,3,2
374,341,3,2
374,342,3,2
374,343,3,2
374,344,3,2
374,345,3,2
374,346,3,2
374,347,3,2
374,348,3,2
374,349,3,2
374,350,3,2
374,351,3,2
374,352,3,2
374,353,3,2
374,354,3,2
374,355,3,2
374,356,3,2
374,357,3,2
374,358,3,2
374,359,3,2
374,360,3,2
374,361,3,2
374,362,3,2
374,363,3,2
374,364,3,2
374,365,3,2
374,366,3,2
374,367,3,2
374,368,3,2
374,369,3,2
374,370,3,2
374,371,3,2
374,372,3,2
374,373,3,2
374,374,3,2
374,375,3,2
374,376,3,2
374,377,3,2
374,378,3,2
374,379,3,2
374,380,3,2
374,381,3,2
374,382,3,2
374,383,3,2
374,384,3,2
374,385,3,2
374,386,3,2
374,387,3,2
374,388,3,2
374,389,3,2
374,390,3,2
374,391,3,2
374,392,3,2
374,393,3,2
374,394,3,2
374,395,3,2
374,396,3,2
374,397,3,3
374,398,3,3
374,399,3,3
374,400,3,3
374,401,3,3
374,402,3,3
374,403,3,3
374,404,3,3
374,405,3,3
374,406,3,3
374,407,3,3
374,408,3,3
374,409,3,3
374,410,3,3
374,411,3,3
374,412,3,3
374,413,3,3
374,414,3,3
374,415,3,3
374,416,3,3
374,417,3,3
374,418,3,3
374,419,3,3
374,420,3,3
374,421,3,3
374,422,3,3
374,423,3,3
374,424,3,3
374,425,3,3
374,426,3,3
374,427,3,3
374,428,3,3
374,429,3,3
374,430,3,3
374,431,3,3
374,432,3,3
374,433,3,3
374,434,3,3
374,435,3,3
374,436,3,3
374,437,3,3
374,438,3,3
374,439,3,3
374,440,3,3
374,441,3,3
374,442,3,3
374,443,3,3
374,444,3,3
374,445,3,3
374,446,3,3
374,447,3,3
374,448,3,3
374,449,3,3
374,450,3,3
374,451,3,3
374,452,3,3
374,453,3,3
374,454,3,3
374,455,3,3
374,456,3,3
374,457,3,2
374,458,3,2
374,459,3,2
374,460,3,2
374,461,3,2
374,462,3,2
374,463,3,2
374,464,3,2
374,465,3,2
374,466,3,2
374,467,3,2
374,468,3,2
374,469,3,2
374,470,3,2
374,471,3,2
374,472,3,2
374,473,3,2
374,474,3,2
374,475,3,2
374,476,3,2
374,477,3,3
374,478,3,3
374,479,3,3
374,480,3,3
374,481,3,3
374,482,3,3
374,483,3,3
374,484,3,3
374,485,3,3
374,486,3,3
374,487,3,3
374,488,3,3
374,489,3,3
374,490,3,3
374,491,3,3
374,492,3,3
374,493,3,3
374,494,3,3
374,495,3,3
374,496,3,3
374,497,3,3
374,498,3,3
374,499,3,3
374,500,3,3
374,501,3,3
374,502,3,3
374,503,3,3
374,504,3,3
374,505,3,3
374,506,3,3
374,507,3,3
374,508,3,3
374,509,3,3
374,510,3,3
374,511,3,3
374,512,3,3
374,513,3,3
374,514,3,3
374,515,3,3
374,516,3,3
374,517,3,3
374,518,3,3
374,519,3,3
374,520,3,3
374,521,3,3
374,522,3,3
374,523,3,3
374,524,3,3
374,525,3,3
374,526,3,3
374,527,3,3
374,528,3,3
374,529,3,3
374,530,3,3
374,531,3,3
374,532,3,3
374,533,3,3
374,534,3,3
374,535,3,3
374,536,3,3
374,537,3,3
374,538,3,3
374,539,3,3
374,540,3,2
374,541,3,2
374,542,3,2
374,543,3,2
374,544,3,2
374,545,3,2
374,546,3,3
374,547,3,3
374,548,3,3
374,549,3,3
374,550,3,3
374,551,3,3
374,552,3,3
374,553,3,3
374,554,3,3
374,555,3,3
374,556,3,3
374,557,3,3
374,558,3,3
374,559,3,3
374,560,3,3
374,561,3,3
374,562,3,3
374,563,3,3
374,564,3,3
374,565,3,3
374,566,3,3
374,567,3,3
374,568,3,3
374,569,3,3
374,570,3,3
374,571,3,3
374,572,3,3
374,573,3,3
374,574,3,3
374,575,3,3
374,576,3,3
374,577,3,2
374,578,3,2
374,579,3,2
374,580,3,2
374,581,3,2
374,582,3,2
374,583,3,2
374,584,3,2
374,585,3,2
374,586,3,2
374,587,3,2
374,588,3,2
374,589,3,2
374,590,3,2
374,591,3,2
374,592,3,2
374,593,3,2
374,594,3,2
374,595,3,2
374,596,3,2
374,597,3,2
374,598,3,2
374,599,3,2
374,600,3,2
374,601,3,2
374,602,3,2
374,603,3,2
374,604,3,2
374,605,3,2
374,606,3,2
374,607,3,2
374,608,3,2
374,609,3,2
374,610,3,2
374,611,3,2
374,612,3,2
374,613,3,2
374,614,3,2
374,615,3,2
374,616,3,2
374,617,3,2
374,618,3,2
374,619,3,2
374,620,3,2
374,621,3,2
374,622,3,2
374,623,3,2
374,624,3,2
374,625,3,2
374,626,3,2
374,627,3,2
374,628,3,2
374,629,3,2
374,630,3,2
374,631,3,2
374,632,3,2
374,633,3,2
374,634,3,2
374,635,3,2
374,636,3,2
374,637,3,2
374,638,3,2
374,639,3,2
374,640,3,2
374,641,3,2
374,642,3,2
374,643,3,2
374,644,3,2
374,645,3,2
374,646,3,2
374,647,3,2
374,648,3,2
374,649,3,2
374,650,3,2
374,651,3,2
374,652,3,2
374,653,3,2
374,654,3,2
374,655,3,2
374,656,3,2
374,657,3,2
374,658,3,2
374,659,3,2
374,660,3,2
374,661,3,2
374,662,3,2
374,663,3,2
374,664,3,2
374,665,3,2
374,666,3,2
374,667,3,2
374,668,3,2
374,669,3,2
374,670,3,2
374,671,3,2
374,672,3,2
374,673,3,2
374,674,3,2
374,675,3,2
374,676,3,2
375,78,3,2
375,79,3,2
375,80,3,2
375,81,3,2
375,82,3,2
375,83,3,2
375,84,3,2
375,85,3,3
375,86,3,3
375,87,3,3
375,88,3,3
375,89,3,3
375,90,3,3
375,91,3,3
375,92,3,3
375,93,3,3
375,94,3,3
375,95,3,3
375,96,3,3
375,97,3,3
375,98,3,3
375,99,3,3
375,100,3,2
375,101,3,2
375,102,3,2
375,103,3,2
375,104,3,2
375,105,3,2
375,106,3,2
375,107,3,2
375,108,3,2
375,109,3,2
375,110,3,2
375,111,3,2
375,112,3,2
375,113,3,2
375,114,3,2
375,115,3,2
375,116,3,2
375,117,3,2
375,118,3,2
375,119,3,2
375,120,3,2
375,121,3,2
375,122,3,2
375,123,3,2
375,124,3,2
375,125,3,2
375,126,3,2
375,127,3,2
375,128,3,2
375,129,3,2
375,130,3,2
375,131,3,2
375,132,3,2
375,133,3,2
375,134,3,2
375,135,3,2
375,136,3,2
375,137,3,2
375,138,3,2
375,139,3,2
375,140,3,2
375,141,3,2
375,142,3,2
375,143,3,2
375,144,3,2
375,145,3,2
375,146,3,2
375,147,3,2
375,148,3,2
375,149,3,2
375,150,3,2
375,151,3,2
375,152,3,2
375,153,3,2
375,154,3,2
375,155,3,2
375,156,3,2
375,157,3,2
375,158,3,2
375,159,3,2
375,160,3,2
375,161,3,2
375,162,3,2
375,163,3,2
375,164,3,2
375,165,3,2
375,166,3,2
375,167,3,2
375,168,3,2
375,169,3,2
375,170,3,2
375,171,3,2
375,172,3,2
375,173,3,2
375,174,3,2
375,175,3,2
375,176,3,2
375,177,3,2
375,178,3,2
375,179,3,2
375,180,3,2
375,181,3,2
375,182,3,2
375,183,3,2
375,184,3,2
375,185,3,2
375,186,3,2
375,187,3,2
375,188,3,2
375,189,3,2
375,190,3,2
375,191,3,2
375,192,3,2
375,193,3,2
375,194,3,2
375,195,3,2
375,196,3,2
375,197,3,2
375,198,3,2
375,199,3,2
375,200,3,2
375,201,3,2
375,202,3,2
375,203,3,2
375,204,3,2
375,205,3,2
375,206,3,2
375,207,3,2
375,208,3,2
375,209,3,2
375,210,3,2
375,211,3,2
375,212,3,2
375,213,3,2
375,214,3,2
375,215,3,2
375,216,3,2
375,217,3,2
375,218,3,2
375,219,3,2
375,220,3,2
375,221,3,2
375,222,3,2
375,223,3,2
375,224,3,2
375,225,3,2
375,226,3,2
375,227,3,2
375,228,3,2
375,229,3,2
375,230,3,2
375,231,3,2
375,232,3,2
375,233,3,2
375,234,3,2
375,235,3,2
375,236,3,2
375,237,3,2
375,238,3,2
375,239,3,2
375,240,3,2
375,241,3,2
375,242,3,2
375,243,3,2
375,244,3,2
375,245,3,2
375,246,3,2
375,247,3,2
375,248,3,2
375,249,3,2
375,250,3,2
375,251,3,2
375,252,3,2
375,253,3,2
375,254,3,2
375,255,3,2
375,256,3,2
375,257,3,2
375,258,3,2
375,259,3,2
375,260,3,2
375,261,3,2
375,262,3,2
375,263,3,2
375,264,3,2
375,265,3,2
375,266,3,2
375,267,3,2
375,268,3,2
375,269,3,2
375,270,3,2
375,271,3,2
375,272,3,2
375,273,3,2
375,274,3,2
375,275,3,2
375,276,3,2
375,277,3,2
375,278,3,2
375,279,3,2
375,280,3,2
375,281,3,2
375,282,3,2
375,283,3,2
375,284,3,2
375,285,3,2
375,286,3,2
375,287,3,2
375,288,3,2
375,289,3,2
375,290,3,2
375,291,3,2
375,292,3,2
375,293,3,2
375,294,3,2
375,295,3,2
375,296,3,2
375,297,3,2
375,298,3,2
375,299,3,2
375,300,3,2
375,301,3,2
375,302,3,2
375,303,3,2
375,304,3,2
375,305,3,2
375,306,3,2
375,307,3,2
375,308,3,2
375,309,3,2
375,310,3,2
375,311,3,2
375,312,3,2
375,313,3,2
375,314,3,2
375,315,3,2
375,316,3,2
375,317,3,2
375,318,3,2
375,319,3,2
375,320,3,2
375,321,3,2
375,322,3,2
375,323,3,2
375,324,3,2
375,325,3,2
375,326,3,2
375,327,3,2
375,328,3,2
375,329,3,2
375,330,3,2
375,331,3,2
375,332,3,2
375,333,3,2
375,334,3,2
375,335,3,2
375,336,3,2
375,337,3,2
375,338,3,2
375,339,3,2
375,340,3,2
375,341,3,2
375,342,3,2
375,343,3,2
375,344,3,2
375,345,3,2
375,346,3,2
375,347,3,2
375,348,3,2
375,349,3,2
375,350,3,2
375,351,3,2
375,352,3,2
375,353,3,2
375,354,3,2
375,355,3,2
375,356,3,2
375,357,3,2
375,358,3,2
375,359,3,2
375,360,3,2
375,361,3,2
375,362,3,2
375,363,3,2
375,364,3,2
375,365,3,2
375,366,3,2
375,367,3,2
375,368,3,2
375,369,3,2
375,370,3,2
375,371,3,2
375,372,3,2
375,373,3,2
375,374,3,2
375,375,3,2
375,376,3,2
375,377,3,2
375,378,3,2
375,379,3,2
375,380,3,2
375,381,3,2
375,382,3,2
375,383,3,2
375,384,3,2
375,385,3,2
375,386,3,2
375,387,3,2
375,388,3,2
375,389,3,2
375,390,3,2
375,391,3,2
375,392,3,2
375,393,3,2
375,394,3,2
375,395,3,2
375,396,3,2
375,397,3,3
375,398,3,3
375,399,3,3
375,400,3,3
375,401,3,3
375,402,3,3
375,403,3,3
375,404,3,3
375,405,3,3
375,406,3,3
375,407,3,3
375,408,3,3
375,409,3,3
375,410,3,3
375,411,3,3
375,412,3,3
375,413,3,3
375,414,3,3
375,415,3,3
375,416,3,3
375,417,3,3
375,418,3,3
375,419,3,3
375,420,3,3
375,421,3,3
375,422,3,3
375,423,3,3
375,424,3,3
375,425,3,3
375,426,3,3
375,427,3,3
375,428,3,3
375,429,3,3
375,430,3,3
375,431,3,3
375,432,3,3
375,433,3,3
375,434,3,3
375,435,3,3
375,436,3,3
375,437,3,3
375,438,3,3
375,439,3,3
375,440,3,3
375,441,3,3
375,442,3,3
375,443,3,3
375,444,3,3
375,445,3,3
375,446,3,3
375,447,3,3
375,448,3,3
375,449,3,3
375,450,3,3
375,451,3,3
375,452,3,3
375,453,3,3
375,454,3,3
375,455,3,3
375,456,3,3
375,457,3,2
375,458,3,2
375,459,3,2
375,460,3,2
375,461,3,2
375,462,3,2
375,463,3,2
375,464,3,2
375,465,3,2
375,466,3,2
375,467,3,2
375,468,3,2
375,469,3,2
375,470,3,2
375,471,3,2
375,472,3,2
375,473,3,2
375,474,3,2
375,475,3,2
375,476,3,2
375,477,3,3
375,478,3,3
375,479,3,3
375,480,3,3
375,481,3,3
375,482,3,3
375,483,3,3
375,484,3,3
375,485,3,3
375,486,3,3
375,487,3,3
375,488,3,3
375,489,3,3
375,490,3,3
375,491,3,3
375,492,3,3
375,493,3,3
375,494,3,3
375,495,3,3
375,496,3,3
375,497,3,3
375,498,3,3
375,499,3,3
375,500,3,3
375,501,3,3
375,502,3,3
375,503,3,3
375,504,3,3
375,505,3,3
375,506,3,3
375,507,3,3
375,508,3,3
375,509,3,3
375,510,3,3
375,511,3,3
375,512,3,3
375,513,3,3
375,514,3,3
375,515,3,3
375,516,3,3
375,517,3,3
375,518,3,3
375,519,3,3
375,520,3,3
375,521,3,3
375,522,3,3
375,523,3,3
375,524,3,3
375,525,3,3
375,526,3,3
375,527,3,3
375,528,3,3
375,529,3,3
375,530,3,3
375,531,3,3
375,532,3,3
375,533,3,3
375,534,3,3
375,535,3,3
375,536,3,3
375,537,3,3
375,538,3,3
375,539,3,2
375,540,3,2
375,541,3,2
375,542,3,2
375,543,3,2
375,544,3,2
375,545,3,2
375,546,3,2
375,547,3,2
375,548,3,2
375,549,3,2
375,550,3,2
375,551,3,2
375,552,3,2
375,553,3,2
375,554,3,3
375,555,3,3
375,556,3,3
375,557,3,3
375,558,3,3
375,559,3,3
375,560,3,3
375,561,3,3
375,562,3,3
375,563,3,3
375,564,3,3
375,565,3,3
375,566,3,3
375,567,3,3
375,568,3,3
375,569,3,3
375,570,3,3
375,571,3,3
375,572,3,3
375,573,3,3
375,574,3,3
375,575,3,3
375,576,3,3
375,577,3,2
375,578,3,2
375,579,3,2
375,580,3,2
375,581,3,2
375,582,3,2
375,583,3,2
375,584,3,2
375,585,3,2
375,586,3,2
375,587,3,2
375,588,3,2
375,589,3,2
375,590,3,2
375,591,3,2
375,592,3,2
375,593,3,2
375,594,3,2
375,595,3,2
375,596,3,2
375,597,3,2
375,598,3,2
375,599,3,2
375,600,3,2
375,601,3,2
375,602,3,2
375,603,3,2
375,604,3,2
375,605,3,2
375,606,3,2
375,607,3,2
375,608,3,2
375,609,3,2
375,610,3,2
375,611,3,2
375,612,3,2
375,613,3,2
375,614,3,2
375,615,3,2
375,616,3,2
375,617,3,2
375,618,3,2
375,619,3,2
375,620,3,2
375,621,3,2
375,622,3,2
375,623,3,2
375,624,3,2
375,625,3,2
375,626,3,2
375,627,3,2
375,628,3,2
375,629,3,2
375,630,3,2
375,631,3,2
375,632,3,2
375,633,3,2
375,634,3,2
375,635,3,2
375,636,3,2
375,637,3,2
375,638,3,2
375,639,3,2
375,640,3,2
375,641,3,2
375,642,3,2
375,643,3,2
375,644,3,2
375,645,3,2
375,646,3,2
375,647,3,2
375,648,3,2
375,649,3,2
375,650,3,2
375,651,3,2
375,652,3,2
375,653,3,2
375,654,3,2
375,655,3,2
375,656,3,2
375,657,3,2
375,658,3,2
375,659,3,2
375,660,3,2
375,661,3,2
375,662,3,2
375,663,3,2
375,664,3,2
375,665,3,2
375,666,3,2
375,667,3,2
375,668,3,2
375,669,3,2
375,670,3,2
375,671,3,2
375,672,3,2
375,673,3,2
375,674,3,2
375,675,3,2
375,676,3,2
376,78,3,2
376,79,3,2
376,80,3,2
376,81,3,2
376,82,3,2
376,83,3,2
376,84,3,3
376,85,3,3
376,86,3,3
376,87,3,3
376,88,3,3
376,89,3,3
376,90,3,3
376,91,3,3
376,92,3,3
376,93,3,3
376,94,3,3
376,95,3,3
376,96,3,3
376,97,3,3
376,98,3,3
376,99,3,3
376,100,3,3
376,101,3,2
376,102,3,2
376,103,3,2
376,104,3,2
376,105,3,2
376,106,3,2
376,107,3,2
376,108,3,2
376,109,3,2
376,110,3,2
376,111,3,2
376,112,3,2
376,113,3,2
376,114,3,2
376,115,3,2
376,116,3,2
376,117,3,2
376,118,3,2
376,119,3,2
376,120,3,2
376,121,3,2
376,122,3,2
376,123,3,2
376,124,3,2
376,125,3,2
376,126,3,2
376,127,3,2
376,128,3,2
376,129,3,2
376,130,3,2
376,131,3,2
376,132,3,2
376,133,3,2
376,134,3,2
376,135,3,2
376,136,3,2
376,137,3,2
376,138,3,2
376,139,3,2
376,140,3,2
376,141,3,2
376,142,3,2
376,143,3,2
376,144,3,2
376,145,3,2
376,146,3,2
376,147,3,2
376,148,3,2
376,149,3,2
376,150,3,2
376,151,3,2
376,152,3,2
376,153,3,2
376,154,3,2
376,155,3,2
376,156,3,2
376,157,3,2
376,158,3,2
376,159,3,2
376,160,3,2
376,161,3,2
376,162,3,2
376,163,3,2
376,164,3,2
376,165,3,2
376,166,3,2
376,167,3,2
376,168,3,2
376,169,3,2
376,170,3,2
376,171,3,2
376,172,3,2
376,173,3,2
376,174,3,2
376,175,3,2
376,176,3,2
376,177,3,2
376,178,3,2
376,179,3,2
376,180,3,2
376,181,3,2
376,182,3,2
376,183,3,2
376,184,3,2
376,185,3,2
376,186,3,2
376,187,3,2
376,188,3,2
376,189,3,2
376,190,3,2
376,191,3,2
376,192,3,2
376,193,3,2
376,194,3,2
376,195,3,2
376,196,3,2
376,197,3,2
376,198,3,2
376,199,3,2
376,200,3,2
376,201,3,2
376,202,3,2
376,203,3,2
376,204,3,2
376,205,3,2
376,206,3,2
376,207,3,2
376,208,3,2
376,209,3,2
376,210,3,2
376,211,3,2
376,212,3,2
376,213,3,2
376,214,3,2
376,215,3,2
376,216,3,2
376,217,3,2
376,218,3,2
376,219,3,2
376,220,3,2
376,221,3,2
376,222,3,2
376,223,3,2
376,224,3,2
376,225,3,2
376,226,3,2
376,227,3,2
376,228,3,2
376,229,3,2
376,230,3,2
376,231,3,2
376,232,3,2
376,233,3,2
376,234,3,2
376,235,3,2
376,236,3,2
376,237,3,2
376,238,3,2
376,239,3,2
376,240,3,2
376,241,3,2
376,242,3,2
376,243,3,2
376,244,3,2
376,245,3,2
376,246,3,2
376,247,3,2
376,248,3,2
376,249,3,2
376,250,3,2
376,251,3,2
376,252,3,2
376,253,3,2
376,254,3,2
376,255,3,2
376,256,3,2
376,257,3,2
376,258,3,2
376,259,3,2
376,260,3,2
376,261,3,2
376,262,3,2
376,263,3,2
376,264,3,2
376,265,3,2
376,266,3,2
376,267,3,2
376,268,3,2
376,269,3,2
376,270,3,2
376,271,3,2
376,272,3,2
376,273,3,2
376,274,3,2
376,275,3,2
376,276,3,2
376,277,3,2
376,278,3,2
376,279,3,2
376,280,3,2
376,281,3,2
376,282,3,2
376,283,3,2
376,284,3,2
376,285,3,2
376,286,3,2
376,287,3,2
376,288,3,2
376,289,3,2
376,290,3,2
376,291,3,2
376,292,3,2
376,293,3,2
376,294,3,2
376,295,3,2
376,296,3,2
376,297,3,2
376,298,3,2
376,299,3,2
376,300,3,2
376,301,3,2
376,302,3,2
376,303,3,2
376,304,3,2
376,305,3,2
376,306,3,2
376,307,3,2
376,308,3,2
376,309,3,2
376,310,3,2
376,311,3,2
376,312,3,2
376,313,3,2
376,314,3,2
376,315,3,2
376,316,3,2
376,317,3,2
376,318,3,2
376,319,3,2
376,320,3,2
376,321,3,2
376,322,3,2
376,323,3,2
376,324,3,2
376,325,3,2
376,326,3,2
376,327,3,2
376,328,3,2
376,329,3,2
376,330,3,2
376,331,3,2
376,332,3,2
376,333,3,2
376,334,3,2
376,335,3,2
376,336,3,2
376,337,3,2
376,338,3,2
376,339,3,2
376,340,3,2
376,341,3,2
376,342,3,2
376,343,3,2
376,344,3,2
376,345,3,2
376,346,3,2
376,347,3,2
376,348,3,2
376,349,3,2
376,350,3,2
376,351,3,2
376,352,3,2
376,353,3,2
376,354,3,2
376,355,3,2
376,356,3,2
376,357,3,2
376,358,3,2
376,359,3,2
376,360,3,2
376,361,3,2
376,362,3,2
376,363,3,2
376,364,3,2
376,365,3,2
376,366,3,2
376,367,3,2
376,368,3,2
376,369,3,2
376,370,3,2
376,371,3,2
376,372,3,2
376,373,3,2
376,374,3,2
376,375,3,2
376,376,3,2
376,377,3,2
376,378,3,2
376,379,3,2
376,380,3,2
376,381,3,2
376,382,3,2
376,383,3,2
376,384,3,2
376,385,3,2
376,386,3,2
376,387,3,2
376,388,3,2
376,389,3,2
376,390,3,2
376,391,3,2
376,392,3,2
376,393,3,2
376,394,3,2
376,395,3,2
376,396,3,2
376,397,3,3
376,398,3,3
376,399,3,3
376,400,3,3
376,401,3,3
376,402,3,3
376,403,3,3
376,404,3,3
376,405,3,3
376,406,3,3
376,407,3,3
376,408,3,3
376,409,3,3
376,410,3,3
376,411,3,3
376,412,3,3
376,413,3,3
376,414,3,3
376,415,3,3
376,416,3,3
376,417,3,3
376,418,3,3
376,419,3,3
376,420,3,3
376,421,3,3
376,422,3,3
376,423,3,3
376,424,3,3
376,425,3,3
376,426,3,3
376,427,3,3
376,428,3,3
376,429,3,3
376,430,3,3
376,431,3,3
376,432,3,3
376,433,3,3
376,434,3,3
376,435,3,3
376,436,3,3
376,437,3,3
376,438,3,3
376,439,3,3
376,440,3,3
376,441,3,3
376,442,3,3
376,443,3,3
376,444,3,3
376,445,3,3
376,446,3,3
376,447,3,3
376,448,3,3
376,449,3,3
376,450,3,3
376,451,3,3
376,452,3,3
376,453,3,3
376,454,3,3
376,455,3,3
376,456,3,2
376,457,3,2
376,458,3,2
376,459,3,2
376,460,3,2
376,461,3,2
376,462,3,2
376,463,3,2
376,464,3,2
376,465,3,2
376,466,3,2
376,467,3,2
376,468,3,2
376,469,3,2
376,470,3,2
376,471,3,2
376,472,3,2
376,473,3,2
376,474,3,2
376,475,3,2
376,476,3,2
376,477,3,3
376,478,3,3
376,479,3,3
376,480,3,3
376,481,3,3
376,482,3,3
376,483,3,3
376,484,3,3
376,485,3,3
376,486,3,3
376,487,3,3
376,488,3,3
376,489,3,3
376,490,3,3
376,491,3,3
376,492,3,3
376,493,3,3
376,494,3,3
376,495,3,3
376,496,3,3
376,497,3,3
376,498,3,3
376,499,3,3
376,500,3,3
376,501,3,3
376,502,3,3
376,503,3,3
376,504,3,3
376,505,3,3
376,506,3,3
376,507,3,3
376,508,3,3
376,509,3,3
376,510,3,3
376,511,3,3
376,512,3,3
376,513,3,3
376,514,3,3
376,515,3,3
376,516,3,3
376,517,3,3
376,518,3,3
376,519,3,3
376,520,3,3
376,521,3,3
376,522,3,3
376,523,3,3
376,524,3,3
376,525,3,3
376,526,3,3
376,527,3,3
376,528,3,3
376,529,3,3
376,530,3,3
376,531,3,3
376,532,3,3
376,533,3,3
376,534,3,3
376,535,3,3
376,536,3,3
376,537,3,3
376,538,3,2
376,539,3,2
376,540,3,2
376,541,3,2
376,542,3,2
376,543,3,2
376,544,3,2
376,545,3,2
376,546,3,2
376,547,3,2
376,548,3,2
376,549,3,2
376,550,3,2
376,551,3,2
376,552,3,2
376,553,3,2
376,554,3,2
376,555,3,2
376,556,3,3
376,557,3,3
376,558,3,3
376,559,3,3
376,560,3,3
376,561,3,3
376,562,3,3
376,563,3,3
376,564,3,3
376,565,3,3
376,566,3,3
376,567,3,3
376,568,3,3
376,569,3,3
376,570,3,3
376,571,3,3
376,572,3,3
376,573,3,3
376,574,3,3
376,575,3,3
376,576,3,3
376,577,3,2
376,578,3,2
376,579,3,2
376,580,3,2
376,581,3,2
376,582,3,2
376,583,3,2
376,584,3,2
376,585,3,2
376,586,3,2
376,587,3,2
376,588,3,2
376,589,3,2
376,590,3,2
376,591,3,2
376,592,3,2
376,593,3,2
376,594,3,2
376,595,3,2
376,596,3,2
376,597,3,2
376,598,3,2
376,599,3,2
376,600,3,2
376,601,3,2
376,602,3,2
376,603,3,2
376,604,3,2
376,605,3,2
376,606,3,2
376,607,3,2
376,608,3,2
376,609,3,2
376,610,3,2
376,611,3,2
376,612,3,2
376,613,3,2
376,614,3,2
376,615,3,2
376,616,3,2
376,617,3,2
376,618,3,2
376,619,3,2
376,620,3,2
376,621,3,2
376,622,3,2
376,623,3,2
376,624,3,2
376,625,3,2
376,626,3,2
376,627,3,2
376,628,3,2
376,629,3,2
376,630,3,2
376,631,3,2
376,632,3,2
376,633,3,2
376,634,3,2
376,635,3,2
376,636,3,2
376,637,3,2
376,638,3,2
376,639,3,2
376,640,3,2
376,641,3,2
376,642,3,2
376,643,3,2
376,644,3,2
376,645,3,2
376,646,3,2
376,647,3,2
376,648,3,2
376,649,3,2
376,650,3,2
376,651,3,2
376,652,3,2
376,653,3,2
376,654,3,2
376,655,3,2
376,656,3,2
376,657,3,2
376,658,3,2
376,659,3,2
376,660,3,2
376,661,3,2
376,662,3,2
376,663,3,2
376,664,3,2
376,665,3,2
376,666,3,2
376,667,3,2
376,668,3,2
376,669,3,2
376,670,3,2
376,671,3,2
376,672,3,2
376,673,3,2
376,674,3,2
376,675,3,2
376,676,3,2
377,79,3,2
377,80,3,2
377,81,3,2
377,82,3,2
377,83,3,3
377,84,3,3
377,85,3,3
377,86,3,3
377,87,3,3
377,88,3,3
377,89,3,3
377,90,3,3
377,91,3,3
377,92,3,3
377,93,3,3
377,94,3,3
377,95,3,3
377,96,3,3
377,97,3,3
377,98,3,3
377,99,3,3
377,100,3,3
377,101,3,2
377,102,3,2
377,103,3,2
377,104,3,2
377,105,3,2
377,106,3,2
377,107,3,2
377,108,3,2
377,109,3,2
377,110,3,2
377,111,3,2
377,112,3,2
377,113,3,2
377,114,3,2
377,115,3,2
377,116,3,2
377,117,3,2
377,118,3,2
377,119,3,2
377,120,3,2
377,121,3,2
377,122,3,2
377,123,3,2
377,124,3,2
377,125,3,2
377,126,3,2
377,127,3,2
377,128,3,2
377,129,3,2
377,130,3,2
377,131,3,2
377,132,3,2
377,133,3,2
377,134,3,2
377,135,3,2
377,136,3,2
377,137,3,2
377,138,3,2
377,139,3,2
377,140,3,2
377,141,3,2
377,142,3,2
377,143,3,2
377,144,3,2
377,145,3,2
377,146,3,2
377,147,3,2
377,148,3,2
377,149,3,2
377,150,3,2
377,151,3,2
377,152,3,2
377,153,3,2
377,154,3,2
377,155,3,2
377,156,3,2
377,157,3,2
377,158,3,2
377,159,3,2
377,160,3,2
377,161,3,2
377,162,3,2
377,163,3,2
377,164,3,2
377,165,3,2
377,166,3,2
377,167,3,2
377,168,3,2
377,169,3,2
377,170,3,2
377,171,3,2
377,172,3,2
377,173,3,2
377,174,3,2
377,175,3,2
377,176,3,2
377,177,3,2
377,178,3,2
377,179,3,2
377,180,3,2
377,181,3,2
377,182,3,2
377,183,3,2
377,184,3,2
377,185,3,2
377,186,3,2
377,187,3,2
377,188,3,2
377,189,3,2
377,190,3,2
377,191,3,2
377,192,3,2
377,193,3,2
377,194,3,2
377,195,3,2
377,196,3,2
377,197,3,2
377,198,3,2
377,199,3,2
377,200,3,2
377,201,3,2
377,202,3,2
377,203,3,2
377,204,3,2
377,205,3,2
377,206,3,2
377,207,3,2
377,208,3,2
377,209,3,2
377,210,3,2
377,211,3,2
377,212,3,2
377,213,3,2
377,214,3,2
377,215,3,2
377,216,3,2
377,217,3,2
377,218,3,2
377,219,3,2
377,220,3,2
377,221,3,2
377,222,3,2
377,223,3,2
377,224,3,2
377,225,3,2
377,226,3,2
377,227,3,2
377,228,3,2
377,229,3,2
377,230,3,2
377,231,3,2
377,232,3,2
377,233,3,2
377,234,3,2
377,235,3,2
377,236,3,2
377,237,3,2
377,238,3,2
377,239,3,2
377,240,3,2
377,241,3,2
377,242,3,2
377,243,3,2
377,244,3,2
377,245,3,2
377,246,3,2
377,247,3,2
377,248,3,2
377,249,3,2
377,250,3,2
377,251,3,2
377,252,3,2
377,253,3,2
377,254,3,2
377,255,3,2
377,256,3,2
377,257,3,2
377,258,3,2
377,259,3,2
377,260,3,2
377,261,3,2
377,262,3,2
377,263,3,2
377,264,3,2
377,265,3,2
377,266,3,2
377,267,3,2
377,268,3,2
377,269,3,2
377,270,3,2
377,271,3,2
377,272,3,2
377,273,3,2
377,274,3,2
377,275,3,2
377,276,3,2
377,277,3,2
377,278,3,2
377,279,3,2
377,280,3,2
377,281,3,2
377,282,3,2
377,283,3,2
377,284,3,2
377,285,3,2
377,286,3,2
377,287,3,2
377,288,3,2
377,289,3,2
377,290,3,2
377,291,3,2
377,292,3,2
377,293,3,2
377,294,3,2
377,295,3,2
377,296,3,2
377,297,3,2
377,298,3,2
377,299,3,2
377,300,3,2
377,301,3,2
377,302,3,2
377,303,3,2
377,304,3,2
377,305,3,2
377,306,3,2
377,307,3,2
377,308,3,2
377,309,3,2
377,310,3,2
377,311,3,2
377,312,3,2
377,313,3,2
377,314,3,2
377,315,3,2
377,316,3,2
377,317,3,2
377,318,3,2
377,319,3,2
377,320,3,2
377,321,3,2
377,322,3,2
377,323,3,2
377,324,3,2
377,325,3,2
377,326,3,2
377,327,3,2
377,328,3,2
377,329,3,2
377,330,3,2
377,331,3,2
377,332,3,2
377,333,3,2
377,334,3,2
377,335,3,2
377,336,3,2
377,337,3,2
377,338,3,2
377,339,3,2
377,340,3,2
377,341,3,2
377,342,3,2
377,343,3,2
377,344,3,2
377,345,3,2
377,346,3,2
377,347,3,2
377,348,3,2
377,349,3,2
377,350,3,2
377,351,3,2
377,352,3,2
377,353,3,2
377,354,3,2
377,355,3,2
377,356,3,2
377,357,3,2
377,358,3,2
377,359,3,2
377,360,3,2
377,361,3,2
377,362,3,2
377,363,3,2
377,364,3,2
377,365,3,2
377,366,3,2
377,367,3,2
377,368,3,2
377,369,3,2
377,370,3,2
377,371,3,2
377,372,3,2
377,373,3,2
377,374,3,2
377,375,3,2
377,376,3,2
377,377,3,2
377,378,3,2
377,379,3,2
377,380,3,2
377,381,3,2
377,382,3,2
377,383,3,2
377,384,3,2
377,385,3,2
377,386,3,2
377,387,3,2
377,388,3,2
377,389,3,2
377,390,3,2
377,391,3,2
377,392,3,2
377,393,3,2
377,394,3,2
377,395,3,2
377,396,3,2
377,397,3,3
377,398,3,3
377,399,3,3
377,400,3,3
377,401,3,3
377,402,3,3
377,403,3,3
377,404,3,3
377,405,3,3
377,406,3,3
377,407,3,3
377,408,3,3
377,409,3,3
377,410,3,3
377,411,3,3
377,412,3,3
377,413,3,3
377,414,3,3
377,415,3,3
377,416,3,3
377,417,3,3
377,418,3,3
377,419,3,3
377,420,3,3
377,421,3,3
377,422,3,3
377,423,3,3
377,424,3,3
377,425,3,3
377,426,3,3
377,427,3,3
377,428,3,3
377,429,3,3
377,430,3,3
377,431,3,3
377,432,3,3
377,433,3,3
377,434,3,3
377,435,3,3
377,436,3,3
377,437,3,3
377,438,3,3
377,439,3,3
377,440,3,3
377,441,3,3
377,442,3,3
377,443,3,3
377,444,3,3
377,445,3,3
377,446,3,3
377,447,3,3
377,448,3,3
377,449,3,3
377,450,3,3
377,451,3,3
377,452,3,3
377,453,3,3
377,454,3,3
377,455,3,2
377,456,3,2
377,457,3,2
377,458,3,2
377,459,3,2
377,460,3,2
377,461,3,2
377,462,3,2
377,463,3,2
377,464,3,2
377,465,3,2
377,466,3,2
377,467,3,2
377,468,3,2
377,469,3,2
377,470,3,2
377,471,3,2
377,472,3,2
377,473,3,2
377,474,3,2
377,475,3,2
377,476,3,2
377,477,3,3
377,478,3,3
377,479,3,3
377,480,3,3
377,481,3,3
377,482,3,3
377,483,3,3
377,484,3,3
377,485,3,3
377,486,3,3
377,487,3,3
377,488,3,3
377,489,3,3
377,490,3,3
377,491,3,3
377,492,3,3
377,493,3,3
377,494,3,3
377,495,3,3
377,496,3,3
377,497,3,3
377,498,3,3
377,499,3,3
377,500,3,3
377,501,3,3
377,502,3,3
377,503,3,3
377,504,3,3
377,505,3,3
377,506,3,3
377,507,3,3
377,508,3,3
377,509,3,3
377,510,3,3
377,511,3,3
377,512,3,3
377,513,3,3
377,514,3,3
377,515,3,3
377,516,3,3
377,517,3,3
377,518,3,3
377,519,3,3
377,520,3,3
377,521,3,3
377,522,3,3
377,523,3,3
377,524,3,3
377,525,3,3
377,526,3,3
377,527,3,3
377,528,3,3
377,529,3,3
377,530,3,3
377,531,3,3
377,532,3,3
377,533,3,3
377,534,3,3
377,535,3,3
377,536,3,2
377,537,3,2
377,538,3,2
377,539,3,2
377,540,3,2
377,541,3,2
377,542,3,2
377,543,3,2
377,544,3,2
377,545,3,2
377,546,3,2
377,547,3,2
377,548,3,2
377,549,3,2
377,550,3,2
377,551,3,2
377,552,3,2
377,553,3,2
377,554,3,2
377,555,3,2
377,556,3,2
377,557,3,3
377,558,3,3
377,559,3,3
377,560,3,3
377,561,3,3
377,562,3,3
377,563,3,3
377,564,3,3
377,565,3,3
377,566,3,3
377,567,3,3
377,568,3,3
377,569,3,3
377,570,3,3
377,571,3,3
377,572,3,3
377,573,3,3
377,574,3,3
377,575,3,3
377,576,3,3
377,577,3,2
377,578,3,2
377,579,3,2
377,580,3,2
377,581,3,2
377,582,3,2
377,583,3,2
377,584,3,2
377,585,3,2
377,586,3,2
377,587,3,2
377,588,3,2
377,589,3,2
377,590,3,2
377,591,3,2
377,592,3,2
377,593,3,2
377,594,3,2
377,595,3,2
377,596,3,2
377,597,3,2
377,598,3,2
377,599,3,2
377,600,3,2
377,601,3,2
377,602,3,2
377,603,3,2
377,604,3,2
377,605,3,2
377,606,3,2
377,607,3,2
377,608,3,2
377,609,3,2
377,610,3,2
377,611,3,2
377,612,3,2
377,613,3,2
377,614,3,2
377,615,3,2
377,616,3,2
377,617,3,2
377,618,3,2
377,619,3,2
377,620,3,2
377,621,3,2
377,622,3,2
377,623,3,2
377,624,3,2
377,625,3,2
377,626,3,2
377,627,3,2
377,628,3,2
377,629,3,2
377,630,3,2
377,631,3,2
377,632,3,2
377,633,3,2
377,634,3,2
377,635,3,2
377,636,3,2
377,637,3,2
377,638,3,2
377,639,3,2
377,640,3,2
377,641,3,2
377,642,3,2
377,643,3,2
377,644,3,2
377,645,3,2
377,646,3,2
377,647,3,2
377,648,3,2
377,649,3,2
377,650,3,2
377,651,3,2
377,652,3,2
377,653,3,2
377,654,3,2
377,655,3,2
377,656,3,2
377,657,3,2
377,658,3,2
377,659,3,2
377,660,3,2
377,661,3,2
377,662,3,2
377,663,3,2
377,664,3,2
377,665,3,2
377,666,3,2
377,667,3,2
377,668,3,2
377,669,3,2
377,670,3,2
377,671,3,2
377,672,3,2
377,673,3,2
377,674,3,2
377,675,3,2
378,80,3,2
378,81,3,2
378,82,3,3
378,83,3,3
378,84,3,3
378,85,3,3
378,86,3,3
378,87,3,3
378,88,3,3
378,89,3,3
378,90,3,3
378,91,3,3
378,92,3,3
378,93,3,3
378,94,3,3
378,95,3,3
378,96,3,3
378,97,3,3
378,98,3,3
378,99,3,3
378,100,3,3
378,101,3,3
378,102,3,2
378,103,3,2
378,104,3,2
378,105,3,2
378,106,3,2
378,107,3,2
378,108,3,2
378,109,3,2
378,110,3,2
378,111,3,2
378,112,3,2
378,113,3,2
378,114,3,2
378,115,3,2
378,116,3,2
378,117,3,2
378,118,3,2
378,119,3,2
378,120,3,2
378,121,3,2
378,122,3,2
378,123,3,2
378,124,3,2
378,125,3,2
378,126,3,2
378,127,3,2
378,128,3,2
378,129,3,2
378,130,3,2
378,131,3,2
378,132,3,2
378,133,3,2
378,134,3,2
378,135,3,2
378,136,3,2
378,137,3,2
378,138,3,2
378,139,3,2
378,140,3,2
378,141,3,2
378,142,3,2
378,143,3,2
378,144,3,2
378,145,3,2
378,146,3,2
378,147,3,2
378,148,3,2
378,149,3,2
378,150,3,2
378,151,3,2
378,152,3,2
378,153,3,2
378,154,3,2
378,155,3,2
378,156,3,2
378,157,3,2
378,158,3,2
378,159,3,2
378,160,3,2
378,161,3,2
378,162,3,2
378,163,3,2
378,164,3,2
378,165,3,2
378,166,3,2
378,167,3,2
378,168,3,2
378,169,3,2
378,170,3,2
378,171,3,2
378,172,3,2
378,173,3,2
378,174,3,2
378,175,3,2
378,176,3,2
378,177,3,2
378,178,3,2
378,179,3,2
378,180,3,2
378,181,3,2
378,182,3,2
378,183,3,2
378,184,3,2
378,185,3,2
378,186,3,2
378,187,3,2
378,188,3,2
378,189,3,2
378,190,3,2
378,191,3,2
378,192,3,2
378,193,3,2
378,194,3,2
378,195,3,2
378,196,3,2
378,197,3,2
378,198,3,2
378,199,3,2
378,200,3,2
378,201,3,2
378,202,3,2
378,203,3,2
378,204,3,2
378,205,3,2
378,206,3,2
378,207,3,2
378,208,3,2
378,209,3,2
378,210,3,2
378,211,3,2
378,212,3,2
378,213,3,2
378,214,3,2
378,215,3,2
378,216,3,2
378,217,3,2
378,218,3,2
378,219,3,2
378,220,3,2
378,221,3,2
378,222,3,2
378,223,3,2
378,224,3,2
378,225,3,2
378,226,3,2
378,227,3,2
378,228,3,2
378,229,3,2
378,230,3,2
378,231,3,2
378,232,3,2
378,233,3,2
378,234,3,2
378,235,3,2
378,236,3,2
378,237,3,2
378,238,3,2
378,239,3,2
378,240,3,2
378,241,3,2
378,242,3,2
378,243,3,2
378,244,3,2
378,245,3,2
378,246,3,2
378,247,3,2
378,248,3,2
378,249,3,2
378,250,3,2
378,251,3,2
378,252,3,2
378,253,3,2
378,254,3,2
378,255,3,2
378,256,3,2
378,257,3,2
378,258,3,2
378,259,3,2
378,260,3,2
378,261,3,2
378,262,3,2
378,263,3,2
378,264,3,2
378,265,3,2
378,266,3,2
378,267,3,2
378,268,3,2
378,269,3,2
378,270,3,2
378,271,3,2
378,272,3,2
378,273,3,2
378,274,3,2
378,275,3,2
378,276,3,2
378,277,3,2
378,278,3,2
378,279,3,2
378,280,3,2
378,281,3,2
378,282,3,2
378,283,3,2
378,284,3,2
378,285,3,2
378,286,3,2
378,287,3,2
378,288,3,2
378,289,3,2
378,290,3,2
378,291,3,2
378,292,3,2
378,293,3,2
378,294,3,2
378,295,3,2
378,296,3,2
378,297,3,2
378,298,3,2
378,299,3,2
378,300,3,2
378,301,3,2
378,302,3,2
378,303,3,2
378,304,3,2
378,305,3,2
378,306,3,2
378,307,3,2
378,308,3,2
378,309,3,2
378,310,3,2
378,311,3,2
378,312,3,2
378,313,3,2
378,314,3,2
378,315,3,2
378,316,3,2
378,317,3,2
378,318,3,2
378,319,3,2
378,320,3,2
378,321,3,2
378,322,3,2
378,323,3,2
378,324,3,2
378,325,3,2
378,326,3,2
378,327,3,2
378,328,3,2
378,329,3,2
378,330,3,2
378,331,3,2
378,332,3,2
378,333,3,2
378,334,3,2
378,335,3,2
378,336,3,2
378,337,3,2
378,338,3,2
378,339,3,2
378,340,3,2
378,341,3,2
378,342,3,2
378,343,3,2
378,344,3,2
378,345,3,2
378,346,3,2
378,347,3,2
378,348,3,2
378,349,3,2
378,350,3,2
378,351,3,2
378,352,3,2
378,353,3,2
378,354,3,2
378,355,3,2
378,356,3,2
378,357,3,2
378,358,3,2
378,359,3,2
378,360,3,2
378,361,3,2
378,362,3,2
378,363,3,2
378,364,3,2
378,365,3,2
378,366,3,2
378,367,3,2
378,368,3,2
378,369,3,2
378,370,3,2
378,371,3,2
378,372,3,2
378,373,3,2
378,374,3,2
378,375,3,2
378,376,3,2
378,377,3,2
378,378,3,2
378,379,3,2
378,380,3,2
378,381,3,2
378,382,3,2
378,383,3,2
378,384,3,2
378,385,3,2
378,386,3,2
378,387,3,2
378,388,3,2
378,389,3,2
378,390,3,2
378,391,3,2
378,392,3,2
378,393,3,2
378,394,3,2
378,395,3,2
378,396,3,2
378,397,3,3
378,398,3,3
378,399,3,3
378,400,3,3
378,401,3,3
378,402,3,3
378,403,3,3
378,404,3,3
378,405,3,3
378,406,3,3
378,407,3,3
378,408,3,3
378,409,3,3
378,410,3,3
378,411,3,3
378,412,3,3
378,413,3,3
378,414,3,3
378,415,3,3
378,416,3,3
378,417,3,3
378,418,3,3
378,419,3,3
378,420,3,3
378,421,3,3
378,422,3,3
378,423,3,3
378,424,3,3
378,425,3,3
378,426,3,3
378,427,3,3
378,428,3,3
378,429,3,3
378,430,3,3
378,431,3,3
378,432,3,3
378,433,3,3
378,434,3,3
378,435,3,3
378,436,3,3
378,437,3,3
378,438,3,3
378,439,3,3
378,440,3,3
378,441,3,3
378,442,3,3
378,443,3,3
378,444,3,3
378,445,3,3
378,446,3,3
378,447,3,3
378,448,3,3
378,449,3,3
378,450,3,3
378,451,3,3
378,452,3,3
378,453,3,3
378,454,3,2
378,455,3,2
378,456,3,2
378,457,3,2
378,458,3,2
378,459,3,2
378,460,3,2
378,461,3,2
378,462,3,2
378,463,3,2
378,464,3,2
378,465,3,2
378,466,3,2
378,467,3,2
378,468,3,2
378,469,3,2
378,470,3,2
378,471,3,2
378,472,3,2
378,473,3,2
378,474,3,2
378,475,3,2
378,476,3,2
378,477,3,3
378,478,3,3
378,479,3,3
378,480,3,3
378,481,3,3
378,482,3,3
378,483,3,3
378,484,3,3
378,485,3,3
378,486,3,3
378,487,3,3
378,488,3,3
378,489,3,3
378,490,3,3
378,491,3,3
378,492,3,3
378,493,3,3
378,494,3,3
378,495,3,3
378,496,3,3
378,497,3,3
378,498,3,3
378,499,3,3
378,500,3,3
378,501,3,3
378,502,3,3
378,503,3,3
378,504,3,3
378,505,3,3
378,506,3,3
378,507,3,3
378,508,3,3
378,509,3,3
378,510,3,3
378,511,3,3
378,512,3,3
378,513,3,3
378,514,3,3
378,515,3,3
378,516,3,3
378,517,3,3
378,518,3,3
378,519,3,3
378,520,3,3
378,521,3,3
378,522,3,3
378,523,3,3
378,524,3,3
378,525,3,3
378,526,3,3
378,527,3,3
378,528,3,3
378,529,3,3
378,530,3,3
378,531,3,3
378,532,3,3
378,533,3,3
378,534,3,3
378,535,3,2
378,536,3,2
378,537,3,2
378,538,3,2
378,539,3,2
378,540,3,2
378,541,3,2
378,542,3,2
378,543,3,2
378,544,3,2
378,545,3,2
378,546,3,2
378,547,3,2
378,548,3,2
378,549,3,2
378,550,3,2
378,551,3,2
378,552,3,2
378,553,3,2
378,554,3,2
378,555,3,2
378,556,3,2
378,557,3,3
378,558,3,3
378,559,3,3
378,560,3,3
378,561,3,3
378,562,3,3
378,563,3,3
378,564,3,3
378,565,3,3
378,566,3,3
378,567,3,3
378,568,3,3
378,569,3,3
378,570,3,3
378,571,3,3
378,572,3,3
378,573,3,3
378,574,3,3
378,575,3,3
378,576,3,2
378,577,3,2
378,578,3,2
378,579,3,2
378,580,3,2
378,581,3,2
378,582,3,2
378,583,3,2
378,584,3,2
378,585,3,2
378,586,3,2
378,587,3,2
378,588,3,2
378,589,3,2
378,590,3,2
378,591,3,2
378,592,3,2
378,593,3,2
378,594,3,2
378,595,3,2
378,596,3,2
378,597,3,2
378,598,3,2
378,599,3,2
378,600,3,2
378,601,3,2
378,602,3,2
378,603,3,2
378,604,3,2
378,605,3,2
378,606,3,2
378,607,3,2
378,608,3,2
378,609,3,2
378,610,3,2
378,611,3,2
378,612,3,2
378,613,3,2
378,614,3,2
378,615,3,2
378,616,3,2
378,617,3,2
378,618,3,2
378,619,3,2
378,620,3,2
378,621,3,2
378,622,3,2
378,623,3,2
378,624,3,2
378,625,3,2
378,626,3,2
378,627,3,2
378,628,3,2
378,629,3,2
378,630,3,2
378,631,3,2
378,632,3,2
378,633,3,2
378,634,3,2
378,635,3,2
378,636,3,2
378,637,3,2
378,638,3,2
378,639,3,2
378,640,3,2
378,641,3,2
378,642,3,2
378,643,3,2
378,644,3,2
378,645,3,2
378,646,3,2
378,647,3,2
378,648,3,2
378,649,3,2
378,650,3,2
378,651,3,2
378,652,3,2
378,653,3,2
378,654,3,2
378,655,3,2
378,656,3,2
378,657,3,2
378,658,3,2
378,659,3,2
378,660,3,2
378,661,3,2
378,662,3,2
378,663,3,2
378,664,3,2
378,665,3,2
378,666,3,2
378,667,3,2
378,668,3,2
378,669,3,2
378,670,3,2
378,671,3,2
378,672,3,2
378,673,3,2
378,674,3,2
378,675,3,2
379,81,3,2
379,82,3,3
379,83,3,3
379,84,3,3
379,85,3,3
379,86,3,3
379,87,3,3
379,88,3,3
379,89,3,3
379,90,3,3
379,91,3,3
379,92,3,3
379,93,3,3
379,94,3,3
379,95,3,3
379,96,3,3
379,97,3,3
379,98,3,3
379,99,3,3
379,100,3,3
379,101,3,3
379,102,3,2
379,103,3,2
379,104,3,2
379,105,3,2
379,106,3,2
379,107,3,2
379,108,3,2
379,109,3,2
379,110,3,2
379,111,3,2
379,112,3,2
379,113,3,2
379,114,3,2
379,115,3,2
379,116,3,2
379,117,3,2
379,118,3,2
379,119,3,2
379,120,3,2
379,121,3,2
379,122,3,2
379,123,3,2
379,124,3,2
379,125,3,2
379,126,3,2
379,127,3,2
379,128,3,2
379,129,3,2
379,130,3,2
379,131,3,2
379,132,3,2
379,133,3,2
379,134,3,2
379,135,3,2
379,136,3,2
379,137,3,2
379,138,3,2
379,139,3,2
379,140,3,2
379,141,3,2
379,142,3,2
379,143,3,2
379,144,3,2
379,145,3,2
379,146,3,2
379,147,3,2
379,148,3,2
379,149,3,2
379,150,3,2
379,151,3,2
379,152,3,2
379,153,3,2
379,154,3,2
379,155,3,2
379,156,3,2
379,157,3,2
379,158,3,2
379,159,3,2
379,160,3,2
379,161,3,2
379,162,3,2
379,163,3,2
379,164,3,2
379,165,3,2
379,166,3,2
379,167,3,2
379,168,3,2
379,169,3,2
379,170,3,2
379,171,3,2
379,172,3,2
379,173,3,2
379,174,3,2
379,175,3,2
379,176,3,2
379,177,3,2
379,178,3,2
379,179,3,2
379,180,3,2
379,181,3,2
379,182,3,2
379,183,3,2
379,184,3,2
379,185,3,2
379,186,3,2
379,187,3,2
379,188,3,2
379,189,3,2
379,190,3,2
379,191,3,2
379,192,3,2
379,193,3,2
379,194,3,2
379,195,3,2
379,196,3,2
379,197,3,2
379,198,3,2
379,199,3,2
379,200,3,2
379,201,3,2
379,202,3,2
379,203,3,2
379,204,3,2
379,205,3,2
379,206,3,2
379,207,3,2
379,208,3,2
379,209,3,2
379,210,3,2
379,211,3,2
379,212,3,2
379,213,3,2
379,214,3,2
379,215,3,2
379,216,3,2
379,217,3,2
379,218,3,2
379,219,3,2
379,220,3,2
379,221,3,2
379,222,3,2
379,223,3,2
379,224,3,2
379,225,3,2
379,226,3,2
379,227,3,2
379,228,3,2
379,229,3,2
379,230,3,2
379,231,3,2
379,232,3,2
379,233,3,2
379,234,3,2
379,235,3,2
379,236,3,2
379,237,3,2
379,238,3,2
379,239,3,2
379,240,3,2
379,241,3,2
379,242,3,2
379,243,3,2
379,244,3,2
379,245,3,2
379,246,3,2
379,247,3,2
379,248,3,2
379,249,3,2
379,250,3,2
379,251,3,2
379,252,3,2
379,253,3,2
379,254,3,2
379,255,3,2
379,256,3,2
379,257,3,2
379,258,3,2
379,259,3,2
379,260,3,2
379,261,3,2
379,262,3,2
379,263,3,2
379,264,3,2
379,265,3,2
379,266,3,2
379,267,3,2
379,268,3,2
379,269,3,2
379,270,3,2
379,271,3,2
379,272,3,2
379,273,3,2
379,274,3,2
379,275,3,2
379,276,3,2
379,277,3,2
379,278,3,2
379,279,3,2
379,280,3,2
379,281,3,2
379,282,3,2
379,283,3,2
379,284,3,2
379,285,3,2
379,286,3,2
379,287,3,2
379,288,3,2
379,289,3,2
379,290,3,2
379,291,3,2
379,292,3,2
379,293,3,2
379,294,3,2
379,295,3,2
379,296,3,2
379,297,3,2
379,298,3,2
379,299,3,2
379,300,3,2
379,301,3,2
379,302,3,2
379,303,3,2
379,304,3,2
379,305,3,2
379,306,3,2
379,307,3,2
379,308,3,2
379,309,3,2
379,310,3,2
379,311,3,2
379,312,3,2
379,313,3,2
379,314,3,2
379,315,3,2
379,316,3,2
379,317,3,2
379,318,3,2
379,319,3,2
379,320,3,2
379,321,3,2
379,322,3,2
379,323,3,2
379,324,3,2
379,325,3,2
379,326,3,2
379,327,3,2
379,328,3,2
379,329,3,2
379,330,3,2
379,331,3,2
379,332,3,2
379,333,3,2
379,334,3,2
379,335,3,2
379,336,3,2
379,337,3,2
379,338,3,2
379,339,3,2
379,340,3,2
379,341,3,2
379,342,3,2
379,343,3,2
379,344,3,2
379,345,3,2
379,346,3,2
379,347,3,2
379,348,3,2
379,349,3,2
379,350,3,2
379,351,3,2
379,352,3,2
379,353,3,2
379,354,3,2
379,355,3,2
379,356,3,2
379,357,3,2
379,358,3,2
379,359,3,2
379,360,3,2
379,361,3,2
379,362,3,2
379,363,3,2
379,364,3,2
379,365,3,2
379,366,3,2
379,367,3,2
379,368,3,2
379,369,3,2
379,370,3,2
379,371,3,2
379,372,3,2
379,373,3,2
379,374,3,2
379,375,3,2
379,376,3,2
379,377,3,2
379,378,3,2
379,379,3,2
379,380,3,2
379,381,3,2
379,382,3,2
379,383,3,2
379,384,3,2
379,385,3,2
379,386,3,2
379,387,3,2
379,388,3,2
379,389,3,2
379,390,3,2
379,391,3,2
379,392,3,2
379,393,3,2
379,394,3,2
379,395,3,2
379,396,3,2
379,397,3,3
379,398,3,3
379,399,3,3
379,400,3,3
379,401,3,3
379,402,3,3
379,403,3,3
379,404,3,3
379,405,3,3
379,406,3,3
379,407,3,3
379,408,3,3
379,409,3,3
379,410,3,3
379,411,3,3
379,412,3,3
379,413,3,3
379,414,3,3
379,415,3,3
379,416,3,3
379,417,3,3
379,418,3,3
379,419,3,3
379,420,3,3
379,421,3,3
379,422,3,3
379,423,3,3
379,424,3,3
379,425,3,3
379,426,3,3
379,427,3,3
379,428,3,3
379,429,3,3
379,430,3,3
379,431,3,3
379,432,3,3
379,433,3,3
379,434,3,3
379,435,3,3
379,436,3,3
379,437,3,3
379,438,3,3
379,439,3,3
379,440,3,3
379,441,3,3
379,442,3,3
379,443,3,3
379,444,3,3
379,445,3,3
379,446,3,3
379,447,3,3
379,448,3,3
379,449,3,3
379,450,3,3
379,451,3,3
379,452,3,3
379,453,3,2
379,454,3,2
379,455,3,2
379,456,3,2
379,457,3,2
379,458,3,2
379,459,3,2
379,460,3,2
379,461,3,2
379,462,3,2
379,463,3,2
379,464,3,2
379,465,3,2
379,466,3,2
379,467,3,2
379,468,3,2
379,469,3,2
379,470,3,2
379,471,3,2
379,472,3,2
379,473,3,2
379,474,3,2
379,475,3,2
379,476,3,2
379,477,3,3
379,478,3,3
379,479,3,3
379,480,3,3
379,481,3,3
379,482,3,3
379,483,3,3
379,484,3,3
379,485,3,3
379,486,3,3
379,487,3,3
379,488,3,3
379,489,3,3
379,490,3,3
379,491,3,3
379,492,3,3
379,493,3,3
379,494,3,3
379,495,3,3
379,496,3,3
379,497,3,3
379,498,3,3
379,499,3,3
379,500,3,3
379,501,3,3
379,502,3,3
379,503,3,3
379,504,3,3
379,505,3,3
379,506,3,3
379,507,3,3
379,508,3,3
379,509,3,3
379,510,3,3
379,511,3,3
379,512,3,3
379,513,3,3
379,514,3,3
379,515,3,3
379,516,3,3
379,517,3,3
379,518,3,3
379,519,3,3
379,520,3,3
379,521,3,3
379,522,3,3
379,523,3,3
379,524,3,3
379,525,3,3
379,526,3,3
379,527,3,3
379,528,3,3
379,529,3,3
379,530,3,3
379,531,3,3
379,532,3,3
379,533,3,3
379,534,3,3
379,535,3,2
379,536,3,2
379,537,3,2
379,538,3,2
379,539,3,2
379,540,3,2
379,541,3,2
379,542,3,2
379,543,3,2
379,544,3,2
379,545,3,2
379,546,3,2
379,547,3,2
379,548,3,2
379,549,3,2
379,550,3,2
379,551,3,2
379,552,3,2
379,553,3,2
379,554,3,2
379,555,3,2
379,556,3,2
379,557,3,3
379,558,3,3
379,559,3,3
379,560,3,3
379,561,3,3
379,562,3,3
379,563,3,3
379,564,3,3
379,565,3,3
379,566,3,3
379,567,3,3
379,568,3,3
379,569,3,3
379,570,3,3
379,571,3,2
379,572,3,2
379,573,3,2
379,574,3,2
379,575,3,2
379,576,3,2
379,577,3,2
379,578,3,2
379,579,3,2
379,580,3,2
379,581,3,2
379,582,3,2
379,583,3,2
379,584,3,2
379,585,3,2
379,586,3,2
379,587,3,2
379,588,3,2
379,589,3,2
379,590,3,2
379,591,3,2
379,592,3,2
379,593,3,2
379,594,3,2
379,595,3,2
379,596,3,2
379,597,3,2
379,598,3,2
379,599,3,2
379,600,3,2
379,601,3,2
379,602,3,2
379,603,3,2
379,604,3,2
379,605,3,2
379,606,3,2
379,607,3,2
379,608,3,2
379,609,3,2
379,610,3,2
379,611,3,2
379,612,3,2
379,613,3,2
379,614,3,2
379,615,3,2
379,616,3,2
379,617,3,2
379,618,3,2
379,619,3,2
379,620,3,2
379,621,3,2
379,622,3,2
379,623,3,2
379,624,3,2
379,625,3,2
379,626,3,2
379,627,3,2
379,628,3,2
379,629,3,2
379,630,3,2
379,631,3,2
379,632,3,2
379,633,3,2
379,634,3,2
379,635,3,2
379,636,3,2
379,637,3,2
379,638,3,2
379,639,3,2
379,640,3,2
379,641,3,2
379,642,3,2
379,643,3,2
379,644,3,2
379,645,3,2
379,646,3,2
379,647,3,2
379,648,3,2
379,649,3,2
379,650,3,2
379,651,3,2
379,652,3,2
379,653,3,2
379,654,3,2
379,655,3,2
379,656,3,2
379,657,3,2
379,658,3,2
379,659,3,2
379,660,3,2
379,661,3,2
379,662,3,2
379,663,3,2
379,664,3,2
379,665,3,2
379,666,3,2
379,667,3,2
379,668,3,2
379,669,3,2
379,670,3,2
379,671,3,2
379,672,3,2
379,673,3,2
379,674,3,2
379,675,3,2
380,82,3,2
380,83,3,3
380,84,3,3
380,85,3,3
380,86,3,3
380,87,3,3
380,88,3,3
380,89,3,3
380,90,3,3
380,91,3,3
380,92,3,3
380,93,3,3
380,94,3,3
380,95,3,3
380,96,3,3
380,97,3,3
380,98,3,3
380,99,3,3
380,100,3,3
380,101,3,3
380,102,3,2
380,103,3,2
380,104,3,2
380,105,3,2
380,106,3,2
380,107,3,2
380,108,3,2
380,109,3,2
380,110,3,2
380,111,3,2
380,112,3,2
380,113,3,2
380,114,3,2
380,115,3,2
380,116,3,2
380,117,3,2
380,118,3,2
380,119,3,2
380,120,3,2
380,121,3,2
380,122,3,2
380,123,3,2
380,124,3,2
380,125,3,2
380,126,3,2
380,127,3,2
380,128,3,2
380,129,3,2
380,130,3,2
380,131,3,2
380,132,3,2
380,133,3,2
380,134,3,2
380,135,3,2
380,136,3,2
380,137,3,2
380,138,3,2
380,139,3,2
380,140,3,2
380,141,3,2
380,142,3,2
380,143,3,2
380,144,3,2
380,145,3,2
380,146,3,2
380,147,3,2
380,148,3,2
380,149,3,2
380,150,3,2
380,151,3,2
380,152,3,2
380,153,3,2
380,154,3,2
380,155,3,2
380,156,3,2
380,157,3,2
380,158,3,2
380,159,3,2
380,160,3,2
380,161,3,2
380,162,3,2
380,163,3,2
380,164,3,2
380,165,3,2
380,166,3,2
380,167,3,2
380,168,3,2
380,169,3,2
380,170,3,2
380,171,3,2
380,172,3,2
380,173,3,2
380,174,3,2
380,175,3,2
380,176,3,2
380,177,3,2
380,178,3,2
380,179,3,2
380,180,3,2
380,181,3,2
380,182,3,2
380,183,3,2
380,184,3,2
380,185,3,2
380,186,3,2
380,187,3,2
380,188,3,2
380,189,3,2
380,190,3,2
380,191,3,2
380,192,3,2
380,193,3,2
380,194,3,2
380,195,3,2
380,196,3,2
380,197,3,2
380,198,3,2
380,199,3,2
380,200,3,2
380,201,3,2
380,202,3,2
380,203,3,2
380,204,3,2
380,205,3,2
380,206,3,2
380,207,3,2
380,208,3,2
380,209,3,2
380,210,3,2
380,211,3,2
380,212,3,2
380,213,3,2
380,214,3,2
380,215,3,2
380,216,3,2
380,217,3,2
380,218,3,2
380,219,3,2
380,220,3,2
380,221,3,2
380,222,3,2
380,223,3,2
380,224,3,2
380,225,3,2
380,226,3,2
380,227,3,2
380,228,3,2
380,229,3,2
380,230,3,2
380,231,3,2
380,232,3,2
380,233,3,2
380,234,3,2
380,235,3,2
380,236,3,2
380,237,3,2
380,238,3,2
380,239,3,2
380,240,3,2
380,241,3,2
380,242,3,2
380,243,3,2
380,244,3,2
380,245,3,2
380,246,3,2
380,247,3,2
380,248,3,2
380,249,3,2
380,250,3,2
380,251,3,2
380,252,3,2
380,253,3,2
380,254,3,2
380,255,3,2
380,256,3,2
380,257,3,2
380,258,3,2
380,259,3,2
380,260,3,2
380,261,3,2
380,262,3,2
380,263,3,2
380,264,3,2
380,265,3,2
380,266,3,2
380,267,3,2
380,268,3,2
380,269,3,2
380,270,3,2
380,271,3,2
380,272,3,2
380,273,3,2
380,274,3,2
380,275,3,2
380,276,3,2
380,277,3,2
380,278,3,2
380,279,3,2
380,280,3,2
380,281,3,2
380,282,3,2
380,283,3,2
380,284,3,2
380,285,3,2
380,286,3,2
380,287,3,2
380,288,3,2
380,289,3,2
380,290,3,2
380,291,3,2
380,292,3,2
380,293,3,2
380,294,3,2
380,295,3,2
380,296,3,2
380,297,3,2
380,298,3,2
380,299,3,2
380,300,3,2
380,301,3,2
380,302,3,2
380,303,3,2
380,304,3,2
380,305,3,2
380,306,3,2
380,307,3,2
380,308,3,2
380,309,3,2
380,310,3,2
380,311,3,2
380,312,3,2
380,313,3,2
380,314,3,2
380,315,3,2
380,316,3,2
380,317,3,2
380,318,3,2
380,319,3,2
380,320,3,2
380,321,3,2
380,322,3,2
380,323,3,2
380,324,3,2
380,325,3,2
380,326,3,2
380,327,3,2
380,328,3,2
380,329,3,2
380,330,3,2
380,331,3,2
380,332,3,2
380,333,3,2
380,334,3,2
380,335,3,2
380,336,3,2
380,337,3,2
380,338,3,2
380,339,3,2
380,340,3,2
380,341,3,2
380,342,3,2
380,343,3,2
380,344,3,2
380,345,3,2
380,346,3,2
380,347,3,2
380,348,3,2
380,349,3,2
380,350,3,2
380,351,3,2
380,352,3,2
380,353,3,2
380,354,3,2
380,355,3,2
380,356,3,2
380,357,3,2
380,358,3,2
380,359,3,2
380,360,3,2
380,361,3,2
380,362,3,2
380,363,3,2
380,364,3,2
380,365,3,2
380,366,3,2
380,367,3,2
380,368,3,2
380,369,3,2
380,370,3,2
380,371,3,2
380,372,3,2
380,373,3,2
380,374,3,2
380,375,3,2
380,376,3,2
380,377,3,2
380,378,3,2
380,379,3,2
380,380,3,2
380,381,3,2
380,382,3,2
380,383,3,2
380,384,3,2
380,385,3,2
380,386,3,2
380,387,3,2
380,388,3,2
380,389,3,2
380,390,3,2
380,391,3,2
380,392,3,2
380,393,3,2
380,394,3,2
380,395,3,2
380,396,3,2
380,397,3,3
380,398,3,3
380,399,3,3
380,400,3,3
380,401,3,3
380,402,3,3
380,403,3,3
380,404,3,3
380,405,3,3
380,406,3,3
380,407,3,3
380,408,3,3
380,409,3,3
380,410,3,3
380,411,3,3
380,412,3,3
380,413,3,3
380,414,3,3
380,415,3,3
380,416,3,3
380,417,3,3
380,418,3,3
380,419,3,3
380,420,3,3
380,421,3,3
380,422,3,3
380,423,3,3
380,424,3,3
380,425,3,3
380,426,3,3
380,427,3,3
380,428,3,3
380,429,3,3
380,430,3,3
380,431,3,3
380,432,3,3
380,433,3,3
380,434,3,3
380,435,3,3
380,436,3,3
380,437,3,3
380,438,3,3
380,439,3,3
380,440,3,3
380,441,3,3
380,442,3,3
380,443,3,3
380,444,3,3
380,445,3,3
380,446,3,3
380,447,3,3
380,448,3,3
380,449,3,3
380,450,3,3
380,451,3,2
380,452,3,2
380,453,3,2
380,454,3,2
380,455,3,2
380,456,3,2
380,457,3,2
380,458,3,2
380,459,3,2
380,460,3,2
380,461,3,2
380,462,3,2
380,463,3,2
380,464,3,2
380,465,3,2
380,466,3,2
380,467,3,2
380,468,3,2
380,469,3,2
380,470,3,2
380,471,3,2
380,472,3,2
380,473,3,2
380,474,3,2
380,475,3,2
380,476,3,2
380,477,3,2
380,478,3,3
380,479,3,3
380,480,3,3
380,481,3,3
380,482,3,3
380,483,3,3
380,484,3,3
380,485,3,3
380,486,3,3
380,487,3,3
380,488,3,3
380,489,3,3
380,490,3,3
380,491,3,3
380,492,3,3
380,493,3,3
380,494,3,3
380,495,3,3
380,496,3,3
380,497,3,3
380,498,3,3
380,499,3,3
380,500,3,3
380,501,3,3
380,502,3,3
380,503,3,3
380,504,3,3
380,505,3,3
380,506,3,3
380,507,3,3
380,508,3,3
380,509,3,3
380,510,3,3
380,511,3,3
380,512,3,3
380,513,3,3
380,514,3,3
380,515,3,3
380,516,3,3
380,517,3,3
380,518,3,3
380,519,3,3
380,520,3,3
380,521,3,3
380,522,3,3
380,523,3,3
380,524,3,3
380,525,3,3
380,526,3,3
380,527,3,3
380,528,3,3
380,529,3,3
380,530,3,3
380,531,3,3
380,532,3,3
380,533,3,3
380,534,3,2
380,535,3,2
380,536,3,2
380,537,3,2
380,538,3,2
380,539,3,2
380,540,3,2
380,541,3,2
380,542,3,2
380,543,3,2
380,544,3,2
380,545,3,2
380,546,3,2
380,547,3,2
380,548,3,2
380,549,3,2
380,550,3,2
380,551,3,2
380,552,3,2
380,553,3,2
380,554,3,2
380,555,3,2
380,556,3,3
380,557,3,3
380,558,3,3
380,559,3,3
380,560,3,3
380,561,3,3
380,562,3,3
380,563,3,3
380,564,3,3
380,565,3,3
380,566,3,3
380,567,3,3
380,568,3,3
380,569,3,3
380,570,3,3
380,571,3,2
380,572,3,2
380,573,3,2
380,574,3,2
380,575,3,2
380,576,3,2
380,577,3,2
380,578,3,2
380,579,3,2
380,580,3,2
380,581,3,2
380,582,3,2
380,583,3,2
380,584,3,2
380,585,3,2
380,586,3,2
380,587,3,2
380,588,3,2
380,589,3,2
380,590,3,2
380,591,3,2
380,592,3,2
380,593,3,2
380,594,3,2
380,595,3,2
380,596,3,2
380,597,3,2
380,598,3,2
380,599,3,2
380,600,3,2
380,601,3,2
380,602,3,2
380,603,3,2
380,604,3,2
380,605,3,2
380,606,3,2
380,607,3,2
380,608,3,2
380,609,3,2
380,610,3,2
380,611,3,2
380,612,3,2
380,613,3,2
380,614,3,2
380,615,3,2
380,616,3,2
380,617,3,2
380,618,3,2
380,619,3,2
380,620,3,2
380,621,3,2
380,622,3,2
380,623,3,2
380,624,3,2
380,625,3,2
380,626,3,2
380,627,3,2
380,628,3,2
380,629,3,2
380,630,3,2
380,631,3,2
380,632,3,2
380,633,3,2
380,634,3,2
380,635,3,2
380,636,3,2
380,637,3,2
380,638,3,2
380,639,3,2
380,640,3,2
380,641,3,2
380,642,3,2
380,643,3,2
380,644,3,2
380,645,3,2
380,646,3,2
380,647,3,2
380,648,3,2
380,649,3,2
380,650,3,2
380,651,3,2
380,652,3,2
380,653,3,2
380,654,3,2
380,655,3,2
380,656,3,2
380,657,3,2
380,658,3,2
380,659,3,2
380,660,3,2
380,661,3,2
380,662,3,2
380,663,3,2
380,664,3,2
380,665,3,2
380,666,3,2
380,667,3,2
380,668,3,2
380,669,3,2
380,670,3,2
380,671,3,2
380,672,3,2
380,673,3,2
380,674,3,2
381,83,3,3
381,84,3,3
381,85,3,3
381,86,3,3
381,87,3,3
381,88,3,3
381,89,3,3
381,90,3,3
381,91,3,3
381,92,3,3
381,93,3,3
381,94,3,3
381,95,3,3
381,96,3,3
381,97,3,3
381,98,3,3
381,99,3,3
381,100,3,3
381,101,3,3
381,102,3,3
381,103,3,2
381,104,3,2
381,105,3,2
381,106,3,2
381,107,3,2
381,108,3,2
381,109,3,2
381,110,3,2
381,111,3,2
381,112,3,2
381,113,3,2
381,114,3,2
381,115,3,2
381,116,3,2
381,117,3,2
381,118,3,2
381,119,3,2
381,120,3,2
381,121,3,2
381,122,3,2
381,123,3,2
381,124,3,2
381,125,3,2
381,126,3,2
381,127,3,2
381,128,3,2
381,129,3,2
381,130,3,2
381,131,3,2
381,132,3,2
381,133,3,2
381,134,3,2
381,135,3,2
381,136,3,2
381,137,3,2
381,138,3,2
381,139,3,2
381,140,3,2
381,141,3,2
381,142,3,2
381,143,3,2
381,144,3,2
381,145,3,2
381,146,3,2
381,147,3,2
381,148,3,2
381,149,3,2
381,150,3,2
381,151,3,2
381,152,3,2
381,153,3,2
381,154,3,2
381,155,3,2
381,156,3,2
381,157,3,2
381,158,3,2
381,159,3,2
381,160,3,2
381,161,3,2
381,162,3,2
381,163,3,2
381,164,3,2
381,165,3,2
381,166,3,2
381,167,3,2
381,168,3,2
381,169,3,2
381,170,3,2
381,171,3,2
381,172,3,2
381,173,3,2
381,174,3,2
381,175,3,2
381,176,3,2
381,177,3,2
381,178,3,2
381,179,3,2
381,180,3,2
381,181,3,2
381,182,3,2
381,183,3,2
381,184,3,2
381,185,3,2
381,186,3,2
381,187,3,2
381,188,3,2
381,189,3,2
381,190,3,2
381,191,3,2
381,192,3,2
381,193,3,2
381,194,3,2
381,195,3,2
381,196,3,2
381,197,3,2
381,198,3,2
381,199,3,2
381,200,3,2
381,201,3,2
381,202,3,2
381,203,3,2
381,204,3,2
381,205,3,2
381,206,3,2
381,207,3,2
381,208,3,2
381,209,3,2
381,210,3,2
381,211,3,2
381,212,3,2
381,213,3,2
381,214,3,2
381,215,3,2
381,216,3,2
381,217,3,2
381,218,3,2
381,219,3,2
381,220,3,2
381,221,3,2
381,222,3,2
381,223,3,2
381,224,3,2
381,225,3,2
381,226,3,2
381,227,3,2
381,228,3,2
381,229,3,2
381,230,3,2
381,231,3,2
381,232,3,2
381,233,3,2
381,234,3,2
381,235,3,2
381,236,3,2
381,237,3,2
381,238,3,2
381,239,3,2
381,240,3,2
381,241,3,2
381,242,3,2
381,243,3,2
381,244,3,2
381,245,3,2
381,246,3,2
381,247,3,2
381,248,3,2
381,249,3,2
381,250,3,2
381,251,3,2
381,252,3,2
381,253,3,2
381,254,3,2
381,255,3,2
381,256,3,2
381,257,3,2
381,258,3,2
381,259,3,2
381,260,3,2
381,261,3,2
381,262,3,2
381,263,3,2
381,264,3,2
381,265,3,2
381,266,3,2
381,267,3,2
381,268,3,2
381,269,3,2
381,270,3,2
381,271,3,2
381,272,3,2
381,273,3,2
381,274,3,2
381,275,3,2
381,276,3,2
381,277,3,2
381,278,3,2
381,279,3,2
381,280,3,2
381,281,3,2
381,282,3,2
381,283,3,2
381,284,3,2
381,285,3,2
381,286,3,2
381,287,3,2
381,288,3,2
381,289,3,2
381,290,3,2
381,291,3,2
381,292,3,2
381,293,3,2
381,294,3,2
381,295,3,2
381,296,3,2
381,297,3,2
381,298,3,2
381,299,3,2
381,300,3,2
381,301,3,2
381,302,3,2
381,303,3,2
381,304,3,2
381,305,3,2
381,306,3,2
381,307,3,2
381,308,3,2
381,309,3,2
381,310,3,2
381,311,3,2
381,312,3,2
381,313,3,2
381,314,3,2
381,315,3,2
381,316,3,2
381,317,3,2
381,318,3,2
381,319,3,2
381,320,3,2
381,321,3,2
381,322,3,2
381,323,3,2
381,324,3,2
381,325,3,2
381,326,3,2
381,327,3,2
381,328,3,2
381,329,3,2
381,330,3,2
381,331,3,2
381,332,3,2
381,333,3,2
381,334,3,2
381,335,3,2
381,336,3,2
381,337,3,2
381,338,3,2
381,339,3,2
381,340,3,2
381,341,3,2
381,342,3,2
381,343,3,2
381,344,3,2
381,345,3,2
381,346,3,2
381,347,3,2
381,348,3,2
381,349,3,2
381,350,3,2
381,351,3,2
381,352,3,2
381,353,3,2
381,354,3,2
381,355,3,2
381,356,3,2
381,357,3,2
381,358,3,2
381,359,3,2
381,360,3,2
381,361,3,2
381,362,3,2
381,363,3,2
381,364,3,2
381,365,3,2
381,366,3,2
381,367,3,2
381,368,3,2
381,369,3,2
381,370,3,2
381,371,3,2
381,372,3,2
381,373,3,2
381,374,3,2
381,375,3,2
381,376,3,2
381,377,3,2
381,378,3,2
381,379,3,2
381,380,3,2
381,381,3,2
381,382,3,2
381,383,3,2
381,384,3,2
381,385,3,2
381,386,3,2
381,387,3,2
381,388,3,2
381,389,3,2
381,390,3,2
381,391,3,2
381,392,3,2
381,393,3,2
381,394,3,2
381,395,3,2
381,396,3,2
381,397,3,3
381,398,3,3
381,399,3,3
381,400,3,3
381,401,3,3
381,402,3,3
381,403,3,3
381,404,3,3
381,405,3,3
381,406,3,3
381,407,3,3
381,408,3,3
381,409,3,3
381,410,3,3
381,411,3,3
381,412,3,3
381,413,3,3
381,414,3,3
381,415,3,3
381,416,3,3
381,417,3,3
381,418,3,3
381,419,3,3
381,420,3,3
381,421,3,3
381,422,3,3
381,423,3,3
381,424,3,3
381,425,3,3
381,426,3,3
381,427,3,3
381,428,3,3
381,429,3,3
381,430,3,3
381,431,3,3
381,432,3,3
381,433,3,3
381,434,3,3
381,435,3,3
381,436,3,3
381,437,3,3
381,438,3,3
381,439,3,3
381,440,3,3
381,441,3,3
381,442,3,3
381,443,3,3
381,444,3,3
381,445,3,3
381,446,3,3
381,447,3,3
381,448,3,3
381,449,3,2
381,450,3,2
381,451,3,2
381,452,3,2
381,453,3,2
381,454,3,2
381,455,3,2
381,456,3,2
381,457,3,2
381,458,3,2
381,459,3,2
381,460,3,2
381,461,3,2
381,462,3,2
381,463,3,2
381,464,3,2
381,465,3,2
381,466,3,2
381,467,3,2
381,468,3,2
381,469,3,2
381,470,3,2
381,471,3,2
381,472,3,2
381,473,3,2
381,474,3,2
381,475,3,2
381,476,3,2
381,477,3,2
381,478,3,3
381,479,3,3
381,480,3,3
381,481,3,3
381,482,3,3
381,483,3,3
381,484,3,3
381,485,3,3
381,486,3,3
381,487,3,3
381,488,3,3
381,489,3,3
381,490,3,3
381,491,3,3
381,492,3,3
381,493,3,3
381,494,3,3
381,495,3,3
381,496,3,3
381,497,3,3
381,498,3,3
381,499,3,3
381,500,3,3
381,501,3,3
381,502,3,3
381,503,3,3
381,504,3,3
381,505,3,3
381,506,3,3
381,507,3,3
381,508,3,3
381,509,3,3
381,510,3,3
381,511,3,3
381,512,3,3
381,513,3,3
381,514,3,3
381,515,3,3
381,516,3,3
381,517,3,3
381,518,3,3
381,519,3,3
381,520,3,3
381,521,3,3
381,522,3,3
381,523,3,3
381,524,3,3
381,525,3,3
381,526,3,3
381,527,3,3
381,528,3,3
381,529,3,3
381,530,3,3
381,531,3,3
381,532,3,3
381,533,3,2
381,534,3,2
381,535,3,2
381,536,3,2
381,537,3,2
381,538,3,2
381,539,3,2
381,540,3,2
381,541,3,2
381,542,3,2
381,543,3,2
381,544,3,2
381,545,3,2
381,546,3,2
381,547,3,2
381,548,3,2
381,549,3,2
381,550,3,2
381,551,3,2
381,552,3,2
381,553,3,2
381,554,3,2
381,555,3,3
381,556,3,3
381,557,3,3
381,558,3,3
381,559,3,3
381,560,3,3
381,561,3,3
381,562,3,3
381,563,3,3
381,564,3,3
381,565,3,3
381,566,3,3
381,567,3,3
381,568,3,3
381,569,3,3
381,570,3,3
381,571,3,2
381,572,3,2
381,573,3,2
381,574,3,2
381,575,3,2
381,576,3,2
381,577,3,2
381,578,3,2
381,579,3,2
381,580,3,2
381,581,3,2
381,582,3,2
381,583,3,2
381,584,3,2
381,585,3,2
381,586,3,2
381,587,3,2
381,588,3,2
381,589,3,2
381,590,3,2
381,591,3,2
381,592,3,2
381,593,3,2
381,594,3,2
381,595,3,2
381,596,3,2
381,597,3,2
381,598,3,2
381,599,3,2
381,600,3,2
381,601,3,2
381,602,3,2
381,603,3,2
381,604,3,2
381,605,3,2
381,606,3,2
381,607,3,2
381,608,3,2
381,609,3,2
381,610,3,2
381,611,3,2
381,612,3,2
381,613,3,2
381,614,3,2
381,615,3,2
381,616,3,2
381,617,3,2
381,618,3,2
381,619,3,2
381,620,3,2
381,621,3,2
381,622,3,2
381,623,3,2
381,624,3,2
381,625,3,2
381,626,3,2
381,627,3,2
381,628,3,2
381,629,3,2
381,630,3,2
381,631,3,2
381,632,3,2
381,633,3,2
381,634,3,2
381,635,3,2
381,636,3,2
381,637,3,2
381,638,3,2
381,639,3,2
381,640,3,2
381,641,3,2
381,642,3,2
381,643,3,2
381,644,3,2
381,645,3,2
381,646,3,2
381,647,3,2
381,648,3,2
381,649,3,2
381,650,3,2
381,651,3,2
381,652,3,2
381,653,3,2
381,654,3,2
381,655,3,2
381,656,3,2
381,657,3,2
381,658,3,2
381,659,3,2
381,660,3,2
381,661,3,2
381,662,3,2
381,663,3,2
381,664,3,2
381,665,3,2
381,666,3,2
381,667,3,2
381,668,3,2
381,669,3,2
381,670,3,2
381,671,3,2
381,672,3,2
381,673,3,2
381,674,3,2
382,83,3,3
382,84,3,3
382,85,3,3
382,86,3,3
382,87,3,3
382,88,3,3
382,89,3,3
382,90,3,3
382,91,3,3
382,92,3,3
382,93,3,3
382,94,3,3
382,95,3,3
382,96,3,3
382,97,3,3
382,98,3,3
382,99,3,3
382,100,3,3
382,101,3,3
382,102,3,3
382,103,3,2
382,104,3,2
382,105,3,2
382,106,3,2
382,107,3,2
382,108,3,2
382,109,3,2
382,110,3,2
382,111,3,2
382,112,3,2
382,113,3,2
382,114,3,2
382,115,3,2
382,116,3,2
382,117,3,2
382,118,3,2
382,119,3,2
382,120,3,2
382,121,3,2
382,122,3,2
382,123,3,2
382,124,3,2
382,125,3,2
382,126,3,2
382,127,3,2
382,128,3,2
382,129,3,2
382,130,3,2
382,131,3,2
382,132,3,2
382,133,3,2
382,134,3,2
382,135,3,2
382,136,3,2
382,137,3,2
382,138,3,2
382,139,3,2
382,140,3,2
382,141,3,2
382,142,3,2
382,143,3,2
382,144,3,2
382,145,3,2
382,146,3,2
382,147,3,2
382,148,3,2
382,149,3,2
382,150,3,2
382,151,3,2
382,152,3,2
382,153,3,2
382,154,3,2
382,155,3,2
382,156,3,2
382,157,3,2
382,158,3,2
382,159,3,2
382,160,3,2
382,161,3,2
382,162,3,2
382,163,3,2
382,164,3,2
382,165,3,2
382,166,3,2
382,167,3,2
382,168,3,2
382,169,3,2
382,170,3,2
382,171,3,2
382,172,3,2
382,173,3,2
382,174,3,2
382,175,3,2
382,176,3,2
382,177,3,2
382,178,3,2
382,179,3,2
382,180,3,2
382,181,3,2
382,182,3,2
382,183,3,2
382,184,3,2
382,185,3,2
382,186,3,2
382,187,3,2
382,188,3,2
382,189,3,2
382,190,3,2
382,191,3,2
382,192,3,2
382,193,3,2
382,194,3,2
382,195,3,2
382,196,3,2
382,197,3,2
382,198,3,2
382,199,3,2
382,200,3,2
382,201,3,2
382,202,3,2
382,203,3,2
382,204,3,2
382,205,3,2
382,206,3,2
382,207,3,2
382,208,3,2
382,209,3,2
382,210,3,2
382,211,3,2
382,212,3,2
382,213,3,2
382,214,3,2
382,215,3,2
382,216,3,2
382,217,3,2
382,218,3,2
382,219,3,2
382,220,3,2
382,221,3,2
382,222,3,2
382,223,3,2
382,224,3,2
382,225,3,2
382,226,3,2
382,227,3,2
382,228,3,2
382,229,3,2
382,230,3,2
382,231,3,2
382,232,3,2
382,233,3,2
382,234,3,2
382,235,3,2
382,236,3,2
382,237,3,2
382,238,3,2
382,239,3,2
382,240,3,2
382,241,3,2
382,242,3,2
382,243,3,2
382,244,3,2
382,245,3,2
382,246,3,2
382,247,3,2
382,248,3,2
382,249,3,2
382,250,3,2
382,251,3,2
382,252,3,2
382,253,3,2
382,254,3,2
382,255,3,2
382,256,3,2
382,257,3,2
382,258,3,2
382,259,3,2
382,260,3,2
382,261,3,2
382,262,3,2
382,263,3,2
382,264,3,2
382,265,3,2
382,266,3,2
382,267,3,2
382,268,3,2
382,269,3,2
382,270,3,2
382,271,3,2
382,272,3,2
382,273,3,2
382,274,3,2
382,275,3,2
382,276,3,2
382,277,3,2
382,278,3,2
382,279,3,2
382,280,3,2
382,281,3,2
382,282,3,2
382,283,3,2
382,284,3,2
382,285,3,2
382,286,3,2
382,287,3,2
382,288,3,2
382,289,3,2
382,290,3,2
382,291,3,2
382,292,3,2
382,293,3,2
382,294,3,2
382,295,3,2
382,296,3,2
382,297,3,2
382,298,3,2
382,299,3,2
382,300,3,2
382,301,3,2
382,302,3,2
382,303,3,2
382,304,3,2
382,305,3,2
382,306,3,2
382,307,3,2
382,308,3,2
382,309,3,2
382,310,3,2
382,311,3,2
382,312,3,2
382,313,3,2
382,314,3,2
382,315,3,2
382,316,3,2
382,317,3,2
382,318,3,2
382,319,3,2
382,320,3,2
382,321,3,2
382,322,3,2
382,323,3,2
382,324,3,2
382,325,3,2
382,326,3,2
382,327,3,2
382,328,3,2
382,329,3,2
382,330,3,2
382,331,3,2
382,332,3,2
382,333,3,2
382,334,3,2
382,335,3,2
382,336,3,2
382,337,3,2
382,338,3,2
382,339,3,2
382,340,3,2
382,341,3,2
382,342,3,2
382,343,3,2
382,344,3,2
382,345,3,2
382,346,3,2
382,347,3,2
382,348,3,2
382,349,3,2
382,350,3,2
382,351,3,2
382,352,3,2
382,353,3,2
382,354,3,2
382,355,3,2
382,356,3,2
382,357,3,2
382,358,3,2
382,359,3,2
382,360,3,2
382,361,3,2
382,362,3,2
382,363,3,2
382,364,3,2
382,365,3,2
382,366,3,2
382,367,3,2
382,368,3,2
382,369,3,2
382,370,3,2
382,371,3,2
382,372,3,2
382,373,3,2
382,374,3,2
382,375,3,2
382,376,3,2
382,377,3,2
382,378,3,2
382,379,3,2
382,380,3,2
382,381,3,2
382,382,3,2
382,383,3,2
382,384,3,2
382,385,3,2
382,386,3,2
382,387,3,2
382,388,3,2
382,389,3,2
382,390,3,2
382,391,3,2
382,392,3,2
382,393,3,2
382,394,3,2
382,395,3,2
382,396,3,2
382,397,3,3
382,398,3,3
382,399,3,3
382,400,3,3
382,401,3,3
382,402,3,3
382,403,3,3
382,404,3,3
382,405,3,3
382,406,3,3
382,407,3,3
382,408,3,3
382,409,3,3
382,410,3,3
382,411,3,3
382,412,3,3
382,413,3,3
382,414,3,3
382,415,3,3
382,416,3,3
382,417,3,3
382,418,3,3
382,419,3,3
382,420,3,3
382,421,3,3
382,422,3,3
382,423,3,3
382,424,3,3
382,425,3,3
382,426,3,3
382,427,3,3
382,428,3,3
382,429,3,3
382,430,3,3
382,431,3,3
382,432,3,3
382,433,3,3
382,434,3,3
382,435,3,3
382,436,3,3
382,437,3,3
382,438,3,3
382,439,3,3
382,440,3,3
382,441,3,3
382,442,3,3
382,443,3,3
382,444,3,3
382,445,3,3
382,446,3,3
382,447,3,3
382,448,3,2
382,449,3,2
382,450,3,2
382,451,3,2
382,452,3,2
382,453,3,2
382,454,3,2
382,455,3,2
382,456,3,2
382,457,3,2
382,458,3,2
382,459,3,2
382,460,3,2
382,461,3,2
382,462,3,2
382,463,3,2
382,464,3,2
382,465,3,2
382,466,3,2
382,467,3,2
382,468,3,2
382,469,3,2
382,470,3,2
382,471,3,2
382,472,3,2
382,473,3,2
382,474,3,2
382,475,3,2
382,476,3,2
382,477,3,2
382,478,3,2
382,479,3,3
382,480,3,3
382,481,3,3
382,482,3,3
382,483,3,3
382,484,3,3
382,485,3,3
382,486,3,3
382,487,3,3
382,488,3,3
382,489,3,3
382,490,3,3
382,491,3,3
382,492,3,3
382,493,3,3
382,494,3,3
382,495,3,3
382,496,3,3
382,497,3,3
382,498,3,3
382,499,3,3
382,500,3,3
382,501,3,3
382,502,3,3
382,503,3,3
382,504,3,3
382,505,3,3
382,506,3,3
382,507,3,3
382,508,3,3
382,509,3,3
382,510,3,3
382,511,3,3
382,512,3,3
382,513,3,3
382,514,3,3
382,515,3,3
382,516,3,3
382,517,3,3
382,518,3,3
382,519,3,3
382,520,3,3
382,521,3,3
382,522,3,3
382,523,3,3
382,524,3,3
382,525,3,3
382,526,3,3
382,527,3,3
382,528,3,3
382,529,3,3
382,530,3,3
382,531,3,3
382,532,3,2
382,533,3,2
382,534,3,2
382,535,3,2
382,536,3,2
382,537,3,2
382,538,3,2
382,539,3,2
382,540,3,2
382,541,3,2
382,542,3,2
382,543,3,2
382,544,3,2
382,545,3,2
382,546,3,2
382,547,3,2
382,548,3,2
382,549,3,2
382,550,3,2
382,551,3,2
382,552,3,2
382,553,3,2
382,554,3,2
382,555,3,3
382,556,3,3
382,557,3,3
382,558,3,3
382,559,3,3
382,560,3,3
382,561,3,3
382,562,3,3
382,563,3,3
382,564,3,3
382,565,3,3
382,566,3,3
382,567,3,3
382,568,3,3
382,569,3,3
382,570,3,3
382,571,3,2
382,572,3,2
382,573,3,2
382,574,3,2
382,575,3,2
382,576,3,2
382,577,3,2
382,578,3,2
382,579,3,2
382,580,3,2
382,581,3,2
382,582,3,2
382,583,3,2
382,584,3,2
382,585,3,2
382,586,3,2
382,587,3,2
382,588,3,2
382,589,3,2
382,590,3,2
382,591,3,2
382,592,3,2
382,593,3,2
382,594,3,2
382,595,3,2
382,596,3,2
382,597,3,2
382,598,3,2
382,599,3,2
382,600,3,2
382,601,3,2
382,602,3,2
382,603,3,2
382,604,3,2
382,605,3,2
382,606,3,2
382,607,3,2
382,608,3,2
382,609,3,2
382,610,3,2
382,611,3,2
382,612,3,2
382,613,3,2
382,614,3,2
382,615,3,2
382,616,3,2
382,617,3,2
382,618,3,2
382,619,3,2
382,620,3,2
382,621,3,2
382,622,3,2
382,623,3,2
382,624,3,2
382,625,3,2
382,626,3,2
382,627,3,2
382,628,3,2
382,629,3,2
382,630,3,2
382,631,3,2
382,632,3,2
382,633,3,2
382,634,3,2
382,635,3,2
382,636,3,2
382,637,3,2
382,638,3,2
382,639,3,2
382,640,3,2
382,641,3,2
382,642,3,2
382,643,3,2
382,644,3,2
382,645,3,2
382,646,3,2
382,647,3,2
382,648,3,2
382,649,3,2
382,650,3,2
382,651,3,2
382,652,3,2
382,653,3,2
382,654,3,2
382,655,3,2
382,656,3,2
382,657,3,2
382,658,3,2
382,659,3,2
382,660,3,2
382,661,3,2
382,662,3,2
382,663,3,2
382,664,3,2
382,665,3,2
382,666,3,2
382,667,3,2
382,668,3,2
382,669,3,2
382,670,3,2
382,671,3,2
382,672,3,2
382,673,3,2
383,84,3,3
383,85,3,3
383,86,3,3
383,87,3,3
383,88,3,3
383,89,3,3
383,90,3,3
383,91,3,3
383,92,3,3
383,93,3,3
383,94,3,3
383,95,3,3
383,96,3,3
383,97,3,3
383,98,3,3
383,99,3,3
383,100,3,3
383,101,3,3
383,102,3,3
383,103,3,3
383,104,3,2
383,105,3,2
383,106,3,2
383,107,3,2
383,108,3,2
383,109,3,2
383,110,3,2
383,111,3,2
383,112,3,2
383,113,3,2
383,114,3,2
383,115,3,2
383,116,3,2
383,117,3,2
383,118,3,2
383,119,3,2
383,120,3,2
383,121,3,2
383,122,3,2
383,123,3,2
383,124,3,2
383,125,3,2
383,126,3,2
383,127,3,2
383,128,3,2
383,129,3,2
383,130,3,2
383,131,3,2
383,132,3,2
383,133,3,2
383,134,3,2
383,135,3,2
383,136,3,2
383,137,3,2
383,138,3,2
383,139,3,2
383,140,3,2
383,141,3,2
383,142,3,2
383,143,3,2
383,144,3,2
383,145,3,2
383,146,3,2
383,147,3,2
383,148,3,2
383,149,3,2
383,150,3,2
383,151,3,2
383,152,3,2
383,153,3,2
383,154,3,2
383,155,3,2
383,156,3,2
383,157,3,2
383,158,3,2
383,159,3,2
383,160,3,2
383,161,3,2
383,162,3,2
383,163,3,2
383,164,3,2
383,165,3,2
383,166,3,2
383,167,3,2
383,168,3,2
383,169,3,2
383,170,3,2
383,171,3,2
383,172,3,2
383,173,3,2
383,174,3,2
383,175,3,2
383,176,3,2
383,177,3,2
383,178,3,2
383,179,3,2
383,180,3,2
383,181,3,2
383,182,3,2
383,183,3,2
383,184,3,2
383,185,3,2
383,186,3,2
383,187,3,2
383,188,3,2
383,189,3,2
383,190,3,2
383,191,3,2
383,192,3,2
383,193,3,2
383,194,3,2
383,195,3,2
383,196,3,2
383,197,3,2
383,198,3,2
383,199,3,2
383,200,3,2
383,201,3,2
383,202,3,2
383,203,3,2
383,204,3,2
383,205,3,2
383,206,3,2
383,207,3,2
383,208,3,2
383,209,3,2
383,210,3,2
383,211,3,2
383,212,3,2
383,213,3,2
383,214,3,2
383,215,3,2
383,216,3,2
383,217,3,2
383,218,3,2
383,219,3,2
383,220,3,2
383,221,3,2
383,222,3,2
383,223,3,2
383,224,3,2
383,225,3,2
383,226,3,2
383,227,3,2
383,228,3,2
383,229,3,2
383,230,3,2
383,231,3,2
383,232,3,2
383,233,3,2
383,234,3,2
383,235,3,2
383,236,3,2
383,237,3,2
383,238,3,2
383,239,3,2
383,240,3,2
383,241,3,2
383,242,3,2
383,243,3,2
383,244,3,2
383,245,3,2
383,246,3,2
383,247,3,2
383,248,3,2
383,249,3,2
383,250,3,2
383,251,3,2
383,252,3,2
383,253,3,2
383,254,3,2
383,255,3,2
383,256,3,2
383,257,3,2
383,258,3,2
383,259,3,2
383,260,3,2
383,261,3,2
383,262,3,2
383,263,3,2
383,264,3,2
383,265,3,2
383,266,3,2
383,267,3,2
383,268,3,2
383,269,3,2
383,270,3,2
383,271,3,2
383,272,3,2
383,273,3,2
383,274,3,2
383,275,3,2
383,276,3,2
383,277,3,2
383,278,3,2
383,279,3,2
383,280,3,2
383,281,3,2
383,282,3,2
383,283,3,2
383,284,3,2
383,285,3,2
383,286,3,2
383,287,3,2
383,288,3,2
383,289,3,2
383,290,3,2
383,291,3,2
383,292,3,2
383,293,3,2
383,294,3,2
383,295,3,2
383,296,3,2
383,297,3,2
383,298,3,2
383,299,3,2
383,300,3,2
383,301,3,2
383,302,3,2
383,303,3,2
383,304,3,2
383,305,3,2
383,306,3,2
383,307,3,2
383,308,3,2
383,309,3,2
383,310,3,2
383,311,3,2
383,312,3,2
383,313,3,2
383,314,3,2
383,315,3,2
383,316,3,2
383,317,3,2
383,318,3,2
383,319,3,2
383,320,3,2
383,321,3,2
383,322,3,2
383,323,3,2
383,324,3,2
383,325,3,2
383,326,3,2
383,327,3,2
383,328,3,2
383,329,3,2
383,330,3,2
383,331,3,2
383,332,3,2
383,333,3,2
383,334,3,2
383,335,3,2
383,336,3,2
383,337,3,2
383,338,3,2
383,339,3,2
383,340,3,2
383,341,3,2
383,342,3,2
383,343,3,2
383,344,3,2
383,345,3,2
383,346,3,2
383,347,3,2
383,348,3,2
383,349,3,2
383,350,3,2
383,351,3,2
383,352,3,2
383,353,3,2
383,354,3,2
383,355,3,2
383,356,3,2
383,357,3,2
383,358,3,2
383,359,3,2
383,360,3,2
383,361,3,2
383,362,3,2
383,363,3,2
383,364,3,2
383,365,3,2
383,366,3,2
383,367,3,2
383,368,3,2
383,369,3,2
383,370,3,2
383,371,3,2
383,372,3,2
383,373,3,2
383,374,3,2
383,375,3,2
383,376,3,2
383,377,3,2
383,378,3,2
383,379,3,2
383,380,3,2
383,381,3,2
383,382,3,2
383,383,3,2
383,384,3,2
383,385,3,2
383,386,3,2
383,387,3,2
383,388,3,2
383,389,3,2
383,390,3,2
383,391,3,2
383,392,3,2
383,393,3,2
383,394,3,2
383,395,3,2
383,396,3,2
383,397,3,2
383,398,3,3
383,399,3,3
383,400,3,3
383,401,3,3
383,402,3,3
383,403,3,3
383,404,3,3
383,405,3,3
383,406,3,3
383,407,3,3
383,408,3,3
383,409,3,3
383,410,3,3
383,411,3,3
383,412,3,3
383,413,3,3
383,414,3,3
383,415,3,3
383,416,3,3
383,417,3,3
383,418,3,3
383,419,3,3
383,420,3,3
383,421,3,3
383,422,3,3
383,423,3,3
383,424,3,3
383,425,3,3
383,426,3,3
383,427,3,3
383,428,3,3
383,429,3,3
383,430,3,3
383,431,3,3
383,432,3,3
383,433,3,3
383,434,3,3
383,435,3,3
383,436,3,3
383,437,3,3
383,438,3,3
383,439,3,3
383,440,3,3
383,441,3,3
383,442,3,3
383,443,3,3
383,444,3,3
383,445,3,3
383,446,3,3
383,447,3,2
383,448,3,2
383,449,3,2
383,450,3,2
383,451,3,2
383,452,3,2
383,453,3,2
383,454,3,2
383,455,3,2
383,456,3,2
383,457,3,2
383,458,3,2
383,459,3,2
383,460,3,2
383,461,3,2
383,462,3,2
383,463,3,2
383,464,3,2
383,465,3,2
383,466,3,2
383,467,3,2
383,468,3,2
383,469,3,2
383,470,3,2
383,471,3,2
383,472,3,2
383,473,3,2
383,474,3,2
383,475,3,2
383,476,3,2
383,477,3,2
383,478,3,2
383,479,3,3
383,480,3,3
383,481,3,3
383,482,3,3
383,483,3,3
383,484,3,3
383,485,3,3
383,486,3,3
383,487,3,3
383,488,3,3
383,489,3,3
383,490,3,3
383,491,3,3
383,492,3,3
383,493,3,3
383,494,3,3
383,495,3,3
383,496,3,3
383,497,3,3
383,498,3,3
383,499,3,3
383,500,3,3
383,501,3,3
383,502,3,3
383,503,3,3
383,504,3,3
383,505,3,3
383,506,3,3
383,507,3,3
383,508,3,3
383,509,3,3
383,510,3,3
383,511,3,3
383,512,3,3
383,513,3,3
383,514,3,3
383,515,3,3
383,516,3,3
383,517,3,3
383,518,3,3
383,519,3,3
383,520,3,3
383,521,3,3
383,522,3,3
383,523,3,3
383,524,3,3
383,525,3,3
383,526,3,3
383,527,3,3
383,528,3,3
383,529,3,3
383,530,3,3
383,531,3,3
383,532,3,2
383,533,3,2
383,534,3,2
383,535,3,2
383,536,3,2
383,537,3,2
383,538,3,2
383,539,3,2
383,540,3,2
383,541,3,2
383,542,3,2
383,543,3,2
383,544,3,2
383,545,3,2
383,546,3,2
383,547,3,2
383,548,3,2
383,549,3,2
383,550,3,2
383,551,3,2
383,552,3,2
383,553,3,2
383,554,3,2
383,555,3,3
383,556,3,3
383,557,3,3
383,558,3,3
383,559,3,3
383,560,3,3
383,561,3,3
383,562,3,3
383,563,3,3
383,564,3,3
383,565,3,3
383,566,3,3
383,567,3,3
383,568,3,3
383,569,3,3
383,570,3,3
383,571,3,2
383,572,3,2
383,573,3,2
383,574,3,2
383,575,3,2
383,576,3,2
383,577,3,3
383,578,3,3
383,579,3,2
383,580,3,2
383,581,3,2
383,582,3,2
383,583,3,2
383,584,3,2
383,585,3,2
383,586,3,2
383,587,3,2
383,588,3,2
383,589,3,2
383,590,3,2
383,591,3,2
383,592,3,2
383,593,3,2
383,594,3,2
383,595,3,2
383,596,3,2
383,597,3,2
383,598,3,2
383,599,3,2
383,600,3,2
383,601,3,2
383,602,3,2
383,603,3,2
383,604,3,2
383,605,3,2
383,606,3,2
383,607,3,2
383,608,3,2
383,609,3,2
383,610,3,2
383,611,3,2
383,612,3,2
383,613,3,2
383,614,3,2
383,615,3,2
383,616,3,2
383,617,3,2
383,618,3,2
383,619,3,2
383,620,3,2
383,621,3,2
383,622,3,2
383,623,3,2
383,624,3,2
383,625,3,2
383,626,3,2
383,627,3,2
383,628,3,2
383,629,3,2
383,630,3,2
383,631,3,2
383,632,3,2
383,633,3,2
383,634,3,2
383,635,3,2
383,636,3,2
383,637,3,2
383,638,3,2
383,639,3,2
383,640,3,2
383,641,3,2
383,642,3,2
383,643,3,2
383,644,3,2
383,645,3,2
383,646,3,2
383,647,3,2
383,648,3,2
383,649,3,2
383,650,3,2
383,651,3,2
383,652,3,2
383,653,3,2
383,654,3,2
383,655,3,2
383,656,3,2
383,657,3,2
383,658,3,2
383,659,3,2
383,660,3,2
383,661,3,2
383,662,3,2
383,663,3,2
383,664,3,2
383,665,3,2
383,666,3,2
383,667,3,2
383,668,3,2
383,669,3,2
383,670,3,2
383,671,3,2
383,672,3,2
383,673,3,2
384,84,3,3
384,85,3,3
384,86,3,3
384,87,3,3
384,88,3,3
384,89,3,3
384,90,3,3
384,91,3,3
384,92,3,3
384,93,3,3
384,94,3,3
384,95,3,3
384,96,3,3
384,97,3,3
384,98,3,3
384,99,3,3
384,100,3,3
384,101,3,3
384,102,3,3
384,103,3,3
384,104,3,2
384,105,3,2
384,106,3,2
384,107,3,2
384,108,3,2
384,109,3,2
384,110,3,2
384,111,3,2
384,112,3,2
384,113,3,2
384,114,3,2
384,115,3,2
384,116,3,2
384,117,3,2
384,118,3,2
384,119,3,2
384,120,3,2
384,121,3,2
384,122,3,2
384,123,3,2
384,124,3,2
384,125,3,2
384,126,3,2
384,127,3,2
384,128,3,2
384,129,3,2
384,130,3,2
384,131,3,2
384,132,3,2
384,133,3,2
384,134,3,2
384,135,3,2
384,136,3,2
384,137,3,2
384,138,3,2
384,139,3,2
384,140,3,2
384,141,3,2
384,142,3,2
384,143,3,2
384,144,3,2
384,145,3,2
384,146,3,2
384,147,3,2
384,148,3,2
384,149,3,2
384,150,3,2
384,151,3,2
384,152,3,2
384,153,3,2
384,154,3,2
384,155,3,2
384,156,3,2
384,157,3,2
384,158,3,2
384,159,3,2
384,160,3,2
384,161,3,2
384,162,3,2
384,163,3,2
384,164,3,2
384,165,3,2
384,166,3,2
384,167,3,2
384,168,3,2
384,169,3,2
384,170,3,2
384,171,3,2
384,172,3,2
384,173,3,2
384,174,3,2
384,175,3,2
384,176,3,2
384,177,3,2
384,178,3,2
384,179,3,2
384,180,3,2
384,181,3,2
384,182,3,2
384,183,3,2
384,184,3,2
384,185,3,2
384,186,3,2
384,187,3,2
384,188,3,2
384,189,3,2
384,190,3,2
384,191,3,2
384,192,3,2
384,193,3,2
384,194,3,2
384,195,3,2
384,196,3,2
384,197,3,2
384,198,3,2
384,199,3,2
384,200,3,2
384,201,3,2
384,202,3,2
384,203,3,2
384,204,3,2
384,205,3,2
384,206,3,2
384,207,3,2
384,208,3,2
384,209,3,2
384,210,3,2
384,211,3,2
384,212,3,2
384,213,3,2
384,214,3,2
384,215,3,2
384,216,3,2
384,217,3,2
384,218,3,2
384,219,3,2
384,220,3,2
384,221,3,2
384,222,3,2
384,223,3,2
384,224,3,2
384,225,3,2
384,226,3,2
384,227,3,2
384,228,3,2
384,229,3,2
384,230,3,2
384,231,3,2
384,232,3,2
384,233,3,2
384,234,3,2
384,235,3,2
384,236,3,2
384,237,3,2
384,238,3,2
384,239,3,2
384,240,3,2
384,241,3,2
384,242,3,2
384,243,3,2
384,244,3,2
384,245,3,2
384,246,3,2
384,247,3,2
384,248,3,2
384,249,3,2
384,250,3,2
384,251,3,2
384,252,3,2
384,253,3,2
384,254,3,2
384,255,3,2
384,256,3,2
384,257,3,2
384,258,3,2
384,259,3,2
384,260,3,2
384,261,3,2
384,262,3,2
384,263,3,2
384,264,3,2
384,265,3,2
384,266,3,2
384,267,3,2
384,268,3,2
384,269,3,2
384,270,3,2
384,271,3,2
384,272,3,2
384,273,3,2
384,274,3,2
384,275,3,2
384,276,3,2
384,277,3,2
384,278,3,2
384,279,3,2
384,280,3,2
384,281,3,2
384,282,3,2
384,283,3,2
384,284,3,2
384,285,3,2
384,286,3,2
384,287,3,2
384,288,3,2
384,289,3,2
384,290,3,2
384,291,3,2
384,292,3,2
384,293,3,2
384,294,3,2
384,295,3,2
384,296,3,2
384,297,3,2
384,298,3,2
384,299,3,2
384,300,3,2
384,301,3,2
384,302,3,2
384,303,3,2
384,304,3,2
384,305,3,2
384,306,3,2
384,307,3,2
384,308,3,2
384,309,3,2
384,310,3,2
384,311,3,2
384,312,3,2
384,313,3,2
384,314,3,2
384,315,3,2
384,316,3,2
384,317,3,2
384,318,3,2
384,319,3,2
384,320,3,2
384,321,3,2
384,322,3,2
384,323,3,2
384,324,3,2
384,325,3,2
384,326,3,2
384,327,3,2
384,328,3,2
384,329,3,2
384,330,3,2
384,331,3,2
384,332,3,2
384,333,3,2
384,334,3,2
384,335,3,2
384,336,3,2
384,337,3,2
384,338,3,2
384,339,3,2
384,340,3,2
384,341,3,2
384,342,3,2
384,343,3,2
384,344,3,2
384,345,3,2
384,346,3,2
384,347,3,2
384,348,3,2
384,349,3,2
384,350,3,2
384,351,3,2
384,352,3,2
384,353,3,2
384,354,3,2
384,355,3,2
384,356,3,2
384,357,3,2
384,358,3,2
384,359,3,2
384,360,3,2
384,361,3,2
384,362,3,2
384,363,3,2
384,364,3,2
384,365,3,2
384,366,3,2
384,367,3,2
384,368,3,2
384,369,3,2
384,370,3,2
384,371,3,2
384,372,3,2
384,373,3,2
384,374,3,2
384,375,3,2
384,376,3,2
384,377,3,2
384,378,3,2
384,379,3,2
384,380,3,2
384,381,3,2
384,382,3,2
384,383,3,2
384,384,3,2
384,385,3,2
384,386,3,2
384,387,3,2
384,388,3,2
384,389,3,2
384,390,3,2
384,391,3,2
384,392,3,2
384,393,3,2
384,394,3,2
384,395,3,2
384,396,3,2
384,397,3,2
384,398,3,3
384,399,3,3
384,400,3,3
384,401,3,3
384,402,3,3
384,403,3,3
384,404,3,3
384,405,3,3
384,406,3,3
384,407,3,3
384,408,3,3
384,409,3,3
384,410,3,3
384,411,3,3
384,412,3,3
384,413,3,3
384,414,3,3
384,415,3,3
384,416,3,3
384,417,3,3
384,418,3,3
384,419,3,3
384,420,3,3
384,421,3,3
384,422,3,3
384,423,3,3
384,424,3,3
384,425,3,3
384,426,3,3
384,427,3,3
384,428,3,3
384,429,3,3
384,430,3,3
384,431,3,3
384,432,3,3
384,433,3,3
384,434,3,3
384,435,3,3
384,436,3,3
384,437,3,3
384,438,3,3
384,439,3,3
384,440,3,3
384,441,3,3
384,442,3,3
384,443,3,3
384,444,3,3
384,445,3,3
384,446,3,2
384,447,3,2
384,448,3,2
384,449,3,2
384,450,3,2
384,451,3,2
384,452,3,2
384,453,3,2
384,454,3,2
384,455,3,2
384,456,3,2
384,457,3,2
384,458,3,2
384,459,3,2
384,460,3,2
384,461,3,2
384,462,3,2
384,463,3,2
384,464,3,2
384,465,3,2
384,466,3,2
384,467,3,2
384,468,3,2
384,469,3,2
384,470,3,2
384,471,3,2
384,472,3,2
384,473,3,2
384,474,3,2
384,475,3,2
384,476,3,2
384,477,3,2
384,478,3,2
384,479,3,2
384,480,3,2
384,481,3,3
384,482,3,3
384,483,3,3
384,484,3,3
384,485,3,3
384,486,3,3
384,487,3,3
384,488,3,3
384,489,3,3
384,490,3,3
384,491,3,3
384,492,3,3
384,493,3,3
384,494,3,3
384,495,3,3
384,496,3,3
384,497,3,3
384,498,3,3
384,499,3,3
384,500,3,3
384,501,3,3
384,502,3,3
384,503,3,3
384,504,3,3
384,505,3,3
384,506,3,3
384,507,3,3
384,508,3,3
384,509,3,3
384,510,3,3
384,511,3,3
384,512,3,3
384,513,3,3
384,514,3,3
384,515,3,3
384,516,3,3
384,517,3,3
384,518,3,3
384,519,3,3
384,520,3,3
384,521,3,3
384,522,3,3
384,523,3,3
384,524,3,3
384,525,3,3
384,526,3,3
384,527,3,3
384,528,3,3
384,529,3,3
384,530,3,3
384,531,3,2
384,532,3,2
384,533,3,2
384,534,3,2
384,535,3,2
384,536,3,2
384,537,3,2
384,538,3,2
384,539,3,2
384,540,3,2
384,541,3,2
384,542,3,2
384,543,3,2
384,544,3,2
384,545,3,2
384,546,3,2
384,547,3,2
384,548,3,2
384,549,3,2
384,550,3,2
384,551,3,2
384,552,3,2
384,553,3,2
384,554,3,2
384,555,3,3
384,556,3,3
384,557,3,3
384,558,3,3
384,559,3,3
384,560,3,3
384,561,3,3
384,562,3,3
384,563,3,3
384,564,3,3
384,565,3,3
384,566,3,3
384,567,3,3
384,568,3,3
384,569,3,3
384,570,3,3
384,571,3,2
384,572,3,2
384,573,3,2
384,574,3,2
384,575,3,2
384,576,3,2
384,577,3,2
384,578,3,2
384,579,3,2
384,580,3,2
384,581,3,2
384,582,3,2
384,583,3,2
384,584,3,2
384,585,3,2
384,586,3,2
384,587,3,2
384,588,3,2
384,589,3,2
384,590,3,2
384,591,3,2
384,592,3,2
384,593,3,2
384,594,3,2
384,595,3,2
384,596,3,2
384,597,3,2
384,598,3,2
384,599,3,2
384,600,3,2
384,601,3,2
384,602,3,2
384,603,3,2
384,604,3,2
384,605,3,2
384,606,3,2
384,607,3,2
384,608,3,2
384,609,3,2
384,610,3,2
384,611,3,2
384,612,3,2
384,613,3,2
384,614,3,2
384,615,3,2
384,616,3,2
384,617,3,2
384,618,3,2
384,619,3,2
384,620,3,2
384,621,3,2
384,622,3,2
384,623,3,2
384,624,3,2
384,625,3,2
384,626,3,2
384,627,3,2
384,628,3,2
384,629,3,2
384,630,3,2
384,631,3,2
384,632,3,2
384,633,3,2
384,634,3,2
384,635,3,2
384,636,3,2
384,637,3,2
384,638,3,2
384,639,3,2
384,640,3,2
384,641,3,2
384,642,3,2
384,643,3,2
384,644,3,2
384,645,3,2
384,646,3,2
384,647,3,2
384,648,3,2
384,649,3,2
384,650,3,2
384,651,3,2
384,652,3,2
384,653,3,2
384,654,3,2
384,655,3,2
384,656,3,2
384,657,3,2
384,658,3,2
384,659,3,2
384,660,3,2
384,661,3,2
384,662,3,2
384,663,3,2
384,664,3,2
384,665,3,2
384,666,3,2
384,667,3,2
384,668,3,2
384,669,3,2
384,670,3,2
384,671,3,2
384,672,3,2
384,673,3,2
384,674,3,2
385,83,3,2
385,84,3,3
385,85,3,3
385,86,3,3
385,87,3,3
385,88,3,3
385,89,3,3
385,90,3,3
385,91,3,3
385,92,3,3
385,93,3,3
385,94,3,3
385,95,3,3
385,96,3,3
385,97,3,3
385,98,3,3
385,99,3,3
385,100,3,3
385,101,3,3
385,102,3,3
385,103,3,2
385,104,3,2
385,105,3,2
385,106,3,2
385,107,3,2
385,108,3,2
385,109,3,2
385,110,3,2
385,111,3,2
385,112,3,2
385,113,3,2
385,114,3,2
385,115,3,2
385,116,3,2
385,117,3,2
385,118,3,2
385,119,3,2
385,120,3,2
385,121,3,2
385,122,3,2
385,123,3,2
385,124,3,2
385,125,3,2
385,126,3,2
385,127,3,2
385,128,3,2
385,129,3,2
385,130,3,2
385,131,3,2
385,132,3,2
385,133,3,2
385,134,3,2
385,135,3,2
385,136,3,2
385,137,3,2
385,138,3,2
385,139,3,2
385,140,3,2
385,141,3,2
385,142,3,2
385,143,3,2
385,144,3,2
385,145,3,2
385,146,3,2
385,147,3,2
385,148,3,2
385,149,3,2
385,150,3,2
385,151,3,2
385,152,3,2
385,153,3,2
385,154,3,2
385,155,3,2
385,156,3,2
385,157,3,2
385,158,3,2
385,159,3,2
385,160,3,2
385,161,3,2
385,162,3,2
385,163,3,2
385,164,3,2
385,165,3,2
385,166,3,2
385,167,3,2
385,168,3,2
385,169,3,2
385,170,3,2
385,171,3,2
385,172,3,2
385,173,3,2
385,174,3,2
385,175,3,2
385,176,3,2
385,177,3,2
385,178,3,2
385,179,3,2
385,180,3,2
385,181,3,2
385,182,3,2
385,183,3,2
385,184,3,2
385,185,3,2
385,186,3,2
385,187,3,2
385,188,3,2
385,189,3,2
385,190,3,2
385,191,3,2
385,192,3,2
385,193,3,2
385,194,3,2
385,195,3,2
385,196,3,2
385,197,3,2
385,198,3,2
385,199,3,2
385,200,3,2
385,201,3,2
385,202,3,2
385,203,3,2
385,204,3,2
385,205,3,2
385,206,3,2
385,207,3,2
385,208,3,2
385,209,3,2
385,210,3,2
385,211,3,2
385,212,3,2
385,213,3,2
385,214,3,2
385,215,3,2
385,216,3,2
385,217,3,2
385,218,3,2
385,219,3,2
385,220,3,2
385,221,3,2
385,222,3,2
385,223,3,2
385,224,3,2
385,225,3,2
385,226,3,2
385,227,3,2
385,228,3,2
385,229,3,2
385,230,3,2
385,231,3,2
385,232,3,2
385,233,3,2
385,234,3,2
385,235,3,2
385,236,3,2
385,237,3,2
385,238,3,2
385,239,3,2
385,240,3,2
385,241,3,2
385,242,3,2
385,243,3,2
385,244,3,2
385,245,3,2
385,246,3,2
385,247,3,2
385,248,3,2
385,249,3,2
385,250,3,2
385,251,3,2
385,252,3,2
385,253,3,2
385,254,3,2
385,255,3,2
385,256,3,2
385,257,3,2
385,258,3,2
385,259,3,2
385,260,3,2
385,261,3,2
385,262,3,2
385,263,3,2
385,264,3,2
385,265,3,2
385,266,3,2
385,267,3,2
385,268,3,2
385,269,3,2
385,270,3,2
385,271,3,2
385,272,3,2
385,273,3,2
385,274,3,2
385,275,3,2
385,276,3,2
385,277,3,2
385,278,3,2
385,279,3,2
385,280,3,2
385,281,3,2
385,282,3,2
385,283,3,2
385,284,3,2
385,285,3,2
385,286,3,2
385,287,3,2
385,288,3,2
385,289,3,2
385,290,3,2
385,291,3,2
385,292,3,2
385,293,3,2
385,294,3,2
385,295,3,2
385,296,3,2
385,297,3,2
385,298,3,2
385,299,3,2
385,300,3,2
385,301,3,2
385,302,3,2
385,303,3,2
385,304,3,2
385,305,3,2
385,306,3,2
385,307,3,2
385,308,3,2
385,309,3,2
385,310,3,2
385,311,3,2
385,312,3,2
385,313,3,2
385,314,3,2
385,315,3,2
385,316,3,2
385,317,3,2
385,318,3,2
385,319,3,2
385,320,3,2
385,321,3,2
385,322,3,2
385,323,3,2
385,324,3,2
385,325,3,2
385,326,3,2
385,327,3,2
385,328,3,2
385,329,3,2
385,330,3,2
385,331,3,2
385,332,3,2
385,333,3,2
385,334,3,2
385,335,3,2
385,336,3,2
385,337,3,2
385,338,3,2
385,339,3,2
385,340,3,2
385,341,3,2
385,342,3,2
385,343,3,2
385,344,3,2
385,345,3,2
385,346,3,2
385,347,3,2
385,348,3,2
385,349,3,2
385,350,3,2
385,351,3,2
385,352,3,2
385,353,3,2
385,354,3,2
385,355,3,2
385,356,3,2
385,357,3,2
385,358,3,2
385,359,3,2
385,360,3,2
385,361,3,2
385,362,3,2
385,363,3,2
385,364,3,2
385,365,3,2
385,366,3,2
385,367,3,2
385,368,3,2
385,369,3,2
385,370,3,2
385,371,3,2
385,372,3,2
385,373,3,2
385,374,3,2
385,375,3,2
385,376,3,2
385,377,3,2
385,378,3,2
385,379,3,2
385,380,3,2
385,381,3,2
385,382,3,2
385,383,3,2
385,384,3,2
385,385,3,2
385,386,3,2
385,387,3,2
385,388,3,2
385,389,3,2
385,390,3,2
385,391,3,2
385,392,3,2
385,393,3,2
385,394,3,2
385,395,3,2
385,396,3,2
385,397,3,2
385,398,3,2
385,399,3,2
385,400,3,2
385,401,3,3
385,402,3,3
385,403,3,3
385,404,3,3
385,405,3,3
385,406,3,3
385,407,3,3
385,408,3,3
385,409,3,3
385,410,3,3
385,411,3,3
385,412,3,3
385,413,3,3
385,414,3,3
385,415,3,3
385,416,3,3
385,417,3,3
385,418,3,3
385,419,3,3
385,420,3,3
385,421,3,3
385,422,3,3
385,423,3,3
385,424,3,3
385,425,3,3
385,426,3,3
385,427,3,3
385,428,3,3
385,429,3,3
385,430,3,3
385,431,3,3
385,432,3,3
385,433,3,3
385,434,3,3
385,435,3,3
385,436,3,3
385,437,3,3
385,438,3,3
385,439,3,3
385,440,3,3
385,441,3,3
385,442,3,3
385,443,3,3
385,444,3,3
385,445,3,2
385,446,3,2
385,447,3,2
385,448,3,2
385,449,3,2
385,450,3,2
385,451,3,2
385,452,3,2
385,453,3,2
385,454,3,2
385,455,3,2
385,456,3,2
385,457,3,2
385,458,3,2
385,459,3,2
385,460,3,2
385,461,3,2
385,462,3,2
385,463,3,2
385,464,3,2
385,465,3,2
385,466,3,2
385,467,3,2
385,468,3,2
385,469,3,2
385,470,3,2
385,471,3,2
385,472,3,2
385,473,3,2
385,474,3,2
385,475,3,2
385,476,3,2
385,477,3,2
385,478,3,2
385,479,3,2
385,480,3,2
385,481,3,2
385,482,3,2
385,483,3,2
385,484,3,3
385,485,3,3
385,486,3,3
385,487,3,3
385,488,3,3
385,489,3,3
385,490,3,3
385,491,3,3
385,492,3,3
385,493,3,3
385,494,3,3
385,495,3,3
385,496,3,3
385,497,3,3
385,498,3,3
385,499,3,3
385,500,3,3
385,501,3,3
385,502,3,3
385,503,3,3
385,504,3,3
385,505,3,3
385,506,3,3
385,507,3,3
385,508,3,3
385,509,3,3
385,510,3,3
385,511,3,3
385,512,3,3
385,513,3,3
385,514,3,3
385,515,3,3
385,516,3,3
385,517,3,3
385,518,3,3
385,519,3,3
385,520,3,3
385,521,3,3
385,522,3,3
385,523,3,3
385,524,3,3
385,525,3,3
385,526,3,3
385,527,3,3
385,528,3,3
385,529,3,3
385,530,3,2
385,531,3,2
385,532,3,2
385,533,3,2
385,534,3,2
385,535,3,2
385,536,3,2
385,537,3,2
385,538,3,2
385,539,3,2
385,540,3,2
385,541,3,2
385,542,3,2
385,543,3,2
385,544,3,2
385,545,3,2
385,546,3,2
385,547,3,2
385,548,3,2
385,549,3,2
385,550,3,2
385,551,3,2
385,552,3,2
385,553,3,2
385,554,3,2
385,555,3,2
385,556,3,3
385,557,3,3
385,558,3,3
385,559,3,3
385,560,3,3
385,561,3,3
385,562,3,3
385,563,3,3
385,564,3,3
385,565,3,3
385,566,3,3
385,567,3,3
385,568,3,3
385,569,3,2
385,570,3,2
385,571,3,2
385,572,3,2
385,573,3,2
385,574,3,2
385,575,3,2
385,576,3,2
385,577,3,2
385,578,3,2
385,579,3,2
385,580,3,2
385,581,3,2
385,582,3,2
385,583,3,2
385,584,3,2
385,585,3,2
385,586,3,2
385,587,3,2
385,588,3,2
385,589,3,2
385,590,3,2
385,591,3,2
385,592,3,2
385,593,3,2
385,594,3,2
385,595,3,2
385,596,3,2
385,597,3,2
385,598,3,2
385,599,3,2
385,600,3,2
385,601,3,2
385,602,3,2
385,603,3,2
385,604,3,2
385,605,3,2
385,606,3,2
385,607,3,2
385,608,3,2
385,609,3,2
385,610,3,2
385,611,3,2
385,612,3,2
385,613,3,2
385,614,3,2
385,615,3,2
385,616,3,2
385,617,3,2
385,618,3,2
385,619,3,2
385,620,3,2
385,621,3,2
385,622,3,2
385,623,3,2
385,624,3,2
385,625,3,2
385,626,3,2
385,627,3,2
385,628,3,2
385,629,3,2
385,630,3,2
385,631,3,2
385,632,3,2
385,633,3,2
385,634,3,2
385,635,3,2
385,636,3,2
385,637,3,2
385,638,3,2
385,639,3,2
385,640,3,2
385,641,3,2
385,642,3,2
385,643,3,2
385,644,3,2
385,645,3,2
385,646,3,2
385,647,3,2
385,648,3,2
385,649,3,2
385,650,3,2
385,651,3,2
385,652,3,2
385,653,3,2
385,654,3,2
385,655,3,2
385,656,3,2
385,657,3,2
385,658,3,2
385,659,3,2
385,660,3,2
385,661,3,2
385,662,3,2
385,663,3,2
385,664,3,2
385,665,3,2
385,666,3,2
385,667,3,2
385,668,3,2
385,669,3,2
385,670,3,2
385,671,3,2
385,672,3,2
385,673,3,2
385,674,3,2
385,675,3,2
386,82,3,2
386,83,3,2
386,84,3,3
386,85,3,3
386,86,3,3
386,87,3,3
386,88,3,3
386,89,3,3
386,90,3,3
386,91,3,3
386,92,3,3
386,93,3,3
386,94,3,3
386,95,3,3
386,96,3,3
386,97,3,3
386,98,3,3
386,99,3,3
386,100,3,3
386,101,3,3
386,102,3,2
386,103,3,2
386,104,3,2
386,105,3,2
386,106,3,2
386,107,3,2
386,108,3,2
386,109,3,2
386,110,3,2
386,111,3,2
386,112,3,2
386,113,3,2
386,114,3,2
386,115,3,2
386,116,3,2
386,117,3,2
386,118,3,2
386,119,3,2
386,120,3,2
386,121,3,2
386,122,3,2
386,123,3,2
386,124,3,2
386,125,3,2
386,126,3,2
386,127,3,2
386,128,3,2
386,129,3,2
386,130,3,2
386,131,3,2
386,132,3,2
386,133,3,2
386,134,3,2
386,135,3,2
386,136,3,2
386,137,3,2
386,138,3,2
386,139,3,2
386,140,3,2
386,141,3,2
386,142,3,2
386,143,3,2
386,144,3,2
386,145,3,2
386,146,3,2
386,147,3,2
386,148,3,2
386,149,3,2
386,150,3,2
386,151,3,2
386,152,3,2
386,153,3,2
386,154,3,2
386,155,3,2
386,156,3,2
386,157,3,2
386,158,3,2
386,159,3,2
386,160,3,2
386,161,3,2
386,162,3,2
386,163,3,2
386,164,3,2
386,165,3,2
386,166,3,2
386,167,3,2
386,168,3,2
386,169,3,2
386,170,3,2
386,171,3,2
386,172,3,2
386,173,3,2
386,174,3,2
386,175,3,2
386,176,3,2
386,177,3,2
386,178,3,2
386,179,3,2
386,180,3,2
386,181,3,2
386,182,3,2
386,183,3,2
386,184,3,2
386,185,3,2
386,186,3,2
386,187,3,2
386,188,3,2
386,189,3,2
386,190,3,2
386,191,3,2
386,192,3,2
386,193,3,2
386,194,3,2
386,195,3,2
386,196,3,2
386,197,3,2
386,198,3,2
386,199,3,2
386,200,3,2
386,201,3,2
386,202,3,2
386,203,3,2
386,204,3,2
386,205,3,2
386,206,3,2
386,207,3,2
386,208,3,2
386,209,3,2
386,210,3,2
386,211,3,2
386,212,3,2
386,213,3,2
386,214,3,2
386,215,3,2
386,216,3,2
386,217,3,2
386,218,3,2
386,219,3,2
386,220,3,2
386,221,3,2
386,222,3,2
386,223,3,2
386,224,3,2
386,225,3,2
386,226,3,2
386,227,3,2
386,228,3,2
386,229,3,2
386,230,3,2
386,231,3,2
386,232,3,2
386,233,3,2
386,234,3,2
386,235,3,2
386,236,3,2
386,237,3,2
386,238,3,2
386,239,3,2
386,240,3,2
386,241,3,2
386,242,3,2
386,243,3,2
386,244,3,2
386,245,3,2
386,246,3,2
386,247,3,2
386,248,3,2
386,249,3,2
386,250,3,2
386,251,3,2
386,252,3,2
386,253,3,2
386,254,3,2
386,255,3,2
386,256,3,2
386,257,3,2
386,258,3,2
386,259,3,2
386,260,3,2
386,261,3,2
386,262,3,2
386,263,3,2
386,264,3,2
386,265,3,2
386,266,3,2
386,267,3,2
386,268,3,2
386,269,3,2
386,270,3,2
386,271,3,2
386,272,3,2
386,273,3,2
386,274,3,2
386,275,3,2
386,276,3,2
386,277,3,2
386,278,3,2
386,279,3,2
386,280,3,2
386,281,3,2
386,282,3,2
386,283,3,2
386,284,3,2
386,285,3,2
386,286,3,2
386,287,3,2
386,288,3,2
386,289,3,2
386,290,3,2
386,291,3,2
386,292,3,2
386,293,3,2
386,294,3,2
386,295,3,2
386,296,3,2
386,297,3,2
386,298,3,2
386,299,3,2
386,300,3,2
386,301,3,2
386,302,3,2
386,303,3,2
386,304,3,2
386,305,3,2
386,306,3,2
386,307,3,2
386,308,3,2
386,309,3,2
386,310,3,2
386,311,3,2
386,312,3,2
386,313,3,2
386,314,3,2
386,315,3,2
386,316,3,2
386,317,3,2
386,318,3,2
386,319,3,2
386,320,3,2
386,321,3,2
386,322,3,2
386,323,3,2
386,324,3,2
386,325,3,2
386,326,3,2
386,327,3,2
386,328,3,2
386,329,3,2
386,330,3,2
386,331,3,2
386,332,3,2
386,333,3,2
386,334,3,2
386,335,3,2
386,336,3,2
386,337,3,2
386,338,3,2
386,339,3,2
386,340,3,2
386,341,3,2
386,342,3,2
386,343,3,2
386,344,3,2
386,345,3,2
386,346,3,2
386,347,3,2
386,348,3,2
386,349,3,2
386,350,3,2
386,351,3,2
386,352,3,2
386,353,3,2
386,354,3,2
386,355,3,2
386,356,3,2
386,357,3,2
386,358,3,2
386,359,3,2
386,360,3,2
386,361,3,2
386,362,3,2
386,363,3,2
386,364,3,2
386,365,3,2
386,366,3,2
386,367,3,2
386,368,3,2
386,369,3,2
386,370,3,2
386,371,3,2
386,372,3,2
386,373,3,2
386,374,3,2
386,375,3,2
386,376,3,2
386,377,3,2
386,378,3,2
386,379,3,2
386,380,3,2
386,381,3,2
386,382,3,2
386,383,3,2
386,384,3,2
386,385,3,2
386,386,3,2
386,387,3,2
386,388,3,2
386,389,3,2
386,390,3,2
386,391,3,2
386,392,3,2
386,393,3,2
386,394,3,2
386,395,3,2
386,396,3,2
386,397,3,2
386,398,3,2
386,399,3,2
386,400,3,2
386,401,3,3
386,402,3,3
386,403,3,3
386,404,3,3
386,405,3,3
386,406,3,3
386,407,3,3
386,408,3,3
386,409,3,3
386,410,3,3
386,411,3,3
386,412,3,3
386,413,3,3
386,414,3,3
386,415,3,3
386,416,3,3
386,417,3,3
386,418,3,3
386,419,3,3
386,420,3,3
386,421,3,3
386,422,3,3
386,423,3,3
386,424,3,3
386,425,3,3
386,426,3,3
386,427,3,3
386,428,3,3
386,429,3,3
386,430,3,3
386,431,3,3
386,432,3,3
386,433,3,3
386,434,3,3
386,435,3,3
386,436,3,3
386,437,3,3
386,438,3,3
386,439,3,3
386,440,3,3
386,441,3,3
386,442,3,3
386,443,3,3
386,444,3,2
386,445,3,2
386,446,3,2
386,447,3,2
386,448,3,2
386,449,3,2
386,450,3,2
386,451,3,2
386,452,3,2
386,453,3,2
386,454,3,2
386,455,3,2
386,456,3,2
386,457,3,2
386,458,3,2
386,459,3,2
386,460,3,2
386,461,3,2
386,462,3,2
386,463,3,2
386,464,3,2
386,465,3,2
386,466,3,2
386,467,3,2
386,468,3,2
386,469,3,2
386,470,3,2
386,471,3,2
386,472,3,2
386,473,3,2
386,474,3,2
386,475,3,2
386,476,3,2
386,477,3,2
386,478,3,2
386,479,3,2
386,480,3,2
386,481,3,2
386,482,3,2
386,483,3,2
386,484,3,2
386,485,3,2
386,486,3,2
386,487,3,2
386,488,3,3
386,489,3,3
386,490,3,2
386,491,3,2
386,492,3,2
386,493,3,2
386,494,3,3
386,495,3,3
386,496,3,3
386,497,3,2
386,498,3,2
386,499,3,3
386,500,3,3
386,501,3,3
386,502,3,3
386,503,3,3
386,504,3,3
386,505,3,3
386,506,3,3
386,507,3,3
386,508,3,3
386,509,3,3
386,510,3,3
386,511,3,3
386,512,3,3
386,513,3,3
386,514,3,3
386,515,3,3
386,516,3,3
386,517,3,3
386,518,3,3
386,519,3,3
386,520,3,3
386,521,3,3
386,522,3,3
386,523,3,3
386,524,3,3
386,525,3,3
386,526,3,3
386,527,3,3
386,528,3,3
386,529,3,3
386,530,3,2
386,531,3,2
386,532,3,2
386,533,3,2
386,534,3,2
386,535,3,2
386,536,3,2
386,537,3,2
386,538,3,2
386,539,3,2
386,540,3,2
386,541,3,2
386,542,3,2
386,543,3,2
386,544,3,2
386,545,3,2
386,546,3,2
386,547,3,2
386,548,3,2
386,549,3,2
386,550,3,2
386,551,3,2
386,552,3,2
386,553,3,2
386,554,3,2
386,555,3,2
386,556,3,2
386,557,3,2
386,558,3,3
386,559,3,3
386,560,3,3
386,561,3,3
386,562,3,3
386,563,3,3
386,564,3,3
386,565,3,3
386,566,3,3
386,567,3,3
386,568,3,2
386,569,3,2
386,570,3,2
386,571,3,2
386,572,3,2
386,573,3,2
386,574,3,2
386,575,3,2
386,576,3,2
386,577,3,2
386,578,3,2
386,579,3,2
386,580,3,2
386,581,3,2
386,582,3,2
386,583,3,2
386,584,3,2
386,585,3,2
386,586,3,2
386,587,3,2
386,588,3,2
386,589,3,2
386,590,3,2
386,591,3,2
386,592,3,2
386,593,3,2
386,594,3,2
386,595,3,2
386,596,3,2
386,597,3,2
386,598,3,2
386,599,3,2
386,600,3,2
386,601,3,2
386,602,3,2
386,603,3,2
386,604,3,2
386,605,3,2
386,606,3,2
386,607,3,2
386,608,3,2
386,609,3,2
386,610,3,2
386,611,3,2
386,612,3,2
386,613,3,2
386,614,3,2
386,615,3,2
386,616,3,2
386,617,3,2
386,618,3,2
386,619,3,2
386,620,3,2
386,621,3,2
386,622,3,2
386,623,3,2
386,624,3,2
386,625,3,2
386,626,3,2
386,627,3,2
386,628,3,2
386,629,3,2
386,630,3,2
386,631,3,2
386,632,3,2
386,633,3,2
386,634,3,2
386,635,3,2
386,636,3,2
386,637,3,2
386,638,3,2
386,639,3,2
386,640,3,2
386,641,3,2
386,642,3,2
386,643,3,2
386,644,3,2
386,645,3,2
386,646,3,2
386,647,3,2
386,648,3,2
386,649,3,2
386,650,3,2
386,651,3,2
386,652,3,2
386,653,3,2
386,654,3,2
386,655,3,2
386,656,3,2
386,657,3,2
386,658,3,2
386,659,3,2
386,660,3,2
386,661,3,2
386,662,3,2
386,663,3,2
386,664,3,2
386,665,3,2
386,666,3,2
386,667,3,2
386,668,3,2
386,669,3,2
386,670,3,2
386,671,3,2
386,672,3,2
386,673,3,2
386,674,3,2
386,675,3,2
387,84,3,3
387,85,3,3
387,86,3,3
387,87,3,3
387,88,3,3
387,89,3,3
387,90,3,3
387,91,3,3
387,92,3,3
387,93,3,3
387,94,3,3
387,95,3,3
387,96,3,3
387,97,3,3
387,98,3,3
387,99,3,3
387,100,3,3
387,101,3,3
387,102,3,2
387,103,3,2
387,104,3,2
387,105,3,2
387,106,3,2
387,107,3,2
387,108,3,2
387,109,3,2
387,110,3,2
387,111,3,2
387,112,3,2
387,113,3,2
387,114,3,2
387,115,3,2
387,116,3,2
387,117,3,2
387,118,3,2
387,119,3,2
387,120,3,2
387,121,3,2
387,122,3,2
387,123,3,2
387,124,3,2
387,125,3,2
387,126,3,2
387,127,3,2
387,128,3,2
387,129,3,2
387,130,3,2
387,131,3,2
387,132,3,2
387,133,3,2
387,134,3,2
387,135,3,2
387,136,3,2
387,137,3,2
387,138,3,2
387,139,3,2
387,140,3,2
387,141,3,2
387,142,3,2
387,143,3,2
387,144,3,2
387,145,3,2
387,146,3,2
387,147,3,2
387,148,3,2
387,149,3,2
387,150,3,2
387,151,3,2
387,152,3,2
387,153,3,2
387,154,3,2
387,155,3,2
387,156,3,2
387,157,3,2
387,158,3,2
387,159,3,2
387,160,3,2
387,161,3,2
387,162,3,2
387,163,3,2
387,164,3,2
387,165,3,2
387,166,3,2
387,167,3,2
387,168,3,2
387,169,3,2
387,170,3,2
387,171,3,2
387,172,3,2
387,173,3,2
387,174,3,2
387,175,3,2
387,176,3,2
387,177,3,2
387,178,3,2
387,179,3,2
387,180,3,2
387,181,3,2
387,182,3,2
387,183,3,2
387,184,3,2
387,185,3,2
387,186,3,2
387,187,3,2
387,188,3,2
387,189,3,2
387,190,3,2
387,191,3,2
387,192,3,2
387,193,3,2
387,194,3,2
387,195,3,2
387,196,3,2
387,197,3,2
387,198,3,2
387,199,3,2
387,200,3,2
387,201,3,2
387,202,3,2
387,203,3,2
387,204,3,2
387,205,3,2
387,206,3,2
387,207,3,2
387,208,3,2
387,209,3,2
387,210,3,2
387,211,3,2
387,212,3,2
387,213,3,2
387,214,3,2
387,215,3,2
387,216,3,2
387,217,3,2
387,218,3,2
387,219,3,2
387,220,3,2
387,221,3,2
387,222,3,2
387,223,3,2
387,224,3,2
387,225,3,2
387,226,3,2
387,227,3,2
387,228,3,2
387,229,3,2
387,230,3,2
387,231,3,2
387,232,3,2
387,233,3,2
387,234,3,2
387,235,3,2
387,236,3,2
387,237,3,2
387,238,3,2
387,239,3,2
387,240,3,2
387,241,3,2
387,242,3,2
387,243,3,2
387,244,3,2
387,245,3,2
387,246,3,2
387,247,3,2
387,248,3,2
387,249,3,2
387,250,3,2
387,251,3,2
387,252,3,2
387,253,3,2
387,254,3,2
387,255,3,2
387,256,3,2
387,257,3,2
387,258,3,2
387,259,3,2
387,260,3,2
387,261,3,2
387,262,3,2
387,263,3,2
387,264,3,2
387,265,3,2
387,266,3,2
387,267,3,2
387,268,3,2
387,269,3,2
387,270,3,2
387,271,3,2
387,272,3,2
387,273,3,2
387,274,3,2
387,275,3,2
387,276,3,2
387,277,3,2
387,278,3,2
387,279,3,2
387,280,3,2
387,281,3,2
387,282,3,2
387,283,3,2
387,284,3,2
387,285,3,2
387,286,3,2
387,287,3,2
387,288,3,2
387,289,3,2
387,290,3,2
387,291,3,2
387,292,3,2
387,293,3,2
387,294,3,2
387,295,3,2
387,296,3,2
387,297,3,2
387,298,3,2
387,299,3,2
387,300,3,2
387,301,3,2
387,302,3,2
387,303,3,2
387,304,3,2
387,305,3,2
387,306,3,2
387,307,3,2
387,308,3,2
387,309,3,2
387,310,3,2
387,311,3,2
387,312,3,2
387,313,3,2
387,314,3,2
387,315,3,2
387,316,3,2
387,317,3,2
387,318,3,2
387,319,3,2
387,320,3,2
387,321,3,2
387,322,3,2
387,323,3,2
387,324,3,2
387,325,3,2
387,326,3,2
387,327,3,2
387,328,3,2
387,329,3,2
387,330,3,2
387,331,3,2
387,332,3,2
387,333,3,2
387,334,3,2
387,335,3,2
387,336,3,2
387,337,3,2
387,338,3,2
387,339,3,2
387,340,3,2
387,341,3,2
387,342,3,2
387,343,3,2
387,344,3,2
387,345,3,2
387,346,3,2
387,347,3,2
387,348,3,2
387,349,3,2
387,350,3,2
387,351,3,2
387,352,3,2
387,353,3,2
387,354,3,2
387,355,3,2
387,356,3,2
387,357,3,2
387,358,3,2
387,359,3,2
387,360,3,2
387,361,3,2
387,362,3,2
387,363,3,2
387,364,3,2
387,365,3,2
387,366,3,2
387,367,3,2
387,368,3,2
387,369,3,2
387,370,3,2
387,371,3,2
387,372,3,2
387,373,3,2
387,374,3,2
387,375,3,2
387,376,3,2
387,377,3,2
387,378,3,2
387,379,3,2
387,380,3,2
387,381,3,2
387,382,3,2
387,383,3,2
387,384,3,2
387,385,3,2
387,386,3,2
387,387,3,2
387,388,3,2
387,389,3,2
387,390,3,2
387,391,3,2
387,392,3,2
387,393,3,2
387,394,3,2
387,395,3,2
387,396,3,2
387,397,3,2
387,398,3,2
387,399,3,2
387,400,3,2
387,401,3,2
387,402,3,3
387,403,3,3
387,404,3,3
387,405,3,3
387,406,3,3
387,407,3,3
387,408,3,3
387,409,3,3
387,410,3,3
387,411,3,3
387,412,3,3
387,413,3,3
387,414,3,3
387,415,3,3
387,416,3,3
387,417,3,3
387,418,3,3
387,419,3,3
387,420,3,3
387,421,3,3
387,422,3,3
387,423,3,3
387,424,3,3
387,425,3,3
387,426,3,3
387,427,3,3
387,428,3,3
387,429,3,3
387,430,3,3
387,431,3,3
387,432,3,3
387,433,3,3
387,434,3,3
387,435,3,3
387,436,3,3
387,437,3,3
387,438,3,3
387,439,3,3
387,440,3,3
387,441,3,3
387,442,3,3
387,443,3,2
387,444,3,2
387,445,3,2
387,446,3,2
387,447,3,2
387,448,3,2
387,449,3,2
387,450,3,2
387,451,3,2
387,452,3,2
387,453,3,2
387,454,3,2
387,455,3,2
387,456,3,2
387,457,3,2
387,458,3,2
387,459,3,2
387,460,3,2
387,461,3,2
387,462,3,2
387,463,3,2
387,464,3,2
387,465,3,2
387,466,3,2
387,467,3,2
387,468,3,2
387,469,3,2
387,470,3,2
387,471,3,2
387,472,3,2
387,473,3,2
387,474,3,2
387,475,3,2
387,476,3,2
387,477,3,2
387,478,3,2
387,479,3,2
387,480,3,2
387,481,3,2
387,482,3,2
387,483,3,2
387,484,3,2
387,485,3,2
387,486,3,2
387,487,3,2
387,488,3,2
387,489,3,2
387,490,3,2
387,491,3,2
387,492,3,2
387,493,3,2
387,494,3,2
387,495,3,2
387,496,3,2
387,497,3,2
387,498,3,2
387,499,3,2
387,500,3,3
387,501,3,3
387,502,3,3
387,503,3,3
387,504,3,3
387,505,3,3
387,506,3,3
387,507,3,3
387,508,3,3
387,509,3,3
387,510,3,3
387,511,3,3
387,512,3,3
387,513,3,3
387,514,3,3
387,515,3,3
387,516,3,3
387,517,3,3
387,518,3,3
387,519,3,3
387,520,3,3
387,521,3,3
387,522,3,3
387,523,3,3
387,524,3,3
387,525,3,3
387,526,3,3
387,527,3,3
387,528,3,3
387,529,3,2
387,530,3,2
387,531,3,2
387,532,3,2
387,533,3,2
387,534,3,2
387,535,3,2
387,536,3,2
387,537,3,2
387,538,3,2
387,539,3,2
387,540,3,2
387,541,3,2
387,542,3,2
387,543,3,2
387,544,3,2
387,545,3,2
387,546,3,2
387,547,3,2
387,548,3,2
387,549,3,2
387,550,3,2
387,551,3,2
387,552,3,2
387,553,3,2
387,554,3,2
387,555,3,2
387,556,3,3
387,557,3,3
387,558,3,3
387,559,3,3
387,560,3,3
387,561,3,3
387,562,3,3
387,563,3,3
387,564,3,3
387,565,3,3
387,566,3,3
387,567,3,3
387,568,3,2
387,569,3,2
387,570,3,2
387,571,3,2
387,572,3,2
387,573,3,2
387,574,3,2
387,575,3,2
387,576,3,2
387,577,3,2
387,578,3,2
387,579,3,2
387,580,3,2
387,581,3,2
387,582,3,2
387,583,3,2
387,584,3,2
387,585,3,2
387,586,3,2
387,587,3,2
387,588,3,2
387,589,3,2
387,590,3,2
387,591,3,2
387,592,3,2
387,593,3,2
387,594,3,2
387,595,3,2
387,596,3,2
387,597,3,2
387,598,3,2
387,599,3,2
387,600,3,2
387,601,3,2
387,602,3,2
387,603,3,2
387,604,3,2
387,605,3,2
387,606,3,2
387,607,3,2
387,608,3,2
387,609,3,2
387,610,3,2
387,611,3,2
387,612,3,2
387,613,3,2
387,614,3,2
387,615,3,2
387,616,3,2
387,617,3,2
387,618,3,2
387,619,3,2
387,620,3,2
387,621,3,2
387,622,3,2
387,623,3,2
387,624,3,2
387,625,3,2
387,626,3,2
387,627,3,2
387,628,3,2
387,629,3,2
387,630,3,2
387,631,3,2
387,632,3,2
387,633,3,2
387,634,3,2
387,635,3,2
387,636,3,2
387,637,3,2
387,638,3,2
387,639,3,2
387,640,3,2
387,641,3,2
387,642,3,2
387,643,3,2
387,644,3,2
387,645,3,2
387,646,3,2
387,647,3,2
387,648,3,2
387,649,3,2
387,650,3,2
387,651,3,2
387,652,3,2
387,653,3,2
387,654,3,2
387,655,3,2
387,656,3,2
387,657,3,2
387,658,3,2
387,659,3,2
387,660,3,2
387,661,3,2
387,662,3,2
387,663,3,2
387,664,3,2
387,665,3,2
387,666,3,2
387,667,3,2
387,668,3,2
387,669,3,2
387,670,3,2
387,671,3,2
387,672,3,2
387,673,3,2
387,674,3,2
387,675,3,2
388,82,3,2
388,83,3,3
388,84,3,3
388,85,3,3
388,86,3,3
388,87,3,3
388,88,3,3
388,89,3,3
388,90,3,3
388,91,3,3
388,92,3,3
388,93,3,3
388,94,3,3
388,95,3,3
388,96,3,3
388,97,3,3
388,98,3,3
388,99,3,3
388,100,3,3
388,101,3,2
388,102,3,2
388,103,3,2
388,104,3,2
388,105,3,2
388,106,3,2
388,107,3,2
388,108,3,2
388,109,3,2
388,110,3,2
388,111,3,2
388,112,3,2
388,113,3,2
388,114,3,2
388,115,3,2
388,116,3,2
388,117,3,2
388,118,3,2
388,119,3,2
388,120,3,2
388,121,3,2
388,122,3,2
388,123,3,2
388,124,3,2
388,125,3,2
388,126,3,2
388,127,3,2
388,128,3,2
388,129,3,2
388,130,3,2
388,131,3,2
388,132,3,2
388,133,3,2
388,134,3,2
388,135,3,2
388,136,3,2
388,137,3,2
388,138,3,2
388,139,3,2
388,140,3,2
388,141,3,2
388,142,3,2
388,143,3,2
388,144,3,2
388,145,3,2
388,146,3,2
388,147,3,2
388,148,3,2
388,149,3,2
388,150,3,2
388,151,3,2
388,152,3,2
388,153,3,2
388,154,3,2
388,155,3,2
388,156,3,2
388,157,3,2
388,158,3,2
388,159,3,2
388,160,3,2
388,161,3,2
388,162,3,2
388,163,3,2
388,164,3,2
388,165,3,2
388,166,3,2
388,167,3,2
388,168,3,2
388,169,3,2
388,170,3,2
388,171,3,2
388,172,3,2
388,173,3,2
388,174,3,2
388,175,3,2
388,176,3,2
388,177,3,2
388,178,3,2
388,179,3,2
388,180,3,2
388,181,3,2
388,182,3,2
388,183,3,2
388,184,3,2
388,185,3,2
388,186,3,2
388,187,3,2
388,188,3,2
388,189,3,2
388,190,3,2
388,191,3,2
388,192,3,2
388,193,3,2
388,194,3,2
388,195,3,2
388,196,3,2
388,197,3,2
388,198,3,2
388,199,3,2
388,200,3,2
388,201,3,2
388,202,3,2
388,203,3,2
388,204,3,2
388,205,3,2
388,206,3,2
388,207,3,2
388,208,3,2
388,209,3,2
388,210,3,2
388,211,3,2
388,212,3,2
388,213,3,2
388,214,3,2
388,215,3,2
388,216,3,2
388,217,3,2
388,218,3,2
388,219,3,2
388,220,3,2
388,221,3,2
388,222,3,2
388,223,3,2
388,224,3,2
388,225,3,2
388,226,3,2
388,227,3,2
388,228,3,2
388,229,3,2
388,230,3,2
388,231,3,2
388,232,3,2
388,233,3,2
388,234,3,2
388,235,3,2
388,236,3,2
388,237,3,2
388,238,3,2
388,239,3,2
388,240,3,2
388,241,3,2
388,242,3,2
388,243,3,2
388,244,3,2
388,245,3,2
388,246,3,2
388,247,3,2
388,248,3,2
388,249,3,2
388,250,3,2
388,251,3,2
388,252,3,2
388,253,3,2
388,254,3,2
388,255,3,2
388,256,3,2
388,257,3,2
388,258,3,2
388,259,3,2
388,260,3,2
388,261,3,2
388,262,3,2
388,263,3,2
388,264,3,2
388,265,3,2
388,266,3,2
388,267,3,2
388,268,3,2
388,269,3,2
388,270,3,2
388,271,3,2
388,272,3,2
388,273,3,2
388,274,3,2
388,275,3,2
388,276,3,2
388,277,3,2
388,278,3,2
388,279,3,2
388,280,3,2
388,281,3,2
388,282,3,2
388,283,3,2
388,284,3,2
388,285,3,2
388,286,3,2
388,287,3,2
388,288,3,2
388,289,3,2
388,290,3,2
388,291,3,2
388,292,3,2
388,293,3,2
388,294,3,2
388,295,3,2
388,296,3,2
388,297,3,2
388,298,3,2
388,299,3,2
388,300,3,2
388,301,3,2
388,302,3,2
388,303,3,2
388,304,3,2
388,305,3,2
388,306,3,2
388,307,3,2
388,308,3,2
388,309,3,2
388,310,3,2
388,311,3,2
388,312,3,2
388,313,3,2
388,314,3,2
388,315,3,2
388,316,3,2
388,317,3,2
388,318,3,2
388,319,3,2
388,320,3,2
388,321,3,2
388,322,3,2
388,323,3,2
388,324,3,2
388,325,3,2
388,326,3,2
388,327,3,2
388,328,3,2
388,329,3,2
388,330,3,2
388,331,3,2
388,332,3,2
388,333,3,2
388,334,3,2
388,335,3,2
388,336,3,2
388,337,3,2
388,338,3,2
388,339,3,2
388,340,3,2
388,341,3,2
388,342,3,2
388,343,3,2
388,344,3,2
388,345,3,2
388,346,3,2
388,347,3,2
388,348,3,2
388,349,3,2
388,350,3,2
388,351,3,2
388,352,3,2
388,353,3,2
388,354,3,2
388,355,3,2
388,356,3,2
388,357,3,2
388,358,3,2
388,359,3,2
388,360,3,2
388,361,3,2
388,362,3,2
388,363,3,2
388,364,3,2
388,365,3,2
388,366,3,2
388,367,3,2
388,368,3,2
388,369,3,2
388,370,3,2
388,371,3,2
388,372,3,2
388,373,3,2
388,374,3,2
388,375,3,2
388,376,3,2
388,377,3,2
388,378,3,2
388,379,3,2
388,380,3,2
388,381,3,2
388,382,3,2
388,383,3,2
388,384,3,2
388,385,3,2
388,386,3,2
388,387,3,2
388,388,3,2
388,389,3,2
388,390,3,2
388,391,3,2
388,392,3,2
388,393,3,2
388,394,3,2
388,395,3,2
388,396,3,2
388,397,3,2
388,398,3,2
388,399,3,2
388,400,3,2
388,401,3,2
388,402,3,2
388,403,3,2
388,404,3,3
388,405,3,3
388,406,3,3
388,407,3,3
388,408,3,3
388,409,3,3
388,410,3,3
388,411,3,3
388,412,3,3
388,413,3,3
388,414,3,3
388,415,3,3
388,416,3,3
388,417,3,3
388,418,3,3
388,419,3,3
388,420,3,3
388,421,3,3
388,422,3,3
388,423,3,3
388,424,3,3
388,425,3,3
388,426,3,3
388,427,3,3
388,428,3,3
388,429,3,3
388,430,3,3
388,431,3,3
388,432,3,3
388,433,3,3
388,434,3,3
388,435,3,3
388,436,3,3
388,437,3,3
388,438,3,3
388,439,3,3
388,440,3,3
388,441,3,3
388,442,3,3
388,443,3,2
388,444,3,2
388,445,3,2
388,446,3,2
388,447,3,2
388,448,3,2
388,449,3,2
388,450,3,2
388,451,3,2
388,452,3,2
388,453,3,2
388,454,3,2
388,455,3,2
388,456,3,2
388,457,3,2
388,458,3,2
388,459,3,2
388,460,3,2
388,461,3,2
388,462,3,2
388,463,3,2
388,464,3,2
388,465,3,2
388,466,3,2
388,467,3,2
388,468,3,2
388,469,3,2
388,470,3,2
388,471,3,2
388,472,3,2
388,473,3,2
388,474,3,2
388,475,3,2
388,476,3,2
388,477,3,2
388,478,3,2
388,479,3,2
388,480,3,2
388,481,3,2
388,482,3,2
388,483,3,2
388,484,3,2
388,485,3,2
388,486,3,2
388,487,3,2
388,488,3,2
388,489,3,2
388,490,3,2
388,491,3,2
388,492,3,2
388,493,3,2
388,494,3,2
388,495,3,2
388,496,3,2
388,497,3,2
388,498,3,2
388,499,3,2
388,500,3,2
388,501,3,3
388,502,3,3
388,503,3,3
388,504,3,3
388,505,3,3
388,506,3,3
388,507,3,3
388,508,3,3
388,509,3,3
388,510,3,3
388,511,3,3
388,512,3,3
388,513,3,3
388,514,3,3
388,515,3,3
388,516,3,3
388,517,3,3
388,518,3,3
388,519,3,3
388,520,3,3
388,521,3,3
388,522,3,3
388,523,3,3
388,524,3,3
388,525,3,3
388,526,3,3
388,527,3,3
388,528,3,3
388,529,3,2
388,530,3,2
388,531,3,2
388,532,3,2
388,533,3,2
388,534,3,2
388,535,3,2
388,536,3,2
388,537,3,2
388,538,3,2
388,539,3,2
388,540,3,2
388,541,3,2
388,542,3,2
388,543,3,2
388,544,3,2
388,545,3,2
388,546,3,2
388,547,3,2
388,548,3,2
388,549,3,2
388,550,3,2
388,551,3,2
388,552,3,2
388,553,3,2
388,554,3,2
388,555,3,2
388,556,3,2
388,557,3,2
388,558,3,3
388,559,3,3
388,560,3,3
388,561,3,3
388,562,3,3
388,563,3,3
388,564,3,3
388,565,3,3
388,566,3,3
388,567,3,3
388,568,3,2
388,569,3,2
388,570,3,2
388,571,3,2
388,572,3,2
388,573,3,2
388,574,3,2
388,575,3,2
388,576,3,2
388,577,3,2
388,578,3,2
388,579,3,2
388,580,3,2
388,581,3,2
388,582,3,2
388,583,3,2
388,584,3,2
388,585,3,2
388,586,3,2
388,587,3,2
388,588,3,2
388,589,3,2
388,590,3,2
388,591,3,2
388,592,3,2
388,593,3,2
388,594,3,2
388,595,3,2
388,596,3,2
388,597,3,2
388,598,3,2
388,599,3,2
388,600,3,2
388,601,3,2
388,602,3,2
388,603,3,2
388,604,3,2
388,605,3,2
388,606,3,2
388,607,3,2
388,608,3,2
388,609,3,2
388,610,3,2
388,611,3,2
388,612,3,2
388,613,3,2
388,614,3,2
388,615,3,2
388,616,3,2
388,617,3,2
388,618,3,2
388,619,3,2
388,620,3,2
388,621,3,2
388,622,3,2
388,623,3,2
388,624,3,2
388,625,3,2
388,626,3,2
388,627,3,2
388,628,3,2
388,629,3,2
388,630,3,2
388,631,3,2
388,632,3,2
388,633,3,2
388,634,3,2
388,635,3,2
388,636,3,2
388,637,3,2
388,638,3,2
388,639,3,2
388,640,3,2
388,641,3,2
388,642,3,2
388,643,3,2
388,644,3,2
388,645,3,2
388,646,3,2
388,647,3,2
388,648,3,2
388,649,3,2
388,650,3,2
388,651,3,2
388,652,3,2
388,653,3,2
388,654,3,2
388,655,3,2
388,656,3,2
388,657,3,2
388,658,3,2
388,659,3,2
388,660,3,2
388,661,3,2
388,662,3,2
388,663,3,2
388,664,3,2
388,665,3,2
388,666,3,2
388,667,3,2
388,668,3,2
388,669,3,2
388,670,3,2
388,671,3,2
388,672,3,2
388,673,3,2
388,674,3,2
388,675,3,2
389,82,3,3
389,83,3,3
389,84,3,3
389,85,3,3
389,86,3,3
389,87,3,3
389,88,3,3
389,89,3,3
389,90,3,3
389,91,3,3
389,92,3,3
389,93,3,3
389,94,3,3
389,95,3,3
389,96,3,3
389,97,3,3
389,98,3,3
389,99,3,3
389,100,3,2
389,101,3,2
389,102,3,2
389,103,3,2
389,104,3,2
389,105,3,2
389,106,3,2
389,107,3,2
389,108,3,2
389,109,3,2
389,110,3,2
389,111,3,2
389,112,3,2
389,113,3,2
389,114,3,2
389,115,3,2
389,116,3,2
389,117,3,2
389,118,3,2
389,119,3,2
389,120,3,2
389,121,3,2
389,122,3,2
389,123,3,2
389,124,3,2
389,125,3,2
389,126,3,2
389,127,3,2
389,128,3,2
389,129,3,2
389,130,3,2
389,131,3,2
389,132,3,2
389,133,3,2
389,134,3,2
389,135,3,2
389,136,3,2
389,137,3,2
389,138,3,2
389,139,3,2
389,140,3,2
389,141,3,2
389,142,3,2
389,143,3,2
389,144,3,2
389,145,3,2
389,146,3,2
389,147,3,2
389,148,3,2
389,149,3,2
389,150,3,2
389,151,3,2
389,152,3,2
389,153,3,2
389,154,3,2
389,155,3,2
389,156,3,2
389,157,3,2
389,158,3,2
389,159,3,2
389,160,3,2
389,161,3,2
389,162,3,2
389,163,3,2
389,164,3,2
389,165,3,2
389,166,3,2
389,167,3,2
389,168,3,2
389,169,3,2
389,170,3,2
389,171,3,2
389,172,3,2
389,173,3,2
389,174,3,2
389,175,3,2
389,176,3,2
389,177,3,2
389,178,3,2
389,179,3,2
389,180,3,2
389,181,3,2
389,182,3,2
389,183,3,2
389,184,3,2
389,185,3,2
389,186,3,2
389,187,3,2
389,188,3,2
389,189,3,2
389,190,3,2
389,191,3,2
389,192,3,2
389,193,3,2
389,194,3,2
389,195,3,2
389,196,3,2
389,197,3,2
389,198,3,2
389,199,3,2
389,200,3,2
389,201,3,2
389,202,3,2
389,203,3,2
389,204,3,2
389,205,3,2
389,206,3,2
389,207,3,2
389,208,3,2
389,209,3,2
389,210,3,2
389,211,3,2
389,212,3,2
389,213,3,2
389,214,3,2
389,215,3,2
389,216,3,2
389,217,3,2
389,218,3,2
389,219,3,2
389,220,3,2
389,221,3,2
389,222,3,2
389,223,3,2
389,224,3,2
389,225,3,2
389,226,3,2
389,227,3,2
389,228,3,2
389,229,3,2
389,230,3,2
389,231,3,2
389,232,3,2
389,233,3,2
389,234,3,2
389,235,3,2
389,236,3,2
389,237,3,2
389,238,3,2
389,239,3,2
389,240,3,2
389,241,3,2
389,242,3,2
389,243,3,2
389,244,3,2
389,245,3,2
389,246,3,2
389,247,3,2
389,248,3,2
389,249,3,2
389,250,3,2
389,251,3,2
389,252,3,2
389,253,3,2
389,254,3,2
389,255,3,2
389,256,3,2
389,257,3,2
389,258,3,2
389,259,3,2
389,260,3,2
389,261,3,2
389,262,3,2
389,263,3,2
389,264,3,2
389,265,3,2
389,266,3,2
389,267,3,2
389,268,3,2
389,269,3,2
389,270,3,2
389,271,3,2
389,272,3,2
389,273,3,2
389,274,3,2
389,275,3,2
389,276,3,2
389,277,3,2
389,278,3,2
389,279,3,2
389,280,3,2
389,281,3,2
389,282,3,2
389,283,3,2
389,284,3,2
389,285,3,2
389,286,3,2
389,287,3,2
389,288,3,2
389,289,3,2
389,290,3,2
389,291,3,2
389,292,3,2
389,293,3,2
389,294,3,2
389,295,3,2
389,296,3,2
389,297,3,2
389,298,3,2
389,299,3,2
389,300,3,2
389,301,3,2
389,302,3,2
389,303,3,2
389,304,3,2
389,305,3,2
389,306,3,2
389,307,3,2
389,308,3,2
389,309,3,2
389,310,3,2
389,311,3,2
389,312,3,2
389,313,3,2
389,314,3,2
389,315,3,2
389,316,3,2
389,317,3,2
389,318,3,2
389,319,3,2
389,320,3,2
389,321,3,2
389,322,3,2
389,323,3,2
389,324,3,2
389,325,3,2
389,326,3,2
389,327,3,2
389,328,3,2
389,329,3,2
389,330,3,2
389,331,3,2
389,332,3,2
389,333,3,2
389,334,3,2
389,335,3,2
389,336,3,2
389,337,3,2
389,338,3,2
389,339,3,2
389,340,3,2
389,341,3,2
389,342,3,2
389,343,3,2
389,344,3,2
389,345,3,2
389,346,3,2
389,347,3,2
389,348,3,2
389,349,3,2
389,350,3,2
389,351,3,2
389,352,3,2
389,353,3,2
389,354,3,2
389,355,3,2
389,356,3,2
389,357,3,2
389,358,3,2
389,359,3,2
389,360,3,2
389,361,3,2
389,362,3,2
389,363,3,2
389,364,3,2
389,365,3,2
389,366,3,2
389,367,3,2
389,368,3,2
389,369,3,2
389,370,3,2
389,371,3,2
389,372,3,2
389,373,3,2
389,374,3,2
389,375,3,2
389,376,3,2
389,377,3,2
389,378,3,2
389,379,3,2
389,380,3,2
389,381,3,2
389,382,3,2
389,383,3,2
389,384,3,2
389,385,3,2
389,386,3,2
389,387,3,2
389,388,3,2
389,389,3,2
389,390,3,2
389,391,3,2
389,392,3,2
389,393,3,2
389,394,3,2
389,395,3,2
389,396,3,2
389,397,3,2
389,398,3,2
389,399,3,2
389,400,3,2
389,401,3,2
389,402,3,2
389,403,3,2
389,404,3,2
389,405,3,3
389,406,3,3
389,407,3,3
389,408,3,3
389,409,3,3
389,410,3,3
389,411,3,3
389,412,3,3
389,413,3,3
389,414,3,3
389,415,3,3
389,416,3,3
389,417,3,3
389,418,3,3
389,419,3,3
389,420,3,3
389,421,3,3
389,422,3,3
389,423,3,3
389,424,3,3
389,425,3,3
389,426,3,3
389,427,3,3
389,428,3,3
389,429,3,3
389,430,3,3
389,431,3,3
389,432,3,3
389,433,3,3
389,434,3,3
389,435,3,3
389,436,3,3
389,437,3,3
389,438,3,3
389,439,3,3
389,440,3,3
389,441,3,3
389,442,3,3
389,443,3,2
389,444,3,2
389,445,3,2
389,446,3,2
389,447,3,2
389,448,3,2
389,449,3,2
389,450,3,2
389,451,3,2
389,452,3,2
389,453,3,2
389,454,3,2
389,455,3,2
389,456,3,2
389,457,3,2
389,458,3,2
389,459,3,2
389,460,3,2
389,461,3,2
389,462,3,2
389,463,3,2
389,464,3,2
389,465,3,2
389,466,3,2
389,467,3,2
389,468,3,2
389,469,3,2
389,470,3,2
389,471,3,2
389,472,3,2
389,473,3,2
389,474,3,2
389,475,3,2
389,476,3,2
389,477,3,2
389,478,3,2
389,479,3,2
389,480,3,2
389,481,3,2
389,482,3,2
389,483,3,2
389,484,3,2
389,485,3,2
389,486,3,2
389,487,3,2
389,488,3,2
389,489,3,2
389,490,3,2
389,491,3,2
389,492,3,2
389,493,3,2
389,494,3,2
389,495,3,2
389,496,3,2
389,497,3,2
389,498,3,2
389,499,3,2
389,500,3,2
389,501,3,3
389,502,3,3
389,503,3,3
389,504,3,3
389,505,3,3
389,506,3,3
389,507,3,3
389,508,3,3
389,509,3,3
389,510,3,3
389,511,3,3
389,512,3,3
389,513,3,3
389,514,3,3
389,515,3,3
389,516,3,3
389,517,3,3
389,518,3,3
389,519,3,3
389,520,3,3
389,521,3,3
389,522,3,3
389,523,3,3
389,524,3,3
389,525,3,3
389,526,3,3
389,527,3,3
389,528,3,3
389,529,3,2
389,530,3,2
389,531,3,2
389,532,3,2
389,533,3,2
389,534,3,2
389,535,3,2
389,536,3,2
389,537,3,2
389,538,3,2
389,539,3,2
389,540,3,2
389,541,3,2
389,542,3,2
389,543,3,2
389,544,3,2
389,545,3,2
389,546,3,2
389,547,3,2
389,548,3,2
389,549,3,2
389,550,3,2
389,551,3,2
389,552,3,2
389,553,3,2
389,554,3,2
389,555,3,2
389,556,3,3
389,557,3,3
389,558,3,3
389,559,3,3
389,560,3,3
389,561,3,3
389,562,3,3
389,563,3,3
389,564,3,3
389,565,3,3
389,566,3,3
389,567,3,3
389,568,3,3
389,569,3,2
389,570,3,2
389,571,3,2
389,572,3,2
389,573,3,2
389,574,3,2
389,575,3,2
389,576,3,2
389,577,3,2
389,578,3,2
389,579,3,2
389,580,3,2
389,581,3,2
389,582,3,2
389,583,3,2
389,584,3,2
389,585,3,2
389,586,3,2
389,587,3,2
389,588,3,2
389,589,3,2
389,590,3,2
389,591,3,2
389,592,3,2
389,593,3,2
389,594,3,2
389,595,3,2
389,596,3,2
389,597,3,2
389,598,3,2
389,599,3,2
389,600,3,2
389,601,3,2
389,602,3,2
389,603,3,2
389,604,3,2
389,605,3,2
389,606,3,2
389,607,3,2
389,608,3,2
389,609,3,2
389,610,3,2
389,611,3,2
389,612,3,2
389,613,3,2
389,614,3,2
389,615,3,2
389,616,3,2
389,617,3,2
389,618,3,2
389,619,3,2
389,620,3,2
389,621,3,2
389,622,3,2
389,623,3,2
389,624,3,2
389,625,3,2
389,626,3,2
389,627,3,2
389,628,3,2
389,629,3,2
389,630,3,2
389,631,3,2
389,632,3,2
389,633,3,2
389,634,3,2
389,635,3,2
389,636,3,2
389,637,3,2
389,638,3,2
389,639,3,2
389,640,3,2
389,641,3,2
389,642,3,2
389,643,3,2
389,644,3,2
389,645,3,2
389,646,3,2
389,647,3,2
389,648,3,2
389,649,3,2
389,650,3,2
389,651,3,2
389,652,3,2
389,653,3,2
389,654,3,2
389,655,3,2
389,656,3,2
389,657,3,2
389,658,3,2
389,659,3,2
389,660,3,2
389,661,3,2
389,662,3,2
389,663,3,2
389,664,3,2
389,665,3,2
389,666,3,2
389,667,3,2
389,668,3,2
389,669,3,2
389,670,3,2
389,671,3,2
389,672,3,2
389,673,3,2
389,674,3,2
389,675,3,2
390,82,3,3
390,83,3,3
390,84,3,3
390,85,3,3
390,86,3,3
390,87,3,3
390,88,3,3
390,89,3,3
390,90,3,3
390,91,3,3
390,92,3,3
390,93,3,3
390,94,3,3
390,95,3,3
390,96,3,3
390,97,3,3
390,98,3,3
390,99,3,2
390,100,3,2
390,101,3,2
390,102,3,2
390,103,3,2
390,104,3,2
390,105,3,2
390,106,3,2
390,107,3,2
390,108,3,2
390,109,3,2
390,110,3,2
390,111,3,2
390,112,3,2
390,113,3,2
390,114,3,2
390,115,3,2
390,116,3,2
390,117,3,2
390,118,3,2
390,119,3,2
390,120,3,2
390,121,3,2
390,122,3,2
390,123,3,2
390,124,3,2
390,125,3,2
390,126,3,2
390,127,3,2
390,128,3,2
390,129,3,2
390,130,3,2
390,131,3,2
390,132,3,2
390,133,3,2
390,134,3,2
390,135,3,2
390,136,3,2
390,137,3,2
390,138,3,2
390,139,3,2
390,140,3,2
390,141,3,2
390,142,3,2
390,143,3,2
390,144,3,2
390,145,3,2
390,146,3,2
390,147,3,2
390,148,3,2
390,149,3,2
390,150,3,2
390,151,3,2
390,152,3,2
390,153,3,2
390,154,3,2
390,155,3,2
390,156,3,2
390,157,3,2
390,158,3,2
390,159,3,2
390,160,3,2
390,161,3,2
390,162,3,2
390,163,3,2
390,164,3,2
390,165,3,2
390,166,3,2
390,167,3,2
390,168,3,2
390,169,3,2
390,170,3,2
390,171,3,2
390,172,3,2
390,173,3,2
390,174,3,2
390,175,3,2
390,176,3,2
390,177,3,2
390,178,3,2
390,179,3,2
390,180,3,2
390,181,3,2
390,182,3,2
390,183,3,2
390,184,3,2
390,185,3,2
390,186,3,2
390,187,3,2
390,188,3,2
390,189,3,2
390,190,3,2
390,191,3,2
390,192,3,2
390,193,3,2
390,194,3,2
390,195,3,2
390,196,3,2
390,197,3,2
390,198,3,2
390,199,3,2
390,200,3,2
390,201,3,2
390,202,3,2
390,203,3,2
390,204,3,2
390,205,3,2
390,206,3,2
390,207,3,2
390,208,3,2
390,209,3,2
390,210,3,2
390,211,3,2
390,212,3,2
390,213,3,2
390,214,3,2
390,215,3,2
390,216,3,2
390,217,3,2
390,218,3,2
390,219,3,2
390,220,3,2
390,221,3,2
390,222,3,2
390,223,3,2
390,224,3,2
390,225,3,2
390,226,3,2
390,227,3,2
390,228,3,2
390,229,3,2
390,230,3,2
390,231,3,2
390,232,3,2
390,233,3,2
390,234,3,2
390,235,3,2
390,236,3,2
390,237,3,2
390,238,3,2
390,239,3,2
390,240,3,2
390,241,3,2
390,242,3,2
390,243,3,2
390,244,3,2
390,245,3,2
390,246,3,2
390,247,3,2
390,248,3,2
390,249,3,2
390,250,3,2
390,251,3,2
390,252,3,2
390,253,3,2
390,254,3,2
390,255,3,2
390,256,3,2
390,257,3,2
390,258,3,2
390,259,3,2
390,260,3,2
390,261,3,2
390,262,3,2
390,263,3,2
390,264,3,2
390,265,3,2
390,266,3,2
390,267,3,2
390,268,3,2
390,269,3,2
390,270,3,2
390,271,3,2
390,272,3,2
390,273,3,2
390,274,3,2
390,275,3,2
390,276,3,2
390,277,3,2
390,278,3,2
390,279,3,2
390,280,3,2
390,281,3,2
390,282,3,2
390,283,3,2
390,284,3,2
390,285,3,2
390,286,3,2
390,287,3,2
390,288,3,2
390,289,3,2
390,290,3,2
390,291,3,2
390,292,3,2
390,293,3,2
390,294,3,2
390,295,3,2
390,296,3,2
390,297,3,2
390,298,3,2
390,299,3,2
390,300,3,2
390,301,3,2
390,302,3,2
390,303,3,2
390,304,3,2
390,305,3,2
390,306,3,2
390,307,3,2
390,308,3,2
390,309,3,2
390,310,3,2
390,311,3,2
390,312,3,2
390,313,3,2
390,314,3,2
390,315,3,2
390,316,3,2
390,317,3,2
390,318,3,2
390,319,3,2
390,320,3,2
390,321,3,2
390,322,3,2
390,323,3,2
390,324,3,2
390,325,3,2
390,326,3,2
390,327,3,2
390,328,3,2
390,329,3,2
390,330,3,2
390,331,3,2
390,332,3,2
390,333,3,2
390,334,3,2
390,335,3,2
390,336,3,2
390,337,3,2
390,338,3,2
390,339,3,2
390,340,3,2
390,341,3,2
390,342,3,2
390,343,3,2
390,344,3,2
390,345,3,2
390,346,3,2
390,347,3,2
390,348,3,2
390,349,3,2
390,350,3,2
390,351,3,2
390,352,3,2
390,353,3,2
390,354,3,2
390,355,3,2
390,356,3,2
390,357,3,2
390,358,3,2
390,359,3,2
390,360,3,2
390,361,3,2
390,362,3,2
390,363,3,2
390,364,3,2
390,365,3,2
390,366,3,2
390,367,3,2
390,368,3,2
390,369,3,2
390,370,3,2
390,371,3,2
390,372,3,2
390,373,3,2
390,374,3,2
390,375,3,2
390,376,3,2
390,377,3,2
390,378,3,2
390,379,3,2
390,380,3,2
390,381,3,2
390,382,3,2
390,383,3,2
390,384,3,2
390,385,3,2
390,386,3,2
390,387,3,2
390,388,3,2
390,389,3,2
390,390,3,2
390,391,3,2
390,392,3,2
390,393,3,2
390,394,3,2
390,395,3,2
390,396,3,2
390,397,3,2
390,398,3,2
390,399,3,2
390,400,3,2
390,401,3,2
390,402,3,2
390,403,3,2
390,404,3,2
390,405,3,2
390,406,3,2
390,407,3,3
390,408,3,3
390,409,3,3
390,410,3,3
390,411,3,3
390,412,3,3
390,413,3,3
390,414,3,3
390,415,3,3
390,416,3,3
390,417,3,3
390,418,3,3
390,419,3,3
390,420,3,3
390,421,3,3
390,422,3,3
390,423,3,3
390,424,3,3
390,425,3,3
390,426,3,3
390,427,3,3
390,428,3,3
390,429,3,3
390,430,3,3
390,431,3,3
390,432,3,3
390,433,3,3
390,434,3,3
390,435,3,3
390,436,3,3
390,437,3,3
390,438,3,3
390,439,3,3
390,440,3,3
390,441,3,3
390,442,3,2
390,443,3,2
390,444,3,2
390,445,3,2
390,446,3,2
390,447,3,2
390,448,3,2
390,449,3,2
390,450,3,2
390,451,3,2
390,452,3,2
390,453,3,2
390,454,3,2
390,455,3,2
390,456,3,2
390,457,3,2
390,458,3,2
390,459,3,2
390,460,3,2
390,461,3,2
390,462,3,2
390,463,3,2
390,464,3,2
390,465,3,2
390,466,3,2
390,467,3,2
390,468,3,2
390,469,3,2
390,470,3,2
390,471,3,2
390,472,3,2
390,473,3,2
390,474,3,2
390,475,3,2
390,476,3,2
390,477,3,2
390,478,3,2
390,479,3,2
390,480,3,2
390,481,3,2
390,482,3,2
390,483,3,2
390,484,3,2
390,485,3,2
390,486,3,2
390,487,3,2
390,488,3,2
390,489,3,2
390,490,3,2
390,491,3,2
390,492,3,2
390,493,3,2
390,494,3,2
390,495,3,2
390,496,3,2
390,497,3,2
390,498,3,2
390,499,3,2
390,500,3,2
390,501,3,2
390,502,3,3
390,503,3,3
390,504,3,3
390,505,3,3
390,506,3,3
390,507,3,3
390,508,3,3
390,509,3,3
390,510,3,3
390,511,3,3
390,512,3,3
390,513,3,3
390,514,3,3
390,515,3,3
390,516,3,3
390,517,3,3
390,518,3,3
390,519,3,3
390,520,3,3
390,521,3,3
390,522,3,3
390,523,3,3
390,524,3,3
390,525,3,3
390,526,3,3
390,527,3,3
390,528,3,3
390,529,3,2
390,530,3,2
390,531,3,2
390,532,3,2
390,533,3,2
390,534,3,2
390,535,3,2
390,536,3,2
390,537,3,2
390,538,3,2
390,539,3,2
390,540,3,2
390,541,3,2
390,542,3,2
390,543,3,2
390,544,3,2
390,545,3,2
390,546,3,2
390,547,3,2
390,548,3,2
390,549,3,2
390,550,3,2
390,551,3,2
390,552,3,2
390,553,3,2
390,554,3,2
390,555,3,2
390,556,3,3
390,557,3,3
390,558,3,3
390,559,3,3
390,560,3,3
390,561,3,3
390,562,3,3
390,563,3,3
390,564,3,3
390,565,3,3
390,566,3,3
390,567,3,3
390,568,3,3
390,569,3,2
390,570,3,2
390,571,3,2
390,572,3,2
390,573,3,2
390,574,3,2
390,575,3,2
390,576,3,2
390,577,3,2
390,578,3,2
390,579,3,2
390,580,3,2
390,581,3,2
390,582,3,2
390,583,3,2
390,584,3,2
390,585,3,2
390,586,3,2
390,587,3,2
390,588,3,2
390,589,3,2
390,590,3,2
390,591,3,2
390,592,3,2
390,593,3,2
390,594,3,2
390,595,3,2
390,596,3,2
390,597,3,2
390,598,3,2
390,599,3,2
390,600,3,2
390,601,3,2
390,602,3,2
390,603,3,2
390,604,3,2
390,605,3,2
390,606,3,2
390,607,3,2
390,608,3,2
390,609,3,2
390,610,3,2
390,611,3,2
390,612,3,2
390,613,3,2
390,614,3,2
390,615,3,2
390,616,3,2
390,617,3,2
390,618,3,2
390,619,3,2
390,620,3,2
390,621,3,2
390,622,3,2
390,623,3,2
390,624,3,2
390,625,3,2
390,626,3,2
390,627,3,2
390,628,3,2
390,629,3,2
390,630,3,2
390,631,3,2
390,632,3,2
390,633,3,2
390,634,3,2
390,635,3,2
390,636,3,2
390,637,3,2
390,638,3,2
390,639,3,2
390,640,3,2
390,641,3,2
390,642,3,2
390,643,3,2
390,644,3,2
390,645,3,2
390,646,3,2
390,647,3,2
390,648,3,2
390,649,3,2
390,650,3,2
390,651,3,2
390,652,3,2
390,653,3,2
390,654,3,2
390,655,3,2
390,656,3,2
390,657,3,2
390,658,3,2
390,659,3,2
390,660,3,2
390,661,3,2
390,662,3,2
390,663,3,2
390,664,3,2
390,665,3,2
390,666,3,2
390,667,3,2
390,668,3,2
390,669,3,2
390,670,3,2
390,671,3,2
390,672,3,2
390,673,3,2
390,674,3,2
390,675,3,2
391,81,3,3
391,82,3,3
391,83,3,3
391,84,3,3
391,85,3,3
391,86,3,3
391,87,3,3
391,88,3,3
391,89,3,3
391,90,3,3
391,91,3,3
391,92,3,3
391,93,3,3
391,94,3,3
391,95,3,3
391,96,3,3
391,97,3,3
391,98,3,3
391,99,3,2
391,100,3,2
391,101,3,2
391,102,3,2
391,103,3,2
391,104,3,2
391,105,3,2
391,106,3,2
391,107,3,2
391,108,3,2
391,109,3,2
391,110,3,2
391,111,3,2
391,112,3,2
391,113,3,2
391,114,3,2
391,115,3,2
391,116,3,2
391,117,3,2
391,118,3,2
391,119,3,2
391,120,3,2
391,121,3,2
391,122,3,2
391,123,3,2
391,124,3,2
391,125,3,2
391,126,3,2
391,127,3,2
391,128,3,2
391,129,3,2
391,130,3,2
391,131,3,2
391,132,3,2
391,133,3,2
391,134,3,2
391,135,3,2
391,136,3,2
391,137,3,2
391,138,3,2
391,139,3,2
391,140,3,2
391,141,3,2
391,142,3,2
391,143,3,2
391,144,3,2
391,145,3,2
391,146,3,2
391,147,3,2
391,148,3,2
391,149,3,2
391,150,3,2
391,151,3,2
391,152,3,2
391,153,3,2
391,154,3,2
391,155,3,2
391,156,3,2
391,157,3,2
391,158,3,2
391,159,3,2
391,160,3,2
391,161,3,2
391,162,3,2
391,163,3,2
391,164,3,2
391,165,3,2
391,166,3,2
391,167,3,2
391,168,3,2
391,169,3,2
391,170,3,2
391,171,3,2
391,172,3,2
391,173,3,2
391,174,3,2
391,175,3,2
391,176,3,2
391,177,3,2
391,178,3,2
391,179,3,2
391,180,3,2
391,181,3,2
391,182,3,2
391,183,3,2
391,184,3,2
391,185,3,2
391,186,3,2
391,187,3,2
391,188,3,2
391,189,3,2
391,190,3,2
391,191,3,2
391,192,3,2
391,193,3,2
391,194,3,2
391,195,3,2
391,196,3,2
391,197,3,2
391,198,3,2
391,199,3,2
391,200,3,2
391,201,3,2
391,202,3,2
391,203,3,2
391,204,3,2
391,205,3,2
391,206,3,2
391,207,3,2
391,208,3,2
391,209,3,2
391,210,3,2
391,211,3,2
391,212,3,2
391,213,3,2
391,214,3,2
391,215,3,2
391,216,3,2
391,217,3,2
391,218,3,2
391,219,3,2
391,220,3,2
391,221,3,2
391,222,3,2
391,223,3,2
391,224,3,2
391,225,3,2
391,226,3,2
391,227,3,2
391,228,3,2
391,229,3,2
391,230,3,2
391,231,3,2
391,232,3,2
391,233,3,2
391,234,3,2
391,235,3,2
391,236,3,2
391,237,3,2
391,238,3,2
391,239,3,2
391,240,3,2
391,241,3,2
391,242,3,2
391,243,3,2
391,244,3,2
391,245,3,2
391,246,3,2
391,247,3,2
391,248,3,2
391,249,3,2
391,250,3,2
391,251,3,2
391,252,3,2
391,253,3,2
391,254,3,2
391,255,3,2
391,256,3,2
391,257,3,2
391,258,3,2
391,259,3,2
391,260,3,2
391,261,3,2
391,262,3,2
391,263,3,2
391,264,3,2
391,265,3,2
391,266,3,2
391,267,3,2
391,268,3,2
391,269,3,2
391,270,3,2
391,271,3,2
391,272,3,2
391,273,3,2
391,274,3,2
391,275,3,2
391,276,3,2
391,277,3,2
391,278,3,2
391,279,3,2
391,280,3,2
391,281,3,2
391,282,3,2
391,283,3,2
391,284,3,2
391,285,3,2
391,286,3,2
391,287,3,2
391,288,3,2
391,289,3,2
391,290,3,2
391,291,3,2
391,292,3,2
391,293,3,2
391,294,3,2
391,295,3,2
391,296,3,2
391,297,3,2
391,298,3,2
391,299,3,2
391,300,3,2
391,301,3,2
391,302,3,2
391,303,3,2
391,304,3,2
391,305,3,2
391,306,3,2
391,307,3,2
391,308,3,2
391,309,3,2
391,310,3,2
391,311,3,2
391,312,3,2
391,313,3,2
391,314,3,2
391,315,3,2
391,316,3,2
391,317,3,2
391,318,3,2
391,319,3,2
391,320,3,2
391,321,3,2
391,322,3,2
391,323,3,2
391,324,3,2
391,325,3,2
391,326,3,2
391,327,3,2
391,328,3,2
391,329,3,2
391,330,3,2
391,331,3,2
391,332,3,2
391,333,3,2
391,334,3,2
391,335,3,2
391,336,3,2
391,337,3,2
391,338,3,2
391,339,3,2
391,340,3,2
391,341,3,2
391,342,3,2
391,343,3,2
391,344,3,2
391,345,3,2
391,346,3,2
391,347,3,2
391,348,3,2
391,349,3,2
391,350,3,2
391,351,3,2
391,352,3,2
391,353,3,2
391,354,3,2
391,355,3,2
391,356,3,2
391,357,3,2
391,358,3,2
391,359,3,2
391,360,3,2
391,361,3,2
391,362,3,2
391,363,3,2
391,364,3,2
391,365,3,2
391,366,3,2
391,367,3,2
391,368,3,2
391,369,3,2
391,370,3,2
391,371,3,2
391,372,3,2
391,373,3,2
391,374,3,2
391,375,3,2
391,376,3,2
391,377,3,2
391,378,3,2
391,379,3,2
391,380,3,2
391,381,3,2
391,382,3,2
391,383,3,2
391,384,3,2
391,385,3,2
391,386,3,2
391,387,3,2
391,388,3,2
391,389,3,2
391,390,3,2
391,391,3,2
391,392,3,2
391,393,3,2
391,394,3,2
391,395,3,2
391,396,3,2
391,397,3,2
391,398,3,2
391,399,3,2
391,400,3,2
391,401,3,2
391,402,3,2
391,403,3,2
391,404,3,2
391,405,3,2
391,406,3,2
391,407,3,2
391,408,3,2
391,409,3,3
391,410,3,3
391,411,3,3
391,412,3,3
391,413,3,3
391,414,3,3
391,415,3,3
391,416,3,3
391,417,3,3
391,418,3,3
391,419,3,3
391,420,3,3
391,421,3,3
391,422,3,3
391,423,3,3
391,424,3,3
391,425,3,3
391,426,3,3
391,427,3,3
391,428,3,3
391,429,3,3
391,430,3,3
391,431,3,3
391,432,3,3
391,433,3,3
391,434,3,3
391,435,3,3
391,436,3,3
391,437,3,3
391,438,3,3
391,439,3,3
391,440,3,2
391,441,3,2
391,442,3,2
391,443,3,2
391,444,3,2
391,445,3,2
391,446,3,2
391,447,3,2
391,448,3,2
391,449,3,2
391,450,3,2
391,451,3,2
391,452,3,2
391,453,3,2
391,454,3,2
391,455,3,2
391,456,3,2
391,457,3,2
391,458,3,2
391,459,3,2
391,460,3,2
391,461,3,2
391,462,3,2
391,463,3,2
391,464,3,2
391,465,3,2
391,466,3,2
391,467,3,2
391,468,3,2
391,469,3,2
391,470,3,2
391,471,3,2
391,472,3,2
391,473,3,2
391,474,3,2
391,475,3,2
391,476,3,2
391,477,3,2
391,478,3,2
391,479,3,2
391,480,3,2
391,481,3,2
391,482,3,2
391,483,3,2
391,484,3,2
391,485,3,2
391,486,3,2
391,487,3,2
391,488,3,2
391,489,3,2
391,490,3,2
391,491,3,2
391,492,3,2
391,493,3,2
391,494,3,2
391,495,3,2
391,496,3,2
391,497,3,2
391,498,3,2
391,499,3,2
391,500,3,2
391,501,3,2
391,502,3,3
391,503,3,3
391,504,3,3
391,505,3,3
391,506,3,3
391,507,3,3
391,508,3,3
391,509,3,3
391,510,3,3
391,511,3,3
391,512,3,3
391,513,3,3
391,514,3,3
391,515,3,3
391,516,3,3
391,517,3,3
391,518,3,3
391,519,3,3
391,520,3,3
391,521,3,3
391,522,3,3
391,523,3,3
391,524,3,3
391,525,3,3
391,526,3,3
391,527,3,3
391,528,3,3
391,529,3,2
391,530,3,2
391,531,3,2
391,532,3,2
391,533,3,2
391,534,3,2
391,535,3,2
391,536,3,2
391,537,3,2
391,538,3,2
391,539,3,2
391,540,3,2
391,541,3,2
391,542,3,2
391,543,3,2
391,544,3,2
391,545,3,2
391,546,3,2
391,547,3,2
391,548,3,2
391,549,3,2
391,550,3,2
391,551,3,2
391,552,3,2
391,553,3,2
391,554,3,2
391,555,3,3
391,556,3,3
391,557,3,3
391,558,3,3
391,559,3,3
391,560,3,3
391,561,3,3
391,562,3,3
391,563,3,3
391,564,3,3
391,565,3,3
391,566,3,3
391,567,3,3
391,568,3,3
391,569,3,2
391,570,3,2
391,571,3,2
391,572,3,2
391,573,3,2
391,574,3,2
391,575,3,2
391,576,3,2
391,577,3,2
391,578,3,2
391,579,3,2
391,580,3,2
391,581,3,2
391,582,3,2
391,583,3,2
391,584,3,2
391,585,3,2
391,586,3,2
391,587,3,2
391,588,3,2
391,589,3,2
391,590,3,2
391,591,3,2
391,592,3,2
391,593,3,2
391,594,3,2
391,595,3,2
391,596,3,2
391,597,3,2
391,598,3,2
391,599,3,2
391,600,3,2
391,601,3,2
391,602,3,2
391,603,3,2
391,604,3,2
391,605,3,2
391,606,3,2
391,607,3,2
391,608,3,2
391,609,3,2
391,610,3,2
391,611,3,2
391,612,3,2
391,613,3,2
391,614,3,2
391,615,3,2
391,616,3,2
391,617,3,2
391,618,3,2
391,619,3,2
391,620,3,2
391,621,3,2
391,622,3,2
391,623,3,2
391,624,3,2
391,625,3,2
391,626,3,2
391,627,3,2
391,628,3,2
391,629,3,2
391,630,3,2
391,631,3,2
391,632,3,2
391,633,3,2
391,634,3,2
391,635,3,2
391,636,3,2
391,637,3,2
391,638,3,2
391,639,3,2
391,640,3,2
391,641,3,2
391,642,3,2
391,643,3,2
391,644,3,2
391,645,3,2
391,646,3,2
391,647,3,2
391,648,3,2
391,649,3,2
391,650,3,2
391,651,3,2
391,652,3,2
391,653,3,2
391,654,3,2
391,655,3,2
391,656,3,2
391,657,3,2
391,658,3,2
391,659,3,2
391,660,3,2
391,661,3,2
391,662,3,2
391,663,3,2
391,664,3,2
391,665,3,2
391,666,3,2
391,667,3,2
391,668,3,2
391,669,3,2
391,670,3,2
391,671,3,2
391,672,3,2
391,673,3,2
391,674,3,2
391,675,3,2
392,81,3,3
392,82,3,3
392,83,3,3
392,84,3,3
392,85,3,3
392,86,3,3
392,87,3,3
392,88,3,3
392,89,3,3
392,90,3,3
392,91,3,3
392,92,3,3
392,93,3,3
392,94,3,3
392,95,3,3
392,96,3,3
392,97,3,3
392,98,3,2
392,99,3,2
392,100,3,2
392,101,3,2
392,102,3,2
392,103,3,2
392,104,3,2
392,105,3,2
392,106,3,2
392,107,3,2
392,108,3,2
392,109,3,2
392,110,3,2
392,111,3,2
392,112,3,2
392,113,3,2
392,114,3,2
392,115,3,2
392,116,3,2
392,117,3,2
392,118,3,2
392,119,3,2
392,120,3,2
392,121,3,2
392,122,3,2
392,123,3,2
392,124,3,2
392,125,3,2
392,126,3,2
392,127,3,2
392,128,3,2
392,129,3,2
392,130,3,2
392,131,3,2
392,132,3,2
392,133,3,2
392,134,3,2
392,135,3,2
392,136,3,2
392,137,3,2
392,138,3,2
392,139,3,2
392,140,3,2
392,141,3,2
392,142,3,2
392,143,3,2
392,144,3,2
392,145,3,2
392,146,3,2
392,147,3,2
392,148,3,2
392,149,3,2
392,150,3,2
392,151,3,2
392,152,3,2
392,153,3,2
392,154,3,2
392,155,3,2
392,156,3,2
392,157,3,2
392,158,3,2
392,159,3,2
392,160,3,2
392,161,3,2
392,162,3,2
392,163,3,2
392,164,3,2
392,165,3,2
392,166,3,2
392,167,3,2
392,168,3,2
392,169,3,2
392,170,3,2
392,171,3,2
392,172,3,2
392,173,3,2
392,174,3,2
392,175,3,2
392,176,3,2
392,177,3,2
392,178,3,2
392,179,3,2
392,180,3,2
392,181,3,2
392,182,3,2
392,183,3,2
392,184,3,2
392,185,3,2
392,186,3,2
392,187,3,2
392,188,3,2
392,189,3,2
392,190,3,2
392,191,3,2
392,192,3,2
392,193,3,2
392,194,3,2
392,195,3,2
392,196,3,2
392,197,3,2
392,198,3,2
392,199,3,2
392,200,3,2
392,201,3,2
392,202,3,2
392,203,3,2
392,204,3,2
392,205,3,2
392,206,3,2
392,207,3,2
392,208,3,2
392,209,3,2
392,210,3,2
392,211,3,2
392,212,3,2
392,213,3,2
392,214,3,2
392,215,3,2
392,216,3,2
392,217,3,2
392,218,3,2
392,219,3,2
392,220,3,2
392,221,3,2
392,222,3,2
392,223,3,2
392,224,3,2
392,225,3,2
392,226,3,2
392,227,3,2
392,228,3,2
392,229,3,2
392,230,3,2
392,231,3,2
392,232,3,2
392,233,3,2
392,234,3,2
392,235,3,2
392,236,3,2
392,237,3,2
392,238,3,2
392,239,3,2
392,240,3,2
392,241,3,2
392,242,3,2
392,243,3,2
392,244,3,2
392,245,3,2
392,246,3,2
392,247,3,2
392,248,3,2
392,249,3,2
392,250,3,2
392,251,3,2
392,252,3,2
392,253,3,2
392,254,3,2
392,255,3,2
392,256,3,2
392,257,3,2
392,258,3,2
392,259,3,2
392,260,3,2
392,261,3,2
392,262,3,2
392,263,3,2
392,264,3,2
392,265,3,2
392,266,3,2
392,267,3,2
392,268,3,2
392,269,3,2
392,270,3,2
392,271,3,2
392,272,3,2
392,273,3,2
392,274,3,2
392,275,3,2
392,276,3,2
392,277,3,2
392,278,3,2
392,279,3,2
392,280,3,2
392,281,3,2
392,282,3,2
392,283,3,2
392,284,3,2
392,285,3,2
392,286,3,2
392,287,3,2
392,288,3,2
392,289,3,2
392,290,3,2
392,291,3,2
392,292,3,2
392,293,3,2
392,294,3,2
392,295,3,2
392,296,3,2
392,297,3,2
392,298,3,2
392,299,3,2
392,300,3,2
392,301,3,2
392,302,3,2
392,303,3,2
392,304,3,2
392,305,3,2
392,306,3,2
392,307,3,2
392,308,3,2
392,309,3,2
392,310,3,2
392,311,3,2
392,312,3,2
392,313,3,2
392,314,3,2
392,315,3,2
392,316,3,2
392,317,3,2
392,318,3,2
392,319,3,2
392,320,3,2
392,321,3,2
392,322,3,2
392,323,3,2
392,324,3,2
392,325,3,2
392,326,3,2
392,327,3,2
392,328,3,2
392,329,3,2
392,330,3,2
392,331,3,2
392,332,3,2
392,333,3,2
392,334,3,2
392,335,3,2
392,336,3,2
392,337,3,2
392,338,3,2
392,339,3,2
392,340,3,2
392,341,3,2
392,342,3,2
392,343,3,2
392,344,3,2
392,345,3,2
392,346,3,2
392,347,3,2
392,348,3,2
392,349,3,2
392,350,3,2
392,351,3,2
392,352,3,2
392,353,3,2
392,354,3,2
392,355,3,2
392,356,3,2
392,357,3,2
392,358,3,2
392,359,3,2
392,360,3,2
392,361,3,2
392,362,3,2
392,363,3,2
392,364,3,2
392,365,3,2
392,366,3,2
392,367,3,2
392,368,3,2
392,369,3,2
392,370,3,2
392,371,3,2
392,372,3,2
392,373,3,2
392,374,3,2
392,375,3,2
392,376,3,2
392,377,3,2
392,378,3,2
392,379,3,2
392,380,3,2
392,381,3,2
392,382,3,2
392,383,3,2
392,384,3,2
392,385,3,2
392,386,3,2
392,387,3,2
392,388,3,2
392,389,3,2
392,390,3,2
392,391,3,2
392,392,3,2
392,393,3,2
392,394,3,2
392,395,3,2
392,396,3,2
392,397,3,2
392,398,3,2
392,399,3,2
392,400,3,2
392,401,3,2
392,402,3,2
392,403,3,2
392,404,3,2
392,405,3,2
392,406,3,2
392,407,3,2
392,408,3,2
392,409,3,2
392,410,3,3
392,411,3,3
392,412,3,3
392,413,3,3
392,414,3,3
392,415,3,3
392,416,3,3
392,417,3,3
392,418,3,3
392,419,3,3
392,420,3,3
392,421,3,3
392,422,3,3
392,423,3,3
392,424,3,3
392,425,3,3
392,426,3,3
392,427,3,3
392,428,3,3
392,429,3,3
392,430,3,3
392,431,3,3
392,432,3,3
392,433,3,3
392,434,3,3
392,435,3,3
392,436,3,3
392,437,3,3
392,438,3,3
392,439,3,2
392,440,3,2
392,441,3,2
392,442,3,2
392,443,3,2
392,444,3,2
392,445,3,2
392,446,3,2
392,447,3,2
392,448,3,2
392,449,3,2
392,450,3,2
392,451,3,2
392,452,3,2
392,453,3,2
392,454,3,2
392,455,3,2
392,456,3,2
392,457,3,2
392,458,3,2
392,459,3,2
392,460,3,2
392,461,3,2
392,462,3,2
392,463,3,2
392,464,3,2
392,465,3,2
392,466,3,2
392,467,3,2
392,468,3,2
392,469,3,2
392,470,3,2
392,471,3,2
392,472,3,2
392,473,3,2
392,474,3,2
392,475,3,2
392,476,3,2
392,477,3,2
392,478,3,2
392,479,3,2
392,480,3,2
392,481,3,2
392,482,3,2
392,483,3,2
392,484,3,2
392,485,3,2
392,486,3,2
392,487,3,2
392,488,3,2
392,489,3,2
392,490,3,2
392,491,3,2
392,492,3,2
392,493,3,2
392,494,3,2
392,495,3,2
392,496,3,2
392,497,3,2
392,498,3,2
392,499,3,2
392,500,3,2
392,501,3,2
392,502,3,2
392,503,3,3
392,504,3,3
392,505,3,3
392,506,3,3
392,507,3,3
392,508,3,3
392,509,3,3
392,510,3,3
392,511,3,3
392,512,3,3
392,513,3,3
392,514,3,3
392,515,3,3
392,516,3,3
392,517,3,3
392,518,3,3
392,519,3,3
392,520,3,3
392,521,3,3
392,522,3,3
392,523,3,3
392,524,3,3
392,525,3,3
392,526,3,3
392,527,3,3
392,528,3,3
392,529,3,3
392,530,3,2
392,531,3,2
392,532,3,2
392,533,3,2
392,534,3,2
392,535,3,2
392,536,3,2
392,537,3,2
392,538,3,2
392,539,3,2
392,540,3,2
392,541,3,2
392,542,3,2
392,543,3,2
392,544,3,2
392,545,3,2
392,546,3,2
392,547,3,2
392,548,3,2
392,549,3,2
392,550,3,2
392,551,3,2
392,552,3,2
392,553,3,2
392,554,3,2
392,555,3,3
392,556,3,3
392,557,3,3
392,558,3,3
392,559,3,3
392,560,3,3
392,561,3,3
392,562,3,3
392,563,3,3
392,564,3,3
392,565,3,3
392,566,3,3
392,567,3,3
392,568,3,2
392,569,3,2
392,570,3,2
392,571,3,2
392,572,3,2
392,573,3,2
392,574,3,2
392,575,3,2
392,576,3,2
392,577,3,2
392,578,3,2
392,579,3,2
392,580,3,2
392,581,3,2
392,582,3,2
392,583,3,2
392,584,3,2
392,585,3,2
392,586,3,2
392,587,3,2
392,588,3,2
392,589,3,2
392,590,3,2
392,591,3,2
392,592,3,2
392,593,3,2
392,594,3,2
392,595,3,2
392,596,3,2
392,597,3,2
392,598,3,2
392,599,3,2
392,600,3,2
392,601,3,2
392,602,3,2
392,603,3,2
392,604,3,2
392,605,3,2
392,606,3,2
392,607,3,2
392,608,3,2
392,609,3,2
392,610,3,2
392,611,3,2
392,612,3,2
392,613,3,2
392,614,3,2
392,615,3,2
392,616,3,2
392,617,3,2
392,618,3,2
392,619,3,2
392,620,3,2
392,621,3,2
392,622,3,2
392,623,3,2
392,624,3,2
392,625,3,2
392,626,3,2
392,627,3,2
392,628,3,2
392,629,3,2
392,630,3,2
392,631,3,2
392,632,3,2
392,633,3,2
392,634,3,2
392,635,3,2
392,636,3,2
392,637,3,2
392,638,3,2
392,639,3,2
392,640,3,2
392,641,3,2
392,642,3,2
392,643,3,2
392,644,3,2
392,645,3,2
392,646,3,2
392,647,3,2
392,648,3,2
392,649,3,2
392,650,3,2
392,651,3,2
392,652,3,2
392,653,3,2
392,654,3,2
392,655,3,2
392,656,3,2
392,657,3,2
392,658,3,2
392,659,3,2
392,660,3,2
392,661,3,2
392,662,3,2
392,663,3,2
392,664,3,2
392,665,3,2
392,666,3,2
392,667,3,2
392,668,3,2
392,669,3,2
392,670,3,2
392,671,3,2
392,672,3,2
392,673,3,2
392,674,3,2
392,675,3,2
393,80,3,3
393,81,3,3
393,82,3,3
393,83,3,3
393,84,3,3
393,85,3,3
393,86,3,3
393,87,3,3
393,88,3,3
393,89,3,3
393,90,3,3
393,91,3,3
393,92,3,3
393,93,3,3
393,94,3,3
393,95,3,3
393,96,3,3
393,97,3,3
393,98,3,2
393,99,3,2
393,100,3,2
393,101,3,2
393,102,3,2
393,103,3,2
393,104,3,2
393,105,3,2
393,106,3,2
393,107,3,2
393,108,3,2
393,109,3,2
393,110,3,2
393,111,3,2
393,112,3,2
393,113,3,2
393,114,3,2
393,115,3,2
393,116,3,2
393,117,3,2
393,118,3,2
393,119,3,2
393,120,3,2
393,121,3,2
393,122,3,2
393,123,3,2
393,124,3,2
393,125,3,2
393,126,3,2
393,127,3,2
393,128,3,2
393,129,3,2
393,130,3,2
393,131,3,2
393,132,3,2
393,133,3,2
393,134,3,2
393,135,3,2
393,136,3,2
393,137,3,2
393,138,3,2
393,139,3,2
393,140,3,2
393,141,3,2
393,142,3,2
393,143,3,2
393,144,3,2
393,145,3,2
393,146,3,2
393,147,3,2
393,148,3,2
393,149,3,2
393,150,3,2
393,151,3,2
393,152,3,2
393,153,3,2
393,154,3,2
393,155,3,2
393,156,3,2
393,157,3,2
393,158,3,2
393,159,3,2
393,160,3,2
393,161,3,2
393,162,3,2
393,163,3,2
393,164,3,2
393,165,3,2
393,166,3,2
393,167,3,2
393,168,3,2
393,169,3,2
393,170,3,2
393,171,3,2
393,172,3,2
393,173,3,2
393,174,3,2
393,175,3,2
393,176,3,2
393,177,3,2
393,178,3,2
393,179,3,2
393,180,3,2
393,181,3,2
393,182,3,2
393,183,3,2
393,184,3,2
393,185,3,2
393,186,3,2
393,187,3,2
393,188,3,2
393,189,3,2
393,190,3,2
393,191,3,2
393,192,3,2
393,193,3,2
393,194,3,2
393,195,3,2
393,196,3,2
393,197,3,2
393,198,3,2
393,199,3,2
393,200,3,2
393,201,3,2
393,202,3,2
393,203,3,2
393,204,3,2
393,205,3,2
393,206,3,2
393,207,3,2
393,208,3,2
393,209,3,2
393,210,3,2
393,211,3,2
393,212,3,2
393,213,3,2
393,214,3,2
393,215,3,2
393,216,3,2
393,217,3,2
393,218,3,2
393,219,3,2
393,220,3,2
393,221,3,2
393,222,3,2
393,223,3,2
393,224,3,2
393,225,3,2
393,226,3,2
393,227,3,2
393,228,3,2
393,229,3,2
393,230,3,2
393,231,3,2
393,232,3,2
393,233,3,2
393,234,3,2
393,235,3,2
393,236,3,2
393,237,3,2
393,238,3,2
393,239,3,2
393,240,3,2
393,241,3,2
393,242,3,2
393,243,3,2
393,244,3,2
393,245,3,2
393,246,3,2
393,247,3,2
393,248,3,2
393,249,3,2
393,250,3,2
393,251,3,2
393,252,3,2
393,253,3,2
393,254,3,2
393,255,3,2
393,256,3,2
393,257,3,2
393,258,3,2
393,259,3,2
393,260,3,2
393,261,3,2
393,262,3,2
393,263,3,2
393,264,3,2
393,265,3,2
393,266,3,2
393,267,3,2
393,268,3,2
393,269,3,2
393,270,3,2
393,271,3,2
393,272,3,2
393,273,3,2
393,274,3,2
393,275,3,2
393,276,3,2
393,277,3,2
393,278,3,2
393,279,3,2
393,280,3,2
393,281,3,2
393,282,3,2
393,283,3,2
393,284,3,2
393,285,3,2
393,286,3,2
393,287,3,2
393,288,3,2
393,289,3,2
393,290,3,2
393,291,3,2
393,292,3,2
393,293,3,2
393,294,3,2
393,295,3,2
393,296,3,2
393,297,3,2
393,298,3,2
393,299,3,2
393,300,3,2
393,301,3,2
393,302,3,2
393,303,3,2
393,304,3,2
393,305,3,2
393,306,3,2
393,307,3,2
393,308,3,2
393,309,3,2
393,310,3,2
393,311,3,2
393,312,3,2
393,313,3,2
393,314,3,2
393,315,3,2
393,316,3,2
393,317,3,2
393,318,3,2
393,319,3,2
393,320,3,2
393,321,3,2
393,322,3,2
393,323,3,2
393,324,3,2
393,325,3,2
393,326,3,2
393,327,3,2
393,328,3,2
393,329,3,2
393,330,3,2
393,331,3,2
393,332,3,2
393,333,3,2
393,334,3,2
393,335,3,2
393,336,3,2
393,337,3,2
393,338,3,2
393,339,3,2
393,340,3,2
393,341,3,2
393,342,3,2
393,343,3,2
393,344,3,2
393,345,3,2
393,346,3,2
393,347,3,2
393,348,3,2
393,349,3,2
393,350,3,2
393,351,3,2
393,352,3,2
393,353,3,2
393,354,3,2
393,355,3,2
393,356,3,2
393,357,3,2
393,358,3,2
393,359,3,2
393,360,3,2
393,361,3,2
393,362,3,2
393,363,3,2
393,364,3,2
393,365,3,2
393,366,3,2
393,367,3,2
393,368,3,2
393,369,3,2
393,370,3,2
393,371,3,2
393,372,3,2
393,373,3,2
393,374,3,2
393,375,3,2
393,376,3,2
393,377,3,2
393,378,3,2
393,379,3,2
393,380,3,2
393,381,3,2
393,382,3,2
393,383,3,2
393,384,3,2
393,385,3,2
393,386,3,2
393,387,3,2
393,388,3,2
393,389,3,2
393,390,3,2
393,391,3,2
393,392,3,2
393,393,3,2
393,394,3,2
393,395,3,2
393,396,3,2
393,397,3,2
393,398,3,2
393,399,3,2
393,400,3,2
393,401,3,2
393,402,3,2
393,403,3,2
393,404,3,2
393,405,3,2
393,406,3,2
393,407,3,2
393,408,3,2
393,409,3,2
393,410,3,2
393,411,3,3
393,412,3,3
393,413,3,3
393,414,3,3
393,415,3,3
393,416,3,3
393,417,3,3
393,418,3,3
393,419,3,3
393,420,3,3
393,421,3,3
393,422,3,3
393,423,3,3
393,424,3,3
393,425,3,3
393,426,3,3
393,427,3,3
393,428,3,3
393,429,3,3
393,430,3,3
393,431,3,3
393,432,3,3
393,433,3,3
393,434,3,3
393,435,3,2
393,436,3,2
393,437,3,2
393,438,3,2
393,439,3,2
393,440,3,2
393,441,3,2
393,442,3,2
393,443,3,2
393,444,3,2
393,445,3,2
393,446,3,2
393,447,3,2
393,448,3,2
393,449,3,2
393,450,3,2
393,451,3,2
393,452,3,2
393,453,3,2
393,454,3,2
393,455,3,2
393,456,3,2
393,457,3,2
393,458,3,2
393,459,3,2
393,460,3,2
393,461,3,2
393,462,3,2
393,463,3,2
393,464,3,2
393,465,3,2
393,466,3,2
393,467,3,2
393,468,3,2
393,469,3,2
393,470,3,2
393,471,3,2
393,472,3,2
393,473,3,2
393,474,3,2
393,475,3,2
393,476,3,2
393,477,3,2
393,478,3,2
393,479,3,2
393,480,3,2
393,481,3,2
393,482,3,2
393,483,3,2
393,484,3,2
393,485,3,2
393,486,3,2
393,487,3,2
393,488,3,2
393,489,3,2
393,490,3,2
393,491,3,2
393,492,3,2
393,493,3,2
393,494,3,2
393,495,3,2
393,496,3,2
393,497,3,2
393,498,3,2
393,499,3,2
393,500,3,2
393,501,3,2
393,502,3,2
393,503,3,3
393,504,3,3
393,505,3,3
393,506,3,3
393,507,3,3
393,508,3,3
393,509,3,3
393,510,3,3
393,511,3,3
393,512,3,3
393,513,3,3
393,514,3,3
393,515,3,3
393,516,3,3
393,517,3,3
393,518,3,3
393,519,3,3
393,520,3,3
393,521,3,3
393,522,3,3
393,523,3,3
393,524,3,3
393,525,3,3
393,526,3,3
393,527,3,3
393,528,3,3
393,529,3,3
393,530,3,3
393,531,3,3
393,532,3,3
393,533,3,2
393,534,3,2
393,535,3,2
393,536,3,2
393,537,3,2
393,538,3,2
393,539,3,2
393,540,3,2
393,541,3,2
393,542,3,2
393,543,3,2
393,544,3,2
393,545,3,2
393,546,3,2
393,547,3,2
393,548,3,2
393,549,3,2
393,550,3,2
393,551,3,2
393,552,3,2
393,553,3,2
393,554,3,2
393,555,3,3
393,556,3,3
393,557,3,3
393,558,3,3
393,559,3,3
393,560,3,3
393,561,3,3
393,562,3,3
393,563,3,3
393,564,3,3
393,565,3,3
393,566,3,3
393,567,3,3
393,568,3,3
393,569,3,2
393,570,3,2
393,571,3,2
393,572,3,2
393,573,3,2
393,574,3,2
393,575,3,2
393,576,3,2
393,577,3,2
393,578,3,2
393,579,3,2
393,580,3,2
393,581,3,2
393,582,3,2
393,583,3,2
393,584,3,2
393,585,3,2
393,586,3,2
393,587,3,2
393,588,3,2
393,589,3,2
393,590,3,2
393,591,3,2
393,592,3,2
393,593,3,2
393,594,3,2
393,595,3,2
393,596,3,2
393,597,3,2
393,598,3,2
393,599,3,2
393,600,3,2
393,601,3,2
393,602,3,2
393,603,3,2
393,604,3,2
393,605,3,2
393,606,3,2
393,607,3,2
393,608,3,2
393,609,3,2
393,610,3,2
393,611,3,2
393,612,3,2
393,613,3,2
393,614,3,2
393,615,3,2
393,616,3,2
393,617,3,2
393,618,3,2
393,619,3,2
393,620,3,2
393,621,3,2
393,622,3,2
393,623,3,2
393,624,3,2
393,625,3,2
393,626,3,2
393,627,3,2
393,628,3,2
393,629,3,2
393,630,3,2
393,631,3,2
393,632,3,2
393,633,3,2
393,634,3,2
393,635,3,2
393,636,3,2
393,637,3,2
393,638,3,2
393,639,3,2
393,640,3,2
393,641,3,2
393,642,3,2
393,643,3,2
393,644,3,2
393,645,3,2
393,646,3,2
393,647,3,2
393,648,3,2
393,649,3,2
393,650,3,2
393,651,3,2
393,652,3,2
393,653,3,2
393,654,3,2
393,655,3,2
393,656,3,2
393,657,3,2
393,658,3,2
393,659,3,2
393,660,3,2
393,661,3,2
393,662,3,2
393,663,3,2
393,664,3,2
393,665,3,2
393,666,3,2
393,667,3,2
393,668,3,2
393,669,3,2
393,670,3,2
393,671,3,2
393,672,3,2
393,673,3,2
393,674,3,2
393,675,3,2
394,79,3,3
394,80,3,3
394,81,3,3
394,82,3,3
394,83,3,3
394,84,3,3
394,85,3,3
394,86,3,3
394,87,3,3
394,88,3,3
394,89,3,3
394,90,3,3
394,91,3,3
394,92,3,3
394,93,3,3
394,94,3,3
394,95,3,3
394,96,3,3
394,97,3,3
394,98,3,2
394,99,3,2
394,100,3,2
394,101,3,2
394,102,3,2
394,103,3,2
394,104,3,2
394,105,3,2
394,106,3,2
394,107,3,2
394,108,3,2
394,109,3,2
394,110,3,2
394,111,3,2
394,112,3,2
394,113,3,2
394,114,3,2
394,115,3,2
394,116,3,2
394,117,3,2
394,118,3,2
394,119,3,2
394,120,3,2
394,121,3,2
394,122,3,2
394,123,3,2
394,124,3,2
394,125,3,2
394,126,3,2
394,127,3,2
394,128,3,2
394,129,3,2
394,130,3,2
394,131,3,2
394,132,3,2
394,133,3,2
394,134,3,2
394,135,3,2
394,136,3,2
394,137,3,2
394,138,3,2
394,139,3,2
394,140,3,2
394,141,3,2
394,142,3,2
394,143,3,2
394,144,3,2
394,145,3,2
394,146,3,2
394,147,3,2
394,148,3,2
394,149,3,2
394,150,3,2
394,151,3,2
394,152,3,2
394,153,3,2
394,154,3,2
394,155,3,2
394,156,3,2
394,157,3,2
394,158,3,2
394,159,3,2
394,160,3,2
394,161,3,2
394,162,3,2
394,163,3,2
394,164,3,2
394,165,3,2
394,166,3,2
394,167,3,2
394,168,3,2
394,169,3,2
394,170,3,2
394,171,3,2
394,172,3,2
394,173,3,2
394,174,3,2
394,175,3,2
394,176,3,2
394,177,3,2
394,178,3,2
394,179,3,2
394,180,3,2
394,181,3,2
394,182,3,2
394,183,3,2
394,184,3,2
394,185,3,2
394,186,3,2
394,187,3,2
394,188,3,2
394,189,3,2
394,190,3,2
394,191,3,2
394,192,3,2
394,193,3,2
394,194,3,2
394,195,3,2
394,196,3,2
394,197,3,2
394,198,3,2
394,199,3,2
394,200,3,2
394,201,3,2
394,202,3,2
394,203,3,2
394,204,3,2
394,205,3,2
394,206,3,2
394,207,3,2
394,208,3,2
394,209,3,2
394,210,3,2
394,211,3,2
394,212,3,2
394,213,3,2
394,214,3,2
394,215,3,2
394,216,3,2
394,217,3,2
394,218,3,2
394,219,3,2
394,220,3,2
394,221,3,2
394,222,3,2
394,223,3,2
394,224,3,2
394,225,3,2
394,226,3,2
394,227,3,2
394,228,3,2
394,229,3,2
394,230,3,2
394,231,3,2
394,232,3,2
394,233,3,2
394,234,3,2
394,235,3,2
394,236,3,2
394,237,3,2
394,238,3,2
394,239,3,2
394,240,3,2
394,241,3,2
394,242,3,2
394,243,3,2
394,244,3,2
394,245,3,2
394,246,3,2
394,247,3,2
394,248,3,2
394,249,3,2
394,250,3,2
394,251,3,2
394,252,3,2
394,253,3,2
394,254,3,2
394,255,3,2
394,256,3,2
394,257,3,2
394,258,3,2
394,259,3,2
394,260,3,2
394,261,3,2
394,262,3,2
394,263,3,2
394,264,3,2
394,265,3,2
394,266,3,2
394,267,3,2
394,268,3,2
394,269,3,2
394,270,3,2
394,271,3,2
394,272,3,2
394,273,3,2
394,274,3,2
394,275,3,2
394,276,3,2
394,277,3,2
394,278,3,2
394,279,3,2
394,280,3,2
394,281,3,2
394,282,3,2
394,283,3,2
394,284,3,2
394,285,3,2
394,286,3,2
394,287,3,2
394,288,3,2
394,289,3,2
394,290,3,2
394,291,3,2
394,292,3,2
394,293,3,2
394,294,3,2
394,295,3,2
394,296,3,2
394,297,3,2
394,298,3,2
394,299,3,2
394,300,3,2
394,301,3,2
394,302,3,2
394,303,3,2
394,304,3,2
394,305,3,2
394,306,3,2
394,307,3,2
394,308,3,2
394,309,3,2
394,310,3,2
394,311,3,2
394,312,3,2
394,313,3,2
394,314,3,2
394,315,3,2
394,316,3,2
394,317,3,2
394,318,3,2
394,319,3,2
394,320,3,2
394,321,3,2
394,322,3,2
394,323,3,2
394,324,3,2
394,325,3,2
394,326,3,2
394,327,3,2
394,328,3,2
394,329,3,2
394,330,3,2
394,331,3,2
394,332,3,2
394,333,3,2
394,334,3,2
394,335,3,2
394,336,3,2
394,337,3,2
394,338,3,2
394,339,3,2
394,340,3,2
394,341,3,2
394,342,3,2
394,343,3,2
394,344,3,2
394,345,3,2
394,346,3,2
394,347,3,2
394,348,3,2
394,349,3,2
394,350,3,2
394,351,3,2
394,352,3,2
394,353,3,2
394,354,3,2
394,355,3,2
394,356,3,2
394,357,3,2
394,358,3,2
394,359,3,2
394,360,3,2
394,361,3,2
394,362,3,2
394,363,3,2
394,364,3,2
394,365,3,2
394,366,3,2
394,367,3,2
394,368,3,2
394,369,3,2
394,370,3,2
394,371,3,2
394,372,3,2
394,373,3,2
394,374,3,2
394,375,3,2
394,376,3,2
394,377,3,2
394,378,3,2
394,379,3,2
394,380,3,2
394,381,3,2
394,382,3,2
394,383,3,2
394,384,3,2
394,385,3,2
394,386,3,2
394,387,3,2
394,388,3,2
394,389,3,2
394,390,3,2
394,391,3,2
394,392,3,2
394,393,3,2
394,394,3,2
394,395,3,2
394,396,3,2
394,397,3,2
394,398,3,2
394,399,3,2
394,400,3,2
394,401,3,2
394,402,3,2
394,403,3,2
394,404,3,2
394,405,3,2
394,406,3,2
394,407,3,2
394,408,3,2
394,409,3,2
394,410,3,2
394,411,3,2
394,412,3,3
394,413,3,3
394,414,3,3
394,415,3,3
394,416,3,3
394,417,3,3
394,418,3,3
394,419,3,3
394,420,3,3
394,421,3,3
394,422,3,3
394,423,3,3
394,424,3,3
394,425,3,3
394,426,3,3
394,427,3,3
394,428,3,3
394,429,3,3
394,430,3,3
394,431,3,3
394,432,3,2
394,433,3,2
394,434,3,2
394,435,3,2
394,436,3,2
394,437,3,2
394,438,3,2
394,439,3,2
394,440,3,2
394,441,3,2
394,442,3,2
394,443,3,2
394,444,3,2
394,445,3,2
394,446,3,2
394,447,3,2
394,448,3,2
394,449,3,2
394,450,3,2
394,451,3,2
394,452,3,2
394,453,3,2
394,454,3,2
394,455,3,2
394,456,3,2
394,457,3,2
394,458,3,2
394,459,3,2
394,460,3,2
394,461,3,2
394,462,3,2
394,463,3,2
394,464,3,2
394,465,3,2
394,466,3,2
394,467,3,2
394,468,3,2
394,469,3,2
394,470,3,2
394,471,3,2
394,472,3,2
394,473,3,2
394,474,3,2
394,475,3,2
394,476,3,2
394,477,3,2
394,478,3,2
394,479,3,2
394,480,3,2
394,481,3,2
394,482,3,2
394,483,3,2
394,484,3,2
394,485,3,2
394,486,3,2
394,487,3,2
394,488,3,2
394,489,3,2
394,490,3,2
394,491,3,2
394,492,3,2
394,493,3,2
394,494,3,2
394,495,3,2
394,496,3,2
394,497,3,2
394,498,3,2
394,499,3,2
394,500,3,2
394,501,3,2
394,502,3,2
394,503,3,3
394,504,3,3
394,505,3,3
394,506,3,3
394,507,3,3
394,508,3,3
394,509,3,3
394,510,3,3
394,511,3,3
394,512,3,3
394,513,3,3
394,514,3,3
394,515,3,3
394,516,3,3
394,517,3,3
394,518,3,3
394,519,3,3
394,520,3,3
394,521,3,3
394,522,3,3
394,523,3,3
394,524,3,3
394,525,3,3
394,526,3,3
394,527,3,3
394,528,3,3
394,529,3,3
394,530,3,3
394,531,3,3
394,532,3,3
394,533,3,3
394,534,3,3
394,535,3,3
394,536,3,3
394,537,3,3
394,538,3,2
394,539,3,3
394,540,3,3
394,541,3,3
394,542,3,3
394,543,3,3
394,544,3,2
394,545,3,2
394,546,3,2
394,547,3,2
394,548,3,2
394,549,3,2
394,550,3,2
394,551,3,2
394,552,3,2
394,553,3,2
394,554,3,2
394,555,3,3
394,556,3,3
394,557,3,3
394,558,3,3
394,559,3,3
394,560,3,3
394,561,3,3
394,562,3,3
394,563,3,3
394,564,3,3
394,565,3,3
394,566,3,3
394,567,3,3
394,568,3,2
394,569,3,2
394,570,3,2
394,571,3,2
394,572,3,2
394,573,3,2
394,574,3,2
394,575,3,2
394,576,3,2
394,577,3,2
394,578,3,2
394,579,3,2
394,580,3,2
394,581,3,2
394,582,3,2
394,583,3,2
394,584,3,2
394,585,3,2
394,586,3,2
394,587,3,2
394,588,3,2
394,589,3,2
394,590,3,2
394,591,3,2
394,592,3,2
394,593,3,2
394,594,3,2
394,595,3,2
394,596,3,2
394,597,3,2
394,598,3,2
394,599,3,2
394,600,3,2
394,601,3,2
394,602,3,2
394,603,3,2
394,604,3,2
394,605,3,2
394,606,3,2
394,607,3,2
394,608,3,2
394,609,3,2
394,610,3,2
394,611,3,2
394,612,3,2
394,613,3,2
394,614,3,2
394,615,3,2
394,616,3,2
394,617,3,2
394,618,3,2
394,619,3,2
394,620,3,2
394,621,3,2
394,622,3,2
394,623,3,2
394,624,3,2
394,625,3,2
394,626,3,2
394,627,3,2
394,628,3,2
394,629,3,2
394,630,3,2
394,631,3,2
394,632,3,2
394,633,3,2
394,634,3,2
394,635,3,2
394,636,3,2
394,637,3,2
394,638,3,2
394,639,3,2
394,640,3,2
394,641,3,2
394,642,3,2
394,643,3,2
394,644,3,2
394,645,3,2
394,646,3,2
394,647,3,2
394,648,3,2
394,649,3,2
394,650,3,2
394,651,3,2
394,652,3,2
394,653,3,2
394,654,3,2
394,655,3,2
394,656,3,2
394,657,3,2
394,658,3,2
394,659,3,2
394,660,3,2
394,661,3,2
394,662,3,2
394,663,3,2
394,664,3,2
394,665,3,2
394,666,3,2
394,667,3,2
394,668,3,2
394,669,3,2
394,670,3,2
394,671,3,2
394,672,3,2
394,673,3,2
394,674,3,2
394,675,3,2
395,78,3,3
395,79,3,3
395,80,3,3
395,81,3,3
395,82,3,3
395,83,3,3
395,84,3,3
395,85,3,3
395,86,3,3
395,87,3,3
395,88,3,3
395,89,3,3
395,90,3,3
395,91,3,3
395,92,3,3
395,93,3,3
395,94,3,3
395,95,3,3
395,96,3,3
395,97,3,3
395,98,3,2
395,99,3,2
395,100,3,2
395,101,3,2
395,102,3,2
395,103,3,2
395,104,3,2
395,105,3,2
395,106,3,2
395,107,3,2
395,108,3,2
395,109,3,2
395,110,3,2
395,111,3,2
395,112,3,2
395,113,3,2
395,114,3,2
395,115,3,2
395,116,3,2
395,117,3,2
395,118,3,2
395,119,3,2
395,120,3,2
395,121,3,2
395,122,3,2
395,123,3,2
395,124,3,2
395,125,3,2
395,126,3,2
395,127,3,2
395,128,3,2
395,129,3,2
395,130,3,2
395,131,3,2
395,132,3,2
395,133,3,2
395,134,3,2
395,135,3,2
395,136,3,2
395,137,3,2
395,138,3,2
395,139,3,2
395,140,3,2
395,141,3,2
395,142,3,2
395,143,3,2
395,144,3,2
395,145,3,2
395,146,3,2
395,147,3,2
395,148,3,2
395,149,3,2
395,150,3,2
395,151,3,2
395,152,3,2
395,153,3,2
395,154,3,2
395,155,3,2
395,156,3,2
395,157,3,2
395,158,3,2
395,159,3,2
395,160,3,2
395,161,3,2
395,162,3,2
395,163,3,2
395,164,3,2
395,165,3,2
395,166,3,2
395,167,3,2
395,168,3,2
395,169,3,2
395,170,3,2
395,171,3,2
395,172,3,2
395,173,3,2
395,174,3,2
395,175,3,2
395,176,3,2
395,177,3,2
395,178,3,2
395,179,3,2
395,180,3,2
395,181,3,2
395,182,3,2
395,183,3,2
395,184,3,2
395,185,3,2
395,186,3,2
395,187,3,2
395,188,3,2
395,189,3,2
395,190,3,2
395,191,3,2
395,192,3,2
395,193,3,2
395,194,3,2
395,195,3,2
395,196,3,2
395,197,3,2
395,198,3,2
395,199,3,2
395,200,3,2
395,201,3,2
395,202,3,2
395,203,3,2
395,204,3,2
395,205,3,2
395,206,3,2
395,207,3,2
395,208,3,2
395,209,3,2
395,210,3,2
395,211,3,2
395,212,3,2
395,213,3,2
395,214,3,2
395,215,3,2
395,216,3,2
395,217,3,2
395,218,3,2
395,219,3,2
395,220,3,2
395,221,3,2
395,222,3,2
395,223,3,2
395,224,3,2
395,225,3,2
395,226,3,2
395,227,3,2
395,228,3,2
395,229,3,2
395,230,3,2
395,231,3,2
395,232,3,2
395,233,3,2
395,234,3,2
395,235,3,2
395,236,3,2
395,237,3,2
395,238,3,2
395,239,3,2
395,240,3,2
395,241,3,2
395,242,3,2
395,243,3,2
395,244,3,2
395,245,3,2
395,246,3,2
395,247,3,2
395,248,3,2
395,249,3,2
395,250,3,2
395,251,3,2
395,252,3,2
395,253,3,2
395,254,3,2
395,255,3,2
395,256,3,2
395,257,3,2
395,258,3,2
395,259,3,2
395,260,3,2
395,261,3,2
395,262,3,2
395,263,3,2
395,264,3,2
395,265,3,2
395,266,3,2
395,267,3,2
395,268,3,2
395,269,3,2
395,270,3,2
395,271,3,2
395,272,3,2
395,273,3,2
395,274,3,2
395,275,3,2
395,276,3,2
395,277,3,2
395,278,3,2
395,279,3,2
395,280,3,2
395,281,3,2
395,282,3,2
395,283,3,2
395,284,3,2
395,285,3,2
395,286,3,2
395,287,3,2
395,288,3,2
395,289,3,2
395,290,3,2
395,291,3,2
395,292,3,2
395,293,3,2
395,294,3,2
395,295,3,2
395,296,3,2
395,297,3,2
395,298,3,2
395,299,3,2
395,300,3,2
395,301,3,2
395,302,3,2
395,303,3,2
395,304,3,2
395,305,3,2
395,306,3,2
395,307,3,2
395,308,3,2
395,309,3,2
395,310,3,2
395,311,3,2
395,312,3,2
395,313,3,2
395,314,3,2
395,315,3,2
395,316,3,2
395,317,3,2
395,318,3,2
395,319,3,2
395,320,3,2
395,321,3,2
395,322,3,2
395,323,3,2
395,324,3,2
395,325,3,2
395,326,3,2
395,327,3,2
395,328,3,2
395,329,3,2
395,330,3,2
395,331,3,2
395,332,3,2
395,333,3,2
395,334,3,2
395,335,3,2
395,336,3,2
395,337,3,2
395,338,3,2
395,339,3,2
395,340,3,2
395,341,3,2
395,342,3,2
395,343,3,2
395,344,3,2
395,345,3,2
395,346,3,2
395,347,3,2
395,348,3,2
395,349,3,2
395,350,3,2
395,351,3,2
395,352,3,2
395,353,3,2
395,354,3,2
395,355,3,2
395,356,3,2
395,357,3,2
395,358,3,2
395,359,3,2
395,360,3,2
395,361,3,2
395,362,3,2
395,363,3,2
395,364,3,2
395,365,3,2
395,366,3,2
395,367,3,2
395,368,3,2
395,369,3,2
395,370,3,2
395,371,3,2
395,372,3,2
395,373,3,2
395,374,3,2
395,375,3,2
395,376,3,2
395,377,3,2
395,378,3,2
395,379,3,2
395,380,3,2
395,381,3,2
395,382,3,2
395,383,3,2
395,384,3,2
395,385,3,2
395,386,3,2
395,387,3,2
395,388,3,2
395,389,3,2
395,390,3,2
395,391,3,2
395,392,3,2
395,393,3,2
395,394,3,2
395,395,3,2
395,396,3,2
395,397,3,2
395,398,3,2
395,399,3,2
395,400,3,2
395,401,3,2
395,402,3,2
395,403,3,2
395,404,3,2
395,405,3,2
395,406,3,2
395,407,3,2
395,408,3,2
395,409,3,2
395,410,3,2
395,411,3,2
395,412,3,2
395,413,3,2
395,414,3,3
395,415,3,3
395,416,3,3
395,417,3,3
395,418,3,3
395,419,3,3
395,420,3,3
395,421,3,3
395,422,3,3
395,423,3,3
395,424,3,2
395,425,3,2
395,426,3,2
395,427,3,2
395,428,3,2
395,429,3,2
395,430,3,2
395,431,3,2
395,432,3,2
395,433,3,2
395,434,3,2
395,435,3,2
395,436,3,2
395,437,3,2
395,438,3,2
395,439,3,2
395,440,3,2
395,441,3,2
395,442,3,2
395,443,3,2
395,444,3,2
395,445,3,2
395,446,3,2
395,447,3,2
395,448,3,2
395,449,3,2
395,450,3,2
395,451,3,2
395,452,3,2
395,453,3,2
395,454,3,2
395,455,3,2
395,456,3,2
395,457,3,2
395,458,3,2
395,459,3,2
395,460,3,2
395,461,3,2
395,462,3,2
395,463,3,2
395,464,3,2
395,465,3,2
395,466,3,2
395,467,3,2
395,468,3,2
395,469,3,2
395,470,3,2
395,471,3,2
395,472,3,2
395,473,3,2
395,474,3,2
395,475,3,2
395,476,3,2
395,477,3,2
395,478,3,2
395,479,3,2
395,480,3,2
395,481,3,2
395,482,3,2
395,483,3,2
395,484,3,2
395,485,3,2
395,486,3,2
395,487,3,2
395,488,3,2
395,489,3,2
395,490,3,2
395,491,3,2
395,492,3,2
395,493,3,2
395,494,3,2
395,495,3,2
395,496,3,2
395,497,3,2
395,498,3,2
395,499,3,2
395,500,3,2
395,501,3,2
395,502,3,2
395,503,3,3
395,504,3,3
395,505,3,3
395,506,3,3
395,507,3,3
395,508,3,3
395,509,3,3
395,510,3,3
395,511,3,3
395,512,3,3
395,513,3,3
395,514,3,3
395,515,3,3
395,516,3,3
395,517,3,3
395,518,3,3
395,519,3,3
395,520,3,3
395,521,3,3
395,522,3,3
395,523,3,3
395,524,3,3
395,525,3,3
395,526,3,3
395,527,3,3
395,528,3,3
395,529,3,3
395,530,3,3
395,531,3,3
395,532,3,3
395,533,3,3
395,534,3,3
395,535,3,3
395,536,3,3
395,537,3,3
395,538,3,3
395,539,3,3
395,540,3,3
395,541,3,3
395,542,3,3
395,543,3,3
395,544,3,2
395,545,3,2
395,546,3,2
395,547,3,2
395,548,3,2
395,549,3,2
395,550,3,2
395,551,3,2
395,552,3,2
395,553,3,2
395,554,3,2
395,555,3,3
395,556,3,3
395,557,3,3
395,558,3,3
395,559,3,3
395,560,3,3
395,561,3,3
395,562,3,3
395,563,3,3
395,564,3,3
395,565,3,3
395,566,3,2
395,567,3,3
395,568,3,2
395,569,3,2
395,570,3,2
395,571,3,2
395,572,3,2
395,573,3,2
395,574,3,2
395,575,3,2
395,576,3,2
395,577,3,2
395,578,3,2
395,579,3,2
395,580,3,2
395,581,3,2
395,582,3,2
395,583,3,2
395,584,3,2
395,585,3,2
395,586,3,2
395,587,3,2
395,588,3,2
395,589,3,2
395,590,3,2
395,591,3,2
395,592,3,2
395,593,3,2
395,594,3,2
395,595,3,2
395,596,3,2
395,597,3,2
395,598,3,2
395,599,3,2
395,600,3,2
395,601,3,2
395,602,3,2
395,603,3,2
395,604,3,2
395,605,3,2
395,606,3,2
395,607,3,2
395,608,3,2
395,609,3,2
395,610,3,2
395,611,3,2
395,612,3,2
395,613,3,2
395,614,3,2
395,615,3,2
395,616,3,2
395,617,3,2
395,618,3,2
395,619,3,2
395,620,3,2
395,621,3,2
395,622,3,2
395,623,3,2
395,624,3,2
395,625,3,2
395,626,3,2
395,627,3,2
395,628,3,2
395,629,3,2
395,630,3,2
395,631,3,2
395,632,3,2
395,633,3,2
395,634,3,2
395,635,3,2
395,636,3,2
395,637,3,2
395,638,3,2
395,639,3,2
395,640,3,2
395,641,3,2
395,642,3,2
395,643,3,2
395,644,3,2
395,645,3,2
395,646,3,2
395,647,3,2
395,648,3,2
395,649,3,2
395,650,3,2
395,651,3,2
395,652,3,2
395,653,3,2
395,654,3,2
395,655,3,2
395,656,3,2
395,657,3,2
395,658,3,2
395,659,3,2
395,660,3,2
395,661,3,2
395,662,3,2
395,663,3,2
395,664,3,2
395,665,3,2
395,666,3,2
395,667,3,2
395,668,3,2
395,669,3,2
395,670,3,2
395,671,3,2
395,672,3,2
395,673,3,2
395,674,3,2
395,675,3,2
396,77,3,3
396,78,3,3
396,79,3,3
396,80,3,3
396,81,3,3
396,82,3,3
396,83,3,3
396,84,3,3
396,85,3,3
396,86,3,3
396,87,3,3
396,88,3,3
396,89,3,3
396,90,3,3
396,91,3,3
396,92,3,3
396,93,3,3
396,94,3,3
396,95,3,3
396,96,3,3
396,97,3,3
396,98,3,2
396,99,3,2
396,100,3,2
396,101,3,2
396,102,3,2
396,103,3,2
396,104,3,2
396,105,3,2
396,106,3,2
396,107,3,2
396,108,3,2
396,109,3,2
396,110,3,2
396,111,3,2
396,112,3,2
396,113,3,2
396,114,3,2
396,115,3,2
396,116,3,2
396,117,3,2
396,118,3,2
396,119,3,2
396,120,3,2
396,121,3,2
396,122,3,2
396,123,3,2
396,124,3,2
396,125,3,2
396,126,3,2
396,127,3,2
396,128,3,2
396,129,3,2
396,130,3,2
396,131,3,2
396,132,3,2
396,133,3,2
396,134,3,2
396,135,3,2
396,136,3,2
396,137,3,2
396,138,3,2
396,139,3,2
396,140,3,2
396,141,3,2
396,142,3,2
396,143,3,2
396,144,3,2
396,145,3,2
396,146,3,2
396,147,3,2
396,148,3,2
396,149,3,2
396,150,3,2
396,151,3,2
396,152,3,2
396,153,3,2
396,154,3,2
396,155,3,2
396,156,3,2
396,157,3,2
396,158,3,2
396,159,3,2
396,160,3,2
396,161,3,2
396,162,3,2
396,163,3,2
396,164,3,2
396,165,3,2
396,166,3,2
396,167,3,2
396,168,3,2
396,169,3,2
396,170,3,2
396,171,3,2
396,172,3,2
396,173,3,2
396,174,3,2
396,175,3,2
396,176,3,2
396,177,3,2
396,178,3,2
396,179,3,2
396,180,3,2
396,181,3,2
396,182,3,2
396,183,3,2
396,184,3,2
396,185,3,2
396,186,3,2
396,187,3,2
396,188,3,2
396,189,3,2
396,190,3,2
396,191,3,2
396,192,3,2
396,193,3,2
396,194,3,2
396,195,3,2
396,196,3,2
396,197,3,2
396,198,3,2
396,199,3,2
396,200,3,2
396,201,3,2
396,202,3,2
396,203,3,2
396,204,3,2
396,205,3,2
396,206,3,2
396,207,3,2
396,208,3,2
396,209,3,2
396,210,3,2
396,211,3,2
396,212,3,2
396,213,3,2
396,214,3,2
396,215,3,2
396,216,3,2
396,217,3,2
396,218,3,2
396,219,3,2
396,220,3,2
396,221,3,2
396,222,3,2
396,223,3,2
396,224,3,2
396,225,3,2
396,226,3,2
396,227,3,2
396,228,3,2
396,229,3,2
396,230,3,2
396,231,3,2
396,232,3,2
396,233,3,2
396,234,3,2
396,235,3,2
396,236,3,2
396,237,3,2
396,238,3,2
396,239,3,2
396,240,3,2
396,241,3,2
396,242,3,2
396,243,3,2
396,244,3,2
396,245,3,2
396,246,3,2
396,247,3,2
396,248,3,2
396,249,3,2
396,250,3,2
396,251,3,2
396,252,3,2
396,253,3,2
396,254,3,2
396,255,3,2
396,256,3,2
396,257,3,2
396,258,3,2
396,259,3,2
396,260,3,2
396,261,3,2
396,262,3,2
396,263,3,2
396,264,3,2
396,265,3,2
396,266,3,2
396,267,3,2
396,268,3,2
396,269,3,2
396,270,3,2
396,271,3,2
396,272,3,2
396,273,3,2
396,274,3,2
396,275,3,2
396,276,3,2
396,277,3,2
396,278,3,2
396,279,3,2
396,280,3,2
396,281,3,2
396,282,3,2
396,283,3,2
396,284,3,2
396,285,3,2
396,286,3,2
396,287,3,2
396,288,3,2
396,289,3,2
396,290,3,2
396,291,3,2
396,292,3,2
396,293,3,2
396,294,3,2
396,295,3,2
396,296,3,2
396,297,3,2
396,298,3,2
396,299,3,2
396,300,3,2
396,301,3,2
396,302,3,2
396,303,3,2
396,304,3,2
396,305,3,2
396,306,3,2
396,307,3,2
396,308,3,2
396,309,3,2
396,310,3,2
396,311,3,2
396,312,3,2
396,313,3,2
396,314,3,2
396,315,3,2
396,316,3,2
396,317,3,2
396,318,3,2
396,319,3,2
396,320,3,2
396,321,3,2
396,322,3,2
396,323,3,2
396,324,3,2
396,325,3,2
396,326,3,2
396,327,3,2
396,328,3,2
396,329,3,2
396,330,3,2
396,331,3,2
396,332,3,2
396,333,3,2
396,334,3,2
396,335,3,2
396,336,3,2
396,337,3,2
396,338,3,2
396,339,3,2
396,340,3,2
396,341,3,2
396,342,3,2
396,343,3,2
396,344,3,2
396,345,3,2
396,346,3,2
396,347,3,2
396,348,3,2
396,349,3,2
396,350,3,2
396,351,3,2
396,352,3,2
396,353,3,2
396,354,3,2
396,355,3,2
396,356,3,2
396,357,3,2
396,358,3,2
396,359,3,2
396,360,3,2
396,361,3,2
396,362,3,2
396,363,3,2
396,364,3,2
396,365,3,2
396,366,3,2
396,367,3,2
396,368,3,2
396,369,3,2
396,370,3,2
396,371,3,2
396,372,3,2
396,373,3,2
396,374,3,2
396,375,3,2
396,376,3,2
396,377,3,2
396,378,3,2
396,379,3,2
396,380,3,2
396,381,3,2
396,382,3,2
396,383,3,2
396,384,3,2
396,385,3,2
396,386,3,2
396,387,3,2
396,388,3,2
396,389,3,2
396,390,3,2
396,391,3,2
396,392,3,2
396,393,3,2
396,394,3,2
396,395,3,2
396,396,3,2
396,397,3,2
396,398,3,2
396,399,3,2
396,400,3,2
396,401,3,2
396,402,3,2
396,403,3,2
396,404,3,2
396,405,3,2
396,406,3,2
396,407,3,2
396,408,3,2
396,409,3,2
396,410,3,2
396,411,3,2
396,412,3,2
396,413,3,2
396,414,3,2
396,415,3,2
396,416,3,2
396,417,3,2
396,418,3,2
396,419,3,2
396,420,3,2
396,421,3,2
396,422,3,2
396,423,3,2
396,424,3,2
396,425,3,2
396,426,3,2
396,427,3,2
396,428,3,2
396,429,3,2
396,430,3,2
396,431,3,2
396,432,3,2
396,433,3,2
396,434,3,2
396,435,3,2
396,436,3,2
396,437,3,2
396,438,3,2
396,439,3,2
396,440,3,2
396,441,3,2
396,442,3,2
396,443,3,2
396,444,3,2
396,445,3,2
396,446,3,2
396,447,3,2
396,448,3,2
396,449,3,2
396,450,3,2
396,451,3,2
396,452,3,2
396,453,3,2
396,454,3,2
396,455,3,2
396,456,3,2
396,457,3,2
396,458,3,2
396,459,3,2
396,460,3,2
396,461,3,2
396,462,3,2
396,463,3,2
396,464,3,2
396,465,3,2
396,466,3,2
396,467,3,2
396,468,3,2
396,469,3,2
396,470,3,2
396,471,3,2
396,472,3,2
396,473,3,2
396,474,3,2
396,475,3,2
396,476,3,2
396,477,3,2
396,478,3,2
396,479,3,2
396,480,3,2
396,481,3,2
396,482,3,2
396,483,3,2
396,484,3,2
396,485,3,2
396,486,3,2
396,487,3,2
396,488,3,2
396,489,3,2
396,490,3,2
396,491,3,2
396,492,3,2
396,493,3,2
396,494,3,2
396,495,3,2
396,496,3,2
396,497,3,2
396,498,3,2
396,499,3,2
396,500,3,2
396,501,3,2
396,502,3,2
396,503,3,3
396,504,3,3
396,505,3,3
396,506,3,3
396,507,3,3
396,508,3,3
396,509,3,3
396,510,3,3
396,511,3,3
396,512,3,3
396,513,3,3
396,514,3,3
396,515,3,3
396,516,3,3
396,517,3,3
396,518,3,3
396,519,3,3
396,520,3,3
396,521,3,3
396,522,3,3
396,523,3,3
396,524,3,3
396,525,3,3
396,526,3,3
396,527,3,3
396,528,3,3
396,529,3,3
396,530,3,3
396,531,3,3
396,532,3,3
396,533,3,3
396,534,3,3
396,535,3,3
396,536,3,3
396,537,3,3
396,538,3,3
396,539,3,3
396,540,3,3
396,541,3,3
396,542,3,3
396,543,3,3
396,544,3,2
396,545,3,2
396,546,3,2
396,547,3,2
396,548,3,2
396,549,3,2
396,550,3,2
396,551,3,2
396,552,3,2
396,553,3,2
396,554,3,2
396,555,3,3
396,556,3,3
396,557,3,3
396,558,3,3
396,559,3,3
396,560,3,3
396,561,3,3
396,562,3,3
396,563,3,3
396,564,3,3
396,565,3,3
396,566,3,3
396,567,3,2
396,568,3,2
396,569,3,2
396,570,3,2
396,571,3,2
396,572,3,2
396,573,3,2
396,574,3,2
396,575,3,2
396,576,3,2
396,577,3,2
396,578,3,2
396,579,3,2
396,580,3,2
396,581,3,2
396,582,3,2
396,583,3,2
396,584,3,2
396,585,3,2
396,586,3,2
396,587,3,2
396,588,3,2
396,589,3,2
396,590,3,2
396,591,3,2
396,592,3,2
396,593,3,2
396,594,3,2
396,595,3,2
396,596,3,2
396,597,3,2
396,598,3,2
396,599,3,2
396,600,3,2
396,601,3,2
396,602,3,2
396,603,3,2
396,604,3,2
396,605,3,2
396,606,3,2
396,607,3,2
396,608,3,2
396,609,3,2
396,610,3,2
396,611,3,2
396,612,3,2
396,613,3,2
396,614,3,2
396,615,3,2
396,616,3,2
396,617,3,2
396,618,3,2
396,619,3,2
396,620,3,2
396,621,3,2
396,622,3,2
396,623,3,2
396,624,3,2
396,625,3,2
396,626,3,2
396,627,3,2
396,628,3,2
396,629,3,2
396,630,3,2
396,631,3,2
396,632,3,2
396,633,3,2
396,634,3,2
396,635,3,2
396,636,3,2
396,637,3,2
396,638,3,2
396,639,3,2
396,640,3,2
396,641,3,2
396,642,3,2
396,643,3,2
396,644,3,2
396,645,3,2
396,646,3,2
396,647,3,2
396,648,3,2
396,649,3,2
396,650,3,2
396,651,3,2
396,652,3,2
396,653,3,2
396,654,3,2
396,655,3,2
396,656,3,2
396,657,3,2
396,658,3,2
396,659,3,2
396,660,3,2
396,661,3,2
396,662,3,2
396,663,3,2
396,664,3,2
396,665,3,2
396,666,3,2
396,667,3,2
396,668,3,2
396,669,3,2
396,670,3,2
396,671,3,2
396,672,3,2
396,673,3,2
396,674,3,2
396,675,3,2
397,77,3,3
397,78,3,3
397,79,3,3
397,80,3,3
397,81,3,3
397,82,3,3
397,83,3,3
397,84,3,3
397,85,3,3
397,86,3,3
397,87,3,3
397,88,3,3
397,89,3,3
397,90,3,3
397,91,3,3
397,92,3,3
397,93,3,3
397,94,3,3
397,95,3,3
397,96,3,3
397,97,3,3
397,98,3,2
397,99,3,2
397,100,3,2
397,101,3,2
397,102,3,2
397,103,3,2
397,104,3,2
397,105,3,2
397,106,3,2
397,107,3,2
397,108,3,2
397,109,3,2
397,110,3,2
397,111,3,2
397,112,3,2
397,113,3,2
397,114,3,2
397,115,3,2
397,116,3,2
397,117,3,2
397,118,3,2
397,119,3,2
397,120,3,2
397,121,3,2
397,122,3,2
397,123,3,2
397,124,3,2
397,125,3,2
397,126,3,2
397,127,3,2
397,128,3,2
397,129,3,2
397,130,3,2
397,131,3,2
397,132,3,2
397,133,3,2
397,134,3,2
397,135,3,2
397,136,3,2
397,137,3,2
397,138,3,2
397,139,3,2
397,140,3,2
397,141,3,2
397,142,3,2
397,143,3,2
397,144,3,2
397,145,3,2
397,146,3,2
397,147,3,2
397,148,3,2
397,149,3,2
397,150,3,2
397,151,3,2
397,152,3,2
397,153,3,2
397,154,3,2
397,155,3,2
397,156,3,2
397,157,3,2
397,158,3,2
397,159,3,2
397,160,3,2
397,161,3,2
397,162,3,2
397,163,3,2
397,164,3,2
397,165,3,2
397,166,3,2
397,167,3,2
397,168,3,2
397,169,3,2
397,170,3,2
397,171,3,2
397,172,3,2
397,173,3,2
397,174,3,2
397,175,3,2
397,176,3,2
397,177,3,2
397,178,3,2
397,179,3,2
397,180,3,2
397,181,3,2
397,182,3,2
397,183,3,2
397,184,3,2
397,185,3,2
397,186,3,2
397,187,3,2
397,188,3,2
397,189,3,2
397,190,3,2
397,191,3,2
397,192,3,2
397,193,3,2
397,194,3,2
397,195,3,2
397,196,3,2
397,197,3,2
397,198,3,2
397,199,3,2
397,200,3,2
397,201,3,2
397,202,3,2
397,203,3,2
397,204,3,2
397,205,3,2
397,206,3,2
397,207,3,2
397,208,3,2
397,209,3,2
397,210,3,2
397,211,3,2
397,212,3,2
397,213,3,2
397,214,3,2
397,215,3,2
397,216,3,2
397,217,3,2
397,218,3,2
397,219,3,2
397,220,3,2
397,221,3,2
397,222,3,2
397,223,3,2
397,224,3,2
397,225,3,2
397,226,3,2
397,227,3,2
397,228,3,2
397,229,3,2
397,230,3,2
397,231,3,2
397,232,3,2
397,233,3,2
397,234,3,2
397,235,3,2
397,236,3,2
397,237,3,2
397,238,3,2
397,239,3,2
397,240,3,2
397,241,3,2
397,242,3,2
397,243,3,2
397,244,3,2
397,245,3,2
397,246,3,2
397,247,3,2
397,248,3,2
397,249,3,2
397,250,3,2
397,251,3,2
397,252,3,2
397,253,3,2
397,254,3,2
397,255,3,2
397,256,3,2
397,257,3,2
397,258,3,2
397,259,3,2
397,260,3,2
397,261,3,2
397,262,3,2
397,263,3,2
397,264,3,2
397,265,3,2
397,266,3,2
397,267,3,2
397,268,3,2
397,269,3,2
397,270,3,2
397,271,3,2
397,272,3,2
397,273,3,2
397,274,3,2
397,275,3,2
397,276,3,2
397,277,3,2
397,278,3,2
397,279,3,2
397,280,3,2
397,281,3,2
397,282,3,2
397,283,3,2
397,284,3,2
397,285,3,2
397,286,3,2
397,287,3,2
397,288,3,2
397,289,3,2
397,290,3,2
397,291,3,2
397,292,3,2
397,293,3,2
397,294,3,2
397,295,3,2
397,296,3,2
397,297,3,2
397,298,3,2
397,299,3,2
397,300,3,2
397,301,3,2
397,302,3,2
397,303,3,2
397,304,3,2
397,305,3,2
397,306,3,2
397,307,3,2
397,308,3,2
397,309,3,2
397,310,3,2
397,311,3,2
397,312,3,2
397,313,3,2
397,314,3,2
397,315,3,2
397,316,3,2
397,317,3,2
397,318,3,2
397,319,3,2
397,320,3,2
397,321,3,2
397,322,3,2
397,323,3,2
397,324,3,2
397,325,3,2
397,326,3,2
397,327,3,2
397,328,3,2
397,329,3,2
397,330,3,2
397,331,3,2
397,332,3,2
397,333,3,2
397,334,3,2
397,335,3,2
397,336,3,2
397,337,3,2
397,338,3,2
397,339,3,2
397,340,3,2
397,341,3,2
397,342,3,2
397,343,3,2
397,344,3,2
397,345,3,2
397,346,3,2
397,347,3,2
397,348,3,2
397,349,3,2
397,350,3,2
397,351,3,2
397,352,3,2
397,353,3,2
397,354,3,2
397,355,3,2
397,356,3,2
397,357,3,2
397,358,3,2
397,359,3,2
397,360,3,2
397,361,3,2
397,362,3,2
397,363,3,2
397,364,3,2
397,365,3,2
397,366,3,2
397,367,3,2
397,368,3,2
397,369,3,2
397,370,3,2
397,371,3,2
397,372,3,2
397,373,3,2
397,374,3,2
397,375,3,2
397,376,3,2
397,377,3,2
397,378,3,2
397,379,3,2
397,380,3,2
397,381,3,2
397,382,3,2
397,383,3,2
397,384,3,2
397,385,3,2
397,386,3,2
397,387,3,2
397,388,3,2
397,389,3,2
397,390,3,2
397,391,3,2
397,392,3,2
397,393,3,2
397,394,3,2
397,395,3,2
397,396,3,2
397,397,3,2
397,398,3,2
397,399,3,2
397,400,3,2
397,401,3,2
397,402,3,2
397,403,3,2
397,404,3,2
397,405,3,2
397,406,3,2
397,407,3,2
397,408,3,2
397,409,3,2
397,410,3,2
397,411,3,2
397,412,3,2
397,413,3,2
397,414,3,2
397,415,3,2
397,416,3,2
397,417,3,2
397,418,3,2
397,419,3,2
397,420,3,2
397,421,3,2
397,422,3,2
397,423,3,2
397,424,3,2
397,425,3,2
397,426,3,2
397,427,3,2
397,428,3,2
397,429,3,2
397,430,3,2
397,431,3,2
397,432,3,2
397,433,3,2
397,434,3,2
397,435,3,2
397,436,3,2
397,437,3,2
397,438,3,2
397,439,3,2
397,440,3,2
397,441,3,2
397,442,3,2
397,443,3,2
397,444,3,2
397,445,3,2
397,446,3,2
397,447,3,2
397,448,3,2
397,449,3,2
397,450,3,2
397,451,3,2
397,452,3,2
397,453,3,2
397,454,3,2
397,455,3,2
397,456,3,2
397,457,3,2
397,458,3,2
397,459,3,2
397,460,3,2
397,461,3,2
397,462,3,2
397,463,3,2
397,464,3,2
397,465,3,2
397,466,3,2
397,467,3,2
397,468,3,2
397,469,3,2
397,470,3,2
397,471,3,2
397,472,3,2
397,473,3,2
397,474,3,2
397,475,3,2
397,476,3,2
397,477,3,2
397,478,3,2
397,479,3,2
397,480,3,2
397,481,3,2
397,482,3,2
397,483,3,2
397,484,3,2
397,485,3,2
397,486,3,2
397,487,3,2
397,488,3,2
397,489,3,2
397,490,3,2
397,491,3,2
397,492,3,2
397,493,3,2
397,494,3,2
397,495,3,2
397,496,3,2
397,497,3,2
397,498,3,2
397,499,3,2
397,500,3,2
397,501,3,2
397,502,3,2
397,503,3,3
397,504,3,3
397,505,3,3
397,506,3,3
397,507,3,3
397,508,3,3
397,509,3,3
397,510,3,3
397,511,3,3
397,512,3,3
397,513,3,3
397,514,3,3
397,515,3,3
397,516,3,3
397,517,3,3
397,518,3,3
397,519,3,3
397,520,3,3
397,521,3,3
397,522,3,3
397,523,3,3
397,524,3,3
397,525,3,3
397,526,3,3
397,527,3,3
397,528,3,3
397,529,3,3
397,530,3,3
397,531,3,3
397,532,3,3
397,533,3,3
397,534,3,3
397,535,3,3
397,536,3,3
397,537,3,3
397,538,3,3
397,539,3,3
397,540,3,3
397,541,3,3
397,542,3,2
397,543,3,2
397,544,3,2
397,545,3,2
397,546,3,2
397,547,3,2
397,548,3,2
397,549,3,2
397,550,3,2
397,551,3,2
397,552,3,2
397,553,3,2
397,554,3,2
397,555,3,2
397,556,3,3
397,557,3,3
397,558,3,3
397,559,3,3
397,560,3,3
397,561,3,3
397,562,3,2
397,563,3,2
397,564,3,2
397,565,3,3
397,566,3,3
397,567,3,2
397,568,3,2
397,569,3,2
397,570,3,2
397,571,3,2
397,572,3,2
397,573,3,2
397,574,3,2
397,575,3,2
397,576,3,2
397,577,3,2
397,578,3,2
397,579,3,2
397,580,3,2
397,581,3,2
397,582,3,2
397,583,3,2
397,584,3,2
397,585,3,2
397,586,3,2
397,587,3,2
397,588,3,2
397,589,3,2
397,590,3,2
397,591,3,2
397,592,3,2
397,593,3,2
397,594,3,2
397,595,3,2
397,596,3,2
397,597,3,2
397,598,3,2
397,599,3,2
397,600,3,2
397,601,3,2
397,602,3,2
397,603,3,2
397,604,3,2
397,605,3,2
397,606,3,2
397,607,3,2
397,608,3,2
397,609,3,2
397,610,3,2
397,611,3,2
397,612,3,2
397,613,3,2
397,614,3,2
397,615,3,2
397,616,3,2
397,617,3,2
397,618,3,2
397,619,3,2
397,620,3,2
397,621,3,2
397,622,3,2
397,623,3,2
397,624,3,2
397,625,3,2
397,626,3,2
397,627,3,2
397,628,3,2
397,629,3,2
397,630,3,2
397,631,3,2
397,632,3,2
397,633,3,2
397,634,3,2
397,635,3,2
397,636,3,2
397,637,3,2
397,638,3,2
397,639,3,2
397,640,3,2
397,641,3,2
397,642,3,2
397,643,3,2
397,644,3,2
397,645,3,2
397,646,3,2
397,647,3,2
397,648,3,2
397,649,3,2
397,650,3,2
397,651,3,2
397,652,3,2
397,653,3,2
397,654,3,2
397,655,3,2
397,656,3,2
397,657,3,2
397,658,3,2
397,659,3,2
397,660,3,2
397,661,3,2
397,662,3,2
397,663,3,2
397,664,3,2
397,665,3,2
397,666,3,2
397,667,3,2
397,668,3,2
397,669,3,2
397,670,3,2
397,671,3,2
397,672,3,2
397,673,3,2
397,674,3,2
397,675,3,2
398,75,3,2
398,76,3,2
398,77,3,3
398,78,3,3
398,79,3,3
398,80,3,3
398,81,3,3
398,82,3,3
398,83,3,3
398,84,3,3
398,85,3,3
398,86,3,3
398,87,3,3
398,88,3,3
398,89,3,3
398,90,3,3
398,91,3,3
398,92,3,3
398,93,3,3
398,94,3,3
398,95,3,3
398,96,3,3
398,97,3,3
398,98,3,2
398,99,3,2
398,100,3,2
398,101,3,2
398,102,3,2
398,103,3,2
398,104,3,2
398,105,3,2
398,106,3,2
398,107,3,2
398,108,3,2
398,109,3,2
398,110,3,2
398,111,3,2
398,112,3,2
398,113,3,2
398,114,3,2
398,115,3,2
398,116,3,2
398,117,3,2
398,118,3,2
398,119,3,2
398,120,3,2
398,121,3,2
398,122,3,2
398,123,3,2
398,124,3,2
398,125,3,2
398,126,3,2
398,127,3,2
398,128,3,2
398,129,3,2
398,130,3,2
398,131,3,2
398,132,3,2
398,133,3,2
398,134,3,2
398,135,3,2
398,136,3,2
398,137,3,2
398,138,3,2
398,139,3,2
398,140,3,2
398,141,3,2
398,142,3,2
398,143,3,2
398,144,3,2
398,145,3,2
398,146,3,2
398,147,3,2
398,148,3,2
398,149,3,2
398,150,3,2
398,151,3,2
398,152,3,2
398,153,3,2
398,154,3,2
398,155,3,2
398,156,3,2
398,157,3,2
398,158,3,2
398,159,3,2
398,160,3,2
398,161,3,2
398,162,3,2
398,163,3,2
398,164,3,2
398,165,3,2
398,166,3,2
398,167,3,2
398,168,3,2
398,169,3,2
398,170,3,2
398,171,3,2
398,172,3,2
398,173,3,2
398,174,3,2
398,175,3,2
398,176,3,2
398,177,3,2
398,178,3,2
398,179,3,2
398,180,3,2
398,181,3,2
398,182,3,2
398,183,3,2
398,184,3,2
398,185,3,2
398,186,3,2
398,187,3,2
398,188,3,2
398,189,3,2
398,190,3,2
398,191,3,2
398,192,3,2
398,193,3,2
398,194,3,2
398,195,3,2
398,196,3,2
398,197,3,2
398,198,3,2
398,199,3,2
398,200,3,2
398,201,3,2
398,202,3,2
398,203,3,2
398,204,3,2
398,205,3,2
398,206,3,2
398,207,3,2
398,208,3,2
398,209,3,2
398,210,3,2
398,211,3,2
398,212,3,2
398,213,3,2
398,214,3,2
398,215,3,2
398,216,3,2
398,217,3,2
398,218,3,2
398,219,3,2
398,220,3,2
398,221,3,2
398,222,3,2
398,223,3,2
398,224,3,2
398,225,3,2
398,226,3,2
398,227,3,2
398,228,3,2
398,229,3,2
398,230,3,2
398,231,3,2
398,232,3,2
398,233,3,2
398,234,3,2
398,235,3,2
398,236,3,2
398,237,3,2
398,238,3,2
398,239,3,2
398,240,3,2
398,241,3,2
398,242,3,2
398,243,3,2
398,244,3,2
398,245,3,2
398,246,3,2
398,247,3,2
398,248,3,2
398,249,3,2
398,250,3,2
398,251,3,2
398,252,3,2
398,253,3,2
398,254,3,2
398,255,3,2
398,256,3,2
398,257,3,2
398,258,3,2
398,259,3,2
398,260,3,2
398,261,3,2
398,262,3,2
398,263,3,2
398,264,3,2
398,265,3,2
398,266,3,2
398,267,3,2
398,268,3,2
398,269,3,2
398,270,3,2
398,271,3,2
398,272,3,2
398,273,3,2
398,274,3,2
398,275,3,2
398,276,3,2
398,277,3,2
398,278,3,2
398,279,3,2
398,280,3,2
398,281,3,2
398,282,3,2
398,283,3,2
398,284,3,2
398,285,3,2
398,286,3,2
398,287,3,2
398,288,3,2
398,289,3,2
398,290,3,2
398,291,3,2
398,292,3,2
398,293,3,2
398,294,3,2
398,295,3,2
398,296,3,2
398,297,3,2
398,298,3,2
398,299,3,2
398,300,3,2
398,301,3,2
398,302,3,2
398,303,3,2
398,304,3,2
398,305,3,2
398,306,3,2
398,307,3,2
398,308,3,2
398,309,3,2
398,310,3,2
398,311,3,2
398,312,3,2
398,313,3,2
398,314,3,2
398,315,3,2
398,316,3,2
398,317,3,2
398,318,3,2
398,319,3,2
398,320,3,2
398,321,3,2
398,322,3,2
398,323,3,2
398,324,3,2
398,325,3,2
398,326,3,2
398,327,3,2
398,328,3,2
398,329,3,2
398,330,3,2
398,331,3,2
398,332,3,2
398,333,3,2
398,334,3,2
398,335,3,2
398,336,3,2
398,337,3,2
398,338,3,2
398,339,3,2
398,340,3,2
398,341,3,2
398,342,3,2
398,343,3,2
398,344,3,2
398,345,3,2
398,346,3,2
398,347,3,2
398,348,3,2
398,349,3,2
398,350,3,2
398,351,3,2
398,352,3,2
398,353,3,2
398,354,3,2
398,355,3,2
398,356,3,2
398,357,3,2
398,358,3,2
398,359,3,2
398,360,3,2
398,361,3,2
398,362,3,2
398,363,3,2
398,364,3,2
398,365,3,2
398,366,3,2
398,367,3,2
398,368,3,2
398,369,3,2
398,370,3,2
398,371,3,2
398,372,3,2
398,373,3,2
398,374,3,2
398,375,3,2
398,376,3,2
398,377,3,2
398,378,3,2
398,379,3,2
398,380,3,2
398,381,3,2
398,382,3,2
398,383,3,2
398,384,3,2
398,385,3,2
398,386,3,2
398,387,3,2
398,388,3,2
398,389,3,2
398,390,3,2
398,391,3,2
398,392,3,2
398,393,3,2
398,394,3,2
398,395,3,2
398,396,3,2
398,397,3,2
398,398,3,2
398,399,3,2
398,400,3,2
398,401,3,2
398,402,3,2
398,403,3,2
398,404,3,2
398,405,3,2
398,406,3,2
398,407,3,2
398,408,3,2
398,409,3,2
398,410,3,2
398,411,3,2
398,412,3,2
398,413,3,2
398,414,3,2
398,415,3,2
398,416,3,2
398,417,3,2
398,418,3,2
398,419,3,2
398,420,3,2
398,421,3,2
398,422,3,2
398,423,3,2
398,424,3,2
398,425,3,2
398,426,3,2
398,427,3,2
398,428,3,2
398,429,3,2
398,430,3,2
398,431,3,2
398,432,3,2
398,433,3,2
398,434,3,2
398,435,3,2
398,436,3,2
398,437,3,2
398,438,3,2
398,439,3,2
398,440,3,2
398,441,3,2
398,442,3,2
398,443,3,2
398,444,3,2
398,445,3,2
398,446,3,2
398,447,3,2
398,448,3,2
398,449,3,2
398,450,3,2
398,451,3,2
398,452,3,2
398,453,3,2
398,454,3,2
398,455,3,2
398,456,3,2
398,457,3,2
398,458,3,2
398,459,3,2
398,460,3,2
398,461,3,2
398,462,3,2
398,463,3,2
398,464,3,2
398,465,3,2
398,466,3,2
398,467,3,2
398,468,3,2
398,469,3,2
398,470,3,2
398,471,3,2
398,472,3,2
398,473,3,2
398,474,3,2
398,475,3,2
398,476,3,2
398,477,3,2
398,478,3,2
398,479,3,2
398,480,3,2
398,481,3,2
398,482,3,2
398,483,3,2
398,484,3,2
398,485,3,2
398,486,3,2
398,487,3,2
398,488,3,2
398,489,3,2
398,490,3,2
398,491,3,2
398,492,3,2
398,493,3,2
398,494,3,2
398,495,3,2
398,496,3,2
398,497,3,2
398,498,3,2
398,499,3,2
398,500,3,2
398,501,3,2
398,502,3,2
398,503,3,3
398,504,3,3
398,505,3,3
398,506,3,3
398,507,3,3
398,508,3,3
398,509,3,3
398,510,3,3
398,511,3,3
398,512,3,3
398,513,3,3
398,514,3,3
398,515,3,3
398,516,3,3
398,517,3,3
398,518,3,3
398,519,3,3
398,520,3,3
398,521,3,3
398,522,3,3
398,523,3,3
398,524,3,3
398,525,3,3
398,526,3,3
398,527,3,3
398,528,3,3
398,529,3,3
398,530,3,3
398,531,3,3
398,532,3,3
398,533,3,3
398,534,3,3
398,535,3,3
398,536,3,3
398,537,3,3
398,538,3,3
398,539,3,3
398,540,3,2
398,541,3,2
398,542,3,2
398,543,3,2
398,544,3,2
398,545,3,2
398,546,3,2
398,547,3,2
398,548,3,2
398,549,3,2
398,550,3,2
398,551,3,2
398,552,3,2
398,553,3,2
398,554,3,2
398,555,3,2
398,556,3,3
398,557,3,3
398,558,3,3
398,559,3,3
398,560,3,3
398,561,3,3
398,562,3,2
398,563,3,2
398,564,3,2
398,565,3,2
398,566,3,3
398,567,3,2
398,568,3,2
398,569,3,2
398,570,3,2
398,571,3,2
398,572,3,2
398,573,3,2
398,574,3,2
398,575,3,2
398,576,3,2
398,577,3,2
398,578,3,2
398,579,3,2
398,580,3,2
398,581,3,2
398,582,3,2
398,583,3,2
398,584,3,2
398,585,3,2
398,586,3,2
398,587,3,2
398,588,3,2
398,589,3,2
398,590,3,2
398,591,3,2
398,592,3,2
398,593,3,2
398,594,3,2
398,595,3,2
398,596,3,2
398,597,3,2
398,598,3,2
398,599,3,2
398,600,3,2
398,601,3,2
398,602,3,2
398,603,3,2
398,604,3,2
398,605,3,2
398,606,3,2
398,607,3,2
398,608,3,2
398,609,3,2
398,610,3,2
398,611,3,2
398,612,3,2
398,613,3,2
398,614,3,2
398,615,3,2
398,616,3,2
398,617,3,2
398,618,3,2
398,619,3,2
398,620,3,2
398,621,3,2
398,622,3,2
398,623,3,2
398,624,3,2
398,625,3,2
398,626,3,2
398,627,3,2
398,628,3,2
398,629,3,2
398,630,3,2
398,631,3,2
398,632,3,2
398,633,3,2
398,634,3,2
398,635,3,2
398,636,3,2
398,637,3,2
398,638,3,2
398,639,3,2
398,640,3,2
398,641,3,2
398,642,3,2
398,643,3,2
398,644,3,2
398,645,3,2
398,646,3,2
398,647,3,2
398,648,3,2
398,649,3,2
398,650,3,2
398,651,3,2
398,652,3,2
398,653,3,2
398,654,3,2
398,655,3,2
398,656,3,2
398,657,3,2
398,658,3,2
398,659,3,2
398,660,3,2
398,661,3,2
398,662,3,2
398,663,3,2
398,664,3,2
398,665,3,2
398,666,3,2
398,667,3,2
398,668,3,2
398,669,3,2
398,670,3,2
398,671,3,2
398,672,3,2
398,673,3,2
398,674,3,2
398,675,3,2
399,75,3,2
399,76,3,3
399,77,3,3
399,78,3,3
399,79,3,3
399,80,3,3
399,81,3,3
399,82,3,3
399,83,3,3
399,84,3,3
399,85,3,3
399,86,3,3
399,87,3,3
399,88,3,3
399,89,3,3
399,90,3,3
399,91,3,3
399,92,3,3
399,93,3,3
399,94,3,3
399,95,3,3
399,96,3,3
399,97,3,2
399,98,3,2
399,99,3,2
399,100,3,2
399,101,3,2
399,102,3,2
399,103,3,2
399,104,3,2
399,105,3,2
399,106,3,2
399,107,3,2
399,108,3,2
399,109,3,2
399,110,3,2
399,111,3,2
399,112,3,2
399,113,3,2
399,114,3,2
399,115,3,2
399,116,3,2
399,117,3,2
399,118,3,2
399,119,3,2
399,120,3,2
399,121,3,2
399,122,3,2
399,123,3,2
399,124,3,2
399,125,3,2
399,126,3,2
399,127,3,2
399,128,3,2
399,129,3,2
399,130,3,2
399,131,3,2
399,132,3,2
399,133,3,2
399,134,3,2
399,135,3,2
399,136,3,2
399,137,3,2
399,138,3,2
399,139,3,2
399,140,3,2
399,141,3,2
399,142,3,2
399,143,3,2
399,144,3,2
399,145,3,2
399,146,3,2
399,147,3,2
399,148,3,2
399,149,3,2
399,150,3,2
399,151,3,2
399,152,3,2
399,153,3,2
399,154,3,2
399,155,3,2
399,156,3,2
399,157,3,2
399,158,3,2
399,159,3,2
399,160,3,2
399,161,3,2
399,162,3,2
399,163,3,2
399,164,3,2
399,165,3,2
399,166,3,2
399,167,3,2
399,168,3,2
399,169,3,2
399,170,3,2
399,171,3,2
399,172,3,2
399,173,3,2
399,174,3,2
399,175,3,2
399,176,3,2
399,177,3,2
399,178,3,2
399,179,3,2
399,180,3,2
399,181,3,2
399,182,3,2
399,183,3,2
399,184,3,2
399,185,3,2
399,186,3,2
399,187,3,2
399,188,3,2
399,189,3,2
399,190,3,2
399,191,3,2
399,192,3,2
399,193,3,2
399,194,3,2
399,195,3,2
399,196,3,2
399,197,3,2
399,198,3,2
399,199,3,2
399,200,3,2
399,201,3,2
399,202,3,2
399,203,3,2
399,204,3,2
399,205,3,2
399,206,3,2
399,207,3,2
399,208,3,2
399,209,3,2
399,210,3,2
399,211,3,2
399,212,3,2
399,213,3,2
399,214,3,2
399,215,3,2
399,216,3,2
399,217,3,2
399,218,3,2
399,219,3,2
399,220,3,2
399,221,3,2
399,222,3,2
399,223,3,2
399,224,3,2
399,225,3,2
399,226,3,2
399,227,3,2
399,228,3,2
399,229,3,2
399,230,3,2
399,231,3,2
399,232,3,2
399,233,3,2
399,234,3,2
399,235,3,2
399,236,3,2
399,237,3,2
399,238,3,2
399,239,3,2
399,240,3,2
399,241,3,2
399,242,3,2
399,243,3,2
399,244,3,2
399,245,3,2
399,246,3,2
399,247,3,2
399,248,3,2
399,249,3,2
399,250,3,2
399,251,3,2
399,252,3,2
399,253,3,2
399,254,3,2
399,255,3,2
399,256,3,2
399,257,3,2
399,258,3,2
399,259,3,2
399,260,3,2
399,261,3,2
399,262,3,2
399,263,3,2
399,264,3,2
399,265,3,2
399,266,3,2
399,267,3,2
399,268,3,2
399,269,3,2
399,270,3,2
399,271,3,2
399,272,3,2
399,273,3,2
399,274,3,2
399,275,3,2
399,276,3,2
399,277,3,2
399,278,3,2
399,279,3,2
399,280,3,2
399,281,3,2
399,282,3,2
399,283,3,2
399,284,3,2
399,285,3,2
399,286,3,2
399,287,3,2
399,288,3,2
399,289,3,2
399,290,3,2
399,291,3,2
399,292,3,2
399,293,3,2
399,294,3,2
399,295,3,2
399,296,3,2
399,297,3,2
399,298,3,2
399,299,3,2
399,300,3,2
399,301,3,2
399,302,3,2
399,303,3,2
399,304,3,2
399,305,3,2
399,306,3,2
399,307,3,2
399,308,3,2
399,309,3,2
399,310,3,2
399,311,3,2
399,312,3,2
399,313,3,2
399,314,3,2
399,315,3,2
399,316,3,2
399,317,3,2
399,318,3,2
399,319,3,2
399,320,3,2
399,321,3,2
399,322,3,2
399,323,3,2
399,324,3,2
399,325,3,2
399,326,3,2
399,327,3,2
399,328,3,2
399,329,3,2
399,330,3,2
399,331,3,2
399,332,3,2
399,333,3,2
399,334,3,2
399,335,3,2
399,336,3,2
399,337,3,2
399,338,3,2
399,339,3,2
399,340,3,2
399,341,3,2
399,342,3,2
399,343,3,2
399,344,3,2
399,345,3,2
399,346,3,2
399,347,3,2
399,348,3,2
399,349,3,2
399,350,3,2
399,351,3,2
399,352,3,2
399,353,3,2
399,354,3,2
399,355,3,2
399,356,3,2
399,357,3,2
399,358,3,2
399,359,3,2
399,360,3,2
399,361,3,2
399,362,3,2
399,363,3,2
399,364,3,2
399,365,3,2
399,366,3,2
399,367,3,2
399,368,3,2
399,369,3,2
399,370,3,2
399,371,3,2
399,372,3,2
399,373,3,2
399,374,3,2
399,375,3,2
399,376,3,2
399,377,3,2
399,378,3,2
399,379,3,2
399,380,3,2
399,381,3,2
399,382,3,2
399,383,3,2
399,384,3,2
399,385,3,2
399,386,3,2
399,387,3,2
399,388,3,2
399,389,3,2
399,390,3,2
399,391,3,2
399,392,3,2
399,393,3,2
399,394,3,2
399,395,3,2
399,396,3,2
399,397,3,2
399,398,3,2
399,399,3,2
399,400,3,2
399,401,3,2
399,402,3,2
399,403,3,2
399,404,3,2
399,405,3,2
399,406,3,2
399,407,3,2
399,408,3,2
399,409,3,2
399,410,3,2
399,411,3,2
399,412,3,2
399,413,3,2
399,414,3,2
399,415,3,2
399,416,3,2
399,417,3,2
399,418,3,2
399,419,3,2
399,420,3,2
399,421,3,2
399,422,3,2
399,423,3,2
399,424,3,2
399,425,3,2
399,426,3,2
399,427,3,2
399,428,3,2
399,429,3,2
399,430,3,2
399,431,3,2
399,432,3,2
399,433,3,2
399,434,3,2
399,435,3,2
399,436,3,2
399,437,3,2
399,438,3,2
399,439,3,2
399,440,3,2
399,441,3,2
399,442,3,2
399,443,3,2
399,444,3,2
399,445,3,2
399,446,3,2
399,447,3,2
399,448,3,2
399,449,3,2
399,450,3,2
399,451,3,2
399,452,3,2
399,453,3,2
399,454,3,2
399,455,3,2
399,456,3,2
399,457,3,2
399,458,3,2
399,459,3,2
399,460,3,2
399,461,3,2
399,462,3,2
399,463,3,2
399,464,3,2
399,465,3,2
399,466,3,2
399,467,3,2
399,468,3,2
399,469,3,2
399,470,3,2
399,471,3,2
399,472,3,2
399,473,3,2
399,474,3,2
399,475,3,2
399,476,3,2
399,477,3,2
399,478,3,2
399,479,3,2
399,480,3,2
399,481,3,2
399,482,3,2
399,483,3,2
399,484,3,2
399,485,3,2
399,486,3,2
399,487,3,2
399,488,3,2
399,489,3,2
399,490,3,2
399,491,3,2
399,492,3,2
399,493,3,2
399,494,3,2
399,495,3,2
399,496,3,2
399,497,3,2
399,498,3,2
399,499,3,2
399,500,3,2
399,501,3,2
399,502,3,3
399,503,3,3
399,504,3,3
399,505,3,3
399,506,3,3
399,507,3,3
399,508,3,3
399,509,3,3
399,510,3,3
399,511,3,3
399,512,3,3
399,513,3,3
399,514,3,3
399,515,3,3
399,516,3,3
399,517,3,3
399,518,3,3
399,519,3,3
399,520,3,3
399,521,3,3
399,522,3,3
399,523,3,3
399,524,3,3
399,525,3,3
399,526,3,3
399,527,3,3
399,528,3,3
399,529,3,3
399,530,3,3
399,531,3,3
399,532,3,3
399,533,3,3
399,534,3,3
399,535,3,3
399,536,3,3
399,537,3,3
399,538,3,2
399,539,3,2
399,540,3,2
399,541,3,2
399,542,3,2
399,543,3,2
399,544,3,2
399,545,3,2
399,546,3,2
399,547,3,2
399,548,3,2
399,549,3,2
399,550,3,2
399,551,3,2
399,552,3,2
399,553,3,2
399,554,3,2
399,555,3,2
399,556,3,3
399,557,3,3
399,558,3,3
399,559,3,3
399,560,3,3
399,561,3,3
399,562,3,3
399,563,3,2
399,564,3,2
399,565,3,2
399,566,3,2
399,567,3,2
399,568,3,2
399,569,3,2
399,570,3,2
399,571,3,2
399,572,3,2
399,573,3,2
399,574,3,2
399,575,3,2
399,576,3,2
399,577,3,2
399,578,3,2
399,579,3,2
399,580,3,2
399,581,3,2
399,582,3,2
399,583,3,2
399,584,3,2
399,585,3,2
399,586,3,2
399,587,3,2
399,588,3,2
399,589,3,2
399,590,3,2
399,591,3,2
399,592,3,2
399,593,3,2
399,594,3,2
399,595,3,2
399,596,3,2
399,597,3,2
399,598,3,2
399,599,3,2
399,600,3,2
399,601,3,2
399,602,3,2
399,603,3,2
399,604,3,2
399,605,3,2
399,606,3,2
399,607,3,2
399,608,3,2
399,609,3,2
399,610,3,2
399,611,3,2
399,612,3,2
399,613,3,2
399,614,3,2
399,615,3,2
399,616,3,2
399,617,3,2
399,618,3,2
399,619,3,2
399,620,3,2
399,621,3,2
399,622,3,2
399,623,3,2
399,624,3,2
399,625,3,2
399,626,3,2
399,627,3,2
399,628,3,2
399,629,3,2
399,630,3,2
399,631,3,2
399,632,3,2
399,633,3,2
399,634,3,2
399,635,3,2
399,636,3,2
399,637,3,2
399,638,3,2
399,639,3,2
399,640,3,2
399,641,3,2
399,642,3,2
399,643,3,2
399,644,3,2
399,645,3,2
399,646,3,2
399,647,3,2
399,648,3,2
399,649,3,2
399,650,3,2
399,651,3,2
399,652,3,2
399,653,3,2
399,654,3,2
399,655,3,2
399,656,3,2
399,657,3,2
399,658,3,2
399,659,3,2
399,660,3,2
399,661,3,2
399,662,3,2
399,663,3,2
399,664,3,2
399,665,3,2
399,666,3,2
399,667,3,2
399,668,3,2
399,669,3,2
399,670,3,2
399,671,3,2
399,672,3,2
399,673,3,2
399,674,3,2
400,73,3,2
400,74,3,2
400,75,3,2
400,76,3,3
400,77,3,3
400,78,3,3
400,79,3,3
400,80,3,3
400,81,3,3
400,82,3,3
400,83,3,3
400,84,3,3
400,85,3,3
400,86,3,3
400,87,3,3
400,88,3,3
400,89,3,3
400,90,3,3
400,91,3,3
400,92,3,3
400,93,3,3
400,94,3,3
400,95,3,3
400,96,3,3
400,97,3,2
400,98,3,2
400,99,3,2
400,100,3,2
400,101,3,2
400,102,3,2
400,103,3,2
400,104,3,2
400,105,3,2
400,106,3,2
400,107,3,2
400,108,3,2
400,109,3,2
400,110,3,2
400,111,3,2
400,112,3,2
400,113,3,2
400,114,3,2
400,115,3,2
400,116,3,2
400,117,3,2
400,118,3,2
400,119,3,2
400,120,3,2
400,121,3,2
400,122,3,2
400,123,3,2
400,124,3,2
400,125,3,2
400,126,3,2
400,127,3,2
400,128,3,2
400,129,3,2
400,130,3,2
400,131,3,2
400,132,3,2
400,133,3,2
400,134,3,2
400,135,3,2
400,136,3,2
400,137,3,2
400,138,3,2
400,139,3,2
400,140,3,2
400,141,3,2
400,142,3,2
400,143,3,2
400,144,3,2
400,145,3,2
400,146,3,2
400,147,3,2
400,148,3,2
400,149,3,2
400,150,3,2
400,151,3,2
400,152,3,2
400,153,3,2
400,154,3,2
400,155,3,2
400,156,3,2
400,157,3,2
400,158,3,2
400,159,3,2
400,160,3,2
400,161,3,2
400,162,3,2
400,163,3,2
400,164,3,2
400,165,3,2
400,166,3,2
400,167,3,2
400,168,3,2
400,169,3,2
400,170,3,2
400,171,3,2
400,172,3,2
400,173,3,2
400,174,3,2
400,175,3,2
400,176,3,2
400,177,3,2
400,178,3,2
400,179,3,2
400,180,3,2
400,181,3,2
400,182,3,2
400,183,3,2
400,184,3,2
400,185,3,2
400,186,3,2
400,187,3,2
400,188,3,2
400,189,3,2
400,190,3,2
400,191,3,2
400,192,3,2
400,193,3,2
400,194,3,2
400,195,3,2
400,196,3,2
400,197,3,2
400,198,3,2
400,199,3,2
400,200,3,2
400,201,3,2
400,202,3,2
400,203,3,2
400,204,3,2
400,205,3,2
400,206,3,2
400,207,3,2
400,208,3,2
400,209,3,2
400,210,3,2
400,211,3,2
400,212,3,2
400,213,3,2
400,214,3,2
400,215,3,2
400,216,3,2
400,217,3,2
400,218,3,2
400,219,3,2
400,220,3,2
400,221,3,2
400,222,3,2
400,223,3,2
400,224,3,2
400,225,3,2
400,226,3,2
400,227,3,2
400,228,3,2
400,229,3,2
400,230,3,2
400,231,3,2
400,232,3,2
400,233,3,2
400,234,3,2
400,235,3,2
400,236,3,2
400,237,3,2
400,238,3,2
400,239,3,2
400,240,3,2
400,241,3,2
400,242,3,2
400,243,3,2
400,244,3,2
400,245,3,2
400,246,3,2
400,247,3,2
400,248,3,2
400,249,3,2
400,250,3,2
400,251,3,2
400,252,3,2
400,253,3,2
400,254,3,2
400,255,3,2
400,256,3,2
400,257,3,2
400,258,3,2
400,259,3,2
400,260,3,2
400,261,3,2
400,262,3,2
400,263,3,2
400,264,3,2
400,265,3,2
400,266,3,2
400,267,3,2
400,268,3,2
400,269,3,2
400,270,3,2
400,271,3,2
400,272,3,2
400,273,3,2
400,274,3,2
400,275,3,2
400,276,3,2
400,277,3,2
400,278,3,2
400,279,3,2
400,280,3,2
400,281,3,2
400,282,3,2
400,283,3,2
400,284,3,2
400,285,3,2
400,286,3,2
400,287,3,2
400,288,3,2
400,289,3,2
400,290,3,2
400,291,3,2
400,292,3,2
400,293,3,2
400,294,3,2
400,295,3,2
400,296,3,2
400,297,3,2
400,298,3,2
400,299,3,2
400,300,3,2
400,301,3,2
400,302,3,2
400,303,3,2
400,304,3,2
400,305,3,2
400,306,3,2
400,307,3,2
400,308,3,2
400,309,3,2
400,310,3,2
400,311,3,2
400,312,3,2
400,313,3,2
400,314,3,2
400,315,3,2
400,316,3,2
400,317,3,2
400,318,3,2
400,319,3,2
400,320,3,2
400,321,3,2
400,322,3,2
400,323,3,2
400,324,3,2
400,325,3,2
400,326,3,2
400,327,3,2
400,328,3,2
400,329,3,2
400,330,3,2
400,331,3,2
400,332,3,2
400,333,3,2
400,334,3,2
400,335,3,2
400,336,3,2
400,337,3,2
400,338,3,2
400,339,3,2
400,340,3,2
400,341,3,2
400,342,3,2
400,343,3,2
400,344,3,2
400,345,3,2
400,346,3,2
400,347,3,2
400,348,3,2
400,349,3,2
400,350,3,2
400,351,3,2
400,352,3,2
400,353,3,2
400,354,3,2
400,355,3,2
400,356,3,2
400,357,3,2
400,358,3,2
400,359,3,2
400,360,3,2
400,361,3,2
400,362,3,2
400,363,3,2
400,364,3,2
400,365,3,2
400,366,3,2
400,367,3,2
400,368,3,2
400,369,3,2
400,370,3,2
400,371,3,2
400,372,3,2
400,373,3,2
400,374,3,2
400,375,3,2
400,376,3,2
400,377,3,2
400,378,3,2
400,379,3,2
400,380,3,2
400,381,3,2
400,382,3,2
400,383,3,2
400,384,3,2
400,385,3,2
400,386,3,2
400,387,3,2
400,388,3,2
400,389,3,2
400,390,3,2
400,391,3,2
400,392,3,2
400,393,3,2
400,394,3,2
400,395,3,2
400,396,3,2
400,397,3,2
400,398,3,2
400,399,3,2
400,400,3,2
400,401,3,2
400,402,3,2
400,403,3,2
400,404,3,2
400,405,3,2
400,406,3,2
400,407,3,2
400,408,3,2
400,409,3,2
400,410,3,2
400,411,3,2
400,412,3,2
400,413,3,2
400,414,3,2
400,415,3,2
400,416,3,2
400,417,3,2
400,418,3,2
400,419,3,2
400,420,3,2
400,421,3,2
400,422,3,2
400,423,3,2
400,424,3,2
400,425,3,2
400,426,3,2
400,427,3,2
400,428,3,2
400,429,3,2
400,430,3,2
400,431,3,2
400,432,3,2
400,433,3,2
400,434,3,2
400,435,3,2
400,436,3,2
400,437,3,2
400,438,3,2
400,439,3,2
400,440,3,2
400,441,3,2
400,442,3,2
400,443,3,2
400,444,3,2
400,445,3,2
400,446,3,2
400,447,3,2
400,448,3,2
400,449,3,2
400,450,3,2
400,451,3,2
400,452,3,2
400,453,3,2
400,454,3,2
400,455,3,2
400,456,3,2
400,457,3,2
400,458,3,2
400,459,3,2
400,460,3,2
400,461,3,2
400,462,3,2
400,463,3,2
400,464,3,2
400,465,3,2
400,466,3,2
400,467,3,2
400,468,3,2
400,469,3,2
400,470,3,2
400,471,3,2
400,472,3,2
400,473,3,2
400,474,3,2
400,475,3,2
400,476,3,2
400,477,3,2
400,478,3,2
400,479,3,2
400,480,3,2
400,481,3,2
400,482,3,2
400,483,3,2
400,484,3,2
400,485,3,2
400,486,3,2
400,487,3,2
400,488,3,2
400,489,3,2
400,490,3,2
400,491,3,2
400,492,3,3
400,493,3,2
400,494,3,3
400,495,3,3
400,496,3,3
400,497,3,2
400,498,3,2
400,499,3,2
400,500,3,2
400,501,3,3
400,502,3,3
400,503,3,3
400,504,3,3
400,505,3,3
400,506,3,3
400,507,3,3
400,508,3,3
400,509,3,3
400,510,3,3
400,511,3,3
400,512,3,3
400,513,3,3
400,514,3,3
400,515,3,3
400,516,3,3
400,517,3,3
400,518,3,3
400,519,3,3
400,520,3,3
400,521,3,3
400,522,3,3
400,523,3,3
400,524,3,3
400,525,3,3
400,526,3,3
400,527,3,3
400,528,3,3
400,529,3,3
400,530,3,3
400,531,3,3
400,532,3,3
400,533,3,3
400,534,3,3
400,535,3,3
400,536,3,3
400,537,3,3
400,538,3,2
400,539,3,2
400,540,3,2
400,541,3,2
400,542,3,2
400,543,3,2
400,544,3,2
400,545,3,2
400,546,3,2
400,547,3,2
400,548,3,2
400,549,3,2
400,550,3,2
400,551,3,2
400,552,3,2
400,553,3,2
400,554,3,2
400,555,3,2
400,556,3,3
400,557,3,3
400,558,3,3
400,559,3,3
400,560,3,3
400,561,3,2
400,562,3,3
400,563,3,2
400,564,3,2
400,565,3,2
400,566,3,2
400,567,3,2
400,568,3,2
400,569,3,2
400,570,3,2
400,571,3,2
400,572,3,2
400,573,3,2
400,574,3,2
400,575,3,2
400,576,3,2
400,577,3,2
400,578,3,2
400,579,3,2
400,580,3,2
400,581,3,2
400,582,3,2
400,583,3,2
400,584,3,2
400,585,3,2
400,586,3,2
400,587,3,2
400,588,3,2
400,589,3,2
400,590,3,2
400,591,3,2
400,592,3,2
400,593,3,2
400,594,3,2
400,595,3,2
400,596,3,2
400,597,3,2
400,598,3,2
400,599,3,2
400,600,3,2
400,601,3,2
400,602,3,2
400,603,3,2
400,604,3,2
400,605,3,2
400,606,3,2
400,607,3,2
400,608,3,2
400,609,3,2
400,610,3,2
400,611,3,2
400,612,3,2
400,613,3,2
400,614,3,2
400,615,3,2
400,616,3,2
400,617,3,2
400,618,3,2
400,619,3,2
400,620,3,2
400,621,3,2
400,622,3,2
400,623,3,2
400,624,3,2
400,625,3,2
400,626,3,2
400,627,3,2
400,628,3,2
400,629,3,2
400,630,3,2
400,631,3,2
400,632,3,2
400,633,3,2
400,634,3,2
400,635,3,2
400,636,3,2
400,637,3,2
400,638,3,2
400,639,3,2
400,640,3,2
400,641,3,2
400,642,3,2
400,643,3,2
400,644,3,2
400,645,3,2
400,646,3,2
400,647,3,2
400,648,3,2
400,649,3,2
400,650,3,2
400,651,3,2
400,652,3,2
400,653,3,2
400,654,3,2
400,655,3,2
400,656,3,2
400,657,3,2
400,658,3,2
400,659,3,2
400,660,3,2
400,661,3,2
400,662,3,2
400,663,3,2
400,664,3,2
400,665,3,2
400,666,3,2
400,667,3,2
400,668,3,2
400,669,3,2
400,670,3,2
400,671,3,2
400,672,3,2
400,673,3,2
400,674,3,2
401,72,3,2
401,73,3,2
401,74,3,2
401,75,3,2
401,76,3,2
401,77,3,3
401,78,3,3
401,79,3,3
401,80,3,3
401,81,3,3
401,82,3,3
401,83,3,3
401,84,3,3
401,85,3,3
401,86,3,3
401,87,3,3
401,88,3,3
401,89,3,3
401,90,3,3
401,91,3,3
401,92,3,3
401,93,3,3
401,94,3,3
401,95,3,3
401,96,3,3
401,97,3,2
401,98,3,2
401,99,3,2
401,100,3,2
401,101,3,2
401,102,3,2
401,103,3,2
401,104,3,2
401,105,3,2
401,106,3,2
401,107,3,2
401,108,3,2
401,109,3,2
401,110,3,2
401,111,3,2
401,112,3,2
401,113,3,2
401,114,3,2
401,115,3,2
401,116,3,2
401,117,3,2
401,118,3,2
401,119,3,2
401,120,3,2
401,121,3,2
401,122,3,2
401,123,3,2
401,124,3,2
401,125,3,2
401,126,3,2
401,127,3,2
401,128,3,2
401,129,3,2
401,130,3,2
401,131,3,2
401,132,3,2
401,133,3,2
401,134,3,2
401,135,3,2
401,136,3,2
401,137,3,2
401,138,3,2
401,139,3,2
401,140,3,2
401,141,3,2
401,142,3,2
401,143,3,2
401,144,3,2
401,145,3,2
401,146,3,2
401,147,3,2
401,148,3,2
401,149,3,2
401,150,3,2
401,151,3,2
401,152,3,2
401,153,3,2
401,154,3,2
401,155,3,2
401,156,3,2
401,157,3,2
401,158,3,2
401,159,3,2
401,160,3,2
401,161,3,2
401,162,3,2
401,163,3,2
401,164,3,2
401,165,3,2
401,166,3,2
401,167,3,2
401,168,3,2
401,169,3,2
401,170,3,2
401,171,3,2
401,172,3,2
401,173,3,2
401,174,3,2
401,175,3,2
401,176,3,2
401,177,3,2
401,178,3,2
401,179,3,2
401,180,3,2
401,181,3,2
401,182,3,2
401,183,3,2
401,184,3,2
401,185,3,2
401,186,3,2
401,187,3,2
401,188,3,2
401,189,3,2
401,190,3,2
401,191,3,2
401,192,3,2
401,193,3,2
401,194,3,2
401,195,3,2
401,196,3,2
401,197,3,2
401,198,3,2
401,199,3,2
401,200,3,2
401,201,3,2
401,202,3,2
401,203,3,2
401,204,3,2
401,205,3,2
401,206,3,2
401,207,3,2
401,208,3,2
401,209,3,2
401,210,3,2
401,211,3,2
401,212,3,2
401,213,3,2
401,214,3,2
401,215,3,2
401,216,3,2
401,217,3,2
401,218,3,2
401,219,3,2
401,220,3,2
401,221,3,2
401,222,3,2
401,223,3,2
401,224,3,2
401,225,3,2
401,226,3,2
401,227,3,2
401,228,3,2
401,229,3,2
401,230,3,2
401,231,3,2
401,232,3,2
401,233,3,2
401,234,3,2
401,235,3,2
401,236,3,2
401,237,3,2
401,238,3,2
401,239,3,2
401,240,3,2
401,241,3,2
401,242,3,2
401,243,3,2
401,244,3,2
401,245,3,2
401,246,3,2
401,247,3,2
401,248,3,2
401,249,3,2
401,250,3,2
401,251,3,2
401,252,3,2
401,253,3,2
401,254,3,2
401,255,3,2
401,256,3,2
401,257,3,2
401,258,3,2
401,259,3,2
401,260,3,2
401,261,3,2
401,262,3,2
401,263,3,2
401,264,3,2
401,265,3,2
401,266,3,2
401,267,3,2
401,268,3,2
401,269,3,2
401,270,3,2
401,271,3,2
401,272,3,2
401,273,3,2
401,274,3,2
401,275,3,2
401,276,3,2
401,277,3,2
401,278,3,2
401,279,3,2
401,280,3,2
401,281,3,2
401,282,3,2
401,283,3,2
401,284,3,2
401,285,3,2
401,286,3,2
401,287,3,2
401,288,3,2
401,289,3,2
401,290,3,2
401,291,3,2
401,292,3,2
401,293,3,2
401,294,3,2
401,295,3,2
401,296,3,2
401,297,3,2
401,298,3,2
401,299,3,2
401,300,3,2
401,301,3,2
401,302,3,2
401,303,3,2
401,304,3,2
401,305,3,2
401,306,3,2
401,307,3,2
401,308,3,2
401,309,3,2
401,310,3,2
401,311,3,2
401,312,3,2
401,313,3,2
401,314,3,2
401,315,3,2
401,316,3,2
401,317,3,2
401,318,3,2
401,319,3,2
401,320,3,2
401,321,3,2
401,322,3,2
401,323,3,2
401,324,3,2
401,325,3,2
401,326,3,2
401,327,3,2
401,328,3,2
401,329,3,2
401,330,3,2
401,331,3,2
401,332,3,2
401,333,3,2
401,334,3,2
401,335,3,2
401,336,3,2
401,337,3,2
401,338,3,2
401,339,3,2
401,340,3,2
401,341,3,2
401,342,3,2
401,343,3,2
401,344,3,2
401,345,3,2
401,346,3,2
401,347,3,2
401,348,3,2
401,349,3,2
401,350,3,2
401,351,3,2
401,352,3,2
401,353,3,2
401,354,3,2
401,355,3,2
401,356,3,2
401,357,3,2
401,358,3,2
401,359,3,2
401,360,3,2
401,361,3,2
401,362,3,2
401,363,3,2
401,364,3,2
401,365,3,2
401,366,3,2
401,367,3,2
401,368,3,2
401,369,3,2
401,370,3,2
401,371,3,2
401,372,3,2
401,373,3,2
401,374,3,2
401,375,3,2
401,376,3,2
401,377,3,2
401,378,3,2
401,379,3,2
401,380,3,2
401,381,3,2
401,382,3,2
401,383,3,2
401,384,3,2
401,385,3,2
401,386,3,2
401,387,3,2
401,388,3,2
401,389,3,2
401,390,3,2
401,391,3,2
401,392,3,2
401,393,3,2
401,394,3,2
401,395,3,2
401,396,3,2
401,397,3,2
401,398,3,2
401,399,3,2
401,400,3,2
401,401,3,2
401,402,3,2
401,403,3,2
401,404,3,2
401,405,3,2
401,406,3,2
401,407,3,2
401,408,3,2
401,409,3,2
401,410,3,2
401,411,3,2
401,412,3,2
401,413,3,2
401,414,3,2
401,415,3,2
401,416,3,2
401,417,3,2
401,418,3,2
401,419,3,2
401,420,3,2
401,421,3,2
401,422,3,2
401,423,3,2
401,424,3,2
401,425,3,2
401,426,3,2
401,427,3,2
401,428,3,2
401,429,3,2
401,430,3,2
401,431,3,2
401,432,3,2
401,433,3,2
401,434,3,2
401,435,3,2
401,436,3,2
401,437,3,2
401,438,3,2
401,439,3,2
401,440,3,2
401,441,3,2
401,442,3,2
401,443,3,2
401,444,3,2
401,445,3,2
401,446,3,2
401,447,3,2
401,448,3,2
401,449,3,2
401,450,3,2
401,451,3,2
401,452,3,2
401,453,3,2
401,454,3,2
401,455,3,2
401,456,3,2
401,457,3,2
401,458,3,2
401,459,3,2
401,460,3,2
401,461,3,2
401,462,3,2
401,463,3,2
401,464,3,2
401,465,3,2
401,466,3,2
401,467,3,2
401,468,3,2
401,469,3,2
401,470,3,2
401,471,3,2
401,472,3,2
401,473,3,2
401,474,3,2
401,475,3,2
401,476,3,2
401,477,3,2
401,478,3,2
401,479,3,2
401,480,3,2
401,481,3,2
401,482,3,2
401,483,3,2
401,484,3,2
401,485,3,2
401,486,3,2
401,487,3,3
401,488,3,3
401,489,3,3
401,490,3,3
401,491,3,3
401,492,3,3
401,493,3,3
401,494,3,3
401,495,3,3
401,496,3,3
401,497,3,3
401,498,3,3
401,499,3,3
401,500,3,3
401,501,3,3
401,502,3,3
401,503,3,3
401,504,3,3
401,505,3,3
401,506,3,3
401,507,3,3
401,508,3,3
401,509,3,3
401,510,3,3
401,511,3,3
401,512,3,3
401,513,3,3
401,514,3,3
401,515,3,3
401,516,3,3
401,517,3,3
401,518,3,3
401,519,3,3
401,520,3,3
401,521,3,3
401,522,3,3
401,523,3,3
401,524,3,3
401,525,3,3
401,526,3,3
401,527,3,3
401,528,3,3
401,529,3,3
401,530,3,3
401,531,3,3
401,532,3,3
401,533,3,3
401,534,3,3
401,535,3,3
401,536,3,3
401,537,3,3
401,538,3,3
401,539,3,3
401,540,3,2
401,541,3,2
401,542,3,2
401,543,3,2
401,544,3,2
401,545,3,2
401,546,3,2
401,547,3,2
401,548,3,2
401,549,3,2
401,550,3,2
401,551,3,2
401,552,3,2
401,553,3,2
401,554,3,2
401,555,3,2
401,556,3,2
401,557,3,2
401,558,3,2
401,559,3,2
401,560,3,2
401,561,3,2
401,562,3,2
401,563,3,2
401,564,3,2
401,565,3,2
401,566,3,2
401,567,3,2
401,568,3,2
401,569,3,2
401,570,3,2
401,571,3,2
401,572,3,2
401,573,3,2
401,574,3,2
401,575,3,2
401,576,3,2
401,577,3,2
401,578,3,2
401,579,3,2
401,580,3,2
401,581,3,2
401,582,3,2
401,583,3,2
401,584,3,2
401,585,3,2
401,586,3,2
401,587,3,2
401,588,3,2
401,589,3,2
401,590,3,2
401,591,3,2
401,592,3,2
401,593,3,2
401,594,3,2
401,595,3,2
401,596,3,2
401,597,3,2
401,598,3,2
401,599,3,2
401,600,3,2
401,601,3,2
401,602,3,2
401,603,3,2
401,604,3,2
401,605,3,2
401,606,3,2
401,607,3,2
401,608,3,2
401,609,3,2
401,610,3,2
401,611,3,2
401,612,3,2
401,613,3,2
401,614,3,2
401,615,3,2
401,616,3,2
401,617,3,2
401,618,3,2
401,619,3,2
401,620,3,2
401,621,3,2
401,622,3,2
401,623,3,2
401,624,3,2
401,625,3,2
401,626,3,2
401,627,3,2
401,628,3,2
401,629,3,2
401,630,3,2
401,631,3,2
401,632,3,2
401,633,3,2
401,634,3,2
401,635,3,2
401,636,3,2
401,637,3,2
401,638,3,2
401,639,3,2
401,640,3,2
401,641,3,2
401,642,3,2
401,643,3,2
401,644,3,2
401,645,3,2
401,646,3,2
401,647,3,2
401,648,3,2
401,649,3,2
401,650,3,2
401,651,3,2
401,652,3,2
401,653,3,2
401,654,3,2
401,655,3,2
401,656,3,2
401,657,3,2
401,658,3,2
401,659,3,2
401,660,3,2
401,661,3,2
401,662,3,2
401,663,3,2
401,664,3,2
401,665,3,2
401,666,3,2
401,667,3,2
401,668,3,2
401,669,3,2
401,670,3,2
401,671,3,2
401,672,3,2
401,673,3,2
401,674,3,2
402,71,3,2
402,72,3,2
402,73,3,2
402,74,3,2
402,75,3,2
402,76,3,2
402,77,3,3
402,78,3,3
402,79,3,3
402,80,3,3
402,81,3,3
402,82,3,3
402,83,3,3
402,84,3,3
402,85,3,3
402,86,3,3
402,87,3,3
402,88,3,3
402,89,3,3
402,90,3,3
402,91,3,3
402,92,3,3
402,93,3,3
402,94,3,3
402,95,3,3
402,96,3,2
402,97,3,2
402,98,3,2
402,99,3,2
402,100,3,2
402,101,3,2
402,102,3,2
402,103,3,2
402,104,3,2
402,105,3,2
402,106,3,2
402,107,3,2
402,108,3,2
402,109,3,2
402,110,3,2
402,111,3,2
402,112,3,2
402,113,3,2
402,114,3,2
402,115,3,2
402,116,3,2
402,117,3,2
402,118,3,2
402,119,3,2
402,120,3,2
402,121,3,2
402,122,3,2
402,123,3,2
402,124,3,2
402,125,3,2
402,126,3,2
402,127,3,2
402,128,3,2
402,129,3,2
402,130,3,2
402,131,3,2
402,132,3,2
402,133,3,2
402,134,3,2
402,135,3,2
402,136,3,2
402,137,3,2
402,138,3,2
402,139,3,2
402,140,3,2
402,141,3,2
402,142,3,2
402,143,3,2
402,144,3,2
402,145,3,2
402,146,3,2
402,147,3,2
402,148,3,2
402,149,3,2
402,150,3,2
402,151,3,2
402,152,3,2
402,153,3,2
402,154,3,2
402,155,3,2
402,156,3,2
402,157,3,2
402,158,3,2
402,159,3,2
402,160,3,2
402,161,3,2
402,162,3,2
402,163,3,2
402,164,3,2
402,165,3,2
402,166,3,2
402,167,3,2
402,168,3,2
402,169,3,2
402,170,3,2
402,171,3,2
402,172,3,2
402,173,3,2
402,174,3,2
402,175,3,2
402,176,3,2
402,177,3,2
402,178,3,2
402,179,3,2
402,180,3,2
402,181,3,2
402,182,3,2
402,183,3,2
402,184,3,2
402,185,3,2
402,186,3,2
402,187,3,2
402,188,3,2
402,189,3,2
402,190,3,2
402,191,3,2
402,192,3,2
402,193,3,2
402,194,3,2
402,195,3,2
402,196,3,2
402,197,3,2
402,198,3,2
402,199,3,2
402,200,3,2
402,201,3,2
402,202,3,2
402,203,3,2
402,204,3,2
402,205,3,2
402,206,3,2
402,207,3,2
402,208,3,2
402,209,3,2
402,210,3,2
402,211,3,2
402,212,3,2
402,213,3,2
402,214,3,2
402,215,3,2
402,216,3,2
402,217,3,2
402,218,3,2
402,219,3,2
402,220,3,2
402,221,3,2
402,222,3,2
402,223,3,2
402,224,3,2
402,225,3,2
402,226,3,2
402,227,3,2
402,228,3,2
402,229,3,2
402,230,3,2
402,231,3,2
402,232,3,2
402,233,3,2
402,234,3,2
402,235,3,2
402,236,3,2
402,237,3,2
402,238,3,2
402,239,3,2
402,240,3,2
402,241,3,2
402,242,3,2
402,243,3,2
402,244,3,2
402,245,3,2
402,246,3,2
402,247,3,2
402,248,3,2
402,249,3,2
402,250,3,2
402,251,3,2
402,252,3,2
402,253,3,2
402,254,3,2
402,255,3,2
402,256,3,2
402,257,3,2
402,258,3,2
402,259,3,2
402,260,3,2
402,261,3,2
402,262,3,2
402,263,3,2
402,264,3,2
402,265,3,2
402,266,3,2
402,267,3,2
402,268,3,2
402,269,3,2
402,270,3,2
402,271,3,2
402,272,3,2
402,273,3,2
402,274,3,2
402,275,3,2
402,276,3,2
402,277,3,2
402,278,3,2
402,279,3,2
402,280,3,2
402,281,3,2
402,282,3,2
402,283,3,2
402,284,3,2
402,285,3,2
402,286,3,2
402,287,3,2
402,288,3,2
402,289,3,2
402,290,3,2
402,291,3,2
402,292,3,2
402,293,3,2
402,294,3,2
402,295,3,2
402,296,3,2
402,297,3,2
402,298,3,2
402,299,3,2
402,300,3,2
402,301,3,2
402,302,3,2
402,303,3,2
402,304,3,2
402,305,3,2
402,306,3,2
402,307,3,2
402,308,3,2
402,309,3,2
402,310,3,2
402,311,3,2
402,312,3,2
402,313,3,2
402,314,3,2
402,315,3,2
402,316,3,2
402,317,3,2
402,318,3,2
402,319,3,2
402,320,3,2
402,321,3,2
402,322,3,2
402,323,3,2
402,324,3,2
402,325,3,2
402,326,3,2
402,327,3,2
402,328,3,2
402,329,3,2
402,330,3,2
402,331,3,2
402,332,3,2
402,333,3,2
402,334,3,2
402,335,3,2
402,336,3,2
402,337,3,2
402,338,3,2
402,339,3,2
402,340,3,2
402,341,3,2
402,342,3,2
402,343,3,2
402,344,3,2
402,345,3,2
402,346,3,2
402,347,3,2
402,348,3,2
402,349,3,2
402,350,3,2
402,351,3,2
402,352,3,2
402,353,3,2
402,354,3,2
402,355,3,2
402,356,3,2
402,357,3,2
402,358,3,2
402,359,3,2
402,360,3,2
402,361,3,2
402,362,3,2
402,363,3,2
402,364,3,2
402,365,3,2
402,366,3,2
402,367,3,2
402,368,3,2
402,369,3,2
402,370,3,2
402,371,3,2
402,372,3,2
402,373,3,2
402,374,3,2
402,375,3,2
402,376,3,2
402,377,3,2
402,378,3,2
402,379,3,2
402,380,3,2
402,381,3,2
402,382,3,2
402,383,3,2
402,384,3,2
402,385,3,2
402,386,3,2
402,387,3,2
402,388,3,2
402,389,3,2
402,390,3,2
402,391,3,2
402,392,3,2
402,393,3,2
402,394,3,2
402,395,3,2
402,396,3,2
402,397,3,2
402,398,3,2
402,399,3,2
402,400,3,2
402,401,3,2
402,402,3,2
402,403,3,2
402,404,3,2
402,405,3,2
402,406,3,2
402,407,3,2
402,408,3,2
402,409,3,2
402,410,3,2
402,411,3,2
402,412,3,2
402,413,3,2
402,414,3,2
402,415,3,2
402,416,3,2
402,417,3,2
402,418,3,2
402,419,3,2
402,420,3,2
402,421,3,2
402,422,3,2
402,423,3,2
402,424,3,2
402,425,3,2
402,426,3,2
402,427,3,2
402,428,3,2
402,429,3,2
402,430,3,2
402,431,3,2
402,432,3,2
402,433,3,2
402,434,3,2
402,435,3,2
402,436,3,2
402,437,3,2
402,438,3,2
402,439,3,2
402,440,3,2
402,441,3,2
402,442,3,2
402,443,3,2
402,444,3,2
402,445,3,2
402,446,3,2
402,447,3,2
402,448,3,2
402,449,3,2
402,450,3,2
402,451,3,2
402,452,3,2
402,453,3,2
402,454,3,2
402,455,3,2
402,456,3,2
402,457,3,2
402,458,3,2
402,459,3,2
402,460,3,2
402,461,3,2
402,462,3,2
402,463,3,2
402,464,3,2
402,465,3,2
402,466,3,2
402,467,3,2
402,468,3,2
402,469,3,2
402,470,3,2
402,471,3,2
402,472,3,2
402,473,3,2
402,474,3,2
402,475,3,2
402,476,3,2
402,477,3,2
402,478,3,2
402,479,3,2
402,480,3,2
402,481,3,2
402,482,3,2
402,483,3,2
402,484,3,2
402,485,3,2
402,486,3,3
402,487,3,3
402,488,3,3
402,489,3,3
402,490,3,3
402,491,3,3
402,492,3,3
402,493,3,3
402,494,3,3
402,495,3,3
402,496,3,3
402,497,3,3
402,498,3,3
402,499,3,3
402,500,3,3
402,501,3,3
402,502,3,3
402,503,3,3
402,504,3,3
402,505,3,3
402,506,3,3
402,507,3,3
402,508,3,3
402,509,3,3
402,510,3,3
402,511,3,3
402,512,3,3
402,513,3,3
402,514,3,3
402,515,3,3
402,516,3,3
402,517,3,3
402,518,3,3
402,519,3,3
402,520,3,3
402,521,3,3
402,522,3,3
402,523,3,3
402,524,3,3
402,525,3,3
402,526,3,3
402,527,3,3
402,528,3,3
402,529,3,3
402,530,3,3
402,531,3,3
402,532,3,3
402,533,3,3
402,534,3,3
402,535,3,3
402,536,3,3
402,537,3,3
402,538,3,3
402,539,3,3
402,540,3,3
402,541,3,2
402,542,3,2
402,543,3,2
402,544,3,2
402,545,3,2
402,546,3,2
402,547,3,2
402,548,3,2
402,549,3,2
402,550,3,2
402,551,3,2
402,552,3,2
402,553,3,2
402,554,3,2
402,555,3,2
402,556,3,2
402,557,3,2
402,558,3,2
402,559,3,2
402,560,3,2
402,561,3,2
402,562,3,2
402,563,3,2
402,564,3,2
402,565,3,2
402,566,3,2
402,567,3,2
402,568,3,2
402,569,3,2
402,570,3,2
402,571,3,2
402,572,3,2
402,573,3,2
402,574,3,2
402,575,3,2
402,576,3,2
402,577,3,2
402,578,3,2
402,579,3,2
402,580,3,2
402,581,3,2
402,582,3,2
402,583,3,2
402,584,3,2
402,585,3,2
402,586,3,2
402,587,3,2
402,588,3,2
402,589,3,2
402,590,3,2
402,591,3,2
402,592,3,2
402,593,3,2
402,594,3,2
402,595,3,2
402,596,3,2
402,597,3,2
402,598,3,2
402,599,3,2
402,600,3,2
402,601,3,2
402,602,3,2
402,603,3,2
402,604,3,2
402,605,3,2
402,606,3,2
402,607,3,2
402,608,3,2
402,609,3,2
402,610,3,2
402,611,3,2
402,612,3,2
402,613,3,2
402,614,3,2
402,615,3,2
402,616,3,2
402,617,3,2
402,618,3,2
402,619,3,2
402,620,3,2
402,621,3,2
402,622,3,2
402,623,3,2
402,624,3,2
402,625,3,2
402,626,3,2
402,627,3,2
402,628,3,2
402,629,3,2
402,630,3,2
402,631,3,2
402,632,3,2
402,633,3,2
402,634,3,2
402,635,3,2
402,636,3,2
402,637,3,2
402,638,3,2
402,639,3,2
402,640,3,2
402,641,3,2
402,642,3,2
402,643,3,2
402,644,3,2
402,645,3,2
402,646,3,2
402,647,3,2
402,648,3,2
402,649,3,2
402,650,3,2
402,651,3,2
402,652,3,2
402,653,3,2
402,654,3,2
402,655,3,2
402,656,3,2
402,657,3,2
402,658,3,2
402,659,3,2
402,660,3,2
402,661,3,2
402,662,3,2
402,663,3,2
402,664,3,2
402,665,3,2
402,666,3,2
402,667,3,2
402,668,3,2
402,669,3,2
402,670,3,2
402,671,3,2
402,672,3,2
402,673,3,2
402,674,3,2
403,71,3,2
403,72,3,2
403,73,3,2
403,74,3,2
403,75,3,2
403,76,3,2
403,77,3,3
403,78,3,3
403,79,3,3
403,80,3,3
403,81,3,3
403,82,3,3
403,83,3,3
403,84,3,3
403,85,3,3
403,86,3,3
403,87,3,3
403,88,3,3
403,89,3,3
403,90,3,3
403,91,3,3
403,92,3,3
403,93,3,3
403,94,3,3
403,95,3,3
403,96,3,2
403,97,3,2
403,98,3,2
403,99,3,2
403,100,3,2
403,101,3,2
403,102,3,2
403,103,3,2
403,104,3,2
403,105,3,2
403,106,3,2
403,107,3,2
403,108,3,2
403,109,3,2
403,110,3,2
403,111,3,2
403,112,3,2
403,113,3,2
403,114,3,2
403,115,3,2
403,116,3,2
403,117,3,2
403,118,3,2
403,119,3,2
403,120,3,2
403,121,3,2
403,122,3,2
403,123,3,2
403,124,3,2
403,125,3,2
403,126,3,2
403,127,3,2
403,128,3,2
403,129,3,2
403,130,3,2
403,131,3,2
403,132,3,2
403,133,3,2
403,134,3,2
403,135,3,2
403,136,3,2
403,137,3,2
403,138,3,2
403,139,3,2
403,140,3,2
403,141,3,2
403,142,3,2
403,143,3,2
403,144,3,2
403,145,3,2
403,146,3,2
403,147,3,2
403,148,3,2
403,149,3,2
403,150,3,2
403,151,3,2
403,152,3,2
403,153,3,2
403,154,3,2
403,155,3,2
403,156,3,2
403,157,3,2
403,158,3,2
403,159,3,2
403,160,3,2
403,161,3,2
403,162,3,2
403,163,3,2
403,164,3,2
403,165,3,2
403,166,3,2
403,167,3,2
403,168,3,2
403,169,3,2
403,170,3,2
403,171,3,2
403,172,3,2
403,173,3,2
403,174,3,2
403,175,3,2
403,176,3,2
403,177,3,2
403,178,3,2
403,179,3,2
403,180,3,2
403,181,3,2
403,182,3,2
403,183,3,2
403,184,3,2
403,185,3,2
403,186,3,2
403,187,3,2
403,188,3,2
403,189,3,2
403,190,3,2
403,191,3,2
403,192,3,2
403,193,3,2
403,194,3,2
403,195,3,2
403,196,3,2
403,197,3,2
403,198,3,2
403,199,3,2
403,200,3,2
403,201,3,2
403,202,3,2
403,203,3,2
403,204,3,2
403,205,3,2
403,206,3,2
403,207,3,2
403,208,3,2
403,209,3,2
403,210,3,2
403,211,3,2
403,212,3,2
403,213,3,2
403,214,3,2
403,215,3,2
403,216,3,2
403,217,3,2
403,218,3,2
403,219,3,2
403,220,3,2
403,221,3,2
403,222,3,2
403,223,3,2
403,224,3,2
403,225,3,2
403,226,3,2
403,227,3,2
403,228,3,2
403,229,3,2
403,230,3,2
403,231,3,2
403,232,3,2
403,233,3,2
403,234,3,2
403,235,3,2
403,236,3,2
403,237,3,2
403,238,3,2
403,239,3,2
403,240,3,2
403,241,3,2
403,242,3,2
403,243,3,2
403,244,3,2
403,245,3,2
403,246,3,2
403,247,3,2
403,248,3,2
403,249,3,2
403,250,3,2
403,251,3,2
403,252,3,2
403,253,3,2
403,254,3,2
403,255,3,2
403,256,3,2
403,257,3,2
403,258,3,2
403,259,3,2
403,260,3,2
403,261,3,2
403,262,3,2
403,263,3,2
403,264,3,2
403,265,3,2
403,266,3,2
403,267,3,2
403,268,3,2
403,269,3,2
403,270,3,2
403,271,3,2
403,272,3,2
403,273,3,2
403,274,3,2
403,275,3,2
403,276,3,2
403,277,3,2
403,278,3,2
403,279,3,2
403,280,3,2
403,281,3,2
403,282,3,2
403,283,3,2
403,284,3,2
403,285,3,2
403,286,3,2
403,287,3,2
403,288,3,2
403,289,3,2
403,290,3,2
403,291,3,2
403,292,3,2
403,293,3,2
403,294,3,2
403,295,3,2
403,296,3,2
403,297,3,2
403,298,3,2
403,299,3,2
403,300,3,2
403,301,3,2
403,302,3,2
403,303,3,2
403,304,3,2
403,305,3,2
403,306,3,2
403,307,3,2
403,308,3,2
403,309,3,2
403,310,3,2
403,311,3,2
403,312,3,2
403,313,3,2
403,314,3,2
403,315,3,2
403,316,3,2
403,317,3,2
403,318,3,2
403,319,3,2
403,320,3,2
403,321,3,2
403,322,3,2
403,323,3,2
403,324,3,2
403,325,3,2
403,326,3,2
403,327,3,2
403,328,3,2
403,329,3,2
403,330,3,2
403,331,3,2
403,332,3,2
403,333,3,2
403,334,3,2
403,335,3,2
403,336,3,2
403,337,3,2
403,338,3,2
403,339,3,2
403,340,3,2
403,341,3,2
403,342,3,2
403,343,3,2
403,344,3,2
403,345,3,2
403,346,3,2
403,347,3,2
403,348,3,2
403,349,3,2
403,350,3,2
403,351,3,2
403,352,3,2
403,353,3,2
403,354,3,2
403,355,3,2
403,356,3,2
403,357,3,2
403,358,3,2
403,359,3,2
403,360,3,2
403,361,3,2
403,362,3,2
403,363,3,2
403,364,3,2
403,365,3,2
403,366,3,2
403,367,3,2
403,368,3,2
403,369,3,2
403,370,3,2
403,371,3,2
403,372,3,2
403,373,3,2
403,374,3,2
403,375,3,2
403,376,3,2
403,377,3,2
403,378,3,2
403,379,3,2
403,380,3,2
403,381,3,2
403,382,3,2
403,383,3,2
403,384,3,2
403,385,3,2
403,386,3,2
403,387,3,2
403,388,3,2
403,389,3,2
403,390,3,2
403,391,3,2
403,392,3,2
403,393,3,2
403,394,3,2
403,395,3,2
403,396,3,2
403,397,3,2
403,398,3,2
403,399,3,2
403,400,3,2
403,401,3,2
403,402,3,2
403,403,3,2
403,404,3,2
403,405,3,2
403,406,3,2
403,407,3,2
403,408,3,2
403,409,3,2
403,410,3,2
403,411,3,2
403,412,3,2
403,413,3,2
403,414,3,2
403,415,3,2
403,416,3,2
403,417,3,2
403,418,3,2
403,419,3,2
403,420,3,2
403,421,3,2
403,422,3,2
403,423,3,2
403,424,3,2
403,425,3,2
403,426,3,2
403,427,3,2
403,428,3,2
403,429,3,2
403,430,3,2
403,431,3,2
403,432,3,2
403,433,3,2
403,434,3,2
403,435,3,2
403,436,3,2
403,437,3,2
403,438,3,2
403,439,3,2
403,440,3,2
403,441,3,2
403,442,3,2
403,443,3,2
403,444,3,2
403,445,3,2
403,446,3,2
403,447,3,2
403,448,3,2
403,449,3,2
403,450,3,2
403,451,3,2
403,452,3,2
403,453,3,2
403,454,3,2
403,455,3,2
403,456,3,2
403,457,3,2
403,458,3,2
403,459,3,2
403,460,3,2
403,461,3,2
403,462,3,2
403,463,3,2
403,464,3,2
403,465,3,2
403,466,3,2
403,467,3,2
403,468,3,2
403,469,3,2
403,470,3,2
403,471,3,2
403,472,3,2
403,473,3,2
403,474,3,2
403,475,3,2
403,476,3,2
403,477,3,2
403,478,3,2
403,479,3,2
403,480,3,2
403,481,3,2
403,482,3,2
403,483,3,2
403,484,3,2
403,485,3,3
403,486,3,3
403,487,3,3
403,488,3,3
403,489,3,3
403,490,3,3
403,491,3,3
403,492,3,3
403,493,3,3
403,494,3,3
403,495,3,3
403,496,3,3
403,497,3,3
403,498,3,3
403,499,3,3
403,500,3,3
403,501,3,3
403,502,3,3
403,503,3,3
403,504,3,3
403,505,3,3
403,506,3,3
403,507,3,3
403,508,3,3
403,509,3,3
403,510,3,3
403,511,3,3
403,512,3,3
403,513,3,3
403,514,3,3
403,515,3,3
403,516,3,3
403,517,3,3
403,518,3,3
403,519,3,3
403,520,3,3
403,521,3,3
403,522,3,3
403,523,3,3
403,524,3,3
403,525,3,3
403,526,3,3
403,527,3,3
403,528,3,3
403,529,3,3
403,530,3,3
403,531,3,3
403,532,3,3
403,533,3,3
403,534,3,3
403,535,3,3
403,536,3,3
403,537,3,3
403,538,3,3
403,539,3,3
403,540,3,3
403,541,3,3
403,542,3,3
403,543,3,3
403,544,3,2
403,545,3,2
403,546,3,2
403,547,3,2
403,548,3,2
403,549,3,2
403,550,3,2
403,551,3,2
403,552,3,2
403,553,3,2
403,554,3,2
403,555,3,3
403,556,3,2
403,557,3,2
403,558,3,2
403,559,3,2
403,560,3,2
403,561,3,2
403,562,3,2
403,563,3,3
403,564,3,3
403,565,3,2
403,566,3,2
403,567,3,2
403,568,3,2
403,569,3,2
403,570,3,2
403,571,3,2
403,572,3,2
403,573,3,2
403,574,3,2
403,575,3,2
403,576,3,2
403,577,3,2
403,578,3,2
403,579,3,2
403,580,3,2
403,581,3,2
403,582,3,2
403,583,3,2
403,584,3,2
403,585,3,2
403,586,3,2
403,587,3,2
403,588,3,2
403,589,3,2
403,590,3,2
403,591,3,2
403,592,3,2
403,593,3,2
403,594,3,2
403,595,3,2
403,596,3,2
403,597,3,2
403,598,3,2
403,599,3,2
403,600,3,2
403,601,3,2
403,602,3,2
403,603,3,2
403,604,3,2
403,605,3,2
403,606,3,2
403,607,3,2
403,608,3,2
403,609,3,2
403,610,3,2
403,611,3,2
403,612,3,2
403,613,3,2
403,614,3,2
403,615,3,2
403,616,3,2
403,617,3,2
403,618,3,2
403,619,3,2
403,620,3,2
403,621,3,2
403,622,3,2
403,623,3,2
403,624,3,2
403,625,3,2
403,626,3,2
403,627,3,2
403,628,3,2
403,629,3,2
403,630,3,2
403,631,3,2
403,632,3,2
403,633,3,2
403,634,3,2
403,635,3,2
403,636,3,2
403,637,3,2
403,638,3,2
403,639,3,2
403,640,3,2
403,641,3,2
403,642,3,2
403,643,3,2
403,644,3,2
403,645,3,2
403,646,3,2
403,647,3,2
403,648,3,2
403,649,3,2
403,650,3,2
403,651,3,2
403,652,3,2
403,653,3,2
403,654,3,2
403,655,3,2
403,656,3,2
403,657,3,2
403,658,3,2
403,659,3,2
403,660,3,2
403,661,3,2
403,662,3,2
403,663,3,2
403,664,3,2
403,665,3,2
403,666,3,2
403,667,3,2
403,668,3,2
403,669,3,2
403,670,3,2
403,671,3,2
403,672,3,2
403,673,3,2
403,674,3,2
404,70,3,2
404,71,3,2
404,72,3,2
404,73,3,2
404,74,3,2
404,75,3,2
404,76,3,2
404,77,3,2
404,78,3,3
404,79,3,3
404,80,3,3
404,81,3,3
404,82,3,3
404,83,3,3
404,84,3,3
404,85,3,3
404,86,3,3
404,87,3,3
404,88,3,3
404,89,3,3
404,90,3,3
404,91,3,3
404,92,3,3
404,93,3,3
404,94,3,3
404,95,3,2
404,96,3,2
404,97,3,2
404,98,3,2
404,99,3,2
404,100,3,2
404,101,3,2
404,102,3,2
404,103,3,2
404,104,3,2
404,105,3,2
404,106,3,2
404,107,3,2
404,108,3,2
404,109,3,2
404,110,3,2
404,111,3,2
404,112,3,2
404,113,3,2
404,114,3,2
404,115,3,2
404,116,3,2
404,117,3,2
404,118,3,2
404,119,3,2
404,120,3,2
404,121,3,2
404,122,3,2
404,123,3,2
404,124,3,2
404,125,3,2
404,126,3,2
404,127,3,2
404,128,3,2
404,129,3,2
404,130,3,2
404,131,3,2
404,132,3,2
404,133,3,2
404,134,3,2
404,135,3,2
404,136,3,2
404,137,3,2
404,138,3,2
404,139,3,2
404,140,3,2
404,141,3,2
404,142,3,2
404,143,3,2
404,144,3,2
404,145,3,2
404,146,3,2
404,147,3,2
404,148,3,2
404,149,3,2
404,150,3,2
404,151,3,2
404,152,3,2
404,153,3,2
404,154,3,2
404,155,3,2
404,156,3,2
404,157,3,2
404,158,3,2
404,159,3,2
404,160,3,2
404,161,3,2
404,162,3,2
404,163,3,2
404,164,3,2
404,165,3,2
404,166,3,2
404,167,3,2
404,168,3,2
404,169,3,2
404,170,3,2
404,171,3,2
404,172,3,2
404,173,3,2
404,174,3,2
404,175,3,2
404,176,3,2
404,177,3,2
404,178,3,2
404,179,3,2
404,180,3,2
404,181,3,2
404,182,3,2
404,183,3,2
404,184,3,2
404,185,3,2
404,186,3,2
404,187,3,2
404,188,3,2
404,189,3,2
404,190,3,2
404,191,3,2
404,192,3,2
404,193,3,2
404,194,3,2
404,195,3,2
404,196,3,2
404,197,3,2
404,198,3,2
404,199,3,2
404,200,3,2
404,201,3,2
404,202,3,2
404,203,3,2
404,204,3,2
404,205,3,2
404,206,3,2
404,207,3,2
404,208,3,2
404,209,3,2
404,210,3,2
404,211,3,2
404,212,3,2
404,213,3,2
404,214,3,2
404,215,3,2
404,216,3,2
404,217,3,2
404,218,3,2
404,219,3,2
404,220,3,2
404,221,3,2
404,222,3,2
404,223,3,2
404,224,3,2
404,225,3,2
404,226,3,2
404,227,3,2
404,228,3,2
404,229,3,2
404,230,3,2
404,231,3,2
404,232,3,2
404,233,3,2
404,234,3,2
404,235,3,2
404,236,3,2
404,237,3,2
404,238,3,2
404,239,3,2
404,240,3,2
404,241,3,2
404,242,3,2
404,243,3,2
404,244,3,2
404,245,3,2
404,246,3,2
404,247,3,2
404,248,3,2
404,249,3,2
404,250,3,2
404,251,3,2
404,252,3,2
404,253,3,2
404,254,3,2
404,255,3,2
404,256,3,2
404,257,3,2
404,258,3,2
404,259,3,2
404,260,3,2
404,261,3,2
404,262,3,2
404,263,3,2
404,264,3,2
404,265,3,2
404,266,3,2
404,267,3,2
404,268,3,2
404,269,3,2
404,270,3,2
404,271,3,2
404,272,3,2
404,273,3,2
404,274,3,2
404,275,3,2
404,276,3,2
404,277,3,2
404,278,3,2
404,279,3,2
404,280,3,2
404,281,3,2
404,282,3,2
404,283,3,2
404,284,3,2
404,285,3,2
404,286,3,2
404,287,3,2
404,288,3,2
404,289,3,2
404,290,3,2
404,291,3,2
404,292,3,2
404,293,3,2
404,294,3,2
404,295,3,2
404,296,3,2
404,297,3,2
404,298,3,2
404,299,3,2
404,300,3,2
404,301,3,2
404,302,3,2
404,303,3,2
404,304,3,2
404,305,3,2
404,306,3,2
404,307,3,2
404,308,3,2
404,309,3,2
404,310,3,2
404,311,3,2
404,312,3,2
404,313,3,2
404,314,3,2
404,315,3,2
404,316,3,2
404,317,3,2
404,318,3,2
404,319,3,2
404,320,3,2
404,321,3,2
404,322,3,2
404,323,3,2
404,324,3,2
404,325,3,2
404,326,3,2
404,327,3,2
404,328,3,2
404,329,3,2
404,330,3,2
404,331,3,2
404,332,3,2
404,333,3,2
404,334,3,2
404,335,3,2
404,336,3,2
404,337,3,2
404,338,3,2
404,339,3,2
404,340,3,2
404,341,3,2
404,342,3,2
404,343,3,2
404,344,3,2
404,345,3,2
404,346,3,2
404,347,3,2
404,348,3,2
404,349,3,2
404,350,3,2
404,351,3,2
404,352,3,2
404,353,3,2
404,354,3,2
404,355,3,2
404,356,3,2
404,357,3,2
404,358,3,2
404,359,3,2
404,360,3,2
404,361,3,2
404,362,3,2
404,363,3,2
404,364,3,2
404,365,3,2
404,366,3,2
404,367,3,2
404,368,3,2
404,369,3,2
404,370,3,2
404,371,3,2
404,372,3,2
404,373,3,2
404,374,3,2
404,375,3,2
404,376,3,2
404,377,3,2
404,378,3,2
404,379,3,2
404,380,3,2
404,381,3,2
404,382,3,2
404,383,3,2
404,384,3,2
404,385,3,2
404,386,3,2
404,387,3,2
404,388,3,2
404,389,3,2
404,390,3,2
404,391,3,2
404,392,3,2
404,393,3,2
404,394,3,2
404,395,3,2
404,396,3,2
404,397,3,2
404,398,3,2
404,399,3,2
404,400,3,2
404,401,3,2
404,402,3,2
404,403,3,2
404,404,3,2
404,405,3,2
404,406,3,2
404,407,3,2
404,408,3,2
404,409,3,2
404,410,3,2
404,411,3,2
404,412,3,2
404,413,3,2
404,414,3,2
404,415,3,2
404,416,3,2
404,417,3,2
404,418,3,2
404,419,3,2
404,420,3,2
404,421,3,2
404,422,3,2
404,423,3,2
404,424,3,2
404,425,3,2
404,426,3,2
404,427,3,2
404,428,3,2
404,429,3,2
404,430,3,2
404,431,3,2
404,432,3,2
404,433,3,2
404,434,3,2
404,435,3,2
404,436,3,2
404,437,3,2
404,438,3,2
404,439,3,2
404,440,3,2
404,441,3,2
404,442,3,2
404,443,3,2
404,444,3,2
404,445,3,2
404,446,3,2
404,447,3,2
404,448,3,2
404,449,3,2
404,450,3,2
404,451,3,2
404,452,3,2
404,453,3,2
404,454,3,2
404,455,3,2
404,456,3,2
404,457,3,2
404,458,3,2
404,459,3,2
404,460,3,2
404,461,3,2
404,462,3,2
404,463,3,2
404,464,3,2
404,465,3,2
404,466,3,2
404,467,3,2
404,468,3,2
404,469,3,2
404,470,3,2
404,471,3,2
404,472,3,2
404,473,3,2
404,474,3,2
404,475,3,2
404,476,3,2
404,477,3,2
404,478,3,2
404,479,3,2
404,480,3,2
404,481,3,2
404,482,3,2
404,483,3,3
404,484,3,3
404,485,3,3
404,486,3,3
404,487,3,3
404,488,3,3
404,489,3,3
404,490,3,3
404,491,3,3
404,492,3,3
404,493,3,3
404,494,3,3
404,495,3,3
404,496,3,3
404,497,3,3
404,498,3,3
404,499,3,3
404,500,3,3
404,501,3,3
404,502,3,3
404,503,3,3
404,504,3,3
404,505,3,3
404,506,3,3
404,507,3,3
404,508,3,3
404,509,3,3
404,510,3,3
404,511,3,3
404,512,3,3
404,513,3,3
404,514,3,3
404,515,3,3
404,516,3,3
404,517,3,3
404,518,3,3
404,519,3,3
404,520,3,3
404,521,3,3
404,522,3,3
404,523,3,3
404,524,3,3
404,525,3,3
404,526,3,3
404,527,3,3
404,528,3,3
404,529,3,3
404,530,3,3
404,531,3,3
404,532,3,3
404,533,3,3
404,534,3,3
404,535,3,3
404,536,3,3
404,537,3,3
404,538,3,3
404,539,3,3
404,540,3,3
404,541,3,3
404,542,3,3
404,543,3,3
404,544,3,3
404,545,3,2
404,546,3,2
404,547,3,2
404,548,3,2
404,549,3,2
404,550,3,2
404,551,3,2
404,552,3,2
404,553,3,2
404,554,3,2
404,555,3,3
404,556,3,3
404,557,3,2
404,558,3,2
404,559,3,2
404,560,3,2
404,561,3,2
404,562,3,2
404,563,3,2
404,564,3,3
404,565,3,2
404,566,3,2
404,567,3,2
404,568,3,2
404,569,3,2
404,570,3,2
404,571,3,2
404,572,3,2
404,573,3,2
404,574,3,2
404,575,3,2
404,576,3,2
404,577,3,2
404,578,3,2
404,579,3,2
404,580,3,2
404,581,3,2
404,582,3,2
404,583,3,2
404,584,3,2
404,585,3,2
404,586,3,2
404,587,3,2
404,588,3,2
404,589,3,2
404,590,3,2
404,591,3,2
404,592,3,2
404,593,3,2
404,594,3,2
404,595,3,2
404,596,3,2
404,597,3,2
404,598,3,2
404,599,3,2
404,600,3,2
404,601,3,2
404,602,3,2
404,603,3,2
404,604,3,2
404,605,3,2
404,606,3,2
404,607,3,2
404,608,3,2
404,609,3,2
404,610,3,2
404,611,3,2
404,612,3,2
404,613,3,2
404,614,3,2
404,615,3,2
404,616,3,2
404,617,3,2
404,618,3,2
404,619,3,2
404,620,3,2
404,621,3,2
404,622,3,2
404,623,3,2
404,624,3,2
404,625,3,2
404,626,3,2
404,627,3,2
404,628,3,2
404,629,3,2
404,630,3,2
404,631,3,2
404,632,3,2
404,633,3,2
404,634,3,2
404,635,3,2
404,636,3,2
404,637,3,2
404,638,3,2
404,639,3,2
404,640,3,2
404,641,3,2
404,642,3,2
404,643,3,2
404,644,3,2
404,645,3,2
404,646,3,2
404,647,3,2
404,648,3,2
404,649,3,2
404,650,3,2
404,651,3,2
404,652,3,2
404,653,3,2
404,654,3,2
404,655,3,2
404,656,3,2
404,657,3,2
404,658,3,2
404,659,3,2
404,660,3,2
404,661,3,2
404,662,3,2
404,663,3,2
404,664,3,2
404,665,3,2
404,666,3,2
404,667,3,2
404,668,3,2
404,669,3,2
404,670,3,2
404,671,3,2
404,672,3,2
404,673,3,2
404,674,3,2
405,70,3,2
405,71,3,2
405,72,3,2
405,73,3,2
405,74,3,2
405,75,3,2
405,76,3,2
405,77,3,2
405,78,3,3
405,79,3,3
405,80,3,3
405,81,3,3
405,82,3,3
405,83,3,3
405,84,3,3
405,85,3,3
405,86,3,3
405,87,3,3
405,88,3,3
405,89,3,3
405,90,3,3
405,91,3,3
405,92,3,3
405,93,3,3
405,94,3,2
405,95,3,2
405,96,3,2
405,97,3,2
405,98,3,2
405,99,3,2
405,100,3,2
405,101,3,2
405,102,3,2
405,103,3,2
405,104,3,2
405,105,3,2
405,106,3,2
405,107,3,2
405,108,3,2
405,109,3,2
405,110,3,2
405,111,3,2
405,112,3,2
405,113,3,2
405,114,3,2
405,115,3,2
405,116,3,2
405,117,3,2
405,118,3,2
405,119,3,2
405,120,3,2
405,121,3,2
405,122,3,2
405,123,3,2
405,124,3,2
405,125,3,2
405,126,3,2
405,127,3,2
405,128,3,2
405,129,3,2
405,130,3,2
405,131,3,2
405,132,3,2
405,133,3,2
405,134,3,2
405,135,3,2
405,136,3,2
405,137,3,2
405,138,3,2
405,139,3,2
405,140,3,2
405,141,3,2
405,142,3,2
405,143,3,2
405,144,3,2
405,145,3,2
405,146,3,2
405,147,3,2
405,148,3,2
405,149,3,2
405,150,3,2
405,151,3,2
405,152,3,2
405,153,3,2
405,154,3,2
405,155,3,2
405,156,3,2
405,157,3,2
405,158,3,2
405,159,3,2
405,160,3,2
405,161,3,2
405,162,3,2
405,163,3,2
405,164,3,2
405,165,3,2
405,166,3,2
405,167,3,2
405,168,3,2
405,169,3,2
405,170,3,2
405,171,3,2
405,172,3,2
405,173,3,2
405,174,3,2
405,175,3,2
405,176,3,2
405,177,3,2
405,178,3,2
405,179,3,2
405,180,3,2
405,181,3,2
405,182,3,2
405,183,3,2
405,184,3,2
405,185,3,2
405,186,3,2
405,187,3,2
405,188,3,2
405,189,3,2
405,190,3,2
405,191,3,2
405,192,3,2
405,193,3,2
405,194,3,2
405,195,3,2
405,196,3,2
405,197,3,2
405,198,3,2
405,199,3,2
405,200,3,2
405,201,3,2
405,202,3,2
405,203,3,2
405,204,3,2
405,205,3,2
405,206,3,2
405,207,3,2
405,208,3,2
405,209,3,2
405,210,3,2
405,211,3,2
405,212,3,2
405,213,3,2
405,214,3,2
405,215,3,2
405,216,3,2
405,217,3,2
405,218,3,2
405,219,3,2
405,220,3,2
405,221,3,2
405,222,3,2
405,223,3,2
405,224,3,2
405,225,3,2
405,226,3,2
405,227,3,2
405,228,3,2
405,229,3,2
405,230,3,2
405,231,3,2
405,232,3,2
405,233,3,2
405,234,3,2
405,235,3,2
405,236,3,2
405,237,3,2
405,238,3,2
405,239,3,2
405,240,3,2
405,241,3,2
405,242,3,2
405,243,3,2
405,244,3,2
405,245,3,2
405,246,3,2
405,247,3,2
405,248,3,2
405,249,3,2
405,250,3,2
405,251,3,2
405,252,3,2
405,253,3,2
405,254,3,2
405,255,3,2
405,256,3,2
405,257,3,2
405,258,3,2
405,259,3,2
405,260,3,2
405,261,3,2
405,262,3,2
405,263,3,2
405,264,3,2
405,265,3,2
405,266,3,2
405,267,3,2
405,268,3,2
405,269,3,2
405,270,3,2
405,271,3,2
405,272,3,2
405,273,3,2
405,274,3,2
405,275,3,2
405,276,3,2
405,277,3,2
405,278,3,2
405,279,3,2
405,280,3,2
405,281,3,2
405,282,3,2
405,283,3,2
405,284,3,2
405,285,3,2
405,286,3,2
405,287,3,2
405,288,3,2
405,289,3,2
405,290,3,2
405,291,3,2
405,292,3,2
405,293,3,2
405,294,3,2
405,295,3,2
405,296,3,2
405,297,3,2
405,298,3,2
405,299,3,2
405,300,3,2
405,301,3,2
405,302,3,2
405,303,3,2
405,304,3,2
405,305,3,2
405,306,3,2
405,307,3,2
405,308,3,2
405,309,3,2
405,310,3,2
405,311,3,2
405,312,3,2
405,313,3,2
405,314,3,2
405,315,3,2
405,316,3,2
405,317,3,2
405,318,3,2
405,319,3,2
405,320,3,2
405,321,3,2
405,322,3,2
405,323,3,2
405,324,3,2
405,325,3,2
405,326,3,2
405,327,3,2
405,328,3,2
405,329,3,2
405,330,3,2
405,331,3,2
405,332,3,2
405,333,3,2
405,334,3,2
405,335,3,2
405,336,3,2
405,337,3,2
405,338,3,2
405,339,3,2
405,340,3,2
405,341,3,2
405,342,3,2
405,343,3,2
405,344,3,2
405,345,3,2
405,346,3,2
405,347,3,2
405,348,3,2
405,349,3,2
405,350,3,2
405,351,3,2
405,352,3,2
405,353,3,2
405,354,3,2
405,355,3,2
405,356,3,2
405,357,3,2
405,358,3,2
405,359,3,2
405,360,3,2
405,361,3,2
405,362,3,2
405,363,3,2
405,364,3,2
405,365,3,2
405,366,3,2
405,367,3,2
405,368,3,2
405,369,3,2
405,370,3,2
405,371,3,2
405,372,3,2
405,373,3,2
405,374,3,2
405,375,3,2
405,376,3,2
405,377,3,2
405,378,3,2
405,379,3,2
405,380,3,2
405,381,3,2
405,382,3,2
405,383,3,2
405,384,3,2
405,385,3,2
405,386,3,2
405,387,3,2
405,388,3,2
405,389,3,2
405,390,3,2
405,391,3,2
405,392,3,2
405,393,3,2
405,394,3,2
405,395,3,2
405,396,3,2
405,397,3,2
405,398,3,2
405,399,3,2
405,400,3,2
405,401,3,2
405,402,3,2
405,403,3,2
405,404,3,2
405,405,3,2
405,406,3,2
405,407,3,2
405,408,3,2
405,409,3,2
405,410,3,2
405,411,3,2
405,412,3,2
405,413,3,2
405,414,3,2
405,415,3,2
405,416,3,2
405,417,3,2
405,418,3,2
405,419,3,2
405,420,3,2
405,421,3,2
405,422,3,2
405,423,3,2
405,424,3,2
405,425,3,2
405,426,3,2
405,427,3,2
405,428,3,2
405,429,3,2
405,430,3,2
405,431,3,2
405,432,3,2
405,433,3,2
405,434,3,2
405,435,3,2
405,436,3,2
405,437,3,2
405,438,3,2
405,439,3,2
405,440,3,2
405,441,3,2
405,442,3,2
405,443,3,2
405,444,3,2
405,445,3,2
405,446,3,2
405,447,3,2
405,448,3,2
405,449,3,2
405,450,3,2
405,451,3,2
405,452,3,2
405,453,3,2
405,454,3,2
405,455,3,2
405,456,3,2
405,457,3,2
405,458,3,2
405,459,3,2
405,460,3,2
405,461,3,2
405,462,3,2
405,463,3,2
405,464,3,2
405,465,3,2
405,466,3,2
405,467,3,2
405,468,3,2
405,469,3,2
405,470,3,2
405,471,3,2
405,472,3,2
405,473,3,2
405,474,3,2
405,475,3,2
405,476,3,2
405,477,3,2
405,478,3,2
405,479,3,2
405,480,3,2
405,481,3,3
405,482,3,3
405,483,3,3
405,484,3,3
405,485,3,3
405,486,3,3
405,487,3,3
405,488,3,3
405,489,3,3
405,490,3,3
405,491,3,3
405,492,3,3
405,493,3,3
405,494,3,3
405,495,3,3
405,496,3,3
405,497,3,3
405,498,3,3
405,499,3,3
405,500,3,3
405,501,3,3
405,502,3,3
405,503,3,3
405,504,3,3
405,505,3,3
405,506,3,3
405,507,3,3
405,508,3,3
405,509,3,3
405,510,3,3
405,511,3,3
405,512,3,3
405,513,3,3
405,514,3,3
405,515,3,3
405,516,3,3
405,517,3,3
405,518,3,3
405,519,3,3
405,520,3,3
405,521,3,3
405,522,3,3
405,523,3,3
405,524,3,3
405,525,3,3
405,526,3,3
405,527,3,3
405,528,3,3
405,529,3,3
405,530,3,3
405,531,3,3
405,532,3,3
405,533,3,3
405,534,3,3
405,535,3,3
405,536,3,3
405,537,3,3
405,538,3,3
405,539,3,3
405,540,3,3
405,541,3,3
405,542,3,3
405,543,3,3
405,544,3,3
405,545,3,3
405,546,3,2
405,547,3,2
405,548,3,2
405,549,3,2
405,550,3,2
405,551,3,2
405,552,3,2
405,553,3,2
405,554,3,2
405,555,3,3
405,556,3,3
405,557,3,2
405,558,3,2
405,559,3,2
405,560,3,2
405,561,3,2
405,562,3,2
405,563,3,2
405,564,3,2
405,565,3,2
405,566,3,2
405,567,3,2
405,568,3,2
405,569,3,2
405,570,3,2
405,571,3,2
405,572,3,2
405,573,3,2
405,574,3,2
405,575,3,2
405,576,3,2
405,577,3,2
405,578,3,2
405,579,3,2
405,580,3,2
405,581,3,2
405,582,3,2
405,583,3,2
405,584,3,2
405,585,3,2
405,586,3,2
405,587,3,2
405,588,3,2
405,589,3,2
405,590,3,2
405,591,3,2
405,592,3,2
405,593,3,2
405,594,3,2
405,595,3,2
405,596,3,2
405,597,3,2
405,598,3,2
405,599,3,2
405,600,3,2
405,601,3,2
405,602,3,2
405,603,3,2
405,604,3,2
405,605,3,2
405,606,3,2
405,607,3,2
405,608,3,2
405,609,3,2
405,610,3,2
405,611,3,2
405,612,3,2
405,613,3,2
405,614,3,2
405,615,3,2
405,616,3,2
405,617,3,2
405,618,3,2
405,619,3,2
405,620,3,2
405,621,3,2
405,622,3,2
405,623,3,2
405,624,3,2
405,625,3,2
405,626,3,2
405,627,3,2
405,628,3,2
405,629,3,2
405,630,3,2
405,631,3,2
405,632,3,2
405,633,3,2
405,634,3,2
405,635,3,2
405,636,3,2
405,637,3,2
405,638,3,2
405,639,3,2
405,640,3,2
405,641,3,2
405,642,3,2
405,643,3,2
405,644,3,2
405,645,3,2
405,646,3,2
405,647,3,2
405,648,3,2
405,649,3,2
405,650,3,2
405,651,3,2
405,652,3,2
405,653,3,2
405,654,3,2
405,655,3,2
405,656,3,2
405,657,3,2
405,658,3,2
405,659,3,2
405,660,3,2
405,661,3,2
405,662,3,2
405,663,3,2
405,664,3,2
405,665,3,2
405,666,3,2
405,667,3,2
405,668,3,2
405,669,3,2
405,670,3,2
405,671,3,2
405,672,3,2
405,673,3,2
405,674,3,2
406,69,3,2
406,70,3,2
406,71,3,2
406,72,3,2
406,73,3,2
406,74,3,2
406,75,3,2
406,76,3,2
406,77,3,2
406,78,3,2
406,79,3,2
406,80,3,3
406,81,3,3
406,82,3,3
406,83,3,3
406,84,3,3
406,85,3,3
406,86,3,3
406,87,3,3
406,88,3,3
406,89,3,3
406,90,3,3
406,91,3,3
406,92,3,3
406,93,3,2
406,94,3,2
406,95,3,2
406,96,3,2
406,97,3,2
406,98,3,2
406,99,3,2
406,100,3,2
406,101,3,2
406,102,3,2
406,103,3,2
406,104,3,2
406,105,3,2
406,106,3,2
406,107,3,2
406,108,3,2
406,109,3,2
406,110,3,2
406,111,3,2
406,112,3,2
406,113,3,2
406,114,3,2
406,115,3,2
406,116,3,2
406,117,3,2
406,118,3,2
406,119,3,2
406,120,3,2
406,121,3,2
406,122,3,2
406,123,3,2
406,124,3,2
406,125,3,2
406,126,3,2
406,127,3,2
406,128,3,2
406,129,3,2
406,130,3,2
406,131,3,2
406,132,3,2
406,133,3,2
406,134,3,2
406,135,3,2
406,136,3,2
406,137,3,2
406,138,3,2
406,139,3,2
406,140,3,2
406,141,3,2
406,142,3,2
406,143,3,2
406,144,3,2
406,145,3,2
406,146,3,2
406,147,3,2
406,148,3,2
406,149,3,2
406,150,3,2
406,151,3,2
406,152,3,2
406,153,3,2
406,154,3,2
406,155,3,2
406,156,3,2
406,157,3,2
406,158,3,2
406,159,3,2
406,160,3,2
406,161,3,2
406,162,3,2
406,163,3,2
406,164,3,2
406,165,3,2
406,166,3,2
406,167,3,2
406,168,3,2
406,169,3,2
406,170,3,2
406,171,3,2
406,172,3,2
406,173,3,2
406,174,3,2
406,175,3,2
406,176,3,2
406,177,3,2
406,178,3,2
406,179,3,2
406,180,3,2
406,181,3,2
406,182,3,2
406,183,3,2
406,184,3,2
406,185,3,2
406,186,3,2
406,187,3,2
406,188,3,2
406,189,3,2
406,190,3,2
406,191,3,2
406,192,3,2
406,193,3,2
406,194,3,2
406,195,3,2
406,196,3,2
406,197,3,2
406,198,3,2
406,199,3,2
406,200,3,2
406,201,3,2
406,202,3,2
406,203,3,2
406,204,3,2
406,205,3,2
406,206,3,2
406,207,3,2
406,208,3,2
406,209,3,2
406,210,3,2
406,211,3,2
406,212,3,2
406,213,3,2
406,214,3,2
406,215,3,2
406,216,3,2
406,217,3,2
406,218,3,2
406,219,3,2
406,220,3,2
406,221,3,2
406,222,3,2
406,223,3,2
406,224,3,2
406,225,3,2
406,226,3,2
406,227,3,2
406,228,3,2
406,229,3,2
406,230,3,2
406,231,3,2
406,232,3,2
406,233,3,2
406,234,3,2
406,235,3,2
406,236,3,2
406,237,3,2
406,238,3,2
406,239,3,2
406,240,3,2
406,241,3,2
406,242,3,2
406,243,3,2
406,244,3,2
406,245,3,2
406,246,3,2
406,247,3,2
406,248,3,2
406,249,3,2
406,250,3,2
406,251,3,2
406,252,3,2
406,253,3,2
406,254,3,2
406,255,3,2
406,256,3,2
406,257,3,2
406,258,3,2
406,259,3,2
406,260,3,2
406,261,3,2
406,262,3,2
406,263,3,2
406,264,3,2
406,265,3,2
406,266,3,2
406,267,3,2
406,268,3,2
406,269,3,2
406,270,3,2
406,271,3,2
406,272,3,2
406,273,3,2
406,274,3,2
406,275,3,2
406,276,3,2
406,277,3,2
406,278,3,2
406,279,3,2
406,280,3,2
406,281,3,2
406,282,3,2
406,283,3,2
406,284,3,2
406,285,3,2
406,286,3,2
406,287,3,2
406,288,3,2
406,289,3,2
406,290,3,2
406,291,3,2
406,292,3,2
406,293,3,2
406,294,3,2
406,295,3,2
406,296,3,2
406,297,3,2
406,298,3,2
406,299,3,2
406,300,3,2
406,301,3,2
406,302,3,2
406,303,3,2
406,304,3,2
406,305,3,2
406,306,3,2
406,307,3,2
406,308,3,2
406,309,3,2
406,310,3,2
406,311,3,2
406,312,3,2
406,313,3,2
406,314,3,2
406,315,3,2
406,316,3,2
406,317,3,2
406,318,3,2
406,319,3,2
406,320,3,2
406,321,3,2
406,322,3,2
406,323,3,2
406,324,3,2
406,325,3,2
406,326,3,2
406,327,3,2
406,328,3,2
406,329,3,2
406,330,3,2
406,331,3,2
406,332,3,2
406,333,3,2
406,334,3,2
406,335,3,2
406,336,3,2
406,337,3,2
406,338,3,2
406,339,3,2
406,340,3,2
406,341,3,2
406,342,3,2
406,343,3,2
406,344,3,2
406,345,3,2
406,346,3,2
406,347,3,2
406,348,3,2
406,349,3,2
406,350,3,2
406,351,3,2
406,352,3,2
406,353,3,2
406,354,3,2
406,355,3,2
406,356,3,2
406,357,3,2
406,358,3,2
406,359,3,2
406,360,3,2
406,361,3,2
406,362,3,2
406,363,3,2
406,364,3,2
406,365,3,2
406,366,3,2
406,367,3,2
406,368,3,2
406,369,3,2
406,370,3,2
406,371,3,2
406,372,3,2
406,373,3,2
406,374,3,2
406,375,3,2
406,376,3,2
406,377,3,2
406,378,3,2
406,379,3,2
406,380,3,2
406,381,3,2
406,382,3,2
406,383,3,2
406,384,3,2
406,385,3,2
406,386,3,2
406,387,3,2
406,388,3,2
406,389,3,2
406,390,3,2
406,391,3,2
406,392,3,2
406,393,3,2
406,394,3,2
406,395,3,2
406,396,3,2
406,397,3,2
406,398,3,2
406,399,3,2
406,400,3,2
406,401,3,2
406,402,3,2
406,403,3,2
406,404,3,2
406,405,3,2
406,406,3,2
406,407,3,2
406,408,3,2
406,409,3,2
406,410,3,2
406,411,3,2
406,412,3,2
406,413,3,2
406,414,3,2
406,415,3,2
406,416,3,2
406,417,3,2
406,418,3,2
406,419,3,2
406,420,3,2
406,421,3,2
406,422,3,2
406,423,3,2
406,424,3,2
406,425,3,2
406,426,3,2
406,427,3,2
406,428,3,2
406,429,3,2
406,430,3,2
406,431,3,2
406,432,3,2
406,433,3,2
406,434,3,2
406,435,3,2
406,436,3,2
406,437,3,2
406,438,3,2
406,439,3,2
406,440,3,2
406,441,3,2
406,442,3,2
406,443,3,2
406,444,3,2
406,445,3,2
406,446,3,2
406,447,3,2
406,448,3,2
406,449,3,2
406,450,3,2
406,451,3,2
406,452,3,2
406,453,3,2
406,454,3,2
406,455,3,2
406,456,3,2
406,457,3,2
406,458,3,2
406,459,3,2
406,460,3,2
406,461,3,2
406,462,3,2
406,463,3,2
406,464,3,2
406,465,3,2
406,466,3,2
406,467,3,2
406,468,3,2
406,469,3,2
406,470,3,2
406,471,3,2
406,472,3,2
406,473,3,2
406,474,3,2
406,475,3,2
406,476,3,2
406,477,3,2
406,478,3,2
406,479,3,2
406,480,3,2
406,481,3,3
406,482,3,3
406,483,3,3
406,484,3,3
406,485,3,3
406,486,3,3
406,487,3,3
406,488,3,3
406,489,3,3
406,490,3,3
406,491,3,3
406,492,3,3
406,493,3,3
406,494,3,3
406,495,3,3
406,496,3,3
406,497,3,3
406,498,3,3
406,499,3,3
406,500,3,3
406,501,3,3
406,502,3,3
406,503,3,3
406,504,3,3
406,505,3,3
406,506,3,3
406,507,3,3
406,508,3,3
406,509,3,3
406,510,3,3
406,511,3,3
406,512,3,3
406,513,3,3
406,514,3,3
406,515,3,3
406,516,3,3
406,517,3,3
406,518,3,3
406,519,3,3
406,520,3,3
406,521,3,3
406,522,3,3
406,523,3,3
406,524,3,3
406,525,3,3
406,526,3,3
406,527,3,2
406,528,3,2
406,529,3,3
406,530,3,3
406,531,3,3
406,532,3,3
406,533,3,3
406,534,3,3
406,535,3,3
406,536,3,3
406,537,3,3
406,538,3,3
406,539,3,3
406,540,3,3
406,541,3,3
406,542,3,3
406,543,3,3
406,544,3,3
406,545,3,3
406,546,3,2
406,547,3,2
406,548,3,2
406,549,3,2
406,550,3,2
406,551,3,2
406,552,3,2
406,553,3,2
406,554,3,2
406,555,3,3
406,556,3,3
406,557,3,2
406,558,3,2
406,559,3,2
406,560,3,2
406,561,3,2
406,562,3,2
406,563,3,2
406,564,3,2
406,565,3,2
406,566,3,2
406,567,3,2
406,568,3,2
406,569,3,2
406,570,3,2
406,571,3,2
406,572,3,2
406,573,3,2
406,574,3,2
406,575,3,2
406,576,3,2
406,577,3,2
406,578,3,2
406,579,3,2
406,580,3,2
406,581,3,2
406,582,3,2
406,583,3,2
406,584,3,2
406,585,3,2
406,586,3,2
406,587,3,2
406,588,3,2
406,589,3,2
406,590,3,2
406,591,3,2
406,592,3,2
406,593,3,2
406,594,3,2
406,595,3,2
406,596,3,2
406,597,3,2
406,598,3,2
406,599,3,2
406,600,3,2
406,601,3,2
406,602,3,2
406,603,3,2
406,604,3,2
406,605,3,2
406,606,3,2
406,607,3,2
406,608,3,2
406,609,3,2
406,610,3,2
406,611,3,2
406,612,3,2
406,613,3,2
406,614,3,2
406,615,3,2
406,616,3,2
406,617,3,2
406,618,3,2
406,619,3,2
406,620,3,2
406,621,3,2
406,622,3,2
406,623,3,2
406,624,3,2
406,625,3,2
406,626,3,2
406,627,3,2
406,628,3,2
406,629,3,2
406,630,3,2
406,631,3,2
406,632,3,2
406,633,3,2
406,634,3,2
406,635,3,2
406,636,3,2
406,637,3,2
406,638,3,2
406,639,3,2
406,640,3,2
406,641,3,2
406,642,3,2
406,643,3,2
406,644,3,2
406,645,3,2
406,646,3,2
406,647,3,2
406,648,3,2
406,649,3,2
406,650,3,2
406,651,3,2
406,652,3,2
406,653,3,2
406,654,3,2
406,655,3,2
406,656,3,2
406,657,3,2
406,658,3,2
406,659,3,2
406,660,3,2
406,661,3,2
406,662,3,2
406,663,3,2
406,664,3,2
406,665,3,2
406,666,3,2
406,667,3,2
406,668,3,2
406,669,3,2
406,670,3,2
406,671,3,2
406,672,3,2
406,673,3,2
406,674,3,2
407,69,3,2
407,70,3,2
407,71,3,2
407,72,3,2
407,73,3,2
407,74,3,2
407,75,3,2
407,76,3,2
407,77,3,2
407,78,3,2
407,79,3,2
407,80,3,2
407,81,3,3
407,82,3,3
407,83,3,3
407,84,3,3
407,85,3,3
407,86,3,3
407,87,3,3
407,88,3,3
407,89,3,3
407,90,3,3
407,91,3,3
407,92,3,2
407,93,3,2
407,94,3,2
407,95,3,2
407,96,3,2
407,97,3,2
407,98,3,2
407,99,3,2
407,100,3,2
407,101,3,2
407,102,3,2
407,103,3,2
407,104,3,2
407,105,3,2
407,106,3,2
407,107,3,2
407,108,3,2
407,109,3,2
407,110,3,2
407,111,3,2
407,112,3,2
407,113,3,2
407,114,3,2
407,115,3,2
407,116,3,2
407,117,3,2
407,118,3,2
407,119,3,2
407,120,3,2
407,121,3,2
407,122,3,2
407,123,3,2
407,124,3,2
407,125,3,2
407,126,3,2
407,127,3,2
407,128,3,2
407,129,3,2
407,130,3,2
407,131,3,2
407,132,3,2
407,133,3,2
407,134,3,2
407,135,3,2
407,136,3,2
407,137,3,2
407,138,3,2
407,139,3,2
407,140,3,2
407,141,3,2
407,142,3,2
407,143,3,2
407,144,3,2
407,145,3,2
407,146,3,2
407,147,3,2
407,148,3,2
407,149,3,2
407,150,3,2
407,151,3,2
407,152,3,2
407,153,3,2
407,154,3,2
407,155,3,2
407,156,3,2
407,157,3,2
407,158,3,2
407,159,3,2
407,160,3,2
407,161,3,2
407,162,3,2
407,163,3,2
407,164,3,2
407,165,3,2
407,166,3,2
407,167,3,2
407,168,3,2
407,169,3,2
407,170,3,2
407,171,3,2
407,172,3,2
407,173,3,2
407,174,3,2
407,175,3,2
407,176,3,2
407,177,3,2
407,178,3,2
407,179,3,2
407,180,3,2
407,181,3,2
407,182,3,2
407,183,3,2
407,184,3,2
407,185,3,2
407,186,3,2
407,187,3,2
407,188,3,2
407,189,3,2
407,190,3,2
407,191,3,2
407,192,3,2
407,193,3,2
407,194,3,2
407,195,3,2
407,196,3,2
407,197,3,2
407,198,3,2
407,199,3,2
407,200,3,2
407,201,3,2
407,202,3,2
407,203,3,2
407,204,3,2
407,205,3,2
407,206,3,2
407,207,3,2
407,208,3,2
407,209,3,2
407,210,3,2
407,211,3,2
407,212,3,2
407,213,3,2
407,214,3,2
407,215,3,2
407,216,3,2
407,217,3,2
407,218,3,2
407,219,3,2
407,220,3,2
407,221,3,2
407,222,3,2
407,223,3,2
407,224,3,2
407,225,3,2
407,226,3,2
407,227,3,2
407,228,3,2
407,229,3,2
407,230,3,2
407,231,3,2
407,232,3,2
407,233,3,2
407,234,3,2
407,235,3,2
407,236,3,2
407,237,3,2
407,238,3,2
407,239,3,2
407,240,3,2
407,241,3,2
407,242,3,2
407,243,3,2
407,244,3,2
407,245,3,2
407,246,3,2
407,247,3,2
407,248,3,2
407,249,3,2
407,250,3,2
407,251,3,2
407,252,3,2
407,253,3,2
407,254,3,2
407,255,3,2
407,256,3,2
407,257,3,2
407,258,3,2
407,259,3,2
407,260,3,2
407,261,3,2
407,262,3,2
407,263,3,2
407,264,3,2
407,265,3,2
407,266,3,2
407,267,3,2
407,268,3,2
407,269,3,2
407,270,3,2
407,271,3,2
407,272,3,2
407,273,3,2
407,274,3,2
407,275,3,2
407,276,3,2
407,277,3,2
407,278,3,2
407,279,3,2
407,280,3,2
407,281,3,2
407,282,3,2
407,283,3,2
407,284,3,2
407,285,3,2
407,286,3,2
407,287,3,2
407,288,3,2
407,289,3,2
407,290,3,2
407,291,3,2
407,292,3,2
407,293,3,2
407,294,3,2
407,295,3,2
407,296,3,2
407,297,3,2
407,298,3,2
407,299,3,2
407,300,3,2
407,301,3,2
407,302,3,2
407,303,3,2
407,304,3,2
407,305,3,2
407,306,3,2
407,307,3,2
407,308,3,2
407,309,3,2
407,310,3,2
407,311,3,2
407,312,3,2
407,313,3,2
407,314,3,2
407,315,3,2
407,316,3,2
407,317,3,2
407,318,3,2
407,319,3,2
407,320,3,2
407,321,3,2
407,322,3,2
407,323,3,2
407,324,3,2
407,325,3,2
407,326,3,2
407,327,3,2
407,328,3,2
407,329,3,2
407,330,3,2
407,331,3,2
407,332,3,2
407,333,3,2
407,334,3,2
407,335,3,2
407,336,3,2
407,337,3,2
407,338,3,2
407,339,3,2
407,340,3,2
407,341,3,2
407,342,3,2
407,343,3,2
407,344,3,2
407,345,3,2
407,346,3,2
407,347,3,2
407,348,3,2
407,349,3,2
407,350,3,2
407,351,3,2
407,352,3,2
407,353,3,2
407,354,3,2
407,355,3,2
407,356,3,2
407,357,3,2
407,358,3,2
407,359,3,2
407,360,3,2
407,361,3,2
407,362,3,2
407,363,3,2
407,364,3,2
407,365,3,2
407,366,3,2
407,367,3,2
407,368,3,2
407,369,3,2
407,370,3,2
407,371,3,2
407,372,3,2
407,373,3,2
407,374,3,2
407,375,3,2
407,376,3,2
407,377,3,2
407,378,3,2
407,379,3,2
407,380,3,2
407,381,3,2
407,382,3,2
407,383,3,2
407,384,3,2
407,385,3,2
407,386,3,2
407,387,3,2
407,388,3,2
407,389,3,2
407,390,3,2
407,391,3,2
407,392,3,2
407,393,3,2
407,394,3,2
407,395,3,2
407,396,3,2
407,397,3,2
407,398,3,2
407,399,3,2
407,400,3,2
407,401,3,2
407,402,3,2
407,403,3,2
407,404,3,2
407,405,3,2
407,406,3,2
407,407,3,2
407,408,3,2
407,409,3,2
407,410,3,2
407,411,3,2
407,412,3,2
407,413,3,2
407,414,3,2
407,415,3,2
407,416,3,2
407,417,3,2
407,418,3,2
407,419,3,2
407,420,3,2
407,421,3,2
407,422,3,2
407,423,3,2
407,424,3,2
407,425,3,2
407,426,3,2
407,427,3,2
407,428,3,2
407,429,3,2
407,430,3,2
407,431,3,2
407,432,3,2
407,433,3,2
407,434,3,2
407,435,3,2
407,436,3,2
407,437,3,2
407,438,3,2
407,439,3,2
407,440,3,2
407,441,3,2
407,442,3,2
407,443,3,2
407,444,3,2
407,445,3,2
407,446,3,2
407,447,3,2
407,448,3,2
407,449,3,2
407,450,3,2
407,451,3,2
407,452,3,2
407,453,3,2
407,454,3,2
407,455,3,2
407,456,3,2
407,457,3,2
407,458,3,2
407,459,3,2
407,460,3,2
407,461,3,2
407,462,3,2
407,463,3,2
407,464,3,2
407,465,3,2
407,466,3,2
407,467,3,2
407,468,3,2
407,469,3,2
407,470,3,2
407,471,3,2
407,472,3,2
407,473,3,2
407,474,3,2
407,475,3,2
407,476,3,2
407,477,3,2
407,478,3,2
407,479,3,2
407,480,3,3
407,481,3,3
407,482,3,3
407,483,3,3
407,484,3,3
407,485,3,3
407,486,3,3
407,487,3,3
407,488,3,3
407,489,3,3
407,490,3,3
407,491,3,3
407,492,3,3
407,493,3,3
407,494,3,3
407,495,3,3
407,496,3,3
407,497,3,3
407,498,3,3
407,499,3,3
407,500,3,3
407,501,3,3
407,502,3,3
407,503,3,3
407,504,3,3
407,505,3,3
407,506,3,3
407,507,3,3
407,508,3,3
407,509,3,3
407,510,3,3
407,511,3,3
407,512,3,3
407,513,3,3
407,514,3,3
407,515,3,3
407,516,3,3
407,517,3,3
407,518,3,3
407,519,3,3
407,520,3,3
407,521,3,3
407,522,3,3
407,523,3,3
407,524,3,3
407,525,3,3
407,526,3,3
407,527,3,2
407,528,3,2
407,529,3,3
407,530,3,3
407,531,3,3
407,532,3,3
407,533,3,3
407,534,3,3
407,535,3,3
407,536,3,3
407,537,3,3
407,538,3,3
407,539,3,3
407,540,3,3
407,541,3,3
407,542,3,3
407,543,3,3
407,544,3,3
407,545,3,3
407,546,3,2
407,547,3,2
407,548,3,2
407,549,3,2
407,550,3,2
407,551,3,2
407,552,3,2
407,553,3,2
407,554,3,2
407,555,3,3
407,556,3,3
407,557,3,3
407,558,3,3
407,559,3,2
407,560,3,2
407,561,3,2
407,562,3,2
407,563,3,2
407,564,3,2
407,565,3,2
407,566,3,2
407,567,3,2
407,568,3,3
407,569,3,2
407,570,3,2
407,571,3,2
407,572,3,2
407,573,3,2
407,574,3,2
407,575,3,2
407,576,3,2
407,577,3,2
407,578,3,2
407,579,3,2
407,580,3,2
407,581,3,2
407,582,3,2
407,583,3,2
407,584,3,2
407,585,3,2
407,586,3,2
407,587,3,2
407,588,3,2
407,589,3,2
407,590,3,2
407,591,3,2
407,592,3,2
407,593,3,2
407,594,3,2
407,595,3,2
407,596,3,2
407,597,3,2
407,598,3,2
407,599,3,2
407,600,3,2
407,601,3,2
407,602,3,2
407,603,3,2
407,604,3,2
407,605,3,2
407,606,3,2
407,607,3,2
407,608,3,2
407,609,3,2
407,610,3,2
407,611,3,2
407,612,3,2
407,613,3,2
407,614,3,2
407,615,3,2
407,616,3,2
407,617,3,2
407,618,3,2
407,619,3,2
407,620,3,2
407,621,3,2
407,622,3,2
407,623,3,2
407,624,3,2
407,625,3,2
407,626,3,2
407,627,3,2
407,628,3,2
407,629,3,2
407,630,3,2
407,631,3,2
407,632,3,2
407,633,3,2
407,634,3,2
407,635,3,2
407,636,3,2
407,637,3,2
407,638,3,2
407,639,3,2
407,640,3,2
407,641,3,2
407,642,3,2
407,643,3,2
407,644,3,2
407,645,3,2
407,646,3,2
407,647,3,2
407,648,3,2
407,649,3,2
407,650,3,2
407,651,3,2
407,652,3,2
407,653,3,2
407,654,3,2
407,655,3,2
407,656,3,2
407,657,3,2
407,658,3,2
407,659,3,2
407,660,3,2
407,661,3,2
407,662,3,2
407,663,3,2
407,664,3,2
407,665,3,2
407,666,3,2
407,667,3,2
407,668,3,2
407,669,3,2
407,670,3,2
407,671,3,2
407,672,3,2
407,673,3,2
407,674,3,2
408,69,3,2
408,70,3,2
408,71,3,2
408,72,3,2
408,73,3,2
408,74,3,2
408,75,3,2
408,76,3,2
408,77,3,2
408,78,3,2
408,79,3,2
408,80,3,2
408,81,3,2
408,82,3,3
408,83,3,3
408,84,3,3
408,85,3,3
408,86,3,3
408,87,3,3
408,88,3,3
408,89,3,2
408,90,3,2
408,91,3,2
408,92,3,2
408,93,3,2
408,94,3,2
408,95,3,2
408,96,3,2
408,97,3,2
408,98,3,2
408,99,3,2
408,100,3,2
408,101,3,2
408,102,3,2
408,103,3,2
408,104,3,2
408,105,3,2
408,106,3,2
408,107,3,2
408,108,3,2
408,109,3,2
408,110,3,2
408,111,3,2
408,112,3,2
408,113,3,2
408,114,3,2
408,115,3,2
408,116,3,2
408,117,3,2
408,118,3,2
408,119,3,2
408,120,3,2
408,121,3,2
408,122,3,2
408,123,3,2
408,124,3,2
408,125,3,2
408,126,3,2
408,127,3,2
408,128,3,2
408,129,3,2
408,130,3,2
408,131,3,2
408,132,3,2
408,133,3,2
408,134,3,2
408,135,3,2
408,136,3,2
408,137,3,2
408,138,3,2
408,139,3,2
408,140,3,2
408,141,3,2
408,142,3,2
408,143,3,2
408,144,3,2
408,145,3,2
408,146,3,2
408,147,3,2
408,148,3,2
408,149,3,2
408,150,3,2
408,151,3,2
408,152,3,2
408,153,3,2
408,154,3,2
408,155,3,2
408,156,3,2
408,157,3,2
408,158,3,2
408,159,3,2
408,160,3,2
408,161,3,2
408,162,3,2
408,163,3,2
408,164,3,2
408,165,3,2
408,166,3,2
408,167,3,2
408,168,3,2
408,169,3,2
408,170,3,2
408,171,3,2
408,172,3,2
408,173,3,2
408,174,3,2
408,175,3,2
408,176,3,2
408,177,3,2
408,178,3,2
408,179,3,2
408,180,3,2
408,181,3,2
408,182,3,2
408,183,3,2
408,184,3,2
408,185,3,2
408,186,3,2
408,187,3,2
408,188,3,2
408,189,3,2
408,190,3,2
408,191,3,2
408,192,3,2
408,193,3,2
408,194,3,2
408,195,3,2
408,196,3,2
408,197,3,2
408,198,3,2
408,199,3,2
408,200,3,2
408,201,3,2
408,202,3,2
408,203,3,2
408,204,3,2
408,205,3,2
408,206,3,2
408,207,3,2
408,208,3,2
408,209,3,2
408,210,3,2
408,211,3,2
408,212,3,2
408,213,3,2
408,214,3,2
408,215,3,2
408,216,3,2
408,217,3,2
408,218,3,2
408,219,3,2
408,220,3,2
408,221,3,2
408,222,3,2
408,223,3,2
408,224,3,2
408,225,3,2
408,226,3,2
408,227,3,2
408,228,3,2
408,229,3,2
408,230,3,2
408,231,3,2
408,232,3,2
408,233,3,2
408,234,3,2
408,235,3,2
408,236,3,2
408,237,3,2
408,238,3,2
408,239,3,2
408,240,3,2
408,241,3,2
408,242,3,2
408,243,3,2
408,244,3,2
408,245,3,2
408,246,3,2
408,247,3,2
408,248,3,2
408,249,3,2
408,250,3,2
408,251,3,2
408,252,3,2
408,253,3,2
408,254,3,2
408,255,3,2
408,256,3,2
408,257,3,2
408,258,3,2
408,259,3,2
408,260,3,2
408,261,3,2
408,262,3,2
408,263,3,2
408,264,3,2
408,265,3,2
408,266,3,2
408,267,3,2
408,268,3,2
408,269,3,2
408,270,3,2
408,271,3,2
408,272,3,2
408,273,3,2
408,274,3,2
408,275,3,2
408,276,3,2
408,277,3,2
408,278,3,2
408,279,3,2
408,280,3,2
408,281,3,2
408,282,3,2
408,283,3,2
408,284,3,2
408,285,3,2
408,286,3,2
408,287,3,2
408,288,3,2
408,289,3,2
408,290,3,2
408,291,3,2
408,292,3,2
408,293,3,2
408,294,3,2
408,295,3,2
408,296,3,2
408,297,3,2
408,298,3,2
408,299,3,2
408,300,3,2
408,301,3,2
408,302,3,2
408,303,3,2
408,304,3,2
408,305,3,2
408,306,3,2
408,307,3,2
408,308,3,2
408,309,3,2
408,310,3,2
408,311,3,2
408,312,3,2
408,313,3,2
408,314,3,2
408,315,3,2
408,316,3,2
408,317,3,2
408,318,3,2
408,319,3,2
408,320,3,2
408,321,3,2
408,322,3,2
408,323,3,2
408,324,3,2
408,325,3,2
408,326,3,2
408,327,3,2
408,328,3,2
408,329,3,2
408,330,3,2
408,331,3,2
408,332,3,2
408,333,3,2
408,334,3,2
408,335,3,2
408,336,3,2
408,337,3,2
408,338,3,2
408,339,3,2
408,340,3,2
408,341,3,2
408,342,3,2
408,343,3,2
408,344,3,2
408,345,3,2
408,346,3,2
408,347,3,2
408,348,3,2
408,349,3,2
408,350,3,2
408,351,3,2
408,352,3,2
408,353,3,2
408,354,3,2
408,355,3,2
408,356,3,2
408,357,3,2
408,358,3,2
408,359,3,2
408,360,3,2
408,361,3,2
408,362,3,2
408,363,3,2
408,364,3,2
408,365,3,2
408,366,3,2
408,367,3,2
408,368,3,2
408,369,3,2
408,370,3,2
408,371,3,2
408,372,3,2
408,373,3,2
408,374,3,2
408,375,3,2
408,376,3,2
408,377,3,2
408,378,3,2
408,379,3,2
408,380,3,2
408,381,3,2
408,382,3,2
408,383,3,2
408,384,3,2
408,385,3,2
408,386,3,2
408,387,3,2
408,388,3,2
408,389,3,2
408,390,3,2
408,391,3,2
408,392,3,2
408,393,3,2
408,394,3,2
408,395,3,2
408,396,3,2
408,397,3,2
408,398,3,2
408,399,3,2
408,400,3,2
408,401,3,2
408,402,3,2
408,403,3,2
408,404,3,2
408,405,3,2
408,406,3,2
408,407,3,2
408,408,3,2
408,409,3,2
408,410,3,2
408,411,3,2
408,412,3,2
408,413,3,2
408,414,3,2
408,415,3,2
408,416,3,2
408,417,3,2
408,418,3,2
408,419,3,2
408,420,3,2
408,421,3,2
408,422,3,2
408,423,3,2
408,424,3,2
408,425,3,2
408,426,3,2
408,427,3,2
408,428,3,2
408,429,3,2
408,430,3,2
408,431,3,2
408,432,3,2
408,433,3,2
408,434,3,2
408,435,3,2
408,436,3,2
408,437,3,2
408,438,3,2
408,439,3,2
408,440,3,2
408,441,3,2
408,442,3,2
408,443,3,2
408,444,3,2
408,445,3,2
408,446,3,2
408,447,3,2
408,448,3,2
408,449,3,2
408,450,3,2
408,451,3,2
408,452,3,2
408,453,3,2
408,454,3,2
408,455,3,2
408,456,3,2
408,457,3,2
408,458,3,2
408,459,3,2
408,460,3,2
408,461,3,2
408,462,3,2
408,463,3,2
408,464,3,2
408,465,3,2
408,466,3,2
408,467,3,2
408,468,3,2
408,469,3,2
408,470,3,2
408,471,3,2
408,472,3,2
408,473,3,2
408,474,3,2
408,475,3,2
408,476,3,2
408,477,3,2
408,478,3,2
408,479,3,2
408,480,3,3
408,481,3,3
408,482,3,3
408,483,3,3
408,484,3,3
408,485,3,3
408,486,3,3
408,487,3,3
408,488,3,3
408,489,3,3
408,490,3,3
408,491,3,3
408,492,3,3
408,493,3,3
408,494,3,3
408,495,3,3
408,496,3,3
408,497,3,3
408,498,3,3
408,499,3,3
408,500,3,3
408,501,3,3
408,502,3,3
408,503,3,3
408,504,3,3
408,505,3,3
408,506,3,3
408,507,3,3
408,508,3,3
408,509,3,3
408,510,3,3
408,511,3,3
408,512,3,3
408,513,3,3
408,514,3,3
408,515,3,3
408,516,3,3
408,517,3,3
408,518,3,3
408,519,3,3
408,520,3,3
408,521,3,3
408,522,3,3
408,523,3,3
408,524,3,3
408,525,3,3
408,526,3,2
408,527,3,2
408,528,3,2
408,529,3,2
408,530,3,3
408,531,3,3
408,532,3,3
408,533,3,3
408,534,3,3
408,535,3,3
408,536,3,3
408,537,3,3
408,538,3,3
408,539,3,3
408,540,3,3
408,541,3,3
408,542,3,3
408,543,3,3
408,544,3,3
408,545,3,3
408,546,3,2
408,547,3,2
408,548,3,2
408,549,3,2
408,550,3,2
408,551,3,2
408,552,3,2
408,553,3,2
408,554,3,2
408,555,3,3
408,556,3,3
408,557,3,3
408,558,3,3
408,559,3,2
408,560,3,2
408,561,3,2
408,562,3,2
408,563,3,2
408,564,3,2
408,565,3,2
408,566,3,2
408,567,3,2
408,568,3,3
408,569,3,2
408,570,3,2
408,571,3,2
408,572,3,2
408,573,3,2
408,574,3,2
408,575,3,2
408,576,3,2
408,577,3,2
408,578,3,2
408,579,3,2
408,580,3,2
408,581,3,2
408,582,3,2
408,583,3,2
408,584,3,2
408,585,3,2
408,586,3,2
408,587,3,2
408,588,3,2
408,589,3,2
408,590,3,2
408,591,3,2
408,592,3,2
408,593,3,2
408,594,3,2
408,595,3,2
408,596,3,2
408,597,3,2
408,598,3,2
408,599,3,2
408,600,3,2
408,601,3,2
408,602,3,2
408,603,3,2
408,604,3,2
408,605,3,2
408,606,3,2
408,607,3,2
408,608,3,2
408,609,3,2
408,610,3,2
408,611,3,2
408,612,3,2
408,613,3,2
408,614,3,2
408,615,3,2
408,616,3,2
408,617,3,2
408,618,3,2
408,619,3,2
408,620,3,2
408,621,3,2
408,622,3,2
408,623,3,2
408,624,3,2
408,625,3,2
408,626,3,2
408,627,3,2
408,628,3,2
408,629,3,2
408,630,3,2
408,631,3,2
408,632,3,2
408,633,3,2
408,634,3,2
408,635,3,2
408,636,3,2
408,637,3,2
408,638,3,2
408,639,3,2
408,640,3,2
408,641,3,2
408,642,3,2
408,643,3,2
408,644,3,2
408,645,3,2
408,646,3,2
408,647,3,2
408,648,3,2
408,649,3,2
408,650,3,2
408,651,3,2
408,652,3,2
408,653,3,2
408,654,3,2
408,655,3,2
408,656,3,2
408,657,3,2
408,658,3,2
408,659,3,2
408,660,3,2
408,661,3,2
408,662,3,2
408,663,3,2
408,664,3,2
408,665,3,2
408,666,3,2
408,667,3,2
408,668,3,2
408,669,3,2
408,670,3,2
408,671,3,2
408,672,3,2
408,673,3,2
408,674,3,2
409,69,3,2
409,70,3,2
409,71,3,2
409,72,3,2
409,73,3,2
409,74,3,2
409,75,3,2
409,76,3,2
409,77,3,2
409,78,3,2
409,79,3,2
409,80,3,2
409,81,3,2
409,82,3,2
409,83,3,2
409,84,3,2
409,85,3,2
409,86,3,2
409,87,3,2
409,88,3,2
409,89,3,2
409,90,3,2
409,91,3,2
409,92,3,2
409,93,3,2
409,94,3,2
409,95,3,2
409,96,3,2
409,97,3,2
409,98,3,2
409,99,3,2
409,100,3,2
409,101,3,2
409,102,3,2
409,103,3,2
409,104,3,2
409,105,3,2
409,106,3,2
409,107,3,2
409,108,3,2
409,109,3,2
409,110,3,2
409,111,3,2
409,112,3,2
409,113,3,2
409,114,3,2
409,115,3,2
409,116,3,2
409,117,3,2
409,118,3,2
409,119,3,2
409,120,3,2
409,121,3,2
409,122,3,2
409,123,3,2
409,124,3,2
409,125,3,2
409,126,3,2
409,127,3,2
409,128,3,2
409,129,3,2
409,130,3,2
409,131,3,2
409,132,3,2
409,133,3,2
409,134,3,2
409,135,3,2
409,136,3,2
409,137,3,2
409,138,3,2
409,139,3,2
409,140,3,2
409,141,3,2
409,142,3,2
409,143,3,2
409,144,3,2
409,145,3,2
409,146,3,2
409,147,3,2
409,148,3,2
409,149,3,2
409,150,3,2
409,151,3,2
409,152,3,2
409,153,3,2
409,154,3,2
409,155,3,2
409,156,3,2
409,157,3,2
409,158,3,2
409,159,3,2
409,160,3,2
409,161,3,2
409,162,3,2
409,163,3,2
409,164,3,2
409,165,3,2
409,166,3,2
409,167,3,2
409,168,3,2
409,169,3,2
409,170,3,2
409,171,3,2
409,172,3,2
409,173,3,2
409,174,3,2
409,175,3,2
409,176,3,2
409,177,3,2
409,178,3,2
409,179,3,2
409,180,3,2
409,181,3,2
409,182,3,2
409,183,3,2
409,184,3,2
409,185,3,2
409,186,3,2
409,187,3,2
409,188,3,2
409,189,3,2
409,190,3,2
409,191,3,2
409,192,3,2
409,193,3,2
409,194,3,2
409,195,3,2
409,196,3,2
409,197,3,2
409,198,3,2
409,199,3,2
409,200,3,2
409,201,3,2
409,202,3,2
409,203,3,2
409,204,3,2
409,205,3,2
409,206,3,2
409,207,3,2
409,208,3,2
409,209,3,2
409,210,3,2
409,211,3,2
409,212,3,2
409,213,3,2
409,214,3,2
409,215,3,2
409,216,3,2
409,217,3,2
409,218,3,2
409,219,3,2
409,220,3,2
409,221,3,2
409,222,3,2
409,223,3,2
409,224,3,2
409,225,3,2
409,226,3,2
409,227,3,2
409,228,3,2
409,229,3,2
409,230,3,2
409,231,3,2
409,232,3,2
409,233,3,2
409,234,3,2
409,235,3,2
409,236,3,2
409,237,3,2
409,238,3,2
409,239,3,2
409,240,3,2
409,241,3,2
409,242,3,2
409,243,3,2
409,244,3,2
409,245,3,2
409,246,3,2
409,247,3,2
409,248,3,2
409,249,3,2
409,250,3,2
409,251,3,2
409,252,3,2
409,253,3,2
409,254,3,2
409,255,3,2
409,256,3,2
409,257,3,2
409,258,3,2
409,259,3,2
409,260,3,2
409,261,3,2
409,262,3,2
409,263,3,2
409,264,3,2
409,265,3,2
409,266,3,2
409,267,3,2
409,268,3,2
409,269,3,2
409,270,3,2
409,271,3,2
409,272,3,2
409,273,3,2
409,274,3,2
409,275,3,2
409,276,3,2
409,277,3,2
409,278,3,2
409,279,3,2
409,280,3,2
409,281,3,2
409,282,3,2
409,283,3,2
409,284,3,2
409,285,3,2
409,286,3,2
409,287,3,2
409,288,3,2
409,289,3,2
409,290,3,2
409,291,3,2
409,292,3,2
409,293,3,2
409,294,3,2
409,295,3,2
409,296,3,2
409,297,3,2
409,298,3,2
409,299,3,2
409,300,3,2
409,301,3,2
409,302,3,2
409,303,3,2
409,304,3,2
409,305,3,2
409,306,3,2
409,307,3,2
409,308,3,2
409,309,3,2
409,310,3,2
409,311,3,2
409,312,3,2
409,313,3,2
409,314,3,2
409,315,3,2
409,316,3,2
409,317,3,2
409,318,3,2
409,319,3,2
409,320,3,2
409,321,3,2
409,322,3,2
409,323,3,2
409,324,3,2
409,325,3,2
409,326,3,2
409,327,3,2
409,328,3,2
409,329,3,2
409,330,3,2
409,331,3,2
409,332,3,2
409,333,3,2
409,334,3,2
409,335,3,2
409,336,3,2
409,337,3,2
409,338,3,2
409,339,3,2
409,340,3,2
409,341,3,2
409,342,3,2
409,343,3,2
409,344,3,2
409,345,3,2
409,346,3,2
409,347,3,2
409,348,3,2
409,349,3,2
409,350,3,2
409,351,3,2
409,352,3,2
409,353,3,2
409,354,3,2
409,355,3,2
409,356,3,2
409,357,3,2
409,358,3,2
409,359,3,2
409,360,3,2
409,361,3,2
409,362,3,2
409,363,3,2
409,364,3,2
409,365,3,2
409,366,3,2
409,367,3,2
409,368,3,2
409,369,3,2
409,370,3,2
409,371,3,2
409,372,3,2
409,373,3,2
409,374,3,2
409,375,3,2
409,376,3,2
409,377,3,2
409,378,3,2
409,379,3,2
409,380,3,2
409,381,3,2
409,382,3,2
409,383,3,2
409,384,3,2
409,385,3,2
409,386,3,2
409,387,3,2
409,388,3,2
409,389,3,2
409,390,3,2
409,391,3,2
409,392,3,2
409,393,3,2
409,394,3,2
409,395,3,2
409,396,3,2
409,397,3,2
409,398,3,2
409,399,3,2
409,400,3,2
409,401,3,2
409,402,3,2
409,403,3,2
409,404,3,2
409,405,3,2
409,406,3,2
409,407,3,2
409,408,3,2
409,409,3,2
409,410,3,2
409,411,3,2
409,412,3,2
409,413,3,2
409,414,3,2
409,415,3,2
409,416,3,2
409,417,3,2
409,418,3,2
409,419,3,2
409,420,3,2
409,421,3,2
409,422,3,2
409,423,3,2
409,424,3,2
409,425,3,2
409,426,3,2
409,427,3,2
409,428,3,2
409,429,3,2
409,430,3,2
409,431,3,2
409,432,3,2
409,433,3,2
409,434,3,2
409,435,3,2
409,436,3,2
409,437,3,2
409,438,3,2
409,439,3,2
409,440,3,2
409,441,3,2
409,442,3,2
409,443,3,2
409,444,3,2
409,445,3,2
409,446,3,2
409,447,3,2
409,448,3,2
409,449,3,2
409,450,3,2
409,451,3,2
409,452,3,2
409,453,3,2
409,454,3,2
409,455,3,2
409,456,3,2
409,457,3,2
409,458,3,2
409,459,3,2
409,460,3,2
409,461,3,2
409,462,3,2
409,463,3,2
409,464,3,2
409,465,3,2
409,466,3,2
409,467,3,2
409,468,3,2
409,469,3,2
409,470,3,2
409,471,3,2
409,472,3,2
409,473,3,2
409,474,3,2
409,475,3,2
409,476,3,2
409,477,3,2
409,478,3,2
409,479,3,3
409,480,3,3
409,481,3,3
409,482,3,3
409,483,3,3
409,484,3,3
409,485,3,3
409,486,3,3
409,487,3,3
409,488,3,3
409,489,3,3
409,490,3,3
409,491,3,3
409,492,3,3
409,493,3,3
409,494,3,3
409,495,3,3
409,496,3,3
409,497,3,3
409,498,3,3
409,499,3,3
409,500,3,3
409,501,3,3
409,502,3,3
409,503,3,3
409,504,3,3
409,505,3,3
409,506,3,3
409,507,3,3
409,508,3,3
409,509,3,3
409,510,3,3
409,511,3,3
409,512,3,3
409,513,3,3
409,514,3,3
409,515,3,3
409,516,3,3
409,517,3,3
409,518,3,3
409,519,3,3
409,520,3,3
409,521,3,3
409,522,3,3
409,523,3,3
409,524,3,3
409,525,3,3
409,526,3,3
409,527,3,2
409,528,3,2
409,529,3,2
409,530,3,2
409,531,3,3
409,532,3,3
409,533,3,3
409,534,3,3
409,535,3,3
409,536,3,3
409,537,3,3
409,538,3,3
409,539,3,3
409,540,3,3
409,541,3,3
409,542,3,3
409,543,3,3
409,544,3,3
409,545,3,3
409,546,3,3
409,547,3,2
409,548,3,2
409,549,3,2
409,550,3,2
409,551,3,2
409,552,3,2
409,553,3,2
409,554,3,2
409,555,3,3
409,556,3,3
409,557,3,3
409,558,3,3
409,559,3,3
409,560,3,2
409,561,3,2
409,562,3,2
409,563,3,2
409,564,3,2
409,565,3,2
409,566,3,2
409,567,3,2
409,568,3,2
409,569,3,2
409,570,3,2
409,571,3,2
409,572,3,2
409,573,3,2
409,574,3,2
409,575,3,2
409,576,3,2
409,577,3,2
409,578,3,2
409,579,3,2
409,580,3,2
409,581,3,2
409,582,3,2
409,583,3,2
409,584,3,2
409,585,3,2
409,586,3,2
409,587,3,2
409,588,3,2
409,589,3,2
409,590,3,2
409,591,3,2
409,592,3,2
409,593,3,2
409,594,3,2
409,595,3,2
409,596,3,2
409,597,3,2
409,598,3,2
409,599,3,2
409,600,3,2
409,601,3,2
409,602,3,2
409,603,3,2
409,604,3,2
409,605,3,2
409,606,3,2
409,607,3,2
409,608,3,2
409,609,3,2
409,610,3,2
409,611,3,2
409,612,3,2
409,613,3,2
409,614,3,2
409,615,3,2
409,616,3,2
409,617,3,2
409,618,3,2
409,619,3,2
409,620,3,2
409,621,3,2
409,622,3,2
409,623,3,2
409,624,3,2
409,625,3,2
409,626,3,2
409,627,3,2
409,628,3,2
409,629,3,2
409,630,3,2
409,631,3,2
409,632,3,2
409,633,3,2
409,634,3,2
409,635,3,2
409,636,3,2
409,637,3,2
409,638,3,2
409,639,3,2
409,640,3,2
409,641,3,2
409,642,3,2
409,643,3,2
409,644,3,2
409,645,3,2
409,646,3,2
409,647,3,2
409,648,3,2
409,649,3,2
409,650,3,2
409,651,3,2
409,652,3,2
409,653,3,2
409,654,3,2
409,655,3,2
409,656,3,2
409,657,3,2
409,658,3,2
409,659,3,2
409,660,3,2
409,661,3,2
409,662,3,2
409,663,3,2
409,664,3,2
409,665,3,2
409,666,3,2
409,667,3,2
409,668,3,2
409,669,3,2
409,670,3,2
409,671,3,2
409,672,3,2
409,673,3,2
410,68,3,2
410,69,3,2
410,70,3,2
410,71,3,2
410,72,3,2
410,73,3,2
410,74,3,2
410,75,3,2
410,76,3,2
410,77,3,2
410,78,3,2
410,79,3,2
410,80,3,2
410,81,3,2
410,82,3,2
410,83,3,2
410,84,3,2
410,85,3,2
410,86,3,2
410,87,3,2
410,88,3,2
410,89,3,2
410,90,3,2
410,91,3,2
410,92,3,2
410,93,3,2
410,94,3,2
410,95,3,2
410,96,3,2
410,97,3,2
410,98,3,2
410,99,3,2
410,100,3,2
410,101,3,2
410,102,3,2
410,103,3,2
410,104,3,2
410,105,3,2
410,106,3,2
410,107,3,2
410,108,3,2
410,109,3,2
410,110,3,2
410,111,3,2
410,112,3,2
410,113,3,2
410,114,3,2
410,115,3,2
410,116,3,2
410,117,3,2
410,118,3,2
410,119,3,2
410,120,3,2
410,121,3,2
410,122,3,2
410,123,3,2
410,124,3,2
410,125,3,2
410,126,3,2
410,127,3,2
410,128,3,2
410,129,3,2
410,130,3,2
410,131,3,2
410,132,3,2
410,133,3,2
410,134,3,2
410,135,3,2
410,136,3,2
410,137,3,2
410,138,3,2
410,139,3,2
410,140,3,2
410,141,3,2
410,142,3,2
410,143,3,2
410,144,3,2
410,145,3,2
410,146,3,2
410,147,3,2
410,148,3,2
410,149,3,2
410,150,3,2
410,151,3,2
410,152,3,2
410,153,3,2
410,154,3,2
410,155,3,2
410,156,3,2
410,157,3,2
410,158,3,2
410,159,3,2
410,160,3,2
410,161,3,2
410,162,3,2
410,163,3,2
410,164,3,2
410,165,3,2
410,166,3,2
410,167,3,2
410,168,3,2
410,169,3,2
410,170,3,2
410,171,3,2
410,172,3,2
410,173,3,2
410,174,3,2
410,175,3,2
410,176,3,2
410,177,3,2
410,178,3,2
410,179,3,2
410,180,3,2
410,181,3,2
410,182,3,2
410,183,3,2
410,184,3,2
410,185,3,2
410,186,3,2
410,187,3,2
410,188,3,2
410,189,3,2
410,190,3,2
410,191,3,2
410,192,3,2
410,193,3,2
410,194,3,2
410,195,3,2
410,196,3,2
410,197,3,2
410,198,3,2
410,199,3,2
410,200,3,2
410,201,3,2
410,202,3,2
410,203,3,2
410,204,3,2
410,205,3,2
410,206,3,2
410,207,3,2
410,208,3,2
410,209,3,2
410,210,3,2
410,211,3,2
410,212,3,2
410,213,3,2
410,214,3,2
410,215,3,2
410,216,3,2
410,217,3,2
410,218,3,2
410,219,3,2
410,220,3,2
410,221,3,2
410,222,3,2
410,223,3,2
410,224,3,2
410,225,3,2
410,226,3,2
410,227,3,2
410,228,3,2
410,229,3,2
410,230,3,2
410,231,3,2
410,232,3,2
410,233,3,2
410,234,3,2
410,235,3,2
410,236,3,2
410,237,3,2
410,238,3,2
410,239,3,2
410,240,3,2
410,241,3,2
410,242,3,2
410,243,3,2
410,244,3,2
410,245,3,2
410,246,3,2
410,247,3,2
410,248,3,2
410,249,3,2
410,250,3,2
410,251,3,2
410,252,3,2
410,253,3,2
410,254,3,2
410,255,3,2
410,256,3,2
410,257,3,2
410,258,3,2
410,259,3,2
410,260,3,2
410,261,3,2
410,262,3,2
410,263,3,2
410,264,3,2
410,265,3,2
410,266,3,2
410,267,3,2
410,268,3,2
410,269,3,2
410,270,3,2
410,271,3,2
410,272,3,2
410,273,3,2
410,274,3,2
410,275,3,2
410,276,3,2
410,277,3,2
410,278,3,2
410,279,3,2
410,280,3,2
410,281,3,2
410,282,3,2
410,283,3,2
410,284,3,2
410,285,3,2
410,286,3,2
410,287,3,2
410,288,3,2
410,289,3,2
410,290,3,2
410,291,3,2
410,292,3,2
410,293,3,2
410,294,3,2
410,295,3,2
410,296,3,2
410,297,3,2
410,298,3,2
410,299,3,2
410,300,3,2
410,301,3,2
410,302,3,2
410,303,3,2
410,304,3,2
410,305,3,2
410,306,3,2
410,307,3,2
410,308,3,2
410,309,3,2
410,310,3,2
410,311,3,2
410,312,3,2
410,313,3,2
410,314,3,2
410,315,3,2
410,316,3,2
410,317,3,2
410,318,3,2
410,319,3,2
410,320,3,2
410,321,3,2
410,322,3,2
410,323,3,2
410,324,3,2
410,325,3,2
410,326,3,2
410,327,3,2
410,328,3,2
410,329,3,2
410,330,3,2
410,331,3,2
410,332,3,2
410,333,3,2
410,334,3,2
410,335,3,2
410,336,3,2
410,337,3,2
410,338,3,2
410,339,3,2
410,340,3,2
410,341,3,2
410,342,3,2
410,343,3,2
410,344,3,2
410,345,3,2
410,346,3,2
410,347,3,2
410,348,3,2
410,349,3,2
410,350,3,2
410,351,3,2
410,352,3,2
410,353,3,2
410,354,3,2
410,355,3,2
410,356,3,2
410,357,3,2
410,358,3,2
410,359,3,2
410,360,3,2
410,361,3,2
410,362,3,2
410,363,3,2
410,364,3,2
410,365,3,2
410,366,3,2
410,367,3,2
410,368,3,2
410,369,3,2
410,370,3,2
410,371,3,2
410,372,3,2
410,373,3,2
410,374,3,2
410,375,3,2
410,376,3,2
410,377,3,2
410,378,3,2
410,379,3,2
410,380,3,2
410,381,3,2
410,382,3,2
410,383,3,2
410,384,3,2
410,385,3,2
410,386,3,2
410,387,3,2
410,388,3,2
410,389,3,2
410,390,3,2
410,391,3,2
410,392,3,2
410,393,3,2
410,394,3,2
410,395,3,2
410,396,3,2
410,397,3,2
410,398,3,2
410,399,3,2
410,400,3,2
410,401,3,2
410,402,3,2
410,403,3,2
410,404,3,2
410,405,3,2
410,406,3,2
410,407,3,2
410,408,3,2
410,409,3,2
410,410,3,2
410,411,3,2
410,412,3,2
410,413,3,2
410,414,3,2
410,415,3,2
410,416,3,2
410,417,3,2
410,418,3,2
410,419,3,2
410,420,3,2
410,421,3,2
410,422,3,2
410,423,3,2
410,424,3,2
410,425,3,2
410,426,3,2
410,427,3,2
410,428,3,2
410,429,3,2
410,430,3,2
410,431,3,2
410,432,3,2
410,433,3,2
410,434,3,2
410,435,3,2
410,436,3,2
410,437,3,2
410,438,3,2
410,439,3,2
410,440,3,2
410,441,3,2
410,442,3,2
410,443,3,2
410,444,3,2
410,445,3,2
410,446,3,2
410,447,3,2
410,448,3,2
410,449,3,2
410,450,3,2
410,451,3,2
410,452,3,2
410,453,3,2
410,454,3,2
410,455,3,2
410,456,3,2
410,457,3,2
410,458,3,2
410,459,3,2
410,460,3,2
410,461,3,2
410,462,3,2
410,463,3,2
410,464,3,2
410,465,3,2
410,466,3,2
410,467,3,2
410,468,3,2
410,469,3,2
410,470,3,2
410,471,3,2
410,472,3,2
410,473,3,2
410,474,3,2
410,475,3,2
410,476,3,2
410,477,3,2
410,478,3,3
410,479,3,3
410,480,3,3
410,481,3,3
410,482,3,3
410,483,3,3
410,484,3,3
410,485,3,3
410,486,3,3
410,487,3,3
410,488,3,3
410,489,3,3
410,490,3,3
410,491,3,3
410,492,3,3
410,493,3,3
410,494,3,3
410,495,3,3
410,496,3,3
410,497,3,3
410,498,3,3
410,499,3,3
410,500,3,3
410,501,3,3
410,502,3,3
410,503,3,3
410,504,3,3
410,505,3,3
410,506,3,3
410,507,3,3
410,508,3,3
410,509,3,3
410,510,3,3
410,511,3,3
410,512,3,3
410,513,3,3
410,514,3,3
410,515,3,3
410,516,3,3
410,517,3,3
410,518,3,3
410,519,3,3
410,520,3,3
410,521,3,3
410,522,3,3
410,523,3,3
410,524,3,3
410,525,3,3
410,526,3,3
410,527,3,2
410,528,3,2
410,529,3,2
410,530,3,2
410,531,3,3
410,532,3,3
410,533,3,3
410,534,3,3
410,535,3,3
410,536,3,3
410,537,3,3
410,538,3,3
410,539,3,3
410,540,3,3
410,541,3,3
410,542,3,3
410,543,3,3
410,544,3,3
410,545,3,3
410,546,3,3
410,547,3,3
410,548,3,2
410,549,3,2
410,550,3,2
410,551,3,2
410,552,3,2
410,553,3,2
410,554,3,2
410,555,3,2
410,556,3,3
410,557,3,3
410,558,3,3
410,559,3,3
410,560,3,2
410,561,3,2
410,562,3,2
410,563,3,2
410,564,3,2
410,565,3,2
410,566,3,2
410,567,3,2
410,568,3,2
410,569,3,2
410,570,3,2
410,571,3,2
410,572,3,2
410,573,3,2
410,574,3,2
410,575,3,2
410,576,3,2
410,577,3,2
410,578,3,2
410,579,3,2
410,580,3,2
410,581,3,2
410,582,3,2
410,583,3,2
410,584,3,2
410,585,3,2
410,586,3,2
410,587,3,2
410,588,3,2
410,589,3,2
410,590,3,2
410,591,3,2
410,592,3,2
410,593,3,2
410,594,3,2
410,595,3,2
410,596,3,2
410,597,3,2
410,598,3,2
410,599,3,2
410,600,3,2
410,601,3,2
410,602,3,2
410,603,3,2
410,604,3,2
410,605,3,2
410,606,3,2
410,607,3,2
410,608,3,2
410,609,3,2
410,610,3,2
410,611,3,2
410,612,3,2
410,613,3,2
410,614,3,2
410,615,3,2
410,616,3,2
410,617,3,2
410,618,3,2
410,619,3,2
410,620,3,2
410,621,3,2
410,622,3,2
410,623,3,2
410,624,3,2
410,625,3,2
410,626,3,2
410,627,3,2
410,628,3,2
410,629,3,2
410,630,3,2
410,631,3,2
410,632,3,2
410,633,3,2
410,634,3,2
410,635,3,2
410,636,3,2
410,637,3,2
410,638,3,2
410,639,3,2
410,640,3,2
410,641,3,2
410,642,3,2
410,643,3,2
410,644,3,2
410,645,3,2
410,646,3,2
410,647,3,2
410,648,3,2
410,649,3,2
410,650,3,2
410,651,3,2
410,652,3,2
410,653,3,2
410,654,3,2
410,655,3,2
410,656,3,2
410,657,3,2
410,658,3,2
410,659,3,2
410,660,3,2
410,661,3,2
410,662,3,2
410,663,3,2
410,664,3,2
410,665,3,2
410,666,3,2
410,667,3,2
410,668,3,2
410,669,3,2
410,670,3,2
410,671,3,2
410,672,3,2
410,673,3,2
411,68,3,2
411,69,3,2
411,70,3,2
411,71,3,2
411,72,3,2
411,73,3,2
411,74,3,2
411,75,3,2
411,76,3,2
411,77,3,2
411,78,3,2
411,79,3,2
411,80,3,2
411,81,3,2
411,82,3,2
411,83,3,2
411,84,3,2
411,85,3,2
411,86,3,2
411,87,3,2
411,88,3,2
411,89,3,2
411,90,3,2
411,91,3,2
411,92,3,2
411,93,3,2
411,94,3,2
411,95,3,2
411,96,3,2
411,97,3,2
411,98,3,2
411,99,3,2
411,100,3,2
411,101,3,2
411,102,3,2
411,103,3,2
411,104,3,2
411,105,3,2
411,106,3,2
411,107,3,2
411,108,3,2
411,109,3,2
411,110,3,2
411,111,3,2
411,112,3,2
411,113,3,2
411,114,3,2
411,115,3,2
411,116,3,2
411,117,3,2
411,118,3,2
411,119,3,2
411,120,3,2
411,121,3,2
411,122,3,2
411,123,3,2
411,124,3,2
411,125,3,2
411,126,3,2
411,127,3,2
411,128,3,2
411,129,3,2
411,130,3,2
411,131,3,2
411,132,3,2
411,133,3,2
411,134,3,2
411,135,3,2
411,136,3,2
411,137,3,2
411,138,3,2
411,139,3,2
411,140,3,2
411,141,3,2
411,142,3,2
411,143,3,2
411,144,3,2
411,145,3,2
411,146,3,2
411,147,3,2
411,148,3,2
411,149,3,2
411,150,3,2
411,151,3,2
411,152,3,2
411,153,3,2
411,154,3,2
411,155,3,2
411,156,3,2
411,157,3,2
411,158,3,2
411,159,3,2
411,160,3,2
411,161,3,2
411,162,3,2
411,163,3,2
411,164,3,2
411,165,3,2
411,166,3,2
411,167,3,2
411,168,3,2
411,169,3,2
411,170,3,2
411,171,3,2
411,172,3,2
411,173,3,2
411,174,3,2
411,175,3,2
411,176,3,2
411,177,3,2
411,178,3,2
411,179,3,2
411,180,3,2
411,181,3,2
411,182,3,2
411,183,3,2
411,184,3,2
411,185,3,2
411,186,3,2
411,187,3,2
411,188,3,2
411,189,3,2
411,190,3,2
411,191,3,2
411,192,3,2
411,193,3,2
411,194,3,2
411,195,3,2
411,196,3,2
411,197,3,2
411,198,3,2
411,199,3,2
411,200,3,2
411,201,3,2
411,202,3,2
411,203,3,2
411,204,3,2
411,205,3,2
411,206,3,2
411,207,3,2
411,208,3,2
411,209,3,2
411,210,3,2
411,211,3,2
411,212,3,2
411,213,3,2
411,214,3,2
411,215,3,2
411,216,3,2
411,217,3,2
411,218,3,2
411,219,3,2
411,220,3,2
411,221,3,2
411,222,3,2
411,223,3,2
411,224,3,2
411,225,3,2
411,226,3,2
411,227,3,2
411,228,3,2
411,229,3,2
411,230,3,2
411,231,3,2
411,232,3,2
411,233,3,2
411,234,3,2
411,235,3,2
411,236,3,2
411,237,3,2
411,238,3,2
411,239,3,2
411,240,3,2
411,241,3,2
411,242,3,2
411,243,3,2
411,244,3,2
411,245,3,2
411,246,3,2
411,247,3,2
411,248,3,2
411,249,3,2
411,250,3,2
411,251,3,2
411,252,3,2
411,253,3,2
411,254,3,2
411,255,3,2
411,256,3,2
411,257,3,2
411,258,3,2
411,259,3,2
411,260,3,2
411,261,3,2
411,262,3,2
411,263,3,2
411,264,3,2
411,265,3,2
411,266,3,2
411,267,3,2
411,268,3,2
411,269,3,2
411,270,3,2
411,271,3,2
411,272,3,2
411,273,3,2
411,274,3,2
411,275,3,2
411,276,3,2
411,277,3,2
411,278,3,2
411,279,3,2
411,280,3,2
411,281,3,2
411,282,3,2
411,283,3,2
411,284,3,2
411,285,3,2
411,286,3,2
411,287,3,2
411,288,3,2
411,289,3,2
411,290,3,2
411,291,3,2
411,292,3,2
411,293,3,2
411,294,3,2
411,295,3,2
411,296,3,2
411,297,3,2
411,298,3,2
411,299,3,2
411,300,3,2
411,301,3,2
411,302,3,2
411,303,3,2
411,304,3,2
411,305,3,2
411,306,3,2
411,307,3,2
411,308,3,2
411,309,3,2
411,310,3,2
411,311,3,2
411,312,3,2
411,313,3,2
411,314,3,2
411,315,3,2
411,316,3,2
411,317,3,2
411,318,3,2
411,319,3,2
411,320,3,2
411,321,3,2
411,322,3,2
411,323,3,2
411,324,3,2
411,325,3,2
411,326,3,2
411,327,3,2
411,328,3,2
411,329,3,2
411,330,3,2
411,331,3,2
411,332,3,2
411,333,3,2
411,334,3,2
411,335,3,2
411,336,3,2
411,337,3,2
411,338,3,2
411,339,3,2
411,340,3,2
411,341,3,2
411,342,3,2
411,343,3,2
411,344,3,2
411,345,3,2
411,346,3,2
411,347,3,2
411,348,3,2
411,349,3,2
411,350,3,2
411,351,3,2
411,352,3,2
411,353,3,2
411,354,3,2
411,355,3,2
411,356,3,2
411,357,3,2
411,358,3,2
411,359,3,2
411,360,3,2
411,361,3,2
411,362,3,2
411,363,3,2
411,364,3,2
411,365,3,2
411,366,3,2
411,367,3,2
411,368,3,2
411,369,3,2
411,370,3,2
411,371,3,2
411,372,3,2
411,373,3,2
411,374,3,2
411,375,3,2
411,376,3,2
411,377,3,2
411,378,3,2
411,379,3,2
411,380,3,2
411,381,3,2
411,382,3,2
411,383,3,2
411,384,3,2
411,385,3,2
411,386,3,2
411,387,3,2
411,388,3,2
411,389,3,2
411,390,3,2
411,391,3,2
411,392,3,2
411,393,3,2
411,394,3,2
411,395,3,2
411,396,3,2
411,397,3,2
411,398,3,2
411,399,3,2
411,400,3,2
411,401,3,2
411,402,3,2
411,403,3,2
411,404,3,2
411,405,3,2
411,406,3,2
411,407,3,2
411,408,3,2
411,409,3,2
411,410,3,2
411,411,3,2
411,412,3,2
411,413,3,2
411,414,3,2
411,415,3,2
411,416,3,2
411,417,3,2
411,418,3,2
411,419,3,2
411,420,3,2
411,421,3,2
411,422,3,2
411,423,3,2
411,424,3,2
411,425,3,2
411,426,3,2
411,427,3,2
411,428,3,2
411,429,3,2
411,430,3,2
411,431,3,2
411,432,3,2
411,433,3,2
411,434,3,2
411,435,3,2
411,436,3,2
411,437,3,2
411,438,3,2
411,439,3,2
411,440,3,2
411,441,3,2
411,442,3,2
411,443,3,2
411,444,3,2
411,445,3,2
411,446,3,2
411,447,3,2
411,448,3,2
411,449,3,2
411,450,3,2
411,451,3,2
411,452,3,2
411,453,3,2
411,454,3,2
411,455,3,2
411,456,3,2
411,457,3,2
411,458,3,2
411,459,3,2
411,460,3,2
411,461,3,2
411,462,3,2
411,463,3,2
411,464,3,2
411,465,3,2
411,466,3,2
411,467,3,2
411,468,3,2
411,469,3,2
411,470,3,2
411,471,3,2
411,472,3,2
411,473,3,2
411,474,3,2
411,475,3,2
411,476,3,2
411,477,3,2
411,478,3,3
411,479,3,3
411,480,3,3
411,481,3,3
411,482,3,3
411,483,3,3
411,484,3,3
411,485,3,3
411,486,3,3
411,487,3,3
411,488,3,3
411,489,3,3
411,490,3,3
411,491,3,3
411,492,3,3
411,493,3,3
411,494,3,3
411,495,3,3
411,496,3,3
411,497,3,3
411,498,3,3
411,499,3,3
411,500,3,3
411,501,3,3
411,502,3,3
411,503,3,3
411,504,3,3
411,505,3,3
411,506,3,3
411,507,3,3
411,508,3,3
411,509,3,3
411,510,3,3
411,511,3,3
411,512,3,3
411,513,3,3
411,514,3,3
411,515,3,3
411,516,3,3
411,517,3,3
411,518,3,3
411,519,3,3
411,520,3,3
411,521,3,3
411,522,3,3
411,523,3,3
411,524,3,3
411,525,3,3
411,526,3,3
411,527,3,3
411,528,3,3
411,529,3,3
411,530,3,3
411,531,3,3
411,532,3,3
411,533,3,3
411,534,3,3
411,535,3,3
411,536,3,3
411,537,3,3
411,538,3,3
411,539,3,3
411,540,3,3
411,541,3,3
411,542,3,3
411,543,3,3
411,544,3,3
411,545,3,3
411,546,3,3
411,547,3,3
411,548,3,2
411,549,3,2
411,550,3,2
411,551,3,2
411,552,3,2
411,553,3,2
411,554,3,2
411,555,3,3
411,556,3,3
411,557,3,3
411,558,3,3
411,559,3,2
411,560,3,2
411,561,3,2
411,562,3,2
411,563,3,2
411,564,3,2
411,565,3,2
411,566,3,2
411,567,3,2
411,568,3,2
411,569,3,2
411,570,3,2
411,571,3,2
411,572,3,2
411,573,3,2
411,574,3,2
411,575,3,2
411,576,3,2
411,577,3,2
411,578,3,2
411,579,3,2
411,580,3,2
411,581,3,2
411,582,3,2
411,583,3,2
411,584,3,2
411,585,3,2
411,586,3,2
411,587,3,2
411,588,3,2
411,589,3,2
411,590,3,2
411,591,3,2
411,592,3,2
411,593,3,2
411,594,3,2
411,595,3,2
411,596,3,2
411,597,3,2
411,598,3,2
411,599,3,2
411,600,3,2
411,601,3,2
411,602,3,2
411,603,3,2
411,604,3,2
411,605,3,2
411,606,3,2
411,607,3,2
411,608,3,2
411,609,3,2
411,610,3,2
411,611,3,2
411,612,3,2
411,613,3,2
411,614,3,2
411,615,3,2
411,616,3,2
411,617,3,2
411,618,3,2
411,619,3,2
411,620,3,2
411,621,3,2
411,622,3,2
411,623,3,2
411,624,3,2
411,625,3,2
411,626,3,2
411,627,3,2
411,628,3,2
411,629,3,2
411,630,3,2
411,631,3,2
411,632,3,2
411,633,3,2
411,634,3,2
411,635,3,2
411,636,3,2
411,637,3,2
411,638,3,2
411,639,3,2
411,640,3,2
411,641,3,2
411,642,3,2
411,643,3,2
411,644,3,2
411,645,3,2
411,646,3,2
411,647,3,2
411,648,3,2
411,649,3,2
411,650,3,2
411,651,3,2
411,652,3,2
411,653,3,2
411,654,3,2
411,655,3,2
411,656,3,2
411,657,3,2
411,658,3,2
411,659,3,2
411,660,3,2
411,661,3,2
411,662,3,2
411,663,3,2
411,664,3,2
411,665,3,2
411,666,3,2
411,667,3,2
411,668,3,2
411,669,3,2
411,670,3,2
411,671,3,2
411,672,3,2
411,673,3,2
412,68,3,2
412,69,3,2
412,70,3,2
412,71,3,2
412,72,3,2
412,73,3,2
412,74,3,2
412,75,3,2
412,76,3,2
412,77,3,2
412,78,3,2
412,79,3,2
412,80,3,2
412,81,3,2
412,82,3,2
412,83,3,2
412,84,3,2
412,85,3,2
412,86,3,2
412,87,3,2
412,88,3,2
412,89,3,2
412,90,3,2
412,91,3,2
412,92,3,2
412,93,3,2
412,94,3,2
412,95,3,2
412,96,3,2
412,97,3,2
412,98,3,2
412,99,3,2
412,100,3,2
412,101,3,2
412,102,3,2
412,103,3,2
412,104,3,2
412,105,3,2
412,106,3,2
412,107,3,2
412,108,3,2
412,109,3,2
412,110,3,2
412,111,3,2
412,112,3,2
412,113,3,2
412,114,3,2
412,115,3,2
412,116,3,2
412,117,3,2
412,118,3,2
412,119,3,2
412,120,3,2
412,121,3,2
412,122,3,2
412,123,3,2
412,124,3,2
412,125,3,2
412,126,3,2
412,127,3,2
412,128,3,2
412,129,3,2
412,130,3,2
412,131,3,2
412,132,3,2
412,133,3,2
412,134,3,2
412,135,3,2
412,136,3,2
412,137,3,2
412,138,3,2
412,139,3,2
412,140,3,2
412,141,3,2
412,142,3,2
412,143,3,2
412,144,3,2
412,145,3,2
412,146,3,2
412,147,3,2
412,148,3,2
412,149,3,2
412,150,3,2
412,151,3,2
412,152,3,2
412,153,3,2
412,154,3,2
412,155,3,2
412,156,3,2
412,157,3,2
412,158,3,2
412,159,3,2
412,160,3,2
412,161,3,2
412,162,3,2
412,163,3,2
412,164,3,2
412,165,3,2
412,166,3,2
412,167,3,2
412,168,3,2
412,169,3,2
412,170,3,2
412,171,3,2
412,172,3,2
412,173,3,2
412,174,3,2
412,175,3,2
412,176,3,2
412,177,3,2
412,178,3,2
412,179,3,2
412,180,3,2
412,181,3,2
412,182,3,2
412,183,3,2
412,184,3,2
412,185,3,2
412,186,3,2
412,187,3,2
412,188,3,2
412,189,3,2
412,190,3,2
412,191,3,2
412,192,3,2
412,193,3,2
412,194,3,2
412,195,3,2
412,196,3,2
412,197,3,2
412,198,3,2
412,199,3,2
412,200,3,2
412,201,3,2
412,202,3,2
412,203,3,2
412,204,3,2
412,205,3,2
412,206,3,2
412,207,3,2
412,208,3,2
412,209,3,2
412,210,3,2
412,211,3,2
412,212,3,2
412,213,3,2
412,214,3,2
412,215,3,2
412,216,3,2
412,217,3,2
412,218,3,2
412,219,3,2
412,220,3,2
412,221,3,2
412,222,3,2
412,223,3,2
412,224,3,2
412,225,3,2
412,226,3,2
412,227,3,2
412,228,3,2
412,229,3,2
412,230,3,2
412,231,3,2
412,232,3,2
412,233,3,2
412,234,3,2
412,235,3,2
412,236,3,2
412,237,3,2
412,238,3,2
412,239,3,2
412,240,3,2
412,241,3,2
412,242,3,2
412,243,3,2
412,244,3,2
412,245,3,2
412,246,3,2
412,247,3,2
412,248,3,2
412,249,3,2
412,250,3,2
412,251,3,2
412,252,3,2
412,253,3,2
412,254,3,2
412,255,3,2
412,256,3,2
412,257,3,2
412,258,3,2
412,259,3,2
412,260,3,2
412,261,3,2
412,262,3,2
412,263,3,2
412,264,3,2
412,265,3,2
412,266,3,2
412,267,3,2
412,268,3,2
412,269,3,2
412,270,3,2
412,271,3,2
412,272,3,2
412,273,3,2
412,274,3,2
412,275,3,2
412,276,3,2
412,277,3,2
412,278,3,2
412,279,3,2
412,280,3,2
412,281,3,2
412,282,3,2
412,283,3,2
412,284,3,2
412,285,3,2
412,286,3,2
412,287,3,2
412,288,3,2
412,289,3,2
412,290,3,2
412,291,3,2
412,292,3,2
412,293,3,2
412,294,3,2
412,295,3,2
412,296,3,2
412,297,3,2
412,298,3,2
412,299,3,2
412,300,3,2
412,301,3,2
412,302,3,2
412,303,3,2
412,304,3,2
412,305,3,2
412,306,3,2
412,307,3,2
412,308,3,2
412,309,3,2
412,310,3,2
412,311,3,2
412,312,3,2
412,313,3,2
412,314,3,2
412,315,3,2
412,316,3,2
412,317,3,2
412,318,3,2
412,319,3,2
412,320,3,2
412,321,3,2
412,322,3,2
412,323,3,2
412,324,3,2
412,325,3,2
412,326,3,2
412,327,3,2
412,328,3,2
412,329,3,2
412,330,3,2
412,331,3,2
412,332,3,2
412,333,3,2
412,334,3,2
412,335,3,2
412,336,3,2
412,337,3,2
412,338,3,2
412,339,3,2
412,340,3,2
412,341,3,2
412,342,3,2
412,343,3,2
412,344,3,2
412,345,3,2
412,346,3,2
412,347,3,2
412,348,3,2
412,349,3,2
412,350,3,2
412,351,3,2
412,352,3,2
412,353,3,2
412,354,3,2
412,355,3,2
412,356,3,2
412,357,3,2
412,358,3,2
412,359,3,2
412,360,3,2
412,361,3,2
412,362,3,2
412,363,3,2
412,364,3,2
412,365,3,2
412,366,3,2
412,367,3,2
412,368,3,2
412,369,3,2
412,370,3,2
412,371,3,2
412,372,3,2
412,373,3,2
412,374,3,2
412,375,3,2
412,376,3,2
412,377,3,2
412,378,3,2
412,379,3,2
412,380,3,2
412,381,3,2
412,382,3,2
412,383,3,2
412,384,3,2
412,385,3,2
412,386,3,2
412,387,3,2
412,388,3,2
412,389,3,2
412,390,3,2
412,391,3,2
412,392,3,2
412,393,3,2
412,394,3,2
412,395,3,2
412,396,3,2
412,397,3,2
412,398,3,2
412,399,3,2
412,400,3,2
412,401,3,2
412,402,3,2
412,403,3,2
412,404,3,2
412,405,3,2
412,406,3,2
412,407,3,2
412,408,3,2
412,409,3,2
412,410,3,2
412,411,3,2
412,412,3,2
412,413,3,2
412,414,3,2
412,415,3,2
412,416,3,2
412,417,3,2
412,418,3,2
412,419,3,2
412,420,3,2
412,421,3,2
412,422,3,2
412,423,3,2
412,424,3,2
412,425,3,2
412,426,3,2
412,427,3,2
412,428,3,2
412,429,3,2
412,430,3,2
412,431,3,2
412,432,3,2
412,433,3,2
412,434,3,2
412,435,3,2
412,436,3,2
412,437,3,2
412,438,3,2
412,439,3,2
412,440,3,2
412,441,3,2
412,442,3,2
412,443,3,2
412,444,3,2
412,445,3,2
412,446,3,2
412,447,3,2
412,448,3,2
412,449,3,2
412,450,3,2
412,451,3,2
412,452,3,2
412,453,3,2
412,454,3,2
412,455,3,2
412,456,3,2
412,457,3,2
412,458,3,2
412,459,3,2
412,460,3,2
412,461,3,2
412,462,3,2
412,463,3,2
412,464,3,2
412,465,3,2
412,466,3,2
412,467,3,2
412,468,3,2
412,469,3,2
412,470,3,2
412,471,3,2
412,472,3,2
412,473,3,2
412,474,3,2
412,475,3,2
412,476,3,2
412,477,3,3
412,478,3,3
412,479,3,3
412,480,3,3
412,481,3,3
412,482,3,3
412,483,3,3
412,484,3,3
412,485,3,3
412,486,3,3
412,487,3,3
412,488,3,3
412,489,3,3
412,490,3,3
412,491,3,3
412,492,3,3
412,493,3,3
412,494,3,3
412,495,3,3
412,496,3,3
412,497,3,3
412,498,3,3
412,499,3,3
412,500,3,3
412,501,3,3
412,502,3,3
412,503,3,3
412,504,3,3
412,505,3,3
412,506,3,3
412,507,3,3
412,508,3,3
412,509,3,3
412,510,3,3
412,511,3,3
412,512,3,3
412,513,3,3
412,514,3,3
412,515,3,3
412,516,3,3
412,517,3,3
412,518,3,3
412,519,3,3
412,520,3,3
412,521,3,3
412,522,3,3
412,523,3,3
412,524,3,3
412,525,3,3
412,526,3,3
412,527,3,3
412,528,3,3
412,529,3,3
412,530,3,3
412,531,3,3
412,532,3,3
412,533,3,3
412,534,3,3
412,535,3,3
412,536,3,3
412,537,3,3
412,538,3,3
412,539,3,3
412,540,3,3
412,541,3,3
412,542,3,3
412,543,3,3
412,544,3,3
412,545,3,3
412,546,3,3
412,547,3,2
412,548,3,2
412,549,3,2
412,550,3,2
412,551,3,2
412,552,3,2
412,553,3,2
412,554,3,2
412,555,3,2
412,556,3,3
412,557,3,3
412,558,3,3
412,559,3,2
412,560,3,2
412,561,3,2
412,562,3,2
412,563,3,2
412,564,3,2
412,565,3,2
412,566,3,2
412,567,3,2
412,568,3,2
412,569,3,2
412,570,3,2
412,571,3,2
412,572,3,2
412,573,3,2
412,574,3,2
412,575,3,2
412,576,3,2
412,577,3,2
412,578,3,2
412,579,3,2
412,580,3,2
412,581,3,2
412,582,3,2
412,583,3,2
412,584,3,2
412,585,3,2
412,586,3,2
412,587,3,2
412,588,3,2
412,589,3,2
412,590,3,2
412,591,3,2
412,592,3,2
412,593,3,2
412,594,3,2
412,595,3,2
412,596,3,2
412,597,3,2
412,598,3,2
412,599,3,2
412,600,3,2
412,601,3,2
412,602,3,2
412,603,3,2
412,604,3,2
412,605,3,2
412,606,3,2
412,607,3,2
412,608,3,2
412,609,3,2
412,610,3,2
412,611,3,2
412,612,3,2
412,613,3,2
412,614,3,2
412,615,3,2
412,616,3,2
412,617,3,2
412,618,3,2
412,619,3,2
412,620,3,2
412,621,3,2
412,622,3,2
412,623,3,2
412,624,3,2
412,625,3,2
412,626,3,2
412,627,3,2
412,628,3,2
412,629,3,2
412,630,3,2
412,631,3,2
412,632,3,2
412,633,3,2
412,634,3,2
412,635,3,2
412,636,3,2
412,637,3,2
412,638,3,2
412,639,3,2
412,640,3,2
412,641,3,2
412,642,3,2
412,643,3,2
412,644,3,2
412,645,3,2
412,646,3,2
412,647,3,2
412,648,3,2
412,649,3,2
412,650,3,2
412,651,3,2
412,652,3,2
412,653,3,2
412,654,3,2
412,655,3,2
412,656,3,2
412,657,3,2
412,658,3,2
412,659,3,2
412,660,3,2
412,661,3,2
412,662,3,2
412,663,3,2
412,664,3,2
412,665,3,2
412,666,3,2
412,667,3,2
412,668,3,2
412,669,3,2
412,670,3,2
412,671,3,2
412,672,3,2
412,673,3,2
413,68,3,2
413,69,3,2
413,70,3,2
413,71,3,2
413,72,3,2
413,73,3,2
413,74,3,2
413,75,3,2
413,76,3,2
413,77,3,2
413,78,3,2
413,79,3,2
413,80,3,2
413,81,3,2
413,82,3,2
413,83,3,2
413,84,3,2
413,85,3,2
413,86,3,2
413,87,3,2
413,88,3,2
413,89,3,2
413,90,3,2
413,91,3,2
413,92,3,2
413,93,3,2
413,94,3,2
413,95,3,2
413,96,3,2
413,97,3,2
413,98,3,2
413,99,3,2
413,100,3,2
413,101,3,2
413,102,3,2
413,103,3,2
413,104,3,2
413,105,3,2
413,106,3,2
413,107,3,2
413,108,3,2
413,109,3,2
413,110,3,2
413,111,3,2
413,112,3,2
413,113,3,2
413,114,3,2
413,115,3,2
413,116,3,2
413,117,3,2
413,118,3,2
413,119,3,2
413,120,3,2
413,121,3,2
413,122,3,2
413,123,3,2
413,124,3,2
413,125,3,2
413,126,3,2
413,127,3,2
413,128,3,2
413,129,3,2
413,130,3,2
413,131,3,2
413,132,3,2
413,133,3,2
413,134,3,2
413,135,3,2
413,136,3,2
413,137,3,2
413,138,3,2
413,139,3,2
413,140,3,2
413,141,3,2
413,142,3,2
413,143,3,2
413,144,3,2
413,145,3,2
413,146,3,2
413,147,3,2
413,148,3,2
413,149,3,2
413,150,3,2
413,151,3,2
413,152,3,2
413,153,3,2
413,154,3,2
413,155,3,2
413,156,3,2
413,157,3,2
413,158,3,2
413,159,3,2
413,160,3,2
413,161,3,2
413,162,3,2
413,163,3,2
413,164,3,2
413,165,3,2
413,166,3,2
413,167,3,2
413,168,3,2
413,169,3,2
413,170,3,2
413,171,3,2
413,172,3,2
413,173,3,2
413,174,3,2
413,175,3,2
413,176,3,2
413,177,3,2
413,178,3,2
413,179,3,2
413,180,3,2
413,181,3,2
413,182,3,2
413,183,3,2
413,184,3,2
413,185,3,2
413,186,3,2
413,187,3,2
413,188,3,2
413,189,3,2
413,190,3,2
413,191,3,2
413,192,3,2
413,193,3,2
413,194,3,2
413,195,3,2
413,196,3,2
413,197,3,2
413,198,3,2
413,199,3,2
413,200,3,2
413,201,3,2
413,202,3,2
413,203,3,2
413,204,3,2
413,205,3,2
413,206,3,2
413,207,3,2
413,208,3,2
413,209,3,2
413,210,3,2
413,211,3,2
413,212,3,2
413,213,3,2
413,214,3,2
413,215,3,2
413,216,3,2
413,217,3,2
413,218,3,2
413,219,3,2
413,220,3,2
413,221,3,2
413,222,3,2
413,223,3,2
413,224,3,2
413,225,3,2
413,226,3,2
413,227,3,2
413,228,3,2
413,229,3,2
413,230,3,2
413,231,3,2
413,232,3,2
413,233,3,2
413,234,3,2
413,235,3,2
413,236,3,2
413,237,3,2
413,238,3,2
413,239,3,2
413,240,3,2
413,241,3,2
413,242,3,2
413,243,3,2
413,244,3,2
413,245,3,2
413,246,3,2
413,247,3,2
413,248,3,2
413,249,3,2
413,250,3,2
413,251,3,2
413,252,3,2
413,253,3,2
413,254,3,2
413,255,3,2
413,256,3,2
413,257,3,2
413,258,3,2
413,259,3,2
413,260,3,2
413,261,3,2
413,262,3,2
413,263,3,2
413,264,3,2
413,265,3,2
413,266,3,2
413,267,3,2
413,268,3,2
413,269,3,2
413,270,3,2
413,271,3,2
413,272,3,2
413,273,3,2
413,274,3,2
413,275,3,2
413,276,3,2
413,277,3,2
413,278,3,2
413,279,3,2
413,280,3,2
413,281,3,2
413,282,3,2
413,283,3,2
413,284,3,2
413,285,3,2
413,286,3,2
413,287,3,2
413,288,3,2
413,289,3,2
413,290,3,2
413,291,3,2
413,292,3,2
413,293,3,2
413,294,3,2
413,295,3,2
413,296,3,2
413,297,3,2
413,298,3,2
413,299,3,2
413,300,3,2
413,301,3,2
413,302,3,2
413,303,3,2
413,304,3,2
413,305,3,2
413,306,3,2
413,307,3,2
413,308,3,2
413,309,3,2
413,310,3,2
413,311,3,2
413,312,3,2
413,313,3,2
413,314,3,2
413,315,3,2
413,316,3,2
413,317,3,2
413,318,3,2
413,319,3,2
413,320,3,2
413,321,3,2
413,322,3,2
413,323,3,2
413,324,3,2
413,325,3,2
413,326,3,2
413,327,3,2
413,328,3,2
413,329,3,2
413,330,3,2
413,331,3,2
413,332,3,2
413,333,3,2
413,334,3,2
413,335,3,2
413,336,3,2
413,337,3,2
413,338,3,2
413,339,3,2
413,340,3,2
413,341,3,2
413,342,3,2
413,343,3,2
413,344,3,2
413,345,3,2
413,346,3,2
413,347,3,2
413,348,3,2
413,349,3,2
413,350,3,2
413,351,3,2
413,352,3,2
413,353,3,2
413,354,3,2
413,355,3,2
413,356,3,2
413,357,3,2
413,358,3,2
413,359,3,2
413,360,3,2
413,361,3,2
413,362,3,2
413,363,3,2
413,364,3,2
413,365,3,2
413,366,3,2
413,367,3,2
413,368,3,2
413,369,3,2
413,370,3,2
413,371,3,2
413,372,3,2
413,373,3,2
413,374,3,2
413,375,3,2
413,376,3,2
413,377,3,2
413,378,3,2
413,379,3,2
413,380,3,2
413,381,3,2
413,382,3,2
413,383,3,2
413,384,3,2
413,385,3,2
413,386,3,2
413,387,3,2
413,388,3,2
413,389,3,2
413,390,3,2
413,391,3,2
413,392,3,2
413,393,3,2
413,394,3,2
413,395,3,2
413,396,3,2
413,397,3,2
413,398,3,2
413,399,3,2
413,400,3,2
413,401,3,2
413,402,3,2
413,403,3,2
413,404,3,2
413,405,3,2
413,406,3,2
413,407,3,2
413,408,3,2
413,409,3,2
413,410,3,2
413,411,3,2
413,412,3,2
413,413,3,2
413,414,3,2
413,415,3,2
413,416,3,2
413,417,3,2
413,418,3,2
413,419,3,2
413,420,3,2
413,421,3,2
413,422,3,2
413,423,3,2
413,424,3,2
413,425,3,3
413,426,3,3
413,427,3,3
413,428,3,3
413,429,3,3
413,430,3,3
413,431,3,3
413,432,3,3
413,433,3,3
413,434,3,2
413,435,3,2
413,436,3,2
413,437,3,2
413,438,3,2
413,439,3,2
413,440,3,2
413,441,3,2
413,442,3,2
413,443,3,2
413,444,3,2
413,445,3,2
413,446,3,2
413,447,3,2
413,448,3,2
413,449,3,2
413,450,3,2
413,451,3,2
413,452,3,2
413,453,3,2
413,454,3,2
413,455,3,2
413,456,3,2
413,457,3,2
413,458,3,2
413,459,3,2
413,460,3,2
413,461,3,2
413,462,3,2
413,463,3,2
413,464,3,2
413,465,3,2
413,466,3,2
413,467,3,2
413,468,3,2
413,469,3,2
413,470,3,2
413,471,3,2
413,472,3,2
413,473,3,2
413,474,3,2
413,475,3,2
413,476,3,2
413,477,3,3
413,478,3,3
413,479,3,3
413,480,3,3
413,481,3,3
413,482,3,3
413,483,3,3
413,484,3,3
413,485,3,3
413,486,3,3
413,487,3,3
413,488,3,3
413,489,3,3
413,490,3,3
413,491,3,3
413,492,3,3
413,493,3,3
413,494,3,3
413,495,3,3
413,496,3,3
413,497,3,3
413,498,3,3
413,499,3,3
413,500,3,3
413,501,3,3
413,502,3,3
413,503,3,3
413,504,3,3
413,505,3,3
413,506,3,3
413,507,3,3
413,508,3,3
413,509,3,3
413,510,3,3
413,511,3,3
413,512,3,3
413,513,3,3
413,514,3,3
413,515,3,3
413,516,3,3
413,517,3,3
413,518,3,3
413,519,3,3
413,520,3,3
413,521,3,3
413,522,3,3
413,523,3,3
413,524,3,3
413,525,3,3
413,526,3,3
413,527,3,3
413,528,3,3
413,529,3,3
413,530,3,3
413,531,3,3
413,532,3,3
413,533,3,3
413,534,3,3
413,535,3,3
413,536,3,3
413,537,3,3
413,538,3,3
413,539,3,3
413,540,3,3
413,541,3,3
413,542,3,3
413,543,3,3
413,544,3,3
413,545,3,3
413,546,3,3
413,547,3,3
413,548,3,2
413,549,3,2
413,550,3,2
413,551,3,2
413,552,3,2
413,553,3,2
413,554,3,2
413,555,3,2
413,556,3,2
413,557,3,2
413,558,3,2
413,559,3,2
413,560,3,2
413,561,3,2
413,562,3,2
413,563,3,2
413,564,3,2
413,565,3,2
413,566,3,2
413,567,3,2
413,568,3,2
413,569,3,2
413,570,3,2
413,571,3,2
413,572,3,2
413,573,3,2
413,574,3,2
413,575,3,2
413,576,3,2
413,577,3,2
413,578,3,2
413,579,3,2
413,580,3,2
413,581,3,2
413,582,3,2
413,583,3,2
413,584,3,2
413,585,3,2
413,586,3,2
413,587,3,2
413,588,3,2
413,589,3,2
413,590,3,2
413,591,3,2
413,592,3,2
413,593,3,2
413,594,3,2
413,595,3,2
413,596,3,2
413,597,3,2
413,598,3,2
413,599,3,2
413,600,3,2
413,601,3,2
413,602,3,2
413,603,3,2
413,604,3,2
413,605,3,2
413,606,3,2
413,607,3,2
413,608,3,2
413,609,3,2
413,610,3,2
413,611,3,2
413,612,3,2
413,613,3,2
413,614,3,2
413,615,3,2
413,616,3,2
413,617,3,2
413,618,3,2
413,619,3,2
413,620,3,2
413,621,3,2
413,622,3,2
413,623,3,2
413,624,3,2
413,625,3,2
413,626,3,2
413,627,3,2
413,628,3,2
413,629,3,2
413,630,3,2
413,631,3,2
413,632,3,2
413,633,3,2
413,634,3,2
413,635,3,2
413,636,3,2
413,637,3,2
413,638,3,2
413,639,3,2
413,640,3,2
413,641,3,2
413,642,3,2
413,643,3,2
413,644,3,2
413,645,3,2
413,646,3,2
413,647,3,2
413,648,3,2
413,649,3,2
413,650,3,2
413,651,3,2
413,652,3,2
413,653,3,2
413,654,3,2
413,655,3,2
413,656,3,2
413,657,3,2
413,658,3,2
413,659,3,2
413,660,3,2
413,661,3,2
413,662,3,2
413,663,3,2
413,664,3,2
413,665,3,2
413,666,3,2
413,667,3,2
413,668,3,2
413,669,3,2
413,670,3,2
413,671,3,2
413,672,3,2
413,673,3,2
414,67,3,2
414,68,3,2
414,69,3,2
414,70,3,2
414,71,3,2
414,72,3,2
414,73,3,2
414,74,3,2
414,75,3,2
414,76,3,2
414,77,3,2
414,78,3,2
414,79,3,2
414,80,3,2
414,81,3,2
414,82,3,2
414,83,3,2
414,84,3,2
414,85,3,2
414,86,3,2
414,87,3,2
414,88,3,2
414,89,3,2
414,90,3,2
414,91,3,2
414,92,3,2
414,93,3,2
414,94,3,2
414,95,3,2
414,96,3,2
414,97,3,2
414,98,3,2
414,99,3,2
414,100,3,2
414,101,3,2
414,102,3,2
414,103,3,2
414,104,3,2
414,105,3,2
414,106,3,2
414,107,3,2
414,108,3,2
414,109,3,2
414,110,3,2
414,111,3,2
414,112,3,2
414,113,3,2
414,114,3,2
414,115,3,2
414,116,3,2
414,117,3,2
414,118,3,2
414,119,3,2
414,120,3,2
414,121,3,2
414,122,3,2
414,123,3,2
414,124,3,2
414,125,3,2
414,126,3,2
414,127,3,2
414,128,3,2
414,129,3,2
414,130,3,2
414,131,3,2
414,132,3,2
414,133,3,2
414,134,3,2
414,135,3,2
414,136,3,2
414,137,3,2
414,138,3,2
414,139,3,2
414,140,3,2
414,141,3,2
414,142,3,2
414,143,3,2
414,144,3,2
414,145,3,2
414,146,3,2
414,147,3,2
414,148,3,2
414,149,3,2
414,150,3,2
414,151,3,2
414,152,3,2
414,153,3,2
414,154,3,2
414,155,3,2
414,156,3,2
414,157,3,2
414,158,3,2
414,159,3,2
414,160,3,2
414,161,3,2
414,162,3,2
414,163,3,2
414,164,3,2
414,165,3,2
414,166,3,2
414,167,3,2
414,168,3,2
414,169,3,2
414,170,3,2
414,171,3,2
414,172,3,2
414,173,3,2
414,174,3,2
414,175,3,2
414,176,3,2
414,177,3,2
414,178,3,2
414,179,3,2
414,180,3,2
414,181,3,2
414,182,3,2
414,183,3,2
414,184,3,2
414,185,3,2
414,186,3,2
414,187,3,2
414,188,3,2
414,189,3,2
414,190,3,2
414,191,3,2
414,192,3,2
414,193,3,2
414,194,3,2
414,195,3,2
414,196,3,2
414,197,3,2
414,198,3,2
414,199,3,2
414,200,3,2
414,201,3,2
414,202,3,2
414,203,3,2
414,204,3,2
414,205,3,2
414,206,3,2
414,207,3,2
414,208,3,2
414,209,3,2
414,210,3,2
414,211,3,2
414,212,3,2
414,213,3,2
414,214,3,2
414,215,3,2
414,216,3,2
414,217,3,2
414,218,3,2
414,219,3,2
414,220,3,2
414,221,3,2
414,222,3,2
414,223,3,2
414,224,3,2
414,225,3,2
414,226,3,2
414,227,3,2
414,228,3,2
414,229,3,2
414,230,3,2
414,231,3,2
414,232,3,2
414,233,3,2
414,234,3,2
414,235,3,2
414,236,3,2
414,237,3,2
414,238,3,2
414,239,3,2
414,240,3,2
414,241,3,2
414,242,3,2
414,243,3,2
414,244,3,2
414,245,3,2
414,246,3,2
414,247,3,2
414,248,3,2
414,249,3,2
414,250,3,2
414,251,3,2
414,252,3,2
414,253,3,2
414,254,3,2
414,255,3,2
414,256,3,2
414,257,3,2
414,258,3,2
414,259,3,2
414,260,3,2
414,261,3,2
414,262,3,2
414,263,3,2
414,264,3,2
414,265,3,2
414,266,3,2
414,267,3,2
414,268,3,2
414,269,3,2
414,270,3,2
414,271,3,2
414,272,3,2
414,273,3,2
414,274,3,2
414,275,3,2
414,276,3,2
414,277,3,2
414,278,3,2
414,279,3,2
414,280,3,2
414,281,3,2
414,282,3,2
414,283,3,2
414,284,3,2
414,285,3,2
414,286,3,2
414,287,3,2
414,288,3,2
414,289,3,2
414,290,3,2
414,291,3,2
414,292,3,2
414,293,3,2
414,294,3,2
414,295,3,2
414,296,3,2
414,297,3,2
414,298,3,2
414,299,3,2
414,300,3,2
414,301,3,2
414,302,3,2
414,303,3,2
414,304,3,2
414,305,3,2
414,306,3,2
414,307,3,2
414,308,3,2
414,309,3,2
414,310,3,2
414,311,3,2
414,312,3,2
414,313,3,2
414,314,3,2
414,315,3,2
414,316,3,2
414,317,3,2
414,318,3,2
414,319,3,2
414,320,3,2
414,321,3,2
414,322,3,2
414,323,3,2
414,324,3,2
414,325,3,2
414,326,3,2
414,327,3,2
414,328,3,2
414,329,3,2
414,330,3,2
414,331,3,2
414,332,3,2
414,333,3,2
414,334,3,2
414,335,3,2
414,336,3,2
414,337,3,2
414,338,3,2
414,339,3,2
414,340,3,2
414,341,3,2
414,342,3,2
414,343,3,2
414,344,3,2
414,345,3,2
414,346,3,2
414,347,3,2
414,348,3,2
414,349,3,2
414,350,3,2
414,351,3,2
414,352,3,2
414,353,3,2
414,354,3,2
414,355,3,2
414,356,3,2
414,357,3,2
414,358,3,2
414,359,3,2
414,360,3,2
414,361,3,2
414,362,3,2
414,363,3,2
414,364,3,2
414,365,3,2
414,366,3,2
414,367,3,2
414,368,3,2
414,369,3,2
414,370,3,2
414,371,3,2
414,372,3,2
414,373,3,2
414,374,3,2
414,375,3,2
414,376,3,2
414,377,3,2
414,378,3,2
414,379,3,2
414,380,3,2
414,381,3,2
414,382,3,2
414,383,3,2
414,384,3,2
414,385,3,2
414,386,3,2
414,387,3,2
414,388,3,2
414,389,3,2
414,390,3,2
414,391,3,2
414,392,3,2
414,393,3,2
414,394,3,2
414,395,3,2
414,396,3,2
414,397,3,2
414,398,3,2
414,399,3,2
414,400,3,2
414,401,3,2
414,402,3,2
414,403,3,2
414,404,3,2
414,405,3,2
414,406,3,2
414,407,3,2
414,408,3,2
414,409,3,2
414,410,3,2
414,411,3,2
414,412,3,2
414,413,3,2
414,414,3,2
414,415,3,2
414,416,3,2
414,417,3,2
414,418,3,2
414,419,3,2
414,420,3,2
414,421,3,2
414,422,3,2
414,423,3,3
414,424,3,3
414,425,3,3
414,426,3,3
414,427,3,3
414,428,3,3
414,429,3,3
414,430,3,3
414,431,3,3
414,432,3,3
414,433,3,3
414,434,3,3
414,435,3,3
414,436,3,3
414,437,3,3
414,438,3,2
414,439,3,2
414,440,3,2
414,441,3,2
414,442,3,2
414,443,3,2
414,444,3,2
414,445,3,2
414,446,3,2
414,447,3,2
414,448,3,2
414,449,3,2
414,450,3,2
414,451,3,2
414,452,3,2
414,453,3,2
414,454,3,2
414,455,3,2
414,456,3,2
414,457,3,2
414,458,3,2
414,459,3,2
414,460,3,2
414,461,3,2
414,462,3,2
414,463,3,2
414,464,3,2
414,465,3,2
414,466,3,2
414,467,3,2
414,468,3,2
414,469,3,2
414,470,3,2
414,471,3,2
414,472,3,2
414,473,3,2
414,474,3,2
414,475,3,2
414,476,3,2
414,477,3,3
414,478,3,3
414,479,3,3
414,480,3,3
414,481,3,3
414,482,3,3
414,483,3,3
414,484,3,3
414,485,3,3
414,486,3,3
414,487,3,3
414,488,3,3
414,489,3,3
414,490,3,3
414,491,3,3
414,492,3,3
414,493,3,3
414,494,3,3
414,495,3,3
414,496,3,3
414,497,3,3
414,498,3,3
414,499,3,3
414,500,3,3
414,501,3,3
414,502,3,3
414,503,3,3
414,504,3,3
414,505,3,3
414,506,3,3
414,507,3,3
414,508,3,3
414,509,3,3
414,510,3,3
414,511,3,3
414,512,3,3
414,513,3,3
414,514,3,3
414,515,3,3
414,516,3,3
414,517,3,3
414,518,3,3
414,519,3,3
414,520,3,3
414,521,3,3
414,522,3,3
414,523,3,3
414,524,3,3
414,525,3,3
414,526,3,3
414,527,3,3
414,528,3,3
414,529,3,3
414,530,3,3
414,531,3,3
414,532,3,3
414,533,3,3
414,534,3,3
414,535,3,3
414,536,3,3
414,537,3,3
414,538,3,3
414,539,3,3
414,540,3,3
414,541,3,3
414,542,3,3
414,543,3,3
414,544,3,3
414,545,3,3
414,546,3,3
414,547,3,3
414,548,3,2
414,549,3,2
414,550,3,2
414,551,3,2
414,552,3,2
414,553,3,2
414,554,3,2
414,555,3,2
414,556,3,2
414,557,3,2
414,558,3,2
414,559,3,2
414,560,3,2
414,561,3,2
414,562,3,2
414,563,3,2
414,564,3,2
414,565,3,2
414,566,3,3
414,567,3,3
414,568,3,3
414,569,3,3
414,570,3,2
414,571,3,2
414,572,3,2
414,573,3,2
414,574,3,2
414,575,3,2
414,576,3,2
414,577,3,2
414,578,3,2
414,579,3,2
414,580,3,2
414,581,3,2
414,582,3,2
414,583,3,2
414,584,3,2
414,585,3,2
414,586,3,2
414,587,3,2
414,588,3,2
414,589,3,2
414,590,3,2
414,591,3,2
414,592,3,2
414,593,3,2
414,594,3,2
414,595,3,2
414,596,3,2
414,597,3,2
414,598,3,2
414,599,3,2
414,600,3,2
414,601,3,2
414,602,3,2
414,603,3,2
414,604,3,2
414,605,3,2
414,606,3,2
414,607,3,2
414,608,3,2
414,609,3,2
414,610,3,2
414,611,3,2
414,612,3,2
414,613,3,2
414,614,3,2
414,615,3,2
414,616,3,2
414,617,3,2
414,618,3,2
414,619,3,2
414,620,3,2
414,621,3,2
414,622,3,2
414,623,3,2
414,624,3,2
414,625,3,2
414,626,3,2
414,627,3,2
414,628,3,2
414,629,3,2
414,630,3,2
414,631,3,2
414,632,3,2
414,633,3,2
414,634,3,2
414,635,3,2
414,636,3,2
414,637,3,2
414,638,3,2
414,639,3,2
414,640,3,2
414,641,3,2
414,642,3,2
414,643,3,2
414,644,3,2
414,645,3,2
414,646,3,2
414,647,3,2
414,648,3,2
414,649,3,2
414,650,3,2
414,651,3,2
414,652,3,2
414,653,3,2
414,654,3,2
414,655,3,2
414,656,3,2
414,657,3,2
414,658,3,2
414,659,3,2
414,660,3,2
414,661,3,2
414,662,3,2
414,663,3,2
414,664,3,2
414,665,3,2
414,666,3,2
414,667,3,2
414,668,3,2
414,669,3,2
414,670,3,2
414,671,3,2
414,672,3,2
414,673,3,2
415,67,3,2
415,68,3,2
415,69,3,2
415,70,3,2
415,71,3,2
415,72,3,2
415,73,3,2
415,74,3,2
415,75,3,2
415,76,3,2
415,77,3,2
415,78,3,2
415,79,3,2
415,80,3,2
415,81,3,2
415,82,3,2
415,83,3,2
415,84,3,2
415,85,3,2
415,86,3,2
415,87,3,2
415,88,3,2
415,89,3,2
415,90,3,2
415,91,3,2
415,92,3,2
415,93,3,2
415,94,3,2
415,95,3,2
415,96,3,2
415,97,3,2
415,98,3,2
415,99,3,2
415,100,3,2
415,101,3,2
415,102,3,2
415,103,3,2
415,104,3,2
415,105,3,2
415,106,3,2
415,107,3,2
415,108,3,2
415,109,3,2
415,110,3,2
415,111,3,2
415,112,3,2
415,113,3,2
415,114,3,2
415,115,3,2
415,116,3,2
415,117,3,2
415,118,3,2
415,119,3,2
415,120,3,2
415,121,3,2
415,122,3,2
415,123,3,2
415,124,3,2
415,125,3,2
415,126,3,2
415,127,3,2
415,128,3,2
415,129,3,2
415,130,3,2
415,131,3,2
415,132,3,2
415,133,3,2
415,134,3,2
415,135,3,2
415,136,3,2
415,137,3,2
415,138,3,2
415,139,3,2
415,140,3,2
415,141,3,2
415,142,3,2
415,143,3,2
415,144,3,2
415,145,3,2
415,146,3,2
415,147,3,2
415,148,3,2
415,149,3,2
415,150,3,2
415,151,3,2
415,152,3,2
415,153,3,2
415,154,3,2
415,155,3,2
415,156,3,2
415,157,3,2
415,158,3,2
415,159,3,2
415,160,3,2
415,161,3,2
415,162,3,2
415,163,3,2
415,164,3,2
415,165,3,2
415,166,3,2
415,167,3,2
415,168,3,2
415,169,3,2
415,170,3,2
415,171,3,2
415,172,3,2
415,173,3,2
415,174,3,2
415,175,3,2
415,176,3,2
415,177,3,2
415,178,3,2
415,179,3,2
415,180,3,2
415,181,3,2
415,182,3,2
415,183,3,2
415,184,3,2
415,185,3,2
415,186,3,2
415,187,3,2
415,188,3,2
415,189,3,2
415,190,3,2
415,191,3,2
415,192,3,2
415,193,3,2
415,194,3,2
415,195,3,2
415,196,3,2
415,197,3,2
415,198,3,2
415,199,3,2
415,200,3,2
415,201,3,2
415,202,3,2
415,203,3,2
415,204,3,2
415,205,3,2
415,206,3,2
415,207,3,2
415,208,3,2
415,209,3,2
415,210,3,2
415,211,3,2
415,212,3,2
415,213,3,2
415,214,3,2
415,215,3,2
415,216,3,2
415,217,3,2
415,218,3,2
415,219,3,2
415,220,3,2
415,221,3,2
415,222,3,2
415,223,3,2
415,224,3,2
415,225,3,2
415,226,3,2
415,227,3,2
415,228,3,2
415,229,3,2
415,230,3,2
415,231,3,2
415,232,3,2
415,233,3,2
415,234,3,2
415,235,3,2
415,236,3,2
415,237,3,2
415,238,3,2
415,239,3,2
415,240,3,2
415,241,3,2
415,242,3,2
415,243,3,2
415,244,3,2
415,245,3,2
415,246,3,2
415,247,3,2
415,248,3,2
415,249,3,2
415,250,3,2
415,251,3,2
415,252,3,2
415,253,3,2
415,254,3,2
415,255,3,2
415,256,3,2
415,257,3,2
415,258,3,2
415,259,3,2
415,260,3,2
415,261,3,2
415,262,3,2
415,263,3,2
415,264,3,2
415,265,3,2
415,266,3,2
415,267,3,2
415,268,3,2
415,269,3,2
415,270,3,2
415,271,3,2
415,272,3,2
415,273,3,2
415,274,3,2
415,275,3,2
415,276,3,2
415,277,3,2
415,278,3,2
415,279,3,2
415,280,3,2
415,281,3,2
415,282,3,2
415,283,3,2
415,284,3,2
415,285,3,2
415,286,3,2
415,287,3,2
415,288,3,2
415,289,3,2
415,290,3,2
415,291,3,2
415,292,3,2
415,293,3,2
415,294,3,2
415,295,3,2
415,296,3,2
415,297,3,2
415,298,3,2
415,299,3,2
415,300,3,2
415,301,3,2
415,302,3,2
415,303,3,2
415,304,3,2
415,305,3,2
415,306,3,2
415,307,3,2
415,308,3,2
415,309,3,2
415,310,3,2
415,311,3,2
415,312,3,2
415,313,3,2
415,314,3,2
415,315,3,2
415,316,3,2
415,317,3,2
415,318,3,2
415,319,3,2
415,320,3,2
415,321,3,2
415,322,3,2
415,323,3,2
415,324,3,2
415,325,3,2
415,326,3,2
415,327,3,2
415,328,3,2
415,329,3,2
415,330,3,2
415,331,3,2
415,332,3,2
415,333,3,2
415,334,3,2
415,335,3,2
415,336,3,2
415,337,3,2
415,338,3,2
415,339,3,2
415,340,3,2
415,341,3,2
415,342,3,2
415,343,3,2
415,344,3,2
415,345,3,2
415,346,3,2
415,347,3,2
415,348,3,2
415,349,3,2
415,350,3,2
415,351,3,2
415,352,3,2
415,353,3,2
415,354,3,2
415,355,3,2
415,356,3,2
415,357,3,2
415,358,3,2
415,359,3,2
415,360,3,2
415,361,3,2
415,362,3,2
415,363,3,2
415,364,3,2
415,365,3,2
415,366,3,2
415,367,3,2
415,368,3,2
415,369,3,2
415,370,3,2
415,371,3,2
415,372,3,2
415,373,3,2
415,374,3,2
415,375,3,2
415,376,3,2
415,377,3,2
415,378,3,2
415,379,3,2
415,380,3,2
415,381,3,2
415,382,3,2
415,383,3,2
415,384,3,2
415,385,3,2
415,386,3,2
415,387,3,2
415,388,3,2
415,389,3,2
415,390,3,2
415,391,3,2
415,392,3,2
415,393,3,2
415,394,3,2
415,395,3,2
415,396,3,2
415,397,3,2
415,398,3,2
415,399,3,2
415,400,3,2
415,401,3,2
415,402,3,2
415,403,3,2
415,404,3,2
415,405,3,2
415,406,3,2
415,407,3,2
415,408,3,2
415,409,3,2
415,410,3,2
415,411,3,2
415,412,3,2
415,413,3,2
415,414,3,2
415,415,3,2
415,416,3,2
415,417,3,2
415,418,3,2
415,419,3,2
415,420,3,2
415,421,3,2
415,422,3,3
415,423,3,3
415,424,3,3
415,425,3,3
415,426,3,3
415,427,3,3
415,428,3,3
415,429,3,3
415,430,3,3
415,431,3,3
415,432,3,3
415,433,3,3
415,434,3,3
415,435,3,3
415,436,3,3
415,437,3,3
415,438,3,3
415,439,3,3
415,440,3,2
415,441,3,2
415,442,3,2
415,443,3,2
415,444,3,2
415,445,3,2
415,446,3,2
415,447,3,2
415,448,3,2
415,449,3,2
415,450,3,2
415,451,3,2
415,452,3,2
415,453,3,2
415,454,3,2
415,455,3,2
415,456,3,2
415,457,3,2
415,458,3,2
415,459,3,2
415,460,3,2
415,461,3,2
415,462,3,2
415,463,3,2
415,464,3,2
415,465,3,2
415,466,3,2
415,467,3,2
415,468,3,2
415,469,3,2
415,470,3,2
415,471,3,2
415,472,3,2
415,473,3,2
415,474,3,2
415,475,3,2
415,476,3,3
415,477,3,3
415,478,3,3
415,479,3,3
415,480,3,3
415,481,3,3
415,482,3,3
415,483,3,3
415,484,3,3
415,485,3,3
415,486,3,3
415,487,3,3
415,488,3,3
415,489,3,3
415,490,3,3
415,491,3,3
415,492,3,3
415,493,3,3
415,494,3,3
415,495,3,3
415,496,3,3
415,497,3,3
415,498,3,3
415,499,3,3
415,500,3,3
415,501,3,3
415,502,3,3
415,503,3,3
415,504,3,3
415,505,3,3
415,506,3,3
415,507,3,3
415,508,3,3
415,509,3,3
415,510,3,3
415,511,3,3
415,512,3,3
415,513,3,3
415,514,3,3
415,515,3,3
415,516,3,3
415,517,3,3
415,518,3,3
415,519,3,3
415,520,3,3
415,521,3,3
415,522,3,3
415,523,3,3
415,524,3,3
415,525,3,3
415,526,3,3
415,527,3,3
415,528,3,3
415,529,3,3
415,530,3,3
415,531,3,3
415,532,3,3
415,533,3,3
415,534,3,3
415,535,3,3
415,536,3,3
415,537,3,3
415,538,3,3
415,539,3,3
415,540,3,3
415,541,3,3
415,542,3,3
415,543,3,3
415,544,3,3
415,545,3,3
415,546,3,3
415,547,3,3
415,548,3,3
415,549,3,2
415,550,3,2
415,551,3,2
415,552,3,2
415,553,3,2
415,554,3,2
415,555,3,2
415,556,3,2
415,557,3,2
415,558,3,2
415,559,3,2
415,560,3,2
415,561,3,2
415,562,3,2
415,563,3,2
415,564,3,3
415,565,3,3
415,566,3,3
415,567,3,3
415,568,3,3
415,569,3,2
415,570,3,2
415,571,3,2
415,572,3,2
415,573,3,2
415,574,3,2
415,575,3,2
415,576,3,2
415,577,3,2
415,578,3,2
415,579,3,2
415,580,3,2
415,581,3,2
415,582,3,2
415,583,3,2
415,584,3,2
415,585,3,2
415,586,3,2
415,587,3,2
415,588,3,2
415,589,3,2
415,590,3,2
415,591,3,2
415,592,3,2
415,593,3,2
415,594,3,2
415,595,3,2
415,596,3,2
415,597,3,2
415,598,3,2
415,599,3,2
415,600,3,2
415,601,3,2
415,602,3,2
415,603,3,2
415,604,3,2
415,605,3,2
415,606,3,2
415,607,3,2
415,608,3,2
415,609,3,2
415,610,3,2
415,611,3,2
415,612,3,2
415,613,3,2
415,614,3,2
415,615,3,2
415,616,3,2
415,617,3,2
415,618,3,2
415,619,3,2
415,620,3,2
415,621,3,2
415,622,3,2
415,623,3,2
415,624,3,2
415,625,3,2
415,626,3,2
415,627,3,2
415,628,3,2
415,629,3,2
415,630,3,2
415,631,3,2
415,632,3,2
415,633,3,2
415,634,3,2
415,635,3,2
415,636,3,2
415,637,3,2
415,638,3,2
415,639,3,2
415,640,3,2
415,641,3,2
415,642,3,2
415,643,3,2
415,644,3,2
415,645,3,2
415,646,3,2
415,647,3,2
415,648,3,2
415,649,3,2
415,650,3,2
415,651,3,2
415,652,3,2
415,653,3,2
415,654,3,2
415,655,3,2
415,656,3,2
415,657,3,2
415,658,3,2
415,659,3,2
415,660,3,2
415,661,3,2
415,662,3,2
415,663,3,2
415,664,3,2
415,665,3,2
415,666,3,2
415,667,3,2
415,668,3,2
415,669,3,2
415,670,3,2
415,671,3,2
415,672,3,2
415,673,3,2
416,67,3,2
416,68,3,2
416,69,3,2
416,70,3,2
416,71,3,2
416,72,3,2
416,73,3,2
416,74,3,2
416,75,3,2
416,76,3,2
416,77,3,2
416,78,3,2
416,79,3,2
416,80,3,2
416,81,3,2
416,82,3,2
416,83,3,2
416,84,3,2
416,85,3,2
416,86,3,2
416,87,3,2
416,88,3,2
416,89,3,2
416,90,3,2
416,91,3,2
416,92,3,2
416,93,3,2
416,94,3,2
416,95,3,2
416,96,3,2
416,97,3,2
416,98,3,2
416,99,3,2
416,100,3,2
416,101,3,2
416,102,3,2
416,103,3,2
416,104,3,2
416,105,3,2
416,106,3,2
416,107,3,2
416,108,3,2
416,109,3,2
416,110,3,2
416,111,3,2
416,112,3,2
416,113,3,2
416,114,3,2
416,115,3,2
416,116,3,2
416,117,3,2
416,118,3,2
416,119,3,2
416,120,3,2
416,121,3,2
416,122,3,2
416,123,3,2
416,124,3,2
416,125,3,2
416,126,3,2
416,127,3,2
416,128,3,2
416,129,3,2
416,130,3,2
416,131,3,2
416,132,3,2
416,133,3,2
416,134,3,2
416,135,3,2
416,136,3,2
416,137,3,2
416,138,3,2
416,139,3,2
416,140,3,2
416,141,3,2
416,142,3,2
416,143,3,2
416,144,3,2
416,145,3,2
416,146,3,2
416,147,3,2
416,148,3,2
416,149,3,2
416,150,3,2
416,151,3,2
416,152,3,2
416,153,3,2
416,154,3,2
416,155,3,2
416,156,3,2
416,157,3,2
416,158,3,2
416,159,3,2
416,160,3,2
416,161,3,2
416,162,3,2
416,163,3,2
416,164,3,2
416,165,3,2
416,166,3,2
416,167,3,2
416,168,3,2
416,169,3,2
416,170,3,2
416,171,3,2
416,172,3,2
416,173,3,2
416,174,3,2
416,175,3,2
416,176,3,2
416,177,3,2
416,178,3,2
416,179,3,2
416,180,3,2
416,181,3,2
416,182,3,2
416,183,3,2
416,184,3,2
416,185,3,2
416,186,3,2
416,187,3,2
416,188,3,2
416,189,3,2
416,190,3,2
416,191,3,2
416,192,3,2
416,193,3,2
416,194,3,2
416,195,3,2
416,196,3,2
416,197,3,2
416,198,3,2
416,199,3,2
416,200,3,2
416,201,3,2
416,202,3,2
416,203,3,2
416,204,3,2
416,205,3,2
416,206,3,2
416,207,3,2
416,208,3,2
416,209,3,2
416,210,3,2
416,211,3,2
416,212,3,2
416,213,3,2
416,214,3,2
416,215,3,2
416,216,3,2
416,217,3,2
416,218,3,2
416,219,3,2
416,220,3,2
416,221,3,2
416,222,3,2
416,223,3,2
416,224,3,2
416,225,3,2
416,226,3,2
416,227,3,2
416,228,3,2
416,229,3,2
416,230,3,2
416,231,3,2
416,232,3,2
416,233,3,2
416,234,3,2
416,235,3,2
416,236,3,2
416,237,3,2
416,238,3,2
416,239,3,2
416,240,3,2
416,241,3,2
416,242,3,2
416,243,3,2
416,244,3,2
416,245,3,2
416,246,3,2
416,247,3,2
416,248,3,2
416,249,3,2
416,250,3,2
416,251,3,2
416,252,3,2
416,253,3,2
416,254,3,2
416,255,3,2
416,256,3,2
416,257,3,2
416,258,3,2
416,259,3,2
416,260,3,2
416,261,3,2
416,262,3,2
416,263,3,2
416,264,3,2
416,265,3,2
416,266,3,2
416,267,3,2
416,268,3,2
416,269,3,2
416,270,3,2
416,271,3,2
416,272,3,2
416,273,3,2
416,274,3,2
416,275,3,2
416,276,3,2
416,277,3,2
416,278,3,2
416,279,3,2
416,280,3,2
416,281,3,2
416,282,3,2
416,283,3,2
416,284,3,2
416,285,3,2
416,286,3,2
416,287,3,2
416,288,3,2
416,289,3,2
416,290,3,2
416,291,3,2
416,292,3,2
416,293,3,2
416,294,3,2
416,295,3,2
416,296,3,2
416,297,3,2
416,298,3,2
416,299,3,2
416,300,3,2
416,301,3,2
416,302,3,2
416,303,3,2
416,304,3,2
416,305,3,2
416,306,3,2
416,307,3,2
416,308,3,2
416,309,3,2
416,310,3,2
416,311,3,2
416,312,3,2
416,313,3,2
416,314,3,2
416,315,3,2
416,316,3,2
416,317,3,2
416,318,3,2
416,319,3,2
416,320,3,2
416,321,3,2
416,322,3,2
416,323,3,2
416,324,3,2
416,325,3,2
416,326,3,2
416,327,3,2
416,328,3,2
416,329,3,2
416,330,3,2
416,331,3,2
416,332,3,2
416,333,3,2
416,334,3,2
416,335,3,2
416,336,3,2
416,337,3,2
416,338,3,2
416,339,3,2
416,340,3,2
416,341,3,2
416,342,3,2
416,343,3,2
416,344,3,2
416,345,3,2
416,346,3,2
416,347,3,2
416,348,3,2
416,349,3,2
416,350,3,2
416,351,3,2
416,352,3,2
416,353,3,2
416,354,3,2
416,355,3,2
416,356,3,2
416,357,3,2
416,358,3,2
416,359,3,2
416,360,3,2
416,361,3,2
416,362,3,2
416,363,3,2
416,364,3,2
416,365,3,2
416,366,3,2
416,367,3,2
416,368,3,2
416,369,3,2
416,370,3,2
416,371,3,2
416,372,3,2
416,373,3,2
416,374,3,2
416,375,3,2
416,376,3,2
416,377,3,2
416,378,3,2
416,379,3,2
416,380,3,2
416,381,3,2
416,382,3,2
416,383,3,2
416,384,3,2
416,385,3,2
416,386,3,2
416,387,3,2
416,388,3,2
416,389,3,2
416,390,3,2
416,391,3,2
416,392,3,2
416,393,3,2
416,394,3,2
416,395,3,2
416,396,3,2
416,397,3,2
416,398,3,2
416,399,3,2
416,400,3,2
416,401,3,2
416,402,3,2
416,403,3,2
416,404,3,2
416,405,3,2
416,406,3,2
416,407,3,2
416,408,3,2
416,409,3,2
416,410,3,2
416,411,3,2
416,412,3,2
416,413,3,2
416,414,3,2
416,415,3,2
416,416,3,2
416,417,3,2
416,418,3,2
416,419,3,2
416,420,3,2
416,421,3,3
416,422,3,3
416,423,3,3
416,424,3,3
416,425,3,3
416,426,3,3
416,427,3,3
416,428,3,3
416,429,3,3
416,430,3,3
416,431,3,3
416,432,3,3
416,433,3,3
416,434,3,3
416,435,3,3
416,436,3,3
416,437,3,3
416,438,3,3
416,439,3,3
416,440,3,3
416,441,3,2
416,442,3,2
416,443,3,2
416,444,3,2
416,445,3,2
416,446,3,2
416,447,3,2
416,448,3,2
416,449,3,2
416,450,3,2
416,451,3,2
416,452,3,2
416,453,3,2
416,454,3,2
416,455,3,2
416,456,3,2
416,457,3,2
416,458,3,2
416,459,3,2
416,460,3,2
416,461,3,2
416,462,3,2
416,463,3,2
416,464,3,2
416,465,3,2
416,466,3,2
416,467,3,2
416,468,3,2
416,469,3,2
416,470,3,2
416,471,3,2
416,472,3,2
416,473,3,2
416,474,3,2
416,475,3,2
416,476,3,3
416,477,3,3
416,478,3,3
416,479,3,3
416,480,3,3
416,481,3,3
416,482,3,3
416,483,3,3
416,484,3,3
416,485,3,3
416,486,3,3
416,487,3,3
416,488,3,3
416,489,3,3
416,490,3,3
416,491,3,3
416,492,3,3
416,493,3,3
416,494,3,3
416,495,3,3
416,496,3,3
416,497,3,3
416,498,3,3
416,499,3,3
416,500,3,3
416,501,3,3
416,502,3,3
416,503,3,3
416,504,3,3
416,505,3,3
416,506,3,3
416,507,3,3
416,508,3,3
416,509,3,3
416,510,3,3
416,511,3,3
416,512,3,3
416,513,3,3
416,514,3,3
416,515,3,3
416,516,3,3
416,517,3,3
416,518,3,3
416,519,3,3
416,520,3,3
416,521,3,3
416,522,3,3
416,523,3,3
416,524,3,3
416,525,3,3
416,526,3,3
416,527,3,3
416,528,3,3
416,529,3,3
416,530,3,3
416,531,3,3
416,532,3,3
416,533,3,3
416,534,3,3
416,535,3,3
416,536,3,3
416,537,3,3
416,538,3,3
416,539,3,3
416,540,3,3
416,541,3,3
416,542,3,3
416,543,3,3
416,544,3,3
416,545,3,3
416,546,3,3
416,547,3,3
416,548,3,2
416,549,3,2
416,550,3,2
416,551,3,2
416,552,3,2
416,553,3,2
416,554,3,2
416,555,3,2
416,556,3,2
416,557,3,2
416,558,3,2
416,559,3,2
416,560,3,2
416,561,3,2
416,562,3,2
416,563,3,2
416,564,3,2
416,565,3,2
416,566,3,2
416,567,3,2
416,568,3,2
416,569,3,2
416,570,3,2
416,571,3,2
416,572,3,2
416,573,3,2
416,574,3,2
416,575,3,2
416,576,3,2
416,577,3,2
416,578,3,2
416,579,3,2
416,580,3,2
416,581,3,2
416,582,3,2
416,583,3,2
416,584,3,2
416,585,3,2
416,586,3,2
416,587,3,2
416,588,3,2
416,589,3,2
416,590,3,2
416,591,3,2
416,592,3,2
416,593,3,2
416,594,3,2
416,595,3,2
416,596,3,2
416,597,3,2
416,598,3,2
416,599,3,2
416,600,3,2
416,601,3,2
416,602,3,2
416,603,3,2
416,604,3,2
416,605,3,2
416,606,3,2
416,607,3,2
416,608,3,2
416,609,3,2
416,610,3,2
416,611,3,2
416,612,3,2
416,613,3,2
416,614,3,2
416,615,3,2
416,616,3,2
416,617,3,2
416,618,3,2
416,619,3,2
416,620,3,2
416,621,3,2
416,622,3,2
416,623,3,2
416,624,3,2
416,625,3,2
416,626,3,2
416,627,3,2
416,628,3,2
416,629,3,2
416,630,3,2
416,631,3,2
416,632,3,2
416,633,3,2
416,634,3,2
416,635,3,2
416,636,3,2
416,637,3,2
416,638,3,2
416,639,3,2
416,640,3,2
416,641,3,2
416,642,3,2
416,643,3,2
416,644,3,2
416,645,3,2
416,646,3,2
416,647,3,2
416,648,3,2
416,649,3,2
416,650,3,2
416,651,3,2
416,652,3,2
416,653,3,2
416,654,3,2
416,655,3,2
416,656,3,2
416,657,3,2
416,658,3,2
416,659,3,2
416,660,3,2
416,661,3,2
416,662,3,2
416,663,3,2
416,664,3,2
416,665,3,2
416,666,3,2
416,667,3,2
416,668,3,2
416,669,3,2
416,670,3,2
416,671,3,2
416,672,3,2
416,673,3,2
417,67,3,2
417,68,3,2
417,69,3,2
417,70,3,2
417,71,3,2
417,72,3,2
417,73,3,2
417,74,3,2
417,75,3,2
417,76,3,2
417,77,3,2
417,78,3,2
417,79,3,2
417,80,3,2
417,81,3,2
417,82,3,2
417,83,3,2
417,84,3,2
417,85,3,2
417,86,3,2
417,87,3,2
417,88,3,2
417,89,3,2
417,90,3,2
417,91,3,2
417,92,3,2
417,93,3,2
417,94,3,2
417,95,3,2
417,96,3,2
417,97,3,2
417,98,3,2
417,99,3,2
417,100,3,2
417,101,3,2
417,102,3,2
417,103,3,2
417,104,3,2
417,105,3,2
417,106,3,2
417,107,3,2
417,108,3,2
417,109,3,2
417,110,3,2
417,111,3,2
417,112,3,2
417,113,3,2
417,114,3,2
417,115,3,2
417,116,3,2
417,117,3,2
417,118,3,2
417,119,3,2
417,120,3,2
417,121,3,2
417,122,3,2
417,123,3,2
417,124,3,2
417,125,3,2
417,126,3,2
417,127,3,2
417,128,3,2
417,129,3,2
417,130,3,2
417,131,3,2
417,132,3,2
417,133,3,2
417,134,3,2
417,135,3,2
417,136,3,2
417,137,3,2
417,138,3,2
417,139,3,2
417,140,3,2
417,141,3,2
417,142,3,2
417,143,3,2
417,144,3,2
417,145,3,2
417,146,3,2
417,147,3,2
417,148,3,2
417,149,3,2
417,150,3,2
417,151,3,2
417,152,3,2
417,153,3,2
417,154,3,2
417,155,3,2
417,156,3,2
417,157,3,2
417,158,3,2
417,159,3,2
417,160,3,2
417,161,3,2
417,162,3,2
417,163,3,2
417,164,3,2
417,165,3,2
417,166,3,2
417,167,3,2
417,168,3,2
417,169,3,2
417,170,3,2
417,171,3,2
417,172,3,2
417,173,3,2
417,174,3,2
417,175,3,2
417,176,3,2
417,177,3,2
417,178,3,2
417,179,3,2
417,180,3,2
417,181,3,2
417,182,3,2
417,183,3,2
417,184,3,2
417,185,3,2
417,186,3,2
417,187,3,2
417,188,3,2
417,189,3,2
417,190,3,2
417,191,3,2
417,192,3,2
417,193,3,2
417,194,3,2
417,195,3,2
417,196,3,2
417,197,3,2
417,198,3,2
417,199,3,2
417,200,3,2
417,201,3,2
417,202,3,2
417,203,3,2
417,204,3,2
417,205,3,2
417,206,3,2
417,207,3,2
417,208,3,2
417,209,3,2
417,210,3,2
417,211,3,2
417,212,3,2
417,213,3,2
417,214,3,2
417,215,3,2
417,216,3,2
417,217,3,2
417,218,3,2
417,219,3,2
417,220,3,2
417,221,3,2
417,222,3,2
417,223,3,2
417,224,3,2
417,225,3,2
417,226,3,2
417,227,3,2
417,228,3,2
417,229,3,2
417,230,3,2
417,231,3,2
417,232,3,2
417,233,3,2
417,234,3,2
417,235,3,2
417,236,3,2
417,237,3,2
417,238,3,2
417,239,3,2
417,240,3,2
417,241,3,2
417,242,3,2
417,243,3,2
417,244,3,2
417,245,3,2
417,246,3,2
417,247,3,2
417,248,3,2
417,249,3,2
417,250,3,2
417,251,3,2
417,252,3,2
417,253,3,2
417,254,3,2
417,255,3,2
417,256,3,2
417,257,3,2
417,258,3,2
417,259,3,2
417,260,3,2
417,261,3,2
417,262,3,2
417,263,3,2
417,264,3,2
417,265,3,2
417,266,3,2
417,267,3,2
417,268,3,2
417,269,3,2
417,270,3,2
417,271,3,2
417,272,3,2
417,273,3,2
417,274,3,2
417,275,3,2
417,276,3,2
417,277,3,2
417,278,3,2
417,279,3,2
417,280,3,2
417,281,3,2
417,282,3,2
417,283,3,2
417,284,3,2
417,285,3,2
417,286,3,2
417,287,3,2
417,288,3,2
417,289,3,2
417,290,3,2
417,291,3,2
417,292,3,2
417,293,3,2
417,294,3,2
417,295,3,2
417,296,3,2
417,297,3,2
417,298,3,2
417,299,3,2
417,300,3,2
417,301,3,2
417,302,3,2
417,303,3,2
417,304,3,2
417,305,3,2
417,306,3,2
417,307,3,2
417,308,3,2
417,309,3,2
417,310,3,2
417,311,3,2
417,312,3,2
417,313,3,2
417,314,3,2
417,315,3,2
417,316,3,2
417,317,3,2
417,318,3,2
417,319,3,2
417,320,3,2
417,321,3,2
417,322,3,2
417,323,3,2
417,324,3,2
417,325,3,2
417,326,3,2
417,327,3,2
417,328,3,2
417,329,3,2
417,330,3,2
417,331,3,2
417,332,3,2
417,333,3,2
417,334,3,2
417,335,3,2
417,336,3,2
417,337,3,2
417,338,3,2
417,339,3,2
417,340,3,2
417,341,3,2
417,342,3,2
417,343,3,2
417,344,3,2
417,345,3,2
417,346,3,2
417,347,3,2
417,348,3,2
417,349,3,2
417,350,3,2
417,351,3,2
417,352,3,2
417,353,3,2
417,354,3,2
417,355,3,2
417,356,3,2
417,357,3,2
417,358,3,2
417,359,3,2
417,360,3,2
417,361,3,2
417,362,3,2
417,363,3,2
417,364,3,2
417,365,3,2
417,366,3,2
417,367,3,2
417,368,3,2
417,369,3,2
417,370,3,2
417,371,3,2
417,372,3,2
417,373,3,2
417,374,3,2
417,375,3,2
417,376,3,2
417,377,3,2
417,378,3,2
417,379,3,2
417,380,3,2
417,381,3,2
417,382,3,2
417,383,3,2
417,384,3,2
417,385,3,2
417,386,3,2
417,387,3,2
417,388,3,2
417,389,3,2
417,390,3,2
417,391,3,2
417,392,3,2
417,393,3,2
417,394,3,2
417,395,3,2
417,396,3,2
417,397,3,2
417,398,3,2
417,399,3,2
417,400,3,2
417,401,3,2
417,402,3,2
417,403,3,2
417,404,3,2
417,405,3,2
417,406,3,2
417,407,3,2
417,408,3,2
417,409,3,2
417,410,3,2
417,411,3,2
417,412,3,2
417,413,3,2
417,414,3,2
417,415,3,2
417,416,3,2
417,417,3,2
417,418,3,2
417,419,3,3
417,420,3,3
417,421,3,3
417,422,3,3
417,423,3,3
417,424,3,3
417,425,3,3
417,426,3,3
417,427,3,3
417,428,3,3
417,429,3,3
417,430,3,3
417,431,3,3
417,432,3,3
417,433,3,3
417,434,3,3
417,435,3,3
417,436,3,3
417,437,3,3
417,438,3,3
417,439,3,3
417,440,3,3
417,441,3,3
417,442,3,2
417,443,3,2
417,444,3,2
417,445,3,2
417,446,3,2
417,447,3,2
417,448,3,2
417,449,3,2
417,450,3,2
417,451,3,2
417,452,3,2
417,453,3,2
417,454,3,2
417,455,3,2
417,456,3,2
417,457,3,2
417,458,3,2
417,459,3,2
417,460,3,2
417,461,3,2
417,462,3,2
417,463,3,2
417,464,3,2
417,465,3,2
417,466,3,2
417,467,3,2
417,468,3,2
417,469,3,2
417,470,3,2
417,471,3,2
417,472,3,2
417,473,3,2
417,474,3,2
417,475,3,2
417,476,3,3
417,477,3,3
417,478,3,3
417,479,3,3
417,480,3,3
417,481,3,3
417,482,3,3
417,483,3,3
417,484,3,3
417,485,3,3
417,486,3,3
417,487,3,3
417,488,3,3
417,489,3,3
417,490,3,3
417,491,3,3
417,492,3,3
417,493,3,3
417,494,3,3
417,495,3,3
417,496,3,3
417,497,3,3
417,498,3,3
417,499,3,3
417,500,3,3
417,501,3,3
417,502,3,3
417,503,3,3
417,504,3,3
417,505,3,3
417,506,3,3
417,507,3,3
417,508,3,3
417,509,3,3
417,510,3,3
417,511,3,3
417,512,3,3
417,513,3,3
417,514,3,3
417,515,3,3
417,516,3,3
417,517,3,3
417,518,3,3
417,519,3,3
417,520,3,3
417,521,3,3
417,522,3,3
417,523,3,3
417,524,3,3
417,525,3,3
417,526,3,3
417,527,3,3
417,528,3,3
417,529,3,3
417,530,3,3
417,531,3,3
417,532,3,3
417,533,3,3
417,534,3,3
417,535,3,3
417,536,3,3
417,537,3,3
417,538,3,3
417,539,3,3
417,540,3,3
417,541,3,3
417,542,3,3
417,543,3,3
417,544,3,3
417,545,3,3
417,546,3,3
417,547,3,3
417,548,3,3
417,549,3,2
417,550,3,2
417,551,3,2
417,552,3,2
417,553,3,2
417,554,3,2
417,555,3,2
417,556,3,2
417,557,3,2
417,558,3,2
417,559,3,2
417,560,3,2
417,561,3,2
417,562,3,2
417,563,3,2
417,564,3,2
417,565,3,2
417,566,3,2
417,567,3,2
417,568,3,2
417,569,3,2
417,570,3,2
417,571,3,2
417,572,3,2
417,573,3,2
417,574,3,2
417,575,3,2
417,576,3,2
417,577,3,2
417,578,3,2
417,579,3,2
417,580,3,2
417,581,3,2
417,582,3,2
417,583,3,2
417,584,3,2
417,585,3,2
417,586,3,2
417,587,3,2
417,588,3,2
417,589,3,2
417,590,3,2
417,591,3,2
417,592,3,2
417,593,3,2
417,594,3,2
417,595,3,2
417,596,3,2
417,597,3,2
417,598,3,2
417,599,3,2
417,600,3,2
417,601,3,2
417,602,3,2
417,603,3,2
417,604,3,2
417,605,3,2
417,606,3,2
417,607,3,2
417,608,3,2
417,609,3,2
417,610,3,2
417,611,3,2
417,612,3,2
417,613,3,2
417,614,3,2
417,615,3,2
417,616,3,2
417,617,3,2
417,618,3,2
417,619,3,2
417,620,3,2
417,621,3,2
417,622,3,2
417,623,3,2
417,624,3,2
417,625,3,2
417,626,3,2
417,627,3,2
417,628,3,2
417,629,3,2
417,630,3,2
417,631,3,2
417,632,3,2
417,633,3,2
417,634,3,2
417,635,3,2
417,636,3,2
417,637,3,2
417,638,3,2
417,639,3,2
417,640,3,2
417,641,3,2
417,642,3,2
417,643,3,2
417,644,3,2
417,645,3,2
417,646,3,2
417,647,3,2
417,648,3,2
417,649,3,2
417,650,3,2
417,651,3,2
417,652,3,2
417,653,3,2
417,654,3,2
417,655,3,2
417,656,3,2
417,657,3,2
417,658,3,2
417,659,3,2
417,660,3,2
417,661,3,2
417,662,3,2
417,663,3,2
417,664,3,2
417,665,3,2
417,666,3,2
417,667,3,2
417,668,3,2
417,669,3,2
417,670,3,2
417,671,3,2
417,672,3,2
417,673,3,2
417,674,3,2
417,675,3,2
418,67,3,2
418,68,3,2
418,69,3,2
418,70,3,2
418,71,3,2
418,72,3,2
418,73,3,2
418,74,3,2
418,75,3,2
418,76,3,2
418,77,3,2
418,78,3,2
418,79,3,2
418,80,3,2
418,81,3,2
418,82,3,2
418,83,3,2
418,84,3,2
418,85,3,2
418,86,3,2
418,87,3,2
418,88,3,2
418,89,3,2
418,90,3,2
418,91,3,2
418,92,3,2
418,93,3,2
418,94,3,2
418,95,3,2
418,96,3,2
418,97,3,2
418,98,3,2
418,99,3,2
418,100,3,2
418,101,3,2
418,102,3,2
418,103,3,2
418,104,3,2
418,105,3,2
418,106,3,2
418,107,3,2
418,108,3,2
418,109,3,2
418,110,3,2
418,111,3,2
418,112,3,2
418,113,3,2
418,114,3,2
418,115,3,2
418,116,3,2
418,117,3,2
418,118,3,2
418,119,3,2
418,120,3,2
418,121,3,2
418,122,3,2
418,123,3,2
418,124,3,2
418,125,3,2
418,126,3,2
418,127,3,2
418,128,3,2
418,129,3,2
418,130,3,2
418,131,3,2
418,132,3,2
418,133,3,2
418,134,3,2
418,135,3,2
418,136,3,2
418,137,3,2
418,138,3,2
418,139,3,2
418,140,3,2
418,141,3,2
418,142,3,2
418,143,3,2
418,144,3,2
418,145,3,2
418,146,3,2
418,147,3,2
418,148,3,2
418,149,3,2
418,150,3,2
418,151,3,2
418,152,3,2
418,153,3,2
418,154,3,2
418,155,3,2
418,156,3,2
418,157,3,2
418,158,3,2
418,159,3,2
418,160,3,2
418,161,3,2
418,162,3,2
418,163,3,2
418,164,3,2
418,165,3,2
418,166,3,2
418,167,3,2
418,168,3,2
418,169,3,2
418,170,3,2
418,171,3,2
418,172,3,2
418,173,3,2
418,174,3,2
418,175,3,2
418,176,3,2
418,177,3,2
418,178,3,2
418,179,3,2
418,180,3,2
418,181,3,2
418,182,3,2
418,183,3,2
418,184,3,2
418,185,3,2
418,186,3,2
418,187,3,2
418,188,3,2
418,189,3,2
418,190,3,2
418,191,3,2
418,192,3,2
418,193,3,2
418,194,3,2
418,195,3,2
418,196,3,2
418,197,3,2
418,198,3,2
418,199,3,2
418,200,3,2
418,201,3,2
418,202,3,2
418,203,3,2
418,204,3,2
418,205,3,2
418,206,3,2
418,207,3,2
418,208,3,2
418,209,3,2
418,210,3,2
418,211,3,2
418,212,3,2
418,213,3,2
418,214,3,2
418,215,3,2
418,216,3,2
418,217,3,2
418,218,3,2
418,219,3,2
418,220,3,2
418,221,3,2
418,222,3,2
418,223,3,2
418,224,3,2
418,225,3,2
418,226,3,2
418,227,3,2
418,228,3,2
418,229,3,2
418,230,3,2
418,231,3,2
418,232,3,2
418,233,3,2
418,234,3,2
418,235,3,2
418,236,3,2
418,237,3,2
418,238,3,2
418,239,3,2
418,240,3,2
418,241,3,2
418,242,3,2
418,243,3,2
418,244,3,2
418,245,3,2
418,246,3,2
418,247,3,2
418,248,3,2
418,249,3,2
418,250,3,2
418,251,3,2
418,252,3,2
418,253,3,2
418,254,3,2
418,255,3,2
418,256,3,2
418,257,3,2
418,258,3,2
418,259,3,2
418,260,3,2
418,261,3,2
418,262,3,2
418,263,3,2
418,264,3,2
418,265,3,2
418,266,3,2
418,267,3,2
418,268,3,2
418,269,3,2
418,270,3,2
418,271,3,2
418,272,3,2
418,273,3,2
418,274,3,2
418,275,3,2
418,276,3,2
418,277,3,2
418,278,3,2
418,279,3,2
418,280,3,2
418,281,3,2
418,282,3,2
418,283,3,2
418,284,3,2
418,285,3,2
418,286,3,2
418,287,3,2
418,288,3,2
418,289,3,2
418,290,3,2
418,291,3,2
418,292,3,2
418,293,3,2
418,294,3,2
418,295,3,2
418,296,3,2
418,297,3,2
418,298,3,2
418,299,3,2
418,300,3,2
418,301,3,2
418,302,3,2
418,303,3,2
418,304,3,2
418,305,3,2
418,306,3,2
418,307,3,2
418,308,3,2
418,309,3,2
418,310,3,2
418,311,3,2
418,312,3,2
418,313,3,2
418,314,3,2
418,315,3,2
418,316,3,2
418,317,3,2
418,318,3,2
418,319,3,2
418,320,3,2
418,321,3,2
418,322,3,2
418,323,3,2
418,324,3,2
418,325,3,2
418,326,3,2
418,327,3,2
418,328,3,2
418,329,3,2
418,330,3,2
418,331,3,2
418,332,3,2
418,333,3,2
418,334,3,2
418,335,3,2
418,336,3,2
418,337,3,2
418,338,3,2
418,339,3,2
418,340,3,2
418,341,3,2
418,342,3,2
418,343,3,2
418,344,3,2
418,345,3,2
418,346,3,2
418,347,3,2
418,348,3,2
418,349,3,2
418,350,3,2
418,351,3,2
418,352,3,2
418,353,3,2
418,354,3,2
418,355,3,2
418,356,3,2
418,357,3,2
418,358,3,2
418,359,3,2
418,360,3,2
418,361,3,2
418,362,3,2
418,363,3,2
418,364,3,2
418,365,3,2
418,366,3,2
418,367,3,2
418,368,3,2
418,369,3,2
418,370,3,2
418,371,3,2
418,372,3,2
418,373,3,2
418,374,3,2
418,375,3,2
418,376,3,2
418,377,3,2
418,378,3,2
418,379,3,2
418,380,3,2
418,381,3,2
418,382,3,2
418,383,3,2
418,384,3,2
418,385,3,2
418,386,3,2
418,387,3,2
418,388,3,2
418,389,3,2
418,390,3,2
418,391,3,2
418,392,3,2
418,393,3,2
418,394,3,2
418,395,3,2
418,396,3,2
418,397,3,2
418,398,3,2
418,399,3,2
418,400,3,2
418,401,3,2
418,402,3,2
418,403,3,2
418,404,3,2
418,405,3,2
418,406,3,2
418,407,3,2
418,408,3,2
418,409,3,2
418,410,3,2
418,411,3,2
418,412,3,2
418,413,3,2
418,414,3,2
418,415,3,2
418,416,3,2
418,417,3,3
418,418,3,3
418,419,3,3
418,420,3,3
418,421,3,3
418,422,3,3
418,423,3,3
418,424,3,3
418,425,3,3
418,426,3,3
418,427,3,3
418,428,3,3
418,429,3,3
418,430,3,3
418,431,3,3
418,432,3,3
418,433,3,3
418,434,3,3
418,435,3,3
418,436,3,3
418,437,3,3
418,438,3,3
418,439,3,3
418,440,3,3
418,441,3,3
418,442,3,2
418,443,3,2
418,444,3,2
418,445,3,2
418,446,3,2
418,447,3,2
418,448,3,2
418,449,3,2
418,450,3,2
418,451,3,2
418,452,3,2
418,453,3,2
418,454,3,2
418,455,3,2
418,456,3,2
418,457,3,2
418,458,3,2
418,459,3,2
418,460,3,2
418,461,3,2
418,462,3,2
418,463,3,2
418,464,3,2
418,465,3,2
418,466,3,2
418,467,3,2
418,468,3,2
418,469,3,2
418,470,3,2
418,471,3,2
418,472,3,2
418,473,3,2
418,474,3,2
418,475,3,3
418,476,3,3
418,477,3,3
418,478,3,3
418,479,3,3
418,480,3,3
418,481,3,3
418,482,3,3
418,483,3,3
418,484,3,3
418,485,3,3
418,486,3,3
418,487,3,3
418,488,3,3
418,489,3,3
418,490,3,3
418,491,3,3
418,492,3,3
418,493,3,3
418,494,3,3
418,495,3,3
418,496,3,3
418,497,3,3
418,498,3,3
418,499,3,3
418,500,3,3
418,501,3,3
418,502,3,3
418,503,3,3
418,504,3,3
418,505,3,3
418,506,3,3
418,507,3,3
418,508,3,3
418,509,3,3
418,510,3,3
418,511,3,3
418,512,3,3
418,513,3,3
418,514,3,3
418,515,3,3
418,516,3,3
418,517,3,3
418,518,3,3
418,519,3,3
418,520,3,3
418,521,3,3
418,522,3,3
418,523,3,3
418,524,3,3
418,525,3,3
418,526,3,3
418,527,3,3
418,528,3,3
418,529,3,3
418,530,3,3
418,531,3,3
418,532,3,3
418,533,3,3
418,534,3,3
418,535,3,3
418,536,3,3
418,537,3,3
418,538,3,3
418,539,3,3
418,540,3,3
418,541,3,3
418,542,3,3
418,543,3,3
418,544,3,3
418,545,3,3
418,546,3,2
418,547,3,2
418,548,3,2
418,549,3,2
418,550,3,2
418,551,3,2
418,552,3,2
418,553,3,2
418,554,3,2
418,555,3,2
418,556,3,2
418,557,3,2
418,558,3,2
418,559,3,2
418,560,3,2
418,561,3,2
418,562,3,2
418,563,3,2
418,564,3,2
418,565,3,2
418,566,3,2
418,567,3,2
418,568,3,2
418,569,3,2
418,570,3,2
418,571,3,2
418,572,3,2
418,573,3,2
418,574,3,2
418,575,3,2
418,576,3,2
418,577,3,2
418,578,3,2
418,579,3,2
418,580,3,2
418,581,3,2
418,582,3,2
418,583,3,2
418,584,3,2
418,585,3,2
418,586,3,2
418,587,3,2
418,588,3,2
418,589,3,2
418,590,3,2
418,591,3,2
418,592,3,2
418,593,3,2
418,594,3,2
418,595,3,2
418,596,3,2
418,597,3,2
418,598,3,2
418,599,3,2
418,600,3,2
418,601,3,2
418,602,3,2
418,603,3,2
418,604,3,2
418,605,3,2
418,606,3,2
418,607,3,2
418,608,3,2
418,609,3,2
418,610,3,2
418,611,3,2
418,612,3,2
418,613,3,2
418,614,3,2
418,615,3,2
418,616,3,2
418,617,3,2
418,618,3,2
418,619,3,2
418,620,3,2
418,621,3,2
418,622,3,2
418,623,3,2
418,624,3,2
418,625,3,2
418,626,3,2
418,627,3,2
418,628,3,2
418,629,3,2
418,630,3,2
418,631,3,2
418,632,3,2
418,633,3,2
418,634,3,2
418,635,3,2
418,636,3,2
418,637,3,2
418,638,3,2
418,639,3,2
418,640,3,2
418,641,3,2
418,642,3,2
418,643,3,2
418,644,3,2
418,645,3,2
418,646,3,2
418,647,3,2
418,648,3,2
418,649,3,2
418,650,3,2
418,651,3,2
418,652,3,2
418,653,3,2
418,654,3,2
418,655,3,2
418,656,3,2
418,657,3,2
418,658,3,2
418,659,3,2
418,660,3,2
418,661,3,2
418,662,3,2
418,663,3,2
418,664,3,2
418,665,3,2
418,666,3,2
418,667,3,2
418,668,3,2
418,669,3,2
418,670,3,2
418,671,3,2
418,672,3,2
418,673,3,2
418,674,3,2
418,675,3,2
419,67,3,2
419,68,3,2
419,69,3,2
419,70,3,2
419,71,3,2
419,72,3,2
419,73,3,2
419,74,3,2
419,75,3,2
419,76,3,2
419,77,3,2
419,78,3,2
419,79,3,2
419,80,3,2
419,81,3,2
419,82,3,2
419,83,3,2
419,84,3,2
419,85,3,2
419,86,3,2
419,87,3,2
419,88,3,2
419,89,3,2
419,90,3,2
419,91,3,2
419,92,3,2
419,93,3,2
419,94,3,2
419,95,3,2
419,96,3,2
419,97,3,2
419,98,3,2
419,99,3,2
419,100,3,2
419,101,3,2
419,102,3,2
419,103,3,2
419,104,3,2
419,105,3,2
419,106,3,2
419,107,3,2
419,108,3,2
419,109,3,2
419,110,3,2
419,111,3,2
419,112,3,2
419,113,3,2
419,114,3,2
419,115,3,2
419,116,3,2
419,117,3,2
419,118,3,2
419,119,3,2
419,120,3,2
419,121,3,2
419,122,3,2
419,123,3,2
419,124,3,2
419,125,3,2
419,126,3,2
419,127,3,2
419,128,3,2
419,129,3,2
419,130,3,2
419,131,3,2
419,132,3,2
419,133,3,2
419,134,3,2
419,135,3,2
419,136,3,2
419,137,3,2
419,138,3,2
419,139,3,2
419,140,3,2
419,141,3,2
419,142,3,2
419,143,3,2
419,144,3,2
419,145,3,2
419,146,3,2
419,147,3,2
419,148,3,2
419,149,3,2
419,150,3,2
419,151,3,2
419,152,3,2
419,153,3,2
419,154,3,2
419,155,3,2
419,156,3,2
419,157,3,2
419,158,3,2
419,159,3,2
419,160,3,2
419,161,3,2
419,162,3,2
419,163,3,2
419,164,3,2
419,165,3,2
419,166,3,2
419,167,3,2
419,168,3,2
419,169,3,2
419,170,3,2
419,171,3,2
419,172,3,2
419,173,3,2
419,174,3,2
419,175,3,2
419,176,3,2
419,177,3,2
419,178,3,2
419,179,3,2
419,180,3,2
419,181,3,2
419,182,3,2
419,183,3,2
419,184,3,2
419,185,3,2
419,186,3,2
419,187,3,2
419,188,3,2
419,189,3,2
419,190,3,2
419,191,3,2
419,192,3,2
419,193,3,2
419,194,3,2
419,195,3,2
419,196,3,2
419,197,3,2
419,198,3,2
419,199,3,2
419,200,3,2
419,201,3,2
419,202,3,2
419,203,3,2
419,204,3,2
419,205,3,2
419,206,3,2
419,207,3,2
419,208,3,2
419,209,3,2
419,210,3,2
419,211,3,2
419,212,3,2
419,213,3,2
419,214,3,2
419,215,3,2
419,216,3,2
419,217,3,2
419,218,3,2
419,219,3,2
419,220,3,2
419,221,3,2
419,222,3,2
419,223,3,2
419,224,3,2
419,225,3,2
419,226,3,2
419,227,3,2
419,228,3,2
419,229,3,2
419,230,3,2
419,231,3,2
419,232,3,2
419,233,3,2
419,234,3,2
419,235,3,2
419,236,3,2
419,237,3,2
419,238,3,2
419,239,3,2
419,240,3,2
419,241,3,2
419,242,3,2
419,243,3,2
419,244,3,2
419,245,3,2
419,246,3,2
419,247,3,2
419,248,3,2
419,249,3,2
419,250,3,2
419,251,3,2
419,252,3,2
419,253,3,2
419,254,3,2
419,255,3,2
419,256,3,2
419,257,3,2
419,258,3,2
419,259,3,2
419,260,3,2
419,261,3,2
419,262,3,2
419,263,3,2
419,264,3,2
419,265,3,2
419,266,3,2
419,267,3,2
419,268,3,2
419,269,3,2
419,270,3,2
419,271,3,2
419,272,3,2
419,273,3,2
419,274,3,2
419,275,3,2
419,276,3,2
419,277,3,2
419,278,3,2
419,279,3,2
419,280,3,2
419,281,3,2
419,282,3,2
419,283,3,2
419,284,3,2
419,285,3,2
419,286,3,2
419,287,3,2
419,288,3,2
419,289,3,2
419,290,3,2
419,291,3,2
419,292,3,2
419,293,3,2
419,294,3,2
419,295,3,2
419,296,3,2
419,297,3,2
419,298,3,2
419,299,3,2
419,300,3,2
419,301,3,2
419,302,3,2
419,303,3,2
419,304,3,2
419,305,3,2
419,306,3,2
419,307,3,2
419,308,3,2
419,309,3,2
419,310,3,2
419,311,3,2
419,312,3,2
419,313,3,2
419,314,3,2
419,315,3,2
419,316,3,2
419,317,3,2
419,318,3,2
419,319,3,2
419,320,3,2
419,321,3,2
419,322,3,2
419,323,3,2
419,324,3,2
419,325,3,2
419,326,3,2
419,327,3,2
419,328,3,2
419,329,3,2
419,330,3,2
419,331,3,2
419,332,3,2
419,333,3,2
419,334,3,2
419,335,3,2
419,336,3,2
419,337,3,2
419,338,3,2
419,339,3,2
419,340,3,2
419,341,3,2
419,342,3,2
419,343,3,2
419,344,3,2
419,345,3,2
419,346,3,2
419,347,3,2
419,348,3,2
419,349,3,2
419,350,3,2
419,351,3,2
419,352,3,2
419,353,3,2
419,354,3,2
419,355,3,2
419,356,3,2
419,357,3,2
419,358,3,2
419,359,3,2
419,360,3,2
419,361,3,2
419,362,3,2
419,363,3,2
419,364,3,2
419,365,3,2
419,366,3,2
419,367,3,2
419,368,3,2
419,369,3,2
419,370,3,2
419,371,3,2
419,372,3,2
419,373,3,2
419,374,3,2
419,375,3,2
419,376,3,2
419,377,3,2
419,378,3,2
419,379,3,2
419,380,3,2
419,381,3,2
419,382,3,2
419,383,3,2
419,384,3,2
419,385,3,2
419,386,3,2
419,387,3,2
419,388,3,2
419,389,3,2
419,390,3,2
419,391,3,2
419,392,3,2
419,393,3,2
419,394,3,2
419,395,3,2
419,396,3,2
419,397,3,2
419,398,3,2
419,399,3,2
419,400,3,2
419,401,3,2
419,402,3,2
419,403,3,2
419,404,3,2
419,405,3,2
419,406,3,2
419,407,3,2
419,408,3,2
419,409,3,2
419,410,3,2
419,411,3,2
419,412,3,2
419,413,3,2
419,414,3,2
419,415,3,2
419,416,3,3
419,417,3,3
419,418,3,3
419,419,3,3
419,420,3,3
419,421,3,3
419,422,3,3
419,423,3,3
419,424,3,3
419,425,3,3
419,426,3,3
419,427,3,3
419,428,3,3
419,429,3,3
419,430,3,3
419,431,3,3
419,432,3,3
419,433,3,3
419,434,3,3
419,435,3,3
419,436,3,3
419,437,3,3
419,438,3,3
419,439,3,3
419,440,3,3
419,441,3,3
419,442,3,3
419,443,3,2
419,444,3,2
419,445,3,2
419,446,3,2
419,447,3,2
419,448,3,2
419,449,3,2
419,450,3,2
419,451,3,2
419,452,3,2
419,453,3,2
419,454,3,2
419,455,3,2
419,456,3,2
419,457,3,2
419,458,3,2
419,459,3,2
419,460,3,2
419,461,3,2
419,462,3,2
419,463,3,2
419,464,3,2
419,465,3,2
419,466,3,2
419,467,3,2
419,468,3,2
419,469,3,2
419,470,3,2
419,471,3,2
419,472,3,2
419,473,3,2
419,474,3,2
419,475,3,3
419,476,3,3
419,477,3,3
419,478,3,3
419,479,3,3
419,480,3,3
419,481,3,3
419,482,3,3
419,483,3,3
419,484,3,3
419,485,3,3
419,486,3,3
419,487,3,3
419,488,3,3
419,489,3,3
419,490,3,3
419,491,3,3
419,492,3,3
419,493,3,3
419,494,3,3
419,495,3,3
419,496,3,3
419,497,3,3
419,498,3,3
419,499,3,3
419,500,3,3
419,501,3,3
419,502,3,3
419,503,3,3
419,504,3,3
419,505,3,3
419,506,3,3
419,507,3,3
419,508,3,3
419,509,3,3
419,510,3,3
419,511,3,2
419,512,3,2
419,513,3,2
419,514,3,2
419,515,3,3
419,516,3,3
419,517,3,3
419,518,3,3
419,519,3,3
419,520,3,3
419,521,3,3
419,522,3,3
419,523,3,3
419,524,3,3
419,525,3,3
419,526,3,3
419,527,3,3
419,528,3,3
419,529,3,3
419,530,3,3
419,531,3,3
419,532,3,3
419,533,3,3
419,534,3,3
419,535,3,3
419,536,3,3
419,537,3,3
419,538,3,3
419,539,3,3
419,540,3,3
419,541,3,3
419,542,3,3
419,543,3,3
419,544,3,3
419,545,3,3
419,546,3,3
419,547,3,2
419,548,3,2
419,549,3,2
419,550,3,2
419,551,3,2
419,552,3,2
419,553,3,2
419,554,3,2
419,555,3,2
419,556,3,2
419,557,3,2
419,558,3,2
419,559,3,2
419,560,3,2
419,561,3,2
419,562,3,2
419,563,3,2
419,564,3,2
419,565,3,2
419,566,3,2
419,567,3,2
419,568,3,2
419,569,3,2
419,570,3,2
419,571,3,2
419,572,3,2
419,573,3,2
419,574,3,2
419,575,3,2
419,576,3,2
419,577,3,2
419,578,3,2
419,579,3,2
419,580,3,2
419,581,3,2
419,582,3,2
419,583,3,2
419,584,3,2
419,585,3,2
419,586,3,2
419,587,3,2
419,588,3,2
419,589,3,2
419,590,3,2
419,591,3,2
419,592,3,2
419,593,3,2
419,594,3,2
419,595,3,2
419,596,3,2
419,597,3,2
419,598,3,2
419,599,3,2
419,600,3,2
419,601,3,2
419,602,3,2
419,603,3,2
419,604,3,2
419,605,3,2
419,606,3,2
419,607,3,2
419,608,3,2
419,609,3,2
419,610,3,2
419,611,3,2
419,612,3,2
419,613,3,2
419,614,3,2
419,615,3,2
419,616,3,2
419,617,3,2
419,618,3,2
419,619,3,2
419,620,3,2
419,621,3,2
419,622,3,2
419,623,3,2
419,624,3,2
419,625,3,2
419,626,3,2
419,627,3,2
419,628,3,2
419,629,3,2
419,630,3,2
419,631,3,2
419,632,3,2
419,633,3,2
419,634,3,2
419,635,3,2
419,636,3,2
419,637,3,2
419,638,3,2
419,639,3,2
419,640,3,2
419,641,3,2
419,642,3,2
419,643,3,2
419,644,3,2
419,645,3,2
419,646,3,2
419,647,3,2
419,648,3,2
419,649,3,2
419,650,3,2
419,651,3,2
419,652,3,2
419,653,3,2
419,654,3,2
419,655,3,2
419,656,3,2
419,657,3,2
419,658,3,2
419,659,3,2
419,660,3,2
419,661,3,2
419,662,3,2
419,663,3,2
419,664,3,2
419,665,3,2
419,666,3,2
419,667,3,2
419,668,3,2
419,669,3,2
419,670,3,2
419,671,3,2
419,672,3,2
419,673,3,2
419,674,3,2
419,675,3,2
420,67,3,2
420,68,3,2
420,69,3,2
420,70,3,2
420,71,3,2
420,72,3,2
420,73,3,2
420,74,3,2
420,75,3,2
420,76,3,2
420,77,3,2
420,78,3,2
420,79,3,2
420,80,3,2
420,81,3,2
420,82,3,2
420,83,3,2
420,84,3,2
420,85,3,2
420,86,3,2
420,87,3,2
420,88,3,2
420,89,3,2
420,90,3,2
420,91,3,2
420,92,3,2
420,93,3,2
420,94,3,2
420,95,3,2
420,96,3,2
420,97,3,2
420,98,3,2
420,99,3,2
420,100,3,2
420,101,3,2
420,102,3,2
420,103,3,2
420,104,3,2
420,105,3,2
420,106,3,2
420,107,3,2
420,108,3,2
420,109,3,2
420,110,3,2
420,111,3,2
420,112,3,2
420,113,3,2
420,114,3,2
420,115,3,2
420,116,3,2
420,117,3,2
420,118,3,2
420,119,3,2
420,120,3,2
420,121,3,2
420,122,3,2
420,123,3,2
420,124,3,2
420,125,3,2
420,126,3,2
420,127,3,2
420,128,3,2
420,129,3,2
420,130,3,2
420,131,3,2
420,132,3,2
420,133,3,2
420,134,3,2
420,135,3,2
420,136,3,2
420,137,3,2
420,138,3,2
420,139,3,2
420,140,3,2
420,141,3,2
420,142,3,2
420,143,3,2
420,144,3,2
420,145,3,2
420,146,3,2
420,147,3,2
420,148,3,2
420,149,3,2
420,150,3,2
420,151,3,2
420,152,3,2
420,153,3,2
420,154,3,2
420,155,3,2
420,156,3,2
420,157,3,2
420,158,3,2
420,159,3,2
420,160,3,2
420,161,3,2
420,162,3,2
420,163,3,2
420,164,3,2
420,165,3,2
420,166,3,2
420,167,3,2
420,168,3,2
420,169,3,2
420,170,3,2
420,171,3,2
420,172,3,2
420,173,3,2
420,174,3,2
420,175,3,2
420,176,3,2
420,177,3,2
420,178,3,2
420,179,3,2
420,180,3,2
420,181,3,2
420,182,3,2
420,183,3,2
420,184,3,2
420,185,3,2
420,186,3,2
420,187,3,2
420,188,3,2
420,189,3,2
420,190,3,2
420,191,3,2
420,192,3,2
420,193,3,2
420,194,3,2
420,195,3,2
420,196,3,2
420,197,3,2
420,198,3,2
420,199,3,2
420,200,3,2
420,201,3,2
420,202,3,2
420,203,3,2
420,204,3,2
420,205,3,2
420,206,3,2
420,207,3,2
420,208,3,2
420,209,3,2
420,210,3,2
420,211,3,2
420,212,3,2
420,213,3,2
420,214,3,2
420,215,3,2
420,216,3,2
420,217,3,2
420,218,3,2
420,219,3,2
420,220,3,2
420,221,3,2
420,222,3,2
420,223,3,2
420,224,3,2
420,225,3,2
420,226,3,2
420,227,3,2
420,228,3,2
420,229,3,2
420,230,3,2
420,231,3,2
420,232,3,2
420,233,3,2
420,234,3,2
420,235,3,2
420,236,3,2
420,237,3,2
420,238,3,2
420,239,3,2
420,240,3,2
420,241,3,2
420,242,3,2
420,243,3,2
420,244,3,2
420,245,3,2
420,246,3,2
420,247,3,2
420,248,3,2
420,249,3,2
420,250,3,2
420,251,3,2
420,252,3,2
420,253,3,2
420,254,3,2
420,255,3,2
420,256,3,2
420,257,3,2
420,258,3,2
420,259,3,2
420,260,3,2
420,261,3,2
420,262,3,2
420,263,3,2
420,264,3,2
420,265,3,2
420,266,3,2
420,267,3,2
420,268,3,2
420,269,3,2
420,270,3,2
420,271,3,2
420,272,3,2
420,273,3,2
420,274,3,2
420,275,3,2
420,276,3,2
420,277,3,2
420,278,3,2
420,279,3,2
420,280,3,2
420,281,3,2
420,282,3,2
420,283,3,2
420,284,3,2
420,285,3,2
420,286,3,2
420,287,3,2
420,288,3,2
420,289,3,2
420,290,3,2
420,291,3,2
420,292,3,2
420,293,3,2
420,294,3,2
420,295,3,2
420,296,3,2
420,297,3,2
420,298,3,2
420,299,3,2
420,300,3,2
420,301,3,2
420,302,3,2
420,303,3,2
420,304,3,2
420,305,3,2
420,306,3,2
420,307,3,2
420,308,3,2
420,309,3,2
420,310,3,2
420,311,3,2
420,312,3,2
420,313,3,2
420,314,3,2
420,315,3,2
420,316,3,2
420,317,3,2
420,318,3,2
420,319,3,2
420,320,3,2
420,321,3,2
420,322,3,2
420,323,3,2
420,324,3,2
420,325,3,2
420,326,3,2
420,327,3,2
420,328,3,2
420,329,3,2
420,330,3,2
420,331,3,2
420,332,3,2
420,333,3,2
420,334,3,2
420,335,3,2
420,336,3,2
420,337,3,2
420,338,3,2
420,339,3,2
420,340,3,2
420,341,3,2
420,342,3,2
420,343,3,2
420,344,3,2
420,345,3,2
420,346,3,2
420,347,3,2
420,348,3,2
420,349,3,2
420,350,3,2
420,351,3,2
420,352,3,2
420,353,3,2
420,354,3,2
420,355,3,2
420,356,3,2
420,357,3,2
420,358,3,2
420,359,3,2
420,360,3,2
420,361,3,2
420,362,3,2
420,363,3,2
420,364,3,2
420,365,3,2
420,366,3,2
420,367,3,2
420,368,3,2
420,369,3,2
420,370,3,2
420,371,3,2
420,372,3,2
420,373,3,2
420,374,3,2
420,375,3,2
420,376,3,2
420,377,3,2
420,378,3,2
420,379,3,2
420,380,3,2
420,381,3,2
420,382,3,2
420,383,3,2
420,384,3,2
420,385,3,2
420,386,3,2
420,387,3,2
420,388,3,2
420,389,3,2
420,390,3,2
420,391,3,2
420,392,3,2
420,393,3,2
420,394,3,2
420,395,3,2
420,396,3,2
420,397,3,2
420,398,3,2
420,399,3,2
420,400,3,2
420,401,3,2
420,402,3,2
420,403,3,2
420,404,3,2
420,405,3,2
420,406,3,2
420,407,3,2
420,408,3,2
420,409,3,2
420,410,3,2
420,411,3,2
420,412,3,2
420,413,3,2
420,414,3,2
420,415,3,3
420,416,3,3
420,417,3,3
420,418,3,3
420,419,3,3
420,420,3,3
420,421,3,3
420,422,3,3
420,423,3,3
420,424,3,3
420,425,3,3
420,426,3,3
420,427,3,3
420,428,3,3
420,429,3,3
420,430,3,3
420,431,3,3
420,432,3,3
420,433,3,3
420,434,3,3
420,435,3,3
420,436,3,3
420,437,3,3
420,438,3,3
420,439,3,3
420,440,3,3
420,441,3,3
420,442,3,3
420,443,3,3
420,444,3,2
420,445,3,2
420,446,3,2
420,447,3,2
420,448,3,2
420,449,3,2
420,450,3,2
420,451,3,2
420,452,3,2
420,453,3,2
420,454,3,2
420,455,3,2
420,456,3,2
420,457,3,2
420,458,3,2
420,459,3,2
420,460,3,2
420,461,3,2
420,462,3,2
420,463,3,2
420,464,3,2
420,465,3,2
420,466,3,2
420,467,3,2
420,468,3,2
420,469,3,2
420,470,3,2
420,471,3,2
420,472,3,2
420,473,3,2
420,474,3,2
420,475,3,2
420,476,3,3
420,477,3,3
420,478,3,3
420,479,3,3
420,480,3,3
420,481,3,3
420,482,3,3
420,483,3,3
420,484,3,3
420,485,3,3
420,486,3,3
420,487,3,3
420,488,3,3
420,489,3,3
420,490,3,3
420,491,3,3
420,492,3,3
420,493,3,3
420,494,3,3
420,495,3,3
420,496,3,3
420,497,3,3
420,498,3,3
420,499,3,3
420,500,3,3
420,501,3,3
420,502,3,3
420,503,3,3
420,504,3,3
420,505,3,3
420,506,3,3
420,507,3,3
420,508,3,3
420,509,3,3
420,510,3,2
420,511,3,2
420,512,3,2
420,513,3,2
420,514,3,2
420,515,3,3
420,516,3,3
420,517,3,3
420,518,3,3
420,519,3,3
420,520,3,3
420,521,3,3
420,522,3,3
420,523,3,3
420,524,3,3
420,525,3,3
420,526,3,3
420,527,3,3
420,528,3,3
420,529,3,3
420,530,3,3
420,531,3,3
420,532,3,3
420,533,3,3
420,534,3,3
420,535,3,3
420,536,3,3
420,537,3,3
420,538,3,3
420,539,3,3
420,540,3,3
420,541,3,3
420,542,3,3
420,543,3,3
420,544,3,3
420,545,3,3
420,546,3,3
420,547,3,2
420,548,3,2
420,549,3,2
420,550,3,2
420,551,3,2
420,552,3,2
420,553,3,2
420,554,3,2
420,555,3,2
420,556,3,2
420,557,3,2
420,558,3,2
420,559,3,2
420,560,3,2
420,561,3,2
420,562,3,2
420,563,3,2
420,564,3,2
420,565,3,2
420,566,3,2
420,567,3,2
420,568,3,2
420,569,3,2
420,570,3,2
420,571,3,2
420,572,3,2
420,573,3,2
420,574,3,2
420,575,3,2
420,576,3,2
420,577,3,2
420,578,3,2
420,579,3,2
420,580,3,2
420,581,3,2
420,582,3,2
420,583,3,2
420,584,3,2
420,585,3,2
420,586,3,2
420,587,3,2
420,588,3,2
420,589,3,2
420,590,3,2
420,591,3,2
420,592,3,2
420,593,3,2
420,594,3,2
420,595,3,2
420,596,3,2
420,597,3,2
420,598,3,2
420,599,3,2
420,600,3,2
420,601,3,2
420,602,3,2
420,603,3,2
420,604,3,2
420,605,3,2
420,606,3,2
420,607,3,2
420,608,3,2
420,609,3,2
420,610,3,2
420,611,3,2
420,612,3,2
420,613,3,2
420,614,3,2
420,615,3,2
420,616,3,2
420,617,3,2
420,618,3,2
420,619,3,2
420,620,3,2
420,621,3,2
420,622,3,2
420,623,3,2
420,624,3,2
420,625,3,2
420,626,3,2
420,627,3,2
420,628,3,2
420,629,3,2
420,630,3,2
420,631,3,2
420,632,3,2
420,633,3,2
420,634,3,2
420,635,3,2
420,636,3,2
420,637,3,2
420,638,3,2
420,639,3,2
420,640,3,2
420,641,3,2
420,642,3,2
420,643,3,2
420,644,3,2
420,645,3,2
420,646,3,2
420,647,3,2
420,648,3,2
420,649,3,2
420,650,3,2
420,651,3,2
420,652,3,2
420,653,3,2
420,654,3,2
420,655,3,2
420,656,3,2
420,657,3,2
420,658,3,2
420,659,3,2
420,660,3,2
420,661,3,2
420,662,3,2
420,663,3,2
420,664,3,2
420,665,3,2
420,666,3,2
420,667,3,2
420,668,3,2
420,669,3,2
420,670,3,2
420,671,3,2
420,672,3,2
420,673,3,2
420,674,3,2
421,67,3,2
421,68,3,2
421,69,3,2
421,70,3,2
421,71,3,2
421,72,3,2
421,73,3,2
421,74,3,2
421,75,3,2
421,76,3,2
421,77,3,2
421,78,3,2
421,79,3,2
421,80,3,2
421,81,3,2
421,82,3,2
421,83,3,2
421,84,3,2
421,85,3,2
421,86,3,2
421,87,3,2
421,88,3,2
421,89,3,2
421,90,3,2
421,91,3,2
421,92,3,2
421,93,3,2
421,94,3,2
421,95,3,2
421,96,3,2
421,97,3,2
421,98,3,2
421,99,3,2
421,100,3,2
421,101,3,2
421,102,3,2
421,103,3,2
421,104,3,2
421,105,3,2
421,106,3,2
421,107,3,2
421,108,3,2
421,109,3,2
421,110,3,2
421,111,3,2
421,112,3,2
421,113,3,2
421,114,3,2
421,115,3,2
421,116,3,2
421,117,3,2
421,118,3,2
421,119,3,2
421,120,3,2
421,121,3,2
421,122,3,2
421,123,3,2
421,124,3,2
421,125,3,2
421,126,3,2
421,127,3,2
421,128,3,2
421,129,3,2
421,130,3,2
421,131,3,2
421,132,3,2
421,133,3,2
421,134,3,2
421,135,3,2
421,136,3,2
421,137,3,2
421,138,3,2
421,139,3,2
421,140,3,2
421,141,3,2
421,142,3,2
421,143,3,2
421,144,3,2
421,145,3,2
421,146,3,2
421,147,3,2
421,148,3,2
421,149,3,2
421,150,3,2
421,151,3,2
421,152,3,2
421,153,3,2
421,154,3,2
421,155,3,2
421,156,3,2
421,157,3,2
421,158,3,2
421,159,3,2
421,160,3,2
421,161,3,2
421,162,3,2
421,163,3,2
421,164,3,2
421,165,3,2
421,166,3,2
421,167,3,2
421,168,3,2
421,169,3,2
421,170,3,2
421,171,3,2
421,172,3,2
421,173,3,2
421,174,3,2
421,175,3,2
421,176,3,2
421,177,3,2
421,178,3,2
421,179,3,2
421,180,3,2
421,181,3,2
421,182,3,2
421,183,3,2
421,184,3,2
421,185,3,2
421,186,3,2
421,187,3,2
421,188,3,2
421,189,3,2
421,190,3,2
421,191,3,2
421,192,3,2
421,193,3,2
421,194,3,2
421,195,3,2
421,196,3,2
421,197,3,2
421,198,3,2
421,199,3,2
421,200,3,2
421,201,3,2
421,202,3,2
421,203,3,2
421,204,3,2
421,205,3,2
421,206,3,2
421,207,3,2
421,208,3,2
421,209,3,2
421,210,3,2
421,211,3,2
421,212,3,2
421,213,3,2
421,214,3,2
421,215,3,2
421,216,3,2
421,217,3,2
421,218,3,2
421,219,3,2
421,220,3,2
421,221,3,2
421,222,3,2
421,223,3,2
421,224,3,2
421,225,3,2
421,226,3,2
421,227,3,2
421,228,3,2
421,229,3,2
421,230,3,2
421,231,3,2
421,232,3,2
421,233,3,2
421,234,3,2
421,235,3,2
421,236,3,2
421,237,3,2
421,238,3,2
421,239,3,2
421,240,3,2
421,241,3,2
421,242,3,2
421,243,3,2
421,244,3,2
421,245,3,2
421,246,3,2
421,247,3,2
421,248,3,2
421,249,3,2
421,250,3,2
421,251,3,2
421,252,3,2
421,253,3,2
421,254,3,2
421,255,3,2
421,256,3,2
421,257,3,2
421,258,3,2
421,259,3,2
421,260,3,2
421,261,3,2
421,262,3,2
421,263,3,2
421,264,3,2
421,265,3,2
421,266,3,2
421,267,3,2
421,268,3,2
421,269,3,2
421,270,3,2
421,271,3,2
421,272,3,2
421,273,3,2
421,274,3,2
421,275,3,2
421,276,3,2
421,277,3,2
421,278,3,2
421,279,3,2
421,280,3,2
421,281,3,2
421,282,3,2
421,283,3,2
421,284,3,2
421,285,3,2
421,286,3,2
421,287,3,2
421,288,3,2
421,289,3,2
421,290,3,2
421,291,3,2
421,292,3,2
421,293,3,2
421,294,3,2
421,295,3,2
421,296,3,2
421,297,3,2
421,298,3,2
421,299,3,2
421,300,3,2
421,301,3,2
421,302,3,2
421,303,3,2
421,304,3,2
421,305,3,2
421,306,3,2
421,307,3,2
421,308,3,2
421,309,3,2
421,310,3,2
421,311,3,2
421,312,3,2
421,313,3,2
421,314,3,2
421,315,3,2
421,316,3,2
421,317,3,2
421,318,3,2
421,319,3,2
421,320,3,2
421,321,3,2
421,322,3,2
421,323,3,2
421,324,3,2
421,325,3,2
421,326,3,2
421,327,3,2
421,328,3,2
421,329,3,2
421,330,3,2
421,331,3,2
421,332,3,2
421,333,3,2
421,334,3,2
421,335,3,2
421,336,3,2
421,337,3,2
421,338,3,2
421,339,3,2
421,340,3,2
421,341,3,2
421,342,3,2
421,343,3,2
421,344,3,2
421,345,3,2
421,346,3,2
421,347,3,2
421,348,3,2
421,349,3,2
421,350,3,2
421,351,3,2
421,352,3,2
421,353,3,2
421,354,3,2
421,355,3,2
421,356,3,2
421,357,3,2
421,358,3,2
421,359,3,2
421,360,3,2
421,361,3,2
421,362,3,2
421,363,3,2
421,364,3,2
421,365,3,2
421,366,3,2
421,367,3,2
421,368,3,2
421,369,3,2
421,370,3,2
421,371,3,2
421,372,3,2
421,373,3,2
421,374,3,2
421,375,3,2
421,376,3,2
421,377,3,2
421,378,3,2
421,379,3,2
421,380,3,2
421,381,3,2
421,382,3,2
421,383,3,2
421,384,3,2
421,385,3,2
421,386,3,2
421,387,3,2
421,388,3,2
421,389,3,2
421,390,3,2
421,391,3,2
421,392,3,2
421,393,3,2
421,394,3,2
421,395,3,2
421,396,3,2
421,397,3,2
421,398,3,2
421,399,3,2
421,400,3,2
421,401,3,2
421,402,3,2
421,403,3,2
421,404,3,2
421,405,3,2
421,406,3,2
421,407,3,2
421,408,3,2
421,409,3,2
421,410,3,2
421,411,3,2
421,412,3,2
421,413,3,2
421,414,3,3
421,415,3,3
421,416,3,3
421,417,3,3
421,418,3,3
421,419,3,3
421,420,3,3
421,421,3,3
421,422,3,3
421,423,3,3
421,424,3,3
421,425,3,3
421,426,3,3
421,427,3,3
421,428,3,3
421,429,3,3
421,430,3,3
421,431,3,3
421,432,3,3
421,433,3,3
421,434,3,3
421,435,3,3
421,436,3,3
421,437,3,3
421,438,3,3
421,439,3,3
421,440,3,3
421,441,3,3
421,442,3,3
421,443,3,3
421,444,3,3
421,445,3,2
421,446,3,2
421,447,3,2
421,448,3,2
421,449,3,2
421,450,3,2
421,451,3,2
421,452,3,2
421,453,3,2
421,454,3,2
421,455,3,2
421,456,3,2
421,457,3,2
421,458,3,2
421,459,3,2
421,460,3,2
421,461,3,2
421,462,3,2
421,463,3,2
421,464,3,2
421,465,3,2
421,466,3,2
421,467,3,2
421,468,3,2
421,469,3,2
421,470,3,2
421,471,3,2
421,472,3,2
421,473,3,2
421,474,3,2
421,475,3,2
421,476,3,3
421,477,3,3
421,478,3,3
421,479,3,3
421,480,3,3
421,481,3,3
421,482,3,3
421,483,3,3
421,484,3,3
421,485,3,3
421,486,3,3
421,487,3,3
421,488,3,3
421,489,3,3
421,490,3,3
421,491,3,3
421,492,3,3
421,493,3,3
421,494,3,3
421,495,3,3
421,496,3,3
421,497,3,3
421,498,3,3
421,499,3,3
421,500,3,3
421,501,3,3
421,502,3,3
421,503,3,3
421,504,3,3
421,505,3,3
421,506,3,3
421,507,3,3
421,508,3,3
421,509,3,2
421,510,3,2
421,511,3,2
421,512,3,2
421,513,3,2
421,514,3,2
421,515,3,3
421,516,3,3
421,517,3,3
421,518,3,3
421,519,3,3
421,520,3,3
421,521,3,3
421,522,3,3
421,523,3,3
421,524,3,3
421,525,3,3
421,526,3,3
421,527,3,3
421,528,3,3
421,529,3,3
421,530,3,3
421,531,3,3
421,532,3,3
421,533,3,3
421,534,3,3
421,535,3,3
421,536,3,3
421,537,3,3
421,538,3,3
421,539,3,3
421,540,3,3
421,541,3,3
421,542,3,3
421,543,3,3
421,544,3,3
421,545,3,3
421,546,3,3
421,547,3,2
421,548,3,2
421,549,3,2
421,550,3,2
421,551,3,2
421,552,3,2
421,553,3,2
421,554,3,2
421,555,3,2
421,556,3,2
421,557,3,2
421,558,3,2
421,559,3,2
421,560,3,2
421,561,3,2
421,562,3,2
421,563,3,2
421,564,3,2
421,565,3,2
421,566,3,2
421,567,3,2
421,568,3,2
421,569,3,2
421,570,3,2
421,571,3,2
421,572,3,2
421,573,3,2
421,574,3,2
421,575,3,2
421,576,3,2
421,577,3,2
421,578,3,2
421,579,3,2
421,580,3,2
421,581,3,2
421,582,3,2
421,583,3,2
421,584,3,2
421,585,3,2
421,586,3,2
421,587,3,2
421,588,3,2
421,589,3,2
421,590,3,2
421,591,3,2
421,592,3,2
421,593,3,2
421,594,3,2
421,595,3,2
421,596,3,2
421,597,3,2
421,598,3,2
421,599,3,2
421,600,3,2
421,601,3,2
421,602,3,2
421,603,3,2
421,604,3,2
421,605,3,2
421,606,3,2
421,607,3,2
421,608,3,2
421,609,3,2
421,610,3,2
421,611,3,2
421,612,3,2
421,613,3,2
421,614,3,2
421,615,3,2
421,616,3,2
421,617,3,2
421,618,3,2
421,619,3,2
421,620,3,2
421,621,3,2
421,622,3,2
421,623,3,2
421,624,3,2
421,625,3,2
421,626,3,2
421,627,3,2
421,628,3,2
421,629,3,2
421,630,3,2
421,631,3,2
421,632,3,2
421,633,3,2
421,634,3,2
421,635,3,2
421,636,3,2
421,637,3,2
421,638,3,2
421,639,3,2
421,640,3,2
421,641,3,2
421,642,3,2
421,643,3,2
421,644,3,2
421,645,3,2
421,646,3,2
421,647,3,2
421,648,3,2
421,649,3,2
421,650,3,2
421,651,3,2
421,652,3,2
421,653,3,2
421,654,3,2
421,655,3,2
421,656,3,2
421,657,3,2
421,658,3,2
421,659,3,2
421,660,3,2
421,661,3,2
421,662,3,2
421,663,3,2
421,664,3,2
421,665,3,2
421,666,3,2
421,667,3,2
421,668,3,2
421,669,3,2
421,670,3,2
421,671,3,2
421,672,3,2
421,673,3,2
422,67,3,2
422,68,3,2
422,69,3,2
422,70,3,2
422,71,3,2
422,72,3,2
422,73,3,2
422,74,3,2
422,75,3,2
422,76,3,2
422,77,3,2
422,78,3,2
422,79,3,2
422,80,3,2
422,81,3,2
422,82,3,2
422,83,3,2
422,84,3,2
422,85,3,2
422,86,3,2
422,87,3,2
422,88,3,2
422,89,3,2
422,90,3,2
422,91,3,2
422,92,3,2
422,93,3,2
422,94,3,2
422,95,3,2
422,96,3,2
422,97,3,2
422,98,3,2
422,99,3,2
422,100,3,2
422,101,3,2
422,102,3,2
422,103,3,2
422,104,3,2
422,105,3,2
422,106,3,2
422,107,3,2
422,108,3,2
422,109,3,2
422,110,3,2
422,111,3,2
422,112,3,2
422,113,3,2
422,114,3,2
422,115,3,2
422,116,3,2
422,117,3,2
422,118,3,2
422,119,3,2
422,120,3,2
422,121,3,2
422,122,3,2
422,123,3,2
422,124,3,2
422,125,3,2
422,126,3,2
422,127,3,2
422,128,3,2
422,129,3,2
422,130,3,2
422,131,3,2
422,132,3,2
422,133,3,2
422,134,3,2
422,135,3,2
422,136,3,2
422,137,3,2
422,138,3,2
422,139,3,2
422,140,3,2
422,141,3,2
422,142,3,2
422,143,3,2
422,144,3,2
422,145,3,2
422,146,3,2
422,147,3,2
422,148,3,2
422,149,3,2
422,150,3,2
422,151,3,2
422,152,3,2
422,153,3,2
422,154,3,2
422,155,3,2
422,156,3,2
422,157,3,2
422,158,3,2
422,159,3,2
422,160,3,2
422,161,3,2
422,162,3,2
422,163,3,2
422,164,3,2
422,165,3,2
422,166,3,2
422,167,3,2
422,168,3,2
422,169,3,2
422,170,3,2
422,171,3,2
422,172,3,2
422,173,3,2
422,174,3,2
422,175,3,2
422,176,3,2
422,177,3,2
422,178,3,2
422,179,3,2
422,180,3,2
422,181,3,2
422,182,3,2
422,183,3,2
422,184,3,2
422,185,3,2
422,186,3,2
422,187,3,2
422,188,3,2
422,189,3,2
422,190,3,2
422,191,3,2
422,192,3,2
422,193,3,2
422,194,3,2
422,195,3,2
422,196,3,2
422,197,3,2
422,198,3,2
422,199,3,2
422,200,3,2
422,201,3,2
422,202,3,2
422,203,3,2
422,204,3,2
422,205,3,2
422,206,3,2
422,207,3,2
422,208,3,2
422,209,3,2
422,210,3,2
422,211,3,2
422,212,3,2
422,213,3,2
422,214,3,2
422,215,3,2
422,216,3,2
422,217,3,2
422,218,3,2
422,219,3,2
422,220,3,2
422,221,3,2
422,222,3,2
422,223,3,2
422,224,3,2
422,225,3,2
422,226,3,2
422,227,3,2
422,228,3,2
422,229,3,2
422,230,3,2
422,231,3,2
422,232,3,2
422,233,3,2
422,234,3,2
422,235,3,2
422,236,3,2
422,237,3,2
422,238,3,2
422,239,3,2
422,240,3,2
422,241,3,2
422,242,3,2
422,243,3,2
422,244,3,2
422,245,3,2
422,246,3,2
422,247,3,2
422,248,3,2
422,249,3,2
422,250,3,2
422,251,3,2
422,252,3,2
422,253,3,2
422,254,3,2
422,255,3,2
422,256,3,2
422,257,3,2
422,258,3,2
422,259,3,2
422,260,3,2
422,261,3,2
422,262,3,2
422,263,3,2
422,264,3,2
422,265,3,2
422,266,3,2
422,267,3,2
422,268,3,2
422,269,3,2
422,270,3,2
422,271,3,2
422,272,3,2
422,273,3,2
422,274,3,2
422,275,3,2
422,276,3,2
422,277,3,2
422,278,3,2
422,279,3,2
422,280,3,2
422,281,3,2
422,282,3,2
422,283,3,2
422,284,3,2
422,285,3,2
422,286,3,2
422,287,3,2
422,288,3,2
422,289,3,2
422,290,3,2
422,291,3,2
422,292,3,2
422,293,3,2
422,294,3,2
422,295,3,2
422,296,3,2
422,297,3,2
422,298,3,2
422,299,3,2
422,300,3,2
422,301,3,2
422,302,3,2
422,303,3,2
422,304,3,2
422,305,3,2
422,306,3,2
422,307,3,2
422,308,3,2
422,309,3,2
422,310,3,2
422,311,3,2
422,312,3,2
422,313,3,2
422,314,3,2
422,315,3,2
422,316,3,2
422,317,3,2
422,318,3,2
422,319,3,2
422,320,3,2
422,321,3,2
422,322,3,2
422,323,3,2
422,324,3,2
422,325,3,2
422,326,3,2
422,327,3,2
422,328,3,2
422,329,3,2
422,330,3,2
422,331,3,2
422,332,3,2
422,333,3,2
422,334,3,2
422,335,3,2
422,336,3,2
422,337,3,2
422,338,3,2
422,339,3,2
422,340,3,2
422,341,3,2
422,342,3,2
422,343,3,2
422,344,3,2
422,345,3,2
422,346,3,2
422,347,3,2
422,348,3,2
422,349,3,2
422,350,3,2
422,351,3,2
422,352,3,2
422,353,3,2
422,354,3,2
422,355,3,2
422,356,3,2
422,357,3,2
422,358,3,2
422,359,3,2
422,360,3,2
422,361,3,2
422,362,3,2
422,363,3,2
422,364,3,2
422,365,3,2
422,366,3,2
422,367,3,2
422,368,3,2
422,369,3,2
422,370,3,2
422,371,3,2
422,372,3,2
422,373,3,2
422,374,3,2
422,375,3,2
422,376,3,2
422,377,3,2
422,378,3,2
422,379,3,2
422,380,3,2
422,381,3,2
422,382,3,2
422,383,3,2
422,384,3,2
422,385,3,2
422,386,3,2
422,387,3,2
422,388,3,2
422,389,3,2
422,390,3,2
422,391,3,2
422,392,3,2
422,393,3,2
422,394,3,2
422,395,3,2
422,396,3,2
422,397,3,2
422,398,3,2
422,399,3,2
422,400,3,2
422,401,3,2
422,402,3,2
422,403,3,2
422,404,3,2
422,405,3,2
422,406,3,2
422,407,3,2
422,408,3,2
422,409,3,2
422,410,3,2
422,411,3,2
422,412,3,2
422,413,3,3
422,414,3,3
422,415,3,3
422,416,3,3
422,417,3,3
422,418,3,3
422,419,3,3
422,420,3,3
422,421,3,3
422,422,3,3
422,423,3,3
422,424,3,3
422,425,3,3
422,426,3,3
422,427,3,3
422,428,3,3
422,429,3,3
422,430,3,3
422,431,3,3
422,432,3,3
422,433,3,3
422,434,3,3
422,435,3,3
422,436,3,3
422,437,3,3
422,438,3,3
422,439,3,3
422,440,3,3
422,441,3,3
422,442,3,3
422,443,3,3
422,444,3,3
422,445,3,3
422,446,3,3
422,447,3,3
422,448,3,3
422,449,3,2
422,450,3,2
422,451,3,2
422,452,3,2
422,453,3,2
422,454,3,2
422,455,3,2
422,456,3,2
422,457,3,2
422,458,3,2
422,459,3,2
422,460,3,2
422,461,3,2
422,462,3,2
422,463,3,2
422,464,3,2
422,465,3,2
422,466,3,2
422,467,3,2
422,468,3,2
422,469,3,2
422,470,3,2
422,471,3,2
422,472,3,2
422,473,3,2
422,474,3,2
422,475,3,2
422,476,3,3
422,477,3,3
422,478,3,3
422,479,3,3
422,480,3,3
422,481,3,3
422,482,3,3
422,483,3,3
422,484,3,3
422,485,3,3
422,486,3,3
422,487,3,3
422,488,3,3
422,489,3,3
422,490,3,3
422,491,3,3
422,492,3,3
422,493,3,3
422,494,3,3
422,495,3,3
422,496,3,3
422,497,3,3
422,498,3,3
422,499,3,3
422,500,3,3
422,501,3,3
422,502,3,3
422,503,3,3
422,504,3,3
422,505,3,3
422,506,3,3
422,507,3,3
422,508,3,3
422,509,3,2
422,510,3,2
422,511,3,2
422,512,3,2
422,513,3,2
422,514,3,2
422,515,3,2
422,516,3,2
422,517,3,2
422,518,3,3
422,519,3,3
422,520,3,3
422,521,3,3
422,522,3,3
422,523,3,3
422,524,3,3
422,525,3,3
422,526,3,3
422,527,3,3
422,528,3,3
422,529,3,3
422,530,3,3
422,531,3,3
422,532,3,3
422,533,3,3
422,534,3,3
422,535,3,3
422,536,3,3
422,537,3,3
422,538,3,3
422,539,3,3
422,540,3,3
422,541,3,3
422,542,3,3
422,543,3,3
422,544,3,3
422,545,3,3
422,546,3,3
422,547,3,2
422,548,3,2
422,549,3,2
422,550,3,2
422,551,3,2
422,552,3,2
422,553,3,2
422,554,3,2
422,555,3,2
422,556,3,2
422,557,3,2
422,558,3,2
422,559,3,2
422,560,3,2
422,561,3,2
422,562,3,2
422,563,3,2
422,564,3,2
422,565,3,2
422,566,3,2
422,567,3,2
422,568,3,2
422,569,3,2
422,570,3,2
422,571,3,2
422,572,3,2
422,573,3,2
422,574,3,2
422,575,3,2
422,576,3,2
422,577,3,2
422,578,3,2
422,579,3,2
422,580,3,2
422,581,3,2
422,582,3,2
422,583,3,2
422,584,3,2
422,585,3,2
422,586,3,2
422,587,3,2
422,588,3,2
422,589,3,2
422,590,3,2
422,591,3,2
422,592,3,2
422,593,3,2
422,594,3,2
422,595,3,2
422,596,3,2
422,597,3,2
422,598,3,2
422,599,3,2
422,600,3,2
422,601,3,2
422,602,3,2
422,603,3,2
422,604,3,2
422,605,3,2
422,606,3,2
422,607,3,2
422,608,3,2
422,609,3,2
422,610,3,2
422,611,3,2
422,612,3,2
422,613,3,2
422,614,3,2
422,615,3,2
422,616,3,2
422,617,3,2
422,618,3,2
422,619,3,2
422,620,3,2
422,621,3,2
422,622,3,2
422,623,3,2
422,624,3,2
422,625,3,2
422,626,3,2
422,627,3,2
422,628,3,2
422,629,3,2
422,630,3,2
422,631,3,2
422,632,3,2
422,633,3,2
422,634,3,2
422,635,3,2
422,636,3,2
422,637,3,2
422,638,3,2
422,639,3,2
422,640,3,2
422,641,3,2
422,642,3,2
422,643,3,2
422,644,3,2
422,645,3,2
422,646,3,2
422,647,3,2
422,648,3,2
422,649,3,2
422,650,3,2
422,651,3,2
422,652,3,2
422,653,3,2
422,654,3,2
422,655,3,2
422,656,3,2
422,657,3,2
422,658,3,2
422,659,3,2
422,660,3,2
422,661,3,2
422,662,3,2
422,663,3,2
422,664,3,2
422,665,3,2
422,666,3,2
422,667,3,2
422,668,3,2
422,669,3,2
422,670,3,2
422,671,3,2
422,672,3,2
422,673,3,2
423,67,3,2
423,68,3,2
423,69,3,2
423,70,3,2
423,71,3,2
423,72,3,2
423,73,3,2
423,74,3,2
423,75,3,2
423,76,3,2
423,77,3,2
423,78,3,2
423,79,3,2
423,80,3,2
423,81,3,2
423,82,3,2
423,83,3,2
423,84,3,2
423,85,3,2
423,86,3,2
423,87,3,2
423,88,3,2
423,89,3,2
423,90,3,2
423,91,3,2
423,92,3,2
423,93,3,2
423,94,3,2
423,95,3,2
423,96,3,2
423,97,3,2
423,98,3,2
423,99,3,2
423,100,3,2
423,101,3,2
423,102,3,2
423,103,3,2
423,104,3,2
423,105,3,2
423,106,3,2
423,107,3,2
423,108,3,2
423,109,3,2
423,110,3,2
423,111,3,2
423,112,3,2
423,113,3,2
423,114,3,2
423,115,3,2
423,116,3,2
423,117,3,2
423,118,3,2
423,119,3,2
423,120,3,2
423,121,3,2
423,122,3,2
423,123,3,2
423,124,3,2
423,125,3,2
423,126,3,2
423,127,3,2
423,128,3,2
423,129,3,2
423,130,3,2
423,131,3,2
423,132,3,2
423,133,3,2
423,134,3,2
423,135,3,2
423,136,3,2
423,137,3,2
423,138,3,2
423,139,3,2
423,140,3,2
423,141,3,2
423,142,3,2
423,143,3,2
423,144,3,2
423,145,3,2
423,146,3,2
423,147,3,2
423,148,3,2
423,149,3,2
423,150,3,2
423,151,3,2
423,152,3,2
423,153,3,2
423,154,3,2
423,155,3,2
423,156,3,2
423,157,3,2
423,158,3,2
423,159,3,2
423,160,3,2
423,161,3,2
423,162,3,2
423,163,3,2
423,164,3,2
423,165,3,2
423,166,3,2
423,167,3,2
423,168,3,2
423,169,3,2
423,170,3,2
423,171,3,2
423,172,3,2
423,173,3,2
423,174,3,2
423,175,3,2
423,176,3,2
423,177,3,2
423,178,3,2
423,179,3,2
423,180,3,2
423,181,3,2
423,182,3,2
423,183,3,2
423,184,3,2
423,185,3,2
423,186,3,2
423,187,3,2
423,188,3,2
423,189,3,2
423,190,3,2
423,191,3,2
423,192,3,2
423,193,3,2
423,194,3,2
423,195,3,2
423,196,3,2
423,197,3,2
423,198,3,2
423,199,3,2
423,200,3,2
423,201,3,2
423,202,3,2
423,203,3,2
423,204,3,2
423,205,3,2
423,206,3,2
423,207,3,2
423,208,3,2
423,209,3,2
423,210,3,2
423,211,3,2
423,212,3,2
423,213,3,2
423,214,3,2
423,215,3,2
423,216,3,2
423,217,3,2
423,218,3,2
423,219,3,2
423,220,3,2
423,221,3,2
423,222,3,2
423,223,3,2
423,224,3,2
423,225,3,2
423,226,3,2
423,227,3,2
423,228,3,2
423,229,3,2
423,230,3,2
423,231,3,2
423,232,3,2
423,233,3,2
423,234,3,2
423,235,3,2
423,236,3,2
423,237,3,2
423,238,3,2
423,239,3,2
423,240,3,2
423,241,3,2
423,242,3,2
423,243,3,2
423,244,3,2
423,245,3,2
423,246,3,2
423,247,3,2
423,248,3,2
423,249,3,2
423,250,3,2
423,251,3,2
423,252,3,2
423,253,3,2
423,254,3,2
423,255,3,2
423,256,3,2
423,257,3,2
423,258,3,2
423,259,3,2
423,260,3,2
423,261,3,2
423,262,3,2
423,263,3,2
423,264,3,2
423,265,3,2
423,266,3,2
423,267,3,2
423,268,3,2
423,269,3,2
423,270,3,2
423,271,3,2
423,272,3,2
423,273,3,2
423,274,3,2
423,275,3,2
423,276,3,2
423,277,3,2
423,278,3,2
423,279,3,2
423,280,3,2
423,281,3,2
423,282,3,2
423,283,3,2
423,284,3,2
423,285,3,2
423,286,3,2
423,287,3,2
423,288,3,2
423,289,3,2
423,290,3,2
423,291,3,2
423,292,3,2
423,293,3,2
423,294,3,2
423,295,3,2
423,296,3,2
423,297,3,2
423,298,3,2
423,299,3,2
423,300,3,2
423,301,3,2
423,302,3,2
423,303,3,2
423,304,3,2
423,305,3,2
423,306,3,2
423,307,3,2
423,308,3,2
423,309,3,2
423,310,3,2
423,311,3,2
423,312,3,2
423,313,3,2
423,314,3,2
423,315,3,2
423,316,3,2
423,317,3,2
423,318,3,2
423,319,3,2
423,320,3,2
423,321,3,2
423,322,3,2
423,323,3,2
423,324,3,2
423,325,3,2
423,326,3,2
423,327,3,2
423,328,3,2
423,329,3,2
423,330,3,2
423,331,3,2
423,332,3,2
423,333,3,2
423,334,3,2
423,335,3,2
423,336,3,2
423,337,3,2
423,338,3,2
423,339,3,2
423,340,3,2
423,341,3,2
423,342,3,2
423,343,3,2
423,344,3,2
423,345,3,2
423,346,3,2
423,347,3,2
423,348,3,2
423,349,3,2
423,350,3,2
423,351,3,2
423,352,3,2
423,353,3,2
423,354,3,2
423,355,3,2
423,356,3,2
423,357,3,2
423,358,3,2
423,359,3,2
423,360,3,2
423,361,3,2
423,362,3,2
423,363,3,2
423,364,3,2
423,365,3,2
423,366,3,2
423,367,3,2
423,368,3,2
423,369,3,2
423,370,3,2
423,371,3,2
423,372,3,2
423,373,3,2
423,374,3,2
423,375,3,2
423,376,3,2
423,377,3,2
423,378,3,2
423,379,3,2
423,380,3,2
423,381,3,2
423,382,3,2
423,383,3,2
423,384,3,2
423,385,3,2
423,386,3,2
423,387,3,2
423,388,3,2
423,389,3,2
423,390,3,2
423,391,3,2
423,392,3,2
423,393,3,2
423,394,3,2
423,395,3,2
423,396,3,2
423,397,3,2
423,398,3,2
423,399,3,2
423,400,3,2
423,401,3,2
423,402,3,2
423,403,3,2
423,404,3,2
423,405,3,2
423,406,3,2
423,407,3,2
423,408,3,2
423,409,3,2
423,410,3,2
423,411,3,2
423,412,3,2
423,413,3,3
423,414,3,3
423,415,3,3
423,416,3,3
423,417,3,3
423,418,3,3
423,419,3,3
423,420,3,3
423,421,3,3
423,422,3,3
423,423,3,3
423,424,3,3
423,425,3,3
423,426,3,3
423,427,3,3
423,428,3,3
423,429,3,3
423,430,3,3
423,431,3,3
423,432,3,3
423,433,3,3
423,434,3,3
423,435,3,3
423,436,3,3
423,437,3,3
423,438,3,3
423,439,3,3
423,440,3,3
423,441,3,3
423,442,3,3
423,443,3,3
423,444,3,3
423,445,3,3
423,446,3,3
423,447,3,3
423,448,3,3
423,449,3,3
423,450,3,3
423,451,3,3
423,452,3,2
423,453,3,2
423,454,3,2
423,455,3,2
423,456,3,2
423,457,3,2
423,458,3,2
423,459,3,2
423,460,3,2
423,461,3,2
423,462,3,2
423,463,3,2
423,464,3,2
423,465,3,2
423,466,3,2
423,467,3,2
423,468,3,2
423,469,3,2
423,470,3,2
423,471,3,2
423,472,3,2
423,473,3,2
423,474,3,2
423,475,3,2
423,476,3,3
423,477,3,3
423,478,3,3
423,479,3,3
423,480,3,3
423,481,3,3
423,482,3,3
423,483,3,3
423,484,3,3
423,485,3,3
423,486,3,3
423,487,3,3
423,488,3,3
423,489,3,3
423,490,3,3
423,491,3,3
423,492,3,3
423,493,3,3
423,494,3,3
423,495,3,3
423,496,3,3
423,497,3,3
423,498,3,3
423,499,3,3
423,500,3,3
423,501,3,3
423,502,3,3
423,503,3,3
423,504,3,3
423,505,3,3
423,506,3,3
423,507,3,3
423,508,3,2
423,509,3,2
423,510,3,2
423,511,3,2
423,512,3,2
423,513,3,2
423,514,3,2
423,515,3,2
423,516,3,2
423,517,3,2
423,518,3,2
423,519,3,2
423,520,3,3
423,521,3,3
423,522,3,3
423,523,3,3
423,524,3,3
423,525,3,3
423,526,3,3
423,527,3,3
423,528,3,3
423,529,3,3
423,530,3,3
423,531,3,3
423,532,3,3
423,533,3,3
423,534,3,3
423,535,3,3
423,536,3,3
423,537,3,3
423,538,3,3
423,539,3,3
423,540,3,3
423,541,3,3
423,542,3,3
423,543,3,3
423,544,3,3
423,545,3,3
423,546,3,2
423,547,3,2
423,548,3,2
423,549,3,2
423,550,3,2
423,551,3,2
423,552,3,2
423,553,3,2
423,554,3,2
423,555,3,2
423,556,3,2
423,557,3,2
423,558,3,2
423,559,3,2
423,560,3,2
423,561,3,2
423,562,3,2
423,563,3,2
423,564,3,2
423,565,3,2
423,566,3,2
423,567,3,2
423,568,3,2
423,569,3,2
423,570,3,2
423,571,3,2
423,572,3,2
423,573,3,2
423,574,3,2
423,575,3,2
423,576,3,2
423,577,3,2
423,578,3,2
423,579,3,2
423,580,3,2
423,581,3,2
423,582,3,2
423,583,3,2
423,584,3,2
423,585,3,2
423,586,3,2
423,587,3,2
423,588,3,2
423,589,3,2
423,590,3,2
423,591,3,2
423,592,3,2
423,593,3,2
423,594,3,2
423,595,3,2
423,596,3,2
423,597,3,2
423,598,3,2
423,599,3,2
423,600,3,2
423,601,3,2
423,602,3,2
423,603,3,2
423,604,3,2
423,605,3,2
423,606,3,2
423,607,3,2
423,608,3,2
423,609,3,2
423,610,3,2
423,611,3,2
423,612,3,2
423,613,3,2
423,614,3,2
423,615,3,2
423,616,3,2
423,617,3,2
423,618,3,2
423,619,3,2
423,620,3,2
423,621,3,2
423,622,3,2
423,623,3,2
423,624,3,2
423,625,3,2
423,626,3,2
423,627,3,2
423,628,3,2
423,629,3,2
423,630,3,2
423,631,3,2
423,632,3,2
423,633,3,2
423,634,3,2
423,635,3,2
423,636,3,2
423,637,3,2
423,638,3,2
423,639,3,2
423,640,3,2
423,641,3,2
423,642,3,2
423,643,3,2
423,644,3,2
423,645,3,2
423,646,3,2
423,647,3,2
423,648,3,2
423,649,3,2
423,650,3,2
423,651,3,2
423,652,3,2
423,653,3,2
423,654,3,2
423,655,3,2
423,656,3,2
423,657,3,2
423,658,3,2
423,659,3,2
423,660,3,2
423,661,3,2
423,662,3,2
423,663,3,2
423,664,3,2
423,665,3,2
423,666,3,2
423,667,3,2
423,668,3,2
423,669,3,2
423,670,3,2
423,671,3,2
423,672,3,2
423,673,3,2
424,67,3,2
424,68,3,2
424,69,3,2
424,70,3,2
424,71,3,2
424,72,3,2
424,73,3,2
424,74,3,2
424,75,3,2
424,76,3,2
424,77,3,2
424,78,3,2
424,79,3,2
424,80,3,2
424,81,3,2
424,82,3,2
424,83,3,2
424,84,3,2
424,85,3,2
424,86,3,2
424,87,3,2
424,88,3,2
424,89,3,2
424,90,3,2
424,91,3,2
424,92,3,2
424,93,3,2
424,94,3,2
424,95,3,2
424,96,3,2
424,97,3,2
424,98,3,2
424,99,3,2
424,100,3,2
424,101,3,2
424,102,3,2
424,103,3,2
424,104,3,2
424,105,3,2
424,106,3,2
424,107,3,2
424,108,3,2
424,109,3,2
424,110,3,2
424,111,3,2
424,112,3,2
424,113,3,2
424,114,3,2
424,115,3,2
424,116,3,2
424,117,3,2
424,118,3,2
424,119,3,2
424,120,3,2
424,121,3,2
424,122,3,2
424,123,3,2
424,124,3,2
424,125,3,2
424,126,3,2
424,127,3,2
424,128,3,2
424,129,3,2
424,130,3,2
424,131,3,2
424,132,3,2
424,133,3,2
424,134,3,2
424,135,3,2
424,136,3,2
424,137,3,2
424,138,3,2
424,139,3,2
424,140,3,2
424,141,3,2
424,142,3,2
424,143,3,2
424,144,3,2
424,145,3,2
424,146,3,2
424,147,3,2
424,148,3,2
424,149,3,2
424,150,3,2
424,151,3,2
424,152,3,2
424,153,3,2
424,154,3,2
424,155,3,2
424,156,3,2
424,157,3,2
424,158,3,2
424,159,3,2
424,160,3,2
424,161,3,2
424,162,3,2
424,163,3,2
424,164,3,2
424,165,3,2
424,166,3,2
424,167,3,2
424,168,3,2
424,169,3,2
424,170,3,2
424,171,3,2
424,172,3,2
424,173,3,2
424,174,3,2
424,175,3,2
424,176,3,2
424,177,3,2
424,178,3,2
424,179,3,2
424,180,3,2
424,181,3,2
424,182,3,2
424,183,3,2
424,184,3,2
424,185,3,2
424,186,3,2
424,187,3,2
424,188,3,2
424,189,3,2
424,190,3,2
424,191,3,2
424,192,3,2
424,193,3,2
424,194,3,2
424,195,3,2
424,196,3,2
424,197,3,2
424,198,3,2
424,199,3,2
424,200,3,2
424,201,3,2
424,202,3,2
424,203,3,2
424,204,3,2
424,205,3,2
424,206,3,2
424,207,3,2
424,208,3,2
424,209,3,2
424,210,3,2
424,211,3,2
424,212,3,2
424,213,3,2
424,214,3,2
424,215,3,2
424,216,3,2
424,217,3,2
424,218,3,2
424,219,3,2
424,220,3,2
424,221,3,2
424,222,3,2
424,223,3,2
424,224,3,2
424,225,3,2
424,226,3,2
424,227,3,2
424,228,3,2
424,229,3,2
424,230,3,2
424,231,3,2
424,232,3,2
424,233,3,2
424,234,3,2
424,235,3,2
424,236,3,2
424,237,3,2
424,238,3,2
424,239,3,2
424,240,3,2
424,241,3,2
424,242,3,2
424,243,3,2
424,244,3,2
424,245,3,2
424,246,3,2
424,247,3,2
424,248,3,2
424,249,3,2
424,250,3,2
424,251,3,2
424,252,3,2
424,253,3,2
424,254,3,2
424,255,3,2
424,256,3,2
424,257,3,2
424,258,3,2
424,259,3,2
424,260,3,2
424,261,3,2
424,262,3,2
424,263,3,2
424,264,3,2
424,265,3,2
424,266,3,2
424,267,3,2
424,268,3,2
424,269,3,2
424,270,3,2
424,271,3,2
424,272,3,2
424,273,3,2
424,274,3,2
424,275,3,2
424,276,3,2
424,277,3,2
424,278,3,2
424,279,3,2
424,280,3,2
424,281,3,2
424,282,3,2
424,283,3,2
424,284,3,2
424,285,3,2
424,286,3,2
424,287,3,2
424,288,3,2
424,289,3,2
424,290,3,2
424,291,3,2
424,292,3,2
424,293,3,2
424,294,3,2
424,295,3,2
424,296,3,2
424,297,3,2
424,298,3,2
424,299,3,2
424,300,3,2
424,301,3,2
424,302,3,2
424,303,3,2
424,304,3,2
424,305,3,2
424,306,3,2
424,307,3,2
424,308,3,2
424,309,3,2
424,310,3,2
424,311,3,2
424,312,3,2
424,313,3,2
424,314,3,2
424,315,3,2
424,316,3,2
424,317,3,2
424,318,3,2
424,319,3,2
424,320,3,2
424,321,3,2
424,322,3,2
424,323,3,2
424,324,3,2
424,325,3,2
424,326,3,2
424,327,3,2
424,328,3,2
424,329,3,2
424,330,3,2
424,331,3,2
424,332,3,2
424,333,3,2
424,334,3,2
424,335,3,2
424,336,3,2
424,337,3,2
424,338,3,2
424,339,3,2
424,340,3,2
424,341,3,2
424,342,3,2
424,343,3,2
424,344,3,2
424,345,3,2
424,346,3,2
424,347,3,2
424,348,3,2
424,349,3,2
424,350,3,2
424,351,3,2
424,352,3,2
424,353,3,2
424,354,3,2
424,355,3,2
424,356,3,2
424,357,3,2
424,358,3,2
424,359,3,2
424,360,3,2
424,361,3,2
424,362,3,2
424,363,3,2
424,364,3,2
424,365,3,2
424,366,3,2
424,367,3,2
424,368,3,2
424,369,3,2
424,370,3,2
424,371,3,2
424,372,3,2
424,373,3,2
424,374,3,2
424,375,3,2
424,376,3,2
424,377,3,2
424,378,3,2
424,379,3,2
424,380,3,2
424,381,3,2
424,382,3,2
424,383,3,2
424,384,3,2
424,385,3,2
424,386,3,2
424,387,3,2
424,388,3,2
424,389,3,2
424,390,3,2
424,391,3,2
424,392,3,2
424,393,3,2
424,394,3,2
424,395,3,2
424,396,3,2
424,397,3,2
424,398,3,2
424,399,3,2
424,400,3,2
424,401,3,2
424,402,3,2
424,403,3,2
424,404,3,2
424,405,3,2
424,406,3,2
424,407,3,2
424,408,3,2
424,409,3,2
424,410,3,2
424,411,3,2
424,412,3,3
424,413,3,3
424,414,3,3
424,415,3,3
424,416,3,3
424,417,3,3
424,418,3,3
424,419,3,3
424,420,3,3
424,421,3,3
424,422,3,3
424,423,3,3
424,424,3,3
424,425,3,3
424,426,3,3
424,427,3,3
424,428,3,3
424,429,3,3
424,430,3,3
424,431,3,3
424,432,3,3
424,433,3,3
424,434,3,3
424,435,3,3
424,436,3,3
424,437,3,3
424,438,3,3
424,439,3,3
424,440,3,3
424,441,3,3
424,442,3,3
424,443,3,3
424,444,3,3
424,445,3,3
424,446,3,3
424,447,3,3
424,448,3,3
424,449,3,3
424,450,3,3
424,451,3,3
424,452,3,3
424,453,3,2
424,454,3,2
424,455,3,2
424,456,3,2
424,457,3,2
424,458,3,2
424,459,3,2
424,460,3,2
424,461,3,2
424,462,3,2
424,463,3,2
424,464,3,2
424,465,3,2
424,466,3,2
424,467,3,2
424,468,3,2
424,469,3,2
424,470,3,2
424,471,3,2
424,472,3,2
424,473,3,2
424,474,3,2
424,475,3,2
424,476,3,3
424,477,3,3
424,478,3,3
424,479,3,3
424,480,3,3
424,481,3,3
424,482,3,3
424,483,3,3
424,484,3,3
424,485,3,3
424,486,3,3
424,487,3,3
424,488,3,3
424,489,3,3
424,490,3,3
424,491,3,3
424,492,3,3
424,493,3,3
424,494,3,3
424,495,3,3
424,496,3,3
424,497,3,3
424,498,3,3
424,499,3,3
424,500,3,3
424,501,3,3
424,502,3,3
424,503,3,3
424,504,3,3
424,505,3,3
424,506,3,3
424,507,3,2
424,508,3,2
424,509,3,2
424,510,3,2
424,511,3,2
424,512,3,2
424,513,3,2
424,514,3,2
424,515,3,2
424,516,3,2
424,517,3,2
424,518,3,2
424,519,3,2
424,520,3,2
424,521,3,2
424,522,3,2
424,523,3,3
424,524,3,3
424,525,3,3
424,526,3,3
424,527,3,3
424,528,3,3
424,529,3,3
424,530,3,3
424,531,3,3
424,532,3,3
424,533,3,3
424,534,3,3
424,535,3,3
424,536,3,3
424,537,3,3
424,538,3,3
424,539,3,3
424,540,3,3
424,541,3,3
424,542,3,3
424,543,3,3
424,544,3,3
424,545,3,3
424,546,3,2
424,547,3,2
424,548,3,2
424,549,3,2
424,550,3,2
424,551,3,2
424,552,3,2
424,553,3,2
424,554,3,2
424,555,3,2
424,556,3,2
424,557,3,2
424,558,3,2
424,559,3,2
424,560,3,2
424,561,3,2
424,562,3,2
424,563,3,2
424,564,3,2
424,565,3,2
424,566,3,2
424,567,3,2
424,568,3,2
424,569,3,2
424,570,3,2
424,571,3,2
424,572,3,2
424,573,3,2
424,574,3,2
424,575,3,2
424,576,3,2
424,577,3,2
424,578,3,2
424,579,3,2
424,580,3,2
424,581,3,2
424,582,3,2
424,583,3,2
424,584,3,2
424,585,3,2
424,586,3,2
424,587,3,2
424,588,3,2
424,589,3,2
424,590,3,2
424,591,3,2
424,592,3,2
424,593,3,2
424,594,3,2
424,595,3,2
424,596,3,2
424,597,3,2
424,598,3,2
424,599,3,2
424,600,3,2
424,601,3,2
424,602,3,2
424,603,3,2
424,604,3,2
424,605,3,2
424,606,3,2
424,607,3,2
424,608,3,2
424,609,3,2
424,610,3,2
424,611,3,2
424,612,3,2
424,613,3,2
424,614,3,2
424,615,3,2
424,616,3,2
424,617,3,2
424,618,3,2
424,619,3,2
424,620,3,2
424,621,3,2
424,622,3,2
424,623,3,2
424,624,3,2
424,625,3,2
424,626,3,2
424,627,3,2
424,628,3,2
424,629,3,2
424,630,3,2
424,631,3,2
424,632,3,2
424,633,3,2
424,634,3,2
424,635,3,2
424,636,3,2
424,637,3,2
424,638,3,2
424,639,3,2
424,640,3,2
424,641,3,2
424,642,3,2
424,643,3,2
424,644,3,2
424,645,3,2
424,646,3,2
424,647,3,2
424,648,3,2
424,649,3,2
424,650,3,2
424,651,3,2
424,652,3,2
424,653,3,2
424,654,3,2
424,655,3,2
424,656,3,2
424,657,3,2
424,658,3,2
424,659,3,2
424,660,3,2
424,661,3,2
424,662,3,2
424,663,3,2
424,664,3,2
424,665,3,2
424,666,3,2
424,667,3,2
424,668,3,2
424,669,3,2
424,670,3,2
424,671,3,2
424,672,3,2
425,67,3,2
425,68,3,2
425,69,3,2
425,70,3,2
425,71,3,2
425,72,3,2
425,73,3,2
425,74,3,2
425,75,3,2
425,76,3,2
425,77,3,2
425,78,3,2
425,79,3,2
425,80,3,2
425,81,3,2
425,82,3,2
425,83,3,2
425,84,3,2
425,85,3,2
425,86,3,2
425,87,3,2
425,88,3,2
425,89,3,2
425,90,3,2
425,91,3,2
425,92,3,2
425,93,3,2
425,94,3,2
425,95,3,2
425,96,3,2
425,97,3,2
425,98,3,2
425,99,3,2
425,100,3,2
425,101,3,2
425,102,3,2
425,103,3,2
425,104,3,2
425,105,3,2
425,106,3,2
425,107,3,2
425,108,3,2
425,109,3,2
425,110,3,2
425,111,3,2
425,112,3,2
425,113,3,2
425,114,3,2
425,115,3,2
425,116,3,2
425,117,3,2
425,118,3,2
425,119,3,2
425,120,3,2
425,121,3,2
425,122,3,2
425,123,3,2
425,124,3,2
425,125,3,2
425,126,3,2
425,127,3,2
425,128,3,2
425,129,3,2
425,130,3,2
425,131,3,2
425,132,3,2
425,133,3,2
425,134,3,2
425,135,3,2
425,136,3,2
425,137,3,2
425,138,3,2
425,139,3,2
425,140,3,2
425,141,3,2
425,142,3,2
425,143,3,2
425,144,3,2
425,145,3,2
425,146,3,2
425,147,3,2
425,148,3,2
425,149,3,2
425,150,3,2
425,151,3,2
425,152,3,2
425,153,3,2
425,154,3,2
425,155,3,2
425,156,3,2
425,157,3,2
425,158,3,2
425,159,3,2
425,160,3,2
425,161,3,2
425,162,3,2
425,163,3,2
425,164,3,2
425,165,3,2
425,166,3,2
425,167,3,2
425,168,3,2
425,169,3,2
425,170,3,2
425,171,3,2
425,172,3,2
425,173,3,2
425,174,3,2
425,175,3,2
425,176,3,2
425,177,3,2
425,178,3,2
425,179,3,2
425,180,3,2
425,181,3,2
425,182,3,2
425,183,3,2
425,184,3,2
425,185,3,2
425,186,3,2
425,187,3,2
425,188,3,2
425,189,3,2
425,190,3,2
425,191,3,2
425,192,3,2
425,193,3,2
425,194,3,2
425,195,3,2
425,196,3,2
425,197,3,2
425,198,3,2
425,199,3,2
425,200,3,2
425,201,3,2
425,202,3,2
425,203,3,2
425,204,3,2
425,205,3,2
425,206,3,2
425,207,3,2
425,208,3,2
425,209,3,2
425,210,3,2
425,211,3,2
425,212,3,2
425,213,3,2
425,214,3,2
425,215,3,2
425,216,3,2
425,217,3,2
425,218,3,2
425,219,3,2
425,220,3,2
425,221,3,2
425,222,3,2
425,223,3,2
425,224,3,2
425,225,3,2
425,226,3,2
425,227,3,2
425,228,3,2
425,229,3,2
425,230,3,2
425,231,3,2
425,232,3,2
425,233,3,2
425,234,3,2
425,235,3,2
425,236,3,2
425,237,3,2
425,238,3,2
425,239,3,2
425,240,3,2
425,241,3,2
425,242,3,2
425,243,3,2
425,244,3,2
425,245,3,2
425,246,3,2
425,247,3,2
425,248,3,2
425,249,3,2
425,250,3,2
425,251,3,2
425,252,3,2
425,253,3,2
425,254,3,2
425,255,3,2
425,256,3,2
425,257,3,2
425,258,3,2
425,259,3,2
425,260,3,2
425,261,3,2
425,262,3,2
425,263,3,2
425,264,3,2
425,265,3,2
425,266,3,2
425,267,3,2
425,268,3,2
425,269,3,2
425,270,3,2
425,271,3,2
425,272,3,2
425,273,3,2
425,274,3,2
425,275,3,2
425,276,3,2
425,277,3,2
425,278,3,2
425,279,3,2
425,280,3,2
425,281,3,2
425,282,3,2
425,283,3,2
425,284,3,2
425,285,3,2
425,286,3,2
425,287,3,2
425,288,3,2
425,289,3,2
425,290,3,2
425,291,3,2
425,292,3,2
425,293,3,2
425,294,3,2
425,295,3,2
425,296,3,2
425,297,3,2
425,298,3,2
425,299,3,2
425,300,3,2
425,301,3,2
425,302,3,2
425,303,3,2
425,304,3,2
425,305,3,2
425,306,3,2
425,307,3,2
425,308,3,2
425,309,3,2
425,310,3,2
425,311,3,2
425,312,3,2
425,313,3,2
425,314,3,2
425,315,3,2
425,316,3,2
425,317,3,2
425,318,3,2
425,319,3,2
425,320,3,2
425,321,3,2
425,322,3,2
425,323,3,2
425,324,3,2
425,325,3,2
425,326,3,2
425,327,3,2
425,328,3,2
425,329,3,2
425,330,3,2
425,331,3,2
425,332,3,2
425,333,3,2
425,334,3,2
425,335,3,2
425,336,3,2
425,337,3,2
425,338,3,2
425,339,3,2
425,340,3,2
425,341,3,2
425,342,3,2
425,343,3,2
425,344,3,2
425,345,3,2
425,346,3,2
425,347,3,2
425,348,3,2
425,349,3,2
425,350,3,2
425,351,3,2
425,352,3,2
425,353,3,2
425,354,3,2
425,355,3,2
425,356,3,2
425,357,3,2
425,358,3,2
425,359,3,2
425,360,3,2
425,361,3,2
425,362,3,2
425,363,3,2
425,364,3,2
425,365,3,2
425,366,3,2
425,367,3,2
425,368,3,2
425,369,3,2
425,370,3,2
425,371,3,2
425,372,3,2
425,373,3,2
425,374,3,2
425,375,3,2
425,376,3,2
425,377,3,2
425,378,3,2
425,379,3,2
425,380,3,2
425,381,3,2
425,382,3,2
425,383,3,2
425,384,3,2
425,385,3,2
425,386,3,2
425,387,3,2
425,388,3,2
425,389,3,2
425,390,3,2
425,391,3,2
425,392,3,2
425,393,3,2
425,394,3,2
425,395,3,2
425,396,3,2
425,397,3,2
425,398,3,2
425,399,3,2
425,400,3,2
425,401,3,2
425,402,3,2
425,403,3,2
425,404,3,2
425,405,3,2
425,406,3,2
425,407,3,2
425,408,3,2
425,409,3,2
425,410,3,2
425,411,3,3
425,412,3,3
425,413,3,3
425,414,3,3
425,415,3,3
425,416,3,3
425,417,3,3
425,418,3,3
425,419,3,3
425,420,3,3
425,421,3,3
425,422,3,3
425,423,3,3
425,424,3,3
425,425,3,3
425,426,3,3
425,427,3,3
425,428,3,3
425,429,3,3
425,430,3,3
425,431,3,3
425,432,3,3
425,433,3,3
425,434,3,3
425,435,3,3
425,436,3,3
425,437,3,3
425,438,3,3
425,439,3,3
425,440,3,3
425,441,3,3
425,442,3,3
425,443,3,3
425,444,3,3
425,445,3,3
425,446,3,3
425,447,3,3
425,448,3,3
425,449,3,3
425,450,3,3
425,451,3,3
425,452,3,3
425,453,3,3
425,454,3,2
425,455,3,2
425,456,3,2
425,457,3,2
425,458,3,2
425,459,3,2
425,460,3,2
425,461,3,2
425,462,3,2
425,463,3,2
425,464,3,2
425,465,3,2
425,466,3,2
425,467,3,2
425,468,3,2
425,469,3,2
425,470,3,2
425,471,3,2
425,472,3,2
425,473,3,2
425,474,3,2
425,475,3,2
425,476,3,2
425,477,3,3
425,478,3,3
425,479,3,3
425,480,3,3
425,481,3,3
425,482,3,3
425,483,3,3
425,484,3,3
425,485,3,3
425,486,3,3
425,487,3,3
425,488,3,3
425,489,3,3
425,490,3,3
425,491,3,3
425,492,3,3
425,493,3,3
425,494,3,3
425,495,3,3
425,496,3,3
425,497,3,3
425,498,3,3
425,499,3,3
425,500,3,3
425,501,3,3
425,502,3,3
425,503,3,3
425,504,3,3
425,505,3,2
425,506,3,2
425,507,3,2
425,508,3,2
425,509,3,2
425,510,3,2
425,511,3,2
425,512,3,2
425,513,3,2
425,514,3,2
425,515,3,2
425,516,3,2
425,517,3,2
425,518,3,2
425,519,3,2
425,520,3,2
425,521,3,2
425,522,3,2
425,523,3,2
425,524,3,2
425,525,3,3
425,526,3,3
425,527,3,3
425,528,3,3
425,529,3,3
425,530,3,3
425,531,3,3
425,532,3,3
425,533,3,3
425,534,3,3
425,535,3,3
425,536,3,3
425,537,3,3
425,538,3,3
425,539,3,3
425,540,3,3
425,541,3,3
425,542,3,3
425,543,3,3
425,544,3,3
425,545,3,3
425,546,3,2
425,547,3,2
425,548,3,2
425,549,3,2
425,550,3,2
425,551,3,2
425,552,3,2
425,553,3,2
425,554,3,2
425,555,3,2
425,556,3,2
425,557,3,2
425,558,3,2
425,559,3,2
425,560,3,2
425,561,3,2
425,562,3,2
425,563,3,2
425,564,3,2
425,565,3,2
425,566,3,2
425,567,3,2
425,568,3,2
425,569,3,2
425,570,3,2
425,571,3,2
425,572,3,2
425,573,3,2
425,574,3,2
425,575,3,2
425,576,3,2
425,577,3,2
425,578,3,2
425,579,3,2
425,580,3,2
425,581,3,2
425,582,3,2
425,583,3,2
425,584,3,2
425,585,3,2
425,586,3,2
425,587,3,2
425,588,3,2
425,589,3,2
425,590,3,2
425,591,3,2
425,592,3,2
425,593,3,2
425,594,3,2
425,595,3,2
425,596,3,2
425,597,3,2
425,598,3,2
425,599,3,2
425,600,3,2
425,601,3,2
425,602,3,2
425,603,3,2
425,604,3,2
425,605,3,2
425,606,3,2
425,607,3,2
425,608,3,2
425,609,3,2
425,610,3,2
425,611,3,2
425,612,3,2
425,613,3,2
425,614,3,2
425,615,3,2
425,616,3,2
425,617,3,2
425,618,3,2
425,619,3,2
425,620,3,2
425,621,3,2
425,622,3,2
425,623,3,2
425,624,3,2
425,625,3,2
425,626,3,2
425,627,3,2
425,628,3,2
425,629,3,2
425,630,3,2
425,631,3,2
425,632,3,2
425,633,3,2
425,634,3,2
425,635,3,2
425,636,3,2
425,637,3,2
425,638,3,2
425,639,3,2
425,640,3,2
425,641,3,2
425,642,3,2
425,643,3,2
425,644,3,2
425,645,3,2
425,646,3,2
425,647,3,2
425,648,3,2
425,649,3,2
425,650,3,2
425,651,3,2
425,652,3,2
425,653,3,2
425,654,3,2
425,655,3,2
425,656,3,2
425,657,3,2
425,658,3,2
425,659,3,2
425,660,3,2
425,661,3,2
425,662,3,2
425,663,3,2
425,664,3,2
425,665,3,2
425,666,3,2
425,667,3,2
425,668,3,2
425,669,3,2
425,670,3,2
425,671,3,2
425,672,3,2
426,67,3,2
426,68,3,2
426,69,3,2
426,70,3,2
426,71,3,2
426,72,3,2
426,73,3,2
426,74,3,2
426,75,3,2
426,76,3,2
426,77,3,2
426,78,3,2
426,79,3,2
426,80,3,2
426,81,3,2
426,82,3,2
426,83,3,2
426,84,3,2
426,85,3,2
426,86,3,2
426,87,3,2
426,88,3,2
426,89,3,2
426,90,3,2
426,91,3,2
426,92,3,2
426,93,3,2
426,94,3,2
426,95,3,2
426,96,3,2
426,97,3,2
426,98,3,2
426,99,3,2
426,100,3,2
426,101,3,2
426,102,3,2
426,103,3,2
426,104,3,2
426,105,3,2
426,106,3,2
426,107,3,2
426,108,3,2
426,109,3,2
426,110,3,2
426,111,3,2
426,112,3,2
426,113,3,2
426,114,3,2
426,115,3,2
426,116,3,2
426,117,3,2
426,118,3,2
426,119,3,2
426,120,3,2
426,121,3,2
426,122,3,2
426,123,3,2
426,124,3,2
426,125,3,2
426,126,3,2
426,127,3,2
426,128,3,2
426,129,3,2
426,130,3,2
426,131,3,2
426,132,3,2
426,133,3,2
426,134,3,2
426,135,3,2
426,136,3,2
426,137,3,2
426,138,3,2
426,139,3,2
426,140,3,2
426,141,3,2
426,142,3,2
426,143,3,2
426,144,3,2
426,145,3,2
426,146,3,2
426,147,3,2
426,148,3,2
426,149,3,2
426,150,3,2
426,151,3,2
426,152,3,2
426,153,3,2
426,154,3,2
426,155,3,2
426,156,3,2
426,157,3,2
426,158,3,2
426,159,3,2
426,160,3,2
426,161,3,2
426,162,3,2
426,163,3,2
426,164,3,2
426,165,3,2
426,166,3,2
426,167,3,2
426,168,3,2
426,169,3,2
426,170,3,2
426,171,3,2
426,172,3,2
426,173,3,2
426,174,3,2
426,175,3,2
426,176,3,2
426,177,3,2
426,178,3,2
426,179,3,2
426,180,3,2
426,181,3,2
426,182,3,2
426,183,3,2
426,184,3,2
426,185,3,2
426,186,3,2
426,187,3,2
426,188,3,2
426,189,3,2
426,190,3,2
426,191,3,2
426,192,3,2
426,193,3,2
426,194,3,2
426,195,3,2
426,196,3,2
426,197,3,2
426,198,3,2
426,199,3,2
426,200,3,2
426,201,3,2
426,202,3,2
426,203,3,2
426,204,3,2
426,205,3,2
426,206,3,2
426,207,3,2
426,208,3,2
426,209,3,2
426,210,3,2
426,211,3,2
426,212,3,2
426,213,3,2
426,214,3,2
426,215,3,2
426,216,3,2
426,217,3,2
426,218,3,2
426,219,3,2
426,220,3,2
426,221,3,2
426,222,3,2
426,223,3,2
426,224,3,2
426,225,3,2
426,226,3,2
426,227,3,2
426,228,3,2
426,229,3,2
426,230,3,2
426,231,3,2
426,232,3,2
426,233,3,2
426,234,3,2
426,235,3,2
426,236,3,2
426,237,3,2
426,238,3,2
426,239,3,2
426,240,3,2
426,241,3,2
426,242,3,2
426,243,3,2
426,244,3,2
426,245,3,2
426,246,3,2
426,247,3,2
426,248,3,2
426,249,3,2
426,250,3,2
426,251,3,2
426,252,3,2
426,253,3,2
426,254,3,2
426,255,3,2
426,256,3,2
426,257,3,2
426,258,3,2
426,259,3,2
426,260,3,2
426,261,3,2
426,262,3,2
426,263,3,2
426,264,3,2
426,265,3,2
426,266,3,2
426,267,3,2
426,268,3,2
426,269,3,2
426,270,3,2
426,271,3,2
426,272,3,2
426,273,3,2
426,274,3,2
426,275,3,2
426,276,3,2
426,277,3,2
426,278,3,2
426,279,3,2
426,280,3,2
426,281,3,2
426,282,3,2
426,283,3,2
426,284,3,2
426,285,3,2
426,286,3,2
426,287,3,2
426,288,3,2
426,289,3,2
426,290,3,2
426,291,3,2
426,292,3,2
426,293,3,2
426,294,3,2
426,295,3,2
426,296,3,2
426,297,3,2
426,298,3,2
426,299,3,2
426,300,3,2
426,301,3,2
426,302,3,2
426,303,3,2
426,304,3,2
426,305,3,2
426,306,3,2
426,307,3,2
426,308,3,2
426,309,3,2
426,310,3,2
426,311,3,2
426,312,3,2
426,313,3,2
426,314,3,2
426,315,3,2
426,316,3,2
426,317,3,2
426,318,3,2
426,319,3,2
426,320,3,2
426,321,3,2
426,322,3,2
426,323,3,2
426,324,3,2
426,325,3,2
426,326,3,2
426,327,3,2
426,328,3,2
426,329,3,2
426,330,3,2
426,331,3,2
426,332,3,2
426,333,3,2
426,334,3,2
426,335,3,2
426,336,3,2
426,337,3,2
426,338,3,2
426,339,3,2
426,340,3,2
426,341,3,2
426,342,3,2
426,343,3,2
426,344,3,2
426,345,3,2
426,346,3,2
426,347,3,2
426,348,3,2
426,349,3,2
426,350,3,2
426,351,3,2
426,352,3,2
426,353,3,2
426,354,3,2
426,355,3,2
426,356,3,2
426,357,3,2
426,358,3,2
426,359,3,2
426,360,3,2
426,361,3,2
426,362,3,2
426,363,3,2
426,364,3,2
426,365,3,2
426,366,3,2
426,367,3,2
426,368,3,2
426,369,3,2
426,370,3,2
426,371,3,2
426,372,3,2
426,373,3,2
426,374,3,2
426,375,3,2
426,376,3,2
426,377,3,2
426,378,3,2
426,379,3,2
426,380,3,2
426,381,3,2
426,382,3,2
426,383,3,2
426,384,3,2
426,385,3,2
426,386,3,2
426,387,3,2
426,388,3,2
426,389,3,2
426,390,3,2
426,391,3,2
426,392,3,2
426,393,3,2
426,394,3,2
426,395,3,2
426,396,3,2
426,397,3,2
426,398,3,2
426,399,3,2
426,400,3,2
426,401,3,2
426,402,3,2
426,403,3,2
426,404,3,2
426,405,3,2
426,406,3,2
426,407,3,2
426,408,3,2
426,409,3,2
426,410,3,2
426,411,3,3
426,412,3,3
426,413,3,3
426,414,3,3
426,415,3,3
426,416,3,3
426,417,3,3
426,418,3,3
426,419,3,3
426,420,3,3
426,421,3,3
426,422,3,3
426,423,3,3
426,424,3,3
426,425,3,3
426,426,3,3
426,427,3,3
426,428,3,3
426,429,3,3
426,430,3,3
426,431,3,3
426,432,3,3
426,433,3,3
426,434,3,3
426,435,3,3
426,436,3,3
426,437,3,3
426,438,3,3
426,439,3,3
426,440,3,3
426,441,3,3
426,442,3,3
426,443,3,3
426,444,3,3
426,445,3,3
426,446,3,3
426,447,3,3
426,448,3,3
426,449,3,3
426,450,3,3
426,451,3,3
426,452,3,3
426,453,3,3
426,454,3,2
426,455,3,2
426,456,3,2
426,457,3,2
426,458,3,2
426,459,3,2
426,460,3,2
426,461,3,2
426,462,3,2
426,463,3,2
426,464,3,2
426,465,3,2
426,466,3,2
426,467,3,2
426,468,3,2
426,469,3,2
426,470,3,2
426,471,3,2
426,472,3,2
426,473,3,2
426,474,3,2
426,475,3,2
426,476,3,2
426,477,3,2
426,478,3,3
426,479,3,3
426,480,3,3
426,481,3,3
426,482,3,3
426,483,3,3
426,484,3,3
426,485,3,3
426,486,3,3
426,487,3,3
426,488,3,3
426,489,3,3
426,490,3,3
426,491,3,3
426,492,3,3
426,493,3,3
426,494,3,3
426,495,3,3
426,496,3,3
426,497,3,3
426,498,3,3
426,499,3,3
426,500,3,3
426,501,3,3
426,502,3,3
426,503,3,3
426,504,3,2
426,505,3,2
426,506,3,2
426,507,3,2
426,508,3,2
426,509,3,2
426,510,3,2
426,511,3,2
426,512,3,2
426,513,3,2
426,514,3,2
426,515,3,2
426,516,3,2
426,517,3,2
426,518,3,2
426,519,3,2
426,520,3,2
426,521,3,2
426,522,3,2
426,523,3,2
426,524,3,2
426,525,3,2
426,526,3,2
426,527,3,3
426,528,3,3
426,529,3,3
426,530,3,3
426,531,3,3
426,532,3,3
426,533,3,3
426,534,3,3
426,535,3,3
426,536,3,3
426,537,3,3
426,538,3,3
426,539,3,3
426,540,3,3
426,541,3,3
426,542,3,3
426,543,3,3
426,544,3,3
426,545,3,2
426,546,3,2
426,547,3,2
426,548,3,2
426,549,3,2
426,550,3,2
426,551,3,2
426,552,3,2
426,553,3,2
426,554,3,2
426,555,3,2
426,556,3,2
426,557,3,2
426,558,3,2
426,559,3,2
426,560,3,2
426,561,3,2
426,562,3,2
426,563,3,2
426,564,3,2
426,565,3,2
426,566,3,2
426,567,3,2
426,568,3,2
426,569,3,2
426,570,3,2
426,571,3,2
426,572,3,2
426,573,3,2
426,574,3,2
426,575,3,2
426,576,3,2
426,577,3,2
426,578,3,2
426,579,3,2
426,580,3,2
426,581,3,2
426,582,3,2
426,583,3,2
426,584,3,2
426,585,3,2
426,586,3,2
426,587,3,2
426,588,3,2
426,589,3,2
426,590,3,2
426,591,3,2
426,592,3,2
426,593,3,2
426,594,3,2
426,595,3,2
426,596,3,2
426,597,3,2
426,598,3,2
426,599,3,2
426,600,3,2
426,601,3,2
426,602,3,2
426,603,3,2
426,604,3,2
426,605,3,2
426,606,3,2
426,607,3,2
426,608,3,2
426,609,3,2
426,610,3,2
426,611,3,2
426,612,3,2
426,613,3,2
426,614,3,2
426,615,3,2
426,616,3,2
426,617,3,2
426,618,3,2
426,619,3,2
426,620,3,2
426,621,3,2
426,622,3,2
426,623,3,2
426,624,3,2
426,625,3,2
426,626,3,2
426,627,3,2
426,628,3,2
426,629,3,2
426,630,3,2
426,631,3,2
426,632,3,2
426,633,3,2
426,634,3,2
426,635,3,2
426,636,3,2
426,637,3,2
426,638,3,2
426,639,3,2
426,640,3,2
426,641,3,2
426,642,3,2
426,643,3,2
426,644,3,2
426,645,3,2
426,646,3,2
426,647,3,2
426,648,3,2
426,649,3,2
426,650,3,2
426,651,3,2
426,652,3,2
426,653,3,2
426,654,3,2
426,655,3,2
426,656,3,2
426,657,3,2
426,658,3,2
426,659,3,2
426,660,3,2
426,661,3,2
426,662,3,2
426,663,3,2
426,664,3,2
426,665,3,2
426,666,3,2
426,667,3,2
426,668,3,2
426,669,3,2
426,670,3,2
426,671,3,2
426,672,3,2
427,67,3,2
427,68,3,2
427,69,3,2
427,70,3,2
427,71,3,2
427,72,3,2
427,73,3,2
427,74,3,2
427,75,3,2
427,76,3,2
427,77,3,2
427,78,3,2
427,79,3,2
427,80,3,2
427,81,3,2
427,82,3,2
427,83,3,2
427,84,3,2
427,85,3,2
427,86,3,2
427,87,3,2
427,88,3,2
427,89,3,2
427,90,3,2
427,91,3,2
427,92,3,2
427,93,3,2
427,94,3,2
427,95,3,2
427,96,3,2
427,97,3,2
427,98,3,2
427,99,3,2
427,100,3,2
427,101,3,2
427,102,3,2
427,103,3,2
427,104,3,2
427,105,3,2
427,106,3,2
427,107,3,2
427,108,3,2
427,109,3,2
427,110,3,2
427,111,3,2
427,112,3,2
427,113,3,2
427,114,3,2
427,115,3,2
427,116,3,2
427,117,3,2
427,118,3,2
427,119,3,2
427,120,3,2
427,121,3,2
427,122,3,2
427,123,3,2
427,124,3,2
427,125,3,2
427,126,3,2
427,127,3,2
427,128,3,2
427,129,3,2
427,130,3,2
427,131,3,2
427,132,3,2
427,133,3,2
427,134,3,2
427,135,3,2
427,136,3,2
427,137,3,2
427,138,3,2
427,139,3,2
427,140,3,2
427,141,3,2
427,142,3,2
427,143,3,2
427,144,3,2
427,145,3,2
427,146,3,2
427,147,3,2
427,148,3,2
427,149,3,2
427,150,3,2
427,151,3,2
427,152,3,2
427,153,3,2
427,154,3,2
427,155,3,2
427,156,3,2
427,157,3,2
427,158,3,2
427,159,3,2
427,160,3,2
427,161,3,2
427,162,3,2
427,163,3,2
427,164,3,2
427,165,3,2
427,166,3,2
427,167,3,2
427,168,3,2
427,169,3,2
427,170,3,2
427,171,3,2
427,172,3,2
427,173,3,2
427,174,3,2
427,175,3,2
427,176,3,2
427,177,3,2
427,178,3,2
427,179,3,2
427,180,3,2
427,181,3,2
427,182,3,2
427,183,3,2
427,184,3,2
427,185,3,2
427,186,3,2
427,187,3,2
427,188,3,2
427,189,3,2
427,190,3,2
427,191,3,2
427,192,3,2
427,193,3,2
427,194,3,2
427,195,3,2
427,196,3,2
427,197,3,2
427,198,3,2
427,199,3,2
427,200,3,2
427,201,3,2
427,202,3,2
427,203,3,2
427,204,3,2
427,205,3,2
427,206,3,2
427,207,3,2
427,208,3,2
427,209,3,2
427,210,3,2
427,211,3,2
427,212,3,2
427,213,3,2
427,214,3,2
427,215,3,2
427,216,3,2
427,217,3,2
427,218,3,2
427,219,3,2
427,220,3,2
427,221,3,2
427,222,3,2
427,223,3,2
427,224,3,2
427,225,3,2
427,226,3,2
427,227,3,2
427,228,3,2
427,229,3,2
427,230,3,2
427,231,3,2
427,232,3,2
427,233,3,2
427,234,3,2
427,235,3,2
427,236,3,2
427,237,3,2
427,238,3,2
427,239,3,2
427,240,3,2
427,241,3,2
427,242,3,2
427,243,3,2
427,244,3,2
427,245,3,2
427,246,3,2
427,247,3,2
427,248,3,2
427,249,3,2
427,250,3,2
427,251,3,2
427,252,3,2
427,253,3,2
427,254,3,2
427,255,3,2
427,256,3,2
427,257,3,2
427,258,3,2
427,259,3,2
427,260,3,2
427,261,3,2
427,262,3,2
427,263,3,2
427,264,3,2
427,265,3,2
427,266,3,2
427,267,3,2
427,268,3,2
427,269,3,2
427,270,3,2
427,271,3,2
427,272,3,2
427,273,3,2
427,274,3,2
427,275,3,2
427,276,3,2
427,277,3,2
427,278,3,2
427,279,3,2
427,280,3,2
427,281,3,2
427,282,3,2
427,283,3,2
427,284,3,2
427,285,3,2
427,286,3,2
427,287,3,2
427,288,3,2
427,289,3,2
427,290,3,2
427,291,3,2
427,292,3,2
427,293,3,2
427,294,3,2
427,295,3,2
427,296,3,2
427,297,3,2
427,298,3,2
427,299,3,2
427,300,3,2
427,301,3,2
427,302,3,2
427,303,3,2
427,304,3,2
427,305,3,2
427,306,3,2
427,307,3,2
427,308,3,2
427,309,3,2
427,310,3,2
427,311,3,2
427,312,3,2
427,313,3,2
427,314,3,2
427,315,3,2
427,316,3,2
427,317,3,2
427,318,3,2
427,319,3,2
427,320,3,2
427,321,3,2
427,322,3,2
427,323,3,2
427,324,3,2
427,325,3,2
427,326,3,2
427,327,3,2
427,328,3,2
427,329,3,2
427,330,3,2
427,331,3,2
427,332,3,2
427,333,3,2
427,334,3,2
427,335,3,2
427,336,3,2
427,337,3,2
427,338,3,2
427,339,3,2
427,340,3,2
427,341,3,2
427,342,3,2
427,343,3,2
427,344,3,2
427,345,3,2
427,346,3,2
427,347,3,2
427,348,3,2
427,349,3,2
427,350,3,2
427,351,3,2
427,352,3,2
427,353,3,2
427,354,3,2
427,355,3,2
427,356,3,2
427,357,3,2
427,358,3,2
427,359,3,2
427,360,3,2
427,361,3,2
427,362,3,2
427,363,3,2
427,364,3,2
427,365,3,2
427,366,3,2
427,367,3,2
427,368,3,2
427,369,3,2
427,370,3,2
427,371,3,2
427,372,3,2
427,373,3,2
427,374,3,2
427,375,3,2
427,376,3,2
427,377,3,2
427,378,3,2
427,379,3,2
427,380,3,2
427,381,3,2
427,382,3,2
427,383,3,2
427,384,3,2
427,385,3,2
427,386,3,2
427,387,3,2
427,388,3,2
427,389,3,2
427,390,3,2
427,391,3,2
427,392,3,2
427,393,3,2
427,394,3,2
427,395,3,2
427,396,3,2
427,397,3,2
427,398,3,2
427,399,3,2
427,400,3,2
427,401,3,2
427,402,3,2
427,403,3,2
427,404,3,2
427,405,3,2
427,406,3,2
427,407,3,2
427,408,3,2
427,409,3,2
427,410,3,3
427,411,3,3
427,412,3,3
427,413,3,3
427,414,3,3
427,415,3,3
427,416,3,3
427,417,3,3
427,418,3,3
427,419,3,3
427,420,3,3
427,421,3,3
427,422,3,3
427,423,3,3
427,424,3,3
427,425,3,3
427,426,3,3
427,427,3,3
427,428,3,3
427,429,3,3
427,430,3,3
427,431,3,3
427,432,3,3
427,433,3,3
427,434,3,3
427,435,3,3
427,436,3,3
427,437,3,3
427,438,3,3
427,439,3,3
427,440,3,3
427,441,3,3
427,442,3,3
427,443,3,3
427,444,3,3
427,445,3,3
427,446,3,3
427,447,3,3
427,448,3,3
427,449,3,3
427,450,3,3
427,451,3,3
427,452,3,3
427,453,3,3
427,454,3,3
427,455,3,2
427,456,3,2
427,457,3,2
427,458,3,2
427,459,3,2
427,460,3,2
427,461,3,2
427,462,3,2
427,463,3,2
427,464,3,2
427,465,3,2
427,466,3,2
427,467,3,2
427,468,3,2
427,469,3,2
427,470,3,2
427,471,3,2
427,472,3,2
427,473,3,2
427,474,3,2
427,475,3,2
427,476,3,2
427,477,3,2
427,478,3,2
427,479,3,3
427,480,3,3
427,481,3,3
427,482,3,3
427,483,3,3
427,484,3,3
427,485,3,3
427,486,3,3
427,487,3,3
427,488,3,3
427,489,3,3
427,490,3,3
427,491,3,3
427,492,3,3
427,493,3,3
427,494,3,3
427,495,3,3
427,496,3,3
427,497,3,3
427,498,3,3
427,499,3,2
427,500,3,2
427,501,3,2
427,502,3,2
427,503,3,2
427,504,3,2
427,505,3,2
427,506,3,2
427,507,3,2
427,508,3,2
427,509,3,2
427,510,3,2
427,511,3,2
427,512,3,2
427,513,3,2
427,514,3,2
427,515,3,2
427,516,3,2
427,517,3,2
427,518,3,2
427,519,3,2
427,520,3,2
427,521,3,2
427,522,3,2
427,523,3,2
427,524,3,2
427,525,3,2
427,526,3,2
427,527,3,2
427,528,3,2
427,529,3,3
427,530,3,3
427,531,3,3
427,532,3,2
427,533,3,2
427,534,3,2
427,535,3,2
427,536,3,3
427,537,3,3
427,538,3,3
427,539,3,3
427,540,3,3
427,541,3,3
427,542,3,3
427,543,3,3
427,544,3,3
427,545,3,2
427,546,3,2
427,547,3,2
427,548,3,2
427,549,3,2
427,550,3,2
427,551,3,2
427,552,3,2
427,553,3,2
427,554,3,2
427,555,3,2
427,556,3,2
427,557,3,2
427,558,3,2
427,559,3,2
427,560,3,2
427,561,3,2
427,562,3,2
427,563,3,2
427,564,3,2
427,565,3,2
427,566,3,2
427,567,3,2
427,568,3,2
427,569,3,2
427,570,3,2
427,571,3,2
427,572,3,2
427,573,3,2
427,574,3,2
427,575,3,2
427,576,3,2
427,577,3,2
427,578,3,2
427,579,3,2
427,580,3,2
427,581,3,2
427,582,3,2
427,583,3,2
427,584,3,2
427,585,3,2
427,586,3,2
427,587,3,2
427,588,3,2
427,589,3,2
427,590,3,2
427,591,3,2
427,592,3,2
427,593,3,2
427,594,3,2
427,595,3,2
427,596,3,2
427,597,3,2
427,598,3,2
427,599,3,2
427,600,3,2
427,601,3,2
427,602,3,2
427,603,3,2
427,604,3,2
427,605,3,2
427,606,3,2
427,607,3,2
427,608,3,2
427,609,3,2
427,610,3,2
427,611,3,2
427,612,3,2
427,613,3,2
427,614,3,2
427,615,3,2
427,616,3,2
427,617,3,2
427,618,3,2
427,619,3,2
427,620,3,2
427,621,3,2
427,622,3,2
427,623,3,2
427,624,3,2
427,625,3,2
427,626,3,2
427,627,3,2
427,628,3,2
427,629,3,2
427,630,3,2
427,631,3,2
427,632,3,2
427,633,3,2
427,634,3,2
427,635,3,2
427,636,3,2
427,637,3,2
427,638,3,2
427,639,3,2
427,640,3,2
427,641,3,2
427,642,3,2
427,643,3,2
427,644,3,2
427,645,3,2
427,646,3,2
427,647,3,2
427,648,3,2
427,649,3,2
427,650,3,2
427,651,3,2
427,652,3,2
427,653,3,2
427,654,3,2
427,655,3,2
427,656,3,2
427,657,3,2
427,658,3,2
427,659,3,2
427,660,3,2
427,661,3,2
427,662,3,2
427,663,3,2
427,664,3,2
427,665,3,2
427,666,3,2
427,667,3,2
427,668,3,2
427,669,3,2
427,670,3,2
427,671,3,2
428,67,3,2
428,68,3,2
428,69,3,2
428,70,3,2
428,71,3,2
428,72,3,2
428,73,3,2
428,74,3,2
428,75,3,2
428,76,3,2
428,77,3,2
428,78,3,2
428,79,3,2
428,80,3,2
428,81,3,2
428,82,3,2
428,83,3,2
428,84,3,2
428,85,3,2
428,86,3,2
428,87,3,2
428,88,3,2
428,89,3,2
428,90,3,2
428,91,3,2
428,92,3,2
428,93,3,2
428,94,3,2
428,95,3,2
428,96,3,2
428,97,3,2
428,98,3,2
428,99,3,2
428,100,3,2
428,101,3,2
428,102,3,2
428,103,3,2
428,104,3,2
428,105,3,2
428,106,3,2
428,107,3,2
428,108,3,2
428,109,3,2
428,110,3,2
428,111,3,2
428,112,3,2
428,113,3,2
428,114,3,2
428,115,3,2
428,116,3,2
428,117,3,2
428,118,3,2
428,119,3,2
428,120,3,2
428,121,3,2
428,122,3,2
428,123,3,2
428,124,3,2
428,125,3,2
428,126,3,2
428,127,3,2
428,128,3,2
428,129,3,2
428,130,3,2
428,131,3,2
428,132,3,2
428,133,3,2
428,134,3,2
428,135,3,2
428,136,3,2
428,137,3,2
428,138,3,2
428,139,3,2
428,140,3,2
428,141,3,2
428,142,3,2
428,143,3,2
428,144,3,2
428,145,3,2
428,146,3,2
428,147,3,2
428,148,3,2
428,149,3,2
428,150,3,2
428,151,3,2
428,152,3,2
428,153,3,2
428,154,3,2
428,155,3,2
428,156,3,2
428,157,3,2
428,158,3,2
428,159,3,2
428,160,3,2
428,161,3,2
428,162,3,2
428,163,3,2
428,164,3,2
428,165,3,2
428,166,3,2
428,167,3,2
428,168,3,2
428,169,3,2
428,170,3,2
428,171,3,2
428,172,3,2
428,173,3,2
428,174,3,2
428,175,3,2
428,176,3,2
428,177,3,2
428,178,3,2
428,179,3,2
428,180,3,2
428,181,3,2
428,182,3,2
428,183,3,2
428,184,3,2
428,185,3,2
428,186,3,2
428,187,3,2
428,188,3,2
428,189,3,2
428,190,3,2
428,191,3,2
428,192,3,2
428,193,3,2
428,194,3,2
428,195,3,2
428,196,3,2
428,197,3,2
428,198,3,2
428,199,3,2
428,200,3,2
428,201,3,2
428,202,3,2
428,203,3,2
428,204,3,2
428,205,3,2
428,206,3,2
428,207,3,2
428,208,3,2
428,209,3,2
428,210,3,2
428,211,3,2
428,212,3,2
428,213,3,2
428,214,3,2
428,215,3,2
428,216,3,2
428,217,3,2
428,218,3,2
428,219,3,2
428,220,3,2
428,221,3,2
428,222,3,2
428,223,3,2
428,224,3,2
428,225,3,2
428,226,3,2
428,227,3,2
428,228,3,2
428,229,3,2
428,230,3,2
428,231,3,2
428,232,3,2
428,233,3,2
428,234,3,2
428,235,3,2
428,236,3,2
428,237,3,2
428,238,3,2
428,239,3,2
428,240,3,2
428,241,3,2
428,242,3,2
428,243,3,2
428,244,3,2
428,245,3,2
428,246,3,2
428,247,3,2
428,248,3,2
428,249,3,2
428,250,3,2
428,251,3,2
428,252,3,2
428,253,3,2
428,254,3,2
428,255,3,2
428,256,3,2
428,257,3,2
428,258,3,2
428,259,3,2
428,260,3,2
428,261,3,2
428,262,3,2
428,263,3,2
428,264,3,2
428,265,3,2
428,266,3,2
428,267,3,2
428,268,3,2
428,269,3,2
428,270,3,2
428,271,3,2
428,272,3,2
428,273,3,2
428,274,3,2
428,275,3,2
428,276,3,2
428,277,3,2
428,278,3,2
428,279,3,2
428,280,3,2
428,281,3,2
428,282,3,2
428,283,3,2
428,284,3,2
428,285,3,2
428,286,3,2
428,287,3,2
428,288,3,2
428,289,3,2
428,290,3,2
428,291,3,2
428,292,3,2
428,293,3,2
428,294,3,2
428,295,3,2
428,296,3,2
428,297,3,2
428,298,3,2
428,299,3,2
428,300,3,2
428,301,3,2
428,302,3,2
428,303,3,2
428,304,3,2
428,305,3,2
428,306,3,2
428,307,3,2
428,308,3,2
428,309,3,2
428,310,3,2
428,311,3,2
428,312,3,2
428,313,3,2
428,314,3,2
428,315,3,2
428,316,3,2
428,317,3,2
428,318,3,2
428,319,3,2
428,320,3,2
428,321,3,2
428,322,3,2
428,323,3,2
428,324,3,2
428,325,3,2
428,326,3,2
428,327,3,2
428,328,3,2
428,329,3,2
428,330,3,2
428,331,3,2
428,332,3,2
428,333,3,2
428,334,3,2
428,335,3,2
428,336,3,2
428,337,3,2
428,338,3,2
428,339,3,2
428,340,3,2
428,341,3,2
428,342,3,2
428,343,3,2
428,344,3,2
428,345,3,2
428,346,3,2
428,347,3,2
428,348,3,2
428,349,3,2
428,350,3,2
428,351,3,2
428,352,3,2
428,353,3,2
428,354,3,2
428,355,3,2
428,356,3,2
428,357,3,2
428,358,3,2
428,359,3,2
428,360,3,2
428,361,3,2
428,362,3,2
428,363,3,2
428,364,3,2
428,365,3,2
428,366,3,2
428,367,3,2
428,368,3,2
428,369,3,2
428,370,3,2
428,371,3,2
428,372,3,2
428,373,3,2
428,374,3,2
428,375,3,2
428,376,3,2
428,377,3,2
428,378,3,2
428,379,3,2
428,380,3,2
428,381,3,2
428,382,3,2
428,383,3,2
428,384,3,2
428,385,3,2
428,386,3,2
428,387,3,2
428,388,3,2
428,389,3,2
428,390,3,2
428,391,3,2
428,392,3,2
428,393,3,2
428,394,3,2
428,395,3,2
428,396,3,2
428,397,3,2
428,398,3,2
428,399,3,2
428,400,3,2
428,401,3,2
428,402,3,2
428,403,3,2
428,404,3,2
428,405,3,2
428,406,3,2
428,407,3,2
428,408,3,2
428,409,3,3
428,410,3,3
428,411,3,3
428,412,3,3
428,413,3,3
428,414,3,3
428,415,3,3
428,416,3,3
428,417,3,3
428,418,3,3
428,419,3,3
428,420,3,3
428,421,3,3
428,422,3,3
428,423,3,3
428,424,3,3
428,425,3,3
428,426,3,3
428,427,3,3
428,428,3,3
428,429,3,3
428,430,3,3
428,431,3,3
428,432,3,3
428,433,3,3
428,434,3,3
428,435,3,3
428,436,3,3
428,437,3,3
428,438,3,3
428,439,3,3
428,440,3,3
428,441,3,3
428,442,3,3
428,443,3,3
428,444,3,3
428,445,3,3
428,446,3,3
428,447,3,3
428,448,3,3
428,449,3,3
428,450,3,3
428,451,3,3
428,452,3,3
428,453,3,3
428,454,3,3
428,455,3,2
428,456,3,2
428,457,3,2
428,458,3,2
428,459,3,2
428,460,3,2
428,461,3,2
428,462,3,2
428,463,3,2
428,464,3,2
428,465,3,2
428,466,3,2
428,467,3,2
428,468,3,2
428,469,3,2
428,470,3,2
428,471,3,2
428,472,3,2
428,473,3,2
428,474,3,2
428,475,3,2
428,476,3,2
428,477,3,2
428,478,3,2
428,479,3,2
428,480,3,3
428,481,3,3
428,482,3,3
428,483,3,3
428,484,3,3
428,485,3,3
428,486,3,3
428,487,3,3
428,488,3,3
428,489,3,3
428,490,3,3
428,491,3,3
428,492,3,3
428,493,3,3
428,494,3,3
428,495,3,3
428,496,3,3
428,497,3,2
428,498,3,2
428,499,3,2
428,500,3,2
428,501,3,2
428,502,3,2
428,503,3,2
428,504,3,2
428,505,3,2
428,506,3,2
428,507,3,2
428,508,3,2
428,509,3,2
428,510,3,2
428,511,3,2
428,512,3,2
428,513,3,2
428,514,3,2
428,515,3,2
428,516,3,2
428,517,3,2
428,518,3,2
428,519,3,2
428,520,3,2
428,521,3,2
428,522,3,2
428,523,3,2
428,524,3,2
428,525,3,2
428,526,3,2
428,527,3,2
428,528,3,2
428,529,3,2
428,530,3,2
428,531,3,2
428,532,3,2
428,533,3,2
428,534,3,2
428,535,3,2
428,536,3,2
428,537,3,3
428,538,3,3
428,539,3,3
428,540,3,3
428,541,3,3
428,542,3,3
428,543,3,3
428,544,3,2
428,545,3,2
428,546,3,2
428,547,3,2
428,548,3,2
428,549,3,2
428,550,3,2
428,551,3,2
428,552,3,2
428,553,3,2
428,554,3,2
428,555,3,2
428,556,3,2
428,557,3,2
428,558,3,2
428,559,3,2
428,560,3,2
428,561,3,2
428,562,3,2
428,563,3,2
428,564,3,2
428,565,3,2
428,566,3,2
428,567,3,2
428,568,3,2
428,569,3,2
428,570,3,2
428,571,3,2
428,572,3,2
428,573,3,2
428,574,3,2
428,575,3,2
428,576,3,2
428,577,3,2
428,578,3,2
428,579,3,2
428,580,3,2
428,581,3,2
428,582,3,2
428,583,3,2
428,584,3,2
428,585,3,2
428,586,3,2
428,587,3,2
428,588,3,2
428,589,3,2
428,590,3,2
428,591,3,2
428,592,3,2
428,593,3,2
428,594,3,2
428,595,3,2
428,596,3,2
428,597,3,2
428,598,3,2
428,599,3,2
428,600,3,2
428,601,3,2
428,602,3,2
428,603,3,2
428,604,3,2
428,605,3,2
428,606,3,2
428,607,3,2
428,608,3,2
428,609,3,2
428,610,3,2
428,611,3,2
428,612,3,2
428,613,3,2
428,614,3,2
428,615,3,2
428,616,3,2
428,617,3,2
428,618,3,2
428,619,3,2
428,620,3,2
428,621,3,2
428,622,3,2
428,623,3,2
428,624,3,2
428,625,3,2
428,626,3,2
428,627,3,2
428,628,3,2
428,629,3,2
428,630,3,2
428,631,3,2
428,632,3,2
428,633,3,2
428,634,3,2
428,635,3,2
428,636,3,2
428,637,3,2
428,638,3,2
428,639,3,2
428,640,3,2
428,641,3,2
428,642,3,2
428,643,3,2
428,644,3,2
428,645,3,2
428,646,3,2
428,647,3,2
428,648,3,2
428,649,3,2
428,650,3,2
428,651,3,2
428,652,3,2
428,653,3,2
428,654,3,2
428,655,3,2
428,656,3,2
428,657,3,2
428,658,3,2
428,659,3,2
428,660,3,2
428,661,3,2
428,662,3,2
428,663,3,2
428,664,3,2
428,665,3,2
428,666,3,2
428,667,3,2
428,668,3,2
428,669,3,2
428,670,3,2
428,671,3,2
429,66,3,2
429,67,3,2
429,68,3,2
429,69,3,2
429,70,3,2
429,71,3,2
429,72,3,2
429,73,3,2
429,74,3,2
429,75,3,2
429,76,3,2
429,77,3,2
429,78,3,2
429,79,3,2
429,80,3,2
429,81,3,2
429,82,3,2
429,83,3,2
429,84,3,2
429,85,3,2
429,86,3,2
429,87,3,2
429,88,3,2
429,89,3,2
429,90,3,2
429,91,3,2
429,92,3,2
429,93,3,2
429,94,3,2
429,95,3,2
429,96,3,2
429,97,3,2
429,98,3,2
429,99,3,2
429,100,3,2
429,101,3,2
429,102,3,2
429,103,3,2
429,104,3,2
429,105,3,2
429,106,3,2
429,107,3,2
429,108,3,2
429,109,3,2
429,110,3,2
429,111,3,2
429,112,3,2
429,113,3,2
429,114,3,2
429,115,3,2
429,116,3,2
429,117,3,2
429,118,3,2
429,119,3,2
429,120,3,2
429,121,3,2
429,122,3,2
429,123,3,2
429,124,3,2
429,125,3,2
429,126,3,2
429,127,3,2
429,128,3,2
429,129,3,2
429,130,3,2
429,131,3,2
429,132,3,2
429,133,3,2
429,134,3,2
429,135,3,2
429,136,3,2
429,137,3,2
429,138,3,2
429,139,3,2
429,140,3,2
429,141,3,2
429,142,3,2
429,143,3,2
429,144,3,2
429,145,3,2
429,146,3,2
429,147,3,2
429,148,3,2
429,149,3,2
429,150,3,2
429,151,3,2
429,152,3,2
429,153,3,2
429,154,3,2
429,155,3,2
429,156,3,2
429,157,3,2
429,158,3,2
429,159,3,2
429,160,3,2
429,161,3,2
429,162,3,2
429,163,3,2
429,164,3,2
429,165,3,2
429,166,3,2
429,167,3,2
429,168,3,2
429,169,3,2
429,170,3,2
429,171,3,2
429,172,3,2
429,173,3,2
429,174,3,2
429,175,3,2
429,176,3,2
429,177,3,2
429,178,3,2
429,179,3,2
429,180,3,2
429,181,3,2
429,182,3,2
429,183,3,2
429,184,3,2
429,185,3,2
429,186,3,2
429,187,3,2
429,188,3,2
429,189,3,2
429,190,3,2
429,191,3,2
429,192,3,2
429,193,3,2
429,194,3,2
429,195,3,2
429,196,3,2
429,197,3,2
429,198,3,2
429,199,3,2
429,200,3,2
429,201,3,2
429,202,3,2
429,203,3,2
429,204,3,2
429,205,3,2
429,206,3,2
429,207,3,2
429,208,3,2
429,209,3,2
429,210,3,2
429,211,3,2
429,212,3,2
429,213,3,2
429,214,3,2
429,215,3,2
429,216,3,2
429,217,3,2
429,218,3,2
429,219,3,2
429,220,3,2
429,221,3,2
429,222,3,2
429,223,3,2
429,224,3,2
429,225,3,2
429,226,3,2
429,227,3,2
429,228,3,2
429,229,3,2
429,230,3,2
429,231,3,2
429,232,3,2
429,233,3,2
429,234,3,2
429,235,3,2
429,236,3,2
429,237,3,2
429,238,3,2
429,239,3,2
429,240,3,2
429,241,3,2
429,242,3,2
429,243,3,2
429,244,3,2
429,245,3,2
429,246,3,2
429,247,3,2
429,248,3,2
429,249,3,2
429,250,3,2
429,251,3,2
429,252,3,2
429,253,3,2
429,254,3,2
429,255,3,2
429,256,3,2
429,257,3,2
429,258,3,2
429,259,3,2
429,260,3,2
429,261,3,2
429,262,3,2
429,263,3,2
429,264,3,2
429,265,3,2
429,266,3,2
429,267,3,2
429,268,3,2
429,269,3,2
429,270,3,2
429,271,3,2
429,272,3,2
429,273,3,2
429,274,3,2
429,275,3,2
429,276,3,2
429,277,3,2
429,278,3,2
429,279,3,2
429,280,3,2
429,281,3,2
429,282,3,2
429,283,3,2
429,284,3,2
429,285,3,2
429,286,3,2
429,287,3,2
429,288,3,2
429,289,3,2
429,290,3,2
429,291,3,2
429,292,3,2
429,293,3,2
429,294,3,2
429,295,3,2
429,296,3,2
429,297,3,2
429,298,3,2
429,299,3,2
429,300,3,2
429,301,3,2
429,302,3,2
429,303,3,2
429,304,3,2
429,305,3,2
429,306,3,2
429,307,3,2
429,308,3,2
429,309,3,2
429,310,3,2
429,311,3,2
429,312,3,2
429,313,3,2
429,314,3,2
429,315,3,2
429,316,3,2
429,317,3,2
429,318,3,2
429,319,3,2
429,320,3,2
429,321,3,2
429,322,3,2
429,323,3,2
429,324,3,2
429,325,3,2
429,326,3,2
429,327,3,2
429,328,3,2
429,329,3,2
429,330,3,2
429,331,3,2
429,332,3,2
429,333,3,2
429,334,3,2
429,335,3,2
429,336,3,2
429,337,3,2
429,338,3,2
429,339,3,2
429,340,3,2
429,341,3,2
429,342,3,2
429,343,3,2
429,344,3,2
429,345,3,2
429,346,3,2
429,347,3,2
429,348,3,2
429,349,3,2
429,350,3,2
429,351,3,2
429,352,3,2
429,353,3,2
429,354,3,2
429,355,3,2
429,356,3,2
429,357,3,2
429,358,3,2
429,359,3,2
429,360,3,2
429,361,3,2
429,362,3,2
429,363,3,2
429,364,3,2
429,365,3,2
429,366,3,2
429,367,3,2
429,368,3,2
429,369,3,2
429,370,3,2
429,371,3,2
429,372,3,2
429,373,3,2
429,374,3,2
429,375,3,2
429,376,3,2
429,377,3,2
429,378,3,2
429,379,3,2
429,380,3,2
429,381,3,2
429,382,3,2
429,383,3,2
429,384,3,2
429,385,3,2
429,386,3,2
429,387,3,2
429,388,3,2
429,389,3,2
429,390,3,2
429,391,3,2
429,392,3,2
429,393,3,2
429,394,3,2
429,395,3,2
429,396,3,2
429,397,3,2
429,398,3,2
429,399,3,2
429,400,3,2
429,401,3,2
429,402,3,2
429,403,3,2
429,404,3,2
429,405,3,2
429,406,3,2
429,407,3,2
429,408,3,2
429,409,3,3
429,410,3,3
429,411,3,3
429,412,3,3
429,413,3,3
429,414,3,3
429,415,3,3
429,416,3,3
429,417,3,3
429,418,3,3
429,419,3,3
429,420,3,3
429,421,3,3
429,422,3,3
429,423,3,3
429,424,3,3
429,425,3,3
429,426,3,3
429,427,3,3
429,428,3,3
429,429,3,3
429,430,3,3
429,431,3,3
429,432,3,3
429,433,3,3
429,434,3,3
429,435,3,3
429,436,3,3
429,437,3,3
429,438,3,3
429,439,3,3
429,440,3,3
429,441,3,3
429,442,3,3
429,443,3,3
429,444,3,3
429,445,3,3
429,446,3,3
429,447,3,3
429,448,3,3
429,449,3,3
429,450,3,3
429,451,3,3
429,452,3,3
429,453,3,3
429,454,3,3
429,455,3,2
429,456,3,2
429,457,3,2
429,458,3,2
429,459,3,2
429,460,3,2
429,461,3,2
429,462,3,2
429,463,3,2
429,464,3,2
429,465,3,2
429,466,3,2
429,467,3,2
429,468,3,2
429,469,3,2
429,470,3,2
429,471,3,2
429,472,3,2
429,473,3,2
429,474,3,2
429,475,3,2
429,476,3,2
429,477,3,2
429,478,3,2
429,479,3,2
429,480,3,2
429,481,3,3
429,482,3,3
429,483,3,3
429,484,3,3
429,485,3,3
429,486,3,3
429,487,3,3
429,488,3,3
429,489,3,3
429,490,3,3
429,491,3,3
429,492,3,3
429,493,3,3
429,494,3,3
429,495,3,3
429,496,3,2
429,497,3,2
429,498,3,2
429,499,3,2
429,500,3,2
429,501,3,2
429,502,3,2
429,503,3,2
429,504,3,2
429,505,3,2
429,506,3,2
429,507,3,2
429,508,3,2
429,509,3,2
429,510,3,2
429,511,3,2
429,512,3,2
429,513,3,2
429,514,3,2
429,515,3,2
429,516,3,2
429,517,3,2
429,518,3,2
429,519,3,2
429,520,3,2
429,521,3,2
429,522,3,2
429,523,3,2
429,524,3,2
429,525,3,2
429,526,3,2
429,527,3,2
429,528,3,2
429,529,3,2
429,530,3,2
429,531,3,2
429,532,3,2
429,533,3,2
429,534,3,2
429,535,3,2
429,536,3,2
429,537,3,2
429,538,3,2
429,539,3,3
429,540,3,3
429,541,3,3
429,542,3,2
429,543,3,2
429,544,3,2
429,545,3,2
429,546,3,2
429,547,3,2
429,548,3,2
429,549,3,2
429,550,3,2
429,551,3,2
429,552,3,2
429,553,3,2
429,554,3,2
429,555,3,2
429,556,3,2
429,557,3,2
429,558,3,2
429,559,3,2
429,560,3,2
429,561,3,2
429,562,3,2
429,563,3,2
429,564,3,2
429,565,3,2
429,566,3,2
429,567,3,2
429,568,3,2
429,569,3,2
429,570,3,2
429,571,3,2
429,572,3,2
429,573,3,2
429,574,3,2
429,575,3,2
429,576,3,2
429,577,3,2
429,578,3,2
429,579,3,2
429,580,3,2
429,581,3,2
429,582,3,2
429,583,3,2
429,584,3,2
429,585,3,2
429,586,3,2
429,587,3,2
429,588,3,2
429,589,3,2
429,590,3,2
429,591,3,2
429,592,3,2
429,593,3,2
429,594,3,2
429,595,3,2
429,596,3,2
429,597,3,2
429,598,3,2
429,599,3,2
429,600,3,2
429,601,3,2
429,602,3,2
429,603,3,2
429,604,3,2
429,605,3,2
429,606,3,2
429,607,3,2
429,608,3,2
429,609,3,2
429,610,3,2
429,611,3,2
429,612,3,2
429,613,3,2
429,614,3,2
429,615,3,2
429,616,3,2
429,617,3,2
429,618,3,2
429,619,3,2
429,620,3,2
429,621,3,2
429,622,3,2
429,623,3,2
429,624,3,2
429,625,3,2
429,626,3,2
429,627,3,2
429,628,3,2
429,629,3,2
429,630,3,2
429,631,3,2
429,632,3,2
429,633,3,2
429,634,3,2
429,635,3,2
429,636,3,2
429,637,3,2
429,638,3,2
429,639,3,2
429,640,3,2
429,641,3,2
429,642,3,2
429,643,3,2
429,644,3,2
429,645,3,2
429,646,3,2
429,647,3,2
429,648,3,2
429,649,3,2
429,650,3,2
429,651,3,2
429,652,3,2
429,653,3,2
429,654,3,2
429,655,3,2
429,656,3,2
429,657,3,2
429,658,3,2
429,659,3,2
429,660,3,2
429,661,3,2
429,662,3,2
429,663,3,2
429,664,3,2
429,665,3,2
429,666,3,2
429,667,3,2
429,668,3,2
429,669,3,2
429,670,3,2
429,671,3,2
430,66,3,2
430,67,3,2
430,68,3,2
430,69,3,2
430,70,3,2
430,71,3,2
430,72,3,2
430,73,3,2
430,74,3,2
430,75,3,2
430,76,3,2
430,77,3,2
430,78,3,2
430,79,3,2
430,80,3,2
430,81,3,2
430,82,3,2
430,83,3,2
430,84,3,2
430,85,3,2
430,86,3,2
430,87,3,2
430,88,3,2
430,89,3,2
430,90,3,2
430,91,3,2
430,92,3,2
430,93,3,2
430,94,3,2
430,95,3,2
430,96,3,2
430,97,3,2
430,98,3,2
430,99,3,2
430,100,3,2
430,101,3,2
430,102,3,2
430,103,3,2
430,104,3,2
430,105,3,2
430,106,3,2
430,107,3,2
430,108,3,2
430,109,3,2
430,110,3,2
430,111,3,2
430,112,3,2
430,113,3,2
430,114,3,2
430,115,3,2
430,116,3,2
430,117,3,2
430,118,3,2
430,119,3,2
430,120,3,2
430,121,3,2
430,122,3,2
430,123,3,2
430,124,3,2
430,125,3,2
430,126,3,2
430,127,3,2
430,128,3,2
430,129,3,2
430,130,3,2
430,131,3,2
430,132,3,2
430,133,3,2
430,134,3,2
430,135,3,2
430,136,3,2
430,137,3,2
430,138,3,2
430,139,3,2
430,140,3,2
430,141,3,2
430,142,3,2
430,143,3,2
430,144,3,2
430,145,3,2
430,146,3,2
430,147,3,2
430,148,3,2
430,149,3,2
430,150,3,2
430,151,3,2
430,152,3,2
430,153,3,2
430,154,3,2
430,155,3,2
430,156,3,2
430,157,3,2
430,158,3,2
430,159,3,2
430,160,3,2
430,161,3,2
430,162,3,2
430,163,3,2
430,164,3,2
430,165,3,2
430,166,3,2
430,167,3,2
430,168,3,2
430,169,3,2
430,170,3,2
430,171,3,2
430,172,3,2
430,173,3,2
430,174,3,2
430,175,3,2
430,176,3,2
430,177,3,2
430,178,3,2
430,179,3,2
430,180,3,2
430,181,3,2
430,182,3,2
430,183,3,2
430,184,3,2
430,185,3,2
430,186,3,2
430,187,3,2
430,188,3,2
430,189,3,2
430,190,3,2
430,191,3,2
430,192,3,2
430,193,3,2
430,194,3,2
430,195,3,2
430,196,3,2
430,197,3,2
430,198,3,2
430,199,3,2
430,200,3,2
430,201,3,2
430,202,3,2
430,203,3,2
430,204,3,2
430,205,3,2
430,206,3,2
430,207,3,2
430,208,3,2
430,209,3,2
430,210,3,2
430,211,3,2
430,212,3,2
430,213,3,2
430,214,3,2
430,215,3,2
430,216,3,2
430,217,3,2
430,218,3,2
430,219,3,2
430,220,3,2
430,221,3,2
430,222,3,2
430,223,3,2
430,224,3,2
430,225,3,2
430,226,3,2
430,227,3,2
430,228,3,2
430,229,3,2
430,230,3,2
430,231,3,2
430,232,3,2
430,233,3,2
430,234,3,2
430,235,3,2
430,236,3,2
430,237,3,2
430,238,3,2
430,239,3,2
430,240,3,2
430,241,3,2
430,242,3,2
430,243,3,2
430,244,3,2
430,245,3,2
430,246,3,2
430,247,3,2
430,248,3,2
430,249,3,2
430,250,3,2
430,251,3,2
430,252,3,2
430,253,3,2
430,254,3,2
430,255,3,2
430,256,3,2
430,257,3,2
430,258,3,2
430,259,3,2
430,260,3,2
430,261,3,2
430,262,3,2
430,263,3,2
430,264,3,2
430,265,3,2
430,266,3,2
430,267,3,2
430,268,3,2
430,269,3,2
430,270,3,2
430,271,3,2
430,272,3,2
430,273,3,2
430,274,3,2
430,275,3,2
430,276,3,2
430,277,3,2
430,278,3,2
430,279,3,2
430,280,3,2
430,281,3,2
430,282,3,2
430,283,3,2
430,284,3,2
430,285,3,2
430,286,3,2
430,287,3,2
430,288,3,2
430,289,3,2
430,290,3,2
430,291,3,2
430,292,3,2
430,293,3,2
430,294,3,2
430,295,3,2
430,296,3,2
430,297,3,2
430,298,3,2
430,299,3,2
430,300,3,2
430,301,3,2
430,302,3,2
430,303,3,2
430,304,3,2
430,305,3,2
430,306,3,2
430,307,3,2
430,308,3,2
430,309,3,2
430,310,3,2
430,311,3,2
430,312,3,2
430,313,3,2
430,314,3,2
430,315,3,2
430,316,3,2
430,317,3,2
430,318,3,2
430,319,3,2
430,320,3,2
430,321,3,2
430,322,3,2
430,323,3,2
430,324,3,2
430,325,3,2
430,326,3,2
430,327,3,2
430,328,3,2
430,329,3,2
430,330,3,2
430,331,3,2
430,332,3,2
430,333,3,2
430,334,3,2
430,335,3,2
430,336,3,2
430,337,3,2
430,338,3,2
430,339,3,2
430,340,3,2
430,341,3,2
430,342,3,2
430,343,3,2
430,344,3,2
430,345,3,2
430,346,3,2
430,347,3,2
430,348,3,2
430,349,3,2
430,350,3,2
430,351,3,2
430,352,3,2
430,353,3,2
430,354,3,2
430,355,3,2
430,356,3,2
430,357,3,2
430,358,3,2
430,359,3,2
430,360,3,2
430,361,3,2
430,362,3,2
430,363,3,2
430,364,3,2
430,365,3,2
430,366,3,2
430,367,3,2
430,368,3,2
430,369,3,2
430,370,3,2
430,371,3,2
430,372,3,2
430,373,3,2
430,374,3,2
430,375,3,2
430,376,3,2
430,377,3,2
430,378,3,2
430,379,3,2
430,380,3,2
430,381,3,2
430,382,3,2
430,383,3,2
430,384,3,2
430,385,3,2
430,386,3,2
430,387,3,2
430,388,3,2
430,389,3,2
430,390,3,2
430,391,3,2
430,392,3,2
430,393,3,2
430,394,3,2
430,395,3,2
430,396,3,2
430,397,3,2
430,398,3,2
430,399,3,2
430,400,3,2
430,401,3,2
430,402,3,2
430,403,3,2
430,404,3,2
430,405,3,2
430,406,3,2
430,407,3,2
430,408,3,3
430,409,3,3
430,410,3,3
430,411,3,3
430,412,3,3
430,413,3,3
430,414,3,3
430,415,3,3
430,416,3,3
430,417,3,3
430,418,3,3
430,419,3,3
430,420,3,3
430,421,3,3
430,422,3,3
430,423,3,3
430,424,3,3
430,425,3,3
430,426,3,3
430,427,3,3
430,428,3,3
430,429,3,3
430,430,3,3
430,431,3,3
430,432,3,3
430,433,3,3
430,434,3,3
430,435,3,3
430,436,3,3
430,437,3,3
430,438,3,3
430,439,3,3
430,440,3,3
430,441,3,3
430,442,3,3
430,443,3,3
430,444,3,3
430,445,3,3
430,446,3,3
430,447,3,3
430,448,3,3
430,449,3,3
430,450,3,3
430,451,3,3
430,452,3,3
430,453,3,3
430,454,3,3
430,455,3,2
430,456,3,2
430,457,3,2
430,458,3,2
430,459,3,2
430,460,3,2
430,461,3,2
430,462,3,2
430,463,3,2
430,464,3,2
430,465,3,2
430,466,3,2
430,467,3,2
430,468,3,2
430,469,3,2
430,470,3,2
430,471,3,2
430,472,3,2
430,473,3,2
430,474,3,2
430,475,3,2
430,476,3,2
430,477,3,2
430,478,3,2
430,479,3,2
430,480,3,2
430,481,3,2
430,482,3,3
430,483,3,2
430,484,3,3
430,485,3,3
430,486,3,3
430,487,3,3
430,488,3,3
430,489,3,3
430,490,3,3
430,491,3,3
430,492,3,3
430,493,3,2
430,494,3,2
430,495,3,2
430,496,3,2
430,497,3,2
430,498,3,2
430,499,3,2
430,500,3,2
430,501,3,2
430,502,3,2
430,503,3,2
430,504,3,2
430,505,3,2
430,506,3,2
430,507,3,2
430,508,3,2
430,509,3,2
430,510,3,2
430,511,3,2
430,512,3,2
430,513,3,2
430,514,3,2
430,515,3,2
430,516,3,2
430,517,3,2
430,518,3,2
430,519,3,2
430,520,3,2
430,521,3,2
430,522,3,2
430,523,3,2
430,524,3,2
430,525,3,2
430,526,3,2
430,527,3,2
430,528,3,2
430,529,3,2
430,530,3,2
430,531,3,2
430,532,3,2
430,533,3,2
430,534,3,2
430,535,3,2
430,536,3,2
430,537,3,2
430,538,3,2
430,539,3,2
430,540,3,2
430,541,3,2
430,542,3,2
430,543,3,2
430,544,3,2
430,545,3,2
430,546,3,2
430,547,3,2
430,548,3,2
430,549,3,2
430,550,3,2
430,551,3,2
430,552,3,2
430,553,3,2
430,554,3,2
430,555,3,2
430,556,3,2
430,557,3,2
430,558,3,2
430,559,3,2
430,560,3,2
430,561,3,2
430,562,3,2
430,563,3,2
430,564,3,2
430,565,3,2
430,566,3,2
430,567,3,2
430,568,3,2
430,569,3,2
430,570,3,2
430,571,3,2
430,572,3,2
430,573,3,2
430,574,3,2
430,575,3,2
430,576,3,2
430,577,3,2
430,578,3,2
430,579,3,2
430,580,3,2
430,581,3,2
430,582,3,2
430,583,3,2
430,584,3,2
430,585,3,2
430,586,3,2
430,587,3,2
430,588,3,2
430,589,3,2
430,590,3,2
430,591,3,2
430,592,3,2
430,593,3,2
430,594,3,2
430,595,3,2
430,596,3,2
430,597,3,2
430,598,3,2
430,599,3,2
430,600,3,2
430,601,3,2
430,602,3,2
430,603,3,2
430,604,3,2
430,605,3,2
430,606,3,2
430,607,3,2
430,608,3,2
430,609,3,2
430,610,3,2
430,611,3,2
430,612,3,2
430,613,3,2
430,614,3,2
430,615,3,2
430,616,3,2
430,617,3,2
430,618,3,2
430,619,3,2
430,620,3,2
430,621,3,2
430,622,3,2
430,623,3,2
430,624,3,2
430,625,3,2
430,626,3,2
430,627,3,2
430,628,3,2
430,629,3,2
430,630,3,2
430,631,3,2
430,632,3,2
430,633,3,2
430,634,3,2
430,635,3,2
430,636,3,2
430,637,3,2
430,638,3,2
430,639,3,2
430,640,3,2
430,641,3,2
430,642,3,2
430,643,3,2
430,644,3,2
430,645,3,2
430,646,3,2
430,647,3,2
430,648,3,2
430,649,3,2
430,650,3,2
430,651,3,2
430,652,3,2
430,653,3,2
430,654,3,2
430,655,3,2
430,656,3,2
430,657,3,2
430,658,3,2
430,659,3,2
430,660,3,2
430,661,3,2
430,662,3,2
430,663,3,2
430,664,3,2
430,665,3,2
430,666,3,2
430,667,3,2
430,668,3,2
430,669,3,2
430,670,3,2
430,671,3,2
430,672,3,2
430,673,3,2
431,66,3,2
431,67,3,2
431,68,3,2
431,69,3,2
431,70,3,2
431,71,3,2
431,72,3,2
431,73,3,2
431,74,3,2
431,75,3,2
431,76,3,2
431,77,3,2
431,78,3,2
431,79,3,2
431,80,3,2
431,81,3,2
431,82,3,2
431,83,3,2
431,84,3,2
431,85,3,2
431,86,3,2
431,87,3,2
431,88,3,2
431,89,3,2
431,90,3,2
431,91,3,2
431,92,3,2
431,93,3,2
431,94,3,2
431,95,3,2
431,96,3,2
431,97,3,2
431,98,3,2
431,99,3,2
431,100,3,2
431,101,3,2
431,102,3,2
431,103,3,2
431,104,3,2
431,105,3,2
431,106,3,2
431,107,3,2
431,108,3,2
431,109,3,2
431,110,3,2
431,111,3,2
431,112,3,2
431,113,3,2
431,114,3,2
431,115,3,2
431,116,3,2
431,117,3,2
431,118,3,2
431,119,3,2
431,120,3,2
431,121,3,2
431,122,3,2
431,123,3,2
431,124,3,2
431,125,3,2
431,126,3,2
431,127,3,2
431,128,3,2
431,129,3,2
431,130,3,2
431,131,3,2
431,132,3,2
431,133,3,2
431,134,3,2
431,135,3,2
431,136,3,2
431,137,3,2
431,138,3,2
431,139,3,2
431,140,3,2
431,141,3,2
431,142,3,2
431,143,3,2
431,144,3,2
431,145,3,2
431,146,3,2
431,147,3,2
431,148,3,2
431,149,3,2
431,150,3,2
431,151,3,2
431,152,3,2
431,153,3,2
431,154,3,2
431,155,3,2
431,156,3,2
431,157,3,2
431,158,3,2
431,159,3,2
431,160,3,2
431,161,3,2
431,162,3,2
431,163,3,2
431,164,3,2
431,165,3,2
431,166,3,2
431,167,3,2
431,168,3,2
431,169,3,2
431,170,3,2
431,171,3,2
431,172,3,2
431,173,3,2
431,174,3,2
431,175,3,2
431,176,3,2
431,177,3,2
431,178,3,2
431,179,3,2
431,180,3,2
431,181,3,2
431,182,3,2
431,183,3,2
431,184,3,2
431,185,3,2
431,186,3,2
431,187,3,2
431,188,3,2
431,189,3,2
431,190,3,2
431,191,3,2
431,192,3,2
431,193,3,2
431,194,3,2
431,195,3,2
431,196,3,2
431,197,3,2
431,198,3,2
431,199,3,2
431,200,3,2
431,201,3,2
431,202,3,2
431,203,3,2
431,204,3,2
431,205,3,2
431,206,3,2
431,207,3,2
431,208,3,2
431,209,3,2
431,210,3,2
431,211,3,2
431,212,3,2
431,213,3,2
431,214,3,2
431,215,3,2
431,216,3,2
431,217,3,2
431,218,3,2
431,219,3,2
431,220,3,2
431,221,3,2
431,222,3,2
431,223,3,2
431,224,3,2
431,225,3,2
431,226,3,2
431,227,3,2
431,228,3,2
431,229,3,2
431,230,3,2
431,231,3,2
431,232,3,2
431,233,3,2
431,234,3,2
431,235,3,2
431,236,3,2
431,237,3,2
431,238,3,2
431,239,3,2
431,240,3,2
431,241,3,2
431,242,3,2
431,243,3,2
431,244,3,2
431,245,3,2
431,246,3,2
431,247,3,2
431,248,3,2
431,249,3,2
431,250,3,2
431,251,3,2
431,252,3,2
431,253,3,2
431,254,3,2
431,255,3,2
431,256,3,2
431,257,3,2
431,258,3,2
431,259,3,2
431,260,3,2
431,261,3,2
431,262,3,2
431,263,3,2
431,264,3,2
431,265,3,2
431,266,3,2
431,267,3,2
431,268,3,2
431,269,3,2
431,270,3,2
431,271,3,2
431,272,3,2
431,273,3,2
431,274,3,2
431,275,3,2
431,276,3,2
431,277,3,2
431,278,3,2
431,279,3,2
431,280,3,2
431,281,3,2
431,282,3,2
431,283,3,2
431,284,3,2
431,285,3,2
431,286,3,2
431,287,3,2
431,288,3,2
431,289,3,2
431,290,3,2
431,291,3,2
431,292,3,2
431,293,3,2
431,294,3,2
431,295,3,2
431,296,3,2
431,297,3,2
431,298,3,2
431,299,3,2
431,300,3,2
431,301,3,2
431,302,3,2
431,303,3,2
431,304,3,2
431,305,3,2
431,306,3,2
431,307,3,2
431,308,3,2
431,309,3,2
431,310,3,2
431,311,3,2
431,312,3,2
431,313,3,2
431,314,3,2
431,315,3,2
431,316,3,2
431,317,3,2
431,318,3,2
431,319,3,2
431,320,3,2
431,321,3,2
431,322,3,2
431,323,3,2
431,324,3,2
431,325,3,2
431,326,3,2
431,327,3,2
431,328,3,2
431,329,3,2
431,330,3,2
431,331,3,2
431,332,3,2
431,333,3,2
431,334,3,2
431,335,3,2
431,336,3,2
431,337,3,2
431,338,3,2
431,339,3,2
431,340,3,2
431,341,3,2
431,342,3,2
431,343,3,2
431,344,3,2
431,345,3,2
431,346,3,2
431,347,3,2
431,348,3,2
431,349,3,2
431,350,3,2
431,351,3,2
431,352,3,2
431,353,3,2
431,354,3,2
431,355,3,2
431,356,3,2
431,357,3,2
431,358,3,2
431,359,3,2
431,360,3,2
431,361,3,2
431,362,3,2
431,363,3,2
431,364,3,2
431,365,3,2
431,366,3,2
431,367,3,2
431,368,3,2
431,369,3,2
431,370,3,2
431,371,3,2
431,372,3,2
431,373,3,2
431,374,3,2
431,375,3,2
431,376,3,2
431,377,3,2
431,378,3,2
431,379,3,2
431,380,3,2
431,381,3,2
431,382,3,2
431,383,3,2
431,384,3,2
431,385,3,2
431,386,3,2
431,387,3,2
431,388,3,2
431,389,3,2
431,390,3,2
431,391,3,2
431,392,3,2
431,393,3,2
431,394,3,2
431,395,3,2
431,396,3,2
431,397,3,2
431,398,3,2
431,399,3,2
431,400,3,2
431,401,3,2
431,402,3,2
431,403,3,2
431,404,3,2
431,405,3,2
431,406,3,2
431,407,3,2
431,408,3,3
431,409,3,3
431,410,3,3
431,411,3,3
431,412,3,3
431,413,3,3
431,414,3,3
431,415,3,3
431,416,3,3
431,417,3,3
431,418,3,3
431,419,3,3
431,420,3,3
431,421,3,3
431,422,3,3
431,423,3,3
431,424,3,3
431,425,3,3
431,426,3,3
431,427,3,3
431,428,3,3
431,429,3,3
431,430,3,3
431,431,3,3
431,432,3,3
431,433,3,3
431,434,3,3
431,435,3,3
431,436,3,3
431,437,3,3
431,438,3,3
431,439,3,3
431,440,3,3
431,441,3,3
431,442,3,3
431,443,3,3
431,444,3,3
431,445,3,3
431,446,3,3
431,447,3,3
431,448,3,3
431,449,3,3
431,450,3,3
431,451,3,3
431,452,3,3
431,453,3,3
431,454,3,3
431,455,3,2
431,456,3,2
431,457,3,2
431,458,3,2
431,459,3,2
431,460,3,2
431,461,3,2
431,462,3,2
431,463,3,2
431,464,3,2
431,465,3,2
431,466,3,2
431,467,3,2
431,468,3,2
431,469,3,2
431,470,3,2
431,471,3,2
431,472,3,2
431,473,3,2
431,474,3,2
431,475,3,2
431,476,3,2
431,477,3,2
431,478,3,2
431,479,3,2
431,480,3,2
431,481,3,2
431,482,3,2
431,483,3,2
431,484,3,2
431,485,3,2
431,486,3,2
431,487,3,2
431,488,3,2
431,489,3,2
431,490,3,2
431,491,3,2
431,492,3,2
431,493,3,2
431,494,3,2
431,495,3,2
431,496,3,2
431,497,3,2
431,498,3,2
431,499,3,2
431,500,3,2
431,501,3,2
431,502,3,2
431,503,3,2
431,504,3,2
431,505,3,2
431,506,3,2
431,507,3,2
431,508,3,2
431,509,3,2
431,510,3,2
431,511,3,2
431,512,3,2
431,513,3,2
431,514,3,2
431,515,3,2
431,516,3,2
431,517,3,2
431,518,3,2
431,519,3,2
431,520,3,2
431,521,3,2
431,522,3,2
431,523,3,2
431,524,3,2
431,525,3,2
431,526,3,2
431,527,3,2
431,528,3,2
431,529,3,2
431,530,3,2
431,531,3,2
431,532,3,2
431,533,3,2
431,534,3,2
431,535,3,2
431,536,3,2
431,537,3,2
431,538,3,2
431,539,3,2
431,540,3,2
431,541,3,2
431,542,3,2
431,543,3,2
431,544,3,2
431,545,3,2
431,546,3,2
431,547,3,2
431,548,3,2
431,549,3,2
431,550,3,2
431,551,3,2
431,552,3,2
431,553,3,2
431,554,3,2
431,555,3,2
431,556,3,2
431,557,3,2
431,558,3,2
431,559,3,2
431,560,3,2
431,561,3,2
431,562,3,2
431,563,3,2
431,564,3,2
431,565,3,2
431,566,3,2
431,567,3,2
431,568,3,2
431,569,3,2
431,570,3,2
431,571,3,2
431,572,3,2
431,573,3,2
431,574,3,2
431,575,3,2
431,576,3,2
431,577,3,2
431,578,3,2
431,579,3,2
431,580,3,2
431,581,3,2
431,582,3,2
431,583,3,2
431,584,3,2
431,585,3,2
431,586,3,2
431,587,3,2
431,588,3,2
431,589,3,2
431,590,3,2
431,591,3,2
431,592,3,2
431,593,3,2
431,594,3,2
431,595,3,2
431,596,3,2
431,597,3,2
431,598,3,2
431,599,3,2
431,600,3,2
431,601,3,2
431,602,3,2
431,603,3,2
431,604,3,2
431,605,3,2
431,606,3,2
431,607,3,2
431,608,3,2
431,609,3,2
431,610,3,2
431,611,3,2
431,612,3,2
431,613,3,2
431,614,3,2
431,615,3,2
431,616,3,2
431,617,3,2
431,618,3,2
431,619,3,2
431,620,3,2
431,621,3,2
431,622,3,2
431,623,3,2
431,624,3,2
431,625,3,2
431,626,3,2
431,627,3,2
431,628,3,2
431,629,3,2
431,630,3,2
431,631,3,2
431,632,3,2
431,633,3,2
431,634,3,2
431,635,3,2
431,636,3,2
431,637,3,2
431,638,3,2
431,639,3,2
431,640,3,2
431,641,3,2
431,642,3,2
431,643,3,2
431,644,3,2
431,645,3,2
431,646,3,2
431,647,3,2
431,648,3,2
431,649,3,2
431,650,3,2
431,651,3,2
431,652,3,2
431,653,3,2
431,654,3,2
431,655,3,2
431,656,3,2
431,657,3,2
431,658,3,2
431,659,3,2
431,660,3,2
431,661,3,2
431,662,3,2
431,663,3,2
431,664,3,2
431,665,3,2
431,666,3,2
431,667,3,2
431,668,3,2
431,669,3,2
431,670,3,2
431,671,3,2
432,66,3,2
432,67,3,2
432,68,3,2
432,69,3,2
432,70,3,2
432,71,3,2
432,72,3,2
432,73,3,2
432,74,3,2
432,75,3,2
432,76,3,2
432,77,3,2
432,78,3,2
432,79,3,2
432,80,3,2
432,81,3,2
432,82,3,2
432,83,3,2
432,84,3,2
432,85,3,2
432,86,3,2
432,87,3,2
432,88,3,2
432,89,3,2
432,90,3,2
432,91,3,2
432,92,3,2
432,93,3,2
432,94,3,2
432,95,3,2
432,96,3,2
432,97,3,2
432,98,3,2
432,99,3,2
432,100,3,2
432,101,3,2
432,102,3,2
432,103,3,2
432,104,3,2
432,105,3,2
432,106,3,2
432,107,3,2
432,108,3,2
432,109,3,2
432,110,3,2
432,111,3,2
432,112,3,2
432,113,3,2
432,114,3,2
432,115,3,2
432,116,3,2
432,117,3,2
432,118,3,2
432,119,3,2
432,120,3,2
432,121,3,2
432,122,3,2
432,123,3,2
432,124,3,2
432,125,3,2
432,126,3,2
432,127,3,2
432,128,3,2
432,129,3,2
432,130,3,2
432,131,3,2
432,132,3,2
432,133,3,2
432,134,3,2
432,135,3,2
432,136,3,2
432,137,3,2
432,138,3,2
432,139,3,2
432,140,3,2
432,141,3,2
432,142,3,2
432,143,3,2
432,144,3,2
432,145,3,2
432,146,3,2
432,147,3,2
432,148,3,2
432,149,3,2
432,150,3,2
432,151,3,2
432,152,3,2
432,153,3,2
432,154,3,2
432,155,3,2
432,156,3,2
432,157,3,2
432,158,3,2
432,159,3,2
432,160,3,2
432,161,3,2
432,162,3,2
432,163,3,2
432,164,3,2
432,165,3,2
432,166,3,2
432,167,3,2
432,168,3,2
432,169,3,2
432,170,3,2
432,171,3,2
432,172,3,2
432,173,3,2
432,174,3,2
432,175,3,2
432,176,3,2
432,177,3,2
432,178,3,2
432,179,3,2
432,180,3,2
432,181,3,2
432,182,3,2
432,183,3,2
432,184,3,2
432,185,3,2
432,186,3,2
432,187,3,2
432,188,3,2
432,189,3,2
432,190,3,2
432,191,3,2
432,192,3,2
432,193,3,2
432,194,3,2
432,195,3,2
432,196,3,2
432,197,3,2
432,198,3,2
432,199,3,2
432,200,3,2
432,201,3,2
432,202,3,2
432,203,3,2
432,204,3,2
432,205,3,2
432,206,3,2
432,207,3,2
432,208,3,2
432,209,3,2
432,210,3,2
432,211,3,2
432,212,3,2
432,213,3,2
432,214,3,2
432,215,3,2
432,216,3,2
432,217,3,2
432,218,3,2
432,219,3,2
432,220,3,2
432,221,3,2
432,222,3,2
432,223,3,2
432,224,3,2
432,225,3,2
432,226,3,2
432,227,3,2
432,228,3,2
432,229,3,2
432,230,3,2
432,231,3,2
432,232,3,2
432,233,3,2
432,234,3,2
432,235,3,2
432,236,3,2
432,237,3,2
432,238,3,2
432,239,3,2
432,240,3,2
432,241,3,2
432,242,3,2
432,243,3,2
432,244,3,2
432,245,3,2
432,246,3,2
432,247,3,2
432,248,3,2
432,249,3,2
432,250,3,2
432,251,3,2
432,252,3,2
432,253,3,2
432,254,3,2
432,255,3,2
432,256,3,2
432,257,3,2
432,258,3,2
432,259,3,2
432,260,3,2
432,261,3,2
432,262,3,2
432,263,3,2
432,264,3,2
432,265,3,2
432,266,3,2
432,267,3,2
432,268,3,2
432,269,3,2
432,270,3,2
432,271,3,2
432,272,3,2
432,273,3,2
432,274,3,2
432,275,3,2
432,276,3,2
432,277,3,2
432,278,3,2
432,279,3,2
432,280,3,2
432,281,3,2
432,282,3,2
432,283,3,2
432,284,3,2
432,285,3,2
432,286,3,2
432,287,3,2
432,288,3,2
432,289,3,2
432,290,3,2
432,291,3,2
432,292,3,2
432,293,3,2
432,294,3,2
432,295,3,2
432,296,3,2
432,297,3,2
432,298,3,2
432,299,3,2
432,300,3,2
432,301,3,2
432,302,3,2
432,303,3,2
432,304,3,2
432,305,3,2
432,306,3,2
432,307,3,2
432,308,3,2
432,309,3,2
432,310,3,2
432,311,3,2
432,312,3,2
432,313,3,2
432,314,3,2
432,315,3,2
432,316,3,2
432,317,3,2
432,318,3,2
432,319,3,2
432,320,3,2
432,321,3,2
432,322,3,2
432,323,3,2
432,324,3,2
432,325,3,2
432,326,3,2
432,327,3,2
432,328,3,2
432,329,3,2
432,330,3,2
432,331,3,2
432,332,3,2
432,333,3,2
432,334,3,2
432,335,3,2
432,336,3,2
432,337,3,2
432,338,3,2
432,339,3,2
432,340,3,2
432,341,3,2
432,342,3,2
432,343,3,2
432,344,3,2
432,345,3,2
432,346,3,2
432,347,3,2
432,348,3,2
432,349,3,2
432,350,3,2
432,351,3,2
432,352,3,2
432,353,3,2
432,354,3,2
432,355,3,2
432,356,3,2
432,357,3,2
432,358,3,2
432,359,3,2
432,360,3,2
432,361,3,2
432,362,3,2
432,363,3,2
432,364,3,2
432,365,3,2
432,366,3,2
432,367,3,2
432,368,3,2
432,369,3,2
432,370,3,2
432,371,3,2
432,372,3,2
432,373,3,2
432,374,3,2
432,375,3,2
432,376,3,2
432,377,3,2
432,378,3,2
432,379,3,2
432,380,3,2
432,381,3,2
432,382,3,2
432,383,3,2
432,384,3,2
432,385,3,2
432,386,3,2
432,387,3,2
432,388,3,2
432,389,3,2
432,390,3,2
432,391,3,2
432,392,3,2
432,393,3,2
432,394,3,2
432,395,3,2
432,396,3,2
432,397,3,2
432,398,3,2
432,399,3,2
432,400,3,2
432,401,3,2
432,402,3,2
432,403,3,2
432,404,3,2
432,405,3,2
432,406,3,2
432,407,3,3
432,408,3,3
432,409,3,3
432,410,3,3
432,411,3,3
432,412,3,3
432,413,3,3
432,414,3,3
432,415,3,3
432,416,3,3
432,417,3,3
432,418,3,3
432,419,3,3
432,420,3,3
432,421,3,3
432,422,3,3
432,423,3,3
432,424,3,3
432,425,3,3
432,426,3,3
432,427,3,3
432,428,3,3
432,429,3,3
432,430,3,3
432,431,3,3
432,432,3,3
432,433,3,3
432,434,3,3
432,435,3,3
432,436,3,3
432,437,3,3
432,438,3,3
432,439,3,3
432,440,3,3
432,441,3,3
432,442,3,3
432,443,3,3
432,444,3,3
432,445,3,3
432,446,3,3
432,447,3,3
432,448,3,3
432,449,3,3
432,450,3,3
432,451,3,3
432,452,3,3
432,453,3,3
432,454,3,3
432,455,3,2
432,456,3,2
432,457,3,2
432,458,3,2
432,459,3,2
432,460,3,2
432,461,3,2
432,462,3,2
432,463,3,2
432,464,3,2
432,465,3,2
432,466,3,2
432,467,3,2
432,468,3,2
432,469,3,2
432,470,3,2
432,471,3,2
432,472,3,2
432,473,3,2
432,474,3,2
432,475,3,2
432,476,3,2
432,477,3,2
432,478,3,2
432,479,3,2
432,480,3,2
432,481,3,2
432,482,3,2
432,483,3,2
432,484,3,2
432,485,3,2
432,486,3,2
432,487,3,2
432,488,3,2
432,489,3,2
432,490,3,2
432,491,3,2
432,492,3,2
432,493,3,2
432,494,3,2
432,495,3,2
432,496,3,2
432,497,3,2
432,498,3,2
432,499,3,2
432,500,3,2
432,501,3,2
432,502,3,2
432,503,3,2
432,504,3,2
432,505,3,2
432,506,3,2
432,507,3,2
432,508,3,2
432,509,3,2
432,510,3,2
432,511,3,2
432,512,3,2
432,513,3,2
432,514,3,2
432,515,3,2
432,516,3,2
432,517,3,2
432,518,3,2
432,519,3,2
432,520,3,2
432,521,3,2
432,522,3,2
432,523,3,2
432,524,3,2
432,525,3,2
432,526,3,2
432,527,3,2
432,528,3,2
432,529,3,2
432,530,3,2
432,531,3,2
432,532,3,2
432,533,3,2
432,534,3,2
432,535,3,2
432,536,3,2
432,537,3,2
432,538,3,2
432,539,3,2
432,540,3,2
432,541,3,2
432,542,3,2
432,543,3,2
432,544,3,2
432,545,3,2
432,546,3,2
432,547,3,2
432,548,3,2
432,549,3,2
432,550,3,2
432,551,3,2
432,552,3,2
432,553,3,2
432,554,3,2
432,555,3,2
432,556,3,2
432,557,3,2
432,558,3,2
432,559,3,2
432,560,3,2
432,561,3,2
432,562,3,2
432,563,3,2
432,564,3,2
432,565,3,2
432,566,3,2
432,567,3,2
432,568,3,2
432,569,3,2
432,570,3,2
432,571,3,2
432,572,3,2
432,573,3,2
432,574,3,2
432,575,3,2
432,576,3,2
432,577,3,2
432,578,3,2
432,579,3,2
432,580,3,2
432,581,3,2
432,582,3,2
432,583,3,2
432,584,3,2
432,585,3,2
432,586,3,2
432,587,3,2
432,588,3,2
432,589,3,2
432,590,3,2
432,591,3,2
432,592,3,2
432,593,3,2
432,594,3,2
432,595,3,2
432,596,3,2
432,597,3,2
432,598,3,2
432,599,3,2
432,600,3,2
432,601,3,2
432,602,3,2
432,603,3,2
432,604,3,2
432,605,3,2
432,606,3,2
432,607,3,2
432,608,3,2
432,609,3,2
432,610,3,2
432,611,3,2
432,612,3,2
432,613,3,2
432,614,3,2
432,615,3,2
432,616,3,2
432,617,3,2
432,618,3,2
432,619,3,2
432,620,3,2
432,621,3,2
432,622,3,2
432,623,3,2
432,624,3,2
432,625,3,2
432,626,3,2
432,627,3,2
432,628,3,2
432,629,3,2
432,630,3,2
432,631,3,2
432,632,3,2
432,633,3,2
432,634,3,2
432,635,3,2
432,636,3,2
432,637,3,2
432,638,3,2
432,639,3,2
432,640,3,2
432,641,3,2
432,642,3,2
432,643,3,2
432,644,3,2
432,645,3,2
432,646,3,2
432,647,3,2
432,648,3,2
432,649,3,2
432,650,3,2
432,651,3,2
432,652,3,2
432,653,3,2
432,654,3,2
432,655,3,2
432,656,3,2
432,657,3,2
432,658,3,2
432,659,3,2
432,660,3,2
432,661,3,2
432,662,3,2
432,663,3,2
432,664,3,2
432,665,3,2
432,666,3,2
432,667,3,2
432,668,3,2
432,669,3,2
432,670,3,2
432,671,3,2
432,672,3,2
432,673,3,2
433,66,3,2
433,67,3,2
433,68,3,2
433,69,3,2
433,70,3,2
433,71,3,2
433,72,3,2
433,73,3,2
433,74,3,2
433,75,3,2
433,76,3,2
433,77,3,2
433,78,3,2
433,79,3,2
433,80,3,2
433,81,3,2
433,82,3,2
433,83,3,2
433,84,3,2
433,85,3,2
433,86,3,2
433,87,3,2
433,88,3,2
433,89,3,2
433,90,3,2
433,91,3,2
433,92,3,2
433,93,3,2
433,94,3,2
433,95,3,2
433,96,3,2
433,97,3,2
433,98,3,2
433,99,3,2
433,100,3,2
433,101,3,2
433,102,3,2
433,103,3,2
433,104,3,2
433,105,3,2
433,106,3,2
433,107,3,2
433,108,3,2
433,109,3,2
433,110,3,2
433,111,3,2
433,112,3,2
433,113,3,2
433,114,3,2
433,115,3,2
433,116,3,2
433,117,3,2
433,118,3,2
433,119,3,2
433,120,3,2
433,121,3,2
433,122,3,2
433,123,3,2
433,124,3,2
433,125,3,2
433,126,3,2
433,127,3,2
433,128,3,2
433,129,3,2
433,130,3,2
433,131,3,2
433,132,3,2
433,133,3,2
433,134,3,2
433,135,3,2
433,136,3,2
433,137,3,2
433,138,3,2
433,139,3,2
433,140,3,2
433,141,3,2
433,142,3,2
433,143,3,2
433,144,3,2
433,145,3,2
433,146,3,2
433,147,3,2
433,148,3,2
433,149,3,2
433,150,3,2
433,151,3,2
433,152,3,2
433,153,3,2
433,154,3,2
433,155,3,2
433,156,3,2
433,157,3,2
433,158,3,2
433,159,3,2
433,160,3,2
433,161,3,2
433,162,3,2
433,163,3,2
433,164,3,2
433,165,3,2
433,166,3,2
433,167,3,2
433,168,3,2
433,169,3,2
433,170,3,2
433,171,3,2
433,172,3,2
433,173,3,2
433,174,3,2
433,175,3,2
433,176,3,2
433,177,3,2
433,178,3,2
433,179,3,2
433,180,3,2
433,181,3,2
433,182,3,2
433,183,3,2
433,184,3,2
433,185,3,2
433,186,3,2
433,187,3,2
433,188,3,2
433,189,3,2
433,190,3,2
433,191,3,2
433,192,3,2
433,193,3,2
433,194,3,2
433,195,3,2
433,196,3,2
433,197,3,2
433,198,3,2
433,199,3,2
433,200,3,2
433,201,3,2
433,202,3,2
433,203,3,2
433,204,3,2
433,205,3,2
433,206,3,2
433,207,3,2
433,208,3,2
433,209,3,2
433,210,3,2
433,211,3,2
433,212,3,2
433,213,3,2
433,214,3,2
433,215,3,2
433,216,3,2
433,217,3,2
433,218,3,2
433,219,3,2
433,220,3,2
433,221,3,2
433,222,3,2
433,223,3,2
433,224,3,2
433,225,3,2
433,226,3,2
433,227,3,2
433,228,3,2
433,229,3,2
433,230,3,2
433,231,3,2
433,232,3,2
433,233,3,2
433,234,3,2
433,235,3,2
433,236,3,2
433,237,3,2
433,238,3,2
433,239,3,2
433,240,3,2
433,241,3,2
433,242,3,2
433,243,3,2
433,244,3,2
433,245,3,2
433,246,3,2
433,247,3,2
433,248,3,2
433,249,3,2
433,250,3,2
433,251,3,2
433,252,3,2
433,253,3,2
433,254,3,2
433,255,3,2
433,256,3,2
433,257,3,2
433,258,3,2
433,259,3,2
433,260,3,2
433,261,3,2
433,262,3,2
433,263,3,2
433,264,3,2
433,265,3,2
433,266,3,2
433,267,3,2
433,268,3,2
433,269,3,2
433,270,3,2
433,271,3,2
433,272,3,2
433,273,3,2
433,274,3,2
433,275,3,2
433,276,3,2
433,277,3,2
433,278,3,2
433,279,3,2
433,280,3,2
433,281,3,2
433,282,3,2
433,283,3,2
433,284,3,2
433,285,3,2
433,286,3,2
433,287,3,2
433,288,3,2
433,289,3,2
433,290,3,2
433,291,3,2
433,292,3,2
433,293,3,2
433,294,3,2
433,295,3,2
433,296,3,2
433,297,3,2
433,298,3,2
433,299,3,2
433,300,3,2
433,301,3,2
433,302,3,2
433,303,3,2
433,304,3,2
433,305,3,2
433,306,3,2
433,307,3,2
433,308,3,2
433,309,3,2
433,310,3,2
433,311,3,2
433,312,3,2
433,313,3,2
433,314,3,2
433,315,3,2
433,316,3,2
433,317,3,2
433,318,3,2
433,319,3,2
433,320,3,2
433,321,3,2
433,322,3,2
433,323,3,2
433,324,3,2
433,325,3,2
433,326,3,2
433,327,3,2
433,328,3,2
433,329,3,2
433,330,3,2
433,331,3,2
433,332,3,2
433,333,3,2
433,334,3,2
433,335,3,2
433,336,3,2
433,337,3,2
433,338,3,2
433,339,3,2
433,340,3,2
433,341,3,2
433,342,3,2
433,343,3,2
433,344,3,2
433,345,3,2
433,346,3,2
433,347,3,2
433,348,3,2
433,349,3,2
433,350,3,2
433,351,3,2
433,352,3,2
433,353,3,2
433,354,3,2
433,355,3,2
433,356,3,2
433,357,3,2
433,358,3,2
433,359,3,2
433,360,3,2
433,361,3,2
433,362,3,2
433,363,3,2
433,364,3,2
433,365,3,2
433,366,3,2
433,367,3,2
433,368,3,2
433,369,3,2
433,370,3,2
433,371,3,2
433,372,3,2
433,373,3,2
433,374,3,2
433,375,3,2
433,376,3,2
433,377,3,2
433,378,3,2
433,379,3,2
433,380,3,2
433,381,3,2
433,382,3,2
433,383,3,2
433,384,3,2
433,385,3,2
433,386,3,2
433,387,3,2
433,388,3,2
433,389,3,2
433,390,3,2
433,391,3,2
433,392,3,2
433,393,3,2
433,394,3,2
433,395,3,2
433,396,3,2
433,397,3,2
433,398,3,2
433,399,3,2
433,400,3,2
433,401,3,2
433,402,3,2
433,403,3,2
433,404,3,2
433,405,3,2
433,406,3,2
433,407,3,3
433,408,3,3
433,409,3,3
433,410,3,3
433,411,3,3
433,412,3,3
433,413,3,3
433,414,3,3
433,415,3,3
433,416,3,3
433,417,3,3
433,418,3,3
433,419,3,3
433,420,3,3
433,421,3,3
433,422,3,3
433,423,3,3
433,424,3,3
433,425,3,3
433,426,3,3
433,427,3,3
433,428,3,3
433,429,3,3
433,430,3,3
433,431,3,3
433,432,3,3
433,433,3,3
433,434,3,3
433,435,3,3
433,436,3,3
433,437,3,3
433,438,3,3
433,439,3,3
433,440,3,3
433,441,3,3
433,442,3,3
433,443,3,3
433,444,3,3
433,445,3,3
433,446,3,3
433,447,3,3
433,448,3,3
433,449,3,3
433,450,3,3
433,451,3,3
433,452,3,3
433,453,3,3
433,454,3,3
433,455,3,2
433,456,3,2
433,457,3,2
433,458,3,2
433,459,3,2
433,460,3,2
433,461,3,2
433,462,3,2
433,463,3,2
433,464,3,2
433,465,3,2
433,466,3,2
433,467,3,2
433,468,3,2
433,469,3,2
433,470,3,2
433,471,3,2
433,472,3,2
433,473,3,2
433,474,3,2
433,475,3,2
433,476,3,2
433,477,3,2
433,478,3,2
433,479,3,2
433,480,3,2
433,481,3,2
433,482,3,2
433,483,3,2
433,484,3,2
433,485,3,2
433,486,3,2
433,487,3,2
433,488,3,2
433,489,3,2
433,490,3,2
433,491,3,2
433,492,3,2
433,493,3,2
433,494,3,2
433,495,3,2
433,496,3,2
433,497,3,2
433,498,3,2
433,499,3,2
433,500,3,2
433,501,3,2
433,502,3,2
433,503,3,2
433,504,3,2
433,505,3,2
433,506,3,2
433,507,3,2
433,508,3,2
433,509,3,2
433,510,3,2
433,511,3,2
433,512,3,2
433,513,3,2
433,514,3,2
433,515,3,2
433,516,3,2
433,517,3,2
433,518,3,2
433,519,3,2
433,520,3,2
433,521,3,2
433,522,3,2
433,523,3,2
433,524,3,2
433,525,3,2
433,526,3,2
433,527,3,2
433,528,3,2
433,529,3,2
433,530,3,2
433,531,3,2
433,532,3,2
433,533,3,2
433,534,3,2
433,535,3,2
433,536,3,2
433,537,3,2
433,538,3,2
433,539,3,2
433,540,3,2
433,541,3,2
433,542,3,2
433,543,3,2
433,544,3,2
433,545,3,2
433,546,3,2
433,547,3,2
433,548,3,2
433,549,3,2
433,550,3,2
433,551,3,2
433,552,3,2
433,553,3,2
433,554,3,2
433,555,3,2
433,556,3,2
433,557,3,2
433,558,3,2
433,559,3,2
433,560,3,2
433,561,3,2
433,562,3,2
433,563,3,2
433,564,3,2
433,565,3,2
433,566,3,2
433,567,3,2
433,568,3,2
433,569,3,2
433,570,3,2
433,571,3,2
433,572,3,2
433,573,3,2
433,574,3,2
433,575,3,2
433,576,3,2
433,577,3,2
433,578,3,2
433,579,3,2
433,580,3,2
433,581,3,2
433,582,3,2
433,583,3,2
433,584,3,2
433,585,3,2
433,586,3,2
433,587,3,2
433,588,3,2
433,589,3,2
433,590,3,2
433,591,3,2
433,592,3,2
433,593,3,2
433,594,3,2
433,595,3,2
433,596,3,2
433,597,3,2
433,598,3,2
433,599,3,2
433,600,3,2
433,601,3,2
433,602,3,2
433,603,3,2
433,604,3,2
433,605,3,2
433,606,3,2
433,607,3,2
433,608,3,2
433,609,3,2
433,610,3,2
433,611,3,2
433,612,3,2
433,613,3,2
433,614,3,2
433,615,3,2
433,616,3,2
433,617,3,2
433,618,3,2
433,619,3,2
433,620,3,2
433,621,3,2
433,622,3,2
433,623,3,2
433,624,3,2
433,625,3,2
433,626,3,2
433,627,3,2
433,628,3,2
433,629,3,2
433,630,3,2
433,631,3,2
433,632,3,2
433,633,3,2
433,634,3,2
433,635,3,2
433,636,3,2
433,637,3,2
433,638,3,2
433,639,3,2
433,640,3,2
433,641,3,2
433,642,3,2
433,643,3,2
433,644,3,2
433,645,3,2
433,646,3,2
433,647,3,2
433,648,3,2
433,649,3,2
433,650,3,2
433,651,3,2
433,652,3,2
433,653,3,2
433,654,3,2
433,655,3,2
433,656,3,2
433,657,3,2
433,658,3,2
433,659,3,2
433,660,3,2
433,661,3,2
433,662,3,2
433,663,3,2
433,664,3,2
433,665,3,2
433,666,3,2
433,667,3,2
433,668,3,2
433,669,3,2
433,670,3,2
433,671,3,2
433,672,3,2
433,673,3,2
434,66,3,2
434,67,3,2
434,68,3,2
434,69,3,2
434,70,3,2
434,71,3,2
434,72,3,2
434,73,3,2
434,74,3,2
434,75,3,2
434,76,3,2
434,77,3,2
434,78,3,2
434,79,3,2
434,80,3,2
434,81,3,2
434,82,3,2
434,83,3,2
434,84,3,2
434,85,3,2
434,86,3,2
434,87,3,2
434,88,3,2
434,89,3,2
434,90,3,2
434,91,3,2
434,92,3,2
434,93,3,2
434,94,3,2
434,95,3,2
434,96,3,2
434,97,3,2
434,98,3,2
434,99,3,2
434,100,3,2
434,101,3,2
434,102,3,2
434,103,3,2
434,104,3,2
434,105,3,2
434,106,3,2
434,107,3,2
434,108,3,2
434,109,3,2
434,110,3,2
434,111,3,2
434,112,3,2
434,113,3,2
434,114,3,2
434,115,3,2
434,116,3,2
434,117,3,2
434,118,3,2
434,119,3,2
434,120,3,2
434,121,3,2
434,122,3,2
434,123,3,2
434,124,3,2
434,125,3,2
434,126,3,2
434,127,3,2
434,128,3,2
434,129,3,2
434,130,3,2
434,131,3,2
434,132,3,2
434,133,3,2
434,134,3,2
434,135,3,2
434,136,3,2
434,137,3,2
434,138,3,2
434,139,3,2
434,140,3,2
434,141,3,2
434,142,3,2
434,143,3,2
434,144,3,2
434,145,3,2
434,146,3,2
434,147,3,2
434,148,3,2
434,149,3,2
434,150,3,2
434,151,3,2
434,152,3,2
434,153,3,2
434,154,3,2
434,155,3,2
434,156,3,2
434,157,3,2
434,158,3,2
434,159,3,2
434,160,3,2
434,161,3,2
434,162,3,2
434,163,3,2
434,164,3,2
434,165,3,2
434,166,3,2
434,167,3,2
434,168,3,2
434,169,3,2
434,170,3,2
434,171,3,2
434,172,3,2
434,173,3,2
434,174,3,2
434,175,3,2
434,176,3,2
434,177,3,2
434,178,3,2
434,179,3,2
434,180,3,2
434,181,3,2
434,182,3,2
434,183,3,2
434,184,3,2
434,185,3,2
434,186,3,2
434,187,3,2
434,188,3,2
434,189,3,2
434,190,3,2
434,191,3,2
434,192,3,2
434,193,3,2
434,194,3,2
434,195,3,2
434,196,3,2
434,197,3,2
434,198,3,2
434,199,3,2
434,200,3,2
434,201,3,2
434,202,3,2
434,203,3,2
434,204,3,2
434,205,3,2
434,206,3,2
434,207,3,2
434,208,3,2
434,209,3,2
434,210,3,2
434,211,3,2
434,212,3,2
434,213,3,2
434,214,3,2
434,215,3,2
434,216,3,2
434,217,3,2
434,218,3,2
434,219,3,2
434,220,3,2
434,221,3,2
434,222,3,2
434,223,3,2
434,224,3,2
434,225,3,2
434,226,3,2
434,227,3,2
434,228,3,2
434,229,3,2
434,230,3,2
434,231,3,2
434,232,3,2
434,233,3,2
434,234,3,2
434,235,3,2
434,236,3,2
434,237,3,2
434,238,3,2
434,239,3,2
434,240,3,2
434,241,3,2
434,242,3,2
434,243,3,2
434,244,3,2
434,245,3,2
434,246,3,2
434,247,3,2
434,248,3,2
434,249,3,2
434,250,3,2
434,251,3,2
434,252,3,2
434,253,3,2
434,254,3,2
434,255,3,2
434,256,3,2
434,257,3,2
434,258,3,2
434,259,3,2
434,260,3,2
434,261,3,2
434,262,3,2
434,263,3,2
434,264,3,2
434,265,3,2
434,266,3,2
434,267,3,2
434,268,3,2
434,269,3,2
434,270,3,2
434,271,3,2
434,272,3,2
434,273,3,2
434,274,3,2
434,275,3,2
434,276,3,2
434,277,3,2
434,278,3,2
434,279,3,2
434,280,3,2
434,281,3,2
434,282,3,2
434,283,3,2
434,284,3,2
434,285,3,2
434,286,3,2
434,287,3,2
434,288,3,2
434,289,3,2
434,290,3,2
434,291,3,2
434,292,3,2
434,293,3,2
434,294,3,2
434,295,3,2
434,296,3,2
434,297,3,2
434,298,3,2
434,299,3,2
434,300,3,2
434,301,3,2
434,302,3,2
434,303,3,2
434,304,3,2
434,305,3,2
434,306,3,2
434,307,3,2
434,308,3,2
434,309,3,2
434,310,3,2
434,311,3,2
434,312,3,2
434,313,3,2
434,314,3,2
434,315,3,2
434,316,3,2
434,317,3,2
434,318,3,2
434,319,3,2
434,320,3,2
434,321,3,2
434,322,3,2
434,323,3,2
434,324,3,2
434,325,3,2
434,326,3,2
434,327,3,2
434,328,3,2
434,329,3,2
434,330,3,2
434,331,3,2
434,332,3,2
434,333,3,2
434,334,3,2
434,335,3,2
434,336,3,2
434,337,3,2
434,338,3,2
434,339,3,2
434,340,3,2
434,341,3,2
434,342,3,2
434,343,3,2
434,344,3,2
434,345,3,2
434,346,3,2
434,347,3,2
434,348,3,2
434,349,3,2
434,350,3,2
434,351,3,2
434,352,3,2
434,353,3,2
434,354,3,2
434,355,3,2
434,356,3,2
434,357,3,2
434,358,3,2
434,359,3,2
434,360,3,2
434,361,3,2
434,362,3,2
434,363,3,2
434,364,3,2
434,365,3,2
434,366,3,2
434,367,3,2
434,368,3,2
434,369,3,2
434,370,3,2
434,371,3,2
434,372,3,2
434,373,3,2
434,374,3,2
434,375,3,2
434,376,3,2
434,377,3,2
434,378,3,2
434,379,3,2
434,380,3,2
434,381,3,2
434,382,3,2
434,383,3,2
434,384,3,2
434,385,3,2
434,386,3,2
434,387,3,2
434,388,3,2
434,389,3,2
434,390,3,2
434,391,3,2
434,392,3,2
434,393,3,2
434,394,3,2
434,395,3,2
434,396,3,2
434,397,3,2
434,398,3,2
434,399,3,2
434,400,3,2
434,401,3,2
434,402,3,2
434,403,3,2
434,404,3,2
434,405,3,2
434,406,3,3
434,407,3,3
434,408,3,3
434,409,3,3
434,410,3,3
434,411,3,3
434,412,3,3
434,413,3,3
434,414,3,3
434,415,3,3
434,416,3,3
434,417,3,3
434,418,3,3
434,419,3,3
434,420,3,3
434,421,3,3
434,422,3,3
434,423,3,3
434,424,3,3
434,425,3,3
434,426,3,3
434,427,3,3
434,428,3,3
434,429,3,3
434,430,3,3
434,431,3,3
434,432,3,3
434,433,3,3
434,434,3,3
434,435,3,3
434,436,3,3
434,437,3,3
434,438,3,3
434,439,3,3
434,440,3,3
434,441,3,3
434,442,3,3
434,443,3,3
434,444,3,3
434,445,3,3
434,446,3,3
434,447,3,3
434,448,3,3
434,449,3,3
434,450,3,3
434,451,3,3
434,452,3,3
434,453,3,3
434,454,3,3
434,455,3,2
434,456,3,2
434,457,3,2
434,458,3,2
434,459,3,2
434,460,3,2
434,461,3,2
434,462,3,2
434,463,3,2
434,464,3,2
434,465,3,2
434,466,3,2
434,467,3,2
434,468,3,2
434,469,3,2
434,470,3,2
434,471,3,2
434,472,3,2
434,473,3,2
434,474,3,2
434,475,3,2
434,476,3,2
434,477,3,2
434,478,3,2
434,479,3,2
434,480,3,2
434,481,3,2
434,482,3,2
434,483,3,2
434,484,3,2
434,485,3,2
434,486,3,2
434,487,3,2
434,488,3,2
434,489,3,2
434,490,3,2
434,491,3,2
434,492,3,2
434,493,3,2
434,494,3,2
434,495,3,2
434,496,3,2
434,497,3,2
434,498,3,2
434,499,3,2
434,500,3,2
434,501,3,2
434,502,3,2
434,503,3,2
434,504,3,2
434,505,3,2
434,506,3,2
434,507,3,2
434,508,3,2
434,509,3,2
434,510,3,2
434,511,3,2
434,512,3,2
434,513,3,2
434,514,3,2
434,515,3,2
434,516,3,2
434,517,3,2
434,518,3,2
434,519,3,2
434,520,3,2
434,521,3,2
434,522,3,2
434,523,3,2
434,524,3,2
434,525,3,2
434,526,3,2
434,527,3,2
434,528,3,2
434,529,3,2
434,530,3,2
434,531,3,2
434,532,3,2
434,533,3,2
434,534,3,2
434,535,3,2
434,536,3,2
434,537,3,2
434,538,3,2
434,539,3,2
434,540,3,2
434,541,3,2
434,542,3,2
434,543,3,2
434,544,3,2
434,545,3,2
434,546,3,2
434,547,3,2
434,548,3,2
434,549,3,2
434,550,3,2
434,551,3,2
434,552,3,2
434,553,3,2
434,554,3,2
434,555,3,2
434,556,3,2
434,557,3,2
434,558,3,2
434,559,3,2
434,560,3,2
434,561,3,2
434,562,3,2
434,563,3,2
434,564,3,2
434,565,3,2
434,566,3,2
434,567,3,2
434,568,3,2
434,569,3,2
434,570,3,2
434,571,3,2
434,572,3,2
434,573,3,2
434,574,3,2
434,575,3,2
434,576,3,2
434,577,3,2
434,578,3,2
434,579,3,2
434,580,3,2
434,581,3,2
434,582,3,2
434,583,3,2
434,584,3,2
434,585,3,2
434,586,3,2
434,587,3,2
434,588,3,2
434,589,3,2
434,590,3,2
434,591,3,2
434,592,3,2
434,593,3,2
434,594,3,2
434,595,3,2
434,596,3,2
434,597,3,2
434,598,3,2
434,599,3,2
434,600,3,2
434,601,3,2
434,602,3,2
434,603,3,2
434,604,3,2
434,605,3,2
434,606,3,2
434,607,3,2
434,608,3,2
434,609,3,2
434,610,3,2
434,611,3,2
434,612,3,2
434,613,3,2
434,614,3,2
434,615,3,2
434,616,3,2
434,617,3,2
434,618,3,2
434,619,3,2
434,620,3,2
434,621,3,2
434,622,3,2
434,623,3,2
434,624,3,2
434,625,3,2
434,626,3,2
434,627,3,2
434,628,3,2
434,629,3,2
434,630,3,2
434,631,3,2
434,632,3,2
434,633,3,2
434,634,3,2
434,635,3,2
434,636,3,2
434,637,3,2
434,638,3,2
434,639,3,2
434,640,3,2
434,641,3,2
434,642,3,2
434,643,3,2
434,644,3,2
434,645,3,2
434,646,3,2
434,647,3,2
434,648,3,2
434,649,3,2
434,650,3,2
434,651,3,2
434,652,3,2
434,653,3,2
434,654,3,2
434,655,3,2
434,656,3,2
434,657,3,2
434,658,3,2
434,659,3,2
434,660,3,2
434,661,3,2
434,662,3,2
434,663,3,2
434,664,3,2
434,665,3,2
434,666,3,2
434,667,3,2
434,668,3,2
434,669,3,2
434,670,3,2
434,671,3,2
434,672,3,2
434,673,3,2
435,66,3,2
435,67,3,2
435,68,3,2
435,69,3,2
435,70,3,2
435,71,3,2
435,72,3,2
435,73,3,2
435,74,3,2
435,75,3,2
435,76,3,2
435,77,3,2
435,78,3,2
435,79,3,2
435,80,3,2
435,81,3,2
435,82,3,2
435,83,3,2
435,84,3,2
435,85,3,2
435,86,3,2
435,87,3,2
435,88,3,2
435,89,3,2
435,90,3,2
435,91,3,2
435,92,3,2
435,93,3,2
435,94,3,2
435,95,3,2
435,96,3,2
435,97,3,2
435,98,3,2
435,99,3,2
435,100,3,2
435,101,3,2
435,102,3,2
435,103,3,2
435,104,3,2
435,105,3,2
435,106,3,2
435,107,3,2
435,108,3,2
435,109,3,2
435,110,3,2
435,111,3,2
435,112,3,2
435,113,3,2
435,114,3,2
435,115,3,2
435,116,3,2
435,117,3,2
435,118,3,2
435,119,3,2
435,120,3,2
435,121,3,2
435,122,3,2
435,123,3,2
435,124,3,2
435,125,3,2
435,126,3,2
435,127,3,2
435,128,3,2
435,129,3,2
435,130,3,2
435,131,3,2
435,132,3,2
435,133,3,2
435,134,3,2
435,135,3,2
435,136,3,2
435,137,3,2
435,138,3,2
435,139,3,2
435,140,3,2
435,141,3,2
435,142,3,2
435,143,3,2
435,144,3,2
435,145,3,2
435,146,3,2
435,147,3,2
435,148,3,2
435,149,3,2
435,150,3,2
435,151,3,2
435,152,3,2
435,153,3,2
435,154,3,2
435,155,3,2
435,156,3,2
435,157,3,2
435,158,3,2
435,159,3,2
435,160,3,2
435,161,3,2
435,162,3,2
435,163,3,2
435,164,3,2
435,165,3,2
435,166,3,2
435,167,3,2
435,168,3,2
435,169,3,2
435,170,3,2
435,171,3,2
435,172,3,2
435,173,3,2
435,174,3,2
435,175,3,2
435,176,3,2
435,177,3,2
435,178,3,2
435,179,3,2
435,180,3,2
435,181,3,2
435,182,3,2
435,183,3,2
435,184,3,2
435,185,3,2
435,186,3,2
435,187,3,2
435,188,3,2
435,189,3,2
435,190,3,2
435,191,3,2
435,192,3,2
435,193,3,2
435,194,3,2
435,195,3,2
435,196,3,2
435,197,3,2
435,198,3,2
435,199,3,2
435,200,3,2
435,201,3,2
435,202,3,2
435,203,3,2
435,204,3,2
435,205,3,2
435,206,3,2
435,207,3,2
435,208,3,2
435,209,3,2
435,210,3,2
435,211,3,2
435,212,3,2
435,213,3,2
435,214,3,2
435,215,3,2
435,216,3,2
435,217,3,2
435,218,3,2
435,219,3,2
435,220,3,2
435,221,3,2
435,222,3,2
435,223,3,2
435,224,3,2
435,225,3,2
435,226,3,2
435,227,3,2
435,228,3,2
435,229,3,2
435,230,3,2
435,231,3,2
435,232,3,2
435,233,3,2
435,234,3,2
435,235,3,2
435,236,3,2
435,237,3,2
435,238,3,2
435,239,3,2
435,240,3,2
435,241,3,2
435,242,3,2
435,243,3,2
435,244,3,2
435,245,3,2
435,246,3,2
435,247,3,2
435,248,3,2
435,249,3,2
435,250,3,2
435,251,3,2
435,252,3,2
435,253,3,2
435,254,3,2
435,255,3,2
435,256,3,2
435,257,3,2
435,258,3,2
435,259,3,2
435,260,3,2
435,261,3,2
435,262,3,2
435,263,3,2
435,264,3,2
435,265,3,2
435,266,3,2
435,267,3,2
435,268,3,2
435,269,3,2
435,270,3,2
435,271,3,2
435,272,3,2
435,273,3,2
435,274,3,2
435,275,3,2
435,276,3,2
435,277,3,2
435,278,3,2
435,279,3,2
435,280,3,2
435,281,3,2
435,282,3,2
435,283,3,2
435,284,3,2
435,285,3,2
435,286,3,2
435,287,3,2
435,288,3,2
435,289,3,2
435,290,3,2
435,291,3,2
435,292,3,2
435,293,3,2
435,294,3,2
435,295,3,2
435,296,3,2
435,297,3,2
435,298,3,2
435,299,3,2
435,300,3,2
435,301,3,2
435,302,3,2
435,303,3,2
435,304,3,2
435,305,3,2
435,306,3,2
435,307,3,2
435,308,3,2
435,309,3,2
435,310,3,2
435,311,3,2
435,312,3,2
435,313,3,2
435,314,3,2
435,315,3,2
435,316,3,2
435,317,3,2
435,318,3,2
435,319,3,2
435,320,3,2
435,321,3,2
435,322,3,2
435,323,3,2
435,324,3,2
435,325,3,2
435,326,3,2
435,327,3,2
435,328,3,2
435,329,3,2
435,330,3,2
435,331,3,2
435,332,3,2
435,333,3,2
435,334,3,2
435,335,3,2
435,336,3,2
435,337,3,2
435,338,3,2
435,339,3,2
435,340,3,2
435,341,3,2
435,342,3,2
435,343,3,2
435,344,3,2
435,345,3,2
435,346,3,2
435,347,3,2
435,348,3,2
435,349,3,2
435,350,3,2
435,351,3,2
435,352,3,2
435,353,3,2
435,354,3,2
435,355,3,2
435,356,3,2
435,357,3,2
435,358,3,2
435,359,3,2
435,360,3,2
435,361,3,2
435,362,3,2
435,363,3,2
435,364,3,2
435,365,3,2
435,366,3,2
435,367,3,2
435,368,3,2
435,369,3,2
435,370,3,2
435,371,3,2
435,372,3,2
435,373,3,2
435,374,3,2
435,375,3,2
435,376,3,2
435,377,3,2
435,378,3,2
435,379,3,2
435,380,3,2
435,381,3,2
435,382,3,2
435,383,3,2
435,384,3,2
435,385,3,2
435,386,3,2
435,387,3,2
435,388,3,2
435,389,3,2
435,390,3,2
435,391,3,2
435,392,3,2
435,393,3,2
435,394,3,2
435,395,3,2
435,396,3,2
435,397,3,2
435,398,3,2
435,399,3,2
435,400,3,2
435,401,3,2
435,402,3,2
435,403,3,2
435,404,3,2
435,405,3,2
435,406,3,3
435,407,3,3
435,408,3,3
435,409,3,3
435,410,3,3
435,411,3,3
435,412,3,3
435,413,3,3
435,414,3,3
435,415,3,3
435,416,3,3
435,417,3,3
435,418,3,3
435,419,3,3
435,420,3,3
435,421,3,3
435,422,3,3
435,423,3,3
435,424,3,3
435,425,3,3
435,426,3,3
435,427,3,3
435,428,3,3
435,429,3,3
435,430,3,3
435,431,3,3
435,432,3,3
435,433,3,3
435,434,3,3
435,435,3,3
435,436,3,3
435,437,3,3
435,438,3,3
435,439,3,3
435,440,3,3
435,441,3,3
435,442,3,3
435,443,3,3
435,444,3,3
435,445,3,3
435,446,3,3
435,447,3,3
435,448,3,3
435,449,3,3
435,450,3,3
435,451,3,3
435,452,3,3
435,453,3,3
435,454,3,3
435,455,3,3
435,456,3,2
435,457,3,3
435,458,3,3
435,459,3,3
435,460,3,2
435,461,3,2
435,462,3,2
435,463,3,2
435,464,3,2
435,465,3,2
435,466,3,2
435,467,3,2
435,468,3,2
435,469,3,2
435,470,3,2
435,471,3,2
435,472,3,2
435,473,3,2
435,474,3,2
435,475,3,2
435,476,3,2
435,477,3,2
435,478,3,2
435,479,3,2
435,480,3,2
435,481,3,2
435,482,3,2
435,483,3,2
435,484,3,2
435,485,3,2
435,486,3,2
435,487,3,2
435,488,3,2
435,489,3,2
435,490,3,2
435,491,3,2
435,492,3,2
435,493,3,2
435,494,3,2
435,495,3,2
435,496,3,2
435,497,3,2
435,498,3,2
435,499,3,2
435,500,3,2
435,501,3,2
435,502,3,2
435,503,3,2
435,504,3,2
435,505,3,2
435,506,3,2
435,507,3,2
435,508,3,2
435,509,3,2
435,510,3,2
435,511,3,2
435,512,3,2
435,513,3,2
435,514,3,2
435,515,3,2
435,516,3,2
435,517,3,2
435,518,3,2
435,519,3,2
435,520,3,2
435,521,3,2
435,522,3,2
435,523,3,2
435,524,3,2
435,525,3,2
435,526,3,2
435,527,3,2
435,528,3,2
435,529,3,2
435,530,3,2
435,531,3,2
435,532,3,2
435,533,3,2
435,534,3,2
435,535,3,2
435,536,3,2
435,537,3,2
435,538,3,2
435,539,3,2
435,540,3,2
435,541,3,2
435,542,3,3
435,543,3,2
435,544,3,2
435,545,3,2
435,546,3,2
435,547,3,2
435,548,3,2
435,549,3,2
435,550,3,2
435,551,3,2
435,552,3,2
435,553,3,2
435,554,3,2
435,555,3,2
435,556,3,2
435,557,3,2
435,558,3,2
435,559,3,2
435,560,3,2
435,561,3,2
435,562,3,2
435,563,3,2
435,564,3,2
435,565,3,2
435,566,3,2
435,567,3,2
435,568,3,2
435,569,3,2
435,570,3,2
435,571,3,2
435,572,3,2
435,573,3,2
435,574,3,2
435,575,3,2
435,576,3,2
435,577,3,2
435,578,3,2
435,579,3,2
435,580,3,2
435,581,3,2
435,582,3,2
435,583,3,2
435,584,3,2
435,585,3,2
435,586,3,2
435,587,3,2
435,588,3,2
435,589,3,2
435,590,3,2
435,591,3,2
435,592,3,2
435,593,3,2
435,594,3,2
435,595,3,2
435,596,3,2
435,597,3,2
435,598,3,2
435,599,3,2
435,600,3,2
435,601,3,2
435,602,3,2
435,603,3,2
435,604,3,2
435,605,3,2
435,606,3,2
435,607,3,2
435,608,3,2
435,609,3,2
435,610,3,2
435,611,3,2
435,612,3,2
435,613,3,2
435,614,3,2
435,615,3,2
435,616,3,2
435,617,3,2
435,618,3,2
435,619,3,2
435,620,3,2
435,621,3,2
435,622,3,2
435,623,3,2
435,624,3,2
435,625,3,2
435,626,3,2
435,627,3,2
435,628,3,2
435,629,3,2
435,630,3,2
435,631,3,2
435,632,3,2
435,633,3,2
435,634,3,2
435,635,3,2
435,636,3,2
435,637,3,2
435,638,3,2
435,639,3,2
435,640,3,2
435,641,3,2
435,642,3,2
435,643,3,2
435,644,3,2
435,645,3,2
435,646,3,2
435,647,3,2
435,648,3,2
435,649,3,2
435,650,3,2
435,651,3,2
435,652,3,2
435,653,3,2
435,654,3,2
435,655,3,2
435,656,3,2
435,657,3,2
435,658,3,2
435,659,3,2
435,660,3,2
435,661,3,2
435,662,3,2
435,663,3,2
435,664,3,2
435,665,3,2
435,666,3,2
435,667,3,2
435,668,3,2
435,669,3,2
435,670,3,2
435,671,3,2
435,672,3,2
435,673,3,2
436,67,3,2
436,68,3,2
436,69,3,2
436,70,3,2
436,71,3,2
436,72,3,2
436,73,3,2
436,74,3,2
436,75,3,2
436,76,3,2
436,77,3,2
436,78,3,2
436,79,3,2
436,80,3,2
436,81,3,2
436,82,3,2
436,83,3,2
436,84,3,2
436,85,3,2
436,86,3,2
436,87,3,2
436,88,3,2
436,89,3,2
436,90,3,2
436,91,3,2
436,92,3,2
436,93,3,2
436,94,3,2
436,95,3,2
436,96,3,2
436,97,3,2
436,98,3,2
436,99,3,2
436,100,3,2
436,101,3,2
436,102,3,2
436,103,3,2
436,104,3,2
436,105,3,2
436,106,3,2
436,107,3,2
436,108,3,2
436,109,3,2
436,110,3,2
436,111,3,2
436,112,3,2
436,113,3,2
436,114,3,2
436,115,3,2
436,116,3,2
436,117,3,2
436,118,3,2
436,119,3,2
436,120,3,2
436,121,3,2
436,122,3,2
436,123,3,2
436,124,3,2
436,125,3,2
436,126,3,2
436,127,3,2
436,128,3,2
436,129,3,2
436,130,3,2
436,131,3,2
436,132,3,2
436,133,3,2
436,134,3,2
436,135,3,2
436,136,3,2
436,137,3,2
436,138,3,2
436,139,3,2
436,140,3,2
436,141,3,2
436,142,3,2
436,143,3,2
436,144,3,2
436,145,3,2
436,146,3,2
436,147,3,2
436,148,3,2
436,149,3,2
436,150,3,2
436,151,3,2
436,152,3,2
436,153,3,2
436,154,3,2
436,155,3,2
436,156,3,2
436,157,3,2
436,158,3,2
436,159,3,2
436,160,3,2
436,161,3,2
436,162,3,2
436,163,3,2
436,164,3,2
436,165,3,2
436,166,3,2
436,167,3,2
436,168,3,2
436,169,3,2
436,170,3,2
436,171,3,2
436,172,3,2
436,173,3,2
436,174,3,2
436,175,3,2
436,176,3,2
436,177,3,2
436,178,3,2
436,179,3,2
436,180,3,2
436,181,3,2
436,182,3,2
436,183,3,2
436,184,3,2
436,185,3,2
436,186,3,2
436,187,3,2
436,188,3,2
436,189,3,2
436,190,3,2
436,191,3,2
436,192,3,2
436,193,3,2
436,194,3,2
436,195,3,2
436,196,3,2
436,197,3,2
436,198,3,2
436,199,3,2
436,200,3,2
436,201,3,2
436,202,3,2
436,203,3,2
436,204,3,2
436,205,3,2
436,206,3,2
436,207,3,2
436,208,3,2
436,209,3,2
436,210,3,2
436,211,3,2
436,212,3,2
436,213,3,2
436,214,3,2
436,215,3,2
436,216,3,2
436,217,3,2
436,218,3,2
436,219,3,2
436,220,3,2
436,221,3,2
436,222,3,2
436,223,3,2
436,224,3,2
436,225,3,2
436,226,3,2
436,227,3,2
436,228,3,2
436,229,3,2
436,230,3,2
436,231,3,2
436,232,3,2
436,233,3,2
436,234,3,2
436,235,3,2
436,236,3,2
436,237,3,2
436,238,3,2
436,239,3,2
436,240,3,2
436,241,3,2
436,242,3,2
436,243,3,2
436,244,3,2
436,245,3,2
436,246,3,2
436,247,3,2
436,248,3,2
436,249,3,2
436,250,3,2
436,251,3,2
436,252,3,2
436,253,3,2
436,254,3,2
436,255,3,2
436,256,3,2
436,257,3,2
436,258,3,2
436,259,3,2
436,260,3,2
436,261,3,2
436,262,3,2
436,263,3,2
436,264,3,2
436,265,3,2
436,266,3,2
436,267,3,2
436,268,3,2
436,269,3,2
436,270,3,2
436,271,3,2
436,272,3,2
436,273,3,2
436,274,3,2
436,275,3,2
436,276,3,2
436,277,3,2
436,278,3,2
436,279,3,2
436,280,3,2
436,281,3,2
436,282,3,2
436,283,3,2
436,284,3,2
436,285,3,2
436,286,3,2
436,287,3,2
436,288,3,2
436,289,3,2
436,290,3,2
436,291,3,2
436,292,3,2
436,293,3,2
436,294,3,2
436,295,3,2
436,296,3,2
436,297,3,2
436,298,3,2
436,299,3,2
436,300,3,2
436,301,3,2
436,302,3,2
436,303,3,2
436,304,3,2
436,305,3,2
436,306,3,2
436,307,3,2
436,308,3,2
436,309,3,2
436,310,3,2
436,311,3,2
436,312,3,2
436,313,3,2
436,314,3,2
436,315,3,2
436,316,3,2
436,317,3,2
436,318,3,2
436,319,3,2
436,320,3,2
436,321,3,2
436,322,3,2
436,323,3,2
436,324,3,2
436,325,3,2
436,326,3,2
436,327,3,2
436,328,3,2
436,329,3,2
436,330,3,2
436,331,3,2
436,332,3,2
436,333,3,2
436,334,3,2
436,335,3,2
436,336,3,2
436,337,3,2
436,338,3,2
436,339,3,2
436,340,3,2
436,341,3,2
436,342,3,2
436,343,3,2
436,344,3,2
436,345,3,2
436,346,3,2
436,347,3,2
436,348,3,2
436,349,3,2
436,350,3,2
436,351,3,2
436,352,3,2
436,353,3,2
436,354,3,2
436,355,3,2
436,356,3,2
436,357,3,2
436,358,3,2
436,359,3,2
436,360,3,2
436,361,3,2
436,362,3,2
436,363,3,2
436,364,3,2
436,365,3,2
436,366,3,2
436,367,3,2
436,368,3,2
436,369,3,2
436,370,3,2
436,371,3,2
436,372,3,2
436,373,3,2
436,374,3,2
436,375,3,2
436,376,3,2
436,377,3,2
436,378,3,2
436,379,3,2
436,380,3,2
436,381,3,2
436,382,3,2
436,383,3,2
436,384,3,2
436,385,3,2
436,386,3,2
436,387,3,2
436,388,3,2
436,389,3,2
436,390,3,2
436,391,3,2
436,392,3,2
436,393,3,2
436,394,3,2
436,395,3,2
436,396,3,2
436,397,3,2
436,398,3,2
436,399,3,2
436,400,3,2
436,401,3,2
436,402,3,2
436,403,3,2
436,404,3,2
436,405,3,3
436,406,3,3
436,407,3,3
436,408,3,3
436,409,3,3
436,410,3,3
436,411,3,3
436,412,3,3
436,413,3,3
436,414,3,3
436,415,3,3
436,416,3,3
436,417,3,3
436,418,3,3
436,419,3,3
436,420,3,3
436,421,3,3
436,422,3,3
436,423,3,3
436,424,3,3
436,425,3,3
436,426,3,3
436,427,3,3
436,428,3,3
436,429,3,3
436,430,3,3
436,431,3,3
436,432,3,3
436,433,3,3
436,434,3,3
436,435,3,3
436,436,3,3
436,437,3,3
436,438,3,3
436,439,3,3
436,440,3,3
436,441,3,3
436,442,3,3
436,443,3,3
436,444,3,3
436,445,3,3
436,446,3,3
436,447,3,3
436,448,3,3
436,449,3,3
436,450,3,3
436,451,3,3
436,452,3,3
436,453,3,3
436,454,3,3
436,455,3,3
436,456,3,3
436,457,3,3
436,458,3,3
436,459,3,3
436,460,3,3
436,461,3,3
436,462,3,2
436,463,3,2
436,464,3,2
436,465,3,2
436,466,3,2
436,467,3,2
436,468,3,2
436,469,3,2
436,470,3,2
436,471,3,2
436,472,3,2
436,473,3,2
436,474,3,2
436,475,3,2
436,476,3,2
436,477,3,2
436,478,3,2
436,479,3,2
436,480,3,2
436,481,3,2
436,482,3,2
436,483,3,2
436,484,3,2
436,485,3,2
436,486,3,2
436,487,3,2
436,488,3,2
436,489,3,2
436,490,3,2
436,491,3,2
436,492,3,2
436,493,3,2
436,494,3,2
436,495,3,2
436,496,3,2
436,497,3,2
436,498,3,2
436,499,3,2
436,500,3,2
436,501,3,2
436,502,3,2
436,503,3,2
436,504,3,2
436,505,3,2
436,506,3,2
436,507,3,2
436,508,3,2
436,509,3,2
436,510,3,2
436,511,3,2
436,512,3,2
436,513,3,2
436,514,3,2
436,515,3,2
436,516,3,2
436,517,3,2
436,518,3,2
436,519,3,2
436,520,3,2
436,521,3,2
436,522,3,2
436,523,3,2
436,524,3,2
436,525,3,2
436,526,3,2
436,527,3,2
436,528,3,2
436,529,3,2
436,530,3,2
436,531,3,2
436,532,3,2
436,533,3,2
436,534,3,2
436,535,3,2
436,536,3,2
436,537,3,2
436,538,3,2
436,539,3,2
436,540,3,3
436,541,3,3
436,542,3,3
436,543,3,2
436,544,3,2
436,545,3,2
436,546,3,2
436,547,3,2
436,548,3,2
436,549,3,2
436,550,3,2
436,551,3,2
436,552,3,2
436,553,3,2
436,554,3,2
436,555,3,2
436,556,3,2
436,557,3,2
436,558,3,2
436,559,3,2
436,560,3,2
436,561,3,2
436,562,3,2
436,563,3,2
436,564,3,2
436,565,3,2
436,566,3,2
436,567,3,2
436,568,3,2
436,569,3,2
436,570,3,2
436,571,3,2
436,572,3,2
436,573,3,2
436,574,3,2
436,575,3,2
436,576,3,2
436,577,3,2
436,578,3,2
436,579,3,2
436,580,3,2
436,581,3,2
436,582,3,2
436,583,3,2
436,584,3,2
436,585,3,2
436,586,3,2
436,587,3,2
436,588,3,2
436,589,3,2
436,590,3,2
436,591,3,2
436,592,3,2
436,593,3,2
436,594,3,2
436,595,3,2
436,596,3,2
436,597,3,2
436,598,3,2
436,599,3,2
436,600,3,2
436,601,3,2
436,602,3,2
436,603,3,2
436,604,3,2
436,605,3,2
436,606,3,2
436,607,3,2
436,608,3,2
436,609,3,2
436,610,3,2
436,611,3,2
436,612,3,2
436,613,3,2
436,614,3,2
436,615,3,2
436,616,3,2
436,617,3,2
436,618,3,2
436,619,3,2
436,620,3,2
436,621,3,2
436,622,3,2
436,623,3,2
436,624,3,2
436,625,3,2
436,626,3,2
436,627,3,2
436,628,3,2
436,629,3,2
436,630,3,2
436,631,3,2
436,632,3,2
436,633,3,2
436,634,3,2
436,635,3,2
436,636,3,2
436,637,3,2
436,638,3,2
436,639,3,2
436,640,3,2
436,641,3,2
436,642,3,2
436,643,3,2
436,644,3,2
436,645,3,2
436,646,3,2
436,647,3,2
436,648,3,2
436,649,3,2
436,650,3,2
436,651,3,2
436,652,3,2
436,653,3,2
436,654,3,2
436,655,3,2
436,656,3,2
436,657,3,2
436,658,3,2
436,659,3,2
436,660,3,2
436,661,3,2
436,662,3,2
436,663,3,2
436,664,3,2
436,665,3,2
436,666,3,2
436,667,3,2
436,668,3,2
436,669,3,2
436,670,3,2
436,671,3,2
437,67,3,2
437,68,3,2
437,69,3,2
437,70,3,2
437,71,3,2
437,72,3,2
437,73,3,2
437,74,3,2
437,75,3,2
437,76,3,2
437,77,3,2
437,78,3,2
437,79,3,2
437,80,3,2
437,81,3,2
437,82,3,2
437,83,3,2
437,84,3,2
437,85,3,2
437,86,3,2
437,87,3,2
437,88,3,2
437,89,3,2
437,90,3,2
437,91,3,2
437,92,3,2
437,93,3,2
437,94,3,2
437,95,3,2
437,96,3,2
437,97,3,2
437,98,3,2
437,99,3,2
437,100,3,2
437,101,3,2
437,102,3,2
437,103,3,2
437,104,3,2
437,105,3,2
437,106,3,2
437,107,3,2
437,108,3,2
437,109,3,2
437,110,3,2
437,111,3,2
437,112,3,2
437,113,3,2
437,114,3,2
437,115,3,2
437,116,3,2
437,117,3,2
437,118,3,2
437,119,3,2
437,120,3,2
437,121,3,2
437,122,3,2
437,123,3,2
437,124,3,2
437,125,3,2
437,126,3,2
437,127,3,2
437,128,3,2
437,129,3,2
437,130,3,2
437,131,3,2
437,132,3,2
437,133,3,2
437,134,3,2
437,135,3,2
437,136,3,2
437,137,3,2
437,138,3,2
437,139,3,2
437,140,3,2
437,141,3,2
437,142,3,2
437,143,3,2
437,144,3,2
437,145,3,2
437,146,3,2
437,147,3,2
437,148,3,2
437,149,3,2
437,150,3,2
437,151,3,2
437,152,3,2
437,153,3,2
437,154,3,2
437,155,3,2
437,156,3,2
437,157,3,2
437,158,3,2
437,159,3,2
437,160,3,2
437,161,3,2
437,162,3,2
437,163,3,2
437,164,3,2
437,165,3,2
437,166,3,2
437,167,3,2
437,168,3,2
437,169,3,2
437,170,3,2
437,171,3,2
437,172,3,2
437,173,3,2
437,174,3,2
437,175,3,2
437,176,3,2
437,177,3,2
437,178,3,2
437,179,3,2
437,180,3,2
437,181,3,2
437,182,3,2
437,183,3,2
437,184,3,2
437,185,3,2
437,186,3,2
437,187,3,2
437,188,3,2
437,189,3,2
437,190,3,2
437,191,3,2
437,192,3,2
437,193,3,2
437,194,3,2
437,195,3,2
437,196,3,2
437,197,3,2
437,198,3,2
437,199,3,2
437,200,3,2
437,201,3,2
437,202,3,2
437,203,3,2
437,204,3,2
437,205,3,2
437,206,3,2
437,207,3,2
437,208,3,2
437,209,3,2
437,210,3,2
437,211,3,2
437,212,3,2
437,213,3,2
437,214,3,2
437,215,3,2
437,216,3,2
437,217,3,2
437,218,3,2
437,219,3,2
437,220,3,2
437,221,3,2
437,222,3,2
437,223,3,2
437,224,3,2
437,225,3,2
437,226,3,2
437,227,3,2
437,228,3,2
437,229,3,2
437,230,3,2
437,231,3,2
437,232,3,2
437,233,3,2
437,234,3,2
437,235,3,2
437,236,3,2
437,237,3,2
437,238,3,2
437,239,3,2
437,240,3,2
437,241,3,2
437,242,3,2
437,243,3,2
437,244,3,2
437,245,3,2
437,246,3,2
437,247,3,2
437,248,3,2
437,249,3,2
437,250,3,2
437,251,3,2
437,252,3,2
437,253,3,2
437,254,3,2
437,255,3,2
437,256,3,2
437,257,3,2
437,258,3,2
437,259,3,2
437,260,3,2
437,261,3,2
437,262,3,2
437,263,3,2
437,264,3,2
437,265,3,2
437,266,3,2
437,267,3,2
437,268,3,2
437,269,3,2
437,270,3,2
437,271,3,2
437,272,3,2
437,273,3,2
437,274,3,2
437,275,3,2
437,276,3,2
437,277,3,2
437,278,3,2
437,279,3,2
437,280,3,2
437,281,3,2
437,282,3,2
437,283,3,2
437,284,3,2
437,285,3,2
437,286,3,2
437,287,3,2
437,288,3,2
437,289,3,2
437,290,3,2
437,291,3,2
437,292,3,2
437,293,3,2
437,294,3,2
437,295,3,2
437,296,3,2
437,297,3,2
437,298,3,2
437,299,3,2
437,300,3,2
437,301,3,2
437,302,3,2
437,303,3,2
437,304,3,2
437,305,3,2
437,306,3,2
437,307,3,2
437,308,3,2
437,309,3,2
437,310,3,2
437,311,3,2
437,312,3,2
437,313,3,2
437,314,3,2
437,315,3,2
437,316,3,2
437,317,3,2
437,318,3,2
437,319,3,2
437,320,3,2
437,321,3,2
437,322,3,2
437,323,3,2
437,324,3,2
437,325,3,2
437,326,3,2
437,327,3,2
437,328,3,2
437,329,3,2
437,330,3,2
437,331,3,2
437,332,3,2
437,333,3,2
437,334,3,2
437,335,3,2
437,336,3,2
437,337,3,2
437,338,3,2
437,339,3,2
437,340,3,2
437,341,3,2
437,342,3,2
437,343,3,2
437,344,3,2
437,345,3,2
437,346,3,2
437,347,3,2
437,348,3,2
437,349,3,2
437,350,3,2
437,351,3,2
437,352,3,2
437,353,3,2
437,354,3,2
437,355,3,2
437,356,3,2
437,357,3,2
437,358,3,2
437,359,3,2
437,360,3,2
437,361,3,2
437,362,3,2
437,363,3,2
437,364,3,2
437,365,3,2
437,366,3,2
437,367,3,2
437,368,3,2
437,369,3,2
437,370,3,2
437,371,3,2
437,372,3,2
437,373,3,2
437,374,3,2
437,375,3,2
437,376,3,2
437,377,3,2
437,378,3,2
437,379,3,2
437,380,3,2
437,381,3,2
437,382,3,2
437,383,3,2
437,384,3,2
437,385,3,2
437,386,3,2
437,387,3,2
437,388,3,2
437,389,3,2
437,390,3,2
437,391,3,2
437,392,3,2
437,393,3,2
437,394,3,2
437,395,3,2
437,396,3,2
437,397,3,2
437,398,3,2
437,399,3,2
437,400,3,2
437,401,3,2
437,402,3,2
437,403,3,2
437,404,3,2
437,405,3,3
437,406,3,3
437,407,3,3
437,408,3,3
437,409,3,3
437,410,3,3
437,411,3,3
437,412,3,3
437,413,3,3
437,414,3,3
437,415,3,3
437,416,3,3
437,417,3,3
437,418,3,3
437,419,3,3
437,420,3,3
437,421,3,3
437,422,3,3
437,423,3,3
437,424,3,3
437,425,3,3
437,426,3,3
437,427,3,3
437,428,3,3
437,429,3,3
437,430,3,3
437,431,3,3
437,432,3,3
437,433,3,3
437,434,3,3
437,435,3,3
437,436,3,3
437,437,3,3
437,438,3,3
437,439,3,3
437,440,3,3
437,441,3,3
437,442,3,3
437,443,3,3
437,444,3,3
437,445,3,3
437,446,3,3
437,447,3,3
437,448,3,3
437,449,3,3
437,450,3,3
437,451,3,3
437,452,3,3
437,453,3,3
437,454,3,3
437,455,3,3
437,456,3,3
437,457,3,3
437,458,3,3
437,459,3,3
437,460,3,3
437,461,3,3
437,462,3,3
437,463,3,3
437,464,3,3
437,465,3,3
437,466,3,3
437,467,3,3
437,468,3,3
437,469,3,2
437,470,3,2
437,471,3,2
437,472,3,2
437,473,3,2
437,474,3,2
437,475,3,2
437,476,3,2
437,477,3,2
437,478,3,2
437,479,3,2
437,480,3,2
437,481,3,2
437,482,3,2
437,483,3,2
437,484,3,2
437,485,3,2
437,486,3,2
437,487,3,2
437,488,3,2
437,489,3,2
437,490,3,2
437,491,3,2
437,492,3,2
437,493,3,2
437,494,3,2
437,495,3,2
437,496,3,2
437,497,3,2
437,498,3,2
437,499,3,2
437,500,3,2
437,501,3,2
437,502,3,2
437,503,3,2
437,504,3,2
437,505,3,2
437,506,3,2
437,507,3,2
437,508,3,2
437,509,3,2
437,510,3,2
437,511,3,2
437,512,3,2
437,513,3,2
437,514,3,2
437,515,3,2
437,516,3,2
437,517,3,2
437,518,3,2
437,519,3,2
437,520,3,2
437,521,3,2
437,522,3,2
437,523,3,2
437,524,3,2
437,525,3,2
437,526,3,2
437,527,3,2
437,528,3,2
437,529,3,2
437,530,3,2
437,531,3,2
437,532,3,2
437,533,3,2
437,534,3,2
437,535,3,2
437,536,3,2
437,537,3,3
437,538,3,3
437,539,3,3
437,540,3,3
437,541,3,3
437,542,3,3
437,543,3,3
437,544,3,2
437,545,3,2
437,546,3,2
437,547,3,2
437,548,3,2
437,549,3,2
437,550,3,2
437,551,3,2
437,552,3,2
437,553,3,2
437,554,3,2
437,555,3,2
437,556,3,2
437,557,3,2
437,558,3,2
437,559,3,2
437,560,3,2
437,561,3,2
437,562,3,2
437,563,3,2
437,564,3,2
437,565,3,2
437,566,3,2
437,567,3,2
437,568,3,2
437,569,3,2
437,570,3,2
437,571,3,2
437,572,3,2
437,573,3,2
437,574,3,2
437,575,3,2
437,576,3,2
437,577,3,2
437,578,3,2
437,579,3,2
437,580,3,2
437,581,3,2
437,582,3,2
437,583,3,2
437,584,3,2
437,585,3,2
437,586,3,2
437,587,3,2
437,588,3,2
437,589,3,2
437,590,3,2
437,591,3,2
437,592,3,2
437,593,3,2
437,594,3,2
437,595,3,2
437,596,3,2
437,597,3,2
437,598,3,2
437,599,3,2
437,600,3,2
437,601,3,2
437,602,3,2
437,603,3,2
437,604,3,2
437,605,3,2
437,606,3,2
437,607,3,2
437,608,3,2
437,609,3,2
437,610,3,2
437,611,3,2
437,612,3,2
437,613,3,2
437,614,3,2
437,615,3,2
437,616,3,2
437,617,3,2
437,618,3,2
437,619,3,2
437,620,3,2
437,621,3,2
437,622,3,2
437,623,3,2
437,624,3,2
437,625,3,2
437,626,3,2
437,627,3,2
437,628,3,2
437,629,3,2
437,630,3,2
437,631,3,2
437,632,3,2
437,633,3,2
437,634,3,2
437,635,3,2
437,636,3,2
437,637,3,2
437,638,3,2
437,639,3,2
437,640,3,2
437,641,3,2
437,642,3,2
437,643,3,2
437,644,3,2
437,645,3,2
437,646,3,2
437,647,3,2
437,648,3,2
437,649,3,2
437,650,3,2
437,651,3,2
437,652,3,2
437,653,3,2
437,654,3,2
437,655,3,2
437,656,3,2
437,657,3,2
437,658,3,2
437,659,3,2
437,660,3,2
437,661,3,2
437,662,3,2
437,663,3,2
437,664,3,2
437,665,3,2
437,666,3,2
437,667,3,2
437,668,3,2
437,669,3,2
437,670,3,2
437,671,3,2
438,67,3,2
438,68,3,2
438,69,3,2
438,70,3,2
438,71,3,2
438,72,3,2
438,73,3,2
438,74,3,2
438,75,3,2
438,76,3,2
438,77,3,2
438,78,3,2
438,79,3,2
438,80,3,2
438,81,3,2
438,82,3,2
438,83,3,2
438,84,3,2
438,85,3,2
438,86,3,2
438,87,3,2
438,88,3,2
438,89,3,2
438,90,3,2
438,91,3,2
438,92,3,2
438,93,3,2
438,94,3,2
438,95,3,2
438,96,3,2
438,97,3,2
438,98,3,2
438,99,3,2
438,100,3,2
438,101,3,2
438,102,3,2
438,103,3,2
438,104,3,2
438,105,3,2
438,106,3,2
438,107,3,2
438,108,3,2
438,109,3,2
438,110,3,2
438,111,3,2
438,112,3,2
438,113,3,2
438,114,3,2
438,115,3,2
438,116,3,2
438,117,3,2
438,118,3,2
438,119,3,2
438,120,3,2
438,121,3,2
438,122,3,2
438,123,3,2
438,124,3,2
438,125,3,2
438,126,3,2
438,127,3,2
438,128,3,2
438,129,3,2
438,130,3,2
438,131,3,2
438,132,3,2
438,133,3,2
438,134,3,2
438,135,3,2
438,136,3,2
438,137,3,2
438,138,3,2
438,139,3,2
438,140,3,2
438,141,3,2
438,142,3,2
438,143,3,2
438,144,3,2
438,145,3,2
438,146,3,2
438,147,3,2
438,148,3,2
438,149,3,2
438,150,3,2
438,151,3,2
438,152,3,2
438,153,3,2
438,154,3,2
438,155,3,2
438,156,3,2
438,157,3,2
438,158,3,2
438,159,3,2
438,160,3,2
438,161,3,2
438,162,3,2
438,163,3,2
438,164,3,2
438,165,3,2
438,166,3,2
438,167,3,2
438,168,3,2
438,169,3,2
438,170,3,2
438,171,3,2
438,172,3,2
438,173,3,2
438,174,3,2
438,175,3,2
438,176,3,2
438,177,3,2
438,178,3,2
438,179,3,2
438,180,3,2
438,181,3,2
438,182,3,2
438,183,3,2
438,184,3,2
438,185,3,2
438,186,3,2
438,187,3,2
438,188,3,2
438,189,3,2
438,190,3,2
438,191,3,2
438,192,3,2
438,193,3,2
438,194,3,2
438,195,3,2
438,196,3,2
438,197,3,2
438,198,3,2
438,199,3,2
438,200,3,2
438,201,3,2
438,202,3,2
438,203,3,2
438,204,3,2
438,205,3,2
438,206,3,2
438,207,3,2
438,208,3,2
438,209,3,2
438,210,3,2
438,211,3,2
438,212,3,2
438,213,3,2
438,214,3,2
438,215,3,2
438,216,3,2
438,217,3,2
438,218,3,2
438,219,3,2
438,220,3,2
438,221,3,2
438,222,3,2
438,223,3,2
438,224,3,2
438,225,3,2
438,226,3,2
438,227,3,2
438,228,3,2
438,229,3,2
438,230,3,2
438,231,3,2
438,232,3,2
438,233,3,2
438,234,3,2
438,235,3,2
438,236,3,2
438,237,3,2
438,238,3,2
438,239,3,2
438,240,3,2
438,241,3,2
438,242,3,2
438,243,3,2
438,244,3,2
438,245,3,2
438,246,3,2
438,247,3,2
438,248,3,2
438,249,3,2
438,250,3,2
438,251,3,2
438,252,3,2
438,253,3,2
438,254,3,2
438,255,3,2
438,256,3,2
438,257,3,2
438,258,3,2
438,259,3,2
438,260,3,2
438,261,3,2
438,262,3,2
438,263,3,2
438,264,3,2
438,265,3,2
438,266,3,2
438,267,3,2
438,268,3,2
438,269,3,2
438,270,3,2
438,271,3,2
438,272,3,2
438,273,3,2
438,274,3,2
438,275,3,2
438,276,3,2
438,277,3,2
438,278,3,2
438,279,3,2
438,280,3,2
438,281,3,2
438,282,3,2
438,283,3,2
438,284,3,2
438,285,3,2
438,286,3,2
438,287,3,2
438,288,3,2
438,289,3,2
438,290,3,2
438,291,3,2
438,292,3,2
438,293,3,2
438,294,3,2
438,295,3,2
438,296,3,2
438,297,3,2
438,298,3,2
438,299,3,2
438,300,3,2
438,301,3,2
438,302,3,2
438,303,3,2
438,304,3,2
438,305,3,2
438,306,3,2
438,307,3,2
438,308,3,2
438,309,3,2
438,310,3,2
438,311,3,2
438,312,3,2
438,313,3,2
438,314,3,2
438,315,3,2
438,316,3,2
438,317,3,2
438,318,3,2
438,319,3,2
438,320,3,2
438,321,3,2
438,322,3,2
438,323,3,2
438,324,3,2
438,325,3,2
438,326,3,2
438,327,3,2
438,328,3,2
438,329,3,2
438,330,3,2
438,331,3,2
438,332,3,2
438,333,3,2
438,334,3,2
438,335,3,2
438,336,3,2
438,337,3,2
438,338,3,2
438,339,3,2
438,340,3,2
438,341,3,2
438,342,3,2
438,343,3,2
438,344,3,2
438,345,3,2
438,346,3,2
438,347,3,2
438,348,3,2
438,349,3,2
438,350,3,2
438,351,3,2
438,352,3,2
438,353,3,2
438,354,3,2
438,355,3,2
438,356,3,2
438,357,3,2
438,358,3,2
438,359,3,2
438,360,3,2
438,361,3,2
438,362,3,2
438,363,3,2
438,364,3,2
438,365,3,2
438,366,3,2
438,367,3,2
438,368,3,2
438,369,3,2
438,370,3,2
438,371,3,2
438,372,3,2
438,373,3,2
438,374,3,2
438,375,3,2
438,376,3,2
438,377,3,2
438,378,3,2
438,379,3,2
438,380,3,2
438,381,3,2
438,382,3,2
438,383,3,2
438,384,3,2
438,385,3,2
438,386,3,2
438,387,3,2
438,388,3,2
438,389,3,2
438,390,3,2
438,391,3,2
438,392,3,2
438,393,3,2
438,394,3,2
438,395,3,2
438,396,3,2
438,397,3,2
438,398,3,2
438,399,3,2
438,400,3,2
438,401,3,2
438,402,3,2
438,403,3,2
438,404,3,2
438,405,3,3
438,406,3,3
438,407,3,3
438,408,3,3
438,409,3,3
438,410,3,3
438,411,3,3
438,412,3,3
438,413,3,3
438,414,3,3
438,415,3,3
438,416,3,3
438,417,3,3
438,418,3,3
438,419,3,3
438,420,3,3
438,421,3,3
438,422,3,3
438,423,3,3
438,424,3,3
438,425,3,3
438,426,3,3
438,427,3,3
438,428,3,3
438,429,3,3
438,430,3,3
438,431,3,3
438,432,3,3
438,433,3,3
438,434,3,3
438,435,3,3
438,436,3,3
438,437,3,3
438,438,3,3
438,439,3,3
438,440,3,3
438,441,3,3
438,442,3,3
438,443,3,3
438,444,3,3
438,445,3,3
438,446,3,3
438,447,3,3
438,448,3,3
438,449,3,3
438,450,3,3
438,451,3,3
438,452,3,3
438,453,3,3
438,454,3,3
438,455,3,3
438,456,3,3
438,457,3,3
438,458,3,3
438,459,3,3
438,460,3,3
438,461,3,3
438,462,3,3
438,463,3,3
438,464,3,3
438,465,3,3
438,466,3,3
438,467,3,3
438,468,3,3
438,469,3,3
438,470,3,3
438,471,3,2
438,472,3,2
438,473,3,2
438,474,3,2
438,475,3,2
438,476,3,2
438,477,3,2
438,478,3,2
438,479,3,2
438,480,3,2
438,481,3,2
438,482,3,2
438,483,3,2
438,484,3,2
438,485,3,2
438,486,3,2
438,487,3,2
438,488,3,2
438,489,3,2
438,490,3,2
438,491,3,2
438,492,3,2
438,493,3,2
438,494,3,2
438,495,3,2
438,496,3,2
438,497,3,2
438,498,3,2
438,499,3,2
438,500,3,2
438,501,3,2
438,502,3,2
438,503,3,2
438,504,3,2
438,505,3,2
438,506,3,2
438,507,3,2
438,508,3,2
438,509,3,2
438,510,3,2
438,511,3,2
438,512,3,2
438,513,3,2
438,514,3,2
438,515,3,2
438,516,3,2
438,517,3,2
438,518,3,2
438,519,3,2
438,520,3,2
438,521,3,2
438,522,3,2
438,523,3,2
438,524,3,2
438,525,3,2
438,526,3,2
438,527,3,2
438,528,3,2
438,529,3,2
438,530,3,2
438,531,3,2
438,532,3,2
438,533,3,2
438,534,3,2
438,535,3,2
438,536,3,2
438,537,3,3
438,538,3,3
438,539,3,3
438,540,3,3
438,541,3,3
438,542,3,3
438,543,3,3
438,544,3,3
438,545,3,2
438,546,3,2
438,547,3,2
438,548,3,2
438,549,3,2
438,550,3,2
438,551,3,2
438,552,3,2
438,553,3,2
438,554,3,2
438,555,3,2
438,556,3,2
438,557,3,2
438,558,3,2
438,559,3,2
438,560,3,2
438,561,3,2
438,562,3,2
438,563,3,2
438,564,3,2
438,565,3,2
438,566,3,2
438,567,3,2
438,568,3,2
438,569,3,2
438,570,3,2
438,571,3,2
438,572,3,2
438,573,3,2
438,574,3,2
438,575,3,2
438,576,3,2
438,577,3,2
438,578,3,2
438,579,3,2
438,580,3,2
438,581,3,2
438,582,3,2
438,583,3,2
438,584,3,2
438,585,3,2
438,586,3,2
438,587,3,2
438,588,3,2
438,589,3,2
438,590,3,2
438,591,3,2
438,592,3,2
438,593,3,2
438,594,3,2
438,595,3,2
438,596,3,2
438,597,3,2
438,598,3,2
438,599,3,2
438,600,3,2
438,601,3,2
438,602,3,2
438,603,3,2
438,604,3,2
438,605,3,2
438,606,3,2
438,607,3,2
438,608,3,2
438,609,3,2
438,610,3,2
438,611,3,2
438,612,3,2
438,613,3,2
438,614,3,2
438,615,3,2
438,616,3,2
438,617,3,2
438,618,3,2
438,619,3,2
438,620,3,2
438,621,3,2
438,622,3,2
438,623,3,2
438,624,3,2
438,625,3,2
438,626,3,2
438,627,3,2
438,628,3,2
438,629,3,2
438,630,3,2
438,631,3,2
438,632,3,2
438,633,3,2
438,634,3,2
438,635,3,2
438,636,3,2
438,637,3,2
438,638,3,2
438,639,3,2
438,640,3,2
438,641,3,2
438,642,3,2
438,643,3,2
438,644,3,2
438,645,3,2
438,646,3,2
438,647,3,2
438,648,3,2
438,649,3,2
438,650,3,2
438,651,3,2
438,652,3,2
438,653,3,2
438,654,3,2
438,655,3,2
438,656,3,2
438,657,3,2
438,658,3,2
438,659,3,2
438,660,3,2
438,661,3,2
438,662,3,2
438,663,3,2
438,664,3,2
438,665,3,2
438,666,3,2
438,667,3,2
438,668,3,2
438,669,3,2
438,670,3,2
438,671,3,2
438,672,3,2
439,67,3,2
439,68,3,2
439,69,3,2
439,70,3,2
439,71,3,2
439,72,3,2
439,73,3,2
439,74,3,2
439,75,3,2
439,76,3,2
439,77,3,2
439,78,3,2
439,79,3,2
439,80,3,2
439,81,3,2
439,82,3,2
439,83,3,2
439,84,3,2
439,85,3,2
439,86,3,2
439,87,3,2
439,88,3,2
439,89,3,2
439,90,3,2
439,91,3,2
439,92,3,2
439,93,3,2
439,94,3,2
439,95,3,2
439,96,3,2
439,97,3,2
439,98,3,2
439,99,3,2
439,100,3,2
439,101,3,2
439,102,3,2
439,103,3,2
439,104,3,2
439,105,3,2
439,106,3,2
439,107,3,2
439,108,3,2
439,109,3,2
439,110,3,2
439,111,3,2
439,112,3,2
439,113,3,2
439,114,3,2
439,115,3,2
439,116,3,2
439,117,3,2
439,118,3,2
439,119,3,2
439,120,3,2
439,121,3,2
439,122,3,2
439,123,3,2
439,124,3,2
439,125,3,2
439,126,3,2
439,127,3,2
439,128,3,2
439,129,3,2
439,130,3,2
439,131,3,2
439,132,3,2
439,133,3,2
439,134,3,2
439,135,3,2
439,136,3,2
439,137,3,2
439,138,3,2
439,139,3,2
439,140,3,2
439,141,3,2
439,142,3,2
439,143,3,2
439,144,3,2
439,145,3,2
439,146,3,2
439,147,3,2
439,148,3,2
439,149,3,2
439,150,3,2
439,151,3,2
439,152,3,2
439,153,3,2
439,154,3,2
439,155,3,2
439,156,3,2
439,157,3,2
439,158,3,2
439,159,3,2
439,160,3,2
439,161,3,2
439,162,3,2
439,163,3,2
439,164,3,2
439,165,3,2
439,166,3,2
439,167,3,2
439,168,3,2
439,169,3,2
439,170,3,2
439,171,3,2
439,172,3,2
439,173,3,2
439,174,3,2
439,175,3,2
439,176,3,2
439,177,3,2
439,178,3,2
439,179,3,2
439,180,3,2
439,181,3,2
439,182,3,2
439,183,3,2
439,184,3,2
439,185,3,2
439,186,3,2
439,187,3,2
439,188,3,2
439,189,3,2
439,190,3,2
439,191,3,2
439,192,3,2
439,193,3,2
439,194,3,2
439,195,3,2
439,196,3,2
439,197,3,2
439,198,3,2
439,199,3,2
439,200,3,2
439,201,3,2
439,202,3,2
439,203,3,2
439,204,3,2
439,205,3,2
439,206,3,2
439,207,3,2
439,208,3,2
439,209,3,2
439,210,3,2
439,211,3,2
439,212,3,2
439,213,3,2
439,214,3,2
439,215,3,2
439,216,3,2
439,217,3,2
439,218,3,2
439,219,3,2
439,220,3,2
439,221,3,2
439,222,3,2
439,223,3,2
439,224,3,2
439,225,3,2
439,226,3,2
439,227,3,2
439,228,3,2
439,229,3,2
439,230,3,2
439,231,3,2
439,232,3,2
439,233,3,2
439,234,3,2
439,235,3,2
439,236,3,2
439,237,3,2
439,238,3,2
439,239,3,2
439,240,3,2
439,241,3,2
439,242,3,2
439,243,3,2
439,244,3,2
439,245,3,2
439,246,3,2
439,247,3,2
439,248,3,2
439,249,3,2
439,250,3,2
439,251,3,2
439,252,3,2
439,253,3,2
439,254,3,2
439,255,3,2
439,256,3,2
439,257,3,2
439,258,3,2
439,259,3,2
439,260,3,2
439,261,3,2
439,262,3,2
439,263,3,2
439,264,3,2
439,265,3,2
439,266,3,2
439,267,3,2
439,268,3,2
439,269,3,2
439,270,3,2
439,271,3,2
439,272,3,2
439,273,3,2
439,274,3,2
439,275,3,2
439,276,3,2
439,277,3,2
439,278,3,2
439,279,3,2
439,280,3,2
439,281,3,2
439,282,3,2
439,283,3,2
439,284,3,2
439,285,3,2
439,286,3,2
439,287,3,2
439,288,3,2
439,289,3,2
439,290,3,2
439,291,3,2
439,292,3,2
439,293,3,2
439,294,3,2
439,295,3,2
439,296,3,2
439,297,3,2
439,298,3,2
439,299,3,2
439,300,3,2
439,301,3,2
439,302,3,2
439,303,3,2
439,304,3,2
439,305,3,2
439,306,3,2
439,307,3,2
439,308,3,2
439,309,3,2
439,310,3,2
439,311,3,2
439,312,3,2
439,313,3,2
439,314,3,2
439,315,3,2
439,316,3,2
439,317,3,2
439,318,3,2
439,319,3,2
439,320,3,2
439,321,3,2
439,322,3,2
439,323,3,2
439,324,3,2
439,325,3,2
439,326,3,2
439,327,3,2
439,328,3,2
439,329,3,2
439,330,3,2
439,331,3,2
439,332,3,2
439,333,3,2
439,334,3,2
439,335,3,2
439,336,3,2
439,337,3,2
439,338,3,2
439,339,3,2
439,340,3,2
439,341,3,2
439,342,3,2
439,343,3,2
439,344,3,2
439,345,3,2
439,346,3,2
439,347,3,2
439,348,3,2
439,349,3,2
439,350,3,2
439,351,3,2
439,352,3,2
439,353,3,2
439,354,3,2
439,355,3,2
439,356,3,2
439,357,3,2
439,358,3,2
439,359,3,2
439,360,3,2
439,361,3,2
439,362,3,2
439,363,3,2
439,364,3,2
439,365,3,2
439,366,3,2
439,367,3,2
439,368,3,2
439,369,3,2
439,370,3,2
439,371,3,2
439,372,3,2
439,373,3,2
439,374,3,2
439,375,3,2
439,376,3,2
439,377,3,2
439,378,3,2
439,379,3,2
439,380,3,2
439,381,3,2
439,382,3,2
439,383,3,2
439,384,3,2
439,385,3,2
439,386,3,2
439,387,3,2
439,388,3,2
439,389,3,2
439,390,3,2
439,391,3,2
439,392,3,2
439,393,3,2
439,394,3,2
439,395,3,2
439,396,3,2
439,397,3,2
439,398,3,2
439,399,3,2
439,400,3,2
439,401,3,2
439,402,3,2
439,403,3,2
439,404,3,3
439,405,3,3
439,406,3,3
439,407,3,3
439,408,3,3
439,409,3,3
439,410,3,3
439,411,3,3
439,412,3,3
439,413,3,3
439,414,3,3
439,415,3,3
439,416,3,3
439,417,3,3
439,418,3,3
439,419,3,3
439,420,3,3
439,421,3,3
439,422,3,3
439,423,3,3
439,424,3,3
439,425,3,3
439,426,3,3
439,427,3,3
439,428,3,3
439,429,3,3
439,430,3,3
439,431,3,3
439,432,3,3
439,433,3,3
439,434,3,3
439,435,3,3
439,436,3,3
439,437,3,3
439,438,3,3
439,439,3,3
439,440,3,3
439,441,3,3
439,442,3,3
439,443,3,3
439,444,3,3
439,445,3,3
439,446,3,3
439,447,3,3
439,448,3,3
439,449,3,3
439,450,3,3
439,451,3,3
439,452,3,3
439,453,3,3
439,454,3,3
439,455,3,3
439,456,3,3
439,457,3,3
439,458,3,3
439,459,3,3
439,460,3,3
439,461,3,3
439,462,3,3
439,463,3,3
439,464,3,3
439,465,3,3
439,466,3,3
439,467,3,3
439,468,3,3
439,469,3,3
439,470,3,3
439,471,3,3
439,472,3,2
439,473,3,2
439,474,3,2
439,475,3,2
439,476,3,2
439,477,3,2
439,478,3,2
439,479,3,2
439,480,3,2
439,481,3,2
439,482,3,2
439,483,3,2
439,484,3,2
439,485,3,2
439,486,3,2
439,487,3,2
439,488,3,2
439,489,3,2
439,490,3,2
439,491,3,2
439,492,3,2
439,493,3,2
439,494,3,2
439,495,3,2
439,496,3,2
439,497,3,2
439,498,3,2
439,499,3,2
439,500,3,2
439,501,3,2
439,502,3,2
439,503,3,2
439,504,3,2
439,505,3,2
439,506,3,2
439,507,3,2
439,508,3,2
439,509,3,2
439,510,3,2
439,511,3,2
439,512,3,2
439,513,3,2
439,514,3,2
439,515,3,2
439,516,3,2
439,517,3,2
439,518,3,2
439,519,3,2
439,520,3,2
439,521,3,2
439,522,3,2
439,523,3,2
439,524,3,2
439,525,3,2
439,526,3,2
439,527,3,2
439,528,3,2
439,529,3,2
439,530,3,2
439,531,3,2
439,532,3,2
439,533,3,2
439,534,3,2
439,535,3,2
439,536,3,2
439,537,3,3
439,538,3,3
439,539,3,3
439,540,3,3
439,541,3,3
439,542,3,3
439,543,3,3
439,544,3,3
439,545,3,2
439,546,3,2
439,547,3,2
439,548,3,2
439,549,3,2
439,550,3,2
439,551,3,2
439,552,3,2
439,553,3,2
439,554,3,2
439,555,3,2
439,556,3,2
439,557,3,2
439,558,3,2
439,559,3,2
439,560,3,2
439,561,3,2
439,562,3,2
439,563,3,2
439,564,3,2
439,565,3,2
439,566,3,2
439,567,3,2
439,568,3,2
439,569,3,2
439,570,3,2
439,571,3,2
439,572,3,2
439,573,3,2
439,574,3,2
439,575,3,2
439,576,3,2
439,577,3,2
439,578,3,2
439,579,3,2
439,580,3,2
439,581,3,2
439,582,3,2
439,583,3,2
439,584,3,2
439,585,3,2
439,586,3,2
439,587,3,2
439,588,3,2
439,589,3,2
439,590,3,2
439,591,3,2
439,592,3,2
439,593,3,2
439,594,3,2
439,595,3,2
439,596,3,2
439,597,3,2
439,598,3,2
439,599,3,2
439,600,3,2
439,601,3,2
439,602,3,2
439,603,3,2
439,604,3,2
439,605,3,2
439,606,3,2
439,607,3,2
439,608,3,2
439,609,3,2
439,610,3,2
439,611,3,2
439,612,3,2
439,613,3,2
439,614,3,2
439,615,3,2
439,616,3,2
439,617,3,2
439,618,3,2
439,619,3,2
439,620,3,2
439,621,3,2
439,622,3,2
439,623,3,2
439,624,3,2
439,625,3,2
439,626,3,2
439,627,3,2
439,628,3,2
439,629,3,2
439,630,3,2
439,631,3,2
439,632,3,2
439,633,3,2
439,634,3,2
439,635,3,2
439,636,3,2
439,637,3,2
439,638,3,2
439,639,3,2
439,640,3,2
439,641,3,2
439,642,3,2
439,643,3,2
439,644,3,2
439,645,3,2
439,646,3,2
439,647,3,2
439,648,3,2
439,649,3,2
439,650,3,2
439,651,3,2
439,652,3,2
439,653,3,2
439,654,3,2
439,655,3,2
439,656,3,2
439,657,3,2
439,658,3,2
439,659,3,2
439,660,3,2
439,661,3,2
439,662,3,2
439,663,3,2
439,664,3,2
439,665,3,2
439,666,3,2
439,667,3,2
439,668,3,2
439,669,3,2
439,670,3,2
439,671,3,2
439,672,3,2
440,67,3,2
440,68,3,2
440,69,3,2
440,70,3,2
440,71,3,2
440,72,3,2
440,73,3,2
440,74,3,2
440,75,3,2
440,76,3,2
440,77,3,2
440,78,3,2
440,79,3,2
440,80,3,2
440,81,3,2
440,82,3,2
440,83,3,2
440,84,3,2
440,85,3,2
440,86,3,2
440,87,3,2
440,88,3,2
440,89,3,2
440,90,3,2
440,91,3,2
440,92,3,2
440,93,3,2
440,94,3,2
440,95,3,2
440,96,3,2
440,97,3,2
440,98,3,2
440,99,3,2
440,100,3,2
440,101,3,2
440,102,3,2
440,103,3,2
440,104,3,2
440,105,3,2
440,106,3,2
440,107,3,2
440,108,3,2
440,109,3,2
440,110,3,2
440,111,3,2
440,112,3,2
440,113,3,2
440,114,3,2
440,115,3,2
440,116,3,2
440,117,3,2
440,118,3,2
440,119,3,2
440,120,3,2
440,121,3,2
440,122,3,2
440,123,3,2
440,124,3,2
440,125,3,2
440,126,3,2
440,127,3,2
440,128,3,2
440,129,3,2
440,130,3,2
440,131,3,2
440,132,3,2
440,133,3,2
440,134,3,2
440,135,3,2
440,136,3,2
440,137,3,2
440,138,3,2
440,139,3,2
440,140,3,2
440,141,3,2
440,142,3,2
440,143,3,2
440,144,3,2
440,145,3,2
440,146,3,2
440,147,3,2
440,148,3,2
440,149,3,2
440,150,3,2
440,151,3,2
440,152,3,2
440,153,3,2
440,154,3,2
440,155,3,2
440,156,3,2
440,157,3,2
440,158,3,2
440,159,3,2
440,160,3,2
440,161,3,2
440,162,3,2
440,163,3,2
440,164,3,2
440,165,3,2
440,166,3,2
440,167,3,2
440,168,3,2
440,169,3,2
440,170,3,2
440,171,3,2
440,172,3,2
440,173,3,2
440,174,3,2
440,175,3,2
440,176,3,2
440,177,3,2
440,178,3,2
440,179,3,2
440,180,3,2
440,181,3,2
440,182,3,2
440,183,3,2
440,184,3,2
440,185,3,2
440,186,3,2
440,187,3,2
440,188,3,2
440,189,3,2
440,190,3,2
440,191,3,2
440,192,3,2
440,193,3,2
440,194,3,2
440,195,3,2
440,196,3,2
440,197,3,2
440,198,3,2
440,199,3,2
440,200,3,2
440,201,3,2
440,202,3,2
440,203,3,2
440,204,3,2
440,205,3,2
440,206,3,2
440,207,3,2
440,208,3,2
440,209,3,2
440,210,3,2
440,211,3,2
440,212,3,2
440,213,3,2
440,214,3,2
440,215,3,2
440,216,3,2
440,217,3,2
440,218,3,2
440,219,3,2
440,220,3,2
440,221,3,2
440,222,3,2
440,223,3,2
440,224,3,2
440,225,3,2
440,226,3,2
440,227,3,2
440,228,3,2
440,229,3,2
440,230,3,2
440,231,3,2
440,232,3,2
440,233,3,2
440,234,3,2
440,235,3,2
440,236,3,2
440,237,3,2
440,238,3,2
440,239,3,2
440,240,3,2
440,241,3,2
440,242,3,2
440,243,3,2
440,244,3,2
440,245,3,2
440,246,3,2
440,247,3,2
440,248,3,2
440,249,3,2
440,250,3,2
440,251,3,2
440,252,3,2
440,253,3,2
440,254,3,2
440,255,3,2
440,256,3,2
440,257,3,2
440,258,3,2
440,259,3,2
440,260,3,2
440,261,3,2
440,262,3,2
440,263,3,2
440,264,3,2
440,265,3,2
440,266,3,2
440,267,3,2
440,268,3,2
440,269,3,2
440,270,3,2
440,271,3,2
440,272,3,2
440,273,3,2
440,274,3,2
440,275,3,2
440,276,3,2
440,277,3,2
440,278,3,2
440,279,3,2
440,280,3,2
440,281,3,2
440,282,3,2
440,283,3,2
440,284,3,2
440,285,3,2
440,286,3,2
440,287,3,2
440,288,3,2
440,289,3,2
440,290,3,2
440,291,3,2
440,292,3,2
440,293,3,2
440,294,3,2
440,295,3,2
440,296,3,2
440,297,3,2
440,298,3,2
440,299,3,2
440,300,3,2
440,301,3,2
440,302,3,2
440,303,3,2
440,304,3,2
440,305,3,2
440,306,3,2
440,307,3,2
440,308,3,2
440,309,3,2
440,310,3,2
440,311,3,2
440,312,3,2
440,313,3,2
440,314,3,2
440,315,3,2
440,316,3,2
440,317,3,2
440,318,3,2
440,319,3,2
440,320,3,2
440,321,3,2
440,322,3,2
440,323,3,2
440,324,3,2
440,325,3,2
440,326,3,2
440,327,3,2
440,328,3,2
440,329,3,2
440,330,3,2
440,331,3,2
440,332,3,2
440,333,3,2
440,334,3,2
440,335,3,2
440,336,3,2
440,337,3,2
440,338,3,2
440,339,3,2
440,340,3,2
440,341,3,2
440,342,3,2
440,343,3,2
440,344,3,2
440,345,3,2
440,346,3,2
440,347,3,2
440,348,3,2
440,349,3,2
440,350,3,2
440,351,3,2
440,352,3,2
440,353,3,2
440,354,3,2
440,355,3,2
440,356,3,2
440,357,3,2
440,358,3,2
440,359,3,2
440,360,3,2
440,361,3,2
440,362,3,2
440,363,3,2
440,364,3,2
440,365,3,2
440,366,3,2
440,367,3,2
440,368,3,2
440,369,3,2
440,370,3,2
440,371,3,2
440,372,3,2
440,373,3,2
440,374,3,2
440,375,3,2
440,376,3,2
440,377,3,2
440,378,3,2
440,379,3,2
440,380,3,2
440,381,3,2
440,382,3,2
440,383,3,2
440,384,3,2
440,385,3,2
440,386,3,2
440,387,3,2
440,388,3,2
440,389,3,2
440,390,3,2
440,391,3,2
440,392,3,2
440,393,3,2
440,394,3,2
440,395,3,2
440,396,3,2
440,397,3,2
440,398,3,2
440,399,3,2
440,400,3,2
440,401,3,2
440,402,3,2
440,403,3,2
440,404,3,3
440,405,3,3
440,406,3,3
440,407,3,3
440,408,3,3
440,409,3,3
440,410,3,3
440,411,3,3
440,412,3,3
440,413,3,3
440,414,3,3
440,415,3,3
440,416,3,3
440,417,3,3
440,418,3,3
440,419,3,3
440,420,3,3
440,421,3,3
440,422,3,3
440,423,3,3
440,424,3,3
440,425,3,3
440,426,3,3
440,427,3,3
440,428,3,3
440,429,3,3
440,430,3,3
440,431,3,3
440,432,3,3
440,433,3,3
440,434,3,3
440,435,3,3
440,436,3,3
440,437,3,3
440,438,3,3
440,439,3,3
440,440,3,3
440,441,3,3
440,442,3,3
440,443,3,3
440,444,3,3
440,445,3,3
440,446,3,3
440,447,3,3
440,448,3,3
440,449,3,3
440,450,3,3
440,451,3,3
440,452,3,3
440,453,3,3
440,454,3,3
440,455,3,3
440,456,3,3
440,457,3,3
440,458,3,3
440,459,3,3
440,460,3,3
440,461,3,3
440,462,3,3
440,463,3,3
440,464,3,3
440,465,3,3
440,466,3,3
440,467,3,3
440,468,3,3
440,469,3,3
440,470,3,3
440,471,3,3
440,472,3,3
440,473,3,2
440,474,3,2
440,475,3,2
440,476,3,2
440,477,3,2
440,478,3,2
440,479,3,2
440,480,3,2
440,481,3,2
440,482,3,2
440,483,3,2
440,484,3,2
440,485,3,2
440,486,3,2
440,487,3,2
440,488,3,2
440,489,3,2
440,490,3,2
440,491,3,2
440,492,3,2
440,493,3,2
440,494,3,2
440,495,3,2
440,496,3,2
440,497,3,2
440,498,3,2
440,499,3,2
440,500,3,2
440,501,3,2
440,502,3,2
440,503,3,2
440,504,3,2
440,505,3,2
440,506,3,2
440,507,3,2
440,508,3,2
440,509,3,2
440,510,3,2
440,511,3,2
440,512,3,2
440,513,3,2
440,514,3,2
440,515,3,2
440,516,3,2
440,517,3,2
440,518,3,2
440,519,3,2
440,520,3,2
440,521,3,2
440,522,3,2
440,523,3,2
440,524,3,2
440,525,3,2
440,526,3,2
440,527,3,2
440,528,3,2
440,529,3,2
440,530,3,2
440,531,3,2
440,532,3,2
440,533,3,2
440,534,3,2
440,535,3,2
440,536,3,2
440,537,3,3
440,538,3,3
440,539,3,3
440,540,3,3
440,541,3,3
440,542,3,3
440,543,3,3
440,544,3,3
440,545,3,2
440,546,3,2
440,547,3,2
440,548,3,2
440,549,3,2
440,550,3,2
440,551,3,2
440,552,3,2
440,553,3,2
440,554,3,2
440,555,3,2
440,556,3,2
440,557,3,2
440,558,3,2
440,559,3,2
440,560,3,2
440,561,3,2
440,562,3,2
440,563,3,2
440,564,3,2
440,565,3,2
440,566,3,2
440,567,3,2
440,568,3,2
440,569,3,2
440,570,3,2
440,571,3,2
440,572,3,2
440,573,3,2
440,574,3,2
440,575,3,2
440,576,3,2
440,577,3,2
440,578,3,2
440,579,3,2
440,580,3,2
440,581,3,2
440,582,3,2
440,583,3,2
440,584,3,2
440,585,3,2
440,586,3,2
440,587,3,2
440,588,3,2
440,589,3,2
440,590,3,2
440,591,3,2
440,592,3,2
440,593,3,2
440,594,3,2
440,595,3,2
440,596,3,2
440,597,3,2
440,598,3,2
440,599,3,2
440,600,3,2
440,601,3,2
440,602,3,2
440,603,3,2
440,604,3,2
440,605,3,2
440,606,3,2
440,607,3,2
440,608,3,2
440,609,3,2
440,610,3,2
440,611,3,2
440,612,3,2
440,613,3,2
440,614,3,2
440,615,3,2
440,616,3,2
440,617,3,2
440,618,3,2
440,619,3,2
440,620,3,2
440,621,3,2
440,622,3,2
440,623,3,2
440,624,3,2
440,625,3,2
440,626,3,2
440,627,3,2
440,628,3,2
440,629,3,2
440,630,3,2
440,631,3,2
440,632,3,2
440,633,3,2
440,634,3,2
440,635,3,2
440,636,3,2
440,637,3,2
440,638,3,2
440,639,3,2
440,640,3,2
440,641,3,2
440,642,3,2
440,643,3,2
440,644,3,2
440,645,3,2
440,646,3,2
440,647,3,2
440,648,3,2
440,649,3,2
440,650,3,2
440,651,3,2
440,652,3,2
440,653,3,2
440,654,3,2
440,655,3,2
440,656,3,2
440,657,3,2
440,658,3,2
440,659,3,2
440,660,3,2
440,661,3,2
440,662,3,2
440,663,3,2
440,664,3,2
440,665,3,2
440,666,3,2
440,667,3,2
440,668,3,2
440,669,3,2
440,670,3,2
440,671,3,2
440,672,3,2
441,68,3,2
441,69,3,2
441,70,3,2
441,71,3,2
441,72,3,2
441,73,3,2
441,74,3,2
441,75,3,2
441,76,3,2
441,77,3,2
441,78,3,2
441,79,3,2
441,80,3,2
441,81,3,2
441,82,3,2
441,83,3,2
441,84,3,2
441,85,3,2
441,86,3,2
441,87,3,2
441,88,3,2
441,89,3,2
441,90,3,2
441,91,3,2
441,92,3,2
441,93,3,2
441,94,3,2
441,95,3,2
441,96,3,2
441,97,3,2
441,98,3,2
441,99,3,2
441,100,3,2
441,101,3,2
441,102,3,2
441,103,3,2
441,104,3,2
441,105,3,2
441,106,3,2
441,107,3,2
441,108,3,2
441,109,3,2
441,110,3,2
441,111,3,2
441,112,3,2
441,113,3,2
441,114,3,2
441,115,3,2
441,116,3,2
441,117,3,2
441,118,3,2
441,119,3,2
441,120,3,2
441,121,3,2
441,122,3,2
441,123,3,2
441,124,3,2
441,125,3,2
441,126,3,2
441,127,3,2
441,128,3,2
441,129,3,2
441,130,3,2
441,131,3,2
441,132,3,2
441,133,3,2
441,134,3,2
441,135,3,2
441,136,3,2
441,137,3,2
441,138,3,2
441,139,3,2
441,140,3,2
441,141,3,2
441,142,3,2
441,143,3,2
441,144,3,2
441,145,3,2
441,146,3,2
441,147,3,2
441,148,3,2
441,149,3,2
441,150,3,2
441,151,3,2
441,152,3,2
441,153,3,2
441,154,3,2
441,155,3,2
441,156,3,2
441,157,3,2
441,158,3,2
441,159,3,2
441,160,3,2
441,161,3,2
441,162,3,2
441,163,3,2
441,164,3,2
441,165,3,2
441,166,3,2
441,167,3,2
441,168,3,2
441,169,3,2
441,170,3,2
441,171,3,2
441,172,3,2
441,173,3,2
441,174,3,2
441,175,3,2
441,176,3,2
441,177,3,2
441,178,3,2
441,179,3,2
441,180,3,2
441,181,3,2
441,182,3,2
441,183,3,2
441,184,3,2
441,185,3,2
441,186,3,2
441,187,3,2
441,188,3,2
441,189,3,2
441,190,3,2
441,191,3,2
441,192,3,2
441,193,3,2
441,194,3,2
441,195,3,2
441,196,3,2
441,197,3,2
441,198,3,2
441,199,3,2
441,200,3,2
441,201,3,2
441,202,3,2
441,203,3,2
441,204,3,2
441,205,3,2
441,206,3,2
441,207,3,2
441,208,3,2
441,209,3,2
441,210,3,2
441,211,3,2
441,212,3,2
441,213,3,2
441,214,3,2
441,215,3,2
441,216,3,2
441,217,3,2
441,218,3,2
441,219,3,2
441,220,3,2
441,221,3,2
441,222,3,2
441,223,3,2
441,224,3,2
441,225,3,2
441,226,3,2
441,227,3,2
441,228,3,2
441,229,3,2
441,230,3,2
441,231,3,2
441,232,3,2
441,233,3,2
441,234,3,2
441,235,3,2
441,236,3,2
441,237,3,2
441,238,3,2
441,239,3,2
441,240,3,2
441,241,3,2
441,242,3,2
441,243,3,2
441,244,3,2
441,245,3,2
441,246,3,2
441,247,3,2
441,248,3,2
441,249,3,2
441,250,3,2
441,251,3,2
441,252,3,2
441,253,3,2
441,254,3,2
441,255,3,2
441,256,3,2
441,257,3,2
441,258,3,2
441,259,3,2
441,260,3,2
441,261,3,2
441,262,3,2
441,263,3,2
441,264,3,2
441,265,3,2
441,266,3,2
441,267,3,2
441,268,3,2
441,269,3,2
441,270,3,2
441,271,3,2
441,272,3,2
441,273,3,2
441,274,3,2
441,275,3,2
441,276,3,2
441,277,3,2
441,278,3,2
441,279,3,2
441,280,3,2
441,281,3,2
441,282,3,2
441,283,3,2
441,284,3,2
441,285,3,2
441,286,3,2
441,287,3,2
441,288,3,2
441,289,3,2
441,290,3,2
441,291,3,2
441,292,3,2
441,293,3,2
441,294,3,2
441,295,3,2
441,296,3,2
441,297,3,2
441,298,3,2
441,299,3,2
441,300,3,2
441,301,3,2
441,302,3,2
441,303,3,2
441,304,3,2
441,305,3,2
441,306,3,2
441,307,3,2
441,308,3,2
441,309,3,2
441,310,3,2
441,311,3,2
441,312,3,2
441,313,3,2
441,314,3,2
441,315,3,2
441,316,3,2
441,317,3,2
441,318,3,2
441,319,3,2
441,320,3,2
441,321,3,2
441,322,3,2
441,323,3,2
441,324,3,2
441,325,3,2
441,326,3,2
441,327,3,2
441,328,3,2
441,329,3,2
441,330,3,2
441,331,3,2
441,332,3,2
441,333,3,2
441,334,3,2
441,335,3,2
441,336,3,2
441,337,3,2
441,338,3,2
441,339,3,2
441,340,3,2
441,341,3,2
441,342,3,2
441,343,3,2
441,344,3,2
441,345,3,2
441,346,3,2
441,347,3,2
441,348,3,2
441,349,3,2
441,350,3,2
441,351,3,2
441,352,3,2
441,353,3,2
441,354,3,2
441,355,3,2
441,356,3,2
441,357,3,2
441,358,3,2
441,359,3,2
441,360,3,2
441,361,3,2
441,362,3,2
441,363,3,2
441,364,3,2
441,365,3,2
441,366,3,2
441,367,3,2
441,368,3,2
441,369,3,2
441,370,3,2
441,371,3,2
441,372,3,2
441,373,3,2
441,374,3,2
441,375,3,2
441,376,3,2
441,377,3,2
441,378,3,2
441,379,3,2
441,380,3,2
441,381,3,2
441,382,3,2
441,383,3,2
441,384,3,2
441,385,3,2
441,386,3,2
441,387,3,2
441,388,3,2
441,389,3,2
441,390,3,2
441,391,3,2
441,392,3,2
441,393,3,2
441,394,3,2
441,395,3,2
441,396,3,2
441,397,3,2
441,398,3,2
441,399,3,2
441,400,3,2
441,401,3,2
441,402,3,2
441,403,3,3
441,404,3,3
441,405,3,3
441,406,3,3
441,407,3,3
441,408,3,3
441,409,3,3
441,410,3,3
441,411,3,3
441,412,3,3
441,413,3,3
441,414,3,3
441,415,3,3
441,416,3,3
441,417,3,3
441,418,3,3
441,419,3,3
441,420,3,3
441,421,3,3
441,422,3,3
441,423,3,3
441,424,3,3
441,425,3,3
441,426,3,3
441,427,3,3
441,428,3,3
441,429,3,3
441,430,3,3
441,431,3,3
441,432,3,3
441,433,3,3
441,434,3,3
441,435,3,3
441,436,3,3
441,437,3,3
441,438,3,3
441,439,3,3
441,440,3,3
441,441,3,3
441,442,3,3
441,443,3,3
441,444,3,3
441,445,3,3
441,446,3,3
441,447,3,3
441,448,3,3
441,449,3,3
441,450,3,3
441,451,3,3
441,452,3,3
441,453,3,3
441,454,3,3
441,455,3,3
441,456,3,3
441,457,3,3
441,458,3,3
441,459,3,3
441,460,3,3
441,461,3,3
441,462,3,3
441,463,3,3
441,464,3,3
441,465,3,3
441,466,3,3
441,467,3,3
441,468,3,3
441,469,3,3
441,470,3,3
441,471,3,3
441,472,3,3
441,473,3,3
441,474,3,2
441,475,3,2
441,476,3,2
441,477,3,2
441,478,3,2
441,479,3,2
441,480,3,2
441,481,3,2
441,482,3,2
441,483,3,2
441,484,3,2
441,485,3,2
441,486,3,2
441,487,3,2
441,488,3,2
441,489,3,2
441,490,3,2
441,491,3,2
441,492,3,2
441,493,3,2
441,494,3,2
441,495,3,2
441,496,3,2
441,497,3,2
441,498,3,2
441,499,3,2
441,500,3,2
441,501,3,2
441,502,3,2
441,503,3,2
441,504,3,2
441,505,3,2
441,506,3,2
441,507,3,2
441,508,3,2
441,509,3,2
441,510,3,2
441,511,3,2
441,512,3,2
441,513,3,2
441,514,3,2
441,515,3,2
441,516,3,2
441,517,3,2
441,518,3,2
441,519,3,2
441,520,3,2
441,521,3,2
441,522,3,2
441,523,3,2
441,524,3,2
441,525,3,2
441,526,3,2
441,527,3,2
441,528,3,2
441,529,3,2
441,530,3,2
441,531,3,2
441,532,3,2
441,533,3,2
441,534,3,2
441,535,3,2
441,536,3,2
441,537,3,3
441,538,3,3
441,539,3,3
441,540,3,3
441,541,3,3
441,542,3,3
441,543,3,3
441,544,3,3
441,545,3,2
441,546,3,2
441,547,3,2
441,548,3,2
441,549,3,2
441,550,3,2
441,551,3,2
441,552,3,2
441,553,3,2
441,554,3,2
441,555,3,2
441,556,3,2
441,557,3,2
441,558,3,2
441,559,3,2
441,560,3,2
441,561,3,2
441,562,3,2
441,563,3,2
441,564,3,2
441,565,3,2
441,566,3,2
441,567,3,2
441,568,3,2
441,569,3,2
441,570,3,2
441,571,3,2
441,572,3,2
441,573,3,2
441,574,3,2
441,575,3,2
441,576,3,2
441,577,3,2
441,578,3,2
441,579,3,2
441,580,3,2
441,581,3,2
441,582,3,2
441,583,3,2
441,584,3,2
441,585,3,2
441,586,3,2
441,587,3,2
441,588,3,2
441,589,3,2
441,590,3,2
441,591,3,2
441,592,3,2
441,593,3,2
441,594,3,2
441,595,3,2
441,596,3,2
441,597,3,2
441,598,3,2
441,599,3,2
441,600,3,2
441,601,3,2
441,602,3,2
441,603,3,2
441,604,3,2
441,605,3,2
441,606,3,2
441,607,3,2
441,608,3,2
441,609,3,2
441,610,3,2
441,611,3,2
441,612,3,2
441,613,3,2
441,614,3,2
441,615,3,2
441,616,3,2
441,617,3,2
441,618,3,2
441,619,3,2
441,620,3,2
441,621,3,2
441,622,3,2
441,623,3,2
441,624,3,2
441,625,3,2
441,626,3,2
441,627,3,2
441,628,3,2
441,629,3,2
441,630,3,2
441,631,3,2
441,632,3,2
441,633,3,2
441,634,3,2
441,635,3,2
441,636,3,2
441,637,3,2
441,638,3,2
441,639,3,2
441,640,3,2
441,641,3,2
441,642,3,2
441,643,3,2
441,644,3,2
441,645,3,2
441,646,3,2
441,647,3,2
441,648,3,2
441,649,3,2
441,650,3,2
441,651,3,2
441,652,3,2
441,653,3,2
441,654,3,2
441,655,3,2
441,656,3,2
441,657,3,2
441,658,3,2
441,659,3,2
441,660,3,2
441,661,3,2
441,662,3,2
441,663,3,2
441,664,3,2
441,665,3,2
441,666,3,2
441,667,3,2
441,668,3,2
441,669,3,2
441,670,3,2
441,671,3,2
441,672,3,2
442,68,3,2
442,69,3,2
442,70,3,2
442,71,3,2
442,72,3,2
442,73,3,2
442,74,3,2
442,75,3,2
442,76,3,2
442,77,3,2
442,78,3,2
442,79,3,2
442,80,3,2
442,81,3,2
442,82,3,2
442,83,3,2
442,84,3,2
442,85,3,2
442,86,3,2
442,87,3,2
442,88,3,2
442,89,3,2
442,90,3,2
442,91,3,2
442,92,3,2
442,93,3,2
442,94,3,2
442,95,3,2
442,96,3,2
442,97,3,2
442,98,3,2
442,99,3,2
442,100,3,2
442,101,3,2
442,102,3,2
442,103,3,2
442,104,3,2
442,105,3,2
442,106,3,2
442,107,3,2
442,108,3,2
442,109,3,2
442,110,3,2
442,111,3,2
442,112,3,2
442,113,3,2
442,114,3,2
442,115,3,2
442,116,3,2
442,117,3,2
442,118,3,2
442,119,3,2
442,120,3,2
442,121,3,2
442,122,3,2
442,123,3,2
442,124,3,2
442,125,3,2
442,126,3,2
442,127,3,2
442,128,3,2
442,129,3,2
442,130,3,2
442,131,3,2
442,132,3,2
442,133,3,2
442,134,3,2
442,135,3,2
442,136,3,2
442,137,3,2
442,138,3,2
442,139,3,2
442,140,3,2
442,141,3,2
442,142,3,2
442,143,3,2
442,144,3,2
442,145,3,2
442,146,3,2
442,147,3,2
442,148,3,2
442,149,3,2
442,150,3,2
442,151,3,2
442,152,3,2
442,153,3,2
442,154,3,2
442,155,3,2
442,156,3,2
442,157,3,2
442,158,3,2
442,159,3,2
442,160,3,2
442,161,3,2
442,162,3,2
442,163,3,2
442,164,3,2
442,165,3,2
442,166,3,2
442,167,3,2
442,168,3,2
442,169,3,2
442,170,3,2
442,171,3,2
442,172,3,2
442,173,3,2
442,174,3,2
442,175,3,2
442,176,3,2
442,177,3,2
442,178,3,2
442,179,3,2
442,180,3,2
442,181,3,2
442,182,3,2
442,183,3,2
442,184,3,2
442,185,3,2
442,186,3,2
442,187,3,2
442,188,3,2
442,189,3,2
442,190,3,2
442,191,3,2
442,192,3,2
442,193,3,2
442,194,3,2
442,195,3,2
442,196,3,2
442,197,3,2
442,198,3,2
442,199,3,2
442,200,3,2
442,201,3,2
442,202,3,2
442,203,3,2
442,204,3,2
442,205,3,2
442,206,3,2
442,207,3,2
442,208,3,2
442,209,3,2
442,210,3,2
442,211,3,2
442,212,3,2
442,213,3,2
442,214,3,2
442,215,3,2
442,216,3,2
442,217,3,2
442,218,3,2
442,219,3,2
442,220,3,2
442,221,3,2
442,222,3,2
442,223,3,2
442,224,3,2
442,225,3,2
442,226,3,2
442,227,3,2
442,228,3,2
442,229,3,2
442,230,3,2
442,231,3,2
442,232,3,2
442,233,3,2
442,234,3,2
442,235,3,2
442,236,3,2
442,237,3,2
442,238,3,2
442,239,3,2
442,240,3,2
442,241,3,2
442,242,3,2
442,243,3,2
442,244,3,2
442,245,3,2
442,246,3,2
442,247,3,2
442,248,3,2
442,249,3,2
442,250,3,2
442,251,3,2
442,252,3,2
442,253,3,2
442,254,3,2
442,255,3,2
442,256,3,2
442,257,3,2
442,258,3,2
442,259,3,2
442,260,3,2
442,261,3,2
442,262,3,2
442,263,3,2
442,264,3,2
442,265,3,2
442,266,3,2
442,267,3,2
442,268,3,2
442,269,3,2
442,270,3,2
442,271,3,2
442,272,3,2
442,273,3,2
442,274,3,2
442,275,3,2
442,276,3,2
442,277,3,2
442,278,3,2
442,279,3,2
442,280,3,2
442,281,3,2
442,282,3,2
442,283,3,2
442,284,3,2
442,285,3,2
442,286,3,2
442,287,3,2
442,288,3,2
442,289,3,2
442,290,3,2
442,291,3,2
442,292,3,2
442,293,3,2
442,294,3,2
442,295,3,2
442,296,3,2
442,297,3,2
442,298,3,2
442,299,3,2
442,300,3,2
442,301,3,2
442,302,3,2
442,303,3,2
442,304,3,2
442,305,3,2
442,306,3,2
442,307,3,2
442,308,3,2
442,309,3,2
442,310,3,2
442,311,3,2
442,312,3,2
442,313,3,2
442,314,3,2
442,315,3,2
442,316,3,2
442,317,3,2
442,318,3,2
442,319,3,2
442,320,3,2
442,321,3,2
442,322,3,2
442,323,3,2
442,324,3,2
442,325,3,2
442,326,3,2
442,327,3,2
442,328,3,2
442,329,3,2
442,330,3,2
442,331,3,2
442,332,3,2
442,333,3,2
442,334,3,2
442,335,3,2
442,336,3,2
442,337,3,2
442,338,3,2
442,339,3,2
442,340,3,2
442,341,3,2
442,342,3,2
442,343,3,2
442,344,3,2
442,345,3,2
442,346,3,2
442,347,3,2
442,348,3,2
442,349,3,2
442,350,3,2
442,351,3,2
442,352,3,2
442,353,3,2
442,354,3,2
442,355,3,2
442,356,3,2
442,357,3,2
442,358,3,2
442,359,3,2
442,360,3,2
442,361,3,2
442,362,3,2
442,363,3,2
442,364,3,2
442,365,3,2
442,366,3,2
442,367,3,2
442,368,3,2
442,369,3,2
442,370,3,2
442,371,3,2
442,372,3,2
442,373,3,2
442,374,3,2
442,375,3,2
442,376,3,2
442,377,3,2
442,378,3,2
442,379,3,2
442,380,3,2
442,381,3,2
442,382,3,2
442,383,3,2
442,384,3,2
442,385,3,2
442,386,3,2
442,387,3,2
442,388,3,2
442,389,3,2
442,390,3,2
442,391,3,2
442,392,3,2
442,393,3,2
442,394,3,2
442,395,3,2
442,396,3,2
442,397,3,2
442,398,3,2
442,399,3,2
442,400,3,2
442,401,3,2
442,402,3,2
442,403,3,2
442,404,3,3
442,405,3,3
442,406,3,3
442,407,3,3
442,408,3,3
442,409,3,3
442,410,3,3
442,411,3,3
442,412,3,3
442,413,3,3
442,414,3,3
442,415,3,3
442,416,3,3
442,417,3,3
442,418,3,3
442,419,3,3
442,420,3,3
442,421,3,3
442,422,3,3
442,423,3,3
442,424,3,3
442,425,3,3
442,426,3,3
442,427,3,3
442,428,3,3
442,429,3,3
442,430,3,3
442,431,3,3
442,432,3,3
442,433,3,3
442,434,3,3
442,435,3,3
442,436,3,3
442,437,3,3
442,438,3,3
442,439,3,3
442,440,3,3
442,441,3,3
442,442,3,3
442,443,3,3
442,444,3,3
442,445,3,3
442,446,3,3
442,447,3,3
442,448,3,3
442,449,3,3
442,450,3,3
442,451,3,3
442,452,3,3
442,453,3,3
442,454,3,3
442,455,3,3
442,456,3,3
442,457,3,3
442,458,3,3
442,459,3,3
442,460,3,3
442,461,3,3
442,462,3,3
442,463,3,3
442,464,3,3
442,465,3,3
442,466,3,3
442,467,3,3
442,468,3,3
442,469,3,3
442,470,3,3
442,471,3,3
442,472,3,3
442,473,3,3
442,474,3,2
442,475,3,2
442,476,3,2
442,477,3,2
442,478,3,2
442,479,3,2
442,480,3,2
442,481,3,2
442,482,3,2
442,483,3,2
442,484,3,2
442,485,3,2
442,486,3,2
442,487,3,2
442,488,3,2
442,489,3,2
442,490,3,2
442,491,3,2
442,492,3,2
442,493,3,2
442,494,3,2
442,495,3,2
442,496,3,2
442,497,3,2
442,498,3,2
442,499,3,2
442,500,3,2
442,501,3,2
442,502,3,2
442,503,3,2
442,504,3,2
442,505,3,2
442,506,3,2
442,507,3,2
442,508,3,2
442,509,3,2
442,510,3,2
442,511,3,2
442,512,3,2
442,513,3,2
442,514,3,2
442,515,3,2
442,516,3,2
442,517,3,2
442,518,3,2
442,519,3,2
442,520,3,2
442,521,3,2
442,522,3,2
442,523,3,2
442,524,3,2
442,525,3,2
442,526,3,2
442,527,3,2
442,528,3,2
442,529,3,2
442,530,3,2
442,531,3,2
442,532,3,2
442,533,3,2
442,534,3,2
442,535,3,2
442,536,3,2
442,537,3,2
442,538,3,3
442,539,3,3
442,540,3,3
442,541,3,3
442,542,3,3
442,543,3,3
442,544,3,3
442,545,3,2
442,546,3,2
442,547,3,2
442,548,3,2
442,549,3,2
442,550,3,2
442,551,3,2
442,552,3,2
442,553,3,2
442,554,3,2
442,555,3,2
442,556,3,2
442,557,3,2
442,558,3,2
442,559,3,2
442,560,3,2
442,561,3,2
442,562,3,2
442,563,3,2
442,564,3,2
442,565,3,2
442,566,3,2
442,567,3,2
442,568,3,2
442,569,3,2
442,570,3,2
442,571,3,2
442,572,3,2
442,573,3,2
442,574,3,2
442,575,3,2
442,576,3,2
442,577,3,2
442,578,3,2
442,579,3,2
442,580,3,2
442,581,3,2
442,582,3,2
442,583,3,2
442,584,3,2
442,585,3,2
442,586,3,2
442,587,3,2
442,588,3,2
442,589,3,2
442,590,3,2
442,591,3,2
442,592,3,2
442,593,3,2
442,594,3,2
442,595,3,2
442,596,3,2
442,597,3,2
442,598,3,2
442,599,3,2
442,600,3,2
442,601,3,2
442,602,3,2
442,603,3,2
442,604,3,2
442,605,3,2
442,606,3,2
442,607,3,2
442,608,3,2
442,609,3,2
442,610,3,2
442,611,3,2
442,612,3,2
442,613,3,2
442,614,3,2
442,615,3,2
442,616,3,2
442,617,3,2
442,618,3,2
442,619,3,2
442,620,3,2
442,621,3,2
442,622,3,2
442,623,3,2
442,624,3,2
442,625,3,2
442,626,3,2
442,627,3,2
442,628,3,2
442,629,3,2
442,630,3,2
442,631,3,2
442,632,3,2
442,633,3,2
442,634,3,2
442,635,3,2
442,636,3,2
442,637,3,2
442,638,3,2
442,639,3,2
442,640,3,2
442,641,3,2
442,642,3,2
442,643,3,2
442,644,3,2
442,645,3,2
442,646,3,2
442,647,3,2
442,648,3,2
442,649,3,2
442,650,3,2
442,651,3,2
442,652,3,2
442,653,3,2
442,654,3,2
442,655,3,2
442,656,3,2
442,657,3,2
442,658,3,2
442,659,3,2
442,660,3,2
442,661,3,2
442,662,3,2
442,663,3,2
442,664,3,2
442,665,3,2
442,666,3,2
442,667,3,2
442,668,3,2
442,669,3,2
442,670,3,2
442,671,3,2
442,672,3,2
443,68,3,2
443,69,3,2
443,70,3,2
443,71,3,2
443,72,3,2
443,73,3,2
443,74,3,2
443,75,3,2
443,76,3,2
443,77,3,2
443,78,3,2
443,79,3,2
443,80,3,2
443,81,3,2
443,82,3,2
443,83,3,2
443,84,3,2
443,85,3,2
443,86,3,2
443,87,3,2
443,88,3,2
443,89,3,2
443,90,3,2
443,91,3,2
443,92,3,2
443,93,3,2
443,94,3,2
443,95,3,2
443,96,3,2
443,97,3,2
443,98,3,2
443,99,3,2
443,100,3,2
443,101,3,2
443,102,3,2
443,103,3,2
443,104,3,2
443,105,3,2
443,106,3,2
443,107,3,2
443,108,3,2
443,109,3,2
443,110,3,2
443,111,3,2
443,112,3,2
443,113,3,2
443,114,3,2
443,115,3,2
443,116,3,2
443,117,3,2
443,118,3,2
443,119,3,2
443,120,3,2
443,121,3,2
443,122,3,2
443,123,3,2
443,124,3,2
443,125,3,2
443,126,3,2
443,127,3,2
443,128,3,2
443,129,3,2
443,130,3,2
443,131,3,2
443,132,3,2
443,133,3,2
443,134,3,2
443,135,3,2
443,136,3,2
443,137,3,2
443,138,3,2
443,139,3,2
443,140,3,2
443,141,3,2
443,142,3,2
443,143,3,2
443,144,3,2
443,145,3,2
443,146,3,2
443,147,3,2
443,148,3,2
443,149,3,2
443,150,3,2
443,151,3,2
443,152,3,2
443,153,3,2
443,154,3,2
443,155,3,2
443,156,3,2
443,157,3,2
443,158,3,2
443,159,3,2
443,160,3,2
443,161,3,2
443,162,3,2
443,163,3,2
443,164,3,2
443,165,3,2
443,166,3,2
443,167,3,2
443,168,3,2
443,169,3,2
443,170,3,2
443,171,3,2
443,172,3,2
443,173,3,2
443,174,3,2
443,175,3,2
443,176,3,2
443,177,3,2
443,178,3,2
443,179,3,2
443,180,3,2
443,181,3,2
443,182,3,2
443,183,3,2
443,184,3,2
443,185,3,2
443,186,3,2
443,187,3,2
443,188,3,2
443,189,3,2
443,190,3,2
443,191,3,2
443,192,3,2
443,193,3,2
443,194,3,2
443,195,3,2
443,196,3,2
443,197,3,2
443,198,3,2
443,199,3,2
443,200,3,2
443,201,3,2
443,202,3,2
443,203,3,2
443,204,3,2
443,205,3,2
443,206,3,2
443,207,3,2
443,208,3,2
443,209,3,2
443,210,3,2
443,211,3,2
443,212,3,2
443,213,3,2
443,214,3,2
443,215,3,2
443,216,3,2
443,217,3,2
443,218,3,2
443,219,3,2
443,220,3,2
443,221,3,2
443,222,3,2
443,223,3,2
443,224,3,2
443,225,3,2
443,226,3,2
443,227,3,2
443,228,3,2
443,229,3,2
443,230,3,2
443,231,3,2
443,232,3,2
443,233,3,2
443,234,3,2
443,235,3,2
443,236,3,2
443,237,3,2
443,238,3,2
443,239,3,2
443,240,3,2
443,241,3,2
443,242,3,2
443,243,3,2
443,244,3,2
443,245,3,2
443,246,3,2
443,247,3,2
443,248,3,2
443,249,3,2
443,250,3,2
443,251,3,2
443,252,3,2
443,253,3,2
443,254,3,2
443,255,3,2
443,256,3,2
443,257,3,2
443,258,3,2
443,259,3,2
443,260,3,2
443,261,3,2
443,262,3,2
443,263,3,2
443,264,3,2
443,265,3,2
443,266,3,2
443,267,3,2
443,268,3,2
443,269,3,2
443,270,3,2
443,271,3,2
443,272,3,2
443,273,3,2
443,274,3,2
443,275,3,2
443,276,3,2
443,277,3,2
443,278,3,2
443,279,3,2
443,280,3,2
443,281,3,2
443,282,3,2
443,283,3,2
443,284,3,2
443,285,3,2
443,286,3,2
443,287,3,2
443,288,3,2
443,289,3,2
443,290,3,2
443,291,3,2
443,292,3,2
443,293,3,2
443,294,3,2
443,295,3,2
443,296,3,2
443,297,3,2
443,298,3,2
443,299,3,2
443,300,3,2
443,301,3,2
443,302,3,2
443,303,3,2
443,304,3,2
443,305,3,2
443,306,3,2
443,307,3,2
443,308,3,2
443,309,3,2
443,310,3,2
443,311,3,2
443,312,3,2
443,313,3,2
443,314,3,2
443,315,3,2
443,316,3,2
443,317,3,2
443,318,3,2
443,319,3,2
443,320,3,2
443,321,3,2
443,322,3,2
443,323,3,2
443,324,3,2
443,325,3,2
443,326,3,2
443,327,3,2
443,328,3,2
443,329,3,2
443,330,3,2
443,331,3,2
443,332,3,2
443,333,3,2
443,334,3,2
443,335,3,2
443,336,3,2
443,337,3,2
443,338,3,2
443,339,3,2
443,340,3,2
443,341,3,2
443,342,3,2
443,343,3,2
443,344,3,2
443,345,3,2
443,346,3,2
443,347,3,2
443,348,3,2
443,349,3,2
443,350,3,2
443,351,3,2
443,352,3,2
443,353,3,2
443,354,3,2
443,355,3,2
443,356,3,2
443,357,3,2
443,358,3,2
443,359,3,2
443,360,3,2
443,361,3,2
443,362,3,2
443,363,3,2
443,364,3,2
443,365,3,2
443,366,3,2
443,367,3,2
443,368,3,2
443,369,3,2
443,370,3,2
443,371,3,2
443,372,3,2
443,373,3,2
443,374,3,2
443,375,3,2
443,376,3,2
443,377,3,2
443,378,3,2
443,379,3,2
443,380,3,2
443,381,3,2
443,382,3,2
443,383,3,2
443,384,3,2
443,385,3,2
443,386,3,2
443,387,3,2
443,388,3,2
443,389,3,2
443,390,3,2
443,391,3,2
443,392,3,2
443,393,3,2
443,394,3,2
443,395,3,2
443,396,3,2
443,397,3,2
443,398,3,2
443,399,3,2
443,400,3,2
443,401,3,2
443,402,3,2
443,403,3,2
443,404,3,3
443,405,3,3
443,406,3,3
443,407,3,3
443,408,3,3
443,409,3,3
443,410,3,3
443,411,3,3
443,412,3,3
443,413,3,3
443,414,3,3
443,415,3,3
443,416,3,3
443,417,3,3
443,418,3,3
443,419,3,3
443,420,3,3
443,421,3,3
443,422,3,3
443,423,3,3
443,424,3,3
443,425,3,3
443,426,3,3
443,427,3,3
443,428,3,3
443,429,3,3
443,430,3,3
443,431,3,3
443,432,3,3
443,433,3,3
443,434,3,3
443,435,3,3
443,436,3,3
443,437,3,3
443,438,3,3
443,439,3,3
443,440,3,3
443,441,3,3
443,442,3,3
443,443,3,3
443,444,3,3
443,445,3,3
443,446,3,3
443,447,3,3
443,448,3,3
443,449,3,3
443,450,3,3
443,451,3,3
443,452,3,3
443,453,3,3
443,454,3,3
443,455,3,3
443,456,3,3
443,457,3,3
443,458,3,3
443,459,3,3
443,460,3,3
443,461,3,3
443,462,3,3
443,463,3,3
443,464,3,3
443,465,3,3
443,466,3,3
443,467,3,3
443,468,3,3
443,469,3,3
443,470,3,3
443,471,3,3
443,472,3,3
443,473,3,3
443,474,3,3
443,475,3,2
443,476,3,2
443,477,3,2
443,478,3,2
443,479,3,2
443,480,3,2
443,481,3,2
443,482,3,2
443,483,3,2
443,484,3,2
443,485,3,2
443,486,3,2
443,487,3,2
443,488,3,2
443,489,3,2
443,490,3,2
443,491,3,2
443,492,3,2
443,493,3,2
443,494,3,2
443,495,3,2
443,496,3,2
443,497,3,2
443,498,3,2
443,499,3,2
443,500,3,2
443,501,3,2
443,502,3,2
443,503,3,2
443,504,3,2
443,505,3,2
443,506,3,2
443,507,3,2
443,508,3,2
443,509,3,2
443,510,3,2
443,511,3,2
443,512,3,2
443,513,3,2
443,514,3,2
443,515,3,2
443,516,3,2
443,517,3,2
443,518,3,2
443,519,3,2
443,520,3,2
443,521,3,2
443,522,3,2
443,523,3,2
443,524,3,2
443,525,3,2
443,526,3,2
443,527,3,2
443,528,3,2
443,529,3,2
443,530,3,2
443,531,3,2
443,532,3,2
443,533,3,2
443,534,3,2
443,535,3,2
443,536,3,2
443,537,3,2
443,538,3,2
443,539,3,2
443,540,3,3
443,541,3,3
443,542,3,3
443,543,3,3
443,544,3,2
443,545,3,2
443,546,3,2
443,547,3,2
443,548,3,2
443,549,3,2
443,550,3,2
443,551,3,2
443,552,3,2
443,553,3,2
443,554,3,2
443,555,3,2
443,556,3,2
443,557,3,2
443,558,3,2
443,559,3,2
443,560,3,2
443,561,3,2
443,562,3,2
443,563,3,2
443,564,3,2
443,565,3,2
443,566,3,2
443,567,3,2
443,568,3,2
443,569,3,2
443,570,3,2
443,571,3,2
443,572,3,2
443,573,3,2
443,574,3,2
443,575,3,2
443,576,3,2
443,577,3,2
443,578,3,2
443,579,3,2
443,580,3,2
443,581,3,2
443,582,3,2
443,583,3,2
443,584,3,2
443,585,3,2
443,586,3,2
443,587,3,2
443,588,3,2
443,589,3,2
443,590,3,2
443,591,3,2
443,592,3,2
443,593,3,2
443,594,3,2
443,595,3,2
443,596,3,2
443,597,3,2
443,598,3,2
443,599,3,2
443,600,3,2
443,601,3,2
443,602,3,2
443,603,3,2
443,604,3,2
443,605,3,2
443,606,3,2
443,607,3,2
443,608,3,2
443,609,3,2
443,610,3,2
443,611,3,2
443,612,3,2
443,613,3,2
443,614,3,2
443,615,3,2
443,616,3,2
443,617,3,2
443,618,3,2
443,619,3,2
443,620,3,2
443,621,3,2
443,622,3,2
443,623,3,2
443,624,3,2
443,625,3,2
443,626,3,2
443,627,3,2
443,628,3,2
443,629,3,2
443,630,3,2
443,631,3,2
443,632,3,2
443,633,3,2
443,634,3,2
443,635,3,2
443,636,3,2
443,637,3,2
443,638,3,2
443,639,3,2
443,640,3,2
443,641,3,2
443,642,3,2
443,643,3,2
443,644,3,2
443,645,3,2
443,646,3,2
443,647,3,2
443,648,3,2
443,649,3,2
443,650,3,2
443,651,3,2
443,652,3,2
443,653,3,2
443,654,3,2
443,655,3,2
443,656,3,2
443,657,3,2
443,658,3,2
443,659,3,2
443,660,3,2
443,661,3,2
443,662,3,2
443,663,3,2
443,664,3,2
443,665,3,2
443,666,3,2
443,667,3,2
443,668,3,2
443,669,3,2
443,670,3,2
443,671,3,2
443,672,3,2
444,68,3,2
444,69,3,2
444,70,3,2
444,71,3,2
444,72,3,2
444,73,3,2
444,74,3,2
444,75,3,2
444,76,3,2
444,77,3,2
444,78,3,2
444,79,3,2
444,80,3,2
444,81,3,2
444,82,3,2
444,83,3,2
444,84,3,2
444,85,3,2
444,86,3,2
444,87,3,2
444,88,3,2
444,89,3,2
444,90,3,2
444,91,3,2
444,92,3,2
444,93,3,2
444,94,3,2
444,95,3,2
444,96,3,2
444,97,3,2
444,98,3,2
444,99,3,2
444,100,3,2
444,101,3,2
444,102,3,2
444,103,3,2
444,104,3,2
444,105,3,2
444,106,3,2
444,107,3,2
444,108,3,2
444,109,3,2
444,110,3,2
444,111,3,2
444,112,3,2
444,113,3,2
444,114,3,2
444,115,3,2
444,116,3,2
444,117,3,2
444,118,3,2
444,119,3,2
444,120,3,2
444,121,3,2
444,122,3,2
444,123,3,2
444,124,3,2
444,125,3,2
444,126,3,2
444,127,3,2
444,128,3,2
444,129,3,2
444,130,3,2
444,131,3,2
444,132,3,2
444,133,3,2
444,134,3,2
444,135,3,2
444,136,3,2
444,137,3,2
444,138,3,2
444,139,3,2
444,140,3,2
444,141,3,2
444,142,3,2
444,143,3,2
444,144,3,2
444,145,3,2
444,146,3,2
444,147,3,2
444,148,3,2
444,149,3,2
444,150,3,2
444,151,3,2
444,152,3,2
444,153,3,2
444,154,3,2
444,155,3,2
444,156,3,2
444,157,3,2
444,158,3,2
444,159,3,2
444,160,3,2
444,161,3,2
444,162,3,2
444,163,3,2
444,164,3,2
444,165,3,2
444,166,3,2
444,167,3,2
444,168,3,2
444,169,3,2
444,170,3,2
444,171,3,2
444,172,3,2
444,173,3,2
444,174,3,2
444,175,3,2
444,176,3,2
444,177,3,2
444,178,3,2
444,179,3,2
444,180,3,2
444,181,3,2
444,182,3,2
444,183,3,2
444,184,3,2
444,185,3,2
444,186,3,2
444,187,3,2
444,188,3,2
444,189,3,2
444,190,3,2
444,191,3,2
444,192,3,2
444,193,3,2
444,194,3,2
444,195,3,2
444,196,3,2
444,197,3,2
444,198,3,2
444,199,3,2
444,200,3,2
444,201,3,2
444,202,3,2
444,203,3,2
444,204,3,2
444,205,3,2
444,206,3,2
444,207,3,2
444,208,3,2
444,209,3,2
444,210,3,2
444,211,3,2
444,212,3,2
444,213,3,2
444,214,3,2
444,215,3,2
444,216,3,2
444,217,3,2
444,218,3,2
444,219,3,2
444,220,3,2
444,221,3,2
444,222,3,2
444,223,3,2
444,224,3,2
444,225,3,2
444,226,3,2
444,227,3,2
444,228,3,2
444,229,3,2
444,230,3,2
444,231,3,2
444,232,3,2
444,233,3,2
444,234,3,2
444,235,3,2
444,236,3,2
444,237,3,2
444,238,3,2
444,239,3,2
444,240,3,2
444,241,3,2
444,242,3,2
444,243,3,2
444,244,3,2
444,245,3,2
444,246,3,2
444,247,3,2
444,248,3,2
444,249,3,2
444,250,3,2
444,251,3,2
444,252,3,2
444,253,3,2
444,254,3,2
444,255,3,2
444,256,3,2
444,257,3,2
444,258,3,2
444,259,3,2
444,260,3,2
444,261,3,2
444,262,3,2
444,263,3,2
444,264,3,2
444,265,3,2
444,266,3,2
444,267,3,2
444,268,3,2
444,269,3,2
444,270,3,2
444,271,3,2
444,272,3,2
444,273,3,2
444,274,3,2
444,275,3,2
444,276,3,2
444,277,3,2
444,278,3,2
444,279,3,2
444,280,3,2
444,281,3,2
444,282,3,2
444,283,3,2
444,284,3,2
444,285,3,2
444,286,3,2
444,287,3,2
444,288,3,2
444,289,3,2
444,290,3,2
444,291,3,2
444,292,3,2
444,293,3,2
444,294,3,2
444,295,3,2
444,296,3,2
444,297,3,2
444,298,3,2
444,299,3,2
444,300,3,2
444,301,3,2
444,302,3,2
444,303,3,2
444,304,3,2
444,305,3,2
444,306,3,2
444,307,3,2
444,308,3,2
444,309,3,2
444,310,3,2
444,311,3,2
444,312,3,2
444,313,3,2
444,314,3,2
444,315,3,2
444,316,3,2
444,317,3,2
444,318,3,2
444,319,3,2
444,320,3,2
444,321,3,2
444,322,3,2
444,323,3,2
444,324,3,2
444,325,3,2
444,326,3,2
444,327,3,2
444,328,3,2
444,329,3,2
444,330,3,2
444,331,3,2
444,332,3,2
444,333,3,2
444,334,3,2
444,335,3,2
444,336,3,2
444,337,3,2
444,338,3,2
444,339,3,2
444,340,3,2
444,341,3,2
444,342,3,2
444,343,3,2
444,344,3,2
444,345,3,2
444,346,3,2
444,347,3,2
444,348,3,2
444,349,3,2
444,350,3,2
444,351,3,2
444,352,3,2
444,353,3,2
444,354,3,2
444,355,3,2
444,356,3,2
444,357,3,2
444,358,3,2
444,359,3,2
444,360,3,2
444,361,3,2
444,362,3,2
444,363,3,2
444,364,3,2
444,365,3,2
444,366,3,2
444,367,3,2
444,368,3,2
444,369,3,2
444,370,3,2
444,371,3,2
444,372,3,2
444,373,3,2
444,374,3,2
444,375,3,2
444,376,3,2
444,377,3,2
444,378,3,2
444,379,3,2
444,380,3,2
444,381,3,2
444,382,3,2
444,383,3,2
444,384,3,2
444,385,3,2
444,386,3,2
444,387,3,2
444,388,3,2
444,389,3,2
444,390,3,2
444,391,3,2
444,392,3,2
444,393,3,2
444,394,3,2
444,395,3,2
444,396,3,2
444,397,3,2
444,398,3,2
444,399,3,2
444,400,3,2
444,401,3,2
444,402,3,2
444,403,3,2
444,404,3,3
444,405,3,3
444,406,3,3
444,407,3,3
444,408,3,3
444,409,3,3
444,410,3,3
444,411,3,3
444,412,3,3
444,413,3,3
444,414,3,3
444,415,3,3
444,416,3,3
444,417,3,3
444,418,3,3
444,419,3,3
444,420,3,3
444,421,3,3
444,422,3,3
444,423,3,3
444,424,3,3
444,425,3,3
444,426,3,3
444,427,3,3
444,428,3,3
444,429,3,3
444,430,3,3
444,431,3,3
444,432,3,3
444,433,3,3
444,434,3,3
444,435,3,3
444,436,3,3
444,437,3,3
444,438,3,3
444,439,3,3
444,440,3,3
444,441,3,3
444,442,3,3
444,443,3,3
444,444,3,3
444,445,3,3
444,446,3,3
444,447,3,3
444,448,3,3
444,449,3,3
444,450,3,3
444,451,3,3
444,452,3,3
444,453,3,3
444,454,3,3
444,455,3,3
444,456,3,3
444,457,3,3
444,458,3,3
444,459,3,3
444,460,3,3
444,461,3,3
444,462,3,3
444,463,3,3
444,464,3,3
444,465,3,3
444,466,3,3
444,467,3,3
444,468,3,3
444,469,3,3
444,470,3,3
444,471,3,3
444,472,3,3
444,473,3,3
444,474,3,3
444,475,3,2
444,476,3,2
444,477,3,2
444,478,3,2
444,479,3,2
444,480,3,2
444,481,3,2
444,482,3,2
444,483,3,2
444,484,3,2
444,485,3,2
444,486,3,2
444,487,3,2
444,488,3,2
444,489,3,2
444,490,3,2
444,491,3,2
444,492,3,2
444,493,3,2
444,494,3,2
444,495,3,2
444,496,3,2
444,497,3,2
444,498,3,2
444,499,3,2
444,500,3,2
444,501,3,2
444,502,3,2
444,503,3,2
444,504,3,2
444,505,3,2
444,506,3,2
444,507,3,2
444,508,3,2
444,509,3,2
444,510,3,2
444,511,3,2
444,512,3,2
444,513,3,2
444,514,3,2
444,515,3,2
444,516,3,2
444,517,3,2
444,518,3,2
444,519,3,2
444,520,3,2
444,521,3,2
444,522,3,2
444,523,3,2
444,524,3,2
444,525,3,2
444,526,3,2
444,527,3,2
444,528,3,2
444,529,3,2
444,530,3,2
444,531,3,2
444,532,3,2
444,533,3,2
444,534,3,2
444,535,3,2
444,536,3,2
444,537,3,2
444,538,3,2
444,539,3,2
444,540,3,2
444,541,3,2
444,542,3,2
444,543,3,2
444,544,3,2
444,545,3,2
444,546,3,2
444,547,3,2
444,548,3,2
444,549,3,2
444,550,3,2
444,551,3,2
444,552,3,2
444,553,3,2
444,554,3,2
444,555,3,2
444,556,3,2
444,557,3,2
444,558,3,2
444,559,3,2
444,560,3,2
444,561,3,2
444,562,3,2
444,563,3,2
444,564,3,2
444,565,3,2
444,566,3,2
444,567,3,2
444,568,3,2
444,569,3,2
444,570,3,2
444,571,3,2
444,572,3,2
444,573,3,2
444,574,3,2
444,575,3,2
444,576,3,2
444,577,3,2
444,578,3,2
444,579,3,2
444,580,3,2
444,581,3,2
444,582,3,2
444,583,3,2
444,584,3,2
444,585,3,2
444,586,3,2
444,587,3,2
444,588,3,2
444,589,3,2
444,590,3,2
444,591,3,2
444,592,3,2
444,593,3,2
444,594,3,2
444,595,3,2
444,596,3,2
444,597,3,2
444,598,3,2
444,599,3,2
444,600,3,2
444,601,3,2
444,602,3,2
444,603,3,2
444,604,3,2
444,605,3,2
444,606,3,2
444,607,3,2
444,608,3,2
444,609,3,2
444,610,3,2
444,611,3,2
444,612,3,2
444,613,3,2
444,614,3,2
444,615,3,2
444,616,3,2
444,617,3,2
444,618,3,2
444,619,3,2
444,620,3,2
444,621,3,2
444,622,3,2
444,623,3,2
444,624,3,2
444,625,3,2
444,626,3,2
444,627,3,2
444,628,3,2
444,629,3,2
444,630,3,2
444,631,3,2
444,632,3,2
444,633,3,2
444,634,3,2
444,635,3,2
444,636,3,2
444,637,3,2
444,638,3,2
444,639,3,2
444,640,3,2
444,641,3,2
444,642,3,2
444,643,3,2
444,644,3,2
444,645,3,2
444,646,3,2
444,647,3,2
444,648,3,2
444,649,3,2
444,650,3,2
444,651,3,2
444,652,3,2
444,653,3,2
444,654,3,2
444,655,3,2
444,656,3,2
444,657,3,2
444,658,3,2
444,659,3,2
444,660,3,2
444,661,3,2
444,662,3,2
444,663,3,2
444,664,3,2
444,665,3,2
444,666,3,2
444,667,3,2
444,668,3,2
444,669,3,2
444,670,3,2
444,671,3,2
444,672,3,2
445,68,3,2
445,69,3,2
445,70,3,2
445,71,3,2
445,72,3,2
445,73,3,2
445,74,3,2
445,75,3,2
445,76,3,2
445,77,3,2
445,78,3,2
445,79,3,2
445,80,3,2
445,81,3,2
445,82,3,2
445,83,3,2
445,84,3,2
445,85,3,2
445,86,3,2
445,87,3,2
445,88,3,2
445,89,3,2
445,90,3,2
445,91,3,2
445,92,3,2
445,93,3,2
445,94,3,2
445,95,3,2
445,96,3,2
445,97,3,2
445,98,3,2
445,99,3,2
445,100,3,2
445,101,3,2
445,102,3,2
445,103,3,2
445,104,3,2
445,105,3,2
445,106,3,2
445,107,3,2
445,108,3,2
445,109,3,2
445,110,3,2
445,111,3,2
445,112,3,2
445,113,3,2
445,114,3,2
445,115,3,2
445,116,3,2
445,117,3,2
445,118,3,2
445,119,3,2
445,120,3,2
445,121,3,2
445,122,3,2
445,123,3,2
445,124,3,2
445,125,3,2
445,126,3,2
445,127,3,2
445,128,3,2
445,129,3,2
445,130,3,2
445,131,3,2
445,132,3,2
445,133,3,2
445,134,3,2
445,135,3,2
445,136,3,2
445,137,3,2
445,138,3,2
445,139,3,2
445,140,3,2
445,141,3,2
445,142,3,2
445,143,3,2
445,144,3,2
445,145,3,2
445,146,3,2
445,147,3,2
445,148,3,2
445,149,3,2
445,150,3,2
445,151,3,2
445,152,3,2
445,153,3,2
445,154,3,2
445,155,3,2
445,156,3,2
445,157,3,2
445,158,3,2
445,159,3,2
445,160,3,2
445,161,3,2
445,162,3,2
445,163,3,2
445,164,3,2
445,165,3,2
445,166,3,2
445,167,3,2
445,168,3,2
445,169,3,2
445,170,3,2
445,171,3,2
445,172,3,2
445,173,3,2
445,174,3,2
445,175,3,2
445,176,3,2
445,177,3,2
445,178,3,2
445,179,3,2
445,180,3,2
445,181,3,2
445,182,3,2
445,183,3,2
445,184,3,2
445,185,3,2
445,186,3,2
445,187,3,2
445,188,3,2
445,189,3,2
445,190,3,2
445,191,3,2
445,192,3,2
445,193,3,2
445,194,3,2
445,195,3,2
445,196,3,2
445,197,3,2
445,198,3,2
445,199,3,2
445,200,3,2
445,201,3,2
445,202,3,2
445,203,3,2
445,204,3,2
445,205,3,2
445,206,3,2
445,207,3,2
445,208,3,2
445,209,3,2
445,210,3,2
445,211,3,2
445,212,3,2
445,213,3,2
445,214,3,2
445,215,3,2
445,216,3,2
445,217,3,2
445,218,3,2
445,219,3,2
445,220,3,2
445,221,3,2
445,222,3,2
445,223,3,2
445,224,3,2
445,225,3,2
445,226,3,2
445,227,3,2
445,228,3,2
445,229,3,2
445,230,3,2
445,231,3,2
445,232,3,2
445,233,3,2
445,234,3,2
445,235,3,2
445,236,3,2
445,237,3,2
445,238,3,2
445,239,3,2
445,240,3,2
445,241,3,2
445,242,3,2
445,243,3,2
445,244,3,2
445,245,3,2
445,246,3,2
445,247,3,2
445,248,3,2
445,249,3,2
445,250,3,2
445,251,3,2
445,252,3,2
445,253,3,2
445,254,3,2
445,255,3,2
445,256,3,2
445,257,3,2
445,258,3,2
445,259,3,2
445,260,3,2
445,261,3,2
445,262,3,2
445,263,3,2
445,264,3,2
445,265,3,2
445,266,3,2
445,267,3,2
445,268,3,2
445,269,3,2
445,270,3,2
445,271,3,2
445,272,3,2
445,273,3,2
445,274,3,2
445,275,3,2
445,276,3,2
445,277,3,2
445,278,3,2
445,279,3,2
445,280,3,2
445,281,3,2
445,282,3,2
445,283,3,2
445,284,3,2
445,285,3,2
445,286,3,2
445,287,3,2
445,288,3,2
445,289,3,2
445,290,3,2
445,291,3,2
445,292,3,2
445,293,3,2
445,294,3,2
445,295,3,2
445,296,3,2
445,297,3,2
445,298,3,2
445,299,3,2
445,300,3,2
445,301,3,2
445,302,3,2
445,303,3,2
445,304,3,2
445,305,3,2
445,306,3,2
445,307,3,2
445,308,3,2
445,309,3,2
445,310,3,2
445,311,3,2
445,312,3,2
445,313,3,2
445,314,3,2
445,315,3,2
445,316,3,2
445,317,3,2
445,318,3,2
445,319,3,2
445,320,3,2
445,321,3,2
445,322,3,2
445,323,3,2
445,324,3,2
445,325,3,2
445,326,3,2
445,327,3,2
445,328,3,2
445,329,3,2
445,330,3,2
445,331,3,2
445,332,3,2
445,333,3,2
445,334,3,2
445,335,3,2
445,336,3,2
445,337,3,2
445,338,3,2
445,339,3,2
445,340,3,2
445,341,3,2
445,342,3,2
445,343,3,2
445,344,3,2
445,345,3,2
445,346,3,2
445,347,3,2
445,348,3,2
445,349,3,2
445,350,3,2
445,351,3,2
445,352,3,2
445,353,3,2
445,354,3,2
445,355,3,2
445,356,3,2
445,357,3,2
445,358,3,2
445,359,3,2
445,360,3,2
445,361,3,2
445,362,3,2
445,363,3,2
445,364,3,2
445,365,3,2
445,366,3,2
445,367,3,2
445,368,3,2
445,369,3,2
445,370,3,2
445,371,3,2
445,372,3,2
445,373,3,2
445,374,3,2
445,375,3,2
445,376,3,2
445,377,3,2
445,378,3,2
445,379,3,2
445,380,3,2
445,381,3,2
445,382,3,2
445,383,3,2
445,384,3,2
445,385,3,2
445,386,3,2
445,387,3,2
445,388,3,2
445,389,3,2
445,390,3,2
445,391,3,2
445,392,3,2
445,393,3,2
445,394,3,2
445,395,3,2
445,396,3,2
445,397,3,2
445,398,3,2
445,399,3,2
445,400,3,2
445,401,3,2
445,402,3,2
445,403,3,2
445,404,3,3
445,405,3,3
445,406,3,3
445,407,3,3
445,408,3,3
445,409,3,3
445,410,3,3
445,411,3,3
445,412,3,3
445,413,3,3
445,414,3,3
445,415,3,3
445,416,3,3
445,417,3,3
445,418,3,3
445,419,3,3
445,420,3,3
445,421,3,3
445,422,3,3
445,423,3,3
445,424,3,3
445,425,3,3
445,426,3,3
445,427,3,3
445,428,3,3
445,429,3,3
445,430,3,3
445,431,3,3
445,432,3,3
445,433,3,3
445,434,3,3
445,435,3,3
445,436,3,3
445,437,3,3
445,438,3,3
445,439,3,3
445,440,3,2
445,441,3,2
445,442,3,3
445,443,3,3
445,444,3,3
445,445,3,3
445,446,3,3
445,447,3,3
445,448,3,3
445,449,3,3
445,450,3,3
445,451,3,3
445,452,3,3
445,453,3,3
445,454,3,3
445,455,3,3
445,456,3,3
445,457,3,3
445,458,3,3
445,459,3,3
445,460,3,3
445,461,3,3
445,462,3,3
445,463,3,3
445,464,3,3
445,465,3,3
445,466,3,3
445,467,3,3
445,468,3,3
445,469,3,3
445,470,3,3
445,471,3,3
445,472,3,3
445,473,3,3
445,474,3,3
445,475,3,2
445,476,3,2
445,477,3,2
445,478,3,2
445,479,3,2
445,480,3,2
445,481,3,2
445,482,3,2
445,483,3,2
445,484,3,2
445,485,3,2
445,486,3,2
445,487,3,2
445,488,3,2
445,489,3,2
445,490,3,2
445,491,3,2
445,492,3,2
445,493,3,2
445,494,3,2
445,495,3,2
445,496,3,2
445,497,3,2
445,498,3,2
445,499,3,2
445,500,3,2
445,501,3,2
445,502,3,2
445,503,3,2
445,504,3,2
445,505,3,2
445,506,3,2
445,507,3,2
445,508,3,2
445,509,3,2
445,510,3,2
445,511,3,2
445,512,3,2
445,513,3,2
445,514,3,2
445,515,3,2
445,516,3,2
445,517,3,2
445,518,3,2
445,519,3,2
445,520,3,2
445,521,3,2
445,522,3,2
445,523,3,2
445,524,3,2
445,525,3,2
445,526,3,2
445,527,3,2
445,528,3,2
445,529,3,2
445,530,3,2
445,531,3,2
445,532,3,2
445,533,3,2
445,534,3,2
445,535,3,2
445,536,3,2
445,537,3,2
445,538,3,2
445,539,3,2
445,540,3,2
445,541,3,2
445,542,3,2
445,543,3,2
445,544,3,2
445,545,3,2
445,546,3,2
445,547,3,2
445,548,3,2
445,549,3,2
445,550,3,2
445,551,3,2
445,552,3,2
445,553,3,2
445,554,3,2
445,555,3,2
445,556,3,2
445,557,3,2
445,558,3,2
445,559,3,2
445,560,3,2
445,561,3,2
445,562,3,2
445,563,3,2
445,564,3,2
445,565,3,2
445,566,3,2
445,567,3,2
445,568,3,2
445,569,3,2
445,570,3,2
445,571,3,2
445,572,3,2
445,573,3,2
445,574,3,2
445,575,3,2
445,576,3,2
445,577,3,2
445,578,3,2
445,579,3,2
445,580,3,2
445,581,3,2
445,582,3,2
445,583,3,2
445,584,3,2
445,585,3,2
445,586,3,2
445,587,3,2
445,588,3,2
445,589,3,2
445,590,3,2
445,591,3,2
445,592,3,2
445,593,3,2
445,594,3,2
445,595,3,2
445,596,3,2
445,597,3,2
445,598,3,2
445,599,3,2
445,600,3,2
445,601,3,2
445,602,3,2
445,603,3,2
445,604,3,2
445,605,3,2
445,606,3,2
445,607,3,2
445,608,3,2
445,609,3,2
445,610,3,2
445,611,3,2
445,612,3,2
445,613,3,2
445,614,3,2
445,615,3,2
445,616,3,2
445,617,3,2
445,618,3,2
445,619,3,2
445,620,3,2
445,621,3,2
445,622,3,2
445,623,3,2
445,624,3,2
445,625,3,2
445,626,3,2
445,627,3,2
445,628,3,2
445,629,3,2
445,630,3,2
445,631,3,2
445,632,3,2
445,633,3,2
445,634,3,2
445,635,3,2
445,636,3,2
445,637,3,2
445,638,3,2
445,639,3,2
445,640,3,2
445,641,3,2
445,642,3,2
445,643,3,2
445,644,3,2
445,645,3,2
445,646,3,2
445,647,3,2
445,648,3,2
445,649,3,2
445,650,3,2
445,651,3,2
445,652,3,2
445,653,3,2
445,654,3,2
445,655,3,2
445,656,3,2
445,657,3,2
445,658,3,2
445,659,3,2
445,660,3,2
445,661,3,2
445,662,3,2
445,663,3,2
445,664,3,2
445,665,3,2
445,666,3,2
445,667,3,2
445,668,3,2
445,669,3,2
445,670,3,2
445,671,3,2
446,68,3,2
446,69,3,2
446,70,3,2
446,71,3,2
446,72,3,2
446,73,3,2
446,74,3,2
446,75,3,2
446,76,3,2
446,77,3,2
446,78,3,2
446,79,3,2
446,80,3,2
446,81,3,2
446,82,3,2
446,83,3,2
446,84,3,2
446,85,3,2
446,86,3,2
446,87,3,2
446,88,3,2
446,89,3,2
446,90,3,2
446,91,3,2
446,92,3,2
446,93,3,2
446,94,3,2
446,95,3,2
446,96,3,2
446,97,3,2
446,98,3,2
446,99,3,2
446,100,3,2
446,101,3,2
446,102,3,2
446,103,3,2
446,104,3,2
446,105,3,2
446,106,3,2
446,107,3,2
446,108,3,2
446,109,3,2
446,110,3,2
446,111,3,2
446,112,3,2
446,113,3,2
446,114,3,2
446,115,3,2
446,116,3,2
446,117,3,2
446,118,3,2
446,119,3,2
446,120,3,2
446,121,3,2
446,122,3,2
446,123,3,2
446,124,3,2
446,125,3,2
446,126,3,2
446,127,3,2
446,128,3,2
446,129,3,2
446,130,3,2
446,131,3,2
446,132,3,2
446,133,3,2
446,134,3,2
446,135,3,2
446,136,3,2
446,137,3,2
446,138,3,2
446,139,3,2
446,140,3,2
446,141,3,2
446,142,3,2
446,143,3,2
446,144,3,2
446,145,3,2
446,146,3,2
446,147,3,2
446,148,3,2
446,149,3,2
446,150,3,2
446,151,3,2
446,152,3,2
446,153,3,2
446,154,3,2
446,155,3,2
446,156,3,2
446,157,3,2
446,158,3,2
446,159,3,2
446,160,3,2
446,161,3,2
446,162,3,2
446,163,3,2
446,164,3,2
446,165,3,2
446,166,3,2
446,167,3,2
446,168,3,2
446,169,3,2
446,170,3,2
446,171,3,2
446,172,3,2
446,173,3,2
446,174,3,2
446,175,3,2
446,176,3,2
446,177,3,2
446,178,3,2
446,179,3,2
446,180,3,2
446,181,3,2
446,182,3,2
446,183,3,2
446,184,3,2
446,185,3,2
446,186,3,2
446,187,3,2
446,188,3,2
446,189,3,2
446,190,3,2
446,191,3,2
446,192,3,2
446,193,3,2
446,194,3,2
446,195,3,2
446,196,3,2
446,197,3,2
446,198,3,2
446,199,3,2
446,200,3,2
446,201,3,2
446,202,3,2
446,203,3,2
446,204,3,2
446,205,3,2
446,206,3,2
446,207,3,2
446,208,3,2
446,209,3,2
446,210,3,2
446,211,3,2
446,212,3,2
446,213,3,2
446,214,3,2
446,215,3,2
446,216,3,2
446,217,3,2
446,218,3,2
446,219,3,2
446,220,3,2
446,221,3,2
446,222,3,2
446,223,3,2
446,224,3,2
446,225,3,2
446,226,3,2
446,227,3,2
446,228,3,2
446,229,3,2
446,230,3,2
446,231,3,2
446,232,3,2
446,233,3,2
446,234,3,2
446,235,3,2
446,236,3,2
446,237,3,2
446,238,3,2
446,239,3,2
446,240,3,2
446,241,3,2
446,242,3,2
446,243,3,2
446,244,3,2
446,245,3,2
446,246,3,2
446,247,3,2
446,248,3,2
446,249,3,2
446,250,3,2
446,251,3,2
446,252,3,2
446,253,3,2
446,254,3,2
446,255,3,2
446,256,3,2
446,257,3,2
446,258,3,2
446,259,3,2
446,260,3,2
446,261,3,2
446,262,3,2
446,263,3,2
446,264,3,2
446,265,3,2
446,266,3,2
446,267,3,2
446,268,3,2
446,269,3,2
446,270,3,2
446,271,3,2
446,272,3,2
446,273,3,2
446,274,3,2
446,275,3,2
446,276,3,2
446,277,3,2
446,278,3,2
446,279,3,2
446,280,3,2
446,281,3,2
446,282,3,2
446,283,3,2
446,284,3,2
446,285,3,2
446,286,3,2
446,287,3,2
446,288,3,2
446,289,3,2
446,290,3,2
446,291,3,2
446,292,3,2
446,293,3,2
446,294,3,2
446,295,3,2
446,296,3,2
446,297,3,2
446,298,3,2
446,299,3,2
446,300,3,2
446,301,3,2
446,302,3,2
446,303,3,2
446,304,3,2
446,305,3,2
446,306,3,2
446,307,3,2
446,308,3,2
446,309,3,2
446,310,3,2
446,311,3,2
446,312,3,2
446,313,3,2
446,314,3,2
446,315,3,2
446,316,3,2
446,317,3,2
446,318,3,2
446,319,3,2
446,320,3,2
446,321,3,2
446,322,3,2
446,323,3,2
446,324,3,2
446,325,3,2
446,326,3,2
446,327,3,2
446,328,3,2
446,329,3,2
446,330,3,2
446,331,3,2
446,332,3,2
446,333,3,2
446,334,3,2
446,335,3,2
446,336,3,2
446,337,3,2
446,338,3,2
446,339,3,2
446,340,3,2
446,341,3,2
446,342,3,2
446,343,3,2
446,344,3,2
446,345,3,2
446,346,3,2
446,347,3,2
446,348,3,2
446,349,3,2
446,350,3,2
446,351,3,2
446,352,3,2
446,353,3,2
446,354,3,2
446,355,3,2
446,356,3,2
446,357,3,2
446,358,3,2
446,359,3,2
446,360,3,2
446,361,3,2
446,362,3,2
446,363,3,2
446,364,3,2
446,365,3,2
446,366,3,2
446,367,3,2
446,368,3,2
446,369,3,2
446,370,3,2
446,371,3,2
446,372,3,2
446,373,3,2
446,374,3,2
446,375,3,2
446,376,3,2
446,377,3,2
446,378,3,2
446,379,3,2
446,380,3,2
446,381,3,2
446,382,3,2
446,383,3,2
446,384,3,2
446,385,3,2
446,386,3,2
446,387,3,2
446,388,3,2
446,389,3,2
446,390,3,2
446,391,3,2
446,392,3,2
446,393,3,2
446,394,3,2
446,395,3,2
446,396,3,2
446,397,3,2
446,398,3,2
446,399,3,2
446,400,3,2
446,401,3,2
446,402,3,2
446,403,3,2
446,404,3,2
446,405,3,3
446,406,3,3
446,407,3,3
446,408,3,3
446,409,3,3
446,410,3,3
446,411,3,3
446,412,3,3
446,413,3,3
446,414,3,3
446,415,3,3
446,416,3,3
446,417,3,3
446,418,3,3
446,419,3,3
446,420,3,3
446,421,3,3
446,422,3,3
446,423,3,3
446,424,3,3
446,425,3,3
446,426,3,3
446,427,3,3
446,428,3,3
446,429,3,3
446,430,3,3
446,431,3,3
446,432,3,3
446,433,3,3
446,434,3,2
446,435,3,3
446,436,3,3
446,437,3,3
446,438,3,3
446,439,3,2
446,440,3,2
446,441,3,2
446,442,3,2
446,443,3,3
446,444,3,3
446,445,3,3
446,446,3,3
446,447,3,3
446,448,3,3
446,449,3,3
446,450,3,3
446,451,3,3
446,452,3,3
446,453,3,3
446,454,3,3
446,455,3,3
446,456,3,3
446,457,3,3
446,458,3,3
446,459,3,3
446,460,3,3
446,461,3,3
446,462,3,3
446,463,3,3
446,464,3,3
446,465,3,3
446,466,3,3
446,467,3,3
446,468,3,3
446,469,3,3
446,470,3,3
446,471,3,3
446,472,3,3
446,473,3,3
446,474,3,3
446,475,3,2
446,476,3,2
446,477,3,2
446,478,3,2
446,479,3,2
446,480,3,2
446,481,3,2
446,482,3,2
446,483,3,2
446,484,3,2
446,485,3,2
446,486,3,2
446,487,3,2
446,488,3,2
446,489,3,2
446,490,3,2
446,491,3,2
446,492,3,2
446,493,3,2
446,494,3,2
446,495,3,2
446,496,3,2
446,497,3,2
446,498,3,2
446,499,3,2
446,500,3,2
446,501,3,2
446,502,3,2
446,503,3,2
446,504,3,2
446,505,3,2
446,506,3,2
446,507,3,2
446,508,3,2
446,509,3,2
446,510,3,2
446,511,3,2
446,512,3,2
446,513,3,2
446,514,3,2
446,515,3,2
446,516,3,2
446,517,3,2
446,518,3,2
446,519,3,2
446,520,3,2
446,521,3,2
446,522,3,2
446,523,3,2
446,524,3,2
446,525,3,2
446,526,3,2
446,527,3,2
446,528,3,2
446,529,3,2
446,530,3,2
446,531,3,2
446,532,3,2
446,533,3,2
446,534,3,2
446,535,3,2
446,536,3,2
446,537,3,2
446,538,3,2
446,539,3,2
446,540,3,2
446,541,3,2
446,542,3,2
446,543,3,2
446,544,3,2
446,545,3,2
446,546,3,2
446,547,3,2
446,548,3,2
446,549,3,2
446,550,3,2
446,551,3,2
446,552,3,2
446,553,3,2
446,554,3,2
446,555,3,2
446,556,3,2
446,557,3,2
446,558,3,2
446,559,3,2
446,560,3,2
446,561,3,2
446,562,3,2
446,563,3,2
446,564,3,2
446,565,3,2
446,566,3,2
446,567,3,2
446,568,3,2
446,569,3,2
446,570,3,2
446,571,3,2
446,572,3,2
446,573,3,2
446,574,3,2
446,575,3,2
446,576,3,2
446,577,3,2
446,578,3,2
446,579,3,2
446,580,3,2
446,581,3,2
446,582,3,2
446,583,3,2
446,584,3,2
446,585,3,2
446,586,3,2
446,587,3,2
446,588,3,2
446,589,3,2
446,590,3,2
446,591,3,2
446,592,3,2
446,593,3,2
446,594,3,2
446,595,3,2
446,596,3,2
446,597,3,2
446,598,3,2
446,599,3,2
446,600,3,2
446,601,3,2
446,602,3,2
446,603,3,2
446,604,3,2
446,605,3,2
446,606,3,2
446,607,3,2
446,608,3,2
446,609,3,2
446,610,3,2
446,611,3,2
446,612,3,2
446,613,3,2
446,614,3,2
446,615,3,2
446,616,3,2
446,617,3,2
446,618,3,2
446,619,3,2
446,620,3,2
446,621,3,2
446,622,3,2
446,623,3,2
446,624,3,2
446,625,3,2
446,626,3,2
446,627,3,2
446,628,3,2
446,629,3,2
446,630,3,2
446,631,3,2
446,632,3,2
446,633,3,2
446,634,3,2
446,635,3,2
446,636,3,2
446,637,3,2
446,638,3,2
446,639,3,2
446,640,3,2
446,641,3,2
446,642,3,2
446,643,3,2
446,644,3,2
446,645,3,2
446,646,3,2
446,647,3,2
446,648,3,2
446,649,3,2
446,650,3,2
446,651,3,2
446,652,3,2
446,653,3,2
446,654,3,2
446,655,3,2
446,656,3,2
446,657,3,2
446,658,3,2
446,659,3,2
446,660,3,2
446,661,3,2
446,662,3,2
446,663,3,2
446,664,3,2
446,665,3,2
446,666,3,2
446,667,3,2
446,668,3,2
446,669,3,2
446,670,3,2
447,68,3,2
447,69,3,2
447,70,3,2
447,71,3,2
447,72,3,2
447,73,3,2
447,74,3,2
447,75,3,2
447,76,3,2
447,77,3,2
447,78,3,2
447,79,3,2
447,80,3,2
447,81,3,2
447,82,3,2
447,83,3,2
447,84,3,2
447,85,3,2
447,86,3,2
447,87,3,2
447,88,3,2
447,89,3,2
447,90,3,2
447,91,3,2
447,92,3,2
447,93,3,2
447,94,3,2
447,95,3,2
447,96,3,2
447,97,3,2
447,98,3,2
447,99,3,2
447,100,3,2
447,101,3,2
447,102,3,2
447,103,3,2
447,104,3,2
447,105,3,2
447,106,3,2
447,107,3,2
447,108,3,2
447,109,3,2
447,110,3,2
447,111,3,2
447,112,3,2
447,113,3,2
447,114,3,2
447,115,3,2
447,116,3,2
447,117,3,2
447,118,3,2
447,119,3,2
447,120,3,2
447,121,3,2
447,122,3,2
447,123,3,2
447,124,3,2
447,125,3,2
447,126,3,2
447,127,3,2
447,128,3,2
447,129,3,2
447,130,3,2
447,131,3,2
447,132,3,2
447,133,3,2
447,134,3,2
447,135,3,2
447,136,3,2
447,137,3,2
447,138,3,2
447,139,3,2
447,140,3,2
447,141,3,2
447,142,3,2
447,143,3,2
447,144,3,2
447,145,3,2
447,146,3,2
447,147,3,2
447,148,3,2
447,149,3,2
447,150,3,2
447,151,3,2
447,152,3,2
447,153,3,2
447,154,3,2
447,155,3,2
447,156,3,2
447,157,3,2
447,158,3,2
447,159,3,2
447,160,3,2
447,161,3,2
447,162,3,2
447,163,3,2
447,164,3,2
447,165,3,2
447,166,3,2
447,167,3,2
447,168,3,2
447,169,3,2
447,170,3,2
447,171,3,2
447,172,3,2
447,173,3,2
447,174,3,2
447,175,3,2
447,176,3,2
447,177,3,2
447,178,3,2
447,179,3,2
447,180,3,2
447,181,3,2
447,182,3,2
447,183,3,2
447,184,3,2
447,185,3,2
447,186,3,2
447,187,3,2
447,188,3,2
447,189,3,2
447,190,3,2
447,191,3,2
447,192,3,2
447,193,3,2
447,194,3,2
447,195,3,2
447,196,3,2
447,197,3,2
447,198,3,2
447,199,3,2
447,200,3,2
447,201,3,2
447,202,3,2
447,203,3,2
447,204,3,2
447,205,3,2
447,206,3,2
447,207,3,2
447,208,3,2
447,209,3,2
447,210,3,2
447,211,3,2
447,212,3,2
447,213,3,2
447,214,3,2
447,215,3,2
447,216,3,2
447,217,3,2
447,218,3,2
447,219,3,2
447,220,3,2
447,221,3,2
447,222,3,2
447,223,3,2
447,224,3,2
447,225,3,2
447,226,3,2
447,227,3,2
447,228,3,2
447,229,3,2
447,230,3,2
447,231,3,2
447,232,3,2
447,233,3,2
447,234,3,2
447,235,3,2
447,236,3,2
447,237,3,2
447,238,3,2
447,239,3,2
447,240,3,2
447,241,3,2
447,242,3,2
447,243,3,2
447,244,3,2
447,245,3,2
447,246,3,2
447,247,3,2
447,248,3,2
447,249,3,2
447,250,3,2
447,251,3,2
447,252,3,2
447,253,3,2
447,254,3,2
447,255,3,2
447,256,3,2
447,257,3,2
447,258,3,2
447,259,3,2
447,260,3,2
447,261,3,2
447,262,3,2
447,263,3,2
447,264,3,2
447,265,3,2
447,266,3,2
447,267,3,2
447,268,3,2
447,269,3,2
447,270,3,2
447,271,3,2
447,272,3,2
447,273,3,2
447,274,3,2
447,275,3,2
447,276,3,2
447,277,3,2
447,278,3,2
447,279,3,2
447,280,3,2
447,281,3,2
447,282,3,2
447,283,3,2
447,284,3,2
447,285,3,2
447,286,3,2
447,287,3,2
447,288,3,2
447,289,3,2
447,290,3,2
447,291,3,2
447,292,3,2
447,293,3,2
447,294,3,2
447,295,3,2
447,296,3,2
447,297,3,2
447,298,3,2
447,299,3,2
447,300,3,2
447,301,3,2
447,302,3,2
447,303,3,2
447,304,3,2
447,305,3,2
447,306,3,2
447,307,3,2
447,308,3,2
447,309,3,2
447,310,3,2
447,311,3,2
447,312,3,2
447,313,3,2
447,314,3,2
447,315,3,2
447,316,3,2
447,317,3,2
447,318,3,2
447,319,3,2
447,320,3,2
447,321,3,2
447,322,3,2
447,323,3,2
447,324,3,2
447,325,3,2
447,326,3,2
447,327,3,2
447,328,3,2
447,329,3,2
447,330,3,2
447,331,3,2
447,332,3,2
447,333,3,2
447,334,3,2
447,335,3,2
447,336,3,2
447,337,3,2
447,338,3,2
447,339,3,2
447,340,3,2
447,341,3,2
447,342,3,2
447,343,3,2
447,344,3,2
447,345,3,2
447,346,3,2
447,347,3,2
447,348,3,2
447,349,3,2
447,350,3,2
447,351,3,2
447,352,3,2
447,353,3,2
447,354,3,2
447,355,3,2
447,356,3,2
447,357,3,2
447,358,3,2
447,359,3,2
447,360,3,2
447,361,3,2
447,362,3,2
447,363,3,2
447,364,3,2
447,365,3,2
447,366,3,2
447,367,3,2
447,368,3,2
447,369,3,2
447,370,3,2
447,371,3,2
447,372,3,2
447,373,3,2
447,374,3,2
447,375,3,2
447,376,3,2
447,377,3,2
447,378,3,2
447,379,3,2
447,380,3,2
447,381,3,2
447,382,3,2
447,383,3,2
447,384,3,2
447,385,3,2
447,386,3,2
447,387,3,2
447,388,3,2
447,389,3,2
447,390,3,2
447,391,3,2
447,392,3,2
447,393,3,2
447,394,3,2
447,395,3,2
447,396,3,2
447,397,3,2
447,398,3,2
447,399,3,2
447,400,3,2
447,401,3,2
447,402,3,2
447,403,3,2
447,404,3,2
447,405,3,3
447,406,3,3
447,407,3,3
447,408,3,3
447,409,3,3
447,410,3,3
447,411,3,3
447,412,3,3
447,413,3,3
447,414,3,3
447,415,3,3
447,416,3,3
447,417,3,3
447,418,3,3
447,419,3,3
447,420,3,3
447,421,3,3
447,422,3,3
447,423,3,3
447,424,3,3
447,425,3,3
447,426,3,3
447,427,3,3
447,428,3,3
447,429,3,3
447,430,3,3
447,431,3,3
447,432,3,3
447,433,3,2
447,434,3,2
447,435,3,2
447,436,3,2
447,437,3,2
447,438,3,2
447,439,3,2
447,440,3,2
447,441,3,2
447,442,3,2
447,443,3,3
447,444,3,3
447,445,3,3
447,446,3,3
447,447,3,3
447,448,3,3
447,449,3,3
447,450,3,3
447,451,3,3
447,452,3,3
447,453,3,3
447,454,3,3
447,455,3,3
447,456,3,3
447,457,3,3
447,458,3,3
447,459,3,3
447,460,3,3
447,461,3,3
447,462,3,3
447,463,3,3
447,464,3,3
447,465,3,3
447,466,3,3
447,467,3,3
447,468,3,3
447,469,3,3
447,470,3,3
447,471,3,3
447,472,3,3
447,473,3,3
447,474,3,3
447,475,3,3
447,476,3,2
447,477,3,2
447,478,3,2
447,479,3,2
447,480,3,2
447,481,3,2
447,482,3,2
447,483,3,2
447,484,3,2
447,485,3,2
447,486,3,2
447,487,3,2
447,488,3,2
447,489,3,2
447,490,3,2
447,491,3,2
447,492,3,2
447,493,3,2
447,494,3,2
447,495,3,2
447,496,3,2
447,497,3,2
447,498,3,2
447,499,3,2
447,500,3,2
447,501,3,2
447,502,3,2
447,503,3,2
447,504,3,2
447,505,3,2
447,506,3,2
447,507,3,2
447,508,3,2
447,509,3,2
447,510,3,2
447,511,3,2
447,512,3,2
447,513,3,2
447,514,3,2
447,515,3,2
447,516,3,2
447,517,3,2
447,518,3,2
447,519,3,2
447,520,3,2
447,521,3,2
447,522,3,2
447,523,3,2
447,524,3,2
447,525,3,2
447,526,3,2
447,527,3,2
447,528,3,2
447,529,3,2
447,530,3,2
447,531,3,2
447,532,3,2
447,533,3,2
447,534,3,2
447,535,3,2
447,536,3,2
447,537,3,2
447,538,3,2
447,539,3,2
447,540,3,2
447,541,3,2
447,542,3,2
447,543,3,2
447,544,3,2
447,545,3,2
447,546,3,2
447,547,3,2
447,548,3,2
447,549,3,2
447,550,3,2
447,551,3,2
447,552,3,2
447,553,3,2
447,554,3,2
447,555,3,2
447,556,3,2
447,557,3,2
447,558,3,2
447,559,3,2
447,560,3,2
447,561,3,2
447,562,3,2
447,563,3,2
447,564,3,2
447,565,3,2
447,566,3,2
447,567,3,2
447,568,3,2
447,569,3,2
447,570,3,2
447,571,3,2
447,572,3,2
447,573,3,2
447,574,3,2
447,575,3,2
447,576,3,2
447,577,3,2
447,578,3,2
447,579,3,2
447,580,3,2
447,581,3,2
447,582,3,2
447,583,3,2
447,584,3,2
447,585,3,2
447,586,3,2
447,587,3,2
447,588,3,2
447,589,3,2
447,590,3,2
447,591,3,2
447,592,3,2
447,593,3,2
447,594,3,2
447,595,3,2
447,596,3,2
447,597,3,2
447,598,3,2
447,599,3,2
447,600,3,2
447,601,3,2
447,602,3,2
447,603,3,2
447,604,3,2
447,605,3,2
447,606,3,2
447,607,3,2
447,608,3,2
447,609,3,2
447,610,3,2
447,611,3,2
447,612,3,2
447,613,3,2
447,614,3,2
447,615,3,2
447,616,3,2
447,617,3,2
447,618,3,2
447,619,3,2
447,620,3,2
447,621,3,2
447,622,3,2
447,623,3,2
447,624,3,2
447,625,3,2
447,626,3,2
447,627,3,2
447,628,3,2
447,629,3,2
447,630,3,2
447,631,3,2
447,632,3,2
447,633,3,2
447,634,3,2
447,635,3,2
447,636,3,2
447,637,3,2
447,638,3,2
447,639,3,2
447,640,3,2
447,641,3,2
447,642,3,2
447,643,3,2
447,644,3,2
447,645,3,2
447,646,3,2
447,647,3,2
447,648,3,2
447,649,3,2
447,650,3,2
447,651,3,2
447,652,3,2
447,653,3,2
447,654,3,2
447,655,3,2
447,656,3,2
447,657,3,2
447,658,3,2
447,659,3,2
447,660,3,2
447,661,3,2
447,662,3,2
447,663,3,2
447,664,3,2
447,665,3,2
447,666,3,2
447,667,3,2
447,668,3,2
447,669,3,2
448,68,3,2
448,69,3,2
448,70,3,2
448,71,3,2
448,72,3,2
448,73,3,2
448,74,3,2
448,75,3,2
448,76,3,2
448,77,3,2
448,78,3,2
448,79,3,2
448,80,3,2
448,81,3,2
448,82,3,2
448,83,3,2
448,84,3,2
448,85,3,2
448,86,3,2
448,87,3,2
448,88,3,2
448,89,3,2
448,90,3,2
448,91,3,2
448,92,3,2
448,93,3,2
448,94,3,2
448,95,3,2
448,96,3,2
448,97,3,2
448,98,3,2
448,99,3,2
448,100,3,2
448,101,3,2
448,102,3,2
448,103,3,2
448,104,3,2
448,105,3,2
448,106,3,2
448,107,3,2
448,108,3,2
448,109,3,2
448,110,3,2
448,111,3,2
448,112,3,2
448,113,3,2
448,114,3,2
448,115,3,2
448,116,3,2
448,117,3,2
448,118,3,2
448,119,3,2
448,120,3,2
448,121,3,2
448,122,3,2
448,123,3,2
448,124,3,2
448,125,3,2
448,126,3,2
448,127,3,2
448,128,3,2
448,129,3,2
448,130,3,2
448,131,3,2
448,132,3,2
448,133,3,2
448,134,3,2
448,135,3,2
448,136,3,2
448,137,3,2
448,138,3,2
448,139,3,2
448,140,3,2
448,141,3,2
448,142,3,2
448,143,3,2
448,144,3,2
448,145,3,2
448,146,3,2
448,147,3,2
448,148,3,2
448,149,3,2
448,150,3,2
448,151,3,2
448,152,3,2
448,153,3,2
448,154,3,2
448,155,3,2
448,156,3,2
448,157,3,2
448,158,3,2
448,159,3,2
448,160,3,2
448,161,3,2
448,162,3,2
448,163,3,2
448,164,3,2
448,165,3,2
448,166,3,2
448,167,3,2
448,168,3,2
448,169,3,2
448,170,3,2
448,171,3,2
448,172,3,2
448,173,3,2
448,174,3,2
448,175,3,2
448,176,3,2
448,177,3,2
448,178,3,2
448,179,3,2
448,180,3,2
448,181,3,2
448,182,3,2
448,183,3,2
448,184,3,2
448,185,3,2
448,186,3,2
448,187,3,2
448,188,3,2
448,189,3,2
448,190,3,2
448,191,3,2
448,192,3,2
448,193,3,2
448,194,3,2
448,195,3,2
448,196,3,2
448,197,3,2
448,198,3,2
448,199,3,2
448,200,3,2
448,201,3,2
448,202,3,2
448,203,3,2
448,204,3,2
448,205,3,2
448,206,3,2
448,207,3,2
448,208,3,2
448,209,3,2
448,210,3,2
448,211,3,2
448,212,3,2
448,213,3,2
448,214,3,2
448,215,3,2
448,216,3,2
448,217,3,2
448,218,3,2
448,219,3,2
448,220,3,2
448,221,3,2
448,222,3,2
448,223,3,2
448,224,3,2
448,225,3,2
448,226,3,2
448,227,3,2
448,228,3,2
448,229,3,2
448,230,3,2
448,231,3,2
448,232,3,2
448,233,3,2
448,234,3,2
448,235,3,2
448,236,3,2
448,237,3,2
448,238,3,2
448,239,3,2
448,240,3,2
448,241,3,2
448,242,3,2
448,243,3,2
448,244,3,2
448,245,3,2
448,246,3,2
448,247,3,2
448,248,3,2
448,249,3,2
448,250,3,2
448,251,3,2
448,252,3,2
448,253,3,2
448,254,3,2
448,255,3,2
448,256,3,2
448,257,3,2
448,258,3,2
448,259,3,2
448,260,3,2
448,261,3,2
448,262,3,2
448,263,3,2
448,264,3,2
448,265,3,2
448,266,3,2
448,267,3,2
448,268,3,2
448,269,3,2
448,270,3,2
448,271,3,2
448,272,3,2
448,273,3,2
448,274,3,2
448,275,3,2
448,276,3,2
448,277,3,2
448,278,3,2
448,279,3,2
448,280,3,2
448,281,3,2
448,282,3,2
448,283,3,2
448,284,3,2
448,285,3,2
448,286,3,2
448,287,3,2
448,288,3,2
448,289,3,2
448,290,3,2
448,291,3,2
448,292,3,2
448,293,3,2
448,294,3,2
448,295,3,2
448,296,3,2
448,297,3,2
448,298,3,2
448,299,3,2
448,300,3,2
448,301,3,2
448,302,3,2
448,303,3,2
448,304,3,2
448,305,3,2
448,306,3,2
448,307,3,2
448,308,3,2
448,309,3,2
448,310,3,2
448,311,3,2
448,312,3,2
448,313,3,2
448,314,3,2
448,315,3,2
448,316,3,2
448,317,3,2
448,318,3,2
448,319,3,2
448,320,3,2
448,321,3,2
448,322,3,2
448,323,3,2
448,324,3,2
448,325,3,2
448,326,3,2
448,327,3,2
448,328,3,2
448,329,3,2
448,330,3,2
448,331,3,2
448,332,3,2
448,333,3,2
448,334,3,2
448,335,3,2
448,336,3,2
448,337,3,2
448,338,3,2
448,339,3,2
448,340,3,2
448,341,3,2
448,342,3,2
448,343,3,2
448,344,3,2
448,345,3,2
448,346,3,2
448,347,3,2
448,348,3,2
448,349,3,2
448,350,3,2
448,351,3,2
448,352,3,2
448,353,3,2
448,354,3,2
448,355,3,2
448,356,3,2
448,357,3,2
448,358,3,2
448,359,3,2
448,360,3,2
448,361,3,2
448,362,3,2
448,363,3,2
448,364,3,2
448,365,3,2
448,366,3,2
448,367,3,2
448,368,3,2
448,369,3,2
448,370,3,2
448,371,3,2
448,372,3,2
448,373,3,2
448,374,3,2
448,375,3,2
448,376,3,2
448,377,3,2
448,378,3,2
448,379,3,2
448,380,3,2
448,381,3,2
448,382,3,2
448,383,3,2
448,384,3,2
448,385,3,2
448,386,3,2
448,387,3,2
448,388,3,2
448,389,3,2
448,390,3,2
448,391,3,2
448,392,3,2
448,393,3,2
448,394,3,2
448,395,3,2
448,396,3,2
448,397,3,2
448,398,3,2
448,399,3,2
448,400,3,2
448,401,3,2
448,402,3,2
448,403,3,2
448,404,3,2
448,405,3,2
448,406,3,3
448,407,3,3
448,408,3,3
448,409,3,3
448,410,3,3
448,411,3,3
448,412,3,3
448,413,3,3
448,414,3,3
448,415,3,3
448,416,3,3
448,417,3,3
448,418,3,3
448,419,3,3
448,420,3,3
448,421,3,3
448,422,3,3
448,423,3,3
448,424,3,3
448,425,3,3
448,426,3,3
448,427,3,3
448,428,3,3
448,429,3,3
448,430,3,3
448,431,3,3
448,432,3,3
448,433,3,2
448,434,3,2
448,435,3,2
448,436,3,2
448,437,3,2
448,438,3,2
448,439,3,2
448,440,3,2
448,441,3,2
448,442,3,2
448,443,3,3
448,444,3,3
448,445,3,3
448,446,3,3
448,447,3,3
448,448,3,3
448,449,3,3
448,450,3,3
448,451,3,3
448,452,3,3
448,453,3,3
448,454,3,3
448,455,3,3
448,456,3,3
448,457,3,3
448,458,3,3
448,459,3,3
448,460,3,3
448,461,3,3
448,462,3,3
448,463,3,3
448,464,3,3
448,465,3,3
448,466,3,3
448,467,3,3
448,468,3,3
448,469,3,3
448,470,3,3
448,471,3,3
448,472,3,3
448,473,3,3
448,474,3,3
448,475,3,3
448,476,3,2
448,477,3,2
448,478,3,2
448,479,3,2
448,480,3,2
448,481,3,2
448,482,3,2
448,483,3,2
448,484,3,2
448,485,3,2
448,486,3,2
448,487,3,2
448,488,3,2
448,489,3,2
448,490,3,2
448,491,3,2
448,492,3,2
448,493,3,2
448,494,3,2
448,495,3,2
448,496,3,2
448,497,3,2
448,498,3,2
448,499,3,2
448,500,3,2
448,501,3,2
448,502,3,2
448,503,3,2
448,504,3,2
448,505,3,2
448,506,3,2
448,507,3,2
448,508,3,2
448,509,3,2
448,510,3,2
448,511,3,2
448,512,3,2
448,513,3,2
448,514,3,2
448,515,3,2
448,516,3,2
448,517,3,2
448,518,3,2
448,519,3,2
448,520,3,2
448,521,3,2
448,522,3,2
448,523,3,2
448,524,3,2
448,525,3,2
448,526,3,2
448,527,3,2
448,528,3,2
448,529,3,2
448,530,3,2
448,531,3,2
448,532,3,2
448,533,3,2
448,534,3,2
448,535,3,2
448,536,3,2
448,537,3,2
448,538,3,2
448,539,3,2
448,540,3,2
448,541,3,2
448,542,3,2
448,543,3,2
448,544,3,2
448,545,3,2
448,546,3,2
448,547,3,2
448,548,3,2
448,549,3,2
448,550,3,2
448,551,3,2
448,552,3,2
448,553,3,2
448,554,3,2
448,555,3,2
448,556,3,2
448,557,3,2
448,558,3,2
448,559,3,2
448,560,3,2
448,561,3,2
448,562,3,2
448,563,3,2
448,564,3,2
448,565,3,2
448,566,3,2
448,567,3,2
448,568,3,2
448,569,3,2
448,570,3,2
448,571,3,2
448,572,3,2
448,573,3,2
448,574,3,2
448,575,3,2
448,576,3,2
448,577,3,2
448,578,3,2
448,579,3,2
448,580,3,2
448,581,3,2
448,582,3,2
448,583,3,2
448,584,3,2
448,585,3,2
448,586,3,2
448,587,3,2
448,588,3,2
448,589,3,2
448,590,3,2
448,591,3,2
448,592,3,2
448,593,3,2
448,594,3,2
448,595,3,2
448,596,3,2
448,597,3,2
448,598,3,2
448,599,3,2
448,600,3,2
448,601,3,2
448,602,3,2
448,603,3,2
448,604,3,2
448,605,3,2
448,606,3,2
448,607,3,2
448,608,3,2
448,609,3,2
448,610,3,2
448,611,3,2
448,612,3,2
448,613,3,2
448,614,3,2
448,615,3,2
448,616,3,2
448,617,3,2
448,618,3,2
448,619,3,2
448,620,3,2
448,621,3,2
448,622,3,2
448,623,3,2
448,624,3,2
448,625,3,2
448,626,3,2
448,627,3,2
448,628,3,2
448,629,3,2
448,630,3,2
448,631,3,2
448,632,3,2
448,633,3,2
448,634,3,2
448,635,3,2
448,636,3,2
448,637,3,2
448,638,3,2
448,639,3,2
448,640,3,2
448,641,3,2
448,642,3,2
448,643,3,2
448,644,3,2
448,645,3,2
448,646,3,2
448,647,3,2
448,648,3,2
448,649,3,2
448,650,3,2
448,651,3,2
448,652,3,2
448,653,3,2
448,654,3,2
448,655,3,2
448,656,3,2
448,657,3,2
448,658,3,2
448,659,3,2
448,660,3,2
448,661,3,2
448,662,3,2
448,663,3,2
448,664,3,2
448,665,3,2
448,666,3,2
448,667,3,2
448,668,3,2
449,68,3,2
449,69,3,2
449,70,3,2
449,71,3,2
449,72,3,2
449,73,3,2
449,74,3,2
449,75,3,2
449,76,3,2
449,77,3,2
449,78,3,2
449,79,3,2
449,80,3,2
449,81,3,2
449,82,3,2
449,83,3,2
449,84,3,2
449,85,3,2
449,86,3,2
449,87,3,2
449,88,3,2
449,89,3,2
449,90,3,2
449,91,3,2
449,92,3,2
449,93,3,2
449,94,3,2
449,95,3,2
449,96,3,2
449,97,3,2
449,98,3,2
449,99,3,2
449,100,3,2
449,101,3,2
449,102,3,2
449,103,3,2
449,104,3,2
449,105,3,2
449,106,3,2
449,107,3,2
449,108,3,2
449,109,3,2
449,110,3,2
449,111,3,2
449,112,3,2
449,113,3,2
449,114,3,2
449,115,3,2
449,116,3,2
449,117,3,2
449,118,3,2
449,119,3,2
449,120,3,2
449,121,3,2
449,122,3,2
449,123,3,2
449,124,3,2
449,125,3,2
449,126,3,2
449,127,3,2
449,128,3,2
449,129,3,2
449,130,3,2
449,131,3,2
449,132,3,2
449,133,3,2
449,134,3,2
449,135,3,2
449,136,3,2
449,137,3,2
449,138,3,2
449,139,3,2
449,140,3,2
449,141,3,2
449,142,3,2
449,143,3,2
449,144,3,2
449,145,3,2
449,146,3,2
449,147,3,2
449,148,3,2
449,149,3,2
449,150,3,2
449,151,3,2
449,152,3,2
449,153,3,2
449,154,3,2
449,155,3,2
449,156,3,2
449,157,3,2
449,158,3,2
449,159,3,2
449,160,3,2
449,161,3,2
449,162,3,2
449,163,3,2
449,164,3,2
449,165,3,2
449,166,3,2
449,167,3,2
449,168,3,2
449,169,3,2
449,170,3,2
449,171,3,2
449,172,3,2
449,173,3,2
449,174,3,2
449,175,3,2
449,176,3,2
449,177,3,2
449,178,3,2
449,179,3,2
449,180,3,2
449,181,3,2
449,182,3,2
449,183,3,2
449,184,3,2
449,185,3,2
449,186,3,2
449,187,3,2
449,188,3,2
449,189,3,2
449,190,3,2
449,191,3,2
449,192,3,2
449,193,3,2
449,194,3,2
449,195,3,2
449,196,3,2
449,197,3,2
449,198,3,2
449,199,3,2
449,200,3,2
449,201,3,2
449,202,3,2
449,203,3,2
449,204,3,2
449,205,3,2
449,206,3,2
449,207,3,2
449,208,3,2
449,209,3,2
449,210,3,2
449,211,3,2
449,212,3,2
449,213,3,2
449,214,3,2
449,215,3,2
449,216,3,2
449,217,3,2
449,218,3,2
449,219,3,2
449,220,3,2
449,221,3,2
449,222,3,2
449,223,3,2
449,224,3,2
449,225,3,2
449,226,3,2
449,227,3,2
449,228,3,2
449,229,3,2
449,230,3,2
449,231,3,2
449,232,3,2
449,233,3,2
449,234,3,2
449,235,3,2
449,236,3,2
449,237,3,2
449,238,3,2
449,239,3,2
449,240,3,2
449,241,3,2
449,242,3,2
449,243,3,2
449,244,3,2
449,245,3,2
449,246,3,2
449,247,3,2
449,248,3,2
449,249,3,2
449,250,3,2
449,251,3,2
449,252,3,2
449,253,3,2
449,254,3,2
449,255,3,2
449,256,3,2
449,257,3,2
449,258,3,2
449,259,3,2
449,260,3,2
449,261,3,2
449,262,3,2
449,263,3,2
449,264,3,2
449,265,3,2
449,266,3,2
449,267,3,2
449,268,3,2
449,269,3,2
449,270,3,2
449,271,3,2
449,272,3,2
449,273,3,2
449,274,3,2
449,275,3,2
449,276,3,2
449,277,3,2
449,278,3,2
449,279,3,2
449,280,3,2
449,281,3,2
449,282,3,2
449,283,3,2
449,284,3,2
449,285,3,2
449,286,3,2
449,287,3,2
449,288,3,2
449,289,3,2
449,290,3,2
449,291,3,2
449,292,3,2
449,293,3,2
449,294,3,2
449,295,3,2
449,296,3,2
449,297,3,2
449,298,3,2
449,299,3,2
449,300,3,2
449,301,3,2
449,302,3,2
449,303,3,2
449,304,3,2
449,305,3,2
449,306,3,2
449,307,3,2
449,308,3,2
449,309,3,2
449,310,3,2
449,311,3,2
449,312,3,2
449,313,3,2
449,314,3,2
449,315,3,2
449,316,3,2
449,317,3,2
449,318,3,2
449,319,3,2
449,320,3,2
449,321,3,2
449,322,3,2
449,323,3,2
449,324,3,2
449,325,3,2
449,326,3,2
449,327,3,2
449,328,3,2
449,329,3,2
449,330,3,2
449,331,3,2
449,332,3,2
449,333,3,2
449,334,3,2
449,335,3,2
449,336,3,2
449,337,3,2
449,338,3,2
449,339,3,2
449,340,3,2
449,341,3,2
449,342,3,2
449,343,3,2
449,344,3,2
449,345,3,2
449,346,3,2
449,347,3,2
449,348,3,2
449,349,3,2
449,350,3,2
449,351,3,2
449,352,3,2
449,353,3,2
449,354,3,2
449,355,3,2
449,356,3,2
449,357,3,2
449,358,3,2
449,359,3,2
449,360,3,2
449,361,3,2
449,362,3,2
449,363,3,2
449,364,3,2
449,365,3,2
449,366,3,2
449,367,3,2
449,368,3,2
449,369,3,2
449,370,3,2
449,371,3,2
449,372,3,2
449,373,3,2
449,374,3,2
449,375,3,2
449,376,3,2
449,377,3,2
449,378,3,2
449,379,3,2
449,380,3,2
449,381,3,2
449,382,3,2
449,383,3,2
449,384,3,2
449,385,3,2
449,386,3,2
449,387,3,2
449,388,3,2
449,389,3,2
449,390,3,2
449,391,3,2
449,392,3,2
449,393,3,2
449,394,3,2
449,395,3,2
449,396,3,2
449,397,3,2
449,398,3,2
449,399,3,2
449,400,3,2
449,401,3,2
449,402,3,2
449,403,3,2
449,404,3,2
449,405,3,2
449,406,3,2
449,407,3,3
449,408,3,3
449,409,3,3
449,410,3,3
449,411,3,3
449,412,3,3
449,413,3,3
449,414,3,3
449,415,3,3
449,416,3,3
449,417,3,3
449,418,3,3
449,419,3,3
449,420,3,3
449,421,3,3
449,422,3,3
449,423,3,3
449,424,3,3
449,425,3,3
449,426,3,3
449,427,3,3
449,428,3,3
449,429,3,3
449,430,3,3
449,431,3,2
449,432,3,2
449,433,3,2
449,434,3,2
449,435,3,2
449,436,3,2
449,437,3,2
449,438,3,2
449,439,3,2
449,440,3,2
449,441,3,2
449,442,3,2
449,443,3,2
449,444,3,3
449,445,3,3
449,446,3,3
449,447,3,3
449,448,3,3
449,449,3,3
449,450,3,3
449,451,3,3
449,452,3,3
449,453,3,3
449,454,3,3
449,455,3,3
449,456,3,3
449,457,3,3
449,458,3,3
449,459,3,3
449,460,3,3
449,461,3,3
449,462,3,3
449,463,3,3
449,464,3,3
449,465,3,3
449,466,3,3
449,467,3,3
449,468,3,3
449,469,3,3
449,470,3,3
449,471,3,3
449,472,3,3
449,473,3,3
449,474,3,3
449,475,3,2
449,476,3,2
449,477,3,2
449,478,3,2
449,479,3,2
449,480,3,2
449,481,3,2
449,482,3,2
449,483,3,2
449,484,3,2
449,485,3,2
449,486,3,2
449,487,3,2
449,488,3,2
449,489,3,2
449,490,3,2
449,491,3,2
449,492,3,2
449,493,3,2
449,494,3,2
449,495,3,2
449,496,3,2
449,497,3,2
449,498,3,2
449,499,3,2
449,500,3,2
449,501,3,2
449,502,3,2
449,503,3,2
449,504,3,2
449,505,3,2
449,506,3,2
449,507,3,2
449,508,3,2
449,509,3,2
449,510,3,2
449,511,3,2
449,512,3,2
449,513,3,2
449,514,3,2
449,515,3,2
449,516,3,2
449,517,3,2
449,518,3,2
449,519,3,2
449,520,3,2
449,521,3,2
449,522,3,2
449,523,3,2
449,524,3,2
449,525,3,2
449,526,3,2
449,527,3,2
449,528,3,2
449,529,3,2
449,530,3,2
449,531,3,2
449,532,3,2
449,533,3,2
449,534,3,2
449,535,3,2
449,536,3,2
449,537,3,2
449,538,3,2
449,539,3,2
449,540,3,2
449,541,3,2
449,542,3,2
449,543,3,2
449,544,3,2
449,545,3,2
449,546,3,2
449,547,3,2
449,548,3,2
449,549,3,2
449,550,3,2
449,551,3,2
449,552,3,2
449,553,3,2
449,554,3,2
449,555,3,2
449,556,3,2
449,557,3,2
449,558,3,2
449,559,3,2
449,560,3,2
449,561,3,2
449,562,3,2
449,563,3,2
449,564,3,2
449,565,3,2
449,566,3,2
449,567,3,2
449,568,3,2
449,569,3,2
449,570,3,2
449,571,3,2
449,572,3,2
449,573,3,2
449,574,3,2
449,575,3,2
449,576,3,2
449,577,3,2
449,578,3,2
449,579,3,2
449,580,3,2
449,581,3,2
449,582,3,2
449,583,3,2
449,584,3,2
449,585,3,2
449,586,3,2
449,587,3,2
449,588,3,2
449,589,3,2
449,590,3,2
449,591,3,2
449,592,3,2
449,593,3,2
449,594,3,2
449,595,3,2
449,596,3,2
449,597,3,2
449,598,3,2
449,599,3,2
449,600,3,2
449,601,3,2
449,602,3,2
449,603,3,2
449,604,3,2
449,605,3,2
449,606,3,2
449,607,3,2
449,608,3,2
449,609,3,2
449,610,3,2
449,611,3,2
449,612,3,2
449,613,3,2
449,614,3,2
449,615,3,2
449,616,3,2
449,617,3,2
449,618,3,2
449,619,3,2
449,620,3,2
449,621,3,2
449,622,3,2
449,623,3,2
449,624,3,2
449,625,3,2
449,626,3,2
449,627,3,2
449,628,3,2
449,629,3,2
449,630,3,2
449,631,3,2
449,632,3,2
449,633,3,2
449,634,3,2
449,635,3,2
449,636,3,2
449,637,3,2
449,638,3,2
449,639,3,2
449,640,3,2
449,641,3,2
449,642,3,2
449,643,3,2
449,644,3,2
449,645,3,2
449,646,3,2
449,647,3,2
449,648,3,2
449,649,3,2
449,650,3,2
449,651,3,2
449,652,3,2
449,653,3,2
449,654,3,2
449,655,3,2
449,656,3,2
449,657,3,2
449,658,3,2
449,659,3,2
449,660,3,2
449,661,3,2
449,662,3,2
449,663,3,2
449,664,3,2
449,665,3,2
449,666,3,2
449,667,3,2
449,668,3,2
450,68,3,2
450,69,3,2
450,70,3,2
450,71,3,2
450,72,3,2
450,73,3,2
450,74,3,2
450,75,3,2
450,76,3,2
450,77,3,2
450,78,3,2
450,79,3,2
450,80,3,2
450,81,3,2
450,82,3,2
450,83,3,2
450,84,3,2
450,85,3,2
450,86,3,2
450,87,3,2
450,88,3,2
450,89,3,2
450,90,3,2
450,91,3,2
450,92,3,2
450,93,3,2
450,94,3,2
450,95,3,2
450,96,3,2
450,97,3,2
450,98,3,2
450,99,3,2
450,100,3,2
450,101,3,2
450,102,3,2
450,103,3,2
450,104,3,2
450,105,3,2
450,106,3,2
450,107,3,2
450,108,3,2
450,109,3,2
450,110,3,2
450,111,3,2
450,112,3,2
450,113,3,2
450,114,3,2
450,115,3,2
450,116,3,2
450,117,3,2
450,118,3,2
450,119,3,2
450,120,3,2
450,121,3,2
450,122,3,2
450,123,3,2
450,124,3,2
450,125,3,2
450,126,3,2
450,127,3,2
450,128,3,2
450,129,3,2
450,130,3,2
450,131,3,2
450,132,3,2
450,133,3,2
450,134,3,2
450,135,3,2
450,136,3,2
450,137,3,2
450,138,3,2
450,139,3,2
450,140,3,2
450,141,3,2
450,142,3,2
450,143,3,2
450,144,3,2
450,145,3,2
450,146,3,2
450,147,3,2
450,148,3,2
450,149,3,2
450,150,3,2
450,151,3,2
450,152,3,2
450,153,3,2
450,154,3,2
450,155,3,2
450,156,3,2
450,157,3,2
450,158,3,2
450,159,3,2
450,160,3,2
450,161,3,2
450,162,3,2
450,163,3,2
450,164,3,2
450,165,3,2
450,166,3,2
450,167,3,2
450,168,3,2
450,169,3,2
450,170,3,2
450,171,3,2
450,172,3,2
450,173,3,2
450,174,3,2
450,175,3,2
450,176,3,2
450,177,3,2
450,178,3,2
450,179,3,2
450,180,3,2
450,181,3,2
450,182,3,2
450,183,3,2
450,184,3,2
450,185,3,2
450,186,3,2
450,187,3,2
450,188,3,2
450,189,3,2
450,190,3,2
450,191,3,2
450,192,3,2
450,193,3,2
450,194,3,2
450,195,3,2
450,196,3,2
450,197,3,2
450,198,3,2
450,199,3,2
450,200,3,2
450,201,3,2
450,202,3,2
450,203,3,2
450,204,3,2
450,205,3,2
450,206,3,2
450,207,3,2
450,208,3,2
450,209,3,2
450,210,3,2
450,211,3,2
450,212,3,2
450,213,3,2
450,214,3,2
450,215,3,2
450,216,3,2
450,217,3,2
450,218,3,2
450,219,3,2
450,220,3,2
450,221,3,2
450,222,3,2
450,223,3,2
450,224,3,2
450,225,3,2
450,226,3,2
450,227,3,2
450,228,3,2
450,229,3,2
450,230,3,2
450,231,3,2
450,232,3,2
450,233,3,2
450,234,3,2
450,235,3,2
450,236,3,2
450,237,3,2
450,238,3,2
450,239,3,2
450,240,3,2
450,241,3,2
450,242,3,2
450,243,3,2
450,244,3,2
450,245,3,2
450,246,3,2
450,247,3,2
450,248,3,2
450,249,3,2
450,250,3,2
450,251,3,2
450,252,3,2
450,253,3,2
450,254,3,2
450,255,3,2
450,256,3,2
450,257,3,2
450,258,3,2
450,259,3,2
450,260,3,2
450,261,3,2
450,262,3,2
450,263,3,2
450,264,3,2
450,265,3,2
450,266,3,2
450,267,3,2
450,268,3,2
450,269,3,2
450,270,3,2
450,271,3,2
450,272,3,2
450,273,3,2
450,274,3,2
450,275,3,2
450,276,3,2
450,277,3,2
450,278,3,2
450,279,3,2
450,280,3,2
450,281,3,2
450,282,3,2
450,283,3,2
450,284,3,2
450,285,3,2
450,286,3,2
450,287,3,2
450,288,3,2
450,289,3,2
450,290,3,2
450,291,3,2
450,292,3,2
450,293,3,2
450,294,3,2
450,295,3,2
450,296,3,2
450,297,3,2
450,298,3,2
450,299,3,2
450,300,3,2
450,301,3,2
450,302,3,2
450,303,3,2
450,304,3,2
450,305,3,2
450,306,3,2
450,307,3,2
450,308,3,2
450,309,3,2
450,310,3,2
450,311,3,2
450,312,3,2
450,313,3,2
450,314,3,2
450,315,3,2
450,316,3,2
450,317,3,2
450,318,3,2
450,319,3,2
450,320,3,2
450,321,3,2
450,322,3,2
450,323,3,2
450,324,3,2
450,325,3,2
450,326,3,2
450,327,3,2
450,328,3,2
450,329,3,2
450,330,3,2
450,331,3,2
450,332,3,2
450,333,3,2
450,334,3,2
450,335,3,2
450,336,3,2
450,337,3,2
450,338,3,2
450,339,3,2
450,340,3,2
450,341,3,2
450,342,3,2
450,343,3,2
450,344,3,2
450,345,3,2
450,346,3,2
450,347,3,2
450,348,3,2
450,349,3,2
450,350,3,2
450,351,3,2
450,352,3,2
450,353,3,2
450,354,3,2
450,355,3,2
450,356,3,2
450,357,3,2
450,358,3,2
450,359,3,2
450,360,3,2
450,361,3,2
450,362,3,2
450,363,3,2
450,364,3,2
450,365,3,2
450,366,3,2
450,367,3,2
450,368,3,2
450,369,3,2
450,370,3,2
450,371,3,2
450,372,3,2
450,373,3,2
450,374,3,2
450,375,3,2
450,376,3,2
450,377,3,2
450,378,3,2
450,379,3,2
450,380,3,2
450,381,3,2
450,382,3,2
450,383,3,2
450,384,3,2
450,385,3,2
450,386,3,2
450,387,3,2
450,388,3,2
450,389,3,2
450,390,3,2
450,391,3,2
450,392,3,2
450,393,3,2
450,394,3,2
450,395,3,2
450,396,3,2
450,397,3,2
450,398,3,2
450,399,3,2
450,400,3,2
450,401,3,2
450,402,3,2
450,403,3,2
450,404,3,2
450,405,3,2
450,406,3,2
450,407,3,2
450,408,3,2
450,409,3,2
450,410,3,2
450,411,3,3
450,412,3,3
450,413,3,3
450,414,3,3
450,415,3,2
450,416,3,2
450,417,3,2
450,418,3,2
450,419,3,3
450,420,3,3
450,421,3,2
450,422,3,2
450,423,3,2
450,424,3,2
450,425,3,2
450,426,3,2
450,427,3,2
450,428,3,2
450,429,3,2
450,430,3,2
450,431,3,2
450,432,3,2
450,433,3,2
450,434,3,2
450,435,3,2
450,436,3,2
450,437,3,2
450,438,3,2
450,439,3,2
450,440,3,2
450,441,3,2
450,442,3,2
450,443,3,3
450,444,3,3
450,445,3,3
450,446,3,3
450,447,3,3
450,448,3,3
450,449,3,3
450,450,3,3
450,451,3,3
450,452,3,3
450,453,3,3
450,454,3,3
450,455,3,3
450,456,3,3
450,457,3,3
450,458,3,3
450,459,3,3
450,460,3,3
450,461,3,3
450,462,3,3
450,463,3,3
450,464,3,3
450,465,3,3
450,466,3,3
450,467,3,3
450,468,3,3
450,469,3,3
450,470,3,3
450,471,3,3
450,472,3,3
450,473,3,3
450,474,3,3
450,475,3,2
450,476,3,2
450,477,3,2
450,478,3,2
450,479,3,2
450,480,3,2
450,481,3,2
450,482,3,2
450,483,3,2
450,484,3,2
450,485,3,2
450,486,3,2
450,487,3,2
450,488,3,2
450,489,3,2
450,490,3,2
450,491,3,2
450,492,3,2
450,493,3,2
450,494,3,2
450,495,3,2
450,496,3,2
450,497,3,2
450,498,3,2
450,499,3,2
450,500,3,2
450,501,3,2
450,502,3,2
450,503,3,2
450,504,3,2
450,505,3,2
450,506,3,2
450,507,3,2
450,508,3,2
450,509,3,2
450,510,3,2
450,511,3,2
450,512,3,2
450,513,3,2
450,514,3,2
450,515,3,2
450,516,3,2
450,517,3,2
450,518,3,2
450,519,3,2
450,520,3,2
450,521,3,2
450,522,3,2
450,523,3,2
450,524,3,2
450,525,3,2
450,526,3,2
450,527,3,2
450,528,3,2
450,529,3,2
450,530,3,2
450,531,3,2
450,532,3,2
450,533,3,2
450,534,3,2
450,535,3,2
450,536,3,2
450,537,3,2
450,538,3,2
450,539,3,2
450,540,3,2
450,541,3,2
450,542,3,2
450,543,3,2
450,544,3,2
450,545,3,2
450,546,3,2
450,547,3,2
450,548,3,2
450,549,3,2
450,550,3,2
450,551,3,2
450,552,3,2
450,553,3,2
450,554,3,2
450,555,3,2
450,556,3,2
450,557,3,2
450,558,3,2
450,559,3,2
450,560,3,2
450,561,3,2
450,562,3,2
450,563,3,2
450,564,3,2
450,565,3,2
450,566,3,2
450,567,3,2
450,568,3,2
450,569,3,2
450,570,3,2
450,571,3,2
450,572,3,2
450,573,3,2
450,574,3,2
450,575,3,2
450,576,3,2
450,577,3,2
450,578,3,2
450,579,3,2
450,580,3,2
450,581,3,2
450,582,3,2
450,583,3,2
450,584,3,2
450,585,3,2
450,586,3,2
450,587,3,2
450,588,3,2
450,589,3,2
450,590,3,2
450,591,3,2
450,592,3,2
450,593,3,2
450,594,3,2
450,595,3,2
450,596,3,2
450,597,3,2
450,598,3,2
450,599,3,2
450,600,3,2
450,601,3,2
450,602,3,2
450,603,3,2
450,604,3,2
450,605,3,2
450,606,3,2
450,607,3,2
450,608,3,2
450,609,3,2
450,610,3,2
450,611,3,2
450,612,3,2
450,613,3,2
450,614,3,2
450,615,3,2
450,616,3,2
450,617,3,2
450,618,3,2
450,619,3,2
450,620,3,2
450,621,3,2
450,622,3,2
450,623,3,2
450,624,3,2
450,625,3,2
450,626,3,2
450,627,3,2
450,628,3,2
450,629,3,2
450,630,3,2
450,631,3,2
450,632,3,2
450,633,3,2
450,634,3,2
450,635,3,2
450,636,3,2
450,637,3,2
450,638,3,2
450,639,3,2
450,640,3,2
450,641,3,2
450,642,3,2
450,643,3,2
450,644,3,2
450,645,3,2
450,646,3,2
450,647,3,2
450,648,3,2
450,649,3,2
450,650,3,2
450,651,3,2
450,652,3,2
450,653,3,2
450,654,3,2
450,655,3,2
450,656,3,2
450,657,3,2
450,658,3,2
450,659,3,2
450,660,3,2
450,661,3,2
450,662,3,2
450,663,3,2
450,664,3,2
450,665,3,2
450,666,3,2
450,667,3,2
450,668,3,2
451,68,3,2
451,69,3,2
451,70,3,2
451,71,3,2
451,72,3,2
451,73,3,2
451,74,3,2
451,75,3,2
451,76,3,2
451,77,3,2
451,78,3,2
451,79,3,2
451,80,3,2
451,81,3,2
451,82,3,2
451,83,3,2
451,84,3,2
451,85,3,2
451,86,3,2
451,87,3,2
451,88,3,2
451,89,3,2
451,90,3,2
451,91,3,2
451,92,3,2
451,93,3,2
451,94,3,2
451,95,3,2
451,96,3,2
451,97,3,2
451,98,3,2
451,99,3,2
451,100,3,2
451,101,3,2
451,102,3,2
451,103,3,2
451,104,3,2
451,105,3,2
451,106,3,2
451,107,3,2
451,108,3,2
451,109,3,2
451,110,3,2
451,111,3,2
451,112,3,2
451,113,3,2
451,114,3,2
451,115,3,2
451,116,3,2
451,117,3,2
451,118,3,2
451,119,3,2
451,120,3,2
451,121,3,2
451,122,3,2
451,123,3,2
451,124,3,2
451,125,3,2
451,126,3,2
451,127,3,2
451,128,3,2
451,129,3,2
451,130,3,2
451,131,3,2
451,132,3,2
451,133,3,2
451,134,3,2
451,135,3,2
451,136,3,2
451,137,3,2
451,138,3,2
451,139,3,2
451,140,3,2
451,141,3,2
451,142,3,2
451,143,3,2
451,144,3,2
451,145,3,2
451,146,3,2
451,147,3,2
451,148,3,2
451,149,3,2
451,150,3,2
451,151,3,2
451,152,3,2
451,153,3,2
451,154,3,2
451,155,3,2
451,156,3,2
451,157,3,2
451,158,3,2
451,159,3,2
451,160,3,2
451,161,3,2
451,162,3,2
451,163,3,2
451,164,3,2
451,165,3,2
451,166,3,2
451,167,3,2
451,168,3,2
451,169,3,2
451,170,3,2
451,171,3,2
451,172,3,2
451,173,3,2
451,174,3,2
451,175,3,2
451,176,3,2
451,177,3,2
451,178,3,2
451,179,3,2
451,180,3,2
451,181,3,2
451,182,3,2
451,183,3,2
451,184,3,2
451,185,3,2
451,186,3,2
451,187,3,2
451,188,3,2
451,189,3,2
451,190,3,2
451,191,3,2
451,192,3,2
451,193,3,2
451,194,3,2
451,195,3,2
451,196,3,2
451,197,3,2
451,198,3,2
451,199,3,2
451,200,3,2
451,201,3,2
451,202,3,2
451,203,3,2
451,204,3,2
451,205,3,2
451,206,3,2
451,207,3,2
451,208,3,2
451,209,3,2
451,210,3,2
451,211,3,2
451,212,3,2
451,213,3,2
451,214,3,2
451,215,3,2
451,216,3,2
451,217,3,2
451,218,3,2
451,219,3,2
451,220,3,2
451,221,3,2
451,222,3,2
451,223,3,2
451,224,3,2
451,225,3,2
451,226,3,2
451,227,3,2
451,228,3,2
451,229,3,2
451,230,3,2
451,231,3,2
451,232,3,2
451,233,3,2
451,234,3,2
451,235,3,2
451,236,3,2
451,237,3,2
451,238,3,2
451,239,3,2
451,240,3,2
451,241,3,2
451,242,3,2
451,243,3,2
451,244,3,2
451,245,3,2
451,246,3,2
451,247,3,2
451,248,3,2
451,249,3,2
451,250,3,2
451,251,3,2
451,252,3,2
451,253,3,2
451,254,3,2
451,255,3,2
451,256,3,2
451,257,3,2
451,258,3,2
451,259,3,2
451,260,3,2
451,261,3,2
451,262,3,2
451,263,3,2
451,264,3,2
451,265,3,2
451,266,3,2
451,267,3,2
451,268,3,2
451,269,3,2
451,270,3,2
451,271,3,2
451,272,3,2
451,273,3,2
451,274,3,2
451,275,3,2
451,276,3,2
451,277,3,2
451,278,3,2
451,279,3,2
451,280,3,2
451,281,3,2
451,282,3,2
451,283,3,2
451,284,3,2
451,285,3,2
451,286,3,2
451,287,3,2
451,288,3,2
451,289,3,2
451,290,3,2
451,291,3,2
451,292,3,2
451,293,3,2
451,294,3,2
451,295,3,2
451,296,3,2
451,297,3,2
451,298,3,2
451,299,3,2
451,300,3,2
451,301,3,2
451,302,3,2
451,303,3,2
451,304,3,2
451,305,3,2
451,306,3,2
451,307,3,2
451,308,3,2
451,309,3,2
451,310,3,2
451,311,3,2
451,312,3,2
451,313,3,2
451,314,3,2
451,315,3,2
451,316,3,2
451,317,3,2
451,318,3,2
451,319,3,2
451,320,3,2
451,321,3,2
451,322,3,2
451,323,3,2
451,324,3,2
451,325,3,2
451,326,3,2
451,327,3,2
451,328,3,2
451,329,3,2
451,330,3,2
451,331,3,2
451,332,3,2
451,333,3,2
451,334,3,2
451,335,3,2
451,336,3,2
451,337,3,2
451,338,3,2
451,339,3,2
451,340,3,2
451,341,3,2
451,342,3,2
451,343,3,2
451,344,3,2
451,345,3,2
451,346,3,2
451,347,3,2
451,348,3,2
451,349,3,2
451,350,3,2
451,351,3,2
451,352,3,2
451,353,3,2
451,354,3,2
451,355,3,2
451,356,3,2
451,357,3,2
451,358,3,2
451,359,3,2
451,360,3,2
451,361,3,2
451,362,3,2
451,363,3,2
451,364,3,2
451,365,3,2
451,366,3,2
451,367,3,2
451,368,3,2
451,369,3,2
451,370,3,2
451,371,3,2
451,372,3,2
451,373,3,2
451,374,3,2
451,375,3,2
451,376,3,2
451,377,3,2
451,378,3,2
451,379,3,2
451,380,3,2
451,381,3,2
451,382,3,2
451,383,3,2
451,384,3,2
451,385,3,2
451,386,3,2
451,387,3,2
451,388,3,2
451,389,3,2
451,390,3,2
451,391,3,2
451,392,3,2
451,393,3,2
451,394,3,2
451,395,3,2
451,396,3,2
451,397,3,2
451,398,3,2
451,399,3,2
451,400,3,2
451,401,3,2
451,402,3,2
451,403,3,2
451,404,3,2
451,405,3,2
451,406,3,2
451,407,3,2
451,408,3,2
451,409,3,2
451,410,3,2
451,411,3,2
451,412,3,2
451,413,3,2
451,414,3,2
451,415,3,2
451,416,3,2
451,417,3,2
451,418,3,2
451,419,3,2
451,420,3,2
451,421,3,2
451,422,3,2
451,423,3,2
451,424,3,2
451,425,3,2
451,426,3,2
451,427,3,2
451,428,3,2
451,429,3,2
451,430,3,2
451,431,3,2
451,432,3,2
451,433,3,2
451,434,3,2
451,435,3,2
451,436,3,2
451,437,3,2
451,438,3,2
451,439,3,2
451,440,3,2
451,441,3,2
451,442,3,2
451,443,3,2
451,444,3,3
451,445,3,3
451,446,3,3
451,447,3,3
451,448,3,3
451,449,3,3
451,450,3,3
451,451,3,3
451,452,3,3
451,453,3,3
451,454,3,3
451,455,3,3
451,456,3,3
451,457,3,3
451,458,3,3
451,459,3,3
451,460,3,3
451,461,3,3
451,462,3,3
451,463,3,3
451,464,3,3
451,465,3,3
451,466,3,3
451,467,3,3
451,468,3,3
451,469,3,3
451,470,3,3
451,471,3,3
451,472,3,3
451,473,3,3
451,474,3,3
451,475,3,2
451,476,3,2
451,477,3,2
451,478,3,2
451,479,3,2
451,480,3,2
451,481,3,2
451,482,3,2
451,483,3,2
451,484,3,2
451,485,3,2
451,486,3,2
451,487,3,2
451,488,3,2
451,489,3,2
451,490,3,2
451,491,3,2
451,492,3,2
451,493,3,2
451,494,3,2
451,495,3,2
451,496,3,2
451,497,3,2
451,498,3,2
451,499,3,2
451,500,3,2
451,501,3,2
451,502,3,2
451,503,3,2
451,504,3,2
451,505,3,2
451,506,3,2
451,507,3,2
451,508,3,2
451,509,3,2
451,510,3,2
451,511,3,2
451,512,3,2
451,513,3,2
451,514,3,2
451,515,3,2
451,516,3,2
451,517,3,2
451,518,3,2
451,519,3,2
451,520,3,2
451,521,3,2
451,522,3,2
451,523,3,2
451,524,3,2
451,525,3,2
451,526,3,2
451,527,3,2
451,528,3,2
451,529,3,2
451,530,3,2
451,531,3,2
451,532,3,2
451,533,3,2
451,534,3,2
451,535,3,2
451,536,3,2
451,537,3,2
451,538,3,2
451,539,3,2
451,540,3,2
451,541,3,2
451,542,3,2
451,543,3,2
451,544,3,2
451,545,3,2
451,546,3,2
451,547,3,2
451,548,3,2
451,549,3,2
451,550,3,2
451,551,3,2
451,552,3,2
451,553,3,2
451,554,3,2
451,555,3,2
451,556,3,2
451,557,3,2
451,558,3,2
451,559,3,2
451,560,3,2
451,561,3,2
451,562,3,2
451,563,3,2
451,564,3,2
451,565,3,2
451,566,3,2
451,567,3,2
451,568,3,2
451,569,3,2
451,570,3,2
451,571,3,2
451,572,3,2
451,573,3,2
451,574,3,2
451,575,3,2
451,576,3,2
451,577,3,2
451,578,3,2
451,579,3,2
451,580,3,2
451,581,3,2
451,582,3,2
451,583,3,2
451,584,3,2
451,585,3,2
451,586,3,2
451,587,3,2
451,588,3,2
451,589,3,2
451,590,3,2
451,591,3,2
451,592,3,2
451,593,3,2
451,594,3,2
451,595,3,2
451,596,3,2
451,597,3,2
451,598,3,2
451,599,3,2
451,600,3,2
451,601,3,2
451,602,3,2
451,603,3,2
451,604,3,2
451,605,3,2
451,606,3,2
451,607,3,2
451,608,3,2
451,609,3,2
451,610,3,2
451,611,3,2
451,612,3,2
451,613,3,2
451,614,3,2
451,615,3,2
451,616,3,2
451,617,3,2
451,618,3,2
451,619,3,2
451,620,3,2
451,621,3,2
451,622,3,2
451,623,3,2
451,624,3,2
451,625,3,2
451,626,3,2
451,627,3,2
451,628,3,2
451,629,3,2
451,630,3,2
451,631,3,2
451,632,3,2
451,633,3,2
451,634,3,2
451,635,3,2
451,636,3,2
451,637,3,2
451,638,3,2
451,639,3,2
451,640,3,2
451,641,3,2
451,642,3,2
451,643,3,2
451,644,3,2
451,645,3,2
451,646,3,2
451,647,3,2
451,648,3,2
451,649,3,2
451,650,3,2
451,651,3,2
451,652,3,2
451,653,3,2
451,654,3,2
451,655,3,2
451,656,3,2
451,657,3,2
451,658,3,2
451,659,3,2
451,660,3,2
451,661,3,2
451,662,3,2
451,663,3,2
451,664,3,2
451,665,3,2
451,666,3,2
451,667,3,2
451,668,3,2
452,68,3,2
452,69,3,2
452,70,3,2
452,71,3,2
452,72,3,2
452,73,3,2
452,74,3,2
452,75,3,2
452,76,3,2
452,77,3,2
452,78,3,2
452,79,3,2
452,80,3,2
452,81,3,2
452,82,3,2
452,83,3,2
452,84,3,2
452,85,3,2
452,86,3,2
452,87,3,2
452,88,3,2
452,89,3,2
452,90,3,2
452,91,3,2
452,92,3,2
452,93,3,2
452,94,3,2
452,95,3,2
452,96,3,2
452,97,3,2
452,98,3,2
452,99,3,2
452,100,3,2
452,101,3,2
452,102,3,2
452,103,3,2
452,104,3,2
452,105,3,2
452,106,3,2
452,107,3,2
452,108,3,2
452,109,3,2
452,110,3,2
452,111,3,2
452,112,3,2
452,113,3,2
452,114,3,2
452,115,3,2
452,116,3,2
452,117,3,2
452,118,3,2
452,119,3,2
452,120,3,2
452,121,3,2
452,122,3,2
452,123,3,2
452,124,3,2
452,125,3,2
452,126,3,2
452,127,3,2
452,128,3,2
452,129,3,2
452,130,3,2
452,131,3,2
452,132,3,2
452,133,3,2
452,134,3,2
452,135,3,2
452,136,3,2
452,137,3,2
452,138,3,2
452,139,3,2
452,140,3,2
452,141,3,2
452,142,3,2
452,143,3,2
452,144,3,2
452,145,3,2
452,146,3,2
452,147,3,2
452,148,3,2
452,149,3,2
452,150,3,2
452,151,3,2
452,152,3,2
452,153,3,2
452,154,3,2
452,155,3,2
452,156,3,2
452,157,3,2
452,158,3,2
452,159,3,2
452,160,3,2
452,161,3,2
452,162,3,2
452,163,3,2
452,164,3,2
452,165,3,2
452,166,3,2
452,167,3,2
452,168,3,2
452,169,3,2
452,170,3,2
452,171,3,2
452,172,3,2
452,173,3,2
452,174,3,2
452,175,3,2
452,176,3,2
452,177,3,2
452,178,3,2
452,179,3,2
452,180,3,2
452,181,3,2
452,182,3,2
452,183,3,2
452,184,3,2
452,185,3,2
452,186,3,2
452,187,3,2
452,188,3,2
452,189,3,2
452,190,3,2
452,191,3,2
452,192,3,2
452,193,3,2
452,194,3,2
452,195,3,2
452,196,3,2
452,197,3,2
452,198,3,2
452,199,3,2
452,200,3,2
452,201,3,2
452,202,3,2
452,203,3,2
452,204,3,2
452,205,3,2
452,206,3,2
452,207,3,2
452,208,3,2
452,209,3,2
452,210,3,2
452,211,3,2
452,212,3,2
452,213,3,2
452,214,3,2
452,215,3,2
452,216,3,2
452,217,3,2
452,218,3,2
452,219,3,2
452,220,3,2
452,221,3,2
452,222,3,2
452,223,3,2
452,224,3,2
452,225,3,2
452,226,3,2
452,227,3,2
452,228,3,2
452,229,3,2
452,230,3,2
452,231,3,2
452,232,3,2
452,233,3,2
452,234,3,2
452,235,3,2
452,236,3,2
452,237,3,2
452,238,3,2
452,239,3,2
452,240,3,2
452,241,3,2
452,242,3,2
452,243,3,2
452,244,3,2
452,245,3,2
452,246,3,2
452,247,3,2
452,248,3,2
452,249,3,2
452,250,3,2
452,251,3,2
452,252,3,2
452,253,3,2
452,254,3,2
452,255,3,2
452,256,3,2
452,257,3,2
452,258,3,2
452,259,3,2
452,260,3,2
452,261,3,2
452,262,3,2
452,263,3,2
452,264,3,2
452,265,3,2
452,266,3,2
452,267,3,2
452,268,3,2
452,269,3,2
452,270,3,2
452,271,3,2
452,272,3,2
452,273,3,2
452,274,3,2
452,275,3,2
452,276,3,2
452,277,3,2
452,278,3,2
452,279,3,2
452,280,3,2
452,281,3,2
452,282,3,2
452,283,3,2
452,284,3,2
452,285,3,2
452,286,3,2
452,287,3,2
452,288,3,2
452,289,3,2
452,290,3,2
452,291,3,2
452,292,3,2
452,293,3,2
452,294,3,2
452,295,3,2
452,296,3,2
452,297,3,2
452,298,3,2
452,299,3,2
452,300,3,2
452,301,3,2
452,302,3,2
452,303,3,2
452,304,3,2
452,305,3,2
452,306,3,2
452,307,3,2
452,308,3,2
452,309,3,2
452,310,3,2
452,311,3,2
452,312,3,2
452,313,3,2
452,314,3,2
452,315,3,2
452,316,3,2
452,317,3,2
452,318,3,2
452,319,3,2
452,320,3,2
452,321,3,2
452,322,3,2
452,323,3,2
452,324,3,2
452,325,3,2
452,326,3,2
452,327,3,2
452,328,3,2
452,329,3,2
452,330,3,2
452,331,3,2
452,332,3,2
452,333,3,2
452,334,3,2
452,335,3,2
452,336,3,2
452,337,3,2
452,338,3,2
452,339,3,2
452,340,3,2
452,341,3,2
452,342,3,2
452,343,3,2
452,344,3,2
452,345,3,2
452,346,3,2
452,347,3,2
452,348,3,2
452,349,3,2
452,350,3,2
452,351,3,2
452,352,3,2
452,353,3,2
452,354,3,2
452,355,3,2
452,356,3,2
452,357,3,2
452,358,3,2
452,359,3,2
452,360,3,2
452,361,3,2
452,362,3,2
452,363,3,2
452,364,3,2
452,365,3,2
452,366,3,2
452,367,3,2
452,368,3,2
452,369,3,2
452,370,3,2
452,371,3,2
452,372,3,2
452,373,3,2
452,374,3,2
452,375,3,2
452,376,3,2
452,377,3,2
452,378,3,2
452,379,3,2
452,380,3,2
452,381,3,2
452,382,3,2
452,383,3,2
452,384,3,2
452,385,3,2
452,386,3,2
452,387,3,2
452,388,3,2
452,389,3,2
452,390,3,2
452,391,3,2
452,392,3,2
452,393,3,2
452,394,3,2
452,395,3,2
452,396,3,2
452,397,3,2
452,398,3,2
452,399,3,2
452,400,3,2
452,401,3,2
452,402,3,2
452,403,3,2
452,404,3,2
452,405,3,2
452,406,3,2
452,407,3,2
452,408,3,2
452,409,3,2
452,410,3,2
452,411,3,2
452,412,3,2
452,413,3,2
452,414,3,2
452,415,3,2
452,416,3,2
452,417,3,2
452,418,3,2
452,419,3,2
452,420,3,2
452,421,3,2
452,422,3,2
452,423,3,2
452,424,3,2
452,425,3,2
452,426,3,2
452,427,3,2
452,428,3,2
452,429,3,2
452,430,3,2
452,431,3,2
452,432,3,2
452,433,3,2
452,434,3,2
452,435,3,2
452,436,3,2
452,437,3,2
452,438,3,2
452,439,3,2
452,440,3,2
452,441,3,2
452,442,3,2
452,443,3,2
452,444,3,3
452,445,3,3
452,446,3,3
452,447,3,3
452,448,3,3
452,449,3,3
452,450,3,3
452,451,3,3
452,452,3,3
452,453,3,3
452,454,3,3
452,455,3,3
452,456,3,3
452,457,3,3
452,458,3,3
452,459,3,3
452,460,3,3
452,461,3,3
452,462,3,3
452,463,3,3
452,464,3,3
452,465,3,3
452,466,3,3
452,467,3,3
452,468,3,3
452,469,3,3
452,470,3,3
452,471,3,3
452,472,3,3
452,473,3,3
452,474,3,3
452,475,3,2
452,476,3,2
452,477,3,2
452,478,3,2
452,479,3,2
452,480,3,2
452,481,3,2
452,482,3,2
452,483,3,2
452,484,3,2
452,485,3,2
452,486,3,2
452,487,3,2
452,488,3,2
452,489,3,2
452,490,3,2
452,491,3,2
452,492,3,2
452,493,3,2
452,494,3,2
452,495,3,2
452,496,3,2
452,497,3,2
452,498,3,2
452,499,3,2
452,500,3,2
452,501,3,2
452,502,3,2
452,503,3,2
452,504,3,2
452,505,3,2
452,506,3,2
452,507,3,2
452,508,3,2
452,509,3,2
452,510,3,2
452,511,3,2
452,512,3,2
452,513,3,2
452,514,3,2
452,515,3,2
452,516,3,2
452,517,3,2
452,518,3,2
452,519,3,2
452,520,3,2
452,521,3,2
452,522,3,2
452,523,3,2
452,524,3,2
452,525,3,2
452,526,3,2
452,527,3,2
452,528,3,2
452,529,3,2
452,530,3,2
452,531,3,2
452,532,3,2
452,533,3,2
452,534,3,2
452,535,3,2
452,536,3,2
452,537,3,2
452,538,3,2
452,539,3,2
452,540,3,2
452,541,3,2
452,542,3,2
452,543,3,2
452,544,3,2
452,545,3,2
452,546,3,2
452,547,3,2
452,548,3,2
452,549,3,2
452,550,3,2
452,551,3,2
452,552,3,2
452,553,3,2
452,554,3,2
452,555,3,2
452,556,3,2
452,557,3,2
452,558,3,2
452,559,3,2
452,560,3,2
452,561,3,2
452,562,3,2
452,563,3,2
452,564,3,2
452,565,3,2
452,566,3,2
452,567,3,2
452,568,3,2
452,569,3,2
452,570,3,2
452,571,3,2
452,572,3,2
452,573,3,2
452,574,3,2
452,575,3,2
452,576,3,2
452,577,3,2
452,578,3,2
452,579,3,2
452,580,3,2
452,581,3,2
452,582,3,2
452,583,3,2
452,584,3,2
452,585,3,2
452,586,3,2
452,587,3,2
452,588,3,2
452,589,3,2
452,590,3,2
452,591,3,2
452,592,3,2
452,593,3,2
452,594,3,2
452,595,3,2
452,596,3,2
452,597,3,2
452,598,3,2
452,599,3,2
452,600,3,2
452,601,3,2
452,602,3,2
452,603,3,2
452,604,3,2
452,605,3,2
452,606,3,2
452,607,3,2
452,608,3,2
452,609,3,2
452,610,3,2
452,611,3,2
452,612,3,2
452,613,3,2
452,614,3,2
452,615,3,2
452,616,3,2
452,617,3,2
452,618,3,2
452,619,3,2
452,620,3,2
452,621,3,2
452,622,3,2
452,623,3,2
452,624,3,2
452,625,3,2
452,626,3,2
452,627,3,2
452,628,3,2
452,629,3,2
452,630,3,2
452,631,3,2
452,632,3,2
452,633,3,2
452,634,3,2
452,635,3,2
452,636,3,2
452,637,3,2
452,638,3,2
452,639,3,2
452,640,3,2
452,641,3,2
452,642,3,2
452,643,3,2
452,644,3,2
452,645,3,2
452,646,3,2
452,647,3,2
452,648,3,2
452,649,3,2
452,650,3,2
452,651,3,2
452,652,3,2
452,653,3,2
452,654,3,2
452,655,3,2
452,656,3,2
452,657,3,2
452,658,3,2
452,659,3,2
452,660,3,2
452,661,3,2
452,662,3,2
452,663,3,2
452,664,3,2
452,665,3,2
452,666,3,2
452,667,3,2
452,668,3,2
453,68,3,2
453,69,3,2
453,70,3,2
453,71,3,2
453,72,3,2
453,73,3,2
453,74,3,2
453,75,3,2
453,76,3,2
453,77,3,2
453,78,3,2
453,79,3,2
453,80,3,2
453,81,3,2
453,82,3,2
453,83,3,2
453,84,3,2
453,85,3,2
453,86,3,2
453,87,3,2
453,88,3,2
453,89,3,2
453,90,3,2
453,91,3,2
453,92,3,2
453,93,3,2
453,94,3,2
453,95,3,2
453,96,3,2
453,97,3,2
453,98,3,2
453,99,3,2
453,100,3,2
453,101,3,2
453,102,3,2
453,103,3,2
453,104,3,2
453,105,3,2
453,106,3,2
453,107,3,2
453,108,3,2
453,109,3,2
453,110,3,2
453,111,3,2
453,112,3,2
453,113,3,2
453,114,3,2
453,115,3,2
453,116,3,2
453,117,3,2
453,118,3,2
453,119,3,2
453,120,3,2
453,121,3,2
453,122,3,2
453,123,3,2
453,124,3,2
453,125,3,2
453,126,3,2
453,127,3,2
453,128,3,2
453,129,3,2
453,130,3,2
453,131,3,2
453,132,3,2
453,133,3,2
453,134,3,2
453,135,3,2
453,136,3,2
453,137,3,2
453,138,3,2
453,139,3,2
453,140,3,2
453,141,3,2
453,142,3,2
453,143,3,2
453,144,3,2
453,145,3,2
453,146,3,2
453,147,3,2
453,148,3,2
453,149,3,2
453,150,3,2
453,151,3,2
453,152,3,2
453,153,3,2
453,154,3,2
453,155,3,2
453,156,3,2
453,157,3,2
453,158,3,2
453,159,3,2
453,160,3,2
453,161,3,2
453,162,3,2
453,163,3,2
453,164,3,2
453,165,3,2
453,166,3,2
453,167,3,2
453,168,3,2
453,169,3,2
453,170,3,2
453,171,3,2
453,172,3,2
453,173,3,2
453,174,3,2
453,175,3,2
453,176,3,2
453,177,3,2
453,178,3,2
453,179,3,2
453,180,3,2
453,181,3,2
453,182,3,2
453,183,3,2
453,184,3,2
453,185,3,2
453,186,3,2
453,187,3,2
453,188,3,2
453,189,3,2
453,190,3,2
453,191,3,2
453,192,3,2
453,193,3,2
453,194,3,2
453,195,3,2
453,196,3,2
453,197,3,2
453,198,3,2
453,199,3,2
453,200,3,2
453,201,3,2
453,202,3,2
453,203,3,2
453,204,3,2
453,205,3,2
453,206,3,2
453,207,3,2
453,208,3,2
453,209,3,2
453,210,3,2
453,211,3,2
453,212,3,2
453,213,3,2
453,214,3,2
453,215,3,2
453,216,3,2
453,217,3,2
453,218,3,2
453,219,3,2
453,220,3,2
453,221,3,2
453,222,3,2
453,223,3,2
453,224,3,2
453,225,3,2
453,226,3,2
453,227,3,2
453,228,3,2
453,229,3,2
453,230,3,2
453,231,3,2
453,232,3,2
453,233,3,2
453,234,3,2
453,235,3,2
453,236,3,2
453,237,3,2
453,238,3,2
453,239,3,2
453,240,3,2
453,241,3,2
453,242,3,2
453,243,3,2
453,244,3,2
453,245,3,2
453,246,3,2
453,247,3,2
453,248,3,2
453,249,3,2
453,250,3,2
453,251,3,2
453,252,3,2
453,253,3,2
453,254,3,2
453,255,3,2
453,256,3,2
453,257,3,2
453,258,3,2
453,259,3,2
453,260,3,2
453,261,3,2
453,262,3,2
453,263,3,2
453,264,3,2
453,265,3,2
453,266,3,2
453,267,3,2
453,268,3,2
453,269,3,2
453,270,3,2
453,271,3,2
453,272,3,2
453,273,3,2
453,274,3,2
453,275,3,2
453,276,3,2
453,277,3,2
453,278,3,2
453,279,3,2
453,280,3,2
453,281,3,2
453,282,3,2
453,283,3,2
453,284,3,2
453,285,3,2
453,286,3,2
453,287,3,2
453,288,3,2
453,289,3,2
453,290,3,2
453,291,3,2
453,292,3,2
453,293,3,2
453,294,3,2
453,295,3,2
453,296,3,2
453,297,3,2
453,298,3,2
453,299,3,2
453,300,3,2
453,301,3,2
453,302,3,2
453,303,3,2
453,304,3,2
453,305,3,2
453,306,3,2
453,307,3,2
453,308,3,2
453,309,3,2
453,310,3,2
453,311,3,2
453,312,3,2
453,313,3,2
453,314,3,2
453,315,3,2
453,316,3,2
453,317,3,2
453,318,3,2
453,319,3,2
453,320,3,2
453,321,3,2
453,322,3,2
453,323,3,2
453,324,3,2
453,325,3,2
453,326,3,2
453,327,3,2
453,328,3,2
453,329,3,2
453,330,3,2
453,331,3,2
453,332,3,2
453,333,3,2
453,334,3,2
453,335,3,2
453,336,3,2
453,337,3,2
453,338,3,2
453,339,3,2
453,340,3,2
453,341,3,2
453,342,3,2
453,343,3,2
453,344,3,2
453,345,3,2
453,346,3,2
453,347,3,2
453,348,3,2
453,349,3,2
453,350,3,2
453,351,3,2
453,352,3,2
453,353,3,2
453,354,3,2
453,355,3,2
453,356,3,2
453,357,3,2
453,358,3,2
453,359,3,2
453,360,3,2
453,361,3,2
453,362,3,2
453,363,3,2
453,364,3,2
453,365,3,2
453,366,3,2
453,367,3,2
453,368,3,2
453,369,3,2
453,370,3,2
453,371,3,2
453,372,3,2
453,373,3,2
453,374,3,2
453,375,3,2
453,376,3,2
453,377,3,2
453,378,3,2
453,379,3,2
453,380,3,2
453,381,3,2
453,382,3,2
453,383,3,2
453,384,3,2
453,385,3,2
453,386,3,2
453,387,3,2
453,388,3,2
453,389,3,2
453,390,3,2
453,391,3,2
453,392,3,2
453,393,3,2
453,394,3,2
453,395,3,2
453,396,3,2
453,397,3,2
453,398,3,2
453,399,3,2
453,400,3,2
453,401,3,2
453,402,3,2
453,403,3,2
453,404,3,2
453,405,3,2
453,406,3,2
453,407,3,2
453,408,3,2
453,409,3,2
453,410,3,2
453,411,3,2
453,412,3,2
453,413,3,2
453,414,3,2
453,415,3,2
453,416,3,2
453,417,3,2
453,418,3,2
453,419,3,2
453,420,3,2
453,421,3,2
453,422,3,2
453,423,3,2
453,424,3,2
453,425,3,2
453,426,3,2
453,427,3,2
453,428,3,2
453,429,3,2
453,430,3,2
453,431,3,2
453,432,3,2
453,433,3,2
453,434,3,2
453,435,3,2
453,436,3,2
453,437,3,2
453,438,3,2
453,439,3,2
453,440,3,2
453,441,3,2
453,442,3,2
453,443,3,2
453,444,3,3
453,445,3,3
453,446,3,3
453,447,3,3
453,448,3,3
453,449,3,3
453,450,3,3
453,451,3,3
453,452,3,3
453,453,3,3
453,454,3,3
453,455,3,3
453,456,3,3
453,457,3,3
453,458,3,3
453,459,3,3
453,460,3,3
453,461,3,3
453,462,3,3
453,463,3,3
453,464,3,3
453,465,3,3
453,466,3,3
453,467,3,3
453,468,3,3
453,469,3,3
453,470,3,3
453,471,3,3
453,472,3,3
453,473,3,3
453,474,3,3
453,475,3,3
453,476,3,2
453,477,3,2
453,478,3,2
453,479,3,2
453,480,3,2
453,481,3,2
453,482,3,2
453,483,3,2
453,484,3,2
453,485,3,2
453,486,3,2
453,487,3,2
453,488,3,2
453,489,3,2
453,490,3,2
453,491,3,2
453,492,3,2
453,493,3,2
453,494,3,2
453,495,3,2
453,496,3,2
453,497,3,2
453,498,3,2
453,499,3,2
453,500,3,2
453,501,3,2
453,502,3,2
453,503,3,2
453,504,3,2
453,505,3,2
453,506,3,2
453,507,3,2
453,508,3,2
453,509,3,2
453,510,3,2
453,511,3,2
453,512,3,2
453,513,3,2
453,514,3,2
453,515,3,2
453,516,3,2
453,517,3,2
453,518,3,2
453,519,3,2
453,520,3,2
453,521,3,2
453,522,3,2
453,523,3,2
453,524,3,2
453,525,3,2
453,526,3,2
453,527,3,2
453,528,3,2
453,529,3,2
453,530,3,2
453,531,3,2
453,532,3,2
453,533,3,2
453,534,3,2
453,535,3,2
453,536,3,2
453,537,3,2
453,538,3,2
453,539,3,2
453,540,3,2
453,541,3,2
453,542,3,2
453,543,3,2
453,544,3,2
453,545,3,2
453,546,3,2
453,547,3,2
453,548,3,2
453,549,3,2
453,550,3,2
453,551,3,2
453,552,3,2
453,553,3,2
453,554,3,2
453,555,3,2
453,556,3,2
453,557,3,2
453,558,3,2
453,559,3,2
453,560,3,2
453,561,3,2
453,562,3,2
453,563,3,2
453,564,3,2
453,565,3,2
453,566,3,2
453,567,3,2
453,568,3,2
453,569,3,2
453,570,3,2
453,571,3,2
453,572,3,2
453,573,3,2
453,574,3,2
453,575,3,2
453,576,3,2
453,577,3,2
453,578,3,2
453,579,3,2
453,580,3,2
453,581,3,2
453,582,3,2
453,583,3,2
453,584,3,2
453,585,3,2
453,586,3,2
453,587,3,2
453,588,3,2
453,589,3,2
453,590,3,2
453,591,3,2
453,592,3,2
453,593,3,2
453,594,3,2
453,595,3,2
453,596,3,2
453,597,3,2
453,598,3,2
453,599,3,2
453,600,3,2
453,601,3,2
453,602,3,2
453,603,3,2
453,604,3,2
453,605,3,2
453,606,3,2
453,607,3,2
453,608,3,2
453,609,3,2
453,610,3,2
453,611,3,2
453,612,3,2
453,613,3,2
453,614,3,2
453,615,3,2
453,616,3,2
453,617,3,2
453,618,3,2
453,619,3,2
453,620,3,2
453,621,3,2
453,622,3,2
453,623,3,2
453,624,3,2
453,625,3,2
453,626,3,2
453,627,3,2
453,628,3,2
453,629,3,2
453,630,3,2
453,631,3,2
453,632,3,2
453,633,3,2
453,634,3,2
453,635,3,2
453,636,3,2
453,637,3,2
453,638,3,2
453,639,3,2
453,640,3,2
453,641,3,2
453,642,3,2
453,643,3,2
453,644,3,2
453,645,3,2
453,646,3,2
453,647,3,2
453,648,3,2
453,649,3,2
453,650,3,2
453,651,3,2
453,652,3,2
453,653,3,2
453,654,3,2
453,655,3,2
453,656,3,2
453,657,3,2
453,658,3,2
453,659,3,2
453,660,3,2
453,661,3,2
453,662,3,2
453,663,3,2
453,664,3,2
453,665,3,2
453,666,3,2
453,667,3,2
453,668,3,2
454,68,3,2
454,69,3,2
454,70,3,2
454,71,3,2
454,72,3,2
454,73,3,2
454,74,3,2
454,75,3,2
454,76,3,2
454,77,3,2
454,78,3,2
454,79,3,2
454,80,3,2
454,81,3,2
454,82,3,2
454,83,3,2
454,84,3,2
454,85,3,2
454,86,3,2
454,87,3,2
454,88,3,2
454,89,3,2
454,90,3,2
454,91,3,2
454,92,3,2
454,93,3,2
454,94,3,2
454,95,3,2
454,96,3,2
454,97,3,2
454,98,3,2
454,99,3,2
454,100,3,2
454,101,3,2
454,102,3,2
454,103,3,2
454,104,3,2
454,105,3,2
454,106,3,2
454,107,3,2
454,108,3,2
454,109,3,2
454,110,3,2
454,111,3,2
454,112,3,2
454,113,3,2
454,114,3,2
454,115,3,2
454,116,3,2
454,117,3,2
454,118,3,2
454,119,3,2
454,120,3,2
454,121,3,2
454,122,3,2
454,123,3,2
454,124,3,2
454,125,3,2
454,126,3,2
454,127,3,2
454,128,3,2
454,129,3,2
454,130,3,2
454,131,3,2
454,132,3,2
454,133,3,2
454,134,3,2
454,135,3,2
454,136,3,2
454,137,3,2
454,138,3,2
454,139,3,2
454,140,3,2
454,141,3,2
454,142,3,2
454,143,3,2
454,144,3,2
454,145,3,2
454,146,3,2
454,147,3,2
454,148,3,2
454,149,3,2
454,150,3,2
454,151,3,2
454,152,3,2
454,153,3,2
454,154,3,2
454,155,3,2
454,156,3,2
454,157,3,2
454,158,3,2
454,159,3,2
454,160,3,2
454,161,3,2
454,162,3,2
454,163,3,2
454,164,3,2
454,165,3,2
454,166,3,2
454,167,3,2
454,168,3,2
454,169,3,2
454,170,3,2
454,171,3,2
454,172,3,2
454,173,3,2
454,174,3,2
454,175,3,2
454,176,3,2
454,177,3,2
454,178,3,2
454,179,3,2
454,180,3,2
454,181,3,2
454,182,3,2
454,183,3,2
454,184,3,2
454,185,3,2
454,186,3,2
454,187,3,2
454,188,3,2
454,189,3,2
454,190,3,2
454,191,3,2
454,192,3,2
454,193,3,2
454,194,3,2
454,195,3,2
454,196,3,2
454,197,3,2
454,198,3,2
454,199,3,2
454,200,3,2
454,201,3,2
454,202,3,2
454,203,3,2
454,204,3,2
454,205,3,2
454,206,3,2
454,207,3,2
454,208,3,2
454,209,3,2
454,210,3,2
454,211,3,2
454,212,3,2
454,213,3,2
454,214,3,2
454,215,3,2
454,216,3,2
454,217,3,2
454,218,3,2
454,219,3,2
454,220,3,2
454,221,3,2
454,222,3,2
454,223,3,2
454,224,3,2
454,225,3,2
454,226,3,2
454,227,3,2
454,228,3,2
454,229,3,2
454,230,3,2
454,231,3,2
454,232,3,2
454,233,3,2
454,234,3,2
454,235,3,2
454,236,3,2
454,237,3,2
454,238,3,2
454,239,3,2
454,240,3,2
454,241,3,2
454,242,3,2
454,243,3,2
454,244,3,2
454,245,3,2
454,246,3,2
454,247,3,2
454,248,3,2
454,249,3,2
454,250,3,2
454,251,3,2
454,252,3,2
454,253,3,2
454,254,3,2
454,255,3,2
454,256,3,2
454,257,3,2
454,258,3,2
454,259,3,2
454,260,3,2
454,261,3,2
454,262,3,2
454,263,3,2
454,264,3,2
454,265,3,2
454,266,3,2
454,267,3,2
454,268,3,2
454,269,3,2
454,270,3,2
454,271,3,2
454,272,3,2
454,273,3,2
454,274,3,2
454,275,3,2
454,276,3,2
454,277,3,2
454,278,3,2
454,279,3,2
454,280,3,2
454,281,3,2
454,282,3,2
454,283,3,2
454,284,3,2
454,285,3,2
454,286,3,2
454,287,3,2
454,288,3,2
454,289,3,2
454,290,3,2
454,291,3,2
454,292,3,2
454,293,3,2
454,294,3,2
454,295,3,2
454,296,3,2
454,297,3,2
454,298,3,2
454,299,3,2
454,300,3,2
454,301,3,2
454,302,3,2
454,303,3,2
454,304,3,2
454,305,3,2
454,306,3,2
454,307,3,2
454,308,3,2
454,309,3,2
454,310,3,2
454,311,3,2
454,312,3,2
454,313,3,2
454,314,3,2
454,315,3,2
454,316,3,2
454,317,3,2
454,318,3,2
454,319,3,2
454,320,3,2
454,321,3,2
454,322,3,2
454,323,3,2
454,324,3,2
454,325,3,2
454,326,3,2
454,327,3,2
454,328,3,2
454,329,3,2
454,330,3,2
454,331,3,2
454,332,3,2
454,333,3,2
454,334,3,2
454,335,3,2
454,336,3,2
454,337,3,2
454,338,3,2
454,339,3,2
454,340,3,2
454,341,3,2
454,342,3,2
454,343,3,2
454,344,3,2
454,345,3,2
454,346,3,2
454,347,3,2
454,348,3,2
454,349,3,2
454,350,3,2
454,351,3,2
454,352,3,2
454,353,3,2
454,354,3,2
454,355,3,2
454,356,3,2
454,357,3,2
454,358,3,2
454,359,3,2
454,360,3,2
454,361,3,2
454,362,3,2
454,363,3,2
454,364,3,2
454,365,3,2
454,366,3,2
454,367,3,2
454,368,3,2
454,369,3,2
454,370,3,2
454,371,3,2
454,372,3,2
454,373,3,2
454,374,3,2
454,375,3,2
454,376,3,2
454,377,3,2
454,378,3,2
454,379,3,2
454,380,3,2
454,381,3,2
454,382,3,2
454,383,3,2
454,384,3,2
454,385,3,2
454,386,3,2
454,387,3,2
454,388,3,2
454,389,3,2
454,390,3,2
454,391,3,2
454,392,3,2
454,393,3,2
454,394,3,2
454,395,3,2
454,396,3,2
454,397,3,2
454,398,3,2
454,399,3,2
454,400,3,2
454,401,3,2
454,402,3,2
454,403,3,2
454,404,3,2
454,405,3,2
454,406,3,2
454,407,3,2
454,408,3,2
454,409,3,2
454,410,3,2
454,411,3,2
454,412,3,2
454,413,3,2
454,414,3,2
454,415,3,2
454,416,3,2
454,417,3,2
454,418,3,2
454,419,3,2
454,420,3,2
454,421,3,2
454,422,3,2
454,423,3,2
454,424,3,2
454,425,3,2
454,426,3,2
454,427,3,2
454,428,3,2
454,429,3,2
454,430,3,2
454,431,3,2
454,432,3,2
454,433,3,2
454,434,3,2
454,435,3,2
454,436,3,2
454,437,3,2
454,438,3,2
454,439,3,2
454,440,3,2
454,441,3,2
454,442,3,2
454,443,3,2
454,444,3,2
454,445,3,3
454,446,3,3
454,447,3,3
454,448,3,3
454,449,3,3
454,450,3,3
454,451,3,3
454,452,3,3
454,453,3,3
454,454,3,3
454,455,3,3
454,456,3,3
454,457,3,3
454,458,3,3
454,459,3,3
454,460,3,3
454,461,3,3
454,462,3,3
454,463,3,3
454,464,3,3
454,465,3,3
454,466,3,3
454,467,3,3
454,468,3,3
454,469,3,3
454,470,3,3
454,471,3,3
454,472,3,3
454,473,3,3
454,474,3,3
454,475,3,3
454,476,3,2
454,477,3,2
454,478,3,2
454,479,3,2
454,480,3,2
454,481,3,2
454,482,3,2
454,483,3,2
454,484,3,2
454,485,3,2
454,486,3,2
454,487,3,2
454,488,3,2
454,489,3,2
454,490,3,2
454,491,3,2
454,492,3,2
454,493,3,2
454,494,3,2
454,495,3,2
454,496,3,2
454,497,3,2
454,498,3,2
454,499,3,2
454,500,3,2
454,501,3,2
454,502,3,2
454,503,3,2
454,504,3,2
454,505,3,2
454,506,3,2
454,507,3,2
454,508,3,2
454,509,3,2
454,510,3,2
454,511,3,2
454,512,3,2
454,513,3,2
454,514,3,2
454,515,3,2
454,516,3,2
454,517,3,2
454,518,3,2
454,519,3,2
454,520,3,2
454,521,3,2
454,522,3,2
454,523,3,2
454,524,3,2
454,525,3,2
454,526,3,2
454,527,3,2
454,528,3,2
454,529,3,2
454,530,3,2
454,531,3,2
454,532,3,2
454,533,3,2
454,534,3,2
454,535,3,2
454,536,3,2
454,537,3,2
454,538,3,2
454,539,3,2
454,540,3,2
454,541,3,2
454,542,3,2
454,543,3,2
454,544,3,2
454,545,3,2
454,546,3,2
454,547,3,2
454,548,3,2
454,549,3,2
454,550,3,2
454,551,3,2
454,552,3,2
454,553,3,2
454,554,3,2
454,555,3,2
454,556,3,2
454,557,3,2
454,558,3,2
454,559,3,2
454,560,3,2
454,561,3,2
454,562,3,2
454,563,3,2
454,564,3,2
454,565,3,2
454,566,3,2
454,567,3,2
454,568,3,2
454,569,3,2
454,570,3,2
454,571,3,2
454,572,3,2
454,573,3,2
454,574,3,2
454,575,3,2
454,576,3,2
454,577,3,2
454,578,3,2
454,579,3,2
454,580,3,2
454,581,3,2
454,582,3,2
454,583,3,2
454,584,3,2
454,585,3,2
454,586,3,2
454,587,3,2
454,588,3,2
454,589,3,2
454,590,3,2
454,591,3,2
454,592,3,2
454,593,3,2
454,594,3,2
454,595,3,2
454,596,3,2
454,597,3,2
454,598,3,2
454,599,3,2
454,600,3,2
454,601,3,2
454,602,3,2
454,603,3,2
454,604,3,2
454,605,3,2
454,606,3,2
454,607,3,2
454,608,3,2
454,609,3,2
454,610,3,2
454,611,3,2
454,612,3,2
454,613,3,2
454,614,3,2
454,615,3,2
454,616,3,2
454,617,3,2
454,618,3,2
454,619,3,2
454,620,3,2
454,621,3,2
454,622,3,2
454,623,3,2
454,624,3,2
454,625,3,2
454,626,3,2
454,627,3,2
454,628,3,2
454,629,3,2
454,630,3,2
454,631,3,2
454,632,3,2
454,633,3,2
454,634,3,2
454,635,3,2
454,636,3,2
454,637,3,2
454,638,3,2
454,639,3,2
454,640,3,2
454,641,3,2
454,642,3,2
454,643,3,2
454,644,3,2
454,645,3,2
454,646,3,2
454,647,3,2
454,648,3,2
454,649,3,2
454,650,3,2
454,651,3,2
454,652,3,2
454,653,3,2
454,654,3,2
454,655,3,2
454,656,3,2
454,657,3,2
454,658,3,2
454,659,3,2
454,660,3,2
454,661,3,2
454,662,3,2
454,663,3,2
454,664,3,2
454,665,3,2
454,666,3,2
454,667,3,2
454,668,3,2
455,68,3,2
455,69,3,2
455,70,3,2
455,71,3,2
455,72,3,2
455,73,3,2
455,74,3,2
455,75,3,2
455,76,3,2
455,77,3,2
455,78,3,2
455,79,3,2
455,80,3,2
455,81,3,2
455,82,3,2
455,83,3,2
455,84,3,2
455,85,3,2
455,86,3,2
455,87,3,2
455,88,3,2
455,89,3,2
455,90,3,2
455,91,3,2
455,92,3,2
455,93,3,2
455,94,3,2
455,95,3,2
455,96,3,2
455,97,3,2
455,98,3,2
455,99,3,2
455,100,3,2
455,101,3,2
455,102,3,2
455,103,3,2
455,104,3,2
455,105,3,2
455,106,3,2
455,107,3,2
455,108,3,2
455,109,3,2
455,110,3,2
455,111,3,2
455,112,3,2
455,113,3,2
455,114,3,2
455,115,3,2
455,116,3,2
455,117,3,2
455,118,3,2
455,119,3,2
455,120,3,2
455,121,3,2
455,122,3,2
455,123,3,2
455,124,3,2
455,125,3,2
455,126,3,2
455,127,3,2
455,128,3,2
455,129,3,2
455,130,3,2
455,131,3,2
455,132,3,2
455,133,3,2
455,134,3,2
455,135,3,2
455,136,3,2
455,137,3,2
455,138,3,2
455,139,3,2
455,140,3,2
455,141,3,2
455,142,3,2
455,143,3,2
455,144,3,2
455,145,3,2
455,146,3,2
455,147,3,2
455,148,3,2
455,149,3,2
455,150,3,2
455,151,3,2
455,152,3,2
455,153,3,2
455,154,3,2
455,155,3,2
455,156,3,2
455,157,3,2
455,158,3,2
455,159,3,2
455,160,3,2
455,161,3,2
455,162,3,2
455,163,3,2
455,164,3,2
455,165,3,2
455,166,3,2
455,167,3,2
455,168,3,2
455,169,3,2
455,170,3,2
455,171,3,2
455,172,3,2
455,173,3,2
455,174,3,2
455,175,3,2
455,176,3,2
455,177,3,2
455,178,3,2
455,179,3,2
455,180,3,2
455,181,3,2
455,182,3,2
455,183,3,2
455,184,3,2
455,185,3,2
455,186,3,2
455,187,3,2
455,188,3,2
455,189,3,2
455,190,3,2
455,191,3,2
455,192,3,2
455,193,3,2
455,194,3,2
455,195,3,2
455,196,3,2
455,197,3,2
455,198,3,2
455,199,3,2
455,200,3,2
455,201,3,2
455,202,3,2
455,203,3,2
455,204,3,2
455,205,3,2
455,206,3,2
455,207,3,2
455,208,3,2
455,209,3,2
455,210,3,2
455,211,3,2
455,212,3,2
455,213,3,2
455,214,3,2
455,215,3,2
455,216,3,2
455,217,3,2
455,218,3,2
455,219,3,2
455,220,3,2
455,221,3,2
455,222,3,2
455,223,3,2
455,224,3,2
455,225,3,2
455,226,3,2
455,227,3,2
455,228,3,2
455,229,3,2
455,230,3,2
455,231,3,2
455,232,3,2
455,233,3,2
455,234,3,2
455,235,3,2
455,236,3,2
455,237,3,2
455,238,3,2
455,239,3,2
455,240,3,2
455,241,3,2
455,242,3,2
455,243,3,2
455,244,3,2
455,245,3,2
455,246,3,2
455,247,3,2
455,248,3,2
455,249,3,2
455,250,3,2
455,251,3,2
455,252,3,2
455,253,3,2
455,254,3,2
455,255,3,2
455,256,3,2
455,257,3,2
455,258,3,2
455,259,3,2
455,260,3,2
455,261,3,2
455,262,3,2
455,263,3,2
455,264,3,2
455,265,3,2
455,266,3,2
455,267,3,2
455,268,3,2
455,269,3,2
455,270,3,2
455,271,3,2
455,272,3,2
455,273,3,2
455,274,3,2
455,275,3,2
455,276,3,2
455,277,3,2
455,278,3,2
455,279,3,2
455,280,3,2
455,281,3,2
455,282,3,2
455,283,3,2
455,284,3,2
455,285,3,2
455,286,3,2
455,287,3,2
455,288,3,2
455,289,3,2
455,290,3,2
455,291,3,2
455,292,3,2
455,293,3,2
455,294,3,2
455,295,3,2
455,296,3,2
455,297,3,2
455,298,3,2
455,299,3,2
455,300,3,2
455,301,3,2
455,302,3,2
455,303,3,2
455,304,3,2
455,305,3,2
455,306,3,2
455,307,3,2
455,308,3,2
455,309,3,2
455,310,3,2
455,311,3,2
455,312,3,2
455,313,3,2
455,314,3,2
455,315,3,2
455,316,3,2
455,317,3,2
455,318,3,2
455,319,3,2
455,320,3,2
455,321,3,2
455,322,3,2
455,323,3,2
455,324,3,2
455,325,3,2
455,326,3,2
455,327,3,2
455,328,3,2
455,329,3,2
455,330,3,2
455,331,3,2
455,332,3,2
455,333,3,2
455,334,3,2
455,335,3,2
455,336,3,2
455,337,3,2
455,338,3,2
455,339,3,2
455,340,3,2
455,341,3,2
455,342,3,2
455,343,3,2
455,344,3,2
455,345,3,2
455,346,3,2
455,347,3,2
455,348,3,2
455,349,3,2
455,350,3,2
455,351,3,2
455,352,3,2
455,353,3,2
455,354,3,2
455,355,3,2
455,356,3,2
455,357,3,2
455,358,3,2
455,359,3,2
455,360,3,2
455,361,3,2
455,362,3,2
455,363,3,2
455,364,3,2
455,365,3,2
455,366,3,2
455,367,3,2
455,368,3,2
455,369,3,2
455,370,3,2
455,371,3,2
455,372,3,2
455,373,3,2
455,374,3,2
455,375,3,2
455,376,3,2
455,377,3,2
455,378,3,2
455,379,3,2
455,380,3,2
455,381,3,2
455,382,3,2
455,383,3,2
455,384,3,2
455,385,3,2
455,386,3,2
455,387,3,2
455,388,3,2
455,389,3,2
455,390,3,2
455,391,3,2
455,392,3,2
455,393,3,2
455,394,3,2
455,395,3,2
455,396,3,2
455,397,3,2
455,398,3,2
455,399,3,2
455,400,3,2
455,401,3,2
455,402,3,2
455,403,3,2
455,404,3,2
455,405,3,2
455,406,3,2
455,407,3,2
455,408,3,2
455,409,3,2
455,410,3,2
455,411,3,2
455,412,3,2
455,413,3,2
455,414,3,2
455,415,3,2
455,416,3,2
455,417,3,2
455,418,3,2
455,419,3,2
455,420,3,2
455,421,3,2
455,422,3,2
455,423,3,2
455,424,3,2
455,425,3,2
455,426,3,2
455,427,3,2
455,428,3,2
455,429,3,2
455,430,3,2
455,431,3,2
455,432,3,2
455,433,3,2
455,434,3,2
455,435,3,2
455,436,3,2
455,437,3,2
455,438,3,2
455,439,3,2
455,440,3,2
455,441,3,2
455,442,3,2
455,443,3,2
455,444,3,2
455,445,3,3
455,446,3,3
455,447,3,3
455,448,3,3
455,449,3,3
455,450,3,3
455,451,3,3
455,452,3,3
455,453,3,3
455,454,3,3
455,455,3,3
455,456,3,3
455,457,3,3
455,458,3,3
455,459,3,3
455,460,3,3
455,461,3,3
455,462,3,3
455,463,3,3
455,464,3,3
455,465,3,3
455,466,3,3
455,467,3,3
455,468,3,3
455,469,3,3
455,470,3,3
455,471,3,3
455,472,3,3
455,473,3,3
455,474,3,3
455,475,3,3
455,476,3,3
455,477,3,2
455,478,3,2
455,479,3,2
455,480,3,2
455,481,3,2
455,482,3,2
455,483,3,2
455,484,3,2
455,485,3,2
455,486,3,2
455,487,3,2
455,488,3,2
455,489,3,2
455,490,3,2
455,491,3,2
455,492,3,2
455,493,3,2
455,494,3,2
455,495,3,2
455,496,3,2
455,497,3,2
455,498,3,2
455,499,3,2
455,500,3,2
455,501,3,2
455,502,3,2
455,503,3,2
455,504,3,2
455,505,3,2
455,506,3,2
455,507,3,2
455,508,3,2
455,509,3,2
455,510,3,2
455,511,3,2
455,512,3,2
455,513,3,2
455,514,3,2
455,515,3,2
455,516,3,2
455,517,3,2
455,518,3,2
455,519,3,2
455,520,3,2
455,521,3,2
455,522,3,2
455,523,3,2
455,524,3,2
455,525,3,2
455,526,3,2
455,527,3,2
455,528,3,2
455,529,3,2
455,530,3,2
455,531,3,2
455,532,3,2
455,533,3,2
455,534,3,2
455,535,3,2
455,536,3,2
455,537,3,2
455,538,3,2
455,539,3,2
455,540,3,2
455,541,3,2
455,542,3,2
455,543,3,2
455,544,3,2
455,545,3,2
455,546,3,2
455,547,3,2
455,548,3,2
455,549,3,2
455,550,3,2
455,551,3,2
455,552,3,2
455,553,3,2
455,554,3,2
455,555,3,2
455,556,3,2
455,557,3,2
455,558,3,2
455,559,3,2
455,560,3,2
455,561,3,2
455,562,3,2
455,563,3,2
455,564,3,2
455,565,3,2
455,566,3,2
455,567,3,2
455,568,3,2
455,569,3,2
455,570,3,2
455,571,3,2
455,572,3,2
455,573,3,2
455,574,3,2
455,575,3,2
455,576,3,2
455,577,3,2
455,578,3,2
455,579,3,2
455,580,3,2
455,581,3,2
455,582,3,2
455,583,3,2
455,584,3,2
455,585,3,2
455,586,3,2
455,587,3,2
455,588,3,2
455,589,3,2
455,590,3,2
455,591,3,2
455,592,3,2
455,593,3,2
455,594,3,2
455,595,3,2
455,596,3,2
455,597,3,2
455,598,3,2
455,599,3,2
455,600,3,2
455,601,3,2
455,602,3,2
455,603,3,2
455,604,3,2
455,605,3,2
455,606,3,2
455,607,3,2
455,608,3,2
455,609,3,2
455,610,3,2
455,611,3,2
455,612,3,2
455,613,3,2
455,614,3,2
455,615,3,2
455,616,3,2
455,617,3,2
455,618,3,2
455,619,3,2
455,620,3,2
455,621,3,2
455,622,3,2
455,623,3,2
455,624,3,2
455,625,3,2
455,626,3,2
455,627,3,2
455,628,3,2
455,629,3,2
455,630,3,2
455,631,3,2
455,632,3,2
455,633,3,2
455,634,3,2
455,635,3,2
455,636,3,2
455,637,3,2
455,638,3,2
455,639,3,2
455,640,3,2
455,641,3,2
455,642,3,2
455,643,3,2
455,644,3,2
455,645,3,2
455,646,3,2
455,647,3,2
455,648,3,2
455,649,3,2
455,650,3,2
455,651,3,2
455,652,3,2
455,653,3,2
455,654,3,2
455,655,3,2
455,656,3,2
455,657,3,2
455,658,3,2
455,659,3,2
455,660,3,2
455,661,3,2
455,662,3,2
455,663,3,2
455,664,3,2
455,665,3,2
455,666,3,2
455,667,3,2
455,668,3,2
455,669,3,2
456,69,3,2
456,70,3,2
456,71,3,2
456,72,3,2
456,73,3,2
456,74,3,2
456,75,3,2
456,76,3,2
456,77,3,2
456,78,3,2
456,79,3,2
456,80,3,2
456,81,3,2
456,82,3,2
456,83,3,2
456,84,3,2
456,85,3,2
456,86,3,2
456,87,3,2
456,88,3,2
456,89,3,2
456,90,3,2
456,91,3,2
456,92,3,2
456,93,3,2
456,94,3,2
456,95,3,2
456,96,3,2
456,97,3,2
456,98,3,2
456,99,3,2
456,100,3,2
456,101,3,2
456,102,3,2
456,103,3,2
456,104,3,2
456,105,3,2
456,106,3,2
456,107,3,2
456,108,3,2
456,109,3,2
456,110,3,2
456,111,3,2
456,112,3,2
456,113,3,2
456,114,3,2
456,115,3,2
456,116,3,2
456,117,3,2
456,118,3,2
456,119,3,2
456,120,3,2
456,121,3,2
456,122,3,2
456,123,3,2
456,124,3,2
456,125,3,2
456,126,3,2
456,127,3,2
456,128,3,2
456,129,3,2
456,130,3,2
456,131,3,2
456,132,3,2
456,133,3,2
456,134,3,2
456,135,3,2
456,136,3,2
456,137,3,2
456,138,3,2
456,139,3,2
456,140,3,2
456,141,3,2
456,142,3,2
456,143,3,2
456,144,3,2
456,145,3,2
456,146,3,2
456,147,3,2
456,148,3,2
456,149,3,2
456,150,3,2
456,151,3,2
456,152,3,2
456,153,3,2
456,154,3,2
456,155,3,2
456,156,3,2
456,157,3,2
456,158,3,2
456,159,3,2
456,160,3,2
456,161,3,2
456,162,3,2
456,163,3,2
456,164,3,2
456,165,3,2
456,166,3,2
456,167,3,2
456,168,3,2
456,169,3,2
456,170,3,2
456,171,3,2
456,172,3,2
456,173,3,2
456,174,3,2
456,175,3,2
456,176,3,2
456,177,3,2
456,178,3,2
456,179,3,2
456,180,3,2
456,181,3,2
456,182,3,2
456,183,3,2
456,184,3,2
456,185,3,2
456,186,3,2
456,187,3,2
456,188,3,2
456,189,3,2
456,190,3,2
456,191,3,2
456,192,3,2
456,193,3,2
456,194,3,2
456,195,3,2
456,196,3,2
456,197,3,2
456,198,3,2
456,199,3,2
456,200,3,2
456,201,3,2
456,202,3,2
456,203,3,2
456,204,3,2
456,205,3,2
456,206,3,2
456,207,3,2
456,208,3,2
456,209,3,2
456,210,3,2
456,211,3,2
456,212,3,2
456,213,3,2
456,214,3,2
456,215,3,2
456,216,3,2
456,217,3,2
456,218,3,2
456,219,3,2
456,220,3,2
456,221,3,2
456,222,3,2
456,223,3,2
456,224,3,2
456,225,3,2
456,226,3,2
456,227,3,2
456,228,3,2
456,229,3,2
456,230,3,2
456,231,3,2
456,232,3,2
456,233,3,2
456,234,3,2
456,235,3,2
456,236,3,2
456,237,3,2
456,238,3,2
456,239,3,2
456,240,3,2
456,241,3,2
456,242,3,2
456,243,3,2
456,244,3,2
456,245,3,2
456,246,3,2
456,247,3,2
456,248,3,2
456,249,3,2
456,250,3,2
456,251,3,2
456,252,3,2
456,253,3,2
456,254,3,2
456,255,3,2
456,256,3,2
456,257,3,2
456,258,3,2
456,259,3,2
456,260,3,2
456,261,3,2
456,262,3,2
456,263,3,2
456,264,3,2
456,265,3,2
456,266,3,2
456,267,3,2
456,268,3,2
456,269,3,2
456,270,3,2
456,271,3,2
456,272,3,2
456,273,3,2
456,274,3,2
456,275,3,2
456,276,3,2
456,277,3,2
456,278,3,2
456,279,3,2
456,280,3,2
456,281,3,2
456,282,3,2
456,283,3,2
456,284,3,2
456,285,3,2
456,286,3,2
456,287,3,2
456,288,3,2
456,289,3,2
456,290,3,2
456,291,3,2
456,292,3,2
456,293,3,2
456,294,3,2
456,295,3,2
456,296,3,2
456,297,3,2
456,298,3,2
456,299,3,2
456,300,3,2
456,301,3,2
456,302,3,2
456,303,3,2
456,304,3,2
456,305,3,2
456,306,3,2
456,307,3,2
456,308,3,2
456,309,3,2
456,310,3,2
456,311,3,2
456,312,3,2
456,313,3,2
456,314,3,2
456,315,3,2
456,316,3,2
456,317,3,2
456,318,3,2
456,319,3,2
456,320,3,2
456,321,3,2
456,322,3,2
456,323,3,2
456,324,3,2
456,325,3,2
456,326,3,2
456,327,3,2
456,328,3,2
456,329,3,2
456,330,3,2
456,331,3,2
456,332,3,2
456,333,3,2
456,334,3,2
456,335,3,2
456,336,3,2
456,337,3,2
456,338,3,2
456,339,3,2
456,340,3,2
456,341,3,2
456,342,3,2
456,343,3,2
456,344,3,2
456,345,3,2
456,346,3,2
456,347,3,2
456,348,3,2
456,349,3,2
456,350,3,2
456,351,3,2
456,352,3,2
456,353,3,2
456,354,3,2
456,355,3,2
456,356,3,2
456,357,3,2
456,358,3,2
456,359,3,2
456,360,3,2
456,361,3,2
456,362,3,2
456,363,3,2
456,364,3,2
456,365,3,2
456,366,3,2
456,367,3,2
456,368,3,2
456,369,3,2
456,370,3,2
456,371,3,2
456,372,3,2
456,373,3,2
456,374,3,2
456,375,3,2
456,376,3,2
456,377,3,2
456,378,3,2
456,379,3,2
456,380,3,2
456,381,3,2
456,382,3,2
456,383,3,2
456,384,3,2
456,385,3,2
456,386,3,2
456,387,3,2
456,388,3,2
456,389,3,2
456,390,3,2
456,391,3,2
456,392,3,2
456,393,3,2
456,394,3,2
456,395,3,2
456,396,3,2
456,397,3,2
456,398,3,2
456,399,3,2
456,400,3,2
456,401,3,2
456,402,3,2
456,403,3,2
456,404,3,2
456,405,3,2
456,406,3,2
456,407,3,2
456,408,3,2
456,409,3,2
456,410,3,2
456,411,3,2
456,412,3,2
456,413,3,2
456,414,3,2
456,415,3,2
456,416,3,2
456,417,3,2
456,418,3,2
456,419,3,2
456,420,3,2
456,421,3,2
456,422,3,2
456,423,3,2
456,424,3,2
456,425,3,2
456,426,3,2
456,427,3,2
456,428,3,2
456,429,3,2
456,430,3,2
456,431,3,2
456,432,3,2
456,433,3,2
456,434,3,2
456,435,3,2
456,436,3,2
456,437,3,2
456,438,3,2
456,439,3,2
456,440,3,2
456,441,3,2
456,442,3,2
456,443,3,2
456,444,3,2
456,445,3,2
456,446,3,3
456,447,3,3
456,448,3,3
456,449,3,3
456,450,3,3
456,451,3,3
456,452,3,3
456,453,3,3
456,454,3,3
456,455,3,3
456,456,3,3
456,457,3,3
456,458,3,3
456,459,3,3
456,460,3,3
456,461,3,3
456,462,3,3
456,463,3,3
456,464,3,3
456,465,3,3
456,466,3,3
456,467,3,3
456,468,3,3
456,469,3,3
456,470,3,3
456,471,3,3
456,472,3,3
456,473,3,3
456,474,3,3
456,475,3,3
456,476,3,3
456,477,3,3
456,478,3,2
456,479,3,2
456,480,3,2
456,481,3,2
456,482,3,2
456,483,3,2
456,484,3,2
456,485,3,2
456,486,3,2
456,487,3,2
456,488,3,2
456,489,3,2
456,490,3,2
456,491,3,2
456,492,3,2
456,493,3,2
456,494,3,2
456,495,3,2
456,496,3,2
456,497,3,2
456,498,3,2
456,499,3,2
456,500,3,2
456,501,3,2
456,502,3,2
456,503,3,2
456,504,3,2
456,505,3,2
456,506,3,2
456,507,3,2
456,508,3,2
456,509,3,2
456,510,3,2
456,511,3,2
456,512,3,2
456,513,3,2
456,514,3,2
456,515,3,2
456,516,3,2
456,517,3,2
456,518,3,2
456,519,3,2
456,520,3,2
456,521,3,2
456,522,3,2
456,523,3,2
456,524,3,2
456,525,3,2
456,526,3,2
456,527,3,2
456,528,3,2
456,529,3,2
456,530,3,2
456,531,3,2
456,532,3,2
456,533,3,2
456,534,3,2
456,535,3,2
456,536,3,2
456,537,3,2
456,538,3,2
456,539,3,2
456,540,3,2
456,541,3,2
456,542,3,2
456,543,3,2
456,544,3,2
456,545,3,2
456,546,3,2
456,547,3,2
456,548,3,2
456,549,3,2
456,550,3,2
456,551,3,2
456,552,3,2
456,553,3,2
456,554,3,2
456,555,3,2
456,556,3,2
456,557,3,2
456,558,3,2
456,559,3,2
456,560,3,2
456,561,3,2
456,562,3,2
456,563,3,2
456,564,3,2
456,565,3,2
456,566,3,2
456,567,3,2
456,568,3,2
456,569,3,2
456,570,3,2
456,571,3,2
456,572,3,2
456,573,3,2
456,574,3,2
456,575,3,2
456,576,3,2
456,577,3,2
456,578,3,2
456,579,3,2
456,580,3,2
456,581,3,2
456,582,3,2
456,583,3,2
456,584,3,2
456,585,3,2
456,586,3,2
456,587,3,2
456,588,3,2
456,589,3,2
456,590,3,2
456,591,3,2
456,592,3,2
456,593,3,2
456,594,3,2
456,595,3,2
456,596,3,2
456,597,3,2
456,598,3,2
456,599,3,2
456,600,3,2
456,601,3,2
456,602,3,2
456,603,3,2
456,604,3,2
456,605,3,2
456,606,3,2
456,607,3,2
456,608,3,2
456,609,3,2
456,610,3,2
456,611,3,2
456,612,3,2
456,613,3,2
456,614,3,2
456,615,3,2
456,616,3,2
456,617,3,2
456,618,3,2
456,619,3,2
456,620,3,2
456,621,3,2
456,622,3,2
456,623,3,2
456,624,3,2
456,625,3,2
456,626,3,2
456,627,3,2
456,628,3,2
456,629,3,2
456,630,3,2
456,631,3,2
456,632,3,2
456,633,3,2
456,634,3,2
456,635,3,2
456,636,3,2
456,637,3,2
456,638,3,2
456,639,3,2
456,640,3,2
456,641,3,2
456,642,3,2
456,643,3,2
456,644,3,2
456,645,3,2
456,646,3,2
456,647,3,2
456,648,3,2
456,649,3,2
456,650,3,2
456,651,3,2
456,652,3,2
456,653,3,2
456,654,3,2
456,655,3,2
456,656,3,2
456,657,3,2
456,658,3,2
456,659,3,2
456,660,3,2
456,661,3,2
456,662,3,2
456,663,3,2
456,664,3,2
456,665,3,2
456,666,3,2
456,667,3,2
456,668,3,2
456,669,3,2
457,69,3,2
457,70,3,2
457,71,3,2
457,72,3,2
457,73,3,2
457,74,3,2
457,75,3,2
457,76,3,2
457,77,3,2
457,78,3,2
457,79,3,2
457,80,3,2
457,81,3,2
457,82,3,2
457,83,3,2
457,84,3,2
457,85,3,2
457,86,3,2
457,87,3,2
457,88,3,2
457,89,3,2
457,90,3,2
457,91,3,2
457,92,3,2
457,93,3,2
457,94,3,2
457,95,3,2
457,96,3,2
457,97,3,2
457,98,3,2
457,99,3,2
457,100,3,2
457,101,3,2
457,102,3,2
457,103,3,2
457,104,3,2
457,105,3,2
457,106,3,2
457,107,3,2
457,108,3,2
457,109,3,2
457,110,3,2
457,111,3,2
457,112,3,2
457,113,3,2
457,114,3,2
457,115,3,2
457,116,3,2
457,117,3,2
457,118,3,2
457,119,3,2
457,120,3,2
457,121,3,2
457,122,3,2
457,123,3,2
457,124,3,2
457,125,3,2
457,126,3,2
457,127,3,2
457,128,3,2
457,129,3,2
457,130,3,2
457,131,3,2
457,132,3,2
457,133,3,2
457,134,3,2
457,135,3,2
457,136,3,2
457,137,3,2
457,138,3,2
457,139,3,2
457,140,3,2
457,141,3,2
457,142,3,2
457,143,3,2
457,144,3,2
457,145,3,2
457,146,3,2
457,147,3,2
457,148,3,2
457,149,3,2
457,150,3,2
457,151,3,2
457,152,3,2
457,153,3,2
457,154,3,2
457,155,3,2
457,156,3,2
457,157,3,2
457,158,3,2
457,159,3,2
457,160,3,2
457,161,3,2
457,162,3,2
457,163,3,2
457,164,3,2
457,165,3,2
457,166,3,2
457,167,3,2
457,168,3,2
457,169,3,2
457,170,3,2
457,171,3,2
457,172,3,2
457,173,3,2
457,174,3,2
457,175,3,2
457,176,3,2
457,177,3,2
457,178,3,2
457,179,3,2
457,180,3,2
457,181,3,2
457,182,3,2
457,183,3,2
457,184,3,2
457,185,3,2
457,186,3,2
457,187,3,2
457,188,3,2
457,189,3,2
457,190,3,2
457,191,3,2
457,192,3,2
457,193,3,2
457,194,3,2
457,195,3,2
457,196,3,2
457,197,3,2
457,198,3,2
457,199,3,2
457,200,3,2
457,201,3,2
457,202,3,2
457,203,3,2
457,204,3,2
457,205,3,2
457,206,3,2
457,207,3,2
457,208,3,2
457,209,3,2
457,210,3,2
457,211,3,2
457,212,3,2
457,213,3,2
457,214,3,2
457,215,3,2
457,216,3,2
457,217,3,2
457,218,3,2
457,219,3,2
457,220,3,2
457,221,3,2
457,222,3,2
457,223,3,2
457,224,3,2
457,225,3,2
457,226,3,2
457,227,3,2
457,228,3,2
457,229,3,2
457,230,3,2
457,231,3,2
457,232,3,2
457,233,3,2
457,234,3,2
457,235,3,2
457,236,3,2
457,237,3,2
457,238,3,2
457,239,3,2
457,240,3,2
457,241,3,2
457,242,3,2
457,243,3,2
457,244,3,2
457,245,3,2
457,246,3,2
457,247,3,2
457,248,3,2
457,249,3,2
457,250,3,2
457,251,3,2
457,252,3,2
457,253,3,2
457,254,3,2
457,255,3,2
457,256,3,2
457,257,3,2
457,258,3,2
457,259,3,2
457,260,3,2
457,261,3,2
457,262,3,2
457,263,3,2
457,264,3,2
457,265,3,2
457,266,3,2
457,267,3,2
457,268,3,2
457,269,3,2
457,270,3,2
457,271,3,2
457,272,3,2
457,273,3,2
457,274,3,2
457,275,3,2
457,276,3,2
457,277,3,2
457,278,3,2
457,279,3,2
457,280,3,2
457,281,3,2
457,282,3,2
457,283,3,2
457,284,3,2
457,285,3,2
457,286,3,2
457,287,3,2
457,288,3,2
457,289,3,2
457,290,3,2
457,291,3,2
457,292,3,2
457,293,3,2
457,294,3,2
457,295,3,2
457,296,3,2
457,297,3,2
457,298,3,2
457,299,3,2
457,300,3,2
457,301,3,2
457,302,3,2
457,303,3,2
457,304,3,2
457,305,3,2
457,306,3,2
457,307,3,2
457,308,3,2
457,309,3,2
457,310,3,2
457,311,3,2
457,312,3,2
457,313,3,2
457,314,3,2
457,315,3,2
457,316,3,2
457,317,3,2
457,318,3,2
457,319,3,2
457,320,3,2
457,321,3,2
457,322,3,2
457,323,3,2
457,324,3,2
457,325,3,2
457,326,3,2
457,327,3,2
457,328,3,2
457,329,3,2
457,330,3,2
457,331,3,2
457,332,3,2
457,333,3,2
457,334,3,2
457,335,3,2
457,336,3,2
457,337,3,2
457,338,3,2
457,339,3,2
457,340,3,2
457,341,3,2
457,342,3,2
457,343,3,2
457,344,3,2
457,345,3,2
457,346,3,2
457,347,3,2
457,348,3,2
457,349,3,2
457,350,3,2
457,351,3,2
457,352,3,2
457,353,3,2
457,354,3,2
457,355,3,2
457,356,3,2
457,357,3,2
457,358,3,2
457,359,3,2
457,360,3,2
457,361,3,2
457,362,3,2
457,363,3,2
457,364,3,2
457,365,3,2
457,366,3,2
457,367,3,2
457,368,3,2
457,369,3,2
457,370,3,2
457,371,3,2
457,372,3,2
457,373,3,2
457,374,3,2
457,375,3,2
457,376,3,2
457,377,3,2
457,378,3,2
457,379,3,2
457,380,3,2
457,381,3,2
457,382,3,2
457,383,3,2
457,384,3,2
457,385,3,2
457,386,3,2
457,387,3,2
457,388,3,2
457,389,3,2
457,390,3,2
457,391,3,2
457,392,3,2
457,393,3,2
457,394,3,2
457,395,3,2
457,396,3,2
457,397,3,2
457,398,3,2
457,399,3,2
457,400,3,2
457,401,3,2
457,402,3,2
457,403,3,2
457,404,3,2
457,405,3,2
457,406,3,2
457,407,3,2
457,408,3,2
457,409,3,2
457,410,3,2
457,411,3,2
457,412,3,2
457,413,3,2
457,414,3,2
457,415,3,2
457,416,3,2
457,417,3,2
457,418,3,2
457,419,3,2
457,420,3,2
457,421,3,2
457,422,3,2
457,423,3,2
457,424,3,2
457,425,3,2
457,426,3,2
457,427,3,2
457,428,3,2
457,429,3,2
457,430,3,2
457,431,3,2
457,432,3,2
457,433,3,2
457,434,3,2
457,435,3,2
457,436,3,2
457,437,3,2
457,438,3,2
457,439,3,2
457,440,3,2
457,441,3,2
457,442,3,2
457,443,3,2
457,444,3,2
457,445,3,2
457,446,3,2
457,447,3,3
457,448,3,3
457,449,3,3
457,450,3,3
457,451,3,3
457,452,3,3
457,453,3,3
457,454,3,3
457,455,3,3
457,456,3,3
457,457,3,3
457,458,3,3
457,459,3,3
457,460,3,3
457,461,3,3
457,462,3,3
457,463,3,3
457,464,3,3
457,465,3,3
457,466,3,3
457,467,3,3
457,468,3,3
457,469,3,3
457,470,3,3
457,471,3,3
457,472,3,3
457,473,3,3
457,474,3,3
457,475,3,3
457,476,3,3
457,477,3,3
457,478,3,2
457,479,3,2
457,480,3,2
457,481,3,2
457,482,3,2
457,483,3,2
457,484,3,2
457,485,3,2
457,486,3,2
457,487,3,2
457,488,3,2
457,489,3,2
457,490,3,2
457,491,3,2
457,492,3,2
457,493,3,2
457,494,3,2
457,495,3,2
457,496,3,2
457,497,3,2
457,498,3,2
457,499,3,2
457,500,3,2
457,501,3,2
457,502,3,2
457,503,3,2
457,504,3,2
457,505,3,2
457,506,3,2
457,507,3,2
457,508,3,2
457,509,3,2
457,510,3,2
457,511,3,2
457,512,3,2
457,513,3,2
457,514,3,2
457,515,3,2
457,516,3,2
457,517,3,2
457,518,3,2
457,519,3,2
457,520,3,2
457,521,3,2
457,522,3,2
457,523,3,2
457,524,3,2
457,525,3,2
457,526,3,2
457,527,3,2
457,528,3,2
457,529,3,2
457,530,3,2
457,531,3,2
457,532,3,2
457,533,3,2
457,534,3,2
457,535,3,2
457,536,3,2
457,537,3,2
457,538,3,2
457,539,3,2
457,540,3,2
457,541,3,2
457,542,3,2
457,543,3,2
457,544,3,2
457,545,3,2
457,546,3,2
457,547,3,2
457,548,3,2
457,549,3,2
457,550,3,2
457,551,3,2
457,552,3,2
457,553,3,2
457,554,3,2
457,555,3,2
457,556,3,2
457,557,3,2
457,558,3,2
457,559,3,2
457,560,3,2
457,561,3,2
457,562,3,2
457,563,3,2
457,564,3,2
457,565,3,2
457,566,3,2
457,567,3,2
457,568,3,2
457,569,3,2
457,570,3,2
457,571,3,2
457,572,3,2
457,573,3,2
457,574,3,2
457,575,3,2
457,576,3,2
457,577,3,2
457,578,3,2
457,579,3,2
457,580,3,2
457,581,3,2
457,582,3,2
457,583,3,2
457,584,3,2
457,585,3,2
457,586,3,2
457,587,3,2
457,588,3,2
457,589,3,2
457,590,3,2
457,591,3,2
457,592,3,2
457,593,3,2
457,594,3,2
457,595,3,2
457,596,3,2
457,597,3,2
457,598,3,2
457,599,3,2
457,600,3,2
457,601,3,2
457,602,3,2
457,603,3,2
457,604,3,2
457,605,3,2
457,606,3,2
457,607,3,2
457,608,3,2
457,609,3,2
457,610,3,2
457,611,3,2
457,612,3,2
457,613,3,2
457,614,3,2
457,615,3,2
457,616,3,2
457,617,3,2
457,618,3,2
457,619,3,2
457,620,3,2
457,621,3,2
457,622,3,2
457,623,3,2
457,624,3,2
457,625,3,2
457,626,3,2
457,627,3,2
457,628,3,2
457,629,3,2
457,630,3,2
457,631,3,2
457,632,3,2
457,633,3,2
457,634,3,2
457,635,3,2
457,636,3,2
457,637,3,2
457,638,3,2
457,639,3,2
457,640,3,2
457,641,3,2
457,642,3,2
457,643,3,2
457,644,3,2
457,645,3,2
457,646,3,2
457,647,3,2
457,648,3,2
457,649,3,2
457,650,3,2
457,651,3,2
457,652,3,2
457,653,3,2
457,654,3,2
457,655,3,2
457,656,3,2
457,657,3,2
457,658,3,2
457,659,3,2
457,660,3,2
457,661,3,2
457,662,3,2
457,663,3,2
457,664,3,2
457,665,3,2
457,666,3,2
457,667,3,2
457,668,3,2
457,669,3,2
458,69,3,2
458,70,3,2
458,71,3,2
458,72,3,2
458,73,3,2
458,74,3,2
458,75,3,2
458,76,3,2
458,77,3,2
458,78,3,2
458,79,3,2
458,80,3,2
458,81,3,2
458,82,3,2
458,83,3,2
458,84,3,2
458,85,3,2
458,86,3,2
458,87,3,2
458,88,3,2
458,89,3,2
458,90,3,2
458,91,3,2
458,92,3,2
458,93,3,2
458,94,3,2
458,95,3,2
458,96,3,2
458,97,3,2
458,98,3,2
458,99,3,2
458,100,3,2
458,101,3,2
458,102,3,2
458,103,3,2
458,104,3,2
458,105,3,2
458,106,3,2
458,107,3,2
458,108,3,2
458,109,3,2
458,110,3,2
458,111,3,2
458,112,3,2
458,113,3,2
458,114,3,2
458,115,3,2
458,116,3,2
458,117,3,2
458,118,3,2
458,119,3,2
458,120,3,2
458,121,3,2
458,122,3,2
458,123,3,2
458,124,3,2
458,125,3,2
458,126,3,2
458,127,3,2
458,128,3,2
458,129,3,2
458,130,3,2
458,131,3,2
458,132,3,2
458,133,3,2
458,134,3,2
458,135,3,2
458,136,3,2
458,137,3,2
458,138,3,2
458,139,3,2
458,140,3,2
458,141,3,2
458,142,3,2
458,143,3,2
458,144,3,2
458,145,3,2
458,146,3,2
458,147,3,2
458,148,3,2
458,149,3,2
458,150,3,2
458,151,3,2
458,152,3,2
458,153,3,2
458,154,3,2
458,155,3,2
458,156,3,2
458,157,3,2
458,158,3,2
458,159,3,2
458,160,3,2
458,161,3,2
458,162,3,2
458,163,3,2
458,164,3,2
458,165,3,2
458,166,3,2
458,167,3,2
458,168,3,2
458,169,3,2
458,170,3,2
458,171,3,2
458,172,3,2
458,173,3,2
458,174,3,2
458,175,3,2
458,176,3,2
458,177,3,2
458,178,3,2
458,179,3,2
458,180,3,2
458,181,3,2
458,182,3,2
458,183,3,2
458,184,3,2
458,185,3,2
458,186,3,2
458,187,3,2
458,188,3,2
458,189,3,2
458,190,3,2
458,191,3,2
458,192,3,2
458,193,3,2
458,194,3,2
458,195,3,2
458,196,3,2
458,197,3,2
458,198,3,2
458,199,3,2
458,200,3,2
458,201,3,2
458,202,3,2
458,203,3,2
458,204,3,2
458,205,3,2
458,206,3,2
458,207,3,2
458,208,3,2
458,209,3,2
458,210,3,2
458,211,3,2
458,212,3,2
458,213,3,2
458,214,3,2
458,215,3,2
458,216,3,2
458,217,3,2
458,218,3,2
458,219,3,2
458,220,3,2
458,221,3,2
458,222,3,2
458,223,3,2
458,224,3,2
458,225,3,2
458,226,3,2
458,227,3,2
458,228,3,2
458,229,3,2
458,230,3,2
458,231,3,2
458,232,3,2
458,233,3,2
458,234,3,2
458,235,3,2
458,236,3,2
458,237,3,2
458,238,3,2
458,239,3,2
458,240,3,2
458,241,3,2
458,242,3,2
458,243,3,2
458,244,3,2
458,245,3,2
458,246,3,2
458,247,3,2
458,248,3,2
458,249,3,2
458,250,3,2
458,251,3,2
458,252,3,2
458,253,3,2
458,254,3,2
458,255,3,2
458,256,3,2
458,257,3,2
458,258,3,2
458,259,3,2
458,260,3,2
458,261,3,2
458,262,3,2
458,263,3,2
458,264,3,2
458,265,3,2
458,266,3,2
458,267,3,2
458,268,3,2
458,269,3,2
458,270,3,2
458,271,3,2
458,272,3,2
458,273,3,2
458,274,3,2
458,275,3,2
458,276,3,2
458,277,3,2
458,278,3,2
458,279,3,2
458,280,3,2
458,281,3,2
458,282,3,2
458,283,3,2
458,284,3,2
458,285,3,2
458,286,3,2
458,287,3,2
458,288,3,2
458,289,3,2
458,290,3,2
458,291,3,2
458,292,3,2
458,293,3,2
458,294,3,2
458,295,3,2
458,296,3,2
458,297,3,2
458,298,3,2
458,299,3,2
458,300,3,2
458,301,3,2
458,302,3,2
458,303,3,2
458,304,3,2
458,305,3,2
458,306,3,2
458,307,3,2
458,308,3,2
458,309,3,2
458,310,3,2
458,311,3,2
458,312,3,2
458,313,3,2
458,314,3,2
458,315,3,2
458,316,3,2
458,317,3,2
458,318,3,2
458,319,3,2
458,320,3,2
458,321,3,2
458,322,3,2
458,323,3,2
458,324,3,2
458,325,3,2
458,326,3,2
458,327,3,2
458,328,3,2
458,329,3,2
458,330,3,2
458,331,3,2
458,332,3,2
458,333,3,2
458,334,3,2
458,335,3,2
458,336,3,2
458,337,3,2
458,338,3,2
458,339,3,2
458,340,3,2
458,341,3,2
458,342,3,2
458,343,3,2
458,344,3,2
458,345,3,2
458,346,3,2
458,347,3,2
458,348,3,2
458,349,3,2
458,350,3,2
458,351,3,2
458,352,3,2
458,353,3,2
458,354,3,2
458,355,3,2
458,356,3,2
458,357,3,2
458,358,3,2
458,359,3,2
458,360,3,2
458,361,3,2
458,362,3,2
458,363,3,2
458,364,3,2
458,365,3,2
458,366,3,2
458,367,3,2
458,368,3,2
458,369,3,2
458,370,3,2
458,371,3,2
458,372,3,2
458,373,3,2
458,374,3,2
458,375,3,2
458,376,3,2
458,377,3,2
458,378,3,2
458,379,3,2
458,380,3,2
458,381,3,2
458,382,3,2
458,383,3,2
458,384,3,2
458,385,3,2
458,386,3,2
458,387,3,2
458,388,3,2
458,389,3,2
458,390,3,2
458,391,3,2
458,392,3,2
458,393,3,2
458,394,3,2
458,395,3,2
458,396,3,2
458,397,3,2
458,398,3,2
458,399,3,2
458,400,3,2
458,401,3,2
458,402,3,2
458,403,3,2
458,404,3,2
458,405,3,2
458,406,3,2
458,407,3,2
458,408,3,2
458,409,3,2
458,410,3,2
458,411,3,2
458,412,3,2
458,413,3,2
458,414,3,2
458,415,3,2
458,416,3,2
458,417,3,2
458,418,3,2
458,419,3,2
458,420,3,2
458,421,3,2
458,422,3,2
458,423,3,2
458,424,3,2
458,425,3,2
458,426,3,2
458,427,3,2
458,428,3,2
458,429,3,2
458,430,3,2
458,431,3,2
458,432,3,2
458,433,3,2
458,434,3,2
458,435,3,2
458,436,3,2
458,437,3,2
458,438,3,2
458,439,3,2
458,440,3,2
458,441,3,2
458,442,3,2
458,443,3,2
458,444,3,2
458,445,3,2
458,446,3,2
458,447,3,2
458,448,3,3
458,449,3,3
458,450,3,3
458,451,3,3
458,452,3,3
458,453,3,3
458,454,3,3
458,455,3,3
458,456,3,3
458,457,3,3
458,458,3,3
458,459,3,3
458,460,3,3
458,461,3,3
458,462,3,3
458,463,3,3
458,464,3,3
458,465,3,3
458,466,3,3
458,467,3,3
458,468,3,3
458,469,3,3
458,470,3,3
458,471,3,3
458,472,3,3
458,473,3,3
458,474,3,3
458,475,3,3
458,476,3,3
458,477,3,3
458,478,3,3
458,479,3,2
458,480,3,2
458,481,3,2
458,482,3,2
458,483,3,2
458,484,3,2
458,485,3,2
458,486,3,2
458,487,3,2
458,488,3,2
458,489,3,2
458,490,3,2
458,491,3,2
458,492,3,2
458,493,3,2
458,494,3,2
458,495,3,2
458,496,3,2
458,497,3,2
458,498,3,2
458,499,3,2
458,500,3,2
458,501,3,2
458,502,3,2
458,503,3,2
458,504,3,2
458,505,3,2
458,506,3,2
458,507,3,2
458,508,3,2
458,509,3,2
458,510,3,2
458,511,3,2
458,512,3,2
458,513,3,2
458,514,3,2
458,515,3,2
458,516,3,2
458,517,3,2
458,518,3,2
458,519,3,2
458,520,3,2
458,521,3,2
458,522,3,2
458,523,3,2
458,524,3,2
458,525,3,2
458,526,3,2
458,527,3,2
458,528,3,2
458,529,3,2
458,530,3,2
458,531,3,2
458,532,3,2
458,533,3,2
458,534,3,2
458,535,3,2
458,536,3,2
458,537,3,2
458,538,3,2
458,539,3,2
458,540,3,2
458,541,3,2
458,542,3,2
458,543,3,2
458,544,3,2
458,545,3,2
458,546,3,2
458,547,3,2
458,548,3,2
458,549,3,2
458,550,3,2
458,551,3,2
458,552,3,2
458,553,3,2
458,554,3,2
458,555,3,2
458,556,3,2
458,557,3,2
458,558,3,2
458,559,3,2
458,560,3,2
458,561,3,2
458,562,3,2
458,563,3,2
458,564,3,2
458,565,3,2
458,566,3,2
458,567,3,2
458,568,3,2
458,569,3,2
458,570,3,2
458,571,3,2
458,572,3,2
458,573,3,2
458,574,3,2
458,575,3,2
458,576,3,2
458,577,3,2
458,578,3,2
458,579,3,2
458,580,3,2
458,581,3,2
458,582,3,2
458,583,3,2
458,584,3,2
458,585,3,2
458,586,3,2
458,587,3,2
458,588,3,2
458,589,3,2
458,590,3,2
458,591,3,2
458,592,3,2
458,593,3,2
458,594,3,2
458,595,3,2
458,596,3,2
458,597,3,2
458,598,3,2
458,599,3,2
458,600,3,2
458,601,3,2
458,602,3,2
458,603,3,2
458,604,3,2
458,605,3,2
458,606,3,2
458,607,3,2
458,608,3,2
458,609,3,2
458,610,3,2
458,611,3,2
458,612,3,2
458,613,3,2
458,614,3,2
458,615,3,2
458,616,3,2
458,617,3,2
458,618,3,2
458,619,3,2
458,620,3,2
458,621,3,2
458,622,3,2
458,623,3,2
458,624,3,2
458,625,3,2
458,626,3,2
458,627,3,2
458,628,3,2
458,629,3,2
458,630,3,2
458,631,3,2
458,632,3,2
458,633,3,2
458,634,3,2
458,635,3,2
458,636,3,2
458,637,3,2
458,638,3,2
458,639,3,2
458,640,3,2
458,641,3,2
458,642,3,2
458,643,3,2
458,644,3,2
458,645,3,2
458,646,3,2
458,647,3,2
458,648,3,2
458,649,3,2
458,650,3,2
458,651,3,2
458,652,3,2
458,653,3,2
458,654,3,2
458,655,3,2
458,656,3,2
458,657,3,2
458,658,3,2
458,659,3,2
458,660,3,2
458,661,3,2
458,662,3,2
458,663,3,2
458,664,3,2
458,665,3,2
458,666,3,2
458,667,3,2
458,668,3,2
458,669,3,2
458,670,3,2
459,69,3,2
459,70,3,2
459,71,3,2
459,72,3,2
459,73,3,2
459,74,3,2
459,75,3,2
459,76,3,2
459,77,3,2
459,78,3,2
459,79,3,2
459,80,3,2
459,81,3,2
459,82,3,2
459,83,3,2
459,84,3,2
459,85,3,2
459,86,3,2
459,87,3,2
459,88,3,2
459,89,3,2
459,90,3,2
459,91,3,2
459,92,3,2
459,93,3,2
459,94,3,2
459,95,3,2
459,96,3,2
459,97,3,2
459,98,3,2
459,99,3,2
459,100,3,2
459,101,3,2
459,102,3,2
459,103,3,2
459,104,3,2
459,105,3,2
459,106,3,2
459,107,3,2
459,108,3,2
459,109,3,2
459,110,3,2
459,111,3,2
459,112,3,2
459,113,3,2
459,114,3,2
459,115,3,2
459,116,3,2
459,117,3,2
459,118,3,2
459,119,3,2
459,120,3,2
459,121,3,2
459,122,3,2
459,123,3,2
459,124,3,2
459,125,3,2
459,126,3,2
459,127,3,2
459,128,3,2
459,129,3,2
459,130,3,2
459,131,3,2
459,132,3,2
459,133,3,2
459,134,3,2
459,135,3,2
459,136,3,2
459,137,3,2
459,138,3,2
459,139,3,2
459,140,3,2
459,141,3,2
459,142,3,2
459,143,3,2
459,144,3,2
459,145,3,2
459,146,3,2
459,147,3,2
459,148,3,2
459,149,3,2
459,150,3,2
459,151,3,2
459,152,3,2
459,153,3,2
459,154,3,2
459,155,3,2
459,156,3,2
459,157,3,2
459,158,3,2
459,159,3,2
459,160,3,2
459,161,3,2
459,162,3,2
459,163,3,2
459,164,3,2
459,165,3,2
459,166,3,2
459,167,3,2
459,168,3,2
459,169,3,2
459,170,3,2
459,171,3,2
459,172,3,2
459,173,3,2
459,174,3,2
459,175,3,2
459,176,3,2
459,177,3,2
459,178,3,2
459,179,3,2
459,180,3,2
459,181,3,2
459,182,3,2
459,183,3,2
459,184,3,2
459,185,3,2
459,186,3,2
459,187,3,2
459,188,3,2
459,189,3,2
459,190,3,2
459,191,3,2
459,192,3,2
459,193,3,2
459,194,3,2
459,195,3,2
459,196,3,2
459,197,3,2
459,198,3,2
459,199,3,2
459,200,3,2
459,201,3,2
459,202,3,2
459,203,3,2
459,204,3,2
459,205,3,2
459,206,3,2
459,207,3,2
459,208,3,2
459,209,3,2
459,210,3,2
459,211,3,2
459,212,3,2
459,213,3,2
459,214,3,2
459,215,3,2
459,216,3,2
459,217,3,2
459,218,3,2
459,219,3,2
459,220,3,2
459,221,3,2
459,222,3,2
459,223,3,2
459,224,3,2
459,225,3,2
459,226,3,2
459,227,3,2
459,228,3,2
459,229,3,2
459,230,3,2
459,231,3,2
459,232,3,2
459,233,3,2
459,234,3,2
459,235,3,2
459,236,3,2
459,237,3,2
459,238,3,2
459,239,3,2
459,240,3,2
459,241,3,2
459,242,3,2
459,243,3,2
459,244,3,2
459,245,3,2
459,246,3,2
459,247,3,2
459,248,3,2
459,249,3,2
459,250,3,2
459,251,3,2
459,252,3,2
459,253,3,2
459,254,3,2
459,255,3,2
459,256,3,2
459,257,3,2
459,258,3,2
459,259,3,2
459,260,3,2
459,261,3,2
459,262,3,2
459,263,3,2
459,264,3,2
459,265,3,2
459,266,3,2
459,267,3,2
459,268,3,2
459,269,3,2
459,270,3,2
459,271,3,2
459,272,3,2
459,273,3,2
459,274,3,2
459,275,3,2
459,276,3,2
459,277,3,2
459,278,3,2
459,279,3,2
459,280,3,2
459,281,3,2
459,282,3,2
459,283,3,2
459,284,3,2
459,285,3,2
459,286,3,2
459,287,3,2
459,288,3,2
459,289,3,2
459,290,3,2
459,291,3,2
459,292,3,2
459,293,3,2
459,294,3,2
459,295,3,2
459,296,3,2
459,297,3,2
459,298,3,2
459,299,3,2
459,300,3,2
459,301,3,2
459,302,3,2
459,303,3,2
459,304,3,2
459,305,3,2
459,306,3,2
459,307,3,2
459,308,3,2
459,309,3,2
459,310,3,2
459,311,3,2
459,312,3,2
459,313,3,2
459,314,3,2
459,315,3,2
459,316,3,2
459,317,3,2
459,318,3,2
459,319,3,2
459,320,3,2
459,321,3,2
459,322,3,2
459,323,3,2
459,324,3,2
459,325,3,2
459,326,3,2
459,327,3,2
459,328,3,2
459,329,3,2
459,330,3,2
459,331,3,2
459,332,3,2
459,333,3,2
459,334,3,2
459,335,3,2
459,336,3,2
459,337,3,2
459,338,3,2
459,339,3,2
459,340,3,2
459,341,3,2
459,342,3,2
459,343,3,2
459,344,3,2
459,345,3,2
459,346,3,2
459,347,3,2
459,348,3,2
459,349,3,2
459,350,3,2
459,351,3,2
459,352,3,2
459,353,3,2
459,354,3,2
459,355,3,2
459,356,3,2
459,357,3,2
459,358,3,2
459,359,3,2
459,360,3,2
459,361,3,2
459,362,3,2
459,363,3,2
459,364,3,2
459,365,3,2
459,366,3,2
459,367,3,2
459,368,3,2
459,369,3,2
459,370,3,2
459,371,3,2
459,372,3,2
459,373,3,2
459,374,3,2
459,375,3,2
459,376,3,2
459,377,3,2
459,378,3,2
459,379,3,2
459,380,3,2
459,381,3,2
459,382,3,2
459,383,3,2
459,384,3,2
459,385,3,2
459,386,3,2
459,387,3,2
459,388,3,2
459,389,3,2
459,390,3,2
459,391,3,2
459,392,3,2
459,393,3,2
459,394,3,2
459,395,3,2
459,396,3,2
459,397,3,2
459,398,3,2
459,399,3,2
459,400,3,2
459,401,3,2
459,402,3,2
459,403,3,2
459,404,3,2
459,405,3,2
459,406,3,2
459,407,3,2
459,408,3,2
459,409,3,2
459,410,3,2
459,411,3,2
459,412,3,2
459,413,3,2
459,414,3,2
459,415,3,2
459,416,3,2
459,417,3,2
459,418,3,2
459,419,3,2
459,420,3,2
459,421,3,2
459,422,3,2
459,423,3,2
459,424,3,2
459,425,3,2
459,426,3,2
459,427,3,2
459,428,3,2
459,429,3,2
459,430,3,2
459,431,3,2
459,432,3,2
459,433,3,2
459,434,3,2
459,435,3,2
459,436,3,2
459,437,3,2
459,438,3,2
459,439,3,2
459,440,3,2
459,441,3,2
459,442,3,2
459,443,3,2
459,444,3,2
459,445,3,2
459,446,3,2
459,447,3,2
459,448,3,3
459,449,3,3
459,450,3,3
459,451,3,3
459,452,3,3
459,453,3,3
459,454,3,3
459,455,3,3
459,456,3,3
459,457,3,3
459,458,3,3
459,459,3,3
459,460,3,3
459,461,3,3
459,462,3,3
459,463,3,3
459,464,3,3
459,465,3,3
459,466,3,3
459,467,3,3
459,468,3,3
459,469,3,3
459,470,3,3
459,471,3,3
459,472,3,3
459,473,3,3
459,474,3,3
459,475,3,3
459,476,3,3
459,477,3,3
459,478,3,3
459,479,3,3
459,480,3,2
459,481,3,2
459,482,3,2
459,483,3,2
459,484,3,2
459,485,3,2
459,486,3,2
459,487,3,2
459,488,3,2
459,489,3,2
459,490,3,2
459,491,3,2
459,492,3,2
459,493,3,2
459,494,3,2
459,495,3,2
459,496,3,2
459,497,3,2
459,498,3,2
459,499,3,2
459,500,3,2
459,501,3,2
459,502,3,2
459,503,3,2
459,504,3,2
459,505,3,2
459,506,3,2
459,507,3,2
459,508,3,2
459,509,3,2
459,510,3,2
459,511,3,2
459,512,3,2
459,513,3,2
459,514,3,2
459,515,3,2
459,516,3,2
459,517,3,2
459,518,3,2
459,519,3,2
459,520,3,2
459,521,3,2
459,522,3,2
459,523,3,2
459,524,3,2
459,525,3,2
459,526,3,2
459,527,3,2
459,528,3,2
459,529,3,2
459,530,3,2
459,531,3,2
459,532,3,2
459,533,3,2
459,534,3,2
459,535,3,2
459,536,3,2
459,537,3,2
459,538,3,2
459,539,3,2
459,540,3,2
459,541,3,2
459,542,3,2
459,543,3,2
459,544,3,2
459,545,3,2
459,546,3,2
459,547,3,2
459,548,3,2
459,549,3,2
459,550,3,2
459,551,3,2
459,552,3,2
459,553,3,2
459,554,3,2
459,555,3,2
459,556,3,2
459,557,3,2
459,558,3,2
459,559,3,2
459,560,3,2
459,561,3,2
459,562,3,2
459,563,3,2
459,564,3,2
459,565,3,2
459,566,3,2
459,567,3,2
459,568,3,2
459,569,3,2
459,570,3,2
459,571,3,2
459,572,3,2
459,573,3,2
459,574,3,2
459,575,3,2
459,576,3,2
459,577,3,2
459,578,3,2
459,579,3,2
459,580,3,2
459,581,3,2
459,582,3,2
459,583,3,2
459,584,3,2
459,585,3,2
459,586,3,2
459,587,3,2
459,588,3,2
459,589,3,2
459,590,3,2
459,591,3,2
459,592,3,2
459,593,3,2
459,594,3,2
459,595,3,2
459,596,3,2
459,597,3,2
459,598,3,2
459,599,3,2
459,600,3,2
459,601,3,2
459,602,3,2
459,603,3,2
459,604,3,2
459,605,3,2
459,606,3,2
459,607,3,2
459,608,3,2
459,609,3,2
459,610,3,2
459,611,3,2
459,612,3,2
459,613,3,2
459,614,3,2
459,615,3,2
459,616,3,2
459,617,3,2
459,618,3,2
459,619,3,2
459,620,3,2
459,621,3,2
459,622,3,2
459,623,3,2
459,624,3,2
459,625,3,2
459,626,3,2
459,627,3,2
459,628,3,2
459,629,3,2
459,630,3,2
459,631,3,2
459,632,3,2
459,633,3,2
459,634,3,2
459,635,3,2
459,636,3,2
459,637,3,2
459,638,3,2
459,639,3,2
459,640,3,2
459,641,3,2
459,642,3,2
459,643,3,2
459,644,3,2
459,645,3,2
459,646,3,2
459,647,3,2
459,648,3,2
459,649,3,2
459,650,3,2
459,651,3,2
459,652,3,2
459,653,3,2
459,654,3,2
459,655,3,2
459,656,3,2
459,657,3,2
459,658,3,2
459,659,3,2
459,660,3,2
459,661,3,2
459,662,3,2
459,663,3,2
459,664,3,2
459,665,3,2
459,666,3,2
459,667,3,2
459,668,3,2
459,669,3,2
460,69,3,2
460,70,3,2
460,71,3,2
460,72,3,2
460,73,3,2
460,74,3,2
460,75,3,2
460,76,3,2
460,77,3,2
460,78,3,2
460,79,3,2
460,80,3,2
460,81,3,2
460,82,3,2
460,83,3,2
460,84,3,2
460,85,3,2
460,86,3,2
460,87,3,2
460,88,3,2
460,89,3,2
460,90,3,2
460,91,3,2
460,92,3,2
460,93,3,2
460,94,3,2
460,95,3,2
460,96,3,2
460,97,3,2
460,98,3,2
460,99,3,2
460,100,3,2
460,101,3,2
460,102,3,2
460,103,3,2
460,104,3,2
460,105,3,2
460,106,3,2
460,107,3,2
460,108,3,2
460,109,3,2
460,110,3,2
460,111,3,2
460,112,3,2
460,113,3,2
460,114,3,2
460,115,3,2
460,116,3,2
460,117,3,2
460,118,3,2
460,119,3,2
460,120,3,2
460,121,3,2
460,122,3,2
460,123,3,2
460,124,3,2
460,125,3,2
460,126,3,2
460,127,3,2
460,128,3,2
460,129,3,2
460,130,3,2
460,131,3,2
460,132,3,2
460,133,3,2
460,134,3,2
460,135,3,2
460,136,3,2
460,137,3,2
460,138,3,2
460,139,3,2
460,140,3,2
460,141,3,2
460,142,3,2
460,143,3,2
460,144,3,2
460,145,3,2
460,146,3,2
460,147,3,2
460,148,3,2
460,149,3,2
460,150,3,2
460,151,3,2
460,152,3,2
460,153,3,2
460,154,3,2
460,155,3,2
460,156,3,2
460,157,3,2
460,158,3,2
460,159,3,2
460,160,3,2
460,161,3,2
460,162,3,2
460,163,3,2
460,164,3,2
460,165,3,2
460,166,3,2
460,167,3,2
460,168,3,2
460,169,3,2
460,170,3,2
460,171,3,2
460,172,3,2
460,173,3,2
460,174,3,2
460,175,3,2
460,176,3,2
460,177,3,2
460,178,3,2
460,179,3,2
460,180,3,2
460,181,3,2
460,182,3,2
460,183,3,2
460,184,3,2
460,185,3,2
460,186,3,2
460,187,3,2
460,188,3,2
460,189,3,2
460,190,3,2
460,191,3,2
460,192,3,2
460,193,3,2
460,194,3,2
460,195,3,2
460,196,3,2
460,197,3,2
460,198,3,2
460,199,3,2
460,200,3,2
460,201,3,2
460,202,3,2
460,203,3,2
460,204,3,2
460,205,3,2
460,206,3,2
460,207,3,2
460,208,3,2
460,209,3,2
460,210,3,2
460,211,3,2
460,212,3,2
460,213,3,2
460,214,3,2
460,215,3,2
460,216,3,2
460,217,3,2
460,218,3,2
460,219,3,2
460,220,3,2
460,221,3,2
460,222,3,2
460,223,3,2
460,224,3,2
460,225,3,2
460,226,3,2
460,227,3,2
460,228,3,2
460,229,3,2
460,230,3,2
460,231,3,2
460,232,3,2
460,233,3,2
460,234,3,2
460,235,3,2
460,236,3,2
460,237,3,2
460,238,3,2
460,239,3,2
460,240,3,2
460,241,3,2
460,242,3,2
460,243,3,2
460,244,3,2
460,245,3,2
460,246,3,2
460,247,3,2
460,248,3,2
460,249,3,2
460,250,3,2
460,251,3,2
460,252,3,2
460,253,3,2
460,254,3,2
460,255,3,2
460,256,3,2
460,257,3,2
460,258,3,2
460,259,3,2
460,260,3,2
460,261,3,2
460,262,3,2
460,263,3,2
460,264,3,2
460,265,3,2
460,266,3,2
460,267,3,2
460,268,3,2
460,269,3,2
460,270,3,2
460,271,3,2
460,272,3,2
460,273,3,2
460,274,3,2
460,275,3,2
460,276,3,2
460,277,3,2
460,278,3,2
460,279,3,2
460,280,3,2
460,281,3,2
460,282,3,2
460,283,3,2
460,284,3,2
460,285,3,2
460,286,3,2
460,287,3,2
460,288,3,2
460,289,3,2
460,290,3,2
460,291,3,2
460,292,3,2
460,293,3,2
460,294,3,2
460,295,3,2
460,296,3,2
460,297,3,2
460,298,3,2
460,299,3,2
460,300,3,2
460,301,3,2
460,302,3,2
460,303,3,2
460,304,3,2
460,305,3,2
460,306,3,2
460,307,3,2
460,308,3,2
460,309,3,2
460,310,3,2
460,311,3,2
460,312,3,2
460,313,3,2
460,314,3,2
460,315,3,2
460,316,3,2
460,317,3,2
460,318,3,2
460,319,3,2
460,320,3,2
460,321,3,2
460,322,3,2
460,323,3,2
460,324,3,2
460,325,3,2
460,326,3,2
460,327,3,2
460,328,3,2
460,329,3,2
460,330,3,2
460,331,3,2
460,332,3,2
460,333,3,2
460,334,3,2
460,335,3,2
460,336,3,2
460,337,3,2
460,338,3,2
460,339,3,2
460,340,3,2
460,341,3,2
460,342,3,2
460,343,3,2
460,344,3,2
460,345,3,2
460,346,3,2
460,347,3,2
460,348,3,2
460,349,3,2
460,350,3,2
460,351,3,2
460,352,3,2
460,353,3,2
460,354,3,2
460,355,3,2
460,356,3,2
460,357,3,2
460,358,3,2
460,359,3,2
460,360,3,2
460,361,3,2
460,362,3,2
460,363,3,2
460,364,3,2
460,365,3,2
460,366,3,2
460,367,3,2
460,368,3,2
460,369,3,2
460,370,3,2
460,371,3,2
460,372,3,2
460,373,3,2
460,374,3,2
460,375,3,2
460,376,3,2
460,377,3,2
460,378,3,2
460,379,3,2
460,380,3,2
460,381,3,2
460,382,3,2
460,383,3,2
460,384,3,2
460,385,3,2
460,386,3,2
460,387,3,2
460,388,3,2
460,389,3,2
460,390,3,2
460,391,3,2
460,392,3,2
460,393,3,2
460,394,3,2
460,395,3,2
460,396,3,2
460,397,3,2
460,398,3,2
460,399,3,2
460,400,3,2
460,401,3,2
460,402,3,2
460,403,3,2
460,404,3,2
460,405,3,2
460,406,3,2
460,407,3,2
460,408,3,2
460,409,3,2
460,410,3,2
460,411,3,2
460,412,3,2
460,413,3,2
460,414,3,2
460,415,3,2
460,416,3,2
460,417,3,2
460,418,3,2
460,419,3,2
460,420,3,2
460,421,3,2
460,422,3,2
460,423,3,2
460,424,3,2
460,425,3,2
460,426,3,2
460,427,3,2
460,428,3,2
460,429,3,2
460,430,3,2
460,431,3,2
460,432,3,2
460,433,3,2
460,434,3,2
460,435,3,2
460,436,3,2
460,437,3,2
460,438,3,2
460,439,3,2
460,440,3,2
460,441,3,2
460,442,3,2
460,443,3,2
460,444,3,2
460,445,3,2
460,446,3,2
460,447,3,2
460,448,3,2
460,449,3,3
460,450,3,3
460,451,3,3
460,452,3,3
460,453,3,3
460,454,3,3
460,455,3,3
460,456,3,3
460,457,3,3
460,458,3,3
460,459,3,3
460,460,3,3
460,461,3,3
460,462,3,3
460,463,3,3
460,464,3,3
460,465,3,3
460,466,3,3
460,467,3,3
460,468,3,3
460,469,3,3
460,470,3,3
460,471,3,3
460,472,3,3
460,473,3,3
460,474,3,3
460,475,3,3
460,476,3,3
460,477,3,3
460,478,3,3
460,479,3,3
460,480,3,2
460,481,3,2
460,482,3,2
460,483,3,2
460,484,3,2
460,485,3,2
460,486,3,2
460,487,3,2
460,488,3,2
460,489,3,2
460,490,3,2
460,491,3,2
460,492,3,2
460,493,3,2
460,494,3,2
460,495,3,2
460,496,3,2
460,497,3,2
460,498,3,2
460,499,3,2
460,500,3,2
460,501,3,2
460,502,3,2
460,503,3,2
460,504,3,2
460,505,3,2
460,506,3,2
460,507,3,2
460,508,3,2
460,509,3,2
460,510,3,2
460,511,3,2
460,512,3,2
460,513,3,2
460,514,3,2
460,515,3,2
460,516,3,2
460,517,3,2
460,518,3,2
460,519,3,2
460,520,3,2
460,521,3,2
460,522,3,2
460,523,3,2
460,524,3,2
460,525,3,2
460,526,3,2
460,527,3,2
460,528,3,2
460,529,3,2
460,530,3,2
460,531,3,2
460,532,3,2
460,533,3,2
460,534,3,2
460,535,3,2
460,536,3,2
460,537,3,2
460,538,3,2
460,539,3,2
460,540,3,2
460,541,3,2
460,542,3,2
460,543,3,2
460,544,3,2
460,545,3,2
460,546,3,2
460,547,3,2
460,548,3,2
460,549,3,2
460,550,3,2
460,551,3,2
460,552,3,2
460,553,3,2
460,554,3,2
460,555,3,2
460,556,3,2
460,557,3,2
460,558,3,2
460,559,3,2
460,560,3,2
460,561,3,2
460,562,3,2
460,563,3,2
460,564,3,2
460,565,3,2
460,566,3,2
460,567,3,2
460,568,3,2
460,569,3,2
460,570,3,2
460,571,3,2
460,572,3,2
460,573,3,2
460,574,3,2
460,575,3,2
460,576,3,2
460,577,3,2
460,578,3,2
460,579,3,2
460,580,3,2
460,581,3,2
460,582,3,2
460,583,3,2
460,584,3,2
460,585,3,2
460,586,3,2
460,587,3,2
460,588,3,2
460,589,3,2
460,590,3,2
460,591,3,2
460,592,3,2
460,593,3,2
460,594,3,2
460,595,3,2
460,596,3,2
460,597,3,2
460,598,3,2
460,599,3,2
460,600,3,2
460,601,3,2
460,602,3,2
460,603,3,2
460,604,3,2
460,605,3,2
460,606,3,2
460,607,3,2
460,608,3,2
460,609,3,2
460,610,3,2
460,611,3,2
460,612,3,2
460,613,3,2
460,614,3,2
460,615,3,2
460,616,3,2
460,617,3,2
460,618,3,2
460,619,3,2
460,620,3,2
460,621,3,2
460,622,3,2
460,623,3,2
460,624,3,2
460,625,3,2
460,626,3,2
460,627,3,2
460,628,3,2
460,629,3,2
460,630,3,2
460,631,3,2
460,632,3,2
460,633,3,2
460,634,3,2
460,635,3,2
460,636,3,2
460,637,3,2
460,638,3,2
460,639,3,2
460,640,3,2
460,641,3,2
460,642,3,2
460,643,3,2
460,644,3,2
460,645,3,2
460,646,3,2
460,647,3,2
460,648,3,2
460,649,3,2
460,650,3,2
460,651,3,2
460,652,3,2
460,653,3,2
460,654,3,2
460,655,3,2
460,656,3,2
460,657,3,2
460,658,3,2
460,659,3,2
460,660,3,2
460,661,3,2
460,662,3,2
460,663,3,2
460,664,3,2
460,665,3,2
460,666,3,2
460,667,3,2
460,668,3,2
460,669,3,2
460,670,3,2
461,69,3,2
461,70,3,2
461,71,3,2
461,72,3,2
461,73,3,2
461,74,3,2
461,75,3,2
461,76,3,2
461,77,3,2
461,78,3,2
461,79,3,2
461,80,3,2
461,81,3,2
461,82,3,2
461,83,3,2
461,84,3,2
461,85,3,2
461,86,3,2
461,87,3,2
461,88,3,2
461,89,3,2
461,90,3,2
461,91,3,2
461,92,3,2
461,93,3,2
461,94,3,2
461,95,3,2
461,96,3,2
461,97,3,2
461,98,3,2
461,99,3,2
461,100,3,2
461,101,3,2
461,102,3,2
461,103,3,2
461,104,3,2
461,105,3,2
461,106,3,2
461,107,3,2
461,108,3,2
461,109,3,2
461,110,3,2
461,111,3,2
461,112,3,2
461,113,3,2
461,114,3,2
461,115,3,2
461,116,3,2
461,117,3,2
461,118,3,2
461,119,3,2
461,120,3,2
461,121,3,2
461,122,3,2
461,123,3,2
461,124,3,2
461,125,3,2
461,126,3,2
461,127,3,2
461,128,3,2
461,129,3,2
461,130,3,2
461,131,3,2
461,132,3,2
461,133,3,2
461,134,3,2
461,135,3,2
461,136,3,2
461,137,3,2
461,138,3,2
461,139,3,2
461,140,3,2
461,141,3,2
461,142,3,2
461,143,3,2
461,144,3,2
461,145,3,2
461,146,3,2
461,147,3,2
461,148,3,2
461,149,3,2
461,150,3,2
461,151,3,2
461,152,3,2
461,153,3,2
461,154,3,2
461,155,3,2
461,156,3,2
461,157,3,2
461,158,3,2
461,159,3,2
461,160,3,2
461,161,3,2
461,162,3,2
461,163,3,2
461,164,3,2
461,165,3,2
461,166,3,2
461,167,3,2
461,168,3,2
461,169,3,2
461,170,3,2
461,171,3,2
461,172,3,2
461,173,3,2
461,174,3,2
461,175,3,2
461,176,3,2
461,177,3,2
461,178,3,2
461,179,3,2
461,180,3,2
461,181,3,2
461,182,3,2
461,183,3,2
461,184,3,2
461,185,3,2
461,186,3,2
461,187,3,2
461,188,3,2
461,189,3,2
461,190,3,2
461,191,3,2
461,192,3,2
461,193,3,2
461,194,3,2
461,195,3,2
461,196,3,2
461,197,3,2
461,198,3,2
461,199,3,2
461,200,3,2
461,201,3,2
461,202,3,2
461,203,3,2
461,204,3,2
461,205,3,2
461,206,3,2
461,207,3,2
461,208,3,2
461,209,3,2
461,210,3,2
461,211,3,2
461,212,3,2
461,213,3,2
461,214,3,2
461,215,3,2
461,216,3,2
461,217,3,2
461,218,3,2
461,219,3,2
461,220,3,2
461,221,3,2
461,222,3,2
461,223,3,2
461,224,3,2
461,225,3,2
461,226,3,2
461,227,3,2
461,228,3,2
461,229,3,2
461,230,3,2
461,231,3,2
461,232,3,2
461,233,3,2
461,234,3,2
461,235,3,2
461,236,3,2
461,237,3,2
461,238,3,2
461,239,3,2
461,240,3,2
461,241,3,2
461,242,3,2
461,243,3,2
461,244,3,2
461,245,3,2
461,246,3,2
461,247,3,2
461,248,3,2
461,249,3,2
461,250,3,2
461,251,3,2
461,252,3,2
461,253,3,2
461,254,3,2
461,255,3,2
461,256,3,2
461,257,3,2
461,258,3,2
461,259,3,2
461,260,3,2
461,261,3,2
461,262,3,2
461,263,3,2
461,264,3,2
461,265,3,2
461,266,3,2
461,267,3,2
461,268,3,2
461,269,3,2
461,270,3,2
461,271,3,2
461,272,3,2
461,273,3,2
461,274,3,2
461,275,3,2
461,276,3,2
461,277,3,2
461,278,3,2
461,279,3,2
461,280,3,2
461,281,3,2
461,282,3,2
461,283,3,2
461,284,3,2
461,285,3,2
461,286,3,2
461,287,3,2
461,288,3,2
461,289,3,2
461,290,3,2
461,291,3,2
461,292,3,2
461,293,3,2
461,294,3,2
461,295,3,2
461,296,3,2
461,297,3,2
461,298,3,2
461,299,3,2
461,300,3,2
461,301,3,2
461,302,3,2
461,303,3,2
461,304,3,2
461,305,3,2
461,306,3,2
461,307,3,2
461,308,3,2
461,309,3,2
461,310,3,2
461,311,3,2
461,312,3,2
461,313,3,2
461,314,3,2
461,315,3,2
461,316,3,2
461,317,3,2
461,318,3,2
461,319,3,2
461,320,3,2
461,321,3,2
461,322,3,2
461,323,3,2
461,324,3,2
461,325,3,2
461,326,3,2
461,327,3,2
461,328,3,2
461,329,3,2
461,330,3,2
461,331,3,2
461,332,3,2
461,333,3,2
461,334,3,2
461,335,3,2
461,336,3,2
461,337,3,2
461,338,3,2
461,339,3,2
461,340,3,2
461,341,3,2
461,342,3,2
461,343,3,2
461,344,3,2
461,345,3,2
461,346,3,2
461,347,3,2
461,348,3,2
461,349,3,2
461,350,3,2
461,351,3,2
461,352,3,2
461,353,3,2
461,354,3,2
461,355,3,2
461,356,3,2
461,357,3,2
461,358,3,2
461,359,3,2
461,360,3,2
461,361,3,2
461,362,3,2
461,363,3,2
461,364,3,2
461,365,3,2
461,366,3,2
461,367,3,2
461,368,3,2
461,369,3,2
461,370,3,2
461,371,3,2
461,372,3,2
461,373,3,2
461,374,3,2
461,375,3,2
461,376,3,2
461,377,3,2
461,378,3,2
461,379,3,2
461,380,3,2
461,381,3,2
461,382,3,2
461,383,3,2
461,384,3,2
461,385,3,2
461,386,3,2
461,387,3,2
461,388,3,2
461,389,3,2
461,390,3,2
461,391,3,2
461,392,3,2
461,393,3,2
461,394,3,2
461,395,3,2
461,396,3,2
461,397,3,2
461,398,3,2
461,399,3,2
461,400,3,2
461,401,3,2
461,402,3,2
461,403,3,2
461,404,3,2
461,405,3,2
461,406,3,2
461,407,3,2
461,408,3,2
461,409,3,2
461,410,3,2
461,411,3,2
461,412,3,2
461,413,3,2
461,414,3,2
461,415,3,2
461,416,3,2
461,417,3,2
461,418,3,2
461,419,3,2
461,420,3,2
461,421,3,2
461,422,3,2
461,423,3,2
461,424,3,2
461,425,3,2
461,426,3,2
461,427,3,2
461,428,3,2
461,429,3,2
461,430,3,2
461,431,3,2
461,432,3,2
461,433,3,2
461,434,3,2
461,435,3,2
461,436,3,2
461,437,3,2
461,438,3,2
461,439,3,2
461,440,3,2
461,441,3,2
461,442,3,2
461,443,3,2
461,444,3,2
461,445,3,2
461,446,3,2
461,447,3,2
461,448,3,2
461,449,3,3
461,450,3,3
461,451,3,3
461,452,3,3
461,453,3,3
461,454,3,3
461,455,3,3
461,456,3,3
461,457,3,3
461,458,3,3
461,459,3,3
461,460,3,3
461,461,3,3
461,462,3,3
461,463,3,3
461,464,3,3
461,465,3,3
461,466,3,3
461,467,3,3
461,468,3,3
461,469,3,3
461,470,3,3
461,471,3,3
461,472,3,3
461,473,3,3
461,474,3,3
461,475,3,3
461,476,3,3
461,477,3,3
461,478,3,3
461,479,3,3
461,480,3,2
461,481,3,2
461,482,3,2
461,483,3,2
461,484,3,2
461,485,3,2
461,486,3,2
461,487,3,2
461,488,3,2
461,489,3,2
461,490,3,2
461,491,3,2
461,492,3,2
461,493,3,2
461,494,3,2
461,495,3,2
461,496,3,2
461,497,3,2
461,498,3,2
461,499,3,2
461,500,3,2
461,501,3,2
461,502,3,2
461,503,3,2
461,504,3,2
461,505,3,2
461,506,3,2
461,507,3,2
461,508,3,2
461,509,3,2
461,510,3,2
461,511,3,2
461,512,3,2
461,513,3,2
461,514,3,2
461,515,3,2
461,516,3,2
461,517,3,2
461,518,3,2
461,519,3,2
461,520,3,2
461,521,3,2
461,522,3,2
461,523,3,2
461,524,3,2
461,525,3,2
461,526,3,2
461,527,3,2
461,528,3,2
461,529,3,2
461,530,3,2
461,531,3,2
461,532,3,2
461,533,3,2
461,534,3,2
461,535,3,2
461,536,3,2
461,537,3,2
461,538,3,2
461,539,3,2
461,540,3,2
461,541,3,2
461,542,3,2
461,543,3,2
461,544,3,2
461,545,3,2
461,546,3,2
461,547,3,2
461,548,3,2
461,549,3,2
461,550,3,2
461,551,3,2
461,552,3,2
461,553,3,2
461,554,3,2
461,555,3,2
461,556,3,2
461,557,3,2
461,558,3,2
461,559,3,2
461,560,3,2
461,561,3,2
461,562,3,2
461,563,3,2
461,564,3,2
461,565,3,2
461,566,3,2
461,567,3,2
461,568,3,2
461,569,3,2
461,570,3,2
461,571,3,2
461,572,3,2
461,573,3,2
461,574,3,2
461,575,3,2
461,576,3,2
461,577,3,2
461,578,3,2
461,579,3,2
461,580,3,2
461,581,3,2
461,582,3,2
461,583,3,2
461,584,3,2
461,585,3,2
461,586,3,2
461,587,3,2
461,588,3,2
461,589,3,2
461,590,3,2
461,591,3,2
461,592,3,2
461,593,3,2
461,594,3,2
461,595,3,2
461,596,3,2
461,597,3,2
461,598,3,2
461,599,3,2
461,600,3,2
461,601,3,2
461,602,3,2
461,603,3,2
461,604,3,2
461,605,3,2
461,606,3,2
461,607,3,2
461,608,3,2
461,609,3,2
461,610,3,2
461,611,3,2
461,612,3,2
461,613,3,2
461,614,3,2
461,615,3,2
461,616,3,2
461,617,3,2
461,618,3,2
461,619,3,2
461,620,3,2
461,621,3,2
461,622,3,2
461,623,3,2
461,624,3,2
461,625,3,2
461,626,3,2
461,627,3,2
461,628,3,2
461,629,3,2
461,630,3,2
461,631,3,2
461,632,3,2
461,633,3,2
461,634,3,2
461,635,3,2
461,636,3,2
461,637,3,2
461,638,3,2
461,639,3,2
461,640,3,2
461,641,3,2
461,642,3,2
461,643,3,2
461,644,3,2
461,645,3,2
461,646,3,2
461,647,3,2
461,648,3,2
461,649,3,2
461,650,3,2
461,651,3,2
461,652,3,2
461,653,3,2
461,654,3,2
461,655,3,2
461,656,3,2
461,657,3,2
461,658,3,2
461,659,3,2
461,660,3,2
461,661,3,2
461,662,3,2
461,663,3,2
461,664,3,2
461,665,3,2
461,666,3,2
461,667,3,2
461,668,3,2
461,669,3,2
461,670,3,2
462,70,3,2
462,71,3,2
462,72,3,2
462,73,3,2
462,74,3,2
462,75,3,2
462,76,3,2
462,77,3,2
462,78,3,2
462,79,3,2
462,80,3,2
462,81,3,2
462,82,3,2
462,83,3,2
462,84,3,2
462,85,3,2
462,86,3,2
462,87,3,2
462,88,3,2
462,89,3,2
462,90,3,2
462,91,3,2
462,92,3,2
462,93,3,2
462,94,3,2
462,95,3,2
462,96,3,2
462,97,3,2
462,98,3,2
462,99,3,2
462,100,3,2
462,101,3,2
462,102,3,2
462,103,3,2
462,104,3,2
462,105,3,2
462,106,3,2
462,107,3,2
462,108,3,2
462,109,3,2
462,110,3,2
462,111,3,2
462,112,3,2
462,113,3,2
462,114,3,2
462,115,3,2
462,116,3,2
462,117,3,2
462,118,3,2
462,119,3,2
462,120,3,2
462,121,3,2
462,122,3,2
462,123,3,2
462,124,3,2
462,125,3,2
462,126,3,2
462,127,3,2
462,128,3,2
462,129,3,2
462,130,3,2
462,131,3,2
462,132,3,2
462,133,3,2
462,134,3,2
462,135,3,2
462,136,3,2
462,137,3,2
462,138,3,2
462,139,3,2
462,140,3,2
462,141,3,2
462,142,3,2
462,143,3,2
462,144,3,2
462,145,3,2
462,146,3,2
462,147,3,2
462,148,3,2
462,149,3,2
462,150,3,2
462,151,3,2
462,152,3,2
462,153,3,2
462,154,3,2
462,155,3,2
462,156,3,2
462,157,3,2
462,158,3,2
462,159,3,2
462,160,3,2
462,161,3,2
462,162,3,2
462,163,3,2
462,164,3,2
462,165,3,2
462,166,3,2
462,167,3,2
462,168,3,2
462,169,3,2
462,170,3,2
462,171,3,2
462,172,3,2
462,173,3,2
462,174,3,2
462,175,3,2
462,176,3,2
462,177,3,2
462,178,3,2
462,179,3,2
462,180,3,2
462,181,3,2
462,182,3,2
462,183,3,2
462,184,3,2
462,185,3,2
462,186,3,2
462,187,3,2
462,188,3,2
462,189,3,2
462,190,3,2
462,191,3,2
462,192,3,2
462,193,3,2
462,194,3,2
462,195,3,2
462,196,3,2
462,197,3,2
462,198,3,2
462,199,3,2
462,200,3,2
462,201,3,2
462,202,3,2
462,203,3,2
462,204,3,2
462,205,3,2
462,206,3,2
462,207,3,2
462,208,3,2
462,209,3,2
462,210,3,2
462,211,3,2
462,212,3,2
462,213,3,2
462,214,3,2
462,215,3,2
462,216,3,2
462,217,3,2
462,218,3,2
462,219,3,2
462,220,3,2
462,221,3,2
462,222,3,2
462,223,3,2
462,224,3,2
462,225,3,2
462,226,3,2
462,227,3,2
462,228,3,2
462,229,3,2
462,230,3,2
462,231,3,2
462,232,3,2
462,233,3,2
462,234,3,2
462,235,3,2
462,236,3,2
462,237,3,2
462,238,3,2
462,239,3,2
462,240,3,2
462,241,3,2
462,242,3,2
462,243,3,2
462,244,3,2
462,245,3,2
462,246,3,2
462,247,3,2
462,248,3,2
462,249,3,2
462,250,3,2
462,251,3,2
462,252,3,2
462,253,3,2
462,254,3,2
462,255,3,2
462,256,3,2
462,257,3,2
462,258,3,2
462,259,3,2
462,260,3,2
462,261,3,2
462,262,3,2
462,263,3,2
462,264,3,2
462,265,3,2
462,266,3,2
462,267,3,2
462,268,3,2
462,269,3,2
462,270,3,2
462,271,3,2
462,272,3,2
462,273,3,2
462,274,3,2
462,275,3,2
462,276,3,2
462,277,3,2
462,278,3,2
462,279,3,2
462,280,3,2
462,281,3,2
462,282,3,2
462,283,3,2
462,284,3,2
462,285,3,2
462,286,3,2
462,287,3,2
462,288,3,2
462,289,3,2
462,290,3,2
462,291,3,2
462,292,3,2
462,293,3,2
462,294,3,2
462,295,3,2
462,296,3,2
462,297,3,2
462,298,3,2
462,299,3,2
462,300,3,2
462,301,3,2
462,302,3,2
462,303,3,2
462,304,3,2
462,305,3,2
462,306,3,2
462,307,3,2
462,308,3,2
462,309,3,2
462,310,3,2
462,311,3,2
462,312,3,2
462,313,3,2
462,314,3,2
462,315,3,2
462,316,3,2
462,317,3,2
462,318,3,2
462,319,3,2
462,320,3,2
462,321,3,2
462,322,3,2
462,323,3,2
462,324,3,2
462,325,3,2
462,326,3,2
462,327,3,2
462,328,3,2
462,329,3,2
462,330,3,2
462,331,3,2
462,332,3,2
462,333,3,2
462,334,3,2
462,335,3,2
462,336,3,2
462,337,3,2
462,338,3,2
462,339,3,2
462,340,3,2
462,341,3,2
462,342,3,2
462,343,3,2
462,344,3,2
462,345,3,2
462,346,3,2
462,347,3,2
462,348,3,2
462,349,3,2
462,350,3,2
462,351,3,2
462,352,3,2
462,353,3,2
462,354,3,2
462,355,3,2
462,356,3,2
462,357,3,2
462,358,3,2
462,359,3,2
462,360,3,2
462,361,3,2
462,362,3,2
462,363,3,2
462,364,3,2
462,365,3,2
462,366,3,2
462,367,3,2
462,368,3,2
462,369,3,2
462,370,3,2
462,371,3,2
462,372,3,2
462,373,3,2
462,374,3,2
462,375,3,2
462,376,3,2
462,377,3,2
462,378,3,2
462,379,3,2
462,380,3,2
462,381,3,2
462,382,3,2
462,383,3,2
462,384,3,2
462,385,3,2
462,386,3,2
462,387,3,2
462,388,3,2
462,389,3,2
462,390,3,2
462,391,3,2
462,392,3,2
462,393,3,2
462,394,3,2
462,395,3,2
462,396,3,2
462,397,3,2
462,398,3,2
462,399,3,2
462,400,3,2
462,401,3,2
462,402,3,2
462,403,3,2
462,404,3,2
462,405,3,2
462,406,3,2
462,407,3,2
462,408,3,2
462,409,3,2
462,410,3,2
462,411,3,2
462,412,3,2
462,413,3,2
462,414,3,2
462,415,3,2
462,416,3,2
462,417,3,2
462,418,3,2
462,419,3,2
462,420,3,2
462,421,3,2
462,422,3,2
462,423,3,2
462,424,3,2
462,425,3,2
462,426,3,2
462,427,3,2
462,428,3,2
462,429,3,2
462,430,3,2
462,431,3,2
462,432,3,2
462,433,3,2
462,434,3,2
462,435,3,2
462,436,3,2
462,437,3,2
462,438,3,2
462,439,3,2
462,440,3,2
462,441,3,2
462,442,3,2
462,443,3,2
462,444,3,2
462,445,3,2
462,446,3,2
462,447,3,2
462,448,3,2
462,449,3,2
462,450,3,3
462,451,3,3
462,452,3,3
462,453,3,3
462,454,3,3
462,455,3,3
462,456,3,3
462,457,3,3
462,458,3,3
462,459,3,3
462,460,3,3
462,461,3,3
462,462,3,3
462,463,3,3
462,464,3,3
462,465,3,3
462,466,3,3
462,467,3,3
462,468,3,3
462,469,3,3
462,470,3,3
462,471,3,3
462,472,3,3
462,473,3,3
462,474,3,3
462,475,3,3
462,476,3,3
462,477,3,3
462,478,3,3
462,479,3,3
462,480,3,3
462,481,3,2
462,482,3,2
462,483,3,2
462,484,3,2
462,485,3,2
462,486,3,2
462,487,3,2
462,488,3,2
462,489,3,2
462,490,3,2
462,491,3,2
462,492,3,2
462,493,3,2
462,494,3,2
462,495,3,2
462,496,3,2
462,497,3,2
462,498,3,2
462,499,3,2
462,500,3,2
462,501,3,2
462,502,3,2
462,503,3,2
462,504,3,2
462,505,3,2
462,506,3,2
462,507,3,2
462,508,3,2
462,509,3,2
462,510,3,2
462,511,3,2
462,512,3,2
462,513,3,2
462,514,3,2
462,515,3,2
462,516,3,2
462,517,3,2
462,518,3,2
462,519,3,2
462,520,3,2
462,521,3,2
462,522,3,2
462,523,3,2
462,524,3,2
462,525,3,2
462,526,3,2
462,527,3,2
462,528,3,2
462,529,3,2
462,530,3,2
462,531,3,2
462,532,3,2
462,533,3,2
462,534,3,2
462,535,3,2
462,536,3,2
462,537,3,2
462,538,3,2
462,539,3,2
462,540,3,2
462,541,3,2
462,542,3,2
462,543,3,2
462,544,3,2
462,545,3,2
462,546,3,2
462,547,3,2
462,548,3,2
462,549,3,2
462,550,3,2
462,551,3,2
462,552,3,2
462,553,3,2
462,554,3,2
462,555,3,2
462,556,3,2
462,557,3,2
462,558,3,2
462,559,3,2
462,560,3,2
462,561,3,2
462,562,3,2
462,563,3,2
462,564,3,2
462,565,3,2
462,566,3,2
462,567,3,2
462,568,3,2
462,569,3,2
462,570,3,2
462,571,3,2
462,572,3,2
462,573,3,2
462,574,3,2
462,575,3,2
462,576,3,2
462,577,3,2
462,578,3,2
462,579,3,2
462,580,3,2
462,581,3,2
462,582,3,2
462,583,3,2
462,584,3,2
462,585,3,2
462,586,3,2
462,587,3,2
462,588,3,2
462,589,3,2
462,590,3,2
462,591,3,2
462,592,3,2
462,593,3,2
462,594,3,2
462,595,3,2
462,596,3,2
462,597,3,2
462,598,3,2
462,599,3,2
462,600,3,2
462,601,3,2
462,602,3,2
462,603,3,2
462,604,3,2
462,605,3,2
462,606,3,2
462,607,3,2
462,608,3,2
462,609,3,2
462,610,3,2
462,611,3,2
462,612,3,2
462,613,3,2
462,614,3,2
462,615,3,2
462,616,3,2
462,617,3,2
462,618,3,2
462,619,3,2
462,620,3,2
462,621,3,2
462,622,3,2
462,623,3,2
462,624,3,2
462,625,3,2
462,626,3,2
462,627,3,2
462,628,3,2
462,629,3,2
462,630,3,2
462,631,3,2
462,632,3,2
462,633,3,2
462,634,3,2
462,635,3,2
462,636,3,2
462,637,3,2
462,638,3,2
462,639,3,2
462,640,3,2
462,641,3,2
462,642,3,2
462,643,3,2
462,644,3,2
462,645,3,2
462,646,3,2
462,647,3,2
462,648,3,2
462,649,3,2
462,650,3,2
462,651,3,2
462,652,3,2
462,653,3,2
462,654,3,2
462,655,3,2
462,656,3,2
462,657,3,2
462,658,3,2
462,659,3,2
462,660,3,2
462,661,3,2
462,662,3,2
462,663,3,2
462,664,3,2
462,665,3,2
462,666,3,2
462,667,3,2
462,668,3,2
462,669,3,2
462,670,3,2
463,70,3,2
463,71,3,2
463,72,3,2
463,73,3,2
463,74,3,2
463,75,3,2
463,76,3,2
463,77,3,2
463,78,3,2
463,79,3,2
463,80,3,2
463,81,3,2
463,82,3,2
463,83,3,2
463,84,3,2
463,85,3,2
463,86,3,2
463,87,3,2
463,88,3,2
463,89,3,2
463,90,3,2
463,91,3,2
463,92,3,2
463,93,3,2
463,94,3,2
463,95,3,2
463,96,3,2
463,97,3,2
463,98,3,2
463,99,3,2
463,100,3,2
463,101,3,2
463,102,3,2
463,103,3,2
463,104,3,2
463,105,3,2
463,106,3,2
463,107,3,2
463,108,3,2
463,109,3,2
463,110,3,2
463,111,3,2
463,112,3,2
463,113,3,2
463,114,3,2
463,115,3,2
463,116,3,2
463,117,3,2
463,118,3,2
463,119,3,2
463,120,3,2
463,121,3,2
463,122,3,2
463,123,3,2
463,124,3,2
463,125,3,2
463,126,3,2
463,127,3,2
463,128,3,2
463,129,3,2
463,130,3,2
463,131,3,2
463,132,3,2
463,133,3,2
463,134,3,2
463,135,3,2
463,136,3,2
463,137,3,2
463,138,3,2
463,139,3,2
463,140,3,2
463,141,3,2
463,142,3,2
463,143,3,2
463,144,3,2
463,145,3,2
463,146,3,2
463,147,3,2
463,148,3,2
463,149,3,2
463,150,3,2
463,151,3,2
463,152,3,2
463,153,3,2
463,154,3,2
463,155,3,2
463,156,3,2
463,157,3,2
463,158,3,2
463,159,3,2
463,160,3,2
463,161,3,2
463,162,3,2
463,163,3,2
463,164,3,2
463,165,3,2
463,166,3,2
463,167,3,2
463,168,3,2
463,169,3,2
463,170,3,2
463,171,3,2
463,172,3,2
463,173,3,2
463,174,3,2
463,175,3,2
463,176,3,2
463,177,3,2
463,178,3,2
463,179,3,2
463,180,3,2
463,181,3,2
463,182,3,2
463,183,3,2
463,184,3,2
463,185,3,2
463,186,3,2
463,187,3,2
463,188,3,2
463,189,3,2
463,190,3,2
463,191,3,2
463,192,3,2
463,193,3,2
463,194,3,2
463,195,3,2
463,196,3,2
463,197,3,2
463,198,3,2
463,199,3,2
463,200,3,2
463,201,3,2
463,202,3,2
463,203,3,2
463,204,3,2
463,205,3,2
463,206,3,2
463,207,3,2
463,208,3,2
463,209,3,2
463,210,3,2
463,211,3,2
463,212,3,2
463,213,3,2
463,214,3,2
463,215,3,2
463,216,3,2
463,217,3,2
463,218,3,2
463,219,3,2
463,220,3,2
463,221,3,2
463,222,3,2
463,223,3,2
463,224,3,2
463,225,3,2
463,226,3,2
463,227,3,2
463,228,3,2
463,229,3,2
463,230,3,2
463,231,3,2
463,232,3,2
463,233,3,2
463,234,3,2
463,235,3,2
463,236,3,2
463,237,3,2
463,238,3,2
463,239,3,2
463,240,3,2
463,241,3,2
463,242,3,2
463,243,3,2
463,244,3,2
463,245,3,2
463,246,3,2
463,247,3,2
463,248,3,2
463,249,3,2
463,250,3,2
463,251,3,2
463,252,3,2
463,253,3,2
463,254,3,2
463,255,3,2
463,256,3,2
463,257,3,2
463,258,3,2
463,259,3,2
463,260,3,2
463,261,3,2
463,262,3,2
463,263,3,2
463,264,3,2
463,265,3,2
463,266,3,2
463,267,3,2
463,268,3,2
463,269,3,2
463,270,3,2
463,271,3,2
463,272,3,2
463,273,3,2
463,274,3,2
463,275,3,2
463,276,3,2
463,277,3,2
463,278,3,2
463,279,3,2
463,280,3,2
463,281,3,2
463,282,3,2
463,283,3,2
463,284,3,2
463,285,3,2
463,286,3,2
463,287,3,2
463,288,3,2
463,289,3,2
463,290,3,2
463,291,3,2
463,292,3,2
463,293,3,2
463,294,3,2
463,295,3,2
463,296,3,2
463,297,3,2
463,298,3,2
463,299,3,2
463,300,3,2
463,301,3,2
463,302,3,2
463,303,3,2
463,304,3,2
463,305,3,2
463,306,3,2
463,307,3,2
463,308,3,2
463,309,3,2
463,310,3,2
463,311,3,2
463,312,3,2
463,313,3,2
463,314,3,2
463,315,3,2
463,316,3,2
463,317,3,2
463,318,3,2
463,319,3,2
463,320,3,2
463,321,3,2
463,322,3,2
463,323,3,2
463,324,3,2
463,325,3,2
463,326,3,2
463,327,3,2
463,328,3,2
463,329,3,2
463,330,3,2
463,331,3,2
463,332,3,2
463,333,3,2
463,334,3,2
463,335,3,2
463,336,3,2
463,337,3,2
463,338,3,2
463,339,3,2
463,340,3,2
463,341,3,2
463,342,3,2
463,343,3,2
463,344,3,2
463,345,3,2
463,346,3,2
463,347,3,2
463,348,3,2
463,349,3,2
463,350,3,2
463,351,3,2
463,352,3,2
463,353,3,2
463,354,3,2
463,355,3,2
463,356,3,2
463,357,3,2
463,358,3,2
463,359,3,2
463,360,3,2
463,361,3,2
463,362,3,2
463,363,3,2
463,364,3,2
463,365,3,2
463,366,3,2
463,367,3,2
463,368,3,2
463,369,3,2
463,370,3,2
463,371,3,2
463,372,3,2
463,373,3,2
463,374,3,2
463,375,3,2
463,376,3,2
463,377,3,2
463,378,3,2
463,379,3,2
463,380,3,2
463,381,3,2
463,382,3,2
463,383,3,2
463,384,3,2
463,385,3,2
463,386,3,2
463,387,3,2
463,388,3,2
463,389,3,2
463,390,3,2
463,391,3,2
463,392,3,2
463,393,3,2
463,394,3,2
463,395,3,2
463,396,3,2
463,397,3,2
463,398,3,2
463,399,3,2
463,400,3,2
463,401,3,2
463,402,3,2
463,403,3,2
463,404,3,2
463,405,3,2
463,406,3,2
463,407,3,2
463,408,3,2
463,409,3,2
463,410,3,2
463,411,3,2
463,412,3,2
463,413,3,2
463,414,3,2
463,415,3,2
463,416,3,2
463,417,3,2
463,418,3,2
463,419,3,2
463,420,3,2
463,421,3,2
463,422,3,2
463,423,3,2
463,424,3,2
463,425,3,2
463,426,3,2
463,427,3,2
463,428,3,2
463,429,3,2
463,430,3,2
463,431,3,2
463,432,3,2
463,433,3,2
463,434,3,2
463,435,3,2
463,436,3,2
463,437,3,2
463,438,3,2
463,439,3,2
463,440,3,2
463,441,3,2
463,442,3,2
463,443,3,2
463,444,3,2
463,445,3,2
463,446,3,2
463,447,3,2
463,448,3,2
463,449,3,2
463,450,3,3
463,451,3,3
463,452,3,3
463,453,3,3
463,454,3,3
463,455,3,3
463,456,3,3
463,457,3,3
463,458,3,3
463,459,3,3
463,460,3,3
463,461,3,3
463,462,3,3
463,463,3,3
463,464,3,3
463,465,3,3
463,466,3,3
463,467,3,3
463,468,3,3
463,469,3,3
463,470,3,3
463,471,3,3
463,472,3,3
463,473,3,3
463,474,3,3
463,475,3,3
463,476,3,3
463,477,3,3
463,478,3,3
463,479,3,3
463,480,3,3
463,481,3,2
463,482,3,2
463,483,3,2
463,484,3,2
463,485,3,2
463,486,3,2
463,487,3,2
463,488,3,2
463,489,3,2
463,490,3,2
463,491,3,2
463,492,3,2
463,493,3,2
463,494,3,2
463,495,3,2
463,496,3,2
463,497,3,2
463,498,3,2
463,499,3,2
463,500,3,2
463,501,3,2
463,502,3,2
463,503,3,2
463,504,3,2
463,505,3,2
463,506,3,2
463,507,3,2
463,508,3,2
463,509,3,2
463,510,3,2
463,511,3,2
463,512,3,2
463,513,3,2
463,514,3,2
463,515,3,2
463,516,3,2
463,517,3,2
463,518,3,2
463,519,3,2
463,520,3,2
463,521,3,2
463,522,3,2
463,523,3,2
463,524,3,2
463,525,3,2
463,526,3,2
463,527,3,2
463,528,3,2
463,529,3,2
463,530,3,2
463,531,3,2
463,532,3,2
463,533,3,2
463,534,3,2
463,535,3,2
463,536,3,2
463,537,3,2
463,538,3,2
463,539,3,2
463,540,3,2
463,541,3,2
463,542,3,2
463,543,3,2
463,544,3,2
463,545,3,2
463,546,3,2
463,547,3,2
463,548,3,2
463,549,3,2
463,550,3,2
463,551,3,2
463,552,3,2
463,553,3,2
463,554,3,2
463,555,3,2
463,556,3,2
463,557,3,2
463,558,3,2
463,559,3,2
463,560,3,2
463,561,3,2
463,562,3,2
463,563,3,2
463,564,3,2
463,565,3,2
463,566,3,2
463,567,3,2
463,568,3,2
463,569,3,2
463,570,3,2
463,571,3,2
463,572,3,2
463,573,3,2
463,574,3,2
463,575,3,2
463,576,3,2
463,577,3,2
463,578,3,2
463,579,3,2
463,580,3,2
463,581,3,2
463,582,3,2
463,583,3,2
463,584,3,2
463,585,3,2
463,586,3,2
463,587,3,2
463,588,3,2
463,589,3,2
463,590,3,2
463,591,3,2
463,592,3,2
463,593,3,2
463,594,3,2
463,595,3,2
463,596,3,2
463,597,3,2
463,598,3,2
463,599,3,2
463,600,3,2
463,601,3,2
463,602,3,2
463,603,3,2
463,604,3,2
463,605,3,2
463,606,3,2
463,607,3,2
463,608,3,2
463,609,3,2
463,610,3,2
463,611,3,2
463,612,3,2
463,613,3,2
463,614,3,2
463,615,3,2
463,616,3,2
463,617,3,2
463,618,3,2
463,619,3,2
463,620,3,2
463,621,3,2
463,622,3,2
463,623,3,2
463,624,3,2
463,625,3,2
463,626,3,2
463,627,3,2
463,628,3,2
463,629,3,2
463,630,3,2
463,631,3,2
463,632,3,2
463,633,3,2
463,634,3,2
463,635,3,2
463,636,3,2
463,637,3,2
463,638,3,2
463,639,3,2
463,640,3,2
463,641,3,2
463,642,3,2
463,643,3,2
463,644,3,2
463,645,3,2
463,646,3,2
463,647,3,2
463,648,3,2
463,649,3,2
463,650,3,2
463,651,3,2
463,652,3,2
463,653,3,2
463,654,3,2
463,655,3,2
463,656,3,2
463,657,3,2
463,658,3,2
463,659,3,2
463,660,3,2
463,661,3,2
463,662,3,2
463,663,3,2
463,664,3,2
463,665,3,2
463,666,3,2
463,667,3,2
463,668,3,2
463,669,3,2
463,670,3,2
464,70,3,2
464,71,3,2
464,72,3,2
464,73,3,2
464,74,3,2
464,75,3,2
464,76,3,2
464,77,3,2
464,78,3,2
464,79,3,2
464,80,3,2
464,81,3,2
464,82,3,2
464,83,3,2
464,84,3,2
464,85,3,2
464,86,3,2
464,87,3,2
464,88,3,2
464,89,3,2
464,90,3,2
464,91,3,2
464,92,3,2
464,93,3,2
464,94,3,2
464,95,3,2
464,96,3,2
464,97,3,2
464,98,3,2
464,99,3,2
464,100,3,2
464,101,3,2
464,102,3,2
464,103,3,2
464,104,3,2
464,105,3,2
464,106,3,2
464,107,3,2
464,108,3,2
464,109,3,2
464,110,3,2
464,111,3,2
464,112,3,2
464,113,3,2
464,114,3,2
464,115,3,2
464,116,3,2
464,117,3,2
464,118,3,2
464,119,3,2
464,120,3,2
464,121,3,2
464,122,3,2
464,123,3,2
464,124,3,2
464,125,3,2
464,126,3,2
464,127,3,2
464,128,3,2
464,129,3,2
464,130,3,2
464,131,3,2
464,132,3,2
464,133,3,2
464,134,3,2
464,135,3,2
464,136,3,2
464,137,3,2
464,138,3,2
464,139,3,2
464,140,3,2
464,141,3,2
464,142,3,2
464,143,3,2
464,144,3,2
464,145,3,2
464,146,3,2
464,147,3,2
464,148,3,2
464,149,3,2
464,150,3,2
464,151,3,2
464,152,3,2
464,153,3,2
464,154,3,2
464,155,3,2
464,156,3,2
464,157,3,2
464,158,3,2
464,159,3,2
464,160,3,2
464,161,3,2
464,162,3,2
464,163,3,2
464,164,3,2
464,165,3,2
464,166,3,2
464,167,3,2
464,168,3,2
464,169,3,2
464,170,3,2
464,171,3,2
464,172,3,2
464,173,3,2
464,174,3,2
464,175,3,2
464,176,3,2
464,177,3,2
464,178,3,2
464,179,3,2
464,180,3,2
464,181,3,2
464,182,3,2
464,183,3,2
464,184,3,2
464,185,3,2
464,186,3,2
464,187,3,2
464,188,3,2
464,189,3,2
464,190,3,2
464,191,3,2
464,192,3,2
464,193,3,2
464,194,3,2
464,195,3,2
464,196,3,2
464,197,3,2
464,198,3,2
464,199,3,2
464,200,3,2
464,201,3,2
464,202,3,2
464,203,3,2
464,204,3,2
464,205,3,2
464,206,3,2
464,207,3,2
464,208,3,2
464,209,3,2
464,210,3,2
464,211,3,2
464,212,3,2
464,213,3,2
464,214,3,2
464,215,3,2
464,216,3,2
464,217,3,2
464,218,3,2
464,219,3,2
464,220,3,2
464,221,3,2
464,222,3,2
464,223,3,2
464,224,3,2
464,225,3,2
464,226,3,2
464,227,3,2
464,228,3,2
464,229,3,2
464,230,3,2
464,231,3,2
464,232,3,2
464,233,3,2
464,234,3,2
464,235,3,2
464,236,3,2
464,237,3,2
464,238,3,2
464,239,3,2
464,240,3,2
464,241,3,2
464,242,3,2
464,243,3,2
464,244,3,2
464,245,3,2
464,246,3,2
464,247,3,2
464,248,3,2
464,249,3,2
464,250,3,2
464,251,3,2
464,252,3,2
464,253,3,2
464,254,3,2
464,255,3,2
464,256,3,2
464,257,3,2
464,258,3,2
464,259,3,2
464,260,3,2
464,261,3,2
464,262,3,2
464,263,3,2
464,264,3,2
464,265,3,2
464,266,3,2
464,267,3,2
464,268,3,2
464,269,3,2
464,270,3,2
464,271,3,2
464,272,3,2
464,273,3,2
464,274,3,2
464,275,3,2
464,276,3,2
464,277,3,2
464,278,3,2
464,279,3,2
464,280,3,2
464,281,3,2
464,282,3,2
464,283,3,2
464,284,3,2
464,285,3,2
464,286,3,2
464,287,3,2
464,288,3,2
464,289,3,2
464,290,3,2
464,291,3,2
464,292,3,2
464,293,3,2
464,294,3,2
464,295,3,2
464,296,3,2
464,297,3,2
464,298,3,2
464,299,3,2
464,300,3,2
464,301,3,2
464,302,3,2
464,303,3,2
464,304,3,2
464,305,3,2
464,306,3,2
464,307,3,2
464,308,3,2
464,309,3,2
464,310,3,2
464,311,3,2
464,312,3,2
464,313,3,2
464,314,3,2
464,315,3,2
464,316,3,2
464,317,3,2
464,318,3,2
464,319,3,2
464,320,3,2
464,321,3,2
464,322,3,2
464,323,3,2
464,324,3,2
464,325,3,2
464,326,3,2
464,327,3,2
464,328,3,2
464,329,3,2
464,330,3,2
464,331,3,2
464,332,3,2
464,333,3,2
464,334,3,2
464,335,3,2
464,336,3,2
464,337,3,2
464,338,3,2
464,339,3,2
464,340,3,2
464,341,3,2
464,342,3,2
464,343,3,2
464,344,3,2
464,345,3,2
464,346,3,2
464,347,3,2
464,348,3,2
464,349,3,2
464,350,3,2
464,351,3,2
464,352,3,2
464,353,3,2
464,354,3,2
464,355,3,2
464,356,3,2
464,357,3,2
464,358,3,2
464,359,3,2
464,360,3,2
464,361,3,2
464,362,3,2
464,363,3,2
464,364,3,2
464,365,3,2
464,366,3,2
464,367,3,2
464,368,3,2
464,369,3,2
464,370,3,2
464,371,3,2
464,372,3,2
464,373,3,2
464,374,3,2
464,375,3,2
464,376,3,2
464,377,3,2
464,378,3,2
464,379,3,2
464,380,3,2
464,381,3,2
464,382,3,2
464,383,3,2
464,384,3,2
464,385,3,2
464,386,3,2
464,387,3,2
464,388,3,2
464,389,3,2
464,390,3,2
464,391,3,2
464,392,3,2
464,393,3,2
464,394,3,2
464,395,3,2
464,396,3,2
464,397,3,2
464,398,3,2
464,399,3,2
464,400,3,2
464,401,3,2
464,402,3,2
464,403,3,2
464,404,3,2
464,405,3,2
464,406,3,2
464,407,3,2
464,408,3,2
464,409,3,2
464,410,3,2
464,411,3,2
464,412,3,2
464,413,3,2
464,414,3,2
464,415,3,2
464,416,3,2
464,417,3,2
464,418,3,2
464,419,3,2
464,420,3,2
464,421,3,2
464,422,3,2
464,423,3,2
464,424,3,2
464,425,3,2
464,426,3,2
464,427,3,2
464,428,3,2
464,429,3,2
464,430,3,2
464,431,3,2
464,432,3,2
464,433,3,2
464,434,3,2
464,435,3,2
464,436,3,2
464,437,3,2
464,438,3,2
464,439,3,2
464,440,3,2
464,441,3,2
464,442,3,2
464,443,3,2
464,444,3,2
464,445,3,2
464,446,3,2
464,447,3,2
464,448,3,2
464,449,3,2
464,450,3,3
464,451,3,3
464,452,3,3
464,453,3,3
464,454,3,3
464,455,3,3
464,456,3,3
464,457,3,3
464,458,3,3
464,459,3,3
464,460,3,3
464,461,3,3
464,462,3,3
464,463,3,3
464,464,3,3
464,465,3,3
464,466,3,3
464,467,3,3
464,468,3,3
464,469,3,3
464,470,3,3
464,471,3,3
464,472,3,3
464,473,3,3
464,474,3,3
464,475,3,3
464,476,3,3
464,477,3,3
464,478,3,3
464,479,3,3
464,480,3,3
464,481,3,2
464,482,3,2
464,483,3,2
464,484,3,2
464,485,3,2
464,486,3,2
464,487,3,2
464,488,3,2
464,489,3,2
464,490,3,2
464,491,3,2
464,492,3,2
464,493,3,2
464,494,3,2
464,495,3,2
464,496,3,2
464,497,3,2
464,498,3,2
464,499,3,2
464,500,3,2
464,501,3,2
464,502,3,2
464,503,3,2
464,504,3,2
464,505,3,2
464,506,3,2
464,507,3,2
464,508,3,2
464,509,3,2
464,510,3,2
464,511,3,2
464,512,3,2
464,513,3,2
464,514,3,2
464,515,3,2
464,516,3,2
464,517,3,2
464,518,3,2
464,519,3,2
464,520,3,2
464,521,3,2
464,522,3,2
464,523,3,2
464,524,3,2
464,525,3,2
464,526,3,2
464,527,3,2
464,528,3,2
464,529,3,2
464,530,3,2
464,531,3,2
464,532,3,2
464,533,3,2
464,534,3,2
464,535,3,2
464,536,3,2
464,537,3,2
464,538,3,2
464,539,3,2
464,540,3,2
464,541,3,2
464,542,3,2
464,543,3,2
464,544,3,2
464,545,3,2
464,546,3,2
464,547,3,2
464,548,3,2
464,549,3,2
464,550,3,2
464,551,3,2
464,552,3,2
464,553,3,2
464,554,3,2
464,555,3,2
464,556,3,2
464,557,3,2
464,558,3,2
464,559,3,2
464,560,3,2
464,561,3,2
464,562,3,2
464,563,3,2
464,564,3,2
464,565,3,2
464,566,3,2
464,567,3,2
464,568,3,2
464,569,3,2
464,570,3,2
464,571,3,2
464,572,3,2
464,573,3,2
464,574,3,2
464,575,3,2
464,576,3,2
464,577,3,2
464,578,3,2
464,579,3,2
464,580,3,2
464,581,3,2
464,582,3,2
464,583,3,2
464,584,3,2
464,585,3,2
464,586,3,2
464,587,3,2
464,588,3,2
464,589,3,2
464,590,3,2
464,591,3,2
464,592,3,2
464,593,3,2
464,594,3,2
464,595,3,2
464,596,3,2
464,597,3,2
464,598,3,2
464,599,3,2
464,600,3,2
464,601,3,2
464,602,3,2
464,603,3,2
464,604,3,2
464,605,3,2
464,606,3,2
464,607,3,2
464,608,3,2
464,609,3,2
464,610,3,2
464,611,3,2
464,612,3,2
464,613,3,2
464,614,3,2
464,615,3,2
464,616,3,2
464,617,3,2
464,618,3,2
464,619,3,2
464,620,3,2
464,621,3,2
464,622,3,2
464,623,3,2
464,624,3,2
464,625,3,2
464,626,3,2
464,627,3,2
464,628,3,2
464,629,3,2
464,630,3,2
464,631,3,2
464,632,3,2
464,633,3,2
464,634,3,2
464,635,3,2
464,636,3,2
464,637,3,2
464,638,3,2
464,639,3,2
464,640,3,2
464,641,3,2
464,642,3,2
464,643,3,2
464,644,3,2
464,645,3,2
464,646,3,2
464,647,3,2
464,648,3,2
464,649,3,2
464,650,3,2
464,651,3,2
464,652,3,2
464,653,3,2
464,654,3,2
464,655,3,2
464,656,3,2
464,657,3,2
464,658,3,2
464,659,3,2
464,660,3,2
464,661,3,2
464,662,3,2
464,663,3,2
464,664,3,2
464,665,3,2
464,666,3,2
464,667,3,2
464,668,3,2
464,669,3,2
464,670,3,2
465,71,3,2
465,72,3,2
465,73,3,2
465,74,3,2
465,75,3,2
465,76,3,2
465,77,3,2
465,78,3,2
465,79,3,2
465,80,3,2
465,81,3,2
465,82,3,2
465,83,3,2
465,84,3,2
465,85,3,2
465,86,3,2
465,87,3,2
465,88,3,2
465,89,3,2
465,90,3,2
465,91,3,2
465,92,3,2
465,93,3,2
465,94,3,2
465,95,3,2
465,96,3,2
465,97,3,2
465,98,3,2
465,99,3,2
465,100,3,2
465,101,3,2
465,102,3,2
465,103,3,2
465,104,3,2
465,105,3,2
465,106,3,2
465,107,3,2
465,108,3,2
465,109,3,2
465,110,3,2
465,111,3,2
465,112,3,2
465,113,3,2
465,114,3,2
465,115,3,2
465,116,3,2
465,117,3,2
465,118,3,2
465,119,3,2
465,120,3,2
465,121,3,2
465,122,3,2
465,123,3,2
465,124,3,2
465,125,3,2
465,126,3,2
465,127,3,2
465,128,3,2
465,129,3,2
465,130,3,2
465,131,3,2
465,132,3,2
465,133,3,2
465,134,3,2
465,135,3,2
465,136,3,2
465,137,3,2
465,138,3,2
465,139,3,2
465,140,3,2
465,141,3,2
465,142,3,2
465,143,3,2
465,144,3,2
465,145,3,2
465,146,3,2
465,147,3,2
465,148,3,2
465,149,3,2
465,150,3,2
465,151,3,2
465,152,3,2
465,153,3,2
465,154,3,2
465,155,3,2
465,156,3,2
465,157,3,2
465,158,3,2
465,159,3,2
465,160,3,2
465,161,3,2
465,162,3,2
465,163,3,2
465,164,3,2
465,165,3,2
465,166,3,2
465,167,3,2
465,168,3,2
465,169,3,2
465,170,3,2
465,171,3,2
465,172,3,2
465,173,3,2
465,174,3,2
465,175,3,2
465,176,3,2
465,177,3,2
465,178,3,2
465,179,3,2
465,180,3,2
465,181,3,2
465,182,3,2
465,183,3,2
465,184,3,2
465,185,3,2
465,186,3,2
465,187,3,2
465,188,3,2
465,189,3,2
465,190,3,2
465,191,3,2
465,192,3,2
465,193,3,2
465,194,3,2
465,195,3,2
465,196,3,2
465,197,3,2
465,198,3,2
465,199,3,2
465,200,3,2
465,201,3,2
465,202,3,2
465,203,3,2
465,204,3,2
465,205,3,2
465,206,3,2
465,207,3,2
465,208,3,2
465,209,3,2
465,210,3,2
465,211,3,2
465,212,3,2
465,213,3,2
465,214,3,2
465,215,3,2
465,216,3,2
465,217,3,2
465,218,3,2
465,219,3,2
465,220,3,2
465,221,3,2
465,222,3,2
465,223,3,2
465,224,3,2
465,225,3,2
465,226,3,2
465,227,3,2
465,228,3,2
465,229,3,2
465,230,3,2
465,231,3,2
465,232,3,2
465,233,3,2
465,234,3,2
465,235,3,2
465,236,3,2
465,237,3,2
465,238,3,2
465,239,3,2
465,240,3,2
465,241,3,2
465,242,3,2
465,243,3,2
465,244,3,2
465,245,3,2
465,246,3,2
465,247,3,2
465,248,3,2
465,249,3,2
465,250,3,2
465,251,3,2
465,252,3,2
465,253,3,2
465,254,3,2
465,255,3,2
465,256,3,2
465,257,3,2
465,258,3,2
465,259,3,2
465,260,3,2
465,261,3,2
465,262,3,2
465,263,3,2
465,264,3,2
465,265,3,2
465,266,3,2
465,267,3,2
465,268,3,2
465,269,3,2
465,270,3,2
465,271,3,2
465,272,3,2
465,273,3,2
465,274,3,2
465,275,3,2
465,276,3,2
465,277,3,2
465,278,3,2
465,279,3,2
465,280,3,2
465,281,3,2
465,282,3,2
465,283,3,2
465,284,3,2
465,285,3,2
465,286,3,2
465,287,3,2
465,288,3,2
465,289,3,2
465,290,3,2
465,291,3,2
465,292,3,2
465,293,3,2
465,294,3,2
465,295,3,2
465,296,3,2
465,297,3,2
465,298,3,2
465,299,3,2
465,300,3,2
465,301,3,2
465,302,3,2
465,303,3,2
465,304,3,2
465,305,3,2
465,306,3,2
465,307,3,2
465,308,3,2
465,309,3,2
465,310,3,2
465,311,3,2
465,312,3,2
465,313,3,2
465,314,3,2
465,315,3,2
465,316,3,2
465,317,3,2
465,318,3,2
465,319,3,2
465,320,3,2
465,321,3,2
465,322,3,2
465,323,3,2
465,324,3,2
465,325,3,2
465,326,3,2
465,327,3,2
465,328,3,2
465,329,3,2
465,330,3,2
465,331,3,2
465,332,3,2
465,333,3,2
465,334,3,2
465,335,3,2
465,336,3,2
465,337,3,2
465,338,3,2
465,339,3,2
465,340,3,2
465,341,3,2
465,342,3,2
465,343,3,2
465,344,3,2
465,345,3,2
465,346,3,2
465,347,3,2
465,348,3,2
465,349,3,2
465,350,3,2
465,351,3,2
465,352,3,2
465,353,3,2
465,354,3,2
465,355,3,2
465,356,3,2
465,357,3,2
465,358,3,2
465,359,3,2
465,360,3,2
465,361,3,2
465,362,3,2
465,363,3,2
465,364,3,2
465,365,3,2
465,366,3,2
465,367,3,2
465,368,3,2
465,369,3,2
465,370,3,2
465,371,3,2
465,372,3,2
465,373,3,2
465,374,3,2
465,375,3,2
465,376,3,2
465,377,3,2
465,378,3,2
465,379,3,2
465,380,3,2
465,381,3,2
465,382,3,2
465,383,3,2
465,384,3,2
465,385,3,2
465,386,3,2
465,387,3,2
465,388,3,2
465,389,3,2
465,390,3,2
465,391,3,2
465,392,3,2
465,393,3,2
465,394,3,2
465,395,3,2
465,396,3,2
465,397,3,2
465,398,3,2
465,399,3,2
465,400,3,2
465,401,3,2
465,402,3,2
465,403,3,2
465,404,3,2
465,405,3,2
465,406,3,2
465,407,3,2
465,408,3,2
465,409,3,2
465,410,3,2
465,411,3,2
465,412,3,2
465,413,3,2
465,414,3,2
465,415,3,2
465,416,3,2
465,417,3,2
465,418,3,2
465,419,3,2
465,420,3,2
465,421,3,2
465,422,3,2
465,423,3,2
465,424,3,2
465,425,3,2
465,426,3,2
465,427,3,2
465,428,3,2
465,429,3,2
465,430,3,2
465,431,3,2
465,432,3,2
465,433,3,2
465,434,3,2
465,435,3,2
465,436,3,2
465,437,3,2
465,438,3,2
465,439,3,2
465,440,3,2
465,441,3,2
465,442,3,2
465,443,3,2
465,444,3,2
465,445,3,2
465,446,3,2
465,447,3,2
465,448,3,2
465,449,3,2
465,450,3,3
465,451,3,3
465,452,3,3
465,453,3,3
465,454,3,3
465,455,3,3
465,456,3,3
465,457,3,3
465,458,3,3
465,459,3,3
465,460,3,3
465,461,3,3
465,462,3,3
465,463,3,3
465,464,3,3
465,465,3,3
465,466,3,3
465,467,3,3
465,468,3,3
465,469,3,3
465,470,3,3
465,471,3,3
465,472,3,3
465,473,3,3
465,474,3,3
465,475,3,3
465,476,3,3
465,477,3,3
465,478,3,3
465,479,3,3
465,480,3,3
465,481,3,2
465,482,3,2
465,483,3,2
465,484,3,2
465,485,3,2
465,486,3,2
465,487,3,2
465,488,3,2
465,489,3,2
465,490,3,2
465,491,3,2
465,492,3,2
465,493,3,2
465,494,3,2
465,495,3,2
465,496,3,2
465,497,3,2
465,498,3,2
465,499,3,2
465,500,3,2
465,501,3,2
465,502,3,2
465,503,3,2
465,504,3,2
465,505,3,2
465,506,3,2
465,507,3,2
465,508,3,2
465,509,3,2
465,510,3,2
465,511,3,2
465,512,3,2
465,513,3,2
465,514,3,2
465,515,3,2
465,516,3,2
465,517,3,2
465,518,3,2
465,519,3,2
465,520,3,2
465,521,3,2
465,522,3,2
465,523,3,2
465,524,3,2
465,525,3,2
465,526,3,2
465,527,3,2
465,528,3,2
465,529,3,2
465,530,3,2
465,531,3,2
465,532,3,2
465,533,3,2
465,534,3,2
465,535,3,2
465,536,3,2
465,537,3,2
465,538,3,2
465,539,3,2
465,540,3,2
465,541,3,2
465,542,3,2
465,543,3,2
465,544,3,2
465,545,3,2
465,546,3,2
465,547,3,2
465,548,3,2
465,549,3,2
465,550,3,2
465,551,3,2
465,552,3,2
465,553,3,2
465,554,3,2
465,555,3,2
465,556,3,2
465,557,3,2
465,558,3,2
465,559,3,2
465,560,3,2
465,561,3,2
465,562,3,2
465,563,3,2
465,564,3,2
465,565,3,2
465,566,3,2
465,567,3,2
465,568,3,2
465,569,3,2
465,570,3,2
465,571,3,2
465,572,3,2
465,573,3,2
465,574,3,2
465,575,3,2
465,576,3,2
465,577,3,2
465,578,3,2
465,579,3,2
465,580,3,2
465,581,3,2
465,582,3,2
465,583,3,2
465,584,3,2
465,585,3,2
465,586,3,2
465,587,3,2
465,588,3,2
465,589,3,2
465,590,3,2
465,591,3,2
465,592,3,2
465,593,3,2
465,594,3,2
465,595,3,2
465,596,3,2
465,597,3,2
465,598,3,2
465,599,3,2
465,600,3,2
465,601,3,2
465,602,3,2
465,603,3,2
465,604,3,2
465,605,3,2
465,606,3,2
465,607,3,2
465,608,3,2
465,609,3,2
465,610,3,2
465,611,3,2
465,612,3,2
465,613,3,2
465,614,3,2
465,615,3,2
465,616,3,2
465,617,3,2
465,618,3,2
465,619,3,2
465,620,3,2
465,621,3,2
465,622,3,2
465,623,3,2
465,624,3,2
465,625,3,2
465,626,3,2
465,627,3,2
465,628,3,2
465,629,3,2
465,630,3,2
465,631,3,2
465,632,3,2
465,633,3,2
465,634,3,2
465,635,3,2
465,636,3,2
465,637,3,2
465,638,3,2
465,639,3,2
465,640,3,2
465,641,3,2
465,642,3,2
465,643,3,2
465,644,3,2
465,645,3,2
465,646,3,2
465,647,3,2
465,648,3,2
465,649,3,2
465,650,3,2
465,651,3,2
465,652,3,2
465,653,3,2
465,654,3,2
465,655,3,2
465,656,3,2
465,657,3,2
465,658,3,2
465,659,3,2
465,660,3,2
465,661,3,2
465,662,3,2
465,663,3,2
465,664,3,2
465,665,3,2
465,666,3,2
465,667,3,2
465,668,3,2
465,669,3,2
466,71,3,2
466,72,3,2
466,73,3,2
466,74,3,2
466,75,3,2
466,76,3,2
466,77,3,2
466,78,3,2
466,79,3,2
466,80,3,2
466,81,3,2
466,82,3,2
466,83,3,2
466,84,3,2
466,85,3,2
466,86,3,2
466,87,3,2
466,88,3,2
466,89,3,2
466,90,3,2
466,91,3,2
466,92,3,2
466,93,3,2
466,94,3,2
466,95,3,2
466,96,3,2
466,97,3,2
466,98,3,2
466,99,3,2
466,100,3,2
466,101,3,2
466,102,3,2
466,103,3,2
466,104,3,2
466,105,3,2
466,106,3,2
466,107,3,2
466,108,3,2
466,109,3,2
466,110,3,2
466,111,3,2
466,112,3,2
466,113,3,2
466,114,3,2
466,115,3,2
466,116,3,2
466,117,3,2
466,118,3,2
466,119,3,2
466,120,3,2
466,121,3,2
466,122,3,2
466,123,3,2
466,124,3,2
466,125,3,2
466,126,3,2
466,127,3,2
466,128,3,2
466,129,3,2
466,130,3,2
466,131,3,2
466,132,3,2
466,133,3,2
466,134,3,2
466,135,3,2
466,136,3,2
466,137,3,2
466,138,3,2
466,139,3,2
466,140,3,2
466,141,3,2
466,142,3,2
466,143,3,2
466,144,3,2
466,145,3,2
466,146,3,2
466,147,3,2
466,148,3,2
466,149,3,2
466,150,3,2
466,151,3,2
466,152,3,2
466,153,3,2
466,154,3,2
466,155,3,2
466,156,3,2
466,157,3,2
466,158,3,2
466,159,3,2
466,160,3,2
466,161,3,2
466,162,3,2
466,163,3,2
466,164,3,2
466,165,3,2
466,166,3,2
466,167,3,2
466,168,3,2
466,169,3,2
466,170,3,2
466,171,3,2
466,172,3,2
466,173,3,2
466,174,3,2
466,175,3,2
466,176,3,2
466,177,3,2
466,178,3,2
466,179,3,2
466,180,3,2
466,181,3,2
466,182,3,2
466,183,3,2
466,184,3,2
466,185,3,2
466,186,3,2
466,187,3,2
466,188,3,2
466,189,3,2
466,190,3,2
466,191,3,2
466,192,3,2
466,193,3,2
466,194,3,2
466,195,3,2
466,196,3,2
466,197,3,2
466,198,3,2
466,199,3,2
466,200,3,2
466,201,3,2
466,202,3,2
466,203,3,2
466,204,3,2
466,205,3,2
466,206,3,2
466,207,3,2
466,208,3,2
466,209,3,2
466,210,3,2
466,211,3,2
466,212,3,2
466,213,3,2
466,214,3,2
466,215,3,2
466,216,3,2
466,217,3,2
466,218,3,2
466,219,3,2
466,220,3,2
466,221,3,2
466,222,3,2
466,223,3,2
466,224,3,2
466,225,3,2
466,226,3,2
466,227,3,2
466,228,3,2
466,229,3,2
466,230,3,2
466,231,3,2
466,232,3,2
466,233,3,2
466,234,3,2
466,235,3,2
466,236,3,2
466,237,3,2
466,238,3,2
466,239,3,2
466,240,3,2
466,241,3,2
466,242,3,2
466,243,3,2
466,244,3,2
466,245,3,2
466,246,3,2
466,247,3,2
466,248,3,2
466,249,3,2
466,250,3,2
466,251,3,2
466,252,3,2
466,253,3,2
466,254,3,2
466,255,3,2
466,256,3,2
466,257,3,2
466,258,3,2
466,259,3,2
466,260,3,2
466,261,3,2
466,262,3,2
466,263,3,2
466,264,3,2
466,265,3,2
466,266,3,2
466,267,3,2
466,268,3,2
466,269,3,2
466,270,3,2
466,271,3,2
466,272,3,2
466,273,3,2
466,274,3,2
466,275,3,2
466,276,3,2
466,277,3,2
466,278,3,2
466,279,3,2
466,280,3,2
466,281,3,2
466,282,3,2
466,283,3,2
466,284,3,2
466,285,3,2
466,286,3,2
466,287,3,2
466,288,3,2
466,289,3,2
466,290,3,2
466,291,3,2
466,292,3,2
466,293,3,2
466,294,3,2
466,295,3,2
466,296,3,2
466,297,3,2
466,298,3,2
466,299,3,2
466,300,3,2
466,301,3,2
466,302,3,2
466,303,3,2
466,304,3,2
466,305,3,2
466,306,3,2
466,307,3,2
466,308,3,2
466,309,3,2
466,310,3,2
466,311,3,2
466,312,3,2
466,313,3,2
466,314,3,2
466,315,3,2
466,316,3,2
466,317,3,2
466,318,3,2
466,319,3,2
466,320,3,2
466,321,3,2
466,322,3,2
466,323,3,2
466,324,3,2
466,325,3,2
466,326,3,2
466,327,3,2
466,328,3,2
466,329,3,2
466,330,3,2
466,331,3,2
466,332,3,2
466,333,3,2
466,334,3,2
466,335,3,2
466,336,3,2
466,337,3,2
466,338,3,2
466,339,3,2
466,340,3,2
466,341,3,2
466,342,3,2
466,343,3,2
466,344,3,2
466,345,3,2
466,346,3,2
466,347,3,2
466,348,3,2
466,349,3,2
466,350,3,2
466,351,3,2
466,352,3,2
466,353,3,2
466,354,3,2
466,355,3,2
466,356,3,2
466,357,3,2
466,358,3,2
466,359,3,2
466,360,3,2
466,361,3,2
466,362,3,2
466,363,3,2
466,364,3,2
466,365,3,2
466,366,3,2
466,367,3,2
466,368,3,2
466,369,3,2
466,370,3,2
466,371,3,2
466,372,3,2
466,373,3,2
466,374,3,2
466,375,3,2
466,376,3,2
466,377,3,2
466,378,3,2
466,379,3,2
466,380,3,2
466,381,3,2
466,382,3,2
466,383,3,2
466,384,3,2
466,385,3,2
466,386,3,2
466,387,3,2
466,388,3,2
466,389,3,2
466,390,3,2
466,391,3,2
466,392,3,3
466,393,3,3
466,394,3,3
466,395,3,3
466,396,3,3
466,397,3,2
466,398,3,2
466,399,3,2
466,400,3,2
466,401,3,2
466,402,3,2
466,403,3,2
466,404,3,2
466,405,3,2
466,406,3,2
466,407,3,2
466,408,3,2
466,409,3,2
466,410,3,2
466,411,3,2
466,412,3,2
466,413,3,2
466,414,3,2
466,415,3,2
466,416,3,2
466,417,3,2
466,418,3,2
466,419,3,2
466,420,3,2
466,421,3,2
466,422,3,2
466,423,3,2
466,424,3,2
466,425,3,2
466,426,3,2
466,427,3,2
466,428,3,2
466,429,3,2
466,430,3,2
466,431,3,2
466,432,3,2
466,433,3,2
466,434,3,2
466,435,3,2
466,436,3,2
466,437,3,2
466,438,3,2
466,439,3,2
466,440,3,2
466,441,3,2
466,442,3,2
466,443,3,2
466,444,3,2
466,445,3,2
466,446,3,2
466,447,3,2
466,448,3,2
466,449,3,2
466,450,3,2
466,451,3,3
466,452,3,3
466,453,3,3
466,454,3,3
466,455,3,3
466,456,3,3
466,457,3,3
466,458,3,3
466,459,3,3
466,460,3,3
466,461,3,3
466,462,3,3
466,463,3,3
466,464,3,3
466,465,3,3
466,466,3,3
466,467,3,3
466,468,3,3
466,469,3,3
466,470,3,3
466,471,3,3
466,472,3,3
466,473,3,3
466,474,3,3
466,475,3,3
466,476,3,3
466,477,3,3
466,478,3,3
466,479,3,3
466,480,3,3
466,481,3,2
466,482,3,2
466,483,3,2
466,484,3,2
466,485,3,2
466,486,3,2
466,487,3,2
466,488,3,2
466,489,3,2
466,490,3,2
466,491,3,2
466,492,3,2
466,493,3,2
466,494,3,2
466,495,3,2
466,496,3,2
466,497,3,2
466,498,3,2
466,499,3,2
466,500,3,2
466,501,3,2
466,502,3,2
466,503,3,2
466,504,3,2
466,505,3,2
466,506,3,2
466,507,3,2
466,508,3,2
466,509,3,2
466,510,3,2
466,511,3,2
466,512,3,2
466,513,3,2
466,514,3,2
466,515,3,2
466,516,3,2
466,517,3,2
466,518,3,2
466,519,3,2
466,520,3,2
466,521,3,2
466,522,3,2
466,523,3,2
466,524,3,2
466,525,3,2
466,526,3,2
466,527,3,2
466,528,3,2
466,529,3,2
466,530,3,2
466,531,3,2
466,532,3,2
466,533,3,2
466,534,3,2
466,535,3,2
466,536,3,2
466,537,3,2
466,538,3,2
466,539,3,2
466,540,3,2
466,541,3,2
466,542,3,2
466,543,3,2
466,544,3,2
466,545,3,2
466,546,3,2
466,547,3,2
466,548,3,2
466,549,3,2
466,550,3,2
466,551,3,2
466,552,3,2
466,553,3,2
466,554,3,2
466,555,3,2
466,556,3,2
466,557,3,2
466,558,3,2
466,559,3,2
466,560,3,2
466,561,3,2
466,562,3,2
466,563,3,2
466,564,3,2
466,565,3,2
466,566,3,2
466,567,3,2
466,568,3,2
466,569,3,2
466,570,3,2
466,571,3,2
466,572,3,2
466,573,3,2
466,574,3,2
466,575,3,2
466,576,3,2
466,577,3,2
466,578,3,2
466,579,3,2
466,580,3,2
466,581,3,2
466,582,3,2
466,583,3,2
466,584,3,2
466,585,3,2
466,586,3,2
466,587,3,2
466,588,3,2
466,589,3,2
466,590,3,2
466,591,3,2
466,592,3,2
466,593,3,2
466,594,3,2
466,595,3,2
466,596,3,2
466,597,3,2
466,598,3,2
466,599,3,2
466,600,3,2
466,601,3,2
466,602,3,2
466,603,3,2
466,604,3,2
466,605,3,2
466,606,3,2
466,607,3,2
466,608,3,2
466,609,3,2
466,610,3,2
466,611,3,2
466,612,3,2
466,613,3,2
466,614,3,2
466,615,3,2
466,616,3,2
466,617,3,2
466,618,3,2
466,619,3,2
466,620,3,2
466,621,3,2
466,622,3,2
466,623,3,2
466,624,3,2
466,625,3,2
466,626,3,2
466,627,3,2
466,628,3,2
466,629,3,2
466,630,3,2
466,631,3,2
466,632,3,2
466,633,3,2
466,634,3,2
466,635,3,2
466,636,3,2
466,637,3,2
466,638,3,2
466,639,3,2
466,640,3,2
466,641,3,2
466,642,3,2
466,643,3,2
466,644,3,2
466,645,3,2
466,646,3,2
466,647,3,2
466,648,3,2
466,649,3,2
466,650,3,2
466,651,3,2
466,652,3,2
466,653,3,2
466,654,3,2
466,655,3,2
466,656,3,2
466,657,3,2
466,658,3,2
466,659,3,2
466,660,3,2
466,661,3,2
466,662,3,2
466,663,3,2
466,664,3,2
466,665,3,2
466,666,3,2
466,667,3,2
466,668,3,2
466,669,3,2
467,71,3,2
467,72,3,2
467,73,3,2
467,74,3,2
467,75,3,2
467,76,3,2
467,77,3,2
467,78,3,2
467,79,3,2
467,80,3,2
467,81,3,2
467,82,3,2
467,83,3,2
467,84,3,2
467,85,3,2
467,86,3,2
467,87,3,2
467,88,3,2
467,89,3,2
467,90,3,2
467,91,3,2
467,92,3,2
467,93,3,2
467,94,3,2
467,95,3,2
467,96,3,2
467,97,3,2
467,98,3,2
467,99,3,2
467,100,3,2
467,101,3,2
467,102,3,2
467,103,3,2
467,104,3,2
467,105,3,2
467,106,3,2
467,107,3,2
467,108,3,2
467,109,3,2
467,110,3,2
467,111,3,2
467,112,3,2
467,113,3,2
467,114,3,2
467,115,3,2
467,116,3,2
467,117,3,2
467,118,3,2
467,119,3,2
467,120,3,2
467,121,3,2
467,122,3,2
467,123,3,2
467,124,3,2
467,125,3,2
467,126,3,2
467,127,3,2
467,128,3,2
467,129,3,2
467,130,3,2
467,131,3,2
467,132,3,2
467,133,3,2
467,134,3,2
467,135,3,2
467,136,3,2
467,137,3,2
467,138,3,2
467,139,3,2
467,140,3,2
467,141,3,2
467,142,3,2
467,143,3,2
467,144,3,2
467,145,3,2
467,146,3,2
467,147,3,2
467,148,3,2
467,149,3,2
467,150,3,2
467,151,3,2
467,152,3,2
467,153,3,2
467,154,3,2
467,155,3,2
467,156,3,2
467,157,3,2
467,158,3,2
467,159,3,2
467,160,3,2
467,161,3,2
467,162,3,2
467,163,3,2
467,164,3,2
467,165,3,2
467,166,3,2
467,167,3,2
467,168,3,2
467,169,3,2
467,170,3,2
467,171,3,2
467,172,3,2
467,173,3,2
467,174,3,2
467,175,3,2
467,176,3,2
467,177,3,2
467,178,3,2
467,179,3,2
467,180,3,2
467,181,3,2
467,182,3,2
467,183,3,2
467,184,3,2
467,185,3,2
467,186,3,2
467,187,3,2
467,188,3,2
467,189,3,2
467,190,3,2
467,191,3,2
467,192,3,2
467,193,3,2
467,194,3,2
467,195,3,2
467,196,3,2
467,197,3,2
467,198,3,2
467,199,3,2
467,200,3,2
467,201,3,2
467,202,3,2
467,203,3,2
467,204,3,2
467,205,3,2
467,206,3,2
467,207,3,2
467,208,3,2
467,209,3,2
467,210,3,2
467,211,3,2
467,212,3,2
467,213,3,2
467,214,3,2
467,215,3,2
467,216,3,2
467,217,3,2
467,218,3,2
467,219,3,2
467,220,3,2
467,221,3,2
467,222,3,2
467,223,3,2
467,224,3,2
467,225,3,2
467,226,3,2
467,227,3,2
467,228,3,2
467,229,3,2
467,230,3,2
467,231,3,2
467,232,3,2
467,233,3,2
467,234,3,2
467,235,3,2
467,236,3,2
467,237,3,2
467,238,3,2
467,239,3,2
467,240,3,2
467,241,3,2
467,242,3,2
467,243,3,2
467,244,3,2
467,245,3,2
467,246,3,2
467,247,3,2
467,248,3,2
467,249,3,2
467,250,3,2
467,251,3,2
467,252,3,2
467,253,3,2
467,254,3,2
467,255,3,2
467,256,3,2
467,257,3,2
467,258,3,2
467,259,3,2
467,260,3,2
467,261,3,2
467,262,3,2
467,263,3,2
467,264,3,2
467,265,3,2
467,266,3,2
467,267,3,2
467,268,3,2
467,269,3,2
467,270,3,2
467,271,3,2
467,272,3,2
467,273,3,2
467,274,3,2
467,275,3,2
467,276,3,2
467,277,3,2
467,278,3,2
467,279,3,2
467,280,3,2
467,281,3,2
467,282,3,2
467,283,3,2
467,284,3,2
467,285,3,2
467,286,3,2
467,287,3,2
467,288,3,2
467,289,3,2
467,290,3,2
467,291,3,2
467,292,3,2
467,293,3,2
467,294,3,2
467,295,3,2
467,296,3,2
467,297,3,2
467,298,3,2
467,299,3,2
467,300,3,2
467,301,3,2
467,302,3,2
467,303,3,2
467,304,3,2
467,305,3,2
467,306,3,2
467,307,3,2
467,308,3,2
467,309,3,2
467,310,3,2
467,311,3,2
467,312,3,2
467,313,3,2
467,314,3,2
467,315,3,2
467,316,3,2
467,317,3,2
467,318,3,2
467,319,3,2
467,320,3,2
467,321,3,2
467,322,3,2
467,323,3,2
467,324,3,2
467,325,3,2
467,326,3,2
467,327,3,2
467,328,3,2
467,329,3,2
467,330,3,2
467,331,3,2
467,332,3,2
467,333,3,2
467,334,3,2
467,335,3,2
467,336,3,2
467,337,3,2
467,338,3,2
467,339,3,2
467,340,3,2
467,341,3,2
467,342,3,2
467,343,3,2
467,344,3,2
467,345,3,2
467,346,3,2
467,347,3,2
467,348,3,2
467,349,3,2
467,350,3,2
467,351,3,2
467,352,3,2
467,353,3,2
467,354,3,2
467,355,3,2
467,356,3,2
467,357,3,2
467,358,3,2
467,359,3,2
467,360,3,2
467,361,3,2
467,362,3,2
467,363,3,2
467,364,3,2
467,365,3,2
467,366,3,2
467,367,3,2
467,368,3,2
467,369,3,2
467,370,3,2
467,371,3,2
467,372,3,2
467,373,3,2
467,374,3,2
467,375,3,2
467,376,3,2
467,377,3,2
467,378,3,2
467,379,3,2
467,380,3,2
467,381,3,2
467,382,3,2
467,383,3,2
467,384,3,2
467,385,3,2
467,386,3,2
467,387,3,2
467,388,3,2
467,389,3,2
467,390,3,2
467,391,3,3
467,392,3,3
467,393,3,3
467,394,3,3
467,395,3,3
467,396,3,3
467,397,3,3
467,398,3,3
467,399,3,3
467,400,3,3
467,401,3,2
467,402,3,2
467,403,3,2
467,404,3,2
467,405,3,2
467,406,3,2
467,407,3,2
467,408,3,2
467,409,3,2
467,410,3,2
467,411,3,2
467,412,3,2
467,413,3,2
467,414,3,2
467,415,3,2
467,416,3,2
467,417,3,2
467,418,3,2
467,419,3,2
467,420,3,2
467,421,3,2
467,422,3,2
467,423,3,2
467,424,3,2
467,425,3,2
467,426,3,2
467,427,3,2
467,428,3,2
467,429,3,2
467,430,3,2
467,431,3,2
467,432,3,2
467,433,3,2
467,434,3,2
467,435,3,2
467,436,3,2
467,437,3,2
467,438,3,2
467,439,3,2
467,440,3,2
467,441,3,2
467,442,3,2
467,443,3,2
467,444,3,2
467,445,3,2
467,446,3,2
467,447,3,2
467,448,3,2
467,449,3,2
467,450,3,2
467,451,3,3
467,452,3,3
467,453,3,3
467,454,3,3
467,455,3,3
467,456,3,3
467,457,3,3
467,458,3,3
467,459,3,3
467,460,3,3
467,461,3,3
467,462,3,3
467,463,3,3
467,464,3,3
467,465,3,3
467,466,3,3
467,467,3,3
467,468,3,3
467,469,3,3
467,470,3,3
467,471,3,3
467,472,3,3
467,473,3,3
467,474,3,3
467,475,3,3
467,476,3,3
467,477,3,3
467,478,3,3
467,479,3,3
467,480,3,3
467,481,3,2
467,482,3,2
467,483,3,2
467,484,3,2
467,485,3,2
467,486,3,2
467,487,3,2
467,488,3,2
467,489,3,2
467,490,3,2
467,491,3,2
467,492,3,2
467,493,3,2
467,494,3,2
467,495,3,2
467,496,3,2
467,497,3,2
467,498,3,2
467,499,3,2
467,500,3,2
467,501,3,2
467,502,3,2
467,503,3,2
467,504,3,2
467,505,3,2
467,506,3,2
467,507,3,2
467,508,3,2
467,509,3,2
467,510,3,2
467,511,3,2
467,512,3,2
467,513,3,2
467,514,3,2
467,515,3,2
467,516,3,2
467,517,3,2
467,518,3,2
467,519,3,2
467,520,3,2
467,521,3,2
467,522,3,2
467,523,3,2
467,524,3,2
467,525,3,2
467,526,3,2
467,527,3,2
467,528,3,2
467,529,3,2
467,530,3,2
467,531,3,2
467,532,3,2
467,533,3,2
467,534,3,2
467,535,3,2
467,536,3,2
467,537,3,2
467,538,3,2
467,539,3,2
467,540,3,2
467,541,3,2
467,542,3,2
467,543,3,2
467,544,3,2
467,545,3,2
467,546,3,2
467,547,3,2
467,548,3,2
467,549,3,2
467,550,3,2
467,551,3,2
467,552,3,2
467,553,3,2
467,554,3,2
467,555,3,2
467,556,3,2
467,557,3,2
467,558,3,2
467,559,3,2
467,560,3,2
467,561,3,2
467,562,3,2
467,563,3,2
467,564,3,2
467,565,3,2
467,566,3,2
467,567,3,2
467,568,3,2
467,569,3,2
467,570,3,2
467,571,3,2
467,572,3,2
467,573,3,2
467,574,3,2
467,575,3,2
467,576,3,2
467,577,3,2
467,578,3,2
467,579,3,2
467,580,3,2
467,581,3,2
467,582,3,2
467,583,3,2
467,584,3,2
467,585,3,2
467,586,3,2
467,587,3,2
467,588,3,2
467,589,3,2
467,590,3,2
467,591,3,2
467,592,3,2
467,593,3,2
467,594,3,2
467,595,3,2
467,596,3,2
467,597,3,2
467,598,3,2
467,599,3,2
467,600,3,2
467,601,3,2
467,602,3,2
467,603,3,2
467,604,3,2
467,605,3,2
467,606,3,2
467,607,3,2
467,608,3,2
467,609,3,2
467,610,3,2
467,611,3,2
467,612,3,2
467,613,3,2
467,614,3,2
467,615,3,2
467,616,3,2
467,617,3,2
467,618,3,2
467,619,3,2
467,620,3,2
467,621,3,2
467,622,3,2
467,623,3,2
467,624,3,2
467,625,3,2
467,626,3,2
467,627,3,2
467,628,3,2
467,629,3,2
467,630,3,2
467,631,3,2
467,632,3,2
467,633,3,2
467,634,3,2
467,635,3,2
467,636,3,2
467,637,3,2
467,638,3,2
467,639,3,2
467,640,3,2
467,641,3,2
467,642,3,2
467,643,3,2
467,644,3,2
467,645,3,2
467,646,3,2
467,647,3,2
467,648,3,2
467,649,3,2
467,650,3,2
467,651,3,2
467,652,3,2
467,653,3,2
467,654,3,2
467,655,3,2
467,656,3,2
467,657,3,2
467,658,3,2
467,659,3,2
467,660,3,2
467,661,3,2
467,662,3,2
467,663,3,2
467,664,3,2
467,665,3,2
467,666,3,2
467,667,3,2
467,668,3,2
467,669,3,2
468,71,3,2
468,72,3,2
468,73,3,2
468,74,3,2
468,75,3,2
468,76,3,2
468,77,3,2
468,78,3,2
468,79,3,2
468,80,3,2
468,81,3,2
468,82,3,2
468,83,3,2
468,84,3,2
468,85,3,2
468,86,3,2
468,87,3,2
468,88,3,2
468,89,3,2
468,90,3,2
468,91,3,2
468,92,3,2
468,93,3,2
468,94,3,2
468,95,3,2
468,96,3,2
468,97,3,2
468,98,3,2
468,99,3,2
468,100,3,2
468,101,3,2
468,102,3,2
468,103,3,2
468,104,3,2
468,105,3,2
468,106,3,2
468,107,3,2
468,108,3,2
468,109,3,2
468,110,3,2
468,111,3,2
468,112,3,2
468,113,3,2
468,114,3,2
468,115,3,2
468,116,3,2
468,117,3,2
468,118,3,2
468,119,3,2
468,120,3,2
468,121,3,2
468,122,3,2
468,123,3,2
468,124,3,2
468,125,3,2
468,126,3,2
468,127,3,2
468,128,3,2
468,129,3,2
468,130,3,2
468,131,3,2
468,132,3,2
468,133,3,2
468,134,3,2
468,135,3,2
468,136,3,2
468,137,3,2
468,138,3,2
468,139,3,2
468,140,3,2
468,141,3,2
468,142,3,2
468,143,3,2
468,144,3,2
468,145,3,2
468,146,3,2
468,147,3,2
468,148,3,2
468,149,3,2
468,150,3,2
468,151,3,2
468,152,3,2
468,153,3,2
468,154,3,2
468,155,3,2
468,156,3,2
468,157,3,2
468,158,3,2
468,159,3,2
468,160,3,2
468,161,3,2
468,162,3,2
468,163,3,2
468,164,3,2
468,165,3,2
468,166,3,2
468,167,3,2
468,168,3,2
468,169,3,2
468,170,3,2
468,171,3,2
468,172,3,2
468,173,3,2
468,174,3,2
468,175,3,2
468,176,3,2
468,177,3,2
468,178,3,2
468,179,3,2
468,180,3,2
468,181,3,2
468,182,3,2
468,183,3,2
468,184,3,2
468,185,3,2
468,186,3,2
468,187,3,2
468,188,3,2
468,189,3,2
468,190,3,2
468,191,3,2
468,192,3,2
468,193,3,2
468,194,3,2
468,195,3,2
468,196,3,2
468,197,3,2
468,198,3,2
468,199,3,2
468,200,3,2
468,201,3,2
468,202,3,2
468,203,3,2
468,204,3,2
468,205,3,2
468,206,3,2
468,207,3,2
468,208,3,2
468,209,3,2
468,210,3,2
468,211,3,2
468,212,3,2
468,213,3,2
468,214,3,2
468,215,3,2
468,216,3,2
468,217,3,2
468,218,3,2
468,219,3,2
468,220,3,2
468,221,3,2
468,222,3,2
468,223,3,2
468,224,3,2
468,225,3,2
468,226,3,2
468,227,3,2
468,228,3,2
468,229,3,2
468,230,3,2
468,231,3,2
468,232,3,2
468,233,3,2
468,234,3,2
468,235,3,2
468,236,3,2
468,237,3,2
468,238,3,2
468,239,3,2
468,240,3,2
468,241,3,2
468,242,3,2
468,243,3,2
468,244,3,2
468,245,3,2
468,246,3,2
468,247,3,2
468,248,3,2
468,249,3,2
468,250,3,2
468,251,3,2
468,252,3,2
468,253,3,2
468,254,3,2
468,255,3,2
468,256,3,2
468,257,3,2
468,258,3,2
468,259,3,2
468,260,3,2
468,261,3,2
468,262,3,2
468,263,3,2
468,264,3,2
468,265,3,2
468,266,3,2
468,267,3,2
468,268,3,2
468,269,3,2
468,270,3,2
468,271,3,2
468,272,3,2
468,273,3,2
468,274,3,2
468,275,3,2
468,276,3,2
468,277,3,2
468,278,3,2
468,279,3,2
468,280,3,2
468,281,3,2
468,282,3,2
468,283,3,2
468,284,3,2
468,285,3,2
468,286,3,2
468,287,3,2
468,288,3,2
468,289,3,2
468,290,3,2
468,291,3,2
468,292,3,2
468,293,3,2
468,294,3,2
468,295,3,2
468,296,3,2
468,297,3,2
468,298,3,2
468,299,3,2
468,300,3,2
468,301,3,2
468,302,3,2
468,303,3,2
468,304,3,2
468,305,3,2
468,306,3,2
468,307,3,2
468,308,3,2
468,309,3,2
468,310,3,2
468,311,3,2
468,312,3,2
468,313,3,2
468,314,3,2
468,315,3,2
468,316,3,2
468,317,3,2
468,318,3,2
468,319,3,2
468,320,3,2
468,321,3,2
468,322,3,2
468,323,3,2
468,324,3,2
468,325,3,2
468,326,3,2
468,327,3,2
468,328,3,2
468,329,3,2
468,330,3,2
468,331,3,2
468,332,3,2
468,333,3,2
468,334,3,2
468,335,3,2
468,336,3,2
468,337,3,2
468,338,3,2
468,339,3,2
468,340,3,2
468,341,3,2
468,342,3,2
468,343,3,2
468,344,3,2
468,345,3,2
468,346,3,2
468,347,3,2
468,348,3,2
468,349,3,2
468,350,3,2
468,351,3,2
468,352,3,2
468,353,3,2
468,354,3,2
468,355,3,2
468,356,3,2
468,357,3,2
468,358,3,2
468,359,3,2
468,360,3,2
468,361,3,2
468,362,3,2
468,363,3,2
468,364,3,2
468,365,3,2
468,366,3,2
468,367,3,2
468,368,3,2
468,369,3,2
468,370,3,2
468,371,3,2
468,372,3,2
468,373,3,2
468,374,3,2
468,375,3,2
468,376,3,2
468,377,3,2
468,378,3,2
468,379,3,2
468,380,3,2
468,381,3,2
468,382,3,2
468,383,3,2
468,384,3,2
468,385,3,2
468,386,3,2
468,387,3,2
468,388,3,2
468,389,3,2
468,390,3,3
468,391,3,3
468,392,3,3
468,393,3,3
468,394,3,3
468,395,3,3
468,396,3,3
468,397,3,3
468,398,3,3
468,399,3,3
468,400,3,3
468,401,3,3
468,402,3,3
468,403,3,3
468,404,3,3
468,405,3,2
468,406,3,2
468,407,3,2
468,408,3,2
468,409,3,2
468,410,3,2
468,411,3,2
468,412,3,2
468,413,3,2
468,414,3,2
468,415,3,2
468,416,3,2
468,417,3,2
468,418,3,2
468,419,3,2
468,420,3,2
468,421,3,2
468,422,3,2
468,423,3,2
468,424,3,2
468,425,3,2
468,426,3,2
468,427,3,2
468,428,3,2
468,429,3,2
468,430,3,2
468,431,3,2
468,432,3,2
468,433,3,2
468,434,3,2
468,435,3,2
468,436,3,2
468,437,3,2
468,438,3,2
468,439,3,2
468,440,3,2
468,441,3,2
468,442,3,2
468,443,3,2
468,444,3,2
468,445,3,2
468,446,3,2
468,447,3,2
468,448,3,2
468,449,3,2
468,450,3,2
468,451,3,3
468,452,3,3
468,453,3,3
468,454,3,3
468,455,3,3
468,456,3,3
468,457,3,3
468,458,3,3
468,459,3,3
468,460,3,3
468,461,3,3
468,462,3,3
468,463,3,3
468,464,3,3
468,465,3,3
468,466,3,3
468,467,3,3
468,468,3,3
468,469,3,3
468,470,3,3
468,471,3,3
468,472,3,3
468,473,3,3
468,474,3,3
468,475,3,3
468,476,3,3
468,477,3,3
468,478,3,3
468,479,3,3
468,480,3,3
468,481,3,3
468,482,3,2
468,483,3,2
468,484,3,2
468,485,3,2
468,486,3,2
468,487,3,2
468,488,3,2
468,489,3,2
468,490,3,2
468,491,3,2
468,492,3,2
468,493,3,2
468,494,3,2
468,495,3,2
468,496,3,2
468,497,3,2
468,498,3,2
468,499,3,2
468,500,3,2
468,501,3,2
468,502,3,2
468,503,3,2
468,504,3,2
468,505,3,2
468,506,3,2
468,507,3,2
468,508,3,2
468,509,3,2
468,510,3,2
468,511,3,2
468,512,3,2
468,513,3,2
468,514,3,2
468,515,3,2
468,516,3,2
468,517,3,2
468,518,3,2
468,519,3,2
468,520,3,2
468,521,3,2
468,522,3,2
468,523,3,2
468,524,3,2
468,525,3,2
468,526,3,2
468,527,3,2
468,528,3,2
468,529,3,2
468,530,3,2
468,531,3,2
468,532,3,2
468,533,3,2
468,534,3,2
468,535,3,2
468,536,3,2
468,537,3,2
468,538,3,2
468,539,3,2
468,540,3,2
468,541,3,2
468,542,3,2
468,543,3,2
468,544,3,2
468,545,3,2
468,546,3,2
468,547,3,2
468,548,3,2
468,549,3,2
468,550,3,2
468,551,3,2
468,552,3,2
468,553,3,2
468,554,3,2
468,555,3,2
468,556,3,2
468,557,3,2
468,558,3,2
468,559,3,2
468,560,3,2
468,561,3,2
468,562,3,2
468,563,3,2
468,564,3,2
468,565,3,2
468,566,3,2
468,567,3,2
468,568,3,2
468,569,3,2
468,570,3,2
468,571,3,2
468,572,3,2
468,573,3,2
468,574,3,2
468,575,3,2
468,576,3,2
468,577,3,2
468,578,3,2
468,579,3,2
468,580,3,2
468,581,3,2
468,582,3,2
468,583,3,2
468,584,3,2
468,585,3,2
468,586,3,2
468,587,3,2
468,588,3,2
468,589,3,2
468,590,3,2
468,591,3,2
468,592,3,2
468,593,3,2
468,594,3,2
468,595,3,2
468,596,3,2
468,597,3,2
468,598,3,2
468,599,3,2
468,600,3,2
468,601,3,2
468,602,3,2
468,603,3,2
468,604,3,2
468,605,3,2
468,606,3,2
468,607,3,2
468,608,3,2
468,609,3,2
468,610,3,2
468,611,3,2
468,612,3,2
468,613,3,2
468,614,3,2
468,615,3,2
468,616,3,2
468,617,3,2
468,618,3,2
468,619,3,2
468,620,3,2
468,621,3,2
468,622,3,2
468,623,3,2
468,624,3,2
468,625,3,2
468,626,3,2
468,627,3,2
468,628,3,2
468,629,3,2
468,630,3,2
468,631,3,2
468,632,3,2
468,633,3,2
468,634,3,2
468,635,3,2
468,636,3,2
468,637,3,2
468,638,3,2
468,639,3,2
468,640,3,2
468,641,3,2
468,642,3,2
468,643,3,2
468,644,3,2
468,645,3,2
468,646,3,2
468,647,3,2
468,648,3,2
468,649,3,2
468,650,3,2
468,651,3,2
468,652,3,2
468,653,3,2
468,654,3,2
468,655,3,2
468,656,3,2
468,657,3,2
468,658,3,2
468,659,3,2
468,660,3,2
468,661,3,2
468,662,3,2
468,663,3,2
468,664,3,2
468,665,3,2
468,666,3,2
468,667,3,2
468,668,3,2
468,669,3,2
468,670,3,2
469,72,3,2
469,73,3,2
469,74,3,2
469,75,3,2
469,76,3,2
469,77,3,2
469,78,3,2
469,79,3,2
469,80,3,2
469,81,3,2
469,82,3,2
469,83,3,2
469,84,3,2
469,85,3,2
469,86,3,2
469,87,3,2
469,88,3,2
469,89,3,2
469,90,3,2
469,91,3,2
469,92,3,2
469,93,3,2
469,94,3,2
469,95,3,2
469,96,3,2
469,97,3,2
469,98,3,2
469,99,3,2
469,100,3,2
469,101,3,2
469,102,3,2
469,103,3,2
469,104,3,2
469,105,3,2
469,106,3,2
469,107,3,2
469,108,3,2
469,109,3,2
469,110,3,2
469,111,3,2
469,112,3,2
469,113,3,2
469,114,3,2
469,115,3,2
469,116,3,2
469,117,3,2
469,118,3,2
469,119,3,2
469,120,3,2
469,121,3,2
469,122,3,2
469,123,3,2
469,124,3,2
469,125,3,2
469,126,3,2
469,127,3,2
469,128,3,2
469,129,3,2
469,130,3,2
469,131,3,2
469,132,3,2
469,133,3,2
469,134,3,2
469,135,3,2
469,136,3,2
469,137,3,2
469,138,3,2
469,139,3,2
469,140,3,2
469,141,3,2
469,142,3,2
469,143,3,2
469,144,3,2
469,145,3,2
469,146,3,2
469,147,3,2
469,148,3,2
469,149,3,2
469,150,3,2
469,151,3,2
469,152,3,2
469,153,3,2
469,154,3,2
469,155,3,2
469,156,3,2
469,157,3,2
469,158,3,2
469,159,3,2
469,160,3,2
469,161,3,2
469,162,3,2
469,163,3,2
469,164,3,2
469,165,3,2
469,166,3,2
469,167,3,2
469,168,3,2
469,169,3,2
469,170,3,2
469,171,3,2
469,172,3,2
469,173,3,2
469,174,3,2
469,175,3,2
469,176,3,2
469,177,3,2
469,178,3,2
469,179,3,2
469,180,3,2
469,181,3,2
469,182,3,2
469,183,3,2
469,184,3,2
469,185,3,2
469,186,3,2
469,187,3,2
469,188,3,2
469,189,3,2
469,190,3,2
469,191,3,2
469,192,3,2
469,193,3,2
469,194,3,2
469,195,3,2
469,196,3,2
469,197,3,2
469,198,3,2
469,199,3,2
469,200,3,2
469,201,3,2
469,202,3,2
469,203,3,2
469,204,3,2
469,205,3,2
469,206,3,2
469,207,3,2
469,208,3,2
469,209,3,2
469,210,3,2
469,211,3,2
469,212,3,2
469,213,3,2
469,214,3,2
469,215,3,2
469,216,3,2
469,217,3,2
469,218,3,2
469,219,3,2
469,220,3,2
469,221,3,2
469,222,3,2
469,223,3,2
469,224,3,2
469,225,3,2
469,226,3,2
469,227,3,2
469,228,3,2
469,229,3,2
469,230,3,2
469,231,3,2
469,232,3,2
469,233,3,2
469,234,3,2
469,235,3,2
469,236,3,2
469,237,3,2
469,238,3,2
469,239,3,2
469,240,3,2
469,241,3,2
469,242,3,2
469,243,3,2
469,244,3,2
469,245,3,2
469,246,3,2
469,247,3,2
469,248,3,2
469,249,3,2
469,250,3,2
469,251,3,2
469,252,3,2
469,253,3,2
469,254,3,2
469,255,3,2
469,256,3,2
469,257,3,2
469,258,3,2
469,259,3,2
469,260,3,2
469,261,3,2
469,262,3,2
469,263,3,2
469,264,3,2
469,265,3,2
469,266,3,2
469,267,3,2
469,268,3,2
469,269,3,2
469,270,3,2
469,271,3,2
469,272,3,2
469,273,3,2
469,274,3,2
469,275,3,2
469,276,3,2
469,277,3,2
469,278,3,2
469,279,3,2
469,280,3,2
469,281,3,2
469,282,3,2
469,283,3,2
469,284,3,2
469,285,3,2
469,286,3,2
469,287,3,2
469,288,3,2
469,289,3,2
469,290,3,2
469,291,3,2
469,292,3,2
469,293,3,2
469,294,3,2
469,295,3,2
469,296,3,2
469,297,3,2
469,298,3,2
469,299,3,2
469,300,3,2
469,301,3,2
469,302,3,2
469,303,3,2
469,304,3,2
469,305,3,2
469,306,3,2
469,307,3,2
469,308,3,2
469,309,3,2
469,310,3,2
469,311,3,2
469,312,3,2
469,313,3,2
469,314,3,2
469,315,3,2
469,316,3,2
469,317,3,2
469,318,3,2
469,319,3,2
469,320,3,2
469,321,3,2
469,322,3,2
469,323,3,2
469,324,3,2
469,325,3,2
469,326,3,2
469,327,3,2
469,328,3,2
469,329,3,2
469,330,3,2
469,331,3,2
469,332,3,2
469,333,3,2
469,334,3,2
469,335,3,2
469,336,3,2
469,337,3,2
469,338,3,2
469,339,3,2
469,340,3,2
469,341,3,2
469,342,3,2
469,343,3,2
469,344,3,2
469,345,3,2
469,346,3,2
469,347,3,2
469,348,3,2
469,349,3,2
469,350,3,2
469,351,3,2
469,352,3,2
469,353,3,2
469,354,3,2
469,355,3,2
469,356,3,2
469,357,3,2
469,358,3,2
469,359,3,2
469,360,3,2
469,361,3,2
469,362,3,2
469,363,3,2
469,364,3,2
469,365,3,2
469,366,3,2
469,367,3,2
469,368,3,2
469,369,3,2
469,370,3,2
469,371,3,2
469,372,3,2
469,373,3,2
469,374,3,2
469,375,3,2
469,376,3,2
469,377,3,2
469,378,3,2
469,379,3,2
469,380,3,2
469,381,3,2
469,382,3,2
469,383,3,2
469,384,3,2
469,385,3,2
469,386,3,2
469,387,3,2
469,388,3,2
469,389,3,3
469,390,3,3
469,391,3,3
469,392,3,3
469,393,3,3
469,394,3,3
469,395,3,3
469,396,3,3
469,397,3,3
469,398,3,3
469,399,3,3
469,400,3,3
469,401,3,3
469,402,3,3
469,403,3,3
469,404,3,3
469,405,3,3
469,406,3,3
469,407,3,3
469,408,3,2
469,409,3,2
469,410,3,2
469,411,3,2
469,412,3,2
469,413,3,2
469,414,3,2
469,415,3,2
469,416,3,2
469,417,3,2
469,418,3,2
469,419,3,2
469,420,3,2
469,421,3,2
469,422,3,2
469,423,3,2
469,424,3,2
469,425,3,2
469,426,3,2
469,427,3,2
469,428,3,2
469,429,3,2
469,430,3,2
469,431,3,2
469,432,3,2
469,433,3,2
469,434,3,2
469,435,3,2
469,436,3,2
469,437,3,2
469,438,3,2
469,439,3,2
469,440,3,2
469,441,3,2
469,442,3,2
469,443,3,2
469,444,3,2
469,445,3,2
469,446,3,2
469,447,3,2
469,448,3,2
469,449,3,2
469,450,3,2
469,451,3,3
469,452,3,3
469,453,3,3
469,454,3,3
469,455,3,3
469,456,3,3
469,457,3,3
469,458,3,3
469,459,3,3
469,460,3,3
469,461,3,3
469,462,3,3
469,463,3,3
469,464,3,3
469,465,3,3
469,466,3,3
469,467,3,3
469,468,3,3
469,469,3,3
469,470,3,3
469,471,3,3
469,472,3,3
469,473,3,3
469,474,3,3
469,475,3,3
469,476,3,3
469,477,3,3
469,478,3,3
469,479,3,3
469,480,3,3
469,481,3,3
469,482,3,2
469,483,3,2
469,484,3,2
469,485,3,2
469,486,3,2
469,487,3,2
469,488,3,2
469,489,3,2
469,490,3,2
469,491,3,2
469,492,3,2
469,493,3,2
469,494,3,2
469,495,3,2
469,496,3,2
469,497,3,2
469,498,3,2
469,499,3,2
469,500,3,2
469,501,3,2
469,502,3,2
469,503,3,2
469,504,3,2
469,505,3,2
469,506,3,2
469,507,3,2
469,508,3,2
469,509,3,2
469,510,3,2
469,511,3,2
469,512,3,2
469,513,3,2
469,514,3,2
469,515,3,2
469,516,3,2
469,517,3,2
469,518,3,2
469,519,3,2
469,520,3,2
469,521,3,2
469,522,3,2
469,523,3,2
469,524,3,2
469,525,3,2
469,526,3,2
469,527,3,2
469,528,3,2
469,529,3,2
469,530,3,2
469,531,3,2
469,532,3,2
469,533,3,2
469,534,3,2
469,535,3,2
469,536,3,2
469,537,3,2
469,538,3,2
469,539,3,2
469,540,3,2
469,541,3,2
469,542,3,2
469,543,3,2
469,544,3,2
469,545,3,2
469,546,3,2
469,547,3,2
469,548,3,2
469,549,3,2
469,550,3,2
469,551,3,2
469,552,3,2
469,553,3,2
469,554,3,2
469,555,3,2
469,556,3,2
469,557,3,2
469,558,3,2
469,559,3,2
469,560,3,2
469,561,3,2
469,562,3,2
469,563,3,2
469,564,3,2
469,565,3,2
469,566,3,2
469,567,3,2
469,568,3,2
469,569,3,2
469,570,3,2
469,571,3,2
469,572,3,2
469,573,3,2
469,574,3,2
469,575,3,2
469,576,3,2
469,577,3,2
469,578,3,2
469,579,3,2
469,580,3,2
469,581,3,2
469,582,3,2
469,583,3,2
469,584,3,2
469,585,3,2
469,586,3,2
469,587,3,2
469,588,3,2
469,589,3,2
469,590,3,2
469,591,3,2
469,592,3,2
469,593,3,2
469,594,3,2
469,595,3,2
469,596,3,2
469,597,3,2
469,598,3,2
469,599,3,2
469,600,3,2
469,601,3,2
469,602,3,2
469,603,3,2
469,604,3,2
469,605,3,2
469,606,3,2
469,607,3,2
469,608,3,2
469,609,3,2
469,610,3,2
469,611,3,2
469,612,3,2
469,613,3,2
469,614,3,2
469,615,3,2
469,616,3,2
469,617,3,2
469,618,3,2
469,619,3,2
469,620,3,2
469,621,3,2
469,622,3,2
469,623,3,2
469,624,3,2
469,625,3,2
469,626,3,2
469,627,3,2
469,628,3,2
469,629,3,2
469,630,3,2
469,631,3,2
469,632,3,2
469,633,3,2
469,634,3,2
469,635,3,2
469,636,3,2
469,637,3,2
469,638,3,2
469,639,3,2
469,640,3,2
469,641,3,2
469,642,3,2
469,643,3,2
469,644,3,2
469,645,3,2
469,646,3,2
469,647,3,2
469,648,3,2
469,649,3,2
469,650,3,2
469,651,3,2
469,652,3,2
469,653,3,2
469,654,3,2
469,655,3,2
469,656,3,2
469,657,3,2
469,658,3,2
469,659,3,2
469,660,3,2
469,661,3,2
469,662,3,2
469,663,3,2
469,664,3,2
469,665,3,2
469,666,3,2
469,667,3,2
469,668,3,2
469,669,3,2
469,670,3,2
470,72,3,2
470,73,3,2
470,74,3,2
470,75,3,2
470,76,3,2
470,77,3,2
470,78,3,2
470,79,3,2
470,80,3,2
470,81,3,2
470,82,3,2
470,83,3,2
470,84,3,2
470,85,3,2
470,86,3,2
470,87,3,2
470,88,3,2
470,89,3,2
470,90,3,2
470,91,3,2
470,92,3,2
470,93,3,2
470,94,3,2
470,95,3,2
470,96,3,2
470,97,3,2
470,98,3,2
470,99,3,2
470,100,3,2
470,101,3,2
470,102,3,2
470,103,3,2
470,104,3,2
470,105,3,2
470,106,3,2
470,107,3,2
470,108,3,2
470,109,3,2
470,110,3,2
470,111,3,2
470,112,3,2
470,113,3,2
470,114,3,2
470,115,3,2
470,116,3,2
470,117,3,2
470,118,3,2
470,119,3,2
470,120,3,2
470,121,3,2
470,122,3,2
470,123,3,2
470,124,3,2
470,125,3,2
470,126,3,2
470,127,3,2
470,128,3,2
470,129,3,2
470,130,3,2
470,131,3,2
470,132,3,2
470,133,3,2
470,134,3,2
470,135,3,2
470,136,3,2
470,137,3,2
470,138,3,2
470,139,3,2
470,140,3,2
470,141,3,2
470,142,3,2
470,143,3,2
470,144,3,2
470,145,3,2
470,146,3,2
470,147,3,2
470,148,3,2
470,149,3,2
470,150,3,2
470,151,3,2
470,152,3,2
470,153,3,2
470,154,3,2
470,155,3,2
470,156,3,2
470,157,3,2
470,158,3,2
470,159,3,2
470,160,3,2
470,161,3,2
470,162,3,2
470,163,3,2
470,164,3,2
470,165,3,2
470,166,3,2
470,167,3,2
470,168,3,2
470,169,3,2
470,170,3,2
470,171,3,2
470,172,3,2
470,173,3,2
470,174,3,2
470,175,3,2
470,176,3,2
470,177,3,2
470,178,3,2
470,179,3,2
470,180,3,2
470,181,3,2
470,182,3,2
470,183,3,2
470,184,3,2
470,185,3,2
470,186,3,2
470,187,3,2
470,188,3,2
470,189,3,2
470,190,3,2
470,191,3,2
470,192,3,2
470,193,3,2
470,194,3,2
470,195,3,2
470,196,3,2
470,197,3,2
470,198,3,2
470,199,3,2
470,200,3,2
470,201,3,2
470,202,3,2
470,203,3,2
470,204,3,2
470,205,3,2
470,206,3,2
470,207,3,2
470,208,3,2
470,209,3,2
470,210,3,2
470,211,3,2
470,212,3,2
470,213,3,2
470,214,3,2
470,215,3,2
470,216,3,2
470,217,3,2
470,218,3,2
470,219,3,2
470,220,3,2
470,221,3,2
470,222,3,2
470,223,3,2
470,224,3,2
470,225,3,2
470,226,3,2
470,227,3,2
470,228,3,2
470,229,3,2
470,230,3,2
470,231,3,2
470,232,3,2
470,233,3,2
470,234,3,2
470,235,3,2
470,236,3,2
470,237,3,2
470,238,3,2
470,239,3,2
470,240,3,2
470,241,3,2
470,242,3,2
470,243,3,2
470,244,3,2
470,245,3,2
470,246,3,2
470,247,3,2
470,248,3,2
470,249,3,2
470,250,3,2
470,251,3,2
470,252,3,2
470,253,3,2
470,254,3,2
470,255,3,2
470,256,3,2
470,257,3,2
470,258,3,2
470,259,3,2
470,260,3,2
470,261,3,2
470,262,3,2
470,263,3,2
470,264,3,2
470,265,3,2
470,266,3,2
470,267,3,2
470,268,3,2
470,269,3,2
470,270,3,2
470,271,3,2
470,272,3,2
470,273,3,2
470,274,3,2
470,275,3,2
470,276,3,2
470,277,3,2
470,278,3,2
470,279,3,2
470,280,3,2
470,281,3,2
470,282,3,2
470,283,3,2
470,284,3,2
470,285,3,2
470,286,3,2
470,287,3,2
470,288,3,2
470,289,3,2
470,290,3,2
470,291,3,2
470,292,3,2
470,293,3,2
470,294,3,2
470,295,3,2
470,296,3,2
470,297,3,2
470,298,3,2
470,299,3,2
470,300,3,2
470,301,3,2
470,302,3,2
470,303,3,2
470,304,3,2
470,305,3,2
470,306,3,2
470,307,3,2
470,308,3,2
470,309,3,2
470,310,3,2
470,311,3,2
470,312,3,2
470,313,3,2
470,314,3,2
470,315,3,2
470,316,3,2
470,317,3,2
470,318,3,2
470,319,3,2
470,320,3,2
470,321,3,2
470,322,3,2
470,323,3,2
470,324,3,2
470,325,3,2
470,326,3,2
470,327,3,2
470,328,3,2
470,329,3,2
470,330,3,2
470,331,3,2
470,332,3,2
470,333,3,2
470,334,3,2
470,335,3,2
470,336,3,2
470,337,3,2
470,338,3,2
470,339,3,2
470,340,3,2
470,341,3,2
470,342,3,2
470,343,3,2
470,344,3,2
470,345,3,2
470,346,3,2
470,347,3,2
470,348,3,2
470,349,3,2
470,350,3,2
470,351,3,2
470,352,3,2
470,353,3,2
470,354,3,2
470,355,3,2
470,356,3,2
470,357,3,2
470,358,3,2
470,359,3,2
470,360,3,2
470,361,3,2
470,362,3,2
470,363,3,2
470,364,3,2
470,365,3,2
470,366,3,2
470,367,3,2
470,368,3,2
470,369,3,2
470,370,3,2
470,371,3,2
470,372,3,2
470,373,3,2
470,374,3,2
470,375,3,2
470,376,3,2
470,377,3,2
470,378,3,2
470,379,3,2
470,380,3,2
470,381,3,2
470,382,3,2
470,383,3,2
470,384,3,2
470,385,3,2
470,386,3,2
470,387,3,2
470,388,3,3
470,389,3,3
470,390,3,3
470,391,3,3
470,392,3,3
470,393,3,3
470,394,3,3
470,395,3,3
470,396,3,3
470,397,3,3
470,398,3,3
470,399,3,3
470,400,3,3
470,401,3,3
470,402,3,3
470,403,3,3
470,404,3,3
470,405,3,3
470,406,3,3
470,407,3,3
470,408,3,3
470,409,3,2
470,410,3,2
470,411,3,2
470,412,3,2
470,413,3,2
470,414,3,2
470,415,3,2
470,416,3,2
470,417,3,2
470,418,3,2
470,419,3,2
470,420,3,2
470,421,3,2
470,422,3,2
470,423,3,2
470,424,3,2
470,425,3,2
470,426,3,2
470,427,3,2
470,428,3,2
470,429,3,2
470,430,3,2
470,431,3,2
470,432,3,2
470,433,3,2
470,434,3,2
470,435,3,2
470,436,3,2
470,437,3,2
470,438,3,2
470,439,3,2
470,440,3,2
470,441,3,2
470,442,3,2
470,443,3,2
470,444,3,2
470,445,3,2
470,446,3,2
470,447,3,2
470,448,3,2
470,449,3,2
470,450,3,2
470,451,3,3
470,452,3,3
470,453,3,3
470,454,3,3
470,455,3,3
470,456,3,3
470,457,3,3
470,458,3,3
470,459,3,3
470,460,3,3
470,461,3,3
470,462,3,3
470,463,3,3
470,464,3,3
470,465,3,3
470,466,3,3
470,467,3,3
470,468,3,3
470,469,3,3
470,470,3,3
470,471,3,3
470,472,3,3
470,473,3,3
470,474,3,3
470,475,3,3
470,476,3,3
470,477,3,3
470,478,3,3
470,479,3,3
470,480,3,3
470,481,3,3
470,482,3,2
470,483,3,2
470,484,3,2
470,485,3,2
470,486,3,2
470,487,3,2
470,488,3,2
470,489,3,2
470,490,3,2
470,491,3,2
470,492,3,2
470,493,3,2
470,494,3,2
470,495,3,2
470,496,3,2
470,497,3,2
470,498,3,2
470,499,3,2
470,500,3,2
470,501,3,2
470,502,3,2
470,503,3,2
470,504,3,2
470,505,3,2
470,506,3,2
470,507,3,2
470,508,3,2
470,509,3,2
470,510,3,2
470,511,3,2
470,512,3,2
470,513,3,2
470,514,3,2
470,515,3,2
470,516,3,2
470,517,3,2
470,518,3,2
470,519,3,2
470,520,3,2
470,521,3,2
470,522,3,2
470,523,3,2
470,524,3,2
470,525,3,2
470,526,3,2
470,527,3,2
470,528,3,2
470,529,3,2
470,530,3,2
470,531,3,2
470,532,3,2
470,533,3,2
470,534,3,2
470,535,3,2
470,536,3,2
470,537,3,2
470,538,3,2
470,539,3,2
470,540,3,2
470,541,3,2
470,542,3,2
470,543,3,2
470,544,3,2
470,545,3,2
470,546,3,2
470,547,3,2
470,548,3,2
470,549,3,2
470,550,3,2
470,551,3,2
470,552,3,2
470,553,3,2
470,554,3,2
470,555,3,2
470,556,3,2
470,557,3,2
470,558,3,2
470,559,3,2
470,560,3,2
470,561,3,2
470,562,3,2
470,563,3,2
470,564,3,2
470,565,3,2
470,566,3,2
470,567,3,2
470,568,3,2
470,569,3,2
470,570,3,2
470,571,3,2
470,572,3,2
470,573,3,2
470,574,3,2
470,575,3,2
470,576,3,2
470,577,3,2
470,578,3,2
470,579,3,2
470,580,3,2
470,581,3,2
470,582,3,2
470,583,3,2
470,584,3,2
470,585,3,2
470,586,3,2
470,587,3,2
470,588,3,2
470,589,3,2
470,590,3,2
470,591,3,2
470,592,3,2
470,593,3,2
470,594,3,2
470,595,3,2
470,596,3,2
470,597,3,2
470,598,3,2
470,599,3,2
470,600,3,2
470,601,3,2
470,602,3,2
470,603,3,2
470,604,3,2
470,605,3,2
470,606,3,2
470,607,3,2
470,608,3,2
470,609,3,2
470,610,3,2
470,611,3,2
470,612,3,2
470,613,3,2
470,614,3,2
470,615,3,2
470,616,3,2
470,617,3,2
470,618,3,2
470,619,3,2
470,620,3,2
470,621,3,2
470,622,3,2
470,623,3,2
470,624,3,2
470,625,3,2
470,626,3,2
470,627,3,2
470,628,3,2
470,629,3,2
470,630,3,2
470,631,3,2
470,632,3,2
470,633,3,2
470,634,3,2
470,635,3,2
470,636,3,2
470,637,3,2
470,638,3,2
470,639,3,2
470,640,3,2
470,641,3,2
470,642,3,2
470,643,3,2
470,644,3,2
470,645,3,2
470,646,3,2
470,647,3,2
470,648,3,2
470,649,3,2
470,650,3,2
470,651,3,2
470,652,3,2
470,653,3,2
470,654,3,2
470,655,3,2
470,656,3,2
470,657,3,2
470,658,3,2
470,659,3,2
470,660,3,2
470,661,3,2
470,662,3,2
470,663,3,2
470,664,3,2
470,665,3,2
470,666,3,2
470,667,3,2
470,668,3,2
470,669,3,2
470,670,3,2
470,671,3,2
471,72,3,2
471,73,3,2
471,74,3,2
471,75,3,2
471,76,3,2
471,77,3,2
471,78,3,2
471,79,3,2
471,80,3,2
471,81,3,2
471,82,3,2
471,83,3,2
471,84,3,2
471,85,3,2
471,86,3,2
471,87,3,2
471,88,3,2
471,89,3,2
471,90,3,2
471,91,3,2
471,92,3,2
471,93,3,2
471,94,3,2
471,95,3,2
471,96,3,2
471,97,3,2
471,98,3,2
471,99,3,2
471,100,3,2
471,101,3,2
471,102,3,2
471,103,3,2
471,104,3,2
471,105,3,2
471,106,3,2
471,107,3,2
471,108,3,2
471,109,3,2
471,110,3,2
471,111,3,2
471,112,3,2
471,113,3,2
471,114,3,2
471,115,3,2
471,116,3,2
471,117,3,2
471,118,3,2
471,119,3,2
471,120,3,2
471,121,3,2
471,122,3,2
471,123,3,2
471,124,3,2
471,125,3,2
471,126,3,2
471,127,3,2
471,128,3,2
471,129,3,2
471,130,3,2
471,131,3,2
471,132,3,2
471,133,3,2
471,134,3,2
471,135,3,2
471,136,3,2
471,137,3,2
471,138,3,2
471,139,3,2
471,140,3,2
471,141,3,2
471,142,3,2
471,143,3,2
471,144,3,2
471,145,3,2
471,146,3,2
471,147,3,2
471,148,3,2
471,149,3,2
471,150,3,2
471,151,3,2
471,152,3,2
471,153,3,2
471,154,3,2
471,155,3,2
471,156,3,2
471,157,3,2
471,158,3,2
471,159,3,2
471,160,3,2
471,161,3,2
471,162,3,2
471,163,3,2
471,164,3,2
471,165,3,2
471,166,3,2
471,167,3,2
471,168,3,2
471,169,3,2
471,170,3,2
471,171,3,2
471,172,3,2
471,173,3,2
471,174,3,2
471,175,3,2
471,176,3,2
471,177,3,2
471,178,3,2
471,179,3,2
471,180,3,2
471,181,3,2
471,182,3,2
471,183,3,2
471,184,3,2
471,185,3,2
471,186,3,2
471,187,3,2
471,188,3,2
471,189,3,2
471,190,3,2
471,191,3,2
471,192,3,2
471,193,3,2
471,194,3,2
471,195,3,2
471,196,3,2
471,197,3,2
471,198,3,2
471,199,3,2
471,200,3,2
471,201,3,2
471,202,3,2
471,203,3,2
471,204,3,2
471,205,3,2
471,206,3,2
471,207,3,2
471,208,3,2
471,209,3,2
471,210,3,2
471,211,3,2
471,212,3,2
471,213,3,2
471,214,3,2
471,215,3,2
471,216,3,2
471,217,3,2
471,218,3,2
471,219,3,2
471,220,3,2
471,221,3,2
471,222,3,2
471,223,3,2
471,224,3,2
471,225,3,2
471,226,3,2
471,227,3,2
471,228,3,2
471,229,3,2
471,230,3,2
471,231,3,2
471,232,3,2
471,233,3,2
471,234,3,2
471,235,3,2
471,236,3,2
471,237,3,2
471,238,3,2
471,239,3,2
471,240,3,2
471,241,3,2
471,242,3,2
471,243,3,2
471,244,3,2
471,245,3,2
471,246,3,2
471,247,3,2
471,248,3,2
471,249,3,2
471,250,3,2
471,251,3,2
471,252,3,2
471,253,3,2
471,254,3,2
471,255,3,2
471,256,3,2
471,257,3,2
471,258,3,2
471,259,3,2
471,260,3,2
471,261,3,2
471,262,3,2
471,263,3,2
471,264,3,2
471,265,3,2
471,266,3,2
471,267,3,2
471,268,3,2
471,269,3,2
471,270,3,2
471,271,3,2
471,272,3,2
471,273,3,2
471,274,3,2
471,275,3,2
471,276,3,2
471,277,3,2
471,278,3,2
471,279,3,2
471,280,3,2
471,281,3,2
471,282,3,2
471,283,3,2
471,284,3,2
471,285,3,2
471,286,3,2
471,287,3,2
471,288,3,2
471,289,3,2
471,290,3,2
471,291,3,2
471,292,3,2
471,293,3,2
471,294,3,2
471,295,3,2
471,296,3,2
471,297,3,2
471,298,3,2
471,299,3,2
471,300,3,2
471,301,3,2
471,302,3,2
471,303,3,2
471,304,3,2
471,305,3,2
471,306,3,2
471,307,3,2
471,308,3,2
471,309,3,2
471,310,3,2
471,311,3,2
471,312,3,2
471,313,3,2
471,314,3,2
471,315,3,2
471,316,3,2
471,317,3,2
471,318,3,2
471,319,3,2
471,320,3,2
471,321,3,2
471,322,3,2
471,323,3,2
471,324,3,2
471,325,3,2
471,326,3,2
471,327,3,2
471,328,3,2
471,329,3,2
471,330,3,2
471,331,3,2
471,332,3,2
471,333,3,2
471,334,3,2
471,335,3,2
471,336,3,2
471,337,3,2
471,338,3,2
471,339,3,2
471,340,3,2
471,341,3,2
471,342,3,2
471,343,3,2
471,344,3,2
471,345,3,2
471,346,3,2
471,347,3,2
471,348,3,2
471,349,3,2
471,350,3,2
471,351,3,2
471,352,3,2
471,353,3,2
471,354,3,2
471,355,3,2
471,356,3,2
471,357,3,2
471,358,3,2
471,359,3,2
471,360,3,2
471,361,3,2
471,362,3,2
471,363,3,2
471,364,3,2
471,365,3,2
471,366,3,2
471,367,3,2
471,368,3,2
471,369,3,2
471,370,3,2
471,371,3,2
471,372,3,2
471,373,3,2
471,374,3,2
471,375,3,2
471,376,3,2
471,377,3,2
471,378,3,2
471,379,3,2
471,380,3,2
471,381,3,2
471,382,3,2
471,383,3,2
471,384,3,2
471,385,3,2
471,386,3,2
471,387,3,2
471,388,3,3
471,389,3,3
471,390,3,3
471,391,3,3
471,392,3,3
471,393,3,3
471,394,3,3
471,395,3,3
471,396,3,3
471,397,3,3
471,398,3,3
471,399,3,3
471,400,3,3
471,401,3,3
471,402,3,3
471,403,3,3
471,404,3,3
471,405,3,3
471,406,3,3
471,407,3,3
471,408,3,3
471,409,3,3
471,410,3,2
471,411,3,2
471,412,3,2
471,413,3,2
471,414,3,2
471,415,3,2
471,416,3,2
471,417,3,2
471,418,3,2
471,419,3,2
471,420,3,2
471,421,3,2
471,422,3,2
471,423,3,2
471,424,3,2
471,425,3,2
471,426,3,2
471,427,3,2
471,428,3,2
471,429,3,2
471,430,3,2
471,431,3,2
471,432,3,2
471,433,3,2
471,434,3,2
471,435,3,2
471,436,3,2
471,437,3,2
471,438,3,2
471,439,3,2
471,440,3,2
471,441,3,2
471,442,3,2
471,443,3,2
471,444,3,2
471,445,3,2
471,446,3,2
471,447,3,2
471,448,3,2
471,449,3,2
471,450,3,2
471,451,3,3
471,452,3,3
471,453,3,3
471,454,3,3
471,455,3,3
471,456,3,3
471,457,3,3
471,458,3,3
471,459,3,3
471,460,3,3
471,461,3,3
471,462,3,3
471,463,3,3
471,464,3,3
471,465,3,3
471,466,3,3
471,467,3,3
471,468,3,3
471,469,3,3
471,470,3,3
471,471,3,3
471,472,3,3
471,473,3,3
471,474,3,3
471,475,3,3
471,476,3,3
471,477,3,3
471,478,3,3
471,479,3,3
471,480,3,3
471,481,3,3
471,482,3,2
471,483,3,2
471,484,3,2
471,485,3,2
471,486,3,2
471,487,3,2
471,488,3,2
471,489,3,2
471,490,3,2
471,491,3,2
471,492,3,2
471,493,3,2
471,494,3,2
471,495,3,2
471,496,3,2
471,497,3,2
471,498,3,2
471,499,3,2
471,500,3,2
471,501,3,2
471,502,3,2
471,503,3,2
471,504,3,2
471,505,3,2
471,506,3,2
471,507,3,2
471,508,3,2
471,509,3,2
471,510,3,2
471,511,3,2
471,512,3,2
471,513,3,2
471,514,3,2
471,515,3,2
471,516,3,2
471,517,3,2
471,518,3,2
471,519,3,2
471,520,3,2
471,521,3,2
471,522,3,2
471,523,3,2
471,524,3,2
471,525,3,2
471,526,3,2
471,527,3,2
471,528,3,2
471,529,3,2
471,530,3,2
471,531,3,2
471,532,3,2
471,533,3,2
471,534,3,2
471,535,3,2
471,536,3,2
471,537,3,2
471,538,3,2
471,539,3,2
471,540,3,2
471,541,3,2
471,542,3,2
471,543,3,2
471,544,3,2
471,545,3,2
471,546,3,2
471,547,3,2
471,548,3,2
471,549,3,2
471,550,3,2
471,551,3,2
471,552,3,2
471,553,3,2
471,554,3,2
471,555,3,2
471,556,3,2
471,557,3,2
471,558,3,2
471,559,3,2
471,560,3,2
471,561,3,2
471,562,3,2
471,563,3,2
471,564,3,2
471,565,3,2
471,566,3,2
471,567,3,2
471,568,3,2
471,569,3,2
471,570,3,2
471,571,3,2
471,572,3,2
471,573,3,2
471,574,3,2
471,575,3,2
471,576,3,2
471,577,3,2
471,578,3,2
471,579,3,2
471,580,3,2
471,581,3,2
471,582,3,2
471,583,3,2
471,584,3,2
471,585,3,2
471,586,3,2
471,587,3,2
471,588,3,2
471,589,3,2
471,590,3,2
471,591,3,2
471,592,3,2
471,593,3,2
471,594,3,2
471,595,3,2
471,596,3,2
471,597,3,2
471,598,3,2
471,599,3,2
471,600,3,2
471,601,3,2
471,602,3,2
471,603,3,2
471,604,3,2
471,605,3,2
471,606,3,2
471,607,3,2
471,608,3,2
471,609,3,2
471,610,3,2
471,611,3,2
471,612,3,2
471,613,3,2
471,614,3,2
471,615,3,2
471,616,3,2
471,617,3,2
471,618,3,2
471,619,3,2
471,620,3,2
471,621,3,2
471,622,3,2
471,623,3,2
471,624,3,2
471,625,3,2
471,626,3,2
471,627,3,2
471,628,3,2
471,629,3,2
471,630,3,2
471,631,3,2
471,632,3,2
471,633,3,2
471,634,3,2
471,635,3,2
471,636,3,2
471,637,3,2
471,638,3,2
471,639,3,2
471,640,3,2
471,641,3,2
471,642,3,2
471,643,3,2
471,644,3,2
471,645,3,2
471,646,3,2
471,647,3,2
471,648,3,2
471,649,3,2
471,650,3,2
471,651,3,2
471,652,3,2
471,653,3,2
471,654,3,2
471,655,3,2
471,656,3,2
471,657,3,2
471,658,3,2
471,659,3,2
471,660,3,2
471,661,3,2
471,662,3,2
471,663,3,2
471,664,3,2
471,665,3,2
471,666,3,2
471,667,3,2
471,668,3,2
471,669,3,2
471,670,3,2
472,72,3,2
472,73,3,2
472,74,3,2
472,75,3,2
472,76,3,2
472,77,3,2
472,78,3,2
472,79,3,2
472,80,3,2
472,81,3,2
472,82,3,2
472,83,3,2
472,84,3,2
472,85,3,2
472,86,3,2
472,87,3,2
472,88,3,2
472,89,3,2
472,90,3,2
472,91,3,2
472,92,3,2
472,93,3,2
472,94,3,2
472,95,3,2
472,96,3,2
472,97,3,2
472,98,3,2
472,99,3,2
472,100,3,2
472,101,3,2
472,102,3,2
472,103,3,2
472,104,3,2
472,105,3,2
472,106,3,2
472,107,3,2
472,108,3,2
472,109,3,2
472,110,3,2
472,111,3,2
472,112,3,2
472,113,3,2
472,114,3,2
472,115,3,2
472,116,3,2
472,117,3,2
472,118,3,2
472,119,3,2
472,120,3,2
472,121,3,2
472,122,3,2
472,123,3,2
472,124,3,2
472,125,3,2
472,126,3,2
472,127,3,2
472,128,3,2
472,129,3,2
472,130,3,2
472,131,3,2
472,132,3,2
472,133,3,2
472,134,3,2
472,135,3,2
472,136,3,2
472,137,3,2
472,138,3,2
472,139,3,2
472,140,3,2
472,141,3,2
472,142,3,2
472,143,3,2
472,144,3,2
472,145,3,2
472,146,3,2
472,147,3,2
472,148,3,2
472,149,3,2
472,150,3,2
472,151,3,2
472,152,3,2
472,153,3,2
472,154,3,2
472,155,3,2
472,156,3,2
472,157,3,2
472,158,3,2
472,159,3,2
472,160,3,2
472,161,3,2
472,162,3,2
472,163,3,2
472,164,3,2
472,165,3,2
472,166,3,2
472,167,3,2
472,168,3,2
472,169,3,2
472,170,3,2
472,171,3,2
472,172,3,2
472,173,3,2
472,174,3,2
472,175,3,2
472,176,3,2
472,177,3,2
472,178,3,2
472,179,3,2
472,180,3,2
472,181,3,2
472,182,3,2
472,183,3,2
472,184,3,2
472,185,3,2
472,186,3,2
472,187,3,2
472,188,3,2
472,189,3,2
472,190,3,2
472,191,3,2
472,192,3,2
472,193,3,2
472,194,3,2
472,195,3,2
472,196,3,2
472,197,3,2
472,198,3,2
472,199,3,2
472,200,3,2
472,201,3,2
472,202,3,2
472,203,3,2
472,204,3,2
472,205,3,2
472,206,3,2
472,207,3,2
472,208,3,2
472,209,3,2
472,210,3,2
472,211,3,2
472,212,3,2
472,213,3,2
472,214,3,2
472,215,3,2
472,216,3,2
472,217,3,2
472,218,3,2
472,219,3,2
472,220,3,2
472,221,3,2
472,222,3,2
472,223,3,2
472,224,3,2
472,225,3,2
472,226,3,2
472,227,3,2
472,228,3,2
472,229,3,2
472,230,3,2
472,231,3,2
472,232,3,2
472,233,3,2
472,234,3,2
472,235,3,2
472,236,3,2
472,237,3,2
472,238,3,2
472,239,3,2
472,240,3,2
472,241,3,2
472,242,3,2
472,243,3,2
472,244,3,2
472,245,3,2
472,246,3,2
472,247,3,2
472,248,3,2
472,249,3,2
472,250,3,2
472,251,3,2
472,252,3,2
472,253,3,2
472,254,3,2
472,255,3,2
472,256,3,2
472,257,3,2
472,258,3,2
472,259,3,2
472,260,3,2
472,261,3,2
472,262,3,2
472,263,3,2
472,264,3,2
472,265,3,2
472,266,3,2
472,267,3,2
472,268,3,2
472,269,3,2
472,270,3,2
472,271,3,2
472,272,3,2
472,273,3,2
472,274,3,2
472,275,3,2
472,276,3,2
472,277,3,2
472,278,3,2
472,279,3,2
472,280,3,2
472,281,3,2
472,282,3,2
472,283,3,2
472,284,3,2
472,285,3,2
472,286,3,2
472,287,3,2
472,288,3,2
472,289,3,2
472,290,3,2
472,291,3,2
472,292,3,2
472,293,3,2
472,294,3,2
472,295,3,2
472,296,3,2
472,297,3,2
472,298,3,2
472,299,3,2
472,300,3,2
472,301,3,2
472,302,3,2
472,303,3,2
472,304,3,2
472,305,3,2
472,306,3,2
472,307,3,2
472,308,3,2
472,309,3,2
472,310,3,2
472,311,3,2
472,312,3,2
472,313,3,2
472,314,3,2
472,315,3,2
472,316,3,2
472,317,3,2
472,318,3,2
472,319,3,2
472,320,3,2
472,321,3,2
472,322,3,2
472,323,3,2
472,324,3,2
472,325,3,2
472,326,3,2
472,327,3,2
472,328,3,2
472,329,3,2
472,330,3,2
472,331,3,2
472,332,3,2
472,333,3,2
472,334,3,2
472,335,3,2
472,336,3,2
472,337,3,2
472,338,3,2
472,339,3,2
472,340,3,2
472,341,3,2
472,342,3,2
472,343,3,2
472,344,3,2
472,345,3,2
472,346,3,2
472,347,3,2
472,348,3,2
472,349,3,2
472,350,3,2
472,351,3,2
472,352,3,2
472,353,3,2
472,354,3,2
472,355,3,2
472,356,3,2
472,357,3,2
472,358,3,2
472,359,3,2
472,360,3,2
472,361,3,2
472,362,3,2
472,363,3,2
472,364,3,2
472,365,3,2
472,366,3,2
472,367,3,2
472,368,3,2
472,369,3,2
472,370,3,2
472,371,3,2
472,372,3,2
472,373,3,2
472,374,3,2
472,375,3,2
472,376,3,2
472,377,3,2
472,378,3,2
472,379,3,2
472,380,3,2
472,381,3,2
472,382,3,2
472,383,3,2
472,384,3,2
472,385,3,2
472,386,3,2
472,387,3,2
472,388,3,3
472,389,3,3
472,390,3,3
472,391,3,3
472,392,3,3
472,393,3,3
472,394,3,3
472,395,3,3
472,396,3,3
472,397,3,3
472,398,3,3
472,399,3,3
472,400,3,3
472,401,3,3
472,402,3,3
472,403,3,3
472,404,3,3
472,405,3,3
472,406,3,3
472,407,3,3
472,408,3,3
472,409,3,3
472,410,3,2
472,411,3,2
472,412,3,2
472,413,3,2
472,414,3,2
472,415,3,2
472,416,3,2
472,417,3,2
472,418,3,2
472,419,3,2
472,420,3,2
472,421,3,2
472,422,3,2
472,423,3,2
472,424,3,2
472,425,3,2
472,426,3,2
472,427,3,2
472,428,3,2
472,429,3,2
472,430,3,2
472,431,3,2
472,432,3,2
472,433,3,2
472,434,3,2
472,435,3,2
472,436,3,2
472,437,3,2
472,438,3,2
472,439,3,2
472,440,3,2
472,441,3,2
472,442,3,2
472,443,3,2
472,444,3,2
472,445,3,2
472,446,3,2
472,447,3,2
472,448,3,2
472,449,3,2
472,450,3,2
472,451,3,3
472,452,3,3
472,453,3,3
472,454,3,3
472,455,3,3
472,456,3,3
472,457,3,3
472,458,3,3
472,459,3,3
472,460,3,3
472,461,3,3
472,462,3,3
472,463,3,3
472,464,3,3
472,465,3,3
472,466,3,3
472,467,3,3
472,468,3,3
472,469,3,3
472,470,3,3
472,471,3,3
472,472,3,3
472,473,3,3
472,474,3,3
472,475,3,3
472,476,3,3
472,477,3,3
472,478,3,3
472,479,3,3
472,480,3,3
472,481,3,3
472,482,3,2
472,483,3,2
472,484,3,2
472,485,3,2
472,486,3,2
472,487,3,2
472,488,3,2
472,489,3,2
472,490,3,2
472,491,3,2
472,492,3,2
472,493,3,2
472,494,3,2
472,495,3,2
472,496,3,2
472,497,3,2
472,498,3,2
472,499,3,2
472,500,3,2
472,501,3,2
472,502,3,2
472,503,3,2
472,504,3,2
472,505,3,2
472,506,3,2
472,507,3,2
472,508,3,2
472,509,3,2
472,510,3,2
472,511,3,2
472,512,3,2
472,513,3,2
472,514,3,2
472,515,3,2
472,516,3,2
472,517,3,2
472,518,3,2
472,519,3,2
472,520,3,2
472,521,3,2
472,522,3,2
472,523,3,2
472,524,3,2
472,525,3,2
472,526,3,2
472,527,3,2
472,528,3,2
472,529,3,2
472,530,3,2
472,531,3,2
472,532,3,2
472,533,3,2
472,534,3,2
472,535,3,2
472,536,3,2
472,537,3,2
472,538,3,2
472,539,3,2
472,540,3,2
472,541,3,2
472,542,3,2
472,543,3,2
472,544,3,2
472,545,3,2
472,546,3,2
472,547,3,2
472,548,3,2
472,549,3,2
472,550,3,2
472,551,3,2
472,552,3,2
472,553,3,2
472,554,3,2
472,555,3,2
472,556,3,2
472,557,3,2
472,558,3,2
472,559,3,2
472,560,3,2
472,561,3,2
472,562,3,2
472,563,3,2
472,564,3,2
472,565,3,2
472,566,3,2
472,567,3,2
472,568,3,2
472,569,3,2
472,570,3,2
472,571,3,2
472,572,3,2
472,573,3,2
472,574,3,2
472,575,3,2
472,576,3,2
472,577,3,2
472,578,3,2
472,579,3,2
472,580,3,2
472,581,3,2
472,582,3,2
472,583,3,2
472,584,3,2
472,585,3,2
472,586,3,2
472,587,3,2
472,588,3,2
472,589,3,2
472,590,3,2
472,591,3,2
472,592,3,2
472,593,3,2
472,594,3,2
472,595,3,2
472,596,3,2
472,597,3,2
472,598,3,2
472,599,3,2
472,600,3,2
472,601,3,2
472,602,3,2
472,603,3,2
472,604,3,2
472,605,3,2
472,606,3,2
472,607,3,2
472,608,3,2
472,609,3,2
472,610,3,2
472,611,3,2
472,612,3,2
472,613,3,2
472,614,3,2
472,615,3,2
472,616,3,2
472,617,3,2
472,618,3,2
472,619,3,2
472,620,3,2
472,621,3,2
472,622,3,2
472,623,3,2
472,624,3,2
472,625,3,2
472,626,3,2
472,627,3,2
472,628,3,2
472,629,3,2
472,630,3,2
472,631,3,2
472,632,3,2
472,633,3,2
472,634,3,2
472,635,3,2
472,636,3,2
472,637,3,2
472,638,3,2
472,639,3,2
472,640,3,2
472,641,3,2
472,642,3,2
472,643,3,2
472,644,3,2
472,645,3,2
472,646,3,2
472,647,3,2
472,648,3,2
472,649,3,2
472,650,3,2
472,651,3,2
472,652,3,2
472,653,3,2
472,654,3,2
472,655,3,2
472,656,3,2
472,657,3,2
472,658,3,2
472,659,3,2
472,660,3,2
472,661,3,2
472,662,3,2
472,663,3,2
472,664,3,2
472,665,3,2
472,666,3,2
472,667,3,2
472,668,3,2
472,669,3,2
472,670,3,2
472,671,3,2
473,73,3,2
473,74,3,2
473,75,3,2
473,76,3,2
473,77,3,2
473,78,3,2
473,79,3,2
473,80,3,2
473,81,3,2
473,82,3,2
473,83,3,2
473,84,3,2
473,85,3,2
473,86,3,2
473,87,3,2
473,88,3,2
473,89,3,2
473,90,3,2
473,91,3,2
473,92,3,2
473,93,3,2
473,94,3,2
473,95,3,2
473,96,3,2
473,97,3,2
473,98,3,2
473,99,3,2
473,100,3,2
473,101,3,2
473,102,3,2
473,103,3,2
473,104,3,2
473,105,3,2
473,106,3,2
473,107,3,2
473,108,3,2
473,109,3,2
473,110,3,2
473,111,3,2
473,112,3,2
473,113,3,2
473,114,3,2
473,115,3,2
473,116,3,2
473,117,3,2
473,118,3,2
473,119,3,2
473,120,3,2
473,121,3,2
473,122,3,2
473,123,3,2
473,124,3,2
473,125,3,2
473,126,3,2
473,127,3,2
473,128,3,2
473,129,3,2
473,130,3,2
473,131,3,2
473,132,3,2
473,133,3,2
473,134,3,2
473,135,3,2
473,136,3,2
473,137,3,2
473,138,3,2
473,139,3,2
473,140,3,2
473,141,3,2
473,142,3,2
473,143,3,2
473,144,3,2
473,145,3,2
473,146,3,2
473,147,3,2
473,148,3,2
473,149,3,2
473,150,3,2
473,151,3,2
473,152,3,2
473,153,3,2
473,154,3,2
473,155,3,2
473,156,3,2
473,157,3,2
473,158,3,2
473,159,3,2
473,160,3,2
473,161,3,2
473,162,3,2
473,163,3,2
473,164,3,2
473,165,3,2
473,166,3,2
473,167,3,2
473,168,3,2
473,169,3,2
473,170,3,2
473,171,3,2
473,172,3,2
473,173,3,2
473,174,3,2
473,175,3,2
473,176,3,2
473,177,3,2
473,178,3,2
473,179,3,2
473,180,3,2
473,181,3,2
473,182,3,2
473,183,3,2
473,184,3,2
473,185,3,2
473,186,3,2
473,187,3,2
473,188,3,2
473,189,3,2
473,190,3,2
473,191,3,2
473,192,3,2
473,193,3,2
473,194,3,2
473,195,3,2
473,196,3,2
473,197,3,2
473,198,3,2
473,199,3,2
473,200,3,2
473,201,3,2
473,202,3,2
473,203,3,2
473,204,3,2
473,205,3,2
473,206,3,2
473,207,3,2
473,208,3,2
473,209,3,2
473,210,3,2
473,211,3,2
473,212,3,2
473,213,3,2
473,214,3,2
473,215,3,2
473,216,3,2
473,217,3,2
473,218,3,2
473,219,3,2
473,220,3,2
473,221,3,2
473,222,3,2
473,223,3,2
473,224,3,2
473,225,3,2
473,226,3,2
473,227,3,2
473,228,3,2
473,229,3,2
473,230,3,2
473,231,3,2
473,232,3,2
473,233,3,2
473,234,3,2
473,235,3,2
473,236,3,2
473,237,3,2
473,238,3,2
473,239,3,2
473,240,3,2
473,241,3,2
473,242,3,2
473,243,3,2
473,244,3,2
473,245,3,2
473,246,3,2
473,247,3,2
473,248,3,2
473,249,3,2
473,250,3,2
473,251,3,2
473,252,3,2
473,253,3,2
473,254,3,2
473,255,3,2
473,256,3,2
473,257,3,2
473,258,3,2
473,259,3,2
473,260,3,2
473,261,3,2
473,262,3,2
473,263,3,2
473,264,3,2
473,265,3,2
473,266,3,2
473,267,3,2
473,268,3,2
473,269,3,2
473,270,3,2
473,271,3,2
473,272,3,2
473,273,3,2
473,274,3,2
473,275,3,2
473,276,3,2
473,277,3,2
473,278,3,2
473,279,3,2
473,280,3,2
473,281,3,2
473,282,3,2
473,283,3,2
473,284,3,2
473,285,3,2
473,286,3,2
473,287,3,2
473,288,3,2
473,289,3,2
473,290,3,2
473,291,3,2
473,292,3,2
473,293,3,2
473,294,3,2
473,295,3,2
473,296,3,2
473,297,3,2
473,298,3,2
473,299,3,2
473,300,3,2
473,301,3,2
473,302,3,2
473,303,3,2
473,304,3,2
473,305,3,2
473,306,3,2
473,307,3,2
473,308,3,2
473,309,3,2
473,310,3,2
473,311,3,2
473,312,3,2
473,313,3,2
473,314,3,2
473,315,3,2
473,316,3,2
473,317,3,2
473,318,3,2
473,319,3,2
473,320,3,2
473,321,3,2
473,322,3,2
473,323,3,2
473,324,3,2
473,325,3,2
473,326,3,2
473,327,3,2
473,328,3,2
473,329,3,2
473,330,3,2
473,331,3,2
473,332,3,2
473,333,3,2
473,334,3,2
473,335,3,2
473,336,3,2
473,337,3,2
473,338,3,2
473,339,3,2
473,340,3,2
473,341,3,2
473,342,3,2
473,343,3,2
473,344,3,2
473,345,3,2
473,346,3,2
473,347,3,2
473,348,3,2
473,349,3,2
473,350,3,2
473,351,3,2
473,352,3,2
473,353,3,2
473,354,3,2
473,355,3,2
473,356,3,2
473,357,3,2
473,358,3,2
473,359,3,2
473,360,3,2
473,361,3,2
473,362,3,2
473,363,3,2
473,364,3,2
473,365,3,2
473,366,3,2
473,367,3,2
473,368,3,2
473,369,3,2
473,370,3,2
473,371,3,2
473,372,3,2
473,373,3,2
473,374,3,2
473,375,3,2
473,376,3,2
473,377,3,2
473,378,3,2
473,379,3,2
473,380,3,2
473,381,3,2
473,382,3,2
473,383,3,2
473,384,3,2
473,385,3,2
473,386,3,2
473,387,3,2
473,388,3,3
473,389,3,3
473,390,3,3
473,391,3,3
473,392,3,3
473,393,3,3
473,394,3,3
473,395,3,3
473,396,3,3
473,397,3,3
473,398,3,3
473,399,3,3
473,400,3,3
473,401,3,3
473,402,3,3
473,403,3,3
473,404,3,3
473,405,3,3
473,406,3,3
473,407,3,3
473,408,3,3
473,409,3,3
473,410,3,3
473,411,3,2
473,412,3,2
473,413,3,2
473,414,3,2
473,415,3,2
473,416,3,2
473,417,3,2
473,418,3,2
473,419,3,2
473,420,3,2
473,421,3,2
473,422,3,2
473,423,3,2
473,424,3,2
473,425,3,2
473,426,3,2
473,427,3,2
473,428,3,2
473,429,3,2
473,430,3,2
473,431,3,2
473,432,3,2
473,433,3,2
473,434,3,2
473,435,3,2
473,436,3,2
473,437,3,2
473,438,3,2
473,439,3,2
473,440,3,2
473,441,3,2
473,442,3,2
473,443,3,2
473,444,3,2
473,445,3,2
473,446,3,2
473,447,3,2
473,448,3,2
473,449,3,2
473,450,3,2
473,451,3,3
473,452,3,3
473,453,3,3
473,454,3,3
473,455,3,3
473,456,3,3
473,457,3,3
473,458,3,3
473,459,3,3
473,460,3,3
473,461,3,3
473,462,3,3
473,463,3,3
473,464,3,3
473,465,3,3
473,466,3,3
473,467,3,3
473,468,3,3
473,469,3,3
473,470,3,3
473,471,3,3
473,472,3,3
473,473,3,3
473,474,3,3
473,475,3,3
473,476,3,3
473,477,3,3
473,478,3,3
473,479,3,3
473,480,3,3
473,481,3,3
473,482,3,3
473,483,3,2
473,484,3,2
473,485,3,2
473,486,3,2
473,487,3,2
473,488,3,2
473,489,3,2
473,490,3,2
473,491,3,2
473,492,3,2
473,493,3,2
473,494,3,2
473,495,3,2
473,496,3,2
473,497,3,2
473,498,3,2
473,499,3,2
473,500,3,2
473,501,3,2
473,502,3,2
473,503,3,2
473,504,3,2
473,505,3,2
473,506,3,2
473,507,3,2
473,508,3,2
473,509,3,2
473,510,3,2
473,511,3,2
473,512,3,2
473,513,3,2
473,514,3,2
473,515,3,2
473,516,3,2
473,517,3,2
473,518,3,2
473,519,3,2
473,520,3,2
473,521,3,2
473,522,3,2
473,523,3,2
473,524,3,2
473,525,3,2
473,526,3,2
473,527,3,2
473,528,3,2
473,529,3,2
473,530,3,2
473,531,3,2
473,532,3,2
473,533,3,2
473,534,3,2
473,535,3,2
473,536,3,2
473,537,3,2
473,538,3,2
473,539,3,2
473,540,3,2
473,541,3,2
473,542,3,2
473,543,3,2
473,544,3,2
473,545,3,2
473,546,3,2
473,547,3,2
473,548,3,2
473,549,3,2
473,550,3,2
473,551,3,2
473,552,3,2
473,553,3,2
473,554,3,2
473,555,3,2
473,556,3,2
473,557,3,2
473,558,3,2
473,559,3,2
473,560,3,2
473,561,3,2
473,562,3,2
473,563,3,2
473,564,3,2
473,565,3,2
473,566,3,2
473,567,3,2
473,568,3,2
473,569,3,2
473,570,3,2
473,571,3,2
473,572,3,2
473,573,3,2
473,574,3,2
473,575,3,2
473,576,3,2
473,577,3,2
473,578,3,2
473,579,3,2
473,580,3,2
473,581,3,2
473,582,3,2
473,583,3,2
473,584,3,2
473,585,3,2
473,586,3,2
473,587,3,2
473,588,3,2
473,589,3,2
473,590,3,2
473,591,3,2
473,592,3,2
473,593,3,2
473,594,3,2
473,595,3,2
473,596,3,2
473,597,3,2
473,598,3,2
473,599,3,2
473,600,3,2
473,601,3,2
473,602,3,2
473,603,3,2
473,604,3,2
473,605,3,2
473,606,3,2
473,607,3,2
473,608,3,2
473,609,3,2
473,610,3,2
473,611,3,2
473,612,3,2
473,613,3,2
473,614,3,2
473,615,3,2
473,616,3,2
473,617,3,2
473,618,3,2
473,619,3,2
473,620,3,2
473,621,3,2
473,622,3,2
473,623,3,2
473,624,3,2
473,625,3,2
473,626,3,2
473,627,3,2
473,628,3,2
473,629,3,2
473,630,3,2
473,631,3,2
473,632,3,2
473,633,3,2
473,634,3,2
473,635,3,2
473,636,3,2
473,637,3,2
473,638,3,2
473,639,3,2
473,640,3,2
473,641,3,2
473,642,3,2
473,643,3,2
473,644,3,2
473,645,3,2
473,646,3,2
473,647,3,2
473,648,3,2
473,649,3,2
473,650,3,2
473,651,3,2
473,652,3,2
473,653,3,2
473,654,3,2
473,655,3,2
473,656,3,2
473,657,3,2
473,658,3,2
473,659,3,2
473,660,3,2
473,661,3,2
473,662,3,2
473,663,3,2
473,664,3,2
473,665,3,2
473,666,3,2
473,667,3,2
473,668,3,2
473,669,3,2
473,670,3,2
473,671,3,2
474,73,3,2
474,74,3,2
474,75,3,2
474,76,3,2
474,77,3,2
474,78,3,2
474,79,3,2
474,80,3,2
474,81,3,2
474,82,3,2
474,83,3,2
474,84,3,2
474,85,3,2
474,86,3,2
474,87,3,2
474,88,3,2
474,89,3,2
474,90,3,2
474,91,3,2
474,92,3,2
474,93,3,2
474,94,3,2
474,95,3,2
474,96,3,2
474,97,3,2
474,98,3,2
474,99,3,2
474,100,3,2
474,101,3,2
474,102,3,2
474,103,3,2
474,104,3,2
474,105,3,2
474,106,3,2
474,107,3,2
474,108,3,2
474,109,3,2
474,110,3,2
474,111,3,2
474,112,3,2
474,113,3,2
474,114,3,2
474,115,3,2
474,116,3,2
474,117,3,2
474,118,3,2
474,119,3,2
474,120,3,2
474,121,3,2
474,122,3,2
474,123,3,2
474,124,3,2
474,125,3,2
474,126,3,2
474,127,3,2
474,128,3,2
474,129,3,2
474,130,3,2
474,131,3,2
474,132,3,2
474,133,3,2
474,134,3,2
474,135,3,2
474,136,3,2
474,137,3,2
474,138,3,2
474,139,3,2
474,140,3,2
474,141,3,2
474,142,3,2
474,143,3,2
474,144,3,2
474,145,3,2
474,146,3,2
474,147,3,2
474,148,3,2
474,149,3,2
474,150,3,2
474,151,3,2
474,152,3,2
474,153,3,2
474,154,3,2
474,155,3,2
474,156,3,2
474,157,3,2
474,158,3,2
474,159,3,2
474,160,3,2
474,161,3,2
474,162,3,2
474,163,3,2
474,164,3,2
474,165,3,2
474,166,3,2
474,167,3,2
474,168,3,2
474,169,3,2
474,170,3,2
474,171,3,2
474,172,3,2
474,173,3,2
474,174,3,2
474,175,3,2
474,176,3,2
474,177,3,2
474,178,3,2
474,179,3,2
474,180,3,2
474,181,3,2
474,182,3,2
474,183,3,2
474,184,3,2
474,185,3,2
474,186,3,2
474,187,3,2
474,188,3,2
474,189,3,2
474,190,3,2
474,191,3,2
474,192,3,2
474,193,3,2
474,194,3,2
474,195,3,2
474,196,3,2
474,197,3,2
474,198,3,2
474,199,3,2
474,200,3,2
474,201,3,2
474,202,3,2
474,203,3,2
474,204,3,2
474,205,3,2
474,206,3,2
474,207,3,2
474,208,3,2
474,209,3,2
474,210,3,2
474,211,3,2
474,212,3,2
474,213,3,2
474,214,3,2
474,215,3,2
474,216,3,2
474,217,3,2
474,218,3,2
474,219,3,2
474,220,3,2
474,221,3,2
474,222,3,2
474,223,3,2
474,224,3,2
474,225,3,2
474,226,3,2
474,227,3,2
474,228,3,2
474,229,3,2
474,230,3,2
474,231,3,2
474,232,3,2
474,233,3,2
474,234,3,2
474,235,3,2
474,236,3,2
474,237,3,2
474,238,3,2
474,239,3,2
474,240,3,2
474,241,3,2
474,242,3,2
474,243,3,2
474,244,3,2
474,245,3,2
474,246,3,2
474,247,3,2
474,248,3,2
474,249,3,2
474,250,3,2
474,251,3,2
474,252,3,2
474,253,3,2
474,254,3,2
474,255,3,2
474,256,3,2
474,257,3,2
474,258,3,2
474,259,3,2
474,260,3,2
474,261,3,2
474,262,3,2
474,263,3,2
474,264,3,2
474,265,3,2
474,266,3,2
474,267,3,2
474,268,3,2
474,269,3,2
474,270,3,2
474,271,3,2
474,272,3,2
474,273,3,2
474,274,3,2
474,275,3,2
474,276,3,2
474,277,3,2
474,278,3,2
474,279,3,2
474,280,3,2
474,281,3,2
474,282,3,2
474,283,3,2
474,284,3,2
474,285,3,2
474,286,3,2
474,287,3,2
474,288,3,2
474,289,3,2
474,290,3,2
474,291,3,2
474,292,3,2
474,293,3,2
474,294,3,2
474,295,3,2
474,296,3,2
474,297,3,2
474,298,3,2
474,299,3,2
474,300,3,2
474,301,3,2
474,302,3,2
474,303,3,2
474,304,3,2
474,305,3,2
474,306,3,2
474,307,3,2
474,308,3,2
474,309,3,2
474,310,3,2
474,311,3,2
474,312,3,2
474,313,3,2
474,314,3,2
474,315,3,2
474,316,3,2
474,317,3,2
474,318,3,2
474,319,3,2
474,320,3,2
474,321,3,2
474,322,3,2
474,323,3,2
474,324,3,2
474,325,3,2
474,326,3,2
474,327,3,2
474,328,3,2
474,329,3,2
474,330,3,2
474,331,3,2
474,332,3,2
474,333,3,2
474,334,3,2
474,335,3,2
474,336,3,2
474,337,3,2
474,338,3,2
474,339,3,2
474,340,3,2
474,341,3,2
474,342,3,2
474,343,3,2
474,344,3,2
474,345,3,2
474,346,3,2
474,347,3,2
474,348,3,2
474,349,3,2
474,350,3,2
474,351,3,2
474,352,3,2
474,353,3,2
474,354,3,2
474,355,3,2
474,356,3,2
474,357,3,2
474,358,3,2
474,359,3,2
474,360,3,2
474,361,3,2
474,362,3,2
474,363,3,2
474,364,3,2
474,365,3,2
474,366,3,2
474,367,3,2
474,368,3,2
474,369,3,2
474,370,3,2
474,371,3,2
474,372,3,2
474,373,3,2
474,374,3,2
474,375,3,2
474,376,3,2
474,377,3,2
474,378,3,2
474,379,3,2
474,380,3,2
474,381,3,2
474,382,3,2
474,383,3,2
474,384,3,2
474,385,3,2
474,386,3,2
474,387,3,2
474,388,3,3
474,389,3,3
474,390,3,3
474,391,3,3
474,392,3,3
474,393,3,3
474,394,3,3
474,395,3,3
474,396,3,3
474,397,3,3
474,398,3,3
474,399,3,3
474,400,3,3
474,401,3,3
474,402,3,3
474,403,3,3
474,404,3,3
474,405,3,3
474,406,3,3
474,407,3,3
474,408,3,3
474,409,3,3
474,410,3,3
474,411,3,2
474,412,3,2
474,413,3,2
474,414,3,2
474,415,3,2
474,416,3,2
474,417,3,2
474,418,3,2
474,419,3,2
474,420,3,2
474,421,3,2
474,422,3,2
474,423,3,2
474,424,3,2
474,425,3,2
474,426,3,2
474,427,3,2
474,428,3,2
474,429,3,2
474,430,3,2
474,431,3,2
474,432,3,2
474,433,3,2
474,434,3,2
474,435,3,2
474,436,3,2
474,437,3,2
474,438,3,2
474,439,3,2
474,440,3,2
474,441,3,2
474,442,3,2
474,443,3,2
474,444,3,2
474,445,3,2
474,446,3,2
474,447,3,2
474,448,3,2
474,449,3,2
474,450,3,2
474,451,3,3
474,452,3,3
474,453,3,3
474,454,3,3
474,455,3,3
474,456,3,3
474,457,3,3
474,458,3,3
474,459,3,3
474,460,3,3
474,461,3,3
474,462,3,3
474,463,3,3
474,464,3,3
474,465,3,3
474,466,3,3
474,467,3,3
474,468,3,3
474,469,3,3
474,470,3,3
474,471,3,3
474,472,3,3
474,473,3,3
474,474,3,3
474,475,3,3
474,476,3,3
474,477,3,3
474,478,3,3
474,479,3,3
474,480,3,3
474,481,3,3
474,482,3,3
474,483,3,2
474,484,3,2
474,485,3,2
474,486,3,2
474,487,3,2
474,488,3,2
474,489,3,2
474,490,3,2
474,491,3,2
474,492,3,2
474,493,3,2
474,494,3,2
474,495,3,2
474,496,3,2
474,497,3,2
474,498,3,2
474,499,3,2
474,500,3,2
474,501,3,2
474,502,3,2
474,503,3,2
474,504,3,2
474,505,3,2
474,506,3,2
474,507,3,2
474,508,3,2
474,509,3,2
474,510,3,2
474,511,3,2
474,512,3,2
474,513,3,2
474,514,3,2
474,515,3,2
474,516,3,2
474,517,3,2
474,518,3,2
474,519,3,2
474,520,3,2
474,521,3,2
474,522,3,2
474,523,3,2
474,524,3,2
474,525,3,2
474,526,3,2
474,527,3,2
474,528,3,2
474,529,3,2
474,530,3,2
474,531,3,2
474,532,3,2
474,533,3,2
474,534,3,2
474,535,3,2
474,536,3,2
474,537,3,2
474,538,3,2
474,539,3,2
474,540,3,2
474,541,3,2
474,542,3,2
474,543,3,2
474,544,3,2
474,545,3,2
474,546,3,2
474,547,3,2
474,548,3,2
474,549,3,2
474,550,3,2
474,551,3,2
474,552,3,2
474,553,3,2
474,554,3,2
474,555,3,2
474,556,3,2
474,557,3,2
474,558,3,2
474,559,3,2
474,560,3,2
474,561,3,2
474,562,3,2
474,563,3,2
474,564,3,2
474,565,3,2
474,566,3,2
474,567,3,2
474,568,3,2
474,569,3,2
474,570,3,2
474,571,3,2
474,572,3,2
474,573,3,2
474,574,3,2
474,575,3,2
474,576,3,2
474,577,3,2
474,578,3,2
474,579,3,2
474,580,3,2
474,581,3,2
474,582,3,2
474,583,3,2
474,584,3,2
474,585,3,2
474,586,3,2
474,587,3,2
474,588,3,2
474,589,3,2
474,590,3,2
474,591,3,2
474,592,3,2
474,593,3,2
474,594,3,2
474,595,3,2
474,596,3,2
474,597,3,2
474,598,3,2
474,599,3,2
474,600,3,2
474,601,3,2
474,602,3,2
474,603,3,2
474,604,3,2
474,605,3,2
474,606,3,2
474,607,3,2
474,608,3,2
474,609,3,2
474,610,3,2
474,611,3,2
474,612,3,2
474,613,3,2
474,614,3,2
474,615,3,2
474,616,3,2
474,617,3,2
474,618,3,2
474,619,3,2
474,620,3,2
474,621,3,2
474,622,3,2
474,623,3,2
474,624,3,2
474,625,3,2
474,626,3,2
474,627,3,2
474,628,3,2
474,629,3,2
474,630,3,2
474,631,3,2
474,632,3,2
474,633,3,2
474,634,3,2
474,635,3,2
474,636,3,2
474,637,3,2
474,638,3,2
474,639,3,2
474,640,3,2
474,641,3,2
474,642,3,2
474,643,3,2
474,644,3,2
474,645,3,2
474,646,3,2
474,647,3,2
474,648,3,2
474,649,3,2
474,650,3,2
474,651,3,2
474,652,3,2
474,653,3,2
474,654,3,2
474,655,3,2
474,656,3,2
474,657,3,2
474,658,3,2
474,659,3,2
474,660,3,2
474,661,3,2
474,662,3,2
474,663,3,2
474,664,3,2
474,665,3,2
474,666,3,2
474,667,3,2
474,668,3,2
474,670,3,2
474,671,3,2
475,74,3,2
475,75,3,2
475,76,3,2
475,77,3,2
475,78,3,2
475,79,3,2
475,80,3,2
475,81,3,2
475,82,3,2
475,83,3,2
475,84,3,2
475,85,3,2
475,86,3,2
475,87,3,2
475,88,3,2
475,89,3,2
475,90,3,2
475,91,3,2
475,92,3,2
475,93,3,2
475,94,3,2
475,95,3,2
475,96,3,2
475,97,3,2
475,98,3,2
475,99,3,2
475,100,3,2
475,101,3,2
475,102,3,2
475,103,3,2
475,104,3,2
475,105,3,2
475,106,3,2
475,107,3,2
475,108,3,2
475,109,3,2
475,110,3,2
475,111,3,2
475,112,3,2
475,113,3,2
475,114,3,2
475,115,3,2
475,116,3,2
475,117,3,2
475,118,3,2
475,119,3,2
475,120,3,2
475,121,3,2
475,122,3,2
475,123,3,2
475,124,3,2
475,125,3,2
475,126,3,2
475,127,3,2
475,128,3,2
475,129,3,2
475,130,3,2
475,131,3,2
475,132,3,2
475,133,3,2
475,134,3,2
475,135,3,2
475,136,3,2
475,137,3,2
475,138,3,2
475,139,3,2
475,140,3,2
475,141,3,2
475,142,3,2
475,143,3,2
475,144,3,2
475,145,3,2
475,146,3,2
475,147,3,2
475,148,3,2
475,149,3,2
475,150,3,2
475,151,3,2
475,152,3,2
475,153,3,2
475,154,3,2
475,155,3,2
475,156,3,2
475,157,3,2
475,158,3,2
475,159,3,2
475,160,3,2
475,161,3,2
475,162,3,2
475,163,3,2
475,164,3,2
475,165,3,2
475,166,3,2
475,167,3,2
475,168,3,2
475,169,3,2
475,170,3,2
475,171,3,2
475,172,3,2
475,173,3,2
475,174,3,2
475,175,3,2
475,176,3,2
475,177,3,2
475,178,3,2
475,179,3,2
475,180,3,2
475,181,3,2
475,182,3,2
475,183,3,2
475,184,3,2
475,185,3,2
475,186,3,2
475,187,3,2
475,188,3,2
475,189,3,2
475,190,3,2
475,191,3,2
475,192,3,2
475,193,3,2
475,194,3,2
475,195,3,2
475,196,3,2
475,197,3,2
475,198,3,2
475,199,3,2
475,200,3,2
475,201,3,2
475,202,3,2
475,203,3,2
475,204,3,2
475,205,3,2
475,206,3,2
475,207,3,2
475,208,3,2
475,209,3,2
475,210,3,2
475,211,3,2
475,212,3,2
475,213,3,2
475,214,3,2
475,215,3,2
475,216,3,2
475,217,3,2
475,218,3,2
475,219,3,2
475,220,3,2
475,221,3,2
475,222,3,2
475,223,3,2
475,224,3,2
475,225,3,2
475,226,3,2
475,227,3,2
475,228,3,2
475,229,3,2
475,230,3,2
475,231,3,2
475,232,3,2
475,233,3,2
475,234,3,2
475,235,3,2
475,236,3,2
475,237,3,2
475,238,3,2
475,239,3,2
475,240,3,2
475,241,3,2
475,242,3,2
475,243,3,2
475,244,3,2
475,245,3,2
475,246,3,2
475,247,3,2
475,248,3,2
475,249,3,2
475,250,3,2
475,251,3,2
475,252,3,2
475,253,3,2
475,254,3,2
475,255,3,2
475,256,3,2
475,257,3,2
475,258,3,2
475,259,3,2
475,260,3,2
475,261,3,2
475,262,3,2
475,263,3,2
475,264,3,2
475,265,3,2
475,266,3,2
475,267,3,2
475,268,3,2
475,269,3,2
475,270,3,2
475,271,3,2
475,272,3,2
475,273,3,2
475,274,3,2
475,275,3,2
475,276,3,2
475,277,3,2
475,278,3,2
475,279,3,2
475,280,3,2
475,281,3,2
475,282,3,2
475,283,3,2
475,284,3,2
475,285,3,2
475,286,3,2
475,287,3,2
475,288,3,2
475,289,3,2
475,290,3,2
475,291,3,2
475,292,3,2
475,293,3,2
475,294,3,2
475,295,3,2
475,296,3,2
475,297,3,2
475,298,3,2
475,299,3,2
475,300,3,2
475,301,3,2
475,302,3,2
475,303,3,2
475,304,3,2
475,305,3,2
475,306,3,2
475,307,3,2
475,308,3,2
475,309,3,2
475,310,3,2
475,311,3,2
475,312,3,2
475,313,3,2
475,314,3,2
475,315,3,2
475,316,3,2
475,317,3,2
475,318,3,2
475,319,3,2
475,320,3,2
475,321,3,2
475,322,3,2
475,323,3,2
475,324,3,2
475,325,3,2
475,326,3,2
475,327,3,2
475,328,3,2
475,329,3,2
475,330,3,2
475,331,3,2
475,332,3,2
475,333,3,2
475,334,3,2
475,335,3,2
475,336,3,2
475,337,3,2
475,338,3,2
475,339,3,2
475,340,3,2
475,341,3,2
475,342,3,2
475,343,3,2
475,344,3,2
475,345,3,2
475,346,3,2
475,347,3,2
475,348,3,2
475,349,3,2
475,350,3,2
475,351,3,2
475,352,3,2
475,353,3,2
475,354,3,2
475,355,3,2
475,356,3,2
475,357,3,2
475,358,3,2
475,359,3,2
475,360,3,2
475,361,3,2
475,362,3,2
475,363,3,2
475,364,3,2
475,365,3,2
475,366,3,2
475,367,3,2
475,368,3,2
475,369,3,2
475,370,3,2
475,371,3,2
475,372,3,2
475,373,3,2
475,374,3,2
475,375,3,2
475,376,3,2
475,377,3,2
475,378,3,2
475,379,3,2
475,380,3,2
475,381,3,2
475,382,3,2
475,383,3,2
475,384,3,2
475,385,3,2
475,386,3,2
475,387,3,2
475,388,3,3
475,389,3,3
475,390,3,3
475,391,3,3
475,392,3,3
475,393,3,3
475,394,3,3
475,395,3,3
475,396,3,3
475,397,3,3
475,398,3,3
475,399,3,3
475,400,3,3
475,401,3,3
475,402,3,3
475,403,3,3
475,404,3,3
475,405,3,3
475,406,3,3
475,407,3,3
475,408,3,3
475,409,3,3
475,410,3,3
475,411,3,2
475,412,3,2
475,413,3,2
475,414,3,2
475,415,3,2
475,416,3,2
475,417,3,2
475,418,3,2
475,419,3,2
475,420,3,2
475,421,3,2
475,422,3,2
475,423,3,2
475,424,3,2
475,425,3,2
475,426,3,2
475,427,3,2
475,428,3,2
475,429,3,2
475,430,3,2
475,431,3,2
475,432,3,2
475,433,3,2
475,434,3,2
475,435,3,2
475,436,3,2
475,437,3,2
475,438,3,2
475,439,3,2
475,440,3,2
475,441,3,2
475,442,3,2
475,443,3,2
475,444,3,2
475,445,3,2
475,446,3,2
475,447,3,2
475,448,3,2
475,449,3,2
475,450,3,2
475,451,3,3
475,452,3,3
475,453,3,3
475,454,3,3
475,455,3,3
475,456,3,3
475,457,3,3
475,458,3,3
475,459,3,3
475,460,3,3
475,461,3,3
475,462,3,3
475,463,3,3
475,464,3,3
475,465,3,3
475,466,3,3
475,467,3,3
475,468,3,3
475,469,3,3
475,470,3,3
475,471,3,3
475,472,3,3
475,473,3,3
475,474,3,3
475,475,3,3
475,476,3,3
475,477,3,3
475,478,3,3
475,479,3,3
475,480,3,3
475,481,3,3
475,482,3,3
475,483,3,2
475,484,3,2
475,485,3,2
475,486,3,2
475,487,3,2
475,488,3,2
475,489,3,2
475,490,3,2
475,491,3,2
475,492,3,2
475,493,3,2
475,494,3,2
475,495,3,2
475,496,3,2
475,497,3,2
475,498,3,2
475,499,3,2
475,500,3,2
475,501,3,2
475,502,3,2
475,503,3,2
475,504,3,2
475,505,3,2
475,506,3,2
475,507,3,2
475,508,3,2
475,509,3,2
475,510,3,2
475,511,3,2
475,512,3,2
475,513,3,2
475,514,3,2
475,515,3,2
475,516,3,2
475,517,3,2
475,518,3,2
475,519,3,2
475,520,3,2
475,521,3,2
475,522,3,2
475,523,3,2
475,524,3,2
475,525,3,2
475,526,3,2
475,527,3,2
475,528,3,2
475,529,3,2
475,530,3,2
475,531,3,2
475,532,3,2
475,533,3,2
475,534,3,2
475,535,3,2
475,536,3,2
475,537,3,2
475,538,3,2
475,539,3,2
475,540,3,2
475,541,3,2
475,542,3,2
475,543,3,2
475,544,3,2
475,545,3,2
475,546,3,2
475,547,3,2
475,548,3,2
475,549,3,2
475,550,3,2
475,551,3,2
475,552,3,2
475,553,3,2
475,554,3,2
475,555,3,2
475,556,3,2
475,557,3,2
475,558,3,2
475,559,3,2
475,560,3,2
475,561,3,2
475,562,3,2
475,563,3,2
475,564,3,2
475,565,3,2
475,566,3,2
475,567,3,2
475,568,3,2
475,569,3,2
475,570,3,2
475,571,3,2
475,572,3,2
475,573,3,2
475,574,3,2
475,575,3,2
475,576,3,2
475,577,3,2
475,578,3,2
475,579,3,2
475,580,3,2
475,581,3,2
475,582,3,2
475,583,3,2
475,584,3,2
475,585,3,2
475,586,3,2
475,587,3,2
475,588,3,2
475,589,3,2
475,590,3,2
475,591,3,2
475,592,3,2
475,593,3,2
475,594,3,2
475,595,3,2
475,596,3,2
475,597,3,2
475,598,3,2
475,599,3,2
475,600,3,2
475,601,3,2
475,602,3,2
475,603,3,2
475,604,3,2
475,605,3,2
475,606,3,2
475,607,3,2
475,608,3,2
475,609,3,2
475,610,3,2
475,611,3,2
475,612,3,2
475,613,3,2
475,614,3,2
475,615,3,2
475,616,3,2
475,617,3,2
475,618,3,2
475,619,3,2
475,620,3,2
475,621,3,2
475,622,3,2
475,623,3,2
475,624,3,2
475,625,3,2
475,626,3,2
475,627,3,2
475,628,3,2
475,629,3,2
475,630,3,2
475,631,3,2
475,632,3,2
475,633,3,2
475,634,3,2
475,635,3,2
475,636,3,2
475,637,3,2
475,638,3,2
475,639,3,2
475,640,3,2
475,641,3,2
475,642,3,2
475,643,3,2
475,644,3,2
475,645,3,2
475,646,3,2
475,647,3,2
475,648,3,2
475,649,3,2
475,650,3,2
475,651,3,2
475,652,3,2
475,653,3,2
475,654,3,2
475,655,3,2
475,656,3,2
475,657,3,2
475,658,3,2
475,659,3,2
475,660,3,2
475,661,3,2
475,662,3,2
475,663,3,2
475,664,3,2
475,665,3,2
475,666,3,2
475,671,3,2
476,74,3,2
476,75,3,2
476,76,3,2
476,77,3,2
476,78,3,2
476,79,3,2
476,80,3,2
476,81,3,2
476,82,3,2
476,83,3,2
476,84,3,2
476,85,3,2
476,86,3,2
476,87,3,2
476,88,3,2
476,89,3,2
476,90,3,2
476,91,3,2
476,92,3,2
476,93,3,2
476,94,3,2
476,95,3,2
476,96,3,2
476,97,3,2
476,98,3,2
476,99,3,2
476,100,3,2
476,101,3,2
476,102,3,2
476,103,3,2
476,104,3,2
476,105,3,2
476,106,3,2
476,107,3,2
476,108,3,2
476,109,3,2
476,110,3,2
476,111,3,2
476,112,3,2
476,113,3,2
476,114,3,2
476,115,3,2
476,116,3,2
476,117,3,2
476,118,3,2
476,119,3,2
476,120,3,2
476,121,3,2
476,122,3,2
476,123,3,2
476,124,3,2
476,125,3,2
476,126,3,2
476,127,3,2
476,128,3,2
476,129,3,2
476,130,3,2
476,131,3,2
476,132,3,2
476,133,3,2
476,134,3,2
476,135,3,2
476,136,3,2
476,137,3,2
476,138,3,2
476,139,3,2
476,140,3,2
476,141,3,2
476,142,3,2
476,143,3,2
476,144,3,2
476,145,3,2
476,146,3,2
476,147,3,2
476,148,3,2
476,149,3,2
476,150,3,2
476,151,3,2
476,152,3,2
476,153,3,2
476,154,3,2
476,155,3,2
476,156,3,2
476,157,3,2
476,158,3,2
476,159,3,2
476,160,3,2
476,161,3,2
476,162,3,2
476,163,3,2
476,164,3,2
476,165,3,2
476,166,3,2
476,167,3,2
476,168,3,2
476,169,3,2
476,170,3,2
476,171,3,2
476,172,3,2
476,173,3,2
476,174,3,2
476,175,3,2
476,176,3,2
476,177,3,2
476,178,3,2
476,179,3,2
476,180,3,2
476,181,3,2
476,182,3,2
476,183,3,2
476,184,3,2
476,185,3,2
476,186,3,2
476,187,3,2
476,188,3,2
476,189,3,2
476,190,3,2
476,191,3,2
476,192,3,2
476,193,3,2
476,194,3,2
476,195,3,2
476,196,3,2
476,197,3,2
476,198,3,2
476,199,3,2
476,200,3,2
476,201,3,2
476,202,3,2
476,203,3,2
476,204,3,2
476,205,3,2
476,206,3,2
476,207,3,2
476,208,3,2
476,209,3,2
476,210,3,2
476,211,3,2
476,212,3,2
476,213,3,2
476,214,3,2
476,215,3,2
476,216,3,2
476,217,3,2
476,218,3,2
476,219,3,2
476,220,3,2
476,221,3,2
476,222,3,2
476,223,3,2
476,224,3,2
476,225,3,2
476,226,3,2
476,227,3,2
476,228,3,2
476,229,3,2
476,230,3,2
476,231,3,2
476,232,3,2
476,233,3,2
476,234,3,2
476,235,3,2
476,236,3,2
476,237,3,2
476,238,3,2
476,239,3,2
476,240,3,2
476,241,3,2
476,242,3,2
476,243,3,2
476,244,3,2
476,245,3,2
476,246,3,2
476,247,3,2
476,248,3,2
476,249,3,2
476,250,3,2
476,251,3,2
476,252,3,2
476,253,3,2
476,254,3,2
476,255,3,2
476,256,3,2
476,257,3,2
476,258,3,2
476,259,3,2
476,260,3,2
476,261,3,2
476,262,3,2
476,263,3,2
476,264,3,2
476,265,3,2
476,266,3,2
476,267,3,2
476,268,3,2
476,269,3,2
476,270,3,2
476,271,3,2
476,272,3,2
476,273,3,2
476,274,3,2
476,275,3,2
476,276,3,2
476,277,3,2
476,278,3,2
476,279,3,2
476,280,3,2
476,281,3,2
476,282,3,2
476,283,3,2
476,284,3,2
476,285,3,2
476,286,3,2
476,287,3,2
476,288,3,2
476,289,3,2
476,290,3,2
476,291,3,2
476,292,3,2
476,293,3,2
476,294,3,2
476,295,3,2
476,296,3,2
476,297,3,2
476,298,3,2
476,299,3,2
476,300,3,2
476,301,3,2
476,302,3,2
476,303,3,2
476,304,3,2
476,305,3,2
476,306,3,2
476,307,3,2
476,308,3,2
476,309,3,2
476,310,3,2
476,311,3,2
476,312,3,2
476,313,3,2
476,314,3,2
476,315,3,2
476,316,3,2
476,317,3,2
476,318,3,2
476,319,3,2
476,320,3,2
476,321,3,2
476,322,3,2
476,323,3,2
476,324,3,2
476,325,3,2
476,326,3,2
476,327,3,2
476,328,3,2
476,329,3,2
476,330,3,2
476,331,3,2
476,332,3,2
476,333,3,2
476,334,3,2
476,335,3,2
476,336,3,2
476,337,3,2
476,338,3,2
476,339,3,2
476,340,3,2
476,341,3,2
476,342,3,2
476,343,3,2
476,344,3,2
476,345,3,2
476,346,3,2
476,347,3,2
476,348,3,2
476,349,3,2
476,350,3,2
476,351,3,2
476,352,3,2
476,353,3,2
476,354,3,2
476,355,3,2
476,356,3,2
476,357,3,2
476,358,3,2
476,359,3,2
476,360,3,2
476,361,3,2
476,362,3,2
476,363,3,2
476,364,3,2
476,365,3,2
476,366,3,2
476,367,3,2
476,368,3,2
476,369,3,2
476,370,3,2
476,371,3,2
476,372,3,2
476,373,3,2
476,374,3,2
476,375,3,2
476,376,3,2
476,377,3,2
476,378,3,2
476,379,3,2
476,380,3,2
476,381,3,2
476,382,3,2
476,383,3,2
476,384,3,2
476,385,3,2
476,386,3,2
476,387,3,2
476,388,3,2
476,389,3,3
476,390,3,3
476,391,3,3
476,392,3,3
476,393,3,3
476,394,3,3
476,395,3,3
476,396,3,3
476,397,3,3
476,398,3,3
476,399,3,3
476,400,3,3
476,401,3,3
476,402,3,3
476,403,3,3
476,404,3,3
476,405,3,3
476,406,3,3
476,407,3,3
476,408,3,3
476,409,3,3
476,410,3,3
476,411,3,3
476,412,3,2
476,413,3,2
476,414,3,2
476,415,3,2
476,416,3,2
476,417,3,2
476,418,3,2
476,419,3,2
476,420,3,2
476,421,3,2
476,422,3,2
476,423,3,2
476,424,3,2
476,425,3,2
476,426,3,2
476,427,3,2
476,428,3,2
476,429,3,2
476,430,3,2
476,431,3,2
476,432,3,2
476,433,3,2
476,434,3,2
476,435,3,2
476,436,3,2
476,437,3,2
476,438,3,2
476,439,3,2
476,440,3,2
476,441,3,2
476,442,3,2
476,443,3,2
476,444,3,2
476,445,3,2
476,446,3,2
476,447,3,2
476,448,3,2
476,449,3,2
476,450,3,2
476,451,3,3
476,452,3,3
476,453,3,3
476,454,3,3
476,455,3,3
476,456,3,3
476,457,3,3
476,458,3,3
476,459,3,3
476,460,3,3
476,461,3,3
476,462,3,3
476,463,3,3
476,464,3,3
476,465,3,3
476,466,3,3
476,467,3,3
476,468,3,3
476,469,3,3
476,470,3,3
476,471,3,3
476,472,3,3
476,473,3,3
476,474,3,3
476,475,3,3
476,476,3,3
476,477,3,3
476,478,3,3
476,479,3,3
476,480,3,3
476,481,3,3
476,482,3,3
476,483,3,3
476,484,3,2
476,485,3,2
476,486,3,2
476,487,3,2
476,488,3,2
476,489,3,2
476,490,3,2
476,491,3,2
476,492,3,2
476,493,3,2
476,494,3,2
476,495,3,2
476,496,3,2
476,497,3,2
476,498,3,2
476,499,3,2
476,500,3,2
476,501,3,2
476,502,3,2
476,503,3,2
476,504,3,2
476,505,3,2
476,506,3,2
476,507,3,2
476,508,3,2
476,509,3,2
476,510,3,2
476,511,3,2
476,512,3,2
476,513,3,2
476,514,3,2
476,515,3,2
476,516,3,2
476,517,3,2
476,518,3,2
476,519,3,2
476,520,3,2
476,521,3,2
476,522,3,2
476,523,3,2
476,524,3,2
476,525,3,2
476,526,3,2
476,527,3,2
476,528,3,2
476,529,3,2
476,530,3,2
476,531,3,2
476,532,3,2
476,533,3,2
476,534,3,2
476,535,3,2
476,536,3,2
476,537,3,2
476,538,3,2
476,539,3,2
476,540,3,2
476,541,3,2
476,542,3,2
476,543,3,2
476,544,3,2
476,545,3,2
476,546,3,2
476,547,3,2
476,548,3,2
476,549,3,2
476,550,3,2
476,551,3,2
476,552,3,2
476,553,3,2
476,554,3,2
476,555,3,2
476,556,3,2
476,557,3,2
476,558,3,2
476,559,3,2
476,560,3,2
476,561,3,2
476,562,3,2
476,563,3,2
476,564,3,2
476,565,3,2
476,566,3,2
476,567,3,2
476,568,3,2
476,569,3,2
476,570,3,2
476,571,3,2
476,572,3,2
476,573,3,2
476,574,3,2
476,575,3,2
476,576,3,2
476,577,3,2
476,578,3,2
476,579,3,2
476,580,3,2
476,581,3,2
476,582,3,2
476,583,3,2
476,584,3,2
476,585,3,2
476,586,3,2
476,587,3,2
476,588,3,2
476,589,3,2
476,590,3,2
476,591,3,2
476,592,3,2
476,593,3,2
476,594,3,2
476,595,3,2
476,596,3,2
476,597,3,2
476,598,3,2
476,599,3,2
476,600,3,2
476,601,3,2
476,602,3,2
476,603,3,2
476,604,3,2
476,605,3,2
476,606,3,2
476,607,3,2
476,608,3,2
476,609,3,2
476,610,3,2
476,611,3,2
476,612,3,2
476,613,3,2
476,614,3,2
476,615,3,2
476,616,3,2
476,617,3,2
476,618,3,2
476,619,3,2
476,620,3,2
476,621,3,2
476,622,3,2
476,623,3,2
476,624,3,2
476,625,3,2
476,626,3,2
476,627,3,2
476,628,3,2
476,629,3,2
476,630,3,2
476,631,3,2
476,632,3,2
476,633,3,2
476,634,3,2
476,635,3,2
476,636,3,2
476,637,3,2
476,638,3,2
476,639,3,2
476,640,3,2
476,641,3,2
476,642,3,2
476,643,3,2
476,644,3,2
476,645,3,2
476,646,3,2
476,647,3,2
476,648,3,2
476,649,3,2
476,650,3,2
476,651,3,2
476,652,3,2
476,653,3,2
476,654,3,2
476,655,3,2
476,656,3,2
476,657,3,2
476,658,3,2
476,659,3,2
476,660,3,2
476,661,3,2
476,662,3,2
476,663,3,2
476,664,3,2
476,665,3,2
476,666,3,2
476,667,3,2
476,671,3,2
477,74,3,2
477,75,3,2
477,76,3,2
477,77,3,2
477,78,3,2
477,79,3,2
477,80,3,2
477,81,3,2
477,82,3,2
477,83,3,2
477,84,3,2
477,85,3,2
477,86,3,2
477,87,3,2
477,88,3,2
477,89,3,2
477,90,3,2
477,91,3,2
477,92,3,2
477,93,3,2
477,94,3,2
477,95,3,2
477,96,3,2
477,97,3,2
477,98,3,2
477,99,3,2
477,100,3,2
477,101,3,2
477,102,3,2
477,103,3,2
477,104,3,2
477,105,3,2
477,106,3,2
477,107,3,2
477,108,3,2
477,109,3,2
477,110,3,2
477,111,3,2
477,112,3,2
477,113,3,2
477,114,3,2
477,115,3,2
477,116,3,2
477,117,3,2
477,118,3,2
477,119,3,2
477,120,3,2
477,121,3,2
477,122,3,2
477,123,3,2
477,124,3,2
477,125,3,2
477,126,3,2
477,127,3,2
477,128,3,2
477,129,3,2
477,130,3,2
477,131,3,2
477,132,3,2
477,133,3,2
477,134,3,2
477,135,3,2
477,136,3,2
477,137,3,2
477,138,3,2
477,139,3,2
477,140,3,2
477,141,3,2
477,142,3,2
477,143,3,2
477,144,3,2
477,145,3,2
477,146,3,2
477,147,3,2
477,148,3,2
477,149,3,2
477,150,3,2
477,151,3,2
477,152,3,2
477,153,3,2
477,154,3,2
477,155,3,2
477,156,3,2
477,157,3,2
477,158,3,2
477,159,3,2
477,160,3,2
477,161,3,2
477,162,3,2
477,163,3,2
477,164,3,2
477,165,3,2
477,166,3,2
477,167,3,2
477,168,3,2
477,169,3,2
477,170,3,2
477,171,3,2
477,172,3,2
477,173,3,2
477,174,3,2
477,175,3,2
477,176,3,2
477,177,3,2
477,178,3,2
477,179,3,2
477,180,3,2
477,181,3,2
477,182,3,2
477,183,3,2
477,184,3,2
477,185,3,2
477,186,3,2
477,187,3,2
477,188,3,2
477,189,3,2
477,190,3,2
477,191,3,2
477,192,3,2
477,193,3,2
477,194,3,2
477,195,3,2
477,196,3,2
477,197,3,2
477,198,3,2
477,199,3,2
477,200,3,2
477,201,3,2
477,202,3,2
477,203,3,2
477,204,3,2
477,205,3,2
477,206,3,2
477,207,3,2
477,208,3,2
477,209,3,2
477,210,3,2
477,211,3,2
477,212,3,2
477,213,3,2
477,214,3,2
477,215,3,2
477,216,3,2
477,217,3,2
477,218,3,2
477,219,3,2
477,220,3,2
477,221,3,2
477,222,3,2
477,223,3,2
477,224,3,2
477,225,3,2
477,226,3,2
477,227,3,2
477,228,3,2
477,229,3,2
477,230,3,2
477,231,3,2
477,232,3,2
477,233,3,2
477,234,3,2
477,235,3,2
477,236,3,2
477,237,3,2
477,238,3,2
477,239,3,2
477,240,3,2
477,241,3,2
477,242,3,2
477,243,3,2
477,244,3,2
477,245,3,2
477,246,3,2
477,247,3,2
477,248,3,2
477,249,3,2
477,250,3,2
477,251,3,2
477,252,3,2
477,253,3,2
477,254,3,2
477,255,3,2
477,256,3,2
477,257,3,2
477,258,3,2
477,259,3,2
477,260,3,2
477,261,3,2
477,262,3,2
477,263,3,2
477,264,3,2
477,265,3,2
477,266,3,2
477,267,3,2
477,268,3,2
477,269,3,2
477,270,3,2
477,271,3,2
477,272,3,2
477,273,3,2
477,274,3,2
477,275,3,2
477,276,3,2
477,277,3,2
477,278,3,2
477,279,3,2
477,280,3,2
477,281,3,2
477,282,3,2
477,283,3,2
477,284,3,2
477,285,3,2
477,286,3,2
477,287,3,2
477,288,3,2
477,289,3,2
477,290,3,2
477,291,3,2
477,292,3,2
477,293,3,2
477,294,3,2
477,295,3,2
477,296,3,2
477,297,3,2
477,298,3,2
477,299,3,2
477,300,3,2
477,301,3,2
477,302,3,2
477,303,3,2
477,304,3,2
477,305,3,2
477,306,3,2
477,307,3,2
477,308,3,2
477,309,3,2
477,310,3,2
477,311,3,2
477,312,3,2
477,313,3,2
477,314,3,2
477,315,3,2
477,316,3,2
477,317,3,2
477,318,3,2
477,319,3,2
477,320,3,2
477,321,3,2
477,322,3,2
477,323,3,2
477,324,3,2
477,325,3,2
477,326,3,2
477,327,3,2
477,328,3,2
477,329,3,2
477,330,3,2
477,331,3,2
477,332,3,2
477,333,3,2
477,334,3,2
477,335,3,2
477,336,3,2
477,337,3,2
477,338,3,2
477,339,3,2
477,340,3,2
477,341,3,2
477,342,3,2
477,343,3,2
477,344,3,2
477,345,3,2
477,346,3,2
477,347,3,2
477,348,3,2
477,349,3,2
477,350,3,2
477,351,3,2
477,352,3,2
477,353,3,2
477,354,3,2
477,355,3,2
477,356,3,2
477,357,3,2
477,358,3,2
477,359,3,2
477,360,3,2
477,361,3,2
477,362,3,2
477,363,3,2
477,364,3,2
477,365,3,2
477,366,3,2
477,367,3,2
477,368,3,2
477,369,3,2
477,370,3,2
477,371,3,2
477,372,3,2
477,373,3,2
477,374,3,2
477,375,3,2
477,376,3,2
477,377,3,2
477,378,3,2
477,379,3,2
477,380,3,2
477,381,3,2
477,382,3,2
477,383,3,2
477,384,3,2
477,385,3,2
477,386,3,2
477,387,3,2
477,388,3,2
477,389,3,3
477,390,3,3
477,391,3,3
477,392,3,3
477,393,3,3
477,394,3,3
477,395,3,3
477,396,3,3
477,397,3,3
477,398,3,3
477,399,3,3
477,400,3,3
477,401,3,3
477,402,3,3
477,403,3,3
477,404,3,3
477,405,3,3
477,406,3,3
477,407,3,3
477,408,3,3
477,409,3,3
477,410,3,3
477,411,3,3
477,412,3,2
477,413,3,2
477,414,3,2
477,415,3,2
477,416,3,2
477,417,3,2
477,418,3,2
477,419,3,2
477,420,3,2
477,421,3,2
477,422,3,2
477,423,3,2
477,424,3,2
477,425,3,2
477,426,3,2
477,427,3,2
477,428,3,2
477,429,3,2
477,430,3,2
477,431,3,2
477,432,3,2
477,433,3,2
477,434,3,2
477,435,3,2
477,436,3,2
477,437,3,2
477,438,3,2
477,439,3,2
477,440,3,2
477,441,3,2
477,442,3,2
477,443,3,2
477,444,3,2
477,445,3,2
477,446,3,2
477,447,3,2
477,448,3,2
477,449,3,2
477,450,3,2
477,451,3,3
477,452,3,3
477,453,3,3
477,454,3,3
477,455,3,3
477,456,3,3
477,457,3,3
477,458,3,3
477,459,3,3
477,460,3,3
477,461,3,3
477,462,3,3
477,463,3,3
477,464,3,3
477,465,3,3
477,466,3,3
477,467,3,3
477,468,3,3
477,469,3,3
477,470,3,3
477,471,3,3
477,472,3,3
477,473,3,3
477,474,3,3
477,475,3,3
477,476,3,3
477,477,3,3
477,478,3,3
477,479,3,3
477,480,3,3
477,481,3,3
477,482,3,3
477,483,3,3
477,484,3,2
477,485,3,2
477,486,3,2
477,487,3,2
477,488,3,2
477,489,3,2
477,490,3,2
477,491,3,2
477,492,3,2
477,493,3,2
477,494,3,2
477,495,3,2
477,496,3,2
477,497,3,2
477,498,3,2
477,499,3,2
477,500,3,2
477,501,3,2
477,502,3,2
477,503,3,2
477,504,3,2
477,505,3,2
477,506,3,2
477,507,3,2
477,508,3,2
477,509,3,2
477,510,3,2
477,511,3,2
477,512,3,2
477,513,3,2
477,514,3,2
477,515,3,2
477,516,3,2
477,517,3,2
477,518,3,2
477,519,3,2
477,520,3,2
477,521,3,2
477,522,3,2
477,523,3,2
477,524,3,2
477,525,3,2
477,526,3,2
477,527,3,2
477,528,3,2
477,529,3,2
477,530,3,2
477,531,3,2
477,532,3,2
477,533,3,2
477,534,3,2
477,535,3,2
477,536,3,2
477,537,3,2
477,538,3,2
477,539,3,2
477,540,3,2
477,541,3,2
477,542,3,2
477,543,3,2
477,544,3,2
477,545,3,2
477,546,3,2
477,547,3,2
477,548,3,2
477,549,3,2
477,550,3,2
477,551,3,2
477,552,3,2
477,553,3,2
477,554,3,2
477,555,3,2
477,556,3,2
477,557,3,2
477,558,3,2
477,559,3,2
477,560,3,2
477,561,3,2
477,562,3,2
477,563,3,2
477,564,3,2
477,565,3,2
477,566,3,2
477,567,3,2
477,568,3,2
477,569,3,2
477,570,3,2
477,571,3,2
477,572,3,2
477,573,3,2
477,574,3,2
477,575,3,2
477,576,3,2
477,577,3,2
477,578,3,2
477,579,3,2
477,580,3,2
477,581,3,2
477,582,3,2
477,583,3,2
477,584,3,2
477,585,3,2
477,586,3,2
477,587,3,2
477,588,3,2
477,589,3,2
477,590,3,2
477,591,3,2
477,592,3,2
477,593,3,2
477,594,3,2
477,595,3,2
477,596,3,2
477,597,3,2
477,598,3,2
477,599,3,2
477,600,3,2
477,601,3,2
477,602,3,2
477,603,3,2
477,604,3,2
477,605,3,2
477,606,3,2
477,607,3,2
477,608,3,2
477,609,3,2
477,610,3,2
477,611,3,2
477,612,3,2
477,613,3,2
477,614,3,2
477,615,3,2
477,616,3,2
477,617,3,2
477,618,3,2
477,619,3,2
477,620,3,2
477,621,3,2
477,622,3,2
477,623,3,2
477,624,3,2
477,625,3,2
477,626,3,2
477,627,3,2
477,628,3,2
477,629,3,2
477,630,3,2
477,631,3,2
477,632,3,2
477,633,3,2
477,634,3,2
477,635,3,2
477,636,3,2
477,637,3,2
477,638,3,2
477,639,3,2
477,640,3,2
477,641,3,2
477,642,3,2
477,643,3,2
477,644,3,2
477,645,3,2
477,646,3,2
477,647,3,2
477,648,3,2
477,649,3,2
477,650,3,2
477,651,3,2
477,652,3,2
477,653,3,2
477,654,3,2
477,655,3,2
477,656,3,2
477,657,3,2
477,658,3,2
477,659,3,2
477,660,3,2
477,661,3,2
477,662,3,2
477,663,3,2
477,664,3,2
477,665,3,2
478,75,3,2
478,76,3,2
478,77,3,2
478,78,3,2
478,79,3,2
478,80,3,2
478,81,3,2
478,82,3,2
478,83,3,2
478,84,3,2
478,85,3,2
478,86,3,2
478,87,3,2
478,88,3,2
478,89,3,2
478,90,3,2
478,91,3,2
478,92,3,2
478,93,3,2
478,94,3,2
478,95,3,2
478,96,3,2
478,97,3,2
478,98,3,2
478,99,3,2
478,100,3,2
478,101,3,2
478,102,3,2
478,103,3,2
478,104,3,2
478,105,3,2
478,106,3,2
478,107,3,2
478,108,3,2
478,109,3,2
478,110,3,2
478,111,3,2
478,112,3,2
478,113,3,2
478,114,3,2
478,115,3,2
478,116,3,2
478,117,3,2
478,118,3,2
478,119,3,2
478,120,3,2
478,121,3,2
478,122,3,2
478,123,3,2
478,124,3,2
478,125,3,2
478,126,3,2
478,127,3,2
478,128,3,2
478,129,3,2
478,130,3,2
478,131,3,2
478,132,3,2
478,133,3,2
478,134,3,2
478,135,3,2
478,136,3,2
478,137,3,2
478,138,3,2
478,139,3,2
478,140,3,2
478,141,3,2
478,142,3,2
478,143,3,2
478,144,3,2
478,145,3,2
478,146,3,2
478,147,3,2
478,148,3,2
478,149,3,2
478,150,3,2
478,151,3,2
478,152,3,2
478,153,3,2
478,154,3,2
478,155,3,2
478,156,3,2
478,157,3,2
478,158,3,2
478,159,3,2
478,160,3,2
478,161,3,2
478,162,3,2
478,163,3,2
478,164,3,2
478,165,3,2
478,166,3,2
478,167,3,2
478,168,3,2
478,169,3,2
478,170,3,2
478,171,3,2
478,172,3,2
478,173,3,2
478,174,3,2
478,175,3,2
478,176,3,2
478,177,3,2
478,178,3,2
478,179,3,2
478,180,3,2
478,181,3,2
478,182,3,2
478,183,3,2
478,184,3,2
478,185,3,2
478,186,3,2
478,187,3,2
478,188,3,2
478,189,3,2
478,190,3,2
478,191,3,2
478,192,3,2
478,193,3,2
478,194,3,2
478,195,3,2
478,196,3,2
478,197,3,2
478,198,3,2
478,199,3,2
478,200,3,2
478,201,3,2
478,202,3,2
478,203,3,2
478,204,3,2
478,205,3,2
478,206,3,2
478,207,3,2
478,208,3,2
478,209,3,2
478,210,3,2
478,211,3,2
478,212,3,2
478,213,3,2
478,214,3,2
478,215,3,2
478,216,3,2
478,217,3,2
478,218,3,2
478,219,3,2
478,220,3,2
478,221,3,2
478,222,3,2
478,223,3,2
478,224,3,2
478,225,3,2
478,226,3,2
478,227,3,2
478,228,3,2
478,229,3,2
478,230,3,2
478,231,3,2
478,232,3,2
478,233,3,2
478,234,3,2
478,235,3,2
478,236,3,2
478,237,3,2
478,238,3,2
478,239,3,2
478,240,3,2
478,241,3,2
478,242,3,2
478,243,3,2
478,244,3,2
478,245,3,2
478,246,3,2
478,247,3,2
478,248,3,2
478,249,3,2
478,250,3,2
478,251,3,2
478,252,3,2
478,253,3,2
478,254,3,2
478,255,3,2
478,256,3,2
478,257,3,2
478,258,3,2
478,259,3,2
478,260,3,2
478,261,3,2
478,262,3,2
478,263,3,2
478,264,3,2
478,265,3,2
478,266,3,2
478,267,3,2
478,268,3,2
478,269,3,2
478,270,3,2
478,271,3,2
478,272,3,2
478,273,3,2
478,274,3,2
478,275,3,2
478,276,3,2
478,277,3,2
478,278,3,2
478,279,3,2
478,280,3,2
478,281,3,2
478,282,3,2
478,283,3,2
478,284,3,2
478,285,3,2
478,286,3,2
478,287,3,2
478,288,3,2
478,289,3,2
478,290,3,2
478,291,3,2
478,292,3,2
478,293,3,2
478,294,3,2
478,295,3,2
478,296,3,2
478,297,3,2
478,298,3,2
478,299,3,2
478,300,3,2
478,301,3,2
478,302,3,2
478,303,3,2
478,304,3,2
478,305,3,2
478,306,3,2
478,307,3,2
478,308,3,2
478,309,3,2
478,310,3,2
478,311,3,2
478,312,3,2
478,313,3,2
478,314,3,2
478,315,3,2
478,316,3,2
478,317,3,2
478,318,3,2
478,319,3,2
478,320,3,2
478,321,3,2
478,322,3,2
478,323,3,2
478,324,3,2
478,325,3,2
478,326,3,2
478,327,3,2
478,328,3,2
478,329,3,2
478,330,3,2
478,331,3,2
478,332,3,2
478,333,3,2
478,334,3,2
478,335,3,2
478,336,3,2
478,337,3,2
478,338,3,2
478,339,3,2
478,340,3,2
478,341,3,2
478,342,3,2
478,343,3,2
478,344,3,2
478,345,3,2
478,346,3,2
478,347,3,2
478,348,3,2
478,349,3,2
478,350,3,2
478,351,3,2
478,352,3,2
478,353,3,2
478,354,3,2
478,355,3,2
478,356,3,2
478,357,3,2
478,358,3,2
478,359,3,2
478,360,3,2
478,361,3,2
478,362,3,2
478,363,3,2
478,364,3,2
478,365,3,2
478,366,3,2
478,367,3,2
478,368,3,2
478,369,3,2
478,370,3,2
478,371,3,2
478,372,3,2
478,373,3,2
478,374,3,2
478,375,3,2
478,376,3,2
478,377,3,2
478,378,3,2
478,379,3,2
478,380,3,2
478,381,3,2
478,382,3,2
478,383,3,2
478,384,3,2
478,385,3,2
478,386,3,2
478,387,3,2
478,388,3,2
478,389,3,3
478,390,3,3
478,391,3,3
478,392,3,3
478,393,3,3
478,394,3,3
478,395,3,3
478,396,3,3
478,397,3,3
478,398,3,3
478,399,3,3
478,400,3,3
478,401,3,3
478,402,3,3
478,403,3,3
478,404,3,3
478,405,3,3
478,406,3,3
478,407,3,3
478,408,3,3
478,409,3,3
478,410,3,3
478,411,3,3
478,412,3,3
478,413,3,2
478,414,3,2
478,415,3,2
478,416,3,2
478,417,3,2
478,418,3,2
478,419,3,2
478,420,3,2
478,421,3,2
478,422,3,2
478,423,3,2
478,424,3,2
478,425,3,2
478,426,3,2
478,427,3,2
478,428,3,2
478,429,3,2
478,430,3,2
478,431,3,2
478,432,3,2
478,433,3,2
478,434,3,2
478,435,3,2
478,436,3,2
478,437,3,2
478,438,3,2
478,439,3,2
478,440,3,2
478,441,3,2
478,442,3,2
478,443,3,2
478,444,3,2
478,445,3,2
478,446,3,2
478,447,3,2
478,448,3,2
478,449,3,2
478,450,3,2
478,451,3,3
478,452,3,3
478,453,3,3
478,454,3,3
478,455,3,3
478,456,3,3
478,457,3,3
478,458,3,3
478,459,3,3
478,460,3,3
478,461,3,3
478,462,3,3
478,463,3,3
478,464,3,3
478,465,3,3
478,466,3,3
478,467,3,3
478,468,3,3
478,469,3,3
478,470,3,3
478,471,3,3
478,472,3,3
478,473,3,3
478,474,3,3
478,475,3,3
478,476,3,3
478,477,3,3
478,478,3,3
478,479,3,3
478,480,3,3
478,481,3,3
478,482,3,3
478,483,3,3
478,484,3,2
478,485,3,2
478,486,3,2
478,487,3,2
478,488,3,2
478,489,3,2
478,490,3,2
478,491,3,2
478,492,3,2
478,493,3,2
478,494,3,2
478,495,3,2
478,496,3,2
478,497,3,2
478,498,3,2
478,499,3,2
478,500,3,2
478,501,3,2
478,502,3,2
478,503,3,2
478,504,3,2
478,505,3,2
478,506,3,2
478,507,3,2
478,508,3,2
478,509,3,2
478,510,3,2
478,511,3,2
478,512,3,2
478,513,3,2
478,514,3,2
478,515,3,2
478,516,3,2
478,517,3,2
478,518,3,2
478,519,3,2
478,520,3,2
478,521,3,2
478,522,3,2
478,523,3,2
478,524,3,2
478,525,3,2
478,526,3,2
478,527,3,2
478,528,3,2
478,529,3,2
478,530,3,2
478,531,3,2
478,532,3,2
478,533,3,2
478,534,3,2
478,535,3,2
478,536,3,2
478,537,3,2
478,538,3,2
478,539,3,2
478,540,3,2
478,541,3,2
478,542,3,2
478,543,3,2
478,544,3,2
478,545,3,2
478,546,3,2
478,547,3,2
478,548,3,2
478,549,3,2
478,550,3,2
478,551,3,2
478,552,3,2
478,553,3,2
478,554,3,2
478,555,3,2
478,556,3,2
478,557,3,2
478,558,3,2
478,559,3,2
478,560,3,2
478,561,3,2
478,562,3,2
478,563,3,2
478,564,3,2
478,565,3,2
478,566,3,2
478,567,3,2
478,568,3,2
478,569,3,2
478,570,3,2
478,571,3,2
478,572,3,2
478,573,3,2
478,574,3,2
478,575,3,2
478,576,3,2
478,577,3,2
478,578,3,2
478,579,3,2
478,580,3,2
478,581,3,2
478,582,3,2
478,583,3,2
478,584,3,2
478,585,3,2
478,586,3,2
478,587,3,2
478,588,3,2
478,589,3,2
478,590,3,2
478,591,3,2
478,592,3,2
478,593,3,2
478,594,3,2
478,595,3,2
478,596,3,2
478,597,3,2
478,598,3,2
478,599,3,2
478,600,3,2
478,601,3,2
478,602,3,2
478,603,3,2
478,604,3,2
478,605,3,2
478,606,3,2
478,607,3,2
478,608,3,2
478,609,3,2
478,610,3,2
478,611,3,2
478,612,3,2
478,613,3,2
478,614,3,2
478,615,3,2
478,616,3,2
478,617,3,2
478,618,3,2
478,619,3,2
478,620,3,2
478,621,3,2
478,622,3,2
478,623,3,2
478,624,3,2
478,625,3,2
478,626,3,2
478,627,3,2
478,628,3,2
478,629,3,2
478,630,3,2
478,631,3,2
478,632,3,2
478,633,3,2
478,634,3,2
478,635,3,2
478,636,3,2
478,637,3,2
478,638,3,2
478,639,3,2
478,640,3,2
478,641,3,2
478,642,3,2
478,643,3,2
478,644,3,2
478,645,3,2
478,646,3,2
478,647,3,2
478,648,3,2
478,649,3,2
478,650,3,2
478,651,3,2
478,652,3,2
478,653,3,2
478,654,3,2
478,655,3,2
478,656,3,2
478,657,3,2
478,658,3,2
478,659,3,2
478,660,3,2
478,661,3,2
478,662,3,2
478,663,3,2
478,664,3,2
478,665,3,2
479,75,3,2
479,76,3,2
479,77,3,2
479,78,3,2
479,79,3,2
479,80,3,2
479,81,3,2
479,82,3,2
479,83,3,2
479,84,3,2
479,85,3,2
479,86,3,2
479,87,3,2
479,88,3,2
479,89,3,2
479,90,3,2
479,91,3,2
479,92,3,2
479,93,3,2
479,94,3,2
479,95,3,2
479,96,3,2
479,97,3,2
479,98,3,2
479,99,3,2
479,100,3,2
479,101,3,2
479,102,3,2
479,103,3,2
479,104,3,2
479,105,3,2
479,106,3,2
479,107,3,2
479,108,3,2
479,109,3,2
479,110,3,2
479,111,3,2
479,112,3,2
479,113,3,2
479,114,3,2
479,115,3,2
479,116,3,2
479,117,3,2
479,118,3,2
479,119,3,2
479,120,3,2
479,121,3,2
479,122,3,2
479,123,3,2
479,124,3,2
479,125,3,2
479,126,3,2
479,127,3,2
479,128,3,2
479,129,3,2
479,130,3,2
479,131,3,2
479,132,3,2
479,133,3,2
479,134,3,2
479,135,3,2
479,136,3,2
479,137,3,2
479,138,3,2
479,139,3,2
479,140,3,2
479,141,3,2
479,142,3,2
479,143,3,2
479,144,3,2
479,145,3,2
479,146,3,2
479,147,3,2
479,148,3,2
479,149,3,2
479,150,3,2
479,151,3,2
479,152,3,2
479,153,3,2
479,154,3,2
479,155,3,2
479,156,3,2
479,157,3,2
479,158,3,2
479,159,3,2
479,160,3,2
479,161,3,2
479,162,3,2
479,163,3,2
479,164,3,2
479,165,3,2
479,166,3,2
479,167,3,2
479,168,3,2
479,169,3,2
479,170,3,2
479,171,3,2
479,172,3,2
479,173,3,2
479,174,3,2
479,175,3,2
479,176,3,2
479,177,3,2
479,178,3,2
479,179,3,2
479,180,3,2
479,181,3,2
479,182,3,2
479,183,3,2
479,184,3,2
479,185,3,2
479,186,3,2
479,187,3,2
479,188,3,2
479,189,3,2
479,190,3,2
479,191,3,2
479,192,3,2
479,193,3,2
479,194,3,2
479,195,3,2
479,196,3,2
479,197,3,2
479,198,3,2
479,199,3,2
479,200,3,2
479,201,3,2
479,202,3,2
479,203,3,2
479,204,3,2
479,205,3,2
479,206,3,2
479,207,3,2
479,208,3,2
479,209,3,2
479,210,3,2
479,211,3,2
479,212,3,2
479,213,3,2
479,214,3,2
479,215,3,2
479,216,3,2
479,217,3,2
479,218,3,2
479,219,3,2
479,220,3,2
479,221,3,2
479,222,3,2
479,223,3,2
479,224,3,2
479,225,3,2
479,226,3,2
479,227,3,2
479,228,3,2
479,229,3,2
479,230,3,2
479,231,3,2
479,232,3,2
479,233,3,2
479,234,3,2
479,235,3,2
479,236,3,2
479,237,3,2
479,238,3,2
479,239,3,2
479,240,3,2
479,241,3,2
479,242,3,2
479,243,3,2
479,244,3,2
479,245,3,2
479,246,3,2
479,247,3,2
479,248,3,2
479,249,3,2
479,250,3,2
479,251,3,2
479,252,3,2
479,253,3,2
479,254,3,2
479,255,3,2
479,256,3,2
479,257,3,2
479,258,3,2
479,259,3,2
479,260,3,2
479,261,3,2
479,262,3,2
479,263,3,2
479,264,3,2
479,265,3,2
479,266,3,2
479,267,3,2
479,268,3,2
479,269,3,2
479,270,3,2
479,271,3,2
479,272,3,2
479,273,3,2
479,274,3,2
479,275,3,2
479,276,3,2
479,277,3,2
479,278,3,2
479,279,3,2
479,280,3,2
479,281,3,2
479,282,3,2
479,283,3,2
479,284,3,2
479,285,3,2
479,286,3,2
479,287,3,2
479,288,3,2
479,289,3,2
479,290,3,2
479,291,3,2
479,292,3,2
479,293,3,2
479,294,3,2
479,295,3,2
479,296,3,2
479,297,3,2
479,298,3,2
479,299,3,2
479,300,3,2
479,301,3,2
479,302,3,2
479,303,3,2
479,304,3,2
479,305,3,2
479,306,3,2
479,307,3,2
479,308,3,2
479,309,3,2
479,310,3,2
479,311,3,2
479,312,3,2
479,313,3,2
479,314,3,2
479,315,3,2
479,316,3,2
479,317,3,2
479,318,3,2
479,319,3,2
479,320,3,2
479,321,3,2
479,322,3,2
479,323,3,2
479,324,3,2
479,325,3,2
479,326,3,2
479,327,3,2
479,328,3,2
479,329,3,2
479,330,3,2
479,331,3,2
479,332,3,2
479,333,3,2
479,334,3,2
479,335,3,2
479,336,3,2
479,337,3,2
479,338,3,2
479,339,3,2
479,340,3,2
479,341,3,2
479,342,3,2
479,343,3,2
479,344,3,2
479,345,3,2
479,346,3,2
479,347,3,2
479,348,3,2
479,349,3,2
479,350,3,2
479,351,3,2
479,352,3,2
479,353,3,2
479,354,3,2
479,355,3,2
479,356,3,2
479,357,3,2
479,358,3,2
479,359,3,2
479,360,3,2
479,361,3,2
479,362,3,2
479,363,3,2
479,364,3,2
479,365,3,2
479,366,3,2
479,367,3,2
479,368,3,2
479,369,3,2
479,370,3,2
479,371,3,2
479,372,3,2
479,373,3,2
479,374,3,2
479,375,3,2
479,376,3,2
479,377,3,2
479,378,3,2
479,379,3,2
479,380,3,2
479,381,3,2
479,382,3,2
479,383,3,2
479,384,3,2
479,385,3,2
479,386,3,2
479,387,3,2
479,388,3,2
479,389,3,3
479,390,3,3
479,391,3,3
479,392,3,3
479,393,3,3
479,394,3,3
479,395,3,3
479,396,3,3
479,397,3,3
479,398,3,3
479,399,3,3
479,400,3,3
479,401,3,3
479,402,3,3
479,403,3,3
479,404,3,3
479,405,3,3
479,406,3,3
479,407,3,3
479,408,3,3
479,409,3,3
479,410,3,3
479,411,3,3
479,412,3,3
479,413,3,3
479,414,3,2
479,415,3,2
479,416,3,2
479,417,3,2
479,418,3,2
479,419,3,2
479,420,3,2
479,421,3,2
479,422,3,2
479,423,3,2
479,424,3,2
479,425,3,2
479,426,3,2
479,427,3,2
479,428,3,2
479,429,3,2
479,430,3,2
479,431,3,2
479,432,3,2
479,433,3,2
479,434,3,2
479,435,3,2
479,436,3,2
479,437,3,2
479,438,3,2
479,439,3,2
479,440,3,2
479,441,3,2
479,442,3,2
479,443,3,2
479,444,3,2
479,445,3,2
479,446,3,2
479,447,3,2
479,448,3,2
479,449,3,2
479,450,3,2
479,451,3,3
479,452,3,3
479,453,3,3
479,454,3,3
479,455,3,3
479,456,3,3
479,457,3,3
479,458,3,3
479,459,3,3
479,460,3,3
479,461,3,3
479,462,3,3
479,463,3,3
479,464,3,3
479,465,3,3
479,466,3,3
479,467,3,3
479,468,3,3
479,469,3,3
479,470,3,3
479,471,3,3
479,472,3,3
479,473,3,3
479,474,3,3
479,475,3,3
479,476,3,3
479,477,3,3
479,478,3,3
479,479,3,3
479,480,3,3
479,481,3,3
479,482,3,3
479,483,3,3
479,484,3,2
479,485,3,2
479,486,3,2
479,487,3,2
479,488,3,2
479,489,3,2
479,490,3,2
479,491,3,2
479,492,3,2
479,493,3,2
479,494,3,2
479,495,3,2
479,496,3,2
479,497,3,2
479,498,3,2
479,499,3,2
479,500,3,2
479,501,3,2
479,502,3,2
479,503,3,2
479,504,3,2
479,505,3,2
479,506,3,2
479,507,3,2
479,508,3,2
479,509,3,2
479,510,3,2
479,511,3,2
479,512,3,2
479,513,3,2
479,514,3,2
479,515,3,2
479,516,3,2
479,517,3,2
479,518,3,2
479,519,3,2
479,520,3,2
479,521,3,2
479,522,3,2
479,523,3,2
479,524,3,2
479,525,3,2
479,526,3,2
479,527,3,2
479,528,3,2
479,529,3,2
479,530,3,2
479,531,3,2
479,532,3,2
479,533,3,2
479,534,3,2
479,535,3,2
479,536,3,2
479,537,3,2
479,538,3,2
479,539,3,2
479,540,3,2
479,541,3,2
479,542,3,2
479,543,3,2
479,544,3,2
479,545,3,2
479,546,3,2
479,547,3,2
479,548,3,2
479,549,3,2
479,550,3,2
479,551,3,2
479,552,3,2
479,553,3,2
479,554,3,2
479,555,3,2
479,556,3,2
479,557,3,2
479,558,3,2
479,559,3,2
479,560,3,2
479,561,3,2
479,562,3,2
479,563,3,2
479,564,3,2
479,565,3,2
479,566,3,2
479,567,3,2
479,568,3,2
479,569,3,2
479,570,3,2
479,571,3,2
479,572,3,2
479,573,3,2
479,574,3,2
479,575,3,2
479,576,3,2
479,577,3,2
479,578,3,2
479,579,3,2
479,580,3,2
479,581,3,2
479,582,3,2
479,583,3,2
479,584,3,2
479,585,3,2
479,586,3,2
479,587,3,2
479,588,3,2
479,589,3,2
479,590,3,2
479,591,3,2
479,592,3,2
479,593,3,2
479,594,3,2
479,595,3,2
479,596,3,2
479,597,3,2
479,598,3,2
479,599,3,2
479,600,3,2
479,601,3,2
479,602,3,2
479,603,3,2
479,604,3,2
479,605,3,2
479,606,3,2
479,607,3,2
479,608,3,2
479,609,3,2
479,610,3,2
479,611,3,2
479,612,3,2
479,613,3,2
479,614,3,2
479,615,3,2
479,616,3,2
479,617,3,2
479,618,3,2
479,619,3,2
479,620,3,2
479,621,3,2
479,622,3,2
479,623,3,2
479,624,3,2
479,625,3,2
479,626,3,2
479,627,3,2
479,628,3,2
479,629,3,2
479,630,3,2
479,631,3,2
479,632,3,2
479,633,3,2
479,634,3,2
479,635,3,2
479,636,3,2
479,637,3,2
479,638,3,2
479,639,3,2
479,640,3,2
479,641,3,2
479,642,3,2
479,643,3,2
479,644,3,2
479,645,3,2
479,646,3,2
479,647,3,2
479,648,3,2
479,649,3,2
479,650,3,2
479,651,3,2
479,652,3,2
479,653,3,2
479,654,3,2
479,655,3,2
479,656,3,2
479,657,3,2
479,658,3,2
479,659,3,2
479,660,3,2
479,661,3,2
479,662,3,2
479,663,3,2
479,664,3,2
479,665,3,2
480,75,3,2
480,76,3,2
480,77,3,2
480,78,3,2
480,79,3,2
480,80,3,2
480,81,3,2
480,82,3,2
480,83,3,2
480,84,3,2
480,85,3,2
480,86,3,2
480,87,3,2
480,88,3,2
480,89,3,2
480,90,3,2
480,91,3,2
480,92,3,2
480,93,3,2
480,94,3,2
480,95,3,2
480,96,3,2
480,97,3,2
480,98,3,2
480,99,3,2
480,100,3,2
480,101,3,2
480,102,3,2
480,103,3,2
480,104,3,2
480,105,3,2
480,106,3,2
480,107,3,2
480,108,3,2
480,109,3,2
480,110,3,2
480,111,3,2
480,112,3,2
480,113,3,2
480,114,3,2
480,115,3,2
480,116,3,2
480,117,3,2
480,118,3,2
480,119,3,2
480,120,3,2
480,121,3,2
480,122,3,2
480,123,3,2
480,124,3,2
480,125,3,2
480,126,3,2
480,127,3,2
480,128,3,2
480,129,3,2
480,130,3,2
480,131,3,2
480,132,3,2
480,133,3,2
480,134,3,2
480,135,3,2
480,136,3,2
480,137,3,2
480,138,3,2
480,139,3,2
480,140,3,2
480,141,3,2
480,142,3,2
480,143,3,2
480,144,3,2
480,145,3,2
480,146,3,2
480,147,3,2
480,148,3,2
480,149,3,2
480,150,3,2
480,151,3,2
480,152,3,2
480,153,3,2
480,154,3,2
480,155,3,2
480,156,3,2
480,157,3,2
480,158,3,2
480,159,3,2
480,160,3,2
480,161,3,2
480,162,3,2
480,163,3,2
480,164,3,2
480,165,3,2
480,166,3,2
480,167,3,2
480,168,3,2
480,169,3,2
480,170,3,2
480,171,3,2
480,172,3,2
480,173,3,2
480,174,3,2
480,175,3,2
480,176,3,2
480,177,3,2
480,178,3,2
480,179,3,2
480,180,3,2
480,181,3,2
480,182,3,2
480,183,3,2
480,184,3,2
480,185,3,2
480,186,3,2
480,187,3,2
480,188,3,2
480,189,3,2
480,190,3,2
480,191,3,2
480,192,3,2
480,193,3,2
480,194,3,2
480,195,3,2
480,196,3,2
480,197,3,2
480,198,3,2
480,199,3,2
480,200,3,2
480,201,3,2
480,202,3,2
480,203,3,2
480,204,3,2
480,205,3,2
480,206,3,2
480,207,3,2
480,208,3,2
480,209,3,2
480,210,3,2
480,211,3,2
480,212,3,2
480,213,3,2
480,214,3,2
480,215,3,2
480,216,3,2
480,217,3,2
480,218,3,2
480,219,3,2
480,220,3,2
480,221,3,2
480,222,3,2
480,223,3,2
480,224,3,2
480,225,3,2
480,226,3,2
480,227,3,2
480,228,3,2
480,229,3,2
480,230,3,2
480,231,3,2
480,232,3,2
480,233,3,2
480,234,3,2
480,235,3,2
480,236,3,2
480,237,3,2
480,238,3,2
480,239,3,2
480,240,3,2
480,241,3,2
480,242,3,2
480,243,3,2
480,244,3,2
480,245,3,2
480,246,3,2
480,247,3,2
480,248,3,2
480,249,3,2
480,250,3,2
480,251,3,2
480,252,3,2
480,253,3,2
480,254,3,2
480,255,3,2
480,256,3,2
480,257,3,2
480,258,3,2
480,259,3,2
480,260,3,2
480,261,3,2
480,262,3,2
480,263,3,2
480,264,3,2
480,265,3,2
480,266,3,2
480,267,3,2
480,268,3,2
480,269,3,2
480,270,3,2
480,271,3,2
480,272,3,2
480,273,3,2
480,274,3,2
480,275,3,2
480,276,3,2
480,277,3,2
480,278,3,2
480,279,3,2
480,280,3,2
480,281,3,2
480,282,3,2
480,283,3,2
480,284,3,2
480,285,3,2
480,286,3,2
480,287,3,2
480,288,3,2
480,289,3,2
480,290,3,2
480,291,3,2
480,292,3,2
480,293,3,2
480,294,3,2
480,295,3,2
480,296,3,2
480,297,3,2
480,298,3,2
480,299,3,2
480,300,3,2
480,301,3,2
480,302,3,2
480,303,3,2
480,304,3,2
480,305,3,2
480,306,3,2
480,307,3,2
480,308,3,2
480,309,3,2
480,310,3,2
480,311,3,2
480,312,3,2
480,313,3,2
480,314,3,2
480,315,3,2
480,316,3,2
480,317,3,2
480,318,3,2
480,319,3,2
480,320,3,2
480,321,3,2
480,322,3,2
480,323,3,2
480,324,3,2
480,325,3,2
480,326,3,2
480,327,3,2
480,328,3,2
480,329,3,2
480,330,3,2
480,331,3,2
480,332,3,2
480,333,3,2
480,334,3,2
480,335,3,2
480,336,3,2
480,337,3,2
480,338,3,2
480,339,3,2
480,340,3,2
480,341,3,2
480,342,3,2
480,343,3,2
480,344,3,2
480,345,3,2
480,346,3,2
480,347,3,2
480,348,3,2
480,349,3,2
480,350,3,2
480,351,3,2
480,352,3,2
480,353,3,2
480,354,3,2
480,355,3,2
480,356,3,2
480,357,3,2
480,358,3,2
480,359,3,2
480,360,3,2
480,361,3,2
480,362,3,2
480,363,3,2
480,364,3,2
480,365,3,2
480,366,3,2
480,367,3,2
480,368,3,2
480,369,3,2
480,370,3,2
480,371,3,2
480,372,3,2
480,373,3,2
480,374,3,2
480,375,3,2
480,376,3,2
480,377,3,2
480,378,3,2
480,379,3,2
480,380,3,2
480,381,3,2
480,382,3,2
480,383,3,2
480,384,3,2
480,385,3,2
480,386,3,2
480,387,3,2
480,388,3,2
480,389,3,3
480,390,3,3
480,391,3,3
480,392,3,3
480,393,3,3
480,394,3,3
480,395,3,3
480,396,3,3
480,397,3,3
480,398,3,3
480,399,3,3
480,400,3,3
480,401,3,3
480,402,3,3
480,403,3,3
480,404,3,3
480,405,3,3
480,406,3,3
480,407,3,3
480,408,3,3
480,409,3,3
480,410,3,3
480,411,3,3
480,412,3,3
480,413,3,3
480,414,3,2
480,415,3,2
480,416,3,2
480,417,3,2
480,418,3,2
480,419,3,2
480,420,3,2
480,421,3,2
480,422,3,2
480,423,3,2
480,424,3,2
480,425,3,2
480,426,3,2
480,427,3,2
480,428,3,2
480,429,3,2
480,430,3,2
480,431,3,2
480,432,3,2
480,433,3,2
480,434,3,2
480,435,3,2
480,436,3,2
480,437,3,2
480,438,3,2
480,439,3,2
480,440,3,2
480,441,3,2
480,442,3,2
480,443,3,2
480,444,3,2
480,445,3,2
480,446,3,2
480,447,3,2
480,448,3,2
480,449,3,2
480,450,3,2
480,451,3,3
480,452,3,3
480,453,3,3
480,454,3,3
480,455,3,3
480,456,3,3
480,457,3,3
480,458,3,3
480,459,3,3
480,460,3,3
480,461,3,3
480,462,3,3
480,463,3,3
480,464,3,3
480,465,3,3
480,466,3,3
480,467,3,3
480,468,3,3
480,469,3,3
480,470,3,3
480,471,3,3
480,472,3,3
480,473,3,3
480,474,3,3
480,475,3,3
480,476,3,3
480,477,3,3
480,478,3,3
480,479,3,3
480,480,3,3
480,481,3,3
480,482,3,3
480,483,3,3
480,484,3,2
480,485,3,2
480,486,3,2
480,487,3,2
480,488,3,2
480,489,3,2
480,490,3,2
480,491,3,2
480,492,3,2
480,493,3,2
480,494,3,2
480,495,3,2
480,496,3,2
480,497,3,2
480,498,3,2
480,499,3,2
480,500,3,2
480,501,3,2
480,502,3,2
480,503,3,2
480,504,3,2
480,505,3,2
480,506,3,2
480,507,3,2
480,508,3,2
480,509,3,2
480,510,3,2
480,511,3,2
480,512,3,2
480,513,3,2
480,514,3,2
480,515,3,2
480,516,3,2
480,517,3,2
480,518,3,2
480,519,3,2
480,520,3,2
480,521,3,2
480,522,3,2
480,523,3,2
480,524,3,2
480,525,3,2
480,526,3,2
480,527,3,2
480,528,3,2
480,529,3,2
480,530,3,2
480,531,3,2
480,532,3,2
480,533,3,2
480,534,3,2
480,535,3,2
480,536,3,2
480,537,3,2
480,538,3,2
480,539,3,2
480,540,3,2
480,541,3,2
480,542,3,2
480,543,3,2
480,544,3,2
480,545,3,2
480,546,3,2
480,547,3,2
480,548,3,2
480,549,3,2
480,550,3,2
480,551,3,2
480,552,3,2
480,553,3,2
480,554,3,2
480,555,3,2
480,556,3,2
480,557,3,2
480,558,3,2
480,559,3,2
480,560,3,2
480,561,3,2
480,562,3,2
480,563,3,2
480,564,3,2
480,565,3,2
480,566,3,2
480,567,3,2
480,568,3,2
480,569,3,2
480,570,3,2
480,571,3,2
480,572,3,2
480,573,3,2
480,574,3,2
480,575,3,2
480,576,3,2
480,577,3,2
480,578,3,2
480,579,3,2
480,580,3,2
480,581,3,2
480,582,3,2
480,583,3,2
480,584,3,2
480,585,3,2
480,586,3,2
480,587,3,2
480,588,3,2
480,589,3,2
480,590,3,2
480,591,3,2
480,592,3,2
480,593,3,2
480,594,3,2
480,595,3,2
480,596,3,2
480,597,3,2
480,598,3,2
480,599,3,2
480,600,3,2
480,601,3,2
480,602,3,2
480,603,3,2
480,604,3,2
480,605,3,2
480,606,3,2
480,607,3,2
480,608,3,2
480,609,3,2
480,610,3,2
480,611,3,2
480,612,3,2
480,613,3,2
480,614,3,2
480,615,3,2
480,616,3,2
480,617,3,2
480,618,3,2
480,619,3,2
480,620,3,2
480,621,3,2
480,622,3,2
480,623,3,2
480,624,3,2
480,625,3,2
480,626,3,2
480,627,3,2
480,628,3,2
480,629,3,2
480,630,3,2
480,631,3,2
480,632,3,2
480,633,3,2
480,634,3,2
480,635,3,2
480,636,3,2
480,637,3,2
480,638,3,2
480,639,3,2
480,640,3,2
480,641,3,2
480,642,3,2
480,643,3,2
480,644,3,2
480,645,3,2
480,646,3,2
480,647,3,2
480,648,3,2
480,649,3,2
480,650,3,2
480,651,3,2
480,652,3,2
480,653,3,2
480,654,3,2
480,655,3,2
480,656,3,2
480,657,3,2
480,658,3,2
480,659,3,2
480,660,3,2
480,661,3,2
480,662,3,2
480,663,3,2
480,664,3,2
480,665,3,2
481,76,3,2
481,77,3,2
481,78,3,2
481,79,3,2
481,80,3,2
481,81,3,2
481,82,3,2
481,83,3,2
481,84,3,2
481,85,3,2
481,86,3,2
481,87,3,2
481,88,3,2
481,89,3,2
481,90,3,2
481,91,3,2
481,92,3,2
481,93,3,2
481,94,3,2
481,95,3,2
481,96,3,2
481,97,3,2
481,98,3,2
481,99,3,2
481,100,3,2
481,101,3,2
481,102,3,2
481,103,3,2
481,104,3,2
481,105,3,2
481,106,3,2
481,107,3,2
481,108,3,2
481,109,3,2
481,110,3,2
481,111,3,2
481,112,3,2
481,113,3,2
481,114,3,2
481,115,3,2
481,116,3,2
481,117,3,2
481,118,3,2
481,119,3,2
481,120,3,2
481,121,3,2
481,122,3,2
481,123,3,2
481,124,3,2
481,125,3,2
481,126,3,2
481,127,3,2
481,128,3,2
481,129,3,2
481,130,3,2
481,131,3,2
481,132,3,2
481,133,3,2
481,134,3,2
481,135,3,2
481,136,3,2
481,137,3,2
481,138,3,2
481,139,3,2
481,140,3,2
481,141,3,2
481,142,3,2
481,143,3,2
481,144,3,2
481,145,3,2
481,146,3,2
481,147,3,2
481,148,3,2
481,149,3,2
481,150,3,2
481,151,3,2
481,152,3,2
481,153,3,2
481,154,3,2
481,155,3,2
481,156,3,2
481,157,3,2
481,158,3,2
481,159,3,2
481,160,3,2
481,161,3,2
481,162,3,2
481,163,3,2
481,164,3,2
481,165,3,2
481,166,3,2
481,167,3,2
481,168,3,2
481,169,3,2
481,170,3,2
481,171,3,2
481,172,3,2
481,173,3,2
481,174,3,2
481,175,3,2
481,176,3,2
481,177,3,2
481,178,3,2
481,179,3,2
481,180,3,2
481,181,3,2
481,182,3,2
481,183,3,2
481,184,3,2
481,185,3,2
481,186,3,2
481,187,3,2
481,188,3,2
481,189,3,2
481,190,3,2
481,191,3,2
481,192,3,2
481,193,3,2
481,194,3,2
481,195,3,2
481,196,3,2
481,197,3,2
481,198,3,2
481,199,3,2
481,200,3,2
481,201,3,2
481,202,3,2
481,203,3,2
481,204,3,2
481,205,3,2
481,206,3,2
481,207,3,2
481,208,3,2
481,209,3,2
481,210,3,2
481,211,3,2
481,212,3,2
481,213,3,2
481,214,3,2
481,215,3,2
481,216,3,2
481,217,3,2
481,218,3,2
481,219,3,2
481,220,3,2
481,221,3,2
481,222,3,2
481,223,3,2
481,224,3,2
481,225,3,2
481,226,3,2
481,227,3,2
481,228,3,2
481,229,3,2
481,230,3,2
481,231,3,2
481,232,3,2
481,233,3,2
481,234,3,2
481,235,3,2
481,236,3,2
481,237,3,2
481,238,3,2
481,239,3,2
481,240,3,2
481,241,3,2
481,242,3,2
481,243,3,2
481,244,3,2
481,245,3,2
481,246,3,2
481,247,3,2
481,248,3,2
481,249,3,2
481,250,3,2
481,251,3,2
481,252,3,2
481,253,3,2
481,254,3,2
481,255,3,2
481,256,3,2
481,257,3,2
481,258,3,2
481,259,3,2
481,260,3,2
481,261,3,2
481,262,3,2
481,263,3,2
481,264,3,2
481,265,3,2
481,266,3,2
481,267,3,2
481,268,3,2
481,269,3,2
481,270,3,2
481,271,3,2
481,272,3,2
481,273,3,2
481,274,3,2
481,275,3,2
481,276,3,2
481,277,3,2
481,278,3,2
481,279,3,2
481,280,3,2
481,281,3,2
481,282,3,2
481,283,3,2
481,284,3,2
481,285,3,2
481,286,3,2
481,287,3,2
481,288,3,2
481,289,3,2
481,290,3,2
481,291,3,2
481,292,3,2
481,293,3,2
481,294,3,2
481,295,3,2
481,296,3,2
481,297,3,2
481,298,3,2
481,299,3,2
481,300,3,2
481,301,3,2
481,302,3,2
481,303,3,2
481,304,3,2
481,305,3,2
481,306,3,2
481,307,3,2
481,308,3,2
481,309,3,2
481,310,3,2
481,311,3,2
481,312,3,2
481,313,3,2
481,314,3,2
481,315,3,2
481,316,3,2
481,317,3,2
481,318,3,2
481,319,3,2
481,320,3,2
481,321,3,2
481,322,3,2
481,323,3,2
481,324,3,2
481,325,3,2
481,326,3,2
481,327,3,2
481,328,3,2
481,329,3,2
481,330,3,2
481,331,3,2
481,332,3,2
481,333,3,2
481,334,3,2
481,335,3,2
481,336,3,2
481,337,3,2
481,338,3,2
481,339,3,2
481,340,3,2
481,341,3,2
481,342,3,2
481,343,3,2
481,344,3,2
481,345,3,2
481,346,3,2
481,347,3,2
481,348,3,2
481,349,3,2
481,350,3,2
481,351,3,2
481,352,3,2
481,353,3,2
481,354,3,2
481,355,3,2
481,356,3,2
481,357,3,2
481,358,3,2
481,359,3,2
481,360,3,2
481,361,3,2
481,362,3,2
481,363,3,2
481,364,3,2
481,365,3,2
481,366,3,2
481,367,3,2
481,368,3,2
481,369,3,2
481,370,3,2
481,371,3,2
481,372,3,2
481,373,3,2
481,374,3,2
481,375,3,2
481,376,3,2
481,377,3,2
481,378,3,2
481,379,3,2
481,380,3,2
481,381,3,2
481,382,3,2
481,383,3,2
481,384,3,2
481,385,3,2
481,386,3,2
481,387,3,2
481,388,3,2
481,389,3,3
481,390,3,3
481,391,3,3
481,392,3,3
481,393,3,3
481,394,3,3
481,395,3,3
481,396,3,3
481,397,3,3
481,398,3,3
481,399,3,3
481,400,3,3
481,401,3,3
481,402,3,3
481,403,3,3
481,404,3,3
481,405,3,3
481,406,3,3
481,407,3,3
481,408,3,3
481,409,3,3
481,410,3,3
481,411,3,3
481,412,3,3
481,413,3,3
481,414,3,3
481,415,3,2
481,416,3,2
481,417,3,2
481,418,3,2
481,419,3,2
481,420,3,2
481,421,3,2
481,422,3,2
481,423,3,2
481,424,3,2
481,425,3,2
481,426,3,2
481,427,3,2
481,428,3,2
481,429,3,2
481,430,3,2
481,431,3,2
481,432,3,2
481,433,3,2
481,434,3,2
481,435,3,2
481,436,3,2
481,437,3,2
481,438,3,2
481,439,3,2
481,440,3,2
481,441,3,2
481,442,3,2
481,443,3,2
481,444,3,2
481,445,3,2
481,446,3,2
481,447,3,2
481,448,3,2
481,449,3,2
481,450,3,2
481,451,3,2
481,452,3,3
481,453,3,3
481,454,3,3
481,455,3,3
481,456,3,3
481,457,3,3
481,458,3,3
481,459,3,3
481,460,3,3
481,461,3,3
481,462,3,3
481,463,3,3
481,464,3,3
481,465,3,3
481,466,3,3
481,467,3,3
481,468,3,3
481,469,3,3
481,470,3,3
481,471,3,3
481,472,3,3
481,473,3,3
481,474,3,3
481,475,3,3
481,476,3,3
481,477,3,3
481,478,3,3
481,479,3,3
481,480,3,3
481,481,3,3
481,482,3,3
481,483,3,2
481,484,3,2
481,485,3,2
481,486,3,2
481,487,3,2
481,488,3,2
481,489,3,2
481,490,3,2
481,491,3,2
481,492,3,2
481,493,3,2
481,494,3,2
481,495,3,2
481,496,3,2
481,497,3,2
481,498,3,2
481,499,3,2
481,500,3,2
481,501,3,2
481,502,3,2
481,503,3,2
481,504,3,2
481,505,3,2
481,506,3,2
481,507,3,2
481,508,3,2
481,509,3,2
481,510,3,2
481,511,3,2
481,512,3,2
481,513,3,2
481,514,3,2
481,515,3,2
481,516,3,2
481,517,3,2
481,518,3,2
481,519,3,2
481,520,3,2
481,521,3,2
481,522,3,2
481,523,3,2
481,524,3,2
481,525,3,2
481,526,3,2
481,527,3,2
481,528,3,2
481,529,3,2
481,530,3,2
481,531,3,2
481,532,3,2
481,533,3,2
481,534,3,2
481,535,3,2
481,536,3,2
481,537,3,2
481,538,3,2
481,539,3,2
481,540,3,2
481,541,3,2
481,542,3,2
481,543,3,2
481,544,3,2
481,545,3,2
481,546,3,2
481,547,3,2
481,548,3,2
481,549,3,2
481,550,3,2
481,551,3,2
481,552,3,2
481,553,3,2
481,554,3,2
481,555,3,2
481,556,3,2
481,557,3,2
481,558,3,2
481,559,3,2
481,560,3,2
481,561,3,2
481,562,3,2
481,563,3,2
481,564,3,2
481,565,3,2
481,566,3,2
481,567,3,2
481,568,3,2
481,569,3,2
481,570,3,2
481,571,3,2
481,572,3,2
481,573,3,2
481,574,3,2
481,575,3,2
481,576,3,2
481,577,3,2
481,578,3,2
481,579,3,2
481,580,3,2
481,581,3,2
481,582,3,2
481,583,3,2
481,584,3,2
481,585,3,2
481,586,3,2
481,587,3,2
481,588,3,2
481,589,3,2
481,590,3,2
481,591,3,2
481,592,3,2
481,593,3,2
481,594,3,2
481,595,3,2
481,596,3,2
481,597,3,2
481,598,3,2
481,599,3,2
481,600,3,2
481,601,3,2
481,602,3,2
481,603,3,2
481,604,3,2
481,605,3,2
481,606,3,2
481,607,3,2
481,608,3,2
481,609,3,2
481,610,3,2
481,611,3,2
481,612,3,2
481,613,3,2
481,614,3,2
481,615,3,2
481,616,3,2
481,617,3,2
481,618,3,2
481,619,3,2
481,620,3,2
481,621,3,2
481,622,3,2
481,623,3,2
481,624,3,2
481,625,3,2
481,626,3,2
481,627,3,2
481,628,3,2
481,629,3,2
481,630,3,2
481,631,3,2
481,632,3,2
481,633,3,2
481,634,3,2
481,635,3,2
481,636,3,2
481,637,3,2
481,638,3,2
481,639,3,2
481,640,3,2
481,641,3,2
481,642,3,2
481,643,3,2
481,644,3,2
481,645,3,2
481,646,3,2
481,647,3,2
481,648,3,2
481,649,3,2
481,650,3,2
481,651,3,2
481,652,3,2
481,653,3,2
481,654,3,2
481,655,3,2
481,656,3,2
481,657,3,2
481,658,3,2
481,659,3,2
481,660,3,2
481,661,3,2
481,662,3,2
481,663,3,2
481,664,3,2
482,75,3,2
482,76,3,2
482,77,3,2
482,78,3,2
482,79,3,2
482,80,3,2
482,81,3,2
482,82,3,2
482,83,3,2
482,84,3,2
482,85,3,2
482,86,3,2
482,87,3,2
482,88,3,2
482,89,3,2
482,90,3,2
482,91,3,2
482,92,3,2
482,93,3,2
482,94,3,2
482,95,3,2
482,96,3,2
482,97,3,2
482,98,3,2
482,99,3,2
482,100,3,2
482,101,3,2
482,102,3,2
482,103,3,2
482,104,3,2
482,105,3,2
482,106,3,2
482,107,3,2
482,108,3,2
482,109,3,2
482,110,3,2
482,111,3,2
482,112,3,2
482,113,3,2
482,114,3,2
482,115,3,2
482,116,3,2
482,117,3,2
482,118,3,2
482,119,3,2
482,120,3,2
482,121,3,2
482,122,3,2
482,123,3,2
482,124,3,2
482,125,3,2
482,126,3,2
482,127,3,2
482,128,3,2
482,129,3,2
482,130,3,2
482,131,3,2
482,132,3,2
482,133,3,2
482,134,3,2
482,135,3,2
482,136,3,2
482,137,3,2
482,138,3,2
482,139,3,2
482,140,3,2
482,141,3,2
482,142,3,2
482,143,3,2
482,144,3,2
482,145,3,2
482,146,3,2
482,147,3,2
482,148,3,2
482,149,3,2
482,150,3,2
482,151,3,2
482,152,3,2
482,153,3,2
482,154,3,2
482,155,3,2
482,156,3,2
482,157,3,2
482,158,3,2
482,159,3,2
482,160,3,2
482,161,3,2
482,162,3,2
482,163,3,2
482,164,3,2
482,165,3,2
482,166,3,2
482,167,3,2
482,168,3,2
482,169,3,2
482,170,3,2
482,171,3,2
482,172,3,2
482,173,3,2
482,174,3,2
482,175,3,2
482,176,3,2
482,177,3,2
482,178,3,2
482,179,3,2
482,180,3,2
482,181,3,2
482,182,3,2
482,183,3,2
482,184,3,2
482,185,3,2
482,186,3,2
482,187,3,2
482,188,3,2
482,189,3,2
482,190,3,2
482,191,3,2
482,192,3,2
482,193,3,2
482,194,3,2
482,195,3,2
482,196,3,2
482,197,3,2
482,198,3,2
482,199,3,2
482,200,3,2
482,201,3,2
482,202,3,2
482,203,3,2
482,204,3,2
482,205,3,2
482,206,3,2
482,207,3,2
482,208,3,2
482,209,3,2
482,210,3,2
482,211,3,2
482,212,3,2
482,213,3,2
482,214,3,2
482,215,3,2
482,216,3,2
482,217,3,2
482,218,3,2
482,219,3,2
482,220,3,2
482,221,3,2
482,222,3,2
482,223,3,2
482,224,3,2
482,225,3,2
482,226,3,2
482,227,3,2
482,228,3,2
482,229,3,2
482,230,3,2
482,231,3,2
482,232,3,2
482,233,3,2
482,234,3,2
482,235,3,2
482,236,3,2
482,237,3,2
482,238,3,2
482,239,3,2
482,240,3,2
482,241,3,2
482,242,3,2
482,243,3,2
482,244,3,2
482,245,3,2
482,246,3,2
482,247,3,2
482,248,3,2
482,249,3,2
482,250,3,2
482,251,3,2
482,252,3,2
482,253,3,2
482,254,3,2
482,255,3,2
482,256,3,2
482,257,3,2
482,258,3,2
482,259,3,2
482,260,3,2
482,261,3,2
482,262,3,2
482,263,3,2
482,264,3,2
482,265,3,2
482,266,3,2
482,267,3,2
482,268,3,2
482,269,3,2
482,270,3,2
482,271,3,2
482,272,3,2
482,273,3,2
482,274,3,2
482,275,3,2
482,276,3,2
482,277,3,2
482,278,3,2
482,279,3,2
482,280,3,2
482,281,3,2
482,282,3,2
482,283,3,2
482,284,3,2
482,285,3,2
482,286,3,2
482,287,3,2
482,288,3,2
482,289,3,2
482,290,3,2
482,291,3,2
482,292,3,2
482,293,3,2
482,294,3,2
482,295,3,2
482,296,3,2
482,297,3,2
482,298,3,2
482,299,3,2
482,300,3,2
482,301,3,2
482,302,3,2
482,303,3,2
482,304,3,2
482,305,3,2
482,306,3,2
482,307,3,2
482,308,3,2
482,309,3,2
482,310,3,2
482,311,3,2
482,312,3,2
482,313,3,2
482,314,3,2
482,315,3,2
482,316,3,2
482,317,3,2
482,318,3,2
482,319,3,2
482,320,3,2
482,321,3,2
482,322,3,2
482,323,3,2
482,324,3,2
482,325,3,2
482,326,3,2
482,327,3,2
482,328,3,2
482,329,3,2
482,330,3,2
482,331,3,2
482,332,3,2
482,333,3,2
482,334,3,2
482,335,3,2
482,336,3,2
482,337,3,2
482,338,3,2
482,339,3,2
482,340,3,2
482,341,3,2
482,342,3,2
482,343,3,2
482,344,3,2
482,345,3,2
482,346,3,2
482,347,3,2
482,348,3,2
482,349,3,2
482,350,3,2
482,351,3,2
482,352,3,2
482,353,3,2
482,354,3,2
482,355,3,2
482,356,3,2
482,357,3,2
482,358,3,2
482,359,3,2
482,360,3,2
482,361,3,2
482,362,3,2
482,363,3,2
482,364,3,2
482,365,3,2
482,366,3,2
482,367,3,2
482,368,3,2
482,369,3,2
482,370,3,2
482,371,3,2
482,372,3,2
482,373,3,2
482,374,3,2
482,375,3,2
482,376,3,2
482,377,3,2
482,378,3,2
482,379,3,2
482,380,3,2
482,381,3,2
482,382,3,2
482,383,3,2
482,384,3,2
482,385,3,2
482,386,3,2
482,387,3,2
482,388,3,2
482,389,3,2
482,390,3,3
482,391,3,3
482,392,3,3
482,393,3,3
482,394,3,3
482,395,3,3
482,396,3,3
482,397,3,3
482,398,3,3
482,399,3,3
482,400,3,3
482,401,3,3
482,402,3,3
482,403,3,3
482,404,3,3
482,405,3,3
482,406,3,3
482,407,3,3
482,408,3,3
482,409,3,3
482,410,3,3
482,411,3,3
482,412,3,3
482,413,3,3
482,414,3,3
482,415,3,2
482,416,3,2
482,417,3,2
482,418,3,2
482,419,3,2
482,420,3,2
482,421,3,2
482,422,3,2
482,423,3,2
482,424,3,2
482,425,3,2
482,426,3,2
482,427,3,2
482,428,3,2
482,429,3,2
482,430,3,2
482,431,3,2
482,432,3,2
482,433,3,2
482,434,3,2
482,435,3,2
482,436,3,2
482,437,3,2
482,438,3,2
482,439,3,2
482,440,3,2
482,441,3,2
482,442,3,2
482,443,3,2
482,444,3,2
482,445,3,2
482,446,3,2
482,447,3,2
482,448,3,2
482,449,3,2
482,450,3,2
482,451,3,2
482,452,3,2
482,453,3,3
482,454,3,3
482,455,3,3
482,456,3,3
482,457,3,3
482,458,3,3
482,459,3,3
482,460,3,3
482,461,3,3
482,462,3,3
482,463,3,3
482,464,3,3
482,465,3,3
482,466,3,3
482,467,3,3
482,468,3,3
482,469,3,3
482,470,3,3
482,471,3,3
482,472,3,3
482,473,3,3
482,474,3,3
482,475,3,3
482,476,3,3
482,477,3,3
482,478,3,3
482,479,3,3
482,480,3,3
482,481,3,3
482,482,3,2
482,483,3,2
482,484,3,2
482,485,3,2
482,486,3,2
482,487,3,2
482,488,3,2
482,489,3,2
482,490,3,2
482,491,3,2
482,492,3,2
482,493,3,2
482,494,3,2
482,495,3,2
482,496,3,2
482,497,3,2
482,498,3,2
482,499,3,2
482,500,3,2
482,501,3,2
482,502,3,2
482,503,3,2
482,504,3,2
482,505,3,2
482,506,3,2
482,507,3,2
482,508,3,2
482,509,3,2
482,510,3,2
482,511,3,2
482,512,3,2
482,513,3,2
482,514,3,2
482,515,3,2
482,516,3,2
482,517,3,2
482,518,3,2
482,519,3,2
482,520,3,2
482,521,3,2
482,522,3,2
482,523,3,2
482,524,3,2
482,525,3,2
482,526,3,2
482,527,3,2
482,528,3,2
482,529,3,2
482,530,3,2
482,531,3,2
482,532,3,2
482,533,3,2
482,534,3,2
482,535,3,2
482,536,3,2
482,537,3,2
482,538,3,2
482,539,3,2
482,540,3,2
482,541,3,2
482,542,3,2
482,543,3,2
482,544,3,2
482,545,3,2
482,546,3,2
482,547,3,2
482,548,3,2
482,549,3,2
482,550,3,2
482,551,3,2
482,552,3,2
482,553,3,2
482,554,3,2
482,555,3,2
482,556,3,2
482,557,3,2
482,558,3,2
482,559,3,2
482,560,3,2
482,561,3,2
482,562,3,2
482,563,3,2
482,564,3,2
482,565,3,2
482,566,3,2
482,567,3,2
482,568,3,2
482,569,3,2
482,570,3,2
482,571,3,2
482,572,3,2
482,573,3,2
482,574,3,2
482,575,3,2
482,576,3,2
482,577,3,2
482,578,3,2
482,579,3,2
482,580,3,2
482,581,3,2
482,582,3,2
482,583,3,2
482,584,3,2
482,585,3,2
482,586,3,2
482,587,3,2
482,588,3,2
482,589,3,2
482,590,3,2
482,591,3,2
482,592,3,2
482,593,3,2
482,594,3,2
482,595,3,2
482,596,3,2
482,597,3,2
482,598,3,2
482,599,3,2
482,600,3,2
482,601,3,2
482,602,3,2
482,603,3,2
482,604,3,2
482,605,3,2
482,606,3,2
482,607,3,2
482,608,3,2
482,609,3,2
482,610,3,2
482,611,3,2
482,612,3,2
482,613,3,2
482,614,3,2
482,615,3,2
482,616,3,2
482,617,3,2
482,618,3,2
482,619,3,2
482,620,3,2
482,621,3,2
482,622,3,2
482,623,3,2
482,624,3,2
482,625,3,2
482,626,3,2
482,627,3,2
482,628,3,2
482,629,3,2
482,630,3,2
482,631,3,2
482,632,3,2
482,633,3,2
482,634,3,2
482,635,3,2
482,636,3,2
482,637,3,2
482,638,3,2
482,639,3,2
482,640,3,2
482,641,3,2
482,642,3,2
482,643,3,2
482,644,3,2
482,645,3,2
482,646,3,2
482,647,3,2
482,648,3,2
482,649,3,2
482,650,3,2
482,651,3,2
482,652,3,2
482,653,3,2
482,654,3,2
482,655,3,2
482,656,3,2
482,657,3,2
482,658,3,2
482,659,3,2
482,660,3,2
482,661,3,2
482,662,3,2
482,663,3,2
482,664,3,2
483,75,3,2
483,76,3,2
483,77,3,2
483,78,3,2
483,79,3,2
483,80,3,2
483,81,3,2
483,82,3,2
483,83,3,2
483,84,3,2
483,85,3,2
483,86,3,2
483,87,3,2
483,88,3,2
483,89,3,2
483,90,3,2
483,91,3,2
483,92,3,2
483,93,3,2
483,94,3,2
483,95,3,2
483,96,3,2
483,97,3,2
483,98,3,2
483,99,3,2
483,100,3,2
483,101,3,2
483,102,3,2
483,103,3,2
483,104,3,2
483,105,3,2
483,106,3,2
483,107,3,2
483,108,3,2
483,109,3,2
483,110,3,2
483,111,3,2
483,112,3,2
483,113,3,2
483,114,3,2
483,115,3,2
483,116,3,2
483,117,3,2
483,118,3,2
483,119,3,2
483,120,3,2
483,121,3,2
483,122,3,2
483,123,3,2
483,124,3,2
483,125,3,2
483,126,3,2
483,127,3,2
483,128,3,2
483,129,3,2
483,130,3,2
483,131,3,2
483,132,3,2
483,133,3,2
483,134,3,2
483,135,3,2
483,136,3,2
483,137,3,2
483,138,3,2
483,139,3,2
483,140,3,2
483,141,3,2
483,142,3,2
483,143,3,2
483,144,3,2
483,145,3,2
483,146,3,2
483,147,3,2
483,148,3,2
483,149,3,2
483,150,3,2
483,151,3,2
483,152,3,2
483,153,3,2
483,154,3,2
483,155,3,2
483,156,3,2
483,157,3,2
483,158,3,2
483,159,3,2
483,160,3,2
483,161,3,2
483,162,3,2
483,163,3,2
483,164,3,2
483,165,3,2
483,166,3,2
483,167,3,2
483,168,3,2
483,169,3,2
483,170,3,2
483,171,3,2
483,172,3,2
483,173,3,2
483,174,3,2
483,175,3,2
483,176,3,2
483,177,3,2
483,178,3,2
483,179,3,2
483,180,3,2
483,181,3,2
483,182,3,2
483,183,3,2
483,184,3,2
483,185,3,2
483,186,3,2
483,187,3,2
483,188,3,2
483,189,3,2
483,190,3,2
483,191,3,2
483,192,3,2
483,193,3,2
483,194,3,2
483,195,3,2
483,196,3,2
483,197,3,2
483,198,3,2
483,199,3,2
483,200,3,2
483,201,3,2
483,202,3,2
483,203,3,2
483,204,3,2
483,205,3,2
483,206,3,2
483,207,3,2
483,208,3,2
483,209,3,2
483,210,3,2
483,211,3,2
483,212,3,2
483,213,3,2
483,214,3,2
483,215,3,2
483,216,3,2
483,217,3,2
483,218,3,2
483,219,3,2
483,220,3,2
483,221,3,2
483,222,3,2
483,223,3,2
483,224,3,2
483,225,3,2
483,226,3,2
483,227,3,2
483,228,3,2
483,229,3,2
483,230,3,2
483,231,3,2
483,232,3,2
483,233,3,2
483,234,3,2
483,235,3,2
483,236,3,2
483,237,3,2
483,238,3,2
483,239,3,2
483,240,3,2
483,241,3,2
483,242,3,2
483,243,3,2
483,244,3,2
483,245,3,2
483,246,3,2
483,247,3,2
483,248,3,2
483,249,3,2
483,250,3,2
483,251,3,2
483,252,3,2
483,253,3,2
483,254,3,2
483,255,3,2
483,256,3,2
483,257,3,2
483,258,3,2
483,259,3,2
483,260,3,2
483,261,3,2
483,262,3,2
483,263,3,2
483,264,3,2
483,265,3,2
483,266,3,2
483,267,3,2
483,268,3,2
483,269,3,2
483,270,3,2
483,271,3,2
483,272,3,2
483,273,3,2
483,274,3,2
483,275,3,2
483,276,3,2
483,277,3,2
483,278,3,2
483,279,3,2
483,280,3,2
483,281,3,2
483,282,3,2
483,283,3,2
483,284,3,2
483,285,3,2
483,286,3,2
483,287,3,2
483,288,3,2
483,289,3,2
483,290,3,2
483,291,3,2
483,292,3,2
483,293,3,2
483,294,3,2
483,295,3,2
483,296,3,2
483,297,3,2
483,298,3,2
483,299,3,2
483,300,3,2
483,301,3,2
483,302,3,2
483,303,3,2
483,304,3,2
483,305,3,2
483,306,3,2
483,307,3,2
483,308,3,2
483,309,3,2
483,310,3,2
483,311,3,2
483,312,3,2
483,313,3,2
483,314,3,2
483,315,3,2
483,316,3,2
483,317,3,2
483,318,3,2
483,319,3,2
483,320,3,2
483,321,3,2
483,322,3,2
483,323,3,2
483,324,3,2
483,325,3,2
483,326,3,2
483,327,3,2
483,328,3,2
483,329,3,2
483,330,3,2
483,331,3,2
483,332,3,2
483,333,3,2
483,334,3,2
483,335,3,2
483,336,3,2
483,337,3,2
483,338,3,2
483,339,3,2
483,340,3,2
483,341,3,2
483,342,3,2
483,343,3,2
483,344,3,2
483,345,3,2
483,346,3,2
483,347,3,2
483,348,3,2
483,349,3,2
483,350,3,2
483,351,3,2
483,352,3,2
483,353,3,2
483,354,3,2
483,355,3,2
483,356,3,2
483,357,3,2
483,358,3,2
483,359,3,2
483,360,3,2
483,361,3,2
483,362,3,2
483,363,3,2
483,364,3,2
483,365,3,2
483,366,3,2
483,367,3,2
483,368,3,2
483,369,3,2
483,370,3,2
483,371,3,2
483,372,3,2
483,373,3,2
483,374,3,2
483,375,3,2
483,376,3,2
483,377,3,2
483,378,3,2
483,379,3,2
483,380,3,2
483,381,3,2
483,382,3,2
483,383,3,2
483,384,3,2
483,385,3,2
483,386,3,2
483,387,3,2
483,388,3,2
483,389,3,2
483,390,3,3
483,391,3,3
483,392,3,3
483,393,3,3
483,394,3,3
483,395,3,3
483,396,3,3
483,397,3,3
483,398,3,3
483,399,3,3
483,400,3,3
483,401,3,3
483,402,3,3
483,403,3,3
483,404,3,3
483,405,3,3
483,406,3,3
483,407,3,3
483,408,3,3
483,409,3,3
483,410,3,3
483,411,3,3
483,412,3,3
483,413,3,3
483,414,3,3
483,415,3,3
483,416,3,2
483,417,3,2
483,418,3,2
483,419,3,2
483,420,3,2
483,421,3,2
483,422,3,2
483,423,3,2
483,424,3,2
483,425,3,2
483,426,3,2
483,427,3,2
483,428,3,2
483,429,3,2
483,430,3,2
483,431,3,2
483,432,3,2
483,433,3,2
483,434,3,2
483,435,3,2
483,436,3,2
483,437,3,2
483,438,3,2
483,439,3,2
483,440,3,2
483,441,3,2
483,442,3,2
483,443,3,2
483,444,3,2
483,445,3,2
483,446,3,2
483,447,3,2
483,448,3,2
483,449,3,2
483,450,3,2
483,451,3,2
483,452,3,2
483,453,3,2
483,454,3,3
483,455,3,3
483,456,3,3
483,457,3,2
483,458,3,2
483,459,3,2
483,460,3,3
483,461,3,3
483,462,3,3
483,463,3,3
483,464,3,3
483,465,3,3
483,466,3,3
483,467,3,3
483,468,3,3
483,469,3,3
483,470,3,3
483,471,3,3
483,472,3,3
483,473,3,3
483,474,3,3
483,475,3,3
483,476,3,3
483,477,3,3
483,478,3,3
483,479,3,3
483,480,3,3
483,481,3,2
483,482,3,2
483,483,3,2
483,484,3,2
483,485,3,2
483,486,3,2
483,487,3,2
483,488,3,2
483,489,3,2
483,490,3,2
483,491,3,2
483,492,3,2
483,493,3,2
483,494,3,2
483,495,3,2
483,496,3,2
483,497,3,2
483,498,3,2
483,499,3,2
483,500,3,2
483,501,3,2
483,502,3,2
483,503,3,2
483,504,3,2
483,505,3,2
483,506,3,2
483,507,3,2
483,508,3,2
483,509,3,2
483,510,3,2
483,511,3,2
483,512,3,2
483,513,3,2
483,514,3,2
483,515,3,2
483,516,3,2
483,517,3,2
483,518,3,2
483,519,3,2
483,520,3,2
483,521,3,2
483,522,3,2
483,523,3,2
483,524,3,2
483,525,3,2
483,526,3,2
483,527,3,2
483,528,3,2
483,529,3,2
483,530,3,2
483,531,3,2
483,532,3,2
483,533,3,2
483,534,3,2
483,535,3,2
483,536,3,2
483,537,3,2
483,538,3,2
483,539,3,2
483,540,3,2
483,541,3,2
483,542,3,2
483,543,3,2
483,544,3,2
483,545,3,2
483,546,3,2
483,547,3,2
483,548,3,2
483,549,3,2
483,550,3,2
483,551,3,2
483,552,3,2
483,553,3,2
483,554,3,2
483,555,3,2
483,556,3,2
483,557,3,2
483,558,3,2
483,559,3,2
483,560,3,2
483,561,3,2
483,562,3,2
483,563,3,2
483,564,3,2
483,565,3,2
483,566,3,2
483,567,3,2
483,568,3,2
483,569,3,2
483,570,3,2
483,571,3,2
483,572,3,2
483,573,3,2
483,574,3,2
483,575,3,2
483,576,3,2
483,577,3,2
483,578,3,2
483,579,3,2
483,580,3,2
483,581,3,2
483,582,3,2
483,583,3,2
483,584,3,2
483,585,3,2
483,586,3,2
483,587,3,2
483,588,3,2
483,589,3,2
483,590,3,2
483,591,3,2
483,592,3,2
483,593,3,2
483,594,3,2
483,595,3,2
483,596,3,2
483,597,3,2
483,598,3,2
483,599,3,2
483,600,3,2
483,601,3,2
483,602,3,2
483,603,3,2
483,604,3,2
483,605,3,2
483,606,3,2
483,607,3,2
483,608,3,2
483,609,3,2
483,610,3,2
483,611,3,2
483,612,3,2
483,613,3,2
483,614,3,2
483,615,3,2
483,616,3,2
483,617,3,2
483,618,3,2
483,619,3,2
483,620,3,2
483,621,3,2
483,622,3,2
483,623,3,2
483,624,3,2
483,625,3,2
483,626,3,2
483,627,3,2
483,628,3,2
483,629,3,2
483,630,3,2
483,631,3,2
483,632,3,2
483,633,3,2
483,634,3,2
483,635,3,2
483,636,3,2
483,637,3,2
483,638,3,2
483,639,3,2
483,640,3,2
483,641,3,2
483,642,3,2
483,643,3,2
483,644,3,2
483,645,3,2
483,646,3,2
483,647,3,2
483,648,3,2
483,649,3,2
483,650,3,2
483,651,3,2
483,652,3,2
483,653,3,2
483,654,3,2
483,655,3,2
483,656,3,2
483,657,3,2
483,658,3,2
483,659,3,2
483,660,3,2
483,661,3,2
483,662,3,2
483,663,3,2
483,664,3,2
484,75,3,2
484,76,3,2
484,77,3,2
484,78,3,2
484,79,3,2
484,80,3,2
484,81,3,2
484,82,3,2
484,83,3,2
484,84,3,2
484,85,3,2
484,86,3,2
484,87,3,2
484,88,3,2
484,89,3,2
484,90,3,2
484,91,3,2
484,92,3,2
484,93,3,2
484,94,3,2
484,95,3,2
484,96,3,2
484,97,3,2
484,98,3,2
484,99,3,2
484,100,3,2
484,101,3,2
484,102,3,2
484,103,3,2
484,104,3,2
484,105,3,2
484,106,3,2
484,107,3,2
484,108,3,2
484,109,3,2
484,110,3,2
484,111,3,2
484,112,3,2
484,113,3,2
484,114,3,2
484,115,3,2
484,116,3,2
484,117,3,2
484,118,3,2
484,119,3,2
484,120,3,2
484,121,3,2
484,122,3,2
484,123,3,2
484,124,3,2
484,125,3,2
484,126,3,2
484,127,3,2
484,128,3,2
484,129,3,2
484,130,3,2
484,131,3,2
484,132,3,2
484,133,3,2
484,134,3,2
484,135,3,2
484,136,3,2
484,137,3,2
484,138,3,2
484,139,3,2
484,140,3,2
484,141,3,2
484,142,3,2
484,143,3,2
484,144,3,2
484,145,3,2
484,146,3,2
484,147,3,2
484,148,3,2
484,149,3,2
484,150,3,2
484,151,3,2
484,152,3,2
484,153,3,2
484,154,3,2
484,155,3,2
484,156,3,2
484,157,3,2
484,158,3,2
484,159,3,2
484,160,3,2
484,161,3,2
484,162,3,2
484,163,3,2
484,164,3,2
484,165,3,2
484,166,3,2
484,167,3,2
484,168,3,2
484,169,3,2
484,170,3,2
484,171,3,2
484,172,3,2
484,173,3,2
484,174,3,2
484,175,3,2
484,176,3,2
484,177,3,2
484,178,3,2
484,179,3,2
484,180,3,2
484,181,3,2
484,182,3,2
484,183,3,2
484,184,3,2
484,185,3,2
484,186,3,2
484,187,3,2
484,188,3,2
484,189,3,2
484,190,3,2
484,191,3,2
484,192,3,2
484,193,3,2
484,194,3,2
484,195,3,2
484,196,3,2
484,197,3,2
484,198,3,2
484,199,3,2
484,200,3,2
484,201,3,2
484,202,3,2
484,203,3,2
484,204,3,2
484,205,3,2
484,206,3,2
484,207,3,2
484,208,3,2
484,209,3,2
484,210,3,2
484,211,3,2
484,212,3,2
484,213,3,2
484,214,3,2
484,215,3,2
484,216,3,2
484,217,3,2
484,218,3,2
484,219,3,2
484,220,3,2
484,221,3,2
484,222,3,2
484,223,3,2
484,224,3,2
484,225,3,2
484,226,3,2
484,227,3,2
484,228,3,2
484,229,3,2
484,230,3,2
484,231,3,2
484,232,3,2
484,233,3,2
484,234,3,2
484,235,3,2
484,236,3,2
484,237,3,2
484,238,3,2
484,239,3,2
484,240,3,2
484,241,3,2
484,242,3,2
484,243,3,2
484,244,3,2
484,245,3,2
484,246,3,2
484,247,3,2
484,248,3,2
484,249,3,2
484,250,3,2
484,251,3,2
484,252,3,2
484,253,3,2
484,254,3,2
484,255,3,2
484,256,3,2
484,257,3,2
484,258,3,2
484,259,3,2
484,260,3,2
484,261,3,2
484,262,3,2
484,263,3,2
484,264,3,2
484,265,3,2
484,266,3,2
484,267,3,2
484,268,3,2
484,269,3,2
484,270,3,2
484,271,3,2
484,272,3,2
484,273,3,2
484,274,3,2
484,275,3,2
484,276,3,2
484,277,3,2
484,278,3,2
484,279,3,2
484,280,3,2
484,281,3,2
484,282,3,2
484,283,3,2
484,284,3,2
484,285,3,2
484,286,3,2
484,287,3,2
484,288,3,2
484,289,3,2
484,290,3,2
484,291,3,2
484,292,3,2
484,293,3,2
484,294,3,2
484,295,3,2
484,296,3,2
484,297,3,2
484,298,3,2
484,299,3,2
484,300,3,2
484,301,3,2
484,302,3,2
484,303,3,2
484,304,3,2
484,305,3,2
484,306,3,2
484,307,3,2
484,308,3,2
484,309,3,2
484,310,3,2
484,311,3,2
484,312,3,2
484,313,3,2
484,314,3,2
484,315,3,2
484,316,3,2
484,317,3,2
484,318,3,2
484,319,3,2
484,320,3,2
484,321,3,2
484,322,3,2
484,323,3,2
484,324,3,2
484,325,3,2
484,326,3,2
484,327,3,2
484,328,3,2
484,329,3,2
484,330,3,2
484,331,3,2
484,332,3,2
484,333,3,2
484,334,3,2
484,335,3,2
484,336,3,2
484,337,3,2
484,338,3,2
484,339,3,2
484,340,3,2
484,341,3,2
484,342,3,2
484,343,3,2
484,344,3,2
484,345,3,2
484,346,3,2
484,347,3,2
484,348,3,2
484,349,3,2
484,350,3,2
484,351,3,2
484,352,3,2
484,353,3,2
484,354,3,2
484,355,3,2
484,356,3,2
484,357,3,2
484,358,3,2
484,359,3,2
484,360,3,2
484,361,3,2
484,362,3,2
484,363,3,2
484,364,3,2
484,365,3,2
484,366,3,2
484,367,3,2
484,368,3,2
484,369,3,2
484,370,3,2
484,371,3,2
484,372,3,2
484,373,3,2
484,374,3,2
484,375,3,2
484,376,3,2
484,377,3,2
484,378,3,2
484,379,3,2
484,380,3,2
484,381,3,2
484,382,3,2
484,383,3,2
484,384,3,2
484,385,3,2
484,386,3,2
484,387,3,2
484,388,3,2
484,389,3,2
484,390,3,3
484,391,3,3
484,392,3,3
484,393,3,3
484,394,3,3
484,395,3,3
484,396,3,3
484,397,3,3
484,398,3,3
484,399,3,3
484,400,3,3
484,401,3,3
484,402,3,3
484,403,3,3
484,404,3,3
484,405,3,3
484,406,3,3
484,407,3,3
484,408,3,3
484,409,3,3
484,410,3,3
484,411,3,3
484,412,3,3
484,413,3,3
484,414,3,3
484,415,3,3
484,416,3,2
484,417,3,2
484,418,3,2
484,419,3,2
484,420,3,2
484,421,3,2
484,422,3,2
484,423,3,2
484,424,3,2
484,425,3,2
484,426,3,2
484,427,3,2
484,428,3,2
484,429,3,2
484,430,3,2
484,431,3,2
484,432,3,2
484,433,3,2
484,434,3,2
484,435,3,2
484,436,3,2
484,437,3,2
484,438,3,2
484,439,3,2
484,440,3,2
484,441,3,2
484,442,3,2
484,443,3,2
484,444,3,2
484,445,3,2
484,446,3,2
484,447,3,2
484,448,3,2
484,449,3,2
484,450,3,2
484,451,3,2
484,452,3,2
484,453,3,2
484,454,3,2
484,455,3,2
484,456,3,2
484,457,3,2
484,458,3,2
484,459,3,2
484,460,3,2
484,461,3,2
484,462,3,3
484,463,3,3
484,464,3,3
484,465,3,3
484,466,3,3
484,467,3,3
484,468,3,3
484,469,3,3
484,470,3,3
484,471,3,3
484,472,3,3
484,473,3,3
484,474,3,3
484,475,3,3
484,476,3,3
484,477,3,3
484,478,3,3
484,479,3,3
484,480,3,2
484,481,3,2
484,482,3,2
484,483,3,2
484,484,3,2
484,485,3,2
484,486,3,2
484,487,3,2
484,488,3,2
484,489,3,2
484,490,3,2
484,491,3,2
484,492,3,2
484,493,3,2
484,494,3,2
484,495,3,2
484,496,3,2
484,497,3,2
484,498,3,2
484,499,3,2
484,500,3,2
484,501,3,2
484,502,3,2
484,503,3,2
484,504,3,2
484,505,3,2
484,506,3,2
484,507,3,2
484,508,3,2
484,509,3,2
484,510,3,2
484,511,3,2
484,512,3,2
484,513,3,2
484,514,3,2
484,515,3,2
484,516,3,2
484,517,3,2
484,518,3,2
484,519,3,2
484,520,3,2
484,521,3,2
484,522,3,2
484,523,3,2
484,524,3,2
484,525,3,2
484,526,3,2
484,527,3,2
484,528,3,2
484,529,3,2
484,530,3,2
484,531,3,2
484,532,3,2
484,533,3,2
484,534,3,2
484,535,3,2
484,536,3,2
484,537,3,2
484,538,3,2
484,539,3,2
484,540,3,2
484,541,3,2
484,542,3,2
484,543,3,2
484,544,3,2
484,545,3,2
484,546,3,2
484,547,3,2
484,548,3,2
484,549,3,2
484,550,3,2
484,551,3,2
484,552,3,2
484,553,3,2
484,554,3,2
484,555,3,2
484,556,3,2
484,557,3,2
484,558,3,2
484,559,3,2
484,560,3,2
484,561,3,2
484,562,3,2
484,563,3,2
484,564,3,2
484,565,3,2
484,566,3,2
484,567,3,2
484,568,3,2
484,569,3,2
484,570,3,2
484,571,3,2
484,572,3,2
484,573,3,2
484,574,3,2
484,575,3,2
484,576,3,2
484,577,3,2
484,578,3,2
484,579,3,2
484,580,3,2
484,581,3,2
484,582,3,2
484,583,3,2
484,584,3,2
484,585,3,2
484,586,3,2
484,587,3,2
484,588,3,2
484,589,3,2
484,590,3,2
484,591,3,2
484,592,3,2
484,593,3,2
484,594,3,2
484,595,3,2
484,596,3,2
484,597,3,2
484,598,3,2
484,599,3,2
484,600,3,2
484,601,3,2
484,602,3,2
484,603,3,2
484,604,3,2
484,605,3,2
484,606,3,2
484,607,3,2
484,608,3,2
484,609,3,2
484,610,3,2
484,611,3,2
484,612,3,2
484,613,3,2
484,614,3,2
484,615,3,2
484,616,3,2
484,617,3,2
484,618,3,2
484,619,3,2
484,620,3,2
484,621,3,2
484,622,3,2
484,623,3,2
484,624,3,2
484,625,3,2
484,626,3,2
484,627,3,2
484,628,3,2
484,629,3,2
484,630,3,2
484,631,3,2
484,632,3,2
484,633,3,2
484,634,3,2
484,635,3,2
484,636,3,2
484,637,3,2
484,638,3,2
484,639,3,2
484,640,3,2
484,641,3,2
484,642,3,2
484,643,3,2
484,644,3,2
484,645,3,2
484,646,3,2
484,647,3,2
484,648,3,2
484,649,3,2
484,650,3,2
484,651,3,2
484,652,3,2
484,653,3,2
484,654,3,2
484,655,3,2
484,656,3,2
484,657,3,2
484,658,3,2
484,659,3,2
484,660,3,2
484,661,3,2
484,662,3,2
484,663,3,2
484,664,3,2
485,76,3,2
485,77,3,2
485,78,3,2
485,79,3,2
485,80,3,2
485,81,3,2
485,82,3,2
485,83,3,2
485,84,3,2
485,85,3,2
485,86,3,2
485,87,3,2
485,88,3,2
485,89,3,2
485,90,3,2
485,91,3,2
485,92,3,2
485,93,3,2
485,94,3,2
485,95,3,2
485,96,3,2
485,97,3,2
485,98,3,2
485,99,3,2
485,100,3,2
485,101,3,2
485,102,3,2
485,103,3,2
485,104,3,2
485,105,3,2
485,106,3,2
485,107,3,2
485,108,3,2
485,109,3,2
485,110,3,2
485,111,3,2
485,112,3,2
485,113,3,2
485,114,3,2
485,115,3,2
485,116,3,2
485,117,3,2
485,118,3,2
485,119,3,2
485,120,3,2
485,121,3,2
485,122,3,2
485,123,3,2
485,124,3,2
485,125,3,2
485,126,3,2
485,127,3,2
485,128,3,2
485,129,3,2
485,130,3,2
485,131,3,2
485,132,3,2
485,133,3,2
485,134,3,2
485,135,3,2
485,136,3,2
485,137,3,2
485,138,3,2
485,139,3,2
485,140,3,2
485,141,3,2
485,142,3,2
485,143,3,2
485,144,3,2
485,145,3,2
485,146,3,2
485,147,3,2
485,148,3,2
485,149,3,2
485,150,3,2
485,151,3,2
485,152,3,2
485,153,3,2
485,154,3,2
485,155,3,2
485,156,3,2
485,157,3,2
485,158,3,2
485,159,3,2
485,160,3,2
485,161,3,2
485,162,3,2
485,163,3,2
485,164,3,2
485,165,3,2
485,166,3,2
485,167,3,2
485,168,3,2
485,169,3,2
485,170,3,2
485,171,3,2
485,172,3,2
485,173,3,2
485,174,3,2
485,175,3,2
485,176,3,2
485,177,3,2
485,178,3,2
485,179,3,2
485,180,3,2
485,181,3,2
485,182,3,2
485,183,3,2
485,184,3,2
485,185,3,2
485,186,3,2
485,187,3,2
485,188,3,2
485,189,3,2
485,190,3,2
485,191,3,2
485,192,3,2
485,193,3,2
485,194,3,2
485,195,3,2
485,196,3,2
485,197,3,2
485,198,3,2
485,199,3,2
485,200,3,2
485,201,3,2
485,202,3,2
485,203,3,2
485,204,3,2
485,205,3,2
485,206,3,2
485,207,3,2
485,208,3,2
485,209,3,2
485,210,3,2
485,211,3,2
485,212,3,2
485,213,3,2
485,214,3,2
485,215,3,2
485,216,3,2
485,217,3,2
485,218,3,2
485,219,3,2
485,220,3,2
485,221,3,2
485,222,3,2
485,223,3,2
485,224,3,2
485,225,3,2
485,226,3,2
485,227,3,2
485,228,3,2
485,229,3,2
485,230,3,2
485,231,3,2
485,232,3,2
485,233,3,2
485,234,3,2
485,235,3,2
485,236,3,2
485,237,3,2
485,238,3,2
485,239,3,2
485,240,3,2
485,241,3,2
485,242,3,2
485,243,3,2
485,244,3,2
485,245,3,2
485,246,3,2
485,247,3,2
485,248,3,2
485,249,3,2
485,250,3,2
485,251,3,2
485,252,3,2
485,253,3,2
485,254,3,2
485,255,3,2
485,256,3,2
485,257,3,2
485,258,3,2
485,259,3,2
485,260,3,2
485,261,3,2
485,262,3,2
485,263,3,2
485,264,3,2
485,265,3,2
485,266,3,2
485,267,3,2
485,268,3,2
485,269,3,2
485,270,3,2
485,271,3,2
485,272,3,2
485,273,3,2
485,274,3,2
485,275,3,2
485,276,3,2
485,277,3,2
485,278,3,2
485,279,3,2
485,280,3,2
485,281,3,2
485,282,3,2
485,283,3,2
485,284,3,2
485,285,3,2
485,286,3,2
485,287,3,2
485,288,3,2
485,289,3,2
485,290,3,2
485,291,3,2
485,292,3,2
485,293,3,2
485,294,3,2
485,295,3,2
485,296,3,2
485,297,3,2
485,298,3,2
485,299,3,2
485,300,3,2
485,301,3,2
485,302,3,2
485,303,3,2
485,304,3,2
485,305,3,2
485,306,3,2
485,307,3,2
485,308,3,2
485,309,3,2
485,310,3,2
485,311,3,2
485,312,3,2
485,313,3,2
485,314,3,2
485,315,3,2
485,316,3,2
485,317,3,2
485,318,3,2
485,319,3,2
485,320,3,2
485,321,3,2
485,322,3,2
485,323,3,2
485,324,3,2
485,325,3,2
485,326,3,2
485,327,3,2
485,328,3,2
485,329,3,2
485,330,3,2
485,331,3,2
485,332,3,2
485,333,3,2
485,334,3,2
485,335,3,2
485,336,3,2
485,337,3,2
485,338,3,2
485,339,3,2
485,340,3,2
485,341,3,2
485,342,3,2
485,343,3,2
485,344,3,2
485,345,3,2
485,346,3,2
485,347,3,2
485,348,3,2
485,349,3,2
485,350,3,2
485,351,3,2
485,352,3,2
485,353,3,2
485,354,3,2
485,355,3,2
485,356,3,2
485,357,3,2
485,358,3,2
485,359,3,2
485,360,3,2
485,361,3,2
485,362,3,2
485,363,3,2
485,364,3,2
485,365,3,2
485,366,3,2
485,367,3,2
485,368,3,2
485,369,3,2
485,370,3,2
485,371,3,2
485,372,3,2
485,373,3,2
485,374,3,2
485,375,3,2
485,376,3,2
485,377,3,2
485,378,3,2
485,379,3,2
485,380,3,2
485,381,3,2
485,382,3,2
485,383,3,2
485,384,3,2
485,385,3,2
485,386,3,2
485,387,3,2
485,388,3,2
485,389,3,2
485,390,3,3
485,391,3,3
485,392,3,3
485,393,3,3
485,394,3,3
485,395,3,3
485,396,3,3
485,397,3,3
485,398,3,3
485,399,3,3
485,400,3,3
485,401,3,3
485,402,3,3
485,403,3,3
485,404,3,3
485,405,3,3
485,406,3,3
485,407,3,3
485,408,3,3
485,409,3,3
485,410,3,3
485,411,3,3
485,412,3,3
485,413,3,3
485,414,3,3
485,415,3,3
485,416,3,3
485,417,3,2
485,418,3,2
485,419,3,2
485,420,3,2
485,421,3,2
485,422,3,2
485,423,3,2
485,424,3,2
485,425,3,2
485,426,3,2
485,427,3,2
485,428,3,2
485,429,3,2
485,430,3,2
485,431,3,2
485,432,3,2
485,433,3,2
485,434,3,2
485,435,3,2
485,436,3,2
485,437,3,2
485,438,3,2
485,439,3,2
485,440,3,2
485,441,3,2
485,442,3,2
485,443,3,2
485,444,3,2
485,445,3,2
485,446,3,2
485,447,3,2
485,448,3,2
485,449,3,2
485,450,3,2
485,451,3,2
485,452,3,2
485,453,3,2
485,454,3,2
485,455,3,2
485,456,3,2
485,457,3,2
485,458,3,2
485,459,3,2
485,460,3,2
485,461,3,2
485,462,3,2
485,463,3,3
485,464,3,3
485,465,3,2
485,466,3,3
485,467,3,3
485,468,3,3
485,469,3,3
485,470,3,3
485,471,3,3
485,472,3,3
485,473,3,3
485,474,3,3
485,475,3,3
485,476,3,3
485,477,3,3
485,478,3,2
485,479,3,2
485,480,3,2
485,481,3,2
485,482,3,2
485,483,3,2
485,484,3,2
485,485,3,2
485,486,3,2
485,487,3,2
485,488,3,2
485,489,3,2
485,490,3,2
485,491,3,2
485,492,3,2
485,493,3,2
485,494,3,2
485,495,3,2
485,496,3,2
485,497,3,2
485,498,3,2
485,499,3,2
485,500,3,2
485,501,3,2
485,502,3,2
485,503,3,2
485,504,3,2
485,505,3,2
485,506,3,2
485,507,3,2
485,508,3,2
485,509,3,2
485,510,3,2
485,511,3,2
485,512,3,2
485,513,3,2
485,514,3,2
485,515,3,2
485,516,3,2
485,517,3,2
485,518,3,2
485,519,3,2
485,520,3,2
485,521,3,2
485,522,3,2
485,523,3,2
485,524,3,2
485,525,3,2
485,526,3,2
485,527,3,2
485,528,3,2
485,529,3,2
485,530,3,2
485,531,3,2
485,532,3,2
485,533,3,2
485,534,3,2
485,535,3,2
485,536,3,2
485,537,3,2
485,538,3,2
485,539,3,2
485,540,3,2
485,541,3,2
485,542,3,2
485,543,3,2
485,544,3,2
485,545,3,2
485,546,3,2
485,547,3,2
485,548,3,2
485,549,3,2
485,550,3,2
485,551,3,2
485,552,3,2
485,553,3,2
485,554,3,2
485,555,3,2
485,556,3,2
485,557,3,2
485,558,3,2
485,559,3,2
485,560,3,2
485,561,3,2
485,562,3,2
485,563,3,2
485,564,3,2
485,565,3,2
485,566,3,2
485,567,3,2
485,568,3,2
485,569,3,2
485,570,3,2
485,571,3,2
485,572,3,2
485,573,3,2
485,574,3,2
485,575,3,2
485,576,3,2
485,577,3,2
485,578,3,2
485,579,3,2
485,580,3,2
485,581,3,2
485,582,3,2
485,583,3,2
485,584,3,2
485,585,3,2
485,586,3,2
485,587,3,2
485,588,3,2
485,589,3,2
485,590,3,2
485,591,3,2
485,592,3,2
485,593,3,2
485,594,3,2
485,595,3,2
485,596,3,2
485,597,3,2
485,598,3,2
485,599,3,2
485,600,3,2
485,601,3,2
485,602,3,2
485,603,3,2
485,604,3,2
485,605,3,2
485,606,3,2
485,607,3,2
485,608,3,2
485,609,3,2
485,610,3,2
485,611,3,2
485,612,3,2
485,613,3,2
485,614,3,2
485,615,3,2
485,616,3,2
485,617,3,2
485,618,3,2
485,619,3,2
485,620,3,2
485,621,3,2
485,622,3,2
485,623,3,2
485,624,3,2
485,625,3,2
485,626,3,2
485,627,3,2
485,628,3,2
485,629,3,2
485,630,3,2
485,631,3,2
485,632,3,2
485,633,3,2
485,634,3,2
485,635,3,2
485,636,3,2
485,637,3,2
485,638,3,2
485,639,3,2
485,640,3,2
485,641,3,2
485,642,3,2
485,643,3,2
485,644,3,2
485,645,3,2
485,646,3,2
485,647,3,2
485,648,3,2
485,649,3,2
485,650,3,2
485,651,3,2
485,652,3,2
485,653,3,2
485,654,3,2
485,655,3,2
485,656,3,2
485,657,3,2
485,658,3,2
485,659,3,2
485,660,3,2
485,661,3,2
485,662,3,2
485,663,3,2
485,664,3,2
486,76,3,2
486,77,3,2
486,78,3,2
486,79,3,2
486,80,3,2
486,81,3,2
486,82,3,2
486,83,3,2
486,84,3,2
486,85,3,2
486,86,3,2
486,87,3,2
486,88,3,2
486,89,3,2
486,90,3,2
486,91,3,2
486,92,3,2
486,93,3,2
486,94,3,2
486,95,3,2
486,96,3,2
486,97,3,2
486,98,3,2
486,99,3,2
486,100,3,2
486,101,3,2
486,102,3,2
486,103,3,2
486,104,3,2
486,105,3,2
486,106,3,2
486,107,3,2
486,108,3,2
486,109,3,2
486,110,3,2
486,111,3,2
486,112,3,2
486,113,3,2
486,114,3,2
486,115,3,2
486,116,3,2
486,117,3,2
486,118,3,2
486,119,3,2
486,120,3,2
486,121,3,2
486,122,3,2
486,123,3,2
486,124,3,2
486,125,3,2
486,126,3,2
486,127,3,2
486,128,3,2
486,129,3,2
486,130,3,2
486,131,3,2
486,132,3,2
486,133,3,2
486,134,3,2
486,135,3,2
486,136,3,2
486,137,3,2
486,138,3,2
486,139,3,2
486,140,3,2
486,141,3,2
486,142,3,2
486,143,3,2
486,144,3,2
486,145,3,2
486,146,3,2
486,147,3,2
486,148,3,2
486,149,3,2
486,150,3,2
486,151,3,2
486,152,3,2
486,153,3,2
486,154,3,2
486,155,3,2
486,156,3,2
486,157,3,2
486,158,3,2
486,159,3,2
486,160,3,2
486,161,3,2
486,162,3,2
486,163,3,2
486,164,3,2
486,165,3,2
486,166,3,2
486,167,3,2
486,168,3,2
486,169,3,2
486,170,3,2
486,171,3,2
486,172,3,2
486,173,3,2
486,174,3,2
486,175,3,2
486,176,3,2
486,177,3,2
486,178,3,2
486,179,3,2
486,180,3,2
486,181,3,2
486,182,3,2
486,183,3,2
486,184,3,2
486,185,3,2
486,186,3,2
486,187,3,2
486,188,3,2
486,189,3,2
486,190,3,2
486,191,3,2
486,192,3,2
486,193,3,2
486,194,3,2
486,195,3,2
486,196,3,2
486,197,3,2
486,198,3,2
486,199,3,2
486,200,3,2
486,201,3,2
486,202,3,2
486,203,3,2
486,204,3,2
486,205,3,2
486,206,3,2
486,207,3,2
486,208,3,2
486,209,3,2
486,210,3,2
486,211,3,2
486,212,3,2
486,213,3,2
486,214,3,2
486,215,3,2
486,216,3,2
486,217,3,2
486,218,3,2
486,219,3,2
486,220,3,2
486,221,3,2
486,222,3,2
486,223,3,2
486,224,3,2
486,225,3,2
486,226,3,2
486,227,3,2
486,228,3,2
486,229,3,2
486,230,3,2
486,231,3,2
486,232,3,2
486,233,3,2
486,234,3,2
486,235,3,2
486,236,3,2
486,237,3,2
486,238,3,2
486,239,3,2
486,240,3,2
486,241,3,2
486,242,3,2
486,243,3,2
486,244,3,2
486,245,3,2
486,246,3,2
486,247,3,2
486,248,3,2
486,249,3,2
486,250,3,2
486,251,3,2
486,252,3,2
486,253,3,2
486,254,3,2
486,255,3,2
486,256,3,2
486,257,3,2
486,258,3,2
486,259,3,2
486,260,3,2
486,261,3,2
486,262,3,2
486,263,3,2
486,264,3,2
486,265,3,2
486,266,3,2
486,267,3,2
486,268,3,2
486,269,3,2
486,270,3,2
486,271,3,2
486,272,3,2
486,273,3,2
486,274,3,2
486,275,3,2
486,276,3,2
486,277,3,2
486,278,3,2
486,279,3,2
486,280,3,2
486,281,3,2
486,282,3,2
486,283,3,2
486,284,3,2
486,285,3,2
486,286,3,2
486,287,3,2
486,288,3,2
486,289,3,2
486,290,3,2
486,291,3,2
486,292,3,2
486,293,3,2
486,294,3,2
486,295,3,2
486,296,3,2
486,297,3,2
486,298,3,2
486,299,3,2
486,300,3,2
486,301,3,2
486,302,3,2
486,303,3,2
486,304,3,2
486,305,3,2
486,306,3,2
486,307,3,2
486,308,3,2
486,309,3,2
486,310,3,2
486,311,3,2
486,312,3,2
486,313,3,2
486,314,3,2
486,315,3,2
486,316,3,2
486,317,3,2
486,318,3,2
486,319,3,2
486,320,3,2
486,321,3,2
486,322,3,2
486,323,3,2
486,324,3,2
486,325,3,2
486,326,3,2
486,327,3,2
486,328,3,2
486,329,3,2
486,330,3,2
486,331,3,2
486,332,3,2
486,333,3,2
486,334,3,2
486,335,3,2
486,336,3,2
486,337,3,2
486,338,3,2
486,339,3,2
486,340,3,2
486,341,3,2
486,342,3,2
486,343,3,2
486,344,3,2
486,345,3,2
486,346,3,2
486,347,3,2
486,348,3,2
486,349,3,2
486,350,3,2
486,351,3,2
486,352,3,2
486,353,3,2
486,354,3,2
486,355,3,2
486,356,3,2
486,357,3,2
486,358,3,2
486,359,3,2
486,360,3,2
486,361,3,2
486,362,3,2
486,363,3,2
486,364,3,2
486,365,3,2
486,366,3,2
486,367,3,2
486,368,3,2
486,369,3,2
486,370,3,2
486,371,3,2
486,372,3,2
486,373,3,2
486,374,3,2
486,375,3,2
486,376,3,2
486,377,3,2
486,378,3,2
486,379,3,2
486,380,3,2
486,381,3,2
486,382,3,2
486,383,3,2
486,384,3,2
486,385,3,2
486,386,3,2
486,387,3,2
486,388,3,2
486,389,3,2
486,390,3,2
486,391,3,3
486,392,3,3
486,393,3,3
486,394,3,3
486,395,3,3
486,396,3,3
486,397,3,3
486,398,3,3
486,399,3,3
486,400,3,3
486,401,3,3
486,402,3,3
486,403,3,3
486,404,3,3
486,405,3,3
486,406,3,3
486,407,3,3
486,408,3,3
486,409,3,3
486,410,3,3
486,411,3,3
486,412,3,3
486,413,3,3
486,414,3,3
486,415,3,3
486,416,3,3
486,417,3,2
486,418,3,2
486,419,3,2
486,420,3,2
486,421,3,2
486,422,3,2
486,423,3,2
486,424,3,2
486,425,3,2
486,426,3,2
486,427,3,2
486,428,3,2
486,429,3,2
486,430,3,2
486,431,3,2
486,432,3,2
486,433,3,2
486,434,3,2
486,435,3,2
486,436,3,2
486,437,3,2
486,438,3,2
486,439,3,2
486,440,3,2
486,441,3,2
486,442,3,2
486,443,3,2
486,444,3,2
486,445,3,2
486,446,3,2
486,447,3,2
486,448,3,2
486,449,3,2
486,450,3,2
486,451,3,2
486,452,3,2
486,453,3,2
486,454,3,2
486,455,3,2
486,456,3,2
486,457,3,2
486,458,3,2
486,459,3,2
486,460,3,2
486,461,3,2
486,462,3,2
486,463,3,2
486,464,3,2
486,465,3,2
486,466,3,2
486,467,3,2
486,468,3,2
486,469,3,2
486,470,3,3
486,471,3,3
486,472,3,3
486,473,3,3
486,474,3,3
486,475,3,2
486,476,3,2
486,477,3,2
486,478,3,2
486,479,3,2
486,480,3,2
486,481,3,2
486,482,3,2
486,483,3,2
486,484,3,2
486,485,3,2
486,486,3,2
486,487,3,2
486,488,3,2
486,489,3,2
486,490,3,2
486,491,3,2
486,492,3,2
486,493,3,2
486,494,3,2
486,495,3,2
486,496,3,2
486,497,3,2
486,498,3,2
486,499,3,2
486,500,3,2
486,501,3,2
486,502,3,2
486,503,3,2
486,504,3,2
486,505,3,2
486,506,3,2
486,507,3,2
486,508,3,2
486,509,3,2
486,510,3,2
486,511,3,2
486,512,3,2
486,513,3,2
486,514,3,2
486,515,3,2
486,516,3,2
486,517,3,2
486,518,3,2
486,519,3,2
486,520,3,2
486,521,3,2
486,522,3,2
486,523,3,2
486,524,3,2
486,525,3,2
486,526,3,2
486,527,3,2
486,528,3,2
486,529,3,2
486,530,3,2
486,531,3,2
486,532,3,2
486,533,3,2
486,534,3,2
486,535,3,2
486,536,3,2
486,537,3,2
486,538,3,2
486,539,3,2
486,540,3,2
486,541,3,2
486,542,3,2
486,543,3,2
486,544,3,2
486,545,3,2
486,546,3,2
486,547,3,2
486,548,3,2
486,549,3,2
486,550,3,2
486,551,3,2
486,552,3,2
486,553,3,2
486,554,3,2
486,555,3,2
486,556,3,2
486,557,3,2
486,558,3,2
486,559,3,2
486,560,3,2
486,561,3,2
486,562,3,2
486,563,3,2
486,564,3,2
486,565,3,2
486,566,3,2
486,567,3,2
486,568,3,2
486,569,3,2
486,570,3,2
486,571,3,2
486,572,3,2
486,573,3,2
486,574,3,2
486,575,3,2
486,576,3,2
486,577,3,2
486,578,3,2
486,579,3,2
486,580,3,2
486,581,3,2
486,582,3,2
486,583,3,2
486,584,3,2
486,585,3,2
486,586,3,2
486,587,3,2
486,588,3,2
486,589,3,2
486,590,3,2
486,591,3,2
486,592,3,2
486,593,3,2
486,594,3,2
486,595,3,2
486,596,3,2
486,597,3,2
486,598,3,2
486,599,3,2
486,600,3,2
486,601,3,2
486,602,3,2
486,603,3,2
486,604,3,2
486,605,3,2
486,606,3,2
486,607,3,2
486,608,3,2
486,609,3,2
486,610,3,2
486,611,3,2
486,612,3,2
486,613,3,2
486,614,3,2
486,615,3,2
486,616,3,2
486,617,3,2
486,618,3,2
486,619,3,2
486,620,3,2
486,621,3,2
486,622,3,2
486,623,3,2
486,624,3,2
486,625,3,2
486,626,3,2
486,627,3,2
486,628,3,2
486,629,3,2
486,630,3,2
486,631,3,2
486,632,3,2
486,633,3,2
486,634,3,2
486,635,3,2
486,636,3,2
486,637,3,2
486,638,3,2
486,639,3,2
486,640,3,2
486,641,3,2
486,642,3,2
486,643,3,2
486,644,3,2
486,645,3,2
486,646,3,2
486,647,3,2
486,648,3,2
486,649,3,2
486,650,3,2
486,651,3,2
486,652,3,2
486,653,3,2
486,654,3,2
486,655,3,2
486,656,3,2
486,657,3,2
486,658,3,2
486,659,3,2
486,660,3,2
486,661,3,2
486,662,3,2
486,663,3,2
486,664,3,2
487,76,3,2
487,77,3,2
487,78,3,2
487,79,3,2
487,80,3,2
487,81,3,2
487,82,3,2
487,83,3,2
487,84,3,2
487,85,3,2
487,86,3,2
487,87,3,2
487,88,3,2
487,89,3,2
487,90,3,2
487,91,3,2
487,92,3,2
487,93,3,2
487,94,3,2
487,95,3,2
487,96,3,2
487,97,3,2
487,98,3,2
487,99,3,2
487,100,3,2
487,101,3,2
487,102,3,2
487,103,3,2
487,104,3,2
487,105,3,2
487,106,3,2
487,107,3,2
487,108,3,2
487,109,3,2
487,110,3,2
487,111,3,2
487,112,3,2
487,113,3,2
487,114,3,2
487,115,3,2
487,116,3,2
487,117,3,2
487,118,3,2
487,119,3,2
487,120,3,2
487,121,3,2
487,122,3,2
487,123,3,2
487,124,3,2
487,125,3,2
487,126,3,2
487,127,3,2
487,128,3,2
487,129,3,2
487,130,3,2
487,131,3,2
487,132,3,2
487,133,3,2
487,134,3,2
487,135,3,2
487,136,3,2
487,137,3,2
487,138,3,2
487,139,3,2
487,140,3,2
487,141,3,2
487,142,3,2
487,143,3,2
487,144,3,2
487,145,3,2
487,146,3,2
487,147,3,2
487,148,3,2
487,149,3,2
487,150,3,2
487,151,3,2
487,152,3,2
487,153,3,2
487,154,3,2
487,155,3,2
487,156,3,2
487,157,3,2
487,158,3,2
487,159,3,2
487,160,3,2
487,161,3,2
487,162,3,2
487,163,3,2
487,164,3,2
487,165,3,2
487,166,3,2
487,167,3,2
487,168,3,2
487,169,3,2
487,170,3,2
487,171,3,2
487,172,3,2
487,173,3,2
487,174,3,2
487,175,3,2
487,176,3,2
487,177,3,2
487,178,3,2
487,179,3,2
487,180,3,2
487,181,3,2
487,182,3,2
487,183,3,2
487,184,3,2
487,185,3,2
487,186,3,2
487,187,3,2
487,188,3,2
487,189,3,2
487,190,3,2
487,191,3,2
487,192,3,2
487,193,3,2
487,194,3,2
487,195,3,2
487,196,3,2
487,197,3,2
487,198,3,2
487,199,3,2
487,200,3,2
487,201,3,2
487,202,3,2
487,203,3,2
487,204,3,2
487,205,3,2
487,206,3,2
487,207,3,2
487,208,3,2
487,209,3,2
487,210,3,2
487,211,3,2
487,212,3,2
487,213,3,2
487,214,3,2
487,215,3,2
487,216,3,2
487,217,3,2
487,218,3,2
487,219,3,2
487,220,3,2
487,221,3,2
487,222,3,2
487,223,3,2
487,224,3,2
487,225,3,2
487,226,3,2
487,227,3,2
487,228,3,2
487,229,3,2
487,230,3,2
487,231,3,2
487,232,3,2
487,233,3,2
487,234,3,2
487,235,3,2
487,236,3,2
487,237,3,2
487,238,3,2
487,239,3,2
487,240,3,2
487,241,3,2
487,242,3,2
487,243,3,2
487,244,3,2
487,245,3,2
487,246,3,2
487,247,3,2
487,248,3,2
487,249,3,2
487,250,3,2
487,251,3,2
487,252,3,2
487,253,3,2
487,254,3,2
487,255,3,2
487,256,3,2
487,257,3,2
487,258,3,2
487,259,3,2
487,260,3,2
487,261,3,2
487,262,3,2
487,263,3,2
487,264,3,2
487,265,3,2
487,266,3,2
487,267,3,2
487,268,3,2
487,269,3,2
487,270,3,2
487,271,3,2
487,272,3,2
487,273,3,2
487,274,3,2
487,275,3,2
487,276,3,2
487,277,3,2
487,278,3,2
487,279,3,2
487,280,3,2
487,281,3,2
487,282,3,2
487,283,3,2
487,284,3,2
487,285,3,2
487,286,3,2
487,287,3,2
487,288,3,2
487,289,3,2
487,290,3,2
487,291,3,2
487,292,3,2
487,293,3,2
487,294,3,2
487,295,3,2
487,296,3,2
487,297,3,2
487,298,3,2
487,299,3,2
487,300,3,2
487,301,3,2
487,302,3,2
487,303,3,2
487,304,3,2
487,305,3,2
487,306,3,2
487,307,3,2
487,308,3,2
487,309,3,2
487,310,3,2
487,311,3,2
487,312,3,2
487,313,3,2
487,314,3,2
487,315,3,2
487,316,3,2
487,317,3,2
487,318,3,2
487,319,3,2
487,320,3,2
487,321,3,2
487,322,3,2
487,323,3,2
487,324,3,2
487,325,3,2
487,326,3,2
487,327,3,2
487,328,3,2
487,329,3,2
487,330,3,2
487,331,3,2
487,332,3,2
487,333,3,2
487,334,3,2
487,335,3,2
487,336,3,2
487,337,3,2
487,338,3,2
487,339,3,2
487,340,3,2
487,341,3,2
487,342,3,2
487,343,3,2
487,344,3,2
487,345,3,2
487,346,3,2
487,347,3,2
487,348,3,2
487,349,3,2
487,350,3,2
487,351,3,2
487,352,3,2
487,353,3,2
487,354,3,2
487,355,3,2
487,356,3,2
487,357,3,2
487,358,3,2
487,359,3,2
487,360,3,2
487,361,3,2
487,362,3,2
487,363,3,2
487,364,3,2
487,365,3,2
487,366,3,2
487,367,3,2
487,368,3,2
487,369,3,2
487,370,3,2
487,371,3,2
487,372,3,2
487,373,3,2
487,374,3,2
487,375,3,2
487,376,3,2
487,377,3,2
487,378,3,2
487,379,3,2
487,380,3,2
487,381,3,2
487,382,3,2
487,383,3,2
487,384,3,2
487,385,3,2
487,386,3,2
487,387,3,2
487,388,3,2
487,389,3,2
487,390,3,2
487,391,3,3
487,392,3,3
487,393,3,3
487,394,3,3
487,395,3,3
487,396,3,3
487,397,3,3
487,398,3,3
487,399,3,3
487,400,3,3
487,401,3,3
487,402,3,3
487,403,3,3
487,404,3,3
487,405,3,3
487,406,3,3
487,407,3,3
487,408,3,3
487,409,3,3
487,410,3,3
487,411,3,3
487,412,3,3
487,413,3,3
487,414,3,3
487,415,3,3
487,416,3,3
487,417,3,2
487,418,3,2
487,419,3,2
487,420,3,2
487,421,3,2
487,422,3,2
487,423,3,2
487,424,3,2
487,425,3,2
487,426,3,2
487,427,3,2
487,428,3,2
487,429,3,2
487,430,3,2
487,431,3,2
487,432,3,2
487,433,3,2
487,434,3,2
487,435,3,2
487,436,3,2
487,437,3,2
487,438,3,2
487,439,3,2
487,440,3,2
487,441,3,2
487,442,3,2
487,443,3,2
487,444,3,2
487,445,3,2
487,446,3,2
487,447,3,2
487,448,3,2
487,449,3,2
487,450,3,2
487,451,3,2
487,452,3,2
487,453,3,2
487,454,3,2
487,455,3,2
487,456,3,2
487,457,3,2
487,458,3,2
487,459,3,2
487,460,3,2
487,461,3,2
487,462,3,2
487,463,3,2
487,464,3,2
487,465,3,2
487,466,3,2
487,467,3,2
487,468,3,2
487,469,3,2
487,470,3,2
487,471,3,2
487,472,3,2
487,473,3,2
487,474,3,2
487,475,3,2
487,476,3,2
487,477,3,2
487,478,3,2
487,479,3,2
487,480,3,2
487,481,3,2
487,482,3,2
487,483,3,2
487,484,3,2
487,485,3,2
487,486,3,2
487,487,3,2
487,488,3,2
487,489,3,2
487,490,3,2
487,491,3,2
487,492,3,2
487,493,3,2
487,494,3,2
487,495,3,2
487,496,3,2
487,497,3,2
487,498,3,2
487,499,3,2
487,500,3,2
487,501,3,2
487,502,3,2
487,503,3,2
487,504,3,2
487,505,3,2
487,506,3,2
487,507,3,2
487,508,3,2
487,509,3,2
487,510,3,2
487,511,3,2
487,512,3,2
487,513,3,2
487,514,3,2
487,515,3,2
487,516,3,2
487,517,3,2
487,518,3,2
487,519,3,2
487,520,3,2
487,521,3,2
487,522,3,2
487,523,3,2
487,524,3,2
487,525,3,2
487,526,3,2
487,527,3,2
487,528,3,2
487,529,3,2
487,530,3,2
487,531,3,2
487,532,3,2
487,533,3,2
487,534,3,2
487,535,3,2
487,536,3,2
487,537,3,2
487,538,3,2
487,539,3,2
487,540,3,2
487,541,3,2
487,542,3,2
487,543,3,2
487,544,3,2
487,545,3,2
487,546,3,2
487,547,3,2
487,548,3,2
487,549,3,2
487,550,3,2
487,551,3,2
487,552,3,2
487,553,3,2
487,554,3,2
487,555,3,2
487,556,3,2
487,557,3,2
487,558,3,2
487,559,3,2
487,560,3,2
487,561,3,2
487,562,3,2
487,563,3,2
487,564,3,2
487,565,3,2
487,566,3,2
487,567,3,2
487,568,3,2
487,569,3,2
487,570,3,2
487,571,3,2
487,572,3,2
487,573,3,2
487,574,3,2
487,575,3,2
487,576,3,2
487,577,3,2
487,578,3,2
487,579,3,2
487,580,3,2
487,581,3,2
487,582,3,2
487,583,3,2
487,584,3,2
487,585,3,2
487,586,3,2
487,587,3,2
487,588,3,2
487,589,3,2
487,590,3,2
487,591,3,2
487,592,3,2
487,593,3,2
487,594,3,2
487,595,3,2
487,596,3,2
487,597,3,2
487,598,3,2
487,599,3,2
487,600,3,2
487,601,3,2
487,602,3,2
487,603,3,2
487,604,3,2
487,605,3,2
487,606,3,2
487,607,3,2
487,608,3,2
487,609,3,2
487,610,3,2
487,611,3,2
487,612,3,2
487,613,3,2
487,614,3,2
487,615,3,2
487,616,3,2
487,617,3,2
487,618,3,2
487,619,3,2
487,620,3,2
487,621,3,2
487,622,3,2
487,623,3,2
487,624,3,2
487,625,3,2
487,626,3,2
487,627,3,2
487,628,3,2
487,629,3,2
487,630,3,2
487,631,3,2
487,632,3,2
487,633,3,2
487,634,3,2
487,635,3,2
487,636,3,2
487,637,3,2
487,638,3,2
487,639,3,2
487,640,3,2
487,641,3,2
487,642,3,2
487,643,3,2
487,644,3,2
487,645,3,2
487,646,3,2
487,647,3,2
487,648,3,2
487,649,3,2
487,650,3,2
487,651,3,2
487,652,3,2
487,653,3,2
487,654,3,2
487,655,3,2
487,656,3,2
487,657,3,2
487,658,3,2
487,659,3,2
487,660,3,2
487,661,3,2
487,662,3,2
487,663,3,2
487,664,3,2
487,666,3,2
488,76,3,2
488,77,3,2
488,78,3,2
488,79,3,2
488,80,3,2
488,81,3,2
488,82,3,2
488,83,3,2
488,84,3,2
488,85,3,2
488,86,3,2
488,87,3,2
488,88,3,2
488,89,3,2
488,90,3,2
488,91,3,2
488,92,3,2
488,93,3,2
488,94,3,2
488,95,3,2
488,96,3,2
488,97,3,2
488,98,3,2
488,99,3,2
488,100,3,2
488,101,3,2
488,102,3,2
488,103,3,2
488,104,3,2
488,105,3,2
488,106,3,2
488,107,3,2
488,108,3,2
488,109,3,2
488,110,3,2
488,111,3,2
488,112,3,2
488,113,3,2
488,114,3,2
488,115,3,2
488,116,3,2
488,117,3,2
488,118,3,2
488,119,3,2
488,120,3,2
488,121,3,2
488,122,3,2
488,123,3,2
488,124,3,2
488,125,3,2
488,126,3,2
488,127,3,2
488,128,3,2
488,129,3,2
488,130,3,2
488,131,3,2
488,132,3,2
488,133,3,2
488,134,3,2
488,135,3,2
488,136,3,2
488,137,3,2
488,138,3,2
488,139,3,2
488,140,3,2
488,141,3,2
488,142,3,2
488,143,3,2
488,144,3,2
488,145,3,2
488,146,3,2
488,147,3,2
488,148,3,2
488,149,3,2
488,150,3,2
488,151,3,2
488,152,3,2
488,153,3,2
488,154,3,2
488,155,3,2
488,156,3,2
488,157,3,2
488,158,3,2
488,159,3,2
488,160,3,2
488,161,3,2
488,162,3,2
488,163,3,2
488,164,3,2
488,165,3,2
488,166,3,2
488,167,3,2
488,168,3,2
488,169,3,2
488,170,3,2
488,171,3,2
488,172,3,2
488,173,3,2
488,174,3,2
488,175,3,2
488,176,3,2
488,177,3,2
488,178,3,2
488,179,3,2
488,180,3,2
488,181,3,2
488,182,3,2
488,183,3,2
488,184,3,2
488,185,3,2
488,186,3,2
488,187,3,2
488,188,3,2
488,189,3,2
488,190,3,2
488,191,3,2
488,192,3,2
488,193,3,2
488,194,3,2
488,195,3,2
488,196,3,2
488,197,3,2
488,198,3,2
488,199,3,2
488,200,3,2
488,201,3,2
488,202,3,2
488,203,3,2
488,204,3,2
488,205,3,2
488,206,3,2
488,207,3,2
488,208,3,2
488,209,3,2
488,210,3,2
488,211,3,2
488,212,3,2
488,213,3,2
488,214,3,2
488,215,3,2
488,216,3,2
488,217,3,2
488,218,3,2
488,219,3,2
488,220,3,2
488,221,3,2
488,222,3,2
488,223,3,2
488,224,3,2
488,225,3,2
488,226,3,2
488,227,3,2
488,228,3,2
488,229,3,2
488,230,3,2
488,231,3,2
488,232,3,2
488,233,3,2
488,234,3,2
488,235,3,2
488,236,3,2
488,237,3,2
488,238,3,2
488,239,3,2
488,240,3,2
488,241,3,2
488,242,3,2
488,243,3,2
488,244,3,2
488,245,3,2
488,246,3,2
488,247,3,2
488,248,3,2
488,249,3,2
488,250,3,2
488,251,3,2
488,252,3,2
488,253,3,2
488,254,3,2
488,255,3,2
488,256,3,2
488,257,3,2
488,258,3,2
488,259,3,2
488,260,3,2
488,261,3,2
488,262,3,2
488,263,3,2
488,264,3,2
488,265,3,2
488,266,3,2
488,267,3,2
488,268,3,2
488,269,3,2
488,270,3,2
488,271,3,2
488,272,3,2
488,273,3,2
488,274,3,2
488,275,3,2
488,276,3,2
488,277,3,2
488,278,3,2
488,279,3,2
488,280,3,2
488,281,3,2
488,282,3,2
488,283,3,2
488,284,3,2
488,285,3,2
488,286,3,2
488,287,3,2
488,288,3,2
488,289,3,2
488,290,3,2
488,291,3,2
488,292,3,2
488,293,3,2
488,294,3,2
488,295,3,2
488,296,3,2
488,297,3,2
488,298,3,2
488,299,3,2
488,300,3,2
488,301,3,2
488,302,3,2
488,303,3,2
488,304,3,2
488,305,3,2
488,306,3,2
488,307,3,2
488,308,3,2
488,309,3,2
488,310,3,2
488,311,3,2
488,312,3,2
488,313,3,2
488,314,3,2
488,315,3,2
488,316,3,2
488,317,3,2
488,318,3,2
488,319,3,2
488,320,3,2
488,321,3,2
488,322,3,2
488,323,3,2
488,324,3,2
488,325,3,2
488,326,3,2
488,327,3,2
488,328,3,2
488,329,3,2
488,330,3,2
488,331,3,2
488,332,3,2
488,333,3,2
488,334,3,2
488,335,3,2
488,336,3,2
488,337,3,2
488,338,3,2
488,339,3,2
488,340,3,2
488,341,3,2
488,342,3,2
488,343,3,2
488,344,3,2
488,345,3,2
488,346,3,2
488,347,3,2
488,348,3,2
488,349,3,2
488,350,3,2
488,351,3,2
488,352,3,2
488,353,3,2
488,354,3,2
488,355,3,2
488,356,3,2
488,357,3,2
488,358,3,2
488,359,3,2
488,360,3,2
488,361,3,2
488,362,3,2
488,363,3,2
488,364,3,2
488,365,3,2
488,366,3,2
488,367,3,2
488,368,3,2
488,369,3,2
488,370,3,2
488,371,3,2
488,372,3,2
488,373,3,2
488,374,3,2
488,375,3,2
488,376,3,2
488,377,3,2
488,378,3,2
488,379,3,2
488,380,3,2
488,381,3,2
488,382,3,2
488,383,3,2
488,384,3,2
488,385,3,2
488,386,3,2
488,387,3,2
488,388,3,2
488,389,3,2
488,390,3,2
488,391,3,3
488,392,3,3
488,393,3,3
488,394,3,3
488,395,3,3
488,396,3,3
488,397,3,3
488,398,3,3
488,399,3,3
488,400,3,3
488,401,3,3
488,402,3,3
488,403,3,3
488,404,3,3
488,405,3,3
488,406,3,3
488,407,3,3
488,408,3,3
488,409,3,3
488,410,3,3
488,411,3,3
488,412,3,3
488,413,3,3
488,414,3,3
488,415,3,3
488,416,3,3
488,417,3,2
488,418,3,2
488,419,3,2
488,420,3,2
488,421,3,2
488,422,3,2
488,423,3,2
488,424,3,2
488,425,3,2
488,426,3,2
488,427,3,2
488,428,3,2
488,429,3,2
488,430,3,2
488,431,3,2
488,432,3,2
488,433,3,2
488,434,3,2
488,435,3,2
488,436,3,2
488,437,3,2
488,438,3,2
488,439,3,2
488,440,3,2
488,441,3,2
488,442,3,2
488,443,3,2
488,444,3,2
488,445,3,2
488,446,3,2
488,447,3,2
488,448,3,2
488,449,3,2
488,450,3,2
488,451,3,2
488,452,3,2
488,453,3,2
488,454,3,2
488,455,3,2
488,456,3,2
488,457,3,2
488,458,3,2
488,459,3,2
488,460,3,2
488,461,3,2
488,462,3,2
488,463,3,2
488,464,3,2
488,465,3,2
488,466,3,2
488,467,3,2
488,468,3,2
488,469,3,2
488,470,3,2
488,471,3,2
488,472,3,2
488,473,3,2
488,474,3,2
488,475,3,2
488,476,3,2
488,477,3,2
488,478,3,2
488,479,3,2
488,480,3,2
488,481,3,2
488,482,3,2
488,483,3,2
488,484,3,2
488,485,3,2
488,486,3,2
488,487,3,2
488,488,3,2
488,489,3,2
488,490,3,2
488,491,3,2
488,492,3,2
488,493,3,2
488,494,3,2
488,495,3,2
488,496,3,2
488,497,3,2
488,498,3,2
488,499,3,2
488,500,3,2
488,501,3,2
488,502,3,2
488,503,3,2
488,504,3,2
488,505,3,2
488,506,3,2
488,507,3,2
488,508,3,2
488,509,3,2
488,510,3,2
488,511,3,2
488,512,3,2
488,513,3,2
488,514,3,2
488,515,3,2
488,516,3,2
488,517,3,2
488,518,3,2
488,519,3,2
488,520,3,2
488,521,3,2
488,522,3,2
488,523,3,2
488,524,3,2
488,525,3,2
488,526,3,2
488,527,3,2
488,528,3,2
488,529,3,2
488,530,3,2
488,531,3,2
488,532,3,2
488,533,3,2
488,534,3,2
488,535,3,2
488,536,3,2
488,537,3,2
488,538,3,2
488,539,3,2
488,540,3,2
488,541,3,2
488,542,3,2
488,543,3,2
488,544,3,2
488,545,3,2
488,546,3,2
488,547,3,2
488,548,3,2
488,549,3,2
488,550,3,2
488,551,3,2
488,552,3,2
488,553,3,2
488,554,3,2
488,555,3,2
488,556,3,2
488,557,3,2
488,558,3,2
488,559,3,2
488,560,3,2
488,561,3,2
488,562,3,2
488,563,3,2
488,564,3,2
488,565,3,2
488,566,3,2
488,567,3,2
488,568,3,2
488,569,3,2
488,570,3,2
488,571,3,2
488,572,3,2
488,573,3,2
488,574,3,2
488,575,3,2
488,576,3,2
488,577,3,2
488,578,3,2
488,579,3,2
488,580,3,2
488,581,3,2
488,582,3,2
488,583,3,2
488,584,3,2
488,585,3,2
488,586,3,2
488,587,3,2
488,588,3,2
488,589,3,2
488,590,3,2
488,591,3,2
488,592,3,2
488,593,3,2
488,594,3,2
488,595,3,2
488,596,3,2
488,597,3,2
488,598,3,2
488,599,3,2
488,600,3,2
488,601,3,2
488,602,3,2
488,603,3,2
488,604,3,2
488,605,3,2
488,606,3,2
488,607,3,2
488,608,3,2
488,609,3,2
488,610,3,2
488,611,3,2
488,612,3,2
488,613,3,2
488,614,3,2
488,615,3,2
488,616,3,2
488,617,3,2
488,618,3,2
488,619,3,2
488,620,3,2
488,621,3,2
488,622,3,2
488,623,3,2
488,624,3,2
488,625,3,2
488,626,3,2
488,627,3,2
488,628,3,2
488,629,3,2
488,630,3,2
488,631,3,2
488,632,3,2
488,633,3,2
488,634,3,2
488,635,3,2
488,636,3,2
488,637,3,2
488,638,3,2
488,639,3,2
488,640,3,2
488,641,3,2
488,642,3,2
488,643,3,2
488,644,3,2
488,645,3,2
488,646,3,2
488,647,3,2
488,648,3,2
488,649,3,2
488,650,3,2
488,651,3,2
488,652,3,2
488,653,3,2
488,654,3,2
488,655,3,2
488,656,3,2
488,657,3,2
488,658,3,2
488,659,3,2
488,660,3,2
488,661,3,2
488,662,3,2
488,663,3,2
488,664,3,2
488,666,3,2
489,77,3,2
489,78,3,2
489,79,3,2
489,80,3,2
489,81,3,2
489,82,3,2
489,83,3,2
489,84,3,2
489,85,3,2
489,86,3,2
489,87,3,2
489,88,3,2
489,89,3,2
489,90,3,2
489,91,3,2
489,92,3,2
489,93,3,2
489,94,3,2
489,95,3,2
489,96,3,2
489,97,3,2
489,98,3,2
489,99,3,2
489,100,3,2
489,101,3,2
489,102,3,2
489,103,3,2
489,104,3,2
489,105,3,2
489,106,3,2
489,107,3,2
489,108,3,2
489,109,3,2
489,110,3,2
489,111,3,2
489,112,3,2
489,113,3,2
489,114,3,2
489,115,3,2
489,116,3,2
489,117,3,2
489,118,3,2
489,119,3,2
489,120,3,2
489,121,3,2
489,122,3,2
489,123,3,2
489,124,3,2
489,125,3,2
489,126,3,2
489,127,3,2
489,128,3,2
489,129,3,2
489,130,3,2
489,131,3,2
489,132,3,2
489,133,3,2
489,134,3,2
489,135,3,2
489,136,3,2
489,137,3,2
489,138,3,2
489,139,3,2
489,140,3,2
489,141,3,2
489,142,3,2
489,143,3,2
489,144,3,2
489,145,3,2
489,146,3,2
489,147,3,2
489,148,3,2
489,149,3,2
489,150,3,2
489,151,3,2
489,152,3,2
489,153,3,2
489,154,3,2
489,155,3,2
489,156,3,2
489,157,3,2
489,158,3,2
489,159,3,2
489,160,3,2
489,161,3,2
489,162,3,2
489,163,3,2
489,164,3,2
489,165,3,2
489,166,3,2
489,167,3,2
489,168,3,2
489,169,3,2
489,170,3,2
489,171,3,2
489,172,3,2
489,173,3,2
489,174,3,2
489,175,3,2
489,176,3,2
489,177,3,2
489,178,3,2
489,179,3,2
489,180,3,2
489,181,3,2
489,182,3,2
489,183,3,2
489,184,3,2
489,185,3,2
489,186,3,2
489,187,3,2
489,188,3,2
489,189,3,2
489,190,3,2
489,191,3,2
489,192,3,2
489,193,3,2
489,194,3,2
489,195,3,2
489,196,3,2
489,197,3,2
489,198,3,2
489,199,3,2
489,200,3,2
489,201,3,2
489,202,3,2
489,203,3,2
489,204,3,2
489,205,3,2
489,206,3,2
489,207,3,2
489,208,3,2
489,209,3,2
489,210,3,2
489,211,3,2
489,212,3,2
489,213,3,2
489,214,3,2
489,215,3,2
489,216,3,2
489,217,3,2
489,218,3,2
489,219,3,2
489,220,3,2
489,221,3,2
489,222,3,2
489,223,3,2
489,224,3,2
489,225,3,2
489,226,3,2
489,227,3,2
489,228,3,2
489,229,3,2
489,230,3,2
489,231,3,2
489,232,3,2
489,233,3,2
489,234,3,2
489,235,3,2
489,236,3,2
489,237,3,2
489,238,3,2
489,239,3,2
489,240,3,2
489,241,3,2
489,242,3,2
489,243,3,2
489,244,3,2
489,245,3,2
489,246,3,2
489,247,3,2
489,248,3,2
489,249,3,2
489,250,3,2
489,251,3,2
489,252,3,2
489,253,3,2
489,254,3,2
489,255,3,2
489,256,3,2
489,257,3,2
489,258,3,2
489,259,3,2
489,260,3,2
489,261,3,2
489,262,3,2
489,263,3,2
489,264,3,2
489,265,3,2
489,266,3,2
489,267,3,2
489,268,3,2
489,269,3,2
489,270,3,2
489,271,3,2
489,272,3,2
489,273,3,2
489,274,3,2
489,275,3,2
489,276,3,2
489,277,3,2
489,278,3,2
489,279,3,2
489,280,3,2
489,281,3,2
489,282,3,2
489,283,3,2
489,284,3,2
489,285,3,2
489,286,3,2
489,287,3,2
489,288,3,2
489,289,3,2
489,290,3,2
489,291,3,2
489,292,3,2
489,293,3,2
489,294,3,2
489,295,3,2
489,296,3,2
489,297,3,2
489,298,3,2
489,299,3,2
489,300,3,2
489,301,3,2
489,302,3,2
489,303,3,2
489,304,3,2
489,305,3,2
489,306,3,2
489,307,3,2
489,308,3,2
489,309,3,2
489,310,3,2
489,311,3,2
489,312,3,2
489,313,3,2
489,314,3,2
489,315,3,2
489,316,3,2
489,317,3,2
489,318,3,2
489,319,3,2
489,320,3,2
489,321,3,2
489,322,3,2
489,323,3,2
489,324,3,2
489,325,3,2
489,326,3,2
489,327,3,2
489,328,3,2
489,329,3,2
489,330,3,2
489,331,3,2
489,332,3,2
489,333,3,2
489,334,3,2
489,335,3,2
489,336,3,2
489,337,3,2
489,338,3,2
489,339,3,2
489,340,3,2
489,341,3,2
489,342,3,2
489,343,3,2
489,344,3,2
489,345,3,2
489,346,3,2
489,347,3,2
489,348,3,2
489,349,3,2
489,350,3,2
489,351,3,2
489,352,3,2
489,353,3,2
489,354,3,2
489,355,3,2
489,356,3,2
489,357,3,2
489,358,3,2
489,359,3,2
489,360,3,2
489,361,3,2
489,362,3,2
489,363,3,2
489,364,3,2
489,365,3,2
489,366,3,2
489,367,3,2
489,368,3,2
489,369,3,2
489,370,3,2
489,371,3,2
489,372,3,2
489,373,3,2
489,374,3,2
489,375,3,2
489,376,3,2
489,377,3,2
489,378,3,2
489,379,3,2
489,380,3,2
489,381,3,2
489,382,3,2
489,383,3,2
489,384,3,2
489,385,3,2
489,386,3,2
489,387,3,2
489,388,3,2
489,389,3,2
489,390,3,2
489,391,3,2
489,392,3,3
489,393,3,3
489,394,3,3
489,395,3,3
489,396,3,3
489,397,3,3
489,398,3,3
489,399,3,3
489,400,3,3
489,401,3,3
489,402,3,3
489,403,3,3
489,404,3,3
489,405,3,3
489,406,3,3
489,407,3,3
489,408,3,3
489,409,3,3
489,410,3,3
489,411,3,3
489,412,3,3
489,413,3,3
489,414,3,3
489,415,3,3
489,416,3,3
489,417,3,2
489,418,3,2
489,419,3,2
489,420,3,2
489,421,3,2
489,422,3,2
489,423,3,2
489,424,3,2
489,425,3,2
489,426,3,2
489,427,3,2
489,428,3,2
489,429,3,2
489,430,3,2
489,431,3,2
489,432,3,2
489,433,3,2
489,434,3,2
489,435,3,2
489,436,3,2
489,437,3,2
489,438,3,2
489,439,3,2
489,440,3,2
489,441,3,2
489,442,3,2
489,443,3,2
489,444,3,2
489,445,3,2
489,446,3,2
489,447,3,2
489,448,3,2
489,449,3,2
489,450,3,2
489,451,3,2
489,452,3,2
489,453,3,2
489,454,3,2
489,455,3,2
489,456,3,2
489,457,3,2
489,458,3,2
489,459,3,2
489,460,3,2
489,461,3,2
489,462,3,2
489,463,3,2
489,464,3,2
489,465,3,2
489,466,3,2
489,467,3,2
489,468,3,2
489,469,3,2
489,470,3,2
489,471,3,2
489,472,3,2
489,473,3,2
489,474,3,2
489,475,3,2
489,476,3,2
489,477,3,2
489,478,3,2
489,479,3,2
489,480,3,2
489,481,3,2
489,482,3,2
489,483,3,2
489,484,3,2
489,485,3,2
489,486,3,2
489,487,3,2
489,488,3,2
489,489,3,2
489,490,3,2
489,491,3,2
489,492,3,2
489,493,3,2
489,494,3,2
489,495,3,2
489,496,3,2
489,497,3,2
489,498,3,2
489,499,3,2
489,500,3,2
489,501,3,2
489,502,3,2
489,503,3,2
489,504,3,2
489,505,3,2
489,506,3,2
489,507,3,2
489,508,3,2
489,509,3,2
489,510,3,2
489,511,3,2
489,512,3,2
489,513,3,2
489,514,3,2
489,515,3,2
489,516,3,2
489,517,3,2
489,518,3,2
489,519,3,2
489,520,3,2
489,521,3,2
489,522,3,2
489,523,3,2
489,524,3,2
489,525,3,2
489,526,3,2
489,527,3,2
489,528,3,2
489,529,3,2
489,530,3,2
489,531,3,2
489,532,3,2
489,533,3,2
489,534,3,2
489,535,3,2
489,536,3,2
489,537,3,2
489,538,3,2
489,539,3,2
489,540,3,2
489,541,3,2
489,542,3,2
489,543,3,2
489,544,3,2
489,545,3,2
489,546,3,2
489,547,3,2
489,548,3,2
489,549,3,2
489,550,3,2
489,551,3,2
489,552,3,2
489,553,3,2
489,554,3,2
489,555,3,2
489,556,3,2
489,557,3,2
489,558,3,2
489,559,3,2
489,560,3,2
489,561,3,2
489,562,3,2
489,563,3,2
489,564,3,2
489,565,3,2
489,566,3,2
489,567,3,2
489,568,3,2
489,569,3,2
489,570,3,2
489,571,3,2
489,572,3,2
489,573,3,2
489,574,3,2
489,575,3,2
489,576,3,2
489,577,3,2
489,578,3,2
489,579,3,2
489,580,3,2
489,581,3,2
489,582,3,2
489,583,3,2
489,584,3,2
489,585,3,2
489,586,3,2
489,587,3,2
489,588,3,2
489,589,3,2
489,590,3,2
489,591,3,2
489,592,3,2
489,593,3,2
489,594,3,2
489,595,3,2
489,596,3,2
489,597,3,2
489,598,3,2
489,599,3,2
489,600,3,2
489,601,3,2
489,602,3,2
489,603,3,2
489,604,3,2
489,605,3,2
489,606,3,2
489,607,3,2
489,608,3,2
489,609,3,2
489,610,3,2
489,611,3,2
489,612,3,2
489,613,3,2
489,614,3,2
489,615,3,2
489,616,3,2
489,617,3,2
489,618,3,2
489,619,3,2
489,620,3,2
489,621,3,2
489,622,3,2
489,623,3,2
489,624,3,2
489,625,3,2
489,626,3,2
489,627,3,2
489,628,3,2
489,629,3,2
489,630,3,2
489,631,3,2
489,632,3,2
489,633,3,2
489,634,3,2
489,635,3,2
489,636,3,2
489,637,3,2
489,638,3,2
489,639,3,2
489,640,3,2
489,641,3,2
489,642,3,2
489,643,3,2
489,644,3,2
489,645,3,2
489,646,3,2
489,647,3,2
489,648,3,2
489,649,3,2
489,650,3,2
489,651,3,2
489,652,3,2
489,653,3,2
489,654,3,2
489,655,3,2
489,656,3,2
489,657,3,2
489,658,3,2
489,659,3,2
489,660,3,2
489,661,3,2
489,662,3,2
489,663,3,2
489,664,3,2
489,666,3,2
490,77,3,2
490,78,3,2
490,79,3,2
490,80,3,2
490,81,3,2
490,82,3,2
490,83,3,2
490,84,3,2
490,85,3,2
490,86,3,2
490,87,3,2
490,88,3,2
490,89,3,2
490,90,3,2
490,91,3,2
490,92,3,2
490,93,3,2
490,94,3,2
490,95,3,2
490,96,3,2
490,97,3,2
490,98,3,2
490,99,3,2
490,100,3,2
490,101,3,2
490,102,3,2
490,103,3,2
490,104,3,2
490,105,3,2
490,106,3,2
490,107,3,2
490,108,3,2
490,109,3,2
490,110,3,2
490,111,3,2
490,112,3,2
490,113,3,2
490,114,3,2
490,115,3,2
490,116,3,2
490,117,3,2
490,118,3,2
490,119,3,2
490,120,3,2
490,121,3,2
490,122,3,2
490,123,3,2
490,124,3,2
490,125,3,2
490,126,3,2
490,127,3,2
490,128,3,2
490,129,3,2
490,130,3,2
490,131,3,2
490,132,3,2
490,133,3,2
490,134,3,2
490,135,3,2
490,136,3,2
490,137,3,2
490,138,3,2
490,139,3,2
490,140,3,2
490,141,3,2
490,142,3,2
490,143,3,2
490,144,3,2
490,145,3,2
490,146,3,2
490,147,3,2
490,148,3,2
490,149,3,2
490,150,3,2
490,151,3,2
490,152,3,2
490,153,3,2
490,154,3,2
490,155,3,2
490,156,3,2
490,157,3,2
490,158,3,2
490,159,3,2
490,160,3,2
490,161,3,2
490,162,3,2
490,163,3,2
490,164,3,2
490,165,3,2
490,166,3,2
490,167,3,2
490,168,3,2
490,169,3,2
490,170,3,2
490,171,3,2
490,172,3,2
490,173,3,2
490,174,3,2
490,175,3,2
490,176,3,2
490,177,3,2
490,178,3,2
490,179,3,2
490,180,3,2
490,181,3,2
490,182,3,2
490,183,3,2
490,184,3,2
490,185,3,2
490,186,3,2
490,187,3,2
490,188,3,2
490,189,3,2
490,190,3,2
490,191,3,2
490,192,3,2
490,193,3,2
490,194,3,2
490,195,3,2
490,196,3,2
490,197,3,2
490,198,3,2
490,199,3,2
490,200,3,2
490,201,3,2
490,202,3,2
490,203,3,2
490,204,3,2
490,205,3,2
490,206,3,2
490,207,3,2
490,208,3,2
490,209,3,2
490,210,3,2
490,211,3,2
490,212,3,2
490,213,3,2
490,214,3,2
490,215,3,2
490,216,3,2
490,217,3,2
490,218,3,2
490,219,3,2
490,220,3,2
490,221,3,2
490,222,3,2
490,223,3,2
490,224,3,2
490,225,3,2
490,226,3,2
490,227,3,2
490,228,3,2
490,229,3,2
490,230,3,2
490,231,3,2
490,232,3,2
490,233,3,2
490,234,3,2
490,235,3,2
490,236,3,2
490,237,3,2
490,238,3,2
490,239,3,2
490,240,3,2
490,241,3,2
490,242,3,2
490,243,3,2
490,244,3,2
490,245,3,2
490,246,3,2
490,247,3,2
490,248,3,2
490,249,3,2
490,250,3,2
490,251,3,2
490,252,3,2
490,253,3,2
490,254,3,2
490,255,3,2
490,256,3,2
490,257,3,2
490,258,3,2
490,259,3,2
490,260,3,2
490,261,3,2
490,262,3,2
490,263,3,2
490,264,3,2
490,265,3,2
490,266,3,2
490,267,3,2
490,268,3,2
490,269,3,2
490,270,3,2
490,271,3,2
490,272,3,2
490,273,3,2
490,274,3,2
490,275,3,2
490,276,3,2
490,277,3,2
490,278,3,2
490,279,3,2
490,280,3,2
490,281,3,2
490,282,3,2
490,283,3,2
490,284,3,2
490,285,3,2
490,286,3,2
490,287,3,2
490,288,3,2
490,289,3,2
490,290,3,2
490,291,3,2
490,292,3,2
490,293,3,2
490,294,3,2
490,295,3,2
490,296,3,2
490,297,3,2
490,298,3,2
490,299,3,2
490,300,3,2
490,301,3,2
490,302,3,2
490,303,3,2
490,304,3,2
490,305,3,2
490,306,3,2
490,307,3,2
490,308,3,2
490,309,3,2
490,310,3,2
490,311,3,2
490,312,3,2
490,313,3,2
490,314,3,2
490,315,3,2
490,316,3,2
490,317,3,2
490,318,3,2
490,319,3,2
490,320,3,2
490,321,3,2
490,322,3,2
490,323,3,2
490,324,3,2
490,325,3,2
490,326,3,2
490,327,3,2
490,328,3,2
490,329,3,2
490,330,3,2
490,331,3,2
490,332,3,2
490,333,3,2
490,334,3,2
490,335,3,2
490,336,3,2
490,337,3,2
490,338,3,2
490,339,3,2
490,340,3,2
490,341,3,2
490,342,3,2
490,343,3,2
490,344,3,2
490,345,3,2
490,346,3,2
490,347,3,2
490,348,3,2
490,349,3,2
490,350,3,2
490,351,3,2
490,352,3,2
490,353,3,2
490,354,3,2
490,355,3,2
490,356,3,2
490,357,3,2
490,358,3,2
490,359,3,2
490,360,3,2
490,361,3,2
490,362,3,2
490,363,3,2
490,364,3,2
490,365,3,2
490,366,3,2
490,367,3,2
490,368,3,2
490,369,3,2
490,370,3,2
490,371,3,2
490,372,3,2
490,373,3,2
490,374,3,2
490,375,3,2
490,376,3,2
490,377,3,2
490,378,3,2
490,379,3,2
490,380,3,2
490,381,3,2
490,382,3,2
490,383,3,2
490,384,3,2
490,385,3,2
490,386,3,2
490,387,3,2
490,388,3,2
490,389,3,2
490,390,3,2
490,391,3,2
490,392,3,3
490,393,3,3
490,394,3,3
490,395,3,3
490,396,3,3
490,397,3,3
490,398,3,3
490,399,3,3
490,400,3,3
490,401,3,3
490,402,3,3
490,403,3,3
490,404,3,3
490,405,3,3
490,406,3,3
490,407,3,3
490,408,3,3
490,409,3,3
490,410,3,3
490,411,3,3
490,412,3,3
490,413,3,3
490,414,3,3
490,415,3,3
490,416,3,3
490,417,3,2
490,418,3,2
490,419,3,2
490,420,3,2
490,421,3,2
490,422,3,2
490,423,3,2
490,424,3,2
490,425,3,2
490,426,3,2
490,427,3,2
490,428,3,2
490,429,3,2
490,430,3,2
490,431,3,2
490,432,3,2
490,433,3,2
490,434,3,2
490,435,3,2
490,436,3,2
490,437,3,2
490,438,3,2
490,439,3,2
490,440,3,3
490,441,3,3
490,442,3,3
490,443,3,3
490,444,3,2
490,445,3,2
490,446,3,2
490,447,3,2
490,448,3,2
490,449,3,2
490,450,3,2
490,451,3,2
490,452,3,2
490,453,3,2
490,454,3,2
490,455,3,2
490,456,3,2
490,457,3,2
490,458,3,2
490,459,3,2
490,460,3,2
490,461,3,2
490,462,3,2
490,463,3,2
490,464,3,2
490,465,3,2
490,466,3,2
490,467,3,2
490,468,3,2
490,469,3,2
490,470,3,2
490,471,3,2
490,472,3,2
490,473,3,2
490,474,3,2
490,475,3,2
490,476,3,2
490,477,3,2
490,478,3,2
490,479,3,2
490,480,3,2
490,481,3,2
490,482,3,2
490,483,3,2
490,484,3,2
490,485,3,2
490,486,3,2
490,487,3,2
490,488,3,2
490,489,3,2
490,490,3,2
490,491,3,2
490,492,3,2
490,493,3,2
490,494,3,2
490,495,3,2
490,496,3,2
490,497,3,2
490,498,3,2
490,499,3,2
490,500,3,2
490,501,3,2
490,502,3,2
490,503,3,2
490,504,3,2
490,505,3,2
490,506,3,2
490,507,3,2
490,508,3,2
490,509,3,2
490,510,3,2
490,511,3,2
490,512,3,2
490,513,3,2
490,514,3,2
490,515,3,2
490,516,3,2
490,517,3,2
490,518,3,2
490,519,3,2
490,520,3,2
490,521,3,2
490,522,3,2
490,523,3,2
490,524,3,2
490,525,3,2
490,526,3,2
490,527,3,2
490,528,3,2
490,529,3,2
490,530,3,2
490,531,3,2
490,532,3,2
490,533,3,2
490,534,3,2
490,535,3,2
490,536,3,2
490,537,3,2
490,538,3,2
490,539,3,2
490,540,3,2
490,541,3,2
490,542,3,2
490,543,3,2
490,544,3,2
490,545,3,2
490,546,3,2
490,547,3,2
490,548,3,2
490,549,3,2
490,550,3,2
490,551,3,2
490,552,3,2
490,553,3,2
490,554,3,2
490,555,3,2
490,556,3,2
490,557,3,2
490,558,3,2
490,559,3,2
490,560,3,2
490,561,3,2
490,562,3,2
490,563,3,2
490,564,3,2
490,565,3,2
490,566,3,2
490,567,3,2
490,568,3,2
490,569,3,2
490,570,3,2
490,571,3,2
490,572,3,2
490,573,3,2
490,574,3,2
490,575,3,2
490,576,3,2
490,577,3,2
490,578,3,2
490,579,3,2
490,580,3,2
490,581,3,2
490,582,3,2
490,583,3,2
490,584,3,2
490,585,3,2
490,586,3,2
490,587,3,2
490,588,3,2
490,589,3,2
490,590,3,2
490,591,3,2
490,592,3,2
490,593,3,2
490,594,3,2
490,595,3,2
490,596,3,2
490,597,3,2
490,598,3,2
490,599,3,2
490,600,3,2
490,601,3,2
490,602,3,2
490,603,3,2
490,604,3,2
490,605,3,2
490,606,3,2
490,607,3,2
490,608,3,2
490,609,3,2
490,610,3,2
490,611,3,2
490,612,3,2
490,613,3,2
490,614,3,2
490,615,3,2
490,616,3,2
490,617,3,2
490,618,3,2
490,619,3,2
490,620,3,2
490,621,3,2
490,622,3,2
490,623,3,2
490,624,3,2
490,625,3,2
490,626,3,2
490,627,3,2
490,628,3,2
490,629,3,2
490,630,3,2
490,631,3,2
490,632,3,2
490,633,3,2
490,634,3,2
490,635,3,2
490,636,3,2
490,637,3,2
490,638,3,2
490,639,3,2
490,640,3,2
490,641,3,2
490,642,3,2
490,643,3,2
490,644,3,2
490,645,3,2
490,646,3,2
490,647,3,2
490,648,3,2
490,649,3,2
490,650,3,2
490,651,3,2
490,652,3,2
490,653,3,2
490,654,3,2
490,655,3,2
490,656,3,2
490,657,3,2
490,658,3,2
490,659,3,2
490,660,3,2
490,661,3,2
490,662,3,2
490,663,3,2
490,664,3,2
490,665,3,2
490,666,3,2
491,77,3,2
491,78,3,2
491,79,3,2
491,80,3,2
491,81,3,3
491,82,3,3
491,83,3,3
491,84,3,2
491,85,3,2
491,86,3,2
491,87,3,2
491,88,3,2
491,89,3,2
491,90,3,2
491,91,3,2
491,92,3,2
491,93,3,2
491,94,3,2
491,95,3,2
491,96,3,2
491,97,3,2
491,98,3,2
491,99,3,2
491,100,3,2
491,101,3,2
491,102,3,2
491,103,3,2
491,104,3,2
491,105,3,2
491,106,3,2
491,107,3,2
491,108,3,2
491,109,3,2
491,110,3,2
491,111,3,2
491,112,3,2
491,113,3,2
491,114,3,2
491,115,3,2
491,116,3,2
491,117,3,2
491,118,3,2
491,119,3,2
491,120,3,2
491,121,3,2
491,122,3,2
491,123,3,2
491,124,3,2
491,125,3,2
491,126,3,2
491,127,3,2
491,128,3,2
491,129,3,2
491,130,3,2
491,131,3,2
491,132,3,2
491,133,3,2
491,134,3,2
491,135,3,2
491,136,3,2
491,137,3,2
491,138,3,2
491,139,3,2
491,140,3,2
491,141,3,2
491,142,3,2
491,143,3,2
491,144,3,2
491,145,3,2
491,146,3,2
491,147,3,2
491,148,3,2
491,149,3,2
491,150,3,2
491,151,3,2
491,152,3,2
491,153,3,2
491,154,3,2
491,155,3,2
491,156,3,2
491,157,3,2
491,158,3,2
491,159,3,2
491,160,3,2
491,161,3,2
491,162,3,2
491,163,3,2
491,164,3,2
491,165,3,2
491,166,3,2
491,167,3,2
491,168,3,2
491,169,3,2
491,170,3,2
491,171,3,2
491,172,3,2
491,173,3,2
491,174,3,2
491,175,3,2
491,176,3,2
491,177,3,2
491,178,3,2
491,179,3,2
491,180,3,2
491,181,3,2
491,182,3,2
491,183,3,2
491,184,3,2
491,185,3,2
491,186,3,2
491,187,3,2
491,188,3,2
491,189,3,2
491,190,3,2
491,191,3,2
491,192,3,2
491,193,3,2
491,194,3,2
491,195,3,2
491,196,3,2
491,197,3,2
491,198,3,2
491,199,3,2
491,200,3,2
491,201,3,2
491,202,3,2
491,203,3,2
491,204,3,2
491,205,3,2
491,206,3,2
491,207,3,2
491,208,3,2
491,209,3,2
491,210,3,2
491,211,3,2
491,212,3,2
491,213,3,2
491,214,3,2
491,215,3,2
491,216,3,2
491,217,3,2
491,218,3,2
491,219,3,2
491,220,3,2
491,221,3,2
491,222,3,2
491,223,3,2
491,224,3,2
491,225,3,2
491,226,3,2
491,227,3,2
491,228,3,2
491,229,3,2
491,230,3,2
491,231,3,2
491,232,3,2
491,233,3,2
491,234,3,2
491,235,3,2
491,236,3,2
491,237,3,2
491,238,3,2
491,239,3,2
491,240,3,2
491,241,3,2
491,242,3,2
491,243,3,2
491,244,3,2
491,245,3,2
491,246,3,2
491,247,3,2
491,248,3,2
491,249,3,2
491,250,3,2
491,251,3,2
491,252,3,2
491,253,3,2
491,254,3,2
491,255,3,2
491,256,3,2
491,257,3,2
491,258,3,2
491,259,3,2
491,260,3,2
491,261,3,2
491,262,3,2
491,263,3,2
491,264,3,2
491,265,3,2
491,266,3,2
491,267,3,2
491,268,3,2
491,269,3,2
491,270,3,2
491,271,3,2
491,272,3,2
491,273,3,2
491,274,3,2
491,275,3,2
491,276,3,2
491,277,3,2
491,278,3,2
491,279,3,2
491,280,3,2
491,281,3,2
491,282,3,2
491,283,3,2
491,284,3,2
491,285,3,2
491,286,3,2
491,287,3,2
491,288,3,2
491,289,3,2
491,290,3,2
491,291,3,2
491,292,3,2
491,293,3,2
491,294,3,2
491,295,3,2
491,296,3,2
491,297,3,2
491,298,3,2
491,299,3,2
491,300,3,2
491,301,3,2
491,302,3,2
491,303,3,2
491,304,3,2
491,305,3,2
491,306,3,2
491,307,3,2
491,308,3,2
491,309,3,2
491,310,3,2
491,311,3,2
491,312,3,2
491,313,3,2
491,314,3,2
491,315,3,2
491,316,3,2
491,317,3,2
491,318,3,2
491,319,3,2
491,320,3,2
491,321,3,2
491,322,3,2
491,323,3,2
491,324,3,2
491,325,3,2
491,326,3,2
491,327,3,2
491,328,3,2
491,329,3,2
491,330,3,2
491,331,3,2
491,332,3,2
491,333,3,2
491,334,3,2
491,335,3,2
491,336,3,2
491,337,3,2
491,338,3,2
491,339,3,2
491,340,3,2
491,341,3,2
491,342,3,2
491,343,3,2
491,344,3,2
491,345,3,2
491,346,3,2
491,347,3,2
491,348,3,2
491,349,3,2
491,350,3,2
491,351,3,2
491,352,3,2
491,353,3,2
491,354,3,2
491,355,3,2
491,356,3,2
491,357,3,2
491,358,3,2
491,359,3,2
491,360,3,2
491,361,3,2
491,362,3,2
491,363,3,2
491,364,3,2
491,365,3,2
491,366,3,2
491,367,3,2
491,368,3,2
491,369,3,2
491,370,3,2
491,371,3,2
491,372,3,2
491,373,3,2
491,374,3,2
491,375,3,2
491,376,3,2
491,377,3,2
491,378,3,2
491,379,3,2
491,380,3,2
491,381,3,2
491,382,3,2
491,383,3,2
491,384,3,2
491,385,3,2
491,386,3,2
491,387,3,2
491,388,3,2
491,389,3,2
491,390,3,2
491,391,3,2
491,392,3,2
491,393,3,3
491,394,3,3
491,395,3,3
491,396,3,3
491,397,3,3
491,398,3,3
491,399,3,3
491,400,3,3
491,401,3,3
491,402,3,3
491,403,3,3
491,404,3,3
491,405,3,3
491,406,3,3
491,407,3,3
491,408,3,3
491,409,3,3
491,410,3,3
491,411,3,3
491,412,3,3
491,413,3,3
491,414,3,3
491,415,3,3
491,416,3,2
491,417,3,2
491,418,3,2
491,419,3,2
491,420,3,2
491,421,3,2
491,422,3,2
491,423,3,2
491,424,3,2
491,425,3,2
491,426,3,2
491,427,3,2
491,428,3,2
491,429,3,2
491,430,3,2
491,431,3,2
491,432,3,2
491,433,3,2
491,434,3,2
491,435,3,2
491,436,3,2
491,437,3,2
491,438,3,3
491,439,3,3
491,440,3,3
491,441,3,3
491,442,3,3
491,443,3,3
491,444,3,3
491,445,3,3
491,446,3,3
491,447,3,3
491,448,3,3
491,449,3,2
491,450,3,2
491,451,3,3
491,452,3,2
491,453,3,2
491,454,3,2
491,455,3,2
491,456,3,2
491,457,3,2
491,458,3,2
491,459,3,2
491,460,3,2
491,461,3,2
491,462,3,2
491,463,3,2
491,464,3,2
491,465,3,2
491,466,3,2
491,467,3,2
491,468,3,2
491,469,3,2
491,470,3,2
491,471,3,2
491,472,3,2
491,473,3,2
491,474,3,2
491,475,3,2
491,476,3,2
491,477,3,2
491,478,3,2
491,479,3,2
491,480,3,2
491,481,3,2
491,482,3,2
491,483,3,2
491,484,3,2
491,485,3,2
491,486,3,2
491,487,3,2
491,488,3,2
491,489,3,2
491,490,3,2
491,491,3,2
491,492,3,2
491,493,3,2
491,494,3,2
491,495,3,2
491,496,3,2
491,497,3,2
491,498,3,2
491,499,3,2
491,500,3,2
491,501,3,2
491,502,3,2
491,503,3,2
491,504,3,2
491,505,3,2
491,506,3,2
491,507,3,2
491,508,3,2
491,509,3,2
491,510,3,2
491,511,3,2
491,512,3,2
491,513,3,2
491,514,3,2
491,515,3,2
491,516,3,2
491,517,3,2
491,518,3,2
491,519,3,2
491,520,3,2
491,521,3,2
491,522,3,2
491,523,3,2
491,524,3,2
491,525,3,2
491,526,3,2
491,527,3,2
491,528,3,2
491,529,3,2
491,530,3,2
491,531,3,2
491,532,3,2
491,533,3,2
491,534,3,2
491,535,3,2
491,536,3,2
491,537,3,2
491,538,3,2
491,539,3,2
491,540,3,2
491,541,3,2
491,542,3,2
491,543,3,2
491,544,3,2
491,545,3,2
491,546,3,2
491,547,3,2
491,548,3,2
491,549,3,2
491,550,3,2
491,551,3,2
491,552,3,2
491,553,3,2
491,554,3,2
491,555,3,2
491,556,3,2
491,557,3,2
491,558,3,2
491,559,3,2
491,560,3,2
491,561,3,2
491,562,3,2
491,563,3,2
491,564,3,2
491,565,3,2
491,566,3,2
491,567,3,2
491,568,3,2
491,569,3,2
491,570,3,2
491,571,3,2
491,572,3,2
491,573,3,2
491,574,3,2
491,575,3,2
491,576,3,2
491,577,3,2
491,578,3,2
491,579,3,2
491,580,3,2
491,581,3,2
491,582,3,2
491,583,3,2
491,584,3,2
491,585,3,2
491,586,3,2
491,587,3,2
491,588,3,2
491,589,3,2
491,590,3,2
491,591,3,2
491,592,3,2
491,593,3,2
491,594,3,2
491,595,3,2
491,596,3,2
491,597,3,2
491,598,3,2
491,599,3,2
491,600,3,2
491,601,3,2
491,602,3,2
491,603,3,2
491,604,3,2
491,605,3,2
491,606,3,2
491,607,3,2
491,608,3,2
491,609,3,2
491,610,3,2
491,611,3,2
491,612,3,2
491,613,3,2
491,614,3,2
491,615,3,2
491,616,3,2
491,617,3,2
491,618,3,2
491,619,3,2
491,620,3,2
491,621,3,2
491,622,3,2
491,623,3,2
491,624,3,2
491,625,3,2
491,626,3,2
491,627,3,2
491,628,3,2
491,629,3,2
491,630,3,2
491,631,3,2
491,632,3,2
491,633,3,2
491,634,3,2
491,635,3,2
491,636,3,2
491,637,3,2
491,638,3,2
491,639,3,2
491,640,3,2
491,641,3,2
491,642,3,2
491,643,3,2
491,644,3,2
491,645,3,2
491,646,3,2
491,647,3,2
491,648,3,2
491,649,3,2
491,650,3,2
491,651,3,2
491,652,3,2
491,653,3,2
491,654,3,2
491,655,3,2
491,656,3,2
491,657,3,2
491,658,3,2
491,659,3,2
491,660,3,2
491,661,3,2
491,662,3,2
491,663,3,2
491,664,3,2
491,665,3,2
491,666,3,2
492,77,3,2
492,78,3,2
492,79,3,2
492,80,3,2
492,81,3,3
492,82,3,3
492,83,3,3
492,84,3,2
492,85,3,2
492,86,3,2
492,87,3,2
492,88,3,2
492,89,3,2
492,90,3,2
492,91,3,2
492,92,3,2
492,93,3,2
492,94,3,2
492,95,3,2
492,96,3,2
492,97,3,2
492,98,3,2
492,99,3,2
492,100,3,2
492,101,3,2
492,102,3,2
492,103,3,2
492,104,3,2
492,105,3,2
492,106,3,2
492,107,3,2
492,108,3,2
492,109,3,2
492,110,3,2
492,111,3,2
492,112,3,2
492,113,3,2
492,114,3,2
492,115,3,2
492,116,3,2
492,117,3,2
492,118,3,2
492,119,3,2
492,120,3,2
492,121,3,2
492,122,3,2
492,123,3,2
492,124,3,2
492,125,3,2
492,126,3,2
492,127,3,2
492,128,3,2
492,129,3,2
492,130,3,2
492,131,3,2
492,132,3,2
492,133,3,2
492,134,3,2
492,135,3,2
492,136,3,2
492,137,3,2
492,138,3,2
492,139,3,2
492,140,3,2
492,141,3,2
492,142,3,2
492,143,3,2
492,144,3,2
492,145,3,2
492,146,3,2
492,147,3,2
492,148,3,2
492,149,3,2
492,150,3,2
492,151,3,2
492,152,3,2
492,153,3,2
492,154,3,2
492,155,3,2
492,156,3,2
492,157,3,2
492,158,3,2
492,159,3,2
492,160,3,2
492,161,3,2
492,162,3,2
492,163,3,2
492,164,3,2
492,165,3,2
492,166,3,2
492,167,3,2
492,168,3,2
492,169,3,2
492,170,3,2
492,171,3,2
492,172,3,2
492,173,3,2
492,174,3,2
492,175,3,2
492,176,3,2
492,177,3,2
492,178,3,2
492,179,3,2
492,180,3,2
492,181,3,2
492,182,3,2
492,183,3,2
492,184,3,2
492,185,3,2
492,186,3,2
492,187,3,2
492,188,3,2
492,189,3,2
492,190,3,2
492,191,3,2
492,192,3,2
492,193,3,2
492,194,3,2
492,195,3,2
492,196,3,2
492,197,3,2
492,198,3,2
492,199,3,2
492,200,3,2
492,201,3,2
492,202,3,2
492,203,3,2
492,204,3,2
492,205,3,2
492,206,3,2
492,207,3,2
492,208,3,2
492,209,3,2
492,210,3,2
492,211,3,2
492,212,3,2
492,213,3,2
492,214,3,2
492,215,3,2
492,216,3,2
492,217,3,2
492,218,3,2
492,219,3,2
492,220,3,2
492,221,3,2
492,222,3,2
492,223,3,2
492,224,3,2
492,225,3,2
492,226,3,2
492,227,3,2
492,228,3,2
492,229,3,2
492,230,3,2
492,231,3,2
492,232,3,2
492,233,3,2
492,234,3,2
492,235,3,2
492,236,3,2
492,237,3,2
492,238,3,2
492,239,3,2
492,240,3,2
492,241,3,2
492,242,3,2
492,243,3,2
492,244,3,2
492,245,3,2
492,246,3,2
492,247,3,2
492,248,3,2
492,249,3,2
492,250,3,2
492,251,3,2
492,252,3,2
492,253,3,2
492,254,3,2
492,255,3,2
492,256,3,2
492,257,3,2
492,258,3,2
492,259,3,2
492,260,3,2
492,261,3,2
492,262,3,2
492,263,3,2
492,264,3,2
492,265,3,2
492,266,3,2
492,267,3,2
492,268,3,2
492,269,3,2
492,270,3,2
492,271,3,2
492,272,3,2
492,273,3,2
492,274,3,2
492,275,3,2
492,276,3,2
492,277,3,2
492,278,3,2
492,279,3,2
492,280,3,2
492,281,3,2
492,282,3,2
492,283,3,2
492,284,3,2
492,285,3,2
492,286,3,2
492,287,3,2
492,288,3,2
492,289,3,2
492,290,3,2
492,291,3,2
492,292,3,2
492,293,3,2
492,294,3,2
492,295,3,2
492,296,3,2
492,297,3,2
492,298,3,2
492,299,3,2
492,300,3,2
492,301,3,2
492,302,3,2
492,303,3,2
492,304,3,2
492,305,3,2
492,306,3,2
492,307,3,2
492,308,3,2
492,309,3,2
492,310,3,2
492,311,3,2
492,312,3,2
492,313,3,2
492,314,3,2
492,315,3,2
492,316,3,2
492,317,3,2
492,318,3,2
492,319,3,2
492,320,3,2
492,321,3,2
492,322,3,2
492,323,3,2
492,324,3,2
492,325,3,2
492,326,3,2
492,327,3,2
492,328,3,2
492,329,3,2
492,330,3,2
492,331,3,2
492,332,3,2
492,333,3,2
492,334,3,2
492,335,3,2
492,336,3,2
492,337,3,2
492,338,3,2
492,339,3,2
492,340,3,2
492,341,3,2
492,342,3,2
492,343,3,2
492,344,3,2
492,345,3,2
492,346,3,2
492,347,3,2
492,348,3,2
492,349,3,2
492,350,3,2
492,351,3,2
492,352,3,2
492,353,3,2
492,354,3,2
492,355,3,2
492,356,3,2
492,357,3,2
492,358,3,2
492,359,3,2
492,360,3,2
492,361,3,2
492,362,3,2
492,363,3,2
492,364,3,2
492,365,3,2
492,366,3,2
492,367,3,2
492,368,3,2
492,369,3,2
492,370,3,2
492,371,3,2
492,372,3,2
492,373,3,2
492,374,3,2
492,375,3,2
492,376,3,2
492,377,3,2
492,378,3,2
492,379,3,2
492,380,3,2
492,381,3,2
492,382,3,2
492,383,3,2
492,384,3,2
492,385,3,2
492,386,3,2
492,387,3,2
492,388,3,2
492,389,3,2
492,390,3,2
492,391,3,2
492,392,3,2
492,393,3,2
492,394,3,3
492,395,3,3
492,396,3,3
492,397,3,3
492,398,3,3
492,399,3,3
492,400,3,3
492,401,3,3
492,402,3,3
492,403,3,3
492,404,3,3
492,405,3,3
492,406,3,3
492,407,3,3
492,408,3,3
492,409,3,3
492,410,3,3
492,411,3,3
492,412,3,3
492,413,3,3
492,414,3,3
492,415,3,2
492,416,3,2
492,417,3,2
492,418,3,2
492,419,3,2
492,420,3,2
492,421,3,2
492,422,3,2
492,423,3,2
492,424,3,2
492,425,3,2
492,426,3,2
492,427,3,2
492,428,3,2
492,429,3,2
492,430,3,2
492,431,3,2
492,432,3,2
492,433,3,2
492,434,3,2
492,435,3,2
492,436,3,3
492,437,3,3
492,438,3,3
492,439,3,3
492,440,3,3
492,441,3,3
492,442,3,3
492,443,3,3
492,444,3,3
492,445,3,3
492,446,3,3
492,447,3,3
492,448,3,3
492,449,3,3
492,450,3,3
492,451,3,3
492,452,3,3
492,453,3,3
492,454,3,2
492,455,3,2
492,456,3,2
492,457,3,2
492,458,3,2
492,459,3,2
492,460,3,2
492,461,3,2
492,462,3,2
492,463,3,2
492,464,3,2
492,465,3,2
492,466,3,2
492,467,3,2
492,468,3,2
492,469,3,2
492,470,3,2
492,471,3,2
492,472,3,2
492,473,3,2
492,474,3,2
492,475,3,2
492,476,3,2
492,477,3,2
492,478,3,2
492,479,3,2
492,480,3,2
492,481,3,2
492,482,3,2
492,483,3,2
492,484,3,2
492,485,3,2
492,486,3,2
492,487,3,2
492,488,3,2
492,489,3,2
492,490,3,2
492,491,3,2
492,492,3,2
492,493,3,2
492,494,3,2
492,495,3,2
492,496,3,2
492,497,3,2
492,498,3,2
492,499,3,2
492,500,3,2
492,501,3,2
492,502,3,2
492,503,3,2
492,504,3,2
492,505,3,2
492,506,3,2
492,507,3,2
492,508,3,2
492,509,3,2
492,510,3,2
492,511,3,2
492,512,3,2
492,513,3,2
492,514,3,2
492,515,3,2
492,516,3,2
492,517,3,2
492,518,3,2
492,519,3,2
492,520,3,2
492,521,3,2
492,522,3,2
492,523,3,2
492,524,3,2
492,525,3,2
492,526,3,2
492,527,3,2
492,528,3,2
492,529,3,2
492,530,3,2
492,531,3,2
492,532,3,2
492,533,3,2
492,534,3,2
492,535,3,2
492,536,3,2
492,537,3,2
492,538,3,2
492,539,3,2
492,540,3,2
492,541,3,2
492,542,3,2
492,543,3,2
492,544,3,2
492,545,3,2
492,546,3,2
492,547,3,2
492,548,3,2
492,549,3,2
492,550,3,2
492,551,3,2
492,552,3,2
492,553,3,2
492,554,3,2
492,555,3,2
492,556,3,2
492,557,3,2
492,558,3,2
492,559,3,2
492,560,3,2
492,561,3,2
492,562,3,2
492,563,3,2
492,564,3,2
492,565,3,2
492,566,3,2
492,567,3,2
492,568,3,2
492,569,3,2
492,570,3,2
492,571,3,2
492,572,3,2
492,573,3,2
492,574,3,2
492,575,3,2
492,576,3,2
492,577,3,2
492,578,3,2
492,579,3,2
492,580,3,2
492,581,3,2
492,582,3,2
492,583,3,2
492,584,3,2
492,585,3,2
492,586,3,2
492,587,3,2
492,588,3,2
492,589,3,2
492,590,3,2
492,591,3,2
492,592,3,2
492,593,3,2
492,594,3,2
492,595,3,2
492,596,3,2
492,597,3,2
492,598,3,2
492,599,3,2
492,600,3,2
492,601,3,2
492,602,3,2
492,603,3,2
492,604,3,2
492,605,3,2
492,606,3,2
492,607,3,2
492,608,3,2
492,609,3,2
492,610,3,2
492,611,3,2
492,612,3,2
492,613,3,2
492,614,3,2
492,615,3,2
492,616,3,2
492,617,3,2
492,618,3,2
492,619,3,2
492,620,3,2
492,621,3,2
492,622,3,2
492,623,3,2
492,624,3,2
492,625,3,2
492,626,3,2
492,627,3,2
492,628,3,2
492,629,3,2
492,630,3,2
492,631,3,2
492,632,3,2
492,633,3,2
492,634,3,2
492,635,3,2
492,636,3,2
492,637,3,2
492,638,3,2
492,639,3,2
492,640,3,2
492,641,3,2
492,642,3,2
492,643,3,2
492,644,3,2
492,645,3,2
492,646,3,2
492,647,3,2
492,648,3,2
492,649,3,2
492,650,3,2
492,651,3,2
492,652,3,2
492,653,3,2
492,654,3,2
492,655,3,2
492,656,3,2
492,657,3,2
492,658,3,2
492,659,3,2
492,660,3,2
492,661,3,2
492,662,3,2
492,663,3,2
492,664,3,2
492,665,3,2
493,78,3,2
493,79,3,2
493,80,3,2
493,81,3,3
493,82,3,3
493,83,3,3
493,84,3,3
493,85,3,2
493,86,3,2
493,87,3,2
493,88,3,2
493,89,3,2
493,90,3,2
493,91,3,2
493,92,3,2
493,93,3,2
493,94,3,2
493,95,3,2
493,96,3,2
493,97,3,2
493,98,3,2
493,99,3,2
493,100,3,2
493,101,3,2
493,102,3,2
493,103,3,2
493,104,3,2
493,105,3,2
493,106,3,2
493,107,3,2
493,108,3,2
493,109,3,2
493,110,3,2
493,111,3,2
493,112,3,2
493,113,3,2
493,114,3,2
493,115,3,2
493,116,3,2
493,117,3,2
493,118,3,2
493,119,3,2
493,120,3,2
493,121,3,2
493,122,3,2
493,123,3,2
493,124,3,2
493,125,3,2
493,126,3,2
493,127,3,2
493,128,3,2
493,129,3,2
493,130,3,2
493,131,3,2
493,132,3,2
493,133,3,2
493,134,3,2
493,135,3,2
493,136,3,2
493,137,3,2
493,138,3,2
493,139,3,2
493,140,3,2
493,141,3,2
493,142,3,2
493,143,3,2
493,144,3,2
493,145,3,2
493,146,3,2
493,147,3,2
493,148,3,2
493,149,3,2
493,150,3,2
493,151,3,2
493,152,3,2
493,153,3,2
493,154,3,2
493,155,3,2
493,156,3,2
493,157,3,2
493,158,3,2
493,159,3,2
493,160,3,2
493,161,3,2
493,162,3,2
493,163,3,2
493,164,3,2
493,165,3,2
493,166,3,2
493,167,3,2
493,168,3,2
493,169,3,2
493,170,3,2
493,171,3,2
493,172,3,2
493,173,3,2
493,174,3,2
493,175,3,2
493,176,3,2
493,177,3,2
493,178,3,2
493,179,3,2
493,180,3,2
493,181,3,2
493,182,3,2
493,183,3,2
493,184,3,2
493,185,3,2
493,186,3,2
493,187,3,2
493,188,3,2
493,189,3,2
493,190,3,2
493,191,3,2
493,192,3,2
493,193,3,2
493,194,3,2
493,195,3,2
493,196,3,2
493,197,3,2
493,198,3,2
493,199,3,2
493,200,3,2
493,201,3,2
493,202,3,2
493,203,3,2
493,204,3,2
493,205,3,2
493,206,3,2
493,207,3,2
493,208,3,2
493,209,3,2
493,210,3,2
493,211,3,2
493,212,3,2
493,213,3,2
493,214,3,2
493,215,3,2
493,216,3,2
493,217,3,2
493,218,3,2
493,219,3,2
493,220,3,2
493,221,3,2
493,222,3,2
493,223,3,2
493,224,3,2
493,225,3,2
493,226,3,2
493,227,3,2
493,228,3,2
493,229,3,2
493,230,3,2
493,231,3,2
493,232,3,2
493,233,3,2
493,234,3,2
493,235,3,2
493,236,3,2
493,237,3,2
493,238,3,2
493,239,3,2
493,240,3,2
493,241,3,2
493,242,3,2
493,243,3,2
493,244,3,2
493,245,3,2
493,246,3,2
493,247,3,2
493,248,3,2
493,249,3,2
493,250,3,2
493,251,3,2
493,252,3,2
493,253,3,2
493,254,3,2
493,255,3,2
493,256,3,2
493,257,3,2
493,258,3,2
493,259,3,2
493,260,3,2
493,261,3,2
493,262,3,2
493,263,3,2
493,264,3,2
493,265,3,2
493,266,3,2
493,267,3,2
493,268,3,2
493,269,3,2
493,270,3,2
493,271,3,2
493,272,3,2
493,273,3,2
493,274,3,2
493,275,3,2
493,276,3,2
493,277,3,2
493,278,3,2
493,279,3,2
493,280,3,2
493,281,3,2
493,282,3,2
493,283,3,2
493,284,3,2
493,285,3,2
493,286,3,2
493,287,3,2
493,288,3,2
493,289,3,2
493,290,3,2
493,291,3,2
493,292,3,2
493,293,3,2
493,294,3,2
493,295,3,2
493,296,3,2
493,297,3,2
493,298,3,2
493,299,3,2
493,300,3,2
493,301,3,2
493,302,3,2
493,303,3,2
493,304,3,2
493,305,3,2
493,306,3,2
493,307,3,2
493,308,3,2
493,309,3,2
493,310,3,2
493,311,3,2
493,312,3,2
493,313,3,2
493,314,3,2
493,315,3,2
493,316,3,2
493,317,3,2
493,318,3,2
493,319,3,2
493,320,3,2
493,321,3,2
493,322,3,2
493,323,3,2
493,324,3,2
493,325,3,2
493,326,3,2
493,327,3,2
493,328,3,2
493,329,3,2
493,330,3,2
493,331,3,2
493,332,3,2
493,333,3,2
493,334,3,2
493,335,3,2
493,336,3,2
493,337,3,2
493,338,3,2
493,339,3,2
493,340,3,2
493,341,3,2
493,342,3,2
493,343,3,2
493,344,3,2
493,345,3,2
493,346,3,2
493,347,3,2
493,348,3,2
493,349,3,2
493,350,3,2
493,351,3,2
493,352,3,2
493,353,3,2
493,354,3,2
493,355,3,2
493,356,3,2
493,357,3,2
493,358,3,2
493,359,3,2
493,360,3,2
493,361,3,2
493,362,3,2
493,363,3,2
493,364,3,2
493,365,3,2
493,366,3,2
493,367,3,2
493,368,3,2
493,369,3,2
493,370,3,2
493,371,3,2
493,372,3,2
493,373,3,2
493,374,3,2
493,375,3,2
493,376,3,2
493,377,3,2
493,378,3,2
493,379,3,2
493,380,3,2
493,381,3,2
493,382,3,2
493,383,3,2
493,384,3,2
493,385,3,2
493,386,3,2
493,387,3,2
493,388,3,2
493,389,3,2
493,390,3,2
493,391,3,2
493,392,3,2
493,393,3,2
493,394,3,2
493,395,3,2
493,396,3,3
493,397,3,3
493,398,3,3
493,399,3,3
493,400,3,3
493,401,3,3
493,402,3,3
493,403,3,3
493,404,3,3
493,405,3,3
493,406,3,3
493,407,3,3
493,408,3,3
493,409,3,3
493,410,3,3
493,411,3,3
493,412,3,3
493,413,3,2
493,414,3,2
493,415,3,2
493,416,3,2
493,417,3,2
493,418,3,2
493,419,3,2
493,420,3,2
493,421,3,2
493,422,3,2
493,423,3,2
493,424,3,2
493,425,3,2
493,426,3,2
493,427,3,2
493,428,3,2
493,429,3,2
493,430,3,2
493,431,3,2
493,432,3,2
493,433,3,2
493,434,3,2
493,435,3,3
493,436,3,3
493,437,3,3
493,438,3,3
493,439,3,3
493,440,3,3
493,441,3,3
493,442,3,3
493,443,3,3
493,444,3,3
493,445,3,3
493,446,3,3
493,447,3,3
493,448,3,3
493,449,3,3
493,450,3,3
493,451,3,3
493,452,3,3
493,453,3,3
493,454,3,3
493,455,3,2
493,456,3,2
493,457,3,2
493,458,3,2
493,459,3,2
493,460,3,2
493,461,3,2
493,462,3,2
493,463,3,2
493,464,3,2
493,465,3,2
493,466,3,2
493,467,3,2
493,468,3,2
493,469,3,2
493,470,3,2
493,471,3,2
493,472,3,2
493,473,3,2
493,474,3,2
493,475,3,2
493,476,3,2
493,477,3,2
493,478,3,2
493,479,3,2
493,480,3,2
493,481,3,2
493,482,3,2
493,483,3,2
493,484,3,2
493,485,3,2
493,486,3,2
493,487,3,2
493,488,3,2
493,489,3,2
493,490,3,2
493,491,3,2
493,492,3,2
493,493,3,2
493,494,3,2
493,495,3,2
493,496,3,2
493,497,3,2
493,498,3,2
493,499,3,2
493,500,3,2
493,501,3,2
493,502,3,2
493,503,3,2
493,504,3,2
493,505,3,2
493,506,3,2
493,507,3,2
493,508,3,2
493,509,3,2
493,510,3,2
493,511,3,2
493,512,3,2
493,513,3,2
493,514,3,2
493,515,3,2
493,516,3,2
493,517,3,2
493,518,3,2
493,519,3,2
493,520,3,2
493,521,3,2
493,522,3,2
493,523,3,2
493,524,3,2
493,525,3,2
493,526,3,2
493,527,3,2
493,528,3,2
493,529,3,2
493,530,3,2
493,531,3,2
493,532,3,2
493,533,3,2
493,534,3,2
493,535,3,2
493,536,3,2
493,537,3,2
493,538,3,2
493,539,3,2
493,540,3,2
493,541,3,2
493,542,3,2
493,543,3,2
493,544,3,2
493,545,3,2
493,546,3,2
493,547,3,2
493,548,3,2
493,549,3,2
493,550,3,2
493,551,3,2
493,552,3,2
493,553,3,2
493,554,3,2
493,555,3,2
493,556,3,2
493,557,3,2
493,558,3,2
493,559,3,2
493,560,3,2
493,561,3,2
493,562,3,2
493,563,3,2
493,564,3,2
493,565,3,2
493,566,3,2
493,567,3,2
493,568,3,2
493,569,3,2
493,570,3,2
493,571,3,2
493,572,3,2
493,573,3,2
493,574,3,2
493,575,3,2
493,576,3,2
493,577,3,2
493,578,3,2
493,579,3,2
493,580,3,2
493,581,3,2
493,582,3,2
493,583,3,2
493,584,3,2
493,585,3,2
493,586,3,2
493,587,3,2
493,588,3,2
493,589,3,2
493,590,3,2
493,591,3,2
493,592,3,2
493,593,3,2
493,594,3,2
493,595,3,2
493,596,3,2
493,597,3,2
493,598,3,2
493,599,3,2
493,600,3,2
493,601,3,2
493,602,3,2
493,603,3,2
493,604,3,2
493,605,3,2
493,606,3,2
493,607,3,2
493,608,3,2
493,609,3,2
493,610,3,2
493,611,3,2
493,612,3,2
493,613,3,2
493,614,3,2
493,615,3,2
493,616,3,2
493,617,3,2
493,618,3,2
493,619,3,2
493,620,3,2
493,621,3,2
493,622,3,2
493,623,3,2
493,624,3,2
493,625,3,2
493,626,3,2
493,627,3,2
493,628,3,2
493,629,3,2
493,630,3,2
493,631,3,2
493,632,3,2
493,633,3,2
493,634,3,2
493,635,3,2
493,636,3,2
493,637,3,2
493,638,3,2
493,639,3,2
493,640,3,2
493,641,3,2
493,642,3,2
493,643,3,2
493,644,3,2
493,645,3,2
493,646,3,2
493,647,3,2
493,648,3,2
493,649,3,2
493,650,3,2
493,651,3,2
493,652,3,2
493,653,3,2
493,654,3,2
493,655,3,2
493,656,3,2
493,657,3,2
493,658,3,2
493,659,3,2
493,660,3,2
493,661,3,2
493,662,3,2
493,663,3,2
494,78,3,2
494,79,3,2
494,80,3,2
494,81,3,3
494,82,3,3
494,83,3,3
494,84,3,3
494,85,3,2
494,86,3,2
494,87,3,2
494,88,3,2
494,89,3,2
494,90,3,2
494,91,3,2
494,92,3,2
494,93,3,2
494,94,3,2
494,95,3,2
494,96,3,2
494,97,3,2
494,98,3,2
494,99,3,2
494,100,3,2
494,101,3,2
494,102,3,2
494,103,3,2
494,104,3,2
494,105,3,2
494,106,3,2
494,107,3,2
494,108,3,2
494,109,3,2
494,110,3,2
494,111,3,2
494,112,3,2
494,113,3,2
494,114,3,2
494,115,3,2
494,116,3,2
494,117,3,2
494,118,3,2
494,119,3,2
494,120,3,2
494,121,3,2
494,122,3,2
494,123,3,2
494,124,3,2
494,125,3,2
494,126,3,2
494,127,3,2
494,128,3,2
494,129,3,2
494,130,3,2
494,131,3,2
494,132,3,2
494,133,3,2
494,134,3,2
494,135,3,2
494,136,3,2
494,137,3,2
494,138,3,2
494,139,3,2
494,140,3,2
494,141,3,2
494,142,3,2
494,143,3,2
494,144,3,2
494,145,3,2
494,146,3,2
494,147,3,2
494,148,3,2
494,149,3,2
494,150,3,2
494,151,3,2
494,152,3,2
494,153,3,2
494,154,3,2
494,155,3,2
494,156,3,2
494,157,3,2
494,158,3,2
494,159,3,2
494,160,3,2
494,161,3,2
494,162,3,2
494,163,3,2
494,164,3,2
494,165,3,2
494,166,3,2
494,167,3,2
494,168,3,2
494,169,3,2
494,170,3,2
494,171,3,2
494,172,3,2
494,173,3,2
494,174,3,2
494,175,3,2
494,176,3,2
494,177,3,2
494,178,3,2
494,179,3,2
494,180,3,2
494,181,3,2
494,182,3,2
494,183,3,2
494,184,3,2
494,185,3,2
494,186,3,2
494,187,3,2
494,188,3,2
494,189,3,2
494,190,3,2
494,191,3,2
494,192,3,2
494,193,3,2
494,194,3,2
494,195,3,2
494,196,3,2
494,197,3,2
494,198,3,2
494,199,3,2
494,200,3,2
494,201,3,2
494,202,3,2
494,203,3,2
494,204,3,2
494,205,3,2
494,206,3,2
494,207,3,2
494,208,3,2
494,209,3,2
494,210,3,2
494,211,3,2
494,212,3,2
494,213,3,2
494,214,3,2
494,215,3,2
494,216,3,2
494,217,3,2
494,218,3,2
494,219,3,2
494,220,3,2
494,221,3,2
494,222,3,2
494,223,3,2
494,224,3,2
494,225,3,2
494,226,3,2
494,227,3,2
494,228,3,2
494,229,3,2
494,230,3,2
494,231,3,2
494,232,3,2
494,233,3,2
494,234,3,2
494,235,3,2
494,236,3,2
494,237,3,2
494,238,3,2
494,239,3,2
494,240,3,2
494,241,3,2
494,242,3,2
494,243,3,2
494,244,3,2
494,245,3,2
494,246,3,2
494,247,3,2
494,248,3,2
494,249,3,2
494,250,3,2
494,251,3,2
494,252,3,2
494,253,3,2
494,254,3,2
494,255,3,2
494,256,3,2
494,257,3,2
494,258,3,2
494,259,3,2
494,260,3,2
494,261,3,2
494,262,3,2
494,263,3,2
494,264,3,2
494,265,3,2
494,266,3,2
494,267,3,2
494,268,3,2
494,269,3,2
494,270,3,2
494,271,3,2
494,272,3,2
494,273,3,2
494,274,3,2
494,275,3,2
494,276,3,2
494,277,3,2
494,278,3,2
494,279,3,2
494,280,3,2
494,281,3,2
494,282,3,2
494,283,3,2
494,284,3,2
494,285,3,2
494,286,3,2
494,287,3,2
494,288,3,2
494,289,3,2
494,290,3,2
494,291,3,2
494,292,3,2
494,293,3,2
494,294,3,2
494,295,3,2
494,296,3,2
494,297,3,2
494,298,3,2
494,299,3,2
494,300,3,2
494,301,3,2
494,302,3,2
494,303,3,2
494,304,3,2
494,305,3,2
494,306,3,2
494,307,3,2
494,308,3,2
494,309,3,2
494,310,3,2
494,311,3,2
494,312,3,2
494,313,3,2
494,314,3,2
494,315,3,2
494,316,3,2
494,317,3,2
494,318,3,2
494,319,3,2
494,320,3,2
494,321,3,2
494,322,3,2
494,323,3,2
494,324,3,2
494,325,3,2
494,326,3,2
494,327,3,2
494,328,3,2
494,329,3,2
494,330,3,2
494,331,3,2
494,332,3,2
494,333,3,2
494,334,3,2
494,335,3,2
494,336,3,2
494,337,3,2
494,338,3,2
494,339,3,2
494,340,3,2
494,341,3,2
494,342,3,2
494,343,3,2
494,344,3,2
494,345,3,2
494,346,3,2
494,347,3,2
494,348,3,2
494,349,3,2
494,350,3,2
494,351,3,2
494,352,3,2
494,353,3,2
494,354,3,2
494,355,3,2
494,356,3,2
494,357,3,2
494,358,3,2
494,359,3,2
494,360,3,2
494,361,3,2
494,362,3,2
494,363,3,2
494,364,3,2
494,365,3,2
494,366,3,2
494,367,3,2
494,368,3,2
494,369,3,2
494,370,3,2
494,371,3,2
494,372,3,2
494,373,3,2
494,374,3,2
494,375,3,2
494,376,3,2
494,377,3,2
494,378,3,2
494,379,3,2
494,380,3,2
494,381,3,2
494,382,3,2
494,383,3,2
494,384,3,2
494,385,3,2
494,386,3,2
494,387,3,2
494,388,3,2
494,389,3,2
494,390,3,2
494,391,3,2
494,392,3,2
494,393,3,2
494,394,3,2
494,395,3,2
494,396,3,2
494,397,3,3
494,398,3,3
494,399,3,3
494,400,3,3
494,401,3,3
494,402,3,3
494,403,3,3
494,404,3,3
494,405,3,3
494,406,3,3
494,407,3,3
494,408,3,3
494,409,3,3
494,410,3,3
494,411,3,2
494,412,3,2
494,413,3,2
494,414,3,2
494,415,3,2
494,416,3,2
494,417,3,2
494,418,3,2
494,419,3,2
494,420,3,2
494,421,3,2
494,422,3,2
494,423,3,2
494,424,3,2
494,425,3,2
494,426,3,2
494,427,3,2
494,428,3,2
494,429,3,2
494,430,3,2
494,431,3,2
494,432,3,2
494,433,3,2
494,434,3,3
494,435,3,3
494,436,3,3
494,437,3,3
494,438,3,3
494,439,3,3
494,440,3,3
494,441,3,3
494,442,3,3
494,443,3,3
494,444,3,3
494,445,3,3
494,446,3,3
494,447,3,3
494,448,3,3
494,449,3,3
494,450,3,3
494,451,3,3
494,452,3,3
494,453,3,3
494,454,3,3
494,455,3,3
494,456,3,2
494,457,3,2
494,458,3,2
494,459,3,2
494,460,3,2
494,461,3,2
494,462,3,2
494,463,3,2
494,464,3,2
494,465,3,2
494,466,3,2
494,467,3,2
494,468,3,2
494,469,3,2
494,470,3,2
494,471,3,2
494,472,3,2
494,473,3,2
494,474,3,2
494,475,3,2
494,476,3,2
494,477,3,2
494,478,3,2
494,479,3,2
494,480,3,2
494,481,3,2
494,482,3,2
494,483,3,2
494,484,3,2
494,485,3,2
494,486,3,2
494,487,3,2
494,488,3,2
494,489,3,2
494,490,3,2
494,491,3,2
494,492,3,2
494,493,3,2
494,494,3,2
494,495,3,2
494,496,3,2
494,497,3,2
494,498,3,2
494,499,3,2
494,500,3,2
494,501,3,2
494,502,3,2
494,503,3,2
494,504,3,2
494,505,3,2
494,506,3,2
494,507,3,2
494,508,3,2
494,509,3,2
494,510,3,2
494,511,3,2
494,512,3,2
494,513,3,2
494,514,3,2
494,515,3,2
494,516,3,2
494,517,3,2
494,518,3,2
494,519,3,2
494,520,3,2
494,521,3,2
494,522,3,2
494,523,3,2
494,524,3,2
494,525,3,2
494,526,3,2
494,527,3,2
494,528,3,2
494,529,3,2
494,530,3,2
494,531,3,2
494,532,3,2
494,533,3,2
494,534,3,2
494,535,3,2
494,536,3,2
494,537,3,2
494,538,3,2
494,539,3,2
494,540,3,2
494,541,3,2
494,542,3,2
494,543,3,2
494,544,3,2
494,545,3,2
494,546,3,2
494,547,3,2
494,548,3,2
494,549,3,2
494,550,3,2
494,551,3,2
494,552,3,2
494,553,3,2
494,554,3,2
494,555,3,2
494,556,3,2
494,557,3,2
494,558,3,2
494,559,3,2
494,560,3,2
494,561,3,2
494,562,3,2
494,563,3,2
494,564,3,2
494,565,3,2
494,566,3,2
494,567,3,2
494,568,3,2
494,569,3,2
494,570,3,2
494,571,3,2
494,572,3,2
494,573,3,2
494,574,3,2
494,575,3,2
494,576,3,2
494,577,3,2
494,578,3,2
494,579,3,2
494,580,3,2
494,581,3,2
494,582,3,2
494,583,3,2
494,584,3,2
494,585,3,2
494,586,3,2
494,587,3,2
494,588,3,2
494,589,3,2
494,590,3,2
494,591,3,2
494,592,3,2
494,593,3,2
494,594,3,2
494,595,3,2
494,596,3,2
494,597,3,2
494,598,3,2
494,599,3,2
494,600,3,2
494,601,3,2
494,602,3,2
494,603,3,2
494,604,3,2
494,605,3,2
494,606,3,2
494,607,3,2
494,608,3,2
494,609,3,2
494,610,3,2
494,611,3,2
494,612,3,2
494,613,3,2
494,614,3,2
494,615,3,2
494,616,3,2
494,617,3,2
494,618,3,2
494,619,3,2
494,620,3,2
494,621,3,2
494,622,3,2
494,623,3,2
494,624,3,2
494,625,3,2
494,626,3,2
494,627,3,2
494,628,3,2
494,629,3,2
494,630,3,2
494,631,3,2
494,632,3,2
494,633,3,2
494,634,3,2
494,635,3,2
494,636,3,2
494,637,3,2
494,638,3,2
494,639,3,2
494,640,3,2
494,641,3,2
494,642,3,2
494,643,3,2
494,644,3,2
494,645,3,2
494,646,3,2
494,647,3,2
494,648,3,2
494,649,3,2
494,650,3,2
494,651,3,2
494,652,3,2
494,653,3,2
494,654,3,2
494,655,3,2
494,656,3,2
494,657,3,2
494,658,3,2
494,659,3,2
494,660,3,2
494,661,3,2
494,662,3,2
494,663,3,2
494,664,3,2
495,79,3,2
495,80,3,2
495,81,3,3
495,82,3,3
495,83,3,3
495,84,3,3
495,85,3,3
495,86,3,2
495,87,3,2
495,88,3,2
495,89,3,2
495,90,3,2
495,91,3,2
495,92,3,2
495,93,3,2
495,94,3,2
495,95,3,2
495,96,3,2
495,97,3,2
495,98,3,2
495,99,3,2
495,100,3,2
495,101,3,2
495,102,3,2
495,103,3,2
495,104,3,2
495,105,3,2
495,106,3,2
495,107,3,2
495,108,3,2
495,109,3,2
495,110,3,2
495,111,3,2
495,112,3,2
495,113,3,2
495,114,3,2
495,115,3,2
495,116,3,2
495,117,3,2
495,118,3,2
495,119,3,2
495,120,3,2
495,121,3,2
495,122,3,2
495,123,3,2
495,124,3,2
495,125,3,2
495,126,3,2
495,127,3,2
495,128,3,2
495,129,3,2
495,130,3,2
495,131,3,2
495,132,3,2
495,133,3,2
495,134,3,2
495,135,3,2
495,136,3,2
495,137,3,2
495,138,3,2
495,139,3,2
495,140,3,2
495,141,3,2
495,142,3,2
495,143,3,2
495,144,3,2
495,145,3,2
495,146,3,2
495,147,3,2
495,148,3,2
495,149,3,2
495,150,3,2
495,151,3,2
495,152,3,2
495,153,3,2
495,154,3,2
495,155,3,2
495,156,3,2
495,157,3,2
495,158,3,2
495,159,3,2
495,160,3,2
495,161,3,2
495,162,3,2
495,163,3,2
495,164,3,2
495,165,3,2
495,166,3,2
495,167,3,2
495,168,3,2
495,169,3,2
495,170,3,2
495,171,3,2
495,172,3,2
495,173,3,2
495,174,3,2
495,175,3,2
495,176,3,2
495,177,3,2
495,178,3,2
495,179,3,2
495,180,3,2
495,181,3,2
495,182,3,2
495,183,3,2
495,184,3,2
495,185,3,2
495,186,3,2
495,187,3,2
495,188,3,2
495,189,3,2
495,190,3,2
495,191,3,2
495,192,3,2
495,193,3,2
495,194,3,2
495,195,3,2
495,196,3,2
495,197,3,2
495,198,3,2
495,199,3,2
495,200,3,2
495,201,3,2
495,202,3,2
495,203,3,2
495,204,3,2
495,205,3,2
495,206,3,2
495,207,3,2
495,208,3,2
495,209,3,2
495,210,3,2
495,211,3,2
495,212,3,2
495,213,3,2
495,214,3,2
495,215,3,2
495,216,3,2
495,217,3,2
495,218,3,2
495,219,3,2
495,220,3,2
495,221,3,2
495,222,3,2
495,223,3,2
495,224,3,2
495,225,3,2
495,226,3,2
495,227,3,2
495,228,3,2
495,229,3,2
495,230,3,2
495,231,3,2
495,232,3,2
495,233,3,2
495,234,3,2
495,235,3,2
495,236,3,2
495,237,3,2
495,238,3,2
495,239,3,2
495,240,3,2
495,241,3,2
495,242,3,2
495,243,3,2
495,244,3,2
495,245,3,2
495,246,3,2
495,247,3,2
495,248,3,2
495,249,3,2
495,250,3,2
495,251,3,2
495,252,3,2
495,253,3,2
495,254,3,2
495,255,3,2
495,256,3,2
495,257,3,2
495,258,3,2
495,259,3,2
495,260,3,2
495,261,3,2
495,262,3,2
495,263,3,2
495,264,3,2
495,265,3,2
495,266,3,2
495,267,3,2
495,268,3,2
495,269,3,2
495,270,3,2
495,271,3,2
495,272,3,2
495,273,3,2
495,274,3,2
495,275,3,2
495,276,3,2
495,277,3,2
495,278,3,2
495,279,3,2
495,280,3,2
495,281,3,2
495,282,3,2
495,283,3,2
495,284,3,2
495,285,3,2
495,286,3,2
495,287,3,2
495,288,3,2
495,289,3,2
495,290,3,2
495,291,3,2
495,292,3,2
495,293,3,2
495,294,3,2
495,295,3,2
495,296,3,2
495,297,3,2
495,298,3,2
495,299,3,2
495,300,3,2
495,301,3,2
495,302,3,2
495,303,3,2
495,304,3,2
495,305,3,2
495,306,3,2
495,307,3,2
495,308,3,2
495,309,3,2
495,310,3,2
495,311,3,2
495,312,3,2
495,313,3,2
495,314,3,2
495,315,3,2
495,316,3,2
495,317,3,2
495,318,3,2
495,319,3,2
495,320,3,2
495,321,3,2
495,322,3,2
495,323,3,2
495,324,3,2
495,325,3,2
495,326,3,2
495,327,3,2
495,328,3,2
495,329,3,2
495,330,3,2
495,331,3,2
495,332,3,2
495,333,3,2
495,334,3,2
495,335,3,2
495,336,3,2
495,337,3,2
495,338,3,2
495,339,3,2
495,340,3,2
495,341,3,2
495,342,3,2
495,343,3,2
495,344,3,2
495,345,3,2
495,346,3,2
495,347,3,2
495,348,3,2
495,349,3,2
495,350,3,2
495,351,3,2
495,352,3,2
495,353,3,2
495,354,3,2
495,355,3,2
495,356,3,2
495,357,3,2
495,358,3,2
495,359,3,2
495,360,3,2
495,361,3,2
495,362,3,2
495,363,3,2
495,364,3,2
495,365,3,2
495,366,3,2
495,367,3,2
495,368,3,2
495,369,3,2
495,370,3,2
495,371,3,2
495,372,3,2
495,373,3,2
495,374,3,2
495,375,3,2
495,376,3,2
495,377,3,2
495,378,3,2
495,379,3,2
495,380,3,2
495,381,3,2
495,382,3,2
495,383,3,2
495,384,3,2
495,385,3,2
495,386,3,2
495,387,3,2
495,388,3,2
495,389,3,2
495,390,3,2
495,391,3,2
495,392,3,2
495,393,3,2
495,394,3,2
495,395,3,2
495,396,3,2
495,397,3,2
495,398,3,2
495,399,3,2
495,400,3,3
495,401,3,3
495,402,3,3
495,403,3,3
495,404,3,3
495,405,3,3
495,406,3,3
495,407,3,3
495,408,3,2
495,409,3,2
495,410,3,2
495,411,3,2
495,412,3,2
495,413,3,2
495,414,3,2
495,415,3,2
495,416,3,2
495,417,3,2
495,418,3,2
495,419,3,2
495,420,3,2
495,421,3,2
495,422,3,2
495,423,3,2
495,424,3,2
495,425,3,2
495,426,3,2
495,427,3,2
495,428,3,2
495,429,3,2
495,430,3,2
495,431,3,2
495,432,3,2
495,433,3,2
495,434,3,3
495,435,3,3
495,436,3,3
495,437,3,3
495,438,3,3
495,439,3,3
495,440,3,3
495,441,3,3
495,442,3,3
495,443,3,3
495,444,3,3
495,445,3,3
495,446,3,3
495,447,3,3
495,448,3,3
495,449,3,3
495,450,3,3
495,451,3,3
495,452,3,3
495,453,3,3
495,454,3,3
495,455,3,3
495,456,3,2
495,457,3,2
495,458,3,2
495,459,3,2
495,460,3,2
495,461,3,2
495,462,3,2
495,463,3,2
495,464,3,2
495,465,3,2
495,466,3,2
495,467,3,2
495,468,3,2
495,469,3,2
495,470,3,2
495,471,3,2
495,472,3,2
495,473,3,2
495,474,3,2
495,475,3,2
495,476,3,2
495,477,3,2
495,478,3,2
495,479,3,2
495,480,3,2
495,481,3,2
495,482,3,2
495,483,3,2
495,484,3,2
495,485,3,2
495,486,3,2
495,487,3,2
495,488,3,2
495,489,3,2
495,490,3,2
495,491,3,2
495,492,3,2
495,493,3,2
495,494,3,2
495,495,3,2
495,496,3,2
495,497,3,2
495,498,3,2
495,499,3,2
495,500,3,2
495,501,3,2
495,502,3,2
495,503,3,2
495,504,3,2
495,505,3,2
495,506,3,2
495,507,3,2
495,508,3,2
495,509,3,2
495,510,3,2
495,511,3,2
495,512,3,2
495,513,3,2
495,514,3,2
495,515,3,2
495,516,3,2
495,517,3,2
495,518,3,2
495,519,3,2
495,520,3,2
495,521,3,2
495,522,3,2
495,523,3,2
495,524,3,2
495,525,3,2
495,526,3,2
495,527,3,2
495,528,3,2
495,529,3,2
495,530,3,2
495,531,3,2
495,532,3,2
495,533,3,2
495,534,3,2
495,535,3,2
495,536,3,2
495,537,3,2
495,538,3,2
495,539,3,2
495,540,3,2
495,541,3,2
495,542,3,2
495,543,3,2
495,544,3,2
495,545,3,2
495,546,3,2
495,547,3,2
495,548,3,2
495,549,3,2
495,550,3,2
495,551,3,2
495,552,3,2
495,553,3,2
495,554,3,2
495,555,3,2
495,556,3,2
495,557,3,2
495,558,3,2
495,559,3,2
495,560,3,2
495,561,3,2
495,562,3,2
495,563,3,2
495,564,3,2
495,565,3,2
495,566,3,2
495,567,3,2
495,568,3,2
495,569,3,2
495,570,3,2
495,571,3,2
495,572,3,2
495,573,3,2
495,574,3,2
495,575,3,2
495,576,3,2
495,577,3,2
495,578,3,2
495,579,3,2
495,580,3,2
495,581,3,2
495,582,3,2
495,583,3,2
495,584,3,2
495,585,3,2
495,586,3,2
495,587,3,2
495,588,3,2
495,589,3,2
495,590,3,2
495,591,3,2
495,592,3,2
495,593,3,2
495,594,3,2
495,595,3,2
495,596,3,2
495,597,3,2
495,598,3,2
495,599,3,2
495,600,3,2
495,601,3,2
495,602,3,2
495,603,3,2
495,604,3,2
495,605,3,2
495,606,3,2
495,607,3,2
495,608,3,2
495,609,3,2
495,610,3,2
495,611,3,2
495,612,3,2
495,613,3,2
495,614,3,2
495,615,3,2
495,616,3,2
495,617,3,2
495,618,3,2
495,619,3,2
495,620,3,2
495,621,3,2
495,622,3,2
495,623,3,2
495,624,3,2
495,625,3,2
495,626,3,2
495,627,3,2
495,628,3,2
495,629,3,2
495,630,3,2
495,631,3,2
495,632,3,2
495,633,3,2
495,634,3,2
495,635,3,2
495,636,3,2
495,637,3,2
495,638,3,2
495,639,3,2
495,640,3,2
495,641,3,2
495,642,3,2
495,643,3,2
495,644,3,2
495,645,3,2
495,646,3,2
495,647,3,2
495,648,3,2
495,649,3,2
495,650,3,2
495,651,3,2
495,652,3,2
495,653,3,2
495,654,3,2
495,655,3,2
495,656,3,2
495,657,3,2
495,658,3,2
495,659,3,2
495,660,3,2
495,661,3,2
495,662,3,2
495,663,3,2
496,79,3,2
496,80,3,2
496,81,3,3
496,82,3,3
496,83,3,3
496,84,3,3
496,85,3,2
496,86,3,2
496,87,3,2
496,88,3,2
496,89,3,2
496,90,3,2
496,91,3,2
496,92,3,2
496,93,3,2
496,94,3,2
496,95,3,2
496,96,3,2
496,97,3,2
496,98,3,2
496,99,3,2
496,100,3,2
496,101,3,2
496,102,3,2
496,103,3,2
496,104,3,2
496,105,3,2
496,106,3,2
496,107,3,2
496,108,3,2
496,109,3,2
496,110,3,2
496,111,3,2
496,112,3,2
496,113,3,2
496,114,3,2
496,115,3,2
496,116,3,2
496,117,3,2
496,118,3,2
496,119,3,2
496,120,3,2
496,121,3,2
496,122,3,2
496,123,3,2
496,124,3,2
496,125,3,2
496,126,3,2
496,127,3,2
496,128,3,2
496,129,3,2
496,130,3,2
496,131,3,2
496,132,3,2
496,133,3,2
496,134,3,2
496,135,3,2
496,136,3,2
496,137,3,2
496,138,3,2
496,139,3,2
496,140,3,2
496,141,3,2
496,142,3,2
496,143,3,2
496,144,3,2
496,145,3,2
496,146,3,2
496,147,3,2
496,148,3,2
496,149,3,2
496,150,3,2
496,151,3,2
496,152,3,2
496,153,3,2
496,154,3,2
496,155,3,2
496,156,3,2
496,157,3,2
496,158,3,2
496,159,3,2
496,160,3,2
496,161,3,2
496,162,3,2
496,163,3,2
496,164,3,2
496,165,3,2
496,166,3,2
496,167,3,2
496,168,3,2
496,169,3,2
496,170,3,2
496,171,3,2
496,172,3,2
496,173,3,2
496,174,3,2
496,175,3,2
496,176,3,2
496,177,3,2
496,178,3,2
496,179,3,2
496,180,3,2
496,181,3,2
496,182,3,2
496,183,3,2
496,184,3,2
496,185,3,2
496,186,3,2
496,187,3,2
496,188,3,2
496,189,3,2
496,190,3,2
496,191,3,2
496,192,3,2
496,193,3,2
496,194,3,2
496,195,3,2
496,196,3,2
496,197,3,2
496,198,3,2
496,199,3,2
496,200,3,2
496,201,3,2
496,202,3,2
496,203,3,2
496,204,3,2
496,205,3,2
496,206,3,2
496,207,3,2
496,208,3,2
496,209,3,2
496,210,3,2
496,211,3,2
496,212,3,2
496,213,3,2
496,214,3,2
496,215,3,2
496,216,3,2
496,217,3,2
496,218,3,2
496,219,3,2
496,220,3,2
496,221,3,2
496,222,3,2
496,223,3,2
496,224,3,2
496,225,3,2
496,226,3,2
496,227,3,2
496,228,3,2
496,229,3,2
496,230,3,2
496,231,3,2
496,232,3,2
496,233,3,2
496,234,3,2
496,235,3,2
496,236,3,2
496,237,3,2
496,238,3,2
496,239,3,2
496,240,3,2
496,241,3,2
496,242,3,2
496,243,3,2
496,244,3,2
496,245,3,2
496,246,3,2
496,247,3,2
496,248,3,2
496,249,3,2
496,250,3,2
496,251,3,2
496,252,3,2
496,253,3,2
496,254,3,2
496,255,3,2
496,256,3,2
496,257,3,2
496,258,3,2
496,259,3,2
496,260,3,2
496,261,3,2
496,262,3,2
496,263,3,2
496,264,3,2
496,265,3,2
496,266,3,2
496,267,3,2
496,268,3,2
496,269,3,2
496,270,3,2
496,271,3,2
496,272,3,2
496,273,3,2
496,274,3,2
496,275,3,2
496,276,3,2
496,277,3,2
496,278,3,2
496,279,3,2
496,280,3,2
496,281,3,2
496,282,3,2
496,283,3,2
496,284,3,2
496,285,3,2
496,286,3,2
496,287,3,2
496,288,3,2
496,289,3,2
496,290,3,2
496,291,3,2
496,292,3,2
496,293,3,2
496,294,3,2
496,295,3,2
496,296,3,2
496,297,3,2
496,298,3,2
496,299,3,2
496,300,3,2
496,301,3,2
496,302,3,2
496,303,3,2
496,304,3,2
496,305,3,2
496,306,3,2
496,307,3,2
496,308,3,2
496,309,3,2
496,310,3,2
496,311,3,2
496,312,3,2
496,313,3,2
496,314,3,2
496,315,3,2
496,316,3,2
496,317,3,2
496,318,3,2
496,319,3,2
496,320,3,2
496,321,3,2
496,322,3,2
496,323,3,2
496,324,3,2
496,325,3,2
496,326,3,2
496,327,3,2
496,328,3,2
496,329,3,2
496,330,3,2
496,331,3,2
496,332,3,2
496,333,3,2
496,334,3,2
496,335,3,2
496,336,3,2
496,337,3,2
496,338,3,2
496,339,3,2
496,340,3,2
496,341,3,2
496,342,3,2
496,343,3,2
496,344,3,2
496,345,3,2
496,346,3,2
496,347,3,2
496,348,3,2
496,349,3,2
496,350,3,2
496,351,3,2
496,352,3,2
496,353,3,2
496,354,3,2
496,355,3,2
496,356,3,2
496,357,3,2
496,358,3,2
496,359,3,2
496,360,3,2
496,361,3,2
496,362,3,2
496,363,3,2
496,364,3,2
496,365,3,2
496,366,3,2
496,367,3,2
496,368,3,2
496,369,3,2
496,370,3,2
496,371,3,2
496,372,3,2
496,373,3,2
496,374,3,2
496,375,3,2
496,376,3,2
496,377,3,2
496,378,3,2
496,379,3,2
496,380,3,2
496,381,3,2
496,382,3,2
496,383,3,2
496,384,3,2
496,385,3,2
496,386,3,2
496,387,3,2
496,388,3,2
496,389,3,2
496,390,3,2
496,391,3,2
496,392,3,2
496,393,3,2
496,394,3,2
496,395,3,2
496,396,3,2
496,397,3,2
496,398,3,2
496,399,3,2
496,400,3,2
496,401,3,2
496,402,3,2
496,403,3,2
496,404,3,2
496,405,3,2
496,406,3,2
496,407,3,2
496,408,3,2
496,409,3,2
496,410,3,2
496,411,3,2
496,412,3,2
496,413,3,2
496,414,3,2
496,415,3,2
496,416,3,2
496,417,3,2
496,418,3,2
496,419,3,2
496,420,3,2
496,421,3,2
496,422,3,2
496,423,3,2
496,424,3,2
496,425,3,2
496,426,3,2
496,427,3,2
496,428,3,2
496,429,3,2
496,430,3,2
496,431,3,2
496,432,3,2
496,433,3,3
496,434,3,3
496,435,3,3
496,436,3,3
496,437,3,3
496,438,3,3
496,439,3,3
496,440,3,3
496,441,3,3
496,442,3,3
496,443,3,3
496,444,3,3
496,445,3,3
496,446,3,3
496,447,3,3
496,448,3,3
496,449,3,3
496,450,3,3
496,451,3,3
496,452,3,3
496,453,3,3
496,454,3,3
496,455,3,3
496,456,3,3
496,457,3,2
496,458,3,2
496,459,3,2
496,460,3,2
496,461,3,2
496,462,3,2
496,463,3,2
496,464,3,2
496,465,3,2
496,466,3,2
496,467,3,2
496,468,3,2
496,469,3,2
496,470,3,2
496,471,3,2
496,472,3,2
496,473,3,2
496,474,3,2
496,475,3,2
496,476,3,2
496,477,3,2
496,478,3,2
496,479,3,2
496,480,3,2
496,481,3,2
496,482,3,2
496,483,3,2
496,484,3,2
496,485,3,2
496,486,3,2
496,487,3,2
496,488,3,2
496,489,3,2
496,490,3,2
496,491,3,2
496,492,3,2
496,493,3,2
496,494,3,2
496,495,3,2
496,496,3,2
496,497,3,2
496,498,3,2
496,499,3,2
496,500,3,2
496,501,3,2
496,502,3,2
496,503,3,2
496,504,3,2
496,505,3,2
496,506,3,2
496,507,3,2
496,508,3,2
496,509,3,2
496,510,3,2
496,511,3,2
496,512,3,2
496,513,3,2
496,514,3,2
496,515,3,2
496,516,3,2
496,517,3,2
496,518,3,2
496,519,3,2
496,520,3,2
496,521,3,2
496,522,3,2
496,523,3,2
496,524,3,2
496,525,3,2
496,526,3,2
496,527,3,2
496,528,3,2
496,529,3,2
496,530,3,2
496,531,3,2
496,532,3,2
496,533,3,2
496,534,3,2
496,535,3,2
496,536,3,2
496,537,3,2
496,538,3,2
496,539,3,2
496,540,3,2
496,541,3,2
496,542,3,2
496,543,3,2
496,544,3,2
496,545,3,2
496,546,3,2
496,547,3,2
496,548,3,2
496,549,3,2
496,550,3,2
496,551,3,2
496,552,3,2
496,553,3,2
496,554,3,2
496,555,3,2
496,556,3,2
496,557,3,2
496,558,3,2
496,559,3,2
496,560,3,2
496,561,3,2
496,562,3,2
496,563,3,2
496,564,3,2
496,565,3,2
496,566,3,2
496,567,3,2
496,568,3,2
496,569,3,2
496,570,3,2
496,571,3,2
496,572,3,2
496,573,3,2
496,574,3,2
496,575,3,2
496,576,3,2
496,577,3,2
496,578,3,2
496,579,3,2
496,580,3,2
496,581,3,2
496,582,3,2
496,583,3,2
496,584,3,2
496,585,3,2
496,586,3,2
496,587,3,2
496,588,3,2
496,589,3,2
496,590,3,2
496,591,3,2
496,592,3,2
496,593,3,2
496,594,3,2
496,595,3,2
496,596,3,2
496,597,3,2
496,598,3,2
496,599,3,2
496,600,3,2
496,601,3,2
496,602,3,2
496,603,3,2
496,604,3,2
496,605,3,2
496,606,3,2
496,607,3,2
496,608,3,2
496,609,3,2
496,610,3,2
496,611,3,2
496,612,3,2
496,613,3,2
496,614,3,2
496,615,3,2
496,616,3,2
496,617,3,2
496,618,3,2
496,619,3,2
496,620,3,2
496,621,3,2
496,622,3,2
496,623,3,2
496,624,3,2
496,625,3,2
496,626,3,2
496,627,3,2
496,628,3,2
496,629,3,2
496,630,3,2
496,631,3,2
496,632,3,2
496,633,3,2
496,634,3,2
496,635,3,2
496,636,3,2
496,637,3,2
496,638,3,2
496,639,3,2
496,640,3,2
496,641,3,2
496,642,3,2
496,643,3,2
496,644,3,2
496,645,3,2
496,646,3,2
496,647,3,2
496,648,3,2
496,649,3,2
496,650,3,2
496,651,3,2
496,652,3,2
496,653,3,2
496,654,3,2
496,655,3,2
496,656,3,2
496,657,3,2
496,658,3,2
496,659,3,2
496,660,3,2
496,661,3,2
496,662,3,2
497,79,3,2
497,80,3,2
497,81,3,3
497,82,3,3
497,83,3,3
497,84,3,3
497,85,3,2
497,86,3,2
497,87,3,2
497,88,3,2
497,89,3,2
497,90,3,2
497,91,3,2
497,92,3,2
497,93,3,2
497,94,3,2
497,95,3,2
497,96,3,2
497,97,3,2
497,98,3,2
497,99,3,2
497,100,3,2
497,101,3,2
497,102,3,2
497,103,3,2
497,104,3,2
497,105,3,2
497,106,3,2
497,107,3,2
497,108,3,2
497,109,3,2
497,110,3,2
497,111,3,2
497,112,3,2
497,113,3,2
497,114,3,2
497,115,3,2
497,116,3,2
497,117,3,2
497,118,3,2
497,119,3,2
497,120,3,2
497,121,3,2
497,122,3,2
497,123,3,2
497,124,3,2
497,125,3,2
497,126,3,2
497,127,3,2
497,128,3,2
497,129,3,2
497,130,3,2
497,131,3,2
497,132,3,2
497,133,3,2
497,134,3,2
497,135,3,2
497,136,3,2
497,137,3,2
497,138,3,2
497,139,3,2
497,140,3,2
497,141,3,2
497,142,3,2
497,143,3,2
497,144,3,2
497,145,3,2
497,146,3,2
497,147,3,2
497,148,3,2
497,149,3,2
497,150,3,2
497,151,3,2
497,152,3,2
497,153,3,2
497,154,3,2
497,155,3,2
497,156,3,2
497,157,3,2
497,158,3,2
497,159,3,2
497,160,3,2
497,161,3,2
497,162,3,2
497,163,3,2
497,164,3,2
497,165,3,2
497,166,3,2
497,167,3,2
497,168,3,2
497,169,3,2
497,170,3,2
497,171,3,2
497,172,3,2
497,173,3,2
497,174,3,2
497,175,3,2
497,176,3,2
497,177,3,2
497,178,3,2
497,179,3,2
497,180,3,2
497,181,3,2
497,182,3,2
497,183,3,2
497,184,3,2
497,185,3,2
497,186,3,2
497,187,3,2
497,188,3,2
497,189,3,2
497,190,3,2
497,191,3,2
497,192,3,2
497,193,3,2
497,194,3,2
497,195,3,2
497,196,3,2
497,197,3,2
497,198,3,2
497,199,3,2
497,200,3,2
497,201,3,2
497,202,3,2
497,203,3,2
497,204,3,2
497,205,3,2
497,206,3,2
497,207,3,2
497,208,3,2
497,209,3,2
497,210,3,2
497,211,3,2
497,212,3,2
497,213,3,2
497,214,3,2
497,215,3,2
497,216,3,2
497,217,3,2
497,218,3,2
497,219,3,2
497,220,3,2
497,221,3,2
497,222,3,2
497,223,3,2
497,224,3,2
497,225,3,2
497,226,3,2
497,227,3,2
497,228,3,2
497,229,3,2
497,230,3,2
497,231,3,2
497,232,3,2
497,233,3,2
497,234,3,2
497,235,3,2
497,236,3,2
497,237,3,2
497,238,3,2
497,239,3,2
497,240,3,2
497,241,3,2
497,242,3,2
497,243,3,2
497,244,3,2
497,245,3,2
497,246,3,2
497,247,3,2
497,248,3,2
497,249,3,2
497,250,3,2
497,251,3,2
497,252,3,2
497,253,3,2
497,254,3,2
497,255,3,2
497,256,3,2
497,257,3,2
497,258,3,2
497,259,3,2
497,260,3,2
497,261,3,2
497,262,3,2
497,263,3,2
497,264,3,2
497,265,3,2
497,266,3,2
497,267,3,2
497,268,3,2
497,269,3,2
497,270,3,2
497,271,3,2
497,272,3,2
497,273,3,2
497,274,3,2
497,275,3,2
497,276,3,2
497,277,3,2
497,278,3,2
497,279,3,2
497,280,3,2
497,281,3,2
497,282,3,2
497,283,3,2
497,284,3,2
497,285,3,2
497,286,3,2
497,287,3,2
497,288,3,2
497,289,3,2
497,290,3,2
497,291,3,2
497,292,3,2
497,293,3,2
497,294,3,2
497,295,3,2
497,296,3,2
497,297,3,2
497,298,3,2
497,299,3,2
497,300,3,2
497,301,3,2
497,302,3,2
497,303,3,2
497,304,3,2
497,305,3,2
497,306,3,2
497,307,3,2
497,308,3,2
497,309,3,2
497,310,3,2
497,311,3,2
497,312,3,2
497,313,3,2
497,314,3,2
497,315,3,2
497,316,3,2
497,317,3,2
497,318,3,2
497,319,3,2
497,320,3,2
497,321,3,2
497,322,3,2
497,323,3,2
497,324,3,2
497,325,3,2
497,326,3,2
497,327,3,2
497,328,3,2
497,329,3,2
497,330,3,2
497,331,3,2
497,332,3,2
497,333,3,2
497,334,3,2
497,335,3,2
497,336,3,2
497,337,3,2
497,338,3,2
497,339,3,2
497,340,3,2
497,341,3,2
497,342,3,2
497,343,3,2
497,344,3,2
497,345,3,2
497,346,3,2
497,347,3,2
497,348,3,2
497,349,3,2
497,350,3,2
497,351,3,2
497,352,3,2
497,353,3,2
497,354,3,2
497,355,3,2
497,356,3,2
497,357,3,2
497,358,3,2
497,359,3,2
497,360,3,2
497,361,3,2
497,362,3,2
497,363,3,2
497,364,3,2
497,365,3,2
497,366,3,2
497,367,3,2
497,368,3,2
497,369,3,2
497,370,3,2
497,371,3,2
497,372,3,2
497,373,3,2
497,374,3,2
497,375,3,2
497,376,3,2
497,377,3,2
497,378,3,2
497,379,3,2
497,380,3,2
497,381,3,2
497,382,3,2
497,383,3,2
497,384,3,2
497,385,3,2
497,386,3,2
497,387,3,2
497,388,3,2
497,389,3,2
497,390,3,2
497,391,3,2
497,392,3,2
497,393,3,2
497,394,3,2
497,395,3,2
497,396,3,2
497,397,3,2
497,398,3,2
497,399,3,2
497,400,3,2
497,401,3,2
497,402,3,2
497,403,3,2
497,404,3,2
497,405,3,2
497,406,3,2
497,407,3,2
497,408,3,2
497,409,3,2
497,410,3,2
497,411,3,2
497,412,3,2
497,413,3,2
497,414,3,2
497,415,3,2
497,416,3,2
497,417,3,2
497,418,3,2
497,419,3,2
497,420,3,2
497,421,3,2
497,422,3,2
497,423,3,2
497,424,3,2
497,425,3,2
497,426,3,2
497,427,3,2
497,428,3,2
497,429,3,2
497,430,3,2
497,431,3,2
497,432,3,3
497,433,3,3
497,434,3,3
497,435,3,3
497,436,3,3
497,437,3,3
497,438,3,3
497,439,3,3
497,440,3,3
497,441,3,3
497,442,3,3
497,443,3,3
497,444,3,3
497,445,3,3
497,446,3,3
497,447,3,3
497,448,3,3
497,449,3,3
497,450,3,3
497,451,3,3
497,452,3,3
497,453,3,3
497,454,3,3
497,455,3,3
497,456,3,3
497,457,3,3
497,458,3,3
497,459,3,2
497,460,3,2
497,461,3,2
497,462,3,2
497,463,3,2
497,464,3,2
497,465,3,2
497,466,3,2
497,467,3,2
497,468,3,2
497,469,3,2
497,470,3,2
497,471,3,2
497,472,3,2
497,473,3,2
497,474,3,2
497,475,3,2
497,476,3,2
497,477,3,2
497,478,3,2
497,479,3,2
497,480,3,2
497,481,3,2
497,482,3,2
497,483,3,2
497,484,3,2
497,485,3,2
497,486,3,2
497,487,3,2
497,488,3,2
497,489,3,2
497,490,3,2
497,491,3,2
497,492,3,2
497,493,3,2
497,494,3,2
497,495,3,2
497,496,3,2
497,497,3,2
497,498,3,2
497,499,3,2
497,500,3,2
497,501,3,2
497,502,3,2
497,503,3,2
497,504,3,2
497,505,3,2
497,506,3,2
497,507,3,2
497,508,3,2
497,509,3,2
497,510,3,2
497,511,3,2
497,512,3,2
497,513,3,2
497,514,3,2
497,515,3,2
497,516,3,2
497,517,3,2
497,518,3,2
497,519,3,2
497,520,3,2
497,521,3,2
497,522,3,2
497,523,3,2
497,524,3,2
497,525,3,2
497,526,3,2
497,527,3,2
497,528,3,2
497,529,3,2
497,530,3,2
497,531,3,2
497,532,3,2
497,533,3,2
497,534,3,2
497,535,3,2
497,536,3,2
497,537,3,2
497,538,3,2
497,539,3,2
497,540,3,2
497,541,3,2
497,542,3,2
497,543,3,2
497,544,3,2
497,545,3,2
497,546,3,2
497,547,3,2
497,548,3,2
497,549,3,2
497,550,3,2
497,551,3,2
497,552,3,2
497,553,3,2
497,554,3,2
497,555,3,2
497,556,3,2
497,557,3,2
497,558,3,2
497,559,3,2
497,560,3,2
497,561,3,2
497,562,3,2
497,563,3,2
497,564,3,2
497,565,3,2
497,566,3,2
497,567,3,2
497,568,3,2
497,569,3,2
497,570,3,2
497,571,3,2
497,572,3,2
497,573,3,2
497,574,3,2
497,575,3,2
497,576,3,2
497,577,3,2
497,578,3,2
497,579,3,2
497,580,3,2
497,581,3,2
497,582,3,2
497,583,3,2
497,584,3,2
497,585,3,2
497,586,3,2
497,587,3,2
497,588,3,2
497,589,3,2
497,590,3,2
497,591,3,2
497,592,3,2
497,593,3,2
497,594,3,2
497,595,3,2
497,596,3,2
497,597,3,2
497,598,3,2
497,599,3,2
497,600,3,2
497,601,3,2
497,602,3,2
497,603,3,2
497,604,3,2
497,605,3,2
497,606,3,2
497,607,3,2
497,608,3,2
497,609,3,2
497,610,3,2
497,611,3,2
497,612,3,2
497,613,3,2
497,614,3,2
497,615,3,2
497,616,3,2
497,617,3,2
497,618,3,2
497,619,3,2
497,620,3,2
497,621,3,2
497,622,3,2
497,623,3,2
497,624,3,2
497,625,3,2
497,626,3,2
497,627,3,2
497,628,3,2
497,629,3,2
497,630,3,2
497,631,3,2
497,632,3,2
497,633,3,2
497,634,3,2
497,635,3,2
497,636,3,2
497,637,3,2
497,638,3,2
497,639,3,2
497,640,3,2
497,641,3,2
497,642,3,2
497,643,3,2
497,644,3,2
497,645,3,2
497,646,3,2
497,647,3,2
497,648,3,2
497,649,3,2
497,650,3,2
497,651,3,2
497,652,3,2
497,653,3,2
497,654,3,2
497,655,3,2
497,656,3,2
497,657,3,2
497,658,3,2
497,659,3,2
497,660,3,2
497,661,3,2
497,662,3,2
498,78,3,2
498,79,3,2
498,80,3,2
498,81,3,3
498,82,3,3
498,83,3,3
498,84,3,2
498,85,3,2
498,86,3,2
498,87,3,2
498,88,3,2
498,89,3,2
498,90,3,2
498,91,3,2
498,92,3,2
498,93,3,2
498,94,3,2
498,95,3,2
498,96,3,2
498,97,3,2
498,98,3,2
498,99,3,2
498,100,3,2
498,101,3,2
498,102,3,2
498,103,3,2
498,104,3,2
498,105,3,2
498,106,3,2
498,107,3,2
498,108,3,2
498,109,3,2
498,110,3,2
498,111,3,2
498,112,3,2
498,113,3,2
498,114,3,2
498,115,3,2
498,116,3,2
498,117,3,2
498,118,3,2
498,119,3,2
498,120,3,2
498,121,3,2
498,122,3,2
498,123,3,2
498,124,3,2
498,125,3,2
498,126,3,2
498,127,3,2
498,128,3,2
498,129,3,2
498,130,3,2
498,131,3,2
498,132,3,2
498,133,3,2
498,134,3,2
498,135,3,2
498,136,3,2
498,137,3,2
498,138,3,2
498,139,3,2
498,140,3,2
498,141,3,2
498,142,3,2
498,143,3,2
498,144,3,2
498,145,3,2
498,146,3,2
498,147,3,2
498,148,3,2
498,149,3,2
498,150,3,2
498,151,3,2
498,152,3,2
498,153,3,2
498,154,3,2
498,155,3,2
498,156,3,2
498,157,3,2
498,158,3,2
498,159,3,2
498,160,3,2
498,161,3,2
498,162,3,2
498,163,3,2
498,164,3,2
498,165,3,2
498,166,3,2
498,167,3,2
498,168,3,2
498,169,3,2
498,170,3,2
498,171,3,2
498,172,3,2
498,173,3,2
498,174,3,2
498,175,3,2
498,176,3,2
498,177,3,2
498,178,3,2
498,179,3,2
498,180,3,2
498,181,3,2
498,182,3,2
498,183,3,2
498,184,3,2
498,185,3,2
498,186,3,2
498,187,3,2
498,188,3,2
498,189,3,2
498,190,3,2
498,191,3,2
498,192,3,2
498,193,3,2
498,194,3,2
498,195,3,2
498,196,3,2
498,197,3,2
498,198,3,2
498,199,3,2
498,200,3,2
498,201,3,2
498,202,3,2
498,203,3,2
498,204,3,2
498,205,3,2
498,206,3,2
498,207,3,2
498,208,3,2
498,209,3,2
498,210,3,2
498,211,3,2
498,212,3,2
498,213,3,2
498,214,3,2
498,215,3,2
498,216,3,2
498,217,3,2
498,218,3,2
498,219,3,2
498,220,3,2
498,221,3,2
498,222,3,2
498,223,3,2
498,224,3,2
498,225,3,2
498,226,3,2
498,227,3,2
498,228,3,2
498,229,3,2
498,230,3,2
498,231,3,2
498,232,3,2
498,233,3,2
498,234,3,2
498,235,3,2
498,236,3,2
498,237,3,2
498,238,3,2
498,239,3,2
498,240,3,2
498,241,3,2
498,242,3,2
498,243,3,2
498,244,3,2
498,245,3,2
498,246,3,2
498,247,3,2
498,248,3,2
498,249,3,2
498,250,3,2
498,251,3,2
498,252,3,2
498,253,3,2
498,254,3,2
498,255,3,2
498,256,3,2
498,257,3,2
498,258,3,2
498,259,3,2
498,260,3,2
498,261,3,2
498,262,3,2
498,263,3,2
498,264,3,2
498,265,3,2
498,266,3,2
498,267,3,2
498,268,3,2
498,269,3,2
498,270,3,2
498,271,3,2
498,272,3,2
498,273,3,2
498,274,3,2
498,275,3,2
498,276,3,2
498,277,3,2
498,278,3,2
498,279,3,2
498,280,3,2
498,281,3,2
498,282,3,2
498,283,3,2
498,284,3,2
498,285,3,2
498,286,3,2
498,287,3,2
498,288,3,2
498,289,3,2
498,290,3,2
498,291,3,2
498,292,3,2
498,293,3,2
498,294,3,2
498,295,3,2
498,296,3,2
498,297,3,2
498,298,3,2
498,299,3,2
498,300,3,2
498,301,3,2
498,302,3,2
498,303,3,2
498,304,3,2
498,305,3,2
498,306,3,2
498,307,3,2
498,308,3,2
498,309,3,2
498,310,3,2
498,311,3,2
498,312,3,2
498,313,3,2
498,314,3,2
498,315,3,2
498,316,3,2
498,317,3,2
498,318,3,2
498,319,3,2
498,320,3,2
498,321,3,2
498,322,3,2
498,323,3,2
498,324,3,2
498,325,3,2
498,326,3,2
498,327,3,2
498,328,3,2
498,329,3,2
498,330,3,2
498,331,3,2
498,332,3,2
498,333,3,2
498,334,3,2
498,335,3,2
498,336,3,2
498,337,3,2
498,338,3,2
498,339,3,2
498,340,3,2
498,341,3,2
498,342,3,2
498,343,3,2
498,344,3,2
498,345,3,2
498,346,3,2
498,347,3,2
498,348,3,2
498,349,3,2
498,350,3,2
498,351,3,2
498,352,3,2
498,353,3,2
498,354,3,2
498,355,3,2
498,356,3,2
498,357,3,2
498,358,3,2
498,359,3,2
498,360,3,2
498,361,3,2
498,362,3,2
498,363,3,2
498,364,3,2
498,365,3,2
498,366,3,2
498,367,3,2
498,368,3,2
498,369,3,2
498,370,3,2
498,371,3,2
498,372,3,2
498,373,3,2
498,374,3,2
498,375,3,2
498,376,3,2
498,377,3,2
498,378,3,2
498,379,3,2
498,380,3,2
498,381,3,2
498,382,3,2
498,383,3,2
498,384,3,2
498,385,3,2
498,386,3,2
498,387,3,2
498,388,3,2
498,389,3,2
498,390,3,2
498,391,3,2
498,392,3,2
498,393,3,2
498,394,3,2
498,395,3,2
498,396,3,2
498,397,3,2
498,398,3,2
498,399,3,2
498,400,3,2
498,401,3,2
498,402,3,2
498,403,3,2
498,404,3,2
498,405,3,2
498,406,3,2
498,407,3,2
498,408,3,2
498,409,3,2
498,410,3,2
498,411,3,2
498,412,3,2
498,413,3,2
498,414,3,2
498,415,3,2
498,416,3,2
498,417,3,2
498,418,3,2
498,419,3,2
498,420,3,2
498,421,3,2
498,422,3,2
498,423,3,2
498,424,3,2
498,425,3,2
498,426,3,2
498,427,3,2
498,428,3,2
498,429,3,3
498,430,3,3
498,431,3,3
498,432,3,3
498,433,3,3
498,434,3,3
498,435,3,3
498,436,3,3
498,437,3,3
498,438,3,3
498,439,3,3
498,440,3,3
498,441,3,3
498,442,3,3
498,443,3,3
498,444,3,3
498,445,3,3
498,446,3,3
498,447,3,3
498,448,3,3
498,449,3,3
498,450,3,3
498,451,3,3
498,452,3,3
498,453,3,3
498,454,3,3
498,455,3,3
498,456,3,3
498,457,3,3
498,458,3,3
498,459,3,3
498,460,3,3
498,461,3,2
498,462,3,2
498,463,3,2
498,464,3,2
498,465,3,2
498,466,3,2
498,467,3,2
498,468,3,2
498,469,3,2
498,470,3,2
498,471,3,2
498,472,3,2
498,473,3,2
498,474,3,2
498,475,3,2
498,476,3,2
498,477,3,2
498,478,3,2
498,479,3,2
498,480,3,2
498,481,3,2
498,482,3,2
498,483,3,2
498,484,3,2
498,485,3,2
498,486,3,2
498,487,3,2
498,488,3,2
498,489,3,2
498,490,3,2
498,491,3,2
498,492,3,2
498,493,3,2
498,494,3,2
498,495,3,2
498,496,3,2
498,497,3,2
498,498,3,2
498,499,3,2
498,500,3,2
498,501,3,2
498,502,3,2
498,503,3,2
498,504,3,2
498,505,3,2
498,506,3,2
498,507,3,2
498,508,3,2
498,509,3,2
498,510,3,2
498,511,3,2
498,512,3,2
498,513,3,2
498,514,3,2
498,515,3,2
498,516,3,2
498,517,3,2
498,518,3,2
498,519,3,2
498,520,3,2
498,521,3,2
498,522,3,2
498,523,3,2
498,524,3,2
498,525,3,2
498,526,3,2
498,527,3,2
498,528,3,2
498,529,3,2
498,530,3,2
498,531,3,2
498,532,3,2
498,533,3,2
498,534,3,2
498,535,3,2
498,536,3,2
498,537,3,2
498,538,3,2
498,539,3,2
498,540,3,2
498,541,3,2
498,542,3,2
498,543,3,2
498,544,3,2
498,545,3,2
498,546,3,2
498,547,3,2
498,548,3,2
498,549,3,2
498,550,3,2
498,551,3,2
498,552,3,2
498,553,3,2
498,554,3,2
498,555,3,2
498,556,3,2
498,557,3,2
498,558,3,2
498,559,3,2
498,560,3,2
498,561,3,2
498,562,3,2
498,563,3,2
498,564,3,2
498,565,3,2
498,566,3,2
498,567,3,2
498,568,3,2
498,569,3,2
498,570,3,2
498,571,3,2
498,572,3,2
498,573,3,2
498,574,3,2
498,575,3,2
498,576,3,2
498,577,3,2
498,578,3,2
498,579,3,2
498,580,3,2
498,581,3,2
498,582,3,2
498,583,3,2
498,584,3,2
498,585,3,2
498,586,3,2
498,587,3,2
498,588,3,2
498,589,3,2
498,590,3,2
498,591,3,2
498,592,3,2
498,593,3,2
498,594,3,2
498,595,3,2
498,596,3,2
498,597,3,2
498,598,3,2
498,599,3,2
498,600,3,2
498,601,3,2
498,602,3,2
498,603,3,2
498,604,3,2
498,605,3,2
498,606,3,2
498,607,3,2
498,608,3,2
498,609,3,2
498,610,3,2
498,611,3,2
498,612,3,2
498,613,3,2
498,614,3,2
498,615,3,2
498,616,3,2
498,617,3,2
498,618,3,2
498,619,3,2
498,620,3,2
498,621,3,2
498,622,3,2
498,623,3,2
498,624,3,2
498,625,3,2
498,626,3,2
498,627,3,2
498,628,3,2
498,629,3,2
498,630,3,2
498,631,3,2
498,632,3,2
498,633,3,2
498,634,3,2
498,635,3,2
498,636,3,2
498,637,3,2
498,638,3,2
498,639,3,2
498,640,3,2
498,641,3,2
498,642,3,2
498,643,3,2
498,644,3,2
498,645,3,2
498,646,3,2
498,647,3,2
498,648,3,2
498,649,3,2
498,650,3,2
498,651,3,2
498,652,3,2
498,653,3,2
498,654,3,2
498,655,3,2
498,656,3,2
498,657,3,2
498,658,3,2
498,659,3,2
498,660,3,2
498,661,3,2
498,662,3,2
499,78,3,2
499,79,3,2
499,80,3,2
499,81,3,2
499,82,3,3
499,83,3,2
499,84,3,2
499,85,3,2
499,86,3,2
499,87,3,2
499,88,3,2
499,89,3,2
499,90,3,2
499,91,3,2
499,92,3,2
499,93,3,2
499,94,3,2
499,95,3,2
499,96,3,2
499,97,3,2
499,98,3,2
499,99,3,2
499,100,3,2
499,101,3,2
499,102,3,2
499,103,3,2
499,104,3,2
499,105,3,2
499,106,3,2
499,107,3,2
499,108,3,2
499,109,3,2
499,110,3,2
499,111,3,2
499,112,3,2
499,113,3,2
499,114,3,2
499,115,3,2
499,116,3,2
499,117,3,2
499,118,3,2
499,119,3,2
499,120,3,2
499,121,3,2
499,122,3,2
499,123,3,2
499,124,3,2
499,125,3,2
499,126,3,2
499,127,3,2
499,128,3,2
499,129,3,2
499,130,3,2
499,131,3,2
499,132,3,2
499,133,3,2
499,134,3,2
499,135,3,2
499,136,3,2
499,137,3,2
499,138,3,2
499,139,3,2
499,140,3,2
499,141,3,2
499,142,3,2
499,143,3,2
499,144,3,2
499,145,3,2
499,146,3,2
499,147,3,2
499,148,3,2
499,149,3,2
499,150,3,2
499,151,3,2
499,152,3,2
499,153,3,2
499,154,3,2
499,155,3,2
499,156,3,2
499,157,3,2
499,158,3,2
499,159,3,2
499,160,3,2
499,161,3,2
499,162,3,2
499,163,3,2
499,164,3,2
499,165,3,2
499,166,3,2
499,167,3,2
499,168,3,2
499,169,3,2
499,170,3,2
499,171,3,2
499,172,3,2
499,173,3,2
499,174,3,2
499,175,3,2
499,176,3,2
499,177,3,2
499,178,3,2
499,179,3,2
499,180,3,2
499,181,3,2
499,182,3,2
499,183,3,2
499,184,3,2
499,185,3,2
499,186,3,2
499,187,3,2
499,188,3,2
499,189,3,2
499,190,3,2
499,191,3,2
499,192,3,2
499,193,3,2
499,194,3,2
499,195,3,2
499,196,3,2
499,197,3,2
499,198,3,2
499,199,3,2
499,200,3,2
499,201,3,2
499,202,3,2
499,203,3,2
499,204,3,2
499,205,3,2
499,206,3,2
499,207,3,2
499,208,3,2
499,209,3,2
499,210,3,2
499,211,3,2
499,212,3,2
499,213,3,2
499,214,3,2
499,215,3,2
499,216,3,2
499,217,3,2
499,218,3,2
499,219,3,2
499,220,3,2
499,221,3,2
499,222,3,2
499,223,3,2
499,224,3,2
499,225,3,2
499,226,3,2
499,227,3,2
499,228,3,2
499,229,3,2
499,230,3,2
499,231,3,2
499,232,3,2
499,233,3,2
499,234,3,2
499,235,3,2
499,236,3,2
499,237,3,2
499,238,3,2
499,239,3,2
499,240,3,2
499,241,3,2
499,242,3,2
499,243,3,2
499,244,3,2
499,245,3,2
499,246,3,2
499,247,3,2
499,248,3,2
499,249,3,2
499,250,3,2
499,251,3,2
499,252,3,2
499,253,3,2
499,254,3,2
499,255,3,2
499,256,3,2
499,257,3,2
499,258,3,2
499,259,3,2
499,260,3,2
499,261,3,2
499,262,3,2
499,263,3,2
499,264,3,2
499,265,3,2
499,266,3,2
499,267,3,2
499,268,3,2
499,269,3,2
499,270,3,2
499,271,3,2
499,272,3,2
499,273,3,2
499,274,3,2
499,275,3,2
499,276,3,2
499,277,3,2
499,278,3,2
499,279,3,2
499,280,3,2
499,281,3,2
499,282,3,2
499,283,3,2
499,284,3,2
499,285,3,2
499,286,3,2
499,287,3,2
499,288,3,2
499,289,3,2
499,290,3,2
499,291,3,2
499,292,3,2
499,293,3,2
499,294,3,2
499,295,3,2
499,296,3,2
499,297,3,2
499,298,3,2
499,299,3,2
499,300,3,2
499,301,3,2
499,302,3,2
499,303,3,2
499,304,3,2
499,305,3,2
499,306,3,2
499,307,3,2
499,308,3,2
499,309,3,2
499,310,3,2
499,311,3,2
499,312,3,2
499,313,3,2
499,314,3,2
499,315,3,2
499,316,3,2
499,317,3,2
499,318,3,2
499,319,3,2
499,320,3,2
499,321,3,2
499,322,3,2
499,323,3,2
499,324,3,2
499,325,3,2
499,326,3,2
499,327,3,2
499,328,3,2
499,329,3,2
499,330,3,2
499,331,3,2
499,332,3,2
499,333,3,2
499,334,3,2
499,335,3,2
499,336,3,2
499,337,3,2
499,338,3,2
499,339,3,2
499,340,3,2
499,341,3,2
499,342,3,2
499,343,3,2
499,344,3,2
499,345,3,2
499,346,3,2
499,347,3,2
499,348,3,2
499,349,3,2
499,350,3,2
499,351,3,2
499,352,3,2
499,353,3,2
499,354,3,2
499,355,3,2
499,356,3,2
499,357,3,2
499,358,3,2
499,359,3,2
499,360,3,2
499,361,3,2
499,362,3,2
499,363,3,2
499,364,3,2
499,365,3,2
499,366,3,2
499,367,3,2
499,368,3,2
499,369,3,2
499,370,3,2
499,371,3,2
499,372,3,2
499,373,3,2
499,374,3,2
499,375,3,2
499,376,3,2
499,377,3,2
499,378,3,2
499,379,3,2
499,380,3,2
499,381,3,2
499,382,3,2
499,383,3,2
499,384,3,2
499,385,3,2
499,386,3,2
499,387,3,2
499,388,3,2
499,389,3,2
499,390,3,2
499,391,3,2
499,392,3,2
499,393,3,2
499,394,3,2
499,395,3,2
499,396,3,2
499,397,3,2
499,398,3,2
499,399,3,2
499,400,3,2
499,401,3,2
499,402,3,2
499,403,3,2
499,404,3,2
499,405,3,2
499,406,3,2
499,407,3,2
499,408,3,2
499,409,3,2
499,410,3,2
499,411,3,2
499,412,3,2
499,413,3,2
499,414,3,2
499,415,3,2
499,416,3,2
499,417,3,2
499,418,3,2
499,419,3,2
499,420,3,2
499,421,3,2
499,422,3,2
499,423,3,2
499,424,3,2
499,425,3,2
499,426,3,2
499,427,3,2
499,428,3,3
499,429,3,3
499,430,3,3
499,431,3,3
499,432,3,3
499,433,3,3
499,434,3,3
499,435,3,3
499,436,3,3
499,437,3,3
499,438,3,3
499,439,3,3
499,440,3,3
499,441,3,3
499,442,3,3
499,443,3,3
499,444,3,3
499,445,3,3
499,446,3,3
499,447,3,3
499,448,3,3
499,449,3,3
499,450,3,3
499,451,3,3
499,452,3,3
499,453,3,3
499,454,3,3
499,455,3,3
499,456,3,3
499,457,3,3
499,458,3,3
499,459,3,3
499,460,3,3
499,461,3,3
499,462,3,3
499,463,3,2
499,464,3,2
499,465,3,2
499,466,3,2
499,467,3,2
499,468,3,2
499,469,3,2
499,470,3,2
499,471,3,2
499,472,3,2
499,473,3,2
499,474,3,2
499,475,3,2
499,476,3,2
499,477,3,2
499,478,3,2
499,479,3,2
499,480,3,2
499,481,3,2
499,482,3,2
499,483,3,2
499,484,3,2
499,485,3,2
499,486,3,2
499,487,3,2
499,488,3,2
499,489,3,2
499,490,3,2
499,491,3,2
499,492,3,2
499,493,3,2
499,494,3,2
499,495,3,2
499,496,3,2
499,497,3,2
499,498,3,2
499,499,3,2
499,500,3,2
499,501,3,2
499,502,3,2
499,503,3,2
499,504,3,2
499,505,3,2
499,506,3,2
499,507,3,2
499,508,3,2
499,509,3,2
499,510,3,2
499,511,3,2
499,512,3,2
499,513,3,2
499,514,3,2
499,515,3,2
499,516,3,2
499,517,3,2
499,518,3,2
499,519,3,2
499,520,3,2
499,521,3,2
499,522,3,2
499,523,3,2
499,524,3,2
499,525,3,2
499,526,3,2
499,527,3,2
499,528,3,2
499,529,3,2
499,530,3,2
499,531,3,2
499,532,3,2
499,533,3,2
499,534,3,2
499,535,3,2
499,536,3,2
499,537,3,2
499,538,3,2
499,539,3,2
499,540,3,2
499,541,3,2
499,542,3,2
499,543,3,2
499,544,3,2
499,545,3,2
499,546,3,2
499,547,3,2
499,548,3,2
499,549,3,2
499,550,3,2
499,551,3,2
499,552,3,2
499,553,3,2
499,554,3,2
499,555,3,2
499,556,3,2
499,557,3,2
499,558,3,2
499,559,3,2
499,560,3,2
499,561,3,2
499,562,3,2
499,563,3,2
499,564,3,2
499,565,3,2
499,566,3,2
499,567,3,2
499,568,3,2
499,569,3,2
499,570,3,2
499,571,3,2
499,572,3,2
499,573,3,2
499,574,3,2
499,575,3,2
499,576,3,2
499,577,3,2
499,578,3,2
499,579,3,2
499,580,3,2
499,581,3,2
499,582,3,2
499,583,3,2
499,584,3,2
499,585,3,2
499,586,3,2
499,587,3,2
499,588,3,2
499,589,3,2
499,590,3,2
499,591,3,2
499,592,3,2
499,593,3,2
499,594,3,2
499,595,3,2
499,596,3,2
499,597,3,2
499,598,3,2
499,599,3,2
499,600,3,2
499,601,3,2
499,602,3,2
499,603,3,2
499,604,3,2
499,605,3,2
499,606,3,2
499,607,3,2
499,608,3,2
499,609,3,2
499,610,3,2
499,611,3,2
499,612,3,2
499,613,3,2
499,614,3,2
499,615,3,2
499,616,3,2
499,617,3,2
499,618,3,2
499,619,3,2
499,620,3,2
499,621,3,2
499,622,3,2
499,623,3,2
499,624,3,2
499,625,3,2
499,626,3,2
499,627,3,2
499,628,3,2
499,629,3,2
499,630,3,2
499,631,3,2
499,632,3,2
499,633,3,2
499,634,3,2
499,635,3,2
499,636,3,2
499,637,3,2
499,638,3,2
499,639,3,2
499,640,3,2
499,641,3,2
499,642,3,2
499,643,3,2
499,644,3,2
499,645,3,2
499,646,3,2
499,647,3,2
499,648,3,2
499,649,3,2
499,650,3,2
499,651,3,2
499,652,3,2
499,653,3,2
499,654,3,2
499,655,3,2
499,656,3,2
499,657,3,2
499,658,3,2
499,659,3,2
499,660,3,2
499,661,3,2
499,662,3,2
500,78,3,2
500,79,3,2
500,80,3,2
500,81,3,2
500,82,3,2
500,83,3,2
500,84,3,2
500,85,3,2
500,86,3,2
500,87,3,2
500,88,3,2
500,89,3,2
500,90,3,2
500,91,3,2
500,92,3,2
500,93,3,2
500,94,3,2
500,95,3,2
500,96,3,2
500,97,3,2
500,98,3,2
500,99,3,2
500,100,3,2
500,101,3,2
500,102,3,2
500,103,3,2
500,104,3,2
500,105,3,2
500,106,3,2
500,107,3,2
500,108,3,2
500,109,3,2
500,110,3,2
500,111,3,2
500,112,3,2
500,113,3,2
500,114,3,2
500,115,3,2
500,116,3,2
500,117,3,2
500,118,3,2
500,119,3,2
500,120,3,2
500,121,3,2
500,122,3,2
500,123,3,2
500,124,3,2
500,125,3,2
500,126,3,2
500,127,3,2
500,128,3,2
500,129,3,2
500,130,3,2
500,131,3,2
500,132,3,2
500,133,3,2
500,134,3,2
500,135,3,2
500,136,3,2
500,137,3,2
500,138,3,2
500,139,3,2
500,140,3,2
500,141,3,2
500,142,3,2
500,143,3,2
500,144,3,2
500,145,3,2
500,146,3,2
500,147,3,2
500,148,3,2
500,149,3,2
500,150,3,2
500,151,3,2
500,152,3,2
500,153,3,2
500,154,3,2
500,155,3,2
500,156,3,2
500,157,3,2
500,158,3,2
500,159,3,2
500,160,3,2
500,161,3,2
500,162,3,2
500,163,3,2
500,164,3,2
500,165,3,2
500,166,3,2
500,167,3,2
500,168,3,2
500,169,3,2
500,170,3,2
500,171,3,2
500,172,3,2
500,173,3,2
500,174,3,2
500,175,3,2
500,176,3,2
500,177,3,2
500,178,3,2
500,179,3,2
500,180,3,2
500,181,3,2
500,182,3,2
500,183,3,2
500,184,3,2
500,185,3,2
500,186,3,2
500,187,3,2
500,188,3,2
500,189,3,2
500,190,3,2
500,191,3,2
500,192,3,2
500,193,3,2
500,194,3,2
500,195,3,2
500,196,3,2
500,197,3,2
500,198,3,2
500,199,3,2
500,200,3,2
500,201,3,2
500,202,3,2
500,203,3,2
500,204,3,2
500,205,3,2
500,206,3,2
500,207,3,2
500,208,3,2
500,209,3,2
500,210,3,2
500,211,3,2
500,212,3,2
500,213,3,2
500,214,3,2
500,215,3,2
500,216,3,2
500,217,3,2
500,218,3,2
500,219,3,2
500,220,3,2
500,221,3,2
500,222,3,2
500,223,3,2
500,224,3,2
500,225,3,2
500,226,3,2
500,227,3,2
500,228,3,2
500,229,3,2
500,230,3,2
500,231,3,2
500,232,3,2
500,233,3,2
500,234,3,2
500,235,3,2
500,236,3,2
500,237,3,2
500,238,3,2
500,239,3,2
500,240,3,2
500,241,3,2
500,242,3,2
500,243,3,2
500,244,3,2
500,245,3,2
500,246,3,2
500,247,3,2
500,248,3,2
500,249,3,2
500,250,3,2
500,251,3,2
500,252,3,2
500,253,3,2
500,254,3,2
500,255,3,2
500,256,3,2
500,257,3,2
500,258,3,2
500,259,3,2
500,260,3,2
500,261,3,2
500,262,3,2
500,263,3,2
500,264,3,2
500,265,3,2
500,266,3,2
500,267,3,2
500,268,3,2
500,269,3,2
500,270,3,2
500,271,3,2
500,272,3,2
500,273,3,2
500,274,3,2
500,275,3,2
500,276,3,2
500,277,3,2
500,278,3,2
500,279,3,2
500,280,3,2
500,281,3,2
500,282,3,2
500,283,3,2
500,284,3,2
500,285,3,2
500,286,3,2
500,287,3,2
500,288,3,2
500,289,3,2
500,290,3,2
500,291,3,2
500,292,3,2
500,293,3,2
500,294,3,2
500,295,3,2
500,296,3,2
500,297,3,2
500,298,3,2
500,299,3,2
500,300,3,2
500,301,3,2
500,302,3,2
500,303,3,2
500,304,3,2
500,305,3,2
500,306,3,2
500,307,3,2
500,308,3,2
500,309,3,2
500,310,3,2
500,311,3,2
500,312,3,2
500,313,3,2
500,314,3,2
500,315,3,2
500,316,3,2
500,317,3,2
500,318,3,2
500,319,3,2
500,320,3,2
500,321,3,2
500,322,3,2
500,323,3,2
500,324,3,2
500,325,3,2
500,326,3,2
500,327,3,2
500,328,3,2
500,329,3,2
500,330,3,2
500,331,3,2
500,332,3,2
500,333,3,2
500,334,3,2
500,335,3,2
500,336,3,2
500,337,3,2
500,338,3,2
500,339,3,2
500,340,3,2
500,341,3,2
500,342,3,2
500,343,3,2
500,344,3,2
500,345,3,2
500,346,3,2
500,347,3,2
500,348,3,2
500,349,3,2
500,350,3,2
500,351,3,2
500,352,3,2
500,353,3,2
500,354,3,2
500,355,3,2
500,356,3,2
500,357,3,2
500,358,3,2
500,359,3,2
500,360,3,2
500,361,3,2
500,362,3,2
500,363,3,2
500,364,3,2
500,365,3,2
500,366,3,2
500,367,3,2
500,368,3,2
500,369,3,2
500,370,3,2
500,371,3,2
500,372,3,2
500,373,3,2
500,374,3,2
500,375,3,2
500,376,3,2
500,377,3,2
500,378,3,2
500,379,3,2
500,380,3,2
500,381,3,2
500,382,3,2
500,383,3,2
500,384,3,2
500,385,3,2
500,386,3,2
500,387,3,2
500,388,3,2
500,389,3,2
500,390,3,2
500,391,3,2
500,392,3,2
500,393,3,2
500,394,3,2
500,395,3,2
500,396,3,2
500,397,3,2
500,398,3,2
500,399,3,2
500,400,3,2
500,401,3,2
500,402,3,2
500,403,3,2
500,404,3,2
500,405,3,2
500,406,3,2
500,407,3,2
500,408,3,2
500,409,3,2
500,410,3,2
500,411,3,2
500,412,3,2
500,413,3,2
500,414,3,2
500,415,3,2
500,416,3,2
500,417,3,2
500,418,3,2
500,419,3,2
500,420,3,2
500,421,3,2
500,422,3,2
500,423,3,2
500,424,3,2
500,425,3,2
500,426,3,2
500,427,3,3
500,428,3,3
500,429,3,3
500,430,3,3
500,431,3,3
500,432,3,3
500,433,3,3
500,434,3,3
500,435,3,3
500,436,3,3
500,437,3,3
500,438,3,3
500,439,3,3
500,440,3,3
500,441,3,3
500,442,3,3
500,443,3,3
500,444,3,3
500,445,3,3
500,446,3,3
500,447,3,3
500,448,3,3
500,449,3,3
500,450,3,3
500,451,3,3
500,452,3,3
500,453,3,3
500,454,3,3
500,455,3,3
500,456,3,3
500,457,3,3
500,458,3,3
500,459,3,3
500,460,3,3
500,461,3,3
500,462,3,3
500,463,3,3
500,464,3,3
500,465,3,2
500,466,3,2
500,467,3,2
500,468,3,2
500,469,3,2
500,470,3,2
500,471,3,2
500,472,3,2
500,473,3,2
500,474,3,2
500,475,3,2
500,476,3,2
500,477,3,2
500,478,3,2
500,479,3,2
500,480,3,2
500,481,3,2
500,482,3,2
500,483,3,2
500,484,3,2
500,485,3,2
500,486,3,2
500,487,3,2
500,488,3,2
500,489,3,2
500,490,3,2
500,491,3,2
500,492,3,2
500,493,3,2
500,494,3,2
500,495,3,2
500,496,3,2
500,497,3,2
500,498,3,2
500,499,3,2
500,500,3,2
500,501,3,2
500,502,3,2
500,503,3,2
500,504,3,2
500,505,3,2
500,506,3,2
500,507,3,2
500,508,3,2
500,509,3,2
500,510,3,2
500,511,3,2
500,512,3,2
500,513,3,2
500,514,3,2
500,515,3,2
500,516,3,2
500,517,3,2
500,518,3,2
500,519,3,2
500,520,3,2
500,521,3,2
500,522,3,2
500,523,3,2
500,524,3,2
500,525,3,2
500,526,3,2
500,527,3,2
500,528,3,2
500,529,3,2
500,530,3,2
500,531,3,2
500,532,3,2
500,533,3,2
500,534,3,2
500,535,3,2
500,536,3,2
500,537,3,2
500,538,3,2
500,539,3,2
500,540,3,2
500,541,3,2
500,542,3,2
500,543,3,2
500,544,3,2
500,545,3,2
500,546,3,2
500,547,3,2
500,548,3,2
500,549,3,2
500,550,3,2
500,551,3,2
500,552,3,2
500,553,3,2
500,554,3,2
500,555,3,2
500,556,3,2
500,557,3,2
500,558,3,2
500,559,3,2
500,560,3,2
500,561,3,2
500,562,3,2
500,563,3,2
500,564,3,2
500,565,3,2
500,566,3,2
500,567,3,2
500,568,3,2
500,569,3,2
500,570,3,2
500,571,3,2
500,572,3,2
500,573,3,2
500,574,3,2
500,575,3,2
500,576,3,2
500,577,3,2
500,578,3,2
500,579,3,2
500,580,3,2
500,581,3,2
500,582,3,2
500,583,3,2
500,584,3,2
500,585,3,2
500,586,3,2
500,587,3,2
500,588,3,2
500,589,3,2
500,590,3,2
500,591,3,2
500,592,3,2
500,593,3,2
500,594,3,2
500,595,3,2
500,596,3,2
500,597,3,2
500,598,3,2
500,599,3,2
500,600,3,2
500,601,3,2
500,602,3,2
500,603,3,2
500,604,3,2
500,605,3,2
500,606,3,2
500,607,3,2
500,608,3,2
500,609,3,2
500,610,3,2
500,611,3,2
500,612,3,2
500,613,3,2
500,614,3,2
500,615,3,2
500,616,3,2
500,617,3,2
500,618,3,2
500,619,3,2
500,620,3,2
500,621,3,2
500,622,3,2
500,623,3,2
500,624,3,2
500,625,3,2
500,626,3,2
500,627,3,2
500,628,3,2
500,629,3,2
500,630,3,2
500,631,3,2
500,632,3,2
500,633,3,2
500,634,3,2
500,635,3,2
500,636,3,2
500,637,3,2
500,638,3,2
500,639,3,2
500,640,3,2
500,641,3,2
500,642,3,2
500,643,3,2
500,644,3,2
500,645,3,2
500,646,3,2
500,647,3,2
500,648,3,2
500,649,3,2
500,650,3,2
500,651,3,2
500,652,3,2
500,653,3,2
500,654,3,2
500,655,3,2
500,656,3,2
500,657,3,2
500,658,3,2
500,659,3,2
500,660,3,2
500,661,3,2
500,662,3,2
501,78,3,2
501,79,3,2
501,80,3,2
501,81,3,2
501,82,3,2
501,83,3,2
501,84,3,2
501,85,3,2
501,86,3,2
501,87,3,2
501,88,3,2
501,89,3,2
501,90,3,2
501,91,3,2
501,92,3,2
501,93,3,2
501,94,3,2
501,95,3,2
501,96,3,2
501,97,3,2
501,98,3,2
501,99,3,2
501,100,3,2
501,101,3,2
501,102,3,2
501,103,3,2
501,104,3,2
501,105,3,2
501,106,3,2
501,107,3,2
501,108,3,2
501,109,3,2
501,110,3,2
501,111,3,2
501,112,3,2
501,113,3,2
501,114,3,2
501,115,3,2
501,116,3,2
501,117,3,2
501,118,3,2
501,119,3,2
501,120,3,2
501,121,3,2
501,122,3,2
501,123,3,2
501,124,3,2
501,125,3,2
501,126,3,2
501,127,3,2
501,128,3,2
501,129,3,2
501,130,3,2
501,131,3,2
501,132,3,2
501,133,3,2
501,134,3,2
501,135,3,2
501,136,3,2
501,137,3,2
501,138,3,2
501,139,3,2
501,140,3,2
501,141,3,2
501,142,3,2
501,143,3,2
501,144,3,2
501,145,3,2
501,146,3,2
501,147,3,2
501,148,3,2
501,149,3,2
501,150,3,2
501,151,3,2
501,152,3,2
501,153,3,2
501,154,3,2
501,155,3,2
501,156,3,2
501,157,3,2
501,158,3,2
501,159,3,2
501,160,3,2
501,161,3,2
501,162,3,2
501,163,3,2
501,164,3,2
501,165,3,2
501,166,3,2
501,167,3,2
501,168,3,2
501,169,3,2
501,170,3,2
501,171,3,2
501,172,3,2
501,173,3,2
501,174,3,2
501,175,3,2
501,176,3,2
501,177,3,2
501,178,3,2
501,179,3,2
501,180,3,2
501,181,3,2
501,182,3,2
501,183,3,2
501,184,3,2
501,185,3,2
501,186,3,2
501,187,3,2
501,188,3,2
501,189,3,2
501,190,3,2
501,191,3,2
501,192,3,2
501,193,3,2
501,194,3,2
501,195,3,2
501,196,3,2
501,197,3,2
501,198,3,2
501,199,3,2
501,200,3,2
501,201,3,2
501,202,3,2
501,203,3,2
501,204,3,2
501,205,3,2
501,206,3,2
501,207,3,2
501,208,3,2
501,209,3,2
501,210,3,2
501,211,3,2
501,212,3,2
501,213,3,2
501,214,3,2
501,215,3,2
501,216,3,2
501,217,3,2
501,218,3,2
501,219,3,2
501,220,3,2
501,221,3,2
501,222,3,2
501,223,3,2
501,224,3,2
501,225,3,2
501,226,3,2
501,227,3,2
501,228,3,2
501,229,3,2
501,230,3,2
501,231,3,2
501,232,3,2
501,233,3,2
501,234,3,2
501,235,3,2
501,236,3,2
501,237,3,2
501,238,3,2
501,239,3,2
501,240,3,2
501,241,3,2
501,242,3,2
501,243,3,2
501,244,3,2
501,245,3,2
501,246,3,2
501,247,3,2
501,248,3,2
501,249,3,2
501,250,3,2
501,251,3,2
501,252,3,2
501,253,3,2
501,254,3,2
501,255,3,2
501,256,3,2
501,257,3,2
501,258,3,2
501,259,3,2
501,260,3,2
501,261,3,2
501,262,3,2
501,263,3,2
501,264,3,2
501,265,3,2
501,266,3,2
501,267,3,2
501,268,3,2
501,269,3,2
501,270,3,2
501,271,3,2
501,272,3,2
501,273,3,2
501,274,3,2
501,275,3,2
501,276,3,2
501,277,3,2
501,278,3,2
501,279,3,2
501,280,3,2
501,281,3,2
501,282,3,2
501,283,3,2
501,284,3,2
501,285,3,2
501,286,3,2
501,287,3,2
501,288,3,2
501,289,3,2
501,290,3,2
501,291,3,2
501,292,3,2
501,293,3,2
501,294,3,2
501,295,3,2
501,296,3,2
501,297,3,2
501,298,3,2
501,299,3,2
501,300,3,2
501,301,3,2
501,302,3,2
501,303,3,2
501,304,3,2
501,305,3,2
501,306,3,2
501,307,3,2
501,308,3,2
501,309,3,2
501,310,3,2
501,311,3,2
501,312,3,2
501,313,3,2
501,314,3,2
501,315,3,2
501,316,3,2
501,317,3,2
501,318,3,2
501,319,3,2
501,320,3,2
501,321,3,2
501,322,3,2
501,323,3,2
501,324,3,2
501,325,3,2
501,326,3,2
501,327,3,2
501,328,3,2
501,329,3,2
501,330,3,2
501,331,3,2
501,332,3,2
501,333,3,2
501,334,3,2
501,335,3,2
501,336,3,2
501,337,3,2
501,338,3,2
501,339,3,2
501,340,3,2
501,341,3,2
501,342,3,2
501,343,3,2
501,344,3,2
501,345,3,2
501,346,3,2
501,347,3,2
501,348,3,2
501,349,3,2
501,350,3,2
501,351,3,2
501,352,3,2
501,353,3,2
501,354,3,2
501,355,3,2
501,356,3,2
501,357,3,2
501,358,3,2
501,359,3,2
501,360,3,2
501,361,3,2
501,362,3,2
501,363,3,2
501,364,3,2
501,365,3,2
501,366,3,2
501,367,3,2
501,368,3,2
501,369,3,2
501,370,3,2
501,371,3,2
501,372,3,2
501,373,3,2
501,374,3,2
501,375,3,2
501,376,3,2
501,377,3,2
501,378,3,2
501,379,3,2
501,380,3,2
501,381,3,2
501,382,3,2
501,383,3,2
501,384,3,2
501,385,3,2
501,386,3,2
501,387,3,2
501,388,3,2
501,389,3,2
501,390,3,2
501,391,3,2
501,392,3,2
501,393,3,2
501,394,3,2
501,395,3,2
501,396,3,2
501,397,3,2
501,398,3,2
501,399,3,2
501,400,3,2
501,401,3,2
501,402,3,2
501,403,3,2
501,404,3,2
501,405,3,2
501,406,3,2
501,407,3,2
501,408,3,2
501,409,3,2
501,410,3,2
501,411,3,2
501,412,3,2
501,413,3,2
501,414,3,2
501,415,3,2
501,416,3,2
501,417,3,2
501,418,3,2
501,419,3,2
501,420,3,2
501,421,3,2
501,422,3,2
501,423,3,2
501,424,3,2
501,425,3,2
501,426,3,3
501,427,3,3
501,428,3,3
501,429,3,3
501,430,3,3
501,431,3,3
501,432,3,3
501,433,3,3
501,434,3,3
501,435,3,3
501,436,3,3
501,437,3,3
501,438,3,3
501,439,3,3
501,440,3,3
501,441,3,3
501,442,3,3
501,443,3,3
501,444,3,3
501,445,3,3
501,446,3,3
501,447,3,3
501,448,3,3
501,449,3,3
501,450,3,3
501,451,3,3
501,452,3,3
501,453,3,3
501,454,3,3
501,455,3,3
501,456,3,3
501,457,3,3
501,458,3,3
501,459,3,3
501,460,3,3
501,461,3,3
501,462,3,3
501,463,3,3
501,464,3,3
501,465,3,3
501,466,3,3
501,467,3,3
501,468,3,2
501,469,3,2
501,470,3,2
501,471,3,2
501,472,3,2
501,473,3,2
501,474,3,2
501,475,3,2
501,476,3,2
501,477,3,2
501,478,3,2
501,479,3,2
501,480,3,2
501,481,3,2
501,482,3,2
501,483,3,2
501,484,3,2
501,485,3,2
501,486,3,2
501,487,3,2
501,488,3,2
501,489,3,2
501,490,3,2
501,491,3,2
501,492,3,2
501,493,3,2
501,494,3,2
501,495,3,2
501,496,3,2
501,497,3,2
501,498,3,2
501,499,3,2
501,500,3,2
501,501,3,2
501,502,3,2
501,503,3,2
501,504,3,2
501,505,3,2
501,506,3,2
501,507,3,2
501,508,3,2
501,509,3,2
501,510,3,2
501,511,3,2
501,512,3,2
501,513,3,2
501,514,3,2
501,515,3,2
501,516,3,2
501,517,3,2
501,518,3,2
501,519,3,2
501,520,3,2
501,521,3,2
501,522,3,2
501,523,3,2
501,524,3,2
501,525,3,2
501,526,3,2
501,527,3,2
501,528,3,2
501,529,3,2
501,530,3,2
501,531,3,2
501,532,3,2
501,533,3,2
501,534,3,2
501,535,3,2
501,536,3,2
501,537,3,2
501,538,3,2
501,539,3,2
501,540,3,2
501,541,3,2
501,542,3,2
501,543,3,2
501,544,3,2
501,545,3,2
501,546,3,2
501,547,3,2
501,548,3,2
501,549,3,2
501,550,3,2
501,551,3,2
501,552,3,2
501,553,3,2
501,554,3,2
501,555,3,2
501,556,3,2
501,557,3,2
501,558,3,2
501,559,3,2
501,560,3,2
501,561,3,2
501,562,3,2
501,563,3,2
501,564,3,2
501,565,3,2
501,566,3,2
501,567,3,2
501,568,3,2
501,569,3,2
501,570,3,2
501,571,3,2
501,572,3,2
501,573,3,2
501,574,3,2
501,575,3,2
501,576,3,2
501,577,3,2
501,578,3,2
501,579,3,2
501,580,3,2
501,581,3,2
501,582,3,2
501,583,3,2
501,584,3,2
501,585,3,2
501,586,3,2
501,587,3,2
501,588,3,2
501,589,3,2
501,590,3,2
501,591,3,2
501,592,3,2
501,593,3,2
501,594,3,2
501,595,3,2
501,596,3,2
501,597,3,2
501,598,3,2
501,599,3,2
501,600,3,2
501,601,3,2
501,602,3,2
501,603,3,2
501,604,3,2
501,605,3,2
501,606,3,2
501,607,3,2
501,608,3,2
501,609,3,2
501,610,3,2
501,611,3,2
501,612,3,2
501,613,3,2
501,614,3,2
501,615,3,2
501,616,3,2
501,617,3,2
501,618,3,2
501,619,3,2
501,620,3,2
501,621,3,2
501,622,3,2
501,623,3,2
501,624,3,2
501,625,3,2
501,626,3,2
501,627,3,2
501,628,3,2
501,629,3,2
501,630,3,2
501,631,3,2
501,632,3,2
501,633,3,2
501,634,3,2
501,635,3,2
501,636,3,2
501,637,3,2
501,638,3,2
501,639,3,2
501,640,3,2
501,641,3,2
501,642,3,2
501,643,3,2
501,644,3,2
501,645,3,2
501,646,3,2
501,647,3,2
501,648,3,2
501,649,3,2
501,650,3,2
501,651,3,2
501,652,3,2
501,653,3,2
501,654,3,2
501,655,3,2
501,656,3,2
501,657,3,2
501,658,3,2
501,659,3,2
501,660,3,2
501,661,3,2
502,77,3,2
502,78,3,2
502,79,3,2
502,80,3,2
502,81,3,2
502,82,3,2
502,83,3,2
502,84,3,2
502,85,3,2
502,86,3,2
502,87,3,2
502,88,3,2
502,89,3,2
502,90,3,2
502,91,3,2
502,92,3,2
502,93,3,2
502,94,3,2
502,95,3,2
502,96,3,2
502,97,3,2
502,98,3,2
502,99,3,2
502,100,3,2
502,101,3,2
502,102,3,2
502,103,3,2
502,104,3,2
502,105,3,2
502,106,3,2
502,107,3,2
502,108,3,2
502,109,3,2
502,110,3,2
502,111,3,2
502,112,3,2
502,113,3,2
502,114,3,2
502,115,3,2
502,116,3,2
502,117,3,2
502,118,3,2
502,119,3,2
502,120,3,2
502,121,3,2
502,122,3,2
502,123,3,2
502,124,3,2
502,125,3,2
502,126,3,2
502,127,3,2
502,128,3,2
502,129,3,2
502,130,3,2
502,131,3,2
502,132,3,2
502,133,3,2
502,134,3,2
502,135,3,2
502,136,3,2
502,137,3,2
502,138,3,2
502,139,3,2
502,140,3,2
502,141,3,2
502,142,3,2
502,143,3,2
502,144,3,2
502,145,3,2
502,146,3,2
502,147,3,2
502,148,3,2
502,149,3,2
502,150,3,2
502,151,3,2
502,152,3,2
502,153,3,2
502,154,3,2
502,155,3,2
502,156,3,2
502,157,3,2
502,158,3,2
502,159,3,2
502,160,3,2
502,161,3,2
502,162,3,2
502,163,3,2
502,164,3,2
502,165,3,2
502,166,3,2
502,167,3,2
502,168,3,2
502,169,3,2
502,170,3,2
502,171,3,2
502,172,3,2
502,173,3,2
502,174,3,2
502,175,3,2
502,176,3,2
502,177,3,2
502,178,3,2
502,179,3,2
502,180,3,2
502,181,3,2
502,182,3,2
502,183,3,2
502,184,3,2
502,185,3,2
502,186,3,2
502,187,3,2
502,188,3,2
502,189,3,2
502,190,3,2
502,191,3,2
502,192,3,2
502,193,3,2
502,194,3,2
502,195,3,2
502,196,3,2
502,197,3,2
502,198,3,2
502,199,3,2
502,200,3,2
502,201,3,2
502,202,3,2
502,203,3,2
502,204,3,2
502,205,3,2
502,206,3,2
502,207,3,2
502,208,3,2
502,209,3,2
502,210,3,2
502,211,3,2
502,212,3,2
502,213,3,2
502,214,3,2
502,215,3,2
502,216,3,2
502,217,3,2
502,218,3,2
502,219,3,2
502,220,3,2
502,221,3,2
502,222,3,2
502,223,3,2
502,224,3,2
502,225,3,2
502,226,3,2
502,227,3,2
502,228,3,2
502,229,3,2
502,230,3,2
502,231,3,2
502,232,3,2
502,233,3,2
502,234,3,2
502,235,3,2
502,236,3,2
502,237,3,2
502,238,3,2
502,239,3,2
502,240,3,2
502,241,3,2
502,242,3,2
502,243,3,2
502,244,3,2
502,245,3,2
502,246,3,2
502,247,3,2
502,248,3,2
502,249,3,2
502,250,3,2
502,251,3,2
502,252,3,2
502,253,3,2
502,254,3,2
502,255,3,2
502,256,3,2
502,257,3,2
502,258,3,2
502,259,3,2
502,260,3,2
502,261,3,2
502,262,3,2
502,263,3,2
502,264,3,2
502,265,3,2
502,266,3,2
502,267,3,2
502,268,3,2
502,269,3,2
502,270,3,2
502,271,3,2
502,272,3,2
502,273,3,2
502,274,3,2
502,275,3,2
502,276,3,2
502,277,3,2
502,278,3,2
502,279,3,2
502,280,3,2
502,281,3,2
502,282,3,2
502,283,3,2
502,284,3,2
502,285,3,2
502,286,3,2
502,287,3,2
502,288,3,2
502,289,3,2
502,290,3,2
502,291,3,2
502,292,3,2
502,293,3,2
502,294,3,2
502,295,3,2
502,296,3,2
502,297,3,2
502,298,3,2
502,299,3,2
502,300,3,2
502,301,3,2
502,302,3,2
502,303,3,2
502,304,3,2
502,305,3,2
502,306,3,2
502,307,3,2
502,308,3,2
502,309,3,2
502,310,3,2
502,311,3,2
502,312,3,2
502,313,3,2
502,314,3,2
502,315,3,2
502,316,3,2
502,317,3,2
502,318,3,2
502,319,3,2
502,320,3,2
502,321,3,2
502,322,3,2
502,323,3,2
502,324,3,2
502,325,3,2
502,326,3,2
502,327,3,2
502,328,3,2
502,329,3,2
502,330,3,2
502,331,3,2
502,332,3,2
502,333,3,2
502,334,3,2
502,335,3,2
502,336,3,2
502,337,3,2
502,338,3,2
502,339,3,2
502,340,3,2
502,341,3,2
502,342,3,2
502,343,3,2
502,344,3,2
502,345,3,2
502,346,3,2
502,347,3,2
502,348,3,2
502,349,3,2
502,350,3,2
502,351,3,2
502,352,3,2
502,353,3,2
502,354,3,2
502,355,3,2
502,356,3,2
502,357,3,2
502,358,3,2
502,359,3,2
502,360,3,2
502,361,3,2
502,362,3,2
502,363,3,2
502,364,3,2
502,365,3,2
502,366,3,2
502,367,3,2
502,368,3,2
502,369,3,2
502,370,3,2
502,371,3,2
502,372,3,2
502,373,3,2
502,374,3,2
502,375,3,2
502,376,3,2
502,377,3,2
502,378,3,2
502,379,3,2
502,380,3,2
502,381,3,2
502,382,3,2
502,383,3,2
502,384,3,2
502,385,3,2
502,386,3,2
502,387,3,2
502,388,3,2
502,389,3,2
502,390,3,2
502,391,3,2
502,392,3,2
502,393,3,2
502,394,3,2
502,395,3,2
502,396,3,2
502,397,3,2
502,398,3,2
502,399,3,2
502,400,3,2
502,401,3,2
502,402,3,2
502,403,3,2
502,404,3,2
502,405,3,2
502,406,3,2
502,407,3,2
502,408,3,2
502,409,3,2
502,410,3,2
502,411,3,2
502,412,3,2
502,413,3,2
502,414,3,2
502,415,3,2
502,416,3,2
502,417,3,2
502,418,3,2
502,419,3,2
502,420,3,2
502,421,3,2
502,422,3,2
502,423,3,2
502,424,3,2
502,425,3,2
502,426,3,3
502,427,3,3
502,428,3,3
502,429,3,3
502,430,3,3
502,431,3,3
502,432,3,3
502,433,3,3
502,434,3,3
502,435,3,3
502,436,3,3
502,437,3,3
502,438,3,3
502,439,3,3
502,440,3,3
502,441,3,3
502,442,3,3
502,443,3,3
502,444,3,3
502,445,3,3
502,446,3,3
502,447,3,3
502,448,3,3
502,449,3,3
502,450,3,3
502,451,3,3
502,452,3,3
502,453,3,3
502,454,3,3
502,455,3,3
502,456,3,3
502,457,3,3
502,458,3,3
502,459,3,3
502,460,3,3
502,461,3,3
502,462,3,3
502,463,3,3
502,464,3,3
502,465,3,3
502,466,3,3
502,467,3,3
502,468,3,3
502,469,3,2
502,470,3,2
502,471,3,2
502,472,3,2
502,473,3,2
502,474,3,2
502,475,3,2
502,476,3,2
502,477,3,2
502,478,3,2
502,479,3,2
502,480,3,2
502,481,3,2
502,482,3,2
502,483,3,2
502,484,3,2
502,485,3,2
502,486,3,2
502,487,3,2
502,488,3,2
502,489,3,2
502,490,3,2
502,491,3,2
502,492,3,2
502,493,3,2
502,494,3,2
502,495,3,2
502,496,3,2
502,497,3,2
502,498,3,2
502,499,3,2
502,500,3,2
502,501,3,2
502,502,3,2
502,503,3,2
502,504,3,2
502,505,3,2
502,506,3,2
502,507,3,2
502,508,3,2
502,509,3,2
502,510,3,2
502,511,3,2
502,512,3,2
502,513,3,2
502,514,3,2
502,515,3,2
502,516,3,2
502,517,3,2
502,518,3,2
502,519,3,2
502,520,3,2
502,521,3,2
502,522,3,2
502,523,3,2
502,524,3,2
502,525,3,2
502,526,3,2
502,527,3,2
502,528,3,2
502,529,3,2
502,530,3,2
502,531,3,2
502,532,3,2
502,533,3,2
502,534,3,2
502,535,3,2
502,536,3,2
502,537,3,2
502,538,3,2
502,539,3,2
502,540,3,2
502,541,3,2
502,542,3,2
502,543,3,2
502,544,3,2
502,545,3,2
502,546,3,2
502,547,3,2
502,548,3,2
502,549,3,2
502,550,3,2
502,551,3,2
502,552,3,2
502,553,3,2
502,554,3,2
502,555,3,2
502,556,3,2
502,557,3,2
502,558,3,2
502,559,3,2
502,560,3,2
502,561,3,2
502,562,3,2
502,563,3,2
502,564,3,2
502,565,3,2
502,566,3,2
502,567,3,2
502,568,3,2
502,569,3,2
502,570,3,2
502,571,3,2
502,572,3,2
502,573,3,2
502,574,3,2
502,575,3,2
502,576,3,2
502,577,3,2
502,578,3,2
502,579,3,2
502,580,3,2
502,581,3,2
502,582,3,2
502,583,3,2
502,584,3,2
502,585,3,2
502,586,3,2
502,587,3,2
502,588,3,2
502,589,3,2
502,590,3,2
502,591,3,2
502,592,3,2
502,593,3,2
502,594,3,2
502,595,3,2
502,596,3,2
502,597,3,2
502,598,3,2
502,599,3,2
502,600,3,2
502,601,3,2
502,602,3,2
502,603,3,2
502,604,3,2
502,605,3,2
502,606,3,2
502,607,3,2
502,608,3,2
502,609,3,2
502,610,3,2
502,611,3,2
502,612,3,2
502,613,3,2
502,614,3,2
502,615,3,2
502,616,3,2
502,617,3,2
502,618,3,2
502,619,3,2
502,620,3,2
502,621,3,2
502,622,3,2
502,623,3,2
502,624,3,2
502,625,3,2
502,626,3,2
502,627,3,2
502,628,3,2
502,629,3,2
502,630,3,2
502,631,3,2
502,632,3,2
502,633,3,2
502,634,3,2
502,635,3,2
502,636,3,2
502,637,3,2
502,638,3,2
502,639,3,2
502,640,3,2
502,641,3,2
502,642,3,2
502,643,3,2
502,644,3,2
502,645,3,2
502,646,3,2
502,647,3,2
502,648,3,2
502,649,3,2
502,650,3,2
502,651,3,2
502,652,3,2
502,653,3,2
502,654,3,2
502,655,3,2
502,656,3,2
502,657,3,2
502,658,3,2
502,659,3,2
502,660,3,2
502,661,3,2
503,77,3,2
503,78,3,2
503,79,3,2
503,80,3,2
503,81,3,2
503,82,3,2
503,83,3,2
503,84,3,2
503,85,3,2
503,86,3,2
503,87,3,2
503,88,3,2
503,89,3,2
503,90,3,2
503,91,3,2
503,92,3,2
503,93,3,2
503,94,3,2
503,95,3,2
503,96,3,2
503,97,3,2
503,98,3,2
503,99,3,2
503,100,3,2
503,101,3,2
503,102,3,2
503,103,3,2
503,104,3,2
503,105,3,2
503,106,3,2
503,107,3,2
503,108,3,2
503,109,3,2
503,110,3,2
503,111,3,2
503,112,3,2
503,113,3,2
503,114,3,2
503,115,3,2
503,116,3,2
503,117,3,2
503,118,3,2
503,119,3,2
503,120,3,2
503,121,3,2
503,122,3,2
503,123,3,2
503,124,3,2
503,125,3,2
503,126,3,2
503,127,3,2
503,128,3,2
503,129,3,2
503,130,3,2
503,131,3,2
503,132,3,2
503,133,3,2
503,134,3,2
503,135,3,2
503,136,3,2
503,137,3,2
503,138,3,2
503,139,3,2
503,140,3,2
503,141,3,2
503,142,3,2
503,143,3,2
503,144,3,2
503,145,3,2
503,146,3,2
503,147,3,2
503,148,3,2
503,149,3,2
503,150,3,2
503,151,3,2
503,152,3,2
503,153,3,2
503,154,3,2
503,155,3,2
503,156,3,2
503,157,3,2
503,158,3,2
503,159,3,2
503,160,3,2
503,161,3,2
503,162,3,2
503,163,3,2
503,164,3,2
503,165,3,2
503,166,3,2
503,167,3,2
503,168,3,2
503,169,3,2
503,170,3,2
503,171,3,2
503,172,3,2
503,173,3,2
503,174,3,2
503,175,3,2
503,176,3,2
503,177,3,2
503,178,3,2
503,179,3,2
503,180,3,2
503,181,3,2
503,182,3,2
503,183,3,2
503,184,3,2
503,185,3,2
503,186,3,2
503,187,3,2
503,188,3,2
503,189,3,2
503,190,3,2
503,191,3,2
503,192,3,2
503,193,3,2
503,194,3,2
503,195,3,2
503,196,3,2
503,197,3,2
503,198,3,2
503,199,3,2
503,200,3,2
503,201,3,2
503,202,3,2
503,203,3,2
503,204,3,2
503,205,3,2
503,206,3,2
503,207,3,2
503,208,3,2
503,209,3,2
503,210,3,2
503,211,3,2
503,212,3,2
503,213,3,2
503,214,3,2
503,215,3,2
503,216,3,2
503,217,3,2
503,218,3,2
503,219,3,2
503,220,3,2
503,221,3,2
503,222,3,2
503,223,3,2
503,224,3,2
503,225,3,2
503,226,3,2
503,227,3,2
503,228,3,2
503,229,3,2
503,230,3,2
503,231,3,2
503,232,3,2
503,233,3,2
503,234,3,2
503,235,3,2
503,236,3,2
503,237,3,2
503,238,3,2
503,239,3,2
503,240,3,2
503,241,3,2
503,242,3,2
503,243,3,2
503,244,3,2
503,245,3,2
503,246,3,2
503,247,3,2
503,248,3,2
503,249,3,2
503,250,3,2
503,251,3,2
503,252,3,2
503,253,3,2
503,254,3,2
503,255,3,2
503,256,3,2
503,257,3,2
503,258,3,2
503,259,3,2
503,260,3,2
503,261,3,2
503,262,3,2
503,263,3,2
503,264,3,2
503,265,3,2
503,266,3,2
503,267,3,2
503,268,3,2
503,269,3,2
503,270,3,2
503,271,3,2
503,272,3,2
503,273,3,2
503,274,3,2
503,275,3,2
503,276,3,2
503,277,3,2
503,278,3,2
503,279,3,2
503,280,3,2
503,281,3,2
503,282,3,2
503,283,3,2
503,284,3,2
503,285,3,2
503,286,3,2
503,287,3,2
503,288,3,2
503,289,3,2
503,290,3,2
503,291,3,2
503,292,3,2
503,293,3,2
503,294,3,2
503,295,3,2
503,296,3,2
503,297,3,2
503,298,3,2
503,299,3,2
503,300,3,2
503,301,3,2
503,302,3,2
503,303,3,2
503,304,3,2
503,305,3,2
503,306,3,2
503,307,3,2
503,308,3,2
503,309,3,2
503,310,3,2
503,311,3,2
503,312,3,2
503,313,3,2
503,314,3,2
503,315,3,2
503,316,3,2
503,317,3,2
503,318,3,2
503,319,3,2
503,320,3,2
503,321,3,2
503,322,3,2
503,323,3,2
503,324,3,2
503,325,3,2
503,326,3,2
503,327,3,2
503,328,3,2
503,329,3,2
503,330,3,2
503,331,3,2
503,332,3,2
503,333,3,2
503,334,3,2
503,335,3,2
503,336,3,2
503,337,3,2
503,338,3,2
503,339,3,2
503,340,3,2
503,341,3,2
503,342,3,2
503,343,3,2
503,344,3,2
503,345,3,2
503,346,3,2
503,347,3,2
503,348,3,2
503,349,3,2
503,350,3,2
503,351,3,2
503,352,3,2
503,353,3,2
503,354,3,2
503,355,3,2
503,356,3,2
503,357,3,2
503,358,3,2
503,359,3,2
503,360,3,2
503,361,3,2
503,362,3,2
503,363,3,2
503,364,3,2
503,365,3,2
503,366,3,2
503,367,3,2
503,368,3,2
503,369,3,2
503,370,3,2
503,371,3,2
503,372,3,2
503,373,3,2
503,374,3,2
503,375,3,2
503,376,3,2
503,377,3,2
503,378,3,2
503,379,3,2
503,380,3,2
503,381,3,2
503,382,3,2
503,383,3,2
503,384,3,2
503,385,3,2
503,386,3,2
503,387,3,2
503,388,3,2
503,389,3,2
503,390,3,2
503,391,3,2
503,392,3,2
503,393,3,2
503,394,3,2
503,395,3,2
503,396,3,2
503,397,3,2
503,398,3,2
503,399,3,2
503,400,3,2
503,401,3,2
503,402,3,2
503,403,3,2
503,404,3,2
503,405,3,2
503,406,3,2
503,407,3,2
503,408,3,2
503,409,3,2
503,410,3,2
503,411,3,2
503,412,3,2
503,413,3,2
503,414,3,2
503,415,3,2
503,416,3,2
503,417,3,2
503,418,3,2
503,419,3,2
503,420,3,2
503,421,3,2
503,422,3,2
503,423,3,2
503,424,3,2
503,425,3,3
503,426,3,3
503,427,3,3
503,428,3,3
503,429,3,3
503,430,3,3
503,431,3,3
503,432,3,3
503,433,3,3
503,434,3,3
503,435,3,3
503,436,3,3
503,437,3,3
503,438,3,3
503,439,3,3
503,440,3,3
503,441,3,3
503,442,3,3
503,443,3,3
503,444,3,3
503,445,3,3
503,446,3,3
503,447,3,3
503,448,3,3
503,449,3,3
503,450,3,3
503,451,3,3
503,452,3,3
503,453,3,3
503,454,3,3
503,455,3,3
503,456,3,3
503,457,3,3
503,458,3,3
503,459,3,3
503,460,3,3
503,461,3,3
503,462,3,3
503,463,3,3
503,464,3,3
503,465,3,3
503,466,3,3
503,467,3,3
503,468,3,3
503,469,3,3
503,470,3,3
503,471,3,2
503,472,3,2
503,473,3,2
503,474,3,2
503,475,3,2
503,476,3,2
503,477,3,2
503,478,3,2
503,479,3,2
503,480,3,2
503,481,3,2
503,482,3,2
503,483,3,2
503,484,3,2
503,485,3,2
503,486,3,2
503,487,3,2
503,488,3,2
503,489,3,2
503,490,3,2
503,491,3,2
503,492,3,2
503,493,3,2
503,494,3,2
503,495,3,2
503,496,3,2
503,497,3,2
503,498,3,2
503,499,3,2
503,500,3,2
503,501,3,2
503,502,3,2
503,503,3,2
503,504,3,2
503,505,3,2
503,506,3,2
503,507,3,2
503,508,3,2
503,509,3,2
503,510,3,2
503,511,3,2
503,512,3,2
503,513,3,2
503,514,3,2
503,515,3,2
503,516,3,2
503,517,3,2
503,518,3,2
503,519,3,2
503,520,3,2
503,521,3,2
503,522,3,2
503,523,3,2
503,524,3,2
503,525,3,2
503,526,3,2
503,527,3,2
503,528,3,2
503,529,3,2
503,530,3,2
503,531,3,2
503,532,3,2
503,533,3,2
503,534,3,2
503,535,3,2
503,536,3,2
503,537,3,2
503,538,3,2
503,539,3,2
503,540,3,2
503,541,3,2
503,542,3,2
503,543,3,2
503,544,3,2
503,545,3,2
503,546,3,2
503,547,3,2
503,548,3,2
503,549,3,2
503,550,3,2
503,551,3,2
503,552,3,2
503,553,3,2
503,554,3,2
503,555,3,2
503,556,3,2
503,557,3,2
503,558,3,2
503,559,3,2
503,560,3,2
503,561,3,2
503,562,3,2
503,563,3,2
503,564,3,2
503,565,3,2
503,566,3,2
503,567,3,2
503,568,3,2
503,569,3,2
503,570,3,2
503,571,3,2
503,572,3,2
503,573,3,2
503,574,3,2
503,575,3,2
503,576,3,2
503,577,3,2
503,578,3,2
503,579,3,2
503,580,3,2
503,581,3,2
503,582,3,2
503,583,3,2
503,584,3,2
503,585,3,2
503,586,3,2
503,587,3,2
503,588,3,2
503,589,3,2
503,590,3,2
503,591,3,2
503,592,3,2
503,593,3,2
503,594,3,2
503,595,3,2
503,596,3,2
503,597,3,2
503,598,3,2
503,599,3,2
503,600,3,2
503,601,3,2
503,602,3,2
503,603,3,2
503,604,3,2
503,605,3,2
503,606,3,2
503,607,3,2
503,608,3,2
503,609,3,2
503,610,3,2
503,611,3,2
503,612,3,2
503,613,3,2
503,614,3,2
503,615,3,2
503,616,3,2
503,617,3,2
503,618,3,2
503,619,3,2
503,620,3,2
503,621,3,2
503,622,3,2
503,623,3,2
503,624,3,2
503,625,3,2
503,626,3,2
503,627,3,2
503,628,3,2
503,629,3,2
503,630,3,2
503,631,3,2
503,632,3,2
503,633,3,2
503,634,3,2
503,635,3,2
503,636,3,2
503,637,3,2
503,638,3,2
503,639,3,2
503,640,3,2
503,641,3,2
503,642,3,2
503,643,3,2
503,644,3,2
503,645,3,2
503,646,3,2
503,647,3,2
503,648,3,2
503,649,3,2
503,650,3,2
503,651,3,2
503,652,3,2
503,653,3,2
503,654,3,2
503,655,3,2
503,656,3,2
503,657,3,2
503,658,3,2
503,659,3,2
503,660,3,2
503,661,3,2
504,77,3,2
504,78,3,2
504,79,3,2
504,80,3,2
504,81,3,2
504,82,3,2
504,83,3,2
504,84,3,2
504,85,3,2
504,86,3,2
504,87,3,2
504,88,3,2
504,89,3,2
504,90,3,2
504,91,3,2
504,92,3,2
504,93,3,2
504,94,3,2
504,95,3,2
504,96,3,2
504,97,3,2
504,98,3,2
504,99,3,2
504,100,3,2
504,101,3,2
504,102,3,2
504,103,3,2
504,104,3,2
504,105,3,2
504,106,3,2
504,107,3,2
504,108,3,2
504,109,3,2
504,110,3,2
504,111,3,2
504,112,3,2
504,113,3,2
504,114,3,2
504,115,3,2
504,116,3,2
504,117,3,2
504,118,3,2
504,119,3,2
504,120,3,2
504,121,3,2
504,122,3,2
504,123,3,2
504,124,3,2
504,125,3,2
504,126,3,2
504,127,3,2
504,128,3,2
504,129,3,2
504,130,3,2
504,131,3,2
504,132,3,2
504,133,3,2
504,134,3,2
504,135,3,2
504,136,3,2
504,137,3,2
504,138,3,2
504,139,3,2
504,140,3,2
504,141,3,2
504,142,3,2
504,143,3,2
504,144,3,2
504,145,3,2
504,146,3,2
504,147,3,2
504,148,3,2
504,149,3,2
504,150,3,2
504,151,3,2
504,152,3,2
504,153,3,2
504,154,3,2
504,155,3,2
504,156,3,2
504,157,3,2
504,158,3,2
504,159,3,2
504,160,3,2
504,161,3,2
504,162,3,2
504,163,3,2
504,164,3,2
504,165,3,2
504,166,3,2
504,167,3,2
504,168,3,2
504,169,3,2
504,170,3,2
504,171,3,2
504,172,3,2
504,173,3,2
504,174,3,2
504,175,3,2
504,176,3,2
504,177,3,2
504,178,3,2
504,179,3,2
504,180,3,2
504,181,3,2
504,182,3,2
504,183,3,2
504,184,3,2
504,185,3,2
504,186,3,2
504,187,3,2
504,188,3,2
504,189,3,2
504,190,3,2
504,191,3,2
504,192,3,2
504,193,3,2
504,194,3,2
504,195,3,2
504,196,3,2
504,197,3,2
504,198,3,2
504,199,3,2
504,200,3,2
504,201,3,2
504,202,3,2
504,203,3,2
504,204,3,2
504,205,3,2
504,206,3,2
504,207,3,2
504,208,3,2
504,209,3,2
504,210,3,2
504,211,3,2
504,212,3,2
504,213,3,2
504,214,3,2
504,215,3,2
504,216,3,2
504,217,3,2
504,218,3,2
504,219,3,2
504,220,3,2
504,221,3,2
504,222,3,2
504,223,3,2
504,224,3,2
504,225,3,2
504,226,3,2
504,227,3,2
504,228,3,2
504,229,3,2
504,230,3,2
504,231,3,2
504,232,3,2
504,233,3,2
504,234,3,2
504,235,3,2
504,236,3,2
504,237,3,2
504,238,3,2
504,239,3,2
504,240,3,2
504,241,3,2
504,242,3,2
504,243,3,2
504,244,3,2
504,245,3,2
504,246,3,2
504,247,3,2
504,248,3,2
504,249,3,2
504,250,3,2
504,251,3,2
504,252,3,2
504,253,3,2
504,254,3,2
504,255,3,2
504,256,3,2
504,257,3,2
504,258,3,2
504,259,3,2
504,260,3,2
504,261,3,2
504,262,3,2
504,263,3,2
504,264,3,2
504,265,3,2
504,266,3,2
504,267,3,2
504,268,3,2
504,269,3,2
504,270,3,2
504,271,3,2
504,272,3,2
504,273,3,2
504,274,3,2
504,275,3,2
504,276,3,2
504,277,3,2
504,278,3,2
504,279,3,2
504,280,3,2
504,281,3,2
504,282,3,2
504,283,3,2
504,284,3,2
504,285,3,2
504,286,3,2
504,287,3,2
504,288,3,2
504,289,3,2
504,290,3,2
504,291,3,2
504,292,3,2
504,293,3,2
504,294,3,2
504,295,3,2
504,296,3,2
504,297,3,2
504,298,3,2
504,299,3,2
504,300,3,2
504,301,3,2
504,302,3,2
504,303,3,2
504,304,3,2
504,305,3,2
504,306,3,2
504,307,3,2
504,308,3,2
504,309,3,2
504,310,3,2
504,311,3,2
504,312,3,2
504,313,3,2
504,314,3,2
504,315,3,2
504,316,3,2
504,317,3,2
504,318,3,2
504,319,3,2
504,320,3,2
504,321,3,2
504,322,3,2
504,323,3,2
504,324,3,2
504,325,3,2
504,326,3,2
504,327,3,2
504,328,3,2
504,329,3,2
504,330,3,2
504,331,3,2
504,332,3,2
504,333,3,2
504,334,3,2
504,335,3,2
504,336,3,2
504,337,3,2
504,338,3,2
504,339,3,2
504,340,3,2
504,341,3,2
504,342,3,2
504,343,3,2
504,344,3,2
504,345,3,2
504,346,3,2
504,347,3,2
504,348,3,2
504,349,3,2
504,350,3,2
504,351,3,2
504,352,3,2
504,353,3,2
504,354,3,2
504,355,3,2
504,356,3,2
504,357,3,2
504,358,3,2
504,359,3,2
504,360,3,2
504,361,3,2
504,362,3,2
504,363,3,2
504,364,3,2
504,365,3,2
504,366,3,2
504,367,3,2
504,368,3,2
504,369,3,2
504,370,3,2
504,371,3,2
504,372,3,2
504,373,3,2
504,374,3,2
504,375,3,2
504,376,3,2
504,377,3,2
504,378,3,2
504,379,3,2
504,380,3,2
504,381,3,2
504,382,3,2
504,383,3,2
504,384,3,2
504,385,3,2
504,386,3,2
504,387,3,2
504,388,3,2
504,389,3,2
504,390,3,2
504,391,3,2
504,392,3,2
504,393,3,2
504,394,3,2
504,395,3,2
504,396,3,2
504,397,3,2
504,398,3,2
504,399,3,2
504,400,3,2
504,401,3,2
504,402,3,2
504,403,3,2
504,404,3,2
504,405,3,2
504,406,3,2
504,407,3,2
504,408,3,2
504,409,3,2
504,410,3,2
504,411,3,2
504,412,3,2
504,413,3,2
504,414,3,2
504,415,3,2
504,416,3,2
504,417,3,2
504,418,3,2
504,419,3,2
504,420,3,2
504,421,3,2
504,422,3,2
504,423,3,2
504,424,3,2
504,425,3,3
504,426,3,3
504,427,3,3
504,428,3,3
504,429,3,3
504,430,3,3
504,431,3,3
504,432,3,3
504,433,3,3
504,434,3,3
504,435,3,3
504,436,3,3
504,437,3,3
504,438,3,3
504,439,3,3
504,440,3,3
504,441,3,3
504,442,3,3
504,443,3,3
504,444,3,3
504,445,3,3
504,446,3,3
504,447,3,3
504,448,3,3
504,449,3,3
504,450,3,3
504,451,3,3
504,452,3,3
504,453,3,3
504,454,3,3
504,455,3,3
504,456,3,3
504,457,3,3
504,458,3,3
504,459,3,3
504,460,3,3
504,461,3,3
504,462,3,3
504,463,3,3
504,464,3,3
504,465,3,3
504,466,3,3
504,467,3,3
504,468,3,3
504,469,3,3
504,470,3,3
504,471,3,3
504,472,3,2
504,473,3,2
504,474,3,2
504,475,3,2
504,476,3,2
504,477,3,2
504,478,3,2
504,479,3,2
504,480,3,2
504,481,3,2
504,482,3,2
504,483,3,2
504,484,3,2
504,485,3,2
504,486,3,2
504,487,3,2
504,488,3,2
504,489,3,2
504,490,3,2
504,491,3,2
504,492,3,2
504,493,3,2
504,494,3,2
504,495,3,2
504,496,3,2
504,497,3,2
504,498,3,2
504,499,3,2
504,500,3,2
504,501,3,2
504,502,3,2
504,503,3,2
504,504,3,2
504,505,3,2
504,506,3,2
504,507,3,2
504,508,3,2
504,509,3,2
504,510,3,2
504,511,3,2
504,512,3,2
504,513,3,2
504,514,3,2
504,515,3,2
504,516,3,2
504,517,3,2
504,518,3,2
504,519,3,2
504,520,3,2
504,521,3,2
504,522,3,2
504,523,3,2
504,524,3,2
504,525,3,2
504,526,3,2
504,527,3,2
504,528,3,2
504,529,3,2
504,530,3,2
504,531,3,2
504,532,3,2
504,533,3,2
504,534,3,2
504,535,3,2
504,536,3,2
504,537,3,2
504,538,3,2
504,539,3,2
504,540,3,2
504,541,3,2
504,542,3,2
504,543,3,2
504,544,3,2
504,545,3,2
504,546,3,2
504,547,3,2
504,548,3,2
504,549,3,2
504,550,3,2
504,551,3,2
504,552,3,2
504,553,3,2
504,554,3,2
504,555,3,2
504,556,3,2
504,557,3,2
504,558,3,2
504,559,3,2
504,560,3,2
504,561,3,2
504,562,3,2
504,563,3,2
504,564,3,2
504,565,3,2
504,566,3,2
504,567,3,2
504,568,3,2
504,569,3,2
504,570,3,2
504,571,3,2
504,572,3,2
504,573,3,2
504,574,3,2
504,575,3,2
504,576,3,2
504,577,3,2
504,578,3,2
504,579,3,2
504,580,3,2
504,581,3,2
504,582,3,2
504,583,3,2
504,584,3,2
504,585,3,2
504,586,3,2
504,587,3,2
504,588,3,2
504,589,3,2
504,590,3,2
504,591,3,2
504,592,3,2
504,593,3,2
504,594,3,2
504,595,3,2
504,596,3,2
504,597,3,2
504,598,3,2
504,599,3,2
504,600,3,2
504,601,3,2
504,602,3,2
504,603,3,2
504,604,3,2
504,605,3,2
504,606,3,2
504,607,3,2
504,608,3,2
504,609,3,2
504,610,3,2
504,611,3,2
504,612,3,2
504,613,3,2
504,614,3,2
504,615,3,2
504,616,3,2
504,617,3,2
504,618,3,2
504,619,3,2
504,620,3,2
504,621,3,2
504,622,3,2
504,623,3,2
504,624,3,2
504,625,3,2
504,626,3,2
504,627,3,2
504,628,3,2
504,629,3,2
504,630,3,2
504,631,3,2
504,632,3,2
504,633,3,2
504,634,3,2
504,635,3,2
504,636,3,2
504,637,3,2
504,638,3,2
504,639,3,2
504,640,3,2
504,641,3,2
504,642,3,2
504,643,3,2
504,644,3,2
504,645,3,2
504,646,3,2
504,647,3,2
504,648,3,2
504,649,3,2
504,650,3,2
504,651,3,2
504,652,3,2
504,653,3,2
504,654,3,2
504,655,3,2
504,656,3,2
504,657,3,2
504,658,3,2
504,659,3,2
504,660,3,2
504,661,3,2
505,78,3,2
505,79,3,2
505,80,3,2
505,81,3,2
505,82,3,2
505,83,3,2
505,84,3,2
505,85,3,2
505,86,3,2
505,87,3,2
505,88,3,2
505,89,3,2
505,90,3,2
505,91,3,2
505,92,3,2
505,93,3,2
505,94,3,2
505,95,3,2
505,96,3,2
505,97,3,2
505,98,3,2
505,99,3,2
505,100,3,2
505,101,3,2
505,102,3,2
505,103,3,2
505,104,3,2
505,105,3,2
505,106,3,2
505,107,3,2
505,108,3,2
505,109,3,2
505,110,3,2
505,111,3,2
505,112,3,2
505,113,3,2
505,114,3,2
505,115,3,2
505,116,3,2
505,117,3,2
505,118,3,2
505,119,3,2
505,120,3,2
505,121,3,2
505,122,3,2
505,123,3,2
505,124,3,2
505,125,3,2
505,126,3,2
505,127,3,2
505,128,3,2
505,129,3,2
505,130,3,2
505,131,3,2
505,132,3,2
505,133,3,2
505,134,3,2
505,135,3,2
505,136,3,2
505,137,3,2
505,138,3,2
505,139,3,2
505,140,3,2
505,141,3,2
505,142,3,2
505,143,3,2
505,144,3,2
505,145,3,2
505,146,3,2
505,147,3,2
505,148,3,2
505,149,3,2
505,150,3,2
505,151,3,2
505,152,3,2
505,153,3,2
505,154,3,2
505,155,3,2
505,156,3,2
505,157,3,2
505,158,3,2
505,159,3,2
505,160,3,2
505,161,3,2
505,162,3,2
505,163,3,2
505,164,3,2
505,165,3,2
505,166,3,2
505,167,3,2
505,168,3,2
505,169,3,2
505,170,3,2
505,171,3,2
505,172,3,2
505,173,3,2
505,174,3,2
505,175,3,2
505,176,3,2
505,177,3,2
505,178,3,2
505,179,3,2
505,180,3,2
505,181,3,2
505,182,3,2
505,183,3,2
505,184,3,2
505,185,3,2
505,186,3,2
505,187,3,2
505,188,3,2
505,189,3,2
505,190,3,2
505,191,3,2
505,192,3,2
505,193,3,2
505,194,3,2
505,195,3,2
505,196,3,2
505,197,3,2
505,198,3,2
505,199,3,2
505,200,3,2
505,201,3,2
505,202,3,2
505,203,3,2
505,204,3,2
505,205,3,2
505,206,3,2
505,207,3,2
505,208,3,2
505,209,3,2
505,210,3,2
505,211,3,2
505,212,3,2
505,213,3,2
505,214,3,2
505,215,3,2
505,216,3,2
505,217,3,2
505,218,3,2
505,219,3,2
505,220,3,2
505,221,3,2
505,222,3,2
505,223,3,2
505,224,3,2
505,225,3,2
505,226,3,2
505,227,3,2
505,228,3,2
505,229,3,2
505,230,3,2
505,231,3,2
505,232,3,2
505,233,3,2
505,234,3,2
505,235,3,2
505,236,3,2
505,237,3,2
505,238,3,2
505,239,3,2
505,240,3,2
505,241,3,2
505,242,3,2
505,243,3,2
505,244,3,2
505,245,3,2
505,246,3,2
505,247,3,2
505,248,3,2
505,249,3,2
505,250,3,2
505,251,3,2
505,252,3,2
505,253,3,2
505,254,3,2
505,255,3,2
505,256,3,2
505,257,3,2
505,258,3,2
505,259,3,2
505,260,3,2
505,261,3,2
505,262,3,2
505,263,3,2
505,264,3,2
505,265,3,2
505,266,3,2
505,267,3,2
505,268,3,2
505,269,3,2
505,270,3,2
505,271,3,2
505,272,3,2
505,273,3,2
505,274,3,2
505,275,3,2
505,276,3,2
505,277,3,2
505,278,3,2
505,279,3,2
505,280,3,2
505,281,3,2
505,282,3,2
505,283,3,2
505,284,3,2
505,285,3,2
505,286,3,2
505,287,3,2
505,288,3,2
505,289,3,2
505,290,3,2
505,291,3,2
505,292,3,2
505,293,3,2
505,294,3,2
505,295,3,2
505,296,3,2
505,297,3,2
505,298,3,2
505,299,3,2
505,300,3,2
505,301,3,2
505,302,3,2
505,303,3,2
505,304,3,2
505,305,3,2
505,306,3,2
505,307,3,2
505,308,3,2
505,309,3,2
505,310,3,2
505,311,3,2
505,312,3,2
505,313,3,2
505,314,3,2
505,315,3,2
505,316,3,2
505,317,3,2
505,318,3,2
505,319,3,2
505,320,3,2
505,321,3,2
505,322,3,2
505,323,3,2
505,324,3,2
505,325,3,2
505,326,3,2
505,327,3,2
505,328,3,2
505,329,3,2
505,330,3,2
505,331,3,2
505,332,3,2
505,333,3,2
505,334,3,2
505,335,3,2
505,336,3,2
505,337,3,2
505,338,3,2
505,339,3,2
505,340,3,2
505,341,3,2
505,342,3,2
505,343,3,2
505,344,3,2
505,345,3,2
505,346,3,2
505,347,3,2
505,348,3,2
505,349,3,2
505,350,3,2
505,351,3,2
505,352,3,2
505,353,3,2
505,354,3,2
505,355,3,2
505,356,3,2
505,357,3,2
505,358,3,2
505,359,3,2
505,360,3,2
505,361,3,2
505,362,3,2
505,363,3,2
505,364,3,2
505,365,3,2
505,366,3,2
505,367,3,2
505,368,3,2
505,369,3,2
505,370,3,2
505,371,3,2
505,372,3,2
505,373,3,2
505,374,3,2
505,375,3,2
505,376,3,2
505,377,3,2
505,378,3,2
505,379,3,2
505,380,3,2
505,381,3,2
505,382,3,2
505,383,3,2
505,384,3,2
505,385,3,2
505,386,3,2
505,387,3,2
505,388,3,2
505,389,3,2
505,390,3,2
505,391,3,2
505,392,3,2
505,393,3,2
505,394,3,2
505,395,3,2
505,396,3,2
505,397,3,2
505,398,3,2
505,399,3,2
505,400,3,2
505,401,3,2
505,402,3,2
505,403,3,2
505,404,3,2
505,405,3,2
505,406,3,2
505,407,3,2
505,408,3,2
505,409,3,2
505,410,3,2
505,411,3,2
505,412,3,2
505,413,3,2
505,414,3,2
505,415,3,2
505,416,3,2
505,417,3,2
505,418,3,2
505,419,3,2
505,420,3,2
505,421,3,2
505,422,3,2
505,423,3,2
505,424,3,3
505,425,3,3
505,426,3,3
505,427,3,3
505,428,3,3
505,429,3,3
505,430,3,3
505,431,3,3
505,432,3,3
505,433,3,3
505,434,3,3
505,435,3,3
505,436,3,3
505,437,3,3
505,438,3,3
505,439,3,3
505,440,3,3
505,441,3,3
505,442,3,3
505,443,3,3
505,444,3,3
505,445,3,3
505,446,3,3
505,447,3,3
505,448,3,3
505,449,3,3
505,450,3,3
505,451,3,3
505,452,3,3
505,453,3,3
505,454,3,3
505,455,3,3
505,456,3,3
505,457,3,3
505,458,3,3
505,459,3,3
505,460,3,3
505,461,3,3
505,462,3,3
505,463,3,3
505,464,3,3
505,465,3,3
505,466,3,3
505,467,3,3
505,468,3,3
505,469,3,3
505,470,3,3
505,471,3,3
505,472,3,3
505,473,3,2
505,474,3,2
505,475,3,2
505,476,3,2
505,477,3,2
505,478,3,2
505,479,3,2
505,480,3,2
505,481,3,2
505,482,3,2
505,483,3,2
505,484,3,2
505,485,3,2
505,486,3,2
505,487,3,2
505,488,3,2
505,489,3,2
505,490,3,2
505,491,3,2
505,492,3,2
505,493,3,2
505,494,3,2
505,495,3,2
505,496,3,2
505,497,3,2
505,498,3,2
505,499,3,2
505,500,3,2
505,501,3,2
505,502,3,2
505,503,3,2
505,504,3,2
505,505,3,2
505,506,3,2
505,507,3,2
505,508,3,2
505,509,3,2
505,510,3,2
505,511,3,2
505,512,3,2
505,513,3,2
505,514,3,2
505,515,3,2
505,516,3,2
505,517,3,2
505,518,3,2
505,519,3,2
505,520,3,2
505,521,3,2
505,522,3,2
505,523,3,2
505,524,3,2
505,525,3,2
505,526,3,2
505,527,3,2
505,528,3,2
505,529,3,2
505,530,3,2
505,531,3,2
505,532,3,2
505,533,3,2
505,534,3,2
505,535,3,2
505,536,3,2
505,537,3,2
505,538,3,2
505,539,3,2
505,540,3,2
505,541,3,2
505,542,3,2
505,543,3,2
505,544,3,2
505,545,3,2
505,546,3,2
505,547,3,2
505,548,3,2
505,549,3,2
505,550,3,2
505,551,3,2
505,552,3,2
505,553,3,2
505,554,3,2
505,555,3,2
505,556,3,2
505,557,3,2
505,558,3,2
505,559,3,2
505,560,3,2
505,561,3,2
505,562,3,2
505,563,3,2
505,564,3,2
505,565,3,2
505,566,3,2
505,567,3,2
505,568,3,2
505,569,3,2
505,570,3,2
505,571,3,2
505,572,3,2
505,573,3,2
505,574,3,2
505,575,3,2
505,576,3,2
505,577,3,2
505,578,3,2
505,579,3,2
505,580,3,2
505,581,3,2
505,582,3,2
505,583,3,2
505,584,3,2
505,585,3,2
505,586,3,2
505,587,3,2
505,588,3,2
505,589,3,2
505,590,3,2
505,591,3,2
505,592,3,2
505,593,3,2
505,594,3,2
505,595,3,2
505,596,3,2
505,597,3,2
505,598,3,2
505,599,3,2
505,600,3,2
505,601,3,2
505,602,3,2
505,603,3,2
505,604,3,2
505,605,3,2
505,606,3,2
505,607,3,2
505,608,3,2
505,609,3,2
505,610,3,2
505,611,3,2
505,612,3,2
505,613,3,2
505,614,3,2
505,615,3,2
505,616,3,2
505,617,3,2
505,618,3,2
505,619,3,2
505,620,3,2
505,621,3,2
505,622,3,2
505,623,3,2
505,624,3,2
505,625,3,2
505,626,3,2
505,627,3,2
505,628,3,2
505,629,3,2
505,630,3,2
505,631,3,2
505,632,3,2
505,633,3,2
505,634,3,2
505,635,3,2
505,636,3,2
505,637,3,2
505,638,3,2
505,639,3,2
505,640,3,2
505,641,3,2
505,642,3,2
505,643,3,2
505,644,3,2
505,645,3,2
505,646,3,2
505,647,3,2
505,648,3,2
505,649,3,2
505,650,3,2
505,651,3,2
505,652,3,2
505,653,3,2
505,654,3,2
505,655,3,2
505,656,3,2
505,657,3,2
505,658,3,2
505,659,3,2
505,660,3,2
505,661,3,2
506,78,3,2
506,79,3,2
506,80,3,2
506,81,3,2
506,82,3,2
506,83,3,2
506,84,3,2
506,85,3,2
506,86,3,2
506,87,3,2
506,88,3,2
506,89,3,2
506,90,3,2
506,91,3,2
506,92,3,2
506,93,3,2
506,94,3,2
506,95,3,2
506,96,3,2
506,97,3,2
506,98,3,2
506,99,3,2
506,100,3,2
506,101,3,2
506,102,3,2
506,103,3,2
506,104,3,2
506,105,3,2
506,106,3,2
506,107,3,2
506,108,3,2
506,109,3,2
506,110,3,2
506,111,3,2
506,112,3,2
506,113,3,2
506,114,3,2
506,115,3,2
506,116,3,2
506,117,3,2
506,118,3,2
506,119,3,2
506,120,3,2
506,121,3,2
506,122,3,2
506,123,3,2
506,124,3,2
506,125,3,2
506,126,3,2
506,127,3,2
506,128,3,2
506,129,3,2
506,130,3,2
506,131,3,2
506,132,3,2
506,133,3,2
506,134,3,2
506,135,3,2
506,136,3,2
506,137,3,2
506,138,3,2
506,139,3,2
506,140,3,2
506,141,3,2
506,142,3,2
506,143,3,2
506,144,3,2
506,145,3,2
506,146,3,2
506,147,3,2
506,148,3,2
506,149,3,2
506,150,3,2
506,151,3,2
506,152,3,2
506,153,3,2
506,154,3,2
506,155,3,2
506,156,3,2
506,157,3,2
506,158,3,2
506,159,3,2
506,160,3,2
506,161,3,2
506,162,3,2
506,163,3,2
506,164,3,2
506,165,3,2
506,166,3,2
506,167,3,2
506,168,3,2
506,169,3,2
506,170,3,2
506,171,3,2
506,172,3,2
506,173,3,2
506,174,3,2
506,175,3,2
506,176,3,2
506,177,3,2
506,178,3,2
506,179,3,2
506,180,3,2
506,181,3,2
506,182,3,2
506,183,3,2
506,184,3,2
506,185,3,2
506,186,3,2
506,187,3,2
506,188,3,2
506,189,3,2
506,190,3,2
506,191,3,2
506,192,3,2
506,193,3,2
506,194,3,2
506,195,3,2
506,196,3,2
506,197,3,2
506,198,3,2
506,199,3,2
506,200,3,2
506,201,3,2
506,202,3,2
506,203,3,2
506,204,3,2
506,205,3,2
506,206,3,2
506,207,3,2
506,208,3,2
506,209,3,2
506,210,3,2
506,211,3,2
506,212,3,2
506,213,3,2
506,214,3,2
506,215,3,2
506,216,3,2
506,217,3,2
506,218,3,2
506,219,3,2
506,220,3,2
506,221,3,2
506,222,3,2
506,223,3,2
506,224,3,2
506,225,3,2
506,226,3,2
506,227,3,2
506,228,3,2
506,229,3,2
506,230,3,2
506,231,3,2
506,232,3,2
506,233,3,2
506,234,3,2
506,235,3,2
506,236,3,2
506,237,3,2
506,238,3,2
506,239,3,2
506,240,3,2
506,241,3,2
506,242,3,2
506,243,3,2
506,244,3,2
506,245,3,2
506,246,3,2
506,247,3,2
506,248,3,2
506,249,3,2
506,250,3,2
506,251,3,2
506,252,3,2
506,253,3,2
506,254,3,2
506,255,3,2
506,256,3,2
506,257,3,2
506,258,3,2
506,259,3,2
506,260,3,2
506,261,3,2
506,262,3,2
506,263,3,2
506,264,3,2
506,265,3,2
506,266,3,2
506,267,3,2
506,268,3,2
506,269,3,2
506,270,3,2
506,271,3,2
506,272,3,2
506,273,3,2
506,274,3,2
506,275,3,2
506,276,3,2
506,277,3,2
506,278,3,2
506,279,3,2
506,280,3,2
506,281,3,2
506,282,3,2
506,283,3,2
506,284,3,2
506,285,3,2
506,286,3,2
506,287,3,2
506,288,3,2
506,289,3,2
506,290,3,2
506,291,3,2
506,292,3,2
506,293,3,2
506,294,3,2
506,295,3,2
506,296,3,2
506,297,3,2
506,298,3,2
506,299,3,2
506,300,3,2
506,301,3,2
506,302,3,2
506,303,3,2
506,304,3,2
506,305,3,2
506,306,3,2
506,307,3,2
506,308,3,2
506,309,3,2
506,310,3,2
506,311,3,2
506,312,3,2
506,313,3,2
506,314,3,2
506,315,3,2
506,316,3,2
506,317,3,2
506,318,3,2
506,319,3,2
506,320,3,2
506,321,3,2
506,322,3,2
506,323,3,2
506,324,3,2
506,325,3,2
506,326,3,2
506,327,3,2
506,328,3,2
506,329,3,2
506,330,3,2
506,331,3,2
506,332,3,2
506,333,3,2
506,334,3,2
506,335,3,2
506,336,3,2
506,337,3,2
506,338,3,2
506,339,3,2
506,340,3,2
506,341,3,2
506,342,3,2
506,343,3,2
506,344,3,2
506,345,3,2
506,346,3,2
506,347,3,2
506,348,3,2
506,349,3,2
506,350,3,2
506,351,3,2
506,352,3,2
506,353,3,2
506,354,3,2
506,355,3,2
506,356,3,2
506,357,3,2
506,358,3,2
506,359,3,2
506,360,3,2
506,361,3,2
506,362,3,2
506,363,3,2
506,364,3,2
506,365,3,2
506,366,3,2
506,367,3,2
506,368,3,2
506,369,3,2
506,370,3,2
506,371,3,2
506,372,3,2
506,373,3,2
506,374,3,2
506,375,3,2
506,376,3,2
506,377,3,2
506,378,3,2
506,379,3,2
506,380,3,2
506,381,3,2
506,382,3,2
506,383,3,2
506,384,3,2
506,385,3,2
506,386,3,2
506,387,3,2
506,388,3,2
506,389,3,2
506,390,3,2
506,391,3,2
506,392,3,2
506,393,3,2
506,394,3,2
506,395,3,2
506,396,3,2
506,397,3,2
506,398,3,2
506,399,3,2
506,400,3,2
506,401,3,2
506,402,3,2
506,403,3,2
506,404,3,2
506,405,3,2
506,406,3,2
506,407,3,2
506,408,3,2
506,409,3,2
506,410,3,2
506,411,3,2
506,412,3,2
506,413,3,2
506,414,3,2
506,415,3,2
506,416,3,2
506,417,3,2
506,418,3,2
506,419,3,2
506,420,3,2
506,421,3,2
506,422,3,2
506,423,3,2
506,424,3,3
506,425,3,3
506,426,3,3
506,427,3,3
506,428,3,3
506,429,3,3
506,430,3,3
506,431,3,3
506,432,3,3
506,433,3,3
506,434,3,3
506,435,3,3
506,436,3,3
506,437,3,3
506,438,3,3
506,439,3,3
506,440,3,3
506,441,3,3
506,442,3,3
506,443,3,3
506,444,3,3
506,445,3,3
506,446,3,3
506,447,3,3
506,448,3,3
506,449,3,3
506,450,3,3
506,451,3,3
506,452,3,3
506,453,3,3
506,454,3,3
506,455,3,3
506,456,3,3
506,457,3,3
506,458,3,3
506,459,3,3
506,460,3,3
506,461,3,3
506,462,3,3
506,463,3,3
506,464,3,3
506,465,3,3
506,466,3,3
506,467,3,3
506,468,3,3
506,469,3,3
506,470,3,3
506,471,3,3
506,472,3,3
506,473,3,3
506,474,3,3
506,475,3,2
506,476,3,2
506,477,3,2
506,478,3,2
506,479,3,2
506,480,3,2
506,481,3,2
506,482,3,2
506,483,3,2
506,484,3,2
506,485,3,2
506,486,3,2
506,487,3,2
506,488,3,2
506,489,3,2
506,490,3,2
506,491,3,2
506,492,3,2
506,493,3,2
506,494,3,2
506,495,3,2
506,496,3,2
506,497,3,2
506,498,3,2
506,499,3,2
506,500,3,2
506,501,3,2
506,502,3,2
506,503,3,2
506,504,3,2
506,505,3,2
506,506,3,2
506,507,3,2
506,508,3,2
506,509,3,2
506,510,3,2
506,511,3,2
506,512,3,2
506,513,3,2
506,514,3,2
506,515,3,2
506,516,3,2
506,517,3,2
506,518,3,2
506,519,3,2
506,520,3,2
506,521,3,2
506,522,3,2
506,523,3,2
506,524,3,2
506,525,3,2
506,526,3,2
506,527,3,2
506,528,3,2
506,529,3,2
506,530,3,2
506,531,3,2
506,532,3,2
506,533,3,2
506,534,3,2
506,535,3,2
506,536,3,2
506,537,3,2
506,538,3,2
506,539,3,2
506,540,3,2
506,541,3,2
506,542,3,2
506,543,3,2
506,544,3,2
506,545,3,2
506,546,3,2
506,547,3,2
506,548,3,2
506,549,3,2
506,550,3,2
506,551,3,2
506,552,3,2
506,553,3,2
506,554,3,2
506,555,3,2
506,556,3,2
506,557,3,2
506,558,3,2
506,559,3,2
506,560,3,2
506,561,3,2
506,562,3,2
506,563,3,2
506,564,3,2
506,565,3,2
506,566,3,2
506,567,3,2
506,568,3,2
506,569,3,2
506,570,3,2
506,571,3,2
506,572,3,2
506,573,3,2
506,574,3,2
506,575,3,2
506,576,3,2
506,577,3,2
506,578,3,2
506,579,3,2
506,580,3,2
506,581,3,2
506,582,3,2
506,583,3,2
506,584,3,2
506,585,3,2
506,586,3,2
506,587,3,2
506,588,3,2
506,589,3,2
506,590,3,2
506,591,3,2
506,592,3,2
506,593,3,2
506,594,3,2
506,595,3,2
506,596,3,2
506,597,3,2
506,598,3,2
506,599,3,2
506,600,3,2
506,601,3,2
506,602,3,2
506,603,3,2
506,604,3,2
506,605,3,2
506,606,3,2
506,607,3,2
506,608,3,2
506,609,3,2
506,610,3,2
506,611,3,2
506,612,3,2
506,613,3,2
506,614,3,2
506,615,3,2
506,616,3,2
506,617,3,2
506,618,3,2
506,619,3,2
506,620,3,2
506,621,3,2
506,622,3,2
506,623,3,2
506,624,3,2
506,625,3,2
506,626,3,2
506,627,3,2
506,628,3,2
506,629,3,2
506,630,3,2
506,631,3,2
506,632,3,2
506,633,3,2
506,634,3,2
506,635,3,2
506,636,3,2
506,637,3,2
506,638,3,2
506,639,3,2
506,640,3,2
506,641,3,2
506,642,3,2
506,643,3,2
506,644,3,2
506,645,3,2
506,646,3,2
506,647,3,2
506,648,3,2
506,649,3,2
506,650,3,2
506,651,3,2
506,652,3,2
506,653,3,2
506,654,3,2
506,655,3,2
506,656,3,2
506,657,3,2
506,658,3,2
506,659,3,2
506,660,3,2
507,78,3,2
507,79,3,2
507,80,3,2
507,81,3,2
507,82,3,2
507,83,3,2
507,84,3,2
507,85,3,2
507,86,3,2
507,87,3,2
507,88,3,2
507,89,3,2
507,90,3,2
507,91,3,2
507,92,3,2
507,93,3,2
507,94,3,2
507,95,3,2
507,96,3,2
507,97,3,2
507,98,3,2
507,99,3,2
507,100,3,2
507,101,3,2
507,102,3,2
507,103,3,2
507,104,3,2
507,105,3,2
507,106,3,2
507,107,3,2
507,108,3,2
507,109,3,2
507,110,3,2
507,111,3,2
507,112,3,2
507,113,3,2
507,114,3,2
507,115,3,2
507,116,3,2
507,117,3,2
507,118,3,2
507,119,3,2
507,120,3,2
507,121,3,2
507,122,3,2
507,123,3,2
507,124,3,2
507,125,3,2
507,126,3,2
507,127,3,2
507,128,3,2
507,129,3,2
507,130,3,2
507,131,3,2
507,132,3,2
507,133,3,2
507,134,3,2
507,135,3,2
507,136,3,2
507,137,3,2
507,138,3,2
507,139,3,2
507,140,3,2
507,141,3,2
507,142,3,2
507,143,3,2
507,144,3,2
507,145,3,2
507,146,3,2
507,147,3,2
507,148,3,2
507,149,3,2
507,150,3,2
507,151,3,2
507,152,3,2
507,153,3,2
507,154,3,2
507,155,3,2
507,156,3,2
507,157,3,2
507,158,3,2
507,159,3,2
507,160,3,2
507,161,3,2
507,162,3,2
507,163,3,2
507,164,3,2
507,165,3,2
507,166,3,2
507,167,3,2
507,168,3,2
507,169,3,2
507,170,3,2
507,171,3,2
507,172,3,2
507,173,3,2
507,174,3,2
507,175,3,2
507,176,3,2
507,177,3,2
507,178,3,2
507,179,3,2
507,180,3,2
507,181,3,2
507,182,3,2
507,183,3,2
507,184,3,2
507,185,3,2
507,186,3,2
507,187,3,2
507,188,3,2
507,189,3,2
507,190,3,2
507,191,3,2
507,192,3,2
507,193,3,2
507,194,3,2
507,195,3,2
507,196,3,2
507,197,3,2
507,198,3,2
507,199,3,2
507,200,3,2
507,201,3,2
507,202,3,2
507,203,3,2
507,204,3,2
507,205,3,2
507,206,3,2
507,207,3,2
507,208,3,2
507,209,3,2
507,210,3,2
507,211,3,2
507,212,3,2
507,213,3,2
507,214,3,2
507,215,3,2
507,216,3,2
507,217,3,2
507,218,3,2
507,219,3,2
507,220,3,2
507,221,3,2
507,222,3,2
507,223,3,2
507,224,3,2
507,225,3,2
507,226,3,2
507,227,3,2
507,228,3,2
507,229,3,2
507,230,3,2
507,231,3,2
507,232,3,2
507,233,3,2
507,234,3,2
507,235,3,2
507,236,3,2
507,237,3,2
507,238,3,2
507,239,3,2
507,240,3,2
507,241,3,2
507,242,3,2
507,243,3,2
507,244,3,2
507,245,3,2
507,246,3,2
507,247,3,2
507,248,3,2
507,249,3,2
507,250,3,2
507,251,3,2
507,252,3,2
507,253,3,2
507,254,3,2
507,255,3,2
507,256,3,2
507,257,3,2
507,258,3,2
507,259,3,2
507,260,3,2
507,261,3,2
507,262,3,2
507,263,3,2
507,264,3,2
507,265,3,2
507,266,3,2
507,267,3,2
507,268,3,2
507,269,3,2
507,270,3,2
507,271,3,2
507,272,3,2
507,273,3,2
507,274,3,2
507,275,3,2
507,276,3,2
507,277,3,2
507,278,3,2
507,279,3,2
507,280,3,2
507,281,3,2
507,282,3,2
507,283,3,2
507,284,3,2
507,285,3,2
507,286,3,2
507,287,3,2
507,288,3,2
507,289,3,2
507,290,3,2
507,291,3,2
507,292,3,2
507,293,3,2
507,294,3,2
507,295,3,2
507,296,3,2
507,297,3,2
507,298,3,2
507,299,3,2
507,300,3,2
507,301,3,2
507,302,3,2
507,303,3,2
507,304,3,2
507,305,3,2
507,306,3,2
507,307,3,2
507,308,3,2
507,309,3,2
507,310,3,2
507,311,3,2
507,312,3,2
507,313,3,2
507,314,3,2
507,315,3,2
507,316,3,2
507,317,3,2
507,318,3,2
507,319,3,2
507,320,3,2
507,321,3,2
507,322,3,2
507,323,3,2
507,324,3,2
507,325,3,2
507,326,3,2
507,327,3,2
507,328,3,2
507,329,3,2
507,330,3,2
507,331,3,2
507,332,3,2
507,333,3,2
507,334,3,2
507,335,3,2
507,336,3,2
507,337,3,2
507,338,3,2
507,339,3,2
507,340,3,2
507,341,3,2
507,342,3,2
507,343,3,2
507,344,3,2
507,345,3,2
507,346,3,2
507,347,3,2
507,348,3,2
507,349,3,2
507,350,3,2
507,351,3,2
507,352,3,2
507,353,3,2
507,354,3,2
507,355,3,2
507,356,3,2
507,357,3,2
507,358,3,2
507,359,3,2
507,360,3,2
507,361,3,2
507,362,3,2
507,363,3,2
507,364,3,2
507,365,3,2
507,366,3,2
507,367,3,2
507,368,3,2
507,369,3,2
507,370,3,2
507,371,3,2
507,372,3,2
507,373,3,2
507,374,3,2
507,375,3,2
507,376,3,2
507,377,3,2
507,378,3,2
507,379,3,2
507,380,3,2
507,381,3,2
507,382,3,2
507,383,3,2
507,384,3,2
507,385,3,2
507,386,3,2
507,387,3,2
507,388,3,2
507,389,3,2
507,390,3,2
507,391,3,2
507,392,3,2
507,393,3,2
507,394,3,2
507,395,3,2
507,396,3,2
507,397,3,2
507,398,3,2
507,399,3,2
507,400,3,2
507,401,3,2
507,402,3,2
507,403,3,2
507,404,3,2
507,405,3,2
507,406,3,2
507,407,3,2
507,408,3,2
507,409,3,2
507,410,3,2
507,411,3,2
507,412,3,2
507,413,3,2
507,414,3,2
507,415,3,2
507,416,3,2
507,417,3,2
507,418,3,2
507,419,3,2
507,420,3,2
507,421,3,2
507,422,3,2
507,423,3,2
507,424,3,3
507,425,3,3
507,426,3,3
507,427,3,3
507,428,3,3
507,429,3,3
507,430,3,3
507,431,3,3
507,432,3,3
507,433,3,3
507,434,3,3
507,435,3,3
507,436,3,3
507,437,3,3
507,438,3,3
507,439,3,3
507,440,3,3
507,441,3,3
507,442,3,3
507,443,3,3
507,444,3,3
507,445,3,3
507,446,3,3
507,447,3,3
507,448,3,3
507,449,3,3
507,450,3,3
507,451,3,3
507,452,3,3
507,453,3,3
507,454,3,3
507,455,3,3
507,456,3,3
507,457,3,3
507,458,3,3
507,459,3,3
507,460,3,3
507,461,3,3
507,462,3,3
507,463,3,3
507,464,3,3
507,465,3,3
507,466,3,3
507,467,3,3
507,468,3,3
507,469,3,3
507,470,3,3
507,471,3,3
507,472,3,3
507,473,3,3
507,474,3,3
507,475,3,3
507,476,3,2
507,477,3,2
507,478,3,2
507,479,3,2
507,480,3,2
507,481,3,2
507,482,3,2
507,483,3,2
507,484,3,2
507,485,3,2
507,486,3,2
507,487,3,2
507,488,3,2
507,489,3,2
507,490,3,2
507,491,3,2
507,492,3,2
507,493,3,2
507,494,3,2
507,495,3,2
507,496,3,2
507,497,3,2
507,498,3,2
507,499,3,2
507,500,3,2
507,501,3,2
507,502,3,2
507,503,3,2
507,504,3,2
507,505,3,2
507,506,3,2
507,507,3,2
507,508,3,2
507,509,3,2
507,510,3,2
507,511,3,2
507,512,3,2
507,513,3,2
507,514,3,2
507,515,3,2
507,516,3,2
507,517,3,2
507,518,3,2
507,519,3,2
507,520,3,2
507,521,3,2
507,522,3,2
507,523,3,2
507,524,3,2
507,525,3,2
507,526,3,2
507,527,3,2
507,528,3,2
507,529,3,2
507,530,3,2
507,531,3,2
507,532,3,2
507,533,3,2
507,534,3,2
507,535,3,2
507,536,3,2
507,537,3,2
507,538,3,2
507,539,3,2
507,540,3,2
507,541,3,2
507,542,3,2
507,543,3,2
507,544,3,2
507,545,3,2
507,546,3,2
507,547,3,2
507,548,3,2
507,549,3,2
507,550,3,2
507,551,3,2
507,552,3,2
507,553,3,2
507,554,3,2
507,555,3,2
507,556,3,2
507,557,3,2
507,558,3,2
507,559,3,2
507,560,3,2
507,561,3,2
507,562,3,2
507,563,3,2
507,564,3,2
507,565,3,2
507,566,3,2
507,567,3,2
507,568,3,2
507,569,3,2
507,570,3,2
507,571,3,2
507,572,3,2
507,573,3,2
507,574,3,2
507,575,3,2
507,576,3,2
507,577,3,2
507,578,3,2
507,579,3,2
507,580,3,2
507,581,3,2
507,582,3,2
507,583,3,2
507,584,3,2
507,585,3,2
507,586,3,2
507,587,3,2
507,588,3,2
507,589,3,2
507,590,3,2
507,591,3,2
507,592,3,2
507,593,3,2
507,594,3,2
507,595,3,2
507,596,3,2
507,597,3,2
507,598,3,2
507,599,3,2
507,600,3,2
507,601,3,2
507,602,3,2
507,603,3,2
507,604,3,2
507,605,3,2
507,606,3,2
507,607,3,2
507,608,3,2
507,609,3,2
507,610,3,2
507,611,3,2
507,612,3,2
507,613,3,2
507,614,3,2
507,615,3,2
507,616,3,2
507,617,3,2
507,618,3,2
507,619,3,2
507,620,3,2
507,621,3,2
507,622,3,2
507,623,3,2
507,624,3,2
507,625,3,2
507,626,3,2
507,627,3,2
507,628,3,2
507,629,3,2
507,630,3,2
507,631,3,2
507,632,3,2
507,633,3,2
507,634,3,2
507,635,3,2
507,636,3,2
507,637,3,2
507,638,3,2
507,639,3,2
507,640,3,2
507,641,3,3
507,642,3,3
507,643,3,2
507,644,3,2
507,645,3,2
507,646,3,2
507,647,3,2
507,648,3,2
507,649,3,2
507,650,3,2
507,651,3,2
507,652,3,2
507,653,3,2
507,654,3,2
507,655,3,2
507,656,3,2
507,657,3,2
507,658,3,2
507,659,3,2
507,660,3,2
508,78,3,2
508,79,3,2
508,80,3,2
508,81,3,2
508,82,3,2
508,83,3,2
508,84,3,2
508,85,3,2
508,86,3,2
508,87,3,2
508,88,3,2
508,89,3,2
508,90,3,2
508,91,3,2
508,92,3,2
508,93,3,2
508,94,3,2
508,95,3,2
508,96,3,2
508,97,3,2
508,98,3,2
508,99,3,2
508,100,3,2
508,101,3,2
508,102,3,2
508,103,3,2
508,104,3,2
508,105,3,2
508,106,3,2
508,107,3,2
508,108,3,2
508,109,3,2
508,110,3,2
508,111,3,2
508,112,3,2
508,113,3,2
508,114,3,2
508,115,3,2
508,116,3,2
508,117,3,2
508,118,3,2
508,119,3,2
508,120,3,2
508,121,3,2
508,122,3,2
508,123,3,2
508,124,3,2
508,125,3,2
508,126,3,2
508,127,3,2
508,128,3,2
508,129,3,2
508,130,3,2
508,131,3,2
508,132,3,2
508,133,3,2
508,134,3,2
508,135,3,2
508,136,3,2
508,137,3,2
508,138,3,2
508,139,3,2
508,140,3,2
508,141,3,2
508,142,3,2
508,143,3,2
508,144,3,2
508,145,3,2
508,146,3,2
508,147,3,2
508,148,3,2
508,149,3,2
508,150,3,2
508,151,3,2
508,152,3,2
508,153,3,2
508,154,3,2
508,155,3,2
508,156,3,2
508,157,3,2
508,158,3,2
508,159,3,2
508,160,3,2
508,161,3,2
508,162,3,2
508,163,3,2
508,164,3,2
508,165,3,2
508,166,3,2
508,167,3,2
508,168,3,2
508,169,3,2
508,170,3,2
508,171,3,2
508,172,3,2
508,173,3,2
508,174,3,2
508,175,3,2
508,176,3,2
508,177,3,2
508,178,3,2
508,179,3,2
508,180,3,2
508,181,3,2
508,182,3,2
508,183,3,2
508,184,3,2
508,185,3,2
508,186,3,2
508,187,3,2
508,188,3,2
508,189,3,2
508,190,3,2
508,191,3,2
508,192,3,2
508,193,3,2
508,194,3,2
508,195,3,2
508,196,3,2
508,197,3,2
508,198,3,2
508,199,3,2
508,200,3,2
508,201,3,2
508,202,3,2
508,203,3,2
508,204,3,2
508,205,3,2
508,206,3,2
508,207,3,2
508,208,3,2
508,209,3,2
508,210,3,2
508,211,3,2
508,212,3,2
508,213,3,2
508,214,3,2
508,215,3,2
508,216,3,2
508,217,3,2
508,218,3,2
508,219,3,2
508,220,3,2
508,221,3,2
508,222,3,2
508,223,3,2
508,224,3,2
508,225,3,2
508,226,3,2
508,227,3,2
508,228,3,2
508,229,3,2
508,230,3,2
508,231,3,2
508,232,3,2
508,233,3,2
508,234,3,2
508,235,3,2
508,236,3,2
508,237,3,2
508,238,3,2
508,239,3,2
508,240,3,2
508,241,3,2
508,242,3,2
508,243,3,2
508,244,3,2
508,245,3,2
508,246,3,2
508,247,3,2
508,248,3,2
508,249,3,2
508,250,3,2
508,251,3,2
508,252,3,2
508,253,3,2
508,254,3,2
508,255,3,2
508,256,3,2
508,257,3,2
508,258,3,2
508,259,3,2
508,260,3,2
508,261,3,2
508,262,3,2
508,263,3,2
508,264,3,2
508,265,3,2
508,266,3,2
508,267,3,2
508,268,3,2
508,269,3,2
508,270,3,2
508,271,3,2
508,272,3,2
508,273,3,2
508,274,3,2
508,275,3,2
508,276,3,2
508,277,3,2
508,278,3,2
508,279,3,2
508,280,3,2
508,281,3,2
508,282,3,2
508,283,3,2
508,284,3,2
508,285,3,2
508,286,3,2
508,287,3,2
508,288,3,2
508,289,3,2
508,290,3,2
508,291,3,2
508,292,3,2
508,293,3,2
508,294,3,2
508,295,3,2
508,296,3,2
508,297,3,2
508,298,3,2
508,299,3,2
508,300,3,2
508,301,3,2
508,302,3,2
508,303,3,2
508,304,3,2
508,305,3,2
508,306,3,2
508,307,3,2
508,308,3,2
508,309,3,2
508,310,3,2
508,311,3,2
508,312,3,2
508,313,3,2
508,314,3,2
508,315,3,2
508,316,3,2
508,317,3,2
508,318,3,2
508,319,3,2
508,320,3,2
508,321,3,2
508,322,3,2
508,323,3,2
508,324,3,2
508,325,3,2
508,326,3,2
508,327,3,2
508,328,3,2
508,329,3,2
508,330,3,2
508,331,3,2
508,332,3,2
508,333,3,2
508,334,3,2
508,335,3,2
508,336,3,2
508,337,3,2
508,338,3,2
508,339,3,2
508,340,3,2
508,341,3,2
508,342,3,2
508,343,3,2
508,344,3,2
508,345,3,2
508,346,3,2
508,347,3,2
508,348,3,2
508,349,3,2
508,350,3,2
508,351,3,2
508,352,3,2
508,353,3,2
508,354,3,2
508,355,3,2
508,356,3,2
508,357,3,2
508,358,3,2
508,359,3,2
508,360,3,2
508,361,3,2
508,362,3,2
508,363,3,2
508,364,3,2
508,365,3,2
508,366,3,2
508,367,3,2
508,368,3,2
508,369,3,2
508,370,3,2
508,371,3,2
508,372,3,2
508,373,3,2
508,374,3,2
508,375,3,2
508,376,3,2
508,377,3,2
508,378,3,2
508,379,3,2
508,380,3,2
508,381,3,2
508,382,3,2
508,383,3,2
508,384,3,2
508,385,3,2
508,386,3,2
508,387,3,2
508,388,3,2
508,389,3,2
508,390,3,2
508,391,3,2
508,392,3,2
508,393,3,2
508,394,3,2
508,395,3,2
508,396,3,2
508,397,3,2
508,398,3,2
508,399,3,2
508,400,3,2
508,401,3,2
508,402,3,2
508,403,3,2
508,404,3,2
508,405,3,2
508,406,3,2
508,407,3,2
508,408,3,2
508,409,3,2
508,410,3,2
508,411,3,2
508,412,3,2
508,413,3,2
508,414,3,2
508,415,3,2
508,416,3,2
508,417,3,2
508,418,3,2
508,419,3,2
508,420,3,2
508,421,3,2
508,422,3,2
508,423,3,2
508,424,3,3
508,425,3,3
508,426,3,3
508,427,3,3
508,428,3,3
508,429,3,3
508,430,3,3
508,431,3,3
508,432,3,3
508,433,3,3
508,434,3,3
508,435,3,3
508,436,3,3
508,437,3,3
508,438,3,3
508,439,3,3
508,440,3,3
508,441,3,3
508,442,3,3
508,443,3,3
508,444,3,3
508,445,3,3
508,446,3,3
508,447,3,3
508,448,3,3
508,449,3,3
508,450,3,3
508,451,3,3
508,452,3,3
508,453,3,3
508,454,3,3
508,455,3,3
508,456,3,3
508,457,3,3
508,458,3,3
508,459,3,3
508,460,3,3
508,461,3,3
508,462,3,3
508,463,3,3
508,464,3,3
508,465,3,3
508,466,3,3
508,467,3,3
508,468,3,3
508,469,3,3
508,470,3,3
508,471,3,3
508,472,3,3
508,473,3,3
508,474,3,3
508,475,3,3
508,476,3,3
508,477,3,3
508,478,3,2
508,479,3,2
508,480,3,2
508,481,3,2
508,482,3,2
508,483,3,2
508,484,3,2
508,485,3,2
508,486,3,2
508,487,3,2
508,488,3,2
508,489,3,2
508,490,3,2
508,491,3,2
508,492,3,2
508,493,3,2
508,494,3,2
508,495,3,2
508,496,3,2
508,497,3,2
508,498,3,2
508,499,3,2
508,500,3,2
508,501,3,2
508,502,3,2
508,503,3,2
508,504,3,2
508,505,3,2
508,506,3,2
508,507,3,2
508,508,3,2
508,509,3,2
508,510,3,2
508,511,3,2
508,512,3,2
508,513,3,2
508,514,3,2
508,515,3,2
508,516,3,2
508,517,3,2
508,518,3,2
508,519,3,2
508,520,3,2
508,521,3,2
508,522,3,2
508,523,3,2
508,524,3,2
508,525,3,2
508,526,3,2
508,527,3,2
508,528,3,2
508,529,3,2
508,530,3,2
508,531,3,2
508,532,3,2
508,533,3,2
508,534,3,2
508,535,3,2
508,536,3,2
508,537,3,2
508,538,3,2
508,539,3,2
508,540,3,2
508,541,3,2
508,542,3,2
508,543,3,2
508,544,3,2
508,545,3,2
508,546,3,2
508,547,3,2
508,548,3,2
508,549,3,2
508,550,3,2
508,551,3,2
508,552,3,2
508,553,3,2
508,554,3,2
508,555,3,2
508,556,3,2
508,557,3,2
508,558,3,2
508,559,3,2
508,560,3,2
508,561,3,2
508,562,3,2
508,563,3,2
508,564,3,2
508,565,3,2
508,566,3,2
508,567,3,2
508,568,3,2
508,569,3,2
508,570,3,2
508,571,3,2
508,572,3,2
508,573,3,2
508,574,3,2
508,575,3,2
508,576,3,2
508,577,3,2
508,578,3,2
508,579,3,2
508,580,3,2
508,581,3,2
508,582,3,2
508,583,3,2
508,584,3,2
508,585,3,2
508,586,3,2
508,587,3,2
508,588,3,2
508,589,3,2
508,590,3,2
508,591,3,2
508,592,3,2
508,593,3,2
508,594,3,2
508,595,3,2
508,596,3,2
508,597,3,2
508,598,3,2
508,599,3,2
508,600,3,2
508,601,3,2
508,602,3,2
508,603,3,2
508,604,3,2
508,605,3,2
508,606,3,2
508,607,3,2
508,608,3,2
508,609,3,2
508,610,3,2
508,611,3,2
508,612,3,2
508,613,3,2
508,614,3,2
508,615,3,2
508,616,3,2
508,617,3,2
508,618,3,2
508,619,3,2
508,620,3,2
508,621,3,2
508,622,3,2
508,623,3,2
508,624,3,2
508,625,3,2
508,626,3,2
508,627,3,2
508,628,3,2
508,629,3,2
508,630,3,2
508,631,3,2
508,632,3,2
508,633,3,2
508,634,3,2
508,635,3,2
508,636,3,2
508,637,3,2
508,638,3,2
508,639,3,2
508,640,3,2
508,641,3,3
508,642,3,3
508,643,3,3
508,644,3,2
508,645,3,2
508,646,3,2
508,647,3,2
508,648,3,2
508,649,3,2
508,650,3,2
508,651,3,2
508,652,3,2
508,653,3,2
508,654,3,2
508,655,3,2
508,656,3,2
508,657,3,2
508,658,3,2
508,659,3,2
508,660,3,2
509,78,3,2
509,79,3,2
509,80,3,2
509,81,3,2
509,82,3,2
509,83,3,2
509,84,3,2
509,85,3,2
509,86,3,2
509,87,3,2
509,88,3,2
509,89,3,2
509,90,3,2
509,91,3,2
509,92,3,2
509,93,3,2
509,94,3,2
509,95,3,2
509,96,3,2
509,97,3,2
509,98,3,2
509,99,3,2
509,100,3,2
509,101,3,2
509,102,3,2
509,103,3,2
509,104,3,2
509,105,3,2
509,106,3,2
509,107,3,2
509,108,3,2
509,109,3,2
509,110,3,2
509,111,3,2
509,112,3,2
509,113,3,2
509,114,3,2
509,115,3,2
509,116,3,2
509,117,3,2
509,118,3,2
509,119,3,2
509,120,3,2
509,121,3,2
509,122,3,2
509,123,3,2
509,124,3,2
509,125,3,2
509,126,3,2
509,127,3,2
509,128,3,2
509,129,3,2
509,130,3,2
509,131,3,2
509,132,3,2
509,133,3,2
509,134,3,2
509,135,3,2
509,136,3,2
509,137,3,2
509,138,3,2
509,139,3,2
509,140,3,2
509,141,3,2
509,142,3,2
509,143,3,2
509,144,3,2
509,145,3,2
509,146,3,2
509,147,3,2
509,148,3,2
509,149,3,2
509,150,3,2
509,151,3,2
509,152,3,2
509,153,3,2
509,154,3,2
509,155,3,2
509,156,3,2
509,157,3,2
509,158,3,2
509,159,3,2
509,160,3,2
509,161,3,2
509,162,3,2
509,163,3,2
509,164,3,2
509,165,3,2
509,166,3,2
509,167,3,2
509,168,3,2
509,169,3,2
509,170,3,2
509,171,3,2
509,172,3,2
509,173,3,2
509,174,3,2
509,175,3,2
509,176,3,2
509,177,3,2
509,178,3,2
509,179,3,2
509,180,3,2
509,181,3,2
509,182,3,2
509,183,3,2
509,184,3,2
509,185,3,2
509,186,3,2
509,187,3,2
509,188,3,2
509,189,3,2
509,190,3,2
509,191,3,2
509,192,3,2
509,193,3,2
509,194,3,2
509,195,3,2
509,196,3,2
509,197,3,2
509,198,3,2
509,199,3,2
509,200,3,2
509,201,3,2
509,202,3,2
509,203,3,2
509,204,3,2
509,205,3,2
509,206,3,2
509,207,3,2
509,208,3,2
509,209,3,2
509,210,3,2
509,211,3,2
509,212,3,2
509,213,3,2
509,214,3,2
509,215,3,2
509,216,3,2
509,217,3,2
509,218,3,2
509,219,3,2
509,220,3,2
509,221,3,2
509,222,3,2
509,223,3,2
509,224,3,2
509,225,3,2
509,226,3,2
509,227,3,2
509,228,3,2
509,229,3,2
509,230,3,2
509,231,3,2
509,232,3,2
509,233,3,2
509,234,3,2
509,235,3,2
509,236,3,2
509,237,3,2
509,238,3,2
509,239,3,2
509,240,3,2
509,241,3,2
509,242,3,2
509,243,3,2
509,244,3,2
509,245,3,2
509,246,3,2
509,247,3,2
509,248,3,2
509,249,3,2
509,250,3,2
509,251,3,2
509,252,3,2
509,253,3,2
509,254,3,2
509,255,3,2
509,256,3,2
509,257,3,2
509,258,3,2
509,259,3,2
509,260,3,2
509,261,3,2
509,262,3,2
509,263,3,2
509,264,3,2
509,265,3,2
509,266,3,2
509,267,3,2
509,268,3,2
509,269,3,2
509,270,3,2
509,271,3,2
509,272,3,2
509,273,3,2
509,274,3,2
509,275,3,2
509,276,3,2
509,277,3,2
509,278,3,2
509,279,3,2
509,280,3,2
509,281,3,2
509,282,3,2
509,283,3,2
509,284,3,2
509,285,3,2
509,286,3,2
509,287,3,2
509,288,3,2
509,289,3,2
509,290,3,2
509,291,3,2
509,292,3,2
509,293,3,2
509,294,3,2
509,295,3,2
509,296,3,2
509,297,3,2
509,298,3,2
509,299,3,2
509,300,3,2
509,301,3,2
509,302,3,2
509,303,3,2
509,304,3,2
509,305,3,2
509,306,3,2
509,307,3,2
509,308,3,2
509,309,3,2
509,310,3,2
509,311,3,2
509,312,3,2
509,313,3,2
509,314,3,2
509,315,3,2
509,316,3,2
509,317,3,2
509,318,3,2
509,319,3,2
509,320,3,2
509,321,3,2
509,322,3,2
509,323,3,2
509,324,3,2
509,325,3,2
509,326,3,2
509,327,3,2
509,328,3,2
509,329,3,2
509,330,3,2
509,331,3,2
509,332,3,2
509,333,3,2
509,334,3,2
509,335,3,2
509,336,3,2
509,337,3,2
509,338,3,2
509,339,3,2
509,340,3,2
509,341,3,2
509,342,3,2
509,343,3,2
509,344,3,2
509,345,3,2
509,346,3,2
509,347,3,2
509,348,3,2
509,349,3,2
509,350,3,2
509,351,3,2
509,352,3,2
509,353,3,2
509,354,3,2
509,355,3,2
509,356,3,2
509,357,3,2
509,358,3,2
509,359,3,2
509,360,3,2
509,361,3,2
509,362,3,2
509,363,3,2
509,364,3,2
509,365,3,2
509,366,3,2
509,367,3,2
509,368,3,2
509,369,3,2
509,370,3,2
509,371,3,2
509,372,3,2
509,373,3,2
509,374,3,2
509,375,3,2
509,376,3,2
509,377,3,2
509,378,3,2
509,379,3,2
509,380,3,2
509,381,3,2
509,382,3,2
509,383,3,2
509,384,3,2
509,385,3,2
509,386,3,2
509,387,3,2
509,388,3,2
509,389,3,2
509,390,3,2
509,391,3,2
509,392,3,2
509,393,3,2
509,394,3,2
509,395,3,2
509,396,3,2
509,397,3,2
509,398,3,2
509,399,3,2
509,400,3,2
509,401,3,2
509,402,3,2
509,403,3,2
509,404,3,2
509,405,3,2
509,406,3,2
509,407,3,2
509,408,3,2
509,409,3,2
509,410,3,2
509,411,3,2
509,412,3,2
509,413,3,2
509,414,3,2
509,415,3,2
509,416,3,2
509,417,3,2
509,418,3,2
509,419,3,2
509,420,3,2
509,421,3,2
509,422,3,2
509,423,3,2
509,424,3,3
509,425,3,3
509,426,3,3
509,427,3,3
509,428,3,3
509,429,3,3
509,430,3,3
509,431,3,3
509,432,3,3
509,433,3,3
509,434,3,3
509,435,3,3
509,436,3,3
509,437,3,3
509,438,3,3
509,439,3,3
509,440,3,3
509,441,3,3
509,442,3,3
509,443,3,3
509,444,3,3
509,445,3,3
509,446,3,3
509,447,3,3
509,448,3,3
509,449,3,3
509,450,3,3
509,451,3,3
509,452,3,3
509,453,3,3
509,454,3,3
509,455,3,3
509,456,3,3
509,457,3,3
509,458,3,3
509,459,3,3
509,460,3,3
509,461,3,3
509,462,3,3
509,463,3,3
509,464,3,3
509,465,3,3
509,466,3,3
509,467,3,3
509,468,3,3
509,469,3,3
509,470,3,3
509,471,3,3
509,472,3,3
509,473,3,3
509,474,3,3
509,475,3,3
509,476,3,3
509,477,3,3
509,478,3,3
509,479,3,3
509,480,3,2
509,481,3,2
509,482,3,2
509,483,3,2
509,484,3,2
509,485,3,2
509,486,3,2
509,487,3,2
509,488,3,2
509,489,3,2
509,490,3,2
509,491,3,2
509,492,3,2
509,493,3,2
509,494,3,2
509,495,3,2
509,496,3,2
509,497,3,2
509,498,3,2
509,499,3,2
509,500,3,2
509,501,3,2
509,502,3,2
509,503,3,2
509,504,3,2
509,505,3,2
509,506,3,2
509,507,3,2
509,508,3,2
509,509,3,2
509,510,3,2
509,511,3,2
509,512,3,2
509,513,3,2
509,514,3,2
509,515,3,2
509,516,3,2
509,517,3,2
509,518,3,2
509,519,3,2
509,520,3,2
509,521,3,2
509,522,3,2
509,523,3,2
509,524,3,2
509,525,3,2
509,526,3,2
509,527,3,2
509,528,3,2
509,529,3,2
509,530,3,2
509,531,3,2
509,532,3,2
509,533,3,2
509,534,3,2
509,535,3,2
509,536,3,2
509,537,3,2
509,538,3,2
509,539,3,2
509,540,3,2
509,541,3,2
509,542,3,2
509,543,3,2
509,544,3,2
509,545,3,2
509,546,3,2
509,547,3,2
509,548,3,2
509,549,3,2
509,550,3,2
509,551,3,2
509,552,3,2
509,553,3,2
509,554,3,2
509,555,3,2
509,556,3,2
509,557,3,2
509,558,3,2
509,559,3,2
509,560,3,2
509,561,3,2
509,562,3,2
509,563,3,2
509,564,3,2
509,565,3,2
509,566,3,2
509,567,3,2
509,568,3,2
509,569,3,2
509,570,3,2
509,571,3,2
509,572,3,2
509,573,3,2
509,574,3,2
509,575,3,2
509,576,3,2
509,577,3,2
509,578,3,2
509,579,3,2
509,580,3,2
509,581,3,2
509,582,3,2
509,583,3,2
509,584,3,2
509,585,3,2
509,586,3,2
509,587,3,2
509,588,3,2
509,589,3,2
509,590,3,2
509,591,3,2
509,592,3,2
509,593,3,2
509,594,3,2
509,595,3,2
509,596,3,2
509,597,3,2
509,598,3,2
509,599,3,2
509,600,3,2
509,601,3,2
509,602,3,2
509,603,3,2
509,604,3,2
509,605,3,2
509,606,3,2
509,607,3,2
509,608,3,2
509,609,3,2
509,610,3,2
509,611,3,2
509,612,3,2
509,613,3,2
509,614,3,2
509,615,3,2
509,616,3,2
509,617,3,2
509,618,3,2
509,619,3,2
509,620,3,2
509,621,3,2
509,622,3,2
509,623,3,2
509,624,3,2
509,625,3,2
509,626,3,2
509,627,3,2
509,628,3,2
509,629,3,2
509,630,3,2
509,631,3,2
509,632,3,2
509,633,3,2
509,634,3,2
509,635,3,2
509,636,3,2
509,637,3,3
509,638,3,3
509,639,3,3
509,640,3,3
509,641,3,3
509,642,3,3
509,643,3,3
509,644,3,3
509,645,3,2
509,646,3,2
509,647,3,2
509,648,3,2
509,649,3,2
509,650,3,2
509,651,3,2
509,652,3,2
509,653,3,2
509,654,3,2
509,655,3,2
509,656,3,2
509,657,3,2
509,658,3,2
509,659,3,2
509,660,3,2
510,78,3,2
510,79,3,2
510,80,3,2
510,81,3,2
510,82,3,2
510,83,3,2
510,84,3,2
510,85,3,2
510,86,3,2
510,87,3,2
510,88,3,2
510,89,3,2
510,90,3,2
510,91,3,2
510,92,3,2
510,93,3,2
510,94,3,2
510,95,3,2
510,96,3,2
510,97,3,2
510,98,3,2
510,99,3,2
510,100,3,2
510,101,3,2
510,102,3,2
510,103,3,2
510,104,3,2
510,105,3,2
510,106,3,2
510,107,3,2
510,108,3,2
510,109,3,2
510,110,3,2
510,111,3,2
510,112,3,2
510,113,3,2
510,114,3,2
510,115,3,2
510,116,3,2
510,117,3,2
510,118,3,2
510,119,3,2
510,120,3,2
510,121,3,2
510,122,3,2
510,123,3,2
510,124,3,2
510,125,3,2
510,126,3,2
510,127,3,2
510,128,3,2
510,129,3,2
510,130,3,2
510,131,3,2
510,132,3,2
510,133,3,2
510,134,3,2
510,135,3,2
510,136,3,2
510,137,3,2
510,138,3,2
510,139,3,2
510,140,3,2
510,141,3,2
510,142,3,2
510,143,3,2
510,144,3,2
510,145,3,2
510,146,3,2
510,147,3,2
510,148,3,2
510,149,3,2
510,150,3,2
510,151,3,2
510,152,3,2
510,153,3,2
510,154,3,2
510,155,3,2
510,156,3,2
510,157,3,2
510,158,3,2
510,159,3,2
510,160,3,2
510,161,3,2
510,162,3,2
510,163,3,2
510,164,3,2
510,165,3,2
510,166,3,2
510,167,3,2
510,168,3,2
510,169,3,2
510,170,3,2
510,171,3,2
510,172,3,2
510,173,3,2
510,174,3,2
510,175,3,2
510,176,3,2
510,177,3,2
510,178,3,2
510,179,3,2
510,180,3,2
510,181,3,2
510,182,3,2
510,183,3,2
510,184,3,2
510,185,3,2
510,186,3,2
510,187,3,2
510,188,3,2
510,189,3,2
510,190,3,2
510,191,3,2
510,192,3,2
510,193,3,2
510,194,3,2
510,195,3,2
510,196,3,2
510,197,3,2
510,198,3,2
510,199,3,2
510,200,3,2
510,201,3,2
510,202,3,2
510,203,3,2
510,204,3,2
510,205,3,2
510,206,3,2
510,207,3,2
510,208,3,2
510,209,3,2
510,210,3,2
510,211,3,2
510,212,3,2
510,213,3,2
510,214,3,2
510,215,3,2
510,216,3,2
510,217,3,2
510,218,3,2
510,219,3,2
510,220,3,2
510,221,3,2
510,222,3,2
510,223,3,2
510,224,3,2
510,225,3,2
510,226,3,2
510,227,3,2
510,228,3,2
510,229,3,2
510,230,3,2
510,231,3,2
510,232,3,2
510,233,3,2
510,234,3,2
510,235,3,2
510,236,3,2
510,237,3,2
510,238,3,2
510,239,3,2
510,240,3,2
510,241,3,2
510,242,3,2
510,243,3,2
510,244,3,2
510,245,3,2
510,246,3,2
510,247,3,2
510,248,3,2
510,249,3,2
510,250,3,2
510,251,3,2
510,252,3,2
510,253,3,2
510,254,3,2
510,255,3,2
510,256,3,2
510,257,3,2
510,258,3,2
510,259,3,2
510,260,3,2
510,261,3,2
510,262,3,2
510,263,3,2
510,264,3,2
510,265,3,2
510,266,3,2
510,267,3,2
510,268,3,2
510,269,3,2
510,270,3,2
510,271,3,2
510,272,3,2
510,273,3,2
510,274,3,2
510,275,3,2
510,276,3,2
510,277,3,2
510,278,3,2
510,279,3,2
510,280,3,2
510,281,3,2
510,282,3,2
510,283,3,2
510,284,3,2
510,285,3,2
510,286,3,2
510,287,3,2
510,288,3,2
510,289,3,2
510,290,3,2
510,291,3,2
510,292,3,2
510,293,3,2
510,294,3,2
510,295,3,2
510,296,3,2
510,297,3,2
510,298,3,2
510,299,3,2
510,300,3,2
510,301,3,2
510,302,3,2
510,303,3,2
510,304,3,2
510,305,3,2
510,306,3,2
510,307,3,2
510,308,3,2
510,309,3,2
510,310,3,2
510,311,3,2
510,312,3,2
510,313,3,2
510,314,3,2
510,315,3,2
510,316,3,2
510,317,3,2
510,318,3,2
510,319,3,2
510,320,3,2
510,321,3,2
510,322,3,2
510,323,3,2
510,324,3,2
510,325,3,2
510,326,3,2
510,327,3,2
510,328,3,2
510,329,3,2
510,330,3,2
510,331,3,2
510,332,3,2
510,333,3,2
510,334,3,2
510,335,3,2
510,336,3,2
510,337,3,2
510,338,3,2
510,339,3,2
510,340,3,2
510,341,3,2
510,342,3,2
510,343,3,2
510,344,3,2
510,345,3,2
510,346,3,2
510,347,3,2
510,348,3,2
510,349,3,2
510,350,3,2
510,351,3,2
510,352,3,2
510,353,3,2
510,354,3,2
510,355,3,2
510,356,3,2
510,357,3,2
510,358,3,2
510,359,3,2
510,360,3,2
510,361,3,2
510,362,3,2
510,363,3,2
510,364,3,2
510,365,3,2
510,366,3,2
510,367,3,2
510,368,3,2
510,369,3,2
510,370,3,2
510,371,3,2
510,372,3,2
510,373,3,2
510,374,3,2
510,375,3,2
510,376,3,2
510,377,3,2
510,378,3,2
510,379,3,2
510,380,3,2
510,381,3,2
510,382,3,2
510,383,3,2
510,384,3,2
510,385,3,2
510,386,3,2
510,387,3,2
510,388,3,2
510,389,3,2
510,390,3,2
510,391,3,2
510,392,3,2
510,393,3,2
510,394,3,2
510,395,3,2
510,396,3,2
510,397,3,2
510,398,3,2
510,399,3,2
510,400,3,2
510,401,3,2
510,402,3,2
510,403,3,2
510,404,3,2
510,405,3,2
510,406,3,2
510,407,3,2
510,408,3,2
510,409,3,2
510,410,3,2
510,411,3,2
510,412,3,2
510,413,3,2
510,414,3,2
510,415,3,2
510,416,3,2
510,417,3,2
510,418,3,2
510,419,3,2
510,420,3,2
510,421,3,2
510,422,3,2
510,423,3,2
510,424,3,3
510,425,3,3
510,426,3,3
510,427,3,3
510,428,3,3
510,429,3,3
510,430,3,3
510,431,3,3
510,432,3,3
510,433,3,3
510,434,3,3
510,435,3,3
510,436,3,3
510,437,3,3
510,438,3,3
510,439,3,3
510,440,3,3
510,441,3,3
510,442,3,3
510,443,3,3
510,444,3,3
510,445,3,3
510,446,3,3
510,447,3,3
510,448,3,3
510,449,3,3
510,450,3,3
510,451,3,3
510,452,3,3
510,453,3,3
510,454,3,3
510,455,3,3
510,456,3,3
510,457,3,3
510,458,3,3
510,459,3,3
510,460,3,3
510,461,3,3
510,462,3,3
510,463,3,3
510,464,3,3
510,465,3,3
510,466,3,3
510,467,3,3
510,468,3,3
510,469,3,3
510,470,3,3
510,471,3,3
510,472,3,3
510,473,3,3
510,474,3,3
510,475,3,3
510,476,3,3
510,477,3,3
510,478,3,3
510,479,3,3
510,480,3,3
510,481,3,2
510,482,3,2
510,483,3,2
510,484,3,2
510,485,3,2
510,486,3,2
510,487,3,2
510,488,3,2
510,489,3,2
510,490,3,2
510,491,3,2
510,492,3,2
510,493,3,2
510,494,3,2
510,495,3,2
510,496,3,2
510,497,3,2
510,498,3,2
510,499,3,2
510,500,3,2
510,501,3,2
510,502,3,2
510,503,3,2
510,504,3,2
510,505,3,2
510,506,3,2
510,507,3,2
510,508,3,2
510,509,3,2
510,510,3,2
510,511,3,2
510,512,3,2
510,513,3,2
510,514,3,2
510,515,3,2
510,516,3,2
510,517,3,2
510,518,3,2
510,519,3,2
510,520,3,2
510,521,3,2
510,522,3,2
510,523,3,2
510,524,3,2
510,525,3,2
510,526,3,2
510,527,3,2
510,528,3,2
510,529,3,2
510,530,3,2
510,531,3,2
510,532,3,2
510,533,3,2
510,534,3,2
510,535,3,2
510,536,3,2
510,537,3,2
510,538,3,2
510,539,3,2
510,540,3,2
510,541,3,2
510,542,3,2
510,543,3,2
510,544,3,2
510,545,3,2
510,546,3,2
510,547,3,2
510,548,3,2
510,549,3,2
510,550,3,2
510,551,3,2
510,552,3,2
510,553,3,2
510,554,3,2
510,555,3,2
510,556,3,2
510,557,3,2
510,558,3,2
510,559,3,2
510,560,3,2
510,561,3,2
510,562,3,2
510,563,3,2
510,564,3,2
510,565,3,2
510,566,3,2
510,567,3,2
510,568,3,2
510,569,3,2
510,570,3,2
510,571,3,2
510,572,3,2
510,573,3,2
510,574,3,2
510,575,3,2
510,576,3,2
510,577,3,2
510,578,3,2
510,579,3,2
510,580,3,2
510,581,3,2
510,582,3,2
510,583,3,2
510,584,3,2
510,585,3,2
510,586,3,2
510,587,3,2
510,588,3,2
510,589,3,2
510,590,3,2
510,591,3,2
510,592,3,2
510,593,3,2
510,594,3,2
510,595,3,2
510,596,3,2
510,597,3,2
510,598,3,2
510,599,3,2
510,600,3,2
510,601,3,2
510,602,3,2
510,603,3,2
510,604,3,2
510,605,3,2
510,606,3,2
510,607,3,2
510,608,3,2
510,609,3,2
510,610,3,2
510,611,3,2
510,612,3,2
510,613,3,2
510,614,3,2
510,615,3,2
510,616,3,2
510,617,3,2
510,618,3,2
510,619,3,2
510,620,3,2
510,621,3,2
510,622,3,2
510,623,3,2
510,624,3,2
510,625,3,2
510,626,3,2
510,627,3,2
510,628,3,2
510,629,3,2
510,630,3,2
510,631,3,2
510,632,3,2
510,633,3,2
510,634,3,2
510,635,3,2
510,636,3,2
510,637,3,3
510,638,3,3
510,639,3,3
510,640,3,3
510,641,3,3
510,642,3,3
510,643,3,3
510,644,3,3
510,645,3,2
510,646,3,2
510,647,3,2
510,648,3,2
510,649,3,2
510,650,3,2
510,651,3,2
510,652,3,2
510,653,3,2
510,654,3,2
510,655,3,2
510,656,3,2
510,657,3,2
510,658,3,2
510,659,3,2
510,660,3,2
511,79,3,2
511,80,3,2
511,81,3,2
511,82,3,2
511,83,3,2
511,84,3,2
511,85,3,2
511,86,3,2
511,87,3,2
511,88,3,2
511,89,3,2
511,90,3,2
511,91,3,2
511,92,3,2
511,93,3,2
511,94,3,2
511,95,3,2
511,96,3,2
511,97,3,2
511,98,3,2
511,99,3,2
511,100,3,2
511,101,3,2
511,102,3,2
511,103,3,2
511,104,3,2
511,105,3,2
511,106,3,2
511,107,3,2
511,108,3,2
511,109,3,2
511,110,3,2
511,111,3,2
511,112,3,2
511,113,3,2
511,114,3,2
511,115,3,2
511,116,3,2
511,117,3,2
511,118,3,2
511,119,3,2
511,120,3,2
511,121,3,2
511,122,3,2
511,123,3,2
511,124,3,2
511,125,3,2
511,126,3,2
511,127,3,2
511,128,3,2
511,129,3,2
511,130,3,2
511,131,3,2
511,132,3,2
511,133,3,2
511,134,3,2
511,135,3,2
511,136,3,2
511,137,3,2
511,138,3,2
511,139,3,2
511,140,3,2
511,141,3,2
511,142,3,2
511,143,3,2
511,144,3,2
511,145,3,2
511,146,3,2
511,147,3,2
511,148,3,2
511,149,3,2
511,150,3,2
511,151,3,2
511,152,3,2
511,153,3,2
511,154,3,2
511,155,3,2
511,156,3,2
511,157,3,2
511,158,3,2
511,159,3,2
511,160,3,2
511,161,3,2
511,162,3,2
511,163,3,2
511,164,3,2
511,165,3,2
511,166,3,2
511,167,3,2
511,168,3,2
511,169,3,2
511,170,3,2
511,171,3,2
511,172,3,2
511,173,3,2
511,174,3,2
511,175,3,2
511,176,3,2
511,177,3,2
511,178,3,2
511,179,3,2
511,180,3,2
511,181,3,2
511,182,3,2
511,183,3,2
511,184,3,2
511,185,3,2
511,186,3,2
511,187,3,2
511,188,3,2
511,189,3,2
511,190,3,2
511,191,3,2
511,192,3,2
511,193,3,2
511,194,3,2
511,195,3,2
511,196,3,2
511,197,3,2
511,198,3,2
511,199,3,2
511,200,3,2
511,201,3,2
511,202,3,2
511,203,3,2
511,204,3,2
511,205,3,2
511,206,3,2
511,207,3,2
511,208,3,2
511,209,3,2
511,210,3,2
511,211,3,2
511,212,3,2
511,213,3,2
511,214,3,2
511,215,3,2
511,216,3,2
511,217,3,2
511,218,3,2
511,219,3,2
511,220,3,2
511,221,3,2
511,222,3,2
511,223,3,2
511,224,3,2
511,225,3,2
511,226,3,2
511,227,3,2
511,228,3,2
511,229,3,2
511,230,3,2
511,231,3,2
511,232,3,2
511,233,3,2
511,234,3,2
511,235,3,2
511,236,3,2
511,237,3,2
511,238,3,2
511,239,3,2
511,240,3,2
511,241,3,2
511,242,3,2
511,243,3,2
511,244,3,2
511,245,3,2
511,246,3,2
511,247,3,2
511,248,3,2
511,249,3,2
511,250,3,2
511,251,3,2
511,252,3,2
511,253,3,2
511,254,3,2
511,255,3,2
511,256,3,2
511,257,3,2
511,258,3,2
511,259,3,2
511,260,3,2
511,261,3,2
511,262,3,2
511,263,3,2
511,264,3,2
511,265,3,2
511,266,3,2
511,267,3,2
511,268,3,2
511,269,3,2
511,270,3,2
511,271,3,2
511,272,3,2
511,273,3,2
511,274,3,2
511,275,3,2
511,276,3,2
511,277,3,2
511,278,3,2
511,279,3,2
511,280,3,2
511,281,3,2
511,282,3,2
511,283,3,2
511,284,3,2
511,285,3,2
511,286,3,2
511,287,3,2
511,288,3,2
511,289,3,2
511,290,3,2
511,291,3,2
511,292,3,2
511,293,3,2
511,294,3,2
511,295,3,2
511,296,3,2
511,297,3,2
511,298,3,2
511,299,3,2
511,300,3,2
511,301,3,2
511,302,3,2
511,303,3,2
511,304,3,2
511,305,3,2
511,306,3,2
511,307,3,2
511,308,3,2
511,309,3,2
511,310,3,2
511,311,3,2
511,312,3,2
511,313,3,2
511,314,3,2
511,315,3,2
511,316,3,2
511,317,3,2
511,318,3,2
511,319,3,2
511,320,3,2
511,321,3,2
511,322,3,2
511,323,3,2
511,324,3,2
511,325,3,2
511,326,3,2
511,327,3,2
511,328,3,2
511,329,3,2
511,330,3,2
511,331,3,2
511,332,3,2
511,333,3,2
511,334,3,2
511,335,3,2
511,336,3,2
511,337,3,2
511,338,3,2
511,339,3,2
511,340,3,2
511,341,3,2
511,342,3,2
511,343,3,2
511,344,3,2
511,345,3,2
511,346,3,2
511,347,3,2
511,348,3,2
511,349,3,2
511,350,3,2
511,351,3,2
511,352,3,2
511,353,3,2
511,354,3,2
511,355,3,2
511,356,3,2
511,357,3,2
511,358,3,2
511,359,3,2
511,360,3,2
511,361,3,2
511,362,3,2
511,363,3,2
511,364,3,2
511,365,3,2
511,366,3,2
511,367,3,2
511,368,3,2
511,369,3,2
511,370,3,2
511,371,3,2
511,372,3,2
511,373,3,2
511,374,3,2
511,375,3,2
511,376,3,2
511,377,3,2
511,378,3,2
511,379,3,2
511,380,3,2
511,381,3,2
511,382,3,2
511,383,3,2
511,384,3,2
511,385,3,2
511,386,3,2
511,387,3,2
511,388,3,2
511,389,3,2
511,390,3,2
511,391,3,2
511,392,3,2
511,393,3,2
511,394,3,2
511,395,3,2
511,396,3,2
511,397,3,2
511,398,3,2
511,399,3,2
511,400,3,2
511,401,3,2
511,402,3,2
511,403,3,2
511,404,3,2
511,405,3,2
511,406,3,2
511,407,3,2
511,408,3,2
511,409,3,2
511,410,3,2
511,411,3,2
511,412,3,2
511,413,3,2
511,414,3,2
511,415,3,2
511,416,3,2
511,417,3,2
511,418,3,2
511,419,3,2
511,420,3,2
511,421,3,2
511,422,3,2
511,423,3,2
511,424,3,3
511,425,3,3
511,426,3,3
511,427,3,3
511,428,3,3
511,429,3,3
511,430,3,3
511,431,3,3
511,432,3,3
511,433,3,3
511,434,3,3
511,435,3,3
511,436,3,3
511,437,3,3
511,438,3,3
511,439,3,3
511,440,3,3
511,441,3,3
511,442,3,3
511,443,3,3
511,444,3,3
511,445,3,3
511,446,3,3
511,447,3,3
511,448,3,3
511,449,3,3
511,450,3,3
511,451,3,3
511,452,3,3
511,453,3,3
511,454,3,3
511,455,3,3
511,456,3,3
511,457,3,3
511,458,3,3
511,459,3,3
511,460,3,3
511,461,3,3
511,462,3,3
511,463,3,3
511,464,3,3
511,465,3,3
511,466,3,3
511,467,3,3
511,468,3,3
511,469,3,3
511,470,3,3
511,471,3,3
511,472,3,3
511,473,3,3
511,474,3,3
511,475,3,3
511,476,3,3
511,477,3,3
511,478,3,3
511,479,3,3
511,480,3,3
511,481,3,2
511,482,3,2
511,483,3,2
511,484,3,2
511,485,3,2
511,486,3,2
511,487,3,2
511,488,3,2
511,489,3,2
511,490,3,2
511,491,3,2
511,492,3,2
511,493,3,2
511,494,3,2
511,495,3,2
511,496,3,2
511,497,3,2
511,498,3,2
511,499,3,2
511,500,3,2
511,501,3,2
511,502,3,2
511,503,3,2
511,504,3,2
511,505,3,2
511,506,3,2
511,507,3,2
511,508,3,2
511,509,3,2
511,510,3,2
511,511,3,2
511,512,3,2
511,513,3,2
511,514,3,2
511,515,3,2
511,516,3,2
511,517,3,2
511,518,3,2
511,519,3,2
511,520,3,2
511,521,3,2
511,522,3,2
511,523,3,2
511,524,3,2
511,525,3,2
511,526,3,2
511,527,3,2
511,528,3,2
511,529,3,2
511,530,3,2
511,531,3,2
511,532,3,2
511,533,3,2
511,534,3,2
511,535,3,2
511,536,3,2
511,537,3,2
511,538,3,2
511,539,3,2
511,540,3,2
511,541,3,2
511,542,3,2
511,543,3,2
511,544,3,2
511,545,3,2
511,546,3,2
511,547,3,2
511,548,3,2
511,549,3,2
511,550,3,2
511,551,3,2
511,552,3,2
511,553,3,2
511,554,3,2
511,555,3,2
511,556,3,2
511,557,3,2
511,558,3,2
511,559,3,2
511,560,3,2
511,561,3,2
511,562,3,2
511,563,3,2
511,564,3,2
511,565,3,2
511,566,3,2
511,567,3,2
511,568,3,2
511,569,3,2
511,570,3,2
511,571,3,2
511,572,3,2
511,573,3,2
511,574,3,2
511,575,3,2
511,576,3,2
511,577,3,2
511,578,3,2
511,579,3,2
511,580,3,2
511,581,3,2
511,582,3,2
511,583,3,2
511,584,3,2
511,585,3,2
511,586,3,2
511,587,3,2
511,588,3,2
511,589,3,2
511,590,3,2
511,591,3,2
511,592,3,2
511,593,3,2
511,594,3,2
511,595,3,2
511,596,3,2
511,597,3,2
511,598,3,2
511,599,3,2
511,600,3,2
511,601,3,2
511,602,3,2
511,603,3,2
511,604,3,2
511,605,3,2
511,606,3,2
511,607,3,2
511,608,3,2
511,609,3,2
511,610,3,2
511,611,3,2
511,612,3,2
511,613,3,2
511,614,3,2
511,615,3,2
511,616,3,2
511,617,3,2
511,618,3,2
511,619,3,2
511,620,3,2
511,621,3,2
511,622,3,2
511,623,3,2
511,624,3,2
511,625,3,2
511,626,3,2
511,627,3,2
511,628,3,2
511,629,3,2
511,630,3,2
511,631,3,2
511,632,3,2
511,633,3,2
511,634,3,2
511,635,3,2
511,636,3,2
511,637,3,3
511,638,3,3
511,639,3,3
511,640,3,3
511,641,3,3
511,642,3,3
511,643,3,3
511,644,3,3
511,645,3,3
511,646,3,2
511,647,3,2
511,648,3,2
511,649,3,2
511,650,3,2
511,651,3,2
511,652,3,2
511,653,3,2
511,654,3,2
511,655,3,2
511,656,3,2
511,657,3,2
511,658,3,2
511,659,3,2
511,660,3,2
512,79,3,2
512,80,3,2
512,81,3,2
512,82,3,2
512,83,3,2
512,84,3,2
512,85,3,2
512,86,3,2
512,87,3,2
512,88,3,2
512,89,3,2
512,90,3,2
512,91,3,2
512,92,3,2
512,93,3,2
512,94,3,2
512,95,3,2
512,96,3,2
512,97,3,2
512,98,3,2
512,99,3,2
512,100,3,2
512,101,3,2
512,102,3,2
512,103,3,2
512,104,3,2
512,105,3,2
512,106,3,2
512,107,3,2
512,108,3,2
512,109,3,2
512,110,3,2
512,111,3,2
512,112,3,2
512,113,3,2
512,114,3,2
512,115,3,2
512,116,3,2
512,117,3,2
512,118,3,2
512,119,3,2
512,120,3,2
512,121,3,2
512,122,3,2
512,123,3,2
512,124,3,2
512,125,3,2
512,126,3,2
512,127,3,2
512,128,3,2
512,129,3,2
512,130,3,2
512,131,3,2
512,132,3,2
512,133,3,2
512,134,3,2
512,135,3,2
512,136,3,2
512,137,3,2
512,138,3,2
512,139,3,2
512,140,3,2
512,141,3,2
512,142,3,2
512,143,3,2
512,144,3,2
512,145,3,2
512,146,3,2
512,147,3,2
512,148,3,2
512,149,3,2
512,150,3,2
512,151,3,2
512,152,3,2
512,153,3,2
512,154,3,2
512,155,3,2
512,156,3,2
512,157,3,2
512,158,3,2
512,159,3,2
512,160,3,2
512,161,3,2
512,162,3,2
512,163,3,2
512,164,3,2
512,165,3,2
512,166,3,2
512,167,3,2
512,168,3,2
512,169,3,2
512,170,3,2
512,171,3,2
512,172,3,2
512,173,3,2
512,174,3,2
512,175,3,2
512,176,3,2
512,177,3,2
512,178,3,2
512,179,3,2
512,180,3,2
512,181,3,2
512,182,3,2
512,183,3,2
512,184,3,2
512,185,3,2
512,186,3,2
512,187,3,2
512,188,3,2
512,189,3,2
512,190,3,2
512,191,3,2
512,192,3,2
512,193,3,2
512,194,3,2
512,195,3,2
512,196,3,2
512,197,3,2
512,198,3,2
512,199,3,2
512,200,3,2
512,201,3,2
512,202,3,2
512,203,3,2
512,204,3,2
512,205,3,2
512,206,3,2
512,207,3,2
512,208,3,2
512,209,3,2
512,210,3,2
512,211,3,2
512,212,3,2
512,213,3,2
512,214,3,2
512,215,3,2
512,216,3,2
512,217,3,2
512,218,3,2
512,219,3,2
512,220,3,2
512,221,3,2
512,222,3,2
512,223,3,2
512,224,3,2
512,225,3,2
512,226,3,2
512,227,3,2
512,228,3,2
512,229,3,2
512,230,3,2
512,231,3,2
512,232,3,2
512,233,3,2
512,234,3,2
512,235,3,2
512,236,3,2
512,237,3,2
512,238,3,2
512,239,3,2
512,240,3,2
512,241,3,2
512,242,3,2
512,243,3,2
512,244,3,2
512,245,3,2
512,246,3,2
512,247,3,2
512,248,3,2
512,249,3,2
512,250,3,2
512,251,3,2
512,252,3,2
512,253,3,2
512,254,3,2
512,255,3,2
512,256,3,2
512,257,3,2
512,258,3,2
512,259,3,2
512,260,3,2
512,261,3,2
512,262,3,2
512,263,3,2
512,264,3,2
512,265,3,2
512,266,3,2
512,267,3,2
512,268,3,2
512,269,3,2
512,270,3,2
512,271,3,2
512,272,3,2
512,273,3,2
512,274,3,2
512,275,3,2
512,276,3,2
512,277,3,2
512,278,3,2
512,279,3,2
512,280,3,2
512,281,3,2
512,282,3,2
512,283,3,2
512,284,3,2
512,285,3,2
512,286,3,2
512,287,3,2
512,288,3,2
512,289,3,2
512,290,3,2
512,291,3,2
512,292,3,2
512,293,3,2
512,294,3,2
512,295,3,2
512,296,3,2
512,297,3,2
512,298,3,2
512,299,3,2
512,300,3,2
512,301,3,2
512,302,3,2
512,303,3,2
512,304,3,2
512,305,3,2
512,306,3,2
512,307,3,2
512,308,3,2
512,309,3,2
512,310,3,2
512,311,3,2
512,312,3,2
512,313,3,2
512,314,3,2
512,315,3,2
512,316,3,2
512,317,3,2
512,318,3,2
512,319,3,2
512,320,3,2
512,321,3,2
512,322,3,2
512,323,3,2
512,324,3,2
512,325,3,2
512,326,3,2
512,327,3,2
512,328,3,2
512,329,3,2
512,330,3,2
512,331,3,2
512,332,3,2
512,333,3,2
512,334,3,2
512,335,3,2
512,336,3,2
512,337,3,2
512,338,3,2
512,339,3,2
512,340,3,2
512,341,3,2
512,342,3,2
512,343,3,2
512,344,3,2
512,345,3,2
512,346,3,2
512,347,3,2
512,348,3,2
512,349,3,2
512,350,3,2
512,351,3,2
512,352,3,2
512,353,3,2
512,354,3,2
512,355,3,2
512,356,3,2
512,357,3,2
512,358,3,2
512,359,3,2
512,360,3,2
512,361,3,2
512,362,3,2
512,363,3,2
512,364,3,2
512,365,3,2
512,366,3,2
512,367,3,2
512,368,3,2
512,369,3,2
512,370,3,2
512,371,3,2
512,372,3,2
512,373,3,2
512,374,3,2
512,375,3,2
512,376,3,2
512,377,3,2
512,378,3,2
512,379,3,2
512,380,3,2
512,381,3,2
512,382,3,2
512,383,3,2
512,384,3,2
512,385,3,2
512,386,3,2
512,387,3,2
512,388,3,2
512,389,3,2
512,390,3,2
512,391,3,2
512,392,3,2
512,393,3,2
512,394,3,2
512,395,3,2
512,396,3,2
512,397,3,2
512,398,3,2
512,399,3,2
512,400,3,2
512,401,3,2
512,402,3,2
512,403,3,2
512,404,3,2
512,405,3,2
512,406,3,2
512,407,3,2
512,408,3,2
512,409,3,2
512,410,3,2
512,411,3,2
512,412,3,2
512,413,3,2
512,414,3,2
512,415,3,2
512,416,3,2
512,417,3,2
512,418,3,2
512,419,3,2
512,420,3,2
512,421,3,2
512,422,3,2
512,423,3,2
512,424,3,3
512,425,3,3
512,426,3,3
512,427,3,3
512,428,3,3
512,429,3,3
512,430,3,3
512,431,3,3
512,432,3,3
512,433,3,3
512,434,3,3
512,435,3,3
512,436,3,3
512,437,3,3
512,438,3,3
512,439,3,3
512,440,3,3
512,441,3,3
512,442,3,3
512,443,3,3
512,444,3,3
512,445,3,3
512,446,3,3
512,447,3,3
512,448,3,3
512,449,3,3
512,450,3,3
512,451,3,3
512,452,3,3
512,453,3,3
512,454,3,3
512,455,3,3
512,456,3,3
512,457,3,3
512,458,3,3
512,459,3,3
512,460,3,3
512,461,3,3
512,462,3,3
512,463,3,3
512,464,3,3
512,465,3,3
512,466,3,3
512,467,3,3
512,468,3,3
512,469,3,3
512,470,3,3
512,471,3,3
512,472,3,3
512,473,3,3
512,474,3,3
512,475,3,3
512,476,3,3
512,477,3,3
512,478,3,3
512,479,3,3
512,480,3,3
512,481,3,3
512,482,3,2
512,483,3,2
512,484,3,2
512,485,3,2
512,486,3,2
512,487,3,2
512,488,3,2
512,489,3,2
512,490,3,2
512,491,3,2
512,492,3,2
512,493,3,2
512,494,3,2
512,495,3,2
512,496,3,2
512,497,3,2
512,498,3,2
512,499,3,2
512,500,3,2
512,501,3,2
512,502,3,2
512,503,3,2
512,504,3,2
512,505,3,2
512,506,3,2
512,507,3,2
512,508,3,2
512,509,3,2
512,510,3,2
512,511,3,2
512,512,3,2
512,513,3,2
512,514,3,2
512,515,3,2
512,516,3,2
512,517,3,2
512,518,3,2
512,519,3,2
512,520,3,2
512,521,3,2
512,522,3,2
512,523,3,2
512,524,3,2
512,525,3,2
512,526,3,2
512,527,3,2
512,528,3,2
512,529,3,2
512,530,3,2
512,531,3,2
512,532,3,2
512,533,3,2
512,534,3,2
512,535,3,2
512,536,3,2
512,537,3,2
512,538,3,2
512,539,3,2
512,540,3,2
512,541,3,2
512,542,3,2
512,543,3,2
512,544,3,2
512,545,3,2
512,546,3,2
512,547,3,2
512,548,3,2
512,549,3,2
512,550,3,2
512,551,3,2
512,552,3,2
512,553,3,2
512,554,3,2
512,555,3,2
512,556,3,2
512,557,3,2
512,558,3,2
512,559,3,2
512,560,3,2
512,561,3,2
512,562,3,2
512,563,3,2
512,564,3,2
512,565,3,2
512,566,3,2
512,567,3,2
512,568,3,2
512,569,3,2
512,570,3,2
512,571,3,2
512,572,3,2
512,573,3,2
512,574,3,2
512,575,3,2
512,576,3,2
512,577,3,2
512,578,3,2
512,579,3,2
512,580,3,2
512,581,3,2
512,582,3,2
512,583,3,2
512,584,3,2
512,585,3,2
512,586,3,2
512,587,3,2
512,588,3,2
512,589,3,2
512,590,3,2
512,591,3,2
512,592,3,2
512,593,3,2
512,594,3,2
512,595,3,2
512,596,3,2
512,597,3,2
512,598,3,2
512,599,3,2
512,600,3,2
512,601,3,2
512,602,3,2
512,603,3,2
512,604,3,2
512,605,3,2
512,606,3,2
512,607,3,2
512,608,3,2
512,609,3,2
512,610,3,2
512,611,3,2
512,612,3,2
512,613,3,2
512,614,3,2
512,615,3,2
512,616,3,2
512,617,3,2
512,618,3,2
512,619,3,2
512,620,3,2
512,621,3,2
512,622,3,2
512,623,3,2
512,624,3,2
512,625,3,2
512,626,3,2
512,627,3,2
512,628,3,2
512,629,3,2
512,630,3,2
512,631,3,2
512,632,3,2
512,633,3,2
512,634,3,2
512,635,3,2
512,636,3,2
512,637,3,2
512,638,3,3
512,639,3,3
512,640,3,3
512,641,3,3
512,642,3,3
512,643,3,3
512,644,3,3
512,645,3,2
512,646,3,2
512,647,3,2
512,648,3,2
512,649,3,2
512,650,3,2
512,651,3,2
512,652,3,2
512,653,3,2
512,654,3,2
512,655,3,2
512,656,3,2
512,657,3,2
512,658,3,2
512,659,3,2
513,79,3,2
513,80,3,2
513,81,3,2
513,82,3,2
513,83,3,2
513,84,3,2
513,85,3,2
513,86,3,2
513,87,3,2
513,88,3,2
513,89,3,2
513,90,3,2
513,91,3,2
513,92,3,2
513,93,3,2
513,94,3,2
513,95,3,2
513,96,3,2
513,97,3,2
513,98,3,2
513,99,3,2
513,100,3,2
513,101,3,2
513,102,3,2
513,103,3,2
513,104,3,2
513,105,3,2
513,106,3,2
513,107,3,2
513,108,3,2
513,109,3,2
513,110,3,2
513,111,3,2
513,112,3,2
513,113,3,2
513,114,3,2
513,115,3,2
513,116,3,2
513,117,3,2
513,118,3,2
513,119,3,2
513,120,3,2
513,121,3,2
513,122,3,2
513,123,3,2
513,124,3,2
513,125,3,2
513,126,3,2
513,127,3,2
513,128,3,2
513,129,3,2
513,130,3,2
513,131,3,2
513,132,3,2
513,133,3,2
513,134,3,2
513,135,3,2
513,136,3,2
513,137,3,2
513,138,3,2
513,139,3,2
513,140,3,2
513,141,3,2
513,142,3,2
513,143,3,2
513,144,3,2
513,145,3,2
513,146,3,2
513,147,3,2
513,148,3,2
513,149,3,2
513,150,3,2
513,151,3,2
513,152,3,2
513,153,3,2
513,154,3,2
513,155,3,2
513,156,3,2
513,157,3,2
513,158,3,2
513,159,3,2
513,160,3,2
513,161,3,2
513,162,3,2
513,163,3,2
513,164,3,2
513,165,3,2
513,166,3,2
513,167,3,2
513,168,3,2
513,169,3,2
513,170,3,2
513,171,3,2
513,172,3,2
513,173,3,2
513,174,3,2
513,175,3,2
513,176,3,2
513,177,3,2
513,178,3,2
513,179,3,2
513,180,3,2
513,181,3,2
513,182,3,2
513,183,3,2
513,184,3,2
513,185,3,2
513,186,3,2
513,187,3,2
513,188,3,2
513,189,3,2
513,190,3,2
513,191,3,2
513,192,3,2
513,193,3,2
513,194,3,2
513,195,3,2
513,196,3,2
513,197,3,2
513,198,3,2
513,199,3,2
513,200,3,2
513,201,3,2
513,202,3,2
513,203,3,2
513,204,3,2
513,205,3,2
513,206,3,2
513,207,3,2
513,208,3,2
513,209,3,2
513,210,3,2
513,211,3,2
513,212,3,2
513,213,3,2
513,214,3,2
513,215,3,2
513,216,3,2
513,217,3,2
513,218,3,2
513,219,3,2
513,220,3,2
513,221,3,2
513,222,3,2
513,223,3,2
513,224,3,2
513,225,3,2
513,226,3,2
513,227,3,2
513,228,3,2
513,229,3,2
513,230,3,2
513,231,3,2
513,232,3,2
513,233,3,2
513,234,3,2
513,235,3,2
513,236,3,2
513,237,3,2
513,238,3,2
513,239,3,2
513,240,3,2
513,241,3,2
513,242,3,2
513,243,3,2
513,244,3,2
513,245,3,2
513,246,3,2
513,247,3,2
513,248,3,2
513,249,3,2
513,250,3,2
513,251,3,2
513,252,3,2
513,253,3,2
513,254,3,2
513,255,3,2
513,256,3,2
513,257,3,2
513,258,3,2
513,259,3,2
513,260,3,2
513,261,3,2
513,262,3,2
513,263,3,2
513,264,3,2
513,265,3,2
513,266,3,2
513,267,3,2
513,268,3,2
513,269,3,2
513,270,3,2
513,271,3,2
513,272,3,2
513,273,3,2
513,274,3,2
513,275,3,2
513,276,3,2
513,277,3,2
513,278,3,2
513,279,3,2
513,280,3,2
513,281,3,2
513,282,3,2
513,283,3,2
513,284,3,2
513,285,3,2
513,286,3,2
513,287,3,2
513,288,3,2
513,289,3,2
513,290,3,2
513,291,3,2
513,292,3,2
513,293,3,2
513,294,3,2
513,295,3,2
513,296,3,2
513,297,3,2
513,298,3,2
513,299,3,2
513,300,3,2
513,301,3,2
513,302,3,2
513,303,3,2
513,304,3,2
513,305,3,2
513,306,3,2
513,307,3,2
513,308,3,2
513,309,3,2
513,310,3,2
513,311,3,2
513,312,3,2
513,313,3,2
513,314,3,2
513,315,3,2
513,316,3,2
513,317,3,2
513,318,3,2
513,319,3,2
513,320,3,2
513,321,3,2
513,322,3,2
513,323,3,2
513,324,3,2
513,325,3,2
513,326,3,2
513,327,3,2
513,328,3,2
513,329,3,2
513,330,3,2
513,331,3,2
513,332,3,2
513,333,3,2
513,334,3,2
513,335,3,2
513,336,3,2
513,337,3,2
513,338,3,2
513,339,3,2
513,340,3,2
513,341,3,2
513,342,3,2
513,343,3,2
513,344,3,2
513,345,3,2
513,346,3,2
513,347,3,2
513,348,3,2
513,349,3,2
513,350,3,2
513,351,3,2
513,352,3,2
513,353,3,2
513,354,3,2
513,355,3,2
513,356,3,2
513,357,3,2
513,358,3,2
513,359,3,2
513,360,3,2
513,361,3,2
513,362,3,2
513,363,3,2
513,364,3,2
513,365,3,2
513,366,3,2
513,367,3,2
513,368,3,2
513,369,3,2
513,370,3,2
513,371,3,2
513,372,3,2
513,373,3,2
513,374,3,2
513,375,3,2
513,376,3,2
513,377,3,2
513,378,3,2
513,379,3,2
513,380,3,2
513,381,3,2
513,382,3,2
513,383,3,2
513,384,3,2
513,385,3,2
513,386,3,2
513,387,3,2
513,388,3,2
513,389,3,2
513,390,3,2
513,391,3,2
513,392,3,2
513,393,3,2
513,394,3,2
513,395,3,2
513,396,3,2
513,397,3,2
513,398,3,2
513,399,3,2
513,400,3,2
513,401,3,2
513,402,3,2
513,403,3,2
513,404,3,2
513,405,3,2
513,406,3,2
513,407,3,2
513,408,3,2
513,409,3,2
513,410,3,2
513,411,3,2
513,412,3,2
513,413,3,2
513,414,3,2
513,415,3,2
513,416,3,2
513,417,3,2
513,418,3,2
513,419,3,2
513,420,3,2
513,421,3,2
513,422,3,2
513,423,3,2
513,424,3,3
513,425,3,3
513,426,3,3
513,427,3,3
513,428,3,3
513,429,3,3
513,430,3,3
513,431,3,3
513,432,3,3
513,433,3,3
513,434,3,3
513,435,3,3
513,436,3,3
513,437,3,3
513,438,3,3
513,439,3,3
513,440,3,3
513,441,3,3
513,442,3,3
513,443,3,3
513,444,3,3
513,445,3,3
513,446,3,3
513,447,3,3
513,448,3,3
513,449,3,3
513,450,3,3
513,451,3,3
513,452,3,3
513,453,3,3
513,454,3,3
513,455,3,3
513,456,3,3
513,457,3,3
513,458,3,3
513,459,3,3
513,460,3,3
513,461,3,3
513,462,3,3
513,463,3,3
513,464,3,3
513,465,3,3
513,466,3,3
513,467,3,3
513,468,3,3
513,469,3,3
513,470,3,3
513,471,3,3
513,472,3,3
513,473,3,3
513,474,3,3
513,475,3,3
513,476,3,3
513,477,3,3
513,478,3,3
513,479,3,3
513,480,3,3
513,481,3,3
513,482,3,3
513,483,3,3
513,484,3,3
513,485,3,2
513,486,3,2
513,487,3,2
513,488,3,2
513,489,3,2
513,490,3,2
513,491,3,2
513,492,3,2
513,493,3,2
513,494,3,2
513,495,3,2
513,496,3,2
513,497,3,2
513,498,3,2
513,499,3,2
513,500,3,2
513,501,3,2
513,502,3,2
513,503,3,2
513,504,3,2
513,505,3,2
513,506,3,2
513,507,3,2
513,508,3,2
513,509,3,2
513,510,3,2
513,511,3,2
513,512,3,2
513,513,3,2
513,514,3,2
513,515,3,2
513,516,3,2
513,517,3,2
513,518,3,2
513,519,3,2
513,520,3,2
513,521,3,2
513,522,3,2
513,523,3,2
513,524,3,2
513,525,3,2
513,526,3,2
513,527,3,2
513,528,3,2
513,529,3,2
513,530,3,2
513,531,3,2
513,532,3,2
513,533,3,2
513,534,3,2
513,535,3,2
513,536,3,2
513,537,3,2
513,538,3,2
513,539,3,2
513,540,3,2
513,541,3,2
513,542,3,2
513,543,3,2
513,544,3,2
513,545,3,2
513,546,3,2
513,547,3,2
513,548,3,2
513,549,3,2
513,550,3,2
513,551,3,2
513,552,3,2
513,553,3,2
513,554,3,2
513,555,3,2
513,556,3,2
513,557,3,2
513,558,3,2
513,559,3,2
513,560,3,2
513,561,3,2
513,562,3,2
513,563,3,2
513,564,3,2
513,565,3,2
513,566,3,2
513,567,3,2
513,568,3,2
513,569,3,2
513,570,3,2
513,571,3,2
513,572,3,2
513,573,3,2
513,574,3,2
513,575,3,2
513,576,3,2
513,577,3,2
513,578,3,2
513,579,3,2
513,580,3,2
513,581,3,2
513,582,3,2
513,583,3,2
513,584,3,2
513,585,3,2
513,586,3,2
513,587,3,2
513,588,3,2
513,589,3,2
513,590,3,2
513,591,3,2
513,592,3,2
513,593,3,2
513,594,3,2
513,595,3,2
513,596,3,2
513,597,3,2
513,598,3,2
513,599,3,2
513,600,3,2
513,601,3,2
513,602,3,2
513,603,3,2
513,604,3,2
513,605,3,2
513,606,3,2
513,607,3,2
513,608,3,2
513,609,3,2
513,610,3,2
513,611,3,2
513,612,3,2
513,613,3,2
513,614,3,2
513,615,3,2
513,616,3,2
513,617,3,2
513,618,3,2
513,619,3,2
513,620,3,2
513,621,3,2
513,622,3,2
513,623,3,2
513,624,3,2
513,625,3,2
513,626,3,2
513,627,3,2
513,628,3,2
513,629,3,3
513,630,3,3
513,631,3,2
513,632,3,2
513,633,3,2
513,634,3,2
513,635,3,2
513,636,3,2
513,637,3,2
513,638,3,3
513,639,3,3
513,640,3,3
513,641,3,2
513,642,3,2
513,643,3,2
513,644,3,2
513,645,3,2
513,646,3,2
513,647,3,2
513,648,3,2
513,649,3,2
513,650,3,2
513,651,3,2
513,652,3,2
513,653,3,2
513,654,3,2
513,655,3,2
513,656,3,2
513,657,3,2
513,658,3,2
513,659,3,2
513,660,3,2
514,79,3,2
514,80,3,2
514,81,3,2
514,82,3,2
514,83,3,2
514,84,3,2
514,85,3,2
514,86,3,2
514,87,3,2
514,88,3,2
514,89,3,2
514,90,3,2
514,91,3,2
514,92,3,2
514,93,3,2
514,94,3,2
514,95,3,2
514,96,3,2
514,97,3,2
514,98,3,2
514,99,3,2
514,100,3,2
514,101,3,2
514,102,3,2
514,103,3,2
514,104,3,2
514,105,3,2
514,106,3,2
514,107,3,2
514,108,3,2
514,109,3,2
514,110,3,2
514,111,3,2
514,112,3,2
514,113,3,2
514,114,3,2
514,115,3,2
514,116,3,2
514,117,3,2
514,118,3,2
514,119,3,2
514,120,3,2
514,121,3,2
514,122,3,2
514,123,3,2
514,124,3,2
514,125,3,2
514,126,3,2
514,127,3,2
514,128,3,2
514,129,3,2
514,130,3,2
514,131,3,2
514,132,3,2
514,133,3,2
514,134,3,2
514,135,3,2
514,136,3,2
514,137,3,2
514,138,3,2
514,139,3,2
514,140,3,2
514,141,3,2
514,142,3,2
514,143,3,2
514,144,3,2
514,145,3,2
514,146,3,2
514,147,3,2
514,148,3,2
514,149,3,2
514,150,3,2
514,151,3,2
514,152,3,2
514,153,3,2
514,154,3,2
514,155,3,2
514,156,3,2
514,157,3,2
514,158,3,2
514,159,3,2
514,160,3,2
514,161,3,2
514,162,3,2
514,163,3,2
514,164,3,2
514,165,3,2
514,166,3,2
514,167,3,2
514,168,3,2
514,169,3,2
514,170,3,2
514,171,3,2
514,172,3,2
514,173,3,2
514,174,3,2
514,175,3,2
514,176,3,2
514,177,3,2
514,178,3,2
514,179,3,2
514,180,3,2
514,181,3,2
514,182,3,2
514,183,3,2
514,184,3,2
514,185,3,2
514,186,3,2
514,187,3,2
514,188,3,2
514,189,3,2
514,190,3,2
514,191,3,2
514,192,3,2
514,193,3,2
514,194,3,2
514,195,3,2
514,196,3,2
514,197,3,2
514,198,3,2
514,199,3,2
514,200,3,2
514,201,3,2
514,202,3,2
514,203,3,2
514,204,3,2
514,205,3,2
514,206,3,2
514,207,3,2
514,208,3,2
514,209,3,2
514,210,3,2
514,211,3,2
514,212,3,2
514,213,3,2
514,214,3,2
514,215,3,2
514,216,3,2
514,217,3,2
514,218,3,2
514,219,3,2
514,220,3,2
514,221,3,2
514,222,3,2
514,223,3,2
514,224,3,2
514,225,3,2
514,226,3,2
514,227,3,2
514,228,3,2
514,229,3,2
514,230,3,2
514,231,3,2
514,232,3,2
514,233,3,2
514,234,3,2
514,235,3,2
514,236,3,2
514,237,3,2
514,238,3,2
514,239,3,2
514,240,3,2
514,241,3,2
514,242,3,2
514,243,3,2
514,244,3,2
514,245,3,2
514,246,3,2
514,247,3,2
514,248,3,2
514,249,3,2
514,250,3,2
514,251,3,2
514,252,3,2
514,253,3,2
514,254,3,2
514,255,3,2
514,256,3,2
514,257,3,2
514,258,3,2
514,259,3,2
514,260,3,2
514,261,3,2
514,262,3,2
514,263,3,2
514,264,3,2
514,265,3,2
514,266,3,2
514,267,3,2
514,268,3,2
514,269,3,2
514,270,3,2
514,271,3,2
514,272,3,2
514,273,3,2
514,274,3,2
514,275,3,2
514,276,3,2
514,277,3,2
514,278,3,2
514,279,3,2
514,280,3,2
514,281,3,2
514,282,3,2
514,283,3,2
514,284,3,2
514,285,3,2
514,286,3,2
514,287,3,2
514,288,3,2
514,289,3,2
514,290,3,2
514,291,3,2
514,292,3,2
514,293,3,2
514,294,3,2
514,295,3,2
514,296,3,2
514,297,3,2
514,298,3,2
514,299,3,2
514,300,3,2
514,301,3,2
514,302,3,2
514,303,3,2
514,304,3,2
514,305,3,2
514,306,3,2
514,307,3,2
514,308,3,2
514,309,3,2
514,310,3,2
514,311,3,2
514,312,3,2
514,313,3,2
514,314,3,2
514,315,3,2
514,316,3,2
514,317,3,2
514,318,3,2
514,319,3,2
514,320,3,2
514,321,3,2
514,322,3,2
514,323,3,2
514,324,3,2
514,325,3,2
514,326,3,2
514,327,3,2
514,328,3,2
514,329,3,2
514,330,3,2
514,331,3,2
514,332,3,2
514,333,3,2
514,334,3,2
514,335,3,2
514,336,3,2
514,337,3,2
514,338,3,2
514,339,3,2
514,340,3,2
514,341,3,2
514,342,3,2
514,343,3,2
514,344,3,2
514,345,3,2
514,346,3,2
514,347,3,2
514,348,3,2
514,349,3,2
514,350,3,2
514,351,3,2
514,352,3,2
514,353,3,2
514,354,3,2
514,355,3,2
514,356,3,2
514,357,3,2
514,358,3,2
514,359,3,2
514,360,3,2
514,361,3,2
514,362,3,2
514,363,3,2
514,364,3,2
514,365,3,2
514,366,3,2
514,367,3,2
514,368,3,2
514,369,3,2
514,370,3,2
514,371,3,2
514,372,3,2
514,373,3,2
514,374,3,2
514,375,3,2
514,376,3,2
514,377,3,2
514,378,3,2
514,379,3,2
514,380,3,2
514,381,3,2
514,382,3,2
514,383,3,2
514,384,3,2
514,385,3,2
514,386,3,2
514,387,3,2
514,388,3,2
514,389,3,2
514,390,3,2
514,391,3,2
514,392,3,2
514,393,3,2
514,394,3,2
514,395,3,2
514,396,3,2
514,397,3,2
514,398,3,2
514,399,3,2
514,400,3,2
514,401,3,2
514,402,3,2
514,403,3,2
514,404,3,2
514,405,3,2
514,406,3,2
514,407,3,2
514,408,3,2
514,409,3,2
514,410,3,2
514,411,3,2
514,412,3,2
514,413,3,2
514,414,3,2
514,415,3,2
514,416,3,2
514,417,3,2
514,418,3,2
514,419,3,2
514,420,3,2
514,421,3,2
514,422,3,2
514,423,3,2
514,424,3,3
514,425,3,3
514,426,3,3
514,427,3,3
514,428,3,3
514,429,3,3
514,430,3,3
514,431,3,3
514,432,3,3
514,433,3,3
514,434,3,3
514,435,3,3
514,436,3,3
514,437,3,3
514,438,3,3
514,439,3,2
514,440,3,2
514,441,3,2
514,442,3,2
514,443,3,2
514,444,3,2
514,445,3,2
514,446,3,2
514,447,3,2
514,448,3,3
514,449,3,3
514,450,3,3
514,451,3,3
514,452,3,3
514,453,3,3
514,454,3,3
514,455,3,3
514,456,3,3
514,457,3,3
514,458,3,3
514,459,3,3
514,460,3,3
514,461,3,3
514,462,3,3
514,463,3,3
514,464,3,3
514,465,3,3
514,466,3,3
514,467,3,3
514,468,3,3
514,469,3,3
514,470,3,3
514,471,3,3
514,472,3,3
514,473,3,3
514,474,3,3
514,475,3,3
514,476,3,3
514,477,3,3
514,478,3,3
514,479,3,3
514,480,3,3
514,481,3,3
514,482,3,3
514,483,3,3
514,484,3,3
514,485,3,3
514,486,3,2
514,487,3,2
514,488,3,2
514,489,3,2
514,490,3,2
514,491,3,2
514,492,3,2
514,493,3,2
514,494,3,2
514,495,3,2
514,496,3,2
514,497,3,2
514,498,3,2
514,499,3,2
514,500,3,2
514,501,3,2
514,502,3,2
514,503,3,2
514,504,3,2
514,505,3,2
514,506,3,2
514,507,3,2
514,508,3,2
514,509,3,2
514,510,3,2
514,511,3,2
514,512,3,2
514,513,3,2
514,514,3,2
514,515,3,2
514,516,3,2
514,517,3,2
514,518,3,2
514,519,3,2
514,520,3,2
514,521,3,2
514,522,3,2
514,523,3,2
514,524,3,2
514,525,3,2
514,526,3,2
514,527,3,2
514,528,3,2
514,529,3,2
514,530,3,2
514,531,3,2
514,532,3,2
514,533,3,2
514,534,3,2
514,535,3,2
514,536,3,2
514,537,3,2
514,538,3,2
514,539,3,2
514,540,3,2
514,541,3,2
514,542,3,2
514,543,3,2
514,544,3,2
514,545,3,2
514,546,3,2
514,547,3,2
514,548,3,2
514,549,3,2
514,550,3,2
514,551,3,2
514,552,3,2
514,553,3,2
514,554,3,2
514,555,3,2
514,556,3,2
514,557,3,2
514,558,3,2
514,559,3,2
514,560,3,2
514,561,3,2
514,562,3,2
514,563,3,2
514,564,3,2
514,565,3,2
514,566,3,2
514,567,3,2
514,568,3,2
514,569,3,2
514,570,3,2
514,571,3,2
514,572,3,2
514,573,3,2
514,574,3,2
514,575,3,2
514,576,3,2
514,577,3,2
514,578,3,2
514,579,3,2
514,580,3,2
514,581,3,2
514,582,3,2
514,583,3,2
514,584,3,2
514,585,3,2
514,586,3,2
514,587,3,2
514,588,3,2
514,589,3,2
514,590,3,2
514,591,3,2
514,592,3,2
514,593,3,2
514,594,3,2
514,595,3,2
514,596,3,2
514,597,3,2
514,598,3,2
514,599,3,2
514,600,3,2
514,601,3,2
514,602,3,2
514,603,3,2
514,604,3,2
514,605,3,2
514,606,3,2
514,607,3,2
514,608,3,2
514,609,3,2
514,610,3,2
514,611,3,2
514,612,3,2
514,613,3,2
514,614,3,2
514,615,3,2
514,616,3,2
514,617,3,2
514,618,3,2
514,619,3,2
514,620,3,2
514,621,3,2
514,622,3,2
514,623,3,2
514,624,3,2
514,625,3,2
514,626,3,2
514,627,3,2
514,628,3,3
514,629,3,3
514,630,3,3
514,631,3,3
514,632,3,2
514,633,3,2
514,634,3,2
514,635,3,2
514,636,3,2
514,637,3,2
514,638,3,2
514,639,3,2
514,640,3,2
514,641,3,2
514,642,3,2
514,643,3,2
514,644,3,2
514,645,3,2
514,646,3,2
514,647,3,2
514,648,3,2
514,649,3,2
514,650,3,2
514,651,3,2
514,652,3,2
514,653,3,2
514,654,3,2
514,655,3,2
514,656,3,2
514,657,3,2
514,658,3,2
514,659,3,2
514,660,3,2
515,80,3,2
515,81,3,2
515,82,3,2
515,83,3,2
515,84,3,2
515,85,3,2
515,86,3,2
515,87,3,2
515,88,3,2
515,89,3,2
515,90,3,2
515,91,3,2
515,92,3,2
515,93,3,2
515,94,3,2
515,95,3,2
515,96,3,2
515,97,3,2
515,98,3,2
515,99,3,2
515,100,3,2
515,101,3,2
515,102,3,2
515,103,3,2
515,104,3,2
515,105,3,2
515,106,3,2
515,107,3,2
515,108,3,2
515,109,3,2
515,110,3,2
515,111,3,2
515,112,3,2
515,113,3,2
515,114,3,2
515,115,3,2
515,116,3,2
515,117,3,2
515,118,3,2
515,119,3,2
515,120,3,2
515,121,3,2
515,122,3,2
515,123,3,2
515,124,3,2
515,125,3,2
515,126,3,2
515,127,3,2
515,128,3,2
515,129,3,2
515,130,3,2
515,131,3,2
515,132,3,2
515,133,3,2
515,134,3,2
515,135,3,2
515,136,3,2
515,137,3,2
515,138,3,2
515,139,3,2
515,140,3,2
515,141,3,2
515,142,3,2
515,143,3,2
515,144,3,2
515,145,3,2
515,146,3,2
515,147,3,2
515,148,3,2
515,149,3,2
515,150,3,2
515,151,3,2
515,152,3,2
515,153,3,2
515,154,3,2
515,155,3,2
515,156,3,2
515,157,3,2
515,158,3,2
515,159,3,2
515,160,3,2
515,161,3,2
515,162,3,2
515,163,3,2
515,164,3,2
515,165,3,2
515,166,3,2
515,167,3,2
515,168,3,2
515,169,3,2
515,170,3,2
515,171,3,2
515,172,3,2
515,173,3,2
515,174,3,2
515,175,3,2
515,176,3,2
515,177,3,2
515,178,3,2
515,179,3,2
515,180,3,2
515,181,3,2
515,182,3,2
515,183,3,2
515,184,3,2
515,185,3,2
515,186,3,2
515,187,3,2
515,188,3,2
515,189,3,2
515,190,3,2
515,191,3,2
515,192,3,2
515,193,3,2
515,194,3,2
515,195,3,2
515,196,3,2
515,197,3,2
515,198,3,2
515,199,3,2
515,200,3,2
515,201,3,2
515,202,3,2
515,203,3,2
515,204,3,2
515,205,3,2
515,206,3,2
515,207,3,2
515,208,3,2
515,209,3,2
515,210,3,2
515,211,3,2
515,212,3,2
515,213,3,2
515,214,3,2
515,215,3,2
515,216,3,2
515,217,3,2
515,218,3,2
515,219,3,2
515,220,3,2
515,221,3,2
515,222,3,2
515,223,3,2
515,224,3,2
515,225,3,2
515,226,3,2
515,227,3,2
515,228,3,2
515,229,3,2
515,230,3,2
515,231,3,2
515,232,3,2
515,233,3,2
515,234,3,2
515,235,3,2
515,236,3,2
515,237,3,2
515,238,3,2
515,239,3,2
515,240,3,2
515,241,3,2
515,242,3,2
515,243,3,2
515,244,3,2
515,245,3,2
515,246,3,2
515,247,3,2
515,248,3,2
515,249,3,2
515,250,3,2
515,251,3,2
515,252,3,2
515,253,3,2
515,254,3,2
515,255,3,2
515,256,3,2
515,257,3,2
515,258,3,2
515,259,3,2
515,260,3,2
515,261,3,2
515,262,3,2
515,263,3,2
515,264,3,2
515,265,3,2
515,266,3,2
515,267,3,2
515,268,3,2
515,269,3,2
515,270,3,2
515,271,3,2
515,272,3,2
515,273,3,2
515,274,3,2
515,275,3,2
515,276,3,2
515,277,3,2
515,278,3,2
515,279,3,2
515,280,3,2
515,281,3,2
515,282,3,2
515,283,3,2
515,284,3,2
515,285,3,2
515,286,3,2
515,287,3,2
515,288,3,2
515,289,3,2
515,290,3,2
515,291,3,2
515,292,3,2
515,293,3,2
515,294,3,2
515,295,3,2
515,296,3,2
515,297,3,2
515,298,3,2
515,299,3,2
515,300,3,2
515,301,3,2
515,302,3,2
515,303,3,2
515,304,3,2
515,305,3,2
515,306,3,2
515,307,3,2
515,308,3,2
515,309,3,2
515,310,3,2
515,311,3,2
515,312,3,2
515,313,3,2
515,314,3,2
515,315,3,2
515,316,3,2
515,317,3,2
515,318,3,2
515,319,3,2
515,320,3,2
515,321,3,2
515,322,3,2
515,323,3,2
515,324,3,2
515,325,3,2
515,326,3,2
515,327,3,2
515,328,3,2
515,329,3,2
515,330,3,2
515,331,3,2
515,332,3,2
515,333,3,2
515,334,3,2
515,335,3,2
515,336,3,2
515,337,3,2
515,338,3,2
515,339,3,2
515,340,3,2
515,341,3,2
515,342,3,2
515,343,3,2
515,344,3,2
515,345,3,2
515,346,3,2
515,347,3,2
515,348,3,2
515,349,3,2
515,350,3,2
515,351,3,2
515,352,3,2
515,353,3,2
515,354,3,2
515,355,3,2
515,356,3,2
515,357,3,2
515,358,3,2
515,359,3,2
515,360,3,2
515,361,3,2
515,362,3,2
515,363,3,2
515,364,3,2
515,365,3,2
515,366,3,2
515,367,3,2
515,368,3,2
515,369,3,2
515,370,3,2
515,371,3,2
515,372,3,2
515,373,3,2
515,374,3,2
515,375,3,2
515,376,3,2
515,377,3,2
515,378,3,2
515,379,3,2
515,380,3,2
515,381,3,2
515,382,3,2
515,383,3,2
515,384,3,2
515,385,3,2
515,386,3,2
515,387,3,2
515,388,3,2
515,389,3,2
515,390,3,2
515,391,3,2
515,392,3,2
515,393,3,2
515,394,3,2
515,395,3,2
515,396,3,2
515,397,3,2
515,398,3,2
515,399,3,2
515,400,3,2
515,401,3,2
515,402,3,2
515,403,3,2
515,404,3,2
515,405,3,2
515,406,3,2
515,407,3,2
515,408,3,2
515,409,3,2
515,410,3,2
515,411,3,2
515,412,3,2
515,413,3,2
515,414,3,2
515,415,3,2
515,416,3,2
515,417,3,2
515,418,3,2
515,419,3,2
515,420,3,2
515,421,3,2
515,422,3,2
515,423,3,2
515,424,3,2
515,425,3,3
515,426,3,3
515,427,3,3
515,428,3,3
515,429,3,3
515,430,3,3
515,431,3,3
515,432,3,3
515,433,3,3
515,434,3,3
515,435,3,3
515,436,3,3
515,437,3,3
515,438,3,3
515,439,3,2
515,440,3,2
515,441,3,2
515,442,3,2
515,443,3,2
515,444,3,2
515,445,3,2
515,446,3,2
515,447,3,2
515,448,3,3
515,449,3,3
515,450,3,3
515,451,3,3
515,452,3,3
515,453,3,3
515,454,3,3
515,455,3,3
515,456,3,3
515,457,3,3
515,458,3,3
515,459,3,3
515,460,3,3
515,461,3,3
515,462,3,3
515,463,3,3
515,464,3,3
515,465,3,3
515,466,3,3
515,467,3,3
515,468,3,3
515,469,3,3
515,470,3,3
515,471,3,3
515,472,3,3
515,473,3,3
515,474,3,3
515,475,3,3
515,476,3,3
515,477,3,3
515,478,3,3
515,479,3,3
515,480,3,3
515,481,3,3
515,482,3,3
515,483,3,3
515,484,3,3
515,485,3,3
515,486,3,2
515,487,3,2
515,488,3,2
515,489,3,2
515,490,3,2
515,491,3,2
515,492,3,2
515,493,3,2
515,494,3,2
515,495,3,2
515,496,3,2
515,497,3,2
515,498,3,2
515,499,3,2
515,500,3,2
515,501,3,2
515,502,3,2
515,503,3,2
515,504,3,2
515,505,3,2
515,506,3,2
515,507,3,2
515,508,3,2
515,509,3,2
515,510,3,2
515,511,3,2
515,512,3,2
515,513,3,2
515,514,3,2
515,515,3,2
515,516,3,2
515,517,3,2
515,518,3,2
515,519,3,2
515,520,3,2
515,521,3,2
515,522,3,2
515,523,3,2
515,524,3,2
515,525,3,2
515,526,3,2
515,527,3,2
515,528,3,2
515,529,3,2
515,530,3,2
515,531,3,2
515,532,3,2
515,533,3,2
515,534,3,2
515,535,3,2
515,536,3,2
515,537,3,2
515,538,3,2
515,539,3,2
515,540,3,2
515,541,3,2
515,542,3,2
515,543,3,2
515,544,3,2
515,545,3,2
515,546,3,2
515,547,3,2
515,548,3,2
515,549,3,2
515,550,3,2
515,551,3,2
515,552,3,2
515,553,3,2
515,554,3,2
515,555,3,2
515,556,3,2
515,557,3,2
515,558,3,2
515,559,3,2
515,560,3,2
515,561,3,2
515,562,3,2
515,563,3,2
515,564,3,2
515,565,3,2
515,566,3,2
515,567,3,2
515,568,3,2
515,569,3,2
515,570,3,2
515,571,3,2
515,572,3,2
515,573,3,2
515,574,3,2
515,575,3,2
515,576,3,2
515,577,3,2
515,578,3,2
515,579,3,2
515,580,3,2
515,581,3,2
515,582,3,2
515,583,3,2
515,584,3,2
515,585,3,2
515,586,3,2
515,587,3,2
515,588,3,2
515,589,3,2
515,590,3,2
515,591,3,2
515,592,3,2
515,593,3,2
515,594,3,2
515,595,3,2
515,596,3,2
515,597,3,2
515,598,3,2
515,599,3,2
515,600,3,2
515,601,3,2
515,602,3,2
515,603,3,2
515,604,3,2
515,605,3,2
515,606,3,2
515,607,3,2
515,608,3,2
515,609,3,2
515,610,3,2
515,611,3,2
515,612,3,2
515,613,3,2
515,614,3,2
515,615,3,2
515,616,3,2
515,617,3,2
515,618,3,2
515,619,3,2
515,620,3,2
515,621,3,2
515,622,3,2
515,623,3,2
515,624,3,2
515,625,3,2
515,626,3,2
515,627,3,2
515,628,3,2
515,629,3,2
515,630,3,2
515,631,3,2
515,632,3,2
515,633,3,2
515,634,3,2
515,635,3,2
515,636,3,2
515,637,3,2
515,638,3,2
515,639,3,2
515,640,3,2
515,641,3,2
515,642,3,2
515,643,3,2
515,644,3,2
515,645,3,2
515,646,3,2
515,647,3,2
515,648,3,2
515,649,3,2
515,650,3,2
515,651,3,2
515,652,3,2
515,653,3,2
515,654,3,2
515,655,3,2
515,656,3,2
515,657,3,2
515,658,3,2
515,659,3,2
515,660,3,2
516,80,3,2
516,81,3,2
516,82,3,2
516,83,3,2
516,84,3,2
516,85,3,2
516,86,3,2
516,87,3,2
516,88,3,2
516,89,3,2
516,90,3,2
516,91,3,2
516,92,3,2
516,93,3,2
516,94,3,2
516,95,3,2
516,96,3,2
516,97,3,2
516,98,3,2
516,99,3,2
516,100,3,2
516,101,3,2
516,102,3,2
516,103,3,2
516,104,3,2
516,105,3,2
516,106,3,2
516,107,3,2
516,108,3,2
516,109,3,2
516,110,3,2
516,111,3,2
516,112,3,2
516,113,3,2
516,114,3,2
516,115,3,2
516,116,3,2
516,117,3,2
516,118,3,2
516,119,3,2
516,120,3,2
516,121,3,2
516,122,3,2
516,123,3,2
516,124,3,2
516,125,3,2
516,126,3,2
516,127,3,2
516,128,3,2
516,129,3,2
516,130,3,2
516,131,3,2
516,132,3,2
516,133,3,2
516,134,3,2
516,135,3,2
516,136,3,2
516,137,3,2
516,138,3,2
516,139,3,2
516,140,3,2
516,141,3,2
516,142,3,2
516,143,3,2
516,144,3,2
516,145,3,2
516,146,3,2
516,147,3,2
516,148,3,2
516,149,3,2
516,150,3,2
516,151,3,2
516,152,3,2
516,153,3,2
516,154,3,2
516,155,3,2
516,156,3,2
516,157,3,2
516,158,3,2
516,159,3,2
516,160,3,2
516,161,3,2
516,162,3,2
516,163,3,2
516,164,3,2
516,165,3,2
516,166,3,2
516,167,3,2
516,168,3,2
516,169,3,2
516,170,3,2
516,171,3,2
516,172,3,2
516,173,3,2
516,174,3,2
516,175,3,2
516,176,3,2
516,177,3,2
516,178,3,2
516,179,3,2
516,180,3,2
516,181,3,2
516,182,3,2
516,183,3,2
516,184,3,2
516,185,3,2
516,186,3,2
516,187,3,2
516,188,3,2
516,189,3,2
516,190,3,2
516,191,3,2
516,192,3,2
516,193,3,2
516,194,3,2
516,195,3,2
516,196,3,2
516,197,3,2
516,198,3,2
516,199,3,2
516,200,3,2
516,201,3,2
516,202,3,2
516,203,3,2
516,204,3,2
516,205,3,2
516,206,3,2
516,207,3,2
516,208,3,2
516,209,3,2
516,210,3,2
516,211,3,2
516,212,3,2
516,213,3,2
516,214,3,2
516,215,3,2
516,216,3,2
516,217,3,2
516,218,3,2
516,219,3,2
516,220,3,2
516,221,3,2
516,222,3,2
516,223,3,2
516,224,3,2
516,225,3,2
516,226,3,2
516,227,3,2
516,228,3,2
516,229,3,2
516,230,3,2
516,231,3,2
516,232,3,2
516,233,3,2
516,234,3,2
516,235,3,2
516,236,3,2
516,237,3,2
516,238,3,2
516,239,3,2
516,240,3,2
516,241,3,2
516,242,3,2
516,243,3,2
516,244,3,2
516,245,3,2
516,246,3,2
516,247,3,2
516,248,3,2
516,249,3,2
516,250,3,2
516,251,3,2
516,252,3,2
516,253,3,2
516,254,3,2
516,255,3,2
516,256,3,2
516,257,3,2
516,258,3,2
516,259,3,2
516,260,3,2
516,261,3,2
516,262,3,2
516,263,3,2
516,264,3,2
516,265,3,2
516,266,3,2
516,267,3,2
516,268,3,2
516,269,3,2
516,270,3,2
516,271,3,2
516,272,3,2
516,273,3,2
516,274,3,2
516,275,3,2
516,276,3,2
516,277,3,2
516,278,3,2
516,279,3,2
516,280,3,2
516,281,3,2
516,282,3,2
516,283,3,2
516,284,3,2
516,285,3,2
516,286,3,2
516,287,3,2
516,288,3,2
516,289,3,2
516,290,3,2
516,291,3,2
516,292,3,2
516,293,3,2
516,294,3,2
516,295,3,2
516,296,3,2
516,297,3,2
516,298,3,2
516,299,3,2
516,300,3,2
516,301,3,2
516,302,3,2
516,303,3,2
516,304,3,2
516,305,3,2
516,306,3,2
516,307,3,2
516,308,3,2
516,309,3,2
516,310,3,2
516,311,3,2
516,312,3,2
516,313,3,2
516,314,3,2
516,315,3,2
516,316,3,2
516,317,3,2
516,318,3,2
516,319,3,2
516,320,3,2
516,321,3,2
516,322,3,2
516,323,3,2
516,324,3,2
516,325,3,2
516,326,3,2
516,327,3,2
516,328,3,2
516,329,3,2
516,330,3,2
516,331,3,2
516,332,3,2
516,333,3,2
516,334,3,2
516,335,3,2
516,336,3,2
516,337,3,2
516,338,3,2
516,339,3,2
516,340,3,2
516,341,3,2
516,342,3,2
516,343,3,2
516,344,3,2
516,345,3,2
516,346,3,2
516,347,3,2
516,348,3,2
516,349,3,2
516,350,3,2
516,351,3,2
516,352,3,2
516,353,3,2
516,354,3,2
516,355,3,2
516,356,3,2
516,357,3,2
516,358,3,2
516,359,3,2
516,360,3,2
516,361,3,2
516,362,3,2
516,363,3,2
516,364,3,2
516,365,3,2
516,366,3,2
516,367,3,2
516,368,3,2
516,369,3,2
516,370,3,2
516,371,3,2
516,372,3,2
516,373,3,2
516,374,3,2
516,375,3,2
516,376,3,2
516,377,3,2
516,378,3,2
516,379,3,2
516,380,3,2
516,381,3,2
516,382,3,2
516,383,3,2
516,384,3,2
516,385,3,2
516,386,3,2
516,387,3,2
516,388,3,2
516,389,3,2
516,390,3,2
516,391,3,2
516,392,3,2
516,393,3,2
516,394,3,2
516,395,3,2
516,396,3,2
516,397,3,2
516,398,3,2
516,399,3,2
516,400,3,2
516,401,3,2
516,402,3,2
516,403,3,2
516,404,3,2
516,405,3,2
516,406,3,2
516,407,3,2
516,408,3,2
516,409,3,2
516,410,3,2
516,411,3,2
516,412,3,2
516,413,3,2
516,414,3,2
516,415,3,2
516,416,3,2
516,417,3,2
516,418,3,2
516,419,3,2
516,420,3,2
516,421,3,2
516,422,3,2
516,423,3,2
516,424,3,2
516,425,3,2
516,426,3,3
516,427,3,3
516,428,3,3
516,429,3,3
516,430,3,3
516,431,3,3
516,432,3,3
516,433,3,3
516,434,3,3
516,435,3,3
516,436,3,2
516,437,3,2
516,438,3,2
516,439,3,2
516,440,3,2
516,441,3,2
516,442,3,2
516,443,3,2
516,444,3,2
516,445,3,2
516,446,3,2
516,447,3,2
516,448,3,2
516,449,3,3
516,450,3,3
516,451,3,3
516,452,3,3
516,453,3,3
516,454,3,3
516,455,3,3
516,456,3,3
516,457,3,3
516,458,3,3
516,459,3,3
516,460,3,3
516,461,3,3
516,462,3,3
516,463,3,3
516,464,3,3
516,465,3,3
516,466,3,3
516,467,3,3
516,468,3,3
516,469,3,3
516,470,3,3
516,471,3,3
516,472,3,3
516,473,3,3
516,474,3,3
516,475,3,3
516,476,3,3
516,477,3,3
516,478,3,3
516,479,3,3
516,480,3,3
516,481,3,3
516,482,3,3
516,483,3,3
516,484,3,3
516,485,3,3
516,486,3,3
516,487,3,2
516,488,3,2
516,489,3,2
516,490,3,2
516,491,3,2
516,492,3,2
516,493,3,2
516,494,3,2
516,495,3,2
516,496,3,2
516,497,3,2
516,498,3,2
516,499,3,2
516,500,3,2
516,501,3,2
516,502,3,2
516,503,3,2
516,504,3,2
516,505,3,2
516,506,3,2
516,507,3,2
516,508,3,2
516,509,3,2
516,510,3,2
516,511,3,2
516,512,3,2
516,513,3,2
516,514,3,2
516,515,3,2
516,516,3,2
516,517,3,2
516,518,3,2
516,519,3,2
516,520,3,2
516,521,3,2
516,522,3,2
516,523,3,2
516,524,3,2
516,525,3,2
516,526,3,2
516,527,3,2
516,528,3,2
516,529,3,2
516,530,3,2
516,531,3,2
516,532,3,2
516,533,3,2
516,534,3,2
516,535,3,2
516,536,3,2
516,537,3,2
516,538,3,2
516,539,3,2
516,540,3,2
516,541,3,2
516,542,3,2
516,543,3,2
516,544,3,2
516,545,3,2
516,546,3,2
516,547,3,2
516,548,3,2
516,549,3,2
516,550,3,2
516,551,3,2
516,552,3,2
516,553,3,2
516,554,3,2
516,555,3,2
516,556,3,2
516,557,3,2
516,558,3,2
516,559,3,2
516,560,3,2
516,561,3,2
516,562,3,2
516,563,3,2
516,564,3,2
516,565,3,2
516,566,3,2
516,567,3,2
516,568,3,2
516,569,3,2
516,570,3,2
516,571,3,2
516,572,3,2
516,573,3,2
516,574,3,2
516,575,3,2
516,576,3,2
516,577,3,2
516,578,3,2
516,579,3,2
516,580,3,2
516,581,3,2
516,582,3,2
516,583,3,2
516,584,3,2
516,585,3,2
516,586,3,2
516,587,3,2
516,588,3,2
516,589,3,2
516,590,3,2
516,591,3,2
516,592,3,2
516,593,3,2
516,594,3,2
516,595,3,2
516,596,3,2
516,597,3,2
516,598,3,2
516,599,3,2
516,600,3,2
516,601,3,2
516,602,3,2
516,603,3,2
516,604,3,2
516,605,3,2
516,606,3,2
516,607,3,2
516,608,3,2
516,609,3,2
516,610,3,2
516,611,3,2
516,612,3,2
516,613,3,2
516,614,3,2
516,615,3,2
516,616,3,2
516,617,3,2
516,618,3,2
516,619,3,2
516,620,3,2
516,621,3,2
516,622,3,2
516,623,3,2
516,624,3,2
516,625,3,2
516,626,3,2
516,627,3,2
516,628,3,2
516,629,3,2
516,630,3,2
516,631,3,2
516,632,3,2
516,633,3,2
516,634,3,2
516,635,3,2
516,636,3,2
516,637,3,2
516,638,3,2
516,639,3,2
516,640,3,2
516,641,3,2
516,642,3,2
516,643,3,2
516,644,3,2
516,645,3,2
516,646,3,2
516,647,3,2
516,648,3,2
516,649,3,2
516,650,3,2
516,651,3,2
516,652,3,2
516,653,3,2
516,654,3,2
516,655,3,2
516,656,3,2
516,657,3,2
516,658,3,2
516,659,3,2
517,80,3,2
517,81,3,2
517,82,3,2
517,83,3,2
517,84,3,2
517,85,3,2
517,86,3,2
517,87,3,2
517,88,3,2
517,89,3,2
517,90,3,2
517,91,3,2
517,92,3,2
517,93,3,2
517,94,3,2
517,95,3,2
517,96,3,2
517,97,3,2
517,98,3,2
517,99,3,2
517,100,3,2
517,101,3,2
517,102,3,2
517,103,3,2
517,104,3,2
517,105,3,2
517,106,3,2
517,107,3,2
517,108,3,2
517,109,3,2
517,110,3,2
517,111,3,2
517,112,3,2
517,113,3,2
517,114,3,2
517,115,3,2
517,116,3,2
517,117,3,2
517,118,3,2
517,119,3,2
517,120,3,2
517,121,3,2
517,122,3,2
517,123,3,2
517,124,3,2
517,125,3,2
517,126,3,2
517,127,3,2
517,128,3,2
517,129,3,2
517,130,3,2
517,131,3,2
517,132,3,2
517,133,3,2
517,134,3,2
517,135,3,2
517,136,3,2
517,137,3,2
517,138,3,2
517,139,3,2
517,140,3,2
517,141,3,2
517,142,3,2
517,143,3,2
517,144,3,2
517,145,3,2
517,146,3,2
517,147,3,2
517,148,3,2
517,149,3,2
517,150,3,2
517,151,3,2
517,152,3,2
517,153,3,2
517,154,3,2
517,155,3,2
517,156,3,2
517,157,3,2
517,158,3,2
517,159,3,2
517,160,3,2
517,161,3,2
517,162,3,2
517,163,3,2
517,164,3,2
517,165,3,2
517,166,3,2
517,167,3,2
517,168,3,2
517,169,3,2
517,170,3,2
517,171,3,2
517,172,3,2
517,173,3,2
517,174,3,2
517,175,3,2
517,176,3,2
517,177,3,2
517,178,3,2
517,179,3,2
517,180,3,2
517,181,3,2
517,182,3,2
517,183,3,2
517,184,3,2
517,185,3,2
517,186,3,2
517,187,3,2
517,188,3,2
517,189,3,2
517,190,3,2
517,191,3,2
517,192,3,2
517,193,3,2
517,194,3,2
517,195,3,2
517,196,3,2
517,197,3,2
517,198,3,2
517,199,3,2
517,200,3,2
517,201,3,2
517,202,3,2
517,203,3,2
517,204,3,2
517,205,3,2
517,206,3,2
517,207,3,2
517,208,3,2
517,209,3,2
517,210,3,2
517,211,3,2
517,212,3,2
517,213,3,2
517,214,3,2
517,215,3,2
517,216,3,2
517,217,3,2
517,218,3,2
517,219,3,2
517,220,3,2
517,221,3,2
517,222,3,2
517,223,3,2
517,224,3,2
517,225,3,2
517,226,3,2
517,227,3,2
517,228,3,2
517,229,3,2
517,230,3,2
517,231,3,2
517,232,3,2
517,233,3,2
517,234,3,2
517,235,3,2
517,236,3,2
517,237,3,2
517,238,3,2
517,239,3,2
517,240,3,2
517,241,3,2
517,242,3,2
517,243,3,2
517,244,3,2
517,245,3,2
517,246,3,2
517,247,3,2
517,248,3,2
517,249,3,2
517,250,3,2
517,251,3,2
517,252,3,2
517,253,3,2
517,254,3,2
517,255,3,2
517,256,3,2
517,257,3,2
517,258,3,2
517,259,3,2
517,260,3,2
517,261,3,2
517,262,3,2
517,263,3,2
517,264,3,2
517,265,3,2
517,266,3,2
517,267,3,2
517,268,3,2
517,269,3,2
517,270,3,2
517,271,3,2
517,272,3,2
517,273,3,2
517,274,3,2
517,275,3,2
517,276,3,2
517,277,3,2
517,278,3,2
517,279,3,2
517,280,3,2
517,281,3,2
517,282,3,2
517,283,3,2
517,284,3,2
517,285,3,2
517,286,3,2
517,287,3,2
517,288,3,2
517,289,3,2
517,290,3,2
517,291,3,2
517,292,3,2
517,293,3,2
517,294,3,2
517,295,3,2
517,296,3,2
517,297,3,2
517,298,3,2
517,299,3,2
517,300,3,2
517,301,3,2
517,302,3,2
517,303,3,2
517,304,3,2
517,305,3,2
517,306,3,2
517,307,3,2
517,308,3,2
517,309,3,2
517,310,3,2
517,311,3,2
517,312,3,2
517,313,3,2
517,314,3,2
517,315,3,2
517,316,3,2
517,317,3,2
517,318,3,2
517,319,3,2
517,320,3,2
517,321,3,2
517,322,3,2
517,323,3,2
517,324,3,2
517,325,3,2
517,326,3,2
517,327,3,2
517,328,3,2
517,329,3,2
517,330,3,2
517,331,3,2
517,332,3,2
517,333,3,2
517,334,3,2
517,335,3,2
517,336,3,2
517,337,3,2
517,338,3,2
517,339,3,2
517,340,3,2
517,341,3,2
517,342,3,2
517,343,3,2
517,344,3,2
517,345,3,2
517,346,3,2
517,347,3,2
517,348,3,2
517,349,3,2
517,350,3,2
517,351,3,2
517,352,3,2
517,353,3,2
517,354,3,2
517,355,3,2
517,356,3,2
517,357,3,2
517,358,3,2
517,359,3,2
517,360,3,2
517,361,3,2
517,362,3,2
517,363,3,2
517,364,3,2
517,365,3,2
517,366,3,2
517,367,3,2
517,368,3,2
517,369,3,2
517,370,3,2
517,371,3,2
517,372,3,2
517,373,3,2
517,374,3,2
517,375,3,2
517,376,3,2
517,377,3,2
517,378,3,2
517,379,3,2
517,380,3,2
517,381,3,2
517,382,3,2
517,383,3,2
517,384,3,2
517,385,3,2
517,386,3,2
517,387,3,2
517,388,3,2
517,389,3,2
517,390,3,2
517,391,3,2
517,392,3,2
517,393,3,2
517,394,3,2
517,395,3,2
517,396,3,2
517,397,3,2
517,398,3,2
517,399,3,2
517,400,3,2
517,401,3,2
517,402,3,2
517,403,3,2
517,404,3,2
517,405,3,2
517,406,3,2
517,407,3,2
517,408,3,2
517,409,3,2
517,410,3,2
517,411,3,2
517,412,3,2
517,413,3,2
517,414,3,2
517,415,3,2
517,416,3,2
517,417,3,2
517,418,3,2
517,419,3,2
517,420,3,2
517,421,3,2
517,422,3,2
517,423,3,2
517,424,3,2
517,425,3,2
517,426,3,2
517,427,3,2
517,428,3,2
517,429,3,2
517,430,3,2
517,431,3,2
517,432,3,2
517,433,3,2
517,434,3,2
517,435,3,2
517,436,3,2
517,437,3,2
517,438,3,2
517,439,3,2
517,440,3,2
517,441,3,2
517,442,3,2
517,443,3,2
517,444,3,2
517,445,3,2
517,446,3,2
517,447,3,2
517,448,3,2
517,449,3,3
517,450,3,3
517,451,3,3
517,452,3,3
517,453,3,3
517,454,3,3
517,455,3,3
517,456,3,3
517,457,3,3
517,458,3,3
517,459,3,3
517,460,3,3
517,461,3,3
517,462,3,3
517,463,3,3
517,464,3,3
517,465,3,3
517,466,3,3
517,467,3,3
517,468,3,3
517,469,3,3
517,470,3,3
517,471,3,3
517,472,3,3
517,473,3,3
517,474,3,3
517,475,3,3
517,476,3,3
517,477,3,3
517,478,3,3
517,479,3,3
517,480,3,3
517,481,3,3
517,482,3,3
517,483,3,3
517,484,3,3
517,485,3,3
517,486,3,3
517,487,3,2
517,488,3,2
517,489,3,2
517,490,3,2
517,491,3,2
517,492,3,2
517,493,3,2
517,494,3,2
517,495,3,2
517,496,3,2
517,497,3,2
517,498,3,2
517,499,3,2
517,500,3,2
517,501,3,2
517,502,3,2
517,503,3,2
517,504,3,2
517,505,3,2
517,506,3,2
517,507,3,2
517,508,3,2
517,509,3,2
517,510,3,2
517,511,3,2
517,512,3,2
517,513,3,2
517,514,3,2
517,515,3,2
517,516,3,2
517,517,3,2
517,518,3,2
517,519,3,2
517,520,3,2
517,521,3,2
517,522,3,2
517,523,3,2
517,524,3,2
517,525,3,2
517,526,3,2
517,527,3,2
517,528,3,2
517,529,3,2
517,530,3,2
517,531,3,2
517,532,3,2
517,533,3,2
517,534,3,2
517,535,3,2
517,536,3,2
517,537,3,2
517,538,3,2
517,539,3,2
517,540,3,2
517,541,3,2
517,542,3,2
517,543,3,2
517,544,3,2
517,545,3,2
517,546,3,2
517,547,3,2
517,548,3,2
517,549,3,2
517,550,3,2
517,551,3,2
517,552,3,2
517,553,3,2
517,554,3,2
517,555,3,2
517,556,3,2
517,557,3,2
517,558,3,2
517,559,3,2
517,560,3,2
517,561,3,2
517,562,3,2
517,563,3,2
517,564,3,2
517,565,3,2
517,566,3,2
517,567,3,2
517,568,3,2
517,569,3,2
517,570,3,2
517,571,3,2
517,572,3,2
517,573,3,2
517,574,3,2
517,575,3,2
517,576,3,2
517,577,3,2
517,578,3,2
517,579,3,2
517,580,3,2
517,581,3,2
517,582,3,2
517,583,3,2
517,584,3,2
517,585,3,2
517,586,3,2
517,587,3,2
517,588,3,2
517,589,3,2
517,590,3,2
517,591,3,2
517,592,3,2
517,593,3,2
517,594,3,2
517,595,3,2
517,596,3,2
517,597,3,2
517,598,3,2
517,599,3,2
517,600,3,2
517,601,3,2
517,602,3,2
517,603,3,2
517,604,3,2
517,605,3,2
517,606,3,2
517,607,3,2
517,608,3,2
517,609,3,2
517,610,3,2
517,611,3,2
517,612,3,2
517,613,3,2
517,614,3,2
517,615,3,2
517,616,3,2
517,617,3,2
517,618,3,2
517,619,3,2
517,620,3,2
517,621,3,2
517,622,3,2
517,623,3,2
517,624,3,2
517,625,3,2
517,626,3,2
517,627,3,2
517,628,3,2
517,629,3,2
517,630,3,2
517,631,3,2
517,632,3,2
517,633,3,2
517,634,3,2
517,635,3,2
517,636,3,2
517,637,3,2
517,638,3,2
517,639,3,2
517,640,3,2
517,641,3,2
517,642,3,2
517,643,3,2
517,644,3,2
517,645,3,2
517,646,3,2
517,647,3,2
517,648,3,2
517,649,3,2
517,650,3,2
517,651,3,2
517,652,3,2
517,653,3,2
517,654,3,2
517,655,3,2
517,656,3,2
517,657,3,2
517,658,3,2
518,81,3,2
518,82,3,2
518,83,3,2
518,84,3,2
518,85,3,2
518,86,3,2
518,87,3,2
518,88,3,2
518,89,3,2
518,90,3,2
518,91,3,2
518,92,3,2
518,93,3,2
518,94,3,2
518,95,3,2
518,96,3,2
518,97,3,2
518,98,3,2
518,99,3,2
518,100,3,2
518,101,3,2
518,102,3,2
518,103,3,2
518,104,3,2
518,105,3,2
518,106,3,2
518,107,3,2
518,108,3,2
518,109,3,2
518,110,3,2
518,111,3,2
518,112,3,2
518,113,3,2
518,114,3,2
518,115,3,2
518,116,3,2
518,117,3,2
518,118,3,2
518,119,3,2
518,120,3,2
518,121,3,2
518,122,3,2
518,123,3,2
518,124,3,2
518,125,3,2
518,126,3,2
518,127,3,2
518,128,3,2
518,129,3,2
518,130,3,2
518,131,3,2
518,132,3,2
518,133,3,2
518,134,3,2
518,135,3,2
518,136,3,2
518,137,3,2
518,138,3,2
518,139,3,2
518,140,3,2
518,141,3,2
518,142,3,2
518,143,3,2
518,144,3,2
518,145,3,2
518,146,3,2
518,147,3,2
518,148,3,2
518,149,3,2
518,150,3,2
518,151,3,2
518,152,3,2
518,153,3,2
518,154,3,2
518,155,3,2
518,156,3,2
518,157,3,2
518,158,3,2
518,159,3,2
518,160,3,2
518,161,3,2
518,162,3,2
518,163,3,2
518,164,3,2
518,165,3,2
518,166,3,2
518,167,3,2
518,168,3,2
518,169,3,2
518,170,3,2
518,171,3,2
518,172,3,2
518,173,3,2
518,174,3,2
518,175,3,2
518,176,3,2
518,177,3,2
518,178,3,2
518,179,3,2
518,180,3,2
518,181,3,2
518,182,3,2
518,183,3,2
518,184,3,2
518,185,3,2
518,186,3,2
518,187,3,2
518,188,3,2
518,189,3,2
518,190,3,2
518,191,3,2
518,192,3,2
518,193,3,2
518,194,3,2
518,195,3,2
518,196,3,2
518,197,3,2
518,198,3,2
518,199,3,2
518,200,3,2
518,201,3,2
518,202,3,2
518,203,3,2
518,204,3,2
518,205,3,2
518,206,3,2
518,207,3,2
518,208,3,2
518,209,3,2
518,210,3,2
518,211,3,2
518,212,3,2
518,213,3,2
518,214,3,2
518,215,3,2
518,216,3,2
518,217,3,2
518,218,3,2
518,219,3,2
518,220,3,2
518,221,3,2
518,222,3,2
518,223,3,2
518,224,3,2
518,225,3,2
518,226,3,2
518,227,3,2
518,228,3,2
518,229,3,2
518,230,3,2
518,231,3,2
518,232,3,2
518,233,3,2
518,234,3,2
518,235,3,2
518,236,3,2
518,237,3,2
518,238,3,2
518,239,3,2
518,240,3,2
518,241,3,2
518,242,3,2
518,243,3,2
518,244,3,2
518,245,3,2
518,246,3,2
518,247,3,2
518,248,3,2
518,249,3,2
518,250,3,2
518,251,3,2
518,252,3,2
518,253,3,2
518,254,3,2
518,255,3,2
518,256,3,2
518,257,3,2
518,258,3,2
518,259,3,2
518,260,3,2
518,261,3,2
518,262,3,2
518,263,3,2
518,264,3,2
518,265,3,2
518,266,3,2
518,267,3,2
518,268,3,2
518,269,3,2
518,270,3,2
518,271,3,2
518,272,3,2
518,273,3,2
518,274,3,2
518,275,3,2
518,276,3,2
518,277,3,2
518,278,3,2
518,279,3,2
518,280,3,2
518,281,3,2
518,282,3,2
518,283,3,2
518,284,3,2
518,285,3,2
518,286,3,2
518,287,3,2
518,288,3,2
518,289,3,2
518,290,3,2
518,291,3,2
518,292,3,2
518,293,3,2
518,294,3,2
518,295,3,2
518,296,3,2
518,297,3,2
518,298,3,2
518,299,3,2
518,300,3,2
518,301,3,2
518,302,3,2
518,303,3,2
518,304,3,2
518,305,3,2
518,306,3,2
518,307,3,2
518,308,3,2
518,309,3,2
518,310,3,2
518,311,3,2
518,312,3,2
518,313,3,2
518,314,3,2
518,315,3,2
518,316,3,2
518,317,3,2
518,318,3,2
518,319,3,2
518,320,3,2
518,321,3,2
518,322,3,2
518,323,3,2
518,324,3,2
518,325,3,2
518,326,3,2
518,327,3,2
518,328,3,2
518,329,3,2
518,330,3,2
518,331,3,2
518,332,3,2
518,333,3,2
518,334,3,2
518,335,3,2
518,336,3,2
518,337,3,2
518,338,3,2
518,339,3,2
518,340,3,2
518,341,3,2
518,342,3,2
518,343,3,2
518,344,3,2
518,345,3,2
518,346,3,2
518,347,3,2
518,348,3,2
518,349,3,2
518,350,3,2
518,351,3,2
518,352,3,2
518,353,3,2
518,354,3,2
518,355,3,2
518,356,3,2
518,357,3,2
518,358,3,2
518,359,3,2
518,360,3,2
518,361,3,2
518,362,3,2
518,363,3,2
518,364,3,2
518,365,3,2
518,366,3,2
518,367,3,2
518,368,3,2
518,369,3,2
518,370,3,2
518,371,3,2
518,372,3,2
518,373,3,2
518,374,3,2
518,375,3,2
518,376,3,2
518,377,3,2
518,378,3,2
518,379,3,2
518,380,3,2
518,381,3,2
518,382,3,2
518,383,3,2
518,384,3,2
518,385,3,2
518,386,3,2
518,387,3,2
518,388,3,2
518,389,3,2
518,390,3,2
518,391,3,2
518,392,3,2
518,393,3,2
518,394,3,2
518,395,3,2
518,396,3,2
518,397,3,2
518,398,3,2
518,399,3,2
518,400,3,2
518,401,3,2
518,402,3,2
518,403,3,2
518,404,3,2
518,405,3,2
518,406,3,2
518,407,3,2
518,408,3,2
518,409,3,2
518,410,3,2
518,411,3,2
518,412,3,2
518,413,3,2
518,414,3,2
518,415,3,2
518,416,3,2
518,417,3,2
518,418,3,2
518,419,3,2
518,420,3,2
518,421,3,2
518,422,3,2
518,423,3,2
518,424,3,2
518,425,3,2
518,426,3,2
518,427,3,2
518,428,3,2
518,429,3,2
518,430,3,2
518,431,3,2
518,432,3,2
518,433,3,2
518,434,3,2
518,435,3,2
518,436,3,2
518,437,3,2
518,438,3,2
518,439,3,2
518,440,3,2
518,441,3,2
518,442,3,2
518,443,3,2
518,444,3,2
518,445,3,2
518,446,3,2
518,447,3,2
518,448,3,2
518,449,3,2
518,450,3,3
518,451,3,3
518,452,3,3
518,453,3,3
518,454,3,3
518,455,3,3
518,456,3,3
518,457,3,3
518,458,3,3
518,459,3,3
518,460,3,3
518,461,3,3
518,462,3,3
518,463,3,3
518,464,3,3
518,465,3,3
518,466,3,3
518,467,3,3
518,468,3,3
518,469,3,3
518,470,3,3
518,471,3,3
518,472,3,3
518,473,3,3
518,474,3,3
518,475,3,3
518,476,3,3
518,477,3,3
518,478,3,3
518,479,3,3
518,480,3,3
518,481,3,3
518,482,3,3
518,483,3,3
518,484,3,3
518,485,3,3
518,486,3,3
518,487,3,3
518,488,3,2
518,489,3,2
518,490,3,2
518,491,3,2
518,492,3,2
518,493,3,2
518,494,3,2
518,495,3,2
518,496,3,2
518,497,3,2
518,498,3,2
518,499,3,2
518,500,3,2
518,501,3,2
518,502,3,2
518,503,3,2
518,504,3,2
518,505,3,2
518,506,3,2
518,507,3,2
518,508,3,2
518,509,3,2
518,510,3,2
518,511,3,2
518,512,3,2
518,513,3,2
518,514,3,2
518,515,3,2
518,516,3,2
518,517,3,2
518,518,3,2
518,519,3,2
518,520,3,2
518,521,3,2
518,522,3,2
518,523,3,2
518,524,3,2
518,525,3,2
518,526,3,2
518,527,3,2
518,528,3,2
518,529,3,2
518,530,3,2
518,531,3,2
518,532,3,2
518,533,3,2
518,534,3,2
518,535,3,2
518,536,3,2
518,537,3,2
518,538,3,2
518,539,3,2
518,540,3,2
518,541,3,2
518,542,3,2
518,543,3,2
518,544,3,2
518,545,3,2
518,546,3,2
518,547,3,2
518,548,3,2
518,549,3,2
518,550,3,2
518,551,3,2
518,552,3,2
518,553,3,2
518,554,3,2
518,555,3,2
518,556,3,2
518,557,3,2
518,558,3,2
518,559,3,2
518,560,3,2
518,561,3,2
518,562,3,2
518,563,3,2
518,564,3,2
518,565,3,2
518,566,3,2
518,567,3,2
518,568,3,2
518,569,3,2
518,570,3,2
518,571,3,2
518,572,3,2
518,573,3,2
518,574,3,2
518,575,3,2
518,576,3,2
518,577,3,2
518,578,3,2
518,579,3,2
518,580,3,2
518,581,3,2
518,582,3,2
518,583,3,2
518,584,3,2
518,585,3,2
518,586,3,2
518,587,3,2
518,588,3,2
518,589,3,2
518,590,3,2
518,591,3,2
518,592,3,2
518,593,3,2
518,594,3,2
518,595,3,2
518,596,3,2
518,597,3,2
518,598,3,2
518,599,3,2
518,600,3,2
518,601,3,2
518,602,3,2
518,603,3,2
518,604,3,2
518,605,3,2
518,606,3,2
518,607,3,2
518,608,3,2
518,609,3,2
518,610,3,2
518,611,3,2
518,612,3,2
518,613,3,2
518,614,3,2
518,615,3,2
518,616,3,2
518,617,3,2
518,618,3,2
518,619,3,2
518,620,3,2
518,621,3,2
518,622,3,2
518,623,3,2
518,624,3,2
518,625,3,2
518,626,3,2
518,627,3,2
518,628,3,2
518,629,3,2
518,630,3,2
518,631,3,2
518,632,3,2
518,633,3,2
518,634,3,2
518,635,3,2
518,636,3,2
518,637,3,2
518,638,3,2
518,639,3,2
518,640,3,2
518,641,3,2
518,642,3,2
518,643,3,2
518,644,3,2
518,645,3,2
518,646,3,2
518,647,3,2
518,648,3,2
518,649,3,2
518,650,3,2
518,651,3,2
518,652,3,2
518,653,3,2
518,654,3,2
518,655,3,2
518,656,3,2
518,657,3,2
518,658,3,2
518,660,3,2
519,81,3,2
519,82,3,2
519,83,3,2
519,84,3,2
519,85,3,2
519,86,3,2
519,87,3,2
519,88,3,2
519,89,3,2
519,90,3,2
519,91,3,2
519,92,3,2
519,93,3,2
519,94,3,2
519,95,3,2
519,96,3,2
519,97,3,2
519,98,3,2
519,99,3,2
519,100,3,2
519,101,3,2
519,102,3,2
519,103,3,2
519,104,3,2
519,105,3,2
519,106,3,2
519,107,3,2
519,108,3,2
519,109,3,2
519,110,3,2
519,111,3,2
519,112,3,2
519,113,3,2
519,114,3,2
519,115,3,2
519,116,3,2
519,117,3,2
519,118,3,2
519,119,3,2
519,120,3,2
519,121,3,2
519,122,3,2
519,123,3,2
519,124,3,2
519,125,3,2
519,126,3,2
519,127,3,2
519,128,3,2
519,129,3,2
519,130,3,2
519,131,3,2
519,132,3,2
519,133,3,2
519,134,3,2
519,135,3,2
519,136,3,2
519,137,3,2
519,138,3,2
519,139,3,2
519,140,3,2
519,141,3,2
519,142,3,2
519,143,3,2
519,144,3,2
519,145,3,2
519,146,3,2
519,147,3,2
519,148,3,2
519,149,3,2
519,150,3,2
519,151,3,2
519,152,3,2
519,153,3,2
519,154,3,2
519,155,3,2
519,156,3,2
519,157,3,2
519,158,3,2
519,159,3,2
519,160,3,2
519,161,3,2
519,162,3,2
519,163,3,2
519,164,3,2
519,165,3,2
519,166,3,2
519,167,3,2
519,168,3,2
519,169,3,2
519,170,3,2
519,171,3,2
519,172,3,2
519,173,3,2
519,174,3,2
519,175,3,2
519,176,3,2
519,177,3,2
519,178,3,2
519,179,3,2
519,180,3,2
519,181,3,2
519,182,3,2
519,183,3,2
519,184,3,2
519,185,3,2
519,186,3,2
519,187,3,2
519,188,3,2
519,189,3,2
519,190,3,2
519,191,3,2
519,192,3,2
519,193,3,2
519,194,3,2
519,195,3,2
519,196,3,2
519,197,3,2
519,198,3,2
519,199,3,2
519,200,3,2
519,201,3,2
519,202,3,2
519,203,3,2
519,204,3,2
519,205,3,2
519,206,3,2
519,207,3,2
519,208,3,2
519,209,3,2
519,210,3,2
519,211,3,2
519,212,3,2
519,213,3,2
519,214,3,2
519,215,3,2
519,216,3,2
519,217,3,2
519,218,3,2
519,219,3,2
519,220,3,2
519,221,3,2
519,222,3,2
519,223,3,2
519,224,3,2
519,225,3,2
519,226,3,2
519,227,3,2
519,228,3,2
519,229,3,2
519,230,3,2
519,231,3,2
519,232,3,2
519,233,3,2
519,234,3,2
519,235,3,2
519,236,3,2
519,237,3,2
519,238,3,2
519,239,3,2
519,240,3,2
519,241,3,2
519,242,3,2
519,243,3,2
519,244,3,2
519,245,3,2
519,246,3,2
519,247,3,2
519,248,3,2
519,249,3,2
519,250,3,2
519,251,3,2
519,252,3,2
519,253,3,2
519,254,3,2
519,255,3,2
519,256,3,2
519,257,3,2
519,258,3,2
519,259,3,2
519,260,3,2
519,261,3,2
519,262,3,2
519,263,3,2
519,264,3,2
519,265,3,2
519,266,3,2
519,267,3,2
519,268,3,2
519,269,3,2
519,270,3,2
519,271,3,2
519,272,3,2
519,273,3,2
519,274,3,2
519,275,3,2
519,276,3,2
519,277,3,2
519,278,3,2
519,279,3,2
519,280,3,2
519,281,3,2
519,282,3,2
519,283,3,2
519,284,3,2
519,285,3,2
519,286,3,2
519,287,3,2
519,288,3,2
519,289,3,2
519,290,3,2
519,291,3,2
519,292,3,2
519,293,3,2
519,294,3,2
519,295,3,2
519,296,3,2
519,297,3,2
519,298,3,2
519,299,3,2
519,300,3,2
519,301,3,2
519,302,3,2
519,303,3,2
519,304,3,2
519,305,3,2
519,306,3,2
519,307,3,2
519,308,3,2
519,309,3,2
519,310,3,2
519,311,3,2
519,312,3,2
519,313,3,2
519,314,3,2
519,315,3,2
519,316,3,2
519,317,3,2
519,318,3,2
519,319,3,2
519,320,3,2
519,321,3,2
519,322,3,2
519,323,3,2
519,324,3,2
519,325,3,2
519,326,3,2
519,327,3,2
519,328,3,2
519,329,3,2
519,330,3,2
519,331,3,2
519,332,3,2
519,333,3,2
519,334,3,2
519,335,3,2
519,336,3,2
519,337,3,2
519,338,3,2
519,339,3,2
519,340,3,2
519,341,3,2
519,342,3,2
519,343,3,2
519,344,3,2
519,345,3,2
519,346,3,2
519,347,3,2
519,348,3,2
519,349,3,2
519,350,3,2
519,351,3,2
519,352,3,2
519,353,3,2
519,354,3,2
519,355,3,2
519,356,3,2
519,357,3,2
519,358,3,2
519,359,3,2
519,360,3,2
519,361,3,2
519,362,3,2
519,363,3,2
519,364,3,2
519,365,3,2
519,366,3,2
519,367,3,2
519,368,3,2
519,369,3,2
519,370,3,2
519,371,3,2
519,372,3,2
519,373,3,2
519,374,3,2
519,375,3,2
519,376,3,2
519,377,3,2
519,378,3,2
519,379,3,2
519,380,3,2
519,381,3,2
519,382,3,2
519,383,3,2
519,384,3,2
519,385,3,2
519,386,3,2
519,387,3,2
519,388,3,2
519,389,3,2
519,390,3,2
519,391,3,2
519,392,3,2
519,393,3,2
519,394,3,2
519,395,3,2
519,396,3,2
519,397,3,2
519,398,3,2
519,399,3,2
519,400,3,2
519,401,3,2
519,402,3,2
519,403,3,2
519,404,3,2
519,405,3,2
519,406,3,2
519,407,3,2
519,408,3,2
519,409,3,2
519,410,3,2
519,411,3,2
519,412,3,2
519,413,3,2
519,414,3,2
519,415,3,2
519,416,3,2
519,417,3,2
519,418,3,2
519,419,3,2
519,420,3,2
519,421,3,2
519,422,3,2
519,423,3,2
519,424,3,2
519,425,3,2
519,426,3,2
519,427,3,2
519,428,3,2
519,429,3,2
519,430,3,2
519,431,3,2
519,432,3,2
519,433,3,2
519,434,3,2
519,435,3,2
519,436,3,2
519,437,3,2
519,438,3,2
519,439,3,2
519,440,3,2
519,441,3,2
519,442,3,2
519,443,3,2
519,444,3,2
519,445,3,2
519,446,3,2
519,447,3,2
519,448,3,2
519,449,3,2
519,450,3,3
519,451,3,3
519,452,3,3
519,453,3,3
519,454,3,3
519,455,3,3
519,456,3,3
519,457,3,3
519,458,3,3
519,459,3,3
519,460,3,3
519,461,3,3
519,462,3,3
519,463,3,3
519,464,3,3
519,465,3,3
519,466,3,3
519,467,3,3
519,468,3,3
519,469,3,3
519,470,3,3
519,471,3,3
519,472,3,3
519,473,3,3
519,474,3,3
519,475,3,3
519,476,3,3
519,477,3,3
519,478,3,3
519,479,3,3
519,480,3,3
519,481,3,3
519,482,3,3
519,483,3,3
519,484,3,3
519,485,3,3
519,486,3,3
519,487,3,3
519,488,3,3
519,489,3,2
519,490,3,2
519,491,3,2
519,492,3,2
519,493,3,2
519,494,3,2
519,495,3,2
519,496,3,2
519,497,3,2
519,498,3,2
519,499,3,2
519,500,3,2
519,501,3,2
519,502,3,2
519,503,3,2
519,504,3,2
519,505,3,2
519,506,3,2
519,507,3,2
519,508,3,2
519,509,3,2
519,510,3,2
519,511,3,2
519,512,3,2
519,513,3,2
519,514,3,2
519,515,3,2
519,516,3,2
519,517,3,2
519,518,3,2
519,519,3,2
519,520,3,2
519,521,3,2
519,522,3,2
519,523,3,2
519,524,3,2
519,525,3,2
519,526,3,2
519,527,3,2
519,528,3,2
519,529,3,2
519,530,3,2
519,531,3,2
519,532,3,2
519,533,3,2
519,534,3,2
519,535,3,2
519,536,3,2
519,537,3,2
519,538,3,2
519,539,3,2
519,540,3,2
519,541,3,2
519,542,3,2
519,543,3,2
519,544,3,2
519,545,3,2
519,546,3,2
519,547,3,2
519,548,3,2
519,549,3,2
519,550,3,2
519,551,3,2
519,552,3,2
519,553,3,2
519,554,3,2
519,555,3,2
519,556,3,2
519,557,3,2
519,558,3,2
519,559,3,2
519,560,3,2
519,561,3,2
519,562,3,2
519,563,3,2
519,564,3,2
519,565,3,2
519,566,3,2
519,567,3,2
519,568,3,2
519,569,3,2
519,570,3,2
519,571,3,2
519,572,3,2
519,573,3,2
519,574,3,2
519,575,3,2
519,576,3,2
519,577,3,2
519,578,3,2
519,579,3,2
519,580,3,2
519,581,3,2
519,582,3,2
519,583,3,2
519,584,3,2
519,585,3,2
519,586,3,2
519,587,3,2
519,588,3,2
519,589,3,2
519,590,3,2
519,591,3,2
519,592,3,2
519,593,3,2
519,594,3,2
519,595,3,2
519,596,3,2
519,597,3,2
519,598,3,2
519,599,3,2
519,600,3,2
519,601,3,2
519,602,3,2
519,603,3,2
519,604,3,2
519,605,3,2
519,606,3,2
519,607,3,2
519,608,3,2
519,609,3,2
519,610,3,2
519,611,3,2
519,612,3,2
519,613,3,2
519,614,3,2
519,615,3,2
519,616,3,2
519,617,3,2
519,618,3,2
519,619,3,2
519,620,3,2
519,621,3,2
519,622,3,2
519,623,3,2
519,624,3,2
519,625,3,2
519,626,3,2
519,627,3,2
519,628,3,2
519,629,3,3
519,630,3,2
519,631,3,2
519,632,3,2
519,633,3,2
519,634,3,2
519,635,3,2
519,636,3,2
519,637,3,2
519,638,3,2
519,639,3,2
519,640,3,2
519,641,3,2
519,642,3,2
519,643,3,2
519,644,3,2
519,645,3,2
519,646,3,2
519,647,3,2
519,648,3,2
519,649,3,2
519,650,3,2
519,651,3,2
519,652,3,2
519,653,3,2
519,654,3,2
519,655,3,2
519,656,3,2
519,657,3,2
520,81,3,2
520,82,3,2
520,83,3,2
520,84,3,2
520,85,3,2
520,86,3,2
520,87,3,2
520,88,3,2
520,89,3,2
520,90,3,2
520,91,3,2
520,92,3,2
520,93,3,2
520,94,3,2
520,95,3,2
520,96,3,2
520,97,3,2
520,98,3,2
520,99,3,2
520,100,3,2
520,101,3,2
520,102,3,2
520,103,3,2
520,104,3,2
520,105,3,2
520,106,3,2
520,107,3,2
520,108,3,2
520,109,3,2
520,110,3,2
520,111,3,2
520,112,3,2
520,113,3,2
520,114,3,2
520,115,3,2
520,116,3,2
520,117,3,2
520,118,3,2
520,119,3,2
520,120,3,2
520,121,3,2
520,122,3,2
520,123,3,2
520,124,3,2
520,125,3,2
520,126,3,2
520,127,3,2
520,128,3,2
520,129,3,2
520,130,3,2
520,131,3,2
520,132,3,2
520,133,3,2
520,134,3,2
520,135,3,2
520,136,3,2
520,137,3,2
520,138,3,2
520,139,3,2
520,140,3,2
520,141,3,2
520,142,3,2
520,143,3,2
520,144,3,2
520,145,3,2
520,146,3,2
520,147,3,2
520,148,3,2
520,149,3,2
520,150,3,2
520,151,3,2
520,152,3,2
520,153,3,2
520,154,3,2
520,155,3,2
520,156,3,2
520,157,3,2
520,158,3,2
520,159,3,2
520,160,3,2
520,161,3,2
520,162,3,2
520,163,3,2
520,164,3,2
520,165,3,2
520,166,3,2
520,167,3,2
520,168,3,2
520,169,3,2
520,170,3,2
520,171,3,2
520,172,3,2
520,173,3,2
520,174,3,2
520,175,3,2
520,176,3,2
520,177,3,2
520,178,3,2
520,179,3,2
520,180,3,2
520,181,3,2
520,182,3,2
520,183,3,2
520,184,3,2
520,185,3,2
520,186,3,2
520,187,3,2
520,188,3,2
520,189,3,2
520,190,3,2
520,191,3,2
520,192,3,2
520,193,3,2
520,194,3,2
520,195,3,2
520,196,3,2
520,197,3,2
520,198,3,2
520,199,3,2
520,200,3,2
520,201,3,2
520,202,3,2
520,203,3,2
520,204,3,2
520,205,3,2
520,206,3,2
520,207,3,2
520,208,3,2
520,209,3,2
520,210,3,2
520,211,3,2
520,212,3,2
520,213,3,2
520,214,3,2
520,215,3,2
520,216,3,2
520,217,3,2
520,218,3,2
520,219,3,2
520,220,3,2
520,221,3,2
520,222,3,2
520,223,3,2
520,224,3,2
520,225,3,2
520,226,3,2
520,227,3,2
520,228,3,2
520,229,3,2
520,230,3,2
520,231,3,2
520,232,3,2
520,233,3,2
520,234,3,2
520,235,3,2
520,236,3,2
520,237,3,2
520,238,3,2
520,239,3,2
520,240,3,2
520,241,3,2
520,242,3,2
520,243,3,2
520,244,3,2
520,245,3,2
520,246,3,2
520,247,3,2
520,248,3,2
520,249,3,2
520,250,3,2
520,251,3,2
520,252,3,2
520,253,3,2
520,254,3,2
520,255,3,2
520,256,3,2
520,257,3,2
520,258,3,2
520,259,3,2
520,260,3,2
520,261,3,2
520,262,3,2
520,263,3,2
520,264,3,2
520,265,3,2
520,266,3,2
520,267,3,2
520,268,3,2
520,269,3,2
520,270,3,2
520,271,3,2
520,272,3,2
520,273,3,2
520,274,3,2
520,275,3,2
520,276,3,2
520,277,3,2
520,278,3,2
520,279,3,2
520,280,3,2
520,281,3,2
520,282,3,2
520,283,3,2
520,284,3,2
520,285,3,2
520,286,3,2
520,287,3,2
520,288,3,2
520,289,3,2
520,290,3,2
520,291,3,2
520,292,3,2
520,293,3,2
520,294,3,2
520,295,3,2
520,296,3,2
520,297,3,2
520,298,3,2
520,299,3,2
520,300,3,2
520,301,3,2
520,302,3,2
520,303,3,2
520,304,3,2
520,305,3,2
520,306,3,2
520,307,3,2
520,308,3,2
520,309,3,2
520,310,3,2
520,311,3,2
520,312,3,2
520,313,3,2
520,314,3,2
520,315,3,2
520,316,3,2
520,317,3,2
520,318,3,2
520,319,3,2
520,320,3,2
520,321,3,2
520,322,3,2
520,323,3,2
520,324,3,2
520,325,3,2
520,326,3,2
520,327,3,2
520,328,3,2
520,329,3,2
520,330,3,2
520,331,3,2
520,332,3,2
520,333,3,2
520,334,3,2
520,335,3,2
520,336,3,2
520,337,3,2
520,338,3,2
520,339,3,2
520,340,3,2
520,341,3,2
520,342,3,2
520,343,3,2
520,344,3,2
520,345,3,2
520,346,3,2
520,347,3,2
520,348,3,2
520,349,3,2
520,350,3,2
520,351,3,2
520,352,3,2
520,353,3,2
520,354,3,2
520,355,3,2
520,356,3,2
520,357,3,2
520,358,3,2
520,359,3,2
520,360,3,2
520,361,3,2
520,362,3,2
520,363,3,2
520,364,3,2
520,365,3,2
520,366,3,2
520,367,3,2
520,368,3,2
520,369,3,2
520,370,3,2
520,371,3,2
520,372,3,2
520,373,3,2
520,374,3,2
520,375,3,2
520,376,3,2
520,377,3,2
520,378,3,2
520,379,3,2
520,380,3,2
520,381,3,2
520,382,3,2
520,383,3,2
520,384,3,2
520,385,3,2
520,386,3,2
520,387,3,2
520,388,3,2
520,389,3,2
520,390,3,2
520,391,3,2
520,392,3,2
520,393,3,2
520,394,3,2
520,395,3,2
520,396,3,2
520,397,3,2
520,398,3,2
520,399,3,2
520,400,3,2
520,401,3,2
520,402,3,2
520,403,3,2
520,404,3,2
520,405,3,2
520,406,3,2
520,407,3,2
520,408,3,2
520,409,3,2
520,410,3,2
520,411,3,2
520,412,3,2
520,413,3,2
520,414,3,2
520,415,3,2
520,416,3,2
520,417,3,2
520,418,3,2
520,419,3,2
520,420,3,2
520,421,3,2
520,422,3,2
520,423,3,2
520,424,3,2
520,425,3,2
520,426,3,2
520,427,3,2
520,428,3,2
520,429,3,2
520,430,3,2
520,431,3,2
520,432,3,2
520,433,3,2
520,434,3,2
520,435,3,2
520,436,3,2
520,437,3,2
520,438,3,2
520,439,3,2
520,440,3,2
520,441,3,2
520,442,3,2
520,443,3,2
520,444,3,2
520,445,3,2
520,446,3,2
520,447,3,2
520,448,3,2
520,449,3,2
520,450,3,2
520,451,3,3
520,452,3,3
520,453,3,3
520,454,3,3
520,455,3,3
520,456,3,3
520,457,3,3
520,458,3,3
520,459,3,3
520,460,3,3
520,461,3,3
520,462,3,3
520,463,3,3
520,464,3,3
520,465,3,3
520,466,3,3
520,467,3,3
520,468,3,3
520,469,3,3
520,470,3,3
520,471,3,3
520,472,3,3
520,473,3,3
520,474,3,3
520,475,3,3
520,476,3,3
520,477,3,3
520,478,3,3
520,479,3,3
520,480,3,3
520,481,3,3
520,482,3,3
520,483,3,3
520,484,3,3
520,485,3,3
520,486,3,3
520,487,3,3
520,488,3,3
520,489,3,3
520,490,3,2
520,491,3,2
520,492,3,2
520,493,3,2
520,494,3,2
520,495,3,2
520,496,3,2
520,497,3,2
520,498,3,2
520,499,3,2
520,500,3,2
520,501,3,2
520,502,3,2
520,503,3,2
520,504,3,2
520,505,3,2
520,506,3,2
520,507,3,2
520,508,3,2
520,509,3,2
520,510,3,2
520,511,3,2
520,512,3,2
520,513,3,2
520,514,3,2
520,515,3,2
520,516,3,2
520,517,3,2
520,518,3,2
520,519,3,2
520,520,3,2
520,521,3,2
520,522,3,2
520,523,3,2
520,524,3,2
520,525,3,2
520,526,3,2
520,527,3,2
520,528,3,2
520,529,3,2
520,530,3,2
520,531,3,2
520,532,3,2
520,533,3,2
520,534,3,2
520,535,3,2
520,536,3,2
520,537,3,2
520,538,3,2
520,539,3,2
520,540,3,2
520,541,3,2
520,542,3,2
520,543,3,2
520,544,3,2
520,545,3,2
520,546,3,2
520,547,3,2
520,548,3,2
520,549,3,2
520,550,3,2
520,551,3,2
520,552,3,2
520,553,3,2
520,554,3,2
520,555,3,2
520,556,3,2
520,557,3,2
520,558,3,2
520,559,3,2
520,560,3,2
520,561,3,2
520,562,3,2
520,563,3,2
520,564,3,2
520,565,3,2
520,566,3,2
520,567,3,2
520,568,3,2
520,569,3,2
520,570,3,2
520,571,3,2
520,572,3,2
520,573,3,2
520,574,3,2
520,575,3,2
520,576,3,2
520,577,3,2
520,578,3,2
520,579,3,2
520,580,3,2
520,581,3,2
520,582,3,2
520,583,3,2
520,584,3,2
520,585,3,2
520,586,3,2
520,587,3,2
520,588,3,2
520,589,3,2
520,590,3,2
520,591,3,2
520,592,3,2
520,593,3,2
520,594,3,2
520,595,3,2
520,596,3,2
520,597,3,2
520,598,3,2
520,599,3,2
520,600,3,2
520,601,3,2
520,602,3,2
520,603,3,2
520,604,3,2
520,605,3,2
520,606,3,2
520,607,3,2
520,608,3,2
520,609,3,2
520,610,3,2
520,611,3,2
520,612,3,2
520,613,3,2
520,614,3,2
520,615,3,2
520,616,3,2
520,617,3,2
520,618,3,2
520,619,3,2
520,620,3,2
520,621,3,2
520,622,3,2
520,623,3,2
520,624,3,2
520,625,3,2
520,626,3,2
520,627,3,2
520,628,3,3
520,629,3,3
520,630,3,3
520,631,3,2
520,632,3,2
520,633,3,2
520,634,3,2
520,635,3,2
520,636,3,2
520,637,3,2
520,638,3,2
520,639,3,2
520,640,3,2
520,641,3,2
520,642,3,2
520,643,3,2
520,644,3,2
520,645,3,2
520,646,3,2
520,647,3,2
520,648,3,2
520,649,3,2
520,650,3,2
520,651,3,2
520,652,3,2
520,653,3,2
520,654,3,2
520,655,3,2
520,656,3,2
520,657,3,2
521,81,3,2
521,82,3,2
521,83,3,2
521,84,3,2
521,85,3,2
521,86,3,2
521,87,3,2
521,88,3,2
521,89,3,2
521,90,3,2
521,91,3,2
521,92,3,2
521,93,3,2
521,94,3,2
521,95,3,2
521,96,3,2
521,97,3,2
521,98,3,2
521,99,3,2
521,100,3,2
521,101,3,2
521,102,3,2
521,103,3,2
521,104,3,2
521,105,3,2
521,106,3,2
521,107,3,2
521,108,3,2
521,109,3,2
521,110,3,2
521,111,3,2
521,112,3,2
521,113,3,2
521,114,3,2
521,115,3,2
521,116,3,2
521,117,3,2
521,118,3,2
521,119,3,2
521,120,3,2
521,121,3,2
521,122,3,2
521,123,3,2
521,124,3,2
521,125,3,2
521,126,3,2
521,127,3,2
521,128,3,2
521,129,3,2
521,130,3,2
521,131,3,2
521,132,3,2
521,133,3,2
521,134,3,2
521,135,3,2
521,136,3,2
521,137,3,2
521,138,3,2
521,139,3,2
521,140,3,2
521,141,3,2
521,142,3,2
521,143,3,2
521,144,3,2
521,145,3,2
521,146,3,2
521,147,3,2
521,148,3,2
521,149,3,2
521,150,3,2
521,151,3,2
521,152,3,2
521,153,3,2
521,154,3,2
521,155,3,2
521,156,3,2
521,157,3,2
521,158,3,2
521,159,3,2
521,160,3,2
521,161,3,2
521,162,3,2
521,163,3,2
521,164,3,2
521,165,3,2
521,166,3,2
521,167,3,2
521,168,3,2
521,169,3,2
521,170,3,2
521,171,3,2
521,172,3,2
521,173,3,2
521,174,3,2
521,175,3,2
521,176,3,2
521,177,3,2
521,178,3,2
521,179,3,2
521,180,3,2
521,181,3,2
521,182,3,2
521,183,3,2
521,184,3,2
521,185,3,2
521,186,3,2
521,187,3,2
521,188,3,2
521,189,3,2
521,190,3,2
521,191,3,2
521,192,3,2
521,193,3,2
521,194,3,2
521,195,3,2
521,196,3,2
521,197,3,2
521,198,3,2
521,199,3,2
521,200,3,2
521,201,3,2
521,202,3,2
521,203,3,2
521,204,3,2
521,205,3,2
521,206,3,2
521,207,3,2
521,208,3,2
521,209,3,2
521,210,3,2
521,211,3,2
521,212,3,2
521,213,3,2
521,214,3,2
521,215,3,2
521,216,3,2
521,217,3,2
521,218,3,2
521,219,3,2
521,220,3,2
521,221,3,2
521,222,3,2
521,223,3,2
521,224,3,2
521,225,3,2
521,226,3,2
521,227,3,2
521,228,3,2
521,229,3,2
521,230,3,2
521,231,3,2
521,232,3,2
521,233,3,2
521,234,3,2
521,235,3,2
521,236,3,2
521,237,3,2
521,238,3,2
521,239,3,2
521,240,3,2
521,241,3,2
521,242,3,2
521,243,3,2
521,244,3,2
521,245,3,2
521,246,3,2
521,247,3,2
521,248,3,2
521,249,3,2
521,250,3,2
521,251,3,2
521,252,3,2
521,253,3,2
521,254,3,2
521,255,3,2
521,256,3,2
521,257,3,2
521,258,3,2
521,259,3,2
521,260,3,2
521,261,3,2
521,262,3,2
521,263,3,2
521,264,3,2
521,265,3,2
521,266,3,2
521,267,3,2
521,268,3,2
521,269,3,2
521,270,3,2
521,271,3,2
521,272,3,2
521,273,3,2
521,274,3,2
521,275,3,2
521,276,3,2
521,277,3,2
521,278,3,2
521,279,3,2
521,280,3,2
521,281,3,2
521,282,3,2
521,283,3,2
521,284,3,2
521,285,3,2
521,286,3,2
521,287,3,2
521,288,3,2
521,289,3,2
521,290,3,2
521,291,3,2
521,292,3,2
521,293,3,2
521,294,3,2
521,295,3,2
521,296,3,2
521,297,3,2
521,298,3,2
521,299,3,2
521,300,3,2
521,301,3,2
521,302,3,2
521,303,3,2
521,304,3,2
521,305,3,2
521,306,3,2
521,307,3,2
521,308,3,2
521,309,3,2
521,310,3,2
521,311,3,2
521,312,3,2
521,313,3,2
521,314,3,2
521,315,3,2
521,316,3,2
521,317,3,2
521,318,3,2
521,319,3,2
521,320,3,2
521,321,3,2
521,322,3,2
521,323,3,2
521,324,3,2
521,325,3,2
521,326,3,2
521,327,3,2
521,328,3,2
521,329,3,2
521,330,3,2
521,331,3,2
521,332,3,2
521,333,3,2
521,334,3,2
521,335,3,2
521,336,3,2
521,337,3,2
521,338,3,2
521,339,3,2
521,340,3,2
521,341,3,2
521,342,3,2
521,343,3,2
521,344,3,2
521,345,3,2
521,346,3,2
521,347,3,2
521,348,3,2
521,349,3,2
521,350,3,2
521,351,3,2
521,352,3,2
521,353,3,2
521,354,3,2
521,355,3,2
521,356,3,2
521,357,3,2
521,358,3,2
521,359,3,2
521,360,3,2
521,361,3,2
521,362,3,2
521,363,3,2
521,364,3,2
521,365,3,2
521,366,3,2
521,367,3,2
521,368,3,2
521,369,3,2
521,370,3,2
521,371,3,2
521,372,3,2
521,373,3,2
521,374,3,2
521,375,3,2
521,376,3,2
521,377,3,2
521,378,3,2
521,379,3,2
521,380,3,2
521,381,3,2
521,382,3,2
521,383,3,2
521,384,3,2
521,385,3,2
521,386,3,2
521,387,3,2
521,388,3,2
521,389,3,2
521,390,3,2
521,391,3,2
521,392,3,2
521,393,3,2
521,394,3,2
521,395,3,2
521,396,3,2
521,397,3,2
521,398,3,2
521,399,3,2
521,400,3,2
521,401,3,2
521,402,3,2
521,403,3,2
521,404,3,2
521,405,3,2
521,406,3,2
521,407,3,2
521,408,3,2
521,409,3,2
521,410,3,2
521,411,3,2
521,412,3,2
521,413,3,2
521,414,3,2
521,415,3,2
521,416,3,2
521,417,3,2
521,418,3,2
521,419,3,2
521,420,3,2
521,421,3,2
521,422,3,2
521,423,3,2
521,424,3,2
521,425,3,2
521,426,3,2
521,427,3,2
521,428,3,2
521,429,3,2
521,430,3,2
521,431,3,2
521,432,3,2
521,433,3,2
521,434,3,2
521,435,3,2
521,436,3,2
521,437,3,2
521,438,3,2
521,439,3,2
521,440,3,2
521,441,3,2
521,442,3,2
521,443,3,2
521,444,3,2
521,445,3,2
521,446,3,2
521,447,3,2
521,448,3,2
521,449,3,2
521,450,3,2
521,451,3,3
521,452,3,3
521,453,3,3
521,454,3,3
521,455,3,3
521,456,3,3
521,457,3,3
521,458,3,3
521,459,3,3
521,460,3,3
521,461,3,3
521,462,3,3
521,463,3,3
521,464,3,3
521,465,3,3
521,466,3,3
521,467,3,3
521,468,3,3
521,469,3,3
521,470,3,3
521,471,3,3
521,472,3,3
521,473,3,3
521,474,3,3
521,475,3,3
521,476,3,3
521,477,3,3
521,478,3,3
521,479,3,3
521,480,3,3
521,481,3,3
521,482,3,3
521,483,3,3
521,484,3,3
521,485,3,3
521,486,3,3
521,487,3,3
521,488,3,3
521,489,3,3
521,490,3,3
521,491,3,3
521,492,3,2
521,493,3,2
521,494,3,2
521,495,3,2
521,496,3,2
521,497,3,2
521,498,3,2
521,499,3,2
521,500,3,2
521,501,3,2
521,502,3,2
521,503,3,2
521,504,3,2
521,505,3,2
521,506,3,2
521,507,3,2
521,508,3,2
521,509,3,2
521,510,3,2
521,511,3,2
521,512,3,2
521,513,3,2
521,514,3,2
521,515,3,2
521,516,3,2
521,517,3,2
521,518,3,2
521,519,3,2
521,520,3,2
521,521,3,2
521,522,3,2
521,523,3,2
521,524,3,2
521,525,3,2
521,526,3,2
521,527,3,2
521,528,3,2
521,529,3,2
521,530,3,2
521,531,3,2
521,532,3,2
521,533,3,2
521,534,3,2
521,535,3,2
521,536,3,2
521,537,3,2
521,538,3,2
521,539,3,2
521,540,3,2
521,541,3,2
521,542,3,2
521,543,3,2
521,544,3,2
521,545,3,2
521,546,3,2
521,547,3,2
521,548,3,2
521,549,3,2
521,550,3,2
521,551,3,2
521,552,3,2
521,553,3,2
521,554,3,2
521,555,3,2
521,556,3,2
521,557,3,2
521,558,3,2
521,559,3,2
521,560,3,2
521,561,3,2
521,562,3,2
521,563,3,2
521,564,3,2
521,565,3,2
521,566,3,2
521,567,3,2
521,568,3,2
521,569,3,2
521,570,3,2
521,571,3,2
521,572,3,2
521,573,3,2
521,574,3,2
521,575,3,2
521,576,3,2
521,577,3,2
521,578,3,2
521,579,3,2
521,580,3,2
521,581,3,2
521,582,3,2
521,583,3,2
521,584,3,2
521,585,3,2
521,586,3,2
521,587,3,2
521,588,3,2
521,589,3,2
521,590,3,2
521,591,3,2
521,592,3,2
521,593,3,2
521,594,3,2
521,595,3,2
521,596,3,2
521,597,3,2
521,598,3,2
521,599,3,2
521,600,3,2
521,601,3,2
521,602,3,2
521,603,3,2
521,604,3,2
521,605,3,2
521,606,3,2
521,607,3,2
521,608,3,2
521,609,3,2
521,610,3,2
521,611,3,2
521,612,3,2
521,613,3,2
521,614,3,2
521,615,3,2
521,616,3,2
521,617,3,2
521,618,3,2
521,619,3,2
521,620,3,2
521,621,3,2
521,622,3,2
521,623,3,2
521,624,3,2
521,625,3,2
521,626,3,3
521,627,3,3
521,628,3,3
521,629,3,3
521,630,3,3
521,631,3,2
521,632,3,2
521,633,3,2
521,634,3,2
521,635,3,2
521,636,3,2
521,637,3,2
521,638,3,2
521,639,3,2
521,640,3,2
521,641,3,2
521,642,3,2
521,643,3,2
521,644,3,2
521,645,3,2
521,646,3,2
521,647,3,2
521,648,3,2
521,649,3,2
521,650,3,2
521,651,3,2
521,652,3,2
521,653,3,2
521,654,3,2
521,655,3,2
521,656,3,2
521,657,3,2
521,658,3,2
522,81,3,2
522,82,3,2
522,83,3,2
522,84,3,2
522,85,3,2
522,86,3,2
522,87,3,2
522,88,3,2
522,89,3,2
522,90,3,2
522,91,3,2
522,92,3,2
522,93,3,2
522,94,3,2
522,95,3,2
522,96,3,2
522,97,3,2
522,98,3,2
522,99,3,2
522,100,3,2
522,101,3,2
522,102,3,2
522,103,3,2
522,104,3,2
522,105,3,2
522,106,3,2
522,107,3,2
522,108,3,2
522,109,3,2
522,110,3,2
522,111,3,2
522,112,3,2
522,113,3,2
522,114,3,2
522,115,3,2
522,116,3,2
522,117,3,2
522,118,3,2
522,119,3,2
522,120,3,2
522,121,3,2
522,122,3,2
522,123,3,2
522,124,3,2
522,125,3,2
522,126,3,2
522,127,3,2
522,128,3,2
522,129,3,2
522,130,3,2
522,131,3,2
522,132,3,2
522,133,3,2
522,134,3,2
522,135,3,2
522,136,3,2
522,137,3,2
522,138,3,2
522,139,3,2
522,140,3,2
522,141,3,2
522,142,3,2
522,143,3,2
522,144,3,2
522,145,3,2
522,146,3,2
522,147,3,2
522,148,3,2
522,149,3,2
522,150,3,2
522,151,3,2
522,152,3,2
522,153,3,2
522,154,3,2
522,155,3,2
522,156,3,2
522,157,3,2
522,158,3,2
522,159,3,2
522,160,3,2
522,161,3,2
522,162,3,2
522,163,3,2
522,164,3,2
522,165,3,2
522,166,3,2
522,167,3,2
522,168,3,2
522,169,3,2
522,170,3,2
522,171,3,2
522,172,3,2
522,173,3,2
522,174,3,2
522,175,3,2
522,176,3,2
522,177,3,2
522,178,3,2
522,179,3,2
522,180,3,2
522,181,3,2
522,182,3,2
522,183,3,2
522,184,3,2
522,185,3,2
522,186,3,2
522,187,3,2
522,188,3,2
522,189,3,2
522,190,3,2
522,191,3,2
522,192,3,2
522,193,3,2
522,194,3,2
522,195,3,2
522,196,3,2
522,197,3,2
522,198,3,2
522,199,3,2
522,200,3,2
522,201,3,2
522,202,3,2
522,203,3,2
522,204,3,2
522,205,3,2
522,206,3,2
522,207,3,2
522,208,3,2
522,209,3,2
522,210,3,2
522,211,3,2
522,212,3,2
522,213,3,2
522,214,3,2
522,215,3,2
522,216,3,2
522,217,3,2
522,218,3,2
522,219,3,2
522,220,3,2
522,221,3,2
522,222,3,2
522,223,3,2
522,224,3,2
522,225,3,2
522,226,3,2
522,227,3,2
522,228,3,2
522,229,3,2
522,230,3,2
522,231,3,2
522,232,3,2
522,233,3,2
522,234,3,2
522,235,3,2
522,236,3,2
522,237,3,2
522,238,3,2
522,239,3,2
522,240,3,2
522,241,3,2
522,242,3,2
522,243,3,2
522,244,3,2
522,245,3,2
522,246,3,2
522,247,3,2
522,248,3,2
522,249,3,2
522,250,3,2
522,251,3,2
522,252,3,2
522,253,3,2
522,254,3,2
522,255,3,2
522,256,3,2
522,257,3,2
522,258,3,2
522,259,3,2
522,260,3,2
522,261,3,2
522,262,3,2
522,263,3,2
522,264,3,2
522,265,3,2
522,266,3,2
522,267,3,2
522,268,3,2
522,269,3,2
522,270,3,2
522,271,3,2
522,272,3,2
522,273,3,2
522,274,3,2
522,275,3,2
522,276,3,2
522,277,3,2
522,278,3,2
522,279,3,2
522,280,3,2
522,281,3,2
522,282,3,2
522,283,3,2
522,284,3,2
522,285,3,2
522,286,3,2
522,287,3,2
522,288,3,2
522,289,3,2
522,290,3,2
522,291,3,2
522,292,3,2
522,293,3,2
522,294,3,2
522,295,3,2
522,296,3,2
522,297,3,2
522,298,3,2
522,299,3,2
522,300,3,2
522,301,3,2
522,302,3,2
522,303,3,2
522,304,3,2
522,305,3,2
522,306,3,2
522,307,3,2
522,308,3,2
522,309,3,2
522,310,3,2
522,311,3,2
522,312,3,2
522,313,3,2
522,314,3,2
522,315,3,2
522,316,3,2
522,317,3,2
522,318,3,2
522,319,3,2
522,320,3,2
522,321,3,2
522,322,3,2
522,323,3,2
522,324,3,2
522,325,3,2
522,326,3,2
522,327,3,2
522,328,3,2
522,329,3,2
522,330,3,2
522,331,3,2
522,332,3,2
522,333,3,2
522,334,3,2
522,335,3,2
522,336,3,2
522,337,3,2
522,338,3,2
522,339,3,2
522,340,3,2
522,341,3,2
522,342,3,2
522,343,3,2
522,344,3,2
522,345,3,2
522,346,3,2
522,347,3,2
522,348,3,2
522,349,3,2
522,350,3,2
522,351,3,2
522,352,3,2
522,353,3,2
522,354,3,2
522,355,3,2
522,356,3,2
522,357,3,2
522,358,3,2
522,359,3,2
522,360,3,2
522,361,3,2
522,362,3,2
522,363,3,2
522,364,3,2
522,365,3,2
522,366,3,2
522,367,3,2
522,368,3,2
522,369,3,2
522,370,3,2
522,371,3,2
522,372,3,2
522,373,3,2
522,374,3,2
522,375,3,2
522,376,3,2
522,377,3,2
522,378,3,2
522,379,3,2
522,380,3,2
522,381,3,2
522,382,3,2
522,383,3,2
522,384,3,2
522,385,3,2
522,386,3,2
522,387,3,2
522,388,3,2
522,389,3,2
522,390,3,2
522,391,3,2
522,392,3,2
522,393,3,2
522,394,3,2
522,395,3,2
522,396,3,2
522,397,3,2
522,398,3,2
522,399,3,2
522,400,3,2
522,401,3,2
522,402,3,2
522,403,3,2
522,404,3,2
522,405,3,2
522,406,3,2
522,407,3,2
522,408,3,2
522,409,3,2
522,410,3,2
522,411,3,2
522,412,3,2
522,413,3,2
522,414,3,2
522,415,3,2
522,416,3,2
522,417,3,2
522,418,3,2
522,419,3,2
522,420,3,2
522,421,3,2
522,422,3,2
522,423,3,2
522,424,3,2
522,425,3,2
522,426,3,2
522,427,3,2
522,428,3,2
522,429,3,2
522,430,3,2
522,431,3,2
522,432,3,2
522,433,3,2
522,434,3,2
522,435,3,2
522,436,3,2
522,437,3,2
522,438,3,2
522,439,3,2
522,440,3,2
522,441,3,2
522,442,3,2
522,443,3,2
522,444,3,2
522,445,3,2
522,446,3,2
522,447,3,2
522,448,3,2
522,449,3,2
522,450,3,2
522,451,3,3
522,452,3,3
522,453,3,3
522,454,3,3
522,455,3,3
522,456,3,3
522,457,3,3
522,458,3,3
522,459,3,3
522,460,3,3
522,461,3,3
522,462,3,3
522,463,3,3
522,464,3,3
522,465,3,3
522,466,3,3
522,467,3,3
522,468,3,3
522,469,3,3
522,470,3,3
522,471,3,3
522,472,3,3
522,473,3,3
522,474,3,3
522,475,3,3
522,476,3,3
522,477,3,3
522,478,3,3
522,479,3,3
522,480,3,3
522,481,3,3
522,482,3,3
522,483,3,3
522,484,3,3
522,485,3,3
522,486,3,3
522,487,3,3
522,488,3,3
522,489,3,3
522,490,3,3
522,491,3,3
522,492,3,3
522,493,3,2
522,494,3,2
522,495,3,2
522,496,3,2
522,497,3,2
522,498,3,2
522,499,3,2
522,500,3,2
522,501,3,2
522,502,3,2
522,503,3,2
522,504,3,2
522,505,3,2
522,506,3,2
522,507,3,2
522,508,3,2
522,509,3,2
522,510,3,2
522,511,3,2
522,512,3,2
522,513,3,2
522,514,3,2
522,515,3,2
522,516,3,2
522,517,3,2
522,518,3,2
522,519,3,2
522,520,3,2
522,521,3,2
522,522,3,2
522,523,3,2
522,524,3,2
522,525,3,2
522,526,3,2
522,527,3,2
522,528,3,2
522,529,3,2
522,530,3,2
522,531,3,2
522,532,3,2
522,533,3,2
522,534,3,2
522,535,3,2
522,536,3,2
522,537,3,2
522,538,3,2
522,539,3,2
522,540,3,2
522,541,3,2
522,542,3,2
522,543,3,2
522,544,3,2
522,545,3,2
522,546,3,2
522,547,3,2
522,548,3,2
522,549,3,2
522,550,3,2
522,551,3,2
522,552,3,2
522,553,3,2
522,554,3,2
522,555,3,2
522,556,3,2
522,557,3,2
522,558,3,2
522,559,3,2
522,560,3,2
522,561,3,2
522,562,3,2
522,563,3,2
522,564,3,2
522,565,3,2
522,566,3,2
522,567,3,2
522,568,3,2
522,569,3,2
522,570,3,2
522,571,3,2
522,572,3,2
522,573,3,2
522,574,3,2
522,575,3,2
522,576,3,2
522,577,3,2
522,578,3,2
522,579,3,2
522,580,3,2
522,581,3,2
522,582,3,2
522,583,3,2
522,584,3,2
522,585,3,2
522,586,3,2
522,587,3,2
522,588,3,2
522,589,3,2
522,590,3,2
522,591,3,2
522,592,3,2
522,593,3,2
522,594,3,2
522,595,3,2
522,596,3,2
522,597,3,2
522,598,3,2
522,599,3,2
522,600,3,2
522,601,3,2
522,602,3,2
522,603,3,2
522,604,3,2
522,605,3,2
522,606,3,2
522,607,3,2
522,608,3,2
522,609,3,2
522,610,3,2
522,611,3,2
522,612,3,2
522,613,3,2
522,614,3,2
522,615,3,2
522,616,3,2
522,617,3,2
522,618,3,2
522,619,3,2
522,620,3,2
522,621,3,2
522,622,3,2
522,623,3,2
522,624,3,2
522,625,3,2
522,626,3,2
522,627,3,3
522,628,3,3
522,629,3,3
522,630,3,2
522,631,3,2
522,632,3,2
522,633,3,2
522,634,3,2
522,635,3,2
522,636,3,2
522,637,3,2
522,638,3,2
522,639,3,2
522,640,3,2
522,641,3,2
522,642,3,2
522,643,3,2
522,644,3,2
522,645,3,2
522,646,3,2
522,647,3,2
522,648,3,2
522,649,3,2
522,650,3,2
522,651,3,2
522,652,3,2
522,653,3,2
522,654,3,2
522,655,3,2
522,656,3,2
522,657,3,2
523,81,3,2
523,82,3,2
523,83,3,2
523,84,3,2
523,85,3,2
523,86,3,2
523,87,3,2
523,88,3,2
523,89,3,2
523,90,3,2
523,91,3,2
523,92,3,2
523,93,3,2
523,94,3,2
523,95,3,2
523,96,3,2
523,97,3,2
523,98,3,2
523,99,3,2
523,100,3,2
523,101,3,2
523,102,3,2
523,103,3,2
523,104,3,2
523,105,3,2
523,106,3,2
523,107,3,2
523,108,3,2
523,109,3,2
523,110,3,2
523,111,3,2
523,112,3,2
523,113,3,2
523,114,3,2
523,115,3,2
523,116,3,2
523,117,3,2
523,118,3,2
523,119,3,2
523,120,3,2
523,121,3,2
523,122,3,2
523,123,3,2
523,124,3,2
523,125,3,2
523,126,3,2
523,127,3,2
523,128,3,2
523,129,3,2
523,130,3,2
523,131,3,2
523,132,3,2
523,133,3,2
523,134,3,2
523,135,3,2
523,136,3,2
523,137,3,2
523,138,3,2
523,139,3,2
523,140,3,2
523,141,3,2
523,142,3,2
523,143,3,2
523,144,3,2
523,145,3,2
523,146,3,2
523,147,3,2
523,148,3,2
523,149,3,2
523,150,3,2
523,151,3,2
523,152,3,2
523,153,3,2
523,154,3,2
523,155,3,2
523,156,3,2
523,157,3,2
523,158,3,2
523,159,3,2
523,160,3,2
523,161,3,2
523,162,3,2
523,163,3,2
523,164,3,2
523,165,3,2
523,166,3,2
523,167,3,2
523,168,3,2
523,169,3,2
523,170,3,2
523,171,3,2
523,172,3,2
523,173,3,2
523,174,3,2
523,175,3,2
523,176,3,2
523,177,3,2
523,178,3,2
523,179,3,2
523,180,3,2
523,181,3,2
523,182,3,2
523,183,3,2
523,184,3,2
523,185,3,2
523,186,3,2
523,187,3,2
523,188,3,2
523,189,3,2
523,190,3,2
523,191,3,2
523,192,3,2
523,193,3,2
523,194,3,2
523,195,3,2
523,196,3,2
523,197,3,2
523,198,3,2
523,199,3,2
523,200,3,2
523,201,3,2
523,202,3,2
523,203,3,2
523,204,3,2
523,205,3,2
523,206,3,2
523,207,3,2
523,208,3,2
523,209,3,2
523,210,3,2
523,211,3,2
523,212,3,2
523,213,3,2
523,214,3,2
523,215,3,2
523,216,3,2
523,217,3,2
523,218,3,2
523,219,3,2
523,220,3,2
523,221,3,2
523,222,3,2
523,223,3,2
523,224,3,2
523,225,3,2
523,226,3,2
523,227,3,2
523,228,3,2
523,229,3,2
523,230,3,2
523,231,3,2
523,232,3,2
523,233,3,2
523,234,3,2
523,235,3,2
523,236,3,2
523,237,3,2
523,238,3,2
523,239,3,2
523,240,3,2
523,241,3,2
523,242,3,2
523,243,3,2
523,244,3,2
523,245,3,2
523,246,3,2
523,247,3,2
523,248,3,2
523,249,3,2
523,250,3,2
523,251,3,2
523,252,3,2
523,253,3,2
523,254,3,2
523,255,3,2
523,256,3,2
523,257,3,2
523,258,3,2
523,259,3,2
523,260,3,2
523,261,3,2
523,262,3,2
523,263,3,2
523,264,3,2
523,265,3,2
523,266,3,2
523,267,3,2
523,268,3,2
523,269,3,2
523,270,3,2
523,271,3,2
523,272,3,2
523,273,3,2
523,274,3,2
523,275,3,2
523,276,3,2
523,277,3,2
523,278,3,2
523,279,3,2
523,280,3,2
523,281,3,2
523,282,3,2
523,283,3,2
523,284,3,2
523,285,3,2
523,286,3,2
523,287,3,2
523,288,3,2
523,289,3,2
523,290,3,2
523,291,3,2
523,292,3,2
523,293,3,2
523,294,3,2
523,295,3,2
523,296,3,2
523,297,3,2
523,298,3,2
523,299,3,2
523,300,3,2
523,301,3,2
523,302,3,2
523,303,3,2
523,304,3,2
523,305,3,2
523,306,3,2
523,307,3,2
523,308,3,2
523,309,3,2
523,310,3,2
523,311,3,2
523,312,3,2
523,313,3,2
523,314,3,2
523,315,3,2
523,316,3,2
523,317,3,2
523,318,3,2
523,319,3,2
523,320,3,2
523,321,3,2
523,322,3,2
523,323,3,2
523,324,3,2
523,325,3,2
523,326,3,2
523,327,3,2
523,328,3,2
523,329,3,2
523,330,3,2
523,331,3,2
523,332,3,2
523,333,3,2
523,334,3,2
523,335,3,2
523,336,3,2
523,337,3,2
523,338,3,2
523,339,3,2
523,340,3,2
523,341,3,2
523,342,3,2
523,343,3,2
523,344,3,2
523,345,3,2
523,346,3,2
523,347,3,2
523,348,3,2
523,349,3,2
523,350,3,2
523,351,3,2
523,352,3,2
523,353,3,2
523,354,3,2
523,355,3,2
523,356,3,2
523,357,3,2
523,358,3,2
523,359,3,2
523,360,3,2
523,361,3,2
523,362,3,2
523,363,3,2
523,364,3,2
523,365,3,2
523,366,3,2
523,367,3,2
523,368,3,2
523,369,3,2
523,370,3,2
523,371,3,2
523,372,3,2
523,373,3,2
523,374,3,2
523,375,3,2
523,376,3,2
523,377,3,2
523,378,3,2
523,379,3,2
523,380,3,2
523,381,3,2
523,382,3,2
523,383,3,2
523,384,3,2
523,385,3,2
523,386,3,2
523,387,3,2
523,388,3,2
523,389,3,2
523,390,3,2
523,391,3,2
523,392,3,2
523,393,3,2
523,394,3,2
523,395,3,2
523,396,3,2
523,397,3,2
523,398,3,2
523,399,3,2
523,400,3,2
523,401,3,2
523,402,3,2
523,403,3,2
523,404,3,2
523,405,3,2
523,406,3,2
523,407,3,2
523,408,3,2
523,409,3,2
523,410,3,2
523,411,3,2
523,412,3,2
523,413,3,2
523,414,3,2
523,415,3,2
523,416,3,2
523,417,3,2
523,418,3,2
523,419,3,2
523,420,3,2
523,421,3,2
523,422,3,2
523,423,3,2
523,424,3,2
523,425,3,2
523,426,3,2
523,427,3,2
523,428,3,2
523,429,3,2
523,430,3,2
523,431,3,2
523,432,3,2
523,433,3,2
523,434,3,2
523,435,3,2
523,436,3,2
523,437,3,2
523,438,3,2
523,439,3,2
523,440,3,2
523,441,3,2
523,442,3,2
523,443,3,2
523,444,3,2
523,445,3,2
523,446,3,2
523,447,3,2
523,448,3,2
523,449,3,2
523,450,3,2
523,451,3,3
523,452,3,3
523,453,3,3
523,454,3,3
523,455,3,3
523,456,3,3
523,457,3,3
523,458,3,3
523,459,3,3
523,460,3,3
523,461,3,3
523,462,3,3
523,463,3,3
523,464,3,3
523,465,3,3
523,466,3,3
523,467,3,3
523,468,3,3
523,469,3,3
523,470,3,3
523,471,3,3
523,472,3,3
523,473,3,3
523,474,3,3
523,475,3,3
523,476,3,3
523,477,3,3
523,478,3,3
523,479,3,3
523,480,3,3
523,481,3,3
523,482,3,3
523,483,3,3
523,484,3,3
523,485,3,3
523,486,3,3
523,487,3,3
523,488,3,3
523,489,3,3
523,490,3,3
523,491,3,3
523,492,3,3
523,493,3,3
523,494,3,3
523,495,3,2
523,496,3,2
523,497,3,2
523,498,3,2
523,499,3,2
523,500,3,2
523,501,3,2
523,502,3,2
523,503,3,2
523,504,3,2
523,505,3,2
523,506,3,2
523,507,3,2
523,508,3,2
523,509,3,2
523,510,3,2
523,511,3,2
523,512,3,2
523,513,3,2
523,514,3,2
523,515,3,2
523,516,3,2
523,517,3,2
523,518,3,2
523,519,3,2
523,520,3,2
523,521,3,2
523,522,3,2
523,523,3,2
523,524,3,2
523,525,3,2
523,526,3,2
523,527,3,2
523,528,3,2
523,529,3,2
523,530,3,2
523,531,3,2
523,532,3,2
523,533,3,2
523,534,3,2
523,535,3,2
523,536,3,2
523,537,3,2
523,538,3,2
523,539,3,2
523,540,3,2
523,541,3,2
523,542,3,2
523,543,3,2
523,544,3,2
523,545,3,2
523,546,3,2
523,547,3,2
523,548,3,2
523,549,3,2
523,550,3,2
523,551,3,2
523,552,3,2
523,553,3,2
523,554,3,2
523,555,3,2
523,556,3,2
523,557,3,2
523,558,3,2
523,559,3,2
523,560,3,2
523,561,3,2
523,562,3,2
523,563,3,2
523,564,3,2
523,565,3,2
523,566,3,2
523,567,3,2
523,568,3,2
523,569,3,2
523,570,3,2
523,571,3,2
523,572,3,2
523,573,3,2
523,574,3,2
523,575,3,2
523,576,3,2
523,577,3,2
523,578,3,2
523,579,3,2
523,580,3,2
523,581,3,2
523,582,3,2
523,583,3,2
523,584,3,2
523,585,3,2
523,586,3,2
523,587,3,2
523,588,3,2
523,589,3,2
523,590,3,2
523,591,3,2
523,592,3,2
523,593,3,2
523,594,3,2
523,595,3,2
523,596,3,2
523,597,3,2
523,598,3,2
523,599,3,2
523,600,3,2
523,601,3,2
523,602,3,2
523,603,3,2
523,604,3,2
523,605,3,2
523,606,3,2
523,607,3,2
523,608,3,2
523,609,3,2
523,610,3,2
523,611,3,2
523,612,3,2
523,613,3,2
523,614,3,2
523,615,3,2
523,616,3,2
523,617,3,2
523,618,3,2
523,619,3,2
523,620,3,2
523,621,3,2
523,622,3,2
523,623,3,2
523,624,3,2
523,625,3,2
523,626,3,2
523,627,3,2
523,628,3,2
523,629,3,3
523,630,3,3
523,631,3,2
523,632,3,2
523,633,3,2
523,634,3,2
523,635,3,2
523,636,3,2
523,637,3,2
523,638,3,2
523,639,3,2
523,640,3,2
523,641,3,2
523,642,3,2
523,643,3,2
523,644,3,2
523,645,3,2
523,646,3,2
523,647,3,2
523,648,3,2
523,649,3,2
523,650,3,2
523,651,3,2
523,652,3,2
523,653,3,2
523,654,3,2
523,655,3,2
523,656,3,2
523,657,3,2
524,81,3,2
524,82,3,2
524,83,3,2
524,84,3,2
524,85,3,2
524,86,3,2
524,87,3,2
524,88,3,2
524,89,3,2
524,90,3,2
524,91,3,2
524,92,3,2
524,93,3,2
524,94,3,2
524,95,3,2
524,96,3,2
524,97,3,2
524,98,3,2
524,99,3,2
524,100,3,2
524,101,3,2
524,102,3,2
524,103,3,2
524,104,3,2
524,105,3,2
524,106,3,2
524,107,3,2
524,108,3,2
524,109,3,2
524,110,3,2
524,111,3,2
524,112,3,2
524,113,3,2
524,114,3,2
524,115,3,2
524,116,3,2
524,117,3,2
524,118,3,2
524,119,3,2
524,120,3,2
524,121,3,2
524,122,3,2
524,123,3,2
524,124,3,2
524,125,3,2
524,126,3,2
524,127,3,2
524,128,3,2
524,129,3,2
524,130,3,2
524,131,3,2
524,132,3,2
524,133,3,2
524,134,3,2
524,135,3,2
524,136,3,2
524,137,3,2
524,138,3,2
524,139,3,2
524,140,3,2
524,141,3,2
524,142,3,2
524,143,3,2
524,144,3,2
524,145,3,2
524,146,3,2
524,147,3,2
524,148,3,2
524,149,3,2
524,150,3,2
524,151,3,2
524,152,3,2
524,153,3,2
524,154,3,2
524,155,3,2
524,156,3,2
524,157,3,2
524,158,3,2
524,159,3,2
524,160,3,2
524,161,3,2
524,162,3,2
524,163,3,2
524,164,3,2
524,165,3,2
524,166,3,2
524,167,3,2
524,168,3,2
524,169,3,2
524,170,3,2
524,171,3,2
524,172,3,2
524,173,3,2
524,174,3,2
524,175,3,2
524,176,3,2
524,177,3,2
524,178,3,2
524,179,3,2
524,180,3,2
524,181,3,2
524,182,3,2
524,183,3,2
524,184,3,2
524,185,3,2
524,186,3,2
524,187,3,2
524,188,3,2
524,189,3,2
524,190,3,2
524,191,3,2
524,192,3,2
524,193,3,2
524,194,3,2
524,195,3,2
524,196,3,2
524,197,3,2
524,198,3,2
524,199,3,2
524,200,3,2
524,201,3,2
524,202,3,2
524,203,3,2
524,204,3,2
524,205,3,2
524,206,3,2
524,207,3,2
524,208,3,2
524,209,3,2
524,210,3,2
524,211,3,2
524,212,3,2
524,213,3,2
524,214,3,2
524,215,3,2
524,216,3,2
524,217,3,2
524,218,3,2
524,219,3,2
524,220,3,2
524,221,3,2
524,222,3,2
524,223,3,2
524,224,3,2
524,225,3,2
524,226,3,2
524,227,3,2
524,228,3,2
524,229,3,2
524,230,3,2
524,231,3,2
524,232,3,2
524,233,3,2
524,234,3,2
524,235,3,2
524,236,3,2
524,237,3,2
524,238,3,2
524,239,3,2
524,240,3,2
524,241,3,2
524,242,3,2
524,243,3,2
524,244,3,2
524,245,3,2
524,246,3,2
524,247,3,2
524,248,3,2
524,249,3,2
524,250,3,2
524,251,3,2
524,252,3,2
524,253,3,2
524,254,3,2
524,255,3,2
524,256,3,2
524,257,3,2
524,258,3,2
524,259,3,2
524,260,3,2
524,261,3,2
524,262,3,2
524,263,3,2
524,264,3,2
524,265,3,2
524,266,3,2
524,267,3,2
524,268,3,2
524,269,3,2
524,270,3,2
524,271,3,2
524,272,3,2
524,273,3,2
524,274,3,2
524,275,3,2
524,276,3,2
524,277,3,2
524,278,3,2
524,279,3,2
524,280,3,2
524,281,3,2
524,282,3,2
524,283,3,2
524,284,3,2
524,285,3,2
524,286,3,2
524,287,3,2
524,288,3,2
524,289,3,2
524,290,3,2
524,291,3,2
524,292,3,2
524,293,3,2
524,294,3,2
524,295,3,2
524,296,3,2
524,297,3,2
524,298,3,2
524,299,3,2
524,300,3,2
524,301,3,2
524,302,3,2
524,303,3,2
524,304,3,2
524,305,3,2
524,306,3,2
524,307,3,2
524,308,3,2
524,309,3,2
524,310,3,2
524,311,3,2
524,312,3,2
524,313,3,2
524,314,3,2
524,315,3,2
524,316,3,2
524,317,3,2
524,318,3,2
524,319,3,2
524,320,3,2
524,321,3,2
524,322,3,2
524,323,3,2
524,324,3,2
524,325,3,2
524,326,3,2
524,327,3,2
524,328,3,2
524,329,3,2
524,330,3,2
524,331,3,2
524,332,3,2
524,333,3,2
524,334,3,2
524,335,3,2
524,336,3,2
524,337,3,2
524,338,3,2
524,339,3,2
524,340,3,2
524,341,3,2
524,342,3,2
524,343,3,2
524,344,3,2
524,345,3,2
524,346,3,2
524,347,3,2
524,348,3,2
524,349,3,2
524,350,3,2
524,351,3,2
524,352,3,2
524,353,3,2
524,354,3,2
524,355,3,2
524,356,3,2
524,357,3,2
524,358,3,2
524,359,3,2
524,360,3,2
524,361,3,2
524,362,3,2
524,363,3,2
524,364,3,2
524,365,3,2
524,366,3,2
524,367,3,2
524,368,3,2
524,369,3,2
524,370,3,2
524,371,3,2
524,372,3,2
524,373,3,2
524,374,3,2
524,375,3,2
524,376,3,2
524,377,3,2
524,378,3,2
524,379,3,2
524,380,3,2
524,381,3,2
524,382,3,2
524,383,3,2
524,384,3,2
524,385,3,2
524,386,3,2
524,387,3,2
524,388,3,2
524,389,3,2
524,390,3,2
524,391,3,2
524,392,3,2
524,393,3,2
524,394,3,2
524,395,3,2
524,396,3,2
524,397,3,2
524,398,3,2
524,399,3,2
524,400,3,2
524,401,3,2
524,402,3,2
524,403,3,2
524,404,3,2
524,405,3,2
524,406,3,2
524,407,3,2
524,408,3,2
524,409,3,2
524,410,3,2
524,411,3,2
524,412,3,2
524,413,3,2
524,414,3,2
524,415,3,2
524,416,3,2
524,417,3,2
524,418,3,2
524,419,3,2
524,420,3,2
524,421,3,2
524,422,3,2
524,423,3,2
524,424,3,2
524,425,3,2
524,426,3,2
524,427,3,2
524,428,3,2
524,429,3,2
524,430,3,2
524,431,3,2
524,432,3,2
524,433,3,2
524,434,3,2
524,435,3,2
524,436,3,2
524,437,3,2
524,438,3,2
524,439,3,2
524,440,3,2
524,441,3,2
524,442,3,2
524,443,3,2
524,444,3,2
524,445,3,2
524,446,3,2
524,447,3,2
524,448,3,2
524,449,3,2
524,450,3,2
524,451,3,3
524,452,3,3
524,453,3,3
524,454,3,3
524,455,3,3
524,456,3,3
524,457,3,3
524,458,3,3
524,459,3,3
524,460,3,3
524,461,3,3
524,462,3,3
524,463,3,3
524,464,3,3
524,465,3,3
524,466,3,3
524,467,3,3
524,468,3,3
524,469,3,3
524,470,3,3
524,471,3,3
524,472,3,3
524,473,3,3
524,474,3,3
524,475,3,3
524,476,3,3
524,477,3,3
524,478,3,3
524,479,3,3
524,480,3,3
524,481,3,3
524,482,3,3
524,483,3,3
524,484,3,3
524,485,3,3
524,486,3,3
524,487,3,3
524,488,3,3
524,489,3,3
524,490,3,3
524,491,3,3
524,492,3,3
524,493,3,3
524,494,3,3
524,495,3,2
524,496,3,2
524,497,3,2
524,498,3,2
524,499,3,2
524,500,3,2
524,501,3,2
524,502,3,2
524,503,3,2
524,504,3,2
524,505,3,2
524,506,3,2
524,507,3,2
524,508,3,2
524,509,3,2
524,510,3,2
524,511,3,2
524,512,3,2
524,513,3,2
524,514,3,2
524,515,3,2
524,516,3,2
524,517,3,2
524,518,3,2
524,519,3,2
524,520,3,2
524,521,3,2
524,522,3,2
524,523,3,2
524,524,3,2
524,525,3,2
524,526,3,2
524,527,3,2
524,528,3,2
524,529,3,2
524,530,3,2
524,531,3,2
524,532,3,2
524,533,3,2
524,534,3,2
524,535,3,2
524,536,3,2
524,537,3,2
524,538,3,2
524,539,3,2
524,540,3,2
524,541,3,2
524,542,3,2
524,543,3,2
524,544,3,2
524,545,3,2
524,546,3,2
524,547,3,2
524,548,3,2
524,549,3,2
524,550,3,2
524,551,3,2
524,552,3,2
524,553,3,2
524,554,3,2
524,555,3,2
524,556,3,2
524,557,3,2
524,558,3,2
524,559,3,2
524,560,3,2
524,561,3,2
524,562,3,2
524,563,3,2
524,564,3,2
524,565,3,2
524,566,3,2
524,567,3,2
524,568,3,2
524,569,3,2
524,570,3,2
524,571,3,2
524,572,3,2
524,573,3,2
524,574,3,2
524,575,3,2
524,576,3,2
524,577,3,2
524,578,3,2
524,579,3,2
524,580,3,2
524,581,3,2
524,582,3,2
524,583,3,2
524,584,3,2
524,585,3,2
524,586,3,2
524,587,3,2
524,588,3,2
524,589,3,2
524,590,3,2
524,591,3,2
524,592,3,2
524,593,3,2
524,594,3,2
524,595,3,2
524,596,3,2
524,597,3,2
524,598,3,2
524,599,3,2
524,600,3,2
524,601,3,2
524,602,3,2
524,603,3,2
524,604,3,2
524,605,3,2
524,606,3,2
524,607,3,2
524,608,3,2
524,609,3,2
524,610,3,2
524,611,3,2
524,612,3,2
524,613,3,2
524,614,3,2
524,615,3,2
524,616,3,2
524,617,3,2
524,618,3,2
524,619,3,2
524,620,3,2
524,621,3,2
524,622,3,2
524,623,3,2
524,624,3,2
524,625,3,2
524,626,3,2
524,627,3,2
524,628,3,2
524,629,3,2
524,630,3,2
524,631,3,2
524,632,3,2
524,633,3,2
524,634,3,2
524,635,3,2
524,636,3,2
524,637,3,2
524,638,3,2
524,639,3,2
524,640,3,2
524,641,3,2
524,642,3,2
524,643,3,2
524,644,3,2
524,645,3,2
524,646,3,2
524,647,3,2
524,648,3,2
524,649,3,2
524,650,3,2
524,651,3,2
524,652,3,2
524,653,3,2
524,654,3,2
524,655,3,2
524,656,3,2
524,657,3,2
525,81,3,2
525,82,3,2
525,83,3,2
525,84,3,2
525,85,3,2
525,86,3,2
525,87,3,2
525,88,3,2
525,89,3,2
525,90,3,2
525,91,3,2
525,92,3,2
525,93,3,2
525,94,3,2
525,95,3,2
525,96,3,2
525,97,3,2
525,98,3,2
525,99,3,2
525,100,3,2
525,101,3,2
525,102,3,2
525,103,3,2
525,104,3,2
525,105,3,2
525,106,3,2
525,107,3,2
525,108,3,2
525,109,3,2
525,110,3,2
525,111,3,2
525,112,3,2
525,113,3,2
525,114,3,2
525,115,3,2
525,116,3,2
525,117,3,2
525,118,3,2
525,119,3,2
525,120,3,2
525,121,3,2
525,122,3,2
525,123,3,2
525,124,3,2
525,125,3,2
525,126,3,2
525,127,3,2
525,128,3,2
525,129,3,2
525,130,3,2
525,131,3,2
525,132,3,2
525,133,3,2
525,134,3,2
525,135,3,2
525,136,3,2
525,137,3,2
525,138,3,2
525,139,3,2
525,140,3,2
525,141,3,2
525,142,3,2
525,143,3,2
525,144,3,2
525,145,3,2
525,146,3,2
525,147,3,2
525,148,3,2
525,149,3,2
525,150,3,2
525,151,3,2
525,152,3,2
525,153,3,2
525,154,3,2
525,155,3,2
525,156,3,2
525,157,3,2
525,158,3,2
525,159,3,2
525,160,3,2
525,161,3,2
525,162,3,2
525,163,3,2
525,164,3,2
525,165,3,2
525,166,3,2
525,167,3,2
525,168,3,2
525,169,3,2
525,170,3,2
525,171,3,2
525,172,3,2
525,173,3,2
525,174,3,2
525,175,3,2
525,176,3,2
525,177,3,2
525,178,3,2
525,179,3,2
525,180,3,2
525,181,3,2
525,182,3,2
525,183,3,2
525,184,3,2
525,185,3,2
525,186,3,2
525,187,3,2
525,188,3,2
525,189,3,2
525,190,3,2
525,191,3,2
525,192,3,2
525,193,3,2
525,194,3,2
525,195,3,2
525,196,3,2
525,197,3,2
525,198,3,2
525,199,3,2
525,200,3,2
525,201,3,2
525,202,3,2
525,203,3,2
525,204,3,2
525,205,3,2
525,206,3,2
525,207,3,2
525,208,3,2
525,209,3,2
525,210,3,2
525,211,3,2
525,212,3,2
525,213,3,2
525,214,3,2
525,215,3,2
525,216,3,2
525,217,3,2
525,218,3,2
525,219,3,2
525,220,3,2
525,221,3,2
525,222,3,2
525,223,3,2
525,224,3,2
525,225,3,2
525,226,3,2
525,227,3,2
525,228,3,2
525,229,3,2
525,230,3,2
525,231,3,2
525,232,3,2
525,233,3,2
525,234,3,2
525,235,3,2
525,236,3,2
525,237,3,2
525,238,3,2
525,239,3,2
525,240,3,2
525,241,3,2
525,242,3,2
525,243,3,2
525,244,3,2
525,245,3,2
525,246,3,2
525,247,3,2
525,248,3,2
525,249,3,2
525,250,3,2
525,251,3,2
525,252,3,2
525,253,3,2
525,254,3,2
525,255,3,2
525,256,3,2
525,257,3,2
525,258,3,2
525,259,3,2
525,260,3,2
525,261,3,2
525,262,3,2
525,263,3,2
525,264,3,2
525,265,3,2
525,266,3,2
525,267,3,2
525,268,3,2
525,269,3,2
525,270,3,2
525,271,3,2
525,272,3,2
525,273,3,2
525,274,3,2
525,275,3,2
525,276,3,2
525,277,3,2
525,278,3,2
525,279,3,2
525,280,3,2
525,281,3,2
525,282,3,2
525,283,3,2
525,284,3,2
525,285,3,2
525,286,3,2
525,287,3,2
525,288,3,2
525,289,3,2
525,290,3,2
525,291,3,2
525,292,3,2
525,293,3,2
525,294,3,2
525,295,3,2
525,296,3,2
525,297,3,2
525,298,3,2
525,299,3,2
525,300,3,2
525,301,3,2
525,302,3,2
525,303,3,2
525,304,3,2
525,305,3,2
525,306,3,2
525,307,3,2
525,308,3,2
525,309,3,2
525,310,3,2
525,311,3,2
525,312,3,2
525,313,3,2
525,314,3,2
525,315,3,2
525,316,3,2
525,317,3,2
525,318,3,2
525,319,3,2
525,320,3,2
525,321,3,2
525,322,3,2
525,323,3,2
525,324,3,2
525,325,3,2
525,326,3,2
525,327,3,2
525,328,3,2
525,329,3,2
525,330,3,2
525,331,3,2
525,332,3,2
525,333,3,2
525,334,3,2
525,335,3,2
525,336,3,2
525,337,3,2
525,338,3,2
525,339,3,2
525,340,3,2
525,341,3,2
525,342,3,2
525,343,3,2
525,344,3,2
525,345,3,2
525,346,3,2
525,347,3,2
525,348,3,2
525,349,3,2
525,350,3,2
525,351,3,2
525,352,3,2
525,353,3,2
525,354,3,2
525,355,3,2
525,356,3,2
525,357,3,2
525,358,3,2
525,359,3,2
525,360,3,2
525,361,3,2
525,362,3,2
525,363,3,2
525,364,3,2
525,365,3,2
525,366,3,2
525,367,3,2
525,368,3,2
525,369,3,2
525,370,3,2
525,371,3,2
525,372,3,2
525,373,3,2
525,374,3,2
525,375,3,2
525,376,3,2
525,377,3,2
525,378,3,2
525,379,3,2
525,380,3,2
525,381,3,2
525,382,3,2
525,383,3,2
525,384,3,2
525,385,3,2
525,386,3,2
525,387,3,2
525,388,3,2
525,389,3,2
525,390,3,2
525,391,3,2
525,392,3,2
525,393,3,2
525,394,3,2
525,395,3,2
525,396,3,2
525,397,3,2
525,398,3,2
525,399,3,2
525,400,3,2
525,401,3,2
525,402,3,2
525,403,3,2
525,404,3,2
525,405,3,2
525,406,3,2
525,407,3,2
525,408,3,2
525,409,3,2
525,410,3,2
525,411,3,2
525,412,3,2
525,413,3,2
525,414,3,2
525,415,3,2
525,416,3,2
525,417,3,2
525,418,3,2
525,419,3,2
525,420,3,2
525,421,3,2
525,422,3,2
525,423,3,2
525,424,3,2
525,425,3,2
525,426,3,2
525,427,3,2
525,428,3,2
525,429,3,2
525,430,3,2
525,431,3,2
525,432,3,2
525,433,3,2
525,434,3,2
525,435,3,2
525,436,3,2
525,437,3,2
525,438,3,2
525,439,3,2
525,440,3,2
525,441,3,2
525,442,3,2
525,443,3,2
525,444,3,2
525,445,3,2
525,446,3,2
525,447,3,2
525,448,3,2
525,449,3,2
525,450,3,3
525,451,3,3
525,452,3,3
525,453,3,3
525,454,3,3
525,455,3,3
525,456,3,3
525,457,3,3
525,458,3,3
525,459,3,3
525,460,3,3
525,461,3,3
525,462,3,3
525,463,3,3
525,464,3,3
525,465,3,3
525,466,3,3
525,467,3,3
525,468,3,3
525,469,3,3
525,470,3,3
525,471,3,3
525,472,3,3
525,473,3,3
525,474,3,3
525,475,3,3
525,476,3,3
525,477,3,3
525,478,3,3
525,479,3,3
525,480,3,3
525,481,3,3
525,482,3,3
525,483,3,3
525,484,3,3
525,485,3,3
525,486,3,3
525,487,3,3
525,488,3,3
525,489,3,3
525,490,3,3
525,491,3,3
525,492,3,3
525,493,3,3
525,494,3,3
525,495,3,3
525,496,3,2
525,497,3,2
525,498,3,2
525,499,3,2
525,500,3,2
525,501,3,2
525,502,3,2
525,503,3,2
525,504,3,2
525,505,3,2
525,506,3,2
525,507,3,2
525,508,3,2
525,509,3,2
525,510,3,2
525,511,3,2
525,512,3,2
525,513,3,2
525,514,3,2
525,515,3,2
525,516,3,2
525,517,3,2
525,518,3,2
525,519,3,2
525,520,3,2
525,521,3,2
525,522,3,2
525,523,3,2
525,524,3,2
525,525,3,2
525,526,3,2
525,527,3,2
525,528,3,2
525,529,3,2
525,530,3,2
525,531,3,2
525,532,3,2
525,533,3,2
525,534,3,2
525,535,3,2
525,536,3,2
525,537,3,2
525,538,3,2
525,539,3,2
525,540,3,2
525,541,3,2
525,542,3,2
525,543,3,2
525,544,3,2
525,545,3,2
525,546,3,2
525,547,3,2
525,548,3,2
525,549,3,2
525,550,3,2
525,551,3,2
525,552,3,2
525,553,3,2
525,554,3,2
525,555,3,2
525,556,3,2
525,557,3,2
525,558,3,2
525,559,3,2
525,560,3,2
525,561,3,2
525,562,3,2
525,563,3,2
525,564,3,2
525,565,3,2
525,566,3,2
525,567,3,2
525,568,3,2
525,569,3,2
525,570,3,2
525,571,3,2
525,572,3,2
525,573,3,2
525,574,3,2
525,575,3,2
525,576,3,2
525,577,3,2
525,578,3,2
525,579,3,2
525,580,3,2
525,581,3,2
525,582,3,2
525,583,3,2
525,584,3,2
525,585,3,2
525,586,3,2
525,587,3,2
525,588,3,2
525,589,3,2
525,590,3,2
525,591,3,2
525,592,3,2
525,593,3,2
525,594,3,2
525,595,3,2
525,596,3,2
525,597,3,2
525,598,3,2
525,599,3,2
525,600,3,2
525,601,3,2
525,602,3,2
525,603,3,2
525,604,3,2
525,605,3,2
525,606,3,2
525,607,3,2
525,608,3,2
525,609,3,2
525,610,3,2
525,611,3,2
525,612,3,2
525,613,3,2
525,614,3,2
525,615,3,2
525,616,3,2
525,617,3,2
525,618,3,2
525,619,3,2
525,620,3,2
525,621,3,2
525,622,3,2
525,623,3,2
525,624,3,2
525,625,3,2
525,626,3,2
525,627,3,2
525,628,3,2
525,629,3,2
525,630,3,2
525,631,3,2
525,632,3,2
525,633,3,2
525,634,3,2
525,635,3,2
525,636,3,2
525,637,3,2
525,638,3,2
525,639,3,2
525,640,3,2
525,641,3,2
525,642,3,2
525,643,3,2
525,644,3,2
525,645,3,2
525,646,3,2
525,647,3,2
525,648,3,2
525,649,3,2
525,650,3,2
525,651,3,2
525,652,3,2
525,653,3,2
525,654,3,2
525,655,3,2
525,656,3,2
525,657,3,2
526,81,3,2
526,82,3,2
526,83,3,2
526,84,3,2
526,85,3,2
526,86,3,2
526,87,3,2
526,88,3,2
526,89,3,2
526,90,3,2
526,91,3,2
526,92,3,2
526,93,3,2
526,94,3,2
526,95,3,2
526,96,3,2
526,97,3,2
526,98,3,2
526,99,3,2
526,100,3,2
526,101,3,2
526,102,3,2
526,103,3,2
526,104,3,2
526,105,3,2
526,106,3,2
526,107,3,2
526,108,3,2
526,109,3,2
526,110,3,2
526,111,3,2
526,112,3,2
526,113,3,2
526,114,3,2
526,115,3,2
526,116,3,2
526,117,3,2
526,118,3,2
526,119,3,2
526,120,3,2
526,121,3,2
526,122,3,2
526,123,3,2
526,124,3,2
526,125,3,2
526,126,3,2
526,127,3,2
526,128,3,2
526,129,3,2
526,130,3,2
526,131,3,2
526,132,3,2
526,133,3,2
526,134,3,2
526,135,3,2
526,136,3,2
526,137,3,2
526,138,3,2
526,139,3,2
526,140,3,2
526,141,3,2
526,142,3,2
526,143,3,2
526,144,3,2
526,145,3,2
526,146,3,2
526,147,3,2
526,148,3,2
526,149,3,2
526,150,3,2
526,151,3,2
526,152,3,2
526,153,3,2
526,154,3,2
526,155,3,2
526,156,3,2
526,157,3,2
526,158,3,2
526,159,3,2
526,160,3,2
526,161,3,2
526,162,3,2
526,163,3,2
526,164,3,2
526,165,3,2
526,166,3,2
526,167,3,2
526,168,3,2
526,169,3,2
526,170,3,2
526,171,3,2
526,172,3,2
526,173,3,2
526,174,3,2
526,175,3,2
526,176,3,2
526,177,3,2
526,178,3,2
526,179,3,2
526,180,3,2
526,181,3,2
526,182,3,2
526,183,3,2
526,184,3,2
526,185,3,2
526,186,3,2
526,187,3,2
526,188,3,2
526,189,3,2
526,190,3,2
526,191,3,2
526,192,3,2
526,193,3,2
526,194,3,2
526,195,3,2
526,196,3,2
526,197,3,2
526,198,3,2
526,199,3,2
526,200,3,2
526,201,3,2
526,202,3,2
526,203,3,2
526,204,3,2
526,205,3,2
526,206,3,2
526,207,3,2
526,208,3,2
526,209,3,2
526,210,3,2
526,211,3,2
526,212,3,2
526,213,3,2
526,214,3,2
526,215,3,2
526,216,3,2
526,217,3,2
526,218,3,2
526,219,3,2
526,220,3,2
526,221,3,2
526,222,3,2
526,223,3,2
526,224,3,2
526,225,3,2
526,226,3,2
526,227,3,2
526,228,3,2
526,229,3,2
526,230,3,2
526,231,3,2
526,232,3,2
526,233,3,2
526,234,3,2
526,235,3,2
526,236,3,2
526,237,3,2
526,238,3,2
526,239,3,2
526,240,3,2
526,241,3,2
526,242,3,2
526,243,3,2
526,244,3,2
526,245,3,2
526,246,3,2
526,247,3,2
526,248,3,2
526,249,3,2
526,250,3,2
526,251,3,2
526,252,3,2
526,253,3,2
526,254,3,2
526,255,3,2
526,256,3,2
526,257,3,2
526,258,3,2
526,259,3,2
526,260,3,2
526,261,3,2
526,262,3,2
526,263,3,2
526,264,3,2
526,265,3,2
526,266,3,2
526,267,3,2
526,268,3,2
526,269,3,2
526,270,3,2
526,271,3,2
526,272,3,2
526,273,3,2
526,274,3,2
526,275,3,2
526,276,3,2
526,277,3,2
526,278,3,2
526,279,3,2
526,280,3,2
526,281,3,2
526,282,3,2
526,283,3,2
526,284,3,2
526,285,3,2
526,286,3,2
526,287,3,2
526,288,3,2
526,289,3,2
526,290,3,2
526,291,3,2
526,292,3,2
526,293,3,2
526,294,3,2
526,295,3,2
526,296,3,2
526,297,3,2
526,298,3,2
526,299,3,2
526,300,3,2
526,301,3,2
526,302,3,2
526,303,3,2
526,304,3,2
526,305,3,2
526,306,3,2
526,307,3,2
526,308,3,2
526,309,3,2
526,310,3,2
526,311,3,2
526,312,3,2
526,313,3,2
526,314,3,2
526,315,3,2
526,316,3,2
526,317,3,2
526,318,3,2
526,319,3,2
526,320,3,2
526,321,3,2
526,322,3,2
526,323,3,2
526,324,3,2
526,325,3,2
526,326,3,2
526,327,3,2
526,328,3,2
526,329,3,2
526,330,3,2
526,331,3,2
526,332,3,2
526,333,3,2
526,334,3,2
526,335,3,2
526,336,3,2
526,337,3,2
526,338,3,2
526,339,3,2
526,340,3,2
526,341,3,2
526,342,3,2
526,343,3,2
526,344,3,2
526,345,3,2
526,346,3,2
526,347,3,2
526,348,3,2
526,349,3,2
526,350,3,2
526,351,3,2
526,352,3,2
526,353,3,2
526,354,3,2
526,355,3,2
526,356,3,2
526,357,3,2
526,358,3,2
526,359,3,2
526,360,3,2
526,361,3,2
526,362,3,2
526,363,3,2
526,364,3,2
526,365,3,2
526,366,3,2
526,367,3,2
526,368,3,2
526,369,3,2
526,370,3,2
526,371,3,2
526,372,3,2
526,373,3,2
526,374,3,2
526,375,3,2
526,376,3,2
526,377,3,2
526,378,3,2
526,379,3,2
526,380,3,2
526,381,3,2
526,382,3,2
526,383,3,2
526,384,3,2
526,385,3,2
526,386,3,2
526,387,3,2
526,388,3,2
526,389,3,2
526,390,3,2
526,391,3,2
526,392,3,2
526,393,3,2
526,394,3,2
526,395,3,2
526,396,3,2
526,397,3,2
526,398,3,2
526,399,3,2
526,400,3,2
526,401,3,2
526,402,3,2
526,403,3,2
526,404,3,2
526,405,3,2
526,406,3,2
526,407,3,2
526,408,3,2
526,409,3,2
526,410,3,2
526,411,3,2
526,412,3,2
526,413,3,2
526,414,3,2
526,415,3,2
526,416,3,2
526,417,3,2
526,418,3,2
526,419,3,2
526,420,3,2
526,421,3,2
526,422,3,2
526,423,3,2
526,424,3,2
526,425,3,2
526,426,3,2
526,427,3,2
526,428,3,2
526,429,3,2
526,430,3,2
526,431,3,2
526,432,3,2
526,433,3,2
526,434,3,2
526,435,3,2
526,436,3,2
526,437,3,2
526,438,3,2
526,439,3,2
526,440,3,2
526,441,3,2
526,442,3,2
526,443,3,2
526,444,3,2
526,445,3,2
526,446,3,2
526,447,3,2
526,448,3,2
526,449,3,2
526,450,3,3
526,451,3,3
526,452,3,3
526,453,3,3
526,454,3,3
526,455,3,3
526,456,3,3
526,457,3,3
526,458,3,3
526,459,3,3
526,460,3,3
526,461,3,3
526,462,3,3
526,463,3,3
526,464,3,3
526,465,3,3
526,466,3,3
526,467,3,3
526,468,3,3
526,469,3,3
526,470,3,3
526,471,3,3
526,472,3,3
526,473,3,3
526,474,3,3
526,475,3,3
526,476,3,3
526,477,3,3
526,478,3,3
526,479,3,3
526,480,3,3
526,481,3,3
526,482,3,3
526,483,3,3
526,484,3,3
526,485,3,3
526,486,3,3
526,487,3,3
526,488,3,3
526,489,3,3
526,490,3,3
526,491,3,3
526,492,3,3
526,493,3,3
526,494,3,3
526,495,3,3
526,496,3,2
526,497,3,2
526,498,3,2
526,499,3,2
526,500,3,2
526,501,3,2
526,502,3,2
526,503,3,2
526,504,3,2
526,505,3,2
526,506,3,2
526,507,3,2
526,508,3,2
526,509,3,2
526,510,3,2
526,511,3,2
526,512,3,2
526,513,3,2
526,514,3,2
526,515,3,2
526,516,3,2
526,517,3,2
526,518,3,2
526,519,3,2
526,520,3,2
526,521,3,2
526,522,3,2
526,523,3,2
526,524,3,2
526,525,3,2
526,526,3,2
526,527,3,2
526,528,3,2
526,529,3,2
526,530,3,2
526,531,3,2
526,532,3,2
526,533,3,2
526,534,3,2
526,535,3,2
526,536,3,2
526,537,3,2
526,538,3,2
526,539,3,2
526,540,3,2
526,541,3,2
526,542,3,2
526,543,3,2
526,544,3,2
526,545,3,2
526,546,3,2
526,547,3,2
526,548,3,2
526,549,3,2
526,550,3,2
526,551,3,2
526,552,3,2
526,553,3,2
526,554,3,2
526,555,3,2
526,556,3,2
526,557,3,2
526,558,3,2
526,559,3,2
526,560,3,2
526,561,3,2
526,562,3,2
526,563,3,2
526,564,3,2
526,565,3,2
526,566,3,2
526,567,3,2
526,568,3,2
526,569,3,2
526,570,3,2
526,571,3,2
526,572,3,2
526,573,3,2
526,574,3,2
526,575,3,2
526,576,3,2
526,577,3,2
526,578,3,2
526,579,3,2
526,580,3,2
526,581,3,2
526,582,3,2
526,583,3,2
526,584,3,2
526,585,3,2
526,586,3,2
526,587,3,2
526,588,3,2
526,589,3,2
526,590,3,2
526,591,3,2
526,592,3,2
526,593,3,2
526,594,3,2
526,595,3,2
526,596,3,2
526,597,3,2
526,598,3,2
526,599,3,2
526,600,3,2
526,601,3,2
526,602,3,2
526,603,3,2
526,604,3,2
526,605,3,2
526,606,3,2
526,607,3,2
526,608,3,2
526,609,3,2
526,610,3,2
526,611,3,2
526,612,3,2
526,613,3,2
526,614,3,2
526,615,3,2
526,616,3,2
526,617,3,2
526,618,3,2
526,619,3,2
526,620,3,2
526,621,3,2
526,622,3,2
526,623,3,2
526,624,3,2
526,625,3,2
526,626,3,2
526,627,3,2
526,628,3,2
526,629,3,2
526,630,3,2
526,631,3,2
526,632,3,2
526,633,3,2
526,634,3,2
526,635,3,2
526,636,3,2
526,637,3,2
526,638,3,2
526,639,3,2
526,640,3,2
526,641,3,2
526,642,3,2
526,643,3,2
526,644,3,2
526,645,3,2
526,646,3,2
526,647,3,2
526,648,3,2
526,649,3,2
526,650,3,2
526,651,3,2
526,652,3,2
526,653,3,2
526,654,3,2
526,655,3,2
526,656,3,2
526,657,3,2
527,81,3,2
527,82,3,2
527,83,3,2
527,84,3,2
527,85,3,2
527,86,3,2
527,87,3,2
527,88,3,2
527,89,3,2
527,90,3,2
527,91,3,2
527,92,3,2
527,93,3,2
527,94,3,2
527,95,3,2
527,96,3,2
527,97,3,2
527,98,3,2
527,99,3,2
527,100,3,2
527,101,3,2
527,102,3,2
527,103,3,2
527,104,3,2
527,105,3,2
527,106,3,2
527,107,3,2
527,108,3,2
527,109,3,2
527,110,3,2
527,111,3,2
527,112,3,2
527,113,3,2
527,114,3,2
527,115,3,2
527,116,3,2
527,117,3,2
527,118,3,2
527,119,3,2
527,120,3,2
527,121,3,2
527,122,3,2
527,123,3,2
527,124,3,2
527,125,3,2
527,126,3,2
527,127,3,2
527,128,3,2
527,129,3,2
527,130,3,2
527,131,3,2
527,132,3,2
527,133,3,2
527,134,3,2
527,135,3,2
527,136,3,2
527,137,3,2
527,138,3,2
527,139,3,2
527,140,3,2
527,141,3,2
527,142,3,2
527,143,3,2
527,144,3,2
527,145,3,2
527,146,3,2
527,147,3,2
527,148,3,2
527,149,3,2
527,150,3,2
527,151,3,2
527,152,3,2
527,153,3,2
527,154,3,2
527,155,3,2
527,156,3,2
527,157,3,2
527,158,3,2
527,159,3,2
527,160,3,2
527,161,3,2
527,162,3,2
527,163,3,2
527,164,3,2
527,165,3,2
527,166,3,2
527,167,3,2
527,168,3,2
527,169,3,2
527,170,3,2
527,171,3,2
527,172,3,2
527,173,3,2
527,174,3,2
527,175,3,2
527,176,3,2
527,177,3,2
527,178,3,2
527,179,3,2
527,180,3,2
527,181,3,2
527,182,3,2
527,183,3,2
527,184,3,2
527,185,3,2
527,186,3,2
527,187,3,2
527,188,3,2
527,189,3,2
527,190,3,2
527,191,3,2
527,192,3,2
527,193,3,2
527,194,3,2
527,195,3,2
527,196,3,2
527,197,3,2
527,198,3,2
527,199,3,2
527,200,3,2
527,201,3,2
527,202,3,2
527,203,3,2
527,204,3,2
527,205,3,2
527,206,3,2
527,207,3,2
527,208,3,2
527,209,3,2
527,210,3,2
527,211,3,2
527,212,3,2
527,213,3,2
527,214,3,2
527,215,3,2
527,216,3,2
527,217,3,2
527,218,3,2
527,219,3,2
527,220,3,2
527,221,3,2
527,222,3,2
527,223,3,2
527,224,3,2
527,225,3,2
527,226,3,2
527,227,3,2
527,228,3,2
527,229,3,2
527,230,3,2
527,231,3,2
527,232,3,2
527,233,3,2
527,234,3,2
527,235,3,2
527,236,3,2
527,237,3,2
527,238,3,2
527,239,3,2
527,240,3,2
527,241,3,2
527,242,3,2
527,243,3,2
527,244,3,2
527,245,3,2
527,246,3,2
527,247,3,2
527,248,3,2
527,249,3,2
527,250,3,2
527,251,3,2
527,252,3,2
527,253,3,2
527,254,3,2
527,255,3,2
527,256,3,2
527,257,3,2
527,258,3,2
527,259,3,2
527,260,3,2
527,261,3,2
527,262,3,2
527,263,3,2
527,264,3,2
527,265,3,2
527,266,3,2
527,267,3,2
527,268,3,2
527,269,3,2
527,270,3,2
527,271,3,2
527,272,3,2
527,273,3,2
527,274,3,2
527,275,3,2
527,276,3,2
527,277,3,2
527,278,3,2
527,279,3,2
527,280,3,2
527,281,3,2
527,282,3,2
527,283,3,2
527,284,3,2
527,285,3,2
527,286,3,2
527,287,3,2
527,288,3,2
527,289,3,2
527,290,3,2
527,291,3,2
527,292,3,2
527,293,3,2
527,294,3,2
527,295,3,2
527,296,3,2
527,297,3,2
527,298,3,2
527,299,3,2
527,300,3,2
527,301,3,2
527,302,3,2
527,303,3,2
527,304,3,2
527,305,3,2
527,306,3,2
527,307,3,2
527,308,3,2
527,309,3,2
527,310,3,2
527,311,3,2
527,312,3,2
527,313,3,2
527,314,3,2
527,315,3,2
527,316,3,2
527,317,3,2
527,318,3,2
527,319,3,2
527,320,3,2
527,321,3,2
527,322,3,2
527,323,3,2
527,324,3,2
527,325,3,2
527,326,3,2
527,327,3,2
527,328,3,2
527,329,3,2
527,330,3,2
527,331,3,2
527,332,3,2
527,333,3,2
527,334,3,2
527,335,3,2
527,336,3,2
527,337,3,2
527,338,3,2
527,339,3,2
527,340,3,2
527,341,3,2
527,342,3,2
527,343,3,2
527,344,3,2
527,345,3,2
527,346,3,2
527,347,3,2
527,348,3,2
527,349,3,2
527,350,3,2
527,351,3,2
527,352,3,2
527,353,3,2
527,354,3,2
527,355,3,2
527,356,3,2
527,357,3,2
527,358,3,2
527,359,3,2
527,360,3,2
527,361,3,2
527,362,3,2
527,363,3,2
527,364,3,2
527,365,3,2
527,366,3,2
527,367,3,2
527,368,3,2
527,369,3,2
527,370,3,2
527,371,3,2
527,372,3,2
527,373,3,2
527,374,3,2
527,375,3,2
527,376,3,2
527,377,3,2
527,378,3,2
527,379,3,2
527,380,3,2
527,381,3,2
527,382,3,2
527,383,3,2
527,384,3,2
527,385,3,2
527,386,3,2
527,387,3,2
527,388,3,2
527,389,3,2
527,390,3,2
527,391,3,2
527,392,3,2
527,393,3,2
527,394,3,2
527,395,3,2
527,396,3,2
527,397,3,2
527,398,3,2
527,399,3,2
527,400,3,2
527,401,3,2
527,402,3,2
527,403,3,2
527,404,3,2
527,405,3,2
527,406,3,2
527,407,3,2
527,408,3,2
527,409,3,2
527,410,3,2
527,411,3,2
527,412,3,2
527,413,3,2
527,414,3,2
527,415,3,2
527,416,3,2
527,417,3,2
527,418,3,2
527,419,3,2
527,420,3,2
527,421,3,2
527,422,3,2
527,423,3,2
527,424,3,2
527,425,3,2
527,426,3,2
527,427,3,2
527,428,3,2
527,429,3,2
527,430,3,2
527,431,3,2
527,432,3,2
527,433,3,2
527,434,3,2
527,435,3,2
527,436,3,2
527,437,3,2
527,438,3,2
527,439,3,2
527,440,3,2
527,441,3,2
527,442,3,2
527,443,3,2
527,444,3,2
527,445,3,2
527,446,3,2
527,447,3,2
527,448,3,2
527,449,3,3
527,450,3,3
527,451,3,3
527,452,3,3
527,453,3,3
527,454,3,3
527,455,3,3
527,456,3,3
527,457,3,3
527,458,3,3
527,459,3,3
527,460,3,3
527,461,3,3
527,462,3,3
527,463,3,3
527,464,3,3
527,465,3,3
527,466,3,3
527,467,3,3
527,468,3,3
527,469,3,3
527,470,3,3
527,471,3,3
527,472,3,3
527,473,3,3
527,474,3,3
527,475,3,3
527,476,3,3
527,477,3,3
527,478,3,3
527,479,3,3
527,480,3,3
527,481,3,3
527,482,3,3
527,483,3,3
527,484,3,3
527,485,3,3
527,486,3,3
527,487,3,3
527,488,3,3
527,489,3,3
527,490,3,3
527,491,3,3
527,492,3,3
527,493,3,3
527,494,3,3
527,495,3,3
527,496,3,2
527,497,3,2
527,498,3,2
527,499,3,2
527,500,3,2
527,501,3,2
527,502,3,2
527,503,3,2
527,504,3,2
527,505,3,2
527,506,3,2
527,507,3,2
527,508,3,2
527,509,3,2
527,510,3,2
527,511,3,2
527,512,3,2
527,513,3,2
527,514,3,2
527,515,3,2
527,516,3,2
527,517,3,2
527,518,3,2
527,519,3,2
527,520,3,2
527,521,3,2
527,522,3,2
527,523,3,2
527,524,3,2
527,525,3,2
527,526,3,2
527,527,3,2
527,528,3,2
527,529,3,2
527,530,3,2
527,531,3,2
527,532,3,2
527,533,3,2
527,534,3,2
527,535,3,2
527,536,3,2
527,537,3,2
527,538,3,2
527,539,3,2
527,540,3,2
527,541,3,2
527,542,3,2
527,543,3,2
527,544,3,2
527,545,3,2
527,546,3,2
527,547,3,2
527,548,3,2
527,549,3,2
527,550,3,2
527,551,3,2
527,552,3,2
527,553,3,2
527,554,3,2
527,555,3,2
527,556,3,2
527,557,3,2
527,558,3,2
527,559,3,2
527,560,3,2
527,561,3,2
527,562,3,2
527,563,3,2
527,564,3,2
527,565,3,2
527,566,3,2
527,567,3,2
527,568,3,2
527,569,3,2
527,570,3,2
527,571,3,2
527,572,3,2
527,573,3,2
527,574,3,2
527,575,3,2
527,576,3,2
527,577,3,2
527,578,3,2
527,579,3,2
527,580,3,2
527,581,3,2
527,582,3,2
527,583,3,2
527,584,3,2
527,585,3,2
527,586,3,2
527,587,3,2
527,588,3,2
527,589,3,2
527,590,3,2
527,591,3,2
527,592,3,2
527,593,3,2
527,594,3,2
527,595,3,2
527,596,3,2
527,597,3,2
527,598,3,2
527,599,3,2
527,600,3,2
527,601,3,2
527,602,3,2
527,603,3,2
527,604,3,2
527,605,3,2
527,606,3,2
527,607,3,2
527,608,3,2
527,609,3,2
527,610,3,2
527,611,3,2
527,612,3,2
527,613,3,2
527,614,3,2
527,615,3,2
527,616,3,2
527,617,3,2
527,618,3,2
527,619,3,2
527,620,3,2
527,621,3,2
527,622,3,2
527,623,3,2
527,624,3,2
527,625,3,2
527,626,3,2
527,627,3,2
527,628,3,2
527,629,3,2
527,630,3,2
527,631,3,2
527,632,3,2
527,633,3,2
527,634,3,2
527,635,3,2
527,636,3,2
527,637,3,2
527,638,3,2
527,639,3,2
527,640,3,2
527,641,3,2
527,642,3,2
527,643,3,2
527,644,3,2
527,645,3,2
527,646,3,2
527,647,3,2
527,648,3,2
527,649,3,2
527,650,3,2
527,651,3,2
527,652,3,2
527,653,3,2
527,654,3,2
527,655,3,2
527,656,3,2
527,657,3,2
528,82,3,2
528,83,3,2
528,84,3,2
528,85,3,2
528,86,3,2
528,87,3,2
528,88,3,2
528,89,3,2
528,90,3,2
528,91,3,2
528,92,3,2
528,93,3,2
528,94,3,2
528,95,3,2
528,96,3,2
528,97,3,2
528,98,3,2
528,99,3,2
528,100,3,2
528,101,3,2
528,102,3,2
528,103,3,2
528,104,3,2
528,105,3,2
528,106,3,2
528,107,3,2
528,108,3,2
528,109,3,2
528,110,3,2
528,111,3,2
528,112,3,2
528,113,3,2
528,114,3,2
528,115,3,2
528,116,3,2
528,117,3,2
528,118,3,2
528,119,3,2
528,120,3,2
528,121,3,2
528,122,3,2
528,123,3,2
528,124,3,2
528,125,3,2
528,126,3,2
528,127,3,2
528,128,3,2
528,129,3,2
528,130,3,2
528,131,3,2
528,132,3,2
528,133,3,2
528,134,3,2
528,135,3,2
528,136,3,2
528,137,3,2
528,138,3,2
528,139,3,2
528,140,3,2
528,141,3,2
528,142,3,2
528,143,3,2
528,144,3,2
528,145,3,2
528,146,3,2
528,147,3,2
528,148,3,2
528,149,3,2
528,150,3,2
528,151,3,2
528,152,3,2
528,153,3,2
528,154,3,2
528,155,3,2
528,156,3,2
528,157,3,2
528,158,3,2
528,159,3,2
528,160,3,2
528,161,3,2
528,162,3,2
528,163,3,2
528,164,3,2
528,165,3,2
528,166,3,2
528,167,3,2
528,168,3,2
528,169,3,2
528,170,3,2
528,171,3,2
528,172,3,2
528,173,3,2
528,174,3,2
528,175,3,2
528,176,3,2
528,177,3,2
528,178,3,2
528,179,3,2
528,180,3,2
528,181,3,2
528,182,3,2
528,183,3,2
528,184,3,2
528,185,3,2
528,186,3,2
528,187,3,2
528,188,3,2
528,189,3,2
528,190,3,2
528,191,3,2
528,192,3,2
528,193,3,2
528,194,3,2
528,195,3,2
528,196,3,2
528,197,3,2
528,198,3,2
528,199,3,2
528,200,3,2
528,201,3,2
528,202,3,2
528,203,3,2
528,204,3,2
528,205,3,2
528,206,3,2
528,207,3,2
528,208,3,2
528,209,3,2
528,210,3,2
528,211,3,2
528,212,3,2
528,213,3,2
528,214,3,2
528,215,3,2
528,216,3,2
528,217,3,2
528,218,3,2
528,219,3,2
528,220,3,2
528,221,3,2
528,222,3,2
528,223,3,2
528,224,3,2
528,225,3,2
528,226,3,2
528,227,3,2
528,228,3,2
528,229,3,2
528,230,3,2
528,231,3,2
528,232,3,2
528,233,3,2
528,234,3,2
528,235,3,2
528,236,3,2
528,237,3,2
528,238,3,2
528,239,3,2
528,240,3,2
528,241,3,2
528,242,3,2
528,243,3,2
528,244,3,2
528,245,3,2
528,246,3,2
528,247,3,2
528,248,3,2
528,249,3,2
528,250,3,2
528,251,3,2
528,252,3,2
528,253,3,2
528,254,3,2
528,255,3,2
528,256,3,2
528,257,3,2
528,258,3,2
528,259,3,2
528,260,3,2
528,261,3,2
528,262,3,2
528,263,3,2
528,264,3,2
528,265,3,2
528,266,3,2
528,267,3,2
528,268,3,2
528,269,3,2
528,270,3,2
528,271,3,2
528,272,3,2
528,273,3,2
528,274,3,2
528,275,3,2
528,276,3,2
528,277,3,2
528,278,3,2
528,279,3,2
528,280,3,2
528,281,3,2
528,282,3,2
528,283,3,2
528,284,3,2
528,285,3,2
528,286,3,2
528,287,3,2
528,288,3,2
528,289,3,2
528,290,3,2
528,291,3,2
528,292,3,2
528,293,3,2
528,294,3,2
528,295,3,2
528,296,3,2
528,297,3,2
528,298,3,2
528,299,3,2
528,300,3,2
528,301,3,2
528,302,3,2
528,303,3,2
528,304,3,2
528,305,3,2
528,306,3,2
528,307,3,2
528,308,3,2
528,309,3,2
528,310,3,2
528,311,3,2
528,312,3,2
528,313,3,2
528,314,3,2
528,315,3,2
528,316,3,2
528,317,3,2
528,318,3,2
528,319,3,2
528,320,3,2
528,321,3,2
528,322,3,2
528,323,3,2
528,324,3,2
528,325,3,2
528,326,3,2
528,327,3,2
528,328,3,2
528,329,3,2
528,330,3,2
528,331,3,2
528,332,3,2
528,333,3,2
528,334,3,2
528,335,3,2
528,336,3,2
528,337,3,2
528,338,3,2
528,339,3,2
528,340,3,2
528,341,3,2
528,342,3,2
528,343,3,2
528,344,3,2
528,345,3,2
528,346,3,2
528,347,3,2
528,348,3,2
528,349,3,2
528,350,3,2
528,351,3,2
528,352,3,2
528,353,3,2
528,354,3,2
528,355,3,2
528,356,3,2
528,357,3,2
528,358,3,2
528,359,3,2
528,360,3,2
528,361,3,2
528,362,3,2
528,363,3,2
528,364,3,2
528,365,3,2
528,366,3,2
528,367,3,2
528,368,3,2
528,369,3,2
528,370,3,2
528,371,3,2
528,372,3,2
528,373,3,2
528,374,3,2
528,375,3,2
528,376,3,2
528,377,3,2
528,378,3,2
528,379,3,2
528,380,3,2
528,381,3,2
528,382,3,2
528,383,3,2
528,384,3,2
528,385,3,2
528,386,3,2
528,387,3,2
528,388,3,2
528,389,3,2
528,390,3,2
528,391,3,2
528,392,3,2
528,393,3,2
528,394,3,2
528,395,3,2
528,396,3,2
528,397,3,2
528,398,3,2
528,399,3,2
528,400,3,2
528,401,3,2
528,402,3,2
528,403,3,2
528,404,3,2
528,405,3,2
528,406,3,2
528,407,3,2
528,408,3,2
528,409,3,2
528,410,3,2
528,411,3,2
528,412,3,2
528,413,3,2
528,414,3,2
528,415,3,2
528,416,3,2
528,417,3,2
528,418,3,2
528,419,3,2
528,420,3,2
528,421,3,2
528,422,3,2
528,423,3,2
528,424,3,2
528,425,3,2
528,426,3,2
528,427,3,2
528,428,3,2
528,429,3,2
528,430,3,2
528,431,3,2
528,432,3,2
528,433,3,2
528,434,3,2
528,435,3,2
528,436,3,2
528,437,3,2
528,438,3,2
528,439,3,2
528,440,3,2
528,441,3,2
528,442,3,2
528,443,3,2
528,444,3,2
528,445,3,2
528,446,3,2
528,447,3,2
528,448,3,2
528,449,3,3
528,450,3,3
528,451,3,3
528,452,3,3
528,453,3,3
528,454,3,3
528,455,3,3
528,456,3,3
528,457,3,3
528,458,3,3
528,459,3,3
528,460,3,3
528,461,3,3
528,462,3,3
528,463,3,3
528,464,3,3
528,465,3,3
528,466,3,3
528,467,3,3
528,468,3,3
528,469,3,3
528,470,3,3
528,471,3,3
528,472,3,3
528,473,3,3
528,474,3,3
528,475,3,3
528,476,3,3
528,477,3,3
528,478,3,3
528,479,3,3
528,480,3,3
528,481,3,3
528,482,3,3
528,483,3,3
528,484,3,3
528,485,3,3
528,486,3,3
528,487,3,3
528,488,3,3
528,489,3,3
528,490,3,3
528,491,3,3
528,492,3,3
528,493,3,3
528,494,3,2
528,495,3,2
528,496,3,2
528,497,3,2
528,498,3,2
528,499,3,2
528,500,3,2
528,501,3,2
528,502,3,2
528,503,3,2
528,504,3,2
528,505,3,2
528,506,3,2
528,507,3,2
528,508,3,2
528,509,3,2
528,510,3,2
528,511,3,2
528,512,3,2
528,513,3,2
528,514,3,2
528,515,3,2
528,516,3,2
528,517,3,2
528,518,3,2
528,519,3,2
528,520,3,2
528,521,3,2
528,522,3,2
528,523,3,2
528,524,3,2
528,525,3,2
528,526,3,2
528,527,3,2
528,528,3,2
528,529,3,2
528,530,3,2
528,531,3,2
528,532,3,2
528,533,3,2
528,534,3,2
528,535,3,2
528,536,3,2
528,537,3,2
528,538,3,2
528,539,3,2
528,540,3,2
528,541,3,2
528,542,3,2
528,543,3,2
528,544,3,2
528,545,3,2
528,546,3,2
528,547,3,2
528,548,3,2
528,549,3,2
528,550,3,2
528,551,3,2
528,552,3,2
528,553,3,2
528,554,3,2
528,555,3,2
528,556,3,2
528,557,3,2
528,558,3,2
528,559,3,2
528,560,3,2
528,561,3,2
528,562,3,2
528,563,3,2
528,564,3,2
528,565,3,2
528,566,3,2
528,567,3,2
528,568,3,2
528,569,3,2
528,570,3,2
528,571,3,2
528,572,3,2
528,573,3,2
528,574,3,2
528,575,3,2
528,576,3,2
528,577,3,2
528,578,3,2
528,579,3,2
528,580,3,2
528,581,3,2
528,582,3,2
528,583,3,2
528,584,3,2
528,585,3,2
528,586,3,2
528,587,3,2
528,588,3,2
528,589,3,2
528,590,3,2
528,591,3,2
528,592,3,2
528,593,3,2
528,594,3,2
528,595,3,2
528,596,3,2
528,597,3,2
528,598,3,2
528,599,3,2
528,600,3,2
528,601,3,2
528,602,3,2
528,603,3,2
528,604,3,2
528,605,3,2
528,606,3,2
528,607,3,2
528,608,3,2
528,609,3,2
528,610,3,2
528,611,3,2
528,612,3,2
528,613,3,2
528,614,3,2
528,615,3,2
528,616,3,2
528,617,3,2
528,618,3,2
528,619,3,2
528,620,3,2
528,621,3,2
528,622,3,2
528,623,3,2
528,624,3,2
528,625,3,2
528,626,3,2
528,627,3,2
528,628,3,2
528,629,3,2
528,630,3,2
528,631,3,2
528,632,3,2
528,633,3,2
528,634,3,2
528,635,3,2
528,636,3,2
528,637,3,2
528,638,3,2
528,639,3,2
528,640,3,2
528,641,3,2
528,642,3,2
528,643,3,2
528,644,3,2
528,645,3,2
528,646,3,2
528,647,3,2
528,648,3,2
528,649,3,2
528,650,3,2
528,651,3,2
528,652,3,2
528,653,3,2
528,654,3,2
528,655,3,2
528,656,3,2
528,657,3,2
529,82,3,2
529,83,3,2
529,84,3,2
529,85,3,2
529,86,3,2
529,87,3,2
529,88,3,2
529,89,3,2
529,90,3,2
529,91,3,2
529,92,3,2
529,93,3,2
529,94,3,2
529,95,3,2
529,96,3,2
529,97,3,2
529,98,3,2
529,99,3,2
529,100,3,2
529,101,3,2
529,102,3,2
529,103,3,2
529,104,3,2
529,105,3,2
529,106,3,2
529,107,3,2
529,108,3,2
529,109,3,2
529,110,3,2
529,111,3,2
529,112,3,2
529,113,3,2
529,114,3,2
529,115,3,2
529,116,3,2
529,117,3,2
529,118,3,2
529,119,3,2
529,120,3,2
529,121,3,2
529,122,3,2
529,123,3,2
529,124,3,2
529,125,3,2
529,126,3,2
529,127,3,2
529,128,3,2
529,129,3,2
529,130,3,2
529,131,3,2
529,132,3,2
529,133,3,2
529,134,3,2
529,135,3,2
529,136,3,2
529,137,3,2
529,138,3,2
529,139,3,2
529,140,3,2
529,141,3,2
529,142,3,2
529,143,3,2
529,144,3,2
529,145,3,2
529,146,3,2
529,147,3,2
529,148,3,2
529,149,3,2
529,150,3,2
529,151,3,2
529,152,3,2
529,153,3,2
529,154,3,2
529,155,3,2
529,156,3,2
529,157,3,2
529,158,3,2
529,159,3,2
529,160,3,2
529,161,3,2
529,162,3,2
529,163,3,2
529,164,3,2
529,165,3,2
529,166,3,2
529,167,3,2
529,168,3,2
529,169,3,2
529,170,3,2
529,171,3,2
529,172,3,2
529,173,3,2
529,174,3,2
529,175,3,2
529,176,3,2
529,177,3,2
529,178,3,2
529,179,3,2
529,180,3,2
529,181,3,2
529,182,3,2
529,183,3,2
529,184,3,2
529,185,3,2
529,186,3,2
529,187,3,2
529,188,3,2
529,189,3,2
529,190,3,2
529,191,3,2
529,192,3,2
529,193,3,2
529,194,3,2
529,195,3,2
529,196,3,2
529,197,3,2
529,198,3,2
529,199,3,2
529,200,3,2
529,201,3,2
529,202,3,2
529,203,3,2
529,204,3,2
529,205,3,2
529,206,3,2
529,207,3,2
529,208,3,2
529,209,3,2
529,210,3,2
529,211,3,2
529,212,3,2
529,213,3,2
529,214,3,2
529,215,3,2
529,216,3,2
529,217,3,2
529,218,3,2
529,219,3,2
529,220,3,2
529,221,3,2
529,222,3,2
529,223,3,2
529,224,3,2
529,225,3,2
529,226,3,2
529,227,3,2
529,228,3,2
529,229,3,2
529,230,3,2
529,231,3,2
529,232,3,2
529,233,3,2
529,234,3,2
529,235,3,2
529,236,3,2
529,237,3,2
529,238,3,2
529,239,3,2
529,240,3,2
529,241,3,2
529,242,3,2
529,243,3,2
529,244,3,2
529,245,3,2
529,246,3,2
529,247,3,2
529,248,3,2
529,249,3,2
529,250,3,2
529,251,3,2
529,252,3,2
529,253,3,2
529,254,3,2
529,255,3,2
529,256,3,2
529,257,3,2
529,258,3,2
529,259,3,2
529,260,3,2
529,261,3,2
529,262,3,2
529,263,3,2
529,264,3,2
529,265,3,2
529,266,3,2
529,267,3,2
529,268,3,2
529,269,3,2
529,270,3,2
529,271,3,2
529,272,3,2
529,273,3,2
529,274,3,2
529,275,3,2
529,276,3,2
529,277,3,2
529,278,3,2
529,279,3,2
529,280,3,2
529,281,3,2
529,282,3,2
529,283,3,2
529,284,3,2
529,285,3,2
529,286,3,2
529,287,3,2
529,288,3,2
529,289,3,2
529,290,3,2
529,291,3,2
529,292,3,2
529,293,3,2
529,294,3,2
529,295,3,2
529,296,3,2
529,297,3,2
529,298,3,2
529,299,3,2
529,300,3,2
529,301,3,2
529,302,3,2
529,303,3,2
529,304,3,2
529,305,3,2
529,306,3,2
529,307,3,2
529,308,3,2
529,309,3,2
529,310,3,2
529,311,3,2
529,312,3,2
529,313,3,2
529,314,3,2
529,315,3,2
529,316,3,2
529,317,3,2
529,318,3,2
529,319,3,2
529,320,3,2
529,321,3,2
529,322,3,2
529,323,3,2
529,324,3,2
529,325,3,2
529,326,3,2
529,327,3,2
529,328,3,2
529,329,3,2
529,330,3,2
529,331,3,2
529,332,3,2
529,333,3,2
529,334,3,2
529,335,3,2
529,336,3,2
529,337,3,2
529,338,3,2
529,339,3,2
529,340,3,2
529,341,3,2
529,342,3,2
529,343,3,2
529,344,3,2
529,345,3,2
529,346,3,2
529,347,3,2
529,348,3,2
529,349,3,2
529,350,3,2
529,351,3,2
529,352,3,2
529,353,3,2
529,354,3,2
529,355,3,2
529,356,3,2
529,357,3,2
529,358,3,2
529,359,3,2
529,360,3,2
529,361,3,2
529,362,3,2
529,363,3,2
529,364,3,2
529,365,3,2
529,366,3,2
529,367,3,2
529,368,3,2
529,369,3,2
529,370,3,2
529,371,3,2
529,372,3,2
529,373,3,2
529,374,3,2
529,375,3,2
529,376,3,2
529,377,3,2
529,378,3,2
529,379,3,2
529,380,3,2
529,381,3,2
529,382,3,2
529,383,3,2
529,384,3,2
529,385,3,2
529,386,3,2
529,387,3,2
529,388,3,2
529,389,3,2
529,390,3,2
529,391,3,2
529,392,3,2
529,393,3,2
529,394,3,2
529,395,3,2
529,396,3,2
529,397,3,2
529,398,3,2
529,399,3,2
529,400,3,2
529,401,3,2
529,402,3,2
529,403,3,2
529,404,3,2
529,405,3,2
529,406,3,2
529,407,3,2
529,408,3,2
529,409,3,2
529,410,3,2
529,411,3,2
529,412,3,2
529,413,3,2
529,414,3,2
529,415,3,2
529,416,3,2
529,417,3,2
529,418,3,2
529,419,3,2
529,420,3,2
529,421,3,2
529,422,3,2
529,423,3,2
529,424,3,2
529,425,3,2
529,426,3,2
529,427,3,2
529,428,3,2
529,429,3,2
529,430,3,2
529,431,3,2
529,432,3,2
529,433,3,2
529,434,3,2
529,435,3,2
529,436,3,2
529,437,3,2
529,438,3,2
529,439,3,2
529,440,3,2
529,441,3,2
529,442,3,2
529,443,3,2
529,444,3,2
529,445,3,2
529,446,3,3
529,447,3,3
529,448,3,3
529,449,3,3
529,450,3,3
529,451,3,3
529,452,3,3
529,453,3,3
529,454,3,3
529,455,3,3
529,456,3,3
529,457,3,3
529,458,3,3
529,459,3,3
529,460,3,3
529,461,3,3
529,462,3,3
529,463,3,3
529,464,3,3
529,465,3,3
529,466,3,3
529,467,3,3
529,468,3,3
529,469,3,3
529,470,3,3
529,471,3,3
529,472,3,3
529,473,3,3
529,474,3,3
529,475,3,3
529,476,3,3
529,477,3,3
529,478,3,3
529,479,3,3
529,480,3,3
529,481,3,3
529,482,3,3
529,483,3,3
529,484,3,3
529,485,3,3
529,486,3,3
529,487,3,3
529,488,3,3
529,489,3,3
529,490,3,3
529,491,3,3
529,492,3,2
529,493,3,2
529,494,3,2
529,495,3,2
529,496,3,2
529,497,3,2
529,498,3,2
529,499,3,2
529,500,3,2
529,501,3,2
529,502,3,2
529,503,3,2
529,504,3,2
529,505,3,2
529,506,3,2
529,507,3,2
529,508,3,2
529,509,3,2
529,510,3,2
529,511,3,2
529,512,3,2
529,513,3,2
529,514,3,2
529,515,3,2
529,516,3,2
529,517,3,2
529,518,3,2
529,519,3,2
529,520,3,2
529,521,3,2
529,522,3,2
529,523,3,2
529,524,3,2
529,525,3,2
529,526,3,2
529,527,3,2
529,528,3,2
529,529,3,2
529,530,3,2
529,531,3,2
529,532,3,2
529,533,3,2
529,534,3,2
529,535,3,2
529,536,3,2
529,537,3,2
529,538,3,2
529,539,3,2
529,540,3,2
529,541,3,2
529,542,3,2
529,543,3,2
529,544,3,2
529,545,3,2
529,546,3,2
529,547,3,2
529,548,3,2
529,549,3,2
529,550,3,2
529,551,3,2
529,552,3,2
529,553,3,2
529,554,3,2
529,555,3,2
529,556,3,2
529,557,3,2
529,558,3,2
529,559,3,2
529,560,3,2
529,561,3,2
529,562,3,2
529,563,3,2
529,564,3,2
529,565,3,2
529,566,3,2
529,567,3,2
529,568,3,2
529,569,3,2
529,570,3,2
529,571,3,2
529,572,3,2
529,573,3,2
529,574,3,2
529,575,3,2
529,576,3,2
529,577,3,2
529,578,3,2
529,579,3,2
529,580,3,2
529,581,3,2
529,582,3,2
529,583,3,2
529,584,3,2
529,585,3,2
529,586,3,2
529,587,3,2
529,588,3,2
529,589,3,2
529,590,3,2
529,591,3,2
529,592,3,2
529,593,3,2
529,594,3,2
529,595,3,2
529,596,3,2
529,597,3,2
529,598,3,2
529,599,3,2
529,600,3,2
529,601,3,2
529,602,3,2
529,603,3,2
529,604,3,2
529,605,3,2
529,606,3,2
529,607,3,2
529,608,3,2
529,609,3,2
529,610,3,2
529,611,3,2
529,612,3,2
529,613,3,2
529,614,3,2
529,615,3,2
529,616,3,2
529,617,3,2
529,618,3,2
529,619,3,2
529,620,3,2
529,621,3,2
529,622,3,2
529,623,3,2
529,624,3,2
529,625,3,2
529,626,3,2
529,627,3,2
529,628,3,2
529,629,3,2
529,630,3,2
529,631,3,2
529,632,3,2
529,633,3,2
529,634,3,2
529,635,3,2
529,636,3,2
529,637,3,2
529,638,3,2
529,639,3,2
529,640,3,2
529,641,3,2
529,642,3,2
529,643,3,2
529,644,3,2
529,645,3,2
529,646,3,2
529,647,3,2
529,648,3,2
529,649,3,2
529,650,3,2
529,651,3,2
529,652,3,2
529,653,3,2
529,654,3,2
529,655,3,2
529,656,3,2
529,657,3,2
530,82,3,2
530,83,3,2
530,84,3,2
530,85,3,2
530,86,3,2
530,87,3,2
530,88,3,2
530,89,3,2
530,90,3,2
530,91,3,2
530,92,3,2
530,93,3,2
530,94,3,2
530,95,3,2
530,96,3,2
530,97,3,2
530,98,3,2
530,99,3,2
530,100,3,2
530,101,3,2
530,102,3,2
530,103,3,2
530,104,3,2
530,105,3,2
530,106,3,2
530,107,3,2
530,108,3,2
530,109,3,2
530,110,3,2
530,111,3,2
530,112,3,2
530,113,3,2
530,114,3,2
530,115,3,2
530,116,3,2
530,117,3,2
530,118,3,2
530,119,3,2
530,120,3,2
530,121,3,2
530,122,3,2
530,123,3,2
530,124,3,2
530,125,3,2
530,126,3,2
530,127,3,2
530,128,3,2
530,129,3,2
530,130,3,2
530,131,3,2
530,132,3,2
530,133,3,2
530,134,3,2
530,135,3,2
530,136,3,2
530,137,3,2
530,138,3,2
530,139,3,2
530,140,3,2
530,141,3,2
530,142,3,2
530,143,3,2
530,144,3,2
530,145,3,2
530,146,3,2
530,147,3,2
530,148,3,2
530,149,3,2
530,150,3,2
530,151,3,2
530,152,3,2
530,153,3,2
530,154,3,2
530,155,3,2
530,156,3,2
530,157,3,2
530,158,3,2
530,159,3,2
530,160,3,2
530,161,3,2
530,162,3,2
530,163,3,2
530,164,3,2
530,165,3,2
530,166,3,2
530,167,3,2
530,168,3,2
530,169,3,2
530,170,3,2
530,171,3,2
530,172,3,2
530,173,3,2
530,174,3,2
530,175,3,2
530,176,3,2
530,177,3,2
530,178,3,2
530,179,3,2
530,180,3,2
530,181,3,2
530,182,3,2
530,183,3,2
530,184,3,2
530,185,3,2
530,186,3,2
530,187,3,2
530,188,3,2
530,189,3,2
530,190,3,2
530,191,3,2
530,192,3,2
530,193,3,2
530,194,3,2
530,195,3,2
530,196,3,2
530,197,3,2
530,198,3,2
530,199,3,2
530,200,3,2
530,201,3,2
530,202,3,2
530,203,3,2
530,204,3,2
530,205,3,2
530,206,3,2
530,207,3,2
530,208,3,2
530,209,3,2
530,210,3,2
530,211,3,2
530,212,3,2
530,213,3,2
530,214,3,2
530,215,3,2
530,216,3,2
530,217,3,2
530,218,3,2
530,219,3,2
530,220,3,2
530,221,3,2
530,222,3,2
530,223,3,2
530,224,3,2
530,225,3,2
530,226,3,2
530,227,3,2
530,228,3,2
530,229,3,2
530,230,3,2
530,231,3,2
530,232,3,2
530,233,3,2
530,234,3,2
530,235,3,2
530,236,3,2
530,237,3,2
530,238,3,2
530,239,3,2
530,240,3,2
530,241,3,2
530,242,3,2
530,243,3,2
530,244,3,2
530,245,3,2
530,246,3,2
530,247,3,2
530,248,3,2
530,249,3,2
530,250,3,2
530,251,3,2
530,252,3,2
530,253,3,2
530,254,3,2
530,255,3,2
530,256,3,2
530,257,3,2
530,258,3,2
530,259,3,2
530,260,3,2
530,261,3,2
530,262,3,2
530,263,3,2
530,264,3,2
530,265,3,2
530,266,3,2
530,267,3,2
530,268,3,2
530,269,3,2
530,270,3,2
530,271,3,2
530,272,3,2
530,273,3,2
530,274,3,2
530,275,3,2
530,276,3,2
530,277,3,2
530,278,3,2
530,279,3,2
530,280,3,2
530,281,3,2
530,282,3,2
530,283,3,2
530,284,3,2
530,285,3,2
530,286,3,2
530,287,3,2
530,288,3,2
530,289,3,2
530,290,3,2
530,291,3,2
530,292,3,2
530,293,3,2
530,294,3,2
530,295,3,2
530,296,3,2
530,297,3,2
530,298,3,2
530,299,3,2
530,300,3,2
530,301,3,2
530,302,3,2
530,303,3,2
530,304,3,2
530,305,3,2
530,306,3,2
530,307,3,2
530,308,3,2
530,309,3,2
530,310,3,2
530,311,3,2
530,312,3,2
530,313,3,2
530,314,3,2
530,315,3,2
530,316,3,2
530,317,3,2
530,318,3,2
530,319,3,2
530,320,3,2
530,321,3,2
530,322,3,2
530,323,3,2
530,324,3,2
530,325,3,2
530,326,3,2
530,327,3,2
530,328,3,2
530,329,3,2
530,330,3,2
530,331,3,2
530,332,3,2
530,333,3,2
530,334,3,2
530,335,3,2
530,336,3,2
530,337,3,2
530,338,3,2
530,339,3,2
530,340,3,2
530,341,3,2
530,342,3,2
530,343,3,2
530,344,3,2
530,345,3,2
530,346,3,2
530,347,3,2
530,348,3,2
530,349,3,2
530,350,3,2
530,351,3,2
530,352,3,2
530,353,3,2
530,354,3,2
530,355,3,2
530,356,3,2
530,357,3,2
530,358,3,2
530,359,3,2
530,360,3,2
530,361,3,2
530,362,3,2
530,363,3,2
530,364,3,2
530,365,3,2
530,366,3,2
530,367,3,2
530,368,3,2
530,369,3,2
530,370,3,2
530,371,3,2
530,372,3,2
530,373,3,2
530,374,3,2
530,375,3,2
530,376,3,2
530,377,3,2
530,378,3,2
530,379,3,2
530,380,3,2
530,381,3,2
530,382,3,2
530,383,3,2
530,384,3,2
530,385,3,2
530,386,3,2
530,387,3,2
530,388,3,2
530,389,3,2
530,390,3,2
530,391,3,2
530,392,3,2
530,393,3,2
530,394,3,2
530,395,3,2
530,396,3,2
530,397,3,2
530,398,3,2
530,399,3,2
530,400,3,2
530,401,3,2
530,402,3,2
530,403,3,2
530,404,3,2
530,405,3,2
530,406,3,2
530,407,3,2
530,408,3,2
530,409,3,2
530,410,3,2
530,411,3,2
530,412,3,2
530,413,3,2
530,414,3,2
530,415,3,2
530,416,3,2
530,417,3,2
530,418,3,2
530,419,3,2
530,420,3,2
530,421,3,2
530,422,3,2
530,423,3,2
530,424,3,2
530,425,3,2
530,426,3,2
530,427,3,2
530,428,3,2
530,429,3,2
530,430,3,2
530,431,3,2
530,432,3,2
530,433,3,2
530,434,3,2
530,435,3,2
530,436,3,2
530,437,3,2
530,438,3,2
530,439,3,2
530,440,3,2
530,441,3,2
530,442,3,2
530,443,3,2
530,444,3,2
530,445,3,3
530,446,3,3
530,447,3,3
530,448,3,3
530,449,3,3
530,450,3,3
530,451,3,3
530,452,3,3
530,453,3,3
530,454,3,3
530,455,3,3
530,456,3,3
530,457,3,3
530,458,3,3
530,459,3,3
530,460,3,3
530,461,3,3
530,462,3,3
530,463,3,3
530,464,3,3
530,465,3,3
530,466,3,3
530,467,3,3
530,468,3,3
530,469,3,3
530,470,3,3
530,471,3,3
530,472,3,3
530,473,3,3
530,474,3,3
530,475,3,3
530,476,3,3
530,477,3,3
530,478,3,3
530,479,3,3
530,480,3,3
530,481,3,3
530,482,3,3
530,483,3,3
530,484,3,3
530,485,3,3
530,486,3,3
530,487,3,3
530,488,3,3
530,489,3,3
530,490,3,3
530,491,3,2
530,492,3,2
530,493,3,2
530,494,3,2
530,495,3,2
530,496,3,2
530,497,3,2
530,498,3,2
530,499,3,2
530,500,3,2
530,501,3,2
530,502,3,2
530,503,3,2
530,504,3,2
530,505,3,2
530,506,3,2
530,507,3,2
530,508,3,2
530,509,3,2
530,510,3,2
530,511,3,2
530,512,3,2
530,513,3,2
530,514,3,2
530,515,3,2
530,516,3,2
530,517,3,2
530,518,3,2
530,519,3,2
530,520,3,2
530,521,3,2
530,522,3,2
530,523,3,2
530,524,3,2
530,525,3,2
530,526,3,2
530,527,3,2
530,528,3,2
530,529,3,2
530,530,3,2
530,531,3,2
530,532,3,2
530,533,3,2
530,534,3,2
530,535,3,2
530,536,3,2
530,537,3,2
530,538,3,2
530,539,3,2
530,540,3,2
530,541,3,2
530,542,3,2
530,543,3,2
530,544,3,2
530,545,3,2
530,546,3,2
530,547,3,2
530,548,3,2
530,549,3,2
530,550,3,2
530,551,3,2
530,552,3,2
530,553,3,2
530,554,3,2
530,555,3,2
530,556,3,2
530,557,3,2
530,558,3,2
530,559,3,2
530,560,3,2
530,561,3,2
530,562,3,2
530,563,3,2
530,564,3,2
530,565,3,2
530,566,3,2
530,567,3,2
530,568,3,2
530,569,3,2
530,570,3,2
530,571,3,2
530,572,3,2
530,573,3,2
530,574,3,2
530,575,3,2
530,576,3,2
530,577,3,2
530,578,3,2
530,579,3,2
530,580,3,2
530,581,3,2
530,582,3,2
530,583,3,2
530,584,3,2
530,585,3,2
530,586,3,2
530,587,3,2
530,588,3,2
530,589,3,2
530,590,3,2
530,591,3,2
530,592,3,2
530,593,3,2
530,594,3,2
530,595,3,2
530,596,3,2
530,597,3,2
530,598,3,2
530,599,3,2
530,600,3,2
530,601,3,2
530,602,3,2
530,603,3,2
530,604,3,2
530,605,3,2
530,606,3,2
530,607,3,2
530,608,3,2
530,609,3,2
530,610,3,2
530,611,3,2
530,612,3,2
530,613,3,2
530,614,3,2
530,615,3,2
530,616,3,2
530,617,3,2
530,618,3,2
530,619,3,2
530,620,3,2
530,621,3,2
530,622,3,2
530,623,3,2
530,624,3,2
530,625,3,2
530,626,3,2
530,627,3,2
530,628,3,2
530,629,3,2
530,630,3,2
530,631,3,2
530,632,3,2
530,633,3,2
530,634,3,2
530,635,3,2
530,636,3,2
530,637,3,2
530,638,3,2
530,639,3,2
530,640,3,2
530,641,3,2
530,642,3,2
530,643,3,2
530,644,3,2
530,645,3,2
530,646,3,2
530,647,3,2
530,648,3,2
530,649,3,2
530,650,3,2
530,651,3,2
530,652,3,2
530,653,3,2
530,654,3,2
530,655,3,2
530,656,3,2
530,657,3,2
531,82,3,2
531,83,3,2
531,84,3,2
531,85,3,2
531,86,3,2
531,87,3,2
531,88,3,2
531,89,3,2
531,90,3,2
531,91,3,2
531,92,3,2
531,93,3,2
531,94,3,2
531,95,3,2
531,96,3,2
531,97,3,2
531,98,3,2
531,99,3,2
531,100,3,2
531,101,3,2
531,102,3,2
531,103,3,2
531,104,3,2
531,105,3,2
531,106,3,2
531,107,3,2
531,108,3,2
531,109,3,2
531,110,3,2
531,111,3,2
531,112,3,2
531,113,3,2
531,114,3,2
531,115,3,2
531,116,3,2
531,117,3,2
531,118,3,2
531,119,3,2
531,120,3,2
531,121,3,2
531,122,3,2
531,123,3,2
531,124,3,2
531,125,3,2
531,126,3,2
531,127,3,2
531,128,3,2
531,129,3,2
531,130,3,2
531,131,3,2
531,132,3,2
531,133,3,2
531,134,3,2
531,135,3,2
531,136,3,2
531,137,3,2
531,138,3,2
531,139,3,2
531,140,3,2
531,141,3,2
531,142,3,2
531,143,3,2
531,144,3,2
531,145,3,2
531,146,3,2
531,147,3,2
531,148,3,2
531,149,3,2
531,150,3,2
531,151,3,2
531,152,3,2
531,153,3,2
531,154,3,2
531,155,3,2
531,156,3,2
531,157,3,2
531,158,3,2
531,159,3,2
531,160,3,2
531,161,3,2
531,162,3,2
531,163,3,2
531,164,3,2
531,165,3,2
531,166,3,2
531,167,3,2
531,168,3,2
531,169,3,2
531,170,3,2
531,171,3,2
531,172,3,2
531,173,3,2
531,174,3,2
531,175,3,2
531,176,3,2
531,177,3,2
531,178,3,2
531,179,3,2
531,180,3,2
531,181,3,2
531,182,3,2
531,183,3,2
531,184,3,2
531,185,3,2
531,186,3,2
531,187,3,2
531,188,3,2
531,189,3,2
531,190,3,2
531,191,3,2
531,192,3,2
531,193,3,2
531,194,3,2
531,195,3,2
531,196,3,2
531,197,3,2
531,198,3,2
531,199,3,2
531,200,3,2
531,201,3,2
531,202,3,2
531,203,3,2
531,204,3,2
531,205,3,2
531,206,3,2
531,207,3,2
531,208,3,2
531,209,3,2
531,210,3,2
531,211,3,2
531,212,3,2
531,213,3,2
531,214,3,2
531,215,3,2
531,216,3,2
531,217,3,2
531,218,3,2
531,219,3,2
531,220,3,2
531,221,3,2
531,222,3,2
531,223,3,2
531,224,3,2
531,225,3,2
531,226,3,2
531,227,3,2
531,228,3,2
531,229,3,2
531,230,3,2
531,231,3,2
531,232,3,2
531,233,3,2
531,234,3,2
531,235,3,2
531,236,3,2
531,237,3,2
531,238,3,2
531,239,3,2
531,240,3,2
531,241,3,2
531,242,3,2
531,243,3,2
531,244,3,2
531,245,3,2
531,246,3,2
531,247,3,2
531,248,3,2
531,249,3,2
531,250,3,2
531,251,3,2
531,252,3,2
531,253,3,2
531,254,3,2
531,255,3,2
531,256,3,2
531,257,3,2
531,258,3,2
531,259,3,2
531,260,3,2
531,261,3,2
531,262,3,2
531,263,3,2
531,264,3,2
531,265,3,2
531,266,3,2
531,267,3,2
531,268,3,2
531,269,3,2
531,270,3,2
531,271,3,2
531,272,3,2
531,273,3,2
531,274,3,2
531,275,3,2
531,276,3,2
531,277,3,2
531,278,3,2
531,279,3,2
531,280,3,2
531,281,3,2
531,282,3,2
531,283,3,2
531,284,3,2
531,285,3,2
531,286,3,2
531,287,3,2
531,288,3,2
531,289,3,2
531,290,3,2
531,291,3,2
531,292,3,2
531,293,3,2
531,294,3,2
531,295,3,2
531,296,3,2
531,297,3,2
531,298,3,2
531,299,3,2
531,300,3,2
531,301,3,2
531,302,3,2
531,303,3,2
531,304,3,2
531,305,3,2
531,306,3,2
531,307,3,2
531,308,3,2
531,309,3,2
531,310,3,2
531,311,3,2
531,312,3,2
531,313,3,2
531,314,3,2
531,315,3,2
531,316,3,2
531,317,3,2
531,318,3,2
531,319,3,2
531,320,3,2
531,321,3,2
531,322,3,2
531,323,3,2
531,324,3,2
531,325,3,2
531,326,3,2
531,327,3,2
531,328,3,2
531,329,3,2
531,330,3,2
531,331,3,2
531,332,3,2
531,333,3,2
531,334,3,2
531,335,3,2
531,336,3,2
531,337,3,2
531,338,3,2
531,339,3,2
531,340,3,2
531,341,3,2
531,342,3,2
531,343,3,2
531,344,3,2
531,345,3,2
531,346,3,2
531,347,3,2
531,348,3,2
531,349,3,2
531,350,3,2
531,351,3,2
531,352,3,2
531,353,3,2
531,354,3,2
531,355,3,2
531,356,3,2
531,357,3,2
531,358,3,2
531,359,3,2
531,360,3,2
531,361,3,2
531,362,3,2
531,363,3,2
531,364,3,2
531,365,3,2
531,366,3,2
531,367,3,2
531,368,3,2
531,369,3,2
531,370,3,2
531,371,3,2
531,372,3,2
531,373,3,2
531,374,3,2
531,375,3,2
531,376,3,2
531,377,3,2
531,378,3,2
531,379,3,2
531,380,3,2
531,381,3,2
531,382,3,2
531,383,3,2
531,384,3,2
531,385,3,2
531,386,3,2
531,387,3,2
531,388,3,2
531,389,3,2
531,390,3,2
531,391,3,2
531,392,3,2
531,393,3,2
531,394,3,2
531,395,3,2
531,396,3,2
531,397,3,2
531,398,3,2
531,399,3,2
531,400,3,2
531,401,3,2
531,402,3,2
531,403,3,2
531,404,3,2
531,405,3,2
531,406,3,2
531,407,3,2
531,408,3,2
531,409,3,2
531,410,3,2
531,411,3,2
531,412,3,2
531,413,3,2
531,414,3,2
531,415,3,2
531,416,3,2
531,417,3,2
531,418,3,2
531,419,3,2
531,420,3,2
531,421,3,2
531,422,3,2
531,423,3,2
531,424,3,2
531,425,3,2
531,426,3,2
531,427,3,2
531,428,3,2
531,429,3,2
531,430,3,2
531,431,3,2
531,432,3,2
531,433,3,2
531,434,3,2
531,435,3,2
531,436,3,2
531,437,3,2
531,438,3,2
531,439,3,2
531,440,3,2
531,441,3,2
531,442,3,2
531,443,3,2
531,444,3,2
531,445,3,3
531,446,3,3
531,447,3,3
531,448,3,3
531,449,3,3
531,450,3,3
531,451,3,3
531,452,3,3
531,453,3,3
531,454,3,3
531,455,3,3
531,456,3,3
531,457,3,3
531,458,3,3
531,459,3,3
531,460,3,3
531,461,3,3
531,462,3,3
531,463,3,3
531,464,3,3
531,465,3,3
531,466,3,3
531,467,3,3
531,468,3,3
531,469,3,3
531,470,3,3
531,471,3,3
531,472,3,3
531,473,3,3
531,474,3,3
531,475,3,3
531,476,3,3
531,477,3,3
531,478,3,3
531,479,3,3
531,480,3,3
531,481,3,3
531,482,3,3
531,483,3,3
531,484,3,3
531,485,3,3
531,486,3,3
531,487,3,3
531,488,3,3
531,489,3,3
531,490,3,3
531,491,3,2
531,492,3,2
531,493,3,2
531,494,3,2
531,495,3,2
531,496,3,2
531,497,3,2
531,498,3,2
531,499,3,2
531,500,3,2
531,501,3,2
531,502,3,2
531,503,3,2
531,504,3,2
531,505,3,2
531,506,3,2
531,507,3,2
531,508,3,2
531,509,3,2
531,510,3,2
531,511,3,2
531,512,3,2
531,513,3,2
531,514,3,2
531,515,3,2
531,516,3,2
531,517,3,2
531,518,3,2
531,519,3,2
531,520,3,2
531,521,3,2
531,522,3,2
531,523,3,2
531,524,3,2
531,525,3,2
531,526,3,2
531,527,3,2
531,528,3,2
531,529,3,2
531,530,3,2
531,531,3,2
531,532,3,2
531,533,3,2
531,534,3,2
531,535,3,2
531,536,3,2
531,537,3,2
531,538,3,2
531,539,3,2
531,540,3,2
531,541,3,2
531,542,3,2
531,543,3,2
531,544,3,2
531,545,3,2
531,546,3,2
531,547,3,2
531,548,3,2
531,549,3,2
531,550,3,2
531,551,3,2
531,552,3,2
531,553,3,2
531,554,3,2
531,555,3,2
531,556,3,2
531,557,3,2
531,558,3,2
531,559,3,2
531,560,3,2
531,561,3,2
531,562,3,2
531,563,3,2
531,564,3,2
531,565,3,2
531,566,3,2
531,567,3,2
531,568,3,2
531,569,3,2
531,570,3,2
531,571,3,2
531,572,3,2
531,573,3,2
531,574,3,2
531,575,3,2
531,576,3,2
531,577,3,2
531,578,3,2
531,579,3,2
531,580,3,2
531,581,3,2
531,582,3,2
531,583,3,2
531,584,3,2
531,585,3,2
531,586,3,2
531,587,3,2
531,588,3,2
531,589,3,2
531,590,3,2
531,591,3,2
531,592,3,2
531,593,3,2
531,594,3,2
531,595,3,2
531,596,3,2
531,597,3,2
531,598,3,2
531,599,3,2
531,600,3,2
531,601,3,2
531,602,3,2
531,603,3,2
531,604,3,2
531,605,3,2
531,606,3,2
531,607,3,2
531,608,3,2
531,609,3,2
531,610,3,2
531,611,3,2
531,612,3,2
531,613,3,2
531,614,3,2
531,615,3,2
531,616,3,2
531,617,3,2
531,618,3,2
531,619,3,2
531,620,3,2
531,621,3,2
531,622,3,2
531,623,3,2
531,624,3,2
531,625,3,2
531,626,3,2
531,627,3,2
531,628,3,2
531,629,3,2
531,630,3,2
531,631,3,2
531,632,3,2
531,633,3,2
531,634,3,2
531,635,3,2
531,636,3,2
531,637,3,2
531,638,3,2
531,639,3,2
531,640,3,2
531,641,3,2
531,642,3,2
531,643,3,2
531,644,3,2
531,645,3,2
531,646,3,2
531,647,3,2
531,648,3,2
531,649,3,2
531,650,3,2
531,651,3,2
531,652,3,2
531,653,3,2
531,654,3,2
531,655,3,2
531,656,3,2
532,82,3,2
532,83,3,2
532,84,3,2
532,85,3,2
532,86,3,2
532,87,3,2
532,88,3,2
532,89,3,2
532,90,3,2
532,91,3,2
532,92,3,2
532,93,3,2
532,94,3,2
532,95,3,2
532,96,3,2
532,97,3,2
532,98,3,2
532,99,3,2
532,100,3,2
532,101,3,2
532,102,3,2
532,103,3,2
532,104,3,2
532,105,3,2
532,106,3,2
532,107,3,2
532,108,3,2
532,109,3,2
532,110,3,2
532,111,3,2
532,112,3,2
532,113,3,2
532,114,3,2
532,115,3,2
532,116,3,2
532,117,3,2
532,118,3,2
532,119,3,2
532,120,3,2
532,121,3,2
532,122,3,2
532,123,3,2
532,124,3,2
532,125,3,2
532,126,3,2
532,127,3,2
532,128,3,2
532,129,3,2
532,130,3,2
532,131,3,2
532,132,3,2
532,133,3,2
532,134,3,2
532,135,3,2
532,136,3,2
532,137,3,2
532,138,3,2
532,139,3,2
532,140,3,2
532,141,3,2
532,142,3,2
532,143,3,2
532,144,3,2
532,145,3,2
532,146,3,2
532,147,3,2
532,148,3,2
532,149,3,2
532,150,3,2
532,151,3,2
532,152,3,2
532,153,3,2
532,154,3,2
532,155,3,2
532,156,3,2
532,157,3,2
532,158,3,2
532,159,3,2
532,160,3,2
532,161,3,2
532,162,3,2
532,163,3,2
532,164,3,2
532,165,3,2
532,166,3,2
532,167,3,2
532,168,3,2
532,169,3,2
532,170,3,2
532,171,3,2
532,172,3,2
532,173,3,2
532,174,3,2
532,175,3,2
532,176,3,2
532,177,3,2
532,178,3,2
532,179,3,2
532,180,3,2
532,181,3,2
532,182,3,2
532,183,3,2
532,184,3,2
532,185,3,2
532,186,3,2
532,187,3,2
532,188,3,2
532,189,3,2
532,190,3,2
532,191,3,2
532,192,3,2
532,193,3,2
532,194,3,2
532,195,3,2
532,196,3,2
532,197,3,2
532,198,3,2
532,199,3,2
532,200,3,2
532,201,3,2
532,202,3,2
532,203,3,2
532,204,3,2
532,205,3,2
532,206,3,2
532,207,3,2
532,208,3,2
532,209,3,2
532,210,3,2
532,211,3,2
532,212,3,2
532,213,3,2
532,214,3,2
532,215,3,2
532,216,3,2
532,217,3,2
532,218,3,2
532,219,3,2
532,220,3,2
532,221,3,2
532,222,3,2
532,223,3,2
532,224,3,2
532,225,3,2
532,226,3,2
532,227,3,2
532,228,3,2
532,229,3,2
532,230,3,2
532,231,3,2
532,232,3,2
532,233,3,2
532,234,3,2
532,235,3,2
532,236,3,2
532,237,3,2
532,238,3,2
532,239,3,2
532,240,3,2
532,241,3,2
532,242,3,2
532,243,3,2
532,244,3,2
532,245,3,2
532,246,3,2
532,247,3,2
532,248,3,2
532,249,3,2
532,250,3,2
532,251,3,2
532,252,3,2
532,253,3,2
532,254,3,2
532,255,3,2
532,256,3,2
532,257,3,2
532,258,3,2
532,259,3,2
532,260,3,2
532,261,3,2
532,262,3,2
532,263,3,2
532,264,3,2
532,265,3,2
532,266,3,2
532,267,3,2
532,268,3,2
532,269,3,2
532,270,3,2
532,271,3,2
532,272,3,2
532,273,3,2
532,274,3,2
532,275,3,2
532,276,3,2
532,277,3,2
532,278,3,2
532,279,3,2
532,280,3,2
532,281,3,2
532,282,3,2
532,283,3,2
532,284,3,2
532,285,3,2
532,286,3,2
532,287,3,2
532,288,3,2
532,289,3,2
532,290,3,2
532,291,3,2
532,292,3,2
532,293,3,2
532,294,3,2
532,295,3,2
532,296,3,2
532,297,3,2
532,298,3,2
532,299,3,2
532,300,3,2
532,301,3,2
532,302,3,2
532,303,3,2
532,304,3,2
532,305,3,2
532,306,3,2
532,307,3,2
532,308,3,2
532,309,3,2
532,310,3,2
532,311,3,2
532,312,3,2
532,313,3,2
532,314,3,2
532,315,3,2
532,316,3,2
532,317,3,2
532,318,3,2
532,319,3,2
532,320,3,2
532,321,3,2
532,322,3,2
532,323,3,2
532,324,3,2
532,325,3,2
532,326,3,2
532,327,3,2
532,328,3,2
532,329,3,2
532,330,3,2
532,331,3,2
532,332,3,2
532,333,3,2
532,334,3,2
532,335,3,2
532,336,3,2
532,337,3,2
532,338,3,2
532,339,3,2
532,340,3,2
532,341,3,2
532,342,3,2
532,343,3,2
532,344,3,2
532,345,3,2
532,346,3,2
532,347,3,2
532,348,3,2
532,349,3,2
532,350,3,2
532,351,3,2
532,352,3,2
532,353,3,2
532,354,3,2
532,355,3,2
532,356,3,2
532,357,3,2
532,358,3,2
532,359,3,2
532,360,3,2
532,361,3,2
532,362,3,2
532,363,3,2
532,364,3,2
532,365,3,2
532,366,3,2
532,367,3,2
532,368,3,2
532,369,3,2
532,370,3,2
532,371,3,2
532,372,3,2
532,373,3,2
532,374,3,2
532,375,3,2
532,376,3,2
532,377,3,2
532,378,3,2
532,379,3,2
532,380,3,2
532,381,3,2
532,382,3,2
532,383,3,2
532,384,3,2
532,385,3,2
532,386,3,2
532,387,3,2
532,388,3,2
532,389,3,2
532,390,3,2
532,391,3,2
532,392,3,2
532,393,3,2
532,394,3,2
532,395,3,2
532,396,3,2
532,397,3,2
532,398,3,2
532,399,3,2
532,400,3,2
532,401,3,2
532,402,3,2
532,403,3,2
532,404,3,2
532,405,3,2
532,406,3,2
532,407,3,2
532,408,3,2
532,409,3,2
532,410,3,2
532,411,3,2
532,412,3,2
532,413,3,2
532,414,3,2
532,415,3,2
532,416,3,2
532,417,3,2
532,418,3,2
532,419,3,2
532,420,3,2
532,421,3,2
532,422,3,2
532,423,3,2
532,424,3,2
532,425,3,2
532,426,3,2
532,427,3,2
532,428,3,2
532,429,3,2
532,430,3,2
532,431,3,2
532,432,3,2
532,433,3,2
532,434,3,2
532,435,3,2
532,436,3,2
532,437,3,2
532,438,3,2
532,439,3,2
532,440,3,2
532,441,3,2
532,442,3,2
532,443,3,2
532,444,3,2
532,445,3,3
532,446,3,3
532,447,3,3
532,448,3,3
532,449,3,3
532,450,3,3
532,451,3,3
532,452,3,3
532,453,3,3
532,454,3,3
532,455,3,3
532,456,3,3
532,457,3,3
532,458,3,3
532,459,3,3
532,460,3,3
532,461,3,3
532,462,3,3
532,463,3,3
532,464,3,3
532,465,3,3
532,466,3,3
532,467,3,3
532,468,3,3
532,469,3,3
532,470,3,3
532,471,3,3
532,472,3,3
532,473,3,3
532,474,3,3
532,475,3,3
532,476,3,3
532,477,3,3
532,478,3,3
532,479,3,3
532,480,3,3
532,481,3,3
532,482,3,3
532,483,3,3
532,484,3,3
532,485,3,3
532,486,3,3
532,487,3,3
532,488,3,3
532,489,3,3
532,490,3,2
532,491,3,2
532,492,3,2
532,493,3,2
532,494,3,2
532,495,3,2
532,496,3,2
532,497,3,2
532,498,3,2
532,499,3,2
532,500,3,2
532,501,3,2
532,502,3,2
532,503,3,2
532,504,3,2
532,505,3,2
532,506,3,2
532,507,3,2
532,508,3,2
532,509,3,2
532,510,3,2
532,511,3,2
532,512,3,2
532,513,3,2
532,514,3,2
532,515,3,2
532,516,3,2
532,517,3,2
532,518,3,2
532,519,3,2
532,520,3,2
532,521,3,2
532,522,3,2
532,523,3,2
532,524,3,2
532,525,3,2
532,526,3,2
532,527,3,2
532,528,3,2
532,529,3,2
532,530,3,2
532,531,3,2
532,532,3,2
532,533,3,2
532,534,3,2
532,535,3,2
532,536,3,2
532,537,3,2
532,538,3,2
532,539,3,2
532,540,3,2
532,541,3,2
532,542,3,2
532,543,3,2
532,544,3,2
532,545,3,2
532,546,3,2
532,547,3,2
532,548,3,2
532,549,3,2
532,550,3,2
532,551,3,2
532,552,3,2
532,553,3,2
532,554,3,2
532,555,3,2
532,556,3,2
532,557,3,2
532,558,3,2
532,559,3,2
532,560,3,2
532,561,3,2
532,562,3,2
532,563,3,2
532,564,3,2
532,565,3,2
532,566,3,2
532,567,3,2
532,568,3,2
532,569,3,2
532,570,3,2
532,571,3,2
532,572,3,2
532,573,3,2
532,574,3,2
532,575,3,2
532,576,3,2
532,577,3,2
532,578,3,2
532,579,3,2
532,580,3,2
532,581,3,2
532,582,3,2
532,583,3,2
532,584,3,2
532,585,3,2
532,586,3,2
532,587,3,2
532,588,3,2
532,589,3,2
532,590,3,2
532,591,3,2
532,592,3,2
532,593,3,2
532,594,3,2
532,595,3,2
532,596,3,2
532,597,3,2
532,598,3,2
532,599,3,2
532,600,3,2
532,601,3,2
532,602,3,2
532,603,3,2
532,604,3,2
532,605,3,2
532,606,3,2
532,607,3,2
532,608,3,2
532,609,3,2
532,610,3,2
532,611,3,2
532,612,3,2
532,613,3,2
532,614,3,2
532,615,3,2
532,616,3,2
532,617,3,2
532,618,3,2
532,619,3,2
532,620,3,2
532,621,3,2
532,622,3,2
532,623,3,2
532,624,3,2
532,625,3,2
532,626,3,2
532,627,3,2
532,628,3,2
532,629,3,2
532,630,3,2
532,631,3,2
532,632,3,2
532,633,3,2
532,634,3,2
532,635,3,2
532,636,3,2
532,637,3,2
532,638,3,2
532,639,3,2
532,640,3,2
532,641,3,2
532,642,3,2
532,643,3,2
532,644,3,2
532,645,3,2
532,646,3,2
532,647,3,2
532,648,3,2
532,649,3,2
532,650,3,2
532,651,3,2
532,652,3,2
532,653,3,2
532,654,3,2
532,655,3,2
532,656,3,2
533,82,3,2
533,83,3,2
533,84,3,2
533,85,3,2
533,86,3,2
533,87,3,2
533,88,3,2
533,89,3,2
533,90,3,2
533,91,3,2
533,92,3,2
533,93,3,2
533,94,3,2
533,95,3,2
533,96,3,2
533,97,3,2
533,98,3,2
533,99,3,2
533,100,3,2
533,101,3,2
533,102,3,2
533,103,3,2
533,104,3,2
533,105,3,2
533,106,3,2
533,107,3,2
533,108,3,2
533,109,3,2
533,110,3,2
533,111,3,2
533,112,3,2
533,113,3,2
533,114,3,2
533,115,3,2
533,116,3,2
533,117,3,2
533,118,3,2
533,119,3,2
533,120,3,2
533,121,3,2
533,122,3,2
533,123,3,2
533,124,3,2
533,125,3,2
533,126,3,2
533,127,3,2
533,128,3,2
533,129,3,2
533,130,3,2
533,131,3,2
533,132,3,2
533,133,3,2
533,134,3,2
533,135,3,2
533,136,3,2
533,137,3,2
533,138,3,2
533,139,3,2
533,140,3,2
533,141,3,2
533,142,3,2
533,143,3,2
533,144,3,2
533,145,3,2
533,146,3,2
533,147,3,2
533,148,3,2
533,149,3,2
533,150,3,2
533,151,3,2
533,152,3,2
533,153,3,2
533,154,3,2
533,155,3,2
533,156,3,2
533,157,3,2
533,158,3,2
533,159,3,2
533,160,3,2
533,161,3,2
533,162,3,2
533,163,3,2
533,164,3,2
533,165,3,2
533,166,3,2
533,167,3,2
533,168,3,2
533,169,3,2
533,170,3,2
533,171,3,2
533,172,3,2
533,173,3,2
533,174,3,2
533,175,3,2
533,176,3,2
533,177,3,2
533,178,3,2
533,179,3,2
533,180,3,2
533,181,3,2
533,182,3,2
533,183,3,2
533,184,3,2
533,185,3,2
533,186,3,2
533,187,3,2
533,188,3,2
533,189,3,2
533,190,3,2
533,191,3,2
533,192,3,2
533,193,3,2
533,194,3,2
533,195,3,2
533,196,3,2
533,197,3,2
533,198,3,2
533,199,3,2
533,200,3,2
533,201,3,2
533,202,3,2
533,203,3,2
533,204,3,2
533,205,3,2
533,206,3,2
533,207,3,2
533,208,3,2
533,209,3,2
533,210,3,2
533,211,3,2
533,212,3,2
533,213,3,2
533,214,3,2
533,215,3,2
533,216,3,2
533,217,3,2
533,218,3,2
533,219,3,2
533,220,3,2
533,221,3,2
533,222,3,2
533,223,3,2
533,224,3,2
533,225,3,2
533,226,3,2
533,227,3,2
533,228,3,2
533,229,3,2
533,230,3,2
533,231,3,2
533,232,3,2
533,233,3,2
533,234,3,2
533,235,3,2
533,236,3,2
533,237,3,2
533,238,3,2
533,239,3,2
533,240,3,2
533,241,3,2
533,242,3,2
533,243,3,2
533,244,3,2
533,245,3,2
533,246,3,2
533,247,3,2
533,248,3,2
533,249,3,2
533,250,3,2
533,251,3,2
533,252,3,2
533,253,3,2
533,254,3,2
533,255,3,2
533,256,3,2
533,257,3,2
533,258,3,2
533,259,3,2
533,260,3,2
533,261,3,2
533,262,3,2
533,263,3,2
533,264,3,2
533,265,3,2
533,266,3,2
533,267,3,2
533,268,3,2
533,269,3,2
533,270,3,2
533,271,3,2
533,272,3,2
533,273,3,2
533,274,3,2
533,275,3,2
533,276,3,2
533,277,3,2
533,278,3,2
533,279,3,2
533,280,3,2
533,281,3,2
533,282,3,2
533,283,3,2
533,284,3,2
533,285,3,2
533,286,3,2
533,287,3,2
533,288,3,2
533,289,3,2
533,290,3,2
533,291,3,2
533,292,3,2
533,293,3,2
533,294,3,2
533,295,3,2
533,296,3,2
533,297,3,2
533,298,3,2
533,299,3,2
533,300,3,2
533,301,3,2
533,302,3,2
533,303,3,2
533,304,3,2
533,305,3,2
533,306,3,2
533,307,3,2
533,308,3,2
533,309,3,2
533,310,3,2
533,311,3,2
533,312,3,2
533,313,3,2
533,314,3,2
533,315,3,2
533,316,3,2
533,317,3,2
533,318,3,2
533,319,3,2
533,320,3,2
533,321,3,2
533,322,3,2
533,323,3,2
533,324,3,2
533,325,3,2
533,326,3,2
533,327,3,2
533,328,3,2
533,329,3,2
533,330,3,2
533,331,3,2
533,332,3,2
533,333,3,2
533,334,3,2
533,335,3,2
533,336,3,2
533,337,3,2
533,338,3,2
533,339,3,2
533,340,3,2
533,341,3,2
533,342,3,2
533,343,3,2
533,344,3,2
533,345,3,2
533,346,3,2
533,347,3,2
533,348,3,2
533,349,3,2
533,350,3,2
533,351,3,2
533,352,3,2
533,353,3,2
533,354,3,2
533,355,3,2
533,356,3,2
533,357,3,2
533,358,3,2
533,359,3,2
533,360,3,2
533,361,3,2
533,362,3,2
533,363,3,2
533,364,3,2
533,365,3,2
533,366,3,2
533,367,3,2
533,368,3,2
533,369,3,2
533,370,3,2
533,371,3,2
533,372,3,2
533,373,3,2
533,374,3,2
533,375,3,2
533,376,3,2
533,377,3,2
533,378,3,2
533,379,3,2
533,380,3,2
533,381,3,2
533,382,3,2
533,383,3,2
533,384,3,2
533,385,3,2
533,386,3,2
533,387,3,2
533,388,3,2
533,389,3,2
533,390,3,2
533,391,3,2
533,392,3,2
533,393,3,2
533,394,3,2
533,395,3,2
533,396,3,2
533,397,3,2
533,398,3,2
533,399,3,2
533,400,3,2
533,401,3,2
533,402,3,2
533,403,3,2
533,404,3,2
533,405,3,2
533,406,3,2
533,407,3,2
533,408,3,2
533,409,3,2
533,410,3,2
533,411,3,2
533,412,3,2
533,413,3,2
533,414,3,2
533,415,3,2
533,416,3,2
533,417,3,2
533,418,3,2
533,419,3,2
533,420,3,2
533,421,3,2
533,422,3,2
533,423,3,2
533,424,3,2
533,425,3,2
533,426,3,2
533,427,3,2
533,428,3,2
533,429,3,2
533,430,3,2
533,431,3,2
533,432,3,2
533,433,3,2
533,434,3,2
533,435,3,2
533,436,3,2
533,437,3,2
533,438,3,2
533,439,3,2
533,440,3,2
533,441,3,2
533,442,3,2
533,443,3,2
533,444,3,3
533,445,3,3
533,446,3,3
533,447,3,3
533,448,3,3
533,449,3,3
533,450,3,3
533,451,3,3
533,452,3,3
533,453,3,3
533,454,3,3
533,455,3,3
533,456,3,3
533,457,3,3
533,458,3,3
533,459,3,3
533,460,3,3
533,461,3,3
533,462,3,3
533,463,3,3
533,464,3,3
533,465,3,3
533,466,3,3
533,467,3,3
533,468,3,3
533,469,3,3
533,470,3,3
533,471,3,3
533,472,3,3
533,473,3,3
533,474,3,3
533,475,3,3
533,476,3,3
533,477,3,3
533,478,3,3
533,479,3,3
533,480,3,3
533,481,3,3
533,482,3,3
533,483,3,3
533,484,3,3
533,485,3,3
533,486,3,3
533,487,3,3
533,488,3,3
533,489,3,2
533,490,3,2
533,491,3,2
533,492,3,2
533,493,3,2
533,494,3,2
533,495,3,2
533,496,3,2
533,497,3,2
533,498,3,2
533,499,3,2
533,500,3,2
533,501,3,2
533,502,3,2
533,503,3,2
533,504,3,2
533,505,3,2
533,506,3,2
533,507,3,2
533,508,3,2
533,509,3,2
533,510,3,2
533,511,3,2
533,512,3,2
533,513,3,2
533,514,3,2
533,515,3,2
533,516,3,2
533,517,3,2
533,518,3,2
533,519,3,2
533,520,3,2
533,521,3,2
533,522,3,2
533,523,3,2
533,524,3,2
533,525,3,2
533,526,3,2
533,527,3,2
533,528,3,2
533,529,3,2
533,530,3,2
533,531,3,2
533,532,3,2
533,533,3,2
533,534,3,2
533,535,3,2
533,536,3,2
533,537,3,2
533,538,3,2
533,539,3,2
533,540,3,2
533,541,3,2
533,542,3,2
533,543,3,2
533,544,3,2
533,545,3,2
533,546,3,2
533,547,3,2
533,548,3,2
533,549,3,2
533,550,3,2
533,551,3,2
533,552,3,2
533,553,3,2
533,554,3,2
533,555,3,2
533,556,3,2
533,557,3,2
533,558,3,2
533,559,3,2
533,560,3,2
533,561,3,2
533,562,3,2
533,563,3,2
533,564,3,2
533,565,3,2
533,566,3,2
533,567,3,2
533,568,3,2
533,569,3,2
533,570,3,2
533,571,3,2
533,572,3,2
533,573,3,2
533,574,3,2
533,575,3,2
533,576,3,2
533,577,3,2
533,578,3,2
533,579,3,2
533,580,3,2
533,581,3,2
533,582,3,2
533,583,3,2
533,584,3,2
533,585,3,2
533,586,3,2
533,587,3,2
533,588,3,2
533,589,3,2
533,590,3,2
533,591,3,2
533,592,3,2
533,593,3,2
533,594,3,2
533,595,3,2
533,596,3,2
533,597,3,2
533,598,3,2
533,599,3,3
533,600,3,3
533,601,3,2
533,602,3,2
533,603,3,2
533,604,3,2
533,605,3,2
533,606,3,2
533,607,3,2
533,608,3,2
533,609,3,2
533,610,3,2
533,611,3,2
533,612,3,2
533,613,3,2
533,614,3,2
533,615,3,2
533,616,3,2
533,617,3,2
533,618,3,2
533,619,3,2
533,620,3,2
533,621,3,2
533,622,3,2
533,623,3,2
533,624,3,2
533,625,3,2
533,626,3,2
533,627,3,2
533,628,3,2
533,629,3,2
533,630,3,2
533,631,3,2
533,632,3,2
533,633,3,2
533,634,3,2
533,635,3,2
533,636,3,2
533,637,3,2
533,638,3,2
533,639,3,2
533,640,3,2
533,641,3,2
533,642,3,2
533,643,3,2
533,644,3,2
533,645,3,2
533,646,3,2
533,647,3,2
533,648,3,2
533,649,3,2
533,650,3,2
533,651,3,2
533,652,3,2
533,653,3,2
533,654,3,2
533,655,3,2
533,656,3,2
534,82,3,2
534,83,3,2
534,84,3,2
534,85,3,2
534,86,3,2
534,87,3,2
534,88,3,2
534,89,3,2
534,90,3,2
534,91,3,2
534,92,3,2
534,93,3,2
534,94,3,2
534,95,3,2
534,96,3,2
534,97,3,2
534,98,3,2
534,99,3,2
534,100,3,2
534,101,3,2
534,102,3,2
534,103,3,2
534,104,3,2
534,105,3,2
534,106,3,2
534,107,3,2
534,108,3,2
534,109,3,2
534,110,3,2
534,111,3,2
534,112,3,2
534,113,3,2
534,114,3,2
534,115,3,2
534,116,3,2
534,117,3,2
534,118,3,2
534,119,3,2
534,120,3,2
534,121,3,2
534,122,3,2
534,123,3,2
534,124,3,2
534,125,3,2
534,126,3,2
534,127,3,2
534,128,3,2
534,129,3,2
534,130,3,2
534,131,3,2
534,132,3,2
534,133,3,2
534,134,3,2
534,135,3,2
534,136,3,2
534,137,3,2
534,138,3,2
534,139,3,2
534,140,3,2
534,141,3,2
534,142,3,2
534,143,3,2
534,144,3,2
534,145,3,2
534,146,3,2
534,147,3,2
534,148,3,2
534,149,3,2
534,150,3,2
534,151,3,2
534,152,3,2
534,153,3,2
534,154,3,2
534,155,3,2
534,156,3,2
534,157,3,2
534,158,3,2
534,159,3,2
534,160,3,2
534,161,3,2
534,162,3,2
534,163,3,2
534,164,3,2
534,165,3,2
534,166,3,2
534,167,3,2
534,168,3,2
534,169,3,2
534,170,3,2
534,171,3,2
534,172,3,2
534,173,3,2
534,174,3,2
534,175,3,2
534,176,3,2
534,177,3,2
534,178,3,2
534,179,3,2
534,180,3,2
534,181,3,2
534,182,3,2
534,183,3,2
534,184,3,2
534,185,3,2
534,186,3,2
534,187,3,2
534,188,3,2
534,189,3,2
534,190,3,2
534,191,3,2
534,192,3,2
534,193,3,2
534,194,3,2
534,195,3,2
534,196,3,2
534,197,3,2
534,198,3,2
534,199,3,2
534,200,3,2
534,201,3,2
534,202,3,2
534,203,3,2
534,204,3,2
534,205,3,2
534,206,3,2
534,207,3,2
534,208,3,2
534,209,3,2
534,210,3,2
534,211,3,2
534,212,3,2
534,213,3,2
534,214,3,2
534,215,3,2
534,216,3,2
534,217,3,2
534,218,3,2
534,219,3,2
534,220,3,2
534,221,3,2
534,222,3,2
534,223,3,2
534,224,3,2
534,225,3,2
534,226,3,2
534,227,3,2
534,228,3,2
534,229,3,2
534,230,3,2
534,231,3,2
534,232,3,2
534,233,3,2
534,234,3,2
534,235,3,2
534,236,3,2
534,237,3,2
534,238,3,2
534,239,3,2
534,240,3,2
534,241,3,2
534,242,3,2
534,243,3,2
534,244,3,2
534,245,3,2
534,246,3,2
534,247,3,2
534,248,3,2
534,249,3,2
534,250,3,2
534,251,3,2
534,252,3,2
534,253,3,2
534,254,3,2
534,255,3,2
534,256,3,2
534,257,3,2
534,258,3,2
534,259,3,2
534,260,3,2
534,261,3,2
534,262,3,2
534,263,3,2
534,264,3,2
534,265,3,2
534,266,3,2
534,267,3,2
534,268,3,2
534,269,3,2
534,270,3,2
534,271,3,2
534,272,3,2
534,273,3,2
534,274,3,2
534,275,3,2
534,276,3,2
534,277,3,2
534,278,3,2
534,279,3,2
534,280,3,2
534,281,3,2
534,282,3,2
534,283,3,2
534,284,3,2
534,285,3,2
534,286,3,2
534,287,3,2
534,288,3,2
534,289,3,2
534,290,3,2
534,291,3,2
534,292,3,2
534,293,3,2
534,294,3,2
534,295,3,2
534,296,3,2
534,297,3,2
534,298,3,2
534,299,3,2
534,300,3,2
534,301,3,2
534,302,3,2
534,303,3,2
534,304,3,2
534,305,3,2
534,306,3,2
534,307,3,2
534,308,3,2
534,309,3,2
534,310,3,2
534,311,3,2
534,312,3,2
534,313,3,2
534,314,3,2
534,315,3,2
534,316,3,2
534,317,3,2
534,318,3,2
534,319,3,2
534,320,3,2
534,321,3,2
534,322,3,2
534,323,3,2
534,324,3,2
534,325,3,2
534,326,3,2
534,327,3,2
534,328,3,2
534,329,3,2
534,330,3,2
534,331,3,2
534,332,3,2
534,333,3,2
534,334,3,2
534,335,3,2
534,336,3,2
534,337,3,2
534,338,3,2
534,339,3,2
534,340,3,2
534,341,3,2
534,342,3,2
534,343,3,2
534,344,3,2
534,345,3,2
534,346,3,2
534,347,3,2
534,348,3,2
534,349,3,2
534,350,3,2
534,351,3,2
534,352,3,2
534,353,3,2
534,354,3,2
534,355,3,2
534,356,3,2
534,357,3,2
534,358,3,2
534,359,3,2
534,360,3,2
534,361,3,2
534,362,3,2
534,363,3,2
534,364,3,2
534,365,3,2
534,366,3,2
534,367,3,2
534,368,3,2
534,369,3,2
534,370,3,2
534,371,3,2
534,372,3,2
534,373,3,2
534,374,3,2
534,375,3,2
534,376,3,2
534,377,3,2
534,378,3,2
534,379,3,2
534,380,3,2
534,381,3,2
534,382,3,2
534,383,3,2
534,384,3,2
534,385,3,2
534,386,3,2
534,387,3,2
534,388,3,2
534,389,3,2
534,390,3,2
534,391,3,2
534,392,3,2
534,393,3,2
534,394,3,2
534,395,3,2
534,396,3,2
534,397,3,2
534,398,3,2
534,399,3,2
534,400,3,2
534,401,3,2
534,402,3,2
534,403,3,2
534,404,3,2
534,405,3,2
534,406,3,2
534,407,3,2
534,408,3,2
534,409,3,2
534,410,3,2
534,411,3,2
534,412,3,2
534,413,3,2
534,414,3,2
534,415,3,2
534,416,3,2
534,417,3,2
534,418,3,2
534,419,3,2
534,420,3,2
534,421,3,2
534,422,3,2
534,423,3,2
534,424,3,2
534,425,3,2
534,426,3,2
534,427,3,2
534,428,3,2
534,429,3,2
534,430,3,2
534,431,3,2
534,432,3,2
534,433,3,2
534,434,3,2
534,435,3,2
534,436,3,2
534,437,3,2
534,438,3,2
534,439,3,2
534,440,3,2
534,441,3,2
534,442,3,2
534,443,3,2
534,444,3,3
534,445,3,3
534,446,3,3
534,447,3,3
534,448,3,3
534,449,3,3
534,450,3,3
534,451,3,3
534,452,3,3
534,453,3,3
534,454,3,3
534,455,3,3
534,456,3,3
534,457,3,3
534,458,3,3
534,459,3,3
534,460,3,3
534,461,3,3
534,462,3,3
534,463,3,3
534,464,3,3
534,465,3,3
534,466,3,3
534,467,3,3
534,468,3,3
534,469,3,3
534,470,3,3
534,471,3,3
534,472,3,3
534,473,3,3
534,474,3,3
534,475,3,3
534,476,3,3
534,477,3,3
534,478,3,3
534,479,3,3
534,480,3,3
534,481,3,3
534,482,3,3
534,483,3,3
534,484,3,3
534,485,3,3
534,486,3,3
534,487,3,2
534,488,3,2
534,489,3,2
534,490,3,2
534,491,3,2
534,492,3,2
534,493,3,2
534,494,3,2
534,495,3,2
534,496,3,2
534,497,3,2
534,498,3,2
534,499,3,2
534,500,3,2
534,501,3,2
534,502,3,2
534,503,3,2
534,504,3,2
534,505,3,2
534,506,3,2
534,507,3,2
534,508,3,2
534,509,3,2
534,510,3,2
534,511,3,2
534,512,3,2
534,513,3,2
534,514,3,2
534,515,3,2
534,516,3,2
534,517,3,2
534,518,3,2
534,519,3,2
534,520,3,2
534,521,3,2
534,522,3,2
534,523,3,2
534,524,3,2
534,525,3,2
534,526,3,2
534,527,3,2
534,528,3,2
534,529,3,2
534,530,3,2
534,531,3,2
534,532,3,2
534,533,3,2
534,534,3,2
534,535,3,2
534,536,3,2
534,537,3,2
534,538,3,2
534,539,3,2
534,540,3,2
534,541,3,2
534,542,3,2
534,543,3,2
534,544,3,2
534,545,3,2
534,546,3,2
534,547,3,2
534,548,3,2
534,549,3,2
534,550,3,2
534,551,3,2
534,552,3,2
534,553,3,2
534,554,3,2
534,555,3,2
534,556,3,2
534,557,3,2
534,558,3,2
534,559,3,2
534,560,3,2
534,561,3,2
534,562,3,2
534,563,3,2
534,564,3,2
534,565,3,2
534,566,3,2
534,567,3,2
534,568,3,2
534,569,3,2
534,570,3,2
534,571,3,2
534,572,3,2
534,573,3,2
534,574,3,2
534,575,3,2
534,576,3,2
534,577,3,2
534,578,3,2
534,579,3,2
534,580,3,2
534,581,3,2
534,582,3,2
534,583,3,2
534,584,3,2
534,585,3,2
534,586,3,2
534,587,3,2
534,588,3,2
534,589,3,2
534,590,3,2
534,591,3,2
534,592,3,2
534,593,3,2
534,594,3,2
534,595,3,2
534,596,3,2
534,597,3,2
534,598,3,2
534,599,3,3
534,600,3,3
534,601,3,2
534,602,3,2
534,603,3,2
534,604,3,2
534,605,3,2
534,606,3,2
534,607,3,2
534,608,3,2
534,609,3,2
534,610,3,2
534,611,3,2
534,612,3,2
534,613,3,2
534,614,3,2
534,615,3,2
534,616,3,2
534,617,3,2
534,618,3,2
534,619,3,2
534,620,3,2
534,621,3,2
534,622,3,2
534,623,3,2
534,624,3,2
534,625,3,2
534,626,3,2
534,627,3,2
534,628,3,2
534,629,3,2
534,630,3,2
534,631,3,2
534,632,3,2
534,633,3,2
534,634,3,2
534,635,3,2
534,636,3,2
534,637,3,2
534,638,3,2
534,639,3,2
534,640,3,2
534,641,3,2
534,642,3,2
534,643,3,2
534,644,3,2
534,645,3,2
534,646,3,2
534,647,3,2
534,648,3,2
534,649,3,2
534,650,3,2
534,651,3,2
534,652,3,2
534,653,3,2
534,654,3,2
534,655,3,2
534,656,3,2
535,82,3,2
535,83,3,2
535,84,3,2
535,85,3,2
535,86,3,2
535,87,3,2
535,88,3,2
535,89,3,2
535,90,3,2
535,91,3,2
535,92,3,2
535,93,3,2
535,94,3,2
535,95,3,2
535,96,3,2
535,97,3,2
535,98,3,2
535,99,3,2
535,100,3,2
535,101,3,2
535,102,3,2
535,103,3,2
535,104,3,2
535,105,3,2
535,106,3,2
535,107,3,2
535,108,3,2
535,109,3,2
535,110,3,2
535,111,3,2
535,112,3,2
535,113,3,2
535,114,3,2
535,115,3,2
535,116,3,2
535,117,3,2
535,118,3,2
535,119,3,2
535,120,3,2
535,121,3,2
535,122,3,2
535,123,3,2
535,124,3,2
535,125,3,2
535,126,3,2
535,127,3,2
535,128,3,2
535,129,3,2
535,130,3,2
535,131,3,2
535,132,3,2
535,133,3,2
535,134,3,2
535,135,3,2
535,136,3,2
535,137,3,2
535,138,3,2
535,139,3,2
535,140,3,2
535,141,3,2
535,142,3,2
535,143,3,2
535,144,3,2
535,145,3,2
535,146,3,2
535,147,3,2
535,148,3,2
535,149,3,2
535,150,3,2
535,151,3,2
535,152,3,2
535,153,3,2
535,154,3,2
535,155,3,2
535,156,3,2
535,157,3,2
535,158,3,2
535,159,3,2
535,160,3,2
535,161,3,2
535,162,3,2
535,163,3,2
535,164,3,2
535,165,3,2
535,166,3,2
535,167,3,2
535,168,3,2
535,169,3,2
535,170,3,2
535,171,3,2
535,172,3,2
535,173,3,2
535,174,3,2
535,175,3,2
535,176,3,2
535,177,3,2
535,178,3,2
535,179,3,2
535,180,3,2
535,181,3,2
535,182,3,2
535,183,3,2
535,184,3,2
535,185,3,2
535,186,3,2
535,187,3,2
535,188,3,2
535,189,3,2
535,190,3,2
535,191,3,2
535,192,3,2
535,193,3,2
535,194,3,2
535,195,3,2
535,196,3,2
535,197,3,2
535,198,3,2
535,199,3,2
535,200,3,2
535,201,3,2
535,202,3,2
535,203,3,2
535,204,3,2
535,205,3,2
535,206,3,2
535,207,3,2
535,208,3,2
535,209,3,2
535,210,3,2
535,211,3,2
535,212,3,2
535,213,3,2
535,214,3,2
535,215,3,2
535,216,3,2
535,217,3,2
535,218,3,2
535,219,3,2
535,220,3,2
535,221,3,2
535,222,3,2
535,223,3,2
535,224,3,2
535,225,3,2
535,226,3,2
535,227,3,2
535,228,3,2
535,229,3,2
535,230,3,2
535,231,3,2
535,232,3,2
535,233,3,2
535,234,3,2
535,235,3,2
535,236,3,2
535,237,3,2
535,238,3,2
535,239,3,2
535,240,3,2
535,241,3,2
535,242,3,2
535,243,3,2
535,244,3,2
535,245,3,2
535,246,3,2
535,247,3,2
535,248,3,2
535,249,3,2
535,250,3,2
535,251,3,2
535,252,3,2
535,253,3,2
535,254,3,2
535,255,3,2
535,256,3,2
535,257,3,2
535,258,3,2
535,259,3,2
535,260,3,2
535,261,3,2
535,262,3,2
535,263,3,2
535,264,3,2
535,265,3,2
535,266,3,2
535,267,3,2
535,268,3,2
535,269,3,2
535,270,3,2
535,271,3,2
535,272,3,2
535,273,3,2
535,274,3,2
535,275,3,2
535,276,3,2
535,277,3,2
535,278,3,2
535,279,3,2
535,280,3,2
535,281,3,2
535,282,3,2
535,283,3,2
535,284,3,2
535,285,3,2
535,286,3,2
535,287,3,2
535,288,3,2
535,289,3,2
535,290,3,2
535,291,3,2
535,292,3,2
535,293,3,2
535,294,3,2
535,295,3,2
535,296,3,2
535,297,3,2
535,298,3,2
535,299,3,2
535,300,3,2
535,301,3,2
535,302,3,2
535,303,3,2
535,304,3,2
535,305,3,2
535,306,3,2
535,307,3,2
535,308,3,2
535,309,3,2
535,310,3,2
535,311,3,2
535,312,3,2
535,313,3,2
535,314,3,2
535,315,3,2
535,316,3,2
535,317,3,2
535,318,3,2
535,319,3,2
535,320,3,2
535,321,3,2
535,322,3,2
535,323,3,2
535,324,3,2
535,325,3,2
535,326,3,2
535,327,3,2
535,328,3,2
535,329,3,2
535,330,3,2
535,331,3,2
535,332,3,2
535,333,3,2
535,334,3,2
535,335,3,2
535,336,3,2
535,337,3,2
535,338,3,2
535,339,3,2
535,340,3,2
535,341,3,2
535,342,3,2
535,343,3,2
535,344,3,2
535,345,3,2
535,346,3,2
535,347,3,2
535,348,3,2
535,349,3,2
535,350,3,2
535,351,3,2
535,352,3,2
535,353,3,2
535,354,3,2
535,355,3,2
535,356,3,2
535,357,3,2
535,358,3,2
535,359,3,2
535,360,3,2
535,361,3,2
535,362,3,2
535,363,3,2
535,364,3,2
535,365,3,2
535,366,3,2
535,367,3,2
535,368,3,2
535,369,3,2
535,370,3,2
535,371,3,2
535,372,3,2
535,373,3,2
535,374,3,2
535,375,3,2
535,376,3,2
535,377,3,2
535,378,3,2
535,379,3,2
535,380,3,2
535,381,3,2
535,382,3,2
535,383,3,2
535,384,3,2
535,385,3,2
535,386,3,2
535,387,3,2
535,388,3,2
535,389,3,2
535,390,3,2
535,391,3,2
535,392,3,2
535,393,3,2
535,394,3,2
535,395,3,2
535,396,3,2
535,397,3,2
535,398,3,2
535,399,3,2
535,400,3,2
535,401,3,2
535,402,3,2
535,403,3,2
535,404,3,2
535,405,3,2
535,406,3,2
535,407,3,2
535,408,3,2
535,409,3,2
535,410,3,2
535,411,3,2
535,412,3,2
535,413,3,2
535,414,3,2
535,415,3,2
535,416,3,2
535,417,3,2
535,418,3,2
535,419,3,2
535,420,3,2
535,421,3,2
535,422,3,2
535,423,3,2
535,424,3,2
535,425,3,2
535,426,3,2
535,427,3,2
535,428,3,2
535,429,3,2
535,430,3,2
535,431,3,2
535,432,3,2
535,433,3,2
535,434,3,2
535,435,3,2
535,436,3,2
535,437,3,2
535,438,3,2
535,439,3,2
535,440,3,2
535,441,3,2
535,442,3,2
535,443,3,2
535,444,3,3
535,445,3,3
535,446,3,3
535,447,3,3
535,448,3,3
535,449,3,3
535,450,3,3
535,451,3,3
535,452,3,3
535,453,3,3
535,454,3,3
535,455,3,3
535,456,3,3
535,457,3,3
535,458,3,3
535,459,3,3
535,460,3,3
535,461,3,3
535,462,3,3
535,463,3,3
535,464,3,3
535,465,3,3
535,466,3,3
535,467,3,3
535,468,3,3
535,469,3,3
535,470,3,3
535,471,3,3
535,472,3,3
535,473,3,3
535,474,3,3
535,475,3,3
535,476,3,3
535,477,3,3
535,478,3,3
535,479,3,3
535,480,3,3
535,481,3,3
535,482,3,3
535,483,3,3
535,484,3,3
535,485,3,2
535,486,3,2
535,487,3,2
535,488,3,2
535,489,3,2
535,490,3,2
535,491,3,2
535,492,3,2
535,493,3,2
535,494,3,2
535,495,3,2
535,496,3,2
535,497,3,2
535,498,3,2
535,499,3,2
535,500,3,2
535,501,3,2
535,502,3,2
535,503,3,2
535,504,3,2
535,505,3,2
535,506,3,2
535,507,3,2
535,508,3,2
535,509,3,2
535,510,3,2
535,511,3,2
535,512,3,2
535,513,3,2
535,514,3,2
535,515,3,2
535,516,3,2
535,517,3,2
535,518,3,2
535,519,3,2
535,520,3,2
535,521,3,2
535,522,3,2
535,523,3,2
535,524,3,2
535,525,3,2
535,526,3,2
535,527,3,2
535,528,3,2
535,529,3,2
535,530,3,2
535,531,3,2
535,532,3,2
535,533,3,2
535,534,3,2
535,535,3,2
535,536,3,2
535,537,3,2
535,538,3,2
535,539,3,2
535,540,3,2
535,541,3,2
535,542,3,2
535,543,3,2
535,544,3,2
535,545,3,2
535,546,3,2
535,547,3,2
535,548,3,2
535,549,3,2
535,550,3,2
535,551,3,2
535,552,3,2
535,553,3,2
535,554,3,2
535,555,3,2
535,556,3,2
535,557,3,2
535,558,3,2
535,559,3,2
535,560,3,2
535,561,3,2
535,562,3,2
535,563,3,2
535,564,3,2
535,565,3,2
535,566,3,2
535,567,3,2
535,568,3,2
535,569,3,2
535,570,3,2
535,571,3,2
535,572,3,2
535,573,3,2
535,574,3,2
535,575,3,2
535,576,3,2
535,577,3,2
535,578,3,2
535,579,3,2
535,580,3,2
535,581,3,2
535,582,3,2
535,583,3,2
535,584,3,2
535,585,3,2
535,586,3,2
535,587,3,2
535,588,3,2
535,589,3,2
535,590,3,2
535,591,3,2
535,592,3,2
535,593,3,2
535,594,3,2
535,595,3,2
535,596,3,2
535,597,3,2
535,598,3,2
535,599,3,3
535,600,3,3
535,601,3,3
535,602,3,2
535,603,3,2
535,604,3,2
535,605,3,2
535,606,3,2
535,607,3,2
535,608,3,2
535,609,3,2
535,610,3,2
535,611,3,2
535,612,3,2
535,613,3,2
535,614,3,2
535,615,3,2
535,616,3,2
535,617,3,2
535,618,3,2
535,619,3,2
535,620,3,2
535,621,3,2
535,622,3,2
535,623,3,2
535,624,3,2
535,625,3,2
535,626,3,2
535,627,3,2
535,628,3,2
535,629,3,2
535,630,3,2
535,631,3,2
535,632,3,2
535,633,3,2
535,634,3,2
535,635,3,2
535,636,3,2
535,637,3,2
535,638,3,2
535,639,3,2
535,640,3,2
535,641,3,2
535,642,3,2
535,643,3,2
535,644,3,2
535,645,3,2
535,646,3,2
535,647,3,2
535,648,3,2
535,649,3,2
535,650,3,2
535,651,3,2
535,652,3,2
535,653,3,2
535,654,3,2
535,655,3,2
536,82,3,2
536,83,3,2
536,84,3,2
536,85,3,2
536,86,3,3
536,87,3,3
536,88,3,3
536,89,3,3
536,90,3,2
536,91,3,2
536,92,3,2
536,93,3,2
536,94,3,2
536,95,3,2
536,96,3,2
536,97,3,2
536,98,3,2
536,99,3,2
536,100,3,2
536,101,3,2
536,102,3,2
536,103,3,2
536,104,3,2
536,105,3,2
536,106,3,2
536,107,3,2
536,108,3,2
536,109,3,2
536,110,3,2
536,111,3,2
536,112,3,2
536,113,3,2
536,114,3,2
536,115,3,2
536,116,3,2
536,117,3,2
536,118,3,2
536,119,3,2
536,120,3,2
536,121,3,2
536,122,3,2
536,123,3,2
536,124,3,2
536,125,3,2
536,126,3,2
536,127,3,2
536,128,3,2
536,129,3,2
536,130,3,2
536,131,3,2
536,132,3,2
536,133,3,2
536,134,3,2
536,135,3,2
536,136,3,2
536,137,3,2
536,138,3,2
536,139,3,2
536,140,3,2
536,141,3,2
536,142,3,2
536,143,3,2
536,144,3,2
536,145,3,2
536,146,3,2
536,147,3,2
536,148,3,2
536,149,3,2
536,150,3,2
536,151,3,2
536,152,3,2
536,153,3,2
536,154,3,2
536,155,3,2
536,156,3,2
536,157,3,2
536,158,3,2
536,159,3,2
536,160,3,2
536,161,3,2
536,162,3,2
536,163,3,2
536,164,3,2
536,165,3,2
536,166,3,2
536,167,3,2
536,168,3,2
536,169,3,2
536,170,3,2
536,171,3,2
536,172,3,2
536,173,3,2
536,174,3,2
536,175,3,2
536,176,3,2
536,177,3,2
536,178,3,2
536,179,3,2
536,180,3,2
536,181,3,2
536,182,3,2
536,183,3,2
536,184,3,2
536,185,3,2
536,186,3,2
536,187,3,2
536,188,3,2
536,189,3,2
536,190,3,2
536,191,3,2
536,192,3,2
536,193,3,2
536,194,3,2
536,195,3,2
536,196,3,2
536,197,3,2
536,198,3,2
536,199,3,2
536,200,3,2
536,201,3,2
536,202,3,2
536,203,3,2
536,204,3,2
536,205,3,2
536,206,3,2
536,207,3,2
536,208,3,2
536,209,3,2
536,210,3,2
536,211,3,2
536,212,3,2
536,213,3,2
536,214,3,2
536,215,3,2
536,216,3,2
536,217,3,2
536,218,3,2
536,219,3,2
536,220,3,2
536,221,3,2
536,222,3,2
536,223,3,2
536,224,3,2
536,225,3,2
536,226,3,2
536,227,3,2
536,228,3,2
536,229,3,2
536,230,3,2
536,231,3,2
536,232,3,2
536,233,3,2
536,234,3,2
536,235,3,2
536,236,3,2
536,237,3,2
536,238,3,2
536,239,3,2
536,240,3,2
536,241,3,2
536,242,3,2
536,243,3,2
536,244,3,2
536,245,3,2
536,246,3,2
536,247,3,2
536,248,3,2
536,249,3,2
536,250,3,2
536,251,3,2
536,252,3,2
536,253,3,2
536,254,3,2
536,255,3,2
536,256,3,2
536,257,3,2
536,258,3,2
536,259,3,2
536,260,3,2
536,261,3,2
536,262,3,2
536,263,3,2
536,264,3,2
536,265,3,2
536,266,3,2
536,267,3,2
536,268,3,2
536,269,3,2
536,270,3,2
536,271,3,2
536,272,3,2
536,273,3,2
536,274,3,2
536,275,3,2
536,276,3,2
536,277,3,2
536,278,3,2
536,279,3,2
536,280,3,2
536,281,3,2
536,282,3,2
536,283,3,2
536,284,3,2
536,285,3,2
536,286,3,2
536,287,3,2
536,288,3,2
536,289,3,2
536,290,3,2
536,291,3,2
536,292,3,2
536,293,3,2
536,294,3,2
536,295,3,2
536,296,3,2
536,297,3,2
536,298,3,2
536,299,3,2
536,300,3,2
536,301,3,2
536,302,3,2
536,303,3,2
536,304,3,2
536,305,3,2
536,306,3,2
536,307,3,2
536,308,3,2
536,309,3,2
536,310,3,2
536,311,3,2
536,312,3,2
536,313,3,2
536,314,3,2
536,315,3,2
536,316,3,2
536,317,3,2
536,318,3,2
536,319,3,2
536,320,3,2
536,321,3,2
536,322,3,2
536,323,3,2
536,324,3,2
536,325,3,2
536,326,3,2
536,327,3,2
536,328,3,2
536,329,3,2
536,330,3,2
536,331,3,2
536,332,3,2
536,333,3,2
536,334,3,2
536,335,3,2
536,336,3,2
536,337,3,2
536,338,3,2
536,339,3,2
536,340,3,2
536,341,3,2
536,342,3,2
536,343,3,2
536,344,3,2
536,345,3,2
536,346,3,2
536,347,3,2
536,348,3,2
536,349,3,2
536,350,3,2
536,351,3,2
536,352,3,2
536,353,3,2
536,354,3,2
536,355,3,2
536,356,3,2
536,357,3,2
536,358,3,2
536,359,3,2
536,360,3,2
536,361,3,2
536,362,3,2
536,363,3,2
536,364,3,2
536,365,3,2
536,366,3,2
536,367,3,2
536,368,3,2
536,369,3,2
536,370,3,2
536,371,3,2
536,372,3,2
536,373,3,2
536,374,3,2
536,375,3,2
536,376,3,2
536,377,3,2
536,378,3,2
536,379,3,2
536,380,3,2
536,381,3,2
536,382,3,2
536,383,3,2
536,384,3,2
536,385,3,2
536,386,3,2
536,387,3,2
536,388,3,2
536,389,3,2
536,390,3,2
536,391,3,2
536,392,3,2
536,393,3,2
536,394,3,2
536,395,3,2
536,396,3,2
536,397,3,2
536,398,3,2
536,399,3,2
536,400,3,2
536,401,3,2
536,402,3,2
536,403,3,2
536,404,3,2
536,405,3,2
536,406,3,2
536,407,3,2
536,408,3,2
536,409,3,2
536,410,3,2
536,411,3,2
536,412,3,2
536,413,3,2
536,414,3,2
536,415,3,2
536,416,3,2
536,417,3,2
536,418,3,2
536,419,3,2
536,420,3,2
536,421,3,2
536,422,3,2
536,423,3,2
536,424,3,2
536,425,3,2
536,426,3,2
536,427,3,2
536,428,3,2
536,429,3,2
536,430,3,2
536,431,3,2
536,432,3,2
536,433,3,2
536,434,3,2
536,435,3,2
536,436,3,2
536,437,3,2
536,438,3,2
536,439,3,2
536,440,3,2
536,441,3,2
536,442,3,2
536,443,3,2
536,444,3,3
536,445,3,3
536,446,3,3
536,447,3,3
536,448,3,3
536,449,3,3
536,450,3,3
536,451,3,3
536,452,3,3
536,453,3,3
536,454,3,3
536,455,3,3
536,456,3,3
536,457,3,3
536,458,3,3
536,459,3,3
536,460,3,3
536,461,3,3
536,462,3,3
536,463,3,3
536,464,3,3
536,465,3,3
536,466,3,3
536,467,3,3
536,468,3,3
536,469,3,3
536,470,3,3
536,471,3,3
536,472,3,3
536,473,3,3
536,474,3,3
536,475,3,3
536,476,3,3
536,477,3,3
536,478,3,3
536,479,3,3
536,480,3,3
536,481,3,3
536,482,3,3
536,483,3,2
536,484,3,2
536,485,3,2
536,486,3,2
536,487,3,2
536,488,3,2
536,489,3,2
536,490,3,2
536,491,3,2
536,492,3,2
536,493,3,2
536,494,3,2
536,495,3,2
536,496,3,2
536,497,3,2
536,498,3,2
536,499,3,2
536,500,3,2
536,501,3,2
536,502,3,2
536,503,3,2
536,504,3,2
536,505,3,2
536,506,3,2
536,507,3,2
536,508,3,2
536,509,3,2
536,510,3,2
536,511,3,2
536,512,3,2
536,513,3,2
536,514,3,2
536,515,3,2
536,516,3,2
536,517,3,2
536,518,3,2
536,519,3,2
536,520,3,2
536,521,3,2
536,522,3,2
536,523,3,2
536,524,3,2
536,525,3,2
536,526,3,2
536,527,3,2
536,528,3,2
536,529,3,2
536,530,3,2
536,531,3,2
536,532,3,2
536,533,3,2
536,534,3,2
536,535,3,2
536,536,3,2
536,537,3,2
536,538,3,2
536,539,3,2
536,540,3,2
536,541,3,2
536,542,3,2
536,543,3,2
536,544,3,2
536,545,3,2
536,546,3,2
536,547,3,2
536,548,3,2
536,549,3,2
536,550,3,2
536,551,3,2
536,552,3,2
536,553,3,2
536,554,3,2
536,555,3,2
536,556,3,2
536,557,3,2
536,558,3,2
536,559,3,2
536,560,3,2
536,561,3,2
536,562,3,2
536,563,3,2
536,564,3,2
536,565,3,2
536,566,3,2
536,567,3,2
536,568,3,2
536,569,3,2
536,570,3,2
536,571,3,2
536,572,3,2
536,573,3,2
536,574,3,2
536,575,3,2
536,576,3,2
536,577,3,2
536,578,3,2
536,579,3,2
536,580,3,2
536,581,3,2
536,582,3,2
536,583,3,2
536,584,3,2
536,585,3,2
536,586,3,2
536,587,3,2
536,588,3,2
536,589,3,2
536,590,3,2
536,591,3,2
536,592,3,2
536,593,3,2
536,594,3,2
536,595,3,2
536,596,3,2
536,597,3,2
536,598,3,2
536,599,3,3
536,600,3,3
536,601,3,3
536,602,3,2
536,603,3,2
536,604,3,2
536,605,3,2
536,606,3,2
536,607,3,2
536,608,3,2
536,609,3,2
536,610,3,2
536,611,3,2
536,612,3,2
536,613,3,2
536,614,3,2
536,615,3,2
536,616,3,2
536,617,3,2
536,618,3,2
536,619,3,2
536,620,3,2
536,621,3,2
536,622,3,2
536,623,3,2
536,624,3,2
536,625,3,2
536,626,3,2
536,627,3,2
536,628,3,2
536,629,3,2
536,630,3,2
536,631,3,2
536,632,3,2
536,633,3,2
536,634,3,2
536,635,3,2
536,636,3,2
536,637,3,2
536,638,3,2
536,639,3,2
536,640,3,2
536,641,3,2
536,642,3,2
536,643,3,2
536,644,3,2
536,645,3,2
536,646,3,2
536,647,3,2
536,648,3,2
536,649,3,2
536,650,3,2
536,651,3,2
536,652,3,2
536,653,3,2
536,654,3,2
536,655,3,2
536,656,3,2
537,83,3,2
537,84,3,2
537,85,3,3
537,86,3,3
537,87,3,3
537,88,3,3
537,89,3,3
537,90,3,3
537,91,3,2
537,92,3,2
537,93,3,2
537,94,3,2
537,95,3,2
537,96,3,2
537,97,3,2
537,98,3,2
537,99,3,2
537,100,3,2
537,101,3,2
537,102,3,2
537,103,3,2
537,104,3,2
537,105,3,2
537,106,3,2
537,107,3,2
537,108,3,2
537,109,3,2
537,110,3,2
537,111,3,2
537,112,3,2
537,113,3,2
537,114,3,2
537,115,3,2
537,116,3,2
537,117,3,2
537,118,3,2
537,119,3,2
537,120,3,2
537,121,3,2
537,122,3,2
537,123,3,2
537,124,3,2
537,125,3,2
537,126,3,2
537,127,3,2
537,128,3,2
537,129,3,2
537,130,3,2
537,131,3,2
537,132,3,2
537,133,3,2
537,134,3,2
537,135,3,2
537,136,3,2
537,137,3,2
537,138,3,2
537,139,3,2
537,140,3,2
537,141,3,2
537,142,3,2
537,143,3,2
537,144,3,2
537,145,3,2
537,146,3,2
537,147,3,2
537,148,3,2
537,149,3,2
537,150,3,2
537,151,3,2
537,152,3,2
537,153,3,2
537,154,3,2
537,155,3,2
537,156,3,2
537,157,3,2
537,158,3,2
537,159,3,2
537,160,3,2
537,161,3,2
537,162,3,2
537,163,3,2
537,164,3,2
537,165,3,2
537,166,3,2
537,167,3,2
537,168,3,2
537,169,3,2
537,170,3,2
537,171,3,2
537,172,3,2
537,173,3,2
537,174,3,2
537,175,3,2
537,176,3,2
537,177,3,2
537,178,3,2
537,179,3,2
537,180,3,2
537,181,3,2
537,182,3,2
537,183,3,2
537,184,3,2
537,185,3,2
537,186,3,2
537,187,3,2
537,188,3,2
537,189,3,2
537,190,3,2
537,191,3,2
537,192,3,2
537,193,3,2
537,194,3,2
537,195,3,2
537,196,3,2
537,197,3,2
537,198,3,2
537,199,3,2
537,200,3,2
537,201,3,2
537,202,3,2
537,203,3,2
537,204,3,2
537,205,3,2
537,206,3,2
537,207,3,2
537,208,3,2
537,209,3,2
537,210,3,2
537,211,3,2
537,212,3,2
537,213,3,2
537,214,3,2
537,215,3,2
537,216,3,2
537,217,3,2
537,218,3,2
537,219,3,2
537,220,3,2
537,221,3,2
537,222,3,2
537,223,3,2
537,224,3,2
537,225,3,2
537,226,3,2
537,227,3,2
537,228,3,2
537,229,3,2
537,230,3,2
537,231,3,2
537,232,3,2
537,233,3,2
537,234,3,2
537,235,3,2
537,236,3,2
537,237,3,2
537,238,3,2
537,239,3,2
537,240,3,2
537,241,3,2
537,242,3,2
537,243,3,2
537,244,3,2
537,245,3,2
537,246,3,2
537,247,3,2
537,248,3,2
537,249,3,2
537,250,3,2
537,251,3,2
537,252,3,2
537,253,3,2
537,254,3,2
537,255,3,2
537,256,3,2
537,257,3,2
537,258,3,2
537,259,3,2
537,260,3,2
537,261,3,2
537,262,3,2
537,263,3,2
537,264,3,2
537,265,3,2
537,266,3,2
537,267,3,2
537,268,3,2
537,269,3,2
537,270,3,2
537,271,3,2
537,272,3,2
537,273,3,2
537,274,3,2
537,275,3,2
537,276,3,2
537,277,3,2
537,278,3,2
537,279,3,2
537,280,3,2
537,281,3,2
537,282,3,2
537,283,3,2
537,284,3,2
537,285,3,2
537,286,3,2
537,287,3,2
537,288,3,2
537,289,3,2
537,290,3,2
537,291,3,2
537,292,3,2
537,293,3,2
537,294,3,2
537,295,3,2
537,296,3,2
537,297,3,2
537,298,3,2
537,299,3,2
537,300,3,2
537,301,3,2
537,302,3,2
537,303,3,2
537,304,3,2
537,305,3,2
537,306,3,2
537,307,3,2
537,308,3,2
537,309,3,2
537,310,3,2
537,311,3,2
537,312,3,2
537,313,3,2
537,314,3,2
537,315,3,2
537,316,3,2
537,317,3,2
537,318,3,2
537,319,3,2
537,320,3,2
537,321,3,2
537,322,3,2
537,323,3,2
537,324,3,2
537,325,3,2
537,326,3,2
537,327,3,2
537,328,3,2
537,329,3,2
537,330,3,2
537,331,3,2
537,332,3,2
537,333,3,2
537,334,3,2
537,335,3,2
537,336,3,2
537,337,3,2
537,338,3,2
537,339,3,2
537,340,3,2
537,341,3,2
537,342,3,2
537,343,3,2
537,344,3,2
537,345,3,2
537,346,3,2
537,347,3,2
537,348,3,2
537,349,3,2
537,350,3,2
537,351,3,2
537,352,3,2
537,353,3,2
537,354,3,2
537,355,3,2
537,356,3,2
537,357,3,2
537,358,3,2
537,359,3,2
537,360,3,2
537,361,3,2
537,362,3,2
537,363,3,2
537,364,3,2
537,365,3,2
537,366,3,2
537,367,3,2
537,368,3,2
537,369,3,2
537,370,3,2
537,371,3,2
537,372,3,2
537,373,3,2
537,374,3,2
537,375,3,2
537,376,3,2
537,377,3,2
537,378,3,2
537,379,3,2
537,380,3,2
537,381,3,2
537,382,3,2
537,383,3,2
537,384,3,2
537,385,3,2
537,386,3,2
537,387,3,2
537,388,3,2
537,389,3,2
537,390,3,2
537,391,3,2
537,392,3,2
537,393,3,2
537,394,3,2
537,395,3,2
537,396,3,2
537,397,3,2
537,398,3,2
537,399,3,2
537,400,3,2
537,401,3,2
537,402,3,2
537,403,3,2
537,404,3,2
537,405,3,2
537,406,3,2
537,407,3,2
537,408,3,2
537,409,3,2
537,410,3,2
537,411,3,2
537,412,3,2
537,413,3,2
537,414,3,2
537,415,3,2
537,416,3,2
537,417,3,2
537,418,3,2
537,419,3,2
537,420,3,2
537,421,3,2
537,422,3,2
537,423,3,2
537,424,3,2
537,425,3,2
537,426,3,2
537,427,3,2
537,428,3,2
537,429,3,2
537,430,3,2
537,431,3,2
537,432,3,2
537,433,3,2
537,434,3,2
537,435,3,2
537,436,3,2
537,437,3,2
537,438,3,2
537,439,3,2
537,440,3,2
537,441,3,2
537,442,3,2
537,443,3,2
537,444,3,3
537,445,3,3
537,446,3,3
537,447,3,3
537,448,3,3
537,449,3,3
537,450,3,3
537,451,3,3
537,452,3,3
537,453,3,3
537,454,3,3
537,455,3,3
537,456,3,3
537,457,3,3
537,458,3,3
537,459,3,3
537,460,3,3
537,461,3,3
537,462,3,3
537,463,3,3
537,464,3,3
537,465,3,3
537,466,3,3
537,467,3,3
537,468,3,3
537,469,3,3
537,470,3,3
537,471,3,3
537,472,3,3
537,473,3,3
537,474,3,3
537,475,3,3
537,476,3,3
537,477,3,2
537,478,3,2
537,479,3,2
537,480,3,2
537,481,3,2
537,482,3,2
537,483,3,2
537,484,3,2
537,485,3,2
537,486,3,2
537,487,3,2
537,488,3,2
537,489,3,2
537,490,3,2
537,491,3,2
537,492,3,2
537,493,3,2
537,494,3,2
537,495,3,2
537,496,3,2
537,497,3,2
537,498,3,2
537,499,3,2
537,500,3,2
537,501,3,2
537,502,3,2
537,503,3,2
537,504,3,2
537,505,3,2
537,506,3,2
537,507,3,2
537,508,3,2
537,509,3,2
537,510,3,2
537,511,3,2
537,512,3,2
537,513,3,2
537,514,3,2
537,515,3,2
537,516,3,2
537,517,3,2
537,518,3,2
537,519,3,2
537,520,3,2
537,521,3,2
537,522,3,2
537,523,3,2
537,524,3,2
537,525,3,2
537,526,3,2
537,527,3,2
537,528,3,2
537,529,3,2
537,530,3,2
537,531,3,2
537,532,3,2
537,533,3,2
537,534,3,2
537,535,3,2
537,536,3,2
537,537,3,2
537,538,3,2
537,539,3,2
537,540,3,2
537,541,3,2
537,542,3,2
537,543,3,2
537,544,3,2
537,545,3,2
537,546,3,2
537,547,3,2
537,548,3,2
537,549,3,2
537,550,3,2
537,551,3,2
537,552,3,2
537,553,3,2
537,554,3,2
537,555,3,2
537,556,3,2
537,557,3,2
537,558,3,2
537,559,3,2
537,560,3,2
537,561,3,2
537,562,3,2
537,563,3,2
537,564,3,2
537,565,3,2
537,566,3,2
537,567,3,2
537,568,3,2
537,569,3,2
537,570,3,2
537,571,3,2
537,572,3,2
537,573,3,2
537,574,3,2
537,575,3,2
537,576,3,2
537,577,3,2
537,578,3,2
537,579,3,2
537,580,3,2
537,581,3,2
537,582,3,2
537,583,3,2
537,584,3,2
537,585,3,2
537,586,3,2
537,587,3,2
537,588,3,2
537,589,3,2
537,590,3,2
537,591,3,2
537,592,3,2
537,593,3,2
537,594,3,2
537,595,3,2
537,596,3,2
537,597,3,2
537,598,3,2
537,599,3,3
537,600,3,3
537,601,3,3
537,602,3,2
537,603,3,2
537,604,3,2
537,605,3,2
537,606,3,2
537,607,3,2
537,608,3,2
537,609,3,2
537,610,3,2
537,611,3,2
537,612,3,2
537,613,3,2
537,614,3,2
537,615,3,2
537,616,3,2
537,617,3,2
537,618,3,2
537,619,3,2
537,620,3,2
537,621,3,2
537,622,3,2
537,623,3,2
537,624,3,2
537,625,3,2
537,626,3,2
537,627,3,2
537,628,3,2
537,629,3,2
537,630,3,2
537,631,3,2
537,632,3,2
537,633,3,2
537,634,3,2
537,635,3,2
537,636,3,2
537,637,3,2
537,638,3,2
537,639,3,2
537,640,3,2
537,641,3,2
537,642,3,2
537,643,3,2
537,644,3,2
537,645,3,2
537,646,3,2
537,647,3,2
537,648,3,2
537,649,3,2
537,650,3,2
537,651,3,2
537,652,3,2
537,653,3,2
537,654,3,2
537,655,3,2
537,656,3,2
538,83,3,2
538,84,3,2
538,85,3,3
538,86,3,3
538,87,3,3
538,88,3,3
538,89,3,3
538,90,3,3
538,91,3,2
538,92,3,2
538,93,3,2
538,94,3,2
538,95,3,2
538,96,3,2
538,97,3,2
538,98,3,2
538,99,3,2
538,100,3,2
538,101,3,2
538,102,3,2
538,103,3,2
538,104,3,2
538,105,3,2
538,106,3,2
538,107,3,2
538,108,3,2
538,109,3,2
538,110,3,2
538,111,3,2
538,112,3,2
538,113,3,2
538,114,3,2
538,115,3,2
538,116,3,2
538,117,3,2
538,118,3,2
538,119,3,2
538,120,3,2
538,121,3,2
538,122,3,2
538,123,3,2
538,124,3,2
538,125,3,2
538,126,3,2
538,127,3,2
538,128,3,2
538,129,3,2
538,130,3,2
538,131,3,2
538,132,3,2
538,133,3,2
538,134,3,2
538,135,3,2
538,136,3,2
538,137,3,2
538,138,3,2
538,139,3,2
538,140,3,2
538,141,3,2
538,142,3,2
538,143,3,2
538,144,3,2
538,145,3,2
538,146,3,2
538,147,3,2
538,148,3,2
538,149,3,2
538,150,3,2
538,151,3,2
538,152,3,2
538,153,3,2
538,154,3,2
538,155,3,2
538,156,3,2
538,157,3,2
538,158,3,2
538,159,3,2
538,160,3,2
538,161,3,2
538,162,3,2
538,163,3,2
538,164,3,2
538,165,3,2
538,166,3,2
538,167,3,2
538,168,3,2
538,169,3,2
538,170,3,2
538,171,3,2
538,172,3,2
538,173,3,2
538,174,3,2
538,175,3,2
538,176,3,2
538,177,3,2
538,178,3,2
538,179,3,2
538,180,3,2
538,181,3,2
538,182,3,2
538,183,3,2
538,184,3,2
538,185,3,2
538,186,3,2
538,187,3,2
538,188,3,2
538,189,3,2
538,190,3,2
538,191,3,2
538,192,3,2
538,193,3,2
538,194,3,2
538,195,3,2
538,196,3,2
538,197,3,2
538,198,3,2
538,199,3,2
538,200,3,2
538,201,3,2
538,202,3,2
538,203,3,2
538,204,3,2
538,205,3,2
538,206,3,2
538,207,3,2
538,208,3,2
538,209,3,2
538,210,3,2
538,211,3,2
538,212,3,2
538,213,3,2
538,214,3,2
538,215,3,2
538,216,3,2
538,217,3,2
538,218,3,2
538,219,3,2
538,220,3,2
538,221,3,2
538,222,3,2
538,223,3,2
538,224,3,2
538,225,3,2
538,226,3,2
538,227,3,2
538,228,3,2
538,229,3,2
538,230,3,2
538,231,3,2
538,232,3,2
538,233,3,2
538,234,3,2
538,235,3,2
538,236,3,2
538,237,3,2
538,238,3,2
538,239,3,2
538,240,3,2
538,241,3,2
538,242,3,2
538,243,3,2
538,244,3,2
538,245,3,2
538,246,3,2
538,247,3,2
538,248,3,2
538,249,3,2
538,250,3,2
538,251,3,2
538,252,3,2
538,253,3,2
538,254,3,2
538,255,3,2
538,256,3,2
538,257,3,2
538,258,3,2
538,259,3,2
538,260,3,2
538,261,3,2
538,262,3,2
538,263,3,2
538,264,3,2
538,265,3,2
538,266,3,2
538,267,3,2
538,268,3,2
538,269,3,2
538,270,3,2
538,271,3,2
538,272,3,2
538,273,3,2
538,274,3,2
538,275,3,2
538,276,3,2
538,277,3,2
538,278,3,2
538,279,3,2
538,280,3,2
538,281,3,2
538,282,3,2
538,283,3,2
538,284,3,2
538,285,3,2
538,286,3,2
538,287,3,2
538,288,3,2
538,289,3,2
538,290,3,2
538,291,3,2
538,292,3,2
538,293,3,2
538,294,3,2
538,295,3,2
538,296,3,2
538,297,3,2
538,298,3,2
538,299,3,2
538,300,3,2
538,301,3,2
538,302,3,2
538,303,3,2
538,304,3,2
538,305,3,2
538,306,3,2
538,307,3,2
538,308,3,2
538,309,3,2
538,310,3,2
538,311,3,2
538,312,3,2
538,313,3,2
538,314,3,2
538,315,3,2
538,316,3,2
538,317,3,2
538,318,3,2
538,319,3,2
538,320,3,2
538,321,3,2
538,322,3,2
538,323,3,2
538,324,3,2
538,325,3,2
538,326,3,2
538,327,3,2
538,328,3,2
538,329,3,2
538,330,3,2
538,331,3,2
538,332,3,2
538,333,3,2
538,334,3,2
538,335,3,2
538,336,3,2
538,337,3,2
538,338,3,2
538,339,3,2
538,340,3,2
538,341,3,2
538,342,3,2
538,343,3,2
538,344,3,2
538,345,3,2
538,346,3,2
538,347,3,2
538,348,3,2
538,349,3,2
538,350,3,2
538,351,3,2
538,352,3,2
538,353,3,2
538,354,3,2
538,355,3,2
538,356,3,2
538,357,3,2
538,358,3,2
538,359,3,2
538,360,3,2
538,361,3,2
538,362,3,2
538,363,3,2
538,364,3,2
538,365,3,2
538,366,3,2
538,367,3,2
538,368,3,2
538,369,3,2
538,370,3,2
538,371,3,2
538,372,3,2
538,373,3,2
538,374,3,2
538,375,3,2
538,376,3,2
538,377,3,2
538,378,3,2
538,379,3,2
538,380,3,2
538,381,3,2
538,382,3,2
538,383,3,2
538,384,3,2
538,385,3,2
538,386,3,2
538,387,3,2
538,388,3,2
538,389,3,2
538,390,3,2
538,391,3,2
538,392,3,2
538,393,3,2
538,394,3,2
538,395,3,2
538,396,3,2
538,397,3,2
538,398,3,2
538,399,3,2
538,400,3,2
538,401,3,2
538,402,3,2
538,403,3,2
538,404,3,2
538,405,3,2
538,406,3,2
538,407,3,2
538,408,3,2
538,409,3,2
538,410,3,2
538,411,3,2
538,412,3,2
538,413,3,2
538,414,3,2
538,415,3,2
538,416,3,2
538,417,3,2
538,418,3,2
538,419,3,2
538,420,3,2
538,421,3,2
538,422,3,2
538,423,3,2
538,424,3,2
538,425,3,2
538,426,3,2
538,427,3,2
538,428,3,2
538,429,3,2
538,430,3,2
538,431,3,2
538,432,3,2
538,433,3,2
538,434,3,2
538,435,3,2
538,436,3,2
538,437,3,2
538,438,3,2
538,439,3,2
538,440,3,2
538,441,3,2
538,442,3,2
538,443,3,2
538,444,3,2
538,445,3,3
538,446,3,3
538,447,3,3
538,448,3,3
538,449,3,3
538,450,3,3
538,451,3,3
538,452,3,3
538,453,3,3
538,454,3,3
538,455,3,3
538,456,3,3
538,457,3,3
538,458,3,3
538,459,3,3
538,460,3,3
538,461,3,3
538,462,3,3
538,463,3,3
538,464,3,3
538,465,3,3
538,466,3,3
538,467,3,3
538,468,3,3
538,469,3,3
538,470,3,3
538,471,3,3
538,472,3,3
538,473,3,3
538,474,3,3
538,475,3,2
538,476,3,2
538,477,3,2
538,478,3,2
538,479,3,2
538,480,3,2
538,481,3,2
538,482,3,2
538,483,3,2
538,484,3,2
538,485,3,2
538,486,3,2
538,487,3,2
538,488,3,2
538,489,3,2
538,490,3,2
538,491,3,2
538,492,3,2
538,493,3,2
538,494,3,2
538,495,3,2
538,496,3,2
538,497,3,2
538,498,3,2
538,499,3,2
538,500,3,2
538,501,3,2
538,502,3,2
538,503,3,2
538,504,3,2
538,505,3,2
538,506,3,2
538,507,3,2
538,508,3,2
538,509,3,2
538,510,3,2
538,511,3,2
538,512,3,2
538,513,3,2
538,514,3,2
538,515,3,2
538,516,3,2
538,517,3,2
538,518,3,2
538,519,3,2
538,520,3,2
538,521,3,2
538,522,3,2
538,523,3,2
538,524,3,2
538,525,3,2
538,526,3,2
538,527,3,2
538,528,3,2
538,529,3,2
538,530,3,2
538,531,3,2
538,532,3,2
538,533,3,2
538,534,3,2
538,535,3,2
538,536,3,2
538,537,3,2
538,538,3,2
538,539,3,2
538,540,3,2
538,541,3,2
538,542,3,2
538,543,3,2
538,544,3,2
538,545,3,2
538,546,3,2
538,547,3,2
538,548,3,2
538,549,3,2
538,550,3,2
538,551,3,2
538,552,3,2
538,553,3,2
538,554,3,2
538,555,3,2
538,556,3,2
538,557,3,2
538,558,3,2
538,559,3,2
538,560,3,2
538,561,3,2
538,562,3,2
538,563,3,2
538,564,3,2
538,565,3,2
538,566,3,2
538,567,3,2
538,568,3,2
538,569,3,2
538,570,3,2
538,571,3,2
538,572,3,2
538,573,3,2
538,574,3,2
538,575,3,2
538,576,3,2
538,577,3,2
538,578,3,2
538,579,3,2
538,580,3,2
538,581,3,2
538,582,3,2
538,583,3,2
538,584,3,2
538,585,3,2
538,586,3,2
538,587,3,2
538,588,3,2
538,589,3,2
538,590,3,2
538,591,3,2
538,592,3,2
538,593,3,2
538,594,3,2
538,595,3,2
538,596,3,2
538,597,3,2
538,598,3,3
538,599,3,3
538,600,3,3
538,601,3,3
538,602,3,3
538,603,3,2
538,604,3,2
538,605,3,2
538,606,3,2
538,607,3,2
538,608,3,2
538,609,3,2
538,610,3,2
538,611,3,2
538,612,3,2
538,613,3,2
538,614,3,2
538,615,3,2
538,616,3,2
538,617,3,2
538,618,3,2
538,619,3,2
538,620,3,2
538,621,3,2
538,622,3,2
538,623,3,2
538,624,3,2
538,625,3,2
538,626,3,2
538,627,3,2
538,628,3,2
538,629,3,2
538,630,3,2
538,631,3,2
538,632,3,2
538,633,3,2
538,634,3,2
538,635,3,2
538,636,3,2
538,637,3,2
538,638,3,2
538,639,3,2
538,640,3,2
538,641,3,2
538,642,3,2
538,643,3,2
538,644,3,2
538,645,3,2
538,646,3,2
538,647,3,2
538,648,3,2
538,649,3,2
538,650,3,2
538,651,3,2
538,652,3,2
538,653,3,2
538,654,3,2
538,655,3,2
539,83,3,2
539,84,3,2
539,85,3,3
539,86,3,3
539,87,3,3
539,88,3,3
539,89,3,3
539,90,3,3
539,91,3,2
539,92,3,2
539,93,3,2
539,94,3,2
539,95,3,2
539,96,3,2
539,97,3,2
539,98,3,2
539,99,3,2
539,100,3,2
539,101,3,2
539,102,3,2
539,103,3,2
539,104,3,2
539,105,3,2
539,106,3,2
539,107,3,2
539,108,3,2
539,109,3,2
539,110,3,2
539,111,3,2
539,112,3,2
539,113,3,2
539,114,3,2
539,115,3,2
539,116,3,2
539,117,3,2
539,118,3,2
539,119,3,2
539,120,3,2
539,121,3,2
539,122,3,2
539,123,3,2
539,124,3,2
539,125,3,2
539,126,3,2
539,127,3,2
539,128,3,2
539,129,3,2
539,130,3,2
539,131,3,2
539,132,3,2
539,133,3,2
539,134,3,2
539,135,3,2
539,136,3,2
539,137,3,2
539,138,3,2
539,139,3,2
539,140,3,2
539,141,3,2
539,142,3,2
539,143,3,2
539,144,3,2
539,145,3,2
539,146,3,2
539,147,3,2
539,148,3,2
539,149,3,2
539,150,3,2
539,151,3,2
539,152,3,2
539,153,3,2
539,154,3,2
539,155,3,2
539,156,3,2
539,157,3,2
539,158,3,2
539,159,3,2
539,160,3,2
539,161,3,2
539,162,3,2
539,163,3,2
539,164,3,2
539,165,3,2
539,166,3,2
539,167,3,2
539,168,3,2
539,169,3,2
539,170,3,2
539,171,3,2
539,172,3,2
539,173,3,2
539,174,3,2
539,175,3,2
539,176,3,2
539,177,3,2
539,178,3,2
539,179,3,2
539,180,3,2
539,181,3,2
539,182,3,2
539,183,3,2
539,184,3,2
539,185,3,2
539,186,3,2
539,187,3,2
539,188,3,2
539,189,3,2
539,190,3,2
539,191,3,2
539,192,3,2
539,193,3,2
539,194,3,2
539,195,3,2
539,196,3,2
539,197,3,2
539,198,3,2
539,199,3,2
539,200,3,2
539,201,3,2
539,202,3,2
539,203,3,2
539,204,3,2
539,205,3,2
539,206,3,2
539,207,3,2
539,208,3,2
539,209,3,2
539,210,3,2
539,211,3,2
539,212,3,2
539,213,3,2
539,214,3,2
539,215,3,2
539,216,3,2
539,217,3,2
539,218,3,2
539,219,3,2
539,220,3,2
539,221,3,2
539,222,3,2
539,223,3,2
539,224,3,2
539,225,3,2
539,226,3,2
539,227,3,2
539,228,3,2
539,229,3,2
539,230,3,2
539,231,3,2
539,232,3,2
539,233,3,2
539,234,3,2
539,235,3,2
539,236,3,2
539,237,3,2
539,238,3,2
539,239,3,2
539,240,3,2
539,241,3,2
539,242,3,2
539,243,3,2
539,244,3,2
539,245,3,2
539,246,3,2
539,247,3,2
539,248,3,2
539,249,3,2
539,250,3,2
539,251,3,2
539,252,3,2
539,253,3,2
539,254,3,2
539,255,3,2
539,256,3,2
539,257,3,2
539,258,3,2
539,259,3,2
539,260,3,2
539,261,3,2
539,262,3,2
539,263,3,2
539,264,3,2
539,265,3,2
539,266,3,2
539,267,3,2
539,268,3,2
539,269,3,2
539,270,3,2
539,271,3,2
539,272,3,2
539,273,3,2
539,274,3,2
539,275,3,2
539,276,3,2
539,277,3,2
539,278,3,2
539,279,3,2
539,280,3,2
539,281,3,2
539,282,3,2
539,283,3,2
539,284,3,2
539,285,3,2
539,286,3,2
539,287,3,2
539,288,3,2
539,289,3,2
539,290,3,2
539,291,3,2
539,292,3,2
539,293,3,2
539,294,3,2
539,295,3,2
539,296,3,2
539,297,3,2
539,298,3,2
539,299,3,2
539,300,3,2
539,301,3,2
539,302,3,2
539,303,3,2
539,304,3,2
539,305,3,2
539,306,3,2
539,307,3,2
539,308,3,2
539,309,3,2
539,310,3,2
539,311,3,2
539,312,3,2
539,313,3,2
539,314,3,2
539,315,3,2
539,316,3,2
539,317,3,2
539,318,3,2
539,319,3,2
539,320,3,2
539,321,3,2
539,322,3,2
539,323,3,2
539,324,3,2
539,325,3,2
539,326,3,2
539,327,3,2
539,328,3,2
539,329,3,2
539,330,3,2
539,331,3,2
539,332,3,2
539,333,3,2
539,334,3,2
539,335,3,2
539,336,3,2
539,337,3,2
539,338,3,2
539,339,3,2
539,340,3,2
539,341,3,2
539,342,3,2
539,343,3,2
539,344,3,2
539,345,3,2
539,346,3,2
539,347,3,2
539,348,3,2
539,349,3,2
539,350,3,2
539,351,3,2
539,352,3,2
539,353,3,2
539,354,3,2
539,355,3,2
539,356,3,2
539,357,3,2
539,358,3,2
539,359,3,2
539,360,3,2
539,361,3,2
539,362,3,2
539,363,3,2
539,364,3,2
539,365,3,2
539,366,3,2
539,367,3,2
539,368,3,2
539,369,3,2
539,370,3,2
539,371,3,2
539,372,3,2
539,373,3,2
539,374,3,2
539,375,3,2
539,376,3,2
539,377,3,2
539,378,3,2
539,379,3,2
539,380,3,2
539,381,3,2
539,382,3,2
539,383,3,2
539,384,3,2
539,385,3,2
539,386,3,2
539,387,3,2
539,388,3,2
539,389,3,2
539,390,3,2
539,391,3,2
539,392,3,2
539,393,3,2
539,394,3,2
539,395,3,2
539,396,3,2
539,397,3,2
539,398,3,2
539,399,3,2
539,400,3,2
539,401,3,2
539,402,3,2
539,403,3,2
539,404,3,2
539,405,3,2
539,406,3,2
539,407,3,2
539,408,3,2
539,409,3,2
539,410,3,2
539,411,3,2
539,412,3,2
539,413,3,2
539,414,3,2
539,415,3,2
539,416,3,2
539,417,3,2
539,418,3,2
539,419,3,2
539,420,3,2
539,421,3,2
539,422,3,2
539,423,3,2
539,424,3,2
539,425,3,2
539,426,3,2
539,427,3,2
539,428,3,2
539,429,3,2
539,430,3,2
539,431,3,2
539,432,3,2
539,433,3,2
539,434,3,2
539,435,3,2
539,436,3,2
539,437,3,2
539,438,3,2
539,439,3,2
539,440,3,2
539,441,3,2
539,442,3,2
539,443,3,2
539,444,3,2
539,445,3,2
539,446,3,3
539,447,3,3
539,448,3,3
539,449,3,3
539,450,3,3
539,451,3,3
539,452,3,3
539,453,3,3
539,454,3,3
539,455,3,3
539,456,3,3
539,457,3,3
539,458,3,3
539,459,3,3
539,460,3,3
539,461,3,3
539,462,3,3
539,463,3,3
539,464,3,3
539,465,3,3
539,466,3,3
539,467,3,3
539,468,3,3
539,469,3,3
539,470,3,3
539,471,3,3
539,472,3,3
539,473,3,2
539,474,3,2
539,475,3,2
539,476,3,2
539,477,3,2
539,478,3,2
539,479,3,2
539,480,3,2
539,481,3,2
539,482,3,2
539,483,3,2
539,484,3,2
539,485,3,2
539,486,3,2
539,487,3,2
539,488,3,2
539,489,3,2
539,490,3,2
539,491,3,2
539,492,3,2
539,493,3,2
539,494,3,2
539,495,3,2
539,496,3,2
539,497,3,2
539,498,3,2
539,499,3,2
539,500,3,2
539,501,3,2
539,502,3,2
539,503,3,2
539,504,3,2
539,505,3,2
539,506,3,2
539,507,3,2
539,508,3,2
539,509,3,2
539,510,3,2
539,511,3,2
539,512,3,2
539,513,3,2
539,514,3,2
539,515,3,2
539,516,3,2
539,517,3,2
539,518,3,2
539,519,3,2
539,520,3,2
539,521,3,2
539,522,3,2
539,523,3,2
539,524,3,2
539,525,3,2
539,526,3,2
539,527,3,2
539,528,3,2
539,529,3,3
539,530,3,2
539,531,3,2
539,532,3,2
539,533,3,2
539,534,3,2
539,535,3,2
539,536,3,2
539,537,3,2
539,538,3,2
539,539,3,2
539,540,3,2
539,541,3,2
539,542,3,2
539,543,3,2
539,544,3,2
539,545,3,2
539,546,3,2
539,547,3,2
539,548,3,2
539,549,3,2
539,550,3,2
539,551,3,2
539,552,3,2
539,553,3,2
539,554,3,2
539,555,3,2
539,556,3,2
539,557,3,2
539,558,3,2
539,559,3,2
539,560,3,2
539,561,3,2
539,562,3,2
539,563,3,2
539,564,3,2
539,565,3,2
539,566,3,2
539,567,3,2
539,568,3,2
539,569,3,2
539,570,3,2
539,571,3,2
539,572,3,2
539,573,3,2
539,574,3,2
539,575,3,2
539,576,3,2
539,577,3,2
539,578,3,2
539,579,3,2
539,580,3,2
539,581,3,2
539,582,3,2
539,583,3,2
539,584,3,2
539,585,3,2
539,586,3,2
539,587,3,2
539,588,3,2
539,589,3,2
539,590,3,2
539,591,3,2
539,592,3,2
539,593,3,2
539,594,3,2
539,595,3,2
539,596,3,2
539,597,3,2
539,598,3,3
539,599,3,3
539,600,3,3
539,601,3,3
539,602,3,3
539,603,3,2
539,604,3,2
539,605,3,2
539,606,3,2
539,607,3,2
539,608,3,2
539,609,3,2
539,610,3,2
539,611,3,2
539,612,3,2
539,613,3,2
539,614,3,2
539,615,3,2
539,616,3,2
539,617,3,2
539,618,3,2
539,619,3,2
539,620,3,2
539,621,3,2
539,622,3,2
539,623,3,2
539,624,3,2
539,625,3,2
539,626,3,2
539,627,3,2
539,628,3,2
539,629,3,2
539,630,3,2
539,631,3,2
539,632,3,2
539,633,3,2
539,634,3,2
539,635,3,2
539,636,3,2
539,637,3,2
539,638,3,2
539,639,3,2
539,640,3,2
539,641,3,2
539,642,3,2
539,643,3,2
539,644,3,2
539,645,3,2
539,646,3,2
539,647,3,2
539,648,3,2
539,649,3,2
539,650,3,2
539,651,3,2
539,652,3,2
539,653,3,2
539,654,3,2
539,655,3,2
539,656,3,2
540,83,3,2
540,84,3,2
540,85,3,3
540,86,3,3
540,87,3,3
540,88,3,3
540,89,3,3
540,90,3,3
540,91,3,3
540,92,3,2
540,93,3,2
540,94,3,2
540,95,3,2
540,96,3,2
540,97,3,2
540,98,3,2
540,99,3,2
540,100,3,2
540,101,3,2
540,102,3,2
540,103,3,2
540,104,3,2
540,105,3,2
540,106,3,2
540,107,3,2
540,108,3,2
540,109,3,2
540,110,3,2
540,111,3,2
540,112,3,2
540,113,3,2
540,114,3,2
540,115,3,2
540,116,3,2
540,117,3,2
540,118,3,2
540,119,3,2
540,120,3,2
540,121,3,2
540,122,3,2
540,123,3,2
540,124,3,2
540,125,3,2
540,126,3,2
540,127,3,2
540,128,3,2
540,129,3,2
540,130,3,2
540,131,3,2
540,132,3,2
540,133,3,2
540,134,3,2
540,135,3,2
540,136,3,2
540,137,3,2
540,138,3,2
540,139,3,2
540,140,3,2
540,141,3,2
540,142,3,2
540,143,3,2
540,144,3,2
540,145,3,2
540,146,3,2
540,147,3,2
540,148,3,2
540,149,3,2
540,150,3,2
540,151,3,2
540,152,3,2
540,153,3,2
540,154,3,2
540,155,3,2
540,156,3,2
540,157,3,2
540,158,3,2
540,159,3,2
540,160,3,2
540,161,3,2
540,162,3,2
540,163,3,2
540,164,3,2
540,165,3,2
540,166,3,2
540,167,3,2
540,168,3,2
540,169,3,2
540,170,3,2
540,171,3,2
540,172,3,2
540,173,3,2
540,174,3,2
540,175,3,2
540,176,3,2
540,177,3,2
540,178,3,2
540,179,3,2
540,180,3,2
540,181,3,2
540,182,3,2
540,183,3,2
540,184,3,2
540,185,3,2
540,186,3,2
540,187,3,2
540,188,3,2
540,189,3,2
540,190,3,2
540,191,3,2
540,192,3,2
540,193,3,2
540,194,3,2
540,195,3,2
540,196,3,2
540,197,3,2
540,198,3,2
540,199,3,2
540,200,3,2
540,201,3,2
540,202,3,2
540,203,3,2
540,204,3,2
540,205,3,2
540,206,3,2
540,207,3,2
540,208,3,2
540,209,3,2
540,210,3,2
540,211,3,2
540,212,3,2
540,213,3,2
540,214,3,2
540,215,3,2
540,216,3,2
540,217,3,2
540,218,3,2
540,219,3,2
540,220,3,2
540,221,3,2
540,222,3,2
540,223,3,2
540,224,3,2
540,225,3,2
540,226,3,2
540,227,3,2
540,228,3,2
540,229,3,2
540,230,3,2
540,231,3,2
540,232,3,2
540,233,3,2
540,234,3,2
540,235,3,2
540,236,3,2
540,237,3,2
540,238,3,2
540,239,3,2
540,240,3,2
540,241,3,2
540,242,3,2
540,243,3,2
540,244,3,2
540,245,3,2
540,246,3,2
540,247,3,2
540,248,3,2
540,249,3,2
540,250,3,2
540,251,3,2
540,252,3,2
540,253,3,2
540,254,3,2
540,255,3,2
540,256,3,2
540,257,3,2
540,258,3,2
540,259,3,2
540,260,3,2
540,261,3,2
540,262,3,2
540,263,3,2
540,264,3,2
540,265,3,2
540,266,3,2
540,267,3,2
540,268,3,2
540,269,3,2
540,270,3,2
540,271,3,2
540,272,3,2
540,273,3,2
540,274,3,2
540,275,3,2
540,276,3,2
540,277,3,2
540,278,3,2
540,279,3,2
540,280,3,2
540,281,3,2
540,282,3,2
540,283,3,2
540,284,3,2
540,285,3,2
540,286,3,2
540,287,3,2
540,288,3,2
540,289,3,2
540,290,3,2
540,291,3,2
540,292,3,2
540,293,3,2
540,294,3,2
540,295,3,2
540,296,3,2
540,297,3,2
540,298,3,2
540,299,3,2
540,300,3,2
540,301,3,2
540,302,3,2
540,303,3,2
540,304,3,2
540,305,3,2
540,306,3,2
540,307,3,2
540,308,3,2
540,309,3,2
540,310,3,2
540,311,3,2
540,312,3,2
540,313,3,2
540,314,3,2
540,315,3,2
540,316,3,2
540,317,3,2
540,318,3,2
540,319,3,2
540,320,3,2
540,321,3,2
540,322,3,2
540,323,3,2
540,324,3,2
540,325,3,2
540,326,3,2
540,327,3,2
540,328,3,2
540,329,3,2
540,330,3,2
540,331,3,2
540,332,3,2
540,333,3,2
540,334,3,2
540,335,3,2
540,336,3,2
540,337,3,2
540,338,3,2
540,339,3,2
540,340,3,2
540,341,3,2
540,342,3,2
540,343,3,2
540,344,3,2
540,345,3,2
540,346,3,2
540,347,3,2
540,348,3,2
540,349,3,2
540,350,3,2
540,351,3,2
540,352,3,2
540,353,3,2
540,354,3,2
540,355,3,2
540,356,3,2
540,357,3,2
540,358,3,2
540,359,3,2
540,360,3,2
540,361,3,2
540,362,3,2
540,363,3,2
540,364,3,2
540,365,3,2
540,366,3,2
540,367,3,2
540,368,3,2
540,369,3,2
540,370,3,2
540,371,3,2
540,372,3,2
540,373,3,2
540,374,3,2
540,375,3,2
540,376,3,2
540,377,3,2
540,378,3,2
540,379,3,2
540,380,3,2
540,381,3,2
540,382,3,2
540,383,3,2
540,384,3,2
540,385,3,2
540,386,3,2
540,387,3,2
540,388,3,2
540,389,3,2
540,390,3,2
540,391,3,2
540,392,3,2
540,393,3,2
540,394,3,2
540,395,3,2
540,396,3,2
540,397,3,2
540,398,3,2
540,399,3,2
540,400,3,2
540,401,3,2
540,402,3,2
540,403,3,2
540,404,3,2
540,405,3,2
540,406,3,2
540,407,3,2
540,408,3,2
540,409,3,2
540,410,3,2
540,411,3,2
540,412,3,2
540,413,3,2
540,414,3,2
540,415,3,2
540,416,3,2
540,417,3,2
540,418,3,2
540,419,3,2
540,420,3,2
540,421,3,2
540,422,3,2
540,423,3,2
540,424,3,2
540,425,3,2
540,426,3,2
540,427,3,2
540,428,3,2
540,429,3,2
540,430,3,2
540,431,3,2
540,432,3,2
540,433,3,2
540,434,3,2
540,435,3,2
540,436,3,2
540,437,3,2
540,438,3,2
540,439,3,2
540,440,3,2
540,441,3,2
540,442,3,2
540,443,3,2
540,444,3,2
540,445,3,2
540,446,3,2
540,447,3,2
540,448,3,3
540,449,3,3
540,450,3,3
540,451,3,3
540,452,3,3
540,453,3,3
540,454,3,3
540,455,3,3
540,456,3,3
540,457,3,3
540,458,3,3
540,459,3,3
540,460,3,3
540,461,3,3
540,462,3,3
540,463,3,3
540,464,3,3
540,465,3,3
540,466,3,2
540,467,3,3
540,468,3,3
540,469,3,2
540,470,3,2
540,471,3,2
540,472,3,2
540,473,3,2
540,474,3,2
540,475,3,2
540,476,3,2
540,477,3,2
540,478,3,2
540,479,3,2
540,480,3,2
540,481,3,2
540,482,3,2
540,483,3,2
540,484,3,2
540,485,3,2
540,486,3,2
540,487,3,2
540,488,3,2
540,489,3,2
540,490,3,2
540,491,3,2
540,492,3,2
540,493,3,2
540,494,3,2
540,495,3,2
540,496,3,2
540,497,3,2
540,498,3,2
540,499,3,2
540,500,3,2
540,501,3,2
540,502,3,2
540,503,3,2
540,504,3,2
540,505,3,2
540,506,3,2
540,507,3,2
540,508,3,2
540,509,3,2
540,510,3,2
540,511,3,2
540,512,3,2
540,513,3,2
540,514,3,2
540,515,3,2
540,516,3,2
540,517,3,2
540,518,3,2
540,519,3,2
540,520,3,2
540,521,3,2
540,522,3,2
540,523,3,2
540,524,3,2
540,525,3,2
540,526,3,2
540,527,3,2
540,528,3,2
540,529,3,3
540,530,3,3
540,531,3,2
540,532,3,2
540,533,3,2
540,534,3,2
540,535,3,2
540,536,3,2
540,537,3,2
540,538,3,2
540,539,3,2
540,540,3,2
540,541,3,2
540,542,3,2
540,543,3,2
540,544,3,2
540,545,3,2
540,546,3,2
540,547,3,2
540,548,3,2
540,549,3,2
540,550,3,2
540,551,3,2
540,552,3,2
540,553,3,2
540,554,3,2
540,555,3,2
540,556,3,2
540,557,3,2
540,558,3,2
540,559,3,2
540,560,3,2
540,561,3,2
540,562,3,2
540,563,3,2
540,564,3,2
540,565,3,2
540,566,3,2
540,567,3,2
540,568,3,2
540,569,3,2
540,570,3,2
540,571,3,2
540,572,3,2
540,573,3,2
540,574,3,2
540,575,3,2
540,576,3,2
540,577,3,2
540,578,3,2
540,579,3,2
540,580,3,2
540,581,3,2
540,582,3,2
540,583,3,2
540,584,3,2
540,585,3,2
540,586,3,2
540,587,3,2
540,588,3,2
540,589,3,2
540,590,3,2
540,591,3,2
540,592,3,2
540,593,3,2
540,594,3,2
540,595,3,2
540,596,3,2
540,597,3,2
540,598,3,3
540,599,3,3
540,600,3,3
540,601,3,3
540,602,3,3
540,603,3,3
540,604,3,2
540,605,3,2
540,606,3,2
540,607,3,2
540,608,3,2
540,609,3,2
540,610,3,2
540,611,3,2
540,612,3,2
540,613,3,2
540,614,3,2
540,615,3,2
540,616,3,2
540,617,3,2
540,618,3,2
540,619,3,2
540,620,3,2
540,621,3,2
540,622,3,2
540,623,3,2
540,624,3,2
540,625,3,2
540,626,3,2
540,627,3,2
540,628,3,2
540,629,3,2
540,630,3,2
540,631,3,2
540,632,3,2
540,633,3,2
540,634,3,2
540,635,3,2
540,636,3,2
540,637,3,2
540,638,3,2
540,639,3,2
540,640,3,2
540,641,3,2
540,642,3,2
540,643,3,2
540,644,3,2
540,645,3,2
540,646,3,2
540,647,3,2
540,648,3,2
540,649,3,2
540,650,3,2
540,651,3,2
540,652,3,2
540,653,3,2
540,654,3,2
540,655,3,2
540,656,3,2
541,83,3,2
541,84,3,2
541,85,3,3
541,86,3,3
541,87,3,3
541,88,3,3
541,89,3,3
541,90,3,3
541,91,3,3
541,92,3,2
541,93,3,2
541,94,3,2
541,95,3,2
541,96,3,2
541,97,3,2
541,98,3,2
541,99,3,2
541,100,3,2
541,101,3,2
541,102,3,2
541,103,3,2
541,104,3,2
541,105,3,2
541,106,3,2
541,107,3,2
541,108,3,2
541,109,3,2
541,110,3,2
541,111,3,2
541,112,3,2
541,113,3,2
541,114,3,2
541,115,3,2
541,116,3,2
541,117,3,2
541,118,3,2
541,119,3,2
541,120,3,2
541,121,3,2
541,122,3,2
541,123,3,2
541,124,3,2
541,125,3,2
541,126,3,2
541,127,3,2
541,128,3,2
541,129,3,2
541,130,3,2
541,131,3,2
541,132,3,2
541,133,3,2
541,134,3,2
541,135,3,2
541,136,3,2
541,137,3,2
541,138,3,2
541,139,3,2
541,140,3,2
541,141,3,2
541,142,3,2
541,143,3,2
541,144,3,2
541,145,3,2
541,146,3,2
541,147,3,2
541,148,3,2
541,149,3,2
541,150,3,2
541,151,3,2
541,152,3,2
541,153,3,2
541,154,3,2
541,155,3,2
541,156,3,2
541,157,3,2
541,158,3,2
541,159,3,2
541,160,3,2
541,161,3,2
541,162,3,2
541,163,3,2
541,164,3,2
541,165,3,2
541,166,3,2
541,167,3,2
541,168,3,2
541,169,3,2
541,170,3,2
541,171,3,2
541,172,3,2
541,173,3,2
541,174,3,2
541,175,3,2
541,176,3,2
541,177,3,2
541,178,3,2
541,179,3,2
541,180,3,2
541,181,3,2
541,182,3,2
541,183,3,2
541,184,3,2
541,185,3,2
541,186,3,2
541,187,3,2
541,188,3,2
541,189,3,2
541,190,3,2
541,191,3,2
541,192,3,2
541,193,3,2
541,194,3,2
541,195,3,2
541,196,3,2
541,197,3,2
541,198,3,2
541,199,3,2
541,200,3,2
541,201,3,2
541,202,3,2
541,203,3,2
541,204,3,2
541,205,3,2
541,206,3,2
541,207,3,2
541,208,3,2
541,209,3,2
541,210,3,2
541,211,3,2
541,212,3,2
541,213,3,2
541,214,3,2
541,215,3,2
541,216,3,2
541,217,3,2
541,218,3,2
541,219,3,2
541,220,3,2
541,221,3,2
541,222,3,2
541,223,3,2
541,224,3,2
541,225,3,2
541,226,3,2
541,227,3,2
541,228,3,2
541,229,3,2
541,230,3,2
541,231,3,2
541,232,3,2
541,233,3,2
541,234,3,2
541,235,3,2
541,236,3,2
541,237,3,2
541,238,3,2
541,239,3,2
541,240,3,2
541,241,3,2
541,242,3,2
541,243,3,2
541,244,3,2
541,245,3,2
541,246,3,2
541,247,3,2
541,248,3,2
541,249,3,2
541,250,3,2
541,251,3,2
541,252,3,2
541,253,3,2
541,254,3,2
541,255,3,2
541,256,3,2
541,257,3,2
541,258,3,2
541,259,3,2
541,260,3,2
541,261,3,2
541,262,3,2
541,263,3,2
541,264,3,2
541,265,3,2
541,266,3,2
541,267,3,2
541,268,3,2
541,269,3,2
541,270,3,2
541,271,3,2
541,272,3,2
541,273,3,2
541,274,3,2
541,275,3,2
541,276,3,2
541,277,3,2
541,278,3,2
541,279,3,2
541,280,3,2
541,281,3,2
541,282,3,2
541,283,3,2
541,284,3,2
541,285,3,2
541,286,3,2
541,287,3,2
541,288,3,2
541,289,3,2
541,290,3,2
541,291,3,2
541,292,3,2
541,293,3,2
541,294,3,2
541,295,3,2
541,296,3,2
541,297,3,2
541,298,3,2
541,299,3,2
541,300,3,2
541,301,3,2
541,302,3,2
541,303,3,2
541,304,3,2
541,305,3,2
541,306,3,2
541,307,3,2
541,308,3,2
541,309,3,2
541,310,3,2
541,311,3,2
541,312,3,2
541,313,3,2
541,314,3,2
541,315,3,2
541,316,3,2
541,317,3,2
541,318,3,2
541,319,3,2
541,320,3,2
541,321,3,2
541,322,3,2
541,323,3,2
541,324,3,2
541,325,3,2
541,326,3,2
541,327,3,2
541,328,3,2
541,329,3,2
541,330,3,2
541,331,3,2
541,332,3,2
541,333,3,2
541,334,3,2
541,335,3,2
541,336,3,2
541,337,3,2
541,338,3,2
541,339,3,2
541,340,3,2
541,341,3,2
541,342,3,2
541,343,3,2
541,344,3,2
541,345,3,2
541,346,3,2
541,347,3,2
541,348,3,2
541,349,3,2
541,350,3,2
541,351,3,2
541,352,3,2
541,353,3,2
541,354,3,2
541,355,3,2
541,356,3,2
541,357,3,2
541,358,3,2
541,359,3,2
541,360,3,2
541,361,3,2
541,362,3,2
541,363,3,2
541,364,3,2
541,365,3,2
541,366,3,2
541,367,3,2
541,368,3,2
541,369,3,2
541,370,3,2
541,371,3,2
541,372,3,2
541,373,3,2
541,374,3,2
541,375,3,2
541,376,3,2
541,377,3,2
541,378,3,2
541,379,3,2
541,380,3,2
541,381,3,2
541,382,3,2
541,383,3,2
541,384,3,2
541,385,3,2
541,386,3,2
541,387,3,2
541,388,3,2
541,389,3,2
541,390,3,2
541,391,3,2
541,392,3,2
541,393,3,2
541,394,3,2
541,395,3,2
541,396,3,2
541,397,3,2
541,398,3,2
541,399,3,2
541,400,3,2
541,401,3,2
541,402,3,2
541,403,3,2
541,404,3,2
541,405,3,2
541,406,3,2
541,407,3,2
541,408,3,2
541,409,3,2
541,410,3,2
541,411,3,2
541,412,3,2
541,413,3,2
541,414,3,2
541,415,3,2
541,416,3,2
541,417,3,2
541,418,3,2
541,419,3,2
541,420,3,2
541,421,3,2
541,422,3,2
541,423,3,2
541,424,3,2
541,425,3,2
541,426,3,2
541,427,3,2
541,428,3,2
541,429,3,2
541,430,3,2
541,431,3,2
541,432,3,2
541,433,3,2
541,434,3,2
541,435,3,2
541,436,3,2
541,437,3,2
541,438,3,2
541,439,3,2
541,440,3,2
541,441,3,2
541,442,3,2
541,443,3,2
541,444,3,2
541,445,3,2
541,446,3,2
541,447,3,2
541,448,3,2
541,449,3,2
541,450,3,3
541,451,3,3
541,452,3,3
541,453,3,3
541,454,3,3
541,455,3,3
541,456,3,3
541,457,3,3
541,458,3,3
541,459,3,3
541,460,3,3
541,461,3,3
541,462,3,3
541,463,3,3
541,464,3,2
541,465,3,2
541,466,3,2
541,467,3,2
541,468,3,2
541,469,3,2
541,470,3,2
541,471,3,2
541,472,3,2
541,473,3,2
541,474,3,2
541,475,3,2
541,476,3,2
541,477,3,2
541,478,3,2
541,479,3,2
541,480,3,2
541,481,3,2
541,482,3,2
541,483,3,2
541,484,3,2
541,485,3,2
541,486,3,2
541,487,3,2
541,488,3,2
541,489,3,2
541,490,3,2
541,491,3,2
541,492,3,2
541,493,3,2
541,494,3,2
541,495,3,2
541,496,3,2
541,497,3,2
541,498,3,2
541,499,3,2
541,500,3,2
541,501,3,2
541,502,3,2
541,503,3,2
541,504,3,2
541,505,3,2
541,506,3,2
541,507,3,2
541,508,3,2
541,509,3,2
541,510,3,2
541,511,3,2
541,512,3,2
541,513,3,2
541,514,3,2
541,515,3,2
541,516,3,2
541,517,3,2
541,518,3,2
541,519,3,2
541,520,3,2
541,521,3,2
541,522,3,2
541,523,3,2
541,524,3,2
541,525,3,2
541,526,3,2
541,527,3,3
541,528,3,3
541,529,3,3
541,530,3,3
541,531,3,2
541,532,3,2
541,533,3,2
541,534,3,2
541,535,3,2
541,536,3,2
541,537,3,2
541,538,3,2
541,539,3,2
541,540,3,2
541,541,3,2
541,542,3,2
541,543,3,2
541,544,3,2
541,545,3,2
541,546,3,2
541,547,3,2
541,548,3,2
541,549,3,2
541,550,3,2
541,551,3,2
541,552,3,2
541,553,3,2
541,554,3,2
541,555,3,2
541,556,3,2
541,557,3,2
541,558,3,2
541,559,3,2
541,560,3,2
541,561,3,2
541,562,3,2
541,563,3,2
541,564,3,2
541,565,3,2
541,566,3,2
541,567,3,2
541,568,3,2
541,569,3,2
541,570,3,2
541,571,3,2
541,572,3,2
541,573,3,2
541,574,3,2
541,575,3,2
541,576,3,2
541,577,3,2
541,578,3,2
541,579,3,2
541,580,3,2
541,581,3,2
541,582,3,2
541,583,3,2
541,584,3,2
541,585,3,2
541,586,3,2
541,587,3,2
541,588,3,2
541,589,3,2
541,590,3,2
541,591,3,2
541,592,3,2
541,593,3,2
541,594,3,2
541,595,3,2
541,596,3,2
541,597,3,2
541,598,3,3
541,599,3,3
541,600,3,3
541,601,3,3
541,602,3,3
541,603,3,3
541,604,3,2
541,605,3,2
541,606,3,2
541,607,3,2
541,608,3,2
541,609,3,2
541,610,3,2
541,611,3,2
541,612,3,2
541,613,3,2
541,614,3,2
541,615,3,2
541,616,3,2
541,617,3,2
541,618,3,2
541,619,3,2
541,620,3,2
541,621,3,2
541,622,3,2
541,623,3,2
541,624,3,2
541,625,3,2
541,626,3,2
541,627,3,2
541,628,3,2
541,629,3,2
541,630,3,2
541,631,3,2
541,632,3,2
541,633,3,2
541,634,3,2
541,635,3,2
541,636,3,2
541,637,3,2
541,638,3,2
541,639,3,2
541,640,3,2
541,641,3,2
541,642,3,2
541,643,3,2
541,644,3,2
541,645,3,2
541,646,3,2
541,647,3,2
541,648,3,2
541,649,3,2
541,650,3,2
541,651,3,2
541,652,3,2
541,653,3,2
541,654,3,2
541,655,3,2
542,83,3,2
542,84,3,2
542,85,3,3
542,86,3,3
542,87,3,3
542,88,3,3
542,89,3,3
542,90,3,3
542,91,3,3
542,92,3,2
542,93,3,2
542,94,3,2
542,95,3,2
542,96,3,2
542,97,3,2
542,98,3,2
542,99,3,2
542,100,3,2
542,101,3,2
542,102,3,2
542,103,3,2
542,104,3,2
542,105,3,2
542,106,3,2
542,107,3,2
542,108,3,2
542,109,3,2
542,110,3,2
542,111,3,2
542,112,3,2
542,113,3,2
542,114,3,2
542,115,3,2
542,116,3,2
542,117,3,2
542,118,3,2
542,119,3,2
542,120,3,2
542,121,3,2
542,122,3,2
542,123,3,2
542,124,3,2
542,125,3,2
542,126,3,2
542,127,3,2
542,128,3,2
542,129,3,2
542,130,3,2
542,131,3,2
542,132,3,2
542,133,3,2
542,134,3,2
542,135,3,2
542,136,3,2
542,137,3,2
542,138,3,2
542,139,3,2
542,140,3,2
542,141,3,2
542,142,3,2
542,143,3,2
542,144,3,2
542,145,3,2
542,146,3,2
542,147,3,2
542,148,3,2
542,149,3,2
542,150,3,2
542,151,3,2
542,152,3,2
542,153,3,2
542,154,3,2
542,155,3,2
542,156,3,2
542,157,3,2
542,158,3,2
542,159,3,2
542,160,3,2
542,161,3,2
542,162,3,2
542,163,3,2
542,164,3,2
542,165,3,2
542,166,3,2
542,167,3,2
542,168,3,2
542,169,3,2
542,170,3,2
542,171,3,2
542,172,3,2
542,173,3,2
542,174,3,2
542,175,3,2
542,176,3,2
542,177,3,2
542,178,3,2
542,179,3,2
542,180,3,2
542,181,3,2
542,182,3,2
542,183,3,2
542,184,3,2
542,185,3,2
542,186,3,2
542,187,3,2
542,188,3,2
542,189,3,2
542,190,3,2
542,191,3,2
542,192,3,2
542,193,3,2
542,194,3,2
542,195,3,2
542,196,3,2
542,197,3,2
542,198,3,2
542,199,3,2
542,200,3,2
542,201,3,2
542,202,3,2
542,203,3,2
542,204,3,2
542,205,3,2
542,206,3,2
542,207,3,2
542,208,3,2
542,209,3,2
542,210,3,2
542,211,3,2
542,212,3,2
542,213,3,2
542,214,3,2
542,215,3,2
542,216,3,2
542,217,3,2
542,218,3,2
542,219,3,2
542,220,3,2
542,221,3,2
542,222,3,2
542,223,3,2
542,224,3,2
542,225,3,2
542,226,3,2
542,227,3,2
542,228,3,2
542,229,3,2
542,230,3,2
542,231,3,2
542,232,3,2
542,233,3,2
542,234,3,2
542,235,3,2
542,236,3,2
542,237,3,2
542,238,3,2
542,239,3,2
542,240,3,2
542,241,3,2
542,242,3,2
542,243,3,2
542,244,3,2
542,245,3,2
542,246,3,2
542,247,3,2
542,248,3,2
542,249,3,2
542,250,3,2
542,251,3,2
542,252,3,2
542,253,3,2
542,254,3,2
542,255,3,2
542,256,3,2
542,257,3,2
542,258,3,2
542,259,3,2
542,260,3,2
542,261,3,2
542,262,3,2
542,263,3,2
542,264,3,2
542,265,3,2
542,266,3,2
542,267,3,2
542,268,3,2
542,269,3,2
542,270,3,2
542,271,3,2
542,272,3,2
542,273,3,2
542,274,3,2
542,275,3,2
542,276,3,2
542,277,3,2
542,278,3,2
542,279,3,2
542,280,3,2
542,281,3,2
542,282,3,2
542,283,3,2
542,284,3,2
542,285,3,2
542,286,3,2
542,287,3,2
542,288,3,2
542,289,3,2
542,290,3,2
542,291,3,2
542,292,3,2
542,293,3,2
542,294,3,2
542,295,3,2
542,296,3,2
542,297,3,2
542,298,3,2
542,299,3,2
542,300,3,2
542,301,3,2
542,302,3,2
542,303,3,2
542,304,3,2
542,305,3,2
542,306,3,2
542,307,3,2
542,308,3,2
542,309,3,2
542,310,3,2
542,311,3,2
542,312,3,2
542,313,3,2
542,314,3,2
542,315,3,2
542,316,3,2
542,317,3,2
542,318,3,2
542,319,3,2
542,320,3,2
542,321,3,2
542,322,3,2
542,323,3,2
542,324,3,2
542,325,3,2
542,326,3,2
542,327,3,2
542,328,3,2
542,329,3,2
542,330,3,2
542,331,3,2
542,332,3,2
542,333,3,2
542,334,3,2
542,335,3,2
542,336,3,2
542,337,3,2
542,338,3,2
542,339,3,2
542,340,3,2
542,341,3,2
542,342,3,2
542,343,3,2
542,344,3,2
542,345,3,2
542,346,3,2
542,347,3,2
542,348,3,2
542,349,3,2
542,350,3,2
542,351,3,2
542,352,3,2
542,353,3,2
542,354,3,2
542,355,3,2
542,356,3,2
542,357,3,2
542,358,3,2
542,359,3,2
542,360,3,2
542,361,3,2
542,362,3,2
542,363,3,2
542,364,3,2
542,365,3,2
542,366,3,2
542,367,3,2
542,368,3,2
542,369,3,2
542,370,3,2
542,371,3,2
542,372,3,2
542,373,3,2
542,374,3,2
542,375,3,2
542,376,3,2
542,377,3,2
542,378,3,2
542,379,3,2
542,380,3,2
542,381,3,2
542,382,3,2
542,383,3,2
542,384,3,2
542,385,3,2
542,386,3,2
542,387,3,2
542,388,3,2
542,389,3,2
542,390,3,2
542,391,3,2
542,392,3,2
542,393,3,2
542,394,3,2
542,395,3,2
542,396,3,2
542,397,3,2
542,398,3,2
542,399,3,2
542,400,3,2
542,401,3,2
542,402,3,2
542,403,3,2
542,404,3,2
542,405,3,2
542,406,3,2
542,407,3,2
542,408,3,2
542,409,3,2
542,410,3,2
542,411,3,2
542,412,3,2
542,413,3,2
542,414,3,2
542,415,3,2
542,416,3,2
542,417,3,2
542,418,3,2
542,419,3,2
542,420,3,2
542,421,3,2
542,422,3,2
542,423,3,2
542,424,3,2
542,425,3,2
542,426,3,2
542,427,3,2
542,428,3,2
542,429,3,2
542,430,3,2
542,431,3,2
542,432,3,2
542,433,3,2
542,434,3,2
542,435,3,2
542,436,3,2
542,437,3,2
542,438,3,2
542,439,3,2
542,440,3,2
542,441,3,2
542,442,3,2
542,443,3,2
542,444,3,2
542,445,3,2
542,446,3,2
542,447,3,2
542,448,3,2
542,449,3,2
542,450,3,2
542,451,3,2
542,452,3,2
542,453,3,2
542,454,3,2
542,455,3,2
542,456,3,3
542,457,3,3
542,458,3,2
542,459,3,2
542,460,3,2
542,461,3,2
542,462,3,2
542,463,3,2
542,464,3,2
542,465,3,2
542,466,3,2
542,467,3,2
542,468,3,2
542,469,3,2
542,470,3,2
542,471,3,2
542,472,3,2
542,473,3,2
542,474,3,2
542,475,3,2
542,476,3,2
542,477,3,2
542,478,3,2
542,479,3,2
542,480,3,2
542,481,3,2
542,482,3,2
542,483,3,2
542,484,3,2
542,485,3,2
542,486,3,2
542,487,3,2
542,488,3,2
542,489,3,2
542,490,3,2
542,491,3,2
542,492,3,2
542,493,3,2
542,494,3,2
542,495,3,2
542,496,3,2
542,497,3,2
542,498,3,2
542,499,3,2
542,500,3,2
542,501,3,2
542,502,3,2
542,503,3,2
542,504,3,2
542,505,3,2
542,506,3,2
542,507,3,2
542,508,3,2
542,509,3,2
542,510,3,2
542,511,3,2
542,512,3,2
542,513,3,2
542,514,3,2
542,515,3,2
542,516,3,2
542,517,3,2
542,518,3,2
542,519,3,2
542,520,3,2
542,521,3,2
542,522,3,2
542,523,3,2
542,524,3,2
542,525,3,2
542,526,3,3
542,527,3,3
542,528,3,3
542,529,3,3
542,530,3,3
542,531,3,2
542,532,3,2
542,533,3,2
542,534,3,2
542,535,3,2
542,536,3,2
542,537,3,2
542,538,3,2
542,539,3,2
542,540,3,2
542,541,3,2
542,542,3,2
542,543,3,2
542,544,3,2
542,545,3,2
542,546,3,2
542,547,3,2
542,548,3,2
542,549,3,2
542,550,3,2
542,551,3,2
542,552,3,2
542,553,3,2
542,554,3,2
542,555,3,2
542,556,3,2
542,557,3,2
542,558,3,2
542,559,3,2
542,560,3,2
542,561,3,2
542,562,3,2
542,563,3,2
542,564,3,2
542,565,3,2
542,566,3,2
542,567,3,2
542,568,3,2
542,569,3,2
542,570,3,2
542,571,3,2
542,572,3,2
542,573,3,2
542,574,3,2
542,575,3,2
542,576,3,2
542,577,3,2
542,578,3,2
542,579,3,2
542,580,3,2
542,581,3,2
542,582,3,2
542,583,3,2
542,584,3,2
542,585,3,2
542,586,3,2
542,587,3,2
542,588,3,2
542,589,3,2
542,590,3,2
542,591,3,2
542,592,3,2
542,593,3,2
542,594,3,2
542,595,3,2
542,596,3,2
542,597,3,3
542,598,3,3
542,599,3,3
542,600,3,3
542,601,3,3
542,602,3,3
542,603,3,3
542,604,3,2
542,605,3,2
542,606,3,2
542,607,3,2
542,608,3,2
542,609,3,2
542,610,3,2
542,611,3,2
542,612,3,2
542,613,3,2
542,614,3,2
542,615,3,2
542,616,3,2
542,617,3,2
542,618,3,2
542,619,3,2
542,620,3,2
542,621,3,2
542,622,3,2
542,623,3,2
542,624,3,2
542,625,3,2
542,626,3,2
542,627,3,2
542,628,3,2
542,629,3,2
542,630,3,2
542,631,3,2
542,632,3,2
542,633,3,2
542,634,3,2
542,635,3,2
542,636,3,2
542,637,3,2
542,638,3,2
542,639,3,2
542,640,3,2
542,641,3,2
542,642,3,2
542,643,3,2
542,644,3,2
542,645,3,2
542,646,3,2
542,647,3,2
542,648,3,2
542,649,3,2
542,650,3,2
542,651,3,2
542,652,3,2
542,653,3,2
542,654,3,2
543,83,3,2
543,84,3,2
543,85,3,3
543,86,3,3
543,87,3,3
543,88,3,3
543,89,3,3
543,90,3,3
543,91,3,3
543,92,3,2
543,93,3,2
543,94,3,2
543,95,3,2
543,96,3,2
543,97,3,2
543,98,3,2
543,99,3,2
543,100,3,2
543,101,3,2
543,102,3,2
543,103,3,2
543,104,3,2
543,105,3,2
543,106,3,2
543,107,3,2
543,108,3,2
543,109,3,2
543,110,3,2
543,111,3,2
543,112,3,2
543,113,3,2
543,114,3,2
543,115,3,2
543,116,3,2
543,117,3,2
543,118,3,2
543,119,3,2
543,120,3,2
543,121,3,2
543,122,3,2
543,123,3,2
543,124,3,2
543,125,3,2
543,126,3,2
543,127,3,2
543,128,3,2
543,129,3,2
543,130,3,2
543,131,3,2
543,132,3,2
543,133,3,2
543,134,3,2
543,135,3,2
543,136,3,2
543,137,3,2
543,138,3,2
543,139,3,2
543,140,3,2
543,141,3,2
543,142,3,2
543,143,3,2
543,144,3,2
543,145,3,2
543,146,3,2
543,147,3,2
543,148,3,2
543,149,3,2
543,150,3,2
543,151,3,2
543,152,3,2
543,153,3,2
543,154,3,2
543,155,3,2
543,156,3,2
543,157,3,2
543,158,3,2
543,159,3,2
543,160,3,2
543,161,3,2
543,162,3,2
543,163,3,2
543,164,3,2
543,165,3,2
543,166,3,2
543,167,3,2
543,168,3,2
543,169,3,2
543,170,3,2
543,171,3,2
543,172,3,2
543,173,3,2
543,174,3,2
543,175,3,2
543,176,3,2
543,177,3,2
543,178,3,2
543,179,3,2
543,180,3,2
543,181,3,2
543,182,3,2
543,183,3,2
543,184,3,2
543,185,3,2
543,186,3,2
543,187,3,2
543,188,3,2
543,189,3,2
543,190,3,2
543,191,3,2
543,192,3,2
543,193,3,2
543,194,3,2
543,195,3,2
543,196,3,2
543,197,3,2
543,198,3,2
543,199,3,2
543,200,3,2
543,201,3,2
543,202,3,2
543,203,3,2
543,204,3,2
543,205,3,2
543,206,3,2
543,207,3,2
543,208,3,2
543,209,3,2
543,210,3,2
543,211,3,2
543,212,3,2
543,213,3,2
543,214,3,2
543,215,3,2
543,216,3,2
543,217,3,2
543,218,3,2
543,219,3,2
543,220,3,2
543,221,3,2
543,222,3,2
543,223,3,2
543,224,3,2
543,225,3,2
543,226,3,2
543,227,3,2
543,228,3,2
543,229,3,2
543,230,3,2
543,231,3,2
543,232,3,2
543,233,3,2
543,234,3,2
543,235,3,2
543,236,3,2
543,237,3,2
543,238,3,2
543,239,3,2
543,240,3,2
543,241,3,2
543,242,3,2
543,243,3,2
543,244,3,2
543,245,3,2
543,246,3,2
543,247,3,2
543,248,3,2
543,249,3,2
543,250,3,2
543,251,3,2
543,252,3,2
543,253,3,2
543,254,3,2
543,255,3,2
543,256,3,2
543,257,3,2
543,258,3,2
543,259,3,2
543,260,3,2
543,261,3,2
543,262,3,2
543,263,3,2
543,264,3,2
543,265,3,2
543,266,3,2
543,267,3,2
543,268,3,2
543,269,3,2
543,270,3,2
543,271,3,2
543,272,3,2
543,273,3,2
543,274,3,2
543,275,3,2
543,276,3,2
543,277,3,2
543,278,3,2
543,279,3,2
543,280,3,2
543,281,3,2
543,282,3,2
543,283,3,2
543,284,3,2
543,285,3,2
543,286,3,2
543,287,3,2
543,288,3,2
543,289,3,2
543,290,3,2
543,291,3,2
543,292,3,2
543,293,3,2
543,294,3,2
543,295,3,2
543,296,3,2
543,297,3,2
543,298,3,2
543,299,3,2
543,300,3,2
543,301,3,2
543,302,3,2
543,303,3,2
543,304,3,2
543,305,3,2
543,306,3,2
543,307,3,2
543,308,3,2
543,309,3,2
543,310,3,2
543,311,3,2
543,312,3,2
543,313,3,2
543,314,3,2
543,315,3,2
543,316,3,2
543,317,3,2
543,318,3,2
543,319,3,2
543,320,3,2
543,321,3,2
543,322,3,2
543,323,3,2
543,324,3,2
543,325,3,2
543,326,3,2
543,327,3,2
543,328,3,2
543,329,3,2
543,330,3,2
543,331,3,2
543,332,3,2
543,333,3,2
543,334,3,2
543,335,3,2
543,336,3,2
543,337,3,2
543,338,3,2
543,339,3,2
543,340,3,2
543,341,3,2
543,342,3,2
543,343,3,2
543,344,3,2
543,345,3,2
543,346,3,2
543,347,3,2
543,348,3,2
543,349,3,2
543,350,3,2
543,351,3,2
543,352,3,2
543,353,3,2
543,354,3,2
543,355,3,2
543,356,3,2
543,357,3,2
543,358,3,2
543,359,3,2
543,360,3,2
543,361,3,2
543,362,3,2
543,363,3,2
543,364,3,2
543,365,3,2
543,366,3,2
543,367,3,2
543,368,3,2
543,369,3,2
543,370,3,2
543,371,3,2
543,372,3,2
543,373,3,2
543,374,3,2
543,375,3,2
543,376,3,2
543,377,3,2
543,378,3,2
543,379,3,2
543,380,3,2
543,381,3,2
543,382,3,2
543,383,3,2
543,384,3,2
543,385,3,2
543,386,3,2
543,387,3,2
543,388,3,2
543,389,3,2
543,390,3,2
543,391,3,2
543,392,3,2
543,393,3,2
543,394,3,2
543,395,3,2
543,396,3,2
543,397,3,2
543,398,3,2
543,399,3,2
543,400,3,2
543,401,3,2
543,402,3,2
543,403,3,2
543,404,3,2
543,405,3,2
543,406,3,2
543,407,3,2
543,408,3,2
543,409,3,2
543,410,3,2
543,411,3,2
543,412,3,2
543,413,3,2
543,414,3,2
543,415,3,2
543,416,3,2
543,417,3,2
543,418,3,2
543,419,3,2
543,420,3,2
543,421,3,2
543,422,3,2
543,423,3,2
543,424,3,2
543,425,3,2
543,426,3,2
543,427,3,2
543,428,3,2
543,429,3,2
543,430,3,2
543,431,3,2
543,432,3,2
543,433,3,2
543,434,3,2
543,435,3,2
543,436,3,2
543,437,3,2
543,438,3,2
543,439,3,2
543,440,3,2
543,441,3,2
543,442,3,2
543,443,3,2
543,444,3,2
543,445,3,2
543,446,3,2
543,447,3,2
543,448,3,2
543,449,3,2
543,450,3,2
543,451,3,2
543,452,3,2
543,453,3,2
543,454,3,2
543,455,3,2
543,456,3,2
543,457,3,2
543,458,3,2
543,459,3,2
543,460,3,2
543,461,3,2
543,462,3,2
543,463,3,2
543,464,3,2
543,465,3,2
543,466,3,2
543,467,3,2
543,468,3,2
543,469,3,2
543,470,3,2
543,471,3,2
543,472,3,2
543,473,3,2
543,474,3,2
543,475,3,2
543,476,3,2
543,477,3,2
543,478,3,2
543,479,3,2
543,480,3,2
543,481,3,2
543,482,3,2
543,483,3,2
543,484,3,2
543,485,3,2
543,486,3,2
543,487,3,2
543,488,3,2
543,489,3,2
543,490,3,2
543,491,3,2
543,492,3,2
543,493,3,2
543,494,3,2
543,495,3,2
543,496,3,2
543,497,3,2
543,498,3,2
543,499,3,2
543,500,3,2
543,501,3,2
543,502,3,2
543,503,3,2
543,504,3,2
543,505,3,2
543,506,3,2
543,507,3,2
543,508,3,2
543,509,3,2
543,510,3,2
543,511,3,2
543,512,3,2
543,513,3,2
543,514,3,2
543,515,3,2
543,516,3,2
543,517,3,2
543,518,3,2
543,519,3,2
543,520,3,2
543,521,3,2
543,522,3,2
543,523,3,2
543,524,3,2
543,525,3,2
543,526,3,3
543,527,3,3
543,528,3,3
543,529,3,3
543,530,3,3
543,531,3,3
543,532,3,2
543,533,3,2
543,534,3,2
543,535,3,2
543,536,3,2
543,537,3,2
543,538,3,2
543,539,3,2
543,540,3,2
543,541,3,2
543,542,3,2
543,543,3,2
543,544,3,2
543,545,3,2
543,546,3,2
543,547,3,2
543,548,3,2
543,549,3,2
543,550,3,2
543,551,3,2
543,552,3,2
543,553,3,2
543,554,3,2
543,555,3,2
543,556,3,2
543,557,3,2
543,558,3,2
543,559,3,2
543,560,3,2
543,561,3,2
543,562,3,2
543,563,3,2
543,564,3,2
543,565,3,2
543,566,3,2
543,567,3,2
543,568,3,2
543,569,3,2
543,570,3,2
543,571,3,2
543,572,3,2
543,573,3,2
543,574,3,2
543,575,3,2
543,576,3,2
543,577,3,2
543,578,3,2
543,579,3,2
543,580,3,2
543,581,3,2
543,582,3,2
543,583,3,2
543,584,3,2
543,585,3,2
543,586,3,2
543,587,3,2
543,588,3,2
543,589,3,2
543,590,3,2
543,591,3,2
543,592,3,2
543,593,3,2
543,594,3,2
543,595,3,2
543,596,3,2
543,597,3,3
543,598,3,3
543,599,3,3
543,600,3,3
543,601,3,3
543,602,3,3
543,603,3,3
543,604,3,3
543,605,3,2
543,606,3,2
543,607,3,2
543,608,3,2
543,609,3,2
543,610,3,2
543,611,3,2
543,612,3,2
543,613,3,2
543,614,3,2
543,615,3,2
543,616,3,2
543,617,3,2
543,618,3,2
543,619,3,2
543,620,3,2
543,621,3,2
543,622,3,2
543,623,3,2
543,624,3,2
543,625,3,2
543,626,3,2
543,627,3,2
543,628,3,2
543,629,3,2
543,630,3,2
543,631,3,2
543,632,3,2
543,633,3,2
543,634,3,2
543,635,3,2
543,636,3,2
543,637,3,2
543,638,3,2
543,639,3,2
543,640,3,2
543,641,3,2
543,642,3,2
543,643,3,2
543,644,3,2
543,645,3,2
543,646,3,2
543,647,3,2
543,648,3,2
543,649,3,2
543,650,3,2
543,651,3,2
543,652,3,2
543,653,3,2
543,654,3,2
544,83,3,2
544,84,3,2
544,85,3,3
544,86,3,3
544,87,3,3
544,88,3,3
544,89,3,3
544,90,3,3
544,91,3,3
544,92,3,2
544,93,3,2
544,94,3,2
544,95,3,2
544,96,3,2
544,97,3,2
544,98,3,2
544,99,3,2
544,100,3,2
544,101,3,2
544,102,3,2
544,103,3,2
544,104,3,2
544,105,3,2
544,106,3,2
544,107,3,2
544,108,3,2
544,109,3,2
544,110,3,2
544,111,3,2
544,112,3,2
544,113,3,2
544,114,3,2
544,115,3,2
544,116,3,2
544,117,3,2
544,118,3,2
544,119,3,2
544,120,3,2
544,121,3,2
544,122,3,2
544,123,3,2
544,124,3,2
544,125,3,2
544,126,3,2
544,127,3,2
544,128,3,2
544,129,3,2
544,130,3,2
544,131,3,2
544,132,3,2
544,133,3,2
544,134,3,2
544,135,3,2
544,136,3,2
544,137,3,2
544,138,3,2
544,139,3,2
544,140,3,2
544,141,3,2
544,142,3,2
544,143,3,2
544,144,3,2
544,145,3,2
544,146,3,2
544,147,3,2
544,148,3,2
544,149,3,2
544,150,3,2
544,151,3,2
544,152,3,2
544,153,3,2
544,154,3,2
544,155,3,2
544,156,3,2
544,157,3,2
544,158,3,2
544,159,3,2
544,160,3,2
544,161,3,2
544,162,3,2
544,163,3,2
544,164,3,2
544,165,3,2
544,166,3,2
544,167,3,2
544,168,3,2
544,169,3,2
544,170,3,2
544,171,3,2
544,172,3,2
544,173,3,2
544,174,3,2
544,175,3,2
544,176,3,2
544,177,3,2
544,178,3,2
544,179,3,2
544,180,3,2
544,181,3,2
544,182,3,2
544,183,3,2
544,184,3,2
544,185,3,2
544,186,3,2
544,187,3,2
544,188,3,2
544,189,3,2
544,190,3,2
544,191,3,2
544,192,3,2
544,193,3,2
544,194,3,2
544,195,3,2
544,196,3,2
544,197,3,2
544,198,3,2
544,199,3,2
544,200,3,2
544,201,3,2
544,202,3,2
544,203,3,2
544,204,3,2
544,205,3,2
544,206,3,2
544,207,3,2
544,208,3,2
544,209,3,2
544,210,3,2
544,211,3,2
544,212,3,2
544,213,3,2
544,214,3,2
544,215,3,2
544,216,3,2
544,217,3,2
544,218,3,2
544,219,3,2
544,220,3,2
544,221,3,2
544,222,3,2
544,223,3,2
544,224,3,2
544,225,3,2
544,226,3,2
544,227,3,2
544,228,3,2
544,229,3,2
544,230,3,2
544,231,3,2
544,232,3,2
544,233,3,2
544,234,3,2
544,235,3,2
544,236,3,2
544,237,3,2
544,238,3,2
544,239,3,2
544,240,3,2
544,241,3,2
544,242,3,2
544,243,3,2
544,244,3,2
544,245,3,2
544,246,3,2
544,247,3,2
544,248,3,2
544,249,3,2
544,250,3,2
544,251,3,2
544,252,3,2
544,253,3,2
544,254,3,2
544,255,3,2
544,256,3,2
544,257,3,2
544,258,3,2
544,259,3,2
544,260,3,2
544,261,3,2
544,262,3,2
544,263,3,2
544,264,3,2
544,265,3,2
544,266,3,2
544,267,3,2
544,268,3,2
544,269,3,2
544,270,3,2
544,271,3,2
544,272,3,2
544,273,3,2
544,274,3,2
544,275,3,2
544,276,3,2
544,277,3,2
544,278,3,2
544,279,3,2
544,280,3,2
544,281,3,2
544,282,3,2
544,283,3,2
544,284,3,2
544,285,3,2
544,286,3,2
544,287,3,2
544,288,3,2
544,289,3,2
544,290,3,2
544,291,3,2
544,292,3,2
544,293,3,2
544,294,3,2
544,295,3,2
544,296,3,2
544,297,3,2
544,298,3,2
544,299,3,2
544,300,3,2
544,301,3,2
544,302,3,2
544,303,3,2
544,304,3,2
544,305,3,2
544,306,3,2
544,307,3,2
544,308,3,2
544,309,3,2
544,310,3,2
544,311,3,2
544,312,3,2
544,313,3,2
544,314,3,2
544,315,3,2
544,316,3,2
544,317,3,2
544,318,3,2
544,319,3,2
544,320,3,2
544,321,3,2
544,322,3,2
544,323,3,2
544,324,3,2
544,325,3,2
544,326,3,2
544,327,3,2
544,328,3,2
544,329,3,2
544,330,3,2
544,331,3,2
544,332,3,2
544,333,3,2
544,334,3,2
544,335,3,2
544,336,3,2
544,337,3,2
544,338,3,2
544,339,3,2
544,340,3,2
544,341,3,2
544,342,3,2
544,343,3,2
544,344,3,2
544,345,3,2
544,346,3,2
544,347,3,2
544,348,3,2
544,349,3,2
544,350,3,2
544,351,3,2
544,352,3,2
544,353,3,2
544,354,3,2
544,355,3,2
544,356,3,2
544,357,3,2
544,358,3,2
544,359,3,2
544,360,3,2
544,361,3,2
544,362,3,2
544,363,3,2
544,364,3,2
544,365,3,2
544,366,3,2
544,367,3,2
544,368,3,2
544,369,3,2
544,370,3,2
544,371,3,2
544,372,3,2
544,373,3,2
544,374,3,2
544,375,3,2
544,376,3,2
544,377,3,2
544,378,3,2
544,379,3,2
544,380,3,2
544,381,3,2
544,382,3,2
544,383,3,2
544,384,3,2
544,385,3,2
544,386,3,2
544,387,3,2
544,388,3,2
544,389,3,2
544,390,3,2
544,391,3,2
544,392,3,2
544,393,3,2
544,394,3,2
544,395,3,2
544,396,3,2
544,397,3,2
544,398,3,2
544,399,3,2
544,400,3,2
544,401,3,2
544,402,3,2
544,403,3,2
544,404,3,2
544,405,3,2
544,406,3,2
544,407,3,2
544,408,3,2
544,409,3,2
544,410,3,2
544,411,3,2
544,412,3,2
544,413,3,2
544,414,3,2
544,415,3,2
544,416,3,2
544,417,3,2
544,418,3,2
544,419,3,2
544,420,3,2
544,421,3,2
544,422,3,2
544,423,3,2
544,424,3,2
544,425,3,2
544,426,3,2
544,427,3,2
544,428,3,2
544,429,3,2
544,430,3,2
544,431,3,2
544,432,3,2
544,433,3,2
544,434,3,2
544,435,3,2
544,436,3,2
544,437,3,2
544,438,3,2
544,439,3,2
544,440,3,2
544,441,3,2
544,442,3,2
544,443,3,2
544,444,3,2
544,445,3,2
544,446,3,2
544,447,3,2
544,448,3,2
544,449,3,2
544,450,3,2
544,451,3,2
544,452,3,2
544,453,3,2
544,454,3,2
544,455,3,2
544,456,3,2
544,457,3,2
544,458,3,2
544,459,3,2
544,460,3,2
544,461,3,2
544,462,3,2
544,463,3,2
544,464,3,2
544,465,3,2
544,466,3,2
544,467,3,2
544,468,3,2
544,469,3,2
544,470,3,2
544,471,3,2
544,472,3,2
544,473,3,2
544,474,3,2
544,475,3,2
544,476,3,2
544,477,3,2
544,478,3,2
544,479,3,2
544,480,3,2
544,481,3,2
544,482,3,2
544,483,3,2
544,484,3,2
544,485,3,2
544,486,3,2
544,487,3,2
544,488,3,2
544,489,3,2
544,490,3,2
544,491,3,2
544,492,3,2
544,493,3,2
544,494,3,2
544,495,3,2
544,496,3,2
544,497,3,2
544,498,3,2
544,499,3,2
544,500,3,2
544,501,3,2
544,502,3,2
544,503,3,2
544,504,3,2
544,505,3,2
544,506,3,2
544,507,3,2
544,508,3,2
544,509,3,2
544,510,3,2
544,511,3,2
544,512,3,2
544,513,3,2
544,514,3,2
544,515,3,2
544,516,3,2
544,517,3,2
544,518,3,2
544,519,3,2
544,520,3,2
544,521,3,2
544,522,3,2
544,523,3,2
544,524,3,2
544,525,3,2
544,526,3,3
544,527,3,3
544,528,3,3
544,529,3,3
544,530,3,3
544,531,3,3
544,532,3,2
544,533,3,2
544,534,3,2
544,535,3,2
544,536,3,2
544,537,3,2
544,538,3,2
544,539,3,2
544,540,3,2
544,541,3,2
544,542,3,2
544,543,3,2
544,544,3,2
544,545,3,2
544,546,3,2
544,547,3,2
544,548,3,2
544,549,3,2
544,550,3,2
544,551,3,2
544,552,3,2
544,553,3,2
544,554,3,2
544,555,3,2
544,556,3,2
544,557,3,2
544,558,3,2
544,559,3,2
544,560,3,2
544,561,3,2
544,562,3,2
544,563,3,2
544,564,3,2
544,565,3,2
544,566,3,2
544,567,3,2
544,568,3,2
544,569,3,2
544,570,3,2
544,571,3,2
544,572,3,2
544,573,3,2
544,574,3,2
544,575,3,2
544,576,3,2
544,577,3,2
544,578,3,2
544,579,3,2
544,580,3,2
544,581,3,2
544,582,3,2
544,583,3,2
544,584,3,2
544,585,3,2
544,586,3,2
544,587,3,2
544,588,3,2
544,589,3,2
544,590,3,2
544,591,3,2
544,592,3,2
544,593,3,2
544,594,3,2
544,595,3,2
544,596,3,2
544,597,3,3
544,598,3,3
544,599,3,3
544,600,3,3
544,601,3,3
544,602,3,3
544,603,3,3
544,604,3,3
544,605,3,2
544,606,3,2
544,607,3,2
544,608,3,2
544,609,3,2
544,610,3,2
544,611,3,2
544,612,3,2
544,613,3,2
544,614,3,2
544,615,3,2
544,616,3,2
544,617,3,2
544,618,3,2
544,619,3,2
544,620,3,2
544,621,3,2
544,622,3,2
544,623,3,2
544,624,3,2
544,625,3,2
544,626,3,2
544,627,3,2
544,628,3,2
544,629,3,2
544,630,3,2
544,631,3,2
544,632,3,2
544,633,3,2
544,634,3,2
544,635,3,2
544,636,3,2
544,637,3,2
544,638,3,2
544,639,3,2
544,640,3,2
544,641,3,2
544,642,3,2
544,643,3,2
544,644,3,2
544,645,3,2
544,646,3,2
544,647,3,2
544,648,3,2
544,649,3,2
544,650,3,2
544,651,3,2
544,652,3,2
544,653,3,2
544,654,3,2
545,83,3,2
545,84,3,2
545,85,3,3
545,86,3,3
545,87,3,3
545,88,3,3
545,89,3,3
545,90,3,3
545,91,3,3
545,92,3,3
545,93,3,2
545,94,3,2
545,95,3,2
545,96,3,2
545,97,3,2
545,98,3,2
545,99,3,2
545,100,3,2
545,101,3,2
545,102,3,2
545,103,3,2
545,104,3,2
545,105,3,2
545,106,3,2
545,107,3,2
545,108,3,2
545,109,3,2
545,110,3,2
545,111,3,2
545,112,3,2
545,113,3,2
545,114,3,2
545,115,3,2
545,116,3,2
545,117,3,2
545,118,3,2
545,119,3,2
545,120,3,2
545,121,3,2
545,122,3,2
545,123,3,2
545,124,3,2
545,125,3,2
545,126,3,2
545,127,3,2
545,128,3,2
545,129,3,2
545,130,3,2
545,131,3,2
545,132,3,2
545,133,3,2
545,134,3,2
545,135,3,2
545,136,3,2
545,137,3,2
545,138,3,2
545,139,3,2
545,140,3,2
545,141,3,2
545,142,3,2
545,143,3,2
545,144,3,2
545,145,3,2
545,146,3,2
545,147,3,2
545,148,3,2
545,149,3,2
545,150,3,2
545,151,3,2
545,152,3,2
545,153,3,2
545,154,3,2
545,155,3,2
545,156,3,2
545,157,3,2
545,158,3,2
545,159,3,2
545,160,3,2
545,161,3,2
545,162,3,2
545,163,3,2
545,164,3,2
545,165,3,2
545,166,3,2
545,167,3,2
545,168,3,2
545,169,3,2
545,170,3,2
545,171,3,2
545,172,3,2
545,173,3,2
545,174,3,2
545,175,3,2
545,176,3,2
545,177,3,2
545,178,3,2
545,179,3,2
545,180,3,2
545,181,3,2
545,182,3,2
545,183,3,2
545,184,3,2
545,185,3,2
545,186,3,2
545,187,3,2
545,188,3,2
545,189,3,2
545,190,3,2
545,191,3,2
545,192,3,2
545,193,3,2
545,194,3,2
545,195,3,2
545,196,3,2
545,197,3,2
545,198,3,2
545,199,3,2
545,200,3,2
545,201,3,2
545,202,3,2
545,203,3,2
545,204,3,2
545,205,3,2
545,206,3,2
545,207,3,2
545,208,3,2
545,209,3,2
545,210,3,2
545,211,3,2
545,212,3,2
545,213,3,2
545,214,3,2
545,215,3,2
545,216,3,2
545,217,3,2
545,218,3,2
545,219,3,2
545,220,3,2
545,221,3,2
545,222,3,2
545,223,3,2
545,224,3,2
545,225,3,2
545,226,3,2
545,227,3,2
545,228,3,2
545,229,3,2
545,230,3,2
545,231,3,2
545,232,3,2
545,233,3,2
545,234,3,2
545,235,3,2
545,236,3,2
545,237,3,2
545,238,3,2
545,239,3,2
545,240,3,2
545,241,3,2
545,242,3,2
545,243,3,2
545,244,3,2
545,245,3,2
545,246,3,2
545,247,3,2
545,248,3,2
545,249,3,2
545,250,3,2
545,251,3,2
545,252,3,2
545,253,3,2
545,254,3,2
545,255,3,2
545,256,3,2
545,257,3,2
545,258,3,2
545,259,3,2
545,260,3,2
545,261,3,2
545,262,3,2
545,263,3,2
545,264,3,2
545,265,3,2
545,266,3,2
545,267,3,2
545,268,3,2
545,269,3,2
545,270,3,2
545,271,3,2
545,272,3,2
545,273,3,2
545,274,3,2
545,275,3,2
545,276,3,2
545,277,3,2
545,278,3,2
545,279,3,2
545,280,3,2
545,281,3,2
545,282,3,2
545,283,3,2
545,284,3,2
545,285,3,2
545,286,3,2
545,287,3,2
545,288,3,2
545,289,3,2
545,290,3,2
545,291,3,2
545,292,3,2
545,293,3,2
545,294,3,2
545,295,3,2
545,296,3,2
545,297,3,2
545,298,3,2
545,299,3,2
545,300,3,2
545,301,3,2
545,302,3,2
545,303,3,2
545,304,3,2
545,305,3,2
545,306,3,2
545,307,3,2
545,308,3,2
545,309,3,2
545,310,3,2
545,311,3,2
545,312,3,2
545,313,3,2
545,314,3,2
545,315,3,2
545,316,3,2
545,317,3,2
545,318,3,2
545,319,3,2
545,320,3,2
545,321,3,2
545,322,3,2
545,323,3,2
545,324,3,2
545,325,3,2
545,326,3,2
545,327,3,2
545,328,3,2
545,329,3,2
545,330,3,2
545,331,3,2
545,332,3,2
545,333,3,2
545,334,3,2
545,335,3,2
545,336,3,2
545,337,3,2
545,338,3,2
545,339,3,2
545,340,3,2
545,341,3,2
545,342,3,2
545,343,3,2
545,344,3,2
545,345,3,2
545,346,3,2
545,347,3,2
545,348,3,2
545,349,3,2
545,350,3,2
545,351,3,2
545,352,3,2
545,353,3,2
545,354,3,2
545,355,3,2
545,356,3,2
545,357,3,2
545,358,3,2
545,359,3,2
545,360,3,2
545,361,3,2
545,362,3,2
545,363,3,2
545,364,3,2
545,365,3,2
545,366,3,2
545,367,3,2
545,368,3,2
545,369,3,2
545,370,3,2
545,371,3,2
545,372,3,2
545,373,3,2
545,374,3,2
545,375,3,2
545,376,3,2
545,377,3,2
545,378,3,2
545,379,3,2
545,380,3,2
545,381,3,2
545,382,3,2
545,383,3,2
545,384,3,2
545,385,3,2
545,386,3,2
545,387,3,2
545,388,3,2
545,389,3,2
545,390,3,2
545,391,3,2
545,392,3,2
545,393,3,2
545,394,3,2
545,395,3,2
545,396,3,2
545,397,3,2
545,398,3,2
545,399,3,2
545,400,3,2
545,401,3,2
545,402,3,2
545,403,3,2
545,404,3,2
545,405,3,2
545,406,3,2
545,407,3,2
545,408,3,2
545,409,3,2
545,410,3,2
545,411,3,2
545,412,3,2
545,413,3,2
545,414,3,2
545,415,3,2
545,416,3,2
545,417,3,2
545,418,3,2
545,419,3,2
545,420,3,2
545,421,3,2
545,422,3,2
545,423,3,2
545,424,3,2
545,425,3,2
545,426,3,2
545,427,3,2
545,428,3,2
545,429,3,2
545,430,3,2
545,431,3,2
545,432,3,2
545,433,3,2
545,434,3,2
545,435,3,2
545,436,3,2
545,437,3,2
545,438,3,2
545,439,3,2
545,440,3,2
545,441,3,2
545,442,3,2
545,443,3,2
545,444,3,2
545,445,3,2
545,446,3,2
545,447,3,2
545,448,3,2
545,449,3,2
545,450,3,2
545,451,3,2
545,452,3,2
545,453,3,2
545,454,3,2
545,455,3,2
545,456,3,2
545,457,3,2
545,458,3,2
545,459,3,2
545,460,3,2
545,461,3,2
545,462,3,2
545,463,3,2
545,464,3,2
545,465,3,2
545,466,3,2
545,467,3,2
545,468,3,2
545,469,3,2
545,470,3,2
545,471,3,2
545,472,3,2
545,473,3,2
545,474,3,2
545,475,3,2
545,476,3,2
545,477,3,2
545,478,3,2
545,479,3,2
545,480,3,2
545,481,3,2
545,482,3,2
545,483,3,2
545,484,3,2
545,485,3,2
545,486,3,2
545,487,3,2
545,488,3,2
545,489,3,2
545,490,3,2
545,491,3,2
545,492,3,2
545,493,3,2
545,494,3,2
545,495,3,2
545,496,3,2
545,497,3,2
545,498,3,2
545,499,3,2
545,500,3,2
545,501,3,2
545,502,3,2
545,503,3,2
545,504,3,2
545,505,3,2
545,506,3,2
545,507,3,2
545,508,3,2
545,509,3,2
545,510,3,2
545,511,3,2
545,512,3,2
545,513,3,2
545,514,3,2
545,515,3,2
545,516,3,2
545,517,3,2
545,518,3,2
545,519,3,2
545,520,3,2
545,521,3,2
545,522,3,2
545,523,3,2
545,524,3,2
545,525,3,2
545,526,3,2
545,527,3,2
545,528,3,2
545,529,3,2
545,530,3,2
545,531,3,2
545,532,3,2
545,533,3,2
545,534,3,2
545,535,3,2
545,536,3,2
545,537,3,2
545,538,3,2
545,539,3,2
545,540,3,2
545,541,3,2
545,542,3,2
545,543,3,2
545,544,3,2
545,545,3,2
545,546,3,2
545,547,3,2
545,548,3,2
545,549,3,2
545,550,3,2
545,551,3,2
545,552,3,2
545,553,3,2
545,554,3,2
545,555,3,2
545,556,3,2
545,557,3,2
545,558,3,2
545,559,3,2
545,560,3,2
545,561,3,2
545,562,3,2
545,563,3,2
545,564,3,2
545,565,3,2
545,566,3,2
545,567,3,2
545,568,3,2
545,569,3,2
545,570,3,2
545,571,3,2
545,572,3,2
545,573,3,2
545,574,3,2
545,575,3,2
545,576,3,2
545,577,3,2
545,578,3,2
545,579,3,2
545,580,3,2
545,581,3,2
545,582,3,2
545,583,3,2
545,584,3,2
545,585,3,2
545,586,3,2
545,587,3,2
545,588,3,2
545,589,3,2
545,590,3,2
545,591,3,2
545,592,3,2
545,593,3,2
545,594,3,2
545,595,3,2
545,596,3,2
545,597,3,2
545,598,3,3
545,599,3,3
545,600,3,3
545,601,3,3
545,602,3,3
545,603,3,3
545,604,3,2
545,605,3,2
545,606,3,2
545,607,3,2
545,608,3,2
545,609,3,2
545,610,3,2
545,611,3,2
545,612,3,2
545,613,3,2
545,614,3,2
545,615,3,2
545,616,3,2
545,617,3,2
545,618,3,2
545,619,3,2
545,620,3,2
545,621,3,2
545,622,3,2
545,623,3,2
545,624,3,2
545,625,3,2
545,626,3,2
545,627,3,2
545,628,3,2
545,629,3,2
545,630,3,2
545,631,3,2
545,632,3,2
545,633,3,2
545,634,3,2
545,635,3,2
545,636,3,2
545,637,3,2
545,638,3,2
545,639,3,2
545,640,3,2
545,641,3,2
545,642,3,2
545,643,3,2
545,644,3,2
545,645,3,2
545,646,3,2
545,647,3,2
545,648,3,2
545,649,3,2
545,650,3,2
545,651,3,2
545,652,3,2
545,653,3,2
546,82,3,2
546,83,3,2
546,84,3,2
546,85,3,2
546,86,3,3
546,87,3,3
546,88,3,3
546,89,3,3
546,90,3,3
546,91,3,3
546,92,3,3
546,93,3,2
546,94,3,2
546,95,3,2
546,96,3,2
546,97,3,2
546,98,3,2
546,99,3,2
546,100,3,2
546,101,3,2
546,102,3,2
546,103,3,2
546,104,3,2
546,105,3,2
546,106,3,2
546,107,3,2
546,108,3,2
546,109,3,2
546,110,3,2
546,111,3,2
546,112,3,2
546,113,3,2
546,114,3,2
546,115,3,2
546,116,3,2
546,117,3,2
546,118,3,2
546,119,3,2
546,120,3,2
546,121,3,2
546,122,3,2
546,123,3,2
546,124,3,2
546,125,3,2
546,126,3,2
546,127,3,2
546,128,3,2
546,129,3,2
546,130,3,2
546,131,3,2
546,132,3,2
546,133,3,2
546,134,3,2
546,135,3,2
546,136,3,2
546,137,3,2
546,138,3,2
546,139,3,2
546,140,3,2
546,141,3,2
546,142,3,2
546,143,3,2
546,144,3,2
546,145,3,2
546,146,3,2
546,147,3,2
546,148,3,2
546,149,3,2
546,150,3,2
546,151,3,2
546,152,3,2
546,153,3,2
546,154,3,2
546,155,3,2
546,156,3,2
546,157,3,2
546,158,3,2
546,159,3,2
546,160,3,2
546,161,3,2
546,162,3,2
546,163,3,2
546,164,3,2
546,165,3,2
546,166,3,2
546,167,3,2
546,168,3,2
546,169,3,2
546,170,3,2
546,171,3,2
546,172,3,2
546,173,3,2
546,174,3,2
546,175,3,2
546,176,3,2
546,177,3,2
546,178,3,2
546,179,3,2
546,180,3,2
546,181,3,2
546,182,3,2
546,183,3,2
546,184,3,2
546,185,3,2
546,186,3,2
546,187,3,2
546,188,3,2
546,189,3,2
546,190,3,2
546,191,3,2
546,192,3,2
546,193,3,2
546,194,3,2
546,195,3,2
546,196,3,2
546,197,3,2
546,198,3,2
546,199,3,2
546,200,3,2
546,201,3,2
546,202,3,2
546,203,3,2
546,204,3,2
546,205,3,2
546,206,3,2
546,207,3,2
546,208,3,2
546,209,3,2
546,210,3,2
546,211,3,2
546,212,3,2
546,213,3,2
546,214,3,2
546,215,3,2
546,216,3,2
546,217,3,2
546,218,3,2
546,219,3,2
546,220,3,2
546,221,3,2
546,222,3,2
546,223,3,2
546,224,3,2
546,225,3,2
546,226,3,2
546,227,3,2
546,228,3,2
546,229,3,2
546,230,3,2
546,231,3,2
546,232,3,2
546,233,3,2
546,234,3,2
546,235,3,2
546,236,3,2
546,237,3,2
546,238,3,2
546,239,3,2
546,240,3,2
546,241,3,2
546,242,3,2
546,243,3,2
546,244,3,2
546,245,3,2
546,246,3,2
546,247,3,2
546,248,3,2
546,249,3,2
546,250,3,2
546,251,3,2
546,252,3,2
546,253,3,2
546,254,3,2
546,255,3,2
546,256,3,2
546,257,3,2
546,258,3,2
546,259,3,2
546,260,3,2
546,261,3,2
546,262,3,2
546,263,3,2
546,264,3,2
546,265,3,2
546,266,3,2
546,267,3,2
546,268,3,2
546,269,3,2
546,270,3,2
546,271,3,2
546,272,3,2
546,273,3,2
546,274,3,2
546,275,3,2
546,276,3,2
546,277,3,2
546,278,3,2
546,279,3,2
546,280,3,2
546,281,3,2
546,282,3,2
546,283,3,2
546,284,3,2
546,285,3,2
546,286,3,2
546,287,3,2
546,288,3,2
546,289,3,2
546,290,3,2
546,291,3,2
546,292,3,2
546,293,3,2
546,294,3,2
546,295,3,2
546,296,3,2
546,297,3,2
546,298,3,2
546,299,3,2
546,300,3,2
546,301,3,2
546,302,3,2
546,303,3,2
546,304,3,2
546,305,3,2
546,306,3,2
546,307,3,2
546,308,3,2
546,309,3,2
546,310,3,2
546,311,3,2
546,312,3,2
546,313,3,2
546,314,3,2
546,315,3,2
546,316,3,2
546,317,3,2
546,318,3,2
546,319,3,2
546,320,3,2
546,321,3,2
546,322,3,2
546,323,3,2
546,324,3,2
546,325,3,2
546,326,3,2
546,327,3,2
546,328,3,2
546,329,3,2
546,330,3,2
546,331,3,2
546,332,3,2
546,333,3,2
546,334,3,2
546,335,3,2
546,336,3,2
546,337,3,2
546,338,3,2
546,339,3,2
546,340,3,2
546,341,3,2
546,342,3,2
546,343,3,2
546,344,3,2
546,345,3,2
546,346,3,2
546,347,3,2
546,348,3,2
546,349,3,2
546,350,3,2
546,351,3,2
546,352,3,2
546,353,3,2
546,354,3,2
546,355,3,2
546,356,3,2
546,357,3,2
546,358,3,2
546,359,3,2
546,360,3,2
546,361,3,2
546,362,3,2
546,363,3,2
546,364,3,2
546,365,3,2
546,366,3,2
546,367,3,2
546,368,3,2
546,369,3,2
546,370,3,2
546,371,3,2
546,372,3,2
546,373,3,2
546,374,3,2
546,375,3,2
546,376,3,2
546,377,3,2
546,378,3,2
546,379,3,2
546,380,3,2
546,381,3,2
546,382,3,2
546,383,3,2
546,384,3,2
546,385,3,2
546,386,3,2
546,387,3,2
546,388,3,2
546,389,3,2
546,390,3,2
546,391,3,2
546,392,3,2
546,393,3,2
546,394,3,2
546,395,3,2
546,396,3,2
546,397,3,2
546,398,3,2
546,399,3,2
546,400,3,2
546,401,3,2
546,402,3,2
546,403,3,2
546,404,3,2
546,405,3,2
546,406,3,2
546,407,3,2
546,408,3,2
546,409,3,2
546,410,3,2
546,411,3,2
546,412,3,2
546,413,3,2
546,414,3,2
546,415,3,2
546,416,3,2
546,417,3,2
546,418,3,2
546,419,3,2
546,420,3,2
546,421,3,2
546,422,3,2
546,423,3,2
546,424,3,2
546,425,3,2
546,426,3,2
546,427,3,2
546,428,3,2
546,429,3,2
546,430,3,2
546,431,3,2
546,432,3,2
546,433,3,2
546,434,3,2
546,435,3,2
546,436,3,2
546,437,3,2
546,438,3,2
546,439,3,2
546,440,3,2
546,441,3,2
546,442,3,2
546,443,3,2
546,444,3,2
546,445,3,2
546,446,3,2
546,447,3,2
546,448,3,2
546,449,3,2
546,450,3,2
546,451,3,2
546,452,3,2
546,453,3,2
546,454,3,2
546,455,3,2
546,456,3,2
546,457,3,2
546,458,3,2
546,459,3,2
546,460,3,2
546,461,3,2
546,462,3,2
546,463,3,2
546,464,3,2
546,465,3,2
546,466,3,2
546,467,3,2
546,468,3,2
546,469,3,2
546,470,3,2
546,471,3,2
546,472,3,2
546,473,3,2
546,474,3,2
546,475,3,2
546,476,3,2
546,477,3,2
546,478,3,2
546,479,3,2
546,480,3,2
546,481,3,2
546,482,3,2
546,483,3,2
546,484,3,2
546,485,3,2
546,486,3,2
546,487,3,2
546,488,3,2
546,489,3,2
546,490,3,2
546,491,3,2
546,492,3,2
546,493,3,2
546,494,3,2
546,495,3,2
546,496,3,2
546,497,3,2
546,498,3,2
546,499,3,2
546,500,3,2
546,501,3,2
546,502,3,2
546,503,3,2
546,504,3,2
546,505,3,2
546,506,3,2
546,507,3,2
546,508,3,2
546,509,3,2
546,510,3,2
546,511,3,2
546,512,3,2
546,513,3,2
546,514,3,2
546,515,3,2
546,516,3,2
546,517,3,2
546,518,3,2
546,519,3,2
546,520,3,2
546,521,3,2
546,522,3,2
546,523,3,2
546,524,3,2
546,525,3,2
546,526,3,2
546,527,3,2
546,528,3,2
546,529,3,2
546,530,3,2
546,531,3,2
546,532,3,2
546,533,3,2
546,534,3,2
546,535,3,2
546,536,3,2
546,537,3,2
546,538,3,2
546,539,3,2
546,540,3,2
546,541,3,2
546,542,3,2
546,543,3,2
546,544,3,2
546,545,3,2
546,546,3,2
546,547,3,2
546,548,3,2
546,549,3,2
546,550,3,2
546,551,3,2
546,552,3,2
546,553,3,2
546,554,3,2
546,555,3,2
546,556,3,2
546,557,3,2
546,558,3,2
546,559,3,2
546,560,3,2
546,561,3,2
546,562,3,2
546,563,3,2
546,564,3,2
546,565,3,2
546,566,3,2
546,567,3,2
546,568,3,2
546,569,3,2
546,570,3,2
546,571,3,2
546,572,3,2
546,573,3,2
546,574,3,2
546,575,3,2
546,576,3,2
546,577,3,2
546,578,3,2
546,579,3,2
546,580,3,2
546,581,3,2
546,582,3,2
546,583,3,2
546,584,3,2
546,585,3,2
546,586,3,2
546,587,3,2
546,588,3,2
546,589,3,2
546,590,3,2
546,591,3,2
546,592,3,2
546,593,3,2
546,594,3,2
546,595,3,2
546,596,3,2
546,597,3,2
546,598,3,2
546,599,3,3
546,600,3,3
546,601,3,3
546,602,3,3
546,603,3,2
546,604,3,2
546,605,3,2
546,606,3,2
546,607,3,2
546,608,3,2
546,609,3,2
546,610,3,2
546,611,3,2
546,612,3,2
546,613,3,2
546,614,3,2
546,615,3,2
546,616,3,2
546,617,3,2
546,618,3,2
546,619,3,2
546,620,3,2
546,621,3,2
546,622,3,2
546,623,3,2
546,624,3,2
546,625,3,2
546,626,3,2
546,627,3,2
546,628,3,2
546,629,3,2
546,630,3,2
546,631,3,2
546,632,3,2
546,633,3,2
546,634,3,2
546,635,3,2
546,636,3,2
546,637,3,2
546,638,3,2
546,639,3,2
546,640,3,2
546,641,3,2
546,642,3,2
546,643,3,2
546,644,3,2
546,645,3,2
546,646,3,2
546,647,3,2
546,648,3,2
546,649,3,2
546,650,3,2
546,651,3,2
546,652,3,2
546,653,3,2
546,654,3,2
547,82,3,2
547,83,3,2
547,84,3,2
547,85,3,2
547,86,3,3
547,87,3,3
547,88,3,3
547,89,3,3
547,90,3,3
547,91,3,3
547,92,3,3
547,93,3,2
547,94,3,2
547,95,3,2
547,96,3,2
547,97,3,2
547,98,3,2
547,99,3,2
547,100,3,2
547,101,3,2
547,102,3,2
547,103,3,2
547,104,3,2
547,105,3,2
547,106,3,2
547,107,3,2
547,108,3,2
547,109,3,2
547,110,3,2
547,111,3,2
547,112,3,2
547,113,3,2
547,114,3,2
547,115,3,2
547,116,3,2
547,117,3,2
547,118,3,2
547,119,3,2
547,120,3,2
547,121,3,2
547,122,3,2
547,123,3,2
547,124,3,2
547,125,3,2
547,126,3,2
547,127,3,2
547,128,3,2
547,129,3,2
547,130,3,2
547,131,3,2
547,132,3,2
547,133,3,2
547,134,3,2
547,135,3,2
547,136,3,2
547,137,3,2
547,138,3,2
547,139,3,2
547,140,3,2
547,141,3,2
547,142,3,2
547,143,3,2
547,144,3,2
547,145,3,2
547,146,3,2
547,147,3,2
547,148,3,2
547,149,3,2
547,150,3,2
547,151,3,2
547,152,3,2
547,153,3,2
547,154,3,2
547,155,3,2
547,156,3,2
547,157,3,2
547,158,3,2
547,159,3,2
547,160,3,2
547,161,3,2
547,162,3,2
547,163,3,2
547,164,3,2
547,165,3,2
547,166,3,2
547,167,3,2
547,168,3,2
547,169,3,2
547,170,3,2
547,171,3,2
547,172,3,2
547,173,3,2
547,174,3,2
547,175,3,2
547,176,3,2
547,177,3,2
547,178,3,2
547,179,3,2
547,180,3,2
547,181,3,2
547,182,3,2
547,183,3,2
547,184,3,2
547,185,3,2
547,186,3,2
547,187,3,2
547,188,3,2
547,189,3,2
547,190,3,2
547,191,3,2
547,192,3,2
547,193,3,2
547,194,3,2
547,195,3,2
547,196,3,2
547,197,3,2
547,198,3,2
547,199,3,2
547,200,3,2
547,201,3,2
547,202,3,2
547,203,3,2
547,204,3,2
547,205,3,2
547,206,3,2
547,207,3,2
547,208,3,2
547,209,3,2
547,210,3,2
547,211,3,2
547,212,3,2
547,213,3,2
547,214,3,2
547,215,3,2
547,216,3,2
547,217,3,2
547,218,3,2
547,219,3,2
547,220,3,2
547,221,3,2
547,222,3,2
547,223,3,2
547,224,3,2
547,225,3,2
547,226,3,2
547,227,3,2
547,228,3,2
547,229,3,2
547,230,3,2
547,231,3,2
547,232,3,2
547,233,3,2
547,234,3,2
547,235,3,2
547,236,3,2
547,237,3,2
547,238,3,2
547,239,3,2
547,240,3,2
547,241,3,2
547,242,3,2
547,243,3,2
547,244,3,2
547,245,3,2
547,246,3,2
547,247,3,2
547,248,3,2
547,249,3,2
547,250,3,2
547,251,3,2
547,252,3,2
547,253,3,2
547,254,3,2
547,255,3,2
547,256,3,2
547,257,3,2
547,258,3,2
547,259,3,2
547,260,3,2
547,261,3,2
547,262,3,2
547,263,3,2
547,264,3,2
547,265,3,2
547,266,3,2
547,267,3,2
547,268,3,2
547,269,3,2
547,270,3,2
547,271,3,2
547,272,3,2
547,273,3,2
547,274,3,2
547,275,3,2
547,276,3,2
547,277,3,2
547,278,3,2
547,279,3,2
547,280,3,2
547,281,3,2
547,282,3,2
547,283,3,2
547,284,3,2
547,285,3,2
547,286,3,2
547,287,3,2
547,288,3,2
547,289,3,2
547,290,3,2
547,291,3,2
547,292,3,2
547,293,3,2
547,294,3,2
547,295,3,2
547,296,3,2
547,297,3,2
547,298,3,2
547,299,3,2
547,300,3,2
547,301,3,2
547,302,3,2
547,303,3,2
547,304,3,2
547,305,3,2
547,306,3,2
547,307,3,2
547,308,3,2
547,309,3,2
547,310,3,2
547,311,3,2
547,312,3,2
547,313,3,2
547,314,3,2
547,315,3,2
547,316,3,2
547,317,3,2
547,318,3,2
547,319,3,2
547,320,3,2
547,321,3,2
547,322,3,2
547,323,3,2
547,324,3,2
547,325,3,2
547,326,3,2
547,327,3,2
547,328,3,2
547,329,3,2
547,330,3,2
547,331,3,2
547,332,3,2
547,333,3,2
547,334,3,2
547,335,3,2
547,336,3,2
547,337,3,2
547,338,3,2
547,339,3,2
547,340,3,2
547,341,3,2
547,342,3,2
547,343,3,2
547,344,3,2
547,345,3,2
547,346,3,2
547,347,3,2
547,348,3,2
547,349,3,2
547,350,3,2
547,351,3,2
547,352,3,2
547,353,3,2
547,354,3,2
547,355,3,2
547,356,3,2
547,357,3,2
547,358,3,2
547,359,3,2
547,360,3,2
547,361,3,2
547,362,3,2
547,363,3,2
547,364,3,2
547,365,3,2
547,366,3,2
547,367,3,2
547,368,3,2
547,369,3,2
547,370,3,2
547,371,3,2
547,372,3,2
547,373,3,2
547,374,3,2
547,375,3,2
547,376,3,2
547,377,3,2
547,378,3,2
547,379,3,2
547,380,3,2
547,381,3,2
547,382,3,2
547,383,3,2
547,384,3,2
547,385,3,2
547,386,3,2
547,387,3,2
547,388,3,2
547,389,3,2
547,390,3,2
547,391,3,2
547,392,3,2
547,393,3,2
547,394,3,2
547,395,3,2
547,396,3,2
547,397,3,2
547,398,3,2
547,399,3,2
547,400,3,2
547,401,3,2
547,402,3,2
547,403,3,2
547,404,3,2
547,405,3,2
547,406,3,2
547,407,3,2
547,408,3,2
547,409,3,2
547,410,3,2
547,411,3,2
547,412,3,2
547,413,3,2
547,414,3,2
547,415,3,2
547,416,3,2
547,417,3,2
547,418,3,2
547,419,3,2
547,420,3,2
547,421,3,2
547,422,3,2
547,423,3,2
547,424,3,2
547,425,3,2
547,426,3,2
547,427,3,2
547,428,3,2
547,429,3,2
547,430,3,2
547,431,3,2
547,432,3,2
547,433,3,2
547,434,3,2
547,435,3,2
547,436,3,2
547,437,3,2
547,438,3,2
547,439,3,2
547,440,3,2
547,441,3,2
547,442,3,2
547,443,3,2
547,444,3,2
547,445,3,2
547,446,3,2
547,447,3,2
547,448,3,2
547,449,3,2
547,450,3,2
547,451,3,2
547,452,3,2
547,453,3,2
547,454,3,2
547,455,3,2
547,456,3,2
547,457,3,2
547,458,3,2
547,459,3,2
547,460,3,2
547,461,3,2
547,462,3,2
547,463,3,2
547,464,3,2
547,465,3,2
547,466,3,2
547,467,3,2
547,468,3,2
547,469,3,2
547,470,3,2
547,471,3,2
547,472,3,2
547,473,3,2
547,474,3,2
547,475,3,2
547,476,3,2
547,477,3,2
547,478,3,2
547,479,3,2
547,480,3,2
547,481,3,2
547,482,3,2
547,483,3,2
547,484,3,2
547,485,3,2
547,486,3,2
547,487,3,2
547,488,3,2
547,489,3,2
547,490,3,2
547,491,3,2
547,492,3,2
547,493,3,2
547,494,3,2
547,495,3,2
547,496,3,2
547,497,3,2
547,498,3,2
547,499,3,2
547,500,3,2
547,501,3,2
547,502,3,2
547,503,3,2
547,504,3,2
547,505,3,2
547,506,3,2
547,507,3,2
547,508,3,2
547,509,3,2
547,510,3,2
547,511,3,2
547,512,3,2
547,513,3,2
547,514,3,2
547,515,3,2
547,516,3,2
547,517,3,2
547,518,3,2
547,519,3,2
547,520,3,2
547,521,3,2
547,522,3,2
547,523,3,2
547,524,3,2
547,525,3,2
547,526,3,2
547,527,3,2
547,528,3,2
547,529,3,2
547,530,3,2
547,531,3,2
547,532,3,2
547,533,3,2
547,534,3,2
547,535,3,2
547,536,3,2
547,537,3,2
547,538,3,2
547,539,3,2
547,540,3,2
547,541,3,2
547,542,3,2
547,543,3,2
547,544,3,2
547,545,3,2
547,546,3,2
547,547,3,2
547,548,3,2
547,549,3,2
547,550,3,2
547,551,3,2
547,552,3,2
547,553,3,2
547,554,3,2
547,555,3,2
547,556,3,2
547,557,3,2
547,558,3,2
547,559,3,2
547,560,3,2
547,561,3,2
547,562,3,2
547,563,3,2
547,564,3,2
547,565,3,2
547,566,3,2
547,567,3,2
547,568,3,2
547,569,3,2
547,570,3,2
547,571,3,2
547,572,3,2
547,573,3,2
547,574,3,2
547,575,3,2
547,576,3,2
547,577,3,2
547,578,3,2
547,579,3,2
547,580,3,2
547,581,3,2
547,582,3,2
547,583,3,2
547,584,3,2
547,585,3,2
547,586,3,2
547,587,3,2
547,588,3,2
547,589,3,2
547,590,3,2
547,591,3,2
547,592,3,2
547,593,3,2
547,594,3,2
547,595,3,2
547,596,3,2
547,597,3,3
547,598,3,3
547,599,3,3
547,600,3,3
547,601,3,3
547,602,3,3
547,603,3,2
547,604,3,2
547,605,3,2
547,606,3,2
547,607,3,2
547,608,3,2
547,609,3,2
547,610,3,2
547,611,3,2
547,612,3,2
547,613,3,2
547,614,3,2
547,615,3,2
547,616,3,2
547,617,3,2
547,618,3,2
547,619,3,2
547,620,3,2
547,621,3,2
547,622,3,2
547,623,3,2
547,624,3,2
547,625,3,2
547,626,3,2
547,627,3,2
547,628,3,2
547,629,3,2
547,630,3,2
547,631,3,2
547,632,3,2
547,633,3,2
547,634,3,2
547,635,3,2
547,636,3,2
547,637,3,2
547,638,3,2
547,639,3,2
547,640,3,2
547,641,3,2
547,642,3,2
547,643,3,2
547,644,3,2
547,645,3,2
547,646,3,2
547,647,3,2
547,648,3,2
547,649,3,2
547,650,3,2
547,651,3,2
547,652,3,2
547,653,3,2
548,82,3,2
548,83,3,2
548,84,3,2
548,85,3,2
548,86,3,3
548,87,3,3
548,88,3,3
548,89,3,3
548,90,3,3
548,91,3,3
548,92,3,3
548,93,3,2
548,94,3,2
548,95,3,2
548,96,3,2
548,97,3,2
548,98,3,2
548,99,3,2
548,100,3,2
548,101,3,2
548,102,3,2
548,103,3,2
548,104,3,2
548,105,3,2
548,106,3,2
548,107,3,2
548,108,3,2
548,109,3,2
548,110,3,2
548,111,3,2
548,112,3,2
548,113,3,2
548,114,3,2
548,115,3,2
548,116,3,2
548,117,3,2
548,118,3,2
548,119,3,2
548,120,3,2
548,121,3,2
548,122,3,2
548,123,3,2
548,124,3,2
548,125,3,2
548,126,3,2
548,127,3,2
548,128,3,2
548,129,3,2
548,130,3,2
548,131,3,2
548,132,3,2
548,133,3,2
548,134,3,2
548,135,3,2
548,136,3,2
548,137,3,2
548,138,3,2
548,139,3,2
548,140,3,2
548,141,3,2
548,142,3,2
548,143,3,2
548,144,3,2
548,145,3,2
548,146,3,2
548,147,3,2
548,148,3,2
548,149,3,2
548,150,3,2
548,151,3,2
548,152,3,2
548,153,3,2
548,154,3,2
548,155,3,2
548,156,3,2
548,157,3,2
548,158,3,2
548,159,3,2
548,160,3,2
548,161,3,2
548,162,3,2
548,163,3,2
548,164,3,2
548,165,3,2
548,166,3,2
548,167,3,2
548,168,3,2
548,169,3,2
548,170,3,2
548,171,3,2
548,172,3,2
548,173,3,2
548,174,3,2
548,175,3,2
548,176,3,2
548,177,3,2
548,178,3,2
548,179,3,2
548,180,3,2
548,181,3,2
548,182,3,2
548,183,3,2
548,184,3,2
548,185,3,2
548,186,3,2
548,187,3,2
548,188,3,2
548,189,3,2
548,190,3,2
548,191,3,2
548,192,3,2
548,193,3,2
548,194,3,2
548,195,3,2
548,196,3,2
548,197,3,2
548,198,3,2
548,199,3,2
548,200,3,2
548,201,3,2
548,202,3,2
548,203,3,2
548,204,3,2
548,205,3,2
548,206,3,2
548,207,3,2
548,208,3,2
548,209,3,2
548,210,3,2
548,211,3,2
548,212,3,2
548,213,3,2
548,214,3,2
548,215,3,2
548,216,3,2
548,217,3,2
548,218,3,2
548,219,3,2
548,220,3,2
548,221,3,2
548,222,3,2
548,223,3,2
548,224,3,2
548,225,3,2
548,226,3,2
548,227,3,2
548,228,3,2
548,229,3,2
548,230,3,2
548,231,3,2
548,232,3,2
548,233,3,2
548,234,3,2
548,235,3,2
548,236,3,2
548,237,3,2
548,238,3,2
548,239,3,2
548,240,3,2
548,241,3,2
548,242,3,2
548,243,3,2
548,244,3,2
548,245,3,2
548,246,3,2
548,247,3,2
548,248,3,2
548,249,3,2
548,250,3,2
548,251,3,2
548,252,3,2
548,253,3,2
548,254,3,2
548,255,3,2
548,256,3,2
548,257,3,2
548,258,3,2
548,259,3,2
548,260,3,2
548,261,3,2
548,262,3,2
548,263,3,2
548,264,3,2
548,265,3,2
548,266,3,2
548,267,3,2
548,268,3,2
548,269,3,2
548,270,3,2
548,271,3,2
548,272,3,2
548,273,3,2
548,274,3,2
548,275,3,2
548,276,3,2
548,277,3,2
548,278,3,2
548,279,3,2
548,280,3,2
548,281,3,2
548,282,3,2
548,283,3,2
548,284,3,2
548,285,3,2
548,286,3,2
548,287,3,2
548,288,3,2
548,289,3,2
548,290,3,2
548,291,3,2
548,292,3,2
548,293,3,2
548,294,3,2
548,295,3,2
548,296,3,2
548,297,3,2
548,298,3,2
548,299,3,2
548,300,3,2
548,301,3,2
548,302,3,2
548,303,3,2
548,304,3,2
548,305,3,2
548,306,3,2
548,307,3,2
548,308,3,2
548,309,3,2
548,310,3,2
548,311,3,2
548,312,3,2
548,313,3,2
548,314,3,2
548,315,3,2
548,316,3,2
548,317,3,2
548,318,3,2
548,319,3,2
548,320,3,2
548,321,3,2
548,322,3,2
548,323,3,2
548,324,3,2
548,325,3,2
548,326,3,2
548,327,3,2
548,328,3,2
548,329,3,2
548,330,3,2
548,331,3,2
548,332,3,2
548,333,3,2
548,334,3,2
548,335,3,2
548,336,3,2
548,337,3,2
548,338,3,2
548,339,3,2
548,340,3,2
548,341,3,2
548,342,3,2
548,343,3,2
548,344,3,2
548,345,3,2
548,346,3,2
548,347,3,2
548,348,3,2
548,349,3,2
548,350,3,2
548,351,3,2
548,352,3,2
548,353,3,2
548,354,3,2
548,355,3,2
548,356,3,2
548,357,3,2
548,358,3,2
548,359,3,2
548,360,3,2
548,361,3,2
548,362,3,2
548,363,3,2
548,364,3,2
548,365,3,2
548,366,3,2
548,367,3,2
548,368,3,2
548,369,3,2
548,370,3,2
548,371,3,2
548,372,3,2
548,373,3,2
548,374,3,2
548,375,3,2
548,376,3,2
548,377,3,2
548,378,3,2
548,379,3,2
548,380,3,2
548,381,3,2
548,382,3,2
548,383,3,2
548,384,3,2
548,385,3,2
548,386,3,2
548,387,3,2
548,388,3,2
548,389,3,2
548,390,3,2
548,391,3,2
548,392,3,2
548,393,3,2
548,394,3,2
548,395,3,2
548,396,3,2
548,397,3,2
548,398,3,2
548,399,3,2
548,400,3,2
548,401,3,2
548,402,3,2
548,403,3,2
548,404,3,2
548,405,3,2
548,406,3,2
548,407,3,2
548,408,3,2
548,409,3,2
548,410,3,2
548,411,3,2
548,412,3,2
548,413,3,2
548,414,3,2
548,415,3,2
548,416,3,2
548,417,3,2
548,418,3,2
548,419,3,2
548,420,3,2
548,421,3,2
548,422,3,2
548,423,3,2
548,424,3,2
548,425,3,2
548,426,3,2
548,427,3,2
548,428,3,2
548,429,3,2
548,430,3,2
548,431,3,2
548,432,3,2
548,433,3,2
548,434,3,2
548,435,3,2
548,436,3,2
548,437,3,2
548,438,3,2
548,439,3,2
548,440,3,2
548,441,3,2
548,442,3,2
548,443,3,2
548,444,3,2
548,445,3,2
548,446,3,2
548,447,3,2
548,448,3,2
548,449,3,2
548,450,3,2
548,451,3,2
548,452,3,2
548,453,3,2
548,454,3,2
548,455,3,2
548,456,3,2
548,457,3,2
548,458,3,2
548,459,3,2
548,460,3,2
548,461,3,2
548,462,3,2
548,463,3,2
548,464,3,2
548,465,3,2
548,466,3,2
548,467,3,2
548,468,3,2
548,469,3,2
548,470,3,2
548,471,3,2
548,472,3,2
548,473,3,2
548,474,3,2
548,475,3,2
548,476,3,2
548,477,3,2
548,478,3,2
548,479,3,2
548,480,3,2
548,481,3,2
548,482,3,2
548,483,3,2
548,484,3,2
548,485,3,2
548,486,3,2
548,487,3,2
548,488,3,2
548,489,3,2
548,490,3,2
548,491,3,2
548,492,3,2
548,493,3,2
548,494,3,2
548,495,3,2
548,496,3,2
548,497,3,2
548,498,3,2
548,499,3,2
548,500,3,2
548,501,3,2
548,502,3,2
548,503,3,2
548,504,3,2
548,505,3,2
548,506,3,2
548,507,3,2
548,508,3,2
548,509,3,2
548,510,3,2
548,511,3,2
548,512,3,2
548,513,3,2
548,514,3,2
548,515,3,2
548,516,3,2
548,517,3,2
548,518,3,2
548,519,3,2
548,520,3,2
548,521,3,2
548,522,3,2
548,523,3,2
548,524,3,2
548,525,3,2
548,526,3,2
548,527,3,2
548,528,3,2
548,529,3,2
548,530,3,2
548,531,3,2
548,532,3,2
548,533,3,2
548,534,3,2
548,535,3,2
548,536,3,2
548,537,3,2
548,538,3,2
548,539,3,2
548,540,3,2
548,541,3,2
548,542,3,2
548,543,3,2
548,544,3,2
548,545,3,2
548,546,3,2
548,547,3,2
548,548,3,2
548,549,3,2
548,550,3,2
548,551,3,2
548,552,3,2
548,553,3,2
548,554,3,2
548,555,3,2
548,556,3,2
548,557,3,2
548,558,3,2
548,559,3,2
548,560,3,2
548,561,3,2
548,562,3,2
548,563,3,2
548,564,3,2
548,565,3,2
548,566,3,2
548,567,3,2
548,568,3,2
548,569,3,2
548,570,3,2
548,571,3,2
548,572,3,2
548,573,3,2
548,574,3,2
548,575,3,2
548,576,3,2
548,577,3,2
548,578,3,2
548,579,3,2
548,580,3,2
548,581,3,2
548,582,3,2
548,583,3,2
548,584,3,2
548,585,3,2
548,586,3,2
548,587,3,2
548,588,3,2
548,589,3,2
548,590,3,2
548,591,3,2
548,592,3,2
548,593,3,2
548,594,3,2
548,595,3,2
548,596,3,2
548,597,3,3
548,598,3,3
548,599,3,3
548,600,3,3
548,601,3,3
548,602,3,3
548,603,3,2
548,604,3,2
548,605,3,2
548,606,3,2
548,607,3,2
548,608,3,2
548,609,3,2
548,610,3,2
548,611,3,2
548,612,3,2
548,613,3,2
548,614,3,2
548,615,3,2
548,616,3,2
548,617,3,2
548,618,3,2
548,619,3,2
548,620,3,2
548,621,3,2
548,622,3,2
548,623,3,2
548,624,3,2
548,625,3,2
548,626,3,2
548,627,3,2
548,628,3,2
548,629,3,2
548,630,3,2
548,631,3,2
548,632,3,2
548,633,3,2
548,634,3,2
548,635,3,2
548,636,3,2
548,637,3,2
548,638,3,2
548,639,3,2
548,640,3,2
548,641,3,2
548,642,3,2
548,643,3,2
548,644,3,2
548,645,3,2
548,646,3,2
548,647,3,2
548,648,3,2
548,649,3,2
548,650,3,2
548,651,3,2
548,652,3,2
548,654,3,2
549,82,3,2
549,83,3,2
549,84,3,2
549,85,3,2
549,86,3,3
549,87,3,3
549,88,3,3
549,89,3,3
549,90,3,3
549,91,3,3
549,92,3,3
549,93,3,2
549,94,3,2
549,95,3,2
549,96,3,2
549,97,3,2
549,98,3,2
549,99,3,2
549,100,3,2
549,101,3,2
549,102,3,2
549,103,3,2
549,104,3,2
549,105,3,2
549,106,3,2
549,107,3,2
549,108,3,2
549,109,3,2
549,110,3,2
549,111,3,2
549,112,3,2
549,113,3,2
549,114,3,2
549,115,3,2
549,116,3,2
549,117,3,2
549,118,3,2
549,119,3,2
549,120,3,2
549,121,3,2
549,122,3,2
549,123,3,2
549,124,3,2
549,125,3,2
549,126,3,2
549,127,3,2
549,128,3,2
549,129,3,2
549,130,3,2
549,131,3,2
549,132,3,2
549,133,3,2
549,134,3,2
549,135,3,2
549,136,3,2
549,137,3,2
549,138,3,2
549,139,3,2
549,140,3,2
549,141,3,2
549,142,3,2
549,143,3,2
549,144,3,2
549,145,3,2
549,146,3,2
549,147,3,2
549,148,3,2
549,149,3,2
549,150,3,2
549,151,3,2
549,152,3,2
549,153,3,2
549,154,3,2
549,155,3,2
549,156,3,2
549,157,3,2
549,158,3,2
549,159,3,2
549,160,3,2
549,161,3,2
549,162,3,2
549,163,3,2
549,164,3,2
549,165,3,2
549,166,3,2
549,167,3,2
549,168,3,2
549,169,3,2
549,170,3,2
549,171,3,2
549,172,3,2
549,173,3,2
549,174,3,2
549,175,3,2
549,176,3,2
549,177,3,2
549,178,3,2
549,179,3,2
549,180,3,2
549,181,3,2
549,182,3,2
549,183,3,2
549,184,3,2
549,185,3,2
549,186,3,2
549,187,3,2
549,188,3,2
549,189,3,2
549,190,3,2
549,191,3,2
549,192,3,2
549,193,3,2
549,194,3,2
549,195,3,2
549,196,3,2
549,197,3,2
549,198,3,2
549,199,3,2
549,200,3,2
549,201,3,2
549,202,3,2
549,203,3,2
549,204,3,2
549,205,3,2
549,206,3,2
549,207,3,2
549,208,3,2
549,209,3,2
549,210,3,2
549,211,3,2
549,212,3,2
549,213,3,2
549,214,3,2
549,215,3,2
549,216,3,2
549,217,3,2
549,218,3,2
549,219,3,2
549,220,3,2
549,221,3,2
549,222,3,2
549,223,3,2
549,224,3,2
549,225,3,2
549,226,3,2
549,227,3,2
549,228,3,2
549,229,3,2
549,230,3,2
549,231,3,2
549,232,3,2
549,233,3,2
549,234,3,2
549,235,3,2
549,236,3,2
549,237,3,2
549,238,3,2
549,239,3,2
549,240,3,2
549,241,3,2
549,242,3,2
549,243,3,2
549,244,3,2
549,245,3,2
549,246,3,2
549,247,3,2
549,248,3,2
549,249,3,2
549,250,3,2
549,251,3,2
549,252,3,2
549,253,3,2
549,254,3,2
549,255,3,2
549,256,3,2
549,257,3,2
549,258,3,2
549,259,3,2
549,260,3,2
549,261,3,2
549,262,3,2
549,263,3,2
549,264,3,2
549,265,3,2
549,266,3,2
549,267,3,2
549,268,3,2
549,269,3,2
549,270,3,2
549,271,3,2
549,272,3,2
549,273,3,2
549,274,3,2
549,275,3,2
549,276,3,2
549,277,3,2
549,278,3,2
549,279,3,2
549,280,3,2
549,281,3,2
549,282,3,2
549,283,3,2
549,284,3,2
549,285,3,2
549,286,3,2
549,287,3,2
549,288,3,2
549,289,3,2
549,290,3,2
549,291,3,2
549,292,3,2
549,293,3,2
549,294,3,2
549,295,3,2
549,296,3,2
549,297,3,2
549,298,3,2
549,299,3,2
549,300,3,2
549,301,3,2
549,302,3,2
549,303,3,2
549,304,3,2
549,305,3,2
549,306,3,2
549,307,3,2
549,308,3,2
549,309,3,2
549,310,3,2
549,311,3,2
549,312,3,2
549,313,3,2
549,314,3,2
549,315,3,2
549,316,3,2
549,317,3,2
549,318,3,2
549,319,3,2
549,320,3,2
549,321,3,2
549,322,3,2
549,323,3,2
549,324,3,2
549,325,3,2
549,326,3,2
549,327,3,2
549,328,3,2
549,329,3,2
549,330,3,2
549,331,3,2
549,332,3,2
549,333,3,2
549,334,3,2
549,335,3,2
549,336,3,2
549,337,3,2
549,338,3,2
549,339,3,2
549,340,3,2
549,341,3,2
549,342,3,2
549,343,3,2
549,344,3,2
549,345,3,2
549,346,3,2
549,347,3,2
549,348,3,2
549,349,3,2
549,350,3,2
549,351,3,2
549,352,3,2
549,353,3,2
549,354,3,2
549,355,3,2
549,356,3,2
549,357,3,2
549,358,3,2
549,359,3,2
549,360,3,2
549,361,3,2
549,362,3,2
549,363,3,2
549,364,3,2
549,365,3,2
549,366,3,2
549,367,3,2
549,368,3,2
549,369,3,2
549,370,3,2
549,371,3,2
549,372,3,2
549,373,3,2
549,374,3,2
549,375,3,2
549,376,3,2
549,377,3,2
549,378,3,2
549,379,3,2
549,380,3,2
549,381,3,2
549,382,3,2
549,383,3,2
549,384,3,2
549,385,3,2
549,386,3,2
549,387,3,2
549,388,3,2
549,389,3,2
549,390,3,2
549,391,3,2
549,392,3,2
549,393,3,2
549,394,3,2
549,395,3,2
549,396,3,2
549,397,3,2
549,398,3,2
549,399,3,2
549,400,3,2
549,401,3,2
549,402,3,2
549,403,3,2
549,404,3,2
549,405,3,2
549,406,3,2
549,407,3,2
549,408,3,2
549,409,3,2
549,410,3,2
549,411,3,2
549,412,3,2
549,413,3,2
549,414,3,2
549,415,3,2
549,416,3,2
549,417,3,2
549,418,3,2
549,419,3,2
549,420,3,2
549,421,3,2
549,422,3,2
549,423,3,2
549,424,3,2
549,425,3,2
549,426,3,2
549,427,3,2
549,428,3,2
549,429,3,2
549,430,3,2
549,431,3,2
549,432,3,2
549,433,3,2
549,434,3,2
549,435,3,2
549,436,3,2
549,437,3,2
549,438,3,2
549,439,3,2
549,440,3,2
549,441,3,2
549,442,3,2
549,443,3,2
549,444,3,2
549,445,3,2
549,446,3,2
549,447,3,2
549,448,3,2
549,449,3,2
549,450,3,2
549,451,3,2
549,452,3,2
549,453,3,2
549,454,3,2
549,455,3,2
549,456,3,2
549,457,3,2
549,458,3,2
549,459,3,2
549,460,3,2
549,461,3,2
549,462,3,2
549,463,3,2
549,464,3,2
549,465,3,2
549,466,3,2
549,467,3,2
549,468,3,2
549,469,3,2
549,470,3,2
549,471,3,2
549,472,3,2
549,473,3,2
549,474,3,2
549,475,3,2
549,476,3,2
549,477,3,2
549,478,3,2
549,479,3,2
549,480,3,2
549,481,3,2
549,482,3,2
549,483,3,2
549,484,3,2
549,485,3,2
549,486,3,2
549,487,3,2
549,488,3,2
549,489,3,2
549,490,3,2
549,491,3,2
549,492,3,2
549,493,3,2
549,494,3,2
549,495,3,2
549,496,3,2
549,497,3,2
549,498,3,2
549,499,3,2
549,500,3,2
549,501,3,2
549,502,3,2
549,503,3,2
549,504,3,2
549,505,3,2
549,506,3,2
549,507,3,2
549,508,3,2
549,509,3,2
549,510,3,2
549,511,3,2
549,512,3,2
549,513,3,2
549,514,3,2
549,515,3,2
549,516,3,2
549,517,3,2
549,518,3,2
549,519,3,2
549,520,3,2
549,521,3,2
549,522,3,2
549,523,3,2
549,524,3,2
549,525,3,2
549,526,3,2
549,527,3,2
549,528,3,2
549,529,3,2
549,530,3,2
549,531,3,2
549,532,3,2
549,533,3,2
549,534,3,2
549,535,3,2
549,536,3,2
549,537,3,2
549,538,3,2
549,539,3,2
549,540,3,2
549,541,3,2
549,542,3,2
549,543,3,2
549,544,3,2
549,545,3,2
549,546,3,2
549,547,3,2
549,548,3,2
549,549,3,2
549,550,3,2
549,551,3,2
549,552,3,2
549,553,3,2
549,554,3,2
549,555,3,2
549,556,3,2
549,557,3,2
549,558,3,2
549,559,3,2
549,560,3,2
549,561,3,2
549,562,3,2
549,563,3,2
549,564,3,2
549,565,3,2
549,566,3,2
549,567,3,2
549,568,3,2
549,569,3,2
549,570,3,2
549,571,3,2
549,572,3,2
549,573,3,2
549,574,3,2
549,575,3,2
549,576,3,2
549,577,3,2
549,578,3,2
549,579,3,2
549,580,3,2
549,581,3,2
549,582,3,2
549,583,3,2
549,584,3,2
549,585,3,2
549,586,3,2
549,587,3,2
549,588,3,2
549,589,3,2
549,590,3,2
549,591,3,2
549,592,3,2
549,593,3,2
549,594,3,2
549,595,3,3
549,596,3,3
549,597,3,3
549,598,3,3
549,599,3,3
549,600,3,3
549,601,3,2
549,602,3,2
549,603,3,2
549,604,3,2
549,605,3,2
549,606,3,2
549,607,3,2
549,608,3,2
549,609,3,2
549,610,3,2
549,611,3,2
549,612,3,2
549,613,3,2
549,614,3,2
549,615,3,2
549,616,3,2
549,617,3,2
549,618,3,2
549,619,3,2
549,620,3,2
549,621,3,2
549,622,3,2
549,623,3,2
549,624,3,2
549,625,3,2
549,626,3,2
549,627,3,2
549,628,3,2
549,629,3,2
549,630,3,2
549,631,3,2
549,632,3,2
549,633,3,2
549,634,3,2
549,635,3,2
549,636,3,2
549,637,3,2
549,638,3,2
549,639,3,2
549,640,3,2
549,641,3,2
549,642,3,2
549,643,3,2
549,644,3,2
549,645,3,2
549,646,3,2
549,647,3,2
549,648,3,2
549,649,3,2
549,650,3,2
549,651,3,2
549,652,3,2
550,83,3,2
550,84,3,2
550,85,3,2
550,86,3,3
550,87,3,3
550,88,3,3
550,89,3,3
550,90,3,3
550,91,3,3
550,92,3,2
550,93,3,2
550,94,3,2
550,95,3,2
550,96,3,2
550,97,3,2
550,98,3,2
550,99,3,2
550,100,3,2
550,101,3,2
550,102,3,2
550,103,3,2
550,104,3,2
550,105,3,2
550,106,3,2
550,107,3,2
550,108,3,2
550,109,3,2
550,110,3,2
550,111,3,2
550,112,3,2
550,113,3,2
550,114,3,2
550,115,3,2
550,116,3,2
550,117,3,2
550,118,3,2
550,119,3,2
550,120,3,2
550,121,3,2
550,122,3,2
550,123,3,2
550,124,3,2
550,125,3,2
550,126,3,2
550,127,3,2
550,128,3,2
550,129,3,2
550,130,3,2
550,131,3,2
550,132,3,2
550,133,3,2
550,134,3,2
550,135,3,2
550,136,3,2
550,137,3,2
550,138,3,2
550,139,3,2
550,140,3,2
550,141,3,2
550,142,3,2
550,143,3,2
550,144,3,2
550,145,3,2
550,146,3,2
550,147,3,2
550,148,3,2
550,149,3,2
550,150,3,2
550,151,3,2
550,152,3,2
550,153,3,2
550,154,3,2
550,155,3,2
550,156,3,2
550,157,3,2
550,158,3,2
550,159,3,2
550,160,3,2
550,161,3,2
550,162,3,2
550,163,3,2
550,164,3,2
550,165,3,2
550,166,3,2
550,167,3,2
550,168,3,2
550,169,3,2
550,170,3,2
550,171,3,2
550,172,3,2
550,173,3,2
550,174,3,2
550,175,3,2
550,176,3,2
550,177,3,2
550,178,3,2
550,179,3,2
550,180,3,2
550,181,3,2
550,182,3,2
550,183,3,2
550,184,3,2
550,185,3,2
550,186,3,2
550,187,3,2
550,188,3,2
550,189,3,2
550,190,3,2
550,191,3,2
550,192,3,2
550,193,3,2
550,194,3,2
550,195,3,2
550,196,3,2
550,197,3,2
550,198,3,2
550,199,3,2
550,200,3,2
550,201,3,2
550,202,3,2
550,203,3,2
550,204,3,2
550,205,3,2
550,206,3,2
550,207,3,2
550,208,3,2
550,209,3,2
550,210,3,2
550,211,3,2
550,212,3,2
550,213,3,2
550,214,3,2
550,215,3,2
550,216,3,2
550,217,3,2
550,218,3,2
550,219,3,2
550,220,3,2
550,221,3,2
550,222,3,2
550,223,3,2
550,224,3,2
550,225,3,2
550,226,3,2
550,227,3,2
550,228,3,2
550,229,3,2
550,230,3,2
550,231,3,2
550,232,3,2
550,233,3,2
550,234,3,2
550,235,3,2
550,236,3,2
550,237,3,2
550,238,3,2
550,239,3,2
550,240,3,2
550,241,3,2
550,242,3,2
550,243,3,2
550,244,3,2
550,245,3,2
550,246,3,2
550,247,3,2
550,248,3,2
550,249,3,2
550,250,3,2
550,251,3,2
550,252,3,2
550,253,3,2
550,254,3,2
550,255,3,2
550,256,3,2
550,257,3,2
550,258,3,2
550,259,3,2
550,260,3,2
550,261,3,2
550,262,3,2
550,263,3,2
550,264,3,2
550,265,3,2
550,266,3,2
550,267,3,2
550,268,3,2
550,269,3,2
550,270,3,2
550,271,3,2
550,272,3,2
550,273,3,2
550,274,3,2
550,275,3,2
550,276,3,2
550,277,3,2
550,278,3,2
550,279,3,2
550,280,3,2
550,281,3,2
550,282,3,2
550,283,3,2
550,284,3,2
550,285,3,2
550,286,3,2
550,287,3,2
550,288,3,2
550,289,3,2
550,290,3,2
550,291,3,2
550,292,3,2
550,293,3,2
550,294,3,2
550,295,3,2
550,296,3,2
550,297,3,2
550,298,3,2
550,299,3,2
550,300,3,2
550,301,3,2
550,302,3,2
550,303,3,2
550,304,3,2
550,305,3,2
550,306,3,2
550,307,3,2
550,308,3,2
550,309,3,2
550,310,3,2
550,311,3,2
550,312,3,2
550,313,3,2
550,314,3,2
550,315,3,2
550,316,3,2
550,317,3,2
550,318,3,2
550,319,3,2
550,320,3,2
550,321,3,2
550,322,3,2
550,323,3,2
550,324,3,2
550,325,3,2
550,326,3,2
550,327,3,2
550,328,3,2
550,329,3,2
550,330,3,2
550,331,3,2
550,332,3,2
550,333,3,2
550,334,3,2
550,335,3,2
550,336,3,2
550,337,3,2
550,338,3,2
550,339,3,2
550,340,3,2
550,341,3,2
550,342,3,2
550,343,3,2
550,344,3,2
550,345,3,2
550,346,3,2
550,347,3,2
550,348,3,2
550,349,3,2
550,350,3,2
550,351,3,2
550,352,3,2
550,353,3,2
550,354,3,2
550,355,3,2
550,356,3,2
550,357,3,2
550,358,3,2
550,359,3,2
550,360,3,2
550,361,3,2
550,362,3,2
550,363,3,2
550,364,3,2
550,365,3,2
550,366,3,2
550,367,3,2
550,368,3,2
550,369,3,2
550,370,3,2
550,371,3,2
550,372,3,2
550,373,3,2
550,374,3,2
550,375,3,2
550,376,3,2
550,377,3,2
550,378,3,2
550,379,3,2
550,380,3,2
550,381,3,2
550,382,3,2
550,383,3,2
550,384,3,2
550,385,3,2
550,386,3,2
550,387,3,2
550,388,3,2
550,389,3,2
550,390,3,2
550,391,3,2
550,392,3,2
550,393,3,2
550,394,3,2
550,395,3,2
550,396,3,2
550,397,3,2
550,398,3,2
550,399,3,2
550,400,3,2
550,401,3,2
550,402,3,2
550,403,3,2
550,404,3,2
550,405,3,2
550,406,3,2
550,407,3,2
550,408,3,2
550,409,3,2
550,410,3,2
550,411,3,2
550,412,3,2
550,413,3,2
550,414,3,2
550,415,3,2
550,416,3,2
550,417,3,2
550,418,3,2
550,419,3,2
550,420,3,2
550,421,3,2
550,422,3,2
550,423,3,2
550,424,3,2
550,425,3,2
550,426,3,2
550,427,3,2
550,428,3,2
550,429,3,2
550,430,3,2
550,431,3,2
550,432,3,2
550,433,3,2
550,434,3,2
550,435,3,2
550,436,3,2
550,437,3,2
550,438,3,2
550,439,3,2
550,440,3,2
550,441,3,2
550,442,3,2
550,443,3,2
550,444,3,2
550,445,3,2
550,446,3,2
550,447,3,2
550,448,3,2
550,449,3,2
550,450,3,2
550,451,3,2
550,452,3,2
550,453,3,2
550,454,3,2
550,455,3,2
550,456,3,2
550,457,3,2
550,458,3,2
550,459,3,2
550,460,3,2
550,461,3,2
550,462,3,2
550,463,3,2
550,464,3,2
550,465,3,2
550,466,3,2
550,467,3,2
550,468,3,2
550,469,3,2
550,470,3,2
550,471,3,2
550,472,3,2
550,473,3,2
550,474,3,2
550,475,3,2
550,476,3,2
550,477,3,2
550,478,3,2
550,479,3,2
550,480,3,2
550,481,3,2
550,482,3,2
550,483,3,2
550,484,3,2
550,485,3,2
550,486,3,2
550,487,3,2
550,488,3,2
550,489,3,2
550,490,3,2
550,491,3,2
550,492,3,2
550,493,3,2
550,494,3,2
550,495,3,2
550,496,3,2
550,497,3,2
550,498,3,2
550,499,3,2
550,500,3,2
550,501,3,2
550,502,3,2
550,503,3,2
550,504,3,2
550,505,3,2
550,506,3,2
550,507,3,2
550,508,3,2
550,509,3,2
550,510,3,2
550,511,3,2
550,512,3,2
550,513,3,2
550,514,3,2
550,515,3,2
550,516,3,2
550,517,3,2
550,518,3,2
550,519,3,2
550,520,3,2
550,521,3,2
550,522,3,2
550,523,3,2
550,524,3,2
550,525,3,2
550,526,3,2
550,527,3,2
550,528,3,2
550,529,3,2
550,530,3,2
550,531,3,2
550,532,3,2
550,533,3,2
550,534,3,2
550,535,3,2
550,536,3,2
550,537,3,2
550,538,3,2
550,539,3,2
550,540,3,2
550,541,3,2
550,542,3,2
550,543,3,2
550,544,3,2
550,545,3,2
550,546,3,2
550,547,3,2
550,548,3,2
550,549,3,2
550,550,3,2
550,551,3,2
550,552,3,2
550,553,3,2
550,554,3,2
550,555,3,2
550,556,3,2
550,557,3,2
550,558,3,2
550,559,3,2
550,560,3,2
550,561,3,2
550,562,3,2
550,563,3,2
550,564,3,2
550,565,3,2
550,566,3,2
550,567,3,2
550,568,3,2
550,569,3,2
550,570,3,2
550,571,3,2
550,572,3,2
550,573,3,2
550,574,3,2
550,575,3,2
550,576,3,2
550,577,3,2
550,578,3,2
550,579,3,2
550,580,3,2
550,581,3,2
550,582,3,2
550,583,3,2
550,584,3,2
550,585,3,2
550,586,3,2
550,587,3,2
550,588,3,2
550,589,3,2
550,590,3,2
550,591,3,2
550,592,3,2
550,593,3,2
550,594,3,2
550,595,3,3
550,596,3,3
550,597,3,3
550,598,3,3
550,599,3,3
550,600,3,3
550,601,3,2
550,602,3,2
550,603,3,2
550,604,3,2
550,605,3,2
550,606,3,2
550,607,3,2
550,608,3,2
550,609,3,2
550,610,3,2
550,611,3,2
550,612,3,2
550,613,3,2
550,614,3,2
550,615,3,2
550,616,3,2
550,617,3,2
550,618,3,2
550,619,3,2
550,620,3,2
550,621,3,2
550,622,3,2
550,623,3,2
550,624,3,2
550,625,3,2
550,626,3,2
550,627,3,2
550,628,3,2
550,629,3,2
550,630,3,2
550,631,3,2
550,632,3,2
550,633,3,2
550,634,3,2
550,635,3,2
550,636,3,2
550,637,3,2
550,638,3,2
550,639,3,2
550,640,3,2
550,641,3,2
550,642,3,2
550,643,3,2
550,644,3,2
550,645,3,2
550,646,3,2
550,647,3,2
550,648,3,2
550,649,3,2
550,650,3,2
550,651,3,2
551,82,3,2
551,83,3,2
551,84,3,2
551,85,3,2
551,86,3,2
551,87,3,3
551,88,3,3
551,89,3,3
551,90,3,3
551,91,3,3
551,92,3,2
551,93,3,2
551,94,3,2
551,95,3,2
551,96,3,2
551,97,3,2
551,98,3,2
551,99,3,2
551,100,3,2
551,101,3,2
551,102,3,2
551,103,3,2
551,104,3,2
551,105,3,2
551,106,3,2
551,107,3,2
551,108,3,2
551,109,3,2
551,110,3,2
551,111,3,2
551,112,3,2
551,113,3,2
551,114,3,2
551,115,3,2
551,116,3,2
551,117,3,2
551,118,3,2
551,119,3,2
551,120,3,2
551,121,3,2
551,122,3,2
551,123,3,2
551,124,3,2
551,125,3,2
551,126,3,2
551,127,3,2
551,128,3,2
551,129,3,2
551,130,3,2
551,131,3,2
551,132,3,2
551,133,3,2
551,134,3,2
551,135,3,2
551,136,3,2
551,137,3,2
551,138,3,2
551,139,3,2
551,140,3,2
551,141,3,2
551,142,3,2
551,143,3,2
551,144,3,2
551,145,3,2
551,146,3,2
551,147,3,2
551,148,3,2
551,149,3,2
551,150,3,2
551,151,3,2
551,152,3,2
551,153,3,2
551,154,3,2
551,155,3,2
551,156,3,2
551,157,3,2
551,158,3,2
551,159,3,2
551,160,3,2
551,161,3,2
551,162,3,2
551,163,3,2
551,164,3,2
551,165,3,2
551,166,3,2
551,167,3,2
551,168,3,2
551,169,3,2
551,170,3,2
551,171,3,2
551,172,3,2
551,173,3,2
551,174,3,2
551,175,3,2
551,176,3,2
551,177,3,2
551,178,3,2
551,179,3,2
551,180,3,2
551,181,3,2
551,182,3,2
551,183,3,2
551,184,3,2
551,185,3,2
551,186,3,2
551,187,3,2
551,188,3,2
551,189,3,2
551,190,3,2
551,191,3,2
551,192,3,2
551,193,3,2
551,194,3,2
551,195,3,2
551,196,3,2
551,197,3,2
551,198,3,2
551,199,3,2
551,200,3,2
551,201,3,2
551,202,3,2
551,203,3,2
551,204,3,2
551,205,3,2
551,206,3,2
551,207,3,2
551,208,3,2
551,209,3,2
551,210,3,2
551,211,3,2
551,212,3,2
551,213,3,2
551,214,3,2
551,215,3,2
551,216,3,2
551,217,3,2
551,218,3,2
551,219,3,2
551,220,3,2
551,221,3,2
551,222,3,2
551,223,3,2
551,224,3,2
551,225,3,2
551,226,3,2
551,227,3,2
551,228,3,2
551,229,3,2
551,230,3,2
551,231,3,2
551,232,3,2
551,233,3,2
551,234,3,2
551,235,3,2
551,236,3,2
551,237,3,2
551,238,3,2
551,239,3,2
551,240,3,2
551,241,3,2
551,242,3,2
551,243,3,2
551,244,3,2
551,245,3,2
551,246,3,2
551,247,3,2
551,248,3,2
551,249,3,2
551,250,3,2
551,251,3,2
551,252,3,2
551,253,3,2
551,254,3,2
551,255,3,2
551,256,3,2
551,257,3,2
551,258,3,2
551,259,3,2
551,260,3,2
551,261,3,2
551,262,3,2
551,263,3,2
551,264,3,2
551,265,3,2
551,266,3,2
551,267,3,2
551,268,3,2
551,269,3,2
551,270,3,2
551,271,3,2
551,272,3,2
551,273,3,2
551,274,3,2
551,275,3,2
551,276,3,2
551,277,3,2
551,278,3,2
551,279,3,2
551,280,3,2
551,281,3,2
551,282,3,2
551,283,3,2
551,284,3,2
551,285,3,2
551,286,3,2
551,287,3,2
551,288,3,2
551,289,3,2
551,290,3,2
551,291,3,2
551,292,3,2
551,293,3,2
551,294,3,2
551,295,3,2
551,296,3,2
551,297,3,2
551,298,3,2
551,299,3,2
551,300,3,2
551,301,3,2
551,302,3,2
551,303,3,2
551,304,3,2
551,305,3,2
551,306,3,2
551,307,3,2
551,308,3,2
551,309,3,2
551,310,3,2
551,311,3,2
551,312,3,2
551,313,3,2
551,314,3,2
551,315,3,2
551,316,3,2
551,317,3,2
551,318,3,2
551,319,3,2
551,320,3,2
551,321,3,2
551,322,3,2
551,323,3,2
551,324,3,2
551,325,3,2
551,326,3,2
551,327,3,2
551,328,3,2
551,329,3,2
551,330,3,2
551,331,3,2
551,332,3,2
551,333,3,2
551,334,3,2
551,335,3,2
551,336,3,2
551,337,3,2
551,338,3,2
551,339,3,2
551,340,3,2
551,341,3,2
551,342,3,2
551,343,3,2
551,344,3,2
551,345,3,2
551,346,3,2
551,347,3,2
551,348,3,2
551,349,3,2
551,350,3,2
551,351,3,2
551,352,3,2
551,353,3,2
551,354,3,2
551,355,3,2
551,356,3,2
551,357,3,2
551,358,3,2
551,359,3,2
551,360,3,2
551,361,3,2
551,362,3,2
551,363,3,2
551,364,3,2
551,365,3,2
551,366,3,2
551,367,3,2
551,368,3,2
551,369,3,2
551,370,3,2
551,371,3,2
551,372,3,2
551,373,3,2
551,374,3,2
551,375,3,2
551,376,3,2
551,377,3,2
551,378,3,2
551,379,3,2
551,380,3,2
551,381,3,2
551,382,3,2
551,383,3,2
551,384,3,2
551,385,3,2
551,386,3,2
551,387,3,2
551,388,3,2
551,389,3,2
551,390,3,2
551,391,3,2
551,392,3,2
551,393,3,2
551,394,3,2
551,395,3,2
551,396,3,2
551,397,3,2
551,398,3,2
551,399,3,2
551,400,3,2
551,401,3,2
551,402,3,2
551,403,3,2
551,404,3,2
551,405,3,2
551,406,3,2
551,407,3,2
551,408,3,2
551,409,3,2
551,410,3,2
551,411,3,2
551,412,3,2
551,413,3,2
551,414,3,2
551,415,3,2
551,416,3,2
551,417,3,2
551,418,3,2
551,419,3,2
551,420,3,2
551,421,3,2
551,422,3,2
551,423,3,2
551,424,3,2
551,425,3,2
551,426,3,2
551,427,3,2
551,428,3,2
551,429,3,2
551,430,3,2
551,431,3,2
551,432,3,2
551,433,3,2
551,434,3,2
551,435,3,2
551,436,3,2
551,437,3,2
551,438,3,2
551,439,3,2
551,440,3,2
551,441,3,2
551,442,3,2
551,443,3,2
551,444,3,2
551,445,3,2
551,446,3,2
551,447,3,2
551,448,3,2
551,449,3,2
551,450,3,2
551,451,3,2
551,452,3,2
551,453,3,2
551,454,3,2
551,455,3,2
551,456,3,2
551,457,3,2
551,458,3,2
551,459,3,2
551,460,3,2
551,461,3,2
551,462,3,2
551,463,3,2
551,464,3,2
551,465,3,2
551,466,3,2
551,467,3,2
551,468,3,2
551,469,3,2
551,470,3,2
551,471,3,2
551,472,3,2
551,473,3,2
551,474,3,2
551,475,3,2
551,476,3,2
551,477,3,2
551,478,3,2
551,479,3,2
551,480,3,2
551,481,3,2
551,482,3,2
551,483,3,2
551,484,3,2
551,485,3,2
551,486,3,2
551,487,3,2
551,488,3,2
551,489,3,2
551,490,3,2
551,491,3,2
551,492,3,2
551,493,3,2
551,494,3,2
551,495,3,2
551,496,3,2
551,497,3,2
551,498,3,2
551,499,3,2
551,500,3,2
551,501,3,2
551,502,3,2
551,503,3,2
551,504,3,2
551,505,3,2
551,506,3,2
551,507,3,2
551,508,3,2
551,509,3,2
551,510,3,2
551,511,3,2
551,512,3,2
551,513,3,2
551,514,3,2
551,515,3,2
551,516,3,2
551,517,3,2
551,518,3,2
551,519,3,2
551,520,3,2
551,521,3,2
551,522,3,2
551,523,3,2
551,524,3,2
551,525,3,2
551,526,3,2
551,527,3,2
551,528,3,2
551,529,3,2
551,530,3,2
551,531,3,2
551,532,3,2
551,533,3,2
551,534,3,2
551,535,3,2
551,536,3,2
551,537,3,2
551,538,3,2
551,539,3,2
551,540,3,2
551,541,3,2
551,542,3,2
551,543,3,2
551,544,3,2
551,545,3,2
551,546,3,2
551,547,3,2
551,548,3,2
551,549,3,2
551,550,3,2
551,551,3,2
551,552,3,2
551,553,3,2
551,554,3,2
551,555,3,2
551,556,3,2
551,557,3,2
551,558,3,2
551,559,3,2
551,560,3,2
551,561,3,2
551,562,3,2
551,563,3,2
551,564,3,2
551,565,3,2
551,566,3,2
551,567,3,2
551,568,3,2
551,569,3,2
551,570,3,2
551,571,3,2
551,572,3,2
551,573,3,2
551,574,3,2
551,575,3,2
551,576,3,2
551,577,3,2
551,578,3,2
551,579,3,2
551,580,3,2
551,581,3,2
551,582,3,2
551,583,3,2
551,584,3,2
551,585,3,2
551,586,3,2
551,587,3,2
551,588,3,2
551,589,3,2
551,590,3,2
551,591,3,2
551,592,3,3
551,593,3,3
551,594,3,3
551,595,3,3
551,596,3,3
551,597,3,3
551,598,3,3
551,599,3,3
551,600,3,3
551,601,3,2
551,602,3,2
551,603,3,2
551,604,3,2
551,605,3,2
551,606,3,2
551,607,3,2
551,608,3,2
551,609,3,2
551,610,3,2
551,611,3,2
551,612,3,2
551,613,3,2
551,614,3,2
551,615,3,2
551,616,3,2
551,617,3,2
551,618,3,2
551,619,3,2
551,620,3,2
551,621,3,2
551,622,3,2
551,623,3,2
551,624,3,2
551,625,3,2
551,626,3,2
551,627,3,2
551,628,3,2
551,629,3,2
551,630,3,2
551,631,3,2
551,632,3,2
551,633,3,2
551,634,3,2
551,635,3,2
551,636,3,2
551,637,3,2
551,638,3,2
551,639,3,2
551,640,3,2
551,641,3,2
551,642,3,2
551,643,3,2
551,644,3,2
551,645,3,2
551,646,3,2
551,647,3,2
551,648,3,2
551,649,3,2
551,650,3,2
552,82,3,2
552,83,3,2
552,84,3,2
552,85,3,2
552,86,3,2
552,87,3,3
552,88,3,3
552,89,3,3
552,90,3,3
552,91,3,2
552,92,3,2
552,93,3,2
552,94,3,2
552,95,3,2
552,96,3,2
552,97,3,2
552,98,3,2
552,99,3,2
552,100,3,2
552,101,3,2
552,102,3,2
552,103,3,2
552,104,3,2
552,105,3,2
552,106,3,2
552,107,3,2
552,108,3,2
552,109,3,2
552,110,3,2
552,111,3,2
552,112,3,2
552,113,3,2
552,114,3,2
552,115,3,2
552,116,3,2
552,117,3,2
552,118,3,2
552,119,3,2
552,120,3,2
552,121,3,2
552,122,3,2
552,123,3,2
552,124,3,2
552,125,3,2
552,126,3,2
552,127,3,2
552,128,3,2
552,129,3,2
552,130,3,2
552,131,3,2
552,132,3,2
552,133,3,2
552,134,3,2
552,135,3,2
552,136,3,2
552,137,3,2
552,138,3,2
552,139,3,2
552,140,3,2
552,141,3,2
552,142,3,2
552,143,3,2
552,144,3,2
552,145,3,2
552,146,3,2
552,147,3,2
552,148,3,2
552,149,3,2
552,150,3,2
552,151,3,2
552,152,3,2
552,153,3,2
552,154,3,2
552,155,3,2
552,156,3,2
552,157,3,2
552,158,3,2
552,159,3,2
552,160,3,2
552,161,3,2
552,162,3,2
552,163,3,2
552,164,3,2
552,165,3,2
552,166,3,2
552,167,3,2
552,168,3,2
552,169,3,2
552,170,3,2
552,171,3,2
552,172,3,2
552,173,3,2
552,174,3,2
552,175,3,2
552,176,3,2
552,177,3,2
552,178,3,2
552,179,3,2
552,180,3,2
552,181,3,2
552,182,3,2
552,183,3,2
552,184,3,2
552,185,3,2
552,186,3,2
552,187,3,2
552,188,3,2
552,189,3,2
552,190,3,2
552,191,3,2
552,192,3,2
552,193,3,2
552,194,3,2
552,195,3,2
552,196,3,2
552,197,3,2
552,198,3,2
552,199,3,2
552,200,3,2
552,201,3,2
552,202,3,2
552,203,3,2
552,204,3,2
552,205,3,2
552,206,3,2
552,207,3,2
552,208,3,2
552,209,3,2
552,210,3,2
552,211,3,2
552,212,3,2
552,213,3,2
552,214,3,2
552,215,3,2
552,216,3,2
552,217,3,2
552,218,3,2
552,219,3,2
552,220,3,2
552,221,3,2
552,222,3,2
552,223,3,2
552,224,3,2
552,225,3,2
552,226,3,2
552,227,3,2
552,228,3,2
552,229,3,2
552,230,3,2
552,231,3,2
552,232,3,2
552,233,3,2
552,234,3,2
552,235,3,2
552,236,3,2
552,237,3,2
552,238,3,2
552,239,3,2
552,240,3,2
552,241,3,2
552,242,3,2
552,243,3,2
552,244,3,2
552,245,3,2
552,246,3,2
552,247,3,2
552,248,3,2
552,249,3,2
552,250,3,2
552,251,3,2
552,252,3,2
552,253,3,2
552,254,3,2
552,255,3,2
552,256,3,2
552,257,3,2
552,258,3,2
552,259,3,2
552,260,3,2
552,261,3,2
552,262,3,2
552,263,3,2
552,264,3,2
552,265,3,2
552,266,3,2
552,267,3,2
552,268,3,2
552,269,3,2
552,270,3,2
552,271,3,2
552,272,3,2
552,273,3,2
552,274,3,2
552,275,3,2
552,276,3,2
552,277,3,2
552,278,3,2
552,279,3,2
552,280,3,2
552,281,3,2
552,282,3,2
552,283,3,2
552,284,3,2
552,285,3,2
552,286,3,2
552,287,3,2
552,288,3,2
552,289,3,2
552,290,3,2
552,291,3,2
552,292,3,2
552,293,3,2
552,294,3,2
552,295,3,2
552,296,3,2
552,297,3,2
552,298,3,2
552,299,3,2
552,300,3,2
552,301,3,2
552,302,3,2
552,303,3,2
552,304,3,2
552,305,3,2
552,306,3,2
552,307,3,2
552,308,3,2
552,309,3,2
552,310,3,2
552,311,3,2
552,312,3,2
552,313,3,2
552,314,3,2
552,315,3,2
552,316,3,2
552,317,3,2
552,318,3,2
552,319,3,2
552,320,3,2
552,321,3,2
552,322,3,2
552,323,3,2
552,324,3,2
552,325,3,2
552,326,3,2
552,327,3,2
552,328,3,2
552,329,3,2
552,330,3,2
552,331,3,2
552,332,3,2
552,333,3,2
552,334,3,2
552,335,3,2
552,336,3,2
552,337,3,2
552,338,3,2
552,339,3,2
552,340,3,2
552,341,3,2
552,342,3,2
552,343,3,2
552,344,3,2
552,345,3,2
552,346,3,2
552,347,3,2
552,348,3,2
552,349,3,2
552,350,3,2
552,351,3,2
552,352,3,2
552,353,3,2
552,354,3,2
552,355,3,2
552,356,3,2
552,357,3,2
552,358,3,2
552,359,3,2
552,360,3,2
552,361,3,2
552,362,3,2
552,363,3,2
552,364,3,2
552,365,3,2
552,366,3,2
552,367,3,2
552,368,3,2
552,369,3,2
552,370,3,2
552,371,3,2
552,372,3,2
552,373,3,2
552,374,3,2
552,375,3,2
552,376,3,2
552,377,3,2
552,378,3,2
552,379,3,2
552,380,3,2
552,381,3,2
552,382,3,2
552,383,3,2
552,384,3,2
552,385,3,2
552,386,3,2
552,387,3,2
552,388,3,2
552,389,3,2
552,390,3,2
552,391,3,2
552,392,3,2
552,393,3,2
552,394,3,2
552,395,3,2
552,396,3,2
552,397,3,2
552,398,3,2
552,399,3,2
552,400,3,2
552,401,3,2
552,402,3,2
552,403,3,2
552,404,3,2
552,405,3,2
552,406,3,2
552,407,3,2
552,408,3,2
552,409,3,2
552,410,3,2
552,411,3,2
552,412,3,2
552,413,3,2
552,414,3,2
552,415,3,2
552,416,3,2
552,417,3,2
552,418,3,2
552,419,3,2
552,420,3,2
552,421,3,2
552,422,3,2
552,423,3,2
552,424,3,2
552,425,3,2
552,426,3,2
552,427,3,2
552,428,3,2
552,429,3,2
552,430,3,2
552,431,3,2
552,432,3,2
552,433,3,2
552,434,3,2
552,435,3,2
552,436,3,2
552,437,3,2
552,438,3,2
552,439,3,2
552,440,3,2
552,441,3,2
552,442,3,2
552,443,3,2
552,444,3,2
552,445,3,2
552,446,3,2
552,447,3,2
552,448,3,2
552,449,3,2
552,450,3,2
552,451,3,2
552,452,3,2
552,453,3,2
552,454,3,2
552,455,3,2
552,456,3,2
552,457,3,2
552,458,3,2
552,459,3,2
552,460,3,2
552,461,3,2
552,462,3,2
552,463,3,2
552,464,3,2
552,465,3,2
552,466,3,2
552,467,3,2
552,468,3,2
552,469,3,2
552,470,3,2
552,471,3,2
552,472,3,2
552,473,3,2
552,474,3,2
552,475,3,2
552,476,3,2
552,477,3,2
552,478,3,2
552,479,3,2
552,480,3,2
552,481,3,2
552,482,3,2
552,483,3,2
552,484,3,2
552,485,3,2
552,486,3,2
552,487,3,2
552,488,3,2
552,489,3,2
552,490,3,2
552,491,3,2
552,492,3,2
552,493,3,2
552,494,3,2
552,495,3,2
552,496,3,2
552,497,3,2
552,498,3,2
552,499,3,2
552,500,3,2
552,501,3,2
552,502,3,2
552,503,3,2
552,504,3,2
552,505,3,2
552,506,3,2
552,507,3,2
552,508,3,2
552,509,3,2
552,510,3,2
552,511,3,2
552,512,3,2
552,513,3,2
552,514,3,2
552,515,3,2
552,516,3,2
552,517,3,2
552,518,3,2
552,519,3,2
552,520,3,2
552,521,3,2
552,522,3,2
552,523,3,2
552,524,3,2
552,525,3,2
552,526,3,2
552,527,3,2
552,528,3,2
552,529,3,2
552,530,3,2
552,531,3,2
552,532,3,2
552,533,3,2
552,534,3,2
552,535,3,2
552,536,3,2
552,537,3,2
552,538,3,2
552,539,3,2
552,540,3,2
552,541,3,2
552,542,3,2
552,543,3,2
552,544,3,2
552,545,3,2
552,546,3,2
552,547,3,2
552,548,3,2
552,549,3,2
552,550,3,2
552,551,3,2
552,552,3,2
552,553,3,2
552,554,3,2
552,555,3,2
552,556,3,2
552,557,3,2
552,558,3,2
552,559,3,2
552,560,3,2
552,561,3,2
552,562,3,2
552,563,3,2
552,564,3,2
552,565,3,2
552,566,3,2
552,567,3,2
552,568,3,2
552,569,3,2
552,570,3,2
552,571,3,2
552,572,3,2
552,573,3,2
552,574,3,2
552,575,3,2
552,576,3,2
552,577,3,2
552,578,3,2
552,579,3,2
552,580,3,2
552,581,3,2
552,582,3,2
552,583,3,2
552,584,3,2
552,585,3,2
552,586,3,2
552,587,3,2
552,588,3,2
552,589,3,3
552,590,3,3
552,591,3,3
552,592,3,3
552,593,3,3
552,594,3,3
552,595,3,3
552,596,3,3
552,597,3,3
552,598,3,2
552,599,3,2
552,600,3,2
552,601,3,2
552,602,3,2
552,603,3,2
552,604,3,2
552,605,3,2
552,606,3,2
552,607,3,2
552,608,3,2
552,609,3,2
552,610,3,2
552,611,3,2
552,612,3,2
552,613,3,2
552,614,3,2
552,615,3,2
552,616,3,2
552,617,3,2
552,618,3,2
552,619,3,2
552,620,3,2
552,621,3,2
552,622,3,2
552,623,3,2
552,624,3,2
552,625,3,2
552,626,3,2
552,627,3,2
552,628,3,2
552,629,3,2
552,630,3,2
552,631,3,2
552,632,3,2
552,633,3,2
552,634,3,2
552,635,3,2
552,636,3,2
552,637,3,2
552,638,3,2
552,639,3,2
552,640,3,2
552,641,3,2
552,642,3,2
552,643,3,2
552,644,3,2
552,645,3,2
552,646,3,2
552,647,3,2
552,648,3,2
552,649,3,2
553,83,3,2
553,84,3,2
553,85,3,2
553,86,3,2
553,87,3,2
553,88,3,3
553,89,3,3
553,90,3,3
553,91,3,2
553,92,3,2
553,93,3,2
553,94,3,2
553,95,3,2
553,96,3,2
553,97,3,2
553,98,3,2
553,99,3,2
553,100,3,2
553,101,3,2
553,102,3,2
553,103,3,2
553,104,3,2
553,105,3,2
553,106,3,2
553,107,3,2
553,108,3,2
553,109,3,2
553,110,3,2
553,111,3,2
553,112,3,2
553,113,3,2
553,114,3,2
553,115,3,2
553,116,3,2
553,117,3,2
553,118,3,2
553,119,3,2
553,120,3,2
553,121,3,2
553,122,3,2
553,123,3,2
553,124,3,2
553,125,3,2
553,126,3,2
553,127,3,2
553,128,3,2
553,129,3,2
553,130,3,2
553,131,3,2
553,132,3,2
553,133,3,2
553,134,3,2
553,135,3,2
553,136,3,2
553,137,3,2
553,138,3,2
553,139,3,2
553,140,3,2
553,141,3,2
553,142,3,2
553,143,3,2
553,144,3,2
553,145,3,2
553,146,3,2
553,147,3,2
553,148,3,2
553,149,3,2
553,150,3,2
553,151,3,2
553,152,3,2
553,153,3,2
553,154,3,2
553,155,3,2
553,156,3,2
553,157,3,2
553,158,3,2
553,159,3,2
553,160,3,2
553,161,3,2
553,162,3,2
553,163,3,2
553,164,3,2
553,165,3,2
553,166,3,2
553,167,3,2
553,168,3,2
553,169,3,2
553,170,3,2
553,171,3,2
553,172,3,2
553,173,3,2
553,174,3,2
553,175,3,2
553,176,3,2
553,177,3,2
553,178,3,2
553,179,3,2
553,180,3,2
553,181,3,2
553,182,3,2
553,183,3,2
553,184,3,2
553,185,3,2
553,186,3,2
553,187,3,2
553,188,3,2
553,189,3,2
553,190,3,2
553,191,3,2
553,192,3,2
553,193,3,2
553,194,3,2
553,195,3,2
553,196,3,2
553,197,3,2
553,198,3,2
553,199,3,2
553,200,3,2
553,201,3,2
553,202,3,2
553,203,3,2
553,204,3,2
553,205,3,2
553,206,3,2
553,207,3,2
553,208,3,2
553,209,3,2
553,210,3,2
553,211,3,2
553,212,3,2
553,213,3,2
553,214,3,2
553,215,3,2
553,216,3,2
553,217,3,2
553,218,3,2
553,219,3,2
553,220,3,2
553,221,3,2
553,222,3,2
553,223,3,2
553,224,3,2
553,225,3,2
553,226,3,2
553,227,3,2
553,228,3,2
553,229,3,2
553,230,3,2
553,231,3,2
553,232,3,2
553,233,3,2
553,234,3,2
553,235,3,2
553,236,3,2
553,237,3,2
553,238,3,2
553,239,3,2
553,240,3,2
553,241,3,2
553,242,3,2
553,243,3,2
553,244,3,2
553,245,3,2
553,246,3,2
553,247,3,2
553,248,3,2
553,249,3,2
553,250,3,2
553,251,3,2
553,252,3,2
553,253,3,2
553,254,3,2
553,255,3,2
553,256,3,2
553,257,3,2
553,258,3,2
553,259,3,2
553,260,3,2
553,261,3,2
553,262,3,2
553,263,3,2
553,264,3,2
553,265,3,2
553,266,3,2
553,267,3,2
553,268,3,2
553,269,3,2
553,270,3,2
553,271,3,2
553,272,3,2
553,273,3,2
553,274,3,2
553,275,3,2
553,276,3,2
553,277,3,2
553,278,3,2
553,279,3,2
553,280,3,2
553,281,3,2
553,282,3,2
553,283,3,2
553,284,3,2
553,285,3,2
553,286,3,2
553,287,3,2
553,288,3,2
553,289,3,2
553,290,3,2
553,291,3,2
553,292,3,2
553,293,3,2
553,294,3,2
553,295,3,2
553,296,3,2
553,297,3,2
553,298,3,2
553,299,3,2
553,300,3,2
553,301,3,2
553,302,3,2
553,303,3,2
553,304,3,2
553,305,3,2
553,306,3,2
553,307,3,2
553,308,3,2
553,309,3,2
553,310,3,2
553,311,3,2
553,312,3,2
553,313,3,2
553,314,3,2
553,315,3,2
553,316,3,2
553,317,3,2
553,318,3,2
553,319,3,2
553,320,3,2
553,321,3,2
553,322,3,2
553,323,3,2
553,324,3,2
553,325,3,2
553,326,3,2
553,327,3,2
553,328,3,2
553,329,3,2
553,330,3,2
553,331,3,2
553,332,3,2
553,333,3,2
553,334,3,2
553,335,3,2
553,336,3,2
553,337,3,2
553,338,3,2
553,339,3,2
553,340,3,2
553,341,3,2
553,342,3,2
553,343,3,2
553,344,3,2
553,345,3,2
553,346,3,2
553,347,3,2
553,348,3,2
553,349,3,2
553,350,3,2
553,351,3,2
553,352,3,2
553,353,3,2
553,354,3,2
553,355,3,2
553,356,3,2
553,357,3,2
553,358,3,2
553,359,3,2
553,360,3,2
553,361,3,2
553,362,3,2
553,363,3,2
553,364,3,2
553,365,3,2
553,366,3,2
553,367,3,2
553,368,3,2
553,369,3,2
553,370,3,2
553,371,3,2
553,372,3,2
553,373,3,2
553,374,3,2
553,375,3,2
553,376,3,2
553,377,3,2
553,378,3,2
553,379,3,2
553,380,3,2
553,381,3,2
553,382,3,2
553,383,3,2
553,384,3,2
553,385,3,2
553,386,3,2
553,387,3,2
553,388,3,2
553,389,3,2
553,390,3,2
553,391,3,2
553,392,3,2
553,393,3,2
553,394,3,2
553,395,3,2
553,396,3,2
553,397,3,2
553,398,3,2
553,399,3,2
553,400,3,2
553,401,3,2
553,402,3,2
553,403,3,2
553,404,3,2
553,405,3,2
553,406,3,2
553,407,3,2
553,408,3,2
553,409,3,2
553,410,3,2
553,411,3,2
553,412,3,2
553,413,3,2
553,414,3,2
553,415,3,2
553,416,3,2
553,417,3,2
553,418,3,2
553,419,3,2
553,420,3,2
553,421,3,2
553,422,3,2
553,423,3,2
553,424,3,2
553,425,3,2
553,426,3,2
553,427,3,2
553,428,3,2
553,429,3,2
553,430,3,2
553,431,3,2
553,432,3,2
553,433,3,2
553,434,3,2
553,435,3,2
553,436,3,2
553,437,3,2
553,438,3,2
553,439,3,2
553,440,3,2
553,441,3,2
553,442,3,2
553,443,3,2
553,444,3,2
553,445,3,2
553,446,3,2
553,447,3,2
553,448,3,2
553,449,3,2
553,450,3,2
553,451,3,2
553,452,3,2
553,453,3,2
553,454,3,2
553,455,3,2
553,456,3,2
553,457,3,2
553,458,3,2
553,459,3,2
553,460,3,2
553,461,3,2
553,462,3,2
553,463,3,2
553,464,3,2
553,465,3,2
553,466,3,2
553,467,3,2
553,468,3,2
553,469,3,2
553,470,3,2
553,471,3,2
553,472,3,2
553,473,3,2
553,474,3,2
553,475,3,2
553,476,3,2
553,477,3,2
553,478,3,2
553,479,3,2
553,480,3,2
553,481,3,2
553,482,3,2
553,483,3,2
553,484,3,2
553,485,3,2
553,486,3,2
553,487,3,2
553,488,3,2
553,489,3,2
553,490,3,2
553,491,3,2
553,492,3,2
553,493,3,2
553,494,3,2
553,495,3,2
553,496,3,2
553,497,3,2
553,498,3,2
553,499,3,2
553,500,3,2
553,501,3,2
553,502,3,2
553,503,3,2
553,504,3,2
553,505,3,2
553,506,3,2
553,507,3,2
553,508,3,2
553,509,3,2
553,510,3,2
553,511,3,2
553,512,3,2
553,513,3,2
553,514,3,2
553,515,3,2
553,516,3,2
553,517,3,2
553,518,3,2
553,519,3,2
553,520,3,2
553,521,3,2
553,522,3,2
553,523,3,2
553,524,3,2
553,525,3,2
553,526,3,2
553,527,3,2
553,528,3,2
553,529,3,2
553,530,3,2
553,531,3,2
553,532,3,2
553,533,3,2
553,534,3,2
553,535,3,2
553,536,3,2
553,537,3,2
553,538,3,2
553,539,3,2
553,540,3,2
553,541,3,2
553,542,3,2
553,543,3,2
553,544,3,2
553,545,3,2
553,546,3,2
553,547,3,2
553,548,3,2
553,549,3,2
553,550,3,2
553,551,3,2
553,552,3,2
553,553,3,2
553,554,3,2
553,555,3,2
553,556,3,2
553,557,3,2
553,558,3,2
553,559,3,2
553,560,3,2
553,561,3,2
553,562,3,2
553,563,3,2
553,564,3,2
553,565,3,2
553,566,3,2
553,567,3,2
553,568,3,2
553,569,3,2
553,570,3,2
553,571,3,2
553,572,3,2
553,573,3,2
553,574,3,2
553,575,3,2
553,576,3,2
553,577,3,2
553,578,3,2
553,579,3,2
553,580,3,2
553,581,3,2
553,582,3,2
553,583,3,2
553,584,3,2
553,585,3,2
553,586,3,2
553,587,3,2
553,588,3,2
553,589,3,3
553,590,3,3
553,591,3,3
553,592,3,3
553,593,3,2
553,594,3,2
553,595,3,2
553,596,3,2
553,597,3,2
553,598,3,2
553,599,3,2
553,600,3,2
553,601,3,2
553,602,3,2
553,603,3,2
553,604,3,2
553,605,3,2
553,606,3,2
553,607,3,2
553,608,3,2
553,609,3,2
553,610,3,2
553,611,3,2
553,612,3,2
553,613,3,2
553,614,3,2
553,615,3,2
553,616,3,2
553,617,3,2
553,618,3,2
553,619,3,2
553,620,3,2
553,621,3,2
553,622,3,2
553,623,3,2
553,624,3,2
553,625,3,2
553,626,3,2
553,627,3,2
553,628,3,2
553,629,3,2
553,630,3,2
553,631,3,2
553,632,3,2
553,633,3,2
553,634,3,2
553,635,3,2
553,636,3,2
553,637,3,2
553,638,3,2
553,639,3,2
553,640,3,2
553,641,3,2
553,642,3,2
553,643,3,2
553,644,3,2
553,645,3,2
553,646,3,2
553,647,3,2
554,84,3,2
554,85,3,2
554,86,3,2
554,87,3,2
554,88,3,2
554,89,3,2
554,90,3,2
554,91,3,2
554,92,3,2
554,93,3,2
554,94,3,2
554,95,3,2
554,96,3,2
554,97,3,2
554,98,3,2
554,99,3,2
554,100,3,2
554,101,3,2
554,102,3,2
554,103,3,2
554,104,3,2
554,105,3,2
554,106,3,2
554,107,3,2
554,108,3,2
554,109,3,2
554,110,3,2
554,111,3,2
554,112,3,2
554,113,3,2
554,114,3,2
554,115,3,2
554,116,3,2
554,117,3,2
554,118,3,2
554,119,3,2
554,120,3,2
554,121,3,2
554,122,3,2
554,123,3,2
554,124,3,2
554,125,3,2
554,126,3,2
554,127,3,2
554,128,3,2
554,129,3,2
554,130,3,2
554,131,3,2
554,132,3,2
554,133,3,2
554,134,3,2
554,135,3,2
554,136,3,2
554,137,3,2
554,138,3,2
554,139,3,2
554,140,3,2
554,141,3,2
554,142,3,2
554,143,3,2
554,144,3,2
554,145,3,2
554,146,3,2
554,147,3,2
554,148,3,2
554,149,3,2
554,150,3,2
554,151,3,2
554,152,3,2
554,153,3,2
554,154,3,2
554,155,3,2
554,156,3,2
554,157,3,2
554,158,3,2
554,159,3,2
554,160,3,2
554,161,3,2
554,162,3,2
554,163,3,2
554,164,3,2
554,165,3,2
554,166,3,2
554,167,3,2
554,168,3,2
554,169,3,2
554,170,3,2
554,171,3,2
554,172,3,2
554,173,3,2
554,174,3,2
554,175,3,2
554,176,3,2
554,177,3,2
554,178,3,2
554,179,3,2
554,180,3,2
554,181,3,2
554,182,3,2
554,183,3,2
554,184,3,2
554,185,3,2
554,186,3,2
554,187,3,2
554,188,3,2
554,189,3,2
554,190,3,2
554,191,3,2
554,192,3,2
554,193,3,2
554,194,3,2
554,195,3,2
554,196,3,2
554,197,3,2
554,198,3,2
554,199,3,2
554,200,3,2
554,201,3,2
554,202,3,2
554,203,3,2
554,204,3,2
554,205,3,2
554,206,3,2
554,207,3,2
554,208,3,2
554,209,3,2
554,210,3,2
554,211,3,2
554,212,3,2
554,213,3,2
554,214,3,2
554,215,3,2
554,216,3,2
554,217,3,2
554,218,3,2
554,219,3,2
554,220,3,2
554,221,3,2
554,222,3,2
554,223,3,2
554,224,3,2
554,225,3,2
554,226,3,2
554,227,3,2
554,228,3,2
554,229,3,2
554,230,3,2
554,231,3,2
554,232,3,2
554,233,3,2
554,234,3,2
554,235,3,2
554,236,3,2
554,237,3,2
554,238,3,2
554,239,3,2
554,240,3,2
554,241,3,2
554,242,3,2
554,243,3,2
554,244,3,2
554,245,3,2
554,246,3,2
554,247,3,2
554,248,3,2
554,249,3,2
554,250,3,2
554,251,3,2
554,252,3,2
554,253,3,2
554,254,3,2
554,255,3,2
554,256,3,2
554,257,3,2
554,258,3,2
554,259,3,2
554,260,3,2
554,261,3,2
554,262,3,2
554,263,3,2
554,264,3,2
554,265,3,2
554,266,3,2
554,267,3,2
554,268,3,2
554,269,3,2
554,270,3,2
554,271,3,2
554,272,3,2
554,273,3,2
554,274,3,2
554,275,3,2
554,276,3,2
554,277,3,2
554,278,3,2
554,279,3,2
554,280,3,2
554,281,3,2
554,282,3,2
554,283,3,2
554,284,3,2
554,285,3,2
554,286,3,2
554,287,3,2
554,288,3,2
554,289,3,2
554,290,3,2
554,291,3,2
554,292,3,2
554,293,3,2
554,294,3,2
554,295,3,2
554,296,3,2
554,297,3,2
554,298,3,2
554,299,3,2
554,300,3,2
554,301,3,2
554,302,3,2
554,303,3,2
554,304,3,2
554,305,3,2
554,306,3,2
554,307,3,2
554,308,3,2
554,309,3,2
554,310,3,2
554,311,3,2
554,312,3,2
554,313,3,2
554,314,3,2
554,315,3,2
554,316,3,2
554,317,3,2
554,318,3,2
554,319,3,2
554,320,3,2
554,321,3,2
554,322,3,2
554,323,3,2
554,324,3,2
554,325,3,2
554,326,3,2
554,327,3,2
554,328,3,2
554,329,3,2
554,330,3,2
554,331,3,2
554,332,3,2
554,333,3,2
554,334,3,2
554,335,3,2
554,336,3,2
554,337,3,2
554,338,3,2
554,339,3,2
554,340,3,2
554,341,3,2
554,342,3,2
554,343,3,2
554,344,3,2
554,345,3,2
554,346,3,2
554,347,3,2
554,348,3,2
554,349,3,2
554,350,3,2
554,351,3,2
554,352,3,2
554,353,3,2
554,354,3,2
554,355,3,2
554,356,3,2
554,357,3,2
554,358,3,2
554,359,3,2
554,360,3,2
554,361,3,2
554,362,3,2
554,363,3,2
554,364,3,2
554,365,3,2
554,366,3,2
554,367,3,2
554,368,3,2
554,369,3,2
554,370,3,2
554,371,3,2
554,372,3,2
554,373,3,2
554,374,3,2
554,375,3,2
554,376,3,2
554,377,3,2
554,378,3,2
554,379,3,2
554,380,3,2
554,381,3,2
554,382,3,2
554,383,3,2
554,384,3,2
554,385,3,2
554,386,3,2
554,387,3,2
554,388,3,2
554,389,3,2
554,390,3,2
554,391,3,2
554,392,3,2
554,393,3,2
554,394,3,2
554,395,3,2
554,396,3,2
554,397,3,2
554,398,3,2
554,399,3,2
554,400,3,2
554,401,3,2
554,402,3,2
554,403,3,2
554,404,3,2
554,405,3,2
554,406,3,2
554,407,3,2
554,408,3,2
554,409,3,2
554,410,3,2
554,411,3,2
554,412,3,2
554,413,3,2
554,414,3,2
554,415,3,2
554,416,3,2
554,417,3,2
554,418,3,2
554,419,3,2
554,420,3,2
554,421,3,2
554,422,3,2
554,423,3,2
554,424,3,2
554,425,3,2
554,426,3,2
554,427,3,2
554,428,3,2
554,429,3,2
554,430,3,2
554,431,3,2
554,432,3,2
554,433,3,2
554,434,3,2
554,435,3,2
554,436,3,2
554,437,3,2
554,438,3,2
554,439,3,2
554,440,3,2
554,441,3,2
554,442,3,2
554,443,3,2
554,444,3,2
554,445,3,2
554,446,3,2
554,447,3,2
554,448,3,2
554,449,3,2
554,450,3,2
554,451,3,2
554,452,3,2
554,453,3,2
554,454,3,2
554,455,3,2
554,456,3,2
554,457,3,2
554,458,3,2
554,459,3,2
554,460,3,2
554,461,3,2
554,462,3,2
554,463,3,2
554,464,3,2
554,465,3,2
554,466,3,2
554,467,3,2
554,468,3,2
554,469,3,2
554,470,3,2
554,471,3,2
554,472,3,2
554,473,3,2
554,474,3,2
554,475,3,2
554,476,3,2
554,477,3,2
554,478,3,2
554,479,3,2
554,480,3,2
554,481,3,2
554,482,3,2
554,483,3,2
554,484,3,2
554,485,3,2
554,486,3,2
554,487,3,2
554,488,3,2
554,489,3,2
554,490,3,2
554,491,3,2
554,492,3,2
554,493,3,2
554,494,3,2
554,495,3,2
554,496,3,2
554,497,3,2
554,498,3,2
554,499,3,2
554,500,3,2
554,501,3,2
554,502,3,2
554,503,3,2
554,504,3,2
554,505,3,2
554,506,3,2
554,507,3,2
554,508,3,2
554,509,3,2
554,510,3,2
554,511,3,2
554,512,3,2
554,513,3,2
554,514,3,2
554,515,3,2
554,516,3,2
554,517,3,2
554,518,3,2
554,519,3,2
554,520,3,2
554,521,3,2
554,522,3,2
554,523,3,2
554,524,3,2
554,525,3,2
554,526,3,2
554,527,3,2
554,528,3,2
554,529,3,2
554,530,3,2
554,531,3,2
554,532,3,2
554,533,3,2
554,534,3,2
554,535,3,2
554,536,3,2
554,537,3,2
554,538,3,2
554,539,3,2
554,540,3,2
554,541,3,2
554,542,3,2
554,543,3,2
554,544,3,2
554,545,3,2
554,546,3,2
554,547,3,2
554,548,3,2
554,549,3,2
554,550,3,2
554,551,3,2
554,552,3,2
554,553,3,2
554,554,3,2
554,555,3,2
554,556,3,2
554,557,3,2
554,558,3,2
554,559,3,2
554,560,3,2
554,561,3,2
554,562,3,2
554,563,3,2
554,564,3,2
554,565,3,2
554,566,3,2
554,567,3,2
554,568,3,2
554,569,3,2
554,570,3,2
554,571,3,2
554,572,3,2
554,573,3,2
554,574,3,2
554,575,3,2
554,576,3,2
554,577,3,2
554,578,3,2
554,579,3,2
554,580,3,2
554,581,3,2
554,582,3,2
554,583,3,2
554,584,3,2
554,585,3,2
554,586,3,2
554,587,3,2
554,588,3,2
554,589,3,2
554,590,3,2
554,591,3,2
554,592,3,2
554,593,3,2
554,594,3,2
554,595,3,2
554,596,3,2
554,597,3,2
554,598,3,2
554,599,3,2
554,600,3,2
554,601,3,2
554,602,3,2
554,603,3,2
554,604,3,2
554,605,3,2
554,606,3,2
554,607,3,2
554,608,3,2
554,609,3,2
554,610,3,2
554,611,3,2
554,612,3,2
554,613,3,2
554,614,3,2
554,615,3,2
554,616,3,2
554,617,3,2
554,618,3,2
554,619,3,2
554,620,3,2
554,621,3,2
554,622,3,2
554,623,3,2
554,624,3,2
554,625,3,2
554,626,3,2
554,627,3,2
554,628,3,2
554,629,3,2
554,630,3,2
554,631,3,2
554,632,3,2
554,633,3,2
554,634,3,2
554,635,3,2
554,636,3,2
554,637,3,2
554,638,3,2
554,639,3,2
554,640,3,2
554,641,3,2
554,642,3,2
554,643,3,2
554,644,3,2
554,645,3,2
554,646,3,2
555,84,3,2
555,85,3,2
555,86,3,2
555,87,3,2
555,88,3,2
555,89,3,2
555,90,3,2
555,91,3,2
555,92,3,2
555,93,3,2
555,94,3,2
555,95,3,2
555,96,3,2
555,97,3,2
555,98,3,2
555,99,3,2
555,100,3,2
555,101,3,2
555,102,3,2
555,103,3,2
555,104,3,2
555,105,3,2
555,106,3,2
555,107,3,2
555,108,3,2
555,109,3,2
555,110,3,2
555,111,3,2
555,112,3,2
555,113,3,2
555,114,3,2
555,115,3,2
555,116,3,2
555,117,3,2
555,118,3,2
555,119,3,2
555,120,3,2
555,121,3,2
555,122,3,2
555,123,3,2
555,124,3,2
555,125,3,2
555,126,3,2
555,127,3,2
555,128,3,2
555,129,3,2
555,130,3,2
555,131,3,2
555,132,3,2
555,133,3,2
555,134,3,2
555,135,3,2
555,136,3,2
555,137,3,2
555,138,3,2
555,139,3,2
555,140,3,2
555,141,3,2
555,142,3,2
555,143,3,2
555,144,3,2
555,145,3,2
555,146,3,2
555,147,3,2
555,148,3,2
555,149,3,2
555,150,3,2
555,151,3,2
555,152,3,2
555,153,3,2
555,154,3,2
555,155,3,2
555,156,3,2
555,157,3,2
555,158,3,2
555,159,3,2
555,160,3,2
555,161,3,2
555,162,3,2
555,163,3,2
555,164,3,2
555,165,3,2
555,166,3,2
555,167,3,2
555,168,3,2
555,169,3,2
555,170,3,2
555,171,3,2
555,172,3,2
555,173,3,2
555,174,3,2
555,175,3,2
555,176,3,2
555,177,3,2
555,178,3,2
555,179,3,2
555,180,3,2
555,181,3,2
555,182,3,2
555,183,3,2
555,184,3,2
555,185,3,2
555,186,3,2
555,187,3,2
555,188,3,2
555,189,3,2
555,190,3,2
555,191,3,2
555,192,3,2
555,193,3,2
555,194,3,2
555,195,3,2
555,196,3,2
555,197,3,2
555,198,3,2
555,199,3,2
555,200,3,2
555,201,3,2
555,202,3,2
555,203,3,2
555,204,3,2
555,205,3,2
555,206,3,2
555,207,3,2
555,208,3,2
555,209,3,2
555,210,3,2
555,211,3,2
555,212,3,2
555,213,3,2
555,214,3,2
555,215,3,2
555,216,3,2
555,217,3,2
555,218,3,2
555,219,3,2
555,220,3,2
555,221,3,2
555,222,3,2
555,223,3,2
555,224,3,2
555,225,3,2
555,226,3,2
555,227,3,2
555,228,3,2
555,229,3,2
555,230,3,2
555,231,3,2
555,232,3,2
555,233,3,2
555,234,3,2
555,235,3,2
555,236,3,2
555,237,3,2
555,238,3,2
555,239,3,2
555,240,3,2
555,241,3,2
555,242,3,2
555,243,3,2
555,244,3,2
555,245,3,2
555,246,3,2
555,247,3,2
555,248,3,2
555,249,3,2
555,250,3,2
555,251,3,2
555,252,3,2
555,253,3,2
555,254,3,2
555,255,3,2
555,256,3,2
555,257,3,2
555,258,3,2
555,259,3,2
555,260,3,2
555,261,3,2
555,262,3,2
555,263,3,2
555,264,3,2
555,265,3,2
555,266,3,2
555,267,3,2
555,268,3,2
555,269,3,2
555,270,3,2
555,271,3,2
555,272,3,2
555,273,3,2
555,274,3,2
555,275,3,2
555,276,3,2
555,277,3,2
555,278,3,2
555,279,3,2
555,280,3,2
555,281,3,2
555,282,3,2
555,283,3,2
555,284,3,2
555,285,3,2
555,286,3,2
555,287,3,2
555,288,3,2
555,289,3,2
555,290,3,2
555,291,3,2
555,292,3,2
555,293,3,2
555,294,3,2
555,295,3,2
555,296,3,2
555,297,3,2
555,298,3,2
555,299,3,2
555,300,3,2
555,301,3,2
555,302,3,2
555,303,3,2
555,304,3,2
555,305,3,2
555,306,3,2
555,307,3,2
555,308,3,2
555,309,3,2
555,310,3,2
555,311,3,2
555,312,3,2
555,313,3,2
555,314,3,2
555,315,3,2
555,316,3,2
555,317,3,2
555,318,3,2
555,319,3,2
555,320,3,2
555,321,3,2
555,322,3,2
555,323,3,2
555,324,3,2
555,325,3,2
555,326,3,2
555,327,3,2
555,328,3,2
555,329,3,2
555,330,3,2
555,331,3,2
555,332,3,2
555,333,3,2
555,334,3,2
555,335,3,2
555,336,3,2
555,337,3,2
555,338,3,2
555,339,3,2
555,340,3,2
555,341,3,2
555,342,3,2
555,343,3,2
555,344,3,2
555,345,3,2
555,346,3,2
555,347,3,2
555,348,3,2
555,349,3,2
555,350,3,2
555,351,3,2
555,352,3,2
555,353,3,2
555,354,3,2
555,355,3,2
555,356,3,2
555,357,3,2
555,358,3,2
555,359,3,2
555,360,3,2
555,361,3,2
555,362,3,2
555,363,3,2
555,364,3,2
555,365,3,2
555,366,3,2
555,367,3,2
555,368,3,2
555,369,3,2
555,370,3,2
555,371,3,2
555,372,3,2
555,373,3,2
555,374,3,2
555,375,3,2
555,376,3,2
555,377,3,2
555,378,3,2
555,379,3,2
555,380,3,2
555,381,3,2
555,382,3,2
555,383,3,2
555,384,3,2
555,385,3,2
555,386,3,2
555,387,3,2
555,388,3,2
555,389,3,2
555,390,3,2
555,391,3,2
555,392,3,2
555,393,3,2
555,394,3,2
555,395,3,2
555,396,3,2
555,397,3,2
555,398,3,2
555,399,3,2
555,400,3,2
555,401,3,2
555,402,3,2
555,403,3,2
555,404,3,2
555,405,3,2
555,406,3,2
555,407,3,2
555,408,3,2
555,409,3,2
555,410,3,2
555,411,3,2
555,412,3,2
555,413,3,2
555,414,3,2
555,415,3,2
555,416,3,2
555,417,3,2
555,418,3,2
555,419,3,2
555,420,3,2
555,421,3,2
555,422,3,2
555,423,3,2
555,424,3,2
555,425,3,2
555,426,3,2
555,427,3,2
555,428,3,2
555,429,3,2
555,430,3,2
555,431,3,2
555,432,3,2
555,433,3,2
555,434,3,2
555,435,3,2
555,436,3,2
555,437,3,2
555,438,3,2
555,439,3,2
555,440,3,2
555,441,3,2
555,442,3,2
555,443,3,2
555,444,3,2
555,445,3,2
555,446,3,2
555,447,3,2
555,448,3,2
555,449,3,2
555,450,3,2
555,451,3,2
555,452,3,2
555,453,3,2
555,454,3,2
555,455,3,2
555,456,3,2
555,457,3,2
555,458,3,2
555,459,3,2
555,460,3,2
555,461,3,2
555,462,3,2
555,463,3,2
555,464,3,2
555,465,3,2
555,466,3,2
555,467,3,2
555,468,3,2
555,469,3,2
555,470,3,2
555,471,3,2
555,472,3,2
555,473,3,2
555,474,3,2
555,475,3,2
555,476,3,2
555,477,3,2
555,478,3,2
555,479,3,2
555,480,3,2
555,481,3,2
555,482,3,2
555,483,3,2
555,484,3,2
555,485,3,2
555,486,3,2
555,487,3,2
555,488,3,2
555,489,3,2
555,490,3,2
555,491,3,2
555,492,3,2
555,493,3,2
555,494,3,2
555,495,3,2
555,496,3,2
555,497,3,2
555,498,3,2
555,499,3,2
555,500,3,2
555,501,3,2
555,502,3,2
555,503,3,2
555,504,3,2
555,505,3,2
555,506,3,2
555,507,3,2
555,508,3,2
555,509,3,2
555,510,3,2
555,511,3,2
555,512,3,2
555,513,3,2
555,514,3,2
555,515,3,2
555,516,3,2
555,517,3,2
555,518,3,2
555,519,3,2
555,520,3,2
555,521,3,2
555,522,3,2
555,523,3,2
555,524,3,2
555,525,3,2
555,526,3,2
555,527,3,2
555,528,3,2
555,529,3,2
555,530,3,2
555,531,3,2
555,532,3,2
555,533,3,2
555,534,3,2
555,535,3,2
555,536,3,2
555,537,3,2
555,538,3,2
555,539,3,2
555,540,3,2
555,541,3,2
555,542,3,2
555,543,3,2
555,544,3,2
555,545,3,2
555,546,3,2
555,547,3,2
555,548,3,2
555,549,3,2
555,550,3,2
555,551,3,2
555,552,3,2
555,553,3,2
555,554,3,2
555,555,3,2
555,556,3,2
555,557,3,2
555,558,3,2
555,559,3,2
555,560,3,2
555,561,3,2
555,562,3,2
555,563,3,2
555,564,3,2
555,565,3,2
555,566,3,2
555,567,3,2
555,568,3,2
555,569,3,2
555,570,3,2
555,571,3,2
555,572,3,2
555,573,3,2
555,574,3,2
555,575,3,2
555,576,3,2
555,577,3,2
555,578,3,2
555,579,3,2
555,580,3,2
555,581,3,2
555,582,3,2
555,583,3,2
555,584,3,2
555,585,3,2
555,586,3,2
555,587,3,2
555,588,3,2
555,589,3,2
555,590,3,2
555,591,3,2
555,592,3,2
555,593,3,2
555,594,3,2
555,595,3,2
555,596,3,2
555,597,3,2
555,598,3,2
555,599,3,2
555,600,3,2
555,601,3,2
555,602,3,2
555,603,3,2
555,604,3,2
555,605,3,2
555,606,3,2
555,607,3,2
555,608,3,2
555,609,3,2
555,610,3,2
555,611,3,2
555,612,3,2
555,613,3,2
555,614,3,2
555,615,3,2
555,616,3,2
555,617,3,2
555,618,3,2
555,619,3,2
555,620,3,2
555,621,3,2
555,622,3,2
555,623,3,2
555,624,3,2
555,625,3,2
555,626,3,2
555,627,3,2
555,628,3,2
555,629,3,2
555,630,3,2
555,631,3,2
555,632,3,2
555,633,3,2
555,634,3,2
555,635,3,2
555,636,3,2
555,637,3,2
555,638,3,2
555,639,3,2
555,640,3,2
555,641,3,2
555,642,3,2
555,643,3,2
555,644,3,2
555,645,3,2
555,646,3,2
556,84,3,2
556,85,3,2
556,86,3,2
556,87,3,2
556,88,3,2
556,89,3,2
556,90,3,2
556,91,3,2
556,92,3,2
556,93,3,2
556,94,3,2
556,95,3,2
556,96,3,2
556,97,3,2
556,98,3,2
556,99,3,2
556,100,3,2
556,101,3,2
556,102,3,2
556,103,3,2
556,104,3,2
556,105,3,2
556,106,3,2
556,107,3,2
556,108,3,2
556,109,3,2
556,110,3,2
556,111,3,2
556,112,3,2
556,113,3,2
556,114,3,2
556,115,3,2
556,116,3,2
556,117,3,2
556,118,3,2
556,119,3,2
556,120,3,2
556,121,3,2
556,122,3,2
556,123,3,2
556,124,3,2
556,125,3,2
556,126,3,2
556,127,3,2
556,128,3,2
556,129,3,2
556,130,3,2
556,131,3,2
556,132,3,2
556,133,3,2
556,134,3,2
556,135,3,2
556,136,3,2
556,137,3,2
556,138,3,2
556,139,3,2
556,140,3,2
556,141,3,2
556,142,3,2
556,143,3,2
556,144,3,2
556,145,3,2
556,146,3,2
556,147,3,2
556,148,3,2
556,149,3,2
556,150,3,2
556,151,3,2
556,152,3,2
556,153,3,2
556,154,3,2
556,155,3,2
556,156,3,2
556,157,3,2
556,158,3,2
556,159,3,2
556,160,3,2
556,161,3,2
556,162,3,2
556,163,3,2
556,164,3,2
556,165,3,2
556,166,3,2
556,167,3,2
556,168,3,2
556,169,3,2
556,170,3,2
556,171,3,2
556,172,3,2
556,173,3,2
556,174,3,2
556,175,3,2
556,176,3,2
556,177,3,2
556,178,3,2
556,179,3,2
556,180,3,2
556,181,3,2
556,182,3,2
556,183,3,2
556,184,3,2
556,185,3,2
556,186,3,2
556,187,3,2
556,188,3,2
556,189,3,2
556,190,3,2
556,191,3,2
556,192,3,2
556,193,3,2
556,194,3,2
556,195,3,2
556,196,3,2
556,197,3,2
556,198,3,2
556,199,3,2
556,200,3,2
556,201,3,2
556,202,3,2
556,203,3,2
556,204,3,2
556,205,3,2
556,206,3,2
556,207,3,2
556,208,3,2
556,209,3,2
556,210,3,2
556,211,3,2
556,212,3,2
556,213,3,2
556,214,3,2
556,215,3,2
556,216,3,2
556,217,3,2
556,218,3,2
556,219,3,2
556,220,3,2
556,221,3,2
556,222,3,2
556,223,3,2
556,224,3,2
556,225,3,2
556,226,3,2
556,227,3,2
556,228,3,2
556,229,3,2
556,230,3,2
556,231,3,2
556,232,3,2
556,233,3,2
556,234,3,2
556,235,3,2
556,236,3,2
556,237,3,2
556,238,3,2
556,239,3,2
556,240,3,2
556,241,3,2
556,242,3,2
556,243,3,2
556,244,3,2
556,245,3,2
556,246,3,2
556,247,3,2
556,248,3,2
556,249,3,2
556,250,3,2
556,251,3,2
556,252,3,2
556,253,3,2
556,254,3,2
556,255,3,2
556,256,3,2
556,257,3,2
556,258,3,2
556,259,3,2
556,260,3,2
556,261,3,2
556,262,3,2
556,263,3,2
556,264,3,2
556,265,3,2
556,266,3,2
556,267,3,2
556,268,3,2
556,269,3,2
556,270,3,2
556,271,3,2
556,272,3,2
556,273,3,2
556,274,3,2
556,275,3,2
556,276,3,2
556,277,3,2
556,278,3,2
556,279,3,2
556,280,3,2
556,281,3,2
556,282,3,2
556,283,3,2
556,284,3,2
556,285,3,2
556,286,3,2
556,287,3,2
556,288,3,2
556,289,3,2
556,290,3,2
556,291,3,2
556,292,3,2
556,293,3,2
556,294,3,2
556,295,3,2
556,296,3,2
556,297,3,2
556,298,3,2
556,299,3,2
556,300,3,2
556,301,3,2
556,302,3,2
556,303,3,2
556,304,3,2
556,305,3,2
556,306,3,2
556,307,3,2
556,308,3,2
556,309,3,2
556,310,3,2
556,311,3,2
556,312,3,2
556,313,3,2
556,314,3,2
556,315,3,2
556,316,3,2
556,317,3,2
556,318,3,2
556,319,3,2
556,320,3,2
556,321,3,2
556,322,3,2
556,323,3,2
556,324,3,2
556,325,3,2
556,326,3,2
556,327,3,2
556,328,3,2
556,329,3,2
556,330,3,2
556,331,3,2
556,332,3,2
556,333,3,2
556,334,3,2
556,335,3,2
556,336,3,2
556,337,3,2
556,338,3,2
556,339,3,2
556,340,3,2
556,341,3,2
556,342,3,2
556,343,3,2
556,344,3,2
556,345,3,2
556,346,3,2
556,347,3,2
556,348,3,2
556,349,3,2
556,350,3,2
556,351,3,2
556,352,3,2
556,353,3,2
556,354,3,2
556,355,3,2
556,356,3,2
556,357,3,2
556,358,3,2
556,359,3,2
556,360,3,2
556,361,3,2
556,362,3,2
556,363,3,2
556,364,3,2
556,365,3,2
556,366,3,2
556,367,3,2
556,368,3,2
556,369,3,2
556,370,3,2
556,371,3,2
556,372,3,2
556,373,3,2
556,374,3,2
556,375,3,2
556,376,3,2
556,377,3,2
556,378,3,2
556,379,3,2
556,380,3,2
556,381,3,2
556,382,3,2
556,383,3,2
556,384,3,2
556,385,3,2
556,386,3,2
556,387,3,2
556,388,3,2
556,389,3,2
556,390,3,2
556,391,3,2
556,392,3,2
556,393,3,2
556,394,3,2
556,395,3,2
556,396,3,2
556,397,3,2
556,398,3,2
556,399,3,2
556,400,3,2
556,401,3,2
556,402,3,2
556,403,3,2
556,404,3,2
556,405,3,2
556,406,3,2
556,407,3,2
556,408,3,2
556,409,3,2
556,410,3,2
556,411,3,2
556,412,3,2
556,413,3,2
556,414,3,2
556,415,3,2
556,416,3,2
556,417,3,2
556,418,3,2
556,419,3,2
556,420,3,2
556,421,3,2
556,422,3,2
556,423,3,2
556,424,3,2
556,425,3,2
556,426,3,2
556,427,3,2
556,428,3,2
556,429,3,2
556,430,3,2
556,431,3,2
556,432,3,2
556,433,3,2
556,434,3,2
556,435,3,2
556,436,3,2
556,437,3,2
556,438,3,2
556,439,3,2
556,440,3,2
556,441,3,2
556,442,3,2
556,443,3,2
556,444,3,2
556,445,3,2
556,446,3,2
556,447,3,2
556,448,3,2
556,449,3,2
556,450,3,2
556,451,3,2
556,452,3,2
556,453,3,2
556,454,3,2
556,455,3,2
556,456,3,2
556,457,3,2
556,458,3,2
556,459,3,2
556,460,3,2
556,461,3,2
556,462,3,2
556,463,3,2
556,464,3,2
556,465,3,2
556,466,3,2
556,467,3,2
556,468,3,2
556,469,3,2
556,470,3,2
556,471,3,2
556,472,3,2
556,473,3,2
556,474,3,2
556,475,3,2
556,476,3,2
556,477,3,2
556,478,3,2
556,479,3,2
556,480,3,2
556,481,3,2
556,482,3,2
556,483,3,2
556,484,3,2
556,485,3,2
556,486,3,2
556,487,3,2
556,488,3,2
556,489,3,2
556,490,3,2
556,491,3,2
556,492,3,2
556,493,3,2
556,494,3,2
556,495,3,2
556,496,3,2
556,497,3,2
556,498,3,2
556,499,3,2
556,500,3,2
556,501,3,2
556,502,3,2
556,503,3,2
556,504,3,2
556,505,3,2
556,506,3,2
556,507,3,2
556,508,3,2
556,509,3,2
556,510,3,2
556,511,3,2
556,512,3,2
556,513,3,2
556,514,3,2
556,515,3,2
556,516,3,2
556,517,3,2
556,518,3,2
556,519,3,2
556,520,3,2
556,521,3,2
556,522,3,2
556,523,3,2
556,524,3,2
556,525,3,2
556,526,3,2
556,527,3,2
556,528,3,2
556,529,3,2
556,530,3,2
556,531,3,2
556,532,3,2
556,533,3,2
556,534,3,2
556,535,3,2
556,536,3,2
556,537,3,2
556,538,3,2
556,539,3,2
556,540,3,2
556,541,3,2
556,542,3,2
556,543,3,2
556,544,3,2
556,545,3,2
556,546,3,2
556,547,3,2
556,548,3,2
556,549,3,2
556,550,3,2
556,551,3,2
556,552,3,2
556,553,3,2
556,554,3,2
556,555,3,2
556,556,3,2
556,557,3,2
556,558,3,2
556,559,3,2
556,560,3,2
556,561,3,2
556,562,3,2
556,563,3,2
556,564,3,2
556,565,3,2
556,566,3,2
556,567,3,2
556,568,3,2
556,569,3,2
556,570,3,2
556,571,3,2
556,572,3,2
556,573,3,2
556,574,3,2
556,575,3,2
556,576,3,2
556,577,3,2
556,578,3,2
556,579,3,2
556,580,3,2
556,581,3,2
556,582,3,2
556,583,3,2
556,584,3,2
556,585,3,2
556,586,3,2
556,587,3,2
556,588,3,2
556,589,3,2
556,590,3,2
556,591,3,2
556,592,3,2
556,593,3,2
556,594,3,2
556,595,3,2
556,596,3,2
556,597,3,2
556,598,3,2
556,599,3,2
556,600,3,2
556,601,3,2
556,602,3,2
556,603,3,2
556,604,3,2
556,605,3,2
556,606,3,2
556,607,3,2
556,608,3,2
556,609,3,2
556,610,3,2
556,611,3,2
556,612,3,2
556,613,3,2
556,614,3,2
556,615,3,2
556,616,3,2
556,617,3,2
556,618,3,2
556,619,3,2
556,620,3,2
556,621,3,2
556,622,3,2
556,623,3,2
556,624,3,2
556,625,3,2
556,626,3,2
556,627,3,2
556,628,3,2
556,629,3,2
556,630,3,2
556,631,3,2
556,632,3,2
556,633,3,2
556,634,3,2
556,635,3,2
556,636,3,2
556,637,3,2
556,638,3,2
556,639,3,2
556,640,3,2
556,641,3,2
556,642,3,2
556,643,3,2
556,644,3,2
556,645,3,2
557,84,3,2
557,85,3,2
557,86,3,2
557,87,3,2
557,88,3,2
557,89,3,2
557,90,3,2
557,91,3,2
557,92,3,2
557,93,3,2
557,94,3,2
557,95,3,2
557,96,3,2
557,97,3,2
557,98,3,2
557,99,3,2
557,100,3,2
557,101,3,2
557,102,3,2
557,103,3,2
557,104,3,2
557,105,3,2
557,106,3,2
557,107,3,2
557,108,3,2
557,109,3,2
557,110,3,2
557,111,3,2
557,112,3,2
557,113,3,2
557,114,3,2
557,115,3,2
557,116,3,2
557,117,3,2
557,118,3,2
557,119,3,2
557,120,3,2
557,121,3,2
557,122,3,2
557,123,3,2
557,124,3,2
557,125,3,2
557,126,3,2
557,127,3,2
557,128,3,2
557,129,3,2
557,130,3,2
557,131,3,2
557,132,3,2
557,133,3,2
557,134,3,2
557,135,3,2
557,136,3,2
557,137,3,2
557,138,3,2
557,139,3,2
557,140,3,2
557,141,3,2
557,142,3,2
557,143,3,2
557,144,3,2
557,145,3,2
557,146,3,2
557,147,3,2
557,148,3,2
557,149,3,2
557,150,3,2
557,151,3,2
557,152,3,2
557,153,3,2
557,154,3,2
557,155,3,2
557,156,3,2
557,157,3,2
557,158,3,2
557,159,3,2
557,160,3,2
557,161,3,2
557,162,3,2
557,163,3,2
557,164,3,2
557,165,3,2
557,166,3,2
557,167,3,2
557,168,3,2
557,169,3,2
557,170,3,2
557,171,3,2
557,172,3,2
557,173,3,2
557,174,3,2
557,175,3,2
557,176,3,2
557,177,3,2
557,178,3,2
557,179,3,2
557,180,3,2
557,181,3,2
557,182,3,2
557,183,3,2
557,184,3,2
557,185,3,2
557,186,3,2
557,187,3,2
557,188,3,2
557,189,3,2
557,190,3,2
557,191,3,2
557,192,3,2
557,193,3,2
557,194,3,2
557,195,3,2
557,196,3,2
557,197,3,2
557,198,3,2
557,199,3,2
557,200,3,2
557,201,3,2
557,202,3,2
557,203,3,2
557,204,3,2
557,205,3,2
557,206,3,2
557,207,3,2
557,208,3,2
557,209,3,2
557,210,3,2
557,211,3,2
557,212,3,2
557,213,3,2
557,214,3,2
557,215,3,2
557,216,3,2
557,217,3,2
557,218,3,2
557,219,3,2
557,220,3,2
557,221,3,2
557,222,3,2
557,223,3,2
557,224,3,2
557,225,3,2
557,226,3,2
557,227,3,2
557,228,3,2
557,229,3,2
557,230,3,2
557,231,3,2
557,232,3,2
557,233,3,2
557,234,3,2
557,235,3,2
557,236,3,2
557,237,3,2
557,238,3,2
557,239,3,2
557,240,3,2
557,241,3,2
557,242,3,2
557,243,3,2
557,244,3,2
557,245,3,2
557,246,3,2
557,247,3,2
557,248,3,2
557,249,3,2
557,250,3,2
557,251,3,2
557,252,3,2
557,253,3,2
557,254,3,2
557,255,3,2
557,256,3,2
557,257,3,2
557,258,3,2
557,259,3,2
557,260,3,2
557,261,3,2
557,262,3,2
557,263,3,2
557,264,3,2
557,265,3,2
557,266,3,2
557,267,3,2
557,268,3,2
557,269,3,2
557,270,3,2
557,271,3,2
557,272,3,2
557,273,3,2
557,274,3,2
557,275,3,2
557,276,3,2
557,277,3,2
557,278,3,2
557,279,3,2
557,280,3,2
557,281,3,2
557,282,3,2
557,283,3,2
557,284,3,2
557,285,3,2
557,286,3,2
557,287,3,2
557,288,3,2
557,289,3,2
557,290,3,2
557,291,3,2
557,292,3,2
557,293,3,2
557,294,3,2
557,295,3,2
557,296,3,2
557,297,3,2
557,298,3,2
557,299,3,2
557,300,3,2
557,301,3,2
557,302,3,2
557,303,3,2
557,304,3,2
557,305,3,2
557,306,3,2
557,307,3,2
557,308,3,2
557,309,3,2
557,310,3,2
557,311,3,2
557,312,3,2
557,313,3,2
557,314,3,2
557,315,3,2
557,316,3,2
557,317,3,2
557,318,3,2
557,319,3,2
557,320,3,2
557,321,3,2
557,322,3,2
557,323,3,2
557,324,3,2
557,325,3,2
557,326,3,2
557,327,3,2
557,328,3,2
557,329,3,2
557,330,3,2
557,331,3,2
557,332,3,2
557,333,3,2
557,334,3,2
557,335,3,2
557,336,3,2
557,337,3,2
557,338,3,2
557,339,3,2
557,340,3,2
557,341,3,2
557,342,3,2
557,343,3,2
557,344,3,2
557,345,3,2
557,346,3,2
557,347,3,2
557,348,3,2
557,349,3,2
557,350,3,2
557,351,3,2
557,352,3,2
557,353,3,2
557,354,3,2
557,355,3,2
557,356,3,2
557,357,3,2
557,358,3,2
557,359,3,2
557,360,3,2
557,361,3,2
557,362,3,2
557,363,3,2
557,364,3,2
557,365,3,2
557,366,3,2
557,367,3,2
557,368,3,2
557,369,3,2
557,370,3,2
557,371,3,2
557,372,3,2
557,373,3,2
557,374,3,2
557,375,3,2
557,376,3,2
557,377,3,2
557,378,3,2
557,379,3,2
557,380,3,2
557,381,3,2
557,382,3,2
557,383,3,2
557,384,3,2
557,385,3,2
557,386,3,2
557,387,3,2
557,388,3,2
557,389,3,2
557,390,3,2
557,391,3,2
557,392,3,2
557,393,3,2
557,394,3,2
557,395,3,2
557,396,3,2
557,397,3,2
557,398,3,2
557,399,3,2
557,400,3,2
557,401,3,2
557,402,3,2
557,403,3,2
557,404,3,2
557,405,3,2
557,406,3,2
557,407,3,2
557,408,3,2
557,409,3,2
557,410,3,2
557,411,3,2
557,412,3,2
557,413,3,2
557,414,3,2
557,415,3,2
557,416,3,2
557,417,3,2
557,418,3,2
557,419,3,2
557,420,3,2
557,421,3,2
557,422,3,2
557,423,3,2
557,424,3,2
557,425,3,2
557,426,3,2
557,427,3,2
557,428,3,2
557,429,3,2
557,430,3,2
557,431,3,2
557,432,3,2
557,433,3,2
557,434,3,2
557,435,3,2
557,436,3,2
557,437,3,2
557,438,3,2
557,439,3,2
557,440,3,2
557,441,3,2
557,442,3,2
557,443,3,2
557,444,3,2
557,445,3,2
557,446,3,2
557,447,3,2
557,448,3,2
557,449,3,2
557,450,3,2
557,451,3,2
557,452,3,2
557,453,3,2
557,454,3,2
557,455,3,2
557,456,3,2
557,457,3,2
557,458,3,2
557,459,3,2
557,460,3,2
557,461,3,2
557,462,3,2
557,463,3,2
557,464,3,2
557,465,3,2
557,466,3,2
557,467,3,2
557,468,3,2
557,469,3,2
557,470,3,2
557,471,3,2
557,472,3,2
557,473,3,2
557,474,3,2
557,475,3,2
557,476,3,2
557,477,3,2
557,478,3,2
557,479,3,2
557,480,3,2
557,481,3,2
557,482,3,2
557,483,3,2
557,484,3,2
557,485,3,2
557,486,3,2
557,487,3,2
557,488,3,2
557,489,3,2
557,490,3,2
557,491,3,2
557,492,3,2
557,493,3,2
557,494,3,2
557,495,3,2
557,496,3,2
557,497,3,2
557,498,3,2
557,499,3,2
557,500,3,2
557,501,3,2
557,502,3,2
557,503,3,2
557,504,3,2
557,505,3,2
557,506,3,2
557,507,3,2
557,508,3,2
557,509,3,2
557,510,3,2
557,511,3,2
557,512,3,2
557,513,3,2
557,514,3,2
557,515,3,2
557,516,3,2
557,517,3,2
557,518,3,2
557,519,3,2
557,520,3,2
557,521,3,2
557,522,3,2
557,523,3,2
557,524,3,2
557,525,3,2
557,526,3,2
557,527,3,2
557,528,3,2
557,529,3,2
557,530,3,2
557,531,3,2
557,532,3,2
557,533,3,2
557,534,3,2
557,535,3,2
557,536,3,2
557,537,3,2
557,538,3,2
557,539,3,2
557,540,3,2
557,541,3,2
557,542,3,2
557,543,3,2
557,544,3,2
557,545,3,2
557,546,3,2
557,547,3,2
557,548,3,2
557,549,3,2
557,550,3,2
557,551,3,2
557,552,3,2
557,553,3,2
557,554,3,2
557,555,3,2
557,556,3,2
557,557,3,2
557,558,3,2
557,559,3,2
557,560,3,2
557,561,3,2
557,562,3,2
557,563,3,2
557,564,3,2
557,565,3,2
557,566,3,2
557,567,3,2
557,568,3,2
557,569,3,2
557,570,3,2
557,571,3,2
557,572,3,2
557,573,3,2
557,574,3,2
557,575,3,2
557,576,3,2
557,577,3,2
557,578,3,2
557,579,3,2
557,580,3,2
557,581,3,2
557,582,3,2
557,583,3,2
557,584,3,2
557,585,3,2
557,586,3,2
557,587,3,2
557,588,3,2
557,589,3,2
557,590,3,2
557,591,3,2
557,592,3,2
557,593,3,2
557,594,3,2
557,595,3,2
557,596,3,2
557,597,3,2
557,598,3,2
557,599,3,2
557,600,3,2
557,601,3,2
557,602,3,2
557,603,3,2
557,604,3,2
557,605,3,2
557,606,3,2
557,607,3,2
557,608,3,2
557,609,3,2
557,610,3,2
557,611,3,2
557,612,3,2
557,613,3,2
557,614,3,2
557,615,3,2
557,616,3,2
557,617,3,2
557,618,3,2
557,619,3,2
557,620,3,2
557,621,3,2
557,622,3,2
557,623,3,2
557,624,3,2
557,625,3,2
557,626,3,2
557,627,3,2
557,628,3,2
557,629,3,2
557,630,3,2
557,631,3,2
557,632,3,2
557,633,3,2
557,634,3,2
557,635,3,2
557,636,3,2
557,637,3,2
557,638,3,2
557,639,3,2
557,640,3,2
557,641,3,2
557,642,3,2
557,643,3,2
557,644,3,2
558,84,3,2
558,85,3,2
558,86,3,2
558,87,3,2
558,88,3,2
558,89,3,2
558,90,3,2
558,91,3,2
558,92,3,2
558,93,3,2
558,94,3,2
558,95,3,2
558,96,3,2
558,97,3,2
558,98,3,2
558,99,3,2
558,100,3,2
558,101,3,2
558,102,3,2
558,103,3,2
558,104,3,2
558,105,3,2
558,106,3,2
558,107,3,2
558,108,3,2
558,109,3,2
558,110,3,2
558,111,3,2
558,112,3,2
558,113,3,2
558,114,3,2
558,115,3,2
558,116,3,2
558,117,3,2
558,118,3,2
558,119,3,2
558,120,3,2
558,121,3,2
558,122,3,2
558,123,3,2
558,124,3,2
558,125,3,2
558,126,3,2
558,127,3,2
558,128,3,2
558,129,3,2
558,130,3,2
558,131,3,2
558,132,3,2
558,133,3,2
558,134,3,2
558,135,3,2
558,136,3,2
558,137,3,2
558,138,3,2
558,139,3,2
558,140,3,2
558,141,3,2
558,142,3,2
558,143,3,2
558,144,3,2
558,145,3,2
558,146,3,2
558,147,3,2
558,148,3,2
558,149,3,2
558,150,3,2
558,151,3,2
558,152,3,2
558,153,3,2
558,154,3,2
558,155,3,2
558,156,3,2
558,157,3,2
558,158,3,2
558,159,3,2
558,160,3,2
558,161,3,2
558,162,3,2
558,163,3,2
558,164,3,2
558,165,3,2
558,166,3,2
558,167,3,2
558,168,3,2
558,169,3,2
558,170,3,2
558,171,3,2
558,172,3,2
558,173,3,2
558,174,3,2
558,175,3,2
558,176,3,2
558,177,3,2
558,178,3,2
558,179,3,2
558,180,3,2
558,181,3,2
558,182,3,2
558,183,3,2
558,184,3,2
558,185,3,2
558,186,3,2
558,187,3,2
558,188,3,2
558,189,3,2
558,190,3,2
558,191,3,2
558,192,3,2
558,193,3,2
558,194,3,2
558,195,3,2
558,196,3,2
558,197,3,2
558,198,3,2
558,199,3,2
558,200,3,2
558,201,3,2
558,202,3,2
558,203,3,2
558,204,3,2
558,205,3,2
558,206,3,2
558,207,3,2
558,208,3,2
558,209,3,2
558,210,3,2
558,211,3,2
558,212,3,2
558,213,3,2
558,214,3,2
558,215,3,2
558,216,3,2
558,217,3,2
558,218,3,2
558,219,3,2
558,220,3,2
558,221,3,2
558,222,3,2
558,223,3,2
558,224,3,2
558,225,3,2
558,226,3,2
558,227,3,2
558,228,3,2
558,229,3,2
558,230,3,2
558,231,3,2
558,232,3,2
558,233,3,2
558,234,3,2
558,235,3,2
558,236,3,2
558,237,3,2
558,238,3,2
558,239,3,2
558,240,3,2
558,241,3,2
558,242,3,2
558,243,3,2
558,244,3,2
558,245,3,2
558,246,3,2
558,247,3,2
558,248,3,2
558,249,3,2
558,250,3,2
558,251,3,2
558,252,3,2
558,253,3,2
558,254,3,2
558,255,3,2
558,256,3,2
558,257,3,2
558,258,3,2
558,259,3,2
558,260,3,2
558,261,3,2
558,262,3,2
558,263,3,2
558,264,3,2
558,265,3,2
558,266,3,2
558,267,3,2
558,268,3,2
558,269,3,2
558,270,3,2
558,271,3,2
558,272,3,2
558,273,3,2
558,274,3,2
558,275,3,2
558,276,3,2
558,277,3,2
558,278,3,2
558,279,3,2
558,280,3,2
558,281,3,2
558,282,3,2
558,283,3,2
558,284,3,2
558,285,3,2
558,286,3,2
558,287,3,2
558,288,3,2
558,289,3,2
558,290,3,2
558,291,3,2
558,292,3,2
558,293,3,2
558,294,3,2
558,295,3,2
558,296,3,2
558,297,3,2
558,298,3,2
558,299,3,2
558,300,3,2
558,301,3,2
558,302,3,2
558,303,3,2
558,304,3,2
558,305,3,2
558,306,3,2
558,307,3,2
558,308,3,2
558,309,3,2
558,310,3,2
558,311,3,2
558,312,3,2
558,313,3,2
558,314,3,2
558,315,3,2
558,316,3,2
558,317,3,2
558,318,3,2
558,319,3,2
558,320,3,2
558,321,3,2
558,322,3,2
558,323,3,2
558,324,3,2
558,325,3,2
558,326,3,2
558,327,3,2
558,328,3,2
558,329,3,2
558,330,3,2
558,331,3,2
558,332,3,2
558,333,3,2
558,334,3,2
558,335,3,2
558,336,3,2
558,337,3,2
558,338,3,2
558,339,3,2
558,340,3,2
558,341,3,2
558,342,3,2
558,343,3,2
558,344,3,2
558,345,3,2
558,346,3,2
558,347,3,2
558,348,3,2
558,349,3,2
558,350,3,2
558,351,3,2
558,352,3,2
558,353,3,2
558,354,3,2
558,355,3,2
558,356,3,2
558,357,3,2
558,358,3,2
558,359,3,2
558,360,3,2
558,361,3,2
558,362,3,2
558,363,3,2
558,364,3,2
558,365,3,2
558,366,3,2
558,367,3,2
558,368,3,2
558,369,3,2
558,370,3,2
558,371,3,2
558,372,3,2
558,373,3,2
558,374,3,2
558,375,3,2
558,376,3,2
558,377,3,2
558,378,3,2
558,379,3,2
558,380,3,2
558,381,3,2
558,382,3,2
558,383,3,2
558,384,3,2
558,385,3,2
558,386,3,2
558,387,3,2
558,388,3,2
558,389,3,2
558,390,3,2
558,391,3,2
558,392,3,2
558,393,3,2
558,394,3,2
558,395,3,2
558,396,3,2
558,397,3,2
558,398,3,2
558,399,3,2
558,400,3,2
558,401,3,2
558,402,3,2
558,403,3,2
558,404,3,2
558,405,3,2
558,406,3,2
558,407,3,2
558,408,3,2
558,409,3,2
558,410,3,2
558,411,3,2
558,412,3,2
558,413,3,2
558,414,3,2
558,415,3,2
558,416,3,2
558,417,3,2
558,418,3,2
558,419,3,2
558,420,3,2
558,421,3,2
558,422,3,2
558,423,3,2
558,424,3,2
558,425,3,2
558,426,3,2
558,427,3,2
558,428,3,2
558,429,3,2
558,430,3,2
558,431,3,2
558,432,3,2
558,433,3,2
558,434,3,2
558,435,3,2
558,436,3,2
558,437,3,2
558,438,3,2
558,439,3,2
558,440,3,2
558,441,3,2
558,442,3,2
558,443,3,2
558,444,3,2
558,445,3,2
558,446,3,2
558,447,3,2
558,448,3,2
558,449,3,2
558,450,3,2
558,451,3,2
558,452,3,2
558,453,3,2
558,454,3,2
558,455,3,2
558,456,3,2
558,457,3,2
558,458,3,2
558,459,3,2
558,460,3,2
558,461,3,2
558,462,3,2
558,463,3,2
558,464,3,2
558,465,3,2
558,466,3,2
558,467,3,2
558,468,3,2
558,469,3,2
558,470,3,2
558,471,3,2
558,472,3,2
558,473,3,2
558,474,3,2
558,475,3,2
558,476,3,2
558,477,3,2
558,478,3,2
558,479,3,2
558,480,3,2
558,481,3,2
558,482,3,2
558,483,3,2
558,484,3,2
558,485,3,2
558,486,3,2
558,487,3,2
558,488,3,2
558,489,3,2
558,490,3,2
558,491,3,2
558,492,3,2
558,493,3,2
558,494,3,2
558,495,3,2
558,496,3,2
558,497,3,2
558,498,3,2
558,499,3,2
558,500,3,2
558,501,3,2
558,502,3,2
558,503,3,2
558,504,3,2
558,505,3,2
558,506,3,2
558,507,3,2
558,508,3,2
558,509,3,2
558,510,3,2
558,511,3,2
558,512,3,2
558,513,3,2
558,514,3,2
558,515,3,2
558,516,3,2
558,517,3,2
558,518,3,2
558,519,3,2
558,520,3,2
558,521,3,2
558,522,3,2
558,523,3,2
558,524,3,2
558,525,3,2
558,526,3,2
558,527,3,2
558,528,3,2
558,529,3,2
558,530,3,2
558,531,3,2
558,532,3,2
558,533,3,2
558,534,3,2
558,535,3,2
558,536,3,2
558,537,3,2
558,538,3,2
558,539,3,2
558,540,3,2
558,541,3,2
558,542,3,2
558,543,3,2
558,544,3,2
558,545,3,2
558,546,3,2
558,547,3,2
558,548,3,2
558,549,3,2
558,550,3,2
558,551,3,2
558,552,3,2
558,553,3,2
558,554,3,2
558,555,3,2
558,556,3,2
558,557,3,2
558,558,3,2
558,559,3,2
558,560,3,2
558,561,3,2
558,562,3,2
558,563,3,2
558,564,3,2
558,565,3,2
558,566,3,2
558,567,3,2
558,568,3,2
558,569,3,2
558,570,3,2
558,571,3,2
558,572,3,2
558,573,3,2
558,574,3,2
558,575,3,2
558,576,3,2
558,577,3,2
558,578,3,2
558,579,3,2
558,580,3,2
558,581,3,2
558,582,3,2
558,583,3,2
558,584,3,2
558,585,3,2
558,586,3,2
558,587,3,2
558,588,3,2
558,589,3,2
558,590,3,2
558,591,3,2
558,592,3,2
558,593,3,2
558,594,3,2
558,595,3,2
558,596,3,2
558,597,3,2
558,598,3,2
558,599,3,2
558,600,3,2
558,601,3,2
558,602,3,2
558,603,3,2
558,604,3,2
558,605,3,2
558,606,3,2
558,607,3,2
558,608,3,2
558,609,3,2
558,610,3,2
558,611,3,2
558,612,3,2
558,613,3,2
558,614,3,2
558,615,3,2
558,616,3,2
558,617,3,2
558,618,3,2
558,619,3,2
558,620,3,2
558,621,3,2
558,622,3,2
558,623,3,2
558,624,3,2
558,625,3,2
558,626,3,2
558,627,3,2
558,628,3,2
558,629,3,2
558,630,3,2
558,631,3,2
558,632,3,2
558,633,3,2
558,634,3,2
558,635,3,2
558,636,3,2
558,637,3,2
558,638,3,2
558,639,3,2
558,640,3,2
558,641,3,2
558,642,3,2
558,643,3,2
559,84,3,2
559,85,3,2
559,86,3,2
559,87,3,2
559,88,3,2
559,89,3,2
559,90,3,2
559,91,3,2
559,92,3,2
559,93,3,2
559,94,3,2
559,95,3,2
559,96,3,2
559,97,3,2
559,98,3,2
559,99,3,2
559,100,3,2
559,101,3,2
559,102,3,2
559,103,3,2
559,104,3,2
559,105,3,2
559,106,3,2
559,107,3,2
559,108,3,2
559,109,3,2
559,110,3,2
559,111,3,2
559,112,3,2
559,113,3,2
559,114,3,2
559,115,3,2
559,116,3,2
559,117,3,2
559,118,3,2
559,119,3,2
559,120,3,2
559,121,3,2
559,122,3,2
559,123,3,2
559,124,3,2
559,125,3,2
559,126,3,2
559,127,3,2
559,128,3,2
559,129,3,2
559,130,3,2
559,131,3,2
559,132,3,2
559,133,3,2
559,134,3,2
559,135,3,2
559,136,3,2
559,137,3,2
559,138,3,2
559,139,3,2
559,140,3,2
559,141,3,2
559,142,3,2
559,143,3,2
559,144,3,2
559,145,3,2
559,146,3,2
559,147,3,2
559,148,3,2
559,149,3,2
559,150,3,2
559,151,3,2
559,152,3,2
559,153,3,2
559,154,3,2
559,155,3,2
559,156,3,2
559,157,3,2
559,158,3,2
559,159,3,2
559,160,3,2
559,161,3,2
559,162,3,2
559,163,3,2
559,164,3,2
559,165,3,2
559,166,3,2
559,167,3,2
559,168,3,2
559,169,3,2
559,170,3,2
559,171,3,2
559,172,3,2
559,173,3,2
559,174,3,2
559,175,3,2
559,176,3,2
559,177,3,2
559,178,3,2
559,179,3,2
559,180,3,2
559,181,3,2
559,182,3,2
559,183,3,2
559,184,3,2
559,185,3,2
559,186,3,2
559,187,3,2
559,188,3,2
559,189,3,2
559,190,3,2
559,191,3,2
559,192,3,2
559,193,3,2
559,194,3,2
559,195,3,2
559,196,3,2
559,197,3,2
559,198,3,2
559,199,3,2
559,200,3,2
559,201,3,2
559,202,3,2
559,203,3,2
559,204,3,2
559,205,3,2
559,206,3,2
559,207,3,2
559,208,3,2
559,209,3,2
559,210,3,2
559,211,3,2
559,212,3,2
559,213,3,2
559,214,3,2
559,215,3,2
559,216,3,2
559,217,3,2
559,218,3,2
559,219,3,2
559,220,3,2
559,221,3,2
559,222,3,2
559,223,3,2
559,224,3,2
559,225,3,2
559,226,3,2
559,227,3,2
559,228,3,2
559,229,3,2
559,230,3,2
559,231,3,2
559,232,3,2
559,233,3,2
559,234,3,2
559,235,3,2
559,236,3,2
559,237,3,2
559,238,3,2
559,239,3,2
559,240,3,2
559,241,3,2
559,242,3,2
559,243,3,2
559,244,3,2
559,245,3,2
559,246,3,2
559,247,3,2
559,248,3,2
559,249,3,2
559,250,3,2
559,251,3,2
559,252,3,2
559,253,3,2
559,254,3,2
559,255,3,2
559,256,3,2
559,257,3,2
559,258,3,2
559,259,3,2
559,260,3,2
559,261,3,2
559,262,3,2
559,263,3,2
559,264,3,2
559,265,3,2
559,266,3,2
559,267,3,2
559,268,3,2
559,269,3,2
559,270,3,2
559,271,3,2
559,272,3,2
559,273,3,2
559,274,3,2
559,275,3,2
559,276,3,2
559,277,3,2
559,278,3,2
559,279,3,2
559,280,3,2
559,281,3,2
559,282,3,2
559,283,3,2
559,284,3,2
559,285,3,2
559,286,3,2
559,287,3,2
559,288,3,2
559,289,3,2
559,290,3,2
559,291,3,2
559,292,3,2
559,293,3,2
559,294,3,2
559,295,3,2
559,296,3,2
559,297,3,2
559,298,3,2
559,299,3,2
559,300,3,2
559,301,3,2
559,302,3,2
559,303,3,2
559,304,3,2
559,305,3,2
559,306,3,2
559,307,3,2
559,308,3,2
559,309,3,2
559,310,3,2
559,311,3,2
559,312,3,2
559,313,3,2
559,314,3,2
559,315,3,2
559,316,3,2
559,317,3,2
559,318,3,2
559,319,3,2
559,320,3,2
559,321,3,2
559,322,3,2
559,323,3,2
559,324,3,2
559,325,3,2
559,326,3,2
559,327,3,2
559,328,3,2
559,329,3,2
559,330,3,2
559,331,3,2
559,332,3,2
559,333,3,2
559,334,3,2
559,335,3,2
559,336,3,2
559,337,3,2
559,338,3,2
559,339,3,2
559,340,3,2
559,341,3,2
559,342,3,2
559,343,3,2
559,344,3,2
559,345,3,2
559,346,3,2
559,347,3,2
559,348,3,2
559,349,3,2
559,350,3,2
559,351,3,2
559,352,3,2
559,353,3,2
559,354,3,2
559,355,3,2
559,356,3,2
559,357,3,2
559,358,3,2
559,359,3,2
559,360,3,2
559,361,3,2
559,362,3,2
559,363,3,2
559,364,3,2
559,365,3,2
559,366,3,2
559,367,3,2
559,368,3,2
559,369,3,2
559,370,3,2
559,371,3,2
559,372,3,2
559,373,3,2
559,374,3,2
559,375,3,2
559,376,3,2
559,377,3,2
559,378,3,2
559,379,3,2
559,380,3,2
559,381,3,2
559,382,3,2
559,383,3,2
559,384,3,2
559,385,3,2
559,386,3,2
559,387,3,2
559,388,3,2
559,389,3,2
559,390,3,2
559,391,3,2
559,392,3,2
559,393,3,2
559,394,3,2
559,395,3,2
559,396,3,2
559,397,3,2
559,398,3,2
559,399,3,2
559,400,3,2
559,401,3,2
559,402,3,2
559,403,3,2
559,404,3,2
559,405,3,2
559,406,3,2
559,407,3,2
559,408,3,2
559,409,3,2
559,410,3,2
559,411,3,2
559,412,3,2
559,413,3,2
559,414,3,2
559,415,3,2
559,416,3,2
559,417,3,2
559,418,3,2
559,419,3,2
559,420,3,2
559,421,3,2
559,422,3,2
559,423,3,2
559,424,3,2
559,425,3,2
559,426,3,2
559,427,3,2
559,428,3,2
559,429,3,2
559,430,3,2
559,431,3,2
559,432,3,2
559,433,3,2
559,434,3,2
559,435,3,2
559,436,3,2
559,437,3,2
559,438,3,2
559,439,3,2
559,440,3,2
559,441,3,2
559,442,3,2
559,443,3,2
559,444,3,2
559,445,3,2
559,446,3,2
559,447,3,2
559,448,3,2
559,449,3,2
559,450,3,2
559,451,3,2
559,452,3,2
559,453,3,2
559,454,3,2
559,455,3,2
559,456,3,2
559,457,3,2
559,458,3,2
559,459,3,2
559,460,3,2
559,461,3,2
559,462,3,2
559,463,3,2
559,464,3,2
559,465,3,2
559,466,3,2
559,467,3,2
559,468,3,2
559,469,3,2
559,470,3,2
559,471,3,2
559,472,3,2
559,473,3,2
559,474,3,2
559,475,3,2
559,476,3,2
559,477,3,2
559,478,3,2
559,479,3,2
559,480,3,2
559,481,3,2
559,482,3,2
559,483,3,2
559,484,3,2
559,485,3,2
559,486,3,2
559,487,3,2
559,488,3,2
559,489,3,2
559,490,3,2
559,491,3,2
559,492,3,2
559,493,3,2
559,494,3,2
559,495,3,2
559,496,3,2
559,497,3,2
559,498,3,2
559,499,3,2
559,500,3,2
559,501,3,2
559,502,3,2
559,503,3,2
559,504,3,2
559,505,3,2
559,506,3,2
559,507,3,2
559,508,3,2
559,509,3,2
559,510,3,2
559,511,3,2
559,512,3,2
559,513,3,2
559,514,3,2
559,515,3,2
559,516,3,2
559,517,3,2
559,518,3,2
559,519,3,2
559,520,3,2
559,521,3,2
559,522,3,2
559,523,3,2
559,524,3,2
559,525,3,2
559,526,3,2
559,527,3,2
559,528,3,2
559,529,3,2
559,530,3,2
559,531,3,2
559,532,3,2
559,533,3,2
559,534,3,2
559,535,3,2
559,536,3,2
559,537,3,2
559,538,3,2
559,539,3,2
559,540,3,2
559,541,3,2
559,542,3,2
559,543,3,2
559,544,3,2
559,545,3,2
559,546,3,2
559,547,3,2
559,548,3,2
559,549,3,2
559,550,3,2
559,551,3,2
559,552,3,2
559,553,3,2
559,554,3,2
559,555,3,2
559,556,3,2
559,557,3,2
559,558,3,2
559,559,3,2
559,560,3,2
559,561,3,2
559,562,3,2
559,563,3,2
559,564,3,2
559,565,3,2
559,566,3,2
559,567,3,2
559,568,3,2
559,569,3,2
559,570,3,2
559,571,3,2
559,572,3,2
559,573,3,2
559,574,3,2
559,575,3,2
559,576,3,2
559,577,3,2
559,578,3,2
559,579,3,2
559,580,3,2
559,581,3,2
559,582,3,2
559,583,3,2
559,584,3,2
559,585,3,2
559,586,3,2
559,587,3,2
559,588,3,2
559,589,3,2
559,590,3,2
559,591,3,2
559,592,3,2
559,593,3,2
559,594,3,2
559,595,3,2
559,596,3,2
559,597,3,2
559,598,3,2
559,599,3,2
559,600,3,2
559,601,3,2
559,602,3,2
559,603,3,2
559,604,3,2
559,605,3,2
559,606,3,2
559,607,3,2
559,608,3,2
559,609,3,2
559,610,3,2
559,611,3,2
559,612,3,2
559,613,3,2
559,614,3,2
559,615,3,2
559,616,3,2
559,617,3,2
559,618,3,2
559,619,3,2
559,620,3,2
559,621,3,2
559,622,3,2
559,623,3,2
559,624,3,2
559,625,3,2
559,626,3,2
559,627,3,2
559,628,3,2
559,629,3,2
559,630,3,2
559,631,3,2
559,632,3,2
559,633,3,2
559,634,3,2
559,635,3,2
559,636,3,2
559,637,3,2
559,638,3,2
559,639,3,2
559,640,3,2
559,641,3,2
559,642,3,2
559,643,3,2
560,84,3,2
560,85,3,2
560,86,3,2
560,87,3,2
560,88,3,2
560,89,3,2
560,90,3,2
560,91,3,2
560,92,3,2
560,93,3,2
560,94,3,2
560,95,3,2
560,96,3,2
560,97,3,2
560,98,3,2
560,99,3,2
560,100,3,2
560,101,3,2
560,102,3,2
560,103,3,2
560,104,3,2
560,105,3,2
560,106,3,2
560,107,3,2
560,108,3,2
560,109,3,2
560,110,3,2
560,111,3,2
560,112,3,2
560,113,3,2
560,114,3,2
560,115,3,2
560,116,3,2
560,117,3,2
560,118,3,2
560,119,3,2
560,120,3,2
560,121,3,2
560,122,3,2
560,123,3,2
560,124,3,2
560,125,3,2
560,126,3,2
560,127,3,2
560,128,3,2
560,129,3,2
560,130,3,2
560,131,3,2
560,132,3,2
560,133,3,2
560,134,3,2
560,135,3,2
560,136,3,2
560,137,3,2
560,138,3,2
560,139,3,2
560,140,3,2
560,141,3,2
560,142,3,2
560,143,3,2
560,144,3,2
560,145,3,2
560,146,3,2
560,147,3,2
560,148,3,2
560,149,3,2
560,150,3,2
560,151,3,2
560,152,3,2
560,153,3,2
560,154,3,2
560,155,3,2
560,156,3,2
560,157,3,2
560,158,3,2
560,159,3,2
560,160,3,2
560,161,3,2
560,162,3,2
560,163,3,2
560,164,3,2
560,165,3,2
560,166,3,2
560,167,3,2
560,168,3,2
560,169,3,2
560,170,3,2
560,171,3,2
560,172,3,2
560,173,3,2
560,174,3,2
560,175,3,2
560,176,3,2
560,177,3,2
560,178,3,2
560,179,3,2
560,180,3,2
560,181,3,2
560,182,3,2
560,183,3,2
560,184,3,2
560,185,3,2
560,186,3,2
560,187,3,2
560,188,3,2
560,189,3,2
560,190,3,2
560,191,3,2
560,192,3,2
560,193,3,2
560,194,3,2
560,195,3,2
560,196,3,2
560,197,3,2
560,198,3,2
560,199,3,2
560,200,3,2
560,201,3,2
560,202,3,2
560,203,3,2
560,204,3,2
560,205,3,2
560,206,3,2
560,207,3,2
560,208,3,2
560,209,3,2
560,210,3,2
560,211,3,2
560,212,3,2
560,213,3,2
560,214,3,2
560,215,3,2
560,216,3,2
560,217,3,2
560,218,3,2
560,219,3,2
560,220,3,2
560,221,3,2
560,222,3,2
560,223,3,2
560,224,3,2
560,225,3,2
560,226,3,2
560,227,3,2
560,228,3,2
560,229,3,2
560,230,3,2
560,231,3,2
560,232,3,2
560,233,3,2
560,234,3,2
560,235,3,2
560,236,3,2
560,237,3,2
560,238,3,2
560,239,3,2
560,240,3,2
560,241,3,2
560,242,3,2
560,243,3,2
560,244,3,2
560,245,3,2
560,246,3,2
560,247,3,2
560,248,3,2
560,249,3,2
560,250,3,2
560,251,3,2
560,252,3,2
560,253,3,2
560,254,3,2
560,255,3,2
560,256,3,2
560,257,3,2
560,258,3,2
560,259,3,2
560,260,3,2
560,261,3,2
560,262,3,2
560,263,3,2
560,264,3,2
560,265,3,2
560,266,3,2
560,267,3,2
560,268,3,2
560,269,3,2
560,270,3,2
560,271,3,2
560,272,3,2
560,273,3,2
560,274,3,2
560,275,3,2
560,276,3,2
560,277,3,2
560,278,3,2
560,279,3,2
560,280,3,2
560,281,3,2
560,282,3,2
560,283,3,2
560,284,3,2
560,285,3,2
560,286,3,2
560,287,3,2
560,288,3,2
560,289,3,2
560,290,3,2
560,291,3,2
560,292,3,2
560,293,3,2
560,294,3,2
560,295,3,2
560,296,3,2
560,297,3,2
560,298,3,2
560,299,3,2
560,300,3,2
560,301,3,2
560,302,3,2
560,303,3,2
560,304,3,2
560,305,3,2
560,306,3,2
560,307,3,2
560,308,3,2
560,309,3,2
560,310,3,2
560,311,3,2
560,312,3,2
560,313,3,2
560,314,3,2
560,315,3,2
560,316,3,2
560,317,3,2
560,318,3,2
560,319,3,2
560,320,3,2
560,321,3,2
560,322,3,2
560,323,3,2
560,324,3,2
560,325,3,2
560,326,3,2
560,327,3,2
560,328,3,2
560,329,3,2
560,330,3,2
560,331,3,2
560,332,3,2
560,333,3,2
560,334,3,2
560,335,3,2
560,336,3,2
560,337,3,2
560,338,3,2
560,339,3,2
560,340,3,2
560,341,3,2
560,342,3,2
560,343,3,2
560,344,3,2
560,345,3,2
560,346,3,2
560,347,3,2
560,348,3,2
560,349,3,2
560,350,3,2
560,351,3,2
560,352,3,2
560,353,3,2
560,354,3,2
560,355,3,2
560,356,3,2
560,357,3,2
560,358,3,2
560,359,3,2
560,360,3,2
560,361,3,2
560,362,3,2
560,363,3,2
560,364,3,2
560,365,3,2
560,366,3,2
560,367,3,2
560,368,3,2
560,369,3,2
560,370,3,2
560,371,3,2
560,372,3,2
560,373,3,2
560,374,3,2
560,375,3,2
560,376,3,2
560,377,3,2
560,378,3,2
560,379,3,2
560,380,3,2
560,381,3,2
560,382,3,2
560,383,3,2
560,384,3,2
560,385,3,2
560,386,3,2
560,387,3,2
560,388,3,2
560,389,3,2
560,390,3,2
560,391,3,2
560,392,3,2
560,393,3,2
560,394,3,2
560,395,3,2
560,396,3,2
560,397,3,2
560,398,3,2
560,399,3,2
560,400,3,2
560,401,3,2
560,402,3,2
560,403,3,2
560,404,3,2
560,405,3,2
560,406,3,2
560,407,3,2
560,408,3,2
560,409,3,2
560,410,3,2
560,411,3,2
560,412,3,2
560,413,3,2
560,414,3,2
560,415,3,2
560,416,3,2
560,417,3,2
560,418,3,2
560,419,3,2
560,420,3,2
560,421,3,2
560,422,3,2
560,423,3,2
560,424,3,2
560,425,3,2
560,426,3,2
560,427,3,2
560,428,3,2
560,429,3,2
560,430,3,2
560,431,3,2
560,432,3,2
560,433,3,2
560,434,3,2
560,435,3,2
560,436,3,2
560,437,3,2
560,438,3,2
560,439,3,2
560,440,3,2
560,441,3,2
560,442,3,2
560,443,3,2
560,444,3,2
560,445,3,2
560,446,3,2
560,447,3,2
560,448,3,2
560,449,3,2
560,450,3,2
560,451,3,2
560,452,3,2
560,453,3,2
560,454,3,2
560,455,3,2
560,456,3,2
560,457,3,2
560,458,3,2
560,459,3,2
560,460,3,2
560,461,3,2
560,462,3,2
560,463,3,3
560,464,3,2
560,465,3,2
560,466,3,2
560,467,3,2
560,468,3,2
560,469,3,2
560,470,3,2
560,471,3,2
560,472,3,2
560,473,3,2
560,474,3,2
560,475,3,2
560,476,3,2
560,477,3,2
560,478,3,2
560,479,3,2
560,480,3,2
560,481,3,2
560,482,3,2
560,483,3,2
560,484,3,2
560,485,3,2
560,486,3,2
560,487,3,2
560,488,3,2
560,489,3,2
560,490,3,2
560,491,3,2
560,492,3,2
560,493,3,2
560,494,3,2
560,495,3,2
560,496,3,2
560,497,3,2
560,498,3,2
560,499,3,2
560,500,3,2
560,501,3,2
560,502,3,2
560,503,3,2
560,504,3,2
560,505,3,2
560,506,3,2
560,507,3,2
560,508,3,2
560,509,3,2
560,510,3,2
560,511,3,2
560,512,3,2
560,513,3,2
560,514,3,2
560,515,3,2
560,516,3,2
560,517,3,2
560,518,3,2
560,519,3,2
560,520,3,2
560,521,3,2
560,522,3,2
560,523,3,2
560,524,3,2
560,525,3,2
560,526,3,2
560,527,3,2
560,528,3,2
560,529,3,2
560,530,3,2
560,531,3,2
560,532,3,2
560,533,3,2
560,534,3,2
560,535,3,2
560,536,3,2
560,537,3,2
560,538,3,2
560,539,3,2
560,540,3,2
560,541,3,2
560,542,3,2
560,543,3,2
560,544,3,2
560,545,3,2
560,546,3,2
560,547,3,2
560,548,3,2
560,549,3,2
560,550,3,2
560,551,3,2
560,552,3,2
560,553,3,2
560,554,3,2
560,555,3,2
560,556,3,2
560,557,3,2
560,558,3,2
560,559,3,2
560,560,3,2
560,561,3,2
560,562,3,2
560,563,3,2
560,564,3,2
560,565,3,2
560,566,3,2
560,567,3,2
560,568,3,2
560,569,3,2
560,570,3,2
560,571,3,2
560,572,3,2
560,573,3,2
560,574,3,2
560,575,3,2
560,576,3,2
560,577,3,2
560,578,3,2
560,579,3,2
560,580,3,2
560,581,3,2
560,582,3,2
560,583,3,2
560,584,3,2
560,585,3,2
560,586,3,2
560,587,3,2
560,588,3,2
560,589,3,2
560,590,3,2
560,591,3,2
560,592,3,2
560,593,3,2
560,594,3,2
560,595,3,2
560,596,3,2
560,597,3,2
560,598,3,2
560,599,3,2
560,600,3,2
560,601,3,2
560,602,3,2
560,603,3,2
560,604,3,2
560,605,3,2
560,606,3,2
560,607,3,2
560,608,3,2
560,609,3,2
560,610,3,2
560,611,3,2
560,612,3,2
560,613,3,2
560,614,3,2
560,615,3,2
560,616,3,2
560,617,3,2
560,618,3,2
560,619,3,2
560,620,3,2
560,621,3,2
560,622,3,2
560,623,3,2
560,624,3,2
560,625,3,2
560,626,3,2
560,627,3,2
560,628,3,2
560,629,3,2
560,630,3,2
560,631,3,2
560,632,3,2
560,633,3,2
560,634,3,2
560,635,3,2
560,636,3,2
560,637,3,2
560,638,3,2
560,639,3,2
560,640,3,2
560,641,3,2
560,642,3,2
560,643,3,2
561,84,3,2
561,85,3,2
561,86,3,2
561,87,3,2
561,88,3,2
561,89,3,2
561,90,3,2
561,91,3,2
561,92,3,2
561,93,3,2
561,94,3,2
561,95,3,2
561,96,3,2
561,97,3,2
561,98,3,2
561,99,3,2
561,100,3,2
561,101,3,2
561,102,3,2
561,103,3,2
561,104,3,2
561,105,3,2
561,106,3,2
561,107,3,2
561,108,3,2
561,109,3,2
561,110,3,2
561,111,3,2
561,112,3,2
561,113,3,2
561,114,3,2
561,115,3,2
561,116,3,2
561,117,3,2
561,118,3,2
561,119,3,2
561,120,3,2
561,121,3,2
561,122,3,2
561,123,3,2
561,124,3,2
561,125,3,2
561,126,3,2
561,127,3,2
561,128,3,2
561,129,3,2
561,130,3,2
561,131,3,2
561,132,3,2
561,133,3,2
561,134,3,2
561,135,3,2
561,136,3,2
561,137,3,2
561,138,3,2
561,139,3,2
561,140,3,2
561,141,3,2
561,142,3,2
561,143,3,2
561,144,3,2
561,145,3,2
561,146,3,2
561,147,3,2
561,148,3,2
561,149,3,2
561,150,3,2
561,151,3,2
561,152,3,2
561,153,3,2
561,154,3,2
561,155,3,2
561,156,3,2
561,157,3,2
561,158,3,2
561,159,3,2
561,160,3,2
561,161,3,2
561,162,3,2
561,163,3,2
561,164,3,2
561,165,3,2
561,166,3,2
561,167,3,2
561,168,3,2
561,169,3,2
561,170,3,2
561,171,3,2
561,172,3,2
561,173,3,2
561,174,3,2
561,175,3,2
561,176,3,2
561,177,3,2
561,178,3,2
561,179,3,2
561,180,3,2
561,181,3,2
561,182,3,2
561,183,3,2
561,184,3,2
561,185,3,2
561,186,3,2
561,187,3,2
561,188,3,2
561,189,3,2
561,190,3,2
561,191,3,2
561,192,3,2
561,193,3,2
561,194,3,2
561,195,3,2
561,196,3,2
561,197,3,2
561,198,3,2
561,199,3,2
561,200,3,2
561,201,3,2
561,202,3,2
561,203,3,2
561,204,3,2
561,205,3,2
561,206,3,2
561,207,3,2
561,208,3,2
561,209,3,2
561,210,3,2
561,211,3,2
561,212,3,2
561,213,3,2
561,214,3,2
561,215,3,2
561,216,3,2
561,217,3,2
561,218,3,2
561,219,3,2
561,220,3,2
561,221,3,2
561,222,3,2
561,223,3,2
561,224,3,2
561,225,3,2
561,226,3,2
561,227,3,2
561,228,3,2
561,229,3,2
561,230,3,2
561,231,3,2
561,232,3,2
561,233,3,2
561,234,3,2
561,235,3,2
561,236,3,2
561,237,3,2
561,238,3,2
561,239,3,2
561,240,3,2
561,241,3,2
561,242,3,2
561,243,3,2
561,244,3,2
561,245,3,2
561,246,3,2
561,247,3,2
561,248,3,2
561,249,3,2
561,250,3,2
561,251,3,2
561,252,3,2
561,253,3,2
561,254,3,2
561,255,3,2
561,256,3,2
561,257,3,2
561,258,3,2
561,259,3,2
561,260,3,2
561,261,3,2
561,262,3,2
561,263,3,2
561,264,3,2
561,265,3,2
561,266,3,2
561,267,3,2
561,268,3,2
561,269,3,2
561,270,3,2
561,271,3,2
561,272,3,2
561,273,3,2
561,274,3,2
561,275,3,2
561,276,3,2
561,277,3,2
561,278,3,2
561,279,3,2
561,280,3,2
561,281,3,2
561,282,3,2
561,283,3,2
561,284,3,2
561,285,3,2
561,286,3,2
561,287,3,2
561,288,3,2
561,289,3,2
561,290,3,2
561,291,3,2
561,292,3,2
561,293,3,2
561,294,3,2
561,295,3,2
561,296,3,2
561,297,3,2
561,298,3,2
561,299,3,2
561,300,3,2
561,301,3,2
561,302,3,2
561,303,3,2
561,304,3,2
561,305,3,2
561,306,3,2
561,307,3,2
561,308,3,2
561,309,3,2
561,310,3,2
561,311,3,2
561,312,3,2
561,313,3,2
561,314,3,2
561,315,3,2
561,316,3,2
561,317,3,2
561,318,3,2
561,319,3,2
561,320,3,2
561,321,3,2
561,322,3,2
561,323,3,2
561,324,3,2
561,325,3,2
561,326,3,2
561,327,3,2
561,328,3,2
561,329,3,2
561,330,3,2
561,331,3,2
561,332,3,2
561,333,3,2
561,334,3,2
561,335,3,2
561,336,3,2
561,337,3,2
561,338,3,2
561,339,3,2
561,340,3,2
561,341,3,2
561,342,3,2
561,343,3,2
561,344,3,2
561,345,3,2
561,346,3,2
561,347,3,2
561,348,3,2
561,349,3,2
561,350,3,2
561,351,3,2
561,352,3,2
561,353,3,2
561,354,3,2
561,355,3,2
561,356,3,2
561,357,3,2
561,358,3,2
561,359,3,2
561,360,3,2
561,361,3,2
561,362,3,2
561,363,3,2
561,364,3,2
561,365,3,2
561,366,3,2
561,367,3,2
561,368,3,2
561,369,3,2
561,370,3,2
561,371,3,2
561,372,3,2
561,373,3,2
561,374,3,2
561,375,3,2
561,376,3,2
561,377,3,2
561,378,3,2
561,379,3,2
561,380,3,2
561,381,3,2
561,382,3,2
561,383,3,2
561,384,3,2
561,385,3,2
561,386,3,2
561,387,3,2
561,388,3,2
561,389,3,2
561,390,3,2
561,391,3,2
561,392,3,2
561,393,3,2
561,394,3,2
561,395,3,2
561,396,3,2
561,397,3,2
561,398,3,2
561,399,3,2
561,400,3,2
561,401,3,2
561,402,3,2
561,403,3,2
561,404,3,2
561,405,3,2
561,406,3,2
561,407,3,2
561,408,3,2
561,409,3,2
561,410,3,2
561,411,3,2
561,412,3,2
561,413,3,2
561,414,3,2
561,415,3,2
561,416,3,2
561,417,3,2
561,418,3,2
561,419,3,2
561,420,3,2
561,421,3,2
561,422,3,2
561,423,3,2
561,424,3,2
561,425,3,2
561,426,3,2
561,427,3,2
561,428,3,2
561,429,3,2
561,430,3,2
561,431,3,2
561,432,3,2
561,433,3,2
561,434,3,2
561,435,3,2
561,436,3,2
561,437,3,2
561,438,3,2
561,439,3,2
561,440,3,2
561,441,3,2
561,442,3,2
561,443,3,2
561,444,3,2
561,445,3,2
561,446,3,2
561,447,3,2
561,448,3,2
561,449,3,2
561,450,3,2
561,451,3,2
561,452,3,2
561,453,3,2
561,454,3,2
561,455,3,2
561,456,3,2
561,457,3,2
561,458,3,2
561,459,3,3
561,460,3,3
561,461,3,3
561,462,3,3
561,463,3,3
561,464,3,3
561,465,3,3
561,466,3,3
561,467,3,3
561,468,3,3
561,469,3,3
561,470,3,3
561,471,3,2
561,472,3,2
561,473,3,2
561,474,3,2
561,475,3,2
561,476,3,2
561,477,3,2
561,478,3,2
561,479,3,2
561,480,3,2
561,481,3,2
561,482,3,2
561,483,3,2
561,484,3,2
561,485,3,2
561,486,3,2
561,487,3,2
561,488,3,2
561,489,3,2
561,490,3,2
561,491,3,2
561,492,3,2
561,493,3,2
561,494,3,2
561,495,3,2
561,496,3,2
561,497,3,2
561,498,3,2
561,499,3,2
561,500,3,2
561,501,3,2
561,502,3,2
561,503,3,2
561,504,3,2
561,505,3,2
561,506,3,2
561,507,3,2
561,508,3,2
561,509,3,2
561,510,3,2
561,511,3,3
561,512,3,2
561,513,3,2
561,514,3,2
561,515,3,2
561,516,3,2
561,517,3,2
561,518,3,2
561,519,3,2
561,520,3,2
561,521,3,2
561,522,3,2
561,523,3,2
561,524,3,2
561,525,3,2
561,526,3,2
561,527,3,2
561,528,3,2
561,529,3,2
561,530,3,2
561,531,3,2
561,532,3,2
561,533,3,2
561,534,3,2
561,535,3,2
561,536,3,2
561,537,3,2
561,538,3,2
561,539,3,2
561,540,3,2
561,541,3,2
561,542,3,2
561,543,3,2
561,544,3,2
561,545,3,2
561,546,3,2
561,547,3,2
561,548,3,2
561,549,3,2
561,550,3,2
561,551,3,2
561,552,3,2
561,553,3,2
561,554,3,2
561,555,3,2
561,556,3,2
561,557,3,2
561,558,3,2
561,559,3,2
561,560,3,2
561,561,3,2
561,562,3,2
561,563,3,2
561,564,3,2
561,565,3,2
561,566,3,2
561,567,3,2
561,568,3,2
561,569,3,2
561,570,3,2
561,571,3,2
561,572,3,2
561,573,3,2
561,574,3,2
561,575,3,2
561,576,3,2
561,577,3,2
561,578,3,2
561,579,3,2
561,580,3,2
561,581,3,2
561,582,3,2
561,583,3,2
561,584,3,2
561,585,3,2
561,586,3,2
561,587,3,2
561,588,3,2
561,589,3,2
561,590,3,2
561,591,3,2
561,592,3,2
561,593,3,2
561,594,3,2
561,595,3,2
561,596,3,2
561,597,3,2
561,598,3,2
561,599,3,2
561,600,3,2
561,601,3,2
561,602,3,2
561,603,3,2
561,604,3,2
561,605,3,2
561,606,3,2
561,607,3,2
561,608,3,2
561,609,3,2
561,610,3,2
561,611,3,2
561,612,3,2
561,613,3,2
561,614,3,2
561,615,3,2
561,616,3,2
561,617,3,2
561,618,3,2
561,619,3,2
561,620,3,2
561,621,3,2
561,622,3,2
561,623,3,2
561,624,3,2
561,625,3,2
561,626,3,2
561,627,3,2
561,628,3,2
561,629,3,2
561,630,3,2
561,631,3,2
561,632,3,2
561,633,3,2
561,634,3,2
561,635,3,2
561,636,3,2
561,637,3,2
561,638,3,2
561,639,3,2
561,640,3,2
561,641,3,2
561,642,3,2
562,83,3,2
562,84,3,2
562,85,3,2
562,86,3,2
562,87,3,2
562,88,3,2
562,89,3,2
562,90,3,2
562,91,3,2
562,92,3,2
562,93,3,2
562,94,3,2
562,95,3,2
562,96,3,2
562,97,3,2
562,98,3,2
562,99,3,2
562,100,3,2
562,101,3,2
562,102,3,2
562,103,3,2
562,104,3,2
562,105,3,2
562,106,3,2
562,107,3,2
562,108,3,2
562,109,3,2
562,110,3,2
562,111,3,2
562,112,3,2
562,113,3,2
562,114,3,2
562,115,3,2
562,116,3,2
562,117,3,2
562,118,3,2
562,119,3,2
562,120,3,2
562,121,3,2
562,122,3,2
562,123,3,2
562,124,3,2
562,125,3,2
562,126,3,2
562,127,3,2
562,128,3,2
562,129,3,2
562,130,3,2
562,131,3,2
562,132,3,2
562,133,3,2
562,134,3,2
562,135,3,2
562,136,3,2
562,137,3,2
562,138,3,2
562,139,3,2
562,140,3,2
562,141,3,2
562,142,3,2
562,143,3,2
562,144,3,2
562,145,3,2
562,146,3,2
562,147,3,2
562,148,3,2
562,149,3,2
562,150,3,2
562,151,3,2
562,152,3,2
562,153,3,2
562,154,3,2
562,155,3,2
562,156,3,2
562,157,3,2
562,158,3,2
562,159,3,2
562,160,3,2
562,161,3,2
562,162,3,2
562,163,3,2
562,164,3,2
562,165,3,2
562,166,3,2
562,167,3,2
562,168,3,2
562,169,3,2
562,170,3,2
562,171,3,2
562,172,3,2
562,173,3,2
562,174,3,2
562,175,3,2
562,176,3,2
562,177,3,2
562,178,3,2
562,179,3,2
562,180,3,2
562,181,3,2
562,182,3,2
562,183,3,2
562,184,3,2
562,185,3,2
562,186,3,2
562,187,3,2
562,188,3,2
562,189,3,2
562,190,3,2
562,191,3,2
562,192,3,2
562,193,3,2
562,194,3,2
562,195,3,2
562,196,3,2
562,197,3,2
562,198,3,2
562,199,3,2
562,200,3,2
562,201,3,2
562,202,3,2
562,203,3,2
562,204,3,2
562,205,3,2
562,206,3,2
562,207,3,2
562,208,3,2
562,209,3,2
562,210,3,2
562,211,3,2
562,212,3,2
562,213,3,2
562,214,3,2
562,215,3,2
562,216,3,2
562,217,3,2
562,218,3,2
562,219,3,2
562,220,3,2
562,221,3,2
562,222,3,2
562,223,3,2
562,224,3,2
562,225,3,2
562,226,3,2
562,227,3,2
562,228,3,2
562,229,3,2
562,230,3,2
562,231,3,2
562,232,3,2
562,233,3,2
562,234,3,2
562,235,3,2
562,236,3,2
562,237,3,2
562,238,3,2
562,239,3,2
562,240,3,2
562,241,3,2
562,242,3,2
562,243,3,2
562,244,3,2
562,245,3,2
562,246,3,2
562,247,3,2
562,248,3,2
562,249,3,2
562,250,3,2
562,251,3,2
562,252,3,2
562,253,3,2
562,254,3,2
562,255,3,2
562,256,3,2
562,257,3,2
562,258,3,2
562,259,3,2
562,260,3,2
562,261,3,2
562,262,3,2
562,263,3,2
562,264,3,2
562,265,3,2
562,266,3,2
562,267,3,2
562,268,3,2
562,269,3,2
562,270,3,2
562,271,3,2
562,272,3,2
562,273,3,2
562,274,3,2
562,275,3,2
562,276,3,2
562,277,3,2
562,278,3,2
562,279,3,2
562,280,3,2
562,281,3,2
562,282,3,2
562,283,3,2
562,284,3,2
562,285,3,2
562,286,3,2
562,287,3,2
562,288,3,2
562,289,3,2
562,290,3,2
562,291,3,2
562,292,3,2
562,293,3,2
562,294,3,2
562,295,3,2
562,296,3,2
562,297,3,2
562,298,3,2
562,299,3,2
562,300,3,2
562,301,3,2
562,302,3,2
562,303,3,2
562,304,3,2
562,305,3,2
562,306,3,2
562,307,3,2
562,308,3,2
562,309,3,2
562,310,3,2
562,311,3,2
562,312,3,2
562,313,3,2
562,314,3,2
562,315,3,2
562,316,3,2
562,317,3,2
562,318,3,2
562,319,3,2
562,320,3,2
562,321,3,2
562,322,3,2
562,323,3,2
562,324,3,2
562,325,3,2
562,326,3,2
562,327,3,2
562,328,3,2
562,329,3,2
562,330,3,2
562,331,3,2
562,332,3,2
562,333,3,2
562,334,3,2
562,335,3,2
562,336,3,2
562,337,3,2
562,338,3,2
562,339,3,2
562,340,3,2
562,341,3,2
562,342,3,2
562,343,3,2
562,344,3,2
562,345,3,2
562,346,3,2
562,347,3,2
562,348,3,2
562,349,3,2
562,350,3,2
562,351,3,2
562,352,3,2
562,353,3,2
562,354,3,2
562,355,3,2
562,356,3,2
562,357,3,2
562,358,3,2
562,359,3,2
562,360,3,2
562,361,3,2
562,362,3,2
562,363,3,2
562,364,3,2
562,365,3,2
562,366,3,2
562,367,3,2
562,368,3,2
562,369,3,2
562,370,3,2
562,371,3,2
562,372,3,2
562,373,3,2
562,374,3,2
562,375,3,2
562,376,3,2
562,377,3,2
562,378,3,2
562,379,3,2
562,380,3,2
562,381,3,2
562,382,3,2
562,383,3,2
562,384,3,2
562,385,3,2
562,386,3,2
562,387,3,2
562,388,3,2
562,389,3,2
562,390,3,2
562,391,3,2
562,392,3,2
562,393,3,2
562,394,3,2
562,395,3,2
562,396,3,2
562,397,3,2
562,398,3,2
562,399,3,2
562,400,3,2
562,401,3,2
562,402,3,2
562,403,3,2
562,404,3,2
562,405,3,2
562,406,3,2
562,407,3,2
562,408,3,2
562,409,3,2
562,410,3,2
562,411,3,2
562,412,3,2
562,413,3,2
562,414,3,2
562,415,3,2
562,416,3,2
562,417,3,2
562,418,3,2
562,419,3,2
562,420,3,2
562,421,3,2
562,422,3,2
562,423,3,2
562,424,3,2
562,425,3,2
562,426,3,2
562,427,3,2
562,428,3,2
562,429,3,2
562,430,3,2
562,431,3,2
562,432,3,2
562,433,3,2
562,434,3,2
562,435,3,2
562,436,3,2
562,437,3,2
562,438,3,2
562,439,3,2
562,440,3,2
562,441,3,2
562,442,3,2
562,443,3,2
562,444,3,2
562,445,3,2
562,446,3,2
562,447,3,2
562,448,3,2
562,449,3,2
562,450,3,2
562,451,3,2
562,452,3,2
562,453,3,2
562,454,3,2
562,455,3,2
562,456,3,2
562,457,3,3
562,458,3,3
562,459,3,3
562,460,3,3
562,461,3,3
562,462,3,3
562,463,3,3
562,464,3,3
562,465,3,3
562,466,3,3
562,467,3,3
562,468,3,3
562,469,3,3
562,470,3,3
562,471,3,3
562,472,3,2
562,473,3,2
562,474,3,2
562,475,3,2
562,476,3,2
562,477,3,2
562,478,3,2
562,479,3,2
562,480,3,2
562,481,3,2
562,482,3,2
562,483,3,2
562,484,3,2
562,485,3,2
562,486,3,2
562,487,3,2
562,488,3,2
562,489,3,2
562,490,3,2
562,491,3,2
562,492,3,2
562,493,3,2
562,494,3,2
562,495,3,2
562,496,3,2
562,497,3,2
562,498,3,2
562,499,3,2
562,500,3,2
562,501,3,2
562,502,3,2
562,503,3,2
562,504,3,2
562,505,3,2
562,506,3,2
562,507,3,2
562,508,3,3
562,509,3,3
562,510,3,3
562,511,3,3
562,512,3,3
562,513,3,2
562,514,3,2
562,515,3,2
562,516,3,2
562,517,3,2
562,518,3,2
562,519,3,2
562,520,3,2
562,521,3,2
562,522,3,2
562,523,3,2
562,524,3,2
562,525,3,2
562,526,3,2
562,527,3,2
562,528,3,2
562,529,3,2
562,530,3,2
562,531,3,2
562,532,3,2
562,533,3,2
562,534,3,2
562,535,3,2
562,536,3,2
562,537,3,2
562,538,3,2
562,539,3,2
562,540,3,2
562,541,3,2
562,542,3,2
562,543,3,2
562,544,3,2
562,545,3,2
562,546,3,2
562,547,3,2
562,548,3,2
562,549,3,2
562,550,3,2
562,551,3,2
562,552,3,2
562,553,3,2
562,554,3,2
562,555,3,2
562,556,3,2
562,557,3,2
562,558,3,2
562,559,3,2
562,560,3,2
562,561,3,2
562,562,3,2
562,563,3,2
562,564,3,2
562,565,3,2
562,566,3,2
562,567,3,2
562,568,3,2
562,569,3,2
562,570,3,2
562,571,3,2
562,572,3,2
562,573,3,2
562,574,3,2
562,575,3,2
562,576,3,2
562,577,3,2
562,578,3,2
562,579,3,2
562,580,3,2
562,581,3,2
562,582,3,2
562,583,3,2
562,584,3,2
562,585,3,2
562,586,3,2
562,587,3,2
562,588,3,2
562,589,3,2
562,590,3,2
562,591,3,2
562,592,3,2
562,593,3,2
562,594,3,2
562,595,3,2
562,596,3,2
562,597,3,2
562,598,3,2
562,599,3,2
562,600,3,2
562,601,3,2
562,602,3,2
562,603,3,2
562,604,3,2
562,605,3,2
562,606,3,2
562,607,3,2
562,608,3,2
562,609,3,2
562,610,3,2
562,611,3,2
562,612,3,2
562,613,3,2
562,614,3,2
562,615,3,2
562,616,3,2
562,617,3,2
562,618,3,2
562,619,3,2
562,620,3,2
562,621,3,2
562,622,3,2
562,623,3,2
562,624,3,2
562,625,3,2
562,626,3,2
562,627,3,2
562,628,3,2
562,629,3,2
562,630,3,2
562,631,3,2
562,632,3,2
562,633,3,2
562,634,3,2
562,635,3,2
562,636,3,2
562,637,3,2
562,638,3,2
562,639,3,2
562,640,3,2
563,84,3,2
563,85,3,2
563,86,3,2
563,87,3,2
563,88,3,2
563,89,3,2
563,90,3,2
563,91,3,2
563,92,3,2
563,93,3,2
563,94,3,2
563,95,3,2
563,96,3,2
563,97,3,2
563,98,3,2
563,99,3,2
563,100,3,2
563,101,3,2
563,102,3,2
563,103,3,2
563,104,3,2
563,105,3,2
563,106,3,2
563,107,3,2
563,108,3,2
563,109,3,2
563,110,3,2
563,111,3,2
563,112,3,2
563,113,3,2
563,114,3,2
563,115,3,2
563,116,3,2
563,117,3,2
563,118,3,2
563,119,3,2
563,120,3,2
563,121,3,2
563,122,3,2
563,123,3,2
563,124,3,2
563,125,3,2
563,126,3,2
563,127,3,2
563,128,3,2
563,129,3,2
563,130,3,2
563,131,3,2
563,132,3,2
563,133,3,2
563,134,3,2
563,135,3,2
563,136,3,2
563,137,3,2
563,138,3,2
563,139,3,2
563,140,3,2
563,141,3,2
563,142,3,2
563,143,3,2
563,144,3,2
563,145,3,2
563,146,3,2
563,147,3,2
563,148,3,2
563,149,3,2
563,150,3,2
563,151,3,2
563,152,3,2
563,153,3,2
563,154,3,2
563,155,3,2
563,156,3,2
563,157,3,2
563,158,3,2
563,159,3,2
563,160,3,2
563,161,3,2
563,162,3,2
563,163,3,2
563,164,3,2
563,165,3,2
563,166,3,2
563,167,3,2
563,168,3,2
563,169,3,2
563,170,3,2
563,171,3,2
563,172,3,2
563,173,3,2
563,174,3,2
563,175,3,2
563,176,3,2
563,177,3,2
563,178,3,2
563,179,3,2
563,180,3,2
563,181,3,2
563,182,3,2
563,183,3,2
563,184,3,2
563,185,3,2
563,186,3,2
563,187,3,2
563,188,3,2
563,189,3,2
563,190,3,2
563,191,3,2
563,192,3,2
563,193,3,2
563,194,3,2
563,195,3,2
563,196,3,2
563,197,3,2
563,198,3,2
563,199,3,2
563,200,3,2
563,201,3,2
563,202,3,2
563,203,3,2
563,204,3,2
563,205,3,2
563,206,3,2
563,207,3,2
563,208,3,2
563,209,3,2
563,210,3,2
563,211,3,2
563,212,3,2
563,213,3,2
563,214,3,2
563,215,3,2
563,216,3,2
563,217,3,2
563,218,3,2
563,219,3,2
563,220,3,2
563,221,3,2
563,222,3,2
563,223,3,2
563,224,3,2
563,225,3,2
563,226,3,2
563,227,3,2
563,228,3,2
563,229,3,2
563,230,3,2
563,231,3,2
563,232,3,2
563,233,3,2
563,234,3,2
563,235,3,2
563,236,3,2
563,237,3,2
563,238,3,2
563,239,3,2
563,240,3,2
563,241,3,2
563,242,3,2
563,243,3,2
563,244,3,2
563,245,3,2
563,246,3,2
563,247,3,2
563,248,3,2
563,249,3,2
563,250,3,2
563,251,3,2
563,252,3,2
563,253,3,2
563,254,3,2
563,255,3,2
563,256,3,2
563,257,3,2
563,258,3,2
563,259,3,2
563,260,3,2
563,261,3,2
563,262,3,2
563,263,3,2
563,264,3,2
563,265,3,2
563,266,3,2
563,267,3,2
563,268,3,2
563,269,3,2
563,270,3,2
563,271,3,2
563,272,3,2
563,273,3,2
563,274,3,2
563,275,3,2
563,276,3,2
563,277,3,2
563,278,3,2
563,279,3,2
563,280,3,2
563,281,3,2
563,282,3,2
563,283,3,2
563,284,3,2
563,285,3,2
563,286,3,2
563,287,3,2
563,288,3,2
563,289,3,2
563,290,3,2
563,291,3,2
563,292,3,2
563,293,3,2
563,294,3,2
563,295,3,2
563,296,3,2
563,297,3,2
563,298,3,2
563,299,3,2
563,300,3,2
563,301,3,2
563,302,3,2
563,303,3,2
563,304,3,2
563,305,3,2
563,306,3,2
563,307,3,2
563,308,3,2
563,309,3,2
563,310,3,2
563,311,3,2
563,312,3,2
563,313,3,2
563,314,3,2
563,315,3,2
563,316,3,2
563,317,3,2
563,318,3,2
563,319,3,2
563,320,3,2
563,321,3,2
563,322,3,2
563,323,3,2
563,324,3,2
563,325,3,2
563,326,3,2
563,327,3,2
563,328,3,2
563,329,3,2
563,330,3,2
563,331,3,2
563,332,3,2
563,333,3,2
563,334,3,2
563,335,3,2
563,336,3,2
563,337,3,2
563,338,3,2
563,339,3,2
563,340,3,2
563,341,3,2
563,342,3,2
563,343,3,2
563,344,3,2
563,345,3,2
563,346,3,2
563,347,3,2
563,348,3,2
563,349,3,2
563,350,3,2
563,351,3,2
563,352,3,2
563,353,3,2
563,354,3,2
563,355,3,2
563,356,3,2
563,357,3,2
563,358,3,2
563,359,3,2
563,360,3,2
563,361,3,2
563,362,3,2
563,363,3,2
563,364,3,2
563,365,3,2
563,366,3,2
563,367,3,2
563,368,3,2
563,369,3,2
563,370,3,2
563,371,3,2
563,372,3,2
563,373,3,2
563,374,3,2
563,375,3,2
563,376,3,2
563,377,3,2
563,378,3,2
563,379,3,2
563,380,3,2
563,381,3,2
563,382,3,2
563,383,3,2
563,384,3,2
563,385,3,2
563,386,3,2
563,387,3,2
563,388,3,2
563,389,3,2
563,390,3,2
563,391,3,2
563,392,3,2
563,393,3,2
563,394,3,2
563,395,3,2
563,396,3,2
563,397,3,2
563,398,3,2
563,399,3,2
563,400,3,2
563,401,3,2
563,402,3,2
563,403,3,2
563,404,3,2
563,405,3,2
563,406,3,2
563,407,3,2
563,408,3,2
563,409,3,2
563,410,3,2
563,411,3,2
563,412,3,2
563,413,3,2
563,414,3,2
563,415,3,2
563,416,3,2
563,417,3,2
563,418,3,2
563,419,3,2
563,420,3,2
563,421,3,2
563,422,3,2
563,423,3,2
563,424,3,2
563,425,3,2
563,426,3,2
563,427,3,2
563,428,3,2
563,429,3,2
563,430,3,2
563,431,3,2
563,432,3,2
563,433,3,2
563,434,3,2
563,435,3,2
563,436,3,2
563,437,3,2
563,438,3,2
563,439,3,2
563,440,3,2
563,441,3,2
563,442,3,2
563,443,3,2
563,444,3,2
563,445,3,2
563,446,3,2
563,447,3,2
563,448,3,2
563,449,3,2
563,450,3,2
563,451,3,2
563,452,3,2
563,453,3,2
563,454,3,2
563,455,3,2
563,456,3,3
563,457,3,3
563,458,3,3
563,459,3,3
563,460,3,3
563,461,3,3
563,462,3,3
563,463,3,3
563,464,3,3
563,465,3,3
563,466,3,3
563,467,3,3
563,468,3,3
563,469,3,3
563,470,3,3
563,471,3,3
563,472,3,3
563,473,3,3
563,474,3,2
563,475,3,2
563,476,3,2
563,477,3,2
563,478,3,2
563,479,3,2
563,480,3,2
563,481,3,2
563,482,3,2
563,483,3,2
563,484,3,2
563,485,3,2
563,486,3,2
563,487,3,2
563,488,3,2
563,489,3,2
563,490,3,2
563,491,3,2
563,492,3,2
563,493,3,2
563,494,3,2
563,495,3,2
563,496,3,2
563,497,3,2
563,498,3,2
563,499,3,2
563,500,3,2
563,501,3,2
563,502,3,2
563,503,3,2
563,504,3,2
563,505,3,2
563,506,3,3
563,507,3,3
563,508,3,3
563,509,3,3
563,510,3,3
563,511,3,3
563,512,3,3
563,513,3,2
563,514,3,2
563,515,3,2
563,516,3,2
563,517,3,2
563,518,3,2
563,519,3,2
563,520,3,2
563,521,3,2
563,522,3,2
563,523,3,2
563,524,3,2
563,525,3,2
563,526,3,2
563,527,3,2
563,528,3,2
563,529,3,2
563,530,3,2
563,531,3,2
563,532,3,2
563,533,3,2
563,534,3,2
563,535,3,2
563,536,3,2
563,537,3,2
563,538,3,2
563,539,3,2
563,540,3,2
563,541,3,2
563,542,3,2
563,543,3,2
563,544,3,2
563,545,3,2
563,546,3,2
563,547,3,2
563,548,3,2
563,549,3,2
563,550,3,2
563,551,3,2
563,552,3,2
563,553,3,2
563,554,3,2
563,555,3,2
563,556,3,2
563,557,3,2
563,558,3,2
563,559,3,2
563,560,3,2
563,561,3,2
563,562,3,2
563,563,3,2
563,564,3,2
563,565,3,2
563,566,3,2
563,567,3,2
563,568,3,2
563,569,3,2
563,570,3,2
563,571,3,2
563,572,3,2
563,573,3,2
563,574,3,2
563,575,3,2
563,576,3,2
563,577,3,2
563,578,3,2
563,579,3,2
563,580,3,2
563,581,3,2
563,582,3,2
563,583,3,2
563,584,3,2
563,585,3,2
563,586,3,2
563,587,3,2
563,588,3,2
563,589,3,2
563,590,3,2
563,591,3,2
563,592,3,2
563,593,3,2
563,594,3,2
563,595,3,2
563,596,3,2
563,597,3,2
563,598,3,2
563,599,3,2
563,600,3,2
563,601,3,2
563,602,3,2
563,603,3,2
563,604,3,2
563,605,3,2
563,606,3,2
563,607,3,2
563,608,3,2
563,609,3,2
563,610,3,2
563,611,3,2
563,612,3,2
563,613,3,2
563,614,3,2
563,615,3,2
563,616,3,2
563,617,3,2
563,618,3,2
563,619,3,2
563,620,3,2
563,621,3,2
563,622,3,2
563,623,3,2
563,624,3,2
563,625,3,2
563,626,3,2
563,627,3,2
563,628,3,2
563,629,3,2
563,630,3,2
563,631,3,2
563,632,3,2
563,633,3,2
563,634,3,2
563,635,3,2
563,636,3,2
563,637,3,2
563,638,3,2
563,639,3,2
563,640,3,2
564,84,3,2
564,85,3,2
564,86,3,2
564,87,3,2
564,88,3,2
564,89,3,2
564,90,3,2
564,91,3,2
564,92,3,2
564,93,3,2
564,94,3,2
564,95,3,2
564,96,3,2
564,97,3,2
564,98,3,2
564,99,3,2
564,100,3,2
564,101,3,2
564,102,3,2
564,103,3,2
564,104,3,2
564,105,3,2
564,106,3,2
564,107,3,2
564,108,3,2
564,109,3,2
564,110,3,2
564,111,3,2
564,112,3,2
564,113,3,2
564,114,3,2
564,115,3,2
564,116,3,2
564,117,3,2
564,118,3,2
564,119,3,2
564,120,3,2
564,121,3,2
564,122,3,2
564,123,3,2
564,124,3,2
564,125,3,2
564,126,3,2
564,127,3,2
564,128,3,2
564,129,3,2
564,130,3,2
564,131,3,2
564,132,3,2
564,133,3,2
564,134,3,2
564,135,3,2
564,136,3,2
564,137,3,2
564,138,3,2
564,139,3,2
564,140,3,2
564,141,3,2
564,142,3,2
564,143,3,2
564,144,3,2
564,145,3,2
564,146,3,2
564,147,3,2
564,148,3,2
564,149,3,2
564,150,3,2
564,151,3,2
564,152,3,2
564,153,3,2
564,154,3,2
564,155,3,2
564,156,3,2
564,157,3,2
564,158,3,2
564,159,3,2
564,160,3,2
564,161,3,2
564,162,3,2
564,163,3,2
564,164,3,2
564,165,3,2
564,166,3,2
564,167,3,2
564,168,3,2
564,169,3,2
564,170,3,2
564,171,3,2
564,172,3,2
564,173,3,2
564,174,3,2
564,175,3,2
564,176,3,2
564,177,3,2
564,178,3,2
564,179,3,2
564,180,3,2
564,181,3,2
564,182,3,2
564,183,3,2
564,184,3,2
564,185,3,2
564,186,3,2
564,187,3,2
564,188,3,2
564,189,3,2
564,190,3,2
564,191,3,2
564,192,3,2
564,193,3,2
564,194,3,2
564,195,3,2
564,196,3,2
564,197,3,2
564,198,3,2
564,199,3,2
564,200,3,2
564,201,3,2
564,202,3,2
564,203,3,2
564,204,3,2
564,205,3,2
564,206,3,2
564,207,3,2
564,208,3,2
564,209,3,2
564,210,3,2
564,211,3,2
564,212,3,2
564,213,3,2
564,214,3,2
564,215,3,2
564,216,3,2
564,217,3,2
564,218,3,2
564,219,3,2
564,220,3,2
564,221,3,2
564,222,3,2
564,223,3,2
564,224,3,2
564,225,3,2
564,226,3,2
564,227,3,2
564,228,3,2
564,229,3,2
564,230,3,2
564,231,3,2
564,232,3,2
564,233,3,2
564,234,3,2
564,235,3,2
564,236,3,2
564,237,3,2
564,238,3,2
564,239,3,2
564,240,3,2
564,241,3,2
564,242,3,2
564,243,3,2
564,244,3,2
564,245,3,2
564,246,3,2
564,247,3,2
564,248,3,2
564,249,3,2
564,250,3,2
564,251,3,2
564,252,3,2
564,253,3,2
564,254,3,2
564,255,3,2
564,256,3,2
564,257,3,2
564,258,3,2
564,259,3,2
564,260,3,2
564,261,3,2
564,262,3,2
564,263,3,2
564,264,3,2
564,265,3,2
564,266,3,2
564,267,3,2
564,268,3,2
564,269,3,2
564,270,3,2
564,271,3,2
564,272,3,2
564,273,3,2
564,274,3,2
564,275,3,2
564,276,3,2
564,277,3,2
564,278,3,2
564,279,3,2
564,280,3,2
564,281,3,2
564,282,3,2
564,283,3,2
564,284,3,2
564,285,3,2
564,286,3,2
564,287,3,2
564,288,3,2
564,289,3,2
564,290,3,2
564,291,3,2
564,292,3,2
564,293,3,2
564,294,3,2
564,295,3,2
564,296,3,2
564,297,3,2
564,298,3,2
564,299,3,2
564,300,3,2
564,301,3,2
564,302,3,2
564,303,3,2
564,304,3,2
564,305,3,2
564,306,3,2
564,307,3,2
564,308,3,2
564,309,3,2
564,310,3,2
564,311,3,2
564,312,3,2
564,313,3,2
564,314,3,2
564,315,3,2
564,316,3,2
564,317,3,2
564,318,3,2
564,319,3,2
564,320,3,2
564,321,3,2
564,322,3,2
564,323,3,2
564,324,3,2
564,325,3,2
564,326,3,2
564,327,3,2
564,328,3,2
564,329,3,2
564,330,3,2
564,331,3,2
564,332,3,2
564,333,3,2
564,334,3,2
564,335,3,2
564,336,3,2
564,337,3,2
564,338,3,2
564,339,3,2
564,340,3,2
564,341,3,2
564,342,3,2
564,343,3,2
564,344,3,2
564,345,3,2
564,346,3,2
564,347,3,2
564,348,3,2
564,349,3,2
564,350,3,2
564,351,3,2
564,352,3,2
564,353,3,2
564,354,3,2
564,355,3,2
564,356,3,2
564,357,3,2
564,358,3,2
564,359,3,2
564,360,3,2
564,361,3,2
564,362,3,2
564,363,3,2
564,364,3,2
564,365,3,2
564,366,3,2
564,367,3,2
564,368,3,2
564,369,3,2
564,370,3,2
564,371,3,2
564,372,3,2
564,373,3,2
564,374,3,2
564,375,3,2
564,376,3,2
564,377,3,2
564,378,3,2
564,379,3,2
564,380,3,2
564,381,3,2
564,382,3,2
564,383,3,2
564,384,3,2
564,385,3,2
564,386,3,2
564,387,3,2
564,388,3,2
564,389,3,2
564,390,3,2
564,391,3,2
564,392,3,2
564,393,3,2
564,394,3,2
564,395,3,2
564,396,3,2
564,397,3,2
564,398,3,2
564,399,3,2
564,400,3,2
564,401,3,2
564,402,3,2
564,403,3,2
564,404,3,2
564,405,3,2
564,406,3,2
564,407,3,2
564,408,3,2
564,409,3,2
564,410,3,2
564,411,3,2
564,412,3,2
564,413,3,2
564,414,3,2
564,415,3,2
564,416,3,2
564,417,3,2
564,418,3,2
564,419,3,2
564,420,3,2
564,421,3,2
564,422,3,2
564,423,3,2
564,424,3,2
564,425,3,2
564,426,3,2
564,427,3,2
564,428,3,2
564,429,3,2
564,430,3,2
564,431,3,2
564,432,3,2
564,433,3,2
564,434,3,2
564,435,3,2
564,436,3,2
564,437,3,2
564,438,3,2
564,439,3,2
564,440,3,2
564,441,3,2
564,442,3,2
564,443,3,2
564,444,3,2
564,445,3,2
564,446,3,2
564,447,3,2
564,448,3,2
564,449,3,2
564,450,3,2
564,451,3,2
564,452,3,2
564,453,3,2
564,454,3,2
564,455,3,3
564,456,3,3
564,457,3,3
564,458,3,3
564,459,3,3
564,460,3,3
564,461,3,3
564,462,3,3
564,463,3,3
564,464,3,3
564,465,3,3
564,466,3,3
564,467,3,3
564,468,3,3
564,469,3,3
564,470,3,3
564,471,3,3
564,472,3,3
564,473,3,3
564,474,3,2
564,475,3,2
564,476,3,2
564,477,3,2
564,478,3,2
564,479,3,2
564,480,3,2
564,481,3,2
564,482,3,2
564,483,3,2
564,484,3,2
564,485,3,2
564,486,3,2
564,487,3,2
564,488,3,2
564,489,3,2
564,490,3,2
564,491,3,2
564,492,3,2
564,493,3,2
564,494,3,2
564,495,3,2
564,496,3,2
564,497,3,2
564,498,3,2
564,499,3,2
564,500,3,2
564,501,3,2
564,502,3,2
564,503,3,2
564,504,3,2
564,505,3,2
564,506,3,3
564,507,3,3
564,508,3,3
564,509,3,3
564,510,3,3
564,511,3,3
564,512,3,3
564,513,3,2
564,514,3,2
564,515,3,2
564,516,3,2
564,517,3,2
564,518,3,2
564,519,3,2
564,520,3,2
564,521,3,2
564,522,3,2
564,523,3,2
564,524,3,2
564,525,3,2
564,526,3,2
564,527,3,2
564,528,3,2
564,529,3,2
564,530,3,2
564,531,3,2
564,532,3,2
564,533,3,2
564,534,3,2
564,535,3,2
564,536,3,2
564,537,3,2
564,538,3,2
564,539,3,2
564,540,3,2
564,541,3,2
564,542,3,2
564,543,3,2
564,544,3,2
564,545,3,2
564,546,3,2
564,547,3,2
564,548,3,2
564,549,3,2
564,550,3,2
564,551,3,2
564,552,3,2
564,553,3,2
564,554,3,2
564,555,3,2
564,556,3,2
564,557,3,2
564,558,3,2
564,559,3,2
564,560,3,2
564,561,3,2
564,562,3,2
564,563,3,2
564,564,3,2
564,565,3,2
564,566,3,2
564,567,3,2
564,568,3,2
564,569,3,2
564,570,3,2
564,571,3,2
564,572,3,2
564,573,3,2
564,574,3,2
564,575,3,2
564,576,3,2
564,577,3,2
564,578,3,2
564,579,3,2
564,580,3,2
564,581,3,2
564,582,3,2
564,583,3,2
564,584,3,2
564,585,3,2
564,586,3,2
564,587,3,2
564,588,3,2
564,589,3,2
564,590,3,2
564,591,3,2
564,592,3,2
564,593,3,2
564,594,3,2
564,595,3,2
564,596,3,2
564,597,3,2
564,598,3,2
564,599,3,2
564,600,3,2
564,601,3,2
564,602,3,2
564,603,3,2
564,604,3,2
564,605,3,2
564,606,3,2
564,607,3,2
564,608,3,2
564,609,3,2
564,610,3,2
564,611,3,2
564,612,3,2
564,613,3,2
564,614,3,2
564,615,3,2
564,616,3,2
564,617,3,2
564,618,3,2
564,619,3,2
564,620,3,2
564,621,3,2
564,622,3,2
564,623,3,2
564,624,3,2
564,625,3,2
564,626,3,2
564,627,3,2
564,628,3,2
564,629,3,2
564,630,3,2
564,631,3,2
564,632,3,2
564,633,3,2
564,634,3,2
564,635,3,2
564,636,3,2
564,637,3,2
564,638,3,2
564,639,3,2
565,84,3,2
565,85,3,2
565,86,3,2
565,87,3,2
565,88,3,2
565,89,3,2
565,90,3,2
565,91,3,2
565,92,3,2
565,93,3,2
565,94,3,2
565,95,3,2
565,96,3,2
565,97,3,2
565,98,3,2
565,99,3,2
565,100,3,2
565,101,3,2
565,102,3,2
565,103,3,2
565,104,3,2
565,105,3,2
565,106,3,2
565,107,3,2
565,108,3,2
565,109,3,2
565,110,3,2
565,111,3,2
565,112,3,2
565,113,3,2
565,114,3,2
565,115,3,2
565,116,3,2
565,117,3,2
565,118,3,2
565,119,3,2
565,120,3,2
565,121,3,2
565,122,3,2
565,123,3,2
565,124,3,2
565,125,3,2
565,126,3,2
565,127,3,2
565,128,3,2
565,129,3,2
565,130,3,2
565,131,3,2
565,132,3,2
565,133,3,2
565,134,3,2
565,135,3,2
565,136,3,2
565,137,3,2
565,138,3,2
565,139,3,2
565,140,3,2
565,141,3,2
565,142,3,2
565,143,3,2
565,144,3,2
565,145,3,2
565,146,3,2
565,147,3,2
565,148,3,2
565,149,3,2
565,150,3,2
565,151,3,2
565,152,3,2
565,153,3,2
565,154,3,2
565,155,3,2
565,156,3,2
565,157,3,2
565,158,3,2
565,159,3,2
565,160,3,2
565,161,3,2
565,162,3,2
565,163,3,2
565,164,3,2
565,165,3,2
565,166,3,2
565,167,3,2
565,168,3,2
565,169,3,2
565,170,3,2
565,171,3,2
565,172,3,2
565,173,3,2
565,174,3,2
565,175,3,2
565,176,3,2
565,177,3,2
565,178,3,2
565,179,3,2
565,180,3,2
565,181,3,2
565,182,3,2
565,183,3,2
565,184,3,2
565,185,3,2
565,186,3,2
565,187,3,2
565,188,3,2
565,189,3,2
565,190,3,2
565,191,3,2
565,192,3,2
565,193,3,2
565,194,3,2
565,195,3,2
565,196,3,2
565,197,3,2
565,198,3,2
565,199,3,2
565,200,3,2
565,201,3,2
565,202,3,2
565,203,3,2
565,204,3,2
565,205,3,2
565,206,3,2
565,207,3,2
565,208,3,2
565,209,3,2
565,210,3,2
565,211,3,2
565,212,3,2
565,213,3,2
565,214,3,2
565,215,3,2
565,216,3,2
565,217,3,2
565,218,3,2
565,219,3,2
565,220,3,2
565,221,3,2
565,222,3,2
565,223,3,2
565,224,3,2
565,225,3,2
565,226,3,2
565,227,3,2
565,228,3,2
565,229,3,2
565,230,3,2
565,231,3,2
565,232,3,2
565,233,3,2
565,234,3,2
565,235,3,2
565,236,3,2
565,237,3,2
565,238,3,2
565,239,3,2
565,240,3,2
565,241,3,2
565,242,3,2
565,243,3,2
565,244,3,2
565,245,3,2
565,246,3,2
565,247,3,2
565,248,3,2
565,249,3,2
565,250,3,2
565,251,3,2
565,252,3,2
565,253,3,2
565,254,3,2
565,255,3,2
565,256,3,2
565,257,3,2
565,258,3,2
565,259,3,2
565,260,3,2
565,261,3,2
565,262,3,2
565,263,3,2
565,264,3,2
565,265,3,2
565,266,3,2
565,267,3,2
565,268,3,2
565,269,3,2
565,270,3,2
565,271,3,2
565,272,3,2
565,273,3,2
565,274,3,2
565,275,3,2
565,276,3,2
565,277,3,2
565,278,3,2
565,279,3,2
565,280,3,2
565,281,3,2
565,282,3,2
565,283,3,2
565,284,3,2
565,285,3,2
565,286,3,2
565,287,3,2
565,288,3,2
565,289,3,2
565,290,3,2
565,291,3,2
565,292,3,2
565,293,3,2
565,294,3,2
565,295,3,2
565,296,3,2
565,297,3,2
565,298,3,2
565,299,3,2
565,300,3,2
565,301,3,2
565,302,3,2
565,303,3,2
565,304,3,2
565,305,3,2
565,306,3,2
565,307,3,2
565,308,3,2
565,309,3,2
565,310,3,2
565,311,3,2
565,312,3,2
565,313,3,2
565,314,3,2
565,315,3,2
565,316,3,2
565,317,3,2
565,318,3,2
565,319,3,2
565,320,3,2
565,321,3,2
565,322,3,2
565,323,3,2
565,324,3,2
565,325,3,2
565,326,3,2
565,327,3,2
565,328,3,2
565,329,3,2
565,330,3,2
565,331,3,2
565,332,3,2
565,333,3,2
565,334,3,2
565,335,3,2
565,336,3,2
565,337,3,2
565,338,3,2
565,339,3,2
565,340,3,2
565,341,3,2
565,342,3,2
565,343,3,2
565,344,3,2
565,345,3,2
565,346,3,2
565,347,3,2
565,348,3,2
565,349,3,2
565,350,3,2
565,351,3,2
565,352,3,2
565,353,3,2
565,354,3,2
565,355,3,2
565,356,3,2
565,357,3,2
565,358,3,2
565,359,3,2
565,360,3,2
565,361,3,2
565,362,3,2
565,363,3,2
565,364,3,2
565,365,3,2
565,366,3,2
565,367,3,2
565,368,3,2
565,369,3,2
565,370,3,2
565,371,3,2
565,372,3,2
565,373,3,2
565,374,3,2
565,375,3,2
565,376,3,2
565,377,3,2
565,378,3,2
565,379,3,2
565,380,3,2
565,381,3,2
565,382,3,2
565,383,3,2
565,384,3,2
565,385,3,2
565,386,3,2
565,387,3,2
565,388,3,2
565,389,3,2
565,390,3,2
565,391,3,2
565,392,3,2
565,393,3,2
565,394,3,2
565,395,3,2
565,396,3,2
565,397,3,2
565,398,3,2
565,399,3,2
565,400,3,2
565,401,3,2
565,402,3,2
565,403,3,2
565,404,3,2
565,405,3,2
565,406,3,2
565,407,3,2
565,408,3,2
565,409,3,2
565,410,3,2
565,411,3,2
565,412,3,2
565,413,3,2
565,414,3,2
565,415,3,2
565,416,3,2
565,417,3,2
565,418,3,2
565,419,3,2
565,420,3,2
565,421,3,2
565,422,3,2
565,423,3,2
565,424,3,2
565,425,3,2
565,426,3,2
565,427,3,2
565,428,3,2
565,429,3,2
565,430,3,2
565,431,3,2
565,432,3,2
565,433,3,2
565,434,3,2
565,435,3,2
565,436,3,2
565,437,3,2
565,438,3,2
565,439,3,2
565,440,3,2
565,441,3,2
565,442,3,2
565,443,3,2
565,444,3,2
565,445,3,2
565,446,3,2
565,447,3,2
565,448,3,2
565,449,3,2
565,450,3,2
565,451,3,2
565,452,3,2
565,453,3,2
565,454,3,3
565,455,3,3
565,456,3,3
565,457,3,3
565,458,3,3
565,459,3,3
565,460,3,3
565,461,3,3
565,462,3,3
565,463,3,3
565,464,3,3
565,465,3,3
565,466,3,3
565,467,3,3
565,468,3,3
565,469,3,3
565,470,3,3
565,471,3,3
565,472,3,3
565,473,3,3
565,474,3,2
565,475,3,2
565,476,3,2
565,477,3,2
565,478,3,2
565,479,3,2
565,480,3,2
565,481,3,2
565,482,3,2
565,483,3,2
565,484,3,2
565,485,3,2
565,486,3,2
565,487,3,2
565,488,3,2
565,489,3,2
565,490,3,2
565,491,3,2
565,492,3,2
565,493,3,2
565,494,3,2
565,495,3,2
565,496,3,2
565,497,3,2
565,498,3,2
565,499,3,2
565,500,3,2
565,501,3,2
565,502,3,2
565,503,3,2
565,504,3,2
565,505,3,2
565,506,3,3
565,507,3,3
565,508,3,3
565,509,3,3
565,510,3,3
565,511,3,3
565,512,3,3
565,513,3,3
565,514,3,2
565,515,3,2
565,516,3,2
565,517,3,2
565,518,3,2
565,519,3,2
565,520,3,2
565,521,3,2
565,522,3,2
565,523,3,2
565,524,3,2
565,525,3,2
565,526,3,2
565,527,3,2
565,528,3,2
565,529,3,2
565,530,3,2
565,531,3,2
565,532,3,2
565,533,3,2
565,534,3,2
565,535,3,2
565,536,3,2
565,537,3,2
565,538,3,2
565,539,3,2
565,540,3,2
565,541,3,2
565,542,3,2
565,543,3,2
565,544,3,2
565,545,3,2
565,546,3,2
565,547,3,2
565,548,3,2
565,549,3,2
565,550,3,2
565,551,3,2
565,552,3,2
565,553,3,2
565,554,3,2
565,555,3,2
565,556,3,2
565,557,3,2
565,558,3,2
565,559,3,2
565,560,3,2
565,561,3,2
565,562,3,2
565,563,3,2
565,564,3,2
565,565,3,2
565,566,3,2
565,567,3,2
565,568,3,2
565,569,3,2
565,570,3,2
565,571,3,2
565,572,3,2
565,573,3,2
565,574,3,2
565,575,3,2
565,576,3,2
565,577,3,2
565,578,3,2
565,579,3,2
565,580,3,2
565,581,3,2
565,582,3,2
565,583,3,2
565,584,3,2
565,585,3,2
565,586,3,2
565,587,3,2
565,588,3,2
565,589,3,2
565,590,3,2
565,591,3,2
565,592,3,2
565,593,3,2
565,594,3,2
565,595,3,2
565,596,3,2
565,597,3,2
565,598,3,2
565,599,3,2
565,600,3,2
565,601,3,2
565,602,3,2
565,603,3,2
565,604,3,2
565,605,3,2
565,606,3,2
565,607,3,2
565,608,3,2
565,609,3,2
565,610,3,2
565,611,3,2
565,612,3,2
565,613,3,2
565,614,3,2
565,615,3,2
565,616,3,2
565,617,3,2
565,618,3,2
565,619,3,2
565,620,3,2
565,621,3,2
565,622,3,2
565,623,3,2
565,624,3,2
565,625,3,2
565,626,3,2
565,627,3,2
565,628,3,2
565,629,3,2
565,630,3,2
565,631,3,2
565,632,3,2
565,633,3,2
565,634,3,2
566,85,3,2
566,86,3,2
566,87,3,2
566,88,3,2
566,89,3,2
566,90,3,2
566,91,3,2
566,92,3,2
566,93,3,2
566,94,3,2
566,95,3,2
566,96,3,2
566,97,3,2
566,98,3,2
566,99,3,2
566,100,3,2
566,101,3,2
566,102,3,2
566,103,3,2
566,104,3,2
566,105,3,2
566,106,3,2
566,107,3,2
566,108,3,2
566,109,3,2
566,110,3,2
566,111,3,2
566,112,3,2
566,113,3,2
566,114,3,2
566,115,3,2
566,116,3,2
566,117,3,2
566,118,3,2
566,119,3,2
566,120,3,2
566,121,3,2
566,122,3,2
566,123,3,2
566,124,3,2
566,125,3,2
566,126,3,2
566,127,3,2
566,128,3,2
566,129,3,2
566,130,3,2
566,131,3,2
566,132,3,2
566,133,3,2
566,134,3,2
566,135,3,2
566,136,3,2
566,137,3,2
566,138,3,2
566,139,3,2
566,140,3,2
566,141,3,2
566,142,3,2
566,143,3,2
566,144,3,2
566,145,3,2
566,146,3,2
566,147,3,2
566,148,3,2
566,149,3,2
566,150,3,2
566,151,3,2
566,152,3,2
566,153,3,2
566,154,3,2
566,155,3,2
566,156,3,2
566,157,3,2
566,158,3,2
566,159,3,2
566,160,3,2
566,161,3,2
566,162,3,2
566,163,3,2
566,164,3,2
566,165,3,2
566,166,3,2
566,167,3,2
566,168,3,2
566,169,3,2
566,170,3,2
566,171,3,2
566,172,3,2
566,173,3,2
566,174,3,2
566,175,3,2
566,176,3,2
566,177,3,2
566,178,3,2
566,179,3,2
566,180,3,2
566,181,3,2
566,182,3,2
566,183,3,2
566,184,3,2
566,185,3,2
566,186,3,2
566,187,3,2
566,188,3,2
566,189,3,2
566,190,3,2
566,191,3,2
566,192,3,2
566,193,3,2
566,194,3,2
566,195,3,2
566,196,3,2
566,197,3,2
566,198,3,2
566,199,3,2
566,200,3,2
566,201,3,2
566,202,3,2
566,203,3,2
566,204,3,2
566,205,3,2
566,206,3,2
566,207,3,2
566,208,3,2
566,209,3,2
566,210,3,2
566,211,3,2
566,212,3,2
566,213,3,2
566,214,3,2
566,215,3,2
566,216,3,2
566,217,3,2
566,218,3,2
566,219,3,2
566,220,3,2
566,221,3,2
566,222,3,2
566,223,3,2
566,224,3,2
566,225,3,2
566,226,3,2
566,227,3,2
566,228,3,2
566,229,3,2
566,230,3,2
566,231,3,2
566,232,3,2
566,233,3,2
566,234,3,2
566,235,3,2
566,236,3,2
566,237,3,2
566,238,3,2
566,239,3,2
566,240,3,2
566,241,3,2
566,242,3,2
566,243,3,2
566,244,3,2
566,245,3,2
566,246,3,2
566,247,3,2
566,248,3,2
566,249,3,2
566,250,3,2
566,251,3,2
566,252,3,2
566,253,3,2
566,254,3,2
566,255,3,2
566,256,3,2
566,257,3,2
566,258,3,2
566,259,3,2
566,260,3,2
566,261,3,2
566,262,3,2
566,263,3,2
566,264,3,2
566,265,3,2
566,266,3,2
566,267,3,2
566,268,3,2
566,269,3,2
566,270,3,2
566,271,3,2
566,272,3,2
566,273,3,2
566,274,3,2
566,275,3,2
566,276,3,2
566,277,3,2
566,278,3,2
566,279,3,2
566,280,3,2
566,281,3,2
566,282,3,2
566,283,3,2
566,284,3,2
566,285,3,2
566,286,3,2
566,287,3,2
566,288,3,2
566,289,3,2
566,290,3,2
566,291,3,2
566,292,3,2
566,293,3,2
566,294,3,2
566,295,3,2
566,296,3,2
566,297,3,2
566,298,3,2
566,299,3,2
566,300,3,2
566,301,3,2
566,302,3,2
566,303,3,2
566,304,3,2
566,305,3,2
566,306,3,2
566,307,3,2
566,308,3,2
566,309,3,2
566,310,3,2
566,311,3,2
566,312,3,2
566,313,3,2
566,314,3,2
566,315,3,2
566,316,3,2
566,317,3,2
566,318,3,2
566,319,3,2
566,320,3,2
566,321,3,2
566,322,3,2
566,323,3,2
566,324,3,2
566,325,3,2
566,326,3,2
566,327,3,2
566,328,3,2
566,329,3,2
566,330,3,2
566,331,3,2
566,332,3,2
566,333,3,2
566,334,3,2
566,335,3,2
566,336,3,2
566,337,3,2
566,338,3,2
566,339,3,2
566,340,3,2
566,341,3,2
566,342,3,2
566,343,3,2
566,344,3,2
566,345,3,2
566,346,3,2
566,347,3,2
566,348,3,2
566,349,3,2
566,350,3,2
566,351,3,2
566,352,3,2
566,353,3,2
566,354,3,2
566,355,3,2
566,356,3,2
566,357,3,2
566,358,3,2
566,359,3,2
566,360,3,2
566,361,3,2
566,362,3,2
566,363,3,2
566,364,3,2
566,365,3,2
566,366,3,2
566,367,3,2
566,368,3,2
566,369,3,2
566,370,3,2
566,371,3,2
566,372,3,2
566,373,3,2
566,374,3,2
566,375,3,2
566,376,3,2
566,377,3,2
566,378,3,2
566,379,3,2
566,380,3,2
566,381,3,2
566,382,3,2
566,383,3,2
566,384,3,2
566,385,3,2
566,386,3,2
566,387,3,2
566,388,3,2
566,389,3,2
566,390,3,2
566,391,3,2
566,392,3,2
566,393,3,2
566,394,3,2
566,395,3,2
566,396,3,2
566,397,3,2
566,398,3,2
566,399,3,2
566,400,3,2
566,401,3,2
566,402,3,2
566,403,3,2
566,404,3,2
566,405,3,2
566,406,3,2
566,407,3,2
566,408,3,2
566,409,3,2
566,410,3,2
566,411,3,2
566,412,3,2
566,413,3,2
566,414,3,2
566,415,3,2
566,416,3,2
566,417,3,2
566,418,3,2
566,419,3,2
566,420,3,2
566,421,3,2
566,422,3,2
566,423,3,2
566,424,3,2
566,425,3,2
566,426,3,2
566,427,3,2
566,428,3,2
566,429,3,2
566,430,3,2
566,431,3,2
566,432,3,2
566,433,3,2
566,434,3,2
566,435,3,2
566,436,3,2
566,437,3,2
566,438,3,2
566,439,3,2
566,440,3,2
566,441,3,2
566,442,3,2
566,443,3,2
566,444,3,2
566,445,3,2
566,446,3,2
566,447,3,2
566,448,3,2
566,449,3,2
566,450,3,2
566,451,3,2
566,452,3,2
566,453,3,3
566,454,3,3
566,455,3,3
566,456,3,3
566,457,3,3
566,458,3,3
566,459,3,3
566,460,3,3
566,461,3,3
566,462,3,3
566,463,3,3
566,464,3,3
566,465,3,3
566,466,3,3
566,467,3,3
566,468,3,3
566,469,3,3
566,470,3,3
566,471,3,3
566,472,3,3
566,473,3,3
566,474,3,2
566,475,3,2
566,476,3,2
566,477,3,2
566,478,3,2
566,479,3,2
566,480,3,2
566,481,3,2
566,482,3,2
566,483,3,2
566,484,3,2
566,485,3,2
566,486,3,2
566,487,3,2
566,488,3,2
566,489,3,2
566,490,3,2
566,491,3,2
566,492,3,2
566,493,3,2
566,494,3,2
566,495,3,2
566,496,3,2
566,497,3,2
566,498,3,2
566,499,3,2
566,500,3,2
566,501,3,2
566,502,3,2
566,503,3,2
566,504,3,2
566,505,3,2
566,506,3,3
566,507,3,3
566,508,3,3
566,509,3,3
566,510,3,3
566,511,3,3
566,512,3,3
566,513,3,3
566,514,3,2
566,515,3,2
566,516,3,2
566,517,3,2
566,518,3,2
566,519,3,2
566,520,3,2
566,521,3,2
566,522,3,2
566,523,3,2
566,524,3,2
566,525,3,2
566,526,3,2
566,527,3,2
566,528,3,2
566,529,3,2
566,530,3,2
566,531,3,2
566,532,3,2
566,533,3,2
566,534,3,2
566,535,3,2
566,536,3,2
566,537,3,3
566,538,3,3
566,539,3,3
566,540,3,2
566,541,3,2
566,542,3,2
566,543,3,2
566,544,3,2
566,545,3,2
566,546,3,2
566,547,3,2
566,548,3,2
566,549,3,2
566,550,3,2
566,551,3,2
566,552,3,2
566,553,3,2
566,554,3,2
566,555,3,2
566,556,3,2
566,557,3,2
566,558,3,2
566,559,3,2
566,560,3,2
566,561,3,2
566,562,3,2
566,563,3,2
566,564,3,2
566,565,3,2
566,566,3,2
566,567,3,2
566,568,3,2
566,569,3,2
566,570,3,2
566,571,3,2
566,572,3,2
566,573,3,2
566,574,3,2
566,575,3,2
566,576,3,2
566,577,3,2
566,578,3,2
566,579,3,2
566,580,3,2
566,581,3,2
566,582,3,2
566,583,3,2
566,584,3,2
566,585,3,2
566,586,3,2
566,587,3,2
566,588,3,2
566,589,3,2
566,590,3,2
566,591,3,2
566,592,3,2
566,593,3,2
566,594,3,2
566,595,3,2
566,596,3,2
566,597,3,2
566,598,3,2
566,599,3,2
566,600,3,2
566,601,3,2
566,602,3,2
566,603,3,2
566,604,3,2
566,605,3,2
566,606,3,2
566,607,3,2
566,608,3,2
566,609,3,2
566,610,3,2
566,611,3,2
566,612,3,2
566,613,3,2
566,614,3,2
566,615,3,2
566,616,3,2
566,617,3,2
566,618,3,2
566,619,3,2
566,620,3,2
566,621,3,2
566,622,3,2
566,623,3,2
566,624,3,2
566,625,3,2
566,626,3,2
566,627,3,2
566,628,3,2
566,629,3,2
566,630,3,2
566,631,3,2
566,632,3,2
566,633,3,2
566,634,3,2
567,85,3,2
567,86,3,2
567,87,3,2
567,88,3,2
567,89,3,2
567,90,3,2
567,91,3,2
567,92,3,2
567,93,3,2
567,94,3,2
567,95,3,2
567,96,3,2
567,97,3,2
567,98,3,2
567,99,3,2
567,100,3,2
567,101,3,2
567,102,3,2
567,103,3,2
567,104,3,2
567,105,3,2
567,106,3,2
567,107,3,2
567,108,3,2
567,109,3,2
567,110,3,2
567,111,3,2
567,112,3,2
567,113,3,2
567,114,3,2
567,115,3,2
567,116,3,2
567,117,3,2
567,118,3,2
567,119,3,2
567,120,3,2
567,121,3,2
567,122,3,2
567,123,3,2
567,124,3,2
567,125,3,2
567,126,3,2
567,127,3,2
567,128,3,2
567,129,3,2
567,130,3,2
567,131,3,2
567,132,3,2
567,133,3,2
567,134,3,2
567,135,3,2
567,136,3,2
567,137,3,2
567,138,3,2
567,139,3,2
567,140,3,2
567,141,3,2
567,142,3,2
567,143,3,2
567,144,3,2
567,145,3,2
567,146,3,2
567,147,3,2
567,148,3,2
567,149,3,2
567,150,3,2
567,151,3,2
567,152,3,2
567,153,3,2
567,154,3,2
567,155,3,2
567,156,3,2
567,157,3,2
567,158,3,2
567,159,3,2
567,160,3,2
567,161,3,2
567,162,3,2
567,163,3,2
567,164,3,2
567,165,3,2
567,166,3,2
567,167,3,2
567,168,3,2
567,169,3,2
567,170,3,2
567,171,3,2
567,172,3,2
567,173,3,2
567,174,3,2
567,175,3,2
567,176,3,2
567,177,3,2
567,178,3,2
567,179,3,2
567,180,3,2
567,181,3,2
567,182,3,2
567,183,3,2
567,184,3,2
567,185,3,2
567,186,3,2
567,187,3,2
567,188,3,2
567,189,3,2
567,190,3,2
567,191,3,2
567,192,3,2
567,193,3,2
567,194,3,2
567,195,3,2
567,196,3,2
567,197,3,2
567,198,3,2
567,199,3,2
567,200,3,2
567,201,3,2
567,202,3,2
567,203,3,2
567,204,3,2
567,205,3,2
567,206,3,2
567,207,3,2
567,208,3,2
567,209,3,2
567,210,3,2
567,211,3,2
567,212,3,2
567,213,3,2
567,214,3,2
567,215,3,2
567,216,3,2
567,217,3,2
567,218,3,2
567,219,3,2
567,220,3,2
567,221,3,2
567,222,3,2
567,223,3,2
567,224,3,2
567,225,3,2
567,226,3,2
567,227,3,2
567,228,3,2
567,229,3,2
567,230,3,2
567,231,3,2
567,232,3,2
567,233,3,2
567,234,3,2
567,235,3,2
567,236,3,2
567,237,3,2
567,238,3,2
567,239,3,2
567,240,3,2
567,241,3,2
567,242,3,2
567,243,3,2
567,244,3,2
567,245,3,2
567,246,3,2
567,247,3,2
567,248,3,2
567,249,3,2
567,250,3,2
567,251,3,2
567,252,3,2
567,253,3,2
567,254,3,2
567,255,3,2
567,256,3,2
567,257,3,2
567,258,3,2
567,259,3,2
567,260,3,2
567,261,3,2
567,262,3,2
567,263,3,2
567,264,3,2
567,265,3,2
567,266,3,2
567,267,3,2
567,268,3,2
567,269,3,2
567,270,3,2
567,271,3,2
567,272,3,2
567,273,3,2
567,274,3,2
567,275,3,2
567,276,3,2
567,277,3,2
567,278,3,2
567,279,3,2
567,280,3,2
567,281,3,2
567,282,3,2
567,283,3,2
567,284,3,2
567,285,3,2
567,286,3,2
567,287,3,2
567,288,3,2
567,289,3,2
567,290,3,2
567,291,3,2
567,292,3,2
567,293,3,2
567,294,3,2
567,295,3,2
567,296,3,2
567,297,3,2
567,298,3,2
567,299,3,2
567,300,3,2
567,301,3,2
567,302,3,2
567,303,3,2
567,304,3,2
567,305,3,2
567,306,3,2
567,307,3,2
567,308,3,2
567,309,3,2
567,310,3,2
567,311,3,2
567,312,3,2
567,313,3,2
567,314,3,2
567,315,3,2
567,316,3,2
567,317,3,2
567,318,3,2
567,319,3,2
567,320,3,2
567,321,3,2
567,322,3,2
567,323,3,2
567,324,3,2
567,325,3,2
567,326,3,2
567,327,3,2
567,328,3,2
567,329,3,2
567,330,3,2
567,331,3,2
567,332,3,2
567,333,3,2
567,334,3,2
567,335,3,2
567,336,3,2
567,337,3,2
567,338,3,2
567,339,3,2
567,340,3,2
567,341,3,2
567,342,3,2
567,343,3,2
567,344,3,2
567,345,3,2
567,346,3,2
567,347,3,2
567,348,3,2
567,349,3,2
567,350,3,2
567,351,3,2
567,352,3,2
567,353,3,2
567,354,3,2
567,355,3,2
567,356,3,2
567,357,3,2
567,358,3,2
567,359,3,2
567,360,3,2
567,361,3,2
567,362,3,2
567,363,3,2
567,364,3,2
567,365,3,2
567,366,3,2
567,367,3,2
567,368,3,2
567,369,3,2
567,370,3,2
567,371,3,2
567,372,3,2
567,373,3,2
567,374,3,2
567,375,3,2
567,376,3,2
567,377,3,2
567,378,3,2
567,379,3,2
567,380,3,2
567,381,3,2
567,382,3,2
567,383,3,2
567,384,3,2
567,385,3,2
567,386,3,2
567,387,3,2
567,388,3,2
567,389,3,2
567,390,3,2
567,391,3,2
567,392,3,2
567,393,3,2
567,394,3,2
567,395,3,2
567,396,3,2
567,397,3,2
567,398,3,2
567,399,3,2
567,400,3,2
567,401,3,2
567,402,3,2
567,403,3,2
567,404,3,2
567,405,3,2
567,406,3,2
567,407,3,2
567,408,3,2
567,409,3,2
567,410,3,2
567,411,3,2
567,412,3,2
567,413,3,2
567,414,3,2
567,415,3,2
567,416,3,2
567,417,3,2
567,418,3,2
567,419,3,2
567,420,3,2
567,421,3,2
567,422,3,2
567,423,3,2
567,424,3,2
567,425,3,2
567,426,3,2
567,427,3,2
567,428,3,2
567,429,3,2
567,430,3,2
567,431,3,2
567,432,3,2
567,433,3,2
567,434,3,2
567,435,3,2
567,436,3,2
567,437,3,2
567,438,3,2
567,439,3,2
567,440,3,2
567,441,3,2
567,442,3,2
567,443,3,2
567,444,3,2
567,445,3,2
567,446,3,2
567,447,3,2
567,448,3,2
567,449,3,2
567,450,3,2
567,451,3,2
567,452,3,3
567,453,3,3
567,454,3,3
567,455,3,3
567,456,3,3
567,457,3,3
567,458,3,3
567,459,3,3
567,460,3,3
567,461,3,3
567,462,3,3
567,463,3,3
567,464,3,3
567,465,3,3
567,466,3,3
567,467,3,3
567,468,3,3
567,469,3,3
567,470,3,3
567,471,3,3
567,472,3,3
567,473,3,3
567,474,3,3
567,475,3,2
567,476,3,2
567,477,3,2
567,478,3,2
567,479,3,2
567,480,3,2
567,481,3,2
567,482,3,2
567,483,3,2
567,484,3,2
567,485,3,2
567,486,3,2
567,487,3,2
567,488,3,2
567,489,3,2
567,490,3,2
567,491,3,2
567,492,3,2
567,493,3,2
567,494,3,2
567,495,3,2
567,496,3,2
567,497,3,2
567,498,3,2
567,499,3,2
567,500,3,2
567,501,3,2
567,502,3,2
567,503,3,2
567,504,3,2
567,505,3,2
567,506,3,3
567,507,3,3
567,508,3,3
567,509,3,3
567,510,3,3
567,511,3,3
567,512,3,3
567,513,3,3
567,514,3,2
567,515,3,2
567,516,3,2
567,517,3,2
567,518,3,2
567,519,3,2
567,520,3,2
567,521,3,2
567,522,3,2
567,523,3,2
567,524,3,2
567,525,3,2
567,526,3,2
567,527,3,2
567,528,3,2
567,529,3,2
567,530,3,2
567,531,3,2
567,532,3,2
567,533,3,2
567,534,3,2
567,535,3,2
567,536,3,3
567,537,3,3
567,538,3,3
567,539,3,3
567,540,3,3
567,541,3,3
567,542,3,3
567,543,3,3
567,544,3,2
567,545,3,2
567,546,3,2
567,547,3,2
567,548,3,2
567,549,3,2
567,550,3,2
567,551,3,2
567,552,3,2
567,553,3,2
567,554,3,2
567,555,3,2
567,556,3,2
567,557,3,2
567,558,3,2
567,559,3,2
567,560,3,2
567,561,3,2
567,562,3,2
567,563,3,2
567,564,3,2
567,565,3,2
567,566,3,2
567,567,3,2
567,568,3,2
567,569,3,2
567,570,3,2
567,571,3,2
567,572,3,2
567,573,3,2
567,574,3,2
567,575,3,2
567,576,3,2
567,577,3,2
567,578,3,2
567,579,3,2
567,580,3,2
567,581,3,2
567,582,3,2
567,583,3,2
567,584,3,2
567,585,3,2
567,586,3,2
567,587,3,2
567,588,3,2
567,589,3,2
567,590,3,2
567,591,3,2
567,592,3,2
567,593,3,2
567,594,3,2
567,595,3,2
567,596,3,2
567,597,3,2
567,598,3,2
567,599,3,2
567,600,3,2
567,601,3,2
567,602,3,2
567,603,3,2
567,604,3,2
567,605,3,2
567,606,3,2
567,607,3,2
567,608,3,2
567,609,3,2
567,610,3,2
567,611,3,2
567,612,3,2
567,613,3,2
567,614,3,2
567,615,3,2
567,616,3,2
567,617,3,2
567,618,3,2
567,619,3,2
567,620,3,2
567,621,3,2
567,622,3,2
567,623,3,2
567,624,3,2
567,625,3,2
567,626,3,2
567,627,3,2
567,628,3,2
567,629,3,2
567,630,3,2
567,631,3,2
567,632,3,2
567,633,3,2
568,85,3,2
568,86,3,2
568,87,3,2
568,88,3,2
568,89,3,2
568,90,3,2
568,91,3,2
568,92,3,2
568,93,3,2
568,94,3,2
568,95,3,2
568,96,3,2
568,97,3,2
568,98,3,2
568,99,3,2
568,100,3,2
568,101,3,2
568,102,3,2
568,103,3,2
568,104,3,2
568,105,3,2
568,106,3,2
568,107,3,2
568,108,3,2
568,109,3,2
568,110,3,2
568,111,3,2
568,112,3,2
568,113,3,2
568,114,3,2
568,115,3,2
568,116,3,2
568,117,3,2
568,118,3,2
568,119,3,2
568,120,3,2
568,121,3,2
568,122,3,2
568,123,3,2
568,124,3,2
568,125,3,2
568,126,3,2
568,127,3,2
568,128,3,2
568,129,3,2
568,130,3,2
568,131,3,2
568,132,3,2
568,133,3,2
568,134,3,2
568,135,3,2
568,136,3,2
568,137,3,2
568,138,3,2
568,139,3,2
568,140,3,2
568,141,3,2
568,142,3,2
568,143,3,2
568,144,3,2
568,145,3,2
568,146,3,2
568,147,3,2
568,148,3,2
568,149,3,2
568,150,3,2
568,151,3,2
568,152,3,2
568,153,3,2
568,154,3,2
568,155,3,2
568,156,3,2
568,157,3,2
568,158,3,2
568,159,3,2
568,160,3,2
568,161,3,2
568,162,3,2
568,163,3,2
568,164,3,2
568,165,3,2
568,166,3,2
568,167,3,2
568,168,3,2
568,169,3,2
568,170,3,2
568,171,3,2
568,172,3,2
568,173,3,2
568,174,3,2
568,175,3,2
568,176,3,2
568,177,3,2
568,178,3,2
568,179,3,2
568,180,3,2
568,181,3,2
568,182,3,2
568,183,3,2
568,184,3,2
568,185,3,2
568,186,3,2
568,187,3,2
568,188,3,2
568,189,3,2
568,190,3,2
568,191,3,2
568,192,3,2
568,193,3,2
568,194,3,2
568,195,3,2
568,196,3,2
568,197,3,2
568,198,3,2
568,199,3,2
568,200,3,2
568,201,3,2
568,202,3,2
568,203,3,2
568,204,3,2
568,205,3,2
568,206,3,2
568,207,3,2
568,208,3,2
568,209,3,2
568,210,3,2
568,211,3,2
568,212,3,2
568,213,3,2
568,214,3,2
568,215,3,2
568,216,3,2
568,217,3,2
568,218,3,2
568,219,3,2
568,220,3,2
568,221,3,2
568,222,3,2
568,223,3,2
568,224,3,2
568,225,3,2
568,226,3,2
568,227,3,2
568,228,3,2
568,229,3,2
568,230,3,2
568,231,3,2
568,232,3,2
568,233,3,2
568,234,3,2
568,235,3,2
568,236,3,2
568,237,3,2
568,238,3,2
568,239,3,2
568,240,3,2
568,241,3,2
568,242,3,2
568,243,3,2
568,244,3,2
568,245,3,2
568,246,3,2
568,247,3,2
568,248,3,2
568,249,3,2
568,250,3,2
568,251,3,2
568,252,3,2
568,253,3,2
568,254,3,2
568,255,3,2
568,256,3,2
568,257,3,2
568,258,3,2
568,259,3,2
568,260,3,2
568,261,3,2
568,262,3,2
568,263,3,2
568,264,3,2
568,265,3,2
568,266,3,2
568,267,3,2
568,268,3,2
568,269,3,2
568,270,3,2
568,271,3,2
568,272,3,2
568,273,3,2
568,274,3,2
568,275,3,2
568,276,3,2
568,277,3,2
568,278,3,2
568,279,3,2
568,280,3,2
568,281,3,2
568,282,3,2
568,283,3,2
568,284,3,2
568,285,3,2
568,286,3,2
568,287,3,2
568,288,3,2
568,289,3,2
568,290,3,2
568,291,3,2
568,292,3,2
568,293,3,2
568,294,3,2
568,295,3,2
568,296,3,2
568,297,3,2
568,298,3,2
568,299,3,2
568,300,3,2
568,301,3,2
568,302,3,2
568,303,3,2
568,304,3,2
568,305,3,2
568,306,3,2
568,307,3,2
568,308,3,2
568,309,3,2
568,310,3,2
568,311,3,2
568,312,3,2
568,313,3,2
568,314,3,2
568,315,3,2
568,316,3,2
568,317,3,2
568,318,3,2
568,319,3,2
568,320,3,2
568,321,3,2
568,322,3,2
568,323,3,2
568,324,3,2
568,325,3,2
568,326,3,2
568,327,3,2
568,328,3,2
568,329,3,2
568,330,3,2
568,331,3,2
568,332,3,2
568,333,3,2
568,334,3,2
568,335,3,2
568,336,3,2
568,337,3,2
568,338,3,2
568,339,3,2
568,340,3,2
568,341,3,2
568,342,3,2
568,343,3,2
568,344,3,2
568,345,3,2
568,346,3,2
568,347,3,2
568,348,3,2
568,349,3,2
568,350,3,2
568,351,3,2
568,352,3,2
568,353,3,2
568,354,3,2
568,355,3,2
568,356,3,2
568,357,3,2
568,358,3,2
568,359,3,2
568,360,3,2
568,361,3,2
568,362,3,2
568,363,3,2
568,364,3,2
568,365,3,2
568,366,3,2
568,367,3,2
568,368,3,2
568,369,3,2
568,370,3,2
568,371,3,2
568,372,3,2
568,373,3,2
568,374,3,2
568,375,3,2
568,376,3,2
568,377,3,2
568,378,3,2
568,379,3,2
568,380,3,2
568,381,3,2
568,382,3,2
568,383,3,2
568,384,3,2
568,385,3,2
568,386,3,2
568,387,3,2
568,388,3,2
568,389,3,2
568,390,3,2
568,391,3,2
568,392,3,2
568,393,3,2
568,394,3,2
568,395,3,2
568,396,3,2
568,397,3,2
568,398,3,2
568,399,3,2
568,400,3,2
568,401,3,2
568,402,3,2
568,403,3,2
568,404,3,2
568,405,3,2
568,406,3,2
568,407,3,2
568,408,3,2
568,409,3,2
568,410,3,2
568,411,3,2
568,412,3,2
568,413,3,2
568,414,3,2
568,415,3,2
568,416,3,2
568,417,3,2
568,418,3,2
568,419,3,2
568,420,3,2
568,421,3,2
568,422,3,2
568,423,3,2
568,424,3,2
568,425,3,2
568,426,3,2
568,427,3,2
568,428,3,2
568,429,3,2
568,430,3,2
568,431,3,2
568,432,3,2
568,433,3,2
568,434,3,2
568,435,3,2
568,436,3,2
568,437,3,2
568,438,3,2
568,439,3,2
568,440,3,2
568,441,3,2
568,442,3,2
568,443,3,2
568,444,3,2
568,445,3,2
568,446,3,2
568,447,3,2
568,448,3,2
568,449,3,2
568,450,3,2
568,451,3,2
568,452,3,3
568,453,3,3
568,454,3,3
568,455,3,3
568,456,3,3
568,457,3,3
568,458,3,3
568,459,3,3
568,460,3,3
568,461,3,3
568,462,3,3
568,463,3,3
568,464,3,3
568,465,3,3
568,466,3,3
568,467,3,3
568,468,3,3
568,469,3,3
568,470,3,3
568,471,3,3
568,472,3,3
568,473,3,3
568,474,3,3
568,475,3,2
568,476,3,2
568,477,3,2
568,478,3,2
568,479,3,2
568,480,3,2
568,481,3,2
568,482,3,2
568,483,3,2
568,484,3,2
568,485,3,2
568,486,3,2
568,487,3,2
568,488,3,2
568,489,3,2
568,490,3,2
568,491,3,2
568,492,3,2
568,493,3,2
568,494,3,2
568,495,3,2
568,496,3,2
568,497,3,2
568,498,3,2
568,499,3,2
568,500,3,2
568,501,3,2
568,502,3,2
568,503,3,2
568,504,3,2
568,505,3,3
568,506,3,3
568,507,3,3
568,508,3,3
568,509,3,3
568,510,3,3
568,511,3,3
568,512,3,3
568,513,3,3
568,514,3,3
568,515,3,2
568,516,3,2
568,517,3,2
568,518,3,2
568,519,3,2
568,520,3,2
568,521,3,2
568,522,3,2
568,523,3,2
568,524,3,2
568,525,3,2
568,526,3,2
568,527,3,2
568,528,3,2
568,529,3,2
568,530,3,2
568,531,3,2
568,532,3,2
568,533,3,2
568,534,3,2
568,535,3,3
568,536,3,3
568,537,3,3
568,538,3,3
568,539,3,3
568,540,3,3
568,541,3,3
568,542,3,3
568,543,3,3
568,544,3,2
568,545,3,2
568,546,3,2
568,547,3,2
568,548,3,2
568,549,3,2
568,550,3,2
568,551,3,2
568,552,3,2
568,553,3,2
568,554,3,2
568,555,3,2
568,556,3,2
568,557,3,2
568,558,3,2
568,559,3,2
568,560,3,2
568,561,3,2
568,562,3,2
568,563,3,2
568,564,3,2
568,565,3,2
568,566,3,2
568,567,3,2
568,568,3,2
568,569,3,2
568,570,3,2
568,571,3,2
568,572,3,2
568,573,3,2
568,574,3,2
568,575,3,2
568,576,3,2
568,577,3,2
568,578,3,2
568,579,3,2
568,580,3,2
568,581,3,2
568,582,3,2
568,583,3,2
568,584,3,2
568,585,3,2
568,586,3,2
568,587,3,2
568,588,3,2
568,589,3,2
568,590,3,2
568,591,3,2
568,592,3,2
568,593,3,2
568,594,3,2
568,595,3,2
568,596,3,2
568,597,3,2
568,598,3,2
568,599,3,2
568,600,3,2
568,601,3,2
568,602,3,2
568,603,3,2
568,604,3,2
568,605,3,2
568,606,3,2
568,607,3,2
568,608,3,2
568,609,3,2
568,610,3,2
568,611,3,2
568,612,3,2
568,613,3,2
568,614,3,2
568,615,3,2
568,616,3,2
568,617,3,2
568,618,3,2
568,619,3,2
568,620,3,2
568,621,3,2
568,622,3,2
568,623,3,2
568,624,3,2
568,625,3,2
568,626,3,2
568,627,3,2
568,628,3,2
568,629,3,2
568,630,3,2
568,631,3,2
568,632,3,2
569,86,3,2
569,87,3,2
569,88,3,2
569,89,3,2
569,90,3,2
569,91,3,2
569,92,3,2
569,93,3,2
569,94,3,2
569,95,3,2
569,96,3,2
569,97,3,2
569,98,3,2
569,99,3,2
569,100,3,2
569,101,3,2
569,102,3,2
569,103,3,2
569,104,3,2
569,105,3,2
569,106,3,2
569,107,3,2
569,108,3,2
569,109,3,2
569,110,3,2
569,111,3,2
569,112,3,2
569,113,3,2
569,114,3,2
569,115,3,2
569,116,3,2
569,117,3,2
569,118,3,2
569,119,3,2
569,120,3,2
569,121,3,2
569,122,3,2
569,123,3,2
569,124,3,2
569,125,3,2
569,126,3,2
569,127,3,2
569,128,3,2
569,129,3,2
569,130,3,2
569,131,3,2
569,132,3,2
569,133,3,2
569,134,3,2
569,135,3,2
569,136,3,2
569,137,3,2
569,138,3,2
569,139,3,2
569,140,3,2
569,141,3,2
569,142,3,2
569,143,3,2
569,144,3,2
569,145,3,2
569,146,3,2
569,147,3,2
569,148,3,2
569,149,3,2
569,150,3,2
569,151,3,2
569,152,3,2
569,153,3,2
569,154,3,2
569,155,3,2
569,156,3,2
569,157,3,2
569,158,3,2
569,159,3,2
569,160,3,2
569,161,3,2
569,162,3,2
569,163,3,2
569,164,3,2
569,165,3,2
569,166,3,2
569,167,3,2
569,168,3,2
569,169,3,2
569,170,3,2
569,171,3,2
569,172,3,2
569,173,3,2
569,174,3,2
569,175,3,2
569,176,3,2
569,177,3,2
569,178,3,2
569,179,3,2
569,180,3,2
569,181,3,2
569,182,3,2
569,183,3,2
569,184,3,2
569,185,3,2
569,186,3,2
569,187,3,2
569,188,3,2
569,189,3,2
569,190,3,2
569,191,3,2
569,192,3,2
569,193,3,2
569,194,3,2
569,195,3,2
569,196,3,2
569,197,3,2
569,198,3,2
569,199,3,2
569,200,3,2
569,201,3,2
569,202,3,2
569,203,3,2
569,204,3,2
569,205,3,2
569,206,3,2
569,207,3,2
569,208,3,2
569,209,3,2
569,210,3,2
569,211,3,2
569,212,3,2
569,213,3,2
569,214,3,2
569,215,3,2
569,216,3,2
569,217,3,2
569,218,3,2
569,219,3,2
569,220,3,2
569,221,3,2
569,222,3,2
569,223,3,2
569,224,3,2
569,225,3,2
569,226,3,2
569,227,3,2
569,228,3,2
569,229,3,2
569,230,3,2
569,231,3,2
569,232,3,2
569,233,3,2
569,234,3,2
569,235,3,2
569,236,3,2
569,237,3,2
569,238,3,2
569,239,3,2
569,240,3,2
569,241,3,2
569,242,3,2
569,243,3,2
569,244,3,2
569,245,3,2
569,246,3,2
569,247,3,2
569,248,3,2
569,249,3,2
569,250,3,2
569,251,3,2
569,252,3,2
569,253,3,2
569,254,3,2
569,255,3,2
569,256,3,2
569,257,3,2
569,258,3,2
569,259,3,2
569,260,3,2
569,261,3,2
569,262,3,2
569,263,3,2
569,264,3,2
569,265,3,2
569,266,3,2
569,267,3,2
569,268,3,2
569,269,3,2
569,270,3,2
569,271,3,2
569,272,3,2
569,273,3,2
569,274,3,2
569,275,3,2
569,276,3,2
569,277,3,2
569,278,3,2
569,279,3,2
569,280,3,2
569,281,3,2
569,282,3,2
569,283,3,2
569,284,3,2
569,285,3,2
569,286,3,2
569,287,3,2
569,288,3,2
569,289,3,2
569,290,3,2
569,291,3,2
569,292,3,2
569,293,3,2
569,294,3,2
569,295,3,2
569,296,3,2
569,297,3,2
569,298,3,2
569,299,3,2
569,300,3,2
569,301,3,2
569,302,3,2
569,303,3,2
569,304,3,2
569,305,3,2
569,306,3,2
569,307,3,2
569,308,3,2
569,309,3,2
569,310,3,2
569,311,3,2
569,312,3,2
569,313,3,2
569,314,3,2
569,315,3,2
569,316,3,2
569,317,3,2
569,318,3,2
569,319,3,2
569,320,3,2
569,321,3,2
569,322,3,2
569,323,3,2
569,324,3,2
569,325,3,2
569,326,3,2
569,327,3,2
569,328,3,2
569,329,3,2
569,330,3,2
569,331,3,2
569,332,3,2
569,333,3,2
569,334,3,2
569,335,3,2
569,336,3,2
569,337,3,2
569,338,3,2
569,339,3,2
569,340,3,2
569,341,3,2
569,342,3,2
569,343,3,2
569,344,3,2
569,345,3,2
569,346,3,2
569,347,3,2
569,348,3,2
569,349,3,2
569,350,3,2
569,351,3,2
569,352,3,2
569,353,3,2
569,354,3,2
569,355,3,2
569,356,3,2
569,357,3,2
569,358,3,2
569,359,3,2
569,360,3,2
569,361,3,2
569,362,3,2
569,363,3,2
569,364,3,2
569,365,3,2
569,366,3,2
569,367,3,2
569,368,3,2
569,369,3,2
569,370,3,2
569,371,3,2
569,372,3,2
569,373,3,2
569,374,3,2
569,375,3,2
569,376,3,2
569,377,3,2
569,378,3,2
569,379,3,2
569,380,3,2
569,381,3,2
569,382,3,2
569,383,3,2
569,384,3,2
569,385,3,2
569,386,3,2
569,387,3,2
569,388,3,2
569,389,3,2
569,390,3,2
569,391,3,2
569,392,3,2
569,393,3,2
569,394,3,2
569,395,3,2
569,396,3,2
569,397,3,2
569,398,3,2
569,399,3,2
569,400,3,2
569,401,3,2
569,402,3,2
569,403,3,2
569,404,3,2
569,405,3,2
569,406,3,2
569,407,3,2
569,408,3,2
569,409,3,2
569,410,3,2
569,411,3,2
569,412,3,2
569,413,3,2
569,414,3,2
569,415,3,2
569,416,3,2
569,417,3,2
569,418,3,2
569,419,3,2
569,420,3,2
569,421,3,2
569,422,3,2
569,423,3,2
569,424,3,2
569,425,3,2
569,426,3,2
569,427,3,2
569,428,3,2
569,429,3,2
569,430,3,2
569,431,3,2
569,432,3,2
569,433,3,2
569,434,3,2
569,435,3,2
569,436,3,2
569,437,3,2
569,438,3,2
569,439,3,2
569,440,3,2
569,441,3,2
569,442,3,2
569,443,3,2
569,444,3,2
569,445,3,2
569,446,3,2
569,447,3,2
569,448,3,2
569,449,3,2
569,450,3,2
569,451,3,3
569,452,3,3
569,453,3,3
569,454,3,3
569,455,3,3
569,456,3,3
569,457,3,3
569,458,3,3
569,459,3,3
569,460,3,3
569,461,3,3
569,462,3,3
569,463,3,3
569,464,3,3
569,465,3,3
569,466,3,3
569,467,3,3
569,468,3,3
569,469,3,3
569,470,3,3
569,471,3,3
569,472,3,3
569,473,3,3
569,474,3,3
569,475,3,2
569,476,3,2
569,477,3,2
569,478,3,2
569,479,3,2
569,480,3,2
569,481,3,2
569,482,3,2
569,483,3,2
569,484,3,2
569,485,3,2
569,486,3,2
569,487,3,2
569,488,3,2
569,489,3,2
569,490,3,2
569,491,3,2
569,492,3,2
569,493,3,2
569,494,3,2
569,495,3,2
569,496,3,2
569,497,3,2
569,498,3,2
569,499,3,2
569,500,3,2
569,501,3,2
569,502,3,2
569,503,3,2
569,504,3,2
569,505,3,3
569,506,3,3
569,507,3,3
569,508,3,3
569,509,3,3
569,510,3,3
569,511,3,3
569,512,3,3
569,513,3,3
569,514,3,3
569,515,3,2
569,516,3,2
569,517,3,2
569,518,3,2
569,519,3,2
569,520,3,2
569,521,3,2
569,522,3,2
569,523,3,2
569,524,3,2
569,525,3,2
569,526,3,2
569,527,3,2
569,528,3,2
569,529,3,2
569,530,3,2
569,531,3,2
569,532,3,2
569,533,3,2
569,534,3,3
569,535,3,3
569,536,3,3
569,537,3,3
569,538,3,3
569,539,3,3
569,540,3,3
569,541,3,3
569,542,3,3
569,543,3,3
569,544,3,3
569,545,3,2
569,546,3,2
569,547,3,2
569,548,3,2
569,549,3,2
569,550,3,2
569,551,3,2
569,552,3,2
569,553,3,2
569,554,3,2
569,555,3,2
569,556,3,2
569,557,3,2
569,558,3,2
569,559,3,2
569,560,3,2
569,561,3,2
569,562,3,2
569,563,3,2
569,564,3,2
569,565,3,2
569,566,3,2
569,567,3,2
569,568,3,2
569,569,3,2
569,570,3,2
569,571,3,2
569,572,3,2
569,573,3,2
569,574,3,2
569,575,3,2
569,576,3,2
569,577,3,2
569,578,3,2
569,579,3,2
569,580,3,2
569,581,3,2
569,582,3,2
569,583,3,2
569,584,3,2
569,585,3,2
569,586,3,2
569,587,3,2
569,588,3,2
569,589,3,2
569,590,3,2
569,591,3,2
569,592,3,2
569,593,3,2
569,594,3,2
569,595,3,2
569,596,3,2
569,597,3,2
569,598,3,2
569,599,3,2
569,600,3,2
569,601,3,2
569,602,3,2
569,603,3,2
569,604,3,2
569,605,3,2
569,606,3,2
569,607,3,2
569,608,3,2
569,609,3,2
569,610,3,2
569,611,3,2
569,612,3,2
569,613,3,2
569,614,3,2
569,615,3,2
569,616,3,2
569,617,3,2
569,618,3,2
569,619,3,2
569,620,3,2
569,621,3,2
569,622,3,2
569,623,3,2
569,624,3,2
569,625,3,2
569,626,3,2
569,627,3,2
569,628,3,2
569,629,3,2
569,630,3,2
569,631,3,2
570,86,3,2
570,87,3,2
570,88,3,2
570,89,3,2
570,90,3,2
570,91,3,2
570,92,3,2
570,93,3,2
570,94,3,2
570,95,3,2
570,96,3,2
570,97,3,2
570,98,3,2
570,99,3,2
570,100,3,2
570,101,3,2
570,102,3,2
570,103,3,2
570,104,3,2
570,105,3,2
570,106,3,2
570,107,3,2
570,108,3,2
570,109,3,2
570,110,3,2
570,111,3,2
570,112,3,2
570,113,3,2
570,114,3,2
570,115,3,2
570,116,3,2
570,117,3,2
570,118,3,2
570,119,3,2
570,120,3,2
570,121,3,2
570,122,3,2
570,123,3,2
570,124,3,2
570,125,3,2
570,126,3,2
570,127,3,2
570,128,3,2
570,129,3,2
570,130,3,2
570,131,3,2
570,132,3,2
570,133,3,2
570,134,3,2
570,135,3,2
570,136,3,2
570,137,3,2
570,138,3,2
570,139,3,2
570,140,3,2
570,141,3,2
570,142,3,2
570,143,3,2
570,144,3,2
570,145,3,2
570,146,3,2
570,147,3,2
570,148,3,2
570,149,3,2
570,150,3,2
570,151,3,2
570,152,3,2
570,153,3,2
570,154,3,2
570,155,3,2
570,156,3,2
570,157,3,2
570,158,3,2
570,159,3,2
570,160,3,2
570,161,3,2
570,162,3,2
570,163,3,2
570,164,3,2
570,165,3,2
570,166,3,2
570,167,3,2
570,168,3,2
570,169,3,2
570,170,3,2
570,171,3,2
570,172,3,2
570,173,3,2
570,174,3,2
570,175,3,2
570,176,3,2
570,177,3,2
570,178,3,2
570,179,3,2
570,180,3,2
570,181,3,2
570,182,3,2
570,183,3,2
570,184,3,2
570,185,3,2
570,186,3,2
570,187,3,2
570,188,3,2
570,189,3,2
570,190,3,2
570,191,3,2
570,192,3,2
570,193,3,2
570,194,3,2
570,195,3,2
570,196,3,2
570,197,3,2
570,198,3,2
570,199,3,2
570,200,3,2
570,201,3,2
570,202,3,2
570,203,3,2
570,204,3,2
570,205,3,2
570,206,3,2
570,207,3,2
570,208,3,2
570,209,3,2
570,210,3,2
570,211,3,2
570,212,3,2
570,213,3,2
570,214,3,2
570,215,3,2
570,216,3,2
570,217,3,2
570,218,3,2
570,219,3,2
570,220,3,2
570,221,3,2
570,222,3,2
570,223,3,2
570,224,3,2
570,225,3,2
570,226,3,2
570,227,3,2
570,228,3,2
570,229,3,2
570,230,3,2
570,231,3,2
570,232,3,2
570,233,3,2
570,234,3,2
570,235,3,2
570,236,3,2
570,237,3,2
570,238,3,2
570,239,3,2
570,240,3,2
570,241,3,2
570,242,3,2
570,243,3,2
570,244,3,2
570,245,3,2
570,246,3,2
570,247,3,2
570,248,3,2
570,249,3,2
570,250,3,2
570,251,3,2
570,252,3,2
570,253,3,2
570,254,3,2
570,255,3,2
570,256,3,2
570,257,3,2
570,258,3,2
570,259,3,2
570,260,3,2
570,261,3,2
570,262,3,2
570,263,3,2
570,264,3,2
570,265,3,2
570,266,3,2
570,267,3,2
570,268,3,2
570,269,3,2
570,270,3,2
570,271,3,2
570,272,3,2
570,273,3,2
570,274,3,2
570,275,3,2
570,276,3,2
570,277,3,2
570,278,3,2
570,279,3,2
570,280,3,2
570,281,3,2
570,282,3,2
570,283,3,2
570,284,3,2
570,285,3,2
570,286,3,2
570,287,3,2
570,288,3,2
570,289,3,2
570,290,3,2
570,291,3,2
570,292,3,2
570,293,3,2
570,294,3,2
570,295,3,2
570,296,3,2
570,297,3,2
570,298,3,2
570,299,3,2
570,300,3,2
570,301,3,2
570,302,3,2
570,303,3,2
570,304,3,2
570,305,3,2
570,306,3,2
570,307,3,2
570,308,3,2
570,309,3,2
570,310,3,2
570,311,3,2
570,312,3,2
570,313,3,2
570,314,3,2
570,315,3,2
570,316,3,2
570,317,3,2
570,318,3,2
570,319,3,2
570,320,3,2
570,321,3,2
570,322,3,2
570,323,3,2
570,324,3,2
570,325,3,2
570,326,3,2
570,327,3,2
570,328,3,2
570,329,3,2
570,330,3,2
570,331,3,2
570,332,3,2
570,333,3,2
570,334,3,2
570,335,3,2
570,336,3,2
570,337,3,2
570,338,3,2
570,339,3,2
570,340,3,2
570,341,3,2
570,342,3,2
570,343,3,2
570,344,3,2
570,345,3,2
570,346,3,2
570,347,3,2
570,348,3,2
570,349,3,2
570,350,3,2
570,351,3,2
570,352,3,2
570,353,3,2
570,354,3,2
570,355,3,2
570,356,3,2
570,357,3,2
570,358,3,2
570,359,3,2
570,360,3,2
570,361,3,2
570,362,3,2
570,363,3,2
570,364,3,2
570,365,3,2
570,366,3,2
570,367,3,2
570,368,3,2
570,369,3,2
570,370,3,2
570,371,3,2
570,372,3,2
570,373,3,2
570,374,3,2
570,375,3,2
570,376,3,2
570,377,3,2
570,378,3,2
570,379,3,2
570,380,3,2
570,381,3,2
570,382,3,2
570,383,3,2
570,384,3,2
570,385,3,2
570,386,3,2
570,387,3,2
570,388,3,2
570,389,3,2
570,390,3,2
570,391,3,2
570,392,3,2
570,393,3,2
570,394,3,2
570,395,3,2
570,396,3,2
570,397,3,2
570,398,3,2
570,399,3,2
570,400,3,2
570,401,3,2
570,402,3,2
570,403,3,2
570,404,3,2
570,405,3,2
570,406,3,2
570,407,3,2
570,408,3,2
570,409,3,2
570,410,3,2
570,411,3,2
570,412,3,2
570,413,3,2
570,414,3,2
570,415,3,2
570,416,3,2
570,417,3,2
570,418,3,2
570,419,3,2
570,420,3,2
570,421,3,2
570,422,3,2
570,423,3,2
570,424,3,2
570,425,3,2
570,426,3,2
570,427,3,2
570,428,3,2
570,429,3,2
570,430,3,2
570,431,3,2
570,432,3,2
570,433,3,2
570,434,3,2
570,435,3,2
570,436,3,2
570,437,3,2
570,438,3,2
570,439,3,2
570,440,3,2
570,441,3,2
570,442,3,2
570,443,3,2
570,444,3,2
570,445,3,2
570,446,3,2
570,447,3,2
570,448,3,2
570,449,3,2
570,450,3,2
570,451,3,3
570,452,3,3
570,453,3,3
570,454,3,3
570,455,3,3
570,456,3,3
570,457,3,3
570,458,3,3
570,459,3,3
570,460,3,3
570,461,3,3
570,462,3,3
570,463,3,3
570,464,3,3
570,465,3,3
570,466,3,3
570,467,3,3
570,468,3,3
570,469,3,3
570,470,3,3
570,471,3,3
570,472,3,3
570,473,3,3
570,474,3,3
570,475,3,2
570,476,3,2
570,477,3,2
570,478,3,2
570,479,3,2
570,480,3,2
570,481,3,2
570,482,3,2
570,483,3,2
570,484,3,2
570,485,3,2
570,486,3,2
570,487,3,2
570,488,3,2
570,489,3,2
570,490,3,2
570,491,3,2
570,492,3,2
570,493,3,2
570,494,3,2
570,495,3,2
570,496,3,2
570,497,3,2
570,498,3,2
570,499,3,2
570,500,3,2
570,501,3,2
570,502,3,2
570,503,3,2
570,504,3,3
570,505,3,3
570,506,3,3
570,507,3,3
570,508,3,3
570,509,3,3
570,510,3,3
570,511,3,3
570,512,3,3
570,513,3,3
570,514,3,3
570,515,3,2
570,516,3,2
570,517,3,2
570,518,3,2
570,519,3,2
570,520,3,2
570,521,3,2
570,522,3,2
570,523,3,2
570,524,3,2
570,525,3,2
570,526,3,2
570,527,3,2
570,528,3,2
570,529,3,2
570,530,3,2
570,531,3,2
570,532,3,2
570,533,3,3
570,534,3,3
570,535,3,3
570,536,3,3
570,537,3,3
570,538,3,3
570,539,3,3
570,540,3,3
570,541,3,3
570,542,3,3
570,543,3,3
570,544,3,3
570,545,3,2
570,546,3,2
570,547,3,2
570,548,3,2
570,549,3,2
570,550,3,2
570,551,3,2
570,552,3,2
570,553,3,2
570,554,3,2
570,555,3,2
570,556,3,2
570,557,3,2
570,558,3,2
570,559,3,2
570,560,3,2
570,561,3,2
570,562,3,2
570,563,3,2
570,564,3,2
570,565,3,2
570,566,3,2
570,567,3,2
570,568,3,2
570,569,3,2
570,570,3,2
570,571,3,2
570,572,3,2
570,573,3,2
570,574,3,2
570,575,3,2
570,576,3,2
570,577,3,2
570,578,3,2
570,579,3,2
570,580,3,2
570,581,3,2
570,582,3,2
570,583,3,2
570,584,3,2
570,585,3,2
570,586,3,2
570,587,3,2
570,588,3,2
570,589,3,2
570,590,3,2
570,591,3,2
570,592,3,2
570,593,3,2
570,594,3,2
570,595,3,2
570,596,3,2
570,597,3,2
570,598,3,2
570,599,3,2
570,600,3,2
570,601,3,2
570,602,3,2
570,603,3,2
570,604,3,2
570,605,3,2
570,606,3,2
570,607,3,2
570,608,3,2
570,609,3,2
570,610,3,2
570,611,3,2
570,612,3,2
570,613,3,2
570,614,3,2
570,615,3,2
570,616,3,2
570,617,3,2
570,618,3,2
570,619,3,2
570,620,3,2
570,621,3,2
570,622,3,2
570,623,3,2
570,624,3,2
570,625,3,2
570,626,3,2
570,627,3,2
570,628,3,2
570,629,3,2
570,630,3,2
571,86,3,2
571,87,3,2
571,88,3,2
571,89,3,2
571,90,3,2
571,91,3,2
571,92,3,2
571,93,3,2
571,94,3,2
571,95,3,2
571,96,3,2
571,97,3,2
571,98,3,2
571,99,3,2
571,100,3,2
571,101,3,2
571,102,3,2
571,103,3,2
571,104,3,2
571,105,3,2
571,106,3,2
571,107,3,2
571,108,3,2
571,109,3,2
571,110,3,2
571,111,3,2
571,112,3,2
571,113,3,2
571,114,3,2
571,115,3,2
571,116,3,2
571,117,3,2
571,118,3,2
571,119,3,2
571,120,3,2
571,121,3,2
571,122,3,2
571,123,3,2
571,124,3,2
571,125,3,2
571,126,3,2
571,127,3,2
571,128,3,2
571,129,3,2
571,130,3,2
571,131,3,2
571,132,3,2
571,133,3,2
571,134,3,2
571,135,3,2
571,136,3,2
571,137,3,2
571,138,3,2
571,139,3,2
571,140,3,2
571,141,3,2
571,142,3,2
571,143,3,2
571,144,3,2
571,145,3,2
571,146,3,2
571,147,3,2
571,148,3,2
571,149,3,2
571,150,3,2
571,151,3,2
571,152,3,2
571,153,3,2
571,154,3,2
571,155,3,2
571,156,3,2
571,157,3,2
571,158,3,2
571,159,3,2
571,160,3,2
571,161,3,2
571,162,3,2
571,163,3,2
571,164,3,2
571,165,3,2
571,166,3,2
571,167,3,2
571,168,3,2
571,169,3,2
571,170,3,2
571,171,3,2
571,172,3,2
571,173,3,2
571,174,3,2
571,175,3,2
571,176,3,2
571,177,3,2
571,178,3,2
571,179,3,2
571,180,3,2
571,181,3,2
571,182,3,2
571,183,3,2
571,184,3,2
571,185,3,2
571,186,3,2
571,187,3,2
571,188,3,2
571,189,3,2
571,190,3,2
571,191,3,2
571,192,3,2
571,193,3,2
571,194,3,2
571,195,3,2
571,196,3,2
571,197,3,2
571,198,3,2
571,199,3,2
571,200,3,2
571,201,3,2
571,202,3,2
571,203,3,2
571,204,3,2
571,205,3,2
571,206,3,2
571,207,3,2
571,208,3,2
571,209,3,2
571,210,3,2
571,211,3,2
571,212,3,2
571,213,3,2
571,214,3,2
571,215,3,2
571,216,3,2
571,217,3,2
571,218,3,2
571,219,3,2
571,220,3,2
571,221,3,2
571,222,3,2
571,223,3,2
571,224,3,2
571,225,3,2
571,226,3,2
571,227,3,2
571,228,3,2
571,229,3,2
571,230,3,2
571,231,3,2
571,232,3,2
571,233,3,2
571,234,3,2
571,235,3,2
571,236,3,2
571,237,3,2
571,238,3,2
571,239,3,2
571,240,3,2
571,241,3,2
571,242,3,2
571,243,3,2
571,244,3,2
571,245,3,2
571,246,3,2
571,247,3,2
571,248,3,2
571,249,3,2
571,250,3,2
571,251,3,2
571,252,3,2
571,253,3,2
571,254,3,2
571,255,3,2
571,256,3,2
571,257,3,2
571,258,3,2
571,259,3,2
571,260,3,2
571,261,3,2
571,262,3,2
571,263,3,2
571,264,3,2
571,265,3,2
571,266,3,2
571,267,3,2
571,268,3,2
571,269,3,2
571,270,3,2
571,271,3,2
571,272,3,2
571,273,3,2
571,274,3,2
571,275,3,2
571,276,3,2
571,277,3,2
571,278,3,2
571,279,3,2
571,280,3,2
571,281,3,2
571,282,3,2
571,283,3,2
571,284,3,2
571,285,3,2
571,286,3,2
571,287,3,2
571,288,3,2
571,289,3,2
571,290,3,2
571,291,3,2
571,292,3,2
571,293,3,2
571,294,3,2
571,295,3,2
571,296,3,2
571,297,3,2
571,298,3,2
571,299,3,2
571,300,3,2
571,301,3,2
571,302,3,2
571,303,3,2
571,304,3,2
571,305,3,2
571,306,3,2
571,307,3,2
571,308,3,2
571,309,3,2
571,310,3,2
571,311,3,2
571,312,3,2
571,313,3,2
571,314,3,2
571,315,3,2
571,316,3,2
571,317,3,2
571,318,3,2
571,319,3,2
571,320,3,2
571,321,3,2
571,322,3,2
571,323,3,2
571,324,3,2
571,325,3,2
571,326,3,2
571,327,3,2
571,328,3,2
571,329,3,2
571,330,3,2
571,331,3,2
571,332,3,2
571,333,3,2
571,334,3,2
571,335,3,2
571,336,3,2
571,337,3,2
571,338,3,2
571,339,3,2
571,340,3,2
571,341,3,2
571,342,3,2
571,343,3,2
571,344,3,2
571,345,3,2
571,346,3,2
571,347,3,2
571,348,3,2
571,349,3,2
571,350,3,2
571,351,3,2
571,352,3,2
571,353,3,2
571,354,3,2
571,355,3,2
571,356,3,2
571,357,3,2
571,358,3,2
571,359,3,2
571,360,3,2
571,361,3,2
571,362,3,2
571,363,3,2
571,364,3,2
571,365,3,2
571,366,3,2
571,367,3,2
571,368,3,2
571,369,3,2
571,370,3,2
571,371,3,2
571,372,3,2
571,373,3,2
571,374,3,2
571,375,3,2
571,376,3,2
571,377,3,2
571,378,3,2
571,379,3,2
571,380,3,2
571,381,3,2
571,382,3,2
571,383,3,2
571,384,3,2
571,385,3,2
571,386,3,2
571,387,3,2
571,388,3,2
571,389,3,2
571,390,3,2
571,391,3,2
571,392,3,2
571,393,3,2
571,394,3,2
571,395,3,2
571,396,3,2
571,397,3,2
571,398,3,2
571,399,3,2
571,400,3,2
571,401,3,2
571,402,3,2
571,403,3,2
571,404,3,2
571,405,3,2
571,406,3,2
571,407,3,2
571,408,3,2
571,409,3,2
571,410,3,2
571,411,3,2
571,412,3,2
571,413,3,2
571,414,3,2
571,415,3,2
571,416,3,2
571,417,3,2
571,418,3,2
571,419,3,2
571,420,3,2
571,421,3,2
571,422,3,2
571,423,3,2
571,424,3,2
571,425,3,2
571,426,3,2
571,427,3,2
571,428,3,2
571,429,3,2
571,430,3,2
571,431,3,2
571,432,3,2
571,433,3,2
571,434,3,2
571,435,3,2
571,436,3,2
571,437,3,2
571,438,3,2
571,439,3,2
571,440,3,2
571,441,3,2
571,442,3,2
571,443,3,2
571,444,3,2
571,445,3,2
571,446,3,2
571,447,3,2
571,448,3,2
571,449,3,2
571,450,3,2
571,451,3,3
571,452,3,3
571,453,3,3
571,454,3,3
571,455,3,3
571,456,3,3
571,457,3,3
571,458,3,3
571,459,3,3
571,460,3,3
571,461,3,3
571,462,3,3
571,463,3,3
571,464,3,3
571,465,3,3
571,466,3,3
571,467,3,3
571,468,3,3
571,469,3,3
571,470,3,3
571,471,3,3
571,472,3,3
571,473,3,3
571,474,3,3
571,475,3,3
571,476,3,2
571,477,3,2
571,478,3,2
571,479,3,2
571,480,3,2
571,481,3,2
571,482,3,2
571,483,3,2
571,484,3,2
571,485,3,2
571,486,3,2
571,487,3,2
571,488,3,2
571,489,3,2
571,490,3,2
571,491,3,2
571,492,3,2
571,493,3,2
571,494,3,2
571,495,3,2
571,496,3,2
571,497,3,2
571,498,3,2
571,499,3,2
571,500,3,2
571,501,3,2
571,502,3,2
571,503,3,3
571,504,3,3
571,505,3,3
571,506,3,3
571,507,3,3
571,508,3,3
571,509,3,3
571,510,3,3
571,511,3,3
571,512,3,3
571,513,3,3
571,514,3,3
571,515,3,2
571,516,3,2
571,517,3,2
571,518,3,2
571,519,3,2
571,520,3,2
571,521,3,2
571,522,3,2
571,523,3,2
571,524,3,2
571,525,3,2
571,526,3,2
571,527,3,2
571,528,3,2
571,529,3,2
571,530,3,2
571,531,3,2
571,532,3,2
571,533,3,3
571,534,3,3
571,535,3,3
571,536,3,3
571,537,3,3
571,538,3,3
571,539,3,3
571,540,3,3
571,541,3,3
571,542,3,3
571,543,3,3
571,544,3,3
571,545,3,3
571,546,3,2
571,547,3,2
571,548,3,2
571,549,3,2
571,550,3,2
571,551,3,2
571,552,3,2
571,553,3,2
571,554,3,2
571,555,3,2
571,556,3,2
571,557,3,2
571,558,3,2
571,559,3,2
571,560,3,2
571,561,3,2
571,562,3,2
571,563,3,2
571,564,3,2
571,565,3,2
571,566,3,2
571,567,3,2
571,568,3,2
571,569,3,2
571,570,3,2
571,571,3,2
571,572,3,2
571,573,3,2
571,574,3,2
571,575,3,2
571,576,3,2
571,577,3,2
571,578,3,2
571,579,3,2
571,580,3,2
571,581,3,2
571,582,3,2
571,583,3,2
571,584,3,2
571,585,3,2
571,586,3,2
571,587,3,2
571,588,3,2
571,589,3,2
571,590,3,2
571,591,3,2
571,592,3,2
571,593,3,2
571,594,3,2
571,595,3,2
571,596,3,2
571,597,3,2
571,598,3,2
571,599,3,2
571,600,3,2
571,601,3,2
571,602,3,2
571,603,3,2
571,604,3,2
571,605,3,2
571,606,3,2
571,607,3,2
571,608,3,2
571,609,3,2
571,610,3,2
571,611,3,2
571,612,3,2
571,613,3,2
571,614,3,2
571,615,3,2
571,616,3,2
571,617,3,2
571,618,3,2
571,619,3,2
571,620,3,2
571,621,3,2
571,622,3,2
571,623,3,2
571,624,3,2
571,625,3,2
571,626,3,2
571,627,3,2
571,628,3,2
571,629,3,2
572,86,3,2
572,87,3,2
572,88,3,2
572,89,3,2
572,90,3,2
572,91,3,2
572,92,3,2
572,93,3,2
572,94,3,2
572,95,3,2
572,96,3,2
572,97,3,2
572,98,3,2
572,99,3,2
572,100,3,2
572,101,3,2
572,102,3,2
572,103,3,2
572,104,3,2
572,105,3,2
572,106,3,2
572,107,3,2
572,108,3,2
572,109,3,2
572,110,3,2
572,111,3,2
572,112,3,2
572,113,3,2
572,114,3,2
572,115,3,2
572,116,3,2
572,117,3,2
572,118,3,2
572,119,3,2
572,120,3,2
572,121,3,2
572,122,3,2
572,123,3,2
572,124,3,2
572,125,3,2
572,126,3,2
572,127,3,2
572,128,3,2
572,129,3,2
572,130,3,2
572,131,3,2
572,132,3,2
572,133,3,2
572,134,3,2
572,135,3,2
572,136,3,2
572,137,3,2
572,138,3,2
572,139,3,2
572,140,3,2
572,141,3,2
572,142,3,2
572,143,3,2
572,144,3,2
572,145,3,2
572,146,3,2
572,147,3,2
572,148,3,2
572,149,3,2
572,150,3,2
572,151,3,2
572,152,3,2
572,153,3,2
572,154,3,2
572,155,3,2
572,156,3,2
572,157,3,2
572,158,3,2
572,159,3,2
572,160,3,2
572,161,3,2
572,162,3,2
572,163,3,2
572,164,3,2
572,165,3,2
572,166,3,2
572,167,3,2
572,168,3,2
572,169,3,2
572,170,3,2
572,171,3,2
572,172,3,2
572,173,3,2
572,174,3,2
572,175,3,2
572,176,3,2
572,177,3,2
572,178,3,2
572,179,3,2
572,180,3,2
572,181,3,2
572,182,3,2
572,183,3,2
572,184,3,2
572,185,3,2
572,186,3,2
572,187,3,2
572,188,3,2
572,189,3,2
572,190,3,2
572,191,3,2
572,192,3,2
572,193,3,2
572,194,3,2
572,195,3,2
572,196,3,2
572,197,3,2
572,198,3,2
572,199,3,2
572,200,3,2
572,201,3,2
572,202,3,2
572,203,3,2
572,204,3,2
572,205,3,2
572,206,3,2
572,207,3,2
572,208,3,2
572,209,3,2
572,210,3,2
572,211,3,2
572,212,3,2
572,213,3,2
572,214,3,2
572,215,3,2
572,216,3,2
572,217,3,2
572,218,3,2
572,219,3,2
572,220,3,2
572,221,3,2
572,222,3,2
572,223,3,2
572,224,3,2
572,225,3,2
572,226,3,2
572,227,3,2
572,228,3,2
572,229,3,2
572,230,3,2
572,231,3,2
572,232,3,2
572,233,3,2
572,234,3,2
572,235,3,2
572,236,3,2
572,237,3,2
572,238,3,2
572,239,3,2
572,240,3,2
572,241,3,2
572,242,3,2
572,243,3,2
572,244,3,2
572,245,3,2
572,246,3,2
572,247,3,2
572,248,3,2
572,249,3,2
572,250,3,2
572,251,3,2
572,252,3,2
572,253,3,2
572,254,3,2
572,255,3,2
572,256,3,2
572,257,3,2
572,258,3,2
572,259,3,2
572,260,3,2
572,261,3,2
572,262,3,2
572,263,3,2
572,264,3,2
572,265,3,2
572,266,3,2
572,267,3,2
572,268,3,2
572,269,3,2
572,270,3,2
572,271,3,2
572,272,3,2
572,273,3,2
572,274,3,2
572,275,3,2
572,276,3,2
572,277,3,2
572,278,3,2
572,279,3,2
572,280,3,2
572,281,3,2
572,282,3,2
572,283,3,2
572,284,3,2
572,285,3,2
572,286,3,2
572,287,3,2
572,288,3,2
572,289,3,2
572,290,3,2
572,291,3,2
572,292,3,2
572,293,3,2
572,294,3,2
572,295,3,2
572,296,3,2
572,297,3,2
572,298,3,2
572,299,3,2
572,300,3,2
572,301,3,2
572,302,3,2
572,303,3,2
572,304,3,2
572,305,3,2
572,306,3,2
572,307,3,2
572,308,3,2
572,309,3,2
572,310,3,2
572,311,3,2
572,312,3,2
572,313,3,2
572,314,3,2
572,315,3,2
572,316,3,2
572,317,3,2
572,318,3,2
572,319,3,2
572,320,3,2
572,321,3,2
572,322,3,2
572,323,3,2
572,324,3,2
572,325,3,2
572,326,3,2
572,327,3,2
572,328,3,2
572,329,3,2
572,330,3,2
572,331,3,2
572,332,3,2
572,333,3,2
572,334,3,2
572,335,3,2
572,336,3,2
572,337,3,2
572,338,3,2
572,339,3,2
572,340,3,2
572,341,3,2
572,342,3,2
572,343,3,2
572,344,3,2
572,345,3,2
572,346,3,2
572,347,3,2
572,348,3,2
572,349,3,2
572,350,3,2
572,351,3,2
572,352,3,2
572,353,3,2
572,354,3,2
572,355,3,2
572,356,3,2
572,357,3,2
572,358,3,2
572,359,3,2
572,360,3,2
572,361,3,2
572,362,3,2
572,363,3,2
572,364,3,2
572,365,3,2
572,366,3,2
572,367,3,2
572,368,3,2
572,369,3,2
572,370,3,2
572,371,3,2
572,372,3,2
572,373,3,2
572,374,3,2
572,375,3,2
572,376,3,2
572,377,3,2
572,378,3,2
572,379,3,2
572,380,3,2
572,381,3,2
572,382,3,2
572,383,3,2
572,384,3,2
572,385,3,2
572,386,3,2
572,387,3,2
572,388,3,2
572,389,3,2
572,390,3,2
572,391,3,2
572,392,3,2
572,393,3,2
572,394,3,2
572,395,3,2
572,396,3,2
572,397,3,2
572,398,3,2
572,399,3,2
572,400,3,2
572,401,3,2
572,402,3,2
572,403,3,2
572,404,3,2
572,405,3,2
572,406,3,2
572,407,3,2
572,408,3,2
572,409,3,2
572,410,3,2
572,411,3,2
572,412,3,2
572,413,3,2
572,414,3,2
572,415,3,2
572,416,3,2
572,417,3,2
572,418,3,2
572,419,3,2
572,420,3,2
572,421,3,2
572,422,3,2
572,423,3,2
572,424,3,2
572,425,3,2
572,426,3,2
572,427,3,2
572,428,3,2
572,429,3,2
572,430,3,2
572,431,3,2
572,432,3,2
572,433,3,2
572,434,3,2
572,435,3,2
572,436,3,2
572,437,3,2
572,438,3,2
572,439,3,2
572,440,3,2
572,441,3,2
572,442,3,2
572,443,3,2
572,444,3,2
572,445,3,2
572,446,3,2
572,447,3,2
572,448,3,2
572,449,3,2
572,450,3,2
572,451,3,3
572,452,3,3
572,453,3,3
572,454,3,3
572,455,3,3
572,456,3,3
572,457,3,3
572,458,3,3
572,459,3,3
572,460,3,3
572,461,3,3
572,462,3,3
572,463,3,3
572,464,3,3
572,465,3,3
572,466,3,3
572,467,3,3
572,468,3,3
572,469,3,3
572,470,3,3
572,471,3,3
572,472,3,3
572,473,3,3
572,474,3,3
572,475,3,3
572,476,3,3
572,477,3,2
572,478,3,2
572,479,3,2
572,480,3,2
572,481,3,2
572,482,3,2
572,483,3,2
572,484,3,2
572,485,3,2
572,486,3,2
572,487,3,2
572,488,3,2
572,489,3,2
572,490,3,2
572,491,3,2
572,492,3,2
572,493,3,2
572,494,3,2
572,495,3,2
572,496,3,2
572,497,3,2
572,498,3,2
572,499,3,2
572,500,3,2
572,501,3,2
572,502,3,3
572,503,3,3
572,504,3,3
572,505,3,3
572,506,3,3
572,507,3,3
572,508,3,3
572,509,3,3
572,510,3,3
572,511,3,3
572,512,3,3
572,513,3,3
572,514,3,3
572,515,3,2
572,516,3,2
572,517,3,2
572,518,3,2
572,519,3,2
572,520,3,2
572,521,3,2
572,522,3,2
572,523,3,2
572,524,3,2
572,525,3,2
572,526,3,2
572,527,3,2
572,528,3,2
572,529,3,2
572,530,3,2
572,531,3,2
572,532,3,3
572,533,3,3
572,534,3,3
572,535,3,3
572,536,3,3
572,537,3,3
572,538,3,3
572,539,3,3
572,540,3,3
572,541,3,3
572,542,3,3
572,543,3,3
572,544,3,3
572,545,3,3
572,546,3,2
572,547,3,2
572,548,3,2
572,549,3,2
572,550,3,2
572,551,3,2
572,552,3,2
572,553,3,2
572,554,3,2
572,555,3,2
572,556,3,2
572,557,3,2
572,558,3,2
572,559,3,2
572,560,3,2
572,561,3,2
572,562,3,2
572,563,3,2
572,564,3,2
572,565,3,2
572,566,3,2
572,567,3,2
572,568,3,2
572,569,3,2
572,570,3,2
572,571,3,2
572,572,3,2
572,573,3,2
572,574,3,2
572,575,3,2
572,576,3,2
572,577,3,2
572,578,3,2
572,579,3,2
572,580,3,2
572,581,3,2
572,582,3,2
572,583,3,2
572,584,3,2
572,585,3,2
572,586,3,2
572,587,3,2
572,588,3,2
572,589,3,2
572,590,3,2
572,591,3,2
572,592,3,2
572,593,3,2
572,594,3,2
572,595,3,2
572,596,3,2
572,597,3,2
572,598,3,2
572,599,3,2
572,600,3,2
572,601,3,2
572,602,3,2
572,603,3,2
572,604,3,2
572,605,3,2
572,606,3,2
572,607,3,2
572,608,3,2
572,609,3,2
572,610,3,2
572,611,3,2
572,612,3,2
572,613,3,2
572,614,3,2
572,615,3,2
572,616,3,2
572,617,3,2
572,618,3,2
572,619,3,2
572,620,3,2
572,621,3,2
572,622,3,2
572,623,3,2
572,624,3,2
572,625,3,2
572,626,3,2
572,627,3,2
573,87,3,2
573,88,3,2
573,89,3,2
573,90,3,2
573,91,3,2
573,92,3,2
573,93,3,2
573,94,3,2
573,95,3,2
573,96,3,2
573,97,3,2
573,98,3,2
573,99,3,2
573,100,3,2
573,101,3,2
573,102,3,2
573,103,3,2
573,104,3,2
573,105,3,2
573,106,3,2
573,107,3,2
573,108,3,2
573,109,3,2
573,110,3,2
573,111,3,2
573,112,3,2
573,113,3,2
573,114,3,2
573,115,3,2
573,116,3,2
573,117,3,2
573,118,3,2
573,119,3,2
573,120,3,2
573,121,3,2
573,122,3,2
573,123,3,2
573,124,3,2
573,125,3,2
573,126,3,2
573,127,3,2
573,128,3,2
573,129,3,2
573,130,3,2
573,131,3,2
573,132,3,2
573,133,3,2
573,134,3,2
573,135,3,2
573,136,3,2
573,137,3,2
573,138,3,2
573,139,3,2
573,140,3,2
573,141,3,2
573,142,3,2
573,143,3,2
573,144,3,2
573,145,3,2
573,146,3,2
573,147,3,2
573,148,3,2
573,149,3,2
573,150,3,2
573,151,3,2
573,152,3,2
573,153,3,2
573,154,3,2
573,155,3,2
573,156,3,2
573,157,3,2
573,158,3,2
573,159,3,2
573,160,3,2
573,161,3,2
573,162,3,2
573,163,3,2
573,164,3,2
573,165,3,2
573,166,3,2
573,167,3,2
573,168,3,2
573,169,3,2
573,170,3,2
573,171,3,2
573,172,3,2
573,173,3,2
573,174,3,2
573,175,3,2
573,176,3,2
573,177,3,2
573,178,3,2
573,179,3,2
573,180,3,2
573,181,3,2
573,182,3,2
573,183,3,2
573,184,3,2
573,185,3,2
573,186,3,2
573,187,3,2
573,188,3,2
573,189,3,2
573,190,3,2
573,191,3,2
573,192,3,2
573,193,3,2
573,194,3,2
573,195,3,2
573,196,3,2
573,197,3,2
573,198,3,2
573,199,3,2
573,200,3,2
573,201,3,2
573,202,3,2
573,203,3,2
573,204,3,2
573,205,3,2
573,206,3,2
573,207,3,2
573,208,3,2
573,209,3,2
573,210,3,2
573,211,3,2
573,212,3,2
573,213,3,2
573,214,3,2
573,215,3,2
573,216,3,2
573,217,3,2
573,218,3,2
573,219,3,2
573,220,3,2
573,221,3,2
573,222,3,2
573,223,3,2
573,224,3,2
573,225,3,2
573,226,3,2
573,227,3,2
573,228,3,2
573,229,3,2
573,230,3,2
573,231,3,2
573,232,3,2
573,233,3,2
573,234,3,2
573,235,3,2
573,236,3,2
573,237,3,2
573,238,3,2
573,239,3,2
573,240,3,2
573,241,3,2
573,242,3,2
573,243,3,2
573,244,3,2
573,245,3,2
573,246,3,2
573,247,3,2
573,248,3,2
573,249,3,2
573,250,3,2
573,251,3,2
573,252,3,2
573,253,3,2
573,254,3,2
573,255,3,2
573,256,3,2
573,257,3,2
573,258,3,2
573,259,3,2
573,260,3,2
573,261,3,2
573,262,3,2
573,263,3,2
573,264,3,2
573,265,3,2
573,266,3,2
573,267,3,2
573,268,3,2
573,269,3,2
573,270,3,2
573,271,3,2
573,272,3,2
573,273,3,2
573,274,3,2
573,275,3,2
573,276,3,2
573,277,3,2
573,278,3,2
573,279,3,2
573,280,3,2
573,281,3,2
573,282,3,2
573,283,3,2
573,284,3,2
573,285,3,2
573,286,3,2
573,287,3,2
573,288,3,2
573,289,3,2
573,290,3,2
573,291,3,2
573,292,3,2
573,293,3,2
573,294,3,2
573,295,3,2
573,296,3,2
573,297,3,2
573,298,3,2
573,299,3,2
573,300,3,2
573,301,3,2
573,302,3,2
573,303,3,2
573,304,3,2
573,305,3,2
573,306,3,2
573,307,3,2
573,308,3,2
573,309,3,2
573,310,3,2
573,311,3,2
573,312,3,2
573,313,3,2
573,314,3,2
573,315,3,2
573,316,3,2
573,317,3,2
573,318,3,2
573,319,3,2
573,320,3,2
573,321,3,2
573,322,3,2
573,323,3,2
573,324,3,2
573,325,3,2
573,326,3,2
573,327,3,2
573,328,3,2
573,329,3,2
573,330,3,2
573,331,3,2
573,332,3,2
573,333,3,2
573,334,3,2
573,335,3,2
573,336,3,2
573,337,3,2
573,338,3,2
573,339,3,2
573,340,3,2
573,341,3,2
573,342,3,2
573,343,3,2
573,344,3,2
573,345,3,2
573,346,3,2
573,347,3,2
573,348,3,2
573,349,3,2
573,350,3,2
573,351,3,2
573,352,3,2
573,353,3,2
573,354,3,2
573,355,3,2
573,356,3,2
573,357,3,2
573,358,3,2
573,359,3,2
573,360,3,2
573,361,3,2
573,362,3,2
573,363,3,2
573,364,3,2
573,365,3,2
573,366,3,2
573,367,3,2
573,368,3,2
573,369,3,2
573,370,3,2
573,371,3,2
573,372,3,2
573,373,3,2
573,374,3,2
573,375,3,2
573,376,3,2
573,377,3,2
573,378,3,2
573,379,3,2
573,380,3,2
573,381,3,2
573,382,3,2
573,383,3,2
573,384,3,2
573,385,3,2
573,386,3,2
573,387,3,2
573,388,3,2
573,389,3,2
573,390,3,2
573,391,3,2
573,392,3,2
573,393,3,2
573,394,3,2
573,395,3,2
573,396,3,2
573,397,3,2
573,398,3,2
573,399,3,2
573,400,3,2
573,401,3,2
573,402,3,2
573,403,3,2
573,404,3,2
573,405,3,2
573,406,3,2
573,407,3,2
573,408,3,2
573,409,3,2
573,410,3,2
573,411,3,2
573,412,3,2
573,413,3,2
573,414,3,2
573,415,3,2
573,416,3,2
573,417,3,2
573,418,3,2
573,419,3,2
573,420,3,2
573,421,3,2
573,422,3,2
573,423,3,2
573,424,3,2
573,425,3,2
573,426,3,2
573,427,3,2
573,428,3,2
573,429,3,2
573,430,3,2
573,431,3,2
573,432,3,2
573,433,3,2
573,434,3,2
573,435,3,2
573,436,3,2
573,437,3,2
573,438,3,2
573,439,3,2
573,440,3,2
573,441,3,2
573,442,3,2
573,443,3,2
573,444,3,2
573,445,3,2
573,446,3,2
573,447,3,2
573,448,3,2
573,449,3,2
573,450,3,2
573,451,3,2
573,452,3,3
573,453,3,3
573,454,3,3
573,455,3,3
573,456,3,3
573,457,3,3
573,458,3,3
573,459,3,3
573,460,3,3
573,461,3,3
573,462,3,3
573,463,3,3
573,464,3,3
573,465,3,3
573,466,3,3
573,467,3,3
573,468,3,3
573,469,3,3
573,470,3,3
573,471,3,3
573,472,3,3
573,473,3,3
573,474,3,3
573,475,3,3
573,476,3,3
573,477,3,2
573,478,3,2
573,479,3,2
573,480,3,2
573,481,3,2
573,482,3,2
573,483,3,2
573,484,3,2
573,485,3,2
573,486,3,2
573,487,3,2
573,488,3,2
573,489,3,2
573,490,3,2
573,491,3,2
573,492,3,2
573,493,3,2
573,494,3,2
573,495,3,2
573,496,3,2
573,497,3,2
573,498,3,2
573,499,3,2
573,500,3,3
573,501,3,3
573,502,3,3
573,503,3,3
573,504,3,3
573,505,3,3
573,506,3,3
573,507,3,3
573,508,3,3
573,509,3,3
573,510,3,3
573,511,3,3
573,512,3,3
573,513,3,3
573,514,3,3
573,515,3,3
573,516,3,2
573,517,3,2
573,518,3,2
573,519,3,2
573,520,3,2
573,521,3,2
573,522,3,2
573,523,3,2
573,524,3,2
573,525,3,2
573,526,3,2
573,527,3,2
573,528,3,2
573,529,3,2
573,530,3,2
573,531,3,2
573,532,3,3
573,533,3,3
573,534,3,3
573,535,3,3
573,536,3,3
573,537,3,3
573,538,3,3
573,539,3,3
573,540,3,3
573,541,3,3
573,542,3,3
573,543,3,3
573,544,3,3
573,545,3,3
573,546,3,2
573,547,3,2
573,548,3,2
573,549,3,2
573,550,3,2
573,551,3,2
573,552,3,2
573,553,3,2
573,554,3,2
573,555,3,2
573,556,3,2
573,557,3,2
573,558,3,2
573,559,3,2
573,560,3,2
573,561,3,2
573,562,3,2
573,563,3,2
573,564,3,2
573,565,3,2
573,566,3,2
573,567,3,2
573,568,3,2
573,569,3,2
573,570,3,2
573,571,3,2
573,572,3,2
573,573,3,2
573,574,3,2
573,575,3,2
573,576,3,2
573,577,3,2
573,578,3,2
573,579,3,2
573,580,3,2
573,581,3,2
573,582,3,2
573,583,3,2
573,584,3,2
573,585,3,2
573,586,3,2
573,587,3,2
573,588,3,2
573,589,3,2
573,590,3,2
573,591,3,2
573,592,3,2
573,593,3,2
573,594,3,2
573,595,3,2
573,596,3,2
573,597,3,2
573,598,3,2
573,599,3,2
573,600,3,2
573,601,3,2
573,602,3,2
573,603,3,2
573,604,3,2
573,605,3,2
573,606,3,2
573,607,3,2
573,608,3,2
573,609,3,2
573,610,3,2
573,611,3,2
573,612,3,2
573,613,3,2
573,614,3,2
573,615,3,2
573,616,3,2
573,617,3,2
573,618,3,2
573,619,3,2
573,620,3,2
573,621,3,2
573,622,3,2
573,623,3,2
573,624,3,2
573,625,3,2
574,87,3,2
574,88,3,2
574,89,3,2
574,90,3,2
574,91,3,2
574,92,3,2
574,93,3,2
574,94,3,2
574,95,3,2
574,96,3,2
574,97,3,2
574,98,3,2
574,99,3,2
574,100,3,2
574,101,3,2
574,102,3,2
574,103,3,2
574,104,3,2
574,105,3,2
574,106,3,2
574,107,3,2
574,108,3,2
574,109,3,2
574,110,3,2
574,111,3,2
574,112,3,2
574,113,3,2
574,114,3,2
574,115,3,2
574,116,3,2
574,117,3,2
574,118,3,2
574,119,3,2
574,120,3,2
574,121,3,2
574,122,3,2
574,123,3,2
574,124,3,2
574,125,3,2
574,126,3,2
574,127,3,2
574,128,3,2
574,129,3,2
574,130,3,2
574,131,3,2
574,132,3,2
574,133,3,2
574,134,3,2
574,135,3,2
574,136,3,2
574,137,3,2
574,138,3,2
574,139,3,2
574,140,3,2
574,141,3,2
574,142,3,2
574,143,3,2
574,144,3,2
574,145,3,2
574,146,3,2
574,147,3,2
574,148,3,2
574,149,3,2
574,150,3,2
574,151,3,2
574,152,3,2
574,153,3,2
574,154,3,2
574,155,3,2
574,156,3,2
574,157,3,2
574,158,3,2
574,159,3,2
574,160,3,2
574,161,3,2
574,162,3,2
574,163,3,2
574,164,3,2
574,165,3,2
574,166,3,2
574,167,3,2
574,168,3,2
574,169,3,2
574,170,3,2
574,171,3,2
574,172,3,2
574,173,3,2
574,174,3,2
574,175,3,2
574,176,3,2
574,177,3,2
574,178,3,2
574,179,3,2
574,180,3,2
574,181,3,2
574,182,3,2
574,183,3,2
574,184,3,2
574,185,3,2
574,186,3,2
574,187,3,2
574,188,3,2
574,189,3,2
574,190,3,2
574,191,3,2
574,192,3,2
574,193,3,2
574,194,3,2
574,195,3,2
574,196,3,2
574,197,3,2
574,198,3,2
574,199,3,2
574,200,3,2
574,201,3,2
574,202,3,2
574,203,3,2
574,204,3,2
574,205,3,2
574,206,3,2
574,207,3,2
574,208,3,2
574,209,3,2
574,210,3,2
574,211,3,2
574,212,3,2
574,213,3,2
574,214,3,2
574,215,3,2
574,216,3,2
574,217,3,2
574,218,3,2
574,219,3,2
574,220,3,2
574,221,3,2
574,222,3,2
574,223,3,2
574,224,3,2
574,225,3,2
574,226,3,2
574,227,3,2
574,228,3,2
574,229,3,2
574,230,3,2
574,231,3,2
574,232,3,2
574,233,3,2
574,234,3,2
574,235,3,2
574,236,3,2
574,237,3,2
574,238,3,2
574,239,3,2
574,240,3,2
574,241,3,2
574,242,3,2
574,243,3,2
574,244,3,2
574,245,3,2
574,246,3,2
574,247,3,2
574,248,3,2
574,249,3,2
574,250,3,2
574,251,3,2
574,252,3,2
574,253,3,2
574,254,3,2
574,255,3,2
574,256,3,2
574,257,3,2
574,258,3,2
574,259,3,2
574,260,3,2
574,261,3,2
574,262,3,2
574,263,3,2
574,264,3,2
574,265,3,2
574,266,3,2
574,267,3,2
574,268,3,2
574,269,3,2
574,270,3,2
574,271,3,2
574,272,3,2
574,273,3,2
574,274,3,2
574,275,3,2
574,276,3,2
574,277,3,2
574,278,3,2
574,279,3,2
574,280,3,2
574,281,3,2
574,282,3,2
574,283,3,2
574,284,3,2
574,285,3,2
574,286,3,2
574,287,3,2
574,288,3,2
574,289,3,2
574,290,3,2
574,291,3,2
574,292,3,2
574,293,3,2
574,294,3,2
574,295,3,2
574,296,3,2
574,297,3,2
574,298,3,2
574,299,3,2
574,300,3,2
574,301,3,2
574,302,3,2
574,303,3,2
574,304,3,2
574,305,3,2
574,306,3,2
574,307,3,2
574,308,3,2
574,309,3,2
574,310,3,2
574,311,3,2
574,312,3,2
574,313,3,2
574,314,3,2
574,315,3,2
574,316,3,2
574,317,3,2
574,318,3,2
574,319,3,2
574,320,3,2
574,321,3,2
574,322,3,2
574,323,3,2
574,324,3,2
574,325,3,2
574,326,3,2
574,327,3,2
574,328,3,2
574,329,3,2
574,330,3,2
574,331,3,2
574,332,3,2
574,333,3,2
574,334,3,2
574,335,3,2
574,336,3,2
574,337,3,2
574,338,3,2
574,339,3,2
574,340,3,2
574,341,3,2
574,342,3,2
574,343,3,2
574,344,3,2
574,345,3,2
574,346,3,2
574,347,3,2
574,348,3,2
574,349,3,2
574,350,3,2
574,351,3,2
574,352,3,2
574,353,3,2
574,354,3,2
574,355,3,2
574,356,3,2
574,357,3,2
574,358,3,2
574,359,3,2
574,360,3,2
574,361,3,2
574,362,3,2
574,363,3,2
574,364,3,2
574,365,3,2
574,366,3,2
574,367,3,2
574,368,3,2
574,369,3,2
574,370,3,2
574,371,3,2
574,372,3,2
574,373,3,2
574,374,3,2
574,375,3,2
574,376,3,2
574,377,3,2
574,378,3,2
574,379,3,2
574,380,3,2
574,381,3,2
574,382,3,2
574,383,3,2
574,384,3,2
574,385,3,2
574,386,3,2
574,387,3,2
574,388,3,2
574,389,3,2
574,390,3,2
574,391,3,2
574,392,3,2
574,393,3,2
574,394,3,2
574,395,3,2
574,396,3,2
574,397,3,2
574,398,3,2
574,399,3,2
574,400,3,2
574,401,3,2
574,402,3,2
574,403,3,2
574,404,3,2
574,405,3,2
574,406,3,2
574,407,3,2
574,408,3,2
574,409,3,2
574,410,3,2
574,411,3,2
574,412,3,2
574,413,3,2
574,414,3,2
574,415,3,2
574,416,3,2
574,417,3,2
574,418,3,2
574,419,3,2
574,420,3,2
574,421,3,2
574,422,3,2
574,423,3,2
574,424,3,2
574,425,3,2
574,426,3,2
574,427,3,2
574,428,3,2
574,429,3,2
574,430,3,2
574,431,3,2
574,432,3,2
574,433,3,2
574,434,3,2
574,435,3,2
574,436,3,2
574,437,3,2
574,438,3,2
574,439,3,2
574,440,3,2
574,441,3,2
574,442,3,2
574,443,3,2
574,444,3,2
574,445,3,2
574,446,3,2
574,447,3,2
574,448,3,2
574,449,3,2
574,450,3,2
574,451,3,2
574,452,3,3
574,453,3,3
574,454,3,3
574,455,3,3
574,456,3,3
574,457,3,3
574,458,3,3
574,459,3,3
574,460,3,3
574,461,3,3
574,462,3,3
574,463,3,3
574,464,3,3
574,465,3,3
574,466,3,3
574,467,3,3
574,468,3,3
574,469,3,3
574,470,3,3
574,471,3,3
574,472,3,3
574,473,3,3
574,474,3,3
574,475,3,3
574,476,3,3
574,477,3,3
574,478,3,2
574,479,3,2
574,480,3,2
574,481,3,2
574,482,3,2
574,483,3,2
574,484,3,2
574,485,3,2
574,486,3,2
574,487,3,2
574,488,3,2
574,489,3,2
574,490,3,2
574,491,3,2
574,492,3,2
574,493,3,2
574,494,3,3
574,495,3,3
574,496,3,3
574,497,3,3
574,498,3,2
574,499,3,3
574,500,3,3
574,501,3,3
574,502,3,3
574,503,3,3
574,504,3,3
574,505,3,3
574,506,3,3
574,507,3,3
574,508,3,3
574,509,3,3
574,510,3,3
574,511,3,3
574,512,3,3
574,513,3,3
574,514,3,3
574,515,3,2
574,516,3,2
574,517,3,2
574,518,3,2
574,519,3,2
574,520,3,2
574,521,3,2
574,522,3,2
574,523,3,2
574,524,3,2
574,525,3,2
574,526,3,2
574,527,3,2
574,528,3,2
574,529,3,2
574,530,3,2
574,531,3,3
574,532,3,3
574,533,3,3
574,534,3,3
574,535,3,3
574,536,3,3
574,537,3,3
574,538,3,3
574,539,3,3
574,540,3,3
574,541,3,3
574,542,3,3
574,543,3,3
574,544,3,3
574,545,3,3
574,546,3,2
574,547,3,2
574,548,3,2
574,549,3,2
574,550,3,2
574,551,3,2
574,552,3,2
574,553,3,2
574,554,3,2
574,555,3,2
574,556,3,2
574,557,3,2
574,558,3,2
574,559,3,2
574,560,3,2
574,561,3,2
574,562,3,2
574,563,3,2
574,564,3,2
574,565,3,2
574,566,3,2
574,567,3,2
574,568,3,2
574,569,3,2
574,570,3,2
574,571,3,2
574,572,3,2
574,573,3,2
574,574,3,2
574,575,3,2
574,576,3,2
574,577,3,2
574,578,3,2
574,579,3,2
574,580,3,2
574,581,3,2
574,582,3,2
574,583,3,2
574,584,3,2
574,585,3,2
574,586,3,2
574,587,3,2
574,588,3,2
574,589,3,2
574,590,3,2
574,591,3,2
574,592,3,2
574,593,3,2
574,594,3,2
574,595,3,2
574,596,3,2
574,597,3,2
574,598,3,2
574,599,3,2
574,600,3,2
574,601,3,2
574,602,3,2
574,603,3,2
574,604,3,2
574,605,3,2
574,606,3,2
574,607,3,2
574,608,3,2
574,609,3,2
574,610,3,2
574,611,3,2
574,612,3,2
574,613,3,2
574,614,3,2
574,615,3,2
574,616,3,2
574,617,3,2
574,618,3,2
574,619,3,2
574,620,3,2
574,621,3,2
574,622,3,2
574,623,3,2
574,624,3,2
575,87,3,2
575,88,3,2
575,89,3,2
575,90,3,2
575,91,3,2
575,92,3,2
575,93,3,2
575,94,3,2
575,95,3,2
575,96,3,2
575,97,3,2
575,98,3,2
575,99,3,2
575,100,3,2
575,101,3,2
575,102,3,2
575,103,3,2
575,104,3,2
575,105,3,2
575,106,3,2
575,107,3,2
575,108,3,2
575,109,3,2
575,110,3,2
575,111,3,2
575,112,3,2
575,113,3,2
575,114,3,2
575,115,3,2
575,116,3,2
575,117,3,2
575,118,3,2
575,119,3,2
575,120,3,2
575,121,3,2
575,122,3,2
575,123,3,2
575,124,3,2
575,125,3,2
575,126,3,2
575,127,3,2
575,128,3,2
575,129,3,2
575,130,3,2
575,131,3,2
575,132,3,2
575,133,3,2
575,134,3,2
575,135,3,2
575,136,3,2
575,137,3,2
575,138,3,2
575,139,3,2
575,140,3,2
575,141,3,2
575,142,3,2
575,143,3,2
575,144,3,2
575,145,3,2
575,146,3,2
575,147,3,2
575,148,3,2
575,149,3,2
575,150,3,2
575,151,3,2
575,152,3,2
575,153,3,2
575,154,3,2
575,155,3,2
575,156,3,2
575,157,3,2
575,158,3,2
575,159,3,2
575,160,3,2
575,161,3,2
575,162,3,2
575,163,3,2
575,164,3,2
575,165,3,2
575,166,3,2
575,167,3,2
575,168,3,2
575,169,3,2
575,170,3,2
575,171,3,2
575,172,3,2
575,173,3,2
575,174,3,2
575,175,3,2
575,176,3,2
575,177,3,2
575,178,3,2
575,179,3,2
575,180,3,2
575,181,3,2
575,182,3,2
575,183,3,2
575,184,3,2
575,185,3,2
575,186,3,2
575,187,3,2
575,188,3,2
575,189,3,2
575,190,3,2
575,191,3,2
575,192,3,2
575,193,3,2
575,194,3,2
575,195,3,2
575,196,3,2
575,197,3,2
575,198,3,2
575,199,3,2
575,200,3,2
575,201,3,2
575,202,3,2
575,203,3,2
575,204,3,2
575,205,3,2
575,206,3,2
575,207,3,2
575,208,3,2
575,209,3,2
575,210,3,2
575,211,3,2
575,212,3,2
575,213,3,2
575,214,3,2
575,215,3,2
575,216,3,2
575,217,3,2
575,218,3,2
575,219,3,2
575,220,3,2
575,221,3,2
575,222,3,2
575,223,3,2
575,224,3,2
575,225,3,2
575,226,3,2
575,227,3,2
575,228,3,2
575,229,3,2
575,230,3,2
575,231,3,2
575,232,3,2
575,233,3,2
575,234,3,2
575,235,3,2
575,236,3,2
575,237,3,2
575,238,3,2
575,239,3,2
575,240,3,2
575,241,3,2
575,242,3,2
575,243,3,2
575,244,3,2
575,245,3,2
575,246,3,2
575,247,3,2
575,248,3,2
575,249,3,2
575,250,3,2
575,251,3,2
575,252,3,2
575,253,3,2
575,254,3,2
575,255,3,2
575,256,3,2
575,257,3,2
575,258,3,2
575,259,3,2
575,260,3,2
575,261,3,2
575,262,3,2
575,263,3,2
575,264,3,2
575,265,3,2
575,266,3,2
575,267,3,2
575,268,3,2
575,269,3,2
575,270,3,2
575,271,3,2
575,272,3,2
575,273,3,2
575,274,3,2
575,275,3,2
575,276,3,2
575,277,3,2
575,278,3,2
575,279,3,2
575,280,3,2
575,281,3,2
575,282,3,2
575,283,3,2
575,284,3,2
575,285,3,2
575,286,3,2
575,287,3,2
575,288,3,2
575,289,3,2
575,290,3,2
575,291,3,2
575,292,3,2
575,293,3,2
575,294,3,2
575,295,3,2
575,296,3,2
575,297,3,2
575,298,3,2
575,299,3,2
575,300,3,2
575,301,3,2
575,302,3,2
575,303,3,2
575,304,3,2
575,305,3,2
575,306,3,2
575,307,3,2
575,308,3,2
575,309,3,2
575,310,3,2
575,311,3,2
575,312,3,2
575,313,3,2
575,314,3,2
575,315,3,2
575,316,3,2
575,317,3,2
575,318,3,2
575,319,3,2
575,320,3,2
575,321,3,2
575,322,3,2
575,323,3,2
575,324,3,2
575,325,3,2
575,326,3,2
575,327,3,2
575,328,3,2
575,329,3,2
575,330,3,2
575,331,3,2
575,332,3,2
575,333,3,2
575,334,3,2
575,335,3,2
575,336,3,2
575,337,3,2
575,338,3,2
575,339,3,2
575,340,3,2
575,341,3,2
575,342,3,2
575,343,3,2
575,344,3,2
575,345,3,2
575,346,3,2
575,347,3,2
575,348,3,2
575,349,3,2
575,350,3,2
575,351,3,2
575,352,3,2
575,353,3,2
575,354,3,2
575,355,3,2
575,356,3,2
575,357,3,2
575,358,3,2
575,359,3,2
575,360,3,2
575,361,3,2
575,362,3,2
575,363,3,2
575,364,3,2
575,365,3,2
575,366,3,2
575,367,3,2
575,368,3,2
575,369,3,2
575,370,3,2
575,371,3,2
575,372,3,2
575,373,3,2
575,374,3,2
575,375,3,2
575,376,3,2
575,377,3,2
575,378,3,2
575,379,3,2
575,380,3,2
575,381,3,2
575,382,3,2
575,383,3,2
575,384,3,2
575,385,3,2
575,386,3,2
575,387,3,2
575,388,3,2
575,389,3,2
575,390,3,2
575,391,3,2
575,392,3,2
575,393,3,2
575,394,3,2
575,395,3,2
575,396,3,2
575,397,3,3
575,398,3,3
575,399,3,3
575,400,3,3
575,401,3,2
575,402,3,2
575,403,3,2
575,404,3,2
575,405,3,2
575,406,3,2
575,407,3,2
575,408,3,2
575,409,3,2
575,410,3,2
575,411,3,2
575,412,3,2
575,413,3,2
575,414,3,2
575,415,3,2
575,416,3,2
575,417,3,2
575,418,3,2
575,419,3,2
575,420,3,2
575,421,3,2
575,422,3,2
575,423,3,2
575,424,3,2
575,425,3,2
575,426,3,2
575,427,3,2
575,428,3,2
575,429,3,2
575,430,3,2
575,431,3,2
575,432,3,2
575,433,3,2
575,434,3,2
575,435,3,2
575,436,3,2
575,437,3,2
575,438,3,2
575,439,3,2
575,440,3,2
575,441,3,2
575,442,3,2
575,443,3,2
575,444,3,2
575,445,3,2
575,446,3,2
575,447,3,2
575,448,3,2
575,449,3,2
575,450,3,2
575,451,3,2
575,452,3,3
575,453,3,3
575,454,3,3
575,455,3,3
575,456,3,3
575,457,3,3
575,458,3,3
575,459,3,3
575,460,3,3
575,461,3,3
575,462,3,3
575,463,3,3
575,464,3,3
575,465,3,3
575,466,3,3
575,467,3,3
575,468,3,3
575,469,3,3
575,470,3,3
575,471,3,3
575,472,3,3
575,473,3,3
575,474,3,3
575,475,3,3
575,476,3,3
575,477,3,3
575,478,3,3
575,479,3,3
575,480,3,2
575,481,3,3
575,482,3,2
575,483,3,2
575,484,3,2
575,485,3,2
575,486,3,2
575,487,3,2
575,488,3,2
575,489,3,2
575,490,3,2
575,491,3,3
575,492,3,3
575,493,3,3
575,494,3,3
575,495,3,3
575,496,3,3
575,497,3,3
575,498,3,3
575,499,3,3
575,500,3,3
575,501,3,3
575,502,3,3
575,503,3,3
575,504,3,3
575,505,3,3
575,506,3,3
575,507,3,3
575,508,3,3
575,509,3,3
575,510,3,3
575,511,3,3
575,512,3,3
575,513,3,3
575,514,3,3
575,515,3,2
575,516,3,2
575,517,3,2
575,518,3,2
575,519,3,2
575,520,3,2
575,521,3,2
575,522,3,2
575,523,3,2
575,524,3,2
575,525,3,2
575,526,3,2
575,527,3,2
575,528,3,2
575,529,3,2
575,530,3,2
575,531,3,3
575,532,3,3
575,533,3,3
575,534,3,3
575,535,3,3
575,536,3,3
575,537,3,3
575,538,3,3
575,539,3,3
575,540,3,3
575,541,3,3
575,542,3,3
575,543,3,3
575,544,3,3
575,545,3,3
575,546,3,2
575,547,3,2
575,548,3,2
575,549,3,2
575,550,3,2
575,551,3,2
575,552,3,2
575,553,3,2
575,554,3,2
575,555,3,2
575,556,3,2
575,557,3,2
575,558,3,2
575,559,3,2
575,560,3,2
575,561,3,2
575,562,3,2
575,563,3,2
575,564,3,2
575,565,3,2
575,566,3,2
575,567,3,2
575,568,3,2
575,569,3,2
575,570,3,2
575,571,3,2
575,572,3,2
575,573,3,2
575,574,3,2
575,575,3,2
575,576,3,2
575,577,3,2
575,578,3,2
575,579,3,2
575,580,3,2
575,581,3,2
575,582,3,2
575,583,3,2
575,584,3,2
575,585,3,2
575,586,3,2
575,587,3,2
575,588,3,2
575,589,3,2
575,590,3,2
575,591,3,2
575,592,3,2
575,593,3,2
575,594,3,2
575,595,3,2
575,596,3,2
575,597,3,2
575,598,3,2
575,599,3,2
575,600,3,2
575,601,3,2
575,602,3,2
575,603,3,2
575,604,3,2
575,605,3,2
575,606,3,2
575,607,3,2
575,608,3,2
575,609,3,2
575,610,3,2
575,611,3,2
575,612,3,2
575,613,3,2
575,614,3,2
575,615,3,2
575,616,3,2
575,617,3,2
575,618,3,2
575,619,3,2
575,620,3,2
575,621,3,2
575,622,3,2
575,623,3,2
576,87,3,2
576,88,3,2
576,89,3,2
576,90,3,2
576,91,3,2
576,92,3,2
576,93,3,2
576,94,3,2
576,95,3,2
576,96,3,2
576,97,3,2
576,98,3,2
576,99,3,2
576,100,3,2
576,101,3,2
576,102,3,2
576,103,3,2
576,104,3,2
576,105,3,2
576,106,3,2
576,107,3,2
576,108,3,2
576,109,3,2
576,110,3,2
576,111,3,2
576,112,3,2
576,113,3,2
576,114,3,2
576,115,3,2
576,116,3,2
576,117,3,2
576,118,3,2
576,119,3,2
576,120,3,2
576,121,3,2
576,122,3,2
576,123,3,2
576,124,3,2
576,125,3,2
576,126,3,2
576,127,3,2
576,128,3,2
576,129,3,2
576,130,3,2
576,131,3,2
576,132,3,2
576,133,3,2
576,134,3,2
576,135,3,2
576,136,3,2
576,137,3,2
576,138,3,2
576,139,3,2
576,140,3,2
576,141,3,2
576,142,3,2
576,143,3,2
576,144,3,2
576,145,3,2
576,146,3,2
576,147,3,2
576,148,3,2
576,149,3,2
576,150,3,2
576,151,3,2
576,152,3,2
576,153,3,2
576,154,3,2
576,155,3,2
576,156,3,2
576,157,3,2
576,158,3,2
576,159,3,2
576,160,3,2
576,161,3,2
576,162,3,2
576,163,3,2
576,164,3,2
576,165,3,2
576,166,3,2
576,167,3,2
576,168,3,2
576,169,3,2
576,170,3,2
576,171,3,2
576,172,3,2
576,173,3,2
576,174,3,2
576,175,3,2
576,176,3,2
576,177,3,2
576,178,3,2
576,179,3,2
576,180,3,2
576,181,3,2
576,182,3,2
576,183,3,2
576,184,3,2
576,185,3,2
576,186,3,2
576,187,3,2
576,188,3,2
576,189,3,2
576,190,3,2
576,191,3,2
576,192,3,2
576,193,3,2
576,194,3,2
576,195,3,2
576,196,3,2
576,197,3,2
576,198,3,2
576,199,3,2
576,200,3,2
576,201,3,2
576,202,3,2
576,203,3,2
576,204,3,2
576,205,3,2
576,206,3,2
576,207,3,2
576,208,3,2
576,209,3,2
576,210,3,2
576,211,3,2
576,212,3,2
576,213,3,2
576,214,3,2
576,215,3,2
576,216,3,2
576,217,3,2
576,218,3,2
576,219,3,2
576,220,3,2
576,221,3,2
576,222,3,2
576,223,3,2
576,224,3,2
576,225,3,2
576,226,3,2
576,227,3,2
576,228,3,2
576,229,3,2
576,230,3,2
576,231,3,2
576,232,3,2
576,233,3,2
576,234,3,2
576,235,3,2
576,236,3,2
576,237,3,2
576,238,3,2
576,239,3,2
576,240,3,2
576,241,3,2
576,242,3,2
576,243,3,2
576,244,3,2
576,245,3,2
576,246,3,2
576,247,3,2
576,248,3,2
576,249,3,2
576,250,3,2
576,251,3,2
576,252,3,2
576,253,3,2
576,254,3,2
576,255,3,2
576,256,3,2
576,257,3,2
576,258,3,2
576,259,3,2
576,260,3,2
576,261,3,2
576,262,3,2
576,263,3,2
576,264,3,2
576,265,3,2
576,266,3,2
576,267,3,2
576,268,3,2
576,269,3,2
576,270,3,2
576,271,3,2
576,272,3,2
576,273,3,2
576,274,3,2
576,275,3,2
576,276,3,2
576,277,3,2
576,278,3,2
576,279,3,2
576,280,3,2
576,281,3,2
576,282,3,2
576,283,3,2
576,284,3,2
576,285,3,2
576,286,3,2
576,287,3,2
576,288,3,2
576,289,3,2
576,290,3,2
576,291,3,2
576,292,3,2
576,293,3,2
576,294,3,2
576,295,3,2
576,296,3,2
576,297,3,2
576,298,3,2
576,299,3,2
576,300,3,2
576,301,3,2
576,302,3,2
576,303,3,2
576,304,3,2
576,305,3,2
576,306,3,2
576,307,3,2
576,308,3,2
576,309,3,2
576,310,3,2
576,311,3,2
576,312,3,2
576,313,3,2
576,314,3,2
576,315,3,2
576,316,3,2
576,317,3,2
576,318,3,2
576,319,3,2
576,320,3,2
576,321,3,2
576,322,3,2
576,323,3,2
576,324,3,2
576,325,3,2
576,326,3,2
576,327,3,2
576,328,3,2
576,329,3,2
576,330,3,2
576,331,3,2
576,332,3,2
576,333,3,2
576,334,3,2
576,335,3,2
576,336,3,2
576,337,3,2
576,338,3,2
576,339,3,2
576,340,3,2
576,341,3,2
576,342,3,2
576,343,3,2
576,344,3,2
576,345,3,2
576,346,3,2
576,347,3,2
576,348,3,2
576,349,3,2
576,350,3,2
576,351,3,2
576,352,3,2
576,353,3,2
576,354,3,2
576,355,3,2
576,356,3,2
576,357,3,2
576,358,3,2
576,359,3,2
576,360,3,2
576,361,3,2
576,362,3,2
576,363,3,2
576,364,3,2
576,365,3,2
576,366,3,2
576,367,3,2
576,368,3,2
576,369,3,2
576,370,3,2
576,371,3,2
576,372,3,2
576,373,3,2
576,374,3,2
576,375,3,2
576,376,3,2
576,377,3,2
576,378,3,2
576,379,3,2
576,380,3,2
576,381,3,2
576,382,3,2
576,383,3,2
576,384,3,2
576,385,3,2
576,386,3,2
576,387,3,2
576,388,3,2
576,389,3,2
576,390,3,2
576,391,3,2
576,392,3,2
576,393,3,2
576,394,3,3
576,395,3,3
576,396,3,3
576,397,3,3
576,398,3,3
576,399,3,3
576,400,3,3
576,401,3,3
576,402,3,2
576,403,3,2
576,404,3,2
576,405,3,2
576,406,3,2
576,407,3,2
576,408,3,2
576,409,3,2
576,410,3,2
576,411,3,2
576,412,3,2
576,413,3,2
576,414,3,2
576,415,3,2
576,416,3,2
576,417,3,2
576,418,3,2
576,419,3,2
576,420,3,2
576,421,3,2
576,422,3,2
576,423,3,2
576,424,3,2
576,425,3,2
576,426,3,2
576,427,3,2
576,428,3,2
576,429,3,2
576,430,3,2
576,431,3,2
576,432,3,2
576,433,3,2
576,434,3,2
576,435,3,2
576,436,3,2
576,437,3,2
576,438,3,2
576,439,3,2
576,440,3,2
576,441,3,2
576,442,3,2
576,443,3,2
576,444,3,2
576,445,3,2
576,446,3,2
576,447,3,2
576,448,3,2
576,449,3,2
576,450,3,2
576,451,3,2
576,452,3,2
576,453,3,3
576,454,3,3
576,455,3,3
576,456,3,3
576,457,3,3
576,458,3,3
576,459,3,3
576,460,3,3
576,461,3,3
576,462,3,3
576,463,3,3
576,464,3,3
576,465,3,3
576,466,3,3
576,467,3,3
576,468,3,3
576,469,3,3
576,470,3,3
576,471,3,3
576,472,3,3
576,473,3,3
576,474,3,3
576,475,3,3
576,476,3,3
576,477,3,3
576,478,3,3
576,479,3,3
576,480,3,3
576,481,3,3
576,482,3,3
576,483,3,3
576,484,3,3
576,485,3,3
576,486,3,2
576,487,3,2
576,488,3,2
576,489,3,2
576,490,3,3
576,491,3,3
576,492,3,3
576,493,3,3
576,494,3,3
576,495,3,3
576,496,3,3
576,497,3,3
576,498,3,3
576,499,3,3
576,500,3,3
576,501,3,3
576,502,3,3
576,503,3,3
576,504,3,3
576,505,3,3
576,506,3,3
576,507,3,3
576,508,3,3
576,509,3,3
576,510,3,3
576,511,3,3
576,512,3,3
576,513,3,3
576,514,3,2
576,515,3,2
576,516,3,2
576,517,3,2
576,518,3,2
576,519,3,2
576,520,3,2
576,521,3,2
576,522,3,2
576,523,3,2
576,524,3,2
576,525,3,2
576,526,3,2
576,527,3,2
576,528,3,2
576,529,3,2
576,530,3,2
576,531,3,3
576,532,3,3
576,533,3,3
576,534,3,3
576,535,3,3
576,536,3,3
576,537,3,3
576,538,3,3
576,539,3,3
576,540,3,3
576,541,3,3
576,542,3,3
576,543,3,3
576,544,3,3
576,545,3,3
576,546,3,2
576,547,3,2
576,548,3,2
576,549,3,2
576,550,3,2
576,551,3,2
576,552,3,2
576,553,3,2
576,554,3,2
576,555,3,2
576,556,3,2
576,557,3,2
576,558,3,2
576,559,3,2
576,560,3,2
576,561,3,2
576,562,3,2
576,563,3,2
576,564,3,2
576,565,3,2
576,566,3,2
576,567,3,2
576,568,3,2
576,569,3,2
576,570,3,2
576,571,3,2
576,572,3,2
576,573,3,2
576,574,3,2
576,575,3,2
576,576,3,2
576,577,3,2
576,578,3,2
576,579,3,2
576,580,3,2
576,581,3,2
576,582,3,2
576,583,3,2
576,584,3,2
576,585,3,2
576,586,3,2
576,587,3,2
576,588,3,2
576,589,3,2
576,590,3,2
576,591,3,2
576,592,3,2
576,593,3,2
576,594,3,2
576,595,3,2
576,596,3,2
576,597,3,2
576,598,3,2
576,599,3,2
576,600,3,2
576,601,3,2
576,602,3,2
576,603,3,2
576,604,3,2
576,605,3,2
576,606,3,2
576,607,3,2
576,608,3,2
576,609,3,2
576,610,3,2
576,611,3,2
576,612,3,2
576,613,3,2
576,614,3,2
576,615,3,2
576,616,3,2
576,617,3,2
576,618,3,2
576,619,3,2
576,620,3,2
576,621,3,2
576,622,3,2
577,87,3,2
577,88,3,2
577,89,3,2
577,90,3,2
577,91,3,2
577,92,3,2
577,93,3,2
577,94,3,2
577,95,3,2
577,96,3,2
577,97,3,2
577,98,3,2
577,99,3,2
577,100,3,2
577,101,3,2
577,102,3,2
577,103,3,2
577,104,3,2
577,105,3,2
577,106,3,2
577,107,3,2
577,108,3,2
577,109,3,2
577,110,3,2
577,111,3,2
577,112,3,2
577,113,3,2
577,114,3,2
577,115,3,2
577,116,3,2
577,117,3,2
577,118,3,2
577,119,3,2
577,120,3,2
577,121,3,2
577,122,3,2
577,123,3,2
577,124,3,2
577,125,3,2
577,126,3,2
577,127,3,2
577,128,3,2
577,129,3,2
577,130,3,2
577,131,3,2
577,132,3,2
577,133,3,2
577,134,3,2
577,135,3,2
577,136,3,2
577,137,3,2
577,138,3,2
577,139,3,2
577,140,3,2
577,141,3,2
577,142,3,2
577,143,3,2
577,144,3,2
577,145,3,2
577,146,3,2
577,147,3,2
577,148,3,2
577,149,3,2
577,150,3,2
577,151,3,2
577,152,3,2
577,153,3,2
577,154,3,2
577,155,3,2
577,156,3,2
577,157,3,2
577,158,3,2
577,159,3,2
577,160,3,2
577,161,3,2
577,162,3,2
577,163,3,2
577,164,3,2
577,165,3,2
577,166,3,2
577,167,3,2
577,168,3,2
577,169,3,2
577,170,3,2
577,171,3,2
577,172,3,2
577,173,3,2
577,174,3,2
577,175,3,2
577,176,3,2
577,177,3,2
577,178,3,2
577,179,3,2
577,180,3,2
577,181,3,2
577,182,3,2
577,183,3,2
577,184,3,2
577,185,3,2
577,186,3,2
577,187,3,2
577,188,3,2
577,189,3,2
577,190,3,2
577,191,3,2
577,192,3,2
577,193,3,2
577,194,3,2
577,195,3,2
577,196,3,2
577,197,3,2
577,198,3,2
577,199,3,2
577,200,3,2
577,201,3,2
577,202,3,2
577,203,3,2
577,204,3,2
577,205,3,2
577,206,3,2
577,207,3,2
577,208,3,2
577,209,3,2
577,210,3,2
577,211,3,2
577,212,3,2
577,213,3,2
577,214,3,2
577,215,3,2
577,216,3,2
577,217,3,2
577,218,3,2
577,219,3,2
577,220,3,2
577,221,3,2
577,222,3,2
577,223,3,2
577,224,3,2
577,225,3,2
577,226,3,2
577,227,3,2
577,228,3,2
577,229,3,2
577,230,3,2
577,231,3,2
577,232,3,2
577,233,3,2
577,234,3,2
577,235,3,2
577,236,3,2
577,237,3,2
577,238,3,2
577,239,3,2
577,240,3,2
577,241,3,2
577,242,3,2
577,243,3,2
577,244,3,2
577,245,3,2
577,246,3,2
577,247,3,2
577,248,3,2
577,249,3,2
577,250,3,2
577,251,3,2
577,252,3,2
577,253,3,2
577,254,3,2
577,255,3,2
577,256,3,2
577,257,3,2
577,258,3,2
577,259,3,2
577,260,3,2
577,261,3,2
577,262,3,2
577,263,3,2
577,264,3,2
577,265,3,2
577,266,3,2
577,267,3,2
577,268,3,2
577,269,3,2
577,270,3,2
577,271,3,2
577,272,3,2
577,273,3,2
577,274,3,2
577,275,3,2
577,276,3,2
577,277,3,2
577,278,3,2
577,279,3,2
577,280,3,2
577,281,3,2
577,282,3,2
577,283,3,2
577,284,3,2
577,285,3,2
577,286,3,2
577,287,3,2
577,288,3,2
577,289,3,2
577,290,3,2
577,291,3,2
577,292,3,2
577,293,3,2
577,294,3,2
577,295,3,2
577,296,3,2
577,297,3,2
577,298,3,2
577,299,3,2
577,300,3,2
577,301,3,2
577,302,3,2
577,303,3,2
577,304,3,2
577,305,3,2
577,306,3,2
577,307,3,2
577,308,3,2
577,309,3,2
577,310,3,2
577,311,3,2
577,312,3,2
577,313,3,2
577,314,3,2
577,315,3,2
577,316,3,2
577,317,3,2
577,318,3,2
577,319,3,2
577,320,3,2
577,321,3,2
577,322,3,2
577,323,3,2
577,324,3,2
577,325,3,2
577,326,3,2
577,327,3,2
577,328,3,2
577,329,3,2
577,330,3,2
577,331,3,2
577,332,3,2
577,333,3,2
577,334,3,2
577,335,3,2
577,336,3,2
577,337,3,2
577,338,3,2
577,339,3,2
577,340,3,2
577,341,3,2
577,342,3,2
577,343,3,2
577,344,3,2
577,345,3,2
577,346,3,2
577,347,3,2
577,348,3,2
577,349,3,2
577,350,3,2
577,351,3,2
577,352,3,2
577,353,3,2
577,354,3,2
577,355,3,2
577,356,3,2
577,357,3,2
577,358,3,2
577,359,3,2
577,360,3,2
577,361,3,2
577,362,3,2
577,363,3,2
577,364,3,2
577,365,3,2
577,366,3,2
577,367,3,2
577,368,3,2
577,369,3,2
577,370,3,2
577,371,3,2
577,372,3,2
577,373,3,2
577,374,3,2
577,375,3,2
577,376,3,2
577,377,3,2
577,378,3,2
577,379,3,2
577,380,3,2
577,381,3,2
577,382,3,2
577,383,3,2
577,384,3,2
577,385,3,2
577,386,3,2
577,387,3,2
577,388,3,2
577,389,3,2
577,390,3,2
577,391,3,2
577,392,3,2
577,393,3,3
577,394,3,3
577,395,3,3
577,396,3,3
577,397,3,3
577,398,3,3
577,399,3,3
577,400,3,3
577,401,3,3
577,402,3,3
577,403,3,2
577,404,3,2
577,405,3,2
577,406,3,2
577,407,3,2
577,408,3,2
577,409,3,2
577,410,3,2
577,411,3,2
577,412,3,2
577,413,3,2
577,414,3,2
577,415,3,2
577,416,3,2
577,417,3,2
577,418,3,2
577,419,3,2
577,420,3,2
577,421,3,2
577,422,3,2
577,423,3,2
577,424,3,2
577,425,3,2
577,426,3,2
577,427,3,2
577,428,3,2
577,429,3,2
577,430,3,2
577,431,3,2
577,432,3,2
577,433,3,2
577,434,3,2
577,435,3,2
577,436,3,2
577,437,3,2
577,438,3,2
577,439,3,2
577,440,3,2
577,441,3,2
577,442,3,2
577,443,3,2
577,444,3,2
577,445,3,2
577,446,3,2
577,447,3,2
577,448,3,2
577,449,3,2
577,450,3,2
577,451,3,2
577,452,3,2
577,453,3,2
577,454,3,3
577,455,3,3
577,456,3,3
577,457,3,3
577,458,3,3
577,459,3,3
577,460,3,3
577,461,3,3
577,462,3,3
577,463,3,3
577,464,3,3
577,465,3,3
577,466,3,3
577,467,3,3
577,468,3,3
577,469,3,3
577,470,3,3
577,471,3,3
577,472,3,3
577,473,3,3
577,474,3,3
577,475,3,3
577,476,3,3
577,477,3,3
577,478,3,3
577,479,3,3
577,480,3,3
577,481,3,3
577,482,3,3
577,483,3,3
577,484,3,3
577,485,3,3
577,486,3,3
577,487,3,3
577,488,3,3
577,489,3,3
577,490,3,3
577,491,3,3
577,492,3,3
577,493,3,3
577,494,3,3
577,495,3,3
577,496,3,3
577,497,3,3
577,498,3,3
577,499,3,3
577,500,3,3
577,501,3,3
577,502,3,3
577,503,3,3
577,504,3,3
577,505,3,3
577,506,3,3
577,507,3,3
577,508,3,3
577,509,3,3
577,510,3,3
577,511,3,3
577,512,3,3
577,513,3,2
577,514,3,2
577,515,3,2
577,516,3,2
577,517,3,2
577,518,3,2
577,519,3,2
577,520,3,2
577,521,3,2
577,522,3,2
577,523,3,2
577,524,3,2
577,525,3,2
577,526,3,2
577,527,3,2
577,528,3,2
577,529,3,2
577,530,3,2
577,531,3,2
577,532,3,2
577,533,3,3
577,534,3,3
577,535,3,3
577,536,3,3
577,537,3,3
577,538,3,3
577,539,3,3
577,540,3,3
577,541,3,3
577,542,3,3
577,543,3,3
577,544,3,3
577,545,3,3
577,546,3,2
577,547,3,2
577,548,3,2
577,549,3,2
577,550,3,2
577,551,3,2
577,552,3,2
577,553,3,2
577,554,3,2
577,555,3,2
577,556,3,2
577,557,3,2
577,558,3,2
577,559,3,2
577,560,3,2
577,561,3,2
577,562,3,2
577,563,3,2
577,564,3,2
577,565,3,2
577,566,3,2
577,567,3,2
577,568,3,2
577,569,3,2
577,570,3,2
577,571,3,2
577,572,3,2
577,573,3,2
577,574,3,2
577,575,3,2
577,576,3,2
577,577,3,2
577,578,3,2
577,579,3,2
577,580,3,2
577,581,3,2
577,582,3,2
577,583,3,2
577,584,3,2
577,585,3,2
577,586,3,2
577,587,3,2
577,588,3,2
577,589,3,2
577,590,3,2
577,591,3,2
577,592,3,2
577,593,3,2
577,594,3,2
577,595,3,2
577,596,3,2
577,597,3,2
577,598,3,2
577,599,3,2
577,600,3,2
577,601,3,2
577,602,3,2
577,603,3,2
577,604,3,2
577,605,3,2
577,606,3,2
577,607,3,2
577,608,3,2
577,609,3,2
577,610,3,2
577,611,3,2
577,612,3,2
577,613,3,2
577,614,3,2
577,615,3,2
577,616,3,2
577,617,3,2
577,618,3,2
577,619,3,2
577,620,3,2
577,621,3,2
578,87,3,2
578,88,3,2
578,89,3,2
578,90,3,2
578,91,3,2
578,92,3,2
578,93,3,2
578,94,3,2
578,95,3,2
578,96,3,2
578,97,3,2
578,98,3,2
578,99,3,2
578,100,3,2
578,101,3,2
578,102,3,2
578,103,3,2
578,104,3,2
578,105,3,2
578,106,3,2
578,107,3,2
578,108,3,2
578,109,3,2
578,110,3,2
578,111,3,2
578,112,3,2
578,113,3,2
578,114,3,2
578,115,3,2
578,116,3,2
578,117,3,2
578,118,3,2
578,119,3,2
578,120,3,2
578,121,3,2
578,122,3,2
578,123,3,2
578,124,3,2
578,125,3,2
578,126,3,2
578,127,3,2
578,128,3,2
578,129,3,2
578,130,3,2
578,131,3,2
578,132,3,2
578,133,3,2
578,134,3,2
578,135,3,2
578,136,3,2
578,137,3,2
578,138,3,2
578,139,3,2
578,140,3,2
578,141,3,2
578,142,3,2
578,143,3,2
578,144,3,2
578,145,3,2
578,146,3,2
578,147,3,2
578,148,3,2
578,149,3,2
578,150,3,2
578,151,3,2
578,152,3,2
578,153,3,2
578,154,3,2
578,155,3,2
578,156,3,2
578,157,3,2
578,158,3,2
578,159,3,2
578,160,3,2
578,161,3,2
578,162,3,2
578,163,3,2
578,164,3,2
578,165,3,2
578,166,3,2
578,167,3,2
578,168,3,2
578,169,3,2
578,170,3,2
578,171,3,2
578,172,3,2
578,173,3,2
578,174,3,2
578,175,3,2
578,176,3,2
578,177,3,2
578,178,3,2
578,179,3,2
578,180,3,2
578,181,3,2
578,182,3,2
578,183,3,2
578,184,3,2
578,185,3,2
578,186,3,2
578,187,3,2
578,188,3,2
578,189,3,2
578,190,3,2
578,191,3,2
578,192,3,2
578,193,3,2
578,194,3,2
578,195,3,2
578,196,3,2
578,197,3,2
578,198,3,2
578,199,3,2
578,200,3,2
578,201,3,2
578,202,3,2
578,203,3,2
578,204,3,2
578,205,3,2
578,206,3,2
578,207,3,2
578,208,3,2
578,209,3,2
578,210,3,2
578,211,3,2
578,212,3,2
578,213,3,2
578,214,3,2
578,215,3,2
578,216,3,2
578,217,3,2
578,218,3,2
578,219,3,2
578,220,3,2
578,221,3,2
578,222,3,2
578,223,3,2
578,224,3,2
578,225,3,2
578,226,3,2
578,227,3,2
578,228,3,2
578,229,3,2
578,230,3,2
578,231,3,2
578,232,3,2
578,233,3,2
578,234,3,2
578,235,3,2
578,236,3,2
578,237,3,2
578,238,3,2
578,239,3,2
578,240,3,2
578,241,3,2
578,242,3,2
578,243,3,2
578,244,3,2
578,245,3,2
578,246,3,2
578,247,3,2
578,248,3,2
578,249,3,2
578,250,3,2
578,251,3,2
578,252,3,2
578,253,3,2
578,254,3,2
578,255,3,2
578,256,3,2
578,257,3,2
578,258,3,2
578,259,3,2
578,260,3,2
578,261,3,2
578,262,3,2
578,263,3,2
578,264,3,2
578,265,3,2
578,266,3,2
578,267,3,2
578,268,3,2
578,269,3,2
578,270,3,2
578,271,3,2
578,272,3,2
578,273,3,2
578,274,3,2
578,275,3,2
578,276,3,2
578,277,3,2
578,278,3,2
578,279,3,2
578,280,3,2
578,281,3,2
578,282,3,2
578,283,3,2
578,284,3,2
578,285,3,2
578,286,3,2
578,287,3,2
578,288,3,2
578,289,3,2
578,290,3,2
578,291,3,2
578,292,3,2
578,293,3,2
578,294,3,2
578,295,3,2
578,296,3,2
578,297,3,2
578,298,3,2
578,299,3,2
578,300,3,2
578,301,3,2
578,302,3,2
578,303,3,2
578,304,3,2
578,305,3,2
578,306,3,2
578,307,3,2
578,308,3,2
578,309,3,2
578,310,3,2
578,311,3,2
578,312,3,2
578,313,3,2
578,314,3,2
578,315,3,2
578,316,3,2
578,317,3,2
578,318,3,2
578,319,3,2
578,320,3,2
578,321,3,2
578,322,3,2
578,323,3,2
578,324,3,2
578,325,3,2
578,326,3,2
578,327,3,2
578,328,3,2
578,329,3,2
578,330,3,2
578,331,3,2
578,332,3,2
578,333,3,2
578,334,3,2
578,335,3,2
578,336,3,2
578,337,3,2
578,338,3,2
578,339,3,2
578,340,3,2
578,341,3,2
578,342,3,2
578,343,3,2
578,344,3,2
578,345,3,2
578,346,3,2
578,347,3,2
578,348,3,2
578,349,3,2
578,350,3,2
578,351,3,2
578,352,3,2
578,353,3,2
578,354,3,2
578,355,3,2
578,356,3,2
578,357,3,2
578,358,3,2
578,359,3,2
578,360,3,2
578,361,3,2
578,362,3,2
578,363,3,2
578,364,3,2
578,365,3,2
578,366,3,2
578,367,3,2
578,368,3,2
578,369,3,2
578,370,3,2
578,371,3,2
578,372,3,2
578,373,3,2
578,374,3,2
578,375,3,2
578,376,3,2
578,377,3,2
578,378,3,2
578,379,3,2
578,380,3,2
578,381,3,2
578,382,3,2
578,383,3,2
578,384,3,2
578,385,3,2
578,386,3,2
578,387,3,2
578,388,3,2
578,389,3,2
578,390,3,2
578,391,3,2
578,392,3,3
578,393,3,3
578,394,3,3
578,395,3,3
578,396,3,3
578,397,3,3
578,398,3,3
578,399,3,3
578,400,3,3
578,401,3,3
578,402,3,3
578,403,3,3
578,404,3,2
578,405,3,2
578,406,3,2
578,407,3,2
578,408,3,2
578,409,3,2
578,410,3,2
578,411,3,2
578,412,3,2
578,413,3,2
578,414,3,2
578,415,3,2
578,416,3,2
578,417,3,2
578,418,3,2
578,419,3,2
578,420,3,2
578,421,3,2
578,422,3,2
578,423,3,2
578,424,3,2
578,425,3,2
578,426,3,2
578,427,3,2
578,428,3,2
578,429,3,2
578,430,3,2
578,431,3,2
578,432,3,2
578,433,3,2
578,434,3,2
578,435,3,2
578,436,3,2
578,437,3,2
578,438,3,2
578,439,3,2
578,440,3,2
578,441,3,2
578,442,3,2
578,443,3,2
578,444,3,2
578,445,3,2
578,446,3,2
578,447,3,2
578,448,3,2
578,449,3,2
578,450,3,2
578,451,3,2
578,452,3,2
578,453,3,2
578,454,3,2
578,455,3,2
578,456,3,3
578,457,3,3
578,458,3,3
578,459,3,3
578,460,3,3
578,461,3,3
578,462,3,3
578,463,3,3
578,464,3,3
578,465,3,3
578,466,3,3
578,467,3,3
578,468,3,3
578,469,3,3
578,470,3,3
578,471,3,3
578,472,3,3
578,473,3,3
578,474,3,3
578,475,3,3
578,476,3,3
578,477,3,3
578,478,3,3
578,479,3,3
578,480,3,3
578,481,3,3
578,482,3,3
578,483,3,3
578,484,3,3
578,485,3,3
578,486,3,3
578,487,3,3
578,488,3,3
578,489,3,3
578,490,3,3
578,491,3,3
578,492,3,3
578,493,3,3
578,494,3,3
578,495,3,3
578,496,3,3
578,497,3,3
578,498,3,3
578,499,3,3
578,500,3,3
578,501,3,3
578,502,3,3
578,503,3,3
578,504,3,3
578,505,3,3
578,506,3,3
578,507,3,3
578,508,3,3
578,509,3,3
578,510,3,3
578,511,3,3
578,512,3,3
578,513,3,2
578,514,3,2
578,515,3,2
578,516,3,2
578,517,3,2
578,518,3,2
578,519,3,2
578,520,3,2
578,521,3,2
578,522,3,2
578,523,3,2
578,524,3,2
578,525,3,2
578,526,3,2
578,527,3,2
578,528,3,2
578,529,3,2
578,530,3,2
578,531,3,2
578,532,3,2
578,533,3,2
578,534,3,2
578,535,3,3
578,536,3,3
578,537,3,3
578,538,3,3
578,539,3,3
578,540,3,3
578,541,3,3
578,542,3,3
578,543,3,3
578,544,3,3
578,545,3,3
578,546,3,3
578,547,3,2
578,548,3,2
578,549,3,2
578,550,3,2
578,551,3,2
578,552,3,2
578,553,3,2
578,554,3,2
578,555,3,2
578,556,3,2
578,557,3,2
578,558,3,2
578,559,3,2
578,560,3,2
578,561,3,2
578,562,3,2
578,563,3,2
578,564,3,2
578,565,3,2
578,566,3,2
578,567,3,2
578,568,3,2
578,569,3,2
578,570,3,2
578,571,3,2
578,572,3,2
578,573,3,2
578,574,3,2
578,575,3,2
578,576,3,2
578,577,3,2
578,578,3,2
578,579,3,2
578,580,3,2
578,581,3,2
578,582,3,2
578,583,3,2
578,584,3,2
578,585,3,2
578,586,3,2
578,587,3,2
578,588,3,2
578,589,3,2
578,590,3,2
578,591,3,2
578,592,3,2
578,593,3,2
578,594,3,2
578,595,3,2
578,596,3,2
578,597,3,2
578,598,3,2
578,599,3,2
578,600,3,2
578,601,3,2
578,602,3,2
578,603,3,2
578,604,3,2
578,605,3,2
578,606,3,2
578,607,3,2
578,608,3,2
578,609,3,2
578,610,3,2
578,611,3,2
578,612,3,2
578,613,3,2
578,614,3,2
578,615,3,2
578,616,3,2
578,617,3,2
578,618,3,2
578,619,3,2
578,620,3,2
578,621,3,2
579,88,3,2
579,89,3,2
579,90,3,2
579,91,3,2
579,92,3,2
579,93,3,2
579,94,3,2
579,95,3,2
579,96,3,2
579,97,3,2
579,98,3,2
579,99,3,2
579,100,3,2
579,101,3,2
579,102,3,2
579,103,3,2
579,104,3,2
579,105,3,2
579,106,3,2
579,107,3,2
579,108,3,2
579,109,3,2
579,110,3,2
579,111,3,2
579,112,3,2
579,113,3,2
579,114,3,2
579,115,3,2
579,116,3,2
579,117,3,2
579,118,3,2
579,119,3,2
579,120,3,2
579,121,3,2
579,122,3,2
579,123,3,2
579,124,3,2
579,125,3,2
579,126,3,2
579,127,3,2
579,128,3,2
579,129,3,2
579,130,3,2
579,131,3,2
579,132,3,2
579,133,3,2
579,134,3,2
579,135,3,2
579,136,3,2
579,137,3,2
579,138,3,2
579,139,3,2
579,140,3,2
579,141,3,2
579,142,3,2
579,143,3,2
579,144,3,2
579,145,3,2
579,146,3,2
579,147,3,2
579,148,3,2
579,149,3,2
579,150,3,2
579,151,3,2
579,152,3,2
579,153,3,2
579,154,3,2
579,155,3,2
579,156,3,2
579,157,3,2
579,158,3,2
579,159,3,2
579,160,3,2
579,161,3,2
579,162,3,2
579,163,3,2
579,164,3,2
579,165,3,2
579,166,3,2
579,167,3,2
579,168,3,2
579,169,3,2
579,170,3,2
579,171,3,2
579,172,3,2
579,173,3,2
579,174,3,2
579,175,3,2
579,176,3,2
579,177,3,2
579,178,3,2
579,179,3,2
579,180,3,2
579,181,3,2
579,182,3,2
579,183,3,2
579,184,3,2
579,185,3,2
579,186,3,2
579,187,3,2
579,188,3,2
579,189,3,2
579,190,3,2
579,191,3,2
579,192,3,2
579,193,3,2
579,194,3,2
579,195,3,2
579,196,3,2
579,197,3,2
579,198,3,2
579,199,3,2
579,200,3,2
579,201,3,2
579,202,3,2
579,203,3,2
579,204,3,2
579,205,3,2
579,206,3,2
579,207,3,2
579,208,3,2
579,209,3,2
579,210,3,2
579,211,3,2
579,212,3,2
579,213,3,2
579,214,3,2
579,215,3,2
579,216,3,2
579,217,3,2
579,218,3,2
579,219,3,2
579,220,3,2
579,221,3,2
579,222,3,2
579,223,3,2
579,224,3,2
579,225,3,2
579,226,3,2
579,227,3,2
579,228,3,2
579,229,3,2
579,230,3,2
579,231,3,2
579,232,3,2
579,233,3,2
579,234,3,2
579,235,3,2
579,236,3,2
579,237,3,2
579,238,3,2
579,239,3,2
579,240,3,2
579,241,3,2
579,242,3,2
579,243,3,2
579,244,3,2
579,245,3,2
579,246,3,2
579,247,3,2
579,248,3,2
579,249,3,2
579,250,3,2
579,251,3,2
579,252,3,2
579,253,3,2
579,254,3,2
579,255,3,2
579,256,3,2
579,257,3,2
579,258,3,2
579,259,3,2
579,260,3,2
579,261,3,2
579,262,3,2
579,263,3,2
579,264,3,2
579,265,3,2
579,266,3,2
579,267,3,2
579,268,3,2
579,269,3,2
579,270,3,2
579,271,3,2
579,272,3,2
579,273,3,2
579,274,3,2
579,275,3,2
579,276,3,2
579,277,3,2
579,278,3,2
579,279,3,2
579,280,3,2
579,281,3,2
579,282,3,2
579,283,3,2
579,284,3,2
579,285,3,2
579,286,3,2
579,287,3,2
579,288,3,2
579,289,3,2
579,290,3,2
579,291,3,2
579,292,3,2
579,293,3,2
579,294,3,2
579,295,3,2
579,296,3,2
579,297,3,2
579,298,3,2
579,299,3,2
579,300,3,2
579,301,3,2
579,302,3,2
579,303,3,2
579,304,3,2
579,305,3,2
579,306,3,2
579,307,3,2
579,308,3,2
579,309,3,2
579,310,3,2
579,311,3,2
579,312,3,2
579,313,3,2
579,314,3,2
579,315,3,2
579,316,3,2
579,317,3,2
579,318,3,2
579,319,3,2
579,320,3,2
579,321,3,2
579,322,3,2
579,323,3,2
579,324,3,2
579,325,3,2
579,326,3,2
579,327,3,2
579,328,3,2
579,329,3,2
579,330,3,2
579,331,3,2
579,332,3,2
579,333,3,2
579,334,3,2
579,335,3,2
579,336,3,2
579,337,3,2
579,338,3,2
579,339,3,2
579,340,3,2
579,341,3,2
579,342,3,2
579,343,3,2
579,344,3,2
579,345,3,2
579,346,3,2
579,347,3,2
579,348,3,2
579,349,3,2
579,350,3,2
579,351,3,2
579,352,3,2
579,353,3,2
579,354,3,2
579,355,3,2
579,356,3,2
579,357,3,2
579,358,3,2
579,359,3,2
579,360,3,2
579,361,3,2
579,362,3,2
579,363,3,2
579,364,3,2
579,365,3,2
579,366,3,2
579,367,3,2
579,368,3,2
579,369,3,2
579,370,3,2
579,371,3,2
579,372,3,2
579,373,3,2
579,374,3,2
579,375,3,2
579,376,3,2
579,377,3,2
579,378,3,2
579,379,3,2
579,380,3,2
579,381,3,2
579,382,3,2
579,383,3,2
579,384,3,2
579,385,3,2
579,386,3,2
579,387,3,2
579,388,3,2
579,389,3,2
579,390,3,2
579,391,3,3
579,392,3,3
579,393,3,3
579,394,3,3
579,395,3,3
579,396,3,3
579,397,3,3
579,398,3,3
579,399,3,3
579,400,3,3
579,401,3,3
579,402,3,3
579,403,3,3
579,404,3,2
579,405,3,2
579,406,3,2
579,407,3,2
579,408,3,2
579,409,3,2
579,410,3,2
579,411,3,2
579,412,3,2
579,413,3,2
579,414,3,2
579,415,3,2
579,416,3,2
579,417,3,3
579,418,3,3
579,419,3,3
579,420,3,3
579,421,3,3
579,422,3,2
579,423,3,2
579,424,3,2
579,425,3,2
579,426,3,2
579,427,3,2
579,428,3,2
579,429,3,2
579,430,3,2
579,431,3,2
579,432,3,2
579,433,3,2
579,434,3,2
579,435,3,2
579,436,3,2
579,437,3,2
579,438,3,2
579,439,3,2
579,440,3,2
579,441,3,2
579,442,3,2
579,443,3,2
579,444,3,2
579,445,3,2
579,446,3,2
579,447,3,2
579,448,3,2
579,449,3,2
579,450,3,2
579,451,3,2
579,452,3,2
579,453,3,2
579,454,3,2
579,455,3,2
579,456,3,3
579,457,3,3
579,458,3,3
579,459,3,3
579,460,3,3
579,461,3,3
579,462,3,3
579,463,3,3
579,464,3,3
579,465,3,3
579,466,3,3
579,467,3,3
579,468,3,3
579,469,3,3
579,470,3,3
579,471,3,3
579,472,3,3
579,473,3,3
579,474,3,3
579,475,3,3
579,476,3,3
579,477,3,3
579,478,3,3
579,479,3,3
579,480,3,3
579,481,3,3
579,482,3,3
579,483,3,3
579,484,3,3
579,485,3,3
579,486,3,3
579,487,3,3
579,488,3,3
579,489,3,3
579,490,3,3
579,491,3,3
579,492,3,3
579,493,3,3
579,494,3,3
579,495,3,3
579,496,3,3
579,497,3,3
579,498,3,3
579,499,3,3
579,500,3,3
579,501,3,3
579,502,3,3
579,503,3,3
579,504,3,3
579,505,3,3
579,506,3,3
579,507,3,3
579,508,3,3
579,509,3,3
579,510,3,3
579,511,3,3
579,512,3,3
579,513,3,2
579,514,3,2
579,515,3,2
579,516,3,2
579,517,3,2
579,518,3,2
579,519,3,2
579,520,3,2
579,521,3,2
579,522,3,2
579,523,3,2
579,524,3,2
579,525,3,2
579,526,3,2
579,527,3,2
579,528,3,2
579,529,3,2
579,530,3,2
579,531,3,2
579,532,3,2
579,533,3,2
579,534,3,2
579,535,3,2
579,536,3,2
579,537,3,2
579,538,3,3
579,539,3,3
579,540,3,3
579,541,3,3
579,542,3,3
579,543,3,3
579,544,3,3
579,545,3,3
579,546,3,3
579,547,3,2
579,548,3,2
579,549,3,2
579,550,3,2
579,551,3,2
579,552,3,2
579,553,3,2
579,554,3,2
579,555,3,2
579,556,3,2
579,557,3,2
579,558,3,2
579,559,3,2
579,560,3,2
579,561,3,2
579,562,3,2
579,563,3,2
579,564,3,2
579,565,3,2
579,566,3,2
579,567,3,2
579,568,3,2
579,569,3,2
579,570,3,2
579,571,3,2
579,572,3,2
579,573,3,2
579,574,3,2
579,575,3,2
579,576,3,2
579,577,3,2
579,578,3,2
579,579,3,2
579,580,3,2
579,581,3,2
579,582,3,2
579,583,3,2
579,584,3,2
579,585,3,2
579,586,3,2
579,587,3,2
579,588,3,2
579,589,3,2
579,590,3,2
579,591,3,2
579,592,3,2
579,593,3,2
579,594,3,2
579,595,3,2
579,596,3,2
579,597,3,2
579,598,3,2
579,599,3,2
579,600,3,2
579,601,3,2
579,602,3,2
579,603,3,2
579,604,3,2
579,605,3,2
579,606,3,2
579,607,3,2
579,608,3,2
579,609,3,2
579,610,3,2
579,611,3,2
579,612,3,2
579,613,3,2
579,614,3,2
579,615,3,2
579,616,3,2
579,617,3,2
579,618,3,2
579,619,3,2
579,620,3,2
580,88,3,2
580,89,3,2
580,90,3,2
580,91,3,2
580,92,3,2
580,93,3,2
580,94,3,2
580,95,3,2
580,96,3,2
580,97,3,2
580,98,3,2
580,99,3,2
580,100,3,2
580,101,3,2
580,102,3,2
580,103,3,2
580,104,3,2
580,105,3,2
580,106,3,2
580,107,3,2
580,108,3,2
580,109,3,2
580,110,3,2
580,111,3,2
580,112,3,2
580,113,3,2
580,114,3,2
580,115,3,2
580,116,3,2
580,117,3,2
580,118,3,2
580,119,3,2
580,120,3,2
580,121,3,2
580,122,3,2
580,123,3,2
580,124,3,2
580,125,3,2
580,126,3,2
580,127,3,2
580,128,3,2
580,129,3,2
580,130,3,2
580,131,3,2
580,132,3,2
580,133,3,2
580,134,3,2
580,135,3,2
580,136,3,2
580,137,3,2
580,138,3,2
580,139,3,2
580,140,3,2
580,141,3,2
580,142,3,2
580,143,3,2
580,144,3,2
580,145,3,2
580,146,3,2
580,147,3,2
580,148,3,2
580,149,3,2
580,150,3,2
580,151,3,2
580,152,3,2
580,153,3,2
580,154,3,2
580,155,3,2
580,156,3,2
580,157,3,2
580,158,3,2
580,159,3,2
580,160,3,2
580,161,3,2
580,162,3,2
580,163,3,2
580,164,3,2
580,165,3,2
580,166,3,2
580,167,3,2
580,168,3,2
580,169,3,2
580,170,3,2
580,171,3,2
580,172,3,2
580,173,3,2
580,174,3,2
580,175,3,2
580,176,3,2
580,177,3,2
580,178,3,2
580,179,3,2
580,180,3,2
580,181,3,2
580,182,3,2
580,183,3,2
580,184,3,2
580,185,3,2
580,186,3,2
580,187,3,2
580,188,3,2
580,189,3,2
580,190,3,2
580,191,3,2
580,192,3,2
580,193,3,2
580,194,3,2
580,195,3,2
580,196,3,2
580,197,3,2
580,198,3,2
580,199,3,2
580,200,3,2
580,201,3,2
580,202,3,2
580,203,3,2
580,204,3,2
580,205,3,2
580,206,3,2
580,207,3,2
580,208,3,2
580,209,3,2
580,210,3,2
580,211,3,2
580,212,3,2
580,213,3,2
580,214,3,2
580,215,3,2
580,216,3,2
580,217,3,2
580,218,3,2
580,219,3,2
580,220,3,2
580,221,3,2
580,222,3,2
580,223,3,2
580,224,3,2
580,225,3,2
580,226,3,2
580,227,3,2
580,228,3,2
580,229,3,2
580,230,3,2
580,231,3,2
580,232,3,2
580,233,3,2
580,234,3,2
580,235,3,2
580,236,3,2
580,237,3,2
580,238,3,2
580,239,3,2
580,240,3,2
580,241,3,2
580,242,3,2
580,243,3,2
580,244,3,2
580,245,3,2
580,246,3,2
580,247,3,2
580,248,3,2
580,249,3,2
580,250,3,2
580,251,3,2
580,252,3,2
580,253,3,2
580,254,3,2
580,255,3,2
580,256,3,2
580,257,3,2
580,258,3,2
580,259,3,2
580,260,3,2
580,261,3,2
580,262,3,2
580,263,3,2
580,264,3,2
580,265,3,2
580,266,3,2
580,267,3,2
580,268,3,2
580,269,3,2
580,270,3,2
580,271,3,2
580,272,3,2
580,273,3,2
580,274,3,2
580,275,3,2
580,276,3,2
580,277,3,2
580,278,3,2
580,279,3,2
580,280,3,2
580,281,3,2
580,282,3,2
580,283,3,2
580,284,3,2
580,285,3,2
580,286,3,2
580,287,3,2
580,288,3,2
580,289,3,2
580,290,3,2
580,291,3,2
580,292,3,2
580,293,3,2
580,294,3,2
580,295,3,2
580,296,3,2
580,297,3,2
580,298,3,2
580,299,3,2
580,300,3,2
580,301,3,2
580,302,3,2
580,303,3,2
580,304,3,2
580,305,3,2
580,306,3,2
580,307,3,2
580,308,3,2
580,309,3,2
580,310,3,2
580,311,3,2
580,312,3,2
580,313,3,2
580,314,3,2
580,315,3,2
580,316,3,2
580,317,3,2
580,318,3,2
580,319,3,2
580,320,3,2
580,321,3,2
580,322,3,2
580,323,3,2
580,324,3,2
580,325,3,2
580,326,3,2
580,327,3,2
580,328,3,2
580,329,3,2
580,330,3,2
580,331,3,2
580,332,3,2
580,333,3,2
580,334,3,2
580,335,3,2
580,336,3,2
580,337,3,2
580,338,3,2
580,339,3,2
580,340,3,2
580,341,3,2
580,342,3,2
580,343,3,2
580,344,3,2
580,345,3,2
580,346,3,2
580,347,3,2
580,348,3,2
580,349,3,2
580,350,3,2
580,351,3,2
580,352,3,2
580,353,3,2
580,354,3,2
580,355,3,2
580,356,3,2
580,357,3,2
580,358,3,2
580,359,3,2
580,360,3,2
580,361,3,2
580,362,3,2
580,363,3,2
580,364,3,2
580,365,3,2
580,366,3,2
580,367,3,2
580,368,3,2
580,369,3,2
580,370,3,2
580,371,3,2
580,372,3,2
580,373,3,2
580,374,3,2
580,375,3,2
580,376,3,2
580,377,3,2
580,378,3,2
580,379,3,2
580,380,3,2
580,381,3,2
580,382,3,2
580,383,3,2
580,384,3,2
580,385,3,2
580,386,3,2
580,387,3,2
580,388,3,2
580,389,3,2
580,390,3,2
580,391,3,2
580,392,3,3
580,393,3,3
580,394,3,3
580,395,3,3
580,396,3,3
580,397,3,3
580,398,3,3
580,399,3,3
580,400,3,3
580,401,3,3
580,402,3,3
580,403,3,3
580,404,3,2
580,405,3,2
580,406,3,2
580,407,3,2
580,408,3,2
580,409,3,2
580,410,3,2
580,411,3,2
580,412,3,2
580,413,3,3
580,414,3,3
580,415,3,3
580,416,3,3
580,417,3,3
580,418,3,3
580,419,3,3
580,420,3,3
580,421,3,3
580,422,3,3
580,423,3,3
580,424,3,3
580,425,3,3
580,426,3,3
580,427,3,2
580,428,3,2
580,429,3,2
580,430,3,2
580,431,3,2
580,432,3,2
580,433,3,2
580,434,3,2
580,435,3,2
580,436,3,2
580,437,3,2
580,438,3,2
580,439,3,2
580,440,3,2
580,441,3,2
580,442,3,2
580,443,3,2
580,444,3,2
580,445,3,2
580,446,3,2
580,447,3,2
580,448,3,2
580,449,3,2
580,450,3,2
580,451,3,2
580,452,3,2
580,453,3,2
580,454,3,2
580,455,3,2
580,456,3,2
580,457,3,2
580,458,3,3
580,459,3,3
580,460,3,3
580,461,3,3
580,462,3,3
580,463,3,3
580,464,3,3
580,465,3,3
580,466,3,3
580,467,3,3
580,468,3,3
580,469,3,3
580,470,3,3
580,471,3,3
580,472,3,3
580,473,3,3
580,474,3,3
580,475,3,3
580,476,3,3
580,477,3,3
580,478,3,3
580,479,3,3
580,480,3,3
580,481,3,3
580,482,3,3
580,483,3,3
580,484,3,3
580,485,3,3
580,486,3,3
580,487,3,3
580,488,3,3
580,489,3,3
580,490,3,3
580,491,3,3
580,492,3,3
580,493,3,3
580,494,3,3
580,495,3,3
580,496,3,3
580,497,3,3
580,498,3,3
580,499,3,3
580,500,3,3
580,501,3,3
580,502,3,3
580,503,3,3
580,504,3,3
580,505,3,3
580,506,3,3
580,507,3,3
580,508,3,3
580,509,3,3
580,510,3,3
580,511,3,3
580,512,3,3
580,513,3,2
580,514,3,2
580,515,3,2
580,516,3,2
580,517,3,2
580,518,3,2
580,519,3,2
580,520,3,2
580,521,3,2
580,522,3,2
580,523,3,2
580,524,3,2
580,525,3,2
580,526,3,2
580,527,3,2
580,528,3,2
580,529,3,2
580,530,3,2
580,531,3,2
580,532,3,2
580,533,3,2
580,534,3,2
580,535,3,2
580,536,3,2
580,537,3,2
580,538,3,2
580,539,3,2
580,540,3,3
580,541,3,3
580,542,3,3
580,543,3,3
580,544,3,3
580,545,3,3
580,546,3,3
580,547,3,3
580,548,3,2
580,549,3,2
580,550,3,2
580,551,3,2
580,552,3,2
580,553,3,2
580,554,3,2
580,555,3,2
580,556,3,2
580,557,3,2
580,558,3,2
580,559,3,2
580,560,3,2
580,561,3,2
580,562,3,2
580,563,3,2
580,564,3,2
580,565,3,2
580,566,3,2
580,567,3,2
580,568,3,2
580,569,3,2
580,570,3,2
580,571,3,2
580,572,3,2
580,573,3,2
580,574,3,2
580,575,3,2
580,576,3,2
580,577,3,2
580,578,3,2
580,579,3,2
580,580,3,2
580,581,3,2
580,582,3,2
580,583,3,2
580,584,3,2
580,585,3,2
580,586,3,2
580,587,3,2
580,588,3,2
580,589,3,2
580,590,3,2
580,591,3,2
580,592,3,2
580,593,3,2
580,594,3,2
580,595,3,2
580,596,3,2
580,597,3,2
580,598,3,2
580,599,3,2
580,600,3,2
580,601,3,2
580,602,3,2
580,603,3,2
580,604,3,2
580,605,3,2
580,606,3,2
580,607,3,2
580,608,3,2
580,609,3,2
580,610,3,2
580,611,3,2
580,612,3,2
580,613,3,2
580,614,3,2
580,615,3,2
580,616,3,2
580,617,3,2
580,618,3,2
580,619,3,2
580,620,3,2
581,89,3,2
581,90,3,2
581,91,3,2
581,92,3,2
581,93,3,2
581,94,3,2
581,95,3,2
581,96,3,2
581,97,3,2
581,98,3,2
581,99,3,2
581,100,3,2
581,101,3,2
581,102,3,2
581,103,3,2
581,104,3,2
581,105,3,2
581,106,3,2
581,107,3,2
581,108,3,2
581,109,3,2
581,110,3,2
581,111,3,2
581,112,3,2
581,113,3,2
581,114,3,2
581,115,3,2
581,116,3,2
581,117,3,2
581,118,3,2
581,119,3,2
581,120,3,2
581,121,3,2
581,122,3,2
581,123,3,2
581,124,3,2
581,125,3,2
581,126,3,2
581,127,3,2
581,128,3,2
581,129,3,2
581,130,3,2
581,131,3,2
581,132,3,2
581,133,3,2
581,134,3,2
581,135,3,2
581,136,3,2
581,137,3,2
581,138,3,2
581,139,3,2
581,140,3,2
581,141,3,2
581,142,3,2
581,143,3,2
581,144,3,2
581,145,3,2
581,146,3,2
581,147,3,2
581,148,3,2
581,149,3,2
581,150,3,2
581,151,3,2
581,152,3,2
581,153,3,2
581,154,3,2
581,155,3,2
581,156,3,2
581,157,3,2
581,158,3,2
581,159,3,2
581,160,3,2
581,161,3,2
581,162,3,2
581,163,3,2
581,164,3,2
581,165,3,2
581,166,3,2
581,167,3,2
581,168,3,2
581,169,3,2
581,170,3,2
581,171,3,2
581,172,3,2
581,173,3,2
581,174,3,2
581,175,3,2
581,176,3,2
581,177,3,2
581,178,3,2
581,179,3,2
581,180,3,2
581,181,3,2
581,182,3,2
581,183,3,2
581,184,3,2
581,185,3,2
581,186,3,2
581,187,3,2
581,188,3,2
581,189,3,2
581,190,3,2
581,191,3,2
581,192,3,2
581,193,3,2
581,194,3,2
581,195,3,2
581,196,3,2
581,197,3,2
581,198,3,2
581,199,3,2
581,200,3,2
581,201,3,2
581,202,3,2
581,203,3,2
581,204,3,2
581,205,3,2
581,206,3,2
581,207,3,2
581,208,3,2
581,209,3,2
581,210,3,2
581,211,3,2
581,212,3,2
581,213,3,2
581,214,3,2
581,215,3,2
581,216,3,2
581,217,3,2
581,218,3,2
581,219,3,2
581,220,3,2
581,221,3,2
581,222,3,2
581,223,3,2
581,224,3,2
581,225,3,2
581,226,3,2
581,227,3,2
581,228,3,2
581,229,3,2
581,230,3,2
581,231,3,2
581,232,3,2
581,233,3,2
581,234,3,2
581,235,3,2
581,236,3,2
581,237,3,2
581,238,3,2
581,239,3,2
581,240,3,2
581,241,3,2
581,242,3,2
581,243,3,2
581,244,3,2
581,245,3,2
581,246,3,2
581,247,3,2
581,248,3,2
581,249,3,2
581,250,3,2
581,251,3,2
581,252,3,2
581,253,3,2
581,254,3,2
581,255,3,2
581,256,3,2
581,257,3,2
581,258,3,2
581,259,3,2
581,260,3,2
581,261,3,2
581,262,3,2
581,263,3,2
581,264,3,2
581,265,3,2
581,266,3,2
581,267,3,2
581,268,3,2
581,269,3,2
581,270,3,2
581,271,3,2
581,272,3,2
581,273,3,2
581,274,3,2
581,275,3,2
581,276,3,2
581,277,3,2
581,278,3,2
581,279,3,2
581,280,3,2
581,281,3,2
581,282,3,2
581,283,3,2
581,284,3,2
581,285,3,2
581,286,3,2
581,287,3,2
581,288,3,2
581,289,3,2
581,290,3,2
581,291,3,2
581,292,3,2
581,293,3,2
581,294,3,2
581,295,3,2
581,296,3,2
581,297,3,2
581,298,3,2
581,299,3,2
581,300,3,2
581,301,3,2
581,302,3,2
581,303,3,2
581,304,3,2
581,305,3,2
581,306,3,2
581,307,3,2
581,308,3,2
581,309,3,2
581,310,3,2
581,311,3,2
581,312,3,2
581,313,3,2
581,314,3,2
581,315,3,2
581,316,3,2
581,317,3,2
581,318,3,2
581,319,3,2
581,320,3,2
581,321,3,2
581,322,3,2
581,323,3,2
581,324,3,2
581,325,3,2
581,326,3,2
581,327,3,2
581,328,3,2
581,329,3,2
581,330,3,2
581,331,3,2
581,332,3,2
581,333,3,2
581,334,3,2
581,335,3,2
581,336,3,2
581,337,3,2
581,338,3,2
581,339,3,2
581,340,3,2
581,341,3,2
581,342,3,2
581,343,3,2
581,344,3,2
581,345,3,2
581,346,3,2
581,347,3,2
581,348,3,2
581,349,3,2
581,350,3,2
581,351,3,2
581,352,3,2
581,353,3,2
581,354,3,2
581,355,3,2
581,356,3,2
581,357,3,2
581,358,3,2
581,359,3,2
581,360,3,2
581,361,3,2
581,362,3,2
581,363,3,2
581,364,3,2
581,365,3,2
581,366,3,2
581,367,3,2
581,368,3,2
581,369,3,2
581,370,3,2
581,371,3,2
581,372,3,2
581,373,3,2
581,374,3,2
581,375,3,2
581,376,3,2
581,377,3,2
581,378,3,2
581,379,3,2
581,380,3,2
581,381,3,2
581,382,3,2
581,383,3,2
581,384,3,2
581,385,3,2
581,386,3,2
581,387,3,2
581,388,3,2
581,389,3,2
581,390,3,2
581,391,3,2
581,392,3,2
581,393,3,3
581,394,3,3
581,395,3,3
581,396,3,3
581,397,3,3
581,398,3,3
581,399,3,3
581,400,3,3
581,401,3,3
581,402,3,3
581,403,3,3
581,404,3,2
581,405,3,2
581,406,3,2
581,407,3,2
581,408,3,2
581,409,3,2
581,410,3,3
581,411,3,3
581,412,3,3
581,413,3,3
581,414,3,3
581,415,3,3
581,416,3,3
581,417,3,3
581,418,3,3
581,419,3,3
581,420,3,3
581,421,3,3
581,422,3,3
581,423,3,3
581,424,3,3
581,425,3,3
581,426,3,3
581,427,3,3
581,428,3,2
581,429,3,2
581,430,3,2
581,431,3,2
581,432,3,2
581,433,3,2
581,434,3,2
581,435,3,2
581,436,3,2
581,437,3,2
581,438,3,2
581,439,3,2
581,440,3,2
581,441,3,2
581,442,3,2
581,443,3,2
581,444,3,2
581,445,3,2
581,446,3,2
581,447,3,2
581,448,3,2
581,449,3,2
581,450,3,2
581,451,3,2
581,452,3,2
581,453,3,2
581,454,3,2
581,455,3,2
581,456,3,2
581,457,3,2
581,458,3,2
581,459,3,2
581,460,3,3
581,461,3,3
581,462,3,3
581,463,3,3
581,464,3,3
581,465,3,2
581,466,3,3
581,467,3,3
581,468,3,3
581,469,3,3
581,470,3,3
581,471,3,3
581,472,3,3
581,473,3,3
581,474,3,3
581,475,3,3
581,476,3,3
581,477,3,3
581,478,3,3
581,479,3,3
581,480,3,3
581,481,3,3
581,482,3,3
581,483,3,3
581,484,3,3
581,485,3,3
581,486,3,3
581,487,3,3
581,488,3,3
581,489,3,3
581,490,3,3
581,491,3,3
581,492,3,3
581,493,3,3
581,494,3,3
581,495,3,3
581,496,3,3
581,497,3,3
581,498,3,3
581,499,3,3
581,500,3,3
581,501,3,3
581,502,3,3
581,503,3,3
581,504,3,3
581,505,3,3
581,506,3,3
581,507,3,3
581,508,3,3
581,509,3,3
581,510,3,3
581,511,3,3
581,512,3,3
581,513,3,2
581,514,3,2
581,515,3,2
581,516,3,2
581,517,3,2
581,518,3,2
581,519,3,2
581,520,3,2
581,521,3,2
581,522,3,2
581,523,3,2
581,524,3,2
581,525,3,2
581,526,3,2
581,527,3,2
581,528,3,2
581,529,3,2
581,530,3,2
581,531,3,2
581,532,3,2
581,533,3,2
581,534,3,2
581,535,3,2
581,536,3,2
581,537,3,2
581,538,3,2
581,539,3,2
581,540,3,2
581,541,3,3
581,542,3,3
581,543,3,3
581,544,3,3
581,545,3,3
581,546,3,3
581,547,3,3
581,548,3,3
581,549,3,2
581,550,3,2
581,551,3,2
581,552,3,2
581,553,3,2
581,554,3,2
581,555,3,2
581,556,3,2
581,557,3,2
581,558,3,2
581,559,3,2
581,560,3,2
581,561,3,2
581,562,3,2
581,563,3,2
581,564,3,2
581,565,3,2
581,566,3,2
581,567,3,2
581,568,3,2
581,569,3,2
581,570,3,2
581,571,3,2
581,572,3,2
581,573,3,2
581,574,3,2
581,575,3,2
581,576,3,2
581,577,3,2
581,578,3,2
581,579,3,2
581,580,3,2
581,581,3,2
581,582,3,2
581,583,3,2
581,584,3,2
581,585,3,2
581,586,3,2
581,587,3,2
581,588,3,2
581,589,3,2
581,590,3,2
581,591,3,2
581,592,3,2
581,593,3,2
581,594,3,2
581,595,3,2
581,596,3,2
581,597,3,2
581,598,3,2
581,599,3,2
581,600,3,2
581,601,3,2
581,602,3,2
581,603,3,2
581,604,3,2
581,605,3,2
581,606,3,2
581,607,3,2
581,608,3,2
581,609,3,2
581,610,3,2
581,611,3,2
581,612,3,2
581,613,3,2
581,614,3,2
581,615,3,2
581,616,3,2
581,617,3,2
581,618,3,2
581,619,3,2
582,89,3,2
582,90,3,2
582,91,3,2
582,92,3,2
582,93,3,2
582,94,3,2
582,95,3,2
582,96,3,2
582,97,3,2
582,98,3,2
582,99,3,2
582,100,3,2
582,101,3,2
582,102,3,2
582,103,3,2
582,104,3,2
582,105,3,2
582,106,3,2
582,107,3,2
582,108,3,2
582,109,3,2
582,110,3,2
582,111,3,2
582,112,3,2
582,113,3,2
582,114,3,2
582,115,3,2
582,116,3,2
582,117,3,2
582,118,3,2
582,119,3,2
582,120,3,2
582,121,3,2
582,122,3,2
582,123,3,2
582,124,3,2
582,125,3,2
582,126,3,2
582,127,3,2
582,128,3,2
582,129,3,2
582,130,3,2
582,131,3,2
582,132,3,2
582,133,3,2
582,134,3,2
582,135,3,2
582,136,3,2
582,137,3,2
582,138,3,2
582,139,3,2
582,140,3,2
582,141,3,2
582,142,3,2
582,143,3,2
582,144,3,2
582,145,3,2
582,146,3,2
582,147,3,2
582,148,3,2
582,149,3,2
582,150,3,2
582,151,3,2
582,152,3,2
582,153,3,2
582,154,3,2
582,155,3,2
582,156,3,2
582,157,3,2
582,158,3,2
582,159,3,2
582,160,3,2
582,161,3,2
582,162,3,2
582,163,3,2
582,164,3,2
582,165,3,2
582,166,3,2
582,167,3,2
582,168,3,2
582,169,3,2
582,170,3,2
582,171,3,2
582,172,3,2
582,173,3,2
582,174,3,2
582,175,3,2
582,176,3,2
582,177,3,2
582,178,3,2
582,179,3,2
582,180,3,2
582,181,3,2
582,182,3,2
582,183,3,2
582,184,3,2
582,185,3,2
582,186,3,2
582,187,3,2
582,188,3,2
582,189,3,2
582,190,3,2
582,191,3,2
582,192,3,2
582,193,3,2
582,194,3,2
582,195,3,2
582,196,3,2
582,197,3,2
582,198,3,2
582,199,3,2
582,200,3,2
582,201,3,2
582,202,3,2
582,203,3,2
582,204,3,2
582,205,3,2
582,206,3,2
582,207,3,2
582,208,3,2
582,209,3,2
582,210,3,2
582,211,3,2
582,212,3,2
582,213,3,2
582,214,3,2
582,215,3,2
582,216,3,2
582,217,3,2
582,218,3,2
582,219,3,2
582,220,3,2
582,221,3,2
582,222,3,2
582,223,3,2
582,224,3,2
582,225,3,2
582,226,3,2
582,227,3,2
582,228,3,2
582,229,3,2
582,230,3,2
582,231,3,2
582,232,3,2
582,233,3,2
582,234,3,2
582,235,3,2
582,236,3,2
582,237,3,2
582,238,3,2
582,239,3,2
582,240,3,2
582,241,3,2
582,242,3,2
582,243,3,2
582,244,3,2
582,245,3,2
582,246,3,2
582,247,3,2
582,248,3,2
582,249,3,2
582,250,3,2
582,251,3,2
582,252,3,2
582,253,3,2
582,254,3,2
582,255,3,2
582,256,3,2
582,257,3,2
582,258,3,2
582,259,3,2
582,260,3,2
582,261,3,2
582,262,3,2
582,263,3,2
582,264,3,2
582,265,3,2
582,266,3,2
582,267,3,2
582,268,3,2
582,269,3,2
582,270,3,2
582,271,3,2
582,272,3,2
582,273,3,2
582,274,3,2
582,275,3,2
582,276,3,2
582,277,3,2
582,278,3,2
582,279,3,2
582,280,3,2
582,281,3,2
582,282,3,2
582,283,3,2
582,284,3,2
582,285,3,2
582,286,3,2
582,287,3,2
582,288,3,2
582,289,3,2
582,290,3,2
582,291,3,2
582,292,3,2
582,293,3,2
582,294,3,2
582,295,3,2
582,296,3,2
582,297,3,2
582,298,3,2
582,299,3,2
582,300,3,2
582,301,3,2
582,302,3,2
582,303,3,2
582,304,3,2
582,305,3,2
582,306,3,2
582,307,3,2
582,308,3,2
582,309,3,2
582,310,3,2
582,311,3,2
582,312,3,2
582,313,3,2
582,314,3,2
582,315,3,2
582,316,3,2
582,317,3,2
582,318,3,2
582,319,3,2
582,320,3,2
582,321,3,2
582,322,3,2
582,323,3,2
582,324,3,2
582,325,3,2
582,326,3,2
582,327,3,2
582,328,3,2
582,329,3,2
582,330,3,2
582,331,3,2
582,332,3,2
582,333,3,2
582,334,3,2
582,335,3,2
582,336,3,2
582,337,3,2
582,338,3,2
582,339,3,2
582,340,3,2
582,341,3,2
582,342,3,2
582,343,3,2
582,344,3,2
582,345,3,2
582,346,3,2
582,347,3,2
582,348,3,2
582,349,3,2
582,350,3,2
582,351,3,2
582,352,3,2
582,353,3,2
582,354,3,2
582,355,3,2
582,356,3,2
582,357,3,2
582,358,3,2
582,359,3,2
582,360,3,2
582,361,3,2
582,362,3,2
582,363,3,2
582,364,3,2
582,365,3,2
582,366,3,2
582,367,3,2
582,368,3,2
582,369,3,2
582,370,3,2
582,371,3,2
582,372,3,2
582,373,3,2
582,374,3,2
582,375,3,2
582,376,3,2
582,377,3,2
582,378,3,2
582,379,3,2
582,380,3,2
582,381,3,2
582,382,3,2
582,383,3,2
582,384,3,2
582,385,3,2
582,386,3,2
582,387,3,2
582,388,3,2
582,389,3,2
582,390,3,2
582,391,3,2
582,392,3,2
582,393,3,2
582,394,3,3
582,395,3,3
582,396,3,3
582,397,3,3
582,398,3,3
582,399,3,3
582,400,3,3
582,401,3,3
582,402,3,3
582,403,3,3
582,404,3,2
582,405,3,2
582,406,3,2
582,407,3,2
582,408,3,3
582,409,3,3
582,410,3,3
582,411,3,3
582,412,3,3
582,413,3,3
582,414,3,3
582,415,3,3
582,416,3,3
582,417,3,3
582,418,3,3
582,419,3,3
582,420,3,3
582,421,3,3
582,422,3,3
582,423,3,3
582,424,3,3
582,425,3,3
582,426,3,3
582,427,3,3
582,428,3,3
582,429,3,2
582,430,3,2
582,431,3,2
582,432,3,2
582,433,3,2
582,434,3,2
582,435,3,2
582,436,3,2
582,437,3,2
582,438,3,2
582,439,3,2
582,440,3,2
582,441,3,2
582,442,3,2
582,443,3,2
582,444,3,2
582,445,3,2
582,446,3,2
582,447,3,2
582,448,3,2
582,449,3,2
582,450,3,2
582,451,3,2
582,452,3,2
582,453,3,2
582,454,3,2
582,455,3,2
582,456,3,2
582,457,3,2
582,458,3,2
582,459,3,2
582,460,3,2
582,461,3,3
582,462,3,3
582,463,3,3
582,464,3,3
582,465,3,3
582,466,3,3
582,467,3,3
582,468,3,3
582,469,3,3
582,470,3,3
582,471,3,3
582,472,3,3
582,473,3,3
582,474,3,3
582,475,3,3
582,476,3,3
582,477,3,3
582,478,3,3
582,479,3,3
582,480,3,3
582,481,3,3
582,482,3,3
582,483,3,3
582,484,3,3
582,485,3,3
582,486,3,3
582,487,3,3
582,488,3,3
582,489,3,3
582,490,3,3
582,491,3,3
582,492,3,3
582,493,3,3
582,494,3,3
582,495,3,3
582,496,3,3
582,497,3,3
582,498,3,3
582,499,3,3
582,500,3,3
582,501,3,3
582,502,3,3
582,503,3,3
582,504,3,3
582,505,3,3
582,506,3,3
582,507,3,3
582,508,3,3
582,509,3,3
582,510,3,3
582,511,3,3
582,512,3,3
582,513,3,2
582,514,3,2
582,515,3,2
582,516,3,2
582,517,3,2
582,518,3,2
582,519,3,2
582,520,3,2
582,521,3,2
582,522,3,2
582,523,3,2
582,524,3,2
582,525,3,2
582,526,3,2
582,527,3,2
582,528,3,2
582,529,3,2
582,530,3,2
582,531,3,2
582,532,3,2
582,533,3,2
582,534,3,2
582,535,3,2
582,536,3,2
582,537,3,2
582,538,3,2
582,539,3,2
582,540,3,2
582,541,3,3
582,542,3,3
582,543,3,3
582,544,3,3
582,545,3,3
582,546,3,3
582,547,3,3
582,548,3,3
582,549,3,2
582,550,3,2
582,551,3,2
582,552,3,2
582,553,3,2
582,554,3,2
582,555,3,2
582,556,3,2
582,557,3,2
582,558,3,2
582,559,3,2
582,560,3,2
582,561,3,2
582,562,3,2
582,563,3,2
582,564,3,2
582,565,3,2
582,566,3,2
582,567,3,2
582,568,3,2
582,569,3,2
582,570,3,2
582,571,3,2
582,572,3,2
582,573,3,2
582,574,3,2
582,575,3,2
582,576,3,2
582,577,3,2
582,578,3,2
582,579,3,2
582,580,3,2
582,581,3,2
582,582,3,2
582,583,3,2
582,584,3,2
582,585,3,2
582,586,3,2
582,587,3,2
582,588,3,2
582,589,3,2
582,590,3,2
582,591,3,2
582,592,3,2
582,593,3,2
582,594,3,2
582,595,3,2
582,596,3,2
582,597,3,2
582,598,3,2
582,599,3,2
582,600,3,2
582,601,3,2
582,602,3,2
582,603,3,2
582,604,3,2
582,605,3,2
582,606,3,2
582,607,3,2
582,608,3,2
582,609,3,2
582,610,3,2
582,611,3,2
582,612,3,2
582,613,3,2
582,614,3,2
582,615,3,2
582,616,3,2
582,617,3,2
582,618,3,2
583,90,3,2
583,91,3,2
583,92,3,2
583,93,3,2
583,94,3,2
583,95,3,2
583,96,3,2
583,97,3,2
583,98,3,2
583,99,3,2
583,100,3,2
583,101,3,2
583,102,3,2
583,103,3,2
583,104,3,2
583,105,3,2
583,106,3,2
583,107,3,2
583,108,3,2
583,109,3,2
583,110,3,2
583,111,3,2
583,112,3,2
583,113,3,2
583,114,3,2
583,115,3,2
583,116,3,2
583,117,3,2
583,118,3,2
583,119,3,2
583,120,3,2
583,121,3,2
583,122,3,2
583,123,3,2
583,124,3,2
583,125,3,2
583,126,3,2
583,127,3,2
583,128,3,2
583,129,3,2
583,130,3,2
583,131,3,2
583,132,3,2
583,133,3,2
583,134,3,2
583,135,3,2
583,136,3,2
583,137,3,2
583,138,3,2
583,139,3,2
583,140,3,2
583,141,3,2
583,142,3,2
583,143,3,2
583,144,3,2
583,145,3,2
583,146,3,2
583,147,3,2
583,148,3,2
583,149,3,2
583,150,3,2
583,151,3,2
583,152,3,2
583,153,3,2
583,154,3,2
583,155,3,2
583,156,3,2
583,157,3,2
583,158,3,2
583,159,3,2
583,160,3,2
583,161,3,2
583,162,3,2
583,163,3,2
583,164,3,2
583,165,3,2
583,166,3,2
583,167,3,2
583,168,3,2
583,169,3,2
583,170,3,2
583,171,3,2
583,172,3,2
583,173,3,2
583,174,3,2
583,175,3,2
583,176,3,2
583,177,3,2
583,178,3,2
583,179,3,2
583,180,3,2
583,181,3,2
583,182,3,2
583,183,3,2
583,184,3,2
583,185,3,2
583,186,3,2
583,187,3,2
583,188,3,2
583,189,3,2
583,190,3,2
583,191,3,2
583,192,3,2
583,193,3,2
583,194,3,2
583,195,3,2
583,196,3,2
583,197,3,2
583,198,3,2
583,199,3,2
583,200,3,2
583,201,3,2
583,202,3,2
583,203,3,2
583,204,3,2
583,205,3,2
583,206,3,2
583,207,3,2
583,208,3,2
583,209,3,2
583,210,3,2
583,211,3,2
583,212,3,2
583,213,3,2
583,214,3,2
583,215,3,2
583,216,3,2
583,217,3,2
583,218,3,2
583,219,3,2
583,220,3,2
583,221,3,2
583,222,3,2
583,223,3,2
583,224,3,2
583,225,3,2
583,226,3,2
583,227,3,2
583,228,3,2
583,229,3,2
583,230,3,2
583,231,3,2
583,232,3,2
583,233,3,2
583,234,3,2
583,235,3,2
583,236,3,2
583,237,3,2
583,238,3,2
583,239,3,2
583,240,3,2
583,241,3,2
583,242,3,2
583,243,3,2
583,244,3,2
583,245,3,2
583,246,3,2
583,247,3,2
583,248,3,2
583,249,3,2
583,250,3,2
583,251,3,2
583,252,3,2
583,253,3,2
583,254,3,2
583,255,3,2
583,256,3,2
583,257,3,2
583,258,3,2
583,259,3,2
583,260,3,2
583,261,3,2
583,262,3,2
583,263,3,2
583,264,3,2
583,265,3,2
583,266,3,2
583,267,3,2
583,268,3,2
583,269,3,2
583,270,3,2
583,271,3,2
583,272,3,2
583,273,3,2
583,274,3,2
583,275,3,2
583,276,3,2
583,277,3,2
583,278,3,2
583,279,3,2
583,280,3,2
583,281,3,2
583,282,3,2
583,283,3,2
583,284,3,2
583,285,3,2
583,286,3,2
583,287,3,2
583,288,3,2
583,289,3,2
583,290,3,2
583,291,3,2
583,292,3,2
583,293,3,2
583,294,3,2
583,295,3,2
583,296,3,2
583,297,3,2
583,298,3,2
583,299,3,2
583,300,3,2
583,301,3,2
583,302,3,2
583,303,3,2
583,304,3,2
583,305,3,2
583,306,3,2
583,307,3,2
583,308,3,2
583,309,3,2
583,310,3,2
583,311,3,2
583,312,3,2
583,313,3,2
583,314,3,2
583,315,3,2
583,316,3,2
583,317,3,2
583,318,3,2
583,319,3,2
583,320,3,2
583,321,3,2
583,322,3,2
583,323,3,2
583,324,3,2
583,325,3,2
583,326,3,2
583,327,3,2
583,328,3,2
583,329,3,2
583,330,3,2
583,331,3,2
583,332,3,2
583,333,3,2
583,334,3,2
583,335,3,2
583,336,3,2
583,337,3,2
583,338,3,2
583,339,3,2
583,340,3,2
583,341,3,2
583,342,3,2
583,343,3,2
583,344,3,2
583,345,3,2
583,346,3,2
583,347,3,2
583,348,3,2
583,349,3,2
583,350,3,2
583,351,3,2
583,352,3,2
583,353,3,2
583,354,3,2
583,355,3,2
583,356,3,2
583,357,3,2
583,358,3,2
583,359,3,2
583,360,3,2
583,361,3,2
583,362,3,2
583,363,3,2
583,364,3,2
583,365,3,2
583,366,3,2
583,367,3,2
583,368,3,2
583,369,3,2
583,370,3,2
583,371,3,2
583,372,3,2
583,373,3,2
583,374,3,2
583,375,3,2
583,376,3,2
583,377,3,2
583,378,3,2
583,379,3,2
583,380,3,2
583,381,3,2
583,382,3,2
583,383,3,2
583,384,3,2
583,385,3,2
583,386,3,2
583,387,3,2
583,388,3,2
583,389,3,2
583,390,3,2
583,391,3,2
583,392,3,2
583,393,3,2
583,394,3,2
583,395,3,3
583,396,3,3
583,397,3,3
583,398,3,3
583,399,3,3
583,400,3,3
583,401,3,3
583,402,3,3
583,403,3,3
583,404,3,2
583,405,3,2
583,406,3,2
583,407,3,3
583,408,3,3
583,409,3,3
583,410,3,3
583,411,3,3
583,412,3,3
583,413,3,3
583,414,3,3
583,415,3,3
583,416,3,3
583,417,3,3
583,418,3,3
583,419,3,3
583,420,3,3
583,421,3,3
583,422,3,3
583,423,3,3
583,424,3,3
583,425,3,3
583,426,3,3
583,427,3,3
583,428,3,3
583,429,3,3
583,430,3,2
583,431,3,2
583,432,3,2
583,433,3,2
583,434,3,2
583,435,3,2
583,436,3,2
583,437,3,2
583,438,3,2
583,439,3,2
583,440,3,2
583,441,3,2
583,442,3,2
583,443,3,2
583,444,3,2
583,445,3,2
583,446,3,2
583,447,3,2
583,448,3,2
583,449,3,2
583,450,3,2
583,451,3,2
583,452,3,2
583,453,3,2
583,454,3,2
583,455,3,2
583,456,3,2
583,457,3,2
583,458,3,2
583,459,3,2
583,460,3,2
583,461,3,3
583,462,3,3
583,463,3,3
583,464,3,3
583,465,3,3
583,466,3,3
583,467,3,3
583,468,3,3
583,469,3,3
583,470,3,3
583,471,3,3
583,472,3,3
583,473,3,3
583,474,3,3
583,475,3,3
583,476,3,3
583,477,3,3
583,478,3,3
583,479,3,3
583,480,3,3
583,481,3,3
583,482,3,3
583,483,3,3
583,484,3,3
583,485,3,3
583,486,3,3
583,487,3,3
583,488,3,3
583,489,3,3
583,490,3,3
583,491,3,3
583,492,3,3
583,493,3,3
583,494,3,3
583,495,3,3
583,496,3,3
583,497,3,3
583,498,3,3
583,499,3,3
583,500,3,3
583,501,3,3
583,502,3,3
583,503,3,3
583,504,3,3
583,505,3,3
583,506,3,3
583,507,3,3
583,508,3,3
583,509,3,3
583,510,3,3
583,511,3,3
583,512,3,3
583,513,3,2
583,514,3,2
583,515,3,2
583,516,3,2
583,517,3,2
583,518,3,2
583,519,3,2
583,520,3,2
583,521,3,2
583,522,3,2
583,523,3,2
583,524,3,2
583,525,3,2
583,526,3,2
583,527,3,2
583,528,3,2
583,529,3,2
583,530,3,2
583,531,3,2
583,532,3,2
583,533,3,2
583,534,3,2
583,535,3,2
583,536,3,2
583,537,3,2
583,538,3,2
583,539,3,2
583,540,3,2
583,541,3,3
583,542,3,3
583,543,3,3
583,544,3,3
583,545,3,3
583,546,3,3
583,547,3,3
583,548,3,3
583,549,3,2
583,550,3,2
583,551,3,2
583,552,3,2
583,553,3,2
583,554,3,2
583,555,3,2
583,556,3,2
583,557,3,2
583,558,3,2
583,559,3,2
583,560,3,2
583,561,3,2
583,562,3,2
583,563,3,2
583,564,3,2
583,565,3,2
583,566,3,2
583,567,3,2
583,568,3,2
583,569,3,2
583,570,3,2
583,571,3,2
583,572,3,2
583,573,3,2
583,574,3,2
583,575,3,2
583,576,3,2
583,577,3,2
583,578,3,2
583,579,3,2
583,580,3,2
583,581,3,2
583,582,3,2
583,583,3,2
583,584,3,2
583,585,3,2
583,586,3,2
583,587,3,2
583,588,3,2
583,589,3,2
583,590,3,2
583,591,3,2
583,592,3,2
583,593,3,2
583,594,3,2
583,595,3,2
583,596,3,2
583,597,3,2
583,598,3,2
583,599,3,2
583,600,3,2
583,601,3,2
583,602,3,2
583,603,3,2
583,604,3,2
583,605,3,2
583,606,3,2
583,607,3,2
583,608,3,2
583,609,3,2
583,610,3,2
583,611,3,2
583,612,3,2
583,613,3,2
583,618,3,2
583,619,3,2
584,90,3,2
584,91,3,2
584,92,3,2
584,93,3,2
584,94,3,2
584,95,3,2
584,96,3,2
584,97,3,2
584,98,3,2
584,99,3,2
584,100,3,2
584,101,3,2
584,102,3,2
584,103,3,2
584,104,3,2
584,105,3,2
584,106,3,2
584,107,3,2
584,108,3,2
584,109,3,2
584,110,3,2
584,111,3,2
584,112,3,2
584,113,3,2
584,114,3,2
584,115,3,2
584,116,3,2
584,117,3,2
584,118,3,2
584,119,3,2
584,120,3,2
584,121,3,2
584,122,3,2
584,123,3,2
584,124,3,2
584,125,3,2
584,126,3,2
584,127,3,2
584,128,3,2
584,129,3,2
584,130,3,2
584,131,3,2
584,132,3,2
584,133,3,2
584,134,3,2
584,135,3,2
584,136,3,2
584,137,3,2
584,138,3,2
584,139,3,2
584,140,3,2
584,141,3,2
584,142,3,2
584,143,3,2
584,144,3,2
584,145,3,2
584,146,3,2
584,147,3,2
584,148,3,2
584,149,3,2
584,150,3,2
584,151,3,2
584,152,3,2
584,153,3,2
584,154,3,2
584,155,3,2
584,156,3,2
584,157,3,2
584,158,3,2
584,159,3,2
584,160,3,2
584,161,3,2
584,162,3,2
584,163,3,2
584,164,3,2
584,165,3,2
584,166,3,2
584,167,3,2
584,168,3,2
584,169,3,2
584,170,3,2
584,171,3,2
584,172,3,2
584,173,3,2
584,174,3,2
584,175,3,2
584,176,3,2
584,177,3,2
584,178,3,2
584,179,3,2
584,180,3,2
584,181,3,2
584,182,3,2
584,183,3,2
584,184,3,2
584,185,3,2
584,186,3,2
584,187,3,2
584,188,3,2
584,189,3,2
584,190,3,2
584,191,3,2
584,192,3,2
584,193,3,2
584,194,3,2
584,195,3,2
584,196,3,2
584,197,3,2
584,198,3,2
584,199,3,2
584,200,3,2
584,201,3,2
584,202,3,2
584,203,3,2
584,204,3,2
584,205,3,2
584,206,3,2
584,207,3,2
584,208,3,2
584,209,3,2
584,210,3,2
584,211,3,2
584,212,3,2
584,213,3,2
584,214,3,2
584,215,3,2
584,216,3,2
584,217,3,2
584,218,3,2
584,219,3,2
584,220,3,2
584,221,3,2
584,222,3,2
584,223,3,2
584,224,3,2
584,225,3,2
584,226,3,2
584,227,3,2
584,228,3,2
584,229,3,2
584,230,3,2
584,231,3,2
584,232,3,2
584,233,3,2
584,234,3,2
584,235,3,2
584,236,3,2
584,237,3,2
584,238,3,2
584,239,3,2
584,240,3,2
584,241,3,2
584,242,3,2
584,243,3,2
584,244,3,2
584,245,3,2
584,246,3,2
584,247,3,2
584,248,3,2
584,249,3,2
584,250,3,2
584,251,3,2
584,252,3,2
584,253,3,2
584,254,3,2
584,255,3,2
584,256,3,2
584,257,3,2
584,258,3,2
584,259,3,2
584,260,3,2
584,261,3,2
584,262,3,2
584,263,3,2
584,264,3,2
584,265,3,2
584,266,3,2
584,267,3,2
584,268,3,2
584,269,3,2
584,270,3,2
584,271,3,2
584,272,3,2
584,273,3,2
584,274,3,2
584,275,3,2
584,276,3,2
584,277,3,2
584,278,3,2
584,279,3,2
584,280,3,2
584,281,3,2
584,282,3,2
584,283,3,2
584,284,3,2
584,285,3,2
584,286,3,2
584,287,3,2
584,288,3,2
584,289,3,2
584,290,3,2
584,291,3,2
584,292,3,2
584,293,3,2
584,294,3,2
584,295,3,2
584,296,3,2
584,297,3,2
584,298,3,2
584,299,3,2
584,300,3,2
584,301,3,2
584,302,3,2
584,303,3,2
584,304,3,2
584,305,3,2
584,306,3,2
584,307,3,2
584,308,3,2
584,309,3,2
584,310,3,2
584,311,3,2
584,312,3,2
584,313,3,2
584,314,3,2
584,315,3,2
584,316,3,2
584,317,3,2
584,318,3,2
584,319,3,2
584,320,3,2
584,321,3,2
584,322,3,2
584,323,3,2
584,324,3,2
584,325,3,2
584,326,3,2
584,327,3,2
584,328,3,2
584,329,3,2
584,330,3,2
584,331,3,2
584,332,3,2
584,333,3,2
584,334,3,2
584,335,3,2
584,336,3,2
584,337,3,2
584,338,3,2
584,339,3,2
584,340,3,2
584,341,3,2
584,342,3,2
584,343,3,2
584,344,3,2
584,345,3,2
584,346,3,2
584,347,3,2
584,348,3,2
584,349,3,2
584,350,3,2
584,351,3,2
584,352,3,2
584,353,3,2
584,354,3,2
584,355,3,2
584,356,3,2
584,357,3,2
584,358,3,2
584,359,3,2
584,360,3,2
584,361,3,2
584,362,3,2
584,363,3,2
584,364,3,2
584,365,3,2
584,366,3,2
584,367,3,2
584,368,3,2
584,369,3,2
584,370,3,2
584,371,3,2
584,372,3,2
584,373,3,2
584,374,3,2
584,375,3,2
584,376,3,2
584,377,3,2
584,378,3,2
584,379,3,2
584,380,3,2
584,381,3,2
584,382,3,2
584,383,3,2
584,384,3,2
584,385,3,2
584,386,3,2
584,387,3,2
584,388,3,2
584,389,3,2
584,390,3,2
584,391,3,2
584,392,3,2
584,393,3,2
584,394,3,2
584,395,3,2
584,396,3,3
584,397,3,3
584,398,3,3
584,399,3,3
584,400,3,3
584,401,3,3
584,402,3,2
584,403,3,2
584,404,3,2
584,405,3,2
584,406,3,2
584,407,3,3
584,408,3,3
584,409,3,3
584,410,3,3
584,411,3,3
584,412,3,3
584,413,3,3
584,414,3,3
584,415,3,3
584,416,3,3
584,417,3,3
584,418,3,3
584,419,3,3
584,420,3,3
584,421,3,3
584,422,3,3
584,423,3,3
584,424,3,3
584,425,3,3
584,426,3,3
584,427,3,3
584,428,3,3
584,429,3,3
584,430,3,3
584,431,3,2
584,432,3,2
584,433,3,2
584,434,3,2
584,435,3,2
584,436,3,2
584,437,3,2
584,438,3,2
584,439,3,2
584,440,3,2
584,441,3,2
584,442,3,2
584,443,3,2
584,444,3,2
584,445,3,2
584,446,3,2
584,447,3,2
584,448,3,2
584,449,3,2
584,450,3,2
584,451,3,2
584,452,3,2
584,453,3,2
584,454,3,2
584,455,3,2
584,456,3,2
584,457,3,2
584,458,3,2
584,459,3,2
584,460,3,2
584,461,3,2
584,462,3,3
584,463,3,3
584,464,3,3
584,465,3,3
584,466,3,3
584,467,3,3
584,468,3,3
584,469,3,3
584,470,3,3
584,471,3,3
584,472,3,3
584,473,3,3
584,474,3,3
584,475,3,3
584,476,3,3
584,477,3,3
584,478,3,3
584,479,3,3
584,480,3,3
584,481,3,3
584,482,3,3
584,483,3,3
584,484,3,3
584,485,3,3
584,486,3,3
584,487,3,3
584,488,3,3
584,489,3,3
584,490,3,3
584,491,3,3
584,492,3,3
584,493,3,3
584,494,3,3
584,495,3,3
584,496,3,3
584,497,3,3
584,498,3,3
584,499,3,3
584,500,3,3
584,501,3,3
584,502,3,3
584,503,3,3
584,504,3,3
584,505,3,3
584,506,3,3
584,507,3,3
584,508,3,3
584,509,3,3
584,510,3,3
584,511,3,3
584,512,3,3
584,513,3,2
584,514,3,2
584,515,3,2
584,516,3,2
584,517,3,2
584,518,3,2
584,519,3,2
584,520,3,2
584,521,3,2
584,522,3,2
584,523,3,2
584,524,3,2
584,525,3,2
584,526,3,2
584,527,3,2
584,528,3,2
584,529,3,2
584,530,3,2
584,531,3,2
584,532,3,2
584,533,3,2
584,534,3,2
584,535,3,2
584,536,3,2
584,537,3,2
584,538,3,2
584,539,3,2
584,540,3,2
584,541,3,3
584,542,3,3
584,543,3,3
584,544,3,3
584,545,3,3
584,546,3,3
584,547,3,3
584,548,3,3
584,549,3,2
584,550,3,2
584,551,3,2
584,552,3,2
584,553,3,2
584,554,3,2
584,555,3,2
584,556,3,2
584,557,3,2
584,558,3,2
584,559,3,2
584,560,3,2
584,561,3,2
584,562,3,2
584,563,3,2
584,564,3,2
584,565,3,2
584,566,3,2
584,567,3,2
584,568,3,2
584,569,3,2
584,570,3,2
584,571,3,2
584,572,3,2
584,573,3,2
584,574,3,2
584,575,3,2
584,576,3,2
584,577,3,2
584,578,3,2
584,579,3,2
584,580,3,2
584,581,3,2
584,582,3,2
584,583,3,2
584,584,3,2
584,585,3,2
584,586,3,2
584,587,3,2
584,588,3,2
584,589,3,2
584,590,3,2
584,591,3,2
584,592,3,2
584,593,3,2
584,594,3,2
584,595,3,2
584,596,3,2
584,597,3,2
584,598,3,2
584,599,3,2
584,600,3,2
584,601,3,2
584,602,3,2
584,603,3,2
584,604,3,2
584,605,3,2
584,606,3,2
584,607,3,2
584,608,3,2
584,609,3,2
584,610,3,2
584,611,3,2
584,612,3,2
585,91,3,2
585,92,3,2
585,93,3,2
585,94,3,2
585,95,3,2
585,96,3,2
585,97,3,2
585,98,3,2
585,99,3,2
585,100,3,2
585,101,3,2
585,102,3,2
585,103,3,2
585,104,3,2
585,105,3,2
585,106,3,2
585,107,3,2
585,108,3,2
585,109,3,2
585,110,3,2
585,111,3,2
585,112,3,2
585,113,3,2
585,114,3,2
585,115,3,2
585,116,3,2
585,117,3,2
585,118,3,2
585,119,3,2
585,120,3,2
585,121,3,2
585,122,3,2
585,123,3,2
585,124,3,2
585,125,3,2
585,126,3,2
585,127,3,2
585,128,3,2
585,129,3,2
585,130,3,2
585,131,3,2
585,132,3,2
585,133,3,2
585,134,3,2
585,135,3,2
585,136,3,2
585,137,3,2
585,138,3,2
585,139,3,2
585,140,3,2
585,141,3,2
585,142,3,2
585,143,3,2
585,144,3,2
585,145,3,2
585,146,3,2
585,147,3,2
585,148,3,2
585,149,3,2
585,150,3,2
585,151,3,2
585,152,3,2
585,153,3,2
585,154,3,2
585,155,3,2
585,156,3,2
585,157,3,2
585,158,3,2
585,159,3,2
585,160,3,2
585,161,3,2
585,162,3,2
585,163,3,2
585,164,3,2
585,165,3,2
585,166,3,2
585,167,3,2
585,168,3,2
585,169,3,2
585,170,3,2
585,171,3,2
585,172,3,2
585,173,3,2
585,174,3,2
585,175,3,2
585,176,3,2
585,177,3,2
585,178,3,2
585,179,3,2
585,180,3,2
585,181,3,2
585,182,3,2
585,183,3,2
585,184,3,2
585,185,3,2
585,186,3,2
585,187,3,2
585,188,3,2
585,189,3,2
585,190,3,2
585,191,3,2
585,192,3,2
585,193,3,2
585,194,3,2
585,195,3,2
585,196,3,2
585,197,3,2
585,198,3,2
585,199,3,2
585,200,3,2
585,201,3,2
585,202,3,2
585,203,3,2
585,204,3,2
585,205,3,2
585,206,3,2
585,207,3,2
585,208,3,2
585,209,3,2
585,210,3,2
585,211,3,2
585,212,3,2
585,213,3,2
585,214,3,2
585,215,3,2
585,216,3,2
585,217,3,2
585,218,3,2
585,219,3,2
585,220,3,2
585,221,3,2
585,222,3,2
585,223,3,2
585,224,3,2
585,225,3,2
585,226,3,2
585,227,3,2
585,228,3,2
585,229,3,2
585,230,3,2
585,231,3,2
585,232,3,2
585,233,3,2
585,234,3,2
585,235,3,2
585,236,3,2
585,237,3,2
585,238,3,2
585,239,3,2
585,240,3,2
585,241,3,2
585,242,3,2
585,243,3,2
585,244,3,2
585,245,3,2
585,246,3,2
585,247,3,2
585,248,3,2
585,249,3,2
585,250,3,2
585,251,3,2
585,252,3,2
585,253,3,2
585,254,3,2
585,255,3,2
585,256,3,2
585,257,3,2
585,258,3,2
585,259,3,2
585,260,3,2
585,261,3,2
585,262,3,2
585,263,3,2
585,264,3,2
585,265,3,2
585,266,3,2
585,267,3,2
585,268,3,2
585,269,3,2
585,270,3,2
585,271,3,2
585,272,3,2
585,273,3,2
585,274,3,2
585,275,3,2
585,276,3,2
585,277,3,2
585,278,3,2
585,279,3,2
585,280,3,2
585,281,3,2
585,282,3,2
585,283,3,2
585,284,3,2
585,285,3,2
585,286,3,2
585,287,3,2
585,288,3,2
585,289,3,2
585,290,3,2
585,291,3,2
585,292,3,2
585,293,3,2
585,294,3,2
585,295,3,2
585,296,3,2
585,297,3,2
585,298,3,2
585,299,3,2
585,300,3,2
585,301,3,2
585,302,3,2
585,303,3,2
585,304,3,2
585,305,3,2
585,306,3,2
585,307,3,2
585,308,3,2
585,309,3,2
585,310,3,2
585,311,3,2
585,312,3,2
585,313,3,2
585,314,3,2
585,315,3,2
585,316,3,2
585,317,3,2
585,318,3,2
585,319,3,2
585,320,3,2
585,321,3,2
585,322,3,2
585,323,3,2
585,324,3,2
585,325,3,2
585,326,3,2
585,327,3,2
585,328,3,2
585,329,3,2
585,330,3,2
585,331,3,2
585,332,3,2
585,333,3,2
585,334,3,2
585,335,3,2
585,336,3,2
585,337,3,2
585,338,3,2
585,339,3,2
585,340,3,2
585,341,3,2
585,342,3,2
585,343,3,2
585,344,3,2
585,345,3,2
585,346,3,2
585,347,3,2
585,348,3,2
585,349,3,2
585,350,3,2
585,351,3,2
585,352,3,2
585,353,3,2
585,354,3,2
585,355,3,2
585,356,3,2
585,357,3,2
585,358,3,2
585,359,3,2
585,360,3,2
585,361,3,2
585,362,3,2
585,363,3,2
585,364,3,2
585,365,3,2
585,366,3,2
585,367,3,2
585,368,3,2
585,369,3,2
585,370,3,2
585,371,3,2
585,372,3,2
585,373,3,2
585,374,3,2
585,375,3,2
585,376,3,2
585,377,3,2
585,378,3,2
585,379,3,2
585,380,3,2
585,381,3,2
585,382,3,2
585,383,3,2
585,384,3,2
585,385,3,2
585,386,3,2
585,387,3,2
585,388,3,2
585,389,3,2
585,390,3,2
585,391,3,2
585,392,3,2
585,393,3,2
585,394,3,2
585,395,3,2
585,396,3,2
585,397,3,3
585,398,3,3
585,399,3,3
585,400,3,3
585,401,3,2
585,402,3,2
585,403,3,2
585,404,3,2
585,405,3,2
585,406,3,2
585,407,3,3
585,408,3,3
585,409,3,3
585,410,3,3
585,411,3,3
585,412,3,3
585,413,3,3
585,414,3,3
585,415,3,3
585,416,3,3
585,417,3,3
585,418,3,3
585,419,3,3
585,420,3,3
585,421,3,3
585,422,3,3
585,423,3,3
585,424,3,3
585,425,3,3
585,426,3,3
585,427,3,3
585,428,3,3
585,429,3,3
585,430,3,3
585,431,3,3
585,432,3,2
585,433,3,2
585,434,3,2
585,435,3,2
585,436,3,2
585,437,3,2
585,438,3,2
585,439,3,2
585,440,3,2
585,441,3,2
585,442,3,2
585,443,3,2
585,444,3,2
585,445,3,2
585,446,3,2
585,447,3,2
585,448,3,2
585,449,3,2
585,450,3,2
585,451,3,2
585,452,3,2
585,453,3,2
585,454,3,2
585,455,3,2
585,456,3,2
585,457,3,2
585,458,3,2
585,459,3,2
585,460,3,2
585,461,3,3
585,462,3,3
585,463,3,3
585,464,3,3
585,465,3,3
585,466,3,3
585,467,3,3
585,468,3,3
585,469,3,3
585,470,3,3
585,471,3,3
585,472,3,3
585,473,3,3
585,474,3,3
585,475,3,3
585,476,3,3
585,477,3,3
585,478,3,3
585,479,3,3
585,480,3,3
585,481,3,3
585,482,3,3
585,483,3,3
585,484,3,3
585,485,3,3
585,486,3,3
585,487,3,3
585,488,3,3
585,489,3,3
585,490,3,3
585,491,3,3
585,492,3,3
585,493,3,3
585,494,3,3
585,495,3,3
585,496,3,3
585,497,3,3
585,498,3,3
585,499,3,3
585,500,3,3
585,501,3,3
585,502,3,3
585,503,3,3
585,504,3,3
585,505,3,3
585,506,3,3
585,507,3,3
585,508,3,3
585,509,3,3
585,510,3,3
585,511,3,3
585,512,3,3
585,513,3,2
585,514,3,2
585,515,3,2
585,516,3,2
585,517,3,2
585,518,3,2
585,519,3,2
585,520,3,2
585,521,3,2
585,522,3,2
585,523,3,2
585,524,3,2
585,525,3,2
585,526,3,2
585,527,3,2
585,528,3,2
585,529,3,2
585,530,3,2
585,531,3,2
585,532,3,2
585,533,3,2
585,534,3,2
585,535,3,2
585,536,3,2
585,537,3,2
585,538,3,2
585,539,3,2
585,540,3,2
585,541,3,3
585,542,3,3
585,543,3,3
585,544,3,3
585,545,3,3
585,546,3,3
585,547,3,3
585,548,3,2
585,549,3,2
585,550,3,2
585,551,3,2
585,552,3,2
585,553,3,2
585,554,3,2
585,555,3,2
585,556,3,2
585,557,3,2
585,558,3,2
585,559,3,2
585,560,3,2
585,561,3,2
585,562,3,2
585,563,3,2
585,564,3,2
585,565,3,2
585,566,3,2
585,567,3,2
585,568,3,2
585,569,3,2
585,570,3,2
585,571,3,2
585,572,3,2
585,573,3,2
585,574,3,2
585,575,3,2
585,576,3,2
585,577,3,2
585,578,3,2
585,579,3,2
585,580,3,2
585,581,3,2
585,582,3,2
585,583,3,2
585,584,3,2
585,585,3,2
585,586,3,2
585,587,3,2
585,588,3,2
585,589,3,2
585,590,3,2
585,591,3,2
585,592,3,2
585,593,3,2
585,594,3,2
585,595,3,2
585,596,3,2
585,597,3,2
585,598,3,2
585,599,3,2
585,600,3,2
585,601,3,2
585,602,3,2
585,603,3,2
585,604,3,2
585,605,3,2
585,606,3,2
585,607,3,2
585,608,3,2
585,609,3,2
585,610,3,2
585,611,3,2
585,612,3,2
586,91,3,2
586,92,3,2
586,93,3,2
586,94,3,2
586,95,3,2
586,96,3,2
586,97,3,2
586,98,3,2
586,99,3,2
586,100,3,2
586,101,3,2
586,102,3,2
586,103,3,2
586,104,3,2
586,105,3,2
586,106,3,2
586,107,3,2
586,108,3,2
586,109,3,2
586,110,3,2
586,111,3,2
586,112,3,2
586,113,3,2
586,114,3,2
586,115,3,2
586,116,3,2
586,117,3,2
586,118,3,2
586,119,3,2
586,120,3,2
586,121,3,2
586,122,3,2
586,123,3,2
586,124,3,2
586,125,3,2
586,126,3,2
586,127,3,2
586,128,3,2
586,129,3,2
586,130,3,2
586,131,3,2
586,132,3,2
586,133,3,2
586,134,3,2
586,135,3,2
586,136,3,2
586,137,3,2
586,138,3,2
586,139,3,2
586,140,3,2
586,141,3,2
586,142,3,2
586,143,3,2
586,144,3,2
586,145,3,2
586,146,3,2
586,147,3,2
586,148,3,2
586,149,3,2
586,150,3,2
586,151,3,2
586,152,3,2
586,153,3,2
586,154,3,2
586,155,3,2
586,156,3,2
586,157,3,2
586,158,3,2
586,159,3,2
586,160,3,2
586,161,3,2
586,162,3,2
586,163,3,2
586,164,3,2
586,165,3,2
586,166,3,2
586,167,3,2
586,168,3,2
586,169,3,2
586,170,3,2
586,171,3,2
586,172,3,2
586,173,3,2
586,174,3,2
586,175,3,2
586,176,3,2
586,177,3,2
586,178,3,2
586,179,3,2
586,180,3,2
586,181,3,2
586,182,3,2
586,183,3,2
586,184,3,2
586,185,3,2
586,186,3,2
586,187,3,2
586,188,3,2
586,189,3,2
586,190,3,2
586,191,3,2
586,192,3,2
586,193,3,2
586,194,3,2
586,195,3,2
586,196,3,2
586,197,3,2
586,198,3,2
586,199,3,2
586,200,3,2
586,201,3,2
586,202,3,2
586,203,3,2
586,204,3,2
586,205,3,2
586,206,3,2
586,207,3,2
586,208,3,2
586,209,3,2
586,210,3,2
586,211,3,2
586,212,3,2
586,213,3,2
586,214,3,2
586,215,3,2
586,216,3,2
586,217,3,2
586,218,3,2
586,219,3,2
586,220,3,2
586,221,3,2
586,222,3,2
586,223,3,2
586,224,3,2
586,225,3,2
586,226,3,2
586,227,3,2
586,228,3,2
586,229,3,2
586,230,3,2
586,231,3,2
586,232,3,2
586,233,3,2
586,234,3,2
586,235,3,2
586,236,3,2
586,237,3,2
586,238,3,2
586,239,3,2
586,240,3,2
586,241,3,2
586,242,3,2
586,243,3,2
586,244,3,2
586,245,3,2
586,246,3,2
586,247,3,2
586,248,3,2
586,249,3,2
586,250,3,2
586,251,3,2
586,252,3,2
586,253,3,2
586,254,3,2
586,255,3,2
586,256,3,2
586,257,3,2
586,258,3,2
586,259,3,2
586,260,3,2
586,261,3,2
586,262,3,2
586,263,3,2
586,264,3,2
586,265,3,2
586,266,3,2
586,267,3,2
586,268,3,2
586,269,3,2
586,270,3,2
586,271,3,2
586,272,3,2
586,273,3,2
586,274,3,2
586,275,3,2
586,276,3,2
586,277,3,2
586,278,3,2
586,279,3,2
586,280,3,2
586,281,3,2
586,282,3,2
586,283,3,2
586,284,3,2
586,285,3,2
586,286,3,2
586,287,3,2
586,288,3,2
586,289,3,2
586,290,3,2
586,291,3,2
586,292,3,2
586,293,3,2
586,294,3,2
586,295,3,2
586,296,3,2
586,297,3,2
586,298,3,2
586,299,3,2
586,300,3,2
586,301,3,2
586,302,3,2
586,303,3,2
586,304,3,2
586,305,3,2
586,306,3,2
586,307,3,2
586,308,3,2
586,309,3,2
586,310,3,2
586,311,3,2
586,312,3,2
586,313,3,2
586,314,3,2
586,315,3,2
586,316,3,2
586,317,3,2
586,318,3,2
586,319,3,2
586,320,3,2
586,321,3,2
586,322,3,2
586,323,3,2
586,324,3,2
586,325,3,2
586,326,3,2
586,327,3,2
586,328,3,2
586,329,3,2
586,330,3,2
586,331,3,2
586,332,3,2
586,333,3,2
586,334,3,2
586,335,3,2
586,336,3,2
586,337,3,2
586,338,3,2
586,339,3,2
586,340,3,2
586,341,3,2
586,342,3,2
586,343,3,2
586,344,3,2
586,345,3,2
586,346,3,2
586,347,3,2
586,348,3,2
586,349,3,2
586,350,3,2
586,351,3,2
586,352,3,2
586,353,3,2
586,354,3,2
586,355,3,2
586,356,3,2
586,357,3,2
586,358,3,2
586,359,3,2
586,360,3,2
586,361,3,2
586,362,3,2
586,363,3,2
586,364,3,2
586,365,3,2
586,366,3,2
586,367,3,2
586,368,3,2
586,369,3,2
586,370,3,2
586,371,3,2
586,372,3,2
586,373,3,2
586,374,3,2
586,375,3,2
586,376,3,2
586,377,3,2
586,378,3,2
586,379,3,2
586,380,3,2
586,381,3,2
586,382,3,2
586,383,3,2
586,384,3,2
586,385,3,2
586,386,3,2
586,387,3,2
586,388,3,2
586,389,3,2
586,390,3,2
586,391,3,2
586,392,3,2
586,393,3,2
586,394,3,2
586,395,3,2
586,396,3,2
586,397,3,2
586,398,3,3
586,399,3,3
586,400,3,3
586,401,3,2
586,402,3,2
586,403,3,2
586,404,3,2
586,405,3,2
586,406,3,2
586,407,3,3
586,408,3,3
586,409,3,3
586,410,3,3
586,411,3,3
586,412,3,3
586,413,3,3
586,414,3,3
586,415,3,3
586,416,3,3
586,417,3,3
586,418,3,3
586,419,3,3
586,420,3,3
586,421,3,3
586,422,3,3
586,423,3,3
586,424,3,3
586,425,3,3
586,426,3,3
586,427,3,3
586,428,3,3
586,429,3,3
586,430,3,3
586,431,3,3
586,432,3,2
586,433,3,2
586,434,3,2
586,435,3,2
586,436,3,2
586,437,3,2
586,438,3,2
586,439,3,2
586,440,3,2
586,441,3,2
586,442,3,2
586,443,3,2
586,444,3,2
586,445,3,2
586,446,3,2
586,447,3,2
586,448,3,2
586,449,3,2
586,450,3,2
586,451,3,2
586,452,3,2
586,453,3,2
586,454,3,2
586,455,3,2
586,456,3,2
586,457,3,2
586,458,3,2
586,459,3,2
586,460,3,3
586,461,3,3
586,462,3,3
586,463,3,3
586,464,3,3
586,465,3,3
586,466,3,3
586,467,3,3
586,468,3,3
586,469,3,3
586,470,3,3
586,471,3,3
586,472,3,3
586,473,3,3
586,474,3,3
586,475,3,3
586,476,3,3
586,477,3,3
586,478,3,3
586,479,3,3
586,480,3,3
586,481,3,3
586,482,3,3
586,483,3,3
586,484,3,3
586,485,3,3
586,486,3,3
586,487,3,3
586,488,3,3
586,489,3,3
586,490,3,3
586,491,3,3
586,492,3,3
586,493,3,3
586,494,3,3
586,495,3,3
586,496,3,3
586,497,3,3
586,498,3,3
586,499,3,3
586,500,3,3
586,501,3,3
586,502,3,3
586,503,3,3
586,504,3,3
586,505,3,3
586,506,3,3
586,507,3,3
586,508,3,3
586,509,3,3
586,510,3,3
586,511,3,3
586,512,3,2
586,513,3,2
586,514,3,2
586,515,3,2
586,516,3,2
586,517,3,2
586,518,3,2
586,519,3,2
586,520,3,2
586,521,3,2
586,522,3,2
586,523,3,2
586,524,3,2
586,525,3,2
586,526,3,2
586,527,3,2
586,528,3,2
586,529,3,2
586,530,3,2
586,531,3,2
586,532,3,2
586,533,3,2
586,534,3,2
586,535,3,2
586,536,3,2
586,537,3,2
586,538,3,2
586,539,3,2
586,540,3,2
586,541,3,3
586,542,3,3
586,543,3,3
586,544,3,3
586,545,3,3
586,546,3,3
586,547,3,2
586,548,3,2
586,549,3,2
586,550,3,2
586,551,3,2
586,552,3,2
586,553,3,2
586,554,3,2
586,555,3,2
586,556,3,2
586,557,3,2
586,558,3,2
586,559,3,2
586,560,3,2
586,561,3,2
586,562,3,2
586,563,3,2
586,564,3,2
586,565,3,2
586,566,3,2
586,567,3,2
586,568,3,2
586,569,3,2
586,570,3,2
586,571,3,2
586,572,3,2
586,573,3,2
586,574,3,2
586,575,3,2
586,576,3,2
586,577,3,2
586,578,3,2
586,579,3,2
586,580,3,2
586,581,3,2
586,582,3,2
586,583,3,2
586,584,3,2
586,585,3,2
586,586,3,2
586,587,3,2
586,588,3,2
586,589,3,2
586,590,3,2
586,591,3,2
586,592,3,2
586,593,3,2
586,594,3,2
586,595,3,2
586,596,3,2
586,597,3,2
586,598,3,2
586,599,3,2
586,600,3,2
586,601,3,2
586,602,3,2
586,603,3,2
586,604,3,2
586,605,3,2
586,606,3,2
586,607,3,2
586,608,3,2
586,609,3,2
586,610,3,2
586,611,3,2
587,91,3,2
587,92,3,2
587,93,3,2
587,94,3,2
587,95,3,2
587,96,3,2
587,97,3,2
587,98,3,2
587,99,3,2
587,100,3,2
587,101,3,2
587,102,3,2
587,103,3,2
587,104,3,2
587,105,3,2
587,106,3,2
587,107,3,2
587,108,3,2
587,109,3,2
587,110,3,2
587,111,3,2
587,112,3,2
587,113,3,2
587,114,3,2
587,115,3,2
587,116,3,2
587,117,3,2
587,118,3,2
587,119,3,2
587,120,3,2
587,121,3,2
587,122,3,2
587,123,3,2
587,124,3,2
587,125,3,2
587,126,3,2
587,127,3,2
587,128,3,2
587,129,3,2
587,130,3,2
587,131,3,2
587,132,3,2
587,133,3,2
587,134,3,2
587,135,3,2
587,136,3,2
587,137,3,2
587,138,3,2
587,139,3,2
587,140,3,2
587,141,3,2
587,142,3,2
587,143,3,2
587,144,3,2
587,145,3,2
587,146,3,2
587,147,3,2
587,148,3,2
587,149,3,2
587,150,3,2
587,151,3,2
587,152,3,2
587,153,3,2
587,154,3,2
587,155,3,2
587,156,3,2
587,157,3,2
587,158,3,2
587,159,3,2
587,160,3,2
587,161,3,2
587,162,3,2
587,163,3,2
587,164,3,2
587,165,3,2
587,166,3,2
587,167,3,2
587,168,3,2
587,169,3,2
587,170,3,2
587,171,3,2
587,172,3,2
587,173,3,2
587,174,3,2
587,175,3,2
587,176,3,2
587,177,3,2
587,178,3,2
587,179,3,2
587,180,3,2
587,181,3,2
587,182,3,2
587,183,3,2
587,184,3,2
587,185,3,2
587,186,3,2
587,187,3,2
587,188,3,2
587,189,3,2
587,190,3,2
587,191,3,2
587,192,3,2
587,193,3,2
587,194,3,2
587,195,3,2
587,196,3,2
587,197,3,2
587,198,3,2
587,199,3,2
587,200,3,2
587,201,3,2
587,202,3,2
587,203,3,2
587,204,3,2
587,205,3,2
587,206,3,2
587,207,3,2
587,208,3,2
587,209,3,2
587,210,3,2
587,211,3,2
587,212,3,2
587,213,3,2
587,214,3,2
587,215,3,2
587,216,3,2
587,217,3,2
587,218,3,2
587,219,3,2
587,220,3,2
587,221,3,2
587,222,3,2
587,223,3,2
587,224,3,2
587,225,3,2
587,226,3,2
587,227,3,2
587,228,3,2
587,229,3,2
587,230,3,2
587,231,3,2
587,232,3,2
587,233,3,2
587,234,3,2
587,235,3,2
587,236,3,2
587,237,3,2
587,238,3,2
587,239,3,2
587,240,3,2
587,241,3,2
587,242,3,2
587,243,3,2
587,244,3,2
587,245,3,2
587,246,3,2
587,247,3,2
587,248,3,2
587,249,3,2
587,250,3,2
587,251,3,2
587,252,3,2
587,253,3,2
587,254,3,2
587,255,3,2
587,256,3,2
587,257,3,2
587,258,3,2
587,259,3,2
587,260,3,2
587,261,3,2
587,262,3,2
587,263,3,2
587,264,3,2
587,265,3,2
587,266,3,2
587,267,3,2
587,268,3,2
587,269,3,2
587,270,3,2
587,271,3,2
587,272,3,2
587,273,3,2
587,274,3,2
587,275,3,2
587,276,3,2
587,277,3,2
587,278,3,2
587,279,3,2
587,280,3,2
587,281,3,2
587,282,3,2
587,283,3,2
587,284,3,2
587,285,3,2
587,286,3,2
587,287,3,2
587,288,3,2
587,289,3,2
587,290,3,2
587,291,3,2
587,292,3,2
587,293,3,2
587,294,3,2
587,295,3,2
587,296,3,2
587,297,3,2
587,298,3,2
587,299,3,2
587,300,3,2
587,301,3,2
587,302,3,2
587,303,3,2
587,304,3,2
587,305,3,2
587,306,3,2
587,307,3,2
587,308,3,2
587,309,3,2
587,310,3,2
587,311,3,2
587,312,3,2
587,313,3,2
587,314,3,2
587,315,3,2
587,316,3,2
587,317,3,2
587,318,3,2
587,319,3,2
587,320,3,2
587,321,3,2
587,322,3,2
587,323,3,2
587,324,3,2
587,325,3,2
587,326,3,2
587,327,3,2
587,328,3,2
587,329,3,2
587,330,3,2
587,331,3,2
587,332,3,2
587,333,3,2
587,334,3,2
587,335,3,2
587,336,3,2
587,337,3,2
587,338,3,2
587,339,3,2
587,340,3,2
587,341,3,2
587,342,3,2
587,343,3,2
587,344,3,2
587,345,3,2
587,346,3,2
587,347,3,2
587,348,3,2
587,349,3,2
587,350,3,2
587,351,3,2
587,352,3,2
587,353,3,2
587,354,3,2
587,355,3,2
587,356,3,2
587,357,3,2
587,358,3,2
587,359,3,2
587,360,3,2
587,361,3,2
587,362,3,2
587,363,3,2
587,364,3,2
587,365,3,2
587,366,3,2
587,367,3,2
587,368,3,2
587,369,3,2
587,370,3,2
587,371,3,2
587,372,3,2
587,373,3,2
587,374,3,2
587,375,3,2
587,376,3,2
587,377,3,2
587,378,3,2
587,379,3,2
587,380,3,2
587,381,3,2
587,382,3,2
587,383,3,2
587,384,3,2
587,385,3,2
587,386,3,2
587,387,3,2
587,388,3,2
587,389,3,2
587,390,3,2
587,391,3,2
587,392,3,2
587,393,3,2
587,394,3,2
587,395,3,2
587,396,3,2
587,397,3,2
587,398,3,2
587,399,3,2
587,400,3,2
587,401,3,2
587,402,3,2
587,403,3,2
587,404,3,2
587,405,3,2
587,406,3,2
587,407,3,2
587,408,3,3
587,409,3,3
587,410,3,3
587,411,3,3
587,412,3,3
587,413,3,3
587,414,3,3
587,415,3,3
587,416,3,3
587,417,3,3
587,418,3,3
587,419,3,3
587,420,3,3
587,421,3,3
587,422,3,3
587,423,3,3
587,424,3,3
587,425,3,3
587,426,3,3
587,427,3,3
587,428,3,3
587,429,3,3
587,430,3,3
587,431,3,3
587,432,3,3
587,433,3,2
587,434,3,2
587,435,3,2
587,436,3,2
587,437,3,2
587,438,3,2
587,439,3,2
587,440,3,2
587,441,3,2
587,442,3,2
587,443,3,2
587,444,3,2
587,445,3,2
587,446,3,2
587,447,3,2
587,448,3,2
587,449,3,2
587,450,3,2
587,451,3,2
587,452,3,2
587,453,3,2
587,454,3,2
587,455,3,2
587,456,3,2
587,457,3,2
587,458,3,2
587,459,3,3
587,460,3,3
587,461,3,3
587,462,3,3
587,463,3,3
587,464,3,3
587,465,3,3
587,466,3,3
587,467,3,3
587,468,3,3
587,469,3,3
587,470,3,3
587,471,3,3
587,472,3,3
587,473,3,3
587,474,3,3
587,475,3,3
587,476,3,3
587,477,3,3
587,478,3,3
587,479,3,3
587,480,3,3
587,481,3,3
587,482,3,3
587,483,3,3
587,484,3,3
587,485,3,3
587,486,3,3
587,487,3,3
587,488,3,3
587,489,3,3
587,490,3,3
587,491,3,3
587,492,3,3
587,493,3,3
587,494,3,3
587,495,3,3
587,496,3,3
587,497,3,3
587,498,3,3
587,499,3,3
587,500,3,3
587,501,3,3
587,502,3,3
587,503,3,3
587,504,3,3
587,505,3,3
587,506,3,3
587,507,3,3
587,508,3,3
587,509,3,3
587,510,3,3
587,511,3,3
587,512,3,2
587,513,3,2
587,514,3,2
587,515,3,2
587,516,3,2
587,517,3,2
587,518,3,2
587,519,3,2
587,520,3,2
587,521,3,2
587,522,3,2
587,523,3,2
587,524,3,2
587,525,3,2
587,526,3,2
587,527,3,2
587,528,3,2
587,529,3,2
587,530,3,2
587,531,3,2
587,532,3,2
587,533,3,2
587,534,3,2
587,535,3,2
587,536,3,2
587,537,3,2
587,538,3,2
587,539,3,2
587,540,3,2
587,541,3,2
587,542,3,3
587,543,3,3
587,544,3,3
587,545,3,3
587,546,3,2
587,547,3,2
587,548,3,2
587,549,3,2
587,550,3,2
587,551,3,2
587,552,3,2
587,553,3,2
587,554,3,2
587,555,3,2
587,556,3,2
587,557,3,2
587,558,3,2
587,559,3,2
587,560,3,2
587,561,3,2
587,562,3,2
587,563,3,2
587,564,3,2
587,565,3,2
587,566,3,2
587,567,3,2
587,568,3,2
587,569,3,2
587,570,3,2
587,571,3,2
587,572,3,2
587,573,3,2
587,574,3,2
587,575,3,2
587,576,3,2
587,577,3,2
587,578,3,2
587,579,3,2
587,580,3,2
587,581,3,2
587,582,3,2
587,583,3,2
587,584,3,2
587,585,3,2
587,586,3,2
587,587,3,2
587,588,3,2
587,589,3,2
587,590,3,2
587,591,3,2
587,592,3,2
587,593,3,2
587,594,3,2
587,595,3,2
587,596,3,2
587,597,3,2
587,598,3,2
587,599,3,2
587,600,3,2
587,601,3,2
587,602,3,2
587,603,3,2
587,604,3,2
587,605,3,2
587,606,3,2
587,607,3,2
587,904,3,2
588,92,3,2
588,93,3,2
588,94,3,2
588,95,3,2
588,96,3,2
588,97,3,2
588,98,3,2
588,99,3,2
588,100,3,2
588,101,3,2
588,102,3,2
588,103,3,2
588,104,3,2
588,105,3,2
588,106,3,2
588,107,3,2
588,108,3,2
588,109,3,2
588,110,3,2
588,111,3,2
588,112,3,2
588,113,3,2
588,114,3,2
588,115,3,2
588,116,3,2
588,117,3,2
588,118,3,2
588,119,3,2
588,120,3,2
588,121,3,2
588,122,3,2
588,123,3,2
588,124,3,2
588,125,3,2
588,126,3,2
588,127,3,2
588,128,3,2
588,129,3,2
588,130,3,2
588,131,3,2
588,132,3,2
588,133,3,2
588,134,3,2
588,135,3,2
588,136,3,2
588,137,3,2
588,138,3,2
588,139,3,2
588,140,3,2
588,141,3,2
588,142,3,2
588,143,3,2
588,144,3,2
588,145,3,2
588,146,3,2
588,147,3,2
588,148,3,2
588,149,3,2
588,150,3,2
588,151,3,2
588,152,3,2
588,153,3,2
588,154,3,2
588,155,3,2
588,156,3,2
588,157,3,2
588,158,3,2
588,159,3,2
588,160,3,2
588,161,3,2
588,162,3,2
588,163,3,2
588,164,3,2
588,165,3,2
588,166,3,2
588,167,3,2
588,168,3,2
588,169,3,2
588,170,3,2
588,171,3,2
588,172,3,2
588,173,3,2
588,174,3,2
588,175,3,2
588,176,3,2
588,177,3,2
588,178,3,2
588,179,3,2
588,180,3,2
588,181,3,2
588,182,3,2
588,183,3,2
588,184,3,2
588,185,3,2
588,186,3,2
588,187,3,2
588,188,3,2
588,189,3,2
588,190,3,2
588,191,3,2
588,192,3,2
588,193,3,2
588,194,3,2
588,195,3,2
588,196,3,2
588,197,3,2
588,198,3,2
588,199,3,2
588,200,3,2
588,201,3,2
588,202,3,2
588,203,3,2
588,204,3,2
588,205,3,2
588,206,3,2
588,207,3,2
588,208,3,2
588,209,3,2
588,210,3,2
588,211,3,2
588,212,3,2
588,213,3,2
588,214,3,2
588,215,3,2
588,216,3,2
588,217,3,2
588,218,3,2
588,219,3,2
588,220,3,2
588,221,3,2
588,222,3,2
588,223,3,2
588,224,3,2
588,225,3,2
588,226,3,2
588,227,3,2
588,228,3,2
588,229,3,2
588,230,3,2
588,231,3,2
588,232,3,2
588,233,3,2
588,234,3,2
588,235,3,2
588,236,3,2
588,237,3,2
588,238,3,2
588,239,3,2
588,240,3,2
588,241,3,2
588,242,3,2
588,243,3,2
588,244,3,2
588,245,3,2
588,246,3,2
588,247,3,2
588,248,3,2
588,249,3,2
588,250,3,2
588,251,3,2
588,252,3,2
588,253,3,2
588,254,3,2
588,255,3,2
588,256,3,2
588,257,3,2
588,258,3,2
588,259,3,2
588,260,3,2
588,261,3,2
588,262,3,2
588,263,3,2
588,264,3,2
588,265,3,2
588,266,3,2
588,267,3,2
588,268,3,2
588,269,3,2
588,270,3,2
588,271,3,2
588,272,3,2
588,273,3,2
588,274,3,2
588,275,3,2
588,276,3,2
588,277,3,2
588,278,3,2
588,279,3,2
588,280,3,2
588,281,3,2
588,282,3,2
588,283,3,2
588,284,3,2
588,285,3,2
588,286,3,2
588,287,3,2
588,288,3,2
588,289,3,2
588,290,3,2
588,291,3,2
588,292,3,2
588,293,3,2
588,294,3,2
588,295,3,2
588,296,3,2
588,297,3,2
588,298,3,2
588,299,3,2
588,300,3,2
588,301,3,2
588,302,3,2
588,303,3,2
588,304,3,2
588,305,3,2
588,306,3,2
588,307,3,2
588,308,3,2
588,309,3,2
588,310,3,2
588,311,3,2
588,312,3,2
588,313,3,2
588,314,3,2
588,315,3,2
588,316,3,2
588,317,3,2
588,318,3,2
588,319,3,2
588,320,3,2
588,321,3,2
588,322,3,2
588,323,3,2
588,324,3,2
588,325,3,2
588,326,3,2
588,327,3,2
588,328,3,2
588,329,3,2
588,330,3,2
588,331,3,2
588,332,3,2
588,333,3,2
588,334,3,2
588,335,3,2
588,336,3,2
588,337,3,2
588,338,3,2
588,339,3,2
588,340,3,2
588,341,3,2
588,342,3,2
588,343,3,2
588,344,3,2
588,345,3,2
588,346,3,2
588,347,3,2
588,348,3,2
588,349,3,2
588,350,3,2
588,351,3,2
588,352,3,2
588,353,3,2
588,354,3,2
588,355,3,2
588,356,3,2
588,357,3,2
588,358,3,2
588,359,3,2
588,360,3,2
588,361,3,2
588,362,3,2
588,363,3,2
588,364,3,2
588,365,3,2
588,366,3,2
588,367,3,2
588,368,3,2
588,369,3,2
588,370,3,2
588,371,3,2
588,372,3,2
588,373,3,2
588,374,3,2
588,375,3,2
588,376,3,2
588,377,3,2
588,378,3,2
588,379,3,2
588,380,3,2
588,381,3,2
588,382,3,2
588,383,3,2
588,384,3,2
588,385,3,2
588,386,3,2
588,387,3,2
588,388,3,2
588,389,3,2
588,390,3,2
588,391,3,2
588,392,3,2
588,393,3,2
588,394,3,2
588,395,3,2
588,396,3,2
588,397,3,2
588,398,3,2
588,399,3,2
588,400,3,2
588,401,3,2
588,402,3,2
588,403,3,2
588,404,3,2
588,405,3,2
588,406,3,2
588,407,3,2
588,408,3,3
588,409,3,3
588,410,3,3
588,411,3,3
588,412,3,3
588,413,3,3
588,414,3,3
588,415,3,3
588,416,3,3
588,417,3,3
588,418,3,3
588,419,3,3
588,420,3,3
588,421,3,3
588,422,3,3
588,423,3,3
588,424,3,3
588,425,3,3
588,426,3,3
588,427,3,3
588,428,3,3
588,429,3,3
588,430,3,3
588,431,3,3
588,432,3,3
588,433,3,2
588,434,3,2
588,435,3,2
588,436,3,2
588,437,3,2
588,438,3,2
588,439,3,2
588,440,3,2
588,441,3,2
588,442,3,2
588,443,3,2
588,444,3,2
588,445,3,2
588,446,3,2
588,447,3,2
588,448,3,2
588,449,3,2
588,450,3,2
588,451,3,2
588,452,3,2
588,453,3,2
588,454,3,2
588,455,3,2
588,456,3,2
588,457,3,2
588,458,3,3
588,459,3,3
588,460,3,3
588,461,3,3
588,462,3,3
588,463,3,3
588,464,3,3
588,465,3,3
588,466,3,3
588,467,3,3
588,468,3,3
588,469,3,3
588,470,3,3
588,471,3,3
588,472,3,3
588,473,3,3
588,474,3,3
588,475,3,3
588,476,3,3
588,477,3,3
588,478,3,3
588,479,3,3
588,480,3,3
588,481,3,3
588,482,3,3
588,483,3,3
588,484,3,3
588,485,3,3
588,486,3,3
588,487,3,3
588,488,3,3
588,489,3,3
588,490,3,3
588,491,3,3
588,492,3,3
588,493,3,3
588,494,3,3
588,495,3,3
588,496,3,3
588,497,3,3
588,498,3,3
588,499,3,3
588,500,3,3
588,501,3,3
588,502,3,3
588,503,3,3
588,504,3,3
588,505,3,3
588,506,3,3
588,507,3,3
588,508,3,3
588,509,3,3
588,510,3,2
588,511,3,2
588,512,3,2
588,513,3,2
588,514,3,2
588,515,3,2
588,516,3,2
588,517,3,2
588,518,3,2
588,519,3,2
588,520,3,2
588,521,3,2
588,522,3,2
588,523,3,2
588,524,3,2
588,525,3,2
588,526,3,2
588,527,3,2
588,528,3,2
588,529,3,2
588,530,3,2
588,531,3,2
588,532,3,2
588,533,3,2
588,534,3,2
588,535,3,2
588,536,3,2
588,537,3,2
588,538,3,2
588,539,3,2
588,540,3,2
588,541,3,2
588,542,3,2
588,543,3,3
588,544,3,2
588,545,3,2
588,546,3,2
588,547,3,2
588,548,3,2
588,549,3,2
588,550,3,2
588,551,3,2
588,552,3,2
588,553,3,2
588,554,3,2
588,555,3,2
588,556,3,2
588,557,3,2
588,558,3,2
588,559,3,2
588,560,3,2
588,561,3,2
588,562,3,2
588,563,3,2
588,564,3,2
588,565,3,2
588,566,3,2
588,567,3,2
588,568,3,2
588,569,3,2
588,570,3,2
588,571,3,2
588,572,3,2
588,573,3,2
588,574,3,2
588,575,3,2
588,576,3,2
588,577,3,2
588,578,3,2
588,579,3,2
588,580,3,2
588,581,3,2
588,582,3,2
588,583,3,2
588,584,3,2
588,585,3,2
588,586,3,2
588,587,3,2
588,588,3,2
588,589,3,2
588,590,3,2
588,591,3,2
588,592,3,2
588,593,3,2
588,594,3,2
588,595,3,2
588,596,3,2
588,597,3,2
588,598,3,2
588,599,3,2
588,600,3,2
588,601,3,2
588,602,3,2
588,603,3,2
588,604,3,2
588,605,3,2
588,606,3,2
588,903,3,2
588,904,3,2
588,906,3,2
588,907,3,2
589,93,3,2
589,94,3,2
589,95,3,2
589,96,3,2
589,97,3,2
589,98,3,2
589,99,3,2
589,100,3,2
589,101,3,2
589,102,3,2
589,103,3,2
589,104,3,2
589,105,3,2
589,106,3,2
589,107,3,2
589,108,3,2
589,109,3,2
589,110,3,2
589,111,3,2
589,112,3,2
589,113,3,2
589,114,3,2
589,115,3,2
589,116,3,2
589,117,3,2
589,118,3,2
589,119,3,2
589,120,3,2
589,121,3,2
589,122,3,2
589,123,3,2
589,124,3,2
589,125,3,2
589,126,3,2
589,127,3,2
589,128,3,2
589,129,3,2
589,130,3,2
589,131,3,2
589,132,3,2
589,133,3,2
589,134,3,2
589,135,3,2
589,136,3,2
589,137,3,2
589,138,3,2
589,139,3,2
589,140,3,2
589,141,3,2
589,142,3,2
589,143,3,2
589,144,3,2
589,145,3,2
589,146,3,2
589,147,3,2
589,148,3,2
589,149,3,2
589,150,3,2
589,151,3,2
589,152,3,2
589,153,3,2
589,154,3,2
589,155,3,2
589,156,3,2
589,157,3,2
589,158,3,2
589,159,3,2
589,160,3,2
589,161,3,2
589,162,3,2
589,163,3,2
589,164,3,2
589,165,3,2
589,166,3,2
589,167,3,2
589,168,3,2
589,169,3,2
589,170,3,2
589,171,3,2
589,172,3,2
589,173,3,2
589,174,3,2
589,175,3,2
589,176,3,2
589,177,3,2
589,178,3,2
589,179,3,2
589,180,3,2
589,181,3,2
589,182,3,2
589,183,3,2
589,184,3,2
589,185,3,2
589,186,3,2
589,187,3,2
589,188,3,2
589,189,3,2
589,190,3,2
589,191,3,2
589,192,3,2
589,193,3,2
589,194,3,2
589,195,3,2
589,196,3,2
589,197,3,2
589,198,3,2
589,199,3,2
589,200,3,2
589,201,3,2
589,202,3,2
589,203,3,2
589,204,3,2
589,205,3,2
589,206,3,2
589,207,3,2
589,208,3,2
589,209,3,2
589,210,3,2
589,211,3,2
589,212,3,2
589,213,3,2
589,214,3,2
589,215,3,2
589,216,3,2
589,217,3,2
589,218,3,2
589,219,3,2
589,220,3,2
589,221,3,2
589,222,3,2
589,223,3,2
589,224,3,2
589,225,3,2
589,226,3,2
589,227,3,2
589,228,3,2
589,229,3,2
589,230,3,2
589,231,3,2
589,232,3,2
589,233,3,2
589,234,3,2
589,235,3,2
589,236,3,2
589,237,3,2
589,238,3,2
589,239,3,2
589,240,3,2
589,241,3,2
589,242,3,2
589,243,3,2
589,244,3,2
589,245,3,2
589,246,3,2
589,247,3,2
589,248,3,2
589,249,3,2
589,250,3,2
589,251,3,2
589,252,3,2
589,253,3,2
589,254,3,2
589,255,3,2
589,256,3,2
589,257,3,2
589,258,3,2
589,259,3,2
589,260,3,2
589,261,3,2
589,262,3,2
589,263,3,2
589,264,3,2
589,265,3,2
589,266,3,2
589,267,3,2
589,268,3,2
589,269,3,2
589,270,3,2
589,271,3,2
589,272,3,2
589,273,3,2
589,274,3,2
589,275,3,2
589,276,3,2
589,277,3,2
589,278,3,2
589,279,3,2
589,280,3,2
589,281,3,2
589,282,3,2
589,283,3,2
589,284,3,2
589,285,3,2
589,286,3,2
589,287,3,2
589,288,3,2
589,289,3,2
589,290,3,2
589,291,3,2
589,292,3,2
589,293,3,2
589,294,3,2
589,295,3,2
589,296,3,2
589,297,3,2
589,298,3,2
589,299,3,2
589,300,3,2
589,301,3,2
589,302,3,2
589,303,3,2
589,304,3,2
589,305,3,2
589,306,3,2
589,307,3,2
589,308,3,2
589,309,3,2
589,310,3,2
589,311,3,2
589,312,3,2
589,313,3,2
589,314,3,2
589,315,3,2
589,316,3,2
589,317,3,2
589,318,3,2
589,319,3,2
589,320,3,2
589,321,3,2
589,322,3,2
589,323,3,2
589,324,3,2
589,325,3,2
589,326,3,2
589,327,3,2
589,328,3,2
589,329,3,2
589,330,3,2
589,331,3,2
589,332,3,2
589,333,3,2
589,334,3,2
589,335,3,2
589,336,3,2
589,337,3,2
589,338,3,2
589,339,3,2
589,340,3,2
589,341,3,2
589,342,3,2
589,343,3,2
589,344,3,2
589,345,3,2
589,346,3,2
589,347,3,2
589,348,3,2
589,349,3,2
589,350,3,2
589,351,3,2
589,352,3,2
589,353,3,2
589,354,3,2
589,355,3,2
589,356,3,2
589,357,3,2
589,358,3,2
589,359,3,2
589,360,3,2
589,361,3,2
589,362,3,2
589,363,3,2
589,364,3,2
589,365,3,2
589,366,3,2
589,367,3,2
589,368,3,2
589,369,3,2
589,370,3,2
589,371,3,2
589,372,3,2
589,373,3,2
589,374,3,2
589,375,3,2
589,376,3,2
589,377,3,2
589,378,3,2
589,379,3,2
589,380,3,2
589,381,3,2
589,382,3,2
589,383,3,2
589,384,3,2
589,385,3,2
589,386,3,2
589,387,3,2
589,388,3,2
589,389,3,2
589,390,3,2
589,391,3,2
589,392,3,2
589,393,3,2
589,394,3,2
589,395,3,2
589,396,3,2
589,397,3,2
589,398,3,2
589,399,3,2
589,400,3,2
589,401,3,2
589,402,3,2
589,403,3,2
589,404,3,2
589,405,3,2
589,406,3,2
589,407,3,3
589,408,3,3
589,409,3,3
589,410,3,3
589,411,3,3
589,412,3,3
589,413,3,3
589,414,3,3
589,415,3,3
589,416,3,3
589,417,3,3
589,418,3,3
589,419,3,3
589,420,3,3
589,421,3,3
589,422,3,3
589,423,3,3
589,424,3,3
589,425,3,3
589,426,3,3
589,427,3,3
589,428,3,3
589,429,3,3
589,430,3,3
589,431,3,3
589,432,3,3
589,433,3,2
589,434,3,2
589,435,3,2
589,436,3,2
589,437,3,2
589,438,3,2
589,439,3,2
589,440,3,2
589,441,3,2
589,442,3,2
589,443,3,2
589,444,3,2
589,445,3,2
589,446,3,2
589,447,3,2
589,448,3,2
589,449,3,2
589,450,3,2
589,451,3,2
589,452,3,2
589,453,3,2
589,454,3,2
589,455,3,2
589,456,3,3
589,457,3,3
589,458,3,3
589,459,3,3
589,460,3,3
589,461,3,3
589,462,3,3
589,463,3,3
589,464,3,3
589,465,3,3
589,466,3,3
589,467,3,3
589,468,3,3
589,469,3,3
589,470,3,3
589,471,3,3
589,472,3,3
589,473,3,3
589,474,3,3
589,475,3,3
589,476,3,3
589,477,3,3
589,478,3,3
589,479,3,3
589,480,3,3
589,481,3,3
589,482,3,3
589,483,3,3
589,484,3,3
589,485,3,3
589,486,3,3
589,487,3,3
589,488,3,3
589,489,3,3
589,490,3,3
589,491,3,3
589,492,3,3
589,493,3,3
589,494,3,3
589,495,3,3
589,496,3,3
589,497,3,3
589,498,3,3
589,499,3,3
589,500,3,3
589,501,3,3
589,502,3,3
589,503,3,3
589,504,3,3
589,505,3,3
589,506,3,3
589,507,3,3
589,508,3,3
589,509,3,2
589,510,3,2
589,511,3,2
589,512,3,2
589,513,3,2
589,514,3,2
589,515,3,2
589,516,3,2
589,517,3,2
589,518,3,2
589,519,3,2
589,520,3,2
589,521,3,2
589,522,3,2
589,523,3,2
589,524,3,2
589,525,3,2
589,526,3,2
589,527,3,2
589,528,3,2
589,529,3,2
589,530,3,2
589,531,3,2
589,532,3,2
589,533,3,2
589,534,3,2
589,535,3,2
589,536,3,2
589,537,3,2
589,538,3,2
589,539,3,2
589,540,3,2
589,541,3,2
589,542,3,2
589,543,3,2
589,544,3,2
589,545,3,2
589,546,3,2
589,547,3,2
589,548,3,2
589,549,3,2
589,550,3,2
589,551,3,2
589,552,3,2
589,553,3,2
589,554,3,2
589,555,3,2
589,556,3,2
589,557,3,2
589,558,3,2
589,559,3,2
589,560,3,2
589,561,3,2
589,562,3,2
589,563,3,2
589,564,3,2
589,565,3,2
589,566,3,2
589,567,3,2
589,568,3,2
589,569,3,2
589,570,3,2
589,571,3,2
589,572,3,2
589,573,3,2
589,574,3,2
589,575,3,2
589,576,3,2
589,577,3,2
589,578,3,2
589,579,3,2
589,580,3,2
589,581,3,2
589,582,3,2
589,583,3,2
589,584,3,2
589,585,3,2
589,586,3,2
589,587,3,2
589,588,3,2
589,589,3,2
589,590,3,2
589,591,3,2
589,592,3,2
589,593,3,2
589,594,3,2
589,595,3,2
589,596,3,2
589,597,3,2
589,598,3,2
589,599,3,2
589,600,3,2
589,601,3,2
589,602,3,2
589,603,3,2
589,604,3,2
589,605,3,2
589,606,3,2
589,903,3,2
589,904,3,2
589,905,3,2
589,906,3,2
589,907,3,2
590,93,3,2
590,94,3,2
590,95,3,2
590,96,3,2
590,97,3,2
590,98,3,2
590,99,3,2
590,100,3,2
590,101,3,2
590,102,3,2
590,103,3,2
590,104,3,2
590,105,3,2
590,106,3,2
590,107,3,2
590,108,3,2
590,109,3,2
590,110,3,2
590,111,3,2
590,112,3,2
590,113,3,2
590,114,3,2
590,115,3,2
590,116,3,2
590,117,3,2
590,118,3,2
590,119,3,2
590,120,3,2
590,121,3,2
590,122,3,2
590,123,3,2
590,124,3,2
590,125,3,2
590,126,3,2
590,127,3,2
590,128,3,2
590,129,3,2
590,130,3,2
590,131,3,2
590,132,3,2
590,133,3,2
590,134,3,2
590,135,3,2
590,136,3,2
590,137,3,2
590,138,3,2
590,139,3,2
590,140,3,2
590,141,3,2
590,142,3,2
590,143,3,2
590,144,3,2
590,145,3,2
590,146,3,2
590,147,3,2
590,148,3,2
590,149,3,2
590,150,3,2
590,151,3,2
590,152,3,2
590,153,3,2
590,154,3,2
590,155,3,2
590,156,3,2
590,157,3,2
590,158,3,2
590,159,3,2
590,160,3,2
590,161,3,2
590,162,3,2
590,163,3,2
590,164,3,2
590,165,3,2
590,166,3,2
590,167,3,2
590,168,3,2
590,169,3,2
590,170,3,2
590,171,3,2
590,172,3,2
590,173,3,2
590,174,3,2
590,175,3,2
590,176,3,2
590,177,3,2
590,178,3,2
590,179,3,2
590,180,3,2
590,181,3,2
590,182,3,2
590,183,3,2
590,184,3,2
590,185,3,2
590,186,3,2
590,187,3,2
590,188,3,2
590,189,3,2
590,190,3,2
590,191,3,2
590,192,3,2
590,193,3,2
590,194,3,2
590,195,3,2
590,196,3,2
590,197,3,2
590,198,3,2
590,199,3,2
590,200,3,2
590,201,3,2
590,202,3,2
590,203,3,2
590,204,3,2
590,205,3,2
590,206,3,2
590,207,3,2
590,208,3,2
590,209,3,2
590,210,3,2
590,211,3,2
590,212,3,2
590,213,3,2
590,214,3,2
590,215,3,2
590,216,3,2
590,217,3,2
590,218,3,2
590,219,3,2
590,220,3,2
590,221,3,2
590,222,3,2
590,223,3,2
590,224,3,2
590,225,3,2
590,226,3,2
590,227,3,2
590,228,3,2
590,229,3,2
590,230,3,2
590,231,3,2
590,232,3,2
590,233,3,2
590,234,3,2
590,235,3,2
590,236,3,2
590,237,3,2
590,238,3,2
590,239,3,2
590,240,3,2
590,241,3,2
590,242,3,2
590,243,3,2
590,244,3,2
590,245,3,2
590,246,3,2
590,247,3,2
590,248,3,2
590,249,3,2
590,250,3,2
590,251,3,2
590,252,3,2
590,253,3,2
590,254,3,2
590,255,3,2
590,256,3,2
590,257,3,2
590,258,3,2
590,259,3,2
590,260,3,2
590,261,3,2
590,262,3,2
590,263,3,2
590,264,3,2
590,265,3,2
590,266,3,2
590,267,3,2
590,268,3,2
590,269,3,2
590,270,3,2
590,271,3,2
590,272,3,2
590,273,3,2
590,274,3,2
590,275,3,2
590,276,3,2
590,277,3,2
590,278,3,2
590,279,3,2
590,280,3,2
590,281,3,2
590,282,3,2
590,283,3,2
590,284,3,2
590,285,3,2
590,286,3,2
590,287,3,2
590,288,3,2
590,289,3,2
590,290,3,2
590,291,3,2
590,292,3,2
590,293,3,2
590,294,3,2
590,295,3,2
590,296,3,2
590,297,3,2
590,298,3,2
590,299,3,2
590,300,3,2
590,301,3,2
590,302,3,2
590,303,3,2
590,304,3,2
590,305,3,2
590,306,3,2
590,307,3,2
590,308,3,2
590,309,3,2
590,310,3,2
590,311,3,2
590,312,3,2
590,313,3,2
590,314,3,2
590,315,3,2
590,316,3,2
590,317,3,2
590,318,3,2
590,319,3,2
590,320,3,2
590,321,3,2
590,322,3,2
590,323,3,2
590,324,3,2
590,325,3,2
590,326,3,2
590,327,3,2
590,328,3,2
590,329,3,2
590,330,3,2
590,331,3,2
590,332,3,2
590,333,3,2
590,334,3,2
590,335,3,2
590,336,3,2
590,337,3,2
590,338,3,2
590,339,3,2
590,340,3,2
590,341,3,2
590,342,3,2
590,343,3,2
590,344,3,2
590,345,3,2
590,346,3,2
590,347,3,2
590,348,3,2
590,349,3,2
590,350,3,2
590,351,3,2
590,352,3,2
590,353,3,2
590,354,3,2
590,355,3,2
590,356,3,2
590,357,3,2
590,358,3,2
590,359,3,2
590,360,3,2
590,361,3,2
590,362,3,2
590,363,3,2
590,364,3,2
590,365,3,2
590,366,3,2
590,367,3,2
590,368,3,2
590,369,3,2
590,370,3,2
590,371,3,2
590,372,3,2
590,373,3,2
590,374,3,2
590,375,3,2
590,376,3,2
590,377,3,2
590,378,3,2
590,379,3,2
590,380,3,2
590,381,3,2
590,382,3,2
590,383,3,2
590,384,3,2
590,385,3,2
590,386,3,2
590,387,3,2
590,388,3,2
590,389,3,2
590,390,3,2
590,391,3,2
590,392,3,2
590,393,3,2
590,394,3,2
590,395,3,2
590,396,3,2
590,397,3,2
590,398,3,2
590,399,3,2
590,400,3,2
590,401,3,2
590,402,3,2
590,403,3,2
590,404,3,2
590,405,3,2
590,406,3,2
590,407,3,3
590,408,3,3
590,409,3,3
590,410,3,3
590,411,3,3
590,412,3,3
590,413,3,3
590,414,3,3
590,415,3,3
590,416,3,3
590,417,3,3
590,418,3,3
590,419,3,3
590,420,3,3
590,421,3,3
590,422,3,3
590,423,3,3
590,424,3,3
590,425,3,3
590,426,3,3
590,427,3,3
590,428,3,3
590,429,3,3
590,430,3,3
590,431,3,3
590,432,3,3
590,433,3,2
590,434,3,2
590,435,3,2
590,436,3,2
590,437,3,2
590,438,3,2
590,439,3,2
590,440,3,2
590,441,3,2
590,442,3,2
590,443,3,2
590,444,3,2
590,445,3,2
590,446,3,2
590,447,3,2
590,448,3,2
590,449,3,2
590,450,3,2
590,451,3,2
590,452,3,2
590,453,3,2
590,454,3,2
590,455,3,3
590,456,3,3
590,457,3,3
590,458,3,3
590,459,3,3
590,460,3,3
590,461,3,3
590,462,3,3
590,463,3,3
590,464,3,3
590,465,3,3
590,466,3,3
590,467,3,3
590,468,3,3
590,469,3,3
590,470,3,3
590,471,3,3
590,472,3,3
590,473,3,3
590,474,3,3
590,475,3,3
590,476,3,3
590,477,3,3
590,478,3,3
590,479,3,3
590,480,3,3
590,481,3,3
590,482,3,3
590,483,3,3
590,484,3,3
590,485,3,3
590,486,3,3
590,487,3,3
590,488,3,3
590,489,3,3
590,490,3,3
590,491,3,3
590,492,3,3
590,493,3,3
590,494,3,3
590,495,3,3
590,496,3,3
590,497,3,3
590,498,3,3
590,499,3,3
590,500,3,3
590,501,3,3
590,502,3,3
590,503,3,3
590,504,3,3
590,505,3,3
590,506,3,3
590,507,3,3
590,508,3,2
590,509,3,2
590,510,3,2
590,511,3,2
590,512,3,2
590,513,3,2
590,514,3,2
590,515,3,2
590,516,3,2
590,517,3,2
590,518,3,2
590,519,3,2
590,520,3,2
590,521,3,2
590,522,3,2
590,523,3,2
590,524,3,2
590,525,3,2
590,526,3,2
590,527,3,2
590,528,3,2
590,529,3,2
590,530,3,2
590,531,3,2
590,532,3,2
590,533,3,2
590,534,3,2
590,535,3,2
590,536,3,2
590,537,3,2
590,538,3,2
590,539,3,2
590,540,3,2
590,541,3,2
590,542,3,2
590,543,3,2
590,544,3,2
590,545,3,2
590,546,3,2
590,547,3,2
590,548,3,2
590,549,3,2
590,550,3,2
590,551,3,2
590,552,3,2
590,553,3,2
590,554,3,2
590,555,3,2
590,556,3,2
590,557,3,2
590,558,3,2
590,559,3,2
590,560,3,2
590,561,3,2
590,562,3,2
590,563,3,2
590,564,3,2
590,565,3,2
590,566,3,2
590,567,3,2
590,568,3,2
590,569,3,2
590,570,3,2
590,571,3,2
590,572,3,2
590,573,3,2
590,574,3,2
590,575,3,2
590,576,3,2
590,577,3,2
590,578,3,2
590,579,3,2
590,580,3,2
590,581,3,2
590,582,3,2
590,583,3,2
590,584,3,2
590,585,3,2
590,586,3,2
590,587,3,2
590,588,3,2
590,589,3,2
590,590,3,2
590,591,3,2
590,592,3,2
590,593,3,2
590,594,3,2
590,595,3,2
590,596,3,2
590,597,3,2
590,598,3,2
590,599,3,2
590,600,3,2
590,601,3,2
590,602,3,2
590,603,3,2
590,604,3,2
590,605,3,2
590,903,3,2
590,904,3,2
590,905,3,2
590,906,3,2
590,907,3,2
590,908,3,2
591,94,3,2
591,95,3,2
591,96,3,2
591,97,3,2
591,98,3,2
591,99,3,2
591,100,3,2
591,101,3,2
591,102,3,2
591,103,3,2
591,104,3,2
591,105,3,2
591,106,3,2
591,107,3,2
591,108,3,2
591,109,3,2
591,110,3,2
591,111,3,2
591,112,3,2
591,113,3,2
591,114,3,2
591,115,3,2
591,116,3,2
591,117,3,2
591,118,3,2
591,119,3,2
591,120,3,2
591,121,3,2
591,122,3,2
591,123,3,2
591,124,3,2
591,125,3,2
591,126,3,2
591,127,3,2
591,128,3,2
591,129,3,2
591,130,3,2
591,131,3,2
591,132,3,2
591,133,3,2
591,134,3,2
591,135,3,2
591,136,3,2
591,137,3,2
591,138,3,2
591,139,3,2
591,140,3,2
591,141,3,2
591,142,3,2
591,143,3,2
591,144,3,2
591,145,3,2
591,146,3,2
591,147,3,2
591,148,3,2
591,149,3,2
591,150,3,2
591,151,3,2
591,152,3,2
591,153,3,2
591,154,3,2
591,155,3,2
591,156,3,2
591,157,3,2
591,158,3,2
591,159,3,2
591,160,3,2
591,161,3,2
591,162,3,2
591,163,3,2
591,164,3,2
591,165,3,2
591,166,3,2
591,167,3,2
591,168,3,2
591,169,3,2
591,170,3,2
591,171,3,2
591,172,3,2
591,173,3,2
591,174,3,2
591,175,3,2
591,176,3,2
591,177,3,2
591,178,3,2
591,179,3,2
591,180,3,2
591,181,3,2
591,182,3,2
591,183,3,2
591,184,3,2
591,185,3,2
591,186,3,2
591,187,3,2
591,188,3,2
591,189,3,2
591,190,3,2
591,191,3,2
591,192,3,2
591,193,3,2
591,194,3,2
591,195,3,2
591,196,3,2
591,197,3,2
591,198,3,2
591,199,3,2
591,200,3,2
591,201,3,2
591,202,3,2
591,203,3,2
591,204,3,2
591,205,3,2
591,206,3,2
591,207,3,2
591,208,3,2
591,209,3,2
591,210,3,2
591,211,3,2
591,212,3,2
591,213,3,2
591,214,3,2
591,215,3,2
591,216,3,2
591,217,3,2
591,218,3,2
591,219,3,2
591,220,3,2
591,221,3,2
591,222,3,2
591,223,3,2
591,224,3,2
591,225,3,2
591,226,3,2
591,227,3,2
591,228,3,2
591,229,3,2
591,230,3,2
591,231,3,2
591,232,3,2
591,233,3,2
591,234,3,2
591,235,3,2
591,236,3,2
591,237,3,2
591,238,3,2
591,239,3,2
591,240,3,2
591,241,3,2
591,242,3,2
591,243,3,2
591,244,3,2
591,245,3,2
591,246,3,2
591,247,3,2
591,248,3,2
591,249,3,2
591,250,3,2
591,251,3,2
591,252,3,2
591,253,3,2
591,254,3,2
591,255,3,2
591,256,3,2
591,257,3,2
591,258,3,2
591,259,3,2
591,260,3,2
591,261,3,2
591,262,3,2
591,263,3,2
591,264,3,2
591,265,3,2
591,266,3,2
591,267,3,2
591,268,3,2
591,269,3,2
591,270,3,2
591,271,3,2
591,272,3,2
591,273,3,2
591,274,3,2
591,275,3,2
591,276,3,2
591,277,3,2
591,278,3,2
591,279,3,2
591,280,3,2
591,281,3,2
591,282,3,2
591,283,3,2
591,284,3,2
591,285,3,2
591,286,3,2
591,287,3,2
591,288,3,2
591,289,3,2
591,290,3,2
591,291,3,2
591,292,3,2
591,293,3,2
591,294,3,2
591,295,3,2
591,296,3,2
591,297,3,2
591,298,3,2
591,299,3,2
591,300,3,2
591,301,3,2
591,302,3,2
591,303,3,2
591,304,3,2
591,305,3,2
591,306,3,2
591,307,3,2
591,308,3,2
591,309,3,2
591,310,3,2
591,311,3,2
591,312,3,2
591,313,3,2
591,314,3,2
591,315,3,2
591,316,3,2
591,317,3,2
591,318,3,2
591,319,3,2
591,320,3,2
591,321,3,2
591,322,3,2
591,323,3,2
591,324,3,2
591,325,3,2
591,326,3,2
591,327,3,2
591,328,3,2
591,329,3,2
591,330,3,2
591,331,3,2
591,332,3,2
591,333,3,2
591,334,3,2
591,335,3,2
591,336,3,2
591,337,3,2
591,338,3,2
591,339,3,2
591,340,3,2
591,341,3,2
591,342,3,2
591,343,3,2
591,344,3,2
591,345,3,2
591,346,3,2
591,347,3,2
591,348,3,2
591,349,3,2
591,350,3,2
591,351,3,2
591,352,3,2
591,353,3,2
591,354,3,2
591,355,3,2
591,356,3,2
591,357,3,2
591,358,3,3
591,359,3,3
591,360,3,3
591,361,3,3
591,362,3,3
591,363,3,3
591,364,3,3
591,365,3,2
591,366,3,2
591,367,3,2
591,368,3,2
591,369,3,2
591,370,3,2
591,371,3,2
591,372,3,2
591,373,3,2
591,374,3,2
591,375,3,2
591,376,3,2
591,377,3,2
591,378,3,2
591,379,3,2
591,380,3,2
591,381,3,2
591,382,3,2
591,383,3,2
591,384,3,2
591,385,3,2
591,386,3,2
591,387,3,2
591,388,3,2
591,389,3,2
591,390,3,2
591,391,3,2
591,392,3,2
591,393,3,2
591,394,3,2
591,395,3,2
591,396,3,2
591,397,3,2
591,398,3,2
591,399,3,2
591,400,3,2
591,401,3,2
591,402,3,2
591,403,3,2
591,404,3,2
591,405,3,2
591,406,3,2
591,407,3,3
591,408,3,3
591,409,3,3
591,410,3,3
591,411,3,3
591,412,3,3
591,413,3,3
591,414,3,3
591,415,3,3
591,416,3,3
591,417,3,3
591,418,3,3
591,419,3,3
591,420,3,3
591,421,3,3
591,422,3,3
591,423,3,3
591,424,3,3
591,425,3,3
591,426,3,3
591,427,3,3
591,428,3,3
591,429,3,3
591,430,3,3
591,431,3,3
591,432,3,3
591,433,3,2
591,434,3,2
591,435,3,2
591,436,3,2
591,437,3,2
591,438,3,2
591,439,3,2
591,440,3,2
591,441,3,2
591,442,3,2
591,443,3,2
591,444,3,2
591,445,3,2
591,446,3,2
591,447,3,2
591,448,3,2
591,449,3,2
591,450,3,2
591,451,3,2
591,452,3,2
591,453,3,2
591,454,3,2
591,455,3,3
591,456,3,3
591,457,3,3
591,458,3,3
591,459,3,3
591,460,3,3
591,461,3,3
591,462,3,3
591,463,3,3
591,464,3,3
591,465,3,3
591,466,3,3
591,467,3,3
591,468,3,3
591,469,3,3
591,470,3,3
591,471,3,3
591,472,3,3
591,473,3,3
591,474,3,3
591,475,3,3
591,476,3,3
591,477,3,3
591,478,3,3
591,479,3,3
591,480,3,3
591,481,3,3
591,482,3,3
591,483,3,3
591,484,3,3
591,485,3,3
591,486,3,3
591,487,3,3
591,488,3,3
591,489,3,3
591,490,3,3
591,491,3,3
591,492,3,3
591,493,3,3
591,494,3,3
591,495,3,3
591,496,3,3
591,497,3,3
591,498,3,3
591,499,3,3
591,500,3,3
591,501,3,3
591,502,3,3
591,503,3,3
591,504,3,3
591,505,3,3
591,506,3,3
591,507,3,2
591,508,3,2
591,509,3,2
591,510,3,2
591,511,3,2
591,512,3,2
591,513,3,2
591,514,3,2
591,515,3,2
591,516,3,2
591,517,3,2
591,518,3,2
591,519,3,2
591,520,3,2
591,521,3,2
591,522,3,2
591,523,3,2
591,524,3,2
591,525,3,2
591,526,3,2
591,527,3,2
591,528,3,2
591,529,3,2
591,530,3,2
591,531,3,2
591,532,3,2
591,533,3,2
591,534,3,2
591,535,3,2
591,536,3,2
591,537,3,2
591,538,3,2
591,539,3,2
591,540,3,2
591,541,3,2
591,542,3,2
591,543,3,2
591,544,3,2
591,545,3,2
591,546,3,2
591,547,3,2
591,548,3,2
591,549,3,2
591,550,3,2
591,551,3,2
591,552,3,2
591,553,3,2
591,554,3,2
591,555,3,2
591,556,3,2
591,557,3,2
591,558,3,2
591,559,3,2
591,560,3,2
591,561,3,2
591,562,3,2
591,563,3,2
591,564,3,2
591,565,3,2
591,566,3,2
591,567,3,2
591,568,3,2
591,569,3,2
591,570,3,2
591,571,3,2
591,572,3,2
591,573,3,2
591,574,3,2
591,575,3,2
591,576,3,2
591,577,3,2
591,578,3,2
591,579,3,2
591,580,3,2
591,581,3,2
591,582,3,2
591,583,3,2
591,584,3,2
591,585,3,2
591,586,3,2
591,587,3,2
591,588,3,2
591,589,3,2
591,590,3,2
591,591,3,2
591,592,3,2
591,593,3,2
591,594,3,2
591,595,3,2
591,596,3,2
591,597,3,2
591,598,3,2
591,599,3,2
591,600,3,2
591,601,3,2
591,602,3,2
591,603,3,2
591,604,3,2
591,903,3,2
591,904,3,2
591,905,3,2
591,906,3,2
591,907,3,2
591,908,3,2
592,95,3,2
592,96,3,2
592,97,3,2
592,98,3,2
592,99,3,2
592,100,3,2
592,101,3,2
592,102,3,2
592,103,3,2
592,104,3,2
592,105,3,2
592,106,3,2
592,107,3,2
592,108,3,2
592,109,3,2
592,110,3,2
592,111,3,2
592,112,3,2
592,113,3,2
592,114,3,2
592,115,3,2
592,116,3,2
592,117,3,2
592,118,3,2
592,119,3,2
592,120,3,2
592,121,3,2
592,122,3,2
592,123,3,2
592,124,3,2
592,125,3,2
592,126,3,2
592,127,3,2
592,128,3,2
592,129,3,2
592,130,3,2
592,131,3,2
592,132,3,2
592,133,3,2
592,134,3,2
592,135,3,2
592,136,3,2
592,137,3,2
592,138,3,2
592,139,3,2
592,140,3,2
592,141,3,2
592,142,3,2
592,143,3,2
592,144,3,2
592,145,3,2
592,146,3,2
592,147,3,2
592,148,3,2
592,149,3,2
592,150,3,2
592,151,3,2
592,152,3,2
592,153,3,2
592,154,3,2
592,155,3,2
592,156,3,2
592,157,3,2
592,158,3,2
592,159,3,2
592,160,3,2
592,161,3,2
592,162,3,2
592,163,3,2
592,164,3,2
592,165,3,2
592,166,3,2
592,167,3,2
592,168,3,2
592,169,3,2
592,170,3,2
592,171,3,2
592,172,3,2
592,173,3,2
592,174,3,2
592,175,3,2
592,176,3,2
592,177,3,2
592,178,3,2
592,179,3,2
592,180,3,2
592,181,3,2
592,182,3,2
592,183,3,2
592,184,3,2
592,185,3,2
592,186,3,2
592,187,3,2
592,188,3,2
592,189,3,2
592,190,3,2
592,191,3,2
592,192,3,2
592,193,3,2
592,194,3,2
592,195,3,2
592,196,3,2
592,197,3,2
592,198,3,2
592,199,3,2
592,200,3,2
592,201,3,2
592,202,3,2
592,203,3,2
592,204,3,2
592,205,3,2
592,206,3,2
592,207,3,2
592,208,3,2
592,209,3,2
592,210,3,2
592,211,3,2
592,212,3,2
592,213,3,2
592,214,3,2
592,215,3,2
592,216,3,2
592,217,3,2
592,218,3,2
592,219,3,2
592,220,3,2
592,221,3,2
592,222,3,2
592,223,3,2
592,224,3,2
592,225,3,2
592,226,3,2
592,227,3,2
592,228,3,2
592,229,3,2
592,230,3,2
592,231,3,2
592,232,3,2
592,233,3,2
592,234,3,2
592,235,3,2
592,236,3,2
592,237,3,2
592,238,3,2
592,239,3,2
592,240,3,2
592,241,3,2
592,242,3,2
592,243,3,2
592,244,3,2
592,245,3,2
592,246,3,2
592,247,3,2
592,248,3,2
592,249,3,2
592,250,3,2
592,251,3,2
592,252,3,2
592,253,3,2
592,254,3,2
592,255,3,2
592,256,3,2
592,257,3,2
592,258,3,2
592,259,3,2
592,260,3,2
592,261,3,2
592,262,3,2
592,263,3,2
592,264,3,2
592,265,3,2
592,266,3,2
592,267,3,2
592,268,3,2
592,269,3,2
592,270,3,2
592,271,3,2
592,272,3,2
592,273,3,2
592,274,3,2
592,275,3,2
592,276,3,2
592,277,3,2
592,278,3,2
592,279,3,2
592,280,3,2
592,281,3,2
592,282,3,2
592,283,3,2
592,284,3,2
592,285,3,2
592,286,3,2
592,287,3,2
592,288,3,2
592,289,3,2
592,290,3,2
592,291,3,2
592,292,3,2
592,293,3,2
592,294,3,2
592,295,3,2
592,296,3,2
592,297,3,2
592,298,3,2
592,299,3,2
592,300,3,2
592,301,3,2
592,302,3,2
592,303,3,2
592,304,3,2
592,305,3,2
592,306,3,2
592,307,3,2
592,308,3,2
592,309,3,2
592,310,3,2
592,311,3,2
592,312,3,2
592,313,3,2
592,314,3,2
592,315,3,2
592,316,3,2
592,317,3,2
592,318,3,2
592,319,3,2
592,320,3,2
592,321,3,2
592,322,3,2
592,323,3,2
592,324,3,2
592,325,3,2
592,326,3,2
592,327,3,2
592,328,3,2
592,329,3,2
592,330,3,2
592,331,3,2
592,332,3,2
592,333,3,2
592,334,3,2
592,335,3,2
592,336,3,2
592,337,3,2
592,338,3,2
592,339,3,2
592,340,3,2
592,341,3,2
592,342,3,2
592,343,3,2
592,344,3,2
592,345,3,2
592,346,3,2
592,347,3,2
592,348,3,2
592,349,3,2
592,350,3,2
592,351,3,2
592,352,3,2
592,353,3,2
592,354,3,2
592,355,3,2
592,356,3,2
592,357,3,3
592,358,3,3
592,359,3,3
592,360,3,3
592,361,3,3
592,362,3,3
592,363,3,3
592,364,3,3
592,365,3,3
592,366,3,2
592,367,3,2
592,368,3,2
592,369,3,2
592,370,3,2
592,371,3,2
592,372,3,2
592,373,3,2
592,374,3,2
592,375,3,2
592,376,3,2
592,377,3,2
592,378,3,2
592,379,3,2
592,380,3,2
592,381,3,2
592,382,3,2
592,383,3,2
592,384,3,2
592,385,3,2
592,386,3,2
592,387,3,2
592,388,3,2
592,389,3,2
592,390,3,2
592,391,3,2
592,392,3,2
592,393,3,2
592,394,3,2
592,395,3,2
592,396,3,2
592,397,3,2
592,398,3,2
592,399,3,2
592,400,3,2
592,401,3,2
592,402,3,2
592,403,3,2
592,404,3,2
592,405,3,2
592,406,3,2
592,407,3,2
592,408,3,3
592,409,3,3
592,410,3,3
592,411,3,3
592,412,3,3
592,413,3,3
592,414,3,3
592,415,3,3
592,416,3,3
592,417,3,3
592,418,3,3
592,419,3,3
592,420,3,3
592,421,3,3
592,422,3,3
592,423,3,3
592,424,3,3
592,425,3,3
592,426,3,3
592,427,3,3
592,428,3,3
592,429,3,3
592,430,3,3
592,431,3,3
592,432,3,3
592,433,3,2
592,434,3,2
592,435,3,2
592,436,3,2
592,437,3,2
592,438,3,2
592,439,3,2
592,440,3,2
592,441,3,2
592,442,3,2
592,443,3,2
592,444,3,2
592,445,3,2
592,446,3,2
592,447,3,2
592,448,3,2
592,449,3,2
592,450,3,2
592,451,3,2
592,452,3,2
592,453,3,2
592,454,3,3
592,455,3,3
592,456,3,3
592,457,3,3
592,458,3,3
592,459,3,3
592,460,3,3
592,461,3,3
592,462,3,3
592,463,3,3
592,464,3,3
592,465,3,3
592,466,3,3
592,467,3,3
592,468,3,3
592,469,3,3
592,470,3,3
592,471,3,3
592,472,3,3
592,473,3,3
592,474,3,3
592,475,3,3
592,476,3,3
592,477,3,3
592,478,3,3
592,479,3,3
592,480,3,3
592,481,3,3
592,482,3,3
592,483,3,3
592,484,3,3
592,485,3,3
592,486,3,3
592,487,3,3
592,488,3,3
592,489,3,3
592,490,3,3
592,491,3,3
592,492,3,3
592,493,3,3
592,494,3,3
592,495,3,3
592,496,3,3
592,497,3,3
592,498,3,3
592,499,3,3
592,500,3,3
592,501,3,3
592,502,3,3
592,503,3,3
592,504,3,3
592,505,3,2
592,506,3,2
592,507,3,2
592,508,3,2
592,509,3,2
592,510,3,2
592,511,3,2
592,512,3,2
592,513,3,2
592,514,3,2
592,515,3,2
592,516,3,2
592,517,3,2
592,518,3,2
592,519,3,2
592,520,3,2
592,521,3,2
592,522,3,2
592,523,3,2
592,524,3,2
592,525,3,2
592,526,3,2
592,527,3,2
592,528,3,2
592,529,3,2
592,530,3,2
592,531,3,2
592,532,3,2
592,533,3,2
592,534,3,2
592,535,3,2
592,536,3,2
592,537,3,2
592,538,3,2
592,539,3,2
592,540,3,2
592,541,3,2
592,542,3,2
592,543,3,2
592,544,3,2
592,545,3,2
592,546,3,2
592,547,3,2
592,548,3,2
592,549,3,2
592,550,3,2
592,551,3,2
592,552,3,2
592,553,3,2
592,554,3,2
592,555,3,2
592,556,3,2
592,557,3,2
592,558,3,2
592,559,3,2
592,560,3,2
592,561,3,2
592,562,3,2
592,563,3,2
592,564,3,2
592,565,3,2
592,566,3,2
592,567,3,2
592,568,3,2
592,569,3,2
592,570,3,2
592,571,3,2
592,572,3,2
592,573,3,2
592,574,3,2
592,575,3,2
592,576,3,2
592,577,3,2
592,578,3,2
592,579,3,2
592,580,3,2
592,581,3,2
592,582,3,2
592,583,3,2
592,584,3,2
592,585,3,2
592,586,3,2
592,587,3,2
592,588,3,2
592,589,3,2
592,590,3,2
592,591,3,2
592,592,3,2
592,593,3,2
592,594,3,2
592,595,3,2
592,596,3,2
592,597,3,2
592,598,3,2
592,599,3,2
592,600,3,2
592,601,3,2
592,602,3,2
592,603,3,2
592,604,3,2
592,903,3,2
592,904,3,2
592,905,3,2
592,906,3,2
592,907,3,2
592,908,3,2
593,96,3,2
593,97,3,2
593,98,3,2
593,99,3,2
593,100,3,2
593,101,3,2
593,102,3,2
593,103,3,2
593,104,3,2
593,105,3,2
593,106,3,2
593,107,3,2
593,108,3,2
593,109,3,2
593,110,3,2
593,111,3,2
593,112,3,2
593,113,3,2
593,114,3,2
593,115,3,2
593,116,3,2
593,117,3,2
593,118,3,2
593,119,3,2
593,120,3,2
593,121,3,2
593,122,3,2
593,123,3,2
593,124,3,2
593,125,3,2
593,126,3,2
593,127,3,2
593,128,3,2
593,129,3,2
593,130,3,2
593,131,3,2
593,132,3,2
593,133,3,2
593,134,3,2
593,135,3,2
593,136,3,2
593,137,3,2
593,138,3,2
593,139,3,2
593,140,3,2
593,141,3,2
593,142,3,2
593,143,3,2
593,144,3,2
593,145,3,2
593,146,3,2
593,147,3,2
593,148,3,2
593,149,3,2
593,150,3,2
593,151,3,2
593,152,3,2
593,153,3,2
593,154,3,2
593,155,3,2
593,156,3,2
593,157,3,2
593,158,3,2
593,159,3,2
593,160,3,2
593,161,3,2
593,162,3,2
593,163,3,2
593,164,3,2
593,165,3,2
593,166,3,2
593,167,3,2
593,168,3,2
593,169,3,2
593,170,3,2
593,171,3,2
593,172,3,2
593,173,3,2
593,174,3,2
593,175,3,2
593,176,3,2
593,177,3,2
593,178,3,2
593,179,3,2
593,180,3,2
593,181,3,2
593,182,3,2
593,183,3,2
593,184,3,2
593,185,3,2
593,186,3,2
593,187,3,2
593,188,3,2
593,189,3,2
593,190,3,2
593,191,3,2
593,192,3,2
593,193,3,2
593,194,3,2
593,195,3,2
593,196,3,2
593,197,3,2
593,198,3,2
593,199,3,2
593,200,3,2
593,201,3,2
593,202,3,2
593,203,3,2
593,204,3,2
593,205,3,2
593,206,3,2
593,207,3,2
593,208,3,2
593,209,3,2
593,210,3,2
593,211,3,2
593,212,3,2
593,213,3,2
593,214,3,2
593,215,3,2
593,216,3,2
593,217,3,2
593,218,3,2
593,219,3,2
593,220,3,2
593,221,3,2
593,222,3,2
593,223,3,2
593,224,3,2
593,225,3,2
593,226,3,2
593,227,3,2
593,228,3,2
593,229,3,2
593,230,3,2
593,231,3,2
593,232,3,2
593,233,3,2
593,234,3,2
593,235,3,2
593,236,3,2
593,237,3,2
593,238,3,2
593,239,3,2
593,240,3,2
593,241,3,2
593,242,3,2
593,243,3,2
593,244,3,2
593,245,3,2
593,246,3,2
593,247,3,2
593,248,3,2
593,249,3,2
593,250,3,2
593,251,3,2
593,252,3,2
593,253,3,2
593,254,3,2
593,255,3,2
593,256,3,2
593,257,3,2
593,258,3,2
593,259,3,2
593,260,3,2
593,261,3,2
593,262,3,2
593,263,3,2
593,264,3,2
593,265,3,2
593,266,3,2
593,267,3,2
593,268,3,2
593,269,3,2
593,270,3,2
593,271,3,2
593,272,3,2
593,273,3,2
593,274,3,2
593,275,3,2
593,276,3,2
593,277,3,2
593,278,3,2
593,279,3,2
593,280,3,2
593,281,3,2
593,282,3,2
593,283,3,2
593,284,3,2
593,285,3,2
593,286,3,2
593,287,3,2
593,288,3,2
593,289,3,2
593,290,3,2
593,291,3,2
593,292,3,2
593,293,3,2
593,294,3,2
593,295,3,2
593,296,3,2
593,297,3,2
593,298,3,2
593,299,3,2
593,300,3,2
593,301,3,2
593,302,3,2
593,303,3,2
593,304,3,2
593,305,3,2
593,306,3,2
593,307,3,2
593,308,3,2
593,309,3,2
593,310,3,2
593,311,3,2
593,312,3,2
593,313,3,2
593,314,3,2
593,315,3,2
593,316,3,2
593,317,3,2
593,318,3,2
593,319,3,2
593,320,3,2
593,321,3,2
593,322,3,2
593,323,3,2
593,324,3,2
593,325,3,2
593,326,3,2
593,327,3,2
593,328,3,2
593,329,3,2
593,330,3,2
593,331,3,2
593,332,3,2
593,333,3,2
593,334,3,2
593,335,3,2
593,336,3,2
593,337,3,2
593,338,3,2
593,339,3,2
593,340,3,2
593,341,3,2
593,342,3,2
593,343,3,2
593,344,3,2
593,345,3,2
593,346,3,2
593,347,3,2
593,348,3,2
593,349,3,2
593,350,3,2
593,351,3,2
593,352,3,2
593,353,3,2
593,354,3,2
593,355,3,3
593,356,3,3
593,357,3,3
593,358,3,3
593,359,3,3
593,360,3,3
593,361,3,3
593,362,3,3
593,363,3,3
593,364,3,3
593,365,3,3
593,366,3,3
593,367,3,2
593,368,3,2
593,369,3,2
593,370,3,2
593,371,3,2
593,372,3,2
593,373,3,2
593,374,3,2
593,375,3,2
593,376,3,2
593,377,3,2
593,378,3,2
593,379,3,2
593,380,3,2
593,381,3,2
593,382,3,2
593,383,3,2
593,384,3,2
593,385,3,2
593,386,3,2
593,387,3,2
593,388,3,2
593,389,3,2
593,390,3,2
593,391,3,2
593,392,3,2
593,393,3,2
593,394,3,2
593,395,3,2
593,396,3,2
593,397,3,2
593,398,3,2
593,399,3,2
593,400,3,2
593,401,3,2
593,402,3,2
593,403,3,2
593,404,3,2
593,405,3,2
593,406,3,2
593,407,3,2
593,408,3,2
593,409,3,3
593,410,3,3
593,411,3,3
593,412,3,3
593,413,3,3
593,414,3,3
593,415,3,3
593,416,3,3
593,417,3,3
593,418,3,3
593,419,3,3
593,420,3,3
593,421,3,3
593,422,3,3
593,423,3,3
593,424,3,3
593,425,3,3
593,426,3,3
593,427,3,3
593,428,3,3
593,429,3,3
593,430,3,3
593,431,3,3
593,432,3,3
593,433,3,2
593,434,3,2
593,435,3,2
593,436,3,2
593,437,3,2
593,438,3,2
593,439,3,2
593,440,3,2
593,441,3,2
593,442,3,2
593,443,3,2
593,444,3,2
593,445,3,2
593,446,3,2
593,447,3,2
593,448,3,2
593,449,3,2
593,450,3,2
593,451,3,2
593,452,3,2
593,453,3,3
593,454,3,3
593,455,3,3
593,456,3,3
593,457,3,3
593,458,3,3
593,459,3,3
593,460,3,3
593,461,3,3
593,462,3,3
593,463,3,3
593,464,3,3
593,465,3,3
593,466,3,3
593,467,3,3
593,468,3,3
593,469,3,3
593,470,3,3
593,471,3,3
593,472,3,3
593,473,3,3
593,474,3,3
593,475,3,3
593,476,3,3
593,477,3,3
593,478,3,3
593,479,3,3
593,480,3,3
593,481,3,3
593,482,3,3
593,483,3,3
593,484,3,3
593,485,3,3
593,486,3,3
593,487,3,3
593,488,3,3
593,489,3,3
593,490,3,3
593,491,3,3
593,492,3,3
593,493,3,3
593,494,3,3
593,495,3,3
593,496,3,3
593,497,3,3
593,498,3,3
593,499,3,3
593,500,3,3
593,501,3,3
593,502,3,3
593,503,3,2
593,504,3,2
593,505,3,2
593,506,3,2
593,507,3,2
593,508,3,2
593,509,3,2
593,510,3,2
593,511,3,2
593,512,3,2
593,513,3,2
593,514,3,2
593,515,3,2
593,516,3,2
593,517,3,2
593,518,3,2
593,519,3,2
593,520,3,2
593,521,3,2
593,522,3,2
593,523,3,2
593,524,3,2
593,525,3,2
593,526,3,2
593,527,3,2
593,528,3,2
593,529,3,2
593,530,3,2
593,531,3,2
593,532,3,2
593,533,3,2
593,534,3,2
593,535,3,2
593,536,3,2
593,537,3,2
593,538,3,2
593,539,3,2
593,540,3,2
593,541,3,2
593,542,3,2
593,543,3,2
593,544,3,2
593,545,3,2
593,546,3,2
593,547,3,2
593,548,3,2
593,549,3,2
593,550,3,2
593,551,3,2
593,552,3,2
593,553,3,2
593,554,3,2
593,555,3,2
593,556,3,2
593,557,3,2
593,558,3,2
593,559,3,2
593,560,3,2
593,561,3,2
593,562,3,2
593,563,3,2
593,564,3,2
593,565,3,2
593,566,3,2
593,567,3,2
593,568,3,2
593,569,3,2
593,570,3,2
593,571,3,2
593,572,3,2
593,573,3,2
593,574,3,2
593,575,3,2
593,576,3,2
593,577,3,2
593,578,3,2
593,579,3,2
593,580,3,2
593,581,3,2
593,582,3,2
593,583,3,2
593,584,3,2
593,585,3,2
593,586,3,2
593,587,3,2
593,588,3,2
593,589,3,2
593,590,3,2
593,591,3,2
593,592,3,2
593,593,3,2
593,594,3,2
593,595,3,2
593,596,3,2
593,597,3,2
593,598,3,2
593,599,3,2
593,600,3,2
593,601,3,2
593,602,3,2
593,603,3,2
593,604,3,2
593,903,3,2
593,904,3,2
593,905,3,2
593,906,3,2
593,907,3,2
594,96,3,2
594,97,3,2
594,98,3,2
594,99,3,2
594,100,3,2
594,101,3,2
594,102,3,2
594,103,3,2
594,104,3,2
594,105,3,2
594,106,3,2
594,107,3,2
594,108,3,2
594,109,3,2
594,110,3,2
594,111,3,2
594,112,3,2
594,113,3,2
594,114,3,2
594,115,3,2
594,116,3,2
594,117,3,2
594,118,3,2
594,119,3,2
594,120,3,2
594,121,3,2
594,122,3,2
594,123,3,2
594,124,3,2
594,125,3,2
594,126,3,2
594,127,3,2
594,128,3,2
594,129,3,2
594,130,3,2
594,131,3,2
594,132,3,2
594,133,3,2
594,134,3,2
594,135,3,2
594,136,3,2
594,137,3,2
594,138,3,2
594,139,3,2
594,140,3,2
594,141,3,2
594,142,3,2
594,143,3,2
594,144,3,2
594,145,3,2
594,146,3,2
594,147,3,2
594,148,3,2
594,149,3,2
594,150,3,2
594,151,3,2
594,152,3,2
594,153,3,2
594,154,3,2
594,155,3,2
594,156,3,2
594,157,3,2
594,158,3,2
594,159,3,2
594,160,3,2
594,161,3,2
594,162,3,2
594,163,3,2
594,164,3,2
594,165,3,2
594,166,3,2
594,167,3,2
594,168,3,2
594,169,3,2
594,170,3,2
594,171,3,2
594,172,3,2
594,173,3,2
594,174,3,2
594,175,3,2
594,176,3,2
594,177,3,2
594,178,3,2
594,179,3,2
594,180,3,2
594,181,3,2
594,182,3,2
594,183,3,2
594,184,3,2
594,185,3,2
594,186,3,2
594,187,3,2
594,188,3,2
594,189,3,2
594,190,3,2
594,191,3,2
594,192,3,2
594,193,3,2
594,194,3,2
594,195,3,2
594,196,3,2
594,197,3,2
594,198,3,2
594,199,3,2
594,200,3,2
594,201,3,2
594,202,3,2
594,203,3,2
594,204,3,2
594,205,3,2
594,206,3,2
594,207,3,2
594,208,3,2
594,209,3,2
594,210,3,2
594,211,3,2
594,212,3,2
594,213,3,2
594,214,3,2
594,215,3,2
594,216,3,2
594,217,3,2
594,218,3,2
594,219,3,2
594,220,3,2
594,221,3,2
594,222,3,2
594,223,3,2
594,224,3,2
594,225,3,2
594,226,3,2
594,227,3,2
594,228,3,2
594,229,3,2
594,230,3,2
594,231,3,2
594,232,3,2
594,233,3,2
594,234,3,2
594,235,3,2
594,236,3,2
594,237,3,2
594,238,3,2
594,239,3,2
594,240,3,2
594,241,3,2
594,242,3,2
594,243,3,2
594,244,3,2
594,245,3,2
594,246,3,2
594,247,3,2
594,248,3,2
594,249,3,2
594,250,3,2
594,251,3,2
594,252,3,2
594,253,3,2
594,254,3,2
594,255,3,2
594,256,3,2
594,257,3,2
594,258,3,2
594,259,3,2
594,260,3,2
594,261,3,2
594,262,3,2
594,263,3,2
594,264,3,2
594,265,3,2
594,266,3,2
594,267,3,2
594,268,3,2
594,269,3,2
594,270,3,2
594,271,3,2
594,272,3,2
594,273,3,2
594,274,3,2
594,275,3,2
594,276,3,2
594,277,3,2
594,278,3,2
594,279,3,2
594,280,3,2
594,281,3,2
594,282,3,2
594,283,3,2
594,284,3,2
594,285,3,2
594,286,3,2
594,287,3,2
594,288,3,2
594,289,3,2
594,290,3,2
594,291,3,2
594,292,3,2
594,293,3,2
594,294,3,2
594,295,3,2
594,296,3,2
594,297,3,2
594,298,3,2
594,299,3,2
594,300,3,2
594,301,3,2
594,302,3,2
594,303,3,2
594,304,3,2
594,305,3,2
594,306,3,2
594,307,3,2
594,308,3,2
594,309,3,2
594,310,3,2
594,311,3,2
594,312,3,2
594,313,3,2
594,314,3,2
594,315,3,2
594,316,3,2
594,317,3,2
594,318,3,2
594,319,3,2
594,320,3,2
594,321,3,2
594,322,3,2
594,323,3,2
594,324,3,2
594,325,3,2
594,326,3,2
594,327,3,2
594,328,3,2
594,329,3,2
594,330,3,2
594,331,3,2
594,332,3,2
594,333,3,2
594,334,3,2
594,335,3,2
594,336,3,2
594,337,3,2
594,338,3,2
594,339,3,2
594,340,3,2
594,341,3,2
594,342,3,2
594,343,3,2
594,344,3,2
594,345,3,2
594,346,3,2
594,347,3,2
594,348,3,2
594,349,3,2
594,350,3,2
594,351,3,2
594,352,3,2
594,353,3,2
594,354,3,3
594,355,3,3
594,356,3,3
594,357,3,3
594,358,3,3
594,359,3,3
594,360,3,3
594,361,3,3
594,362,3,3
594,363,3,3
594,364,3,3
594,365,3,3
594,366,3,3
594,367,3,2
594,368,3,2
594,369,3,2
594,370,3,2
594,371,3,2
594,372,3,2
594,373,3,2
594,374,3,2
594,375,3,2
594,376,3,2
594,377,3,2
594,378,3,2
594,379,3,2
594,380,3,2
594,381,3,2
594,382,3,2
594,383,3,2
594,384,3,2
594,385,3,2
594,386,3,2
594,387,3,2
594,388,3,2
594,389,3,2
594,390,3,2
594,391,3,2
594,392,3,2
594,393,3,2
594,394,3,2
594,395,3,2
594,396,3,2
594,397,3,2
594,398,3,2
594,399,3,2
594,400,3,2
594,401,3,2
594,402,3,2
594,403,3,2
594,404,3,2
594,405,3,2
594,406,3,2
594,407,3,2
594,408,3,2
594,409,3,2
594,410,3,3
594,411,3,3
594,412,3,3
594,413,3,3
594,414,3,3
594,415,3,3
594,416,3,3
594,417,3,3
594,418,3,3
594,419,3,3
594,420,3,3
594,421,3,3
594,422,3,3
594,423,3,3
594,424,3,3
594,425,3,3
594,426,3,3
594,427,3,3
594,428,3,3
594,429,3,3
594,430,3,3
594,431,3,3
594,432,3,3
594,433,3,2
594,434,3,2
594,435,3,2
594,436,3,2
594,437,3,2
594,438,3,2
594,439,3,2
594,440,3,2
594,441,3,2
594,442,3,2
594,443,3,2
594,444,3,2
594,445,3,2
594,446,3,2
594,447,3,2
594,448,3,2
594,449,3,2
594,450,3,2
594,451,3,2
594,452,3,2
594,453,3,3
594,454,3,3
594,455,3,3
594,456,3,3
594,457,3,3
594,458,3,3
594,459,3,3
594,460,3,3
594,461,3,3
594,462,3,3
594,463,3,3
594,464,3,3
594,465,3,3
594,466,3,3
594,467,3,3
594,468,3,3
594,469,3,3
594,470,3,3
594,471,3,3
594,472,3,3
594,473,3,3
594,474,3,3
594,475,3,3
594,476,3,3
594,477,3,3
594,478,3,3
594,479,3,3
594,480,3,3
594,481,3,3
594,482,3,3
594,483,3,3
594,484,3,3
594,485,3,3
594,486,3,3
594,487,3,3
594,488,3,3
594,489,3,3
594,490,3,3
594,491,3,3
594,492,3,3
594,493,3,3
594,494,3,3
594,495,3,3
594,496,3,3
594,497,3,3
594,498,3,3
594,499,3,3
594,500,3,3
594,501,3,3
594,502,3,3
594,503,3,2
594,504,3,2
594,505,3,2
594,506,3,2
594,507,3,2
594,508,3,2
594,509,3,2
594,510,3,2
594,511,3,2
594,512,3,2
594,513,3,2
594,514,3,2
594,515,3,2
594,516,3,2
594,517,3,2
594,518,3,2
594,519,3,2
594,520,3,2
594,521,3,2
594,522,3,2
594,523,3,2
594,524,3,2
594,525,3,2
594,526,3,2
594,527,3,2
594,528,3,2
594,529,3,2
594,530,3,2
594,531,3,2
594,532,3,2
594,533,3,2
594,534,3,2
594,535,3,2
594,536,3,2
594,537,3,2
594,538,3,2
594,539,3,2
594,540,3,2
594,541,3,2
594,542,3,2
594,543,3,2
594,544,3,2
594,545,3,2
594,546,3,2
594,547,3,2
594,548,3,2
594,549,3,2
594,550,3,2
594,551,3,2
594,552,3,2
594,553,3,2
594,554,3,2
594,555,3,2
594,556,3,2
594,557,3,2
594,558,3,2
594,559,3,2
594,560,3,2
594,561,3,2
594,562,3,2
594,563,3,2
594,564,3,2
594,565,3,2
594,566,3,2
594,567,3,2
594,568,3,2
594,569,3,2
594,570,3,2
594,571,3,2
594,572,3,2
594,573,3,2
594,574,3,2
594,575,3,2
594,576,3,2
594,577,3,2
594,578,3,2
594,579,3,2
594,580,3,2
594,581,3,2
594,582,3,2
594,583,3,2
594,584,3,2
594,585,3,2
594,586,3,2
594,587,3,2
594,588,3,2
594,589,3,2
594,590,3,2
594,591,3,2
594,592,3,2
594,593,3,2
594,594,3,2
594,595,3,2
594,596,3,2
594,597,3,2
594,598,3,2
594,599,3,2
594,600,3,2
594,601,3,2
594,602,3,2
594,603,3,2
594,904,3,2
594,905,3,2
594,906,3,2
595,96,3,2
595,97,3,2
595,98,3,2
595,99,3,2
595,100,3,2
595,101,3,2
595,102,3,2
595,103,3,2
595,104,3,2
595,105,3,2
595,106,3,2
595,107,3,2
595,108,3,2
595,109,3,2
595,110,3,2
595,111,3,2
595,112,3,2
595,113,3,2
595,114,3,2
595,115,3,2
595,116,3,2
595,117,3,2
595,118,3,2
595,119,3,2
595,120,3,2
595,121,3,2
595,122,3,2
595,123,3,2
595,124,3,2
595,125,3,2
595,126,3,2
595,127,3,2
595,128,3,2
595,129,3,2
595,130,3,2
595,131,3,2
595,132,3,2
595,133,3,2
595,134,3,2
595,135,3,2
595,136,3,2
595,137,3,2
595,138,3,2
595,139,3,2
595,140,3,2
595,141,3,2
595,142,3,2
595,143,3,2
595,144,3,2
595,145,3,2
595,146,3,2
595,147,3,2
595,148,3,2
595,149,3,2
595,150,3,2
595,151,3,2
595,152,3,2
595,153,3,2
595,154,3,2
595,155,3,2
595,156,3,2
595,157,3,2
595,158,3,2
595,159,3,2
595,160,3,2
595,161,3,2
595,162,3,2
595,163,3,2
595,164,3,2
595,165,3,2
595,166,3,2
595,167,3,2
595,168,3,2
595,169,3,2
595,170,3,2
595,171,3,2
595,172,3,2
595,173,3,2
595,174,3,2
595,175,3,2
595,176,3,2
595,177,3,2
595,178,3,2
595,179,3,2
595,180,3,2
595,181,3,2
595,182,3,2
595,183,3,2
595,184,3,2
595,185,3,2
595,186,3,2
595,187,3,2
595,188,3,2
595,189,3,2
595,190,3,2
595,191,3,2
595,192,3,2
595,193,3,2
595,194,3,2
595,195,3,2
595,196,3,2
595,197,3,2
595,198,3,2
595,199,3,2
595,200,3,2
595,201,3,2
595,202,3,2
595,203,3,2
595,204,3,2
595,205,3,2
595,206,3,2
595,207,3,2
595,208,3,2
595,209,3,2
595,210,3,2
595,211,3,2
595,212,3,2
595,213,3,2
595,214,3,2
595,215,3,2
595,216,3,2
595,217,3,2
595,218,3,2
595,219,3,2
595,220,3,2
595,221,3,2
595,222,3,2
595,223,3,2
595,224,3,2
595,225,3,2
595,226,3,2
595,227,3,2
595,228,3,2
595,229,3,2
595,230,3,2
595,231,3,2
595,232,3,2
595,233,3,2
595,234,3,2
595,235,3,2
595,236,3,2
595,237,3,2
595,238,3,2
595,239,3,2
595,240,3,2
595,241,3,2
595,242,3,2
595,243,3,2
595,244,3,2
595,245,3,2
595,246,3,2
595,247,3,2
595,248,3,2
595,249,3,2
595,250,3,2
595,251,3,2
595,252,3,2
595,253,3,2
595,254,3,2
595,255,3,2
595,256,3,2
595,257,3,2
595,258,3,2
595,259,3,2
595,260,3,2
595,261,3,2
595,262,3,2
595,263,3,2
595,264,3,2
595,265,3,2
595,266,3,2
595,267,3,2
595,268,3,2
595,269,3,2
595,270,3,2
595,271,3,2
595,272,3,2
595,273,3,2
595,274,3,2
595,275,3,2
595,276,3,2
595,277,3,2
595,278,3,2
595,279,3,2
595,280,3,2
595,281,3,2
595,282,3,2
595,283,3,2
595,284,3,2
595,285,3,2
595,286,3,2
595,287,3,2
595,288,3,2
595,289,3,2
595,290,3,2
595,291,3,2
595,292,3,2
595,293,3,2
595,294,3,2
595,295,3,2
595,296,3,2
595,297,3,2
595,298,3,2
595,299,3,2
595,300,3,2
595,301,3,2
595,302,3,2
595,303,3,2
595,304,3,2
595,305,3,2
595,306,3,2
595,307,3,2
595,308,3,2
595,309,3,2
595,310,3,2
595,311,3,2
595,312,3,2
595,313,3,2
595,314,3,2
595,315,3,2
595,316,3,2
595,317,3,2
595,318,3,2
595,319,3,2
595,320,3,2
595,321,3,2
595,322,3,2
595,323,3,2
595,324,3,2
595,325,3,2
595,326,3,2
595,327,3,2
595,328,3,2
595,329,3,2
595,330,3,2
595,331,3,2
595,332,3,2
595,333,3,2
595,334,3,2
595,335,3,2
595,336,3,2
595,337,3,2
595,338,3,2
595,339,3,2
595,340,3,2
595,341,3,2
595,342,3,2
595,343,3,2
595,344,3,2
595,345,3,2
595,346,3,2
595,347,3,2
595,348,3,2
595,349,3,2
595,350,3,2
595,351,3,2
595,352,3,2
595,353,3,2
595,354,3,3
595,355,3,3
595,356,3,3
595,357,3,3
595,358,3,3
595,359,3,3
595,360,3,3
595,361,3,3
595,362,3,3
595,363,3,3
595,364,3,3
595,365,3,3
595,366,3,3
595,367,3,3
595,368,3,2
595,369,3,2
595,370,3,2
595,371,3,2
595,372,3,2
595,373,3,2
595,374,3,2
595,375,3,2
595,376,3,2
595,377,3,2
595,378,3,2
595,379,3,2
595,380,3,2
595,381,3,2
595,382,3,2
595,383,3,2
595,384,3,2
595,385,3,2
595,386,3,2
595,387,3,2
595,388,3,2
595,389,3,2
595,390,3,2
595,391,3,2
595,392,3,2
595,393,3,2
595,394,3,2
595,395,3,2
595,396,3,2
595,397,3,2
595,398,3,2
595,399,3,2
595,400,3,2
595,401,3,2
595,402,3,2
595,403,3,2
595,404,3,2
595,405,3,2
595,406,3,2
595,407,3,2
595,408,3,2
595,409,3,2
595,410,3,3
595,411,3,3
595,412,3,3
595,413,3,3
595,414,3,3
595,415,3,3
595,416,3,3
595,417,3,3
595,418,3,3
595,419,3,3
595,420,3,3
595,421,3,3
595,422,3,3
595,423,3,3
595,424,3,3
595,425,3,3
595,426,3,3
595,427,3,3
595,428,3,3
595,429,3,3
595,430,3,3
595,431,3,3
595,432,3,2
595,433,3,2
595,434,3,2
595,435,3,2
595,436,3,2
595,437,3,2
595,438,3,2
595,439,3,2
595,440,3,2
595,441,3,2
595,442,3,2
595,443,3,2
595,444,3,2
595,445,3,2
595,446,3,2
595,447,3,2
595,448,3,2
595,449,3,2
595,450,3,2
595,451,3,2
595,452,3,2
595,453,3,3
595,454,3,3
595,455,3,3
595,456,3,3
595,457,3,3
595,458,3,3
595,459,3,3
595,460,3,3
595,461,3,3
595,462,3,3
595,463,3,3
595,464,3,3
595,465,3,3
595,466,3,3
595,467,3,3
595,468,3,3
595,469,3,3
595,470,3,3
595,471,3,3
595,472,3,3
595,473,3,3
595,474,3,3
595,475,3,3
595,476,3,3
595,477,3,3
595,478,3,3
595,479,3,3
595,480,3,3
595,481,3,3
595,482,3,3
595,483,3,3
595,484,3,3
595,485,3,3
595,486,3,3
595,487,3,3
595,488,3,3
595,489,3,3
595,490,3,3
595,491,3,3
595,492,3,3
595,493,3,3
595,494,3,3
595,495,3,3
595,496,3,3
595,497,3,3
595,498,3,3
595,499,3,3
595,500,3,3
595,501,3,3
595,502,3,2
595,503,3,2
595,504,3,2
595,505,3,2
595,506,3,2
595,507,3,2
595,508,3,2
595,509,3,2
595,510,3,2
595,511,3,2
595,512,3,2
595,513,3,2
595,514,3,2
595,515,3,2
595,516,3,2
595,517,3,2
595,518,3,2
595,519,3,2
595,520,3,2
595,521,3,2
595,522,3,2
595,523,3,2
595,524,3,2
595,525,3,2
595,526,3,2
595,527,3,2
595,528,3,2
595,529,3,2
595,530,3,2
595,531,3,2
595,532,3,2
595,533,3,2
595,534,3,2
595,535,3,2
595,536,3,2
595,537,3,2
595,538,3,2
595,539,3,2
595,540,3,2
595,541,3,2
595,542,3,2
595,543,3,2
595,544,3,2
595,545,3,2
595,546,3,2
595,547,3,2
595,548,3,2
595,549,3,2
595,550,3,2
595,551,3,2
595,552,3,2
595,553,3,2
595,554,3,2
595,555,3,2
595,556,3,2
595,557,3,2
595,558,3,2
595,559,3,2
595,560,3,2
595,561,3,2
595,562,3,2
595,563,3,2
595,564,3,2
595,565,3,2
595,566,3,2
595,567,3,2
595,568,3,2
595,569,3,2
595,570,3,2
595,571,3,2
595,572,3,2
595,573,3,2
595,574,3,2
595,575,3,2
595,576,3,2
595,577,3,2
595,578,3,2
595,579,3,2
595,580,3,2
595,581,3,2
595,582,3,2
595,583,3,2
595,584,3,2
595,585,3,2
595,586,3,2
595,587,3,2
595,588,3,2
595,589,3,2
595,590,3,2
595,591,3,2
595,592,3,2
595,593,3,2
595,594,3,2
595,595,3,2
595,596,3,2
595,597,3,2
595,598,3,2
595,599,3,2
595,600,3,2
595,601,3,2
595,602,3,2
595,603,3,2
595,905,3,2
595,906,3,2
596,96,3,2
596,97,3,2
596,98,3,2
596,99,3,2
596,100,3,2
596,101,3,2
596,102,3,2
596,103,3,2
596,104,3,2
596,105,3,2
596,106,3,2
596,107,3,2
596,108,3,2
596,109,3,2
596,110,3,2
596,111,3,2
596,112,3,2
596,113,3,2
596,114,3,2
596,115,3,2
596,116,3,2
596,117,3,2
596,118,3,2
596,119,3,2
596,120,3,2
596,121,3,2
596,122,3,2
596,123,3,2
596,124,3,2
596,125,3,2
596,126,3,2
596,127,3,2
596,128,3,2
596,129,3,2
596,130,3,2
596,131,3,2
596,132,3,2
596,133,3,2
596,134,3,2
596,135,3,2
596,136,3,2
596,137,3,2
596,138,3,2
596,139,3,2
596,140,3,2
596,141,3,2
596,142,3,2
596,143,3,2
596,144,3,2
596,145,3,2
596,146,3,2
596,147,3,2
596,148,3,2
596,149,3,2
596,150,3,2
596,151,3,2
596,152,3,2
596,153,3,2
596,154,3,2
596,155,3,2
596,156,3,2
596,157,3,2
596,158,3,2
596,159,3,2
596,160,3,2
596,161,3,2
596,162,3,2
596,163,3,2
596,164,3,2
596,165,3,2
596,166,3,2
596,167,3,2
596,168,3,2
596,169,3,2
596,170,3,2
596,171,3,2
596,172,3,2
596,173,3,2
596,174,3,2
596,175,3,2
596,176,3,2
596,177,3,2
596,178,3,2
596,179,3,2
596,180,3,2
596,181,3,2
596,182,3,2
596,183,3,2
596,184,3,2
596,185,3,2
596,186,3,2
596,187,3,2
596,188,3,2
596,189,3,2
596,190,3,2
596,191,3,2
596,192,3,2
596,193,3,2
596,194,3,2
596,195,3,2
596,196,3,2
596,197,3,2
596,198,3,2
596,199,3,2
596,200,3,2
596,201,3,2
596,202,3,2
596,203,3,2
596,204,3,2
596,205,3,2
596,206,3,2
596,207,3,2
596,208,3,2
596,209,3,2
596,210,3,2
596,211,3,2
596,212,3,2
596,213,3,2
596,214,3,2
596,215,3,2
596,216,3,2
596,217,3,2
596,218,3,2
596,219,3,2
596,220,3,2
596,221,3,2
596,222,3,2
596,223,3,2
596,224,3,2
596,225,3,2
596,226,3,2
596,227,3,2
596,228,3,2
596,229,3,2
596,230,3,2
596,231,3,2
596,232,3,2
596,233,3,2
596,234,3,2
596,235,3,2
596,236,3,2
596,237,3,2
596,238,3,2
596,239,3,2
596,240,3,2
596,241,3,2
596,242,3,2
596,243,3,2
596,244,3,2
596,245,3,2
596,246,3,2
596,247,3,2
596,248,3,2
596,249,3,2
596,250,3,2
596,251,3,2
596,252,3,2
596,253,3,2
596,254,3,2
596,255,3,2
596,256,3,2
596,257,3,2
596,258,3,2
596,259,3,2
596,260,3,2
596,261,3,2
596,262,3,2
596,263,3,2
596,264,3,2
596,265,3,2
596,266,3,2
596,267,3,2
596,268,3,2
596,269,3,2
596,270,3,2
596,271,3,2
596,272,3,2
596,273,3,2
596,274,3,2
596,275,3,2
596,276,3,2
596,277,3,2
596,278,3,2
596,279,3,2
596,280,3,2
596,281,3,2
596,282,3,2
596,283,3,2
596,284,3,2
596,285,3,2
596,286,3,2
596,287,3,2
596,288,3,2
596,289,3,2
596,290,3,2
596,291,3,2
596,292,3,2
596,293,3,2
596,294,3,2
596,295,3,2
596,296,3,2
596,297,3,2
596,298,3,2
596,299,3,2
596,300,3,2
596,301,3,2
596,302,3,2
596,303,3,2
596,304,3,2
596,305,3,2
596,306,3,2
596,307,3,2
596,308,3,2
596,309,3,2
596,310,3,2
596,311,3,2
596,312,3,2
596,313,3,2
596,314,3,2
596,315,3,2
596,316,3,2
596,317,3,2
596,318,3,2
596,319,3,2
596,320,3,2
596,321,3,2
596,322,3,2
596,323,3,2
596,324,3,2
596,325,3,2
596,326,3,2
596,327,3,2
596,328,3,2
596,329,3,2
596,330,3,2
596,331,3,2
596,332,3,2
596,333,3,2
596,334,3,2
596,335,3,2
596,336,3,2
596,337,3,2
596,338,3,2
596,339,3,2
596,340,3,2
596,341,3,2
596,342,3,2
596,343,3,2
596,344,3,2
596,345,3,2
596,346,3,2
596,347,3,2
596,348,3,2
596,349,3,2
596,350,3,2
596,351,3,2
596,352,3,2
596,353,3,2
596,354,3,2
596,355,3,3
596,356,3,3
596,357,3,3
596,358,3,3
596,359,3,3
596,360,3,3
596,361,3,3
596,362,3,3
596,363,3,3
596,364,3,3
596,365,3,3
596,366,3,3
596,367,3,2
596,368,3,2
596,369,3,2
596,370,3,2
596,371,3,2
596,372,3,2
596,373,3,2
596,374,3,2
596,375,3,2
596,376,3,2
596,377,3,2
596,378,3,2
596,379,3,2
596,380,3,2
596,381,3,2
596,382,3,2
596,383,3,2
596,384,3,2
596,385,3,2
596,386,3,2
596,387,3,2
596,388,3,2
596,389,3,2
596,390,3,2
596,391,3,2
596,392,3,2
596,393,3,2
596,394,3,2
596,395,3,2
596,396,3,2
596,397,3,2
596,398,3,2
596,399,3,2
596,400,3,2
596,401,3,2
596,402,3,2
596,403,3,2
596,404,3,2
596,405,3,2
596,406,3,2
596,407,3,2
596,408,3,2
596,409,3,2
596,410,3,2
596,411,3,3
596,412,3,3
596,413,3,3
596,414,3,3
596,415,3,3
596,416,3,3
596,417,3,3
596,418,3,3
596,419,3,3
596,420,3,3
596,421,3,3
596,422,3,3
596,423,3,3
596,424,3,3
596,425,3,3
596,426,3,3
596,427,3,3
596,428,3,3
596,429,3,3
596,430,3,3
596,431,3,2
596,432,3,2
596,433,3,2
596,434,3,2
596,435,3,2
596,436,3,2
596,437,3,2
596,438,3,2
596,439,3,2
596,440,3,2
596,441,3,2
596,442,3,2
596,443,3,2
596,444,3,2
596,445,3,2
596,446,3,2
596,447,3,2
596,448,3,2
596,449,3,2
596,450,3,2
596,451,3,2
596,452,3,2
596,453,3,3
596,454,3,3
596,455,3,3
596,456,3,3
596,457,3,3
596,458,3,3
596,459,3,3
596,460,3,3
596,461,3,3
596,462,3,3
596,463,3,3
596,464,3,3
596,465,3,3
596,466,3,3
596,467,3,3
596,468,3,3
596,469,3,3
596,470,3,3
596,471,3,3
596,472,3,3
596,473,3,3
596,474,3,3
596,475,3,3
596,476,3,3
596,477,3,3
596,478,3,3
596,479,3,3
596,480,3,3
596,481,3,3
596,482,3,3
596,483,3,3
596,484,3,3
596,485,3,3
596,486,3,3
596,487,3,3
596,488,3,3
596,489,3,3
596,490,3,3
596,491,3,3
596,492,3,3
596,493,3,3
596,494,3,3
596,495,3,3
596,496,3,3
596,497,3,3
596,498,3,3
596,499,3,3
596,500,3,3
596,501,3,2
596,502,3,2
596,503,3,2
596,504,3,2
596,505,3,2
596,506,3,2
596,507,3,2
596,508,3,2
596,509,3,2
596,510,3,2
596,511,3,2
596,512,3,2
596,513,3,2
596,514,3,2
596,515,3,2
596,516,3,2
596,517,3,2
596,518,3,2
596,519,3,2
596,520,3,2
596,521,3,2
596,522,3,2
596,523,3,2
596,524,3,2
596,525,3,2
596,526,3,2
596,527,3,2
596,528,3,2
596,529,3,2
596,530,3,2
596,531,3,2
596,532,3,2
596,533,3,2
596,534,3,2
596,535,3,2
596,536,3,2
596,537,3,2
596,538,3,2
596,539,3,2
596,540,3,2
596,541,3,2
596,542,3,2
596,543,3,2
596,544,3,2
596,545,3,2
596,546,3,2
596,547,3,2
596,548,3,2
596,549,3,2
596,550,3,2
596,551,3,2
596,552,3,2
596,553,3,2
596,554,3,2
596,555,3,2
596,556,3,2
596,557,3,2
596,558,3,2
596,559,3,2
596,560,3,2
596,561,3,2
596,562,3,2
596,563,3,2
596,564,3,2
596,565,3,2
596,566,3,2
596,567,3,2
596,568,3,2
596,569,3,2
596,570,3,2
596,571,3,2
596,572,3,2
596,573,3,2
596,574,3,2
596,575,3,2
596,576,3,2
596,577,3,2
596,578,3,2
596,579,3,2
596,580,3,2
596,581,3,2
596,582,3,2
596,583,3,2
596,584,3,2
596,585,3,2
596,586,3,2
596,587,3,2
596,588,3,2
596,589,3,2
596,590,3,2
596,591,3,2
596,592,3,2
596,593,3,2
596,594,3,2
596,595,3,2
596,596,3,2
596,597,3,2
596,598,3,2
596,599,3,2
596,600,3,2
596,601,3,2
596,602,3,2
596,905,3,2
597,97,3,2
597,98,3,2
597,99,3,2
597,100,3,2
597,101,3,2
597,102,3,2
597,103,3,2
597,104,3,2
597,105,3,2
597,106,3,2
597,107,3,2
597,108,3,2
597,109,3,2
597,110,3,2
597,111,3,2
597,112,3,2
597,113,3,2
597,114,3,2
597,115,3,2
597,116,3,2
597,117,3,2
597,118,3,2
597,119,3,2
597,120,3,2
597,121,3,2
597,122,3,2
597,123,3,2
597,124,3,2
597,125,3,2
597,126,3,2
597,127,3,2
597,128,3,2
597,129,3,2
597,130,3,2
597,131,3,2
597,132,3,2
597,133,3,2
597,134,3,2
597,135,3,2
597,136,3,2
597,137,3,2
597,138,3,2
597,139,3,2
597,140,3,2
597,141,3,2
597,142,3,2
597,143,3,2
597,144,3,2
597,145,3,2
597,146,3,2
597,147,3,2
597,148,3,2
597,149,3,2
597,150,3,2
597,151,3,2
597,152,3,2
597,153,3,2
597,154,3,2
597,155,3,2
597,156,3,2
597,157,3,2
597,158,3,2
597,159,3,2
597,160,3,2
597,161,3,2
597,162,3,2
597,163,3,2
597,164,3,2
597,165,3,2
597,166,3,2
597,167,3,2
597,168,3,2
597,169,3,2
597,170,3,2
597,171,3,2
597,172,3,2
597,173,3,2
597,174,3,2
597,175,3,2
597,176,3,2
597,177,3,2
597,178,3,2
597,179,3,2
597,180,3,2
597,181,3,2
597,182,3,2
597,183,3,2
597,184,3,2
597,185,3,2
597,186,3,2
597,187,3,2
597,188,3,2
597,189,3,2
597,190,3,2
597,191,3,2
597,192,3,2
597,193,3,2
597,194,3,2
597,195,3,2
597,196,3,2
597,197,3,2
597,198,3,2
597,199,3,2
597,200,3,2
597,201,3,2
597,202,3,2
597,203,3,2
597,204,3,2
597,205,3,2
597,206,3,2
597,207,3,2
597,208,3,2
597,209,3,2
597,210,3,2
597,211,3,2
597,212,3,2
597,213,3,2
597,214,3,2
597,215,3,2
597,216,3,2
597,217,3,2
597,218,3,2
597,219,3,2
597,220,3,2
597,221,3,2
597,222,3,2
597,223,3,2
597,224,3,2
597,225,3,2
597,226,3,2
597,227,3,2
597,228,3,2
597,229,3,2
597,230,3,2
597,231,3,2
597,232,3,2
597,233,3,2
597,234,3,2
597,235,3,2
597,236,3,2
597,237,3,2
597,238,3,2
597,239,3,2
597,240,3,2
597,241,3,2
597,242,3,2
597,243,3,2
597,244,3,2
597,245,3,2
597,246,3,2
597,247,3,2
597,248,3,2
597,249,3,2
597,250,3,2
597,251,3,2
597,252,3,2
597,253,3,2
597,254,3,2
597,255,3,2
597,256,3,2
597,257,3,2
597,258,3,2
597,259,3,2
597,260,3,2
597,261,3,2
597,262,3,2
597,263,3,2
597,264,3,2
597,265,3,2
597,266,3,2
597,267,3,2
597,268,3,2
597,269,3,2
597,270,3,2
597,271,3,2
597,272,3,2
597,273,3,2
597,274,3,2
597,275,3,2
597,276,3,2
597,277,3,2
597,278,3,2
597,279,3,2
597,280,3,2
597,281,3,2
597,282,3,2
597,283,3,2
597,284,3,2
597,285,3,2
597,286,3,2
597,287,3,2
597,288,3,2
597,289,3,2
597,290,3,2
597,291,3,2
597,292,3,2
597,293,3,2
597,294,3,2
597,295,3,2
597,296,3,2
597,297,3,2
597,298,3,2
597,299,3,2
597,300,3,2
597,301,3,2
597,302,3,2
597,303,3,2
597,304,3,2
597,305,3,2
597,306,3,2
597,307,3,2
597,308,3,2
597,309,3,2
597,310,3,2
597,311,3,2
597,312,3,2
597,313,3,2
597,314,3,2
597,315,3,2
597,316,3,2
597,317,3,2
597,318,3,2
597,319,3,2
597,320,3,2
597,321,3,2
597,322,3,2
597,323,3,2
597,324,3,2
597,325,3,2
597,326,3,2
597,327,3,2
597,328,3,2
597,329,3,2
597,330,3,2
597,331,3,2
597,332,3,2
597,333,3,2
597,334,3,2
597,335,3,2
597,336,3,2
597,337,3,2
597,338,3,2
597,339,3,2
597,340,3,2
597,341,3,2
597,342,3,2
597,343,3,2
597,344,3,2
597,345,3,2
597,346,3,2
597,347,3,2
597,348,3,2
597,349,3,2
597,350,3,2
597,351,3,2
597,352,3,2
597,353,3,2
597,354,3,2
597,355,3,3
597,356,3,3
597,357,3,3
597,358,3,3
597,359,3,3
597,360,3,3
597,361,3,3
597,362,3,3
597,363,3,3
597,364,3,3
597,365,3,3
597,366,3,3
597,367,3,2
597,368,3,2
597,369,3,2
597,370,3,2
597,371,3,2
597,372,3,2
597,373,3,2
597,374,3,2
597,375,3,2
597,376,3,2
597,377,3,2
597,378,3,2
597,379,3,2
597,380,3,2
597,381,3,2
597,382,3,2
597,383,3,2
597,384,3,2
597,385,3,2
597,386,3,2
597,387,3,2
597,388,3,2
597,389,3,2
597,390,3,2
597,391,3,2
597,392,3,2
597,393,3,2
597,394,3,2
597,395,3,2
597,396,3,2
597,397,3,2
597,398,3,2
597,399,3,2
597,400,3,2
597,401,3,2
597,402,3,2
597,403,3,2
597,404,3,2
597,405,3,2
597,406,3,2
597,407,3,2
597,408,3,2
597,409,3,2
597,410,3,2
597,411,3,2
597,412,3,3
597,413,3,3
597,414,3,3
597,415,3,3
597,416,3,3
597,417,3,3
597,418,3,3
597,419,3,3
597,420,3,3
597,421,3,3
597,422,3,3
597,423,3,3
597,424,3,3
597,425,3,3
597,426,3,3
597,427,3,3
597,428,3,3
597,429,3,3
597,430,3,2
597,431,3,2
597,432,3,2
597,433,3,2
597,434,3,2
597,435,3,2
597,436,3,2
597,437,3,2
597,438,3,2
597,439,3,2
597,440,3,2
597,441,3,2
597,442,3,2
597,443,3,2
597,444,3,2
597,445,3,2
597,446,3,2
597,447,3,2
597,448,3,2
597,449,3,2
597,450,3,2
597,451,3,2
597,452,3,2
597,453,3,3
597,454,3,3
597,455,3,3
597,456,3,3
597,457,3,3
597,458,3,3
597,459,3,3
597,460,3,3
597,461,3,3
597,462,3,3
597,463,3,3
597,464,3,3
597,465,3,3
597,466,3,3
597,467,3,3
597,468,3,3
597,469,3,3
597,470,3,3
597,471,3,3
597,472,3,3
597,473,3,3
597,474,3,3
597,475,3,3
597,476,3,3
597,477,3,3
597,478,3,3
597,479,3,3
597,480,3,3
597,481,3,3
597,482,3,3
597,483,3,3
597,484,3,3
597,485,3,3
597,486,3,3
597,487,3,3
597,488,3,3
597,489,3,3
597,490,3,3
597,491,3,3
597,492,3,3
597,493,3,3
597,494,3,3
597,495,3,3
597,496,3,3
597,497,3,3
597,498,3,3
597,499,3,3
597,500,3,2
597,501,3,2
597,502,3,2
597,503,3,2
597,504,3,2
597,505,3,2
597,506,3,2
597,507,3,2
597,508,3,2
597,509,3,2
597,510,3,2
597,511,3,2
597,512,3,2
597,513,3,2
597,514,3,2
597,515,3,2
597,516,3,2
597,517,3,2
597,518,3,2
597,519,3,2
597,520,3,2
597,521,3,2
597,522,3,2
597,523,3,2
597,524,3,2
597,525,3,2
597,526,3,2
597,527,3,2
597,528,3,2
597,529,3,2
597,530,3,2
597,531,3,2
597,532,3,2
597,533,3,2
597,534,3,2
597,535,3,2
597,536,3,2
597,537,3,2
597,538,3,2
597,539,3,2
597,540,3,2
597,541,3,2
597,542,3,2
597,543,3,2
597,544,3,2
597,545,3,2
597,546,3,2
597,547,3,2
597,548,3,2
597,549,3,2
597,550,3,2
597,551,3,2
597,552,3,2
597,553,3,2
597,554,3,2
597,555,3,2
597,556,3,2
597,557,3,2
597,558,3,2
597,559,3,2
597,560,3,2
597,561,3,2
597,562,3,2
597,563,3,2
597,564,3,2
597,565,3,2
597,566,3,2
597,567,3,2
597,568,3,2
597,569,3,2
597,570,3,2
597,571,3,2
597,572,3,2
597,573,3,2
597,574,3,2
597,575,3,2
597,576,3,2
597,577,3,2
597,578,3,2
597,579,3,2
597,580,3,2
597,581,3,2
597,582,3,2
597,583,3,2
597,584,3,2
597,585,3,2
597,586,3,2
597,587,3,2
597,588,3,2
597,589,3,2
597,590,3,2
597,591,3,2
597,592,3,2
597,593,3,2
597,594,3,2
597,595,3,2
597,596,3,2
597,597,3,2
597,598,3,2
597,599,3,2
597,600,3,2
597,601,3,2
597,602,3,2
598,97,3,2
598,98,3,2
598,99,3,2
598,100,3,2
598,101,3,2
598,102,3,2
598,103,3,2
598,104,3,2
598,105,3,2
598,106,3,2
598,107,3,2
598,108,3,2
598,109,3,2
598,110,3,2
598,111,3,2
598,112,3,2
598,113,3,2
598,114,3,2
598,115,3,2
598,116,3,2
598,117,3,2
598,118,3,2
598,119,3,2
598,120,3,2
598,121,3,2
598,122,3,2
598,123,3,2
598,124,3,2
598,125,3,2
598,126,3,2
598,127,3,2
598,128,3,2
598,129,3,2
598,130,3,2
598,131,3,2
598,132,3,2
598,133,3,2
598,134,3,2
598,135,3,2
598,136,3,2
598,137,3,2
598,138,3,2
598,139,3,2
598,140,3,2
598,141,3,2
598,142,3,2
598,143,3,2
598,144,3,2
598,145,3,2
598,146,3,2
598,147,3,2
598,148,3,2
598,149,3,2
598,150,3,2
598,151,3,2
598,152,3,2
598,153,3,2
598,154,3,2
598,155,3,2
598,156,3,2
598,157,3,2
598,158,3,2
598,159,3,2
598,160,3,2
598,161,3,2
598,162,3,2
598,163,3,2
598,164,3,2
598,165,3,2
598,166,3,2
598,167,3,2
598,168,3,2
598,169,3,2
598,170,3,2
598,171,3,2
598,172,3,2
598,173,3,2
598,174,3,2
598,175,3,2
598,176,3,2
598,177,3,2
598,178,3,2
598,179,3,2
598,180,3,2
598,181,3,2
598,182,3,2
598,183,3,2
598,184,3,2
598,185,3,2
598,186,3,2
598,187,3,2
598,188,3,2
598,189,3,2
598,190,3,2
598,191,3,2
598,192,3,2
598,193,3,2
598,194,3,2
598,195,3,2
598,196,3,2
598,197,3,2
598,198,3,2
598,199,3,2
598,200,3,2
598,201,3,2
598,202,3,2
598,203,3,2
598,204,3,2
598,205,3,2
598,206,3,2
598,207,3,2
598,208,3,2
598,209,3,2
598,210,3,2
598,211,3,2
598,212,3,2
598,213,3,2
598,214,3,2
598,215,3,2
598,216,3,2
598,217,3,2
598,218,3,2
598,219,3,2
598,220,3,2
598,221,3,2
598,222,3,2
598,223,3,2
598,224,3,2
598,225,3,2
598,226,3,2
598,227,3,2
598,228,3,2
598,229,3,2
598,230,3,2
598,231,3,2
598,232,3,2
598,233,3,2
598,234,3,2
598,235,3,2
598,236,3,2
598,237,3,2
598,238,3,2
598,239,3,2
598,240,3,2
598,241,3,2
598,242,3,2
598,243,3,2
598,244,3,2
598,245,3,2
598,246,3,2
598,247,3,2
598,248,3,2
598,249,3,2
598,250,3,2
598,251,3,2
598,252,3,2
598,253,3,2
598,254,3,2
598,255,3,2
598,256,3,2
598,257,3,2
598,258,3,2
598,259,3,2
598,260,3,2
598,261,3,2
598,262,3,2
598,263,3,2
598,264,3,2
598,265,3,2
598,266,3,2
598,267,3,2
598,268,3,2
598,269,3,2
598,270,3,2
598,271,3,2
598,272,3,2
598,273,3,2
598,274,3,2
598,275,3,2
598,276,3,2
598,277,3,2
598,278,3,2
598,279,3,2
598,280,3,2
598,281,3,2
598,282,3,2
598,283,3,2
598,284,3,2
598,285,3,2
598,286,3,2
598,287,3,2
598,288,3,2
598,289,3,2
598,290,3,2
598,291,3,2
598,292,3,2
598,293,3,2
598,294,3,2
598,295,3,2
598,296,3,2
598,297,3,2
598,298,3,2
598,299,3,2
598,300,3,2
598,301,3,2
598,302,3,2
598,303,3,2
598,304,3,2
598,305,3,2
598,306,3,2
598,307,3,2
598,308,3,2
598,309,3,2
598,310,3,2
598,311,3,2
598,312,3,2
598,313,3,2
598,314,3,2
598,315,3,2
598,316,3,2
598,317,3,2
598,318,3,2
598,319,3,2
598,320,3,2
598,321,3,2
598,322,3,2
598,323,3,2
598,324,3,2
598,325,3,2
598,326,3,2
598,327,3,2
598,328,3,2
598,329,3,2
598,330,3,2
598,331,3,2
598,332,3,2
598,333,3,2
598,334,3,2
598,335,3,2
598,336,3,2
598,337,3,2
598,338,3,2
598,339,3,2
598,340,3,2
598,341,3,2
598,342,3,2
598,343,3,2
598,344,3,2
598,345,3,2
598,346,3,2
598,347,3,2
598,348,3,2
598,349,3,2
598,350,3,2
598,351,3,2
598,352,3,2
598,353,3,2
598,354,3,2
598,355,3,2
598,356,3,3
598,357,3,3
598,358,3,3
598,359,3,3
598,360,3,3
598,361,3,3
598,362,3,3
598,363,3,3
598,364,3,3
598,365,3,3
598,366,3,2
598,367,3,2
598,368,3,2
598,369,3,2
598,370,3,2
598,371,3,2
598,372,3,2
598,373,3,2
598,374,3,2
598,375,3,2
598,376,3,2
598,377,3,2
598,378,3,2
598,379,3,2
598,380,3,2
598,381,3,2
598,382,3,2
598,383,3,2
598,384,3,2
598,385,3,2
598,386,3,2
598,387,3,2
598,388,3,2
598,389,3,2
598,390,3,2
598,391,3,2
598,392,3,2
598,393,3,2
598,394,3,2
598,395,3,2
598,396,3,2
598,397,3,2
598,398,3,2
598,399,3,2
598,400,3,2
598,401,3,2
598,402,3,2
598,403,3,2
598,404,3,2
598,405,3,2
598,406,3,2
598,407,3,2
598,408,3,2
598,409,3,2
598,410,3,2
598,411,3,2
598,412,3,2
598,413,3,3
598,414,3,3
598,415,3,3
598,416,3,3
598,417,3,3
598,418,3,3
598,419,3,3
598,420,3,3
598,421,3,3
598,422,3,3
598,423,3,3
598,424,3,3
598,425,3,3
598,426,3,3
598,427,3,3
598,428,3,3
598,429,3,2
598,430,3,2
598,431,3,2
598,432,3,2
598,433,3,2
598,434,3,2
598,435,3,2
598,436,3,2
598,437,3,2
598,438,3,2
598,439,3,2
598,440,3,2
598,441,3,2
598,442,3,2
598,443,3,2
598,444,3,2
598,445,3,2
598,446,3,2
598,447,3,2
598,448,3,2
598,449,3,2
598,450,3,2
598,451,3,2
598,452,3,2
598,453,3,3
598,454,3,3
598,455,3,3
598,456,3,3
598,457,3,3
598,458,3,3
598,459,3,3
598,460,3,3
598,461,3,3
598,462,3,3
598,463,3,3
598,464,3,3
598,465,3,3
598,466,3,3
598,467,3,3
598,468,3,3
598,469,3,3
598,470,3,3
598,471,3,3
598,472,3,3
598,473,3,3
598,474,3,3
598,475,3,3
598,476,3,3
598,477,3,3
598,478,3,3
598,479,3,3
598,480,3,3
598,481,3,3
598,482,3,3
598,483,3,3
598,484,3,3
598,485,3,3
598,486,3,3
598,487,3,3
598,488,3,3
598,489,3,3
598,490,3,3
598,491,3,3
598,492,3,3
598,493,3,3
598,494,3,3
598,495,3,3
598,496,3,3
598,497,3,3
598,498,3,2
598,499,3,2
598,500,3,2
598,501,3,2
598,502,3,2
598,503,3,2
598,504,3,2
598,505,3,2
598,506,3,2
598,507,3,2
598,508,3,2
598,509,3,2
598,510,3,2
598,511,3,2
598,512,3,2
598,513,3,2
598,514,3,2
598,515,3,2
598,516,3,2
598,517,3,2
598,518,3,2
598,519,3,2
598,520,3,2
598,521,3,2
598,522,3,2
598,523,3,2
598,524,3,2
598,525,3,2
598,526,3,2
598,527,3,2
598,528,3,2
598,529,3,2
598,530,3,2
598,531,3,2
598,532,3,2
598,533,3,2
598,534,3,2
598,535,3,2
598,536,3,2
598,537,3,2
598,538,3,2
598,539,3,2
598,540,3,2
598,541,3,2
598,542,3,2
598,543,3,2
598,544,3,2
598,545,3,2
598,546,3,2
598,547,3,2
598,548,3,2
598,549,3,2
598,550,3,2
598,551,3,2
598,552,3,2
598,553,3,2
598,554,3,2
598,555,3,2
598,556,3,2
598,557,3,2
598,558,3,2
598,559,3,2
598,560,3,2
598,561,3,2
598,562,3,2
598,563,3,2
598,564,3,2
598,565,3,2
598,566,3,2
598,567,3,2
598,568,3,2
598,569,3,2
598,570,3,2
598,571,3,2
598,572,3,2
598,573,3,2
598,574,3,2
598,575,3,2
598,576,3,2
598,577,3,2
598,578,3,2
598,579,3,2
598,580,3,2
598,581,3,2
598,582,3,2
598,583,3,2
598,584,3,2
598,585,3,2
598,586,3,2
598,587,3,2
598,588,3,2
598,589,3,2
598,590,3,2
598,591,3,2
598,592,3,2
598,593,3,2
598,594,3,2
598,595,3,2
598,596,3,2
598,597,3,2
598,598,3,2
598,599,3,2
598,600,3,2
598,601,3,2
599,98,3,2
599,99,3,2
599,100,3,2
599,101,3,2
599,102,3,2
599,103,3,2
599,104,3,2
599,105,3,2
599,106,3,2
599,107,3,2
599,108,3,2
599,109,3,2
599,110,3,2
599,111,3,2
599,112,3,2
599,113,3,2
599,114,3,2
599,115,3,2
599,116,3,2
599,117,3,2
599,118,3,2
599,119,3,2
599,120,3,2
599,121,3,2
599,122,3,2
599,123,3,2
599,124,3,2
599,125,3,2
599,126,3,2
599,127,3,2
599,128,3,2
599,129,3,2
599,130,3,2
599,131,3,2
599,132,3,2
599,133,3,2
599,134,3,2
599,135,3,2
599,136,3,2
599,137,3,2
599,138,3,2
599,139,3,2
599,140,3,2
599,141,3,2
599,142,3,2
599,143,3,2
599,144,3,2
599,145,3,2
599,146,3,2
599,147,3,2
599,148,3,2
599,149,3,2
599,150,3,2
599,151,3,2
599,152,3,2
599,153,3,2
599,154,3,2
599,155,3,2
599,156,3,2
599,157,3,2
599,158,3,2
599,159,3,2
599,160,3,2
599,161,3,2
599,162,3,2
599,163,3,2
599,164,3,2
599,165,3,2
599,166,3,2
599,167,3,2
599,168,3,2
599,169,3,2
599,170,3,2
599,171,3,2
599,172,3,2
599,173,3,2
599,174,3,2
599,175,3,2
599,176,3,2
599,177,3,2
599,178,3,2
599,179,3,2
599,180,3,2
599,181,3,2
599,182,3,2
599,183,3,2
599,184,3,2
599,185,3,2
599,186,3,2
599,187,3,2
599,188,3,2
599,189,3,2
599,190,3,2
599,191,3,2
599,192,3,2
599,193,3,2
599,194,3,2
599,195,3,2
599,196,3,2
599,197,3,2
599,198,3,2
599,199,3,2
599,200,3,2
599,201,3,2
599,202,3,2
599,203,3,2
599,204,3,2
599,205,3,2
599,206,3,2
599,207,3,2
599,208,3,2
599,209,3,2
599,210,3,2
599,211,3,2
599,212,3,2
599,213,3,2
599,214,3,2
599,215,3,2
599,216,3,2
599,217,3,2
599,218,3,2
599,219,3,2
599,220,3,2
599,221,3,2
599,222,3,2
599,223,3,2
599,224,3,2
599,225,3,2
599,226,3,2
599,227,3,2
599,228,3,2
599,229,3,2
599,230,3,2
599,231,3,2
599,232,3,2
599,233,3,2
599,234,3,2
599,235,3,2
599,236,3,2
599,237,3,2
599,238,3,2
599,239,3,2
599,240,3,2
599,241,3,2
599,242,3,2
599,243,3,2
599,244,3,2
599,245,3,2
599,246,3,2
599,247,3,2
599,248,3,2
599,249,3,2
599,250,3,2
599,251,3,2
599,252,3,2
599,253,3,2
599,254,3,2
599,255,3,2
599,256,3,2
599,257,3,2
599,258,3,2
599,259,3,2
599,260,3,2
599,261,3,2
599,262,3,2
599,263,3,2
599,264,3,2
599,265,3,2
599,266,3,2
599,267,3,2
599,268,3,2
599,269,3,2
599,270,3,2
599,271,3,2
599,272,3,2
599,273,3,2
599,274,3,2
599,275,3,2
599,276,3,2
599,277,3,2
599,278,3,2
599,279,3,2
599,280,3,2
599,281,3,2
599,282,3,2
599,283,3,2
599,284,3,2
599,285,3,2
599,286,3,2
599,287,3,2
599,288,3,2
599,289,3,2
599,290,3,2
599,291,3,2
599,292,3,2
599,293,3,2
599,294,3,2
599,295,3,2
599,296,3,2
599,297,3,2
599,298,3,2
599,299,3,2
599,300,3,2
599,301,3,2
599,302,3,2
599,303,3,2
599,304,3,2
599,305,3,2
599,306,3,2
599,307,3,2
599,308,3,2
599,309,3,2
599,310,3,2
599,311,3,2
599,312,3,2
599,313,3,2
599,314,3,2
599,315,3,2
599,316,3,2
599,317,3,2
599,318,3,2
599,319,3,2
599,320,3,2
599,321,3,2
599,322,3,2
599,323,3,2
599,324,3,2
599,325,3,2
599,326,3,2
599,327,3,2
599,328,3,2
599,329,3,2
599,330,3,2
599,331,3,2
599,332,3,2
599,333,3,2
599,334,3,2
599,335,3,2
599,336,3,2
599,337,3,2
599,338,3,2
599,339,3,2
599,340,3,2
599,341,3,2
599,342,3,2
599,343,3,2
599,344,3,2
599,345,3,2
599,346,3,2
599,347,3,2
599,348,3,2
599,349,3,2
599,350,3,2
599,351,3,2
599,352,3,2
599,353,3,2
599,354,3,2
599,355,3,2
599,356,3,3
599,357,3,3
599,358,3,3
599,359,3,3
599,360,3,3
599,361,3,3
599,362,3,3
599,363,3,3
599,364,3,3
599,365,3,3
599,366,3,2
599,367,3,2
599,368,3,2
599,369,3,2
599,370,3,2
599,371,3,2
599,372,3,2
599,373,3,2
599,374,3,2
599,375,3,2
599,376,3,2
599,377,3,2
599,378,3,2
599,379,3,2
599,380,3,2
599,381,3,2
599,382,3,2
599,383,3,2
599,384,3,2
599,385,3,2
599,386,3,2
599,387,3,2
599,388,3,2
599,389,3,2
599,390,3,2
599,391,3,2
599,392,3,2
599,393,3,2
599,394,3,2
599,395,3,2
599,396,3,2
599,397,3,2
599,398,3,2
599,399,3,2
599,400,3,2
599,401,3,2
599,402,3,2
599,403,3,2
599,404,3,2
599,405,3,2
599,406,3,2
599,407,3,2
599,408,3,2
599,409,3,2
599,410,3,2
599,411,3,2
599,412,3,2
599,413,3,2
599,414,3,2
599,415,3,2
599,416,3,3
599,417,3,3
599,418,3,3
599,419,3,3
599,420,3,3
599,421,3,3
599,422,3,3
599,423,3,3
599,424,3,3
599,425,3,3
599,426,3,3
599,427,3,2
599,428,3,2
599,429,3,2
599,430,3,2
599,431,3,2
599,432,3,2
599,433,3,2
599,434,3,2
599,435,3,2
599,436,3,2
599,437,3,2
599,438,3,2
599,439,3,2
599,440,3,2
599,441,3,2
599,442,3,2
599,443,3,2
599,444,3,2
599,445,3,2
599,446,3,2
599,447,3,2
599,448,3,2
599,449,3,2
599,450,3,2
599,451,3,2
599,452,3,3
599,453,3,3
599,454,3,3
599,455,3,3
599,456,3,3
599,457,3,3
599,458,3,3
599,459,3,3
599,460,3,3
599,461,3,3
599,462,3,3
599,463,3,3
599,464,3,3
599,465,3,3
599,466,3,3
599,467,3,3
599,468,3,3
599,469,3,3
599,470,3,3
599,471,3,3
599,472,3,3
599,473,3,3
599,474,3,3
599,475,3,3
599,476,3,3
599,477,3,3
599,478,3,3
599,479,3,3
599,480,3,3
599,481,3,3
599,482,3,3
599,483,3,3
599,484,3,3
599,485,3,3
599,486,3,3
599,487,3,3
599,488,3,3
599,489,3,3
599,490,3,3
599,491,3,3
599,492,3,3
599,493,3,3
599,494,3,3
599,495,3,3
599,496,3,2
599,497,3,2
599,498,3,2
599,499,3,2
599,500,3,2
599,501,3,2
599,502,3,2
599,503,3,2
599,504,3,2
599,505,3,2
599,506,3,2
599,507,3,2
599,508,3,2
599,509,3,2
599,510,3,2
599,511,3,2
599,512,3,2
599,513,3,2
599,514,3,2
599,515,3,2
599,516,3,2
599,517,3,2
599,518,3,2
599,519,3,2
599,520,3,2
599,521,3,2
599,522,3,2
599,523,3,2
599,524,3,2
599,525,3,2
599,526,3,2
599,527,3,2
599,528,3,2
599,529,3,2
599,530,3,2
599,531,3,2
599,532,3,2
599,533,3,2
599,534,3,2
599,535,3,2
599,536,3,2
599,537,3,2
599,538,3,2
599,539,3,2
599,540,3,2
599,541,3,2
599,542,3,2
599,543,3,2
599,544,3,2
599,545,3,2
599,546,3,2
599,547,3,2
599,548,3,2
599,549,3,2
599,550,3,2
599,551,3,2
599,552,3,2
599,553,3,2
599,554,3,2
599,555,3,2
599,556,3,2
599,557,3,2
599,558,3,2
599,559,3,2
599,560,3,2
599,561,3,2
599,562,3,2
599,563,3,2
599,564,3,2
599,565,3,2
599,566,3,2
599,567,3,2
599,568,3,2
599,569,3,2
599,570,3,2
599,571,3,2
599,572,3,2
599,573,3,2
599,574,3,2
599,575,3,2
599,576,3,2
599,577,3,2
599,578,3,2
599,579,3,2
599,580,3,2
599,581,3,2
599,582,3,2
599,583,3,2
599,584,3,2
599,585,3,2
599,586,3,2
599,587,3,2
599,588,3,2
599,589,3,2
599,590,3,2
599,591,3,2
599,592,3,2
599,593,3,2
599,594,3,2
599,595,3,2
599,596,3,2
599,597,3,2
599,598,3,2
599,599,3,2
599,600,3,2
599,601,3,2
600,99,3,2
600,100,3,2
600,101,3,2
600,102,3,2
600,103,3,2
600,104,3,2
600,105,3,2
600,106,3,2
600,107,3,2
600,108,3,2
600,109,3,2
600,110,3,2
600,111,3,2
600,112,3,2
600,113,3,2
600,114,3,2
600,115,3,2
600,116,3,2
600,117,3,2
600,118,3,2
600,119,3,2
600,120,3,2
600,121,3,2
600,122,3,2
600,123,3,2
600,124,3,2
600,125,3,2
600,126,3,2
600,127,3,2
600,128,3,2
600,129,3,2
600,130,3,2
600,131,3,2
600,132,3,2
600,133,3,2
600,134,3,2
600,135,3,2
600,136,3,2
600,137,3,2
600,138,3,2
600,139,3,2
600,140,3,2
600,141,3,2
600,142,3,2
600,143,3,2
600,144,3,2
600,145,3,2
600,146,3,2
600,147,3,2
600,148,3,2
600,149,3,2
600,150,3,2
600,151,3,2
600,152,3,2
600,153,3,2
600,154,3,2
600,155,3,2
600,156,3,2
600,157,3,2
600,158,3,2
600,159,3,2
600,160,3,2
600,161,3,2
600,162,3,2
600,163,3,2
600,164,3,2
600,165,3,2
600,166,3,2
600,167,3,2
600,168,3,2
600,169,3,2
600,170,3,2
600,171,3,2
600,172,3,2
600,173,3,2
600,174,3,2
600,175,3,2
600,176,3,2
600,177,3,2
600,178,3,2
600,179,3,2
600,180,3,2
600,181,3,2
600,182,3,2
600,183,3,2
600,184,3,2
600,185,3,2
600,186,3,2
600,187,3,2
600,188,3,2
600,189,3,2
600,190,3,2
600,191,3,2
600,192,3,2
600,193,3,2
600,194,3,2
600,195,3,2
600,196,3,2
600,197,3,2
600,198,3,2
600,199,3,2
600,200,3,2
600,201,3,2
600,202,3,2
600,203,3,2
600,204,3,2
600,205,3,2
600,206,3,2
600,207,3,2
600,208,3,2
600,209,3,2
600,210,3,2
600,211,3,2
600,212,3,2
600,213,3,2
600,214,3,2
600,215,3,2
600,216,3,2
600,217,3,2
600,218,3,2
600,219,3,2
600,220,3,2
600,221,3,2
600,222,3,2
600,223,3,2
600,224,3,2
600,225,3,2
600,226,3,2
600,227,3,2
600,228,3,2
600,229,3,2
600,230,3,2
600,231,3,2
600,232,3,2
600,233,3,2
600,234,3,2
600,235,3,2
600,236,3,2
600,237,3,2
600,238,3,2
600,239,3,2
600,240,3,2
600,241,3,2
600,242,3,2
600,243,3,2
600,244,3,2
600,245,3,2
600,246,3,2
600,247,3,2
600,248,3,2
600,249,3,2
600,250,3,2
600,251,3,2
600,252,3,2
600,253,3,2
600,254,3,2
600,255,3,2
600,256,3,2
600,257,3,2
600,258,3,2
600,259,3,2
600,260,3,2
600,261,3,2
600,262,3,2
600,263,3,2
600,264,3,2
600,265,3,2
600,266,3,2
600,267,3,2
600,268,3,2
600,269,3,2
600,270,3,2
600,271,3,2
600,272,3,2
600,273,3,2
600,274,3,2
600,275,3,2
600,276,3,2
600,277,3,2
600,278,3,2
600,279,3,2
600,280,3,2
600,281,3,2
600,282,3,2
600,283,3,2
600,284,3,2
600,285,3,2
600,286,3,2
600,287,3,2
600,288,3,2
600,289,3,2
600,290,3,2
600,291,3,2
600,292,3,2
600,293,3,2
600,294,3,2
600,295,3,2
600,296,3,2
600,297,3,2
600,298,3,2
600,299,3,2
600,300,3,2
600,301,3,2
600,302,3,2
600,303,3,2
600,304,3,2
600,305,3,2
600,306,3,2
600,307,3,2
600,308,3,2
600,309,3,2
600,310,3,2
600,311,3,2
600,312,3,2
600,313,3,2
600,314,3,2
600,315,3,2
600,316,3,2
600,317,3,2
600,318,3,2
600,319,3,2
600,320,3,2
600,321,3,2
600,322,3,2
600,323,3,2
600,324,3,2
600,325,3,2
600,326,3,2
600,327,3,2
600,328,3,2
600,329,3,2
600,330,3,2
600,331,3,2
600,332,3,2
600,333,3,2
600,334,3,2
600,335,3,2
600,336,3,2
600,337,3,2
600,338,3,2
600,339,3,2
600,340,3,2
600,341,3,2
600,342,3,2
600,343,3,2
600,344,3,2
600,345,3,2
600,346,3,2
600,347,3,2
600,348,3,2
600,349,3,2
600,350,3,2
600,351,3,2
600,352,3,2
600,353,3,2
600,354,3,2
600,355,3,2
600,356,3,3
600,357,3,3
600,358,3,3
600,359,3,3
600,360,3,3
600,361,3,3
600,362,3,3
600,363,3,3
600,364,3,3
600,365,3,2
600,366,3,2
600,367,3,2
600,368,3,2
600,369,3,2
600,370,3,2
600,371,3,2
600,372,3,2
600,373,3,2
600,374,3,2
600,375,3,2
600,376,3,2
600,377,3,2
600,378,3,2
600,379,3,2
600,380,3,2
600,381,3,2
600,382,3,2
600,383,3,2
600,384,3,2
600,385,3,2
600,386,3,2
600,387,3,2
600,388,3,2
600,389,3,2
600,390,3,2
600,391,3,2
600,392,3,2
600,393,3,2
600,394,3,2
600,395,3,2
600,396,3,2
600,397,3,2
600,398,3,2
600,399,3,2
600,400,3,2
600,401,3,2
600,402,3,2
600,403,3,2
600,404,3,2
600,405,3,2
600,406,3,2
600,407,3,2
600,408,3,2
600,409,3,2
600,410,3,2
600,411,3,2
600,412,3,2
600,413,3,2
600,414,3,2
600,415,3,2
600,416,3,2
600,417,3,3
600,418,3,3
600,419,3,3
600,420,3,3
600,421,3,3
600,422,3,3
600,423,3,3
600,424,3,3
600,425,3,2
600,426,3,2
600,427,3,2
600,428,3,2
600,429,3,2
600,430,3,2
600,431,3,2
600,432,3,2
600,433,3,2
600,434,3,2
600,435,3,2
600,436,3,2
600,437,3,2
600,438,3,2
600,439,3,2
600,440,3,2
600,441,3,2
600,442,3,2
600,443,3,2
600,444,3,2
600,445,3,2
600,446,3,2
600,447,3,2
600,448,3,2
600,449,3,2
600,450,3,2
600,451,3,2
600,452,3,3
600,453,3,3
600,454,3,3
600,455,3,3
600,456,3,3
600,457,3,3
600,458,3,3
600,459,3,3
600,460,3,3
600,461,3,3
600,462,3,3
600,463,3,3
600,464,3,3
600,465,3,3
600,466,3,3
600,467,3,3
600,468,3,3
600,469,3,3
600,470,3,3
600,471,3,3
600,472,3,3
600,473,3,3
600,474,3,3
600,475,3,3
600,476,3,3
600,477,3,3
600,478,3,3
600,479,3,3
600,480,3,3
600,481,3,3
600,482,3,3
600,483,3,3
600,484,3,3
600,485,3,3
600,486,3,3
600,487,3,3
600,488,3,3
600,489,3,3
600,490,3,3
600,491,3,3
600,492,3,3
600,493,3,3
600,494,3,3
600,495,3,2
600,496,3,2
600,497,3,2
600,498,3,2
600,499,3,2
600,500,3,2
600,501,3,2
600,502,3,2
600,503,3,2
600,504,3,2
600,505,3,2
600,506,3,2
600,507,3,2
600,508,3,2
600,509,3,2
600,510,3,2
600,511,3,2
600,512,3,2
600,513,3,2
600,514,3,2
600,515,3,2
600,516,3,2
600,517,3,2
600,518,3,2
600,519,3,2
600,520,3,2
600,521,3,2
600,522,3,2
600,523,3,2
600,524,3,2
600,525,3,2
600,526,3,2
600,527,3,2
600,528,3,2
600,529,3,2
600,530,3,2
600,531,3,2
600,532,3,2
600,533,3,2
600,534,3,2
600,535,3,2
600,536,3,2
600,537,3,2
600,538,3,2
600,539,3,2
600,540,3,2
600,541,3,2
600,542,3,2
600,543,3,2
600,544,3,2
600,545,3,2
600,546,3,2
600,547,3,2
600,548,3,2
600,549,3,2
600,550,3,2
600,551,3,2
600,552,3,2
600,553,3,2
600,554,3,2
600,555,3,2
600,556,3,2
600,557,3,2
600,558,3,2
600,559,3,2
600,560,3,2
600,561,3,2
600,562,3,2
600,563,3,2
600,564,3,2
600,565,3,2
600,566,3,2
600,567,3,2
600,568,3,2
600,569,3,2
600,570,3,2
600,571,3,2
600,572,3,2
600,573,3,2
600,574,3,2
600,575,3,2
600,576,3,2
600,577,3,2
600,578,3,2
600,579,3,2
600,580,3,2
600,581,3,2
600,582,3,2
600,583,3,2
600,584,3,2
600,585,3,2
600,586,3,2
600,587,3,2
600,588,3,2
600,589,3,2
600,590,3,2
600,591,3,2
600,592,3,2
600,593,3,2
600,594,3,2
600,595,3,2
600,596,3,2
600,597,3,2
600,598,3,2
600,599,3,2
601,100,3,2
601,101,3,2
601,102,3,2
601,103,3,2
601,104,3,2
601,105,3,2
601,106,3,2
601,107,3,2
601,108,3,2
601,109,3,2
601,110,3,2
601,111,3,2
601,112,3,2
601,113,3,2
601,114,3,2
601,115,3,2
601,116,3,2
601,117,3,2
601,118,3,2
601,119,3,2
601,120,3,2
601,121,3,2
601,122,3,2
601,123,3,2
601,124,3,2
601,125,3,2
601,126,3,2
601,127,3,2
601,128,3,2
601,129,3,2
601,130,3,2
601,131,3,2
601,132,3,2
601,133,3,2
601,134,3,2
601,135,3,2
601,136,3,2
601,137,3,2
601,138,3,2
601,139,3,2
601,140,3,2
601,141,3,2
601,142,3,2
601,143,3,2
601,144,3,2
601,145,3,2
601,146,3,2
601,147,3,2
601,148,3,2
601,149,3,2
601,150,3,2
601,151,3,2
601,152,3,2
601,153,3,2
601,154,3,2
601,155,3,2
601,156,3,2
601,157,3,2
601,158,3,2
601,159,3,2
601,160,3,2
601,161,3,2
601,162,3,2
601,163,3,2
601,164,3,2
601,165,3,2
601,166,3,2
601,167,3,2
601,168,3,2
601,169,3,2
601,170,3,2
601,171,3,2
601,172,3,2
601,173,3,2
601,174,3,2
601,175,3,2
601,176,3,2
601,177,3,2
601,178,3,2
601,179,3,2
601,180,3,2
601,181,3,2
601,182,3,2
601,183,3,2
601,184,3,2
601,185,3,2
601,186,3,2
601,187,3,2
601,188,3,2
601,189,3,2
601,190,3,2
601,191,3,2
601,192,3,2
601,193,3,2
601,194,3,2
601,195,3,2
601,196,3,2
601,197,3,2
601,198,3,2
601,199,3,2
601,200,3,2
601,201,3,2
601,202,3,2
601,203,3,2
601,204,3,2
601,205,3,2
601,206,3,2
601,207,3,2
601,208,3,2
601,209,3,2
601,210,3,2
601,211,3,2
601,212,3,2
601,213,3,2
601,214,3,2
601,215,3,2
601,216,3,2
601,217,3,2
601,218,3,2
601,219,3,2
601,220,3,2
601,221,3,2
601,222,3,2
601,223,3,2
601,224,3,2
601,225,3,2
601,226,3,2
601,227,3,2
601,228,3,2
601,229,3,2
601,230,3,2
601,231,3,2
601,232,3,2
601,233,3,2
601,234,3,2
601,235,3,2
601,236,3,2
601,237,3,2
601,238,3,2
601,239,3,2
601,240,3,2
601,241,3,2
601,242,3,2
601,243,3,2
601,244,3,2
601,245,3,2
601,246,3,2
601,247,3,2
601,248,3,2
601,249,3,2
601,250,3,2
601,251,3,2
601,252,3,2
601,253,3,2
601,254,3,2
601,255,3,2
601,256,3,2
601,257,3,2
601,258,3,2
601,259,3,2
601,260,3,2
601,261,3,2
601,262,3,2
601,263,3,2
601,264,3,2
601,265,3,2
601,266,3,2
601,267,3,2
601,268,3,2
601,269,3,2
601,270,3,2
601,271,3,2
601,272,3,2
601,273,3,2
601,274,3,2
601,275,3,2
601,276,3,2
601,277,3,2
601,278,3,2
601,279,3,2
601,280,3,2
601,281,3,2
601,282,3,2
601,283,3,2
601,284,3,2
601,285,3,2
601,286,3,2
601,287,3,2
601,288,3,2
601,289,3,2
601,290,3,2
601,291,3,2
601,292,3,2
601,293,3,2
601,294,3,2
601,295,3,2
601,296,3,2
601,297,3,2
601,298,3,2
601,299,3,2
601,300,3,2
601,301,3,2
601,302,3,2
601,303,3,2
601,304,3,2
601,305,3,2
601,306,3,2
601,307,3,2
601,308,3,2
601,309,3,2
601,310,3,2
601,311,3,2
601,312,3,2
601,313,3,2
601,314,3,2
601,315,3,2
601,316,3,2
601,317,3,2
601,318,3,2
601,319,3,2
601,320,3,2
601,321,3,2
601,322,3,2
601,323,3,2
601,324,3,2
601,325,3,2
601,326,3,2
601,327,3,2
601,328,3,2
601,329,3,2
601,330,3,2
601,331,3,2
601,332,3,2
601,333,3,2
601,334,3,2
601,335,3,2
601,336,3,2
601,337,3,2
601,338,3,2
601,339,3,2
601,340,3,2
601,341,3,2
601,342,3,2
601,343,3,2
601,344,3,2
601,345,3,2
601,346,3,2
601,347,3,2
601,348,3,2
601,349,3,2
601,350,3,2
601,351,3,2
601,352,3,2
601,353,3,2
601,354,3,2
601,355,3,2
601,356,3,2
601,357,3,2
601,358,3,3
601,359,3,3
601,360,3,3
601,361,3,3
601,362,3,3
601,363,3,3
601,364,3,2
601,365,3,2
601,366,3,2
601,367,3,2
601,368,3,2
601,369,3,2
601,370,3,2
601,371,3,2
601,372,3,2
601,373,3,2
601,374,3,2
601,375,3,2
601,376,3,2
601,377,3,2
601,378,3,2
601,379,3,2
601,380,3,2
601,381,3,2
601,382,3,2
601,383,3,2
601,384,3,2
601,385,3,2
601,386,3,2
601,387,3,2
601,388,3,2
601,389,3,2
601,390,3,2
601,391,3,2
601,392,3,2
601,393,3,2
601,394,3,2
601,395,3,2
601,396,3,2
601,397,3,2
601,398,3,2
601,399,3,2
601,400,3,2
601,401,3,2
601,402,3,2
601,403,3,2
601,404,3,2
601,405,3,2
601,406,3,2
601,407,3,2
601,408,3,2
601,409,3,2
601,410,3,2
601,411,3,2
601,412,3,2
601,413,3,2
601,414,3,2
601,415,3,2
601,416,3,2
601,417,3,2
601,418,3,2
601,419,3,2
601,420,3,2
601,421,3,2
601,422,3,2
601,423,3,2
601,424,3,2
601,425,3,2
601,426,3,2
601,427,3,2
601,428,3,2
601,429,3,2
601,430,3,2
601,431,3,2
601,432,3,2
601,433,3,2
601,434,3,2
601,435,3,2
601,436,3,2
601,437,3,2
601,438,3,2
601,439,3,2
601,440,3,2
601,441,3,2
601,442,3,2
601,443,3,2
601,444,3,2
601,445,3,2
601,446,3,2
601,447,3,2
601,448,3,2
601,449,3,2
601,450,3,2
601,451,3,2
601,452,3,3
601,453,3,3
601,454,3,3
601,455,3,3
601,456,3,3
601,457,3,3
601,458,3,3
601,459,3,3
601,460,3,3
601,461,3,3
601,462,3,3
601,463,3,3
601,464,3,3
601,465,3,3
601,466,3,3
601,467,3,3
601,468,3,3
601,469,3,3
601,470,3,3
601,471,3,3
601,472,3,3
601,473,3,3
601,474,3,3
601,475,3,3
601,476,3,3
601,477,3,3
601,478,3,3
601,479,3,3
601,480,3,3
601,481,3,3
601,482,3,3
601,483,3,3
601,484,3,3
601,485,3,3
601,486,3,3
601,487,3,3
601,488,3,3
601,489,3,3
601,490,3,3
601,491,3,3
601,492,3,3
601,493,3,3
601,494,3,2
601,495,3,2
601,496,3,2
601,497,3,2
601,498,3,2
601,499,3,2
601,500,3,2
601,501,3,2
601,502,3,2
601,503,3,2
601,504,3,2
601,505,3,2
601,506,3,2
601,507,3,2
601,508,3,2
601,509,3,2
601,510,3,2
601,511,3,2
601,512,3,2
601,513,3,2
601,514,3,2
601,515,3,2
601,516,3,2
601,517,3,2
601,518,3,2
601,519,3,2
601,520,3,2
601,521,3,2
601,522,3,2
601,523,3,2
601,524,3,2
601,525,3,2
601,526,3,2
601,527,3,2
601,528,3,2
601,529,3,2
601,530,3,2
601,531,3,2
601,532,3,2
601,533,3,2
601,534,3,2
601,535,3,2
601,536,3,2
601,537,3,2
601,538,3,2
601,539,3,2
601,540,3,2
601,541,3,2
601,542,3,2
601,543,3,2
601,544,3,2
601,545,3,2
601,546,3,2
601,547,3,2
601,548,3,2
601,549,3,2
601,550,3,2
601,551,3,2
601,552,3,2
601,553,3,2
601,554,3,2
601,555,3,2
601,556,3,2
601,557,3,2
601,558,3,2
601,559,3,2
601,560,3,2
601,561,3,2
601,562,3,2
601,563,3,2
601,564,3,2
601,565,3,2
601,566,3,2
601,567,3,2
601,568,3,2
601,569,3,2
601,570,3,2
601,571,3,2
601,572,3,2
601,573,3,2
601,574,3,2
601,575,3,2
601,576,3,2
601,577,3,2
601,578,3,2
601,579,3,2
601,580,3,2
601,581,3,2
601,582,3,2
601,583,3,2
601,584,3,2
601,585,3,2
601,586,3,2
601,587,3,2
601,588,3,2
601,589,3,2
601,590,3,2
601,591,3,2
601,592,3,2
601,593,3,2
601,594,3,2
601,595,3,2
601,596,3,2
601,597,3,2
601,598,3,2
602,101,3,2
602,102,3,2
602,103,3,2
602,104,3,2
602,105,3,2
602,106,3,2
602,107,3,2
602,108,3,2
602,109,3,2
602,110,3,2
602,111,3,2
602,112,3,2
602,113,3,2
602,114,3,2
602,115,3,2
602,116,3,2
602,117,3,2
602,118,3,2
602,119,3,2
602,120,3,2
602,121,3,2
602,122,3,2
602,123,3,2
602,124,3,2
602,125,3,2
602,126,3,2
602,127,3,2
602,128,3,2
602,129,3,2
602,130,3,2
602,131,3,2
602,132,3,2
602,133,3,2
602,134,3,2
602,135,3,2
602,136,3,2
602,137,3,2
602,138,3,2
602,139,3,2
602,140,3,2
602,141,3,2
602,142,3,2
602,143,3,2
602,144,3,2
602,145,3,2
602,146,3,2
602,147,3,2
602,148,3,2
602,149,3,2
602,150,3,2
602,151,3,2
602,152,3,2
602,153,3,2
602,154,3,2
602,155,3,2
602,156,3,2
602,157,3,2
602,158,3,2
602,159,3,2
602,160,3,2
602,161,3,2
602,162,3,2
602,163,3,2
602,164,3,2
602,165,3,2
602,166,3,2
602,167,3,2
602,168,3,2
602,169,3,2
602,170,3,2
602,171,3,2
602,172,3,2
602,173,3,2
602,174,3,2
602,175,3,2
602,176,3,2
602,177,3,2
602,178,3,2
602,179,3,2
602,180,3,2
602,181,3,2
602,182,3,2
602,183,3,2
602,184,3,2
602,185,3,2
602,186,3,2
602,187,3,2
602,188,3,2
602,189,3,2
602,190,3,2
602,191,3,2
602,192,3,2
602,193,3,2
602,194,3,2
602,195,3,2
602,196,3,2
602,197,3,2
602,198,3,2
602,199,3,2
602,200,3,2
602,201,3,2
602,202,3,2
602,203,3,2
602,204,3,2
602,205,3,2
602,206,3,2
602,207,3,2
602,208,3,2
602,209,3,2
602,210,3,2
602,211,3,2
602,212,3,2
602,213,3,2
602,214,3,2
602,215,3,2
602,216,3,2
602,217,3,2
602,218,3,2
602,219,3,2
602,220,3,2
602,221,3,2
602,222,3,2
602,223,3,2
602,224,3,2
602,225,3,2
602,226,3,2
602,227,3,2
602,228,3,2
602,229,3,2
602,230,3,2
602,231,3,2
602,232,3,2
602,233,3,2
602,234,3,2
602,235,3,2
602,236,3,2
602,237,3,2
602,238,3,2
602,239,3,2
602,240,3,2
602,241,3,2
602,242,3,2
602,243,3,2
602,244,3,2
602,245,3,2
602,246,3,2
602,247,3,2
602,248,3,2
602,249,3,2
602,250,3,2
602,251,3,2
602,252,3,2
602,253,3,2
602,254,3,2
602,255,3,2
602,256,3,2
602,257,3,2
602,258,3,2
602,259,3,2
602,260,3,2
602,261,3,2
602,262,3,2
602,263,3,2
602,264,3,2
602,265,3,2
602,266,3,2
602,267,3,2
602,268,3,2
602,269,3,2
602,270,3,2
602,271,3,2
602,272,3,2
602,273,3,2
602,274,3,2
602,275,3,2
602,276,3,2
602,277,3,2
602,278,3,2
602,279,3,2
602,280,3,2
602,281,3,2
602,282,3,2
602,283,3,2
602,284,3,2
602,285,3,2
602,286,3,2
602,287,3,2
602,288,3,2
602,289,3,2
602,290,3,2
602,291,3,2
602,292,3,2
602,293,3,2
602,294,3,2
602,295,3,2
602,296,3,2
602,297,3,2
602,298,3,2
602,299,3,2
602,300,3,2
602,301,3,2
602,302,3,2
602,303,3,2
602,304,3,2
602,305,3,2
602,306,3,2
602,307,3,2
602,308,3,2
602,309,3,2
602,310,3,2
602,311,3,2
602,312,3,2
602,313,3,2
602,314,3,2
602,315,3,2
602,316,3,2
602,317,3,2
602,318,3,2
602,319,3,2
602,320,3,2
602,321,3,2
602,322,3,2
602,323,3,2
602,324,3,2
602,325,3,2
602,326,3,2
602,327,3,2
602,328,3,2
602,329,3,2
602,330,3,2
602,331,3,2
602,332,3,2
602,333,3,2
602,334,3,2
602,335,3,2
602,336,3,2
602,337,3,2
602,338,3,2
602,339,3,2
602,340,3,2
602,341,3,2
602,342,3,2
602,343,3,2
602,344,3,2
602,345,3,2
602,346,3,2
602,347,3,2
602,348,3,2
602,349,3,2
602,350,3,2
602,351,3,2
602,352,3,2
602,353,3,2
602,354,3,2
602,355,3,2
602,356,3,2
602,357,3,2
602,358,3,2
602,359,3,2
602,360,3,2
602,361,3,2
602,362,3,2
602,363,3,2
602,364,3,2
602,365,3,2
602,366,3,2
602,367,3,2
602,368,3,2
602,369,3,2
602,370,3,2
602,371,3,2
602,372,3,2
602,373,3,2
602,374,3,2
602,375,3,2
602,376,3,2
602,377,3,2
602,378,3,2
602,379,3,2
602,380,3,2
602,381,3,2
602,382,3,2
602,383,3,2
602,384,3,2
602,385,3,2
602,386,3,2
602,387,3,2
602,388,3,2
602,389,3,2
602,390,3,2
602,391,3,2
602,392,3,2
602,393,3,2
602,394,3,2
602,395,3,2
602,396,3,2
602,397,3,2
602,398,3,2
602,399,3,2
602,400,3,2
602,401,3,2
602,402,3,2
602,403,3,2
602,404,3,2
602,405,3,2
602,406,3,2
602,407,3,2
602,408,3,2
602,409,3,2
602,410,3,2
602,411,3,2
602,412,3,2
602,413,3,2
602,414,3,2
602,415,3,2
602,416,3,2
602,417,3,2
602,418,3,2
602,419,3,2
602,420,3,2
602,421,3,2
602,422,3,2
602,423,3,2
602,424,3,2
602,425,3,2
602,426,3,2
602,427,3,2
602,428,3,2
602,429,3,2
602,430,3,2
602,431,3,2
602,432,3,2
602,433,3,2
602,434,3,2
602,435,3,2
602,436,3,2
602,437,3,2
602,438,3,2
602,439,3,2
602,440,3,2
602,441,3,2
602,442,3,2
602,443,3,2
602,444,3,2
602,445,3,2
602,446,3,2
602,447,3,2
602,448,3,2
602,449,3,2
602,450,3,2
602,451,3,2
602,452,3,2
602,453,3,3
602,454,3,3
602,455,3,3
602,456,3,3
602,457,3,3
602,458,3,3
602,459,3,3
602,460,3,3
602,461,3,3
602,462,3,3
602,463,3,3
602,464,3,3
602,465,3,3
602,466,3,3
602,467,3,3
602,468,3,3
602,469,3,3
602,470,3,3
602,471,3,3
602,472,3,3
602,473,3,3
602,474,3,3
602,475,3,3
602,476,3,3
602,477,3,3
602,478,3,3
602,479,3,3
602,480,3,3
602,481,3,3
602,482,3,3
602,483,3,3
602,484,3,3
602,485,3,3
602,486,3,3
602,487,3,3
602,488,3,3
602,489,3,3
602,490,3,3
602,491,3,3
602,492,3,3
602,493,3,2
602,494,3,2
602,495,3,2
602,496,3,2
602,497,3,2
602,498,3,2
602,499,3,2
602,500,3,2
602,501,3,2
602,502,3,2
602,503,3,2
602,504,3,2
602,505,3,2
602,506,3,2
602,507,3,2
602,508,3,2
602,509,3,2
602,510,3,2
602,511,3,2
602,512,3,2
602,513,3,2
602,514,3,2
602,515,3,2
602,516,3,2
602,517,3,2
602,518,3,2
602,519,3,2
602,520,3,2
602,521,3,2
602,522,3,2
602,523,3,2
602,524,3,2
602,525,3,2
602,526,3,2
602,527,3,2
602,528,3,2
602,529,3,2
602,530,3,2
602,531,3,2
602,532,3,2
602,533,3,2
602,534,3,2
602,535,3,2
602,536,3,2
602,537,3,2
602,538,3,2
602,539,3,2
602,540,3,2
602,541,3,2
602,542,3,2
602,543,3,2
602,544,3,2
602,545,3,2
602,546,3,2
602,547,3,2
602,548,3,2
602,549,3,2
602,550,3,2
602,551,3,2
602,552,3,2
602,553,3,2
602,554,3,2
602,555,3,2
602,556,3,2
602,557,3,2
602,558,3,2
602,559,3,2
602,560,3,2
602,561,3,2
602,562,3,2
602,563,3,2
602,564,3,2
602,565,3,2
602,566,3,2
602,567,3,2
602,568,3,2
602,569,3,2
602,570,3,2
602,571,3,2
602,572,3,2
602,573,3,2
602,574,3,2
602,575,3,2
602,576,3,2
602,577,3,2
602,578,3,2
602,579,3,2
602,580,3,2
602,581,3,2
602,582,3,2
602,583,3,2
602,584,3,2
602,585,3,2
602,586,3,2
602,587,3,2
602,588,3,2
602,589,3,2
602,590,3,2
602,591,3,2
602,592,3,2
602,593,3,2
602,594,3,2
602,595,3,2
602,596,3,2
602,597,3,2
603,102,3,2
603,103,3,2
603,104,3,2
603,105,3,2
603,106,3,2
603,107,3,2
603,108,3,2
603,109,3,2
603,110,3,2
603,111,3,2
603,112,3,2
603,113,3,2
603,114,3,2
603,115,3,2
603,116,3,2
603,117,3,2
603,118,3,2
603,119,3,2
603,120,3,2
603,121,3,2
603,122,3,2
603,123,3,2
603,124,3,2
603,125,3,2
603,126,3,2
603,127,3,2
603,128,3,2
603,129,3,2
603,130,3,2
603,131,3,2
603,132,3,2
603,133,3,2
603,134,3,2
603,135,3,2
603,136,3,2
603,137,3,2
603,138,3,2
603,139,3,2
603,140,3,2
603,141,3,2
603,142,3,2
603,143,3,2
603,144,3,2
603,145,3,2
603,146,3,2
603,147,3,2
603,148,3,2
603,149,3,2
603,150,3,2
603,151,3,2
603,152,3,2
603,153,3,2
603,154,3,2
603,155,3,2
603,156,3,2
603,157,3,2
603,158,3,2
603,159,3,2
603,160,3,2
603,161,3,2
603,162,3,2
603,163,3,2
603,164,3,2
603,165,3,2
603,166,3,2
603,167,3,2
603,168,3,2
603,169,3,2
603,170,3,2
603,171,3,2
603,172,3,2
603,173,3,2
603,174,3,2
603,175,3,2
603,176,3,2
603,177,3,2
603,178,3,2
603,179,3,2
603,180,3,2
603,181,3,2
603,182,3,2
603,183,3,2
603,184,3,2
603,185,3,2
603,186,3,2
603,187,3,2
603,188,3,2
603,189,3,2
603,190,3,2
603,191,3,2
603,192,3,2
603,193,3,2
603,194,3,2
603,195,3,2
603,196,3,2
603,197,3,2
603,198,3,2
603,199,3,2
603,200,3,2
603,201,3,2
603,202,3,2
603,203,3,2
603,204,3,2
603,205,3,2
603,206,3,2
603,207,3,2
603,208,3,2
603,209,3,2
603,210,3,2
603,211,3,2
603,212,3,2
603,213,3,2
603,214,3,2
603,215,3,2
603,216,3,2
603,217,3,2
603,218,3,2
603,219,3,2
603,220,3,2
603,221,3,2
603,222,3,2
603,223,3,2
603,224,3,2
603,225,3,2
603,226,3,2
603,227,3,2
603,228,3,2
603,229,3,2
603,230,3,2
603,231,3,2
603,232,3,2
603,233,3,2
603,234,3,2
603,235,3,2
603,236,3,2
603,237,3,2
603,238,3,2
603,239,3,2
603,240,3,2
603,241,3,2
603,242,3,2
603,243,3,2
603,244,3,2
603,245,3,2
603,246,3,2
603,247,3,2
603,248,3,2
603,249,3,2
603,250,3,2
603,251,3,2
603,252,3,2
603,253,3,2
603,254,3,2
603,255,3,2
603,256,3,2
603,257,3,2
603,258,3,2
603,259,3,2
603,260,3,2
603,261,3,2
603,262,3,2
603,263,3,2
603,264,3,2
603,265,3,2
603,266,3,2
603,267,3,2
603,268,3,2
603,269,3,2
603,270,3,2
603,271,3,2
603,272,3,2
603,273,3,2
603,274,3,2
603,275,3,2
603,276,3,2
603,277,3,2
603,278,3,2
603,279,3,2
603,280,3,2
603,281,3,2
603,282,3,2
603,283,3,2
603,284,3,2
603,285,3,2
603,286,3,2
603,287,3,2
603,288,3,2
603,289,3,2
603,290,3,2
603,291,3,2
603,292,3,2
603,293,3,2
603,294,3,2
603,295,3,2
603,296,3,2
603,297,3,2
603,298,3,2
603,299,3,2
603,300,3,2
603,301,3,2
603,302,3,2
603,303,3,2
603,304,3,2
603,305,3,2
603,306,3,2
603,307,3,2
603,308,3,2
603,309,3,2
603,310,3,2
603,311,3,2
603,312,3,2
603,313,3,2
603,314,3,2
603,315,3,2
603,316,3,2
603,317,3,2
603,318,3,2
603,319,3,2
603,320,3,2
603,321,3,2
603,322,3,2
603,323,3,2
603,324,3,2
603,325,3,2
603,326,3,2
603,327,3,2
603,328,3,2
603,329,3,2
603,330,3,2
603,331,3,2
603,332,3,2
603,333,3,2
603,334,3,2
603,335,3,2
603,336,3,2
603,337,3,2
603,338,3,2
603,339,3,2
603,340,3,2
603,341,3,2
603,342,3,2
603,343,3,2
603,344,3,2
603,345,3,2
603,346,3,2
603,347,3,2
603,348,3,2
603,349,3,2
603,350,3,2
603,351,3,2
603,352,3,2
603,353,3,2
603,354,3,2
603,355,3,2
603,356,3,2
603,357,3,2
603,358,3,2
603,359,3,2
603,360,3,2
603,361,3,2
603,362,3,2
603,363,3,2
603,364,3,2
603,365,3,2
603,366,3,2
603,367,3,2
603,368,3,2
603,369,3,2
603,370,3,2
603,371,3,2
603,372,3,2
603,373,3,2
603,374,3,2
603,375,3,2
603,376,3,2
603,377,3,2
603,378,3,2
603,379,3,2
603,380,3,2
603,381,3,2
603,382,3,2
603,383,3,2
603,384,3,2
603,385,3,2
603,386,3,2
603,387,3,2
603,388,3,2
603,389,3,2
603,390,3,2
603,391,3,2
603,392,3,2
603,393,3,2
603,394,3,2
603,395,3,2
603,396,3,2
603,397,3,2
603,398,3,2
603,399,3,2
603,400,3,2
603,401,3,2
603,402,3,2
603,403,3,2
603,404,3,2
603,405,3,2
603,406,3,2
603,407,3,2
603,408,3,2
603,409,3,2
603,410,3,2
603,411,3,2
603,412,3,2
603,413,3,2
603,414,3,2
603,415,3,2
603,416,3,2
603,417,3,2
603,418,3,2
603,419,3,2
603,420,3,2
603,421,3,2
603,422,3,2
603,423,3,2
603,424,3,2
603,425,3,2
603,426,3,2
603,427,3,2
603,428,3,2
603,429,3,2
603,430,3,2
603,431,3,2
603,432,3,2
603,433,3,2
603,434,3,2
603,435,3,2
603,436,3,2
603,437,3,2
603,438,3,2
603,439,3,2
603,440,3,2
603,441,3,2
603,442,3,2
603,443,3,2
603,444,3,2
603,445,3,2
603,446,3,2
603,447,3,2
603,448,3,2
603,449,3,2
603,450,3,2
603,451,3,2
603,452,3,2
603,453,3,3
603,454,3,3
603,455,3,3
603,456,3,3
603,457,3,3
603,458,3,3
603,459,3,3
603,460,3,3
603,461,3,3
603,462,3,3
603,463,3,3
603,464,3,3
603,465,3,3
603,466,3,3
603,467,3,3
603,468,3,3
603,469,3,3
603,470,3,3
603,471,3,3
603,472,3,3
603,473,3,3
603,474,3,3
603,475,3,3
603,476,3,3
603,477,3,3
603,478,3,3
603,479,3,3
603,480,3,3
603,481,3,3
603,482,3,3
603,483,3,3
603,484,3,3
603,485,3,3
603,486,3,3
603,487,3,3
603,488,3,3
603,489,3,3
603,490,3,3
603,491,3,3
603,492,3,2
603,493,3,2
603,494,3,2
603,495,3,2
603,496,3,2
603,497,3,2
603,498,3,2
603,499,3,2
603,500,3,2
603,501,3,2
603,502,3,2
603,503,3,2
603,504,3,2
603,505,3,2
603,506,3,2
603,507,3,2
603,508,3,2
603,509,3,2
603,510,3,2
603,511,3,2
603,512,3,2
603,513,3,2
603,514,3,2
603,515,3,2
603,516,3,2
603,517,3,2
603,518,3,2
603,519,3,2
603,520,3,2
603,521,3,2
603,522,3,2
603,523,3,2
603,524,3,2
603,525,3,2
603,526,3,2
603,527,3,2
603,528,3,2
603,529,3,2
603,530,3,2
603,531,3,2
603,532,3,2
603,533,3,2
603,534,3,2
603,535,3,2
603,536,3,2
603,537,3,2
603,538,3,2
603,539,3,2
603,540,3,2
603,541,3,2
603,542,3,2
603,543,3,2
603,544,3,2
603,545,3,2
603,546,3,2
603,547,3,2
603,548,3,2
603,549,3,2
603,550,3,2
603,551,3,2
603,552,3,2
603,553,3,2
603,554,3,2
603,555,3,2
603,556,3,2
603,557,3,2
603,558,3,2
603,559,3,2
603,560,3,2
603,561,3,2
603,562,3,2
603,563,3,2
603,564,3,2
603,565,3,2
603,566,3,2
603,567,3,2
603,568,3,2
603,569,3,2
603,570,3,2
603,571,3,2
603,572,3,2
603,573,3,2
603,574,3,2
603,575,3,2
603,576,3,2
603,577,3,2
603,578,3,2
603,579,3,2
603,580,3,2
603,581,3,2
603,582,3,2
603,583,3,2
603,584,3,2
603,585,3,2
603,586,3,2
603,587,3,2
603,588,3,2
603,589,3,2
603,590,3,2
603,591,3,2
603,592,3,2
603,593,3,2
604,102,3,2
604,103,3,2
604,104,3,2
604,105,3,2
604,106,3,2
604,107,3,2
604,108,3,2
604,109,3,2
604,110,3,2
604,111,3,2
604,112,3,2
604,113,3,2
604,114,3,2
604,115,3,2
604,116,3,2
604,117,3,2
604,118,3,2
604,119,3,2
604,120,3,2
604,121,3,2
604,122,3,2
604,123,3,2
604,124,3,2
604,125,3,2
604,126,3,2
604,127,3,2
604,128,3,2
604,129,3,2
604,130,3,2
604,131,3,2
604,132,3,2
604,133,3,2
604,134,3,2
604,135,3,2
604,136,3,2
604,137,3,2
604,138,3,2
604,139,3,2
604,140,3,2
604,141,3,2
604,142,3,2
604,143,3,2
604,144,3,2
604,145,3,2
604,146,3,2
604,147,3,2
604,148,3,2
604,149,3,2
604,150,3,2
604,151,3,2
604,152,3,2
604,153,3,2
604,154,3,2
604,155,3,2
604,156,3,2
604,157,3,2
604,158,3,2
604,159,3,2
604,160,3,2
604,161,3,2
604,162,3,2
604,163,3,2
604,164,3,2
604,165,3,2
604,166,3,2
604,167,3,2
604,168,3,2
604,169,3,2
604,170,3,2
604,171,3,2
604,172,3,2
604,173,3,2
604,174,3,2
604,175,3,2
604,176,3,2
604,177,3,2
604,178,3,2
604,179,3,2
604,180,3,2
604,181,3,2
604,182,3,2
604,183,3,2
604,184,3,2
604,185,3,2
604,186,3,2
604,187,3,2
604,188,3,2
604,189,3,2
604,190,3,2
604,191,3,2
604,192,3,2
604,193,3,2
604,194,3,2
604,195,3,2
604,196,3,2
604,197,3,2
604,198,3,2
604,199,3,2
604,200,3,2
604,201,3,2
604,202,3,2
604,203,3,2
604,204,3,2
604,205,3,2
604,206,3,2
604,207,3,2
604,208,3,2
604,209,3,2
604,210,3,2
604,211,3,2
604,212,3,2
604,213,3,2
604,214,3,2
604,215,3,2
604,216,3,2
604,217,3,2
604,218,3,2
604,219,3,2
604,220,3,2
604,221,3,2
604,222,3,2
604,223,3,2
604,224,3,2
604,225,3,2
604,226,3,2
604,227,3,2
604,228,3,2
604,229,3,2
604,230,3,2
604,231,3,2
604,232,3,2
604,233,3,2
604,234,3,2
604,235,3,2
604,236,3,2
604,237,3,2
604,238,3,2
604,239,3,2
604,240,3,2
604,241,3,2
604,242,3,2
604,243,3,2
604,244,3,2
604,245,3,2
604,246,3,2
604,247,3,2
604,248,3,2
604,249,3,2
604,250,3,2
604,251,3,2
604,252,3,2
604,253,3,2
604,254,3,2
604,255,3,2
604,256,3,2
604,257,3,2
604,258,3,2
604,259,3,2
604,260,3,2
604,261,3,2
604,262,3,2
604,263,3,2
604,264,3,2
604,265,3,2
604,266,3,2
604,267,3,2
604,268,3,2
604,269,3,2
604,270,3,2
604,271,3,2
604,272,3,2
604,273,3,2
604,274,3,2
604,275,3,2
604,276,3,2
604,277,3,2
604,278,3,2
604,279,3,2
604,280,3,2
604,281,3,2
604,282,3,2
604,283,3,2
604,284,3,2
604,285,3,2
604,286,3,2
604,287,3,2
604,288,3,2
604,289,3,2
604,290,3,2
604,291,3,2
604,292,3,2
604,293,3,2
604,294,3,2
604,295,3,2
604,296,3,2
604,297,3,2
604,298,3,2
604,299,3,2
604,300,3,2
604,301,3,2
604,302,3,2
604,303,3,2
604,304,3,2
604,305,3,2
604,306,3,2
604,307,3,2
604,308,3,2
604,309,3,2
604,310,3,2
604,311,3,2
604,312,3,2
604,313,3,2
604,314,3,2
604,315,3,2
604,316,3,2
604,317,3,2
604,318,3,2
604,319,3,2
604,320,3,2
604,321,3,2
604,322,3,2
604,323,3,2
604,324,3,2
604,325,3,2
604,326,3,2
604,327,3,2
604,328,3,2
604,329,3,2
604,330,3,2
604,331,3,2
604,332,3,2
604,333,3,2
604,334,3,2
604,335,3,2
604,336,3,2
604,337,3,2
604,338,3,2
604,339,3,2
604,340,3,2
604,341,3,2
604,342,3,2
604,343,3,2
604,344,3,2
604,345,3,2
604,346,3,2
604,347,3,2
604,348,3,2
604,349,3,2
604,350,3,2
604,351,3,2
604,352,3,2
604,353,3,2
604,354,3,2
604,355,3,2
604,356,3,2
604,357,3,2
604,358,3,2
604,359,3,2
604,360,3,2
604,361,3,2
604,362,3,2
604,363,3,2
604,364,3,2
604,365,3,2
604,366,3,2
604,367,3,2
604,368,3,2
604,369,3,2
604,370,3,2
604,371,3,2
604,372,3,2
604,373,3,2
604,374,3,2
604,375,3,2
604,376,3,2
604,377,3,2
604,378,3,2
604,379,3,2
604,380,3,2
604,381,3,2
604,382,3,2
604,383,3,2
604,384,3,2
604,385,3,2
604,386,3,2
604,387,3,2
604,388,3,2
604,389,3,2
604,390,3,2
604,391,3,2
604,392,3,2
604,393,3,2
604,394,3,2
604,395,3,2
604,396,3,2
604,397,3,2
604,398,3,2
604,399,3,2
604,400,3,2
604,401,3,2
604,402,3,2
604,403,3,2
604,404,3,2
604,405,3,2
604,406,3,2
604,407,3,2
604,408,3,2
604,409,3,2
604,410,3,2
604,411,3,2
604,412,3,2
604,413,3,2
604,414,3,2
604,415,3,2
604,416,3,2
604,417,3,2
604,418,3,2
604,419,3,2
604,420,3,2
604,421,3,2
604,422,3,2
604,423,3,2
604,424,3,2
604,425,3,2
604,426,3,2
604,427,3,2
604,428,3,2
604,429,3,2
604,430,3,2
604,431,3,2
604,432,3,2
604,433,3,2
604,434,3,2
604,435,3,2
604,436,3,2
604,437,3,2
604,438,3,2
604,439,3,2
604,440,3,2
604,441,3,2
604,442,3,2
604,443,3,2
604,444,3,2
604,445,3,2
604,446,3,2
604,447,3,2
604,448,3,2
604,449,3,2
604,450,3,2
604,451,3,2
604,452,3,2
604,453,3,3
604,454,3,3
604,455,3,3
604,456,3,3
604,457,3,3
604,458,3,3
604,459,3,3
604,460,3,3
604,461,3,3
604,462,3,3
604,463,3,3
604,464,3,3
604,465,3,3
604,466,3,3
604,467,3,3
604,468,3,3
604,469,3,3
604,470,3,3
604,471,3,3
604,472,3,3
604,473,3,3
604,474,3,3
604,475,3,3
604,476,3,3
604,477,3,3
604,478,3,3
604,479,3,3
604,480,3,3
604,481,3,3
604,482,3,3
604,483,3,3
604,484,3,3
604,485,3,3
604,486,3,3
604,487,3,3
604,488,3,3
604,489,3,3
604,490,3,3
604,491,3,2
604,492,3,2
604,493,3,2
604,494,3,2
604,495,3,2
604,496,3,2
604,497,3,2
604,498,3,2
604,499,3,2
604,500,3,2
604,501,3,2
604,502,3,2
604,503,3,2
604,504,3,2
604,505,3,2
604,506,3,2
604,507,3,2
604,508,3,2
604,509,3,2
604,510,3,2
604,511,3,2
604,512,3,2
604,513,3,2
604,514,3,2
604,515,3,2
604,516,3,2
604,517,3,2
604,518,3,2
604,519,3,2
604,520,3,2
604,521,3,2
604,522,3,2
604,523,3,2
604,524,3,2
604,525,3,2
604,526,3,2
604,527,3,2
604,528,3,2
604,529,3,2
604,530,3,2
604,531,3,2
604,532,3,2
604,533,3,2
604,534,3,2
604,535,3,2
604,536,3,2
604,537,3,2
604,538,3,2
604,539,3,2
604,540,3,2
604,541,3,2
604,542,3,2
604,543,3,2
604,544,3,2
604,545,3,2
604,546,3,2
604,547,3,2
604,548,3,2
604,549,3,2
604,550,3,2
604,551,3,2
604,552,3,2
604,553,3,2
604,554,3,2
604,555,3,2
604,556,3,2
604,557,3,2
604,558,3,2
604,559,3,2
604,560,3,2
604,561,3,2
604,562,3,2
604,563,3,2
604,564,3,2
604,565,3,2
604,566,3,2
604,567,3,2
604,568,3,2
604,569,3,2
604,570,3,2
604,571,3,2
604,572,3,2
604,573,3,2
604,574,3,2
604,575,3,2
604,576,3,2
604,577,3,2
604,578,3,2
604,579,3,2
604,580,3,2
604,581,3,2
604,582,3,2
604,583,3,2
604,584,3,2
604,585,3,2
604,586,3,2
604,587,3,2
604,588,3,2
604,589,3,2
604,590,3,2
604,591,3,2
604,592,3,2
605,103,3,2
605,104,3,2
605,105,3,2
605,106,3,2
605,107,3,2
605,108,3,2
605,109,3,2
605,110,3,2
605,111,3,2
605,112,3,2
605,113,3,2
605,114,3,2
605,115,3,2
605,116,3,2
605,117,3,2
605,118,3,2
605,119,3,2
605,120,3,2
605,121,3,2
605,122,3,2
605,123,3,2
605,124,3,2
605,125,3,2
605,126,3,2
605,127,3,2
605,128,3,2
605,129,3,2
605,130,3,2
605,131,3,2
605,132,3,2
605,133,3,2
605,134,3,2
605,135,3,2
605,136,3,2
605,137,3,2
605,138,3,2
605,139,3,2
605,140,3,2
605,141,3,2
605,142,3,2
605,143,3,2
605,144,3,2
605,145,3,2
605,146,3,2
605,147,3,2
605,148,3,2
605,149,3,2
605,150,3,2
605,151,3,2
605,152,3,2
605,153,3,2
605,154,3,2
605,155,3,2
605,156,3,2
605,157,3,2
605,158,3,2
605,159,3,2
605,160,3,2
605,161,3,2
605,162,3,2
605,163,3,2
605,164,3,2
605,165,3,2
605,166,3,2
605,167,3,2
605,168,3,2
605,169,3,2
605,170,3,2
605,171,3,2
605,172,3,2
605,173,3,2
605,174,3,2
605,175,3,2
605,176,3,2
605,177,3,2
605,178,3,2
605,179,3,2
605,180,3,2
605,181,3,2
605,182,3,2
605,183,3,2
605,184,3,2
605,185,3,2
605,186,3,2
605,187,3,2
605,188,3,2
605,189,3,2
605,190,3,2
605,191,3,2
605,192,3,2
605,193,3,2
605,194,3,2
605,195,3,2
605,196,3,2
605,197,3,2
605,198,3,2
605,199,3,2
605,200,3,2
605,201,3,2
605,202,3,2
605,203,3,2
605,204,3,2
605,205,3,2
605,206,3,2
605,207,3,2
605,208,3,2
605,209,3,2
605,210,3,2
605,211,3,2
605,212,3,2
605,213,3,2
605,214,3,2
605,215,3,2
605,216,3,2
605,217,3,2
605,218,3,2
605,219,3,2
605,220,3,2
605,221,3,2
605,222,3,2
605,223,3,2
605,224,3,2
605,225,3,2
605,226,3,2
605,227,3,2
605,228,3,2
605,229,3,2
605,230,3,2
605,231,3,2
605,232,3,2
605,233,3,2
605,234,3,2
605,235,3,2
605,236,3,2
605,237,3,2
605,238,3,2
605,239,3,2
605,240,3,2
605,241,3,2
605,242,3,2
605,243,3,2
605,244,3,2
605,245,3,2
605,246,3,2
605,247,3,2
605,248,3,2
605,249,3,2
605,250,3,2
605,251,3,2
605,252,3,2
605,253,3,2
605,254,3,2
605,255,3,2
605,256,3,2
605,257,3,2
605,258,3,2
605,259,3,2
605,260,3,2
605,261,3,2
605,262,3,2
605,263,3,2
605,264,3,2
605,265,3,2
605,266,3,2
605,267,3,2
605,268,3,2
605,269,3,2
605,270,3,2
605,271,3,2
605,272,3,2
605,273,3,2
605,274,3,2
605,275,3,2
605,276,3,2
605,277,3,2
605,278,3,2
605,279,3,2
605,280,3,2
605,281,3,2
605,282,3,2
605,283,3,2
605,284,3,2
605,285,3,2
605,286,3,2
605,287,3,2
605,288,3,2
605,289,3,2
605,290,3,2
605,291,3,2
605,292,3,2
605,293,3,2
605,294,3,2
605,295,3,2
605,296,3,2
605,297,3,2
605,298,3,2
605,299,3,2
605,300,3,2
605,301,3,2
605,302,3,2
605,303,3,2
605,304,3,2
605,305,3,2
605,306,3,2
605,307,3,2
605,308,3,2
605,309,3,2
605,310,3,2
605,311,3,2
605,312,3,2
605,313,3,2
605,314,3,2
605,315,3,2
605,316,3,2
605,317,3,2
605,318,3,2
605,319,3,2
605,320,3,2
605,321,3,2
605,322,3,2
605,323,3,2
605,324,3,2
605,325,3,2
605,326,3,2
605,327,3,2
605,328,3,2
605,329,3,2
605,330,3,2
605,331,3,2
605,332,3,2
605,333,3,2
605,334,3,2
605,335,3,2
605,336,3,2
605,337,3,2
605,338,3,2
605,339,3,2
605,340,3,2
605,341,3,2
605,342,3,2
605,343,3,2
605,344,3,2
605,345,3,2
605,346,3,2
605,347,3,2
605,348,3,2
605,349,3,2
605,350,3,2
605,351,3,2
605,352,3,2
605,353,3,2
605,354,3,2
605,355,3,2
605,356,3,2
605,357,3,2
605,358,3,2
605,359,3,2
605,360,3,2
605,361,3,2
605,362,3,2
605,363,3,2
605,364,3,2
605,365,3,2
605,366,3,2
605,367,3,2
605,368,3,2
605,369,3,2
605,370,3,2
605,371,3,2
605,372,3,2
605,373,3,2
605,374,3,2
605,375,3,2
605,376,3,2
605,377,3,2
605,378,3,2
605,379,3,2
605,380,3,2
605,381,3,2
605,382,3,2
605,383,3,2
605,384,3,2
605,385,3,2
605,386,3,2
605,387,3,2
605,388,3,2
605,389,3,2
605,390,3,2
605,391,3,2
605,392,3,2
605,393,3,2
605,394,3,2
605,395,3,2
605,396,3,2
605,397,3,2
605,398,3,2
605,399,3,2
605,400,3,2
605,401,3,2
605,402,3,2
605,403,3,2
605,404,3,2
605,405,3,2
605,406,3,2
605,407,3,2
605,408,3,2
605,409,3,2
605,410,3,2
605,411,3,2
605,412,3,2
605,413,3,2
605,414,3,2
605,415,3,2
605,416,3,2
605,417,3,2
605,418,3,2
605,419,3,2
605,420,3,2
605,421,3,2
605,422,3,2
605,423,3,2
605,424,3,2
605,425,3,2
605,426,3,2
605,427,3,2
605,428,3,2
605,429,3,2
605,430,3,2
605,431,3,2
605,432,3,2
605,433,3,2
605,434,3,2
605,435,3,2
605,436,3,2
605,437,3,2
605,438,3,2
605,439,3,2
605,440,3,2
605,441,3,2
605,442,3,2
605,443,3,2
605,444,3,2
605,445,3,2
605,446,3,2
605,447,3,2
605,448,3,2
605,449,3,2
605,450,3,2
605,451,3,2
605,452,3,2
605,453,3,3
605,454,3,3
605,455,3,3
605,456,3,3
605,457,3,3
605,458,3,3
605,459,3,3
605,460,3,3
605,461,3,3
605,462,3,3
605,463,3,3
605,464,3,3
605,465,3,3
605,466,3,3
605,467,3,3
605,468,3,3
605,469,3,3
605,470,3,3
605,471,3,3
605,472,3,3
605,473,3,3
605,474,3,3
605,475,3,3
605,476,3,3
605,477,3,3
605,478,3,3
605,479,3,3
605,480,3,3
605,481,3,3
605,482,3,3
605,483,3,2
605,484,3,2
605,485,3,2
605,486,3,2
605,487,3,2
605,488,3,2
605,489,3,2
605,490,3,2
605,491,3,2
605,492,3,2
605,493,3,2
605,494,3,2
605,495,3,2
605,496,3,2
605,497,3,2
605,498,3,2
605,499,3,2
605,500,3,2
605,501,3,2
605,502,3,2
605,503,3,2
605,504,3,2
605,505,3,2
605,506,3,2
605,507,3,2
605,508,3,2
605,509,3,2
605,510,3,2
605,511,3,2
605,512,3,2
605,513,3,2
605,514,3,2
605,515,3,2
605,516,3,2
605,517,3,2
605,518,3,2
605,519,3,2
605,520,3,2
605,521,3,2
605,522,3,2
605,523,3,2
605,524,3,2
605,525,3,2
605,526,3,2
605,527,3,2
605,528,3,2
605,529,3,2
605,530,3,2
605,531,3,2
605,532,3,2
605,533,3,2
605,534,3,2
605,535,3,2
605,536,3,2
605,537,3,2
605,538,3,2
605,539,3,2
605,540,3,2
605,541,3,2
605,542,3,2
605,543,3,2
605,544,3,2
605,545,3,2
605,546,3,2
605,547,3,2
605,548,3,2
605,549,3,2
605,550,3,2
605,551,3,2
605,552,3,2
605,553,3,2
605,554,3,2
605,555,3,2
605,556,3,2
605,557,3,2
605,558,3,2
605,559,3,2
605,560,3,2
605,561,3,2
605,562,3,2
605,563,3,2
605,564,3,2
605,565,3,2
605,566,3,2
605,567,3,2
605,568,3,2
605,569,3,2
605,570,3,2
605,571,3,2
605,572,3,2
605,573,3,2
605,574,3,2
605,575,3,2
605,576,3,2
605,577,3,2
605,578,3,2
605,579,3,2
605,580,3,2
605,581,3,2
605,582,3,2
605,583,3,2
605,584,3,2
605,585,3,2
605,586,3,2
605,587,3,2
605,588,3,2
605,589,3,2
605,590,3,2
605,591,3,2
606,104,3,2
606,105,3,2
606,106,3,2
606,107,3,2
606,108,3,2
606,109,3,2
606,110,3,2
606,111,3,2
606,112,3,2
606,113,3,2
606,114,3,2
606,115,3,2
606,116,3,2
606,117,3,2
606,118,3,2
606,119,3,2
606,120,3,2
606,121,3,2
606,122,3,2
606,123,3,2
606,124,3,2
606,125,3,2
606,126,3,2
606,127,3,2
606,128,3,2
606,129,3,2
606,130,3,2
606,131,3,2
606,132,3,2
606,133,3,2
606,134,3,2
606,135,3,2
606,136,3,2
606,137,3,2
606,138,3,2
606,139,3,2
606,140,3,2
606,141,3,2
606,142,3,2
606,143,3,2
606,144,3,2
606,145,3,2
606,146,3,2
606,147,3,2
606,148,3,2
606,149,3,2
606,150,3,2
606,151,3,2
606,152,3,2
606,153,3,2
606,154,3,2
606,155,3,2
606,156,3,2
606,157,3,2
606,158,3,2
606,159,3,2
606,160,3,2
606,161,3,2
606,162,3,2
606,163,3,2
606,164,3,2
606,165,3,2
606,166,3,2
606,167,3,2
606,168,3,2
606,169,3,2
606,170,3,2
606,171,3,2
606,172,3,2
606,173,3,2
606,174,3,2
606,175,3,2
606,176,3,2
606,177,3,2
606,178,3,2
606,179,3,2
606,180,3,2
606,181,3,2
606,182,3,2
606,183,3,2
606,184,3,2
606,185,3,2
606,186,3,2
606,187,3,2
606,188,3,2
606,189,3,2
606,190,3,2
606,191,3,2
606,192,3,2
606,193,3,2
606,194,3,2
606,195,3,2
606,196,3,2
606,197,3,2
606,198,3,2
606,199,3,2
606,200,3,2
606,201,3,2
606,202,3,2
606,203,3,2
606,204,3,2
606,205,3,2
606,206,3,2
606,207,3,2
606,208,3,2
606,209,3,2
606,210,3,2
606,211,3,2
606,212,3,2
606,213,3,2
606,214,3,2
606,215,3,2
606,216,3,2
606,217,3,2
606,218,3,2
606,219,3,2
606,220,3,2
606,221,3,2
606,222,3,2
606,223,3,2
606,224,3,2
606,225,3,2
606,226,3,2
606,227,3,2
606,228,3,2
606,229,3,2
606,230,3,2
606,231,3,2
606,232,3,2
606,233,3,2
606,234,3,2
606,235,3,2
606,236,3,2
606,237,3,2
606,238,3,2
606,239,3,2
606,240,3,2
606,241,3,2
606,242,3,2
606,243,3,2
606,244,3,2
606,245,3,2
606,246,3,2
606,247,3,2
606,248,3,2
606,249,3,2
606,250,3,2
606,251,3,2
606,252,3,2
606,253,3,2
606,254,3,2
606,255,3,2
606,256,3,2
606,257,3,2
606,258,3,2
606,259,3,2
606,260,3,2
606,261,3,2
606,262,3,2
606,263,3,2
606,264,3,2
606,265,3,2
606,266,3,2
606,267,3,2
606,268,3,2
606,269,3,2
606,270,3,2
606,271,3,2
606,272,3,2
606,273,3,2
606,274,3,2
606,275,3,2
606,276,3,2
606,277,3,2
606,278,3,2
606,279,3,2
606,280,3,2
606,281,3,2
606,282,3,2
606,283,3,2
606,284,3,2
606,285,3,2
606,286,3,2
606,287,3,2
606,288,3,2
606,289,3,2
606,290,3,2
606,291,3,2
606,292,3,2
606,293,3,2
606,294,3,2
606,295,3,2
606,296,3,2
606,297,3,2
606,298,3,2
606,299,3,2
606,300,3,2
606,301,3,2
606,302,3,2
606,303,3,2
606,304,3,2
606,305,3,2
606,306,3,2
606,307,3,2
606,308,3,2
606,309,3,2
606,310,3,2
606,311,3,2
606,312,3,2
606,313,3,2
606,314,3,2
606,315,3,2
606,316,3,2
606,317,3,2
606,318,3,2
606,319,3,2
606,320,3,2
606,321,3,2
606,322,3,2
606,323,3,2
606,324,3,2
606,325,3,2
606,326,3,2
606,327,3,2
606,328,3,2
606,329,3,2
606,330,3,2
606,331,3,2
606,332,3,2
606,333,3,2
606,334,3,2
606,335,3,2
606,336,3,2
606,337,3,2
606,338,3,2
606,339,3,2
606,340,3,2
606,341,3,2
606,342,3,2
606,343,3,2
606,344,3,2
606,345,3,2
606,346,3,2
606,347,3,2
606,348,3,2
606,349,3,2
606,350,3,2
606,351,3,2
606,352,3,2
606,353,3,2
606,354,3,2
606,355,3,2
606,356,3,2
606,357,3,2
606,358,3,2
606,359,3,2
606,360,3,2
606,361,3,2
606,362,3,2
606,363,3,2
606,364,3,2
606,365,3,2
606,366,3,2
606,367,3,2
606,368,3,2
606,369,3,2
606,370,3,2
606,371,3,2
606,372,3,2
606,373,3,2
606,374,3,2
606,375,3,2
606,376,3,2
606,377,3,2
606,378,3,2
606,379,3,2
606,380,3,2
606,381,3,2
606,382,3,2
606,383,3,2
606,384,3,2
606,385,3,2
606,386,3,2
606,387,3,2
606,388,3,2
606,389,3,2
606,390,3,2
606,391,3,2
606,392,3,2
606,393,3,2
606,394,3,2
606,395,3,2
606,396,3,2
606,397,3,2
606,398,3,2
606,399,3,2
606,400,3,2
606,401,3,2
606,402,3,2
606,403,3,2
606,404,3,2
606,405,3,2
606,406,3,2
606,407,3,2
606,408,3,2
606,409,3,2
606,410,3,2
606,411,3,2
606,412,3,2
606,413,3,2
606,414,3,2
606,415,3,2
606,416,3,2
606,417,3,2
606,418,3,2
606,419,3,2
606,420,3,2
606,421,3,2
606,422,3,2
606,423,3,2
606,424,3,2
606,425,3,2
606,426,3,2
606,427,3,2
606,428,3,2
606,429,3,2
606,430,3,2
606,431,3,2
606,432,3,2
606,433,3,2
606,434,3,2
606,435,3,2
606,436,3,2
606,437,3,2
606,438,3,2
606,439,3,2
606,440,3,2
606,441,3,2
606,442,3,2
606,443,3,2
606,444,3,2
606,445,3,2
606,446,3,2
606,447,3,2
606,448,3,2
606,449,3,2
606,450,3,2
606,451,3,2
606,452,3,2
606,453,3,2
606,454,3,3
606,455,3,3
606,456,3,3
606,457,3,3
606,458,3,3
606,459,3,3
606,460,3,3
606,461,3,3
606,462,3,3
606,463,3,3
606,464,3,3
606,465,3,3
606,466,3,3
606,467,3,3
606,468,3,3
606,469,3,3
606,470,3,2
606,471,3,2
606,472,3,2
606,473,3,2
606,474,3,2
606,475,3,2
606,476,3,2
606,477,3,2
606,478,3,2
606,479,3,3
606,480,3,2
606,481,3,2
606,482,3,2
606,483,3,2
606,484,3,2
606,485,3,2
606,486,3,2
606,487,3,2
606,488,3,2
606,489,3,2
606,490,3,2
606,491,3,2
606,492,3,2
606,493,3,2
606,494,3,2
606,495,3,2
606,496,3,2
606,497,3,2
606,498,3,2
606,499,3,2
606,500,3,2
606,501,3,2
606,502,3,2
606,503,3,2
606,504,3,2
606,505,3,2
606,506,3,2
606,507,3,2
606,508,3,2
606,509,3,2
606,510,3,2
606,511,3,2
606,512,3,2
606,513,3,2
606,514,3,2
606,515,3,2
606,516,3,2
606,517,3,2
606,518,3,2
606,519,3,2
606,520,3,2
606,521,3,2
606,522,3,2
606,523,3,2
606,524,3,2
606,525,3,2
606,526,3,2
606,527,3,2
606,528,3,2
606,529,3,2
606,530,3,2
606,531,3,2
606,532,3,2
606,533,3,2
606,534,3,2
606,535,3,2
606,536,3,2
606,537,3,2
606,538,3,2
606,539,3,2
606,540,3,2
606,541,3,2
606,542,3,2
606,543,3,2
606,544,3,2
606,545,3,2
606,546,3,2
606,547,3,2
606,548,3,2
606,549,3,2
606,550,3,2
606,551,3,2
606,552,3,2
606,553,3,2
606,554,3,2
606,555,3,2
606,556,3,2
606,557,3,2
606,558,3,2
606,559,3,2
606,560,3,2
606,561,3,2
606,562,3,2
606,563,3,2
606,564,3,2
606,565,3,2
606,566,3,2
606,567,3,2
606,568,3,2
606,569,3,2
606,570,3,2
606,571,3,2
606,572,3,2
606,573,3,2
606,574,3,2
606,575,3,2
606,576,3,2
606,577,3,2
606,578,3,2
606,579,3,2
606,580,3,2
606,581,3,2
606,582,3,2
606,583,3,2
606,584,3,2
606,585,3,2
606,586,3,2
606,587,3,2
606,588,3,2
606,589,3,2
606,590,3,2
607,104,3,2
607,105,3,2
607,106,3,2
607,107,3,2
607,108,3,2
607,109,3,2
607,110,3,2
607,111,3,2
607,112,3,2
607,113,3,2
607,114,3,2
607,115,3,2
607,116,3,2
607,117,3,2
607,118,3,2
607,119,3,2
607,120,3,2
607,121,3,2
607,122,3,2
607,123,3,2
607,124,3,2
607,125,3,2
607,126,3,2
607,127,3,2
607,128,3,2
607,129,3,2
607,130,3,2
607,131,3,2
607,132,3,2
607,133,3,2
607,134,3,2
607,135,3,2
607,136,3,2
607,137,3,2
607,138,3,2
607,139,3,2
607,140,3,2
607,141,3,2
607,142,3,2
607,143,3,2
607,144,3,2
607,145,3,2
607,146,3,2
607,147,3,2
607,148,3,2
607,149,3,2
607,150,3,2
607,151,3,2
607,152,3,2
607,153,3,2
607,154,3,2
607,155,3,2
607,156,3,2
607,157,3,2
607,158,3,2
607,159,3,2
607,160,3,2
607,161,3,2
607,162,3,2
607,163,3,2
607,164,3,2
607,165,3,2
607,166,3,2
607,167,3,2
607,168,3,2
607,169,3,2
607,170,3,2
607,171,3,2
607,172,3,2
607,173,3,2
607,174,3,2
607,175,3,2
607,176,3,2
607,177,3,2
607,178,3,2
607,179,3,2
607,180,3,2
607,181,3,2
607,182,3,2
607,183,3,2
607,184,3,2
607,185,3,2
607,186,3,2
607,187,3,2
607,188,3,2
607,189,3,2
607,190,3,2
607,191,3,2
607,192,3,2
607,193,3,2
607,194,3,2
607,195,3,2
607,196,3,2
607,197,3,2
607,198,3,2
607,199,3,2
607,200,3,2
607,201,3,2
607,202,3,2
607,203,3,2
607,204,3,2
607,205,3,2
607,206,3,2
607,207,3,2
607,208,3,2
607,209,3,2
607,210,3,2
607,211,3,2
607,212,3,2
607,213,3,2
607,214,3,2
607,215,3,2
607,216,3,2
607,217,3,2
607,218,3,2
607,219,3,2
607,220,3,2
607,221,3,2
607,222,3,2
607,223,3,2
607,224,3,2
607,225,3,2
607,226,3,2
607,227,3,2
607,228,3,2
607,229,3,2
607,230,3,2
607,231,3,2
607,232,3,2
607,233,3,2
607,234,3,2
607,235,3,2
607,236,3,2
607,237,3,2
607,238,3,2
607,239,3,2
607,240,3,2
607,241,3,2
607,242,3,2
607,243,3,2
607,244,3,2
607,245,3,2
607,246,3,2
607,247,3,2
607,248,3,2
607,249,3,2
607,250,3,2
607,251,3,2
607,252,3,2
607,253,3,2
607,254,3,2
607,255,3,2
607,256,3,2
607,257,3,2
607,258,3,2
607,259,3,2
607,260,3,2
607,261,3,2
607,262,3,2
607,263,3,2
607,264,3,2
607,265,3,2
607,266,3,2
607,267,3,2
607,268,3,2
607,269,3,2
607,270,3,2
607,271,3,2
607,272,3,2
607,273,3,2
607,274,3,2
607,275,3,2
607,276,3,2
607,277,3,2
607,278,3,2
607,279,3,2
607,280,3,2
607,281,3,2
607,282,3,2
607,283,3,2
607,284,3,2
607,285,3,2
607,286,3,2
607,287,3,2
607,288,3,2
607,289,3,2
607,290,3,2
607,291,3,2
607,292,3,2
607,293,3,2
607,294,3,2
607,295,3,2
607,296,3,2
607,297,3,2
607,298,3,2
607,299,3,2
607,300,3,2
607,301,3,2
607,302,3,2
607,303,3,2
607,304,3,2
607,305,3,2
607,306,3,2
607,307,3,2
607,308,3,2
607,309,3,2
607,310,3,2
607,311,3,2
607,312,3,2
607,313,3,2
607,314,3,2
607,315,3,2
607,316,3,2
607,317,3,2
607,318,3,2
607,319,3,2
607,320,3,2
607,321,3,2
607,322,3,2
607,323,3,2
607,324,3,2
607,325,3,2
607,326,3,2
607,327,3,2
607,328,3,2
607,329,3,2
607,330,3,2
607,331,3,2
607,332,3,2
607,333,3,2
607,334,3,2
607,335,3,2
607,336,3,2
607,337,3,2
607,338,3,2
607,339,3,2
607,340,3,2
607,341,3,2
607,342,3,2
607,343,3,2
607,344,3,2
607,345,3,2
607,346,3,2
607,347,3,2
607,348,3,2
607,349,3,2
607,350,3,2
607,351,3,2
607,352,3,2
607,353,3,2
607,354,3,2
607,355,3,2
607,356,3,2
607,357,3,2
607,358,3,2
607,359,3,2
607,360,3,2
607,361,3,2
607,362,3,2
607,363,3,2
607,364,3,2
607,365,3,2
607,366,3,2
607,367,3,2
607,368,3,2
607,369,3,2
607,370,3,2
607,371,3,2
607,372,3,2
607,373,3,2
607,374,3,2
607,375,3,2
607,376,3,2
607,377,3,2
607,378,3,2
607,379,3,2
607,380,3,2
607,381,3,2
607,382,3,2
607,383,3,2
607,384,3,2
607,385,3,2
607,386,3,2
607,387,3,2
607,388,3,2
607,389,3,2
607,390,3,2
607,391,3,2
607,392,3,2
607,393,3,2
607,394,3,2
607,395,3,2
607,396,3,2
607,397,3,2
607,398,3,2
607,399,3,2
607,400,3,2
607,401,3,2
607,402,3,2
607,403,3,2
607,404,3,2
607,405,3,2
607,406,3,2
607,407,3,2
607,408,3,2
607,409,3,2
607,410,3,2
607,411,3,2
607,412,3,2
607,413,3,2
607,414,3,2
607,415,3,2
607,416,3,2
607,417,3,2
607,418,3,2
607,419,3,2
607,420,3,2
607,421,3,2
607,422,3,2
607,423,3,2
607,424,3,2
607,425,3,2
607,426,3,2
607,427,3,2
607,428,3,2
607,429,3,2
607,430,3,2
607,431,3,2
607,432,3,2
607,433,3,2
607,434,3,2
607,435,3,2
607,436,3,2
607,437,3,2
607,438,3,2
607,439,3,2
607,440,3,2
607,441,3,2
607,442,3,2
607,443,3,2
607,444,3,2
607,445,3,2
607,446,3,2
607,447,3,2
607,448,3,2
607,449,3,2
607,450,3,2
607,451,3,2
607,452,3,2
607,453,3,2
607,454,3,2
607,455,3,3
607,456,3,3
607,457,3,3
607,458,3,3
607,459,3,3
607,460,3,3
607,461,3,3
607,462,3,3
607,463,3,3
607,464,3,3
607,465,3,3
607,466,3,3
607,467,3,3
607,468,3,3
607,469,3,2
607,470,3,2
607,471,3,2
607,472,3,2
607,473,3,2
607,474,3,2
607,475,3,2
607,476,3,2
607,477,3,2
607,478,3,2
607,479,3,2
607,480,3,2
607,481,3,2
607,482,3,2
607,483,3,2
607,484,3,2
607,485,3,2
607,486,3,2
607,487,3,2
607,488,3,2
607,489,3,2
607,490,3,2
607,491,3,2
607,492,3,2
607,493,3,2
607,494,3,2
607,495,3,2
607,496,3,2
607,497,3,2
607,498,3,2
607,499,3,2
607,500,3,2
607,501,3,2
607,502,3,2
607,503,3,2
607,504,3,2
607,505,3,2
607,506,3,2
607,507,3,2
607,508,3,2
607,509,3,2
607,510,3,2
607,511,3,2
607,512,3,2
607,513,3,2
607,514,3,2
607,515,3,2
607,516,3,2
607,517,3,2
607,518,3,2
607,519,3,2
607,520,3,2
607,521,3,2
607,522,3,2
607,523,3,2
607,524,3,2
607,525,3,2
607,526,3,2
607,527,3,2
607,528,3,2
607,529,3,2
607,530,3,2
607,531,3,2
607,532,3,2
607,533,3,2
607,534,3,2
607,535,3,2
607,536,3,2
607,537,3,2
607,538,3,2
607,539,3,2
607,540,3,2
607,541,3,2
607,542,3,2
607,543,3,2
607,544,3,2
607,545,3,2
607,546,3,2
607,547,3,2
607,548,3,2
607,549,3,2
607,550,3,2
607,551,3,2
607,552,3,2
607,553,3,2
607,554,3,2
607,555,3,2
607,556,3,2
607,557,3,2
607,558,3,2
607,559,3,2
607,560,3,2
607,561,3,2
607,562,3,2
607,563,3,2
607,564,3,2
607,565,3,2
607,566,3,2
607,567,3,2
607,568,3,2
607,569,3,2
607,570,3,2
607,571,3,2
607,572,3,2
607,573,3,2
607,574,3,2
607,575,3,2
607,576,3,2
607,577,3,2
607,578,3,2
607,579,3,2
607,580,3,2
607,581,3,2
607,582,3,2
607,583,3,2
607,584,3,2
607,585,3,2
607,586,3,2
607,587,3,2
607,588,3,2
608,105,3,2
608,106,3,2
608,107,3,2
608,108,3,2
608,109,3,2
608,110,3,2
608,111,3,2
608,112,3,2
608,113,3,2
608,114,3,2
608,115,3,2
608,116,3,2
608,117,3,2
608,118,3,2
608,119,3,2
608,120,3,2
608,121,3,2
608,122,3,2
608,123,3,2
608,124,3,2
608,125,3,2
608,126,3,2
608,127,3,2
608,128,3,2
608,129,3,2
608,130,3,2
608,131,3,2
608,132,3,2
608,133,3,2
608,134,3,2
608,135,3,2
608,136,3,2
608,137,3,2
608,138,3,2
608,139,3,2
608,140,3,2
608,141,3,2
608,142,3,2
608,143,3,2
608,144,3,2
608,145,3,2
608,146,3,2
608,147,3,2
608,148,3,2
608,149,3,2
608,150,3,2
608,151,3,2
608,152,3,2
608,153,3,2
608,154,3,2
608,155,3,2
608,156,3,2
608,157,3,2
608,158,3,2
608,159,3,2
608,160,3,2
608,161,3,2
608,162,3,2
608,163,3,2
608,164,3,2
608,165,3,2
608,166,3,2
608,167,3,2
608,168,3,2
608,169,3,2
608,170,3,2
608,171,3,2
608,172,3,2
608,173,3,2
608,174,3,2
608,175,3,2
608,176,3,2
608,177,3,2
608,178,3,2
608,179,3,2
608,180,3,2
608,181,3,2
608,182,3,2
608,183,3,2
608,184,3,2
608,185,3,2
608,186,3,2
608,187,3,2
608,188,3,2
608,189,3,2
608,190,3,2
608,191,3,2
608,192,3,2
608,193,3,2
608,194,3,2
608,195,3,2
608,196,3,2
608,197,3,2
608,198,3,2
608,199,3,2
608,200,3,2
608,201,3,2
608,202,3,2
608,203,3,2
608,204,3,2
608,205,3,2
608,206,3,2
608,207,3,2
608,208,3,2
608,209,3,2
608,210,3,2
608,211,3,2
608,212,3,2
608,213,3,2
608,214,3,2
608,215,3,2
608,216,3,2
608,217,3,2
608,218,3,2
608,219,3,2
608,220,3,2
608,221,3,2
608,222,3,2
608,223,3,2
608,224,3,2
608,225,3,2
608,226,3,2
608,227,3,2
608,228,3,2
608,229,3,2
608,230,3,2
608,231,3,2
608,232,3,2
608,233,3,2
608,234,3,2
608,235,3,2
608,236,3,2
608,237,3,2
608,238,3,2
608,239,3,2
608,240,3,2
608,241,3,2
608,242,3,2
608,243,3,2
608,244,3,2
608,245,3,2
608,246,3,2
608,247,3,2
608,248,3,2
608,249,3,2
608,250,3,2
608,251,3,2
608,252,3,2
608,253,3,2
608,254,3,2
608,255,3,2
608,256,3,2
608,257,3,2
608,258,3,2
608,259,3,2
608,260,3,2
608,261,3,2
608,262,3,2
608,263,3,2
608,264,3,2
608,265,3,2
608,266,3,2
608,267,3,2
608,268,3,2
608,269,3,2
608,270,3,2
608,271,3,2
608,272,3,2
608,273,3,2
608,274,3,2
608,275,3,2
608,276,3,2
608,277,3,2
608,278,3,2
608,279,3,2
608,280,3,2
608,281,3,2
608,282,3,2
608,283,3,2
608,284,3,2
608,285,3,2
608,286,3,2
608,287,3,2
608,288,3,2
608,289,3,2
608,290,3,2
608,291,3,2
608,292,3,2
608,293,3,2
608,294,3,2
608,295,3,2
608,296,3,2
608,297,3,2
608,298,3,2
608,299,3,2
608,300,3,2
608,301,3,2
608,302,3,2
608,303,3,2
608,304,3,2
608,305,3,2
608,306,3,2
608,307,3,2
608,308,3,2
608,309,3,2
608,310,3,2
608,311,3,2
608,312,3,2
608,313,3,2
608,314,3,2
608,315,3,2
608,316,3,2
608,317,3,2
608,318,3,2
608,319,3,2
608,320,3,2
608,321,3,2
608,322,3,2
608,323,3,2
608,324,3,2
608,325,3,2
608,326,3,2
608,327,3,2
608,328,3,2
608,329,3,2
608,330,3,2
608,331,3,2
608,332,3,2
608,333,3,2
608,334,3,2
608,335,3,2
608,336,3,2
608,337,3,2
608,338,3,2
608,339,3,2
608,340,3,2
608,341,3,2
608,342,3,2
608,343,3,2
608,344,3,2
608,345,3,2
608,346,3,2
608,347,3,2
608,348,3,2
608,349,3,2
608,350,3,2
608,351,3,2
608,352,3,2
608,353,3,2
608,354,3,2
608,355,3,2
608,356,3,2
608,357,3,2
608,358,3,2
608,359,3,2
608,360,3,2
608,361,3,2
608,362,3,2
608,363,3,2
608,364,3,2
608,365,3,2
608,366,3,2
608,367,3,2
608,368,3,2
608,369,3,2
608,370,3,2
608,371,3,2
608,372,3,2
608,373,3,2
608,374,3,2
608,375,3,2
608,376,3,2
608,377,3,2
608,378,3,2
608,379,3,2
608,380,3,2
608,381,3,2
608,382,3,2
608,383,3,2
608,384,3,2
608,385,3,2
608,386,3,2
608,387,3,2
608,388,3,2
608,389,3,2
608,390,3,2
608,391,3,2
608,392,3,2
608,393,3,2
608,394,3,2
608,395,3,2
608,396,3,2
608,397,3,2
608,398,3,2
608,399,3,2
608,400,3,2
608,401,3,2
608,402,3,2
608,403,3,2
608,404,3,2
608,405,3,2
608,406,3,2
608,407,3,2
608,408,3,2
608,409,3,2
608,410,3,2
608,411,3,2
608,412,3,2
608,413,3,2
608,414,3,2
608,415,3,2
608,416,3,2
608,417,3,2
608,418,3,2
608,419,3,2
608,420,3,2
608,421,3,2
608,422,3,2
608,423,3,2
608,424,3,2
608,425,3,2
608,426,3,2
608,427,3,2
608,428,3,2
608,429,3,2
608,430,3,2
608,431,3,2
608,432,3,2
608,433,3,2
608,434,3,2
608,435,3,2
608,436,3,2
608,437,3,2
608,438,3,2
608,439,3,2
608,440,3,2
608,441,3,2
608,442,3,2
608,443,3,2
608,444,3,2
608,445,3,2
608,446,3,2
608,447,3,2
608,448,3,2
608,449,3,2
608,450,3,2
608,451,3,2
608,452,3,2
608,453,3,2
608,454,3,2
608,455,3,2
608,456,3,2
608,457,3,2
608,458,3,3
608,459,3,3
608,460,3,3
608,461,3,3
608,462,3,3
608,463,3,3
608,464,3,3
608,465,3,3
608,466,3,2
608,467,3,2
608,468,3,2
608,469,3,2
608,470,3,2
608,471,3,2
608,472,3,2
608,473,3,2
608,474,3,2
608,475,3,2
608,476,3,2
608,477,3,2
608,478,3,2
608,479,3,2
608,480,3,2
608,481,3,2
608,482,3,2
608,483,3,2
608,484,3,2
608,485,3,2
608,486,3,2
608,487,3,2
608,488,3,2
608,489,3,2
608,490,3,2
608,491,3,2
608,492,3,2
608,493,3,2
608,494,3,2
608,495,3,2
608,496,3,2
608,497,3,2
608,498,3,2
608,499,3,2
608,500,3,2
608,501,3,2
608,502,3,2
608,503,3,2
608,504,3,2
608,505,3,2
608,506,3,2
608,507,3,2
608,508,3,2
608,509,3,2
608,510,3,2
608,511,3,2
608,512,3,2
608,513,3,2
608,514,3,2
608,515,3,2
608,516,3,2
608,517,3,2
608,518,3,2
608,519,3,2
608,520,3,2
608,521,3,2
608,522,3,2
608,523,3,2
608,524,3,2
608,525,3,2
608,526,3,2
608,527,3,2
608,528,3,2
608,529,3,2
608,530,3,2
608,531,3,2
608,532,3,2
608,533,3,2
608,534,3,2
608,535,3,2
608,536,3,2
608,537,3,2
608,538,3,2
608,539,3,2
608,540,3,2
608,541,3,2
608,542,3,2
608,543,3,2
608,544,3,2
608,545,3,2
608,546,3,2
608,547,3,2
608,548,3,2
608,549,3,2
608,550,3,2
608,551,3,2
608,552,3,2
608,553,3,2
608,554,3,2
608,555,3,2
608,556,3,2
608,557,3,2
608,558,3,2
608,559,3,2
608,560,3,2
608,561,3,2
608,562,3,2
608,563,3,2
608,564,3,2
608,565,3,2
608,566,3,2
608,567,3,2
608,568,3,2
608,569,3,2
608,570,3,2
608,571,3,2
608,572,3,2
608,573,3,2
608,574,3,2
608,575,3,2
608,576,3,2
608,577,3,2
608,578,3,2
608,579,3,2
608,580,3,2
608,581,3,2
608,582,3,2
608,583,3,2
608,584,3,2
608,585,3,2
608,586,3,2
608,587,3,2
609,105,3,2
609,106,3,2
609,107,3,2
609,108,3,2
609,109,3,2
609,110,3,2
609,111,3,2
609,112,3,2
609,113,3,2
609,114,3,2
609,115,3,2
609,116,3,2
609,117,3,2
609,118,3,2
609,119,3,2
609,120,3,2
609,121,3,2
609,122,3,2
609,123,3,2
609,124,3,2
609,125,3,2
609,126,3,2
609,127,3,2
609,128,3,2
609,129,3,2
609,130,3,2
609,131,3,2
609,132,3,2
609,133,3,2
609,134,3,2
609,135,3,2
609,136,3,2
609,137,3,2
609,138,3,2
609,139,3,2
609,140,3,2
609,141,3,2
609,142,3,2
609,143,3,2
609,144,3,2
609,145,3,2
609,146,3,2
609,147,3,2
609,148,3,2
609,149,3,2
609,150,3,2
609,151,3,2
609,152,3,2
609,153,3,2
609,154,3,2
609,155,3,2
609,156,3,2
609,157,3,2
609,158,3,2
609,159,3,2
609,160,3,2
609,161,3,2
609,162,3,2
609,163,3,2
609,164,3,2
609,165,3,2
609,166,3,2
609,167,3,2
609,168,3,2
609,169,3,2
609,170,3,2
609,171,3,2
609,172,3,2
609,173,3,2
609,174,3,2
609,175,3,2
609,176,3,2
609,177,3,2
609,178,3,2
609,179,3,2
609,180,3,2
609,181,3,2
609,182,3,2
609,183,3,2
609,184,3,2
609,185,3,2
609,186,3,2
609,187,3,2
609,188,3,2
609,189,3,2
609,190,3,2
609,191,3,2
609,192,3,2
609,193,3,2
609,194,3,2
609,195,3,2
609,196,3,2
609,197,3,2
609,198,3,2
609,199,3,2
609,200,3,2
609,201,3,2
609,202,3,2
609,203,3,2
609,204,3,2
609,205,3,2
609,206,3,2
609,207,3,2
609,208,3,2
609,209,3,2
609,210,3,2
609,211,3,2
609,212,3,2
609,213,3,2
609,214,3,2
609,215,3,2
609,216,3,2
609,217,3,2
609,218,3,2
609,219,3,2
609,220,3,2
609,221,3,2
609,222,3,2
609,223,3,2
609,224,3,2
609,225,3,2
609,226,3,2
609,227,3,2
609,228,3,2
609,229,3,2
609,230,3,2
609,231,3,2
609,232,3,2
609,233,3,2
609,234,3,2
609,235,3,2
609,236,3,2
609,237,3,2
609,238,3,2
609,239,3,2
609,240,3,2
609,241,3,2
609,242,3,2
609,243,3,2
609,244,3,2
609,245,3,2
609,246,3,2
609,247,3,2
609,248,3,2
609,249,3,2
609,250,3,2
609,251,3,2
609,252,3,2
609,253,3,2
609,254,3,2
609,255,3,2
609,256,3,2
609,257,3,2
609,258,3,2
609,259,3,2
609,260,3,2
609,261,3,2
609,262,3,2
609,263,3,2
609,264,3,2
609,265,3,2
609,266,3,2
609,267,3,2
609,268,3,2
609,269,3,2
609,270,3,2
609,271,3,2
609,272,3,2
609,273,3,2
609,274,3,2
609,275,3,2
609,276,3,2
609,277,3,2
609,278,3,2
609,279,3,2
609,280,3,2
609,281,3,2
609,282,3,2
609,283,3,2
609,284,3,2
609,285,3,2
609,286,3,2
609,287,3,2
609,288,3,2
609,289,3,2
609,290,3,2
609,291,3,2
609,292,3,2
609,293,3,2
609,294,3,2
609,295,3,2
609,296,3,2
609,297,3,2
609,298,3,2
609,299,3,2
609,300,3,2
609,301,3,2
609,302,3,2
609,303,3,2
609,304,3,2
609,305,3,2
609,306,3,2
609,307,3,2
609,308,3,2
609,309,3,2
609,310,3,2
609,311,3,2
609,312,3,2
609,313,3,2
609,314,3,2
609,315,3,2
609,316,3,2
609,317,3,2
609,318,3,2
609,319,3,2
609,320,3,2
609,321,3,2
609,322,3,2
609,323,3,2
609,324,3,2
609,325,3,2
609,326,3,2
609,327,3,2
609,328,3,2
609,329,3,2
609,330,3,2
609,331,3,2
609,332,3,2
609,333,3,2
609,334,3,2
609,335,3,2
609,336,3,2
609,337,3,2
609,338,3,2
609,339,3,2
609,340,3,2
609,341,3,2
609,342,3,2
609,343,3,2
609,344,3,2
609,345,3,2
609,346,3,2
609,347,3,2
609,348,3,2
609,349,3,2
609,350,3,2
609,351,3,2
609,352,3,2
609,353,3,2
609,354,3,2
609,355,3,2
609,356,3,2
609,357,3,2
609,358,3,2
609,359,3,2
609,360,3,2
609,361,3,2
609,362,3,2
609,363,3,2
609,364,3,2
609,365,3,2
609,366,3,2
609,367,3,2
609,368,3,2
609,369,3,2
609,370,3,2
609,371,3,2
609,372,3,2
609,373,3,2
609,374,3,2
609,375,3,2
609,376,3,2
609,377,3,2
609,378,3,2
609,379,3,2
609,380,3,2
609,381,3,2
609,382,3,2
609,383,3,2
609,384,3,2
609,385,3,2
609,386,3,2
609,387,3,2
609,388,3,2
609,389,3,2
609,390,3,2
609,391,3,2
609,392,3,2
609,393,3,2
609,394,3,2
609,395,3,2
609,396,3,2
609,397,3,2
609,398,3,2
609,399,3,2
609,400,3,2
609,401,3,2
609,402,3,2
609,403,3,2
609,404,3,2
609,405,3,2
609,406,3,2
609,407,3,2
609,408,3,2
609,409,3,2
609,410,3,2
609,411,3,2
609,412,3,2
609,413,3,2
609,414,3,2
609,415,3,2
609,416,3,2
609,417,3,2
609,418,3,2
609,419,3,2
609,420,3,2
609,421,3,2
609,422,3,2
609,423,3,2
609,424,3,2
609,425,3,2
609,426,3,2
609,427,3,2
609,428,3,2
609,429,3,2
609,430,3,2
609,431,3,2
609,432,3,2
609,433,3,2
609,434,3,2
609,435,3,2
609,436,3,2
609,437,3,2
609,438,3,2
609,439,3,2
609,440,3,2
609,441,3,2
609,442,3,2
609,443,3,2
609,444,3,2
609,445,3,2
609,446,3,2
609,447,3,2
609,448,3,2
609,449,3,2
609,450,3,2
609,451,3,2
609,452,3,2
609,453,3,2
609,454,3,2
609,455,3,2
609,456,3,2
609,457,3,2
609,458,3,2
609,459,3,2
609,460,3,2
609,461,3,2
609,462,3,2
609,463,3,2
609,464,3,2
609,465,3,2
609,466,3,2
609,467,3,2
609,468,3,2
609,469,3,2
609,470,3,2
609,471,3,2
609,472,3,2
609,473,3,2
609,474,3,2
609,475,3,2
609,476,3,2
609,477,3,2
609,478,3,2
609,479,3,2
609,480,3,2
609,481,3,2
609,482,3,2
609,483,3,2
609,484,3,2
609,485,3,2
609,486,3,2
609,487,3,2
609,488,3,2
609,489,3,2
609,490,3,2
609,491,3,2
609,492,3,2
609,493,3,2
609,494,3,2
609,495,3,2
609,496,3,2
609,497,3,2
609,498,3,2
609,499,3,2
609,500,3,2
609,501,3,2
609,502,3,2
609,503,3,2
609,504,3,2
609,505,3,2
609,506,3,2
609,507,3,2
609,508,3,2
609,509,3,2
609,510,3,2
609,511,3,2
609,512,3,2
609,513,3,2
609,514,3,2
609,515,3,2
609,516,3,2
609,517,3,2
609,518,3,2
609,519,3,2
609,520,3,2
609,521,3,2
609,522,3,2
609,523,3,2
609,524,3,2
609,525,3,2
609,526,3,2
609,527,3,2
609,528,3,2
609,529,3,2
609,530,3,2
609,531,3,2
609,532,3,2
609,533,3,2
609,534,3,2
609,535,3,2
609,536,3,2
609,537,3,2
609,538,3,2
609,539,3,2
609,540,3,2
609,541,3,2
609,542,3,2
609,543,3,2
609,544,3,2
609,545,3,2
609,546,3,2
609,547,3,2
609,548,3,2
609,549,3,2
609,550,3,2
609,551,3,2
609,552,3,2
609,553,3,2
609,554,3,2
609,555,3,2
609,556,3,2
609,557,3,2
609,558,3,2
609,559,3,2
609,560,3,2
609,561,3,2
609,562,3,2
609,563,3,2
609,564,3,2
609,565,3,2
609,566,3,2
609,567,3,2
609,568,3,2
609,569,3,2
609,570,3,2
609,571,3,2
609,572,3,2
609,573,3,2
609,574,3,2
609,575,3,2
609,576,3,2
609,577,3,2
609,578,3,2
609,579,3,2
609,580,3,2
609,581,3,2
609,582,3,2
609,583,3,2
609,584,3,2
610,105,3,2
610,106,3,2
610,107,3,2
610,108,3,2
610,109,3,2
610,110,3,2
610,111,3,2
610,112,3,2
610,113,3,2
610,114,3,2
610,115,3,2
610,116,3,2
610,117,3,2
610,118,3,2
610,119,3,2
610,120,3,2
610,121,3,2
610,122,3,2
610,123,3,2
610,124,3,2
610,125,3,2
610,126,3,2
610,127,3,2
610,128,3,2
610,129,3,2
610,130,3,2
610,131,3,2
610,132,3,2
610,133,3,2
610,134,3,2
610,135,3,2
610,136,3,2
610,137,3,2
610,138,3,2
610,139,3,2
610,140,3,2
610,141,3,2
610,142,3,2
610,143,3,2
610,144,3,2
610,145,3,2
610,146,3,2
610,147,3,2
610,148,3,2
610,149,3,2
610,150,3,2
610,151,3,2
610,152,3,2
610,153,3,2
610,154,3,2
610,155,3,2
610,156,3,2
610,157,3,2
610,158,3,2
610,159,3,2
610,160,3,2
610,161,3,2
610,162,3,2
610,163,3,2
610,164,3,2
610,165,3,2
610,166,3,2
610,167,3,2
610,168,3,2
610,169,3,2
610,170,3,2
610,171,3,2
610,172,3,2
610,173,3,2
610,174,3,2
610,175,3,2
610,176,3,2
610,177,3,2
610,178,3,2
610,179,3,2
610,180,3,2
610,181,3,2
610,182,3,2
610,183,3,2
610,184,3,2
610,185,3,2
610,186,3,2
610,187,3,2
610,188,3,2
610,189,3,2
610,190,3,2
610,191,3,2
610,192,3,2
610,193,3,2
610,194,3,2
610,195,3,2
610,196,3,2
610,197,3,2
610,198,3,2
610,199,3,2
610,200,3,2
610,201,3,2
610,202,3,2
610,203,3,2
610,204,3,2
610,205,3,2
610,206,3,2
610,207,3,2
610,208,3,2
610,209,3,2
610,210,3,2
610,211,3,2
610,212,3,2
610,213,3,2
610,214,3,2
610,215,3,2
610,216,3,2
610,217,3,2
610,218,3,2
610,219,3,2
610,220,3,2
610,221,3,2
610,222,3,2
610,223,3,2
610,224,3,2
610,225,3,2
610,226,3,2
610,227,3,2
610,228,3,2
610,229,3,2
610,230,3,2
610,231,3,2
610,232,3,2
610,233,3,2
610,234,3,2
610,235,3,2
610,236,3,2
610,237,3,2
610,238,3,2
610,239,3,2
610,240,3,2
610,241,3,2
610,242,3,2
610,243,3,2
610,244,3,2
610,245,3,2
610,246,3,2
610,247,3,2
610,248,3,2
610,249,3,2
610,250,3,2
610,251,3,2
610,252,3,2
610,253,3,2
610,254,3,2
610,255,3,2
610,256,3,2
610,257,3,2
610,258,3,2
610,259,3,2
610,260,3,2
610,261,3,2
610,262,3,2
610,263,3,2
610,264,3,2
610,265,3,2
610,266,3,2
610,267,3,2
610,268,3,2
610,269,3,2
610,270,3,2
610,271,3,2
610,272,3,2
610,273,3,2
610,274,3,2
610,275,3,2
610,276,3,2
610,277,3,2
610,278,3,2
610,279,3,2
610,280,3,2
610,281,3,2
610,282,3,2
610,283,3,2
610,284,3,2
610,285,3,2
610,286,3,2
610,287,3,2
610,288,3,2
610,289,3,2
610,290,3,2
610,291,3,2
610,292,3,2
610,293,3,2
610,294,3,2
610,295,3,2
610,296,3,2
610,297,3,2
610,298,3,2
610,299,3,2
610,300,3,2
610,301,3,2
610,302,3,2
610,303,3,2
610,304,3,2
610,305,3,2
610,306,3,2
610,307,3,2
610,308,3,2
610,309,3,2
610,310,3,2
610,311,3,2
610,312,3,2
610,313,3,2
610,314,3,2
610,315,3,2
610,316,3,2
610,317,3,2
610,318,3,2
610,319,3,2
610,320,3,2
610,321,3,2
610,322,3,2
610,323,3,2
610,324,3,2
610,325,3,2
610,326,3,2
610,327,3,2
610,328,3,2
610,329,3,2
610,330,3,2
610,331,3,2
610,332,3,2
610,333,3,2
610,334,3,2
610,335,3,2
610,336,3,2
610,337,3,2
610,338,3,2
610,339,3,2
610,340,3,2
610,341,3,2
610,342,3,2
610,343,3,2
610,344,3,2
610,345,3,2
610,346,3,2
610,347,3,2
610,348,3,2
610,349,3,2
610,350,3,2
610,351,3,2
610,352,3,2
610,353,3,2
610,354,3,2
610,355,3,2
610,356,3,2
610,357,3,2
610,358,3,2
610,359,3,2
610,360,3,2
610,361,3,2
610,362,3,2
610,363,3,2
610,364,3,2
610,365,3,2
610,366,3,2
610,367,3,2
610,368,3,2
610,369,3,2
610,370,3,2
610,371,3,2
610,372,3,2
610,373,3,2
610,374,3,2
610,375,3,2
610,376,3,2
610,377,3,2
610,378,3,2
610,379,3,2
610,380,3,2
610,381,3,2
610,382,3,2
610,383,3,2
610,384,3,2
610,385,3,2
610,386,3,2
610,387,3,2
610,388,3,2
610,389,3,2
610,390,3,2
610,391,3,2
610,392,3,2
610,393,3,2
610,394,3,2
610,395,3,2
610,396,3,2
610,397,3,2
610,398,3,2
610,399,3,2
610,400,3,2
610,401,3,2
610,402,3,2
610,403,3,2
610,404,3,2
610,405,3,2
610,406,3,2
610,407,3,2
610,408,3,2
610,409,3,2
610,410,3,2
610,411,3,2
610,412,3,2
610,413,3,2
610,414,3,2
610,415,3,2
610,416,3,2
610,417,3,2
610,418,3,2
610,419,3,2
610,420,3,2
610,421,3,2
610,422,3,2
610,423,3,2
610,424,3,2
610,425,3,2
610,426,3,2
610,427,3,2
610,428,3,2
610,429,3,2
610,430,3,2
610,431,3,2
610,432,3,2
610,433,3,2
610,434,3,2
610,435,3,2
610,436,3,2
610,437,3,2
610,438,3,2
610,439,3,2
610,440,3,2
610,441,3,2
610,442,3,2
610,443,3,2
610,444,3,2
610,445,3,2
610,446,3,2
610,447,3,2
610,448,3,2
610,449,3,2
610,450,3,2
610,451,3,2
610,452,3,2
610,453,3,2
610,454,3,2
610,455,3,2
610,456,3,2
610,457,3,2
610,458,3,2
610,459,3,2
610,460,3,2
610,461,3,2
610,462,3,2
610,463,3,2
610,464,3,2
610,465,3,2
610,466,3,2
610,467,3,2
610,468,3,2
610,469,3,2
610,470,3,2
610,471,3,2
610,472,3,2
610,473,3,2
610,474,3,2
610,475,3,2
610,476,3,2
610,477,3,2
610,478,3,2
610,479,3,2
610,480,3,2
610,481,3,2
610,482,3,2
610,483,3,2
610,484,3,2
610,485,3,2
610,486,3,2
610,487,3,2
610,488,3,2
610,489,3,2
610,490,3,2
610,491,3,2
610,492,3,2
610,493,3,2
610,494,3,2
610,495,3,2
610,496,3,2
610,497,3,2
610,498,3,2
610,499,3,2
610,500,3,2
610,501,3,2
610,502,3,2
610,503,3,2
610,504,3,2
610,505,3,2
610,506,3,2
610,507,3,2
610,508,3,2
610,509,3,2
610,510,3,2
610,511,3,2
610,512,3,2
610,513,3,2
610,514,3,2
610,515,3,2
610,516,3,2
610,517,3,2
610,518,3,2
610,519,3,2
610,520,3,2
610,521,3,2
610,522,3,2
610,523,3,2
610,524,3,2
610,525,3,2
610,526,3,2
610,527,3,2
610,528,3,2
610,529,3,2
610,530,3,2
610,531,3,2
610,532,3,2
610,533,3,2
610,534,3,2
610,535,3,2
610,536,3,2
610,537,3,2
610,538,3,2
610,539,3,2
610,540,3,2
610,541,3,2
610,542,3,2
610,543,3,2
610,544,3,2
610,545,3,2
610,546,3,2
610,547,3,2
610,548,3,2
610,549,3,2
610,550,3,2
610,551,3,2
610,552,3,2
610,553,3,2
610,554,3,2
610,555,3,2
610,556,3,2
610,557,3,2
610,558,3,2
610,559,3,2
610,560,3,2
610,561,3,2
610,562,3,2
610,563,3,2
610,564,3,2
610,565,3,2
610,566,3,2
610,567,3,2
610,568,3,2
610,569,3,2
610,570,3,2
610,571,3,2
610,572,3,2
610,573,3,2
610,574,3,2
610,575,3,2
610,576,3,2
610,577,3,2
610,578,3,2
610,579,3,2
610,580,3,2
610,581,3,2
610,582,3,2
610,583,3,2
611,105,3,2
611,106,3,2
611,107,3,2
611,108,3,2
611,109,3,2
611,110,3,2
611,111,3,2
611,112,3,2
611,113,3,2
611,114,3,2
611,115,3,2
611,116,3,2
611,117,3,2
611,118,3,2
611,119,3,2
611,120,3,2
611,121,3,2
611,122,3,2
611,123,3,2
611,124,3,2
611,125,3,2
611,126,3,2
611,127,3,2
611,128,3,2
611,129,3,2
611,130,3,2
611,131,3,2
611,132,3,2
611,133,3,2
611,134,3,2
611,135,3,2
611,136,3,2
611,137,3,2
611,138,3,2
611,139,3,2
611,140,3,2
611,141,3,2
611,142,3,2
611,143,3,2
611,144,3,2
611,145,3,2
611,146,3,2
611,147,3,2
611,148,3,2
611,149,3,2
611,150,3,2
611,151,3,2
611,152,3,2
611,153,3,2
611,154,3,2
611,155,3,2
611,156,3,2
611,157,3,2
611,158,3,2
611,159,3,2
611,160,3,2
611,161,3,2
611,162,3,2
611,163,3,2
611,164,3,2
611,165,3,2
611,166,3,2
611,167,3,2
611,168,3,2
611,169,3,2
611,170,3,2
611,171,3,2
611,172,3,2
611,173,3,2
611,174,3,2
611,175,3,2
611,176,3,2
611,177,3,2
611,178,3,2
611,179,3,2
611,180,3,2
611,181,3,2
611,182,3,2
611,183,3,2
611,184,3,2
611,185,3,2
611,186,3,2
611,187,3,2
611,188,3,2
611,189,3,2
611,190,3,2
611,191,3,2
611,192,3,2
611,193,3,2
611,194,3,2
611,195,3,2
611,196,3,2
611,197,3,2
611,198,3,2
611,199,3,2
611,200,3,2
611,201,3,2
611,202,3,2
611,203,3,2
611,204,3,2
611,205,3,2
611,206,3,2
611,207,3,2
611,208,3,2
611,209,3,2
611,210,3,2
611,211,3,2
611,212,3,2
611,213,3,2
611,214,3,2
611,215,3,2
611,216,3,2
611,217,3,2
611,218,3,2
611,219,3,2
611,220,3,2
611,221,3,2
611,222,3,2
611,223,3,2
611,224,3,2
611,225,3,2
611,226,3,2
611,227,3,2
611,228,3,2
611,229,3,2
611,230,3,2
611,231,3,2
611,232,3,2
611,233,3,2
611,234,3,2
611,235,3,2
611,236,3,2
611,237,3,2
611,238,3,2
611,239,3,2
611,240,3,2
611,241,3,2
611,242,3,2
611,243,3,2
611,244,3,2
611,245,3,2
611,246,3,2
611,247,3,2
611,248,3,2
611,249,3,2
611,250,3,2
611,251,3,2
611,252,3,2
611,253,3,2
611,254,3,2
611,255,3,2
611,256,3,2
611,257,3,2
611,258,3,2
611,259,3,2
611,260,3,2
611,261,3,2
611,262,3,2
611,263,3,2
611,264,3,2
611,265,3,2
611,266,3,2
611,267,3,2
611,268,3,2
611,269,3,2
611,270,3,2
611,271,3,2
611,272,3,2
611,273,3,2
611,274,3,2
611,275,3,2
611,276,3,2
611,277,3,2
611,278,3,2
611,279,3,2
611,280,3,2
611,281,3,2
611,282,3,2
611,283,3,2
611,284,3,2
611,285,3,2
611,286,3,2
611,287,3,2
611,288,3,2
611,289,3,2
611,290,3,2
611,291,3,2
611,292,3,2
611,293,3,2
611,294,3,2
611,295,3,2
611,296,3,2
611,297,3,2
611,298,3,2
611,299,3,2
611,300,3,2
611,301,3,2
611,302,3,2
611,303,3,2
611,304,3,2
611,305,3,2
611,306,3,2
611,307,3,2
611,308,3,2
611,309,3,2
611,310,3,2
611,311,3,2
611,312,3,2
611,313,3,2
611,314,3,2
611,315,3,2
611,316,3,2
611,317,3,2
611,318,3,2
611,319,3,2
611,320,3,2
611,321,3,2
611,322,3,2
611,323,3,2
611,324,3,2
611,325,3,2
611,326,3,2
611,327,3,2
611,328,3,2
611,329,3,2
611,330,3,2
611,331,3,2
611,332,3,2
611,333,3,2
611,334,3,2
611,335,3,2
611,336,3,2
611,337,3,2
611,338,3,2
611,339,3,2
611,340,3,2
611,341,3,2
611,342,3,2
611,343,3,2
611,344,3,2
611,345,3,2
611,346,3,2
611,347,3,2
611,348,3,2
611,349,3,2
611,350,3,2
611,351,3,2
611,352,3,2
611,353,3,2
611,354,3,2
611,355,3,2
611,356,3,2
611,357,3,2
611,358,3,2
611,359,3,2
611,360,3,2
611,361,3,2
611,362,3,2
611,363,3,2
611,364,3,2
611,365,3,2
611,366,3,2
611,367,3,2
611,368,3,2
611,369,3,2
611,370,3,2
611,371,3,2
611,372,3,2
611,373,3,2
611,374,3,2
611,375,3,2
611,376,3,2
611,377,3,2
611,378,3,2
611,379,3,2
611,380,3,2
611,381,3,2
611,382,3,2
611,383,3,2
611,384,3,2
611,385,3,2
611,386,3,2
611,387,3,2
611,388,3,2
611,389,3,2
611,390,3,2
611,391,3,2
611,392,3,2
611,393,3,2
611,394,3,2
611,395,3,2
611,396,3,2
611,397,3,2
611,398,3,2
611,399,3,2
611,400,3,2
611,401,3,2
611,402,3,2
611,403,3,2
611,404,3,2
611,405,3,2
611,406,3,2
611,407,3,2
611,408,3,2
611,409,3,2
611,410,3,2
611,411,3,2
611,412,3,2
611,413,3,2
611,414,3,2
611,415,3,2
611,416,3,2
611,417,3,2
611,418,3,2
611,419,3,2
611,420,3,2
611,421,3,2
611,422,3,2
611,423,3,2
611,424,3,2
611,425,3,2
611,426,3,2
611,427,3,2
611,428,3,2
611,429,3,2
611,430,3,2
611,431,3,2
611,432,3,2
611,433,3,2
611,434,3,2
611,435,3,2
611,436,3,2
611,437,3,2
611,438,3,2
611,439,3,2
611,440,3,2
611,441,3,2
611,442,3,2
611,443,3,2
611,444,3,2
611,445,3,2
611,446,3,2
611,447,3,2
611,448,3,2
611,449,3,2
611,450,3,2
611,451,3,2
611,452,3,2
611,453,3,2
611,454,3,2
611,455,3,2
611,456,3,2
611,457,3,2
611,458,3,2
611,459,3,2
611,460,3,2
611,461,3,2
611,462,3,2
611,463,3,2
611,464,3,2
611,465,3,2
611,466,3,2
611,467,3,2
611,468,3,2
611,469,3,2
611,470,3,2
611,471,3,2
611,472,3,2
611,473,3,2
611,474,3,2
611,475,3,2
611,476,3,2
611,477,3,2
611,478,3,2
611,479,3,2
611,480,3,2
611,481,3,2
611,482,3,2
611,483,3,2
611,484,3,2
611,485,3,2
611,486,3,2
611,487,3,2
611,488,3,2
611,489,3,2
611,490,3,2
611,491,3,2
611,492,3,2
611,493,3,2
611,494,3,2
611,495,3,2
611,496,3,2
611,497,3,2
611,498,3,2
611,499,3,2
611,500,3,2
611,501,3,2
611,502,3,2
611,503,3,2
611,504,3,2
611,505,3,2
611,506,3,2
611,507,3,2
611,508,3,2
611,509,3,2
611,510,3,2
611,511,3,2
611,512,3,2
611,513,3,2
611,514,3,2
611,515,3,2
611,516,3,2
611,517,3,2
611,518,3,2
611,519,3,2
611,520,3,2
611,521,3,2
611,522,3,2
611,523,3,2
611,524,3,2
611,525,3,2
611,526,3,2
611,527,3,2
611,528,3,2
611,529,3,2
611,530,3,2
611,531,3,2
611,532,3,2
611,533,3,2
611,534,3,2
611,535,3,2
611,536,3,2
611,537,3,2
611,538,3,2
611,539,3,2
611,540,3,2
611,541,3,2
611,542,3,2
611,543,3,2
611,544,3,2
611,545,3,2
611,546,3,2
611,547,3,2
611,548,3,2
611,549,3,2
611,550,3,2
611,551,3,2
611,552,3,2
611,553,3,2
611,554,3,2
611,555,3,2
611,556,3,2
611,557,3,2
611,558,3,2
611,559,3,2
611,560,3,2
611,561,3,2
611,562,3,2
611,563,3,2
611,564,3,2
611,565,3,2
611,566,3,2
611,567,3,2
611,568,3,2
611,569,3,2
611,570,3,2
611,571,3,2
611,572,3,2
611,573,3,2
611,574,3,2
611,575,3,2
611,576,3,2
611,577,3,2
611,578,3,2
611,579,3,2
611,580,3,2
611,581,3,2
611,582,3,2
611,583,3,2
612,106,3,2
612,107,3,2
612,108,3,2
612,109,3,2
612,110,3,2
612,111,3,2
612,112,3,2
612,113,3,2
612,114,3,2
612,115,3,2
612,116,3,2
612,117,3,2
612,118,3,2
612,119,3,2
612,120,3,2
612,121,3,2
612,122,3,2
612,123,3,2
612,124,3,2
612,125,3,2
612,126,3,2
612,127,3,2
612,128,3,2
612,129,3,2
612,130,3,2
612,131,3,2
612,132,3,2
612,133,3,2
612,134,3,2
612,135,3,2
612,136,3,2
612,137,3,2
612,138,3,2
612,139,3,2
612,140,3,2
612,141,3,2
612,142,3,2
612,143,3,2
612,144,3,2
612,145,3,2
612,146,3,2
612,147,3,2
612,148,3,2
612,149,3,2
612,150,3,2
612,151,3,2
612,152,3,2
612,153,3,2
612,154,3,2
612,155,3,2
612,156,3,2
612,157,3,2
612,158,3,2
612,159,3,2
612,160,3,2
612,161,3,2
612,162,3,2
612,163,3,2
612,164,3,2
612,165,3,2
612,166,3,2
612,167,3,2
612,168,3,2
612,169,3,2
612,170,3,2
612,171,3,2
612,172,3,2
612,173,3,2
612,174,3,2
612,175,3,2
612,176,3,2
612,177,3,2
612,178,3,2
612,179,3,2
612,180,3,2
612,181,3,2
612,182,3,2
612,183,3,2
612,184,3,2
612,185,3,2
612,186,3,2
612,187,3,2
612,188,3,2
612,189,3,2
612,190,3,2
612,191,3,2
612,192,3,2
612,193,3,2
612,194,3,2
612,195,3,2
612,196,3,2
612,197,3,2
612,198,3,2
612,199,3,2
612,200,3,2
612,201,3,2
612,202,3,2
612,203,3,2
612,204,3,2
612,205,3,2
612,206,3,2
612,207,3,2
612,208,3,2
612,209,3,2
612,210,3,2
612,211,3,2
612,212,3,2
612,213,3,2
612,214,3,2
612,215,3,2
612,216,3,2
612,217,3,2
612,218,3,2
612,219,3,2
612,220,3,2
612,221,3,2
612,222,3,2
612,223,3,2
612,224,3,2
612,225,3,2
612,226,3,2
612,227,3,2
612,228,3,2
612,229,3,2
612,230,3,2
612,231,3,2
612,232,3,2
612,233,3,2
612,234,3,2
612,235,3,2
612,236,3,2
612,237,3,2
612,238,3,2
612,239,3,2
612,240,3,2
612,241,3,2
612,242,3,2
612,243,3,2
612,244,3,2
612,245,3,2
612,246,3,2
612,247,3,2
612,248,3,2
612,249,3,2
612,250,3,2
612,251,3,2
612,252,3,2
612,253,3,2
612,254,3,2
612,255,3,2
612,256,3,2
612,257,3,2
612,258,3,2
612,259,3,2
612,260,3,2
612,261,3,2
612,262,3,2
612,263,3,2
612,264,3,2
612,265,3,2
612,266,3,2
612,267,3,2
612,268,3,2
612,269,3,2
612,270,3,2
612,271,3,2
612,272,3,2
612,273,3,2
612,274,3,2
612,275,3,2
612,276,3,2
612,277,3,2
612,278,3,2
612,279,3,2
612,280,3,2
612,281,3,2
612,282,3,2
612,283,3,2
612,284,3,2
612,285,3,2
612,286,3,2
612,287,3,2
612,288,3,2
612,289,3,2
612,290,3,2
612,291,3,2
612,292,3,2
612,293,3,2
612,294,3,2
612,295,3,2
612,296,3,2
612,297,3,2
612,298,3,2
612,299,3,2
612,300,3,2
612,301,3,2
612,302,3,2
612,303,3,2
612,304,3,2
612,305,3,2
612,306,3,2
612,307,3,2
612,308,3,2
612,309,3,2
612,310,3,2
612,311,3,2
612,312,3,2
612,313,3,2
612,314,3,2
612,315,3,2
612,316,3,2
612,317,3,2
612,318,3,2
612,319,3,2
612,320,3,2
612,321,3,2
612,322,3,2
612,323,3,2
612,324,3,2
612,325,3,2
612,326,3,2
612,327,3,2
612,328,3,2
612,329,3,2
612,330,3,2
612,331,3,2
612,332,3,2
612,333,3,2
612,334,3,2
612,335,3,2
612,336,3,2
612,337,3,2
612,338,3,2
612,339,3,2
612,340,3,2
612,341,3,2
612,342,3,2
612,343,3,2
612,344,3,2
612,345,3,2
612,346,3,2
612,347,3,2
612,348,3,2
612,349,3,2
612,350,3,2
612,351,3,2
612,352,3,2
612,353,3,2
612,354,3,2
612,355,3,2
612,356,3,2
612,357,3,2
612,358,3,2
612,359,3,2
612,360,3,2
612,361,3,2
612,362,3,2
612,363,3,2
612,364,3,2
612,365,3,2
612,366,3,2
612,367,3,2
612,368,3,2
612,369,3,2
612,370,3,2
612,371,3,2
612,372,3,2
612,373,3,2
612,374,3,2
612,375,3,2
612,376,3,2
612,377,3,2
612,378,3,2
612,379,3,2
612,380,3,2
612,381,3,2
612,382,3,2
612,383,3,2
612,384,3,2
612,385,3,2
612,386,3,2
612,387,3,2
612,388,3,2
612,389,3,2
612,390,3,2
612,391,3,2
612,392,3,2
612,393,3,2
612,394,3,2
612,395,3,2
612,396,3,2
612,397,3,2
612,398,3,2
612,399,3,2
612,400,3,2
612,401,3,2
612,402,3,2
612,403,3,2
612,404,3,2
612,405,3,2
612,406,3,2
612,407,3,2
612,408,3,2
612,409,3,2
612,410,3,2
612,411,3,2
612,412,3,2
612,413,3,2
612,414,3,2
612,415,3,2
612,416,3,2
612,417,3,2
612,418,3,2
612,419,3,2
612,420,3,2
612,421,3,2
612,422,3,2
612,423,3,2
612,424,3,2
612,425,3,2
612,426,3,2
612,427,3,2
612,428,3,2
612,429,3,2
612,430,3,2
612,431,3,2
612,432,3,2
612,433,3,2
612,434,3,2
612,435,3,2
612,436,3,2
612,437,3,2
612,438,3,2
612,439,3,2
612,440,3,2
612,441,3,2
612,442,3,2
612,443,3,2
612,444,3,2
612,445,3,2
612,446,3,2
612,447,3,2
612,448,3,2
612,449,3,2
612,450,3,2
612,451,3,2
612,452,3,2
612,453,3,2
612,454,3,2
612,455,3,2
612,456,3,2
612,457,3,2
612,458,3,2
612,459,3,2
612,460,3,2
612,461,3,2
612,462,3,2
612,463,3,2
612,464,3,2
612,465,3,2
612,466,3,2
612,467,3,2
612,468,3,2
612,469,3,2
612,470,3,2
612,471,3,2
612,472,3,2
612,473,3,2
612,474,3,2
612,475,3,2
612,476,3,2
612,477,3,2
612,478,3,2
612,479,3,2
612,480,3,2
612,481,3,2
612,482,3,2
612,483,3,2
612,484,3,2
612,485,3,2
612,486,3,2
612,487,3,2
612,488,3,2
612,489,3,2
612,490,3,2
612,491,3,2
612,492,3,2
612,493,3,2
612,494,3,2
612,495,3,2
612,496,3,2
612,497,3,2
612,498,3,2
612,499,3,2
612,500,3,2
612,501,3,2
612,502,3,2
612,503,3,2
612,504,3,2
612,505,3,2
612,506,3,2
612,507,3,2
612,508,3,2
612,509,3,2
612,510,3,2
612,511,3,2
612,512,3,2
612,513,3,2
612,514,3,2
612,515,3,2
612,516,3,2
612,517,3,2
612,518,3,2
612,519,3,2
612,520,3,2
612,521,3,2
612,522,3,2
612,523,3,2
612,524,3,2
612,525,3,2
612,526,3,2
612,527,3,2
612,528,3,2
612,529,3,2
612,530,3,2
612,531,3,2
612,532,3,2
612,533,3,2
612,534,3,2
612,535,3,2
612,536,3,2
612,537,3,2
612,538,3,2
612,539,3,2
612,540,3,2
612,541,3,2
612,542,3,2
612,543,3,2
612,544,3,2
612,545,3,2
612,546,3,2
612,547,3,2
612,548,3,2
612,549,3,2
612,550,3,2
612,551,3,2
612,552,3,2
612,553,3,2
612,554,3,2
612,555,3,2
612,556,3,2
612,557,3,2
612,558,3,2
612,559,3,2
612,560,3,2
612,561,3,2
612,562,3,2
612,563,3,2
612,564,3,2
612,565,3,2
612,566,3,2
612,567,3,2
612,568,3,2
612,569,3,2
612,570,3,2
612,571,3,2
612,572,3,2
612,573,3,2
612,574,3,2
612,575,3,2
612,576,3,2
612,577,3,2
612,578,3,2
612,579,3,2
612,580,3,2
612,581,3,2
612,582,3,2
613,106,3,2
613,107,3,2
613,108,3,2
613,109,3,2
613,110,3,2
613,111,3,2
613,112,3,2
613,113,3,2
613,114,3,2
613,115,3,2
613,116,3,2
613,117,3,2
613,118,3,2
613,119,3,2
613,120,3,2
613,121,3,2
613,122,3,2
613,123,3,2
613,124,3,2
613,125,3,2
613,126,3,2
613,127,3,2
613,128,3,2
613,129,3,2
613,130,3,2
613,131,3,2
613,132,3,2
613,133,3,2
613,134,3,2
613,135,3,2
613,136,3,2
613,137,3,2
613,138,3,2
613,139,3,2
613,140,3,2
613,141,3,2
613,142,3,2
613,143,3,2
613,144,3,2
613,145,3,2
613,146,3,2
613,147,3,2
613,148,3,2
613,149,3,2
613,150,3,2
613,151,3,2
613,152,3,2
613,153,3,2
613,154,3,2
613,155,3,2
613,156,3,2
613,157,3,2
613,158,3,2
613,159,3,2
613,160,3,2
613,161,3,2
613,162,3,2
613,163,3,2
613,164,3,2
613,165,3,2
613,166,3,2
613,167,3,2
613,168,3,2
613,169,3,2
613,170,3,2
613,171,3,2
613,172,3,2
613,173,3,2
613,174,3,2
613,175,3,2
613,176,3,2
613,177,3,2
613,178,3,2
613,179,3,2
613,180,3,2
613,181,3,2
613,182,3,2
613,183,3,2
613,184,3,2
613,185,3,2
613,186,3,2
613,187,3,2
613,188,3,2
613,189,3,2
613,190,3,2
613,191,3,2
613,192,3,2
613,193,3,2
613,194,3,2
613,195,3,2
613,196,3,2
613,197,3,2
613,198,3,2
613,199,3,2
613,200,3,2
613,201,3,2
613,202,3,2
613,203,3,2
613,204,3,2
613,205,3,2
613,206,3,2
613,207,3,2
613,208,3,2
613,209,3,2
613,210,3,2
613,211,3,2
613,212,3,2
613,213,3,2
613,214,3,2
613,215,3,2
613,216,3,2
613,217,3,2
613,218,3,2
613,219,3,2
613,220,3,2
613,221,3,2
613,222,3,2
613,223,3,2
613,224,3,2
613,225,3,2
613,226,3,2
613,227,3,2
613,228,3,2
613,229,3,2
613,230,3,2
613,231,3,2
613,232,3,2
613,233,3,2
613,234,3,2
613,235,3,2
613,236,3,2
613,237,3,2
613,238,3,2
613,239,3,2
613,240,3,2
613,241,3,2
613,242,3,2
613,243,3,2
613,244,3,2
613,245,3,2
613,246,3,2
613,247,3,2
613,248,3,2
613,249,3,2
613,250,3,2
613,251,3,2
613,252,3,2
613,253,3,2
613,254,3,2
613,255,3,2
613,256,3,2
613,257,3,2
613,258,3,2
613,259,3,2
613,260,3,2
613,261,3,2
613,262,3,2
613,263,3,2
613,264,3,2
613,265,3,2
613,266,3,2
613,267,3,2
613,268,3,2
613,269,3,2
613,270,3,2
613,271,3,2
613,272,3,2
613,273,3,2
613,274,3,2
613,275,3,2
613,276,3,2
613,277,3,2
613,278,3,2
613,279,3,2
613,280,3,2
613,281,3,2
613,282,3,2
613,283,3,2
613,284,3,2
613,285,3,2
613,286,3,2
613,287,3,2
613,288,3,2
613,289,3,2
613,290,3,2
613,291,3,2
613,292,3,2
613,293,3,2
613,294,3,2
613,295,3,2
613,296,3,2
613,297,3,2
613,298,3,2
613,299,3,2
613,300,3,2
613,301,3,2
613,302,3,2
613,303,3,2
613,304,3,2
613,305,3,2
613,306,3,2
613,307,3,2
613,308,3,2
613,309,3,2
613,310,3,2
613,311,3,2
613,312,3,2
613,313,3,2
613,314,3,2
613,315,3,2
613,316,3,2
613,317,3,2
613,318,3,2
613,319,3,2
613,320,3,2
613,321,3,2
613,322,3,2
613,323,3,2
613,324,3,2
613,325,3,2
613,326,3,2
613,327,3,2
613,328,3,2
613,329,3,2
613,330,3,2
613,331,3,2
613,332,3,2
613,333,3,2
613,334,3,2
613,335,3,2
613,336,3,2
613,337,3,2
613,338,3,2
613,339,3,2
613,340,3,2
613,341,3,2
613,342,3,2
613,343,3,2
613,344,3,2
613,345,3,2
613,346,3,2
613,347,3,2
613,348,3,2
613,349,3,2
613,350,3,2
613,351,3,2
613,352,3,2
613,353,3,2
613,354,3,2
613,355,3,2
613,356,3,2
613,357,3,2
613,358,3,2
613,359,3,2
613,360,3,2
613,361,3,2
613,362,3,2
613,363,3,2
613,364,3,2
613,365,3,2
613,366,3,2
613,367,3,2
613,368,3,2
613,369,3,2
613,370,3,2
613,371,3,2
613,372,3,2
613,373,3,2
613,374,3,2
613,375,3,2
613,376,3,2
613,377,3,2
613,378,3,2
613,379,3,2
613,380,3,2
613,381,3,2
613,382,3,2
613,383,3,2
613,384,3,2
613,385,3,2
613,386,3,2
613,387,3,2
613,388,3,2
613,389,3,2
613,390,3,2
613,391,3,2
613,392,3,2
613,393,3,2
613,394,3,2
613,395,3,2
613,396,3,2
613,397,3,2
613,398,3,2
613,399,3,2
613,400,3,2
613,401,3,2
613,402,3,2
613,403,3,2
613,404,3,2
613,405,3,2
613,406,3,2
613,407,3,2
613,408,3,2
613,409,3,2
613,410,3,2
613,411,3,2
613,412,3,2
613,413,3,2
613,414,3,2
613,415,3,2
613,416,3,2
613,417,3,2
613,418,3,2
613,419,3,2
613,420,3,2
613,421,3,2
613,422,3,2
613,423,3,2
613,424,3,2
613,425,3,2
613,426,3,2
613,427,3,2
613,428,3,2
613,429,3,2
613,430,3,2
613,431,3,2
613,432,3,2
613,433,3,2
613,434,3,2
613,435,3,2
613,436,3,2
613,437,3,2
613,438,3,2
613,439,3,2
613,440,3,2
613,441,3,2
613,442,3,2
613,443,3,2
613,444,3,2
613,445,3,2
613,446,3,2
613,447,3,2
613,448,3,2
613,449,3,2
613,450,3,2
613,451,3,2
613,452,3,2
613,453,3,2
613,454,3,2
613,455,3,2
613,456,3,2
613,457,3,2
613,458,3,2
613,459,3,2
613,460,3,2
613,461,3,2
613,462,3,2
613,463,3,2
613,464,3,2
613,465,3,2
613,466,3,2
613,467,3,2
613,468,3,2
613,469,3,2
613,470,3,2
613,471,3,2
613,472,3,2
613,473,3,2
613,474,3,2
613,475,3,2
613,476,3,2
613,477,3,2
613,478,3,2
613,479,3,2
613,480,3,2
613,481,3,2
613,482,3,2
613,483,3,2
613,484,3,2
613,485,3,2
613,486,3,2
613,487,3,2
613,488,3,2
613,489,3,2
613,490,3,2
613,491,3,2
613,492,3,2
613,493,3,2
613,494,3,2
613,495,3,2
613,496,3,2
613,497,3,2
613,498,3,2
613,499,3,2
613,500,3,2
613,501,3,2
613,502,3,2
613,503,3,2
613,504,3,2
613,505,3,2
613,506,3,2
613,507,3,2
613,508,3,2
613,509,3,2
613,510,3,2
613,511,3,2
613,512,3,2
613,513,3,2
613,514,3,2
613,515,3,2
613,516,3,2
613,517,3,2
613,518,3,2
613,519,3,2
613,520,3,2
613,521,3,2
613,522,3,2
613,523,3,2
613,524,3,2
613,525,3,2
613,526,3,2
613,527,3,2
613,528,3,2
613,529,3,2
613,530,3,2
613,531,3,2
613,532,3,2
613,533,3,2
613,534,3,2
613,535,3,2
613,536,3,2
613,537,3,2
613,538,3,2
613,539,3,2
613,540,3,2
613,541,3,2
613,542,3,2
613,543,3,2
613,544,3,2
613,545,3,2
613,546,3,2
613,547,3,2
613,548,3,2
613,549,3,2
613,550,3,2
613,551,3,2
613,552,3,2
613,553,3,2
613,554,3,2
613,555,3,2
613,556,3,2
613,557,3,2
613,558,3,2
613,559,3,2
613,560,3,2
613,561,3,2
613,562,3,2
613,563,3,2
613,564,3,2
613,565,3,2
613,566,3,2
613,567,3,2
613,568,3,2
613,569,3,2
613,570,3,2
613,571,3,2
613,572,3,2
613,573,3,2
613,574,3,2
613,575,3,2
613,576,3,2
613,577,3,2
613,578,3,2
613,579,3,2
613,580,3,2
613,581,3,2
613,582,3,2
614,107,3,2
614,108,3,2
614,109,3,2
614,110,3,2
614,111,3,2
614,112,3,2
614,113,3,2
614,114,3,2
614,115,3,2
614,116,3,2
614,117,3,2
614,118,3,2
614,119,3,2
614,120,3,2
614,121,3,2
614,122,3,2
614,123,3,2
614,124,3,2
614,125,3,2
614,126,3,2
614,127,3,2
614,128,3,2
614,129,3,2
614,130,3,2
614,131,3,2
614,132,3,2
614,133,3,2
614,134,3,2
614,135,3,2
614,136,3,2
614,137,3,2
614,138,3,2
614,139,3,2
614,140,3,2
614,141,3,2
614,142,3,2
614,143,3,2
614,144,3,2
614,145,3,2
614,146,3,2
614,147,3,2
614,148,3,2
614,149,3,2
614,150,3,2
614,151,3,2
614,152,3,2
614,153,3,2
614,154,3,2
614,155,3,2
614,156,3,2
614,157,3,2
614,158,3,2
614,159,3,2
614,160,3,2
614,161,3,2
614,162,3,2
614,163,3,2
614,164,3,2
614,165,3,2
614,166,3,2
614,167,3,2
614,168,3,2
614,169,3,2
614,170,3,2
614,171,3,2
614,172,3,2
614,173,3,2
614,174,3,2
614,175,3,2
614,176,3,2
614,177,3,2
614,178,3,2
614,179,3,2
614,180,3,2
614,181,3,2
614,182,3,2
614,183,3,2
614,184,3,2
614,185,3,2
614,186,3,2
614,187,3,2
614,188,3,2
614,189,3,2
614,190,3,2
614,191,3,2
614,192,3,2
614,193,3,2
614,194,3,2
614,195,3,2
614,196,3,2
614,197,3,2
614,198,3,2
614,199,3,2
614,200,3,2
614,201,3,2
614,202,3,2
614,203,3,2
614,204,3,2
614,205,3,2
614,206,3,2
614,207,3,2
614,208,3,2
614,209,3,2
614,210,3,2
614,211,3,2
614,212,3,2
614,213,3,2
614,214,3,2
614,215,3,2
614,216,3,2
614,217,3,2
614,218,3,2
614,219,3,2
614,220,3,2
614,221,3,2
614,222,3,2
614,223,3,2
614,224,3,2
614,225,3,2
614,226,3,2
614,227,3,2
614,228,3,2
614,229,3,2
614,230,3,2
614,231,3,2
614,232,3,2
614,233,3,2
614,234,3,2
614,235,3,2
614,236,3,2
614,237,3,2
614,238,3,2
614,239,3,2
614,240,3,2
614,241,3,2
614,242,3,2
614,243,3,2
614,244,3,2
614,245,3,2
614,246,3,2
614,247,3,2
614,248,3,2
614,249,3,2
614,250,3,2
614,251,3,2
614,252,3,2
614,253,3,2
614,254,3,2
614,255,3,2
614,256,3,2
614,257,3,2
614,258,3,2
614,259,3,2
614,260,3,2
614,261,3,2
614,262,3,2
614,263,3,2
614,264,3,2
614,265,3,2
614,266,3,2
614,267,3,2
614,268,3,2
614,269,3,2
614,270,3,2
614,271,3,2
614,272,3,2
614,273,3,2
614,274,3,2
614,275,3,2
614,276,3,2
614,277,3,2
614,278,3,2
614,279,3,2
614,280,3,2
614,281,3,2
614,282,3,2
614,283,3,2
614,284,3,2
614,285,3,2
614,286,3,2
614,287,3,2
614,288,3,2
614,289,3,2
614,290,3,2
614,291,3,2
614,292,3,2
614,293,3,2
614,294,3,2
614,295,3,2
614,296,3,2
614,297,3,2
614,298,3,2
614,299,3,2
614,300,3,2
614,301,3,2
614,302,3,2
614,303,3,2
614,304,3,2
614,305,3,2
614,306,3,2
614,307,3,2
614,308,3,2
614,309,3,2
614,310,3,2
614,311,3,2
614,312,3,2
614,313,3,2
614,314,3,2
614,315,3,2
614,316,3,2
614,317,3,2
614,318,3,2
614,319,3,2
614,320,3,2
614,321,3,2
614,322,3,2
614,323,3,2
614,324,3,2
614,325,3,2
614,326,3,2
614,327,3,2
614,328,3,2
614,329,3,2
614,330,3,2
614,331,3,2
614,332,3,2
614,333,3,2
614,334,3,2
614,335,3,2
614,336,3,2
614,337,3,2
614,338,3,2
614,339,3,2
614,340,3,2
614,341,3,2
614,342,3,2
614,343,3,2
614,344,3,2
614,345,3,2
614,346,3,2
614,347,3,2
614,348,3,2
614,349,3,2
614,350,3,2
614,351,3,2
614,352,3,2
614,353,3,2
614,354,3,2
614,355,3,2
614,356,3,2
614,357,3,2
614,358,3,2
614,359,3,2
614,360,3,2
614,361,3,2
614,362,3,2
614,363,3,2
614,364,3,2
614,365,3,2
614,366,3,2
614,367,3,2
614,368,3,2
614,369,3,2
614,370,3,2
614,371,3,2
614,372,3,2
614,373,3,2
614,374,3,2
614,375,3,2
614,376,3,2
614,377,3,2
614,378,3,2
614,379,3,2
614,380,3,2
614,381,3,2
614,382,3,2
614,383,3,2
614,384,3,2
614,385,3,2
614,386,3,2
614,387,3,2
614,388,3,2
614,389,3,2
614,390,3,2
614,391,3,2
614,392,3,2
614,393,3,2
614,394,3,2
614,395,3,2
614,396,3,2
614,397,3,2
614,398,3,2
614,399,3,2
614,400,3,2
614,401,3,2
614,402,3,2
614,403,3,2
614,404,3,2
614,405,3,2
614,406,3,2
614,407,3,2
614,408,3,2
614,409,3,2
614,410,3,2
614,411,3,2
614,412,3,2
614,413,3,2
614,414,3,2
614,415,3,2
614,416,3,2
614,417,3,2
614,418,3,2
614,419,3,2
614,420,3,2
614,421,3,2
614,422,3,2
614,423,3,2
614,424,3,2
614,425,3,2
614,426,3,2
614,427,3,2
614,428,3,2
614,429,3,2
614,430,3,2
614,431,3,2
614,432,3,2
614,433,3,2
614,434,3,2
614,435,3,2
614,436,3,2
614,437,3,2
614,438,3,2
614,439,3,2
614,440,3,2
614,441,3,2
614,442,3,2
614,443,3,2
614,444,3,2
614,445,3,2
614,446,3,2
614,447,3,2
614,448,3,2
614,449,3,2
614,450,3,2
614,451,3,2
614,452,3,2
614,453,3,2
614,454,3,2
614,455,3,2
614,456,3,2
614,457,3,2
614,458,3,2
614,459,3,2
614,460,3,2
614,461,3,2
614,462,3,2
614,463,3,2
614,464,3,2
614,465,3,2
614,466,3,2
614,467,3,2
614,468,3,2
614,469,3,2
614,470,3,2
614,471,3,2
614,472,3,2
614,473,3,2
614,474,3,2
614,475,3,2
614,476,3,2
614,477,3,2
614,478,3,2
614,479,3,2
614,480,3,2
614,481,3,2
614,482,3,2
614,483,3,2
614,484,3,2
614,485,3,2
614,486,3,2
614,487,3,2
614,488,3,2
614,489,3,2
614,490,3,2
614,491,3,2
614,492,3,2
614,493,3,2
614,494,3,2
614,495,3,2
614,496,3,2
614,497,3,2
614,498,3,2
614,499,3,2
614,500,3,2
614,501,3,2
614,502,3,2
614,503,3,2
614,504,3,2
614,505,3,2
614,506,3,2
614,507,3,2
614,508,3,2
614,509,3,2
614,510,3,2
614,511,3,2
614,512,3,2
614,513,3,2
614,514,3,2
614,515,3,2
614,516,3,2
614,517,3,2
614,518,3,2
614,519,3,2
614,520,3,2
614,521,3,2
614,522,3,2
614,523,3,2
614,524,3,2
614,525,3,2
614,526,3,2
614,527,3,2
614,528,3,2
614,529,3,2
614,530,3,2
614,531,3,2
614,532,3,2
614,533,3,2
614,534,3,2
614,535,3,2
614,536,3,2
614,537,3,2
614,538,3,2
614,539,3,2
614,540,3,2
614,541,3,2
614,542,3,2
614,543,3,2
614,544,3,2
614,545,3,2
614,546,3,2
614,547,3,2
614,548,3,2
614,549,3,2
614,550,3,2
614,551,3,2
614,552,3,2
614,553,3,2
614,554,3,2
614,555,3,2
614,556,3,2
614,557,3,2
614,558,3,2
614,559,3,2
614,560,3,2
614,561,3,2
614,562,3,2
614,563,3,2
614,564,3,2
614,565,3,2
614,566,3,2
614,567,3,2
614,568,3,2
614,569,3,2
614,570,3,2
614,571,3,2
614,572,3,2
614,573,3,2
614,574,3,2
614,575,3,2
614,576,3,2
614,577,3,2
614,578,3,2
614,579,3,2
614,580,3,2
614,581,3,2
614,582,3,2
615,107,3,2
615,108,3,2
615,109,3,2
615,110,3,2
615,111,3,2
615,112,3,2
615,113,3,2
615,114,3,2
615,115,3,2
615,116,3,2
615,117,3,2
615,118,3,2
615,119,3,2
615,120,3,2
615,121,3,2
615,122,3,2
615,123,3,2
615,124,3,2
615,125,3,2
615,126,3,2
615,127,3,2
615,128,3,2
615,129,3,2
615,130,3,2
615,131,3,2
615,132,3,2
615,133,3,2
615,134,3,2
615,135,3,2
615,136,3,2
615,137,3,2
615,138,3,2
615,139,3,2
615,140,3,2
615,141,3,2
615,142,3,2
615,143,3,2
615,144,3,2
615,145,3,2
615,146,3,2
615,147,3,2
615,148,3,2
615,149,3,2
615,150,3,2
615,151,3,2
615,152,3,2
615,153,3,2
615,154,3,2
615,155,3,2
615,156,3,2
615,157,3,2
615,158,3,2
615,159,3,2
615,160,3,2
615,161,3,2
615,162,3,2
615,163,3,2
615,164,3,2
615,165,3,2
615,166,3,2
615,167,3,2
615,168,3,2
615,169,3,2
615,170,3,2
615,171,3,2
615,172,3,2
615,173,3,2
615,174,3,2
615,175,3,2
615,176,3,2
615,177,3,2
615,178,3,2
615,179,3,2
615,180,3,2
615,181,3,2
615,182,3,2
615,183,3,2
615,184,3,2
615,185,3,2
615,186,3,2
615,187,3,2
615,188,3,2
615,189,3,2
615,190,3,2
615,191,3,2
615,192,3,2
615,193,3,2
615,194,3,2
615,195,3,2
615,196,3,2
615,197,3,2
615,198,3,2
615,199,3,2
615,200,3,2
615,201,3,2
615,202,3,2
615,203,3,2
615,204,3,2
615,205,3,2
615,206,3,2
615,207,3,2
615,208,3,2
615,209,3,2
615,210,3,2
615,211,3,2
615,212,3,2
615,213,3,2
615,214,3,2
615,215,3,2
615,216,3,2
615,217,3,2
615,218,3,2
615,219,3,2
615,220,3,2
615,221,3,2
615,222,3,2
615,223,3,2
615,224,3,2
615,225,3,2
615,226,3,2
615,227,3,2
615,228,3,2
615,229,3,2
615,230,3,2
615,231,3,2
615,232,3,2
615,233,3,2
615,234,3,2
615,235,3,2
615,236,3,2
615,237,3,2
615,238,3,2
615,239,3,2
615,240,3,2
615,241,3,2
615,242,3,2
615,243,3,2
615,244,3,2
615,245,3,2
615,246,3,2
615,247,3,2
615,248,3,2
615,249,3,2
615,250,3,2
615,251,3,2
615,252,3,2
615,253,3,2
615,254,3,2
615,255,3,2
615,256,3,2
615,257,3,2
615,258,3,2
615,259,3,2
615,260,3,2
615,261,3,2
615,262,3,2
615,263,3,2
615,264,3,2
615,265,3,2
615,266,3,2
615,267,3,2
615,268,3,2
615,269,3,2
615,270,3,2
615,271,3,2
615,272,3,2
615,273,3,2
615,274,3,2
615,275,3,2
615,276,3,2
615,277,3,2
615,278,3,2
615,279,3,2
615,280,3,2
615,281,3,2
615,282,3,2
615,283,3,2
615,284,3,2
615,285,3,2
615,286,3,2
615,287,3,2
615,288,3,2
615,289,3,2
615,290,3,2
615,291,3,2
615,292,3,2
615,293,3,2
615,294,3,2
615,295,3,2
615,296,3,2
615,297,3,2
615,298,3,2
615,299,3,2
615,300,3,2
615,301,3,2
615,302,3,2
615,303,3,2
615,304,3,2
615,305,3,2
615,306,3,2
615,307,3,2
615,308,3,2
615,309,3,2
615,310,3,2
615,311,3,2
615,312,3,2
615,313,3,2
615,314,3,2
615,315,3,2
615,316,3,2
615,317,3,2
615,318,3,2
615,319,3,2
615,320,3,2
615,321,3,2
615,322,3,2
615,323,3,2
615,324,3,2
615,325,3,2
615,326,3,2
615,327,3,2
615,328,3,2
615,329,3,2
615,330,3,2
615,331,3,2
615,332,3,2
615,333,3,2
615,334,3,2
615,335,3,2
615,336,3,2
615,337,3,2
615,338,3,2
615,339,3,2
615,340,3,2
615,341,3,2
615,342,3,2
615,343,3,2
615,344,3,2
615,345,3,2
615,346,3,2
615,347,3,2
615,348,3,2
615,349,3,2
615,350,3,2
615,351,3,2
615,352,3,2
615,353,3,2
615,354,3,2
615,355,3,2
615,356,3,2
615,357,3,2
615,358,3,2
615,359,3,2
615,360,3,2
615,361,3,2
615,362,3,2
615,363,3,2
615,364,3,2
615,365,3,2
615,366,3,2
615,367,3,2
615,368,3,2
615,369,3,2
615,370,3,2
615,371,3,2
615,372,3,2
615,373,3,2
615,374,3,2
615,375,3,2
615,376,3,2
615,377,3,2
615,378,3,2
615,379,3,2
615,380,3,2
615,381,3,2
615,382,3,2
615,383,3,2
615,384,3,2
615,385,3,2
615,386,3,2
615,387,3,2
615,388,3,2
615,389,3,2
615,390,3,2
615,391,3,2
615,392,3,2
615,393,3,2
615,394,3,2
615,395,3,2
615,396,3,2
615,397,3,2
615,398,3,2
615,399,3,2
615,400,3,2
615,401,3,2
615,402,3,2
615,403,3,2
615,404,3,2
615,405,3,2
615,406,3,2
615,407,3,2
615,408,3,2
615,409,3,2
615,410,3,2
615,411,3,2
615,412,3,2
615,413,3,2
615,414,3,2
615,415,3,2
615,416,3,2
615,417,3,2
615,418,3,2
615,419,3,2
615,420,3,2
615,421,3,2
615,422,3,2
615,423,3,2
615,424,3,2
615,425,3,2
615,426,3,2
615,427,3,2
615,428,3,2
615,429,3,2
615,430,3,2
615,431,3,2
615,432,3,2
615,433,3,2
615,434,3,2
615,435,3,2
615,436,3,2
615,437,3,2
615,438,3,2
615,439,3,2
615,440,3,2
615,441,3,2
615,442,3,2
615,443,3,2
615,444,3,2
615,445,3,2
615,446,3,2
615,447,3,2
615,448,3,2
615,449,3,2
615,450,3,2
615,451,3,2
615,452,3,2
615,453,3,2
615,454,3,2
615,455,3,2
615,456,3,2
615,457,3,2
615,458,3,2
615,459,3,2
615,460,3,2
615,461,3,2
615,462,3,2
615,463,3,2
615,464,3,2
615,465,3,2
615,466,3,2
615,467,3,2
615,468,3,2
615,469,3,2
615,470,3,2
615,471,3,2
615,472,3,2
615,473,3,2
615,474,3,2
615,475,3,2
615,476,3,2
615,477,3,2
615,478,3,2
615,479,3,2
615,480,3,2
615,481,3,2
615,482,3,2
615,483,3,2
615,484,3,2
615,485,3,2
615,486,3,2
615,487,3,2
615,488,3,2
615,489,3,2
615,490,3,2
615,491,3,2
615,492,3,2
615,493,3,2
615,494,3,2
615,495,3,2
615,496,3,2
615,497,3,2
615,498,3,2
615,499,3,2
615,500,3,2
615,501,3,2
615,502,3,2
615,503,3,2
615,504,3,2
615,505,3,2
615,506,3,2
615,507,3,2
615,508,3,2
615,509,3,2
615,510,3,2
615,511,3,2
615,512,3,2
615,513,3,2
615,514,3,2
615,515,3,2
615,516,3,2
615,517,3,2
615,518,3,2
615,519,3,2
615,520,3,2
615,521,3,2
615,522,3,2
615,523,3,2
615,524,3,2
615,525,3,2
615,526,3,2
615,527,3,2
615,528,3,2
615,529,3,2
615,530,3,2
615,531,3,2
615,532,3,2
615,533,3,2
615,534,3,2
615,535,3,2
615,536,3,2
615,537,3,2
615,538,3,2
615,539,3,2
615,540,3,2
615,541,3,2
615,542,3,2
615,543,3,2
615,544,3,2
615,545,3,2
615,546,3,2
615,547,3,2
615,548,3,2
615,549,3,2
615,550,3,2
615,551,3,2
615,552,3,2
615,553,3,2
615,554,3,2
615,555,3,2
615,556,3,2
615,557,3,2
615,558,3,2
615,559,3,2
615,560,3,2
615,561,3,2
615,562,3,2
615,563,3,2
615,564,3,2
615,565,3,2
615,566,3,2
615,567,3,2
615,568,3,2
615,569,3,2
615,570,3,2
615,571,3,2
615,572,3,2
615,573,3,2
615,574,3,2
615,575,3,2
615,576,3,2
615,578,3,2
615,579,3,2
616,107,3,2
616,108,3,2
616,109,3,2
616,110,3,2
616,111,3,2
616,112,3,2
616,113,3,2
616,114,3,2
616,115,3,2
616,116,3,2
616,117,3,2
616,118,3,2
616,119,3,2
616,120,3,2
616,121,3,2
616,122,3,2
616,123,3,2
616,124,3,2
616,125,3,2
616,126,3,2
616,127,3,2
616,128,3,2
616,129,3,2
616,130,3,2
616,131,3,2
616,132,3,2
616,133,3,2
616,134,3,2
616,135,3,2
616,136,3,2
616,137,3,2
616,138,3,2
616,139,3,2
616,140,3,2
616,141,3,2
616,142,3,2
616,143,3,2
616,144,3,2
616,145,3,2
616,146,3,2
616,147,3,2
616,148,3,2
616,149,3,2
616,150,3,2
616,151,3,2
616,152,3,2
616,153,3,2
616,154,3,2
616,155,3,2
616,156,3,2
616,157,3,2
616,158,3,2
616,159,3,2
616,160,3,2
616,161,3,2
616,162,3,2
616,163,3,2
616,164,3,2
616,165,3,2
616,166,3,2
616,167,3,2
616,168,3,2
616,169,3,2
616,170,3,2
616,171,3,2
616,172,3,2
616,173,3,2
616,174,3,2
616,175,3,2
616,176,3,2
616,177,3,2
616,178,3,2
616,179,3,2
616,180,3,2
616,181,3,2
616,182,3,2
616,183,3,2
616,184,3,2
616,185,3,2
616,186,3,2
616,187,3,2
616,188,3,2
616,189,3,2
616,190,3,2
616,191,3,2
616,192,3,2
616,193,3,2
616,194,3,2
616,195,3,2
616,196,3,2
616,197,3,2
616,198,3,2
616,199,3,2
616,200,3,2
616,201,3,2
616,202,3,2
616,203,3,2
616,204,3,2
616,205,3,2
616,206,3,2
616,207,3,2
616,208,3,2
616,209,3,2
616,210,3,2
616,211,3,2
616,212,3,2
616,213,3,2
616,214,3,2
616,215,3,2
616,216,3,2
616,217,3,2
616,218,3,2
616,219,3,2
616,220,3,2
616,221,3,2
616,222,3,2
616,223,3,2
616,224,3,2
616,225,3,2
616,226,3,2
616,227,3,2
616,228,3,2
616,229,3,2
616,230,3,2
616,231,3,2
616,232,3,2
616,233,3,2
616,234,3,2
616,235,3,2
616,236,3,2
616,237,3,2
616,238,3,2
616,239,3,2
616,240,3,2
616,241,3,2
616,242,3,2
616,243,3,2
616,244,3,2
616,245,3,2
616,246,3,2
616,247,3,2
616,248,3,2
616,249,3,2
616,250,3,2
616,251,3,2
616,252,3,2
616,253,3,2
616,254,3,2
616,255,3,2
616,256,3,2
616,257,3,2
616,258,3,2
616,259,3,2
616,260,3,2
616,261,3,2
616,262,3,2
616,263,3,2
616,264,3,2
616,265,3,2
616,266,3,2
616,267,3,2
616,268,3,2
616,269,3,2
616,270,3,2
616,271,3,2
616,272,3,2
616,273,3,2
616,274,3,2
616,275,3,2
616,276,3,2
616,277,3,2
616,278,3,2
616,279,3,2
616,280,3,2
616,281,3,2
616,282,3,2
616,283,3,2
616,284,3,2
616,285,3,2
616,286,3,2
616,287,3,2
616,288,3,2
616,289,3,2
616,290,3,2
616,291,3,2
616,292,3,2
616,293,3,2
616,294,3,2
616,295,3,2
616,296,3,2
616,297,3,2
616,298,3,2
616,299,3,2
616,300,3,2
616,301,3,2
616,302,3,2
616,303,3,2
616,304,3,2
616,305,3,2
616,306,3,2
616,307,3,2
616,308,3,2
616,309,3,2
616,310,3,2
616,311,3,2
616,312,3,2
616,313,3,2
616,314,3,2
616,315,3,2
616,316,3,2
616,317,3,2
616,318,3,2
616,319,3,2
616,320,3,2
616,321,3,2
616,322,3,2
616,323,3,2
616,324,3,2
616,325,3,2
616,326,3,2
616,327,3,2
616,328,3,2
616,329,3,2
616,330,3,2
616,331,3,2
616,332,3,2
616,333,3,2
616,334,3,2
616,335,3,2
616,336,3,2
616,337,3,2
616,338,3,2
616,339,3,2
616,340,3,2
616,341,3,2
616,342,3,2
616,343,3,2
616,344,3,2
616,345,3,2
616,346,3,2
616,347,3,2
616,348,3,2
616,349,3,2
616,350,3,2
616,351,3,2
616,352,3,2
616,353,3,2
616,354,3,2
616,355,3,2
616,356,3,2
616,357,3,2
616,358,3,2
616,359,3,2
616,360,3,2
616,361,3,2
616,362,3,2
616,363,3,2
616,364,3,2
616,365,3,2
616,366,3,2
616,367,3,2
616,368,3,2
616,369,3,2
616,370,3,2
616,371,3,2
616,372,3,2
616,373,3,2
616,374,3,2
616,375,3,2
616,376,3,2
616,377,3,2
616,378,3,2
616,379,3,2
616,380,3,2
616,381,3,2
616,382,3,2
616,383,3,2
616,384,3,2
616,385,3,2
616,386,3,2
616,387,3,2
616,388,3,2
616,389,3,2
616,390,3,2
616,391,3,2
616,392,3,2
616,393,3,2
616,394,3,2
616,395,3,2
616,396,3,2
616,397,3,2
616,398,3,2
616,399,3,2
616,400,3,2
616,401,3,2
616,402,3,2
616,403,3,2
616,404,3,2
616,405,3,2
616,406,3,2
616,407,3,2
616,408,3,2
616,409,3,2
616,410,3,2
616,411,3,2
616,412,3,2
616,413,3,2
616,414,3,2
616,415,3,2
616,416,3,2
616,417,3,2
616,418,3,2
616,419,3,2
616,420,3,2
616,421,3,2
616,422,3,2
616,423,3,2
616,424,3,2
616,425,3,2
616,426,3,2
616,427,3,2
616,428,3,2
616,429,3,2
616,430,3,2
616,431,3,2
616,432,3,2
616,433,3,2
616,434,3,2
616,435,3,2
616,436,3,2
616,437,3,2
616,438,3,2
616,439,3,2
616,440,3,2
616,441,3,2
616,442,3,2
616,443,3,2
616,444,3,2
616,445,3,2
616,446,3,2
616,447,3,2
616,448,3,2
616,449,3,2
616,450,3,2
616,451,3,2
616,452,3,2
616,453,3,2
616,454,3,2
616,455,3,2
616,456,3,2
616,457,3,2
616,458,3,2
616,459,3,2
616,460,3,2
616,461,3,2
616,462,3,2
616,463,3,2
616,464,3,2
616,465,3,2
616,466,3,2
616,467,3,2
616,468,3,2
616,469,3,2
616,470,3,2
616,471,3,2
616,472,3,2
616,473,3,2
616,474,3,2
616,475,3,2
616,476,3,2
616,477,3,2
616,478,3,2
616,479,3,2
616,480,3,2
616,481,3,2
616,482,3,2
616,483,3,2
616,484,3,2
616,485,3,2
616,486,3,2
616,487,3,2
616,488,3,2
616,489,3,2
616,490,3,2
616,491,3,2
616,492,3,2
616,493,3,2
616,494,3,2
616,495,3,2
616,496,3,2
616,497,3,2
616,498,3,2
616,499,3,2
616,500,3,2
616,501,3,2
616,502,3,2
616,503,3,2
616,504,3,2
616,505,3,2
616,506,3,2
616,507,3,2
616,508,3,2
616,509,3,2
616,510,3,2
616,511,3,2
616,512,3,2
616,513,3,2
616,514,3,2
616,515,3,2
616,516,3,2
616,517,3,2
616,518,3,2
616,519,3,2
616,520,3,2
616,521,3,2
616,522,3,2
616,523,3,2
616,524,3,2
616,525,3,2
616,526,3,2
616,527,3,2
616,528,3,2
616,529,3,2
616,530,3,2
616,531,3,2
616,532,3,2
616,533,3,2
616,534,3,2
616,535,3,2
616,536,3,2
616,537,3,2
616,538,3,2
616,539,3,2
616,540,3,2
616,541,3,2
616,542,3,2
616,543,3,2
616,544,3,2
616,545,3,2
616,546,3,2
616,547,3,2
616,548,3,2
616,549,3,2
616,550,3,2
616,551,3,2
616,552,3,2
616,553,3,2
616,554,3,2
616,555,3,2
616,556,3,2
616,557,3,2
616,558,3,2
616,559,3,2
616,560,3,2
616,561,3,2
616,562,3,2
616,563,3,2
616,564,3,2
616,565,3,2
616,566,3,2
616,567,3,2
616,568,3,2
616,569,3,2
616,570,3,2
616,571,3,2
616,572,3,2
616,573,3,2
616,574,3,2
616,575,3,2
616,576,3,2
616,577,3,2
617,108,3,2
617,109,3,2
617,110,3,2
617,111,3,2
617,112,3,2
617,113,3,2
617,114,3,2
617,115,3,2
617,116,3,2
617,117,3,2
617,118,3,2
617,119,3,2
617,120,3,2
617,121,3,2
617,122,3,2
617,123,3,2
617,124,3,2
617,125,3,2
617,126,3,2
617,127,3,2
617,128,3,2
617,129,3,2
617,130,3,2
617,131,3,2
617,132,3,2
617,133,3,2
617,134,3,2
617,135,3,2
617,136,3,2
617,137,3,2
617,138,3,2
617,139,3,2
617,140,3,2
617,141,3,2
617,142,3,2
617,143,3,2
617,144,3,2
617,145,3,2
617,146,3,2
617,147,3,2
617,148,3,2
617,149,3,2
617,150,3,2
617,151,3,2
617,152,3,2
617,153,3,2
617,154,3,2
617,155,3,2
617,156,3,2
617,157,3,2
617,158,3,2
617,159,3,2
617,160,3,2
617,161,3,2
617,162,3,2
617,163,3,2
617,164,3,2
617,165,3,2
617,166,3,2
617,167,3,2
617,168,3,2
617,169,3,2
617,170,3,2
617,171,3,2
617,172,3,2
617,173,3,2
617,174,3,2
617,175,3,2
617,176,3,2
617,177,3,2
617,178,3,2
617,179,3,2
617,180,3,2
617,181,3,2
617,182,3,2
617,183,3,2
617,184,3,2
617,185,3,2
617,186,3,2
617,187,3,2
617,188,3,2
617,189,3,2
617,190,3,2
617,191,3,2
617,192,3,2
617,193,3,2
617,194,3,2
617,195,3,2
617,196,3,2
617,197,3,2
617,198,3,2
617,199,3,2
617,200,3,2
617,201,3,2
617,202,3,2
617,203,3,2
617,204,3,2
617,205,3,2
617,206,3,2
617,207,3,2
617,208,3,2
617,209,3,2
617,210,3,2
617,211,3,2
617,212,3,2
617,213,3,2
617,214,3,2
617,215,3,2
617,216,3,2
617,217,3,2
617,218,3,2
617,219,3,2
617,220,3,2
617,221,3,2
617,222,3,2
617,223,3,2
617,224,3,2
617,225,3,2
617,226,3,2
617,227,3,2
617,228,3,2
617,229,3,2
617,230,3,2
617,231,3,2
617,232,3,2
617,233,3,2
617,234,3,2
617,235,3,2
617,236,3,2
617,237,3,2
617,238,3,2
617,239,3,2
617,240,3,2
617,241,3,2
617,242,3,2
617,243,3,2
617,244,3,2
617,245,3,2
617,246,3,2
617,247,3,2
617,248,3,2
617,249,3,2
617,250,3,2
617,251,3,2
617,252,3,2
617,253,3,2
617,254,3,2
617,255,3,2
617,256,3,2
617,257,3,2
617,258,3,2
617,259,3,2
617,260,3,2
617,261,3,2
617,262,3,2
617,263,3,2
617,264,3,2
617,265,3,2
617,266,3,2
617,267,3,2
617,268,3,2
617,269,3,2
617,270,3,2
617,271,3,2
617,272,3,2
617,273,3,2
617,274,3,2
617,275,3,2
617,276,3,2
617,277,3,2
617,278,3,2
617,279,3,2
617,280,3,2
617,281,3,2
617,282,3,2
617,283,3,2
617,284,3,2
617,285,3,2
617,286,3,2
617,287,3,2
617,288,3,2
617,289,3,2
617,290,3,2
617,291,3,2
617,292,3,2
617,293,3,2
617,294,3,2
617,295,3,2
617,296,3,2
617,297,3,2
617,298,3,2
617,299,3,2
617,300,3,2
617,301,3,2
617,302,3,2
617,303,3,2
617,304,3,2
617,305,3,2
617,306,3,2
617,307,3,2
617,308,3,2
617,309,3,2
617,310,3,2
617,311,3,2
617,312,3,2
617,313,3,2
617,314,3,2
617,315,3,2
617,316,3,2
617,317,3,2
617,318,3,2
617,319,3,2
617,320,3,2
617,321,3,2
617,322,3,2
617,323,3,2
617,324,3,2
617,325,3,2
617,326,3,2
617,327,3,2
617,328,3,2
617,329,3,2
617,330,3,2
617,331,3,2
617,332,3,2
617,333,3,2
617,334,3,2
617,335,3,2
617,336,3,2
617,337,3,2
617,338,3,2
617,339,3,2
617,340,3,2
617,341,3,2
617,342,3,2
617,343,3,2
617,344,3,2
617,345,3,2
617,346,3,2
617,347,3,2
617,348,3,2
617,349,3,2
617,350,3,2
617,351,3,2
617,352,3,2
617,353,3,2
617,354,3,2
617,355,3,2
617,356,3,2
617,357,3,2
617,358,3,2
617,359,3,2
617,360,3,2
617,361,3,2
617,362,3,2
617,363,3,2
617,364,3,2
617,365,3,2
617,366,3,2
617,367,3,2
617,368,3,2
617,369,3,2
617,370,3,2
617,371,3,2
617,372,3,2
617,373,3,2
617,374,3,2
617,375,3,2
617,376,3,2
617,377,3,2
617,378,3,2
617,379,3,2
617,380,3,2
617,381,3,2
617,382,3,2
617,383,3,2
617,384,3,2
617,385,3,2
617,386,3,2
617,387,3,2
617,388,3,2
617,389,3,2
617,390,3,2
617,391,3,2
617,392,3,2
617,393,3,2
617,394,3,2
617,395,3,2
617,396,3,2
617,397,3,2
617,398,3,2
617,399,3,2
617,400,3,2
617,401,3,2
617,402,3,2
617,403,3,2
617,404,3,2
617,405,3,2
617,406,3,2
617,407,3,2
617,408,3,2
617,409,3,2
617,410,3,2
617,411,3,2
617,412,3,2
617,413,3,2
617,414,3,2
617,415,3,2
617,416,3,2
617,417,3,2
617,418,3,2
617,419,3,2
617,420,3,2
617,421,3,2
617,422,3,2
617,423,3,2
617,424,3,2
617,425,3,2
617,426,3,2
617,427,3,2
617,428,3,2
617,429,3,2
617,430,3,2
617,431,3,2
617,432,3,2
617,433,3,2
617,434,3,2
617,435,3,2
617,436,3,2
617,437,3,2
617,438,3,2
617,439,3,2
617,440,3,2
617,441,3,2
617,442,3,2
617,443,3,2
617,444,3,2
617,445,3,2
617,446,3,2
617,447,3,2
617,448,3,2
617,449,3,2
617,450,3,2
617,451,3,2
617,452,3,2
617,453,3,2
617,454,3,2
617,455,3,2
617,456,3,2
617,457,3,2
617,458,3,2
617,459,3,2
617,460,3,2
617,461,3,2
617,462,3,2
617,463,3,2
617,464,3,2
617,465,3,2
617,466,3,2
617,467,3,2
617,468,3,2
617,469,3,2
617,470,3,2
617,471,3,2
617,472,3,2
617,473,3,2
617,474,3,2
617,475,3,2
617,476,3,2
617,477,3,2
617,478,3,2
617,479,3,2
617,480,3,2
617,481,3,2
617,482,3,2
617,483,3,2
617,484,3,2
617,485,3,2
617,486,3,2
617,487,3,2
617,488,3,2
617,489,3,2
617,490,3,2
617,491,3,2
617,492,3,2
617,493,3,2
617,494,3,2
617,495,3,2
617,496,3,2
617,497,3,2
617,498,3,2
617,499,3,2
617,500,3,2
617,501,3,2
617,502,3,2
617,503,3,2
617,504,3,2
617,505,3,2
617,506,3,2
617,507,3,2
617,508,3,2
617,509,3,2
617,510,3,2
617,511,3,2
617,512,3,2
617,513,3,2
617,514,3,2
617,515,3,2
617,516,3,2
617,517,3,2
617,518,3,2
617,519,3,2
617,520,3,2
617,521,3,2
617,522,3,2
617,523,3,2
617,524,3,2
617,525,3,2
617,526,3,2
617,527,3,2
617,528,3,2
617,529,3,2
617,530,3,2
617,531,3,2
617,532,3,2
617,533,3,2
617,534,3,2
617,535,3,2
617,536,3,2
617,537,3,2
617,538,3,2
617,539,3,2
617,540,3,2
617,541,3,2
617,542,3,2
617,543,3,2
617,544,3,2
617,545,3,2
617,546,3,2
617,547,3,2
617,548,3,2
617,549,3,2
617,550,3,2
617,551,3,2
617,552,3,2
617,553,3,2
617,554,3,2
617,555,3,2
617,556,3,2
617,557,3,2
617,558,3,2
617,559,3,2
617,560,3,2
617,561,3,2
617,562,3,2
617,563,3,2
617,564,3,2
617,565,3,2
617,566,3,2
617,567,3,2
617,568,3,2
617,569,3,2
617,570,3,2
617,571,3,2
617,572,3,2
617,573,3,2
617,574,3,2
618,108,3,2
618,109,3,2
618,110,3,2
618,111,3,2
618,112,3,2
618,113,3,2
618,114,3,2
618,115,3,2
618,116,3,2
618,117,3,2
618,118,3,2
618,119,3,2
618,120,3,2
618,121,3,2
618,122,3,2
618,123,3,2
618,124,3,2
618,125,3,2
618,126,3,2
618,127,3,2
618,128,3,2
618,129,3,2
618,130,3,2
618,131,3,2
618,132,3,2
618,133,3,2
618,134,3,2
618,135,3,2
618,136,3,2
618,137,3,2
618,138,3,2
618,139,3,2
618,140,3,2
618,141,3,2
618,142,3,2
618,143,3,2
618,144,3,2
618,145,3,2
618,146,3,2
618,147,3,2
618,148,3,2
618,149,3,2
618,150,3,2
618,151,3,2
618,152,3,2
618,153,3,2
618,154,3,2
618,155,3,2
618,156,3,2
618,157,3,2
618,158,3,2
618,159,3,2
618,160,3,2
618,161,3,2
618,162,3,2
618,163,3,2
618,164,3,2
618,165,3,2
618,166,3,2
618,167,3,2
618,168,3,2
618,169,3,2
618,170,3,2
618,171,3,2
618,172,3,2
618,173,3,2
618,174,3,2
618,175,3,2
618,176,3,2
618,177,3,2
618,178,3,2
618,179,3,2
618,180,3,2
618,181,3,2
618,182,3,2
618,183,3,2
618,184,3,2
618,185,3,2
618,186,3,2
618,187,3,2
618,188,3,2
618,189,3,2
618,190,3,2
618,191,3,2
618,192,3,2
618,193,3,2
618,194,3,2
618,195,3,2
618,196,3,2
618,197,3,2
618,198,3,2
618,199,3,2
618,200,3,2
618,201,3,2
618,202,3,2
618,203,3,2
618,204,3,2
618,205,3,2
618,206,3,2
618,207,3,2
618,208,3,2
618,209,3,2
618,210,3,2
618,211,3,2
618,212,3,2
618,213,3,2
618,214,3,2
618,215,3,2
618,216,3,2
618,217,3,2
618,218,3,2
618,219,3,2
618,220,3,2
618,221,3,2
618,222,3,2
618,223,3,2
618,224,3,2
618,225,3,2
618,226,3,2
618,227,3,2
618,228,3,2
618,229,3,2
618,230,3,2
618,231,3,2
618,232,3,2
618,233,3,2
618,234,3,2
618,235,3,2
618,236,3,2
618,237,3,2
618,238,3,2
618,239,3,2
618,240,3,2
618,241,3,2
618,242,3,2
618,243,3,2
618,244,3,2
618,245,3,2
618,246,3,2
618,247,3,2
618,248,3,2
618,249,3,2
618,250,3,2
618,251,3,2
618,252,3,2
618,253,3,2
618,254,3,2
618,255,3,2
618,256,3,2
618,257,3,2
618,258,3,2
618,259,3,2
618,260,3,2
618,261,3,2
618,262,3,2
618,263,3,2
618,264,3,2
618,265,3,2
618,266,3,2
618,267,3,2
618,268,3,2
618,269,3,2
618,270,3,2
618,271,3,2
618,272,3,2
618,273,3,2
618,274,3,2
618,275,3,2
618,276,3,2
618,277,3,2
618,278,3,2
618,279,3,2
618,280,3,2
618,281,3,2
618,282,3,2
618,283,3,2
618,284,3,2
618,285,3,2
618,286,3,2
618,287,3,2
618,288,3,2
618,289,3,2
618,290,3,2
618,291,3,2
618,292,3,2
618,293,3,2
618,294,3,2
618,295,3,2
618,296,3,2
618,297,3,2
618,298,3,2
618,299,3,2
618,300,3,2
618,301,3,2
618,302,3,2
618,303,3,2
618,304,3,2
618,305,3,2
618,306,3,2
618,307,3,2
618,308,3,2
618,309,3,2
618,310,3,2
618,311,3,2
618,312,3,2
618,313,3,2
618,314,3,2
618,315,3,2
618,316,3,2
618,317,3,2
618,318,3,2
618,319,3,2
618,320,3,2
618,321,3,2
618,322,3,2
618,323,3,2
618,324,3,2
618,325,3,2
618,326,3,2
618,327,3,2
618,328,3,2
618,329,3,2
618,330,3,2
618,331,3,2
618,332,3,2
618,333,3,2
618,334,3,2
618,335,3,2
618,336,3,2
618,337,3,2
618,338,3,2
618,339,3,2
618,340,3,2
618,341,3,2
618,342,3,2
618,343,3,2
618,344,3,2
618,345,3,2
618,346,3,2
618,347,3,2
618,348,3,2
618,349,3,2
618,350,3,2
618,351,3,2
618,352,3,2
618,353,3,2
618,354,3,2
618,355,3,2
618,356,3,2
618,357,3,2
618,358,3,2
618,359,3,2
618,360,3,2
618,361,3,2
618,362,3,2
618,363,3,2
618,364,3,2
618,365,3,2
618,366,3,2
618,367,3,2
618,368,3,2
618,369,3,2
618,370,3,2
618,371,3,2
618,372,3,2
618,373,3,2
618,374,3,2
618,375,3,2
618,376,3,2
618,377,3,2
618,378,3,2
618,379,3,2
618,380,3,2
618,381,3,2
618,382,3,2
618,383,3,2
618,384,3,2
618,385,3,2
618,386,3,2
618,387,3,2
618,388,3,2
618,389,3,2
618,390,3,2
618,391,3,2
618,392,3,2
618,393,3,2
618,394,3,2
618,395,3,2
618,396,3,2
618,397,3,2
618,398,3,2
618,399,3,2
618,400,3,2
618,401,3,2
618,402,3,2
618,403,3,2
618,404,3,2
618,405,3,2
618,406,3,2
618,407,3,2
618,408,3,2
618,409,3,2
618,410,3,2
618,411,3,2
618,412,3,2
618,413,3,2
618,414,3,2
618,415,3,2
618,416,3,2
618,417,3,2
618,418,3,2
618,419,3,2
618,420,3,2
618,421,3,2
618,422,3,2
618,423,3,2
618,424,3,2
618,425,3,2
618,426,3,2
618,427,3,2
618,428,3,2
618,429,3,2
618,430,3,2
618,431,3,2
618,432,3,2
618,433,3,2
618,434,3,2
618,435,3,2
618,436,3,2
618,437,3,2
618,438,3,2
618,439,3,2
618,440,3,2
618,441,3,2
618,442,3,2
618,443,3,2
618,444,3,2
618,445,3,2
618,446,3,2
618,447,3,2
618,448,3,2
618,449,3,2
618,450,3,2
618,451,3,2
618,452,3,2
618,453,3,2
618,454,3,2
618,455,3,2
618,456,3,2
618,457,3,2
618,458,3,2
618,459,3,2
618,460,3,2
618,461,3,2
618,462,3,2
618,463,3,2
618,464,3,2
618,465,3,2
618,466,3,2
618,467,3,2
618,468,3,2
618,469,3,2
618,470,3,2
618,471,3,2
618,472,3,2
618,473,3,2
618,474,3,2
618,475,3,2
618,476,3,2
618,477,3,2
618,478,3,2
618,479,3,2
618,480,3,2
618,481,3,2
618,482,3,2
618,483,3,2
618,484,3,2
618,485,3,2
618,486,3,2
618,487,3,2
618,488,3,2
618,489,3,2
618,490,3,2
618,491,3,2
618,492,3,2
618,493,3,2
618,494,3,2
618,495,3,2
618,496,3,2
618,497,3,2
618,498,3,2
618,499,3,2
618,500,3,2
618,501,3,2
618,502,3,2
618,503,3,2
618,504,3,2
618,505,3,2
618,506,3,2
618,507,3,2
618,508,3,2
618,509,3,2
618,510,3,2
618,511,3,2
618,512,3,2
618,513,3,2
618,514,3,2
618,515,3,2
618,516,3,2
618,517,3,2
618,518,3,2
618,519,3,2
618,520,3,2
618,521,3,2
618,522,3,2
618,523,3,2
618,524,3,2
618,525,3,2
618,526,3,2
618,527,3,2
618,528,3,2
618,529,3,2
618,530,3,2
618,531,3,2
618,532,3,2
618,533,3,2
618,534,3,2
618,535,3,2
618,536,3,2
618,537,3,2
618,538,3,2
618,539,3,2
618,540,3,2
618,541,3,2
618,542,3,2
618,543,3,2
618,544,3,2
618,545,3,2
618,546,3,2
618,547,3,2
618,548,3,2
618,549,3,2
618,550,3,2
618,551,3,2
618,552,3,2
618,553,3,2
618,554,3,2
618,555,3,2
618,556,3,2
618,557,3,2
618,558,3,2
618,559,3,2
618,560,3,2
618,561,3,2
618,562,3,2
618,563,3,2
618,564,3,2
618,565,3,2
618,566,3,2
618,567,3,2
618,568,3,2
618,569,3,2
618,570,3,2
618,571,3,2
618,572,3,2
618,573,3,2
619,108,3,2
619,109,3,2
619,110,3,2
619,111,3,2
619,112,3,2
619,113,3,2
619,114,3,2
619,115,3,2
619,116,3,2
619,117,3,2
619,118,3,2
619,119,3,2
619,120,3,2
619,121,3,2
619,122,3,2
619,123,3,2
619,124,3,2
619,125,3,2
619,126,3,2
619,127,3,2
619,128,3,2
619,129,3,2
619,130,3,2
619,131,3,2
619,132,3,2
619,133,3,2
619,134,3,2
619,135,3,2
619,136,3,2
619,137,3,2
619,138,3,2
619,139,3,2
619,140,3,2
619,141,3,2
619,142,3,2
619,143,3,2
619,144,3,2
619,145,3,2
619,146,3,2
619,147,3,2
619,148,3,2
619,149,3,2
619,150,3,2
619,151,3,2
619,152,3,2
619,153,3,2
619,154,3,2
619,155,3,2
619,156,3,2
619,157,3,2
619,158,3,2
619,159,3,2
619,160,3,2
619,161,3,2
619,162,3,2
619,163,3,2
619,164,3,2
619,165,3,2
619,166,3,2
619,167,3,2
619,168,3,2
619,169,3,2
619,170,3,2
619,171,3,2
619,172,3,2
619,173,3,2
619,174,3,2
619,175,3,2
619,176,3,2
619,177,3,2
619,178,3,2
619,179,3,2
619,180,3,2
619,181,3,2
619,182,3,2
619,183,3,2
619,184,3,2
619,185,3,2
619,186,3,2
619,187,3,2
619,188,3,2
619,189,3,2
619,190,3,2
619,191,3,2
619,192,3,2
619,193,3,2
619,194,3,2
619,195,3,2
619,196,3,2
619,197,3,2
619,198,3,2
619,199,3,2
619,200,3,2
619,201,3,2
619,202,3,2
619,203,3,2
619,204,3,2
619,205,3,2
619,206,3,2
619,207,3,2
619,208,3,2
619,209,3,2
619,210,3,2
619,211,3,2
619,212,3,2
619,213,3,2
619,214,3,2
619,215,3,2
619,216,3,2
619,217,3,2
619,218,3,2
619,219,3,2
619,220,3,2
619,221,3,2
619,222,3,2
619,223,3,2
619,224,3,2
619,225,3,2
619,226,3,2
619,227,3,2
619,228,3,2
619,229,3,2
619,230,3,2
619,231,3,2
619,232,3,2
619,233,3,2
619,234,3,2
619,235,3,2
619,236,3,2
619,237,3,2
619,238,3,2
619,239,3,2
619,240,3,2
619,241,3,2
619,242,3,2
619,243,3,2
619,244,3,2
619,245,3,2
619,246,3,2
619,247,3,2
619,248,3,2
619,249,3,2
619,250,3,2
619,251,3,2
619,252,3,2
619,253,3,2
619,254,3,2
619,255,3,2
619,256,3,2
619,257,3,2
619,258,3,2
619,259,3,2
619,260,3,2
619,261,3,2
619,262,3,2
619,263,3,2
619,264,3,2
619,265,3,2
619,266,3,2
619,267,3,2
619,268,3,2
619,269,3,2
619,270,3,2
619,271,3,2
619,272,3,2
619,273,3,2
619,274,3,2
619,275,3,2
619,276,3,2
619,277,3,2
619,278,3,2
619,279,3,2
619,280,3,2
619,281,3,2
619,282,3,2
619,283,3,2
619,284,3,2
619,285,3,2
619,286,3,2
619,287,3,2
619,288,3,2
619,289,3,2
619,290,3,2
619,291,3,2
619,292,3,2
619,293,3,2
619,294,3,2
619,295,3,2
619,296,3,2
619,297,3,2
619,298,3,2
619,299,3,2
619,300,3,2
619,301,3,2
619,302,3,2
619,303,3,2
619,304,3,2
619,305,3,2
619,306,3,2
619,307,3,2
619,308,3,2
619,309,3,2
619,310,3,2
619,311,3,2
619,312,3,2
619,313,3,2
619,314,3,2
619,315,3,2
619,316,3,2
619,317,3,2
619,318,3,2
619,319,3,2
619,320,3,2
619,321,3,2
619,322,3,2
619,323,3,2
619,324,3,2
619,325,3,2
619,326,3,2
619,327,3,2
619,328,3,2
619,329,3,2
619,330,3,2
619,331,3,2
619,332,3,2
619,333,3,2
619,334,3,2
619,335,3,2
619,336,3,2
619,337,3,2
619,338,3,2
619,339,3,2
619,340,3,2
619,341,3,2
619,342,3,2
619,343,3,2
619,344,3,2
619,345,3,2
619,346,3,2
619,347,3,2
619,348,3,2
619,349,3,2
619,350,3,2
619,351,3,2
619,352,3,2
619,353,3,2
619,354,3,2
619,355,3,2
619,356,3,2
619,357,3,2
619,358,3,2
619,359,3,2
619,360,3,2
619,361,3,2
619,362,3,2
619,363,3,2
619,364,3,2
619,365,3,2
619,366,3,2
619,367,3,2
619,368,3,2
619,369,3,2
619,370,3,2
619,371,3,2
619,372,3,2
619,373,3,2
619,374,3,2
619,375,3,2
619,376,3,2
619,377,3,2
619,378,3,2
619,379,3,2
619,380,3,2
619,381,3,2
619,382,3,2
619,383,3,2
619,384,3,2
619,385,3,2
619,386,3,2
619,387,3,2
619,388,3,2
619,389,3,2
619,390,3,2
619,391,3,2
619,392,3,2
619,393,3,2
619,394,3,2
619,395,3,2
619,396,3,2
619,397,3,2
619,398,3,2
619,399,3,2
619,400,3,2
619,401,3,2
619,402,3,2
619,403,3,2
619,404,3,2
619,405,3,2
619,406,3,2
619,407,3,2
619,408,3,2
619,409,3,2
619,410,3,2
619,411,3,2
619,412,3,2
619,413,3,2
619,414,3,2
619,415,3,2
619,416,3,2
619,417,3,2
619,418,3,2
619,419,3,2
619,420,3,2
619,421,3,2
619,422,3,2
619,423,3,2
619,424,3,2
619,425,3,2
619,426,3,2
619,427,3,2
619,428,3,2
619,429,3,2
619,430,3,2
619,431,3,2
619,432,3,2
619,433,3,2
619,434,3,2
619,435,3,2
619,436,3,2
619,437,3,2
619,438,3,2
619,439,3,2
619,440,3,2
619,441,3,2
619,442,3,2
619,443,3,2
619,444,3,2
619,445,3,2
619,446,3,2
619,447,3,2
619,448,3,2
619,449,3,2
619,450,3,2
619,451,3,2
619,452,3,2
619,453,3,2
619,454,3,2
619,455,3,2
619,456,3,2
619,457,3,2
619,458,3,2
619,459,3,2
619,460,3,2
619,461,3,2
619,462,3,2
619,463,3,2
619,464,3,2
619,465,3,2
619,466,3,2
619,467,3,2
619,468,3,2
619,469,3,2
619,470,3,2
619,471,3,2
619,472,3,2
619,473,3,2
619,474,3,2
619,475,3,2
619,476,3,2
619,477,3,2
619,478,3,2
619,479,3,2
619,480,3,2
619,481,3,2
619,482,3,2
619,483,3,2
619,484,3,2
619,485,3,2
619,486,3,2
619,487,3,2
619,488,3,2
619,489,3,2
619,490,3,2
619,491,3,2
619,492,3,2
619,493,3,2
619,494,3,2
619,495,3,2
619,496,3,2
619,497,3,2
619,498,3,2
619,499,3,2
619,500,3,2
619,501,3,2
619,502,3,2
619,503,3,2
619,504,3,2
619,505,3,2
619,506,3,2
619,507,3,2
619,508,3,2
619,509,3,2
619,510,3,2
619,511,3,2
619,512,3,2
619,513,3,2
619,514,3,2
619,515,3,2
619,516,3,2
619,517,3,2
619,518,3,2
619,519,3,2
619,520,3,2
619,521,3,2
619,522,3,2
619,523,3,2
619,524,3,2
619,525,3,2
619,526,3,2
619,527,3,2
619,528,3,2
619,529,3,2
619,530,3,2
619,531,3,2
619,532,3,2
619,533,3,2
619,534,3,2
619,535,3,2
619,536,3,2
619,537,3,2
619,538,3,2
619,539,3,2
619,540,3,2
619,541,3,2
619,542,3,2
619,543,3,2
619,544,3,2
619,545,3,2
619,546,3,2
619,547,3,2
619,548,3,2
619,549,3,2
619,550,3,2
619,551,3,2
619,552,3,2
619,553,3,2
619,554,3,2
619,555,3,2
619,556,3,2
619,557,3,2
619,558,3,2
619,559,3,2
619,560,3,2
619,561,3,2
619,562,3,2
619,563,3,2
619,564,3,2
619,565,3,2
619,566,3,2
619,567,3,2
619,568,3,2
619,569,3,2
619,570,3,2
619,571,3,2
619,572,3,2
619,573,3,2
620,109,3,2
620,110,3,2
620,111,3,2
620,112,3,2
620,113,3,2
620,114,3,2
620,115,3,2
620,116,3,2
620,117,3,2
620,118,3,2
620,119,3,2
620,120,3,2
620,121,3,2
620,122,3,2
620,123,3,2
620,124,3,2
620,125,3,2
620,126,3,2
620,127,3,2
620,128,3,2
620,129,3,2
620,130,3,2
620,131,3,2
620,132,3,2
620,133,3,2
620,134,3,2
620,135,3,2
620,136,3,2
620,137,3,2
620,138,3,2
620,139,3,2
620,140,3,2
620,141,3,2
620,142,3,2
620,143,3,2
620,144,3,2
620,145,3,2
620,146,3,2
620,147,3,2
620,148,3,2
620,149,3,2
620,150,3,2
620,151,3,2
620,152,3,2
620,153,3,2
620,154,3,2
620,155,3,2
620,156,3,2
620,157,3,2
620,158,3,2
620,159,3,2
620,160,3,2
620,161,3,2
620,162,3,2
620,163,3,2
620,164,3,2
620,165,3,2
620,166,3,2
620,167,3,2
620,168,3,2
620,169,3,2
620,170,3,2
620,171,3,2
620,172,3,2
620,173,3,2
620,174,3,2
620,175,3,2
620,176,3,2
620,177,3,2
620,178,3,2
620,179,3,2
620,180,3,2
620,181,3,2
620,182,3,2
620,183,3,2
620,184,3,2
620,185,3,2
620,186,3,2
620,187,3,2
620,188,3,2
620,189,3,2
620,190,3,2
620,191,3,2
620,192,3,2
620,193,3,2
620,194,3,2
620,195,3,2
620,196,3,2
620,197,3,2
620,198,3,2
620,199,3,2
620,200,3,2
620,201,3,2
620,202,3,2
620,203,3,2
620,204,3,2
620,205,3,2
620,206,3,2
620,207,3,2
620,208,3,2
620,209,3,2
620,210,3,2
620,211,3,2
620,212,3,2
620,213,3,2
620,214,3,2
620,215,3,2
620,216,3,2
620,217,3,2
620,218,3,2
620,219,3,2
620,220,3,2
620,221,3,2
620,222,3,2
620,223,3,2
620,224,3,2
620,225,3,2
620,226,3,2
620,227,3,2
620,228,3,2
620,229,3,2
620,230,3,2
620,231,3,2
620,232,3,2
620,233,3,2
620,234,3,2
620,235,3,2
620,236,3,2
620,237,3,2
620,238,3,2
620,239,3,2
620,240,3,2
620,241,3,2
620,242,3,2
620,243,3,2
620,244,3,2
620,245,3,2
620,246,3,2
620,247,3,2
620,248,3,2
620,249,3,2
620,250,3,2
620,251,3,2
620,252,3,2
620,253,3,2
620,254,3,2
620,255,3,2
620,256,3,2
620,257,3,2
620,258,3,2
620,259,3,2
620,260,3,2
620,261,3,2
620,262,3,2
620,263,3,2
620,264,3,2
620,265,3,2
620,266,3,2
620,267,3,2
620,268,3,2
620,269,3,2
620,270,3,2
620,271,3,2
620,272,3,2
620,273,3,2
620,274,3,2
620,275,3,2
620,276,3,2
620,277,3,2
620,278,3,2
620,279,3,2
620,280,3,2
620,281,3,2
620,282,3,2
620,283,3,2
620,284,3,2
620,285,3,2
620,286,3,2
620,287,3,2
620,288,3,2
620,289,3,2
620,290,3,2
620,291,3,2
620,292,3,2
620,293,3,2
620,294,3,2
620,295,3,2
620,296,3,2
620,297,3,2
620,298,3,2
620,299,3,2
620,300,3,2
620,301,3,2
620,302,3,2
620,303,3,2
620,304,3,2
620,305,3,2
620,306,3,2
620,307,3,2
620,308,3,2
620,309,3,2
620,310,3,2
620,311,3,2
620,312,3,2
620,313,3,2
620,314,3,2
620,315,3,2
620,316,3,2
620,317,3,2
620,318,3,2
620,319,3,2
620,320,3,2
620,321,3,2
620,322,3,2
620,323,3,2
620,324,3,2
620,325,3,2
620,326,3,2
620,327,3,2
620,328,3,2
620,329,3,2
620,330,3,2
620,331,3,2
620,332,3,2
620,333,3,2
620,334,3,2
620,335,3,2
620,336,3,2
620,337,3,2
620,338,3,2
620,339,3,2
620,340,3,2
620,341,3,2
620,342,3,2
620,343,3,2
620,344,3,2
620,345,3,2
620,346,3,2
620,347,3,2
620,348,3,2
620,349,3,2
620,350,3,2
620,351,3,2
620,352,3,2
620,353,3,2
620,354,3,2
620,355,3,2
620,356,3,2
620,357,3,2
620,358,3,2
620,359,3,2
620,360,3,2
620,361,3,2
620,362,3,2
620,363,3,2
620,364,3,2
620,365,3,2
620,366,3,2
620,367,3,2
620,368,3,2
620,369,3,2
620,370,3,2
620,371,3,2
620,372,3,2
620,373,3,2
620,374,3,2
620,375,3,2
620,376,3,2
620,377,3,2
620,378,3,2
620,379,3,2
620,380,3,2
620,381,3,2
620,382,3,2
620,383,3,2
620,384,3,2
620,385,3,2
620,386,3,2
620,387,3,2
620,388,3,2
620,389,3,2
620,390,3,2
620,391,3,2
620,392,3,2
620,393,3,2
620,394,3,2
620,395,3,2
620,396,3,2
620,397,3,2
620,398,3,2
620,399,3,2
620,400,3,2
620,401,3,2
620,402,3,2
620,403,3,2
620,404,3,2
620,405,3,2
620,406,3,2
620,407,3,2
620,408,3,2
620,409,3,2
620,410,3,2
620,411,3,2
620,412,3,2
620,413,3,2
620,414,3,2
620,415,3,2
620,416,3,2
620,417,3,2
620,418,3,2
620,419,3,2
620,420,3,2
620,421,3,2
620,422,3,2
620,423,3,2
620,424,3,2
620,425,3,2
620,426,3,2
620,427,3,2
620,428,3,2
620,429,3,2
620,430,3,2
620,431,3,2
620,432,3,2
620,433,3,2
620,434,3,2
620,435,3,2
620,436,3,2
620,437,3,2
620,438,3,2
620,439,3,2
620,440,3,2
620,441,3,2
620,442,3,2
620,443,3,2
620,444,3,2
620,445,3,2
620,446,3,2
620,447,3,2
620,448,3,2
620,449,3,2
620,450,3,2
620,451,3,2
620,452,3,2
620,453,3,2
620,454,3,2
620,455,3,2
620,456,3,2
620,457,3,2
620,458,3,2
620,459,3,2
620,460,3,2
620,461,3,2
620,462,3,2
620,463,3,2
620,464,3,2
620,465,3,2
620,466,3,2
620,467,3,2
620,468,3,2
620,469,3,2
620,470,3,2
620,471,3,2
620,472,3,2
620,473,3,2
620,474,3,2
620,475,3,2
620,476,3,2
620,477,3,2
620,478,3,2
620,479,3,2
620,480,3,2
620,481,3,2
620,482,3,2
620,483,3,2
620,484,3,2
620,485,3,2
620,486,3,2
620,487,3,2
620,488,3,2
620,489,3,2
620,490,3,2
620,491,3,2
620,492,3,2
620,493,3,2
620,494,3,2
620,495,3,2
620,496,3,2
620,497,3,2
620,498,3,2
620,499,3,2
620,500,3,2
620,501,3,2
620,502,3,2
620,503,3,2
620,504,3,2
620,505,3,2
620,506,3,2
620,507,3,2
620,508,3,2
620,509,3,2
620,510,3,2
620,511,3,2
620,512,3,2
620,513,3,2
620,514,3,2
620,515,3,2
620,516,3,2
620,517,3,2
620,518,3,2
620,519,3,2
620,520,3,2
620,521,3,2
620,522,3,2
620,523,3,2
620,524,3,2
620,525,3,2
620,526,3,2
620,527,3,2
620,528,3,2
620,529,3,2
620,530,3,2
620,531,3,2
620,532,3,2
620,533,3,2
620,534,3,2
620,535,3,2
620,536,3,2
620,537,3,2
620,538,3,2
620,539,3,2
620,540,3,2
620,541,3,2
620,542,3,2
620,543,3,2
620,544,3,2
620,545,3,2
620,546,3,2
620,547,3,2
620,548,3,2
620,549,3,2
620,550,3,2
620,551,3,2
620,552,3,2
620,553,3,2
620,554,3,2
620,555,3,2
620,556,3,2
620,557,3,2
620,558,3,2
620,559,3,2
620,560,3,2
620,561,3,2
620,562,3,2
620,563,3,2
620,564,3,2
620,565,3,2
620,566,3,2
620,567,3,2
620,568,3,2
620,569,3,2
620,570,3,2
620,571,3,2
620,572,3,2
621,112,3,2
621,113,3,2
621,114,3,2
621,115,3,2
621,116,3,2
621,117,3,2
621,118,3,2
621,119,3,2
621,120,3,2
621,121,3,2
621,122,3,2
621,123,3,2
621,124,3,2
621,125,3,2
621,126,3,2
621,127,3,2
621,128,3,2
621,129,3,2
621,130,3,2
621,131,3,2
621,132,3,2
621,133,3,2
621,134,3,2
621,135,3,2
621,136,3,2
621,137,3,2
621,138,3,2
621,139,3,2
621,140,3,2
621,141,3,2
621,142,3,2
621,143,3,2
621,144,3,2
621,145,3,2
621,146,3,2
621,147,3,2
621,148,3,2
621,149,3,2
621,150,3,2
621,151,3,2
621,152,3,2
621,153,3,2
621,154,3,2
621,155,3,2
621,156,3,2
621,157,3,2
621,158,3,2
621,159,3,2
621,160,3,2
621,161,3,2
621,162,3,2
621,163,3,2
621,164,3,2
621,165,3,2
621,166,3,2
621,167,3,2
621,168,3,2
621,169,3,2
621,170,3,2
621,171,3,2
621,172,3,2
621,173,3,2
621,174,3,2
621,175,3,2
621,176,3,2
621,177,3,2
621,178,3,2
621,179,3,2
621,180,3,2
621,181,3,2
621,182,3,2
621,183,3,2
621,184,3,2
621,185,3,2
621,186,3,2
621,187,3,2
621,188,3,2
621,189,3,2
621,190,3,2
621,191,3,2
621,192,3,2
621,193,3,2
621,194,3,2
621,195,3,2
621,196,3,2
621,197,3,2
621,198,3,2
621,199,3,2
621,200,3,2
621,201,3,2
621,202,3,2
621,203,3,2
621,204,3,2
621,205,3,2
621,206,3,2
621,207,3,2
621,208,3,2
621,209,3,2
621,210,3,2
621,211,3,2
621,212,3,2
621,213,3,2
621,214,3,2
621,215,3,2
621,216,3,2
621,217,3,2
621,218,3,2
621,219,3,2
621,220,3,2
621,221,3,2
621,222,3,2
621,223,3,2
621,224,3,2
621,225,3,2
621,226,3,2
621,227,3,2
621,228,3,2
621,229,3,2
621,230,3,2
621,231,3,2
621,232,3,2
621,233,3,2
621,234,3,2
621,235,3,2
621,236,3,2
621,237,3,2
621,238,3,2
621,239,3,2
621,240,3,2
621,241,3,2
621,242,3,2
621,243,3,2
621,244,3,2
621,245,3,2
621,246,3,2
621,247,3,2
621,248,3,2
621,249,3,2
621,250,3,2
621,251,3,2
621,252,3,2
621,253,3,2
621,254,3,2
621,255,3,2
621,256,3,2
621,257,3,2
621,258,3,2
621,259,3,2
621,260,3,2
621,261,3,2
621,262,3,2
621,263,3,2
621,264,3,2
621,265,3,2
621,266,3,2
621,267,3,2
621,268,3,2
621,269,3,2
621,270,3,2
621,271,3,2
621,272,3,2
621,273,3,2
621,274,3,2
621,275,3,2
621,276,3,2
621,277,3,2
621,278,3,2
621,279,3,2
621,280,3,2
621,281,3,2
621,282,3,2
621,283,3,2
621,284,3,2
621,285,3,2
621,286,3,2
621,287,3,2
621,288,3,2
621,289,3,2
621,290,3,2
621,291,3,2
621,292,3,2
621,293,3,2
621,294,3,2
621,295,3,2
621,296,3,2
621,297,3,2
621,298,3,2
621,299,3,2
621,300,3,2
621,301,3,2
621,302,3,2
621,303,3,2
621,304,3,2
621,305,3,2
621,306,3,2
621,307,3,2
621,308,3,2
621,309,3,2
621,310,3,2
621,311,3,2
621,312,3,2
621,313,3,2
621,314,3,2
621,315,3,2
621,316,3,2
621,317,3,2
621,318,3,2
621,319,3,2
621,320,3,2
621,321,3,2
621,322,3,2
621,323,3,2
621,324,3,2
621,325,3,2
621,326,3,2
621,327,3,2
621,328,3,2
621,329,3,2
621,330,3,2
621,331,3,2
621,332,3,2
621,333,3,2
621,334,3,2
621,335,3,2
621,336,3,2
621,337,3,2
621,338,3,2
621,339,3,2
621,340,3,2
621,341,3,2
621,342,3,2
621,343,3,2
621,344,3,2
621,345,3,2
621,346,3,2
621,347,3,2
621,348,3,2
621,349,3,2
621,350,3,2
621,351,3,2
621,352,3,2
621,353,3,2
621,354,3,2
621,355,3,2
621,356,3,2
621,357,3,2
621,358,3,2
621,359,3,2
621,360,3,2
621,361,3,2
621,362,3,2
621,363,3,2
621,364,3,2
621,365,3,2
621,366,3,2
621,367,3,2
621,368,3,2
621,369,3,2
621,370,3,2
621,371,3,2
621,372,3,2
621,373,3,2
621,374,3,2
621,375,3,2
621,376,3,2
621,377,3,2
621,378,3,2
621,379,3,2
621,380,3,2
621,381,3,2
621,382,3,2
621,383,3,2
621,384,3,2
621,385,3,2
621,386,3,2
621,387,3,2
621,388,3,2
621,389,3,2
621,390,3,2
621,391,3,2
621,392,3,2
621,393,3,2
621,394,3,2
621,395,3,2
621,396,3,2
621,397,3,2
621,398,3,2
621,399,3,2
621,400,3,2
621,401,3,2
621,402,3,2
621,403,3,2
621,404,3,2
621,405,3,2
621,406,3,2
621,407,3,2
621,408,3,2
621,409,3,2
621,410,3,2
621,411,3,2
621,412,3,2
621,413,3,2
621,414,3,2
621,415,3,2
621,416,3,2
621,417,3,2
621,418,3,2
621,419,3,2
621,420,3,2
621,421,3,2
621,422,3,2
621,423,3,2
621,424,3,2
621,425,3,2
621,426,3,2
621,427,3,2
621,428,3,2
621,429,3,2
621,430,3,2
621,431,3,2
621,432,3,2
621,433,3,2
621,434,3,2
621,435,3,2
621,436,3,2
621,437,3,2
621,438,3,2
621,439,3,2
621,440,3,2
621,441,3,2
621,442,3,2
621,443,3,2
621,444,3,2
621,445,3,2
621,446,3,2
621,447,3,2
621,448,3,2
621,449,3,2
621,450,3,2
621,451,3,2
621,452,3,2
621,453,3,2
621,454,3,2
621,455,3,2
621,456,3,2
621,457,3,2
621,458,3,2
621,459,3,2
621,460,3,2
621,461,3,2
621,462,3,2
621,463,3,2
621,464,3,2
621,465,3,2
621,466,3,2
621,467,3,2
621,468,3,2
621,469,3,2
621,470,3,2
621,471,3,2
621,472,3,2
621,473,3,2
621,474,3,2
621,475,3,2
621,476,3,2
621,477,3,2
621,478,3,2
621,479,3,2
621,480,3,2
621,481,3,2
621,482,3,2
621,483,3,2
621,484,3,2
621,485,3,2
621,486,3,2
621,487,3,2
621,488,3,2
621,489,3,2
621,490,3,2
621,491,3,2
621,492,3,2
621,493,3,2
621,494,3,2
621,495,3,2
621,496,3,2
621,497,3,2
621,498,3,2
621,499,3,2
621,500,3,2
621,501,3,2
621,502,3,2
621,503,3,2
621,504,3,2
621,505,3,2
621,506,3,2
621,507,3,2
621,508,3,2
621,509,3,2
621,510,3,2
621,511,3,2
621,512,3,2
621,513,3,2
621,514,3,2
621,515,3,2
621,516,3,2
621,517,3,2
621,518,3,2
621,519,3,2
621,520,3,2
621,521,3,2
621,522,3,2
621,523,3,2
621,524,3,2
621,525,3,2
621,526,3,2
621,527,3,2
621,528,3,2
621,529,3,2
621,530,3,2
621,531,3,2
621,532,3,2
621,533,3,2
621,534,3,2
621,535,3,2
621,536,3,2
621,537,3,2
621,538,3,2
621,539,3,2
621,540,3,2
621,541,3,2
621,542,3,2
621,543,3,2
621,544,3,2
621,545,3,2
621,546,3,2
621,547,3,2
621,548,3,2
621,549,3,2
621,550,3,2
621,551,3,2
621,552,3,2
621,553,3,2
621,554,3,2
621,555,3,2
621,556,3,2
621,557,3,2
621,558,3,2
621,559,3,2
621,560,3,2
621,561,3,2
621,562,3,2
621,563,3,2
621,564,3,2
621,565,3,2
621,566,3,2
621,567,3,2
621,568,3,2
621,569,3,2
621,570,3,2
621,571,3,2
621,572,3,2
622,113,3,2
622,114,3,2
622,115,3,2
622,116,3,2
622,117,3,2
622,118,3,2
622,119,3,2
622,120,3,2
622,121,3,2
622,122,3,2
622,123,3,2
622,124,3,2
622,125,3,2
622,126,3,2
622,127,3,2
622,128,3,2
622,129,3,2
622,130,3,2
622,131,3,2
622,132,3,2
622,133,3,2
622,134,3,2
622,135,3,2
622,136,3,2
622,137,3,2
622,138,3,2
622,139,3,2
622,140,3,2
622,141,3,2
622,142,3,2
622,143,3,2
622,144,3,2
622,145,3,2
622,146,3,2
622,147,3,2
622,148,3,2
622,149,3,2
622,150,3,2
622,151,3,2
622,152,3,2
622,153,3,2
622,154,3,2
622,155,3,2
622,156,3,2
622,157,3,2
622,158,3,2
622,159,3,2
622,160,3,2
622,161,3,2
622,162,3,2
622,163,3,2
622,164,3,2
622,165,3,2
622,166,3,2
622,167,3,2
622,168,3,2
622,169,3,2
622,170,3,2
622,171,3,2
622,172,3,2
622,173,3,2
622,174,3,2
622,175,3,2
622,176,3,2
622,177,3,2
622,178,3,2
622,179,3,2
622,180,3,2
622,181,3,2
622,182,3,2
622,183,3,2
622,184,3,2
622,185,3,2
622,186,3,2
622,187,3,2
622,188,3,2
622,189,3,2
622,190,3,2
622,191,3,2
622,192,3,2
622,193,3,2
622,194,3,2
622,195,3,2
622,196,3,2
622,197,3,2
622,198,3,2
622,199,3,2
622,200,3,2
622,201,3,2
622,202,3,2
622,203,3,2
622,204,3,2
622,205,3,2
622,206,3,2
622,207,3,2
622,208,3,2
622,209,3,2
622,210,3,2
622,211,3,2
622,212,3,2
622,213,3,2
622,214,3,2
622,215,3,2
622,216,3,2
622,217,3,2
622,218,3,2
622,219,3,2
622,220,3,2
622,221,3,2
622,222,3,2
622,223,3,2
622,224,3,2
622,225,3,2
622,226,3,2
622,227,3,2
622,228,3,2
622,229,3,2
622,230,3,2
622,231,3,2
622,232,3,2
622,233,3,2
622,234,3,2
622,235,3,2
622,236,3,2
622,237,3,2
622,238,3,2
622,239,3,2
622,240,3,2
622,241,3,2
622,242,3,2
622,243,3,2
622,244,3,2
622,245,3,2
622,246,3,2
622,247,3,2
622,248,3,2
622,249,3,2
622,250,3,2
622,251,3,2
622,252,3,2
622,253,3,2
622,254,3,2
622,255,3,2
622,256,3,2
622,257,3,2
622,258,3,2
622,259,3,2
622,260,3,2
622,261,3,2
622,262,3,2
622,263,3,2
622,264,3,2
622,265,3,2
622,266,3,2
622,267,3,2
622,268,3,2
622,269,3,2
622,270,3,2
622,271,3,2
622,272,3,2
622,273,3,2
622,274,3,2
622,275,3,2
622,276,3,2
622,277,3,2
622,278,3,2
622,279,3,2
622,280,3,2
622,281,3,2
622,282,3,2
622,283,3,2
622,284,3,2
622,285,3,2
622,286,3,2
622,287,3,2
622,288,3,2
622,289,3,2
622,290,3,2
622,291,3,2
622,292,3,2
622,293,3,2
622,294,3,2
622,295,3,2
622,296,3,2
622,297,3,2
622,298,3,2
622,299,3,2
622,300,3,2
622,301,3,2
622,302,3,2
622,303,3,2
622,304,3,2
622,305,3,2
622,306,3,2
622,307,3,2
622,308,3,2
622,309,3,2
622,310,3,2
622,311,3,2
622,312,3,2
622,313,3,2
622,314,3,2
622,315,3,2
622,316,3,2
622,317,3,2
622,318,3,2
622,319,3,2
622,320,3,2
622,321,3,2
622,322,3,2
622,323,3,2
622,324,3,2
622,325,3,2
622,326,3,2
622,327,3,2
622,328,3,2
622,329,3,2
622,330,3,2
622,331,3,2
622,332,3,2
622,333,3,2
622,334,3,2
622,335,3,2
622,336,3,2
622,337,3,2
622,338,3,2
622,339,3,2
622,340,3,2
622,341,3,2
622,342,3,2
622,343,3,2
622,344,3,2
622,345,3,2
622,346,3,2
622,347,3,2
622,348,3,2
622,349,3,2
622,350,3,2
622,351,3,2
622,352,3,2
622,353,3,2
622,354,3,2
622,355,3,2
622,356,3,2
622,357,3,2
622,358,3,2
622,359,3,2
622,360,3,2
622,361,3,2
622,362,3,2
622,363,3,2
622,364,3,2
622,365,3,2
622,366,3,2
622,367,3,2
622,368,3,2
622,369,3,2
622,370,3,2
622,371,3,2
622,372,3,2
622,373,3,2
622,374,3,2
622,375,3,2
622,376,3,2
622,377,3,2
622,378,3,2
622,379,3,2
622,380,3,2
622,381,3,2
622,382,3,2
622,383,3,2
622,384,3,2
622,385,3,2
622,386,3,2
622,387,3,2
622,388,3,2
622,389,3,2
622,390,3,2
622,391,3,2
622,392,3,2
622,393,3,2
622,394,3,2
622,395,3,2
622,396,3,2
622,397,3,2
622,398,3,2
622,399,3,2
622,400,3,2
622,401,3,2
622,402,3,2
622,403,3,2
622,404,3,2
622,405,3,2
622,406,3,2
622,407,3,2
622,408,3,2
622,409,3,2
622,410,3,2
622,411,3,2
622,412,3,2
622,413,3,2
622,414,3,2
622,415,3,2
622,416,3,2
622,417,3,2
622,418,3,2
622,419,3,2
622,420,3,2
622,421,3,2
622,422,3,2
622,423,3,2
622,424,3,2
622,425,3,2
622,426,3,2
622,427,3,2
622,428,3,2
622,429,3,2
622,430,3,2
622,431,3,2
622,432,3,2
622,433,3,2
622,434,3,2
622,435,3,2
622,436,3,2
622,437,3,2
622,438,3,2
622,439,3,2
622,440,3,2
622,441,3,2
622,442,3,2
622,443,3,2
622,444,3,2
622,445,3,2
622,446,3,2
622,447,3,2
622,448,3,2
622,449,3,2
622,450,3,2
622,451,3,2
622,452,3,2
622,453,3,2
622,454,3,2
622,455,3,2
622,456,3,2
622,457,3,2
622,458,3,2
622,459,3,2
622,460,3,2
622,461,3,2
622,462,3,2
622,463,3,2
622,464,3,2
622,465,3,2
622,466,3,2
622,467,3,2
622,468,3,2
622,469,3,2
622,470,3,2
622,471,3,2
622,472,3,2
622,473,3,2
622,474,3,2
622,475,3,2
622,476,3,2
622,477,3,2
622,478,3,2
622,479,3,2
622,480,3,2
622,481,3,2
622,482,3,2
622,483,3,2
622,484,3,2
622,485,3,2
622,486,3,2
622,487,3,2
622,488,3,2
622,489,3,2
622,490,3,2
622,491,3,2
622,492,3,2
622,493,3,2
622,494,3,2
622,495,3,2
622,496,3,2
622,497,3,2
622,498,3,2
622,499,3,2
622,500,3,2
622,501,3,2
622,502,3,2
622,503,3,2
622,504,3,2
622,505,3,2
622,506,3,2
622,507,3,2
622,508,3,2
622,509,3,2
622,510,3,2
622,511,3,2
622,512,3,2
622,513,3,2
622,514,3,2
622,515,3,2
622,516,3,2
622,517,3,2
622,518,3,2
622,519,3,2
622,520,3,2
622,521,3,2
622,522,3,2
622,523,3,2
622,524,3,2
622,525,3,2
622,526,3,2
622,527,3,2
622,528,3,2
622,529,3,2
622,530,3,2
622,531,3,2
622,532,3,2
622,533,3,2
622,534,3,2
622,535,3,2
622,536,3,2
622,537,3,2
622,538,3,2
622,539,3,2
622,540,3,2
622,541,3,2
622,542,3,2
622,543,3,2
622,544,3,2
622,545,3,2
622,546,3,2
622,547,3,2
622,548,3,2
622,549,3,2
622,550,3,2
622,551,3,2
622,552,3,2
622,553,3,2
622,554,3,2
622,555,3,2
622,556,3,2
622,557,3,2
622,558,3,2
622,559,3,2
622,560,3,2
622,561,3,2
622,562,3,2
622,563,3,2
622,564,3,2
622,565,3,2
622,566,3,2
622,567,3,2
622,568,3,2
622,569,3,2
622,570,3,2
622,571,3,2
622,572,3,2
623,114,3,2
623,115,3,2
623,116,3,2
623,117,3,2
623,118,3,2
623,119,3,2
623,120,3,2
623,121,3,2
623,122,3,2
623,123,3,2
623,124,3,2
623,125,3,2
623,126,3,2
623,127,3,2
623,128,3,2
623,129,3,2
623,130,3,2
623,131,3,2
623,132,3,2
623,133,3,2
623,134,3,2
623,135,3,2
623,136,3,2
623,137,3,2
623,138,3,2
623,139,3,2
623,140,3,2
623,141,3,2
623,142,3,2
623,143,3,2
623,144,3,2
623,145,3,2
623,146,3,2
623,147,3,2
623,148,3,2
623,149,3,2
623,150,3,2
623,151,3,2
623,152,3,2
623,153,3,2
623,154,3,2
623,155,3,2
623,156,3,2
623,157,3,2
623,158,3,2
623,159,3,2
623,160,3,2
623,161,3,2
623,162,3,2
623,163,3,2
623,164,3,2
623,165,3,2
623,166,3,2
623,167,3,2
623,168,3,2
623,169,3,2
623,170,3,2
623,171,3,2
623,172,3,2
623,173,3,2
623,174,3,2
623,175,3,2
623,176,3,2
623,177,3,2
623,178,3,2
623,179,3,2
623,180,3,2
623,181,3,2
623,182,3,2
623,183,3,2
623,184,3,2
623,185,3,2
623,186,3,2
623,187,3,2
623,188,3,2
623,189,3,2
623,190,3,2
623,191,3,2
623,192,3,2
623,193,3,2
623,194,3,2
623,195,3,2
623,196,3,2
623,197,3,2
623,198,3,2
623,199,3,2
623,200,3,2
623,201,3,2
623,202,3,2
623,203,3,2
623,204,3,2
623,205,3,2
623,206,3,2
623,207,3,2
623,208,3,2
623,209,3,2
623,210,3,2
623,211,3,2
623,212,3,2
623,213,3,2
623,214,3,2
623,215,3,2
623,216,3,2
623,217,3,2
623,218,3,2
623,219,3,2
623,220,3,2
623,221,3,2
623,222,3,2
623,223,3,2
623,224,3,2
623,225,3,2
623,226,3,2
623,227,3,2
623,228,3,2
623,229,3,2
623,230,3,2
623,231,3,2
623,232,3,2
623,233,3,2
623,234,3,2
623,235,3,2
623,236,3,2
623,237,3,2
623,238,3,2
623,239,3,2
623,240,3,2
623,241,3,2
623,242,3,2
623,243,3,2
623,244,3,2
623,245,3,2
623,246,3,2
623,247,3,2
623,248,3,2
623,249,3,2
623,250,3,2
623,251,3,2
623,252,3,2
623,253,3,2
623,254,3,2
623,255,3,2
623,256,3,2
623,257,3,2
623,258,3,2
623,259,3,2
623,260,3,2
623,261,3,2
623,262,3,2
623,263,3,2
623,264,3,2
623,265,3,2
623,266,3,2
623,267,3,2
623,268,3,2
623,269,3,2
623,270,3,2
623,271,3,2
623,272,3,2
623,273,3,2
623,274,3,2
623,275,3,2
623,276,3,2
623,277,3,2
623,278,3,2
623,279,3,2
623,280,3,2
623,281,3,2
623,282,3,2
623,283,3,2
623,284,3,2
623,285,3,2
623,286,3,2
623,287,3,2
623,288,3,2
623,289,3,2
623,290,3,2
623,291,3,2
623,292,3,2
623,293,3,2
623,294,3,2
623,295,3,2
623,296,3,2
623,297,3,2
623,298,3,2
623,299,3,2
623,300,3,2
623,301,3,2
623,302,3,2
623,303,3,2
623,304,3,2
623,305,3,2
623,306,3,2
623,307,3,2
623,308,3,2
623,309,3,2
623,310,3,2
623,311,3,2
623,312,3,2
623,313,3,2
623,314,3,2
623,315,3,2
623,316,3,2
623,317,3,2
623,318,3,2
623,319,3,2
623,320,3,2
623,321,3,2
623,322,3,2
623,323,3,2
623,324,3,2
623,325,3,2
623,326,3,2
623,327,3,2
623,328,3,2
623,329,3,2
623,330,3,2
623,331,3,2
623,332,3,2
623,333,3,2
623,334,3,2
623,335,3,2
623,336,3,2
623,337,3,2
623,338,3,2
623,339,3,2
623,340,3,2
623,341,3,2
623,342,3,2
623,343,3,2
623,344,3,2
623,345,3,2
623,346,3,2
623,347,3,2
623,348,3,2
623,349,3,2
623,350,3,2
623,351,3,2
623,352,3,2
623,353,3,2
623,354,3,2
623,355,3,2
623,356,3,2
623,357,3,2
623,358,3,2
623,359,3,2
623,360,3,2
623,361,3,2
623,362,3,2
623,363,3,2
623,364,3,2
623,365,3,2
623,366,3,2
623,367,3,2
623,368,3,2
623,369,3,2
623,370,3,2
623,371,3,2
623,372,3,2
623,373,3,2
623,374,3,2
623,375,3,2
623,376,3,2
623,377,3,2
623,378,3,2
623,379,3,2
623,380,3,2
623,381,3,2
623,382,3,2
623,383,3,2
623,384,3,2
623,385,3,2
623,386,3,2
623,387,3,2
623,388,3,2
623,389,3,2
623,390,3,2
623,391,3,2
623,392,3,2
623,393,3,2
623,394,3,2
623,395,3,2
623,396,3,2
623,397,3,2
623,398,3,2
623,399,3,2
623,400,3,2
623,401,3,2
623,402,3,2
623,403,3,2
623,404,3,2
623,405,3,2
623,406,3,2
623,407,3,2
623,408,3,2
623,409,3,2
623,410,3,2
623,411,3,2
623,412,3,2
623,413,3,2
623,414,3,2
623,415,3,2
623,416,3,2
623,417,3,2
623,418,3,2
623,419,3,2
623,420,3,2
623,421,3,2
623,422,3,2
623,423,3,2
623,424,3,2
623,425,3,2
623,426,3,2
623,427,3,2
623,428,3,2
623,429,3,2
623,430,3,2
623,431,3,2
623,432,3,2
623,433,3,2
623,434,3,2
623,435,3,2
623,436,3,2
623,437,3,2
623,438,3,2
623,439,3,2
623,440,3,2
623,441,3,2
623,442,3,2
623,443,3,2
623,444,3,2
623,445,3,2
623,446,3,2
623,447,3,2
623,448,3,2
623,449,3,2
623,450,3,2
623,451,3,2
623,452,3,2
623,453,3,2
623,454,3,2
623,455,3,2
623,456,3,2
623,457,3,2
623,458,3,2
623,459,3,2
623,460,3,2
623,461,3,2
623,462,3,2
623,463,3,2
623,464,3,2
623,465,3,2
623,466,3,2
623,467,3,2
623,468,3,2
623,469,3,2
623,470,3,2
623,471,3,2
623,472,3,2
623,473,3,2
623,474,3,2
623,475,3,2
623,476,3,2
623,477,3,2
623,478,3,2
623,479,3,2
623,480,3,2
623,481,3,2
623,482,3,2
623,483,3,2
623,484,3,2
623,485,3,2
623,486,3,2
623,487,3,2
623,488,3,2
623,489,3,2
623,490,3,2
623,491,3,2
623,492,3,2
623,493,3,2
623,494,3,2
623,495,3,2
623,496,3,2
623,497,3,2
623,498,3,2
623,499,3,2
623,500,3,2
623,501,3,2
623,502,3,2
623,503,3,2
623,504,3,2
623,505,3,2
623,506,3,2
623,507,3,2
623,508,3,2
623,509,3,2
623,510,3,2
623,511,3,2
623,512,3,2
623,513,3,2
623,514,3,2
623,515,3,2
623,516,3,2
623,517,3,2
623,518,3,2
623,519,3,2
623,520,3,2
623,521,3,2
623,522,3,2
623,523,3,2
623,524,3,2
623,525,3,2
623,526,3,2
623,527,3,2
623,528,3,2
623,529,3,2
623,530,3,2
623,531,3,2
623,532,3,2
623,533,3,2
623,534,3,2
623,535,3,2
623,536,3,2
623,537,3,2
623,538,3,2
623,539,3,2
623,540,3,2
623,541,3,2
623,542,3,2
623,543,3,2
623,544,3,2
623,545,3,2
623,546,3,2
623,547,3,2
623,548,3,2
623,549,3,2
623,550,3,2
623,551,3,2
623,552,3,2
623,553,3,2
623,554,3,2
623,555,3,2
623,556,3,2
623,557,3,2
623,558,3,2
623,559,3,2
623,560,3,2
623,561,3,2
623,562,3,2
623,563,3,2
623,564,3,2
623,565,3,2
623,566,3,2
623,567,3,2
623,571,3,2
623,572,3,2
624,114,3,2
624,115,3,2
624,116,3,2
624,117,3,2
624,118,3,2
624,119,3,2
624,120,3,2
624,121,3,2
624,122,3,2
624,123,3,2
624,124,3,2
624,125,3,2
624,126,3,2
624,127,3,2
624,128,3,2
624,129,3,2
624,130,3,2
624,131,3,2
624,132,3,2
624,133,3,2
624,134,3,2
624,135,3,2
624,136,3,2
624,137,3,2
624,138,3,2
624,139,3,2
624,140,3,2
624,141,3,2
624,142,3,2
624,143,3,2
624,144,3,2
624,145,3,2
624,146,3,2
624,147,3,2
624,148,3,2
624,149,3,2
624,150,3,2
624,151,3,2
624,152,3,2
624,153,3,2
624,154,3,2
624,155,3,2
624,156,3,2
624,157,3,2
624,158,3,2
624,159,3,2
624,160,3,2
624,161,3,2
624,162,3,2
624,163,3,2
624,164,3,2
624,165,3,2
624,166,3,2
624,167,3,2
624,168,3,2
624,169,3,2
624,170,3,2
624,171,3,2
624,172,3,2
624,173,3,2
624,174,3,2
624,175,3,2
624,176,3,2
624,177,3,2
624,178,3,2
624,179,3,2
624,180,3,2
624,181,3,2
624,182,3,2
624,183,3,2
624,184,3,2
624,185,3,2
624,186,3,2
624,187,3,2
624,188,3,2
624,189,3,2
624,190,3,2
624,191,3,2
624,192,3,2
624,193,3,2
624,194,3,2
624,195,3,2
624,196,3,2
624,197,3,2
624,198,3,2
624,199,3,2
624,200,3,2
624,201,3,2
624,202,3,2
624,203,3,2
624,204,3,2
624,205,3,2
624,206,3,2
624,207,3,2
624,208,3,2
624,209,3,2
624,210,3,2
624,211,3,2
624,212,3,2
624,213,3,2
624,214,3,2
624,215,3,2
624,216,3,2
624,217,3,2
624,218,3,2
624,219,3,2
624,220,3,2
624,221,3,2
624,222,3,2
624,223,3,2
624,224,3,2
624,225,3,2
624,226,3,2
624,227,3,2
624,228,3,2
624,229,3,2
624,230,3,2
624,231,3,2
624,232,3,2
624,233,3,2
624,234,3,2
624,235,3,2
624,236,3,2
624,237,3,2
624,238,3,2
624,239,3,2
624,240,3,2
624,241,3,2
624,242,3,2
624,243,3,2
624,244,3,2
624,245,3,2
624,246,3,2
624,247,3,2
624,248,3,2
624,249,3,2
624,250,3,2
624,251,3,2
624,252,3,2
624,253,3,2
624,254,3,2
624,255,3,2
624,256,3,2
624,257,3,2
624,258,3,2
624,259,3,2
624,260,3,2
624,261,3,2
624,262,3,2
624,263,3,2
624,264,3,2
624,265,3,2
624,266,3,2
624,267,3,2
624,268,3,2
624,269,3,2
624,270,3,2
624,271,3,2
624,272,3,2
624,273,3,2
624,274,3,2
624,275,3,2
624,276,3,2
624,277,3,2
624,278,3,2
624,279,3,2
624,280,3,2
624,281,3,2
624,282,3,2
624,283,3,2
624,284,3,2
624,285,3,2
624,286,3,2
624,287,3,2
624,288,3,2
624,289,3,2
624,290,3,2
624,291,3,2
624,292,3,2
624,293,3,2
624,294,3,2
624,295,3,2
624,296,3,2
624,297,3,2
624,298,3,2
624,299,3,2
624,300,3,2
624,301,3,2
624,302,3,2
624,303,3,2
624,304,3,2
624,305,3,2
624,306,3,2
624,307,3,2
624,308,3,2
624,309,3,2
624,310,3,2
624,311,3,2
624,312,3,2
624,313,3,2
624,314,3,2
624,315,3,2
624,316,3,2
624,317,3,2
624,318,3,2
624,319,3,2
624,320,3,2
624,321,3,2
624,322,3,2
624,323,3,2
624,324,3,2
624,325,3,2
624,326,3,2
624,327,3,2
624,328,3,2
624,329,3,2
624,330,3,2
624,331,3,2
624,332,3,2
624,333,3,2
624,334,3,2
624,335,3,2
624,336,3,2
624,337,3,2
624,338,3,2
624,339,3,2
624,340,3,2
624,341,3,2
624,342,3,2
624,343,3,2
624,344,3,2
624,345,3,2
624,346,3,2
624,347,3,2
624,348,3,2
624,349,3,2
624,350,3,2
624,351,3,2
624,352,3,2
624,353,3,2
624,354,3,2
624,355,3,2
624,356,3,2
624,357,3,2
624,358,3,2
624,359,3,2
624,360,3,2
624,361,3,2
624,362,3,2
624,363,3,2
624,364,3,2
624,365,3,2
624,366,3,2
624,367,3,2
624,368,3,2
624,369,3,2
624,370,3,2
624,371,3,2
624,372,3,2
624,373,3,2
624,374,3,2
624,375,3,2
624,376,3,2
624,377,3,2
624,378,3,2
624,379,3,2
624,380,3,2
624,381,3,2
624,382,3,2
624,383,3,2
624,384,3,2
624,385,3,2
624,386,3,2
624,387,3,2
624,388,3,2
624,389,3,2
624,390,3,2
624,391,3,2
624,392,3,2
624,393,3,2
624,394,3,2
624,395,3,2
624,396,3,2
624,397,3,2
624,398,3,2
624,399,3,2
624,400,3,2
624,401,3,2
624,402,3,2
624,403,3,2
624,404,3,2
624,405,3,2
624,406,3,2
624,407,3,2
624,408,3,2
624,409,3,2
624,410,3,2
624,411,3,2
624,412,3,2
624,413,3,2
624,414,3,2
624,415,3,2
624,416,3,2
624,417,3,2
624,418,3,2
624,419,3,2
624,420,3,2
624,421,3,2
624,422,3,2
624,423,3,2
624,424,3,2
624,425,3,2
624,426,3,2
624,427,3,2
624,428,3,2
624,429,3,2
624,430,3,2
624,431,3,2
624,432,3,2
624,433,3,2
624,434,3,2
624,435,3,2
624,436,3,2
624,437,3,2
624,438,3,2
624,439,3,2
624,440,3,2
624,441,3,2
624,442,3,2
624,443,3,2
624,444,3,2
624,445,3,2
624,446,3,2
624,447,3,2
624,448,3,2
624,449,3,2
624,450,3,2
624,451,3,2
624,452,3,2
624,453,3,2
624,454,3,2
624,455,3,2
624,456,3,2
624,457,3,2
624,458,3,2
624,459,3,2
624,460,3,2
624,461,3,2
624,462,3,2
624,463,3,2
624,464,3,2
624,465,3,2
624,466,3,2
624,467,3,2
624,468,3,2
624,469,3,2
624,470,3,2
624,471,3,2
624,472,3,2
624,473,3,2
624,474,3,2
624,475,3,2
624,476,3,2
624,477,3,2
624,478,3,2
624,479,3,2
624,480,3,2
624,481,3,2
624,482,3,2
624,483,3,2
624,484,3,2
624,485,3,2
624,486,3,2
624,487,3,2
624,488,3,2
624,489,3,2
624,490,3,2
624,491,3,2
624,492,3,2
624,493,3,2
624,494,3,2
624,495,3,2
624,496,3,2
624,497,3,2
624,498,3,2
624,499,3,2
624,500,3,2
624,501,3,2
624,502,3,2
624,503,3,2
624,504,3,2
624,505,3,2
624,506,3,2
624,507,3,2
624,508,3,2
624,509,3,2
624,510,3,2
624,511,3,2
624,512,3,2
624,513,3,2
624,514,3,2
624,515,3,2
624,516,3,2
624,517,3,2
624,518,3,2
624,519,3,2
624,520,3,2
624,521,3,2
624,522,3,2
624,523,3,2
624,524,3,2
624,525,3,2
624,526,3,2
624,527,3,2
624,528,3,2
624,529,3,2
624,530,3,2
624,531,3,2
624,532,3,2
624,533,3,2
624,534,3,2
624,535,3,2
624,536,3,2
624,537,3,2
624,538,3,2
624,539,3,2
624,540,3,2
624,541,3,2
624,542,3,2
624,543,3,2
624,544,3,2
624,545,3,2
624,546,3,2
624,547,3,2
624,548,3,2
624,549,3,2
624,550,3,2
624,551,3,2
624,552,3,2
624,553,3,2
624,554,3,2
624,555,3,2
624,556,3,2
624,557,3,2
624,558,3,2
624,559,3,2
624,560,3,2
624,561,3,2
624,562,3,2
624,563,3,2
624,564,3,2
624,565,3,2
624,566,3,2
625,114,3,2
625,115,3,2
625,116,3,2
625,117,3,2
625,118,3,2
625,119,3,2
625,120,3,2
625,121,3,2
625,122,3,2
625,123,3,2
625,124,3,2
625,125,3,2
625,126,3,2
625,127,3,2
625,128,3,2
625,129,3,2
625,130,3,2
625,131,3,2
625,132,3,2
625,133,3,2
625,134,3,2
625,135,3,2
625,136,3,2
625,137,3,2
625,138,3,2
625,139,3,2
625,140,3,2
625,141,3,2
625,142,3,2
625,143,3,2
625,144,3,2
625,145,3,2
625,146,3,2
625,147,3,2
625,148,3,2
625,149,3,2
625,150,3,2
625,151,3,2
625,152,3,2
625,153,3,2
625,154,3,2
625,155,3,2
625,156,3,2
625,157,3,2
625,158,3,2
625,159,3,2
625,160,3,2
625,161,3,2
625,162,3,2
625,163,3,2
625,164,3,2
625,165,3,2
625,166,3,2
625,167,3,2
625,168,3,2
625,169,3,2
625,170,3,2
625,171,3,2
625,172,3,2
625,173,3,2
625,174,3,2
625,175,3,2
625,176,3,2
625,177,3,2
625,178,3,2
625,179,3,2
625,180,3,2
625,181,3,2
625,182,3,2
625,183,3,2
625,184,3,2
625,185,3,2
625,186,3,2
625,187,3,2
625,188,3,2
625,189,3,2
625,190,3,2
625,191,3,2
625,192,3,2
625,193,3,2
625,194,3,2
625,195,3,2
625,196,3,2
625,197,3,2
625,198,3,2
625,199,3,2
625,200,3,2
625,201,3,2
625,202,3,2
625,203,3,2
625,204,3,2
625,205,3,2
625,206,3,2
625,207,3,2
625,208,3,2
625,209,3,2
625,210,3,2
625,211,3,2
625,212,3,2
625,213,3,2
625,214,3,2
625,215,3,2
625,216,3,2
625,217,3,2
625,218,3,2
625,219,3,2
625,220,3,2
625,221,3,2
625,222,3,2
625,223,3,2
625,224,3,2
625,225,3,2
625,226,3,2
625,227,3,2
625,228,3,2
625,229,3,2
625,230,3,2
625,231,3,2
625,232,3,2
625,233,3,2
625,234,3,2
625,235,3,2
625,236,3,2
625,237,3,2
625,238,3,2
625,239,3,2
625,240,3,2
625,241,3,2
625,242,3,2
625,243,3,2
625,244,3,2
625,245,3,2
625,246,3,2
625,247,3,2
625,248,3,2
625,249,3,2
625,250,3,2
625,251,3,2
625,252,3,2
625,253,3,2
625,254,3,2
625,255,3,2
625,256,3,2
625,257,3,2
625,258,3,2
625,259,3,2
625,260,3,2
625,261,3,2
625,262,3,2
625,263,3,2
625,264,3,2
625,265,3,2
625,266,3,2
625,267,3,2
625,268,3,2
625,269,3,2
625,270,3,2
625,271,3,2
625,272,3,2
625,273,3,2
625,274,3,2
625,275,3,2
625,276,3,2
625,277,3,2
625,278,3,2
625,279,3,2
625,280,3,2
625,281,3,2
625,282,3,2
625,283,3,2
625,284,3,2
625,285,3,2
625,286,3,2
625,287,3,2
625,288,3,2
625,289,3,2
625,290,3,2
625,291,3,2
625,292,3,2
625,293,3,2
625,294,3,2
625,295,3,2
625,296,3,2
625,297,3,2
625,298,3,2
625,299,3,2
625,300,3,2
625,301,3,2
625,302,3,2
625,303,3,2
625,304,3,2
625,305,3,2
625,306,3,2
625,307,3,2
625,308,3,2
625,309,3,2
625,310,3,2
625,311,3,2
625,312,3,2
625,313,3,2
625,314,3,2
625,315,3,2
625,316,3,2
625,317,3,2
625,318,3,2
625,319,3,2
625,320,3,2
625,321,3,2
625,322,3,2
625,323,3,2
625,324,3,2
625,325,3,2
625,326,3,2
625,327,3,2
625,328,3,2
625,329,3,2
625,330,3,2
625,331,3,2
625,332,3,2
625,333,3,2
625,334,3,2
625,335,3,2
625,336,3,2
625,337,3,2
625,338,3,2
625,339,3,2
625,340,3,2
625,341,3,2
625,342,3,2
625,343,3,2
625,344,3,2
625,345,3,2
625,346,3,2
625,347,3,2
625,348,3,2
625,349,3,2
625,350,3,2
625,351,3,2
625,352,3,2
625,353,3,2
625,354,3,2
625,355,3,2
625,356,3,2
625,357,3,2
625,358,3,2
625,359,3,2
625,360,3,2
625,361,3,2
625,362,3,2
625,363,3,2
625,364,3,2
625,365,3,2
625,366,3,2
625,367,3,2
625,368,3,2
625,369,3,2
625,370,3,2
625,371,3,2
625,372,3,2
625,373,3,2
625,374,3,2
625,375,3,2
625,376,3,2
625,377,3,2
625,378,3,2
625,379,3,2
625,380,3,2
625,381,3,2
625,382,3,2
625,383,3,2
625,384,3,2
625,385,3,2
625,386,3,2
625,387,3,2
625,388,3,2
625,389,3,2
625,390,3,2
625,391,3,2
625,392,3,2
625,393,3,2
625,394,3,2
625,395,3,2
625,396,3,2
625,397,3,2
625,398,3,2
625,399,3,2
625,400,3,2
625,401,3,2
625,402,3,2
625,403,3,2
625,404,3,2
625,405,3,2
625,406,3,2
625,407,3,2
625,408,3,2
625,409,3,2
625,410,3,2
625,411,3,2
625,412,3,2
625,413,3,2
625,414,3,2
625,415,3,2
625,416,3,2
625,417,3,2
625,418,3,2
625,419,3,2
625,420,3,2
625,421,3,2
625,422,3,2
625,423,3,2
625,424,3,2
625,425,3,2
625,426,3,2
625,427,3,2
625,428,3,2
625,429,3,2
625,430,3,2
625,431,3,2
625,432,3,2
625,433,3,2
625,434,3,2
625,435,3,2
625,436,3,2
625,437,3,2
625,438,3,2
625,439,3,2
625,440,3,2
625,441,3,2
625,442,3,2
625,443,3,2
625,444,3,2
625,445,3,2
625,446,3,2
625,447,3,2
625,448,3,2
625,449,3,2
625,450,3,2
625,451,3,2
625,452,3,2
625,453,3,2
625,454,3,2
625,455,3,2
625,456,3,2
625,457,3,2
625,458,3,2
625,459,3,2
625,460,3,2
625,461,3,2
625,462,3,2
625,463,3,2
625,464,3,2
625,465,3,2
625,466,3,2
625,467,3,2
625,468,3,2
625,469,3,2
625,470,3,2
625,471,3,2
625,472,3,2
625,473,3,2
625,474,3,2
625,475,3,2
625,476,3,2
625,477,3,2
625,478,3,2
625,479,3,2
625,480,3,2
625,481,3,2
625,482,3,2
625,483,3,2
625,484,3,2
625,485,3,2
625,486,3,2
625,487,3,2
625,488,3,2
625,489,3,2
625,490,3,2
625,491,3,2
625,492,3,2
625,493,3,2
625,494,3,2
625,495,3,2
625,496,3,2
625,497,3,2
625,498,3,2
625,499,3,2
625,500,3,2
625,501,3,2
625,502,3,2
625,503,3,2
625,504,3,2
625,505,3,2
625,506,3,2
625,507,3,2
625,508,3,2
625,509,3,2
625,510,3,2
625,511,3,2
625,512,3,2
625,513,3,2
625,514,3,2
625,515,3,2
625,516,3,2
625,517,3,2
625,518,3,2
625,519,3,2
625,520,3,2
625,521,3,2
625,522,3,2
625,523,3,2
625,524,3,2
625,525,3,2
625,526,3,2
625,527,3,2
625,528,3,2
625,529,3,2
625,530,3,2
625,531,3,2
625,532,3,2
625,533,3,2
625,534,3,2
625,535,3,2
625,536,3,2
625,537,3,2
625,538,3,2
625,539,3,2
625,540,3,2
625,541,3,2
625,542,3,2
625,543,3,2
625,544,3,2
625,545,3,2
625,546,3,2
625,547,3,2
625,548,3,2
625,549,3,2
625,550,3,2
625,551,3,2
625,552,3,2
625,553,3,2
625,554,3,2
625,555,3,2
625,556,3,2
625,557,3,2
625,558,3,2
625,559,3,2
625,560,3,2
625,561,3,2
625,562,3,2
625,563,3,2
625,564,3,2
625,565,3,2
625,566,3,2
626,115,3,2
626,116,3,2
626,117,3,2
626,118,3,2
626,119,3,2
626,120,3,2
626,121,3,2
626,122,3,2
626,123,3,2
626,124,3,2
626,125,3,2
626,126,3,2
626,127,3,2
626,128,3,2
626,129,3,2
626,130,3,2
626,131,3,2
626,132,3,2
626,133,3,2
626,134,3,2
626,135,3,2
626,136,3,2
626,137,3,2
626,138,3,2
626,139,3,2
626,140,3,2
626,141,3,2
626,142,3,2
626,143,3,2
626,144,3,2
626,145,3,2
626,146,3,2
626,147,3,2
626,148,3,2
626,149,3,2
626,150,3,2
626,151,3,2
626,152,3,2
626,153,3,2
626,154,3,2
626,155,3,2
626,156,3,2
626,157,3,2
626,158,3,2
626,159,3,2
626,160,3,2
626,161,3,2
626,162,3,2
626,163,3,2
626,164,3,2
626,165,3,2
626,166,3,2
626,167,3,2
626,168,3,2
626,169,3,2
626,170,3,2
626,171,3,2
626,172,3,2
626,173,3,2
626,174,3,2
626,175,3,2
626,176,3,2
626,177,3,2
626,178,3,2
626,179,3,2
626,180,3,2
626,181,3,2
626,182,3,2
626,183,3,2
626,184,3,2
626,185,3,2
626,186,3,2
626,187,3,2
626,188,3,2
626,189,3,2
626,190,3,2
626,191,3,2
626,192,3,2
626,193,3,2
626,194,3,2
626,195,3,2
626,196,3,2
626,197,3,2
626,198,3,2
626,199,3,2
626,200,3,2
626,201,3,2
626,202,3,2
626,203,3,2
626,204,3,2
626,205,3,2
626,206,3,2
626,207,3,2
626,208,3,2
626,209,3,2
626,210,3,2
626,211,3,2
626,212,3,2
626,213,3,2
626,214,3,2
626,215,3,2
626,216,3,2
626,217,3,2
626,218,3,2
626,219,3,2
626,220,3,2
626,221,3,2
626,222,3,2
626,223,3,2
626,224,3,2
626,225,3,2
626,226,3,2
626,227,3,2
626,228,3,2
626,229,3,2
626,230,3,2
626,231,3,2
626,232,3,2
626,233,3,2
626,234,3,2
626,235,3,2
626,236,3,2
626,237,3,2
626,238,3,2
626,239,3,2
626,240,3,2
626,241,3,2
626,242,3,2
626,243,3,2
626,244,3,2
626,245,3,2
626,246,3,2
626,247,3,2
626,248,3,2
626,249,3,2
626,250,3,2
626,251,3,2
626,252,3,2
626,253,3,2
626,254,3,2
626,255,3,2
626,256,3,2
626,257,3,2
626,258,3,2
626,259,3,2
626,260,3,2
626,261,3,2
626,262,3,2
626,263,3,2
626,264,3,2
626,265,3,2
626,266,3,2
626,267,3,2
626,268,3,2
626,269,3,2
626,270,3,2
626,271,3,2
626,272,3,2
626,273,3,2
626,274,3,2
626,275,3,2
626,276,3,2
626,277,3,2
626,278,3,2
626,279,3,2
626,280,3,2
626,281,3,2
626,282,3,2
626,283,3,2
626,284,3,2
626,285,3,2
626,286,3,2
626,287,3,2
626,288,3,2
626,289,3,2
626,290,3,2
626,291,3,2
626,292,3,2
626,293,3,2
626,294,3,2
626,295,3,2
626,296,3,2
626,297,3,2
626,298,3,2
626,299,3,2
626,300,3,2
626,301,3,2
626,302,3,2
626,303,3,2
626,304,3,2
626,305,3,2
626,306,3,2
626,307,3,2
626,308,3,2
626,309,3,2
626,310,3,2
626,311,3,2
626,312,3,2
626,313,3,2
626,314,3,2
626,315,3,2
626,316,3,2
626,317,3,2
626,318,3,2
626,319,3,2
626,320,3,2
626,321,3,2
626,322,3,2
626,323,3,2
626,324,3,2
626,325,3,2
626,326,3,2
626,327,3,2
626,328,3,2
626,329,3,2
626,330,3,2
626,331,3,2
626,332,3,2
626,333,3,2
626,334,3,2
626,335,3,2
626,336,3,2
626,337,3,2
626,338,3,2
626,339,3,2
626,340,3,2
626,341,3,2
626,342,3,2
626,343,3,2
626,344,3,2
626,345,3,2
626,346,3,2
626,347,3,2
626,348,3,2
626,349,3,2
626,350,3,2
626,351,3,2
626,352,3,2
626,353,3,2
626,354,3,2
626,355,3,2
626,356,3,2
626,357,3,2
626,358,3,2
626,359,3,2
626,360,3,2
626,361,3,2
626,362,3,2
626,363,3,2
626,364,3,2
626,365,3,2
626,366,3,2
626,367,3,2
626,368,3,2
626,369,3,2
626,370,3,2
626,371,3,2
626,372,3,2
626,373,3,2
626,374,3,2
626,375,3,2
626,376,3,2
626,377,3,2
626,378,3,2
626,379,3,2
626,380,3,2
626,381,3,2
626,382,3,2
626,383,3,2
626,384,3,2
626,385,3,2
626,386,3,2
626,387,3,2
626,388,3,2
626,389,3,2
626,390,3,2
626,391,3,2
626,392,3,2
626,393,3,2
626,394,3,2
626,395,3,2
626,396,3,2
626,397,3,2
626,398,3,2
626,399,3,2
626,400,3,2
626,401,3,2
626,402,3,2
626,403,3,2
626,404,3,2
626,405,3,2
626,406,3,2
626,407,3,2
626,408,3,2
626,409,3,2
626,410,3,2
626,411,3,2
626,412,3,2
626,413,3,2
626,414,3,2
626,415,3,2
626,416,3,2
626,417,3,2
626,418,3,2
626,419,3,2
626,420,3,2
626,421,3,2
626,422,3,2
626,423,3,2
626,424,3,2
626,425,3,2
626,426,3,2
626,427,3,2
626,428,3,2
626,429,3,2
626,430,3,2
626,431,3,2
626,432,3,2
626,433,3,2
626,434,3,2
626,435,3,2
626,436,3,2
626,437,3,2
626,438,3,2
626,439,3,2
626,440,3,2
626,441,3,2
626,442,3,2
626,443,3,2
626,444,3,2
626,445,3,2
626,446,3,2
626,447,3,2
626,448,3,2
626,449,3,2
626,450,3,2
626,451,3,2
626,452,3,2
626,453,3,2
626,454,3,2
626,455,3,2
626,456,3,2
626,457,3,2
626,458,3,2
626,459,3,2
626,460,3,2
626,461,3,2
626,462,3,2
626,463,3,2
626,464,3,2
626,465,3,2
626,466,3,2
626,467,3,2
626,468,3,2
626,469,3,2
626,470,3,2
626,471,3,2
626,472,3,2
626,473,3,2
626,474,3,2
626,475,3,2
626,476,3,2
626,477,3,2
626,478,3,2
626,479,3,2
626,480,3,2
626,481,3,2
626,482,3,2
626,483,3,2
626,484,3,2
626,485,3,2
626,486,3,2
626,487,3,2
626,488,3,2
626,489,3,2
626,490,3,2
626,491,3,2
626,492,3,2
626,493,3,2
626,494,3,2
626,495,3,2
626,496,3,2
626,497,3,2
626,498,3,2
626,499,3,2
626,500,3,2
626,501,3,2
626,502,3,2
626,503,3,2
626,504,3,2
626,505,3,2
626,506,3,2
626,507,3,2
626,508,3,2
626,509,3,2
626,510,3,2
626,511,3,2
626,512,3,2
626,513,3,2
626,514,3,2
626,515,3,2
626,516,3,2
626,517,3,2
626,518,3,2
626,519,3,2
626,520,3,2
626,521,3,2
626,522,3,2
626,523,3,2
626,524,3,2
626,525,3,2
626,526,3,2
626,527,3,2
626,528,3,2
626,529,3,2
626,530,3,2
626,531,3,2
626,532,3,2
626,533,3,2
626,534,3,2
626,535,3,2
626,536,3,2
626,537,3,2
626,538,3,2
626,539,3,2
626,540,3,2
626,541,3,2
626,542,3,2
626,543,3,2
626,544,3,2
626,545,3,2
626,546,3,2
626,547,3,2
626,548,3,2
626,549,3,2
626,550,3,2
626,551,3,2
626,552,3,2
626,553,3,2
626,554,3,2
626,555,3,2
626,556,3,2
626,557,3,2
626,558,3,2
626,559,3,2
626,560,3,2
626,561,3,2
626,562,3,2
626,563,3,2
626,564,3,2
626,565,3,2
626,566,3,2
627,117,3,2
627,118,3,2
627,119,3,2
627,120,3,2
627,121,3,2
627,122,3,2
627,123,3,2
627,124,3,2
627,125,3,2
627,126,3,2
627,127,3,2
627,128,3,2
627,129,3,2
627,130,3,2
627,131,3,2
627,132,3,2
627,133,3,2
627,134,3,2
627,135,3,2
627,136,3,2
627,137,3,2
627,138,3,2
627,139,3,2
627,140,3,2
627,141,3,2
627,142,3,2
627,143,3,2
627,144,3,2
627,145,3,2
627,146,3,2
627,147,3,2
627,148,3,2
627,149,3,2
627,150,3,2
627,151,3,2
627,152,3,2
627,153,3,2
627,154,3,2
627,155,3,2
627,156,3,2
627,157,3,2
627,158,3,2
627,159,3,2
627,160,3,2
627,161,3,2
627,162,3,2
627,163,3,2
627,164,3,2
627,165,3,2
627,166,3,2
627,167,3,2
627,168,3,2
627,169,3,2
627,170,3,2
627,171,3,2
627,172,3,2
627,173,3,2
627,174,3,2
627,175,3,2
627,176,3,2
627,177,3,2
627,178,3,2
627,179,3,2
627,180,3,2
627,181,3,2
627,182,3,2
627,183,3,2
627,184,3,2
627,185,3,2
627,186,3,2
627,187,3,2
627,188,3,2
627,189,3,2
627,190,3,2
627,191,3,2
627,192,3,2
627,193,3,2
627,194,3,2
627,195,3,2
627,196,3,2
627,197,3,2
627,198,3,2
627,199,3,2
627,200,3,2
627,201,3,2
627,202,3,2
627,203,3,2
627,204,3,2
627,205,3,2
627,206,3,2
627,207,3,2
627,208,3,2
627,209,3,2
627,210,3,2
627,211,3,2
627,212,3,2
627,213,3,2
627,214,3,2
627,215,3,2
627,216,3,2
627,217,3,2
627,218,3,2
627,219,3,2
627,220,3,2
627,221,3,2
627,222,3,2
627,223,3,2
627,224,3,2
627,225,3,2
627,226,3,2
627,227,3,2
627,228,3,2
627,229,3,2
627,230,3,2
627,231,3,2
627,232,3,2
627,233,3,2
627,234,3,2
627,235,3,2
627,236,3,2
627,237,3,2
627,238,3,2
627,239,3,2
627,240,3,2
627,241,3,2
627,242,3,2
627,243,3,2
627,244,3,2
627,245,3,2
627,246,3,2
627,247,3,2
627,248,3,2
627,249,3,2
627,250,3,2
627,251,3,2
627,252,3,2
627,253,3,2
627,254,3,2
627,255,3,2
627,256,3,2
627,257,3,2
627,258,3,2
627,259,3,2
627,260,3,2
627,261,3,2
627,262,3,2
627,263,3,2
627,264,3,2
627,265,3,2
627,266,3,2
627,267,3,2
627,268,3,2
627,269,3,2
627,270,3,2
627,271,3,2
627,272,3,2
627,273,3,2
627,274,3,2
627,275,3,2
627,276,3,2
627,277,3,2
627,278,3,2
627,279,3,2
627,280,3,2
627,281,3,2
627,282,3,2
627,283,3,2
627,284,3,2
627,285,3,2
627,286,3,2
627,287,3,2
627,288,3,2
627,289,3,2
627,290,3,2
627,291,3,2
627,292,3,2
627,293,3,2
627,294,3,2
627,295,3,2
627,296,3,2
627,297,3,2
627,298,3,2
627,299,3,2
627,300,3,2
627,301,3,2
627,302,3,2
627,303,3,2
627,304,3,2
627,305,3,2
627,306,3,2
627,307,3,2
627,308,3,2
627,309,3,2
627,310,3,2
627,311,3,2
627,312,3,2
627,313,3,2
627,314,3,2
627,315,3,2
627,316,3,2
627,317,3,2
627,318,3,2
627,319,3,2
627,320,3,2
627,321,3,2
627,322,3,2
627,323,3,2
627,324,3,2
627,325,3,2
627,326,3,2
627,327,3,2
627,328,3,2
627,329,3,2
627,330,3,2
627,331,3,2
627,332,3,2
627,333,3,2
627,334,3,2
627,335,3,2
627,336,3,2
627,337,3,2
627,338,3,2
627,339,3,2
627,340,3,2
627,341,3,2
627,342,3,2
627,343,3,2
627,344,3,2
627,345,3,2
627,346,3,2
627,347,3,2
627,348,3,2
627,349,3,2
627,350,3,2
627,351,3,2
627,352,3,2
627,353,3,2
627,354,3,2
627,355,3,2
627,356,3,2
627,357,3,2
627,358,3,2
627,359,3,2
627,360,3,2
627,361,3,2
627,362,3,2
627,363,3,2
627,364,3,2
627,365,3,2
627,366,3,2
627,367,3,2
627,368,3,2
627,369,3,2
627,370,3,2
627,371,3,2
627,372,3,2
627,373,3,2
627,374,3,2
627,375,3,2
627,376,3,2
627,377,3,2
627,378,3,2
627,379,3,2
627,380,3,2
627,381,3,2
627,382,3,2
627,383,3,2
627,384,3,2
627,385,3,2
627,386,3,2
627,387,3,2
627,388,3,2
627,389,3,2
627,390,3,2
627,391,3,2
627,392,3,2
627,393,3,2
627,394,3,2
627,395,3,2
627,396,3,2
627,397,3,2
627,398,3,2
627,399,3,2
627,400,3,2
627,401,3,2
627,402,3,2
627,403,3,2
627,404,3,2
627,405,3,2
627,406,3,2
627,407,3,2
627,408,3,2
627,409,3,2
627,410,3,2
627,411,3,2
627,412,3,2
627,413,3,2
627,414,3,2
627,415,3,2
627,416,3,2
627,417,3,2
627,418,3,2
627,419,3,2
627,420,3,2
627,421,3,2
627,422,3,2
627,423,3,2
627,424,3,2
627,425,3,2
627,426,3,2
627,427,3,2
627,428,3,2
627,429,3,2
627,430,3,2
627,431,3,2
627,432,3,2
627,433,3,2
627,434,3,2
627,435,3,2
627,436,3,2
627,437,3,2
627,438,3,2
627,439,3,2
627,440,3,2
627,441,3,2
627,442,3,2
627,443,3,2
627,444,3,2
627,445,3,2
627,446,3,2
627,447,3,2
627,448,3,2
627,449,3,2
627,450,3,2
627,451,3,2
627,452,3,2
627,453,3,2
627,454,3,2
627,455,3,2
627,456,3,2
627,457,3,2
627,458,3,2
627,459,3,2
627,460,3,2
627,461,3,2
627,462,3,2
627,463,3,2
627,464,3,2
627,465,3,2
627,466,3,2
627,467,3,2
627,468,3,2
627,469,3,2
627,470,3,2
627,471,3,2
627,472,3,2
627,473,3,2
627,474,3,2
627,475,3,2
627,476,3,2
627,477,3,2
627,478,3,2
627,479,3,2
627,480,3,2
627,481,3,2
627,482,3,2
627,483,3,2
627,484,3,2
627,485,3,2
627,486,3,2
627,487,3,2
627,488,3,2
627,489,3,2
627,490,3,2
627,491,3,2
627,492,3,2
627,493,3,2
627,494,3,2
627,495,3,2
627,496,3,2
627,497,3,2
627,498,3,2
627,499,3,2
627,500,3,2
627,501,3,2
627,502,3,2
627,503,3,2
627,504,3,2
627,505,3,2
627,506,3,2
627,507,3,2
627,508,3,2
627,509,3,2
627,510,3,2
627,511,3,2
627,512,3,2
627,513,3,2
627,514,3,2
627,515,3,2
627,516,3,2
627,517,3,2
627,518,3,2
627,519,3,2
627,520,3,2
627,521,3,2
627,522,3,2
627,523,3,2
627,524,3,2
627,525,3,2
627,526,3,2
627,527,3,2
627,528,3,2
627,529,3,2
627,530,3,2
627,531,3,2
627,532,3,2
627,533,3,2
627,534,3,2
627,535,3,2
627,536,3,2
627,537,3,2
627,538,3,2
627,539,3,2
627,540,3,2
627,541,3,2
627,542,3,2
627,543,3,2
627,544,3,2
627,545,3,2
627,546,3,2
627,547,3,2
627,548,3,2
627,549,3,2
627,550,3,2
627,551,3,2
627,552,3,2
627,553,3,2
627,554,3,2
627,555,3,2
627,556,3,2
627,557,3,2
627,558,3,2
627,559,3,2
627,560,3,2
627,561,3,2
627,562,3,2
627,563,3,2
627,564,3,2
628,118,3,2
628,119,3,2
628,120,3,2
628,121,3,2
628,122,3,2
628,123,3,2
628,124,3,2
628,125,3,2
628,126,3,2
628,127,3,2
628,128,3,2
628,129,3,2
628,130,3,2
628,131,3,2
628,132,3,2
628,133,3,2
628,134,3,2
628,135,3,2
628,136,3,2
628,137,3,2
628,138,3,2
628,139,3,2
628,140,3,2
628,141,3,2
628,142,3,2
628,143,3,2
628,144,3,2
628,145,3,2
628,146,3,2
628,147,3,2
628,148,3,2
628,149,3,2
628,150,3,2
628,151,3,2
628,152,3,2
628,153,3,2
628,154,3,2
628,155,3,2
628,156,3,2
628,157,3,2
628,158,3,2
628,159,3,2
628,160,3,2
628,161,3,2
628,162,3,2
628,163,3,2
628,164,3,2
628,165,3,2
628,166,3,2
628,167,3,2
628,168,3,2
628,169,3,2
628,170,3,2
628,171,3,2
628,172,3,2
628,173,3,2
628,174,3,2
628,175,3,2
628,176,3,2
628,177,3,2
628,178,3,2
628,179,3,2
628,180,3,2
628,181,3,2
628,182,3,2
628,183,3,2
628,184,3,2
628,185,3,2
628,186,3,2
628,187,3,2
628,188,3,2
628,189,3,2
628,190,3,2
628,191,3,2
628,192,3,2
628,193,3,2
628,194,3,2
628,195,3,2
628,196,3,2
628,197,3,2
628,198,3,2
628,199,3,2
628,200,3,2
628,201,3,2
628,202,3,2
628,203,3,2
628,204,3,2
628,205,3,2
628,206,3,2
628,207,3,2
628,208,3,2
628,209,3,2
628,210,3,2
628,211,3,2
628,212,3,2
628,213,3,2
628,214,3,2
628,215,3,2
628,216,3,2
628,217,3,2
628,218,3,2
628,219,3,2
628,220,3,2
628,221,3,2
628,222,3,2
628,223,3,2
628,224,3,2
628,225,3,2
628,226,3,2
628,227,3,2
628,228,3,2
628,229,3,2
628,230,3,2
628,231,3,2
628,232,3,2
628,233,3,2
628,234,3,2
628,235,3,2
628,236,3,2
628,237,3,2
628,238,3,2
628,239,3,2
628,240,3,2
628,241,3,2
628,242,3,2
628,243,3,2
628,244,3,2
628,245,3,2
628,246,3,2
628,247,3,2
628,248,3,2
628,249,3,2
628,250,3,2
628,251,3,2
628,252,3,2
628,253,3,2
628,254,3,2
628,255,3,2
628,256,3,2
628,257,3,2
628,258,3,2
628,259,3,2
628,260,3,2
628,261,3,2
628,262,3,2
628,263,3,2
628,264,3,2
628,265,3,2
628,266,3,2
628,267,3,2
628,268,3,2
628,269,3,2
628,270,3,2
628,271,3,2
628,272,3,2
628,273,3,2
628,274,3,2
628,275,3,2
628,276,3,2
628,277,3,2
628,278,3,2
628,279,3,2
628,280,3,2
628,281,3,2
628,282,3,2
628,283,3,2
628,284,3,2
628,285,3,2
628,286,3,2
628,287,3,2
628,288,3,2
628,289,3,2
628,290,3,2
628,291,3,2
628,292,3,2
628,293,3,2
628,294,3,2
628,295,3,2
628,296,3,2
628,297,3,2
628,298,3,2
628,299,3,2
628,300,3,2
628,301,3,2
628,302,3,2
628,303,3,2
628,304,3,2
628,305,3,2
628,306,3,2
628,307,3,2
628,308,3,2
628,309,3,2
628,310,3,2
628,311,3,2
628,312,3,2
628,313,3,2
628,314,3,2
628,315,3,2
628,316,3,2
628,317,3,2
628,318,3,2
628,319,3,2
628,320,3,2
628,321,3,2
628,322,3,2
628,323,3,2
628,324,3,2
628,325,3,2
628,326,3,2
628,327,3,2
628,328,3,2
628,329,3,2
628,330,3,2
628,331,3,2
628,332,3,2
628,333,3,2
628,334,3,2
628,335,3,2
628,336,3,2
628,337,3,2
628,338,3,2
628,339,3,2
628,340,3,2
628,341,3,2
628,342,3,2
628,343,3,2
628,344,3,2
628,345,3,2
628,346,3,2
628,347,3,2
628,348,3,2
628,349,3,2
628,350,3,2
628,351,3,2
628,352,3,2
628,353,3,2
628,354,3,2
628,355,3,2
628,356,3,2
628,357,3,2
628,358,3,2
628,359,3,2
628,360,3,2
628,361,3,2
628,362,3,2
628,363,3,2
628,364,3,2
628,365,3,2
628,366,3,2
628,367,3,2
628,368,3,2
628,369,3,2
628,370,3,2
628,371,3,2
628,372,3,2
628,373,3,2
628,374,3,2
628,375,3,2
628,376,3,2
628,377,3,2
628,378,3,2
628,379,3,2
628,380,3,2
628,381,3,2
628,382,3,2
628,383,3,2
628,384,3,2
628,385,3,2
628,386,3,2
628,387,3,2
628,388,3,2
628,389,3,2
628,390,3,2
628,391,3,2
628,392,3,2
628,393,3,2
628,394,3,2
628,395,3,2
628,396,3,2
628,397,3,2
628,398,3,2
628,399,3,2
628,400,3,2
628,401,3,2
628,402,3,2
628,403,3,2
628,404,3,2
628,405,3,2
628,406,3,2
628,407,3,2
628,408,3,2
628,409,3,2
628,410,3,2
628,411,3,2
628,412,3,2
628,413,3,2
628,414,3,2
628,415,3,2
628,416,3,2
628,417,3,2
628,418,3,2
628,419,3,2
628,420,3,2
628,421,3,2
628,422,3,2
628,423,3,2
628,424,3,2
628,425,3,2
628,426,3,2
628,427,3,2
628,428,3,2
628,429,3,2
628,430,3,2
628,431,3,2
628,432,3,2
628,433,3,2
628,434,3,2
628,435,3,2
628,436,3,2
628,437,3,2
628,438,3,2
628,439,3,2
628,440,3,2
628,441,3,2
628,442,3,2
628,443,3,2
628,444,3,2
628,445,3,2
628,446,3,2
628,447,3,2
628,448,3,2
628,449,3,2
628,450,3,2
628,451,3,2
628,452,3,2
628,453,3,2
628,454,3,2
628,455,3,2
628,456,3,2
628,457,3,2
628,458,3,2
628,459,3,2
628,460,3,2
628,461,3,2
628,462,3,2
628,463,3,2
628,464,3,2
628,465,3,2
628,466,3,2
628,467,3,2
628,468,3,2
628,469,3,2
628,470,3,2
628,471,3,2
628,472,3,2
628,473,3,2
628,474,3,2
628,475,3,2
628,476,3,2
628,477,3,2
628,478,3,2
628,479,3,2
628,480,3,2
628,481,3,2
628,482,3,2
628,483,3,2
628,484,3,2
628,485,3,2
628,486,3,2
628,487,3,2
628,488,3,2
628,489,3,2
628,490,3,2
628,491,3,2
628,492,3,2
628,493,3,2
628,494,3,2
628,495,3,2
628,496,3,2
628,497,3,2
628,498,3,2
628,499,3,2
628,500,3,2
628,501,3,2
628,502,3,2
628,503,3,2
628,504,3,2
628,505,3,2
628,506,3,2
628,507,3,2
628,508,3,2
628,509,3,2
628,510,3,2
628,511,3,2
628,512,3,2
628,513,3,2
628,514,3,2
628,515,3,2
628,516,3,2
628,517,3,2
628,518,3,2
628,519,3,2
628,520,3,2
628,521,3,2
628,522,3,2
628,523,3,2
628,524,3,2
628,525,3,2
628,526,3,2
628,527,3,2
628,528,3,2
628,529,3,2
628,530,3,2
628,531,3,2
628,532,3,2
628,533,3,2
628,534,3,2
628,535,3,2
628,536,3,2
628,537,3,2
628,538,3,2
628,539,3,2
628,540,3,2
628,541,3,2
628,542,3,2
628,543,3,2
628,544,3,2
628,545,3,2
628,546,3,2
628,547,3,2
628,548,3,2
628,549,3,2
628,550,3,2
628,551,3,2
628,552,3,2
628,553,3,2
628,554,3,2
628,555,3,2
628,556,3,2
628,557,3,2
628,558,3,2
628,559,3,2
628,560,3,2
628,561,3,2
628,562,3,2
628,563,3,2
629,119,3,2
629,120,3,2
629,121,3,2
629,122,3,2
629,123,3,2
629,124,3,2
629,125,3,2
629,126,3,2
629,127,3,2
629,128,3,2
629,129,3,2
629,130,3,2
629,131,3,2
629,132,3,2
629,133,3,2
629,134,3,2
629,135,3,2
629,136,3,2
629,137,3,2
629,138,3,2
629,139,3,2
629,140,3,2
629,141,3,2
629,142,3,2
629,143,3,2
629,144,3,2
629,145,3,2
629,146,3,2
629,147,3,2
629,148,3,2
629,149,3,2
629,150,3,2
629,151,3,2
629,152,3,2
629,153,3,2
629,154,3,2
629,155,3,2
629,156,3,2
629,157,3,2
629,158,3,2
629,159,3,2
629,160,3,2
629,161,3,2
629,162,3,2
629,163,3,2
629,164,3,2
629,165,3,2
629,166,3,2
629,167,3,2
629,168,3,2
629,169,3,2
629,170,3,2
629,171,3,2
629,172,3,2
629,173,3,2
629,174,3,2
629,175,3,2
629,176,3,2
629,177,3,2
629,178,3,2
629,179,3,2
629,180,3,2
629,181,3,2
629,182,3,2
629,183,3,2
629,184,3,2
629,185,3,2
629,186,3,2
629,187,3,2
629,188,3,2
629,189,3,2
629,190,3,2
629,191,3,2
629,192,3,2
629,193,3,2
629,194,3,2
629,195,3,2
629,196,3,2
629,197,3,2
629,198,3,2
629,199,3,2
629,200,3,2
629,201,3,2
629,202,3,2
629,203,3,2
629,204,3,2
629,205,3,2
629,206,3,2
629,207,3,2
629,208,3,2
629,209,3,2
629,210,3,2
629,211,3,2
629,212,3,2
629,213,3,2
629,214,3,2
629,215,3,2
629,216,3,2
629,217,3,2
629,218,3,2
629,219,3,2
629,220,3,2
629,221,3,2
629,222,3,2
629,223,3,2
629,224,3,2
629,225,3,2
629,226,3,2
629,227,3,2
629,228,3,2
629,229,3,2
629,230,3,2
629,231,3,2
629,232,3,2
629,233,3,2
629,234,3,2
629,235,3,2
629,236,3,2
629,237,3,2
629,238,3,2
629,239,3,2
629,240,3,2
629,241,3,2
629,242,3,2
629,243,3,2
629,244,3,2
629,245,3,2
629,246,3,2
629,247,3,2
629,248,3,2
629,249,3,2
629,250,3,2
629,251,3,2
629,252,3,2
629,253,3,2
629,254,3,2
629,255,3,2
629,256,3,2
629,257,3,2
629,258,3,2
629,259,3,2
629,260,3,2
629,261,3,2
629,262,3,2
629,263,3,2
629,264,3,2
629,265,3,2
629,266,3,2
629,267,3,2
629,268,3,2
629,269,3,2
629,270,3,2
629,271,3,2
629,272,3,2
629,273,3,2
629,274,3,2
629,275,3,2
629,276,3,2
629,277,3,2
629,278,3,2
629,279,3,2
629,280,3,2
629,281,3,2
629,282,3,2
629,283,3,2
629,284,3,2
629,285,3,2
629,286,3,2
629,287,3,2
629,288,3,2
629,289,3,2
629,290,3,2
629,291,3,2
629,292,3,2
629,293,3,2
629,294,3,2
629,295,3,2
629,296,3,2
629,297,3,2
629,298,3,2
629,299,3,2
629,300,3,2
629,301,3,2
629,302,3,2
629,303,3,2
629,304,3,2
629,305,3,2
629,306,3,2
629,307,3,2
629,308,3,2
629,309,3,2
629,310,3,2
629,311,3,2
629,312,3,2
629,313,3,2
629,314,3,2
629,315,3,2
629,316,3,2
629,317,3,2
629,318,3,2
629,319,3,2
629,320,3,2
629,321,3,2
629,322,3,2
629,323,3,2
629,324,3,2
629,325,3,2
629,326,3,2
629,327,3,2
629,328,3,2
629,329,3,2
629,330,3,2
629,331,3,2
629,332,3,2
629,333,3,2
629,334,3,2
629,335,3,2
629,336,3,2
629,337,3,2
629,338,3,2
629,339,3,2
629,340,3,2
629,341,3,2
629,342,3,2
629,343,3,2
629,344,3,2
629,345,3,2
629,346,3,2
629,347,3,2
629,348,3,2
629,349,3,2
629,350,3,2
629,351,3,2
629,352,3,2
629,353,3,2
629,354,3,2
629,355,3,2
629,356,3,2
629,357,3,2
629,358,3,2
629,359,3,2
629,360,3,2
629,361,3,2
629,362,3,2
629,363,3,2
629,364,3,2
629,365,3,2
629,366,3,2
629,367,3,2
629,368,3,2
629,369,3,2
629,370,3,2
629,371,3,2
629,372,3,2
629,373,3,2
629,374,3,2
629,375,3,2
629,376,3,2
629,377,3,2
629,378,3,2
629,379,3,2
629,380,3,2
629,381,3,2
629,382,3,2
629,383,3,2
629,384,3,2
629,385,3,2
629,386,3,2
629,387,3,2
629,388,3,2
629,389,3,2
629,390,3,2
629,391,3,2
629,392,3,2
629,393,3,2
629,394,3,2
629,395,3,2
629,396,3,2
629,397,3,2
629,398,3,2
629,399,3,2
629,400,3,2
629,401,3,2
629,402,3,2
629,403,3,2
629,404,3,2
629,405,3,2
629,406,3,2
629,407,3,2
629,408,3,2
629,409,3,2
629,410,3,2
629,411,3,2
629,412,3,2
629,413,3,2
629,414,3,2
629,415,3,2
629,416,3,2
629,417,3,2
629,418,3,2
629,419,3,2
629,420,3,2
629,421,3,2
629,422,3,2
629,423,3,2
629,424,3,2
629,425,3,2
629,426,3,2
629,427,3,2
629,428,3,2
629,429,3,2
629,430,3,2
629,431,3,2
629,432,3,2
629,433,3,2
629,434,3,2
629,435,3,2
629,436,3,2
629,437,3,2
629,438,3,2
629,439,3,2
629,440,3,2
629,441,3,2
629,442,3,2
629,443,3,2
629,444,3,2
629,445,3,2
629,446,3,2
629,447,3,2
629,448,3,2
629,449,3,2
629,450,3,2
629,451,3,2
629,452,3,2
629,453,3,2
629,454,3,2
629,455,3,2
629,456,3,2
629,457,3,2
629,458,3,2
629,459,3,2
629,460,3,2
629,461,3,2
629,462,3,2
629,463,3,2
629,464,3,2
629,465,3,2
629,466,3,2
629,467,3,2
629,468,3,2
629,469,3,2
629,470,3,2
629,471,3,2
629,472,3,2
629,473,3,2
629,474,3,2
629,475,3,2
629,476,3,2
629,477,3,2
629,478,3,2
629,479,3,2
629,480,3,2
629,481,3,2
629,482,3,2
629,483,3,2
629,484,3,2
629,485,3,2
629,486,3,2
629,487,3,2
629,488,3,2
629,489,3,2
629,490,3,2
629,491,3,2
629,492,3,2
629,493,3,2
629,494,3,2
629,495,3,2
629,496,3,2
629,497,3,2
629,498,3,2
629,499,3,2
629,500,3,2
629,501,3,2
629,502,3,2
629,503,3,2
629,504,3,2
629,505,3,2
629,506,3,2
629,507,3,2
629,508,3,2
629,509,3,2
629,510,3,2
629,511,3,2
629,512,3,2
629,513,3,2
629,514,3,2
629,515,3,2
629,516,3,2
629,517,3,2
629,518,3,2
629,519,3,2
629,520,3,2
629,521,3,2
629,522,3,2
629,523,3,2
629,524,3,2
629,525,3,2
629,526,3,2
629,527,3,2
629,528,3,2
629,529,3,2
629,530,3,2
629,531,3,2
629,532,3,2
629,533,3,2
629,534,3,2
629,535,3,2
629,536,3,2
629,537,3,2
629,538,3,2
629,539,3,2
629,540,3,2
629,541,3,2
629,542,3,2
629,543,3,2
629,544,3,2
629,545,3,2
629,546,3,2
629,547,3,2
629,548,3,2
629,549,3,2
629,550,3,2
629,551,3,2
629,552,3,2
629,553,3,2
629,554,3,2
629,555,3,2
629,556,3,2
629,557,3,2
629,558,3,2
629,559,3,2
629,560,3,2
629,561,3,2
630,119,3,2
630,120,3,2
630,121,3,2
630,122,3,2
630,123,3,2
630,124,3,2
630,125,3,2
630,126,3,2
630,127,3,2
630,128,3,2
630,129,3,2
630,130,3,2
630,131,3,2
630,132,3,2
630,133,3,2
630,134,3,2
630,135,3,2
630,136,3,2
630,137,3,2
630,138,3,2
630,139,3,2
630,140,3,2
630,141,3,2
630,142,3,2
630,143,3,2
630,144,3,2
630,145,3,2
630,146,3,2
630,147,3,2
630,148,3,2
630,149,3,2
630,150,3,2
630,151,3,2
630,152,3,2
630,153,3,2
630,154,3,2
630,155,3,2
630,156,3,2
630,157,3,2
630,158,3,2
630,159,3,2
630,160,3,2
630,161,3,2
630,162,3,2
630,163,3,2
630,164,3,2
630,165,3,2
630,166,3,2
630,167,3,2
630,168,3,2
630,169,3,2
630,170,3,2
630,171,3,2
630,172,3,2
630,173,3,2
630,174,3,2
630,175,3,2
630,176,3,2
630,177,3,2
630,178,3,2
630,179,3,2
630,180,3,2
630,181,3,2
630,182,3,2
630,183,3,2
630,184,3,2
630,185,3,2
630,186,3,2
630,187,3,2
630,188,3,2
630,189,3,2
630,190,3,2
630,191,3,2
630,192,3,2
630,193,3,2
630,194,3,2
630,195,3,2
630,196,3,2
630,197,3,2
630,198,3,2
630,199,3,2
630,200,3,2
630,201,3,2
630,202,3,2
630,203,3,2
630,204,3,2
630,205,3,2
630,206,3,2
630,207,3,2
630,208,3,2
630,209,3,2
630,210,3,2
630,211,3,2
630,212,3,2
630,213,3,2
630,214,3,2
630,215,3,2
630,216,3,2
630,217,3,2
630,218,3,2
630,219,3,2
630,220,3,2
630,221,3,2
630,222,3,2
630,223,3,2
630,224,3,2
630,225,3,2
630,226,3,2
630,227,3,2
630,228,3,2
630,229,3,2
630,230,3,2
630,231,3,2
630,232,3,2
630,233,3,2
630,234,3,2
630,235,3,2
630,236,3,2
630,237,3,2
630,238,3,2
630,239,3,2
630,240,3,2
630,241,3,2
630,242,3,2
630,243,3,2
630,244,3,2
630,245,3,2
630,246,3,2
630,247,3,2
630,248,3,2
630,249,3,2
630,250,3,2
630,251,3,2
630,252,3,2
630,253,3,2
630,254,3,2
630,255,3,2
630,256,3,2
630,257,3,2
630,258,3,2
630,259,3,2
630,260,3,2
630,261,3,2
630,262,3,2
630,263,3,2
630,264,3,2
630,265,3,2
630,266,3,2
630,267,3,2
630,268,3,2
630,269,3,2
630,270,3,2
630,271,3,2
630,272,3,2
630,273,3,2
630,274,3,2
630,275,3,2
630,276,3,2
630,277,3,2
630,278,3,2
630,279,3,2
630,280,3,2
630,281,3,2
630,282,3,2
630,283,3,2
630,284,3,2
630,285,3,2
630,286,3,2
630,287,3,2
630,288,3,2
630,289,3,2
630,290,3,2
630,291,3,2
630,292,3,2
630,293,3,2
630,294,3,2
630,295,3,2
630,296,3,2
630,297,3,2
630,298,3,2
630,299,3,2
630,300,3,2
630,301,3,2
630,302,3,2
630,303,3,2
630,304,3,2
630,305,3,2
630,306,3,2
630,307,3,2
630,308,3,2
630,309,3,2
630,310,3,2
630,311,3,2
630,312,3,2
630,313,3,2
630,314,3,2
630,315,3,2
630,316,3,2
630,317,3,2
630,318,3,2
630,319,3,2
630,320,3,2
630,321,3,2
630,322,3,2
630,323,3,2
630,324,3,2
630,325,3,2
630,326,3,2
630,327,3,2
630,328,3,2
630,329,3,2
630,330,3,2
630,331,3,2
630,332,3,2
630,333,3,2
630,334,3,2
630,335,3,2
630,336,3,2
630,337,3,2
630,338,3,2
630,339,3,2
630,340,3,2
630,341,3,2
630,342,3,2
630,343,3,2
630,344,3,2
630,345,3,2
630,346,3,2
630,347,3,2
630,348,3,2
630,349,3,2
630,350,3,2
630,351,3,2
630,352,3,2
630,353,3,2
630,354,3,2
630,355,3,2
630,356,3,2
630,357,3,2
630,358,3,2
630,359,3,2
630,360,3,2
630,361,3,2
630,362,3,2
630,363,3,2
630,364,3,2
630,365,3,2
630,366,3,2
630,367,3,2
630,368,3,2
630,369,3,2
630,370,3,2
630,371,3,2
630,372,3,2
630,373,3,2
630,374,3,2
630,375,3,2
630,376,3,2
630,377,3,2
630,378,3,2
630,379,3,2
630,380,3,2
630,381,3,2
630,382,3,2
630,383,3,2
630,384,3,2
630,385,3,2
630,386,3,2
630,387,3,2
630,388,3,2
630,389,3,2
630,390,3,2
630,391,3,2
630,392,3,2
630,393,3,2
630,394,3,2
630,395,3,2
630,396,3,2
630,397,3,2
630,398,3,2
630,399,3,2
630,400,3,2
630,401,3,2
630,402,3,2
630,403,3,2
630,404,3,2
630,405,3,2
630,406,3,2
630,407,3,2
630,408,3,2
630,409,3,2
630,410,3,2
630,411,3,2
630,412,3,2
630,413,3,2
630,414,3,2
630,415,3,2
630,416,3,2
630,417,3,2
630,418,3,2
630,419,3,2
630,420,3,2
630,421,3,2
630,422,3,2
630,423,3,2
630,424,3,2
630,425,3,2
630,426,3,2
630,427,3,2
630,428,3,2
630,429,3,2
630,430,3,2
630,431,3,2
630,432,3,2
630,433,3,2
630,434,3,2
630,435,3,2
630,436,3,2
630,437,3,2
630,438,3,2
630,439,3,2
630,440,3,2
630,441,3,2
630,442,3,2
630,443,3,2
630,444,3,2
630,445,3,2
630,446,3,2
630,447,3,2
630,448,3,2
630,449,3,2
630,450,3,2
630,451,3,2
630,452,3,2
630,453,3,2
630,454,3,2
630,455,3,2
630,456,3,2
630,457,3,2
630,458,3,2
630,459,3,2
630,460,3,2
630,461,3,2
630,462,3,2
630,463,3,2
630,464,3,2
630,465,3,2
630,466,3,2
630,467,3,2
630,468,3,2
630,469,3,2
630,470,3,2
630,471,3,2
630,472,3,2
630,473,3,2
630,474,3,2
630,475,3,2
630,476,3,2
630,477,3,2
630,478,3,2
630,479,3,2
630,480,3,2
630,481,3,2
630,482,3,2
630,483,3,2
630,484,3,2
630,485,3,2
630,486,3,2
630,487,3,2
630,488,3,2
630,489,3,2
630,490,3,2
630,491,3,2
630,492,3,2
630,493,3,2
630,494,3,2
630,495,3,2
630,496,3,2
630,497,3,2
630,498,3,2
630,499,3,2
630,500,3,2
630,501,3,2
630,502,3,2
630,503,3,2
630,504,3,2
630,505,3,2
630,506,3,2
630,507,3,2
630,508,3,2
630,509,3,2
630,510,3,2
630,511,3,2
630,512,3,2
630,513,3,2
630,514,3,2
630,515,3,2
630,516,3,2
630,517,3,2
630,518,3,2
630,519,3,2
630,520,3,2
630,521,3,2
630,522,3,2
630,523,3,2
630,524,3,2
630,525,3,2
630,526,3,2
630,527,3,2
630,528,3,2
630,529,3,2
630,530,3,2
630,531,3,2
630,532,3,2
630,533,3,2
630,534,3,2
630,535,3,2
630,536,3,2
630,537,3,2
630,538,3,2
630,539,3,2
630,540,3,2
630,541,3,2
630,542,3,2
630,543,3,2
630,544,3,2
630,545,3,2
630,546,3,2
630,547,3,2
630,548,3,2
630,549,3,2
630,550,3,2
630,551,3,2
630,552,3,2
630,553,3,2
630,554,3,2
630,555,3,2
630,556,3,2
630,557,3,2
630,558,3,2
630,559,3,2
631,119,3,2
631,120,3,2
631,121,3,2
631,122,3,2
631,123,3,2
631,124,3,2
631,125,3,2
631,126,3,2
631,127,3,2
631,128,3,2
631,129,3,2
631,130,3,2
631,131,3,2
631,132,3,2
631,133,3,2
631,134,3,2
631,135,3,2
631,136,3,2
631,137,3,2
631,138,3,2
631,139,3,2
631,140,3,2
631,141,3,2
631,142,3,2
631,143,3,2
631,144,3,2
631,145,3,2
631,146,3,2
631,147,3,2
631,148,3,2
631,149,3,2
631,150,3,2
631,151,3,2
631,152,3,2
631,153,3,2
631,154,3,2
631,155,3,2
631,156,3,2
631,157,3,2
631,158,3,2
631,159,3,2
631,160,3,2
631,161,3,2
631,162,3,2
631,163,3,2
631,164,3,2
631,165,3,2
631,166,3,2
631,167,3,2
631,168,3,2
631,169,3,2
631,170,3,2
631,171,3,2
631,172,3,2
631,173,3,2
631,174,3,2
631,175,3,2
631,176,3,2
631,177,3,2
631,178,3,2
631,179,3,2
631,180,3,2
631,181,3,2
631,182,3,2
631,183,3,2
631,184,3,2
631,185,3,2
631,186,3,2
631,187,3,2
631,188,3,2
631,189,3,2
631,190,3,2
631,191,3,2
631,192,3,2
631,193,3,2
631,194,3,2
631,195,3,2
631,196,3,2
631,197,3,2
631,198,3,2
631,199,3,2
631,200,3,2
631,201,3,2
631,202,3,2
631,203,3,2
631,204,3,2
631,205,3,2
631,206,3,2
631,207,3,2
631,208,3,2
631,209,3,2
631,210,3,2
631,211,3,2
631,212,3,2
631,213,3,2
631,214,3,2
631,215,3,2
631,216,3,2
631,217,3,2
631,218,3,2
631,219,3,2
631,220,3,2
631,221,3,2
631,222,3,2
631,223,3,2
631,224,3,2
631,225,3,2
631,226,3,2
631,227,3,2
631,228,3,2
631,229,3,2
631,230,3,2
631,231,3,2
631,232,3,2
631,233,3,2
631,234,3,2
631,235,3,2
631,236,3,2
631,237,3,2
631,238,3,2
631,239,3,2
631,240,3,2
631,241,3,2
631,242,3,2
631,243,3,2
631,244,3,2
631,245,3,2
631,246,3,2
631,247,3,2
631,248,3,2
631,249,3,2
631,250,3,2
631,251,3,2
631,252,3,2
631,253,3,2
631,254,3,2
631,255,3,2
631,256,3,2
631,257,3,2
631,258,3,2
631,259,3,2
631,260,3,2
631,261,3,2
631,262,3,2
631,263,3,2
631,264,3,2
631,265,3,2
631,266,3,2
631,267,3,2
631,268,3,2
631,269,3,2
631,270,3,2
631,271,3,2
631,272,3,2
631,273,3,2
631,274,3,2
631,275,3,2
631,276,3,2
631,277,3,2
631,278,3,2
631,279,3,2
631,280,3,2
631,281,3,2
631,282,3,2
631,283,3,2
631,284,3,2
631,285,3,2
631,286,3,2
631,287,3,2
631,288,3,2
631,289,3,2
631,290,3,2
631,291,3,2
631,292,3,2
631,293,3,2
631,294,3,2
631,295,3,2
631,296,3,2
631,297,3,2
631,298,3,2
631,299,3,2
631,300,3,2
631,301,3,2
631,302,3,2
631,303,3,2
631,304,3,2
631,305,3,2
631,306,3,2
631,307,3,2
631,308,3,2
631,309,3,2
631,310,3,2
631,311,3,2
631,312,3,2
631,313,3,2
631,314,3,2
631,315,3,2
631,316,3,2
631,317,3,2
631,318,3,2
631,319,3,2
631,320,3,2
631,321,3,2
631,322,3,2
631,323,3,2
631,324,3,2
631,325,3,2
631,326,3,2
631,327,3,2
631,328,3,2
631,329,3,2
631,330,3,2
631,331,3,2
631,332,3,2
631,333,3,2
631,334,3,2
631,335,3,2
631,336,3,2
631,337,3,2
631,338,3,2
631,339,3,2
631,340,3,2
631,341,3,2
631,342,3,2
631,343,3,2
631,344,3,2
631,345,3,2
631,346,3,2
631,347,3,2
631,348,3,2
631,349,3,2
631,350,3,2
631,351,3,2
631,352,3,2
631,353,3,2
631,354,3,2
631,355,3,2
631,356,3,2
631,357,3,2
631,358,3,2
631,359,3,2
631,360,3,2
631,361,3,2
631,362,3,2
631,363,3,2
631,364,3,2
631,365,3,2
631,366,3,2
631,367,3,2
631,368,3,2
631,369,3,2
631,370,3,2
631,371,3,2
631,372,3,2
631,373,3,2
631,374,3,2
631,375,3,2
631,376,3,2
631,377,3,2
631,378,3,2
631,379,3,2
631,380,3,2
631,381,3,2
631,382,3,2
631,383,3,2
631,384,3,2
631,385,3,2
631,386,3,2
631,387,3,2
631,388,3,2
631,389,3,2
631,390,3,2
631,391,3,2
631,392,3,2
631,393,3,2
631,394,3,2
631,395,3,2
631,396,3,2
631,397,3,2
631,398,3,2
631,399,3,2
631,400,3,2
631,401,3,2
631,402,3,2
631,403,3,2
631,404,3,2
631,405,3,2
631,406,3,2
631,407,3,2
631,408,3,2
631,409,3,2
631,410,3,2
631,411,3,2
631,412,3,2
631,413,3,2
631,414,3,2
631,415,3,2
631,416,3,2
631,417,3,2
631,418,3,2
631,419,3,2
631,420,3,2
631,421,3,2
631,422,3,2
631,423,3,2
631,424,3,2
631,425,3,2
631,426,3,2
631,427,3,2
631,428,3,2
631,429,3,2
631,430,3,2
631,431,3,2
631,432,3,2
631,433,3,2
631,434,3,2
631,435,3,2
631,436,3,2
631,437,3,2
631,438,3,2
631,439,3,2
631,440,3,2
631,441,3,2
631,442,3,2
631,443,3,2
631,444,3,2
631,445,3,2
631,446,3,2
631,447,3,2
631,448,3,2
631,449,3,2
631,450,3,2
631,451,3,2
631,452,3,2
631,453,3,2
631,454,3,2
631,455,3,2
631,456,3,2
631,457,3,2
631,458,3,2
631,459,3,2
631,460,3,2
631,461,3,2
631,462,3,2
631,463,3,2
631,464,3,2
631,465,3,2
631,466,3,2
631,467,3,2
631,468,3,2
631,469,3,2
631,470,3,2
631,471,3,2
631,472,3,2
631,473,3,2
631,474,3,2
631,475,3,2
631,476,3,2
631,477,3,2
631,478,3,2
631,479,3,2
631,480,3,2
631,481,3,2
631,482,3,2
631,483,3,2
631,484,3,2
631,485,3,2
631,486,3,2
631,487,3,2
631,488,3,2
631,489,3,2
631,490,3,2
631,491,3,2
631,492,3,2
631,493,3,2
631,494,3,2
631,495,3,2
631,496,3,2
631,497,3,2
631,498,3,2
631,499,3,2
631,500,3,2
631,501,3,2
631,502,3,2
631,503,3,2
631,504,3,2
631,505,3,2
631,506,3,2
631,507,3,2
631,508,3,2
631,509,3,2
631,510,3,2
631,511,3,2
631,512,3,2
631,513,3,2
631,514,3,2
631,515,3,2
631,516,3,2
631,517,3,2
631,518,3,2
631,519,3,2
631,520,3,2
631,521,3,2
631,522,3,2
631,523,3,2
631,524,3,2
631,525,3,2
631,526,3,2
631,527,3,2
631,528,3,2
631,529,3,2
631,530,3,2
631,531,3,2
631,532,3,2
631,533,3,2
631,534,3,2
631,535,3,2
631,536,3,2
631,537,3,2
631,538,3,2
631,539,3,2
631,540,3,2
631,541,3,2
631,542,3,2
631,543,3,2
631,544,3,2
631,545,3,2
631,546,3,2
631,547,3,2
631,548,3,2
631,549,3,2
631,550,3,2
631,551,3,2
631,552,3,2
631,553,3,2
631,554,3,2
631,555,3,2
631,556,3,2
631,557,3,2
632,119,3,2
632,120,3,2
632,121,3,2
632,122,3,2
632,123,3,2
632,124,3,2
632,125,3,2
632,126,3,2
632,127,3,2
632,128,3,2
632,129,3,2
632,130,3,2
632,131,3,2
632,132,3,2
632,133,3,2
632,134,3,2
632,135,3,2
632,136,3,2
632,137,3,2
632,138,3,2
632,139,3,2
632,140,3,2
632,141,3,2
632,142,3,2
632,143,3,2
632,144,3,2
632,145,3,2
632,146,3,2
632,147,3,2
632,148,3,2
632,149,3,2
632,150,3,2
632,151,3,2
632,152,3,2
632,153,3,2
632,154,3,2
632,155,3,2
632,156,3,2
632,157,3,2
632,158,3,2
632,159,3,2
632,160,3,2
632,161,3,2
632,162,3,2
632,163,3,2
632,164,3,2
632,165,3,2
632,166,3,2
632,167,3,2
632,168,3,2
632,169,3,2
632,170,3,2
632,171,3,2
632,172,3,2
632,173,3,2
632,174,3,2
632,175,3,2
632,176,3,2
632,177,3,2
632,178,3,2
632,179,3,2
632,180,3,2
632,181,3,2
632,182,3,2
632,183,3,2
632,184,3,2
632,185,3,2
632,186,3,2
632,187,3,2
632,188,3,2
632,189,3,2
632,190,3,2
632,191,3,2
632,192,3,2
632,193,3,2
632,194,3,2
632,195,3,2
632,196,3,2
632,197,3,2
632,198,3,2
632,199,3,2
632,200,3,2
632,201,3,2
632,202,3,2
632,203,3,2
632,204,3,2
632,205,3,2
632,206,3,2
632,207,3,2
632,208,3,2
632,209,3,2
632,210,3,2
632,211,3,2
632,212,3,2
632,213,3,2
632,214,3,2
632,215,3,2
632,216,3,2
632,217,3,2
632,218,3,2
632,219,3,2
632,220,3,2
632,221,3,2
632,222,3,2
632,223,3,2
632,224,3,2
632,225,3,2
632,226,3,2
632,227,3,2
632,228,3,2
632,229,3,2
632,230,3,2
632,231,3,2
632,232,3,2
632,233,3,2
632,234,3,2
632,235,3,2
632,236,3,2
632,237,3,2
632,238,3,2
632,239,3,2
632,240,3,2
632,241,3,2
632,242,3,2
632,243,3,2
632,244,3,2
632,245,3,2
632,246,3,2
632,247,3,2
632,248,3,2
632,249,3,2
632,250,3,2
632,251,3,2
632,252,3,2
632,253,3,2
632,254,3,2
632,255,3,2
632,256,3,2
632,257,3,2
632,258,3,2
632,259,3,2
632,260,3,2
632,261,3,2
632,262,3,2
632,263,3,2
632,264,3,2
632,265,3,2
632,266,3,2
632,267,3,2
632,268,3,2
632,269,3,2
632,270,3,2
632,271,3,2
632,272,3,2
632,273,3,2
632,274,3,2
632,275,3,2
632,276,3,2
632,277,3,2
632,278,3,2
632,279,3,2
632,280,3,2
632,281,3,2
632,282,3,2
632,283,3,2
632,284,3,2
632,285,3,2
632,286,3,2
632,287,3,2
632,288,3,2
632,289,3,2
632,290,3,2
632,291,3,2
632,292,3,2
632,293,3,2
632,294,3,2
632,295,3,2
632,296,3,2
632,297,3,2
632,298,3,2
632,299,3,2
632,300,3,2
632,301,3,2
632,302,3,2
632,303,3,2
632,304,3,2
632,305,3,2
632,306,3,2
632,307,3,2
632,308,3,2
632,309,3,2
632,310,3,2
632,311,3,2
632,312,3,2
632,313,3,2
632,314,3,2
632,315,3,2
632,316,3,2
632,317,3,2
632,318,3,2
632,319,3,2
632,320,3,2
632,321,3,2
632,322,3,2
632,323,3,2
632,324,3,2
632,325,3,2
632,326,3,2
632,327,3,2
632,328,3,2
632,329,3,2
632,330,3,2
632,331,3,2
632,332,3,2
632,333,3,2
632,334,3,2
632,335,3,2
632,336,3,2
632,337,3,2
632,338,3,2
632,339,3,2
632,340,3,2
632,341,3,2
632,342,3,2
632,343,3,2
632,344,3,2
632,345,3,2
632,346,3,2
632,347,3,2
632,348,3,2
632,349,3,2
632,350,3,2
632,351,3,2
632,352,3,2
632,353,3,2
632,354,3,2
632,355,3,2
632,356,3,2
632,357,3,2
632,358,3,2
632,359,3,2
632,360,3,2
632,361,3,2
632,362,3,2
632,363,3,2
632,364,3,2
632,365,3,2
632,366,3,2
632,367,3,2
632,368,3,2
632,369,3,2
632,370,3,2
632,371,3,2
632,372,3,2
632,373,3,2
632,374,3,2
632,375,3,2
632,376,3,2
632,377,3,2
632,378,3,2
632,379,3,2
632,380,3,2
632,381,3,2
632,382,3,2
632,383,3,2
632,384,3,2
632,385,3,2
632,386,3,2
632,387,3,2
632,388,3,2
632,389,3,2
632,390,3,2
632,391,3,2
632,392,3,2
632,393,3,2
632,394,3,2
632,395,3,2
632,396,3,2
632,397,3,2
632,398,3,2
632,399,3,2
632,400,3,2
632,401,3,2
632,402,3,2
632,403,3,2
632,404,3,2
632,405,3,2
632,406,3,2
632,407,3,2
632,408,3,2
632,409,3,2
632,410,3,2
632,411,3,2
632,412,3,2
632,413,3,2
632,414,3,2
632,415,3,2
632,416,3,2
632,417,3,2
632,418,3,2
632,419,3,2
632,420,3,2
632,421,3,2
632,422,3,2
632,423,3,2
632,424,3,2
632,425,3,2
632,426,3,2
632,427,3,2
632,428,3,2
632,429,3,2
632,430,3,2
632,431,3,2
632,432,3,2
632,433,3,2
632,434,3,2
632,435,3,2
632,436,3,2
632,437,3,2
632,438,3,2
632,439,3,2
632,440,3,2
632,441,3,2
632,442,3,2
632,443,3,2
632,444,3,2
632,445,3,2
632,446,3,2
632,447,3,2
632,448,3,2
632,449,3,2
632,450,3,2
632,451,3,2
632,452,3,2
632,453,3,2
632,454,3,2
632,455,3,2
632,456,3,2
632,457,3,2
632,458,3,2
632,459,3,2
632,460,3,2
632,461,3,2
632,462,3,2
632,463,3,2
632,464,3,2
632,465,3,2
632,466,3,2
632,467,3,2
632,468,3,2
632,469,3,2
632,470,3,2
632,471,3,2
632,472,3,2
632,473,3,2
632,474,3,2
632,475,3,2
632,476,3,2
632,477,3,2
632,478,3,2
632,479,3,2
632,480,3,2
632,481,3,2
632,482,3,2
632,483,3,2
632,484,3,2
632,485,3,2
632,486,3,2
632,487,3,2
632,488,3,2
632,489,3,2
632,490,3,2
632,491,3,2
632,492,3,2
632,493,3,2
632,494,3,2
632,495,3,2
632,496,3,2
632,497,3,2
632,498,3,2
632,499,3,2
632,500,3,2
632,501,3,2
632,502,3,2
632,503,3,2
632,504,3,2
632,505,3,2
632,506,3,2
632,507,3,2
632,508,3,2
632,509,3,2
632,510,3,2
632,511,3,2
632,512,3,2
632,513,3,2
632,514,3,2
632,515,3,2
632,516,3,2
632,517,3,2
632,518,3,2
632,519,3,2
632,520,3,2
632,521,3,2
632,522,3,2
632,523,3,2
632,524,3,2
632,525,3,2
632,526,3,2
632,527,3,2
632,528,3,2
632,529,3,2
632,530,3,2
632,531,3,2
632,532,3,2
632,533,3,2
632,534,3,2
632,535,3,2
632,536,3,2
632,537,3,2
632,538,3,2
632,539,3,2
632,540,3,2
632,541,3,2
632,542,3,2
632,543,3,2
632,544,3,2
632,545,3,2
632,546,3,2
632,547,3,2
632,548,3,2
632,549,3,2
632,550,3,2
632,551,3,2
632,552,3,2
632,553,3,2
632,554,3,2
632,555,3,2
632,556,3,2
633,119,3,2
633,120,3,2
633,121,3,2
633,122,3,2
633,123,3,2
633,124,3,2
633,125,3,2
633,126,3,2
633,127,3,2
633,128,3,2
633,129,3,2
633,130,3,2
633,131,3,2
633,132,3,2
633,133,3,2
633,134,3,2
633,135,3,2
633,136,3,2
633,137,3,2
633,138,3,2
633,139,3,2
633,140,3,2
633,141,3,2
633,142,3,2
633,143,3,2
633,144,3,2
633,145,3,2
633,146,3,2
633,147,3,2
633,148,3,2
633,149,3,2
633,150,3,2
633,151,3,2
633,152,3,2
633,153,3,2
633,154,3,2
633,155,3,2
633,156,3,2
633,157,3,2
633,158,3,2
633,159,3,2
633,160,3,2
633,161,3,2
633,162,3,2
633,163,3,2
633,164,3,2
633,165,3,2
633,166,3,2
633,167,3,2
633,168,3,2
633,169,3,2
633,170,3,2
633,171,3,2
633,172,3,2
633,173,3,2
633,174,3,2
633,175,3,2
633,176,3,2
633,177,3,2
633,178,3,2
633,179,3,2
633,180,3,2
633,181,3,2
633,182,3,2
633,183,3,2
633,184,3,2
633,185,3,2
633,186,3,2
633,187,3,2
633,188,3,2
633,189,3,2
633,190,3,2
633,191,3,2
633,192,3,2
633,193,3,2
633,194,3,2
633,195,3,2
633,196,3,2
633,197,3,2
633,198,3,2
633,199,3,2
633,200,3,2
633,201,3,2
633,202,3,2
633,203,3,2
633,204,3,2
633,205,3,2
633,206,3,2
633,207,3,2
633,208,3,2
633,209,3,2
633,210,3,2
633,211,3,2
633,212,3,2
633,213,3,2
633,214,3,2
633,215,3,2
633,216,3,2
633,217,3,2
633,218,3,2
633,219,3,2
633,220,3,2
633,221,3,2
633,222,3,2
633,223,3,2
633,224,3,2
633,225,3,2
633,226,3,2
633,227,3,2
633,228,3,2
633,229,3,2
633,230,3,2
633,231,3,2
633,232,3,2
633,233,3,2
633,234,3,2
633,235,3,2
633,236,3,2
633,237,3,2
633,238,3,2
633,239,3,2
633,240,3,2
633,241,3,2
633,242,3,2
633,243,3,2
633,244,3,2
633,245,3,2
633,246,3,2
633,247,3,2
633,248,3,2
633,249,3,2
633,250,3,2
633,251,3,2
633,252,3,2
633,253,3,2
633,254,3,2
633,255,3,2
633,256,3,2
633,257,3,2
633,258,3,2
633,259,3,2
633,260,3,2
633,261,3,2
633,262,3,2
633,263,3,2
633,264,3,2
633,265,3,2
633,266,3,2
633,267,3,2
633,268,3,2
633,269,3,2
633,270,3,2
633,271,3,2
633,272,3,2
633,273,3,2
633,274,3,2
633,275,3,2
633,276,3,2
633,277,3,2
633,278,3,2
633,279,3,2
633,280,3,2
633,281,3,2
633,282,3,2
633,283,3,2
633,284,3,2
633,285,3,2
633,286,3,2
633,287,3,2
633,288,3,2
633,289,3,2
633,290,3,2
633,291,3,2
633,292,3,2
633,293,3,2
633,294,3,2
633,295,3,2
633,296,3,2
633,297,3,2
633,298,3,2
633,299,3,2
633,300,3,2
633,301,3,2
633,302,3,2
633,303,3,2
633,304,3,2
633,305,3,2
633,306,3,2
633,307,3,2
633,308,3,2
633,309,3,2
633,310,3,2
633,311,3,2
633,312,3,2
633,313,3,2
633,314,3,2
633,315,3,2
633,316,3,2
633,317,3,2
633,318,3,2
633,319,3,2
633,320,3,2
633,321,3,2
633,322,3,2
633,323,3,2
633,324,3,2
633,325,3,2
633,326,3,2
633,327,3,2
633,328,3,2
633,329,3,2
633,330,3,2
633,331,3,2
633,332,3,2
633,333,3,2
633,334,3,2
633,335,3,2
633,336,3,2
633,337,3,2
633,338,3,2
633,339,3,2
633,340,3,2
633,341,3,2
633,342,3,2
633,343,3,2
633,344,3,2
633,345,3,2
633,346,3,2
633,347,3,2
633,348,3,2
633,349,3,2
633,350,3,2
633,351,3,2
633,352,3,2
633,353,3,2
633,354,3,2
633,355,3,2
633,356,3,2
633,357,3,2
633,358,3,2
633,359,3,2
633,360,3,2
633,361,3,2
633,362,3,2
633,363,3,2
633,364,3,2
633,365,3,2
633,366,3,2
633,367,3,2
633,368,3,2
633,369,3,2
633,370,3,2
633,371,3,2
633,372,3,2
633,373,3,2
633,374,3,2
633,375,3,2
633,376,3,2
633,377,3,2
633,378,3,2
633,379,3,2
633,380,3,2
633,381,3,2
633,382,3,2
633,383,3,2
633,384,3,2
633,385,3,2
633,386,3,2
633,387,3,2
633,388,3,2
633,389,3,2
633,390,3,2
633,391,3,2
633,392,3,2
633,393,3,2
633,394,3,2
633,395,3,2
633,396,3,2
633,397,3,2
633,398,3,2
633,399,3,2
633,400,3,2
633,401,3,2
633,402,3,2
633,403,3,2
633,404,3,2
633,405,3,2
633,406,3,2
633,407,3,2
633,408,3,2
633,409,3,2
633,410,3,2
633,411,3,2
633,412,3,2
633,413,3,2
633,414,3,2
633,415,3,2
633,416,3,2
633,417,3,2
633,418,3,2
633,419,3,2
633,420,3,2
633,421,3,2
633,422,3,2
633,423,3,2
633,424,3,2
633,425,3,2
633,426,3,2
633,427,3,2
633,428,3,2
633,429,3,2
633,430,3,2
633,431,3,2
633,432,3,2
633,433,3,2
633,434,3,2
633,435,3,2
633,436,3,2
633,437,3,2
633,438,3,2
633,439,3,2
633,440,3,2
633,441,3,2
633,442,3,2
633,443,3,2
633,444,3,2
633,445,3,2
633,446,3,2
633,447,3,2
633,448,3,2
633,449,3,2
633,450,3,2
633,451,3,2
633,452,3,2
633,453,3,2
633,454,3,2
633,455,3,2
633,456,3,2
633,457,3,2
633,458,3,2
633,459,3,2
633,460,3,2
633,461,3,2
633,462,3,2
633,463,3,2
633,464,3,2
633,465,3,2
633,466,3,2
633,467,3,2
633,468,3,2
633,469,3,2
633,470,3,2
633,471,3,2
633,472,3,2
633,473,3,2
633,474,3,2
633,475,3,2
633,476,3,2
633,477,3,2
633,478,3,2
633,479,3,2
633,480,3,2
633,481,3,2
633,482,3,2
633,483,3,2
633,484,3,2
633,485,3,2
633,486,3,2
633,487,3,2
633,488,3,2
633,489,3,2
633,490,3,2
633,491,3,2
633,492,3,2
633,493,3,2
633,494,3,2
633,495,3,2
633,496,3,2
633,497,3,2
633,498,3,2
633,499,3,2
633,500,3,2
633,501,3,2
633,502,3,2
633,503,3,2
633,504,3,2
633,505,3,2
633,506,3,2
633,507,3,2
633,508,3,2
633,509,3,2
633,510,3,2
633,511,3,2
633,512,3,2
633,513,3,2
633,514,3,2
633,515,3,2
633,516,3,2
633,517,3,2
633,518,3,2
633,519,3,2
633,520,3,2
633,521,3,2
633,522,3,2
633,523,3,2
633,524,3,2
633,525,3,2
633,526,3,2
633,527,3,2
633,528,3,2
633,529,3,2
633,530,3,2
633,531,3,2
633,532,3,2
633,533,3,2
633,534,3,2
633,535,3,2
633,536,3,2
633,537,3,2
633,538,3,2
633,539,3,2
633,540,3,2
633,541,3,2
633,542,3,2
633,543,3,2
633,544,3,2
633,545,3,2
633,546,3,2
633,547,3,2
633,548,3,2
633,549,3,2
633,550,3,2
633,551,3,2
633,552,3,2
633,553,3,2
633,554,3,2
633,555,3,2
634,119,3,2
634,120,3,2
634,121,3,2
634,122,3,2
634,123,3,2
634,124,3,2
634,125,3,2
634,126,3,2
634,127,3,2
634,128,3,2
634,129,3,2
634,130,3,2
634,131,3,2
634,132,3,2
634,133,3,2
634,134,3,2
634,135,3,2
634,136,3,2
634,137,3,2
634,138,3,2
634,139,3,2
634,140,3,2
634,141,3,2
634,142,3,2
634,143,3,2
634,144,3,2
634,145,3,2
634,146,3,2
634,147,3,2
634,148,3,2
634,149,3,2
634,150,3,2
634,151,3,2
634,152,3,2
634,153,3,2
634,154,3,2
634,155,3,2
634,156,3,2
634,157,3,2
634,158,3,2
634,159,3,2
634,160,3,2
634,161,3,2
634,162,3,2
634,163,3,2
634,164,3,2
634,165,3,2
634,166,3,2
634,167,3,2
634,168,3,2
634,169,3,2
634,170,3,2
634,171,3,2
634,172,3,2
634,173,3,2
634,174,3,2
634,175,3,2
634,176,3,2
634,177,3,2
634,178,3,2
634,179,3,2
634,180,3,2
634,181,3,2
634,182,3,2
634,183,3,2
634,184,3,2
634,185,3,2
634,186,3,2
634,187,3,2
634,188,3,2
634,189,3,2
634,190,3,2
634,191,3,2
634,192,3,2
634,193,3,2
634,194,3,2
634,195,3,2
634,196,3,2
634,197,3,2
634,198,3,2
634,199,3,2
634,200,3,2
634,201,3,2
634,202,3,2
634,203,3,2
634,204,3,2
634,205,3,2
634,206,3,2
634,207,3,2
634,208,3,2
634,209,3,2
634,210,3,2
634,211,3,2
634,212,3,2
634,213,3,2
634,214,3,2
634,215,3,2
634,216,3,2
634,217,3,2
634,218,3,2
634,219,3,2
634,220,3,2
634,221,3,2
634,222,3,2
634,223,3,2
634,224,3,2
634,225,3,2
634,226,3,2
634,227,3,2
634,228,3,2
634,229,3,2
634,230,3,2
634,231,3,2
634,232,3,2
634,233,3,2
634,234,3,2
634,235,3,2
634,236,3,2
634,237,3,2
634,238,3,2
634,239,3,2
634,240,3,2
634,241,3,2
634,242,3,2
634,243,3,2
634,244,3,2
634,245,3,2
634,246,3,2
634,247,3,2
634,248,3,2
634,249,3,2
634,250,3,2
634,251,3,2
634,252,3,2
634,253,3,2
634,254,3,2
634,255,3,2
634,256,3,2
634,257,3,2
634,258,3,2
634,259,3,2
634,260,3,2
634,261,3,2
634,262,3,2
634,263,3,2
634,264,3,2
634,265,3,2
634,266,3,2
634,267,3,2
634,268,3,2
634,269,3,2
634,270,3,2
634,271,3,2
634,272,3,2
634,273,3,2
634,274,3,2
634,275,3,2
634,276,3,2
634,277,3,2
634,278,3,2
634,279,3,2
634,280,3,2
634,281,3,2
634,282,3,2
634,283,3,2
634,284,3,2
634,285,3,2
634,286,3,2
634,287,3,2
634,288,3,2
634,289,3,2
634,290,3,2
634,291,3,2
634,292,3,2
634,293,3,2
634,294,3,2
634,295,3,2
634,296,3,2
634,297,3,2
634,298,3,2
634,299,3,2
634,300,3,2
634,301,3,2
634,302,3,2
634,303,3,2
634,304,3,2
634,305,3,2
634,306,3,2
634,307,3,2
634,308,3,2
634,309,3,2
634,310,3,2
634,311,3,2
634,312,3,2
634,313,3,2
634,314,3,2
634,315,3,2
634,316,3,2
634,317,3,2
634,318,3,2
634,319,3,2
634,320,3,2
634,321,3,2
634,322,3,2
634,323,3,2
634,324,3,2
634,325,3,2
634,326,3,2
634,327,3,2
634,328,3,2
634,329,3,2
634,330,3,2
634,331,3,2
634,332,3,2
634,333,3,2
634,334,3,2
634,335,3,2
634,336,3,2
634,337,3,2
634,338,3,2
634,339,3,2
634,340,3,2
634,341,3,2
634,342,3,2
634,343,3,2
634,344,3,2
634,345,3,2
634,346,3,2
634,347,3,2
634,348,3,2
634,349,3,2
634,350,3,2
634,351,3,2
634,352,3,2
634,353,3,2
634,354,3,2
634,355,3,2
634,356,3,2
634,357,3,2
634,358,3,2
634,359,3,2
634,360,3,2
634,361,3,2
634,362,3,2
634,363,3,2
634,364,3,2
634,365,3,2
634,366,3,2
634,367,3,2
634,368,3,2
634,369,3,2
634,370,3,2
634,371,3,2
634,372,3,2
634,373,3,2
634,374,3,2
634,375,3,2
634,376,3,2
634,377,3,2
634,378,3,2
634,379,3,2
634,380,3,2
634,381,3,2
634,382,3,2
634,383,3,2
634,384,3,2
634,385,3,2
634,386,3,2
634,387,3,2
634,388,3,2
634,389,3,2
634,390,3,2
634,391,3,2
634,392,3,2
634,393,3,2
634,394,3,2
634,395,3,2
634,396,3,2
634,397,3,2
634,398,3,2
634,399,3,2
634,400,3,2
634,401,3,2
634,402,3,2
634,403,3,2
634,404,3,2
634,405,3,2
634,406,3,2
634,407,3,2
634,408,3,2
634,409,3,2
634,410,3,2
634,411,3,2
634,412,3,2
634,413,3,2
634,414,3,2
634,415,3,2
634,416,3,2
634,417,3,2
634,418,3,2
634,419,3,2
634,420,3,2
634,421,3,2
634,422,3,2
634,423,3,2
634,424,3,2
634,425,3,2
634,426,3,2
634,427,3,2
634,428,3,2
634,429,3,2
634,430,3,2
634,431,3,2
634,432,3,2
634,433,3,2
634,434,3,2
634,435,3,2
634,436,3,2
634,437,3,2
634,438,3,2
634,439,3,2
634,440,3,2
634,441,3,2
634,442,3,2
634,443,3,2
634,444,3,2
634,445,3,2
634,446,3,2
634,447,3,2
634,448,3,2
634,449,3,2
634,450,3,2
634,451,3,2
634,452,3,2
634,453,3,2
634,454,3,2
634,455,3,2
634,456,3,2
634,457,3,2
634,458,3,2
634,459,3,2
634,460,3,2
634,461,3,2
634,462,3,2
634,463,3,2
634,464,3,2
634,465,3,2
634,466,3,2
634,467,3,2
634,468,3,2
634,469,3,2
634,470,3,2
634,471,3,2
634,472,3,2
634,473,3,2
634,474,3,2
634,475,3,2
634,476,3,2
634,477,3,2
634,478,3,2
634,479,3,2
634,480,3,2
634,481,3,2
634,482,3,2
634,483,3,2
634,484,3,2
634,485,3,2
634,486,3,2
634,487,3,2
634,488,3,2
634,489,3,2
634,490,3,2
634,491,3,2
634,492,3,2
634,493,3,2
634,494,3,2
634,495,3,2
634,496,3,2
634,497,3,2
634,498,3,2
634,499,3,2
634,500,3,2
634,501,3,2
634,502,3,2
634,503,3,2
634,504,3,2
634,505,3,2
634,506,3,2
634,507,3,2
634,508,3,2
634,509,3,2
634,510,3,2
634,511,3,2
634,512,3,2
634,513,3,2
634,514,3,2
634,515,3,2
634,516,3,2
634,517,3,2
634,518,3,2
634,519,3,2
634,520,3,2
634,521,3,2
634,522,3,2
634,523,3,2
634,524,3,2
634,525,3,2
634,526,3,2
634,527,3,2
634,528,3,2
634,529,3,2
634,530,3,2
634,531,3,2
634,532,3,2
634,533,3,2
634,534,3,2
634,535,3,2
634,536,3,2
634,537,3,2
634,538,3,2
634,539,3,2
634,540,3,2
634,541,3,2
634,542,3,2
634,543,3,2
634,544,3,2
634,545,3,2
634,546,3,2
634,547,3,2
634,548,3,2
634,549,3,2
634,550,3,2
634,552,3,2
634,553,3,2
635,119,3,2
635,120,3,2
635,121,3,2
635,122,3,2
635,123,3,2
635,124,3,2
635,125,3,2
635,126,3,2
635,127,3,2
635,128,3,2
635,129,3,2
635,130,3,2
635,131,3,2
635,132,3,2
635,133,3,2
635,134,3,2
635,135,3,2
635,136,3,2
635,137,3,2
635,138,3,2
635,139,3,2
635,140,3,2
635,141,3,2
635,142,3,2
635,143,3,2
635,144,3,2
635,145,3,2
635,146,3,2
635,147,3,2
635,148,3,2
635,149,3,2
635,150,3,2
635,151,3,2
635,152,3,2
635,153,3,2
635,154,3,2
635,155,3,2
635,156,3,2
635,157,3,2
635,158,3,2
635,159,3,2
635,160,3,2
635,161,3,2
635,162,3,2
635,163,3,2
635,164,3,2
635,165,3,2
635,166,3,2
635,167,3,2
635,168,3,2
635,169,3,2
635,170,3,2
635,171,3,2
635,172,3,2
635,173,3,2
635,174,3,2
635,175,3,2
635,176,3,2
635,177,3,2
635,178,3,2
635,179,3,2
635,180,3,2
635,181,3,2
635,182,3,2
635,183,3,2
635,184,3,2
635,185,3,2
635,186,3,2
635,187,3,2
635,188,3,2
635,189,3,2
635,190,3,2
635,191,3,2
635,192,3,2
635,193,3,2
635,194,3,2
635,195,3,2
635,196,3,2
635,197,3,2
635,198,3,2
635,199,3,2
635,200,3,2
635,201,3,2
635,202,3,2
635,203,3,2
635,204,3,2
635,205,3,2
635,206,3,2
635,207,3,2
635,208,3,2
635,209,3,2
635,210,3,2
635,211,3,2
635,212,3,2
635,213,3,2
635,214,3,2
635,215,3,2
635,216,3,2
635,217,3,2
635,218,3,2
635,219,3,2
635,220,3,2
635,221,3,2
635,222,3,2
635,223,3,2
635,224,3,2
635,225,3,2
635,226,3,2
635,227,3,2
635,228,3,2
635,229,3,2
635,230,3,2
635,231,3,2
635,232,3,2
635,233,3,2
635,234,3,2
635,235,3,2
635,236,3,2
635,237,3,2
635,238,3,2
635,239,3,2
635,240,3,2
635,241,3,2
635,242,3,2
635,243,3,2
635,244,3,2
635,245,3,2
635,246,3,2
635,247,3,2
635,248,3,2
635,249,3,2
635,250,3,2
635,251,3,2
635,252,3,2
635,253,3,2
635,254,3,2
635,255,3,2
635,256,3,2
635,257,3,2
635,258,3,2
635,259,3,2
635,260,3,2
635,261,3,2
635,262,3,2
635,263,3,2
635,264,3,2
635,265,3,2
635,266,3,2
635,267,3,2
635,268,3,2
635,269,3,2
635,270,3,2
635,271,3,2
635,272,3,2
635,273,3,2
635,274,3,2
635,275,3,2
635,276,3,2
635,277,3,2
635,278,3,2
635,279,3,2
635,280,3,2
635,281,3,2
635,282,3,2
635,283,3,2
635,284,3,2
635,285,3,2
635,286,3,2
635,287,3,2
635,288,3,2
635,289,3,2
635,290,3,2
635,291,3,2
635,292,3,2
635,293,3,2
635,294,3,2
635,295,3,2
635,296,3,2
635,297,3,2
635,298,3,2
635,299,3,2
635,300,3,2
635,301,3,2
635,302,3,2
635,303,3,2
635,304,3,2
635,305,3,2
635,306,3,2
635,307,3,2
635,308,3,2
635,309,3,2
635,310,3,2
635,311,3,2
635,312,3,2
635,313,3,2
635,314,3,2
635,315,3,2
635,316,3,2
635,317,3,2
635,318,3,2
635,319,3,2
635,320,3,2
635,321,3,2
635,322,3,2
635,323,3,2
635,324,3,2
635,325,3,2
635,326,3,2
635,327,3,2
635,328,3,2
635,329,3,2
635,330,3,2
635,331,3,2
635,332,3,2
635,333,3,2
635,334,3,2
635,335,3,2
635,336,3,2
635,337,3,2
635,338,3,2
635,339,3,2
635,340,3,2
635,341,3,2
635,342,3,2
635,343,3,2
635,344,3,2
635,345,3,2
635,346,3,2
635,347,3,2
635,348,3,2
635,349,3,2
635,350,3,2
635,351,3,2
635,352,3,2
635,353,3,2
635,354,3,2
635,355,3,2
635,356,3,2
635,357,3,2
635,358,3,2
635,359,3,2
635,360,3,2
635,361,3,2
635,362,3,2
635,363,3,2
635,364,3,2
635,365,3,2
635,366,3,2
635,367,3,2
635,368,3,2
635,369,3,2
635,370,3,2
635,371,3,2
635,372,3,2
635,373,3,2
635,374,3,2
635,375,3,2
635,376,3,2
635,377,3,2
635,378,3,2
635,379,3,2
635,380,3,2
635,381,3,2
635,382,3,2
635,383,3,2
635,384,3,2
635,385,3,2
635,386,3,2
635,387,3,2
635,388,3,2
635,389,3,2
635,390,3,2
635,391,3,2
635,392,3,2
635,393,3,2
635,394,3,2
635,395,3,2
635,396,3,2
635,397,3,2
635,398,3,2
635,399,3,2
635,400,3,2
635,401,3,2
635,402,3,2
635,403,3,2
635,404,3,2
635,405,3,2
635,406,3,2
635,407,3,2
635,408,3,2
635,409,3,2
635,410,3,2
635,411,3,2
635,412,3,2
635,413,3,2
635,414,3,2
635,415,3,2
635,416,3,2
635,417,3,2
635,418,3,2
635,419,3,2
635,420,3,2
635,421,3,2
635,422,3,2
635,423,3,2
635,424,3,2
635,425,3,2
635,426,3,2
635,427,3,2
635,428,3,2
635,429,3,2
635,430,3,2
635,431,3,2
635,432,3,2
635,433,3,2
635,434,3,2
635,435,3,2
635,436,3,2
635,437,3,2
635,438,3,2
635,439,3,2
635,440,3,2
635,441,3,2
635,442,3,2
635,443,3,2
635,444,3,2
635,445,3,2
635,446,3,2
635,447,3,2
635,448,3,2
635,449,3,2
635,450,3,2
635,451,3,2
635,452,3,2
635,453,3,2
635,454,3,2
635,455,3,2
635,456,3,2
635,457,3,2
635,458,3,2
635,459,3,2
635,460,3,2
635,461,3,2
635,462,3,2
635,463,3,2
635,464,3,2
635,465,3,2
635,466,3,2
635,467,3,2
635,468,3,2
635,469,3,2
635,470,3,2
635,471,3,2
635,472,3,2
635,473,3,2
635,474,3,2
635,475,3,2
635,476,3,2
635,477,3,2
635,478,3,2
635,479,3,2
635,480,3,2
635,481,3,2
635,482,3,2
635,483,3,2
635,484,3,2
635,485,3,2
635,486,3,2
635,487,3,2
635,488,3,2
635,489,3,2
635,490,3,2
635,491,3,2
635,492,3,2
635,493,3,2
635,494,3,2
635,495,3,2
635,496,3,2
635,497,3,2
635,498,3,2
635,499,3,2
635,500,3,2
635,501,3,2
635,502,3,2
635,503,3,2
635,504,3,2
635,505,3,2
635,506,3,2
635,507,3,2
635,508,3,2
635,509,3,2
635,510,3,2
635,511,3,2
635,512,3,2
635,513,3,2
635,514,3,2
635,515,3,2
635,516,3,2
635,517,3,2
635,518,3,2
635,519,3,2
635,520,3,2
635,521,3,2
635,522,3,2
635,523,3,2
635,524,3,2
635,525,3,2
635,526,3,2
635,527,3,2
635,528,3,2
635,529,3,2
635,530,3,2
635,531,3,2
635,532,3,2
635,533,3,2
635,534,3,2
635,535,3,2
635,536,3,2
635,537,3,2
635,538,3,2
635,539,3,2
635,540,3,2
635,541,3,2
635,542,3,2
635,543,3,2
635,544,3,2
635,545,3,2
635,546,3,2
635,547,3,2
635,548,3,2
635,549,3,2
635,550,3,2
636,120,3,2
636,121,3,2
636,122,3,2
636,123,3,2
636,124,3,2
636,125,3,2
636,126,3,2
636,127,3,2
636,128,3,2
636,129,3,2
636,130,3,2
636,131,3,2
636,132,3,2
636,133,3,2
636,134,3,2
636,135,3,2
636,136,3,2
636,137,3,2
636,138,3,2
636,139,3,2
636,140,3,2
636,141,3,2
636,142,3,2
636,143,3,2
636,144,3,2
636,145,3,2
636,146,3,2
636,147,3,2
636,148,3,2
636,149,3,2
636,150,3,2
636,151,3,2
636,152,3,2
636,153,3,2
636,154,3,2
636,155,3,2
636,156,3,2
636,157,3,2
636,158,3,2
636,159,3,2
636,160,3,2
636,161,3,2
636,162,3,2
636,163,3,2
636,164,3,2
636,165,3,2
636,166,3,2
636,167,3,2
636,168,3,2
636,169,3,2
636,170,3,2
636,171,3,2
636,172,3,2
636,173,3,2
636,174,3,2
636,175,3,2
636,176,3,2
636,177,3,2
636,178,3,2
636,179,3,2
636,180,3,2
636,181,3,2
636,182,3,2
636,183,3,2
636,184,3,2
636,185,3,2
636,186,3,2
636,187,3,2
636,188,3,2
636,189,3,2
636,190,3,2
636,191,3,2
636,192,3,2
636,193,3,2
636,194,3,2
636,195,3,2
636,196,3,2
636,197,3,2
636,198,3,2
636,199,3,2
636,200,3,2
636,201,3,2
636,202,3,2
636,203,3,2
636,204,3,2
636,205,3,2
636,206,3,2
636,207,3,2
636,208,3,2
636,209,3,2
636,210,3,2
636,211,3,2
636,212,3,2
636,213,3,2
636,214,3,2
636,215,3,2
636,216,3,2
636,217,3,2
636,218,3,2
636,219,3,2
636,220,3,2
636,221,3,2
636,222,3,2
636,223,3,2
636,224,3,2
636,225,3,2
636,226,3,2
636,227,3,2
636,228,3,2
636,229,3,2
636,230,3,2
636,231,3,2
636,232,3,2
636,233,3,2
636,234,3,2
636,235,3,2
636,236,3,2
636,237,3,2
636,238,3,2
636,239,3,2
636,240,3,2
636,241,3,2
636,242,3,2
636,243,3,2
636,244,3,2
636,245,3,2
636,246,3,2
636,247,3,2
636,248,3,2
636,249,3,2
636,250,3,2
636,251,3,2
636,252,3,2
636,253,3,2
636,254,3,2
636,255,3,2
636,256,3,2
636,257,3,2
636,258,3,2
636,259,3,2
636,260,3,2
636,261,3,2
636,262,3,2
636,263,3,2
636,264,3,2
636,265,3,2
636,266,3,2
636,267,3,2
636,268,3,2
636,269,3,2
636,270,3,2
636,271,3,2
636,272,3,2
636,273,3,2
636,274,3,2
636,275,3,2
636,276,3,2
636,277,3,2
636,278,3,2
636,279,3,2
636,280,3,2
636,281,3,2
636,282,3,2
636,283,3,2
636,284,3,2
636,285,3,2
636,286,3,2
636,287,3,2
636,288,3,2
636,289,3,2
636,290,3,2
636,291,3,2
636,292,3,2
636,293,3,2
636,294,3,2
636,295,3,2
636,296,3,2
636,297,3,2
636,298,3,2
636,299,3,2
636,300,3,2
636,301,3,2
636,302,3,2
636,303,3,2
636,304,3,2
636,305,3,2
636,306,3,2
636,307,3,2
636,308,3,2
636,309,3,2
636,310,3,2
636,311,3,2
636,312,3,2
636,313,3,2
636,314,3,2
636,315,3,2
636,316,3,2
636,317,3,2
636,318,3,2
636,319,3,2
636,320,3,2
636,321,3,2
636,322,3,2
636,323,3,2
636,324,3,2
636,325,3,2
636,326,3,2
636,327,3,2
636,328,3,2
636,329,3,2
636,330,3,2
636,331,3,2
636,332,3,2
636,333,3,2
636,334,3,2
636,335,3,2
636,336,3,2
636,337,3,2
636,338,3,2
636,339,3,2
636,340,3,2
636,341,3,2
636,342,3,2
636,343,3,2
636,344,3,2
636,345,3,2
636,346,3,2
636,347,3,2
636,348,3,2
636,349,3,2
636,350,3,2
636,351,3,2
636,352,3,2
636,353,3,2
636,354,3,2
636,355,3,2
636,356,3,2
636,357,3,2
636,358,3,2
636,359,3,2
636,360,3,2
636,361,3,2
636,362,3,2
636,363,3,2
636,364,3,2
636,365,3,2
636,366,3,2
636,367,3,2
636,368,3,2
636,369,3,2
636,370,3,2
636,371,3,2
636,372,3,2
636,373,3,2
636,374,3,2
636,375,3,2
636,376,3,2
636,377,3,2
636,378,3,2
636,379,3,2
636,380,3,2
636,381,3,2
636,382,3,2
636,383,3,2
636,384,3,2
636,385,3,2
636,386,3,2
636,387,3,2
636,388,3,2
636,389,3,2
636,390,3,2
636,391,3,2
636,392,3,2
636,393,3,2
636,394,3,2
636,395,3,2
636,396,3,2
636,397,3,2
636,398,3,2
636,399,3,2
636,400,3,2
636,401,3,2
636,402,3,2
636,403,3,2
636,404,3,2
636,405,3,2
636,406,3,2
636,407,3,2
636,408,3,2
636,409,3,2
636,410,3,2
636,411,3,2
636,412,3,2
636,413,3,2
636,414,3,2
636,415,3,2
636,416,3,2
636,417,3,2
636,418,3,2
636,419,3,2
636,420,3,2
636,421,3,2
636,422,3,2
636,423,3,2
636,424,3,2
636,425,3,2
636,426,3,2
636,427,3,2
636,428,3,2
636,429,3,2
636,430,3,2
636,431,3,2
636,432,3,2
636,433,3,2
636,434,3,2
636,435,3,2
636,436,3,2
636,437,3,2
636,438,3,2
636,439,3,2
636,440,3,2
636,441,3,2
636,442,3,2
636,443,3,2
636,444,3,2
636,445,3,2
636,446,3,2
636,447,3,2
636,448,3,2
636,449,3,2
636,450,3,2
636,451,3,2
636,452,3,2
636,453,3,2
636,454,3,2
636,455,3,2
636,456,3,2
636,457,3,2
636,458,3,2
636,459,3,2
636,460,3,2
636,461,3,2
636,462,3,2
636,463,3,2
636,464,3,2
636,465,3,2
636,466,3,2
636,467,3,2
636,468,3,2
636,469,3,2
636,470,3,2
636,471,3,2
636,472,3,2
636,473,3,2
636,474,3,2
636,475,3,2
636,476,3,2
636,477,3,2
636,478,3,2
636,479,3,2
636,480,3,2
636,481,3,2
636,482,3,2
636,483,3,2
636,484,3,2
636,485,3,2
636,486,3,2
636,487,3,2
636,488,3,2
636,489,3,2
636,490,3,2
636,491,3,2
636,492,3,2
636,493,3,2
636,494,3,2
636,495,3,2
636,496,3,2
636,497,3,2
636,498,3,2
636,499,3,2
636,500,3,2
636,501,3,2
636,502,3,2
636,503,3,2
636,504,3,2
636,505,3,2
636,506,3,2
636,507,3,2
636,508,3,2
636,509,3,2
636,510,3,2
636,511,3,2
636,512,3,2
636,513,3,2
636,514,3,2
636,515,3,2
636,516,3,2
636,517,3,2
636,518,3,2
636,519,3,2
636,520,3,2
636,521,3,2
636,522,3,2
636,523,3,2
636,524,3,2
636,525,3,2
636,526,3,2
636,527,3,2
636,528,3,2
636,529,3,2
636,530,3,2
636,531,3,2
636,532,3,2
636,533,3,2
636,534,3,2
636,535,3,2
636,536,3,2
636,537,3,2
636,538,3,2
636,539,3,2
636,540,3,2
636,541,3,2
636,542,3,2
636,543,3,2
636,544,3,2
636,545,3,2
636,546,3,2
636,547,3,2
636,548,3,2
636,549,3,2
637,123,3,2
637,124,3,2
637,125,3,2
637,126,3,2
637,127,3,2
637,128,3,2
637,129,3,2
637,130,3,2
637,131,3,2
637,132,3,2
637,133,3,2
637,134,3,2
637,135,3,2
637,136,3,2
637,137,3,2
637,138,3,2
637,139,3,2
637,140,3,2
637,141,3,2
637,142,3,2
637,143,3,2
637,144,3,2
637,145,3,2
637,146,3,2
637,147,3,2
637,148,3,2
637,149,3,2
637,150,3,2
637,151,3,2
637,152,3,2
637,153,3,2
637,154,3,2
637,155,3,2
637,156,3,2
637,157,3,2
637,158,3,2
637,159,3,2
637,160,3,2
637,161,3,2
637,162,3,2
637,163,3,2
637,164,3,2
637,165,3,2
637,166,3,2
637,167,3,2
637,168,3,2
637,169,3,2
637,170,3,2
637,171,3,2
637,172,3,2
637,173,3,2
637,174,3,2
637,175,3,2
637,176,3,2
637,177,3,2
637,178,3,2
637,179,3,2
637,180,3,2
637,181,3,2
637,182,3,2
637,183,3,2
637,184,3,2
637,185,3,2
637,186,3,2
637,187,3,2
637,188,3,2
637,189,3,2
637,190,3,2
637,191,3,2
637,192,3,2
637,193,3,2
637,194,3,2
637,195,3,2
637,196,3,2
637,197,3,2
637,198,3,2
637,199,3,2
637,200,3,2
637,201,3,2
637,202,3,2
637,203,3,2
637,204,3,2
637,205,3,2
637,206,3,2
637,207,3,2
637,208,3,2
637,209,3,2
637,210,3,2
637,211,3,2
637,212,3,2
637,213,3,2
637,214,3,2
637,215,3,2
637,216,3,2
637,217,3,2
637,218,3,2
637,219,3,2
637,220,3,2
637,221,3,2
637,222,3,2
637,223,3,2
637,224,3,2
637,225,3,2
637,226,3,2
637,227,3,2
637,228,3,2
637,229,3,2
637,230,3,2
637,231,3,2
637,232,3,2
637,233,3,2
637,234,3,2
637,235,3,2
637,236,3,2
637,237,3,2
637,238,3,2
637,239,3,2
637,240,3,2
637,241,3,2
637,242,3,2
637,243,3,2
637,244,3,2
637,245,3,2
637,246,3,2
637,247,3,2
637,248,3,2
637,249,3,2
637,250,3,2
637,251,3,2
637,252,3,2
637,253,3,2
637,254,3,2
637,255,3,2
637,256,3,2
637,257,3,2
637,258,3,2
637,259,3,2
637,260,3,2
637,261,3,2
637,262,3,2
637,263,3,2
637,264,3,2
637,265,3,2
637,266,3,2
637,267,3,2
637,268,3,2
637,269,3,2
637,270,3,2
637,271,3,2
637,272,3,2
637,273,3,2
637,274,3,2
637,275,3,2
637,276,3,2
637,277,3,2
637,278,3,2
637,279,3,2
637,280,3,2
637,281,3,2
637,282,3,2
637,283,3,2
637,284,3,2
637,285,3,2
637,286,3,2
637,287,3,2
637,288,3,2
637,289,3,2
637,290,3,2
637,291,3,2
637,292,3,2
637,293,3,2
637,294,3,2
637,295,3,2
637,296,3,2
637,297,3,2
637,298,3,2
637,299,3,2
637,300,3,2
637,301,3,2
637,302,3,2
637,303,3,2
637,304,3,2
637,305,3,2
637,306,3,2
637,307,3,2
637,308,3,2
637,309,3,2
637,310,3,2
637,311,3,2
637,312,3,2
637,313,3,2
637,314,3,2
637,315,3,2
637,316,3,2
637,317,3,2
637,318,3,2
637,319,3,2
637,320,3,2
637,321,3,2
637,322,3,2
637,323,3,2
637,324,3,2
637,325,3,2
637,326,3,2
637,327,3,2
637,328,3,2
637,329,3,2
637,330,3,2
637,331,3,2
637,332,3,2
637,333,3,2
637,334,3,2
637,335,3,2
637,336,3,2
637,337,3,2
637,338,3,2
637,339,3,2
637,340,3,2
637,341,3,2
637,342,3,2
637,343,3,2
637,344,3,2
637,345,3,2
637,346,3,2
637,347,3,2
637,348,3,2
637,349,3,2
637,350,3,2
637,351,3,2
637,352,3,2
637,353,3,2
637,354,3,2
637,355,3,2
637,356,3,2
637,357,3,2
637,358,3,2
637,359,3,2
637,360,3,2
637,361,3,2
637,362,3,2
637,363,3,2
637,364,3,2
637,365,3,2
637,366,3,2
637,367,3,2
637,368,3,2
637,369,3,2
637,370,3,2
637,371,3,2
637,372,3,2
637,373,3,2
637,374,3,2
637,375,3,2
637,376,3,2
637,377,3,2
637,378,3,2
637,379,3,2
637,380,3,2
637,381,3,2
637,382,3,2
637,383,3,2
637,384,3,2
637,385,3,2
637,386,3,2
637,387,3,2
637,388,3,2
637,389,3,2
637,390,3,2
637,391,3,2
637,392,3,2
637,393,3,2
637,394,3,2
637,395,3,2
637,396,3,2
637,397,3,2
637,398,3,2
637,399,3,2
637,400,3,2
637,401,3,2
637,402,3,2
637,403,3,2
637,404,3,2
637,405,3,2
637,406,3,2
637,407,3,2
637,408,3,2
637,409,3,2
637,410,3,2
637,411,3,2
637,412,3,2
637,413,3,2
637,414,3,2
637,415,3,2
637,416,3,2
637,417,3,2
637,418,3,2
637,419,3,2
637,420,3,2
637,421,3,2
637,422,3,2
637,423,3,2
637,424,3,2
637,425,3,2
637,426,3,2
637,427,3,2
637,428,3,2
637,429,3,2
637,430,3,2
637,431,3,2
637,432,3,2
637,433,3,2
637,434,3,2
637,435,3,2
637,436,3,2
637,437,3,2
637,438,3,2
637,439,3,2
637,440,3,2
637,441,3,2
637,442,3,2
637,443,3,2
637,444,3,2
637,445,3,2
637,446,3,2
637,447,3,2
637,448,3,2
637,449,3,2
637,450,3,2
637,451,3,2
637,452,3,2
637,453,3,2
637,454,3,2
637,455,3,2
637,456,3,2
637,457,3,2
637,458,3,2
637,459,3,2
637,460,3,2
637,461,3,2
637,462,3,2
637,463,3,2
637,464,3,2
637,465,3,2
637,466,3,2
637,467,3,2
637,468,3,2
637,469,3,2
637,470,3,2
637,471,3,2
637,472,3,2
637,473,3,2
637,474,3,2
637,475,3,2
637,476,3,2
637,477,3,2
637,478,3,2
637,479,3,2
637,480,3,2
637,481,3,2
637,482,3,2
637,483,3,2
637,484,3,2
637,485,3,2
637,486,3,2
637,487,3,2
637,488,3,2
637,489,3,2
637,490,3,2
637,491,3,2
637,492,3,2
637,493,3,2
637,494,3,2
637,495,3,2
637,496,3,2
637,497,3,2
637,498,3,2
637,499,3,2
637,500,3,2
637,501,3,2
637,502,3,2
637,503,3,2
637,504,3,2
637,505,3,2
637,506,3,2
637,507,3,2
637,508,3,2
637,509,3,2
637,510,3,2
637,511,3,2
637,512,3,2
637,513,3,2
637,514,3,2
637,515,3,2
637,516,3,2
637,517,3,2
637,518,3,2
637,519,3,2
637,520,3,2
637,521,3,2
637,522,3,2
637,523,3,2
637,524,3,2
637,525,3,2
637,526,3,2
637,527,3,2
637,528,3,2
637,529,3,2
637,530,3,2
637,531,3,2
637,532,3,2
637,533,3,2
637,534,3,2
637,535,3,2
637,536,3,2
637,537,3,2
637,538,3,2
637,539,3,2
637,540,3,2
637,541,3,2
637,542,3,2
637,543,3,2
637,544,3,2
637,545,3,2
637,546,3,2
637,547,3,2
637,548,3,2
638,124,3,2
638,125,3,2
638,126,3,2
638,127,3,2
638,128,3,2
638,129,3,2
638,130,3,2
638,131,3,2
638,132,3,2
638,133,3,2
638,134,3,2
638,135,3,2
638,136,3,2
638,137,3,2
638,138,3,2
638,139,3,2
638,140,3,2
638,141,3,2
638,142,3,2
638,143,3,2
638,144,3,2
638,145,3,2
638,146,3,2
638,147,3,2
638,148,3,2
638,149,3,2
638,150,3,2
638,151,3,2
638,152,3,2
638,153,3,2
638,154,3,2
638,155,3,2
638,156,3,2
638,157,3,2
638,158,3,2
638,159,3,2
638,160,3,2
638,161,3,2
638,162,3,2
638,163,3,2
638,164,3,2
638,165,3,2
638,166,3,2
638,167,3,2
638,168,3,2
638,169,3,2
638,170,3,2
638,171,3,2
638,172,3,2
638,173,3,2
638,174,3,2
638,175,3,2
638,176,3,2
638,177,3,2
638,178,3,2
638,179,3,2
638,180,3,2
638,181,3,2
638,182,3,2
638,183,3,2
638,184,3,2
638,185,3,2
638,186,3,2
638,187,3,2
638,188,3,2
638,189,3,2
638,190,3,2
638,191,3,2
638,192,3,2
638,193,3,2
638,194,3,2
638,195,3,2
638,196,3,2
638,197,3,2
638,198,3,2
638,199,3,2
638,200,3,2
638,201,3,2
638,202,3,2
638,203,3,2
638,204,3,2
638,205,3,2
638,206,3,2
638,207,3,2
638,208,3,2
638,209,3,2
638,210,3,2
638,211,3,2
638,212,3,2
638,213,3,2
638,214,3,2
638,215,3,2
638,216,3,2
638,217,3,2
638,218,3,2
638,219,3,2
638,220,3,2
638,221,3,2
638,222,3,2
638,223,3,2
638,224,3,2
638,225,3,2
638,226,3,2
638,227,3,2
638,228,3,2
638,229,3,2
638,230,3,2
638,231,3,2
638,232,3,2
638,233,3,2
638,234,3,2
638,235,3,2
638,236,3,2
638,237,3,2
638,238,3,2
638,239,3,2
638,240,3,2
638,241,3,2
638,242,3,2
638,243,3,2
638,244,3,2
638,245,3,2
638,246,3,2
638,247,3,2
638,248,3,2
638,249,3,2
638,250,3,2
638,251,3,2
638,252,3,2
638,253,3,2
638,254,3,2
638,255,3,2
638,256,3,2
638,257,3,2
638,258,3,2
638,259,3,2
638,260,3,2
638,261,3,2
638,262,3,2
638,263,3,2
638,264,3,2
638,265,3,2
638,266,3,2
638,267,3,2
638,268,3,2
638,269,3,2
638,270,3,2
638,271,3,2
638,272,3,2
638,273,3,2
638,274,3,2
638,275,3,2
638,276,3,2
638,277,3,2
638,278,3,2
638,279,3,2
638,280,3,2
638,281,3,2
638,282,3,2
638,283,3,2
638,284,3,2
638,285,3,2
638,286,3,2
638,287,3,2
638,288,3,2
638,289,3,2
638,290,3,2
638,291,3,2
638,292,3,2
638,293,3,2
638,294,3,2
638,295,3,2
638,296,3,2
638,297,3,2
638,298,3,2
638,299,3,2
638,300,3,2
638,301,3,2
638,302,3,2
638,303,3,2
638,304,3,2
638,305,3,2
638,306,3,2
638,307,3,2
638,308,3,2
638,309,3,2
638,310,3,2
638,311,3,2
638,312,3,2
638,313,3,2
638,314,3,2
638,315,3,2
638,316,3,2
638,317,3,2
638,318,3,2
638,319,3,2
638,320,3,2
638,321,3,2
638,322,3,2
638,323,3,2
638,324,3,2
638,325,3,2
638,326,3,2
638,327,3,2
638,328,3,2
638,329,3,2
638,330,3,2
638,331,3,2
638,332,3,2
638,333,3,2
638,334,3,2
638,335,3,2
638,336,3,2
638,337,3,2
638,338,3,2
638,339,3,2
638,340,3,2
638,341,3,2
638,342,3,2
638,343,3,2
638,344,3,2
638,345,3,2
638,346,3,2
638,347,3,2
638,348,3,2
638,349,3,2
638,350,3,2
638,351,3,2
638,352,3,2
638,353,3,2
638,354,3,2
638,355,3,2
638,356,3,2
638,357,3,2
638,358,3,2
638,359,3,2
638,360,3,2
638,361,3,2
638,362,3,2
638,363,3,2
638,364,3,2
638,365,3,2
638,366,3,2
638,367,3,2
638,368,3,2
638,369,3,2
638,370,3,2
638,371,3,2
638,372,3,2
638,373,3,2
638,374,3,2
638,375,3,2
638,376,3,2
638,377,3,2
638,378,3,2
638,379,3,2
638,380,3,2
638,381,3,2
638,382,3,2
638,383,3,2
638,384,3,2
638,385,3,2
638,386,3,2
638,387,3,2
638,388,3,2
638,389,3,2
638,390,3,2
638,391,3,2
638,392,3,2
638,393,3,2
638,394,3,2
638,395,3,2
638,396,3,2
638,397,3,2
638,398,3,2
638,399,3,2
638,400,3,2
638,401,3,2
638,402,3,2
638,403,3,2
638,404,3,2
638,405,3,2
638,406,3,2
638,407,3,2
638,408,3,2
638,409,3,2
638,410,3,2
638,411,3,2
638,412,3,2
638,413,3,2
638,414,3,2
638,415,3,2
638,416,3,2
638,417,3,2
638,418,3,2
638,419,3,2
638,420,3,2
638,421,3,2
638,422,3,2
638,423,3,2
638,424,3,2
638,425,3,2
638,426,3,2
638,427,3,2
638,428,3,2
638,429,3,2
638,430,3,2
638,431,3,2
638,432,3,2
638,433,3,2
638,434,3,2
638,435,3,2
638,436,3,2
638,437,3,2
638,438,3,2
638,439,3,2
638,440,3,2
638,441,3,2
638,442,3,2
638,443,3,2
638,444,3,2
638,445,3,2
638,446,3,2
638,447,3,2
638,448,3,2
638,449,3,2
638,450,3,2
638,451,3,2
638,452,3,2
638,453,3,2
638,454,3,2
638,455,3,2
638,456,3,2
638,457,3,2
638,458,3,2
638,459,3,2
638,460,3,2
638,461,3,2
638,462,3,2
638,463,3,2
638,464,3,2
638,465,3,2
638,466,3,2
638,467,3,2
638,468,3,2
638,469,3,2
638,470,3,2
638,471,3,2
638,472,3,2
638,473,3,2
638,474,3,2
638,475,3,2
638,476,3,2
638,477,3,2
638,478,3,2
638,479,3,2
638,480,3,2
638,481,3,2
638,482,3,2
638,483,3,2
638,484,3,2
638,485,3,2
638,486,3,2
638,487,3,2
638,488,3,2
638,489,3,2
638,490,3,2
638,491,3,2
638,492,3,2
638,493,3,2
638,494,3,2
638,495,3,2
638,496,3,2
638,497,3,2
638,498,3,2
638,499,3,2
638,500,3,2
638,501,3,2
638,502,3,2
638,503,3,2
638,504,3,2
638,505,3,2
638,506,3,2
638,507,3,2
638,508,3,2
638,509,3,2
638,510,3,2
638,511,3,2
638,512,3,2
638,513,3,2
638,514,3,2
638,515,3,2
638,516,3,2
638,517,3,2
638,518,3,2
638,519,3,2
638,520,3,2
638,521,3,2
638,522,3,2
638,523,3,2
638,524,3,2
638,525,3,2
638,526,3,2
638,527,3,2
638,528,3,2
638,529,3,2
638,530,3,2
638,531,3,2
638,532,3,2
638,533,3,2
638,534,3,2
638,535,3,2
638,536,3,2
638,537,3,2
638,538,3,2
638,539,3,2
638,540,3,2
638,541,3,2
638,542,3,2
638,543,3,2
638,544,3,2
638,545,3,2
638,546,3,2
638,547,3,2
638,548,3,2
639,124,3,2
639,125,3,2
639,126,3,2
639,127,3,2
639,128,3,2
639,129,3,2
639,130,3,2
639,131,3,2
639,132,3,2
639,133,3,2
639,134,3,2
639,135,3,2
639,136,3,2
639,137,3,2
639,138,3,2
639,139,3,2
639,140,3,2
639,141,3,2
639,142,3,2
639,143,3,2
639,144,3,2
639,145,3,2
639,146,3,2
639,147,3,2
639,148,3,2
639,149,3,2
639,150,3,2
639,151,3,2
639,152,3,2
639,153,3,2
639,154,3,2
639,155,3,2
639,156,3,2
639,157,3,2
639,158,3,2
639,159,3,2
639,160,3,2
639,161,3,2
639,162,3,2
639,163,3,2
639,164,3,2
639,165,3,2
639,166,3,2
639,167,3,2
639,168,3,2
639,169,3,2
639,170,3,2
639,171,3,2
639,172,3,2
639,173,3,2
639,174,3,2
639,175,3,2
639,176,3,2
639,177,3,2
639,178,3,2
639,179,3,2
639,180,3,2
639,181,3,2
639,182,3,2
639,183,3,2
639,184,3,2
639,185,3,2
639,186,3,2
639,187,3,2
639,188,3,2
639,189,3,2
639,190,3,2
639,191,3,2
639,192,3,2
639,193,3,2
639,194,3,2
639,195,3,2
639,196,3,2
639,197,3,2
639,198,3,2
639,199,3,2
639,200,3,2
639,201,3,2
639,202,3,2
639,203,3,2
639,204,3,2
639,205,3,2
639,206,3,2
639,207,3,2
639,208,3,2
639,209,3,2
639,210,3,2
639,211,3,2
639,212,3,2
639,213,3,2
639,214,3,2
639,215,3,2
639,216,3,2
639,217,3,2
639,218,3,2
639,219,3,2
639,220,3,2
639,221,3,2
639,222,3,2
639,223,3,2
639,224,3,2
639,225,3,2
639,226,3,2
639,227,3,2
639,228,3,2
639,229,3,2
639,230,3,2
639,231,3,2
639,232,3,2
639,233,3,2
639,234,3,2
639,235,3,2
639,236,3,2
639,237,3,2
639,238,3,2
639,239,3,2
639,240,3,2
639,241,3,2
639,242,3,2
639,243,3,2
639,244,3,2
639,245,3,2
639,246,3,2
639,247,3,2
639,248,3,2
639,249,3,2
639,250,3,2
639,251,3,2
639,252,3,2
639,253,3,2
639,254,3,2
639,255,3,2
639,256,3,2
639,257,3,2
639,258,3,2
639,259,3,2
639,260,3,2
639,261,3,2
639,262,3,2
639,263,3,2
639,264,3,2
639,265,3,2
639,266,3,2
639,267,3,2
639,268,3,2
639,269,3,2
639,270,3,2
639,271,3,2
639,272,3,2
639,273,3,2
639,274,3,2
639,275,3,2
639,276,3,2
639,277,3,2
639,278,3,2
639,279,3,2
639,280,3,2
639,281,3,2
639,282,3,2
639,283,3,2
639,284,3,2
639,285,3,2
639,286,3,2
639,287,3,2
639,288,3,2
639,289,3,2
639,290,3,2
639,291,3,2
639,292,3,2
639,293,3,2
639,294,3,2
639,295,3,2
639,296,3,2
639,297,3,2
639,298,3,2
639,299,3,2
639,300,3,2
639,301,3,2
639,302,3,2
639,303,3,2
639,304,3,2
639,305,3,2
639,306,3,2
639,307,3,2
639,308,3,2
639,309,3,2
639,310,3,2
639,311,3,2
639,312,3,2
639,313,3,2
639,314,3,2
639,315,3,2
639,316,3,2
639,317,3,2
639,318,3,2
639,319,3,2
639,320,3,2
639,321,3,2
639,322,3,2
639,323,3,2
639,324,3,2
639,325,3,2
639,326,3,2
639,327,3,2
639,328,3,2
639,329,3,2
639,330,3,2
639,331,3,2
639,332,3,2
639,333,3,2
639,334,3,2
639,335,3,2
639,336,3,2
639,337,3,2
639,338,3,2
639,339,3,2
639,340,3,2
639,341,3,2
639,342,3,2
639,343,3,2
639,344,3,2
639,345,3,2
639,346,3,2
639,347,3,2
639,348,3,2
639,349,3,2
639,350,3,2
639,351,3,2
639,352,3,2
639,353,3,2
639,354,3,2
639,355,3,2
639,356,3,2
639,357,3,2
639,358,3,2
639,359,3,2
639,360,3,2
639,361,3,2
639,362,3,2
639,363,3,2
639,364,3,2
639,365,3,2
639,366,3,2
639,367,3,2
639,368,3,2
639,369,3,2
639,370,3,2
639,371,3,2
639,372,3,2
639,373,3,2
639,374,3,2
639,375,3,2
639,376,3,2
639,377,3,2
639,378,3,2
639,379,3,2
639,380,3,2
639,381,3,2
639,382,3,2
639,383,3,2
639,384,3,2
639,385,3,2
639,386,3,2
639,387,3,2
639,388,3,2
639,389,3,2
639,390,3,2
639,391,3,2
639,392,3,2
639,393,3,2
639,394,3,2
639,395,3,2
639,396,3,2
639,397,3,2
639,398,3,2
639,399,3,2
639,400,3,2
639,401,3,2
639,402,3,2
639,403,3,2
639,404,3,2
639,405,3,2
639,406,3,2
639,407,3,2
639,408,3,2
639,409,3,2
639,410,3,2
639,411,3,2
639,412,3,2
639,413,3,2
639,414,3,2
639,415,3,2
639,416,3,2
639,417,3,2
639,418,3,2
639,419,3,2
639,420,3,2
639,421,3,2
639,422,3,2
639,423,3,2
639,424,3,2
639,425,3,2
639,426,3,2
639,427,3,2
639,428,3,2
639,429,3,2
639,430,3,2
639,431,3,2
639,432,3,2
639,433,3,2
639,434,3,2
639,435,3,2
639,436,3,2
639,437,3,2
639,438,3,2
639,439,3,2
639,440,3,2
639,441,3,2
639,442,3,2
639,443,3,2
639,444,3,2
639,445,3,2
639,446,3,2
639,447,3,2
639,448,3,2
639,449,3,2
639,450,3,2
639,451,3,2
639,452,3,2
639,453,3,2
639,454,3,2
639,455,3,2
639,456,3,2
639,457,3,2
639,458,3,2
639,459,3,2
639,460,3,2
639,461,3,2
639,462,3,2
639,463,3,2
639,464,3,2
639,465,3,2
639,466,3,2
639,467,3,2
639,468,3,2
639,469,3,2
639,470,3,2
639,471,3,2
639,472,3,2
639,473,3,2
639,474,3,2
639,475,3,2
639,476,3,2
639,477,3,2
639,478,3,2
639,479,3,2
639,480,3,2
639,481,3,2
639,482,3,2
639,483,3,2
639,484,3,2
639,485,3,2
639,486,3,2
639,487,3,2
639,488,3,2
639,489,3,2
639,490,3,2
639,491,3,2
639,492,3,2
639,493,3,2
639,494,3,2
639,495,3,2
639,496,3,2
639,497,3,2
639,498,3,2
639,499,3,2
639,500,3,2
639,501,3,2
639,502,3,2
639,503,3,2
639,504,3,2
639,505,3,2
639,506,3,2
639,507,3,2
639,508,3,2
639,509,3,2
639,510,3,2
639,511,3,2
639,512,3,2
639,513,3,2
639,514,3,2
639,515,3,2
639,516,3,2
639,517,3,2
639,518,3,2
639,519,3,2
639,520,3,2
639,521,3,2
639,522,3,2
639,523,3,2
639,524,3,2
639,525,3,2
639,526,3,2
639,527,3,2
639,528,3,2
639,529,3,2
639,530,3,2
639,531,3,2
639,532,3,2
639,533,3,2
639,534,3,2
639,535,3,2
639,536,3,2
639,537,3,2
639,538,3,2
639,539,3,2
639,540,3,2
639,541,3,2
639,542,3,2
639,543,3,2
639,544,3,2
639,545,3,2
639,546,3,2
639,547,3,2
639,548,3,2
640,125,3,2
640,126,3,2
640,127,3,2
640,128,3,2
640,129,3,2
640,130,3,2
640,131,3,2
640,132,3,2
640,133,3,2
640,134,3,2
640,135,3,2
640,136,3,2
640,137,3,2
640,138,3,2
640,139,3,2
640,140,3,2
640,141,3,2
640,142,3,2
640,143,3,2
640,144,3,2
640,145,3,2
640,146,3,2
640,147,3,2
640,148,3,2
640,149,3,2
640,150,3,2
640,151,3,2
640,152,3,2
640,153,3,2
640,154,3,2
640,155,3,2
640,156,3,2
640,157,3,2
640,158,3,2
640,159,3,2
640,160,3,2
640,161,3,2
640,162,3,2
640,163,3,2
640,164,3,2
640,165,3,2
640,166,3,2
640,167,3,2
640,168,3,2
640,169,3,2
640,170,3,2
640,171,3,2
640,172,3,2
640,173,3,2
640,174,3,2
640,175,3,2
640,176,3,2
640,177,3,2
640,178,3,2
640,179,3,2
640,180,3,2
640,181,3,2
640,182,3,2
640,183,3,2
640,184,3,2
640,185,3,2
640,186,3,2
640,187,3,2
640,188,3,2
640,189,3,2
640,190,3,2
640,191,3,2
640,192,3,2
640,193,3,2
640,194,3,2
640,195,3,2
640,196,3,2
640,197,3,2
640,198,3,2
640,199,3,2
640,200,3,2
640,201,3,2
640,202,3,2
640,203,3,2
640,204,3,2
640,205,3,2
640,206,3,2
640,207,3,2
640,208,3,2
640,209,3,2
640,210,3,2
640,211,3,2
640,212,3,2
640,213,3,2
640,214,3,2
640,215,3,2
640,216,3,2
640,217,3,2
640,218,3,2
640,219,3,2
640,220,3,2
640,221,3,2
640,222,3,2
640,223,3,2
640,224,3,2
640,225,3,2
640,226,3,2
640,227,3,2
640,228,3,2
640,229,3,2
640,230,3,2
640,231,3,2
640,232,3,2
640,233,3,2
640,234,3,2
640,235,3,2
640,236,3,2
640,237,3,2
640,238,3,2
640,239,3,2
640,240,3,2
640,241,3,2
640,242,3,2
640,243,3,2
640,244,3,2
640,245,3,2
640,246,3,2
640,247,3,2
640,248,3,2
640,249,3,2
640,250,3,2
640,251,3,2
640,252,3,2
640,253,3,2
640,254,3,2
640,255,3,2
640,256,3,2
640,257,3,2
640,258,3,2
640,259,3,2
640,260,3,2
640,261,3,2
640,262,3,2
640,263,3,2
640,264,3,2
640,265,3,2
640,266,3,2
640,267,3,2
640,268,3,2
640,269,3,2
640,270,3,2
640,271,3,2
640,272,3,2
640,273,3,2
640,274,3,2
640,275,3,2
640,276,3,2
640,277,3,2
640,278,3,2
640,279,3,2
640,280,3,2
640,281,3,2
640,282,3,2
640,283,3,2
640,284,3,2
640,285,3,2
640,286,3,2
640,287,3,2
640,288,3,2
640,289,3,2
640,290,3,2
640,291,3,2
640,292,3,2
640,293,3,2
640,294,3,2
640,295,3,2
640,296,3,2
640,297,3,2
640,298,3,2
640,299,3,2
640,300,3,2
640,301,3,2
640,302,3,2
640,303,3,2
640,304,3,2
640,305,3,2
640,306,3,2
640,307,3,2
640,308,3,2
640,309,3,2
640,310,3,2
640,311,3,2
640,312,3,2
640,313,3,2
640,314,3,2
640,315,3,2
640,316,3,2
640,317,3,2
640,318,3,2
640,319,3,2
640,320,3,2
640,321,3,2
640,322,3,2
640,323,3,2
640,324,3,2
640,325,3,2
640,326,3,2
640,327,3,2
640,328,3,2
640,329,3,2
640,330,3,2
640,331,3,2
640,332,3,2
640,333,3,2
640,334,3,2
640,335,3,2
640,336,3,2
640,337,3,2
640,338,3,2
640,339,3,2
640,340,3,2
640,341,3,2
640,342,3,2
640,343,3,2
640,344,3,2
640,345,3,2
640,346,3,2
640,347,3,2
640,348,3,2
640,349,3,2
640,350,3,2
640,351,3,2
640,352,3,2
640,353,3,2
640,354,3,2
640,355,3,2
640,356,3,2
640,357,3,2
640,358,3,2
640,359,3,2
640,360,3,2
640,361,3,2
640,362,3,2
640,363,3,2
640,364,3,2
640,365,3,2
640,366,3,2
640,367,3,2
640,368,3,2
640,369,3,2
640,370,3,2
640,371,3,2
640,372,3,2
640,373,3,2
640,374,3,2
640,375,3,2
640,376,3,2
640,377,3,2
640,378,3,2
640,379,3,2
640,380,3,2
640,381,3,2
640,382,3,2
640,383,3,2
640,384,3,2
640,385,3,2
640,386,3,2
640,387,3,2
640,388,3,2
640,389,3,2
640,390,3,2
640,391,3,2
640,392,3,2
640,393,3,2
640,394,3,2
640,395,3,2
640,396,3,2
640,397,3,2
640,398,3,2
640,399,3,2
640,400,3,2
640,401,3,2
640,402,3,2
640,403,3,2
640,404,3,2
640,405,3,2
640,406,3,2
640,407,3,2
640,408,3,2
640,409,3,2
640,410,3,2
640,411,3,2
640,412,3,2
640,413,3,2
640,414,3,2
640,415,3,2
640,416,3,2
640,417,3,2
640,418,3,2
640,419,3,2
640,420,3,2
640,421,3,2
640,422,3,2
640,423,3,2
640,424,3,2
640,425,3,2
640,426,3,2
640,427,3,2
640,428,3,2
640,429,3,2
640,430,3,2
640,431,3,2
640,432,3,2
640,433,3,2
640,434,3,2
640,435,3,2
640,436,3,2
640,437,3,2
640,438,3,2
640,439,3,2
640,440,3,2
640,441,3,2
640,442,3,2
640,443,3,2
640,444,3,2
640,445,3,2
640,446,3,2
640,447,3,2
640,448,3,2
640,449,3,2
640,450,3,2
640,451,3,2
640,452,3,2
640,453,3,2
640,454,3,2
640,455,3,2
640,456,3,2
640,457,3,2
640,458,3,2
640,459,3,2
640,460,3,2
640,461,3,2
640,462,3,2
640,463,3,2
640,464,3,2
640,465,3,2
640,466,3,2
640,467,3,2
640,468,3,2
640,469,3,2
640,470,3,2
640,471,3,2
640,472,3,2
640,473,3,2
640,474,3,2
640,475,3,2
640,476,3,2
640,477,3,2
640,478,3,2
640,479,3,2
640,480,3,2
640,481,3,2
640,482,3,2
640,483,3,2
640,484,3,2
640,485,3,2
640,486,3,2
640,487,3,2
640,488,3,2
640,489,3,2
640,490,3,2
640,491,3,2
640,492,3,2
640,493,3,2
640,494,3,2
640,495,3,2
640,496,3,2
640,497,3,2
640,498,3,2
640,499,3,2
640,500,3,2
640,501,3,2
640,502,3,2
640,503,3,2
640,504,3,2
640,505,3,2
640,506,3,2
640,507,3,2
640,508,3,2
640,509,3,2
640,510,3,2
640,511,3,2
640,512,3,2
640,513,3,2
640,514,3,2
640,515,3,2
640,516,3,2
640,517,3,2
640,518,3,2
640,519,3,2
640,520,3,2
640,521,3,2
640,522,3,2
640,523,3,2
640,524,3,2
640,525,3,2
640,526,3,2
640,527,3,2
640,528,3,2
640,529,3,2
640,530,3,2
640,531,3,2
640,532,3,2
640,533,3,2
640,534,3,2
640,535,3,2
640,536,3,2
640,537,3,2
640,538,3,2
640,539,3,2
640,540,3,2
640,541,3,2
640,542,3,2
640,543,3,2
640,544,3,2
640,545,3,2
640,546,3,2
640,547,3,2
640,548,3,2
641,126,3,2
641,127,3,2
641,128,3,2
641,129,3,2
641,130,3,2
641,131,3,2
641,132,3,2
641,133,3,2
641,134,3,2
641,135,3,2
641,136,3,2
641,137,3,2
641,138,3,2
641,139,3,2
641,140,3,2
641,141,3,2
641,142,3,2
641,143,3,2
641,144,3,2
641,145,3,2
641,146,3,2
641,147,3,2
641,148,3,2
641,149,3,2
641,150,3,2
641,151,3,2
641,152,3,2
641,153,3,2
641,154,3,2
641,155,3,2
641,156,3,2
641,157,3,2
641,158,3,2
641,159,3,2
641,160,3,2
641,161,3,2
641,162,3,2
641,163,3,2
641,164,3,2
641,165,3,2
641,166,3,2
641,167,3,2
641,168,3,2
641,169,3,2
641,170,3,2
641,171,3,2
641,172,3,2
641,173,3,2
641,174,3,2
641,175,3,2
641,176,3,2
641,177,3,2
641,178,3,2
641,179,3,2
641,180,3,2
641,181,3,2
641,182,3,2
641,183,3,2
641,184,3,2
641,185,3,2
641,186,3,2
641,187,3,2
641,188,3,2
641,189,3,2
641,190,3,2
641,191,3,2
641,192,3,2
641,193,3,2
641,194,3,2
641,195,3,2
641,196,3,2
641,197,3,2
641,198,3,2
641,199,3,2
641,200,3,2
641,201,3,2
641,202,3,2
641,203,3,2
641,204,3,2
641,205,3,2
641,206,3,2
641,207,3,2
641,208,3,2
641,209,3,2
641,210,3,2
641,211,3,2
641,212,3,2
641,213,3,2
641,214,3,2
641,215,3,2
641,216,3,2
641,217,3,2
641,218,3,2
641,219,3,2
641,220,3,2
641,221,3,2
641,222,3,2
641,223,3,2
641,224,3,2
641,225,3,2
641,226,3,2
641,227,3,2
641,228,3,2
641,229,3,2
641,230,3,2
641,231,3,2
641,232,3,2
641,233,3,2
641,234,3,2
641,235,3,2
641,236,3,2
641,237,3,2
641,238,3,2
641,239,3,2
641,240,3,2
641,241,3,2
641,242,3,2
641,243,3,2
641,244,3,2
641,245,3,2
641,246,3,2
641,247,3,2
641,248,3,2
641,249,3,2
641,250,3,2
641,251,3,2
641,252,3,2
641,253,3,2
641,254,3,2
641,255,3,2
641,256,3,2
641,257,3,2
641,258,3,2
641,259,3,2
641,260,3,2
641,261,3,2
641,262,3,2
641,263,3,2
641,264,3,2
641,265,3,2
641,266,3,2
641,267,3,2
641,268,3,2
641,269,3,2
641,270,3,2
641,271,3,2
641,272,3,2
641,273,3,2
641,274,3,2
641,275,3,2
641,276,3,2
641,277,3,2
641,278,3,2
641,279,3,2
641,280,3,2
641,281,3,2
641,282,3,2
641,283,3,2
641,284,3,2
641,285,3,2
641,286,3,2
641,287,3,2
641,288,3,2
641,289,3,2
641,290,3,2
641,291,3,2
641,292,3,2
641,293,3,2
641,294,3,2
641,295,3,2
641,296,3,2
641,297,3,2
641,298,3,2
641,299,3,2
641,300,3,2
641,301,3,2
641,302,3,2
641,303,3,2
641,304,3,2
641,305,3,2
641,306,3,2
641,307,3,2
641,308,3,2
641,309,3,2
641,310,3,2
641,311,3,2
641,312,3,2
641,313,3,2
641,314,3,2
641,315,3,2
641,316,3,2
641,317,3,2
641,318,3,2
641,319,3,2
641,320,3,2
641,321,3,2
641,322,3,2
641,323,3,2
641,324,3,2
641,325,3,2
641,326,3,2
641,327,3,2
641,328,3,2
641,329,3,2
641,330,3,2
641,331,3,2
641,332,3,2
641,333,3,2
641,334,3,2
641,335,3,2
641,336,3,2
641,337,3,2
641,338,3,2
641,339,3,2
641,340,3,2
641,341,3,2
641,342,3,2
641,343,3,2
641,344,3,2
641,345,3,2
641,346,3,2
641,347,3,2
641,348,3,2
641,349,3,2
641,350,3,2
641,351,3,2
641,352,3,2
641,353,3,2
641,354,3,2
641,355,3,2
641,356,3,2
641,357,3,2
641,358,3,2
641,359,3,2
641,360,3,2
641,361,3,2
641,362,3,2
641,363,3,2
641,364,3,2
641,365,3,2
641,366,3,2
641,367,3,2
641,368,3,2
641,369,3,2
641,370,3,2
641,371,3,2
641,372,3,2
641,373,3,2
641,374,3,2
641,375,3,2
641,376,3,2
641,377,3,2
641,378,3,2
641,379,3,2
641,380,3,2
641,381,3,2
641,382,3,2
641,383,3,2
641,384,3,2
641,385,3,2
641,386,3,2
641,387,3,2
641,388,3,2
641,389,3,2
641,390,3,2
641,391,3,2
641,392,3,2
641,393,3,2
641,394,3,2
641,395,3,2
641,396,3,2
641,397,3,2
641,398,3,2
641,399,3,2
641,400,3,2
641,401,3,2
641,402,3,2
641,403,3,2
641,404,3,2
641,405,3,2
641,406,3,2
641,407,3,2
641,408,3,2
641,409,3,2
641,410,3,2
641,411,3,2
641,412,3,2
641,413,3,2
641,414,3,2
641,415,3,2
641,416,3,2
641,417,3,2
641,418,3,2
641,419,3,2
641,420,3,2
641,421,3,2
641,422,3,2
641,423,3,2
641,424,3,2
641,425,3,2
641,426,3,2
641,427,3,2
641,428,3,2
641,429,3,2
641,430,3,2
641,431,3,2
641,432,3,2
641,433,3,2
641,434,3,2
641,435,3,2
641,436,3,2
641,437,3,2
641,438,3,2
641,439,3,2
641,440,3,2
641,441,3,2
641,442,3,2
641,443,3,2
641,444,3,2
641,445,3,2
641,446,3,2
641,447,3,2
641,448,3,2
641,449,3,2
641,450,3,2
641,451,3,2
641,452,3,2
641,453,3,2
641,454,3,2
641,455,3,2
641,456,3,2
641,457,3,2
641,458,3,2
641,459,3,2
641,460,3,2
641,461,3,2
641,462,3,2
641,463,3,2
641,464,3,2
641,465,3,2
641,466,3,2
641,467,3,2
641,468,3,2
641,469,3,2
641,470,3,2
641,471,3,2
641,472,3,2
641,473,3,2
641,474,3,2
641,475,3,2
641,476,3,2
641,477,3,2
641,478,3,2
641,479,3,2
641,480,3,2
641,481,3,2
641,482,3,2
641,483,3,2
641,484,3,2
641,485,3,2
641,486,3,2
641,487,3,2
641,488,3,2
641,489,3,2
641,490,3,2
641,491,3,2
641,492,3,2
641,493,3,2
641,494,3,2
641,495,3,2
641,496,3,2
641,497,3,2
641,498,3,2
641,499,3,2
641,500,3,2
641,501,3,2
641,502,3,2
641,503,3,2
641,504,3,2
641,505,3,2
641,506,3,2
641,507,3,2
641,508,3,2
641,509,3,2
641,510,3,2
641,511,3,2
641,512,3,2
641,513,3,2
641,514,3,2
641,515,3,2
641,516,3,2
641,517,3,2
641,518,3,2
641,519,3,2
641,520,3,2
641,521,3,2
641,522,3,2
641,523,3,2
641,524,3,2
641,525,3,2
641,526,3,2
641,527,3,2
641,528,3,2
641,529,3,2
641,530,3,2
641,531,3,2
641,532,3,2
641,533,3,2
641,534,3,2
641,535,3,2
641,536,3,2
641,537,3,2
641,538,3,2
641,539,3,2
641,540,3,2
641,541,3,2
641,542,3,2
641,543,3,2
641,544,3,2
641,545,3,2
641,546,3,2
641,547,3,2
641,548,3,2
642,129,3,2
642,130,3,2
642,131,3,2
642,132,3,2
642,133,3,2
642,134,3,2
642,135,3,2
642,136,3,2
642,137,3,2
642,138,3,2
642,139,3,2
642,140,3,2
642,141,3,2
642,142,3,2
642,143,3,2
642,144,3,2
642,145,3,2
642,146,3,2
642,147,3,2
642,148,3,2
642,149,3,2
642,150,3,2
642,151,3,2
642,152,3,2
642,153,3,2
642,154,3,2
642,155,3,2
642,156,3,2
642,157,3,2
642,158,3,2
642,159,3,2
642,160,3,2
642,161,3,2
642,162,3,2
642,163,3,2
642,164,3,2
642,165,3,2
642,166,3,2
642,167,3,2
642,168,3,2
642,169,3,2
642,170,3,2
642,171,3,2
642,172,3,2
642,173,3,2
642,174,3,2
642,175,3,2
642,176,3,2
642,177,3,2
642,178,3,2
642,179,3,2
642,180,3,2
642,181,3,2
642,182,3,2
642,183,3,2
642,184,3,2
642,185,3,2
642,186,3,2
642,187,3,2
642,188,3,2
642,189,3,2
642,190,3,2
642,191,3,2
642,192,3,2
642,193,3,2
642,194,3,2
642,195,3,2
642,196,3,2
642,197,3,2
642,198,3,2
642,199,3,2
642,200,3,2
642,201,3,2
642,202,3,2
642,203,3,2
642,204,3,2
642,205,3,2
642,206,3,2
642,207,3,2
642,208,3,2
642,209,3,2
642,210,3,2
642,211,3,2
642,212,3,2
642,213,3,2
642,214,3,2
642,215,3,2
642,216,3,2
642,217,3,2
642,218,3,2
642,219,3,2
642,220,3,2
642,221,3,2
642,222,3,2
642,223,3,2
642,224,3,2
642,225,3,2
642,226,3,2
642,227,3,2
642,228,3,2
642,229,3,2
642,230,3,2
642,231,3,2
642,232,3,2
642,233,3,2
642,234,3,2
642,235,3,2
642,236,3,2
642,237,3,2
642,238,3,2
642,239,3,2
642,240,3,2
642,241,3,2
642,242,3,2
642,243,3,2
642,244,3,2
642,245,3,2
642,246,3,2
642,247,3,2
642,248,3,2
642,249,3,2
642,250,3,2
642,251,3,2
642,252,3,2
642,253,3,2
642,254,3,2
642,255,3,2
642,256,3,2
642,257,3,2
642,258,3,2
642,259,3,2
642,260,3,2
642,261,3,2
642,262,3,2
642,263,3,2
642,264,3,2
642,265,3,2
642,266,3,2
642,267,3,2
642,268,3,2
642,269,3,2
642,270,3,2
642,271,3,2
642,272,3,2
642,273,3,2
642,274,3,2
642,275,3,2
642,276,3,2
642,277,3,2
642,278,3,2
642,279,3,2
642,280,3,2
642,281,3,2
642,282,3,2
642,283,3,2
642,284,3,2
642,285,3,2
642,286,3,2
642,287,3,2
642,288,3,2
642,289,3,2
642,290,3,2
642,291,3,2
642,292,3,2
642,293,3,2
642,294,3,2
642,295,3,2
642,296,3,2
642,297,3,2
642,298,3,2
642,299,3,2
642,300,3,2
642,301,3,2
642,302,3,2
642,303,3,2
642,304,3,2
642,305,3,2
642,306,3,2
642,307,3,2
642,308,3,2
642,309,3,2
642,310,3,2
642,311,3,2
642,312,3,2
642,313,3,2
642,314,3,2
642,315,3,2
642,316,3,2
642,317,3,2
642,318,3,2
642,319,3,2
642,320,3,2
642,321,3,2
642,322,3,2
642,323,3,2
642,324,3,2
642,325,3,2
642,326,3,2
642,327,3,2
642,328,3,2
642,329,3,2
642,330,3,2
642,331,3,2
642,332,3,2
642,333,3,2
642,334,3,2
642,335,3,2
642,336,3,2
642,337,3,2
642,338,3,2
642,339,3,2
642,340,3,2
642,341,3,2
642,342,3,2
642,343,3,2
642,344,3,2
642,345,3,2
642,346,3,2
642,347,3,2
642,348,3,2
642,349,3,2
642,350,3,2
642,351,3,2
642,352,3,2
642,353,3,2
642,354,3,2
642,355,3,2
642,356,3,2
642,357,3,2
642,358,3,2
642,359,3,2
642,360,3,2
642,361,3,2
642,362,3,2
642,363,3,2
642,364,3,2
642,365,3,2
642,366,3,2
642,367,3,2
642,368,3,2
642,369,3,2
642,370,3,2
642,371,3,2
642,372,3,2
642,373,3,2
642,374,3,2
642,375,3,2
642,376,3,2
642,377,3,2
642,378,3,2
642,379,3,2
642,380,3,2
642,381,3,2
642,382,3,2
642,383,3,2
642,384,3,2
642,385,3,2
642,386,3,2
642,387,3,2
642,388,3,2
642,389,3,2
642,390,3,2
642,391,3,2
642,392,3,2
642,393,3,2
642,394,3,2
642,395,3,2
642,396,3,2
642,397,3,2
642,398,3,2
642,399,3,2
642,400,3,2
642,401,3,2
642,402,3,2
642,403,3,2
642,404,3,2
642,405,3,2
642,406,3,2
642,407,3,2
642,408,3,2
642,409,3,2
642,410,3,2
642,411,3,2
642,412,3,2
642,413,3,2
642,414,3,2
642,415,3,2
642,416,3,2
642,417,3,2
642,418,3,2
642,419,3,2
642,420,3,2
642,421,3,2
642,422,3,2
642,423,3,2
642,424,3,2
642,425,3,2
642,426,3,2
642,427,3,2
642,428,3,2
642,429,3,2
642,430,3,2
642,431,3,2
642,432,3,2
642,433,3,2
642,434,3,2
642,435,3,2
642,436,3,2
642,437,3,2
642,438,3,2
642,439,3,2
642,440,3,2
642,441,3,2
642,442,3,2
642,443,3,2
642,444,3,2
642,445,3,2
642,446,3,2
642,447,3,2
642,448,3,2
642,449,3,2
642,450,3,2
642,451,3,2
642,452,3,2
642,453,3,2
642,454,3,2
642,455,3,2
642,456,3,2
642,457,3,2
642,458,3,2
642,459,3,2
642,460,3,2
642,461,3,2
642,462,3,2
642,463,3,2
642,464,3,2
642,465,3,2
642,466,3,2
642,467,3,2
642,468,3,2
642,469,3,2
642,470,3,2
642,471,3,2
642,472,3,2
642,473,3,2
642,474,3,2
642,475,3,2
642,476,3,2
642,477,3,2
642,478,3,2
642,479,3,2
642,480,3,2
642,481,3,2
642,482,3,2
642,483,3,2
642,484,3,2
642,485,3,2
642,486,3,2
642,487,3,2
642,488,3,2
642,489,3,2
642,490,3,2
642,491,3,2
642,492,3,2
642,493,3,2
642,494,3,2
642,495,3,2
642,496,3,2
642,497,3,2
642,498,3,2
642,499,3,2
642,500,3,2
642,501,3,2
642,502,3,2
642,503,3,2
642,504,3,2
642,505,3,2
642,506,3,2
642,507,3,2
642,508,3,2
642,509,3,2
642,510,3,2
642,511,3,2
642,512,3,2
642,513,3,2
642,514,3,2
642,515,3,2
642,516,3,2
642,517,3,2
642,518,3,2
642,519,3,2
642,520,3,2
642,521,3,2
642,522,3,2
642,523,3,2
642,524,3,2
642,525,3,2
642,526,3,2
642,527,3,2
642,528,3,2
642,529,3,2
642,530,3,2
642,531,3,2
642,532,3,2
642,533,3,2
642,534,3,2
642,535,3,2
642,536,3,2
642,537,3,2
642,538,3,2
642,539,3,2
642,540,3,2
642,541,3,2
642,542,3,2
642,543,3,2
642,544,3,2
642,545,3,2
642,546,3,2
642,547,3,2
642,548,3,2
643,129,3,2
643,130,3,2
643,131,3,2
643,132,3,2
643,133,3,2
643,134,3,2
643,135,3,2
643,136,3,2
643,137,3,2
643,138,3,2
643,139,3,2
643,140,3,2
643,141,3,2
643,142,3,2
643,143,3,2
643,144,3,2
643,145,3,2
643,146,3,2
643,147,3,2
643,148,3,2
643,149,3,2
643,150,3,2
643,151,3,2
643,152,3,2
643,153,3,2
643,154,3,2
643,155,3,2
643,156,3,2
643,157,3,2
643,158,3,2
643,159,3,2
643,160,3,2
643,161,3,2
643,162,3,2
643,163,3,2
643,164,3,2
643,165,3,2
643,166,3,2
643,167,3,2
643,168,3,2
643,169,3,2
643,170,3,2
643,171,3,2
643,172,3,2
643,173,3,2
643,174,3,2
643,175,3,2
643,176,3,2
643,177,3,2
643,178,3,2
643,179,3,2
643,180,3,2
643,181,3,2
643,182,3,2
643,183,3,2
643,184,3,2
643,185,3,2
643,186,3,2
643,187,3,2
643,188,3,2
643,189,3,2
643,190,3,2
643,191,3,2
643,192,3,2
643,193,3,2
643,194,3,2
643,195,3,2
643,196,3,2
643,197,3,2
643,198,3,2
643,199,3,2
643,200,3,2
643,201,3,2
643,202,3,2
643,203,3,2
643,204,3,2
643,205,3,2
643,206,3,2
643,207,3,2
643,208,3,2
643,209,3,2
643,210,3,2
643,211,3,2
643,212,3,2
643,213,3,2
643,214,3,2
643,215,3,2
643,216,3,2
643,217,3,2
643,218,3,2
643,219,3,2
643,220,3,2
643,221,3,2
643,222,3,2
643,223,3,2
643,224,3,2
643,225,3,2
643,226,3,2
643,227,3,2
643,228,3,2
643,229,3,2
643,230,3,2
643,231,3,2
643,232,3,2
643,233,3,2
643,234,3,2
643,235,3,2
643,236,3,2
643,237,3,2
643,238,3,2
643,239,3,2
643,240,3,2
643,241,3,2
643,242,3,2
643,243,3,2
643,244,3,2
643,245,3,2
643,246,3,2
643,247,3,2
643,248,3,2
643,249,3,2
643,250,3,2
643,251,3,2
643,252,3,2
643,253,3,2
643,254,3,2
643,255,3,2
643,256,3,2
643,257,3,2
643,258,3,2
643,259,3,2
643,260,3,2
643,261,3,2
643,262,3,2
643,263,3,2
643,264,3,2
643,265,3,2
643,266,3,2
643,267,3,2
643,268,3,2
643,269,3,2
643,270,3,2
643,271,3,2
643,272,3,2
643,273,3,2
643,274,3,2
643,275,3,2
643,276,3,2
643,277,3,2
643,278,3,2
643,279,3,2
643,280,3,2
643,281,3,2
643,282,3,2
643,283,3,2
643,284,3,2
643,285,3,2
643,286,3,2
643,287,3,2
643,288,3,2
643,289,3,2
643,290,3,2
643,291,3,2
643,292,3,2
643,293,3,2
643,294,3,2
643,295,3,2
643,296,3,2
643,297,3,2
643,298,3,2
643,299,3,2
643,300,3,2
643,301,3,2
643,302,3,2
643,303,3,2
643,304,3,2
643,305,3,2
643,306,3,2
643,307,3,2
643,308,3,2
643,309,3,2
643,310,3,2
643,311,3,2
643,312,3,2
643,313,3,2
643,314,3,2
643,315,3,2
643,316,3,2
643,317,3,2
643,318,3,2
643,319,3,2
643,320,3,2
643,321,3,2
643,322,3,2
643,323,3,2
643,324,3,2
643,325,3,2
643,326,3,2
643,327,3,2
643,328,3,2
643,329,3,2
643,330,3,2
643,331,3,2
643,332,3,2
643,333,3,2
643,334,3,2
643,335,3,2
643,336,3,2
643,337,3,2
643,338,3,2
643,339,3,2
643,340,3,2
643,341,3,2
643,342,3,2
643,343,3,2
643,344,3,2
643,345,3,2
643,346,3,2
643,347,3,2
643,348,3,2
643,349,3,2
643,350,3,2
643,351,3,2
643,352,3,2
643,353,3,2
643,354,3,2
643,355,3,2
643,356,3,2
643,357,3,2
643,358,3,2
643,359,3,2
643,360,3,2
643,361,3,2
643,362,3,2
643,363,3,2
643,364,3,2
643,365,3,2
643,366,3,2
643,367,3,2
643,368,3,2
643,369,3,2
643,370,3,2
643,371,3,2
643,372,3,2
643,373,3,2
643,374,3,2
643,375,3,2
643,376,3,2
643,377,3,2
643,378,3,2
643,379,3,2
643,380,3,2
643,381,3,2
643,382,3,2
643,383,3,2
643,384,3,2
643,385,3,2
643,386,3,2
643,387,3,2
643,388,3,2
643,389,3,2
643,390,3,2
643,391,3,2
643,392,3,2
643,393,3,2
643,394,3,2
643,395,3,2
643,396,3,2
643,397,3,2
643,398,3,2
643,399,3,2
643,400,3,2
643,401,3,2
643,402,3,2
643,403,3,2
643,404,3,2
643,405,3,2
643,406,3,2
643,407,3,2
643,408,3,2
643,409,3,2
643,410,3,2
643,411,3,2
643,412,3,2
643,413,3,2
643,414,3,2
643,415,3,2
643,416,3,2
643,417,3,2
643,418,3,2
643,419,3,2
643,420,3,2
643,421,3,2
643,422,3,2
643,423,3,2
643,424,3,2
643,425,3,2
643,426,3,2
643,427,3,2
643,428,3,2
643,429,3,2
643,430,3,2
643,431,3,2
643,432,3,2
643,433,3,2
643,434,3,2
643,435,3,2
643,436,3,2
643,437,3,2
643,438,3,2
643,439,3,2
643,440,3,2
643,441,3,2
643,442,3,2
643,443,3,2
643,444,3,2
643,445,3,2
643,446,3,2
643,447,3,2
643,448,3,2
643,449,3,2
643,450,3,2
643,451,3,2
643,452,3,2
643,453,3,2
643,454,3,2
643,455,3,2
643,456,3,2
643,457,3,2
643,458,3,2
643,459,3,2
643,460,3,2
643,461,3,2
643,462,3,2
643,463,3,2
643,464,3,2
643,465,3,2
643,466,3,2
643,467,3,2
643,468,3,2
643,469,3,2
643,470,3,2
643,471,3,2
643,472,3,2
643,473,3,2
643,474,3,2
643,475,3,2
643,476,3,2
643,477,3,2
643,478,3,2
643,479,3,2
643,480,3,2
643,481,3,2
643,482,3,2
643,483,3,2
643,484,3,2
643,485,3,2
643,486,3,2
643,487,3,2
643,488,3,2
643,489,3,2
643,490,3,2
643,491,3,2
643,492,3,2
643,493,3,2
643,494,3,2
643,495,3,2
643,496,3,2
643,497,3,2
643,498,3,2
643,499,3,2
643,500,3,2
643,501,3,2
643,502,3,2
643,503,3,2
643,504,3,2
643,505,3,2
643,506,3,2
643,507,3,2
643,508,3,2
643,509,3,2
643,510,3,2
643,511,3,2
643,512,3,2
643,513,3,2
643,514,3,2
643,515,3,2
643,516,3,2
643,517,3,2
643,518,3,2
643,519,3,2
643,520,3,2
643,521,3,2
643,522,3,2
643,523,3,2
643,524,3,2
643,525,3,2
643,526,3,2
643,527,3,2
643,528,3,2
643,529,3,2
643,530,3,2
643,531,3,2
643,532,3,2
643,533,3,2
643,534,3,2
643,535,3,2
643,536,3,2
643,537,3,2
643,538,3,2
643,539,3,2
643,540,3,2
643,541,3,2
643,542,3,2
643,543,3,2
643,544,3,2
643,545,3,2
644,130,3,2
644,131,3,2
644,132,3,2
644,133,3,2
644,134,3,2
644,135,3,2
644,136,3,2
644,137,3,2
644,138,3,2
644,139,3,2
644,140,3,2
644,141,3,2
644,142,3,2
644,143,3,2
644,144,3,2
644,145,3,2
644,146,3,2
644,147,3,2
644,148,3,2
644,149,3,2
644,150,3,2
644,151,3,3
644,152,3,3
644,153,3,3
644,154,3,3
644,155,3,2
644,156,3,2
644,157,3,2
644,158,3,2
644,159,3,2
644,160,3,2
644,161,3,2
644,162,3,2
644,163,3,2
644,164,3,2
644,165,3,2
644,166,3,2
644,167,3,2
644,168,3,2
644,169,3,2
644,170,3,2
644,171,3,2
644,172,3,2
644,173,3,2
644,174,3,2
644,175,3,2
644,176,3,2
644,177,3,2
644,178,3,2
644,179,3,2
644,180,3,2
644,181,3,2
644,182,3,2
644,183,3,2
644,184,3,2
644,185,3,2
644,186,3,2
644,187,3,2
644,188,3,2
644,189,3,2
644,190,3,2
644,191,3,2
644,192,3,2
644,193,3,2
644,194,3,2
644,195,3,2
644,196,3,2
644,197,3,2
644,198,3,2
644,199,3,2
644,200,3,2
644,201,3,2
644,202,3,2
644,203,3,2
644,204,3,2
644,205,3,2
644,206,3,2
644,207,3,2
644,208,3,2
644,209,3,2
644,210,3,2
644,211,3,2
644,212,3,2
644,213,3,2
644,214,3,2
644,215,3,2
644,216,3,2
644,217,3,2
644,218,3,2
644,219,3,2
644,220,3,2
644,221,3,2
644,222,3,2
644,223,3,2
644,224,3,2
644,225,3,2
644,226,3,2
644,227,3,2
644,228,3,2
644,229,3,2
644,230,3,2
644,231,3,2
644,232,3,2
644,233,3,2
644,234,3,2
644,235,3,2
644,236,3,2
644,237,3,2
644,238,3,2
644,239,3,2
644,240,3,2
644,241,3,2
644,242,3,2
644,243,3,2
644,244,3,2
644,245,3,2
644,246,3,2
644,247,3,2
644,248,3,2
644,249,3,2
644,250,3,2
644,251,3,2
644,252,3,2
644,253,3,2
644,254,3,2
644,255,3,2
644,256,3,2
644,257,3,2
644,258,3,2
644,259,3,2
644,260,3,2
644,261,3,2
644,262,3,2
644,263,3,2
644,264,3,2
644,265,3,2
644,266,3,2
644,267,3,2
644,268,3,2
644,269,3,2
644,270,3,2
644,271,3,2
644,272,3,2
644,273,3,2
644,274,3,2
644,275,3,2
644,276,3,2
644,277,3,2
644,278,3,2
644,279,3,2
644,280,3,2
644,281,3,2
644,282,3,2
644,283,3,2
644,284,3,2
644,285,3,2
644,286,3,2
644,287,3,2
644,288,3,2
644,289,3,2
644,290,3,2
644,291,3,2
644,292,3,2
644,293,3,2
644,294,3,2
644,295,3,2
644,296,3,2
644,297,3,2
644,298,3,2
644,299,3,2
644,300,3,2
644,301,3,2
644,302,3,2
644,303,3,2
644,304,3,2
644,305,3,2
644,306,3,2
644,307,3,2
644,308,3,2
644,309,3,2
644,310,3,2
644,311,3,2
644,312,3,2
644,313,3,2
644,314,3,2
644,315,3,2
644,316,3,2
644,317,3,2
644,318,3,2
644,319,3,2
644,320,3,2
644,321,3,2
644,322,3,2
644,323,3,2
644,324,3,2
644,325,3,2
644,326,3,2
644,327,3,2
644,328,3,2
644,329,3,2
644,330,3,2
644,331,3,2
644,332,3,2
644,333,3,2
644,334,3,2
644,335,3,2
644,336,3,2
644,337,3,2
644,338,3,2
644,339,3,2
644,340,3,2
644,341,3,2
644,342,3,2
644,343,3,2
644,344,3,2
644,345,3,2
644,346,3,2
644,347,3,2
644,348,3,2
644,349,3,2
644,350,3,2
644,351,3,2
644,352,3,2
644,353,3,2
644,354,3,2
644,355,3,2
644,356,3,2
644,357,3,2
644,358,3,2
644,359,3,2
644,360,3,2
644,361,3,2
644,362,3,2
644,363,3,2
644,364,3,2
644,365,3,2
644,366,3,2
644,367,3,2
644,368,3,2
644,369,3,2
644,370,3,2
644,371,3,2
644,372,3,2
644,373,3,2
644,374,3,2
644,375,3,2
644,376,3,2
644,377,3,2
644,378,3,2
644,379,3,2
644,380,3,2
644,381,3,2
644,382,3,2
644,383,3,2
644,384,3,2
644,385,3,2
644,386,3,2
644,387,3,2
644,388,3,2
644,389,3,2
644,390,3,2
644,391,3,2
644,392,3,2
644,393,3,2
644,394,3,2
644,395,3,2
644,396,3,2
644,397,3,2
644,398,3,2
644,399,3,2
644,400,3,2
644,401,3,2
644,402,3,2
644,403,3,2
644,404,3,2
644,405,3,2
644,406,3,2
644,407,3,2
644,408,3,2
644,409,3,2
644,410,3,2
644,411,3,2
644,412,3,2
644,413,3,2
644,414,3,2
644,415,3,2
644,416,3,2
644,417,3,2
644,418,3,2
644,419,3,2
644,420,3,2
644,421,3,2
644,422,3,2
644,423,3,2
644,424,3,2
644,425,3,2
644,426,3,2
644,427,3,2
644,428,3,2
644,429,3,2
644,430,3,2
644,431,3,2
644,432,3,2
644,433,3,2
644,434,3,2
644,435,3,2
644,436,3,2
644,437,3,2
644,438,3,2
644,439,3,2
644,440,3,2
644,441,3,2
644,442,3,2
644,443,3,2
644,444,3,2
644,445,3,2
644,446,3,2
644,447,3,2
644,448,3,2
644,449,3,2
644,450,3,2
644,451,3,2
644,452,3,2
644,453,3,2
644,454,3,2
644,455,3,2
644,456,3,2
644,457,3,2
644,458,3,2
644,459,3,2
644,460,3,2
644,461,3,2
644,462,3,2
644,463,3,2
644,464,3,2
644,465,3,2
644,466,3,2
644,467,3,2
644,468,3,2
644,469,3,2
644,470,3,2
644,471,3,2
644,472,3,2
644,473,3,2
644,474,3,2
644,475,3,2
644,476,3,2
644,477,3,2
644,478,3,2
644,479,3,2
644,480,3,2
644,481,3,2
644,482,3,2
644,483,3,2
644,484,3,2
644,485,3,2
644,486,3,2
644,487,3,2
644,488,3,2
644,489,3,2
644,490,3,2
644,491,3,2
644,492,3,2
644,493,3,2
644,494,3,2
644,495,3,2
644,496,3,2
644,497,3,2
644,498,3,2
644,499,3,2
644,500,3,2
644,501,3,2
644,502,3,2
644,503,3,2
644,504,3,2
644,505,3,2
644,506,3,2
644,507,3,2
644,508,3,2
644,509,3,2
644,510,3,2
644,511,3,2
644,512,3,2
644,513,3,2
644,514,3,2
644,515,3,2
644,516,3,2
644,517,3,2
644,518,3,2
644,519,3,2
644,520,3,2
644,521,3,2
644,522,3,2
644,523,3,2
644,524,3,2
644,525,3,2
644,526,3,2
644,527,3,2
644,528,3,2
644,529,3,2
644,530,3,2
644,531,3,2
644,532,3,2
644,533,3,2
644,534,3,2
644,535,3,2
644,536,3,2
644,537,3,2
644,538,3,2
644,539,3,2
644,540,3,2
644,541,3,2
644,542,3,2
644,543,3,2
644,544,3,2
645,131,3,2
645,132,3,2
645,133,3,2
645,134,3,2
645,135,3,2
645,136,3,2
645,137,3,2
645,138,3,2
645,139,3,2
645,140,3,2
645,141,3,2
645,142,3,2
645,143,3,2
645,144,3,2
645,145,3,2
645,146,3,2
645,147,3,2
645,148,3,2
645,149,3,3
645,150,3,3
645,151,3,3
645,152,3,3
645,153,3,3
645,154,3,3
645,155,3,3
645,156,3,3
645,157,3,2
645,158,3,2
645,159,3,2
645,160,3,2
645,161,3,2
645,162,3,2
645,163,3,2
645,164,3,2
645,165,3,2
645,166,3,2
645,167,3,2
645,168,3,2
645,169,3,2
645,170,3,2
645,171,3,2
645,172,3,2
645,173,3,2
645,174,3,2
645,175,3,2
645,176,3,2
645,177,3,2
645,178,3,2
645,179,3,2
645,180,3,2
645,181,3,2
645,182,3,2
645,183,3,2
645,184,3,2
645,185,3,2
645,186,3,2
645,187,3,2
645,188,3,2
645,189,3,2
645,190,3,2
645,191,3,2
645,192,3,2
645,193,3,2
645,194,3,2
645,195,3,2
645,196,3,2
645,197,3,2
645,198,3,2
645,199,3,2
645,200,3,2
645,201,3,2
645,202,3,2
645,203,3,2
645,204,3,2
645,205,3,2
645,206,3,2
645,207,3,2
645,208,3,2
645,209,3,2
645,210,3,2
645,211,3,2
645,212,3,2
645,213,3,2
645,214,3,2
645,215,3,2
645,216,3,2
645,217,3,2
645,218,3,2
645,219,3,2
645,220,3,2
645,221,3,2
645,222,3,2
645,223,3,2
645,224,3,2
645,225,3,2
645,226,3,2
645,227,3,2
645,228,3,2
645,229,3,2
645,230,3,2
645,231,3,2
645,232,3,2
645,233,3,2
645,234,3,2
645,235,3,2
645,236,3,2
645,237,3,2
645,238,3,2
645,239,3,2
645,240,3,2
645,241,3,2
645,242,3,2
645,243,3,2
645,244,3,2
645,245,3,2
645,246,3,2
645,247,3,2
645,248,3,2
645,249,3,2
645,250,3,2
645,251,3,2
645,252,3,2
645,253,3,2
645,254,3,2
645,255,3,2
645,256,3,2
645,257,3,2
645,258,3,2
645,259,3,2
645,260,3,2
645,261,3,2
645,262,3,2
645,263,3,2
645,264,3,2
645,265,3,2
645,266,3,2
645,267,3,2
645,268,3,2
645,269,3,2
645,270,3,2
645,271,3,2
645,272,3,2
645,273,3,2
645,274,3,2
645,275,3,2
645,276,3,2
645,277,3,2
645,278,3,2
645,279,3,2
645,280,3,2
645,281,3,2
645,282,3,2
645,283,3,2
645,284,3,2
645,285,3,2
645,286,3,2
645,287,3,2
645,288,3,2
645,289,3,2
645,290,3,2
645,291,3,2
645,292,3,2
645,293,3,2
645,294,3,2
645,295,3,2
645,296,3,2
645,297,3,2
645,298,3,2
645,299,3,2
645,300,3,2
645,301,3,2
645,302,3,2
645,303,3,2
645,304,3,2
645,305,3,2
645,306,3,2
645,307,3,2
645,308,3,2
645,309,3,2
645,310,3,2
645,311,3,2
645,312,3,2
645,313,3,2
645,314,3,2
645,315,3,2
645,316,3,2
645,317,3,2
645,318,3,2
645,319,3,2
645,320,3,2
645,321,3,2
645,322,3,2
645,323,3,2
645,324,3,2
645,325,3,2
645,326,3,2
645,327,3,2
645,328,3,2
645,329,3,2
645,330,3,2
645,331,3,2
645,332,3,2
645,333,3,2
645,334,3,2
645,335,3,2
645,336,3,2
645,337,3,2
645,338,3,2
645,339,3,2
645,340,3,2
645,341,3,2
645,342,3,2
645,343,3,2
645,344,3,2
645,345,3,2
645,346,3,2
645,347,3,2
645,348,3,2
645,349,3,2
645,350,3,2
645,351,3,2
645,352,3,2
645,353,3,2
645,354,3,2
645,355,3,2
645,356,3,2
645,357,3,2
645,358,3,2
645,359,3,2
645,360,3,2
645,361,3,2
645,362,3,2
645,363,3,2
645,364,3,2
645,365,3,2
645,366,3,2
645,367,3,2
645,368,3,2
645,369,3,2
645,370,3,2
645,371,3,2
645,372,3,2
645,373,3,2
645,374,3,2
645,375,3,2
645,376,3,2
645,377,3,2
645,378,3,2
645,379,3,2
645,380,3,2
645,381,3,2
645,382,3,2
645,383,3,2
645,384,3,2
645,385,3,2
645,386,3,2
645,387,3,2
645,388,3,2
645,389,3,2
645,390,3,2
645,391,3,2
645,392,3,2
645,393,3,2
645,394,3,2
645,395,3,2
645,396,3,2
645,397,3,2
645,398,3,2
645,399,3,2
645,400,3,2
645,401,3,2
645,402,3,2
645,403,3,2
645,404,3,2
645,405,3,2
645,406,3,2
645,407,3,2
645,408,3,2
645,409,3,2
645,410,3,2
645,411,3,2
645,412,3,2
645,413,3,2
645,414,3,2
645,415,3,2
645,416,3,2
645,417,3,2
645,418,3,2
645,419,3,2
645,420,3,2
645,421,3,2
645,422,3,2
645,423,3,2
645,424,3,2
645,425,3,2
645,426,3,2
645,427,3,2
645,428,3,2
645,429,3,2
645,430,3,2
645,431,3,2
645,432,3,2
645,433,3,2
645,434,3,2
645,435,3,2
645,436,3,2
645,437,3,2
645,438,3,2
645,439,3,2
645,440,3,2
645,441,3,2
645,442,3,2
645,443,3,2
645,444,3,2
645,445,3,2
645,446,3,2
645,447,3,2
645,448,3,2
645,449,3,2
645,450,3,2
645,451,3,2
645,452,3,2
645,453,3,2
645,454,3,2
645,455,3,2
645,456,3,2
645,457,3,2
645,458,3,2
645,459,3,2
645,460,3,2
645,461,3,2
645,462,3,2
645,463,3,2
645,464,3,2
645,465,3,2
645,466,3,2
645,467,3,2
645,468,3,2
645,469,3,2
645,470,3,2
645,471,3,2
645,472,3,2
645,473,3,2
645,474,3,2
645,475,3,2
645,476,3,2
645,477,3,2
645,478,3,2
645,479,3,2
645,480,3,2
645,481,3,2
645,482,3,2
645,483,3,2
645,484,3,2
645,485,3,2
645,486,3,2
645,487,3,2
645,488,3,2
645,489,3,2
645,490,3,2
645,491,3,2
645,492,3,2
645,493,3,2
645,494,3,2
645,495,3,2
645,496,3,2
645,497,3,2
645,498,3,2
645,499,3,2
645,500,3,2
645,501,3,2
645,502,3,2
645,503,3,2
645,504,3,2
645,505,3,2
645,506,3,2
645,507,3,2
645,508,3,2
645,509,3,2
645,510,3,2
645,511,3,2
645,512,3,2
645,513,3,2
645,514,3,2
645,515,3,2
645,516,3,2
645,517,3,2
645,518,3,2
645,519,3,2
645,520,3,2
645,521,3,2
645,522,3,2
645,523,3,2
645,524,3,2
645,525,3,2
645,526,3,2
645,527,3,2
645,528,3,2
645,529,3,2
645,530,3,2
645,531,3,2
645,532,3,2
645,533,3,2
645,534,3,2
645,535,3,2
645,536,3,2
645,537,3,2
645,538,3,2
645,539,3,2
646,132,3,2
646,133,3,2
646,134,3,2
646,135,3,2
646,136,3,2
646,137,3,2
646,138,3,2
646,139,3,2
646,140,3,2
646,141,3,2
646,142,3,2
646,143,3,2
646,144,3,2
646,145,3,2
646,146,3,2
646,147,3,2
646,148,3,2
646,149,3,3
646,150,3,3
646,151,3,3
646,152,3,3
646,153,3,3
646,154,3,3
646,155,3,3
646,156,3,3
646,157,3,3
646,158,3,3
646,159,3,2
646,160,3,2
646,161,3,2
646,162,3,2
646,163,3,2
646,164,3,2
646,165,3,2
646,166,3,2
646,167,3,2
646,168,3,2
646,169,3,2
646,170,3,2
646,171,3,2
646,172,3,2
646,173,3,2
646,174,3,2
646,175,3,2
646,176,3,2
646,177,3,2
646,178,3,2
646,179,3,2
646,180,3,2
646,181,3,2
646,182,3,2
646,183,3,2
646,184,3,2
646,185,3,2
646,186,3,2
646,187,3,2
646,188,3,2
646,189,3,2
646,190,3,2
646,191,3,2
646,192,3,2
646,193,3,2
646,194,3,2
646,195,3,2
646,196,3,2
646,197,3,2
646,198,3,2
646,199,3,2
646,200,3,2
646,201,3,2
646,202,3,2
646,203,3,2
646,204,3,2
646,205,3,2
646,206,3,2
646,207,3,2
646,208,3,2
646,209,3,2
646,210,3,2
646,211,3,2
646,212,3,2
646,213,3,2
646,214,3,2
646,215,3,2
646,216,3,2
646,217,3,2
646,218,3,2
646,219,3,2
646,220,3,2
646,221,3,2
646,222,3,2
646,223,3,2
646,224,3,2
646,225,3,2
646,226,3,2
646,227,3,2
646,228,3,2
646,229,3,2
646,230,3,2
646,231,3,2
646,232,3,2
646,233,3,2
646,234,3,2
646,235,3,2
646,236,3,2
646,237,3,2
646,238,3,2
646,239,3,2
646,240,3,2
646,241,3,2
646,242,3,2
646,243,3,2
646,244,3,2
646,245,3,2
646,246,3,2
646,247,3,2
646,248,3,2
646,249,3,2
646,250,3,2
646,251,3,2
646,252,3,2
646,253,3,2
646,254,3,2
646,255,3,2
646,256,3,2
646,257,3,2
646,258,3,2
646,259,3,2
646,260,3,2
646,261,3,2
646,262,3,2
646,263,3,2
646,264,3,2
646,265,3,2
646,266,3,2
646,267,3,2
646,268,3,2
646,269,3,2
646,270,3,2
646,271,3,2
646,272,3,2
646,273,3,2
646,274,3,2
646,275,3,2
646,276,3,2
646,277,3,2
646,278,3,2
646,279,3,2
646,280,3,2
646,281,3,2
646,282,3,2
646,283,3,2
646,284,3,2
646,285,3,2
646,286,3,2
646,287,3,2
646,288,3,2
646,289,3,2
646,290,3,2
646,291,3,2
646,292,3,2
646,293,3,2
646,294,3,2
646,295,3,2
646,296,3,2
646,297,3,2
646,298,3,2
646,299,3,2
646,300,3,2
646,301,3,2
646,302,3,2
646,303,3,2
646,304,3,2
646,305,3,2
646,306,3,2
646,307,3,2
646,308,3,2
646,309,3,2
646,310,3,2
646,311,3,2
646,312,3,2
646,313,3,2
646,314,3,2
646,315,3,2
646,316,3,2
646,317,3,2
646,318,3,2
646,319,3,2
646,320,3,2
646,321,3,2
646,322,3,2
646,323,3,2
646,324,3,2
646,325,3,2
646,326,3,2
646,327,3,2
646,328,3,2
646,329,3,2
646,330,3,2
646,331,3,2
646,332,3,2
646,333,3,2
646,334,3,2
646,335,3,2
646,336,3,2
646,337,3,2
646,338,3,2
646,339,3,2
646,340,3,2
646,341,3,2
646,342,3,2
646,343,3,2
646,344,3,2
646,345,3,2
646,346,3,2
646,347,3,2
646,348,3,2
646,349,3,2
646,350,3,2
646,351,3,2
646,352,3,2
646,353,3,2
646,354,3,2
646,355,3,2
646,356,3,2
646,357,3,2
646,358,3,2
646,359,3,2
646,360,3,2
646,361,3,2
646,362,3,2
646,363,3,2
646,364,3,2
646,365,3,2
646,366,3,2
646,367,3,2
646,368,3,2
646,369,3,2
646,370,3,2
646,371,3,2
646,372,3,2
646,373,3,2
646,374,3,2
646,375,3,2
646,376,3,2
646,377,3,2
646,378,3,2
646,379,3,2
646,380,3,2
646,381,3,2
646,382,3,2
646,383,3,2
646,384,3,2
646,385,3,2
646,386,3,2
646,387,3,2
646,388,3,2
646,389,3,2
646,390,3,2
646,391,3,2
646,392,3,2
646,393,3,2
646,394,3,2
646,395,3,2
646,396,3,2
646,397,3,2
646,398,3,2
646,399,3,2
646,400,3,2
646,401,3,2
646,402,3,2
646,403,3,2
646,404,3,2
646,405,3,2
646,406,3,2
646,407,3,2
646,408,3,2
646,409,3,2
646,410,3,2
646,411,3,2
646,412,3,2
646,413,3,2
646,414,3,2
646,415,3,2
646,416,3,2
646,417,3,2
646,418,3,2
646,419,3,2
646,420,3,2
646,421,3,2
646,422,3,2
646,423,3,2
646,424,3,2
646,425,3,2
646,426,3,2
646,427,3,2
646,428,3,2
646,429,3,2
646,430,3,2
646,431,3,2
646,432,3,2
646,433,3,2
646,434,3,2
646,435,3,2
646,436,3,2
646,437,3,2
646,438,3,2
646,439,3,2
646,440,3,2
646,441,3,2
646,442,3,2
646,443,3,2
646,444,3,2
646,445,3,2
646,446,3,2
646,447,3,2
646,448,3,2
646,449,3,2
646,450,3,2
646,451,3,2
646,452,3,2
646,453,3,2
646,454,3,2
646,455,3,2
646,456,3,2
646,457,3,2
646,458,3,2
646,459,3,2
646,460,3,2
646,461,3,2
646,462,3,2
646,463,3,2
646,464,3,2
646,465,3,2
646,466,3,2
646,467,3,2
646,468,3,2
646,469,3,2
646,470,3,2
646,471,3,2
646,472,3,2
646,473,3,2
646,474,3,2
646,475,3,2
646,476,3,2
646,477,3,2
646,478,3,2
646,479,3,2
646,480,3,2
646,481,3,2
646,482,3,2
646,483,3,2
646,484,3,2
646,485,3,2
646,486,3,2
646,487,3,2
646,488,3,2
646,489,3,2
646,490,3,2
646,491,3,2
646,492,3,2
646,493,3,2
646,494,3,2
646,495,3,2
646,496,3,2
646,497,3,2
646,498,3,2
646,499,3,2
646,500,3,2
646,501,3,2
646,502,3,2
646,503,3,2
646,504,3,2
646,505,3,2
646,506,3,2
646,507,3,2
646,508,3,2
646,509,3,2
646,510,3,2
646,511,3,2
646,512,3,2
646,513,3,2
646,514,3,2
646,515,3,2
646,516,3,2
646,517,3,2
646,518,3,2
646,519,3,2
646,520,3,2
646,521,3,2
646,522,3,2
646,523,3,2
646,524,3,2
646,525,3,2
646,526,3,2
646,527,3,2
646,528,3,2
646,529,3,2
646,530,3,2
646,531,3,2
646,532,3,2
646,533,3,2
646,534,3,2
646,535,3,2
646,536,3,2
646,537,3,2
646,538,3,2
647,132,3,2
647,133,3,2
647,134,3,2
647,135,3,2
647,136,3,2
647,137,3,2
647,138,3,2
647,139,3,2
647,140,3,2
647,141,3,2
647,142,3,2
647,143,3,2
647,144,3,2
647,145,3,2
647,146,3,2
647,147,3,2
647,148,3,2
647,149,3,3
647,150,3,3
647,151,3,3
647,152,3,3
647,153,3,3
647,154,3,3
647,155,3,3
647,156,3,3
647,157,3,3
647,158,3,3
647,159,3,3
647,160,3,2
647,161,3,2
647,162,3,2
647,163,3,2
647,164,3,2
647,165,3,2
647,166,3,2
647,167,3,2
647,168,3,2
647,169,3,2
647,170,3,2
647,171,3,2
647,172,3,2
647,173,3,2
647,174,3,2
647,175,3,2
647,176,3,2
647,177,3,2
647,178,3,2
647,179,3,2
647,180,3,2
647,181,3,2
647,182,3,2
647,183,3,2
647,184,3,2
647,185,3,2
647,186,3,2
647,187,3,2
647,188,3,2
647,189,3,2
647,190,3,2
647,191,3,2
647,192,3,2
647,193,3,2
647,194,3,2
647,195,3,2
647,196,3,2
647,197,3,2
647,198,3,2
647,199,3,2
647,200,3,2
647,201,3,2
647,202,3,2
647,203,3,2
647,204,3,2
647,205,3,2
647,206,3,2
647,207,3,2
647,208,3,2
647,209,3,2
647,210,3,2
647,211,3,2
647,212,3,2
647,213,3,2
647,214,3,2
647,215,3,2
647,216,3,2
647,217,3,2
647,218,3,2
647,219,3,2
647,220,3,2
647,221,3,2
647,222,3,2
647,223,3,2
647,224,3,2
647,225,3,2
647,226,3,2
647,227,3,2
647,228,3,2
647,229,3,2
647,230,3,2
647,231,3,2
647,232,3,2
647,233,3,2
647,234,3,2
647,235,3,2
647,236,3,2
647,237,3,2
647,238,3,2
647,239,3,2
647,240,3,2
647,241,3,2
647,242,3,2
647,243,3,2
647,244,3,2
647,245,3,2
647,246,3,2
647,247,3,2
647,248,3,2
647,249,3,2
647,250,3,2
647,251,3,2
647,252,3,2
647,253,3,2
647,254,3,2
647,255,3,2
647,256,3,2
647,257,3,2
647,258,3,2
647,259,3,2
647,260,3,2
647,261,3,2
647,262,3,2
647,263,3,2
647,264,3,2
647,265,3,2
647,266,3,2
647,267,3,2
647,268,3,2
647,269,3,2
647,270,3,2
647,271,3,2
647,272,3,2
647,273,3,2
647,274,3,2
647,275,3,2
647,276,3,2
647,277,3,2
647,278,3,2
647,279,3,2
647,280,3,2
647,281,3,2
647,282,3,2
647,283,3,2
647,284,3,2
647,285,3,2
647,286,3,2
647,287,3,2
647,288,3,2
647,289,3,2
647,290,3,2
647,291,3,2
647,292,3,2
647,293,3,2
647,294,3,2
647,295,3,2
647,296,3,2
647,297,3,2
647,298,3,2
647,299,3,2
647,300,3,2
647,301,3,2
647,302,3,2
647,303,3,2
647,304,3,2
647,305,3,2
647,306,3,2
647,307,3,2
647,308,3,2
647,309,3,2
647,310,3,2
647,311,3,2
647,312,3,2
647,313,3,2
647,314,3,2
647,315,3,2
647,316,3,2
647,317,3,2
647,318,3,2
647,319,3,2
647,320,3,2
647,321,3,2
647,322,3,2
647,323,3,2
647,324,3,2
647,325,3,2
647,326,3,2
647,327,3,2
647,328,3,2
647,329,3,2
647,330,3,2
647,331,3,2
647,332,3,2
647,333,3,2
647,334,3,2
647,335,3,2
647,336,3,2
647,337,3,2
647,338,3,2
647,339,3,2
647,340,3,2
647,341,3,2
647,342,3,2
647,343,3,2
647,344,3,2
647,345,3,2
647,346,3,2
647,347,3,2
647,348,3,2
647,349,3,2
647,350,3,2
647,351,3,2
647,352,3,2
647,353,3,2
647,354,3,2
647,355,3,2
647,356,3,2
647,357,3,2
647,358,3,2
647,359,3,2
647,360,3,2
647,361,3,2
647,362,3,2
647,363,3,2
647,364,3,2
647,365,3,2
647,366,3,2
647,367,3,2
647,368,3,2
647,369,3,2
647,370,3,2
647,371,3,2
647,372,3,2
647,373,3,2
647,374,3,2
647,375,3,2
647,376,3,2
647,377,3,2
647,378,3,2
647,379,3,2
647,380,3,2
647,381,3,2
647,382,3,2
647,383,3,2
647,384,3,2
647,385,3,2
647,386,3,2
647,387,3,2
647,388,3,2
647,389,3,2
647,390,3,2
647,391,3,2
647,392,3,2
647,393,3,2
647,394,3,2
647,395,3,2
647,396,3,2
647,397,3,2
647,398,3,2
647,399,3,2
647,400,3,2
647,401,3,2
647,402,3,2
647,403,3,2
647,404,3,2
647,405,3,2
647,406,3,2
647,407,3,2
647,408,3,2
647,409,3,2
647,410,3,2
647,411,3,2
647,412,3,2
647,413,3,2
647,414,3,2
647,415,3,2
647,416,3,2
647,417,3,2
647,418,3,2
647,419,3,2
647,420,3,2
647,421,3,2
647,422,3,2
647,423,3,2
647,424,3,2
647,425,3,2
647,426,3,2
647,427,3,2
647,428,3,2
647,429,3,2
647,430,3,2
647,431,3,2
647,432,3,2
647,433,3,2
647,434,3,2
647,435,3,2
647,436,3,2
647,437,3,2
647,438,3,2
647,439,3,2
647,440,3,2
647,441,3,2
647,442,3,2
647,443,3,2
647,444,3,2
647,445,3,2
647,446,3,2
647,447,3,2
647,448,3,2
647,449,3,2
647,450,3,2
647,451,3,2
647,452,3,2
647,453,3,2
647,454,3,2
647,455,3,2
647,456,3,2
647,457,3,2
647,458,3,2
647,459,3,2
647,460,3,2
647,461,3,2
647,462,3,2
647,463,3,2
647,464,3,2
647,465,3,2
647,466,3,2
647,467,3,2
647,468,3,2
647,469,3,2
647,470,3,2
647,471,3,2
647,472,3,2
647,473,3,2
647,474,3,2
647,475,3,2
647,476,3,2
647,477,3,2
647,478,3,2
647,479,3,2
647,480,3,2
647,481,3,2
647,482,3,2
647,483,3,2
647,484,3,2
647,485,3,2
647,486,3,2
647,487,3,2
647,488,3,2
647,489,3,2
647,490,3,2
647,491,3,2
647,492,3,2
647,493,3,2
647,494,3,2
647,495,3,2
647,496,3,2
647,497,3,2
647,498,3,2
647,499,3,2
647,500,3,2
647,501,3,2
647,502,3,2
647,503,3,2
647,504,3,2
647,505,3,2
647,506,3,2
647,507,3,2
647,508,3,2
647,509,3,2
647,510,3,2
647,511,3,2
647,512,3,2
647,513,3,2
647,514,3,2
647,515,3,2
647,516,3,2
647,517,3,2
647,518,3,2
647,519,3,2
647,520,3,2
647,521,3,2
647,522,3,2
647,523,3,2
647,524,3,2
647,525,3,2
647,526,3,2
647,527,3,2
647,528,3,2
647,529,3,2
647,530,3,2
647,531,3,2
647,532,3,2
647,533,3,2
647,534,3,2
647,535,3,2
647,536,3,2
647,537,3,2
648,132,3,2
648,133,3,2
648,134,3,2
648,135,3,2
648,136,3,2
648,137,3,2
648,138,3,2
648,139,3,2
648,140,3,2
648,141,3,2
648,142,3,2
648,143,3,2
648,144,3,2
648,145,3,2
648,146,3,2
648,147,3,2
648,148,3,2
648,149,3,2
648,150,3,3
648,151,3,3
648,152,3,3
648,153,3,3
648,154,3,3
648,155,3,3
648,156,3,3
648,157,3,3
648,158,3,3
648,159,3,3
648,160,3,3
648,161,3,2
648,162,3,2
648,163,3,2
648,164,3,2
648,165,3,2
648,166,3,2
648,167,3,2
648,168,3,2
648,169,3,2
648,170,3,2
648,171,3,2
648,172,3,2
648,173,3,2
648,174,3,2
648,175,3,2
648,176,3,2
648,177,3,2
648,178,3,2
648,179,3,2
648,180,3,2
648,181,3,2
648,182,3,2
648,183,3,2
648,184,3,2
648,185,3,2
648,186,3,2
648,187,3,2
648,188,3,2
648,189,3,2
648,190,3,2
648,191,3,2
648,192,3,2
648,193,3,2
648,194,3,2
648,195,3,2
648,196,3,2
648,197,3,2
648,198,3,2
648,199,3,2
648,200,3,2
648,201,3,2
648,202,3,2
648,203,3,2
648,204,3,2
648,205,3,2
648,206,3,2
648,207,3,2
648,208,3,2
648,209,3,2
648,210,3,2
648,211,3,2
648,212,3,2
648,213,3,2
648,214,3,2
648,215,3,2
648,216,3,2
648,217,3,2
648,218,3,2
648,219,3,2
648,220,3,2
648,221,3,2
648,222,3,2
648,223,3,2
648,224,3,2
648,225,3,2
648,226,3,2
648,227,3,2
648,228,3,2
648,229,3,2
648,230,3,2
648,231,3,2
648,232,3,2
648,233,3,2
648,234,3,2
648,235,3,2
648,236,3,2
648,237,3,2
648,238,3,2
648,239,3,2
648,240,3,2
648,241,3,2
648,242,3,2
648,243,3,2
648,244,3,2
648,245,3,2
648,246,3,2
648,247,3,2
648,248,3,2
648,249,3,2
648,250,3,2
648,251,3,2
648,252,3,2
648,253,3,2
648,254,3,2
648,255,3,2
648,256,3,2
648,257,3,2
648,258,3,2
648,259,3,2
648,260,3,2
648,261,3,2
648,262,3,2
648,263,3,2
648,264,3,2
648,265,3,2
648,266,3,2
648,267,3,2
648,268,3,2
648,269,3,2
648,270,3,2
648,271,3,2
648,272,3,2
648,273,3,2
648,274,3,2
648,275,3,2
648,276,3,2
648,277,3,2
648,278,3,2
648,279,3,2
648,280,3,2
648,281,3,2
648,282,3,2
648,283,3,2
648,284,3,2
648,285,3,2
648,286,3,2
648,287,3,2
648,288,3,2
648,289,3,2
648,290,3,2
648,291,3,2
648,292,3,2
648,293,3,2
648,294,3,2
648,295,3,2
648,296,3,2
648,297,3,2
648,298,3,2
648,299,3,2
648,300,3,2
648,301,3,2
648,302,3,2
648,303,3,2
648,304,3,2
648,305,3,2
648,306,3,2
648,307,3,2
648,308,3,2
648,309,3,2
648,310,3,2
648,311,3,2
648,312,3,2
648,313,3,2
648,314,3,2
648,315,3,2
648,316,3,2
648,317,3,2
648,318,3,2
648,319,3,2
648,320,3,2
648,321,3,2
648,322,3,2
648,323,3,2
648,324,3,2
648,325,3,2
648,326,3,2
648,327,3,2
648,328,3,2
648,329,3,2
648,330,3,2
648,331,3,2
648,332,3,2
648,333,3,2
648,334,3,2
648,335,3,2
648,336,3,2
648,337,3,2
648,338,3,2
648,339,3,2
648,340,3,2
648,341,3,2
648,342,3,2
648,343,3,2
648,344,3,2
648,345,3,2
648,346,3,2
648,347,3,2
648,348,3,2
648,349,3,2
648,350,3,2
648,351,3,2
648,352,3,2
648,353,3,2
648,354,3,2
648,355,3,2
648,356,3,2
648,357,3,2
648,358,3,2
648,359,3,2
648,360,3,2
648,361,3,2
648,362,3,2
648,363,3,2
648,364,3,2
648,365,3,2
648,366,3,2
648,367,3,2
648,368,3,2
648,369,3,2
648,370,3,2
648,371,3,2
648,372,3,2
648,373,3,2
648,374,3,2
648,375,3,2
648,376,3,2
648,377,3,2
648,378,3,2
648,379,3,2
648,380,3,2
648,381,3,2
648,382,3,2
648,383,3,2
648,384,3,2
648,385,3,2
648,386,3,2
648,387,3,2
648,388,3,2
648,389,3,2
648,390,3,2
648,391,3,2
648,392,3,2
648,393,3,2
648,394,3,2
648,395,3,2
648,396,3,2
648,397,3,2
648,398,3,2
648,399,3,2
648,400,3,2
648,401,3,2
648,402,3,2
648,403,3,2
648,404,3,2
648,405,3,2
648,406,3,2
648,407,3,2
648,408,3,2
648,409,3,2
648,410,3,2
648,411,3,2
648,412,3,2
648,413,3,2
648,414,3,2
648,415,3,2
648,416,3,2
648,417,3,2
648,418,3,2
648,419,3,2
648,420,3,2
648,421,3,2
648,422,3,2
648,423,3,2
648,424,3,2
648,425,3,2
648,426,3,2
648,427,3,2
648,428,3,2
648,429,3,2
648,430,3,2
648,431,3,2
648,432,3,2
648,433,3,2
648,434,3,2
648,435,3,2
648,436,3,2
648,437,3,2
648,438,3,2
648,439,3,2
648,440,3,2
648,441,3,2
648,442,3,2
648,443,3,2
648,444,3,2
648,445,3,2
648,446,3,2
648,447,3,2
648,448,3,2
648,449,3,2
648,450,3,2
648,451,3,2
648,452,3,2
648,453,3,2
648,454,3,2
648,455,3,2
648,456,3,2
648,457,3,2
648,458,3,2
648,459,3,2
648,460,3,2
648,461,3,2
648,462,3,2
648,463,3,2
648,464,3,2
648,465,3,2
648,466,3,2
648,467,3,2
648,468,3,2
648,469,3,2
648,470,3,2
648,471,3,2
648,472,3,2
648,473,3,2
648,474,3,2
648,475,3,2
648,476,3,2
648,477,3,2
648,478,3,2
648,479,3,2
648,480,3,2
648,481,3,2
648,482,3,2
648,483,3,2
648,484,3,2
648,485,3,2
648,486,3,2
648,487,3,2
648,488,3,2
648,489,3,2
648,490,3,2
648,491,3,2
648,492,3,2
648,493,3,2
648,494,3,2
648,495,3,2
648,496,3,2
648,497,3,2
648,498,3,2
648,499,3,2
648,500,3,2
648,501,3,2
648,502,3,2
648,503,3,2
648,504,3,2
648,505,3,2
648,506,3,2
648,507,3,2
648,508,3,2
648,509,3,2
648,510,3,2
648,511,3,2
648,512,3,2
648,513,3,2
648,514,3,2
648,515,3,2
648,516,3,2
648,517,3,2
648,518,3,2
648,519,3,2
648,520,3,2
648,521,3,2
648,522,3,2
648,523,3,2
648,524,3,2
648,525,3,2
648,526,3,2
648,527,3,2
648,528,3,2
648,529,3,2
648,530,3,2
648,531,3,2
648,532,3,2
648,533,3,2
648,534,3,2
648,535,3,2
648,536,3,2
648,537,3,2
649,132,3,2
649,133,3,2
649,134,3,2
649,135,3,2
649,136,3,2
649,137,3,2
649,138,3,2
649,139,3,2
649,140,3,2
649,141,3,2
649,142,3,2
649,143,3,2
649,144,3,2
649,145,3,2
649,146,3,2
649,147,3,2
649,148,3,2
649,149,3,2
649,150,3,2
649,151,3,3
649,152,3,3
649,153,3,3
649,154,3,3
649,155,3,3
649,156,3,3
649,157,3,3
649,158,3,3
649,159,3,3
649,160,3,3
649,161,3,3
649,162,3,3
649,163,3,3
649,164,3,2
649,165,3,2
649,166,3,2
649,167,3,2
649,168,3,2
649,169,3,2
649,170,3,2
649,171,3,2
649,172,3,2
649,173,3,2
649,174,3,2
649,175,3,2
649,176,3,2
649,177,3,2
649,178,3,2
649,179,3,2
649,180,3,2
649,181,3,2
649,182,3,2
649,183,3,2
649,184,3,2
649,185,3,2
649,186,3,2
649,187,3,2
649,188,3,2
649,189,3,2
649,190,3,2
649,191,3,2
649,192,3,2
649,193,3,2
649,194,3,2
649,195,3,2
649,196,3,2
649,197,3,2
649,198,3,2
649,199,3,2
649,200,3,2
649,201,3,2
649,202,3,2
649,203,3,2
649,204,3,2
649,205,3,2
649,206,3,2
649,207,3,2
649,208,3,2
649,209,3,2
649,210,3,2
649,211,3,2
649,212,3,2
649,213,3,2
649,214,3,2
649,215,3,2
649,216,3,2
649,217,3,2
649,218,3,2
649,219,3,2
649,220,3,2
649,221,3,2
649,222,3,2
649,223,3,2
649,224,3,2
649,225,3,2
649,226,3,2
649,227,3,2
649,228,3,2
649,229,3,2
649,230,3,2
649,231,3,2
649,232,3,2
649,233,3,2
649,234,3,2
649,235,3,2
649,236,3,2
649,237,3,2
649,238,3,2
649,239,3,2
649,240,3,2
649,241,3,2
649,242,3,2
649,243,3,2
649,244,3,2
649,245,3,2
649,246,3,2
649,247,3,2
649,248,3,2
649,249,3,2
649,250,3,2
649,251,3,2
649,252,3,2
649,253,3,2
649,254,3,2
649,255,3,2
649,256,3,2
649,257,3,2
649,258,3,2
649,259,3,2
649,260,3,2
649,261,3,2
649,262,3,2
649,263,3,2
649,264,3,2
649,265,3,2
649,266,3,2
649,267,3,2
649,268,3,2
649,269,3,2
649,270,3,2
649,271,3,2
649,272,3,2
649,273,3,2
649,274,3,2
649,275,3,2
649,276,3,2
649,277,3,2
649,278,3,2
649,279,3,2
649,280,3,2
649,281,3,2
649,282,3,2
649,283,3,2
649,284,3,2
649,285,3,2
649,286,3,2
649,287,3,2
649,288,3,2
649,289,3,2
649,290,3,2
649,291,3,2
649,292,3,2
649,293,3,2
649,294,3,2
649,295,3,2
649,296,3,2
649,297,3,2
649,298,3,2
649,299,3,2
649,300,3,2
649,301,3,2
649,302,3,2
649,303,3,2
649,304,3,2
649,305,3,2
649,306,3,2
649,307,3,2
649,308,3,2
649,309,3,2
649,310,3,2
649,311,3,2
649,312,3,2
649,313,3,2
649,314,3,2
649,315,3,2
649,316,3,2
649,317,3,2
649,318,3,2
649,319,3,2
649,320,3,2
649,321,3,2
649,322,3,2
649,323,3,2
649,324,3,2
649,325,3,2
649,326,3,2
649,327,3,2
649,328,3,2
649,329,3,2
649,330,3,2
649,331,3,2
649,332,3,2
649,333,3,2
649,334,3,2
649,335,3,2
649,336,3,2
649,337,3,2
649,338,3,2
649,339,3,2
649,340,3,2
649,341,3,2
649,342,3,2
649,343,3,2
649,344,3,2
649,345,3,2
649,346,3,2
649,347,3,2
649,348,3,2
649,349,3,2
649,350,3,2
649,351,3,2
649,352,3,2
649,353,3,2
649,354,3,2
649,355,3,2
649,356,3,2
649,357,3,2
649,358,3,2
649,359,3,2
649,360,3,2
649,361,3,2
649,362,3,2
649,363,3,2
649,364,3,2
649,365,3,2
649,366,3,2
649,367,3,2
649,368,3,2
649,369,3,2
649,370,3,2
649,371,3,2
649,372,3,2
649,373,3,2
649,374,3,2
649,375,3,2
649,376,3,2
649,377,3,2
649,378,3,2
649,379,3,2
649,380,3,2
649,381,3,2
649,382,3,2
649,383,3,2
649,384,3,2
649,385,3,2
649,386,3,2
649,387,3,2
649,388,3,2
649,389,3,2
649,390,3,2
649,391,3,2
649,392,3,2
649,393,3,2
649,394,3,2
649,395,3,2
649,396,3,2
649,397,3,2
649,398,3,2
649,399,3,2
649,400,3,2
649,401,3,2
649,402,3,2
649,403,3,2
649,404,3,2
649,405,3,2
649,406,3,2
649,407,3,2
649,408,3,2
649,409,3,2
649,410,3,2
649,411,3,2
649,412,3,2
649,413,3,2
649,414,3,2
649,415,3,2
649,416,3,2
649,417,3,2
649,418,3,2
649,419,3,2
649,420,3,2
649,421,3,2
649,422,3,2
649,423,3,2
649,424,3,2
649,425,3,2
649,426,3,2
649,427,3,2
649,428,3,2
649,429,3,2
649,430,3,2
649,431,3,2
649,432,3,2
649,433,3,2
649,434,3,2
649,435,3,2
649,436,3,2
649,437,3,2
649,438,3,2
649,439,3,2
649,440,3,2
649,441,3,2
649,442,3,2
649,443,3,2
649,444,3,2
649,445,3,2
649,446,3,2
649,447,3,2
649,448,3,2
649,449,3,2
649,450,3,2
649,451,3,2
649,452,3,2
649,453,3,2
649,454,3,2
649,455,3,2
649,456,3,2
649,457,3,2
649,458,3,2
649,459,3,2
649,460,3,2
649,461,3,2
649,462,3,2
649,463,3,2
649,464,3,2
649,465,3,2
649,466,3,2
649,467,3,2
649,468,3,2
649,469,3,2
649,470,3,2
649,471,3,2
649,472,3,2
649,473,3,2
649,474,3,2
649,475,3,2
649,476,3,2
649,477,3,2
649,478,3,2
649,479,3,2
649,480,3,2
649,481,3,2
649,482,3,2
649,483,3,2
649,484,3,2
649,485,3,2
649,486,3,2
649,487,3,2
649,488,3,2
649,489,3,2
649,490,3,2
649,491,3,2
649,492,3,2
649,493,3,2
649,494,3,2
649,495,3,2
649,496,3,2
649,497,3,2
649,498,3,2
649,499,3,2
649,500,3,2
649,501,3,2
649,502,3,2
649,503,3,2
649,504,3,2
649,505,3,2
649,506,3,2
649,507,3,2
649,508,3,2
649,509,3,2
649,510,3,2
649,511,3,2
649,512,3,2
649,513,3,2
649,514,3,2
649,515,3,2
649,516,3,2
649,517,3,2
649,518,3,2
649,519,3,2
649,520,3,2
649,521,3,2
649,522,3,2
649,523,3,2
649,524,3,2
649,525,3,2
649,526,3,2
649,527,3,2
649,528,3,2
649,529,3,2
649,530,3,2
649,531,3,2
649,532,3,2
649,533,3,2
649,534,3,2
649,535,3,2
649,536,3,2
649,537,3,2
650,132,3,2
650,133,3,2
650,134,3,2
650,135,3,2
650,136,3,2
650,137,3,2
650,138,3,2
650,139,3,2
650,140,3,2
650,141,3,2
650,142,3,2
650,143,3,2
650,144,3,2
650,145,3,2
650,146,3,2
650,147,3,2
650,148,3,2
650,149,3,2
650,150,3,2
650,151,3,2
650,152,3,3
650,153,3,3
650,154,3,3
650,155,3,3
650,156,3,3
650,157,3,3
650,158,3,3
650,159,3,3
650,160,3,3
650,161,3,3
650,162,3,3
650,163,3,3
650,164,3,3
650,165,3,2
650,166,3,2
650,167,3,2
650,168,3,2
650,169,3,2
650,170,3,2
650,171,3,2
650,172,3,2
650,173,3,2
650,174,3,2
650,175,3,2
650,176,3,2
650,177,3,2
650,178,3,2
650,179,3,2
650,180,3,2
650,181,3,2
650,182,3,2
650,183,3,2
650,184,3,2
650,185,3,2
650,186,3,2
650,187,3,2
650,188,3,2
650,189,3,2
650,190,3,2
650,191,3,2
650,192,3,2
650,193,3,2
650,194,3,2
650,195,3,2
650,196,3,2
650,197,3,2
650,198,3,2
650,199,3,2
650,200,3,2
650,201,3,2
650,202,3,2
650,203,3,2
650,204,3,2
650,205,3,2
650,206,3,2
650,207,3,2
650,208,3,2
650,209,3,2
650,210,3,2
650,211,3,2
650,212,3,2
650,213,3,2
650,214,3,2
650,215,3,2
650,216,3,2
650,217,3,2
650,218,3,2
650,219,3,2
650,220,3,2
650,221,3,2
650,222,3,2
650,223,3,2
650,224,3,2
650,225,3,2
650,226,3,2
650,227,3,2
650,228,3,2
650,229,3,2
650,230,3,2
650,231,3,2
650,232,3,2
650,233,3,2
650,234,3,2
650,235,3,2
650,236,3,2
650,237,3,2
650,238,3,2
650,239,3,2
650,240,3,2
650,241,3,2
650,242,3,2
650,243,3,2
650,244,3,2
650,245,3,2
650,246,3,2
650,247,3,2
650,248,3,2
650,249,3,2
650,250,3,2
650,251,3,2
650,252,3,2
650,253,3,2
650,254,3,2
650,255,3,2
650,256,3,2
650,257,3,2
650,258,3,2
650,259,3,2
650,260,3,2
650,261,3,2
650,262,3,2
650,263,3,2
650,264,3,2
650,265,3,2
650,266,3,2
650,267,3,2
650,268,3,2
650,269,3,2
650,270,3,2
650,271,3,2
650,272,3,2
650,273,3,2
650,274,3,2
650,275,3,2
650,276,3,2
650,277,3,2
650,278,3,2
650,279,3,2
650,280,3,2
650,281,3,2
650,282,3,2
650,283,3,2
650,284,3,2
650,285,3,2
650,286,3,2
650,287,3,2
650,288,3,2
650,289,3,2
650,290,3,2
650,291,3,2
650,292,3,2
650,293,3,2
650,294,3,2
650,295,3,2
650,296,3,2
650,297,3,2
650,298,3,2
650,299,3,2
650,300,3,2
650,301,3,2
650,302,3,2
650,303,3,2
650,304,3,2
650,305,3,2
650,306,3,2
650,307,3,2
650,308,3,2
650,309,3,2
650,310,3,2
650,311,3,2
650,312,3,2
650,313,3,2
650,314,3,2
650,315,3,2
650,316,3,2
650,317,3,2
650,318,3,2
650,319,3,2
650,320,3,2
650,321,3,2
650,322,3,2
650,323,3,2
650,324,3,2
650,325,3,2
650,326,3,2
650,327,3,2
650,328,3,2
650,329,3,2
650,330,3,2
650,331,3,2
650,332,3,2
650,333,3,2
650,334,3,2
650,335,3,2
650,336,3,2
650,337,3,2
650,338,3,2
650,339,3,2
650,340,3,2
650,341,3,2
650,342,3,2
650,343,3,2
650,344,3,2
650,345,3,2
650,346,3,2
650,347,3,2
650,348,3,2
650,349,3,2
650,350,3,2
650,351,3,2
650,352,3,2
650,353,3,2
650,354,3,2
650,355,3,2
650,356,3,2
650,357,3,2
650,358,3,2
650,359,3,2
650,360,3,2
650,361,3,2
650,362,3,2
650,363,3,2
650,364,3,2
650,365,3,2
650,366,3,2
650,367,3,2
650,368,3,2
650,369,3,2
650,370,3,2
650,371,3,2
650,372,3,2
650,373,3,2
650,374,3,2
650,375,3,2
650,376,3,2
650,377,3,2
650,378,3,2
650,379,3,2
650,380,3,2
650,381,3,2
650,382,3,2
650,383,3,2
650,384,3,2
650,385,3,2
650,386,3,2
650,387,3,2
650,388,3,2
650,389,3,2
650,390,3,2
650,391,3,2
650,392,3,2
650,393,3,2
650,394,3,2
650,395,3,2
650,396,3,2
650,397,3,2
650,398,3,2
650,399,3,2
650,400,3,2
650,401,3,2
650,402,3,2
650,403,3,2
650,404,3,2
650,405,3,2
650,406,3,2
650,407,3,2
650,408,3,2
650,409,3,2
650,410,3,2
650,411,3,2
650,412,3,2
650,413,3,2
650,414,3,2
650,415,3,2
650,416,3,2
650,417,3,2
650,418,3,2
650,419,3,2
650,420,3,2
650,421,3,2
650,422,3,2
650,423,3,2
650,424,3,2
650,425,3,2
650,426,3,2
650,427,3,2
650,428,3,2
650,429,3,2
650,430,3,2
650,431,3,2
650,432,3,2
650,433,3,2
650,434,3,2
650,435,3,2
650,436,3,2
650,437,3,2
650,438,3,2
650,439,3,2
650,440,3,2
650,441,3,2
650,442,3,2
650,443,3,2
650,444,3,2
650,445,3,2
650,446,3,2
650,447,3,2
650,448,3,2
650,449,3,2
650,450,3,2
650,451,3,2
650,452,3,2
650,453,3,2
650,454,3,2
650,455,3,2
650,456,3,2
650,457,3,2
650,458,3,2
650,459,3,2
650,460,3,2
650,461,3,2
650,462,3,2
650,463,3,2
650,464,3,2
650,465,3,2
650,466,3,2
650,467,3,2
650,468,3,2
650,469,3,2
650,470,3,2
650,471,3,2
650,472,3,2
650,473,3,2
650,474,3,2
650,475,3,2
650,476,3,2
650,477,3,2
650,478,3,2
650,479,3,2
650,480,3,2
650,481,3,2
650,482,3,2
650,483,3,2
650,484,3,2
650,485,3,2
650,486,3,2
650,487,3,2
650,488,3,2
650,489,3,2
650,490,3,2
650,491,3,2
650,492,3,2
650,493,3,2
650,494,3,2
650,495,3,2
650,496,3,2
650,497,3,2
650,498,3,2
650,499,3,2
650,500,3,2
650,501,3,2
650,502,3,2
650,503,3,2
650,504,3,2
650,505,3,2
650,506,3,2
650,507,3,2
650,508,3,2
650,509,3,2
650,510,3,2
650,511,3,2
650,512,3,2
650,513,3,2
650,514,3,2
650,515,3,2
650,516,3,2
650,517,3,2
650,518,3,2
650,519,3,2
650,520,3,2
650,521,3,2
650,522,3,2
650,523,3,2
650,524,3,2
650,525,3,2
650,526,3,2
650,527,3,2
650,528,3,2
650,529,3,2
650,530,3,2
650,531,3,2
650,532,3,2
650,533,3,2
650,534,3,2
650,535,3,2
650,536,3,2
650,537,3,2
651,132,3,2
651,133,3,2
651,134,3,2
651,135,3,2
651,136,3,2
651,137,3,2
651,138,3,2
651,139,3,2
651,140,3,2
651,141,3,2
651,142,3,2
651,143,3,2
651,144,3,2
651,145,3,2
651,146,3,2
651,147,3,2
651,148,3,2
651,149,3,2
651,150,3,2
651,151,3,2
651,152,3,2
651,153,3,2
651,154,3,3
651,155,3,3
651,156,3,3
651,157,3,3
651,158,3,3
651,159,3,3
651,160,3,3
651,161,3,3
651,162,3,3
651,163,3,3
651,164,3,3
651,165,3,3
651,166,3,3
651,167,3,2
651,168,3,2
651,169,3,2
651,170,3,2
651,171,3,2
651,172,3,2
651,173,3,2
651,174,3,2
651,175,3,2
651,176,3,2
651,177,3,2
651,178,3,2
651,179,3,2
651,180,3,2
651,181,3,2
651,182,3,2
651,183,3,2
651,184,3,2
651,185,3,2
651,186,3,2
651,187,3,2
651,188,3,2
651,189,3,2
651,190,3,2
651,191,3,2
651,192,3,2
651,193,3,2
651,194,3,2
651,195,3,2
651,196,3,2
651,197,3,2
651,198,3,2
651,199,3,2
651,200,3,2
651,201,3,2
651,202,3,2
651,203,3,2
651,204,3,2
651,205,3,2
651,206,3,2
651,207,3,2
651,208,3,2
651,209,3,2
651,210,3,2
651,211,3,2
651,212,3,2
651,213,3,2
651,214,3,2
651,215,3,2
651,216,3,2
651,217,3,2
651,218,3,2
651,219,3,2
651,220,3,2
651,221,3,2
651,222,3,2
651,223,3,2
651,224,3,2
651,225,3,2
651,226,3,2
651,227,3,2
651,228,3,2
651,229,3,2
651,230,3,2
651,231,3,2
651,232,3,2
651,233,3,2
651,234,3,2
651,235,3,2
651,236,3,2
651,237,3,2
651,238,3,2
651,239,3,2
651,240,3,2
651,241,3,2
651,242,3,2
651,243,3,2
651,244,3,2
651,245,3,2
651,246,3,2
651,247,3,2
651,248,3,2
651,249,3,2
651,250,3,2
651,251,3,2
651,252,3,2
651,253,3,2
651,254,3,2
651,255,3,2
651,256,3,2
651,257,3,2
651,258,3,2
651,259,3,2
651,260,3,2
651,261,3,2
651,262,3,2
651,263,3,2
651,264,3,2
651,265,3,2
651,266,3,2
651,267,3,2
651,268,3,2
651,269,3,2
651,270,3,2
651,271,3,2
651,272,3,2
651,273,3,2
651,274,3,2
651,275,3,2
651,276,3,2
651,277,3,2
651,278,3,2
651,279,3,2
651,280,3,2
651,281,3,2
651,282,3,2
651,283,3,2
651,284,3,2
651,285,3,2
651,286,3,2
651,287,3,2
651,288,3,2
651,289,3,2
651,290,3,2
651,291,3,2
651,292,3,2
651,293,3,2
651,294,3,2
651,295,3,2
651,296,3,2
651,297,3,2
651,298,3,2
651,299,3,2
651,300,3,2
651,301,3,2
651,302,3,2
651,303,3,2
651,304,3,2
651,305,3,2
651,306,3,2
651,307,3,2
651,308,3,2
651,309,3,2
651,310,3,2
651,311,3,2
651,312,3,2
651,313,3,2
651,314,3,2
651,315,3,2
651,316,3,2
651,317,3,2
651,318,3,2
651,319,3,2
651,320,3,2
651,321,3,2
651,322,3,2
651,323,3,2
651,324,3,2
651,325,3,2
651,326,3,2
651,327,3,2
651,328,3,2
651,329,3,2
651,330,3,2
651,331,3,2
651,332,3,2
651,333,3,2
651,334,3,2
651,335,3,2
651,336,3,2
651,337,3,2
651,338,3,2
651,339,3,2
651,340,3,2
651,341,3,2
651,342,3,2
651,343,3,2
651,344,3,2
651,345,3,2
651,346,3,2
651,347,3,2
651,348,3,2
651,349,3,2
651,350,3,2
651,351,3,2
651,352,3,2
651,353,3,2
651,354,3,2
651,355,3,2
651,356,3,2
651,357,3,2
651,358,3,2
651,359,3,2
651,360,3,2
651,361,3,2
651,362,3,2
651,363,3,2
651,364,3,2
651,365,3,2
651,366,3,2
651,367,3,2
651,368,3,2
651,369,3,2
651,370,3,2
651,371,3,2
651,372,3,2
651,373,3,2
651,374,3,2
651,375,3,2
651,376,3,2
651,377,3,2
651,378,3,2
651,379,3,2
651,380,3,2
651,381,3,2
651,382,3,2
651,383,3,2
651,384,3,2
651,385,3,2
651,386,3,2
651,387,3,2
651,388,3,2
651,389,3,2
651,390,3,2
651,391,3,2
651,392,3,2
651,393,3,2
651,394,3,2
651,395,3,2
651,396,3,2
651,397,3,2
651,398,3,2
651,399,3,2
651,400,3,2
651,401,3,2
651,402,3,2
651,403,3,2
651,404,3,2
651,405,3,2
651,406,3,2
651,407,3,2
651,408,3,2
651,409,3,2
651,410,3,2
651,411,3,2
651,412,3,2
651,413,3,2
651,414,3,2
651,415,3,2
651,416,3,2
651,417,3,2
651,418,3,2
651,419,3,2
651,420,3,2
651,421,3,2
651,422,3,2
651,423,3,2
651,424,3,2
651,425,3,2
651,426,3,2
651,427,3,2
651,428,3,2
651,429,3,2
651,430,3,2
651,431,3,2
651,432,3,2
651,433,3,2
651,434,3,2
651,435,3,2
651,436,3,2
651,437,3,2
651,438,3,2
651,439,3,2
651,440,3,2
651,441,3,2
651,442,3,2
651,443,3,2
651,444,3,2
651,445,3,2
651,446,3,2
651,447,3,2
651,448,3,2
651,449,3,2
651,450,3,2
651,451,3,2
651,452,3,2
651,453,3,2
651,454,3,2
651,455,3,2
651,456,3,2
651,457,3,2
651,458,3,2
651,459,3,2
651,460,3,2
651,461,3,2
651,462,3,2
651,463,3,2
651,464,3,2
651,465,3,2
651,466,3,2
651,467,3,2
651,468,3,2
651,469,3,2
651,470,3,2
651,471,3,2
651,472,3,2
651,473,3,2
651,474,3,2
651,475,3,2
651,476,3,2
651,477,3,2
651,478,3,2
651,479,3,2
651,480,3,2
651,481,3,2
651,482,3,2
651,483,3,2
651,484,3,2
651,485,3,2
651,486,3,2
651,487,3,2
651,488,3,2
651,489,3,2
651,490,3,2
651,491,3,2
651,492,3,2
651,493,3,2
651,494,3,2
651,495,3,2
651,496,3,2
651,497,3,2
651,498,3,2
651,499,3,2
651,500,3,2
651,501,3,2
651,502,3,2
651,503,3,2
651,504,3,2
651,505,3,2
651,506,3,2
651,507,3,2
651,508,3,2
651,509,3,2
651,510,3,2
651,511,3,2
651,512,3,2
651,513,3,2
651,514,3,2
651,515,3,2
651,516,3,2
651,517,3,2
651,518,3,2
651,519,3,2
651,520,3,2
651,521,3,2
651,522,3,2
651,523,3,2
651,524,3,2
651,525,3,2
651,526,3,2
651,527,3,2
651,528,3,2
651,529,3,2
651,530,3,2
651,531,3,2
651,532,3,2
651,533,3,2
651,534,3,2
651,535,3,2
651,536,3,2
651,537,3,2
652,133,3,2
652,134,3,2
652,135,3,2
652,136,3,2
652,137,3,2
652,138,3,2
652,139,3,2
652,140,3,2
652,141,3,2
652,142,3,2
652,143,3,2
652,144,3,2
652,145,3,2
652,146,3,2
652,147,3,2
652,148,3,2
652,149,3,2
652,150,3,2
652,151,3,2
652,152,3,2
652,153,3,2
652,154,3,2
652,155,3,2
652,156,3,3
652,157,3,3
652,158,3,3
652,159,3,3
652,160,3,3
652,161,3,3
652,162,3,3
652,163,3,3
652,164,3,3
652,165,3,3
652,166,3,3
652,167,3,3
652,168,3,2
652,169,3,2
652,170,3,2
652,171,3,2
652,172,3,2
652,173,3,2
652,174,3,2
652,175,3,2
652,176,3,2
652,177,3,2
652,178,3,2
652,179,3,2
652,180,3,2
652,181,3,2
652,182,3,2
652,183,3,2
652,184,3,2
652,185,3,2
652,186,3,2
652,187,3,2
652,188,3,2
652,189,3,2
652,190,3,2
652,191,3,2
652,192,3,2
652,193,3,2
652,194,3,2
652,195,3,2
652,196,3,2
652,197,3,2
652,198,3,2
652,199,3,2
652,200,3,2
652,201,3,2
652,202,3,2
652,203,3,2
652,204,3,2
652,205,3,2
652,206,3,2
652,207,3,2
652,208,3,2
652,209,3,2
652,210,3,2
652,211,3,2
652,212,3,2
652,213,3,2
652,214,3,2
652,215,3,2
652,216,3,2
652,217,3,2
652,218,3,2
652,219,3,2
652,220,3,2
652,221,3,2
652,222,3,2
652,223,3,2
652,224,3,2
652,225,3,2
652,226,3,2
652,227,3,2
652,228,3,2
652,229,3,2
652,230,3,2
652,231,3,2
652,232,3,2
652,233,3,2
652,234,3,2
652,235,3,2
652,236,3,2
652,237,3,2
652,238,3,2
652,239,3,2
652,240,3,2
652,241,3,2
652,242,3,2
652,243,3,2
652,244,3,2
652,245,3,2
652,246,3,2
652,247,3,2
652,248,3,2
652,249,3,2
652,250,3,2
652,251,3,2
652,252,3,2
652,253,3,2
652,254,3,2
652,255,3,2
652,256,3,2
652,257,3,2
652,258,3,2
652,259,3,2
652,260,3,2
652,261,3,2
652,262,3,2
652,263,3,2
652,264,3,2
652,265,3,2
652,266,3,2
652,267,3,2
652,268,3,2
652,269,3,2
652,270,3,2
652,271,3,2
652,272,3,2
652,273,3,2
652,274,3,2
652,275,3,2
652,276,3,2
652,277,3,2
652,278,3,2
652,279,3,2
652,280,3,2
652,281,3,2
652,282,3,2
652,283,3,2
652,284,3,2
652,285,3,2
652,286,3,2
652,287,3,2
652,288,3,2
652,289,3,2
652,290,3,2
652,291,3,2
652,292,3,2
652,293,3,2
652,294,3,2
652,295,3,2
652,296,3,2
652,297,3,2
652,298,3,2
652,299,3,2
652,300,3,2
652,301,3,2
652,302,3,2
652,303,3,2
652,304,3,2
652,305,3,2
652,306,3,2
652,307,3,2
652,308,3,2
652,309,3,2
652,310,3,2
652,311,3,2
652,312,3,2
652,313,3,2
652,314,3,2
652,315,3,2
652,316,3,2
652,317,3,2
652,318,3,2
652,319,3,2
652,320,3,2
652,321,3,2
652,322,3,2
652,323,3,2
652,324,3,2
652,325,3,2
652,326,3,2
652,327,3,2
652,328,3,2
652,329,3,2
652,330,3,2
652,331,3,2
652,332,3,2
652,333,3,2
652,334,3,2
652,335,3,2
652,336,3,2
652,337,3,2
652,338,3,2
652,339,3,2
652,340,3,2
652,341,3,2
652,342,3,2
652,343,3,2
652,344,3,2
652,345,3,2
652,346,3,2
652,347,3,2
652,348,3,2
652,349,3,2
652,350,3,2
652,351,3,2
652,352,3,2
652,353,3,2
652,354,3,2
652,355,3,2
652,356,3,2
652,357,3,2
652,358,3,2
652,359,3,2
652,360,3,2
652,361,3,2
652,362,3,2
652,363,3,2
652,364,3,2
652,365,3,2
652,366,3,2
652,367,3,2
652,368,3,2
652,369,3,2
652,370,3,2
652,371,3,2
652,372,3,2
652,373,3,2
652,374,3,2
652,375,3,2
652,376,3,2
652,377,3,2
652,378,3,2
652,379,3,2
652,380,3,2
652,381,3,2
652,382,3,2
652,383,3,2
652,384,3,2
652,385,3,2
652,386,3,2
652,387,3,2
652,388,3,2
652,389,3,2
652,390,3,2
652,391,3,2
652,392,3,2
652,393,3,2
652,394,3,2
652,395,3,2
652,396,3,2
652,397,3,2
652,398,3,2
652,399,3,2
652,400,3,2
652,401,3,2
652,402,3,2
652,403,3,2
652,404,3,2
652,405,3,2
652,406,3,2
652,407,3,2
652,408,3,2
652,409,3,2
652,410,3,2
652,411,3,2
652,412,3,2
652,413,3,2
652,414,3,2
652,415,3,2
652,416,3,2
652,417,3,2
652,418,3,2
652,419,3,2
652,420,3,2
652,421,3,2
652,422,3,2
652,423,3,2
652,424,3,2
652,425,3,2
652,426,3,2
652,427,3,2
652,428,3,2
652,429,3,2
652,430,3,2
652,431,3,2
652,432,3,2
652,433,3,2
652,434,3,2
652,435,3,2
652,436,3,2
652,437,3,2
652,438,3,2
652,439,3,2
652,440,3,2
652,441,3,2
652,442,3,2
652,443,3,2
652,444,3,2
652,445,3,2
652,446,3,2
652,447,3,2
652,448,3,2
652,449,3,2
652,450,3,2
652,451,3,2
652,452,3,2
652,453,3,2
652,454,3,2
652,455,3,2
652,456,3,2
652,457,3,2
652,458,3,2
652,459,3,2
652,460,3,2
652,461,3,2
652,462,3,2
652,463,3,2
652,464,3,2
652,465,3,2
652,466,3,2
652,467,3,2
652,468,3,2
652,469,3,2
652,470,3,2
652,471,3,2
652,472,3,2
652,473,3,2
652,474,3,2
652,475,3,2
652,476,3,2
652,477,3,2
652,478,3,2
652,479,3,2
652,480,3,2
652,481,3,2
652,482,3,2
652,483,3,2
652,484,3,2
652,485,3,2
652,486,3,2
652,487,3,2
652,488,3,2
652,489,3,2
652,490,3,2
652,491,3,2
652,492,3,2
652,493,3,2
652,494,3,2
652,495,3,2
652,496,3,2
652,497,3,2
652,498,3,2
652,499,3,2
652,500,3,2
652,501,3,2
652,502,3,2
652,503,3,2
652,504,3,2
652,505,3,2
652,506,3,2
652,507,3,2
652,508,3,2
652,509,3,2
652,510,3,2
652,511,3,2
652,512,3,2
652,513,3,2
652,514,3,2
652,515,3,2
652,516,3,2
652,517,3,2
652,518,3,2
652,519,3,2
652,520,3,2
652,521,3,2
652,522,3,2
652,523,3,2
652,524,3,2
652,525,3,2
652,526,3,2
652,527,3,2
652,528,3,2
652,529,3,2
652,530,3,2
652,531,3,2
652,532,3,2
652,533,3,2
652,534,3,2
652,535,3,2
652,536,3,2
653,134,3,2
653,135,3,2
653,136,3,2
653,137,3,2
653,138,3,2
653,139,3,2
653,140,3,2
653,141,3,2
653,142,3,2
653,143,3,2
653,144,3,2
653,145,3,2
653,146,3,2
653,147,3,2
653,148,3,2
653,149,3,2
653,150,3,2
653,151,3,2
653,152,3,2
653,153,3,2
653,154,3,2
653,155,3,2
653,156,3,2
653,157,3,2
653,158,3,3
653,159,3,3
653,160,3,3
653,161,3,3
653,162,3,3
653,163,3,3
653,164,3,3
653,165,3,3
653,166,3,3
653,167,3,3
653,168,3,3
653,169,3,3
653,170,3,2
653,171,3,2
653,172,3,2
653,173,3,2
653,174,3,2
653,175,3,2
653,176,3,2
653,177,3,2
653,178,3,2
653,179,3,2
653,180,3,2
653,181,3,2
653,182,3,2
653,183,3,2
653,184,3,2
653,185,3,2
653,186,3,2
653,187,3,2
653,188,3,2
653,189,3,2
653,190,3,2
653,191,3,2
653,192,3,2
653,193,3,2
653,194,3,2
653,195,3,2
653,196,3,2
653,197,3,2
653,198,3,2
653,199,3,2
653,200,3,2
653,201,3,2
653,202,3,2
653,203,3,2
653,204,3,2
653,205,3,2
653,206,3,2
653,207,3,2
653,208,3,2
653,209,3,2
653,210,3,2
653,211,3,2
653,212,3,2
653,213,3,2
653,214,3,2
653,215,3,2
653,216,3,2
653,217,3,2
653,218,3,2
653,219,3,2
653,220,3,2
653,221,3,2
653,222,3,2
653,223,3,2
653,224,3,2
653,225,3,2
653,226,3,2
653,227,3,2
653,228,3,2
653,229,3,2
653,230,3,2
653,231,3,2
653,232,3,2
653,233,3,2
653,234,3,2
653,235,3,2
653,236,3,2
653,237,3,2
653,238,3,2
653,239,3,2
653,240,3,2
653,241,3,2
653,242,3,2
653,243,3,2
653,244,3,2
653,245,3,2
653,246,3,2
653,247,3,2
653,248,3,2
653,249,3,2
653,250,3,2
653,251,3,2
653,252,3,2
653,253,3,2
653,254,3,2
653,255,3,2
653,256,3,2
653,257,3,2
653,258,3,2
653,259,3,2
653,260,3,2
653,261,3,2
653,262,3,2
653,263,3,2
653,264,3,2
653,265,3,2
653,266,3,2
653,267,3,2
653,268,3,2
653,269,3,2
653,270,3,2
653,271,3,2
653,272,3,2
653,273,3,2
653,274,3,2
653,275,3,2
653,276,3,2
653,277,3,2
653,278,3,2
653,279,3,2
653,280,3,2
653,281,3,2
653,282,3,2
653,283,3,2
653,284,3,2
653,285,3,2
653,286,3,2
653,287,3,2
653,288,3,2
653,289,3,2
653,290,3,2
653,291,3,2
653,292,3,2
653,293,3,2
653,294,3,2
653,295,3,2
653,296,3,2
653,297,3,2
653,298,3,2
653,299,3,2
653,300,3,2
653,301,3,2
653,302,3,2
653,303,3,2
653,304,3,2
653,305,3,2
653,306,3,2
653,307,3,2
653,308,3,2
653,309,3,2
653,310,3,2
653,311,3,2
653,312,3,2
653,313,3,2
653,314,3,2
653,315,3,2
653,316,3,2
653,317,3,2
653,318,3,2
653,319,3,2
653,320,3,2
653,321,3,2
653,322,3,2
653,323,3,2
653,324,3,2
653,325,3,2
653,326,3,2
653,327,3,2
653,328,3,2
653,329,3,2
653,330,3,2
653,331,3,2
653,332,3,2
653,333,3,2
653,334,3,2
653,335,3,2
653,336,3,2
653,337,3,2
653,338,3,2
653,339,3,2
653,340,3,2
653,341,3,2
653,342,3,2
653,343,3,2
653,344,3,2
653,345,3,2
653,346,3,2
653,347,3,2
653,348,3,2
653,349,3,2
653,350,3,2
653,351,3,2
653,352,3,2
653,353,3,2
653,354,3,2
653,355,3,2
653,356,3,2
653,357,3,2
653,358,3,2
653,359,3,2
653,360,3,2
653,361,3,2
653,362,3,2
653,363,3,2
653,364,3,2
653,365,3,2
653,366,3,2
653,367,3,2
653,368,3,2
653,369,3,2
653,370,3,2
653,371,3,2
653,372,3,2
653,373,3,2
653,374,3,2
653,375,3,2
653,376,3,2
653,377,3,2
653,378,3,2
653,379,3,2
653,380,3,2
653,381,3,2
653,382,3,2
653,383,3,2
653,384,3,2
653,385,3,2
653,386,3,2
653,387,3,2
653,388,3,2
653,389,3,2
653,390,3,2
653,391,3,2
653,392,3,2
653,393,3,2
653,394,3,2
653,395,3,2
653,396,3,2
653,397,3,2
653,398,3,2
653,399,3,2
653,400,3,2
653,401,3,2
653,402,3,2
653,403,3,2
653,404,3,2
653,405,3,2
653,406,3,2
653,407,3,2
653,408,3,2
653,409,3,2
653,410,3,2
653,411,3,2
653,412,3,2
653,413,3,2
653,414,3,2
653,415,3,2
653,416,3,2
653,417,3,2
653,418,3,2
653,419,3,2
653,420,3,2
653,421,3,2
653,422,3,2
653,423,3,2
653,424,3,2
653,425,3,2
653,426,3,2
653,427,3,2
653,428,3,2
653,429,3,2
653,430,3,2
653,431,3,2
653,432,3,2
653,433,3,2
653,434,3,2
653,435,3,2
653,436,3,2
653,437,3,2
653,438,3,2
653,439,3,2
653,440,3,2
653,441,3,2
653,442,3,2
653,443,3,2
653,444,3,2
653,445,3,2
653,446,3,2
653,447,3,2
653,448,3,2
653,449,3,2
653,450,3,2
653,451,3,2
653,452,3,2
653,453,3,2
653,454,3,2
653,455,3,2
653,456,3,2
653,457,3,2
653,458,3,2
653,459,3,2
653,460,3,2
653,461,3,2
653,462,3,2
653,463,3,2
653,464,3,2
653,465,3,2
653,466,3,2
653,467,3,2
653,468,3,2
653,469,3,2
653,470,3,2
653,471,3,2
653,472,3,2
653,473,3,2
653,474,3,2
653,475,3,2
653,476,3,2
653,477,3,2
653,478,3,2
653,479,3,2
653,480,3,2
653,481,3,2
653,482,3,2
653,483,3,2
653,484,3,2
653,485,3,2
653,486,3,2
653,487,3,2
653,488,3,2
653,489,3,2
653,490,3,2
653,491,3,2
653,492,3,2
653,493,3,2
653,494,3,2
653,495,3,2
653,496,3,2
653,497,3,2
653,498,3,2
653,499,3,2
653,500,3,2
653,501,3,2
653,502,3,2
653,503,3,2
653,504,3,2
653,505,3,2
653,506,3,2
653,507,3,2
653,508,3,2
653,509,3,2
653,510,3,2
653,511,3,2
653,512,3,2
653,513,3,2
653,514,3,2
653,515,3,2
653,516,3,2
653,517,3,2
653,518,3,2
653,519,3,2
653,520,3,2
653,521,3,2
653,522,3,2
653,523,3,2
653,524,3,2
653,525,3,2
653,526,3,2
653,527,3,2
654,140,3,2
654,141,3,2
654,142,3,2
654,143,3,2
654,144,3,2
654,145,3,2
654,146,3,2
654,147,3,2
654,148,3,2
654,149,3,2
654,150,3,2
654,151,3,2
654,152,3,2
654,153,3,2
654,154,3,2
654,155,3,2
654,156,3,2
654,157,3,2
654,158,3,2
654,159,3,2
654,160,3,3
654,161,3,3
654,162,3,3
654,163,3,3
654,164,3,3
654,165,3,3
654,166,3,3
654,167,3,3
654,168,3,3
654,169,3,3
654,170,3,3
654,171,3,3
654,172,3,2
654,173,3,2
654,174,3,2
654,175,3,2
654,176,3,2
654,177,3,2
654,178,3,2
654,179,3,2
654,180,3,2
654,181,3,2
654,182,3,2
654,183,3,2
654,184,3,2
654,185,3,2
654,186,3,2
654,187,3,2
654,188,3,2
654,189,3,2
654,190,3,2
654,191,3,2
654,192,3,2
654,193,3,2
654,194,3,2
654,195,3,2
654,196,3,2
654,197,3,2
654,198,3,2
654,199,3,2
654,200,3,2
654,201,3,2
654,202,3,2
654,203,3,2
654,204,3,2
654,205,3,2
654,206,3,2
654,207,3,2
654,208,3,2
654,209,3,2
654,210,3,2
654,211,3,2
654,212,3,2
654,213,3,2
654,214,3,2
654,215,3,2
654,216,3,2
654,217,3,2
654,218,3,2
654,219,3,2
654,220,3,2
654,221,3,2
654,222,3,2
654,223,3,2
654,224,3,2
654,225,3,2
654,226,3,2
654,227,3,2
654,228,3,2
654,229,3,2
654,230,3,2
654,231,3,2
654,232,3,2
654,233,3,2
654,234,3,2
654,235,3,2
654,236,3,2
654,237,3,2
654,238,3,2
654,239,3,2
654,240,3,2
654,241,3,2
654,242,3,2
654,243,3,2
654,244,3,2
654,245,3,2
654,246,3,2
654,247,3,2
654,248,3,2
654,249,3,2
654,250,3,2
654,251,3,2
654,252,3,2
654,253,3,2
654,254,3,2
654,255,3,2
654,256,3,2
654,257,3,2
654,258,3,2
654,259,3,2
654,260,3,2
654,261,3,2
654,262,3,2
654,263,3,2
654,264,3,2
654,265,3,2
654,266,3,2
654,267,3,2
654,268,3,2
654,269,3,2
654,270,3,2
654,271,3,2
654,272,3,2
654,273,3,2
654,274,3,2
654,275,3,2
654,276,3,2
654,277,3,2
654,278,3,2
654,279,3,2
654,280,3,2
654,281,3,2
654,282,3,2
654,283,3,2
654,284,3,2
654,285,3,2
654,286,3,2
654,287,3,2
654,288,3,2
654,289,3,2
654,290,3,2
654,291,3,2
654,292,3,2
654,293,3,2
654,294,3,2
654,295,3,2
654,296,3,2
654,297,3,2
654,298,3,2
654,299,3,2
654,300,3,2
654,301,3,2
654,302,3,2
654,303,3,2
654,304,3,2
654,305,3,2
654,306,3,2
654,307,3,2
654,308,3,2
654,309,3,2
654,310,3,2
654,311,3,2
654,312,3,2
654,313,3,2
654,314,3,2
654,315,3,2
654,316,3,2
654,317,3,2
654,318,3,2
654,319,3,2
654,320,3,2
654,321,3,2
654,322,3,2
654,323,3,2
654,324,3,2
654,325,3,2
654,326,3,2
654,327,3,2
654,328,3,2
654,329,3,2
654,330,3,2
654,331,3,2
654,332,3,2
654,333,3,2
654,334,3,2
654,335,3,2
654,336,3,2
654,337,3,2
654,338,3,2
654,339,3,2
654,340,3,2
654,341,3,2
654,342,3,2
654,343,3,2
654,344,3,2
654,345,3,2
654,346,3,2
654,347,3,2
654,348,3,2
654,349,3,2
654,350,3,2
654,351,3,2
654,352,3,2
654,353,3,2
654,354,3,2
654,355,3,2
654,356,3,2
654,357,3,2
654,358,3,2
654,359,3,2
654,360,3,2
654,361,3,2
654,362,3,2
654,363,3,2
654,364,3,2
654,365,3,2
654,366,3,2
654,367,3,2
654,368,3,2
654,369,3,2
654,370,3,2
654,371,3,2
654,372,3,2
654,373,3,2
654,374,3,2
654,375,3,2
654,376,3,2
654,377,3,2
654,378,3,2
654,379,3,2
654,380,3,2
654,381,3,2
654,382,3,2
654,383,3,2
654,384,3,2
654,385,3,2
654,386,3,2
654,387,3,2
654,388,3,2
654,389,3,2
654,390,3,2
654,391,3,2
654,392,3,2
654,393,3,2
654,394,3,2
654,395,3,2
654,396,3,2
654,397,3,2
654,398,3,2
654,399,3,2
654,400,3,2
654,401,3,2
654,402,3,2
654,403,3,2
654,404,3,2
654,405,3,2
654,406,3,2
654,407,3,2
654,408,3,2
654,409,3,2
654,410,3,2
654,411,3,2
654,412,3,2
654,413,3,2
654,414,3,2
654,415,3,2
654,416,3,2
654,417,3,2
654,418,3,2
654,419,3,2
654,420,3,2
654,421,3,2
654,422,3,2
654,423,3,2
654,424,3,2
654,425,3,2
654,426,3,2
654,427,3,2
654,428,3,2
654,429,3,2
654,430,3,2
654,431,3,2
654,432,3,2
654,433,3,2
654,434,3,2
654,435,3,2
654,436,3,2
654,437,3,2
654,438,3,2
654,439,3,2
654,440,3,2
654,441,3,2
654,442,3,2
654,443,3,2
654,444,3,2
654,445,3,2
654,446,3,2
654,447,3,2
654,448,3,2
654,449,3,2
654,450,3,2
654,451,3,2
654,452,3,2
654,453,3,2
654,454,3,2
654,455,3,2
654,456,3,2
654,457,3,2
654,458,3,2
654,459,3,2
654,460,3,2
654,461,3,2
654,462,3,2
654,463,3,2
654,464,3,2
654,465,3,2
654,466,3,2
654,467,3,2
654,468,3,2
654,469,3,2
654,470,3,2
654,471,3,2
654,472,3,2
654,473,3,2
654,474,3,2
654,475,3,2
654,476,3,2
654,477,3,2
654,478,3,2
654,479,3,2
654,480,3,2
654,481,3,2
654,482,3,2
654,483,3,2
654,484,3,2
654,485,3,2
654,486,3,2
654,487,3,2
654,488,3,2
654,489,3,2
654,490,3,2
654,491,3,2
654,492,3,2
654,493,3,2
654,494,3,2
654,495,3,2
654,496,3,2
654,497,3,2
654,498,3,2
654,499,3,2
654,500,3,2
654,501,3,2
654,502,3,2
654,503,3,2
654,504,3,2
654,505,3,2
654,506,3,2
654,507,3,2
654,508,3,2
654,509,3,2
654,510,3,2
654,511,3,2
654,512,3,2
654,513,3,2
654,514,3,2
654,515,3,2
654,516,3,2
654,517,3,2
654,518,3,2
654,519,3,2
654,520,3,2
654,521,3,2
654,522,3,2
654,523,3,2
654,524,3,2
655,141,3,2
655,142,3,2
655,143,3,2
655,144,3,2
655,145,3,2
655,146,3,2
655,147,3,2
655,148,3,2
655,149,3,2
655,150,3,2
655,151,3,2
655,152,3,2
655,153,3,2
655,154,3,2
655,155,3,2
655,156,3,2
655,157,3,2
655,158,3,2
655,159,3,2
655,160,3,2
655,161,3,3
655,162,3,3
655,163,3,3
655,164,3,3
655,165,3,3
655,166,3,3
655,167,3,3
655,168,3,3
655,169,3,3
655,170,3,3
655,171,3,3
655,172,3,3
655,173,3,2
655,174,3,2
655,175,3,2
655,176,3,2
655,177,3,2
655,178,3,2
655,179,3,2
655,180,3,2
655,181,3,2
655,182,3,2
655,183,3,2
655,184,3,2
655,185,3,2
655,186,3,2
655,187,3,2
655,188,3,2
655,189,3,2
655,190,3,2
655,191,3,2
655,192,3,2
655,193,3,2
655,194,3,2
655,195,3,2
655,196,3,2
655,197,3,2
655,198,3,2
655,199,3,2
655,200,3,2
655,201,3,2
655,202,3,2
655,203,3,2
655,204,3,2
655,205,3,2
655,206,3,2
655,207,3,2
655,208,3,2
655,209,3,2
655,210,3,2
655,211,3,2
655,212,3,2
655,213,3,2
655,214,3,2
655,215,3,2
655,216,3,2
655,217,3,2
655,218,3,2
655,219,3,2
655,220,3,2
655,221,3,2
655,222,3,2
655,223,3,2
655,224,3,2
655,225,3,2
655,226,3,2
655,227,3,2
655,228,3,2
655,229,3,2
655,230,3,2
655,231,3,2
655,232,3,2
655,233,3,2
655,234,3,2
655,235,3,2
655,236,3,2
655,237,3,2
655,238,3,2
655,239,3,2
655,240,3,2
655,241,3,2
655,242,3,2
655,243,3,2
655,244,3,2
655,245,3,2
655,246,3,2
655,247,3,2
655,248,3,2
655,249,3,2
655,250,3,2
655,251,3,2
655,252,3,2
655,253,3,2
655,254,3,2
655,255,3,2
655,256,3,2
655,257,3,2
655,258,3,2
655,259,3,2
655,260,3,2
655,261,3,2
655,262,3,2
655,263,3,2
655,264,3,2
655,265,3,2
655,266,3,2
655,267,3,2
655,268,3,2
655,269,3,2
655,270,3,2
655,271,3,2
655,272,3,2
655,273,3,2
655,274,3,2
655,275,3,2
655,276,3,2
655,277,3,2
655,278,3,2
655,279,3,2
655,280,3,2
655,281,3,2
655,282,3,2
655,283,3,2
655,284,3,2
655,285,3,2
655,286,3,2
655,287,3,2
655,288,3,2
655,289,3,2
655,290,3,2
655,291,3,2
655,292,3,2
655,293,3,2
655,294,3,2
655,295,3,2
655,296,3,2
655,297,3,2
655,298,3,2
655,299,3,2
655,300,3,2
655,301,3,2
655,302,3,2
655,303,3,2
655,304,3,2
655,305,3,2
655,306,3,2
655,307,3,2
655,308,3,2
655,309,3,2
655,310,3,2
655,311,3,2
655,312,3,2
655,313,3,2
655,314,3,2
655,315,3,2
655,316,3,2
655,317,3,2
655,318,3,2
655,319,3,2
655,320,3,2
655,321,3,2
655,322,3,2
655,323,3,2
655,324,3,2
655,325,3,2
655,326,3,2
655,327,3,2
655,328,3,2
655,329,3,2
655,330,3,2
655,331,3,2
655,332,3,2
655,333,3,2
655,334,3,2
655,335,3,2
655,336,3,2
655,337,3,2
655,338,3,2
655,339,3,2
655,340,3,2
655,341,3,2
655,342,3,2
655,343,3,2
655,344,3,2
655,345,3,2
655,346,3,2
655,347,3,2
655,348,3,2
655,349,3,2
655,350,3,2
655,351,3,2
655,352,3,2
655,353,3,2
655,354,3,2
655,355,3,2
655,356,3,2
655,357,3,2
655,358,3,2
655,359,3,2
655,360,3,2
655,361,3,2
655,362,3,2
655,363,3,2
655,364,3,2
655,365,3,2
655,366,3,2
655,367,3,2
655,368,3,2
655,369,3,2
655,370,3,2
655,371,3,2
655,372,3,2
655,373,3,2
655,374,3,2
655,375,3,2
655,376,3,2
655,377,3,2
655,378,3,2
655,379,3,2
655,380,3,2
655,381,3,2
655,382,3,2
655,383,3,2
655,384,3,2
655,385,3,2
655,386,3,2
655,387,3,2
655,388,3,2
655,389,3,2
655,390,3,2
655,391,3,2
655,392,3,2
655,393,3,2
655,394,3,2
655,395,3,2
655,396,3,2
655,397,3,2
655,398,3,2
655,399,3,2
655,400,3,2
655,401,3,2
655,402,3,2
655,403,3,2
655,404,3,2
655,405,3,2
655,406,3,2
655,407,3,2
655,408,3,2
655,409,3,2
655,410,3,2
655,411,3,2
655,412,3,2
655,413,3,2
655,414,3,2
655,415,3,2
655,416,3,2
655,417,3,2
655,418,3,2
655,419,3,2
655,420,3,2
655,421,3,2
655,422,3,2
655,423,3,2
655,424,3,2
655,425,3,2
655,426,3,2
655,427,3,2
655,428,3,2
655,429,3,2
655,430,3,2
655,431,3,2
655,432,3,2
655,433,3,2
655,434,3,2
655,435,3,2
655,436,3,2
655,437,3,2
655,438,3,2
655,439,3,2
655,440,3,2
655,441,3,2
655,442,3,2
655,443,3,2
655,444,3,2
655,445,3,2
655,446,3,2
655,447,3,2
655,448,3,2
655,449,3,2
655,450,3,2
655,451,3,2
655,452,3,2
655,453,3,2
655,454,3,2
655,455,3,2
655,456,3,2
655,457,3,2
655,458,3,2
655,459,3,2
655,460,3,2
655,461,3,2
655,462,3,2
655,463,3,2
655,464,3,2
655,465,3,2
655,466,3,2
655,467,3,2
655,468,3,2
655,469,3,2
655,470,3,2
655,471,3,2
655,472,3,2
655,473,3,2
655,474,3,2
655,475,3,2
655,476,3,2
655,477,3,2
655,478,3,2
655,479,3,2
655,480,3,2
655,481,3,2
655,482,3,2
655,483,3,2
655,484,3,2
655,485,3,2
655,486,3,2
655,487,3,2
655,488,3,2
655,489,3,2
655,490,3,2
655,491,3,2
655,492,3,2
655,493,3,2
655,494,3,2
655,495,3,2
655,496,3,2
655,497,3,2
655,498,3,2
655,499,3,2
655,500,3,2
655,501,3,2
655,502,3,2
655,503,3,2
655,504,3,2
655,505,3,2
655,506,3,2
655,507,3,2
655,508,3,2
655,509,3,2
655,510,3,2
655,511,3,2
655,512,3,2
655,513,3,2
655,514,3,2
655,515,3,2
655,516,3,2
655,517,3,2
655,518,3,2
655,519,3,2
655,520,3,2
655,521,3,2
655,523,3,2
656,142,3,2
656,143,3,2
656,144,3,2
656,145,3,2
656,146,3,2
656,147,3,2
656,148,3,2
656,149,3,2
656,150,3,2
656,151,3,2
656,152,3,2
656,153,3,2
656,154,3,2
656,155,3,2
656,156,3,2
656,157,3,2
656,158,3,2
656,159,3,2
656,160,3,2
656,161,3,2
656,162,3,2
656,163,3,3
656,164,3,3
656,165,3,3
656,166,3,3
656,167,3,3
656,168,3,3
656,169,3,3
656,170,3,3
656,171,3,3
656,172,3,3
656,173,3,3
656,174,3,3
656,175,3,3
656,176,3,2
656,177,3,2
656,178,3,2
656,179,3,2
656,180,3,2
656,181,3,2
656,182,3,2
656,183,3,2
656,184,3,2
656,185,3,2
656,186,3,2
656,187,3,2
656,188,3,2
656,189,3,2
656,190,3,2
656,191,3,2
656,192,3,2
656,193,3,2
656,194,3,2
656,195,3,2
656,196,3,2
656,197,3,2
656,198,3,2
656,199,3,2
656,200,3,2
656,201,3,2
656,202,3,2
656,203,3,2
656,204,3,2
656,205,3,2
656,206,3,2
656,207,3,2
656,208,3,2
656,209,3,2
656,210,3,2
656,211,3,2
656,212,3,2
656,213,3,2
656,214,3,2
656,215,3,2
656,216,3,2
656,217,3,2
656,218,3,2
656,219,3,2
656,220,3,2
656,221,3,2
656,222,3,2
656,223,3,2
656,224,3,2
656,225,3,2
656,226,3,2
656,227,3,2
656,228,3,2
656,229,3,2
656,230,3,2
656,231,3,2
656,232,3,2
656,233,3,2
656,234,3,2
656,235,3,2
656,236,3,2
656,237,3,2
656,238,3,2
656,239,3,2
656,240,3,2
656,241,3,2
656,242,3,2
656,243,3,2
656,244,3,2
656,245,3,2
656,246,3,2
656,247,3,2
656,248,3,2
656,249,3,2
656,250,3,2
656,251,3,2
656,252,3,2
656,253,3,2
656,254,3,2
656,255,3,2
656,256,3,2
656,257,3,2
656,258,3,2
656,259,3,2
656,260,3,2
656,261,3,2
656,262,3,2
656,263,3,2
656,264,3,2
656,265,3,2
656,266,3,2
656,267,3,2
656,268,3,2
656,269,3,2
656,270,3,2
656,271,3,2
656,272,3,2
656,273,3,2
656,274,3,2
656,275,3,2
656,276,3,2
656,277,3,2
656,278,3,2
656,279,3,2
656,280,3,2
656,281,3,2
656,282,3,2
656,283,3,2
656,284,3,2
656,285,3,2
656,286,3,2
656,287,3,2
656,288,3,2
656,289,3,2
656,290,3,2
656,291,3,2
656,292,3,2
656,293,3,2
656,294,3,2
656,295,3,2
656,296,3,2
656,297,3,2
656,298,3,2
656,299,3,2
656,300,3,2
656,301,3,2
656,302,3,2
656,303,3,2
656,304,3,2
656,305,3,2
656,306,3,2
656,307,3,2
656,308,3,2
656,309,3,2
656,310,3,2
656,311,3,2
656,312,3,2
656,313,3,2
656,314,3,2
656,315,3,2
656,316,3,2
656,317,3,2
656,318,3,2
656,319,3,2
656,320,3,2
656,321,3,2
656,322,3,2
656,323,3,2
656,324,3,2
656,325,3,2
656,326,3,2
656,327,3,2
656,328,3,2
656,329,3,2
656,330,3,2
656,331,3,2
656,332,3,2
656,333,3,2
656,334,3,2
656,335,3,2
656,336,3,2
656,337,3,2
656,338,3,2
656,339,3,2
656,340,3,2
656,341,3,2
656,342,3,2
656,343,3,2
656,344,3,2
656,345,3,2
656,346,3,2
656,347,3,2
656,348,3,2
656,349,3,2
656,350,3,2
656,351,3,2
656,352,3,2
656,353,3,2
656,354,3,2
656,355,3,2
656,356,3,2
656,357,3,2
656,358,3,2
656,359,3,2
656,360,3,2
656,361,3,2
656,362,3,2
656,363,3,2
656,364,3,2
656,365,3,2
656,366,3,2
656,367,3,2
656,368,3,2
656,369,3,2
656,370,3,2
656,371,3,2
656,372,3,2
656,373,3,2
656,374,3,2
656,375,3,2
656,376,3,2
656,377,3,2
656,378,3,2
656,379,3,2
656,380,3,2
656,381,3,2
656,382,3,2
656,383,3,2
656,384,3,2
656,385,3,2
656,386,3,2
656,387,3,2
656,388,3,2
656,389,3,2
656,390,3,2
656,391,3,2
656,392,3,2
656,393,3,2
656,394,3,2
656,395,3,2
656,396,3,2
656,397,3,2
656,398,3,2
656,399,3,2
656,400,3,2
656,401,3,2
656,402,3,2
656,403,3,2
656,404,3,2
656,405,3,2
656,406,3,2
656,407,3,2
656,408,3,2
656,409,3,2
656,410,3,2
656,411,3,2
656,412,3,2
656,413,3,2
656,414,3,2
656,415,3,2
656,416,3,2
656,417,3,2
656,418,3,2
656,419,3,2
656,420,3,2
656,421,3,2
656,422,3,2
656,423,3,2
656,424,3,2
656,425,3,2
656,426,3,2
656,427,3,2
656,428,3,2
656,429,3,2
656,430,3,2
656,431,3,2
656,432,3,2
656,433,3,2
656,434,3,2
656,435,3,2
656,436,3,2
656,437,3,2
656,438,3,2
656,439,3,2
656,440,3,2
656,441,3,2
656,442,3,2
656,443,3,2
656,444,3,2
656,445,3,2
656,446,3,2
656,447,3,2
656,448,3,2
656,449,3,2
656,450,3,2
656,451,3,2
656,452,3,2
656,453,3,2
656,454,3,2
656,455,3,2
656,456,3,2
656,457,3,2
656,458,3,2
656,459,3,2
656,460,3,2
656,461,3,2
656,462,3,2
656,463,3,2
656,464,3,2
656,465,3,2
656,466,3,2
656,467,3,2
656,468,3,2
656,469,3,2
656,470,3,2
656,471,3,2
656,472,3,2
656,473,3,2
656,474,3,2
656,475,3,2
656,476,3,2
656,477,3,2
656,478,3,2
656,479,3,2
656,480,3,2
656,481,3,2
656,482,3,2
656,483,3,2
656,484,3,2
656,485,3,2
656,486,3,2
656,487,3,2
656,488,3,2
656,489,3,2
656,490,3,2
656,491,3,2
656,492,3,2
656,493,3,2
656,494,3,2
656,495,3,2
656,496,3,2
656,497,3,2
656,498,3,2
656,499,3,2
656,500,3,2
656,501,3,2
656,502,3,2
656,503,3,2
656,504,3,2
656,505,3,2
656,506,3,2
656,507,3,2
656,508,3,2
656,509,3,2
656,510,3,2
656,511,3,2
656,512,3,2
656,513,3,2
656,514,3,2
656,515,3,2
656,516,3,2
656,517,3,2
656,518,3,2
656,519,3,2
656,520,3,2
656,522,3,2
657,144,3,2
657,145,3,2
657,146,3,2
657,147,3,2
657,148,3,2
657,149,3,2
657,150,3,2
657,151,3,2
657,152,3,2
657,153,3,2
657,154,3,2
657,155,3,2
657,156,3,2
657,157,3,2
657,158,3,2
657,159,3,2
657,160,3,2
657,161,3,2
657,162,3,2
657,163,3,2
657,164,3,2
657,165,3,2
657,166,3,2
657,167,3,3
657,168,3,3
657,169,3,3
657,170,3,3
657,171,3,3
657,172,3,3
657,173,3,3
657,174,3,3
657,175,3,3
657,176,3,3
657,177,3,3
657,178,3,2
657,179,3,2
657,180,3,2
657,181,3,2
657,182,3,2
657,183,3,2
657,184,3,2
657,185,3,2
657,186,3,2
657,187,3,2
657,188,3,2
657,189,3,2
657,190,3,2
657,191,3,2
657,192,3,2
657,193,3,2
657,194,3,2
657,195,3,2
657,196,3,2
657,197,3,2
657,198,3,2
657,199,3,2
657,200,3,2
657,201,3,2
657,202,3,2
657,203,3,2
657,204,3,2
657,205,3,2
657,206,3,2
657,207,3,2
657,208,3,2
657,209,3,2
657,210,3,2
657,211,3,2
657,212,3,2
657,213,3,2
657,214,3,2
657,215,3,2
657,216,3,2
657,217,3,2
657,218,3,2
657,219,3,2
657,220,3,2
657,221,3,2
657,222,3,2
657,223,3,2
657,224,3,2
657,225,3,2
657,226,3,2
657,227,3,2
657,228,3,2
657,229,3,2
657,230,3,2
657,231,3,2
657,232,3,2
657,233,3,2
657,234,3,2
657,235,3,2
657,236,3,2
657,237,3,2
657,238,3,2
657,239,3,2
657,240,3,2
657,241,3,2
657,242,3,2
657,243,3,2
657,244,3,2
657,245,3,2
657,246,3,2
657,247,3,2
657,248,3,2
657,249,3,2
657,250,3,2
657,251,3,2
657,252,3,2
657,253,3,2
657,254,3,2
657,255,3,2
657,256,3,2
657,257,3,2
657,258,3,2
657,259,3,2
657,260,3,2
657,261,3,2
657,262,3,2
657,263,3,2
657,264,3,2
657,265,3,2
657,266,3,2
657,267,3,2
657,268,3,2
657,269,3,2
657,270,3,2
657,271,3,2
657,272,3,2
657,273,3,2
657,274,3,2
657,275,3,2
657,276,3,2
657,277,3,2
657,278,3,2
657,279,3,2
657,280,3,2
657,281,3,2
657,282,3,2
657,283,3,2
657,284,3,2
657,285,3,2
657,286,3,2
657,287,3,2
657,288,3,2
657,289,3,2
657,290,3,2
657,291,3,2
657,292,3,2
657,293,3,2
657,294,3,2
657,295,3,2
657,296,3,2
657,297,3,2
657,298,3,2
657,299,3,2
657,300,3,2
657,301,3,2
657,302,3,2
657,303,3,2
657,304,3,2
657,305,3,2
657,306,3,2
657,307,3,2
657,308,3,2
657,309,3,2
657,310,3,2
657,311,3,2
657,312,3,2
657,313,3,2
657,314,3,2
657,315,3,2
657,316,3,2
657,317,3,2
657,318,3,2
657,319,3,2
657,320,3,2
657,321,3,2
657,322,3,2
657,323,3,2
657,324,3,2
657,325,3,2
657,326,3,2
657,327,3,2
657,328,3,2
657,329,3,2
657,330,3,2
657,331,3,2
657,332,3,2
657,333,3,2
657,334,3,2
657,335,3,2
657,336,3,2
657,337,3,2
657,338,3,2
657,339,3,2
657,340,3,2
657,341,3,2
657,342,3,2
657,343,3,2
657,344,3,2
657,345,3,2
657,346,3,2
657,347,3,2
657,348,3,2
657,349,3,2
657,350,3,2
657,351,3,2
657,352,3,2
657,353,3,2
657,354,3,2
657,355,3,2
657,356,3,2
657,357,3,2
657,358,3,2
657,359,3,2
657,360,3,2
657,361,3,2
657,362,3,2
657,363,3,2
657,364,3,2
657,365,3,2
657,366,3,2
657,367,3,2
657,368,3,2
657,369,3,2
657,370,3,2
657,371,3,2
657,372,3,2
657,373,3,2
657,374,3,2
657,375,3,2
657,376,3,2
657,377,3,2
657,378,3,2
657,379,3,2
657,380,3,2
657,381,3,2
657,382,3,2
657,383,3,2
657,384,3,2
657,385,3,2
657,386,3,2
657,387,3,2
657,388,3,2
657,389,3,2
657,390,3,2
657,391,3,2
657,392,3,2
657,393,3,2
657,394,3,2
657,395,3,2
657,396,3,2
657,397,3,2
657,398,3,2
657,399,3,2
657,400,3,2
657,401,3,2
657,402,3,2
657,403,3,2
657,404,3,2
657,405,3,2
657,406,3,2
657,407,3,2
657,408,3,2
657,409,3,2
657,410,3,2
657,411,3,2
657,412,3,2
657,413,3,2
657,414,3,2
657,415,3,2
657,416,3,2
657,417,3,2
657,418,3,2
657,419,3,2
657,420,3,2
657,421,3,2
657,422,3,2
657,423,3,2
657,424,3,2
657,425,3,2
657,426,3,2
657,427,3,2
657,428,3,2
657,429,3,2
657,430,3,2
657,431,3,2
657,432,3,2
657,433,3,2
657,434,3,2
657,435,3,2
657,436,3,2
657,437,3,2
657,438,3,2
657,439,3,2
657,440,3,2
657,441,3,2
657,442,3,2
657,443,3,2
657,444,3,2
657,445,3,2
657,446,3,2
657,447,3,2
657,448,3,2
657,449,3,2
657,450,3,2
657,451,3,2
657,452,3,2
657,453,3,2
657,454,3,2
657,455,3,2
657,456,3,2
657,457,3,2
657,458,3,2
657,459,3,2
657,460,3,2
657,461,3,2
657,462,3,2
657,463,3,2
657,464,3,2
657,465,3,2
657,466,3,2
657,467,3,2
657,468,3,2
657,469,3,2
657,470,3,2
657,471,3,2
657,472,3,2
657,473,3,2
657,474,3,2
657,475,3,2
657,476,3,2
657,477,3,2
657,478,3,2
657,479,3,2
657,480,3,2
657,481,3,2
657,482,3,2
657,483,3,2
657,484,3,2
657,485,3,2
657,486,3,2
657,487,3,2
657,488,3,2
657,489,3,2
657,490,3,2
657,491,3,2
657,492,3,2
657,493,3,2
657,494,3,2
657,495,3,2
657,496,3,2
657,497,3,2
657,498,3,2
657,499,3,2
657,500,3,2
657,501,3,2
657,502,3,2
657,503,3,2
657,504,3,2
657,505,3,2
657,506,3,2
657,507,3,2
657,508,3,2
657,509,3,2
657,510,3,2
657,511,3,2
657,512,3,2
657,513,3,2
657,514,3,2
657,515,3,2
657,516,3,2
657,517,3,2
657,518,3,2
657,520,3,2
658,145,3,2
658,146,3,2
658,147,3,2
658,148,3,2
658,149,3,2
658,150,3,2
658,151,3,2
658,152,3,2
658,153,3,2
658,154,3,2
658,155,3,2
658,156,3,2
658,157,3,2
658,158,3,2
658,159,3,2
658,160,3,2
658,161,3,2
658,162,3,2
658,163,3,2
658,164,3,2
658,165,3,2
658,166,3,2
658,167,3,2
658,168,3,3
658,169,3,3
658,170,3,3
658,171,3,3
658,172,3,3
658,173,3,3
658,174,3,3
658,175,3,3
658,176,3,3
658,177,3,3
658,178,3,3
658,179,3,2
658,180,3,2
658,181,3,2
658,182,3,2
658,183,3,2
658,184,3,2
658,185,3,2
658,186,3,2
658,187,3,2
658,188,3,2
658,189,3,2
658,190,3,2
658,191,3,2
658,192,3,2
658,193,3,2
658,194,3,2
658,195,3,2
658,196,3,2
658,197,3,2
658,198,3,2
658,199,3,2
658,200,3,2
658,201,3,2
658,202,3,2
658,203,3,2
658,204,3,2
658,205,3,2
658,206,3,2
658,207,3,2
658,208,3,2
658,209,3,2
658,210,3,2
658,211,3,2
658,212,3,2
658,213,3,2
658,214,3,2
658,215,3,2
658,216,3,2
658,217,3,2
658,218,3,2
658,219,3,2
658,220,3,2
658,221,3,2
658,222,3,2
658,223,3,2
658,224,3,2
658,225,3,2
658,226,3,2
658,227,3,2
658,228,3,2
658,229,3,2
658,230,3,2
658,231,3,2
658,232,3,2
658,233,3,2
658,234,3,2
658,235,3,2
658,236,3,2
658,237,3,2
658,238,3,2
658,239,3,2
658,240,3,2
658,241,3,2
658,242,3,2
658,243,3,2
658,244,3,2
658,245,3,2
658,246,3,2
658,247,3,2
658,248,3,2
658,249,3,2
658,250,3,2
658,251,3,2
658,252,3,2
658,253,3,2
658,254,3,2
658,255,3,2
658,256,3,2
658,257,3,2
658,258,3,2
658,259,3,2
658,260,3,2
658,261,3,2
658,262,3,2
658,263,3,2
658,264,3,2
658,265,3,2
658,266,3,2
658,267,3,2
658,268,3,2
658,269,3,2
658,270,3,2
658,271,3,2
658,272,3,2
658,273,3,2
658,274,3,2
658,275,3,2
658,276,3,2
658,277,3,2
658,278,3,2
658,279,3,2
658,280,3,2
658,281,3,2
658,282,3,2
658,283,3,2
658,284,3,2
658,285,3,2
658,286,3,2
658,287,3,2
658,288,3,2
658,289,3,2
658,290,3,2
658,291,3,2
658,292,3,2
658,293,3,2
658,294,3,2
658,295,3,2
658,296,3,2
658,297,3,2
658,298,3,2
658,299,3,2
658,300,3,2
658,301,3,2
658,302,3,2
658,303,3,2
658,304,3,2
658,305,3,2
658,306,3,2
658,307,3,2
658,308,3,2
658,309,3,2
658,310,3,2
658,311,3,2
658,312,3,2
658,313,3,2
658,314,3,2
658,315,3,2
658,316,3,2
658,317,3,2
658,318,3,2
658,319,3,2
658,320,3,2
658,321,3,2
658,322,3,2
658,323,3,2
658,324,3,2
658,325,3,2
658,326,3,2
658,327,3,2
658,328,3,2
658,329,3,2
658,330,3,2
658,331,3,2
658,332,3,2
658,333,3,2
658,334,3,2
658,335,3,2
658,336,3,2
658,337,3,2
658,338,3,2
658,339,3,2
658,340,3,2
658,341,3,2
658,342,3,2
658,343,3,2
658,344,3,2
658,345,3,2
658,346,3,2
658,347,3,2
658,348,3,2
658,349,3,2
658,350,3,2
658,351,3,2
658,352,3,2
658,353,3,2
658,354,3,2
658,355,3,2
658,356,3,2
658,357,3,2
658,358,3,2
658,359,3,2
658,360,3,2
658,361,3,2
658,362,3,2
658,363,3,2
658,364,3,2
658,365,3,2
658,366,3,2
658,367,3,2
658,368,3,2
658,369,3,2
658,370,3,2
658,371,3,2
658,372,3,2
658,373,3,2
658,374,3,2
658,375,3,2
658,376,3,2
658,377,3,2
658,378,3,2
658,379,3,2
658,380,3,2
658,381,3,2
658,382,3,2
658,383,3,2
658,384,3,2
658,385,3,2
658,386,3,2
658,387,3,2
658,388,3,2
658,389,3,2
658,390,3,2
658,391,3,2
658,392,3,2
658,393,3,2
658,394,3,2
658,395,3,2
658,396,3,2
658,397,3,2
658,398,3,2
658,399,3,2
658,400,3,2
658,401,3,2
658,402,3,2
658,403,3,2
658,404,3,2
658,405,3,2
658,406,3,2
658,407,3,2
658,408,3,2
658,409,3,2
658,410,3,2
658,411,3,2
658,412,3,2
658,413,3,2
658,414,3,2
658,415,3,2
658,416,3,2
658,417,3,2
658,418,3,2
658,419,3,2
658,420,3,2
658,421,3,2
658,422,3,2
658,423,3,2
658,424,3,2
658,425,3,2
658,426,3,2
658,427,3,2
658,428,3,2
658,429,3,2
658,430,3,2
658,431,3,2
658,432,3,2
658,433,3,2
658,434,3,2
658,435,3,2
658,436,3,2
658,437,3,2
658,438,3,2
658,439,3,2
658,440,3,2
658,441,3,2
658,442,3,2
658,443,3,2
658,444,3,2
658,445,3,2
658,446,3,2
658,447,3,2
658,448,3,2
658,449,3,2
658,450,3,2
658,451,3,2
658,452,3,2
658,453,3,2
658,454,3,2
658,455,3,2
658,456,3,2
658,457,3,2
658,458,3,2
658,459,3,2
658,460,3,2
658,461,3,2
658,462,3,2
658,463,3,2
658,464,3,2
658,465,3,2
658,466,3,2
658,467,3,2
658,468,3,2
658,469,3,2
658,470,3,2
658,471,3,2
658,472,3,2
658,473,3,2
658,474,3,2
658,475,3,2
658,476,3,2
658,477,3,2
658,478,3,2
658,479,3,2
658,480,3,2
658,481,3,2
658,482,3,2
658,483,3,2
658,484,3,2
658,485,3,2
658,486,3,2
658,487,3,2
658,488,3,2
658,489,3,2
658,490,3,2
658,491,3,2
658,492,3,2
658,493,3,2
658,494,3,2
658,495,3,2
658,496,3,2
658,497,3,2
658,498,3,2
658,499,3,2
658,500,3,2
658,501,3,2
658,502,3,2
658,503,3,2
658,504,3,2
658,505,3,2
658,506,3,2
658,507,3,2
658,508,3,2
658,509,3,2
658,510,3,2
658,511,3,2
658,512,3,2
658,513,3,2
658,514,3,2
658,515,3,2
658,516,3,2
658,517,3,2
658,518,3,2
658,519,3,2
658,520,3,2
659,145,3,2
659,146,3,2
659,147,3,2
659,148,3,2
659,149,3,2
659,150,3,2
659,151,3,2
659,152,3,2
659,153,3,2
659,154,3,2
659,155,3,2
659,156,3,2
659,157,3,2
659,158,3,2
659,159,3,2
659,160,3,2
659,161,3,2
659,162,3,2
659,163,3,2
659,164,3,2
659,165,3,2
659,166,3,2
659,167,3,2
659,168,3,2
659,169,3,3
659,170,3,3
659,171,3,3
659,172,3,3
659,173,3,3
659,174,3,3
659,175,3,3
659,176,3,3
659,177,3,3
659,178,3,3
659,179,3,3
659,180,3,2
659,181,3,2
659,182,3,2
659,183,3,2
659,184,3,2
659,185,3,2
659,186,3,2
659,187,3,2
659,188,3,2
659,189,3,2
659,190,3,2
659,191,3,2
659,192,3,2
659,193,3,2
659,194,3,2
659,195,3,2
659,196,3,2
659,197,3,2
659,198,3,2
659,199,3,2
659,200,3,2
659,201,3,2
659,202,3,2
659,203,3,2
659,204,3,2
659,205,3,2
659,206,3,2
659,207,3,2
659,208,3,2
659,209,3,2
659,210,3,2
659,211,3,2
659,212,3,2
659,213,3,2
659,214,3,2
659,215,3,2
659,216,3,2
659,217,3,2
659,218,3,2
659,219,3,2
659,220,3,2
659,221,3,2
659,222,3,2
659,223,3,2
659,224,3,2
659,225,3,2
659,226,3,2
659,227,3,2
659,228,3,2
659,229,3,2
659,230,3,2
659,231,3,2
659,232,3,2
659,233,3,2
659,234,3,2
659,235,3,2
659,236,3,2
659,237,3,2
659,238,3,2
659,239,3,2
659,240,3,2
659,241,3,2
659,242,3,2
659,243,3,2
659,244,3,2
659,245,3,2
659,246,3,2
659,247,3,2
659,248,3,2
659,249,3,2
659,250,3,2
659,251,3,2
659,252,3,2
659,253,3,2
659,254,3,2
659,255,3,2
659,256,3,2
659,257,3,2
659,258,3,2
659,259,3,2
659,260,3,2
659,261,3,2
659,262,3,2
659,263,3,2
659,264,3,2
659,265,3,2
659,266,3,2
659,267,3,2
659,268,3,2
659,269,3,2
659,270,3,2
659,271,3,2
659,272,3,2
659,273,3,2
659,274,3,2
659,275,3,2
659,276,3,2
659,277,3,2
659,278,3,2
659,279,3,2
659,280,3,2
659,281,3,2
659,282,3,2
659,283,3,2
659,284,3,2
659,285,3,2
659,286,3,2
659,287,3,2
659,288,3,2
659,289,3,2
659,290,3,2
659,291,3,2
659,292,3,2
659,293,3,2
659,294,3,2
659,295,3,2
659,296,3,2
659,297,3,2
659,298,3,2
659,299,3,2
659,300,3,2
659,301,3,2
659,302,3,2
659,303,3,2
659,304,3,2
659,305,3,2
659,306,3,2
659,307,3,2
659,308,3,2
659,309,3,2
659,310,3,2
659,311,3,2
659,312,3,2
659,313,3,2
659,314,3,2
659,315,3,2
659,316,3,2
659,317,3,2
659,318,3,2
659,319,3,2
659,320,3,2
659,321,3,2
659,322,3,2
659,323,3,2
659,324,3,2
659,325,3,2
659,326,3,2
659,327,3,2
659,328,3,2
659,329,3,2
659,330,3,2
659,331,3,2
659,332,3,2
659,333,3,2
659,334,3,2
659,335,3,2
659,336,3,2
659,337,3,2
659,338,3,2
659,339,3,2
659,340,3,2
659,341,3,2
659,342,3,2
659,343,3,2
659,344,3,2
659,345,3,2
659,346,3,2
659,347,3,2
659,348,3,2
659,349,3,2
659,350,3,2
659,351,3,2
659,352,3,2
659,353,3,2
659,354,3,2
659,355,3,2
659,356,3,2
659,357,3,2
659,358,3,2
659,359,3,2
659,360,3,2
659,361,3,2
659,362,3,2
659,363,3,2
659,364,3,2
659,365,3,2
659,366,3,2
659,367,3,2
659,368,3,2
659,369,3,2
659,370,3,2
659,371,3,2
659,372,3,2
659,373,3,2
659,374,3,2
659,375,3,2
659,376,3,2
659,377,3,2
659,378,3,2
659,379,3,2
659,380,3,2
659,381,3,2
659,382,3,2
659,383,3,2
659,384,3,2
659,385,3,2
659,386,3,2
659,387,3,2
659,388,3,2
659,389,3,2
659,390,3,2
659,391,3,2
659,392,3,2
659,393,3,2
659,394,3,2
659,395,3,2
659,396,3,2
659,397,3,2
659,398,3,2
659,399,3,2
659,400,3,2
659,401,3,2
659,402,3,2
659,403,3,2
659,404,3,2
659,405,3,2
659,406,3,2
659,407,3,2
659,408,3,2
659,409,3,2
659,410,3,2
659,411,3,2
659,412,3,2
659,413,3,2
659,414,3,2
659,415,3,2
659,416,3,2
659,417,3,2
659,418,3,2
659,419,3,2
659,420,3,2
659,421,3,2
659,422,3,2
659,423,3,2
659,424,3,2
659,425,3,2
659,426,3,2
659,427,3,2
659,428,3,2
659,429,3,2
659,430,3,2
659,431,3,2
659,432,3,2
659,433,3,2
659,434,3,2
659,435,3,2
659,436,3,2
659,437,3,2
659,438,3,2
659,439,3,2
659,440,3,2
659,441,3,2
659,442,3,2
659,443,3,2
659,444,3,2
659,445,3,2
659,446,3,2
659,447,3,2
659,448,3,2
659,449,3,2
659,450,3,2
659,451,3,2
659,452,3,2
659,453,3,2
659,454,3,2
659,455,3,2
659,456,3,2
659,457,3,2
659,458,3,2
659,459,3,2
659,460,3,2
659,461,3,2
659,462,3,2
659,463,3,2
659,464,3,2
659,465,3,2
659,466,3,2
659,467,3,2
659,468,3,2
659,469,3,2
659,470,3,2
659,471,3,2
659,472,3,2
659,473,3,2
659,474,3,2
659,475,3,2
659,476,3,2
659,477,3,2
659,478,3,2
659,479,3,2
659,480,3,2
659,481,3,2
659,482,3,2
659,483,3,2
659,484,3,2
659,485,3,2
659,486,3,2
659,487,3,2
659,488,3,2
659,489,3,2
659,490,3,2
659,491,3,2
659,492,3,2
659,493,3,2
659,494,3,2
659,495,3,2
659,496,3,2
659,497,3,2
659,498,3,2
659,499,3,2
659,500,3,2
659,501,3,2
659,502,3,2
659,503,3,2
659,504,3,2
659,505,3,2
659,506,3,2
659,507,3,2
659,508,3,2
659,509,3,2
659,510,3,2
659,511,3,2
659,512,3,2
659,513,3,2
659,514,3,2
659,515,3,2
659,516,3,2
659,518,3,2
660,145,3,2
660,146,3,2
660,147,3,2
660,148,3,2
660,149,3,2
660,150,3,2
660,151,3,2
660,152,3,2
660,153,3,2
660,154,3,2
660,155,3,2
660,156,3,2
660,157,3,2
660,158,3,2
660,159,3,2
660,160,3,2
660,161,3,2
660,162,3,2
660,163,3,2
660,164,3,2
660,165,3,2
660,166,3,2
660,167,3,2
660,168,3,2
660,169,3,2
660,170,3,3
660,171,3,3
660,172,3,3
660,173,3,3
660,174,3,3
660,175,3,3
660,176,3,3
660,177,3,3
660,178,3,3
660,179,3,3
660,180,3,2
660,181,3,2
660,182,3,2
660,183,3,2
660,184,3,2
660,185,3,2
660,186,3,2
660,187,3,2
660,188,3,2
660,189,3,2
660,190,3,2
660,191,3,2
660,192,3,2
660,193,3,2
660,194,3,2
660,195,3,2
660,196,3,2
660,197,3,2
660,198,3,2
660,199,3,2
660,200,3,2
660,201,3,2
660,202,3,2
660,203,3,2
660,204,3,2
660,205,3,2
660,206,3,2
660,207,3,2
660,208,3,2
660,209,3,2
660,210,3,2
660,211,3,2
660,212,3,2
660,213,3,2
660,214,3,2
660,215,3,2
660,216,3,2
660,217,3,2
660,218,3,2
660,219,3,2
660,220,3,2
660,221,3,2
660,222,3,2
660,223,3,2
660,224,3,2
660,225,3,2
660,226,3,2
660,227,3,2
660,228,3,2
660,229,3,2
660,230,3,2
660,231,3,2
660,232,3,2
660,233,3,2
660,234,3,2
660,235,3,2
660,236,3,2
660,237,3,2
660,238,3,2
660,239,3,2
660,240,3,2
660,241,3,2
660,242,3,2
660,243,3,2
660,244,3,2
660,245,3,2
660,246,3,2
660,247,3,2
660,248,3,2
660,249,3,2
660,250,3,2
660,251,3,2
660,252,3,2
660,253,3,2
660,254,3,2
660,255,3,2
660,256,3,2
660,257,3,2
660,258,3,2
660,259,3,2
660,260,3,2
660,261,3,2
660,262,3,2
660,263,3,2
660,264,3,2
660,265,3,2
660,266,3,2
660,267,3,2
660,268,3,2
660,269,3,2
660,270,3,2
660,271,3,2
660,272,3,2
660,273,3,2
660,274,3,2
660,275,3,2
660,276,3,2
660,277,3,2
660,278,3,2
660,279,3,2
660,280,3,2
660,281,3,2
660,282,3,2
660,283,3,2
660,284,3,2
660,285,3,2
660,286,3,2
660,287,3,2
660,288,3,2
660,289,3,2
660,290,3,2
660,291,3,2
660,292,3,2
660,293,3,2
660,294,3,2
660,295,3,2
660,296,3,2
660,297,3,2
660,298,3,2
660,299,3,2
660,300,3,2
660,301,3,2
660,302,3,2
660,303,3,2
660,304,3,2
660,305,3,2
660,306,3,2
660,307,3,2
660,308,3,2
660,309,3,2
660,310,3,2
660,311,3,2
660,312,3,2
660,313,3,2
660,314,3,2
660,315,3,2
660,316,3,2
660,317,3,2
660,318,3,2
660,319,3,2
660,320,3,2
660,321,3,2
660,322,3,2
660,323,3,2
660,324,3,2
660,325,3,2
660,326,3,2
660,327,3,2
660,328,3,2
660,329,3,2
660,330,3,2
660,331,3,2
660,332,3,2
660,333,3,2
660,334,3,2
660,335,3,2
660,336,3,2
660,337,3,2
660,338,3,2
660,339,3,2
660,340,3,2
660,341,3,2
660,342,3,2
660,343,3,2
660,344,3,2
660,345,3,2
660,346,3,2
660,347,3,2
660,348,3,2
660,349,3,2
660,350,3,2
660,351,3,2
660,352,3,2
660,353,3,2
660,354,3,2
660,355,3,2
660,356,3,2
660,357,3,2
660,358,3,2
660,359,3,2
660,360,3,2
660,361,3,2
660,362,3,2
660,363,3,2
660,364,3,2
660,365,3,2
660,366,3,2
660,367,3,2
660,368,3,2
660,369,3,2
660,370,3,2
660,371,3,2
660,372,3,2
660,373,3,2
660,374,3,2
660,375,3,2
660,376,3,2
660,377,3,2
660,378,3,2
660,379,3,2
660,380,3,2
660,381,3,2
660,382,3,2
660,383,3,2
660,384,3,2
660,385,3,2
660,386,3,2
660,387,3,2
660,388,3,2
660,389,3,2
660,390,3,2
660,391,3,2
660,392,3,2
660,393,3,2
660,394,3,2
660,395,3,2
660,396,3,2
660,397,3,2
660,398,3,2
660,399,3,2
660,400,3,2
660,401,3,2
660,402,3,2
660,403,3,2
660,404,3,2
660,405,3,2
660,406,3,2
660,407,3,2
660,408,3,2
660,409,3,2
660,410,3,2
660,411,3,2
660,412,3,2
660,413,3,2
660,414,3,2
660,415,3,2
660,416,3,2
660,417,3,2
660,418,3,2
660,419,3,2
660,420,3,2
660,421,3,2
660,422,3,2
660,423,3,2
660,424,3,2
660,425,3,2
660,426,3,2
660,427,3,2
660,428,3,2
660,429,3,2
660,430,3,2
660,431,3,2
660,432,3,2
660,433,3,2
660,434,3,2
660,435,3,2
660,436,3,2
660,437,3,2
660,438,3,2
660,439,3,2
660,440,3,2
660,441,3,2
660,442,3,2
660,443,3,2
660,444,3,2
660,445,3,2
660,446,3,2
660,447,3,2
660,448,3,2
660,449,3,2
660,450,3,2
660,451,3,2
660,452,3,2
660,453,3,2
660,454,3,2
660,455,3,2
660,456,3,2
660,457,3,2
660,458,3,2
660,459,3,2
660,460,3,2
660,461,3,2
660,462,3,2
660,463,3,2
660,464,3,2
660,465,3,2
660,466,3,2
660,467,3,2
660,468,3,2
660,469,3,2
660,470,3,2
660,471,3,2
660,472,3,2
660,473,3,2
660,474,3,2
660,475,3,2
660,476,3,2
660,477,3,2
660,478,3,2
660,479,3,2
660,480,3,2
660,481,3,2
660,482,3,2
660,483,3,2
660,484,3,2
660,485,3,2
660,486,3,2
660,487,3,2
660,488,3,2
660,489,3,2
660,490,3,2
660,491,3,2
660,492,3,2
660,493,3,2
660,494,3,2
660,495,3,2
660,496,3,2
660,497,3,2
660,498,3,2
660,499,3,2
660,500,3,2
660,501,3,2
660,502,3,2
660,503,3,2
660,504,3,2
660,505,3,2
660,506,3,2
660,507,3,2
660,508,3,2
660,509,3,2
660,510,3,2
660,511,3,2
660,512,3,2
660,513,3,2
660,514,3,2
660,515,3,2
660,516,3,2
660,517,3,2
661,145,3,2
661,146,3,2
661,147,3,2
661,148,3,2
661,149,3,2
661,150,3,2
661,151,3,2
661,152,3,2
661,153,3,2
661,154,3,2
661,155,3,2
661,156,3,2
661,157,3,2
661,158,3,2
661,159,3,2
661,160,3,2
661,161,3,2
661,162,3,2
661,163,3,2
661,164,3,2
661,165,3,2
661,166,3,2
661,167,3,2
661,168,3,2
661,169,3,2
661,170,3,2
661,171,3,2
661,172,3,3
661,173,3,3
661,174,3,3
661,175,3,3
661,176,3,3
661,177,3,3
661,178,3,3
661,179,3,3
661,180,3,3
661,181,3,2
661,182,3,2
661,183,3,2
661,184,3,2
661,185,3,2
661,186,3,2
661,187,3,2
661,188,3,2
661,189,3,2
661,190,3,2
661,191,3,2
661,192,3,2
661,193,3,2
661,194,3,2
661,195,3,2
661,196,3,2
661,197,3,2
661,198,3,2
661,199,3,2
661,200,3,2
661,201,3,2
661,202,3,2
661,203,3,2
661,204,3,2
661,205,3,2
661,206,3,2
661,207,3,2
661,208,3,2
661,209,3,2
661,210,3,2
661,211,3,2
661,212,3,2
661,213,3,2
661,214,3,2
661,215,3,2
661,216,3,2
661,217,3,2
661,218,3,2
661,219,3,2
661,220,3,2
661,221,3,2
661,222,3,2
661,223,3,2
661,224,3,2
661,225,3,2
661,226,3,2
661,227,3,2
661,228,3,2
661,229,3,2
661,230,3,2
661,231,3,2
661,232,3,2
661,233,3,2
661,234,3,2
661,235,3,2
661,236,3,2
661,237,3,2
661,238,3,2
661,239,3,2
661,240,3,2
661,241,3,2
661,242,3,2
661,243,3,2
661,244,3,2
661,245,3,2
661,246,3,2
661,247,3,2
661,248,3,2
661,249,3,2
661,250,3,2
661,251,3,2
661,252,3,2
661,253,3,2
661,254,3,2
661,255,3,2
661,256,3,2
661,257,3,2
661,258,3,2
661,259,3,2
661,260,3,2
661,261,3,2
661,262,3,2
661,263,3,2
661,264,3,2
661,265,3,2
661,266,3,2
661,267,3,2
661,268,3,2
661,269,3,2
661,270,3,2
661,271,3,2
661,272,3,2
661,273,3,2
661,274,3,2
661,275,3,2
661,276,3,2
661,277,3,2
661,278,3,2
661,279,3,2
661,280,3,2
661,281,3,2
661,282,3,2
661,283,3,2
661,284,3,2
661,285,3,2
661,286,3,2
661,287,3,2
661,288,3,2
661,289,3,2
661,290,3,2
661,291,3,2
661,292,3,2
661,293,3,2
661,294,3,2
661,295,3,2
661,296,3,2
661,297,3,2
661,298,3,2
661,299,3,2
661,300,3,2
661,301,3,2
661,302,3,2
661,303,3,2
661,304,3,2
661,305,3,2
661,306,3,2
661,307,3,2
661,308,3,2
661,309,3,2
661,310,3,2
661,311,3,2
661,312,3,2
661,313,3,2
661,314,3,2
661,315,3,2
661,316,3,2
661,317,3,2
661,318,3,2
661,319,3,2
661,320,3,2
661,321,3,2
661,322,3,2
661,323,3,2
661,324,3,2
661,325,3,2
661,326,3,2
661,327,3,2
661,328,3,2
661,329,3,2
661,330,3,2
661,331,3,2
661,332,3,2
661,333,3,2
661,334,3,2
661,335,3,2
661,336,3,2
661,337,3,2
661,338,3,2
661,339,3,2
661,340,3,2
661,341,3,2
661,342,3,2
661,343,3,2
661,344,3,2
661,345,3,2
661,346,3,2
661,347,3,2
661,348,3,2
661,349,3,2
661,350,3,2
661,351,3,2
661,352,3,2
661,353,3,2
661,354,3,2
661,355,3,2
661,356,3,2
661,357,3,2
661,358,3,2
661,359,3,2
661,360,3,2
661,361,3,2
661,362,3,2
661,363,3,2
661,364,3,2
661,365,3,2
661,366,3,2
661,367,3,2
661,368,3,2
661,369,3,2
661,370,3,2
661,371,3,2
661,372,3,2
661,373,3,2
661,374,3,2
661,375,3,2
661,376,3,2
661,377,3,2
661,378,3,2
661,379,3,2
661,380,3,2
661,381,3,2
661,382,3,2
661,383,3,2
661,384,3,2
661,385,3,2
661,386,3,2
661,387,3,2
661,388,3,2
661,389,3,2
661,390,3,2
661,391,3,2
661,392,3,2
661,393,3,2
661,394,3,2
661,395,3,2
661,396,3,2
661,397,3,2
661,398,3,2
661,399,3,2
661,400,3,2
661,401,3,2
661,402,3,2
661,403,3,2
661,404,3,2
661,405,3,2
661,406,3,2
661,407,3,2
661,408,3,2
661,409,3,2
661,410,3,2
661,411,3,2
661,412,3,2
661,413,3,2
661,414,3,2
661,415,3,2
661,416,3,2
661,417,3,2
661,418,3,2
661,419,3,2
661,420,3,2
661,421,3,2
661,422,3,2
661,423,3,2
661,424,3,2
661,425,3,2
661,426,3,2
661,427,3,2
661,428,3,2
661,429,3,2
661,430,3,2
661,431,3,2
661,432,3,2
661,433,3,2
661,434,3,2
661,435,3,2
661,436,3,2
661,437,3,2
661,438,3,2
661,439,3,2
661,440,3,2
661,441,3,2
661,442,3,2
661,443,3,2
661,444,3,2
661,445,3,2
661,446,3,2
661,447,3,2
661,448,3,2
661,449,3,2
661,450,3,2
661,451,3,2
661,452,3,2
661,453,3,2
661,454,3,2
661,455,3,2
661,456,3,2
661,457,3,2
661,458,3,2
661,459,3,2
661,460,3,2
661,461,3,2
661,462,3,2
661,463,3,2
661,464,3,2
661,465,3,2
661,466,3,2
661,467,3,2
661,468,3,2
661,469,3,2
661,470,3,2
661,471,3,2
661,472,3,2
661,473,3,2
661,474,3,2
661,475,3,2
661,476,3,2
661,477,3,2
661,478,3,2
661,479,3,2
661,480,3,2
661,481,3,2
661,482,3,2
661,483,3,2
661,484,3,2
661,485,3,2
661,486,3,2
661,487,3,2
661,488,3,2
661,489,3,2
661,490,3,2
661,491,3,2
661,492,3,2
661,493,3,2
661,494,3,2
661,495,3,2
661,496,3,2
661,497,3,2
661,498,3,2
661,499,3,2
661,500,3,2
661,501,3,2
661,502,3,2
661,503,3,2
661,504,3,2
661,505,3,2
661,506,3,2
661,507,3,2
661,508,3,2
661,509,3,2
661,510,3,2
662,148,3,2
662,149,3,2
662,150,3,2
662,151,3,2
662,152,3,2
662,153,3,2
662,154,3,2
662,155,3,2
662,156,3,2
662,157,3,2
662,158,3,2
662,159,3,2
662,160,3,2
662,161,3,2
662,162,3,2
662,163,3,2
662,164,3,2
662,165,3,2
662,166,3,2
662,167,3,2
662,168,3,2
662,169,3,2
662,170,3,2
662,171,3,2
662,172,3,2
662,173,3,2
662,174,3,2
662,175,3,2
662,176,3,2
662,177,3,2
662,178,3,2
662,179,3,2
662,180,3,2
662,181,3,2
662,182,3,2
662,183,3,2
662,184,3,2
662,185,3,2
662,186,3,2
662,187,3,2
662,188,3,2
662,189,3,2
662,190,3,2
662,191,3,2
662,192,3,2
662,193,3,2
662,194,3,2
662,195,3,2
662,196,3,2
662,197,3,2
662,198,3,2
662,199,3,2
662,200,3,2
662,201,3,2
662,202,3,2
662,203,3,2
662,204,3,2
662,205,3,2
662,206,3,2
662,207,3,2
662,208,3,2
662,209,3,2
662,210,3,2
662,211,3,2
662,212,3,2
662,213,3,2
662,214,3,2
662,215,3,2
662,216,3,2
662,217,3,2
662,218,3,2
662,219,3,2
662,220,3,2
662,221,3,2
662,222,3,2
662,223,3,2
662,224,3,2
662,225,3,2
662,226,3,2
662,227,3,2
662,228,3,2
662,229,3,2
662,230,3,2
662,231,3,2
662,232,3,2
662,233,3,2
662,234,3,2
662,235,3,2
662,236,3,2
662,237,3,2
662,238,3,2
662,239,3,2
662,240,3,2
662,241,3,2
662,242,3,2
662,243,3,2
662,244,3,2
662,245,3,2
662,246,3,2
662,247,3,2
662,248,3,2
662,249,3,2
662,250,3,2
662,251,3,2
662,252,3,2
662,253,3,2
662,254,3,2
662,255,3,2
662,256,3,2
662,257,3,2
662,258,3,2
662,259,3,2
662,260,3,2
662,261,3,2
662,262,3,2
662,263,3,2
662,264,3,2
662,265,3,2
662,266,3,2
662,267,3,2
662,268,3,2
662,269,3,2
662,270,3,2
662,271,3,2
662,272,3,2
662,273,3,2
662,274,3,2
662,275,3,2
662,276,3,2
662,277,3,2
662,278,3,2
662,279,3,2
662,280,3,2
662,281,3,2
662,282,3,2
662,283,3,2
662,284,3,2
662,285,3,2
662,286,3,2
662,287,3,2
662,288,3,2
662,289,3,2
662,290,3,2
662,291,3,2
662,292,3,2
662,293,3,2
662,294,3,2
662,295,3,2
662,296,3,2
662,297,3,2
662,298,3,2
662,299,3,2
662,300,3,2
662,301,3,2
662,302,3,2
662,303,3,2
662,304,3,2
662,305,3,2
662,306,3,2
662,307,3,2
662,308,3,2
662,309,3,2
662,310,3,2
662,311,3,2
662,312,3,2
662,313,3,2
662,314,3,2
662,315,3,2
662,316,3,2
662,317,3,2
662,318,3,2
662,319,3,2
662,320,3,2
662,321,3,2
662,322,3,2
662,323,3,2
662,324,3,2
662,325,3,2
662,326,3,2
662,327,3,2
662,328,3,2
662,329,3,2
662,330,3,2
662,331,3,2
662,332,3,2
662,333,3,2
662,334,3,2
662,335,3,2
662,336,3,2
662,337,3,2
662,338,3,2
662,339,3,2
662,340,3,2
662,341,3,2
662,342,3,2
662,343,3,2
662,344,3,2
662,345,3,2
662,346,3,2
662,347,3,2
662,348,3,2
662,349,3,2
662,350,3,2
662,351,3,2
662,352,3,2
662,353,3,2
662,354,3,2
662,355,3,2
662,356,3,2
662,357,3,2
662,358,3,2
662,359,3,2
662,360,3,2
662,361,3,2
662,362,3,2
662,363,3,2
662,364,3,2
662,365,3,2
662,366,3,2
662,367,3,2
662,368,3,2
662,369,3,2
662,370,3,2
662,371,3,2
662,372,3,2
662,373,3,2
662,374,3,2
662,375,3,2
662,376,3,2
662,377,3,2
662,378,3,2
662,379,3,2
662,380,3,2
662,381,3,2
662,382,3,2
662,383,3,2
662,384,3,2
662,385,3,2
662,386,3,2
662,387,3,2
662,388,3,2
662,389,3,2
662,390,3,2
662,391,3,2
662,392,3,2
662,393,3,2
662,394,3,2
662,395,3,2
662,396,3,2
662,397,3,2
662,398,3,2
662,399,3,2
662,400,3,2
662,401,3,2
662,402,3,2
662,403,3,2
662,404,3,2
662,405,3,2
662,406,3,2
662,407,3,2
662,408,3,2
662,409,3,2
662,410,3,2
662,411,3,2
662,412,3,2
662,413,3,2
662,414,3,2
662,415,3,2
662,416,3,2
662,417,3,2
662,418,3,2
662,419,3,2
662,420,3,2
662,421,3,2
662,422,3,2
662,423,3,2
662,424,3,2
662,425,3,2
662,426,3,2
662,427,3,2
662,428,3,2
662,429,3,2
662,430,3,2
662,431,3,2
662,432,3,2
662,433,3,2
662,434,3,2
662,435,3,2
662,436,3,2
662,437,3,2
662,438,3,2
662,439,3,2
662,440,3,2
662,441,3,2
662,442,3,2
662,443,3,2
662,444,3,2
662,445,3,2
662,446,3,2
662,447,3,2
662,448,3,2
662,449,3,2
662,450,3,2
662,451,3,2
662,452,3,2
662,453,3,2
662,454,3,2
662,455,3,2
662,456,3,2
662,457,3,2
662,458,3,2
662,459,3,2
662,460,3,2
662,461,3,2
662,462,3,2
662,463,3,2
662,464,3,2
662,465,3,2
662,466,3,2
662,467,3,2
662,468,3,2
662,469,3,2
662,470,3,2
662,471,3,2
662,472,3,2
662,473,3,2
662,474,3,2
662,475,3,2
662,476,3,2
662,477,3,2
662,478,3,2
662,479,3,2
662,480,3,2
662,481,3,2
662,482,3,2
662,483,3,2
662,484,3,2
662,485,3,2
662,486,3,2
662,487,3,2
662,488,3,2
662,489,3,2
662,490,3,2
662,491,3,2
662,492,3,2
662,493,3,2
662,494,3,2
662,495,3,2
662,496,3,2
662,497,3,2
662,498,3,2
662,499,3,2
662,500,3,2
662,501,3,2
662,502,3,2
662,503,3,2
662,504,3,2
662,505,3,2
662,506,3,2
662,507,3,2
662,508,3,2
662,509,3,2
663,148,3,2
663,149,3,2
663,150,3,2
663,151,3,2
663,152,3,2
663,153,3,2
663,154,3,2
663,155,3,2
663,156,3,2
663,157,3,2
663,158,3,2
663,159,3,2
663,160,3,2
663,161,3,2
663,162,3,2
663,163,3,2
663,164,3,2
663,165,3,2
663,166,3,2
663,167,3,2
663,168,3,2
663,169,3,2
663,170,3,2
663,171,3,2
663,172,3,2
663,173,3,2
663,174,3,2
663,175,3,2
663,176,3,2
663,177,3,2
663,178,3,2
663,179,3,2
663,180,3,2
663,181,3,2
663,182,3,2
663,183,3,2
663,184,3,2
663,185,3,2
663,186,3,2
663,187,3,2
663,188,3,2
663,189,3,2
663,190,3,2
663,191,3,2
663,192,3,2
663,193,3,2
663,194,3,2
663,195,3,2
663,196,3,2
663,197,3,2
663,198,3,2
663,199,3,2
663,200,3,2
663,201,3,2
663,202,3,2
663,203,3,2
663,204,3,2
663,205,3,2
663,206,3,2
663,207,3,2
663,208,3,2
663,209,3,2
663,210,3,2
663,211,3,2
663,212,3,2
663,213,3,2
663,214,3,2
663,215,3,2
663,216,3,2
663,217,3,2
663,218,3,2
663,219,3,2
663,220,3,2
663,221,3,2
663,222,3,2
663,223,3,2
663,224,3,2
663,225,3,2
663,226,3,2
663,227,3,2
663,228,3,2
663,229,3,2
663,230,3,2
663,231,3,2
663,232,3,2
663,233,3,2
663,234,3,2
663,235,3,2
663,236,3,2
663,237,3,2
663,238,3,2
663,239,3,2
663,240,3,2
663,241,3,2
663,242,3,2
663,243,3,2
663,244,3,2
663,245,3,2
663,246,3,2
663,247,3,2
663,248,3,2
663,249,3,2
663,250,3,2
663,251,3,2
663,252,3,2
663,253,3,2
663,254,3,2
663,255,3,2
663,256,3,2
663,257,3,2
663,258,3,2
663,259,3,2
663,260,3,2
663,261,3,2
663,262,3,2
663,263,3,2
663,264,3,2
663,265,3,2
663,266,3,2
663,267,3,2
663,268,3,2
663,269,3,2
663,270,3,2
663,271,3,2
663,272,3,2
663,273,3,2
663,274,3,2
663,275,3,2
663,276,3,2
663,277,3,2
663,278,3,2
663,279,3,2
663,280,3,2
663,281,3,2
663,282,3,2
663,283,3,2
663,284,3,2
663,285,3,2
663,286,3,2
663,287,3,2
663,288,3,2
663,289,3,2
663,290,3,2
663,291,3,2
663,292,3,2
663,293,3,2
663,294,3,2
663,295,3,2
663,296,3,2
663,297,3,2
663,298,3,2
663,299,3,2
663,300,3,2
663,301,3,2
663,302,3,2
663,303,3,2
663,304,3,2
663,305,3,2
663,306,3,2
663,307,3,2
663,308,3,2
663,309,3,2
663,310,3,2
663,311,3,2
663,312,3,2
663,313,3,2
663,314,3,2
663,315,3,2
663,316,3,2
663,317,3,2
663,318,3,2
663,319,3,2
663,320,3,2
663,321,3,2
663,322,3,2
663,323,3,2
663,324,3,2
663,325,3,2
663,326,3,2
663,327,3,2
663,328,3,2
663,329,3,2
663,330,3,2
663,331,3,2
663,332,3,2
663,333,3,2
663,334,3,2
663,335,3,2
663,336,3,2
663,337,3,2
663,338,3,2
663,339,3,2
663,340,3,2
663,341,3,2
663,342,3,2
663,343,3,2
663,344,3,2
663,345,3,2
663,346,3,2
663,347,3,2
663,348,3,2
663,349,3,2
663,350,3,2
663,351,3,2
663,352,3,2
663,353,3,2
663,354,3,2
663,355,3,2
663,356,3,2
663,357,3,2
663,358,3,2
663,359,3,2
663,360,3,2
663,361,3,2
663,362,3,2
663,363,3,2
663,364,3,2
663,365,3,2
663,366,3,2
663,367,3,2
663,368,3,2
663,369,3,2
663,370,3,2
663,371,3,2
663,372,3,2
663,373,3,2
663,374,3,2
663,375,3,2
663,376,3,2
663,377,3,2
663,378,3,2
663,379,3,2
663,380,3,2
663,381,3,2
663,382,3,2
663,383,3,2
663,384,3,2
663,385,3,2
663,386,3,2
663,387,3,2
663,388,3,2
663,389,3,2
663,390,3,2
663,391,3,2
663,392,3,2
663,393,3,2
663,394,3,2
663,395,3,2
663,396,3,2
663,397,3,2
663,398,3,2
663,399,3,2
663,400,3,2
663,401,3,2
663,402,3,2
663,403,3,2
663,404,3,2
663,405,3,2
663,406,3,2
663,407,3,2
663,408,3,2
663,409,3,2
663,410,3,2
663,411,3,2
663,412,3,2
663,413,3,2
663,414,3,2
663,415,3,2
663,416,3,2
663,417,3,2
663,418,3,2
663,419,3,2
663,420,3,2
663,421,3,2
663,422,3,2
663,423,3,2
663,424,3,2
663,425,3,2
663,426,3,2
663,427,3,2
663,428,3,2
663,429,3,2
663,430,3,2
663,431,3,2
663,432,3,2
663,433,3,2
663,434,3,2
663,435,3,2
663,436,3,2
663,437,3,2
663,438,3,2
663,439,3,2
663,440,3,2
663,441,3,2
663,442,3,2
663,443,3,2
663,444,3,2
663,445,3,2
663,446,3,2
663,447,3,2
663,448,3,2
663,449,3,2
663,450,3,2
663,451,3,2
663,452,3,2
663,453,3,2
663,454,3,2
663,455,3,2
663,456,3,2
663,457,3,2
663,458,3,2
663,459,3,2
663,460,3,2
663,461,3,2
663,462,3,2
663,463,3,2
663,464,3,2
663,465,3,2
663,466,3,2
663,467,3,2
663,468,3,2
663,469,3,2
663,470,3,2
663,471,3,2
663,472,3,2
663,473,3,2
663,474,3,2
663,475,3,2
663,476,3,2
663,477,3,2
663,478,3,2
663,479,3,2
663,480,3,2
663,481,3,2
663,482,3,2
663,483,3,2
663,484,3,2
663,485,3,2
663,486,3,2
663,487,3,2
663,488,3,2
663,489,3,2
663,490,3,2
663,491,3,2
663,492,3,2
663,493,3,2
663,494,3,2
663,495,3,2
663,496,3,2
663,497,3,2
663,498,3,2
663,499,3,2
663,500,3,2
663,501,3,2
663,502,3,2
663,503,3,2
663,504,3,2
663,505,3,2
663,506,3,2
663,507,3,2
663,508,3,2
664,149,3,2
664,150,3,2
664,151,3,2
664,152,3,2
664,153,3,2
664,154,3,2
664,155,3,2
664,156,3,2
664,157,3,2
664,158,3,2
664,159,3,2
664,160,3,2
664,161,3,2
664,162,3,2
664,163,3,2
664,164,3,2
664,165,3,2
664,166,3,2
664,167,3,2
664,168,3,2
664,169,3,2
664,170,3,2
664,171,3,2
664,172,3,2
664,173,3,2
664,174,3,2
664,175,3,2
664,176,3,2
664,177,3,2
664,178,3,2
664,179,3,2
664,180,3,2
664,181,3,2
664,182,3,2
664,183,3,2
664,184,3,2
664,185,3,2
664,186,3,2
664,187,3,2
664,188,3,2
664,189,3,2
664,190,3,2
664,191,3,2
664,192,3,2
664,193,3,2
664,194,3,2
664,195,3,2
664,196,3,2
664,197,3,2
664,198,3,2
664,199,3,2
664,200,3,2
664,201,3,2
664,202,3,2
664,203,3,2
664,204,3,2
664,205,3,2
664,206,3,2
664,207,3,2
664,208,3,2
664,209,3,2
664,210,3,2
664,211,3,2
664,212,3,2
664,213,3,2
664,214,3,2
664,215,3,2
664,216,3,2
664,217,3,2
664,218,3,2
664,219,3,2
664,220,3,2
664,221,3,2
664,222,3,2
664,223,3,2
664,224,3,2
664,225,3,2
664,226,3,2
664,227,3,2
664,228,3,2
664,229,3,2
664,230,3,2
664,231,3,2
664,232,3,2
664,233,3,2
664,234,3,2
664,235,3,2
664,236,3,2
664,237,3,2
664,238,3,2
664,239,3,2
664,240,3,2
664,241,3,2
664,242,3,2
664,243,3,2
664,244,3,2
664,245,3,2
664,246,3,2
664,247,3,2
664,248,3,2
664,249,3,2
664,250,3,2
664,251,3,2
664,252,3,2
664,253,3,2
664,254,3,2
664,255,3,2
664,256,3,2
664,257,3,2
664,258,3,2
664,259,3,2
664,260,3,2
664,261,3,2
664,262,3,2
664,263,3,2
664,264,3,2
664,265,3,2
664,266,3,2
664,267,3,2
664,268,3,2
664,269,3,2
664,270,3,2
664,271,3,2
664,272,3,2
664,273,3,2
664,274,3,2
664,275,3,2
664,276,3,2
664,277,3,2
664,278,3,2
664,279,3,2
664,280,3,2
664,281,3,2
664,282,3,2
664,283,3,2
664,284,3,2
664,285,3,2
664,286,3,2
664,287,3,2
664,288,3,2
664,289,3,2
664,290,3,2
664,291,3,2
664,292,3,2
664,293,3,2
664,294,3,2
664,295,3,2
664,296,3,2
664,297,3,2
664,298,3,2
664,299,3,2
664,300,3,2
664,301,3,2
664,302,3,2
664,303,3,2
664,304,3,2
664,305,3,2
664,306,3,2
664,307,3,2
664,308,3,2
664,309,3,2
664,310,3,2
664,311,3,2
664,312,3,2
664,313,3,2
664,314,3,2
664,315,3,2
664,316,3,2
664,317,3,2
664,318,3,2
664,319,3,2
664,320,3,2
664,321,3,2
664,322,3,2
664,323,3,2
664,324,3,2
664,325,3,2
664,326,3,2
664,327,3,2
664,328,3,2
664,329,3,2
664,330,3,2
664,331,3,2
664,332,3,2
664,333,3,2
664,334,3,2
664,335,3,2
664,336,3,2
664,337,3,2
664,338,3,2
664,339,3,2
664,340,3,2
664,341,3,2
664,342,3,2
664,343,3,2
664,344,3,2
664,345,3,2
664,346,3,2
664,347,3,2
664,348,3,2
664,349,3,2
664,350,3,2
664,351,3,2
664,352,3,2
664,353,3,2
664,354,3,2
664,355,3,2
664,356,3,2
664,357,3,2
664,358,3,2
664,359,3,2
664,360,3,2
664,361,3,2
664,362,3,2
664,363,3,2
664,364,3,2
664,365,3,2
664,366,3,2
664,367,3,2
664,368,3,2
664,369,3,2
664,370,3,2
664,371,3,2
664,372,3,2
664,373,3,2
664,374,3,2
664,375,3,2
664,376,3,2
664,377,3,2
664,378,3,2
664,379,3,2
664,380,3,2
664,381,3,2
664,382,3,2
664,383,3,2
664,384,3,2
664,385,3,2
664,386,3,2
664,387,3,2
664,388,3,2
664,389,3,2
664,390,3,2
664,391,3,2
664,392,3,2
664,393,3,2
664,394,3,2
664,395,3,2
664,396,3,2
664,397,3,2
664,398,3,2
664,399,3,2
664,400,3,2
664,401,3,2
664,402,3,2
664,403,3,2
664,404,3,2
664,405,3,2
664,406,3,2
664,407,3,2
664,408,3,2
664,409,3,2
664,410,3,2
664,411,3,2
664,412,3,2
664,413,3,2
664,414,3,2
664,415,3,2
664,416,3,2
664,417,3,2
664,418,3,2
664,419,3,2
664,420,3,2
664,421,3,2
664,422,3,2
664,423,3,2
664,424,3,2
664,425,3,2
664,426,3,2
664,427,3,2
664,428,3,2
664,429,3,2
664,430,3,2
664,431,3,2
664,432,3,2
664,433,3,2
664,434,3,2
664,435,3,2
664,436,3,2
664,437,3,2
664,438,3,2
664,439,3,2
664,440,3,2
664,441,3,2
664,442,3,2
664,443,3,2
664,444,3,2
664,445,3,2
664,446,3,2
664,447,3,2
664,448,3,2
664,449,3,2
664,450,3,2
664,451,3,2
664,452,3,2
664,453,3,2
664,454,3,2
664,455,3,2
664,456,3,2
664,457,3,2
664,458,3,2
664,459,3,2
664,460,3,2
664,461,3,2
664,462,3,2
664,463,3,2
664,464,3,2
664,465,3,2
664,466,3,2
664,467,3,2
664,468,3,2
664,469,3,2
664,470,3,2
664,471,3,2
664,472,3,2
664,473,3,2
664,474,3,2
664,475,3,2
664,476,3,2
664,477,3,2
664,478,3,2
664,479,3,2
664,480,3,2
664,481,3,2
664,482,3,2
664,483,3,2
664,484,3,2
664,485,3,2
664,486,3,2
664,487,3,2
664,488,3,2
664,489,3,2
664,490,3,2
664,491,3,2
664,492,3,2
664,493,3,2
664,494,3,2
664,495,3,2
664,496,3,2
664,497,3,2
664,498,3,2
664,499,3,2
664,500,3,2
664,501,3,2
664,502,3,2
664,503,3,2
664,504,3,2
664,505,3,2
664,506,3,2
664,507,3,2
665,150,3,2
665,151,3,2
665,152,3,2
665,153,3,2
665,154,3,2
665,155,3,2
665,156,3,2
665,157,3,2
665,158,3,2
665,159,3,2
665,160,3,2
665,161,3,2
665,162,3,2
665,163,3,2
665,164,3,2
665,165,3,2
665,166,3,2
665,167,3,2
665,168,3,2
665,169,3,2
665,170,3,2
665,171,3,2
665,172,3,2
665,173,3,2
665,174,3,2
665,175,3,2
665,176,3,2
665,177,3,2
665,178,3,2
665,179,3,2
665,180,3,2
665,181,3,2
665,182,3,2
665,183,3,2
665,184,3,2
665,185,3,2
665,186,3,2
665,187,3,2
665,188,3,2
665,189,3,2
665,190,3,2
665,191,3,2
665,192,3,2
665,193,3,2
665,194,3,2
665,195,3,2
665,196,3,2
665,197,3,2
665,198,3,2
665,199,3,2
665,200,3,2
665,201,3,2
665,202,3,2
665,203,3,2
665,204,3,2
665,205,3,2
665,206,3,2
665,207,3,2
665,208,3,2
665,209,3,2
665,210,3,2
665,211,3,2
665,212,3,2
665,213,3,2
665,214,3,2
665,215,3,2
665,216,3,2
665,217,3,2
665,218,3,2
665,219,3,2
665,220,3,2
665,221,3,2
665,222,3,2
665,223,3,2
665,224,3,2
665,225,3,2
665,226,3,2
665,227,3,2
665,228,3,2
665,229,3,2
665,230,3,2
665,231,3,2
665,232,3,2
665,233,3,2
665,234,3,2
665,235,3,2
665,236,3,2
665,237,3,2
665,238,3,2
665,239,3,2
665,240,3,2
665,241,3,2
665,242,3,2
665,243,3,2
665,244,3,2
665,245,3,2
665,246,3,2
665,247,3,2
665,248,3,2
665,249,3,2
665,250,3,2
665,251,3,2
665,252,3,2
665,253,3,2
665,254,3,2
665,255,3,2
665,256,3,2
665,257,3,2
665,258,3,2
665,259,3,2
665,260,3,2
665,261,3,2
665,262,3,2
665,263,3,2
665,264,3,2
665,265,3,2
665,266,3,2
665,267,3,2
665,268,3,2
665,269,3,2
665,270,3,2
665,271,3,2
665,272,3,2
665,273,3,2
665,274,3,2
665,275,3,2
665,276,3,2
665,277,3,2
665,278,3,2
665,279,3,2
665,280,3,2
665,281,3,2
665,282,3,2
665,283,3,2
665,284,3,2
665,285,3,2
665,286,3,2
665,287,3,2
665,288,3,2
665,289,3,2
665,290,3,2
665,291,3,2
665,292,3,2
665,293,3,2
665,294,3,2
665,295,3,2
665,296,3,2
665,297,3,2
665,298,3,2
665,299,3,2
665,300,3,2
665,301,3,2
665,302,3,2
665,303,3,2
665,304,3,2
665,305,3,2
665,306,3,2
665,307,3,2
665,308,3,2
665,309,3,2
665,310,3,2
665,311,3,2
665,312,3,2
665,313,3,2
665,314,3,2
665,315,3,2
665,316,3,2
665,317,3,2
665,318,3,2
665,319,3,2
665,320,3,2
665,321,3,2
665,322,3,2
665,323,3,2
665,324,3,2
665,325,3,2
665,326,3,2
665,327,3,2
665,328,3,2
665,329,3,2
665,330,3,2
665,331,3,2
665,332,3,2
665,333,3,2
665,334,3,2
665,335,3,2
665,336,3,2
665,337,3,2
665,338,3,2
665,339,3,2
665,340,3,2
665,341,3,2
665,342,3,2
665,343,3,2
665,344,3,2
665,345,3,2
665,346,3,2
665,347,3,2
665,348,3,2
665,349,3,2
665,350,3,2
665,351,3,2
665,352,3,2
665,353,3,2
665,354,3,2
665,355,3,2
665,356,3,2
665,357,3,2
665,358,3,2
665,359,3,2
665,360,3,2
665,361,3,2
665,362,3,2
665,363,3,2
665,364,3,2
665,365,3,2
665,366,3,2
665,367,3,2
665,368,3,2
665,369,3,2
665,370,3,2
665,371,3,2
665,372,3,2
665,373,3,2
665,374,3,2
665,375,3,2
665,376,3,2
665,377,3,2
665,378,3,2
665,379,3,2
665,380,3,2
665,381,3,2
665,382,3,2
665,383,3,2
665,384,3,2
665,385,3,2
665,386,3,2
665,387,3,2
665,388,3,2
665,389,3,2
665,390,3,2
665,391,3,2
665,392,3,2
665,393,3,2
665,394,3,2
665,395,3,2
665,396,3,2
665,397,3,2
665,398,3,2
665,399,3,2
665,400,3,2
665,401,3,2
665,402,3,2
665,403,3,2
665,404,3,2
665,405,3,2
665,406,3,2
665,407,3,2
665,408,3,2
665,409,3,2
665,410,3,2
665,411,3,2
665,412,3,2
665,413,3,2
665,414,3,2
665,415,3,2
665,416,3,2
665,417,3,2
665,418,3,2
665,419,3,2
665,420,3,2
665,421,3,2
665,422,3,2
665,423,3,2
665,424,3,2
665,425,3,2
665,426,3,2
665,427,3,2
665,428,3,2
665,429,3,2
665,430,3,2
665,431,3,2
665,432,3,2
665,433,3,2
665,434,3,2
665,435,3,2
665,436,3,2
665,437,3,2
665,438,3,2
665,439,3,2
665,440,3,2
665,441,3,2
665,442,3,2
665,443,3,2
665,444,3,2
665,445,3,2
665,446,3,2
665,447,3,2
665,448,3,2
665,449,3,2
665,450,3,2
665,451,3,2
665,452,3,2
665,453,3,2
665,454,3,2
665,455,3,2
665,456,3,2
665,457,3,2
665,458,3,2
665,459,3,2
665,460,3,2
665,461,3,2
665,462,3,2
665,463,3,2
665,464,3,2
665,465,3,2
665,466,3,2
665,467,3,2
665,468,3,2
665,469,3,2
665,470,3,2
665,471,3,2
665,472,3,2
665,473,3,2
665,474,3,2
665,475,3,2
665,476,3,2
665,477,3,2
665,478,3,2
665,479,3,2
665,480,3,2
665,481,3,2
665,482,3,2
665,483,3,2
665,484,3,2
665,485,3,2
665,486,3,2
665,487,3,2
665,488,3,2
665,489,3,2
665,490,3,2
665,491,3,2
665,492,3,2
665,493,3,2
665,494,3,2
665,495,3,2
665,496,3,2
665,497,3,2
665,498,3,2
665,499,3,2
665,500,3,2
665,501,3,2
665,502,3,2
665,503,3,2
665,504,3,2
665,505,3,2
665,506,3,2
665,507,3,2
666,151,3,2
666,152,3,2
666,153,3,2
666,154,3,2
666,155,3,2
666,156,3,2
666,157,3,2
666,158,3,2
666,159,3,2
666,160,3,2
666,161,3,2
666,162,3,2
666,163,3,2
666,164,3,2
666,165,3,2
666,166,3,2
666,167,3,2
666,168,3,2
666,169,3,2
666,170,3,2
666,171,3,2
666,172,3,2
666,173,3,2
666,174,3,2
666,175,3,2
666,176,3,2
666,177,3,2
666,178,3,2
666,179,3,2
666,180,3,2
666,181,3,2
666,182,3,2
666,183,3,2
666,184,3,2
666,185,3,2
666,186,3,2
666,187,3,2
666,188,3,2
666,189,3,2
666,190,3,2
666,191,3,2
666,192,3,2
666,193,3,2
666,194,3,2
666,195,3,2
666,196,3,2
666,197,3,2
666,198,3,2
666,199,3,2
666,200,3,2
666,201,3,2
666,202,3,2
666,203,3,2
666,204,3,2
666,205,3,2
666,206,3,2
666,207,3,2
666,208,3,2
666,209,3,2
666,210,3,2
666,211,3,2
666,212,3,2
666,213,3,2
666,214,3,2
666,215,3,2
666,216,3,2
666,217,3,2
666,218,3,2
666,219,3,2
666,220,3,2
666,221,3,2
666,222,3,2
666,223,3,2
666,224,3,2
666,225,3,2
666,226,3,2
666,227,3,2
666,228,3,2
666,229,3,2
666,230,3,2
666,231,3,2
666,232,3,2
666,233,3,2
666,234,3,2
666,235,3,2
666,236,3,2
666,237,3,2
666,238,3,2
666,239,3,2
666,240,3,2
666,241,3,2
666,242,3,2
666,243,3,2
666,244,3,2
666,245,3,2
666,246,3,2
666,247,3,2
666,248,3,2
666,249,3,2
666,250,3,2
666,251,3,2
666,252,3,2
666,253,3,2
666,254,3,2
666,255,3,2
666,256,3,2
666,257,3,2
666,258,3,2
666,259,3,2
666,260,3,2
666,261,3,2
666,262,3,2
666,263,3,2
666,264,3,2
666,265,3,2
666,266,3,2
666,267,3,2
666,268,3,2
666,269,3,2
666,270,3,2
666,271,3,2
666,272,3,2
666,273,3,2
666,274,3,2
666,275,3,2
666,276,3,2
666,277,3,2
666,278,3,2
666,279,3,2
666,280,3,2
666,281,3,2
666,282,3,2
666,283,3,2
666,284,3,2
666,285,3,2
666,286,3,2
666,287,3,2
666,288,3,2
666,289,3,2
666,290,3,2
666,291,3,2
666,292,3,2
666,293,3,2
666,294,3,2
666,295,3,2
666,296,3,2
666,297,3,2
666,298,3,2
666,299,3,2
666,300,3,2
666,301,3,2
666,302,3,2
666,303,3,2
666,304,3,2
666,305,3,2
666,306,3,2
666,307,3,2
666,308,3,2
666,309,3,2
666,310,3,2
666,311,3,2
666,312,3,2
666,313,3,2
666,314,3,2
666,315,3,2
666,316,3,2
666,317,3,2
666,318,3,2
666,319,3,2
666,320,3,2
666,321,3,2
666,322,3,2
666,323,3,2
666,324,3,2
666,325,3,2
666,326,3,2
666,327,3,2
666,328,3,2
666,329,3,2
666,330,3,2
666,331,3,2
666,332,3,2
666,333,3,2
666,334,3,2
666,335,3,2
666,336,3,2
666,337,3,2
666,338,3,2
666,339,3,2
666,340,3,2
666,341,3,2
666,342,3,2
666,343,3,2
666,344,3,2
666,345,3,2
666,346,3,2
666,347,3,2
666,348,3,2
666,349,3,2
666,350,3,2
666,351,3,2
666,352,3,2
666,353,3,2
666,354,3,2
666,355,3,2
666,356,3,2
666,357,3,2
666,358,3,2
666,359,3,2
666,360,3,2
666,361,3,2
666,362,3,2
666,363,3,2
666,364,3,2
666,365,3,2
666,366,3,2
666,367,3,2
666,368,3,2
666,369,3,2
666,370,3,2
666,371,3,2
666,372,3,2
666,373,3,2
666,374,3,2
666,375,3,2
666,376,3,2
666,377,3,2
666,378,3,2
666,379,3,2
666,380,3,2
666,381,3,2
666,382,3,2
666,383,3,2
666,384,3,2
666,385,3,2
666,386,3,2
666,387,3,2
666,388,3,2
666,389,3,2
666,390,3,2
666,391,3,2
666,392,3,2
666,393,3,2
666,394,3,2
666,395,3,2
666,396,3,2
666,397,3,2
666,398,3,2
666,399,3,2
666,400,3,2
666,401,3,2
666,402,3,2
666,403,3,2
666,404,3,2
666,405,3,2
666,406,3,2
666,407,3,2
666,408,3,2
666,409,3,2
666,410,3,2
666,411,3,2
666,412,3,2
666,413,3,2
666,414,3,2
666,415,3,2
666,416,3,2
666,417,3,2
666,418,3,2
666,419,3,2
666,420,3,2
666,421,3,2
666,422,3,2
666,423,3,2
666,424,3,2
666,425,3,2
666,426,3,2
666,427,3,2
666,428,3,2
666,429,3,2
666,430,3,2
666,431,3,2
666,432,3,2
666,433,3,2
666,434,3,2
666,435,3,2
666,436,3,2
666,437,3,2
666,438,3,2
666,439,3,2
666,440,3,2
666,441,3,2
666,442,3,2
666,443,3,2
666,444,3,2
666,445,3,2
666,446,3,2
666,447,3,2
666,448,3,2
666,449,3,2
666,450,3,2
666,451,3,2
666,452,3,2
666,453,3,2
666,454,3,2
666,455,3,2
666,456,3,2
666,457,3,2
666,458,3,2
666,459,3,2
666,460,3,2
666,461,3,2
666,462,3,2
666,463,3,2
666,464,3,2
666,465,3,2
666,466,3,2
666,467,3,2
666,468,3,2
666,469,3,2
666,470,3,2
666,471,3,2
666,472,3,2
666,473,3,2
666,474,3,2
666,475,3,2
666,476,3,2
666,477,3,2
666,478,3,2
666,479,3,2
666,480,3,2
666,481,3,2
666,482,3,2
666,483,3,2
666,484,3,2
666,485,3,2
666,486,3,2
666,487,3,2
666,488,3,2
666,489,3,2
666,490,3,2
666,491,3,2
666,492,3,2
666,493,3,2
666,494,3,2
666,495,3,2
666,496,3,2
666,497,3,2
666,498,3,2
666,499,3,2
666,500,3,2
666,501,3,2
666,502,3,2
666,503,3,2
666,504,3,2
666,505,3,2
667,151,3,2
667,152,3,2
667,153,3,2
667,154,3,2
667,155,3,2
667,156,3,2
667,157,3,2
667,158,3,2
667,159,3,2
667,160,3,2
667,161,3,2
667,162,3,2
667,163,3,2
667,164,3,2
667,165,3,2
667,166,3,2
667,167,3,2
667,168,3,2
667,169,3,2
667,170,3,2
667,171,3,2
667,172,3,2
667,173,3,2
667,174,3,2
667,175,3,2
667,176,3,2
667,177,3,2
667,178,3,2
667,179,3,2
667,180,3,2
667,181,3,2
667,182,3,2
667,183,3,2
667,184,3,2
667,185,3,2
667,186,3,2
667,187,3,2
667,188,3,2
667,189,3,2
667,190,3,2
667,191,3,2
667,192,3,2
667,193,3,2
667,194,3,2
667,195,3,2
667,196,3,2
667,197,3,2
667,198,3,2
667,199,3,2
667,200,3,2
667,201,3,2
667,202,3,2
667,203,3,2
667,204,3,2
667,205,3,2
667,206,3,2
667,207,3,2
667,208,3,2
667,209,3,2
667,210,3,2
667,211,3,2
667,212,3,2
667,213,3,2
667,214,3,2
667,215,3,2
667,216,3,2
667,217,3,2
667,218,3,2
667,219,3,2
667,220,3,2
667,221,3,2
667,222,3,2
667,223,3,2
667,224,3,2
667,225,3,2
667,226,3,2
667,227,3,2
667,228,3,2
667,229,3,2
667,230,3,2
667,231,3,2
667,232,3,2
667,233,3,2
667,234,3,2
667,235,3,2
667,236,3,2
667,237,3,2
667,238,3,2
667,239,3,2
667,240,3,2
667,241,3,2
667,242,3,2
667,243,3,2
667,244,3,2
667,245,3,2
667,246,3,2
667,247,3,2
667,248,3,2
667,249,3,2
667,250,3,2
667,251,3,2
667,252,3,2
667,253,3,2
667,254,3,2
667,255,3,2
667,256,3,2
667,257,3,2
667,258,3,2
667,259,3,2
667,260,3,2
667,261,3,2
667,262,3,2
667,263,3,2
667,264,3,2
667,265,3,2
667,266,3,2
667,267,3,2
667,268,3,2
667,269,3,2
667,270,3,2
667,271,3,2
667,272,3,2
667,273,3,2
667,274,3,2
667,275,3,2
667,276,3,2
667,277,3,2
667,278,3,2
667,279,3,2
667,280,3,2
667,281,3,2
667,282,3,2
667,283,3,2
667,284,3,2
667,285,3,2
667,286,3,2
667,287,3,2
667,288,3,2
667,289,3,2
667,290,3,2
667,291,3,2
667,292,3,2
667,293,3,2
667,294,3,2
667,295,3,2
667,296,3,2
667,297,3,2
667,298,3,2
667,299,3,2
667,300,3,2
667,301,3,2
667,302,3,2
667,303,3,2
667,304,3,2
667,305,3,2
667,306,3,2
667,307,3,2
667,308,3,2
667,309,3,2
667,310,3,2
667,311,3,2
667,312,3,2
667,313,3,2
667,314,3,2
667,315,3,2
667,316,3,2
667,317,3,2
667,318,3,2
667,319,3,2
667,320,3,2
667,321,3,2
667,322,3,2
667,323,3,2
667,324,3,2
667,325,3,2
667,326,3,2
667,327,3,2
667,328,3,2
667,329,3,2
667,330,3,2
667,331,3,2
667,332,3,2
667,333,3,2
667,334,3,2
667,335,3,2
667,336,3,2
667,337,3,2
667,338,3,2
667,339,3,2
667,340,3,2
667,341,3,2
667,342,3,2
667,343,3,2
667,344,3,2
667,345,3,2
667,346,3,2
667,347,3,2
667,348,3,2
667,349,3,2
667,350,3,2
667,351,3,2
667,352,3,2
667,353,3,2
667,354,3,2
667,355,3,2
667,356,3,2
667,357,3,2
667,358,3,2
667,359,3,2
667,360,3,2
667,361,3,2
667,362,3,2
667,363,3,2
667,364,3,2
667,365,3,2
667,366,3,2
667,367,3,2
667,368,3,2
667,369,3,2
667,370,3,2
667,371,3,2
667,372,3,2
667,373,3,2
667,374,3,2
667,375,3,2
667,376,3,2
667,377,3,2
667,378,3,2
667,379,3,2
667,380,3,2
667,381,3,2
667,382,3,2
667,383,3,2
667,384,3,2
667,385,3,2
667,386,3,2
667,387,3,2
667,388,3,2
667,389,3,2
667,390,3,2
667,391,3,2
667,392,3,2
667,393,3,2
667,394,3,2
667,395,3,2
667,396,3,2
667,397,3,2
667,398,3,2
667,399,3,2
667,400,3,2
667,401,3,2
667,402,3,2
667,403,3,2
667,404,3,2
667,405,3,2
667,406,3,2
667,407,3,2
667,408,3,2
667,409,3,2
667,410,3,2
667,411,3,2
667,412,3,2
667,413,3,2
667,414,3,2
667,415,3,2
667,416,3,2
667,417,3,2
667,418,3,2
667,419,3,2
667,420,3,2
667,421,3,2
667,422,3,2
667,423,3,2
667,424,3,2
667,425,3,2
667,426,3,2
667,427,3,2
667,428,3,2
667,429,3,2
667,430,3,2
667,431,3,2
667,432,3,2
667,433,3,2
667,434,3,2
667,435,3,2
667,436,3,2
667,437,3,2
667,438,3,2
667,439,3,2
667,440,3,2
667,441,3,2
667,442,3,2
667,443,3,2
667,444,3,2
667,445,3,2
667,446,3,2
667,447,3,2
667,448,3,2
667,449,3,2
667,450,3,2
667,451,3,2
667,452,3,2
667,453,3,2
667,454,3,2
667,455,3,2
667,456,3,2
667,457,3,2
667,458,3,2
667,459,3,2
667,460,3,2
667,461,3,2
667,462,3,2
667,463,3,2
667,464,3,2
667,465,3,2
667,466,3,2
667,467,3,2
667,468,3,2
667,469,3,2
667,470,3,2
667,471,3,2
667,472,3,2
667,473,3,2
667,474,3,2
667,475,3,2
667,476,3,2
667,477,3,2
667,478,3,2
667,479,3,2
667,480,3,2
667,481,3,2
667,482,3,2
667,483,3,2
667,484,3,2
667,485,3,2
667,486,3,2
667,487,3,2
667,488,3,2
667,489,3,2
667,490,3,2
667,491,3,2
667,492,3,2
667,493,3,2
667,494,3,2
667,495,3,2
667,496,3,2
667,497,3,2
667,498,3,2
667,499,3,2
667,500,3,2
668,152,3,2
668,153,3,2
668,154,3,2
668,155,3,2
668,156,3,2
668,157,3,2
668,158,3,2
668,159,3,2
668,160,3,2
668,161,3,2
668,162,3,2
668,163,3,2
668,164,3,2
668,165,3,2
668,166,3,2
668,167,3,2
668,168,3,2
668,169,3,2
668,170,3,2
668,171,3,2
668,172,3,2
668,173,3,2
668,174,3,2
668,175,3,2
668,176,3,2
668,177,3,2
668,178,3,2
668,179,3,2
668,180,3,2
668,181,3,2
668,182,3,2
668,183,3,2
668,184,3,2
668,185,3,2
668,186,3,2
668,187,3,2
668,188,3,2
668,189,3,2
668,190,3,2
668,191,3,2
668,192,3,2
668,193,3,2
668,194,3,2
668,195,3,2
668,196,3,2
668,197,3,2
668,198,3,2
668,199,3,2
668,200,3,2
668,201,3,2
668,202,3,2
668,203,3,2
668,204,3,2
668,205,3,2
668,206,3,2
668,207,3,2
668,208,3,2
668,209,3,2
668,210,3,2
668,211,3,2
668,212,3,2
668,213,3,2
668,214,3,2
668,215,3,2
668,216,3,2
668,217,3,2
668,218,3,2
668,219,3,2
668,220,3,2
668,221,3,2
668,222,3,2
668,223,3,2
668,224,3,2
668,225,3,2
668,226,3,2
668,227,3,2
668,228,3,2
668,229,3,2
668,230,3,2
668,231,3,2
668,232,3,2
668,233,3,2
668,234,3,2
668,235,3,2
668,236,3,2
668,237,3,2
668,238,3,2
668,239,3,2
668,240,3,2
668,241,3,2
668,242,3,2
668,243,3,2
668,244,3,2
668,245,3,2
668,246,3,2
668,247,3,2
668,248,3,2
668,249,3,2
668,250,3,2
668,251,3,2
668,252,3,2
668,253,3,2
668,254,3,2
668,255,3,2
668,256,3,2
668,257,3,2
668,258,3,2
668,259,3,2
668,260,3,2
668,261,3,2
668,262,3,2
668,263,3,2
668,264,3,2
668,265,3,2
668,266,3,2
668,267,3,2
668,268,3,2
668,269,3,2
668,270,3,2
668,271,3,2
668,272,3,2
668,273,3,2
668,274,3,2
668,275,3,2
668,276,3,2
668,277,3,2
668,278,3,2
668,279,3,2
668,280,3,2
668,281,3,2
668,282,3,2
668,283,3,2
668,284,3,2
668,285,3,2
668,286,3,2
668,287,3,2
668,288,3,2
668,289,3,2
668,290,3,2
668,291,3,2
668,292,3,2
668,293,3,2
668,294,3,2
668,295,3,2
668,296,3,2
668,297,3,2
668,298,3,2
668,299,3,2
668,300,3,2
668,301,3,2
668,302,3,2
668,303,3,2
668,304,3,2
668,305,3,2
668,306,3,2
668,307,3,2
668,308,3,2
668,309,3,2
668,310,3,2
668,311,3,2
668,312,3,2
668,313,3,2
668,314,3,2
668,315,3,2
668,316,3,2
668,317,3,2
668,318,3,2
668,319,3,2
668,320,3,2
668,321,3,2
668,322,3,2
668,323,3,2
668,324,3,2
668,325,3,2
668,326,3,2
668,327,3,2
668,328,3,2
668,329,3,2
668,330,3,2
668,331,3,2
668,332,3,2
668,333,3,2
668,334,3,2
668,335,3,2
668,336,3,2
668,337,3,2
668,338,3,2
668,339,3,2
668,340,3,2
668,341,3,2
668,342,3,2
668,343,3,2
668,344,3,2
668,345,3,2
668,346,3,2
668,347,3,2
668,348,3,2
668,349,3,2
668,350,3,2
668,351,3,2
668,352,3,2
668,353,3,2
668,354,3,2
668,355,3,2
668,356,3,2
668,357,3,2
668,358,3,2
668,359,3,2
668,360,3,2
668,361,3,2
668,362,3,2
668,363,3,2
668,364,3,2
668,365,3,2
668,366,3,2
668,367,3,2
668,368,3,2
668,369,3,2
668,370,3,2
668,371,3,2
668,372,3,2
668,373,3,2
668,374,3,2
668,375,3,2
668,376,3,2
668,377,3,2
668,378,3,2
668,379,3,2
668,380,3,2
668,381,3,2
668,382,3,2
668,383,3,2
668,384,3,2
668,385,3,2
668,386,3,2
668,387,3,2
668,388,3,2
668,389,3,2
668,390,3,2
668,391,3,2
668,392,3,2
668,393,3,2
668,394,3,2
668,395,3,2
668,396,3,2
668,397,3,2
668,398,3,2
668,399,3,2
668,400,3,2
668,401,3,2
668,402,3,2
668,403,3,2
668,404,3,2
668,405,3,2
668,406,3,2
668,407,3,2
668,408,3,2
668,409,3,2
668,410,3,2
668,411,3,2
668,412,3,2
668,413,3,2
668,414,3,2
668,415,3,2
668,416,3,2
668,417,3,2
668,418,3,2
668,419,3,2
668,420,3,2
668,421,3,2
668,422,3,2
668,423,3,2
668,424,3,2
668,425,3,2
668,426,3,2
668,427,3,2
668,428,3,2
668,429,3,2
668,430,3,2
668,431,3,2
668,432,3,2
668,433,3,2
668,434,3,2
668,435,3,2
668,436,3,2
668,437,3,2
668,438,3,2
668,439,3,2
668,440,3,2
668,441,3,2
668,442,3,2
668,443,3,2
668,444,3,2
668,445,3,2
668,446,3,2
668,447,3,2
668,448,3,2
668,449,3,2
668,450,3,2
668,451,3,2
668,452,3,2
668,453,3,2
668,454,3,2
668,455,3,2
668,456,3,2
668,457,3,2
668,458,3,2
668,459,3,2
668,460,3,2
668,461,3,2
668,462,3,2
668,463,3,2
668,464,3,2
668,465,3,2
668,466,3,2
668,467,3,2
668,468,3,2
668,469,3,2
668,470,3,2
668,471,3,2
668,472,3,2
668,473,3,2
668,474,3,2
668,475,3,2
668,476,3,2
668,477,3,2
668,478,3,2
668,479,3,2
668,480,3,2
668,481,3,2
668,482,3,2
668,483,3,2
668,484,3,2
668,485,3,2
668,486,3,2
668,487,3,2
668,488,3,2
668,489,3,2
668,490,3,2
668,491,3,2
668,492,3,2
668,493,3,2
668,494,3,2
668,495,3,2
668,496,3,2
668,497,3,2
668,498,3,2
668,499,3,2
669,152,3,2
669,153,3,2
669,154,3,2
669,155,3,2
669,156,3,2
669,157,3,2
669,158,3,2
669,159,3,2
669,160,3,2
669,161,3,2
669,162,3,2
669,163,3,2
669,164,3,2
669,165,3,2
669,166,3,2
669,167,3,2
669,168,3,2
669,169,3,2
669,170,3,2
669,171,3,2
669,172,3,2
669,173,3,2
669,174,3,2
669,175,3,2
669,176,3,2
669,177,3,2
669,178,3,2
669,179,3,2
669,180,3,2
669,181,3,2
669,182,3,2
669,183,3,2
669,184,3,2
669,185,3,2
669,186,3,2
669,187,3,2
669,188,3,2
669,189,3,2
669,190,3,2
669,191,3,2
669,192,3,2
669,193,3,2
669,194,3,2
669,195,3,2
669,196,3,2
669,197,3,2
669,198,3,2
669,199,3,2
669,200,3,2
669,201,3,2
669,202,3,2
669,203,3,2
669,204,3,2
669,205,3,2
669,206,3,2
669,207,3,2
669,208,3,2
669,209,3,2
669,210,3,2
669,211,3,2
669,212,3,2
669,213,3,2
669,214,3,2
669,215,3,2
669,216,3,2
669,217,3,2
669,218,3,2
669,219,3,2
669,220,3,2
669,221,3,2
669,222,3,2
669,223,3,2
669,224,3,2
669,225,3,2
669,226,3,2
669,227,3,2
669,228,3,2
669,229,3,2
669,230,3,2
669,231,3,2
669,232,3,2
669,233,3,2
669,234,3,2
669,235,3,2
669,236,3,2
669,237,3,2
669,238,3,2
669,239,3,2
669,240,3,2
669,241,3,2
669,242,3,2
669,243,3,2
669,244,3,2
669,245,3,2
669,246,3,2
669,247,3,2
669,248,3,2
669,249,3,2
669,250,3,2
669,251,3,2
669,252,3,2
669,253,3,2
669,254,3,2
669,255,3,2
669,256,3,2
669,257,3,2
669,258,3,2
669,259,3,2
669,260,3,2
669,261,3,2
669,262,3,2
669,263,3,2
669,264,3,2
669,265,3,2
669,266,3,2
669,267,3,2
669,268,3,2
669,269,3,2
669,270,3,2
669,271,3,2
669,272,3,2
669,273,3,2
669,274,3,2
669,275,3,2
669,276,3,2
669,277,3,2
669,278,3,2
669,279,3,2
669,280,3,2
669,281,3,2
669,282,3,2
669,283,3,2
669,284,3,2
669,285,3,2
669,286,3,2
669,287,3,2
669,288,3,2
669,289,3,2
669,290,3,2
669,291,3,2
669,292,3,2
669,293,3,2
669,294,3,2
669,295,3,2
669,296,3,2
669,297,3,2
669,298,3,2
669,299,3,2
669,300,3,2
669,301,3,2
669,302,3,2
669,303,3,2
669,304,3,2
669,305,3,2
669,306,3,2
669,307,3,2
669,308,3,2
669,309,3,2
669,310,3,2
669,311,3,2
669,312,3,2
669,313,3,2
669,314,3,2
669,315,3,2
669,316,3,2
669,317,3,2
669,318,3,2
669,319,3,2
669,320,3,2
669,321,3,2
669,322,3,2
669,323,3,2
669,324,3,2
669,325,3,2
669,326,3,2
669,327,3,2
669,328,3,2
669,329,3,2
669,330,3,2
669,331,3,2
669,332,3,2
669,333,3,2
669,334,3,2
669,335,3,2
669,336,3,2
669,337,3,2
669,338,3,2
669,339,3,2
669,340,3,2
669,341,3,2
669,342,3,2
669,343,3,2
669,344,3,2
669,345,3,2
669,346,3,2
669,347,3,2
669,348,3,2
669,349,3,2
669,350,3,2
669,351,3,2
669,352,3,2
669,353,3,2
669,354,3,2
669,355,3,2
669,356,3,2
669,357,3,2
669,358,3,2
669,359,3,2
669,360,3,2
669,361,3,2
669,362,3,2
669,363,3,2
669,364,3,2
669,365,3,2
669,366,3,2
669,367,3,2
669,368,3,2
669,369,3,2
669,370,3,2
669,371,3,2
669,372,3,2
669,373,3,2
669,374,3,2
669,375,3,2
669,376,3,2
669,377,3,2
669,378,3,2
669,379,3,2
669,380,3,2
669,381,3,2
669,382,3,2
669,383,3,2
669,384,3,2
669,385,3,2
669,386,3,2
669,387,3,2
669,388,3,2
669,389,3,2
669,390,3,2
669,391,3,2
669,392,3,2
669,393,3,2
669,394,3,2
669,395,3,2
669,396,3,2
669,397,3,2
669,398,3,2
669,399,3,2
669,400,3,2
669,401,3,2
669,402,3,2
669,403,3,2
669,404,3,2
669,405,3,2
669,406,3,2
669,407,3,2
669,408,3,2
669,409,3,2
669,410,3,2
669,411,3,2
669,412,3,2
669,413,3,2
669,414,3,2
669,415,3,2
669,416,3,2
669,417,3,2
669,418,3,2
669,419,3,2
669,420,3,2
669,421,3,2
669,422,3,2
669,423,3,2
669,424,3,2
669,425,3,2
669,426,3,2
669,427,3,2
669,428,3,2
669,429,3,2
669,430,3,2
669,431,3,2
669,432,3,2
669,433,3,2
669,434,3,2
669,435,3,2
669,436,3,2
669,437,3,2
669,438,3,2
669,439,3,2
669,440,3,2
669,441,3,2
669,442,3,2
669,443,3,2
669,444,3,2
669,445,3,2
669,446,3,2
669,447,3,2
669,448,3,2
669,449,3,2
669,450,3,2
669,451,3,2
669,452,3,2
669,453,3,2
669,454,3,2
669,455,3,2
669,456,3,2
669,457,3,2
669,458,3,2
669,459,3,2
669,460,3,2
669,461,3,2
669,462,3,2
669,463,3,2
669,464,3,2
669,465,3,2
669,466,3,2
669,467,3,2
669,468,3,2
669,469,3,2
669,470,3,2
669,471,3,2
669,472,3,2
669,473,3,2
669,474,3,2
669,475,3,2
669,476,3,2
669,477,3,2
669,478,3,2
669,479,3,2
669,480,3,2
669,481,3,2
669,482,3,2
669,483,3,2
669,484,3,2
669,485,3,2
669,486,3,2
669,487,3,2
669,488,3,2
669,489,3,2
669,490,3,2
669,491,3,2
669,492,3,2
669,493,3,2
669,494,3,2
669,495,3,2
669,496,3,2
669,497,3,2
669,498,3,2
669,499,3,2
670,153,3,2
670,154,3,2
670,155,3,2
670,156,3,2
670,157,3,2
670,158,3,2
670,159,3,2
670,160,3,2
670,161,3,2
670,162,3,2
670,163,3,2
670,164,3,2
670,165,3,2
670,166,3,2
670,167,3,2
670,168,3,2
670,169,3,2
670,170,3,2
670,171,3,2
670,172,3,2
670,173,3,2
670,174,3,2
670,175,3,2
670,176,3,2
670,177,3,2
670,178,3,2
670,179,3,2
670,180,3,2
670,181,3,2
670,182,3,2
670,183,3,2
670,184,3,2
670,185,3,2
670,186,3,2
670,187,3,2
670,188,3,2
670,189,3,2
670,190,3,2
670,191,3,2
670,192,3,2
670,193,3,2
670,194,3,2
670,195,3,2
670,196,3,2
670,197,3,2
670,198,3,2
670,199,3,2
670,200,3,2
670,201,3,2
670,202,3,2
670,203,3,2
670,204,3,2
670,205,3,2
670,206,3,2
670,207,3,2
670,208,3,2
670,209,3,2
670,210,3,2
670,211,3,2
670,212,3,2
670,213,3,2
670,214,3,2
670,215,3,2
670,216,3,2
670,217,3,2
670,218,3,2
670,219,3,2
670,220,3,2
670,221,3,2
670,222,3,2
670,223,3,2
670,224,3,2
670,225,3,2
670,226,3,2
670,227,3,2
670,228,3,2
670,229,3,2
670,230,3,2
670,231,3,2
670,232,3,2
670,233,3,2
670,234,3,2
670,235,3,2
670,236,3,2
670,237,3,2
670,238,3,2
670,239,3,2
670,240,3,2
670,241,3,2
670,242,3,2
670,243,3,2
670,244,3,2
670,245,3,2
670,246,3,2
670,247,3,2
670,248,3,2
670,249,3,2
670,250,3,2
670,251,3,2
670,252,3,2
670,253,3,2
670,254,3,2
670,255,3,2
670,256,3,2
670,257,3,2
670,258,3,2
670,259,3,2
670,260,3,2
670,261,3,2
670,262,3,2
670,263,3,2
670,264,3,2
670,265,3,2
670,266,3,2
670,267,3,2
670,268,3,2
670,269,3,2
670,270,3,2
670,271,3,2
670,272,3,2
670,273,3,2
670,274,3,2
670,275,3,2
670,276,3,2
670,277,3,2
670,278,3,2
670,279,3,2
670,280,3,2
670,281,3,2
670,282,3,2
670,283,3,2
670,284,3,2
670,285,3,2
670,286,3,2
670,287,3,2
670,288,3,2
670,289,3,2
670,290,3,2
670,291,3,2
670,292,3,2
670,293,3,2
670,294,3,2
670,295,3,2
670,296,3,2
670,297,3,2
670,298,3,2
670,299,3,2
670,300,3,2
670,301,3,2
670,302,3,2
670,303,3,2
670,304,3,2
670,305,3,2
670,306,3,2
670,307,3,2
670,308,3,2
670,309,3,2
670,310,3,2
670,311,3,2
670,312,3,2
670,313,3,2
670,314,3,2
670,315,3,2
670,316,3,2
670,317,3,2
670,318,3,2
670,319,3,2
670,320,3,2
670,321,3,2
670,322,3,2
670,323,3,2
670,324,3,2
670,325,3,2
670,326,3,2
670,327,3,2
670,328,3,2
670,329,3,2
670,330,3,2
670,331,3,2
670,332,3,2
670,333,3,2
670,334,3,2
670,335,3,2
670,336,3,2
670,337,3,2
670,338,3,2
670,339,3,2
670,340,3,2
670,341,3,2
670,342,3,2
670,343,3,2
670,344,3,2
670,345,3,2
670,346,3,2
670,347,3,2
670,348,3,2
670,349,3,2
670,350,3,2
670,351,3,2
670,352,3,2
670,353,3,2
670,354,3,2
670,355,3,2
670,356,3,2
670,357,3,2
670,358,3,2
670,359,3,2
670,360,3,2
670,361,3,2
670,362,3,2
670,363,3,2
670,364,3,2
670,365,3,2
670,366,3,2
670,367,3,2
670,368,3,2
670,369,3,2
670,370,3,2
670,371,3,2
670,372,3,2
670,373,3,2
670,374,3,2
670,375,3,2
670,376,3,2
670,377,3,2
670,378,3,2
670,379,3,2
670,380,3,2
670,381,3,2
670,382,3,2
670,383,3,2
670,384,3,2
670,385,3,2
670,386,3,2
670,387,3,2
670,388,3,2
670,389,3,2
670,390,3,2
670,391,3,2
670,392,3,2
670,393,3,2
670,394,3,2
670,395,3,2
670,396,3,2
670,397,3,2
670,398,3,2
670,399,3,2
670,400,3,2
670,401,3,2
670,402,3,2
670,403,3,2
670,404,3,2
670,405,3,2
670,406,3,2
670,407,3,2
670,408,3,2
670,409,3,2
670,410,3,2
670,411,3,2
670,412,3,2
670,413,3,2
670,414,3,2
670,415,3,2
670,416,3,2
670,417,3,2
670,418,3,2
670,419,3,2
670,420,3,2
670,421,3,2
670,422,3,2
670,423,3,2
670,424,3,2
670,425,3,2
670,426,3,2
670,427,3,2
670,428,3,2
670,429,3,2
670,430,3,2
670,431,3,2
670,432,3,2
670,433,3,2
670,434,3,2
670,435,3,2
670,436,3,2
670,437,3,2
670,438,3,2
670,439,3,2
670,440,3,2
670,441,3,2
670,442,3,2
670,443,3,2
670,444,3,2
670,445,3,2
670,446,3,2
670,447,3,2
670,448,3,2
670,449,3,2
670,450,3,2
670,451,3,2
670,452,3,2
670,453,3,2
670,454,3,2
670,455,3,2
670,456,3,2
670,457,3,2
670,458,3,2
670,459,3,2
670,460,3,2
670,461,3,2
670,462,3,2
670,463,3,2
670,464,3,2
670,465,3,2
670,466,3,2
670,467,3,2
670,468,3,2
670,469,3,2
670,470,3,2
670,471,3,2
670,472,3,2
670,473,3,2
670,474,3,2
670,475,3,2
670,476,3,2
670,477,3,2
670,478,3,2
670,479,3,2
670,480,3,2
670,481,3,2
670,482,3,2
670,483,3,2
670,484,3,2
670,485,3,2
670,486,3,2
670,487,3,2
670,488,3,2
670,489,3,2
670,490,3,2
670,491,3,2
670,492,3,2
670,493,3,2
670,494,3,2
670,495,3,2
670,496,3,2
670,497,3,2
670,498,3,2
671,153,3,2
671,154,3,2
671,155,3,2
671,156,3,2
671,157,3,2
671,158,3,2
671,159,3,2
671,160,3,2
671,161,3,2
671,162,3,2
671,163,3,2
671,164,3,2
671,165,3,2
671,166,3,2
671,167,3,2
671,168,3,2
671,169,3,2
671,170,3,2
671,171,3,2
671,172,3,2
671,173,3,2
671,174,3,2
671,175,3,2
671,176,3,2
671,177,3,2
671,178,3,2
671,179,3,2
671,180,3,2
671,181,3,2
671,182,3,2
671,183,3,2
671,184,3,2
671,185,3,2
671,186,3,2
671,187,3,2
671,188,3,2
671,189,3,2
671,190,3,2
671,191,3,2
671,192,3,2
671,193,3,2
671,194,3,2
671,195,3,2
671,196,3,2
671,197,3,2
671,198,3,2
671,199,3,2
671,200,3,2
671,201,3,2
671,202,3,2
671,203,3,2
671,204,3,2
671,205,3,2
671,206,3,2
671,207,3,2
671,208,3,2
671,209,3,2
671,210,3,2
671,211,3,2
671,212,3,2
671,213,3,2
671,214,3,2
671,215,3,2
671,216,3,2
671,217,3,2
671,218,3,2
671,219,3,2
671,220,3,2
671,221,3,2
671,222,3,2
671,223,3,2
671,224,3,2
671,225,3,2
671,226,3,2
671,227,3,2
671,228,3,2
671,229,3,2
671,230,3,2
671,231,3,2
671,232,3,2
671,233,3,2
671,234,3,2
671,235,3,2
671,236,3,2
671,237,3,2
671,238,3,2
671,239,3,2
671,240,3,2
671,241,3,2
671,242,3,2
671,243,3,2
671,244,3,2
671,245,3,2
671,246,3,2
671,247,3,2
671,248,3,2
671,249,3,2
671,250,3,2
671,251,3,2
671,252,3,2
671,253,3,2
671,254,3,2
671,255,3,2
671,256,3,2
671,257,3,2
671,258,3,2
671,259,3,2
671,260,3,2
671,261,3,2
671,262,3,2
671,263,3,2
671,264,3,2
671,265,3,2
671,266,3,2
671,267,3,2
671,268,3,2
671,269,3,2
671,270,3,2
671,271,3,2
671,272,3,2
671,273,3,2
671,274,3,2
671,275,3,2
671,276,3,2
671,277,3,2
671,278,3,2
671,279,3,2
671,280,3,2
671,281,3,2
671,282,3,2
671,283,3,2
671,284,3,2
671,285,3,2
671,286,3,2
671,287,3,2
671,288,3,2
671,289,3,2
671,290,3,2
671,291,3,2
671,292,3,2
671,293,3,2
671,294,3,2
671,295,3,2
671,296,3,2
671,297,3,2
671,298,3,2
671,299,3,2
671,300,3,2
671,301,3,2
671,302,3,2
671,303,3,2
671,304,3,2
671,305,3,2
671,306,3,2
671,307,3,2
671,308,3,2
671,309,3,2
671,310,3,2
671,311,3,2
671,312,3,2
671,313,3,2
671,314,3,2
671,315,3,2
671,316,3,2
671,317,3,2
671,318,3,2
671,319,3,2
671,320,3,2
671,321,3,2
671,322,3,2
671,323,3,2
671,324,3,2
671,325,3,2
671,326,3,2
671,327,3,2
671,328,3,2
671,329,3,2
671,330,3,2
671,331,3,2
671,332,3,2
671,333,3,2
671,334,3,2
671,335,3,2
671,336,3,2
671,337,3,2
671,338,3,2
671,339,3,2
671,340,3,2
671,341,3,2
671,342,3,2
671,343,3,2
671,344,3,2
671,345,3,2
671,346,3,2
671,347,3,2
671,348,3,2
671,349,3,2
671,350,3,2
671,351,3,2
671,352,3,2
671,353,3,2
671,354,3,2
671,355,3,2
671,356,3,2
671,357,3,2
671,358,3,2
671,359,3,2
671,360,3,2
671,361,3,2
671,362,3,2
671,363,3,2
671,364,3,2
671,365,3,2
671,366,3,2
671,367,3,2
671,368,3,2
671,369,3,2
671,370,3,2
671,371,3,2
671,372,3,2
671,373,3,2
671,374,3,2
671,375,3,2
671,376,3,2
671,377,3,2
671,378,3,2
671,379,3,2
671,380,3,2
671,381,3,2
671,382,3,2
671,383,3,2
671,384,3,2
671,385,3,2
671,386,3,2
671,387,3,2
671,388,3,2
671,389,3,2
671,390,3,2
671,391,3,2
671,392,3,2
671,393,3,2
671,394,3,2
671,395,3,2
671,396,3,2
671,397,3,2
671,398,3,2
671,399,3,2
671,400,3,2
671,401,3,2
671,402,3,2
671,403,3,2
671,404,3,2
671,405,3,2
671,406,3,2
671,407,3,2
671,408,3,2
671,409,3,2
671,410,3,2
671,411,3,2
671,412,3,2
671,413,3,2
671,414,3,2
671,415,3,2
671,416,3,2
671,417,3,2
671,418,3,2
671,419,3,2
671,420,3,2
671,421,3,2
671,422,3,2
671,423,3,2
671,424,3,2
671,425,3,2
671,426,3,2
671,427,3,2
671,428,3,2
671,429,3,2
671,430,3,2
671,431,3,2
671,432,3,2
671,433,3,2
671,434,3,2
671,435,3,2
671,436,3,2
671,437,3,2
671,438,3,2
671,439,3,2
671,440,3,2
671,441,3,2
671,442,3,2
671,443,3,2
671,444,3,2
671,445,3,2
671,446,3,2
671,447,3,2
671,448,3,2
671,449,3,2
671,450,3,2
671,451,3,2
671,452,3,2
671,453,3,2
671,454,3,2
671,455,3,2
671,456,3,2
671,457,3,2
671,458,3,2
671,459,3,2
671,460,3,2
671,461,3,2
671,462,3,2
671,463,3,2
671,464,3,2
671,465,3,2
671,466,3,2
671,467,3,2
671,468,3,2
671,469,3,2
671,470,3,2
671,471,3,2
671,472,3,2
671,473,3,2
671,474,3,2
671,475,3,2
671,476,3,2
671,477,3,2
671,478,3,2
671,479,3,2
671,480,3,2
671,481,3,2
671,482,3,2
671,483,3,2
671,484,3,2
671,485,3,2
671,486,3,2
671,487,3,2
671,488,3,2
671,489,3,2
671,490,3,2
671,491,3,2
671,496,3,2
671,497,3,2
671,498,3,2
672,154,3,2
672,155,3,2
672,156,3,2
672,157,3,2
672,158,3,2
672,159,3,2
672,160,3,2
672,161,3,2
672,162,3,2
672,163,3,2
672,164,3,2
672,165,3,2
672,166,3,2
672,167,3,2
672,168,3,2
672,169,3,2
672,170,3,2
672,171,3,2
672,172,3,2
672,173,3,2
672,174,3,2
672,175,3,2
672,176,3,2
672,177,3,2
672,178,3,2
672,179,3,2
672,180,3,2
672,181,3,2
672,182,3,2
672,183,3,2
672,184,3,2
672,185,3,2
672,186,3,2
672,187,3,2
672,188,3,2
672,189,3,2
672,190,3,2
672,191,3,2
672,192,3,2
672,193,3,2
672,194,3,2
672,195,3,2
672,196,3,2
672,197,3,2
672,198,3,2
672,199,3,2
672,200,3,2
672,201,3,2
672,202,3,2
672,203,3,2
672,204,3,2
672,205,3,2
672,206,3,2
672,207,3,2
672,208,3,2
672,209,3,2
672,210,3,2
672,211,3,2
672,212,3,2
672,213,3,2
672,214,3,2
672,215,3,2
672,216,3,2
672,217,3,2
672,218,3,2
672,219,3,2
672,220,3,2
672,221,3,2
672,222,3,2
672,223,3,2
672,224,3,2
672,225,3,2
672,226,3,2
672,227,3,2
672,228,3,2
672,229,3,2
672,230,3,2
672,231,3,2
672,232,3,2
672,233,3,2
672,234,3,2
672,235,3,2
672,236,3,2
672,237,3,2
672,238,3,2
672,239,3,2
672,240,3,2
672,241,3,2
672,242,3,2
672,243,3,2
672,244,3,2
672,245,3,2
672,246,3,2
672,247,3,2
672,248,3,2
672,249,3,2
672,250,3,2
672,251,3,2
672,252,3,2
672,253,3,2
672,254,3,2
672,255,3,2
672,256,3,2
672,257,3,2
672,258,3,2
672,259,3,2
672,260,3,2
672,261,3,2
672,262,3,2
672,263,3,2
672,264,3,2
672,265,3,2
672,266,3,2
672,267,3,2
672,268,3,2
672,269,3,2
672,270,3,2
672,271,3,2
672,272,3,2
672,273,3,2
672,274,3,2
672,275,3,2
672,276,3,2
672,277,3,2
672,278,3,2
672,279,3,2
672,280,3,2
672,281,3,2
672,282,3,2
672,283,3,2
672,284,3,2
672,285,3,2
672,286,3,2
672,287,3,2
672,288,3,2
672,289,3,2
672,290,3,2
672,291,3,2
672,292,3,2
672,293,3,2
672,294,3,2
672,295,3,2
672,296,3,2
672,297,3,2
672,298,3,2
672,299,3,2
672,300,3,2
672,301,3,2
672,302,3,2
672,303,3,2
672,304,3,2
672,305,3,2
672,306,3,2
672,307,3,2
672,308,3,2
672,309,3,2
672,310,3,2
672,311,3,2
672,312,3,2
672,313,3,2
672,314,3,2
672,315,3,2
672,316,3,2
672,317,3,2
672,318,3,2
672,319,3,2
672,320,3,2
672,321,3,2
672,322,3,2
672,323,3,2
672,324,3,2
672,325,3,2
672,326,3,2
672,327,3,2
672,328,3,2
672,329,3,2
672,330,3,2
672,331,3,2
672,332,3,2
672,333,3,2
672,334,3,2
672,335,3,2
672,336,3,2
672,337,3,2
672,338,3,2
672,339,3,2
672,340,3,2
672,341,3,2
672,342,3,2
672,343,3,2
672,344,3,2
672,345,3,2
672,346,3,2
672,347,3,2
672,348,3,2
672,349,3,2
672,350,3,2
672,351,3,2
672,352,3,2
672,353,3,2
672,354,3,2
672,355,3,2
672,356,3,2
672,357,3,2
672,358,3,2
672,359,3,2
672,360,3,2
672,361,3,2
672,362,3,2
672,363,3,2
672,364,3,2
672,365,3,2
672,366,3,2
672,367,3,2
672,368,3,2
672,369,3,2
672,370,3,2
672,371,3,2
672,372,3,2
672,373,3,2
672,374,3,2
672,375,3,2
672,376,3,2
672,377,3,2
672,378,3,2
672,379,3,2
672,380,3,2
672,381,3,2
672,382,3,2
672,383,3,2
672,384,3,2
672,385,3,2
672,386,3,2
672,387,3,2
672,388,3,2
672,389,3,2
672,390,3,2
672,391,3,2
672,392,3,2
672,393,3,2
672,394,3,2
672,395,3,2
672,396,3,2
672,397,3,2
672,398,3,2
672,399,3,2
672,400,3,2
672,401,3,2
672,402,3,2
672,403,3,2
672,404,3,2
672,405,3,2
672,406,3,2
672,407,3,2
672,408,3,2
672,409,3,2
672,410,3,2
672,411,3,2
672,412,3,2
672,413,3,2
672,414,3,2
672,415,3,2
672,416,3,2
672,417,3,2
672,418,3,2
672,419,3,2
672,420,3,2
672,421,3,2
672,422,3,2
672,423,3,2
672,424,3,2
672,425,3,2
672,426,3,2
672,427,3,2
672,428,3,2
672,429,3,2
672,430,3,2
672,431,3,2
672,432,3,2
672,433,3,2
672,434,3,2
672,435,3,2
672,436,3,2
672,437,3,2
672,438,3,2
672,439,3,2
672,440,3,2
672,441,3,2
672,442,3,2
672,443,3,2
672,444,3,2
672,445,3,2
672,446,3,2
672,447,3,2
672,448,3,2
672,449,3,2
672,450,3,2
672,451,3,2
672,452,3,2
672,453,3,2
672,454,3,2
672,455,3,2
672,456,3,2
672,457,3,2
672,458,3,2
672,459,3,2
672,460,3,2
672,461,3,2
672,462,3,2
672,463,3,2
672,464,3,2
672,465,3,2
672,466,3,2
672,467,3,2
672,468,3,2
672,469,3,2
672,470,3,2
672,471,3,2
672,472,3,2
672,473,3,2
672,474,3,2
672,475,3,2
672,476,3,2
672,477,3,2
672,478,3,2
672,479,3,2
672,480,3,2
672,481,3,2
672,482,3,2
672,483,3,2
672,484,3,2
672,485,3,2
672,486,3,2
672,487,3,2
672,488,3,2
672,489,3,2
673,156,3,2
673,157,3,2
673,158,3,2
673,159,3,2
673,160,3,2
673,161,3,2
673,162,3,2
673,163,3,2
673,164,3,2
673,165,3,2
673,166,3,2
673,167,3,2
673,168,3,2
673,169,3,2
673,170,3,2
673,171,3,2
673,172,3,2
673,173,3,2
673,174,3,2
673,175,3,2
673,176,3,2
673,177,3,2
673,178,3,2
673,179,3,2
673,180,3,2
673,181,3,2
673,182,3,2
673,183,3,2
673,184,3,2
673,185,3,2
673,186,3,2
673,187,3,2
673,188,3,2
673,189,3,2
673,190,3,2
673,191,3,2
673,192,3,2
673,193,3,2
673,194,3,2
673,195,3,2
673,196,3,2
673,197,3,2
673,198,3,2
673,199,3,2
673,200,3,2
673,201,3,2
673,202,3,2
673,203,3,2
673,204,3,2
673,205,3,2
673,206,3,2
673,207,3,2
673,208,3,2
673,209,3,2
673,210,3,2
673,211,3,2
673,212,3,2
673,213,3,2
673,214,3,2
673,215,3,2
673,216,3,2
673,217,3,2
673,218,3,2
673,219,3,2
673,220,3,2
673,221,3,2
673,222,3,2
673,223,3,2
673,224,3,2
673,225,3,2
673,226,3,2
673,227,3,2
673,228,3,2
673,229,3,2
673,230,3,2
673,231,3,2
673,232,3,2
673,233,3,2
673,234,3,2
673,235,3,2
673,236,3,2
673,237,3,2
673,238,3,2
673,239,3,2
673,240,3,2
673,241,3,2
673,242,3,2
673,243,3,2
673,244,3,2
673,245,3,2
673,246,3,2
673,247,3,2
673,248,3,2
673,249,3,2
673,250,3,2
673,251,3,2
673,252,3,2
673,253,3,2
673,254,3,2
673,255,3,2
673,256,3,2
673,257,3,2
673,258,3,2
673,259,3,2
673,260,3,2
673,261,3,2
673,262,3,2
673,263,3,2
673,264,3,2
673,265,3,2
673,266,3,2
673,267,3,2
673,268,3,2
673,269,3,2
673,270,3,2
673,271,3,2
673,272,3,2
673,273,3,2
673,274,3,2
673,275,3,2
673,276,3,2
673,277,3,2
673,278,3,2
673,279,3,2
673,280,3,2
673,281,3,2
673,282,3,2
673,283,3,2
673,284,3,2
673,285,3,2
673,286,3,2
673,287,3,2
673,288,3,2
673,289,3,2
673,290,3,2
673,291,3,2
673,292,3,2
673,293,3,2
673,294,3,2
673,295,3,2
673,296,3,2
673,297,3,2
673,298,3,2
673,299,3,2
673,300,3,2
673,301,3,2
673,302,3,2
673,303,3,2
673,304,3,2
673,305,3,2
673,306,3,2
673,307,3,2
673,308,3,2
673,309,3,2
673,310,3,2
673,311,3,2
673,312,3,2
673,313,3,2
673,314,3,2
673,315,3,2
673,316,3,2
673,317,3,2
673,318,3,2
673,319,3,2
673,320,3,2
673,321,3,2
673,322,3,2
673,323,3,2
673,324,3,2
673,325,3,2
673,326,3,2
673,327,3,2
673,328,3,2
673,329,3,2
673,330,3,2
673,331,3,2
673,332,3,2
673,333,3,2
673,334,3,2
673,335,3,2
673,336,3,2
673,337,3,2
673,338,3,2
673,339,3,2
673,340,3,2
673,341,3,2
673,342,3,2
673,343,3,2
673,344,3,2
673,345,3,2
673,346,3,2
673,347,3,2
673,348,3,2
673,349,3,2
673,350,3,2
673,351,3,2
673,352,3,2
673,353,3,2
673,354,3,2
673,355,3,2
673,356,3,2
673,357,3,2
673,358,3,2
673,359,3,2
673,360,3,2
673,361,3,2
673,362,3,2
673,363,3,2
673,364,3,2
673,365,3,2
673,366,3,2
673,367,3,2
673,368,3,2
673,369,3,2
673,370,3,2
673,371,3,2
673,372,3,2
673,373,3,2
673,374,3,2
673,375,3,2
673,376,3,2
673,377,3,2
673,378,3,2
673,379,3,2
673,380,3,2
673,381,3,2
673,382,3,2
673,383,3,2
673,384,3,2
673,385,3,2
673,386,3,2
673,387,3,2
673,388,3,2
673,389,3,2
673,390,3,2
673,391,3,2
673,392,3,2
673,393,3,2
673,394,3,2
673,395,3,2
673,396,3,2
673,397,3,2
673,398,3,2
673,399,3,2
673,400,3,2
673,401,3,2
673,402,3,2
673,403,3,2
673,404,3,2
673,405,3,2
673,406,3,2
673,407,3,2
673,408,3,2
673,409,3,2
673,410,3,2
673,411,3,2
673,412,3,2
673,413,3,2
673,414,3,2
673,415,3,2
673,416,3,2
673,417,3,2
673,418,3,2
673,419,3,2
673,420,3,2
673,421,3,2
673,422,3,2
673,423,3,2
673,424,3,2
673,425,3,2
673,426,3,2
673,427,3,2
673,428,3,2
673,429,3,2
673,430,3,2
673,431,3,2
673,432,3,2
673,433,3,2
673,434,3,2
673,435,3,2
673,436,3,2
673,437,3,2
673,438,3,2
673,439,3,2
673,440,3,2
673,441,3,2
673,442,3,2
673,443,3,2
673,444,3,2
673,445,3,2
673,446,3,2
673,447,3,2
673,448,3,2
673,449,3,2
673,450,3,2
673,451,3,2
673,452,3,2
673,453,3,2
673,454,3,2
673,455,3,2
673,456,3,2
673,457,3,2
673,458,3,2
673,459,3,2
673,460,3,2
673,461,3,2
673,462,3,2
673,463,3,2
673,464,3,2
673,465,3,2
673,466,3,2
673,467,3,2
673,468,3,2
673,469,3,2
673,470,3,2
673,471,3,2
673,472,3,2
673,473,3,2
673,474,3,2
673,475,3,2
673,476,3,2
673,477,3,2
673,478,3,2
673,479,3,2
673,480,3,2
673,481,3,2
673,482,3,2
673,483,3,2
673,484,3,2
673,485,3,2
673,486,3,2
673,487,3,2
673,488,3,2
673,489,3,2
674,157,3,2
674,158,3,2
674,159,3,2
674,160,3,2
674,161,3,2
674,162,3,2
674,163,3,2
674,164,3,2
674,165,3,2
674,166,3,2
674,167,3,2
674,168,3,2
674,169,3,2
674,170,3,2
674,171,3,2
674,172,3,2
674,173,3,2
674,174,3,2
674,175,3,2
674,176,3,2
674,177,3,2
674,178,3,2
674,179,3,2
674,180,3,2
674,181,3,2
674,182,3,2
674,183,3,2
674,184,3,2
674,185,3,2
674,186,3,2
674,187,3,2
674,188,3,2
674,189,3,2
674,190,3,2
674,191,3,2
674,192,3,2
674,193,3,2
674,194,3,2
674,195,3,2
674,196,3,2
674,197,3,2
674,198,3,2
674,199,3,2
674,200,3,2
674,201,3,2
674,202,3,2
674,203,3,2
674,204,3,2
674,205,3,2
674,206,3,2
674,207,3,2
674,208,3,2
674,209,3,2
674,210,3,2
674,211,3,2
674,212,3,2
674,213,3,2
674,214,3,2
674,215,3,2
674,216,3,2
674,217,3,2
674,218,3,2
674,219,3,2
674,220,3,2
674,221,3,2
674,222,3,2
674,223,3,2
674,224,3,2
674,225,3,2
674,226,3,2
674,227,3,2
674,228,3,2
674,229,3,2
674,230,3,2
674,231,3,2
674,232,3,2
674,233,3,2
674,234,3,2
674,235,3,2
674,236,3,2
674,237,3,2
674,238,3,2
674,239,3,2
674,240,3,2
674,241,3,2
674,242,3,2
674,243,3,2
674,244,3,2
674,245,3,2
674,246,3,2
674,247,3,2
674,248,3,2
674,249,3,2
674,250,3,2
674,251,3,2
674,252,3,2
674,253,3,2
674,254,3,2
674,255,3,2
674,256,3,2
674,257,3,2
674,258,3,2
674,259,3,2
674,260,3,2
674,261,3,2
674,262,3,2
674,263,3,2
674,264,3,2
674,265,3,2
674,266,3,2
674,267,3,2
674,268,3,2
674,269,3,2
674,270,3,2
674,271,3,2
674,272,3,2
674,273,3,2
674,274,3,2
674,275,3,2
674,276,3,2
674,277,3,2
674,278,3,2
674,279,3,2
674,280,3,2
674,281,3,2
674,282,3,2
674,283,3,2
674,284,3,2
674,285,3,2
674,286,3,2
674,287,3,2
674,288,3,2
674,289,3,2
674,290,3,2
674,291,3,2
674,292,3,2
674,293,3,2
674,294,3,2
674,295,3,2
674,296,3,2
674,297,3,2
674,298,3,2
674,299,3,2
674,300,3,2
674,301,3,2
674,302,3,2
674,303,3,2
674,304,3,2
674,305,3,2
674,306,3,2
674,307,3,2
674,308,3,2
674,309,3,2
674,310,3,2
674,311,3,2
674,312,3,2
674,313,3,2
674,314,3,2
674,315,3,2
674,316,3,2
674,317,3,2
674,318,3,2
674,319,3,2
674,320,3,2
674,321,3,2
674,322,3,2
674,323,3,2
674,324,3,2
674,325,3,2
674,326,3,2
674,327,3,2
674,328,3,2
674,329,3,2
674,330,3,2
674,331,3,2
674,332,3,2
674,333,3,2
674,334,3,2
674,335,3,2
674,336,3,2
674,337,3,2
674,338,3,2
674,339,3,2
674,340,3,2
674,341,3,2
674,342,3,2
674,343,3,2
674,344,3,2
674,345,3,2
674,346,3,2
674,347,3,2
674,348,3,2
674,349,3,2
674,350,3,2
674,351,3,2
674,352,3,2
674,353,3,2
674,354,3,2
674,355,3,2
674,356,3,2
674,357,3,2
674,358,3,2
674,359,3,2
674,360,3,2
674,361,3,2
674,362,3,2
674,363,3,2
674,364,3,2
674,365,3,2
674,366,3,2
674,367,3,2
674,368,3,2
674,369,3,2
674,370,3,2
674,371,3,2
674,372,3,2
674,373,3,2
674,374,3,2
674,375,3,2
674,376,3,2
674,377,3,2
674,378,3,2
674,379,3,2
674,380,3,2
674,381,3,2
674,382,3,2
674,383,3,2
674,384,3,2
674,385,3,2
674,386,3,2
674,387,3,2
674,388,3,2
674,389,3,2
674,390,3,2
674,391,3,2
674,392,3,2
674,393,3,2
674,394,3,2
674,395,3,2
674,396,3,2
674,397,3,2
674,398,3,2
674,399,3,2
674,400,3,2
674,401,3,2
674,402,3,2
674,403,3,2
674,404,3,2
674,405,3,2
674,406,3,2
674,407,3,2
674,408,3,2
674,409,3,2
674,410,3,2
674,411,3,2
674,412,3,2
674,413,3,2
674,414,3,2
674,415,3,2
674,416,3,2
674,417,3,2
674,418,3,2
674,419,3,2
674,420,3,2
674,421,3,2
674,422,3,2
674,423,3,2
674,424,3,2
674,425,3,2
674,426,3,2
674,427,3,2
674,428,3,2
674,429,3,2
674,430,3,2
674,431,3,2
674,432,3,2
674,433,3,2
674,434,3,2
674,435,3,2
674,436,3,2
674,437,3,2
674,438,3,2
674,439,3,2
674,440,3,2
674,441,3,2
674,442,3,2
674,443,3,2
674,444,3,2
674,445,3,2
674,446,3,2
674,447,3,2
674,448,3,2
674,449,3,2
674,450,3,2
674,451,3,2
674,452,3,2
674,453,3,2
674,454,3,2
674,455,3,2
674,456,3,2
674,457,3,2
674,458,3,2
674,459,3,2
674,460,3,2
674,461,3,2
674,462,3,2
674,463,3,2
674,464,3,2
674,465,3,2
674,466,3,2
674,467,3,2
674,468,3,2
674,469,3,2
674,470,3,2
674,471,3,2
674,472,3,2
674,473,3,2
674,474,3,2
674,475,3,2
674,476,3,2
674,477,3,2
674,478,3,2
674,479,3,2
674,480,3,2
674,481,3,2
674,482,3,2
674,483,3,2
674,484,3,2
674,485,3,2
674,486,3,2
674,487,3,2
674,488,3,2
674,489,3,2
675,159,3,2
675,160,3,2
675,161,3,2
675,162,3,2
675,163,3,2
675,164,3,2
675,165,3,2
675,166,3,2
675,167,3,2
675,168,3,2
675,169,3,2
675,170,3,2
675,171,3,2
675,172,3,2
675,173,3,2
675,174,3,2
675,175,3,2
675,176,3,2
675,177,3,2
675,178,3,2
675,179,3,2
675,180,3,2
675,181,3,2
675,182,3,2
675,183,3,2
675,184,3,2
675,185,3,2
675,186,3,2
675,187,3,2
675,188,3,2
675,189,3,2
675,190,3,2
675,191,3,2
675,192,3,2
675,193,3,2
675,194,3,2
675,195,3,2
675,196,3,2
675,197,3,2
675,198,3,2
675,199,3,2
675,200,3,2
675,201,3,2
675,202,3,2
675,203,3,2
675,204,3,2
675,205,3,2
675,206,3,2
675,207,3,2
675,208,3,2
675,209,3,2
675,210,3,2
675,211,3,2
675,212,3,2
675,213,3,2
675,214,3,2
675,215,3,2
675,216,3,2
675,217,3,2
675,218,3,2
675,219,3,2
675,220,3,2
675,221,3,2
675,222,3,2
675,223,3,2
675,224,3,2
675,225,3,2
675,226,3,2
675,227,3,2
675,228,3,2
675,229,3,2
675,230,3,2
675,231,3,2
675,232,3,2
675,233,3,2
675,234,3,2
675,235,3,2
675,236,3,2
675,237,3,2
675,238,3,2
675,239,3,2
675,240,3,2
675,241,3,2
675,242,3,2
675,243,3,2
675,244,3,2
675,245,3,2
675,246,3,2
675,247,3,2
675,248,3,2
675,249,3,2
675,250,3,2
675,251,3,2
675,252,3,2
675,253,3,2
675,254,3,2
675,255,3,2
675,256,3,2
675,257,3,2
675,258,3,2
675,259,3,2
675,260,3,2
675,261,3,2
675,262,3,2
675,263,3,2
675,264,3,2
675,265,3,2
675,266,3,2
675,267,3,2
675,268,3,2
675,269,3,2
675,270,3,2
675,271,3,2
675,272,3,2
675,273,3,2
675,274,3,2
675,275,3,2
675,276,3,2
675,277,3,2
675,278,3,2
675,279,3,2
675,280,3,2
675,281,3,2
675,282,3,2
675,283,3,2
675,284,3,2
675,285,3,2
675,286,3,2
675,287,3,2
675,288,3,2
675,289,3,2
675,290,3,2
675,291,3,2
675,292,3,2
675,293,3,2
675,294,3,2
675,295,3,2
675,296,3,2
675,297,3,2
675,298,3,2
675,299,3,2
675,300,3,2
675,301,3,2
675,302,3,2
675,303,3,2
675,304,3,2
675,305,3,2
675,306,3,2
675,307,3,2
675,308,3,2
675,309,3,2
675,310,3,2
675,311,3,2
675,312,3,2
675,313,3,2
675,314,3,2
675,315,3,2
675,316,3,2
675,317,3,2
675,318,3,2
675,319,3,2
675,320,3,2
675,321,3,2
675,322,3,2
675,323,3,2
675,324,3,2
675,325,3,2
675,326,3,2
675,327,3,2
675,328,3,2
675,329,3,2
675,330,3,2
675,331,3,2
675,332,3,2
675,333,3,2
675,334,3,2
675,335,3,2
675,336,3,2
675,337,3,2
675,338,3,2
675,339,3,2
675,340,3,2
675,341,3,2
675,342,3,2
675,343,3,2
675,344,3,2
675,345,3,2
675,346,3,2
675,347,3,2
675,348,3,2
675,349,3,2
675,350,3,2
675,351,3,2
675,352,3,2
675,353,3,2
675,354,3,2
675,355,3,2
675,356,3,2
675,357,3,2
675,358,3,2
675,359,3,2
675,360,3,2
675,361,3,2
675,362,3,2
675,363,3,2
675,364,3,2
675,365,3,2
675,366,3,2
675,367,3,2
675,368,3,2
675,369,3,2
675,370,3,2
675,371,3,2
675,372,3,2
675,373,3,2
675,374,3,2
675,375,3,2
675,376,3,2
675,377,3,2
675,378,3,2
675,379,3,2
675,380,3,2
675,381,3,2
675,382,3,2
675,383,3,2
675,384,3,2
675,385,3,2
675,386,3,2
675,387,3,2
675,388,3,2
675,389,3,2
675,390,3,2
675,391,3,2
675,392,3,2
675,393,3,2
675,394,3,2
675,395,3,2
675,396,3,2
675,397,3,2
675,398,3,2
675,399,3,2
675,400,3,2
675,401,3,2
675,402,3,2
675,403,3,2
675,404,3,2
675,405,3,2
675,406,3,2
675,407,3,2
675,408,3,2
675,409,3,2
675,410,3,2
675,411,3,2
675,412,3,2
675,413,3,2
675,414,3,2
675,415,3,2
675,416,3,2
675,417,3,2
675,418,3,2
675,419,3,2
675,420,3,2
675,421,3,2
675,422,3,2
675,423,3,2
675,424,3,2
675,425,3,2
675,426,3,2
675,427,3,2
675,428,3,2
675,429,3,2
675,430,3,2
675,431,3,2
675,432,3,2
675,433,3,2
675,434,3,2
675,435,3,2
675,436,3,2
675,437,3,2
675,438,3,2
675,439,3,2
675,440,3,2
675,441,3,2
675,442,3,2
675,443,3,2
675,444,3,2
675,445,3,2
675,446,3,2
675,447,3,2
675,448,3,2
675,449,3,2
675,450,3,2
675,451,3,2
675,452,3,2
675,453,3,2
675,454,3,2
675,455,3,2
675,456,3,2
675,457,3,2
675,458,3,2
675,459,3,2
675,460,3,2
675,461,3,2
675,462,3,2
675,463,3,2
675,464,3,2
675,465,3,2
675,466,3,2
675,467,3,2
675,468,3,2
675,469,3,2
675,470,3,2
675,471,3,2
675,472,3,2
675,473,3,2
675,474,3,2
675,475,3,2
675,476,3,2
675,477,3,2
675,478,3,2
675,481,3,2
675,482,3,2
675,483,3,2
675,484,3,2
675,485,3,2
675,486,3,2
675,487,3,2
675,488,3,2
676,160,3,2
676,161,3,2
676,162,3,2
676,163,3,2
676,164,3,2
676,165,3,2
676,166,3,2
676,167,3,2
676,168,3,2
676,169,3,2
676,170,3,2
676,171,3,2
676,172,3,2
676,173,3,2
676,174,3,2
676,175,3,2
676,176,3,2
676,177,3,2
676,178,3,2
676,179,3,2
676,180,3,2
676,181,3,2
676,182,3,2
676,183,3,2
676,184,3,2
676,185,3,2
676,186,3,2
676,187,3,2
676,188,3,2
676,189,3,2
676,190,3,2
676,191,3,2
676,192,3,2
676,193,3,2
676,194,3,2
676,195,3,2
676,196,3,2
676,197,3,2
676,198,3,2
676,199,3,2
676,200,3,2
676,201,3,2
676,202,3,2
676,203,3,2
676,204,3,2
676,205,3,2
676,206,3,2
676,207,3,2
676,208,3,2
676,209,3,2
676,210,3,2
676,211,3,2
676,212,3,2
676,213,3,2
676,214,3,2
676,215,3,2
676,216,3,2
676,217,3,2
676,218,3,2
676,219,3,2
676,220,3,2
676,221,3,2
676,222,3,2
676,223,3,2
676,224,3,2
676,225,3,2
676,226,3,2
676,227,3,2
676,228,3,2
676,229,3,2
676,230,3,2
676,231,3,2
676,232,3,2
676,233,3,2
676,234,3,2
676,235,3,2
676,236,3,2
676,237,3,2
676,238,3,2
676,239,3,2
676,240,3,2
676,241,3,2
676,242,3,2
676,243,3,2
676,244,3,2
676,245,3,2
676,246,3,2
676,247,3,2
676,248,3,2
676,249,3,2
676,250,3,2
676,251,3,2
676,252,3,2
676,253,3,2
676,254,3,2
676,255,3,2
676,256,3,2
676,257,3,2
676,258,3,2
676,259,3,2
676,260,3,2
676,261,3,2
676,262,3,2
676,263,3,2
676,264,3,2
676,265,3,2
676,266,3,2
676,267,3,2
676,268,3,2
676,269,3,2
676,270,3,2
676,271,3,2
676,272,3,2
676,273,3,2
676,274,3,2
676,275,3,2
676,276,3,2
676,277,3,2
676,278,3,2
676,279,3,2
676,280,3,2
676,281,3,2
676,282,3,2
676,283,3,2
676,284,3,2
676,285,3,2
676,286,3,2
676,287,3,2
676,288,3,2
676,289,3,2
676,290,3,2
676,291,3,2
676,292,3,2
676,293,3,2
676,294,3,2
676,295,3,2
676,296,3,2
676,297,3,2
676,298,3,2
676,299,3,2
676,300,3,2
676,301,3,2
676,302,3,2
676,303,3,2
676,304,3,2
676,305,3,2
676,306,3,2
676,307,3,2
676,308,3,2
676,309,3,2
676,310,3,2
676,311,3,2
676,312,3,2
676,313,3,2
676,314,3,2
676,315,3,2
676,316,3,2
676,317,3,2
676,318,3,2
676,319,3,2
676,320,3,2
676,321,3,2
676,322,3,2
676,323,3,2
676,324,3,2
676,325,3,2
676,326,3,2
676,327,3,2
676,328,3,2
676,329,3,2
676,330,3,2
676,331,3,2
676,332,3,2
676,333,3,2
676,334,3,2
676,335,3,2
676,336,3,2
676,337,3,2
676,338,3,2
676,339,3,2
676,340,3,2
676,341,3,2
676,342,3,2
676,343,3,2
676,344,3,2
676,345,3,2
676,346,3,2
676,347,3,2
676,348,3,2
676,349,3,2
676,350,3,2
676,351,3,2
676,352,3,2
676,353,3,2
676,354,3,2
676,355,3,2
676,356,3,2
676,357,3,2
676,358,3,2
676,359,3,2
676,360,3,2
676,361,3,2
676,362,3,2
676,363,3,2
676,364,3,2
676,365,3,2
676,366,3,2
676,367,3,2
676,368,3,2
676,369,3,2
676,370,3,2
676,371,3,2
676,372,3,2
676,373,3,2
676,374,3,2
676,375,3,2
676,376,3,2
676,377,3,2
676,378,3,2
676,379,3,2
676,380,3,2
676,381,3,2
676,382,3,2
676,383,3,2
676,384,3,2
676,385,3,2
676,386,3,2
676,387,3,2
676,388,3,2
676,389,3,2
676,390,3,2
676,391,3,2
676,392,3,2
676,393,3,2
676,394,3,2
676,395,3,2
676,396,3,2
676,397,3,2
676,398,3,2
676,399,3,2
676,400,3,2
676,401,3,2
676,402,3,2
676,403,3,2
676,404,3,2
676,405,3,2
676,406,3,2
676,407,3,2
676,408,3,2
676,409,3,2
676,410,3,2
676,411,3,2
676,412,3,2
676,413,3,2
676,414,3,2
676,415,3,2
676,416,3,2
676,417,3,2
676,418,3,2
676,419,3,2
676,420,3,2
676,421,3,2
676,422,3,2
676,423,3,2
676,424,3,2
676,425,3,2
676,426,3,2
676,427,3,2
676,428,3,2
676,429,3,2
676,430,3,2
676,431,3,2
676,432,3,2
676,433,3,2
676,434,3,2
676,435,3,2
676,436,3,2
676,437,3,2
676,438,3,2
676,439,3,2
676,440,3,2
676,441,3,2
676,442,3,2
676,443,3,2
676,444,3,2
676,445,3,2
676,446,3,2
676,447,3,2
676,448,3,2
676,449,3,2
676,450,3,2
676,451,3,2
676,452,3,2
676,453,3,2
676,454,3,2
676,455,3,2
676,456,3,2
676,457,3,2
676,458,3,2
676,459,3,2
676,460,3,2
676,461,3,2
676,462,3,2
676,463,3,2
676,464,3,2
676,465,3,2
676,466,3,2
676,467,3,2
676,468,3,2
676,469,3,2
676,470,3,2
676,471,3,2
676,472,3,2
676,473,3,2
676,474,3,2
676,475,3,2
676,476,3,2
676,477,3,2
676,478,3,2
676,481,3,2
676,482,3,2
676,483,3,2
676,484,3,2
676,485,3,2
676,486,3,2
676,487,3,2
676,488,3,2
677,161,3,2
677,162,3,2
677,163,3,2
677,164,3,2
677,165,3,2
677,166,3,2
677,167,3,2
677,168,3,2
677,169,3,2
677,170,3,2
677,171,3,2
677,172,3,2
677,173,3,2
677,174,3,2
677,175,3,2
677,176,3,2
677,177,3,2
677,178,3,2
677,179,3,2
677,180,3,2
677,181,3,2
677,182,3,2
677,183,3,2
677,184,3,2
677,185,3,2
677,186,3,2
677,187,3,2
677,188,3,2
677,189,3,2
677,190,3,2
677,191,3,2
677,192,3,2
677,193,3,2
677,194,3,2
677,195,3,2
677,196,3,2
677,197,3,2
677,198,3,2
677,199,3,2
677,200,3,2
677,201,3,2
677,202,3,2
677,203,3,2
677,204,3,2
677,205,3,2
677,206,3,2
677,207,3,2
677,208,3,2
677,209,3,2
677,210,3,2
677,211,3,2
677,212,3,2
677,213,3,2
677,214,3,2
677,215,3,2
677,216,3,2
677,217,3,2
677,218,3,2
677,219,3,2
677,220,3,2
677,221,3,2
677,222,3,2
677,223,3,2
677,224,3,2
677,225,3,2
677,226,3,2
677,227,3,2
677,228,3,2
677,229,3,2
677,230,3,2
677,231,3,2
677,232,3,2
677,233,3,2
677,234,3,2
677,235,3,2
677,236,3,2
677,237,3,2
677,238,3,2
677,239,3,2
677,240,3,2
677,241,3,2
677,242,3,2
677,243,3,2
677,244,3,2
677,245,3,2
677,246,3,2
677,247,3,2
677,248,3,2
677,249,3,2
677,250,3,2
677,251,3,2
677,252,3,2
677,253,3,2
677,254,3,2
677,255,3,2
677,256,3,2
677,257,3,2
677,258,3,2
677,259,3,2
677,260,3,2
677,261,3,2
677,262,3,2
677,263,3,2
677,264,3,2
677,265,3,2
677,266,3,2
677,267,3,2
677,268,3,2
677,269,3,2
677,270,3,2
677,271,3,2
677,272,3,2
677,273,3,2
677,274,3,2
677,275,3,2
677,276,3,2
677,277,3,2
677,278,3,2
677,279,3,2
677,280,3,2
677,281,3,2
677,282,3,2
677,283,3,2
677,284,3,2
677,285,3,2
677,286,3,2
677,287,3,2
677,288,3,2
677,289,3,2
677,290,3,2
677,291,3,2
677,292,3,2
677,293,3,2
677,294,3,2
677,295,3,2
677,296,3,2
677,297,3,2
677,298,3,2
677,299,3,2
677,300,3,2
677,301,3,2
677,302,3,2
677,303,3,2
677,304,3,2
677,305,3,2
677,306,3,2
677,307,3,2
677,308,3,2
677,309,3,2
677,310,3,2
677,311,3,2
677,312,3,2
677,313,3,2
677,314,3,2
677,315,3,2
677,316,3,2
677,317,3,2
677,318,3,2
677,319,3,2
677,320,3,2
677,321,3,2
677,322,3,2
677,323,3,2
677,324,3,2
677,325,3,2
677,326,3,2
677,327,3,2
677,328,3,2
677,329,3,2
677,330,3,2
677,331,3,2
677,332,3,2
677,333,3,2
677,334,3,2
677,335,3,2
677,336,3,2
677,337,3,2
677,338,3,2
677,339,3,2
677,340,3,2
677,341,3,2
677,342,3,2
677,343,3,2
677,344,3,2
677,345,3,2
677,346,3,2
677,347,3,2
677,348,3,2
677,349,3,2
677,350,3,2
677,351,3,2
677,352,3,2
677,353,3,2
677,354,3,2
677,355,3,2
677,356,3,2
677,357,3,2
677,358,3,2
677,359,3,2
677,360,3,2
677,361,3,2
677,362,3,2
677,363,3,2
677,364,3,2
677,365,3,2
677,366,3,2
677,367,3,2
677,368,3,2
677,369,3,2
677,370,3,2
677,371,3,2
677,372,3,2
677,373,3,2
677,374,3,2
677,375,3,2
677,376,3,2
677,377,3,2
677,378,3,2
677,379,3,2
677,380,3,2
677,381,3,2
677,382,3,2
677,383,3,2
677,384,3,2
677,385,3,2
677,386,3,2
677,387,3,2
677,388,3,2
677,389,3,2
677,390,3,2
677,391,3,2
677,392,3,2
677,393,3,2
677,394,3,2
677,395,3,2
677,396,3,2
677,397,3,2
677,398,3,2
677,399,3,2
677,400,3,2
677,401,3,2
677,402,3,2
677,403,3,2
677,404,3,2
677,405,3,2
677,406,3,2
677,407,3,2
677,408,3,2
677,409,3,2
677,410,3,2
677,411,3,2
677,412,3,2
677,413,3,2
677,414,3,2
677,415,3,2
677,416,3,2
677,417,3,2
677,418,3,2
677,419,3,2
677,420,3,2
677,421,3,2
677,422,3,2
677,423,3,2
677,424,3,2
677,425,3,2
677,426,3,2
677,427,3,2
677,428,3,2
677,429,3,2
677,430,3,2
677,431,3,2
677,432,3,2
677,433,3,2
677,434,3,2
677,435,3,2
677,436,3,2
677,437,3,2
677,438,3,2
677,439,3,2
677,440,3,2
677,441,3,2
677,442,3,2
677,443,3,2
677,444,3,2
677,445,3,2
677,446,3,2
677,447,3,2
677,448,3,2
677,449,3,2
677,450,3,2
677,451,3,2
677,452,3,2
677,453,3,2
677,454,3,2
677,455,3,2
677,456,3,2
677,457,3,2
677,458,3,2
677,459,3,2
677,460,3,2
677,461,3,2
677,462,3,2
677,463,3,2
677,464,3,2
677,465,3,2
677,466,3,2
677,467,3,2
677,468,3,2
677,469,3,2
677,470,3,2
677,471,3,2
677,472,3,2
677,473,3,2
677,474,3,2
677,475,3,2
677,476,3,2
677,477,3,2
678,161,3,2
678,162,3,2
678,163,3,2
678,164,3,2
678,165,3,2
678,166,3,2
678,167,3,2
678,168,3,2
678,169,3,2
678,170,3,2
678,171,3,2
678,172,3,2
678,173,3,2
678,174,3,2
678,175,3,2
678,176,3,2
678,177,3,2
678,178,3,2
678,179,3,2
678,180,3,2
678,181,3,2
678,182,3,2
678,183,3,2
678,184,3,2
678,185,3,2
678,186,3,2
678,187,3,2
678,188,3,2
678,189,3,2
678,190,3,2
678,191,3,2
678,192,3,2
678,193,3,2
678,194,3,2
678,195,3,2
678,196,3,2
678,197,3,2
678,198,3,2
678,199,3,2
678,200,3,2
678,201,3,2
678,202,3,2
678,203,3,2
678,204,3,2
678,205,3,2
678,206,3,2
678,207,3,2
678,208,3,2
678,209,3,2
678,210,3,2
678,211,3,2
678,212,3,2
678,213,3,2
678,214,3,2
678,215,3,2
678,216,3,2
678,217,3,2
678,218,3,2
678,219,3,2
678,220,3,2
678,221,3,2
678,222,3,2
678,223,3,2
678,224,3,2
678,225,3,2
678,226,3,2
678,227,3,2
678,228,3,2
678,229,3,2
678,230,3,2
678,231,3,2
678,232,3,2
678,233,3,2
678,234,3,2
678,235,3,2
678,236,3,2
678,237,3,2
678,238,3,2
678,239,3,2
678,240,3,2
678,241,3,2
678,242,3,2
678,243,3,2
678,244,3,2
678,245,3,2
678,246,3,2
678,247,3,2
678,248,3,2
678,249,3,2
678,250,3,2
678,251,3,2
678,252,3,2
678,253,3,2
678,254,3,2
678,255,3,2
678,256,3,2
678,257,3,2
678,258,3,2
678,259,3,2
678,260,3,2
678,261,3,2
678,262,3,2
678,263,3,2
678,264,3,2
678,265,3,2
678,266,3,2
678,267,3,2
678,268,3,2
678,269,3,2
678,270,3,2
678,271,3,2
678,272,3,2
678,273,3,2
678,274,3,2
678,275,3,2
678,276,3,2
678,277,3,2
678,278,3,2
678,279,3,2
678,280,3,2
678,281,3,2
678,282,3,2
678,283,3,2
678,284,3,2
678,285,3,2
678,286,3,2
678,287,3,2
678,288,3,2
678,289,3,2
678,290,3,2
678,291,3,2
678,292,3,2
678,293,3,2
678,294,3,2
678,295,3,2
678,296,3,2
678,297,3,2
678,298,3,2
678,299,3,2
678,300,3,2
678,301,3,2
678,302,3,2
678,303,3,2
678,304,3,2
678,305,3,2
678,306,3,2
678,307,3,2
678,308,3,2
678,309,3,2
678,310,3,2
678,311,3,2
678,312,3,2
678,313,3,2
678,314,3,2
678,315,3,2
678,316,3,2
678,317,3,2
678,318,3,2
678,319,3,2
678,320,3,2
678,321,3,2
678,322,3,2
678,323,3,2
678,324,3,2
678,325,3,2
678,326,3,2
678,327,3,2
678,328,3,2
678,329,3,2
678,330,3,2
678,331,3,2
678,332,3,2
678,333,3,2
678,334,3,2
678,335,3,2
678,336,3,2
678,337,3,2
678,338,3,2
678,339,3,2
678,340,3,2
678,341,3,2
678,342,3,2
678,343,3,2
678,344,3,2
678,345,3,2
678,346,3,2
678,347,3,2
678,348,3,2
678,349,3,2
678,350,3,2
678,351,3,2
678,352,3,2
678,353,3,2
678,354,3,2
678,355,3,2
678,356,3,2
678,357,3,2
678,358,3,2
678,359,3,2
678,360,3,2
678,361,3,2
678,362,3,2
678,363,3,2
678,364,3,2
678,365,3,2
678,366,3,2
678,367,3,2
678,368,3,2
678,369,3,2
678,370,3,2
678,371,3,2
678,372,3,2
678,373,3,2
678,374,3,2
678,375,3,2
678,376,3,2
678,377,3,2
678,378,3,2
678,379,3,2
678,380,3,2
678,381,3,2
678,382,3,2
678,383,3,2
678,384,3,2
678,385,3,2
678,386,3,2
678,387,3,2
678,388,3,2
678,389,3,2
678,390,3,2
678,391,3,2
678,392,3,2
678,393,3,2
678,394,3,2
678,395,3,2
678,396,3,2
678,397,3,2
678,398,3,2
678,399,3,2
678,400,3,2
678,401,3,2
678,402,3,2
678,403,3,2
678,404,3,2
678,405,3,2
678,406,3,2
678,407,3,2
678,408,3,2
678,409,3,2
678,410,3,2
678,411,3,2
678,412,3,2
678,413,3,2
678,414,3,2
678,415,3,2
678,416,3,2
678,417,3,2
678,418,3,2
678,419,3,2
678,420,3,2
678,421,3,2
678,422,3,2
678,423,3,2
678,424,3,2
678,425,3,2
678,426,3,2
678,427,3,2
678,428,3,2
678,429,3,2
678,430,3,2
678,431,3,2
678,432,3,2
678,433,3,2
678,434,3,2
678,435,3,2
678,436,3,2
678,437,3,2
678,438,3,2
678,439,3,2
678,440,3,2
678,441,3,2
678,442,3,2
678,443,3,2
678,444,3,2
678,445,3,2
678,446,3,2
678,447,3,2
678,448,3,2
678,449,3,2
678,450,3,2
678,451,3,2
678,452,3,2
678,453,3,2
678,454,3,2
678,455,3,2
678,456,3,2
678,457,3,2
678,458,3,2
678,459,3,2
678,460,3,2
678,461,3,2
678,462,3,2
678,463,3,2
678,464,3,2
678,465,3,2
678,466,3,2
678,467,3,2
678,468,3,2
678,469,3,2
678,470,3,2
678,471,3,2
678,472,3,2
678,473,3,2
678,474,3,2
678,475,3,2
679,161,3,2
679,162,3,2
679,163,3,2
679,164,3,2
679,165,3,2
679,166,3,2
679,167,3,2
679,168,3,2
679,169,3,2
679,170,3,2
679,171,3,2
679,172,3,2
679,173,3,2
679,174,3,2
679,175,3,2
679,176,3,2
679,177,3,2
679,178,3,2
679,179,3,2
679,180,3,2
679,181,3,2
679,182,3,2
679,183,3,2
679,184,3,2
679,185,3,2
679,186,3,2
679,187,3,2
679,188,3,2
679,189,3,2
679,190,3,2
679,191,3,2
679,192,3,2
679,193,3,2
679,194,3,2
679,195,3,2
679,196,3,2
679,197,3,2
679,198,3,2
679,199,3,2
679,200,3,2
679,201,3,2
679,202,3,2
679,203,3,2
679,204,3,2
679,205,3,2
679,206,3,2
679,207,3,2
679,208,3,2
679,209,3,2
679,210,3,2
679,211,3,2
679,212,3,2
679,213,3,2
679,214,3,2
679,215,3,2
679,216,3,2
679,217,3,2
679,218,3,2
679,219,3,2
679,220,3,2
679,221,3,2
679,222,3,2
679,223,3,2
679,224,3,2
679,225,3,2
679,226,3,2
679,227,3,2
679,228,3,2
679,229,3,2
679,230,3,2
679,231,3,2
679,232,3,2
679,233,3,2
679,234,3,2
679,235,3,2
679,236,3,2
679,237,3,2
679,238,3,2
679,239,3,2
679,240,3,2
679,241,3,2
679,242,3,2
679,243,3,2
679,244,3,2
679,245,3,2
679,246,3,2
679,247,3,2
679,248,3,2
679,249,3,2
679,250,3,2
679,251,3,2
679,252,3,2
679,253,3,2
679,254,3,2
679,255,3,2
679,256,3,2
679,257,3,2
679,258,3,2
679,259,3,2
679,260,3,2
679,261,3,2
679,262,3,2
679,263,3,2
679,264,3,2
679,265,3,2
679,266,3,2
679,267,3,2
679,268,3,2
679,269,3,2
679,270,3,2
679,271,3,2
679,272,3,2
679,273,3,2
679,274,3,2
679,275,3,2
679,276,3,2
679,277,3,2
679,278,3,2
679,279,3,2
679,280,3,2
679,281,3,2
679,282,3,2
679,283,3,2
679,284,3,2
679,285,3,2
679,286,3,2
679,287,3,2
679,288,3,2
679,289,3,2
679,290,3,2
679,291,3,2
679,292,3,2
679,293,3,2
679,294,3,2
679,295,3,2
679,296,3,2
679,297,3,2
679,298,3,2
679,299,3,2
679,300,3,2
679,301,3,2
679,302,3,2
679,303,3,2
679,304,3,2
679,305,3,2
679,306,3,2
679,307,3,2
679,308,3,2
679,309,3,2
679,310,3,2
679,311,3,2
679,312,3,2
679,313,3,2
679,314,3,2
679,315,3,2
679,316,3,2
679,317,3,2
679,318,3,2
679,319,3,2
679,320,3,2
679,321,3,2
679,322,3,2
679,323,3,2
679,324,3,2
679,325,3,2
679,326,3,2
679,327,3,2
679,328,3,2
679,329,3,2
679,330,3,2
679,331,3,2
679,332,3,2
679,333,3,2
679,334,3,2
679,335,3,2
679,336,3,2
679,337,3,2
679,338,3,2
679,339,3,2
679,340,3,2
679,341,3,2
679,342,3,2
679,343,3,2
679,344,3,2
679,345,3,2
679,346,3,2
679,347,3,2
679,348,3,2
679,349,3,2
679,350,3,2
679,351,3,2
679,352,3,2
679,353,3,2
679,354,3,2
679,355,3,2
679,356,3,2
679,357,3,2
679,358,3,2
679,359,3,2
679,360,3,2
679,361,3,2
679,362,3,2
679,363,3,2
679,364,3,2
679,365,3,2
679,366,3,2
679,367,3,2
679,368,3,2
679,369,3,2
679,370,3,2
679,371,3,2
679,372,3,2
679,373,3,2
679,374,3,2
679,375,3,2
679,376,3,2
679,377,3,2
679,378,3,2
679,379,3,2
679,380,3,2
679,381,3,2
679,382,3,2
679,383,3,2
679,384,3,2
679,385,3,2
679,386,3,2
679,387,3,2
679,388,3,2
679,389,3,2
679,390,3,2
679,391,3,2
679,392,3,2
679,393,3,2
679,394,3,2
679,395,3,2
679,396,3,2
679,397,3,2
679,398,3,2
679,399,3,2
679,400,3,2
679,401,3,2
679,402,3,2
679,403,3,2
679,404,3,2
679,405,3,2
679,406,3,2
679,407,3,2
679,408,3,2
679,409,3,2
679,410,3,2
679,411,3,2
679,412,3,2
679,413,3,2
679,414,3,2
679,415,3,2
679,416,3,2
679,417,3,2
679,418,3,2
679,419,3,2
679,420,3,2
679,421,3,2
679,422,3,2
679,423,3,2
679,424,3,2
679,425,3,2
679,426,3,2
679,427,3,2
679,428,3,2
679,429,3,2
679,430,3,2
679,431,3,2
679,432,3,2
679,433,3,2
679,434,3,2
679,435,3,2
679,436,3,2
679,437,3,2
679,438,3,2
679,439,3,2
679,440,3,2
679,441,3,2
679,442,3,2
679,443,3,2
679,444,3,2
679,445,3,2
679,446,3,2
679,447,3,2
679,448,3,2
679,449,3,2
679,450,3,2
679,451,3,2
679,452,3,2
679,453,3,2
679,454,3,2
679,455,3,2
679,456,3,2
679,457,3,2
679,458,3,2
679,459,3,2
679,460,3,2
679,461,3,2
679,462,3,2
679,463,3,2
679,464,3,2
679,465,3,2
679,466,3,2
679,467,3,2
679,468,3,2
679,469,3,2
679,470,3,2
679,471,3,2
679,472,3,2
679,473,3,2
680,162,3,2
680,163,3,2
680,164,3,2
680,165,3,2
680,166,3,2
680,167,3,2
680,168,3,2
680,169,3,2
680,170,3,2
680,171,3,2
680,172,3,2
680,173,3,2
680,174,3,2
680,175,3,2
680,176,3,2
680,177,3,2
680,178,3,2
680,179,3,2
680,180,3,2
680,181,3,2
680,182,3,2
680,183,3,2
680,184,3,2
680,185,3,2
680,186,3,2
680,187,3,2
680,188,3,2
680,189,3,2
680,190,3,2
680,191,3,2
680,192,3,2
680,193,3,2
680,194,3,2
680,195,3,2
680,196,3,2
680,197,3,2
680,198,3,2
680,199,3,2
680,200,3,2
680,201,3,2
680,202,3,2
680,203,3,2
680,204,3,2
680,205,3,2
680,206,3,2
680,207,3,2
680,208,3,2
680,209,3,2
680,210,3,2
680,211,3,2
680,212,3,2
680,213,3,2
680,214,3,2
680,215,3,2
680,216,3,2
680,217,3,2
680,218,3,2
680,219,3,2
680,220,3,2
680,221,3,2
680,222,3,2
680,223,3,2
680,224,3,2
680,225,3,2
680,226,3,2
680,227,3,2
680,228,3,2
680,229,3,2
680,230,3,2
680,231,3,2
680,232,3,2
680,233,3,2
680,234,3,2
680,235,3,2
680,236,3,2
680,237,3,2
680,238,3,2
680,239,3,2
680,240,3,2
680,241,3,2
680,242,3,2
680,243,3,2
680,244,3,2
680,245,3,2
680,246,3,2
680,247,3,2
680,248,3,2
680,249,3,2
680,250,3,2
680,251,3,2
680,252,3,2
680,253,3,2
680,254,3,2
680,255,3,2
680,256,3,2
680,257,3,2
680,258,3,2
680,259,3,2
680,260,3,2
680,261,3,2
680,262,3,2
680,263,3,2
680,264,3,2
680,265,3,2
680,266,3,2
680,267,3,2
680,268,3,2
680,269,3,2
680,270,3,2
680,271,3,2
680,272,3,2
680,273,3,2
680,274,3,2
680,275,3,2
680,276,3,2
680,277,3,2
680,278,3,2
680,279,3,2
680,280,3,2
680,281,3,2
680,282,3,2
680,283,3,2
680,284,3,2
680,285,3,2
680,286,3,2
680,287,3,2
680,288,3,2
680,289,3,2
680,290,3,2
680,291,3,2
680,292,3,2
680,293,3,2
680,294,3,2
680,295,3,2
680,296,3,2
680,297,3,2
680,298,3,2
680,299,3,2
680,300,3,2
680,301,3,2
680,302,3,2
680,303,3,2
680,304,3,2
680,305,3,2
680,306,3,2
680,307,3,2
680,308,3,2
680,309,3,2
680,310,3,2
680,311,3,2
680,312,3,2
680,313,3,2
680,314,3,2
680,315,3,2
680,316,3,2
680,317,3,2
680,318,3,2
680,319,3,2
680,320,3,2
680,321,3,2
680,322,3,2
680,323,3,2
680,324,3,2
680,325,3,2
680,326,3,2
680,327,3,2
680,328,3,2
680,329,3,2
680,330,3,2
680,331,3,2
680,332,3,2
680,333,3,2
680,334,3,2
680,335,3,2
680,336,3,2
680,337,3,2
680,338,3,2
680,339,3,2
680,340,3,2
680,341,3,2
680,342,3,2
680,343,3,2
680,344,3,2
680,345,3,2
680,346,3,2
680,347,3,2
680,348,3,2
680,349,3,2
680,350,3,2
680,351,3,2
680,352,3,2
680,353,3,2
680,354,3,2
680,355,3,2
680,356,3,2
680,357,3,2
680,358,3,2
680,359,3,2
680,360,3,2
680,361,3,2
680,362,3,2
680,363,3,2
680,364,3,2
680,365,3,2
680,366,3,2
680,367,3,2
680,368,3,2
680,369,3,2
680,370,3,2
680,371,3,2
680,372,3,2
680,373,3,2
680,374,3,2
680,375,3,2
680,376,3,2
680,377,3,2
680,378,3,2
680,379,3,2
680,380,3,2
680,381,3,2
680,382,3,2
680,383,3,2
680,384,3,2
680,385,3,2
680,386,3,2
680,387,3,2
680,388,3,2
680,389,3,2
680,390,3,2
680,391,3,2
680,392,3,2
680,393,3,2
680,394,3,2
680,395,3,2
680,396,3,2
680,397,3,2
680,398,3,2
680,399,3,2
680,400,3,2
680,401,3,2
680,402,3,2
680,403,3,2
680,404,3,2
680,405,3,2
680,406,3,2
680,407,3,2
680,408,3,2
680,409,3,2
680,410,3,2
680,411,3,2
680,412,3,2
680,413,3,2
680,414,3,2
680,415,3,2
680,416,3,2
680,417,3,2
680,418,3,2
680,419,3,2
680,420,3,2
680,421,3,2
680,422,3,2
680,423,3,2
680,424,3,2
680,425,3,2
680,426,3,2
680,427,3,2
680,428,3,2
680,429,3,2
680,430,3,2
680,431,3,2
680,432,3,2
680,433,3,2
680,434,3,2
680,435,3,2
680,436,3,2
680,437,3,2
680,438,3,2
680,439,3,2
680,440,3,2
680,441,3,2
680,442,3,2
680,443,3,2
680,444,3,2
680,445,3,2
680,446,3,2
680,447,3,2
680,448,3,2
680,449,3,2
680,450,3,2
680,451,3,2
680,452,3,2
680,453,3,2
680,454,3,2
680,455,3,2
680,456,3,2
680,457,3,2
680,458,3,2
680,459,3,2
680,460,3,2
680,461,3,2
680,462,3,2
680,463,3,2
680,464,3,2
680,465,3,2
680,466,3,2
680,467,3,2
680,468,3,2
680,469,3,2
680,470,3,2
680,471,3,2
681,164,3,2
681,165,3,2
681,166,3,2
681,167,3,2
681,168,3,2
681,169,3,2
681,170,3,2
681,171,3,2
681,172,3,2
681,173,3,2
681,174,3,2
681,175,3,2
681,176,3,2
681,177,3,2
681,178,3,2
681,179,3,2
681,180,3,2
681,181,3,2
681,182,3,2
681,183,3,2
681,184,3,2
681,185,3,2
681,186,3,2
681,187,3,2
681,188,3,2
681,189,3,2
681,190,3,2
681,191,3,2
681,192,3,2
681,193,3,2
681,194,3,2
681,195,3,2
681,196,3,2
681,197,3,2
681,198,3,2
681,199,3,2
681,200,3,2
681,201,3,2
681,202,3,2
681,203,3,2
681,204,3,2
681,205,3,2
681,206,3,2
681,207,3,2
681,208,3,2
681,209,3,2
681,210,3,2
681,211,3,2
681,212,3,2
681,213,3,2
681,214,3,2
681,215,3,2
681,216,3,2
681,217,3,2
681,218,3,2
681,219,3,2
681,220,3,2
681,221,3,2
681,222,3,2
681,223,3,2
681,224,3,2
681,225,3,2
681,226,3,2
681,227,3,2
681,228,3,2
681,229,3,2
681,230,3,2
681,231,3,2
681,232,3,2
681,233,3,2
681,234,3,2
681,235,3,2
681,236,3,2
681,237,3,2
681,238,3,2
681,239,3,2
681,240,3,2
681,241,3,2
681,242,3,2
681,243,3,2
681,244,3,2
681,245,3,2
681,246,3,2
681,247,3,2
681,248,3,2
681,249,3,2
681,250,3,2
681,251,3,2
681,252,3,2
681,253,3,2
681,254,3,2
681,255,3,2
681,256,3,2
681,257,3,2
681,258,3,2
681,259,3,2
681,260,3,2
681,261,3,2
681,262,3,2
681,263,3,2
681,264,3,2
681,265,3,2
681,266,3,2
681,267,3,2
681,268,3,2
681,269,3,2
681,270,3,2
681,271,3,2
681,272,3,2
681,273,3,2
681,274,3,2
681,275,3,2
681,276,3,2
681,277,3,2
681,278,3,2
681,279,3,2
681,280,3,2
681,281,3,2
681,282,3,2
681,283,3,2
681,284,3,2
681,285,3,2
681,286,3,2
681,287,3,2
681,288,3,2
681,289,3,2
681,290,3,2
681,291,3,2
681,292,3,2
681,293,3,2
681,294,3,2
681,295,3,2
681,296,3,2
681,297,3,2
681,298,3,2
681,299,3,2
681,300,3,2
681,301,3,2
681,302,3,2
681,303,3,2
681,304,3,2
681,305,3,2
681,306,3,2
681,307,3,2
681,308,3,2
681,309,3,2
681,310,3,2
681,311,3,2
681,312,3,2
681,313,3,2
681,314,3,2
681,315,3,2
681,316,3,2
681,317,3,2
681,318,3,2
681,319,3,2
681,320,3,2
681,321,3,2
681,322,3,2
681,323,3,2
681,324,3,2
681,325,3,2
681,326,3,2
681,327,3,2
681,328,3,2
681,329,3,2
681,330,3,2
681,331,3,2
681,332,3,2
681,333,3,2
681,334,3,2
681,335,3,2
681,336,3,2
681,337,3,2
681,338,3,2
681,339,3,2
681,340,3,2
681,341,3,2
681,342,3,2
681,343,3,2
681,344,3,2
681,345,3,2
681,346,3,2
681,347,3,2
681,348,3,2
681,349,3,2
681,350,3,2
681,351,3,2
681,352,3,2
681,353,3,2
681,354,3,2
681,355,3,2
681,356,3,2
681,357,3,2
681,358,3,2
681,359,3,2
681,360,3,2
681,361,3,2
681,362,3,2
681,363,3,2
681,364,3,2
681,365,3,2
681,366,3,2
681,367,3,2
681,368,3,2
681,369,3,2
681,370,3,2
681,371,3,2
681,372,3,2
681,373,3,2
681,374,3,2
681,375,3,2
681,376,3,2
681,377,3,2
681,378,3,2
681,379,3,2
681,380,3,2
681,381,3,2
681,382,3,2
681,383,3,2
681,384,3,2
681,385,3,2
681,386,3,2
681,387,3,2
681,388,3,2
681,389,3,2
681,390,3,2
681,391,3,2
681,392,3,2
681,393,3,2
681,394,3,2
681,395,3,2
681,396,3,2
681,397,3,2
681,398,3,2
681,399,3,2
681,400,3,2
681,401,3,2
681,402,3,2
681,403,3,2
681,404,3,2
681,405,3,2
681,406,3,2
681,407,3,2
681,408,3,2
681,409,3,2
681,410,3,2
681,411,3,2
681,412,3,2
681,413,3,2
681,414,3,2
681,415,3,2
681,416,3,2
681,417,3,2
681,418,3,2
681,419,3,2
681,420,3,2
681,421,3,2
681,422,3,2
681,423,3,2
681,424,3,2
681,425,3,2
681,426,3,2
681,427,3,2
681,428,3,2
681,429,3,2
681,430,3,2
681,431,3,2
681,432,3,2
681,433,3,2
681,434,3,2
681,435,3,2
681,436,3,2
681,437,3,2
681,438,3,2
681,439,3,2
681,440,3,2
681,441,3,2
681,442,3,2
681,443,3,2
681,444,3,2
681,445,3,2
681,446,3,2
681,447,3,2
681,448,3,2
681,449,3,2
681,450,3,2
681,451,3,2
681,452,3,2
681,453,3,2
681,454,3,2
681,455,3,2
681,456,3,2
681,457,3,2
681,458,3,2
681,459,3,2
681,460,3,2
681,461,3,2
681,462,3,2
681,463,3,2
681,464,3,2
682,166,3,2
682,167,3,2
682,168,3,2
682,169,3,2
682,170,3,2
682,171,3,2
682,172,3,2
682,173,3,2
682,174,3,2
682,175,3,2
682,176,3,2
682,177,3,2
682,178,3,2
682,179,3,2
682,180,3,2
682,181,3,2
682,182,3,2
682,183,3,2
682,184,3,2
682,185,3,2
682,186,3,2
682,187,3,2
682,188,3,2
682,189,3,2
682,190,3,2
682,191,3,2
682,192,3,2
682,193,3,2
682,194,3,2
682,195,3,2
682,196,3,2
682,197,3,2
682,198,3,2
682,199,3,2
682,200,3,2
682,201,3,2
682,202,3,2
682,203,3,2
682,204,3,2
682,205,3,2
682,206,3,2
682,207,3,2
682,208,3,2
682,209,3,2
682,210,3,2
682,211,3,2
682,212,3,2
682,213,3,2
682,214,3,2
682,215,3,2
682,216,3,2
682,217,3,2
682,218,3,2
682,219,3,2
682,220,3,2
682,221,3,2
682,222,3,2
682,223,3,2
682,224,3,2
682,225,3,2
682,226,3,2
682,227,3,2
682,228,3,2
682,229,3,2
682,230,3,2
682,231,3,2
682,232,3,2
682,233,3,2
682,234,3,2
682,235,3,2
682,236,3,2
682,237,3,2
682,238,3,2
682,239,3,2
682,240,3,2
682,241,3,2
682,242,3,2
682,243,3,2
682,244,3,2
682,245,3,2
682,246,3,2
682,247,3,2
682,248,3,2
682,249,3,2
682,250,3,2
682,251,3,2
682,252,3,2
682,253,3,2
682,254,3,2
682,255,3,2
682,256,3,2
682,257,3,2
682,258,3,2
682,259,3,2
682,260,3,2
682,261,3,2
682,262,3,2
682,263,3,2
682,264,3,2
682,265,3,2
682,266,3,2
682,267,3,2
682,268,3,2
682,269,3,2
682,270,3,2
682,271,3,2
682,272,3,2
682,273,3,2
682,274,3,2
682,275,3,2
682,276,3,2
682,277,3,2
682,278,3,2
682,279,3,2
682,280,3,2
682,281,3,2
682,282,3,2
682,283,3,2
682,284,3,2
682,285,3,2
682,286,3,2
682,287,3,2
682,288,3,2
682,289,3,2
682,290,3,2
682,291,3,2
682,292,3,2
682,293,3,2
682,294,3,2
682,295,3,2
682,296,3,2
682,297,3,2
682,298,3,2
682,299,3,2
682,300,3,2
682,301,3,2
682,302,3,2
682,303,3,2
682,304,3,2
682,305,3,2
682,306,3,2
682,307,3,2
682,308,3,2
682,309,3,2
682,310,3,2
682,311,3,2
682,312,3,2
682,313,3,2
682,314,3,2
682,315,3,2
682,316,3,2
682,317,3,2
682,318,3,2
682,319,3,2
682,320,3,2
682,321,3,2
682,322,3,2
682,323,3,2
682,324,3,2
682,325,3,2
682,326,3,2
682,327,3,2
682,328,3,2
682,329,3,2
682,330,3,2
682,331,3,2
682,332,3,2
682,333,3,2
682,334,3,2
682,335,3,2
682,336,3,2
682,337,3,2
682,338,3,2
682,339,3,2
682,340,3,2
682,341,3,2
682,342,3,2
682,343,3,2
682,344,3,2
682,345,3,2
682,346,3,2
682,347,3,2
682,348,3,2
682,349,3,2
682,350,3,2
682,351,3,2
682,352,3,2
682,353,3,2
682,354,3,2
682,355,3,2
682,356,3,2
682,357,3,2
682,358,3,2
682,359,3,2
682,360,3,2
682,361,3,2
682,362,3,2
682,363,3,2
682,364,3,2
682,365,3,2
682,366,3,2
682,367,3,2
682,368,3,2
682,369,3,2
682,370,3,2
682,371,3,2
682,372,3,2
682,373,3,2
682,374,3,2
682,375,3,2
682,376,3,2
682,377,3,2
682,378,3,2
682,379,3,2
682,380,3,3
682,381,3,3
682,382,3,3
682,383,3,2
682,384,3,2
682,385,3,2
682,386,3,2
682,387,3,2
682,388,3,2
682,389,3,2
682,390,3,2
682,391,3,2
682,392,3,2
682,393,3,2
682,394,3,2
682,395,3,2
682,396,3,2
682,397,3,2
682,398,3,2
682,399,3,2
682,400,3,2
682,401,3,2
682,402,3,2
682,403,3,2
682,404,3,2
682,405,3,2
682,406,3,2
682,407,3,2
682,408,3,2
682,409,3,2
682,410,3,2
682,411,3,2
682,412,3,2
682,413,3,2
682,414,3,2
682,415,3,2
682,416,3,2
682,417,3,2
682,418,3,2
682,419,3,2
682,420,3,2
682,421,3,2
682,422,3,2
682,423,3,2
682,424,3,2
682,425,3,2
682,426,3,2
682,427,3,2
682,428,3,2
682,429,3,2
682,430,3,2
682,431,3,2
682,432,3,2
682,433,3,2
682,434,3,2
682,435,3,2
682,436,3,2
682,437,3,2
682,438,3,2
682,439,3,2
682,440,3,2
682,441,3,2
682,442,3,2
682,443,3,2
682,444,3,2
682,445,3,2
682,446,3,2
682,447,3,2
682,448,3,2
682,449,3,2
682,450,3,2
682,451,3,2
682,452,3,2
682,453,3,2
682,454,3,2
682,455,3,2
682,456,3,2
682,457,3,2
682,458,3,2
682,459,3,2
683,167,3,2
683,168,3,2
683,169,3,2
683,170,3,2
683,171,3,2
683,172,3,2
683,173,3,2
683,174,3,2
683,175,3,2
683,176,3,2
683,177,3,2
683,178,3,2
683,179,3,2
683,180,3,2
683,181,3,2
683,182,3,2
683,183,3,2
683,184,3,2
683,185,3,2
683,186,3,2
683,187,3,2
683,188,3,2
683,189,3,2
683,190,3,2
683,191,3,2
683,192,3,2
683,193,3,2
683,194,3,2
683,195,3,2
683,196,3,2
683,197,3,2
683,198,3,2
683,199,3,2
683,200,3,2
683,201,3,2
683,202,3,2
683,203,3,2
683,204,3,2
683,205,3,2
683,206,3,2
683,207,3,2
683,208,3,2
683,209,3,2
683,210,3,2
683,211,3,2
683,212,3,2
683,213,3,2
683,214,3,2
683,215,3,2
683,216,3,2
683,217,3,2
683,218,3,2
683,219,3,2
683,220,3,2
683,221,3,2
683,222,3,2
683,223,3,2
683,224,3,2
683,225,3,2
683,226,3,2
683,227,3,2
683,228,3,2
683,229,3,2
683,230,3,2
683,231,3,2
683,232,3,2
683,233,3,2
683,234,3,2
683,235,3,2
683,236,3,2
683,237,3,2
683,238,3,2
683,239,3,2
683,240,3,2
683,241,3,2
683,242,3,2
683,243,3,2
683,244,3,2
683,245,3,2
683,246,3,2
683,247,3,2
683,248,3,2
683,249,3,2
683,250,3,2
683,251,3,2
683,252,3,2
683,253,3,2
683,254,3,2
683,255,3,2
683,256,3,2
683,257,3,2
683,258,3,2
683,259,3,2
683,260,3,2
683,261,3,2
683,262,3,2
683,263,3,2
683,264,3,2
683,265,3,2
683,266,3,2
683,267,3,2
683,268,3,2
683,269,3,2
683,270,3,2
683,271,3,2
683,272,3,2
683,273,3,2
683,274,3,2
683,275,3,2
683,276,3,2
683,277,3,2
683,278,3,2
683,279,3,2
683,280,3,2
683,281,3,2
683,282,3,2
683,283,3,2
683,284,3,2
683,285,3,2
683,286,3,2
683,287,3,2
683,288,3,2
683,289,3,2
683,290,3,2
683,291,3,2
683,292,3,2
683,293,3,2
683,294,3,2
683,295,3,2
683,296,3,2
683,297,3,2
683,298,3,2
683,299,3,2
683,300,3,2
683,301,3,2
683,302,3,2
683,303,3,2
683,304,3,2
683,305,3,2
683,306,3,2
683,307,3,2
683,308,3,2
683,309,3,2
683,310,3,2
683,311,3,2
683,312,3,2
683,313,3,2
683,314,3,2
683,315,3,2
683,316,3,2
683,317,3,2
683,318,3,2
683,319,3,2
683,320,3,2
683,321,3,2
683,322,3,2
683,323,3,2
683,324,3,2
683,325,3,2
683,326,3,2
683,327,3,2
683,328,3,2
683,329,3,2
683,330,3,2
683,331,3,2
683,332,3,2
683,333,3,2
683,334,3,2
683,335,3,2
683,336,3,2
683,337,3,2
683,338,3,2
683,339,3,2
683,340,3,2
683,341,3,2
683,342,3,2
683,343,3,2
683,344,3,2
683,345,3,2
683,346,3,2
683,347,3,2
683,348,3,2
683,349,3,2
683,350,3,2
683,351,3,2
683,352,3,2
683,353,3,2
683,354,3,2
683,355,3,2
683,356,3,2
683,357,3,2
683,358,3,2
683,359,3,2
683,360,3,2
683,361,3,2
683,362,3,2
683,363,3,2
683,364,3,2
683,365,3,2
683,366,3,2
683,367,3,2
683,368,3,2
683,369,3,2
683,370,3,2
683,371,3,2
683,372,3,2
683,373,3,2
683,374,3,2
683,375,3,2
683,376,3,2
683,377,3,2
683,378,3,3
683,379,3,3
683,380,3,3
683,381,3,3
683,382,3,3
683,383,3,3
683,384,3,3
683,385,3,2
683,386,3,2
683,387,3,2
683,388,3,2
683,389,3,2
683,390,3,2
683,391,3,2
683,392,3,2
683,393,3,2
683,394,3,2
683,395,3,2
683,396,3,2
683,397,3,2
683,398,3,2
683,399,3,2
683,400,3,2
683,401,3,2
683,402,3,2
683,403,3,2
683,404,3,2
683,405,3,2
683,406,3,2
683,407,3,2
683,408,3,2
683,409,3,2
683,410,3,2
683,411,3,2
683,412,3,2
683,413,3,2
683,414,3,2
683,415,3,2
683,416,3,2
683,417,3,2
683,418,3,2
683,419,3,2
683,420,3,2
683,421,3,2
683,422,3,2
683,423,3,2
683,424,3,2
683,425,3,2
683,426,3,2
683,427,3,2
683,428,3,2
683,429,3,2
683,430,3,2
683,431,3,2
683,432,3,2
683,433,3,2
683,434,3,2
683,435,3,2
683,436,3,2
683,437,3,2
683,438,3,2
683,439,3,2
683,440,3,2
683,441,3,2
683,442,3,2
683,443,3,2
683,444,3,2
683,445,3,2
683,446,3,2
683,447,3,2
683,448,3,2
683,449,3,2
683,450,3,2
683,451,3,2
683,452,3,2
683,453,3,2
683,454,3,2
683,455,3,2
684,168,3,2
684,169,3,2
684,170,3,2
684,171,3,2
684,172,3,2
684,173,3,2
684,174,3,2
684,175,3,2
684,176,3,2
684,177,3,2
684,178,3,2
684,179,3,2
684,180,3,2
684,181,3,2
684,182,3,2
684,183,3,2
684,184,3,2
684,185,3,2
684,186,3,2
684,187,3,2
684,188,3,2
684,189,3,2
684,190,3,2
684,191,3,2
684,192,3,2
684,193,3,2
684,194,3,2
684,195,3,2
684,196,3,2
684,197,3,2
684,198,3,2
684,199,3,2
684,200,3,2
684,201,3,2
684,202,3,2
684,203,3,2
684,204,3,2
684,205,3,2
684,206,3,2
684,207,3,2
684,208,3,2
684,209,3,2
684,210,3,2
684,211,3,2
684,212,3,2
684,213,3,2
684,214,3,2
684,215,3,2
684,216,3,2
684,217,3,2
684,218,3,2
684,219,3,2
684,220,3,2
684,221,3,2
684,222,3,2
684,223,3,2
684,224,3,2
684,225,3,2
684,226,3,2
684,227,3,2
684,228,3,2
684,229,3,2
684,230,3,2
684,231,3,2
684,232,3,2
684,233,3,2
684,234,3,2
684,235,3,2
684,236,3,2
684,237,3,2
684,238,3,2
684,239,3,2
684,240,3,2
684,241,3,2
684,242,3,2
684,243,3,2
684,244,3,2
684,245,3,2
684,246,3,2
684,247,3,2
684,248,3,2
684,249,3,2
684,250,3,2
684,251,3,2
684,252,3,2
684,253,3,2
684,254,3,2
684,255,3,2
684,256,3,2
684,257,3,2
684,258,3,2
684,259,3,2
684,260,3,2
684,261,3,2
684,262,3,2
684,263,3,2
684,264,3,2
684,265,3,2
684,266,3,2
684,267,3,2
684,268,3,2
684,269,3,2
684,270,3,2
684,271,3,2
684,272,3,2
684,273,3,2
684,274,3,2
684,275,3,2
684,276,3,2
684,277,3,2
684,278,3,2
684,279,3,2
684,280,3,2
684,281,3,2
684,282,3,2
684,283,3,2
684,284,3,2
684,285,3,2
684,286,3,2
684,287,3,2
684,288,3,2
684,289,3,2
684,290,3,2
684,291,3,2
684,292,3,2
684,293,3,2
684,294,3,2
684,295,3,2
684,296,3,2
684,297,3,2
684,298,3,2
684,299,3,2
684,300,3,2
684,301,3,2
684,302,3,2
684,303,3,2
684,304,3,2
684,305,3,2
684,306,3,2
684,307,3,2
684,308,3,2
684,309,3,2
684,310,3,2
684,311,3,2
684,312,3,2
684,313,3,2
684,314,3,2
684,315,3,2
684,316,3,2
684,317,3,2
684,318,3,2
684,319,3,2
684,320,3,2
684,321,3,2
684,322,3,2
684,323,3,2
684,324,3,2
684,325,3,2
684,326,3,2
684,327,3,2
684,328,3,2
684,329,3,2
684,330,3,2
684,331,3,2
684,332,3,2
684,333,3,2
684,334,3,2
684,335,3,2
684,336,3,2
684,337,3,2
684,338,3,2
684,339,3,2
684,340,3,2
684,341,3,2
684,342,3,2
684,343,3,2
684,344,3,2
684,345,3,2
684,346,3,2
684,347,3,2
684,348,3,2
684,349,3,2
684,350,3,2
684,351,3,2
684,352,3,2
684,353,3,2
684,354,3,2
684,355,3,2
684,356,3,2
684,357,3,2
684,358,3,2
684,359,3,2
684,360,3,2
684,361,3,2
684,362,3,2
684,363,3,2
684,364,3,2
684,365,3,2
684,366,3,2
684,367,3,2
684,368,3,2
684,369,3,2
684,370,3,2
684,371,3,2
684,372,3,2
684,373,3,2
684,374,3,2
684,375,3,2
684,376,3,2
684,377,3,3
684,378,3,3
684,379,3,3
684,380,3,3
684,381,3,3
684,382,3,3
684,383,3,3
684,384,3,3
684,385,3,2
684,386,3,2
684,387,3,2
684,388,3,2
684,389,3,2
684,390,3,2
684,391,3,2
684,392,3,2
684,393,3,2
684,394,3,2
684,395,3,2
684,396,3,2
684,397,3,2
684,398,3,2
684,399,3,2
684,400,3,2
684,401,3,2
684,402,3,2
684,403,3,2
684,404,3,2
684,405,3,2
684,406,3,2
684,407,3,2
684,408,3,2
684,409,3,2
684,410,3,2
684,411,3,2
684,412,3,2
684,413,3,2
684,414,3,2
684,415,3,2
684,416,3,2
684,417,3,2
684,418,3,2
684,419,3,2
684,420,3,2
684,421,3,2
684,422,3,2
684,423,3,2
684,424,3,2
684,425,3,2
684,426,3,2
684,427,3,2
684,428,3,2
684,429,3,2
684,430,3,2
684,431,3,2
684,432,3,2
684,433,3,2
684,434,3,2
684,435,3,2
684,436,3,2
684,437,3,2
684,438,3,2
684,439,3,2
684,440,3,2
684,441,3,2
684,442,3,2
684,443,3,2
684,444,3,2
684,445,3,2
684,446,3,2
684,447,3,2
684,448,3,2
684,449,3,2
684,450,3,2
684,451,3,2
684,452,3,2
684,453,3,2
685,169,3,2
685,170,3,2
685,171,3,2
685,172,3,2
685,173,3,2
685,174,3,2
685,175,3,2
685,176,3,2
685,177,3,2
685,178,3,2
685,179,3,2
685,180,3,2
685,181,3,2
685,182,3,2
685,183,3,2
685,184,3,2
685,185,3,2
685,186,3,2
685,187,3,2
685,188,3,2
685,189,3,2
685,190,3,2
685,191,3,2
685,192,3,2
685,193,3,2
685,194,3,2
685,195,3,2
685,196,3,2
685,197,3,2
685,198,3,2
685,199,3,2
685,200,3,2
685,201,3,2
685,202,3,2
685,203,3,2
685,204,3,2
685,205,3,2
685,206,3,2
685,207,3,2
685,208,3,2
685,209,3,2
685,210,3,2
685,211,3,2
685,212,3,2
685,213,3,2
685,214,3,2
685,215,3,2
685,216,3,2
685,217,3,2
685,218,3,2
685,219,3,2
685,220,3,2
685,221,3,2
685,222,3,2
685,223,3,2
685,224,3,2
685,225,3,2
685,226,3,2
685,227,3,2
685,228,3,2
685,229,3,2
685,230,3,2
685,231,3,2
685,232,3,2
685,233,3,2
685,234,3,2
685,235,3,2
685,236,3,2
685,237,3,2
685,238,3,2
685,239,3,2
685,240,3,2
685,241,3,2
685,242,3,2
685,243,3,2
685,244,3,2
685,245,3,2
685,246,3,2
685,247,3,2
685,248,3,2
685,249,3,2
685,250,3,2
685,251,3,2
685,252,3,2
685,253,3,2
685,254,3,2
685,255,3,2
685,256,3,2
685,257,3,2
685,258,3,2
685,259,3,2
685,260,3,2
685,261,3,2
685,262,3,2
685,263,3,2
685,264,3,2
685,265,3,2
685,266,3,2
685,267,3,2
685,268,3,2
685,269,3,2
685,270,3,2
685,271,3,2
685,272,3,2
685,273,3,2
685,274,3,2
685,275,3,2
685,276,3,2
685,277,3,2
685,278,3,2
685,279,3,2
685,280,3,2
685,281,3,2
685,282,3,2
685,283,3,2
685,284,3,2
685,285,3,2
685,286,3,2
685,287,3,2
685,288,3,2
685,289,3,2
685,290,3,2
685,291,3,2
685,292,3,2
685,293,3,2
685,294,3,2
685,295,3,2
685,296,3,2
685,297,3,2
685,298,3,2
685,299,3,2
685,300,3,2
685,301,3,2
685,302,3,2
685,303,3,2
685,304,3,2
685,305,3,2
685,306,3,2
685,307,3,2
685,308,3,2
685,309,3,2
685,310,3,2
685,311,3,2
685,312,3,2
685,313,3,2
685,314,3,2
685,315,3,2
685,316,3,2
685,317,3,2
685,318,3,2
685,319,3,2
685,320,3,2
685,321,3,2
685,322,3,2
685,323,3,2
685,324,3,2
685,325,3,2
685,326,3,2
685,327,3,2
685,328,3,2
685,329,3,2
685,330,3,2
685,331,3,2
685,332,3,2
685,333,3,2
685,334,3,2
685,335,3,2
685,336,3,2
685,337,3,2
685,338,3,2
685,339,3,2
685,340,3,2
685,341,3,2
685,342,3,2
685,343,3,2
685,344,3,2
685,345,3,2
685,346,3,2
685,347,3,2
685,348,3,2
685,349,3,2
685,350,3,2
685,351,3,2
685,352,3,2
685,353,3,2
685,354,3,2
685,355,3,2
685,356,3,2
685,357,3,2
685,358,3,2
685,359,3,2
685,360,3,2
685,361,3,2
685,362,3,2
685,363,3,2
685,364,3,2
685,365,3,2
685,366,3,2
685,367,3,2
685,368,3,2
685,369,3,2
685,370,3,2
685,371,3,2
685,372,3,2
685,373,3,2
685,374,3,2
685,375,3,2
685,376,3,3
685,377,3,3
685,378,3,3
685,379,3,3
685,380,3,3
685,381,3,2
685,382,3,2
685,383,3,2
685,384,3,2
685,385,3,2
685,386,3,2
685,387,3,2
685,388,3,2
685,389,3,2
685,390,3,2
685,391,3,2
685,392,3,2
685,393,3,2
685,394,3,2
685,395,3,2
685,396,3,2
685,397,3,2
685,398,3,2
685,399,3,2
685,400,3,2
685,401,3,2
685,402,3,2
685,403,3,2
685,404,3,2
685,405,3,2
685,406,3,2
685,407,3,2
685,408,3,2
685,409,3,2
685,410,3,2
685,411,3,2
685,412,3,2
685,413,3,2
685,414,3,2
685,415,3,2
685,416,3,2
685,417,3,2
685,418,3,2
685,419,3,2
685,420,3,2
685,421,3,2
685,422,3,2
685,423,3,2
685,424,3,2
685,425,3,2
685,426,3,2
685,427,3,2
685,428,3,2
685,429,3,2
685,430,3,2
685,431,3,2
685,432,3,2
685,433,3,2
685,434,3,2
685,435,3,2
685,436,3,2
685,437,3,2
685,438,3,2
685,439,3,2
685,440,3,2
685,441,3,2
685,442,3,2
685,443,3,2
685,444,3,2
685,445,3,2
685,446,3,2
685,447,3,2
686,169,3,2
686,170,3,2
686,171,3,2
686,172,3,2
686,173,3,2
686,174,3,2
686,175,3,2
686,176,3,2
686,177,3,2
686,178,3,2
686,179,3,2
686,180,3,2
686,181,3,2
686,182,3,2
686,183,3,2
686,184,3,2
686,185,3,2
686,186,3,2
686,187,3,2
686,188,3,2
686,189,3,2
686,190,3,2
686,191,3,2
686,192,3,2
686,193,3,2
686,194,3,2
686,195,3,2
686,196,3,2
686,197,3,2
686,198,3,2
686,199,3,2
686,200,3,2
686,201,3,2
686,202,3,2
686,203,3,2
686,204,3,2
686,205,3,2
686,206,3,2
686,207,3,2
686,208,3,2
686,209,3,2
686,210,3,2
686,211,3,2
686,212,3,2
686,213,3,2
686,214,3,2
686,215,3,2
686,216,3,2
686,217,3,2
686,218,3,2
686,219,3,2
686,220,3,2
686,221,3,2
686,222,3,2
686,223,3,2
686,224,3,2
686,225,3,2
686,226,3,2
686,227,3,2
686,228,3,2
686,229,3,2
686,230,3,2
686,231,3,2
686,232,3,2
686,233,3,2
686,234,3,2
686,235,3,2
686,236,3,2
686,237,3,2
686,238,3,2
686,239,3,2
686,240,3,2
686,241,3,2
686,242,3,2
686,243,3,2
686,244,3,2
686,245,3,2
686,246,3,2
686,247,3,2
686,248,3,2
686,249,3,2
686,250,3,2
686,251,3,2
686,252,3,2
686,253,3,2
686,254,3,2
686,255,3,2
686,256,3,2
686,257,3,2
686,258,3,2
686,259,3,2
686,260,3,2
686,261,3,2
686,262,3,2
686,263,3,2
686,264,3,2
686,265,3,2
686,266,3,2
686,267,3,2
686,268,3,2
686,269,3,2
686,270,3,2
686,271,3,2
686,272,3,2
686,273,3,2
686,274,3,2
686,275,3,2
686,276,3,2
686,277,3,2
686,278,3,2
686,279,3,2
686,280,3,2
686,281,3,2
686,282,3,2
686,283,3,2
686,284,3,2
686,285,3,2
686,286,3,2
686,287,3,2
686,288,3,2
686,289,3,2
686,290,3,2
686,291,3,2
686,292,3,2
686,293,3,2
686,294,3,2
686,295,3,2
686,296,3,2
686,297,3,2
686,298,3,2
686,299,3,2
686,300,3,2
686,301,3,2
686,302,3,2
686,303,3,2
686,304,3,2
686,305,3,2
686,306,3,2
686,307,3,2
686,308,3,2
686,309,3,2
686,310,3,2
686,311,3,2
686,312,3,2
686,313,3,2
686,314,3,2
686,315,3,2
686,316,3,2
686,317,3,2
686,318,3,2
686,319,3,2
686,320,3,2
686,321,3,2
686,322,3,2
686,323,3,2
686,324,3,2
686,325,3,2
686,326,3,2
686,327,3,2
686,328,3,2
686,329,3,2
686,330,3,2
686,331,3,2
686,332,3,2
686,333,3,2
686,334,3,2
686,335,3,2
686,336,3,2
686,337,3,2
686,338,3,2
686,339,3,2
686,340,3,2
686,341,3,2
686,342,3,2
686,343,3,2
686,344,3,2
686,345,3,2
686,346,3,2
686,347,3,2
686,348,3,2
686,349,3,2
686,350,3,2
686,351,3,2
686,352,3,2
686,353,3,2
686,354,3,2
686,355,3,2
686,356,3,2
686,357,3,2
686,358,3,2
686,359,3,2
686,360,3,2
686,361,3,2
686,362,3,2
686,363,3,2
686,364,3,2
686,365,3,2
686,366,3,2
686,367,3,2
686,368,3,2
686,369,3,2
686,370,3,2
686,371,3,2
686,372,3,2
686,373,3,2
686,374,3,2
686,375,3,2
686,376,3,2
686,377,3,2
686,378,3,2
686,379,3,2
686,380,3,2
686,381,3,2
686,382,3,2
686,383,3,2
686,384,3,2
686,385,3,2
686,386,3,2
686,387,3,2
686,388,3,2
686,389,3,2
686,390,3,2
686,391,3,2
686,392,3,2
686,393,3,2
686,394,3,2
686,395,3,2
686,396,3,2
686,397,3,2
686,398,3,2
686,399,3,2
686,400,3,2
686,401,3,2
686,402,3,2
686,403,3,2
686,404,3,2
686,405,3,2
686,406,3,2
686,407,3,2
686,408,3,2
686,409,3,2
686,410,3,2
686,411,3,2
686,412,3,2
686,413,3,2
686,414,3,2
686,415,3,2
686,416,3,2
686,417,3,2
686,418,3,2
686,419,3,2
686,420,3,2
686,421,3,2
686,422,3,2
686,423,3,2
686,424,3,2
686,425,3,2
686,426,3,2
686,427,3,2
686,428,3,2
686,429,3,2
686,430,3,2
686,431,3,2
686,432,3,2
686,433,3,2
686,434,3,2
686,435,3,2
686,436,3,2
686,437,3,2
686,438,3,2
686,439,3,2
686,440,3,2
686,441,3,2
686,442,3,2
686,443,3,2
686,444,3,2
686,445,3,2
687,169,3,2
687,170,3,2
687,171,3,2
687,172,3,2
687,173,3,2
687,174,3,2
687,175,3,2
687,176,3,2
687,177,3,2
687,178,3,2
687,179,3,2
687,180,3,2
687,181,3,2
687,182,3,2
687,183,3,2
687,184,3,2
687,185,3,2
687,186,3,2
687,187,3,2
687,188,3,2
687,189,3,2
687,190,3,2
687,191,3,2
687,192,3,2
687,193,3,2
687,194,3,2
687,195,3,2
687,196,3,2
687,197,3,2
687,198,3,2
687,199,3,2
687,200,3,2
687,201,3,2
687,202,3,2
687,203,3,2
687,204,3,2
687,205,3,2
687,206,3,2
687,207,3,2
687,208,3,2
687,209,3,2
687,210,3,2
687,211,3,2
687,212,3,2
687,213,3,2
687,214,3,2
687,215,3,2
687,216,3,2
687,217,3,2
687,218,3,2
687,219,3,2
687,220,3,2
687,221,3,2
687,222,3,2
687,223,3,2
687,224,3,2
687,225,3,2
687,226,3,2
687,227,3,2
687,228,3,2
687,229,3,2
687,230,3,2
687,231,3,2
687,232,3,2
687,233,3,2
687,234,3,2
687,235,3,2
687,236,3,2
687,237,3,2
687,238,3,2
687,239,3,2
687,240,3,2
687,241,3,2
687,242,3,2
687,243,3,2
687,244,3,2
687,245,3,2
687,246,3,2
687,247,3,2
687,248,3,2
687,249,3,2
687,250,3,2
687,251,3,2
687,252,3,2
687,253,3,2
687,254,3,2
687,255,3,2
687,256,3,2
687,257,3,2
687,258,3,2
687,259,3,2
687,260,3,2
687,261,3,2
687,262,3,2
687,263,3,2
687,264,3,2
687,265,3,2
687,266,3,2
687,267,3,2
687,268,3,2
687,269,3,2
687,270,3,2
687,271,3,2
687,272,3,2
687,273,3,2
687,274,3,2
687,275,3,2
687,276,3,2
687,277,3,2
687,278,3,2
687,279,3,2
687,280,3,2
687,281,3,2
687,282,3,2
687,283,3,2
687,284,3,2
687,285,3,2
687,286,3,2
687,287,3,2
687,288,3,2
687,289,3,2
687,290,3,2
687,291,3,2
687,292,3,2
687,293,3,2
687,294,3,2
687,295,3,2
687,296,3,2
687,297,3,2
687,298,3,2
687,299,3,2
687,300,3,2
687,301,3,2
687,302,3,2
687,303,3,2
687,304,3,2
687,305,3,2
687,306,3,2
687,307,3,2
687,308,3,2
687,309,3,2
687,310,3,2
687,311,3,2
687,312,3,2
687,313,3,2
687,314,3,2
687,315,3,2
687,316,3,2
687,317,3,2
687,318,3,2
687,319,3,2
687,320,3,2
687,321,3,2
687,322,3,2
687,323,3,2
687,324,3,2
687,325,3,2
687,326,3,2
687,327,3,2
687,328,3,2
687,329,3,2
687,330,3,2
687,331,3,2
687,332,3,2
687,333,3,2
687,334,3,2
687,335,3,2
687,336,3,2
687,337,3,2
687,338,3,2
687,339,3,2
687,340,3,2
687,341,3,2
687,342,3,2
687,343,3,2
687,344,3,2
687,345,3,2
687,346,3,2
687,347,3,2
687,348,3,2
687,349,3,2
687,350,3,2
687,351,3,2
687,352,3,2
687,353,3,2
687,354,3,2
687,355,3,2
687,356,3,2
687,357,3,2
687,358,3,2
687,359,3,2
687,360,3,2
687,361,3,2
687,362,3,2
687,363,3,2
687,364,3,2
687,365,3,2
687,366,3,2
687,367,3,2
687,368,3,2
687,369,3,2
687,370,3,2
687,371,3,2
687,372,3,2
687,373,3,2
687,374,3,2
687,375,3,2
687,376,3,2
687,377,3,2
687,378,3,2
687,379,3,2
687,380,3,2
687,381,3,2
687,382,3,2
687,383,3,2
687,384,3,2
687,385,3,2
687,386,3,2
687,387,3,2
687,388,3,2
687,389,3,2
687,390,3,2
687,391,3,2
687,392,3,2
687,393,3,2
687,394,3,2
687,395,3,2
687,396,3,2
687,397,3,2
687,398,3,2
687,399,3,2
687,400,3,2
687,401,3,2
687,402,3,2
687,403,3,2
687,404,3,2
687,405,3,2
687,406,3,2
687,407,3,2
687,408,3,2
687,409,3,2
687,410,3,2
687,411,3,2
687,412,3,2
687,413,3,2
687,414,3,2
687,415,3,2
687,416,3,2
687,417,3,2
687,418,3,2
687,419,3,2
687,420,3,2
687,421,3,2
687,422,3,2
687,423,3,2
687,424,3,2
687,425,3,2
687,426,3,2
687,427,3,2
687,428,3,2
687,429,3,2
687,430,3,2
687,431,3,2
687,432,3,2
687,433,3,2
687,434,3,2
687,435,3,2
687,436,3,2
687,437,3,2
687,438,3,2
687,439,3,2
687,440,3,2
687,441,3,2
687,442,3,2
688,170,3,2
688,171,3,2
688,172,3,2
688,173,3,2
688,174,3,2
688,175,3,2
688,176,3,2
688,177,3,2
688,178,3,2
688,179,3,2
688,180,3,2
688,181,3,2
688,182,3,2
688,183,3,2
688,184,3,2
688,185,3,2
688,186,3,2
688,187,3,2
688,188,3,2
688,189,3,2
688,190,3,2
688,191,3,2
688,192,3,2
688,193,3,2
688,194,3,2
688,195,3,2
688,196,3,2
688,197,3,2
688,198,3,2
688,199,3,2
688,200,3,2
688,201,3,2
688,202,3,2
688,203,3,2
688,204,3,2
688,205,3,2
688,206,3,2
688,207,3,2
688,208,3,2
688,209,3,2
688,210,3,2
688,211,3,2
688,212,3,2
688,213,3,2
688,214,3,2
688,215,3,2
688,216,3,2
688,217,3,2
688,218,3,2
688,219,3,2
688,220,3,2
688,221,3,2
688,222,3,2
688,223,3,2
688,224,3,2
688,225,3,2
688,226,3,2
688,227,3,2
688,228,3,2
688,229,3,2
688,230,3,2
688,231,3,2
688,232,3,2
688,233,3,2
688,234,3,2
688,235,3,2
688,236,3,2
688,237,3,2
688,238,3,2
688,239,3,2
688,240,3,2
688,241,3,2
688,242,3,2
688,243,3,2
688,244,3,2
688,245,3,2
688,246,3,2
688,247,3,2
688,248,3,2
688,249,3,2
688,250,3,2
688,251,3,2
688,252,3,2
688,253,3,2
688,254,3,2
688,255,3,2
688,256,3,2
688,257,3,2
688,258,3,2
688,259,3,2
688,260,3,2
688,261,3,2
688,262,3,2
688,263,3,2
688,264,3,2
688,265,3,2
688,266,3,2
688,267,3,2
688,268,3,2
688,269,3,2
688,270,3,2
688,271,3,2
688,272,3,2
688,273,3,2
688,274,3,2
688,275,3,2
688,276,3,2
688,277,3,2
688,278,3,2
688,279,3,2
688,280,3,2
688,281,3,2
688,282,3,2
688,283,3,2
688,284,3,2
688,285,3,2
688,286,3,2
688,287,3,2
688,288,3,2
688,289,3,2
688,290,3,2
688,291,3,2
688,292,3,2
688,293,3,2
688,294,3,2
688,295,3,2
688,296,3,2
688,297,3,2
688,298,3,2
688,299,3,2
688,300,3,2
688,301,3,2
688,302,3,2
688,303,3,2
688,304,3,2
688,305,3,2
688,306,3,2
688,307,3,2
688,308,3,2
688,309,3,2
688,310,3,2
688,311,3,2
688,312,3,2
688,313,3,2
688,314,3,2
688,315,3,2
688,316,3,2
688,317,3,2
688,318,3,2
688,319,3,2
688,320,3,2
688,321,3,2
688,322,3,2
688,323,3,2
688,324,3,2
688,325,3,2
688,326,3,2
688,327,3,2
688,328,3,2
688,329,3,2
688,330,3,2
688,331,3,2
688,332,3,2
688,333,3,2
688,334,3,2
688,335,3,2
688,336,3,2
688,337,3,2
688,338,3,2
688,339,3,2
688,340,3,2
688,341,3,2
688,342,3,2
688,343,3,2
688,344,3,2
688,345,3,2
688,346,3,2
688,347,3,2
688,348,3,2
688,349,3,2
688,350,3,2
688,351,3,2
688,352,3,2
688,353,3,2
688,354,3,2
688,355,3,2
688,356,3,2
688,357,3,2
688,358,3,2
688,359,3,2
688,360,3,2
688,361,3,2
688,362,3,2
688,363,3,2
688,364,3,2
688,365,3,2
688,366,3,2
688,367,3,2
688,368,3,2
688,369,3,2
688,370,3,2
688,371,3,2
688,372,3,2
688,373,3,2
688,374,3,2
688,375,3,2
688,376,3,2
688,377,3,2
688,378,3,2
688,379,3,2
688,380,3,2
688,381,3,2
688,382,3,2
688,383,3,2
688,384,3,2
688,385,3,2
688,386,3,2
688,387,3,2
688,388,3,2
688,389,3,2
688,390,3,2
688,391,3,2
688,392,3,2
688,393,3,2
688,394,3,2
688,395,3,2
688,396,3,2
688,397,3,2
688,398,3,2
688,399,3,2
688,400,3,2
688,401,3,2
688,402,3,2
688,403,3,2
688,404,3,2
688,405,3,2
688,406,3,2
688,407,3,2
688,408,3,2
688,409,3,2
688,410,3,2
688,411,3,2
688,412,3,2
688,413,3,2
688,414,3,2
688,415,3,2
688,416,3,2
688,417,3,2
688,418,3,2
688,419,3,2
688,420,3,2
688,421,3,2
688,422,3,2
688,423,3,2
688,424,3,2
688,425,3,2
688,426,3,2
688,427,3,2
688,428,3,2
688,429,3,2
688,430,3,2
688,431,3,2
688,432,3,2
688,433,3,2
688,436,3,2
688,437,3,2
688,438,3,2
688,439,3,2
688,440,3,2
688,441,3,2
688,442,3,2
689,176,3,2
689,177,3,2
689,178,3,2
689,179,3,2
689,180,3,2
689,181,3,2
689,182,3,2
689,183,3,2
689,184,3,2
689,185,3,2
689,186,3,2
689,187,3,2
689,188,3,2
689,189,3,2
689,190,3,2
689,191,3,2
689,192,3,2
689,193,3,2
689,194,3,2
689,195,3,2
689,196,3,2
689,197,3,2
689,198,3,2
689,199,3,2
689,200,3,2
689,201,3,2
689,202,3,2
689,203,3,2
689,204,3,2
689,205,3,2
689,206,3,2
689,207,3,2
689,208,3,2
689,209,3,2
689,210,3,2
689,211,3,2
689,212,3,2
689,213,3,2
689,214,3,2
689,215,3,2
689,216,3,2
689,217,3,2
689,218,3,2
689,219,3,2
689,220,3,2
689,221,3,2
689,222,3,2
689,223,3,2
689,224,3,2
689,225,3,2
689,226,3,2
689,227,3,2
689,228,3,2
689,229,3,2
689,230,3,2
689,231,3,2
689,232,3,2
689,233,3,2
689,234,3,2
689,235,3,2
689,236,3,2
689,237,3,2
689,238,3,2
689,239,3,2
689,240,3,2
689,241,3,2
689,242,3,2
689,243,3,2
689,244,3,2
689,245,3,2
689,246,3,2
689,247,3,2
689,248,3,2
689,249,3,2
689,250,3,2
689,251,3,2
689,252,3,2
689,253,3,2
689,254,3,2
689,255,3,2
689,256,3,2
689,257,3,2
689,258,3,2
689,259,3,2
689,260,3,2
689,261,3,2
689,262,3,2
689,263,3,2
689,264,3,2
689,265,3,2
689,266,3,2
689,267,3,2
689,268,3,2
689,269,3,2
689,270,3,2
689,271,3,2
689,272,3,2
689,273,3,2
689,274,3,2
689,275,3,2
689,276,3,2
689,277,3,2
689,278,3,2
689,279,3,2
689,280,3,2
689,281,3,2
689,282,3,2
689,283,3,2
689,284,3,2
689,285,3,2
689,286,3,2
689,287,3,2
689,288,3,2
689,289,3,2
689,290,3,2
689,291,3,2
689,292,3,2
689,293,3,2
689,294,3,2
689,295,3,2
689,296,3,2
689,297,3,2
689,298,3,2
689,299,3,2
689,300,3,2
689,301,3,2
689,302,3,2
689,303,3,2
689,304,3,2
689,305,3,2
689,306,3,2
689,307,3,2
689,308,3,2
689,309,3,2
689,310,3,2
689,311,3,2
689,312,3,2
689,313,3,2
689,314,3,2
689,315,3,2
689,316,3,2
689,317,3,2
689,318,3,2
689,319,3,2
689,320,3,2
689,321,3,2
689,322,3,2
689,323,3,2
689,324,3,2
689,325,3,2
689,326,3,2
689,327,3,2
689,328,3,2
689,329,3,2
689,330,3,2
689,331,3,2
689,332,3,2
689,333,3,2
689,334,3,2
689,335,3,2
689,336,3,2
689,337,3,2
689,338,3,2
689,339,3,2
689,340,3,2
689,341,3,2
689,342,3,2
689,343,3,2
689,344,3,2
689,345,3,2
689,346,3,2
689,347,3,2
689,348,3,2
689,349,3,2
689,350,3,2
689,351,3,2
689,352,3,2
689,353,3,2
689,354,3,2
689,355,3,2
689,356,3,2
689,357,3,2
689,358,3,2
689,359,3,2
689,360,3,2
689,361,3,2
689,362,3,2
689,363,3,2
689,364,3,2
689,365,3,2
689,366,3,2
689,367,3,2
689,368,3,2
689,369,3,2
689,370,3,2
689,371,3,2
689,372,3,2
689,373,3,2
689,374,3,2
689,375,3,2
689,376,3,2
689,377,3,2
689,378,3,2
689,379,3,2
689,380,3,2
689,381,3,2
689,382,3,2
689,383,3,2
689,384,3,2
689,385,3,2
689,386,3,2
689,387,3,2
689,388,3,2
689,389,3,2
689,390,3,2
689,391,3,2
689,392,3,2
689,393,3,2
689,394,3,2
689,395,3,2
689,396,3,2
689,397,3,2
689,398,3,2
689,399,3,2
689,400,3,2
689,401,3,2
689,402,3,2
689,403,3,2
689,404,3,2
689,405,3,2
689,406,3,2
689,407,3,2
689,408,3,2
689,409,3,2
689,410,3,2
689,411,3,2
689,412,3,2
689,413,3,2
689,414,3,2
689,415,3,2
689,416,3,2
689,417,3,2
689,418,3,2
689,419,3,2
689,420,3,2
689,421,3,2
689,422,3,2
689,423,3,2
689,424,3,2
689,425,3,2
689,426,3,2
689,427,3,2
689,428,3,2
689,429,3,2
689,430,3,2
689,438,3,2
689,439,3,2
689,440,3,2
689,441,3,2
690,176,3,2
690,177,3,2
690,178,3,2
690,179,3,2
690,180,3,2
690,181,3,2
690,182,3,2
690,183,3,2
690,184,3,2
690,185,3,2
690,186,3,2
690,187,3,2
690,188,3,2
690,189,3,2
690,190,3,2
690,191,3,2
690,192,3,2
690,193,3,2
690,194,3,2
690,195,3,2
690,196,3,2
690,197,3,2
690,198,3,2
690,199,3,2
690,200,3,2
690,201,3,2
690,202,3,2
690,203,3,2
690,204,3,2
690,205,3,2
690,206,3,2
690,207,3,2
690,208,3,2
690,209,3,2
690,210,3,2
690,211,3,2
690,212,3,2
690,213,3,2
690,214,3,2
690,215,3,2
690,216,3,2
690,217,3,2
690,218,3,2
690,219,3,2
690,220,3,2
690,221,3,2
690,222,3,2
690,223,3,2
690,224,3,2
690,225,3,2
690,226,3,2
690,227,3,2
690,228,3,2
690,229,3,2
690,230,3,2
690,231,3,2
690,232,3,2
690,233,3,2
690,234,3,2
690,235,3,2
690,236,3,2
690,237,3,2
690,238,3,2
690,239,3,2
690,240,3,2
690,241,3,2
690,242,3,2
690,243,3,2
690,244,3,2
690,245,3,2
690,246,3,2
690,247,3,2
690,248,3,2
690,249,3,2
690,250,3,2
690,251,3,2
690,252,3,2
690,253,3,2
690,254,3,2
690,255,3,2
690,256,3,2
690,257,3,2
690,258,3,2
690,259,3,2
690,260,3,2
690,261,3,2
690,262,3,2
690,263,3,2
690,264,3,2
690,265,3,2
690,266,3,2
690,267,3,2
690,268,3,2
690,269,3,2
690,270,3,2
690,271,3,2
690,272,3,2
690,273,3,2
690,274,3,2
690,275,3,2
690,276,3,2
690,277,3,2
690,278,3,2
690,279,3,2
690,280,3,2
690,281,3,2
690,282,3,2
690,283,3,2
690,284,3,2
690,285,3,2
690,286,3,2
690,287,3,2
690,288,3,2
690,289,3,2
690,290,3,2
690,291,3,2
690,292,3,2
690,293,3,2
690,294,3,2
690,295,3,2
690,296,3,2
690,297,3,2
690,298,3,2
690,299,3,2
690,300,3,2
690,301,3,2
690,302,3,2
690,303,3,2
690,304,3,2
690,305,3,2
690,306,3,2
690,307,3,2
690,308,3,2
690,309,3,2
690,310,3,2
690,311,3,2
690,312,3,2
690,313,3,2
690,314,3,2
690,315,3,2
690,316,3,2
690,317,3,2
690,318,3,2
690,319,3,2
690,320,3,2
690,321,3,2
690,322,3,2
690,323,3,2
690,324,3,2
690,325,3,2
690,326,3,2
690,327,3,2
690,328,3,2
690,329,3,2
690,330,3,2
690,331,3,2
690,332,3,2
690,333,3,2
690,334,3,2
690,335,3,2
690,336,3,2
690,337,3,2
690,338,3,2
690,339,3,2
690,340,3,2
690,341,3,2
690,342,3,2
690,343,3,2
690,344,3,2
690,345,3,2
690,346,3,2
690,347,3,2
690,348,3,2
690,349,3,2
690,350,3,2
690,351,3,2
690,352,3,2
690,353,3,2
690,354,3,2
690,355,3,2
690,356,3,2
690,357,3,2
690,358,3,2
690,359,3,2
690,360,3,2
690,361,3,2
690,362,3,2
690,363,3,2
690,364,3,2
690,365,3,2
690,366,3,2
690,367,3,2
690,368,3,2
690,369,3,2
690,370,3,2
690,371,3,2
690,372,3,2
690,373,3,2
690,374,3,2
690,375,3,2
690,376,3,2
690,377,3,2
690,378,3,2
690,379,3,2
690,380,3,2
690,381,3,2
690,382,3,2
690,383,3,2
690,384,3,2
690,385,3,2
690,386,3,2
690,387,3,2
690,388,3,2
690,389,3,2
690,390,3,2
690,391,3,2
690,392,3,2
690,393,3,2
690,394,3,2
690,395,3,2
690,396,3,2
690,397,3,2
690,398,3,2
690,399,3,2
690,400,3,2
690,401,3,2
690,402,3,2
690,403,3,2
690,404,3,2
690,405,3,2
690,406,3,2
690,407,3,2
690,408,3,2
690,409,3,2
690,410,3,2
690,411,3,2
690,412,3,2
690,413,3,2
690,414,3,2
690,415,3,2
690,416,3,2
690,417,3,2
690,418,3,2
690,419,3,2
690,420,3,2
690,421,3,2
690,422,3,2
690,423,3,2
690,424,3,2
690,425,3,2
690,426,3,2
690,427,3,2
690,428,3,2
690,429,3,2
690,430,3,2
691,177,3,2
691,178,3,2
691,179,3,2
691,180,3,2
691,181,3,2
691,182,3,2
691,183,3,2
691,184,3,2
691,185,3,2
691,186,3,2
691,187,3,2
691,188,3,2
691,189,3,2
691,190,3,2
691,191,3,2
691,192,3,2
691,193,3,2
691,194,3,2
691,195,3,2
691,196,3,2
691,197,3,2
691,198,3,2
691,199,3,2
691,200,3,2
691,201,3,2
691,202,3,2
691,203,3,2
691,204,3,2
691,205,3,2
691,206,3,2
691,207,3,2
691,208,3,2
691,209,3,2
691,210,3,2
691,211,3,2
691,212,3,2
691,213,3,2
691,214,3,2
691,215,3,2
691,216,3,2
691,217,3,2
691,218,3,2
691,219,3,2
691,220,3,2
691,221,3,2
691,222,3,2
691,223,3,2
691,224,3,2
691,225,3,2
691,226,3,2
691,227,3,2
691,228,3,2
691,229,3,2
691,230,3,2
691,231,3,2
691,232,3,2
691,233,3,2
691,234,3,2
691,235,3,2
691,236,3,2
691,237,3,2
691,238,3,2
691,239,3,2
691,240,3,2
691,241,3,2
691,242,3,2
691,243,3,2
691,244,3,2
691,245,3,2
691,246,3,2
691,247,3,2
691,248,3,2
691,249,3,2
691,250,3,2
691,251,3,2
691,252,3,2
691,253,3,2
691,254,3,2
691,255,3,2
691,256,3,2
691,257,3,2
691,258,3,2
691,259,3,2
691,260,3,2
691,261,3,2
691,262,3,2
691,263,3,2
691,264,3,2
691,265,3,2
691,266,3,2
691,267,3,2
691,268,3,2
691,269,3,2
691,270,3,2
691,271,3,2
691,272,3,2
691,273,3,2
691,274,3,2
691,275,3,2
691,276,3,2
691,277,3,2
691,278,3,2
691,279,3,2
691,280,3,2
691,281,3,2
691,282,3,2
691,283,3,2
691,284,3,2
691,285,3,2
691,286,3,2
691,287,3,2
691,288,3,2
691,289,3,2
691,290,3,2
691,291,3,2
691,292,3,2
691,293,3,2
691,294,3,2
691,295,3,2
691,296,3,2
691,297,3,2
691,298,3,2
691,299,3,2
691,300,3,2
691,301,3,2
691,302,3,2
691,303,3,2
691,304,3,2
691,305,3,2
691,306,3,2
691,307,3,2
691,308,3,2
691,309,3,2
691,310,3,2
691,311,3,2
691,312,3,2
691,313,3,2
691,314,3,2
691,315,3,2
691,316,3,2
691,317,3,2
691,318,3,2
691,319,3,2
691,320,3,2
691,321,3,2
691,322,3,2
691,323,3,2
691,324,3,2
691,325,3,2
691,326,3,2
691,327,3,2
691,328,3,2
691,329,3,2
691,330,3,2
691,331,3,2
691,332,3,2
691,333,3,2
691,334,3,2
691,335,3,2
691,336,3,2
691,337,3,2
691,338,3,2
691,339,3,2
691,340,3,2
691,341,3,2
691,342,3,2
691,343,3,2
691,344,3,2
691,345,3,2
691,346,3,2
691,347,3,2
691,348,3,2
691,349,3,2
691,350,3,2
691,351,3,2
691,352,3,2
691,353,3,2
691,354,3,2
691,355,3,2
691,356,3,2
691,357,3,2
691,358,3,2
691,359,3,2
691,360,3,2
691,361,3,2
691,362,3,2
691,363,3,2
691,364,3,2
691,365,3,2
691,366,3,2
691,367,3,2
691,368,3,2
691,369,3,2
691,370,3,2
691,371,3,2
691,372,3,2
691,373,3,2
691,374,3,2
691,375,3,2
691,376,3,2
691,377,3,2
691,378,3,2
691,379,3,2
691,380,3,2
691,381,3,2
691,382,3,2
691,383,3,2
691,384,3,2
691,385,3,2
691,386,3,2
691,387,3,2
691,388,3,2
691,389,3,2
691,390,3,2
691,391,3,2
691,392,3,2
691,393,3,2
691,394,3,2
691,395,3,2
691,396,3,2
691,397,3,2
691,398,3,2
691,399,3,2
691,400,3,2
691,401,3,2
691,402,3,2
691,403,3,2
691,404,3,2
691,405,3,2
691,406,3,2
691,407,3,2
691,408,3,2
691,409,3,2
691,410,3,2
691,411,3,2
691,412,3,2
691,413,3,2
691,414,3,2
691,415,3,2
691,416,3,2
691,417,3,2
691,418,3,2
691,419,3,2
691,420,3,2
691,421,3,2
691,422,3,2
691,423,3,2
691,424,3,2
691,425,3,2
691,426,3,2
691,427,3,2
691,428,3,2
692,177,3,2
692,178,3,2
692,179,3,2
692,180,3,2
692,181,3,2
692,182,3,2
692,183,3,2
692,184,3,2
692,185,3,2
692,186,3,2
692,187,3,2
692,188,3,2
692,189,3,2
692,190,3,2
692,191,3,2
692,192,3,2
692,193,3,2
692,194,3,2
692,195,3,2
692,196,3,2
692,197,3,2
692,198,3,2
692,199,3,2
692,200,3,2
692,201,3,2
692,202,3,2
692,203,3,2
692,204,3,2
692,205,3,2
692,206,3,2
692,207,3,2
692,208,3,2
692,209,3,2
692,210,3,2
692,211,3,2
692,212,3,2
692,213,3,2
692,214,3,2
692,215,3,2
692,216,3,2
692,217,3,2
692,218,3,2
692,219,3,2
692,220,3,2
692,221,3,2
692,222,3,2
692,223,3,2
692,224,3,2
692,225,3,2
692,226,3,2
692,227,3,2
692,228,3,2
692,229,3,2
692,230,3,2
692,231,3,2
692,232,3,2
692,233,3,2
692,234,3,2
692,235,3,2
692,236,3,2
692,237,3,2
692,238,3,2
692,239,3,2
692,240,3,2
692,241,3,2
692,242,3,2
692,243,3,2
692,244,3,2
692,245,3,2
692,246,3,2
692,247,3,2
692,248,3,2
692,249,3,2
692,250,3,2
692,251,3,2
692,252,3,2
692,253,3,2
692,254,3,2
692,255,3,2
692,256,3,2
692,257,3,2
692,258,3,2
692,259,3,2
692,260,3,2
692,261,3,2
692,262,3,2
692,263,3,2
692,264,3,2
692,265,3,2
692,266,3,2
692,267,3,2
692,268,3,2
692,269,3,2
692,270,3,2
692,271,3,2
692,272,3,2
692,273,3,2
692,274,3,2
692,275,3,2
692,276,3,2
692,277,3,2
692,278,3,2
692,279,3,2
692,280,3,2
692,281,3,2
692,282,3,2
692,283,3,2
692,284,3,2
692,285,3,2
692,286,3,2
692,287,3,2
692,288,3,2
692,289,3,2
692,290,3,2
692,291,3,2
692,292,3,2
692,293,3,2
692,294,3,2
692,295,3,2
692,296,3,2
692,297,3,2
692,298,3,2
692,299,3,2
692,300,3,2
692,301,3,2
692,302,3,2
692,303,3,2
692,304,3,2
692,305,3,2
692,306,3,2
692,307,3,2
692,308,3,2
692,309,3,2
692,310,3,2
692,311,3,2
692,312,3,2
692,313,3,2
692,314,3,2
692,315,3,2
692,316,3,2
692,317,3,2
692,318,3,2
692,319,3,2
692,320,3,2
692,321,3,2
692,322,3,2
692,323,3,2
692,324,3,2
692,325,3,2
692,326,3,2
692,327,3,2
692,328,3,2
692,329,3,2
692,330,3,2
692,331,3,2
692,332,3,2
692,333,3,2
692,334,3,2
692,335,3,2
692,336,3,2
692,337,3,2
692,338,3,2
692,339,3,2
692,340,3,2
692,341,3,2
692,342,3,2
692,343,3,2
692,344,3,2
692,345,3,2
692,346,3,2
692,347,3,2
692,348,3,2
692,349,3,2
692,350,3,2
692,351,3,2
692,352,3,2
692,353,3,2
692,354,3,2
692,355,3,2
692,356,3,2
692,357,3,2
692,358,3,2
692,359,3,2
692,360,3,2
692,361,3,2
692,362,3,2
692,363,3,2
692,364,3,2
692,365,3,2
692,366,3,2
692,367,3,2
692,368,3,2
692,369,3,2
692,370,3,2
692,371,3,2
692,372,3,2
692,373,3,2
692,374,3,2
692,375,3,2
692,376,3,2
692,377,3,2
692,378,3,2
692,379,3,2
692,380,3,2
692,381,3,2
692,382,3,2
692,383,3,2
692,384,3,2
692,385,3,2
692,386,3,2
692,387,3,2
692,388,3,2
692,389,3,2
692,390,3,2
692,391,3,2
692,392,3,2
692,393,3,2
692,394,3,2
692,395,3,2
692,396,3,2
692,397,3,2
692,398,3,2
692,399,3,2
692,400,3,2
692,401,3,2
692,402,3,2
692,403,3,2
692,404,3,2
692,405,3,2
692,406,3,2
692,407,3,2
692,408,3,2
692,409,3,2
692,410,3,2
692,411,3,2
692,412,3,2
692,413,3,2
692,414,3,2
692,415,3,2
692,416,3,2
692,417,3,2
692,418,3,2
692,419,3,2
692,420,3,2
692,421,3,2
692,422,3,2
692,423,3,2
692,424,3,2
692,425,3,2
692,426,3,2
692,427,3,2
693,186,3,2
693,187,3,2
693,188,3,2
693,189,3,2
693,190,3,2
693,191,3,2
693,192,3,2
693,193,3,2
693,194,3,2
693,195,3,2
693,196,3,2
693,197,3,2
693,198,3,2
693,199,3,2
693,200,3,2
693,201,3,2
693,202,3,2
693,203,3,2
693,204,3,2
693,205,3,2
693,206,3,2
693,207,3,2
693,208,3,2
693,209,3,2
693,210,3,2
693,211,3,2
693,212,3,2
693,213,3,2
693,214,3,2
693,215,3,2
693,216,3,2
693,217,3,2
693,218,3,2
693,219,3,2
693,220,3,2
693,221,3,2
693,222,3,2
693,223,3,2
693,224,3,2
693,225,3,2
693,226,3,2
693,227,3,2
693,228,3,2
693,229,3,2
693,230,3,2
693,231,3,2
693,232,3,2
693,233,3,2
693,234,3,2
693,235,3,2
693,236,3,2
693,237,3,2
693,238,3,2
693,239,3,2
693,240,3,2
693,241,3,2
693,242,3,2
693,243,3,2
693,244,3,2
693,245,3,2
693,246,3,2
693,247,3,2
693,248,3,2
693,249,3,2
693,250,3,2
693,251,3,2
693,252,3,2
693,253,3,2
693,254,3,2
693,255,3,2
693,256,3,2
693,257,3,2
693,258,3,2
693,259,3,2
693,260,3,2
693,261,3,2
693,262,3,2
693,263,3,2
693,264,3,2
693,265,3,2
693,266,3,2
693,267,3,2
693,268,3,2
693,269,3,2
693,270,3,2
693,271,3,2
693,272,3,2
693,273,3,2
693,274,3,2
693,275,3,2
693,276,3,2
693,277,3,2
693,278,3,2
693,279,3,2
693,280,3,2
693,281,3,2
693,282,3,2
693,283,3,2
693,284,3,2
693,285,3,2
693,286,3,2
693,287,3,2
693,288,3,2
693,289,3,2
693,290,3,2
693,291,3,2
693,292,3,2
693,293,3,2
693,294,3,2
693,295,3,2
693,296,3,2
693,297,3,2
693,298,3,2
693,299,3,2
693,300,3,2
693,301,3,2
693,302,3,2
693,303,3,2
693,304,3,2
693,305,3,2
693,306,3,2
693,307,3,2
693,308,3,2
693,309,3,2
693,310,3,2
693,311,3,2
693,312,3,2
693,313,3,2
693,314,3,2
693,315,3,2
693,316,3,2
693,317,3,2
693,318,3,2
693,319,3,2
693,320,3,2
693,321,3,2
693,322,3,2
693,323,3,2
693,324,3,2
693,325,3,2
693,326,3,2
693,327,3,2
693,328,3,2
693,329,3,2
693,330,3,2
693,331,3,2
693,332,3,2
693,333,3,2
693,334,3,2
693,335,3,2
693,336,3,2
693,337,3,2
693,338,3,2
693,339,3,2
693,340,3,2
693,341,3,2
693,342,3,2
693,343,3,2
693,344,3,2
693,345,3,2
693,346,3,2
693,347,3,2
693,348,3,2
693,349,3,2
693,350,3,2
693,351,3,2
693,352,3,2
693,353,3,2
693,354,3,2
693,355,3,2
693,356,3,2
693,357,3,2
693,358,3,2
693,359,3,2
693,360,3,2
693,361,3,2
693,362,3,2
693,363,3,2
693,364,3,2
693,365,3,2
693,366,3,2
693,367,3,2
693,368,3,2
693,369,3,2
693,370,3,2
693,371,3,2
693,372,3,2
693,373,3,2
693,374,3,2
693,375,3,2
693,376,3,2
693,377,3,2
693,378,3,2
693,379,3,2
693,380,3,2
693,381,3,2
693,382,3,2
693,383,3,2
693,384,3,2
693,385,3,2
693,386,3,2
693,387,3,2
693,388,3,2
693,389,3,2
693,390,3,2
693,391,3,2
693,392,3,2
693,393,3,2
693,394,3,2
693,395,3,2
693,396,3,2
693,397,3,2
693,398,3,2
693,399,3,2
693,400,3,2
693,401,3,2
693,402,3,2
693,403,3,2
693,404,3,2
693,405,3,2
693,406,3,2
693,407,3,2
693,408,3,2
693,409,3,2
693,410,3,2
693,411,3,2
693,412,3,2
693,413,3,2
693,414,3,2
693,415,3,2
693,416,3,2
693,417,3,2
693,418,3,2
693,419,3,2
693,420,3,2
693,421,3,2
693,422,3,2
693,423,3,2
693,424,3,2
693,425,3,2
693,426,3,2
693,427,3,2
694,188,3,2
694,189,3,2
694,190,3,2
694,191,3,2
694,192,3,2
694,193,3,2
694,194,3,2
694,195,3,2
694,196,3,2
694,197,3,2
694,198,3,2
694,199,3,2
694,200,3,2
694,201,3,2
694,202,3,2
694,203,3,2
694,204,3,2
694,205,3,2
694,206,3,2
694,207,3,2
694,208,3,2
694,209,3,2
694,210,3,2
694,211,3,2
694,212,3,2
694,213,3,2
694,214,3,2
694,215,3,2
694,216,3,2
694,217,3,2
694,218,3,2
694,219,3,2
694,220,3,2
694,221,3,2
694,222,3,2
694,223,3,2
694,224,3,2
694,225,3,2
694,226,3,2
694,227,3,2
694,228,3,2
694,229,3,2
694,230,3,2
694,231,3,2
694,232,3,2
694,233,3,2
694,234,3,2
694,235,3,2
694,236,3,2
694,237,3,2
694,238,3,2
694,239,3,2
694,240,3,2
694,241,3,2
694,242,3,2
694,243,3,2
694,244,3,2
694,245,3,2
694,246,3,2
694,247,3,2
694,248,3,2
694,249,3,2
694,250,3,2
694,251,3,2
694,252,3,2
694,253,3,2
694,254,3,2
694,255,3,2
694,256,3,2
694,257,3,2
694,258,3,2
694,259,3,2
694,260,3,2
694,261,3,2
694,262,3,2
694,263,3,2
694,264,3,2
694,265,3,2
694,266,3,2
694,267,3,2
694,268,3,2
694,269,3,2
694,270,3,2
694,271,3,2
694,272,3,2
694,273,3,2
694,274,3,2
694,275,3,2
694,276,3,2
694,277,3,2
694,278,3,2
694,279,3,2
694,280,3,2
694,281,3,2
694,282,3,2
694,283,3,2
694,284,3,2
694,285,3,2
694,286,3,2
694,287,3,2
694,288,3,2
694,289,3,2
694,290,3,2
694,291,3,2
694,292,3,2
694,293,3,2
694,294,3,2
694,295,3,2
694,296,3,2
694,297,3,2
694,298,3,2
694,299,3,2
694,300,3,2
694,301,3,2
694,302,3,2
694,303,3,2
694,304,3,2
694,305,3,2
694,306,3,2
694,307,3,2
694,308,3,2
694,309,3,2
694,310,3,2
694,311,3,2
694,312,3,2
694,313,3,2
694,314,3,2
694,315,3,2
694,316,3,2
694,317,3,2
694,318,3,2
694,319,3,2
694,320,3,2
694,321,3,2
694,322,3,2
694,323,3,2
694,324,3,2
694,325,3,2
694,326,3,2
694,327,3,2
694,328,3,2
694,329,3,2
694,330,3,2
694,331,3,2
694,332,3,2
694,333,3,2
694,334,3,2
694,335,3,2
694,336,3,2
694,337,3,2
694,338,3,2
694,339,3,2
694,340,3,2
694,341,3,2
694,342,3,2
694,343,3,2
694,344,3,2
694,345,3,2
694,346,3,2
694,347,3,2
694,348,3,2
694,349,3,2
694,350,3,2
694,351,3,2
694,352,3,2
694,353,3,2
694,354,3,2
694,355,3,2
694,356,3,2
694,357,3,2
694,358,3,2
694,359,3,2
694,360,3,2
694,361,3,2
694,362,3,2
694,363,3,2
694,364,3,2
694,365,3,2
694,366,3,2
694,367,3,2
694,368,3,2
694,369,3,2
694,370,3,2
694,371,3,2
694,372,3,2
694,373,3,2
694,374,3,2
694,375,3,2
694,376,3,2
694,377,3,2
694,378,3,2
694,379,3,2
694,380,3,2
694,381,3,2
694,382,3,2
694,383,3,2
694,384,3,2
694,385,3,2
694,386,3,2
694,387,3,2
694,388,3,2
694,389,3,2
694,390,3,2
694,391,3,2
694,392,3,2
694,393,3,2
694,394,3,2
694,395,3,2
694,396,3,2
694,397,3,2
694,398,3,2
694,399,3,2
694,400,3,2
694,401,3,2
694,402,3,2
694,403,3,2
694,404,3,2
694,405,3,2
694,406,3,2
694,407,3,2
694,408,3,2
694,409,3,2
694,410,3,2
694,411,3,2
694,412,3,2
694,413,3,2
694,414,3,2
694,415,3,2
694,416,3,2
694,417,3,2
694,418,3,2
694,419,3,2
694,420,3,2
694,421,3,2
694,422,3,2
694,423,3,2
694,424,3,2
694,425,3,2
695,190,3,2
695,191,3,2
695,192,3,2
695,193,3,2
695,194,3,2
695,195,3,2
695,196,3,2
695,197,3,2
695,198,3,2
695,199,3,2
695,200,3,2
695,201,3,2
695,202,3,2
695,203,3,2
695,204,3,2
695,205,3,2
695,206,3,2
695,207,3,2
695,208,3,2
695,209,3,2
695,210,3,2
695,211,3,2
695,212,3,2
695,213,3,2
695,214,3,2
695,215,3,2
695,216,3,2
695,217,3,2
695,218,3,2
695,219,3,2
695,220,3,2
695,221,3,2
695,222,3,2
695,223,3,2
695,224,3,2
695,225,3,2
695,226,3,2
695,227,3,2
695,228,3,2
695,229,3,2
695,230,3,2
695,231,3,2
695,232,3,2
695,233,3,2
695,234,3,2
695,235,3,2
695,236,3,2
695,237,3,2
695,238,3,2
695,239,3,2
695,240,3,2
695,241,3,2
695,242,3,2
695,243,3,2
695,244,3,2
695,245,3,2
695,246,3,2
695,247,3,2
695,248,3,2
695,249,3,2
695,250,3,2
695,251,3,2
695,252,3,2
695,253,3,2
695,254,3,2
695,255,3,2
695,256,3,2
695,257,3,2
695,258,3,2
695,259,3,2
695,260,3,2
695,261,3,2
695,262,3,2
695,263,3,2
695,264,3,2
695,265,3,2
695,266,3,2
695,267,3,2
695,268,3,2
695,269,3,2
695,270,3,2
695,271,3,2
695,272,3,2
695,273,3,2
695,274,3,2
695,275,3,2
695,276,3,2
695,277,3,2
695,278,3,2
695,279,3,2
695,280,3,2
695,281,3,2
695,282,3,2
695,283,3,2
695,284,3,2
695,285,3,2
695,286,3,2
695,287,3,2
695,288,3,2
695,289,3,2
695,290,3,2
695,291,3,2
695,292,3,2
695,293,3,2
695,294,3,2
695,295,3,2
695,296,3,2
695,297,3,2
695,298,3,2
695,299,3,2
695,300,3,2
695,301,3,2
695,302,3,2
695,303,3,2
695,304,3,2
695,305,3,2
695,306,3,2
695,307,3,2
695,308,3,2
695,309,3,2
695,310,3,2
695,311,3,2
695,312,3,2
695,313,3,2
695,314,3,2
695,315,3,2
695,316,3,2
695,317,3,2
695,318,3,2
695,319,3,2
695,320,3,2
695,321,3,2
695,322,3,2
695,323,3,2
695,324,3,2
695,325,3,2
695,326,3,2
695,327,3,2
695,328,3,2
695,329,3,2
695,330,3,2
695,331,3,2
695,332,3,2
695,333,3,2
695,334,3,2
695,335,3,2
695,336,3,2
695,337,3,2
695,338,3,2
695,339,3,2
695,340,3,2
695,341,3,2
695,342,3,2
695,343,3,2
695,344,3,2
695,345,3,2
695,346,3,2
695,347,3,2
695,348,3,2
695,349,3,2
695,350,3,2
695,351,3,2
695,352,3,2
695,353,3,2
695,354,3,2
695,355,3,2
695,356,3,2
695,357,3,2
695,358,3,2
695,359,3,2
695,360,3,2
695,361,3,2
695,362,3,2
695,363,3,2
695,364,3,2
695,365,3,2
695,366,3,2
695,367,3,2
695,368,3,2
695,369,3,2
695,370,3,2
695,371,3,2
695,372,3,2
695,373,3,2
695,374,3,2
695,375,3,2
695,376,3,2
695,377,3,2
695,378,3,2
695,379,3,2
695,380,3,2
695,381,3,2
695,382,3,2
695,383,3,2
695,384,3,2
695,385,3,2
695,386,3,2
695,387,3,2
695,388,3,2
695,389,3,2
695,390,3,2
695,391,3,2
695,392,3,2
695,393,3,2
695,394,3,2
695,395,3,2
695,396,3,2
695,397,3,2
695,398,3,2
695,399,3,2
695,400,3,2
695,401,3,2
695,402,3,2
695,403,3,2
695,404,3,2
695,405,3,2
695,406,3,2
695,407,3,2
695,408,3,2
695,409,3,2
695,410,3,2
695,411,3,2
695,412,3,2
695,413,3,2
695,414,3,2
695,415,3,2
695,416,3,2
695,417,3,2
695,418,3,2
695,419,3,2
695,420,3,2
695,421,3,2
695,422,3,2
695,423,3,2
696,192,3,2
696,193,3,2
696,194,3,2
696,195,3,2
696,196,3,2
696,197,3,2
696,198,3,2
696,199,3,2
696,200,3,2
696,201,3,2
696,202,3,2
696,203,3,2
696,204,3,2
696,205,3,2
696,206,3,2
696,207,3,2
696,208,3,2
696,209,3,2
696,210,3,2
696,211,3,2
696,212,3,2
696,213,3,2
696,214,3,2
696,215,3,2
696,216,3,2
696,217,3,2
696,218,3,2
696,219,3,2
696,220,3,2
696,221,3,2
696,222,3,2
696,223,3,2
696,224,3,2
696,225,3,2
696,226,3,2
696,227,3,2
696,228,3,2
696,229,3,2
696,230,3,2
696,231,3,2
696,232,3,2
696,233,3,2
696,234,3,2
696,235,3,2
696,236,3,2
696,237,3,2
696,238,3,2
696,239,3,2
696,240,3,2
696,241,3,2
696,242,3,2
696,243,3,2
696,244,3,2
696,245,3,2
696,246,3,2
696,247,3,2
696,248,3,2
696,249,3,2
696,250,3,2
696,251,3,2
696,252,3,2
696,253,3,2
696,254,3,2
696,255,3,2
696,256,3,2
696,257,3,2
696,258,3,2
696,259,3,2
696,260,3,2
696,261,3,2
696,262,3,2
696,263,3,2
696,264,3,2
696,265,3,2
696,266,3,2
696,267,3,2
696,268,3,2
696,269,3,2
696,270,3,2
696,271,3,2
696,272,3,2
696,273,3,2
696,274,3,2
696,275,3,2
696,276,3,2
696,277,3,2
696,278,3,2
696,279,3,2
696,280,3,2
696,281,3,2
696,282,3,2
696,283,3,2
696,284,3,2
696,285,3,2
696,286,3,2
696,287,3,2
696,288,3,2
696,289,3,2
696,290,3,2
696,291,3,2
696,292,3,2
696,293,3,2
696,294,3,2
696,295,3,2
696,296,3,2
696,297,3,2
696,298,3,2
696,299,3,2
696,300,3,2
696,301,3,2
696,302,3,2
696,303,3,2
696,304,3,2
696,305,3,2
696,306,3,2
696,307,3,2
696,308,3,2
696,309,3,2
696,310,3,2
696,311,3,2
696,312,3,2
696,313,3,2
696,314,3,2
696,315,3,2
696,316,3,2
696,317,3,2
696,318,3,2
696,319,3,2
696,320,3,2
696,321,3,2
696,322,3,2
696,323,3,2
696,324,3,2
696,325,3,2
696,326,3,2
696,327,3,2
696,328,3,2
696,329,3,2
696,330,3,2
696,331,3,2
696,332,3,2
696,333,3,2
696,334,3,2
696,335,3,2
696,336,3,2
696,337,3,2
696,338,3,2
696,339,3,2
696,340,3,2
696,341,3,2
696,342,3,2
696,343,3,2
696,344,3,2
696,345,3,2
696,346,3,2
696,347,3,2
696,348,3,2
696,349,3,2
696,350,3,2
696,351,3,2
696,352,3,2
696,353,3,2
696,354,3,2
696,355,3,2
696,356,3,2
696,357,3,2
696,358,3,2
696,359,3,2
696,360,3,2
696,361,3,2
696,362,3,2
696,363,3,2
696,364,3,2
696,365,3,2
696,366,3,2
696,367,3,2
696,368,3,2
696,369,3,2
696,370,3,2
696,371,3,2
696,372,3,2
696,373,3,2
696,374,3,2
696,375,3,2
696,376,3,2
696,377,3,2
696,378,3,2
696,379,3,2
696,380,3,2
696,381,3,2
696,382,3,2
696,383,3,2
696,384,3,2
696,385,3,2
696,386,3,2
696,387,3,2
696,388,3,2
696,389,3,2
696,390,3,2
696,391,3,2
696,392,3,2
696,393,3,2
696,394,3,2
696,395,3,2
696,396,3,2
696,397,3,2
696,398,3,2
696,399,3,2
696,400,3,2
696,401,3,2
696,402,3,2
696,403,3,2
696,404,3,2
696,405,3,2
696,406,3,2
696,407,3,2
696,408,3,2
696,409,3,2
696,410,3,2
696,411,3,2
697,193,3,2
697,194,3,2
697,195,3,2
697,196,3,2
697,197,3,2
697,198,3,2
697,199,3,2
697,200,3,2
697,201,3,2
697,202,3,2
697,203,3,2
697,204,3,2
697,205,3,2
697,206,3,2
697,207,3,2
697,208,3,2
697,209,3,2
697,210,3,2
697,211,3,2
697,212,3,2
697,213,3,2
697,214,3,2
697,215,3,2
697,216,3,2
697,217,3,2
697,218,3,2
697,219,3,2
697,220,3,2
697,221,3,2
697,222,3,2
697,223,3,2
697,224,3,2
697,225,3,2
697,226,3,2
697,227,3,2
697,228,3,2
697,229,3,2
697,230,3,2
697,231,3,2
697,232,3,2
697,233,3,2
697,234,3,2
697,235,3,2
697,236,3,2
697,237,3,2
697,238,3,2
697,239,3,2
697,240,3,2
697,241,3,2
697,242,3,2
697,243,3,2
697,244,3,2
697,245,3,2
697,246,3,2
697,247,3,2
697,248,3,2
697,249,3,2
697,250,3,2
697,251,3,2
697,252,3,2
697,253,3,2
697,254,3,2
697,255,3,2
697,256,3,2
697,257,3,2
697,258,3,2
697,259,3,2
697,260,3,2
697,261,3,2
697,262,3,2
697,263,3,2
697,264,3,2
697,265,3,2
697,266,3,2
697,267,3,2
697,268,3,2
697,269,3,2
697,270,3,2
697,271,3,2
697,272,3,2
697,273,3,2
697,274,3,2
697,275,3,2
697,276,3,2
697,277,3,2
697,278,3,2
697,279,3,2
697,280,3,2
697,281,3,2
697,282,3,2
697,283,3,2
697,284,3,2
697,285,3,2
697,286,3,2
697,287,3,2
697,288,3,2
697,289,3,2
697,290,3,2
697,291,3,2
697,292,3,2
697,293,3,2
697,294,3,2
697,295,3,2
697,296,3,2
697,297,3,2
697,298,3,2
697,299,3,2
697,300,3,2
697,301,3,2
697,302,3,2
697,303,3,2
697,304,3,2
697,305,3,2
697,306,3,2
697,307,3,2
697,308,3,2
697,309,3,2
697,310,3,2
697,311,3,2
697,312,3,2
697,313,3,2
697,314,3,2
697,315,3,2
697,316,3,2
697,317,3,2
697,318,3,2
697,319,3,2
697,320,3,2
697,321,3,2
697,322,3,2
697,323,3,2
697,324,3,2
697,325,3,2
697,326,3,2
697,327,3,2
697,328,3,2
697,329,3,2
697,330,3,2
697,331,3,2
697,332,3,2
697,333,3,2
697,334,3,2
697,335,3,2
697,336,3,2
697,337,3,2
697,338,3,2
697,339,3,2
697,340,3,2
697,341,3,2
697,342,3,2
697,343,3,2
697,344,3,2
697,345,3,2
697,346,3,2
697,347,3,2
697,348,3,2
697,349,3,2
697,350,3,2
697,351,3,2
697,352,3,2
697,353,3,2
697,354,3,2
697,355,3,2
697,356,3,2
697,357,3,2
697,358,3,2
697,359,3,2
697,360,3,2
697,361,3,2
697,362,3,2
697,363,3,2
697,364,3,2
697,365,3,2
697,366,3,2
697,367,3,2
697,368,3,2
697,369,3,2
697,370,3,2
697,371,3,2
697,372,3,2
697,373,3,2
697,374,3,2
697,375,3,2
697,376,3,2
697,377,3,2
697,378,3,2
697,379,3,2
697,380,3,2
697,381,3,2
697,382,3,2
697,383,3,2
697,384,3,2
697,385,3,2
697,386,3,2
697,387,3,2
697,388,3,2
697,389,3,2
697,390,3,2
697,391,3,2
697,392,3,2
697,393,3,2
697,394,3,2
697,395,3,2
697,396,3,2
697,397,3,2
697,398,3,2
697,399,3,2
697,400,3,2
697,401,3,2
697,402,3,2
697,403,3,2
697,404,3,2
697,405,3,2
697,406,3,2
697,407,3,2
698,194,3,2
698,195,3,2
698,196,3,2
698,197,3,2
698,198,3,2
698,199,3,2
698,200,3,2
698,201,3,2
698,202,3,2
698,203,3,2
698,204,3,2
698,205,3,2
698,206,3,2
698,207,3,2
698,208,3,2
698,209,3,2
698,210,3,2
698,211,3,2
698,212,3,2
698,213,3,2
698,214,3,2
698,215,3,2
698,216,3,2
698,217,3,2
698,218,3,2
698,219,3,2
698,220,3,2
698,221,3,2
698,222,3,2
698,223,3,2
698,224,3,2
698,225,3,2
698,226,3,2
698,227,3,2
698,228,3,2
698,229,3,2
698,230,3,2
698,231,3,2
698,232,3,2
698,233,3,2
698,234,3,2
698,235,3,2
698,236,3,2
698,237,3,2
698,238,3,2
698,239,3,2
698,240,3,2
698,241,3,2
698,242,3,2
698,243,3,2
698,244,3,2
698,245,3,2
698,246,3,2
698,247,3,2
698,248,3,2
698,249,3,2
698,250,3,2
698,251,3,2
698,252,3,2
698,253,3,2
698,254,3,2
698,255,3,2
698,256,3,2
698,257,3,2
698,258,3,2
698,259,3,2
698,260,3,2
698,261,3,2
698,262,3,2
698,263,3,2
698,264,3,2
698,265,3,2
698,266,3,2
698,267,3,2
698,268,3,2
698,269,3,2
698,270,3,2
698,271,3,2
698,272,3,2
698,273,3,2
698,274,3,2
698,275,3,2
698,276,3,2
698,277,3,2
698,278,3,2
698,279,3,2
698,280,3,2
698,281,3,2
698,282,3,2
698,283,3,2
698,284,3,2
698,285,3,2
698,286,3,2
698,287,3,2
698,288,3,2
698,289,3,2
698,290,3,2
698,291,3,2
698,292,3,2
698,293,3,2
698,294,3,2
698,295,3,2
698,296,3,2
698,297,3,2
698,298,3,2
698,299,3,2
698,300,3,2
698,301,3,2
698,302,3,2
698,303,3,2
698,304,3,2
698,305,3,2
698,306,3,2
698,307,3,2
698,308,3,2
698,309,3,2
698,310,3,2
698,311,3,2
698,312,3,2
698,313,3,2
698,314,3,2
698,315,3,2
698,316,3,2
698,317,3,2
698,318,3,2
698,319,3,2
698,320,3,2
698,321,3,2
698,322,3,2
698,323,3,2
698,324,3,2
698,325,3,2
698,326,3,2
698,327,3,2
698,328,3,2
698,329,3,2
698,330,3,2
698,331,3,2
698,332,3,2
698,333,3,2
698,334,3,2
698,335,3,2
698,336,3,2
698,337,3,2
698,338,3,2
698,339,3,2
698,340,3,2
698,341,3,2
698,342,3,2
698,343,3,2
698,344,3,2
698,345,3,2
698,346,3,2
698,347,3,2
698,348,3,2
698,349,3,2
698,350,3,2
698,351,3,2
698,352,3,2
698,353,3,2
698,354,3,2
698,355,3,2
698,356,3,2
698,357,3,2
698,358,3,2
698,359,3,2
698,360,3,2
698,361,3,2
698,362,3,2
698,363,3,2
698,364,3,2
698,365,3,2
698,366,3,2
698,367,3,2
698,368,3,2
698,369,3,2
698,370,3,2
698,371,3,2
698,372,3,2
698,373,3,2
698,374,3,2
698,375,3,2
698,376,3,2
698,377,3,2
698,378,3,2
698,379,3,2
698,380,3,2
698,381,3,2
698,382,3,2
698,383,3,2
698,384,3,2
698,385,3,2
698,386,3,2
698,387,3,2
698,388,3,2
698,389,3,2
698,390,3,2
698,391,3,2
698,392,3,2
698,393,3,2
698,394,3,2
698,395,3,2
698,396,3,2
698,397,3,2
698,398,3,2
698,399,3,2
698,400,3,2
698,401,3,2
698,402,3,2
698,403,3,2
698,404,3,2
698,405,3,2
699,200,3,2
699,201,3,2
699,202,3,2
699,203,3,2
699,204,3,2
699,205,3,2
699,206,3,2
699,207,3,2
699,208,3,2
699,209,3,2
699,210,3,2
699,211,3,2
699,212,3,2
699,213,3,2
699,214,3,2
699,215,3,2
699,216,3,2
699,217,3,2
699,218,3,2
699,219,3,2
699,220,3,2
699,221,3,2
699,222,3,2
699,223,3,2
699,224,3,2
699,225,3,2
699,226,3,2
699,227,3,2
699,228,3,2
699,229,3,2
699,230,3,2
699,231,3,2
699,232,3,2
699,233,3,2
699,234,3,2
699,235,3,2
699,236,3,2
699,237,3,2
699,238,3,2
699,239,3,2
699,240,3,2
699,241,3,2
699,242,3,2
699,243,3,2
699,244,3,2
699,245,3,2
699,246,3,2
699,247,3,2
699,248,3,2
699,249,3,2
699,250,3,2
699,251,3,2
699,252,3,2
699,253,3,2
699,254,3,2
699,255,3,2
699,256,3,2
699,257,3,2
699,258,3,2
699,259,3,2
699,260,3,2
699,261,3,2
699,262,3,2
699,263,3,2
699,264,3,2
699,265,3,2
699,266,3,2
699,267,3,2
699,268,3,2
699,269,3,2
699,270,3,2
699,271,3,2
699,272,3,2
699,273,3,2
699,274,3,2
699,275,3,2
699,276,3,2
699,277,3,2
699,278,3,2
699,279,3,2
699,280,3,2
699,281,3,2
699,282,3,2
699,283,3,2
699,284,3,2
699,285,3,2
699,286,3,2
699,287,3,2
699,288,3,2
699,289,3,2
699,290,3,2
699,291,3,2
699,292,3,2
699,293,3,2
699,294,3,2
699,295,3,2
699,296,3,2
699,297,3,2
699,298,3,2
699,299,3,2
699,300,3,2
699,301,3,2
699,302,3,2
699,303,3,2
699,304,3,2
699,305,3,2
699,306,3,2
699,307,3,2
699,308,3,2
699,309,3,2
699,310,3,2
699,311,3,2
699,312,3,2
699,313,3,2
699,314,3,2
699,315,3,2
699,316,3,2
699,317,3,2
699,318,3,2
699,319,3,2
699,320,3,2
699,321,3,2
699,322,3,2
699,323,3,2
699,324,3,2
699,325,3,2
699,326,3,2
699,327,3,2
699,328,3,2
699,329,3,2
699,330,3,2
699,331,3,2
699,332,3,2
699,333,3,2
699,334,3,2
699,335,3,2
699,336,3,2
699,337,3,2
699,338,3,2
699,339,3,2
699,340,3,2
699,341,3,2
699,342,3,2
699,343,3,2
699,344,3,2
699,345,3,2
699,346,3,2
699,347,3,2
699,348,3,2
699,349,3,2
699,350,3,2
699,351,3,2
699,352,3,2
699,353,3,2
699,354,3,2
699,355,3,2
699,356,3,2
699,357,3,2
699,358,3,2
699,359,3,2
699,360,3,2
699,361,3,2
699,362,3,2
699,363,3,2
699,364,3,2
699,365,3,2
699,366,3,2
699,367,3,2
699,368,3,2
699,369,3,2
699,370,3,2
699,371,3,2
699,372,3,2
699,373,3,2
699,374,3,2
699,375,3,2
699,376,3,2
699,377,3,2
699,378,3,2
699,379,3,2
699,380,3,2
699,381,3,2
699,382,3,2
699,383,3,2
699,384,3,2
699,385,3,2
699,386,3,2
699,387,3,2
699,388,3,2
699,389,3,2
699,390,3,2
699,391,3,2
699,392,3,2
699,393,3,2
699,394,3,2
699,395,3,2
699,396,3,2
699,397,3,2
699,400,3,2
699,401,3,2
700,202,3,2
700,203,3,2
700,204,3,2
700,205,3,2
700,206,3,2
700,207,3,2
700,208,3,2
700,209,3,2
700,210,3,2
700,211,3,2
700,212,3,2
700,213,3,2
700,214,3,2
700,215,3,2
700,216,3,2
700,217,3,2
700,218,3,2
700,219,3,2
700,220,3,2
700,221,3,2
700,222,3,2
700,223,3,2
700,224,3,2
700,225,3,2
700,226,3,2
700,227,3,2
700,228,3,2
700,229,3,2
700,230,3,2
700,231,3,2
700,232,3,2
700,233,3,2
700,234,3,2
700,235,3,2
700,236,3,2
700,237,3,2
700,238,3,2
700,239,3,2
700,240,3,2
700,241,3,2
700,242,3,2
700,243,3,2
700,244,3,2
700,245,3,2
700,246,3,2
700,247,3,2
700,248,3,2
700,249,3,2
700,250,3,2
700,251,3,2
700,252,3,2
700,253,3,2
700,254,3,2
700,255,3,2
700,256,3,2
700,257,3,2
700,258,3,2
700,259,3,2
700,260,3,2
700,261,3,2
700,262,3,2
700,263,3,2
700,264,3,2
700,265,3,2
700,266,3,2
700,267,3,2
700,268,3,2
700,269,3,2
700,270,3,2
700,271,3,2
700,272,3,2
700,273,3,2
700,274,3,2
700,275,3,2
700,276,3,2
700,277,3,2
700,278,3,2
700,279,3,2
700,280,3,2
700,281,3,2
700,282,3,2
700,283,3,2
700,284,3,2
700,285,3,2
700,286,3,2
700,287,3,2
700,288,3,2
700,289,3,2
700,290,3,2
700,291,3,2
700,292,3,2
700,293,3,2
700,294,3,2
700,295,3,2
700,296,3,2
700,297,3,2
700,298,3,2
700,299,3,2
700,300,3,2
700,301,3,2
700,302,3,2
700,303,3,2
700,304,3,2
700,305,3,2
700,306,3,2
700,307,3,2
700,308,3,2
700,309,3,2
700,310,3,2
700,311,3,2
700,312,3,2
700,313,3,2
700,314,3,2
700,315,3,2
700,316,3,2
700,317,3,2
700,318,3,2
700,319,3,2
700,320,3,2
700,321,3,2
700,322,3,2
700,323,3,2
700,324,3,2
700,325,3,2
700,326,3,2
700,327,3,2
700,328,3,2
700,329,3,2
700,330,3,2
700,331,3,2
700,332,3,2
700,333,3,2
700,334,3,2
700,335,3,2
700,336,3,2
700,337,3,2
700,338,3,2
700,339,3,2
700,340,3,2
700,341,3,2
700,342,3,2
700,343,3,2
700,344,3,2
700,345,3,2
700,346,3,2
700,347,3,2
700,348,3,2
700,349,3,2
700,350,3,2
700,351,3,2
700,352,3,2
700,353,3,2
700,354,3,2
700,355,3,2
700,356,3,2
700,357,3,2
700,358,3,2
700,359,3,2
700,360,3,2
700,361,3,2
700,362,3,2
700,363,3,2
700,364,3,2
700,365,3,2
700,366,3,2
700,367,3,2
700,368,3,2
700,369,3,2
700,370,3,2
700,371,3,2
700,372,3,2
700,373,3,2
700,374,3,2
700,375,3,2
700,376,3,2
700,377,3,2
700,378,3,2
700,379,3,2
700,380,3,2
700,381,3,2
700,382,3,2
700,383,3,2
700,384,3,2
700,385,3,2
700,386,3,2
700,387,3,2
700,388,3,2
700,389,3,2
700,390,3,2
700,391,3,2
700,392,3,2
700,393,3,2
700,394,3,2
700,395,3,2
700,396,3,2
700,397,3,2
701,204,3,2
701,205,3,2
701,206,3,2
701,207,3,2
701,208,3,2
701,209,3,2
701,210,3,2
701,211,3,2
701,212,3,2
701,213,3,2
701,214,3,2
701,215,3,2
701,216,3,2
701,217,3,2
701,218,3,2
701,219,3,2
701,220,3,2
701,221,3,2
701,222,3,2
701,223,3,2
701,224,3,2
701,225,3,2
701,226,3,2
701,227,3,2
701,228,3,2
701,229,3,2
701,230,3,2
701,231,3,2
701,232,3,2
701,233,3,2
701,234,3,2
701,235,3,2
701,236,3,2
701,237,3,2
701,238,3,2
701,239,3,2
701,240,3,2
701,241,3,2
701,242,3,2
701,243,3,2
701,244,3,2
701,245,3,2
701,246,3,2
701,247,3,2
701,248,3,2
701,249,3,2
701,250,3,2
701,251,3,2
701,252,3,2
701,253,3,2
701,254,3,2
701,255,3,2
701,256,3,2
701,257,3,2
701,258,3,2
701,259,3,2
701,260,3,2
701,261,3,2
701,262,3,2
701,263,3,2
701,264,3,2
701,265,3,2
701,266,3,2
701,267,3,2
701,268,3,2
701,269,3,2
701,270,3,2
701,271,3,2
701,272,3,2
701,273,3,2
701,274,3,2
701,275,3,2
701,276,3,2
701,277,3,2
701,278,3,2
701,279,3,2
701,280,3,2
701,281,3,2
701,282,3,2
701,283,3,2
701,284,3,2
701,285,3,2
701,286,3,2
701,287,3,2
701,288,3,2
701,289,3,2
701,290,3,2
701,291,3,2
701,292,3,2
701,293,3,2
701,294,3,2
701,295,3,2
701,296,3,2
701,297,3,2
701,298,3,2
701,299,3,2
701,300,3,2
701,301,3,2
701,302,3,2
701,303,3,2
701,304,3,2
701,305,3,2
701,306,3,2
701,307,3,2
701,308,3,2
701,309,3,2
701,310,3,2
701,311,3,2
701,312,3,2
701,313,3,2
701,314,3,2
701,315,3,2
701,316,3,2
701,317,3,2
701,318,3,2
701,319,3,2
701,320,3,2
701,321,3,2
701,322,3,2
701,323,3,2
701,324,3,2
701,325,3,2
701,326,3,2
701,327,3,2
701,328,3,2
701,329,3,2
701,330,3,2
701,331,3,2
701,332,3,2
701,333,3,2
701,334,3,2
701,335,3,2
701,336,3,2
701,337,3,2
701,338,3,2
701,339,3,2
701,340,3,2
701,341,3,2
701,342,3,2
701,343,3,2
701,344,3,2
701,345,3,2
701,346,3,2
701,347,3,2
701,348,3,2
701,349,3,2
701,350,3,2
701,351,3,2
701,352,3,2
701,353,3,2
701,354,3,2
701,355,3,2
701,356,3,2
701,357,3,2
701,358,3,2
701,359,3,2
701,360,3,2
701,361,3,2
701,362,3,2
701,363,3,2
701,364,3,2
701,365,3,2
701,366,3,2
701,367,3,2
701,368,3,2
701,369,3,2
701,370,3,2
701,371,3,2
701,372,3,2
701,373,3,2
701,374,3,2
701,375,3,2
701,376,3,2
701,377,3,2
701,378,3,2
701,379,3,2
701,380,3,2
701,381,3,2
701,382,3,2
701,383,3,2
701,384,3,2
701,385,3,2
701,388,3,2
701,389,3,2
701,390,3,2
701,391,3,2
701,392,3,2
701,393,3,2
701,394,3,2
702,205,3,2
702,206,3,2
702,207,3,2
702,208,3,2
702,209,3,2
702,210,3,2
702,211,3,2
702,212,3,2
702,213,3,2
702,214,3,2
702,215,3,2
702,216,3,2
702,217,3,2
702,218,3,2
702,219,3,2
702,220,3,2
702,221,3,2
702,222,3,2
702,223,3,2
702,224,3,2
702,225,3,2
702,226,3,2
702,227,3,2
702,228,3,2
702,229,3,2
702,230,3,2
702,231,3,2
702,232,3,2
702,233,3,2
702,234,3,2
702,235,3,2
702,236,3,2
702,237,3,2
702,238,3,2
702,239,3,2
702,240,3,2
702,241,3,2
702,242,3,2
702,243,3,2
702,244,3,2
702,245,3,2
702,246,3,2
702,247,3,2
702,248,3,2
702,249,3,2
702,250,3,2
702,251,3,2
702,252,3,2
702,253,3,2
702,254,3,2
702,255,3,2
702,256,3,2
702,257,3,2
702,258,3,2
702,259,3,2
702,260,3,2
702,261,3,2
702,262,3,2
702,263,3,2
702,264,3,2
702,265,3,2
702,266,3,2
702,267,3,2
702,268,3,2
702,269,3,2
702,270,3,2
702,271,3,2
702,272,3,2
702,273,3,2
702,274,3,2
702,275,3,2
702,276,3,2
702,277,3,2
702,278,3,2
702,279,3,2
702,280,3,2
702,281,3,2
702,282,3,2
702,283,3,2
702,284,3,2
702,285,3,2
702,286,3,2
702,287,3,2
702,288,3,2
702,289,3,2
702,290,3,2
702,291,3,2
702,292,3,2
702,293,3,2
702,294,3,2
702,295,3,2
702,296,3,2
702,297,3,2
702,298,3,2
702,299,3,2
702,300,3,2
702,301,3,2
702,302,3,2
702,303,3,2
702,304,3,2
702,305,3,2
702,306,3,2
702,307,3,2
702,308,3,2
702,309,3,2
702,310,3,2
702,311,3,2
702,312,3,2
702,313,3,2
702,314,3,2
702,315,3,2
702,316,3,2
702,317,3,2
702,318,3,2
702,319,3,2
702,320,3,2
702,321,3,2
702,322,3,2
702,323,3,2
702,324,3,2
702,325,3,2
702,326,3,2
702,327,3,2
702,328,3,2
702,329,3,2
702,330,3,2
702,331,3,2
702,332,3,2
702,333,3,2
702,334,3,2
702,335,3,2
702,336,3,2
702,337,3,2
702,338,3,2
702,339,3,2
702,340,3,2
702,341,3,2
702,342,3,2
702,343,3,2
702,344,3,2
702,345,3,2
702,346,3,2
702,347,3,2
702,348,3,2
702,349,3,2
702,350,3,2
702,351,3,2
702,352,3,2
702,353,3,2
702,354,3,2
702,355,3,2
702,356,3,2
702,357,3,2
702,358,3,2
702,359,3,2
702,360,3,2
702,361,3,2
702,362,3,2
702,363,3,2
702,364,3,2
702,365,3,2
702,366,3,2
702,367,3,2
702,368,3,2
702,369,3,2
702,370,3,2
702,371,3,2
702,372,3,2
702,373,3,2
702,374,3,2
702,375,3,2
702,376,3,2
702,377,3,2
702,378,3,2
702,379,3,2
702,380,3,2
702,381,3,2
702,382,3,2
702,391,3,2
702,392,3,2
702,393,3,2
702,394,3,2
703,205,3,2
703,206,3,2
703,207,3,2
703,208,3,2
703,211,3,2
703,212,3,2
703,213,3,2
703,214,3,2
703,215,3,2
703,216,3,2
703,217,3,2
703,218,3,2
703,219,3,2
703,220,3,2
703,221,3,2
703,222,3,2
703,223,3,2
703,224,3,2
703,225,3,2
703,226,3,2
703,227,3,2
703,228,3,2
703,229,3,2
703,230,3,2
703,231,3,2
703,232,3,2
703,233,3,2
703,234,3,2
703,235,3,2
703,236,3,2
703,237,3,2
703,238,3,2
703,239,3,2
703,240,3,2
703,241,3,2
703,242,3,2
703,243,3,2
703,244,3,2
703,245,3,2
703,246,3,2
703,247,3,2
703,248,3,2
703,249,3,2
703,250,3,2
703,251,3,2
703,252,3,2
703,253,3,2
703,254,3,2
703,255,3,2
703,256,3,2
703,257,3,2
703,258,3,2
703,259,3,2
703,260,3,2
703,261,3,2
703,262,3,2
703,263,3,2
703,264,3,2
703,265,3,2
703,266,3,2
703,267,3,2
703,268,3,2
703,269,3,2
703,270,3,2
703,271,3,2
703,272,3,2
703,273,3,2
703,274,3,2
703,275,3,2
703,276,3,2
703,277,3,2
703,278,3,2
703,279,3,2
703,280,3,2
703,281,3,2
703,282,3,2
703,283,3,2
703,284,3,2
703,285,3,2
703,286,3,2
703,287,3,2
703,288,3,2
703,289,3,2
703,290,3,2
703,291,3,2
703,292,3,2
703,293,3,2
703,294,3,2
703,295,3,2
703,296,3,2
703,297,3,2
703,298,3,2
703,299,3,2
703,300,3,2
703,301,3,2
703,302,3,2
703,303,3,2
703,304,3,2
703,305,3,2
703,306,3,2
703,307,3,2
703,308,3,2
703,309,3,2
703,310,3,2
703,311,3,2
703,312,3,2
703,313,3,2
703,314,3,2
703,315,3,2
703,316,3,2
703,317,3,2
703,318,3,2
703,319,3,2
703,320,3,2
703,321,3,2
703,322,3,2
703,323,3,2
703,324,3,2
703,325,3,2
703,326,3,2
703,327,3,2
703,328,3,2
703,329,3,2
703,330,3,2
703,331,3,2
703,332,3,2
703,333,3,2
703,334,3,2
703,335,3,2
703,336,3,2
703,337,3,2
703,338,3,2
703,339,3,2
703,340,3,2
703,341,3,2
703,342,3,2
703,343,3,2
703,344,3,2
703,345,3,2
703,346,3,2
703,347,3,2
703,348,3,2
703,349,3,2
703,350,3,2
703,351,3,2
703,352,3,2
703,353,3,2
703,354,3,2
703,355,3,2
703,356,3,2
703,357,3,2
703,358,3,2
703,359,3,2
703,360,3,2
703,361,3,2
703,362,3,2
703,363,3,2
703,364,3,2
703,365,3,2
703,366,3,2
703,367,3,2
703,368,3,2
703,369,3,2
703,370,3,2
703,371,3,2
703,372,3,2
703,373,3,2
703,374,3,2
703,375,3,2
703,376,3,2
703,377,3,2
703,378,3,2
703,379,3,2
704,207,3,2
704,208,3,2
704,209,3,2
704,210,3,2
704,211,3,2
704,212,3,2
704,213,3,2
704,214,3,2
704,215,3,2
704,216,3,2
704,217,3,2
704,218,3,2
704,219,3,2
704,220,3,2
704,221,3,2
704,222,3,2
704,223,3,2
704,224,3,2
704,225,3,2
704,226,3,2
704,227,3,2
704,228,3,2
704,229,3,2
704,230,3,2
704,231,3,2
704,232,3,2
704,233,3,2
704,234,3,2
704,235,3,2
704,236,3,2
704,237,3,2
704,238,3,2
704,239,3,2
704,240,3,2
704,241,3,2
704,242,3,2
704,243,3,2
704,244,3,2
704,245,3,2
704,246,3,2
704,247,3,2
704,248,3,2
704,249,3,2
704,250,3,2
704,251,3,2
704,252,3,2
704,253,3,2
704,254,3,2
704,255,3,2
704,256,3,2
704,257,3,2
704,258,3,2
704,259,3,2
704,260,3,2
704,261,3,2
704,262,3,2
704,263,3,2
704,264,3,2
704,265,3,2
704,266,3,2
704,267,3,2
704,268,3,2
704,269,3,2
704,270,3,2
704,271,3,2
704,272,3,2
704,273,3,2
704,274,3,2
704,275,3,2
704,276,3,2
704,277,3,2
704,278,3,2
704,279,3,2
704,280,3,2
704,281,3,2
704,282,3,2
704,283,3,2
704,284,3,2
704,285,3,2
704,286,3,2
704,287,3,2
704,288,3,2
704,289,3,2
704,290,3,2
704,291,3,2
704,292,3,2
704,293,3,2
704,294,3,2
704,295,3,2
704,296,3,2
704,297,3,2
704,298,3,2
704,299,3,2
704,300,3,2
704,301,3,2
704,302,3,2
704,303,3,2
704,304,3,2
704,305,3,2
704,306,3,2
704,307,3,2
704,308,3,2
704,309,3,2
704,310,3,2
704,311,3,2
704,312,3,2
704,313,3,2
704,314,3,2
704,315,3,2
704,316,3,2
704,317,3,2
704,318,3,2
704,319,3,2
704,320,3,2
704,321,3,2
704,322,3,2
704,323,3,2
704,324,3,2
704,325,3,2
704,326,3,2
704,327,3,2
704,328,3,2
704,329,3,2
704,330,3,2
704,331,3,2
704,332,3,2
704,333,3,2
704,334,3,2
704,335,3,2
704,336,3,2
704,337,3,2
704,338,3,2
704,339,3,2
704,340,3,2
704,341,3,2
704,342,3,2
704,343,3,2
704,344,3,2
704,345,3,2
704,346,3,2
704,347,3,2
704,348,3,2
704,349,3,2
704,350,3,2
704,351,3,2
704,352,3,2
704,353,3,2
704,354,3,2
704,355,3,2
704,356,3,2
704,357,3,2
704,358,3,2
704,359,3,2
704,360,3,2
704,361,3,2
704,362,3,2
704,363,3,2
704,364,3,2
704,365,3,2
704,366,3,2
704,367,3,2
704,368,3,2
704,369,3,2
704,370,3,2
704,371,3,2
704,372,3,2
704,373,3,2
704,374,3,2
704,375,3,2
704,376,3,2
704,377,3,2
704,378,3,2
705,214,3,2
705,215,3,2
705,216,3,2
705,217,3,2
705,218,3,2
705,219,3,2
705,220,3,2
705,221,3,2
705,222,3,2
705,223,3,2
705,224,3,2
705,225,3,2
705,226,3,2
705,227,3,2
705,228,3,2
705,229,3,2
705,230,3,2
705,231,3,2
705,232,3,2
705,233,3,2
705,234,3,2
705,235,3,2
705,236,3,2
705,237,3,2
705,238,3,2
705,239,3,2
705,240,3,2
705,241,3,2
705,242,3,2
705,243,3,2
705,244,3,2
705,245,3,2
705,246,3,2
705,247,3,2
705,248,3,2
705,249,3,2
705,250,3,2
705,251,3,2
705,252,3,2
705,253,3,2
705,254,3,2
705,255,3,2
705,256,3,2
705,257,3,2
705,258,3,2
705,259,3,2
705,260,3,2
705,261,3,2
705,262,3,2
705,263,3,2
705,264,3,2
705,265,3,2
705,266,3,2
705,267,3,2
705,268,3,2
705,269,3,2
705,270,3,2
705,271,3,2
705,272,3,2
705,273,3,2
705,274,3,2
705,275,3,2
705,276,3,2
705,277,3,2
705,278,3,2
705,279,3,2
705,280,3,2
705,281,3,2
705,282,3,2
705,283,3,2
705,284,3,2
705,285,3,2
705,286,3,2
705,287,3,2
705,288,3,2
705,289,3,2
705,290,3,2
705,291,3,2
705,292,3,2
705,293,3,2
705,294,3,2
705,295,3,2
705,296,3,2
705,297,3,2
705,298,3,2
705,299,3,2
705,300,3,2
705,301,3,2
705,302,3,2
705,303,3,2
705,304,3,2
705,305,3,2
705,306,3,2
705,307,3,2
705,308,3,2
705,309,3,2
705,310,3,2
705,311,3,2
705,312,3,2
705,313,3,2
705,314,3,2
705,315,3,2
705,316,3,2
705,317,3,2
705,318,3,2
705,319,3,2
705,320,3,2
705,321,3,2
705,322,3,2
705,323,3,2
705,324,3,2
705,325,3,2
705,326,3,2
705,327,3,2
705,328,3,2
705,329,3,2
705,330,3,2
705,331,3,2
705,332,3,2
705,333,3,2
705,334,3,2
705,335,3,2
705,336,3,2
705,337,3,2
705,338,3,2
705,339,3,2
705,340,3,2
705,341,3,2
705,342,3,2
705,343,3,2
705,344,3,2
705,345,3,2
705,346,3,2
705,347,3,2
705,348,3,2
705,349,3,2
705,350,3,2
705,351,3,2
705,352,3,2
705,353,3,2
705,354,3,2
705,355,3,2
705,356,3,2
705,357,3,2
705,358,3,2
705,359,3,2
705,360,3,2
705,361,3,2
705,362,3,2
705,363,3,2
705,364,3,2
705,365,3,2
705,366,3,2
705,367,3,2
705,368,3,2
705,369,3,2
705,370,3,2
705,371,3,2
705,372,3,2
705,373,3,2
705,374,3,2
706,217,3,2
706,218,3,2
706,219,3,2
706,220,3,2
706,221,3,2
706,222,3,2
706,223,3,2
706,224,3,2
706,225,3,2
706,226,3,2
706,227,3,2
706,228,3,2
706,229,3,2
706,230,3,2
706,231,3,2
706,232,3,2
706,233,3,2
706,234,3,2
706,235,3,2
706,236,3,2
706,237,3,2
706,238,3,2
706,239,3,2
706,240,3,2
706,241,3,2
706,242,3,2
706,243,3,2
706,244,3,2
706,245,3,2
706,246,3,2
706,247,3,2
706,248,3,2
706,249,3,2
706,250,3,2
706,251,3,2
706,252,3,2
706,253,3,2
706,254,3,2
706,255,3,2
706,256,3,2
706,257,3,2
706,258,3,2
706,259,3,2
706,260,3,2
706,261,3,2
706,262,3,2
706,263,3,2
706,264,3,2
706,265,3,2
706,266,3,2
706,267,3,2
706,268,3,2
706,269,3,2
706,270,3,2
706,271,3,2
706,272,3,2
706,273,3,2
706,274,3,2
706,275,3,2
706,276,3,2
706,277,3,2
706,278,3,2
706,279,3,2
706,280,3,2
706,281,3,2
706,282,3,2
706,283,3,2
706,284,3,2
706,285,3,2
706,286,3,2
706,287,3,2
706,288,3,2
706,289,3,2
706,290,3,2
706,291,3,2
706,292,3,2
706,293,3,2
706,294,3,2
706,295,3,2
706,296,3,2
706,297,3,2
706,298,3,2
706,299,3,2
706,300,3,2
706,301,3,2
706,302,3,2
706,303,3,2
706,304,3,2
706,305,3,2
706,306,3,2
706,307,3,2
706,308,3,2
706,309,3,2
706,310,3,2
706,311,3,2
706,312,3,2
706,313,3,2
706,314,3,2
706,315,3,2
706,316,3,2
706,317,3,2
706,318,3,2
706,319,3,2
706,320,3,2
706,321,3,2
706,322,3,2
706,323,3,2
706,324,3,2
706,325,3,2
706,326,3,2
706,327,3,2
706,328,3,2
706,329,3,2
706,330,3,2
706,331,3,2
706,332,3,2
706,333,3,2
706,334,3,2
706,335,3,2
706,336,3,2
706,337,3,2
706,338,3,2
706,339,3,2
706,340,3,2
706,341,3,2
706,342,3,2
706,343,3,2
706,344,3,2
706,345,3,2
706,346,3,2
706,347,3,2
706,348,3,2
706,349,3,2
706,350,3,2
706,351,3,2
706,352,3,2
706,353,3,2
706,354,3,2
706,355,3,2
706,356,3,2
706,357,3,2
706,358,3,2
706,359,3,2
706,360,3,2
706,361,3,2
706,362,3,2
706,363,3,2
706,364,3,2
706,365,3,2
706,366,3,2
706,367,3,2
706,368,3,2
706,369,3,2
706,370,3,2
707,218,3,2
707,219,3,2
707,220,3,2
707,221,3,2
707,222,3,2
707,223,3,2
707,224,3,2
707,225,3,2
707,226,3,2
707,227,3,2
707,228,3,2
707,229,3,2
707,230,3,2
707,231,3,2
707,232,3,2
707,233,3,2
707,234,3,2
707,235,3,2
707,236,3,2
707,237,3,2
707,238,3,2
707,239,3,2
707,240,3,2
707,241,3,2
707,242,3,2
707,243,3,2
707,244,3,2
707,245,3,2
707,246,3,2
707,247,3,2
707,248,3,2
707,249,3,2
707,250,3,2
707,251,3,2
707,252,3,2
707,253,3,2
707,254,3,2
707,255,3,2
707,256,3,2
707,257,3,2
707,258,3,2
707,259,3,2
707,260,3,2
707,261,3,2
707,262,3,2
707,263,3,2
707,264,3,2
707,265,3,2
707,266,3,2
707,267,3,2
707,268,3,2
707,269,3,2
707,270,3,2
707,271,3,2
707,272,3,2
707,273,3,2
707,274,3,2
707,275,3,2
707,276,3,2
707,277,3,2
707,278,3,2
707,279,3,2
707,280,3,2
707,281,3,2
707,282,3,2
707,283,3,2
707,284,3,2
707,285,3,2
707,286,3,2
707,287,3,2
707,288,3,2
707,289,3,2
707,290,3,2
707,291,3,2
707,292,3,2
707,293,3,2
707,294,3,2
707,295,3,2
707,296,3,2
707,297,3,2
707,298,3,2
707,299,3,2
707,300,3,2
707,301,3,2
707,302,3,2
707,303,3,2
707,304,3,2
707,305,3,2
707,306,3,2
707,307,3,2
707,308,3,2
707,309,3,2
707,310,3,2
707,311,3,2
707,312,3,2
707,313,3,2
707,314,3,2
707,315,3,2
707,316,3,2
707,317,3,2
707,318,3,2
707,319,3,2
707,320,3,2
707,321,3,2
707,322,3,2
707,323,3,2
707,324,3,2
707,325,3,2
707,326,3,2
707,327,3,2
707,328,3,2
707,329,3,2
707,330,3,2
707,331,3,2
707,332,3,2
707,333,3,2
707,334,3,2
707,335,3,2
707,336,3,2
707,337,3,2
707,338,3,2
707,339,3,2
707,340,3,2
707,341,3,2
707,342,3,2
707,343,3,2
707,344,3,2
707,345,3,2
707,346,3,2
707,347,3,2
707,348,3,2
707,349,3,2
707,350,3,2
707,351,3,2
707,352,3,2
707,353,3,2
707,354,3,2
707,355,3,2
707,356,3,2
707,357,3,2
707,358,3,2
707,359,3,2
707,360,3,2
708,219,3,2
708,220,3,2
708,221,3,2
708,222,3,2
708,223,3,2
708,224,3,2
708,225,3,2
708,226,3,2
708,227,3,2
708,228,3,2
708,229,3,2
708,230,3,2
708,231,3,2
708,232,3,2
708,233,3,2
708,234,3,2
708,235,3,2
708,236,3,2
708,237,3,2
708,238,3,2
708,239,3,2
708,240,3,2
708,241,3,2
708,242,3,2
708,243,3,2
708,244,3,2
708,245,3,2
708,246,3,2
708,247,3,2
708,248,3,2
708,249,3,2
708,250,3,2
708,251,3,2
708,252,3,2
708,253,3,2
708,254,3,2
708,255,3,2
708,256,3,2
708,257,3,2
708,258,3,2
708,259,3,2
708,260,3,2
708,261,3,2
708,262,3,2
708,263,3,2
708,264,3,2
708,265,3,2
708,266,3,2
708,267,3,2
708,268,3,2
708,269,3,2
708,270,3,2
708,271,3,2
708,272,3,2
708,273,3,2
708,274,3,2
708,275,3,2
708,276,3,2
708,277,3,2
708,278,3,2
708,279,3,2
708,280,3,2
708,281,3,2
708,282,3,2
708,283,3,2
708,284,3,2
708,285,3,2
708,286,3,2
708,287,3,2
708,288,3,2
708,289,3,2
708,290,3,2
708,291,3,2
708,292,3,2
708,293,3,2
708,294,3,2
708,295,3,2
708,296,3,2
708,297,3,2
708,298,3,2
708,299,3,2
708,300,3,2
708,301,3,2
708,302,3,2
708,303,3,2
708,304,3,2
708,305,3,2
708,306,3,2
708,307,3,2
708,308,3,2
708,309,3,2
708,310,3,2
708,311,3,2
708,312,3,2
708,313,3,2
708,314,3,2
708,315,3,2
708,316,3,2
708,317,3,2
708,318,3,2
708,319,3,2
708,320,3,2
708,321,3,2
708,322,3,2
708,323,3,2
708,324,3,2
708,325,3,2
708,326,3,2
708,327,3,2
708,328,3,2
708,329,3,2
708,330,3,2
708,331,3,2
708,332,3,2
708,333,3,2
708,334,3,2
708,335,3,2
708,336,3,2
708,337,3,2
708,338,3,2
708,339,3,2
708,340,3,2
708,341,3,2
708,342,3,2
708,343,3,2
708,344,3,2
708,345,3,2
708,346,3,2
708,347,3,2
708,348,3,2
708,349,3,2
708,350,3,2
708,351,3,2
708,352,3,2
708,353,3,2
708,354,3,2
708,355,3,2
708,356,3,2
708,357,3,2
708,358,3,2
708,359,3,2
709,221,3,2
709,222,3,2
709,223,3,2
709,224,3,2
709,225,3,2
709,226,3,2
709,227,3,2
709,228,3,2
709,229,3,2
709,230,3,2
709,231,3,2
709,232,3,2
709,233,3,2
709,234,3,2
709,235,3,2
709,236,3,2
709,237,3,2
709,238,3,2
709,239,3,2
709,240,3,2
709,241,3,2
709,242,3,2
709,243,3,2
709,244,3,2
709,245,3,2
709,246,3,2
709,247,3,2
709,248,3,2
709,249,3,2
709,250,3,2
709,251,3,2
709,252,3,2
709,253,3,2
709,254,3,2
709,255,3,2
709,256,3,2
709,257,3,2
709,258,3,2
709,259,3,2
709,260,3,2
709,261,3,2
709,262,3,2
709,263,3,2
709,264,3,2
709,265,3,2
709,266,3,2
709,267,3,2
709,268,3,2
709,269,3,2
709,270,3,2
709,271,3,2
709,272,3,2
709,273,3,2
709,274,3,2
709,275,3,2
709,276,3,2
709,277,3,2
709,278,3,2
709,279,3,2
709,280,3,2
709,281,3,2
709,282,3,2
709,283,3,2
709,284,3,2
709,285,3,2
709,286,3,2
709,287,3,2
709,288,3,2
709,289,3,2
709,290,3,2
709,291,3,2
709,292,3,2
709,293,3,2
709,294,3,2
709,295,3,2
709,296,3,2
709,297,3,2
709,298,3,2
709,299,3,2
709,300,3,2
709,301,3,2
709,302,3,2
709,303,3,2
709,304,3,2
709,305,3,2
709,306,3,2
709,307,3,2
709,308,3,2
709,309,3,2
709,310,3,2
709,311,3,2
709,312,3,2
709,313,3,2
709,314,3,2
709,315,3,2
709,316,3,2
709,317,3,2
709,318,3,2
709,319,3,2
709,320,3,2
709,321,3,2
709,322,3,2
709,323,3,2
709,324,3,2
709,325,3,2
709,326,3,2
709,327,3,2
709,328,3,2
709,329,3,2
709,330,3,2
709,331,3,2
709,332,3,2
709,333,3,2
709,334,3,2
709,335,3,2
709,336,3,2
709,337,3,2
709,338,3,2
709,339,3,2
709,340,3,2
709,341,3,2
709,342,3,2
709,343,3,2
709,344,3,2
709,345,3,2
709,346,3,2
709,347,3,2
709,348,3,2
709,349,3,2
709,350,3,2
709,351,3,2
709,352,3,2
709,353,3,2
709,354,3,2
709,355,3,2
709,356,3,2
709,357,3,2
710,222,3,2
710,223,3,2
710,224,3,2
710,225,3,2
710,226,3,2
710,227,3,2
710,228,3,2
710,229,3,2
710,230,3,2
710,231,3,2
710,232,3,2
710,233,3,2
710,234,3,2
710,235,3,2
710,236,3,2
710,237,3,2
710,238,3,2
710,239,3,2
710,240,3,2
710,241,3,2
710,242,3,2
710,243,3,2
710,244,3,2
710,245,3,2
710,246,3,2
710,247,3,2
710,248,3,2
710,249,3,2
710,250,3,2
710,251,3,2
710,252,3,2
710,253,3,2
710,254,3,2
710,255,3,2
710,256,3,2
710,257,3,2
710,258,3,2
710,259,3,2
710,260,3,2
710,261,3,2
710,262,3,2
710,263,3,2
710,264,3,2
710,265,3,2
710,266,3,2
710,267,3,2
710,268,3,2
710,269,3,2
710,270,3,2
710,271,3,2
710,272,3,2
710,273,3,2
710,274,3,2
710,275,3,2
710,276,3,2
710,277,3,2
710,278,3,2
710,279,3,2
710,280,3,2
710,281,3,2
710,282,3,2
710,283,3,2
710,284,3,2
710,285,3,2
710,286,3,2
710,287,3,2
710,288,3,2
710,289,3,2
710,290,3,2
710,291,3,2
710,292,3,2
710,293,3,2
710,294,3,2
710,295,3,2
710,296,3,2
710,297,3,2
710,298,3,2
710,299,3,2
710,300,3,2
710,301,3,2
710,302,3,2
710,303,3,2
710,304,3,2
710,305,3,2
710,306,3,2
710,307,3,2
710,308,3,2
710,309,3,2
710,310,3,2
710,311,3,2
710,312,3,2
710,313,3,2
710,314,3,2
710,315,3,2
710,316,3,2
710,317,3,2
710,318,3,2
710,319,3,2
710,320,3,2
710,321,3,2
710,322,3,2
710,323,3,2
710,324,3,2
710,325,3,2
710,326,3,2
710,327,3,2
710,328,3,2
710,329,3,2
710,330,3,2
710,331,3,2
710,332,3,2
710,333,3,2
710,334,3,2
710,335,3,2
710,336,3,2
710,337,3,2
710,338,3,2
710,339,3,2
710,340,3,2
710,341,3,2
710,342,3,2
710,343,3,2
710,344,3,2
710,345,3,2
710,346,3,2
710,347,3,2
710,348,3,2
710,349,3,2
710,350,3,2
710,351,3,2
710,352,3,2
710,353,3,2
710,354,3,2
710,355,3,2
710,356,3,2
711,225,3,2
711,226,3,2
711,227,3,2
711,228,3,2
711,229,3,2
711,230,3,2
711,231,3,2
711,232,3,2
711,233,3,2
711,234,3,2
711,235,3,2
711,236,3,2
711,237,3,2
711,238,3,2
711,239,3,2
711,240,3,2
711,241,3,2
711,242,3,2
711,243,3,2
711,244,3,2
711,245,3,2
711,246,3,2
711,247,3,2
711,248,3,2
711,249,3,2
711,250,3,2
711,251,3,2
711,252,3,2
711,253,3,2
711,254,3,2
711,255,3,2
711,256,3,2
711,257,3,2
711,258,3,2
711,259,3,2
711,260,3,2
711,261,3,2
711,262,3,2
711,263,3,2
711,264,3,2
711,265,3,2
711,266,3,2
711,267,3,2
711,268,3,2
711,269,3,2
711,270,3,2
711,271,3,2
711,272,3,2
711,273,3,2
711,274,3,2
711,275,3,2
711,276,3,2
711,277,3,2
711,278,3,2
711,279,3,2
711,280,3,2
711,281,3,2
711,282,3,2
711,283,3,2
711,284,3,2
711,285,3,2
711,286,3,2
711,287,3,2
711,288,3,2
711,289,3,2
711,290,3,2
711,291,3,2
711,292,3,2
711,293,3,2
711,294,3,2
711,295,3,2
711,296,3,2
711,297,3,2
711,298,3,2
711,299,3,2
711,300,3,2
711,301,3,2
711,302,3,2
711,303,3,2
711,304,3,2
711,305,3,2
711,306,3,2
711,307,3,2
711,308,3,2
711,309,3,2
711,310,3,2
711,311,3,2
711,312,3,2
711,313,3,2
711,314,3,2
711,315,3,2
711,316,3,2
711,317,3,2
711,318,3,2
711,319,3,2
711,320,3,2
711,321,3,2
711,322,3,2
711,323,3,2
711,324,3,2
711,325,3,2
711,326,3,2
711,327,3,2
711,328,3,2
711,329,3,2
711,330,3,2
711,331,3,2
711,332,3,2
711,333,3,2
711,334,3,2
711,335,3,2
711,336,3,2
711,337,3,2
711,338,3,2
711,339,3,2
711,340,3,2
711,341,3,2
711,342,3,2
711,343,3,2
711,348,3,2
711,349,3,2
711,350,3,2
711,351,3,2
711,352,3,2
711,353,3,2
712,226,3,2
712,227,3,2
712,228,3,2
712,229,3,2
712,230,3,2
712,231,3,2
712,232,3,2
712,233,3,2
712,234,3,2
712,235,3,2
712,236,3,2
712,237,3,2
712,238,3,2
712,239,3,2
712,240,3,2
712,241,3,2
712,242,3,2
712,243,3,2
712,244,3,2
712,245,3,2
712,246,3,2
712,247,3,2
712,248,3,2
712,249,3,2
712,250,3,2
712,251,3,2
712,252,3,2
712,253,3,2
712,254,3,2
712,255,3,2
712,256,3,2
712,257,3,2
712,258,3,2
712,259,3,2
712,260,3,2
712,261,3,2
712,262,3,2
712,263,3,2
712,264,3,2
712,265,3,2
712,266,3,2
712,267,3,2
712,268,3,2
712,269,3,2
712,270,3,2
712,271,3,2
712,272,3,2
712,273,3,2
712,274,3,2
712,275,3,2
712,276,3,2
712,277,3,2
712,278,3,2
712,279,3,2
712,280,3,2
712,281,3,2
712,282,3,2
712,283,3,2
712,284,3,2
712,285,3,2
712,286,3,2
712,287,3,2
712,288,3,2
712,289,3,2
712,290,3,2
712,291,3,2
712,292,3,2
712,293,3,2
712,294,3,2
712,295,3,2
712,296,3,2
712,297,3,2
712,298,3,2
712,299,3,2
712,300,3,2
712,301,3,2
712,302,3,2
712,303,3,2
712,304,3,2
712,305,3,2
712,306,3,2
712,307,3,2
712,308,3,2
712,309,3,2
712,310,3,2
712,311,3,2
712,312,3,2
712,313,3,2
712,314,3,2
712,315,3,2
712,316,3,2
712,317,3,2
712,318,3,2
712,319,3,2
712,320,3,2
712,321,3,2
712,322,3,2
712,323,3,2
712,324,3,2
712,325,3,2
712,326,3,2
712,327,3,2
712,328,3,2
712,329,3,2
712,330,3,2
712,331,3,2
712,332,3,2
712,333,3,2
712,334,3,2
712,335,3,2
712,336,3,2
712,337,3,2
712,338,3,2
712,339,3,2
713,234,3,2
713,235,3,2
713,236,3,2
713,237,3,2
713,238,3,2
713,239,3,2
713,240,3,2
713,241,3,2
713,242,3,2
713,243,3,2
713,244,3,2
713,245,3,2
713,246,3,2
713,247,3,2
713,248,3,2
713,249,3,2
713,250,3,2
713,251,3,2
713,252,3,2
713,253,3,2
713,254,3,2
713,255,3,2
713,256,3,2
713,257,3,2
713,258,3,2
713,259,3,2
713,260,3,2
713,261,3,2
713,262,3,2
713,263,3,2
713,264,3,2
713,265,3,2
713,266,3,2
713,267,3,2
713,268,3,2
713,269,3,2
713,270,3,2
713,271,3,2
713,272,3,2
713,273,3,2
713,274,3,2
713,275,3,2
713,276,3,2
713,277,3,2
713,278,3,2
713,279,3,2
713,280,3,2
713,281,3,2
713,282,3,2
713,283,3,2
713,284,3,2
713,285,3,2
713,286,3,2
713,287,3,2
713,288,3,2
713,289,3,2
713,290,3,2
713,291,3,2
713,292,3,2
713,293,3,2
713,294,3,2
713,295,3,2
713,296,3,2
713,297,3,2
713,298,3,2
713,299,3,2
713,300,3,2
713,301,3,2
713,302,3,2
713,303,3,2
713,304,3,2
713,305,3,2
713,306,3,2
713,307,3,2
713,308,3,2
713,309,3,2
713,310,3,2
713,311,3,2
713,312,3,2
713,313,3,2
713,314,3,2
713,315,3,2
713,316,3,2
713,317,3,2
713,318,3,2
713,319,3,2
713,320,3,2
713,321,3,2
713,322,3,2
713,323,3,2
713,324,3,2
713,325,3,2
713,326,3,2
713,327,3,2
713,328,3,2
713,329,3,2
713,330,3,2
713,331,3,2
713,332,3,2
713,333,3,2
713,334,3,2
713,335,3,2
713,336,3,2
714,236,3,2
714,237,3,2
714,238,3,2
714,239,3,2
714,240,3,2
714,241,3,2
714,242,3,2
714,243,3,2
714,244,3,2
714,245,3,2
714,246,3,2
714,247,3,2
714,248,3,2
714,249,3,2
714,250,3,2
714,251,3,2
714,252,3,2
714,253,3,2
714,254,3,2
714,255,3,2
714,256,3,2
714,257,3,2
714,258,3,2
714,259,3,2
714,260,3,2
714,261,3,2
714,262,3,2
714,263,3,2
714,264,3,2
714,265,3,2
714,266,3,2
714,267,3,2
714,268,3,2
714,269,3,2
714,270,3,2
714,271,3,2
714,272,3,2
714,273,3,2
714,274,3,2
714,275,3,2
714,276,3,2
714,277,3,2
714,278,3,2
714,279,3,2
714,280,3,2
714,281,3,2
714,282,3,2
714,283,3,2
714,284,3,2
714,285,3,2
714,286,3,2
714,287,3,2
714,288,3,2
714,289,3,2
714,290,3,2
714,291,3,2
714,292,3,2
714,293,3,2
714,294,3,2
714,295,3,2
714,296,3,2
714,297,3,2
714,298,3,2
714,299,3,2
714,300,3,2
714,301,3,2
714,302,3,2
714,303,3,2
714,304,3,2
714,305,3,2
714,306,3,2
714,307,3,2
714,308,3,2
714,309,3,2
714,310,3,2
714,311,3,2
714,312,3,2
714,313,3,2
714,314,3,2
714,315,3,2
714,316,3,2
714,317,3,2
714,318,3,2
714,319,3,2
714,320,3,2
714,321,3,2
714,322,3,2
714,323,3,2
714,324,3,2
714,325,3,2
714,326,3,2
714,327,3,2
714,328,3,2
714,329,3,2
714,330,3,2
714,331,3,2
714,332,3,2
714,333,3,2
714,334,3,2
714,335,3,2
715,242,3,2
715,243,3,2
715,244,3,2
715,245,3,2
715,246,3,2
715,247,3,2
715,248,3,2
715,249,3,2
715,250,3,2
715,251,3,2
715,252,3,2
715,253,3,2
715,254,3,2
715,255,3,2
715,256,3,2
715,257,3,2
715,258,3,2
715,259,3,2
715,260,3,2
715,261,3,2
715,262,3,2
715,263,3,2
715,264,3,2
715,265,3,2
715,266,3,2
715,267,3,2
715,268,3,2
715,269,3,2
715,270,3,2
715,271,3,2
715,272,3,2
715,273,3,2
715,274,3,2
715,275,3,2
715,276,3,2
715,277,3,2
715,278,3,2
715,279,3,2
715,280,3,2
715,281,3,2
715,282,3,2
715,283,3,2
715,284,3,2
715,285,3,2
715,286,3,2
715,287,3,2
715,288,3,2
715,289,3,2
715,290,3,2
715,291,3,2
715,292,3,2
715,293,3,2
715,294,3,2
715,295,3,2
715,296,3,2
715,297,3,2
715,298,3,2
715,299,3,2
715,300,3,2
715,301,3,2
715,302,3,2
715,303,3,2
715,304,3,2
715,305,3,2
715,306,3,2
715,307,3,2
715,308,3,2
715,309,3,2
715,310,3,2
715,311,3,2
715,312,3,2
715,313,3,2
715,314,3,2
715,315,3,2
715,316,3,2
715,317,3,2
715,318,3,2
715,319,3,2
715,320,3,2
715,321,3,2
715,322,3,2
715,323,3,2
715,324,3,2
715,325,3,2
715,326,3,2
715,327,3,2
715,328,3,2
715,329,3,2
715,330,3,2
715,331,3,2
716,244,3,2
716,245,3,2
716,246,3,2
716,247,3,2
716,248,3,2
716,249,3,2
716,250,3,2
716,251,3,2
716,252,3,2
716,253,3,2
716,254,3,2
716,255,3,2
716,256,3,2
716,257,3,2
716,258,3,2
716,259,3,2
716,260,3,2
716,261,3,2
716,262,3,2
716,263,3,2
716,264,3,2
716,265,3,2
716,266,3,2
716,267,3,2
716,268,3,2
716,269,3,2
716,270,3,2
716,271,3,2
716,272,3,2
716,273,3,2
716,274,3,2
716,275,3,2
716,276,3,2
716,277,3,2
716,278,3,2
716,279,3,2
716,280,3,2
716,281,3,2
716,282,3,2
716,283,3,2
716,284,3,2
716,285,3,2
716,286,3,2
716,287,3,2
716,288,3,2
716,289,3,2
716,290,3,2
716,291,3,2
716,292,3,2
716,293,3,2
716,294,3,2
716,295,3,2
716,296,3,2
716,297,3,2
716,298,3,2
716,299,3,2
716,300,3,2
716,301,3,2
716,302,3,2
716,303,3,2
716,304,3,2
716,305,3,2
716,306,3,2
716,307,3,2
716,308,3,2
716,309,3,2
716,310,3,2
716,311,3,2
716,312,3,2
716,313,3,2
716,314,3,2
716,315,3,2
716,316,3,2
716,317,3,2
716,318,3,2
716,319,3,2
716,320,3,2
716,321,3,2
716,322,3,2
716,323,3,2
716,324,3,2
716,325,3,2
716,326,3,2
716,327,3,2
716,328,3,2
716,329,3,2
717,245,3,2
717,246,3,2
717,247,3,2
717,248,3,2
717,249,3,2
717,250,3,2
717,251,3,2
717,252,3,2
717,253,3,2
717,254,3,2
717,255,3,2
717,256,3,2
717,257,3,2
717,258,3,2
717,259,3,2
717,260,3,2
717,261,3,2
717,262,3,2
717,263,3,2
717,264,3,2
717,265,3,2
717,266,3,2
717,267,3,2
717,268,3,2
717,269,3,2
717,270,3,2
717,271,3,2
717,272,3,2
717,273,3,2
717,274,3,2
717,275,3,2
717,276,3,2
717,277,3,2
717,278,3,2
717,279,3,2
717,280,3,2
717,281,3,2
717,282,3,2
717,283,3,2
717,284,3,2
717,285,3,2
717,286,3,2
717,287,3,2
717,288,3,2
717,289,3,2
717,290,3,2
717,291,3,2
717,292,3,2
717,293,3,2
717,294,3,2
717,295,3,2
717,296,3,2
717,297,3,2
717,298,3,2
717,299,3,2
717,300,3,2
717,301,3,2
717,302,3,2
717,303,3,2
717,304,3,2
717,305,3,2
717,306,3,2
717,307,3,2
717,308,3,2
717,309,3,2
717,310,3,2
717,311,3,2
717,312,3,2
717,313,3,2
717,314,3,2
717,315,3,2
717,316,3,2
717,317,3,2
717,318,3,2
717,319,3,2
717,320,3,2
717,321,3,2
717,322,3,2
717,323,3,2
717,324,3,2
718,246,3,2
718,247,3,2
718,248,3,2
718,249,3,2
718,250,3,2
718,251,3,2
718,252,3,2
718,253,3,2
718,254,3,2
718,255,3,2
718,256,3,2
718,257,3,2
718,258,3,2
718,259,3,2
718,260,3,2
718,261,3,2
718,262,3,2
718,263,3,2
718,264,3,2
718,265,3,2
718,266,3,2
718,267,3,2
718,268,3,2
718,269,3,2
718,270,3,2
718,271,3,2
718,272,3,2
718,273,3,2
718,274,3,2
718,275,3,2
718,276,3,2
718,277,3,2
718,278,3,2
718,279,3,2
718,280,3,2
718,281,3,2
718,282,3,2
718,283,3,2
718,284,3,2
718,285,3,2
718,286,3,2
718,287,3,2
718,288,3,2
718,289,3,2
718,290,3,2
718,291,3,2
718,292,3,2
718,293,3,2
718,294,3,2
718,295,3,2
718,296,3,2
718,297,3,2
718,298,3,2
718,299,3,2
718,300,3,2
718,301,3,2
718,302,3,2
718,303,3,2
718,304,3,2
718,305,3,2
718,306,3,2
718,307,3,2
718,308,3,2
718,309,3,2
718,310,3,2
718,311,3,2
718,312,3,2
718,313,3,2
718,314,3,2
718,315,3,2
718,316,3,2
718,317,3,2
718,318,3,2
718,319,3,2
718,320,3,2
719,246,3,2
719,247,3,2
719,248,3,2
719,249,3,2
719,250,3,2
719,251,3,2
719,252,3,2
719,253,3,2
719,254,3,2
719,272,3,2
719,273,3,2
719,274,3,2
719,275,3,2
719,276,3,2
719,277,3,2
719,278,3,2
719,279,3,2
719,280,3,2
719,281,3,2
719,282,3,2
719,283,3,2
719,284,3,2
719,285,3,2
719,286,3,2
719,287,3,2
719,288,3,2
719,289,3,2
719,290,3,2
719,291,3,2
719,292,3,2
719,293,3,2
719,294,3,2
719,295,3,2
719,296,3,2
719,297,3,2
719,298,3,2
719,299,3,2
719,300,3,2
719,301,3,2
719,302,3,2
719,303,3,2
719,304,3,2
719,305,3,2
719,306,3,2
719,307,3,2
719,308,3,2
719,309,3,2
719,310,3,2
719,311,3,2
719,312,3,2
719,313,3,2
719,314,3,2
719,315,3,2
719,316,3,2
719,317,3,2
720,247,3,2
720,248,3,2
720,249,3,2
720,250,3,2
720,251,3,2
720,252,3,2
720,253,3,2
720,273,3,2
720,274,3,2
720,275,3,2
720,276,3,2
720,277,3,2
720,278,3,2
720,279,3,2
720,280,3,2
720,281,3,2
720,282,3,2
720,283,3,2
720,284,3,2
720,285,3,2
720,286,3,2
720,287,3,2
720,288,3,2
720,289,3,2
720,290,3,2
720,291,3,2
720,292,3,2
720,293,3,2
720,294,3,2
720,295,3,2
720,296,3,2
720,297,3,2
720,298,3,2
720,299,3,2
720,300,3,2
720,301,3,2
720,302,3,2
720,303,3,2
720,304,3,2
720,305,3,2
720,306,3,2
720,307,3,2
720,308,3,2
720,309,3,2
720,310,3,2
720,311,3,2
720,312,3,2
720,313,3,2
720,314,3,2
721,276,3,2
721,277,3,2
721,278,3,2
721,279,3,2
721,280,3,2
721,281,3,2
721,282,3,2
721,283,3,2
721,284,3,2
721,285,3,2
721,286,3,2
721,287,3,2
721,288,3,2
721,289,3,2
721,290,3,2
721,291,3,2
721,292,3,2
721,293,3,2
721,294,3,2
721,295,3,2
721,296,3,2
721,297,3,2
721,298,3,2
721,299,3,2
722,277,3,2
722,278,3,2
722,279,3,2
722,280,3,2
722,281,3,2
722,282,3,2
722,283,3,2
722,284,3,2
722,285,3,2
722,286,3,2
722,287,3,2
722,288,3,2
722,289,3,2
722,290,3,2
722,291,3,2
722,292,3,2
722,293,3,2
722,294,3,2
722,295,3,2
722,296,3,2
722,297,3,2
722,298,3,2
723,277,3,2
723,278,3,2
723,279,3,2
723,280,3,2
723,281,3,2
723,282,3,2
723,283,3,2
723,284,3,2
724,277,3,2
724,278,3,2
724,279,3,2
724,280,3,2
724,281,3,2
724,282,3,2
724,283,3,2
724,284,3,2
725,278,3,2
725,279,3,2
725,280,3,2
725,281,3,2
725,282,3,2
726,279,3,2
726,280,3,2
726,281,3,2
