2.220000000000000000e+02,4.010000000000000000e+02
2.230000000000000000e+02,4.010000000000000000e+02
2.220000000000000000e+02,4.010000000000000000e+02
