3.750000000000000000e+02,3.630000000000000000e+02
3.760000000000000000e+02,3.630000000000000000e+02
3.750000000000000000e+02,3.630000000000000000e+02
