42,311,3,2
42,312,3,2
42,313,3,2
42,314,3,2
42,315,3,2
42,316,3,2
42,317,3,2
42,318,3,2
42,319,3,2
42,320,3,3
43,308,3,2
43,309,3,2
43,310,3,2
43,311,3,2
43,312,3,2
43,313,3,2
43,314,3,2
43,315,3,2
43,316,3,2
43,317,3,2
43,318,3,2
43,319,3,2
43,320,3,2
43,321,3,2
43,322,3,2
43,323,3,2
43,324,3,2
43,325,3,3
43,326,3,3
44,300,3,3
44,301,3,3
44,302,3,3
44,303,3,3
44,304,3,2
44,305,3,2
44,306,3,2
44,307,3,2
44,308,3,2
44,309,3,2
44,310,3,2
44,311,3,2
44,312,3,2
44,313,3,2
44,314,3,2
44,315,3,2
44,316,3,2
44,317,3,2
44,318,3,2
44,319,3,2
44,320,3,2
44,321,3,2
44,322,3,2
44,323,3,2
44,324,3,2
44,325,3,2
44,326,3,3
44,327,3,3
44,328,3,3
45,291,3,3
45,292,3,3
45,293,3,3
45,294,3,3
45,295,3,3
45,296,3,3
45,297,3,3
45,298,3,3
45,299,3,2
45,300,3,2
45,301,3,2
45,302,3,2
45,303,3,3
45,304,3,3
45,305,3,2
45,306,3,2
45,307,3,2
45,308,3,2
45,309,3,2
45,310,3,2
45,311,3,2
45,312,3,2
45,313,3,2
45,314,3,2
45,315,3,2
45,316,3,2
45,317,3,2
45,318,3,2
45,319,3,2
45,320,3,2
45,321,3,2
45,322,3,2
45,323,3,2
45,324,3,2
45,325,3,3
45,326,3,3
45,327,3,3
45,328,3,3
45,329,3,3
45,330,3,3
46,269,3,2
46,270,3,2
46,271,3,2
46,272,3,2
46,273,3,2
46,274,3,3
46,275,3,3
46,276,3,3
46,277,3,3
46,278,3,3
46,279,3,3
46,280,3,3
46,281,3,3
46,282,3,3
46,283,3,3
46,284,3,3
46,285,3,3
46,286,3,3
46,287,3,3
46,288,3,3
46,289,3,3
46,290,3,2
46,291,3,2
46,292,3,2
46,293,3,2
46,294,3,2
46,295,3,2
46,296,3,3
46,297,3,3
46,298,3,3
46,299,3,2
46,300,3,3
46,301,3,2
46,302,3,2
46,303,3,2
46,304,3,2
46,305,3,2
46,306,3,2
46,307,3,2
46,308,3,2
46,309,3,2
46,310,3,2
46,311,3,2
46,312,3,2
46,313,3,2
46,314,3,2
46,315,3,2
46,316,3,2
46,317,3,2
46,318,3,2
46,319,3,2
46,320,3,2
46,321,3,2
46,322,3,2
46,323,3,2
46,324,3,2
46,325,3,3
46,326,3,3
46,327,3,3
46,328,3,3
46,329,3,3
46,330,3,3
46,331,3,3
46,332,3,3
47,268,3,2
47,269,3,2
47,270,3,2
47,271,3,2
47,272,3,2
47,273,3,3
47,274,3,3
47,275,3,3
47,276,3,3
47,277,3,3
47,278,3,3
47,279,3,3
47,280,3,3
47,281,3,3
47,282,3,3
47,283,3,3
47,284,3,3
47,285,3,3
47,286,3,3
47,287,3,3
47,288,3,3
47,289,3,2
47,290,3,3
47,291,3,3
47,292,3,3
47,293,3,3
47,294,3,3
47,295,3,3
47,296,3,3
47,297,3,3
47,298,3,3
47,299,3,2
47,300,3,2
47,301,3,3
47,302,3,3
47,303,3,2
47,304,3,2
47,305,3,2
47,306,3,2
47,307,3,2
47,308,3,2
47,309,3,2
47,310,3,2
47,311,3,2
47,312,3,2
47,313,3,2
47,314,3,2
47,315,3,2
47,316,3,2
47,317,3,2
47,318,3,2
47,319,3,2
47,320,3,2
47,321,3,2
47,322,3,2
47,323,3,2
47,324,3,2
47,325,3,2
47,326,3,3
47,327,3,3
47,328,3,3
47,329,3,3
47,330,3,3
47,331,3,3
47,332,3,3
47,333,3,3
47,334,3,3
48,261,3,2
48,262,3,2
48,263,3,2
48,264,3,2
48,265,3,2
48,266,3,2
48,267,3,2
48,268,3,2
48,269,3,2
48,270,3,2
48,271,3,2
48,272,3,2
48,273,3,3
48,274,3,3
48,275,3,3
48,276,3,3
48,277,3,3
48,278,3,3
48,279,3,3
48,280,3,3
48,281,3,3
48,282,3,3
48,283,3,3
48,284,3,3
48,285,3,3
48,286,3,3
48,287,3,3
48,288,3,3
48,289,3,3
48,290,3,3
48,291,3,3
48,292,3,3
48,293,3,3
48,294,3,2
48,295,3,2
48,296,3,3
48,297,3,3
48,298,3,3
48,299,3,2
48,300,3,2
48,301,3,2
48,302,3,2
48,303,3,2
48,304,3,2
48,305,3,2
48,306,3,2
48,307,3,2
48,308,3,2
48,309,3,2
48,310,3,2
48,311,3,2
48,312,3,2
48,313,3,2
48,314,3,2
48,315,3,2
48,316,3,2
48,317,3,2
48,318,3,2
48,319,3,2
48,320,3,2
48,321,3,2
48,322,3,2
48,323,3,2
48,324,3,2
48,325,3,3
48,326,3,3
48,327,3,3
48,328,3,3
48,329,3,3
48,330,3,3
48,331,3,3
48,332,3,3
48,333,3,3
48,334,3,3
48,335,3,3
48,336,3,3
49,251,3,2
49,252,3,3
49,253,3,2
49,254,3,2
49,255,3,2
49,256,3,2
49,257,3,2
49,258,3,2
49,259,3,2
49,260,3,2
49,261,3,2
49,262,3,2
49,263,3,2
49,264,3,2
49,265,3,2
49,266,3,2
49,267,3,2
49,268,3,2
49,269,3,2
49,270,3,2
49,271,3,2
49,272,3,2
49,273,3,3
49,274,3,3
49,275,3,3
49,276,3,3
49,277,3,3
49,278,3,3
49,279,3,3
49,280,3,3
49,281,3,3
49,282,3,3
49,283,3,3
49,284,3,3
49,285,3,3
49,286,3,3
49,287,3,3
49,288,3,3
49,289,3,2
49,290,3,2
49,291,3,2
49,292,3,2
49,293,3,2
49,294,3,2
49,295,3,2
49,296,3,2
49,297,3,2
49,298,3,2
49,299,3,2
49,300,3,3
49,301,3,3
49,302,3,2
49,303,3,2
49,304,3,2
49,305,3,2
49,306,3,2
49,307,3,2
49,308,3,2
49,309,3,2
49,310,3,2
49,311,3,2
49,312,3,2
49,313,3,2
49,314,3,2
49,315,3,2
49,316,3,2
49,317,3,2
49,318,3,2
49,319,3,2
49,320,3,2
49,321,3,2
49,322,3,2
49,323,3,2
49,324,3,2
49,325,3,3
49,326,3,3
49,327,3,3
49,328,3,3
49,329,3,3
49,330,3,3
49,331,3,3
49,332,3,3
49,333,3,3
49,334,3,3
49,335,3,3
49,336,3,3
49,337,3,3
49,338,3,3
49,339,3,3
49,340,3,3
50,233,3,2
50,238,3,2
50,241,3,2
50,242,3,2
50,243,3,2
50,244,3,2
50,245,3,2
50,246,3,2
50,247,3,2
50,248,3,2
50,249,3,2
50,250,3,2
50,251,3,2
50,252,3,2
50,253,3,2
50,254,3,2
50,255,3,2
50,256,3,2
50,257,3,2
50,258,3,2
50,259,3,2
50,260,3,2
50,261,3,2
50,262,3,2
50,263,3,2
50,264,3,2
50,265,3,2
50,266,3,2
50,267,3,2
50,268,3,2
50,269,3,2
50,270,3,2
50,271,3,2
50,272,3,2
50,273,3,2
50,274,3,3
50,275,3,3
50,276,3,3
50,277,3,3
50,278,3,3
50,279,3,3
50,280,3,3
50,281,3,3
50,282,3,3
50,283,3,3
50,284,3,3
50,285,3,3
50,286,3,3
50,287,3,3
50,288,3,3
50,289,3,2
50,290,3,2
50,291,3,2
50,292,3,2
50,293,3,2
50,294,3,2
50,295,3,2
50,296,3,2
50,297,3,2
50,298,3,2
50,299,3,2
50,300,3,2
50,301,3,2
50,302,3,2
50,303,3,2
50,304,3,2
50,305,3,2
50,306,3,2
50,307,3,2
50,308,3,2
50,309,3,2
50,310,3,2
50,311,3,2
50,312,3,2
50,313,3,2
50,314,3,2
50,315,3,2
50,316,3,2
50,317,3,2
50,318,3,2
50,319,3,2
50,320,3,2
50,321,3,2
50,322,3,2
50,323,3,2
50,324,3,3
50,325,3,3
50,326,3,3
50,327,3,3
50,328,3,3
50,329,3,3
50,330,3,3
50,331,3,3
50,332,3,3
50,333,3,3
50,334,3,3
50,335,3,3
50,336,3,3
50,337,3,3
50,338,3,3
50,339,3,3
50,340,3,3
50,341,3,3
50,342,3,3
51,231,3,2
51,232,3,2
51,233,3,2
51,234,3,2
51,235,3,2
51,236,3,2
51,237,3,2
51,238,3,2
51,239,3,2
51,240,3,2
51,241,3,2
51,242,3,2
51,243,3,2
51,244,3,2
51,245,3,2
51,246,3,2
51,247,3,2
51,248,3,2
51,249,3,2
51,250,3,2
51,251,3,2
51,252,3,2
51,253,3,2
51,254,3,2
51,255,3,2
51,256,3,2
51,257,3,2
51,258,3,2
51,259,3,2
51,260,3,2
51,261,3,2
51,262,3,2
51,263,3,2
51,264,3,2
51,265,3,2
51,266,3,2
51,267,3,2
51,268,3,2
51,269,3,2
51,270,3,2
51,271,3,2
51,272,3,2
51,273,3,2
51,274,3,3
51,275,3,3
51,276,3,3
51,277,3,3
51,278,3,3
51,279,3,3
51,280,3,3
51,281,3,3
51,282,3,3
51,283,3,3
51,284,3,3
51,285,3,3
51,286,3,3
51,287,3,3
51,288,3,3
51,289,3,3
51,290,3,2
51,291,3,2
51,292,3,2
51,293,3,2
51,294,3,2
51,295,3,2
51,296,3,2
51,297,3,2
51,298,3,2
51,299,3,2
51,300,3,2
51,301,3,2
51,302,3,2
51,303,3,2
51,304,3,2
51,305,3,2
51,306,3,2
51,307,3,2
51,308,3,2
51,309,3,2
51,310,3,2
51,311,3,2
51,312,3,2
51,313,3,2
51,314,3,2
51,315,3,2
51,316,3,2
51,317,3,2
51,318,3,2
51,319,3,2
51,320,3,2
51,321,3,2
51,322,3,2
51,323,3,3
51,324,3,3
51,325,3,3
51,326,3,3
51,327,3,3
51,328,3,3
51,329,3,3
51,330,3,3
51,331,3,3
51,332,3,3
51,333,3,3
51,334,3,3
51,335,3,3
51,336,3,3
51,337,3,3
51,338,3,3
51,339,3,3
51,340,3,3
51,341,3,3
51,342,3,3
51,343,3,3
52,226,3,2
52,227,3,2
52,228,3,2
52,229,3,2
52,230,3,2
52,231,3,2
52,232,3,2
52,233,3,2
52,234,3,2
52,235,3,2
52,236,3,2
52,237,3,2
52,238,3,2
52,239,3,2
52,240,3,2
52,241,3,2
52,242,3,2
52,243,3,2
52,244,3,2
52,245,3,2
52,246,3,2
52,247,3,2
52,248,3,2
52,249,3,2
52,250,3,2
52,251,3,2
52,252,3,2
52,253,3,2
52,254,3,2
52,255,3,2
52,256,3,2
52,257,3,2
52,258,3,2
52,259,3,2
52,260,3,2
52,261,3,2
52,262,3,2
52,263,3,2
52,264,3,2
52,265,3,2
52,266,3,2
52,267,3,2
52,268,3,2
52,269,3,2
52,270,3,2
52,271,3,2
52,272,3,3
52,273,3,3
52,274,3,3
52,275,3,3
52,276,3,3
52,277,3,3
52,278,3,3
52,279,3,3
52,280,3,3
52,281,3,3
52,282,3,3
52,283,3,3
52,284,3,3
52,285,3,3
52,286,3,3
52,287,3,3
52,288,3,3
52,289,3,3
52,290,3,2
52,291,3,2
52,292,3,2
52,293,3,2
52,294,3,2
52,295,3,2
52,296,3,2
52,297,3,2
52,298,3,2
52,299,3,2
52,300,3,2
52,301,3,2
52,302,3,2
52,303,3,2
52,304,3,2
52,305,3,2
52,306,3,2
52,307,3,2
52,308,3,2
52,309,3,2
52,310,3,2
52,311,3,2
52,312,3,2
52,313,3,2
52,314,3,2
52,315,3,2
52,316,3,2
52,317,3,2
52,318,3,2
52,319,3,2
52,320,3,2
52,321,3,2
52,322,3,3
52,323,3,3
52,324,3,3
52,325,3,3
52,326,3,3
52,327,3,3
52,328,3,3
52,329,3,3
52,330,3,3
52,331,3,3
52,332,3,3
52,333,3,3
52,334,3,3
52,335,3,3
52,336,3,3
52,337,3,3
52,338,3,3
52,339,3,3
52,340,3,3
52,341,3,3
52,342,3,3
52,343,3,3
52,344,3,3
52,345,3,3
53,223,3,2
53,224,3,2
53,225,3,2
53,226,3,2
53,227,3,2
53,228,3,2
53,229,3,2
53,230,3,2
53,231,3,2
53,232,3,2
53,233,3,2
53,234,3,2
53,235,3,2
53,236,3,2
53,237,3,2
53,238,3,2
53,239,3,2
53,240,3,2
53,241,3,2
53,242,3,2
53,243,3,2
53,244,3,2
53,245,3,2
53,246,3,2
53,247,3,2
53,248,3,2
53,249,3,2
53,250,3,2
53,251,3,2
53,252,3,2
53,253,3,2
53,254,3,2
53,255,3,2
53,256,3,2
53,257,3,2
53,258,3,2
53,259,3,2
53,260,3,2
53,261,3,2
53,262,3,2
53,263,3,2
53,264,3,2
53,265,3,2
53,266,3,2
53,267,3,2
53,268,3,2
53,269,3,2
53,270,3,3
53,271,3,3
53,272,3,3
53,273,3,3
53,274,3,3
53,275,3,3
53,276,3,3
53,277,3,3
53,278,3,3
53,279,3,3
53,280,3,3
53,281,3,3
53,282,3,3
53,283,3,3
53,284,3,3
53,285,3,3
53,286,3,3
53,287,3,3
53,288,3,3
53,289,3,3
53,290,3,3
53,291,3,2
53,292,3,2
53,293,3,2
53,294,3,2
53,295,3,2
53,296,3,2
53,297,3,2
53,298,3,2
53,299,3,2
53,300,3,2
53,301,3,2
53,302,3,2
53,303,3,2
53,304,3,2
53,305,3,2
53,306,3,2
53,307,3,2
53,308,3,2
53,309,3,2
53,310,3,2
53,311,3,2
53,312,3,2
53,313,3,2
53,314,3,2
53,315,3,2
53,316,3,2
53,317,3,2
53,318,3,2
53,319,3,2
53,320,3,2
53,321,3,2
53,322,3,3
53,323,3,3
53,324,3,3
53,325,3,3
53,326,3,3
53,327,3,3
53,328,3,3
53,329,3,3
53,330,3,3
53,331,3,3
53,332,3,3
53,333,3,3
53,334,3,3
53,335,3,3
53,336,3,3
53,337,3,3
53,338,3,3
53,339,3,3
53,340,3,3
53,341,3,3
53,342,3,3
53,343,3,3
53,344,3,3
53,345,3,3
53,346,3,3
53,347,3,3
53,348,3,3
53,349,3,3
53,350,3,3
53,351,3,3
53,352,3,3
53,353,3,3
53,354,3,3
53,355,3,3
53,356,3,3
54,219,3,2
54,220,3,2
54,221,3,2
54,222,3,2
54,223,3,2
54,224,3,2
54,225,3,2
54,226,3,2
54,227,3,2
54,228,3,2
54,229,3,2
54,230,3,2
54,231,3,2
54,232,3,2
54,233,3,2
54,234,3,2
54,235,3,2
54,236,3,2
54,237,3,2
54,238,3,2
54,239,3,2
54,240,3,2
54,241,3,2
54,242,3,2
54,243,3,2
54,244,3,2
54,245,3,2
54,246,3,2
54,247,3,2
54,248,3,2
54,249,3,2
54,250,3,2
54,251,3,2
54,252,3,2
54,253,3,2
54,254,3,2
54,255,3,2
54,256,3,2
54,257,3,2
54,258,3,2
54,259,3,2
54,260,3,2
54,261,3,2
54,262,3,2
54,263,3,2
54,264,3,2
54,265,3,2
54,266,3,2
54,267,3,2
54,268,3,2
54,269,3,3
54,270,3,3
54,271,3,3
54,272,3,3
54,273,3,3
54,274,3,3
54,275,3,3
54,276,3,3
54,277,3,3
54,278,3,3
54,279,3,3
54,280,3,3
54,281,3,3
54,282,3,3
54,283,3,3
54,284,3,3
54,285,3,3
54,286,3,3
54,287,3,3
54,288,3,3
54,289,3,3
54,290,3,3
54,291,3,2
54,292,3,2
54,293,3,2
54,294,3,2
54,295,3,2
54,296,3,2
54,297,3,2
54,298,3,2
54,299,3,2
54,300,3,2
54,301,3,2
54,302,3,2
54,303,3,2
54,304,3,2
54,305,3,2
54,306,3,2
54,307,3,2
54,308,3,2
54,309,3,2
54,310,3,2
54,311,3,2
54,312,3,2
54,313,3,2
54,314,3,2
54,315,3,2
54,316,3,2
54,317,3,2
54,318,3,2
54,319,3,2
54,320,3,2
54,321,3,3
54,322,3,3
54,323,3,3
54,324,3,3
54,325,3,3
54,326,3,3
54,327,3,3
54,328,3,3
54,329,3,3
54,330,3,3
54,331,3,3
54,332,3,3
54,333,3,3
54,334,3,3
54,335,3,3
54,336,3,3
54,337,3,3
54,338,3,3
54,339,3,3
54,340,3,3
54,341,3,3
54,342,3,3
54,343,3,3
54,344,3,3
54,345,3,3
54,346,3,3
54,347,3,3
54,348,3,3
54,349,3,3
54,350,3,3
54,351,3,3
54,352,3,3
54,353,3,3
54,354,3,3
54,355,3,3
54,356,3,3
54,357,3,3
54,358,3,3
54,359,3,3
54,360,3,3
54,361,3,3
55,218,3,2
55,219,3,2
55,220,3,2
55,221,3,2
55,222,3,2
55,223,3,2
55,224,3,2
55,225,3,2
55,226,3,2
55,227,3,2
55,228,3,2
55,229,3,2
55,230,3,2
55,231,3,2
55,232,3,2
55,233,3,2
55,234,3,2
55,235,3,2
55,236,3,2
55,237,3,2
55,238,3,2
55,239,3,2
55,240,3,2
55,241,3,2
55,242,3,2
55,243,3,2
55,244,3,2
55,245,3,2
55,246,3,2
55,247,3,2
55,248,3,2
55,249,3,2
55,250,3,2
55,251,3,2
55,252,3,2
55,253,3,2
55,254,3,2
55,255,3,2
55,256,3,2
55,257,3,2
55,258,3,2
55,259,3,2
55,260,3,2
55,261,3,2
55,262,3,2
55,263,3,2
55,264,3,2
55,265,3,2
55,266,3,2
55,267,3,2
55,268,3,3
55,269,3,3
55,270,3,3
55,271,3,3
55,272,3,3
55,273,3,3
55,274,3,3
55,275,3,3
55,276,3,3
55,277,3,3
55,278,3,3
55,279,3,3
55,280,3,3
55,281,3,3
55,282,3,3
55,283,3,3
55,284,3,3
55,285,3,3
55,286,3,3
55,287,3,3
55,288,3,3
55,289,3,3
55,290,3,3
55,291,3,3
55,292,3,3
55,293,3,2
55,294,3,2
55,295,3,2
55,296,3,2
55,297,3,2
55,298,3,2
55,299,3,2
55,300,3,2
55,301,3,2
55,302,3,2
55,303,3,2
55,304,3,2
55,305,3,2
55,306,3,2
55,307,3,2
55,308,3,2
55,309,3,2
55,310,3,2
55,311,3,2
55,312,3,2
55,313,3,2
55,314,3,2
55,315,3,2
55,316,3,2
55,317,3,2
55,318,3,2
55,319,3,3
55,320,3,3
55,321,3,3
55,322,3,3
55,323,3,3
55,324,3,3
55,325,3,3
55,326,3,3
55,327,3,3
55,328,3,3
55,329,3,3
55,330,3,3
55,331,3,3
55,332,3,3
55,333,3,3
55,334,3,3
55,335,3,3
55,336,3,3
55,337,3,3
55,338,3,3
55,339,3,3
55,340,3,3
55,341,3,3
55,342,3,3
55,343,3,3
55,344,3,3
55,345,3,3
55,346,3,3
55,347,3,3
55,348,3,3
55,349,3,3
55,350,3,3
55,351,3,3
55,352,3,3
55,353,3,3
55,354,3,3
55,355,3,3
55,356,3,3
55,357,3,3
55,358,3,3
55,359,3,3
55,360,3,3
55,361,3,3
55,362,3,3
55,363,3,3
55,364,3,3
55,365,3,3
55,366,3,3
55,367,3,3
56,214,3,2
56,215,3,2
56,216,3,2
56,217,3,2
56,218,3,2
56,219,3,2
56,220,3,2
56,221,3,2
56,222,3,2
56,223,3,2
56,224,3,2
56,225,3,2
56,226,3,2
56,227,3,2
56,228,3,2
56,229,3,2
56,230,3,2
56,231,3,2
56,232,3,2
56,233,3,2
56,234,3,2
56,235,3,2
56,236,3,2
56,237,3,2
56,238,3,2
56,239,3,2
56,240,3,2
56,241,3,2
56,242,3,2
56,243,3,2
56,244,3,2
56,245,3,2
56,246,3,2
56,247,3,2
56,248,3,2
56,249,3,2
56,250,3,2
56,251,3,2
56,252,3,2
56,253,3,2
56,254,3,2
56,255,3,2
56,256,3,2
56,257,3,2
56,258,3,2
56,259,3,2
56,260,3,2
56,261,3,2
56,262,3,2
56,263,3,2
56,264,3,2
56,265,3,2
56,266,3,2
56,267,3,2
56,268,3,3
56,269,3,3
56,270,3,3
56,271,3,3
56,272,3,3
56,273,3,3
56,274,3,3
56,275,3,3
56,276,3,3
56,277,3,3
56,278,3,3
56,279,3,3
56,280,3,3
56,281,3,3
56,282,3,3
56,283,3,3
56,284,3,3
56,285,3,3
56,286,3,3
56,287,3,3
56,288,3,3
56,289,3,3
56,290,3,3
56,291,3,3
56,292,3,2
56,293,3,2
56,294,3,2
56,295,3,2
56,296,3,2
56,297,3,2
56,298,3,2
56,299,3,2
56,300,3,2
56,301,3,2
56,302,3,2
56,303,3,2
56,304,3,2
56,305,3,2
56,306,3,2
56,307,3,2
56,308,3,2
56,309,3,2
56,310,3,2
56,311,3,2
56,312,3,2
56,313,3,2
56,314,3,2
56,315,3,2
56,316,3,2
56,317,3,2
56,318,3,2
56,319,3,3
56,320,3,3
56,321,3,3
56,322,3,3
56,323,3,3
56,324,3,3
56,325,3,3
56,326,3,3
56,327,3,3
56,328,3,3
56,329,3,3
56,330,3,3
56,331,3,3
56,332,3,3
56,333,3,3
56,334,3,3
56,335,3,3
56,336,3,3
56,337,3,3
56,338,3,3
56,339,3,3
56,340,3,3
56,341,3,3
56,342,3,3
56,343,3,3
56,344,3,3
56,345,3,3
56,346,3,3
56,347,3,3
56,348,3,3
56,349,3,3
56,350,3,3
56,351,3,3
56,352,3,3
56,353,3,3
56,354,3,3
56,355,3,3
56,356,3,3
56,357,3,3
56,358,3,3
56,359,3,3
56,360,3,3
56,361,3,3
56,362,3,3
56,363,3,3
56,364,3,3
56,365,3,3
56,366,3,3
56,367,3,3
56,368,3,3
56,369,3,3
56,370,3,3
56,371,3,3
56,372,3,3
57,212,3,2
57,213,3,2
57,214,3,2
57,215,3,2
57,216,3,2
57,217,3,2
57,218,3,2
57,219,3,2
57,220,3,2
57,221,3,2
57,222,3,2
57,223,3,2
57,224,3,2
57,225,3,2
57,226,3,2
57,227,3,2
57,228,3,2
57,229,3,2
57,230,3,2
57,231,3,2
57,232,3,2
57,233,3,2
57,234,3,2
57,235,3,2
57,236,3,2
57,237,3,2
57,238,3,2
57,239,3,2
57,240,3,2
57,241,3,2
57,242,3,2
57,243,3,2
57,244,3,2
57,245,3,2
57,246,3,2
57,247,3,2
57,248,3,2
57,249,3,2
57,250,3,2
57,251,3,2
57,252,3,2
57,253,3,2
57,254,3,2
57,255,3,2
57,256,3,2
57,257,3,2
57,258,3,2
57,259,3,2
57,260,3,2
57,261,3,2
57,262,3,2
57,263,3,2
57,264,3,2
57,265,3,2
57,266,3,2
57,267,3,2
57,268,3,3
57,269,3,3
57,270,3,3
57,271,3,3
57,272,3,3
57,273,3,3
57,274,3,3
57,275,3,3
57,276,3,3
57,277,3,3
57,278,3,3
57,279,3,3
57,280,3,3
57,281,3,3
57,282,3,3
57,283,3,3
57,284,3,3
57,285,3,3
57,286,3,3
57,287,3,3
57,288,3,3
57,289,3,3
57,290,3,3
57,291,3,3
57,292,3,3
57,293,3,2
57,294,3,2
57,295,3,2
57,296,3,2
57,297,3,2
57,298,3,2
57,299,3,2
57,300,3,2
57,301,3,2
57,302,3,2
57,303,3,2
57,304,3,2
57,305,3,2
57,306,3,2
57,307,3,2
57,308,3,2
57,309,3,2
57,310,3,2
57,311,3,2
57,312,3,2
57,313,3,2
57,314,3,2
57,315,3,2
57,316,3,2
57,317,3,3
57,318,3,3
57,319,3,3
57,320,3,3
57,321,3,3
57,322,3,3
57,323,3,3
57,324,3,3
57,325,3,3
57,326,3,3
57,327,3,3
57,328,3,3
57,329,3,3
57,330,3,3
57,331,3,3
57,332,3,3
57,333,3,3
57,334,3,3
57,335,3,3
57,336,3,3
57,337,3,3
57,338,3,3
57,339,3,3
57,340,3,3
57,341,3,3
57,342,3,3
57,343,3,3
57,344,3,3
57,345,3,3
57,346,3,3
57,347,3,3
57,348,3,3
57,349,3,3
57,350,3,3
57,351,3,3
57,352,3,3
57,353,3,3
57,354,3,3
57,355,3,3
57,356,3,3
57,357,3,3
57,358,3,3
57,359,3,3
57,360,3,3
57,361,3,3
57,362,3,3
57,363,3,3
57,364,3,3
57,365,3,3
57,366,3,3
57,367,3,2
57,368,3,3
57,369,3,3
57,370,3,3
57,371,3,3
57,372,3,3
57,373,3,3
57,374,3,3
57,375,3,3
57,376,3,3
57,377,3,3
58,210,3,2
58,211,3,2
58,212,3,2
58,213,3,2
58,214,3,2
58,215,3,2
58,216,3,2
58,217,3,2
58,218,3,2
58,219,3,2
58,220,3,2
58,221,3,2
58,222,3,2
58,223,3,2
58,224,3,2
58,225,3,2
58,226,3,2
58,227,3,2
58,228,3,2
58,229,3,2
58,230,3,2
58,231,3,2
58,232,3,2
58,233,3,2
58,234,3,2
58,235,3,2
58,236,3,2
58,237,3,2
58,238,3,2
58,239,3,2
58,240,3,2
58,241,3,2
58,242,3,2
58,243,3,2
58,244,3,2
58,245,3,2
58,246,3,2
58,247,3,2
58,248,3,2
58,249,3,2
58,250,3,2
58,251,3,2
58,252,3,2
58,253,3,2
58,254,3,2
58,255,3,2
58,256,3,2
58,257,3,2
58,258,3,2
58,259,3,2
58,260,3,2
58,261,3,2
58,262,3,2
58,263,3,2
58,264,3,2
58,265,3,2
58,266,3,2
58,267,3,2
58,268,3,3
58,269,3,3
58,270,3,3
58,271,3,3
58,272,3,3
58,273,3,3
58,274,3,3
58,275,3,3
58,276,3,3
58,277,3,3
58,278,3,3
58,279,3,3
58,280,3,3
58,281,3,3
58,282,3,3
58,283,3,3
58,284,3,3
58,285,3,3
58,286,3,3
58,287,3,3
58,288,3,3
58,289,3,3
58,290,3,3
58,291,3,3
58,292,3,3
58,293,3,2
58,294,3,2
58,295,3,2
58,296,3,2
58,297,3,2
58,298,3,2
58,299,3,2
58,300,3,2
58,301,3,2
58,302,3,2
58,303,3,2
58,304,3,2
58,305,3,2
58,306,3,2
58,307,3,2
58,308,3,2
58,309,3,2
58,310,3,2
58,311,3,2
58,312,3,2
58,313,3,2
58,314,3,2
58,315,3,2
58,316,3,2
58,317,3,3
58,318,3,3
58,319,3,3
58,320,3,3
58,321,3,3
58,322,3,3
58,323,3,3
58,324,3,3
58,325,3,3
58,326,3,3
58,327,3,3
58,328,3,3
58,329,3,3
58,330,3,3
58,331,3,3
58,332,3,3
58,333,3,3
58,334,3,3
58,335,3,3
58,336,3,3
58,337,3,3
58,338,3,3
58,339,3,3
58,340,3,3
58,341,3,3
58,342,3,3
58,343,3,3
58,344,3,3
58,345,3,3
58,346,3,3
58,347,3,3
58,348,3,3
58,349,3,3
58,350,3,3
58,351,3,3
58,352,3,3
58,353,3,3
58,354,3,3
58,355,3,3
58,356,3,3
58,357,3,3
58,358,3,3
58,359,3,3
58,360,3,3
58,361,3,3
58,362,3,3
58,363,3,3
58,364,3,2
58,365,3,2
58,366,3,2
58,367,3,2
58,368,3,2
58,369,3,2
58,370,3,2
58,371,3,2
58,372,3,2
58,373,3,2
58,374,3,2
58,375,3,2
58,376,3,2
58,377,3,2
58,378,3,3
58,379,3,3
59,209,3,2
59,210,3,2
59,211,3,2
59,212,3,2
59,213,3,2
59,214,3,2
59,215,3,2
59,216,3,2
59,217,3,2
59,218,3,2
59,219,3,2
59,220,3,2
59,221,3,2
59,222,3,2
59,223,3,2
59,224,3,2
59,225,3,2
59,226,3,2
59,227,3,2
59,228,3,2
59,229,3,2
59,230,3,2
59,231,3,2
59,232,3,2
59,233,3,2
59,234,3,2
59,235,3,2
59,236,3,2
59,237,3,2
59,238,3,2
59,239,3,2
59,240,3,2
59,241,3,2
59,242,3,2
59,243,3,2
59,244,3,2
59,245,3,2
59,246,3,2
59,247,3,2
59,248,3,2
59,249,3,2
59,250,3,2
59,251,3,2
59,252,3,2
59,253,3,2
59,254,3,2
59,255,3,2
59,256,3,2
59,257,3,2
59,258,3,2
59,259,3,2
59,260,3,2
59,261,3,2
59,262,3,2
59,263,3,2
59,264,3,2
59,265,3,2
59,266,3,2
59,267,3,3
59,268,3,3
59,269,3,3
59,270,3,3
59,271,3,3
59,272,3,3
59,273,3,3
59,274,3,3
59,275,3,3
59,276,3,3
59,277,3,3
59,278,3,3
59,279,3,3
59,280,3,3
59,281,3,3
59,282,3,3
59,283,3,3
59,284,3,3
59,285,3,3
59,286,3,3
59,287,3,3
59,288,3,3
59,289,3,3
59,290,3,3
59,291,3,3
59,292,3,3
59,293,3,3
59,294,3,2
59,295,3,2
59,296,3,2
59,297,3,2
59,298,3,2
59,299,3,2
59,300,3,2
59,301,3,2
59,302,3,2
59,303,3,2
59,304,3,2
59,305,3,2
59,306,3,2
59,307,3,2
59,308,3,2
59,309,3,2
59,310,3,2
59,311,3,2
59,312,3,2
59,313,3,2
59,314,3,2
59,315,3,2
59,316,3,2
59,317,3,3
59,318,3,3
59,319,3,3
59,320,3,3
59,321,3,3
59,322,3,3
59,323,3,3
59,324,3,3
59,325,3,3
59,326,3,3
59,327,3,3
59,328,3,3
59,329,3,3
59,330,3,3
59,331,3,3
59,332,3,3
59,333,3,3
59,334,3,3
59,335,3,3
59,336,3,3
59,337,3,3
59,338,3,3
59,339,3,3
59,340,3,3
59,341,3,3
59,342,3,3
59,343,3,3
59,344,3,3
59,345,3,3
59,346,3,3
59,347,3,3
59,348,3,3
59,349,3,3
59,350,3,3
59,351,3,3
59,352,3,3
59,353,3,3
59,354,3,3
59,355,3,3
59,356,3,3
59,357,3,3
59,358,3,3
59,359,3,3
59,360,3,3
59,361,3,3
59,362,3,3
59,363,3,3
59,364,3,2
59,365,3,2
59,366,3,2
59,367,3,2
59,368,3,2
59,369,3,2
59,370,3,2
59,371,3,2
59,372,3,2
59,373,3,2
59,374,3,2
59,375,3,2
59,376,3,2
59,377,3,2
59,378,3,2
59,379,3,2
59,380,3,3
59,381,3,3
60,205,3,2
60,207,3,2
60,208,3,2
60,209,3,2
60,210,3,2
60,211,3,2
60,212,3,2
60,213,3,2
60,214,3,2
60,215,3,2
60,216,3,2
60,217,3,2
60,218,3,2
60,219,3,2
60,220,3,2
60,221,3,2
60,222,3,2
60,223,3,2
60,224,3,2
60,225,3,2
60,226,3,2
60,227,3,2
60,228,3,2
60,229,3,2
60,230,3,2
60,231,3,2
60,232,3,2
60,233,3,2
60,234,3,2
60,235,3,2
60,236,3,2
60,237,3,2
60,238,3,2
60,239,3,2
60,240,3,2
60,241,3,2
60,242,3,2
60,243,3,2
60,244,3,2
60,245,3,2
60,246,3,2
60,247,3,2
60,248,3,2
60,249,3,2
60,250,3,2
60,251,3,2
60,252,3,2
60,253,3,2
60,254,3,2
60,255,3,2
60,256,3,2
60,257,3,2
60,258,3,2
60,259,3,2
60,260,3,2
60,261,3,2
60,262,3,2
60,263,3,2
60,264,3,2
60,265,3,2
60,266,3,2
60,267,3,3
60,268,3,3
60,269,3,3
60,270,3,3
60,271,3,3
60,272,3,3
60,273,3,3
60,274,3,3
60,275,3,3
60,276,3,3
60,277,3,3
60,278,3,3
60,279,3,3
60,280,3,3
60,281,3,3
60,282,3,3
60,283,3,3
60,284,3,3
60,285,3,3
60,286,3,3
60,287,3,3
60,288,3,3
60,289,3,3
60,290,3,3
60,291,3,3
60,292,3,2
60,293,3,2
60,294,3,2
60,295,3,2
60,296,3,2
60,297,3,2
60,298,3,2
60,299,3,2
60,300,3,2
60,301,3,2
60,302,3,2
60,303,3,2
60,304,3,2
60,305,3,2
60,306,3,2
60,307,3,2
60,308,3,2
60,309,3,2
60,310,3,2
60,311,3,2
60,312,3,2
60,313,3,2
60,314,3,2
60,315,3,2
60,316,3,2
60,317,3,3
60,318,3,3
60,319,3,3
60,320,3,3
60,321,3,3
60,322,3,3
60,323,3,3
60,324,3,3
60,325,3,3
60,326,3,3
60,327,3,3
60,328,3,3
60,329,3,3
60,330,3,3
60,331,3,3
60,332,3,3
60,333,3,3
60,334,3,3
60,335,3,3
60,336,3,3
60,337,3,3
60,338,3,3
60,339,3,3
60,340,3,3
60,341,3,3
60,342,3,3
60,343,3,3
60,344,3,3
60,345,3,3
60,346,3,3
60,347,3,3
60,348,3,3
60,349,3,3
60,350,3,3
60,351,3,3
60,352,3,3
60,353,3,3
60,354,3,3
60,355,3,3
60,356,3,3
60,357,3,3
60,358,3,3
60,359,3,3
60,360,3,3
60,361,3,3
60,362,3,3
60,363,3,2
60,364,3,2
60,365,3,2
60,366,3,2
60,367,3,2
60,368,3,2
60,369,3,2
60,370,3,2
60,371,3,2
60,372,3,2
60,373,3,2
60,374,3,2
60,375,3,2
60,376,3,2
60,377,3,2
60,378,3,2
60,379,3,2
60,380,3,2
60,381,3,2
60,382,3,3
61,203,3,2
61,204,3,2
61,205,3,2
61,206,3,2
61,207,3,2
61,208,3,2
61,209,3,2
61,210,3,2
61,211,3,2
61,212,3,2
61,213,3,2
61,214,3,2
61,215,3,2
61,216,3,2
61,217,3,2
61,218,3,2
61,219,3,2
61,220,3,2
61,221,3,2
61,222,3,2
61,223,3,2
61,224,3,2
61,225,3,2
61,226,3,2
61,227,3,2
61,228,3,2
61,229,3,2
61,230,3,2
61,231,3,2
61,232,3,2
61,233,3,2
61,234,3,2
61,235,3,2
61,236,3,2
61,237,3,2
61,238,3,2
61,239,3,2
61,240,3,2
61,241,3,2
61,242,3,2
61,243,3,2
61,244,3,2
61,245,3,2
61,246,3,2
61,247,3,2
61,248,3,2
61,249,3,2
61,250,3,2
61,251,3,2
61,252,3,2
61,253,3,2
61,254,3,2
61,255,3,2
61,256,3,2
61,257,3,2
61,258,3,2
61,259,3,2
61,260,3,2
61,261,3,2
61,262,3,2
61,263,3,2
61,264,3,2
61,265,3,2
61,266,3,3
61,267,3,3
61,268,3,3
61,269,3,3
61,270,3,3
61,271,3,3
61,272,3,3
61,273,3,3
61,274,3,3
61,275,3,3
61,276,3,3
61,277,3,3
61,278,3,3
61,279,3,3
61,280,3,3
61,281,3,3
61,282,3,3
61,283,3,3
61,284,3,3
61,285,3,3
61,286,3,3
61,287,3,3
61,288,3,3
61,289,3,3
61,290,3,3
61,291,3,3
61,292,3,3
61,293,3,2
61,294,3,2
61,295,3,2
61,296,3,2
61,297,3,2
61,298,3,2
61,299,3,2
61,300,3,2
61,301,3,2
61,302,3,2
61,303,3,2
61,304,3,2
61,305,3,2
61,306,3,2
61,307,3,2
61,308,3,2
61,309,3,2
61,310,3,2
61,311,3,2
61,312,3,2
61,313,3,2
61,314,3,2
61,315,3,2
61,316,3,2
61,317,3,3
61,318,3,3
61,319,3,3
61,320,3,3
61,321,3,3
61,322,3,3
61,323,3,3
61,324,3,3
61,325,3,3
61,326,3,3
61,327,3,3
61,328,3,3
61,329,3,3
61,330,3,3
61,331,3,3
61,332,3,3
61,333,3,3
61,334,3,3
61,335,3,3
61,336,3,3
61,337,3,3
61,338,3,3
61,339,3,3
61,340,3,3
61,341,3,3
61,342,3,3
61,343,3,3
61,344,3,3
61,345,3,3
61,346,3,3
61,347,3,3
61,348,3,3
61,349,3,3
61,350,3,3
61,351,3,3
61,352,3,3
61,353,3,3
61,354,3,3
61,355,3,3
61,356,3,3
61,357,3,3
61,358,3,3
61,359,3,3
61,360,3,3
61,361,3,3
61,362,3,3
61,363,3,2
61,364,3,2
61,365,3,2
61,366,3,2
61,367,3,2
61,368,3,2
61,369,3,2
61,370,3,2
61,371,3,2
61,372,3,2
61,373,3,2
61,374,3,2
61,375,3,2
61,376,3,2
61,377,3,2
61,378,3,2
61,379,3,2
61,380,3,2
61,381,3,2
61,382,3,2
61,383,3,3
62,201,3,2
62,202,3,2
62,203,3,2
62,204,3,2
62,205,3,2
62,206,3,2
62,207,3,2
62,208,3,2
62,209,3,2
62,210,3,2
62,211,3,2
62,212,3,2
62,213,3,2
62,214,3,2
62,215,3,2
62,216,3,2
62,217,3,2
62,218,3,2
62,219,3,2
62,220,3,2
62,221,3,2
62,222,3,2
62,223,3,2
62,224,3,2
62,225,3,2
62,226,3,2
62,227,3,2
62,228,3,2
62,229,3,2
62,230,3,2
62,231,3,2
62,232,3,2
62,233,3,2
62,234,3,2
62,235,3,2
62,236,3,2
62,237,3,2
62,238,3,2
62,239,3,2
62,240,3,2
62,241,3,2
62,242,3,2
62,243,3,2
62,244,3,2
62,245,3,2
62,246,3,2
62,247,3,2
62,248,3,2
62,249,3,2
62,250,3,2
62,251,3,2
62,252,3,2
62,253,3,2
62,254,3,2
62,255,3,2
62,256,3,2
62,257,3,2
62,258,3,2
62,259,3,2
62,260,3,2
62,261,3,2
62,262,3,2
62,263,3,2
62,264,3,2
62,265,3,3
62,266,3,3
62,267,3,3
62,268,3,3
62,269,3,3
62,270,3,3
62,271,3,3
62,272,3,3
62,273,3,3
62,274,3,3
62,275,3,3
62,276,3,3
62,277,3,3
62,278,3,3
62,279,3,3
62,280,3,3
62,281,3,3
62,282,3,3
62,283,3,3
62,284,3,3
62,285,3,3
62,286,3,3
62,287,3,3
62,288,3,3
62,289,3,3
62,290,3,3
62,291,3,3
62,292,3,3
62,293,3,2
62,294,3,2
62,295,3,2
62,296,3,2
62,297,3,2
62,298,3,2
62,299,3,2
62,300,3,2
62,301,3,2
62,302,3,2
62,303,3,2
62,304,3,2
62,305,3,2
62,306,3,2
62,307,3,2
62,308,3,2
62,309,3,2
62,310,3,2
62,311,3,2
62,312,3,2
62,313,3,2
62,314,3,2
62,315,3,2
62,316,3,2
62,317,3,3
62,318,3,3
62,319,3,3
62,320,3,3
62,321,3,3
62,322,3,3
62,323,3,3
62,324,3,3
62,325,3,3
62,326,3,3
62,327,3,3
62,328,3,3
62,329,3,3
62,330,3,3
62,331,3,3
62,332,3,3
62,333,3,3
62,334,3,3
62,335,3,3
62,336,3,3
62,337,3,3
62,338,3,3
62,339,3,3
62,340,3,3
62,341,3,3
62,342,3,3
62,343,3,3
62,344,3,3
62,345,3,3
62,346,3,3
62,347,3,3
62,348,3,3
62,349,3,3
62,350,3,3
62,351,3,3
62,352,3,3
62,353,3,3
62,354,3,3
62,355,3,3
62,356,3,3
62,357,3,3
62,358,3,3
62,359,3,3
62,360,3,3
62,361,3,3
62,362,3,3
62,363,3,2
62,364,3,2
62,365,3,2
62,366,3,2
62,367,3,2
62,368,3,2
62,369,3,2
62,370,3,2
62,371,3,2
62,372,3,2
62,373,3,2
62,374,3,2
62,375,3,2
62,376,3,2
62,377,3,2
62,378,3,2
62,379,3,2
62,380,3,2
62,381,3,2
62,382,3,2
62,383,3,2
62,384,3,2
63,200,3,2
63,201,3,2
63,202,3,2
63,203,3,2
63,204,3,2
63,205,3,2
63,206,3,2
63,207,3,2
63,208,3,2
63,209,3,2
63,210,3,2
63,211,3,2
63,212,3,2
63,213,3,2
63,214,3,2
63,215,3,2
63,216,3,2
63,217,3,2
63,218,3,2
63,219,3,2
63,220,3,2
63,221,3,2
63,222,3,2
63,223,3,2
63,224,3,2
63,225,3,2
63,226,3,2
63,227,3,2
63,228,3,2
63,229,3,2
63,230,3,2
63,231,3,2
63,232,3,2
63,233,3,2
63,234,3,2
63,235,3,2
63,236,3,2
63,237,3,2
63,238,3,2
63,239,3,2
63,240,3,2
63,241,3,2
63,242,3,2
63,243,3,2
63,244,3,2
63,245,3,2
63,246,3,2
63,247,3,2
63,248,3,2
63,249,3,2
63,250,3,2
63,251,3,2
63,252,3,2
63,253,3,2
63,254,3,2
63,255,3,2
63,256,3,2
63,257,3,2
63,258,3,2
63,259,3,2
63,260,3,2
63,261,3,2
63,262,3,2
63,263,3,2
63,264,3,3
63,265,3,3
63,266,3,3
63,267,3,3
63,268,3,3
63,269,3,3
63,270,3,3
63,271,3,3
63,272,3,3
63,273,3,3
63,274,3,3
63,275,3,3
63,276,3,3
63,277,3,3
63,278,3,3
63,279,3,3
63,280,3,3
63,281,3,3
63,282,3,3
63,283,3,3
63,284,3,3
63,285,3,3
63,286,3,3
63,287,3,3
63,288,3,3
63,289,3,3
63,290,3,3
63,291,3,3
63,292,3,3
63,293,3,2
63,294,3,2
63,295,3,2
63,296,3,2
63,297,3,2
63,298,3,2
63,299,3,2
63,300,3,2
63,301,3,2
63,302,3,2
63,303,3,2
63,304,3,2
63,305,3,2
63,306,3,2
63,307,3,2
63,308,3,2
63,309,3,2
63,310,3,2
63,311,3,2
63,312,3,2
63,313,3,2
63,314,3,2
63,315,3,2
63,316,3,2
63,317,3,3
63,318,3,3
63,319,3,3
63,320,3,3
63,321,3,3
63,322,3,3
63,323,3,3
63,324,3,3
63,325,3,3
63,326,3,3
63,327,3,3
63,328,3,3
63,329,3,3
63,330,3,3
63,331,3,3
63,332,3,3
63,333,3,3
63,334,3,3
63,335,3,3
63,336,3,3
63,337,3,3
63,338,3,3
63,339,3,3
63,340,3,3
63,341,3,3
63,342,3,3
63,343,3,3
63,344,3,3
63,345,3,3
63,346,3,3
63,347,3,3
63,348,3,3
63,349,3,3
63,350,3,3
63,351,3,3
63,352,3,3
63,353,3,3
63,354,3,3
63,355,3,3
63,356,3,3
63,357,3,3
63,358,3,3
63,359,3,3
63,360,3,3
63,361,3,3
63,362,3,3
63,363,3,2
63,364,3,2
63,365,3,2
63,366,3,2
63,367,3,2
63,368,3,2
63,369,3,2
63,370,3,2
63,371,3,2
63,372,3,2
63,373,3,2
63,374,3,2
63,375,3,2
63,376,3,2
63,377,3,2
63,378,3,2
63,379,3,2
63,380,3,2
63,381,3,2
63,382,3,2
63,383,3,2
63,384,3,2
63,385,3,2
64,199,3,2
64,200,3,2
64,201,3,2
64,202,3,2
64,203,3,2
64,204,3,2
64,205,3,2
64,206,3,2
64,207,3,2
64,208,3,2
64,209,3,2
64,210,3,2
64,211,3,2
64,212,3,2
64,213,3,2
64,214,3,2
64,215,3,2
64,216,3,2
64,217,3,2
64,218,3,2
64,219,3,2
64,220,3,2
64,221,3,2
64,222,3,2
64,223,3,2
64,224,3,2
64,225,3,2
64,226,3,2
64,227,3,2
64,228,3,2
64,229,3,2
64,230,3,2
64,231,3,2
64,232,3,2
64,233,3,2
64,234,3,2
64,235,3,2
64,236,3,2
64,237,3,2
64,238,3,2
64,239,3,2
64,240,3,2
64,241,3,2
64,242,3,2
64,243,3,2
64,244,3,2
64,245,3,2
64,246,3,2
64,247,3,2
64,248,3,2
64,249,3,2
64,250,3,2
64,251,3,2
64,252,3,2
64,253,3,2
64,254,3,2
64,255,3,2
64,256,3,2
64,257,3,2
64,258,3,2
64,259,3,2
64,260,3,2
64,261,3,2
64,262,3,2
64,263,3,2
64,264,3,2
64,265,3,3
64,266,3,3
64,267,3,3
64,268,3,3
64,269,3,3
64,270,3,3
64,271,3,3
64,272,3,3
64,273,3,3
64,274,3,3
64,275,3,3
64,276,3,3
64,277,3,3
64,278,3,3
64,279,3,3
64,280,3,3
64,281,3,3
64,282,3,3
64,283,3,3
64,284,3,3
64,285,3,3
64,286,3,3
64,287,3,3
64,288,3,3
64,289,3,3
64,290,3,3
64,291,3,3
64,292,3,3
64,293,3,2
64,294,3,2
64,295,3,2
64,296,3,2
64,297,3,2
64,298,3,2
64,299,3,2
64,300,3,2
64,301,3,2
64,302,3,2
64,303,3,2
64,304,3,2
64,305,3,2
64,306,3,2
64,307,3,2
64,308,3,2
64,309,3,2
64,310,3,2
64,311,3,2
64,312,3,2
64,313,3,2
64,314,3,2
64,315,3,2
64,316,3,2
64,317,3,3
64,318,3,3
64,319,3,3
64,320,3,3
64,321,3,3
64,322,3,3
64,323,3,3
64,324,3,3
64,325,3,3
64,326,3,3
64,327,3,3
64,328,3,3
64,329,3,3
64,330,3,3
64,331,3,3
64,332,3,3
64,333,3,3
64,334,3,3
64,335,3,3
64,336,3,3
64,337,3,3
64,338,3,3
64,339,3,3
64,340,3,3
64,341,3,3
64,342,3,3
64,343,3,3
64,344,3,3
64,345,3,3
64,346,3,3
64,347,3,3
64,348,3,3
64,349,3,3
64,350,3,3
64,351,3,3
64,352,3,3
64,353,3,3
64,354,3,3
64,355,3,3
64,356,3,3
64,357,3,3
64,358,3,3
64,359,3,3
64,360,3,3
64,361,3,3
64,362,3,3
64,363,3,2
64,364,3,2
64,365,3,2
64,366,3,2
64,367,3,2
64,368,3,2
64,369,3,2
64,370,3,2
64,371,3,2
64,372,3,2
64,373,3,2
64,374,3,2
64,375,3,2
64,376,3,2
64,377,3,2
64,378,3,2
64,379,3,2
64,380,3,2
64,381,3,2
64,382,3,2
64,383,3,2
64,384,3,2
64,385,3,2
64,386,3,2
64,387,3,2
64,388,3,2
65,197,3,2
65,198,3,2
65,199,3,2
65,200,3,2
65,201,3,2
65,202,3,2
65,203,3,2
65,204,3,2
65,205,3,2
65,206,3,2
65,207,3,2
65,208,3,2
65,209,3,2
65,210,3,2
65,211,3,2
65,212,3,2
65,213,3,2
65,214,3,2
65,215,3,2
65,216,3,2
65,217,3,2
65,218,3,2
65,219,3,2
65,220,3,2
65,221,3,2
65,222,3,2
65,223,3,2
65,224,3,2
65,225,3,2
65,226,3,2
65,227,3,2
65,228,3,2
65,229,3,2
65,230,3,2
65,231,3,2
65,232,3,2
65,233,3,2
65,234,3,2
65,235,3,2
65,236,3,2
65,237,3,2
65,238,3,2
65,239,3,2
65,240,3,2
65,241,3,2
65,242,3,2
65,243,3,2
65,244,3,2
65,245,3,2
65,246,3,2
65,247,3,2
65,248,3,2
65,249,3,2
65,250,3,2
65,251,3,2
65,252,3,2
65,253,3,2
65,254,3,2
65,255,3,2
65,256,3,2
65,257,3,2
65,258,3,2
65,259,3,2
65,260,3,2
65,261,3,2
65,262,3,2
65,263,3,2
65,264,3,2
65,265,3,3
65,266,3,3
65,267,3,3
65,268,3,3
65,269,3,3
65,270,3,3
65,271,3,3
65,272,3,3
65,273,3,3
65,274,3,3
65,275,3,3
65,276,3,3
65,277,3,3
65,278,3,3
65,279,3,3
65,280,3,3
65,281,3,3
65,282,3,3
65,283,3,3
65,284,3,3
65,285,3,3
65,286,3,3
65,287,3,3
65,288,3,3
65,289,3,3
65,290,3,3
65,291,3,2
65,292,3,2
65,293,3,2
65,294,3,2
65,295,3,2
65,296,3,2
65,297,3,2
65,298,3,2
65,299,3,2
65,300,3,2
65,301,3,2
65,302,3,2
65,303,3,2
65,304,3,2
65,305,3,2
65,306,3,2
65,307,3,2
65,308,3,2
65,309,3,2
65,310,3,2
65,311,3,2
65,312,3,2
65,313,3,2
65,314,3,2
65,315,3,2
65,316,3,2
65,317,3,3
65,318,3,3
65,319,3,3
65,320,3,3
65,321,3,3
65,322,3,3
65,323,3,3
65,324,3,3
65,325,3,3
65,326,3,3
65,327,3,3
65,328,3,3
65,329,3,3
65,330,3,3
65,331,3,3
65,332,3,3
65,333,3,3
65,334,3,3
65,335,3,3
65,336,3,3
65,337,3,3
65,338,3,3
65,339,3,3
65,340,3,3
65,341,3,3
65,342,3,3
65,343,3,3
65,344,3,3
65,345,3,3
65,346,3,3
65,347,3,3
65,348,3,3
65,349,3,3
65,350,3,3
65,351,3,3
65,352,3,3
65,353,3,3
65,354,3,3
65,355,3,3
65,356,3,3
65,357,3,3
65,358,3,3
65,359,3,3
65,360,3,3
65,361,3,3
65,362,3,3
65,363,3,2
65,364,3,2
65,365,3,2
65,366,3,2
65,367,3,2
65,368,3,2
65,369,3,2
65,370,3,2
65,371,3,2
65,372,3,2
65,373,3,2
65,374,3,2
65,375,3,2
65,376,3,2
65,377,3,2
65,378,3,2
65,379,3,2
65,380,3,2
65,381,3,2
65,382,3,2
65,383,3,2
65,384,3,2
65,385,3,2
65,386,3,2
65,387,3,2
65,388,3,2
65,389,3,2
66,197,3,2
66,198,3,2
66,199,3,2
66,200,3,2
66,201,3,2
66,202,3,2
66,203,3,2
66,204,3,2
66,205,3,2
66,206,3,2
66,207,3,2
66,208,3,2
66,209,3,2
66,210,3,2
66,211,3,2
66,212,3,2
66,213,3,2
66,214,3,2
66,215,3,2
66,216,3,2
66,217,3,2
66,218,3,2
66,219,3,2
66,220,3,2
66,221,3,2
66,222,3,2
66,223,3,2
66,224,3,2
66,225,3,2
66,226,3,2
66,227,3,2
66,228,3,2
66,229,3,2
66,230,3,2
66,231,3,2
66,232,3,2
66,233,3,2
66,234,3,2
66,235,3,2
66,236,3,2
66,237,3,2
66,238,3,2
66,239,3,2
66,240,3,2
66,241,3,2
66,242,3,2
66,243,3,2
66,244,3,2
66,245,3,2
66,246,3,2
66,247,3,2
66,248,3,2
66,249,3,2
66,250,3,2
66,251,3,2
66,252,3,2
66,253,3,2
66,254,3,2
66,255,3,2
66,256,3,2
66,257,3,2
66,258,3,2
66,259,3,2
66,260,3,2
66,261,3,2
66,262,3,2
66,263,3,2
66,264,3,2
66,265,3,3
66,266,3,3
66,267,3,3
66,268,3,3
66,269,3,3
66,270,3,3
66,271,3,3
66,272,3,3
66,273,3,3
66,274,3,3
66,275,3,3
66,276,3,3
66,277,3,3
66,278,3,3
66,279,3,3
66,280,3,3
66,281,3,3
66,282,3,3
66,283,3,3
66,284,3,3
66,285,3,3
66,286,3,3
66,287,3,3
66,288,3,3
66,289,3,3
66,290,3,3
66,291,3,2
66,292,3,2
66,293,3,2
66,294,3,2
66,295,3,2
66,296,3,2
66,297,3,2
66,298,3,2
66,299,3,2
66,300,3,2
66,301,3,2
66,302,3,2
66,303,3,2
66,304,3,2
66,305,3,2
66,306,3,2
66,307,3,2
66,308,3,2
66,309,3,2
66,310,3,2
66,311,3,2
66,312,3,2
66,313,3,2
66,314,3,2
66,315,3,2
66,316,3,2
66,317,3,3
66,318,3,3
66,319,3,3
66,320,3,3
66,321,3,3
66,322,3,3
66,323,3,3
66,324,3,3
66,325,3,3
66,326,3,3
66,327,3,3
66,328,3,3
66,329,3,3
66,330,3,3
66,331,3,3
66,332,3,3
66,333,3,3
66,334,3,3
66,335,3,3
66,336,3,3
66,337,3,3
66,338,3,3
66,339,3,3
66,340,3,3
66,341,3,3
66,342,3,3
66,343,3,3
66,344,3,3
66,345,3,3
66,346,3,3
66,347,3,3
66,348,3,3
66,349,3,3
66,350,3,3
66,351,3,3
66,352,3,3
66,353,3,3
66,354,3,3
66,355,3,3
66,356,3,3
66,357,3,3
66,358,3,3
66,359,3,3
66,360,3,3
66,361,3,3
66,362,3,3
66,363,3,2
66,364,3,2
66,365,3,2
66,366,3,2
66,367,3,2
66,368,3,2
66,369,3,2
66,370,3,2
66,371,3,2
66,372,3,2
66,373,3,2
66,374,3,2
66,375,3,2
66,376,3,2
66,377,3,2
66,378,3,2
66,379,3,2
66,380,3,2
66,381,3,2
66,382,3,2
66,383,3,2
66,384,3,2
66,385,3,2
66,386,3,2
66,387,3,2
66,388,3,2
66,389,3,2
66,390,3,2
67,195,3,2
67,196,3,2
67,197,3,2
67,198,3,2
67,199,3,2
67,200,3,2
67,201,3,2
67,202,3,2
67,203,3,2
67,204,3,2
67,205,3,2
67,206,3,2
67,207,3,2
67,208,3,2
67,209,3,2
67,210,3,2
67,211,3,2
67,212,3,2
67,213,3,2
67,214,3,2
67,215,3,2
67,216,3,2
67,217,3,2
67,218,3,2
67,219,3,2
67,220,3,2
67,221,3,2
67,222,3,2
67,223,3,2
67,224,3,2
67,225,3,2
67,226,3,2
67,227,3,2
67,228,3,2
67,229,3,2
67,230,3,2
67,231,3,2
67,232,3,2
67,233,3,2
67,234,3,2
67,235,3,2
67,236,3,2
67,237,3,2
67,238,3,2
67,239,3,2
67,240,3,2
67,241,3,2
67,242,3,2
67,243,3,2
67,244,3,2
67,245,3,2
67,246,3,2
67,247,3,2
67,248,3,2
67,249,3,2
67,250,3,2
67,251,3,2
67,252,3,2
67,253,3,2
67,254,3,2
67,255,3,2
67,256,3,2
67,257,3,2
67,258,3,2
67,259,3,2
67,260,3,2
67,261,3,2
67,262,3,2
67,263,3,2
67,264,3,3
67,265,3,3
67,266,3,3
67,267,3,3
67,268,3,3
67,269,3,3
67,270,3,3
67,271,3,3
67,272,3,3
67,273,3,3
67,274,3,3
67,275,3,3
67,276,3,3
67,277,3,3
67,278,3,3
67,279,3,3
67,280,3,3
67,281,3,3
67,282,3,3
67,283,3,3
67,284,3,3
67,285,3,3
67,286,3,3
67,287,3,3
67,288,3,3
67,289,3,3
67,290,3,3
67,291,3,2
67,292,3,2
67,293,3,2
67,294,3,2
67,295,3,2
67,296,3,2
67,297,3,2
67,298,3,2
67,299,3,2
67,300,3,2
67,301,3,2
67,302,3,2
67,303,3,2
67,304,3,2
67,305,3,2
67,306,3,2
67,307,3,2
67,308,3,2
67,309,3,2
67,310,3,2
67,311,3,2
67,312,3,2
67,313,3,2
67,314,3,2
67,315,3,2
67,316,3,2
67,317,3,3
67,318,3,3
67,319,3,3
67,320,3,3
67,321,3,3
67,322,3,3
67,323,3,3
67,324,3,3
67,325,3,3
67,326,3,3
67,327,3,3
67,328,3,3
67,329,3,3
67,330,3,3
67,331,3,3
67,332,3,3
67,333,3,3
67,334,3,3
67,335,3,3
67,336,3,3
67,337,3,3
67,338,3,3
67,339,3,3
67,340,3,3
67,341,3,3
67,342,3,3
67,343,3,3
67,344,3,3
67,345,3,3
67,346,3,3
67,347,3,3
67,348,3,3
67,349,3,3
67,350,3,3
67,351,3,3
67,352,3,3
67,353,3,3
67,354,3,3
67,355,3,3
67,356,3,3
67,357,3,3
67,358,3,3
67,359,3,3
67,360,3,3
67,361,3,3
67,362,3,3
67,363,3,2
67,364,3,2
67,365,3,2
67,366,3,2
67,367,3,2
67,368,3,2
67,369,3,2
67,370,3,2
67,371,3,2
67,372,3,2
67,373,3,2
67,374,3,2
67,375,3,2
67,376,3,2
67,377,3,2
67,378,3,2
67,379,3,2
67,380,3,2
67,381,3,2
67,382,3,2
67,383,3,2
67,384,3,2
67,385,3,2
67,386,3,2
67,387,3,2
67,388,3,2
67,389,3,2
67,390,3,2
68,193,3,2
68,194,3,2
68,195,3,2
68,196,3,2
68,197,3,2
68,198,3,2
68,199,3,2
68,200,3,2
68,201,3,2
68,202,3,2
68,203,3,2
68,204,3,2
68,205,3,2
68,206,3,2
68,207,3,2
68,208,3,2
68,209,3,2
68,210,3,2
68,211,3,2
68,212,3,2
68,213,3,2
68,214,3,2
68,215,3,2
68,216,3,2
68,217,3,2
68,218,3,2
68,219,3,2
68,220,3,2
68,221,3,2
68,222,3,2
68,223,3,2
68,224,3,2
68,225,3,2
68,226,3,2
68,227,3,2
68,228,3,2
68,229,3,2
68,230,3,2
68,231,3,2
68,232,3,2
68,233,3,2
68,234,3,2
68,235,3,2
68,236,3,2
68,237,3,2
68,238,3,2
68,239,3,2
68,240,3,2
68,241,3,2
68,242,3,2
68,243,3,2
68,244,3,2
68,245,3,2
68,246,3,2
68,247,3,2
68,248,3,2
68,249,3,2
68,250,3,2
68,251,3,2
68,252,3,2
68,253,3,2
68,254,3,2
68,255,3,2
68,256,3,2
68,257,3,2
68,258,3,2
68,259,3,2
68,260,3,2
68,261,3,2
68,262,3,2
68,263,3,2
68,264,3,3
68,265,3,3
68,266,3,3
68,267,3,3
68,268,3,3
68,269,3,3
68,270,3,3
68,271,3,3
68,272,3,3
68,273,3,3
68,274,3,3
68,275,3,3
68,276,3,3
68,277,3,3
68,278,3,3
68,279,3,3
68,280,3,3
68,281,3,3
68,282,3,3
68,283,3,3
68,284,3,3
68,285,3,3
68,286,3,3
68,287,3,3
68,288,3,3
68,289,3,3
68,290,3,3
68,291,3,2
68,292,3,2
68,293,3,2
68,294,3,2
68,295,3,2
68,296,3,2
68,297,3,2
68,298,3,2
68,299,3,2
68,300,3,2
68,301,3,2
68,302,3,2
68,303,3,2
68,304,3,2
68,305,3,2
68,306,3,2
68,307,3,2
68,308,3,2
68,309,3,2
68,310,3,2
68,311,3,2
68,312,3,2
68,313,3,2
68,314,3,2
68,315,3,2
68,316,3,3
68,317,3,3
68,318,3,3
68,319,3,3
68,320,3,3
68,321,3,3
68,322,3,3
68,323,3,3
68,324,3,3
68,325,3,3
68,326,3,3
68,327,3,3
68,328,3,3
68,329,3,3
68,330,3,3
68,331,3,3
68,332,3,3
68,333,3,3
68,334,3,3
68,335,3,3
68,336,3,3
68,337,3,3
68,338,3,3
68,339,3,3
68,340,3,3
68,341,3,3
68,342,3,3
68,343,3,3
68,344,3,3
68,345,3,3
68,346,3,3
68,347,3,3
68,348,3,3
68,349,3,3
68,350,3,3
68,351,3,3
68,352,3,3
68,353,3,3
68,354,3,3
68,355,3,3
68,356,3,3
68,357,3,3
68,358,3,3
68,359,3,3
68,360,3,3
68,361,3,3
68,362,3,3
68,363,3,2
68,364,3,2
68,365,3,2
68,366,3,2
68,367,3,2
68,368,3,2
68,369,3,2
68,370,3,2
68,371,3,2
68,372,3,2
68,373,3,2
68,374,3,2
68,375,3,2
68,376,3,2
68,377,3,2
68,378,3,2
68,379,3,2
68,380,3,2
68,381,3,2
68,382,3,2
68,383,3,2
68,384,3,2
68,385,3,2
68,386,3,2
68,387,3,2
68,388,3,2
68,389,3,2
68,390,3,2
68,391,3,2
68,392,3,2
69,193,3,2
69,194,3,2
69,195,3,2
69,196,3,2
69,197,3,2
69,198,3,2
69,199,3,2
69,200,3,2
69,201,3,2
69,202,3,2
69,203,3,2
69,204,3,2
69,205,3,2
69,206,3,2
69,207,3,2
69,208,3,2
69,209,3,2
69,210,3,2
69,211,3,2
69,212,3,2
69,213,3,2
69,214,3,2
69,215,3,2
69,216,3,2
69,217,3,2
69,218,3,2
69,219,3,2
69,220,3,2
69,221,3,2
69,222,3,2
69,223,3,2
69,224,3,2
69,225,3,2
69,226,3,2
69,227,3,2
69,228,3,2
69,229,3,2
69,230,3,2
69,231,3,2
69,232,3,2
69,233,3,2
69,234,3,2
69,235,3,2
69,236,3,2
69,237,3,2
69,238,3,2
69,239,3,2
69,240,3,2
69,241,3,2
69,242,3,2
69,243,3,2
69,244,3,2
69,245,3,2
69,246,3,2
69,247,3,2
69,248,3,2
69,249,3,2
69,250,3,2
69,251,3,2
69,252,3,2
69,253,3,2
69,254,3,2
69,255,3,2
69,256,3,2
69,257,3,2
69,258,3,2
69,259,3,2
69,260,3,2
69,261,3,2
69,262,3,2
69,263,3,3
69,264,3,3
69,265,3,3
69,266,3,3
69,267,3,3
69,268,3,3
69,269,3,3
69,270,3,3
69,271,3,3
69,272,3,3
69,273,3,3
69,274,3,3
69,275,3,3
69,276,3,3
69,277,3,3
69,278,3,3
69,279,3,3
69,280,3,3
69,281,3,3
69,282,3,3
69,283,3,3
69,284,3,3
69,285,3,3
69,286,3,3
69,287,3,3
69,288,3,3
69,289,3,3
69,290,3,3
69,291,3,2
69,292,3,2
69,293,3,2
69,294,3,2
69,295,3,2
69,296,3,2
69,297,3,2
69,298,3,2
69,299,3,2
69,300,3,2
69,301,3,2
69,302,3,2
69,303,3,2
69,304,3,2
69,305,3,2
69,306,3,2
69,307,3,2
69,308,3,2
69,309,3,2
69,310,3,2
69,311,3,2
69,312,3,2
69,313,3,2
69,314,3,2
69,315,3,3
69,316,3,3
69,317,3,3
69,318,3,3
69,319,3,3
69,320,3,3
69,321,3,3
69,322,3,3
69,323,3,3
69,324,3,3
69,325,3,3
69,326,3,3
69,327,3,3
69,328,3,3
69,329,3,3
69,330,3,3
69,331,3,3
69,332,3,3
69,333,3,3
69,334,3,3
69,335,3,3
69,336,3,3
69,337,3,3
69,338,3,3
69,339,3,3
69,340,3,3
69,341,3,3
69,342,3,3
69,343,3,3
69,344,3,3
69,345,3,3
69,346,3,3
69,347,3,3
69,348,3,3
69,349,3,3
69,350,3,3
69,351,3,3
69,352,3,3
69,353,3,3
69,354,3,3
69,355,3,3
69,356,3,3
69,357,3,3
69,358,3,3
69,359,3,3
69,360,3,3
69,361,3,3
69,362,3,3
69,363,3,2
69,364,3,2
69,365,3,2
69,366,3,2
69,367,3,2
69,368,3,2
69,369,3,2
69,370,3,2
69,371,3,2
69,372,3,2
69,373,3,2
69,374,3,2
69,375,3,2
69,376,3,2
69,377,3,2
69,378,3,2
69,379,3,2
69,380,3,2
69,381,3,2
69,382,3,2
69,383,3,2
69,384,3,2
69,385,3,2
69,386,3,2
69,387,3,2
69,388,3,2
69,389,3,2
69,390,3,2
69,391,3,2
69,392,3,2
69,393,3,3
70,191,3,2
70,192,3,2
70,193,3,2
70,194,3,2
70,195,3,2
70,196,3,2
70,197,3,2
70,198,3,2
70,199,3,2
70,200,3,2
70,201,3,2
70,202,3,2
70,203,3,2
70,204,3,2
70,205,3,2
70,206,3,2
70,207,3,2
70,208,3,2
70,209,3,2
70,210,3,2
70,211,3,2
70,212,3,2
70,213,3,2
70,214,3,2
70,215,3,2
70,216,3,2
70,217,3,2
70,218,3,2
70,219,3,2
70,220,3,2
70,221,3,2
70,222,3,2
70,223,3,2
70,224,3,2
70,225,3,2
70,226,3,2
70,227,3,2
70,228,3,2
70,229,3,2
70,230,3,2
70,231,3,2
70,232,3,2
70,233,3,2
70,234,3,2
70,235,3,2
70,236,3,2
70,237,3,2
70,238,3,2
70,239,3,2
70,240,3,2
70,241,3,2
70,242,3,2
70,243,3,2
70,244,3,2
70,245,3,2
70,246,3,2
70,247,3,2
70,248,3,2
70,249,3,2
70,250,3,2
70,251,3,2
70,252,3,2
70,253,3,2
70,254,3,2
70,255,3,2
70,256,3,2
70,257,3,2
70,258,3,2
70,259,3,2
70,260,3,2
70,261,3,2
70,262,3,2
70,263,3,3
70,264,3,3
70,265,3,3
70,266,3,3
70,267,3,3
70,268,3,3
70,269,3,3
70,270,3,3
70,271,3,3
70,272,3,3
70,273,3,3
70,274,3,3
70,275,3,3
70,276,3,3
70,277,3,3
70,278,3,3
70,279,3,3
70,280,3,3
70,281,3,3
70,282,3,3
70,283,3,3
70,284,3,3
70,285,3,3
70,286,3,3
70,287,3,3
70,288,3,3
70,289,3,3
70,290,3,3
70,291,3,2
70,292,3,2
70,293,3,2
70,294,3,2
70,295,3,2
70,296,3,2
70,297,3,2
70,298,3,2
70,299,3,2
70,300,3,2
70,301,3,2
70,302,3,2
70,303,3,2
70,304,3,2
70,305,3,2
70,306,3,2
70,307,3,2
70,308,3,2
70,309,3,2
70,310,3,2
70,311,3,2
70,312,3,2
70,313,3,2
70,314,3,3
70,315,3,3
70,316,3,3
70,317,3,3
70,318,3,3
70,319,3,3
70,320,3,3
70,321,3,3
70,322,3,3
70,323,3,3
70,324,3,3
70,325,3,3
70,326,3,3
70,327,3,3
70,328,3,3
70,329,3,3
70,330,3,3
70,331,3,3
70,332,3,3
70,333,3,3
70,334,3,3
70,335,3,3
70,336,3,3
70,337,3,3
70,338,3,3
70,339,3,3
70,340,3,3
70,341,3,3
70,342,3,3
70,343,3,3
70,344,3,3
70,345,3,3
70,346,3,3
70,347,3,3
70,348,3,3
70,349,3,3
70,350,3,3
70,351,3,3
70,352,3,3
70,353,3,3
70,354,3,3
70,355,3,3
70,356,3,3
70,357,3,3
70,358,3,3
70,359,3,3
70,360,3,3
70,361,3,3
70,362,3,3
70,363,3,2
70,364,3,2
70,365,3,2
70,366,3,2
70,367,3,2
70,368,3,2
70,369,3,2
70,370,3,2
70,371,3,2
70,372,3,2
70,373,3,2
70,374,3,2
70,375,3,2
70,376,3,2
70,377,3,2
70,378,3,2
70,379,3,2
70,380,3,2
70,381,3,2
70,382,3,2
70,383,3,2
70,384,3,2
70,385,3,2
70,386,3,2
70,387,3,2
70,388,3,2
70,389,3,2
70,390,3,2
70,391,3,2
70,392,3,2
70,393,3,2
70,394,3,2
70,395,3,2
71,189,3,2
71,190,3,2
71,191,3,2
71,192,3,2
71,193,3,2
71,194,3,2
71,195,3,2
71,196,3,2
71,197,3,2
71,198,3,2
71,199,3,2
71,200,3,2
71,201,3,2
71,202,3,2
71,203,3,2
71,204,3,2
71,205,3,2
71,206,3,2
71,207,3,2
71,208,3,2
71,209,3,2
71,210,3,2
71,211,3,2
71,212,3,2
71,213,3,2
71,214,3,2
71,215,3,2
71,216,3,2
71,217,3,2
71,218,3,2
71,219,3,2
71,220,3,2
71,221,3,2
71,222,3,2
71,223,3,2
71,224,3,2
71,225,3,2
71,226,3,2
71,227,3,2
71,228,3,2
71,229,3,2
71,230,3,2
71,231,3,2
71,232,3,2
71,233,3,2
71,234,3,2
71,235,3,2
71,236,3,2
71,237,3,2
71,238,3,2
71,239,3,2
71,240,3,2
71,241,3,2
71,242,3,2
71,243,3,2
71,244,3,2
71,245,3,2
71,246,3,2
71,247,3,2
71,248,3,2
71,249,3,2
71,250,3,2
71,251,3,2
71,252,3,2
71,253,3,2
71,254,3,2
71,255,3,2
71,256,3,2
71,257,3,2
71,258,3,2
71,259,3,2
71,260,3,2
71,261,3,2
71,262,3,2
71,263,3,3
71,264,3,3
71,265,3,3
71,266,3,3
71,267,3,3
71,268,3,3
71,269,3,3
71,270,3,3
71,271,3,3
71,272,3,3
71,273,3,3
71,274,3,3
71,275,3,3
71,276,3,3
71,277,3,3
71,278,3,3
71,279,3,3
71,280,3,3
71,281,3,3
71,282,3,3
71,283,3,3
71,284,3,3
71,285,3,3
71,286,3,3
71,287,3,3
71,288,3,3
71,289,3,3
71,290,3,3
71,291,3,2
71,292,3,2
71,293,3,2
71,294,3,2
71,295,3,2
71,296,3,2
71,297,3,2
71,298,3,2
71,299,3,2
71,300,3,2
71,301,3,2
71,302,3,2
71,303,3,2
71,304,3,2
71,305,3,2
71,306,3,2
71,307,3,2
71,308,3,2
71,309,3,2
71,310,3,2
71,311,3,2
71,312,3,2
71,313,3,3
71,314,3,3
71,315,3,3
71,316,3,3
71,317,3,3
71,318,3,3
71,319,3,3
71,320,3,3
71,321,3,3
71,322,3,3
71,323,3,3
71,324,3,3
71,325,3,3
71,326,3,3
71,327,3,3
71,328,3,3
71,329,3,3
71,330,3,3
71,331,3,3
71,332,3,3
71,333,3,3
71,334,3,3
71,335,3,3
71,336,3,3
71,337,3,3
71,338,3,3
71,339,3,3
71,340,3,3
71,341,3,3
71,342,3,3
71,343,3,3
71,344,3,3
71,345,3,3
71,346,3,3
71,347,3,3
71,348,3,3
71,349,3,3
71,350,3,3
71,351,3,3
71,352,3,3
71,353,3,3
71,354,3,3
71,355,3,3
71,356,3,3
71,357,3,3
71,358,3,3
71,359,3,3
71,360,3,3
71,361,3,3
71,362,3,3
71,363,3,2
71,364,3,2
71,365,3,2
71,366,3,2
71,367,3,2
71,368,3,2
71,369,3,2
71,370,3,2
71,371,3,2
71,372,3,2
71,373,3,2
71,374,3,2
71,375,3,2
71,376,3,2
71,377,3,2
71,378,3,2
71,379,3,2
71,380,3,2
71,381,3,2
71,382,3,2
71,383,3,2
71,384,3,2
71,385,3,2
71,386,3,2
71,387,3,2
71,388,3,2
71,389,3,2
71,390,3,2
71,391,3,2
71,392,3,2
71,393,3,2
71,394,3,2
71,395,3,2
71,396,3,2
71,397,3,2
72,187,3,2
72,188,3,2
72,189,3,2
72,190,3,2
72,191,3,2
72,192,3,2
72,193,3,2
72,194,3,2
72,195,3,2
72,196,3,2
72,197,3,2
72,198,3,2
72,199,3,2
72,200,3,2
72,201,3,2
72,202,3,2
72,203,3,2
72,204,3,2
72,205,3,2
72,206,3,2
72,207,3,2
72,208,3,2
72,209,3,2
72,210,3,2
72,211,3,2
72,212,3,2
72,213,3,2
72,214,3,2
72,215,3,2
72,216,3,2
72,217,3,2
72,218,3,2
72,219,3,2
72,220,3,2
72,221,3,2
72,222,3,2
72,223,3,2
72,224,3,2
72,225,3,2
72,226,3,2
72,227,3,2
72,228,3,2
72,229,3,2
72,230,3,2
72,231,3,2
72,232,3,2
72,233,3,2
72,234,3,2
72,235,3,2
72,236,3,2
72,237,3,2
72,238,3,2
72,239,3,2
72,240,3,2
72,241,3,2
72,242,3,2
72,243,3,2
72,244,3,2
72,245,3,2
72,246,3,2
72,247,3,2
72,248,3,2
72,249,3,2
72,250,3,2
72,251,3,2
72,252,3,2
72,253,3,2
72,254,3,2
72,255,3,2
72,256,3,2
72,257,3,2
72,258,3,2
72,259,3,2
72,260,3,2
72,261,3,2
72,262,3,3
72,263,3,3
72,264,3,3
72,265,3,3
72,266,3,3
72,267,3,3
72,268,3,3
72,269,3,3
72,270,3,3
72,271,3,3
72,272,3,3
72,273,3,3
72,274,3,3
72,275,3,3
72,276,3,3
72,277,3,3
72,278,3,3
72,279,3,3
72,280,3,3
72,281,3,3
72,282,3,3
72,283,3,3
72,284,3,3
72,285,3,3
72,286,3,3
72,287,3,3
72,288,3,3
72,289,3,3
72,290,3,2
72,291,3,2
72,292,3,2
72,293,3,2
72,294,3,2
72,295,3,2
72,296,3,2
72,297,3,2
72,298,3,2
72,299,3,2
72,300,3,2
72,301,3,2
72,302,3,2
72,303,3,2
72,304,3,2
72,305,3,2
72,306,3,2
72,307,3,2
72,308,3,2
72,309,3,2
72,310,3,2
72,311,3,2
72,312,3,2
72,313,3,3
72,314,3,3
72,315,3,3
72,316,3,3
72,317,3,3
72,318,3,3
72,319,3,3
72,320,3,3
72,321,3,3
72,322,3,3
72,323,3,3
72,324,3,3
72,325,3,3
72,326,3,3
72,327,3,3
72,328,3,3
72,329,3,3
72,330,3,3
72,331,3,3
72,332,3,3
72,333,3,3
72,334,3,3
72,335,3,3
72,336,3,3
72,337,3,3
72,338,3,3
72,339,3,3
72,340,3,3
72,341,3,3
72,342,3,3
72,343,3,3
72,344,3,3
72,345,3,3
72,346,3,3
72,347,3,3
72,348,3,3
72,349,3,3
72,350,3,3
72,351,3,3
72,352,3,3
72,353,3,3
72,354,3,3
72,355,3,3
72,356,3,3
72,357,3,3
72,358,3,3
72,359,3,3
72,360,3,3
72,361,3,3
72,362,3,3
72,363,3,2
72,364,3,2
72,365,3,2
72,366,3,2
72,367,3,2
72,368,3,2
72,369,3,2
72,370,3,2
72,371,3,2
72,372,3,2
72,373,3,2
72,374,3,2
72,375,3,2
72,376,3,2
72,377,3,2
72,378,3,2
72,379,3,2
72,380,3,2
72,381,3,2
72,382,3,2
72,383,3,2
72,384,3,2
72,385,3,2
72,386,3,2
72,387,3,2
72,388,3,2
72,389,3,2
72,390,3,2
72,391,3,2
72,392,3,2
72,393,3,2
72,394,3,2
72,395,3,2
72,396,3,2
72,397,3,2
72,398,3,2
72,399,3,2
73,186,3,2
73,187,3,2
73,188,3,2
73,189,3,2
73,190,3,2
73,191,3,2
73,192,3,2
73,193,3,2
73,194,3,2
73,195,3,2
73,196,3,2
73,197,3,2
73,198,3,2
73,199,3,2
73,200,3,2
73,201,3,2
73,202,3,2
73,203,3,2
73,204,3,2
73,205,3,2
73,206,3,2
73,207,3,2
73,208,3,2
73,209,3,2
73,210,3,2
73,211,3,2
73,212,3,2
73,213,3,2
73,214,3,2
73,215,3,2
73,216,3,2
73,217,3,2
73,218,3,2
73,219,3,2
73,220,3,2
73,221,3,2
73,222,3,2
73,223,3,2
73,224,3,2
73,225,3,2
73,226,3,2
73,227,3,2
73,228,3,2
73,229,3,2
73,230,3,2
73,231,3,2
73,232,3,2
73,233,3,2
73,234,3,2
73,235,3,2
73,236,3,2
73,237,3,2
73,238,3,2
73,239,3,2
73,240,3,2
73,241,3,2
73,242,3,2
73,243,3,2
73,244,3,2
73,245,3,2
73,246,3,2
73,247,3,2
73,248,3,2
73,249,3,2
73,250,3,2
73,251,3,2
73,252,3,2
73,253,3,2
73,254,3,2
73,255,3,2
73,256,3,2
73,257,3,2
73,258,3,2
73,259,3,2
73,260,3,2
73,261,3,2
73,262,3,3
73,263,3,3
73,264,3,3
73,265,3,3
73,266,3,3
73,267,3,3
73,268,3,3
73,269,3,3
73,270,3,3
73,271,3,3
73,272,3,3
73,273,3,3
73,274,3,3
73,275,3,3
73,276,3,3
73,277,3,3
73,278,3,3
73,279,3,3
73,280,3,3
73,281,3,3
73,282,3,3
73,283,3,3
73,284,3,3
73,285,3,3
73,286,3,3
73,287,3,3
73,288,3,3
73,289,3,3
73,290,3,3
73,291,3,2
73,292,3,2
73,293,3,2
73,294,3,2
73,295,3,2
73,296,3,2
73,297,3,2
73,298,3,2
73,299,3,2
73,300,3,2
73,301,3,2
73,302,3,2
73,303,3,2
73,304,3,2
73,305,3,2
73,306,3,2
73,307,3,2
73,308,3,2
73,309,3,2
73,310,3,2
73,311,3,3
73,312,3,3
73,313,3,3
73,314,3,3
73,315,3,3
73,316,3,3
73,317,3,3
73,318,3,3
73,319,3,3
73,320,3,3
73,321,3,3
73,322,3,3
73,323,3,3
73,324,3,3
73,325,3,3
73,326,3,3
73,327,3,3
73,328,3,3
73,329,3,3
73,330,3,3
73,331,3,3
73,332,3,3
73,333,3,3
73,334,3,3
73,335,3,3
73,336,3,3
73,337,3,3
73,338,3,3
73,339,3,3
73,340,3,3
73,341,3,3
73,342,3,3
73,343,3,3
73,344,3,3
73,345,3,3
73,346,3,3
73,347,3,3
73,348,3,3
73,349,3,3
73,350,3,3
73,351,3,3
73,352,3,3
73,353,3,3
73,354,3,3
73,355,3,3
73,356,3,3
73,357,3,3
73,358,3,3
73,359,3,3
73,360,3,3
73,361,3,3
73,362,3,2
73,363,3,2
73,364,3,2
73,365,3,2
73,366,3,2
73,367,3,2
73,368,3,2
73,369,3,2
73,370,3,2
73,371,3,2
73,372,3,2
73,373,3,2
73,374,3,2
73,375,3,2
73,376,3,2
73,377,3,2
73,378,3,2
73,379,3,2
73,380,3,2
73,381,3,2
73,382,3,2
73,383,3,2
73,384,3,2
73,385,3,2
73,386,3,2
73,387,3,2
73,388,3,2
73,389,3,2
73,390,3,2
73,391,3,2
73,392,3,2
73,393,3,2
73,394,3,2
73,395,3,2
73,396,3,2
73,397,3,2
73,398,3,2
73,399,3,2
73,400,3,2
73,401,3,2
74,184,3,2
74,185,3,2
74,186,3,2
74,187,3,2
74,188,3,2
74,189,3,2
74,190,3,2
74,191,3,2
74,192,3,2
74,193,3,2
74,194,3,2
74,195,3,2
74,196,3,2
74,197,3,2
74,198,3,2
74,199,3,2
74,200,3,2
74,201,3,2
74,202,3,2
74,203,3,2
74,204,3,2
74,205,3,2
74,206,3,2
74,207,3,2
74,208,3,2
74,209,3,2
74,210,3,2
74,211,3,2
74,212,3,2
74,213,3,2
74,214,3,2
74,215,3,2
74,216,3,2
74,217,3,2
74,218,3,2
74,219,3,2
74,220,3,2
74,221,3,2
74,222,3,2
74,223,3,2
74,224,3,2
74,225,3,2
74,226,3,2
74,227,3,2
74,228,3,2
74,229,3,2
74,230,3,2
74,231,3,2
74,232,3,2
74,233,3,2
74,234,3,2
74,235,3,2
74,236,3,2
74,237,3,2
74,238,3,2
74,239,3,2
74,240,3,2
74,241,3,2
74,242,3,2
74,243,3,2
74,244,3,2
74,245,3,2
74,246,3,2
74,247,3,2
74,248,3,2
74,249,3,2
74,250,3,2
74,251,3,2
74,252,3,2
74,253,3,2
74,254,3,2
74,255,3,2
74,256,3,2
74,257,3,2
74,258,3,2
74,259,3,2
74,260,3,3
74,261,3,3
74,262,3,3
74,263,3,3
74,264,3,3
74,265,3,3
74,266,3,3
74,267,3,3
74,268,3,3
74,269,3,3
74,270,3,3
74,271,3,3
74,272,3,3
74,273,3,3
74,274,3,3
74,275,3,3
74,276,3,3
74,277,3,3
74,278,3,3
74,279,3,3
74,280,3,3
74,281,3,3
74,282,3,3
74,283,3,3
74,284,3,3
74,285,3,3
74,286,3,3
74,287,3,3
74,288,3,3
74,289,3,3
74,290,3,3
74,291,3,2
74,292,3,2
74,293,3,2
74,294,3,2
74,295,3,2
74,296,3,2
74,297,3,2
74,298,3,2
74,299,3,2
74,300,3,2
74,301,3,2
74,302,3,2
74,303,3,2
74,304,3,2
74,305,3,2
74,306,3,2
74,307,3,2
74,308,3,2
74,309,3,2
74,310,3,3
74,311,3,3
74,312,3,3
74,313,3,3
74,314,3,3
74,315,3,3
74,316,3,3
74,317,3,3
74,318,3,3
74,319,3,3
74,320,3,3
74,321,3,3
74,322,3,3
74,323,3,3
74,324,3,3
74,325,3,3
74,326,3,3
74,327,3,3
74,328,3,3
74,329,3,3
74,330,3,3
74,331,3,3
74,332,3,3
74,333,3,3
74,334,3,3
74,335,3,3
74,336,3,3
74,337,3,3
74,338,3,3
74,339,3,3
74,340,3,3
74,341,3,3
74,342,3,3
74,343,3,3
74,344,3,3
74,345,3,3
74,346,3,3
74,347,3,3
74,348,3,3
74,349,3,3
74,350,3,3
74,351,3,3
74,352,3,3
74,353,3,3
74,354,3,3
74,355,3,3
74,356,3,3
74,357,3,3
74,358,3,3
74,359,3,3
74,360,3,3
74,361,3,3
74,362,3,2
74,363,3,2
74,364,3,2
74,365,3,2
74,366,3,2
74,367,3,2
74,368,3,2
74,369,3,2
74,370,3,2
74,371,3,2
74,372,3,2
74,373,3,2
74,374,3,2
74,375,3,2
74,376,3,2
74,377,3,2
74,378,3,2
74,379,3,2
74,380,3,2
74,381,3,2
74,382,3,2
74,383,3,2
74,384,3,2
74,385,3,2
74,386,3,2
74,387,3,2
74,388,3,2
74,389,3,2
74,390,3,2
74,391,3,2
74,392,3,2
74,393,3,2
74,394,3,2
74,395,3,2
74,396,3,2
74,397,3,2
74,398,3,2
74,399,3,2
74,400,3,2
74,401,3,2
74,402,3,2
75,183,3,2
75,184,3,2
75,185,3,2
75,186,3,2
75,187,3,2
75,188,3,2
75,189,3,2
75,190,3,2
75,191,3,2
75,192,3,2
75,193,3,2
75,194,3,2
75,195,3,2
75,196,3,2
75,197,3,2
75,198,3,2
75,199,3,2
75,200,3,2
75,201,3,2
75,202,3,2
75,203,3,2
75,204,3,2
75,205,3,2
75,206,3,2
75,207,3,2
75,208,3,2
75,209,3,2
75,210,3,2
75,211,3,2
75,212,3,2
75,213,3,2
75,214,3,2
75,215,3,2
75,216,3,2
75,217,3,2
75,218,3,2
75,219,3,2
75,220,3,2
75,221,3,2
75,222,3,2
75,223,3,2
75,224,3,2
75,225,3,2
75,226,3,2
75,227,3,2
75,228,3,2
75,229,3,2
75,230,3,2
75,231,3,2
75,232,3,2
75,233,3,2
75,234,3,2
75,235,3,2
75,236,3,2
75,237,3,2
75,238,3,2
75,239,3,2
75,240,3,2
75,241,3,2
75,242,3,2
75,243,3,2
75,244,3,2
75,245,3,2
75,246,3,2
75,247,3,2
75,248,3,2
75,249,3,2
75,250,3,2
75,251,3,2
75,252,3,2
75,253,3,2
75,254,3,2
75,255,3,2
75,256,3,2
75,257,3,2
75,258,3,2
75,259,3,2
75,260,3,3
75,261,3,3
75,262,3,3
75,263,3,3
75,264,3,3
75,265,3,3
75,266,3,3
75,267,3,3
75,268,3,3
75,269,3,3
75,270,3,3
75,271,3,3
75,272,3,3
75,273,3,3
75,274,3,3
75,275,3,3
75,276,3,3
75,277,3,3
75,278,3,3
75,279,3,3
75,280,3,3
75,281,3,3
75,282,3,3
75,283,3,3
75,284,3,3
75,285,3,3
75,286,3,3
75,287,3,3
75,288,3,3
75,289,3,3
75,290,3,3
75,291,3,3
75,292,3,3
75,293,3,2
75,294,3,2
75,295,3,2
75,296,3,2
75,297,3,2
75,298,3,2
75,299,3,2
75,300,3,2
75,301,3,2
75,302,3,2
75,303,3,2
75,304,3,2
75,305,3,2
75,306,3,2
75,307,3,2
75,308,3,3
75,309,3,3
75,310,3,3
75,311,3,3
75,312,3,3
75,313,3,3
75,314,3,3
75,315,3,3
75,316,3,3
75,317,3,3
75,318,3,3
75,319,3,3
75,320,3,3
75,321,3,3
75,322,3,3
75,323,3,3
75,324,3,3
75,325,3,3
75,326,3,3
75,327,3,3
75,328,3,3
75,329,3,3
75,330,3,3
75,331,3,3
75,332,3,3
75,333,3,3
75,334,3,3
75,335,3,3
75,336,3,3
75,337,3,3
75,338,3,3
75,339,3,3
75,340,3,3
75,341,3,3
75,342,3,3
75,343,3,3
75,344,3,3
75,345,3,3
75,346,3,3
75,347,3,3
75,348,3,3
75,349,3,3
75,350,3,3
75,351,3,3
75,352,3,3
75,353,3,3
75,354,3,3
75,355,3,3
75,356,3,3
75,357,3,3
75,358,3,3
75,359,3,3
75,360,3,3
75,361,3,3
75,362,3,2
75,363,3,2
75,364,3,2
75,365,3,2
75,366,3,2
75,367,3,2
75,368,3,2
75,369,3,2
75,370,3,2
75,371,3,2
75,372,3,2
75,373,3,2
75,374,3,2
75,375,3,2
75,376,3,2
75,377,3,2
75,378,3,2
75,379,3,2
75,380,3,2
75,381,3,2
75,382,3,2
75,383,3,2
75,384,3,2
75,385,3,2
75,386,3,2
75,387,3,2
75,388,3,2
75,389,3,2
75,390,3,2
75,391,3,2
75,392,3,2
75,393,3,2
75,394,3,2
75,395,3,2
75,396,3,2
75,397,3,2
75,398,3,2
75,399,3,2
75,400,3,2
75,401,3,2
75,402,3,2
75,403,3,2
75,404,3,2
76,181,3,2
76,182,3,2
76,183,3,2
76,184,3,2
76,185,3,2
76,186,3,2
76,187,3,2
76,188,3,2
76,189,3,2
76,190,3,2
76,191,3,2
76,192,3,2
76,193,3,2
76,194,3,2
76,195,3,2
76,196,3,2
76,197,3,2
76,198,3,2
76,199,3,2
76,200,3,2
76,201,3,2
76,202,3,2
76,203,3,2
76,204,3,2
76,205,3,2
76,206,3,2
76,207,3,2
76,208,3,2
76,209,3,2
76,210,3,2
76,211,3,2
76,212,3,2
76,213,3,2
76,214,3,2
76,215,3,2
76,216,3,2
76,217,3,2
76,218,3,2
76,219,3,2
76,220,3,2
76,221,3,2
76,222,3,2
76,223,3,2
76,224,3,2
76,225,3,2
76,226,3,2
76,227,3,2
76,228,3,2
76,229,3,2
76,230,3,2
76,231,3,2
76,232,3,2
76,233,3,2
76,234,3,2
76,235,3,2
76,236,3,2
76,237,3,2
76,238,3,2
76,239,3,2
76,240,3,2
76,241,3,2
76,242,3,2
76,243,3,2
76,244,3,2
76,245,3,2
76,246,3,2
76,247,3,2
76,248,3,2
76,249,3,2
76,250,3,2
76,251,3,2
76,252,3,2
76,253,3,2
76,254,3,2
76,255,3,2
76,256,3,2
76,257,3,2
76,258,3,3
76,259,3,3
76,260,3,3
76,261,3,3
76,262,3,3
76,263,3,3
76,264,3,3
76,265,3,3
76,266,3,3
76,267,3,3
76,268,3,3
76,269,3,3
76,270,3,3
76,271,3,3
76,272,3,3
76,273,3,3
76,274,3,3
76,275,3,3
76,276,3,3
76,277,3,3
76,278,3,3
76,279,3,3
76,280,3,3
76,281,3,3
76,282,3,3
76,283,3,3
76,284,3,3
76,285,3,3
76,286,3,3
76,287,3,3
76,288,3,3
76,289,3,3
76,290,3,3
76,291,3,3
76,292,3,3
76,293,3,2
76,294,3,2
76,295,3,2
76,296,3,2
76,297,3,2
76,298,3,2
76,299,3,2
76,300,3,2
76,301,3,2
76,302,3,2
76,303,3,2
76,304,3,2
76,305,3,2
76,306,3,2
76,307,3,3
76,308,3,3
76,309,3,3
76,310,3,3
76,311,3,3
76,312,3,3
76,313,3,3
76,314,3,3
76,315,3,3
76,316,3,3
76,317,3,3
76,318,3,3
76,319,3,3
76,320,3,3
76,321,3,3
76,322,3,3
76,323,3,3
76,324,3,3
76,325,3,3
76,326,3,3
76,327,3,3
76,328,3,3
76,329,3,3
76,330,3,3
76,331,3,3
76,332,3,3
76,333,3,3
76,334,3,3
76,335,3,3
76,336,3,3
76,337,3,3
76,338,3,3
76,339,3,3
76,340,3,3
76,341,3,3
76,342,3,3
76,343,3,3
76,344,3,3
76,345,3,3
76,346,3,3
76,347,3,3
76,348,3,3
76,349,3,3
76,350,3,3
76,351,3,3
76,352,3,3
76,353,3,3
76,354,3,3
76,355,3,3
76,356,3,3
76,357,3,3
76,358,3,3
76,359,3,3
76,360,3,3
76,361,3,3
76,362,3,2
76,363,3,2
76,364,3,2
76,365,3,2
76,366,3,2
76,367,3,2
76,368,3,2
76,369,3,2
76,370,3,2
76,371,3,2
76,372,3,2
76,373,3,2
76,374,3,2
76,375,3,2
76,376,3,2
76,377,3,2
76,378,3,2
76,379,3,2
76,380,3,2
76,381,3,2
76,382,3,2
76,383,3,2
76,384,3,2
76,385,3,2
76,386,3,2
76,387,3,2
76,388,3,2
76,389,3,2
76,390,3,2
76,391,3,2
76,392,3,2
76,393,3,2
76,394,3,2
76,395,3,2
76,396,3,2
76,397,3,2
76,398,3,2
76,399,3,2
76,400,3,2
76,401,3,2
76,402,3,2
76,403,3,2
76,404,3,2
76,405,3,2
76,406,3,2
77,179,3,2
77,180,3,2
77,181,3,2
77,182,3,2
77,183,3,2
77,184,3,2
77,185,3,2
77,186,3,2
77,187,3,2
77,188,3,2
77,189,3,2
77,190,3,2
77,191,3,2
77,192,3,2
77,193,3,2
77,194,3,2
77,195,3,2
77,196,3,2
77,197,3,2
77,198,3,2
77,199,3,2
77,200,3,2
77,201,3,2
77,202,3,2
77,203,3,2
77,204,3,2
77,205,3,2
77,206,3,2
77,207,3,2
77,208,3,2
77,209,3,2
77,210,3,2
77,211,3,2
77,212,3,2
77,213,3,2
77,214,3,2
77,215,3,2
77,216,3,2
77,217,3,2
77,218,3,2
77,219,3,2
77,220,3,2
77,221,3,2
77,222,3,2
77,223,3,2
77,224,3,2
77,225,3,2
77,226,3,2
77,227,3,2
77,228,3,2
77,229,3,2
77,230,3,3
77,231,3,3
77,232,3,3
77,233,3,3
77,234,3,3
77,235,3,3
77,236,3,2
77,237,3,2
77,238,3,2
77,239,3,2
77,240,3,2
77,241,3,2
77,242,3,2
77,243,3,2
77,244,3,2
77,245,3,2
77,246,3,2
77,247,3,2
77,248,3,2
77,249,3,2
77,250,3,2
77,251,3,2
77,252,3,2
77,253,3,2
77,254,3,2
77,255,3,2
77,256,3,2
77,257,3,3
77,258,3,3
77,259,3,3
77,260,3,3
77,261,3,3
77,262,3,3
77,263,3,3
77,264,3,3
77,265,3,3
77,266,3,3
77,267,3,3
77,268,3,3
77,269,3,3
77,270,3,3
77,271,3,3
77,272,3,3
77,273,3,3
77,274,3,3
77,275,3,3
77,276,3,3
77,277,3,3
77,278,3,3
77,279,3,3
77,280,3,3
77,281,3,3
77,282,3,3
77,283,3,3
77,284,3,3
77,285,3,3
77,286,3,3
77,287,3,3
77,288,3,3
77,289,3,3
77,290,3,3
77,291,3,3
77,292,3,3
77,293,3,3
77,294,3,3
77,295,3,2
77,296,3,3
77,297,3,3
77,298,3,3
77,299,3,3
77,300,3,3
77,301,3,3
77,302,3,3
77,303,3,3
77,304,3,3
77,305,3,3
77,306,3,3
77,307,3,3
77,308,3,3
77,309,3,3
77,310,3,3
77,311,3,3
77,312,3,3
77,313,3,3
77,314,3,3
77,315,3,3
77,316,3,3
77,317,3,3
77,318,3,3
77,319,3,3
77,320,3,3
77,321,3,3
77,322,3,3
77,323,3,3
77,324,3,3
77,325,3,3
77,326,3,3
77,327,3,3
77,328,3,3
77,329,3,3
77,330,3,3
77,331,3,3
77,332,3,3
77,333,3,3
77,334,3,3
77,335,3,3
77,336,3,3
77,337,3,3
77,338,3,3
77,339,3,3
77,340,3,3
77,341,3,3
77,342,3,3
77,343,3,3
77,344,3,3
77,345,3,3
77,346,3,3
77,347,3,3
77,348,3,3
77,349,3,3
77,350,3,3
77,351,3,3
77,352,3,3
77,353,3,3
77,354,3,3
77,355,3,3
77,356,3,3
77,357,3,3
77,358,3,3
77,359,3,3
77,360,3,3
77,361,3,3
77,362,3,2
77,363,3,2
77,364,3,2
77,365,3,2
77,366,3,2
77,367,3,2
77,368,3,2
77,369,3,2
77,370,3,2
77,371,3,2
77,372,3,2
77,373,3,2
77,374,3,2
77,375,3,2
77,376,3,2
77,377,3,2
77,378,3,2
77,379,3,2
77,380,3,2
77,381,3,2
77,382,3,2
77,383,3,2
77,384,3,2
77,385,3,2
77,386,3,2
77,387,3,2
77,388,3,2
77,389,3,2
77,390,3,2
77,391,3,2
77,392,3,2
77,393,3,2
77,394,3,2
77,395,3,2
77,396,3,2
77,397,3,2
77,398,3,2
77,399,3,2
77,400,3,2
77,401,3,2
77,402,3,2
77,403,3,2
77,404,3,2
77,405,3,2
77,406,3,2
77,407,3,2
78,177,3,2
78,178,3,2
78,179,3,2
78,180,3,2
78,181,3,2
78,182,3,2
78,183,3,2
78,184,3,2
78,185,3,2
78,186,3,2
78,187,3,2
78,188,3,2
78,189,3,2
78,190,3,2
78,191,3,2
78,192,3,2
78,193,3,2
78,194,3,2
78,195,3,2
78,196,3,2
78,197,3,2
78,198,3,2
78,199,3,2
78,200,3,2
78,201,3,2
78,202,3,2
78,203,3,2
78,204,3,2
78,205,3,2
78,206,3,2
78,207,3,2
78,208,3,2
78,209,3,2
78,210,3,2
78,211,3,2
78,212,3,2
78,213,3,2
78,214,3,2
78,215,3,2
78,216,3,2
78,217,3,2
78,218,3,2
78,219,3,2
78,220,3,2
78,221,3,2
78,222,3,2
78,223,3,2
78,224,3,2
78,225,3,2
78,226,3,2
78,227,3,2
78,228,3,2
78,229,3,3
78,230,3,3
78,231,3,3
78,232,3,3
78,233,3,3
78,234,3,3
78,235,3,3
78,236,3,3
78,237,3,3
78,238,3,3
78,239,3,3
78,240,3,2
78,241,3,2
78,242,3,2
78,243,3,2
78,244,3,2
78,245,3,2
78,246,3,2
78,247,3,2
78,248,3,2
78,249,3,2
78,250,3,2
78,251,3,2
78,252,3,2
78,253,3,2
78,254,3,2
78,255,3,2
78,256,3,2
78,257,3,3
78,258,3,3
78,259,3,3
78,260,3,3
78,261,3,3
78,262,3,3
78,263,3,3
78,264,3,3
78,265,3,3
78,266,3,3
78,267,3,3
78,268,3,3
78,269,3,3
78,270,3,3
78,271,3,3
78,272,3,3
78,273,3,3
78,274,3,3
78,275,3,3
78,276,3,3
78,277,3,3
78,278,3,3
78,279,3,3
78,280,3,3
78,281,3,3
78,282,3,3
78,283,3,3
78,284,3,3
78,285,3,3
78,286,3,3
78,287,3,3
78,288,3,3
78,289,3,3
78,290,3,3
78,291,3,3
78,292,3,3
78,293,3,3
78,294,3,3
78,295,3,3
78,296,3,3
78,297,3,3
78,298,3,3
78,299,3,3
78,300,3,3
78,301,3,3
78,302,3,3
78,303,3,3
78,304,3,3
78,305,3,3
78,306,3,3
78,307,3,3
78,308,3,3
78,309,3,3
78,310,3,3
78,311,3,3
78,312,3,3
78,313,3,3
78,314,3,3
78,315,3,3
78,316,3,3
78,317,3,3
78,318,3,3
78,319,3,3
78,320,3,3
78,321,3,3
78,322,3,3
78,323,3,3
78,324,3,3
78,325,3,3
78,326,3,3
78,327,3,3
78,328,3,3
78,329,3,3
78,330,3,3
78,331,3,3
78,332,3,3
78,333,3,3
78,334,3,3
78,335,3,3
78,336,3,3
78,337,3,3
78,338,3,3
78,339,3,3
78,340,3,3
78,341,3,3
78,342,3,3
78,343,3,3
78,344,3,3
78,345,3,3
78,346,3,3
78,347,3,3
78,348,3,3
78,349,3,3
78,350,3,3
78,351,3,3
78,352,3,3
78,353,3,3
78,354,3,3
78,355,3,3
78,356,3,3
78,357,3,3
78,358,3,3
78,359,3,3
78,360,3,3
78,361,3,2
78,362,3,2
78,363,3,2
78,364,3,2
78,365,3,2
78,366,3,2
78,367,3,2
78,368,3,2
78,369,3,2
78,370,3,2
78,371,3,2
78,372,3,2
78,373,3,2
78,374,3,2
78,375,3,2
78,376,3,2
78,377,3,2
78,378,3,2
78,379,3,2
78,380,3,2
78,381,3,2
78,382,3,2
78,383,3,2
78,384,3,2
78,385,3,2
78,386,3,2
78,387,3,2
78,388,3,2
78,389,3,2
78,390,3,2
78,391,3,2
78,392,3,2
78,393,3,2
78,394,3,2
78,395,3,2
78,396,3,2
78,397,3,2
78,398,3,2
78,399,3,2
78,400,3,2
78,401,3,2
78,402,3,2
78,403,3,2
78,404,3,2
78,405,3,2
78,406,3,2
78,407,3,2
78,408,3,2
79,175,3,2
79,176,3,2
79,177,3,2
79,178,3,2
79,179,3,2
79,180,3,2
79,181,3,2
79,182,3,2
79,183,3,2
79,184,3,2
79,185,3,2
79,186,3,2
79,187,3,2
79,188,3,2
79,189,3,2
79,190,3,2
79,191,3,2
79,192,3,2
79,193,3,2
79,194,3,2
79,195,3,2
79,196,3,2
79,197,3,2
79,198,3,2
79,199,3,2
79,200,3,2
79,201,3,2
79,202,3,2
79,203,3,2
79,204,3,2
79,205,3,2
79,206,3,2
79,207,3,2
79,208,3,2
79,209,3,2
79,210,3,2
79,211,3,2
79,212,3,2
79,213,3,2
79,214,3,2
79,215,3,2
79,216,3,2
79,217,3,2
79,218,3,2
79,219,3,2
79,220,3,2
79,221,3,2
79,222,3,2
79,223,3,2
79,224,3,2
79,225,3,2
79,226,3,2
79,227,3,2
79,228,3,3
79,229,3,3
79,230,3,3
79,231,3,3
79,232,3,3
79,233,3,3
79,234,3,3
79,235,3,3
79,236,3,3
79,237,3,3
79,238,3,3
79,239,3,3
79,240,3,3
79,241,3,3
79,242,3,3
79,243,3,2
79,244,3,2
79,245,3,2
79,246,3,2
79,247,3,2
79,248,3,2
79,249,3,2
79,250,3,2
79,251,3,2
79,252,3,2
79,253,3,2
79,254,3,3
79,255,3,3
79,256,3,3
79,257,3,3
79,258,3,3
79,259,3,3
79,260,3,3
79,261,3,3
79,262,3,3
79,263,3,3
79,264,3,3
79,265,3,3
79,266,3,3
79,267,3,3
79,268,3,3
79,269,3,3
79,270,3,3
79,271,3,3
79,272,3,3
79,273,3,3
79,274,3,3
79,275,3,3
79,276,3,3
79,277,3,3
79,278,3,3
79,279,3,3
79,280,3,3
79,281,3,3
79,282,3,3
79,283,3,3
79,284,3,3
79,285,3,3
79,286,3,3
79,287,3,3
79,288,3,3
79,289,3,3
79,290,3,3
79,291,3,3
79,292,3,3
79,293,3,3
79,294,3,3
79,295,3,3
79,296,3,3
79,297,3,3
79,298,3,3
79,299,3,3
79,300,3,3
79,301,3,3
79,302,3,3
79,303,3,3
79,304,3,3
79,305,3,3
79,306,3,3
79,307,3,3
79,308,3,3
79,309,3,3
79,310,3,3
79,311,3,3
79,312,3,3
79,313,3,3
79,314,3,3
79,315,3,3
79,316,3,3
79,317,3,3
79,318,3,3
79,319,3,3
79,320,3,3
79,321,3,3
79,322,3,3
79,323,3,3
79,324,3,3
79,325,3,3
79,326,3,3
79,327,3,3
79,328,3,3
79,329,3,3
79,330,3,3
79,331,3,3
79,332,3,3
79,333,3,3
79,334,3,3
79,335,3,3
79,336,3,3
79,337,3,3
79,338,3,3
79,339,3,3
79,340,3,3
79,341,3,3
79,342,3,3
79,343,3,3
79,344,3,3
79,345,3,3
79,346,3,3
79,347,3,3
79,348,3,3
79,349,3,3
79,350,3,3
79,351,3,3
79,352,3,3
79,353,3,3
79,354,3,3
79,355,3,3
79,356,3,3
79,357,3,3
79,358,3,3
79,359,3,3
79,360,3,3
79,361,3,3
79,362,3,2
79,363,3,2
79,364,3,2
79,365,3,2
79,366,3,2
79,367,3,2
79,368,3,2
79,369,3,2
79,370,3,2
79,371,3,2
79,372,3,2
79,373,3,2
79,374,3,2
79,375,3,2
79,376,3,2
79,377,3,2
79,378,3,2
79,379,3,2
79,380,3,2
79,381,3,2
79,382,3,2
79,383,3,2
79,384,3,2
79,385,3,2
79,386,3,2
79,387,3,2
79,388,3,2
79,389,3,2
79,390,3,2
79,391,3,2
79,392,3,2
79,393,3,2
79,394,3,2
79,395,3,2
79,396,3,2
79,397,3,2
79,398,3,2
79,399,3,2
79,400,3,2
79,401,3,2
79,402,3,2
79,403,3,2
79,404,3,2
79,405,3,2
79,406,3,2
79,407,3,2
79,408,3,2
79,409,3,2
80,170,3,2
80,171,3,2
80,172,3,2
80,173,3,2
80,174,3,2
80,175,3,2
80,176,3,2
80,177,3,2
80,178,3,2
80,179,3,2
80,180,3,2
80,181,3,2
80,182,3,2
80,183,3,2
80,184,3,2
80,185,3,2
80,186,3,2
80,187,3,2
80,188,3,2
80,189,3,2
80,190,3,2
80,191,3,2
80,192,3,2
80,193,3,2
80,194,3,2
80,195,3,2
80,196,3,2
80,197,3,2
80,198,3,2
80,199,3,2
80,200,3,2
80,201,3,2
80,202,3,2
80,203,3,2
80,204,3,2
80,205,3,2
80,206,3,2
80,207,3,2
80,208,3,2
80,209,3,2
80,210,3,2
80,211,3,2
80,212,3,2
80,213,3,2
80,214,3,2
80,215,3,2
80,216,3,2
80,217,3,2
80,218,3,2
80,219,3,2
80,220,3,2
80,221,3,2
80,222,3,2
80,223,3,2
80,224,3,2
80,225,3,2
80,226,3,2
80,227,3,3
80,228,3,3
80,229,3,3
80,230,3,3
80,231,3,3
80,232,3,3
80,233,3,3
80,234,3,3
80,235,3,3
80,236,3,3
80,237,3,3
80,238,3,3
80,239,3,3
80,240,3,3
80,241,3,3
80,242,3,3
80,243,3,3
80,244,3,2
80,245,3,2
80,246,3,2
80,247,3,2
80,248,3,2
80,249,3,2
80,250,3,2
80,251,3,2
80,252,3,2
80,253,3,2
80,254,3,3
80,255,3,3
80,256,3,3
80,257,3,3
80,258,3,3
80,259,3,3
80,260,3,3
80,261,3,3
80,262,3,3
80,263,3,3
80,264,3,3
80,265,3,3
80,266,3,3
80,267,3,3
80,268,3,3
80,269,3,3
80,270,3,3
80,271,3,3
80,272,3,3
80,273,3,3
80,274,3,3
80,275,3,3
80,276,3,3
80,277,3,3
80,278,3,3
80,279,3,3
80,280,3,3
80,281,3,3
80,282,3,3
80,283,3,3
80,284,3,3
80,285,3,3
80,286,3,3
80,287,3,3
80,288,3,3
80,289,3,3
80,290,3,3
80,291,3,3
80,292,3,3
80,293,3,3
80,294,3,3
80,295,3,3
80,296,3,3
80,297,3,3
80,298,3,3
80,299,3,3
80,300,3,3
80,301,3,3
80,302,3,3
80,303,3,3
80,304,3,3
80,305,3,3
80,306,3,3
80,307,3,3
80,308,3,3
80,309,3,3
80,310,3,3
80,311,3,3
80,312,3,3
80,313,3,3
80,314,3,3
80,315,3,3
80,316,3,3
80,317,3,3
80,318,3,3
80,319,3,3
80,320,3,3
80,321,3,3
80,322,3,3
80,323,3,3
80,324,3,3
80,325,3,3
80,326,3,3
80,327,3,3
80,328,3,3
80,329,3,3
80,330,3,3
80,331,3,3
80,332,3,3
80,333,3,3
80,334,3,3
80,335,3,3
80,336,3,3
80,337,3,3
80,338,3,3
80,339,3,3
80,340,3,3
80,341,3,3
80,342,3,3
80,343,3,3
80,344,3,3
80,345,3,3
80,346,3,3
80,347,3,3
80,348,3,3
80,349,3,3
80,350,3,3
80,351,3,3
80,352,3,3
80,353,3,3
80,354,3,3
80,355,3,3
80,356,3,3
80,357,3,3
80,358,3,3
80,359,3,3
80,360,3,3
80,361,3,3
80,362,3,2
80,363,3,2
80,364,3,2
80,365,3,2
80,366,3,2
80,367,3,2
80,368,3,2
80,369,3,2
80,370,3,2
80,371,3,2
80,372,3,2
80,373,3,2
80,374,3,2
80,375,3,2
80,376,3,2
80,377,3,2
80,378,3,2
80,379,3,2
80,380,3,2
80,381,3,2
80,382,3,2
80,383,3,2
80,384,3,2
80,385,3,2
80,386,3,2
80,387,3,2
80,388,3,2
80,389,3,2
80,390,3,2
80,391,3,2
80,392,3,2
80,393,3,2
80,394,3,2
80,395,3,2
80,396,3,2
80,397,3,2
80,398,3,2
80,399,3,2
80,400,3,2
80,401,3,2
80,402,3,2
80,403,3,2
80,404,3,2
80,405,3,2
80,406,3,2
80,407,3,2
80,408,3,2
80,409,3,2
80,410,3,2
80,411,3,3
81,168,3,2
81,169,3,2
81,170,3,2
81,171,3,2
81,172,3,2
81,173,3,2
81,174,3,2
81,175,3,2
81,176,3,2
81,177,3,2
81,178,3,2
81,179,3,2
81,180,3,2
81,181,3,2
81,182,3,2
81,183,3,2
81,184,3,2
81,185,3,2
81,186,3,2
81,187,3,2
81,188,3,2
81,189,3,2
81,190,3,2
81,191,3,2
81,192,3,2
81,193,3,2
81,194,3,2
81,195,3,2
81,196,3,2
81,197,3,2
81,198,3,2
81,199,3,2
81,200,3,2
81,201,3,2
81,202,3,2
81,203,3,2
81,204,3,2
81,205,3,2
81,206,3,2
81,207,3,2
81,208,3,2
81,209,3,2
81,210,3,2
81,211,3,2
81,212,3,2
81,213,3,2
81,214,3,2
81,215,3,2
81,216,3,2
81,217,3,2
81,218,3,2
81,219,3,2
81,220,3,2
81,221,3,2
81,222,3,2
81,223,3,2
81,224,3,2
81,225,3,2
81,226,3,2
81,227,3,3
81,228,3,3
81,229,3,3
81,230,3,3
81,231,3,3
81,232,3,3
81,233,3,3
81,234,3,3
81,235,3,3
81,236,3,3
81,237,3,3
81,238,3,3
81,239,3,3
81,240,3,3
81,241,3,3
81,242,3,3
81,243,3,3
81,244,3,3
81,245,3,3
81,246,3,2
81,247,3,2
81,248,3,2
81,249,3,2
81,250,3,2
81,251,3,2
81,252,3,2
81,253,3,3
81,254,3,3
81,255,3,3
81,256,3,3
81,257,3,3
81,258,3,3
81,259,3,3
81,260,3,3
81,261,3,3
81,262,3,3
81,263,3,3
81,264,3,3
81,265,3,3
81,266,3,3
81,267,3,3
81,268,3,3
81,269,3,3
81,270,3,3
81,271,3,3
81,272,3,3
81,273,3,3
81,274,3,3
81,275,3,3
81,276,3,3
81,277,3,3
81,278,3,3
81,279,3,3
81,280,3,3
81,281,3,3
81,282,3,3
81,283,3,3
81,284,3,3
81,285,3,3
81,286,3,3
81,287,3,3
81,288,3,3
81,289,3,3
81,290,3,3
81,291,3,3
81,292,3,3
81,293,3,3
81,294,3,3
81,295,3,3
81,296,3,3
81,297,3,3
81,298,3,3
81,299,3,3
81,300,3,3
81,301,3,3
81,302,3,3
81,303,3,3
81,304,3,3
81,305,3,3
81,306,3,3
81,307,3,3
81,308,3,3
81,309,3,3
81,310,3,3
81,311,3,3
81,312,3,3
81,313,3,3
81,314,3,3
81,315,3,3
81,316,3,3
81,317,3,3
81,318,3,3
81,319,3,3
81,320,3,3
81,321,3,3
81,322,3,3
81,323,3,3
81,324,3,3
81,325,3,3
81,326,3,3
81,327,3,3
81,328,3,3
81,329,3,3
81,330,3,3
81,331,3,3
81,332,3,3
81,333,3,3
81,334,3,3
81,335,3,3
81,336,3,3
81,337,3,3
81,338,3,3
81,339,3,3
81,340,3,3
81,341,3,3
81,342,3,3
81,343,3,3
81,344,3,3
81,345,3,3
81,346,3,3
81,347,3,3
81,348,3,3
81,349,3,3
81,350,3,3
81,351,3,3
81,352,3,3
81,353,3,3
81,354,3,3
81,355,3,3
81,356,3,3
81,357,3,3
81,358,3,3
81,359,3,3
81,360,3,3
81,361,3,3
81,362,3,2
81,363,3,2
81,364,3,2
81,365,3,2
81,366,3,2
81,367,3,2
81,368,3,2
81,369,3,2
81,370,3,2
81,371,3,2
81,372,3,2
81,373,3,2
81,374,3,2
81,375,3,2
81,376,3,2
81,377,3,2
81,378,3,2
81,379,3,2
81,380,3,2
81,381,3,2
81,382,3,2
81,383,3,2
81,384,3,2
81,385,3,2
81,386,3,2
81,387,3,2
81,388,3,2
81,389,3,2
81,390,3,2
81,391,3,2
81,392,3,2
81,393,3,2
81,394,3,2
81,395,3,2
81,396,3,2
81,397,3,2
81,398,3,2
81,399,3,2
81,400,3,2
81,401,3,2
81,402,3,2
81,403,3,2
81,404,3,2
81,405,3,2
81,406,3,2
81,407,3,2
81,408,3,2
81,409,3,2
81,410,3,2
81,411,3,2
81,412,3,3
82,166,3,2
82,167,3,2
82,168,3,2
82,169,3,2
82,170,3,2
82,171,3,2
82,172,3,2
82,173,3,2
82,174,3,2
82,175,3,2
82,176,3,2
82,177,3,2
82,178,3,2
82,179,3,2
82,180,3,2
82,181,3,2
82,182,3,2
82,183,3,2
82,184,3,2
82,185,3,2
82,186,3,2
82,187,3,2
82,188,3,2
82,189,3,2
82,190,3,2
82,191,3,2
82,192,3,2
82,193,3,2
82,194,3,2
82,195,3,2
82,196,3,2
82,197,3,2
82,198,3,2
82,199,3,2
82,200,3,2
82,201,3,2
82,202,3,2
82,203,3,2
82,204,3,2
82,205,3,2
82,206,3,2
82,207,3,2
82,208,3,2
82,209,3,2
82,210,3,2
82,211,3,2
82,212,3,2
82,213,3,2
82,214,3,2
82,215,3,2
82,216,3,2
82,217,3,2
82,218,3,2
82,219,3,2
82,220,3,2
82,221,3,2
82,222,3,2
82,223,3,2
82,224,3,2
82,225,3,3
82,226,3,3
82,227,3,3
82,228,3,3
82,229,3,3
82,230,3,3
82,231,3,3
82,232,3,3
82,233,3,3
82,234,3,3
82,235,3,3
82,236,3,3
82,237,3,3
82,238,3,3
82,239,3,3
82,240,3,3
82,241,3,3
82,242,3,3
82,243,3,3
82,244,3,3
82,245,3,3
82,246,3,3
82,247,3,3
82,248,3,2
82,249,3,2
82,250,3,2
82,251,3,2
82,252,3,2
82,253,3,3
82,254,3,3
82,255,3,3
82,256,3,3
82,257,3,3
82,258,3,3
82,259,3,3
82,260,3,3
82,261,3,3
82,262,3,3
82,263,3,3
82,264,3,3
82,265,3,3
82,266,3,3
82,267,3,3
82,268,3,3
82,269,3,3
82,270,3,3
82,271,3,3
82,272,3,3
82,273,3,3
82,274,3,3
82,275,3,3
82,276,3,3
82,277,3,3
82,278,3,3
82,279,3,3
82,280,3,3
82,281,3,3
82,282,3,3
82,283,3,3
82,284,3,3
82,285,3,3
82,286,3,3
82,287,3,3
82,288,3,3
82,289,3,3
82,290,3,3
82,291,3,3
82,292,3,3
82,293,3,3
82,294,3,3
82,295,3,3
82,296,3,3
82,297,3,3
82,298,3,3
82,299,3,3
82,300,3,3
82,301,3,3
82,302,3,3
82,303,3,3
82,304,3,3
82,305,3,3
82,306,3,3
82,307,3,3
82,308,3,3
82,309,3,3
82,310,3,3
82,311,3,3
82,312,3,3
82,313,3,3
82,314,3,3
82,315,3,3
82,316,3,3
82,317,3,3
82,318,3,3
82,319,3,3
82,320,3,3
82,321,3,3
82,322,3,3
82,323,3,3
82,324,3,3
82,325,3,3
82,326,3,3
82,327,3,3
82,328,3,3
82,329,3,3
82,330,3,3
82,331,3,3
82,332,3,3
82,333,3,3
82,334,3,3
82,335,3,3
82,336,3,3
82,337,3,3
82,338,3,3
82,339,3,3
82,340,3,3
82,341,3,3
82,342,3,3
82,343,3,3
82,344,3,3
82,345,3,3
82,346,3,3
82,347,3,3
82,348,3,3
82,349,3,3
82,350,3,3
82,351,3,3
82,352,3,3
82,353,3,3
82,354,3,3
82,355,3,3
82,356,3,3
82,357,3,3
82,358,3,3
82,359,3,3
82,360,3,3
82,361,3,3
82,362,3,3
82,363,3,2
82,364,3,2
82,365,3,2
82,366,3,2
82,367,3,2
82,368,3,2
82,369,3,2
82,370,3,2
82,371,3,2
82,372,3,2
82,373,3,2
82,374,3,2
82,375,3,2
82,376,3,2
82,377,3,2
82,378,3,2
82,379,3,2
82,380,3,2
82,381,3,2
82,382,3,2
82,383,3,2
82,384,3,2
82,385,3,2
82,386,3,2
82,387,3,2
82,388,3,2
82,389,3,2
82,390,3,2
82,391,3,2
82,392,3,2
82,393,3,2
82,394,3,2
82,395,3,2
82,396,3,2
82,397,3,2
82,398,3,2
82,399,3,2
82,400,3,2
82,401,3,2
82,402,3,2
82,403,3,2
82,404,3,2
82,405,3,2
82,406,3,2
82,407,3,2
82,408,3,2
82,409,3,2
82,410,3,2
82,411,3,2
82,412,3,2
82,413,3,3
82,414,3,3
83,165,3,2
83,166,3,2
83,167,3,2
83,168,3,2
83,169,3,2
83,170,3,2
83,171,3,2
83,172,3,2
83,173,3,2
83,174,3,2
83,175,3,2
83,176,3,2
83,177,3,2
83,178,3,2
83,179,3,2
83,180,3,2
83,181,3,2
83,182,3,2
83,183,3,2
83,184,3,2
83,185,3,2
83,186,3,2
83,187,3,2
83,188,3,2
83,189,3,2
83,190,3,2
83,191,3,2
83,192,3,2
83,193,3,2
83,194,3,2
83,195,3,2
83,196,3,2
83,197,3,2
83,198,3,2
83,199,3,2
83,200,3,2
83,201,3,2
83,202,3,2
83,203,3,2
83,204,3,2
83,205,3,2
83,206,3,2
83,207,3,2
83,208,3,2
83,209,3,2
83,210,3,2
83,211,3,2
83,212,3,2
83,213,3,2
83,214,3,2
83,215,3,2
83,216,3,2
83,217,3,2
83,218,3,2
83,219,3,2
83,220,3,2
83,221,3,2
83,222,3,2
83,223,3,3
83,224,3,3
83,225,3,3
83,226,3,3
83,227,3,3
83,228,3,3
83,229,3,3
83,230,3,3
83,231,3,3
83,232,3,3
83,233,3,3
83,234,3,3
83,235,3,3
83,236,3,3
83,237,3,3
83,238,3,3
83,239,3,3
83,240,3,3
83,241,3,3
83,242,3,3
83,243,3,3
83,244,3,3
83,245,3,3
83,246,3,3
83,247,3,3
83,248,3,3
83,249,3,3
83,250,3,3
83,251,3,3
83,252,3,3
83,253,3,3
83,254,3,3
83,255,3,3
83,256,3,3
83,257,3,3
83,258,3,3
83,259,3,3
83,260,3,3
83,261,3,3
83,262,3,3
83,263,3,3
83,264,3,3
83,265,3,3
83,266,3,3
83,267,3,3
83,268,3,3
83,269,3,3
83,270,3,3
83,271,3,3
83,272,3,3
83,273,3,3
83,274,3,3
83,275,3,3
83,276,3,3
83,277,3,3
83,278,3,3
83,279,3,3
83,280,3,3
83,281,3,3
83,282,3,3
83,283,3,3
83,284,3,3
83,285,3,3
83,286,3,3
83,287,3,3
83,288,3,3
83,289,3,3
83,290,3,3
83,291,3,3
83,292,3,3
83,293,3,3
83,294,3,3
83,295,3,3
83,296,3,3
83,297,3,3
83,298,3,3
83,299,3,3
83,300,3,3
83,301,3,3
83,302,3,3
83,303,3,3
83,304,3,3
83,305,3,3
83,306,3,3
83,307,3,3
83,308,3,3
83,309,3,3
83,310,3,3
83,311,3,3
83,312,3,3
83,313,3,3
83,314,3,3
83,315,3,3
83,316,3,3
83,317,3,3
83,318,3,3
83,319,3,3
83,320,3,3
83,321,3,3
83,322,3,3
83,323,3,3
83,324,3,3
83,325,3,3
83,326,3,3
83,327,3,3
83,328,3,3
83,329,3,3
83,330,3,3
83,331,3,3
83,332,3,3
83,333,3,3
83,334,3,3
83,335,3,3
83,336,3,3
83,337,3,3
83,338,3,3
83,339,3,3
83,340,3,3
83,341,3,3
83,342,3,3
83,343,3,3
83,344,3,3
83,345,3,3
83,346,3,3
83,347,3,3
83,348,3,3
83,349,3,3
83,350,3,3
83,351,3,3
83,352,3,3
83,353,3,3
83,354,3,3
83,355,3,3
83,356,3,3
83,357,3,3
83,358,3,3
83,359,3,3
83,360,3,3
83,361,3,3
83,362,3,3
83,363,3,2
83,364,3,2
83,365,3,2
83,366,3,2
83,367,3,2
83,368,3,2
83,369,3,2
83,370,3,2
83,371,3,2
83,372,3,2
83,373,3,2
83,374,3,2
83,375,3,2
83,376,3,2
83,377,3,2
83,378,3,2
83,379,3,2
83,380,3,2
83,381,3,2
83,382,3,2
83,383,3,2
83,384,3,2
83,385,3,2
83,386,3,2
83,387,3,2
83,388,3,2
83,389,3,2
83,390,3,2
83,391,3,2
83,392,3,2
83,393,3,2
83,394,3,2
83,395,3,2
83,396,3,2
83,397,3,2
83,398,3,2
83,399,3,2
83,400,3,2
83,401,3,2
83,402,3,2
83,403,3,2
83,404,3,2
83,405,3,2
83,406,3,2
83,407,3,2
83,408,3,2
83,409,3,2
83,410,3,2
83,411,3,2
83,412,3,2
83,413,3,2
83,414,3,2
83,415,3,3
83,416,3,3
84,163,3,2
84,164,3,2
84,165,3,2
84,166,3,2
84,167,3,2
84,168,3,2
84,169,3,2
84,170,3,2
84,171,3,2
84,172,3,2
84,173,3,2
84,174,3,2
84,175,3,2
84,176,3,2
84,177,3,2
84,178,3,2
84,179,3,2
84,180,3,2
84,181,3,2
84,182,3,2
84,183,3,2
84,184,3,2
84,185,3,2
84,186,3,2
84,187,3,2
84,188,3,2
84,189,3,2
84,190,3,2
84,191,3,2
84,192,3,2
84,193,3,2
84,194,3,2
84,195,3,2
84,196,3,2
84,197,3,2
84,198,3,2
84,199,3,2
84,200,3,2
84,201,3,2
84,202,3,2
84,203,3,2
84,204,3,2
84,205,3,2
84,206,3,2
84,207,3,2
84,208,3,2
84,209,3,2
84,210,3,2
84,211,3,2
84,212,3,2
84,213,3,2
84,214,3,2
84,215,3,2
84,216,3,2
84,217,3,2
84,218,3,2
84,219,3,2
84,220,3,2
84,221,3,2
84,222,3,3
84,223,3,3
84,224,3,3
84,225,3,3
84,226,3,3
84,227,3,3
84,228,3,3
84,229,3,3
84,230,3,3
84,231,3,3
84,232,3,3
84,233,3,3
84,234,3,3
84,235,3,3
84,236,3,3
84,237,3,3
84,238,3,3
84,239,3,3
84,240,3,3
84,241,3,3
84,242,3,3
84,243,3,3
84,244,3,3
84,245,3,3
84,246,3,3
84,247,3,3
84,248,3,3
84,249,3,3
84,250,3,3
84,251,3,3
84,252,3,3
84,253,3,3
84,254,3,3
84,255,3,3
84,256,3,3
84,257,3,3
84,258,3,3
84,259,3,3
84,260,3,3
84,261,3,3
84,262,3,3
84,263,3,3
84,264,3,3
84,265,3,3
84,266,3,3
84,267,3,3
84,268,3,3
84,269,3,3
84,270,3,3
84,271,3,3
84,272,3,3
84,273,3,3
84,274,3,3
84,275,3,3
84,276,3,3
84,277,3,3
84,278,3,3
84,279,3,3
84,280,3,3
84,281,3,3
84,282,3,3
84,283,3,3
84,284,3,3
84,285,3,3
84,286,3,3
84,287,3,3
84,288,3,3
84,289,3,3
84,290,3,3
84,291,3,3
84,292,3,3
84,293,3,3
84,294,3,3
84,295,3,3
84,296,3,3
84,297,3,3
84,298,3,3
84,299,3,3
84,300,3,3
84,301,3,3
84,302,3,3
84,303,3,3
84,304,3,3
84,305,3,3
84,306,3,3
84,307,3,3
84,308,3,3
84,309,3,3
84,310,3,3
84,311,3,3
84,312,3,3
84,313,3,3
84,314,3,3
84,315,3,3
84,316,3,3
84,317,3,3
84,318,3,3
84,319,3,3
84,320,3,3
84,321,3,3
84,322,3,3
84,323,3,3
84,324,3,3
84,325,3,3
84,326,3,3
84,327,3,3
84,328,3,3
84,329,3,3
84,330,3,3
84,331,3,3
84,332,3,3
84,333,3,3
84,334,3,3
84,335,3,3
84,336,3,3
84,337,3,3
84,338,3,3
84,339,3,3
84,340,3,3
84,341,3,3
84,342,3,3
84,343,3,3
84,344,3,3
84,345,3,3
84,346,3,3
84,347,3,3
84,348,3,3
84,349,3,3
84,350,3,3
84,351,3,3
84,352,3,3
84,353,3,3
84,354,3,3
84,355,3,3
84,356,3,3
84,357,3,3
84,358,3,3
84,359,3,3
84,360,3,3
84,361,3,3
84,362,3,3
84,363,3,2
84,364,3,2
84,365,3,2
84,366,3,2
84,367,3,2
84,368,3,2
84,369,3,2
84,370,3,2
84,371,3,2
84,372,3,2
84,373,3,2
84,374,3,2
84,375,3,2
84,376,3,2
84,377,3,2
84,378,3,2
84,379,3,2
84,380,3,2
84,381,3,2
84,382,3,2
84,383,3,2
84,384,3,2
84,385,3,2
84,386,3,2
84,387,3,2
84,388,3,2
84,389,3,2
84,390,3,2
84,391,3,2
84,392,3,2
84,393,3,2
84,394,3,2
84,395,3,2
84,396,3,2
84,397,3,2
84,398,3,2
84,399,3,2
84,400,3,2
84,401,3,2
84,402,3,2
84,403,3,2
84,404,3,2
84,405,3,2
84,406,3,2
84,407,3,2
84,408,3,2
84,409,3,2
84,410,3,2
84,411,3,2
84,412,3,2
84,413,3,2
84,414,3,2
84,415,3,2
84,416,3,2
84,417,3,2
84,418,3,2
84,419,3,2
85,160,3,2
85,161,3,2
85,162,3,2
85,163,3,2
85,164,3,2
85,165,3,2
85,166,3,2
85,167,3,2
85,168,3,2
85,169,3,2
85,170,3,2
85,171,3,2
85,172,3,2
85,173,3,2
85,174,3,2
85,175,3,2
85,176,3,2
85,177,3,2
85,178,3,2
85,179,3,2
85,180,3,2
85,181,3,2
85,182,3,2
85,183,3,2
85,184,3,2
85,185,3,2
85,186,3,2
85,187,3,2
85,188,3,2
85,189,3,2
85,190,3,2
85,191,3,2
85,192,3,2
85,193,3,2
85,194,3,2
85,195,3,2
85,196,3,2
85,197,3,2
85,198,3,2
85,199,3,2
85,200,3,2
85,201,3,2
85,202,3,2
85,203,3,2
85,204,3,2
85,205,3,2
85,206,3,2
85,207,3,2
85,208,3,2
85,209,3,2
85,210,3,2
85,211,3,2
85,212,3,2
85,213,3,2
85,214,3,2
85,215,3,2
85,216,3,2
85,217,3,2
85,218,3,2
85,219,3,2
85,220,3,2
85,221,3,3
85,222,3,3
85,223,3,3
85,224,3,3
85,225,3,3
85,226,3,3
85,227,3,3
85,228,3,3
85,229,3,3
85,230,3,3
85,231,3,3
85,232,3,3
85,233,3,3
85,234,3,3
85,235,3,3
85,236,3,3
85,237,3,3
85,238,3,3
85,239,3,3
85,240,3,3
85,241,3,3
85,242,3,3
85,243,3,3
85,244,3,3
85,245,3,3
85,246,3,3
85,247,3,3
85,248,3,3
85,249,3,3
85,250,3,3
85,251,3,3
85,252,3,3
85,253,3,3
85,254,3,3
85,255,3,3
85,256,3,3
85,257,3,3
85,258,3,3
85,259,3,3
85,260,3,3
85,261,3,3
85,262,3,3
85,263,3,3
85,264,3,3
85,265,3,3
85,266,3,3
85,267,3,3
85,268,3,3
85,269,3,3
85,270,3,3
85,271,3,3
85,272,3,3
85,273,3,3
85,274,3,3
85,275,3,3
85,276,3,3
85,277,3,3
85,278,3,3
85,279,3,3
85,280,3,3
85,281,3,3
85,282,3,3
85,283,3,3
85,284,3,3
85,285,3,3
85,286,3,3
85,287,3,3
85,288,3,3
85,289,3,3
85,290,3,3
85,291,3,3
85,292,3,3
85,293,3,3
85,294,3,3
85,295,3,3
85,296,3,3
85,297,3,3
85,298,3,3
85,299,3,3
85,300,3,3
85,301,3,3
85,302,3,3
85,303,3,3
85,304,3,3
85,305,3,3
85,306,3,3
85,307,3,3
85,308,3,3
85,309,3,3
85,310,3,3
85,311,3,3
85,312,3,3
85,313,3,3
85,314,3,3
85,315,3,3
85,316,3,3
85,317,3,3
85,318,3,3
85,319,3,3
85,320,3,3
85,321,3,3
85,322,3,3
85,323,3,3
85,324,3,3
85,325,3,3
85,326,3,3
85,327,3,3
85,328,3,3
85,329,3,3
85,330,3,3
85,331,3,3
85,332,3,3
85,333,3,3
85,334,3,3
85,335,3,3
85,336,3,3
85,337,3,3
85,338,3,3
85,339,3,3
85,340,3,3
85,341,3,3
85,342,3,3
85,343,3,3
85,344,3,3
85,345,3,3
85,346,3,3
85,347,3,3
85,348,3,3
85,349,3,3
85,350,3,3
85,351,3,3
85,352,3,3
85,353,3,3
85,354,3,3
85,355,3,3
85,356,3,3
85,357,3,3
85,358,3,3
85,359,3,3
85,360,3,3
85,361,3,3
85,362,3,3
85,363,3,2
85,364,3,2
85,365,3,2
85,366,3,2
85,367,3,2
85,368,3,2
85,369,3,2
85,370,3,2
85,371,3,2
85,372,3,2
85,373,3,2
85,374,3,2
85,375,3,2
85,376,3,2
85,377,3,2
85,378,3,2
85,379,3,2
85,380,3,2
85,381,3,2
85,382,3,2
85,383,3,2
85,384,3,2
85,385,3,2
85,386,3,2
85,387,3,2
85,388,3,2
85,389,3,2
85,390,3,2
85,391,3,2
85,392,3,2
85,393,3,2
85,394,3,2
85,395,3,2
85,396,3,2
85,397,3,2
85,398,3,2
85,399,3,2
85,400,3,2
85,401,3,2
85,402,3,2
85,403,3,2
85,404,3,2
85,405,3,2
85,406,3,2
85,407,3,2
85,408,3,2
85,409,3,2
85,410,3,2
85,411,3,2
85,412,3,2
85,413,3,2
85,414,3,2
85,415,3,2
85,416,3,2
85,417,3,2
85,418,3,2
85,419,3,2
85,420,3,2
85,421,3,3
86,158,3,2
86,159,3,2
86,160,3,2
86,161,3,2
86,162,3,2
86,163,3,2
86,164,3,2
86,165,3,2
86,166,3,2
86,167,3,2
86,168,3,2
86,169,3,2
86,170,3,2
86,171,3,2
86,172,3,2
86,173,3,2
86,174,3,2
86,175,3,2
86,176,3,2
86,177,3,2
86,178,3,2
86,179,3,2
86,180,3,2
86,181,3,2
86,182,3,2
86,183,3,2
86,184,3,2
86,185,3,2
86,186,3,2
86,187,3,2
86,188,3,2
86,189,3,2
86,190,3,2
86,191,3,2
86,192,3,2
86,193,3,2
86,194,3,2
86,195,3,2
86,196,3,2
86,197,3,2
86,198,3,2
86,199,3,2
86,200,3,2
86,201,3,2
86,202,3,2
86,203,3,2
86,204,3,2
86,205,3,2
86,206,3,2
86,207,3,2
86,208,3,2
86,209,3,2
86,210,3,2
86,211,3,2
86,212,3,2
86,213,3,2
86,214,3,2
86,215,3,2
86,216,3,2
86,217,3,2
86,218,3,2
86,219,3,2
86,220,3,3
86,221,3,3
86,222,3,3
86,223,3,3
86,224,3,3
86,225,3,3
86,226,3,3
86,227,3,3
86,228,3,3
86,229,3,3
86,230,3,3
86,231,3,3
86,232,3,3
86,233,3,3
86,234,3,3
86,235,3,3
86,236,3,3
86,237,3,3
86,238,3,3
86,239,3,3
86,240,3,3
86,241,3,3
86,242,3,3
86,243,3,3
86,244,3,3
86,245,3,3
86,246,3,3
86,247,3,3
86,248,3,3
86,249,3,3
86,250,3,3
86,251,3,3
86,252,3,3
86,253,3,3
86,254,3,3
86,255,3,3
86,256,3,3
86,257,3,3
86,258,3,3
86,259,3,3
86,260,3,3
86,261,3,3
86,262,3,3
86,263,3,3
86,264,3,3
86,265,3,3
86,266,3,3
86,267,3,3
86,268,3,3
86,269,3,3
86,270,3,3
86,271,3,3
86,272,3,3
86,273,3,3
86,274,3,3
86,275,3,3
86,276,3,3
86,277,3,3
86,278,3,3
86,279,3,3
86,280,3,3
86,281,3,3
86,282,3,3
86,283,3,3
86,284,3,3
86,285,3,3
86,286,3,3
86,287,3,3
86,288,3,3
86,289,3,3
86,290,3,3
86,291,3,3
86,292,3,3
86,293,3,3
86,294,3,3
86,295,3,3
86,296,3,3
86,297,3,3
86,298,3,3
86,299,3,3
86,300,3,3
86,301,3,3
86,302,3,3
86,303,3,3
86,304,3,3
86,305,3,3
86,306,3,3
86,307,3,3
86,308,3,3
86,309,3,3
86,310,3,3
86,311,3,3
86,312,3,3
86,313,3,3
86,314,3,3
86,315,3,3
86,316,3,3
86,317,3,3
86,318,3,3
86,319,3,3
86,320,3,3
86,321,3,3
86,322,3,3
86,323,3,3
86,324,3,3
86,325,3,3
86,326,3,3
86,327,3,3
86,328,3,3
86,329,3,3
86,330,3,3
86,331,3,3
86,332,3,3
86,333,3,3
86,334,3,3
86,335,3,3
86,336,3,3
86,337,3,3
86,338,3,3
86,339,3,3
86,340,3,3
86,341,3,3
86,342,3,3
86,343,3,3
86,344,3,3
86,345,3,3
86,346,3,3
86,347,3,3
86,348,3,3
86,349,3,3
86,350,3,3
86,351,3,3
86,352,3,3
86,353,3,3
86,354,3,3
86,355,3,3
86,356,3,3
86,357,3,3
86,358,3,3
86,359,3,3
86,360,3,3
86,361,3,3
86,362,3,3
86,363,3,2
86,364,3,2
86,365,3,2
86,366,3,2
86,367,3,2
86,368,3,2
86,369,3,2
86,370,3,2
86,371,3,2
86,372,3,2
86,373,3,2
86,374,3,2
86,375,3,2
86,376,3,2
86,377,3,2
86,378,3,2
86,379,3,2
86,380,3,2
86,381,3,2
86,382,3,2
86,383,3,2
86,384,3,2
86,385,3,2
86,386,3,2
86,387,3,2
86,388,3,2
86,389,3,2
86,390,3,2
86,391,3,2
86,392,3,2
86,393,3,2
86,394,3,2
86,395,3,2
86,396,3,2
86,397,3,2
86,398,3,2
86,399,3,2
86,400,3,2
86,401,3,2
86,402,3,2
86,403,3,2
86,404,3,2
86,405,3,2
86,406,3,2
86,407,3,2
86,408,3,2
86,409,3,2
86,410,3,2
86,411,3,2
86,412,3,2
86,413,3,2
86,414,3,2
86,415,3,2
86,416,3,2
86,417,3,2
86,418,3,2
86,419,3,2
86,420,3,2
86,421,3,2
86,422,3,2
87,155,3,3
87,156,3,2
87,157,3,2
87,158,3,2
87,159,3,2
87,160,3,2
87,161,3,2
87,162,3,2
87,163,3,2
87,164,3,2
87,165,3,2
87,166,3,2
87,167,3,2
87,168,3,2
87,169,3,2
87,170,3,2
87,171,3,2
87,172,3,2
87,173,3,2
87,174,3,2
87,175,3,2
87,176,3,2
87,177,3,2
87,178,3,2
87,179,3,2
87,180,3,2
87,181,3,2
87,182,3,2
87,183,3,2
87,184,3,2
87,185,3,2
87,186,3,2
87,187,3,2
87,188,3,2
87,189,3,2
87,190,3,2
87,191,3,2
87,192,3,2
87,193,3,2
87,194,3,2
87,195,3,2
87,196,3,2
87,197,3,2
87,198,3,2
87,199,3,2
87,200,3,2
87,201,3,2
87,202,3,2
87,203,3,2
87,204,3,2
87,205,3,2
87,206,3,2
87,207,3,2
87,208,3,2
87,209,3,2
87,210,3,2
87,211,3,2
87,212,3,2
87,213,3,2
87,214,3,2
87,215,3,2
87,216,3,2
87,217,3,2
87,218,3,2
87,219,3,3
87,220,3,3
87,221,3,3
87,222,3,3
87,223,3,3
87,224,3,3
87,225,3,3
87,226,3,3
87,227,3,3
87,228,3,3
87,229,3,3
87,230,3,3
87,231,3,3
87,232,3,3
87,233,3,3
87,234,3,3
87,235,3,3
87,236,3,3
87,237,3,3
87,238,3,3
87,239,3,3
87,240,3,3
87,241,3,3
87,242,3,3
87,243,3,3
87,244,3,3
87,245,3,3
87,246,3,3
87,247,3,3
87,248,3,3
87,249,3,3
87,250,3,3
87,251,3,3
87,252,3,3
87,253,3,3
87,254,3,3
87,255,3,3
87,256,3,3
87,257,3,3
87,258,3,3
87,259,3,3
87,260,3,3
87,261,3,3
87,262,3,3
87,263,3,3
87,264,3,3
87,265,3,3
87,266,3,3
87,267,3,3
87,268,3,3
87,269,3,3
87,270,3,3
87,271,3,3
87,272,3,3
87,273,3,3
87,274,3,3
87,275,3,3
87,276,3,3
87,277,3,3
87,278,3,3
87,279,3,3
87,280,3,3
87,281,3,3
87,282,3,3
87,283,3,3
87,284,3,3
87,285,3,3
87,286,3,3
87,287,3,3
87,288,3,3
87,289,3,3
87,290,3,3
87,291,3,3
87,292,3,3
87,293,3,3
87,294,3,3
87,295,3,3
87,296,3,3
87,297,3,3
87,298,3,3
87,299,3,3
87,300,3,3
87,301,3,3
87,302,3,3
87,303,3,3
87,304,3,3
87,305,3,3
87,306,3,3
87,307,3,3
87,308,3,3
87,309,3,3
87,310,3,3
87,311,3,3
87,312,3,3
87,313,3,3
87,314,3,3
87,315,3,3
87,316,3,3
87,317,3,3
87,318,3,3
87,319,3,3
87,320,3,3
87,321,3,3
87,322,3,3
87,323,3,3
87,324,3,3
87,325,3,3
87,326,3,3
87,327,3,3
87,328,3,3
87,329,3,3
87,330,3,3
87,331,3,3
87,332,3,3
87,333,3,3
87,334,3,3
87,335,3,3
87,336,3,3
87,337,3,3
87,338,3,3
87,339,3,3
87,340,3,3
87,341,3,3
87,342,3,3
87,343,3,3
87,344,3,3
87,345,3,3
87,346,3,3
87,347,3,3
87,348,3,3
87,349,3,3
87,350,3,3
87,351,3,3
87,352,3,3
87,353,3,3
87,354,3,3
87,355,3,3
87,356,3,3
87,357,3,3
87,358,3,3
87,359,3,3
87,360,3,3
87,361,3,3
87,362,3,3
87,363,3,3
87,364,3,2
87,365,3,2
87,366,3,2
87,367,3,2
87,368,3,2
87,369,3,2
87,370,3,2
87,371,3,2
87,372,3,2
87,373,3,2
87,374,3,2
87,375,3,2
87,376,3,2
87,377,3,2
87,378,3,2
87,379,3,2
87,380,3,2
87,381,3,2
87,382,3,2
87,383,3,2
87,384,3,2
87,385,3,2
87,386,3,2
87,387,3,2
87,388,3,2
87,389,3,2
87,390,3,2
87,391,3,2
87,392,3,2
87,393,3,2
87,394,3,2
87,395,3,2
87,396,3,2
87,397,3,2
87,398,3,2
87,399,3,2
87,400,3,2
87,401,3,2
87,402,3,2
87,403,3,2
87,404,3,2
87,405,3,2
87,406,3,2
87,407,3,2
87,408,3,2
87,409,3,2
87,410,3,2
87,411,3,2
87,412,3,2
87,413,3,2
87,414,3,2
87,415,3,2
87,416,3,2
87,417,3,2
87,418,3,2
87,419,3,2
87,420,3,2
87,421,3,2
87,422,3,2
87,423,3,2
87,424,3,3
88,152,3,2
88,153,3,2
88,154,3,2
88,155,3,2
88,156,3,2
88,157,3,2
88,158,3,2
88,159,3,2
88,160,3,2
88,161,3,2
88,162,3,2
88,163,3,2
88,164,3,2
88,165,3,2
88,166,3,2
88,167,3,2
88,168,3,2
88,169,3,2
88,170,3,2
88,171,3,2
88,172,3,2
88,173,3,2
88,174,3,2
88,175,3,2
88,176,3,2
88,177,3,2
88,178,3,2
88,179,3,2
88,180,3,2
88,181,3,2
88,182,3,2
88,183,3,2
88,184,3,2
88,185,3,2
88,186,3,2
88,187,3,2
88,188,3,2
88,189,3,2
88,190,3,2
88,191,3,2
88,192,3,2
88,193,3,2
88,194,3,2
88,195,3,2
88,196,3,2
88,197,3,2
88,198,3,2
88,199,3,2
88,200,3,2
88,201,3,2
88,202,3,2
88,203,3,2
88,204,3,2
88,205,3,2
88,206,3,2
88,207,3,2
88,208,3,2
88,209,3,2
88,210,3,2
88,211,3,2
88,212,3,2
88,213,3,2
88,214,3,2
88,215,3,2
88,216,3,2
88,217,3,2
88,218,3,2
88,219,3,3
88,220,3,3
88,221,3,3
88,222,3,3
88,223,3,3
88,224,3,3
88,225,3,3
88,226,3,3
88,227,3,3
88,228,3,3
88,229,3,3
88,230,3,3
88,231,3,3
88,232,3,3
88,233,3,3
88,234,3,3
88,235,3,3
88,236,3,3
88,237,3,3
88,238,3,3
88,239,3,3
88,240,3,3
88,241,3,3
88,242,3,3
88,243,3,3
88,244,3,3
88,245,3,3
88,246,3,3
88,247,3,3
88,248,3,3
88,249,3,3
88,250,3,3
88,251,3,3
88,252,3,3
88,253,3,3
88,254,3,3
88,255,3,3
88,256,3,3
88,257,3,3
88,258,3,3
88,259,3,3
88,260,3,3
88,261,3,3
88,262,3,3
88,263,3,3
88,264,3,3
88,265,3,3
88,266,3,3
88,267,3,3
88,268,3,3
88,269,3,3
88,270,3,3
88,271,3,3
88,272,3,3
88,273,3,3
88,274,3,3
88,275,3,3
88,276,3,3
88,277,3,3
88,278,3,3
88,279,3,3
88,280,3,3
88,281,3,3
88,282,3,3
88,283,3,3
88,284,3,3
88,285,3,3
88,286,3,3
88,287,3,3
88,288,3,3
88,289,3,3
88,290,3,3
88,291,3,3
88,292,3,3
88,293,3,3
88,294,3,3
88,295,3,3
88,296,3,3
88,297,3,3
88,298,3,3
88,299,3,3
88,300,3,3
88,301,3,3
88,302,3,3
88,303,3,3
88,304,3,3
88,305,3,3
88,306,3,3
88,307,3,3
88,308,3,3
88,309,3,3
88,310,3,3
88,311,3,3
88,312,3,3
88,313,3,3
88,314,3,3
88,315,3,3
88,316,3,3
88,317,3,3
88,318,3,3
88,319,3,3
88,320,3,3
88,321,3,3
88,322,3,3
88,323,3,3
88,324,3,3
88,325,3,3
88,326,3,3
88,327,3,3
88,328,3,3
88,329,3,3
88,330,3,3
88,331,3,3
88,332,3,3
88,333,3,3
88,334,3,3
88,335,3,3
88,336,3,3
88,337,3,3
88,338,3,3
88,339,3,3
88,340,3,3
88,341,3,3
88,342,3,3
88,343,3,3
88,344,3,3
88,345,3,3
88,346,3,3
88,347,3,3
88,348,3,3
88,349,3,3
88,350,3,3
88,351,3,3
88,352,3,3
88,353,3,3
88,354,3,3
88,355,3,3
88,356,3,3
88,357,3,3
88,358,3,3
88,359,3,3
88,360,3,3
88,361,3,3
88,362,3,3
88,363,3,3
88,364,3,3
88,365,3,2
88,366,3,2
88,367,3,2
88,368,3,2
88,369,3,2
88,370,3,2
88,371,3,2
88,372,3,2
88,373,3,2
88,374,3,2
88,375,3,2
88,376,3,2
88,377,3,2
88,378,3,2
88,379,3,2
88,380,3,2
88,381,3,2
88,382,3,2
88,383,3,2
88,384,3,2
88,385,3,2
88,386,3,2
88,387,3,2
88,388,3,2
88,389,3,2
88,390,3,2
88,391,3,2
88,392,3,2
88,393,3,2
88,394,3,2
88,395,3,2
88,396,3,2
88,397,3,2
88,398,3,2
88,399,3,2
88,400,3,2
88,401,3,2
88,402,3,2
88,403,3,2
88,404,3,2
88,405,3,2
88,406,3,2
88,407,3,2
88,408,3,2
88,409,3,2
88,410,3,2
88,411,3,2
88,412,3,2
88,413,3,2
88,414,3,2
88,415,3,2
88,416,3,2
88,417,3,2
88,418,3,2
88,419,3,2
88,420,3,2
88,421,3,2
88,422,3,2
88,423,3,2
88,424,3,2
88,425,3,2
88,426,3,3
89,149,3,2
89,150,3,2
89,151,3,2
89,152,3,2
89,153,3,2
89,154,3,2
89,155,3,2
89,156,3,2
89,157,3,2
89,158,3,2
89,159,3,2
89,160,3,2
89,161,3,2
89,162,3,2
89,163,3,2
89,164,3,2
89,165,3,2
89,166,3,2
89,167,3,2
89,168,3,2
89,169,3,2
89,170,3,2
89,171,3,2
89,172,3,2
89,173,3,2
89,174,3,2
89,175,3,2
89,176,3,2
89,177,3,2
89,178,3,2
89,179,3,2
89,180,3,2
89,181,3,2
89,182,3,2
89,183,3,2
89,184,3,2
89,185,3,2
89,186,3,2
89,187,3,2
89,188,3,2
89,189,3,2
89,190,3,2
89,191,3,2
89,192,3,2
89,193,3,2
89,194,3,2
89,195,3,2
89,196,3,2
89,197,3,2
89,198,3,2
89,199,3,2
89,200,3,2
89,201,3,2
89,202,3,2
89,203,3,2
89,204,3,2
89,205,3,2
89,206,3,2
89,207,3,2
89,208,3,2
89,209,3,2
89,210,3,2
89,211,3,2
89,212,3,2
89,213,3,2
89,214,3,2
89,215,3,2
89,216,3,2
89,217,3,2
89,218,3,2
89,219,3,3
89,220,3,3
89,221,3,3
89,222,3,3
89,223,3,3
89,224,3,3
89,225,3,3
89,226,3,3
89,227,3,3
89,228,3,3
89,229,3,3
89,230,3,3
89,231,3,3
89,232,3,3
89,233,3,3
89,234,3,3
89,235,3,3
89,236,3,3
89,237,3,3
89,238,3,3
89,239,3,3
89,240,3,3
89,241,3,3
89,242,3,3
89,243,3,3
89,244,3,3
89,245,3,3
89,246,3,3
89,247,3,3
89,248,3,3
89,249,3,3
89,250,3,3
89,251,3,3
89,252,3,3
89,253,3,3
89,254,3,3
89,255,3,3
89,256,3,3
89,257,3,3
89,258,3,3
89,259,3,3
89,260,3,3
89,261,3,3
89,262,3,3
89,263,3,3
89,264,3,3
89,265,3,3
89,266,3,3
89,267,3,3
89,268,3,3
89,269,3,3
89,270,3,3
89,271,3,3
89,272,3,3
89,273,3,3
89,274,3,3
89,275,3,3
89,276,3,3
89,277,3,3
89,278,3,3
89,279,3,3
89,280,3,3
89,281,3,3
89,282,3,3
89,283,3,3
89,284,3,3
89,285,3,3
89,286,3,3
89,287,3,3
89,288,3,3
89,289,3,3
89,290,3,3
89,291,3,3
89,292,3,3
89,293,3,3
89,294,3,3
89,295,3,3
89,296,3,3
89,297,3,3
89,298,3,3
89,299,3,3
89,300,3,3
89,301,3,3
89,302,3,3
89,303,3,3
89,304,3,3
89,305,3,3
89,306,3,3
89,307,3,3
89,308,3,3
89,309,3,3
89,310,3,3
89,311,3,3
89,312,3,3
89,313,3,3
89,314,3,3
89,315,3,3
89,316,3,3
89,317,3,3
89,318,3,3
89,319,3,3
89,320,3,3
89,321,3,3
89,322,3,3
89,323,3,3
89,324,3,3
89,325,3,3
89,326,3,3
89,327,3,3
89,328,3,3
89,329,3,3
89,330,3,3
89,331,3,3
89,332,3,3
89,333,3,3
89,334,3,3
89,335,3,3
89,336,3,3
89,337,3,3
89,338,3,3
89,339,3,3
89,340,3,3
89,341,3,3
89,342,3,3
89,343,3,3
89,344,3,3
89,345,3,3
89,346,3,3
89,347,3,3
89,348,3,3
89,349,3,3
89,350,3,3
89,351,3,3
89,352,3,3
89,353,3,3
89,354,3,3
89,355,3,3
89,356,3,3
89,357,3,3
89,358,3,3
89,359,3,3
89,360,3,3
89,361,3,3
89,362,3,3
89,363,3,3
89,364,3,2
89,365,3,2
89,366,3,2
89,367,3,2
89,368,3,2
89,369,3,2
89,370,3,2
89,371,3,2
89,372,3,2
89,373,3,2
89,374,3,2
89,375,3,2
89,376,3,2
89,377,3,2
89,378,3,2
89,379,3,2
89,380,3,2
89,381,3,2
89,382,3,2
89,383,3,2
89,384,3,2
89,385,3,2
89,386,3,2
89,387,3,2
89,388,3,2
89,389,3,2
89,390,3,2
89,391,3,2
89,392,3,2
89,393,3,2
89,394,3,2
89,395,3,2
89,396,3,2
89,397,3,2
89,398,3,2
89,399,3,2
89,400,3,2
89,401,3,2
89,402,3,2
89,403,3,2
89,404,3,2
89,405,3,2
89,406,3,2
89,407,3,2
89,408,3,2
89,409,3,2
89,410,3,2
89,411,3,2
89,412,3,2
89,413,3,2
89,414,3,2
89,415,3,2
89,416,3,2
89,417,3,2
89,418,3,2
89,419,3,2
89,420,3,2
89,421,3,2
89,422,3,2
89,423,3,2
89,424,3,2
89,425,3,2
89,426,3,2
89,427,3,2
90,147,3,2
90,148,3,2
90,149,3,2
90,150,3,2
90,151,3,2
90,152,3,2
90,153,3,2
90,154,3,2
90,155,3,2
90,156,3,2
90,157,3,2
90,158,3,2
90,159,3,2
90,160,3,2
90,161,3,2
90,162,3,2
90,163,3,2
90,164,3,2
90,165,3,2
90,166,3,2
90,167,3,2
90,168,3,2
90,169,3,2
90,170,3,2
90,171,3,2
90,172,3,2
90,173,3,2
90,174,3,2
90,175,3,2
90,176,3,2
90,177,3,2
90,178,3,2
90,179,3,2
90,180,3,2
90,181,3,2
90,182,3,2
90,183,3,2
90,184,3,2
90,185,3,2
90,186,3,2
90,187,3,2
90,188,3,2
90,189,3,2
90,190,3,2
90,191,3,2
90,192,3,2
90,193,3,2
90,194,3,2
90,195,3,2
90,196,3,2
90,197,3,2
90,198,3,2
90,199,3,2
90,200,3,2
90,201,3,2
90,202,3,2
90,203,3,2
90,204,3,2
90,205,3,2
90,206,3,2
90,207,3,2
90,208,3,2
90,209,3,2
90,210,3,2
90,211,3,2
90,212,3,2
90,213,3,2
90,214,3,2
90,215,3,2
90,216,3,2
90,217,3,2
90,218,3,2
90,219,3,3
90,220,3,3
90,221,3,3
90,222,3,3
90,223,3,3
90,224,3,3
90,225,3,3
90,226,3,3
90,227,3,3
90,228,3,3
90,229,3,3
90,230,3,3
90,231,3,3
90,232,3,3
90,233,3,3
90,234,3,3
90,235,3,3
90,236,3,3
90,237,3,3
90,238,3,3
90,239,3,3
90,240,3,3
90,241,3,3
90,242,3,3
90,243,3,3
90,244,3,3
90,245,3,3
90,246,3,3
90,247,3,3
90,248,3,3
90,249,3,3
90,250,3,3
90,251,3,3
90,252,3,3
90,253,3,3
90,254,3,3
90,255,3,3
90,256,3,3
90,257,3,3
90,258,3,3
90,259,3,3
90,260,3,3
90,261,3,3
90,262,3,3
90,263,3,3
90,264,3,3
90,265,3,3
90,266,3,3
90,267,3,3
90,268,3,3
90,269,3,3
90,270,3,3
90,271,3,3
90,272,3,3
90,273,3,3
90,274,3,3
90,275,3,3
90,276,3,3
90,277,3,3
90,278,3,3
90,279,3,3
90,280,3,3
90,281,3,3
90,282,3,3
90,283,3,3
90,284,3,3
90,285,3,3
90,286,3,3
90,287,3,3
90,288,3,3
90,289,3,3
90,290,3,3
90,291,3,3
90,292,3,3
90,293,3,3
90,294,3,3
90,295,3,3
90,296,3,3
90,297,3,3
90,298,3,3
90,299,3,3
90,300,3,3
90,301,3,3
90,302,3,3
90,303,3,3
90,304,3,3
90,305,3,3
90,306,3,3
90,307,3,3
90,308,3,3
90,309,3,3
90,310,3,3
90,311,3,3
90,312,3,3
90,313,3,3
90,314,3,3
90,315,3,3
90,316,3,3
90,317,3,3
90,318,3,3
90,319,3,3
90,320,3,3
90,321,3,3
90,322,3,3
90,323,3,3
90,324,3,3
90,325,3,3
90,326,3,3
90,327,3,3
90,328,3,3
90,329,3,3
90,330,3,3
90,331,3,3
90,332,3,3
90,333,3,3
90,334,3,3
90,335,3,3
90,336,3,3
90,337,3,3
90,338,3,3
90,339,3,3
90,340,3,3
90,341,3,3
90,342,3,3
90,343,3,3
90,344,3,3
90,345,3,3
90,346,3,3
90,347,3,3
90,348,3,3
90,349,3,3
90,350,3,3
90,351,3,3
90,352,3,3
90,353,3,3
90,354,3,3
90,355,3,3
90,356,3,3
90,357,3,3
90,358,3,3
90,359,3,3
90,360,3,3
90,361,3,3
90,362,3,3
90,363,3,3
90,364,3,3
90,365,3,2
90,366,3,2
90,367,3,2
90,368,3,2
90,369,3,2
90,370,3,2
90,371,3,2
90,372,3,2
90,373,3,2
90,374,3,2
90,375,3,2
90,376,3,2
90,377,3,2
90,378,3,2
90,379,3,2
90,380,3,2
90,381,3,2
90,382,3,2
90,383,3,2
90,384,3,2
90,385,3,2
90,386,3,2
90,387,3,2
90,388,3,2
90,389,3,2
90,390,3,2
90,391,3,2
90,392,3,2
90,393,3,2
90,394,3,2
90,395,3,2
90,396,3,2
90,397,3,2
90,398,3,2
90,399,3,2
90,400,3,2
90,401,3,2
90,402,3,2
90,403,3,2
90,404,3,2
90,405,3,2
90,406,3,2
90,407,3,2
90,408,3,2
90,409,3,2
90,410,3,2
90,411,3,2
90,412,3,2
90,413,3,2
90,414,3,2
90,415,3,2
90,416,3,2
90,417,3,2
90,418,3,2
90,419,3,2
90,420,3,2
90,421,3,2
90,422,3,2
90,423,3,2
90,424,3,2
90,425,3,2
90,426,3,2
90,427,3,2
90,428,3,2
90,429,3,3
91,145,3,2
91,146,3,2
91,147,3,2
91,148,3,2
91,149,3,2
91,150,3,2
91,151,3,2
91,152,3,2
91,153,3,2
91,154,3,2
91,155,3,2
91,156,3,2
91,157,3,2
91,158,3,2
91,159,3,2
91,160,3,2
91,161,3,2
91,162,3,2
91,163,3,2
91,164,3,2
91,165,3,2
91,166,3,2
91,167,3,2
91,168,3,2
91,169,3,2
91,170,3,2
91,171,3,2
91,172,3,2
91,173,3,2
91,174,3,2
91,175,3,2
91,176,3,2
91,177,3,2
91,178,3,2
91,179,3,2
91,180,3,2
91,181,3,2
91,182,3,2
91,183,3,2
91,184,3,2
91,185,3,2
91,186,3,2
91,187,3,2
91,188,3,2
91,189,3,2
91,190,3,2
91,191,3,2
91,192,3,2
91,193,3,2
91,194,3,2
91,195,3,2
91,196,3,2
91,197,3,2
91,198,3,2
91,199,3,2
91,200,3,2
91,201,3,2
91,202,3,2
91,203,3,2
91,204,3,2
91,205,3,2
91,206,3,2
91,207,3,2
91,208,3,2
91,209,3,2
91,210,3,2
91,211,3,2
91,212,3,2
91,213,3,2
91,214,3,2
91,215,3,2
91,216,3,2
91,217,3,2
91,218,3,3
91,219,3,3
91,220,3,3
91,221,3,3
91,222,3,3
91,223,3,3
91,224,3,3
91,225,3,3
91,226,3,3
91,227,3,3
91,228,3,3
91,229,3,3
91,230,3,3
91,231,3,3
91,232,3,3
91,233,3,3
91,234,3,3
91,235,3,3
91,236,3,3
91,237,3,3
91,238,3,3
91,239,3,3
91,240,3,3
91,241,3,3
91,242,3,3
91,243,3,3
91,244,3,3
91,245,3,3
91,246,3,3
91,247,3,3
91,248,3,3
91,249,3,3
91,250,3,3
91,251,3,3
91,252,3,3
91,253,3,3
91,254,3,3
91,255,3,3
91,256,3,3
91,257,3,3
91,258,3,3
91,259,3,3
91,260,3,3
91,261,3,3
91,262,3,3
91,263,3,3
91,264,3,3
91,265,3,3
91,266,3,3
91,267,3,3
91,268,3,3
91,269,3,3
91,270,3,3
91,271,3,3
91,272,3,3
91,273,3,3
91,274,3,3
91,275,3,3
91,276,3,3
91,277,3,3
91,278,3,3
91,279,3,3
91,280,3,3
91,281,3,3
91,282,3,3
91,283,3,3
91,284,3,3
91,285,3,3
91,286,3,3
91,287,3,3
91,288,3,3
91,289,3,3
91,290,3,3
91,291,3,3
91,292,3,3
91,293,3,3
91,294,3,3
91,295,3,3
91,296,3,3
91,297,3,3
91,298,3,3
91,299,3,3
91,300,3,3
91,301,3,3
91,302,3,3
91,303,3,3
91,304,3,3
91,305,3,3
91,306,3,3
91,307,3,3
91,308,3,3
91,309,3,3
91,310,3,3
91,311,3,3
91,312,3,3
91,313,3,3
91,314,3,3
91,315,3,3
91,316,3,3
91,317,3,3
91,318,3,3
91,319,3,3
91,320,3,3
91,321,3,3
91,322,3,3
91,323,3,3
91,324,3,3
91,325,3,3
91,326,3,3
91,327,3,3
91,328,3,3
91,329,3,3
91,330,3,3
91,331,3,3
91,332,3,3
91,333,3,3
91,334,3,3
91,335,3,3
91,336,3,3
91,337,3,3
91,338,3,3
91,339,3,3
91,340,3,3
91,341,3,3
91,342,3,3
91,343,3,3
91,344,3,3
91,345,3,3
91,346,3,3
91,347,3,3
91,348,3,3
91,349,3,3
91,350,3,3
91,351,3,3
91,352,3,3
91,353,3,3
91,354,3,3
91,355,3,3
91,356,3,3
91,357,3,3
91,358,3,3
91,359,3,3
91,360,3,3
91,361,3,3
91,362,3,3
91,363,3,3
91,364,3,3
91,365,3,3
91,366,3,2
91,367,3,2
91,368,3,2
91,369,3,2
91,370,3,2
91,371,3,2
91,372,3,2
91,373,3,2
91,374,3,2
91,375,3,2
91,376,3,2
91,377,3,2
91,378,3,2
91,379,3,2
91,380,3,2
91,381,3,2
91,382,3,2
91,383,3,2
91,384,3,2
91,385,3,2
91,386,3,2
91,387,3,2
91,388,3,2
91,389,3,2
91,390,3,2
91,391,3,2
91,392,3,2
91,393,3,2
91,394,3,2
91,395,3,2
91,396,3,2
91,397,3,2
91,398,3,2
91,399,3,2
91,400,3,2
91,401,3,2
91,402,3,2
91,403,3,2
91,404,3,2
91,405,3,2
91,406,3,2
91,407,3,2
91,408,3,2
91,409,3,2
91,410,3,2
91,411,3,2
91,412,3,2
91,413,3,2
91,414,3,2
91,415,3,2
91,416,3,2
91,417,3,2
91,418,3,2
91,419,3,2
91,420,3,2
91,421,3,2
91,422,3,2
91,423,3,2
91,424,3,2
91,425,3,2
91,426,3,2
91,427,3,2
91,428,3,2
91,429,3,2
91,430,3,3
91,431,3,3
92,141,3,2
92,142,3,2
92,143,3,2
92,144,3,2
92,145,3,2
92,146,3,2
92,147,3,2
92,148,3,2
92,149,3,2
92,150,3,2
92,151,3,2
92,152,3,2
92,153,3,2
92,154,3,2
92,155,3,2
92,156,3,2
92,157,3,2
92,158,3,2
92,159,3,2
92,160,3,2
92,161,3,2
92,162,3,2
92,163,3,2
92,164,3,2
92,165,3,2
92,166,3,2
92,167,3,2
92,168,3,2
92,169,3,2
92,170,3,2
92,171,3,2
92,172,3,2
92,173,3,2
92,174,3,2
92,175,3,2
92,176,3,2
92,177,3,2
92,178,3,2
92,179,3,2
92,180,3,2
92,181,3,2
92,182,3,2
92,183,3,2
92,184,3,2
92,185,3,2
92,186,3,2
92,187,3,2
92,188,3,2
92,189,3,2
92,190,3,2
92,191,3,2
92,192,3,2
92,193,3,2
92,194,3,2
92,195,3,2
92,196,3,2
92,197,3,2
92,198,3,2
92,199,3,2
92,200,3,2
92,201,3,2
92,202,3,2
92,203,3,2
92,204,3,2
92,205,3,2
92,206,3,2
92,207,3,2
92,208,3,2
92,209,3,2
92,210,3,2
92,211,3,2
92,212,3,2
92,213,3,2
92,214,3,2
92,215,3,2
92,216,3,2
92,217,3,2
92,218,3,2
92,219,3,3
92,220,3,3
92,221,3,3
92,222,3,3
92,223,3,3
92,224,3,3
92,225,3,3
92,226,3,3
92,227,3,3
92,228,3,3
92,229,3,3
92,230,3,3
92,231,3,3
92,232,3,3
92,233,3,3
92,234,3,3
92,235,3,3
92,236,3,3
92,237,3,3
92,238,3,3
92,239,3,3
92,240,3,3
92,241,3,3
92,242,3,3
92,243,3,3
92,244,3,3
92,245,3,3
92,246,3,3
92,247,3,3
92,248,3,3
92,249,3,3
92,250,3,3
92,251,3,3
92,252,3,3
92,253,3,3
92,254,3,3
92,255,3,3
92,256,3,3
92,257,3,3
92,258,3,3
92,259,3,3
92,260,3,3
92,261,3,3
92,262,3,3
92,263,3,3
92,264,3,3
92,265,3,3
92,266,3,3
92,267,3,3
92,268,3,3
92,269,3,3
92,270,3,3
92,271,3,3
92,272,3,3
92,273,3,3
92,274,3,3
92,275,3,3
92,276,3,3
92,277,3,3
92,278,3,3
92,279,3,3
92,280,3,3
92,281,3,3
92,282,3,3
92,283,3,3
92,284,3,3
92,285,3,3
92,286,3,3
92,287,3,3
92,288,3,3
92,289,3,3
92,290,3,3
92,291,3,3
92,292,3,3
92,293,3,3
92,294,3,3
92,295,3,3
92,296,3,3
92,297,3,3
92,298,3,3
92,299,3,3
92,300,3,3
92,301,3,3
92,302,3,3
92,303,3,3
92,304,3,3
92,305,3,3
92,306,3,3
92,307,3,3
92,308,3,3
92,309,3,3
92,310,3,3
92,311,3,3
92,312,3,3
92,313,3,3
92,314,3,3
92,315,3,3
92,316,3,3
92,317,3,3
92,318,3,3
92,319,3,3
92,320,3,3
92,321,3,3
92,322,3,3
92,323,3,3
92,324,3,3
92,325,3,3
92,326,3,3
92,327,3,3
92,328,3,3
92,329,3,3
92,330,3,3
92,331,3,3
92,332,3,3
92,333,3,3
92,334,3,3
92,335,3,3
92,336,3,3
92,337,3,3
92,338,3,3
92,339,3,3
92,340,3,3
92,341,3,3
92,342,3,3
92,343,3,3
92,344,3,3
92,345,3,3
92,346,3,3
92,347,3,3
92,348,3,3
92,349,3,3
92,350,3,3
92,351,3,3
92,352,3,3
92,353,3,3
92,354,3,3
92,355,3,3
92,356,3,3
92,357,3,3
92,358,3,3
92,359,3,3
92,360,3,3
92,361,3,3
92,362,3,3
92,363,3,3
92,364,3,3
92,365,3,3
92,366,3,3
92,367,3,2
92,368,3,2
92,369,3,2
92,370,3,2
92,371,3,2
92,372,3,2
92,373,3,2
92,374,3,2
92,375,3,2
92,376,3,2
92,377,3,2
92,378,3,2
92,379,3,2
92,380,3,2
92,381,3,2
92,382,3,2
92,383,3,2
92,384,3,2
92,385,3,2
92,386,3,2
92,387,3,2
92,388,3,2
92,389,3,2
92,390,3,2
92,391,3,2
92,392,3,2
92,393,3,2
92,394,3,2
92,395,3,2
92,396,3,2
92,397,3,2
92,398,3,2
92,399,3,2
92,400,3,2
92,401,3,2
92,402,3,2
92,403,3,2
92,404,3,2
92,405,3,2
92,406,3,2
92,407,3,2
92,408,3,2
92,409,3,2
92,410,3,2
92,411,3,2
92,412,3,2
92,413,3,2
92,414,3,2
92,415,3,2
92,416,3,2
92,417,3,2
92,418,3,2
92,419,3,2
92,420,3,2
92,421,3,2
92,422,3,2
92,423,3,2
92,424,3,2
92,425,3,2
92,426,3,2
92,427,3,2
92,428,3,2
92,429,3,2
92,430,3,2
92,431,3,2
92,432,3,3
93,139,3,2
93,140,3,2
93,141,3,2
93,142,3,2
93,143,3,2
93,144,3,2
93,145,3,2
93,146,3,2
93,147,3,2
93,148,3,2
93,149,3,2
93,150,3,2
93,151,3,2
93,152,3,2
93,153,3,2
93,154,3,2
93,155,3,2
93,156,3,2
93,157,3,2
93,158,3,2
93,159,3,2
93,160,3,2
93,161,3,2
93,162,3,2
93,163,3,2
93,164,3,2
93,165,3,2
93,166,3,2
93,167,3,2
93,168,3,2
93,169,3,2
93,170,3,2
93,171,3,2
93,172,3,2
93,173,3,2
93,174,3,2
93,175,3,2
93,176,3,2
93,177,3,2
93,178,3,2
93,179,3,2
93,180,3,2
93,181,3,2
93,182,3,2
93,183,3,2
93,184,3,2
93,185,3,2
93,186,3,2
93,187,3,2
93,188,3,2
93,189,3,2
93,190,3,2
93,191,3,2
93,192,3,2
93,193,3,2
93,194,3,2
93,195,3,2
93,196,3,2
93,197,3,2
93,198,3,2
93,199,3,2
93,200,3,2
93,201,3,2
93,202,3,2
93,203,3,2
93,204,3,2
93,205,3,2
93,206,3,2
93,207,3,2
93,208,3,2
93,209,3,2
93,210,3,2
93,211,3,2
93,212,3,2
93,213,3,2
93,214,3,2
93,215,3,2
93,216,3,2
93,217,3,2
93,218,3,3
93,219,3,3
93,220,3,3
93,221,3,3
93,222,3,3
93,223,3,3
93,224,3,3
93,225,3,3
93,226,3,3
93,227,3,3
93,228,3,3
93,229,3,3
93,230,3,3
93,231,3,3
93,232,3,3
93,233,3,3
93,234,3,3
93,235,3,3
93,236,3,3
93,237,3,3
93,238,3,3
93,239,3,3
93,240,3,3
93,241,3,3
93,242,3,3
93,243,3,3
93,244,3,3
93,245,3,3
93,246,3,3
93,247,3,3
93,248,3,3
93,249,3,3
93,250,3,3
93,251,3,3
93,252,3,3
93,253,3,3
93,254,3,3
93,255,3,3
93,256,3,3
93,257,3,3
93,258,3,3
93,259,3,3
93,260,3,3
93,261,3,3
93,262,3,3
93,263,3,3
93,264,3,3
93,265,3,3
93,266,3,3
93,267,3,3
93,268,3,3
93,269,3,3
93,270,3,3
93,271,3,3
93,272,3,3
93,273,3,3
93,274,3,3
93,275,3,3
93,276,3,3
93,277,3,3
93,278,3,3
93,279,3,3
93,280,3,3
93,281,3,3
93,282,3,3
93,283,3,3
93,284,3,3
93,285,3,3
93,286,3,3
93,287,3,3
93,288,3,3
93,289,3,3
93,290,3,3
93,291,3,3
93,292,3,3
93,293,3,3
93,294,3,3
93,295,3,3
93,296,3,3
93,297,3,3
93,298,3,3
93,299,3,3
93,300,3,3
93,301,3,3
93,302,3,3
93,303,3,3
93,304,3,3
93,305,3,3
93,306,3,3
93,307,3,3
93,308,3,3
93,309,3,3
93,310,3,3
93,311,3,3
93,312,3,3
93,313,3,3
93,314,3,3
93,315,3,3
93,316,3,3
93,317,3,3
93,318,3,3
93,319,3,3
93,320,3,3
93,321,3,3
93,322,3,3
93,323,3,3
93,324,3,3
93,325,3,3
93,326,3,3
93,327,3,3
93,328,3,3
93,329,3,3
93,330,3,3
93,331,3,3
93,332,3,3
93,333,3,3
93,334,3,3
93,335,3,3
93,336,3,3
93,337,3,3
93,338,3,3
93,339,3,3
93,340,3,3
93,341,3,3
93,342,3,3
93,343,3,3
93,344,3,3
93,345,3,3
93,346,3,3
93,347,3,3
93,348,3,3
93,349,3,3
93,350,3,3
93,351,3,3
93,352,3,3
93,353,3,3
93,354,3,3
93,355,3,3
93,356,3,3
93,357,3,3
93,358,3,3
93,359,3,3
93,360,3,3
93,361,3,3
93,362,3,3
93,363,3,3
93,364,3,3
93,365,3,3
93,366,3,3
93,367,3,3
93,368,3,2
93,369,3,2
93,370,3,2
93,371,3,2
93,372,3,2
93,373,3,2
93,374,3,2
93,375,3,2
93,376,3,2
93,377,3,2
93,378,3,2
93,379,3,2
93,380,3,2
93,381,3,2
93,382,3,2
93,383,3,2
93,384,3,2
93,385,3,2
93,386,3,2
93,387,3,2
93,388,3,2
93,389,3,2
93,390,3,2
93,391,3,2
93,392,3,2
93,393,3,2
93,394,3,2
93,395,3,2
93,396,3,2
93,397,3,2
93,398,3,2
93,399,3,2
93,400,3,2
93,401,3,2
93,402,3,2
93,403,3,2
93,404,3,2
93,405,3,2
93,406,3,2
93,407,3,2
93,408,3,2
93,409,3,2
93,410,3,2
93,411,3,2
93,412,3,2
93,413,3,2
93,414,3,2
93,415,3,2
93,416,3,2
93,417,3,2
93,418,3,2
93,419,3,2
93,420,3,2
93,421,3,2
93,422,3,2
93,423,3,2
93,424,3,2
93,425,3,2
93,426,3,2
93,427,3,2
93,428,3,2
93,429,3,2
93,430,3,2
93,431,3,2
93,432,3,2
93,433,3,3
93,434,3,3
94,138,3,2
94,139,3,2
94,140,3,2
94,141,3,2
94,142,3,2
94,143,3,2
94,144,3,2
94,145,3,2
94,146,3,2
94,147,3,2
94,148,3,2
94,149,3,2
94,150,3,2
94,151,3,2
94,152,3,2
94,153,3,2
94,154,3,2
94,155,3,2
94,156,3,2
94,157,3,2
94,158,3,2
94,159,3,2
94,160,3,2
94,161,3,2
94,162,3,2
94,163,3,2
94,164,3,2
94,165,3,2
94,166,3,2
94,167,3,2
94,168,3,2
94,169,3,2
94,170,3,2
94,171,3,2
94,172,3,2
94,173,3,2
94,174,3,2
94,175,3,2
94,176,3,2
94,177,3,2
94,178,3,2
94,179,3,2
94,180,3,2
94,181,3,2
94,182,3,2
94,183,3,2
94,184,3,2
94,185,3,2
94,186,3,2
94,187,3,2
94,188,3,2
94,189,3,2
94,190,3,2
94,191,3,2
94,192,3,2
94,193,3,2
94,194,3,2
94,195,3,2
94,196,3,2
94,197,3,2
94,198,3,2
94,199,3,2
94,200,3,2
94,201,3,2
94,202,3,2
94,203,3,2
94,204,3,2
94,205,3,2
94,206,3,2
94,207,3,2
94,208,3,2
94,209,3,2
94,210,3,2
94,211,3,2
94,212,3,2
94,213,3,2
94,214,3,2
94,215,3,2
94,216,3,2
94,217,3,2
94,218,3,2
94,219,3,3
94,220,3,3
94,221,3,3
94,222,3,3
94,223,3,3
94,224,3,3
94,225,3,3
94,226,3,3
94,227,3,3
94,228,3,3
94,229,3,3
94,230,3,3
94,231,3,3
94,232,3,3
94,233,3,3
94,234,3,3
94,235,3,3
94,236,3,3
94,237,3,3
94,238,3,3
94,239,3,3
94,240,3,3
94,241,3,3
94,242,3,3
94,243,3,3
94,244,3,3
94,245,3,3
94,246,3,3
94,247,3,3
94,248,3,3
94,249,3,3
94,250,3,3
94,251,3,3
94,252,3,3
94,253,3,3
94,254,3,3
94,255,3,3
94,256,3,3
94,257,3,3
94,258,3,3
94,259,3,3
94,260,3,3
94,261,3,3
94,262,3,3
94,263,3,3
94,264,3,3
94,265,3,3
94,266,3,3
94,267,3,3
94,268,3,3
94,269,3,3
94,270,3,3
94,271,3,3
94,272,3,3
94,273,3,3
94,274,3,3
94,275,3,3
94,276,3,3
94,277,3,3
94,278,3,3
94,279,3,3
94,280,3,3
94,281,3,3
94,282,3,3
94,283,3,3
94,284,3,3
94,285,3,3
94,286,3,3
94,287,3,3
94,288,3,3
94,289,3,3
94,290,3,3
94,291,3,3
94,292,3,3
94,293,3,3
94,294,3,3
94,295,3,3
94,296,3,3
94,297,3,3
94,298,3,3
94,299,3,3
94,300,3,3
94,301,3,3
94,302,3,3
94,303,3,3
94,304,3,3
94,305,3,3
94,306,3,3
94,307,3,3
94,308,3,3
94,309,3,3
94,310,3,3
94,311,3,3
94,312,3,3
94,313,3,3
94,314,3,3
94,315,3,3
94,316,3,3
94,317,3,3
94,318,3,3
94,319,3,3
94,320,3,3
94,321,3,3
94,322,3,3
94,323,3,3
94,324,3,3
94,325,3,3
94,326,3,3
94,327,3,3
94,328,3,3
94,329,3,3
94,330,3,3
94,331,3,3
94,332,3,3
94,333,3,3
94,334,3,3
94,335,3,3
94,336,3,3
94,337,3,3
94,338,3,3
94,339,3,3
94,340,3,3
94,341,3,3
94,342,3,3
94,343,3,3
94,344,3,3
94,345,3,3
94,346,3,3
94,347,3,3
94,348,3,3
94,349,3,3
94,350,3,3
94,351,3,3
94,352,3,3
94,353,3,3
94,354,3,3
94,355,3,3
94,356,3,3
94,357,3,3
94,358,3,3
94,359,3,3
94,360,3,3
94,361,3,3
94,362,3,3
94,363,3,3
94,364,3,3
94,365,3,3
94,366,3,3
94,367,3,3
94,368,3,2
94,369,3,2
94,370,3,2
94,371,3,2
94,372,3,2
94,373,3,2
94,374,3,2
94,375,3,2
94,376,3,2
94,377,3,2
94,378,3,2
94,379,3,2
94,380,3,2
94,381,3,2
94,382,3,2
94,383,3,2
94,384,3,2
94,385,3,2
94,386,3,2
94,387,3,2
94,388,3,2
94,389,3,2
94,390,3,2
94,391,3,2
94,392,3,2
94,393,3,2
94,394,3,2
94,395,3,2
94,396,3,2
94,397,3,2
94,398,3,2
94,399,3,2
94,400,3,2
94,401,3,2
94,402,3,2
94,403,3,2
94,404,3,2
94,405,3,2
94,406,3,2
94,407,3,2
94,408,3,2
94,409,3,2
94,410,3,2
94,411,3,2
94,412,3,2
94,413,3,2
94,414,3,2
94,415,3,2
94,416,3,2
94,417,3,2
94,418,3,2
94,419,3,2
94,420,3,2
94,421,3,2
94,422,3,2
94,423,3,2
94,424,3,2
94,425,3,2
94,426,3,2
94,427,3,2
94,428,3,2
94,429,3,2
94,430,3,2
94,431,3,2
94,432,3,2
94,433,3,2
94,434,3,2
94,435,3,3
94,436,3,3
94,437,3,3
95,138,3,2
95,139,3,2
95,140,3,2
95,141,3,2
95,142,3,2
95,143,3,2
95,144,3,2
95,145,3,2
95,146,3,2
95,147,3,2
95,148,3,2
95,149,3,2
95,150,3,2
95,151,3,2
95,152,3,2
95,153,3,2
95,154,3,2
95,155,3,2
95,156,3,2
95,157,3,2
95,158,3,2
95,159,3,2
95,160,3,2
95,161,3,2
95,162,3,2
95,163,3,2
95,164,3,2
95,165,3,2
95,166,3,2
95,167,3,2
95,168,3,2
95,169,3,2
95,170,3,2
95,171,3,2
95,172,3,2
95,173,3,2
95,174,3,2
95,175,3,2
95,176,3,2
95,177,3,2
95,178,3,2
95,179,3,2
95,180,3,2
95,181,3,2
95,182,3,2
95,183,3,2
95,184,3,2
95,185,3,2
95,186,3,2
95,187,3,2
95,188,3,2
95,189,3,2
95,190,3,2
95,191,3,2
95,192,3,2
95,193,3,2
95,194,3,2
95,195,3,2
95,196,3,2
95,197,3,2
95,198,3,2
95,199,3,2
95,200,3,2
95,201,3,2
95,202,3,2
95,203,3,2
95,204,3,2
95,205,3,2
95,206,3,2
95,207,3,2
95,208,3,2
95,209,3,2
95,210,3,2
95,211,3,2
95,212,3,2
95,213,3,2
95,214,3,2
95,215,3,2
95,216,3,2
95,217,3,2
95,218,3,2
95,219,3,3
95,220,3,3
95,221,3,3
95,222,3,3
95,223,3,3
95,224,3,3
95,225,3,3
95,226,3,3
95,227,3,3
95,228,3,3
95,229,3,3
95,230,3,3
95,231,3,3
95,232,3,3
95,233,3,3
95,234,3,3
95,235,3,3
95,236,3,3
95,237,3,3
95,238,3,3
95,239,3,3
95,240,3,3
95,241,3,3
95,242,3,3
95,243,3,3
95,244,3,3
95,245,3,3
95,246,3,3
95,247,3,3
95,248,3,3
95,249,3,3
95,250,3,3
95,251,3,3
95,252,3,3
95,253,3,3
95,254,3,3
95,255,3,3
95,256,3,3
95,257,3,3
95,258,3,3
95,259,3,3
95,260,3,3
95,261,3,3
95,262,3,3
95,263,3,3
95,264,3,3
95,265,3,3
95,266,3,3
95,267,3,3
95,268,3,3
95,269,3,3
95,270,3,3
95,271,3,3
95,272,3,3
95,273,3,3
95,274,3,3
95,275,3,3
95,276,3,3
95,277,3,3
95,278,3,3
95,279,3,3
95,280,3,3
95,281,3,3
95,282,3,3
95,283,3,3
95,284,3,3
95,285,3,3
95,286,3,3
95,287,3,3
95,288,3,3
95,289,3,3
95,290,3,3
95,291,3,3
95,292,3,3
95,293,3,3
95,294,3,3
95,295,3,3
95,296,3,3
95,297,3,3
95,298,3,3
95,299,3,3
95,300,3,3
95,301,3,3
95,302,3,3
95,303,3,3
95,304,3,3
95,305,3,3
95,306,3,3
95,307,3,3
95,308,3,3
95,309,3,3
95,310,3,3
95,311,3,3
95,312,3,3
95,313,3,3
95,314,3,3
95,315,3,3
95,316,3,3
95,317,3,3
95,318,3,3
95,319,3,3
95,320,3,3
95,321,3,3
95,322,3,3
95,323,3,3
95,324,3,3
95,325,3,3
95,326,3,3
95,327,3,3
95,328,3,3
95,329,3,3
95,330,3,3
95,331,3,3
95,332,3,3
95,333,3,3
95,334,3,3
95,335,3,3
95,336,3,3
95,337,3,3
95,338,3,3
95,339,3,3
95,340,3,3
95,341,3,3
95,342,3,3
95,343,3,3
95,344,3,3
95,345,3,3
95,346,3,3
95,347,3,3
95,348,3,3
95,349,3,3
95,350,3,3
95,351,3,3
95,352,3,3
95,353,3,3
95,354,3,3
95,355,3,3
95,356,3,3
95,357,3,3
95,358,3,3
95,359,3,3
95,360,3,3
95,361,3,3
95,362,3,3
95,363,3,3
95,364,3,3
95,365,3,3
95,366,3,3
95,367,3,3
95,368,3,3
95,369,3,2
95,370,3,2
95,371,3,2
95,372,3,2
95,373,3,3
95,374,3,3
95,375,3,3
95,376,3,3
95,377,3,3
95,378,3,3
95,379,3,2
95,380,3,2
95,381,3,3
95,382,3,3
95,383,3,2
95,384,3,2
95,385,3,2
95,386,3,3
95,387,3,3
95,388,3,3
95,389,3,3
95,390,3,3
95,391,3,2
95,392,3,2
95,393,3,2
95,394,3,2
95,395,3,2
95,396,3,2
95,397,3,2
95,398,3,2
95,399,3,2
95,400,3,2
95,401,3,2
95,402,3,2
95,403,3,2
95,404,3,2
95,405,3,2
95,406,3,2
95,407,3,2
95,408,3,2
95,409,3,2
95,410,3,2
95,411,3,2
95,412,3,2
95,413,3,2
95,414,3,2
95,415,3,2
95,416,3,2
95,417,3,2
95,418,3,2
95,419,3,2
95,420,3,2
95,421,3,2
95,422,3,2
95,423,3,2
95,424,3,2
95,425,3,2
95,426,3,2
95,427,3,2
95,428,3,2
95,429,3,2
95,430,3,2
95,431,3,2
95,432,3,2
95,433,3,2
95,434,3,2
95,435,3,2
95,436,3,2
95,437,3,2
95,438,3,2
95,439,3,3
96,137,3,2
96,138,3,2
96,139,3,2
96,140,3,2
96,141,3,2
96,142,3,2
96,143,3,2
96,144,3,2
96,145,3,2
96,146,3,2
96,147,3,2
96,148,3,2
96,149,3,2
96,150,3,2
96,151,3,2
96,152,3,2
96,153,3,2
96,154,3,2
96,155,3,2
96,156,3,2
96,157,3,2
96,158,3,2
96,159,3,2
96,160,3,2
96,161,3,2
96,162,3,2
96,163,3,2
96,164,3,2
96,165,3,2
96,166,3,2
96,167,3,2
96,168,3,2
96,169,3,2
96,170,3,2
96,171,3,2
96,172,3,2
96,173,3,2
96,174,3,2
96,175,3,2
96,176,3,2
96,177,3,2
96,178,3,2
96,179,3,2
96,180,3,2
96,181,3,2
96,182,3,2
96,183,3,2
96,184,3,2
96,185,3,2
96,186,3,2
96,187,3,2
96,188,3,2
96,189,3,2
96,190,3,2
96,191,3,2
96,192,3,2
96,193,3,2
96,194,3,2
96,195,3,2
96,196,3,2
96,197,3,2
96,198,3,2
96,199,3,2
96,200,3,2
96,201,3,2
96,202,3,2
96,203,3,2
96,204,3,2
96,205,3,2
96,206,3,2
96,207,3,2
96,208,3,2
96,209,3,2
96,210,3,2
96,211,3,2
96,212,3,2
96,213,3,2
96,214,3,2
96,215,3,2
96,216,3,2
96,217,3,2
96,218,3,2
96,219,3,3
96,220,3,3
96,221,3,3
96,222,3,3
96,223,3,3
96,224,3,3
96,225,3,3
96,226,3,3
96,227,3,3
96,228,3,3
96,229,3,3
96,230,3,3
96,231,3,3
96,232,3,3
96,233,3,3
96,234,3,3
96,235,3,3
96,236,3,3
96,237,3,3
96,238,3,3
96,239,3,3
96,240,3,3
96,241,3,3
96,242,3,3
96,243,3,3
96,244,3,3
96,245,3,3
96,246,3,3
96,247,3,3
96,248,3,3
96,249,3,3
96,250,3,3
96,251,3,3
96,252,3,3
96,253,3,3
96,254,3,3
96,255,3,3
96,256,3,3
96,257,3,3
96,258,3,3
96,259,3,3
96,260,3,3
96,261,3,3
96,262,3,3
96,263,3,3
96,264,3,3
96,265,3,3
96,266,3,3
96,267,3,3
96,268,3,3
96,269,3,3
96,270,3,3
96,271,3,3
96,272,3,3
96,273,3,3
96,274,3,3
96,275,3,3
96,276,3,3
96,277,3,3
96,278,3,3
96,279,3,3
96,280,3,3
96,281,3,3
96,282,3,3
96,283,3,3
96,284,3,3
96,285,3,3
96,286,3,3
96,287,3,3
96,288,3,3
96,289,3,3
96,290,3,3
96,291,3,3
96,292,3,3
96,293,3,3
96,294,3,3
96,295,3,3
96,296,3,3
96,297,3,3
96,298,3,3
96,299,3,3
96,300,3,3
96,301,3,3
96,302,3,3
96,303,3,3
96,304,3,3
96,305,3,3
96,306,3,3
96,307,3,3
96,308,3,3
96,309,3,3
96,310,3,3
96,311,3,3
96,312,3,3
96,313,3,3
96,314,3,3
96,315,3,3
96,316,3,3
96,317,3,3
96,318,3,3
96,319,3,3
96,320,3,3
96,321,3,3
96,322,3,3
96,323,3,3
96,324,3,3
96,325,3,3
96,326,3,3
96,327,3,3
96,328,3,3
96,329,3,3
96,330,3,3
96,331,3,3
96,332,3,3
96,333,3,3
96,334,3,3
96,335,3,3
96,336,3,3
96,337,3,3
96,338,3,3
96,339,3,3
96,340,3,3
96,341,3,3
96,342,3,3
96,343,3,3
96,344,3,3
96,345,3,3
96,346,3,3
96,347,3,3
96,348,3,3
96,349,3,3
96,350,3,3
96,351,3,3
96,352,3,3
96,353,3,3
96,354,3,3
96,355,3,3
96,356,3,3
96,357,3,3
96,358,3,3
96,359,3,3
96,360,3,3
96,361,3,3
96,362,3,3
96,363,3,3
96,364,3,3
96,365,3,3
96,366,3,3
96,367,3,3
96,368,3,2
96,369,3,2
96,370,3,2
96,371,3,2
96,372,3,2
96,373,3,3
96,374,3,3
96,375,3,3
96,376,3,3
96,377,3,3
96,378,3,3
96,379,3,2
96,380,3,2
96,381,3,3
96,382,3,2
96,383,3,2
96,384,3,2
96,385,3,3
96,386,3,3
96,387,3,3
96,388,3,3
96,389,3,3
96,390,3,3
96,391,3,2
96,392,3,2
96,393,3,2
96,394,3,2
96,395,3,2
96,396,3,2
96,397,3,2
96,398,3,2
96,399,3,2
96,400,3,2
96,401,3,2
96,402,3,2
96,403,3,2
96,404,3,2
96,405,3,2
96,406,3,2
96,407,3,2
96,408,3,2
96,409,3,2
96,410,3,2
96,411,3,2
96,412,3,2
96,413,3,2
96,414,3,2
96,415,3,2
96,416,3,2
96,417,3,2
96,418,3,2
96,419,3,2
96,420,3,2
96,421,3,2
96,422,3,2
96,423,3,2
96,424,3,2
96,425,3,2
96,426,3,2
96,427,3,2
96,428,3,2
96,429,3,2
96,430,3,2
96,431,3,2
96,432,3,2
96,433,3,2
96,434,3,2
96,435,3,2
96,436,3,2
96,437,3,2
96,438,3,2
96,439,3,2
96,440,3,2
96,441,3,2
97,136,3,2
97,137,3,2
97,138,3,2
97,139,3,2
97,140,3,2
97,141,3,2
97,142,3,2
97,143,3,2
97,144,3,2
97,145,3,2
97,146,3,2
97,147,3,2
97,148,3,2
97,149,3,2
97,150,3,2
97,151,3,2
97,152,3,2
97,153,3,2
97,154,3,2
97,155,3,2
97,156,3,2
97,157,3,2
97,158,3,2
97,159,3,2
97,160,3,2
97,161,3,2
97,162,3,2
97,163,3,2
97,164,3,2
97,165,3,2
97,166,3,2
97,167,3,2
97,168,3,2
97,169,3,2
97,170,3,2
97,171,3,2
97,172,3,2
97,173,3,2
97,174,3,2
97,175,3,2
97,176,3,2
97,177,3,2
97,178,3,2
97,179,3,2
97,180,3,2
97,181,3,2
97,182,3,2
97,183,3,2
97,184,3,2
97,185,3,2
97,186,3,2
97,187,3,2
97,188,3,2
97,189,3,2
97,190,3,2
97,191,3,2
97,192,3,2
97,193,3,2
97,194,3,2
97,195,3,2
97,196,3,2
97,197,3,2
97,198,3,2
97,199,3,2
97,200,3,2
97,201,3,2
97,202,3,2
97,203,3,2
97,204,3,2
97,205,3,2
97,206,3,2
97,207,3,2
97,208,3,2
97,209,3,2
97,210,3,2
97,211,3,2
97,212,3,2
97,213,3,2
97,214,3,2
97,215,3,2
97,216,3,2
97,217,3,2
97,218,3,2
97,219,3,3
97,220,3,3
97,221,3,3
97,222,3,3
97,223,3,3
97,224,3,3
97,225,3,3
97,226,3,3
97,227,3,3
97,228,3,3
97,229,3,3
97,230,3,3
97,231,3,3
97,232,3,3
97,233,3,3
97,234,3,3
97,235,3,3
97,236,3,3
97,237,3,3
97,238,3,3
97,239,3,3
97,240,3,3
97,241,3,3
97,242,3,3
97,243,3,3
97,244,3,3
97,245,3,3
97,246,3,3
97,247,3,3
97,248,3,3
97,249,3,3
97,250,3,3
97,251,3,3
97,252,3,3
97,253,3,3
97,254,3,3
97,255,3,3
97,256,3,3
97,257,3,3
97,258,3,3
97,259,3,3
97,260,3,3
97,261,3,3
97,262,3,3
97,263,3,3
97,264,3,3
97,265,3,3
97,266,3,3
97,267,3,3
97,268,3,3
97,269,3,3
97,270,3,3
97,271,3,3
97,272,3,3
97,273,3,3
97,274,3,3
97,275,3,3
97,276,3,3
97,277,3,3
97,278,3,3
97,279,3,3
97,280,3,3
97,281,3,3
97,282,3,3
97,283,3,3
97,284,3,3
97,285,3,3
97,286,3,3
97,287,3,3
97,288,3,3
97,289,3,3
97,290,3,3
97,291,3,3
97,292,3,3
97,293,3,3
97,294,3,3
97,295,3,3
97,296,3,3
97,297,3,3
97,298,3,3
97,299,3,3
97,300,3,3
97,301,3,3
97,302,3,3
97,303,3,3
97,304,3,3
97,305,3,3
97,306,3,3
97,307,3,3
97,308,3,3
97,309,3,3
97,310,3,3
97,311,3,3
97,312,3,3
97,313,3,3
97,314,3,3
97,315,3,3
97,316,3,3
97,317,3,3
97,318,3,3
97,319,3,3
97,320,3,3
97,321,3,3
97,322,3,3
97,323,3,3
97,324,3,3
97,325,3,3
97,326,3,3
97,327,3,3
97,328,3,3
97,329,3,3
97,330,3,3
97,331,3,3
97,332,3,3
97,333,3,3
97,334,3,3
97,335,3,3
97,336,3,3
97,337,3,3
97,338,3,3
97,339,3,3
97,340,3,3
97,341,3,3
97,342,3,3
97,343,3,3
97,344,3,3
97,345,3,3
97,346,3,3
97,347,3,3
97,348,3,3
97,349,3,3
97,350,3,3
97,351,3,3
97,352,3,3
97,353,3,3
97,354,3,3
97,355,3,3
97,356,3,3
97,357,3,3
97,358,3,3
97,359,3,3
97,360,3,3
97,361,3,3
97,362,3,3
97,363,3,3
97,364,3,3
97,365,3,3
97,366,3,3
97,367,3,3
97,368,3,3
97,369,3,3
97,370,3,2
97,371,3,3
97,372,3,3
97,373,3,3
97,374,3,3
97,375,3,3
97,376,3,3
97,377,3,3
97,378,3,3
97,379,3,3
97,380,3,3
97,381,3,3
97,382,3,3
97,383,3,3
97,384,3,3
97,385,3,3
97,386,3,3
97,387,3,3
97,388,3,3
97,389,3,3
97,390,3,3
97,391,3,2
97,392,3,2
97,393,3,2
97,394,3,2
97,395,3,2
97,396,3,2
97,397,3,2
97,398,3,2
97,399,3,2
97,400,3,2
97,401,3,2
97,402,3,2
97,403,3,2
97,404,3,2
97,405,3,2
97,406,3,2
97,407,3,3
97,408,3,3
97,409,3,2
97,410,3,2
97,411,3,3
97,412,3,3
97,413,3,2
97,414,3,2
97,415,3,2
97,416,3,2
97,417,3,2
97,418,3,2
97,419,3,2
97,420,3,2
97,421,3,2
97,422,3,2
97,423,3,2
97,424,3,2
97,425,3,2
97,426,3,2
97,427,3,2
97,428,3,2
97,429,3,2
97,430,3,2
97,431,3,2
97,432,3,2
97,433,3,2
97,434,3,2
97,435,3,2
97,436,3,2
97,437,3,2
97,438,3,2
97,439,3,2
97,440,3,2
97,441,3,2
97,442,3,2
97,443,3,2
98,134,3,2
98,135,3,2
98,136,3,2
98,137,3,2
98,138,3,2
98,139,3,2
98,140,3,2
98,141,3,2
98,142,3,2
98,143,3,2
98,144,3,2
98,145,3,2
98,146,3,2
98,147,3,2
98,148,3,2
98,149,3,2
98,150,3,2
98,151,3,2
98,152,3,2
98,153,3,2
98,154,3,2
98,155,3,2
98,156,3,2
98,157,3,2
98,158,3,2
98,159,3,2
98,160,3,2
98,161,3,2
98,162,3,2
98,163,3,2
98,164,3,2
98,165,3,2
98,166,3,2
98,167,3,2
98,168,3,2
98,169,3,2
98,170,3,2
98,171,3,2
98,172,3,2
98,173,3,2
98,174,3,2
98,175,3,2
98,176,3,2
98,177,3,2
98,178,3,2
98,179,3,2
98,180,3,2
98,181,3,2
98,182,3,2
98,183,3,2
98,184,3,2
98,185,3,2
98,186,3,2
98,187,3,2
98,188,3,2
98,189,3,2
98,190,3,2
98,191,3,2
98,192,3,2
98,193,3,2
98,194,3,2
98,195,3,2
98,196,3,2
98,197,3,2
98,198,3,2
98,199,3,2
98,200,3,2
98,201,3,2
98,202,3,2
98,203,3,2
98,204,3,2
98,205,3,2
98,206,3,2
98,207,3,2
98,208,3,2
98,209,3,2
98,210,3,2
98,211,3,2
98,212,3,2
98,213,3,2
98,214,3,2
98,215,3,2
98,216,3,2
98,217,3,2
98,218,3,2
98,219,3,3
98,220,3,3
98,221,3,3
98,222,3,3
98,223,3,3
98,224,3,3
98,225,3,3
98,226,3,3
98,227,3,3
98,228,3,3
98,229,3,3
98,230,3,3
98,231,3,3
98,232,3,3
98,233,3,3
98,234,3,3
98,235,3,3
98,236,3,3
98,237,3,3
98,238,3,3
98,239,3,3
98,240,3,3
98,241,3,3
98,242,3,3
98,243,3,3
98,244,3,3
98,245,3,3
98,246,3,3
98,247,3,3
98,248,3,3
98,249,3,3
98,250,3,3
98,251,3,3
98,252,3,3
98,253,3,3
98,254,3,3
98,255,3,3
98,256,3,3
98,257,3,3
98,258,3,3
98,259,3,3
98,260,3,3
98,261,3,3
98,262,3,3
98,263,3,3
98,264,3,3
98,265,3,3
98,266,3,3
98,267,3,3
98,268,3,3
98,269,3,3
98,270,3,3
98,271,3,3
98,272,3,3
98,273,3,3
98,274,3,3
98,275,3,3
98,276,3,3
98,277,3,3
98,278,3,3
98,279,3,3
98,280,3,3
98,281,3,3
98,282,3,3
98,283,3,3
98,284,3,3
98,285,3,3
98,286,3,3
98,287,3,3
98,288,3,3
98,289,3,3
98,290,3,3
98,291,3,3
98,292,3,3
98,293,3,3
98,294,3,3
98,295,3,3
98,296,3,3
98,297,3,3
98,298,3,3
98,299,3,3
98,300,3,3
98,301,3,3
98,302,3,3
98,303,3,3
98,304,3,3
98,305,3,3
98,306,3,3
98,307,3,3
98,308,3,3
98,309,3,3
98,310,3,3
98,311,3,3
98,312,3,3
98,313,3,3
98,314,3,3
98,315,3,3
98,316,3,3
98,317,3,3
98,318,3,3
98,319,3,3
98,320,3,3
98,321,3,3
98,322,3,3
98,323,3,3
98,324,3,3
98,325,3,3
98,326,3,3
98,327,3,3
98,328,3,3
98,329,3,3
98,330,3,3
98,331,3,3
98,332,3,3
98,333,3,3
98,334,3,3
98,335,3,3
98,336,3,3
98,337,3,3
98,338,3,3
98,339,3,3
98,340,3,3
98,341,3,3
98,342,3,3
98,343,3,3
98,344,3,3
98,345,3,3
98,346,3,3
98,347,3,3
98,348,3,3
98,349,3,3
98,350,3,3
98,351,3,3
98,352,3,3
98,353,3,3
98,354,3,3
98,355,3,3
98,356,3,3
98,357,3,3
98,358,3,3
98,359,3,3
98,360,3,3
98,361,3,3
98,362,3,3
98,363,3,3
98,364,3,3
98,365,3,3
98,366,3,3
98,367,3,3
98,368,3,3
98,369,3,2
98,370,3,2
98,371,3,3
98,372,3,3
98,373,3,3
98,374,3,3
98,375,3,3
98,376,3,3
98,377,3,3
98,378,3,3
98,379,3,3
98,380,3,3
98,381,3,3
98,382,3,3
98,383,3,3
98,384,3,3
98,385,3,3
98,386,3,3
98,387,3,3
98,388,3,3
98,389,3,3
98,390,3,3
98,391,3,3
98,392,3,2
98,393,3,2
98,394,3,2
98,395,3,2
98,396,3,2
98,397,3,2
98,398,3,2
98,399,3,2
98,400,3,2
98,401,3,2
98,402,3,2
98,403,3,2
98,404,3,2
98,405,3,2
98,406,3,2
98,407,3,3
98,408,3,3
98,409,3,2
98,410,3,2
98,411,3,3
98,412,3,3
98,413,3,2
98,414,3,2
98,415,3,2
98,416,3,2
98,417,3,2
98,418,3,2
98,419,3,2
98,420,3,2
98,421,3,2
98,422,3,2
98,423,3,2
98,424,3,2
98,425,3,2
98,426,3,2
98,427,3,2
98,428,3,2
98,429,3,2
98,430,3,2
98,431,3,2
98,432,3,2
98,433,3,2
98,434,3,2
98,435,3,2
98,436,3,2
98,437,3,2
98,438,3,2
98,439,3,2
98,440,3,2
98,441,3,2
98,442,3,2
98,443,3,2
98,444,3,3
99,133,3,2
99,134,3,2
99,135,3,3
99,136,3,3
99,137,3,2
99,138,3,2
99,139,3,2
99,140,3,2
99,141,3,2
99,142,3,2
99,143,3,2
99,144,3,2
99,145,3,2
99,146,3,2
99,147,3,2
99,148,3,2
99,149,3,2
99,150,3,2
99,151,3,2
99,152,3,2
99,153,3,2
99,154,3,2
99,155,3,2
99,156,3,2
99,157,3,2
99,158,3,2
99,159,3,2
99,160,3,2
99,161,3,2
99,162,3,2
99,163,3,2
99,164,3,2
99,165,3,2
99,166,3,2
99,167,3,2
99,168,3,2
99,169,3,2
99,170,3,2
99,171,3,2
99,172,3,2
99,173,3,2
99,174,3,2
99,175,3,2
99,176,3,2
99,177,3,2
99,178,3,2
99,179,3,2
99,180,3,2
99,181,3,2
99,182,3,2
99,183,3,2
99,184,3,2
99,185,3,2
99,186,3,2
99,187,3,2
99,188,3,2
99,189,3,2
99,190,3,2
99,191,3,2
99,192,3,2
99,193,3,2
99,194,3,2
99,195,3,2
99,196,3,2
99,197,3,2
99,198,3,2
99,199,3,2
99,200,3,2
99,201,3,2
99,202,3,2
99,203,3,2
99,204,3,2
99,205,3,2
99,206,3,2
99,207,3,2
99,208,3,2
99,209,3,2
99,210,3,2
99,211,3,2
99,212,3,2
99,213,3,2
99,214,3,2
99,215,3,2
99,216,3,2
99,217,3,2
99,218,3,2
99,219,3,2
99,220,3,3
99,221,3,3
99,222,3,3
99,223,3,3
99,224,3,3
99,225,3,3
99,226,3,3
99,227,3,3
99,228,3,3
99,229,3,3
99,230,3,3
99,231,3,3
99,232,3,3
99,233,3,3
99,234,3,3
99,235,3,3
99,236,3,3
99,237,3,3
99,238,3,3
99,239,3,3
99,240,3,3
99,241,3,3
99,242,3,3
99,243,3,3
99,244,3,3
99,245,3,3
99,246,3,3
99,247,3,3
99,248,3,3
99,249,3,3
99,250,3,3
99,251,3,3
99,252,3,3
99,253,3,3
99,254,3,3
99,255,3,3
99,256,3,3
99,257,3,3
99,258,3,3
99,259,3,3
99,260,3,3
99,261,3,3
99,262,3,3
99,263,3,3
99,264,3,3
99,265,3,3
99,266,3,3
99,267,3,3
99,268,3,3
99,269,3,3
99,270,3,3
99,271,3,3
99,272,3,3
99,273,3,3
99,274,3,3
99,275,3,3
99,276,3,3
99,277,3,3
99,278,3,3
99,279,3,3
99,280,3,3
99,281,3,3
99,282,3,3
99,283,3,3
99,284,3,3
99,285,3,3
99,286,3,3
99,287,3,3
99,288,3,3
99,289,3,3
99,290,3,3
99,291,3,3
99,292,3,3
99,293,3,3
99,294,3,3
99,295,3,3
99,296,3,3
99,297,3,3
99,298,3,3
99,299,3,3
99,300,3,3
99,301,3,3
99,302,3,3
99,303,3,3
99,304,3,3
99,305,3,3
99,306,3,3
99,307,3,3
99,308,3,3
99,309,3,3
99,310,3,3
99,311,3,3
99,312,3,3
99,313,3,3
99,314,3,3
99,315,3,3
99,316,3,3
99,317,3,3
99,318,3,3
99,319,3,3
99,320,3,3
99,321,3,3
99,322,3,3
99,323,3,3
99,324,3,3
99,325,3,3
99,326,3,3
99,327,3,3
99,328,3,3
99,329,3,3
99,330,3,3
99,331,3,3
99,332,3,3
99,333,3,3
99,334,3,3
99,335,3,3
99,336,3,3
99,337,3,3
99,338,3,3
99,339,3,3
99,340,3,3
99,341,3,3
99,342,3,3
99,343,3,3
99,344,3,3
99,345,3,3
99,346,3,3
99,347,3,3
99,348,3,3
99,349,3,3
99,350,3,3
99,351,3,3
99,352,3,3
99,353,3,3
99,354,3,3
99,355,3,3
99,356,3,3
99,357,3,3
99,358,3,3
99,359,3,3
99,360,3,3
99,361,3,3
99,362,3,3
99,363,3,3
99,364,3,3
99,365,3,3
99,366,3,3
99,367,3,3
99,368,3,3
99,369,3,2
99,370,3,2
99,371,3,3
99,372,3,3
99,373,3,3
99,374,3,3
99,375,3,3
99,376,3,3
99,377,3,3
99,378,3,3
99,379,3,3
99,380,3,3
99,381,3,3
99,382,3,3
99,383,3,3
99,384,3,3
99,385,3,3
99,386,3,3
99,387,3,3
99,388,3,3
99,389,3,3
99,390,3,3
99,391,3,3
99,392,3,3
99,393,3,3
99,394,3,3
99,395,3,2
99,396,3,2
99,397,3,2
99,398,3,2
99,399,3,2
99,400,3,2
99,401,3,2
99,402,3,3
99,403,3,3
99,404,3,3
99,405,3,3
99,406,3,3
99,407,3,3
99,408,3,3
99,409,3,3
99,410,3,3
99,411,3,3
99,412,3,3
99,413,3,3
99,414,3,3
99,415,3,3
99,416,3,2
99,417,3,2
99,418,3,2
99,419,3,2
99,420,3,2
99,421,3,2
99,422,3,2
99,423,3,2
99,424,3,2
99,425,3,2
99,426,3,2
99,427,3,2
99,428,3,2
99,429,3,2
99,430,3,2
99,431,3,2
99,432,3,2
99,433,3,2
99,434,3,2
99,435,3,2
99,436,3,2
99,437,3,2
99,438,3,2
99,439,3,2
99,440,3,2
99,441,3,2
99,442,3,2
99,443,3,2
99,444,3,3
99,445,3,3
100,132,3,3
100,133,3,2
100,134,3,2
100,135,3,2
100,136,3,2
100,137,3,2
100,138,3,2
100,139,3,2
100,140,3,2
100,141,3,2
100,142,3,2
100,143,3,2
100,144,3,2
100,145,3,2
100,146,3,2
100,147,3,2
100,148,3,2
100,149,3,2
100,150,3,2
100,151,3,2
100,152,3,2
100,153,3,2
100,154,3,2
100,155,3,2
100,156,3,2
100,157,3,2
100,158,3,2
100,159,3,2
100,160,3,2
100,161,3,2
100,162,3,2
100,163,3,2
100,164,3,2
100,165,3,2
100,166,3,2
100,167,3,2
100,168,3,2
100,169,3,2
100,170,3,2
100,171,3,2
100,172,3,2
100,173,3,2
100,174,3,2
100,175,3,2
100,176,3,2
100,177,3,2
100,178,3,2
100,179,3,2
100,180,3,2
100,181,3,2
100,182,3,2
100,183,3,2
100,184,3,2
100,185,3,2
100,186,3,2
100,187,3,2
100,188,3,2
100,189,3,2
100,190,3,2
100,191,3,2
100,192,3,2
100,193,3,2
100,194,3,2
100,195,3,2
100,196,3,2
100,197,3,2
100,198,3,2
100,199,3,2
100,200,3,2
100,201,3,2
100,202,3,2
100,203,3,2
100,204,3,2
100,205,3,2
100,206,3,2
100,207,3,2
100,208,3,2
100,209,3,2
100,210,3,2
100,211,3,2
100,212,3,2
100,213,3,2
100,214,3,2
100,215,3,2
100,216,3,2
100,217,3,2
100,218,3,2
100,219,3,2
100,220,3,2
100,221,3,3
100,222,3,3
100,223,3,3
100,224,3,3
100,225,3,3
100,226,3,3
100,227,3,3
100,228,3,3
100,229,3,3
100,230,3,3
100,231,3,3
100,232,3,3
100,233,3,3
100,234,3,3
100,235,3,3
100,236,3,3
100,237,3,3
100,238,3,3
100,239,3,3
100,240,3,3
100,241,3,3
100,242,3,3
100,243,3,3
100,244,3,3
100,245,3,3
100,246,3,3
100,247,3,3
100,248,3,3
100,249,3,3
100,250,3,3
100,251,3,3
100,252,3,3
100,253,3,3
100,254,3,3
100,255,3,3
100,256,3,3
100,257,3,3
100,258,3,3
100,259,3,3
100,260,3,3
100,261,3,3
100,262,3,3
100,263,3,3
100,264,3,3
100,265,3,3
100,266,3,3
100,267,3,3
100,268,3,3
100,269,3,3
100,270,3,3
100,271,3,3
100,272,3,3
100,273,3,3
100,274,3,3
100,275,3,3
100,276,3,3
100,277,3,3
100,278,3,3
100,279,3,3
100,280,3,3
100,281,3,3
100,282,3,3
100,283,3,3
100,284,3,3
100,285,3,3
100,286,3,3
100,287,3,3
100,288,3,3
100,289,3,3
100,290,3,3
100,291,3,3
100,292,3,3
100,293,3,3
100,294,3,3
100,295,3,3
100,296,3,3
100,297,3,3
100,298,3,3
100,299,3,3
100,300,3,3
100,301,3,3
100,302,3,3
100,303,3,3
100,304,3,3
100,305,3,3
100,306,3,3
100,307,3,3
100,308,3,3
100,309,3,3
100,310,3,3
100,311,3,3
100,312,3,3
100,313,3,3
100,314,3,3
100,315,3,3
100,316,3,3
100,317,3,3
100,318,3,3
100,319,3,3
100,320,3,3
100,321,3,3
100,322,3,3
100,323,3,3
100,324,3,3
100,325,3,3
100,326,3,3
100,327,3,3
100,328,3,3
100,329,3,3
100,330,3,3
100,331,3,3
100,332,3,3
100,333,3,3
100,334,3,3
100,335,3,3
100,336,3,3
100,337,3,3
100,338,3,3
100,339,3,3
100,340,3,3
100,341,3,3
100,342,3,3
100,343,3,3
100,344,3,3
100,345,3,3
100,346,3,3
100,347,3,3
100,348,3,3
100,349,3,3
100,350,3,3
100,351,3,3
100,352,3,3
100,353,3,3
100,354,3,3
100,355,3,3
100,356,3,3
100,357,3,3
100,358,3,3
100,359,3,3
100,360,3,3
100,361,3,3
100,362,3,3
100,363,3,3
100,364,3,3
100,365,3,3
100,366,3,3
100,367,3,3
100,368,3,3
100,369,3,2
100,370,3,2
100,371,3,3
100,372,3,3
100,373,3,3
100,374,3,3
100,375,3,3
100,376,3,3
100,377,3,3
100,378,3,3
100,379,3,3
100,380,3,3
100,381,3,3
100,382,3,3
100,383,3,3
100,384,3,3
100,385,3,3
100,386,3,3
100,387,3,3
100,388,3,3
100,389,3,3
100,390,3,3
100,391,3,3
100,392,3,3
100,393,3,3
100,394,3,3
100,395,3,2
100,396,3,2
100,397,3,2
100,398,3,2
100,399,3,2
100,400,3,2
100,401,3,3
100,402,3,3
100,403,3,3
100,404,3,3
100,405,3,3
100,406,3,3
100,407,3,3
100,408,3,3
100,409,3,3
100,410,3,3
100,411,3,3
100,412,3,3
100,413,3,3
100,414,3,3
100,415,3,3
100,416,3,3
100,417,3,2
100,418,3,2
100,419,3,2
100,420,3,2
100,421,3,2
100,422,3,2
100,423,3,2
100,424,3,2
100,425,3,2
100,426,3,2
100,427,3,2
100,428,3,2
100,429,3,2
100,430,3,2
100,431,3,2
100,432,3,2
100,433,3,2
100,434,3,2
100,435,3,2
100,436,3,2
100,437,3,2
100,438,3,2
100,439,3,2
100,440,3,2
100,441,3,2
100,442,3,2
100,443,3,2
100,444,3,2
100,445,3,3
101,131,3,2
101,132,3,3
101,133,3,2
101,134,3,2
101,135,3,2
101,136,3,2
101,137,3,2
101,138,3,2
101,139,3,2
101,140,3,2
101,141,3,2
101,142,3,2
101,143,3,2
101,144,3,2
101,145,3,2
101,146,3,2
101,147,3,2
101,148,3,2
101,149,3,2
101,150,3,2
101,151,3,2
101,152,3,2
101,153,3,2
101,154,3,2
101,155,3,2
101,156,3,2
101,157,3,2
101,158,3,2
101,159,3,2
101,160,3,2
101,161,3,2
101,162,3,2
101,163,3,2
101,164,3,2
101,165,3,2
101,166,3,2
101,167,3,2
101,168,3,2
101,169,3,2
101,170,3,2
101,171,3,2
101,172,3,2
101,173,3,2
101,174,3,2
101,175,3,2
101,176,3,2
101,177,3,2
101,178,3,2
101,179,3,2
101,180,3,2
101,181,3,2
101,182,3,2
101,183,3,2
101,184,3,2
101,185,3,2
101,186,3,2
101,187,3,2
101,188,3,2
101,189,3,2
101,190,3,2
101,191,3,2
101,192,3,2
101,193,3,2
101,194,3,2
101,195,3,2
101,196,3,2
101,197,3,2
101,198,3,2
101,199,3,2
101,200,3,2
101,201,3,2
101,202,3,2
101,203,3,2
101,204,3,2
101,205,3,2
101,206,3,2
101,207,3,2
101,208,3,2
101,209,3,2
101,210,3,2
101,211,3,2
101,212,3,2
101,213,3,2
101,214,3,2
101,215,3,2
101,216,3,2
101,217,3,2
101,218,3,2
101,219,3,2
101,220,3,2
101,221,3,3
101,222,3,3
101,223,3,3
101,224,3,3
101,225,3,3
101,226,3,3
101,227,3,3
101,228,3,3
101,229,3,3
101,230,3,3
101,231,3,3
101,232,3,3
101,233,3,3
101,234,3,3
101,235,3,3
101,236,3,3
101,237,3,3
101,238,3,3
101,239,3,3
101,240,3,3
101,241,3,3
101,242,3,3
101,243,3,3
101,244,3,3
101,245,3,3
101,246,3,3
101,247,3,3
101,248,3,3
101,249,3,3
101,250,3,3
101,251,3,3
101,252,3,3
101,253,3,3
101,254,3,3
101,255,3,3
101,256,3,3
101,257,3,3
101,258,3,3
101,259,3,3
101,260,3,3
101,261,3,3
101,262,3,3
101,263,3,3
101,264,3,3
101,265,3,3
101,266,3,3
101,267,3,3
101,268,3,3
101,269,3,3
101,270,3,3
101,271,3,3
101,272,3,3
101,273,3,3
101,274,3,3
101,275,3,3
101,276,3,3
101,277,3,3
101,278,3,3
101,279,3,3
101,280,3,3
101,281,3,3
101,282,3,3
101,283,3,3
101,284,3,3
101,285,3,3
101,286,3,3
101,287,3,3
101,288,3,3
101,289,3,3
101,290,3,3
101,291,3,3
101,292,3,3
101,293,3,3
101,294,3,3
101,295,3,3
101,296,3,3
101,297,3,3
101,298,3,3
101,299,3,3
101,300,3,3
101,301,3,3
101,302,3,3
101,303,3,3
101,304,3,3
101,305,3,3
101,306,3,3
101,307,3,3
101,308,3,3
101,309,3,3
101,310,3,3
101,311,3,3
101,312,3,3
101,313,3,3
101,314,3,3
101,315,3,3
101,316,3,3
101,317,3,3
101,318,3,3
101,319,3,3
101,320,3,3
101,321,3,3
101,322,3,3
101,323,3,3
101,324,3,3
101,325,3,3
101,326,3,3
101,327,3,3
101,328,3,3
101,329,3,3
101,330,3,3
101,331,3,3
101,332,3,3
101,333,3,3
101,334,3,3
101,335,3,3
101,336,3,3
101,337,3,3
101,338,3,3
101,339,3,3
101,340,3,3
101,341,3,3
101,342,3,3
101,343,3,3
101,344,3,3
101,345,3,3
101,346,3,3
101,347,3,3
101,348,3,3
101,349,3,3
101,350,3,3
101,351,3,3
101,352,3,3
101,353,3,3
101,354,3,3
101,355,3,3
101,356,3,3
101,357,3,3
101,358,3,3
101,359,3,3
101,360,3,3
101,361,3,3
101,362,3,2
101,363,3,2
101,364,3,2
101,365,3,2
101,366,3,2
101,367,3,2
101,368,3,2
101,369,3,3
101,370,3,3
101,371,3,3
101,372,3,3
101,373,3,3
101,374,3,3
101,375,3,3
101,376,3,3
101,377,3,3
101,378,3,3
101,379,3,3
101,380,3,3
101,381,3,3
101,382,3,3
101,383,3,3
101,384,3,3
101,385,3,3
101,386,3,3
101,387,3,3
101,388,3,3
101,389,3,3
101,390,3,3
101,391,3,3
101,392,3,3
101,393,3,3
101,394,3,3
101,395,3,3
101,396,3,3
101,397,3,3
101,398,3,3
101,399,3,3
101,400,3,3
101,401,3,3
101,402,3,3
101,403,3,3
101,404,3,3
101,405,3,3
101,406,3,3
101,407,3,3
101,408,3,3
101,409,3,3
101,410,3,3
101,411,3,3
101,412,3,3
101,413,3,3
101,414,3,3
101,415,3,3
101,416,3,3
101,417,3,2
101,418,3,2
101,419,3,2
101,420,3,2
101,421,3,2
101,422,3,2
101,423,3,2
101,424,3,2
101,425,3,2
101,426,3,2
101,427,3,2
101,428,3,2
101,429,3,2
101,430,3,2
101,431,3,2
101,432,3,2
101,433,3,2
101,434,3,2
101,435,3,2
101,436,3,2
101,437,3,2
101,438,3,2
101,439,3,2
101,440,3,2
101,441,3,2
101,442,3,2
101,443,3,2
101,444,3,2
102,130,3,3
102,131,3,3
102,132,3,2
102,133,3,2
102,134,3,2
102,135,3,2
102,136,3,2
102,137,3,2
102,138,3,2
102,139,3,2
102,140,3,2
102,141,3,2
102,142,3,2
102,143,3,2
102,144,3,2
102,145,3,2
102,146,3,2
102,147,3,2
102,148,3,2
102,149,3,2
102,150,3,2
102,151,3,2
102,152,3,2
102,153,3,2
102,154,3,2
102,155,3,2
102,156,3,2
102,157,3,2
102,158,3,2
102,159,3,2
102,160,3,2
102,161,3,2
102,162,3,2
102,163,3,2
102,164,3,2
102,165,3,2
102,166,3,2
102,167,3,2
102,168,3,2
102,169,3,2
102,170,3,2
102,171,3,2
102,172,3,2
102,173,3,2
102,174,3,2
102,175,3,2
102,176,3,2
102,177,3,2
102,178,3,2
102,179,3,2
102,180,3,2
102,181,3,2
102,182,3,2
102,183,3,2
102,184,3,2
102,185,3,2
102,186,3,2
102,187,3,2
102,188,3,2
102,189,3,2
102,190,3,2
102,191,3,2
102,192,3,2
102,193,3,2
102,194,3,2
102,195,3,2
102,196,3,2
102,197,3,2
102,198,3,2
102,199,3,2
102,200,3,2
102,201,3,2
102,202,3,2
102,203,3,2
102,204,3,2
102,205,3,2
102,206,3,2
102,207,3,2
102,208,3,2
102,209,3,2
102,210,3,2
102,211,3,2
102,212,3,2
102,213,3,2
102,214,3,2
102,215,3,2
102,216,3,2
102,217,3,2
102,218,3,2
102,219,3,2
102,220,3,2
102,221,3,2
102,222,3,3
102,223,3,3
102,224,3,3
102,225,3,3
102,226,3,3
102,227,3,3
102,228,3,3
102,229,3,3
102,230,3,3
102,231,3,3
102,232,3,3
102,233,3,3
102,234,3,3
102,235,3,3
102,236,3,3
102,237,3,3
102,238,3,3
102,239,3,3
102,240,3,3
102,241,3,3
102,242,3,3
102,243,3,3
102,244,3,3
102,245,3,3
102,246,3,3
102,247,3,3
102,248,3,3
102,249,3,3
102,250,3,3
102,251,3,3
102,252,3,3
102,253,3,3
102,254,3,3
102,255,3,3
102,256,3,3
102,257,3,3
102,258,3,3
102,259,3,3
102,260,3,3
102,261,3,3
102,262,3,3
102,263,3,3
102,264,3,3
102,265,3,3
102,266,3,3
102,267,3,3
102,268,3,3
102,269,3,3
102,270,3,3
102,271,3,3
102,272,3,3
102,273,3,3
102,274,3,3
102,275,3,3
102,276,3,3
102,277,3,3
102,278,3,3
102,279,3,3
102,280,3,3
102,281,3,3
102,282,3,3
102,283,3,3
102,284,3,3
102,285,3,3
102,286,3,3
102,287,3,3
102,288,3,3
102,289,3,3
102,290,3,3
102,291,3,3
102,292,3,3
102,293,3,3
102,294,3,3
102,295,3,3
102,296,3,3
102,297,3,3
102,298,3,3
102,299,3,3
102,300,3,3
102,301,3,3
102,302,3,3
102,303,3,3
102,304,3,3
102,305,3,3
102,306,3,3
102,307,3,3
102,308,3,3
102,309,3,3
102,310,3,3
102,311,3,3
102,312,3,3
102,313,3,3
102,314,3,3
102,315,3,3
102,316,3,3
102,317,3,3
102,318,3,3
102,319,3,3
102,320,3,3
102,321,3,3
102,322,3,3
102,323,3,3
102,324,3,3
102,325,3,3
102,326,3,3
102,327,3,3
102,328,3,3
102,329,3,3
102,330,3,3
102,331,3,3
102,332,3,3
102,333,3,3
102,334,3,3
102,335,3,3
102,336,3,3
102,337,3,3
102,338,3,3
102,339,3,3
102,340,3,3
102,341,3,3
102,342,3,3
102,343,3,3
102,344,3,3
102,345,3,3
102,346,3,3
102,347,3,3
102,348,3,3
102,349,3,3
102,350,3,3
102,351,3,3
102,352,3,3
102,353,3,3
102,354,3,3
102,355,3,3
102,356,3,3
102,357,3,3
102,358,3,3
102,359,3,3
102,360,3,2
102,361,3,2
102,362,3,2
102,363,3,2
102,364,3,2
102,365,3,2
102,366,3,2
102,367,3,2
102,368,3,2
102,369,3,3
102,370,3,3
102,371,3,3
102,372,3,3
102,373,3,3
102,374,3,3
102,375,3,3
102,376,3,3
102,377,3,3
102,378,3,3
102,379,3,3
102,380,3,3
102,381,3,3
102,382,3,3
102,383,3,3
102,384,3,3
102,385,3,3
102,386,3,3
102,387,3,3
102,388,3,3
102,389,3,3
102,390,3,3
102,391,3,3
102,392,3,3
102,393,3,3
102,394,3,3
102,395,3,3
102,396,3,3
102,397,3,3
102,398,3,3
102,399,3,3
102,400,3,3
102,401,3,3
102,402,3,3
102,403,3,3
102,404,3,3
102,405,3,3
102,406,3,3
102,407,3,3
102,408,3,3
102,409,3,3
102,410,3,3
102,411,3,3
102,412,3,3
102,413,3,3
102,414,3,3
102,415,3,3
102,416,3,3
102,417,3,2
102,418,3,2
102,419,3,2
102,420,3,2
102,421,3,2
102,422,3,2
102,423,3,2
102,424,3,2
102,425,3,2
102,426,3,2
102,427,3,2
102,428,3,2
102,429,3,2
102,430,3,2
102,431,3,2
102,432,3,2
102,433,3,2
102,434,3,2
102,435,3,2
102,436,3,2
102,437,3,2
102,438,3,2
102,439,3,2
102,440,3,2
102,441,3,2
102,442,3,2
102,443,3,2
102,444,3,2
103,127,3,3
103,128,3,3
103,129,3,3
103,130,3,2
103,131,3,2
103,132,3,2
103,133,3,2
103,134,3,2
103,135,3,2
103,136,3,2
103,137,3,2
103,138,3,2
103,139,3,2
103,140,3,2
103,141,3,2
103,142,3,2
103,143,3,2
103,144,3,2
103,145,3,2
103,146,3,2
103,147,3,2
103,148,3,2
103,149,3,2
103,150,3,2
103,151,3,2
103,152,3,2
103,153,3,2
103,154,3,2
103,155,3,2
103,156,3,2
103,157,3,2
103,158,3,2
103,159,3,2
103,160,3,2
103,161,3,2
103,162,3,2
103,163,3,2
103,164,3,2
103,165,3,2
103,166,3,2
103,167,3,2
103,168,3,2
103,169,3,2
103,170,3,2
103,171,3,2
103,172,3,2
103,173,3,2
103,174,3,2
103,175,3,2
103,176,3,2
103,177,3,2
103,178,3,2
103,179,3,2
103,180,3,2
103,181,3,2
103,182,3,2
103,183,3,2
103,184,3,2
103,185,3,2
103,186,3,2
103,187,3,2
103,188,3,2
103,189,3,2
103,190,3,2
103,191,3,2
103,192,3,2
103,193,3,2
103,194,3,2
103,195,3,2
103,196,3,2
103,197,3,2
103,198,3,2
103,199,3,2
103,200,3,2
103,201,3,2
103,202,3,2
103,203,3,2
103,204,3,2
103,205,3,2
103,206,3,2
103,207,3,2
103,208,3,2
103,209,3,2
103,210,3,2
103,211,3,2
103,212,3,2
103,213,3,2
103,214,3,2
103,215,3,2
103,216,3,2
103,217,3,2
103,218,3,2
103,219,3,2
103,220,3,2
103,221,3,2
103,222,3,2
103,223,3,2
103,224,3,3
103,225,3,3
103,226,3,3
103,227,3,3
103,228,3,3
103,229,3,3
103,230,3,3
103,231,3,3
103,232,3,3
103,233,3,3
103,234,3,3
103,235,3,3
103,236,3,3
103,237,3,3
103,238,3,3
103,239,3,3
103,240,3,3
103,241,3,3
103,242,3,3
103,243,3,3
103,244,3,3
103,245,3,3
103,246,3,3
103,247,3,3
103,248,3,3
103,249,3,3
103,250,3,3
103,251,3,3
103,252,3,3
103,253,3,3
103,254,3,3
103,255,3,3
103,256,3,3
103,257,3,3
103,258,3,3
103,259,3,3
103,260,3,3
103,261,3,3
103,262,3,3
103,263,3,3
103,264,3,3
103,265,3,3
103,266,3,3
103,267,3,3
103,268,3,3
103,269,3,3
103,270,3,3
103,271,3,3
103,272,3,3
103,273,3,3
103,274,3,3
103,275,3,3
103,276,3,3
103,277,3,3
103,278,3,3
103,279,3,3
103,280,3,3
103,281,3,3
103,282,3,3
103,283,3,3
103,284,3,3
103,285,3,3
103,286,3,3
103,287,3,3
103,288,3,3
103,289,3,3
103,290,3,3
103,291,3,3
103,292,3,3
103,293,3,3
103,294,3,3
103,295,3,3
103,296,3,3
103,297,3,3
103,298,3,3
103,299,3,3
103,300,3,3
103,301,3,3
103,302,3,3
103,303,3,3
103,304,3,3
103,305,3,3
103,306,3,3
103,307,3,3
103,308,3,3
103,309,3,3
103,310,3,3
103,311,3,3
103,312,3,3
103,313,3,3
103,314,3,3
103,315,3,3
103,316,3,3
103,317,3,3
103,318,3,3
103,319,3,3
103,320,3,3
103,321,3,3
103,322,3,3
103,323,3,3
103,324,3,3
103,325,3,3
103,326,3,3
103,327,3,3
103,328,3,3
103,329,3,3
103,330,3,3
103,331,3,3
103,332,3,3
103,333,3,3
103,334,3,3
103,335,3,3
103,336,3,3
103,337,3,3
103,338,3,3
103,339,3,3
103,340,3,3
103,341,3,3
103,342,3,3
103,343,3,3
103,344,3,3
103,345,3,3
103,346,3,3
103,347,3,3
103,348,3,3
103,349,3,3
103,350,3,3
103,351,3,3
103,352,3,3
103,353,3,3
103,354,3,3
103,355,3,3
103,356,3,2
103,357,3,2
103,358,3,2
103,359,3,2
103,360,3,2
103,361,3,2
103,362,3,2
103,363,3,2
103,364,3,2
103,365,3,2
103,366,3,2
103,367,3,2
103,368,3,3
103,369,3,3
103,370,3,3
103,371,3,3
103,372,3,3
103,373,3,3
103,374,3,3
103,375,3,3
103,376,3,3
103,377,3,3
103,378,3,3
103,379,3,3
103,380,3,3
103,381,3,3
103,382,3,3
103,383,3,3
103,384,3,3
103,385,3,3
103,386,3,3
103,387,3,3
103,388,3,3
103,389,3,3
103,390,3,3
103,391,3,3
103,392,3,3
103,393,3,3
103,394,3,3
103,395,3,3
103,396,3,3
103,397,3,3
103,398,3,3
103,399,3,3
103,400,3,3
103,401,3,3
103,402,3,3
103,403,3,3
103,404,3,3
103,405,3,3
103,406,3,3
103,407,3,3
103,408,3,3
103,409,3,3
103,410,3,3
103,411,3,3
103,412,3,3
103,413,3,3
103,414,3,3
103,415,3,3
103,416,3,3
103,417,3,2
103,418,3,2
103,419,3,2
103,420,3,2
103,421,3,2
103,422,3,2
103,423,3,2
103,424,3,2
103,425,3,2
103,426,3,2
103,427,3,2
103,428,3,2
103,429,3,2
103,430,3,2
103,431,3,2
103,432,3,2
103,433,3,2
103,434,3,2
103,435,3,2
103,436,3,2
103,437,3,2
103,438,3,2
103,439,3,2
103,440,3,2
103,441,3,2
103,442,3,2
103,443,3,2
104,126,3,3
104,127,3,3
104,128,3,3
104,129,3,2
104,130,3,2
104,131,3,2
104,132,3,2
104,133,3,2
104,134,3,2
104,135,3,2
104,136,3,2
104,137,3,2
104,138,3,2
104,139,3,2
104,140,3,2
104,141,3,2
104,142,3,2
104,143,3,2
104,144,3,2
104,145,3,2
104,146,3,2
104,147,3,2
104,148,3,2
104,149,3,2
104,150,3,2
104,151,3,2
104,152,3,2
104,153,3,2
104,154,3,2
104,155,3,2
104,156,3,2
104,157,3,2
104,158,3,2
104,159,3,2
104,160,3,2
104,161,3,2
104,162,3,2
104,163,3,2
104,164,3,2
104,165,3,2
104,166,3,2
104,167,3,2
104,168,3,2
104,169,3,2
104,170,3,2
104,171,3,2
104,172,3,2
104,173,3,2
104,174,3,2
104,175,3,2
104,176,3,2
104,177,3,2
104,178,3,2
104,179,3,2
104,180,3,2
104,181,3,2
104,182,3,2
104,183,3,2
104,184,3,2
104,185,3,2
104,186,3,2
104,187,3,2
104,188,3,2
104,189,3,2
104,190,3,2
104,191,3,2
104,192,3,2
104,193,3,2
104,194,3,2
104,195,3,2
104,196,3,2
104,197,3,2
104,198,3,2
104,199,3,2
104,200,3,2
104,201,3,2
104,202,3,2
104,203,3,2
104,204,3,2
104,205,3,2
104,206,3,2
104,207,3,2
104,208,3,2
104,209,3,2
104,210,3,2
104,211,3,2
104,212,3,2
104,213,3,2
104,214,3,2
104,215,3,2
104,216,3,2
104,217,3,2
104,218,3,2
104,219,3,2
104,220,3,2
104,221,3,2
104,222,3,2
104,223,3,2
104,224,3,2
104,225,3,3
104,226,3,3
104,227,3,3
104,228,3,3
104,229,3,3
104,230,3,3
104,231,3,3
104,232,3,3
104,233,3,3
104,234,3,3
104,235,3,3
104,236,3,3
104,237,3,3
104,238,3,3
104,239,3,3
104,240,3,3
104,241,3,3
104,242,3,3
104,243,3,3
104,244,3,3
104,245,3,3
104,246,3,3
104,247,3,3
104,248,3,3
104,249,3,3
104,250,3,3
104,251,3,3
104,252,3,3
104,253,3,3
104,254,3,3
104,255,3,3
104,256,3,3
104,257,3,3
104,258,3,3
104,259,3,3
104,260,3,3
104,261,3,3
104,262,3,3
104,263,3,3
104,264,3,3
104,265,3,3
104,266,3,3
104,267,3,3
104,268,3,3
104,269,3,3
104,270,3,3
104,271,3,3
104,272,3,3
104,273,3,3
104,274,3,3
104,275,3,3
104,276,3,3
104,277,3,3
104,278,3,3
104,279,3,3
104,280,3,3
104,281,3,3
104,282,3,3
104,283,3,3
104,284,3,3
104,285,3,3
104,286,3,3
104,287,3,3
104,288,3,3
104,289,3,3
104,290,3,3
104,291,3,3
104,292,3,3
104,293,3,3
104,294,3,3
104,295,3,3
104,296,3,3
104,297,3,3
104,298,3,3
104,299,3,3
104,300,3,3
104,301,3,3
104,302,3,3
104,303,3,3
104,304,3,3
104,305,3,3
104,306,3,3
104,307,3,3
104,308,3,3
104,309,3,3
104,310,3,3
104,311,3,3
104,312,3,3
104,313,3,3
104,314,3,3
104,315,3,3
104,316,3,3
104,317,3,3
104,318,3,3
104,319,3,3
104,320,3,3
104,321,3,3
104,322,3,3
104,323,3,3
104,324,3,3
104,325,3,3
104,326,3,3
104,327,3,3
104,328,3,3
104,329,3,3
104,330,3,3
104,331,3,3
104,332,3,3
104,333,3,3
104,334,3,3
104,335,3,3
104,336,3,3
104,337,3,3
104,338,3,3
104,339,3,3
104,340,3,3
104,341,3,3
104,342,3,3
104,343,3,3
104,344,3,3
104,345,3,3
104,346,3,3
104,347,3,3
104,348,3,3
104,349,3,3
104,350,3,3
104,351,3,3
104,352,3,3
104,353,3,3
104,354,3,2
104,355,3,2
104,356,3,2
104,357,3,2
104,358,3,2
104,359,3,2
104,360,3,2
104,361,3,2
104,362,3,2
104,363,3,2
104,364,3,2
104,365,3,2
104,366,3,2
104,367,3,2
104,368,3,2
104,369,3,3
104,370,3,3
104,371,3,3
104,372,3,3
104,373,3,3
104,374,3,3
104,375,3,3
104,376,3,3
104,377,3,3
104,378,3,3
104,379,3,3
104,380,3,3
104,381,3,3
104,382,3,3
104,383,3,3
104,384,3,3
104,385,3,3
104,386,3,3
104,387,3,3
104,388,3,3
104,389,3,3
104,390,3,3
104,391,3,3
104,392,3,3
104,393,3,3
104,394,3,3
104,395,3,3
104,396,3,3
104,397,3,3
104,398,3,3
104,399,3,3
104,400,3,3
104,401,3,3
104,402,3,3
104,403,3,3
104,404,3,3
104,405,3,3
104,406,3,3
104,407,3,3
104,408,3,3
104,409,3,3
104,410,3,3
104,411,3,3
104,412,3,3
104,413,3,3
104,414,3,3
104,415,3,3
104,416,3,3
104,417,3,2
104,418,3,2
104,419,3,2
104,420,3,2
104,421,3,2
104,422,3,2
104,423,3,2
104,424,3,2
104,425,3,2
104,426,3,2
104,427,3,2
104,428,3,2
104,429,3,2
104,430,3,2
104,431,3,2
104,432,3,2
104,433,3,2
104,434,3,2
104,435,3,2
104,436,3,2
104,437,3,2
104,438,3,2
104,439,3,2
104,440,3,2
104,441,3,2
104,442,3,2
104,443,3,2
105,125,3,3
105,126,3,3
105,127,3,3
105,128,3,3
105,129,3,2
105,130,3,2
105,131,3,2
105,132,3,2
105,133,3,2
105,134,3,2
105,135,3,2
105,136,3,2
105,137,3,2
105,138,3,2
105,139,3,2
105,140,3,2
105,141,3,2
105,142,3,2
105,143,3,2
105,144,3,2
105,145,3,2
105,146,3,2
105,147,3,2
105,148,3,2
105,149,3,2
105,150,3,2
105,151,3,2
105,152,3,2
105,153,3,2
105,154,3,2
105,155,3,2
105,156,3,2
105,157,3,2
105,158,3,2
105,159,3,2
105,160,3,2
105,161,3,2
105,162,3,2
105,163,3,2
105,164,3,2
105,165,3,2
105,166,3,2
105,167,3,2
105,168,3,2
105,169,3,2
105,170,3,2
105,171,3,2
105,172,3,2
105,173,3,2
105,174,3,2
105,175,3,2
105,176,3,2
105,177,3,2
105,178,3,2
105,179,3,2
105,180,3,2
105,181,3,2
105,182,3,2
105,183,3,2
105,184,3,2
105,185,3,2
105,186,3,2
105,187,3,2
105,188,3,2
105,189,3,2
105,190,3,2
105,191,3,2
105,192,3,2
105,193,3,2
105,194,3,2
105,195,3,2
105,196,3,2
105,197,3,2
105,198,3,2
105,199,3,2
105,200,3,2
105,201,3,2
105,202,3,2
105,203,3,2
105,204,3,2
105,205,3,2
105,206,3,2
105,207,3,2
105,208,3,2
105,209,3,2
105,210,3,2
105,211,3,2
105,212,3,2
105,213,3,2
105,214,3,2
105,215,3,2
105,216,3,2
105,217,3,2
105,218,3,2
105,219,3,2
105,220,3,2
105,221,3,2
105,222,3,2
105,223,3,2
105,224,3,2
105,225,3,3
105,226,3,3
105,227,3,3
105,228,3,3
105,229,3,3
105,230,3,3
105,231,3,3
105,232,3,3
105,233,3,3
105,234,3,3
105,235,3,3
105,236,3,3
105,237,3,3
105,238,3,3
105,239,3,3
105,240,3,3
105,241,3,3
105,242,3,3
105,243,3,3
105,244,3,3
105,245,3,3
105,246,3,3
105,247,3,3
105,248,3,3
105,249,3,3
105,250,3,3
105,251,3,3
105,252,3,3
105,253,3,3
105,254,3,3
105,255,3,3
105,256,3,3
105,257,3,3
105,258,3,3
105,259,3,3
105,260,3,3
105,261,3,3
105,262,3,3
105,263,3,3
105,264,3,3
105,265,3,3
105,266,3,3
105,267,3,3
105,268,3,3
105,269,3,3
105,270,3,3
105,271,3,3
105,272,3,3
105,273,3,3
105,274,3,3
105,275,3,3
105,276,3,3
105,277,3,3
105,278,3,3
105,279,3,3
105,280,3,3
105,281,3,3
105,282,3,3
105,283,3,3
105,284,3,3
105,285,3,3
105,286,3,3
105,287,3,3
105,288,3,3
105,289,3,3
105,290,3,3
105,291,3,3
105,292,3,3
105,293,3,3
105,294,3,3
105,295,3,3
105,296,3,3
105,297,3,3
105,298,3,3
105,299,3,3
105,300,3,3
105,301,3,3
105,302,3,3
105,303,3,3
105,304,3,3
105,305,3,3
105,306,3,3
105,307,3,3
105,308,3,3
105,309,3,3
105,310,3,3
105,311,3,3
105,312,3,3
105,313,3,3
105,314,3,3
105,315,3,3
105,316,3,3
105,317,3,3
105,318,3,3
105,319,3,3
105,320,3,3
105,321,3,3
105,322,3,3
105,323,3,3
105,324,3,3
105,325,3,3
105,326,3,3
105,327,3,3
105,328,3,3
105,329,3,3
105,330,3,3
105,331,3,3
105,332,3,3
105,333,3,3
105,334,3,3
105,335,3,3
105,336,3,3
105,337,3,3
105,338,3,3
105,339,3,3
105,340,3,3
105,341,3,3
105,342,3,3
105,343,3,3
105,344,3,3
105,345,3,3
105,346,3,3
105,347,3,3
105,348,3,3
105,349,3,3
105,350,3,3
105,351,3,3
105,352,3,3
105,353,3,3
105,354,3,2
105,355,3,2
105,356,3,2
105,357,3,2
105,358,3,2
105,359,3,2
105,360,3,2
105,361,3,2
105,362,3,2
105,363,3,2
105,364,3,2
105,365,3,2
105,366,3,2
105,367,3,2
105,368,3,3
105,369,3,3
105,370,3,3
105,371,3,3
105,372,3,3
105,373,3,3
105,374,3,3
105,375,3,3
105,376,3,3
105,377,3,3
105,378,3,3
105,379,3,3
105,380,3,3
105,381,3,3
105,382,3,3
105,383,3,3
105,384,3,3
105,385,3,3
105,386,3,3
105,387,3,3
105,388,3,3
105,389,3,3
105,390,3,3
105,391,3,3
105,392,3,3
105,393,3,3
105,394,3,3
105,395,3,3
105,396,3,3
105,397,3,3
105,398,3,3
105,399,3,3
105,400,3,3
105,401,3,3
105,402,3,3
105,403,3,3
105,404,3,3
105,405,3,3
105,406,3,3
105,407,3,3
105,408,3,3
105,409,3,3
105,410,3,3
105,411,3,3
105,412,3,3
105,413,3,3
105,414,3,3
105,415,3,3
105,416,3,3
105,417,3,2
105,418,3,2
105,419,3,2
105,420,3,2
105,421,3,2
105,422,3,2
105,423,3,2
105,424,3,2
105,425,3,2
105,426,3,2
105,427,3,2
105,428,3,2
105,429,3,2
105,430,3,2
105,431,3,2
105,432,3,2
105,433,3,2
105,434,3,2
105,435,3,2
105,436,3,2
105,437,3,2
105,438,3,2
105,439,3,2
105,440,3,2
105,441,3,2
105,442,3,2
106,124,3,3
106,125,3,3
106,126,3,3
106,127,3,3
106,128,3,2
106,129,3,2
106,130,3,2
106,131,3,2
106,132,3,2
106,133,3,2
106,134,3,2
106,135,3,2
106,136,3,2
106,137,3,2
106,138,3,2
106,139,3,2
106,140,3,2
106,141,3,2
106,142,3,2
106,143,3,2
106,144,3,2
106,145,3,2
106,146,3,2
106,147,3,2
106,148,3,2
106,149,3,2
106,150,3,2
106,151,3,2
106,152,3,2
106,153,3,2
106,154,3,2
106,155,3,2
106,156,3,2
106,157,3,2
106,158,3,2
106,159,3,2
106,160,3,2
106,161,3,2
106,162,3,2
106,163,3,2
106,164,3,2
106,165,3,2
106,166,3,2
106,167,3,2
106,168,3,2
106,169,3,2
106,170,3,2
106,171,3,2
106,172,3,2
106,173,3,2
106,174,3,2
106,175,3,2
106,176,3,2
106,177,3,2
106,178,3,2
106,179,3,2
106,180,3,2
106,181,3,2
106,182,3,2
106,183,3,2
106,184,3,2
106,185,3,2
106,186,3,2
106,187,3,2
106,188,3,2
106,189,3,2
106,190,3,2
106,191,3,2
106,192,3,2
106,193,3,2
106,194,3,2
106,195,3,2
106,196,3,2
106,197,3,2
106,198,3,2
106,199,3,2
106,200,3,2
106,201,3,2
106,202,3,2
106,203,3,2
106,204,3,2
106,205,3,2
106,206,3,2
106,207,3,2
106,208,3,2
106,209,3,2
106,210,3,2
106,211,3,2
106,212,3,2
106,213,3,2
106,214,3,2
106,215,3,2
106,216,3,2
106,217,3,2
106,218,3,2
106,219,3,2
106,220,3,2
106,221,3,2
106,222,3,2
106,223,3,2
106,224,3,2
106,225,3,2
106,226,3,3
106,227,3,3
106,228,3,3
106,229,3,3
106,230,3,3
106,231,3,3
106,232,3,3
106,233,3,3
106,234,3,3
106,235,3,3
106,236,3,3
106,237,3,3
106,238,3,3
106,239,3,3
106,240,3,3
106,241,3,3
106,242,3,3
106,243,3,3
106,244,3,3
106,245,3,3
106,246,3,3
106,247,3,3
106,248,3,3
106,249,3,3
106,250,3,3
106,251,3,3
106,252,3,3
106,253,3,3
106,254,3,3
106,255,3,3
106,256,3,3
106,257,3,3
106,258,3,3
106,259,3,3
106,260,3,3
106,261,3,3
106,262,3,3
106,263,3,3
106,264,3,3
106,265,3,3
106,266,3,3
106,267,3,3
106,268,3,3
106,269,3,3
106,270,3,3
106,271,3,3
106,272,3,3
106,273,3,3
106,274,3,3
106,275,3,3
106,276,3,3
106,277,3,3
106,278,3,3
106,279,3,3
106,280,3,3
106,281,3,3
106,282,3,3
106,283,3,3
106,284,3,3
106,285,3,3
106,286,3,3
106,287,3,3
106,288,3,3
106,289,3,3
106,290,3,3
106,291,3,3
106,292,3,3
106,293,3,3
106,294,3,3
106,295,3,3
106,296,3,3
106,297,3,3
106,298,3,3
106,299,3,3
106,300,3,3
106,301,3,3
106,302,3,3
106,303,3,3
106,304,3,3
106,305,3,3
106,306,3,3
106,307,3,3
106,308,3,3
106,309,3,3
106,310,3,3
106,311,3,3
106,312,3,3
106,313,3,3
106,314,3,3
106,315,3,3
106,316,3,3
106,317,3,3
106,318,3,3
106,319,3,3
106,320,3,3
106,321,3,3
106,322,3,3
106,323,3,3
106,324,3,3
106,325,3,3
106,326,3,3
106,327,3,3
106,328,3,3
106,329,3,3
106,330,3,3
106,331,3,3
106,332,3,3
106,333,3,3
106,334,3,3
106,335,3,3
106,336,3,3
106,337,3,3
106,338,3,3
106,339,3,3
106,340,3,3
106,341,3,3
106,342,3,3
106,343,3,3
106,344,3,3
106,345,3,3
106,346,3,3
106,347,3,3
106,348,3,3
106,349,3,3
106,350,3,3
106,351,3,3
106,352,3,3
106,353,3,3
106,354,3,2
106,355,3,2
106,356,3,2
106,357,3,2
106,358,3,2
106,359,3,2
106,360,3,2
106,361,3,2
106,362,3,2
106,363,3,2
106,364,3,2
106,365,3,2
106,366,3,2
106,367,3,2
106,368,3,2
106,369,3,3
106,370,3,3
106,371,3,3
106,372,3,3
106,373,3,3
106,374,3,3
106,375,3,3
106,376,3,3
106,377,3,3
106,378,3,3
106,379,3,3
106,380,3,3
106,381,3,3
106,382,3,3
106,383,3,3
106,384,3,2
106,385,3,3
106,386,3,3
106,387,3,3
106,388,3,3
106,389,3,3
106,390,3,3
106,391,3,3
106,392,3,3
106,393,3,3
106,394,3,3
106,395,3,3
106,396,3,3
106,397,3,3
106,398,3,3
106,399,3,3
106,400,3,3
106,401,3,3
106,402,3,3
106,403,3,3
106,404,3,3
106,405,3,3
106,406,3,3
106,407,3,3
106,408,3,3
106,409,3,3
106,410,3,3
106,411,3,3
106,412,3,3
106,413,3,3
106,414,3,3
106,415,3,3
106,416,3,3
106,417,3,2
106,418,3,2
106,419,3,2
106,420,3,2
106,421,3,2
106,422,3,2
106,423,3,2
106,424,3,2
106,425,3,2
106,426,3,2
106,427,3,2
106,428,3,2
106,429,3,2
106,430,3,2
106,431,3,2
106,432,3,2
106,433,3,2
106,434,3,2
106,435,3,2
106,436,3,2
106,437,3,2
106,438,3,2
106,439,3,2
106,440,3,2
106,441,3,2
106,442,3,2
107,122,3,3
107,123,3,3
107,124,3,3
107,125,3,3
107,126,3,3
107,127,3,3
107,128,3,2
107,129,3,2
107,130,3,2
107,131,3,2
107,132,3,2
107,133,3,2
107,134,3,2
107,135,3,2
107,136,3,2
107,137,3,2
107,138,3,2
107,139,3,2
107,140,3,2
107,141,3,2
107,142,3,2
107,143,3,2
107,144,3,2
107,145,3,2
107,146,3,2
107,147,3,2
107,148,3,2
107,149,3,2
107,150,3,2
107,151,3,2
107,152,3,2
107,153,3,2
107,154,3,2
107,155,3,2
107,156,3,2
107,157,3,2
107,158,3,2
107,159,3,2
107,160,3,2
107,161,3,2
107,162,3,2
107,163,3,2
107,164,3,2
107,165,3,2
107,166,3,2
107,167,3,2
107,168,3,2
107,169,3,2
107,170,3,2
107,171,3,2
107,172,3,2
107,173,3,2
107,174,3,2
107,175,3,2
107,176,3,2
107,177,3,2
107,178,3,2
107,179,3,2
107,180,3,2
107,181,3,2
107,182,3,2
107,183,3,2
107,184,3,2
107,185,3,2
107,186,3,2
107,187,3,2
107,188,3,2
107,189,3,2
107,190,3,2
107,191,3,2
107,192,3,2
107,193,3,2
107,194,3,2
107,195,3,2
107,196,3,2
107,197,3,2
107,198,3,2
107,199,3,2
107,200,3,2
107,201,3,2
107,202,3,2
107,203,3,2
107,204,3,2
107,205,3,2
107,206,3,2
107,207,3,2
107,208,3,2
107,209,3,2
107,210,3,2
107,211,3,2
107,212,3,2
107,213,3,2
107,214,3,2
107,215,3,2
107,216,3,2
107,217,3,2
107,218,3,2
107,219,3,2
107,220,3,2
107,221,3,2
107,222,3,2
107,223,3,2
107,224,3,2
107,225,3,2
107,226,3,2
107,227,3,2
107,228,3,2
107,229,3,2
107,230,3,2
107,231,3,2
107,232,3,2
107,233,3,2
107,234,3,3
107,235,3,3
107,236,3,3
107,237,3,3
107,238,3,3
107,239,3,3
107,240,3,2
107,241,3,2
107,242,3,2
107,243,3,2
107,244,3,3
107,245,3,3
107,246,3,3
107,247,3,3
107,248,3,3
107,249,3,3
107,250,3,3
107,251,3,3
107,252,3,3
107,253,3,3
107,254,3,3
107,255,3,3
107,256,3,3
107,257,3,3
107,258,3,3
107,259,3,3
107,260,3,3
107,261,3,3
107,262,3,3
107,263,3,3
107,264,3,3
107,265,3,3
107,266,3,3
107,267,3,3
107,268,3,3
107,269,3,3
107,270,3,3
107,271,3,3
107,272,3,3
107,273,3,3
107,274,3,3
107,275,3,3
107,276,3,3
107,277,3,3
107,278,3,3
107,279,3,3
107,280,3,3
107,281,3,3
107,282,3,3
107,283,3,3
107,284,3,3
107,285,3,3
107,286,3,3
107,287,3,3
107,288,3,3
107,289,3,3
107,290,3,3
107,291,3,3
107,292,3,3
107,293,3,3
107,294,3,3
107,295,3,3
107,296,3,3
107,297,3,3
107,298,3,3
107,299,3,3
107,300,3,3
107,301,3,3
107,302,3,3
107,303,3,3
107,304,3,3
107,305,3,3
107,306,3,3
107,307,3,3
107,308,3,3
107,309,3,3
107,310,3,3
107,311,3,3
107,312,3,3
107,313,3,3
107,314,3,3
107,315,3,3
107,316,3,3
107,317,3,3
107,318,3,3
107,319,3,3
107,320,3,3
107,321,3,3
107,322,3,3
107,323,3,3
107,324,3,3
107,325,3,3
107,326,3,3
107,327,3,3
107,328,3,3
107,329,3,3
107,330,3,3
107,331,3,3
107,332,3,3
107,333,3,3
107,334,3,3
107,335,3,3
107,336,3,3
107,337,3,3
107,338,3,3
107,339,3,3
107,340,3,3
107,341,3,3
107,342,3,3
107,343,3,3
107,344,3,3
107,345,3,3
107,346,3,3
107,347,3,3
107,348,3,3
107,349,3,3
107,350,3,3
107,351,3,3
107,352,3,3
107,353,3,2
107,354,3,2
107,355,3,2
107,356,3,2
107,357,3,2
107,358,3,2
107,359,3,2
107,360,3,2
107,361,3,2
107,362,3,2
107,363,3,2
107,364,3,2
107,365,3,2
107,366,3,2
107,367,3,2
107,368,3,3
107,369,3,3
107,370,3,3
107,371,3,3
107,372,3,3
107,373,3,3
107,374,3,3
107,375,3,3
107,376,3,3
107,377,3,3
107,378,3,3
107,379,3,3
107,380,3,3
107,381,3,3
107,382,3,3
107,383,3,3
107,384,3,3
107,385,3,3
107,386,3,3
107,387,3,3
107,388,3,3
107,389,3,3
107,390,3,3
107,391,3,3
107,392,3,3
107,393,3,3
107,394,3,3
107,395,3,3
107,396,3,3
107,397,3,3
107,398,3,3
107,399,3,3
107,400,3,3
107,401,3,3
107,402,3,3
107,403,3,3
107,404,3,3
107,405,3,3
107,406,3,3
107,407,3,3
107,408,3,3
107,409,3,3
107,410,3,3
107,411,3,3
107,412,3,3
107,413,3,3
107,414,3,3
107,415,3,2
107,416,3,2
107,417,3,2
107,418,3,2
107,419,3,2
107,420,3,2
107,421,3,2
107,422,3,2
107,423,3,2
107,424,3,2
107,425,3,2
107,426,3,2
107,427,3,2
107,428,3,2
107,429,3,2
107,430,3,2
107,431,3,2
107,432,3,2
107,433,3,2
107,434,3,2
107,435,3,2
107,436,3,2
107,437,3,2
107,438,3,2
107,439,3,2
107,440,3,2
107,441,3,2
108,122,3,3
108,123,3,3
108,124,3,3
108,125,3,3
108,126,3,2
108,127,3,2
108,128,3,2
108,129,3,2
108,130,3,2
108,131,3,2
108,132,3,2
108,133,3,2
108,134,3,2
108,135,3,2
108,136,3,2
108,137,3,2
108,138,3,2
108,139,3,2
108,140,3,2
108,141,3,2
108,142,3,2
108,143,3,2
108,144,3,2
108,145,3,2
108,146,3,2
108,147,3,2
108,148,3,2
108,149,3,2
108,150,3,2
108,151,3,2
108,152,3,2
108,153,3,2
108,154,3,2
108,155,3,2
108,156,3,2
108,157,3,2
108,158,3,2
108,159,3,2
108,160,3,2
108,161,3,2
108,162,3,2
108,163,3,2
108,164,3,2
108,165,3,2
108,166,3,2
108,167,3,2
108,168,3,2
108,169,3,2
108,170,3,2
108,171,3,2
108,172,3,2
108,173,3,2
108,174,3,2
108,175,3,2
108,176,3,2
108,177,3,2
108,178,3,2
108,179,3,2
108,180,3,2
108,181,3,2
108,182,3,2
108,183,3,2
108,184,3,2
108,185,3,2
108,186,3,2
108,187,3,2
108,188,3,2
108,189,3,2
108,190,3,2
108,191,3,2
108,192,3,2
108,193,3,2
108,194,3,2
108,195,3,2
108,196,3,2
108,197,3,2
108,198,3,2
108,199,3,2
108,200,3,2
108,201,3,2
108,202,3,2
108,203,3,2
108,204,3,2
108,205,3,2
108,206,3,2
108,207,3,2
108,208,3,2
108,209,3,2
108,210,3,2
108,211,3,2
108,212,3,2
108,213,3,2
108,214,3,2
108,215,3,2
108,216,3,2
108,217,3,2
108,218,3,2
108,219,3,2
108,220,3,2
108,221,3,2
108,222,3,2
108,223,3,2
108,224,3,2
108,225,3,2
108,226,3,2
108,227,3,2
108,228,3,2
108,229,3,2
108,230,3,2
108,231,3,2
108,232,3,2
108,233,3,2
108,234,3,2
108,235,3,2
108,236,3,2
108,237,3,2
108,238,3,2
108,239,3,2
108,240,3,2
108,241,3,2
108,242,3,2
108,243,3,2
108,244,3,2
108,245,3,2
108,246,3,3
108,247,3,3
108,248,3,3
108,249,3,3
108,250,3,3
108,251,3,3
108,252,3,3
108,253,3,3
108,254,3,3
108,255,3,3
108,256,3,3
108,257,3,3
108,258,3,3
108,259,3,3
108,260,3,3
108,261,3,3
108,262,3,3
108,263,3,3
108,264,3,3
108,265,3,3
108,266,3,3
108,267,3,3
108,268,3,3
108,269,3,3
108,270,3,3
108,271,3,3
108,272,3,3
108,273,3,3
108,274,3,3
108,275,3,3
108,276,3,3
108,277,3,3
108,278,3,3
108,279,3,3
108,280,3,3
108,281,3,3
108,282,3,3
108,283,3,3
108,284,3,3
108,285,3,3
108,286,3,3
108,287,3,3
108,288,3,3
108,289,3,2
108,290,3,2
108,291,3,2
108,292,3,2
108,293,3,2
108,294,3,2
108,295,3,3
108,296,3,3
108,297,3,3
108,298,3,3
108,299,3,3
108,300,3,3
108,301,3,3
108,302,3,3
108,303,3,3
108,304,3,3
108,305,3,3
108,306,3,3
108,307,3,3
108,308,3,3
108,309,3,3
108,310,3,3
108,311,3,3
108,312,3,3
108,313,3,3
108,314,3,3
108,315,3,3
108,316,3,3
108,317,3,3
108,318,3,3
108,319,3,3
108,320,3,3
108,321,3,3
108,322,3,3
108,323,3,3
108,324,3,3
108,325,3,3
108,326,3,3
108,327,3,3
108,328,3,3
108,329,3,3
108,330,3,3
108,331,3,3
108,332,3,3
108,333,3,3
108,334,3,3
108,335,3,3
108,336,3,3
108,337,3,3
108,338,3,3
108,339,3,3
108,340,3,3
108,341,3,3
108,342,3,3
108,343,3,3
108,344,3,3
108,345,3,3
108,346,3,3
108,347,3,3
108,348,3,3
108,349,3,3
108,350,3,3
108,351,3,3
108,352,3,2
108,353,3,2
108,354,3,2
108,355,3,2
108,356,3,2
108,357,3,2
108,358,3,2
108,359,3,2
108,360,3,2
108,361,3,2
108,362,3,2
108,363,3,2
108,364,3,2
108,365,3,2
108,366,3,2
108,367,3,2
108,368,3,2
108,369,3,2
108,370,3,3
108,371,3,3
108,372,3,3
108,373,3,3
108,374,3,3
108,375,3,3
108,376,3,3
108,377,3,3
108,378,3,3
108,379,3,3
108,380,3,3
108,381,3,3
108,382,3,2
108,383,3,2
108,384,3,2
108,385,3,2
108,386,3,2
108,387,3,2
108,388,3,2
108,389,3,2
108,390,3,3
108,391,3,3
108,392,3,3
108,393,3,3
108,394,3,3
108,395,3,3
108,396,3,3
108,397,3,3
108,398,3,3
108,399,3,3
108,400,3,3
108,401,3,3
108,402,3,3
108,403,3,3
108,404,3,3
108,405,3,3
108,406,3,3
108,407,3,3
108,408,3,3
108,409,3,3
108,410,3,3
108,411,3,3
108,412,3,3
108,413,3,3
108,414,3,2
108,415,3,2
108,416,3,2
108,417,3,2
108,418,3,2
108,419,3,2
108,420,3,2
108,421,3,2
108,422,3,2
108,423,3,2
108,424,3,2
108,425,3,2
108,426,3,2
108,427,3,2
108,428,3,2
108,429,3,2
108,430,3,2
108,431,3,2
108,432,3,2
108,433,3,2
108,434,3,2
108,435,3,2
108,436,3,2
108,437,3,2
108,438,3,2
108,439,3,2
108,440,3,2
109,121,3,3
109,122,3,3
109,123,3,3
109,124,3,3
109,125,3,3
109,126,3,3
109,127,3,3
109,128,3,2
109,129,3,2
109,130,3,2
109,131,3,2
109,132,3,2
109,133,3,2
109,134,3,2
109,135,3,2
109,136,3,2
109,137,3,2
109,138,3,2
109,139,3,2
109,140,3,2
109,141,3,2
109,142,3,2
109,143,3,2
109,144,3,2
109,145,3,2
109,146,3,2
109,147,3,2
109,148,3,2
109,149,3,2
109,150,3,2
109,151,3,2
109,152,3,2
109,153,3,2
109,154,3,2
109,155,3,2
109,156,3,2
109,157,3,2
109,158,3,2
109,159,3,2
109,160,3,2
109,161,3,2
109,162,3,2
109,163,3,2
109,164,3,2
109,165,3,2
109,166,3,2
109,167,3,2
109,168,3,2
109,169,3,2
109,170,3,2
109,171,3,2
109,172,3,2
109,173,3,2
109,174,3,2
109,175,3,2
109,176,3,2
109,177,3,2
109,178,3,2
109,179,3,2
109,180,3,2
109,181,3,2
109,182,3,2
109,183,3,2
109,184,3,2
109,185,3,2
109,186,3,2
109,187,3,2
109,188,3,2
109,189,3,2
109,190,3,2
109,191,3,2
109,192,3,2
109,193,3,2
109,194,3,2
109,195,3,2
109,196,3,2
109,197,3,2
109,198,3,2
109,199,3,2
109,200,3,2
109,201,3,2
109,202,3,2
109,203,3,2
109,204,3,2
109,205,3,2
109,206,3,2
109,207,3,2
109,208,3,2
109,209,3,2
109,210,3,2
109,211,3,2
109,212,3,2
109,213,3,2
109,214,3,2
109,215,3,2
109,216,3,2
109,217,3,2
109,218,3,2
109,219,3,2
109,220,3,2
109,221,3,2
109,222,3,2
109,223,3,2
109,224,3,2
109,225,3,2
109,226,3,2
109,227,3,2
109,228,3,2
109,229,3,2
109,230,3,2
109,231,3,2
109,232,3,2
109,233,3,2
109,234,3,2
109,235,3,2
109,236,3,2
109,237,3,2
109,238,3,2
109,239,3,2
109,240,3,2
109,241,3,2
109,242,3,2
109,243,3,2
109,244,3,2
109,245,3,2
109,246,3,3
109,247,3,3
109,248,3,3
109,249,3,3
109,250,3,3
109,251,3,3
109,252,3,3
109,253,3,3
109,254,3,3
109,255,3,3
109,256,3,3
109,257,3,3
109,258,3,3
109,259,3,3
109,260,3,3
109,261,3,3
109,262,3,3
109,263,3,3
109,264,3,3
109,265,3,3
109,266,3,3
109,267,3,3
109,268,3,3
109,269,3,3
109,270,3,3
109,271,3,3
109,272,3,3
109,273,3,3
109,274,3,3
109,275,3,3
109,276,3,3
109,277,3,3
109,278,3,3
109,279,3,3
109,280,3,3
109,281,3,3
109,282,3,3
109,283,3,3
109,284,3,3
109,285,3,3
109,286,3,3
109,287,3,3
109,288,3,2
109,289,3,2
109,290,3,2
109,291,3,2
109,292,3,2
109,293,3,2
109,294,3,2
109,295,3,2
109,296,3,2
109,297,3,2
109,298,3,3
109,299,3,3
109,300,3,3
109,301,3,3
109,302,3,3
109,303,3,3
109,304,3,3
109,305,3,3
109,306,3,3
109,307,3,3
109,308,3,3
109,309,3,3
109,310,3,3
109,311,3,3
109,312,3,3
109,313,3,3
109,314,3,3
109,315,3,3
109,316,3,3
109,317,3,3
109,318,3,3
109,319,3,3
109,320,3,3
109,321,3,3
109,322,3,3
109,323,3,3
109,324,3,3
109,325,3,3
109,326,3,3
109,327,3,3
109,328,3,3
109,329,3,3
109,330,3,3
109,331,3,3
109,332,3,3
109,333,3,3
109,334,3,3
109,335,3,3
109,336,3,3
109,337,3,3
109,338,3,3
109,339,3,3
109,340,3,3
109,341,3,3
109,342,3,3
109,343,3,3
109,344,3,3
109,345,3,3
109,346,3,3
109,347,3,3
109,348,3,3
109,349,3,3
109,350,3,3
109,351,3,3
109,352,3,2
109,353,3,2
109,354,3,2
109,355,3,2
109,356,3,2
109,357,3,2
109,358,3,2
109,359,3,2
109,360,3,2
109,361,3,2
109,362,3,2
109,363,3,2
109,364,3,2
109,365,3,2
109,366,3,2
109,367,3,2
109,368,3,2
109,369,3,2
109,370,3,3
109,371,3,3
109,372,3,3
109,373,3,3
109,374,3,3
109,375,3,3
109,376,3,3
109,377,3,3
109,378,3,3
109,379,3,3
109,380,3,3
109,381,3,3
109,382,3,2
109,383,3,2
109,384,3,2
109,385,3,2
109,386,3,2
109,387,3,2
109,388,3,2
109,389,3,2
109,390,3,2
109,391,3,2
109,392,3,2
109,393,3,2
109,394,3,3
109,395,3,3
109,396,3,3
109,397,3,3
109,398,3,3
109,399,3,3
109,400,3,3
109,401,3,3
109,402,3,3
109,403,3,3
109,404,3,3
109,405,3,3
109,406,3,3
109,407,3,3
109,408,3,3
109,409,3,3
109,410,3,3
109,411,3,3
109,412,3,3
109,413,3,2
109,414,3,2
109,415,3,2
109,416,3,2
109,417,3,2
109,418,3,2
109,419,3,2
109,420,3,2
109,421,3,2
109,422,3,2
109,423,3,2
109,424,3,2
109,425,3,2
109,426,3,2
109,427,3,2
109,428,3,2
109,429,3,2
109,430,3,2
109,431,3,2
109,432,3,2
109,433,3,2
109,434,3,2
109,435,3,2
109,436,3,2
109,437,3,2
109,438,3,2
109,439,3,2
110,120,3,3
110,121,3,3
110,122,3,3
110,123,3,3
110,124,3,2
110,125,3,3
110,126,3,2
110,127,3,2
110,128,3,2
110,129,3,2
110,130,3,2
110,131,3,2
110,132,3,2
110,133,3,2
110,134,3,2
110,135,3,2
110,136,3,2
110,137,3,2
110,138,3,2
110,139,3,2
110,140,3,2
110,141,3,2
110,142,3,2
110,143,3,2
110,144,3,2
110,145,3,2
110,146,3,2
110,147,3,2
110,148,3,2
110,149,3,2
110,150,3,2
110,151,3,2
110,152,3,2
110,153,3,2
110,154,3,2
110,155,3,2
110,156,3,2
110,157,3,2
110,158,3,2
110,159,3,2
110,160,3,2
110,161,3,2
110,162,3,2
110,163,3,2
110,164,3,2
110,165,3,2
110,166,3,2
110,167,3,2
110,168,3,2
110,169,3,2
110,170,3,2
110,171,3,2
110,172,3,2
110,173,3,2
110,174,3,2
110,175,3,2
110,176,3,2
110,177,3,2
110,178,3,2
110,179,3,2
110,180,3,2
110,181,3,2
110,182,3,2
110,183,3,2
110,184,3,2
110,185,3,2
110,186,3,2
110,187,3,2
110,188,3,2
110,189,3,2
110,190,3,2
110,191,3,2
110,192,3,2
110,193,3,2
110,194,3,2
110,195,3,2
110,196,3,2
110,197,3,2
110,198,3,2
110,199,3,2
110,200,3,2
110,201,3,2
110,202,3,2
110,203,3,2
110,204,3,2
110,205,3,2
110,206,3,2
110,207,3,2
110,208,3,2
110,209,3,2
110,210,3,2
110,211,3,2
110,212,3,2
110,213,3,2
110,214,3,2
110,215,3,2
110,216,3,2
110,217,3,2
110,218,3,2
110,219,3,2
110,220,3,2
110,221,3,2
110,222,3,2
110,223,3,2
110,224,3,2
110,225,3,2
110,226,3,2
110,227,3,2
110,228,3,2
110,229,3,2
110,230,3,2
110,231,3,2
110,232,3,2
110,233,3,2
110,234,3,2
110,235,3,2
110,236,3,2
110,237,3,2
110,238,3,2
110,239,3,2
110,240,3,2
110,241,3,2
110,242,3,2
110,243,3,2
110,244,3,2
110,245,3,2
110,246,3,2
110,247,3,3
110,248,3,3
110,249,3,3
110,250,3,3
110,251,3,3
110,252,3,3
110,253,3,3
110,254,3,3
110,255,3,3
110,256,3,3
110,257,3,3
110,258,3,3
110,259,3,3
110,260,3,3
110,261,3,3
110,262,3,3
110,263,3,3
110,264,3,3
110,265,3,3
110,266,3,3
110,267,3,3
110,268,3,3
110,269,3,3
110,270,3,3
110,271,3,3
110,272,3,3
110,273,3,3
110,274,3,3
110,275,3,3
110,276,3,3
110,277,3,3
110,278,3,3
110,279,3,3
110,280,3,3
110,281,3,3
110,282,3,3
110,283,3,3
110,284,3,3
110,285,3,3
110,286,3,3
110,287,3,2
110,288,3,2
110,289,3,2
110,290,3,2
110,291,3,2
110,292,3,2
110,293,3,2
110,294,3,2
110,295,3,2
110,296,3,2
110,297,3,2
110,298,3,2
110,299,3,2
110,300,3,3
110,301,3,3
110,302,3,3
110,303,3,3
110,304,3,3
110,305,3,3
110,306,3,3
110,307,3,3
110,308,3,3
110,309,3,3
110,310,3,3
110,311,3,3
110,312,3,3
110,313,3,3
110,314,3,3
110,315,3,3
110,316,3,3
110,317,3,3
110,318,3,3
110,319,3,3
110,320,3,3
110,321,3,3
110,322,3,3
110,323,3,3
110,324,3,3
110,325,3,3
110,326,3,3
110,327,3,3
110,328,3,3
110,329,3,3
110,330,3,3
110,331,3,3
110,332,3,3
110,333,3,3
110,334,3,3
110,335,3,3
110,336,3,3
110,337,3,3
110,338,3,3
110,339,3,3
110,340,3,3
110,341,3,3
110,342,3,3
110,343,3,3
110,344,3,3
110,345,3,3
110,346,3,3
110,347,3,3
110,348,3,3
110,349,3,3
110,350,3,3
110,351,3,2
110,352,3,2
110,353,3,2
110,354,3,2
110,355,3,2
110,356,3,2
110,357,3,2
110,358,3,2
110,359,3,2
110,360,3,2
110,361,3,2
110,362,3,2
110,363,3,2
110,364,3,2
110,365,3,2
110,366,3,2
110,367,3,2
110,368,3,2
110,369,3,2
110,370,3,2
110,371,3,2
110,372,3,3
110,373,3,3
110,374,3,3
110,375,3,3
110,376,3,3
110,377,3,3
110,378,3,3
110,379,3,3
110,380,3,3
110,381,3,2
110,382,3,2
110,383,3,2
110,384,3,2
110,385,3,2
110,386,3,2
110,387,3,2
110,388,3,2
110,389,3,2
110,390,3,2
110,391,3,2
110,392,3,2
110,393,3,2
110,394,3,2
110,395,3,2
110,396,3,3
110,397,3,3
110,398,3,3
110,399,3,3
110,400,3,3
110,401,3,3
110,402,3,3
110,403,3,3
110,404,3,3
110,405,3,3
110,406,3,3
110,407,3,3
110,408,3,3
110,409,3,3
110,410,3,3
110,411,3,3
110,412,3,2
110,413,3,2
110,414,3,2
110,415,3,2
110,416,3,2
110,417,3,2
110,418,3,2
110,419,3,2
110,420,3,2
110,421,3,2
110,422,3,2
110,423,3,2
110,424,3,2
110,425,3,2
110,426,3,2
110,427,3,2
110,428,3,2
110,429,3,2
110,430,3,2
110,431,3,2
110,432,3,2
110,433,3,2
110,434,3,2
110,435,3,2
110,436,3,2
110,437,3,2
110,438,3,2
110,439,3,3
111,119,3,2
111,120,3,2
111,121,3,3
111,122,3,2
111,123,3,2
111,124,3,2
111,125,3,2
111,126,3,2
111,127,3,2
111,128,3,2
111,129,3,2
111,130,3,2
111,131,3,2
111,132,3,2
111,133,3,2
111,134,3,2
111,135,3,2
111,136,3,2
111,137,3,2
111,138,3,2
111,139,3,2
111,140,3,2
111,141,3,2
111,142,3,2
111,143,3,2
111,144,3,2
111,145,3,2
111,146,3,2
111,147,3,2
111,148,3,2
111,149,3,2
111,150,3,2
111,151,3,2
111,152,3,2
111,153,3,2
111,154,3,2
111,155,3,2
111,156,3,2
111,157,3,2
111,158,3,2
111,159,3,2
111,160,3,2
111,161,3,2
111,162,3,2
111,163,3,2
111,164,3,2
111,165,3,2
111,166,3,2
111,167,3,2
111,168,3,2
111,169,3,2
111,170,3,2
111,171,3,2
111,172,3,2
111,173,3,2
111,174,3,2
111,175,3,2
111,176,3,2
111,177,3,2
111,178,3,2
111,179,3,2
111,180,3,2
111,181,3,2
111,182,3,2
111,183,3,2
111,184,3,2
111,185,3,2
111,186,3,2
111,187,3,2
111,188,3,2
111,189,3,2
111,190,3,2
111,191,3,2
111,192,3,2
111,193,3,2
111,194,3,2
111,195,3,2
111,196,3,2
111,197,3,2
111,198,3,2
111,199,3,2
111,200,3,2
111,201,3,2
111,202,3,2
111,203,3,2
111,204,3,2
111,205,3,2
111,206,3,2
111,207,3,2
111,208,3,2
111,209,3,2
111,210,3,2
111,211,3,2
111,212,3,2
111,213,3,2
111,214,3,2
111,215,3,2
111,216,3,2
111,217,3,2
111,218,3,2
111,219,3,2
111,220,3,2
111,221,3,2
111,222,3,2
111,223,3,2
111,224,3,2
111,225,3,2
111,226,3,2
111,227,3,2
111,228,3,2
111,229,3,2
111,230,3,2
111,231,3,2
111,232,3,2
111,233,3,2
111,234,3,2
111,235,3,2
111,236,3,2
111,237,3,2
111,238,3,2
111,239,3,2
111,240,3,2
111,241,3,2
111,242,3,2
111,243,3,2
111,244,3,2
111,245,3,2
111,246,3,2
111,247,3,2
111,248,3,2
111,249,3,3
111,250,3,3
111,251,3,3
111,252,3,3
111,253,3,3
111,254,3,3
111,255,3,3
111,256,3,3
111,257,3,3
111,258,3,3
111,259,3,3
111,260,3,3
111,261,3,3
111,262,3,3
111,263,3,3
111,264,3,3
111,265,3,3
111,266,3,3
111,267,3,3
111,268,3,3
111,269,3,3
111,270,3,3
111,271,3,3
111,272,3,3
111,273,3,3
111,274,3,3
111,275,3,3
111,276,3,3
111,277,3,3
111,278,3,3
111,279,3,3
111,280,3,3
111,281,3,3
111,282,3,3
111,283,3,3
111,284,3,3
111,285,3,3
111,286,3,3
111,287,3,2
111,288,3,2
111,289,3,2
111,290,3,2
111,291,3,2
111,292,3,2
111,293,3,2
111,294,3,2
111,295,3,2
111,296,3,2
111,297,3,2
111,298,3,2
111,299,3,2
111,300,3,2
111,301,3,3
111,302,3,3
111,303,3,3
111,304,3,3
111,305,3,3
111,306,3,3
111,307,3,3
111,308,3,3
111,309,3,3
111,310,3,3
111,311,3,3
111,312,3,3
111,313,3,3
111,314,3,3
111,315,3,3
111,316,3,3
111,317,3,3
111,318,3,3
111,319,3,3
111,320,3,3
111,321,3,3
111,322,3,3
111,323,3,3
111,324,3,3
111,325,3,3
111,326,3,3
111,327,3,3
111,328,3,3
111,329,3,3
111,330,3,3
111,331,3,3
111,332,3,3
111,333,3,3
111,334,3,3
111,335,3,3
111,336,3,3
111,337,3,3
111,338,3,3
111,339,3,3
111,340,3,3
111,341,3,3
111,342,3,3
111,343,3,3
111,344,3,3
111,345,3,3
111,346,3,3
111,347,3,3
111,348,3,3
111,349,3,3
111,350,3,2
111,351,3,2
111,352,3,2
111,353,3,2
111,354,3,2
111,355,3,2
111,356,3,2
111,357,3,2
111,358,3,2
111,359,3,2
111,360,3,2
111,361,3,2
111,362,3,2
111,363,3,2
111,364,3,2
111,365,3,2
111,366,3,2
111,367,3,2
111,368,3,2
111,369,3,2
111,370,3,2
111,371,3,2
111,372,3,3
111,373,3,3
111,374,3,3
111,375,3,3
111,376,3,3
111,377,3,3
111,378,3,3
111,379,3,3
111,380,3,3
111,381,3,2
111,382,3,2
111,383,3,2
111,384,3,2
111,385,3,2
111,386,3,2
111,387,3,2
111,388,3,2
111,389,3,2
111,390,3,2
111,391,3,2
111,392,3,2
111,393,3,2
111,394,3,2
111,395,3,2
111,396,3,2
111,397,3,3
111,398,3,3
111,399,3,3
111,400,3,3
111,401,3,3
111,402,3,3
111,403,3,3
111,404,3,3
111,405,3,3
111,406,3,3
111,407,3,3
111,408,3,3
111,409,3,3
111,410,3,3
111,411,3,3
111,412,3,2
111,413,3,2
111,414,3,2
111,415,3,2
111,416,3,2
111,417,3,2
111,418,3,2
111,419,3,2
111,420,3,2
111,421,3,2
111,422,3,2
111,423,3,2
111,424,3,2
111,425,3,2
111,426,3,2
111,427,3,2
111,428,3,2
111,429,3,2
111,430,3,2
111,431,3,2
111,432,3,2
111,433,3,2
111,434,3,2
111,435,3,2
111,436,3,2
111,437,3,2
111,438,3,3
112,118,3,2
112,119,3,2
112,120,3,3
112,121,3,2
112,122,3,2
112,123,3,2
112,124,3,2
112,125,3,2
112,126,3,2
112,127,3,2
112,128,3,2
112,129,3,2
112,130,3,2
112,131,3,2
112,132,3,2
112,133,3,2
112,134,3,2
112,135,3,2
112,136,3,2
112,137,3,2
112,138,3,2
112,139,3,2
112,140,3,2
112,141,3,2
112,142,3,2
112,143,3,2
112,144,3,2
112,145,3,2
112,146,3,2
112,147,3,2
112,148,3,2
112,149,3,2
112,150,3,2
112,151,3,2
112,152,3,2
112,153,3,2
112,154,3,2
112,155,3,2
112,156,3,2
112,157,3,2
112,158,3,2
112,159,3,2
112,160,3,2
112,161,3,2
112,162,3,2
112,163,3,2
112,164,3,2
112,165,3,2
112,166,3,2
112,167,3,2
112,168,3,2
112,169,3,2
112,170,3,2
112,171,3,2
112,172,3,2
112,173,3,2
112,174,3,2
112,175,3,2
112,176,3,2
112,177,3,2
112,178,3,2
112,179,3,2
112,180,3,2
112,181,3,2
112,182,3,2
112,183,3,2
112,184,3,2
112,185,3,2
112,186,3,2
112,187,3,2
112,188,3,2
112,189,3,2
112,190,3,2
112,191,3,2
112,192,3,2
112,193,3,2
112,194,3,2
112,195,3,2
112,196,3,2
112,197,3,2
112,198,3,2
112,199,3,2
112,200,3,2
112,201,3,2
112,202,3,2
112,203,3,2
112,204,3,2
112,205,3,2
112,206,3,2
112,207,3,2
112,208,3,2
112,209,3,2
112,210,3,2
112,211,3,2
112,212,3,2
112,213,3,2
112,214,3,2
112,215,3,2
112,216,3,2
112,217,3,2
112,218,3,2
112,219,3,2
112,220,3,2
112,221,3,2
112,222,3,2
112,223,3,2
112,224,3,2
112,225,3,2
112,226,3,2
112,227,3,2
112,228,3,2
112,229,3,2
112,230,3,2
112,231,3,2
112,232,3,2
112,233,3,2
112,234,3,2
112,235,3,2
112,236,3,2
112,237,3,2
112,238,3,2
112,239,3,2
112,240,3,2
112,241,3,2
112,242,3,2
112,243,3,2
112,244,3,2
112,245,3,2
112,246,3,2
112,247,3,2
112,248,3,2
112,249,3,2
112,250,3,3
112,251,3,3
112,252,3,3
112,253,3,3
112,254,3,3
112,255,3,3
112,256,3,3
112,257,3,3
112,258,3,3
112,259,3,3
112,260,3,3
112,261,3,3
112,262,3,3
112,263,3,3
112,264,3,3
112,265,3,3
112,266,3,3
112,267,3,3
112,268,3,3
112,269,3,3
112,270,3,3
112,271,3,3
112,272,3,3
112,273,3,3
112,274,3,3
112,275,3,3
112,276,3,3
112,277,3,3
112,278,3,3
112,279,3,3
112,280,3,3
112,281,3,3
112,282,3,3
112,283,3,3
112,284,3,3
112,285,3,3
112,286,3,2
112,287,3,2
112,288,3,2
112,289,3,2
112,290,3,2
112,291,3,2
112,292,3,2
112,293,3,2
112,294,3,2
112,295,3,2
112,296,3,2
112,297,3,2
112,298,3,2
112,299,3,2
112,300,3,2
112,301,3,2
112,302,3,2
112,303,3,2
112,304,3,3
112,305,3,3
112,306,3,3
112,307,3,3
112,308,3,3
112,309,3,3
112,310,3,3
112,311,3,3
112,312,3,3
112,313,3,3
112,314,3,3
112,315,3,3
112,316,3,3
112,317,3,3
112,318,3,3
112,319,3,3
112,320,3,3
112,321,3,3
112,322,3,3
112,323,3,3
112,324,3,3
112,325,3,3
112,326,3,3
112,327,3,3
112,328,3,3
112,329,3,3
112,330,3,3
112,331,3,3
112,332,3,3
112,333,3,3
112,334,3,3
112,335,3,3
112,336,3,3
112,337,3,3
112,338,3,3
112,339,3,3
112,340,3,3
112,341,3,3
112,342,3,3
112,343,3,3
112,344,3,3
112,345,3,3
112,346,3,3
112,347,3,3
112,348,3,3
112,349,3,2
112,350,3,2
112,351,3,2
112,352,3,2
112,353,3,2
112,354,3,2
112,355,3,2
112,356,3,2
112,357,3,2
112,358,3,2
112,359,3,2
112,360,3,2
112,361,3,2
112,362,3,2
112,363,3,2
112,364,3,2
112,365,3,2
112,366,3,2
112,367,3,2
112,368,3,2
112,369,3,2
112,370,3,2
112,371,3,2
112,372,3,2
112,373,3,3
112,374,3,3
112,375,3,3
112,376,3,3
112,377,3,3
112,378,3,3
112,379,3,3
112,380,3,2
112,381,3,2
112,382,3,2
112,383,3,2
112,384,3,2
112,385,3,2
112,386,3,2
112,387,3,2
112,388,3,2
112,389,3,2
112,390,3,2
112,391,3,2
112,392,3,2
112,393,3,2
112,394,3,2
112,395,3,2
112,396,3,2
112,397,3,2
112,398,3,3
112,399,3,3
112,400,3,3
112,401,3,3
112,402,3,3
112,403,3,3
112,404,3,3
112,405,3,3
112,406,3,3
112,407,3,3
112,408,3,3
112,409,3,3
112,410,3,3
112,411,3,2
112,412,3,2
112,413,3,2
112,414,3,2
112,415,3,2
112,416,3,2
112,417,3,2
112,418,3,2
112,419,3,2
112,420,3,2
112,421,3,2
112,422,3,2
112,423,3,2
112,424,3,2
112,425,3,2
112,426,3,2
112,427,3,2
112,428,3,2
112,429,3,2
112,430,3,2
112,431,3,2
112,432,3,2
112,433,3,2
112,434,3,2
112,435,3,2
112,436,3,2
112,437,3,2
113,117,3,3
113,118,3,3
113,119,3,3
113,120,3,3
113,121,3,3
113,122,3,3
113,123,3,3
113,124,3,3
113,125,3,2
113,126,3,2
113,127,3,2
113,128,3,2
113,129,3,2
113,130,3,2
113,131,3,2
113,132,3,2
113,133,3,2
113,134,3,2
113,135,3,2
113,136,3,2
113,137,3,2
113,138,3,2
113,139,3,2
113,140,3,2
113,141,3,2
113,142,3,2
113,143,3,2
113,144,3,2
113,145,3,2
113,146,3,2
113,147,3,2
113,148,3,2
113,149,3,2
113,150,3,2
113,151,3,2
113,152,3,2
113,153,3,2
113,154,3,2
113,155,3,2
113,156,3,2
113,157,3,2
113,158,3,2
113,159,3,2
113,160,3,2
113,161,3,2
113,162,3,2
113,163,3,2
113,164,3,2
113,165,3,2
113,166,3,2
113,167,3,2
113,168,3,2
113,169,3,2
113,170,3,2
113,171,3,2
113,172,3,2
113,173,3,2
113,174,3,2
113,175,3,2
113,176,3,2
113,177,3,2
113,178,3,2
113,179,3,2
113,180,3,2
113,181,3,2
113,182,3,2
113,183,3,2
113,184,3,2
113,185,3,2
113,186,3,2
113,187,3,2
113,188,3,2
113,189,3,2
113,190,3,2
113,191,3,2
113,192,3,2
113,193,3,2
113,194,3,2
113,195,3,2
113,196,3,2
113,197,3,2
113,198,3,2
113,199,3,2
113,200,3,2
113,201,3,2
113,202,3,2
113,203,3,2
113,204,3,2
113,205,3,2
113,206,3,2
113,207,3,2
113,208,3,2
113,209,3,2
113,210,3,2
113,211,3,2
113,212,3,2
113,213,3,2
113,214,3,2
113,215,3,2
113,216,3,2
113,217,3,2
113,218,3,2
113,219,3,2
113,220,3,2
113,221,3,2
113,222,3,2
113,223,3,2
113,224,3,2
113,225,3,2
113,226,3,2
113,227,3,2
113,228,3,2
113,229,3,2
113,230,3,2
113,231,3,2
113,232,3,2
113,233,3,2
113,234,3,2
113,235,3,2
113,236,3,2
113,237,3,2
113,238,3,2
113,239,3,2
113,240,3,2
113,241,3,2
113,242,3,2
113,243,3,2
113,244,3,2
113,245,3,2
113,246,3,2
113,247,3,2
113,248,3,2
113,249,3,2
113,250,3,2
113,251,3,3
113,252,3,3
113,253,3,3
113,254,3,3
113,255,3,3
113,256,3,3
113,257,3,3
113,258,3,3
113,259,3,3
113,260,3,3
113,261,3,3
113,262,3,3
113,263,3,3
113,264,3,3
113,265,3,3
113,266,3,3
113,267,3,3
113,268,3,3
113,269,3,3
113,270,3,3
113,271,3,3
113,272,3,3
113,273,3,3
113,274,3,3
113,275,3,3
113,276,3,3
113,277,3,3
113,278,3,3
113,279,3,3
113,280,3,3
113,281,3,3
113,282,3,3
113,283,3,3
113,284,3,3
113,285,3,3
113,286,3,2
113,287,3,2
113,288,3,2
113,289,3,2
113,290,3,2
113,291,3,2
113,292,3,2
113,293,3,2
113,294,3,2
113,295,3,2
113,296,3,2
113,297,3,2
113,298,3,2
113,299,3,2
113,300,3,2
113,301,3,2
113,302,3,2
113,303,3,2
113,304,3,2
113,305,3,2
113,306,3,3
113,307,3,3
113,308,3,3
113,309,3,3
113,310,3,3
113,311,3,3
113,312,3,3
113,313,3,3
113,314,3,3
113,315,3,3
113,316,3,3
113,317,3,3
113,318,3,3
113,319,3,3
113,320,3,3
113,321,3,3
113,322,3,3
113,323,3,3
113,324,3,3
113,325,3,3
113,326,3,3
113,327,3,3
113,328,3,3
113,329,3,3
113,330,3,3
113,331,3,3
113,332,3,3
113,333,3,3
113,334,3,3
113,335,3,3
113,336,3,3
113,337,3,3
113,338,3,3
113,339,3,3
113,340,3,3
113,341,3,3
113,342,3,3
113,343,3,3
113,344,3,3
113,345,3,3
113,346,3,3
113,347,3,2
113,348,3,2
113,349,3,2
113,350,3,2
113,351,3,2
113,352,3,2
113,353,3,2
113,354,3,2
113,355,3,2
113,356,3,2
113,357,3,2
113,358,3,2
113,359,3,2
113,360,3,2
113,361,3,2
113,362,3,2
113,363,3,2
113,364,3,2
113,365,3,2
113,366,3,2
113,367,3,2
113,368,3,2
113,369,3,2
113,370,3,2
113,371,3,2
113,372,3,2
113,373,3,3
113,374,3,3
113,375,3,3
113,376,3,3
113,377,3,3
113,378,3,3
113,379,3,3
113,380,3,3
113,381,3,2
113,382,3,2
113,383,3,2
113,384,3,2
113,385,3,2
113,386,3,2
113,387,3,2
113,388,3,2
113,389,3,2
113,390,3,2
113,391,3,2
113,392,3,2
113,393,3,2
113,394,3,2
113,395,3,2
113,396,3,3
113,397,3,3
113,398,3,3
113,399,3,3
113,400,3,3
113,401,3,3
113,402,3,3
113,403,3,3
113,404,3,3
113,405,3,3
113,406,3,3
113,407,3,3
113,408,3,3
113,409,3,3
113,410,3,3
113,411,3,2
113,412,3,2
113,413,3,2
113,414,3,2
113,415,3,2
113,416,3,2
113,417,3,2
113,418,3,2
113,419,3,2
113,420,3,2
113,421,3,2
113,422,3,2
113,423,3,2
113,424,3,2
113,425,3,2
113,426,3,2
113,427,3,2
113,428,3,2
113,429,3,2
113,430,3,2
113,431,3,2
113,432,3,2
113,433,3,2
113,434,3,2
113,435,3,2
113,436,3,2
114,116,3,3
114,117,3,3
114,118,3,3
114,119,3,3
114,120,3,3
114,121,3,3
114,122,3,3
114,123,3,3
114,124,3,3
114,125,3,2
114,126,3,2
114,127,3,2
114,128,3,2
114,129,3,2
114,130,3,2
114,131,3,2
114,132,3,2
114,133,3,2
114,134,3,2
114,135,3,2
114,136,3,2
114,137,3,2
114,138,3,2
114,139,3,2
114,140,3,2
114,141,3,2
114,142,3,2
114,143,3,2
114,144,3,2
114,145,3,2
114,146,3,2
114,147,3,2
114,148,3,2
114,149,3,2
114,150,3,2
114,151,3,2
114,152,3,2
114,153,3,2
114,154,3,2
114,155,3,2
114,156,3,2
114,157,3,2
114,158,3,2
114,159,3,2
114,160,3,2
114,161,3,2
114,162,3,2
114,163,3,2
114,164,3,2
114,165,3,2
114,166,3,2
114,167,3,2
114,168,3,2
114,169,3,2
114,170,3,2
114,171,3,2
114,172,3,2
114,173,3,2
114,174,3,2
114,175,3,2
114,176,3,2
114,177,3,2
114,178,3,2
114,179,3,2
114,180,3,2
114,181,3,2
114,182,3,2
114,183,3,2
114,184,3,2
114,185,3,2
114,186,3,2
114,187,3,2
114,188,3,2
114,189,3,2
114,190,3,2
114,191,3,2
114,192,3,2
114,193,3,2
114,194,3,2
114,195,3,2
114,196,3,2
114,197,3,2
114,198,3,2
114,199,3,2
114,200,3,2
114,201,3,2
114,202,3,2
114,203,3,2
114,204,3,2
114,205,3,2
114,206,3,2
114,207,3,2
114,208,3,2
114,209,3,2
114,210,3,2
114,211,3,2
114,212,3,2
114,213,3,2
114,214,3,2
114,215,3,2
114,216,3,2
114,217,3,2
114,218,3,2
114,219,3,2
114,220,3,2
114,221,3,2
114,222,3,2
114,223,3,2
114,224,3,2
114,225,3,2
114,226,3,2
114,227,3,2
114,228,3,2
114,229,3,2
114,230,3,2
114,231,3,2
114,232,3,2
114,233,3,2
114,234,3,2
114,235,3,2
114,236,3,2
114,237,3,2
114,238,3,2
114,239,3,2
114,240,3,2
114,241,3,2
114,242,3,2
114,243,3,2
114,244,3,2
114,245,3,2
114,246,3,2
114,247,3,2
114,248,3,2
114,249,3,2
114,250,3,2
114,251,3,3
114,252,3,3
114,253,3,3
114,254,3,3
114,255,3,3
114,256,3,3
114,257,3,3
114,258,3,3
114,259,3,3
114,260,3,3
114,261,3,3
114,262,3,3
114,263,3,3
114,264,3,3
114,265,3,3
114,266,3,3
114,267,3,3
114,268,3,3
114,269,3,3
114,270,3,3
114,271,3,3
114,272,3,3
114,273,3,3
114,274,3,3
114,275,3,3
114,276,3,3
114,277,3,3
114,278,3,3
114,279,3,3
114,280,3,3
114,281,3,3
114,282,3,3
114,283,3,3
114,284,3,3
114,285,3,2
114,286,3,2
114,287,3,2
114,288,3,2
114,289,3,2
114,290,3,2
114,291,3,2
114,292,3,2
114,293,3,2
114,294,3,2
114,295,3,2
114,296,3,2
114,297,3,2
114,298,3,2
114,299,3,2
114,300,3,2
114,301,3,2
114,302,3,2
114,303,3,2
114,304,3,2
114,305,3,2
114,306,3,3
114,307,3,3
114,308,3,3
114,309,3,3
114,310,3,3
114,311,3,3
114,312,3,3
114,313,3,3
114,314,3,3
114,315,3,3
114,316,3,3
114,317,3,3
114,318,3,3
114,319,3,3
114,320,3,3
114,321,3,3
114,322,3,3
114,323,3,3
114,324,3,3
114,325,3,3
114,326,3,3
114,327,3,3
114,328,3,3
114,329,3,3
114,330,3,3
114,331,3,3
114,332,3,3
114,333,3,3
114,334,3,3
114,335,3,3
114,336,3,3
114,337,3,3
114,338,3,3
114,339,3,3
114,340,3,3
114,341,3,3
114,342,3,3
114,343,3,3
114,344,3,3
114,345,3,3
114,346,3,2
114,347,3,2
114,348,3,2
114,349,3,2
114,350,3,2
114,351,3,2
114,352,3,2
114,353,3,2
114,354,3,2
114,355,3,2
114,356,3,2
114,357,3,2
114,358,3,2
114,359,3,2
114,360,3,2
114,361,3,2
114,362,3,2
114,363,3,2
114,364,3,2
114,365,3,2
114,366,3,2
114,367,3,2
114,368,3,2
114,369,3,2
114,370,3,2
114,371,3,2
114,372,3,2
114,373,3,2
114,374,3,3
114,375,3,3
114,376,3,3
114,377,3,3
114,378,3,3
114,379,3,3
114,380,3,2
114,381,3,2
114,382,3,2
114,383,3,2
114,384,3,2
114,385,3,2
114,386,3,2
114,387,3,2
114,388,3,2
114,389,3,2
114,390,3,2
114,391,3,2
114,392,3,2
114,393,3,2
114,394,3,2
114,395,3,2
114,396,3,2
114,397,3,3
114,398,3,3
114,399,3,3
114,400,3,3
114,401,3,3
114,402,3,3
114,403,3,3
114,404,3,3
114,405,3,3
114,406,3,3
114,407,3,3
114,408,3,3
114,409,3,3
114,410,3,2
114,411,3,2
114,412,3,2
114,413,3,2
114,414,3,2
114,415,3,2
114,416,3,2
114,417,3,2
114,418,3,2
114,419,3,2
114,420,3,2
114,421,3,2
114,422,3,2
114,423,3,2
114,424,3,2
114,425,3,2
114,426,3,2
114,427,3,2
114,428,3,2
114,429,3,2
114,430,3,2
114,431,3,2
114,432,3,2
114,433,3,2
114,434,3,2
114,435,3,2
115,116,3,2
115,117,3,3
115,118,3,2
115,119,3,3
115,120,3,3
115,121,3,3
115,122,3,3
115,123,3,3
115,124,3,3
115,125,3,2
115,126,3,2
115,127,3,2
115,128,3,2
115,129,3,2
115,130,3,2
115,131,3,2
115,132,3,2
115,133,3,2
115,134,3,2
115,135,3,2
115,136,3,2
115,137,3,2
115,138,3,2
115,139,3,2
115,140,3,2
115,141,3,2
115,142,3,2
115,143,3,2
115,144,3,2
115,145,3,2
115,146,3,2
115,147,3,2
115,148,3,2
115,149,3,2
115,150,3,2
115,151,3,2
115,152,3,2
115,153,3,2
115,154,3,2
115,155,3,2
115,156,3,2
115,157,3,2
115,158,3,2
115,159,3,2
115,160,3,2
115,161,3,2
115,162,3,2
115,163,3,2
115,164,3,2
115,165,3,2
115,166,3,2
115,167,3,2
115,168,3,2
115,169,3,2
115,170,3,2
115,171,3,2
115,172,3,2
115,173,3,2
115,174,3,2
115,175,3,2
115,176,3,2
115,177,3,2
115,178,3,2
115,179,3,2
115,180,3,2
115,181,3,2
115,182,3,2
115,183,3,2
115,184,3,2
115,185,3,2
115,186,3,2
115,187,3,2
115,188,3,2
115,189,3,2
115,190,3,2
115,191,3,2
115,192,3,2
115,193,3,2
115,194,3,2
115,195,3,2
115,196,3,2
115,197,3,2
115,198,3,2
115,199,3,2
115,200,3,2
115,201,3,2
115,202,3,2
115,203,3,2
115,204,3,2
115,205,3,2
115,206,3,2
115,207,3,2
115,208,3,2
115,209,3,2
115,210,3,2
115,211,3,2
115,212,3,2
115,213,3,2
115,214,3,2
115,215,3,2
115,216,3,2
115,217,3,2
115,218,3,2
115,219,3,2
115,220,3,2
115,221,3,2
115,222,3,2
115,223,3,2
115,224,3,2
115,225,3,2
115,226,3,2
115,227,3,2
115,228,3,2
115,229,3,2
115,230,3,2
115,231,3,2
115,232,3,2
115,233,3,2
115,234,3,2
115,235,3,2
115,236,3,2
115,237,3,2
115,238,3,2
115,239,3,2
115,240,3,2
115,241,3,2
115,242,3,2
115,243,3,2
115,244,3,2
115,245,3,2
115,246,3,2
115,247,3,2
115,248,3,2
115,249,3,2
115,250,3,2
115,251,3,3
115,252,3,3
115,253,3,3
115,254,3,3
115,255,3,3
115,256,3,3
115,257,3,3
115,258,3,3
115,259,3,3
115,260,3,3
115,261,3,3
115,262,3,3
115,263,3,3
115,264,3,3
115,265,3,3
115,266,3,3
115,267,3,3
115,268,3,3
115,269,3,3
115,270,3,3
115,271,3,3
115,272,3,3
115,273,3,3
115,274,3,3
115,275,3,3
115,276,3,3
115,277,3,3
115,278,3,3
115,279,3,3
115,280,3,3
115,281,3,3
115,282,3,3
115,283,3,3
115,284,3,3
115,285,3,3
115,286,3,2
115,287,3,2
115,288,3,2
115,289,3,2
115,290,3,2
115,291,3,2
115,292,3,2
115,293,3,2
115,294,3,2
115,295,3,2
115,296,3,2
115,297,3,2
115,298,3,2
115,299,3,2
115,300,3,2
115,301,3,2
115,302,3,2
115,303,3,2
115,304,3,2
115,305,3,3
115,306,3,3
115,307,3,3
115,308,3,3
115,309,3,3
115,310,3,3
115,311,3,3
115,312,3,3
115,313,3,3
115,314,3,3
115,315,3,3
115,316,3,3
115,317,3,3
115,318,3,3
115,319,3,3
115,320,3,3
115,321,3,3
115,322,3,3
115,323,3,3
115,324,3,3
115,325,3,3
115,326,3,3
115,327,3,3
115,328,3,3
115,329,3,3
115,330,3,3
115,331,3,3
115,332,3,3
115,333,3,3
115,334,3,3
115,335,3,3
115,336,3,3
115,337,3,3
115,338,3,3
115,339,3,3
115,340,3,3
115,341,3,3
115,342,3,3
115,343,3,3
115,344,3,3
115,345,3,3
115,346,3,2
115,347,3,2
115,348,3,2
115,349,3,2
115,350,3,2
115,351,3,2
115,352,3,2
115,353,3,2
115,354,3,2
115,355,3,2
115,356,3,2
115,357,3,2
115,358,3,2
115,359,3,2
115,360,3,2
115,361,3,2
115,362,3,2
115,363,3,2
115,364,3,2
115,365,3,2
115,366,3,2
115,367,3,2
115,368,3,2
115,369,3,2
115,370,3,2
115,371,3,2
115,372,3,2
115,373,3,3
115,374,3,3
115,375,3,3
115,376,3,3
115,377,3,3
115,378,3,3
115,379,3,3
115,380,3,3
115,381,3,2
115,382,3,2
115,383,3,2
115,384,3,2
115,385,3,2
115,386,3,2
115,387,3,2
115,388,3,2
115,389,3,2
115,390,3,2
115,391,3,2
115,392,3,2
115,393,3,2
115,394,3,2
115,395,3,2
115,396,3,2
115,397,3,3
115,398,3,3
115,399,3,3
115,400,3,3
115,401,3,3
115,402,3,3
115,403,3,3
115,404,3,3
115,405,3,3
115,406,3,3
115,407,3,3
115,408,3,3
115,409,3,3
115,410,3,2
115,411,3,2
115,412,3,2
115,413,3,2
115,414,3,2
115,415,3,2
115,416,3,2
115,417,3,2
115,418,3,2
115,419,3,2
115,420,3,2
115,421,3,2
115,422,3,2
115,423,3,2
115,424,3,2
115,425,3,2
115,426,3,2
115,427,3,2
115,428,3,2
115,429,3,2
115,430,3,2
115,431,3,2
115,432,3,2
115,433,3,2
115,434,3,2
115,435,3,3
116,114,3,2
116,115,3,2
116,116,3,2
116,117,3,2
116,118,3,2
116,119,3,3
116,120,3,2
116,121,3,3
116,122,3,3
116,123,3,3
116,124,3,2
116,125,3,2
116,126,3,2
116,127,3,2
116,128,3,2
116,129,3,2
116,130,3,2
116,131,3,2
116,132,3,2
116,133,3,2
116,134,3,2
116,135,3,2
116,136,3,2
116,137,3,2
116,138,3,2
116,139,3,2
116,140,3,2
116,141,3,2
116,142,3,2
116,143,3,2
116,144,3,2
116,145,3,2
116,146,3,2
116,147,3,2
116,148,3,2
116,149,3,2
116,150,3,2
116,151,3,2
116,152,3,2
116,153,3,2
116,154,3,2
116,155,3,2
116,156,3,2
116,157,3,2
116,158,3,2
116,159,3,2
116,160,3,2
116,161,3,2
116,162,3,2
116,163,3,2
116,164,3,2
116,165,3,2
116,166,3,2
116,167,3,2
116,168,3,2
116,169,3,2
116,170,3,2
116,171,3,2
116,172,3,2
116,173,3,2
116,174,3,2
116,175,3,2
116,176,3,2
116,177,3,2
116,178,3,2
116,179,3,2
116,180,3,2
116,181,3,2
116,182,3,2
116,183,3,2
116,184,3,2
116,185,3,2
116,186,3,2
116,187,3,2
116,188,3,2
116,189,3,2
116,190,3,2
116,191,3,2
116,192,3,2
116,193,3,2
116,194,3,2
116,195,3,2
116,196,3,2
116,197,3,2
116,198,3,2
116,199,3,2
116,200,3,2
116,201,3,2
116,202,3,2
116,203,3,2
116,204,3,2
116,205,3,2
116,206,3,2
116,207,3,2
116,208,3,2
116,209,3,2
116,210,3,2
116,211,3,2
116,212,3,2
116,213,3,2
116,214,3,2
116,215,3,2
116,216,3,2
116,217,3,2
116,218,3,2
116,219,3,2
116,220,3,2
116,221,3,2
116,222,3,2
116,223,3,2
116,224,3,2
116,225,3,2
116,226,3,2
116,227,3,2
116,228,3,2
116,229,3,2
116,230,3,2
116,231,3,2
116,232,3,2
116,233,3,2
116,234,3,2
116,235,3,2
116,236,3,2
116,237,3,2
116,238,3,2
116,239,3,2
116,240,3,2
116,241,3,2
116,242,3,2
116,243,3,2
116,244,3,2
116,245,3,2
116,246,3,2
116,247,3,2
116,248,3,2
116,249,3,2
116,250,3,2
116,251,3,3
116,252,3,3
116,253,3,3
116,254,3,3
116,255,3,3
116,256,3,3
116,257,3,3
116,258,3,3
116,259,3,3
116,260,3,3
116,261,3,3
116,262,3,3
116,263,3,3
116,264,3,3
116,265,3,3
116,266,3,3
116,267,3,3
116,268,3,3
116,269,3,3
116,270,3,3
116,271,3,3
116,272,3,3
116,273,3,3
116,274,3,3
116,275,3,3
116,276,3,3
116,277,3,3
116,278,3,3
116,279,3,3
116,280,3,3
116,281,3,3
116,282,3,3
116,283,3,3
116,284,3,3
116,285,3,2
116,286,3,2
116,287,3,2
116,288,3,2
116,289,3,2
116,290,3,2
116,291,3,2
116,292,3,2
116,293,3,2
116,294,3,2
116,295,3,2
116,296,3,2
116,297,3,2
116,298,3,2
116,299,3,2
116,300,3,2
116,301,3,2
116,302,3,2
116,303,3,2
116,304,3,2
116,305,3,2
116,306,3,3
116,307,3,3
116,308,3,3
116,309,3,3
116,310,3,3
116,311,3,3
116,312,3,3
116,313,3,3
116,314,3,3
116,315,3,3
116,316,3,3
116,317,3,3
116,318,3,3
116,319,3,3
116,320,3,3
116,321,3,3
116,322,3,3
116,323,3,3
116,324,3,3
116,325,3,3
116,326,3,3
116,327,3,3
116,328,3,3
116,329,3,3
116,330,3,3
116,331,3,3
116,332,3,3
116,333,3,3
116,334,3,3
116,335,3,3
116,336,3,3
116,337,3,3
116,338,3,3
116,339,3,3
116,340,3,3
116,341,3,3
116,342,3,3
116,343,3,3
116,344,3,3
116,345,3,3
116,346,3,2
116,347,3,2
116,348,3,2
116,349,3,2
116,350,3,2
116,351,3,2
116,352,3,2
116,353,3,2
116,354,3,2
116,355,3,2
116,356,3,2
116,357,3,2
116,358,3,2
116,359,3,2
116,360,3,2
116,361,3,2
116,362,3,2
116,363,3,2
116,364,3,2
116,365,3,2
116,366,3,2
116,367,3,2
116,368,3,2
116,369,3,2
116,370,3,2
116,371,3,2
116,372,3,2
116,373,3,2
116,374,3,3
116,375,3,3
116,376,3,3
116,377,3,3
116,378,3,3
116,379,3,3
116,380,3,3
116,381,3,2
116,382,3,2
116,383,3,2
116,384,3,2
116,385,3,2
116,386,3,2
116,387,3,2
116,388,3,2
116,389,3,2
116,390,3,2
116,391,3,2
116,392,3,2
116,393,3,2
116,394,3,2
116,395,3,2
116,396,3,2
116,397,3,3
116,398,3,3
116,399,3,3
116,400,3,3
116,401,3,3
116,402,3,3
116,403,3,3
116,404,3,3
116,405,3,3
116,406,3,3
116,407,3,3
116,408,3,2
116,409,3,2
116,410,3,2
116,411,3,2
116,412,3,2
116,413,3,2
116,414,3,2
116,415,3,2
116,416,3,2
116,417,3,2
116,418,3,2
116,419,3,2
116,420,3,2
116,421,3,2
116,422,3,2
116,423,3,2
116,424,3,2
116,425,3,2
116,426,3,2
116,427,3,2
116,428,3,2
116,429,3,2
116,430,3,2
116,431,3,2
116,432,3,2
116,433,3,2
116,434,3,2
117,113,3,2
117,114,3,2
117,115,3,2
117,116,3,2
117,117,3,2
117,118,3,2
117,119,3,2
117,120,3,3
117,121,3,3
117,122,3,2
117,123,3,2
117,124,3,2
117,125,3,2
117,126,3,2
117,127,3,2
117,128,3,2
117,129,3,2
117,130,3,2
117,131,3,2
117,132,3,2
117,133,3,2
117,134,3,2
117,135,3,2
117,136,3,2
117,137,3,2
117,138,3,2
117,139,3,2
117,140,3,2
117,141,3,2
117,142,3,2
117,143,3,2
117,144,3,2
117,145,3,2
117,146,3,2
117,147,3,2
117,148,3,2
117,149,3,2
117,150,3,2
117,151,3,2
117,152,3,2
117,153,3,2
117,154,3,2
117,155,3,2
117,156,3,2
117,157,3,2
117,158,3,2
117,159,3,2
117,160,3,2
117,161,3,2
117,162,3,2
117,163,3,2
117,164,3,2
117,165,3,2
117,166,3,2
117,167,3,2
117,168,3,2
117,169,3,2
117,170,3,2
117,171,3,2
117,172,3,2
117,173,3,2
117,174,3,2
117,175,3,2
117,176,3,2
117,177,3,2
117,178,3,2
117,179,3,2
117,180,3,2
117,181,3,2
117,182,3,2
117,183,3,2
117,184,3,2
117,185,3,2
117,186,3,2
117,187,3,2
117,188,3,2
117,189,3,2
117,190,3,2
117,191,3,2
117,192,3,2
117,193,3,2
117,194,3,2
117,195,3,2
117,196,3,2
117,197,3,2
117,198,3,2
117,199,3,2
117,200,3,2
117,201,3,2
117,202,3,2
117,203,3,2
117,204,3,2
117,205,3,2
117,206,3,2
117,207,3,2
117,208,3,2
117,209,3,2
117,210,3,2
117,211,3,2
117,212,3,2
117,213,3,2
117,214,3,2
117,215,3,2
117,216,3,2
117,217,3,2
117,218,3,2
117,219,3,2
117,220,3,2
117,221,3,2
117,222,3,2
117,223,3,2
117,224,3,2
117,225,3,2
117,226,3,2
117,227,3,2
117,228,3,2
117,229,3,2
117,230,3,2
117,231,3,2
117,232,3,2
117,233,3,2
117,234,3,2
117,235,3,2
117,236,3,2
117,237,3,2
117,238,3,2
117,239,3,2
117,240,3,2
117,241,3,2
117,242,3,3
117,243,3,3
117,244,3,3
117,245,3,3
117,246,3,3
117,247,3,3
117,248,3,3
117,249,3,3
117,250,3,3
117,251,3,2
117,252,3,2
117,253,3,3
117,254,3,3
117,255,3,3
117,256,3,3
117,257,3,3
117,258,3,3
117,259,3,3
117,260,3,3
117,261,3,3
117,262,3,3
117,263,3,3
117,264,3,3
117,265,3,3
117,266,3,3
117,267,3,3
117,268,3,3
117,269,3,3
117,270,3,3
117,271,3,3
117,272,3,3
117,273,3,3
117,274,3,3
117,275,3,3
117,276,3,3
117,277,3,3
117,278,3,3
117,279,3,3
117,280,3,3
117,281,3,3
117,282,3,3
117,283,3,3
117,284,3,3
117,285,3,2
117,286,3,2
117,287,3,2
117,288,3,2
117,289,3,2
117,290,3,2
117,291,3,2
117,292,3,2
117,293,3,2
117,294,3,2
117,295,3,2
117,296,3,2
117,297,3,2
117,298,3,2
117,299,3,2
117,300,3,2
117,301,3,2
117,302,3,2
117,303,3,2
117,304,3,2
117,305,3,3
117,306,3,3
117,307,3,3
117,308,3,3
117,309,3,3
117,310,3,3
117,311,3,3
117,312,3,3
117,313,3,3
117,314,3,3
117,315,3,3
117,316,3,3
117,317,3,3
117,318,3,3
117,319,3,3
117,320,3,3
117,321,3,3
117,322,3,3
117,323,3,3
117,324,3,3
117,325,3,3
117,326,3,3
117,327,3,3
117,328,3,3
117,329,3,3
117,330,3,3
117,331,3,3
117,332,3,3
117,333,3,3
117,334,3,3
117,335,3,3
117,336,3,3
117,337,3,3
117,338,3,3
117,339,3,3
117,340,3,3
117,341,3,3
117,342,3,3
117,343,3,3
117,344,3,3
117,345,3,2
117,346,3,2
117,347,3,2
117,348,3,2
117,349,3,2
117,350,3,2
117,351,3,2
117,352,3,2
117,353,3,2
117,354,3,2
117,355,3,2
117,356,3,2
117,357,3,2
117,358,3,2
117,359,3,2
117,360,3,2
117,361,3,2
117,362,3,2
117,363,3,2
117,364,3,2
117,365,3,2
117,366,3,2
117,367,3,2
117,368,3,2
117,369,3,2
117,370,3,2
117,371,3,2
117,372,3,2
117,373,3,2
117,374,3,3
117,375,3,3
117,376,3,3
117,377,3,3
117,378,3,3
117,379,3,3
117,380,3,3
117,381,3,2
117,382,3,2
117,383,3,2
117,384,3,2
117,385,3,2
117,386,3,2
117,387,3,2
117,388,3,2
117,389,3,2
117,390,3,2
117,391,3,2
117,392,3,2
117,393,3,2
117,394,3,2
117,395,3,2
117,396,3,2
117,397,3,3
117,398,3,3
117,399,3,3
117,400,3,3
117,401,3,3
117,402,3,3
117,403,3,3
117,404,3,3
117,405,3,3
117,406,3,3
117,407,3,3
117,408,3,2
117,409,3,2
117,410,3,2
117,411,3,2
117,412,3,2
117,413,3,2
117,414,3,2
117,415,3,2
117,416,3,2
117,417,3,2
117,418,3,2
117,419,3,2
117,420,3,2
117,421,3,2
117,422,3,2
117,423,3,2
117,424,3,2
117,425,3,2
117,426,3,2
117,427,3,2
117,428,3,2
117,429,3,2
117,430,3,2
117,431,3,2
117,432,3,2
117,433,3,3
118,112,3,2
118,113,3,2
118,114,3,2
118,115,3,2
118,116,3,2
118,117,3,2
118,118,3,2
118,119,3,2
118,120,3,2
118,121,3,2
118,122,3,2
118,123,3,2
118,124,3,2
118,125,3,2
118,126,3,2
118,127,3,2
118,128,3,2
118,129,3,2
118,130,3,2
118,131,3,2
118,132,3,2
118,133,3,2
118,134,3,2
118,135,3,2
118,136,3,2
118,137,3,2
118,138,3,2
118,139,3,2
118,140,3,2
118,141,3,2
118,142,3,2
118,143,3,2
118,144,3,2
118,145,3,2
118,146,3,2
118,147,3,2
118,148,3,2
118,149,3,2
118,150,3,2
118,151,3,2
118,152,3,2
118,153,3,2
118,154,3,2
118,155,3,2
118,156,3,2
118,157,3,2
118,158,3,2
118,159,3,2
118,160,3,2
118,161,3,2
118,162,3,2
118,163,3,2
118,164,3,2
118,165,3,2
118,166,3,2
118,167,3,2
118,168,3,2
118,169,3,2
118,170,3,2
118,171,3,2
118,172,3,2
118,173,3,2
118,174,3,2
118,175,3,2
118,176,3,2
118,177,3,2
118,178,3,2
118,179,3,2
118,180,3,2
118,181,3,2
118,182,3,2
118,183,3,2
118,184,3,2
118,185,3,2
118,186,3,2
118,187,3,2
118,188,3,2
118,189,3,2
118,190,3,2
118,191,3,2
118,192,3,2
118,193,3,2
118,194,3,2
118,195,3,2
118,196,3,2
118,197,3,2
118,198,3,2
118,199,3,2
118,200,3,2
118,201,3,2
118,202,3,2
118,203,3,2
118,204,3,2
118,205,3,2
118,206,3,2
118,207,3,2
118,208,3,2
118,209,3,2
118,210,3,2
118,211,3,2
118,212,3,2
118,213,3,2
118,214,3,2
118,215,3,2
118,216,3,2
118,217,3,2
118,218,3,2
118,219,3,2
118,220,3,2
118,221,3,2
118,222,3,2
118,223,3,2
118,224,3,2
118,225,3,2
118,226,3,2
118,227,3,2
118,228,3,3
118,229,3,3
118,230,3,3
118,231,3,3
118,232,3,3
118,233,3,3
118,234,3,3
118,235,3,3
118,236,3,3
118,237,3,3
118,238,3,2
118,239,3,2
118,240,3,2
118,241,3,3
118,242,3,3
118,243,3,3
118,244,3,3
118,245,3,3
118,246,3,3
118,247,3,3
118,248,3,3
118,249,3,3
118,250,3,3
118,251,3,2
118,252,3,2
118,253,3,3
118,254,3,3
118,255,3,3
118,256,3,3
118,257,3,3
118,258,3,3
118,259,3,3
118,260,3,3
118,261,3,3
118,262,3,3
118,263,3,3
118,264,3,3
118,265,3,3
118,266,3,3
118,267,3,3
118,268,3,3
118,269,3,3
118,270,3,3
118,271,3,3
118,272,3,3
118,273,3,3
118,274,3,3
118,275,3,3
118,276,3,3
118,277,3,3
118,278,3,3
118,279,3,3
118,280,3,3
118,281,3,3
118,282,3,3
118,283,3,3
118,284,3,3
118,285,3,2
118,286,3,2
118,287,3,2
118,288,3,2
118,289,3,2
118,290,3,2
118,291,3,2
118,292,3,2
118,293,3,2
118,294,3,2
118,295,3,2
118,296,3,2
118,297,3,2
118,298,3,2
118,299,3,2
118,300,3,2
118,301,3,2
118,302,3,2
118,303,3,2
118,304,3,2
118,305,3,2
118,306,3,3
118,307,3,3
118,308,3,3
118,309,3,3
118,310,3,3
118,311,3,3
118,312,3,3
118,313,3,3
118,314,3,3
118,315,3,3
118,316,3,3
118,317,3,3
118,318,3,3
118,319,3,3
118,320,3,3
118,321,3,3
118,322,3,3
118,323,3,3
118,324,3,3
118,325,3,3
118,326,3,3
118,327,3,3
118,328,3,3
118,329,3,3
118,330,3,3
118,331,3,3
118,332,3,3
118,333,3,3
118,334,3,3
118,335,3,3
118,336,3,3
118,337,3,3
118,338,3,3
118,339,3,3
118,340,3,3
118,341,3,3
118,342,3,3
118,343,3,3
118,344,3,3
118,345,3,2
118,346,3,2
118,347,3,2
118,348,3,2
118,349,3,2
118,350,3,2
118,351,3,2
118,352,3,2
118,353,3,2
118,354,3,2
118,355,3,2
118,356,3,2
118,357,3,2
118,358,3,2
118,359,3,2
118,360,3,2
118,361,3,2
118,362,3,2
118,363,3,2
118,364,3,2
118,365,3,2
118,366,3,2
118,367,3,2
118,368,3,2
118,369,3,2
118,370,3,2
118,371,3,2
118,372,3,2
118,373,3,2
118,374,3,2
118,375,3,2
118,376,3,2
118,377,3,3
118,378,3,3
118,379,3,3
118,380,3,2
118,381,3,2
118,382,3,2
118,383,3,2
118,384,3,2
118,385,3,2
118,386,3,2
118,387,3,2
118,388,3,2
118,389,3,2
118,390,3,2
118,391,3,2
118,392,3,2
118,393,3,2
118,394,3,2
118,395,3,2
118,396,3,2
118,397,3,3
118,398,3,3
118,399,3,3
118,400,3,3
118,401,3,3
118,402,3,3
118,403,3,3
118,404,3,3
118,405,3,3
118,406,3,3
118,407,3,2
118,408,3,2
118,409,3,2
118,410,3,2
118,411,3,2
118,412,3,2
118,413,3,2
118,414,3,2
118,415,3,2
118,416,3,2
118,417,3,2
118,418,3,2
118,419,3,2
118,420,3,2
118,421,3,2
118,422,3,2
118,423,3,2
118,424,3,2
118,425,3,2
118,426,3,2
118,427,3,2
118,428,3,3
118,429,3,2
118,430,3,2
118,431,3,2
118,432,3,3
119,112,3,2
119,113,3,2
119,114,3,2
119,115,3,2
119,116,3,2
119,117,3,2
119,118,3,2
119,119,3,2
119,120,3,2
119,121,3,2
119,122,3,2
119,123,3,2
119,124,3,2
119,125,3,2
119,126,3,2
119,127,3,2
119,128,3,2
119,129,3,2
119,130,3,2
119,131,3,2
119,132,3,2
119,133,3,2
119,134,3,2
119,135,3,2
119,136,3,2
119,137,3,2
119,138,3,2
119,139,3,2
119,140,3,2
119,141,3,2
119,142,3,2
119,143,3,2
119,144,3,2
119,145,3,2
119,146,3,2
119,147,3,2
119,148,3,2
119,149,3,2
119,150,3,2
119,151,3,2
119,152,3,2
119,153,3,2
119,154,3,2
119,155,3,2
119,156,3,2
119,157,3,2
119,158,3,2
119,159,3,2
119,160,3,2
119,161,3,2
119,162,3,2
119,163,3,2
119,164,3,2
119,165,3,2
119,166,3,2
119,167,3,2
119,168,3,2
119,169,3,2
119,170,3,2
119,171,3,2
119,172,3,2
119,173,3,2
119,174,3,2
119,175,3,2
119,176,3,2
119,177,3,2
119,178,3,2
119,179,3,2
119,180,3,2
119,181,3,2
119,182,3,2
119,183,3,2
119,184,3,2
119,185,3,2
119,186,3,2
119,187,3,2
119,188,3,2
119,189,3,2
119,190,3,2
119,191,3,2
119,192,3,2
119,193,3,2
119,194,3,2
119,195,3,2
119,196,3,2
119,197,3,2
119,198,3,2
119,199,3,2
119,200,3,2
119,201,3,2
119,202,3,2
119,203,3,2
119,204,3,2
119,205,3,2
119,206,3,2
119,207,3,2
119,208,3,2
119,209,3,2
119,210,3,2
119,211,3,2
119,212,3,2
119,213,3,2
119,214,3,2
119,215,3,2
119,216,3,2
119,217,3,2
119,218,3,2
119,219,3,2
119,220,3,2
119,221,3,2
119,222,3,2
119,223,3,2
119,224,3,2
119,225,3,3
119,226,3,3
119,227,3,3
119,228,3,3
119,229,3,3
119,230,3,3
119,231,3,3
119,232,3,3
119,233,3,3
119,234,3,3
119,235,3,3
119,236,3,3
119,237,3,3
119,238,3,3
119,239,3,3
119,240,3,3
119,241,3,3
119,242,3,3
119,243,3,3
119,244,3,3
119,245,3,3
119,246,3,3
119,247,3,3
119,248,3,3
119,249,3,3
119,250,3,3
119,251,3,3
119,252,3,3
119,253,3,3
119,254,3,3
119,255,3,3
119,256,3,3
119,257,3,3
119,258,3,3
119,259,3,3
119,260,3,3
119,261,3,3
119,262,3,3
119,263,3,3
119,264,3,3
119,265,3,3
119,266,3,3
119,267,3,3
119,268,3,3
119,269,3,3
119,270,3,3
119,271,3,3
119,272,3,3
119,273,3,3
119,274,3,3
119,275,3,3
119,276,3,3
119,277,3,3
119,278,3,3
119,279,3,3
119,280,3,3
119,281,3,3
119,282,3,3
119,283,3,3
119,284,3,3
119,285,3,2
119,286,3,2
119,287,3,2
119,288,3,2
119,289,3,2
119,290,3,2
119,291,3,2
119,292,3,2
119,293,3,2
119,294,3,2
119,295,3,2
119,296,3,2
119,297,3,2
119,298,3,2
119,299,3,2
119,300,3,2
119,301,3,2
119,302,3,2
119,303,3,2
119,304,3,2
119,305,3,2
119,306,3,2
119,307,3,3
119,308,3,3
119,309,3,3
119,310,3,3
119,311,3,3
119,312,3,3
119,313,3,3
119,314,3,3
119,315,3,3
119,316,3,3
119,317,3,3
119,318,3,3
119,319,3,3
119,320,3,3
119,321,3,3
119,322,3,3
119,323,3,3
119,324,3,3
119,325,3,3
119,326,3,3
119,327,3,3
119,328,3,3
119,329,3,3
119,330,3,3
119,331,3,3
119,332,3,3
119,333,3,3
119,334,3,3
119,335,3,3
119,336,3,3
119,337,3,3
119,338,3,3
119,339,3,3
119,340,3,3
119,341,3,3
119,342,3,3
119,343,3,3
119,344,3,3
119,345,3,2
119,346,3,2
119,347,3,2
119,348,3,2
119,349,3,2
119,350,3,2
119,351,3,2
119,352,3,2
119,353,3,2
119,354,3,2
119,355,3,2
119,356,3,2
119,357,3,2
119,358,3,2
119,359,3,2
119,360,3,2
119,361,3,2
119,362,3,2
119,363,3,2
119,364,3,2
119,365,3,2
119,366,3,2
119,367,3,2
119,368,3,2
119,369,3,2
119,370,3,2
119,371,3,2
119,372,3,2
119,373,3,2
119,374,3,2
119,375,3,2
119,376,3,2
119,377,3,3
119,378,3,2
119,379,3,3
119,380,3,2
119,381,3,2
119,382,3,2
119,383,3,2
119,384,3,2
119,385,3,2
119,386,3,2
119,387,3,2
119,388,3,2
119,389,3,2
119,390,3,2
119,391,3,2
119,392,3,2
119,393,3,2
119,394,3,2
119,395,3,2
119,396,3,2
119,397,3,3
119,398,3,3
119,399,3,3
119,400,3,3
119,401,3,3
119,402,3,3
119,403,3,3
119,404,3,3
119,405,3,3
119,406,3,3
119,407,3,2
119,408,3,2
119,409,3,2
119,410,3,2
119,411,3,2
119,412,3,2
119,413,3,2
119,414,3,2
119,415,3,2
119,416,3,2
119,417,3,2
119,418,3,2
119,419,3,2
119,420,3,2
119,421,3,2
119,422,3,2
119,423,3,2
119,424,3,2
119,425,3,2
119,426,3,2
119,427,3,2
119,428,3,2
119,429,3,2
119,430,3,2
119,431,3,3
119,432,3,3
120,111,3,2
120,112,3,2
120,113,3,2
120,114,3,2
120,115,3,2
120,116,3,2
120,117,3,2
120,118,3,2
120,119,3,2
120,120,3,2
120,121,3,2
120,122,3,2
120,123,3,2
120,124,3,2
120,125,3,2
120,126,3,2
120,127,3,2
120,128,3,2
120,129,3,2
120,130,3,2
120,131,3,2
120,132,3,2
120,133,3,2
120,134,3,2
120,135,3,2
120,136,3,2
120,137,3,2
120,138,3,2
120,139,3,2
120,140,3,2
120,141,3,2
120,142,3,2
120,143,3,2
120,144,3,2
120,145,3,2
120,146,3,2
120,147,3,2
120,148,3,2
120,149,3,2
120,150,3,2
120,151,3,2
120,152,3,2
120,153,3,2
120,154,3,2
120,155,3,2
120,156,3,2
120,157,3,2
120,158,3,2
120,159,3,2
120,160,3,2
120,161,3,2
120,162,3,2
120,163,3,2
120,164,3,2
120,165,3,2
120,166,3,2
120,167,3,2
120,168,3,2
120,169,3,2
120,170,3,2
120,171,3,2
120,172,3,2
120,173,3,2
120,174,3,2
120,175,3,2
120,176,3,2
120,177,3,2
120,178,3,2
120,179,3,2
120,180,3,2
120,181,3,2
120,182,3,2
120,183,3,2
120,184,3,2
120,185,3,2
120,186,3,2
120,187,3,2
120,188,3,2
120,189,3,2
120,190,3,2
120,191,3,2
120,192,3,2
120,193,3,2
120,194,3,2
120,195,3,2
120,196,3,2
120,197,3,2
120,198,3,2
120,199,3,2
120,200,3,2
120,201,3,2
120,202,3,2
120,203,3,2
120,204,3,2
120,205,3,2
120,206,3,2
120,207,3,2
120,208,3,2
120,209,3,2
120,210,3,2
120,211,3,2
120,212,3,2
120,213,3,2
120,214,3,2
120,215,3,2
120,216,3,2
120,217,3,2
120,218,3,2
120,219,3,2
120,220,3,2
120,221,3,2
120,222,3,2
120,223,3,2
120,224,3,3
120,225,3,3
120,226,3,3
120,227,3,3
120,228,3,3
120,229,3,3
120,230,3,3
120,231,3,3
120,232,3,3
120,233,3,3
120,234,3,3
120,235,3,3
120,236,3,3
120,237,3,3
120,238,3,3
120,239,3,3
120,240,3,3
120,241,3,3
120,242,3,3
120,243,3,3
120,244,3,3
120,245,3,3
120,246,3,3
120,247,3,3
120,248,3,3
120,249,3,3
120,250,3,3
120,251,3,3
120,252,3,3
120,253,3,3
120,254,3,3
120,255,3,3
120,256,3,3
120,257,3,3
120,258,3,3
120,259,3,3
120,260,3,3
120,261,3,3
120,262,3,3
120,263,3,3
120,264,3,3
120,265,3,3
120,266,3,3
120,267,3,3
120,268,3,3
120,269,3,3
120,270,3,3
120,271,3,3
120,272,3,3
120,273,3,3
120,274,3,3
120,275,3,3
120,276,3,3
120,277,3,3
120,278,3,3
120,279,3,3
120,280,3,3
120,281,3,3
120,282,3,3
120,283,3,3
120,284,3,3
120,285,3,2
120,286,3,2
120,287,3,2
120,288,3,2
120,289,3,2
120,290,3,2
120,291,3,2
120,292,3,2
120,293,3,2
120,294,3,2
120,295,3,2
120,296,3,2
120,297,3,2
120,298,3,2
120,299,3,2
120,300,3,2
120,301,3,2
120,302,3,2
120,303,3,2
120,304,3,2
120,305,3,2
120,306,3,2
120,307,3,3
120,308,3,3
120,309,3,3
120,310,3,3
120,311,3,3
120,312,3,3
120,313,3,3
120,314,3,3
120,315,3,3
120,316,3,3
120,317,3,3
120,318,3,3
120,319,3,3
120,320,3,3
120,321,3,3
120,322,3,3
120,323,3,3
120,324,3,3
120,325,3,3
120,326,3,3
120,327,3,3
120,328,3,3
120,329,3,3
120,330,3,3
120,331,3,3
120,332,3,3
120,333,3,3
120,334,3,3
120,335,3,3
120,336,3,3
120,337,3,3
120,338,3,3
120,339,3,3
120,340,3,3
120,341,3,3
120,342,3,3
120,343,3,3
120,344,3,3
120,345,3,2
120,346,3,2
120,347,3,2
120,348,3,2
120,349,3,2
120,350,3,2
120,351,3,2
120,352,3,2
120,353,3,2
120,354,3,2
120,355,3,2
120,356,3,2
120,357,3,2
120,358,3,2
120,359,3,2
120,360,3,2
120,361,3,2
120,362,3,2
120,363,3,2
120,364,3,2
120,365,3,2
120,366,3,2
120,367,3,2
120,368,3,2
120,369,3,2
120,370,3,2
120,371,3,2
120,372,3,2
120,373,3,2
120,374,3,2
120,375,3,2
120,376,3,2
120,377,3,2
120,378,3,2
120,379,3,2
120,380,3,2
120,381,3,2
120,382,3,2
120,383,3,2
120,384,3,2
120,385,3,2
120,386,3,2
120,387,3,2
120,388,3,2
120,389,3,2
120,390,3,2
120,391,3,2
120,392,3,2
120,393,3,2
120,394,3,2
120,395,3,2
120,396,3,2
120,397,3,2
120,398,3,3
120,399,3,3
120,400,3,3
120,401,3,3
120,402,3,3
120,403,3,3
120,404,3,3
120,405,3,3
120,406,3,2
120,407,3,2
120,408,3,2
120,409,3,2
120,410,3,2
120,411,3,2
120,412,3,2
120,413,3,2
120,414,3,2
120,415,3,2
120,416,3,2
120,417,3,2
120,418,3,2
120,419,3,2
120,420,3,2
120,421,3,2
120,422,3,2
120,423,3,2
120,424,3,2
120,425,3,2
120,426,3,2
120,427,3,3
120,428,3,3
120,429,3,3
120,430,3,3
120,431,3,3
121,111,3,2
121,112,3,2
121,113,3,2
121,114,3,2
121,115,3,2
121,116,3,2
121,117,3,2
121,118,3,2
121,119,3,2
121,120,3,2
121,121,3,2
121,122,3,2
121,123,3,2
121,124,3,2
121,125,3,2
121,126,3,2
121,127,3,2
121,128,3,2
121,129,3,2
121,130,3,2
121,131,3,2
121,132,3,2
121,133,3,2
121,134,3,2
121,135,3,2
121,136,3,2
121,137,3,2
121,138,3,2
121,139,3,2
121,140,3,2
121,141,3,2
121,142,3,2
121,143,3,2
121,144,3,2
121,145,3,2
121,146,3,2
121,147,3,2
121,148,3,2
121,149,3,2
121,150,3,2
121,151,3,2
121,152,3,2
121,153,3,2
121,154,3,2
121,155,3,2
121,156,3,2
121,157,3,2
121,158,3,2
121,159,3,2
121,160,3,2
121,161,3,2
121,162,3,2
121,163,3,2
121,164,3,2
121,165,3,2
121,166,3,2
121,167,3,2
121,168,3,2
121,169,3,2
121,170,3,2
121,171,3,2
121,172,3,2
121,173,3,2
121,174,3,2
121,175,3,2
121,176,3,2
121,177,3,2
121,178,3,2
121,179,3,2
121,180,3,2
121,181,3,2
121,182,3,2
121,183,3,2
121,184,3,2
121,185,3,2
121,186,3,2
121,187,3,2
121,188,3,2
121,189,3,2
121,190,3,2
121,191,3,2
121,192,3,2
121,193,3,2
121,194,3,2
121,195,3,2
121,196,3,2
121,197,3,2
121,198,3,2
121,199,3,2
121,200,3,2
121,201,3,2
121,202,3,2
121,203,3,2
121,204,3,2
121,205,3,2
121,206,3,2
121,207,3,2
121,208,3,2
121,209,3,2
121,210,3,2
121,211,3,2
121,212,3,2
121,213,3,2
121,214,3,2
121,215,3,2
121,216,3,2
121,217,3,2
121,218,3,2
121,219,3,2
121,220,3,2
121,221,3,2
121,222,3,3
121,223,3,3
121,224,3,3
121,225,3,3
121,226,3,3
121,227,3,3
121,228,3,3
121,229,3,3
121,230,3,3
121,231,3,3
121,232,3,3
121,233,3,3
121,234,3,3
121,235,3,3
121,236,3,3
121,237,3,3
121,238,3,3
121,239,3,3
121,240,3,3
121,241,3,3
121,242,3,3
121,243,3,3
121,244,3,3
121,245,3,3
121,246,3,3
121,247,3,3
121,248,3,3
121,249,3,3
121,250,3,3
121,251,3,3
121,252,3,3
121,253,3,3
121,254,3,3
121,255,3,3
121,256,3,3
121,257,3,3
121,258,3,3
121,259,3,3
121,260,3,3
121,261,3,3
121,262,3,3
121,263,3,3
121,264,3,3
121,265,3,3
121,266,3,3
121,267,3,3
121,268,3,3
121,269,3,3
121,270,3,3
121,271,3,3
121,272,3,3
121,273,3,3
121,274,3,3
121,275,3,3
121,276,3,3
121,277,3,3
121,278,3,3
121,279,3,3
121,280,3,3
121,281,3,3
121,282,3,3
121,283,3,3
121,284,3,3
121,285,3,3
121,286,3,2
121,287,3,2
121,288,3,2
121,289,3,2
121,290,3,2
121,291,3,2
121,292,3,2
121,293,3,2
121,294,3,2
121,295,3,2
121,296,3,2
121,297,3,2
121,298,3,2
121,299,3,2
121,300,3,2
121,301,3,2
121,302,3,2
121,303,3,2
121,304,3,2
121,305,3,2
121,306,3,2
121,307,3,3
121,308,3,3
121,309,3,3
121,310,3,3
121,311,3,3
121,312,3,3
121,313,3,3
121,314,3,3
121,315,3,3
121,316,3,3
121,317,3,3
121,318,3,3
121,319,3,3
121,320,3,3
121,321,3,3
121,322,3,3
121,323,3,3
121,324,3,3
121,325,3,3
121,326,3,3
121,327,3,3
121,328,3,3
121,329,3,3
121,330,3,3
121,331,3,3
121,332,3,3
121,333,3,3
121,334,3,3
121,335,3,3
121,336,3,3
121,337,3,3
121,338,3,3
121,339,3,3
121,340,3,3
121,341,3,3
121,342,3,3
121,343,3,3
121,344,3,3
121,345,3,2
121,346,3,2
121,347,3,2
121,348,3,2
121,349,3,2
121,350,3,2
121,351,3,2
121,352,3,2
121,353,3,2
121,354,3,2
121,355,3,2
121,356,3,2
121,357,3,2
121,358,3,2
121,359,3,2
121,360,3,2
121,361,3,2
121,362,3,2
121,363,3,2
121,364,3,2
121,365,3,2
121,366,3,2
121,367,3,2
121,368,3,2
121,369,3,2
121,370,3,2
121,371,3,2
121,372,3,2
121,373,3,2
121,374,3,2
121,375,3,2
121,376,3,2
121,377,3,2
121,378,3,2
121,379,3,2
121,380,3,2
121,381,3,2
121,382,3,2
121,383,3,2
121,384,3,2
121,385,3,2
121,386,3,2
121,387,3,2
121,388,3,2
121,389,3,2
121,390,3,2
121,391,3,2
121,392,3,2
121,393,3,2
121,394,3,2
121,395,3,2
121,396,3,2
121,397,3,3
121,398,3,3
121,399,3,3
121,400,3,3
121,401,3,3
121,402,3,3
121,403,3,3
121,404,3,3
121,405,3,3
121,406,3,2
121,407,3,2
121,408,3,2
121,409,3,2
121,410,3,2
121,411,3,2
121,412,3,2
121,413,3,2
121,414,3,2
121,415,3,2
121,416,3,2
121,417,3,2
121,418,3,2
121,419,3,2
121,420,3,2
121,421,3,2
121,422,3,2
121,423,3,2
121,424,3,2
121,425,3,2
121,426,3,3
121,427,3,2
121,428,3,3
121,429,3,3
121,430,3,3
122,110,3,2
122,111,3,2
122,112,3,2
122,113,3,2
122,114,3,2
122,115,3,2
122,116,3,2
122,117,3,2
122,118,3,2
122,119,3,2
122,120,3,2
122,121,3,2
122,122,3,2
122,123,3,2
122,124,3,2
122,125,3,2
122,126,3,2
122,127,3,2
122,128,3,2
122,129,3,2
122,130,3,2
122,131,3,2
122,132,3,2
122,133,3,2
122,134,3,2
122,135,3,2
122,136,3,2
122,137,3,2
122,138,3,2
122,139,3,2
122,140,3,2
122,141,3,2
122,142,3,2
122,143,3,2
122,144,3,2
122,145,3,2
122,146,3,2
122,147,3,2
122,148,3,2
122,149,3,2
122,150,3,2
122,151,3,2
122,152,3,2
122,153,3,2
122,154,3,2
122,155,3,2
122,156,3,2
122,157,3,2
122,158,3,2
122,159,3,2
122,160,3,2
122,161,3,2
122,162,3,2
122,163,3,2
122,164,3,2
122,165,3,2
122,166,3,2
122,167,3,2
122,168,3,2
122,169,3,2
122,170,3,2
122,171,3,2
122,172,3,2
122,173,3,2
122,174,3,2
122,175,3,2
122,176,3,2
122,177,3,2
122,178,3,2
122,179,3,2
122,180,3,2
122,181,3,2
122,182,3,2
122,183,3,2
122,184,3,2
122,185,3,2
122,186,3,2
122,187,3,2
122,188,3,2
122,189,3,2
122,190,3,2
122,191,3,2
122,192,3,2
122,193,3,2
122,194,3,2
122,195,3,2
122,196,3,2
122,197,3,2
122,198,3,2
122,199,3,2
122,200,3,2
122,201,3,2
122,202,3,2
122,203,3,2
122,204,3,2
122,205,3,2
122,206,3,2
122,207,3,2
122,208,3,2
122,209,3,2
122,210,3,2
122,211,3,2
122,212,3,2
122,213,3,2
122,214,3,2
122,215,3,2
122,216,3,2
122,217,3,2
122,218,3,2
122,219,3,2
122,220,3,2
122,221,3,3
122,222,3,3
122,223,3,3
122,224,3,3
122,225,3,3
122,226,3,3
122,227,3,3
122,228,3,3
122,229,3,3
122,230,3,3
122,231,3,3
122,232,3,3
122,233,3,3
122,234,3,3
122,235,3,3
122,236,3,3
122,237,3,3
122,238,3,3
122,239,3,3
122,240,3,3
122,241,3,3
122,242,3,3
122,243,3,3
122,244,3,3
122,245,3,3
122,246,3,3
122,247,3,3
122,248,3,3
122,249,3,3
122,250,3,3
122,251,3,3
122,252,3,3
122,253,3,3
122,254,3,3
122,255,3,3
122,256,3,3
122,257,3,3
122,258,3,3
122,259,3,3
122,260,3,3
122,261,3,3
122,262,3,3
122,263,3,3
122,264,3,3
122,265,3,3
122,266,3,3
122,267,3,3
122,268,3,3
122,269,3,3
122,270,3,3
122,271,3,3
122,272,3,3
122,273,3,3
122,274,3,3
122,275,3,3
122,276,3,3
122,277,3,3
122,278,3,3
122,279,3,3
122,280,3,3
122,281,3,3
122,282,3,3
122,283,3,3
122,284,3,3
122,285,3,3
122,286,3,2
122,287,3,2
122,288,3,2
122,289,3,2
122,290,3,2
122,291,3,2
122,292,3,2
122,293,3,2
122,294,3,2
122,295,3,2
122,296,3,2
122,297,3,2
122,298,3,2
122,299,3,2
122,300,3,2
122,301,3,2
122,302,3,2
122,303,3,2
122,304,3,2
122,305,3,2
122,306,3,2
122,307,3,3
122,308,3,3
122,309,3,3
122,310,3,3
122,311,3,3
122,312,3,3
122,313,3,3
122,314,3,3
122,315,3,3
122,316,3,3
122,317,3,3
122,318,3,3
122,319,3,3
122,320,3,3
122,321,3,3
122,322,3,3
122,323,3,3
122,324,3,3
122,325,3,3
122,326,3,3
122,327,3,3
122,328,3,3
122,329,3,3
122,330,3,3
122,331,3,3
122,332,3,3
122,333,3,3
122,334,3,3
122,335,3,3
122,336,3,3
122,337,3,3
122,338,3,3
122,339,3,3
122,340,3,3
122,341,3,3
122,342,3,3
122,343,3,3
122,344,3,3
122,345,3,2
122,346,3,2
122,347,3,2
122,348,3,2
122,349,3,2
122,350,3,2
122,351,3,2
122,352,3,2
122,353,3,2
122,354,3,2
122,355,3,2
122,356,3,2
122,357,3,2
122,358,3,2
122,359,3,2
122,360,3,2
122,361,3,2
122,362,3,2
122,363,3,2
122,364,3,2
122,365,3,2
122,366,3,2
122,367,3,2
122,368,3,2
122,369,3,2
122,370,3,2
122,371,3,2
122,372,3,2
122,373,3,2
122,374,3,2
122,375,3,2
122,376,3,2
122,377,3,2
122,378,3,2
122,379,3,2
122,380,3,2
122,381,3,2
122,382,3,2
122,383,3,2
122,384,3,2
122,385,3,2
122,386,3,2
122,387,3,2
122,388,3,2
122,389,3,2
122,390,3,2
122,391,3,2
122,392,3,2
122,393,3,2
122,394,3,2
122,395,3,2
122,396,3,2
122,397,3,3
122,398,3,3
122,399,3,3
122,400,3,3
122,401,3,3
122,402,3,3
122,403,3,3
122,404,3,3
122,405,3,2
122,406,3,2
122,407,3,2
122,408,3,2
122,409,3,2
122,410,3,2
122,411,3,2
122,412,3,2
122,413,3,2
122,414,3,2
122,415,3,2
122,416,3,2
122,417,3,2
122,418,3,2
122,419,3,2
122,420,3,2
122,421,3,2
122,422,3,2
122,423,3,2
122,424,3,2
122,425,3,2
122,426,3,2
122,427,3,2
122,428,3,2
122,429,3,3
123,109,3,2
123,110,3,2
123,111,3,2
123,112,3,2
123,113,3,2
123,114,3,2
123,115,3,2
123,116,3,2
123,117,3,2
123,118,3,2
123,119,3,2
123,120,3,2
123,121,3,2
123,122,3,2
123,123,3,2
123,124,3,2
123,125,3,2
123,126,3,2
123,127,3,2
123,128,3,2
123,129,3,2
123,130,3,2
123,131,3,2
123,132,3,2
123,133,3,2
123,134,3,2
123,135,3,2
123,136,3,2
123,137,3,2
123,138,3,2
123,139,3,2
123,140,3,2
123,141,3,2
123,142,3,2
123,143,3,2
123,144,3,2
123,145,3,2
123,146,3,2
123,147,3,2
123,148,3,2
123,149,3,2
123,150,3,2
123,151,3,2
123,152,3,2
123,153,3,2
123,154,3,2
123,155,3,2
123,156,3,2
123,157,3,2
123,158,3,2
123,159,3,2
123,160,3,2
123,161,3,2
123,162,3,2
123,163,3,2
123,164,3,2
123,165,3,2
123,166,3,2
123,167,3,2
123,168,3,2
123,169,3,2
123,170,3,2
123,171,3,2
123,172,3,2
123,173,3,2
123,174,3,2
123,175,3,2
123,176,3,2
123,177,3,2
123,178,3,2
123,179,3,2
123,180,3,2
123,181,3,2
123,182,3,2
123,183,3,2
123,184,3,2
123,185,3,2
123,186,3,2
123,187,3,2
123,188,3,2
123,189,3,2
123,190,3,2
123,191,3,2
123,192,3,2
123,193,3,2
123,194,3,2
123,195,3,2
123,196,3,2
123,197,3,2
123,198,3,2
123,199,3,2
123,200,3,2
123,201,3,2
123,202,3,2
123,203,3,2
123,204,3,2
123,205,3,2
123,206,3,2
123,207,3,2
123,208,3,2
123,209,3,2
123,210,3,2
123,211,3,2
123,212,3,2
123,213,3,2
123,214,3,2
123,215,3,2
123,216,3,2
123,217,3,2
123,218,3,2
123,219,3,2
123,220,3,2
123,221,3,3
123,222,3,3
123,223,3,3
123,224,3,3
123,225,3,3
123,226,3,3
123,227,3,3
123,228,3,3
123,229,3,3
123,230,3,3
123,231,3,3
123,232,3,3
123,233,3,3
123,234,3,3
123,235,3,3
123,236,3,3
123,237,3,3
123,238,3,3
123,239,3,3
123,240,3,3
123,241,3,3
123,242,3,3
123,243,3,3
123,244,3,3
123,245,3,3
123,246,3,3
123,247,3,3
123,248,3,3
123,249,3,3
123,250,3,3
123,251,3,3
123,252,3,3
123,253,3,3
123,254,3,3
123,255,3,3
123,256,3,3
123,257,3,3
123,258,3,3
123,259,3,3
123,260,3,3
123,261,3,3
123,262,3,3
123,263,3,3
123,264,3,3
123,265,3,3
123,266,3,3
123,267,3,3
123,268,3,3
123,269,3,3
123,270,3,3
123,271,3,3
123,272,3,3
123,273,3,3
123,274,3,3
123,275,3,3
123,276,3,3
123,277,3,3
123,278,3,3
123,279,3,3
123,280,3,3
123,281,3,3
123,282,3,3
123,283,3,3
123,284,3,3
123,285,3,3
123,286,3,2
123,287,3,2
123,288,3,2
123,289,3,2
123,290,3,2
123,291,3,2
123,292,3,2
123,293,3,2
123,294,3,2
123,295,3,2
123,296,3,2
123,297,3,2
123,298,3,2
123,299,3,2
123,300,3,2
123,301,3,2
123,302,3,2
123,303,3,2
123,304,3,2
123,305,3,2
123,306,3,3
123,307,3,3
123,308,3,3
123,309,3,3
123,310,3,3
123,311,3,3
123,312,3,3
123,313,3,3
123,314,3,3
123,315,3,3
123,316,3,3
123,317,3,3
123,318,3,3
123,319,3,3
123,320,3,3
123,321,3,3
123,322,3,3
123,323,3,3
123,324,3,3
123,325,3,3
123,326,3,3
123,327,3,3
123,328,3,3
123,329,3,3
123,330,3,3
123,331,3,3
123,332,3,3
123,333,3,3
123,334,3,3
123,335,3,3
123,336,3,3
123,337,3,3
123,338,3,3
123,339,3,3
123,340,3,3
123,341,3,3
123,342,3,3
123,343,3,3
123,344,3,3
123,345,3,2
123,346,3,2
123,347,3,2
123,348,3,2
123,349,3,2
123,350,3,2
123,351,3,2
123,352,3,2
123,353,3,2
123,354,3,2
123,355,3,2
123,356,3,2
123,357,3,2
123,358,3,2
123,359,3,2
123,360,3,2
123,361,3,2
123,362,3,2
123,363,3,2
123,364,3,2
123,365,3,2
123,366,3,2
123,367,3,2
123,368,3,2
123,369,3,2
123,370,3,2
123,371,3,2
123,372,3,2
123,373,3,2
123,374,3,2
123,375,3,2
123,376,3,2
123,377,3,2
123,378,3,2
123,379,3,2
123,380,3,2
123,381,3,2
123,382,3,2
123,383,3,2
123,384,3,2
123,385,3,2
123,386,3,2
123,387,3,2
123,388,3,2
123,389,3,2
123,390,3,2
123,391,3,2
123,392,3,2
123,393,3,2
123,394,3,2
123,395,3,2
123,396,3,2
123,397,3,3
123,398,3,3
123,399,3,3
123,400,3,3
123,401,3,3
123,402,3,3
123,403,3,3
123,404,3,3
123,405,3,2
123,406,3,2
123,407,3,2
123,408,3,2
123,409,3,2
123,410,3,2
123,411,3,2
123,412,3,2
123,413,3,2
123,414,3,2
123,415,3,2
123,416,3,2
123,417,3,2
123,418,3,2
123,419,3,2
123,420,3,2
123,421,3,2
123,422,3,2
123,423,3,2
123,424,3,2
123,425,3,2
123,426,3,2
123,427,3,2
123,428,3,3
124,108,3,2
124,109,3,2
124,110,3,2
124,111,3,2
124,112,3,2
124,113,3,2
124,114,3,2
124,115,3,2
124,116,3,2
124,117,3,2
124,118,3,2
124,119,3,2
124,120,3,2
124,121,3,2
124,122,3,2
124,123,3,2
124,124,3,2
124,125,3,2
124,126,3,2
124,127,3,2
124,128,3,2
124,129,3,2
124,130,3,2
124,131,3,2
124,132,3,2
124,133,3,2
124,134,3,2
124,135,3,2
124,136,3,2
124,137,3,2
124,138,3,2
124,139,3,2
124,140,3,2
124,141,3,2
124,142,3,2
124,143,3,2
124,144,3,2
124,145,3,2
124,146,3,2
124,147,3,2
124,148,3,2
124,149,3,2
124,150,3,2
124,151,3,2
124,152,3,2
124,153,3,2
124,154,3,2
124,155,3,2
124,156,3,2
124,157,3,2
124,158,3,2
124,159,3,2
124,160,3,2
124,161,3,2
124,162,3,2
124,163,3,2
124,164,3,2
124,165,3,2
124,166,3,2
124,167,3,2
124,168,3,2
124,169,3,2
124,170,3,2
124,171,3,2
124,172,3,2
124,173,3,2
124,174,3,2
124,175,3,2
124,176,3,2
124,177,3,2
124,178,3,2
124,179,3,2
124,180,3,2
124,181,3,2
124,182,3,2
124,183,3,2
124,184,3,2
124,185,3,2
124,186,3,2
124,187,3,2
124,188,3,2
124,189,3,2
124,190,3,2
124,191,3,2
124,192,3,2
124,193,3,2
124,194,3,2
124,195,3,2
124,196,3,2
124,197,3,2
124,198,3,2
124,199,3,2
124,200,3,2
124,201,3,2
124,202,3,2
124,203,3,2
124,204,3,2
124,205,3,2
124,206,3,2
124,207,3,2
124,208,3,2
124,209,3,2
124,210,3,2
124,211,3,2
124,212,3,2
124,213,3,2
124,214,3,2
124,215,3,2
124,216,3,2
124,217,3,2
124,218,3,2
124,219,3,2
124,220,3,3
124,221,3,3
124,222,3,3
124,223,3,3
124,224,3,3
124,225,3,3
124,226,3,3
124,227,3,3
124,228,3,3
124,229,3,3
124,230,3,3
124,231,3,3
124,232,3,3
124,233,3,3
124,234,3,3
124,235,3,3
124,236,3,3
124,237,3,3
124,238,3,3
124,239,3,3
124,240,3,3
124,241,3,3
124,242,3,3
124,243,3,3
124,244,3,3
124,245,3,3
124,246,3,3
124,247,3,3
124,248,3,3
124,249,3,3
124,250,3,3
124,251,3,3
124,252,3,3
124,253,3,3
124,254,3,3
124,255,3,3
124,256,3,3
124,257,3,3
124,258,3,3
124,259,3,3
124,260,3,3
124,261,3,3
124,262,3,3
124,263,3,3
124,264,3,3
124,265,3,3
124,266,3,3
124,267,3,3
124,268,3,3
124,269,3,3
124,270,3,3
124,271,3,3
124,272,3,3
124,273,3,3
124,274,3,3
124,275,3,3
124,276,3,3
124,277,3,3
124,278,3,3
124,279,3,3
124,280,3,3
124,281,3,3
124,282,3,3
124,283,3,3
124,284,3,3
124,285,3,3
124,286,3,2
124,287,3,2
124,288,3,2
124,289,3,2
124,290,3,2
124,291,3,2
124,292,3,2
124,293,3,2
124,294,3,2
124,295,3,2
124,296,3,2
124,297,3,2
124,298,3,2
124,299,3,2
124,300,3,2
124,301,3,2
124,302,3,2
124,303,3,2
124,304,3,2
124,305,3,2
124,306,3,3
124,307,3,3
124,308,3,3
124,309,3,3
124,310,3,3
124,311,3,3
124,312,3,3
124,313,3,3
124,314,3,3
124,315,3,3
124,316,3,3
124,317,3,3
124,318,3,3
124,319,3,3
124,320,3,3
124,321,3,3
124,322,3,3
124,323,3,3
124,324,3,3
124,325,3,3
124,326,3,3
124,327,3,3
124,328,3,3
124,329,3,3
124,330,3,3
124,331,3,3
124,332,3,3
124,333,3,3
124,334,3,3
124,335,3,3
124,336,3,3
124,337,3,3
124,338,3,3
124,339,3,3
124,340,3,3
124,341,3,3
124,342,3,3
124,343,3,3
124,344,3,2
124,345,3,2
124,346,3,2
124,347,3,2
124,348,3,2
124,349,3,2
124,350,3,2
124,351,3,2
124,352,3,2
124,353,3,2
124,354,3,2
124,355,3,2
124,356,3,2
124,357,3,2
124,358,3,2
124,359,3,2
124,360,3,2
124,361,3,2
124,362,3,2
124,363,3,2
124,364,3,2
124,365,3,2
124,366,3,2
124,367,3,2
124,368,3,2
124,369,3,2
124,370,3,2
124,371,3,2
124,372,3,2
124,373,3,2
124,374,3,2
124,375,3,2
124,376,3,2
124,377,3,2
124,378,3,2
124,379,3,2
124,380,3,2
124,381,3,2
124,382,3,2
124,383,3,2
124,384,3,2
124,385,3,2
124,386,3,2
124,387,3,2
124,388,3,2
124,389,3,2
124,390,3,2
124,391,3,2
124,392,3,2
124,393,3,2
124,394,3,2
124,395,3,2
124,396,3,2
124,397,3,2
124,398,3,3
124,399,3,3
124,400,3,3
124,401,3,3
124,402,3,3
124,403,3,3
124,404,3,3
124,405,3,2
124,406,3,2
124,407,3,2
124,408,3,2
124,409,3,2
124,410,3,2
124,411,3,2
124,412,3,2
124,413,3,2
124,414,3,2
124,415,3,2
124,416,3,2
124,417,3,2
124,418,3,2
124,419,3,2
124,420,3,2
124,421,3,2
124,422,3,2
124,423,3,2
124,424,3,3
124,425,3,2
124,426,3,2
124,427,3,2
124,428,3,3
125,107,3,2
125,108,3,2
125,109,3,2
125,110,3,2
125,111,3,2
125,112,3,2
125,113,3,2
125,114,3,2
125,115,3,2
125,116,3,2
125,117,3,2
125,118,3,2
125,119,3,2
125,120,3,2
125,121,3,2
125,122,3,2
125,123,3,2
125,124,3,2
125,125,3,2
125,126,3,2
125,127,3,2
125,128,3,2
125,129,3,2
125,130,3,2
125,131,3,2
125,132,3,2
125,133,3,2
125,134,3,2
125,135,3,2
125,136,3,2
125,137,3,2
125,138,3,2
125,139,3,2
125,140,3,2
125,141,3,2
125,142,3,2
125,143,3,2
125,144,3,2
125,145,3,2
125,146,3,2
125,147,3,2
125,148,3,2
125,149,3,2
125,150,3,2
125,151,3,2
125,152,3,2
125,153,3,2
125,154,3,2
125,155,3,2
125,156,3,2
125,157,3,2
125,158,3,2
125,159,3,2
125,160,3,2
125,161,3,2
125,162,3,2
125,163,3,2
125,164,3,2
125,165,3,2
125,166,3,2
125,167,3,2
125,168,3,2
125,169,3,2
125,170,3,2
125,171,3,2
125,172,3,2
125,173,3,2
125,174,3,2
125,175,3,2
125,176,3,2
125,177,3,2
125,178,3,2
125,179,3,2
125,180,3,2
125,181,3,2
125,182,3,2
125,183,3,2
125,184,3,2
125,185,3,2
125,186,3,2
125,187,3,2
125,188,3,2
125,189,3,2
125,190,3,2
125,191,3,2
125,192,3,2
125,193,3,2
125,194,3,2
125,195,3,2
125,196,3,2
125,197,3,2
125,198,3,2
125,199,3,2
125,200,3,2
125,201,3,2
125,202,3,2
125,203,3,2
125,204,3,2
125,205,3,2
125,206,3,2
125,207,3,2
125,208,3,2
125,209,3,2
125,210,3,2
125,211,3,2
125,212,3,2
125,213,3,2
125,214,3,2
125,215,3,2
125,216,3,2
125,217,3,2
125,218,3,2
125,219,3,2
125,220,3,3
125,221,3,3
125,222,3,3
125,223,3,3
125,224,3,3
125,225,3,3
125,226,3,3
125,227,3,3
125,228,3,3
125,229,3,3
125,230,3,3
125,231,3,3
125,232,3,3
125,233,3,3
125,234,3,3
125,235,3,3
125,236,3,3
125,237,3,3
125,238,3,3
125,239,3,3
125,240,3,3
125,241,3,3
125,242,3,3
125,243,3,3
125,244,3,3
125,245,3,3
125,246,3,3
125,247,3,3
125,248,3,3
125,249,3,3
125,250,3,3
125,251,3,3
125,252,3,3
125,253,3,3
125,254,3,3
125,255,3,3
125,256,3,3
125,257,3,3
125,258,3,3
125,259,3,3
125,260,3,3
125,261,3,3
125,262,3,3
125,263,3,3
125,264,3,3
125,265,3,3
125,266,3,3
125,267,3,3
125,268,3,3
125,269,3,3
125,270,3,3
125,271,3,3
125,272,3,3
125,273,3,3
125,274,3,3
125,275,3,3
125,276,3,3
125,277,3,3
125,278,3,3
125,279,3,3
125,280,3,3
125,281,3,3
125,282,3,3
125,283,3,3
125,284,3,3
125,285,3,3
125,286,3,3
125,287,3,3
125,288,3,2
125,289,3,2
125,290,3,2
125,291,3,2
125,292,3,2
125,293,3,2
125,294,3,2
125,295,3,2
125,296,3,2
125,297,3,2
125,298,3,2
125,299,3,2
125,300,3,2
125,301,3,2
125,302,3,2
125,303,3,2
125,304,3,2
125,305,3,2
125,306,3,3
125,307,3,3
125,308,3,3
125,309,3,3
125,310,3,3
125,311,3,3
125,312,3,3
125,313,3,3
125,314,3,3
125,315,3,3
125,316,3,3
125,317,3,3
125,318,3,3
125,319,3,3
125,320,3,3
125,321,3,3
125,322,3,3
125,323,3,3
125,324,3,3
125,325,3,3
125,326,3,3
125,327,3,3
125,328,3,3
125,329,3,3
125,330,3,3
125,331,3,3
125,332,3,3
125,333,3,3
125,334,3,3
125,335,3,3
125,336,3,3
125,337,3,3
125,338,3,3
125,339,3,3
125,340,3,3
125,341,3,3
125,342,3,3
125,343,3,2
125,344,3,2
125,345,3,2
125,346,3,2
125,347,3,2
125,348,3,2
125,349,3,2
125,350,3,2
125,351,3,2
125,352,3,2
125,353,3,2
125,354,3,2
125,355,3,2
125,356,3,2
125,357,3,2
125,358,3,2
125,359,3,2
125,360,3,2
125,361,3,2
125,362,3,2
125,363,3,2
125,364,3,2
125,365,3,2
125,366,3,2
125,367,3,2
125,368,3,2
125,369,3,2
125,370,3,2
125,371,3,2
125,372,3,2
125,373,3,2
125,374,3,2
125,375,3,2
125,376,3,2
125,377,3,2
125,378,3,2
125,379,3,2
125,380,3,2
125,381,3,2
125,382,3,2
125,383,3,2
125,384,3,2
125,385,3,2
125,386,3,2
125,387,3,2
125,388,3,2
125,389,3,2
125,390,3,2
125,391,3,2
125,392,3,2
125,393,3,2
125,394,3,2
125,395,3,2
125,396,3,2
125,397,3,3
125,398,3,3
125,399,3,3
125,400,3,3
125,401,3,3
125,402,3,3
125,403,3,3
125,404,3,3
125,405,3,2
125,406,3,2
125,407,3,2
125,408,3,2
125,409,3,2
125,410,3,2
125,411,3,2
125,412,3,2
125,413,3,2
125,414,3,2
125,415,3,2
125,416,3,2
125,417,3,2
125,418,3,2
125,419,3,2
125,420,3,2
125,421,3,2
125,422,3,2
125,423,3,2
125,424,3,2
125,425,3,2
125,426,3,2
125,427,3,3
126,106,3,2
126,107,3,2
126,108,3,2
126,109,3,2
126,110,3,2
126,111,3,2
126,112,3,2
126,113,3,2
126,114,3,2
126,115,3,2
126,116,3,2
126,117,3,2
126,118,3,2
126,119,3,2
126,120,3,2
126,121,3,2
126,122,3,2
126,123,3,2
126,124,3,2
126,125,3,2
126,126,3,2
126,127,3,2
126,128,3,2
126,129,3,2
126,130,3,2
126,131,3,2
126,132,3,2
126,133,3,2
126,134,3,2
126,135,3,2
126,136,3,2
126,137,3,2
126,138,3,2
126,139,3,2
126,140,3,2
126,141,3,2
126,142,3,2
126,143,3,2
126,144,3,2
126,145,3,2
126,146,3,2
126,147,3,2
126,148,3,2
126,149,3,2
126,150,3,2
126,151,3,2
126,152,3,2
126,153,3,2
126,154,3,2
126,155,3,2
126,156,3,2
126,157,3,2
126,158,3,2
126,159,3,2
126,160,3,2
126,161,3,2
126,162,3,2
126,163,3,2
126,164,3,2
126,165,3,2
126,166,3,2
126,167,3,2
126,168,3,2
126,169,3,2
126,170,3,2
126,171,3,2
126,172,3,2
126,173,3,2
126,174,3,2
126,175,3,2
126,176,3,2
126,177,3,2
126,178,3,2
126,179,3,2
126,180,3,2
126,181,3,2
126,182,3,2
126,183,3,2
126,184,3,2
126,185,3,2
126,186,3,2
126,187,3,2
126,188,3,2
126,189,3,2
126,190,3,2
126,191,3,2
126,192,3,2
126,193,3,2
126,194,3,2
126,195,3,2
126,196,3,2
126,197,3,2
126,198,3,2
126,199,3,2
126,200,3,2
126,201,3,2
126,202,3,2
126,203,3,2
126,204,3,2
126,205,3,2
126,206,3,2
126,207,3,2
126,208,3,2
126,209,3,2
126,210,3,2
126,211,3,2
126,212,3,2
126,213,3,2
126,214,3,2
126,215,3,2
126,216,3,2
126,217,3,2
126,218,3,2
126,219,3,3
126,220,3,3
126,221,3,3
126,222,3,3
126,223,3,3
126,224,3,3
126,225,3,3
126,226,3,3
126,227,3,3
126,228,3,3
126,229,3,3
126,230,3,3
126,231,3,3
126,232,3,3
126,233,3,3
126,234,3,3
126,235,3,3
126,236,3,3
126,237,3,3
126,238,3,3
126,239,3,3
126,240,3,3
126,241,3,3
126,242,3,3
126,243,3,3
126,244,3,3
126,245,3,3
126,246,3,3
126,247,3,3
126,248,3,3
126,249,3,3
126,250,3,3
126,251,3,3
126,252,3,3
126,253,3,3
126,254,3,3
126,255,3,3
126,256,3,3
126,257,3,3
126,258,3,3
126,259,3,3
126,260,3,3
126,261,3,3
126,262,3,3
126,263,3,3
126,264,3,3
126,265,3,3
126,266,3,3
126,267,3,3
126,268,3,3
126,269,3,3
126,270,3,3
126,271,3,3
126,272,3,3
126,273,3,3
126,274,3,3
126,275,3,3
126,276,3,3
126,277,3,3
126,278,3,3
126,279,3,3
126,280,3,3
126,281,3,3
126,282,3,3
126,283,3,3
126,284,3,3
126,285,3,3
126,286,3,3
126,287,3,3
126,288,3,2
126,289,3,2
126,290,3,2
126,291,3,2
126,292,3,2
126,293,3,2
126,294,3,2
126,295,3,2
126,296,3,2
126,297,3,2
126,298,3,2
126,299,3,2
126,300,3,2
126,301,3,2
126,302,3,2
126,303,3,2
126,304,3,2
126,305,3,3
126,306,3,3
126,307,3,3
126,308,3,3
126,309,3,3
126,310,3,3
126,311,3,3
126,312,3,3
126,313,3,3
126,314,3,3
126,315,3,3
126,316,3,3
126,317,3,3
126,318,3,3
126,319,3,3
126,320,3,3
126,321,3,3
126,322,3,3
126,323,3,3
126,324,3,3
126,325,3,3
126,326,3,3
126,327,3,3
126,328,3,3
126,329,3,3
126,330,3,3
126,331,3,3
126,332,3,3
126,333,3,3
126,334,3,3
126,335,3,3
126,336,3,3
126,337,3,3
126,338,3,3
126,339,3,3
126,340,3,3
126,341,3,3
126,342,3,2
126,343,3,2
126,344,3,2
126,345,3,2
126,346,3,2
126,347,3,2
126,348,3,2
126,349,3,2
126,350,3,2
126,351,3,2
126,352,3,2
126,353,3,2
126,354,3,2
126,355,3,2
126,356,3,2
126,357,3,2
126,358,3,2
126,359,3,2
126,360,3,2
126,361,3,2
126,362,3,2
126,363,3,2
126,364,3,2
126,365,3,2
126,366,3,2
126,367,3,2
126,368,3,2
126,369,3,2
126,370,3,2
126,371,3,2
126,372,3,2
126,373,3,2
126,374,3,2
126,375,3,2
126,376,3,2
126,377,3,2
126,378,3,2
126,379,3,2
126,380,3,2
126,381,3,2
126,382,3,2
126,383,3,2
126,384,3,2
126,385,3,2
126,386,3,2
126,387,3,2
126,388,3,2
126,389,3,2
126,390,3,2
126,391,3,2
126,392,3,2
126,393,3,2
126,394,3,2
126,395,3,2
126,396,3,2
126,397,3,3
126,398,3,3
126,399,3,3
126,400,3,3
126,401,3,3
126,402,3,3
126,403,3,3
126,404,3,3
126,405,3,2
126,406,3,2
126,407,3,2
126,408,3,2
126,409,3,2
126,410,3,2
126,411,3,2
126,412,3,2
126,413,3,2
126,414,3,2
126,415,3,2
126,416,3,2
126,417,3,2
126,418,3,2
126,419,3,2
126,420,3,2
126,421,3,2
126,422,3,3
126,423,3,2
126,424,3,2
126,425,3,2
126,426,3,3
127,106,3,2
127,107,3,2
127,108,3,2
127,109,3,2
127,110,3,2
127,111,3,2
127,112,3,2
127,113,3,2
127,114,3,2
127,115,3,2
127,116,3,2
127,117,3,2
127,118,3,2
127,119,3,2
127,120,3,2
127,121,3,2
127,122,3,2
127,123,3,2
127,124,3,2
127,125,3,2
127,126,3,2
127,127,3,2
127,128,3,2
127,129,3,2
127,130,3,2
127,131,3,2
127,132,3,2
127,133,3,2
127,134,3,2
127,135,3,2
127,136,3,2
127,137,3,2
127,138,3,2
127,139,3,2
127,140,3,2
127,141,3,2
127,142,3,2
127,143,3,2
127,144,3,2
127,145,3,2
127,146,3,2
127,147,3,2
127,148,3,2
127,149,3,2
127,150,3,2
127,151,3,2
127,152,3,2
127,153,3,2
127,154,3,2
127,155,3,2
127,156,3,2
127,157,3,2
127,158,3,2
127,159,3,2
127,160,3,2
127,161,3,2
127,162,3,2
127,163,3,2
127,164,3,2
127,165,3,2
127,166,3,2
127,167,3,2
127,168,3,2
127,169,3,2
127,170,3,2
127,171,3,2
127,172,3,2
127,173,3,2
127,174,3,2
127,175,3,2
127,176,3,2
127,177,3,2
127,178,3,2
127,179,3,2
127,180,3,2
127,181,3,2
127,182,3,2
127,183,3,2
127,184,3,2
127,185,3,2
127,186,3,2
127,187,3,2
127,188,3,2
127,189,3,2
127,190,3,2
127,191,3,2
127,192,3,2
127,193,3,2
127,194,3,2
127,195,3,2
127,196,3,2
127,197,3,2
127,198,3,2
127,199,3,2
127,200,3,2
127,201,3,2
127,202,3,2
127,203,3,2
127,204,3,2
127,205,3,2
127,206,3,2
127,207,3,2
127,208,3,2
127,209,3,2
127,210,3,2
127,211,3,2
127,212,3,2
127,213,3,2
127,214,3,2
127,215,3,2
127,216,3,2
127,217,3,2
127,218,3,2
127,219,3,3
127,220,3,3
127,221,3,3
127,222,3,3
127,223,3,3
127,224,3,3
127,225,3,3
127,226,3,3
127,227,3,3
127,228,3,3
127,229,3,3
127,230,3,3
127,231,3,3
127,232,3,3
127,233,3,3
127,234,3,3
127,235,3,3
127,236,3,3
127,237,3,3
127,238,3,3
127,239,3,3
127,240,3,3
127,241,3,3
127,242,3,3
127,243,3,3
127,244,3,3
127,245,3,3
127,246,3,3
127,247,3,3
127,248,3,3
127,249,3,3
127,250,3,3
127,251,3,3
127,252,3,3
127,253,3,3
127,254,3,3
127,255,3,3
127,256,3,3
127,257,3,3
127,258,3,3
127,259,3,3
127,260,3,3
127,261,3,3
127,262,3,3
127,263,3,3
127,264,3,3
127,265,3,3
127,266,3,3
127,267,3,3
127,268,3,3
127,269,3,3
127,270,3,3
127,271,3,3
127,272,3,3
127,273,3,3
127,274,3,3
127,275,3,3
127,276,3,3
127,277,3,3
127,278,3,3
127,279,3,3
127,280,3,3
127,281,3,3
127,282,3,3
127,283,3,3
127,284,3,3
127,285,3,3
127,286,3,3
127,287,3,3
127,288,3,3
127,289,3,2
127,290,3,2
127,291,3,2
127,292,3,2
127,293,3,2
127,294,3,2
127,295,3,2
127,296,3,2
127,297,3,2
127,298,3,2
127,299,3,2
127,300,3,2
127,301,3,2
127,302,3,2
127,303,3,2
127,304,3,2
127,305,3,3
127,306,3,3
127,307,3,3
127,308,3,3
127,309,3,3
127,310,3,3
127,311,3,3
127,312,3,3
127,313,3,3
127,314,3,3
127,315,3,3
127,316,3,3
127,317,3,3
127,318,3,3
127,319,3,3
127,320,3,3
127,321,3,3
127,322,3,3
127,323,3,3
127,324,3,3
127,325,3,3
127,326,3,3
127,327,3,3
127,328,3,3
127,329,3,3
127,330,3,3
127,331,3,3
127,332,3,3
127,333,3,3
127,334,3,3
127,335,3,3
127,336,3,3
127,337,3,3
127,338,3,2
127,339,3,2
127,340,3,2
127,341,3,2
127,342,3,2
127,343,3,2
127,344,3,2
127,345,3,2
127,346,3,2
127,347,3,2
127,348,3,2
127,349,3,2
127,350,3,2
127,351,3,2
127,352,3,2
127,353,3,2
127,354,3,2
127,355,3,2
127,356,3,2
127,357,3,2
127,358,3,2
127,359,3,2
127,360,3,2
127,361,3,2
127,362,3,2
127,363,3,2
127,364,3,2
127,365,3,2
127,366,3,2
127,367,3,2
127,368,3,2
127,369,3,2
127,370,3,2
127,371,3,2
127,372,3,2
127,373,3,2
127,374,3,2
127,375,3,2
127,376,3,2
127,377,3,2
127,378,3,2
127,379,3,2
127,380,3,2
127,381,3,2
127,382,3,2
127,383,3,2
127,384,3,2
127,385,3,2
127,386,3,2
127,387,3,2
127,388,3,2
127,389,3,2
127,390,3,2
127,391,3,2
127,392,3,2
127,393,3,2
127,394,3,2
127,395,3,2
127,396,3,2
127,397,3,3
127,398,3,3
127,399,3,3
127,400,3,3
127,401,3,3
127,402,3,3
127,403,3,3
127,404,3,3
127,405,3,2
127,406,3,2
127,407,3,2
127,408,3,2
127,409,3,2
127,410,3,2
127,411,3,2
127,412,3,2
127,413,3,2
127,414,3,2
127,415,3,2
127,416,3,2
127,417,3,2
127,418,3,2
127,419,3,2
127,420,3,2
127,421,3,2
127,422,3,2
127,423,3,2
127,424,3,2
127,425,3,2
127,426,3,3
128,105,3,2
128,106,3,2
128,107,3,2
128,108,3,2
128,109,3,2
128,110,3,2
128,111,3,2
128,112,3,2
128,113,3,2
128,114,3,2
128,115,3,2
128,116,3,2
128,117,3,2
128,118,3,2
128,119,3,2
128,120,3,2
128,121,3,2
128,122,3,2
128,123,3,2
128,124,3,2
128,125,3,2
128,126,3,2
128,127,3,2
128,128,3,2
128,129,3,2
128,130,3,2
128,131,3,2
128,132,3,2
128,133,3,2
128,134,3,2
128,135,3,2
128,136,3,2
128,137,3,2
128,138,3,2
128,139,3,2
128,140,3,2
128,141,3,2
128,142,3,2
128,143,3,2
128,144,3,2
128,145,3,2
128,146,3,2
128,147,3,2
128,148,3,2
128,149,3,2
128,150,3,2
128,151,3,2
128,152,3,2
128,153,3,2
128,154,3,2
128,155,3,2
128,156,3,2
128,157,3,2
128,158,3,2
128,159,3,2
128,160,3,2
128,161,3,2
128,162,3,2
128,163,3,2
128,164,3,2
128,165,3,2
128,166,3,2
128,167,3,2
128,168,3,2
128,169,3,2
128,170,3,2
128,171,3,2
128,172,3,2
128,173,3,2
128,174,3,2
128,175,3,2
128,176,3,2
128,177,3,2
128,178,3,2
128,179,3,2
128,180,3,2
128,181,3,2
128,182,3,2
128,183,3,2
128,184,3,2
128,185,3,2
128,186,3,2
128,187,3,2
128,188,3,2
128,189,3,2
128,190,3,2
128,191,3,2
128,192,3,2
128,193,3,2
128,194,3,2
128,195,3,2
128,196,3,2
128,197,3,2
128,198,3,2
128,199,3,2
128,200,3,2
128,201,3,2
128,202,3,2
128,203,3,2
128,204,3,2
128,205,3,2
128,206,3,2
128,207,3,2
128,208,3,2
128,209,3,2
128,210,3,2
128,211,3,2
128,212,3,2
128,213,3,2
128,214,3,2
128,215,3,2
128,216,3,2
128,217,3,2
128,218,3,2
128,219,3,3
128,220,3,3
128,221,3,3
128,222,3,3
128,223,3,3
128,224,3,3
128,225,3,3
128,226,3,3
128,227,3,3
128,228,3,3
128,229,3,3
128,230,3,3
128,231,3,3
128,232,3,3
128,233,3,3
128,234,3,3
128,235,3,3
128,236,3,3
128,237,3,3
128,238,3,3
128,239,3,3
128,240,3,3
128,241,3,3
128,242,3,3
128,243,3,3
128,244,3,3
128,245,3,3
128,246,3,3
128,247,3,3
128,248,3,3
128,249,3,3
128,250,3,3
128,251,3,3
128,252,3,3
128,253,3,3
128,254,3,3
128,255,3,3
128,256,3,3
128,257,3,3
128,258,3,3
128,259,3,3
128,260,3,3
128,261,3,3
128,262,3,3
128,263,3,3
128,264,3,3
128,265,3,3
128,266,3,3
128,267,3,3
128,268,3,3
128,269,3,3
128,270,3,3
128,271,3,3
128,272,3,3
128,273,3,3
128,274,3,3
128,275,3,3
128,276,3,3
128,277,3,3
128,278,3,3
128,279,3,3
128,280,3,3
128,281,3,3
128,282,3,3
128,283,3,3
128,284,3,3
128,285,3,3
128,286,3,3
128,287,3,3
128,288,3,3
128,289,3,3
128,290,3,2
128,291,3,2
128,292,3,2
128,293,3,2
128,294,3,2
128,295,3,2
128,296,3,2
128,297,3,2
128,298,3,2
128,299,3,2
128,300,3,2
128,301,3,2
128,302,3,2
128,303,3,2
128,304,3,2
128,305,3,3
128,306,3,3
128,307,3,3
128,308,3,3
128,309,3,3
128,310,3,3
128,311,3,3
128,312,3,3
128,313,3,3
128,314,3,3
128,315,3,3
128,316,3,3
128,317,3,3
128,318,3,3
128,319,3,3
128,320,3,3
128,321,3,3
128,322,3,3
128,323,3,3
128,324,3,3
128,325,3,3
128,326,3,3
128,327,3,3
128,328,3,3
128,329,3,3
128,330,3,3
128,331,3,3
128,332,3,3
128,333,3,3
128,334,3,3
128,335,3,3
128,336,3,3
128,337,3,2
128,338,3,2
128,339,3,2
128,340,3,2
128,341,3,2
128,342,3,2
128,343,3,2
128,344,3,2
128,345,3,2
128,346,3,2
128,347,3,2
128,348,3,2
128,349,3,2
128,350,3,2
128,351,3,2
128,352,3,2
128,353,3,2
128,354,3,2
128,355,3,2
128,356,3,2
128,357,3,2
128,358,3,2
128,359,3,2
128,360,3,2
128,361,3,2
128,362,3,2
128,363,3,2
128,364,3,2
128,365,3,2
128,366,3,2
128,367,3,2
128,368,3,2
128,369,3,2
128,370,3,2
128,371,3,2
128,372,3,2
128,373,3,2
128,374,3,2
128,375,3,2
128,376,3,2
128,377,3,2
128,378,3,2
128,379,3,2
128,380,3,2
128,381,3,2
128,382,3,2
128,383,3,2
128,384,3,2
128,385,3,2
128,386,3,2
128,387,3,2
128,388,3,2
128,389,3,2
128,390,3,2
128,391,3,2
128,392,3,2
128,393,3,2
128,394,3,2
128,395,3,2
128,396,3,2
128,397,3,2
128,398,3,3
128,399,3,3
128,400,3,3
128,401,3,3
128,402,3,3
128,403,3,3
128,404,3,3
128,405,3,2
128,406,3,2
128,407,3,2
128,408,3,2
128,409,3,2
128,410,3,2
128,411,3,2
128,412,3,2
128,413,3,2
128,414,3,2
128,415,3,2
128,416,3,2
128,417,3,2
128,418,3,2
128,419,3,2
128,420,3,2
128,421,3,2
128,422,3,2
128,423,3,2
128,424,3,2
128,425,3,2
129,104,3,2
129,105,3,2
129,106,3,2
129,107,3,2
129,108,3,2
129,109,3,2
129,110,3,2
129,111,3,2
129,112,3,2
129,113,3,2
129,114,3,2
129,115,3,2
129,116,3,2
129,117,3,2
129,118,3,2
129,119,3,2
129,120,3,2
129,121,3,2
129,122,3,2
129,123,3,2
129,124,3,2
129,125,3,2
129,126,3,2
129,127,3,2
129,128,3,2
129,129,3,2
129,130,3,2
129,131,3,2
129,132,3,2
129,133,3,2
129,134,3,2
129,135,3,2
129,136,3,2
129,137,3,2
129,138,3,2
129,139,3,2
129,140,3,2
129,141,3,2
129,142,3,2
129,143,3,2
129,144,3,2
129,145,3,2
129,146,3,2
129,147,3,2
129,148,3,2
129,149,3,2
129,150,3,2
129,151,3,2
129,152,3,2
129,153,3,2
129,154,3,2
129,155,3,2
129,156,3,2
129,157,3,2
129,158,3,2
129,159,3,2
129,160,3,2
129,161,3,2
129,162,3,2
129,163,3,2
129,164,3,2
129,165,3,2
129,166,3,2
129,167,3,2
129,168,3,2
129,169,3,2
129,170,3,2
129,171,3,2
129,172,3,2
129,173,3,2
129,174,3,2
129,175,3,2
129,176,3,2
129,177,3,2
129,178,3,2
129,179,3,2
129,180,3,2
129,181,3,2
129,182,3,2
129,183,3,2
129,184,3,2
129,185,3,2
129,186,3,2
129,187,3,2
129,188,3,2
129,189,3,2
129,190,3,2
129,191,3,2
129,192,3,2
129,193,3,2
129,194,3,2
129,195,3,2
129,196,3,2
129,197,3,2
129,198,3,2
129,199,3,2
129,200,3,2
129,201,3,2
129,202,3,2
129,203,3,2
129,204,3,2
129,205,3,2
129,206,3,2
129,207,3,2
129,208,3,2
129,209,3,2
129,210,3,2
129,211,3,2
129,212,3,2
129,213,3,2
129,214,3,2
129,215,3,2
129,216,3,2
129,217,3,2
129,218,3,2
129,219,3,3
129,220,3,3
129,221,3,3
129,222,3,3
129,223,3,3
129,224,3,3
129,225,3,3
129,226,3,3
129,227,3,3
129,228,3,3
129,229,3,3
129,230,3,3
129,231,3,3
129,232,3,3
129,233,3,3
129,234,3,3
129,235,3,3
129,236,3,3
129,237,3,3
129,238,3,3
129,239,3,3
129,240,3,3
129,241,3,3
129,242,3,3
129,243,3,3
129,244,3,3
129,245,3,3
129,246,3,3
129,247,3,3
129,248,3,3
129,249,3,3
129,250,3,3
129,251,3,3
129,252,3,3
129,253,3,3
129,254,3,3
129,255,3,3
129,256,3,3
129,257,3,3
129,258,3,3
129,259,3,3
129,260,3,3
129,261,3,3
129,262,3,3
129,263,3,3
129,264,3,3
129,265,3,3
129,266,3,3
129,267,3,3
129,268,3,3
129,269,3,3
129,270,3,3
129,271,3,3
129,272,3,3
129,273,3,3
129,274,3,3
129,275,3,3
129,276,3,3
129,277,3,3
129,278,3,3
129,279,3,3
129,280,3,3
129,281,3,3
129,282,3,3
129,283,3,3
129,284,3,3
129,285,3,3
129,286,3,3
129,287,3,3
129,288,3,3
129,289,3,3
129,290,3,2
129,291,3,2
129,292,3,2
129,293,3,2
129,294,3,2
129,295,3,2
129,296,3,2
129,297,3,2
129,298,3,2
129,299,3,2
129,300,3,2
129,301,3,2
129,302,3,2
129,303,3,2
129,304,3,2
129,305,3,3
129,306,3,3
129,307,3,3
129,308,3,3
129,309,3,3
129,310,3,3
129,311,3,3
129,312,3,3
129,313,3,3
129,314,3,3
129,315,3,3
129,316,3,3
129,317,3,3
129,318,3,3
129,319,3,3
129,320,3,3
129,321,3,3
129,322,3,3
129,323,3,3
129,324,3,3
129,325,3,3
129,326,3,3
129,327,3,3
129,328,3,3
129,329,3,3
129,330,3,3
129,331,3,3
129,332,3,2
129,333,3,2
129,334,3,2
129,335,3,2
129,336,3,2
129,337,3,2
129,338,3,2
129,339,3,2
129,340,3,2
129,341,3,2
129,342,3,2
129,343,3,2
129,344,3,2
129,345,3,2
129,346,3,2
129,347,3,2
129,348,3,2
129,349,3,2
129,350,3,2
129,351,3,2
129,352,3,2
129,353,3,2
129,354,3,2
129,355,3,2
129,356,3,2
129,357,3,2
129,358,3,2
129,359,3,2
129,360,3,2
129,361,3,2
129,362,3,2
129,363,3,2
129,364,3,2
129,365,3,2
129,366,3,2
129,367,3,2
129,368,3,2
129,369,3,2
129,370,3,2
129,371,3,2
129,372,3,2
129,373,3,2
129,374,3,2
129,375,3,2
129,376,3,2
129,377,3,2
129,378,3,2
129,379,3,2
129,380,3,2
129,381,3,2
129,382,3,2
129,383,3,2
129,384,3,2
129,385,3,2
129,386,3,2
129,387,3,2
129,388,3,2
129,389,3,2
129,390,3,2
129,391,3,2
129,392,3,2
129,393,3,2
129,394,3,2
129,395,3,2
129,396,3,2
129,397,3,2
129,398,3,2
129,399,3,2
129,400,3,3
129,401,3,3
129,402,3,3
129,403,3,3
129,404,3,3
129,405,3,2
129,406,3,2
129,407,3,2
129,408,3,2
129,409,3,2
129,410,3,2
129,411,3,2
129,412,3,2
129,413,3,2
129,414,3,2
129,415,3,2
129,416,3,2
129,417,3,2
129,418,3,2
129,419,3,2
129,420,3,2
129,421,3,2
129,422,3,2
129,423,3,2
129,424,3,3
130,104,3,2
130,105,3,2
130,106,3,2
130,107,3,2
130,108,3,2
130,109,3,2
130,110,3,2
130,111,3,2
130,112,3,2
130,113,3,2
130,114,3,2
130,115,3,2
130,116,3,2
130,117,3,2
130,118,3,2
130,119,3,2
130,120,3,2
130,121,3,2
130,122,3,2
130,123,3,2
130,124,3,2
130,125,3,2
130,126,3,2
130,127,3,2
130,128,3,2
130,129,3,2
130,130,3,2
130,131,3,2
130,132,3,2
130,133,3,2
130,134,3,2
130,135,3,2
130,136,3,2
130,137,3,2
130,138,3,2
130,139,3,2
130,140,3,2
130,141,3,2
130,142,3,2
130,143,3,2
130,144,3,2
130,145,3,2
130,146,3,2
130,147,3,2
130,148,3,2
130,149,3,2
130,150,3,2
130,151,3,2
130,152,3,2
130,153,3,2
130,154,3,2
130,155,3,2
130,156,3,2
130,157,3,2
130,158,3,2
130,159,3,2
130,160,3,2
130,161,3,2
130,162,3,2
130,163,3,2
130,164,3,2
130,165,3,2
130,166,3,2
130,167,3,2
130,168,3,2
130,169,3,2
130,170,3,2
130,171,3,2
130,172,3,2
130,173,3,2
130,174,3,2
130,175,3,2
130,176,3,2
130,177,3,2
130,178,3,2
130,179,3,2
130,180,3,2
130,181,3,2
130,182,3,2
130,183,3,2
130,184,3,2
130,185,3,2
130,186,3,2
130,187,3,2
130,188,3,2
130,189,3,2
130,190,3,2
130,191,3,2
130,192,3,2
130,193,3,2
130,194,3,2
130,195,3,2
130,196,3,2
130,197,3,2
130,198,3,2
130,199,3,2
130,200,3,2
130,201,3,2
130,202,3,2
130,203,3,2
130,204,3,2
130,205,3,2
130,206,3,2
130,207,3,2
130,208,3,2
130,209,3,2
130,210,3,2
130,211,3,2
130,212,3,2
130,213,3,2
130,214,3,2
130,215,3,2
130,216,3,2
130,217,3,2
130,218,3,2
130,219,3,3
130,220,3,3
130,221,3,3
130,222,3,3
130,223,3,3
130,224,3,3
130,225,3,3
130,226,3,3
130,227,3,3
130,228,3,3
130,229,3,3
130,230,3,3
130,231,3,3
130,232,3,3
130,233,3,3
130,234,3,3
130,235,3,3
130,236,3,3
130,237,3,3
130,238,3,3
130,239,3,3
130,240,3,3
130,241,3,3
130,242,3,3
130,243,3,3
130,244,3,3
130,245,3,3
130,246,3,3
130,247,3,3
130,248,3,3
130,249,3,3
130,250,3,3
130,251,3,3
130,252,3,3
130,253,3,3
130,254,3,3
130,255,3,3
130,256,3,3
130,257,3,3
130,258,3,3
130,259,3,3
130,260,3,3
130,261,3,3
130,262,3,3
130,263,3,3
130,264,3,3
130,265,3,3
130,266,3,3
130,267,3,3
130,268,3,3
130,269,3,3
130,270,3,3
130,271,3,3
130,272,3,3
130,273,3,3
130,274,3,3
130,275,3,3
130,276,3,3
130,277,3,3
130,278,3,3
130,279,3,3
130,280,3,3
130,281,3,3
130,282,3,3
130,283,3,3
130,284,3,3
130,285,3,3
130,286,3,3
130,287,3,3
130,288,3,3
130,289,3,3
130,290,3,2
130,291,3,2
130,292,3,2
130,293,3,2
130,294,3,2
130,295,3,2
130,296,3,2
130,297,3,2
130,298,3,2
130,299,3,2
130,300,3,2
130,301,3,2
130,302,3,2
130,303,3,2
130,304,3,3
130,305,3,3
130,306,3,3
130,307,3,3
130,308,3,3
130,309,3,3
130,310,3,3
130,311,3,3
130,312,3,3
130,313,3,3
130,314,3,3
130,315,3,3
130,316,3,3
130,317,3,3
130,318,3,3
130,319,3,3
130,320,3,3
130,321,3,3
130,322,3,3
130,323,3,3
130,324,3,3
130,325,3,3
130,326,3,3
130,327,3,3
130,328,3,2
130,329,3,2
130,330,3,2
130,331,3,2
130,332,3,2
130,333,3,2
130,334,3,2
130,335,3,2
130,336,3,2
130,337,3,2
130,338,3,2
130,339,3,2
130,340,3,2
130,341,3,2
130,342,3,2
130,343,3,2
130,344,3,2
130,345,3,2
130,346,3,2
130,347,3,2
130,348,3,2
130,349,3,2
130,350,3,2
130,351,3,2
130,352,3,2
130,353,3,2
130,354,3,2
130,355,3,2
130,356,3,2
130,357,3,2
130,358,3,2
130,359,3,2
130,360,3,2
130,361,3,2
130,362,3,2
130,363,3,2
130,364,3,2
130,365,3,2
130,366,3,2
130,367,3,2
130,368,3,2
130,369,3,2
130,370,3,2
130,371,3,2
130,372,3,2
130,373,3,2
130,374,3,2
130,375,3,2
130,376,3,2
130,377,3,2
130,378,3,2
130,379,3,2
130,380,3,2
130,381,3,2
130,382,3,2
130,383,3,2
130,384,3,2
130,385,3,2
130,386,3,2
130,387,3,2
130,388,3,2
130,389,3,2
130,390,3,2
130,391,3,2
130,392,3,2
130,393,3,2
130,394,3,2
130,395,3,2
130,396,3,2
130,397,3,2
130,398,3,2
130,399,3,2
130,400,3,2
130,401,3,2
130,402,3,3
130,403,3,3
130,404,3,2
130,405,3,2
130,406,3,2
130,407,3,2
130,408,3,2
130,409,3,2
130,410,3,2
130,411,3,2
130,412,3,2
130,413,3,2
130,414,3,2
130,415,3,2
130,416,3,2
130,417,3,2
130,418,3,2
130,419,3,2
130,420,3,2
130,421,3,2
130,422,3,2
130,423,3,3
131,103,3,2
131,104,3,2
131,105,3,2
131,106,3,2
131,107,3,2
131,108,3,2
131,109,3,2
131,110,3,2
131,111,3,2
131,112,3,2
131,113,3,2
131,114,3,2
131,115,3,2
131,116,3,2
131,117,3,2
131,118,3,2
131,119,3,2
131,120,3,2
131,121,3,2
131,122,3,2
131,123,3,2
131,124,3,2
131,125,3,2
131,126,3,2
131,127,3,2
131,128,3,2
131,129,3,2
131,130,3,2
131,131,3,2
131,132,3,2
131,133,3,2
131,134,3,2
131,135,3,2
131,136,3,2
131,137,3,2
131,138,3,2
131,139,3,2
131,140,3,2
131,141,3,2
131,142,3,2
131,143,3,2
131,144,3,2
131,145,3,2
131,146,3,2
131,147,3,2
131,148,3,2
131,149,3,2
131,150,3,2
131,151,3,2
131,152,3,2
131,153,3,2
131,154,3,2
131,155,3,2
131,156,3,2
131,157,3,2
131,158,3,2
131,159,3,2
131,160,3,2
131,161,3,2
131,162,3,2
131,163,3,2
131,164,3,2
131,165,3,2
131,166,3,2
131,167,3,2
131,168,3,2
131,169,3,2
131,170,3,2
131,171,3,2
131,172,3,2
131,173,3,2
131,174,3,2
131,175,3,2
131,176,3,2
131,177,3,2
131,178,3,2
131,179,3,2
131,180,3,2
131,181,3,2
131,182,3,2
131,183,3,2
131,184,3,2
131,185,3,2
131,186,3,2
131,187,3,2
131,188,3,2
131,189,3,2
131,190,3,2
131,191,3,2
131,192,3,2
131,193,3,2
131,194,3,2
131,195,3,2
131,196,3,2
131,197,3,2
131,198,3,2
131,199,3,2
131,200,3,2
131,201,3,2
131,202,3,2
131,203,3,2
131,204,3,2
131,205,3,2
131,206,3,2
131,207,3,2
131,208,3,2
131,209,3,2
131,210,3,2
131,211,3,2
131,212,3,2
131,213,3,2
131,214,3,2
131,215,3,2
131,216,3,2
131,217,3,2
131,218,3,2
131,219,3,3
131,220,3,3
131,221,3,3
131,222,3,3
131,223,3,3
131,224,3,3
131,225,3,3
131,226,3,3
131,227,3,3
131,228,3,3
131,229,3,3
131,230,3,3
131,231,3,3
131,232,3,3
131,233,3,3
131,234,3,3
131,235,3,3
131,236,3,3
131,237,3,3
131,238,3,3
131,239,3,3
131,240,3,3
131,241,3,3
131,242,3,3
131,243,3,3
131,244,3,3
131,245,3,3
131,246,3,3
131,247,3,3
131,248,3,3
131,249,3,3
131,250,3,3
131,251,3,3
131,252,3,3
131,253,3,3
131,254,3,3
131,255,3,3
131,256,3,3
131,257,3,3
131,258,3,3
131,259,3,3
131,260,3,3
131,261,3,3
131,262,3,3
131,263,3,3
131,264,3,3
131,265,3,3
131,266,3,3
131,267,3,3
131,268,3,3
131,269,3,3
131,270,3,3
131,271,3,3
131,272,3,3
131,273,3,3
131,274,3,3
131,275,3,3
131,276,3,3
131,277,3,3
131,278,3,3
131,279,3,3
131,280,3,3
131,281,3,3
131,282,3,3
131,283,3,3
131,284,3,3
131,285,3,3
131,286,3,3
131,287,3,3
131,288,3,3
131,289,3,3
131,290,3,3
131,291,3,3
131,292,3,3
131,293,3,3
131,294,3,2
131,295,3,2
131,296,3,2
131,297,3,2
131,298,3,2
131,299,3,2
131,300,3,2
131,301,3,3
131,302,3,3
131,303,3,3
131,304,3,3
131,305,3,3
131,306,3,3
131,307,3,3
131,308,3,3
131,309,3,3
131,310,3,3
131,311,3,3
131,312,3,3
131,313,3,3
131,314,3,3
131,315,3,3
131,316,3,3
131,317,3,3
131,318,3,3
131,319,3,3
131,320,3,3
131,321,3,3
131,322,3,3
131,323,3,3
131,324,3,3
131,325,3,2
131,326,3,2
131,327,3,2
131,328,3,2
131,329,3,2
131,330,3,2
131,331,3,2
131,332,3,2
131,333,3,2
131,334,3,2
131,335,3,2
131,336,3,2
131,337,3,2
131,338,3,2
131,339,3,2
131,340,3,2
131,341,3,2
131,342,3,2
131,343,3,2
131,344,3,2
131,345,3,2
131,346,3,2
131,347,3,2
131,348,3,2
131,349,3,2
131,350,3,2
131,351,3,2
131,352,3,2
131,353,3,2
131,354,3,2
131,355,3,2
131,356,3,2
131,357,3,2
131,358,3,2
131,359,3,2
131,360,3,2
131,361,3,2
131,362,3,2
131,363,3,2
131,364,3,2
131,365,3,2
131,366,3,2
131,367,3,2
131,368,3,2
131,369,3,2
131,370,3,2
131,371,3,2
131,372,3,2
131,373,3,2
131,374,3,2
131,375,3,2
131,376,3,2
131,377,3,2
131,378,3,2
131,379,3,2
131,380,3,2
131,381,3,2
131,382,3,2
131,383,3,2
131,384,3,2
131,385,3,2
131,386,3,2
131,387,3,2
131,388,3,2
131,389,3,2
131,390,3,2
131,391,3,2
131,392,3,2
131,393,3,2
131,394,3,2
131,395,3,2
131,396,3,2
131,397,3,2
131,398,3,2
131,399,3,2
131,400,3,2
131,401,3,3
131,402,3,3
131,403,3,2
131,404,3,2
131,405,3,2
131,406,3,2
131,407,3,3
131,408,3,3
131,409,3,2
131,410,3,2
131,411,3,2
131,412,3,2
131,413,3,2
131,414,3,2
131,415,3,2
131,416,3,2
131,417,3,2
131,418,3,2
131,419,3,2
131,420,3,2
131,421,3,2
131,422,3,2
132,103,3,2
132,104,3,2
132,105,3,2
132,106,3,2
132,107,3,2
132,108,3,2
132,109,3,2
132,110,3,2
132,111,3,2
132,112,3,2
132,113,3,2
132,114,3,2
132,115,3,2
132,116,3,2
132,117,3,2
132,118,3,2
132,119,3,2
132,120,3,2
132,121,3,2
132,122,3,2
132,123,3,2
132,124,3,2
132,125,3,2
132,126,3,2
132,127,3,2
132,128,3,2
132,129,3,2
132,130,3,2
132,131,3,2
132,132,3,2
132,133,3,2
132,134,3,2
132,135,3,2
132,136,3,2
132,137,3,2
132,138,3,2
132,139,3,2
132,140,3,2
132,141,3,2
132,142,3,2
132,143,3,2
132,144,3,2
132,145,3,2
132,146,3,2
132,147,3,2
132,148,3,2
132,149,3,2
132,150,3,2
132,151,3,2
132,152,3,2
132,153,3,2
132,154,3,2
132,155,3,2
132,156,3,2
132,157,3,2
132,158,3,2
132,159,3,2
132,160,3,2
132,161,3,2
132,162,3,2
132,163,3,2
132,164,3,2
132,165,3,2
132,166,3,2
132,167,3,2
132,168,3,2
132,169,3,2
132,170,3,2
132,171,3,2
132,172,3,2
132,173,3,2
132,174,3,2
132,175,3,2
132,176,3,2
132,177,3,2
132,178,3,2
132,179,3,2
132,180,3,2
132,181,3,2
132,182,3,2
132,183,3,2
132,184,3,2
132,185,3,2
132,186,3,2
132,187,3,2
132,188,3,2
132,189,3,2
132,190,3,2
132,191,3,2
132,192,3,2
132,193,3,2
132,194,3,3
132,195,3,3
132,196,3,2
132,197,3,2
132,198,3,2
132,199,3,2
132,200,3,2
132,201,3,2
132,202,3,2
132,203,3,2
132,204,3,2
132,205,3,2
132,206,3,2
132,207,3,2
132,208,3,2
132,209,3,2
132,210,3,2
132,211,3,2
132,212,3,2
132,213,3,2
132,214,3,2
132,215,3,2
132,216,3,2
132,217,3,2
132,218,3,2
132,219,3,3
132,220,3,3
132,221,3,3
132,222,3,3
132,223,3,3
132,224,3,3
132,225,3,3
132,226,3,3
132,227,3,3
132,228,3,3
132,229,3,3
132,230,3,3
132,231,3,3
132,232,3,3
132,233,3,3
132,234,3,3
132,235,3,3
132,236,3,3
132,237,3,3
132,238,3,3
132,239,3,3
132,240,3,3
132,241,3,3
132,242,3,3
132,243,3,3
132,244,3,3
132,245,3,3
132,246,3,3
132,247,3,3
132,248,3,3
132,249,3,3
132,250,3,3
132,251,3,3
132,252,3,3
132,253,3,3
132,254,3,3
132,255,3,3
132,256,3,3
132,257,3,3
132,258,3,3
132,259,3,3
132,260,3,3
132,261,3,3
132,262,3,3
132,263,3,3
132,264,3,3
132,265,3,3
132,266,3,3
132,267,3,3
132,268,3,3
132,269,3,3
132,270,3,3
132,271,3,3
132,272,3,3
132,273,3,3
132,274,3,3
132,275,3,3
132,276,3,3
132,277,3,3
132,278,3,3
132,279,3,3
132,280,3,3
132,281,3,3
132,282,3,3
132,283,3,3
132,284,3,3
132,285,3,3
132,286,3,3
132,287,3,3
132,288,3,3
132,289,3,3
132,290,3,3
132,291,3,3
132,292,3,3
132,293,3,3
132,294,3,3
132,295,3,3
132,296,3,3
132,297,3,3
132,298,3,3
132,299,3,3
132,300,3,3
132,301,3,3
132,302,3,3
132,303,3,3
132,304,3,3
132,305,3,3
132,306,3,3
132,307,3,3
132,308,3,3
132,309,3,3
132,310,3,3
132,311,3,3
132,312,3,3
132,313,3,3
132,314,3,3
132,315,3,3
132,316,3,3
132,317,3,3
132,318,3,3
132,319,3,3
132,320,3,3
132,321,3,3
132,322,3,3
132,323,3,2
132,324,3,2
132,325,3,2
132,326,3,2
132,327,3,2
132,328,3,2
132,329,3,2
132,330,3,2
132,331,3,2
132,332,3,2
132,333,3,2
132,334,3,2
132,335,3,2
132,336,3,2
132,337,3,2
132,338,3,2
132,339,3,2
132,340,3,2
132,341,3,2
132,342,3,2
132,343,3,2
132,344,3,2
132,345,3,2
132,346,3,2
132,347,3,2
132,348,3,2
132,349,3,2
132,350,3,2
132,351,3,2
132,352,3,2
132,353,3,2
132,354,3,2
132,355,3,2
132,356,3,2
132,357,3,2
132,358,3,2
132,359,3,2
132,360,3,2
132,361,3,2
132,362,3,2
132,363,3,2
132,364,3,2
132,365,3,2
132,366,3,2
132,367,3,2
132,368,3,2
132,369,3,2
132,370,3,2
132,371,3,2
132,372,3,2
132,373,3,2
132,374,3,2
132,375,3,2
132,376,3,2
132,377,3,2
132,378,3,2
132,379,3,2
132,380,3,2
132,381,3,2
132,382,3,2
132,383,3,2
132,384,3,2
132,385,3,2
132,386,3,2
132,387,3,2
132,388,3,2
132,389,3,2
132,390,3,2
132,391,3,2
132,392,3,2
132,393,3,2
132,394,3,2
132,395,3,2
132,396,3,2
132,397,3,2
132,398,3,2
132,399,3,2
132,400,3,2
132,401,3,2
132,402,3,2
132,403,3,2
132,404,3,2
132,405,3,2
132,406,3,2
132,407,3,3
132,408,3,2
132,409,3,2
132,410,3,2
132,411,3,2
132,412,3,2
132,413,3,2
132,414,3,2
132,415,3,2
132,416,3,2
132,417,3,2
132,418,3,2
132,419,3,2
132,420,3,2
132,421,3,2
133,102,3,2
133,103,3,2
133,104,3,2
133,105,3,2
133,106,3,2
133,107,3,2
133,108,3,2
133,109,3,2
133,110,3,2
133,111,3,2
133,112,3,2
133,113,3,2
133,114,3,2
133,115,3,2
133,116,3,2
133,117,3,2
133,118,3,2
133,119,3,2
133,120,3,2
133,121,3,2
133,122,3,2
133,123,3,2
133,124,3,2
133,125,3,2
133,126,3,2
133,127,3,2
133,128,3,2
133,129,3,2
133,130,3,2
133,131,3,2
133,132,3,2
133,133,3,2
133,134,3,2
133,135,3,2
133,136,3,2
133,137,3,2
133,138,3,2
133,139,3,2
133,140,3,2
133,141,3,2
133,142,3,2
133,143,3,2
133,144,3,2
133,145,3,2
133,146,3,2
133,147,3,2
133,148,3,2
133,149,3,2
133,150,3,2
133,151,3,2
133,152,3,2
133,153,3,2
133,154,3,2
133,155,3,2
133,156,3,2
133,157,3,2
133,158,3,2
133,159,3,2
133,160,3,2
133,161,3,2
133,162,3,2
133,163,3,2
133,164,3,2
133,165,3,2
133,166,3,2
133,167,3,2
133,168,3,2
133,169,3,2
133,170,3,2
133,171,3,2
133,172,3,2
133,173,3,2
133,174,3,2
133,175,3,2
133,176,3,2
133,177,3,2
133,178,3,2
133,179,3,2
133,180,3,2
133,181,3,2
133,182,3,2
133,183,3,2
133,184,3,2
133,185,3,2
133,186,3,2
133,187,3,2
133,188,3,2
133,189,3,3
133,190,3,3
133,191,3,3
133,192,3,3
133,193,3,3
133,194,3,3
133,195,3,3
133,196,3,3
133,197,3,3
133,198,3,3
133,199,3,3
133,200,3,3
133,201,3,3
133,202,3,3
133,203,3,2
133,204,3,2
133,205,3,2
133,206,3,2
133,207,3,2
133,208,3,2
133,209,3,2
133,210,3,2
133,211,3,2
133,212,3,2
133,213,3,2
133,214,3,2
133,215,3,2
133,216,3,2
133,217,3,2
133,218,3,2
133,219,3,3
133,220,3,3
133,221,3,3
133,222,3,3
133,223,3,3
133,224,3,3
133,225,3,3
133,226,3,3
133,227,3,3
133,228,3,3
133,229,3,3
133,230,3,3
133,231,3,3
133,232,3,3
133,233,3,3
133,234,3,3
133,235,3,3
133,236,3,3
133,237,3,3
133,238,3,3
133,239,3,3
133,240,3,3
133,241,3,3
133,242,3,3
133,243,3,3
133,244,3,3
133,245,3,3
133,246,3,3
133,247,3,3
133,248,3,3
133,249,3,3
133,250,3,3
133,251,3,3
133,252,3,3
133,253,3,3
133,254,3,3
133,255,3,3
133,256,3,3
133,257,3,3
133,258,3,3
133,259,3,3
133,260,3,3
133,261,3,3
133,262,3,3
133,263,3,3
133,264,3,3
133,265,3,3
133,266,3,3
133,267,3,3
133,268,3,3
133,269,3,3
133,270,3,3
133,271,3,3
133,272,3,3
133,273,3,3
133,274,3,3
133,275,3,3
133,276,3,3
133,277,3,3
133,278,3,3
133,279,3,3
133,280,3,3
133,281,3,3
133,282,3,3
133,283,3,3
133,284,3,3
133,285,3,3
133,286,3,3
133,287,3,3
133,288,3,3
133,289,3,3
133,290,3,3
133,291,3,3
133,292,3,3
133,293,3,3
133,294,3,3
133,295,3,3
133,296,3,3
133,297,3,3
133,298,3,3
133,299,3,3
133,300,3,3
133,301,3,3
133,302,3,3
133,303,3,3
133,304,3,3
133,305,3,3
133,306,3,3
133,307,3,3
133,308,3,3
133,309,3,3
133,310,3,3
133,311,3,3
133,312,3,3
133,313,3,3
133,314,3,3
133,315,3,3
133,316,3,3
133,317,3,3
133,318,3,3
133,319,3,3
133,320,3,3
133,321,3,2
133,322,3,2
133,323,3,2
133,324,3,2
133,325,3,2
133,326,3,2
133,327,3,2
133,328,3,2
133,329,3,2
133,330,3,2
133,331,3,2
133,332,3,2
133,333,3,2
133,334,3,2
133,335,3,2
133,336,3,2
133,337,3,2
133,338,3,2
133,339,3,2
133,340,3,2
133,341,3,2
133,342,3,2
133,343,3,2
133,344,3,2
133,345,3,2
133,346,3,2
133,347,3,2
133,348,3,2
133,349,3,2
133,350,3,2
133,351,3,2
133,352,3,2
133,353,3,2
133,354,3,2
133,355,3,2
133,356,3,2
133,357,3,2
133,358,3,2
133,359,3,2
133,360,3,2
133,361,3,2
133,362,3,2
133,363,3,2
133,364,3,2
133,365,3,2
133,366,3,2
133,367,3,2
133,368,3,2
133,369,3,2
133,370,3,2
133,371,3,2
133,372,3,2
133,373,3,2
133,374,3,2
133,375,3,2
133,376,3,2
133,377,3,2
133,378,3,2
133,379,3,2
133,380,3,2
133,381,3,2
133,382,3,2
133,383,3,2
133,384,3,2
133,385,3,2
133,386,3,2
133,387,3,2
133,388,3,2
133,389,3,2
133,390,3,2
133,391,3,2
133,392,3,2
133,393,3,2
133,394,3,2
133,395,3,2
133,396,3,2
133,397,3,2
133,398,3,2
133,399,3,2
133,400,3,2
133,401,3,2
133,402,3,2
133,403,3,2
133,404,3,2
133,405,3,2
133,406,3,3
133,407,3,3
133,408,3,3
133,409,3,2
133,410,3,2
133,411,3,2
133,412,3,2
133,413,3,2
133,414,3,2
133,415,3,2
133,416,3,2
133,417,3,2
133,418,3,2
133,419,3,2
133,420,3,2
134,101,3,2
134,102,3,2
134,103,3,2
134,104,3,2
134,105,3,2
134,106,3,2
134,107,3,2
134,108,3,2
134,109,3,2
134,110,3,2
134,111,3,2
134,112,3,2
134,113,3,2
134,114,3,2
134,115,3,2
134,116,3,2
134,117,3,2
134,118,3,2
134,119,3,2
134,120,3,2
134,121,3,2
134,122,3,2
134,123,3,2
134,124,3,2
134,125,3,2
134,126,3,2
134,127,3,2
134,128,3,2
134,129,3,2
134,130,3,2
134,131,3,2
134,132,3,2
134,133,3,2
134,134,3,2
134,135,3,2
134,136,3,2
134,137,3,2
134,138,3,2
134,139,3,2
134,140,3,2
134,141,3,2
134,142,3,2
134,143,3,2
134,144,3,2
134,145,3,2
134,146,3,2
134,147,3,2
134,148,3,2
134,149,3,2
134,150,3,2
134,151,3,2
134,152,3,2
134,153,3,2
134,154,3,2
134,155,3,2
134,156,3,2
134,157,3,2
134,158,3,2
134,159,3,2
134,160,3,2
134,161,3,2
134,162,3,2
134,163,3,2
134,164,3,2
134,165,3,2
134,166,3,2
134,167,3,2
134,168,3,2
134,169,3,2
134,170,3,2
134,171,3,2
134,172,3,2
134,173,3,2
134,174,3,2
134,175,3,2
134,176,3,2
134,177,3,2
134,178,3,2
134,179,3,2
134,180,3,2
134,181,3,2
134,182,3,2
134,183,3,2
134,184,3,2
134,185,3,2
134,186,3,2
134,187,3,2
134,188,3,3
134,189,3,3
134,190,3,3
134,191,3,3
134,192,3,3
134,193,3,3
134,194,3,3
134,195,3,3
134,196,3,3
134,197,3,3
134,198,3,3
134,199,3,3
134,200,3,3
134,201,3,3
134,202,3,3
134,203,3,2
134,204,3,2
134,205,3,2
134,206,3,2
134,207,3,2
134,208,3,2
134,209,3,2
134,210,3,2
134,211,3,2
134,212,3,2
134,213,3,2
134,214,3,2
134,215,3,2
134,216,3,2
134,217,3,2
134,218,3,2
134,219,3,3
134,220,3,3
134,221,3,3
134,222,3,3
134,223,3,3
134,224,3,3
134,225,3,3
134,226,3,3
134,227,3,3
134,228,3,3
134,229,3,3
134,230,3,3
134,231,3,3
134,232,3,3
134,233,3,3
134,234,3,3
134,235,3,3
134,236,3,3
134,237,3,3
134,238,3,3
134,239,3,3
134,240,3,3
134,241,3,3
134,242,3,3
134,243,3,3
134,244,3,3
134,245,3,3
134,246,3,3
134,247,3,3
134,248,3,3
134,249,3,3
134,250,3,3
134,251,3,3
134,252,3,3
134,253,3,3
134,254,3,3
134,255,3,3
134,256,3,3
134,257,3,3
134,258,3,3
134,259,3,3
134,260,3,3
134,261,3,3
134,262,3,3
134,263,3,3
134,264,3,3
134,265,3,3
134,266,3,3
134,267,3,3
134,268,3,3
134,269,3,3
134,270,3,3
134,271,3,3
134,272,3,3
134,273,3,3
134,274,3,3
134,275,3,3
134,276,3,3
134,277,3,3
134,278,3,3
134,279,3,3
134,280,3,3
134,281,3,3
134,282,3,3
134,283,3,3
134,284,3,3
134,285,3,3
134,286,3,3
134,287,3,3
134,288,3,3
134,289,3,3
134,290,3,3
134,291,3,3
134,292,3,3
134,293,3,3
134,294,3,3
134,295,3,3
134,296,3,3
134,297,3,3
134,298,3,3
134,299,3,3
134,300,3,3
134,301,3,3
134,302,3,3
134,303,3,3
134,304,3,3
134,305,3,3
134,306,3,3
134,307,3,3
134,308,3,3
134,309,3,3
134,310,3,3
134,311,3,3
134,312,3,3
134,313,3,3
134,314,3,3
134,315,3,3
134,316,3,3
134,317,3,3
134,318,3,3
134,319,3,3
134,320,3,2
134,321,3,2
134,322,3,2
134,323,3,2
134,324,3,2
134,325,3,2
134,326,3,2
134,327,3,2
134,328,3,2
134,329,3,2
134,330,3,2
134,331,3,2
134,332,3,2
134,333,3,2
134,334,3,2
134,335,3,2
134,336,3,2
134,337,3,2
134,338,3,2
134,339,3,2
134,340,3,2
134,341,3,2
134,342,3,2
134,343,3,2
134,344,3,2
134,345,3,2
134,346,3,2
134,347,3,2
134,348,3,2
134,349,3,2
134,350,3,2
134,351,3,2
134,352,3,2
134,353,3,2
134,354,3,2
134,355,3,2
134,356,3,2
134,357,3,2
134,358,3,2
134,359,3,2
134,360,3,2
134,361,3,2
134,362,3,2
134,363,3,2
134,364,3,2
134,365,3,2
134,366,3,2
134,367,3,2
134,368,3,2
134,369,3,2
134,370,3,2
134,371,3,2
134,372,3,2
134,373,3,2
134,374,3,2
134,375,3,2
134,376,3,2
134,377,3,2
134,378,3,2
134,379,3,2
134,380,3,2
134,381,3,2
134,382,3,2
134,383,3,2
134,384,3,2
134,385,3,2
134,386,3,2
134,387,3,2
134,388,3,2
134,389,3,2
134,390,3,2
134,391,3,2
134,392,3,2
134,393,3,2
134,394,3,2
134,395,3,2
134,396,3,2
134,397,3,2
134,398,3,2
134,399,3,2
134,400,3,2
134,401,3,2
134,402,3,2
134,403,3,2
134,404,3,2
134,405,3,3
134,406,3,3
134,407,3,3
134,408,3,2
134,409,3,2
134,410,3,2
134,411,3,2
134,412,3,2
134,413,3,2
134,414,3,2
134,415,3,2
134,416,3,2
134,417,3,2
134,418,3,2
134,419,3,2
134,420,3,3
135,101,3,2
135,102,3,2
135,103,3,2
135,104,3,2
135,105,3,2
135,106,3,2
135,107,3,2
135,108,3,2
135,109,3,2
135,110,3,2
135,111,3,2
135,112,3,2
135,113,3,2
135,114,3,2
135,115,3,2
135,116,3,2
135,117,3,2
135,118,3,2
135,119,3,2
135,120,3,2
135,121,3,2
135,122,3,2
135,123,3,2
135,124,3,2
135,125,3,2
135,126,3,2
135,127,3,2
135,128,3,2
135,129,3,2
135,130,3,2
135,131,3,2
135,132,3,2
135,133,3,2
135,134,3,2
135,135,3,2
135,136,3,2
135,137,3,2
135,138,3,2
135,139,3,2
135,140,3,2
135,141,3,2
135,142,3,2
135,143,3,2
135,144,3,2
135,145,3,2
135,146,3,2
135,147,3,2
135,148,3,2
135,149,3,2
135,150,3,2
135,151,3,2
135,152,3,2
135,153,3,2
135,154,3,2
135,155,3,2
135,156,3,2
135,157,3,2
135,158,3,2
135,159,3,2
135,160,3,2
135,161,3,2
135,162,3,2
135,163,3,2
135,164,3,2
135,165,3,2
135,166,3,2
135,167,3,2
135,168,3,2
135,169,3,2
135,170,3,2
135,171,3,2
135,172,3,2
135,173,3,2
135,174,3,2
135,175,3,2
135,176,3,2
135,177,3,2
135,178,3,2
135,179,3,2
135,180,3,2
135,181,3,2
135,182,3,2
135,183,3,2
135,184,3,2
135,185,3,2
135,186,3,3
135,187,3,3
135,188,3,3
135,189,3,3
135,190,3,3
135,191,3,3
135,192,3,3
135,193,3,3
135,194,3,3
135,195,3,3
135,196,3,3
135,197,3,3
135,198,3,3
135,199,3,3
135,200,3,3
135,201,3,3
135,202,3,3
135,203,3,3
135,204,3,3
135,205,3,3
135,206,3,3
135,207,3,3
135,208,3,2
135,209,3,2
135,210,3,2
135,211,3,2
135,212,3,2
135,213,3,2
135,214,3,2
135,215,3,2
135,216,3,2
135,217,3,2
135,218,3,2
135,219,3,3
135,220,3,3
135,221,3,3
135,222,3,3
135,223,3,3
135,224,3,3
135,225,3,3
135,226,3,3
135,227,3,3
135,228,3,3
135,229,3,3
135,230,3,3
135,231,3,3
135,232,3,3
135,233,3,3
135,234,3,3
135,235,3,3
135,236,3,3
135,237,3,3
135,238,3,3
135,239,3,3
135,240,3,3
135,241,3,3
135,242,3,3
135,243,3,3
135,244,3,3
135,245,3,3
135,246,3,3
135,247,3,3
135,248,3,3
135,249,3,3
135,250,3,3
135,251,3,3
135,252,3,3
135,253,3,3
135,254,3,3
135,255,3,3
135,256,3,3
135,257,3,3
135,258,3,3
135,259,3,3
135,260,3,3
135,261,3,3
135,262,3,3
135,263,3,3
135,264,3,3
135,265,3,3
135,266,3,3
135,267,3,3
135,268,3,3
135,269,3,3
135,270,3,3
135,271,3,3
135,272,3,3
135,273,3,3
135,274,3,3
135,275,3,3
135,276,3,3
135,277,3,3
135,278,3,3
135,279,3,3
135,280,3,3
135,281,3,3
135,282,3,3
135,283,3,3
135,284,3,3
135,285,3,3
135,286,3,3
135,287,3,3
135,288,3,3
135,289,3,3
135,290,3,3
135,291,3,3
135,292,3,3
135,293,3,3
135,294,3,3
135,295,3,3
135,296,3,3
135,297,3,3
135,298,3,3
135,299,3,3
135,300,3,3
135,301,3,3
135,302,3,3
135,303,3,3
135,304,3,3
135,305,3,3
135,306,3,3
135,307,3,3
135,308,3,3
135,309,3,3
135,310,3,3
135,311,3,3
135,312,3,3
135,313,3,3
135,314,3,3
135,315,3,3
135,316,3,3
135,317,3,3
135,318,3,3
135,319,3,3
135,320,3,2
135,321,3,2
135,322,3,2
135,323,3,2
135,324,3,2
135,325,3,2
135,326,3,2
135,327,3,2
135,328,3,2
135,329,3,2
135,330,3,2
135,331,3,2
135,332,3,2
135,333,3,2
135,334,3,2
135,335,3,2
135,336,3,2
135,337,3,2
135,338,3,2
135,339,3,2
135,340,3,2
135,341,3,2
135,342,3,2
135,343,3,2
135,344,3,2
135,345,3,2
135,346,3,2
135,347,3,2
135,348,3,2
135,349,3,2
135,350,3,2
135,351,3,2
135,352,3,2
135,353,3,2
135,354,3,2
135,355,3,2
135,356,3,2
135,357,3,2
135,358,3,2
135,359,3,2
135,360,3,2
135,361,3,2
135,362,3,2
135,363,3,2
135,364,3,2
135,365,3,2
135,366,3,2
135,367,3,2
135,368,3,2
135,369,3,2
135,370,3,2
135,371,3,2
135,372,3,2
135,373,3,2
135,374,3,2
135,375,3,2
135,376,3,2
135,377,3,2
135,378,3,2
135,379,3,2
135,380,3,2
135,381,3,2
135,382,3,2
135,383,3,2
135,384,3,2
135,385,3,2
135,386,3,2
135,387,3,2
135,388,3,2
135,389,3,2
135,390,3,2
135,391,3,2
135,392,3,2
135,393,3,2
135,394,3,2
135,395,3,2
135,396,3,2
135,397,3,2
135,398,3,2
135,399,3,2
135,400,3,2
135,401,3,2
135,402,3,2
135,403,3,2
135,404,3,2
135,405,3,2
135,406,3,2
135,407,3,2
135,408,3,3
135,409,3,2
135,410,3,2
135,411,3,2
135,412,3,2
135,413,3,2
135,414,3,2
135,415,3,2
135,416,3,2
135,417,3,2
135,418,3,2
136,100,3,2
136,101,3,2
136,102,3,2
136,103,3,2
136,104,3,2
136,105,3,2
136,106,3,2
136,107,3,2
136,108,3,2
136,109,3,2
136,110,3,2
136,111,3,2
136,112,3,2
136,113,3,2
136,114,3,2
136,115,3,2
136,116,3,2
136,117,3,2
136,118,3,2
136,119,3,2
136,120,3,2
136,121,3,2
136,122,3,2
136,123,3,2
136,124,3,2
136,125,3,2
136,126,3,2
136,127,3,2
136,128,3,2
136,129,3,2
136,130,3,2
136,131,3,2
136,132,3,2
136,133,3,2
136,134,3,2
136,135,3,2
136,136,3,2
136,137,3,2
136,138,3,2
136,139,3,2
136,140,3,2
136,141,3,2
136,142,3,2
136,143,3,2
136,144,3,2
136,145,3,2
136,146,3,2
136,147,3,2
136,148,3,2
136,149,3,2
136,150,3,2
136,151,3,2
136,152,3,2
136,153,3,2
136,154,3,2
136,155,3,2
136,156,3,2
136,157,3,2
136,158,3,2
136,159,3,2
136,160,3,2
136,161,3,2
136,162,3,2
136,163,3,2
136,164,3,2
136,165,3,2
136,166,3,2
136,167,3,2
136,168,3,2
136,169,3,2
136,170,3,2
136,171,3,2
136,172,3,2
136,173,3,2
136,174,3,2
136,175,3,2
136,176,3,2
136,177,3,2
136,178,3,2
136,179,3,2
136,180,3,2
136,181,3,2
136,182,3,2
136,183,3,2
136,184,3,2
136,185,3,3
136,186,3,3
136,187,3,3
136,188,3,3
136,189,3,3
136,190,3,3
136,191,3,3
136,192,3,3
136,193,3,3
136,194,3,3
136,195,3,3
136,196,3,3
136,197,3,3
136,198,3,3
136,199,3,3
136,200,3,3
136,201,3,3
136,202,3,3
136,203,3,3
136,204,3,3
136,205,3,3
136,206,3,3
136,207,3,3
136,208,3,3
136,209,3,2
136,210,3,2
136,211,3,2
136,212,3,2
136,213,3,2
136,214,3,2
136,215,3,2
136,216,3,2
136,217,3,2
136,218,3,2
136,219,3,3
136,220,3,3
136,221,3,3
136,222,3,3
136,223,3,3
136,224,3,3
136,225,3,3
136,226,3,3
136,227,3,3
136,228,3,3
136,229,3,3
136,230,3,3
136,231,3,3
136,232,3,3
136,233,3,3
136,234,3,3
136,235,3,3
136,236,3,3
136,237,3,3
136,238,3,3
136,239,3,3
136,240,3,3
136,241,3,3
136,242,3,3
136,243,3,3
136,244,3,3
136,245,3,3
136,246,3,3
136,247,3,3
136,248,3,3
136,249,3,3
136,250,3,3
136,251,3,3
136,252,3,3
136,253,3,3
136,254,3,3
136,255,3,3
136,256,3,3
136,257,3,3
136,258,3,3
136,259,3,3
136,260,3,3
136,261,3,3
136,262,3,3
136,263,3,3
136,264,3,3
136,265,3,3
136,266,3,3
136,267,3,3
136,268,3,3
136,269,3,3
136,270,3,3
136,271,3,3
136,272,3,3
136,273,3,3
136,274,3,3
136,275,3,3
136,276,3,3
136,277,3,3
136,278,3,3
136,279,3,3
136,280,3,3
136,281,3,3
136,282,3,3
136,283,3,3
136,284,3,3
136,285,3,3
136,286,3,3
136,287,3,3
136,288,3,3
136,289,3,3
136,290,3,3
136,291,3,3
136,292,3,3
136,293,3,3
136,294,3,3
136,295,3,3
136,296,3,3
136,297,3,3
136,298,3,3
136,299,3,3
136,300,3,3
136,301,3,3
136,302,3,3
136,303,3,3
136,304,3,3
136,305,3,3
136,306,3,3
136,307,3,3
136,308,3,3
136,309,3,3
136,310,3,3
136,311,3,3
136,312,3,3
136,313,3,3
136,314,3,3
136,315,3,3
136,316,3,3
136,317,3,3
136,318,3,3
136,319,3,2
136,320,3,2
136,321,3,2
136,322,3,2
136,323,3,2
136,324,3,2
136,325,3,2
136,326,3,2
136,327,3,2
136,328,3,2
136,329,3,2
136,330,3,2
136,331,3,2
136,332,3,2
136,333,3,2
136,334,3,2
136,335,3,2
136,336,3,2
136,337,3,2
136,338,3,2
136,339,3,2
136,340,3,2
136,341,3,2
136,342,3,2
136,343,3,2
136,344,3,2
136,345,3,2
136,346,3,2
136,347,3,2
136,348,3,2
136,349,3,2
136,350,3,2
136,351,3,2
136,352,3,2
136,353,3,2
136,354,3,2
136,355,3,2
136,356,3,2
136,357,3,2
136,358,3,2
136,359,3,2
136,360,3,2
136,361,3,2
136,362,3,2
136,363,3,2
136,364,3,2
136,365,3,2
136,366,3,2
136,367,3,2
136,368,3,2
136,369,3,2
136,370,3,2
136,371,3,2
136,372,3,2
136,373,3,2
136,374,3,2
136,375,3,2
136,376,3,2
136,377,3,2
136,378,3,2
136,379,3,2
136,380,3,2
136,381,3,2
136,382,3,2
136,383,3,2
136,384,3,2
136,385,3,2
136,386,3,2
136,387,3,2
136,388,3,2
136,389,3,2
136,390,3,2
136,391,3,2
136,392,3,2
136,393,3,2
136,394,3,2
136,395,3,2
136,396,3,2
136,397,3,2
136,398,3,2
136,399,3,2
136,400,3,2
136,401,3,2
136,402,3,2
136,403,3,2
136,404,3,2
136,405,3,2
136,406,3,2
136,407,3,2
136,408,3,3
136,409,3,2
136,410,3,2
136,411,3,2
136,412,3,2
136,413,3,2
136,414,3,2
136,415,3,2
136,416,3,2
136,417,3,2
136,418,3,3
137,98,3,2
137,99,3,2
137,100,3,2
137,101,3,2
137,102,3,2
137,103,3,2
137,104,3,2
137,105,3,2
137,106,3,2
137,107,3,2
137,108,3,2
137,109,3,2
137,110,3,2
137,111,3,2
137,112,3,2
137,113,3,2
137,114,3,2
137,115,3,2
137,116,3,2
137,117,3,2
137,118,3,2
137,119,3,2
137,120,3,2
137,121,3,2
137,122,3,2
137,123,3,2
137,124,3,2
137,125,3,2
137,126,3,2
137,127,3,2
137,128,3,2
137,129,3,2
137,130,3,2
137,131,3,2
137,132,3,2
137,133,3,2
137,134,3,2
137,135,3,2
137,136,3,2
137,137,3,2
137,138,3,2
137,139,3,2
137,140,3,2
137,141,3,2
137,142,3,2
137,143,3,2
137,144,3,2
137,145,3,2
137,146,3,2
137,147,3,2
137,148,3,2
137,149,3,2
137,150,3,2
137,151,3,2
137,152,3,2
137,153,3,2
137,154,3,2
137,155,3,2
137,156,3,2
137,157,3,2
137,158,3,2
137,159,3,2
137,160,3,2
137,161,3,2
137,162,3,2
137,163,3,2
137,164,3,2
137,165,3,2
137,166,3,2
137,167,3,2
137,168,3,2
137,169,3,2
137,170,3,2
137,171,3,2
137,172,3,2
137,173,3,2
137,174,3,2
137,175,3,2
137,176,3,2
137,177,3,2
137,178,3,2
137,179,3,2
137,180,3,2
137,181,3,2
137,182,3,2
137,183,3,2
137,184,3,3
137,185,3,3
137,186,3,3
137,187,3,3
137,188,3,3
137,189,3,3
137,190,3,3
137,191,3,3
137,192,3,3
137,193,3,3
137,194,3,3
137,195,3,3
137,196,3,3
137,197,3,3
137,198,3,3
137,199,3,3
137,200,3,3
137,201,3,3
137,202,3,3
137,203,3,3
137,204,3,3
137,205,3,3
137,206,3,3
137,207,3,3
137,208,3,3
137,209,3,2
137,210,3,2
137,211,3,2
137,212,3,2
137,213,3,2
137,214,3,2
137,215,3,2
137,216,3,2
137,217,3,2
137,218,3,2
137,219,3,3
137,220,3,3
137,221,3,3
137,222,3,3
137,223,3,3
137,224,3,3
137,225,3,3
137,226,3,3
137,227,3,3
137,228,3,3
137,229,3,3
137,230,3,3
137,231,3,3
137,232,3,3
137,233,3,3
137,234,3,3
137,235,3,3
137,236,3,3
137,237,3,3
137,238,3,3
137,239,3,3
137,240,3,3
137,241,3,3
137,242,3,3
137,243,3,3
137,244,3,3
137,245,3,3
137,246,3,3
137,247,3,3
137,248,3,3
137,249,3,3
137,250,3,3
137,251,3,3
137,252,3,3
137,253,3,3
137,254,3,3
137,255,3,3
137,256,3,3
137,257,3,3
137,258,3,3
137,259,3,3
137,260,3,3
137,261,3,3
137,262,3,3
137,263,3,3
137,264,3,3
137,265,3,3
137,266,3,3
137,267,3,3
137,268,3,3
137,269,3,3
137,270,3,3
137,271,3,3
137,272,3,3
137,273,3,3
137,274,3,3
137,275,3,3
137,276,3,3
137,277,3,3
137,278,3,3
137,279,3,3
137,280,3,3
137,281,3,3
137,282,3,3
137,283,3,3
137,284,3,3
137,285,3,3
137,286,3,3
137,287,3,3
137,288,3,3
137,289,3,3
137,290,3,3
137,291,3,3
137,292,3,3
137,293,3,3
137,294,3,3
137,295,3,3
137,296,3,3
137,297,3,3
137,298,3,3
137,299,3,3
137,300,3,3
137,301,3,3
137,302,3,3
137,303,3,3
137,304,3,3
137,305,3,3
137,306,3,3
137,307,3,3
137,308,3,3
137,309,3,3
137,310,3,3
137,311,3,3
137,312,3,3
137,313,3,3
137,314,3,3
137,315,3,3
137,316,3,3
137,317,3,3
137,318,3,3
137,319,3,2
137,320,3,2
137,321,3,2
137,322,3,2
137,323,3,2
137,324,3,2
137,325,3,2
137,326,3,2
137,327,3,2
137,328,3,2
137,329,3,2
137,330,3,2
137,331,3,2
137,332,3,2
137,333,3,2
137,334,3,2
137,335,3,2
137,336,3,2
137,337,3,2
137,338,3,2
137,339,3,2
137,340,3,2
137,341,3,2
137,342,3,2
137,343,3,2
137,344,3,2
137,345,3,2
137,346,3,2
137,347,3,2
137,348,3,2
137,349,3,2
137,350,3,2
137,351,3,2
137,352,3,2
137,353,3,2
137,354,3,2
137,355,3,2
137,356,3,2
137,357,3,2
137,358,3,2
137,359,3,2
137,360,3,2
137,361,3,2
137,362,3,2
137,363,3,2
137,364,3,2
137,365,3,2
137,366,3,2
137,367,3,2
137,368,3,2
137,369,3,2
137,370,3,2
137,371,3,2
137,372,3,2
137,373,3,2
137,374,3,2
137,375,3,2
137,376,3,2
137,377,3,2
137,378,3,2
137,379,3,2
137,380,3,2
137,381,3,2
137,382,3,2
137,383,3,2
137,384,3,2
137,385,3,2
137,386,3,2
137,387,3,2
137,388,3,2
137,389,3,2
137,390,3,2
137,391,3,2
137,392,3,2
137,393,3,2
137,394,3,2
137,395,3,2
137,396,3,2
137,397,3,2
137,398,3,2
137,399,3,2
137,400,3,2
137,401,3,2
137,402,3,2
137,403,3,2
137,404,3,2
137,405,3,2
137,406,3,2
137,407,3,2
137,408,3,2
137,409,3,2
137,410,3,2
137,411,3,2
137,412,3,2
137,413,3,2
137,414,3,2
137,415,3,2
137,416,3,2
137,417,3,3
138,97,3,2
138,98,3,2
138,99,3,2
138,100,3,2
138,101,3,2
138,102,3,2
138,103,3,2
138,104,3,2
138,105,3,2
138,106,3,2
138,107,3,2
138,108,3,2
138,109,3,2
138,110,3,2
138,111,3,2
138,112,3,2
138,113,3,2
138,114,3,2
138,115,3,2
138,116,3,2
138,117,3,2
138,118,3,2
138,119,3,2
138,120,3,2
138,121,3,2
138,122,3,2
138,123,3,2
138,124,3,2
138,125,3,2
138,126,3,2
138,127,3,2
138,128,3,2
138,129,3,2
138,130,3,2
138,131,3,2
138,132,3,2
138,133,3,2
138,134,3,2
138,135,3,2
138,136,3,2
138,137,3,2
138,138,3,2
138,139,3,2
138,140,3,2
138,141,3,2
138,142,3,2
138,143,3,2
138,144,3,2
138,145,3,2
138,146,3,2
138,147,3,2
138,148,3,2
138,149,3,2
138,150,3,2
138,151,3,2
138,152,3,2
138,153,3,2
138,154,3,2
138,155,3,2
138,156,3,2
138,157,3,2
138,158,3,2
138,159,3,2
138,160,3,2
138,161,3,2
138,162,3,2
138,163,3,2
138,164,3,2
138,165,3,2
138,166,3,2
138,167,3,2
138,168,3,2
138,169,3,2
138,170,3,2
138,171,3,2
138,172,3,2
138,173,3,2
138,174,3,2
138,175,3,2
138,176,3,2
138,177,3,2
138,178,3,2
138,179,3,2
138,180,3,2
138,181,3,2
138,182,3,2
138,183,3,3
138,184,3,3
138,185,3,3
138,186,3,3
138,187,3,3
138,188,3,3
138,189,3,3
138,190,3,3
138,191,3,3
138,192,3,3
138,193,3,3
138,194,3,3
138,195,3,3
138,196,3,3
138,197,3,3
138,198,3,3
138,199,3,3
138,200,3,3
138,201,3,3
138,202,3,3
138,203,3,3
138,204,3,3
138,205,3,3
138,206,3,3
138,207,3,3
138,208,3,3
138,209,3,2
138,210,3,2
138,211,3,2
138,212,3,2
138,213,3,2
138,214,3,2
138,215,3,2
138,216,3,2
138,217,3,2
138,218,3,2
138,219,3,2
138,220,3,3
138,221,3,3
138,222,3,3
138,223,3,3
138,224,3,3
138,225,3,3
138,226,3,3
138,227,3,3
138,228,3,3
138,229,3,3
138,230,3,3
138,231,3,3
138,232,3,3
138,233,3,3
138,234,3,3
138,235,3,3
138,236,3,3
138,237,3,3
138,238,3,3
138,239,3,3
138,240,3,3
138,241,3,3
138,242,3,3
138,243,3,3
138,244,3,3
138,245,3,3
138,246,3,3
138,247,3,3
138,248,3,3
138,249,3,3
138,250,3,3
138,251,3,3
138,252,3,3
138,253,3,3
138,254,3,3
138,255,3,3
138,256,3,3
138,257,3,3
138,258,3,3
138,259,3,3
138,260,3,3
138,261,3,3
138,262,3,3
138,263,3,3
138,264,3,3
138,265,3,3
138,266,3,3
138,267,3,3
138,268,3,3
138,269,3,3
138,270,3,3
138,271,3,3
138,272,3,3
138,273,3,3
138,274,3,3
138,275,3,3
138,276,3,3
138,277,3,3
138,278,3,3
138,279,3,3
138,280,3,3
138,281,3,3
138,282,3,3
138,283,3,3
138,284,3,3
138,285,3,3
138,286,3,3
138,287,3,3
138,288,3,3
138,289,3,3
138,290,3,3
138,291,3,3
138,292,3,3
138,293,3,3
138,294,3,3
138,295,3,3
138,296,3,3
138,297,3,3
138,298,3,3
138,299,3,3
138,300,3,3
138,301,3,3
138,302,3,3
138,303,3,3
138,304,3,3
138,305,3,3
138,306,3,3
138,307,3,3
138,308,3,3
138,309,3,3
138,310,3,3
138,311,3,3
138,312,3,3
138,313,3,3
138,314,3,3
138,315,3,3
138,316,3,3
138,317,3,3
138,318,3,2
138,319,3,2
138,320,3,2
138,321,3,2
138,322,3,2
138,323,3,2
138,324,3,2
138,325,3,2
138,326,3,2
138,327,3,2
138,328,3,2
138,329,3,2
138,330,3,2
138,331,3,2
138,332,3,2
138,333,3,2
138,334,3,2
138,335,3,2
138,336,3,2
138,337,3,2
138,338,3,2
138,339,3,2
138,340,3,2
138,341,3,2
138,342,3,2
138,343,3,2
138,344,3,2
138,345,3,2
138,346,3,2
138,347,3,2
138,348,3,2
138,349,3,2
138,350,3,2
138,351,3,2
138,352,3,2
138,353,3,2
138,354,3,2
138,355,3,2
138,356,3,2
138,357,3,2
138,358,3,2
138,359,3,2
138,360,3,2
138,361,3,2
138,362,3,2
138,363,3,2
138,364,3,2
138,365,3,2
138,366,3,2
138,367,3,2
138,368,3,2
138,369,3,2
138,370,3,2
138,371,3,2
138,372,3,2
138,373,3,2
138,374,3,2
138,375,3,2
138,376,3,2
138,377,3,2
138,378,3,2
138,379,3,2
138,380,3,2
138,381,3,2
138,382,3,2
138,383,3,2
138,384,3,2
138,385,3,2
138,386,3,2
138,387,3,2
138,388,3,2
138,389,3,2
138,390,3,2
138,391,3,2
138,392,3,2
138,393,3,2
138,394,3,2
138,395,3,2
138,396,3,2
138,397,3,2
138,398,3,2
138,399,3,2
138,400,3,2
138,401,3,2
138,402,3,2
138,403,3,2
138,404,3,2
138,405,3,2
138,406,3,2
138,407,3,2
138,408,3,2
138,409,3,2
138,410,3,2
138,411,3,2
138,412,3,2
138,413,3,2
138,414,3,2
138,415,3,2
138,416,3,3
139,96,3,2
139,97,3,2
139,98,3,2
139,99,3,2
139,100,3,2
139,101,3,2
139,102,3,2
139,103,3,2
139,104,3,2
139,105,3,2
139,106,3,2
139,107,3,2
139,108,3,2
139,109,3,2
139,110,3,2
139,111,3,2
139,112,3,2
139,113,3,2
139,114,3,2
139,115,3,2
139,116,3,2
139,117,3,2
139,118,3,2
139,119,3,2
139,120,3,2
139,121,3,2
139,122,3,2
139,123,3,2
139,124,3,2
139,125,3,2
139,126,3,2
139,127,3,2
139,128,3,2
139,129,3,2
139,130,3,2
139,131,3,2
139,132,3,2
139,133,3,2
139,134,3,2
139,135,3,2
139,136,3,2
139,137,3,2
139,138,3,2
139,139,3,2
139,140,3,2
139,141,3,2
139,142,3,2
139,143,3,2
139,144,3,2
139,145,3,2
139,146,3,2
139,147,3,2
139,148,3,2
139,149,3,2
139,150,3,2
139,151,3,2
139,152,3,2
139,153,3,2
139,154,3,2
139,155,3,2
139,156,3,2
139,157,3,2
139,158,3,2
139,159,3,2
139,160,3,2
139,161,3,2
139,162,3,2
139,163,3,2
139,164,3,2
139,165,3,2
139,166,3,2
139,167,3,2
139,168,3,2
139,169,3,2
139,170,3,2
139,171,3,2
139,172,3,2
139,173,3,2
139,174,3,2
139,175,3,2
139,176,3,2
139,177,3,2
139,178,3,2
139,179,3,2
139,180,3,2
139,181,3,2
139,182,3,3
139,183,3,3
139,184,3,3
139,185,3,3
139,186,3,3
139,187,3,3
139,188,3,3
139,189,3,3
139,190,3,3
139,191,3,3
139,192,3,3
139,193,3,3
139,194,3,3
139,195,3,3
139,196,3,3
139,197,3,3
139,198,3,3
139,199,3,3
139,200,3,3
139,201,3,3
139,202,3,3
139,203,3,3
139,204,3,3
139,205,3,3
139,206,3,3
139,207,3,3
139,208,3,3
139,209,3,3
139,210,3,3
139,211,3,3
139,212,3,3
139,213,3,2
139,214,3,2
139,215,3,2
139,216,3,2
139,217,3,2
139,218,3,2
139,219,3,2
139,220,3,3
139,221,3,3
139,222,3,3
139,223,3,3
139,224,3,3
139,225,3,3
139,226,3,3
139,227,3,3
139,228,3,3
139,229,3,3
139,230,3,3
139,231,3,3
139,232,3,3
139,233,3,3
139,234,3,3
139,235,3,3
139,236,3,3
139,237,3,3
139,238,3,3
139,239,3,3
139,240,3,3
139,241,3,3
139,242,3,3
139,243,3,3
139,244,3,3
139,245,3,3
139,246,3,3
139,247,3,3
139,248,3,3
139,249,3,3
139,250,3,3
139,251,3,3
139,252,3,3
139,253,3,3
139,254,3,3
139,255,3,3
139,256,3,3
139,257,3,3
139,258,3,3
139,259,3,3
139,260,3,3
139,261,3,3
139,262,3,3
139,263,3,3
139,264,3,3
139,265,3,3
139,266,3,3
139,267,3,3
139,268,3,3
139,269,3,3
139,270,3,3
139,271,3,3
139,272,3,3
139,273,3,3
139,274,3,3
139,275,3,3
139,276,3,3
139,277,3,3
139,278,3,3
139,279,3,3
139,280,3,3
139,281,3,3
139,282,3,3
139,283,3,3
139,284,3,3
139,285,3,3
139,286,3,3
139,287,3,3
139,288,3,3
139,289,3,3
139,290,3,3
139,291,3,3
139,292,3,3
139,293,3,3
139,294,3,3
139,295,3,3
139,296,3,3
139,297,3,3
139,298,3,3
139,299,3,3
139,300,3,3
139,301,3,3
139,302,3,3
139,303,3,3
139,304,3,3
139,305,3,3
139,306,3,3
139,307,3,3
139,308,3,3
139,309,3,3
139,310,3,3
139,311,3,3
139,312,3,3
139,313,3,3
139,314,3,3
139,315,3,3
139,316,3,3
139,317,3,3
139,318,3,2
139,319,3,2
139,320,3,2
139,321,3,2
139,322,3,2
139,323,3,2
139,324,3,2
139,325,3,2
139,326,3,2
139,327,3,2
139,328,3,2
139,329,3,2
139,330,3,2
139,331,3,2
139,332,3,2
139,333,3,2
139,334,3,2
139,335,3,2
139,336,3,2
139,337,3,2
139,338,3,2
139,339,3,2
139,340,3,2
139,341,3,2
139,342,3,2
139,343,3,2
139,344,3,2
139,345,3,2
139,346,3,2
139,347,3,2
139,348,3,2
139,349,3,2
139,350,3,2
139,351,3,2
139,352,3,2
139,353,3,2
139,354,3,2
139,355,3,2
139,356,3,2
139,357,3,2
139,358,3,2
139,359,3,2
139,360,3,2
139,361,3,2
139,362,3,2
139,363,3,2
139,364,3,2
139,365,3,2
139,366,3,2
139,367,3,2
139,368,3,2
139,369,3,2
139,370,3,2
139,371,3,2
139,372,3,2
139,373,3,2
139,374,3,2
139,375,3,2
139,376,3,2
139,377,3,2
139,378,3,2
139,379,3,2
139,380,3,2
139,381,3,2
139,382,3,2
139,383,3,2
139,384,3,2
139,385,3,2
139,386,3,2
139,387,3,2
139,388,3,2
139,389,3,2
139,390,3,2
139,391,3,2
139,392,3,2
139,393,3,2
139,394,3,2
139,395,3,2
139,396,3,2
139,397,3,2
139,398,3,2
139,399,3,2
139,400,3,2
139,401,3,2
139,402,3,2
139,403,3,2
139,404,3,2
139,405,3,2
139,406,3,2
139,407,3,2
139,408,3,2
139,409,3,2
139,410,3,2
139,411,3,2
139,412,3,2
139,413,3,2
139,414,3,2
139,415,3,3
140,96,3,2
140,97,3,2
140,98,3,2
140,99,3,2
140,100,3,2
140,101,3,2
140,102,3,2
140,103,3,2
140,104,3,2
140,105,3,2
140,106,3,2
140,107,3,2
140,108,3,2
140,109,3,2
140,110,3,2
140,111,3,2
140,112,3,2
140,113,3,2
140,114,3,2
140,115,3,2
140,116,3,2
140,117,3,2
140,118,3,2
140,119,3,2
140,120,3,2
140,121,3,2
140,122,3,2
140,123,3,2
140,124,3,2
140,125,3,2
140,126,3,2
140,127,3,2
140,128,3,2
140,129,3,2
140,130,3,2
140,131,3,2
140,132,3,2
140,133,3,2
140,134,3,2
140,135,3,2
140,136,3,2
140,137,3,2
140,138,3,2
140,139,3,2
140,140,3,2
140,141,3,2
140,142,3,2
140,143,3,2
140,144,3,2
140,145,3,2
140,146,3,2
140,147,3,2
140,148,3,2
140,149,3,2
140,150,3,2
140,151,3,2
140,152,3,2
140,153,3,2
140,154,3,2
140,155,3,2
140,156,3,2
140,157,3,2
140,158,3,2
140,159,3,2
140,160,3,2
140,161,3,2
140,162,3,2
140,163,3,2
140,164,3,2
140,165,3,2
140,166,3,2
140,167,3,2
140,168,3,2
140,169,3,2
140,170,3,2
140,171,3,2
140,172,3,2
140,173,3,2
140,174,3,2
140,175,3,2
140,176,3,2
140,177,3,2
140,178,3,2
140,179,3,2
140,180,3,2
140,181,3,3
140,182,3,3
140,183,3,3
140,184,3,3
140,185,3,3
140,186,3,3
140,187,3,3
140,188,3,3
140,189,3,3
140,190,3,3
140,191,3,3
140,192,3,3
140,193,3,3
140,194,3,3
140,195,3,3
140,196,3,3
140,197,3,3
140,198,3,3
140,199,3,3
140,200,3,3
140,201,3,3
140,202,3,3
140,203,3,3
140,204,3,3
140,205,3,3
140,206,3,3
140,207,3,3
140,208,3,3
140,209,3,3
140,210,3,3
140,211,3,3
140,212,3,3
140,213,3,2
140,214,3,2
140,215,3,2
140,216,3,2
140,217,3,2
140,218,3,2
140,219,3,2
140,220,3,2
140,221,3,3
140,222,3,3
140,223,3,3
140,224,3,3
140,225,3,3
140,226,3,3
140,227,3,3
140,228,3,3
140,229,3,3
140,230,3,3
140,231,3,3
140,232,3,3
140,233,3,3
140,234,3,3
140,235,3,3
140,236,3,3
140,237,3,3
140,238,3,3
140,239,3,3
140,240,3,3
140,241,3,3
140,242,3,3
140,243,3,3
140,244,3,3
140,245,3,3
140,246,3,3
140,247,3,3
140,248,3,3
140,249,3,3
140,250,3,3
140,251,3,3
140,252,3,3
140,253,3,3
140,254,3,3
140,255,3,3
140,256,3,3
140,257,3,3
140,258,3,3
140,259,3,3
140,260,3,3
140,261,3,3
140,262,3,3
140,263,3,3
140,264,3,3
140,265,3,3
140,266,3,3
140,267,3,3
140,268,3,3
140,269,3,3
140,270,3,3
140,271,3,3
140,272,3,3
140,273,3,3
140,274,3,3
140,275,3,3
140,276,3,3
140,277,3,3
140,278,3,3
140,279,3,3
140,280,3,3
140,281,3,3
140,282,3,3
140,283,3,3
140,284,3,3
140,285,3,3
140,286,3,3
140,287,3,3
140,288,3,3
140,289,3,3
140,290,3,3
140,291,3,3
140,292,3,3
140,293,3,3
140,294,3,3
140,295,3,3
140,296,3,3
140,297,3,3
140,298,3,3
140,299,3,3
140,300,3,3
140,301,3,3
140,302,3,3
140,303,3,3
140,304,3,3
140,305,3,3
140,306,3,3
140,307,3,3
140,308,3,3
140,309,3,3
140,310,3,3
140,311,3,3
140,312,3,3
140,313,3,3
140,314,3,3
140,315,3,3
140,316,3,3
140,317,3,2
140,318,3,2
140,319,3,2
140,320,3,2
140,321,3,2
140,322,3,2
140,323,3,2
140,324,3,2
140,325,3,2
140,326,3,2
140,327,3,2
140,328,3,2
140,329,3,2
140,330,3,2
140,331,3,2
140,332,3,2
140,333,3,2
140,334,3,2
140,335,3,2
140,336,3,2
140,337,3,2
140,338,3,2
140,339,3,2
140,340,3,2
140,341,3,2
140,342,3,2
140,343,3,2
140,344,3,2
140,345,3,2
140,346,3,2
140,347,3,2
140,348,3,2
140,349,3,2
140,350,3,2
140,351,3,2
140,352,3,2
140,353,3,2
140,354,3,2
140,355,3,2
140,356,3,2
140,357,3,2
140,358,3,2
140,359,3,2
140,360,3,2
140,361,3,2
140,362,3,2
140,363,3,2
140,364,3,2
140,365,3,2
140,366,3,2
140,367,3,2
140,368,3,2
140,369,3,2
140,370,3,2
140,371,3,2
140,372,3,2
140,373,3,2
140,374,3,2
140,375,3,2
140,376,3,2
140,377,3,2
140,378,3,2
140,379,3,2
140,380,3,2
140,381,3,2
140,382,3,2
140,383,3,2
140,384,3,2
140,385,3,2
140,386,3,2
140,387,3,2
140,388,3,2
140,389,3,2
140,390,3,2
140,391,3,2
140,392,3,2
140,393,3,2
140,394,3,2
140,395,3,2
140,396,3,2
140,397,3,2
140,398,3,2
140,399,3,2
140,400,3,2
140,401,3,2
140,402,3,2
140,403,3,2
140,404,3,2
140,405,3,2
140,406,3,2
140,407,3,2
140,408,3,2
140,409,3,2
140,410,3,2
140,411,3,2
140,412,3,2
140,413,3,2
140,414,3,2
141,95,3,2
141,96,3,2
141,97,3,2
141,98,3,2
141,99,3,2
141,100,3,2
141,101,3,2
141,102,3,2
141,103,3,2
141,104,3,2
141,105,3,2
141,106,3,3
141,107,3,3
141,108,3,3
141,109,3,3
141,110,3,3
141,111,3,2
141,112,3,2
141,113,3,2
141,114,3,2
141,115,3,2
141,116,3,2
141,117,3,2
141,118,3,2
141,119,3,2
141,120,3,2
141,121,3,2
141,122,3,2
141,123,3,2
141,124,3,2
141,125,3,2
141,126,3,2
141,127,3,2
141,128,3,2
141,129,3,2
141,130,3,2
141,131,3,2
141,132,3,2
141,133,3,2
141,134,3,2
141,135,3,2
141,136,3,2
141,137,3,2
141,138,3,2
141,139,3,2
141,140,3,2
141,141,3,2
141,142,3,2
141,143,3,2
141,144,3,2
141,145,3,2
141,146,3,2
141,147,3,2
141,148,3,2
141,149,3,2
141,150,3,2
141,151,3,2
141,152,3,2
141,153,3,2
141,154,3,2
141,155,3,2
141,156,3,2
141,157,3,2
141,158,3,2
141,159,3,2
141,160,3,2
141,161,3,2
141,162,3,2
141,163,3,2
141,164,3,2
141,165,3,2
141,166,3,2
141,167,3,2
141,168,3,2
141,169,3,2
141,170,3,2
141,171,3,2
141,172,3,2
141,173,3,2
141,174,3,2
141,175,3,2
141,176,3,2
141,177,3,2
141,178,3,2
141,179,3,2
141,180,3,2
141,181,3,3
141,182,3,3
141,183,3,3
141,184,3,3
141,185,3,3
141,186,3,3
141,187,3,3
141,188,3,3
141,189,3,3
141,190,3,3
141,191,3,3
141,192,3,3
141,193,3,3
141,194,3,3
141,195,3,3
141,196,3,3
141,197,3,3
141,198,3,3
141,199,3,3
141,200,3,3
141,201,3,3
141,202,3,3
141,203,3,3
141,204,3,3
141,205,3,3
141,206,3,3
141,207,3,3
141,208,3,3
141,209,3,3
141,210,3,3
141,211,3,3
141,212,3,3
141,213,3,3
141,214,3,2
141,215,3,2
141,216,3,2
141,217,3,2
141,218,3,2
141,219,3,2
141,220,3,2
141,221,3,3
141,222,3,3
141,223,3,3
141,224,3,3
141,225,3,3
141,226,3,3
141,227,3,3
141,228,3,3
141,229,3,3
141,230,3,3
141,231,3,3
141,232,3,3
141,233,3,3
141,234,3,3
141,235,3,3
141,236,3,3
141,237,3,3
141,238,3,3
141,239,3,3
141,240,3,3
141,241,3,3
141,242,3,3
141,243,3,3
141,244,3,3
141,245,3,3
141,246,3,3
141,247,3,3
141,248,3,3
141,249,3,3
141,250,3,3
141,251,3,3
141,252,3,3
141,253,3,3
141,254,3,3
141,255,3,3
141,256,3,3
141,257,3,3
141,258,3,3
141,259,3,3
141,260,3,3
141,261,3,3
141,262,3,3
141,263,3,3
141,264,3,3
141,265,3,3
141,266,3,3
141,267,3,3
141,268,3,3
141,269,3,3
141,270,3,3
141,271,3,3
141,272,3,3
141,273,3,3
141,274,3,3
141,275,3,3
141,276,3,3
141,277,3,3
141,278,3,3
141,279,3,3
141,280,3,3
141,281,3,3
141,282,3,3
141,283,3,3
141,284,3,3
141,285,3,3
141,286,3,3
141,287,3,3
141,288,3,3
141,289,3,3
141,290,3,3
141,291,3,3
141,292,3,3
141,293,3,3
141,294,3,3
141,295,3,3
141,296,3,3
141,297,3,3
141,298,3,3
141,299,3,3
141,300,3,3
141,301,3,3
141,302,3,3
141,303,3,3
141,304,3,3
141,305,3,3
141,306,3,3
141,307,3,3
141,308,3,3
141,309,3,3
141,310,3,3
141,311,3,3
141,312,3,3
141,313,3,3
141,314,3,3
141,315,3,3
141,316,3,3
141,317,3,2
141,318,3,2
141,319,3,2
141,320,3,2
141,321,3,2
141,322,3,2
141,323,3,2
141,324,3,2
141,325,3,2
141,326,3,2
141,327,3,2
141,328,3,2
141,329,3,2
141,330,3,2
141,331,3,2
141,332,3,2
141,333,3,2
141,334,3,2
141,335,3,2
141,336,3,2
141,337,3,2
141,338,3,2
141,339,3,2
141,340,3,2
141,341,3,2
141,342,3,2
141,343,3,2
141,344,3,2
141,345,3,2
141,346,3,2
141,347,3,2
141,348,3,2
141,349,3,2
141,350,3,2
141,351,3,2
141,352,3,2
141,353,3,2
141,354,3,2
141,355,3,2
141,356,3,2
141,357,3,2
141,358,3,2
141,359,3,2
141,360,3,2
141,361,3,2
141,362,3,2
141,363,3,2
141,364,3,2
141,365,3,2
141,366,3,2
141,367,3,2
141,368,3,2
141,369,3,2
141,370,3,2
141,371,3,2
141,372,3,2
141,373,3,2
141,374,3,2
141,375,3,2
141,376,3,2
141,377,3,2
141,378,3,2
141,379,3,2
141,380,3,2
141,381,3,2
141,382,3,2
141,383,3,2
141,384,3,2
141,385,3,2
141,386,3,2
141,387,3,2
141,388,3,2
141,389,3,2
141,390,3,2
141,391,3,2
141,392,3,2
141,393,3,2
141,394,3,2
141,395,3,2
141,396,3,2
141,397,3,2
141,398,3,2
141,399,3,2
141,400,3,2
141,401,3,2
141,402,3,2
141,403,3,2
141,404,3,2
141,405,3,2
141,406,3,2
141,407,3,2
141,408,3,2
141,409,3,2
141,410,3,2
141,411,3,2
141,412,3,2
141,413,3,3
142,95,3,2
142,96,3,2
142,97,3,2
142,98,3,2
142,99,3,2
142,100,3,2
142,101,3,2
142,102,3,2
142,103,3,2
142,104,3,2
142,105,3,2
142,106,3,3
142,107,3,3
142,108,3,3
142,109,3,3
142,110,3,3
142,111,3,2
142,112,3,2
142,113,3,2
142,114,3,2
142,115,3,2
142,116,3,2
142,117,3,2
142,118,3,2
142,119,3,2
142,120,3,2
142,121,3,2
142,122,3,2
142,123,3,2
142,124,3,2
142,125,3,2
142,126,3,2
142,127,3,2
142,128,3,2
142,129,3,2
142,130,3,2
142,131,3,2
142,132,3,2
142,133,3,2
142,134,3,2
142,135,3,2
142,136,3,2
142,137,3,2
142,138,3,2
142,139,3,2
142,140,3,2
142,141,3,2
142,142,3,2
142,143,3,2
142,144,3,2
142,145,3,2
142,146,3,2
142,147,3,2
142,148,3,2
142,149,3,2
142,150,3,2
142,151,3,2
142,152,3,2
142,153,3,2
142,154,3,2
142,155,3,2
142,156,3,2
142,157,3,2
142,158,3,2
142,159,3,2
142,160,3,2
142,161,3,2
142,162,3,2
142,163,3,2
142,164,3,2
142,165,3,2
142,166,3,2
142,167,3,2
142,168,3,2
142,169,3,2
142,170,3,2
142,171,3,2
142,172,3,2
142,173,3,2
142,174,3,2
142,175,3,2
142,176,3,2
142,177,3,2
142,178,3,2
142,179,3,2
142,180,3,2
142,181,3,3
142,182,3,3
142,183,3,3
142,184,3,3
142,185,3,3
142,186,3,3
142,187,3,3
142,188,3,3
142,189,3,3
142,190,3,3
142,191,3,3
142,192,3,3
142,193,3,3
142,194,3,3
142,195,3,3
142,196,3,3
142,197,3,3
142,198,3,3
142,199,3,3
142,200,3,3
142,201,3,3
142,202,3,3
142,203,3,3
142,204,3,3
142,205,3,3
142,206,3,3
142,207,3,3
142,208,3,3
142,209,3,3
142,210,3,3
142,211,3,3
142,212,3,3
142,213,3,3
142,214,3,2
142,215,3,2
142,216,3,2
142,217,3,2
142,218,3,2
142,219,3,2
142,220,3,2
142,221,3,3
142,222,3,3
142,223,3,3
142,224,3,3
142,225,3,3
142,226,3,3
142,227,3,3
142,228,3,3
142,229,3,3
142,230,3,3
142,231,3,3
142,232,3,3
142,233,3,3
142,234,3,3
142,235,3,3
142,236,3,3
142,237,3,3
142,238,3,3
142,239,3,3
142,240,3,3
142,241,3,3
142,242,3,3
142,243,3,3
142,244,3,3
142,245,3,3
142,246,3,3
142,247,3,3
142,248,3,3
142,249,3,3
142,250,3,3
142,251,3,3
142,252,3,3
142,253,3,3
142,254,3,3
142,255,3,3
142,256,3,3
142,257,3,3
142,258,3,3
142,259,3,3
142,260,3,3
142,261,3,3
142,262,3,3
142,263,3,3
142,264,3,3
142,265,3,3
142,266,3,3
142,267,3,3
142,268,3,3
142,269,3,3
142,270,3,3
142,271,3,3
142,272,3,3
142,273,3,3
142,274,3,3
142,275,3,3
142,276,3,3
142,277,3,3
142,278,3,3
142,279,3,3
142,280,3,3
142,281,3,3
142,282,3,3
142,283,3,3
142,284,3,3
142,285,3,3
142,286,3,3
142,287,3,3
142,288,3,3
142,289,3,3
142,290,3,3
142,291,3,3
142,292,3,3
142,293,3,3
142,294,3,3
142,295,3,3
142,296,3,3
142,297,3,3
142,298,3,3
142,299,3,3
142,300,3,3
142,301,3,3
142,302,3,3
142,303,3,3
142,304,3,3
142,305,3,3
142,306,3,3
142,307,3,3
142,308,3,3
142,309,3,3
142,310,3,3
142,311,3,3
142,312,3,3
142,313,3,3
142,314,3,3
142,315,3,3
142,316,3,3
142,317,3,2
142,318,3,2
142,319,3,2
142,320,3,2
142,321,3,2
142,322,3,2
142,323,3,2
142,324,3,2
142,325,3,2
142,326,3,2
142,327,3,2
142,328,3,2
142,329,3,2
142,330,3,2
142,331,3,2
142,332,3,2
142,333,3,2
142,334,3,2
142,335,3,2
142,336,3,2
142,337,3,2
142,338,3,2
142,339,3,2
142,340,3,2
142,341,3,2
142,342,3,2
142,343,3,2
142,344,3,2
142,345,3,2
142,346,3,2
142,347,3,2
142,348,3,2
142,349,3,2
142,350,3,2
142,351,3,2
142,352,3,2
142,353,3,2
142,354,3,2
142,355,3,2
142,356,3,2
142,357,3,2
142,358,3,2
142,359,3,2
142,360,3,2
142,361,3,2
142,362,3,2
142,363,3,2
142,364,3,2
142,365,3,2
142,366,3,2
142,367,3,2
142,368,3,2
142,369,3,2
142,370,3,2
142,371,3,2
142,372,3,2
142,373,3,2
142,374,3,2
142,375,3,2
142,376,3,2
142,377,3,2
142,378,3,2
142,379,3,2
142,380,3,2
142,381,3,2
142,382,3,2
142,383,3,2
142,384,3,2
142,385,3,2
142,386,3,2
142,387,3,2
142,388,3,2
142,389,3,2
142,390,3,2
142,391,3,2
142,392,3,2
142,393,3,2
142,394,3,2
142,395,3,2
142,396,3,2
142,397,3,2
142,398,3,2
142,399,3,2
142,400,3,2
142,401,3,2
142,402,3,2
142,403,3,2
142,404,3,2
142,405,3,2
142,406,3,2
142,407,3,2
142,408,3,2
142,409,3,2
142,410,3,2
142,411,3,2
142,412,3,3
143,94,3,2
143,95,3,2
143,96,3,2
143,97,3,2
143,98,3,2
143,99,3,2
143,100,3,2
143,101,3,2
143,102,3,2
143,103,3,2
143,104,3,2
143,105,3,3
143,106,3,3
143,107,3,3
143,108,3,3
143,109,3,3
143,110,3,3
143,111,3,3
143,112,3,3
143,113,3,3
143,114,3,3
143,115,3,2
143,116,3,2
143,117,3,2
143,118,3,2
143,119,3,2
143,120,3,2
143,121,3,2
143,122,3,2
143,123,3,2
143,124,3,2
143,125,3,2
143,126,3,2
143,127,3,2
143,128,3,2
143,129,3,2
143,130,3,2
143,131,3,2
143,132,3,2
143,133,3,2
143,134,3,2
143,135,3,2
143,136,3,2
143,137,3,2
143,138,3,2
143,139,3,2
143,140,3,2
143,141,3,2
143,142,3,2
143,143,3,2
143,144,3,2
143,145,3,2
143,146,3,2
143,147,3,2
143,148,3,2
143,149,3,2
143,150,3,2
143,151,3,2
143,152,3,2
143,153,3,2
143,154,3,2
143,155,3,2
143,156,3,2
143,157,3,2
143,158,3,2
143,159,3,2
143,160,3,2
143,161,3,2
143,162,3,2
143,163,3,2
143,164,3,2
143,165,3,2
143,166,3,2
143,167,3,2
143,168,3,2
143,169,3,2
143,170,3,2
143,171,3,2
143,172,3,2
143,173,3,2
143,174,3,2
143,175,3,2
143,176,3,2
143,177,3,2
143,178,3,2
143,179,3,2
143,180,3,3
143,181,3,3
143,182,3,3
143,183,3,3
143,184,3,3
143,185,3,3
143,186,3,3
143,187,3,3
143,188,3,3
143,189,3,3
143,190,3,3
143,191,3,3
143,192,3,3
143,193,3,3
143,194,3,3
143,195,3,3
143,196,3,3
143,197,3,3
143,198,3,3
143,199,3,3
143,200,3,3
143,201,3,3
143,202,3,3
143,203,3,3
143,204,3,3
143,205,3,3
143,206,3,3
143,207,3,3
143,208,3,3
143,209,3,3
143,210,3,3
143,211,3,3
143,212,3,3
143,213,3,3
143,214,3,3
143,215,3,2
143,216,3,2
143,217,3,2
143,218,3,2
143,219,3,2
143,220,3,2
143,221,3,3
143,222,3,3
143,223,3,3
143,224,3,3
143,225,3,3
143,226,3,3
143,227,3,3
143,228,3,3
143,229,3,3
143,230,3,3
143,231,3,3
143,232,3,3
143,233,3,3
143,234,3,3
143,235,3,3
143,236,3,3
143,237,3,3
143,238,3,3
143,239,3,3
143,240,3,3
143,241,3,3
143,242,3,3
143,243,3,3
143,244,3,3
143,245,3,3
143,246,3,3
143,247,3,3
143,248,3,3
143,249,3,3
143,250,3,3
143,251,3,3
143,252,3,3
143,253,3,3
143,254,3,3
143,255,3,3
143,256,3,3
143,257,3,3
143,258,3,3
143,259,3,3
143,260,3,3
143,261,3,3
143,262,3,3
143,263,3,3
143,264,3,3
143,265,3,3
143,266,3,3
143,267,3,3
143,268,3,3
143,269,3,3
143,270,3,3
143,271,3,3
143,272,3,3
143,273,3,3
143,274,3,3
143,275,3,3
143,276,3,3
143,277,3,3
143,278,3,3
143,279,3,3
143,280,3,3
143,281,3,3
143,282,3,3
143,283,3,3
143,284,3,3
143,285,3,3
143,286,3,3
143,287,3,3
143,288,3,3
143,289,3,3
143,290,3,3
143,291,3,3
143,292,3,3
143,293,3,3
143,294,3,3
143,295,3,3
143,296,3,3
143,297,3,3
143,298,3,3
143,299,3,3
143,300,3,3
143,301,3,3
143,302,3,3
143,303,3,3
143,304,3,3
143,305,3,3
143,306,3,3
143,307,3,3
143,308,3,3
143,309,3,3
143,310,3,3
143,311,3,3
143,312,3,3
143,313,3,3
143,314,3,3
143,315,3,3
143,316,3,3
143,317,3,2
143,318,3,2
143,319,3,2
143,320,3,2
143,321,3,2
143,322,3,2
143,323,3,2
143,324,3,2
143,325,3,2
143,326,3,2
143,327,3,2
143,328,3,2
143,329,3,2
143,330,3,2
143,331,3,2
143,332,3,2
143,333,3,2
143,334,3,2
143,335,3,2
143,336,3,2
143,337,3,2
143,338,3,2
143,339,3,2
143,340,3,2
143,341,3,2
143,342,3,2
143,343,3,2
143,344,3,2
143,345,3,2
143,346,3,2
143,347,3,2
143,348,3,2
143,349,3,2
143,350,3,2
143,351,3,2
143,352,3,2
143,353,3,2
143,354,3,2
143,355,3,2
143,356,3,2
143,357,3,2
143,358,3,2
143,359,3,2
143,360,3,2
143,361,3,2
143,362,3,2
143,363,3,2
143,364,3,2
143,365,3,2
143,366,3,2
143,367,3,2
143,368,3,2
143,369,3,2
143,370,3,2
143,371,3,2
143,372,3,2
143,373,3,2
143,374,3,2
143,375,3,2
143,376,3,2
143,377,3,2
143,378,3,2
143,379,3,2
143,380,3,2
143,381,3,2
143,382,3,2
143,383,3,2
143,384,3,2
143,385,3,2
143,386,3,2
143,387,3,2
143,388,3,2
143,389,3,2
143,390,3,2
143,391,3,2
143,392,3,2
143,393,3,2
143,394,3,2
143,395,3,2
143,396,3,2
143,397,3,2
143,398,3,2
143,399,3,2
143,400,3,2
143,401,3,2
143,402,3,2
143,403,3,2
143,404,3,2
143,405,3,2
143,406,3,2
143,407,3,2
143,408,3,2
143,409,3,3
143,410,3,3
143,411,3,3
144,94,3,2
144,95,3,2
144,96,3,2
144,97,3,2
144,98,3,2
144,99,3,2
144,100,3,2
144,101,3,2
144,102,3,2
144,103,3,2
144,104,3,2
144,105,3,3
144,106,3,3
144,107,3,3
144,108,3,3
144,109,3,3
144,110,3,3
144,111,3,3
144,112,3,3
144,113,3,3
144,114,3,3
144,115,3,2
144,116,3,2
144,117,3,2
144,118,3,2
144,119,3,2
144,120,3,2
144,121,3,2
144,122,3,2
144,123,3,2
144,124,3,2
144,125,3,2
144,126,3,2
144,127,3,2
144,128,3,2
144,129,3,2
144,130,3,2
144,131,3,2
144,132,3,2
144,133,3,2
144,134,3,2
144,135,3,2
144,136,3,2
144,137,3,2
144,138,3,2
144,139,3,2
144,140,3,2
144,141,3,2
144,142,3,2
144,143,3,2
144,144,3,2
144,145,3,2
144,146,3,2
144,147,3,2
144,148,3,2
144,149,3,2
144,150,3,2
144,151,3,2
144,152,3,2
144,153,3,2
144,154,3,2
144,155,3,2
144,156,3,2
144,157,3,2
144,158,3,2
144,159,3,2
144,160,3,2
144,161,3,2
144,162,3,2
144,163,3,2
144,164,3,2
144,165,3,2
144,166,3,2
144,167,3,2
144,168,3,2
144,169,3,2
144,170,3,2
144,171,3,2
144,172,3,2
144,173,3,2
144,174,3,2
144,175,3,2
144,176,3,2
144,177,3,2
144,178,3,2
144,179,3,2
144,180,3,3
144,181,3,3
144,182,3,3
144,183,3,3
144,184,3,3
144,185,3,3
144,186,3,3
144,187,3,3
144,188,3,3
144,189,3,3
144,190,3,3
144,191,3,3
144,192,3,3
144,193,3,3
144,194,3,3
144,195,3,3
144,196,3,3
144,197,3,3
144,198,3,3
144,199,3,3
144,200,3,3
144,201,3,3
144,202,3,3
144,203,3,3
144,204,3,3
144,205,3,3
144,206,3,3
144,207,3,3
144,208,3,3
144,209,3,3
144,210,3,3
144,211,3,3
144,212,3,3
144,213,3,3
144,214,3,3
144,215,3,2
144,216,3,2
144,217,3,2
144,218,3,2
144,219,3,2
144,220,3,2
144,221,3,2
144,222,3,3
144,223,3,3
144,224,3,3
144,225,3,3
144,226,3,3
144,227,3,3
144,228,3,3
144,229,3,3
144,230,3,3
144,231,3,3
144,232,3,3
144,233,3,3
144,234,3,3
144,235,3,3
144,236,3,3
144,237,3,3
144,238,3,3
144,239,3,3
144,240,3,3
144,241,3,3
144,242,3,3
144,243,3,3
144,244,3,3
144,245,3,3
144,246,3,3
144,247,3,3
144,248,3,3
144,249,3,3
144,250,3,3
144,251,3,3
144,252,3,3
144,253,3,3
144,254,3,3
144,255,3,3
144,256,3,3
144,257,3,3
144,258,3,3
144,259,3,3
144,260,3,3
144,261,3,3
144,262,3,3
144,263,3,3
144,264,3,3
144,265,3,3
144,266,3,3
144,267,3,3
144,268,3,3
144,269,3,3
144,270,3,3
144,271,3,3
144,272,3,3
144,273,3,3
144,274,3,3
144,275,3,3
144,276,3,3
144,277,3,3
144,278,3,3
144,279,3,3
144,280,3,3
144,281,3,3
144,282,3,3
144,283,3,3
144,284,3,3
144,285,3,3
144,286,3,3
144,287,3,3
144,288,3,3
144,289,3,3
144,290,3,3
144,291,3,3
144,292,3,3
144,293,3,3
144,294,3,3
144,295,3,3
144,296,3,3
144,297,3,3
144,298,3,3
144,299,3,3
144,300,3,3
144,301,3,3
144,302,3,3
144,303,3,3
144,304,3,3
144,305,3,3
144,306,3,3
144,307,3,3
144,308,3,3
144,309,3,3
144,310,3,3
144,311,3,3
144,312,3,3
144,313,3,3
144,314,3,3
144,315,3,3
144,316,3,2
144,317,3,2
144,318,3,2
144,319,3,2
144,320,3,2
144,321,3,2
144,322,3,2
144,323,3,2
144,324,3,2
144,325,3,2
144,326,3,2
144,327,3,2
144,328,3,2
144,329,3,2
144,330,3,2
144,331,3,2
144,332,3,2
144,333,3,2
144,334,3,2
144,335,3,2
144,336,3,2
144,337,3,2
144,338,3,2
144,339,3,2
144,340,3,2
144,341,3,2
144,342,3,2
144,343,3,2
144,344,3,2
144,345,3,2
144,346,3,2
144,347,3,2
144,348,3,2
144,349,3,2
144,350,3,2
144,351,3,2
144,352,3,2
144,353,3,2
144,354,3,2
144,355,3,2
144,356,3,2
144,357,3,2
144,358,3,2
144,359,3,2
144,360,3,2
144,361,3,2
144,362,3,2
144,363,3,2
144,364,3,2
144,365,3,2
144,366,3,2
144,367,3,2
144,368,3,2
144,369,3,2
144,370,3,2
144,371,3,2
144,372,3,2
144,373,3,2
144,374,3,2
144,375,3,2
144,376,3,2
144,377,3,2
144,378,3,2
144,379,3,2
144,380,3,2
144,381,3,2
144,382,3,2
144,383,3,2
144,384,3,2
144,385,3,2
144,386,3,2
144,387,3,2
144,388,3,2
144,389,3,2
144,390,3,2
144,391,3,2
144,392,3,2
144,393,3,2
144,394,3,2
144,395,3,2
144,396,3,2
144,397,3,2
144,398,3,2
144,399,3,2
144,400,3,2
144,401,3,2
144,402,3,2
144,403,3,2
144,404,3,2
144,405,3,2
144,406,3,2
144,407,3,2
144,408,3,2
144,409,3,2
144,410,3,3
145,94,3,2
145,95,3,2
145,96,3,2
145,97,3,2
145,98,3,2
145,99,3,2
145,100,3,2
145,101,3,2
145,102,3,2
145,103,3,2
145,104,3,2
145,105,3,3
145,106,3,3
145,107,3,3
145,108,3,3
145,109,3,3
145,110,3,3
145,111,3,3
145,112,3,3
145,113,3,3
145,114,3,3
145,115,3,2
145,116,3,2
145,117,3,2
145,118,3,2
145,119,3,2
145,120,3,2
145,121,3,2
145,122,3,2
145,123,3,2
145,124,3,2
145,125,3,2
145,126,3,2
145,127,3,2
145,128,3,2
145,129,3,2
145,130,3,2
145,131,3,2
145,132,3,2
145,133,3,2
145,134,3,2
145,135,3,2
145,136,3,2
145,137,3,2
145,138,3,2
145,139,3,2
145,140,3,2
145,141,3,2
145,142,3,2
145,143,3,2
145,144,3,2
145,145,3,2
145,146,3,2
145,147,3,2
145,148,3,2
145,149,3,2
145,150,3,2
145,151,3,2
145,152,3,2
145,153,3,2
145,154,3,2
145,155,3,2
145,156,3,2
145,157,3,2
145,158,3,2
145,159,3,2
145,160,3,2
145,161,3,2
145,162,3,2
145,163,3,2
145,164,3,2
145,165,3,2
145,166,3,2
145,167,3,2
145,168,3,2
145,169,3,2
145,170,3,2
145,171,3,2
145,172,3,2
145,173,3,2
145,174,3,2
145,175,3,2
145,176,3,2
145,177,3,2
145,178,3,2
145,179,3,2
145,180,3,3
145,181,3,3
145,182,3,3
145,183,3,3
145,184,3,3
145,185,3,3
145,186,3,3
145,187,3,3
145,188,3,3
145,189,3,3
145,190,3,3
145,191,3,3
145,192,3,3
145,193,3,3
145,194,3,3
145,195,3,3
145,196,3,3
145,197,3,3
145,198,3,3
145,199,3,3
145,200,3,3
145,201,3,3
145,202,3,3
145,203,3,3
145,204,3,3
145,205,3,3
145,206,3,3
145,207,3,3
145,208,3,3
145,209,3,3
145,210,3,3
145,211,3,3
145,212,3,3
145,213,3,3
145,214,3,3
145,215,3,2
145,216,3,2
145,217,3,2
145,218,3,2
145,219,3,2
145,220,3,2
145,221,3,2
145,222,3,3
145,223,3,3
145,224,3,3
145,225,3,3
145,226,3,3
145,227,3,3
145,228,3,3
145,229,3,3
145,230,3,3
145,231,3,3
145,232,3,3
145,233,3,3
145,234,3,3
145,235,3,3
145,236,3,3
145,237,3,3
145,238,3,3
145,239,3,3
145,240,3,3
145,241,3,3
145,242,3,3
145,243,3,3
145,244,3,3
145,245,3,3
145,246,3,3
145,247,3,3
145,248,3,3
145,249,3,3
145,250,3,3
145,251,3,3
145,252,3,3
145,253,3,3
145,254,3,3
145,255,3,3
145,256,3,3
145,257,3,3
145,258,3,3
145,259,3,3
145,260,3,3
145,261,3,3
145,262,3,3
145,263,3,3
145,264,3,3
145,265,3,3
145,266,3,3
145,267,3,3
145,268,3,3
145,269,3,3
145,270,3,3
145,271,3,3
145,272,3,3
145,273,3,3
145,274,3,3
145,275,3,3
145,276,3,3
145,277,3,3
145,278,3,3
145,279,3,3
145,280,3,3
145,281,3,3
145,282,3,3
145,283,3,3
145,284,3,3
145,285,3,3
145,286,3,3
145,287,3,3
145,288,3,3
145,289,3,3
145,290,3,3
145,291,3,3
145,292,3,3
145,293,3,3
145,294,3,3
145,295,3,3
145,296,3,3
145,297,3,3
145,298,3,3
145,299,3,3
145,300,3,3
145,301,3,3
145,302,3,3
145,303,3,3
145,304,3,3
145,305,3,3
145,306,3,3
145,307,3,3
145,308,3,3
145,309,3,3
145,310,3,3
145,311,3,3
145,312,3,3
145,313,3,3
145,314,3,3
145,315,3,3
145,316,3,2
145,317,3,2
145,318,3,2
145,319,3,2
145,320,3,2
145,321,3,2
145,322,3,2
145,323,3,2
145,324,3,2
145,325,3,2
145,326,3,2
145,327,3,2
145,328,3,2
145,329,3,2
145,330,3,2
145,331,3,2
145,332,3,2
145,333,3,2
145,334,3,2
145,335,3,2
145,336,3,2
145,337,3,2
145,338,3,2
145,339,3,2
145,340,3,2
145,341,3,2
145,342,3,2
145,343,3,2
145,344,3,2
145,345,3,2
145,346,3,2
145,347,3,2
145,348,3,2
145,349,3,2
145,350,3,2
145,351,3,2
145,352,3,2
145,353,3,2
145,354,3,2
145,355,3,2
145,356,3,2
145,357,3,2
145,358,3,2
145,359,3,2
145,360,3,2
145,361,3,2
145,362,3,2
145,363,3,2
145,364,3,2
145,365,3,2
145,366,3,2
145,367,3,2
145,368,3,2
145,369,3,2
145,370,3,2
145,371,3,2
145,372,3,2
145,373,3,2
145,374,3,2
145,375,3,2
145,376,3,2
145,377,3,2
145,378,3,2
145,379,3,2
145,380,3,2
145,381,3,2
145,382,3,2
145,383,3,2
145,384,3,2
145,385,3,2
145,386,3,2
145,387,3,2
145,388,3,2
145,389,3,2
145,390,3,2
145,391,3,2
145,392,3,2
145,393,3,2
145,394,3,2
145,395,3,2
145,396,3,2
145,397,3,2
145,398,3,2
145,399,3,2
145,400,3,2
145,401,3,2
145,402,3,2
145,403,3,2
145,404,3,2
145,405,3,2
145,406,3,2
145,407,3,2
145,408,3,2
145,409,3,3
146,93,3,2
146,94,3,2
146,95,3,2
146,96,3,2
146,97,3,2
146,98,3,2
146,99,3,2
146,100,3,2
146,101,3,2
146,102,3,2
146,103,3,2
146,104,3,2
146,105,3,3
146,106,3,3
146,107,3,3
146,108,3,3
146,109,3,3
146,110,3,3
146,111,3,3
146,112,3,3
146,113,3,3
146,114,3,2
146,115,3,2
146,116,3,2
146,117,3,2
146,118,3,2
146,119,3,2
146,120,3,2
146,121,3,2
146,122,3,2
146,123,3,2
146,124,3,2
146,125,3,2
146,126,3,2
146,127,3,2
146,128,3,2
146,129,3,2
146,130,3,2
146,131,3,2
146,132,3,2
146,133,3,2
146,134,3,2
146,135,3,2
146,136,3,2
146,137,3,2
146,138,3,2
146,139,3,2
146,140,3,2
146,141,3,2
146,142,3,2
146,143,3,2
146,144,3,2
146,145,3,2
146,146,3,2
146,147,3,2
146,148,3,2
146,149,3,2
146,150,3,2
146,151,3,2
146,152,3,2
146,153,3,2
146,154,3,2
146,155,3,2
146,156,3,2
146,157,3,2
146,158,3,2
146,159,3,2
146,160,3,2
146,161,3,2
146,162,3,2
146,163,3,2
146,164,3,2
146,165,3,2
146,166,3,2
146,167,3,2
146,168,3,2
146,169,3,2
146,170,3,2
146,171,3,2
146,172,3,2
146,173,3,2
146,174,3,2
146,175,3,2
146,176,3,2
146,177,3,2
146,178,3,2
146,179,3,2
146,180,3,3
146,181,3,3
146,182,3,3
146,183,3,3
146,184,3,3
146,185,3,3
146,186,3,3
146,187,3,3
146,188,3,3
146,189,3,3
146,190,3,3
146,191,3,3
146,192,3,3
146,193,3,3
146,194,3,3
146,195,3,3
146,196,3,3
146,197,3,3
146,198,3,3
146,199,3,3
146,200,3,3
146,201,3,3
146,202,3,3
146,203,3,3
146,204,3,3
146,205,3,3
146,206,3,3
146,207,3,3
146,208,3,3
146,209,3,3
146,210,3,3
146,211,3,3
146,212,3,3
146,213,3,3
146,214,3,3
146,215,3,2
146,216,3,2
146,217,3,2
146,218,3,2
146,219,3,2
146,220,3,2
146,221,3,2
146,222,3,2
146,223,3,3
146,224,3,3
146,225,3,3
146,226,3,3
146,227,3,3
146,228,3,3
146,229,3,3
146,230,3,3
146,231,3,3
146,232,3,3
146,233,3,3
146,234,3,3
146,235,3,3
146,236,3,3
146,237,3,3
146,238,3,3
146,239,3,3
146,240,3,3
146,241,3,3
146,242,3,3
146,243,3,3
146,244,3,3
146,245,3,3
146,246,3,3
146,247,3,3
146,248,3,3
146,249,3,3
146,250,3,3
146,251,3,3
146,252,3,3
146,253,3,3
146,254,3,3
146,255,3,3
146,256,3,3
146,257,3,3
146,258,3,3
146,259,3,3
146,260,3,3
146,261,3,3
146,262,3,3
146,263,3,3
146,264,3,3
146,265,3,3
146,266,3,3
146,267,3,3
146,268,3,3
146,269,3,3
146,270,3,3
146,271,3,3
146,272,3,3
146,273,3,3
146,274,3,3
146,275,3,3
146,276,3,3
146,277,3,3
146,278,3,3
146,279,3,3
146,280,3,3
146,281,3,3
146,282,3,3
146,283,3,3
146,284,3,3
146,285,3,3
146,286,3,3
146,287,3,3
146,288,3,3
146,289,3,3
146,290,3,3
146,291,3,3
146,292,3,3
146,293,3,3
146,294,3,3
146,295,3,3
146,296,3,3
146,297,3,3
146,298,3,3
146,299,3,3
146,300,3,3
146,301,3,3
146,302,3,3
146,303,3,3
146,304,3,3
146,305,3,3
146,306,3,3
146,307,3,3
146,308,3,3
146,309,3,3
146,310,3,3
146,311,3,3
146,312,3,3
146,313,3,3
146,314,3,2
146,315,3,2
146,316,3,2
146,317,3,2
146,318,3,2
146,319,3,2
146,320,3,2
146,321,3,2
146,322,3,2
146,323,3,2
146,324,3,2
146,325,3,2
146,326,3,2
146,327,3,2
146,328,3,2
146,329,3,2
146,330,3,2
146,331,3,2
146,332,3,2
146,333,3,2
146,334,3,2
146,335,3,2
146,336,3,2
146,337,3,2
146,338,3,2
146,339,3,2
146,340,3,2
146,341,3,2
146,342,3,2
146,343,3,2
146,344,3,2
146,345,3,2
146,346,3,2
146,347,3,2
146,348,3,2
146,349,3,2
146,350,3,2
146,351,3,2
146,352,3,2
146,353,3,2
146,354,3,2
146,355,3,2
146,356,3,2
146,357,3,2
146,358,3,2
146,359,3,2
146,360,3,2
146,361,3,2
146,362,3,2
146,363,3,2
146,364,3,2
146,365,3,2
146,366,3,2
146,367,3,2
146,368,3,2
146,369,3,2
146,370,3,2
146,371,3,2
146,372,3,2
146,373,3,2
146,374,3,2
146,375,3,2
146,376,3,2
146,377,3,2
146,378,3,2
146,379,3,2
146,380,3,2
146,381,3,2
146,382,3,2
146,383,3,2
146,384,3,2
146,385,3,2
146,386,3,2
146,387,3,2
146,388,3,2
146,389,3,2
146,390,3,2
146,391,3,2
146,392,3,2
146,393,3,2
146,394,3,2
146,395,3,2
146,396,3,2
146,397,3,2
146,398,3,2
146,399,3,2
146,400,3,2
146,401,3,2
146,402,3,2
146,403,3,2
146,404,3,2
146,405,3,2
146,406,3,2
146,407,3,2
146,408,3,3
147,93,3,2
147,94,3,2
147,95,3,2
147,96,3,2
147,97,3,2
147,98,3,2
147,99,3,2
147,100,3,2
147,101,3,2
147,102,3,2
147,103,3,2
147,104,3,2
147,105,3,3
147,106,3,3
147,107,3,3
147,108,3,3
147,109,3,3
147,110,3,3
147,111,3,3
147,112,3,3
147,113,3,2
147,114,3,2
147,115,3,2
147,116,3,2
147,117,3,2
147,118,3,2
147,119,3,2
147,120,3,2
147,121,3,2
147,122,3,2
147,123,3,2
147,124,3,2
147,125,3,2
147,126,3,2
147,127,3,2
147,128,3,2
147,129,3,2
147,130,3,2
147,131,3,2
147,132,3,2
147,133,3,2
147,134,3,2
147,135,3,2
147,136,3,2
147,137,3,2
147,138,3,2
147,139,3,2
147,140,3,2
147,141,3,2
147,142,3,2
147,143,3,2
147,144,3,2
147,145,3,2
147,146,3,2
147,147,3,2
147,148,3,2
147,149,3,2
147,150,3,2
147,151,3,2
147,152,3,2
147,153,3,2
147,154,3,2
147,155,3,2
147,156,3,2
147,157,3,2
147,158,3,2
147,159,3,2
147,160,3,2
147,161,3,2
147,162,3,2
147,163,3,2
147,164,3,2
147,165,3,2
147,166,3,2
147,167,3,2
147,168,3,2
147,169,3,2
147,170,3,2
147,171,3,2
147,172,3,2
147,173,3,2
147,174,3,2
147,175,3,2
147,176,3,2
147,177,3,2
147,178,3,2
147,179,3,3
147,180,3,3
147,181,3,3
147,182,3,3
147,183,3,3
147,184,3,3
147,185,3,3
147,186,3,3
147,187,3,3
147,188,3,3
147,189,3,3
147,190,3,3
147,191,3,3
147,192,3,3
147,193,3,3
147,194,3,3
147,195,3,3
147,196,3,3
147,197,3,3
147,198,3,3
147,199,3,3
147,200,3,3
147,201,3,3
147,202,3,3
147,203,3,3
147,204,3,3
147,205,3,3
147,206,3,3
147,207,3,3
147,208,3,3
147,209,3,3
147,210,3,3
147,211,3,3
147,212,3,3
147,213,3,3
147,214,3,3
147,215,3,2
147,216,3,2
147,217,3,2
147,218,3,2
147,219,3,2
147,220,3,2
147,221,3,2
147,222,3,2
147,223,3,3
147,224,3,3
147,225,3,3
147,226,3,3
147,227,3,3
147,228,3,3
147,229,3,3
147,230,3,3
147,231,3,3
147,232,3,3
147,233,3,3
147,234,3,3
147,235,3,3
147,236,3,3
147,237,3,3
147,238,3,3
147,239,3,3
147,240,3,3
147,241,3,3
147,242,3,3
147,243,3,3
147,244,3,3
147,245,3,3
147,246,3,3
147,247,3,3
147,248,3,3
147,249,3,3
147,250,3,3
147,251,3,3
147,252,3,3
147,253,3,3
147,254,3,3
147,255,3,3
147,256,3,3
147,257,3,3
147,258,3,3
147,259,3,3
147,260,3,3
147,261,3,3
147,262,3,3
147,263,3,3
147,264,3,3
147,265,3,3
147,266,3,3
147,267,3,3
147,268,3,3
147,269,3,3
147,270,3,3
147,271,3,3
147,272,3,3
147,273,3,3
147,274,3,3
147,275,3,3
147,276,3,3
147,277,3,3
147,278,3,3
147,279,3,3
147,280,3,3
147,281,3,3
147,282,3,3
147,283,3,3
147,284,3,3
147,285,3,3
147,286,3,3
147,287,3,3
147,288,3,3
147,289,3,3
147,290,3,3
147,291,3,3
147,292,3,3
147,293,3,3
147,294,3,3
147,295,3,3
147,296,3,3
147,297,3,3
147,298,3,3
147,299,3,3
147,300,3,3
147,301,3,3
147,302,3,3
147,303,3,3
147,304,3,3
147,305,3,3
147,306,3,3
147,307,3,3
147,308,3,3
147,309,3,3
147,310,3,3
147,311,3,3
147,312,3,3
147,313,3,2
147,314,3,2
147,315,3,2
147,316,3,2
147,317,3,2
147,318,3,2
147,319,3,2
147,320,3,2
147,321,3,2
147,322,3,2
147,323,3,2
147,324,3,2
147,325,3,2
147,326,3,2
147,327,3,2
147,328,3,2
147,329,3,2
147,330,3,2
147,331,3,2
147,332,3,2
147,333,3,2
147,334,3,2
147,335,3,2
147,336,3,2
147,337,3,2
147,338,3,2
147,339,3,2
147,340,3,2
147,341,3,2
147,342,3,2
147,343,3,2
147,344,3,2
147,345,3,2
147,346,3,2
147,347,3,2
147,348,3,2
147,349,3,2
147,350,3,2
147,351,3,2
147,352,3,2
147,353,3,2
147,354,3,2
147,355,3,2
147,356,3,2
147,357,3,2
147,358,3,2
147,359,3,2
147,360,3,2
147,361,3,2
147,362,3,2
147,363,3,2
147,364,3,2
147,365,3,2
147,366,3,2
147,367,3,2
147,368,3,2
147,369,3,2
147,370,3,2
147,371,3,2
147,372,3,2
147,373,3,2
147,374,3,2
147,375,3,2
147,376,3,2
147,377,3,2
147,378,3,2
147,379,3,2
147,380,3,2
147,381,3,2
147,382,3,2
147,383,3,2
147,384,3,2
147,385,3,2
147,386,3,2
147,387,3,2
147,388,3,2
147,389,3,2
147,390,3,2
147,391,3,2
147,392,3,2
147,393,3,2
147,394,3,2
147,395,3,2
147,396,3,2
147,397,3,2
147,398,3,2
147,399,3,2
147,400,3,2
147,401,3,2
147,402,3,2
147,403,3,2
147,404,3,2
147,405,3,2
147,406,3,2
148,93,3,2
148,94,3,2
148,95,3,2
148,96,3,2
148,97,3,2
148,98,3,2
148,99,3,2
148,100,3,2
148,101,3,2
148,102,3,2
148,103,3,2
148,104,3,2
148,105,3,3
148,106,3,3
148,107,3,3
148,108,3,3
148,109,3,3
148,110,3,3
148,111,3,3
148,112,3,3
148,113,3,2
148,114,3,2
148,115,3,2
148,116,3,2
148,117,3,2
148,118,3,2
148,119,3,2
148,120,3,2
148,121,3,2
148,122,3,2
148,123,3,2
148,124,3,2
148,125,3,2
148,126,3,2
148,127,3,2
148,128,3,2
148,129,3,2
148,130,3,2
148,131,3,2
148,132,3,2
148,133,3,2
148,134,3,2
148,135,3,2
148,136,3,2
148,137,3,2
148,138,3,2
148,139,3,2
148,140,3,2
148,141,3,2
148,142,3,2
148,143,3,2
148,144,3,2
148,145,3,2
148,146,3,2
148,147,3,2
148,148,3,2
148,149,3,2
148,150,3,2
148,151,3,2
148,152,3,2
148,153,3,2
148,154,3,2
148,155,3,2
148,156,3,2
148,157,3,2
148,158,3,2
148,159,3,2
148,160,3,2
148,161,3,2
148,162,3,2
148,163,3,2
148,164,3,2
148,165,3,2
148,166,3,2
148,167,3,2
148,168,3,2
148,169,3,2
148,170,3,2
148,171,3,2
148,172,3,2
148,173,3,2
148,174,3,2
148,175,3,2
148,176,3,2
148,177,3,2
148,178,3,2
148,179,3,3
148,180,3,3
148,181,3,3
148,182,3,3
148,183,3,3
148,184,3,3
148,185,3,3
148,186,3,3
148,187,3,3
148,188,3,3
148,189,3,3
148,190,3,3
148,191,3,3
148,192,3,3
148,193,3,3
148,194,3,3
148,195,3,3
148,196,3,3
148,197,3,3
148,198,3,3
148,199,3,3
148,200,3,3
148,201,3,3
148,202,3,3
148,203,3,3
148,204,3,3
148,205,3,3
148,206,3,3
148,207,3,3
148,208,3,3
148,209,3,3
148,210,3,3
148,211,3,3
148,212,3,3
148,213,3,3
148,214,3,3
148,215,3,3
148,216,3,2
148,217,3,2
148,218,3,2
148,219,3,2
148,220,3,2
148,221,3,2
148,222,3,2
148,223,3,2
148,224,3,3
148,225,3,3
148,226,3,3
148,227,3,3
148,228,3,3
148,229,3,3
148,230,3,3
148,231,3,3
148,232,3,3
148,233,3,3
148,234,3,3
148,235,3,3
148,236,3,3
148,237,3,3
148,238,3,3
148,239,3,3
148,240,3,3
148,241,3,3
148,242,3,3
148,243,3,3
148,244,3,3
148,245,3,3
148,246,3,3
148,247,3,3
148,248,3,3
148,249,3,3
148,250,3,3
148,251,3,3
148,252,3,3
148,253,3,3
148,254,3,3
148,255,3,3
148,256,3,3
148,257,3,3
148,258,3,3
148,259,3,3
148,260,3,3
148,261,3,3
148,262,3,3
148,263,3,3
148,264,3,3
148,265,3,3
148,266,3,3
148,267,3,3
148,268,3,3
148,269,3,3
148,270,3,3
148,271,3,3
148,272,3,3
148,273,3,3
148,274,3,3
148,275,3,3
148,276,3,3
148,277,3,3
148,278,3,3
148,279,3,3
148,280,3,3
148,281,3,3
148,282,3,3
148,283,3,3
148,284,3,3
148,285,3,3
148,286,3,3
148,287,3,3
148,288,3,3
148,289,3,3
148,290,3,3
148,291,3,3
148,292,3,3
148,293,3,3
148,294,3,3
148,295,3,3
148,296,3,3
148,297,3,3
148,298,3,3
148,299,3,3
148,300,3,3
148,301,3,3
148,302,3,3
148,303,3,3
148,304,3,3
148,305,3,3
148,306,3,3
148,307,3,3
148,308,3,3
148,309,3,3
148,310,3,3
148,311,3,3
148,312,3,2
148,313,3,2
148,314,3,2
148,315,3,2
148,316,3,2
148,317,3,2
148,318,3,2
148,319,3,2
148,320,3,2
148,321,3,2
148,322,3,2
148,323,3,2
148,324,3,2
148,325,3,2
148,326,3,2
148,327,3,2
148,328,3,2
148,329,3,2
148,330,3,2
148,331,3,2
148,332,3,2
148,333,3,2
148,334,3,2
148,335,3,2
148,336,3,2
148,337,3,2
148,338,3,2
148,339,3,2
148,340,3,2
148,341,3,2
148,342,3,2
148,343,3,2
148,344,3,2
148,345,3,2
148,346,3,2
148,347,3,2
148,348,3,2
148,349,3,2
148,350,3,2
148,351,3,2
148,352,3,2
148,353,3,2
148,354,3,2
148,355,3,2
148,356,3,2
148,357,3,2
148,358,3,2
148,359,3,2
148,360,3,2
148,361,3,2
148,362,3,2
148,363,3,2
148,364,3,2
148,365,3,2
148,366,3,2
148,367,3,2
148,368,3,2
148,369,3,2
148,370,3,2
148,371,3,2
148,372,3,2
148,373,3,2
148,374,3,2
148,375,3,2
148,376,3,2
148,377,3,2
148,378,3,2
148,379,3,2
148,380,3,2
148,381,3,2
148,382,3,2
148,383,3,2
148,384,3,2
148,385,3,2
148,386,3,2
148,387,3,2
148,388,3,2
148,389,3,2
148,390,3,2
148,391,3,2
148,392,3,2
148,393,3,2
148,394,3,2
148,395,3,2
148,396,3,2
148,397,3,2
148,398,3,2
148,399,3,2
148,400,3,2
148,401,3,2
148,402,3,2
148,403,3,2
148,404,3,2
148,405,3,2
149,92,3,2
149,93,3,2
149,94,3,2
149,95,3,2
149,96,3,2
149,97,3,2
149,98,3,2
149,99,3,2
149,100,3,2
149,101,3,2
149,102,3,2
149,103,3,3
149,104,3,3
149,105,3,3
149,106,3,3
149,107,3,3
149,108,3,3
149,109,3,3
149,110,3,3
149,111,3,3
149,112,3,3
149,113,3,2
149,114,3,2
149,115,3,2
149,116,3,2
149,117,3,2
149,118,3,2
149,119,3,2
149,120,3,2
149,121,3,2
149,122,3,2
149,123,3,2
149,124,3,2
149,125,3,2
149,126,3,2
149,127,3,2
149,128,3,2
149,129,3,2
149,130,3,2
149,131,3,2
149,132,3,2
149,133,3,2
149,134,3,2
149,135,3,2
149,136,3,2
149,137,3,2
149,138,3,2
149,139,3,2
149,140,3,2
149,141,3,2
149,142,3,2
149,143,3,2
149,144,3,2
149,145,3,2
149,146,3,2
149,147,3,2
149,148,3,2
149,149,3,2
149,150,3,2
149,151,3,2
149,152,3,2
149,153,3,2
149,154,3,2
149,155,3,2
149,156,3,2
149,157,3,2
149,158,3,2
149,159,3,2
149,160,3,2
149,161,3,2
149,162,3,2
149,163,3,2
149,164,3,2
149,165,3,2
149,166,3,2
149,167,3,2
149,168,3,2
149,169,3,2
149,170,3,2
149,171,3,2
149,172,3,2
149,173,3,2
149,174,3,2
149,175,3,2
149,176,3,2
149,177,3,2
149,178,3,2
149,179,3,3
149,180,3,3
149,181,3,3
149,182,3,3
149,183,3,3
149,184,3,3
149,185,3,3
149,186,3,3
149,187,3,3
149,188,3,3
149,189,3,3
149,190,3,3
149,191,3,3
149,192,3,3
149,193,3,3
149,194,3,3
149,195,3,3
149,196,3,3
149,197,3,3
149,198,3,3
149,199,3,3
149,200,3,3
149,201,3,3
149,202,3,3
149,203,3,3
149,204,3,3
149,205,3,3
149,206,3,3
149,207,3,3
149,208,3,3
149,209,3,3
149,210,3,3
149,211,3,3
149,212,3,3
149,213,3,3
149,214,3,3
149,215,3,3
149,216,3,2
149,217,3,2
149,218,3,2
149,219,3,2
149,220,3,2
149,221,3,2
149,222,3,2
149,223,3,2
149,224,3,3
149,225,3,3
149,226,3,3
149,227,3,3
149,228,3,3
149,229,3,3
149,230,3,3
149,231,3,3
149,232,3,3
149,233,3,3
149,234,3,3
149,235,3,3
149,236,3,3
149,237,3,3
149,238,3,3
149,239,3,3
149,240,3,3
149,241,3,3
149,242,3,3
149,243,3,3
149,244,3,3
149,245,3,3
149,246,3,3
149,247,3,3
149,248,3,3
149,249,3,3
149,250,3,3
149,251,3,3
149,252,3,3
149,253,3,3
149,254,3,3
149,255,3,3
149,256,3,3
149,257,3,3
149,258,3,3
149,259,3,3
149,260,3,3
149,261,3,3
149,262,3,3
149,263,3,3
149,264,3,3
149,265,3,3
149,266,3,3
149,267,3,3
149,268,3,3
149,269,3,3
149,270,3,3
149,271,3,3
149,272,3,3
149,273,3,3
149,274,3,3
149,275,3,3
149,276,3,3
149,277,3,3
149,278,3,3
149,279,3,3
149,280,3,3
149,281,3,3
149,282,3,3
149,283,3,3
149,284,3,3
149,285,3,3
149,286,3,3
149,287,3,3
149,288,3,3
149,289,3,3
149,290,3,3
149,291,3,3
149,292,3,3
149,293,3,3
149,294,3,3
149,295,3,3
149,296,3,3
149,297,3,3
149,298,3,3
149,299,3,3
149,300,3,3
149,301,3,3
149,302,3,3
149,303,3,3
149,304,3,3
149,305,3,3
149,306,3,3
149,307,3,3
149,308,3,3
149,309,3,3
149,310,3,2
149,311,3,2
149,312,3,2
149,313,3,2
149,314,3,2
149,315,3,2
149,316,3,2
149,317,3,2
149,318,3,2
149,319,3,2
149,320,3,2
149,321,3,2
149,322,3,2
149,323,3,2
149,324,3,2
149,325,3,2
149,326,3,2
149,327,3,2
149,328,3,2
149,329,3,2
149,330,3,2
149,331,3,2
149,332,3,2
149,333,3,2
149,334,3,2
149,335,3,2
149,336,3,2
149,337,3,2
149,338,3,2
149,339,3,2
149,340,3,2
149,341,3,2
149,342,3,2
149,343,3,2
149,344,3,2
149,345,3,2
149,346,3,2
149,347,3,2
149,348,3,2
149,349,3,2
149,350,3,2
149,351,3,2
149,352,3,2
149,353,3,2
149,354,3,2
149,355,3,2
149,356,3,2
149,357,3,2
149,358,3,2
149,359,3,2
149,360,3,2
149,361,3,2
149,362,3,2
149,363,3,2
149,364,3,2
149,365,3,2
149,366,3,2
149,367,3,2
149,368,3,2
149,369,3,2
149,370,3,2
149,371,3,2
149,372,3,2
149,373,3,2
149,374,3,2
149,375,3,2
149,376,3,2
149,377,3,2
149,378,3,2
149,379,3,2
149,380,3,2
149,381,3,2
149,382,3,2
149,383,3,2
149,384,3,2
149,385,3,2
149,386,3,2
149,387,3,2
149,388,3,2
149,389,3,2
149,390,3,2
149,391,3,2
149,392,3,2
149,393,3,2
149,394,3,2
149,395,3,2
149,396,3,2
149,397,3,2
149,398,3,2
149,399,3,2
149,400,3,2
149,401,3,2
149,402,3,2
149,403,3,2
149,404,3,2
150,91,3,2
150,92,3,2
150,93,3,2
150,94,3,2
150,95,3,2
150,96,3,2
150,97,3,2
150,98,3,2
150,99,3,2
150,100,3,2
150,101,3,2
150,102,3,2
150,103,3,3
150,104,3,3
150,105,3,3
150,106,3,3
150,107,3,3
150,108,3,3
150,109,3,3
150,110,3,3
150,111,3,3
150,112,3,3
150,113,3,2
150,114,3,2
150,115,3,2
150,116,3,2
150,117,3,2
150,118,3,2
150,119,3,2
150,120,3,2
150,121,3,2
150,122,3,2
150,123,3,2
150,124,3,2
150,125,3,2
150,126,3,2
150,127,3,2
150,128,3,2
150,129,3,2
150,130,3,2
150,131,3,2
150,132,3,2
150,133,3,2
150,134,3,2
150,135,3,2
150,136,3,2
150,137,3,2
150,138,3,2
150,139,3,2
150,140,3,2
150,141,3,2
150,142,3,2
150,143,3,2
150,144,3,2
150,145,3,2
150,146,3,2
150,147,3,2
150,148,3,2
150,149,3,2
150,150,3,2
150,151,3,2
150,152,3,2
150,153,3,2
150,154,3,2
150,155,3,2
150,156,3,2
150,157,3,2
150,158,3,2
150,159,3,2
150,160,3,2
150,161,3,2
150,162,3,2
150,163,3,2
150,164,3,2
150,165,3,2
150,166,3,2
150,167,3,2
150,168,3,2
150,169,3,2
150,170,3,2
150,171,3,2
150,172,3,2
150,173,3,2
150,174,3,2
150,175,3,2
150,176,3,2
150,177,3,2
150,178,3,2
150,179,3,3
150,180,3,3
150,181,3,3
150,182,3,3
150,183,3,3
150,184,3,3
150,185,3,3
150,186,3,3
150,187,3,3
150,188,3,3
150,189,3,3
150,190,3,3
150,191,3,3
150,192,3,3
150,193,3,3
150,194,3,3
150,195,3,3
150,196,3,3
150,197,3,3
150,198,3,3
150,199,3,3
150,200,3,3
150,201,3,3
150,202,3,3
150,203,3,3
150,204,3,3
150,205,3,3
150,206,3,3
150,207,3,3
150,208,3,3
150,209,3,3
150,210,3,3
150,211,3,3
150,212,3,3
150,213,3,3
150,214,3,3
150,215,3,3
150,216,3,2
150,217,3,2
150,218,3,2
150,219,3,2
150,220,3,2
150,221,3,2
150,222,3,2
150,223,3,2
150,224,3,2
150,225,3,3
150,226,3,3
150,227,3,3
150,228,3,3
150,229,3,3
150,230,3,3
150,231,3,3
150,232,3,3
150,233,3,3
150,234,3,3
150,235,3,3
150,236,3,3
150,237,3,3
150,238,3,3
150,239,3,3
150,240,3,3
150,241,3,3
150,242,3,3
150,243,3,3
150,244,3,3
150,245,3,3
150,246,3,3
150,247,3,3
150,248,3,3
150,249,3,3
150,250,3,3
150,251,3,3
150,252,3,3
150,253,3,3
150,254,3,3
150,255,3,3
150,256,3,3
150,257,3,3
150,258,3,3
150,259,3,3
150,260,3,3
150,261,3,3
150,262,3,3
150,263,3,3
150,264,3,3
150,265,3,3
150,266,3,3
150,267,3,3
150,268,3,3
150,269,3,3
150,270,3,3
150,271,3,3
150,272,3,3
150,273,3,3
150,274,3,3
150,275,3,3
150,276,3,3
150,277,3,3
150,278,3,3
150,279,3,3
150,280,3,3
150,281,3,3
150,282,3,3
150,283,3,3
150,284,3,3
150,285,3,3
150,286,3,3
150,287,3,3
150,288,3,3
150,289,3,3
150,290,3,3
150,291,3,3
150,292,3,3
150,293,3,3
150,294,3,3
150,295,3,3
150,296,3,3
150,297,3,3
150,298,3,3
150,299,3,3
150,300,3,3
150,301,3,3
150,302,3,3
150,303,3,3
150,304,3,3
150,305,3,3
150,306,3,3
150,307,3,3
150,308,3,3
150,309,3,2
150,310,3,2
150,311,3,2
150,312,3,2
150,313,3,2
150,314,3,2
150,315,3,2
150,316,3,2
150,317,3,2
150,318,3,2
150,319,3,2
150,320,3,2
150,321,3,2
150,322,3,2
150,323,3,2
150,324,3,2
150,325,3,2
150,326,3,2
150,327,3,2
150,328,3,2
150,329,3,2
150,330,3,2
150,331,3,2
150,332,3,2
150,333,3,2
150,334,3,2
150,335,3,2
150,336,3,2
150,337,3,2
150,338,3,2
150,339,3,2
150,340,3,2
150,341,3,2
150,342,3,2
150,343,3,2
150,344,3,2
150,345,3,2
150,346,3,2
150,347,3,2
150,348,3,2
150,349,3,2
150,350,3,2
150,351,3,2
150,352,3,2
150,353,3,2
150,354,3,2
150,355,3,2
150,356,3,2
150,357,3,2
150,358,3,2
150,359,3,2
150,360,3,2
150,361,3,2
150,362,3,2
150,363,3,2
150,364,3,2
150,365,3,2
150,366,3,2
150,367,3,2
150,368,3,2
150,369,3,2
150,370,3,2
150,371,3,2
150,372,3,2
150,373,3,2
150,374,3,2
150,375,3,2
150,376,3,2
150,377,3,2
150,378,3,2
150,379,3,2
150,380,3,2
150,381,3,2
150,382,3,2
150,383,3,2
150,384,3,2
150,385,3,2
150,386,3,2
150,387,3,2
150,388,3,2
150,389,3,2
150,390,3,2
150,391,3,2
150,392,3,2
150,393,3,2
150,394,3,2
150,395,3,2
150,396,3,2
150,397,3,2
150,398,3,2
150,399,3,2
150,400,3,2
150,401,3,2
150,402,3,2
150,403,3,3
151,91,3,2
151,92,3,2
151,93,3,2
151,94,3,2
151,95,3,2
151,96,3,2
151,97,3,2
151,98,3,2
151,99,3,2
151,100,3,2
151,101,3,3
151,102,3,3
151,103,3,3
151,104,3,3
151,105,3,3
151,106,3,3
151,107,3,3
151,108,3,3
151,109,3,3
151,110,3,3
151,111,3,3
151,112,3,3
151,113,3,3
151,114,3,2
151,115,3,2
151,116,3,2
151,117,3,2
151,118,3,2
151,119,3,2
151,120,3,2
151,121,3,2
151,122,3,2
151,123,3,2
151,124,3,2
151,125,3,2
151,126,3,2
151,127,3,2
151,128,3,2
151,129,3,2
151,130,3,2
151,131,3,2
151,132,3,2
151,133,3,2
151,134,3,2
151,135,3,2
151,136,3,2
151,137,3,2
151,138,3,2
151,139,3,2
151,140,3,2
151,141,3,2
151,142,3,2
151,143,3,2
151,144,3,2
151,145,3,2
151,146,3,2
151,147,3,2
151,148,3,2
151,149,3,2
151,150,3,2
151,151,3,2
151,152,3,2
151,153,3,2
151,154,3,2
151,155,3,2
151,156,3,2
151,157,3,2
151,158,3,2
151,159,3,2
151,160,3,2
151,161,3,2
151,162,3,2
151,163,3,2
151,164,3,2
151,165,3,2
151,166,3,2
151,167,3,2
151,168,3,2
151,169,3,2
151,170,3,2
151,171,3,2
151,172,3,2
151,173,3,2
151,174,3,2
151,175,3,2
151,176,3,2
151,177,3,2
151,178,3,2
151,179,3,3
151,180,3,3
151,181,3,3
151,182,3,3
151,183,3,3
151,184,3,3
151,185,3,3
151,186,3,3
151,187,3,3
151,188,3,3
151,189,3,3
151,190,3,3
151,191,3,3
151,192,3,3
151,193,3,3
151,194,3,3
151,195,3,3
151,196,3,3
151,197,3,3
151,198,3,3
151,199,3,3
151,200,3,3
151,201,3,3
151,202,3,3
151,203,3,3
151,204,3,3
151,205,3,3
151,206,3,3
151,207,3,3
151,208,3,3
151,209,3,3
151,210,3,3
151,211,3,3
151,212,3,3
151,213,3,3
151,214,3,3
151,215,3,3
151,216,3,2
151,217,3,2
151,218,3,2
151,219,3,2
151,220,3,2
151,221,3,2
151,222,3,2
151,223,3,2
151,224,3,3
151,225,3,3
151,226,3,3
151,227,3,3
151,228,3,3
151,229,3,3
151,230,3,3
151,231,3,3
151,232,3,3
151,233,3,3
151,234,3,3
151,235,3,3
151,236,3,3
151,237,3,3
151,238,3,3
151,239,3,3
151,240,3,3
151,241,3,3
151,242,3,3
151,243,3,3
151,244,3,3
151,245,3,3
151,246,3,3
151,247,3,3
151,248,3,3
151,249,3,3
151,250,3,3
151,251,3,3
151,252,3,3
151,253,3,3
151,254,3,3
151,255,3,3
151,256,3,3
151,257,3,3
151,258,3,3
151,259,3,3
151,260,3,3
151,261,3,3
151,262,3,3
151,263,3,3
151,264,3,3
151,265,3,3
151,266,3,3
151,267,3,3
151,268,3,3
151,269,3,3
151,270,3,3
151,271,3,3
151,272,3,3
151,273,3,3
151,274,3,3
151,275,3,3
151,276,3,3
151,277,3,3
151,278,3,3
151,279,3,3
151,280,3,3
151,281,3,3
151,282,3,3
151,283,3,3
151,284,3,3
151,285,3,3
151,286,3,3
151,287,3,3
151,288,3,3
151,289,3,3
151,290,3,3
151,291,3,3
151,292,3,3
151,293,3,3
151,294,3,3
151,295,3,3
151,296,3,3
151,297,3,3
151,298,3,3
151,299,3,3
151,300,3,3
151,301,3,3
151,302,3,3
151,303,3,3
151,304,3,3
151,305,3,3
151,306,3,3
151,307,3,3
151,308,3,2
151,309,3,2
151,310,3,2
151,311,3,2
151,312,3,2
151,313,3,2
151,314,3,2
151,315,3,2
151,316,3,2
151,317,3,2
151,318,3,2
151,319,3,2
151,320,3,2
151,321,3,2
151,322,3,2
151,323,3,2
151,324,3,2
151,325,3,2
151,326,3,2
151,327,3,2
151,328,3,2
151,329,3,2
151,330,3,2
151,331,3,2
151,332,3,2
151,333,3,2
151,334,3,2
151,335,3,2
151,336,3,2
151,337,3,2
151,338,3,2
151,339,3,2
151,340,3,2
151,341,3,2
151,342,3,2
151,343,3,2
151,344,3,2
151,345,3,2
151,346,3,2
151,347,3,2
151,348,3,2
151,349,3,2
151,350,3,2
151,351,3,2
151,352,3,2
151,353,3,2
151,354,3,2
151,355,3,2
151,356,3,2
151,357,3,2
151,358,3,2
151,359,3,2
151,360,3,2
151,361,3,2
151,362,3,2
151,363,3,2
151,364,3,2
151,365,3,2
151,366,3,2
151,367,3,2
151,368,3,2
151,369,3,2
151,370,3,2
151,371,3,2
151,372,3,2
151,373,3,2
151,374,3,2
151,375,3,2
151,376,3,2
151,377,3,2
151,378,3,2
151,379,3,2
151,380,3,2
151,381,3,2
151,382,3,2
151,383,3,2
151,384,3,2
151,385,3,2
151,386,3,2
151,387,3,2
151,388,3,2
151,389,3,2
151,390,3,2
151,391,3,2
151,392,3,2
151,393,3,2
151,394,3,2
151,395,3,2
151,396,3,2
151,397,3,2
151,398,3,2
151,399,3,2
151,400,3,2
151,401,3,2
151,402,3,3
152,90,3,2
152,91,3,2
152,92,3,2
152,93,3,2
152,94,3,2
152,95,3,2
152,96,3,2
152,97,3,2
152,98,3,2
152,99,3,2
152,100,3,2
152,101,3,3
152,102,3,3
152,103,3,3
152,104,3,3
152,105,3,3
152,106,3,3
152,107,3,3
152,108,3,3
152,109,3,3
152,110,3,3
152,111,3,3
152,112,3,2
152,113,3,2
152,114,3,2
152,115,3,2
152,116,3,2
152,117,3,2
152,118,3,2
152,119,3,2
152,120,3,2
152,121,3,2
152,122,3,2
152,123,3,2
152,124,3,2
152,125,3,2
152,126,3,2
152,127,3,2
152,128,3,2
152,129,3,2
152,130,3,2
152,131,3,2
152,132,3,2
152,133,3,2
152,134,3,2
152,135,3,2
152,136,3,2
152,137,3,2
152,138,3,2
152,139,3,2
152,140,3,2
152,141,3,2
152,142,3,2
152,143,3,2
152,144,3,2
152,145,3,2
152,146,3,2
152,147,3,2
152,148,3,2
152,149,3,2
152,150,3,2
152,151,3,2
152,152,3,2
152,153,3,2
152,154,3,2
152,155,3,2
152,156,3,2
152,157,3,2
152,158,3,2
152,159,3,2
152,160,3,2
152,161,3,2
152,162,3,2
152,163,3,2
152,164,3,2
152,165,3,2
152,166,3,2
152,167,3,2
152,168,3,2
152,169,3,2
152,170,3,2
152,171,3,2
152,172,3,2
152,173,3,2
152,174,3,2
152,175,3,2
152,176,3,2
152,177,3,2
152,178,3,2
152,179,3,3
152,180,3,3
152,181,3,3
152,182,3,3
152,183,3,3
152,184,3,3
152,185,3,3
152,186,3,3
152,187,3,3
152,188,3,3
152,189,3,3
152,190,3,3
152,191,3,3
152,192,3,3
152,193,3,3
152,194,3,3
152,195,3,3
152,196,3,3
152,197,3,3
152,198,3,3
152,199,3,3
152,200,3,3
152,201,3,3
152,202,3,3
152,203,3,3
152,204,3,3
152,205,3,3
152,206,3,3
152,207,3,3
152,208,3,3
152,209,3,3
152,210,3,3
152,211,3,3
152,212,3,3
152,213,3,3
152,214,3,3
152,215,3,2
152,216,3,2
152,217,3,2
152,218,3,2
152,219,3,2
152,220,3,2
152,221,3,2
152,222,3,2
152,223,3,2
152,224,3,2
152,225,3,3
152,226,3,3
152,227,3,3
152,228,3,3
152,229,3,3
152,230,3,3
152,231,3,3
152,232,3,3
152,233,3,3
152,234,3,3
152,235,3,3
152,236,3,3
152,237,3,3
152,238,3,3
152,239,3,3
152,240,3,3
152,241,3,3
152,242,3,3
152,243,3,3
152,244,3,3
152,245,3,3
152,246,3,3
152,247,3,3
152,248,3,3
152,249,3,3
152,250,3,3
152,251,3,3
152,252,3,3
152,253,3,3
152,254,3,3
152,255,3,3
152,256,3,3
152,257,3,3
152,258,3,3
152,259,3,3
152,260,3,3
152,261,3,3
152,262,3,3
152,263,3,3
152,264,3,3
152,265,3,3
152,266,3,3
152,267,3,3
152,268,3,3
152,269,3,3
152,270,3,3
152,271,3,3
152,272,3,3
152,273,3,3
152,274,3,3
152,275,3,3
152,276,3,3
152,277,3,3
152,278,3,3
152,279,3,3
152,280,3,3
152,281,3,3
152,282,3,3
152,283,3,3
152,284,3,3
152,285,3,3
152,286,3,3
152,287,3,3
152,288,3,3
152,289,3,3
152,290,3,3
152,291,3,3
152,292,3,3
152,293,3,3
152,294,3,3
152,295,3,3
152,296,3,3
152,297,3,3
152,298,3,3
152,299,3,3
152,300,3,3
152,301,3,3
152,302,3,3
152,303,3,3
152,304,3,3
152,305,3,3
152,306,3,3
152,307,3,2
152,308,3,2
152,309,3,2
152,310,3,2
152,311,3,2
152,312,3,2
152,313,3,2
152,314,3,2
152,315,3,2
152,316,3,2
152,317,3,2
152,318,3,2
152,319,3,2
152,320,3,2
152,321,3,2
152,322,3,2
152,323,3,2
152,324,3,2
152,325,3,2
152,326,3,2
152,327,3,2
152,328,3,2
152,329,3,2
152,330,3,2
152,331,3,2
152,332,3,2
152,333,3,2
152,334,3,2
152,335,3,2
152,336,3,2
152,337,3,2
152,338,3,2
152,339,3,2
152,340,3,2
152,341,3,2
152,342,3,2
152,343,3,2
152,344,3,2
152,345,3,2
152,346,3,2
152,347,3,2
152,348,3,2
152,349,3,2
152,350,3,2
152,351,3,2
152,352,3,2
152,353,3,2
152,354,3,2
152,355,3,2
152,356,3,2
152,357,3,2
152,358,3,2
152,359,3,2
152,360,3,2
152,361,3,2
152,362,3,2
152,363,3,2
152,364,3,2
152,365,3,2
152,366,3,2
152,367,3,2
152,368,3,2
152,369,3,2
152,370,3,2
152,371,3,2
152,372,3,2
152,373,3,2
152,374,3,2
152,375,3,2
152,376,3,2
152,377,3,2
152,378,3,2
152,379,3,2
152,380,3,2
152,381,3,2
152,382,3,2
152,383,3,2
152,384,3,2
152,385,3,2
152,386,3,2
152,387,3,2
152,388,3,2
152,389,3,2
152,390,3,2
152,391,3,2
152,392,3,2
152,393,3,2
152,394,3,2
152,395,3,2
152,396,3,2
152,397,3,2
152,398,3,2
152,399,3,2
152,400,3,2
152,401,3,3
153,89,3,2
153,90,3,2
153,91,3,2
153,92,3,2
153,93,3,2
153,94,3,2
153,95,3,2
153,96,3,2
153,97,3,2
153,98,3,2
153,99,3,3
153,100,3,3
153,101,3,3
153,102,3,3
153,103,3,3
153,104,3,3
153,105,3,3
153,106,3,3
153,107,3,3
153,108,3,3
153,109,3,3
153,110,3,3
153,111,3,3
153,112,3,3
153,113,3,2
153,114,3,2
153,115,3,2
153,116,3,2
153,117,3,2
153,118,3,2
153,119,3,2
153,120,3,2
153,121,3,2
153,122,3,2
153,123,3,2
153,124,3,2
153,125,3,2
153,126,3,2
153,127,3,2
153,128,3,2
153,129,3,2
153,130,3,2
153,131,3,2
153,132,3,2
153,133,3,2
153,134,3,2
153,135,3,2
153,136,3,2
153,137,3,2
153,138,3,2
153,139,3,2
153,140,3,2
153,141,3,2
153,142,3,2
153,143,3,2
153,144,3,2
153,145,3,2
153,146,3,2
153,147,3,2
153,148,3,2
153,149,3,2
153,150,3,2
153,151,3,2
153,152,3,2
153,153,3,2
153,154,3,2
153,155,3,2
153,156,3,2
153,157,3,2
153,158,3,2
153,159,3,2
153,160,3,2
153,161,3,2
153,162,3,2
153,163,3,2
153,164,3,2
153,165,3,2
153,166,3,2
153,167,3,2
153,168,3,2
153,169,3,2
153,170,3,2
153,171,3,2
153,172,3,2
153,173,3,2
153,174,3,2
153,175,3,2
153,176,3,2
153,177,3,2
153,178,3,2
153,179,3,3
153,180,3,3
153,181,3,3
153,182,3,3
153,183,3,3
153,184,3,3
153,185,3,3
153,186,3,3
153,187,3,3
153,188,3,3
153,189,3,3
153,190,3,3
153,191,3,3
153,192,3,3
153,193,3,3
153,194,3,3
153,195,3,3
153,196,3,3
153,197,3,3
153,198,3,3
153,199,3,3
153,200,3,3
153,201,3,3
153,202,3,3
153,203,3,3
153,204,3,3
153,205,3,3
153,206,3,3
153,207,3,3
153,208,3,3
153,209,3,3
153,210,3,3
153,211,3,3
153,212,3,3
153,213,3,3
153,214,3,3
153,215,3,2
153,216,3,2
153,217,3,2
153,218,3,2
153,219,3,2
153,220,3,2
153,221,3,2
153,222,3,2
153,223,3,3
153,224,3,3
153,225,3,3
153,226,3,3
153,227,3,3
153,228,3,3
153,229,3,3
153,230,3,3
153,231,3,3
153,232,3,3
153,233,3,3
153,234,3,3
153,235,3,3
153,236,3,3
153,237,3,3
153,238,3,3
153,239,3,3
153,240,3,3
153,241,3,3
153,242,3,3
153,243,3,3
153,244,3,3
153,245,3,3
153,246,3,3
153,247,3,3
153,248,3,3
153,249,3,3
153,250,3,3
153,251,3,3
153,252,3,3
153,253,3,3
153,254,3,3
153,255,3,3
153,256,3,3
153,257,3,3
153,258,3,3
153,259,3,3
153,260,3,3
153,261,3,3
153,262,3,3
153,263,3,3
153,264,3,3
153,265,3,3
153,266,3,3
153,267,3,3
153,268,3,3
153,269,3,3
153,270,3,3
153,271,3,3
153,272,3,3
153,273,3,3
153,274,3,3
153,275,3,3
153,276,3,3
153,277,3,3
153,278,3,3
153,279,3,3
153,280,3,3
153,281,3,3
153,282,3,3
153,283,3,3
153,284,3,3
153,285,3,3
153,286,3,3
153,287,3,3
153,288,3,3
153,289,3,3
153,290,3,3
153,291,3,3
153,292,3,3
153,293,3,3
153,294,3,3
153,295,3,3
153,296,3,3
153,297,3,3
153,298,3,3
153,299,3,3
153,300,3,3
153,301,3,3
153,302,3,3
153,303,3,3
153,304,3,3
153,305,3,3
153,306,3,2
153,307,3,2
153,308,3,2
153,309,3,2
153,310,3,2
153,311,3,2
153,312,3,2
153,313,3,2
153,314,3,2
153,315,3,2
153,316,3,2
153,317,3,2
153,318,3,2
153,319,3,2
153,320,3,2
153,321,3,2
153,322,3,2
153,323,3,2
153,324,3,2
153,325,3,2
153,326,3,2
153,327,3,2
153,328,3,2
153,329,3,2
153,330,3,2
153,331,3,2
153,332,3,2
153,333,3,2
153,334,3,2
153,335,3,2
153,336,3,2
153,337,3,2
153,338,3,2
153,339,3,2
153,340,3,2
153,341,3,2
153,342,3,2
153,343,3,2
153,344,3,2
153,345,3,2
153,346,3,2
153,347,3,2
153,348,3,2
153,349,3,2
153,350,3,2
153,351,3,2
153,352,3,2
153,353,3,2
153,354,3,2
153,355,3,2
153,356,3,2
153,357,3,2
153,358,3,2
153,359,3,2
153,360,3,2
153,361,3,2
153,362,3,2
153,363,3,2
153,364,3,2
153,365,3,2
153,366,3,2
153,367,3,2
153,368,3,2
153,369,3,2
153,370,3,2
153,371,3,2
153,372,3,2
153,373,3,2
153,374,3,2
153,375,3,2
153,376,3,2
153,377,3,2
153,378,3,2
153,379,3,2
153,380,3,2
153,381,3,2
153,382,3,2
153,383,3,2
153,384,3,2
153,385,3,2
153,386,3,2
153,387,3,2
153,388,3,2
153,389,3,2
153,390,3,2
153,391,3,2
153,392,3,2
153,393,3,2
153,394,3,2
153,395,3,2
153,396,3,2
153,397,3,2
153,398,3,2
153,399,3,2
154,89,3,2
154,90,3,2
154,91,3,2
154,92,3,2
154,93,3,2
154,94,3,2
154,95,3,2
154,96,3,2
154,97,3,2
154,98,3,2
154,99,3,3
154,100,3,3
154,101,3,3
154,102,3,3
154,103,3,3
154,104,3,3
154,105,3,3
154,106,3,3
154,107,3,3
154,108,3,3
154,109,3,3
154,110,3,3
154,111,3,3
154,112,3,3
154,113,3,2
154,114,3,2
154,115,3,2
154,116,3,2
154,117,3,2
154,118,3,2
154,119,3,2
154,120,3,2
154,121,3,2
154,122,3,2
154,123,3,2
154,124,3,2
154,125,3,2
154,126,3,2
154,127,3,2
154,128,3,2
154,129,3,2
154,130,3,2
154,131,3,2
154,132,3,2
154,133,3,2
154,134,3,2
154,135,3,2
154,136,3,2
154,137,3,2
154,138,3,2
154,139,3,2
154,140,3,2
154,141,3,2
154,142,3,2
154,143,3,2
154,144,3,2
154,145,3,2
154,146,3,2
154,147,3,2
154,148,3,2
154,149,3,2
154,150,3,2
154,151,3,2
154,152,3,2
154,153,3,2
154,154,3,2
154,155,3,2
154,156,3,2
154,157,3,2
154,158,3,2
154,159,3,2
154,160,3,2
154,161,3,2
154,162,3,2
154,163,3,2
154,164,3,2
154,165,3,2
154,166,3,2
154,167,3,2
154,168,3,2
154,169,3,2
154,170,3,2
154,171,3,2
154,172,3,2
154,173,3,2
154,174,3,2
154,175,3,2
154,176,3,2
154,177,3,2
154,178,3,2
154,179,3,2
154,180,3,3
154,181,3,3
154,182,3,3
154,183,3,3
154,184,3,3
154,185,3,3
154,186,3,3
154,187,3,3
154,188,3,3
154,189,3,3
154,190,3,3
154,191,3,3
154,192,3,3
154,193,3,3
154,194,3,3
154,195,3,3
154,196,3,3
154,197,3,3
154,198,3,3
154,199,3,3
154,200,3,3
154,201,3,3
154,202,3,3
154,203,3,3
154,204,3,3
154,205,3,3
154,206,3,3
154,207,3,3
154,208,3,3
154,209,3,3
154,210,3,3
154,211,3,3
154,212,3,3
154,213,3,3
154,214,3,3
154,215,3,2
154,216,3,2
154,217,3,2
154,218,3,2
154,219,3,2
154,220,3,2
154,221,3,2
154,222,3,2
154,223,3,3
154,224,3,3
154,225,3,3
154,226,3,3
154,227,3,3
154,228,3,3
154,229,3,3
154,230,3,3
154,231,3,3
154,232,3,3
154,233,3,3
154,234,3,3
154,235,3,3
154,236,3,3
154,237,3,3
154,238,3,3
154,239,3,3
154,240,3,3
154,241,3,3
154,242,3,3
154,243,3,3
154,244,3,3
154,245,3,3
154,246,3,3
154,247,3,3
154,248,3,3
154,249,3,3
154,250,3,3
154,251,3,3
154,252,3,3
154,253,3,3
154,254,3,3
154,255,3,3
154,256,3,3
154,257,3,3
154,258,3,3
154,259,3,3
154,260,3,3
154,261,3,3
154,262,3,3
154,263,3,3
154,264,3,3
154,265,3,3
154,266,3,3
154,267,3,3
154,268,3,3
154,269,3,3
154,270,3,3
154,271,3,3
154,272,3,3
154,273,3,3
154,274,3,3
154,275,3,3
154,276,3,3
154,277,3,3
154,278,3,3
154,279,3,3
154,280,3,3
154,281,3,3
154,282,3,3
154,283,3,3
154,284,3,3
154,285,3,3
154,286,3,3
154,287,3,3
154,288,3,3
154,289,3,3
154,290,3,3
154,291,3,3
154,292,3,3
154,293,3,3
154,294,3,3
154,295,3,3
154,296,3,3
154,297,3,3
154,298,3,3
154,299,3,3
154,300,3,3
154,301,3,3
154,302,3,3
154,303,3,3
154,304,3,3
154,305,3,2
154,306,3,2
154,307,3,2
154,308,3,2
154,309,3,2
154,310,3,2
154,311,3,2
154,312,3,2
154,313,3,2
154,314,3,2
154,315,3,2
154,316,3,2
154,317,3,2
154,318,3,2
154,319,3,2
154,320,3,2
154,321,3,2
154,322,3,2
154,323,3,2
154,324,3,2
154,325,3,2
154,326,3,2
154,327,3,2
154,328,3,2
154,329,3,2
154,330,3,2
154,331,3,2
154,332,3,2
154,333,3,2
154,334,3,2
154,335,3,2
154,336,3,2
154,337,3,2
154,338,3,2
154,339,3,2
154,340,3,2
154,341,3,2
154,342,3,2
154,343,3,2
154,344,3,2
154,345,3,2
154,346,3,2
154,347,3,2
154,348,3,2
154,349,3,2
154,350,3,2
154,351,3,2
154,352,3,2
154,353,3,2
154,354,3,2
154,355,3,2
154,356,3,2
154,357,3,2
154,358,3,2
154,359,3,2
154,360,3,2
154,361,3,2
154,362,3,2
154,363,3,2
154,364,3,2
154,365,3,2
154,366,3,2
154,367,3,2
154,368,3,2
154,369,3,2
154,370,3,2
154,371,3,2
154,372,3,2
154,373,3,2
154,374,3,2
154,375,3,2
154,376,3,2
154,377,3,2
154,378,3,2
154,379,3,2
154,380,3,2
154,381,3,2
154,382,3,2
154,383,3,2
154,384,3,2
154,385,3,2
154,386,3,2
154,387,3,2
154,388,3,2
154,389,3,2
154,390,3,2
154,391,3,2
154,392,3,2
154,393,3,2
154,394,3,2
154,395,3,2
154,396,3,2
154,397,3,2
154,398,3,2
155,88,3,2
155,89,3,2
155,90,3,2
155,91,3,2
155,92,3,2
155,93,3,2
155,94,3,2
155,95,3,2
155,96,3,2
155,97,3,2
155,98,3,3
155,99,3,3
155,100,3,3
155,101,3,3
155,102,3,3
155,103,3,3
155,104,3,3
155,105,3,3
155,106,3,3
155,107,3,3
155,108,3,3
155,109,3,3
155,110,3,3
155,111,3,3
155,112,3,3
155,113,3,2
155,114,3,2
155,115,3,2
155,116,3,2
155,117,3,2
155,118,3,2
155,119,3,2
155,120,3,2
155,121,3,2
155,122,3,2
155,123,3,2
155,124,3,2
155,125,3,2
155,126,3,2
155,127,3,2
155,128,3,2
155,129,3,2
155,130,3,2
155,131,3,2
155,132,3,2
155,133,3,2
155,134,3,2
155,135,3,2
155,136,3,2
155,137,3,2
155,138,3,2
155,139,3,2
155,140,3,2
155,141,3,2
155,142,3,2
155,143,3,2
155,144,3,2
155,145,3,2
155,146,3,2
155,147,3,2
155,148,3,2
155,149,3,2
155,150,3,2
155,151,3,2
155,152,3,2
155,153,3,2
155,154,3,2
155,155,3,2
155,156,3,2
155,157,3,2
155,158,3,2
155,159,3,2
155,160,3,2
155,161,3,2
155,162,3,2
155,163,3,2
155,164,3,2
155,165,3,2
155,166,3,2
155,167,3,2
155,168,3,2
155,169,3,2
155,170,3,2
155,171,3,2
155,172,3,2
155,173,3,2
155,174,3,2
155,175,3,2
155,176,3,2
155,177,3,2
155,178,3,2
155,179,3,2
155,180,3,3
155,181,3,3
155,182,3,3
155,183,3,3
155,184,3,3
155,185,3,3
155,186,3,3
155,187,3,3
155,188,3,3
155,189,3,3
155,190,3,3
155,191,3,3
155,192,3,3
155,193,3,3
155,194,3,3
155,195,3,3
155,196,3,3
155,197,3,3
155,198,3,3
155,199,3,3
155,200,3,3
155,201,3,3
155,202,3,3
155,203,3,3
155,204,3,3
155,205,3,3
155,206,3,3
155,207,3,3
155,208,3,3
155,209,3,3
155,210,3,3
155,211,3,3
155,212,3,3
155,213,3,3
155,214,3,3
155,215,3,3
155,216,3,2
155,217,3,2
155,218,3,2
155,219,3,2
155,220,3,2
155,221,3,3
155,222,3,3
155,223,3,3
155,224,3,3
155,225,3,3
155,226,3,3
155,227,3,3
155,228,3,3
155,229,3,3
155,230,3,3
155,231,3,3
155,232,3,3
155,233,3,3
155,234,3,3
155,235,3,3
155,236,3,3
155,237,3,3
155,238,3,3
155,239,3,3
155,240,3,3
155,241,3,3
155,242,3,3
155,243,3,3
155,244,3,3
155,245,3,3
155,246,3,3
155,247,3,3
155,248,3,3
155,249,3,3
155,250,3,3
155,251,3,3
155,252,3,3
155,253,3,3
155,254,3,3
155,255,3,3
155,256,3,3
155,257,3,3
155,258,3,3
155,259,3,3
155,260,3,3
155,261,3,3
155,262,3,3
155,263,3,3
155,264,3,3
155,265,3,3
155,266,3,3
155,267,3,3
155,268,3,3
155,269,3,3
155,270,3,3
155,271,3,3
155,272,3,3
155,273,3,3
155,274,3,3
155,275,3,3
155,276,3,3
155,277,3,3
155,278,3,3
155,279,3,3
155,280,3,3
155,281,3,3
155,282,3,3
155,283,3,3
155,284,3,3
155,285,3,3
155,286,3,3
155,287,3,3
155,288,3,3
155,289,3,3
155,290,3,3
155,291,3,3
155,292,3,3
155,293,3,3
155,294,3,3
155,295,3,3
155,296,3,3
155,297,3,3
155,298,3,3
155,299,3,3
155,300,3,3
155,301,3,3
155,302,3,3
155,303,3,3
155,304,3,3
155,305,3,2
155,306,3,2
155,307,3,2
155,308,3,2
155,309,3,2
155,310,3,2
155,311,3,2
155,312,3,2
155,313,3,2
155,314,3,2
155,315,3,2
155,316,3,2
155,317,3,2
155,318,3,2
155,319,3,2
155,320,3,2
155,321,3,2
155,322,3,2
155,323,3,2
155,324,3,2
155,325,3,2
155,326,3,2
155,327,3,2
155,328,3,2
155,329,3,2
155,330,3,2
155,331,3,2
155,332,3,2
155,333,3,2
155,334,3,2
155,335,3,2
155,336,3,2
155,337,3,2
155,338,3,2
155,339,3,2
155,340,3,2
155,341,3,2
155,342,3,2
155,343,3,2
155,344,3,2
155,345,3,2
155,346,3,2
155,347,3,2
155,348,3,2
155,349,3,2
155,350,3,2
155,351,3,2
155,352,3,2
155,353,3,2
155,354,3,2
155,355,3,2
155,356,3,2
155,357,3,2
155,358,3,2
155,359,3,2
155,360,3,2
155,361,3,2
155,362,3,2
155,363,3,2
155,364,3,2
155,365,3,2
155,366,3,2
155,367,3,2
155,368,3,2
155,369,3,2
155,370,3,2
155,371,3,2
155,372,3,2
155,373,3,2
155,374,3,2
155,375,3,2
155,376,3,2
155,377,3,2
155,378,3,2
155,379,3,2
155,380,3,2
155,381,3,2
155,382,3,2
155,383,3,2
155,384,3,2
155,385,3,2
155,386,3,2
155,387,3,2
155,388,3,2
155,389,3,2
155,390,3,2
155,391,3,2
155,392,3,2
155,393,3,2
155,394,3,2
155,395,3,2
155,396,3,2
155,397,3,3
156,88,3,2
156,89,3,2
156,90,3,2
156,91,3,2
156,92,3,2
156,93,3,2
156,94,3,2
156,95,3,2
156,96,3,2
156,97,3,2
156,98,3,3
156,99,3,3
156,100,3,3
156,101,3,3
156,102,3,3
156,103,3,3
156,104,3,3
156,105,3,3
156,106,3,3
156,107,3,3
156,108,3,3
156,109,3,3
156,110,3,3
156,111,3,3
156,112,3,3
156,113,3,2
156,114,3,2
156,115,3,2
156,116,3,2
156,117,3,2
156,118,3,2
156,119,3,2
156,120,3,2
156,121,3,2
156,122,3,2
156,123,3,2
156,124,3,2
156,125,3,2
156,126,3,2
156,127,3,2
156,128,3,2
156,129,3,2
156,130,3,2
156,131,3,2
156,132,3,2
156,133,3,2
156,134,3,2
156,135,3,2
156,136,3,2
156,137,3,2
156,138,3,2
156,139,3,2
156,140,3,2
156,141,3,2
156,142,3,2
156,143,3,2
156,144,3,2
156,145,3,2
156,146,3,2
156,147,3,2
156,148,3,2
156,149,3,2
156,150,3,2
156,151,3,2
156,152,3,2
156,153,3,2
156,154,3,2
156,155,3,2
156,156,3,2
156,157,3,2
156,158,3,2
156,159,3,2
156,160,3,2
156,161,3,2
156,162,3,2
156,163,3,2
156,164,3,2
156,165,3,2
156,166,3,2
156,167,3,2
156,168,3,2
156,169,3,2
156,170,3,2
156,171,3,2
156,172,3,2
156,173,3,2
156,174,3,2
156,175,3,2
156,176,3,2
156,177,3,2
156,178,3,2
156,179,3,2
156,180,3,2
156,181,3,3
156,182,3,3
156,183,3,3
156,184,3,3
156,185,3,3
156,186,3,3
156,187,3,3
156,188,3,3
156,189,3,3
156,190,3,3
156,191,3,3
156,192,3,3
156,193,3,3
156,194,3,3
156,195,3,3
156,196,3,3
156,197,3,3
156,198,3,3
156,199,3,3
156,200,3,3
156,201,3,3
156,202,3,3
156,203,3,3
156,204,3,3
156,205,3,3
156,206,3,3
156,207,3,3
156,208,3,3
156,209,3,3
156,210,3,3
156,211,3,3
156,212,3,3
156,213,3,3
156,214,3,3
156,215,3,2
156,216,3,2
156,217,3,2
156,218,3,2
156,219,3,2
156,220,3,2
156,221,3,3
156,222,3,3
156,223,3,3
156,224,3,3
156,225,3,3
156,226,3,3
156,227,3,3
156,228,3,3
156,229,3,3
156,230,3,3
156,231,3,3
156,232,3,3
156,233,3,3
156,234,3,3
156,235,3,3
156,236,3,3
156,237,3,3
156,238,3,3
156,239,3,3
156,240,3,3
156,241,3,3
156,242,3,3
156,243,3,3
156,244,3,3
156,245,3,3
156,246,3,3
156,247,3,3
156,248,3,3
156,249,3,3
156,250,3,3
156,251,3,3
156,252,3,3
156,253,3,3
156,254,3,3
156,255,3,3
156,256,3,3
156,257,3,3
156,258,3,3
156,259,3,3
156,260,3,3
156,261,3,3
156,262,3,3
156,263,3,3
156,264,3,3
156,265,3,3
156,266,3,3
156,267,3,3
156,268,3,3
156,269,3,3
156,270,3,3
156,271,3,3
156,272,3,3
156,273,3,3
156,274,3,3
156,275,3,3
156,276,3,3
156,277,3,3
156,278,3,3
156,279,3,3
156,280,3,3
156,281,3,3
156,282,3,3
156,283,3,3
156,284,3,3
156,285,3,3
156,286,3,3
156,287,3,3
156,288,3,3
156,289,3,3
156,290,3,3
156,291,3,3
156,292,3,3
156,293,3,3
156,294,3,3
156,295,3,3
156,296,3,3
156,297,3,3
156,298,3,3
156,299,3,3
156,300,3,3
156,301,3,3
156,302,3,3
156,303,3,3
156,304,3,3
156,305,3,2
156,306,3,2
156,307,3,2
156,308,3,2
156,309,3,2
156,310,3,2
156,311,3,2
156,312,3,2
156,313,3,2
156,314,3,2
156,315,3,2
156,316,3,2
156,317,3,2
156,318,3,2
156,319,3,2
156,320,3,2
156,321,3,2
156,322,3,2
156,323,3,2
156,324,3,2
156,325,3,2
156,326,3,2
156,327,3,2
156,328,3,2
156,329,3,2
156,330,3,2
156,331,3,2
156,332,3,2
156,333,3,2
156,334,3,2
156,335,3,2
156,336,3,2
156,337,3,2
156,338,3,2
156,339,3,2
156,340,3,2
156,341,3,2
156,342,3,2
156,343,3,2
156,344,3,2
156,345,3,2
156,346,3,2
156,347,3,2
156,348,3,2
156,349,3,2
156,350,3,2
156,351,3,2
156,352,3,2
156,353,3,2
156,354,3,2
156,355,3,2
156,356,3,2
156,357,3,2
156,358,3,2
156,359,3,2
156,360,3,2
156,361,3,2
156,362,3,2
156,363,3,2
156,364,3,2
156,365,3,2
156,366,3,2
156,367,3,2
156,368,3,2
156,369,3,2
156,370,3,2
156,371,3,2
156,372,3,2
156,373,3,2
156,374,3,2
156,375,3,2
156,376,3,2
156,377,3,2
156,378,3,2
156,379,3,2
156,380,3,2
156,381,3,2
156,382,3,2
156,383,3,2
156,384,3,2
156,385,3,2
156,386,3,2
156,387,3,2
156,388,3,2
156,389,3,2
156,390,3,2
156,391,3,2
156,392,3,2
156,393,3,2
156,394,3,2
156,395,3,2
156,396,3,3
157,87,3,2
157,88,3,2
157,89,3,2
157,90,3,2
157,91,3,2
157,92,3,2
157,93,3,2
157,94,3,2
157,95,3,2
157,96,3,2
157,97,3,2
157,98,3,3
157,99,3,3
157,100,3,3
157,101,3,3
157,102,3,3
157,103,3,3
157,104,3,3
157,105,3,3
157,106,3,3
157,107,3,3
157,108,3,3
157,109,3,3
157,110,3,3
157,111,3,3
157,112,3,3
157,113,3,3
157,114,3,3
157,115,3,2
157,116,3,2
157,117,3,2
157,118,3,2
157,119,3,2
157,120,3,2
157,121,3,2
157,122,3,2
157,123,3,2
157,124,3,2
157,125,3,2
157,126,3,2
157,127,3,2
157,128,3,2
157,129,3,2
157,130,3,2
157,131,3,2
157,132,3,2
157,133,3,2
157,134,3,2
157,135,3,2
157,136,3,2
157,137,3,2
157,138,3,2
157,139,3,2
157,140,3,2
157,141,3,2
157,142,3,2
157,143,3,2
157,144,3,2
157,145,3,2
157,146,3,2
157,147,3,2
157,148,3,2
157,149,3,2
157,150,3,2
157,151,3,2
157,152,3,2
157,153,3,2
157,154,3,2
157,155,3,2
157,156,3,2
157,157,3,2
157,158,3,2
157,159,3,2
157,160,3,2
157,161,3,2
157,162,3,2
157,163,3,2
157,164,3,2
157,165,3,2
157,166,3,2
157,167,3,2
157,168,3,2
157,169,3,2
157,170,3,2
157,171,3,2
157,172,3,2
157,173,3,2
157,174,3,2
157,175,3,2
157,176,3,2
157,177,3,2
157,178,3,2
157,179,3,2
157,180,3,2
157,181,3,3
157,182,3,3
157,183,3,3
157,184,3,3
157,185,3,3
157,186,3,3
157,187,3,3
157,188,3,3
157,189,3,3
157,190,3,3
157,191,3,3
157,192,3,3
157,193,3,3
157,194,3,3
157,195,3,3
157,196,3,3
157,197,3,3
157,198,3,3
157,199,3,3
157,200,3,3
157,201,3,3
157,202,3,3
157,203,3,3
157,204,3,3
157,205,3,3
157,206,3,3
157,207,3,3
157,208,3,3
157,209,3,3
157,210,3,3
157,211,3,3
157,212,3,3
157,213,3,3
157,214,3,3
157,215,3,2
157,216,3,2
157,217,3,2
157,218,3,2
157,219,3,3
157,220,3,3
157,221,3,3
157,222,3,3
157,223,3,3
157,224,3,3
157,225,3,3
157,226,3,3
157,227,3,3
157,228,3,3
157,229,3,3
157,230,3,3
157,231,3,3
157,232,3,3
157,233,3,3
157,234,3,3
157,235,3,3
157,236,3,3
157,237,3,3
157,238,3,3
157,239,3,3
157,240,3,3
157,241,3,3
157,242,3,3
157,243,3,3
157,244,3,3
157,245,3,3
157,246,3,3
157,247,3,3
157,248,3,3
157,249,3,3
157,250,3,3
157,251,3,3
157,252,3,3
157,253,3,3
157,254,3,3
157,255,3,3
157,256,3,3
157,257,3,3
157,258,3,3
157,259,3,3
157,260,3,3
157,261,3,3
157,262,3,3
157,263,3,3
157,264,3,3
157,265,3,3
157,266,3,3
157,267,3,3
157,268,3,3
157,269,3,3
157,270,3,3
157,271,3,3
157,272,3,3
157,273,3,3
157,274,3,3
157,275,3,3
157,276,3,3
157,277,3,3
157,278,3,3
157,279,3,3
157,280,3,3
157,281,3,3
157,282,3,3
157,283,3,3
157,284,3,3
157,285,3,3
157,286,3,3
157,287,3,3
157,288,3,3
157,289,3,3
157,290,3,3
157,291,3,3
157,292,3,3
157,293,3,3
157,294,3,3
157,295,3,3
157,296,3,3
157,297,3,3
157,298,3,3
157,299,3,3
157,300,3,3
157,301,3,3
157,302,3,3
157,303,3,3
157,304,3,2
157,305,3,2
157,306,3,2
157,307,3,2
157,308,3,2
157,309,3,2
157,310,3,2
157,311,3,2
157,312,3,2
157,313,3,2
157,314,3,2
157,315,3,2
157,316,3,2
157,317,3,2
157,318,3,2
157,319,3,2
157,320,3,2
157,321,3,2
157,322,3,2
157,323,3,2
157,324,3,2
157,325,3,2
157,326,3,2
157,327,3,2
157,328,3,2
157,329,3,2
157,330,3,2
157,331,3,2
157,332,3,2
157,333,3,2
157,334,3,2
157,335,3,2
157,336,3,2
157,337,3,2
157,338,3,2
157,339,3,2
157,340,3,2
157,341,3,2
157,342,3,2
157,343,3,2
157,344,3,2
157,345,3,2
157,346,3,2
157,347,3,2
157,348,3,2
157,349,3,2
157,350,3,2
157,351,3,2
157,352,3,2
157,353,3,2
157,354,3,2
157,355,3,2
157,356,3,2
157,357,3,2
157,358,3,2
157,359,3,2
157,360,3,2
157,361,3,2
157,362,3,2
157,363,3,2
157,364,3,2
157,365,3,2
157,366,3,2
157,367,3,2
157,368,3,2
157,369,3,2
157,370,3,2
157,371,3,2
157,372,3,2
157,373,3,2
157,374,3,2
157,375,3,2
157,376,3,2
157,377,3,2
157,378,3,2
157,379,3,2
157,380,3,2
157,381,3,2
157,382,3,2
157,383,3,2
157,384,3,2
157,385,3,2
157,386,3,2
157,387,3,2
157,388,3,2
157,389,3,2
157,390,3,2
157,391,3,2
157,392,3,2
157,393,3,2
157,394,3,2
158,87,3,2
158,88,3,2
158,89,3,2
158,90,3,2
158,91,3,2
158,92,3,2
158,93,3,2
158,94,3,2
158,95,3,2
158,96,3,2
158,97,3,2
158,98,3,2
158,99,3,3
158,100,3,3
158,101,3,3
158,102,3,3
158,103,3,3
158,104,3,3
158,105,3,3
158,106,3,3
158,107,3,3
158,108,3,3
158,109,3,3
158,110,3,3
158,111,3,3
158,112,3,3
158,113,3,3
158,114,3,3
158,115,3,2
158,116,3,2
158,117,3,2
158,118,3,2
158,119,3,2
158,120,3,2
158,121,3,2
158,122,3,2
158,123,3,2
158,124,3,2
158,125,3,2
158,126,3,2
158,127,3,2
158,128,3,2
158,129,3,2
158,130,3,2
158,131,3,2
158,132,3,2
158,133,3,2
158,134,3,2
158,135,3,2
158,136,3,2
158,137,3,2
158,138,3,2
158,139,3,2
158,140,3,2
158,141,3,2
158,142,3,2
158,143,3,2
158,144,3,2
158,145,3,2
158,146,3,2
158,147,3,2
158,148,3,2
158,149,3,2
158,150,3,2
158,151,3,2
158,152,3,2
158,153,3,2
158,154,3,2
158,155,3,2
158,156,3,2
158,157,3,2
158,158,3,2
158,159,3,2
158,160,3,2
158,161,3,2
158,162,3,2
158,163,3,2
158,164,3,2
158,165,3,2
158,166,3,2
158,167,3,2
158,168,3,2
158,169,3,2
158,170,3,2
158,171,3,2
158,172,3,2
158,173,3,2
158,174,3,2
158,175,3,2
158,176,3,2
158,177,3,2
158,178,3,2
158,179,3,2
158,180,3,2
158,181,3,3
158,182,3,3
158,183,3,3
158,184,3,3
158,185,3,3
158,186,3,3
158,187,3,3
158,188,3,3
158,189,3,3
158,190,3,3
158,191,3,3
158,192,3,3
158,193,3,3
158,194,3,3
158,195,3,3
158,196,3,3
158,197,3,3
158,198,3,3
158,199,3,3
158,200,3,3
158,201,3,3
158,202,3,3
158,203,3,3
158,204,3,3
158,205,3,3
158,206,3,3
158,207,3,3
158,208,3,3
158,209,3,3
158,210,3,3
158,211,3,3
158,212,3,3
158,213,3,3
158,214,3,3
158,215,3,2
158,216,3,2
158,217,3,2
158,218,3,2
158,219,3,3
158,220,3,3
158,221,3,3
158,222,3,3
158,223,3,3
158,224,3,3
158,225,3,3
158,226,3,3
158,227,3,3
158,228,3,3
158,229,3,3
158,230,3,3
158,231,3,3
158,232,3,3
158,233,3,3
158,234,3,3
158,235,3,3
158,236,3,3
158,237,3,3
158,238,3,3
158,239,3,3
158,240,3,3
158,241,3,3
158,242,3,3
158,243,3,3
158,244,3,3
158,245,3,3
158,246,3,3
158,247,3,3
158,248,3,3
158,249,3,3
158,250,3,3
158,251,3,3
158,252,3,3
158,253,3,3
158,254,3,3
158,255,3,3
158,256,3,3
158,257,3,3
158,258,3,3
158,259,3,3
158,260,3,3
158,261,3,3
158,262,3,3
158,263,3,3
158,264,3,3
158,265,3,3
158,266,3,3
158,267,3,3
158,268,3,3
158,269,3,3
158,270,3,3
158,271,3,3
158,272,3,3
158,273,3,3
158,274,3,3
158,275,3,3
158,276,3,3
158,277,3,3
158,278,3,3
158,279,3,3
158,280,3,3
158,281,3,3
158,282,3,3
158,283,3,3
158,284,3,3
158,285,3,3
158,286,3,3
158,287,3,3
158,288,3,3
158,289,3,3
158,290,3,3
158,291,3,3
158,292,3,3
158,293,3,3
158,294,3,3
158,295,3,3
158,296,3,3
158,297,3,3
158,298,3,3
158,299,3,3
158,300,3,3
158,301,3,3
158,302,3,2
158,303,3,2
158,304,3,2
158,305,3,2
158,306,3,2
158,307,3,2
158,308,3,2
158,309,3,2
158,310,3,2
158,311,3,2
158,312,3,2
158,313,3,2
158,314,3,2
158,315,3,2
158,316,3,2
158,317,3,2
158,318,3,2
158,319,3,2
158,320,3,2
158,321,3,2
158,322,3,2
158,323,3,2
158,324,3,2
158,325,3,2
158,326,3,2
158,327,3,2
158,328,3,2
158,329,3,2
158,330,3,2
158,331,3,2
158,332,3,2
158,333,3,2
158,334,3,2
158,335,3,2
158,336,3,2
158,337,3,2
158,338,3,2
158,339,3,2
158,340,3,2
158,341,3,2
158,342,3,2
158,343,3,2
158,344,3,2
158,345,3,2
158,346,3,2
158,347,3,2
158,348,3,2
158,349,3,2
158,350,3,2
158,351,3,2
158,352,3,2
158,353,3,2
158,354,3,2
158,355,3,2
158,356,3,2
158,357,3,2
158,358,3,2
158,359,3,2
158,360,3,2
158,361,3,2
158,362,3,2
158,363,3,2
158,364,3,2
158,365,3,2
158,366,3,2
158,367,3,2
158,368,3,2
158,369,3,2
158,370,3,2
158,371,3,2
158,372,3,2
158,373,3,2
158,374,3,2
158,375,3,2
158,376,3,2
158,377,3,2
158,378,3,2
158,379,3,2
158,380,3,2
158,381,3,2
158,382,3,2
158,383,3,2
158,384,3,2
158,385,3,2
158,386,3,2
158,387,3,2
158,388,3,2
158,389,3,2
158,390,3,2
158,391,3,2
158,392,3,2
158,393,3,2
159,86,3,2
159,87,3,2
159,88,3,2
159,89,3,2
159,90,3,2
159,91,3,2
159,92,3,2
159,93,3,2
159,94,3,2
159,95,3,2
159,96,3,2
159,97,3,2
159,98,3,3
159,99,3,3
159,100,3,3
159,101,3,3
159,102,3,3
159,103,3,3
159,104,3,3
159,105,3,3
159,106,3,3
159,107,3,3
159,108,3,3
159,109,3,3
159,110,3,3
159,111,3,3
159,112,3,3
159,113,3,3
159,114,3,3
159,115,3,2
159,116,3,2
159,117,3,2
159,118,3,2
159,119,3,2
159,120,3,2
159,121,3,2
159,122,3,2
159,123,3,2
159,124,3,2
159,125,3,2
159,126,3,2
159,127,3,2
159,128,3,2
159,129,3,2
159,130,3,2
159,131,3,2
159,132,3,2
159,133,3,2
159,134,3,2
159,135,3,2
159,136,3,2
159,137,3,2
159,138,3,2
159,139,3,2
159,140,3,2
159,141,3,2
159,142,3,2
159,143,3,2
159,144,3,2
159,145,3,2
159,146,3,2
159,147,3,2
159,148,3,2
159,149,3,2
159,150,3,2
159,151,3,2
159,152,3,2
159,153,3,2
159,154,3,2
159,155,3,2
159,156,3,2
159,157,3,2
159,158,3,2
159,159,3,2
159,160,3,2
159,161,3,2
159,162,3,2
159,163,3,2
159,164,3,2
159,165,3,2
159,166,3,2
159,167,3,2
159,168,3,2
159,169,3,2
159,170,3,2
159,171,3,2
159,172,3,2
159,173,3,2
159,174,3,2
159,175,3,2
159,176,3,2
159,177,3,2
159,178,3,2
159,179,3,2
159,180,3,2
159,181,3,3
159,182,3,3
159,183,3,3
159,184,3,3
159,185,3,3
159,186,3,3
159,187,3,3
159,188,3,3
159,189,3,3
159,190,3,3
159,191,3,3
159,192,3,3
159,193,3,3
159,194,3,3
159,195,3,3
159,196,3,3
159,197,3,3
159,198,3,3
159,199,3,3
159,200,3,3
159,201,3,3
159,202,3,3
159,203,3,3
159,204,3,3
159,205,3,3
159,206,3,3
159,207,3,3
159,208,3,3
159,209,3,3
159,210,3,3
159,211,3,3
159,212,3,3
159,213,3,3
159,214,3,2
159,215,3,2
159,216,3,2
159,217,3,2
159,218,3,2
159,219,3,3
159,220,3,3
159,221,3,3
159,222,3,3
159,223,3,3
159,224,3,3
159,225,3,3
159,226,3,3
159,227,3,3
159,228,3,3
159,229,3,3
159,230,3,3
159,231,3,3
159,232,3,3
159,233,3,3
159,234,3,3
159,235,3,3
159,236,3,3
159,237,3,3
159,238,3,3
159,239,3,3
159,240,3,3
159,241,3,3
159,242,3,3
159,243,3,3
159,244,3,3
159,245,3,3
159,246,3,3
159,247,3,3
159,248,3,3
159,249,3,3
159,250,3,3
159,251,3,3
159,252,3,3
159,253,3,3
159,254,3,3
159,255,3,3
159,256,3,3
159,257,3,3
159,258,3,3
159,259,3,3
159,260,3,3
159,261,3,3
159,262,3,3
159,263,3,3
159,264,3,3
159,265,3,3
159,266,3,3
159,267,3,3
159,268,3,3
159,269,3,3
159,270,3,3
159,271,3,3
159,272,3,3
159,273,3,3
159,274,3,3
159,275,3,3
159,276,3,3
159,277,3,3
159,278,3,3
159,279,3,3
159,280,3,3
159,281,3,3
159,282,3,3
159,283,3,3
159,284,3,3
159,285,3,3
159,286,3,3
159,287,3,3
159,288,3,3
159,289,3,3
159,290,3,3
159,291,3,3
159,292,3,3
159,293,3,3
159,294,3,3
159,295,3,3
159,296,3,3
159,297,3,3
159,298,3,3
159,299,3,3
159,300,3,3
159,301,3,3
159,302,3,2
159,303,3,2
159,304,3,2
159,305,3,2
159,306,3,2
159,307,3,2
159,308,3,2
159,309,3,2
159,310,3,2
159,311,3,2
159,312,3,2
159,313,3,2
159,314,3,2
159,315,3,2
159,316,3,2
159,317,3,2
159,318,3,2
159,319,3,2
159,320,3,2
159,321,3,2
159,322,3,2
159,323,3,2
159,324,3,2
159,325,3,2
159,326,3,2
159,327,3,2
159,328,3,2
159,329,3,2
159,330,3,2
159,331,3,2
159,332,3,2
159,333,3,2
159,334,3,2
159,335,3,2
159,336,3,2
159,337,3,2
159,338,3,2
159,339,3,2
159,340,3,2
159,341,3,2
159,342,3,2
159,343,3,2
159,344,3,2
159,345,3,2
159,346,3,2
159,347,3,2
159,348,3,2
159,349,3,2
159,350,3,2
159,351,3,2
159,352,3,2
159,353,3,2
159,354,3,2
159,355,3,2
159,356,3,2
159,357,3,2
159,358,3,2
159,359,3,2
159,360,3,2
159,361,3,2
159,362,3,2
159,363,3,2
159,364,3,2
159,365,3,2
159,366,3,2
159,367,3,2
159,368,3,2
159,369,3,2
159,370,3,2
159,371,3,2
159,372,3,2
159,373,3,2
159,374,3,2
159,375,3,2
159,376,3,2
159,377,3,2
159,378,3,2
159,379,3,2
159,380,3,2
159,381,3,2
159,382,3,2
159,383,3,2
159,384,3,2
159,385,3,2
159,386,3,2
159,387,3,2
159,388,3,2
159,389,3,2
159,390,3,2
159,391,3,2
159,392,3,2
160,86,3,2
160,87,3,2
160,88,3,2
160,89,3,2
160,90,3,2
160,91,3,2
160,92,3,2
160,93,3,2
160,94,3,2
160,95,3,2
160,96,3,2
160,97,3,2
160,98,3,3
160,99,3,3
160,100,3,3
160,101,3,3
160,102,3,3
160,103,3,3
160,104,3,3
160,105,3,3
160,106,3,3
160,107,3,3
160,108,3,3
160,109,3,3
160,110,3,3
160,111,3,3
160,112,3,3
160,113,3,3
160,114,3,3
160,115,3,2
160,116,3,2
160,117,3,2
160,118,3,2
160,119,3,2
160,120,3,2
160,121,3,2
160,122,3,2
160,123,3,2
160,124,3,2
160,125,3,2
160,126,3,2
160,127,3,2
160,128,3,2
160,129,3,2
160,130,3,2
160,131,3,2
160,132,3,2
160,133,3,2
160,134,3,2
160,135,3,2
160,136,3,2
160,137,3,2
160,138,3,2
160,139,3,2
160,140,3,2
160,141,3,2
160,142,3,2
160,143,3,2
160,144,3,2
160,145,3,2
160,146,3,2
160,147,3,2
160,148,3,2
160,149,3,2
160,150,3,2
160,151,3,2
160,152,3,2
160,153,3,2
160,154,3,2
160,155,3,2
160,156,3,2
160,157,3,2
160,158,3,2
160,159,3,2
160,160,3,2
160,161,3,2
160,162,3,2
160,163,3,2
160,164,3,2
160,165,3,2
160,166,3,2
160,167,3,2
160,168,3,2
160,169,3,2
160,170,3,2
160,171,3,2
160,172,3,2
160,173,3,2
160,174,3,2
160,175,3,2
160,176,3,2
160,177,3,2
160,178,3,2
160,179,3,2
160,180,3,2
160,181,3,2
160,182,3,3
160,183,3,3
160,184,3,3
160,185,3,3
160,186,3,3
160,187,3,3
160,188,3,3
160,189,3,3
160,190,3,3
160,191,3,3
160,192,3,3
160,193,3,3
160,194,3,3
160,195,3,3
160,196,3,3
160,197,3,3
160,198,3,3
160,199,3,3
160,200,3,3
160,201,3,3
160,202,3,3
160,203,3,3
160,204,3,3
160,205,3,3
160,206,3,3
160,207,3,3
160,208,3,3
160,209,3,3
160,210,3,3
160,211,3,3
160,212,3,3
160,213,3,2
160,214,3,2
160,215,3,2
160,216,3,2
160,217,3,2
160,218,3,2
160,219,3,3
160,220,3,3
160,221,3,3
160,222,3,3
160,223,3,3
160,224,3,3
160,225,3,3
160,226,3,3
160,227,3,3
160,228,3,3
160,229,3,3
160,230,3,3
160,231,3,3
160,232,3,3
160,233,3,3
160,234,3,3
160,235,3,3
160,236,3,3
160,237,3,3
160,238,3,3
160,239,3,3
160,240,3,3
160,241,3,3
160,242,3,3
160,243,3,3
160,244,3,3
160,245,3,3
160,246,3,3
160,247,3,3
160,248,3,3
160,249,3,3
160,250,3,3
160,251,3,3
160,252,3,3
160,253,3,3
160,254,3,3
160,255,3,3
160,256,3,3
160,257,3,3
160,258,3,3
160,259,3,3
160,260,3,3
160,261,3,3
160,262,3,3
160,263,3,3
160,264,3,3
160,265,3,3
160,266,3,3
160,267,3,3
160,268,3,3
160,269,3,3
160,270,3,3
160,271,3,3
160,272,3,3
160,273,3,3
160,274,3,3
160,275,3,3
160,276,3,3
160,277,3,3
160,278,3,3
160,279,3,3
160,280,3,3
160,281,3,3
160,282,3,3
160,283,3,3
160,284,3,3
160,285,3,3
160,286,3,3
160,287,3,3
160,288,3,3
160,289,3,3
160,290,3,3
160,291,3,3
160,292,3,3
160,293,3,3
160,294,3,3
160,295,3,3
160,296,3,3
160,297,3,3
160,298,3,3
160,299,3,3
160,300,3,3
160,301,3,2
160,302,3,2
160,303,3,2
160,304,3,2
160,305,3,2
160,306,3,2
160,307,3,2
160,308,3,2
160,309,3,2
160,310,3,2
160,311,3,2
160,312,3,2
160,313,3,2
160,314,3,2
160,315,3,2
160,316,3,2
160,317,3,2
160,318,3,2
160,319,3,2
160,320,3,2
160,321,3,2
160,322,3,2
160,323,3,2
160,324,3,2
160,325,3,2
160,326,3,2
160,327,3,2
160,328,3,2
160,329,3,2
160,330,3,2
160,331,3,2
160,332,3,2
160,333,3,2
160,334,3,2
160,335,3,2
160,336,3,2
160,337,3,2
160,338,3,2
160,339,3,2
160,340,3,2
160,341,3,2
160,342,3,2
160,343,3,2
160,344,3,2
160,345,3,2
160,346,3,2
160,347,3,2
160,348,3,2
160,349,3,2
160,350,3,2
160,351,3,2
160,352,3,2
160,353,3,2
160,354,3,2
160,355,3,2
160,356,3,2
160,357,3,2
160,358,3,2
160,359,3,2
160,360,3,2
160,361,3,2
160,362,3,2
160,363,3,2
160,364,3,2
160,365,3,2
160,366,3,2
160,367,3,2
160,368,3,2
160,369,3,2
160,370,3,2
160,371,3,2
160,372,3,2
160,373,3,2
160,374,3,2
160,375,3,2
160,376,3,2
160,377,3,2
160,378,3,2
160,379,3,2
160,380,3,2
160,381,3,2
160,382,3,2
160,383,3,2
160,384,3,2
160,385,3,2
160,386,3,2
160,387,3,2
160,388,3,2
160,389,3,2
160,390,3,2
160,391,3,2
161,85,3,2
161,86,3,2
161,87,3,2
161,88,3,2
161,89,3,2
161,90,3,2
161,91,3,2
161,92,3,2
161,93,3,2
161,94,3,2
161,95,3,2
161,96,3,2
161,97,3,3
161,98,3,3
161,99,3,3
161,100,3,3
161,101,3,3
161,102,3,3
161,103,3,3
161,104,3,3
161,105,3,3
161,106,3,3
161,107,3,3
161,108,3,3
161,109,3,3
161,110,3,3
161,111,3,3
161,112,3,3
161,113,3,3
161,114,3,3
161,115,3,3
161,116,3,3
161,117,3,2
161,118,3,2
161,119,3,2
161,120,3,2
161,121,3,2
161,122,3,2
161,123,3,2
161,124,3,2
161,125,3,2
161,126,3,2
161,127,3,2
161,128,3,2
161,129,3,2
161,130,3,2
161,131,3,2
161,132,3,2
161,133,3,2
161,134,3,2
161,135,3,2
161,136,3,2
161,137,3,2
161,138,3,2
161,139,3,2
161,140,3,2
161,141,3,2
161,142,3,2
161,143,3,2
161,144,3,2
161,145,3,2
161,146,3,2
161,147,3,2
161,148,3,2
161,149,3,2
161,150,3,2
161,151,3,2
161,152,3,2
161,153,3,2
161,154,3,2
161,155,3,2
161,156,3,2
161,157,3,2
161,158,3,2
161,159,3,2
161,160,3,2
161,161,3,2
161,162,3,2
161,163,3,2
161,164,3,2
161,165,3,2
161,166,3,2
161,167,3,2
161,168,3,2
161,169,3,2
161,170,3,2
161,171,3,2
161,172,3,2
161,173,3,2
161,174,3,2
161,175,3,2
161,176,3,2
161,177,3,2
161,178,3,2
161,179,3,2
161,180,3,2
161,181,3,2
161,182,3,2
161,183,3,2
161,184,3,3
161,185,3,3
161,186,3,3
161,187,3,3
161,188,3,3
161,189,3,3
161,190,3,3
161,191,3,3
161,192,3,3
161,193,3,3
161,194,3,3
161,195,3,3
161,196,3,3
161,197,3,3
161,198,3,3
161,199,3,3
161,200,3,3
161,201,3,3
161,202,3,3
161,203,3,3
161,204,3,3
161,205,3,3
161,206,3,3
161,207,3,3
161,208,3,3
161,209,3,3
161,210,3,3
161,211,3,3
161,212,3,2
161,213,3,2
161,214,3,2
161,215,3,2
161,216,3,2
161,217,3,2
161,218,3,3
161,219,3,3
161,220,3,3
161,221,3,3
161,222,3,3
161,223,3,3
161,224,3,3
161,225,3,3
161,226,3,3
161,227,3,3
161,228,3,3
161,229,3,3
161,230,3,3
161,231,3,3
161,232,3,3
161,233,3,3
161,234,3,3
161,235,3,3
161,236,3,3
161,237,3,3
161,238,3,3
161,239,3,3
161,240,3,3
161,241,3,3
161,242,3,3
161,243,3,3
161,244,3,3
161,245,3,3
161,246,3,3
161,247,3,3
161,248,3,3
161,249,3,3
161,250,3,3
161,251,3,3
161,252,3,3
161,253,3,3
161,254,3,3
161,255,3,3
161,256,3,3
161,257,3,3
161,258,3,3
161,259,3,3
161,260,3,3
161,261,3,3
161,262,3,3
161,263,3,3
161,264,3,3
161,265,3,3
161,266,3,3
161,267,3,3
161,268,3,3
161,269,3,3
161,270,3,3
161,271,3,3
161,272,3,3
161,273,3,2
161,274,3,2
161,275,3,3
161,276,3,3
161,277,3,3
161,278,3,3
161,279,3,3
161,280,3,3
161,281,3,3
161,282,3,3
161,283,3,3
161,284,3,3
161,285,3,3
161,286,3,3
161,287,3,3
161,288,3,3
161,289,3,3
161,290,3,3
161,291,3,3
161,292,3,3
161,293,3,3
161,294,3,3
161,295,3,3
161,296,3,3
161,297,3,3
161,298,3,3
161,299,3,3
161,300,3,2
161,301,3,2
161,302,3,2
161,303,3,2
161,304,3,2
161,305,3,2
161,306,3,2
161,307,3,2
161,308,3,2
161,309,3,2
161,310,3,2
161,311,3,2
161,312,3,2
161,313,3,2
161,314,3,2
161,315,3,2
161,316,3,2
161,317,3,2
161,318,3,2
161,319,3,2
161,320,3,2
161,321,3,2
161,322,3,2
161,323,3,2
161,324,3,2
161,325,3,2
161,326,3,2
161,327,3,2
161,328,3,2
161,329,3,2
161,330,3,2
161,331,3,2
161,332,3,2
161,333,3,2
161,334,3,2
161,335,3,2
161,336,3,2
161,337,3,2
161,338,3,2
161,339,3,2
161,340,3,2
161,341,3,2
161,342,3,2
161,343,3,2
161,344,3,2
161,345,3,2
161,346,3,2
161,347,3,2
161,348,3,2
161,349,3,2
161,350,3,2
161,351,3,2
161,352,3,2
161,353,3,2
161,354,3,2
161,355,3,2
161,356,3,2
161,357,3,2
161,358,3,2
161,359,3,2
161,360,3,2
161,361,3,2
161,362,3,2
161,363,3,2
161,364,3,2
161,365,3,2
161,366,3,2
161,367,3,2
161,368,3,2
161,369,3,2
161,370,3,2
161,371,3,2
161,372,3,2
161,373,3,2
161,374,3,2
161,375,3,2
161,376,3,2
161,377,3,2
161,378,3,2
161,379,3,2
161,380,3,2
161,381,3,2
161,382,3,2
161,383,3,2
161,384,3,2
161,385,3,2
161,386,3,2
161,387,3,2
161,388,3,2
161,389,3,2
161,390,3,2
162,85,3,2
162,86,3,2
162,87,3,2
162,88,3,2
162,89,3,2
162,90,3,2
162,91,3,2
162,92,3,2
162,93,3,2
162,94,3,2
162,95,3,2
162,96,3,2
162,97,3,3
162,98,3,3
162,99,3,3
162,100,3,3
162,101,3,3
162,102,3,3
162,103,3,3
162,104,3,3
162,105,3,3
162,106,3,3
162,107,3,3
162,108,3,3
162,109,3,3
162,110,3,3
162,111,3,3
162,112,3,3
162,113,3,3
162,114,3,3
162,115,3,3
162,116,3,3
162,117,3,2
162,118,3,2
162,119,3,2
162,120,3,2
162,121,3,2
162,122,3,2
162,123,3,2
162,124,3,2
162,125,3,2
162,126,3,2
162,127,3,2
162,128,3,2
162,129,3,2
162,130,3,2
162,131,3,2
162,132,3,2
162,133,3,2
162,134,3,2
162,135,3,2
162,136,3,2
162,137,3,2
162,138,3,2
162,139,3,2
162,140,3,2
162,141,3,2
162,142,3,2
162,143,3,2
162,144,3,2
162,145,3,2
162,146,3,2
162,147,3,2
162,148,3,2
162,149,3,2
162,150,3,2
162,151,3,2
162,152,3,2
162,153,3,2
162,154,3,2
162,155,3,2
162,156,3,2
162,157,3,2
162,158,3,2
162,159,3,2
162,160,3,2
162,161,3,2
162,162,3,2
162,163,3,2
162,164,3,2
162,165,3,2
162,166,3,2
162,167,3,2
162,168,3,2
162,169,3,2
162,170,3,2
162,171,3,2
162,172,3,2
162,173,3,2
162,174,3,2
162,175,3,2
162,176,3,2
162,177,3,2
162,178,3,2
162,179,3,2
162,180,3,2
162,181,3,2
162,182,3,2
162,183,3,2
162,184,3,2
162,185,3,3
162,186,3,3
162,187,3,3
162,188,3,3
162,189,3,3
162,190,3,3
162,191,3,3
162,192,3,3
162,193,3,3
162,194,3,3
162,195,3,3
162,196,3,3
162,197,3,3
162,198,3,3
162,199,3,3
162,200,3,3
162,201,3,3
162,202,3,3
162,203,3,3
162,204,3,3
162,205,3,3
162,206,3,3
162,207,3,3
162,208,3,3
162,209,3,3
162,210,3,3
162,211,3,2
162,212,3,2
162,213,3,2
162,214,3,2
162,215,3,2
162,216,3,2
162,217,3,2
162,218,3,3
162,219,3,3
162,220,3,3
162,221,3,3
162,222,3,3
162,223,3,3
162,224,3,3
162,225,3,3
162,226,3,3
162,227,3,3
162,228,3,3
162,229,3,3
162,230,3,3
162,231,3,3
162,232,3,3
162,233,3,3
162,234,3,3
162,235,3,3
162,236,3,3
162,237,3,3
162,238,3,3
162,239,3,3
162,240,3,3
162,241,3,3
162,242,3,3
162,243,3,3
162,244,3,3
162,245,3,3
162,246,3,3
162,247,3,3
162,248,3,3
162,249,3,3
162,250,3,3
162,251,3,3
162,252,3,3
162,253,3,3
162,254,3,3
162,255,3,3
162,256,3,3
162,257,3,3
162,258,3,3
162,259,3,3
162,260,3,3
162,261,3,3
162,262,3,3
162,263,3,3
162,264,3,3
162,265,3,3
162,266,3,3
162,267,3,3
162,268,3,3
162,269,3,3
162,270,3,3
162,271,3,3
162,272,3,2
162,273,3,2
162,274,3,2
162,275,3,3
162,276,3,3
162,277,3,3
162,278,3,3
162,279,3,3
162,280,3,3
162,281,3,3
162,282,3,3
162,283,3,3
162,284,3,3
162,285,3,3
162,286,3,3
162,287,3,3
162,288,3,3
162,289,3,3
162,290,3,3
162,291,3,3
162,292,3,3
162,293,3,3
162,294,3,3
162,295,3,3
162,296,3,3
162,297,3,3
162,298,3,3
162,299,3,2
162,300,3,2
162,301,3,2
162,302,3,2
162,303,3,2
162,304,3,2
162,305,3,2
162,306,3,2
162,307,3,2
162,308,3,2
162,309,3,2
162,310,3,2
162,311,3,2
162,312,3,2
162,313,3,2
162,314,3,2
162,315,3,2
162,316,3,2
162,317,3,2
162,318,3,2
162,319,3,2
162,320,3,2
162,321,3,2
162,322,3,2
162,323,3,2
162,324,3,2
162,325,3,2
162,326,3,2
162,327,3,2
162,328,3,2
162,329,3,2
162,330,3,2
162,331,3,2
162,332,3,2
162,333,3,2
162,334,3,2
162,335,3,2
162,336,3,2
162,337,3,2
162,338,3,2
162,339,3,2
162,340,3,2
162,341,3,2
162,342,3,2
162,343,3,2
162,344,3,2
162,345,3,2
162,346,3,2
162,347,3,2
162,348,3,2
162,349,3,2
162,350,3,2
162,351,3,2
162,352,3,2
162,353,3,2
162,354,3,2
162,355,3,2
162,356,3,2
162,357,3,2
162,358,3,2
162,359,3,2
162,360,3,2
162,361,3,2
162,362,3,2
162,363,3,2
162,364,3,2
162,365,3,2
162,366,3,2
162,367,3,2
162,368,3,2
162,369,3,2
162,370,3,2
162,371,3,2
162,372,3,2
162,373,3,2
162,374,3,2
162,375,3,2
162,376,3,2
162,377,3,2
162,378,3,2
162,379,3,2
162,380,3,2
162,381,3,2
162,382,3,2
162,383,3,2
162,384,3,2
162,385,3,2
162,386,3,2
162,387,3,2
162,388,3,2
162,389,3,2
163,85,3,2
163,86,3,2
163,87,3,2
163,88,3,2
163,89,3,2
163,90,3,2
163,91,3,2
163,92,3,2
163,93,3,2
163,94,3,2
163,95,3,2
163,96,3,2
163,97,3,3
163,98,3,3
163,99,3,3
163,100,3,3
163,101,3,3
163,102,3,3
163,103,3,3
163,104,3,3
163,105,3,3
163,106,3,3
163,107,3,3
163,108,3,3
163,109,3,3
163,110,3,3
163,111,3,3
163,112,3,3
163,113,3,3
163,114,3,3
163,115,3,3
163,116,3,3
163,117,3,3
163,118,3,2
163,119,3,2
163,120,3,2
163,121,3,2
163,122,3,2
163,123,3,2
163,124,3,2
163,125,3,2
163,126,3,2
163,127,3,2
163,128,3,2
163,129,3,2
163,130,3,2
163,131,3,2
163,132,3,2
163,133,3,2
163,134,3,2
163,135,3,2
163,136,3,2
163,137,3,2
163,138,3,2
163,139,3,2
163,140,3,2
163,141,3,2
163,142,3,2
163,143,3,2
163,144,3,2
163,145,3,2
163,146,3,2
163,147,3,2
163,148,3,2
163,149,3,2
163,150,3,2
163,151,3,2
163,152,3,2
163,153,3,2
163,154,3,2
163,155,3,2
163,156,3,2
163,157,3,2
163,158,3,2
163,159,3,2
163,160,3,2
163,161,3,2
163,162,3,2
163,163,3,2
163,164,3,2
163,165,3,2
163,166,3,2
163,167,3,2
163,168,3,2
163,169,3,2
163,170,3,2
163,171,3,2
163,172,3,2
163,173,3,2
163,174,3,2
163,175,3,2
163,176,3,2
163,177,3,2
163,178,3,2
163,179,3,2
163,180,3,2
163,181,3,2
163,182,3,2
163,183,3,2
163,184,3,2
163,185,3,3
163,186,3,3
163,187,3,3
163,188,3,3
163,189,3,3
163,190,3,3
163,191,3,3
163,192,3,3
163,193,3,3
163,194,3,3
163,195,3,3
163,196,3,3
163,197,3,3
163,198,3,3
163,199,3,3
163,200,3,3
163,201,3,3
163,202,3,3
163,203,3,3
163,204,3,3
163,205,3,3
163,206,3,3
163,207,3,3
163,208,3,3
163,209,3,3
163,210,3,3
163,211,3,2
163,212,3,2
163,213,3,2
163,214,3,2
163,215,3,2
163,216,3,2
163,217,3,3
163,218,3,3
163,219,3,3
163,220,3,3
163,221,3,3
163,222,3,3
163,223,3,3
163,224,3,3
163,225,3,3
163,226,3,3
163,227,3,3
163,228,3,3
163,229,3,3
163,230,3,3
163,231,3,3
163,232,3,3
163,233,3,3
163,234,3,3
163,235,3,3
163,236,3,3
163,237,3,3
163,238,3,3
163,239,3,3
163,240,3,3
163,241,3,3
163,242,3,3
163,243,3,3
163,244,3,3
163,245,3,3
163,246,3,3
163,247,3,3
163,248,3,3
163,249,3,3
163,250,3,3
163,251,3,3
163,252,3,3
163,253,3,3
163,254,3,3
163,255,3,3
163,256,3,3
163,257,3,3
163,258,3,3
163,259,3,3
163,260,3,3
163,261,3,3
163,262,3,3
163,263,3,3
163,264,3,3
163,265,3,3
163,266,3,3
163,267,3,2
163,268,3,2
163,269,3,2
163,270,3,2
163,271,3,2
163,272,3,2
163,273,3,2
163,274,3,2
163,275,3,3
163,276,3,3
163,277,3,3
163,278,3,3
163,279,3,3
163,280,3,3
163,281,3,3
163,282,3,3
163,283,3,3
163,284,3,3
163,285,3,3
163,286,3,3
163,287,3,3
163,288,3,3
163,289,3,3
163,290,3,3
163,291,3,3
163,292,3,3
163,293,3,3
163,294,3,3
163,295,3,3
163,296,3,3
163,297,3,3
163,298,3,3
163,299,3,2
163,300,3,2
163,301,3,2
163,302,3,2
163,303,3,2
163,304,3,2
163,305,3,2
163,306,3,2
163,307,3,2
163,308,3,2
163,309,3,2
163,310,3,2
163,311,3,2
163,312,3,2
163,313,3,2
163,314,3,2
163,315,3,2
163,316,3,2
163,317,3,2
163,318,3,2
163,319,3,2
163,320,3,2
163,321,3,2
163,322,3,2
163,323,3,2
163,324,3,2
163,325,3,2
163,326,3,2
163,327,3,2
163,328,3,2
163,329,3,2
163,330,3,2
163,331,3,2
163,332,3,2
163,333,3,2
163,334,3,2
163,335,3,2
163,336,3,2
163,337,3,2
163,338,3,2
163,339,3,2
163,340,3,2
163,341,3,2
163,342,3,2
163,343,3,2
163,344,3,2
163,345,3,2
163,346,3,2
163,347,3,2
163,348,3,2
163,349,3,2
163,350,3,2
163,351,3,2
163,352,3,2
163,353,3,2
163,354,3,2
163,355,3,2
163,356,3,2
163,357,3,2
163,358,3,2
163,359,3,2
163,360,3,2
163,361,3,2
163,362,3,2
163,363,3,2
163,364,3,2
163,365,3,2
163,366,3,2
163,367,3,2
163,368,3,2
163,369,3,2
163,370,3,2
163,371,3,2
163,372,3,2
163,373,3,2
163,374,3,2
163,375,3,2
163,376,3,2
163,377,3,2
163,378,3,2
163,379,3,2
163,380,3,2
163,381,3,2
163,382,3,2
163,383,3,2
163,384,3,2
163,385,3,2
163,386,3,2
163,387,3,2
163,388,3,3
164,85,3,2
164,86,3,2
164,87,3,2
164,88,3,2
164,89,3,2
164,90,3,2
164,91,3,2
164,92,3,2
164,93,3,2
164,94,3,2
164,95,3,2
164,96,3,2
164,97,3,3
164,98,3,3
164,99,3,3
164,100,3,3
164,101,3,3
164,102,3,3
164,103,3,3
164,104,3,3
164,105,3,3
164,106,3,3
164,107,3,3
164,108,3,3
164,109,3,3
164,110,3,3
164,111,3,3
164,112,3,3
164,113,3,3
164,114,3,3
164,115,3,3
164,116,3,3
164,117,3,3
164,118,3,3
164,119,3,2
164,120,3,2
164,121,3,2
164,122,3,2
164,123,3,2
164,124,3,2
164,125,3,2
164,126,3,2
164,127,3,2
164,128,3,2
164,129,3,2
164,130,3,2
164,131,3,2
164,132,3,2
164,133,3,2
164,134,3,2
164,135,3,2
164,136,3,2
164,137,3,2
164,138,3,2
164,139,3,2
164,140,3,2
164,141,3,2
164,142,3,2
164,143,3,2
164,144,3,2
164,145,3,2
164,146,3,2
164,147,3,2
164,148,3,2
164,149,3,2
164,150,3,2
164,151,3,2
164,152,3,2
164,153,3,2
164,154,3,2
164,155,3,2
164,156,3,2
164,157,3,2
164,158,3,2
164,159,3,2
164,160,3,2
164,161,3,2
164,162,3,2
164,163,3,2
164,164,3,2
164,165,3,2
164,166,3,2
164,167,3,2
164,168,3,2
164,169,3,2
164,170,3,2
164,171,3,2
164,172,3,2
164,173,3,2
164,174,3,2
164,175,3,2
164,176,3,2
164,177,3,2
164,178,3,2
164,179,3,2
164,180,3,2
164,181,3,2
164,182,3,2
164,183,3,2
164,184,3,2
164,185,3,3
164,186,3,3
164,187,3,3
164,188,3,3
164,189,3,3
164,190,3,3
164,191,3,3
164,192,3,3
164,193,3,3
164,194,3,3
164,195,3,3
164,196,3,3
164,197,3,3
164,198,3,3
164,199,3,3
164,200,3,3
164,201,3,3
164,202,3,3
164,203,3,3
164,204,3,3
164,205,3,3
164,206,3,3
164,207,3,3
164,208,3,3
164,209,3,3
164,210,3,2
164,211,3,2
164,212,3,2
164,213,3,2
164,214,3,2
164,215,3,2
164,216,3,2
164,217,3,3
164,218,3,3
164,219,3,3
164,220,3,3
164,221,3,3
164,222,3,3
164,223,3,3
164,224,3,3
164,225,3,3
164,226,3,3
164,227,3,3
164,228,3,3
164,229,3,3
164,230,3,3
164,231,3,3
164,232,3,3
164,233,3,3
164,234,3,3
164,235,3,3
164,236,3,3
164,237,3,3
164,238,3,3
164,239,3,3
164,240,3,3
164,241,3,3
164,242,3,3
164,243,3,3
164,244,3,3
164,245,3,3
164,246,3,3
164,247,3,3
164,248,3,3
164,249,3,3
164,250,3,3
164,251,3,3
164,252,3,3
164,253,3,3
164,254,3,3
164,255,3,3
164,256,3,3
164,257,3,3
164,258,3,3
164,259,3,3
164,260,3,3
164,261,3,3
164,262,3,3
164,263,3,3
164,264,3,3
164,265,3,3
164,266,3,2
164,267,3,2
164,268,3,2
164,269,3,2
164,270,3,2
164,271,3,2
164,272,3,2
164,273,3,2
164,274,3,2
164,275,3,3
164,276,3,3
164,277,3,3
164,278,3,3
164,279,3,3
164,280,3,3
164,281,3,3
164,282,3,3
164,283,3,3
164,284,3,3
164,285,3,3
164,286,3,3
164,287,3,3
164,288,3,3
164,289,3,3
164,290,3,3
164,291,3,3
164,292,3,3
164,293,3,3
164,294,3,3
164,295,3,3
164,296,3,3
164,297,3,3
164,298,3,2
164,299,3,2
164,300,3,2
164,301,3,2
164,302,3,2
164,303,3,2
164,304,3,2
164,305,3,2
164,306,3,2
164,307,3,2
164,308,3,2
164,309,3,2
164,310,3,2
164,311,3,2
164,312,3,2
164,313,3,2
164,314,3,2
164,315,3,2
164,316,3,2
164,317,3,2
164,318,3,2
164,319,3,2
164,320,3,2
164,321,3,2
164,322,3,2
164,323,3,2
164,324,3,2
164,325,3,2
164,326,3,2
164,327,3,2
164,328,3,2
164,329,3,2
164,330,3,2
164,331,3,2
164,332,3,2
164,333,3,2
164,334,3,2
164,335,3,2
164,336,3,2
164,337,3,2
164,338,3,2
164,339,3,2
164,340,3,2
164,341,3,2
164,342,3,2
164,343,3,2
164,344,3,2
164,345,3,2
164,346,3,2
164,347,3,2
164,348,3,2
164,349,3,2
164,350,3,2
164,351,3,2
164,352,3,2
164,353,3,2
164,354,3,2
164,355,3,2
164,356,3,2
164,357,3,2
164,358,3,2
164,359,3,2
164,360,3,2
164,361,3,2
164,362,3,2
164,363,3,2
164,364,3,2
164,365,3,2
164,366,3,2
164,367,3,2
164,368,3,2
164,369,3,2
164,370,3,2
164,371,3,2
164,372,3,2
164,373,3,2
164,374,3,2
164,375,3,2
164,376,3,2
164,377,3,2
164,378,3,2
164,379,3,2
164,380,3,2
164,381,3,2
164,382,3,2
164,383,3,2
164,384,3,2
164,385,3,2
164,386,3,2
164,387,3,3
165,84,3,2
165,85,3,2
165,86,3,2
165,87,3,2
165,88,3,2
165,89,3,2
165,90,3,2
165,91,3,2
165,92,3,2
165,93,3,2
165,94,3,2
165,95,3,2
165,96,3,3
165,97,3,2
165,98,3,3
165,99,3,3
165,100,3,3
165,101,3,3
165,102,3,3
165,103,3,3
165,104,3,3
165,105,3,3
165,106,3,3
165,107,3,3
165,108,3,3
165,109,3,3
165,110,3,3
165,111,3,3
165,112,3,3
165,113,3,3
165,114,3,3
165,115,3,3
165,116,3,3
165,117,3,3
165,118,3,3
165,119,3,2
165,120,3,2
165,121,3,2
165,122,3,2
165,123,3,2
165,124,3,2
165,125,3,2
165,126,3,2
165,127,3,2
165,128,3,2
165,129,3,2
165,130,3,2
165,131,3,2
165,132,3,2
165,133,3,2
165,134,3,2
165,135,3,2
165,136,3,2
165,137,3,2
165,138,3,2
165,139,3,2
165,140,3,2
165,141,3,2
165,142,3,2
165,143,3,2
165,144,3,2
165,145,3,2
165,146,3,2
165,147,3,2
165,148,3,2
165,149,3,2
165,150,3,2
165,151,3,2
165,152,3,2
165,153,3,2
165,154,3,2
165,155,3,2
165,156,3,2
165,157,3,2
165,158,3,2
165,159,3,2
165,160,3,2
165,161,3,2
165,162,3,2
165,163,3,2
165,164,3,2
165,165,3,2
165,166,3,2
165,167,3,2
165,168,3,2
165,169,3,2
165,170,3,2
165,171,3,2
165,172,3,2
165,173,3,2
165,174,3,2
165,175,3,2
165,176,3,2
165,177,3,2
165,178,3,2
165,179,3,2
165,180,3,2
165,181,3,2
165,182,3,2
165,183,3,2
165,184,3,2
165,185,3,3
165,186,3,3
165,187,3,3
165,188,3,3
165,189,3,3
165,190,3,3
165,191,3,3
165,192,3,3
165,193,3,3
165,194,3,3
165,195,3,3
165,196,3,3
165,197,3,3
165,198,3,3
165,199,3,3
165,200,3,3
165,201,3,3
165,202,3,3
165,203,3,3
165,204,3,3
165,205,3,3
165,206,3,3
165,207,3,3
165,208,3,2
165,209,3,2
165,210,3,2
165,211,3,2
165,212,3,2
165,213,3,2
165,214,3,2
165,215,3,2
165,216,3,2
165,217,3,3
165,218,3,3
165,219,3,3
165,220,3,3
165,221,3,3
165,222,3,3
165,223,3,3
165,224,3,3
165,225,3,3
165,226,3,3
165,227,3,3
165,228,3,3
165,229,3,3
165,230,3,3
165,231,3,3
165,232,3,3
165,233,3,3
165,234,3,3
165,235,3,3
165,236,3,3
165,237,3,3
165,238,3,3
165,239,3,3
165,240,3,3
165,241,3,3
165,242,3,3
165,243,3,3
165,244,3,3
165,245,3,3
165,246,3,3
165,247,3,3
165,248,3,3
165,249,3,3
165,250,3,3
165,251,3,3
165,252,3,3
165,253,3,3
165,254,3,3
165,255,3,3
165,256,3,3
165,257,3,3
165,258,3,3
165,259,3,3
165,260,3,3
165,261,3,3
165,262,3,3
165,263,3,3
165,264,3,3
165,265,3,2
165,266,3,2
165,267,3,2
165,268,3,2
165,269,3,2
165,270,3,2
165,271,3,2
165,272,3,2
165,273,3,2
165,274,3,2
165,275,3,2
165,276,3,3
165,277,3,3
165,278,3,3
165,279,3,3
165,280,3,3
165,281,3,3
165,282,3,3
165,283,3,3
165,284,3,3
165,285,3,3
165,286,3,3
165,287,3,3
165,288,3,3
165,289,3,3
165,290,3,3
165,291,3,3
165,292,3,3
165,293,3,3
165,294,3,3
165,295,3,3
165,296,3,3
165,297,3,3
165,298,3,3
165,299,3,2
165,300,3,2
165,301,3,2
165,302,3,2
165,303,3,2
165,304,3,2
165,305,3,2
165,306,3,2
165,307,3,2
165,308,3,2
165,309,3,2
165,310,3,2
165,311,3,2
165,312,3,2
165,313,3,2
165,314,3,2
165,315,3,2
165,316,3,2
165,317,3,2
165,318,3,2
165,319,3,2
165,320,3,2
165,321,3,2
165,322,3,2
165,323,3,2
165,324,3,2
165,325,3,2
165,326,3,2
165,327,3,2
165,328,3,2
165,329,3,2
165,330,3,2
165,331,3,2
165,332,3,2
165,333,3,2
165,334,3,2
165,335,3,2
165,336,3,2
165,337,3,2
165,338,3,2
165,339,3,2
165,340,3,2
165,341,3,2
165,342,3,2
165,343,3,2
165,344,3,2
165,345,3,2
165,346,3,2
165,347,3,2
165,348,3,2
165,349,3,2
165,350,3,2
165,351,3,2
165,352,3,2
165,353,3,2
165,354,3,2
165,355,3,2
165,356,3,2
165,357,3,2
165,358,3,2
165,359,3,2
165,360,3,2
165,361,3,2
165,362,3,2
165,363,3,2
165,364,3,2
165,365,3,2
165,366,3,2
165,367,3,2
165,368,3,2
165,369,3,2
165,370,3,2
165,371,3,2
165,372,3,2
165,373,3,2
165,374,3,2
165,375,3,2
165,376,3,2
165,377,3,2
165,378,3,2
165,379,3,2
165,380,3,2
165,381,3,2
165,382,3,2
165,383,3,2
165,384,3,2
165,385,3,2
165,386,3,3
166,84,3,2
166,85,3,2
166,86,3,2
166,87,3,2
166,88,3,2
166,89,3,2
166,90,3,2
166,91,3,2
166,92,3,2
166,93,3,2
166,94,3,2
166,95,3,2
166,96,3,3
166,97,3,2
166,98,3,3
166,99,3,3
166,100,3,3
166,101,3,3
166,102,3,3
166,103,3,3
166,104,3,3
166,105,3,3
166,106,3,3
166,107,3,3
166,108,3,3
166,109,3,3
166,110,3,3
166,111,3,3
166,112,3,3
166,113,3,3
166,114,3,3
166,115,3,3
166,116,3,3
166,117,3,3
166,118,3,3
166,119,3,3
166,120,3,2
166,121,3,2
166,122,3,2
166,123,3,2
166,124,3,2
166,125,3,2
166,126,3,2
166,127,3,2
166,128,3,2
166,129,3,2
166,130,3,2
166,131,3,2
166,132,3,2
166,133,3,2
166,134,3,2
166,135,3,2
166,136,3,2
166,137,3,2
166,138,3,2
166,139,3,2
166,140,3,2
166,141,3,2
166,142,3,2
166,143,3,2
166,144,3,2
166,145,3,2
166,146,3,2
166,147,3,2
166,148,3,2
166,149,3,2
166,150,3,2
166,151,3,2
166,152,3,2
166,153,3,2
166,154,3,2
166,155,3,2
166,156,3,2
166,157,3,2
166,158,3,2
166,159,3,2
166,160,3,2
166,161,3,2
166,162,3,2
166,163,3,2
166,164,3,2
166,165,3,2
166,166,3,2
166,167,3,2
166,168,3,2
166,169,3,2
166,170,3,2
166,171,3,2
166,172,3,2
166,173,3,2
166,174,3,2
166,175,3,2
166,176,3,2
166,177,3,2
166,178,3,2
166,179,3,2
166,180,3,2
166,181,3,2
166,182,3,2
166,183,3,2
166,184,3,2
166,185,3,2
166,186,3,3
166,187,3,3
166,188,3,3
166,189,3,3
166,190,3,3
166,191,3,3
166,192,3,3
166,193,3,3
166,194,3,3
166,195,3,3
166,196,3,3
166,197,3,3
166,198,3,3
166,199,3,3
166,200,3,3
166,201,3,3
166,202,3,3
166,203,3,3
166,204,3,3
166,205,3,3
166,206,3,2
166,207,3,2
166,208,3,2
166,209,3,2
166,210,3,2
166,211,3,2
166,212,3,2
166,213,3,2
166,214,3,2
166,215,3,2
166,216,3,2
166,217,3,3
166,218,3,3
166,219,3,3
166,220,3,3
166,221,3,3
166,222,3,3
166,223,3,3
166,224,3,3
166,225,3,3
166,226,3,3
166,227,3,3
166,228,3,3
166,229,3,3
166,230,3,3
166,231,3,3
166,232,3,3
166,233,3,3
166,234,3,3
166,235,3,3
166,236,3,3
166,237,3,3
166,238,3,3
166,239,3,3
166,240,3,3
166,241,3,3
166,242,3,3
166,243,3,3
166,244,3,3
166,245,3,3
166,246,3,3
166,247,3,3
166,248,3,3
166,249,3,3
166,250,3,3
166,251,3,3
166,252,3,3
166,253,3,3
166,254,3,3
166,255,3,3
166,256,3,3
166,257,3,3
166,258,3,3
166,259,3,3
166,260,3,3
166,261,3,3
166,262,3,3
166,263,3,3
166,264,3,2
166,265,3,2
166,266,3,2
166,267,3,2
166,268,3,2
166,269,3,2
166,270,3,2
166,271,3,2
166,272,3,2
166,273,3,2
166,274,3,2
166,275,3,2
166,276,3,2
166,277,3,2
166,278,3,2
166,279,3,2
166,280,3,3
166,281,3,3
166,282,3,3
166,283,3,3
166,284,3,3
166,285,3,3
166,286,3,3
166,287,3,3
166,288,3,3
166,289,3,3
166,290,3,3
166,291,3,3
166,292,3,3
166,293,3,3
166,294,3,3
166,295,3,3
166,296,3,3
166,297,3,3
166,298,3,2
166,299,3,2
166,300,3,2
166,301,3,2
166,302,3,2
166,303,3,2
166,304,3,2
166,305,3,2
166,306,3,2
166,307,3,2
166,308,3,2
166,309,3,2
166,310,3,2
166,311,3,2
166,312,3,2
166,313,3,2
166,314,3,2
166,315,3,2
166,316,3,2
166,317,3,2
166,318,3,2
166,319,3,2
166,320,3,2
166,321,3,2
166,322,3,2
166,323,3,2
166,324,3,2
166,325,3,2
166,326,3,2
166,327,3,2
166,328,3,2
166,329,3,2
166,330,3,2
166,331,3,2
166,332,3,2
166,333,3,2
166,334,3,2
166,335,3,2
166,336,3,2
166,337,3,2
166,338,3,2
166,339,3,2
166,340,3,2
166,341,3,2
166,342,3,2
166,343,3,2
166,344,3,2
166,345,3,2
166,346,3,2
166,347,3,2
166,348,3,2
166,349,3,2
166,350,3,2
166,351,3,2
166,352,3,2
166,353,3,2
166,354,3,2
166,355,3,2
166,356,3,2
166,357,3,2
166,358,3,2
166,359,3,2
166,360,3,2
166,361,3,2
166,362,3,2
166,363,3,2
166,364,3,2
166,365,3,2
166,366,3,2
166,367,3,2
166,368,3,2
166,369,3,2
166,370,3,2
166,371,3,2
166,372,3,2
166,373,3,2
166,374,3,2
166,375,3,2
166,376,3,2
166,377,3,2
166,378,3,2
166,379,3,2
166,380,3,2
166,381,3,2
166,382,3,2
166,383,3,2
166,384,3,2
167,84,3,2
167,85,3,2
167,86,3,2
167,87,3,2
167,88,3,2
167,89,3,2
167,90,3,2
167,91,3,2
167,92,3,2
167,93,3,2
167,94,3,2
167,95,3,2
167,96,3,2
167,97,3,3
167,98,3,3
167,99,3,3
167,100,3,3
167,101,3,3
167,102,3,3
167,103,3,3
167,104,3,3
167,105,3,3
167,106,3,3
167,107,3,3
167,108,3,3
167,109,3,3
167,110,3,3
167,111,3,3
167,112,3,3
167,113,3,3
167,114,3,3
167,115,3,3
167,116,3,3
167,117,3,3
167,118,3,3
167,119,3,3
167,120,3,2
167,121,3,2
167,122,3,2
167,123,3,2
167,124,3,2
167,125,3,2
167,126,3,2
167,127,3,2
167,128,3,2
167,129,3,2
167,130,3,2
167,131,3,2
167,132,3,2
167,133,3,2
167,134,3,2
167,135,3,2
167,136,3,2
167,137,3,2
167,138,3,2
167,139,3,2
167,140,3,2
167,141,3,2
167,142,3,2
167,143,3,2
167,144,3,2
167,145,3,2
167,146,3,2
167,147,3,2
167,148,3,2
167,149,3,2
167,150,3,2
167,151,3,2
167,152,3,2
167,153,3,2
167,154,3,2
167,155,3,2
167,156,3,2
167,157,3,2
167,158,3,2
167,159,3,2
167,160,3,2
167,161,3,2
167,162,3,2
167,163,3,2
167,164,3,2
167,165,3,2
167,166,3,2
167,167,3,2
167,168,3,2
167,169,3,2
167,170,3,2
167,171,3,2
167,172,3,2
167,173,3,2
167,174,3,2
167,175,3,2
167,176,3,2
167,177,3,2
167,178,3,2
167,179,3,2
167,180,3,2
167,181,3,2
167,182,3,2
167,183,3,2
167,184,3,2
167,185,3,2
167,186,3,2
167,187,3,2
167,188,3,3
167,189,3,3
167,190,3,3
167,191,3,3
167,192,3,3
167,193,3,3
167,194,3,3
167,195,3,3
167,196,3,3
167,197,3,3
167,198,3,3
167,199,3,3
167,200,3,3
167,201,3,3
167,202,3,3
167,203,3,3
167,204,3,2
167,205,3,2
167,206,3,2
167,207,3,2
167,208,3,2
167,209,3,2
167,210,3,2
167,211,3,2
167,212,3,2
167,213,3,2
167,214,3,2
167,215,3,2
167,216,3,2
167,217,3,3
167,218,3,3
167,219,3,3
167,220,3,3
167,221,3,3
167,222,3,3
167,223,3,3
167,224,3,3
167,225,3,3
167,226,3,3
167,227,3,3
167,228,3,3
167,229,3,3
167,230,3,3
167,231,3,3
167,232,3,3
167,233,3,3
167,234,3,3
167,235,3,3
167,236,3,3
167,237,3,3
167,238,3,3
167,239,3,3
167,240,3,3
167,241,3,3
167,242,3,3
167,243,3,3
167,244,3,3
167,245,3,3
167,246,3,3
167,247,3,3
167,248,3,3
167,249,3,3
167,250,3,3
167,251,3,3
167,252,3,3
167,253,3,3
167,254,3,3
167,255,3,3
167,256,3,3
167,257,3,3
167,258,3,3
167,259,3,3
167,260,3,3
167,261,3,3
167,262,3,3
167,263,3,2
167,264,3,2
167,265,3,2
167,266,3,2
167,267,3,2
167,268,3,2
167,269,3,2
167,270,3,2
167,271,3,2
167,272,3,2
167,273,3,2
167,274,3,2
167,275,3,2
167,276,3,2
167,277,3,2
167,278,3,2
167,279,3,2
167,280,3,2
167,281,3,2
167,282,3,2
167,283,3,3
167,284,3,3
167,285,3,3
167,286,3,3
167,287,3,3
167,288,3,3
167,289,3,3
167,290,3,3
167,291,3,3
167,292,3,3
167,293,3,3
167,294,3,3
167,295,3,3
167,296,3,3
167,297,3,2
167,298,3,2
167,299,3,2
167,300,3,2
167,301,3,2
167,302,3,2
167,303,3,2
167,304,3,2
167,305,3,2
167,306,3,2
167,307,3,2
167,308,3,2
167,309,3,2
167,310,3,2
167,311,3,2
167,312,3,2
167,313,3,2
167,314,3,2
167,315,3,2
167,316,3,2
167,317,3,2
167,318,3,2
167,319,3,2
167,320,3,2
167,321,3,2
167,322,3,2
167,323,3,2
167,324,3,2
167,325,3,2
167,326,3,2
167,327,3,2
167,328,3,2
167,329,3,2
167,330,3,2
167,331,3,2
167,332,3,2
167,333,3,2
167,334,3,2
167,335,3,2
167,336,3,2
167,337,3,2
167,338,3,2
167,339,3,2
167,340,3,2
167,341,3,2
167,342,3,2
167,343,3,2
167,344,3,2
167,345,3,2
167,346,3,2
167,347,3,2
167,348,3,2
167,349,3,2
167,350,3,2
167,351,3,2
167,352,3,2
167,353,3,2
167,354,3,2
167,355,3,2
167,356,3,2
167,357,3,2
167,358,3,2
167,359,3,2
167,360,3,2
167,361,3,2
167,362,3,2
167,363,3,2
167,364,3,2
167,365,3,2
167,366,3,2
167,367,3,2
167,368,3,2
167,369,3,2
167,370,3,2
167,371,3,2
167,372,3,2
167,373,3,2
167,374,3,2
167,375,3,2
167,376,3,2
167,377,3,2
167,378,3,2
167,379,3,2
167,380,3,2
167,381,3,2
167,382,3,2
167,383,3,3
168,83,3,2
168,84,3,2
168,85,3,2
168,86,3,2
168,87,3,2
168,88,3,2
168,89,3,2
168,90,3,2
168,91,3,2
168,92,3,2
168,93,3,2
168,94,3,2
168,95,3,2
168,96,3,2
168,97,3,3
168,98,3,3
168,99,3,3
168,100,3,3
168,101,3,3
168,102,3,3
168,103,3,3
168,104,3,3
168,105,3,3
168,106,3,3
168,107,3,3
168,108,3,3
168,109,3,3
168,110,3,3
168,111,3,3
168,112,3,3
168,113,3,3
168,114,3,3
168,115,3,3
168,116,3,3
168,117,3,3
168,118,3,3
168,119,3,3
168,120,3,2
168,121,3,2
168,122,3,2
168,123,3,2
168,124,3,2
168,125,3,2
168,126,3,2
168,127,3,2
168,128,3,2
168,129,3,2
168,130,3,2
168,131,3,2
168,132,3,2
168,133,3,2
168,134,3,2
168,135,3,2
168,136,3,2
168,137,3,2
168,138,3,2
168,139,3,2
168,140,3,2
168,141,3,2
168,142,3,2
168,143,3,2
168,144,3,2
168,145,3,2
168,146,3,2
168,147,3,2
168,148,3,2
168,149,3,2
168,150,3,2
168,151,3,2
168,152,3,2
168,153,3,2
168,154,3,2
168,155,3,2
168,156,3,2
168,157,3,2
168,158,3,2
168,159,3,2
168,160,3,2
168,161,3,2
168,162,3,2
168,163,3,2
168,164,3,2
168,165,3,2
168,166,3,2
168,167,3,2
168,168,3,2
168,169,3,2
168,170,3,2
168,171,3,2
168,172,3,2
168,173,3,2
168,174,3,2
168,175,3,2
168,176,3,2
168,177,3,2
168,178,3,2
168,179,3,2
168,180,3,2
168,181,3,2
168,182,3,2
168,183,3,2
168,184,3,2
168,185,3,2
168,186,3,2
168,187,3,2
168,188,3,2
168,189,3,2
168,190,3,3
168,191,3,3
168,192,3,3
168,193,3,3
168,194,3,3
168,195,3,3
168,196,3,3
168,197,3,3
168,198,3,3
168,199,3,3
168,200,3,3
168,201,3,3
168,202,3,2
168,203,3,2
168,204,3,2
168,205,3,2
168,206,3,2
168,207,3,2
168,208,3,2
168,209,3,2
168,210,3,2
168,211,3,2
168,212,3,2
168,213,3,2
168,214,3,2
168,215,3,2
168,216,3,2
168,217,3,3
168,218,3,3
168,219,3,3
168,220,3,3
168,221,3,3
168,222,3,3
168,223,3,3
168,224,3,3
168,225,3,3
168,226,3,3
168,227,3,3
168,228,3,3
168,229,3,3
168,230,3,3
168,231,3,3
168,232,3,3
168,233,3,3
168,234,3,3
168,235,3,3
168,236,3,3
168,237,3,3
168,238,3,3
168,239,3,3
168,240,3,3
168,241,3,3
168,242,3,3
168,243,3,3
168,244,3,3
168,245,3,3
168,246,3,3
168,247,3,3
168,248,3,3
168,249,3,3
168,250,3,3
168,251,3,3
168,252,3,3
168,253,3,3
168,254,3,3
168,255,3,3
168,256,3,3
168,257,3,3
168,258,3,3
168,259,3,3
168,260,3,3
168,261,3,3
168,262,3,3
168,263,3,2
168,264,3,2
168,265,3,2
168,266,3,2
168,267,3,2
168,268,3,2
168,269,3,2
168,270,3,2
168,271,3,2
168,272,3,2
168,273,3,2
168,274,3,2
168,275,3,2
168,276,3,2
168,277,3,2
168,278,3,2
168,279,3,2
168,280,3,2
168,281,3,2
168,282,3,2
168,283,3,3
168,284,3,3
168,285,3,3
168,286,3,3
168,287,3,3
168,288,3,3
168,289,3,3
168,290,3,3
168,291,3,3
168,292,3,3
168,293,3,3
168,294,3,3
168,295,3,3
168,296,3,2
168,297,3,2
168,298,3,2
168,299,3,2
168,300,3,2
168,301,3,2
168,302,3,2
168,303,3,2
168,304,3,2
168,305,3,2
168,306,3,2
168,307,3,2
168,308,3,2
168,309,3,2
168,310,3,2
168,311,3,2
168,312,3,2
168,313,3,2
168,314,3,2
168,315,3,2
168,316,3,2
168,317,3,2
168,318,3,2
168,319,3,2
168,320,3,2
168,321,3,2
168,322,3,2
168,323,3,2
168,324,3,2
168,325,3,2
168,326,3,2
168,327,3,2
168,328,3,2
168,329,3,2
168,330,3,2
168,331,3,2
168,332,3,2
168,333,3,2
168,334,3,2
168,335,3,2
168,336,3,2
168,337,3,2
168,338,3,2
168,339,3,2
168,340,3,2
168,341,3,2
168,342,3,2
168,343,3,2
168,344,3,2
168,345,3,2
168,346,3,2
168,347,3,2
168,348,3,2
168,349,3,2
168,350,3,2
168,351,3,2
168,352,3,2
168,353,3,2
168,354,3,2
168,355,3,2
168,356,3,2
168,357,3,2
168,358,3,2
168,359,3,2
168,360,3,2
168,361,3,2
168,362,3,2
168,363,3,2
168,364,3,2
168,365,3,2
168,366,3,2
168,367,3,2
168,368,3,2
168,369,3,2
168,370,3,2
168,371,3,2
168,372,3,2
168,373,3,2
168,374,3,2
168,375,3,2
168,376,3,2
168,377,3,2
168,378,3,2
168,379,3,2
168,380,3,2
168,381,3,2
168,382,3,2
169,83,3,2
169,84,3,2
169,85,3,2
169,86,3,2
169,87,3,2
169,88,3,2
169,89,3,2
169,90,3,2
169,91,3,2
169,92,3,2
169,93,3,2
169,94,3,2
169,95,3,2
169,96,3,2
169,97,3,3
169,98,3,3
169,99,3,3
169,100,3,3
169,101,3,3
169,102,3,3
169,103,3,3
169,104,3,3
169,105,3,3
169,106,3,3
169,107,3,3
169,108,3,3
169,109,3,3
169,110,3,3
169,111,3,3
169,112,3,3
169,113,3,3
169,114,3,3
169,115,3,3
169,116,3,3
169,117,3,3
169,118,3,3
169,119,3,3
169,120,3,2
169,121,3,2
169,122,3,2
169,123,3,2
169,124,3,2
169,125,3,2
169,126,3,2
169,127,3,2
169,128,3,2
169,129,3,2
169,130,3,2
169,131,3,2
169,132,3,2
169,133,3,2
169,134,3,2
169,135,3,2
169,136,3,2
169,137,3,2
169,138,3,2
169,139,3,2
169,140,3,2
169,141,3,2
169,142,3,2
169,143,3,2
169,144,3,2
169,145,3,2
169,146,3,2
169,147,3,2
169,148,3,2
169,149,3,2
169,150,3,2
169,151,3,2
169,152,3,2
169,153,3,2
169,154,3,2
169,155,3,2
169,156,3,2
169,157,3,2
169,158,3,2
169,159,3,2
169,160,3,2
169,161,3,2
169,162,3,2
169,163,3,2
169,164,3,2
169,165,3,2
169,166,3,2
169,167,3,2
169,168,3,2
169,169,3,2
169,170,3,2
169,171,3,2
169,172,3,2
169,173,3,2
169,174,3,2
169,175,3,2
169,176,3,2
169,177,3,2
169,178,3,2
169,179,3,2
169,180,3,2
169,181,3,2
169,182,3,2
169,183,3,2
169,184,3,2
169,185,3,2
169,186,3,2
169,187,3,2
169,188,3,2
169,189,3,2
169,190,3,2
169,191,3,2
169,192,3,2
169,193,3,2
169,194,3,2
169,195,3,2
169,196,3,2
169,197,3,2
169,198,3,2
169,199,3,2
169,200,3,2
169,201,3,2
169,202,3,2
169,203,3,2
169,204,3,2
169,205,3,2
169,206,3,2
169,207,3,2
169,208,3,2
169,209,3,2
169,210,3,2
169,211,3,2
169,212,3,2
169,213,3,2
169,214,3,2
169,215,3,2
169,216,3,2
169,217,3,3
169,218,3,3
169,219,3,3
169,220,3,3
169,221,3,3
169,222,3,3
169,223,3,3
169,224,3,3
169,225,3,3
169,226,3,3
169,227,3,3
169,228,3,3
169,229,3,3
169,230,3,3
169,231,3,3
169,232,3,3
169,233,3,3
169,234,3,3
169,235,3,3
169,236,3,3
169,237,3,3
169,238,3,3
169,239,3,3
169,240,3,3
169,241,3,3
169,242,3,3
169,243,3,3
169,244,3,3
169,245,3,3
169,246,3,3
169,247,3,3
169,248,3,3
169,249,3,3
169,250,3,3
169,251,3,3
169,252,3,3
169,253,3,3
169,254,3,3
169,255,3,3
169,256,3,3
169,257,3,3
169,258,3,3
169,259,3,3
169,260,3,3
169,261,3,3
169,262,3,3
169,263,3,2
169,264,3,2
169,265,3,2
169,266,3,2
169,267,3,2
169,268,3,2
169,269,3,2
169,270,3,2
169,271,3,2
169,272,3,2
169,273,3,2
169,274,3,2
169,275,3,2
169,276,3,2
169,277,3,2
169,278,3,2
169,279,3,2
169,280,3,2
169,281,3,2
169,282,3,2
169,283,3,2
169,284,3,3
169,285,3,3
169,286,3,3
169,287,3,3
169,288,3,3
169,289,3,3
169,290,3,3
169,291,3,3
169,292,3,2
169,293,3,2
169,294,3,2
169,295,3,2
169,296,3,2
169,297,3,2
169,298,3,2
169,299,3,2
169,300,3,2
169,301,3,2
169,302,3,2
169,303,3,2
169,304,3,2
169,305,3,2
169,306,3,2
169,307,3,2
169,308,3,2
169,309,3,2
169,310,3,2
169,311,3,2
169,312,3,2
169,313,3,2
169,314,3,2
169,315,3,2
169,316,3,2
169,317,3,2
169,318,3,2
169,319,3,2
169,320,3,2
169,321,3,2
169,322,3,2
169,323,3,2
169,324,3,2
169,325,3,2
169,326,3,2
169,327,3,2
169,328,3,2
169,329,3,2
169,330,3,2
169,331,3,2
169,332,3,2
169,333,3,2
169,334,3,2
169,335,3,2
169,336,3,2
169,337,3,2
169,338,3,2
169,339,3,2
169,340,3,2
169,341,3,2
169,342,3,2
169,343,3,2
169,344,3,2
169,345,3,2
169,346,3,2
169,347,3,2
169,348,3,2
169,349,3,2
169,350,3,2
169,351,3,2
169,352,3,2
169,353,3,2
169,354,3,2
169,355,3,2
169,356,3,2
169,357,3,2
169,358,3,2
169,359,3,2
169,360,3,2
169,361,3,2
169,362,3,2
169,363,3,2
169,364,3,2
169,365,3,2
169,366,3,2
169,367,3,2
169,368,3,2
169,369,3,2
169,370,3,2
169,371,3,2
169,372,3,2
169,373,3,2
169,374,3,2
169,375,3,2
169,376,3,2
169,377,3,2
169,378,3,2
169,379,3,2
169,380,3,2
169,381,3,3
170,82,3,2
170,83,3,2
170,84,3,2
170,85,3,2
170,86,3,2
170,87,3,2
170,88,3,2
170,89,3,2
170,90,3,2
170,91,3,2
170,92,3,2
170,93,3,2
170,94,3,2
170,95,3,2
170,96,3,2
170,97,3,3
170,98,3,3
170,99,3,3
170,100,3,3
170,101,3,3
170,102,3,3
170,103,3,3
170,104,3,3
170,105,3,3
170,106,3,3
170,107,3,3
170,108,3,3
170,109,3,3
170,110,3,3
170,111,3,3
170,112,3,3
170,113,3,3
170,114,3,3
170,115,3,3
170,116,3,3
170,117,3,3
170,118,3,3
170,119,3,3
170,120,3,2
170,121,3,2
170,122,3,2
170,123,3,2
170,124,3,2
170,125,3,2
170,126,3,2
170,127,3,2
170,128,3,2
170,129,3,2
170,130,3,2
170,131,3,2
170,132,3,2
170,133,3,2
170,134,3,2
170,135,3,2
170,136,3,2
170,137,3,2
170,138,3,2
170,139,3,2
170,140,3,2
170,141,3,2
170,142,3,2
170,143,3,2
170,144,3,2
170,145,3,2
170,146,3,2
170,147,3,2
170,148,3,2
170,149,3,2
170,150,3,2
170,151,3,2
170,152,3,2
170,153,3,2
170,154,3,2
170,155,3,2
170,156,3,2
170,157,3,2
170,158,3,2
170,159,3,2
170,160,3,2
170,161,3,2
170,162,3,2
170,163,3,2
170,164,3,2
170,165,3,2
170,166,3,2
170,167,3,2
170,168,3,2
170,169,3,2
170,170,3,2
170,171,3,2
170,172,3,2
170,173,3,2
170,174,3,2
170,175,3,2
170,176,3,2
170,177,3,2
170,178,3,2
170,179,3,2
170,180,3,2
170,181,3,2
170,182,3,2
170,183,3,2
170,184,3,2
170,185,3,2
170,186,3,2
170,187,3,2
170,188,3,2
170,189,3,2
170,190,3,2
170,191,3,2
170,192,3,2
170,193,3,2
170,194,3,2
170,195,3,2
170,196,3,2
170,197,3,2
170,198,3,2
170,199,3,2
170,200,3,2
170,201,3,2
170,202,3,2
170,203,3,2
170,204,3,2
170,205,3,2
170,206,3,2
170,207,3,2
170,208,3,2
170,209,3,2
170,210,3,2
170,211,3,2
170,212,3,2
170,213,3,2
170,214,3,2
170,215,3,2
170,216,3,2
170,217,3,3
170,218,3,3
170,219,3,3
170,220,3,3
170,221,3,3
170,222,3,3
170,223,3,3
170,224,3,3
170,225,3,3
170,226,3,3
170,227,3,3
170,228,3,3
170,229,3,3
170,230,3,3
170,231,3,3
170,232,3,3
170,233,3,3
170,234,3,3
170,235,3,3
170,236,3,3
170,237,3,3
170,238,3,3
170,239,3,3
170,240,3,3
170,241,3,3
170,242,3,3
170,243,3,3
170,244,3,3
170,245,3,3
170,246,3,3
170,247,3,3
170,248,3,3
170,249,3,3
170,250,3,3
170,251,3,3
170,252,3,3
170,253,3,3
170,254,3,3
170,255,3,3
170,256,3,3
170,257,3,3
170,258,3,3
170,259,3,3
170,260,3,3
170,261,3,3
170,262,3,2
170,263,3,2
170,264,3,2
170,265,3,2
170,266,3,2
170,267,3,2
170,268,3,2
170,269,3,2
170,270,3,2
170,271,3,2
170,272,3,2
170,273,3,2
170,274,3,2
170,275,3,2
170,276,3,2
170,277,3,2
170,278,3,2
170,279,3,2
170,280,3,2
170,281,3,2
170,282,3,2
170,283,3,2
170,284,3,2
170,285,3,3
170,286,3,3
170,287,3,3
170,288,3,3
170,289,3,3
170,290,3,3
170,291,3,2
170,292,3,2
170,293,3,2
170,294,3,2
170,295,3,2
170,296,3,2
170,297,3,2
170,298,3,2
170,299,3,2
170,300,3,2
170,301,3,2
170,302,3,2
170,303,3,2
170,304,3,2
170,305,3,2
170,306,3,2
170,307,3,2
170,308,3,2
170,309,3,2
170,310,3,2
170,311,3,2
170,312,3,2
170,313,3,2
170,314,3,2
170,315,3,2
170,316,3,2
170,317,3,2
170,318,3,2
170,319,3,2
170,320,3,2
170,321,3,2
170,322,3,2
170,323,3,2
170,324,3,2
170,325,3,2
170,326,3,2
170,327,3,2
170,328,3,2
170,329,3,2
170,330,3,2
170,331,3,2
170,332,3,2
170,333,3,2
170,334,3,2
170,335,3,2
170,336,3,2
170,337,3,2
170,338,3,2
170,339,3,2
170,340,3,2
170,341,3,2
170,342,3,2
170,343,3,2
170,344,3,2
170,345,3,2
170,346,3,2
170,347,3,2
170,348,3,2
170,349,3,2
170,350,3,2
170,351,3,2
170,352,3,2
170,353,3,2
170,354,3,2
170,355,3,2
170,356,3,2
170,357,3,2
170,358,3,2
170,359,3,2
170,360,3,2
170,361,3,2
170,362,3,2
170,363,3,2
170,364,3,2
170,365,3,2
170,366,3,2
170,367,3,2
170,368,3,2
170,369,3,2
170,370,3,2
170,371,3,2
170,372,3,2
170,373,3,2
170,374,3,2
170,375,3,2
170,376,3,2
170,377,3,2
170,378,3,2
170,379,3,2
170,380,3,3
171,82,3,2
171,83,3,2
171,84,3,2
171,85,3,2
171,86,3,2
171,87,3,2
171,88,3,2
171,89,3,2
171,90,3,2
171,91,3,2
171,92,3,2
171,93,3,2
171,94,3,2
171,95,3,2
171,96,3,2
171,97,3,3
171,98,3,3
171,99,3,3
171,100,3,3
171,101,3,3
171,102,3,3
171,103,3,3
171,104,3,3
171,105,3,3
171,106,3,3
171,107,3,3
171,108,3,3
171,109,3,3
171,110,3,3
171,111,3,3
171,112,3,3
171,113,3,3
171,114,3,3
171,115,3,3
171,116,3,3
171,117,3,3
171,118,3,3
171,119,3,3
171,120,3,2
171,121,3,2
171,122,3,2
171,123,3,2
171,124,3,2
171,125,3,2
171,126,3,2
171,127,3,2
171,128,3,2
171,129,3,2
171,130,3,2
171,131,3,2
171,132,3,2
171,133,3,2
171,134,3,2
171,135,3,2
171,136,3,2
171,137,3,2
171,138,3,2
171,139,3,2
171,140,3,2
171,141,3,2
171,142,3,2
171,143,3,2
171,144,3,2
171,145,3,2
171,146,3,2
171,147,3,2
171,148,3,2
171,149,3,2
171,150,3,2
171,151,3,2
171,152,3,2
171,153,3,2
171,154,3,2
171,155,3,2
171,156,3,2
171,157,3,2
171,158,3,2
171,159,3,2
171,160,3,2
171,161,3,2
171,162,3,2
171,163,3,2
171,164,3,2
171,165,3,2
171,166,3,2
171,167,3,2
171,168,3,2
171,169,3,2
171,170,3,2
171,171,3,2
171,172,3,2
171,173,3,2
171,174,3,2
171,175,3,2
171,176,3,2
171,177,3,2
171,178,3,2
171,179,3,2
171,180,3,2
171,181,3,2
171,182,3,2
171,183,3,2
171,184,3,2
171,185,3,2
171,186,3,2
171,187,3,2
171,188,3,2
171,189,3,2
171,190,3,2
171,191,3,2
171,192,3,2
171,193,3,2
171,194,3,2
171,195,3,2
171,196,3,2
171,197,3,2
171,198,3,2
171,199,3,2
171,200,3,2
171,201,3,2
171,202,3,2
171,203,3,2
171,204,3,2
171,205,3,2
171,206,3,2
171,207,3,2
171,208,3,2
171,209,3,2
171,210,3,2
171,211,3,2
171,212,3,2
171,213,3,2
171,214,3,2
171,215,3,2
171,216,3,2
171,217,3,3
171,218,3,3
171,219,3,3
171,220,3,3
171,221,3,3
171,222,3,3
171,223,3,3
171,224,3,3
171,225,3,3
171,226,3,3
171,227,3,3
171,228,3,3
171,229,3,3
171,230,3,3
171,231,3,3
171,232,3,3
171,233,3,3
171,234,3,3
171,235,3,3
171,236,3,3
171,237,3,3
171,238,3,3
171,239,3,3
171,240,3,3
171,241,3,3
171,242,3,3
171,243,3,3
171,244,3,3
171,245,3,3
171,246,3,3
171,247,3,3
171,248,3,3
171,249,3,3
171,250,3,3
171,251,3,3
171,252,3,3
171,253,3,3
171,254,3,3
171,255,3,3
171,256,3,3
171,257,3,3
171,258,3,3
171,259,3,3
171,260,3,3
171,261,3,3
171,262,3,3
171,263,3,2
171,264,3,2
171,265,3,2
171,266,3,2
171,267,3,2
171,268,3,2
171,269,3,2
171,270,3,2
171,271,3,2
171,272,3,2
171,273,3,2
171,274,3,2
171,275,3,2
171,276,3,2
171,277,3,3
171,278,3,3
171,279,3,3
171,280,3,3
171,281,3,3
171,282,3,3
171,283,3,3
171,284,3,3
171,285,3,3
171,286,3,3
171,287,3,3
171,288,3,3
171,289,3,3
171,290,3,3
171,291,3,2
171,292,3,2
171,293,3,2
171,294,3,2
171,295,3,2
171,296,3,2
171,297,3,2
171,298,3,2
171,299,3,2
171,300,3,2
171,301,3,2
171,302,3,2
171,303,3,2
171,304,3,2
171,305,3,2
171,306,3,2
171,307,3,2
171,308,3,2
171,309,3,2
171,310,3,2
171,311,3,2
171,312,3,2
171,313,3,2
171,314,3,2
171,315,3,2
171,316,3,2
171,317,3,2
171,318,3,2
171,319,3,2
171,320,3,2
171,321,3,2
171,322,3,2
171,323,3,2
171,324,3,2
171,325,3,2
171,326,3,2
171,327,3,2
171,328,3,2
171,329,3,2
171,330,3,2
171,331,3,2
171,332,3,2
171,333,3,2
171,334,3,2
171,335,3,2
171,336,3,2
171,337,3,2
171,338,3,2
171,339,3,2
171,340,3,2
171,341,3,2
171,342,3,2
171,343,3,2
171,344,3,2
171,345,3,2
171,346,3,2
171,347,3,2
171,348,3,2
171,349,3,2
171,350,3,2
171,351,3,2
171,352,3,2
171,353,3,2
171,354,3,2
171,355,3,2
171,356,3,2
171,357,3,2
171,358,3,2
171,359,3,2
171,360,3,2
171,361,3,2
171,362,3,2
171,363,3,2
171,364,3,2
171,365,3,2
171,366,3,2
171,367,3,2
171,368,3,2
171,369,3,2
171,370,3,2
171,371,3,2
171,372,3,2
171,373,3,2
171,374,3,2
171,375,3,2
171,376,3,2
171,377,3,2
171,378,3,2
172,81,3,2
172,82,3,2
172,83,3,2
172,84,3,2
172,85,3,2
172,86,3,2
172,87,3,2
172,88,3,2
172,89,3,2
172,90,3,2
172,91,3,2
172,92,3,2
172,93,3,2
172,94,3,2
172,95,3,2
172,96,3,2
172,97,3,3
172,98,3,3
172,99,3,3
172,100,3,3
172,101,3,3
172,102,3,3
172,103,3,3
172,104,3,3
172,105,3,3
172,106,3,3
172,107,3,3
172,108,3,3
172,109,3,3
172,110,3,3
172,111,3,3
172,112,3,3
172,113,3,3
172,114,3,3
172,115,3,3
172,116,3,3
172,117,3,3
172,118,3,3
172,119,3,3
172,120,3,2
172,121,3,2
172,122,3,2
172,123,3,2
172,124,3,2
172,125,3,2
172,126,3,2
172,127,3,2
172,128,3,2
172,129,3,2
172,130,3,2
172,131,3,2
172,132,3,2
172,133,3,2
172,134,3,2
172,135,3,2
172,136,3,2
172,137,3,2
172,138,3,2
172,139,3,2
172,140,3,2
172,141,3,2
172,142,3,2
172,143,3,2
172,144,3,2
172,145,3,2
172,146,3,2
172,147,3,2
172,148,3,2
172,149,3,2
172,150,3,2
172,151,3,2
172,152,3,2
172,153,3,2
172,154,3,2
172,155,3,2
172,156,3,2
172,157,3,2
172,158,3,2
172,159,3,2
172,160,3,2
172,161,3,2
172,162,3,2
172,163,3,2
172,164,3,2
172,165,3,2
172,166,3,2
172,167,3,2
172,168,3,2
172,169,3,2
172,170,3,2
172,171,3,2
172,172,3,2
172,173,3,2
172,174,3,2
172,175,3,2
172,176,3,2
172,177,3,2
172,178,3,2
172,179,3,2
172,180,3,2
172,181,3,2
172,182,3,2
172,183,3,2
172,184,3,2
172,185,3,2
172,186,3,2
172,187,3,2
172,188,3,2
172,189,3,2
172,190,3,2
172,191,3,2
172,192,3,2
172,193,3,2
172,194,3,2
172,195,3,2
172,196,3,2
172,197,3,2
172,198,3,2
172,199,3,2
172,200,3,2
172,201,3,2
172,202,3,2
172,203,3,2
172,204,3,2
172,205,3,2
172,206,3,2
172,207,3,2
172,208,3,2
172,209,3,2
172,210,3,2
172,211,3,2
172,212,3,2
172,213,3,2
172,214,3,2
172,215,3,2
172,216,3,2
172,217,3,2
172,218,3,3
172,219,3,3
172,220,3,3
172,221,3,3
172,222,3,3
172,223,3,3
172,224,3,3
172,225,3,3
172,226,3,3
172,227,3,3
172,228,3,3
172,229,3,3
172,230,3,3
172,231,3,3
172,232,3,3
172,233,3,3
172,234,3,3
172,235,3,3
172,236,3,3
172,237,3,3
172,238,3,3
172,239,3,3
172,240,3,3
172,241,3,3
172,242,3,3
172,243,3,3
172,244,3,3
172,245,3,3
172,246,3,3
172,247,3,3
172,248,3,3
172,249,3,3
172,250,3,3
172,251,3,3
172,252,3,3
172,253,3,3
172,254,3,3
172,255,3,3
172,256,3,3
172,257,3,3
172,258,3,3
172,259,3,3
172,260,3,3
172,261,3,3
172,262,3,3
172,263,3,2
172,264,3,2
172,265,3,2
172,266,3,2
172,267,3,2
172,268,3,2
172,269,3,2
172,270,3,2
172,271,3,2
172,272,3,2
172,273,3,2
172,274,3,2
172,275,3,2
172,276,3,2
172,277,3,3
172,278,3,3
172,279,3,3
172,280,3,3
172,281,3,3
172,282,3,3
172,283,3,3
172,284,3,3
172,285,3,3
172,286,3,3
172,287,3,3
172,288,3,3
172,289,3,2
172,290,3,3
172,291,3,2
172,292,3,2
172,293,3,2
172,294,3,2
172,295,3,2
172,296,3,2
172,297,3,2
172,298,3,2
172,299,3,2
172,300,3,2
172,301,3,2
172,302,3,2
172,303,3,2
172,304,3,2
172,305,3,2
172,306,3,2
172,307,3,2
172,308,3,2
172,309,3,2
172,310,3,2
172,311,3,2
172,312,3,2
172,313,3,2
172,314,3,2
172,315,3,2
172,316,3,2
172,317,3,2
172,318,3,2
172,319,3,2
172,320,3,2
172,321,3,2
172,322,3,2
172,323,3,2
172,324,3,2
172,325,3,2
172,326,3,2
172,327,3,2
172,328,3,2
172,329,3,2
172,330,3,2
172,331,3,2
172,332,3,2
172,333,3,2
172,334,3,2
172,335,3,2
172,336,3,2
172,337,3,2
172,338,3,2
172,339,3,2
172,340,3,2
172,341,3,2
172,342,3,2
172,343,3,2
172,344,3,2
172,345,3,2
172,346,3,2
172,347,3,2
172,348,3,2
172,349,3,2
172,350,3,2
172,351,3,2
172,352,3,2
172,353,3,2
172,354,3,2
172,355,3,2
172,356,3,2
172,357,3,2
172,358,3,2
172,359,3,2
172,360,3,2
172,361,3,2
172,362,3,2
172,363,3,2
172,364,3,2
172,365,3,2
172,366,3,2
172,367,3,2
172,368,3,2
172,369,3,2
172,370,3,2
172,371,3,2
172,372,3,2
172,373,3,2
172,374,3,2
172,375,3,2
172,376,3,2
172,377,3,2
172,378,3,2
173,81,3,2
173,82,3,2
173,83,3,2
173,84,3,2
173,85,3,2
173,86,3,2
173,87,3,2
173,88,3,2
173,89,3,2
173,90,3,3
173,91,3,2
173,92,3,2
173,93,3,2
173,94,3,2
173,95,3,2
173,96,3,2
173,97,3,3
173,98,3,3
173,99,3,3
173,100,3,3
173,101,3,3
173,102,3,3
173,103,3,3
173,104,3,3
173,105,3,3
173,106,3,3
173,107,3,3
173,108,3,3
173,109,3,3
173,110,3,3
173,111,3,3
173,112,3,3
173,113,3,3
173,114,3,3
173,115,3,3
173,116,3,3
173,117,3,3
173,118,3,3
173,119,3,3
173,120,3,2
173,121,3,2
173,122,3,2
173,123,3,2
173,124,3,2
173,125,3,2
173,126,3,2
173,127,3,2
173,128,3,2
173,129,3,2
173,130,3,2
173,131,3,2
173,132,3,2
173,133,3,2
173,134,3,2
173,135,3,2
173,136,3,2
173,137,3,2
173,138,3,2
173,139,3,2
173,140,3,2
173,141,3,2
173,142,3,2
173,143,3,2
173,144,3,2
173,145,3,2
173,146,3,2
173,147,3,2
173,148,3,2
173,149,3,2
173,150,3,2
173,151,3,2
173,152,3,2
173,153,3,3
173,154,3,3
173,155,3,3
173,156,3,3
173,157,3,3
173,158,3,3
173,159,3,3
173,160,3,3
173,161,3,3
173,162,3,3
173,163,3,3
173,164,3,3
173,165,3,3
173,166,3,3
173,167,3,3
173,168,3,3
173,169,3,3
173,170,3,3
173,171,3,3
173,172,3,3
173,173,3,3
173,174,3,3
173,175,3,3
173,176,3,3
173,177,3,3
173,178,3,3
173,179,3,3
173,180,3,3
173,181,3,3
173,182,3,3
173,183,3,3
173,184,3,3
173,185,3,3
173,186,3,3
173,187,3,3
173,188,3,3
173,189,3,2
173,190,3,2
173,191,3,2
173,192,3,2
173,193,3,3
173,194,3,3
173,195,3,3
173,196,3,3
173,197,3,3
173,198,3,3
173,199,3,2
173,200,3,2
173,201,3,2
173,202,3,2
173,203,3,2
173,204,3,2
173,205,3,2
173,206,3,2
173,207,3,2
173,208,3,2
173,209,3,2
173,210,3,2
173,211,3,2
173,212,3,2
173,213,3,2
173,214,3,2
173,215,3,2
173,216,3,2
173,217,3,2
173,218,3,3
173,219,3,3
173,220,3,3
173,221,3,3
173,222,3,3
173,223,3,3
173,224,3,3
173,225,3,3
173,226,3,3
173,227,3,3
173,228,3,3
173,229,3,3
173,230,3,3
173,231,3,3
173,232,3,3
173,233,3,3
173,234,3,3
173,235,3,3
173,236,3,3
173,237,3,3
173,238,3,3
173,239,3,3
173,240,3,3
173,241,3,3
173,242,3,3
173,243,3,3
173,244,3,3
173,245,3,3
173,246,3,3
173,247,3,3
173,248,3,3
173,249,3,3
173,250,3,3
173,251,3,3
173,252,3,3
173,253,3,3
173,254,3,3
173,255,3,3
173,256,3,3
173,257,3,3
173,258,3,3
173,259,3,3
173,260,3,3
173,261,3,3
173,262,3,3
173,263,3,2
173,264,3,2
173,265,3,2
173,266,3,2
173,267,3,2
173,268,3,2
173,269,3,2
173,270,3,2
173,271,3,2
173,272,3,2
173,273,3,2
173,274,3,2
173,275,3,3
173,276,3,3
173,277,3,3
173,278,3,3
173,279,3,3
173,280,3,3
173,281,3,3
173,282,3,3
173,283,3,3
173,284,3,3
173,285,3,3
173,286,3,3
173,287,3,3
173,288,3,3
173,289,3,3
173,290,3,3
173,291,3,2
173,292,3,2
173,293,3,2
173,294,3,2
173,295,3,2
173,296,3,2
173,297,3,2
173,298,3,2
173,299,3,2
173,300,3,2
173,301,3,2
173,302,3,2
173,303,3,2
173,304,3,2
173,305,3,2
173,306,3,2
173,307,3,2
173,308,3,2
173,309,3,2
173,310,3,2
173,311,3,2
173,312,3,2
173,313,3,2
173,314,3,2
173,315,3,2
173,316,3,2
173,317,3,2
173,318,3,2
173,319,3,2
173,320,3,2
173,321,3,2
173,322,3,2
173,323,3,2
173,324,3,2
173,325,3,2
173,326,3,2
173,327,3,2
173,328,3,2
173,329,3,2
173,330,3,2
173,331,3,2
173,332,3,2
173,333,3,2
173,334,3,2
173,335,3,2
173,336,3,2
173,337,3,2
173,338,3,2
173,339,3,2
173,340,3,2
173,341,3,2
173,342,3,2
173,343,3,2
173,344,3,2
173,345,3,2
173,346,3,2
173,347,3,2
173,348,3,2
173,349,3,2
173,350,3,2
173,351,3,2
173,352,3,2
173,353,3,2
173,354,3,2
173,355,3,2
173,356,3,2
173,357,3,2
173,358,3,2
173,359,3,2
173,360,3,2
173,361,3,2
173,362,3,2
173,363,3,2
173,364,3,2
173,365,3,2
173,366,3,2
173,367,3,2
173,368,3,2
173,369,3,2
173,370,3,2
173,371,3,2
173,372,3,2
173,373,3,2
173,374,3,2
173,375,3,2
173,376,3,3
174,81,3,2
174,82,3,2
174,83,3,2
174,84,3,2
174,85,3,2
174,86,3,2
174,87,3,2
174,88,3,2
174,89,3,2
174,90,3,3
174,91,3,2
174,92,3,2
174,93,3,2
174,94,3,2
174,95,3,2
174,96,3,2
174,97,3,3
174,98,3,3
174,99,3,3
174,100,3,3
174,101,3,3
174,102,3,3
174,103,3,3
174,104,3,3
174,105,3,3
174,106,3,3
174,107,3,3
174,108,3,3
174,109,3,3
174,110,3,3
174,111,3,3
174,112,3,3
174,113,3,3
174,114,3,3
174,115,3,3
174,116,3,3
174,117,3,3
174,118,3,3
174,119,3,2
174,120,3,2
174,121,3,2
174,122,3,2
174,123,3,2
174,124,3,2
174,125,3,2
174,126,3,2
174,127,3,2
174,128,3,2
174,129,3,2
174,130,3,2
174,131,3,2
174,132,3,2
174,133,3,2
174,134,3,2
174,135,3,2
174,136,3,2
174,137,3,2
174,138,3,2
174,139,3,2
174,140,3,2
174,141,3,2
174,142,3,2
174,143,3,2
174,144,3,2
174,145,3,2
174,146,3,2
174,147,3,2
174,148,3,2
174,149,3,2
174,150,3,2
174,151,3,2
174,152,3,2
174,153,3,3
174,154,3,3
174,155,3,3
174,156,3,3
174,157,3,3
174,158,3,3
174,159,3,3
174,160,3,3
174,161,3,3
174,162,3,3
174,163,3,3
174,164,3,3
174,165,3,3
174,166,3,3
174,167,3,3
174,168,3,3
174,169,3,3
174,170,3,3
174,171,3,3
174,172,3,3
174,173,3,3
174,174,3,3
174,175,3,3
174,176,3,3
174,177,3,3
174,178,3,3
174,179,3,3
174,180,3,3
174,181,3,3
174,182,3,3
174,183,3,3
174,184,3,3
174,185,3,3
174,186,3,3
174,187,3,3
174,188,3,3
174,189,3,2
174,190,3,2
174,191,3,2
174,192,3,3
174,193,3,3
174,194,3,3
174,195,3,3
174,196,3,3
174,197,3,3
174,198,3,3
174,199,3,2
174,200,3,2
174,201,3,2
174,202,3,2
174,203,3,2
174,204,3,2
174,205,3,2
174,206,3,2
174,207,3,2
174,208,3,2
174,209,3,2
174,210,3,2
174,211,3,2
174,212,3,2
174,213,3,2
174,214,3,2
174,215,3,2
174,216,3,2
174,217,3,2
174,218,3,2
174,219,3,3
174,220,3,3
174,221,3,3
174,222,3,3
174,223,3,3
174,224,3,3
174,225,3,3
174,226,3,3
174,227,3,3
174,228,3,3
174,229,3,3
174,230,3,3
174,231,3,3
174,232,3,3
174,233,3,3
174,234,3,3
174,235,3,3
174,236,3,3
174,237,3,3
174,238,3,3
174,239,3,3
174,240,3,3
174,241,3,3
174,242,3,3
174,243,3,3
174,244,3,3
174,245,3,3
174,246,3,3
174,247,3,3
174,248,3,3
174,249,3,3
174,250,3,3
174,251,3,3
174,252,3,3
174,253,3,3
174,254,3,3
174,255,3,3
174,256,3,3
174,257,3,3
174,258,3,3
174,259,3,3
174,260,3,3
174,261,3,3
174,262,3,3
174,263,3,2
174,264,3,2
174,265,3,2
174,266,3,2
174,267,3,2
174,268,3,2
174,269,3,2
174,270,3,2
174,271,3,2
174,272,3,2
174,273,3,2
174,274,3,2
174,275,3,3
174,276,3,3
174,277,3,3
174,278,3,3
174,279,3,3
174,280,3,3
174,281,3,3
174,282,3,3
174,283,3,3
174,284,3,3
174,285,3,3
174,286,3,3
174,287,3,3
174,288,3,3
174,289,3,3
174,290,3,3
174,291,3,2
174,292,3,2
174,293,3,2
174,294,3,2
174,295,3,2
174,296,3,2
174,297,3,2
174,298,3,2
174,299,3,2
174,300,3,2
174,301,3,2
174,302,3,2
174,303,3,2
174,304,3,2
174,305,3,2
174,306,3,2
174,307,3,2
174,308,3,2
174,309,3,2
174,310,3,2
174,311,3,2
174,312,3,2
174,313,3,2
174,314,3,2
174,315,3,2
174,316,3,2
174,317,3,2
174,318,3,2
174,319,3,2
174,320,3,2
174,321,3,2
174,322,3,2
174,323,3,2
174,324,3,2
174,325,3,2
174,326,3,2
174,327,3,2
174,328,3,2
174,329,3,2
174,330,3,2
174,331,3,2
174,332,3,2
174,333,3,2
174,334,3,2
174,335,3,2
174,336,3,2
174,337,3,2
174,338,3,2
174,339,3,2
174,340,3,2
174,341,3,2
174,342,3,2
174,343,3,2
174,344,3,2
174,345,3,2
174,346,3,2
174,347,3,2
174,348,3,2
174,349,3,2
174,350,3,2
174,351,3,2
174,352,3,2
174,353,3,2
174,354,3,2
174,355,3,2
174,356,3,2
174,357,3,2
174,358,3,2
174,359,3,2
174,360,3,2
174,361,3,2
174,362,3,2
174,363,3,2
174,364,3,2
174,365,3,2
174,366,3,2
174,367,3,2
174,368,3,2
174,369,3,2
174,370,3,2
174,371,3,2
174,372,3,2
174,373,3,2
174,374,3,2
174,375,3,3
175,81,3,2
175,82,3,2
175,83,3,2
175,84,3,2
175,85,3,2
175,86,3,2
175,87,3,2
175,88,3,2
175,89,3,3
175,90,3,3
175,91,3,3
175,92,3,3
175,93,3,2
175,94,3,2
175,95,3,2
175,96,3,3
175,97,3,3
175,98,3,3
175,99,3,3
175,100,3,3
175,101,3,3
175,102,3,3
175,103,3,3
175,104,3,3
175,105,3,3
175,106,3,3
175,107,3,3
175,108,3,3
175,109,3,3
175,110,3,3
175,111,3,3
175,112,3,3
175,113,3,3
175,114,3,3
175,115,3,3
175,116,3,3
175,117,3,3
175,118,3,3
175,119,3,3
175,120,3,2
175,121,3,2
175,122,3,2
175,123,3,2
175,124,3,2
175,125,3,2
175,126,3,2
175,127,3,2
175,128,3,2
175,129,3,2
175,130,3,2
175,131,3,2
175,132,3,2
175,133,3,2
175,134,3,2
175,135,3,2
175,136,3,2
175,137,3,2
175,138,3,2
175,139,3,2
175,140,3,2
175,141,3,2
175,142,3,2
175,143,3,2
175,144,3,2
175,145,3,2
175,146,3,2
175,147,3,2
175,148,3,2
175,149,3,2
175,150,3,2
175,151,3,3
175,152,3,3
175,153,3,3
175,154,3,3
175,155,3,3
175,156,3,3
175,157,3,3
175,158,3,3
175,159,3,3
175,160,3,3
175,161,3,3
175,162,3,3
175,163,3,3
175,164,3,3
175,165,3,3
175,166,3,3
175,167,3,3
175,168,3,3
175,169,3,3
175,170,3,3
175,171,3,3
175,172,3,3
175,173,3,3
175,174,3,3
175,175,3,3
175,176,3,3
175,177,3,3
175,178,3,3
175,179,3,3
175,180,3,3
175,181,3,3
175,182,3,3
175,183,3,3
175,184,3,3
175,185,3,3
175,186,3,3
175,187,3,3
175,188,3,3
175,189,3,3
175,190,3,3
175,191,3,3
175,192,3,3
175,193,3,3
175,194,3,3
175,195,3,3
175,196,3,3
175,197,3,3
175,198,3,3
175,199,3,3
175,200,3,3
175,201,3,2
175,202,3,2
175,203,3,2
175,204,3,2
175,205,3,2
175,206,3,2
175,207,3,2
175,208,3,2
175,209,3,2
175,210,3,2
175,211,3,2
175,212,3,2
175,213,3,2
175,214,3,2
175,215,3,2
175,216,3,2
175,217,3,2
175,218,3,2
175,219,3,3
175,220,3,3
175,221,3,3
175,222,3,3
175,223,3,3
175,224,3,3
175,225,3,3
175,226,3,3
175,227,3,3
175,228,3,3
175,229,3,3
175,230,3,3
175,231,3,3
175,232,3,3
175,233,3,3
175,234,3,3
175,235,3,3
175,236,3,3
175,237,3,3
175,238,3,3
175,239,3,3
175,240,3,3
175,241,3,3
175,242,3,3
175,243,3,3
175,244,3,3
175,245,3,3
175,246,3,3
175,247,3,3
175,248,3,3
175,249,3,3
175,250,3,3
175,251,3,3
175,252,3,3
175,253,3,3
175,254,3,3
175,255,3,3
175,256,3,3
175,257,3,3
175,258,3,3
175,259,3,3
175,260,3,3
175,261,3,3
175,262,3,3
175,263,3,2
175,264,3,2
175,265,3,2
175,266,3,2
175,267,3,2
175,268,3,2
175,269,3,2
175,270,3,2
175,271,3,2
175,272,3,2
175,273,3,2
175,274,3,2
175,275,3,3
175,276,3,3
175,277,3,3
175,278,3,3
175,279,3,3
175,280,3,3
175,281,3,3
175,282,3,3
175,283,3,3
175,284,3,3
175,285,3,3
175,286,3,3
175,287,3,3
175,288,3,3
175,289,3,3
175,290,3,3
175,291,3,3
175,292,3,2
175,293,3,2
175,294,3,2
175,295,3,2
175,296,3,2
175,297,3,2
175,298,3,2
175,299,3,2
175,300,3,2
175,301,3,2
175,302,3,2
175,303,3,2
175,304,3,2
175,305,3,2
175,306,3,2
175,307,3,2
175,308,3,2
175,309,3,2
175,310,3,2
175,311,3,2
175,312,3,2
175,313,3,2
175,314,3,2
175,315,3,2
175,316,3,2
175,317,3,2
175,318,3,2
175,319,3,2
175,320,3,2
175,321,3,2
175,322,3,2
175,323,3,2
175,324,3,2
175,325,3,2
175,326,3,2
175,327,3,2
175,328,3,2
175,329,3,2
175,330,3,2
175,331,3,2
175,332,3,2
175,333,3,2
175,334,3,2
175,335,3,2
175,336,3,2
175,337,3,2
175,338,3,2
175,339,3,2
175,340,3,2
175,341,3,2
175,342,3,2
175,343,3,2
175,344,3,2
175,345,3,2
175,346,3,2
175,347,3,2
175,348,3,2
175,349,3,2
175,350,3,2
175,351,3,2
175,352,3,2
175,353,3,2
175,354,3,2
175,355,3,2
175,356,3,2
175,357,3,2
175,358,3,2
175,359,3,2
175,360,3,2
175,361,3,2
175,362,3,2
175,363,3,2
175,364,3,2
175,365,3,2
175,366,3,2
175,367,3,2
175,368,3,2
175,369,3,2
175,370,3,2
175,371,3,2
175,372,3,2
175,373,3,2
175,374,3,3
176,80,3,2
176,81,3,2
176,82,3,2
176,83,3,2
176,84,3,2
176,85,3,2
176,86,3,2
176,87,3,2
176,88,3,2
176,89,3,2
176,90,3,3
176,91,3,3
176,92,3,2
176,93,3,2
176,94,3,2
176,95,3,2
176,96,3,2
176,97,3,3
176,98,3,3
176,99,3,3
176,100,3,3
176,101,3,3
176,102,3,3
176,103,3,3
176,104,3,3
176,105,3,3
176,106,3,3
176,107,3,3
176,108,3,3
176,109,3,3
176,110,3,3
176,111,3,3
176,112,3,3
176,113,3,3
176,114,3,3
176,115,3,3
176,116,3,3
176,117,3,3
176,118,3,2
176,119,3,2
176,120,3,2
176,121,3,2
176,122,3,2
176,123,3,2
176,124,3,2
176,125,3,2
176,126,3,2
176,127,3,2
176,128,3,2
176,129,3,2
176,130,3,2
176,131,3,2
176,132,3,2
176,133,3,2
176,134,3,2
176,135,3,2
176,136,3,2
176,137,3,2
176,138,3,2
176,139,3,2
176,140,3,2
176,141,3,2
176,142,3,2
176,143,3,2
176,144,3,2
176,145,3,2
176,146,3,2
176,147,3,2
176,148,3,2
176,149,3,2
176,150,3,2
176,151,3,3
176,152,3,3
176,153,3,3
176,154,3,3
176,155,3,3
176,156,3,3
176,157,3,3
176,158,3,3
176,159,3,3
176,160,3,3
176,161,3,3
176,162,3,3
176,163,3,3
176,164,3,3
176,165,3,3
176,166,3,3
176,167,3,3
176,168,3,3
176,169,3,3
176,170,3,3
176,171,3,3
176,172,3,3
176,173,3,3
176,174,3,3
176,175,3,3
176,176,3,3
176,177,3,3
176,178,3,3
176,179,3,3
176,180,3,3
176,181,3,3
176,182,3,3
176,183,3,3
176,184,3,3
176,185,3,3
176,186,3,3
176,187,3,3
176,188,3,3
176,189,3,3
176,190,3,3
176,191,3,3
176,192,3,3
176,193,3,3
176,194,3,3
176,195,3,3
176,196,3,3
176,197,3,3
176,198,3,3
176,199,3,3
176,200,3,3
176,201,3,2
176,202,3,2
176,203,3,2
176,204,3,2
176,205,3,2
176,206,3,2
176,207,3,2
176,208,3,2
176,209,3,2
176,210,3,2
176,211,3,2
176,212,3,2
176,213,3,2
176,214,3,2
176,215,3,2
176,216,3,2
176,217,3,2
176,218,3,2
176,219,3,3
176,220,3,3
176,221,3,3
176,222,3,3
176,223,3,3
176,224,3,3
176,225,3,3
176,226,3,3
176,227,3,3
176,228,3,3
176,229,3,3
176,230,3,3
176,231,3,3
176,232,3,3
176,233,3,3
176,234,3,3
176,235,3,3
176,236,3,3
176,237,3,3
176,238,3,3
176,239,3,3
176,240,3,3
176,241,3,3
176,242,3,3
176,243,3,3
176,244,3,3
176,245,3,3
176,246,3,3
176,247,3,3
176,248,3,3
176,249,3,3
176,250,3,3
176,251,3,3
176,252,3,3
176,253,3,3
176,254,3,3
176,255,3,3
176,256,3,3
176,257,3,3
176,258,3,3
176,259,3,3
176,260,3,3
176,261,3,3
176,262,3,3
176,263,3,3
176,264,3,2
176,265,3,2
176,266,3,2
176,267,3,2
176,268,3,2
176,269,3,2
176,270,3,2
176,271,3,2
176,272,3,2
176,273,3,3
176,274,3,3
176,275,3,3
176,276,3,3
176,277,3,3
176,278,3,3
176,279,3,3
176,280,3,3
176,281,3,3
176,282,3,3
176,283,3,3
176,284,3,3
176,285,3,3
176,286,3,3
176,287,3,3
176,288,3,3
176,289,3,3
176,290,3,3
176,291,3,3
176,292,3,3
176,293,3,2
176,294,3,2
176,295,3,2
176,296,3,2
176,297,3,2
176,298,3,2
176,299,3,2
176,300,3,2
176,301,3,2
176,302,3,2
176,303,3,2
176,304,3,2
176,305,3,2
176,306,3,2
176,307,3,2
176,308,3,2
176,309,3,2
176,310,3,2
176,311,3,2
176,312,3,2
176,313,3,2
176,314,3,2
176,315,3,2
176,316,3,2
176,317,3,2
176,318,3,2
176,319,3,2
176,320,3,2
176,321,3,2
176,322,3,2
176,323,3,2
176,324,3,2
176,325,3,2
176,326,3,2
176,327,3,2
176,328,3,2
176,329,3,2
176,330,3,2
176,331,3,2
176,332,3,2
176,333,3,2
176,334,3,2
176,335,3,2
176,336,3,2
176,337,3,2
176,338,3,2
176,339,3,2
176,340,3,2
176,341,3,2
176,342,3,2
176,343,3,2
176,344,3,2
176,345,3,2
176,346,3,2
176,347,3,2
176,348,3,2
176,349,3,2
176,350,3,2
176,351,3,2
176,352,3,2
176,353,3,2
176,354,3,2
176,355,3,2
176,356,3,2
176,357,3,2
176,358,3,2
176,359,3,2
176,360,3,2
176,361,3,2
176,362,3,2
176,363,3,2
176,364,3,2
176,365,3,2
176,366,3,2
176,367,3,2
176,368,3,2
176,369,3,2
176,370,3,2
176,371,3,2
176,372,3,2
176,373,3,3
177,80,3,2
177,81,3,2
177,82,3,2
177,83,3,2
177,84,3,2
177,85,3,2
177,86,3,2
177,87,3,2
177,88,3,3
177,89,3,3
177,90,3,3
177,91,3,3
177,92,3,3
177,93,3,3
177,94,3,3
177,95,3,2
177,96,3,3
177,97,3,3
177,98,3,3
177,99,3,3
177,100,3,3
177,101,3,3
177,102,3,3
177,103,3,3
177,104,3,3
177,105,3,3
177,106,3,3
177,107,3,3
177,108,3,3
177,109,3,3
177,110,3,3
177,111,3,3
177,112,3,3
177,113,3,3
177,114,3,3
177,115,3,3
177,116,3,2
177,117,3,2
177,118,3,2
177,119,3,2
177,120,3,2
177,121,3,2
177,122,3,2
177,123,3,2
177,124,3,2
177,125,3,2
177,126,3,2
177,127,3,2
177,128,3,2
177,129,3,2
177,130,3,2
177,131,3,2
177,132,3,2
177,133,3,2
177,134,3,2
177,135,3,2
177,136,3,2
177,137,3,2
177,138,3,2
177,139,3,2
177,140,3,2
177,141,3,2
177,142,3,2
177,143,3,2
177,144,3,2
177,145,3,2
177,146,3,2
177,147,3,2
177,148,3,2
177,149,3,3
177,150,3,3
177,151,3,3
177,152,3,3
177,153,3,3
177,154,3,3
177,155,3,3
177,156,3,3
177,157,3,3
177,158,3,3
177,159,3,3
177,160,3,3
177,161,3,3
177,162,3,3
177,163,3,3
177,164,3,3
177,165,3,3
177,166,3,3
177,167,3,3
177,168,3,3
177,169,3,3
177,170,3,3
177,171,3,3
177,172,3,3
177,173,3,3
177,174,3,3
177,175,3,3
177,176,3,3
177,177,3,3
177,178,3,3
177,179,3,3
177,180,3,3
177,181,3,3
177,182,3,3
177,183,3,3
177,184,3,3
177,185,3,3
177,186,3,3
177,187,3,3
177,188,3,3
177,189,3,3
177,190,3,3
177,191,3,3
177,192,3,3
177,193,3,3
177,194,3,3
177,195,3,3
177,196,3,3
177,197,3,3
177,198,3,3
177,199,3,3
177,200,3,3
177,201,3,2
177,202,3,2
177,203,3,2
177,204,3,2
177,205,3,2
177,206,3,2
177,207,3,2
177,208,3,2
177,209,3,2
177,210,3,2
177,211,3,2
177,212,3,2
177,213,3,2
177,214,3,2
177,215,3,2
177,216,3,2
177,217,3,2
177,218,3,2
177,219,3,2
177,220,3,3
177,221,3,3
177,222,3,3
177,223,3,3
177,224,3,3
177,225,3,3
177,226,3,3
177,227,3,3
177,228,3,3
177,229,3,3
177,230,3,3
177,231,3,3
177,232,3,3
177,233,3,3
177,234,3,3
177,235,3,3
177,236,3,3
177,237,3,3
177,238,3,3
177,239,3,3
177,240,3,3
177,241,3,3
177,242,3,3
177,243,3,3
177,244,3,3
177,245,3,3
177,246,3,3
177,247,3,3
177,248,3,3
177,249,3,3
177,250,3,3
177,251,3,3
177,252,3,3
177,253,3,3
177,254,3,3
177,255,3,3
177,256,3,3
177,257,3,3
177,258,3,3
177,259,3,3
177,260,3,3
177,261,3,3
177,262,3,3
177,263,3,3
177,264,3,3
177,265,3,2
177,266,3,2
177,267,3,2
177,268,3,2
177,269,3,3
177,270,3,3
177,271,3,3
177,272,3,3
177,273,3,3
177,274,3,3
177,275,3,3
177,276,3,3
177,277,3,3
177,278,3,3
177,279,3,3
177,280,3,3
177,281,3,3
177,282,3,3
177,283,3,3
177,284,3,3
177,285,3,3
177,286,3,3
177,287,3,3
177,288,3,3
177,289,3,3
177,290,3,3
177,291,3,3
177,292,3,3
177,293,3,2
177,294,3,2
177,295,3,2
177,296,3,2
177,297,3,2
177,298,3,2
177,299,3,2
177,300,3,2
177,301,3,2
177,302,3,2
177,303,3,2
177,304,3,2
177,305,3,2
177,306,3,2
177,307,3,2
177,308,3,2
177,309,3,2
177,310,3,2
177,311,3,2
177,312,3,2
177,313,3,2
177,314,3,2
177,315,3,2
177,316,3,2
177,317,3,2
177,318,3,2
177,319,3,2
177,320,3,2
177,321,3,2
177,322,3,2
177,323,3,2
177,324,3,2
177,325,3,2
177,326,3,2
177,327,3,2
177,328,3,2
177,329,3,2
177,330,3,2
177,331,3,2
177,332,3,2
177,333,3,2
177,334,3,2
177,335,3,2
177,336,3,2
177,337,3,2
177,338,3,2
177,339,3,2
177,340,3,2
177,341,3,2
177,342,3,2
177,343,3,2
177,344,3,2
177,345,3,2
177,346,3,2
177,347,3,2
177,348,3,2
177,349,3,2
177,350,3,2
177,351,3,2
177,352,3,2
177,353,3,2
177,354,3,2
177,355,3,2
177,356,3,2
177,357,3,2
177,358,3,2
177,359,3,2
177,360,3,2
177,361,3,2
177,362,3,2
177,363,3,2
177,364,3,2
177,365,3,2
177,366,3,2
177,367,3,2
177,368,3,2
177,369,3,2
177,370,3,2
177,371,3,2
177,372,3,3
178,79,3,2
178,80,3,2
178,81,3,2
178,82,3,2
178,83,3,2
178,84,3,2
178,85,3,2
178,86,3,2
178,87,3,3
178,88,3,3
178,89,3,3
178,90,3,3
178,91,3,3
178,92,3,3
178,93,3,3
178,94,3,2
178,95,3,2
178,96,3,3
178,97,3,2
178,98,3,3
178,99,3,3
178,100,3,3
178,101,3,3
178,102,3,3
178,103,3,3
178,104,3,3
178,105,3,3
178,106,3,3
178,107,3,3
178,108,3,3
178,109,3,3
178,110,3,3
178,111,3,3
178,112,3,3
178,113,3,3
178,114,3,3
178,115,3,2
178,116,3,2
178,117,3,2
178,118,3,2
178,119,3,2
178,120,3,2
178,121,3,2
178,122,3,2
178,123,3,2
178,124,3,2
178,125,3,2
178,126,3,2
178,127,3,2
178,128,3,2
178,129,3,2
178,130,3,2
178,131,3,2
178,132,3,2
178,133,3,2
178,134,3,2
178,135,3,2
178,136,3,2
178,137,3,2
178,138,3,2
178,139,3,2
178,140,3,2
178,141,3,2
178,142,3,2
178,143,3,2
178,144,3,2
178,145,3,2
178,146,3,2
178,147,3,2
178,148,3,3
178,149,3,3
178,150,3,3
178,151,3,3
178,152,3,3
178,153,3,3
178,154,3,3
178,155,3,3
178,156,3,3
178,157,3,3
178,158,3,3
178,159,3,3
178,160,3,3
178,161,3,3
178,162,3,3
178,163,3,3
178,164,3,3
178,165,3,3
178,166,3,3
178,167,3,3
178,168,3,3
178,169,3,3
178,170,3,3
178,171,3,3
178,172,3,3
178,173,3,3
178,174,3,3
178,175,3,3
178,176,3,3
178,177,3,3
178,178,3,3
178,179,3,3
178,180,3,3
178,181,3,3
178,182,3,3
178,183,3,3
178,184,3,3
178,185,3,3
178,186,3,3
178,187,3,3
178,188,3,3
178,189,3,3
178,190,3,3
178,191,3,3
178,192,3,3
178,193,3,3
178,194,3,3
178,195,3,3
178,196,3,3
178,197,3,3
178,198,3,3
178,199,3,3
178,200,3,3
178,201,3,2
178,202,3,2
178,203,3,2
178,204,3,2
178,205,3,2
178,206,3,2
178,207,3,2
178,208,3,2
178,209,3,2
178,210,3,2
178,211,3,2
178,212,3,2
178,213,3,2
178,214,3,2
178,215,3,2
178,216,3,2
178,217,3,2
178,218,3,2
178,219,3,2
178,220,3,2
178,221,3,3
178,222,3,3
178,223,3,3
178,224,3,3
178,225,3,3
178,226,3,3
178,227,3,3
178,228,3,3
178,229,3,3
178,230,3,3
178,231,3,3
178,232,3,3
178,233,3,3
178,234,3,3
178,235,3,3
178,236,3,3
178,237,3,3
178,238,3,3
178,239,3,3
178,240,3,3
178,241,3,3
178,242,3,3
178,243,3,3
178,244,3,3
178,245,3,3
178,246,3,3
178,247,3,3
178,248,3,3
178,249,3,3
178,250,3,3
178,251,3,3
178,252,3,3
178,253,3,3
178,254,3,3
178,255,3,3
178,256,3,3
178,257,3,3
178,258,3,3
178,259,3,3
178,260,3,3
178,261,3,3
178,262,3,3
178,263,3,3
178,264,3,3
178,265,3,2
178,266,3,2
178,267,3,2
178,268,3,2
178,269,3,3
178,270,3,3
178,271,3,3
178,272,3,3
178,273,3,3
178,274,3,3
178,275,3,3
178,276,3,3
178,277,3,3
178,278,3,3
178,279,3,3
178,280,3,3
178,281,3,3
178,282,3,3
178,283,3,3
178,284,3,3
178,285,3,3
178,286,3,3
178,287,3,3
178,288,3,3
178,289,3,2
178,290,3,2
178,291,3,2
178,292,3,2
178,293,3,2
178,294,3,2
178,295,3,2
178,296,3,2
178,297,3,2
178,298,3,2
178,299,3,2
178,300,3,2
178,301,3,2
178,302,3,2
178,303,3,2
178,304,3,2
178,305,3,2
178,306,3,2
178,307,3,2
178,308,3,2
178,309,3,2
178,310,3,2
178,311,3,2
178,312,3,2
178,313,3,2
178,314,3,2
178,315,3,2
178,316,3,2
178,317,3,2
178,318,3,2
178,319,3,2
178,320,3,2
178,321,3,2
178,322,3,2
178,323,3,2
178,324,3,2
178,325,3,2
178,326,3,2
178,327,3,2
178,328,3,2
178,329,3,2
178,330,3,2
178,331,3,2
178,332,3,2
178,333,3,2
178,334,3,2
178,335,3,2
178,336,3,2
178,337,3,2
178,338,3,2
178,339,3,2
178,340,3,2
178,341,3,2
178,342,3,2
178,343,3,2
178,344,3,2
178,345,3,2
178,346,3,2
178,347,3,2
178,348,3,2
178,349,3,2
178,350,3,2
178,351,3,2
178,352,3,2
178,353,3,2
178,354,3,2
178,355,3,2
178,356,3,2
178,357,3,2
178,358,3,2
178,359,3,2
178,360,3,2
178,361,3,2
178,362,3,2
178,363,3,2
178,364,3,2
178,365,3,2
178,366,3,2
178,367,3,2
178,368,3,2
178,369,3,2
178,370,3,2
178,371,3,3
179,80,3,2
179,81,3,2
179,82,3,2
179,83,3,2
179,84,3,2
179,85,3,2
179,86,3,2
179,87,3,3
179,88,3,3
179,89,3,3
179,90,3,3
179,91,3,3
179,92,3,3
179,93,3,3
179,94,3,3
179,95,3,3
179,96,3,3
179,97,3,3
179,98,3,3
179,99,3,3
179,100,3,3
179,101,3,3
179,102,3,3
179,103,3,3
179,104,3,3
179,105,3,3
179,106,3,3
179,107,3,3
179,108,3,3
179,109,3,3
179,110,3,3
179,111,3,3
179,112,3,3
179,113,3,3
179,114,3,3
179,115,3,2
179,116,3,2
179,117,3,2
179,118,3,2
179,119,3,2
179,120,3,2
179,121,3,2
179,122,3,2
179,123,3,2
179,124,3,2
179,125,3,2
179,126,3,2
179,127,3,2
179,128,3,2
179,129,3,2
179,130,3,2
179,131,3,2
179,132,3,2
179,133,3,2
179,134,3,2
179,135,3,2
179,136,3,2
179,137,3,2
179,138,3,2
179,139,3,2
179,140,3,2
179,141,3,2
179,142,3,2
179,143,3,2
179,144,3,2
179,145,3,2
179,146,3,2
179,147,3,2
179,148,3,3
179,149,3,3
179,150,3,3
179,151,3,3
179,152,3,3
179,153,3,3
179,154,3,3
179,155,3,3
179,156,3,3
179,157,3,3
179,158,3,3
179,159,3,3
179,160,3,3
179,161,3,3
179,162,3,3
179,163,3,3
179,164,3,3
179,165,3,3
179,166,3,3
179,167,3,3
179,168,3,3
179,169,3,3
179,170,3,3
179,171,3,3
179,172,3,3
179,173,3,3
179,174,3,3
179,175,3,3
179,176,3,3
179,177,3,3
179,178,3,3
179,179,3,3
179,180,3,3
179,181,3,3
179,182,3,3
179,183,3,3
179,184,3,3
179,185,3,3
179,186,3,3
179,187,3,3
179,188,3,3
179,189,3,3
179,190,3,3
179,191,3,3
179,192,3,3
179,193,3,3
179,194,3,3
179,195,3,3
179,196,3,3
179,197,3,3
179,198,3,3
179,199,3,3
179,200,3,3
179,201,3,2
179,202,3,2
179,203,3,2
179,204,3,2
179,205,3,2
179,206,3,2
179,207,3,2
179,208,3,2
179,209,3,2
179,210,3,2
179,211,3,2
179,212,3,2
179,213,3,2
179,214,3,2
179,215,3,2
179,216,3,2
179,217,3,2
179,218,3,2
179,219,3,2
179,220,3,2
179,221,3,3
179,222,3,3
179,223,3,3
179,224,3,3
179,225,3,3
179,226,3,3
179,227,3,3
179,228,3,3
179,229,3,3
179,230,3,3
179,231,3,3
179,232,3,3
179,233,3,3
179,234,3,3
179,235,3,3
179,236,3,3
179,237,3,3
179,238,3,3
179,239,3,3
179,240,3,3
179,241,3,3
179,242,3,3
179,243,3,3
179,244,3,3
179,245,3,3
179,246,3,3
179,247,3,3
179,248,3,3
179,249,3,3
179,250,3,3
179,251,3,3
179,252,3,3
179,253,3,3
179,254,3,3
179,255,3,3
179,256,3,3
179,257,3,3
179,258,3,3
179,259,3,3
179,260,3,3
179,261,3,3
179,262,3,3
179,263,3,3
179,264,3,3
179,265,3,3
179,266,3,3
179,267,3,2
179,268,3,2
179,269,3,3
179,270,3,3
179,271,3,3
179,272,3,3
179,273,3,3
179,274,3,3
179,275,3,3
179,276,3,3
179,277,3,3
179,278,3,3
179,279,3,3
179,280,3,3
179,281,3,3
179,282,3,3
179,283,3,3
179,284,3,3
179,285,3,3
179,286,3,3
179,287,3,3
179,288,3,3
179,289,3,2
179,290,3,2
179,291,3,2
179,292,3,2
179,293,3,2
179,294,3,2
179,295,3,2
179,296,3,2
179,297,3,2
179,298,3,2
179,299,3,2
179,300,3,2
179,301,3,2
179,302,3,2
179,303,3,2
179,304,3,2
179,305,3,2
179,306,3,2
179,307,3,2
179,308,3,2
179,309,3,2
179,310,3,2
179,311,3,2
179,312,3,2
179,313,3,2
179,314,3,2
179,315,3,2
179,316,3,2
179,317,3,2
179,318,3,2
179,319,3,2
179,320,3,2
179,321,3,2
179,322,3,2
179,323,3,2
179,324,3,2
179,325,3,2
179,326,3,2
179,327,3,2
179,328,3,2
179,329,3,2
179,330,3,2
179,331,3,2
179,332,3,2
179,333,3,2
179,334,3,2
179,335,3,2
179,336,3,2
179,337,3,2
179,338,3,2
179,339,3,2
179,340,3,2
179,341,3,2
179,342,3,2
179,343,3,2
179,344,3,2
179,345,3,2
179,346,3,2
179,347,3,2
179,348,3,2
179,349,3,2
179,350,3,2
179,351,3,2
179,352,3,2
179,353,3,2
179,354,3,2
179,355,3,2
179,356,3,2
179,357,3,2
179,358,3,2
179,359,3,2
179,360,3,2
179,361,3,2
179,362,3,2
179,363,3,2
179,364,3,2
179,365,3,2
179,366,3,2
179,367,3,2
179,368,3,2
179,369,3,2
179,370,3,3
180,79,3,2
180,80,3,2
180,81,3,2
180,82,3,2
180,83,3,2
180,84,3,2
180,85,3,2
180,86,3,2
180,87,3,3
180,88,3,3
180,89,3,3
180,90,3,3
180,91,3,3
180,92,3,3
180,93,3,3
180,94,3,3
180,95,3,3
180,96,3,3
180,97,3,3
180,98,3,3
180,99,3,3
180,100,3,3
180,101,3,3
180,102,3,3
180,103,3,3
180,104,3,3
180,105,3,3
180,106,3,3
180,107,3,3
180,108,3,3
180,109,3,3
180,110,3,3
180,111,3,3
180,112,3,3
180,113,3,3
180,114,3,2
180,115,3,2
180,116,3,2
180,117,3,2
180,118,3,2
180,119,3,2
180,120,3,2
180,121,3,2
180,122,3,2
180,123,3,2
180,124,3,2
180,125,3,2
180,126,3,2
180,127,3,2
180,128,3,2
180,129,3,2
180,130,3,2
180,131,3,2
180,132,3,2
180,133,3,2
180,134,3,2
180,135,3,2
180,136,3,2
180,137,3,2
180,138,3,2
180,139,3,2
180,140,3,2
180,141,3,2
180,142,3,2
180,143,3,2
180,144,3,2
180,145,3,2
180,146,3,3
180,147,3,3
180,148,3,3
180,149,3,3
180,150,3,3
180,151,3,3
180,152,3,3
180,153,3,3
180,154,3,3
180,155,3,3
180,156,3,3
180,157,3,3
180,158,3,3
180,159,3,3
180,160,3,3
180,161,3,3
180,162,3,3
180,163,3,3
180,164,3,3
180,165,3,3
180,166,3,3
180,167,3,3
180,168,3,3
180,169,3,3
180,170,3,3
180,171,3,3
180,172,3,3
180,173,3,3
180,174,3,3
180,175,3,3
180,176,3,3
180,177,3,3
180,178,3,3
180,179,3,3
180,180,3,3
180,181,3,3
180,182,3,3
180,183,3,3
180,184,3,3
180,185,3,3
180,186,3,3
180,187,3,3
180,188,3,3
180,189,3,3
180,190,3,3
180,191,3,3
180,192,3,3
180,193,3,3
180,194,3,3
180,195,3,3
180,196,3,3
180,197,3,3
180,198,3,3
180,199,3,3
180,200,3,3
180,201,3,2
180,202,3,2
180,203,3,2
180,204,3,2
180,205,3,2
180,206,3,2
180,207,3,2
180,208,3,2
180,209,3,2
180,210,3,2
180,211,3,2
180,212,3,2
180,213,3,2
180,214,3,2
180,215,3,2
180,216,3,2
180,217,3,2
180,218,3,2
180,219,3,2
180,220,3,2
180,221,3,2
180,222,3,3
180,223,3,3
180,224,3,3
180,225,3,3
180,226,3,3
180,227,3,3
180,228,3,3
180,229,3,3
180,230,3,3
180,231,3,3
180,232,3,3
180,233,3,3
180,234,3,3
180,235,3,3
180,236,3,3
180,237,3,3
180,238,3,3
180,239,3,3
180,240,3,3
180,241,3,3
180,242,3,3
180,243,3,3
180,244,3,3
180,245,3,3
180,246,3,3
180,247,3,3
180,248,3,3
180,249,3,3
180,250,3,3
180,251,3,3
180,252,3,3
180,253,3,3
180,254,3,3
180,255,3,3
180,256,3,3
180,257,3,3
180,258,3,3
180,259,3,3
180,260,3,3
180,261,3,3
180,262,3,3
180,263,3,3
180,264,3,3
180,265,3,3
180,266,3,3
180,267,3,2
180,268,3,2
180,269,3,3
180,270,3,3
180,271,3,3
180,272,3,3
180,273,3,3
180,274,3,3
180,275,3,3
180,276,3,3
180,277,3,3
180,278,3,3
180,279,3,3
180,280,3,3
180,281,3,3
180,282,3,3
180,283,3,3
180,284,3,3
180,285,3,3
180,286,3,3
180,287,3,3
180,288,3,3
180,289,3,2
180,290,3,2
180,291,3,2
180,292,3,2
180,293,3,2
180,294,3,2
180,295,3,2
180,296,3,2
180,297,3,2
180,298,3,2
180,299,3,2
180,300,3,2
180,301,3,2
180,302,3,2
180,303,3,2
180,304,3,2
180,305,3,2
180,306,3,2
180,307,3,2
180,308,3,2
180,309,3,2
180,310,3,2
180,311,3,2
180,312,3,2
180,313,3,2
180,314,3,2
180,315,3,2
180,316,3,2
180,317,3,2
180,318,3,2
180,319,3,2
180,320,3,2
180,321,3,2
180,322,3,2
180,323,3,2
180,324,3,2
180,325,3,2
180,326,3,2
180,327,3,2
180,328,3,2
180,329,3,2
180,330,3,2
180,331,3,2
180,332,3,2
180,333,3,2
180,334,3,2
180,335,3,2
180,336,3,2
180,337,3,2
180,338,3,2
180,339,3,2
180,340,3,2
180,341,3,2
180,342,3,2
180,343,3,2
180,344,3,2
180,345,3,2
180,346,3,2
180,347,3,2
180,348,3,2
180,349,3,2
180,350,3,2
180,351,3,2
180,352,3,2
180,353,3,2
180,354,3,2
180,355,3,2
180,356,3,2
180,357,3,2
180,358,3,2
180,359,3,2
180,360,3,2
180,361,3,2
180,362,3,2
180,363,3,2
180,364,3,2
180,365,3,2
180,366,3,2
180,367,3,2
180,368,3,2
180,369,3,3
181,79,3,2
181,80,3,2
181,81,3,2
181,82,3,2
181,83,3,2
181,84,3,2
181,85,3,2
181,86,3,3
181,87,3,3
181,88,3,3
181,89,3,3
181,90,3,3
181,91,3,3
181,92,3,3
181,93,3,3
181,94,3,3
181,95,3,3
181,96,3,3
181,97,3,3
181,98,3,3
181,99,3,3
181,100,3,3
181,101,3,3
181,102,3,3
181,103,3,3
181,104,3,3
181,105,3,3
181,106,3,3
181,107,3,3
181,108,3,3
181,109,3,3
181,110,3,3
181,111,3,3
181,112,3,3
181,113,3,3
181,114,3,2
181,115,3,2
181,116,3,2
181,117,3,2
181,118,3,2
181,119,3,2
181,120,3,2
181,121,3,2
181,122,3,2
181,123,3,2
181,124,3,2
181,125,3,2
181,126,3,2
181,127,3,2
181,128,3,2
181,129,3,2
181,130,3,2
181,131,3,2
181,132,3,2
181,133,3,2
181,134,3,2
181,135,3,2
181,136,3,2
181,137,3,2
181,138,3,2
181,139,3,2
181,140,3,2
181,141,3,2
181,142,3,2
181,143,3,2
181,144,3,2
181,145,3,3
181,146,3,3
181,147,3,3
181,148,3,3
181,149,3,3
181,150,3,3
181,151,3,3
181,152,3,3
181,153,3,3
181,154,3,3
181,155,3,3
181,156,3,3
181,157,3,3
181,158,3,3
181,159,3,3
181,160,3,3
181,161,3,3
181,162,3,3
181,163,3,3
181,164,3,3
181,165,3,3
181,166,3,3
181,167,3,3
181,168,3,3
181,169,3,3
181,170,3,3
181,171,3,3
181,172,3,3
181,173,3,3
181,174,3,3
181,175,3,3
181,176,3,3
181,177,3,3
181,178,3,3
181,179,3,3
181,180,3,3
181,181,3,3
181,182,3,3
181,183,3,3
181,184,3,3
181,185,3,3
181,186,3,3
181,187,3,3
181,188,3,3
181,189,3,3
181,190,3,3
181,191,3,3
181,192,3,3
181,193,3,3
181,194,3,3
181,195,3,3
181,196,3,3
181,197,3,3
181,198,3,3
181,199,3,3
181,200,3,3
181,201,3,3
181,202,3,2
181,203,3,2
181,204,3,2
181,205,3,2
181,206,3,2
181,207,3,2
181,208,3,2
181,209,3,2
181,210,3,2
181,211,3,2
181,212,3,2
181,213,3,2
181,214,3,2
181,215,3,2
181,216,3,2
181,217,3,2
181,218,3,2
181,219,3,2
181,220,3,2
181,221,3,2
181,222,3,2
181,223,3,2
181,224,3,3
181,225,3,3
181,226,3,3
181,227,3,3
181,228,3,3
181,229,3,3
181,230,3,3
181,231,3,3
181,232,3,3
181,233,3,3
181,234,3,3
181,235,3,3
181,236,3,3
181,237,3,3
181,238,3,3
181,239,3,3
181,240,3,3
181,241,3,3
181,242,3,3
181,243,3,3
181,244,3,3
181,245,3,3
181,246,3,3
181,247,3,3
181,248,3,3
181,249,3,3
181,250,3,3
181,251,3,3
181,252,3,3
181,253,3,3
181,254,3,3
181,255,3,3
181,256,3,3
181,257,3,3
181,258,3,3
181,259,3,3
181,260,3,3
181,261,3,3
181,262,3,3
181,263,3,3
181,264,3,3
181,265,3,3
181,266,3,3
181,267,3,3
181,268,3,3
181,269,3,3
181,270,3,3
181,271,3,3
181,272,3,3
181,273,3,3
181,274,3,3
181,275,3,3
181,276,3,3
181,277,3,3
181,278,3,3
181,279,3,3
181,280,3,3
181,281,3,3
181,282,3,3
181,283,3,3
181,284,3,3
181,285,3,3
181,286,3,3
181,287,3,3
181,288,3,3
181,289,3,2
181,290,3,2
181,291,3,2
181,292,3,2
181,293,3,2
181,294,3,2
181,295,3,2
181,296,3,2
181,297,3,2
181,298,3,2
181,299,3,2
181,300,3,2
181,301,3,2
181,302,3,2
181,303,3,2
181,304,3,2
181,305,3,2
181,306,3,2
181,307,3,2
181,308,3,2
181,309,3,2
181,310,3,2
181,311,3,2
181,312,3,2
181,313,3,2
181,314,3,2
181,315,3,2
181,316,3,2
181,317,3,2
181,318,3,2
181,319,3,2
181,320,3,2
181,321,3,2
181,322,3,2
181,323,3,2
181,324,3,2
181,325,3,2
181,326,3,2
181,327,3,2
181,328,3,2
181,329,3,2
181,330,3,2
181,331,3,2
181,332,3,2
181,333,3,2
181,334,3,2
181,335,3,2
181,336,3,2
181,337,3,2
181,338,3,2
181,339,3,2
181,340,3,2
181,341,3,2
181,342,3,2
181,343,3,2
181,344,3,2
181,345,3,2
181,346,3,2
181,347,3,2
181,348,3,2
181,349,3,2
181,350,3,2
181,351,3,2
181,352,3,2
181,353,3,2
181,354,3,2
181,355,3,2
181,356,3,2
181,357,3,2
181,358,3,2
181,359,3,2
181,360,3,2
181,361,3,2
181,362,3,2
181,363,3,2
181,364,3,2
181,365,3,2
181,366,3,2
181,367,3,3
181,368,3,3
182,79,3,2
182,80,3,2
182,81,3,2
182,82,3,2
182,83,3,2
182,84,3,2
182,85,3,2
182,86,3,3
182,87,3,3
182,88,3,3
182,89,3,3
182,90,3,3
182,91,3,3
182,92,3,3
182,93,3,3
182,94,3,3
182,95,3,3
182,96,3,3
182,97,3,3
182,98,3,3
182,99,3,3
182,100,3,3
182,101,3,3
182,102,3,3
182,103,3,3
182,104,3,3
182,105,3,3
182,106,3,3
182,107,3,3
182,108,3,3
182,109,3,3
182,110,3,3
182,111,3,3
182,112,3,3
182,113,3,2
182,114,3,2
182,115,3,2
182,116,3,2
182,117,3,2
182,118,3,2
182,119,3,2
182,120,3,2
182,121,3,2
182,122,3,2
182,123,3,2
182,124,3,2
182,125,3,2
182,126,3,2
182,127,3,2
182,128,3,2
182,129,3,2
182,130,3,2
182,131,3,2
182,132,3,2
182,133,3,2
182,134,3,2
182,135,3,2
182,136,3,2
182,137,3,2
182,138,3,2
182,139,3,2
182,140,3,2
182,141,3,2
182,142,3,2
182,143,3,2
182,144,3,2
182,145,3,3
182,146,3,3
182,147,3,3
182,148,3,3
182,149,3,3
182,150,3,3
182,151,3,3
182,152,3,3
182,153,3,3
182,154,3,3
182,155,3,3
182,156,3,3
182,157,3,3
182,158,3,3
182,159,3,3
182,160,3,3
182,161,3,3
182,162,3,3
182,163,3,3
182,164,3,3
182,165,3,3
182,166,3,3
182,167,3,3
182,168,3,3
182,169,3,3
182,170,3,3
182,171,3,3
182,172,3,3
182,173,3,3
182,174,3,3
182,175,3,3
182,176,3,3
182,177,3,3
182,178,3,3
182,179,3,3
182,180,3,3
182,181,3,3
182,182,3,3
182,183,3,3
182,184,3,3
182,185,3,3
182,186,3,3
182,187,3,3
182,188,3,3
182,189,3,3
182,190,3,3
182,191,3,3
182,192,3,3
182,193,3,3
182,194,3,3
182,195,3,3
182,196,3,3
182,197,3,3
182,198,3,3
182,199,3,3
182,200,3,3
182,201,3,3
182,202,3,3
182,203,3,2
182,204,3,2
182,205,3,2
182,206,3,2
182,207,3,2
182,208,3,2
182,209,3,2
182,210,3,2
182,211,3,2
182,212,3,2
182,213,3,2
182,214,3,2
182,215,3,2
182,216,3,2
182,217,3,2
182,218,3,2
182,219,3,2
182,220,3,2
182,221,3,2
182,222,3,2
182,223,3,2
182,224,3,2
182,225,3,3
182,226,3,3
182,227,3,3
182,228,3,3
182,229,3,3
182,230,3,3
182,231,3,3
182,232,3,3
182,233,3,3
182,234,3,3
182,235,3,3
182,236,3,3
182,237,3,3
182,238,3,3
182,239,3,3
182,240,3,3
182,241,3,3
182,242,3,3
182,243,3,3
182,244,3,3
182,245,3,3
182,246,3,3
182,247,3,3
182,248,3,3
182,249,3,3
182,250,3,3
182,251,3,3
182,252,3,3
182,253,3,3
182,254,3,3
182,255,3,3
182,256,3,3
182,257,3,3
182,258,3,3
182,259,3,3
182,260,3,3
182,261,3,3
182,262,3,3
182,263,3,3
182,264,3,3
182,265,3,3
182,266,3,3
182,267,3,3
182,268,3,3
182,269,3,3
182,270,3,3
182,271,3,3
182,272,3,3
182,273,3,3
182,274,3,3
182,275,3,3
182,276,3,3
182,277,3,3
182,278,3,3
182,279,3,3
182,280,3,3
182,281,3,3
182,282,3,3
182,283,3,3
182,284,3,3
182,285,3,3
182,286,3,3
182,287,3,3
182,288,3,3
182,289,3,2
182,290,3,2
182,291,3,2
182,292,3,2
182,293,3,2
182,294,3,2
182,295,3,2
182,296,3,2
182,297,3,2
182,298,3,2
182,299,3,2
182,300,3,2
182,301,3,2
182,302,3,2
182,303,3,2
182,304,3,2
182,305,3,2
182,306,3,2
182,307,3,2
182,308,3,2
182,309,3,2
182,310,3,2
182,311,3,2
182,312,3,2
182,313,3,2
182,314,3,2
182,315,3,2
182,316,3,2
182,317,3,2
182,318,3,2
182,319,3,2
182,320,3,2
182,321,3,2
182,322,3,2
182,323,3,2
182,324,3,2
182,325,3,2
182,326,3,2
182,327,3,2
182,328,3,2
182,329,3,2
182,330,3,2
182,331,3,2
182,332,3,2
182,333,3,2
182,334,3,2
182,335,3,2
182,336,3,2
182,337,3,2
182,338,3,2
182,339,3,2
182,340,3,2
182,341,3,2
182,342,3,2
182,343,3,2
182,344,3,2
182,345,3,2
182,346,3,2
182,347,3,2
182,348,3,2
182,349,3,2
182,350,3,2
182,351,3,2
182,352,3,2
182,353,3,2
182,354,3,2
182,355,3,2
182,356,3,2
182,357,3,2
182,358,3,2
182,359,3,2
182,360,3,2
182,361,3,2
182,362,3,2
182,363,3,2
182,364,3,2
182,365,3,2
182,366,3,2
182,367,3,3
183,79,3,2
183,80,3,2
183,81,3,2
183,82,3,3
183,83,3,3
183,84,3,3
183,85,3,3
183,86,3,3
183,87,3,3
183,88,3,3
183,89,3,3
183,90,3,3
183,91,3,3
183,92,3,3
183,93,3,3
183,94,3,3
183,95,3,3
183,96,3,3
183,97,3,3
183,98,3,3
183,99,3,3
183,100,3,3
183,101,3,3
183,102,3,3
183,103,3,3
183,104,3,3
183,105,3,3
183,106,3,3
183,107,3,3
183,108,3,3
183,109,3,3
183,110,3,3
183,111,3,3
183,112,3,3
183,113,3,2
183,114,3,2
183,115,3,2
183,116,3,2
183,117,3,2
183,118,3,2
183,119,3,2
183,120,3,2
183,121,3,2
183,122,3,2
183,123,3,2
183,124,3,2
183,125,3,2
183,126,3,2
183,127,3,2
183,128,3,2
183,129,3,2
183,130,3,2
183,131,3,2
183,132,3,2
183,133,3,2
183,134,3,2
183,135,3,2
183,136,3,2
183,137,3,2
183,138,3,2
183,139,3,2
183,140,3,2
183,141,3,2
183,142,3,2
183,143,3,2
183,144,3,2
183,145,3,3
183,146,3,3
183,147,3,3
183,148,3,3
183,149,3,3
183,150,3,3
183,151,3,3
183,152,3,3
183,153,3,3
183,154,3,3
183,155,3,3
183,156,3,3
183,157,3,3
183,158,3,3
183,159,3,3
183,160,3,3
183,161,3,3
183,162,3,3
183,163,3,3
183,164,3,3
183,165,3,3
183,166,3,3
183,167,3,3
183,168,3,3
183,169,3,3
183,170,3,3
183,171,3,3
183,172,3,3
183,173,3,3
183,174,3,3
183,175,3,3
183,176,3,3
183,177,3,3
183,178,3,3
183,179,3,3
183,180,3,3
183,181,3,3
183,182,3,3
183,183,3,3
183,184,3,3
183,185,3,3
183,186,3,3
183,187,3,3
183,188,3,3
183,189,3,3
183,190,3,3
183,191,3,3
183,192,3,3
183,193,3,3
183,194,3,3
183,195,3,3
183,196,3,3
183,197,3,3
183,198,3,3
183,199,3,3
183,200,3,3
183,201,3,3
183,202,3,3
183,203,3,2
183,204,3,2
183,205,3,2
183,206,3,2
183,207,3,2
183,208,3,2
183,209,3,2
183,210,3,2
183,211,3,2
183,212,3,2
183,213,3,2
183,214,3,2
183,215,3,2
183,216,3,2
183,217,3,2
183,218,3,2
183,219,3,2
183,220,3,2
183,221,3,2
183,222,3,2
183,223,3,2
183,224,3,2
183,225,3,2
183,226,3,3
183,227,3,3
183,228,3,3
183,229,3,3
183,230,3,3
183,231,3,3
183,232,3,3
183,233,3,3
183,234,3,3
183,235,3,3
183,236,3,3
183,237,3,3
183,238,3,3
183,239,3,3
183,240,3,3
183,241,3,3
183,242,3,3
183,243,3,3
183,244,3,3
183,245,3,3
183,246,3,3
183,247,3,3
183,248,3,3
183,249,3,3
183,250,3,3
183,251,3,3
183,252,3,3
183,253,3,3
183,254,3,3
183,255,3,3
183,256,3,3
183,257,3,3
183,258,3,3
183,259,3,3
183,260,3,3
183,261,3,3
183,262,3,3
183,263,3,3
183,264,3,3
183,265,3,3
183,266,3,3
183,267,3,3
183,268,3,3
183,269,3,3
183,270,3,3
183,271,3,3
183,272,3,3
183,273,3,3
183,274,3,3
183,275,3,3
183,276,3,3
183,277,3,3
183,278,3,3
183,279,3,3
183,280,3,3
183,281,3,3
183,282,3,3
183,283,3,3
183,284,3,3
183,285,3,2
183,286,3,2
183,287,3,2
183,288,3,2
183,289,3,2
183,290,3,2
183,291,3,2
183,292,3,2
183,293,3,2
183,294,3,2
183,295,3,2
183,296,3,2
183,297,3,2
183,298,3,2
183,299,3,2
183,300,3,2
183,301,3,2
183,302,3,2
183,303,3,2
183,304,3,2
183,305,3,2
183,306,3,2
183,307,3,2
183,308,3,2
183,309,3,2
183,310,3,2
183,311,3,2
183,312,3,2
183,313,3,2
183,314,3,2
183,315,3,2
183,316,3,2
183,317,3,2
183,318,3,2
183,319,3,2
183,320,3,2
183,321,3,2
183,322,3,2
183,323,3,2
183,324,3,2
183,325,3,2
183,326,3,2
183,327,3,2
183,328,3,2
183,329,3,2
183,330,3,2
183,331,3,2
183,332,3,2
183,333,3,2
183,334,3,2
183,335,3,2
183,336,3,2
183,337,3,2
183,338,3,2
183,339,3,2
183,340,3,2
183,341,3,2
183,342,3,2
183,343,3,2
183,344,3,2
183,345,3,2
183,346,3,2
183,347,3,2
183,348,3,2
183,349,3,2
183,350,3,2
183,351,3,2
183,352,3,2
183,353,3,2
183,354,3,2
183,355,3,2
183,356,3,2
183,357,3,2
183,358,3,2
183,359,3,2
183,360,3,2
183,361,3,2
183,362,3,2
183,363,3,2
183,364,3,2
183,365,3,3
183,366,3,3
184,79,3,2
184,80,3,2
184,81,3,2
184,82,3,3
184,83,3,3
184,84,3,3
184,85,3,2
184,86,3,3
184,87,3,3
184,88,3,3
184,89,3,3
184,90,3,3
184,91,3,3
184,92,3,3
184,93,3,3
184,94,3,3
184,95,3,3
184,96,3,3
184,97,3,3
184,98,3,3
184,99,3,3
184,100,3,3
184,101,3,3
184,102,3,3
184,103,3,3
184,104,3,3
184,105,3,3
184,106,3,3
184,107,3,3
184,108,3,3
184,109,3,3
184,110,3,3
184,111,3,3
184,112,3,2
184,113,3,2
184,114,3,2
184,115,3,2
184,116,3,2
184,117,3,2
184,118,3,2
184,119,3,2
184,120,3,2
184,121,3,2
184,122,3,2
184,123,3,2
184,124,3,2
184,125,3,2
184,126,3,2
184,127,3,2
184,128,3,2
184,129,3,2
184,130,3,2
184,131,3,2
184,132,3,2
184,133,3,2
184,134,3,2
184,135,3,2
184,136,3,2
184,137,3,2
184,138,3,2
184,139,3,2
184,140,3,2
184,141,3,2
184,142,3,2
184,143,3,2
184,144,3,2
184,145,3,3
184,146,3,3
184,147,3,3
184,148,3,3
184,149,3,3
184,150,3,3
184,151,3,3
184,152,3,3
184,153,3,3
184,154,3,3
184,155,3,3
184,156,3,3
184,157,3,3
184,158,3,3
184,159,3,3
184,160,3,3
184,161,3,3
184,162,3,3
184,163,3,3
184,164,3,3
184,165,3,3
184,166,3,3
184,167,3,3
184,168,3,3
184,169,3,3
184,170,3,3
184,171,3,3
184,172,3,3
184,173,3,3
184,174,3,3
184,175,3,3
184,176,3,3
184,177,3,3
184,178,3,3
184,179,3,3
184,180,3,3
184,181,3,3
184,182,3,3
184,183,3,3
184,184,3,3
184,185,3,3
184,186,3,3
184,187,3,3
184,188,3,3
184,189,3,3
184,190,3,3
184,191,3,3
184,192,3,3
184,193,3,3
184,194,3,3
184,195,3,3
184,196,3,3
184,197,3,3
184,198,3,3
184,199,3,3
184,200,3,3
184,201,3,3
184,202,3,3
184,203,3,2
184,204,3,2
184,205,3,2
184,206,3,2
184,207,3,2
184,208,3,2
184,209,3,2
184,210,3,2
184,211,3,2
184,212,3,2
184,213,3,2
184,214,3,2
184,215,3,2
184,216,3,2
184,217,3,2
184,218,3,2
184,219,3,2
184,220,3,2
184,221,3,2
184,222,3,2
184,223,3,2
184,224,3,2
184,225,3,2
184,226,3,2
184,227,3,2
184,228,3,2
184,229,3,2
184,230,3,3
184,231,3,3
184,232,3,3
184,233,3,3
184,234,3,3
184,235,3,3
184,236,3,3
184,237,3,3
184,238,3,3
184,239,3,3
184,240,3,3
184,241,3,3
184,242,3,3
184,243,3,3
184,244,3,3
184,245,3,3
184,246,3,3
184,247,3,3
184,248,3,3
184,249,3,3
184,250,3,3
184,251,3,3
184,252,3,3
184,253,3,3
184,254,3,3
184,255,3,3
184,256,3,3
184,257,3,3
184,258,3,3
184,259,3,3
184,260,3,3
184,261,3,3
184,262,3,3
184,263,3,3
184,264,3,3
184,265,3,3
184,266,3,3
184,267,3,3
184,268,3,3
184,269,3,3
184,270,3,3
184,271,3,3
184,272,3,3
184,273,3,3
184,274,3,3
184,275,3,3
184,276,3,3
184,277,3,3
184,278,3,3
184,279,3,3
184,280,3,3
184,281,3,3
184,282,3,3
184,283,3,3
184,284,3,3
184,285,3,2
184,286,3,2
184,287,3,2
184,288,3,2
184,289,3,2
184,290,3,2
184,291,3,2
184,292,3,2
184,293,3,2
184,294,3,2
184,295,3,2
184,296,3,2
184,297,3,2
184,298,3,2
184,299,3,2
184,300,3,2
184,301,3,2
184,302,3,2
184,303,3,2
184,304,3,2
184,305,3,2
184,306,3,2
184,307,3,2
184,308,3,2
184,309,3,2
184,310,3,2
184,311,3,2
184,312,3,2
184,313,3,2
184,314,3,2
184,315,3,2
184,316,3,2
184,317,3,2
184,318,3,2
184,319,3,2
184,320,3,2
184,321,3,2
184,322,3,2
184,323,3,2
184,324,3,2
184,325,3,2
184,326,3,2
184,327,3,2
184,328,3,2
184,329,3,2
184,330,3,2
184,331,3,2
184,332,3,2
184,333,3,2
184,334,3,2
184,335,3,2
184,336,3,2
184,337,3,2
184,338,3,2
184,339,3,2
184,340,3,2
184,341,3,2
184,342,3,2
184,343,3,2
184,344,3,2
184,345,3,2
184,346,3,2
184,347,3,2
184,348,3,2
184,349,3,2
184,350,3,2
184,351,3,2
184,352,3,2
184,353,3,2
184,354,3,2
184,355,3,3
184,356,3,2
184,357,3,2
184,358,3,2
184,359,3,2
184,360,3,2
184,361,3,2
184,362,3,2
184,363,3,2
184,364,3,2
184,365,3,3
185,79,3,2
185,80,3,2
185,81,3,2
185,82,3,3
185,83,3,3
185,84,3,3
185,85,3,3
185,86,3,3
185,87,3,3
185,88,3,3
185,89,3,3
185,90,3,3
185,91,3,3
185,92,3,3
185,93,3,3
185,94,3,3
185,95,3,3
185,96,3,3
185,97,3,3
185,98,3,3
185,99,3,3
185,100,3,3
185,101,3,3
185,102,3,3
185,103,3,3
185,104,3,3
185,105,3,3
185,106,3,3
185,107,3,3
185,108,3,3
185,109,3,3
185,110,3,3
185,111,3,3
185,112,3,2
185,113,3,2
185,114,3,2
185,115,3,2
185,116,3,2
185,117,3,2
185,118,3,2
185,119,3,2
185,120,3,2
185,121,3,2
185,122,3,2
185,123,3,2
185,124,3,2
185,125,3,2
185,126,3,2
185,127,3,2
185,128,3,2
185,129,3,2
185,130,3,2
185,131,3,2
185,132,3,2
185,133,3,2
185,134,3,2
185,135,3,2
185,136,3,2
185,137,3,2
185,138,3,2
185,139,3,2
185,140,3,2
185,141,3,2
185,142,3,2
185,143,3,2
185,144,3,2
185,145,3,3
185,146,3,3
185,147,3,3
185,148,3,3
185,149,3,3
185,150,3,3
185,151,3,3
185,152,3,3
185,153,3,3
185,154,3,3
185,155,3,3
185,156,3,3
185,157,3,3
185,158,3,3
185,159,3,3
185,160,3,3
185,161,3,3
185,162,3,3
185,163,3,3
185,164,3,3
185,165,3,3
185,166,3,3
185,167,3,3
185,168,3,3
185,169,3,3
185,170,3,3
185,171,3,3
185,172,3,3
185,173,3,3
185,174,3,3
185,175,3,3
185,176,3,3
185,177,3,3
185,178,3,3
185,179,3,3
185,180,3,3
185,181,3,3
185,182,3,3
185,183,3,3
185,184,3,3
185,185,3,3
185,186,3,3
185,187,3,3
185,188,3,3
185,189,3,3
185,190,3,3
185,191,3,3
185,192,3,3
185,193,3,3
185,194,3,3
185,195,3,3
185,196,3,3
185,197,3,3
185,198,3,3
185,199,3,3
185,200,3,3
185,201,3,3
185,202,3,3
185,203,3,2
185,204,3,2
185,205,3,2
185,206,3,2
185,207,3,2
185,208,3,2
185,209,3,2
185,210,3,2
185,211,3,2
185,212,3,2
185,213,3,2
185,214,3,2
185,215,3,2
185,216,3,2
185,217,3,2
185,218,3,2
185,219,3,2
185,220,3,2
185,221,3,2
185,222,3,2
185,223,3,2
185,224,3,2
185,225,3,2
185,226,3,2
185,227,3,2
185,228,3,2
185,229,3,2
185,230,3,2
185,231,3,2
185,232,3,2
185,233,3,2
185,234,3,3
185,235,3,3
185,236,3,3
185,237,3,3
185,238,3,3
185,239,3,3
185,240,3,3
185,241,3,3
185,242,3,3
185,243,3,3
185,244,3,3
185,245,3,3
185,246,3,3
185,247,3,3
185,248,3,3
185,249,3,3
185,250,3,3
185,251,3,3
185,252,3,3
185,253,3,3
185,254,3,3
185,255,3,3
185,256,3,3
185,257,3,3
185,258,3,3
185,259,3,3
185,260,3,3
185,261,3,3
185,262,3,3
185,263,3,3
185,264,3,3
185,265,3,3
185,266,3,3
185,267,3,2
185,268,3,2
185,269,3,2
185,270,3,2
185,271,3,3
185,272,3,3
185,273,3,2
185,274,3,2
185,275,3,2
185,276,3,2
185,277,3,2
185,278,3,2
185,279,3,2
185,280,3,2
185,281,3,2
185,282,3,2
185,283,3,2
185,284,3,2
185,285,3,2
185,286,3,2
185,287,3,2
185,288,3,2
185,289,3,2
185,290,3,2
185,291,3,2
185,292,3,2
185,293,3,2
185,294,3,2
185,295,3,2
185,296,3,2
185,297,3,2
185,298,3,2
185,299,3,2
185,300,3,2
185,301,3,2
185,302,3,2
185,303,3,2
185,304,3,2
185,305,3,2
185,306,3,2
185,307,3,2
185,308,3,2
185,309,3,2
185,310,3,2
185,311,3,2
185,312,3,2
185,313,3,2
185,314,3,2
185,315,3,2
185,316,3,2
185,317,3,2
185,318,3,2
185,319,3,2
185,320,3,2
185,321,3,2
185,322,3,2
185,323,3,2
185,324,3,2
185,325,3,2
185,326,3,2
185,327,3,2
185,328,3,2
185,329,3,2
185,330,3,2
185,331,3,2
185,332,3,2
185,333,3,2
185,334,3,2
185,335,3,2
185,336,3,2
185,337,3,2
185,338,3,2
185,339,3,2
185,340,3,2
185,341,3,2
185,342,3,2
185,343,3,2
185,344,3,2
185,345,3,2
185,346,3,2
185,347,3,2
185,348,3,2
185,349,3,2
185,350,3,2
185,351,3,2
185,352,3,2
185,353,3,2
185,354,3,2
185,355,3,3
185,356,3,2
185,357,3,2
185,358,3,2
185,359,3,2
185,360,3,2
185,361,3,2
185,362,3,2
185,363,3,2
185,364,3,2
186,79,3,2
186,80,3,2
186,81,3,2
186,82,3,3
186,83,3,3
186,84,3,3
186,85,3,3
186,86,3,3
186,87,3,3
186,88,3,3
186,89,3,3
186,90,3,3
186,91,3,3
186,92,3,3
186,93,3,3
186,94,3,3
186,95,3,3
186,96,3,3
186,97,3,3
186,98,3,3
186,99,3,3
186,100,3,3
186,101,3,3
186,102,3,3
186,103,3,3
186,104,3,3
186,105,3,3
186,106,3,3
186,107,3,3
186,108,3,3
186,109,3,3
186,110,3,3
186,111,3,2
186,112,3,2
186,113,3,2
186,114,3,2
186,115,3,2
186,116,3,2
186,117,3,2
186,118,3,2
186,119,3,2
186,120,3,2
186,121,3,2
186,122,3,2
186,123,3,2
186,124,3,2
186,125,3,2
186,126,3,2
186,127,3,2
186,128,3,2
186,129,3,2
186,130,3,2
186,131,3,2
186,132,3,2
186,133,3,2
186,134,3,2
186,135,3,2
186,136,3,2
186,137,3,2
186,138,3,2
186,139,3,2
186,140,3,2
186,141,3,2
186,142,3,2
186,143,3,2
186,144,3,2
186,145,3,3
186,146,3,3
186,147,3,3
186,148,3,3
186,149,3,3
186,150,3,3
186,151,3,3
186,152,3,3
186,153,3,3
186,154,3,3
186,155,3,3
186,156,3,3
186,157,3,3
186,158,3,3
186,159,3,3
186,160,3,3
186,161,3,3
186,162,3,3
186,163,3,3
186,164,3,3
186,165,3,3
186,166,3,3
186,167,3,3
186,168,3,3
186,169,3,3
186,170,3,3
186,171,3,3
186,172,3,3
186,173,3,3
186,174,3,3
186,175,3,3
186,176,3,3
186,177,3,3
186,178,3,3
186,179,3,3
186,180,3,3
186,181,3,3
186,182,3,3
186,183,3,3
186,184,3,3
186,185,3,3
186,186,3,3
186,187,3,3
186,188,3,3
186,189,3,3
186,190,3,3
186,191,3,3
186,192,3,3
186,193,3,3
186,194,3,3
186,195,3,3
186,196,3,3
186,197,3,3
186,198,3,3
186,199,3,3
186,200,3,3
186,201,3,3
186,202,3,3
186,203,3,2
186,204,3,2
186,205,3,2
186,206,3,2
186,207,3,2
186,208,3,2
186,209,3,2
186,210,3,2
186,211,3,2
186,212,3,2
186,213,3,2
186,214,3,2
186,215,3,2
186,216,3,2
186,217,3,2
186,218,3,2
186,219,3,2
186,220,3,2
186,221,3,2
186,222,3,2
186,223,3,2
186,224,3,2
186,225,3,2
186,226,3,2
186,227,3,2
186,228,3,2
186,229,3,2
186,230,3,2
186,231,3,2
186,232,3,2
186,233,3,2
186,234,3,2
186,235,3,3
186,236,3,3
186,237,3,3
186,238,3,3
186,239,3,3
186,240,3,3
186,241,3,3
186,242,3,3
186,243,3,3
186,244,3,3
186,245,3,3
186,246,3,3
186,247,3,3
186,248,3,3
186,249,3,3
186,250,3,3
186,251,3,3
186,252,3,3
186,253,3,3
186,254,3,3
186,255,3,3
186,256,3,3
186,257,3,3
186,258,3,3
186,259,3,3
186,260,3,3
186,261,3,3
186,262,3,3
186,263,3,3
186,264,3,3
186,265,3,3
186,266,3,3
186,267,3,2
186,268,3,2
186,269,3,2
186,270,3,2
186,271,3,2
186,272,3,2
186,273,3,2
186,274,3,2
186,275,3,2
186,276,3,2
186,277,3,2
186,278,3,2
186,279,3,2
186,280,3,2
186,281,3,2
186,282,3,2
186,283,3,2
186,284,3,2
186,285,3,2
186,286,3,2
186,287,3,2
186,288,3,2
186,289,3,2
186,290,3,2
186,291,3,2
186,292,3,2
186,293,3,2
186,294,3,2
186,295,3,2
186,296,3,2
186,297,3,2
186,298,3,2
186,299,3,2
186,300,3,2
186,301,3,2
186,302,3,2
186,303,3,2
186,304,3,2
186,305,3,2
186,306,3,2
186,307,3,2
186,308,3,2
186,309,3,2
186,310,3,2
186,311,3,2
186,312,3,2
186,313,3,2
186,314,3,2
186,315,3,2
186,316,3,2
186,317,3,2
186,318,3,2
186,319,3,2
186,320,3,2
186,321,3,2
186,322,3,2
186,323,3,2
186,324,3,2
186,325,3,2
186,326,3,2
186,327,3,2
186,328,3,2
186,329,3,2
186,330,3,2
186,331,3,2
186,332,3,2
186,333,3,2
186,334,3,2
186,335,3,2
186,336,3,2
186,337,3,2
186,338,3,2
186,339,3,2
186,340,3,2
186,341,3,2
186,342,3,2
186,343,3,2
186,344,3,2
186,345,3,2
186,346,3,2
186,347,3,2
186,348,3,2
186,349,3,2
186,350,3,2
186,351,3,2
186,352,3,2
186,353,3,2
186,354,3,2
186,355,3,2
186,356,3,2
186,357,3,2
186,358,3,2
186,359,3,2
186,360,3,2
186,361,3,2
186,362,3,2
186,363,3,2
187,79,3,2
187,80,3,2
187,81,3,3
187,82,3,3
187,83,3,3
187,84,3,3
187,85,3,3
187,86,3,3
187,87,3,3
187,88,3,3
187,89,3,3
187,90,3,3
187,91,3,3
187,92,3,3
187,93,3,3
187,94,3,3
187,95,3,3
187,96,3,3
187,97,3,3
187,98,3,3
187,99,3,3
187,100,3,3
187,101,3,3
187,102,3,3
187,103,3,3
187,104,3,3
187,105,3,3
187,106,3,3
187,107,3,3
187,108,3,3
187,109,3,3
187,110,3,3
187,111,3,3
187,112,3,3
187,113,3,2
187,114,3,2
187,115,3,2
187,116,3,2
187,117,3,2
187,118,3,2
187,119,3,2
187,120,3,2
187,121,3,2
187,122,3,2
187,123,3,2
187,124,3,2
187,125,3,2
187,126,3,2
187,127,3,2
187,128,3,2
187,129,3,2
187,130,3,2
187,131,3,2
187,132,3,2
187,133,3,2
187,134,3,2
187,135,3,2
187,136,3,2
187,137,3,2
187,138,3,2
187,139,3,2
187,140,3,2
187,141,3,2
187,142,3,2
187,143,3,2
187,144,3,2
187,145,3,3
187,146,3,3
187,147,3,3
187,148,3,3
187,149,3,3
187,150,3,3
187,151,3,3
187,152,3,3
187,153,3,3
187,154,3,3
187,155,3,3
187,156,3,3
187,157,3,3
187,158,3,3
187,159,3,3
187,160,3,3
187,161,3,3
187,162,3,3
187,163,3,3
187,164,3,3
187,165,3,3
187,166,3,3
187,167,3,3
187,168,3,3
187,169,3,3
187,170,3,3
187,171,3,3
187,172,3,3
187,173,3,3
187,174,3,3
187,175,3,3
187,176,3,3
187,177,3,3
187,178,3,3
187,179,3,3
187,180,3,3
187,181,3,3
187,182,3,3
187,183,3,3
187,184,3,3
187,185,3,3
187,186,3,3
187,187,3,3
187,188,3,3
187,189,3,3
187,190,3,3
187,191,3,3
187,192,3,3
187,193,3,3
187,194,3,3
187,195,3,3
187,196,3,3
187,197,3,3
187,198,3,3
187,199,3,3
187,200,3,3
187,201,3,3
187,202,3,3
187,203,3,3
187,204,3,2
187,205,3,2
187,206,3,2
187,207,3,2
187,208,3,2
187,209,3,2
187,210,3,2
187,211,3,2
187,212,3,2
187,213,3,2
187,214,3,2
187,215,3,2
187,216,3,2
187,217,3,2
187,218,3,2
187,219,3,2
187,220,3,2
187,221,3,2
187,222,3,2
187,223,3,2
187,224,3,2
187,225,3,2
187,226,3,2
187,227,3,2
187,228,3,2
187,229,3,2
187,230,3,2
187,231,3,2
187,232,3,2
187,233,3,2
187,234,3,3
187,235,3,3
187,236,3,3
187,237,3,3
187,238,3,3
187,239,3,3
187,240,3,3
187,241,3,3
187,242,3,3
187,243,3,3
187,244,3,3
187,245,3,3
187,246,3,3
187,247,3,3
187,248,3,3
187,249,3,3
187,250,3,3
187,251,3,3
187,252,3,3
187,253,3,3
187,254,3,3
187,255,3,3
187,256,3,3
187,257,3,3
187,258,3,3
187,259,3,3
187,260,3,3
187,261,3,3
187,262,3,3
187,263,3,3
187,264,3,3
187,265,3,2
187,266,3,2
187,267,3,2
187,268,3,2
187,269,3,2
187,270,3,2
187,271,3,2
187,272,3,2
187,273,3,2
187,274,3,2
187,275,3,2
187,276,3,2
187,277,3,2
187,278,3,2
187,279,3,2
187,280,3,2
187,281,3,2
187,282,3,2
187,283,3,2
187,284,3,2
187,285,3,2
187,286,3,2
187,287,3,2
187,288,3,2
187,289,3,2
187,290,3,2
187,291,3,2
187,292,3,2
187,293,3,2
187,294,3,2
187,295,3,2
187,296,3,2
187,297,3,2
187,298,3,2
187,299,3,2
187,300,3,2
187,301,3,2
187,302,3,2
187,303,3,2
187,304,3,2
187,305,3,2
187,306,3,2
187,307,3,2
187,308,3,2
187,309,3,2
187,310,3,2
187,311,3,2
187,312,3,2
187,313,3,2
187,314,3,2
187,315,3,2
187,316,3,2
187,317,3,2
187,318,3,2
187,319,3,2
187,320,3,2
187,321,3,2
187,322,3,2
187,323,3,2
187,324,3,2
187,325,3,2
187,326,3,2
187,327,3,3
187,328,3,3
187,329,3,3
187,330,3,3
187,331,3,3
187,332,3,3
187,333,3,3
187,334,3,3
187,335,3,2
187,336,3,2
187,337,3,2
187,338,3,2
187,339,3,2
187,340,3,2
187,341,3,2
187,342,3,2
187,343,3,2
187,344,3,2
187,345,3,2
187,346,3,2
187,347,3,2
187,348,3,2
187,349,3,2
187,350,3,2
187,351,3,2
187,352,3,2
187,353,3,2
187,354,3,2
187,355,3,2
187,356,3,2
187,357,3,2
187,358,3,2
187,359,3,2
187,360,3,2
187,361,3,2
187,362,3,2
188,79,3,2
188,80,3,2
188,81,3,3
188,82,3,3
188,83,3,3
188,84,3,3
188,85,3,3
188,86,3,3
188,87,3,3
188,88,3,3
188,89,3,3
188,90,3,3
188,91,3,3
188,92,3,3
188,93,3,3
188,94,3,3
188,95,3,3
188,96,3,3
188,97,3,3
188,98,3,3
188,99,3,3
188,100,3,3
188,101,3,3
188,102,3,3
188,103,3,3
188,104,3,3
188,105,3,3
188,106,3,3
188,107,3,3
188,108,3,3
188,109,3,3
188,110,3,3
188,111,3,3
188,112,3,2
188,113,3,2
188,114,3,2
188,115,3,2
188,116,3,2
188,117,3,2
188,118,3,2
188,119,3,2
188,120,3,2
188,121,3,2
188,122,3,2
188,123,3,2
188,124,3,2
188,125,3,2
188,126,3,2
188,127,3,2
188,128,3,2
188,129,3,2
188,130,3,2
188,131,3,2
188,132,3,2
188,133,3,2
188,134,3,2
188,135,3,2
188,136,3,2
188,137,3,2
188,138,3,2
188,139,3,2
188,140,3,2
188,141,3,2
188,142,3,2
188,143,3,2
188,144,3,2
188,145,3,3
188,146,3,3
188,147,3,3
188,148,3,3
188,149,3,3
188,150,3,3
188,151,3,3
188,152,3,3
188,153,3,3
188,154,3,3
188,155,3,3
188,156,3,3
188,157,3,3
188,158,3,3
188,159,3,3
188,160,3,3
188,161,3,3
188,162,3,3
188,163,3,3
188,164,3,3
188,165,3,3
188,166,3,3
188,167,3,3
188,168,3,3
188,169,3,3
188,170,3,3
188,171,3,3
188,172,3,3
188,173,3,3
188,174,3,3
188,175,3,3
188,176,3,3
188,177,3,3
188,178,3,3
188,179,3,3
188,180,3,3
188,181,3,3
188,182,3,3
188,183,3,3
188,184,3,3
188,185,3,3
188,186,3,3
188,187,3,3
188,188,3,3
188,189,3,3
188,190,3,3
188,191,3,3
188,192,3,3
188,193,3,3
188,194,3,3
188,195,3,3
188,196,3,3
188,197,3,3
188,198,3,3
188,199,3,3
188,200,3,3
188,201,3,3
188,202,3,3
188,203,3,3
188,204,3,2
188,205,3,2
188,206,3,2
188,207,3,2
188,208,3,2
188,209,3,2
188,210,3,2
188,211,3,2
188,212,3,2
188,213,3,2
188,214,3,2
188,215,3,2
188,216,3,2
188,217,3,2
188,218,3,2
188,219,3,2
188,220,3,2
188,221,3,2
188,222,3,2
188,223,3,2
188,224,3,2
188,225,3,2
188,226,3,2
188,227,3,2
188,228,3,2
188,229,3,2
188,230,3,2
188,231,3,2
188,232,3,2
188,233,3,2
188,234,3,2
188,235,3,3
188,236,3,3
188,237,3,3
188,238,3,3
188,239,3,3
188,240,3,3
188,241,3,3
188,242,3,3
188,243,3,3
188,244,3,3
188,245,3,3
188,246,3,3
188,247,3,3
188,248,3,3
188,249,3,3
188,250,3,3
188,251,3,3
188,252,3,3
188,253,3,3
188,254,3,3
188,255,3,3
188,256,3,3
188,257,3,3
188,258,3,3
188,259,3,3
188,260,3,3
188,261,3,3
188,262,3,3
188,263,3,3
188,264,3,3
188,265,3,2
188,266,3,2
188,267,3,2
188,268,3,2
188,269,3,2
188,270,3,2
188,271,3,2
188,272,3,2
188,273,3,2
188,274,3,2
188,275,3,2
188,276,3,2
188,277,3,2
188,278,3,2
188,279,3,2
188,280,3,2
188,281,3,2
188,282,3,2
188,283,3,2
188,284,3,2
188,285,3,2
188,286,3,2
188,287,3,2
188,288,3,2
188,289,3,2
188,290,3,2
188,291,3,2
188,292,3,2
188,293,3,2
188,294,3,2
188,295,3,2
188,296,3,2
188,297,3,2
188,298,3,2
188,299,3,2
188,300,3,2
188,301,3,2
188,302,3,2
188,303,3,2
188,304,3,2
188,305,3,2
188,306,3,2
188,307,3,2
188,308,3,2
188,309,3,2
188,310,3,2
188,311,3,2
188,312,3,2
188,313,3,2
188,314,3,2
188,315,3,2
188,316,3,2
188,317,3,2
188,318,3,2
188,319,3,2
188,320,3,2
188,321,3,2
188,322,3,2
188,323,3,2
188,324,3,2
188,325,3,2
188,326,3,2
188,327,3,3
188,328,3,3
188,329,3,3
188,330,3,3
188,331,3,3
188,332,3,3
188,333,3,3
188,334,3,3
188,335,3,2
188,336,3,2
188,337,3,2
188,338,3,2
188,339,3,2
188,340,3,2
188,341,3,2
188,342,3,2
188,343,3,2
188,344,3,2
188,345,3,2
188,346,3,2
188,347,3,2
188,348,3,2
188,349,3,2
188,350,3,2
188,351,3,2
188,352,3,2
188,353,3,2
188,354,3,2
188,355,3,2
188,356,3,2
188,357,3,2
188,358,3,2
188,359,3,2
188,360,3,2
188,361,3,2
188,362,3,3
189,79,3,2
189,80,3,2
189,81,3,3
189,82,3,3
189,83,3,3
189,84,3,3
189,85,3,3
189,86,3,3
189,87,3,3
189,88,3,3
189,89,3,3
189,90,3,3
189,91,3,3
189,92,3,3
189,93,3,3
189,94,3,3
189,95,3,3
189,96,3,3
189,97,3,3
189,98,3,3
189,99,3,3
189,100,3,3
189,101,3,3
189,102,3,3
189,103,3,3
189,104,3,3
189,105,3,3
189,106,3,3
189,107,3,3
189,108,3,3
189,109,3,3
189,110,3,3
189,111,3,3
189,112,3,3
189,113,3,2
189,114,3,2
189,115,3,2
189,116,3,2
189,117,3,2
189,118,3,2
189,119,3,2
189,120,3,2
189,121,3,2
189,122,3,2
189,123,3,2
189,124,3,2
189,125,3,2
189,126,3,2
189,127,3,2
189,128,3,2
189,129,3,2
189,130,3,2
189,131,3,2
189,132,3,2
189,133,3,2
189,134,3,2
189,135,3,2
189,136,3,2
189,137,3,2
189,138,3,2
189,139,3,2
189,140,3,2
189,141,3,2
189,142,3,2
189,143,3,2
189,144,3,2
189,145,3,3
189,146,3,3
189,147,3,3
189,148,3,3
189,149,3,3
189,150,3,3
189,151,3,3
189,152,3,3
189,153,3,3
189,154,3,3
189,155,3,3
189,156,3,3
189,157,3,3
189,158,3,3
189,159,3,3
189,160,3,3
189,161,3,3
189,162,3,3
189,163,3,3
189,164,3,3
189,165,3,3
189,166,3,3
189,167,3,3
189,168,3,3
189,169,3,3
189,170,3,3
189,171,3,3
189,172,3,3
189,173,3,3
189,174,3,3
189,175,3,3
189,176,3,3
189,177,3,3
189,178,3,3
189,179,3,3
189,180,3,3
189,181,3,3
189,182,3,3
189,183,3,3
189,184,3,3
189,185,3,3
189,186,3,3
189,187,3,3
189,188,3,3
189,189,3,3
189,190,3,3
189,191,3,3
189,192,3,3
189,193,3,3
189,194,3,3
189,195,3,3
189,196,3,3
189,197,3,3
189,198,3,3
189,199,3,3
189,200,3,3
189,201,3,3
189,202,3,3
189,203,3,3
189,204,3,2
189,205,3,2
189,206,3,2
189,207,3,2
189,208,3,2
189,209,3,2
189,210,3,2
189,211,3,2
189,212,3,2
189,213,3,2
189,214,3,2
189,215,3,2
189,216,3,2
189,217,3,2
189,218,3,2
189,219,3,2
189,220,3,2
189,221,3,2
189,222,3,2
189,223,3,2
189,224,3,2
189,225,3,2
189,226,3,2
189,227,3,2
189,228,3,2
189,229,3,2
189,230,3,2
189,231,3,2
189,232,3,2
189,233,3,2
189,234,3,2
189,235,3,2
189,236,3,2
189,237,3,3
189,238,3,3
189,239,3,3
189,240,3,3
189,241,3,3
189,242,3,3
189,243,3,3
189,244,3,3
189,245,3,3
189,246,3,3
189,247,3,3
189,248,3,3
189,249,3,3
189,250,3,3
189,251,3,3
189,252,3,3
189,253,3,3
189,254,3,3
189,255,3,3
189,256,3,3
189,257,3,3
189,258,3,3
189,259,3,3
189,260,3,3
189,261,3,3
189,262,3,3
189,263,3,3
189,264,3,3
189,265,3,2
189,266,3,2
189,267,3,2
189,268,3,2
189,269,3,2
189,270,3,2
189,271,3,2
189,272,3,2
189,273,3,2
189,274,3,2
189,275,3,2
189,276,3,2
189,277,3,2
189,278,3,2
189,279,3,2
189,280,3,2
189,281,3,2
189,282,3,2
189,283,3,2
189,284,3,2
189,285,3,2
189,286,3,2
189,287,3,2
189,288,3,2
189,289,3,2
189,290,3,2
189,291,3,2
189,292,3,2
189,293,3,2
189,294,3,2
189,295,3,2
189,296,3,2
189,297,3,2
189,298,3,2
189,299,3,2
189,300,3,2
189,301,3,2
189,302,3,2
189,303,3,2
189,304,3,2
189,305,3,2
189,306,3,2
189,307,3,2
189,308,3,2
189,309,3,2
189,310,3,2
189,311,3,2
189,312,3,2
189,313,3,2
189,314,3,2
189,315,3,2
189,316,3,2
189,317,3,2
189,318,3,2
189,319,3,2
189,320,3,2
189,321,3,2
189,322,3,2
189,323,3,2
189,324,3,2
189,325,3,2
189,326,3,2
189,327,3,3
189,328,3,3
189,329,3,3
189,330,3,3
189,331,3,3
189,332,3,3
189,333,3,3
189,334,3,3
189,335,3,3
189,336,3,3
189,337,3,2
189,338,3,2
189,339,3,2
189,340,3,2
189,341,3,2
189,342,3,2
189,343,3,2
189,344,3,2
189,345,3,2
189,346,3,2
189,347,3,2
189,348,3,2
189,349,3,2
189,350,3,2
189,351,3,2
189,352,3,2
189,353,3,2
189,354,3,2
189,355,3,2
189,356,3,2
189,357,3,2
189,358,3,2
189,359,3,2
189,360,3,2
189,361,3,3
190,79,3,2
190,80,3,2
190,81,3,3
190,82,3,3
190,83,3,3
190,84,3,3
190,85,3,3
190,86,3,3
190,87,3,3
190,88,3,3
190,89,3,3
190,90,3,3
190,91,3,3
190,92,3,3
190,93,3,3
190,94,3,3
190,95,3,3
190,96,3,3
190,97,3,3
190,98,3,3
190,99,3,3
190,100,3,3
190,101,3,3
190,102,3,3
190,103,3,3
190,104,3,3
190,105,3,3
190,106,3,3
190,107,3,3
190,108,3,3
190,109,3,3
190,110,3,3
190,111,3,3
190,112,3,2
190,113,3,2
190,114,3,2
190,115,3,2
190,116,3,2
190,117,3,2
190,118,3,2
190,119,3,2
190,120,3,2
190,121,3,2
190,122,3,2
190,123,3,2
190,124,3,2
190,125,3,2
190,126,3,2
190,127,3,2
190,128,3,2
190,129,3,2
190,130,3,2
190,131,3,2
190,132,3,2
190,133,3,2
190,134,3,2
190,135,3,2
190,136,3,2
190,137,3,2
190,138,3,2
190,139,3,2
190,140,3,2
190,141,3,2
190,142,3,2
190,143,3,2
190,144,3,2
190,145,3,3
190,146,3,3
190,147,3,3
190,148,3,3
190,149,3,3
190,150,3,3
190,151,3,3
190,152,3,3
190,153,3,3
190,154,3,3
190,155,3,3
190,156,3,3
190,157,3,3
190,158,3,3
190,159,3,3
190,160,3,3
190,161,3,3
190,162,3,3
190,163,3,3
190,164,3,3
190,165,3,3
190,166,3,3
190,167,3,3
190,168,3,3
190,169,3,3
190,170,3,3
190,171,3,3
190,172,3,3
190,173,3,3
190,174,3,3
190,175,3,3
190,176,3,3
190,177,3,3
190,178,3,3
190,179,3,3
190,180,3,3
190,181,3,3
190,182,3,3
190,183,3,3
190,184,3,3
190,185,3,3
190,186,3,3
190,187,3,3
190,188,3,3
190,189,3,3
190,190,3,3
190,191,3,3
190,192,3,3
190,193,3,3
190,194,3,3
190,195,3,3
190,196,3,3
190,197,3,3
190,198,3,3
190,199,3,3
190,200,3,3
190,201,3,3
190,202,3,3
190,203,3,3
190,204,3,2
190,205,3,2
190,206,3,2
190,207,3,2
190,208,3,2
190,209,3,2
190,210,3,2
190,211,3,2
190,212,3,2
190,213,3,2
190,214,3,2
190,215,3,2
190,216,3,2
190,217,3,2
190,218,3,2
190,219,3,2
190,220,3,2
190,221,3,2
190,222,3,2
190,223,3,2
190,224,3,2
190,225,3,2
190,226,3,2
190,227,3,2
190,228,3,2
190,229,3,2
190,230,3,2
190,231,3,2
190,232,3,2
190,233,3,2
190,234,3,2
190,235,3,2
190,236,3,2
190,237,3,3
190,238,3,3
190,239,3,3
190,240,3,3
190,241,3,3
190,242,3,3
190,243,3,3
190,244,3,3
190,245,3,3
190,246,3,3
190,247,3,3
190,248,3,3
190,249,3,3
190,250,3,3
190,251,3,3
190,252,3,3
190,253,3,3
190,254,3,3
190,255,3,3
190,256,3,3
190,257,3,3
190,258,3,3
190,259,3,3
190,260,3,3
190,261,3,3
190,262,3,3
190,263,3,3
190,264,3,3
190,265,3,2
190,266,3,2
190,267,3,2
190,268,3,2
190,269,3,2
190,270,3,2
190,271,3,2
190,272,3,2
190,273,3,2
190,274,3,2
190,275,3,2
190,276,3,2
190,277,3,2
190,278,3,2
190,279,3,2
190,280,3,2
190,281,3,2
190,282,3,2
190,283,3,2
190,284,3,2
190,285,3,2
190,286,3,2
190,287,3,2
190,288,3,2
190,289,3,2
190,290,3,2
190,291,3,2
190,292,3,2
190,293,3,2
190,294,3,2
190,295,3,2
190,296,3,2
190,297,3,2
190,298,3,2
190,299,3,2
190,300,3,2
190,301,3,2
190,302,3,2
190,303,3,2
190,304,3,2
190,305,3,2
190,306,3,2
190,307,3,2
190,308,3,2
190,309,3,2
190,310,3,2
190,311,3,2
190,312,3,2
190,313,3,2
190,314,3,2
190,315,3,2
190,316,3,2
190,317,3,2
190,318,3,2
190,319,3,2
190,320,3,2
190,321,3,2
190,322,3,2
190,323,3,2
190,324,3,2
190,325,3,2
190,326,3,2
190,327,3,3
190,328,3,3
190,329,3,3
190,330,3,3
190,331,3,3
190,332,3,3
190,333,3,3
190,334,3,3
190,335,3,3
190,336,3,3
190,337,3,2
190,338,3,2
190,339,3,2
190,340,3,2
190,341,3,2
190,342,3,2
190,343,3,2
190,344,3,2
190,345,3,2
190,346,3,2
190,347,3,2
190,348,3,2
190,349,3,2
190,350,3,2
190,351,3,2
190,352,3,2
190,353,3,2
190,354,3,2
190,355,3,2
190,356,3,2
190,357,3,2
190,358,3,2
190,359,3,2
190,360,3,3
191,79,3,2
191,80,3,2
191,81,3,3
191,82,3,3
191,83,3,3
191,84,3,3
191,85,3,3
191,86,3,3
191,87,3,3
191,88,3,3
191,89,3,3
191,90,3,3
191,91,3,3
191,92,3,3
191,93,3,3
191,94,3,3
191,95,3,3
191,96,3,3
191,97,3,3
191,98,3,3
191,99,3,3
191,100,3,3
191,101,3,3
191,102,3,3
191,103,3,3
191,104,3,3
191,105,3,3
191,106,3,3
191,107,3,3
191,108,3,3
191,109,3,3
191,110,3,3
191,111,3,3
191,112,3,3
191,113,3,2
191,114,3,2
191,115,3,2
191,116,3,2
191,117,3,2
191,118,3,2
191,119,3,2
191,120,3,2
191,121,3,2
191,122,3,2
191,123,3,2
191,124,3,2
191,125,3,2
191,126,3,2
191,127,3,2
191,128,3,2
191,129,3,2
191,130,3,2
191,131,3,2
191,132,3,2
191,133,3,2
191,134,3,2
191,135,3,2
191,136,3,2
191,137,3,2
191,138,3,2
191,139,3,2
191,140,3,2
191,141,3,2
191,142,3,2
191,143,3,2
191,144,3,2
191,145,3,3
191,146,3,3
191,147,3,3
191,148,3,3
191,149,3,3
191,150,3,3
191,151,3,3
191,152,3,3
191,153,3,3
191,154,3,3
191,155,3,3
191,156,3,3
191,157,3,3
191,158,3,3
191,159,3,3
191,160,3,3
191,161,3,3
191,162,3,3
191,163,3,3
191,164,3,3
191,165,3,3
191,166,3,3
191,167,3,3
191,168,3,3
191,169,3,3
191,170,3,3
191,171,3,3
191,172,3,3
191,173,3,3
191,174,3,3
191,175,3,3
191,176,3,3
191,177,3,3
191,178,3,3
191,179,3,3
191,180,3,3
191,181,3,3
191,182,3,3
191,183,3,3
191,184,3,3
191,185,3,3
191,186,3,3
191,187,3,3
191,188,3,3
191,189,3,3
191,190,3,3
191,191,3,3
191,192,3,3
191,193,3,3
191,194,3,3
191,195,3,3
191,196,3,3
191,197,3,3
191,198,3,3
191,199,3,3
191,200,3,3
191,201,3,3
191,202,3,3
191,203,3,3
191,204,3,3
191,205,3,2
191,206,3,2
191,207,3,2
191,208,3,2
191,209,3,2
191,210,3,2
191,211,3,2
191,212,3,2
191,213,3,2
191,214,3,2
191,215,3,2
191,216,3,2
191,217,3,2
191,218,3,2
191,219,3,2
191,220,3,2
191,221,3,2
191,222,3,2
191,223,3,2
191,224,3,2
191,225,3,2
191,226,3,2
191,227,3,2
191,228,3,2
191,229,3,2
191,230,3,2
191,231,3,2
191,232,3,2
191,233,3,3
191,234,3,3
191,235,3,3
191,236,3,3
191,237,3,3
191,238,3,3
191,239,3,3
191,240,3,3
191,241,3,3
191,242,3,3
191,243,3,3
191,244,3,3
191,245,3,3
191,246,3,3
191,247,3,3
191,248,3,3
191,249,3,3
191,250,3,3
191,251,3,3
191,252,3,3
191,253,3,3
191,254,3,3
191,255,3,3
191,256,3,3
191,257,3,3
191,258,3,3
191,259,3,3
191,260,3,3
191,261,3,3
191,262,3,3
191,263,3,3
191,264,3,2
191,265,3,2
191,266,3,2
191,267,3,2
191,268,3,2
191,269,3,2
191,270,3,2
191,271,3,2
191,272,3,2
191,273,3,2
191,274,3,2
191,275,3,2
191,276,3,2
191,277,3,2
191,278,3,2
191,279,3,2
191,280,3,2
191,281,3,2
191,282,3,2
191,283,3,2
191,284,3,2
191,285,3,2
191,286,3,2
191,287,3,2
191,288,3,2
191,289,3,2
191,290,3,2
191,291,3,2
191,292,3,2
191,293,3,2
191,294,3,2
191,295,3,2
191,296,3,2
191,297,3,2
191,298,3,2
191,299,3,2
191,300,3,2
191,301,3,2
191,302,3,2
191,303,3,2
191,304,3,2
191,305,3,2
191,306,3,2
191,307,3,2
191,308,3,2
191,309,3,2
191,310,3,2
191,311,3,2
191,312,3,2
191,313,3,2
191,314,3,2
191,315,3,2
191,316,3,2
191,317,3,2
191,318,3,2
191,319,3,2
191,320,3,2
191,321,3,2
191,322,3,2
191,323,3,2
191,324,3,2
191,325,3,2
191,326,3,2
191,327,3,3
191,328,3,3
191,329,3,3
191,330,3,3
191,331,3,3
191,332,3,3
191,333,3,3
191,334,3,3
191,335,3,3
191,336,3,3
191,337,3,2
191,338,3,2
191,339,3,2
191,340,3,2
191,341,3,2
191,342,3,2
191,343,3,2
191,344,3,2
191,345,3,2
191,346,3,2
191,347,3,2
191,348,3,2
191,349,3,2
191,350,3,2
191,351,3,2
191,352,3,2
191,353,3,2
191,354,3,2
191,355,3,2
191,356,3,2
191,357,3,2
191,358,3,2
192,79,3,2
192,80,3,2
192,81,3,2
192,82,3,3
192,83,3,3
192,84,3,3
192,85,3,3
192,86,3,3
192,87,3,3
192,88,3,3
192,89,3,3
192,90,3,3
192,91,3,3
192,92,3,3
192,93,3,3
192,94,3,3
192,95,3,3
192,96,3,3
192,97,3,3
192,98,3,3
192,99,3,3
192,100,3,3
192,101,3,3
192,102,3,3
192,103,3,3
192,104,3,3
192,105,3,3
192,106,3,3
192,107,3,3
192,108,3,3
192,109,3,3
192,110,3,3
192,111,3,3
192,112,3,3
192,113,3,2
192,114,3,2
192,115,3,2
192,116,3,2
192,117,3,2
192,118,3,2
192,119,3,2
192,120,3,2
192,121,3,2
192,122,3,2
192,123,3,2
192,124,3,2
192,125,3,2
192,126,3,2
192,127,3,2
192,128,3,2
192,129,3,2
192,130,3,2
192,131,3,2
192,132,3,2
192,133,3,2
192,134,3,2
192,135,3,2
192,136,3,2
192,137,3,2
192,138,3,2
192,139,3,2
192,140,3,2
192,141,3,2
192,142,3,2
192,143,3,2
192,144,3,2
192,145,3,3
192,146,3,3
192,147,3,3
192,148,3,3
192,149,3,3
192,150,3,3
192,151,3,3
192,152,3,3
192,153,3,3
192,154,3,3
192,155,3,3
192,156,3,3
192,157,3,3
192,158,3,3
192,159,3,3
192,160,3,3
192,161,3,3
192,162,3,3
192,163,3,3
192,164,3,3
192,165,3,3
192,166,3,3
192,167,3,3
192,168,3,3
192,169,3,3
192,170,3,3
192,171,3,3
192,172,3,3
192,173,3,3
192,174,3,3
192,175,3,3
192,176,3,3
192,177,3,3
192,178,3,3
192,179,3,3
192,180,3,3
192,181,3,3
192,182,3,3
192,183,3,3
192,184,3,3
192,185,3,3
192,186,3,3
192,187,3,3
192,188,3,3
192,189,3,3
192,190,3,3
192,191,3,3
192,192,3,3
192,193,3,3
192,194,3,3
192,195,3,3
192,196,3,3
192,197,3,3
192,198,3,3
192,199,3,3
192,200,3,3
192,201,3,3
192,202,3,3
192,203,3,3
192,204,3,3
192,205,3,2
192,206,3,2
192,207,3,2
192,208,3,2
192,209,3,2
192,210,3,2
192,211,3,2
192,212,3,2
192,213,3,2
192,214,3,2
192,215,3,2
192,216,3,2
192,217,3,2
192,218,3,2
192,219,3,2
192,220,3,2
192,221,3,2
192,222,3,2
192,223,3,2
192,224,3,2
192,225,3,2
192,226,3,2
192,227,3,2
192,228,3,2
192,229,3,2
192,230,3,2
192,231,3,3
192,232,3,3
192,233,3,3
192,234,3,3
192,235,3,3
192,236,3,3
192,237,3,3
192,238,3,3
192,239,3,3
192,240,3,3
192,241,3,3
192,242,3,3
192,243,3,3
192,244,3,3
192,245,3,3
192,246,3,3
192,247,3,3
192,248,3,3
192,249,3,3
192,250,3,3
192,251,3,3
192,252,3,3
192,253,3,3
192,254,3,3
192,255,3,3
192,256,3,3
192,257,3,3
192,258,3,3
192,259,3,3
192,260,3,3
192,261,3,3
192,262,3,3
192,263,3,2
192,264,3,2
192,265,3,2
192,266,3,2
192,267,3,2
192,268,3,2
192,269,3,2
192,270,3,2
192,271,3,2
192,272,3,2
192,273,3,2
192,274,3,2
192,275,3,2
192,276,3,2
192,277,3,2
192,278,3,2
192,279,3,2
192,280,3,2
192,281,3,2
192,282,3,2
192,283,3,2
192,284,3,2
192,285,3,2
192,286,3,2
192,287,3,2
192,288,3,2
192,289,3,2
192,290,3,2
192,291,3,2
192,292,3,2
192,293,3,2
192,294,3,2
192,295,3,2
192,296,3,2
192,297,3,2
192,298,3,2
192,299,3,2
192,300,3,2
192,301,3,2
192,302,3,2
192,303,3,2
192,304,3,2
192,305,3,2
192,306,3,2
192,307,3,2
192,308,3,2
192,309,3,2
192,310,3,2
192,311,3,2
192,312,3,2
192,313,3,2
192,314,3,2
192,315,3,2
192,316,3,2
192,317,3,2
192,318,3,2
192,319,3,2
192,320,3,2
192,321,3,2
192,322,3,2
192,323,3,2
192,324,3,2
192,325,3,2
192,326,3,2
192,327,3,2
192,328,3,3
192,329,3,3
192,330,3,3
192,331,3,3
192,332,3,3
192,333,3,3
192,334,3,3
192,335,3,3
192,336,3,3
192,337,3,2
192,338,3,2
192,339,3,2
192,340,3,3
192,341,3,2
192,342,3,2
192,343,3,2
192,344,3,2
192,345,3,2
192,346,3,2
192,347,3,2
192,348,3,2
192,349,3,2
192,350,3,2
192,351,3,2
192,352,3,2
192,353,3,2
192,354,3,2
192,355,3,3
192,356,3,3
192,357,3,2
193,78,3,2
193,79,3,2
193,80,3,2
193,81,3,2
193,82,3,3
193,83,3,3
193,84,3,3
193,85,3,3
193,86,3,3
193,87,3,3
193,88,3,3
193,89,3,3
193,90,3,3
193,91,3,3
193,92,3,3
193,93,3,3
193,94,3,3
193,95,3,3
193,96,3,3
193,97,3,3
193,98,3,3
193,99,3,3
193,100,3,3
193,101,3,3
193,102,3,3
193,103,3,3
193,104,3,3
193,105,3,3
193,106,3,3
193,107,3,3
193,108,3,3
193,109,3,3
193,110,3,3
193,111,3,3
193,112,3,3
193,113,3,2
193,114,3,2
193,115,3,2
193,116,3,2
193,117,3,2
193,118,3,2
193,119,3,2
193,120,3,2
193,121,3,2
193,122,3,2
193,123,3,2
193,124,3,2
193,125,3,2
193,126,3,2
193,127,3,2
193,128,3,2
193,129,3,2
193,130,3,2
193,131,3,2
193,132,3,2
193,133,3,2
193,134,3,2
193,135,3,2
193,136,3,2
193,137,3,2
193,138,3,2
193,139,3,2
193,140,3,2
193,141,3,2
193,142,3,2
193,143,3,2
193,144,3,2
193,145,3,3
193,146,3,3
193,147,3,3
193,148,3,3
193,149,3,3
193,150,3,3
193,151,3,3
193,152,3,3
193,153,3,3
193,154,3,3
193,155,3,3
193,156,3,3
193,157,3,3
193,158,3,3
193,159,3,3
193,160,3,3
193,161,3,3
193,162,3,3
193,163,3,3
193,164,3,3
193,165,3,3
193,166,3,3
193,167,3,3
193,168,3,3
193,169,3,3
193,170,3,3
193,171,3,3
193,172,3,3
193,173,3,3
193,174,3,3
193,175,3,3
193,176,3,3
193,177,3,3
193,178,3,3
193,179,3,3
193,180,3,3
193,181,3,3
193,182,3,3
193,183,3,3
193,184,3,3
193,185,3,3
193,186,3,3
193,187,3,3
193,188,3,3
193,189,3,3
193,190,3,3
193,191,3,3
193,192,3,3
193,193,3,3
193,194,3,3
193,195,3,3
193,196,3,3
193,197,3,3
193,198,3,3
193,199,3,3
193,200,3,3
193,201,3,3
193,202,3,3
193,203,3,3
193,204,3,2
193,205,3,2
193,206,3,2
193,207,3,2
193,208,3,2
193,209,3,2
193,210,3,2
193,211,3,2
193,212,3,2
193,213,3,2
193,214,3,2
193,215,3,2
193,216,3,2
193,217,3,2
193,218,3,2
193,219,3,2
193,220,3,2
193,221,3,2
193,222,3,2
193,223,3,2
193,224,3,2
193,225,3,3
193,226,3,3
193,227,3,3
193,228,3,3
193,229,3,3
193,230,3,3
193,231,3,3
193,232,3,3
193,233,3,3
193,234,3,3
193,235,3,3
193,236,3,3
193,237,3,3
193,238,3,3
193,239,3,3
193,240,3,3
193,241,3,3
193,242,3,3
193,243,3,3
193,244,3,3
193,245,3,3
193,246,3,3
193,247,3,3
193,248,3,3
193,249,3,3
193,250,3,3
193,251,3,3
193,252,3,3
193,253,3,3
193,254,3,3
193,255,3,3
193,256,3,3
193,257,3,3
193,258,3,3
193,259,3,3
193,260,3,3
193,261,3,3
193,262,3,3
193,263,3,2
193,264,3,2
193,265,3,2
193,266,3,2
193,267,3,2
193,268,3,2
193,269,3,2
193,270,3,2
193,271,3,2
193,272,3,2
193,273,3,2
193,274,3,2
193,275,3,2
193,276,3,2
193,277,3,2
193,278,3,2
193,279,3,2
193,280,3,2
193,281,3,2
193,282,3,2
193,283,3,2
193,284,3,2
193,285,3,2
193,286,3,2
193,287,3,2
193,288,3,2
193,289,3,2
193,290,3,2
193,291,3,2
193,292,3,2
193,293,3,2
193,294,3,2
193,295,3,2
193,296,3,2
193,297,3,2
193,298,3,2
193,299,3,2
193,300,3,2
193,301,3,2
193,302,3,2
193,303,3,2
193,304,3,2
193,305,3,2
193,306,3,2
193,307,3,2
193,308,3,2
193,309,3,2
193,310,3,2
193,311,3,2
193,312,3,2
193,313,3,2
193,314,3,2
193,315,3,2
193,316,3,2
193,317,3,2
193,318,3,2
193,319,3,2
193,320,3,2
193,321,3,2
193,322,3,2
193,323,3,2
193,324,3,2
193,325,3,2
193,326,3,2
193,327,3,2
193,328,3,2
193,329,3,3
193,330,3,3
193,331,3,3
193,332,3,3
193,333,3,2
193,334,3,2
193,335,3,2
193,336,3,2
193,337,3,2
193,338,3,2
193,339,3,3
193,340,3,3
193,341,3,2
193,342,3,2
193,343,3,2
193,344,3,2
193,345,3,2
193,346,3,2
193,347,3,2
193,348,3,3
193,349,3,3
193,350,3,3
193,351,3,2
193,352,3,2
193,353,3,2
193,354,3,2
193,355,3,3
193,356,3,3
194,78,3,2
194,79,3,2
194,80,3,2
194,81,3,2
194,82,3,2
194,83,3,2
194,84,3,3
194,85,3,3
194,86,3,3
194,87,3,3
194,88,3,3
194,89,3,3
194,90,3,3
194,91,3,3
194,92,3,3
194,93,3,3
194,94,3,3
194,95,3,3
194,96,3,3
194,97,3,3
194,98,3,3
194,99,3,3
194,100,3,3
194,101,3,3
194,102,3,3
194,103,3,3
194,104,3,3
194,105,3,3
194,106,3,3
194,107,3,3
194,108,3,3
194,109,3,3
194,110,3,3
194,111,3,3
194,112,3,3
194,113,3,2
194,114,3,2
194,115,3,2
194,116,3,2
194,117,3,2
194,118,3,2
194,119,3,2
194,120,3,2
194,121,3,2
194,122,3,2
194,123,3,2
194,124,3,2
194,125,3,2
194,126,3,2
194,127,3,2
194,128,3,2
194,129,3,2
194,130,3,2
194,131,3,2
194,132,3,2
194,133,3,2
194,134,3,2
194,135,3,2
194,136,3,2
194,137,3,2
194,138,3,2
194,139,3,2
194,140,3,2
194,141,3,2
194,142,3,2
194,143,3,2
194,144,3,2
194,145,3,3
194,146,3,3
194,147,3,3
194,148,3,3
194,149,3,3
194,150,3,3
194,151,3,3
194,152,3,3
194,153,3,3
194,154,3,3
194,155,3,3
194,156,3,3
194,157,3,3
194,158,3,3
194,159,3,3
194,160,3,3
194,161,3,3
194,162,3,3
194,163,3,3
194,164,3,3
194,165,3,3
194,166,3,3
194,167,3,3
194,168,3,3
194,169,3,3
194,170,3,3
194,171,3,3
194,172,3,3
194,173,3,3
194,174,3,3
194,175,3,3
194,176,3,3
194,177,3,3
194,178,3,3
194,179,3,3
194,180,3,3
194,181,3,3
194,182,3,3
194,183,3,3
194,184,3,3
194,185,3,3
194,186,3,3
194,187,3,3
194,188,3,3
194,189,3,3
194,190,3,3
194,191,3,3
194,192,3,3
194,193,3,3
194,194,3,3
194,195,3,3
194,196,3,3
194,197,3,3
194,198,3,3
194,199,3,3
194,200,3,3
194,201,3,3
194,202,3,3
194,203,3,3
194,204,3,2
194,205,3,2
194,206,3,2
194,207,3,2
194,208,3,2
194,209,3,2
194,210,3,2
194,211,3,2
194,212,3,2
194,213,3,2
194,214,3,2
194,215,3,2
194,216,3,2
194,217,3,2
194,218,3,2
194,219,3,2
194,220,3,2
194,221,3,2
194,222,3,2
194,223,3,2
194,224,3,2
194,225,3,3
194,226,3,3
194,227,3,3
194,228,3,3
194,229,3,3
194,230,3,3
194,231,3,3
194,232,3,3
194,233,3,3
194,234,3,3
194,235,3,3
194,236,3,3
194,237,3,3
194,238,3,3
194,239,3,3
194,240,3,3
194,241,3,3
194,242,3,3
194,243,3,3
194,244,3,3
194,245,3,3
194,246,3,3
194,247,3,3
194,248,3,3
194,249,3,3
194,250,3,3
194,251,3,3
194,252,3,3
194,253,3,3
194,254,3,3
194,255,3,3
194,256,3,3
194,257,3,3
194,258,3,3
194,259,3,3
194,260,3,3
194,261,3,3
194,262,3,3
194,263,3,2
194,264,3,2
194,265,3,2
194,266,3,2
194,267,3,2
194,268,3,2
194,269,3,2
194,270,3,2
194,271,3,2
194,272,3,2
194,273,3,2
194,274,3,2
194,275,3,2
194,276,3,2
194,277,3,2
194,278,3,2
194,279,3,2
194,280,3,2
194,281,3,2
194,282,3,2
194,283,3,2
194,284,3,2
194,285,3,2
194,286,3,2
194,287,3,2
194,288,3,2
194,289,3,2
194,290,3,2
194,291,3,2
194,292,3,2
194,293,3,2
194,294,3,2
194,295,3,2
194,296,3,2
194,297,3,2
194,298,3,2
194,299,3,2
194,300,3,2
194,301,3,2
194,302,3,2
194,303,3,2
194,304,3,2
194,305,3,2
194,306,3,2
194,307,3,2
194,308,3,2
194,309,3,2
194,310,3,2
194,311,3,2
194,312,3,2
194,313,3,2
194,314,3,2
194,315,3,2
194,316,3,2
194,317,3,2
194,318,3,2
194,319,3,2
194,320,3,2
194,321,3,2
194,322,3,2
194,323,3,2
194,324,3,2
194,325,3,2
194,326,3,2
194,327,3,2
194,328,3,2
194,329,3,3
194,330,3,3
194,331,3,3
194,332,3,3
194,333,3,2
194,334,3,2
194,335,3,2
194,336,3,2
194,337,3,2
194,338,3,2
194,339,3,3
194,340,3,3
194,341,3,2
194,342,3,2
194,343,3,2
194,344,3,2
194,345,3,2
194,346,3,2
194,347,3,2
194,348,3,3
194,349,3,3
194,350,3,3
194,351,3,2
194,352,3,2
194,353,3,2
194,354,3,2
194,355,3,3
195,78,3,2
195,79,3,2
195,80,3,2
195,81,3,2
195,82,3,3
195,83,3,3
195,84,3,3
195,85,3,3
195,86,3,3
195,87,3,3
195,88,3,3
195,89,3,3
195,90,3,3
195,91,3,3
195,92,3,3
195,93,3,3
195,94,3,3
195,95,3,3
195,96,3,3
195,97,3,3
195,98,3,3
195,99,3,3
195,100,3,3
195,101,3,3
195,102,3,3
195,103,3,3
195,104,3,3
195,105,3,3
195,106,3,3
195,107,3,3
195,108,3,3
195,109,3,3
195,110,3,3
195,111,3,3
195,112,3,3
195,113,3,2
195,114,3,3
195,115,3,2
195,116,3,2
195,117,3,2
195,118,3,2
195,119,3,2
195,120,3,2
195,121,3,2
195,122,3,2
195,123,3,2
195,124,3,2
195,125,3,2
195,126,3,2
195,127,3,2
195,128,3,2
195,129,3,2
195,130,3,2
195,131,3,2
195,132,3,2
195,133,3,2
195,134,3,2
195,135,3,2
195,136,3,2
195,137,3,2
195,138,3,2
195,139,3,2
195,140,3,2
195,141,3,2
195,142,3,2
195,143,3,2
195,144,3,2
195,145,3,3
195,146,3,3
195,147,3,3
195,148,3,3
195,149,3,3
195,150,3,3
195,151,3,3
195,152,3,3
195,153,3,3
195,154,3,3
195,155,3,3
195,156,3,3
195,157,3,3
195,158,3,3
195,159,3,3
195,160,3,3
195,161,3,3
195,162,3,3
195,163,3,3
195,164,3,3
195,165,3,3
195,166,3,3
195,167,3,3
195,168,3,3
195,169,3,3
195,170,3,3
195,171,3,3
195,172,3,3
195,173,3,3
195,174,3,3
195,175,3,3
195,176,3,3
195,177,3,3
195,178,3,3
195,179,3,3
195,180,3,3
195,181,3,3
195,182,3,3
195,183,3,3
195,184,3,3
195,185,3,3
195,186,3,3
195,187,3,3
195,188,3,3
195,189,3,3
195,190,3,3
195,191,3,3
195,192,3,3
195,193,3,3
195,194,3,3
195,195,3,3
195,196,3,3
195,197,3,3
195,198,3,3
195,199,3,3
195,200,3,3
195,201,3,3
195,202,3,3
195,203,3,3
195,204,3,2
195,205,3,2
195,206,3,2
195,207,3,2
195,208,3,2
195,209,3,2
195,210,3,2
195,211,3,2
195,212,3,2
195,213,3,2
195,214,3,2
195,215,3,2
195,216,3,2
195,217,3,2
195,218,3,2
195,219,3,2
195,220,3,2
195,221,3,2
195,222,3,2
195,223,3,3
195,224,3,3
195,225,3,3
195,226,3,3
195,227,3,3
195,228,3,3
195,229,3,3
195,230,3,3
195,231,3,3
195,232,3,3
195,233,3,3
195,234,3,3
195,235,3,3
195,236,3,3
195,237,3,3
195,238,3,3
195,239,3,3
195,240,3,3
195,241,3,3
195,242,3,3
195,243,3,3
195,244,3,3
195,245,3,3
195,246,3,3
195,247,3,3
195,248,3,3
195,249,3,3
195,250,3,3
195,251,3,3
195,252,3,3
195,253,3,3
195,254,3,3
195,255,3,3
195,256,3,3
195,257,3,3
195,258,3,3
195,259,3,3
195,260,3,3
195,261,3,3
195,262,3,2
195,263,3,2
195,264,3,2
195,265,3,2
195,266,3,2
195,267,3,2
195,268,3,2
195,269,3,2
195,270,3,2
195,271,3,2
195,272,3,2
195,273,3,2
195,274,3,2
195,275,3,2
195,276,3,2
195,277,3,2
195,278,3,2
195,279,3,2
195,280,3,2
195,281,3,2
195,282,3,2
195,283,3,2
195,284,3,2
195,285,3,2
195,286,3,2
195,287,3,2
195,288,3,2
195,289,3,2
195,290,3,2
195,291,3,2
195,292,3,2
195,293,3,2
195,294,3,2
195,295,3,2
195,296,3,2
195,297,3,2
195,298,3,2
195,299,3,2
195,300,3,2
195,301,3,2
195,302,3,2
195,303,3,2
195,304,3,2
195,305,3,2
195,306,3,2
195,307,3,2
195,308,3,2
195,309,3,2
195,310,3,2
195,311,3,2
195,312,3,2
195,313,3,2
195,314,3,2
195,315,3,2
195,316,3,2
195,317,3,2
195,318,3,2
195,319,3,2
195,320,3,2
195,321,3,2
195,322,3,2
195,323,3,2
195,324,3,2
195,325,3,2
195,326,3,2
195,327,3,2
195,328,3,2
195,329,3,3
195,330,3,3
195,331,3,3
195,332,3,3
195,333,3,3
195,334,3,3
195,335,3,2
195,336,3,2
195,337,3,2
195,338,3,2
195,339,3,2
195,340,3,3
195,341,3,3
195,342,3,3
195,343,3,2
195,344,3,2
195,345,3,2
195,346,3,3
195,347,3,2
195,348,3,3
195,349,3,3
195,350,3,2
195,351,3,2
195,352,3,2
195,353,3,2
195,354,3,3
196,78,3,2
196,79,3,2
196,80,3,2
196,81,3,2
196,82,3,2
196,83,3,2
196,84,3,3
196,85,3,3
196,86,3,3
196,87,3,3
196,88,3,3
196,89,3,3
196,90,3,3
196,91,3,3
196,92,3,3
196,93,3,3
196,94,3,3
196,95,3,3
196,96,3,3
196,97,3,3
196,98,3,3
196,99,3,3
196,100,3,3
196,101,3,3
196,102,3,3
196,103,3,3
196,104,3,3
196,105,3,3
196,106,3,3
196,107,3,3
196,108,3,3
196,109,3,3
196,110,3,3
196,111,3,3
196,112,3,3
196,113,3,3
196,114,3,3
196,115,3,2
196,116,3,2
196,117,3,2
196,118,3,2
196,119,3,2
196,120,3,2
196,121,3,2
196,122,3,2
196,123,3,2
196,124,3,2
196,125,3,2
196,126,3,2
196,127,3,2
196,128,3,2
196,129,3,2
196,130,3,2
196,131,3,2
196,132,3,2
196,133,3,2
196,134,3,2
196,135,3,2
196,136,3,2
196,137,3,2
196,138,3,2
196,139,3,2
196,140,3,2
196,141,3,2
196,142,3,2
196,143,3,2
196,144,3,2
196,145,3,2
196,146,3,3
196,147,3,3
196,148,3,3
196,149,3,3
196,150,3,3
196,151,3,3
196,152,3,3
196,153,3,3
196,154,3,3
196,155,3,3
196,156,3,3
196,157,3,3
196,158,3,3
196,159,3,3
196,160,3,3
196,161,3,3
196,162,3,3
196,163,3,3
196,164,3,3
196,165,3,3
196,166,3,3
196,167,3,3
196,168,3,3
196,169,3,3
196,170,3,3
196,171,3,3
196,172,3,3
196,173,3,3
196,174,3,3
196,175,3,3
196,176,3,3
196,177,3,3
196,178,3,3
196,179,3,3
196,180,3,3
196,181,3,3
196,182,3,3
196,183,3,3
196,184,3,3
196,185,3,3
196,186,3,3
196,187,3,3
196,188,3,3
196,189,3,3
196,190,3,3
196,191,3,3
196,192,3,3
196,193,3,3
196,194,3,3
196,195,3,3
196,196,3,3
196,197,3,3
196,198,3,3
196,199,3,3
196,200,3,3
196,201,3,3
196,202,3,3
196,203,3,3
196,204,3,2
196,205,3,2
196,206,3,2
196,207,3,2
196,208,3,2
196,209,3,2
196,210,3,2
196,211,3,2
196,212,3,2
196,213,3,2
196,214,3,2
196,215,3,2
196,216,3,2
196,217,3,2
196,218,3,2
196,219,3,2
196,220,3,2
196,221,3,2
196,222,3,2
196,223,3,3
196,224,3,3
196,225,3,3
196,226,3,3
196,227,3,3
196,228,3,3
196,229,3,3
196,230,3,3
196,231,3,3
196,232,3,3
196,233,3,3
196,234,3,3
196,235,3,3
196,236,3,3
196,237,3,3
196,238,3,3
196,239,3,3
196,240,3,3
196,241,3,3
196,242,3,3
196,243,3,3
196,244,3,3
196,245,3,3
196,246,3,3
196,247,3,3
196,248,3,3
196,249,3,3
196,250,3,3
196,251,3,3
196,252,3,3
196,253,3,3
196,254,3,3
196,255,3,3
196,256,3,3
196,257,3,3
196,258,3,3
196,259,3,3
196,260,3,3
196,261,3,2
196,262,3,2
196,263,3,2
196,264,3,2
196,265,3,2
196,266,3,2
196,267,3,2
196,268,3,2
196,269,3,2
196,270,3,2
196,271,3,2
196,272,3,2
196,273,3,2
196,274,3,2
196,275,3,2
196,276,3,2
196,277,3,2
196,278,3,2
196,279,3,2
196,280,3,2
196,281,3,2
196,282,3,2
196,283,3,2
196,284,3,2
196,285,3,2
196,286,3,2
196,287,3,2
196,288,3,2
196,289,3,2
196,290,3,2
196,291,3,2
196,292,3,2
196,293,3,2
196,294,3,2
196,295,3,2
196,296,3,2
196,297,3,2
196,298,3,2
196,299,3,2
196,300,3,2
196,301,3,2
196,302,3,2
196,303,3,2
196,304,3,2
196,305,3,2
196,306,3,2
196,307,3,2
196,308,3,2
196,309,3,2
196,310,3,2
196,311,3,2
196,312,3,2
196,313,3,2
196,314,3,2
196,315,3,2
196,316,3,2
196,317,3,2
196,318,3,2
196,319,3,2
196,320,3,2
196,321,3,2
196,322,3,2
196,323,3,2
196,324,3,2
196,325,3,2
196,326,3,2
196,327,3,2
196,328,3,2
196,329,3,3
196,330,3,3
196,331,3,3
196,332,3,3
196,333,3,3
196,334,3,3
196,335,3,2
196,336,3,2
196,337,3,2
196,338,3,2
196,339,3,2
196,340,3,2
196,341,3,3
196,342,3,3
196,343,3,2
196,344,3,2
196,345,3,2
196,346,3,3
196,347,3,2
196,348,3,2
196,349,3,2
196,350,3,2
196,351,3,2
196,352,3,3
196,353,3,3
197,78,3,2
197,79,3,2
197,80,3,2
197,81,3,2
197,82,3,2
197,83,3,2
197,84,3,3
197,85,3,3
197,86,3,3
197,87,3,3
197,88,3,3
197,89,3,3
197,90,3,3
197,91,3,3
197,92,3,3
197,93,3,3
197,94,3,3
197,95,3,3
197,96,3,3
197,97,3,3
197,98,3,3
197,99,3,3
197,100,3,3
197,101,3,3
197,102,3,3
197,103,3,3
197,104,3,3
197,105,3,3
197,106,3,3
197,107,3,3
197,108,3,3
197,109,3,3
197,110,3,3
197,111,3,3
197,112,3,3
197,113,3,3
197,114,3,3
197,115,3,3
197,116,3,3
197,117,3,2
197,118,3,2
197,119,3,2
197,120,3,2
197,121,3,2
197,122,3,2
197,123,3,2
197,124,3,2
197,125,3,2
197,126,3,2
197,127,3,2
197,128,3,2
197,129,3,2
197,130,3,2
197,131,3,2
197,132,3,2
197,133,3,2
197,134,3,2
197,135,3,2
197,136,3,2
197,137,3,2
197,138,3,2
197,139,3,2
197,140,3,2
197,141,3,2
197,142,3,2
197,143,3,2
197,144,3,2
197,145,3,2
197,146,3,3
197,147,3,3
197,148,3,3
197,149,3,3
197,150,3,3
197,151,3,3
197,152,3,3
197,153,3,3
197,154,3,3
197,155,3,3
197,156,3,3
197,157,3,3
197,158,3,3
197,159,3,3
197,160,3,3
197,161,3,3
197,162,3,3
197,163,3,3
197,164,3,3
197,165,3,3
197,166,3,3
197,167,3,3
197,168,3,3
197,169,3,3
197,170,3,3
197,171,3,3
197,172,3,3
197,173,3,3
197,174,3,3
197,175,3,3
197,176,3,3
197,177,3,3
197,178,3,3
197,179,3,3
197,180,3,3
197,181,3,3
197,182,3,3
197,183,3,3
197,184,3,3
197,185,3,3
197,186,3,3
197,187,3,3
197,188,3,3
197,189,3,3
197,190,3,3
197,191,3,3
197,192,3,3
197,193,3,3
197,194,3,3
197,195,3,3
197,196,3,3
197,197,3,3
197,198,3,3
197,199,3,3
197,200,3,3
197,201,3,3
197,202,3,3
197,203,3,3
197,204,3,2
197,205,3,2
197,206,3,2
197,207,3,2
197,208,3,2
197,209,3,2
197,210,3,2
197,211,3,2
197,212,3,2
197,213,3,2
197,214,3,2
197,215,3,2
197,216,3,2
197,217,3,2
197,218,3,2
197,219,3,2
197,220,3,2
197,221,3,2
197,222,3,2
197,223,3,3
197,224,3,3
197,225,3,3
197,226,3,3
197,227,3,3
197,228,3,3
197,229,3,3
197,230,3,3
197,231,3,3
197,232,3,3
197,233,3,3
197,234,3,3
197,235,3,3
197,236,3,3
197,237,3,3
197,238,3,3
197,239,3,3
197,240,3,3
197,241,3,3
197,242,3,3
197,243,3,3
197,244,3,3
197,245,3,3
197,246,3,3
197,247,3,3
197,248,3,3
197,249,3,3
197,250,3,3
197,251,3,3
197,252,3,3
197,253,3,3
197,254,3,3
197,255,3,3
197,256,3,3
197,257,3,3
197,258,3,3
197,259,3,3
197,260,3,3
197,261,3,2
197,262,3,2
197,263,3,2
197,264,3,2
197,265,3,2
197,266,3,2
197,267,3,2
197,268,3,2
197,269,3,2
197,270,3,2
197,271,3,2
197,272,3,2
197,273,3,2
197,274,3,2
197,275,3,2
197,276,3,2
197,277,3,2
197,278,3,2
197,279,3,2
197,280,3,2
197,281,3,2
197,282,3,2
197,283,3,2
197,284,3,2
197,285,3,2
197,286,3,2
197,287,3,2
197,288,3,2
197,289,3,2
197,290,3,2
197,291,3,2
197,292,3,2
197,293,3,2
197,294,3,2
197,295,3,2
197,296,3,2
197,297,3,2
197,298,3,2
197,299,3,2
197,300,3,2
197,301,3,2
197,302,3,2
197,303,3,2
197,304,3,2
197,305,3,2
197,306,3,2
197,307,3,2
197,308,3,2
197,309,3,2
197,310,3,2
197,311,3,2
197,312,3,2
197,313,3,2
197,314,3,2
197,315,3,2
197,316,3,2
197,317,3,2
197,318,3,2
197,319,3,2
197,320,3,2
197,321,3,2
197,322,3,2
197,323,3,2
197,324,3,2
197,325,3,2
197,326,3,2
197,327,3,2
197,328,3,2
197,329,3,3
197,330,3,3
197,331,3,3
197,332,3,3
197,333,3,3
197,334,3,3
197,335,3,3
197,336,3,3
197,337,3,3
197,338,3,2
197,339,3,2
197,340,3,2
197,341,3,2
197,342,3,2
197,343,3,3
197,344,3,2
197,345,3,2
197,346,3,2
197,347,3,3
197,348,3,3
197,349,3,2
197,350,3,2
197,351,3,3
197,352,3,3
198,78,3,2
198,79,3,2
198,80,3,2
198,81,3,2
198,82,3,2
198,83,3,2
198,84,3,2
198,85,3,2
198,86,3,3
198,87,3,2
198,88,3,3
198,89,3,3
198,90,3,3
198,91,3,3
198,92,3,3
198,93,3,3
198,94,3,3
198,95,3,3
198,96,3,3
198,97,3,3
198,98,3,3
198,99,3,3
198,100,3,3
198,101,3,3
198,102,3,3
198,103,3,3
198,104,3,3
198,105,3,3
198,106,3,3
198,107,3,3
198,108,3,3
198,109,3,3
198,110,3,3
198,111,3,3
198,112,3,3
198,113,3,3
198,114,3,3
198,115,3,3
198,116,3,3
198,117,3,2
198,118,3,2
198,119,3,2
198,120,3,2
198,121,3,2
198,122,3,2
198,123,3,2
198,124,3,2
198,125,3,2
198,126,3,2
198,127,3,2
198,128,3,2
198,129,3,2
198,130,3,2
198,131,3,2
198,132,3,2
198,133,3,2
198,134,3,2
198,135,3,2
198,136,3,2
198,137,3,2
198,138,3,2
198,139,3,2
198,140,3,2
198,141,3,2
198,142,3,2
198,143,3,2
198,144,3,2
198,145,3,2
198,146,3,2
198,147,3,3
198,148,3,3
198,149,3,3
198,150,3,3
198,151,3,3
198,152,3,3
198,153,3,3
198,154,3,3
198,155,3,3
198,156,3,3
198,157,3,3
198,158,3,3
198,159,3,3
198,160,3,3
198,161,3,3
198,162,3,3
198,163,3,3
198,164,3,3
198,165,3,3
198,166,3,3
198,167,3,3
198,168,3,3
198,169,3,3
198,170,3,3
198,171,3,3
198,172,3,3
198,173,3,3
198,174,3,3
198,175,3,3
198,176,3,3
198,177,3,3
198,178,3,3
198,179,3,3
198,180,3,3
198,181,3,3
198,182,3,3
198,183,3,3
198,184,3,3
198,185,3,3
198,186,3,3
198,187,3,3
198,188,3,3
198,189,3,3
198,190,3,3
198,191,3,3
198,192,3,3
198,193,3,3
198,194,3,3
198,195,3,3
198,196,3,3
198,197,3,3
198,198,3,3
198,199,3,3
198,200,3,3
198,201,3,3
198,202,3,3
198,203,3,2
198,204,3,2
198,205,3,2
198,206,3,2
198,207,3,2
198,208,3,2
198,209,3,2
198,210,3,2
198,211,3,2
198,212,3,2
198,213,3,2
198,214,3,2
198,215,3,2
198,216,3,2
198,217,3,2
198,218,3,2
198,219,3,2
198,220,3,2
198,221,3,2
198,222,3,2
198,223,3,3
198,224,3,3
198,225,3,3
198,226,3,3
198,227,3,3
198,228,3,3
198,229,3,3
198,230,3,3
198,231,3,3
198,232,3,3
198,233,3,3
198,234,3,3
198,235,3,3
198,236,3,3
198,237,3,3
198,238,3,3
198,239,3,3
198,240,3,3
198,241,3,3
198,242,3,3
198,243,3,3
198,244,3,3
198,245,3,3
198,246,3,3
198,247,3,3
198,248,3,3
198,249,3,3
198,250,3,3
198,251,3,3
198,252,3,3
198,253,3,3
198,254,3,3
198,255,3,3
198,256,3,3
198,257,3,3
198,258,3,3
198,259,3,3
198,260,3,2
198,261,3,2
198,262,3,2
198,263,3,2
198,264,3,2
198,265,3,2
198,266,3,2
198,267,3,2
198,268,3,2
198,269,3,2
198,270,3,2
198,271,3,2
198,272,3,2
198,273,3,2
198,274,3,2
198,275,3,2
198,276,3,2
198,277,3,2
198,278,3,2
198,279,3,2
198,280,3,2
198,281,3,2
198,282,3,2
198,283,3,2
198,284,3,2
198,285,3,2
198,286,3,2
198,287,3,2
198,288,3,2
198,289,3,2
198,290,3,2
198,291,3,2
198,292,3,2
198,293,3,2
198,294,3,2
198,295,3,2
198,296,3,2
198,297,3,2
198,298,3,2
198,299,3,2
198,300,3,2
198,301,3,2
198,302,3,2
198,303,3,2
198,304,3,2
198,305,3,2
198,306,3,2
198,307,3,2
198,308,3,2
198,309,3,2
198,310,3,2
198,311,3,2
198,312,3,2
198,313,3,2
198,314,3,2
198,315,3,2
198,316,3,2
198,317,3,2
198,318,3,2
198,319,3,2
198,320,3,2
198,321,3,2
198,322,3,2
198,323,3,2
198,324,3,2
198,325,3,2
198,326,3,2
198,327,3,2
198,328,3,2
198,329,3,3
198,330,3,3
198,331,3,3
198,332,3,3
198,333,3,3
198,334,3,3
198,335,3,3
198,336,3,3
198,337,3,2
198,338,3,2
198,339,3,2
198,340,3,2
198,341,3,2
198,342,3,2
198,343,3,3
198,344,3,3
198,345,3,2
198,346,3,2
198,347,3,3
198,348,3,3
198,349,3,2
198,350,3,2
198,351,3,3
199,78,3,2
199,79,3,2
199,80,3,2
199,81,3,2
199,82,3,2
199,83,3,2
199,84,3,2
199,85,3,2
199,86,3,3
199,87,3,3
199,88,3,3
199,89,3,3
199,90,3,3
199,91,3,3
199,92,3,3
199,93,3,3
199,94,3,3
199,95,3,3
199,96,3,3
199,97,3,3
199,98,3,3
199,99,3,3
199,100,3,3
199,101,3,3
199,102,3,3
199,103,3,3
199,104,3,3
199,105,3,3
199,106,3,3
199,107,3,3
199,108,3,3
199,109,3,3
199,110,3,3
199,111,3,3
199,112,3,3
199,113,3,3
199,114,3,3
199,115,3,3
199,116,3,3
199,117,3,2
199,118,3,2
199,119,3,2
199,120,3,2
199,121,3,2
199,122,3,2
199,123,3,2
199,124,3,2
199,125,3,2
199,126,3,2
199,127,3,2
199,128,3,2
199,129,3,2
199,130,3,2
199,131,3,2
199,132,3,2
199,133,3,2
199,134,3,2
199,135,3,2
199,136,3,2
199,137,3,2
199,138,3,2
199,139,3,2
199,140,3,2
199,141,3,2
199,142,3,2
199,143,3,2
199,144,3,2
199,145,3,2
199,146,3,2
199,147,3,3
199,148,3,3
199,149,3,3
199,150,3,3
199,151,3,3
199,152,3,3
199,153,3,3
199,154,3,3
199,155,3,3
199,156,3,3
199,157,3,3
199,158,3,3
199,159,3,3
199,160,3,3
199,161,3,3
199,162,3,3
199,163,3,3
199,164,3,3
199,165,3,3
199,166,3,3
199,167,3,3
199,168,3,3
199,169,3,3
199,170,3,3
199,171,3,3
199,172,3,3
199,173,3,3
199,174,3,3
199,175,3,3
199,176,3,3
199,177,3,3
199,178,3,3
199,179,3,3
199,180,3,3
199,181,3,3
199,182,3,3
199,183,3,3
199,184,3,3
199,185,3,3
199,186,3,3
199,187,3,3
199,188,3,3
199,189,3,3
199,190,3,3
199,191,3,3
199,192,3,3
199,193,3,3
199,194,3,3
199,195,3,3
199,196,3,3
199,197,3,3
199,198,3,3
199,199,3,3
199,200,3,3
199,201,3,3
199,202,3,3
199,203,3,3
199,204,3,2
199,205,3,2
199,206,3,2
199,207,3,2
199,208,3,2
199,209,3,2
199,210,3,2
199,211,3,2
199,212,3,2
199,213,3,2
199,214,3,2
199,215,3,2
199,216,3,2
199,217,3,2
199,218,3,2
199,219,3,2
199,220,3,2
199,221,3,2
199,222,3,2
199,223,3,3
199,224,3,3
199,225,3,3
199,226,3,3
199,227,3,3
199,228,3,3
199,229,3,3
199,230,3,3
199,231,3,3
199,232,3,3
199,233,3,3
199,234,3,3
199,235,3,3
199,236,3,3
199,237,3,3
199,238,3,3
199,239,3,3
199,240,3,3
199,241,3,3
199,242,3,3
199,243,3,3
199,244,3,3
199,245,3,3
199,246,3,3
199,247,3,3
199,248,3,3
199,249,3,3
199,250,3,3
199,251,3,3
199,252,3,3
199,253,3,3
199,254,3,3
199,255,3,3
199,256,3,2
199,257,3,2
199,258,3,2
199,259,3,2
199,260,3,2
199,261,3,2
199,262,3,2
199,263,3,2
199,264,3,2
199,265,3,2
199,266,3,2
199,267,3,2
199,268,3,2
199,269,3,2
199,270,3,2
199,271,3,2
199,272,3,2
199,273,3,2
199,274,3,2
199,275,3,2
199,276,3,2
199,277,3,2
199,278,3,2
199,279,3,2
199,280,3,2
199,281,3,2
199,282,3,2
199,283,3,2
199,284,3,2
199,285,3,2
199,286,3,2
199,287,3,2
199,288,3,2
199,289,3,2
199,290,3,2
199,291,3,2
199,292,3,2
199,293,3,2
199,294,3,2
199,295,3,2
199,296,3,2
199,297,3,2
199,298,3,2
199,299,3,2
199,300,3,2
199,301,3,2
199,302,3,2
199,303,3,2
199,304,3,2
199,305,3,2
199,306,3,2
199,307,3,2
199,308,3,2
199,309,3,2
199,310,3,2
199,311,3,2
199,312,3,2
199,313,3,2
199,314,3,2
199,315,3,2
199,316,3,2
199,317,3,2
199,318,3,2
199,319,3,2
199,320,3,2
199,321,3,2
199,322,3,2
199,323,3,2
199,324,3,2
199,325,3,2
199,326,3,2
199,327,3,3
199,328,3,3
199,329,3,3
199,330,3,3
199,331,3,3
199,332,3,3
199,333,3,3
199,334,3,3
199,335,3,2
199,336,3,2
199,337,3,3
199,338,3,3
199,339,3,3
199,340,3,2
199,341,3,2
199,342,3,2
199,343,3,3
199,344,3,3
199,345,3,3
199,346,3,3
199,347,3,2
199,348,3,2
199,349,3,3
199,350,3,3
200,78,3,2
200,79,3,2
200,80,3,2
200,81,3,2
200,82,3,2
200,83,3,2
200,84,3,2
200,85,3,2
200,86,3,2
200,87,3,3
200,88,3,3
200,89,3,3
200,90,3,3
200,91,3,3
200,92,3,3
200,93,3,3
200,94,3,3
200,95,3,3
200,96,3,3
200,97,3,3
200,98,3,3
200,99,3,3
200,100,3,3
200,101,3,3
200,102,3,3
200,103,3,3
200,104,3,3
200,105,3,3
200,106,3,3
200,107,3,3
200,108,3,3
200,109,3,3
200,110,3,3
200,111,3,3
200,112,3,3
200,113,3,3
200,114,3,3
200,115,3,3
200,116,3,2
200,117,3,2
200,118,3,2
200,119,3,2
200,120,3,2
200,121,3,2
200,122,3,2
200,123,3,2
200,124,3,2
200,125,3,2
200,126,3,2
200,127,3,2
200,128,3,2
200,129,3,2
200,130,3,2
200,131,3,2
200,132,3,2
200,133,3,2
200,134,3,2
200,135,3,2
200,136,3,2
200,137,3,2
200,138,3,2
200,139,3,2
200,140,3,2
200,141,3,2
200,142,3,2
200,143,3,2
200,144,3,2
200,145,3,2
200,146,3,2
200,147,3,3
200,148,3,3
200,149,3,3
200,150,3,3
200,151,3,3
200,152,3,3
200,153,3,3
200,154,3,3
200,155,3,3
200,156,3,3
200,157,3,3
200,158,3,3
200,159,3,3
200,160,3,3
200,161,3,3
200,162,3,3
200,163,3,3
200,164,3,3
200,165,3,3
200,166,3,3
200,167,3,3
200,168,3,3
200,169,3,3
200,170,3,3
200,171,3,3
200,172,3,3
200,173,3,3
200,174,3,3
200,175,3,3
200,176,3,3
200,177,3,3
200,178,3,3
200,179,3,3
200,180,3,3
200,181,3,3
200,182,3,3
200,183,3,3
200,184,3,3
200,185,3,3
200,186,3,3
200,187,3,3
200,188,3,3
200,189,3,3
200,190,3,3
200,191,3,3
200,192,3,3
200,193,3,3
200,194,3,3
200,195,3,3
200,196,3,3
200,197,3,3
200,198,3,3
200,199,3,3
200,200,3,3
200,201,3,3
200,202,3,3
200,203,3,2
200,204,3,2
200,205,3,2
200,206,3,2
200,207,3,2
200,208,3,2
200,209,3,2
200,210,3,2
200,211,3,2
200,212,3,2
200,213,3,2
200,214,3,2
200,215,3,2
200,216,3,2
200,217,3,2
200,218,3,2
200,219,3,2
200,220,3,2
200,221,3,2
200,222,3,2
200,223,3,3
200,224,3,3
200,225,3,3
200,226,3,3
200,227,3,3
200,228,3,3
200,229,3,3
200,230,3,3
200,231,3,3
200,232,3,3
200,233,3,3
200,234,3,3
200,235,3,3
200,236,3,3
200,237,3,3
200,238,3,3
200,239,3,3
200,240,3,3
200,241,3,3
200,242,3,3
200,243,3,3
200,244,3,3
200,245,3,3
200,246,3,3
200,247,3,3
200,248,3,3
200,249,3,3
200,250,3,3
200,251,3,3
200,252,3,3
200,253,3,3
200,254,3,3
200,255,3,2
200,256,3,2
200,257,3,2
200,258,3,2
200,259,3,2
200,260,3,2
200,261,3,2
200,262,3,2
200,263,3,2
200,264,3,2
200,265,3,2
200,266,3,2
200,267,3,2
200,268,3,2
200,269,3,2
200,270,3,2
200,271,3,2
200,272,3,2
200,273,3,2
200,274,3,2
200,275,3,2
200,276,3,2
200,277,3,2
200,278,3,2
200,279,3,2
200,280,3,2
200,281,3,2
200,282,3,2
200,283,3,2
200,284,3,2
200,285,3,2
200,286,3,2
200,287,3,2
200,288,3,2
200,289,3,2
200,290,3,2
200,291,3,2
200,292,3,2
200,293,3,2
200,294,3,2
200,295,3,2
200,296,3,2
200,297,3,2
200,298,3,2
200,299,3,2
200,300,3,2
200,301,3,2
200,302,3,2
200,303,3,2
200,304,3,2
200,305,3,2
200,306,3,2
200,307,3,2
200,308,3,2
200,309,3,2
200,310,3,2
200,311,3,2
200,312,3,2
200,313,3,2
200,314,3,2
200,315,3,2
200,316,3,2
200,317,3,2
200,318,3,2
200,319,3,2
200,320,3,2
200,321,3,2
200,322,3,2
200,323,3,2
200,324,3,2
200,325,3,2
200,326,3,2
200,327,3,3
200,328,3,3
200,329,3,3
200,330,3,3
200,331,3,3
200,332,3,3
200,333,3,3
200,334,3,3
200,335,3,2
200,336,3,2
200,337,3,3
200,338,3,3
200,339,3,2
200,340,3,2
200,341,3,2
200,342,3,2
200,343,3,3
200,344,3,3
200,345,3,3
200,346,3,3
200,347,3,2
200,348,3,2
200,349,3,3
201,78,3,2
201,79,3,2
201,80,3,2
201,81,3,2
201,82,3,2
201,83,3,2
201,84,3,2
201,85,3,2
201,86,3,2
201,87,3,2
201,88,3,2
201,89,3,3
201,90,3,3
201,91,3,3
201,92,3,3
201,93,3,3
201,94,3,3
201,95,3,3
201,96,3,3
201,97,3,3
201,98,3,3
201,99,3,3
201,100,3,3
201,101,3,3
201,102,3,3
201,103,3,3
201,104,3,3
201,105,3,3
201,106,3,3
201,107,3,3
201,108,3,3
201,109,3,3
201,110,3,3
201,111,3,3
201,112,3,3
201,113,3,3
201,114,3,3
201,115,3,2
201,116,3,2
201,117,3,2
201,118,3,2
201,119,3,2
201,120,3,2
201,121,3,2
201,122,3,2
201,123,3,2
201,124,3,2
201,125,3,2
201,126,3,2
201,127,3,2
201,128,3,2
201,129,3,2
201,130,3,2
201,131,3,2
201,132,3,2
201,133,3,2
201,134,3,2
201,135,3,2
201,136,3,2
201,137,3,2
201,138,3,2
201,139,3,2
201,140,3,2
201,141,3,2
201,142,3,2
201,143,3,2
201,144,3,2
201,145,3,2
201,146,3,2
201,147,3,2
201,148,3,3
201,149,3,3
201,150,3,3
201,151,3,3
201,152,3,3
201,153,3,3
201,154,3,3
201,155,3,3
201,156,3,3
201,157,3,3
201,158,3,3
201,159,3,3
201,160,3,3
201,161,3,3
201,162,3,3
201,163,3,3
201,164,3,3
201,165,3,3
201,166,3,3
201,167,3,3
201,168,3,3
201,169,3,3
201,170,3,3
201,171,3,3
201,172,3,3
201,173,3,3
201,174,3,3
201,175,3,3
201,176,3,3
201,177,3,3
201,178,3,3
201,179,3,3
201,180,3,3
201,181,3,3
201,182,3,3
201,183,3,3
201,184,3,3
201,185,3,3
201,186,3,3
201,187,3,3
201,188,3,3
201,189,3,3
201,190,3,3
201,191,3,3
201,192,3,3
201,193,3,3
201,194,3,3
201,195,3,3
201,196,3,3
201,197,3,3
201,198,3,3
201,199,3,3
201,200,3,3
201,201,3,3
201,202,3,3
201,203,3,3
201,204,3,2
201,205,3,2
201,206,3,2
201,207,3,2
201,208,3,2
201,209,3,2
201,210,3,2
201,211,3,2
201,212,3,2
201,213,3,2
201,214,3,2
201,215,3,2
201,216,3,2
201,217,3,2
201,218,3,2
201,219,3,2
201,220,3,2
201,221,3,3
201,222,3,3
201,223,3,3
201,224,3,3
201,225,3,3
201,226,3,3
201,227,3,3
201,228,3,3
201,229,3,3
201,230,3,3
201,231,3,3
201,232,3,3
201,233,3,3
201,234,3,3
201,235,3,3
201,236,3,3
201,237,3,3
201,238,3,3
201,239,3,3
201,240,3,3
201,241,3,3
201,242,3,3
201,243,3,3
201,244,3,3
201,245,3,3
201,246,3,3
201,247,3,3
201,248,3,3
201,249,3,3
201,250,3,3
201,251,3,3
201,252,3,3
201,253,3,3
201,254,3,2
201,255,3,2
201,256,3,2
201,257,3,2
201,258,3,2
201,259,3,2
201,260,3,2
201,261,3,2
201,262,3,2
201,263,3,2
201,264,3,2
201,265,3,2
201,266,3,2
201,267,3,2
201,268,3,2
201,269,3,2
201,270,3,2
201,271,3,2
201,272,3,2
201,273,3,2
201,274,3,2
201,275,3,2
201,276,3,2
201,277,3,2
201,278,3,2
201,279,3,2
201,280,3,2
201,281,3,2
201,282,3,2
201,283,3,2
201,284,3,2
201,285,3,2
201,286,3,2
201,287,3,2
201,288,3,2
201,289,3,2
201,290,3,2
201,291,3,2
201,292,3,2
201,293,3,2
201,294,3,2
201,295,3,2
201,296,3,2
201,297,3,2
201,298,3,2
201,299,3,2
201,300,3,2
201,301,3,2
201,302,3,2
201,303,3,2
201,304,3,2
201,305,3,2
201,306,3,2
201,307,3,2
201,308,3,2
201,309,3,2
201,310,3,2
201,311,3,2
201,312,3,2
201,313,3,2
201,314,3,2
201,315,3,2
201,316,3,2
201,317,3,2
201,318,3,2
201,319,3,2
201,320,3,2
201,321,3,2
201,322,3,2
201,323,3,2
201,324,3,2
201,325,3,2
201,326,3,2
201,327,3,3
201,328,3,3
201,329,3,3
201,330,3,3
201,331,3,3
201,332,3,3
201,333,3,3
201,334,3,3
201,335,3,2
201,336,3,3
201,337,3,3
201,338,3,3
201,339,3,2
201,340,3,2
201,341,3,2
201,342,3,2
201,343,3,3
201,344,3,3
201,345,3,3
201,346,3,3
201,347,3,2
201,348,3,2
202,78,3,2
202,79,3,2
202,80,3,2
202,81,3,2
202,82,3,2
202,83,3,2
202,84,3,2
202,85,3,2
202,86,3,2
202,87,3,2
202,88,3,3
202,89,3,3
202,90,3,3
202,91,3,3
202,92,3,3
202,93,3,3
202,94,3,3
202,95,3,3
202,96,3,3
202,97,3,3
202,98,3,3
202,99,3,3
202,100,3,3
202,101,3,3
202,102,3,3
202,103,3,3
202,104,3,3
202,105,3,3
202,106,3,3
202,107,3,3
202,108,3,3
202,109,3,3
202,110,3,3
202,111,3,3
202,112,3,3
202,113,3,3
202,114,3,3
202,115,3,2
202,116,3,2
202,117,3,2
202,118,3,2
202,119,3,2
202,120,3,2
202,121,3,2
202,122,3,2
202,123,3,2
202,124,3,2
202,125,3,2
202,126,3,2
202,127,3,2
202,128,3,2
202,129,3,2
202,130,3,2
202,131,3,2
202,132,3,2
202,133,3,2
202,134,3,2
202,135,3,2
202,136,3,2
202,137,3,2
202,138,3,2
202,139,3,2
202,140,3,2
202,141,3,2
202,142,3,2
202,143,3,2
202,144,3,2
202,145,3,2
202,146,3,2
202,147,3,2
202,148,3,2
202,149,3,3
202,150,3,3
202,151,3,3
202,152,3,3
202,153,3,3
202,154,3,3
202,155,3,3
202,156,3,3
202,157,3,3
202,158,3,3
202,159,3,3
202,160,3,3
202,161,3,3
202,162,3,3
202,163,3,3
202,164,3,3
202,165,3,3
202,166,3,3
202,167,3,3
202,168,3,3
202,169,3,3
202,170,3,3
202,171,3,3
202,172,3,3
202,173,3,3
202,174,3,3
202,175,3,3
202,176,3,3
202,177,3,3
202,178,3,3
202,179,3,3
202,180,3,3
202,181,3,3
202,182,3,3
202,183,3,3
202,184,3,3
202,185,3,3
202,186,3,3
202,187,3,3
202,188,3,3
202,189,3,3
202,190,3,3
202,191,3,3
202,192,3,3
202,193,3,3
202,194,3,3
202,195,3,3
202,196,3,3
202,197,3,3
202,198,3,3
202,199,3,3
202,200,3,3
202,201,3,3
202,202,3,3
202,203,3,2
202,204,3,2
202,205,3,2
202,206,3,2
202,207,3,2
202,208,3,2
202,209,3,2
202,210,3,2
202,211,3,2
202,212,3,2
202,213,3,2
202,214,3,2
202,215,3,2
202,216,3,2
202,217,3,2
202,218,3,2
202,219,3,2
202,220,3,3
202,221,3,3
202,222,3,3
202,223,3,3
202,224,3,3
202,225,3,3
202,226,3,3
202,227,3,3
202,228,3,3
202,229,3,3
202,230,3,3
202,231,3,3
202,232,3,3
202,233,3,3
202,234,3,3
202,235,3,3
202,236,3,3
202,237,3,3
202,238,3,3
202,239,3,3
202,240,3,3
202,241,3,3
202,242,3,3
202,243,3,3
202,244,3,3
202,245,3,3
202,246,3,3
202,247,3,3
202,248,3,3
202,249,3,3
202,250,3,3
202,251,3,3
202,252,3,3
202,253,3,2
202,254,3,2
202,255,3,2
202,256,3,2
202,257,3,2
202,258,3,2
202,259,3,2
202,260,3,2
202,261,3,2
202,262,3,2
202,263,3,2
202,264,3,2
202,265,3,2
202,266,3,2
202,267,3,2
202,268,3,2
202,269,3,2
202,270,3,2
202,271,3,2
202,272,3,2
202,273,3,2
202,274,3,2
202,275,3,2
202,276,3,2
202,277,3,2
202,278,3,2
202,279,3,2
202,280,3,2
202,281,3,2
202,282,3,2
202,283,3,2
202,284,3,2
202,285,3,2
202,286,3,2
202,287,3,2
202,288,3,2
202,289,3,2
202,290,3,2
202,291,3,2
202,292,3,2
202,293,3,2
202,294,3,2
202,295,3,2
202,296,3,2
202,297,3,2
202,298,3,2
202,299,3,2
202,300,3,2
202,301,3,2
202,302,3,2
202,303,3,2
202,304,3,2
202,305,3,2
202,306,3,2
202,307,3,2
202,308,3,2
202,309,3,2
202,310,3,2
202,311,3,2
202,312,3,2
202,313,3,2
202,314,3,2
202,315,3,2
202,316,3,2
202,317,3,2
202,318,3,2
202,319,3,2
202,320,3,2
202,321,3,2
202,322,3,2
202,323,3,2
202,324,3,2
202,325,3,2
202,326,3,2
202,327,3,3
202,328,3,3
202,329,3,3
202,330,3,3
202,331,3,3
202,332,3,3
202,333,3,3
202,334,3,3
202,335,3,2
202,336,3,2
202,337,3,3
202,338,3,3
202,339,3,2
202,340,3,2
202,341,3,2
202,342,3,2
202,343,3,3
202,344,3,3
202,345,3,3
202,346,3,3
202,347,3,3
203,79,3,2
203,80,3,2
203,81,3,2
203,82,3,2
203,83,3,2
203,84,3,2
203,85,3,2
203,86,3,2
203,87,3,3
203,88,3,3
203,89,3,3
203,90,3,3
203,91,3,3
203,92,3,3
203,93,3,3
203,94,3,3
203,95,3,3
203,96,3,3
203,97,3,3
203,98,3,3
203,99,3,3
203,100,3,3
203,101,3,3
203,102,3,3
203,103,3,3
203,104,3,3
203,105,3,3
203,106,3,3
203,107,3,3
203,108,3,3
203,109,3,3
203,110,3,3
203,111,3,3
203,112,3,3
203,113,3,2
203,114,3,2
203,115,3,2
203,116,3,2
203,117,3,2
203,118,3,2
203,119,3,2
203,120,3,2
203,121,3,2
203,122,3,2
203,123,3,2
203,124,3,2
203,125,3,2
203,126,3,2
203,127,3,2
203,128,3,2
203,129,3,2
203,130,3,2
203,131,3,2
203,132,3,2
203,133,3,2
203,134,3,2
203,135,3,2
203,136,3,2
203,137,3,2
203,138,3,2
203,139,3,2
203,140,3,2
203,141,3,2
203,142,3,2
203,143,3,2
203,144,3,2
203,145,3,2
203,146,3,2
203,147,3,2
203,148,3,2
203,149,3,3
203,150,3,3
203,151,3,3
203,152,3,3
203,153,3,3
203,154,3,3
203,155,3,3
203,156,3,3
203,157,3,3
203,158,3,3
203,159,3,3
203,160,3,3
203,161,3,3
203,162,3,3
203,163,3,3
203,164,3,3
203,165,3,3
203,166,3,3
203,167,3,3
203,168,3,3
203,169,3,3
203,170,3,3
203,171,3,3
203,172,3,3
203,173,3,3
203,174,3,3
203,175,3,3
203,176,3,3
203,177,3,3
203,178,3,3
203,179,3,3
203,180,3,3
203,181,3,3
203,182,3,3
203,183,3,3
203,184,3,3
203,185,3,3
203,186,3,3
203,187,3,3
203,188,3,3
203,189,3,3
203,190,3,3
203,191,3,3
203,192,3,3
203,193,3,3
203,194,3,3
203,195,3,3
203,196,3,3
203,197,3,3
203,198,3,3
203,199,3,3
203,200,3,3
203,201,3,3
203,202,3,2
203,203,3,2
203,204,3,2
203,205,3,2
203,206,3,2
203,207,3,3
203,208,3,3
203,209,3,2
203,210,3,2
203,211,3,3
203,212,3,3
203,213,3,3
203,214,3,3
203,215,3,3
203,216,3,3
203,217,3,3
203,218,3,3
203,219,3,3
203,220,3,3
203,221,3,3
203,222,3,3
203,223,3,3
203,224,3,3
203,225,3,3
203,226,3,3
203,227,3,3
203,228,3,3
203,229,3,3
203,230,3,3
203,231,3,3
203,232,3,3
203,233,3,3
203,234,3,3
203,235,3,3
203,236,3,3
203,237,3,3
203,238,3,3
203,239,3,3
203,240,3,3
203,241,3,3
203,242,3,3
203,243,3,3
203,244,3,3
203,245,3,3
203,246,3,3
203,247,3,3
203,248,3,3
203,249,3,3
203,250,3,3
203,251,3,3
203,252,3,3
203,253,3,2
203,254,3,2
203,255,3,2
203,256,3,2
203,257,3,2
203,258,3,2
203,259,3,2
203,260,3,2
203,261,3,2
203,262,3,2
203,263,3,2
203,264,3,2
203,265,3,2
203,266,3,2
203,267,3,2
203,268,3,2
203,269,3,2
203,270,3,2
203,271,3,2
203,272,3,2
203,273,3,2
203,274,3,2
203,275,3,2
203,276,3,2
203,277,3,2
203,278,3,2
203,279,3,2
203,280,3,2
203,281,3,2
203,282,3,2
203,283,3,2
203,284,3,2
203,285,3,2
203,286,3,2
203,287,3,2
203,288,3,2
203,289,3,2
203,290,3,2
203,291,3,2
203,292,3,2
203,293,3,2
203,294,3,2
203,295,3,2
203,296,3,2
203,297,3,2
203,298,3,2
203,299,3,2
203,300,3,2
203,301,3,2
203,302,3,2
203,303,3,2
203,304,3,2
203,305,3,2
203,306,3,2
203,307,3,2
203,308,3,2
203,309,3,2
203,310,3,2
203,311,3,2
203,312,3,2
203,313,3,2
203,314,3,2
203,315,3,2
203,316,3,2
203,317,3,2
203,318,3,2
203,319,3,2
203,320,3,2
203,321,3,2
203,322,3,2
203,323,3,2
203,324,3,2
203,325,3,2
203,326,3,2
203,327,3,3
203,328,3,3
203,329,3,3
203,330,3,3
203,331,3,3
203,332,3,3
203,333,3,2
203,334,3,2
203,335,3,2
203,336,3,2
203,337,3,3
203,338,3,2
203,339,3,2
203,340,3,2
203,341,3,2
203,342,3,2
203,343,3,3
203,344,3,3
203,345,3,3
203,346,3,3
204,79,3,2
204,80,3,2
204,81,3,2
204,82,3,2
204,83,3,2
204,84,3,2
204,85,3,2
204,86,3,2
204,87,3,3
204,88,3,3
204,89,3,3
204,90,3,3
204,91,3,3
204,92,3,3
204,93,3,3
204,94,3,3
204,95,3,3
204,96,3,3
204,97,3,3
204,98,3,3
204,99,3,3
204,100,3,3
204,101,3,3
204,102,3,3
204,103,3,3
204,104,3,3
204,105,3,3
204,106,3,3
204,107,3,3
204,108,3,3
204,109,3,3
204,110,3,3
204,111,3,3
204,112,3,3
204,113,3,2
204,114,3,2
204,115,3,2
204,116,3,2
204,117,3,2
204,118,3,2
204,119,3,2
204,120,3,2
204,121,3,2
204,122,3,2
204,123,3,2
204,124,3,2
204,125,3,2
204,126,3,2
204,127,3,2
204,128,3,2
204,129,3,2
204,130,3,2
204,131,3,2
204,132,3,2
204,133,3,2
204,134,3,2
204,135,3,2
204,136,3,2
204,137,3,2
204,138,3,2
204,139,3,2
204,140,3,2
204,141,3,2
204,142,3,2
204,143,3,2
204,144,3,2
204,145,3,2
204,146,3,2
204,147,3,2
204,148,3,2
204,149,3,3
204,150,3,3
204,151,3,3
204,152,3,3
204,153,3,3
204,154,3,3
204,155,3,3
204,156,3,3
204,157,3,3
204,158,3,3
204,159,3,3
204,160,3,3
204,161,3,3
204,162,3,3
204,163,3,3
204,164,3,3
204,165,3,3
204,166,3,3
204,167,3,3
204,168,3,3
204,169,3,3
204,170,3,3
204,171,3,3
204,172,3,3
204,173,3,3
204,174,3,3
204,175,3,3
204,176,3,3
204,177,3,3
204,178,3,3
204,179,3,3
204,180,3,3
204,181,3,3
204,182,3,3
204,183,3,3
204,184,3,3
204,185,3,3
204,186,3,3
204,187,3,3
204,188,3,3
204,189,3,3
204,190,3,3
204,191,3,3
204,192,3,3
204,193,3,3
204,194,3,3
204,195,3,3
204,196,3,3
204,197,3,3
204,198,3,3
204,199,3,3
204,200,3,3
204,201,3,2
204,202,3,2
204,203,3,2
204,204,3,2
204,205,3,2
204,206,3,2
204,207,3,3
204,208,3,3
204,209,3,3
204,210,3,3
204,211,3,3
204,212,3,3
204,213,3,3
204,214,3,3
204,215,3,3
204,216,3,3
204,217,3,3
204,218,3,3
204,219,3,3
204,220,3,3
204,221,3,3
204,222,3,3
204,223,3,3
204,224,3,3
204,225,3,3
204,226,3,3
204,227,3,3
204,228,3,3
204,229,3,3
204,230,3,3
204,231,3,3
204,232,3,3
204,233,3,3
204,234,3,3
204,235,3,3
204,236,3,3
204,237,3,3
204,238,3,3
204,239,3,3
204,240,3,3
204,241,3,3
204,242,3,3
204,243,3,3
204,244,3,3
204,245,3,3
204,246,3,3
204,247,3,3
204,248,3,3
204,249,3,3
204,250,3,3
204,251,3,3
204,252,3,2
204,253,3,2
204,254,3,2
204,255,3,2
204,256,3,2
204,257,3,2
204,258,3,2
204,259,3,2
204,260,3,2
204,261,3,2
204,262,3,2
204,263,3,2
204,264,3,2
204,265,3,2
204,266,3,2
204,267,3,2
204,268,3,2
204,269,3,2
204,270,3,2
204,271,3,2
204,272,3,2
204,273,3,2
204,274,3,2
204,275,3,2
204,276,3,2
204,277,3,2
204,278,3,2
204,279,3,2
204,280,3,2
204,281,3,2
204,282,3,2
204,283,3,2
204,284,3,2
204,285,3,2
204,286,3,2
204,287,3,2
204,288,3,2
204,289,3,2
204,290,3,2
204,291,3,2
204,292,3,2
204,293,3,2
204,294,3,2
204,295,3,2
204,296,3,2
204,297,3,2
204,298,3,2
204,299,3,2
204,300,3,2
204,301,3,2
204,302,3,2
204,303,3,2
204,304,3,2
204,305,3,2
204,306,3,2
204,307,3,2
204,308,3,2
204,309,3,2
204,310,3,2
204,311,3,2
204,312,3,2
204,313,3,2
204,314,3,2
204,315,3,2
204,316,3,2
204,317,3,2
204,318,3,2
204,319,3,2
204,320,3,2
204,321,3,2
204,322,3,2
204,323,3,2
204,324,3,2
204,325,3,2
204,326,3,2
204,327,3,3
204,328,3,3
204,329,3,3
204,330,3,3
204,331,3,3
204,332,3,2
204,333,3,2
204,334,3,2
204,335,3,2
204,336,3,2
204,337,3,2
204,338,3,2
204,339,3,2
204,340,3,2
204,341,3,2
204,342,3,2
204,343,3,3
204,344,3,3
204,345,3,3
205,79,3,2
205,80,3,2
205,81,3,2
205,82,3,2
205,83,3,2
205,84,3,2
205,85,3,2
205,86,3,2
205,87,3,3
205,88,3,3
205,89,3,3
205,90,3,3
205,91,3,3
205,92,3,3
205,93,3,3
205,94,3,3
205,95,3,3
205,96,3,3
205,97,3,3
205,98,3,3
205,99,3,3
205,100,3,3
205,101,3,3
205,102,3,3
205,103,3,3
205,104,3,3
205,105,3,3
205,106,3,3
205,107,3,3
205,108,3,3
205,109,3,3
205,110,3,3
205,111,3,3
205,112,3,3
205,113,3,2
205,114,3,2
205,115,3,2
205,116,3,2
205,117,3,2
205,118,3,2
205,119,3,2
205,120,3,2
205,121,3,2
205,122,3,2
205,123,3,2
205,124,3,2
205,125,3,2
205,126,3,2
205,127,3,2
205,128,3,2
205,129,3,2
205,130,3,2
205,131,3,2
205,132,3,2
205,133,3,2
205,134,3,2
205,135,3,2
205,136,3,2
205,137,3,2
205,138,3,2
205,139,3,2
205,140,3,2
205,141,3,2
205,142,3,2
205,143,3,2
205,144,3,2
205,145,3,2
205,146,3,2
205,147,3,2
205,148,3,2
205,149,3,3
205,150,3,3
205,151,3,3
205,152,3,3
205,153,3,3
205,154,3,3
205,155,3,3
205,156,3,3
205,157,3,3
205,158,3,3
205,159,3,3
205,160,3,3
205,161,3,3
205,162,3,3
205,163,3,3
205,164,3,3
205,165,3,3
205,166,3,3
205,167,3,3
205,168,3,3
205,169,3,3
205,170,3,3
205,171,3,3
205,172,3,3
205,173,3,3
205,174,3,3
205,175,3,3
205,176,3,3
205,177,3,3
205,178,3,3
205,179,3,3
205,180,3,3
205,181,3,3
205,182,3,3
205,183,3,3
205,184,3,3
205,185,3,3
205,186,3,3
205,187,3,3
205,188,3,3
205,189,3,3
205,190,3,3
205,191,3,3
205,192,3,3
205,193,3,3
205,194,3,3
205,195,3,3
205,196,3,3
205,197,3,3
205,198,3,3
205,199,3,3
205,200,3,3
205,201,3,2
205,202,3,2
205,203,3,2
205,204,3,2
205,205,3,2
205,206,3,2
205,207,3,3
205,208,3,3
205,209,3,3
205,210,3,3
205,211,3,3
205,212,3,3
205,213,3,3
205,214,3,3
205,215,3,3
205,216,3,3
205,217,3,3
205,218,3,3
205,219,3,3
205,220,3,3
205,221,3,3
205,222,3,3
205,223,3,3
205,224,3,3
205,225,3,3
205,226,3,3
205,227,3,3
205,228,3,3
205,229,3,3
205,230,3,3
205,231,3,3
205,232,3,3
205,233,3,3
205,234,3,3
205,235,3,3
205,236,3,3
205,237,3,3
205,238,3,3
205,239,3,3
205,240,3,3
205,241,3,3
205,242,3,3
205,243,3,3
205,244,3,3
205,245,3,3
205,246,3,3
205,247,3,3
205,248,3,3
205,249,3,3
205,250,3,3
205,251,3,3
205,252,3,3
205,253,3,2
205,254,3,2
205,255,3,2
205,256,3,2
205,257,3,2
205,258,3,2
205,259,3,2
205,260,3,2
205,261,3,2
205,262,3,2
205,263,3,2
205,264,3,2
205,265,3,2
205,266,3,2
205,267,3,2
205,268,3,2
205,269,3,2
205,270,3,2
205,271,3,2
205,272,3,2
205,273,3,2
205,274,3,2
205,275,3,2
205,276,3,2
205,277,3,2
205,278,3,2
205,279,3,2
205,280,3,2
205,281,3,2
205,282,3,2
205,283,3,2
205,284,3,2
205,285,3,2
205,286,3,2
205,287,3,2
205,288,3,2
205,289,3,2
205,290,3,2
205,291,3,2
205,292,3,2
205,293,3,2
205,294,3,2
205,295,3,2
205,296,3,2
205,297,3,2
205,298,3,2
205,299,3,2
205,300,3,2
205,301,3,2
205,302,3,2
205,303,3,2
205,304,3,2
205,305,3,2
205,306,3,2
205,307,3,2
205,308,3,2
205,309,3,2
205,310,3,2
205,311,3,2
205,312,3,2
205,313,3,2
205,314,3,2
205,315,3,2
205,316,3,2
205,317,3,2
205,318,3,2
205,319,3,2
205,320,3,2
205,321,3,2
205,322,3,2
205,323,3,2
205,324,3,2
205,325,3,2
205,326,3,2
205,327,3,3
205,328,3,3
205,329,3,2
205,330,3,2
205,331,3,2
205,332,3,2
205,333,3,2
205,334,3,2
205,335,3,2
205,336,3,2
205,337,3,2
205,338,3,2
205,339,3,2
205,340,3,2
205,341,3,3
205,342,3,3
205,343,3,2
205,344,3,3
206,78,3,2
206,79,3,2
206,80,3,2
206,81,3,2
206,82,3,2
206,83,3,2
206,84,3,2
206,85,3,2
206,86,3,2
206,87,3,3
206,88,3,3
206,89,3,3
206,90,3,3
206,91,3,3
206,92,3,3
206,93,3,3
206,94,3,3
206,95,3,3
206,96,3,3
206,97,3,3
206,98,3,3
206,99,3,3
206,100,3,3
206,101,3,3
206,102,3,3
206,103,3,3
206,104,3,3
206,105,3,3
206,106,3,3
206,107,3,3
206,108,3,3
206,109,3,3
206,110,3,3
206,111,3,3
206,112,3,3
206,113,3,2
206,114,3,2
206,115,3,2
206,116,3,2
206,117,3,2
206,118,3,2
206,119,3,2
206,120,3,2
206,121,3,2
206,122,3,2
206,123,3,2
206,124,3,2
206,125,3,2
206,126,3,2
206,127,3,2
206,128,3,2
206,129,3,2
206,130,3,2
206,131,3,2
206,132,3,2
206,133,3,2
206,134,3,2
206,135,3,2
206,136,3,2
206,137,3,2
206,138,3,2
206,139,3,2
206,140,3,2
206,141,3,2
206,142,3,2
206,143,3,2
206,144,3,2
206,145,3,2
206,146,3,2
206,147,3,2
206,148,3,2
206,149,3,2
206,150,3,3
206,151,3,3
206,152,3,3
206,153,3,3
206,154,3,3
206,155,3,3
206,156,3,3
206,157,3,3
206,158,3,3
206,159,3,3
206,160,3,3
206,161,3,3
206,162,3,3
206,163,3,3
206,164,3,3
206,165,3,3
206,166,3,3
206,167,3,3
206,168,3,3
206,169,3,3
206,170,3,3
206,171,3,3
206,172,3,3
206,173,3,3
206,174,3,3
206,175,3,3
206,176,3,3
206,177,3,3
206,178,3,3
206,179,3,3
206,180,3,3
206,181,3,3
206,182,3,3
206,183,3,3
206,184,3,3
206,185,3,3
206,186,3,3
206,187,3,3
206,188,3,3
206,189,3,3
206,190,3,3
206,191,3,3
206,192,3,3
206,193,3,3
206,194,3,3
206,195,3,3
206,196,3,3
206,197,3,3
206,198,3,3
206,199,3,3
206,200,3,3
206,201,3,2
206,202,3,2
206,203,3,2
206,204,3,2
206,205,3,2
206,206,3,2
206,207,3,3
206,208,3,3
206,209,3,3
206,210,3,3
206,211,3,3
206,212,3,3
206,213,3,3
206,214,3,3
206,215,3,3
206,216,3,3
206,217,3,3
206,218,3,3
206,219,3,3
206,220,3,3
206,221,3,3
206,222,3,3
206,223,3,3
206,224,3,3
206,225,3,3
206,226,3,3
206,227,3,3
206,228,3,3
206,229,3,3
206,230,3,3
206,231,3,3
206,232,3,3
206,233,3,3
206,234,3,3
206,235,3,3
206,236,3,3
206,237,3,3
206,238,3,3
206,239,3,3
206,240,3,3
206,241,3,3
206,242,3,3
206,243,3,3
206,244,3,3
206,245,3,3
206,246,3,3
206,247,3,3
206,248,3,3
206,249,3,3
206,250,3,3
206,251,3,3
206,252,3,2
206,253,3,2
206,254,3,2
206,255,3,2
206,256,3,2
206,257,3,2
206,258,3,2
206,259,3,2
206,260,3,2
206,261,3,2
206,262,3,2
206,263,3,2
206,264,3,2
206,265,3,2
206,266,3,2
206,267,3,2
206,268,3,2
206,269,3,2
206,270,3,2
206,271,3,2
206,272,3,2
206,273,3,2
206,274,3,2
206,275,3,2
206,276,3,2
206,277,3,2
206,278,3,2
206,279,3,2
206,280,3,2
206,281,3,2
206,282,3,2
206,283,3,2
206,284,3,2
206,285,3,2
206,286,3,2
206,287,3,2
206,288,3,2
206,289,3,2
206,290,3,2
206,291,3,2
206,292,3,2
206,293,3,2
206,294,3,2
206,295,3,2
206,296,3,2
206,297,3,2
206,298,3,2
206,299,3,2
206,300,3,2
206,301,3,2
206,302,3,2
206,303,3,2
206,304,3,2
206,305,3,2
206,306,3,2
206,307,3,2
206,308,3,2
206,309,3,2
206,310,3,2
206,311,3,2
206,312,3,2
206,313,3,2
206,314,3,2
206,315,3,2
206,316,3,2
206,317,3,2
206,318,3,2
206,319,3,2
206,320,3,2
206,321,3,2
206,322,3,2
206,323,3,2
206,324,3,2
206,325,3,2
206,326,3,2
206,327,3,3
206,328,3,3
206,329,3,2
206,330,3,2
206,331,3,2
206,332,3,2
206,333,3,2
206,334,3,2
206,335,3,2
206,336,3,2
206,337,3,2
206,338,3,2
206,339,3,2
206,340,3,2
206,341,3,3
206,342,3,3
206,343,3,2
206,344,3,3
207,78,3,2
207,79,3,2
207,80,3,2
207,81,3,2
207,82,3,2
207,83,3,2
207,84,3,2
207,85,3,2
207,86,3,2
207,87,3,3
207,88,3,3
207,89,3,3
207,90,3,3
207,91,3,3
207,92,3,3
207,93,3,3
207,94,3,3
207,95,3,3
207,96,3,3
207,97,3,3
207,98,3,3
207,99,3,3
207,100,3,3
207,101,3,3
207,102,3,3
207,103,3,3
207,104,3,3
207,105,3,3
207,106,3,3
207,107,3,3
207,108,3,3
207,109,3,3
207,110,3,3
207,111,3,3
207,112,3,3
207,113,3,3
207,114,3,3
207,115,3,2
207,116,3,2
207,117,3,2
207,118,3,2
207,119,3,2
207,120,3,2
207,121,3,2
207,122,3,2
207,123,3,2
207,124,3,2
207,125,3,2
207,126,3,2
207,127,3,2
207,128,3,2
207,129,3,2
207,130,3,2
207,131,3,2
207,132,3,2
207,133,3,2
207,134,3,2
207,135,3,2
207,136,3,2
207,137,3,2
207,138,3,2
207,139,3,2
207,140,3,2
207,141,3,2
207,142,3,2
207,143,3,2
207,144,3,2
207,145,3,2
207,146,3,2
207,147,3,2
207,148,3,2
207,149,3,2
207,150,3,3
207,151,3,3
207,152,3,3
207,153,3,3
207,154,3,3
207,155,3,3
207,156,3,3
207,157,3,3
207,158,3,3
207,159,3,3
207,160,3,3
207,161,3,3
207,162,3,3
207,163,3,3
207,164,3,3
207,165,3,3
207,166,3,3
207,167,3,3
207,168,3,3
207,169,3,3
207,170,3,3
207,171,3,3
207,172,3,3
207,173,3,3
207,174,3,3
207,175,3,3
207,176,3,3
207,177,3,3
207,178,3,3
207,179,3,3
207,180,3,3
207,181,3,3
207,182,3,3
207,183,3,3
207,184,3,3
207,185,3,3
207,186,3,3
207,187,3,3
207,188,3,3
207,189,3,3
207,190,3,3
207,191,3,3
207,192,3,3
207,193,3,3
207,194,3,3
207,195,3,3
207,196,3,3
207,197,3,3
207,198,3,3
207,199,3,3
207,200,3,3
207,201,3,2
207,202,3,2
207,203,3,2
207,204,3,2
207,205,3,2
207,206,3,2
207,207,3,3
207,208,3,3
207,209,3,3
207,210,3,3
207,211,3,3
207,212,3,3
207,213,3,3
207,214,3,3
207,215,3,3
207,216,3,3
207,217,3,3
207,218,3,3
207,219,3,3
207,220,3,3
207,221,3,3
207,222,3,3
207,223,3,3
207,224,3,3
207,225,3,3
207,226,3,3
207,227,3,3
207,228,3,3
207,229,3,3
207,230,3,3
207,231,3,3
207,232,3,3
207,233,3,3
207,234,3,3
207,235,3,3
207,236,3,3
207,237,3,3
207,238,3,3
207,239,3,3
207,240,3,3
207,241,3,3
207,242,3,3
207,243,3,3
207,244,3,3
207,245,3,3
207,246,3,3
207,247,3,3
207,248,3,3
207,249,3,3
207,250,3,3
207,251,3,3
207,252,3,3
207,253,3,2
207,254,3,2
207,255,3,2
207,256,3,2
207,257,3,2
207,258,3,2
207,259,3,2
207,260,3,2
207,261,3,2
207,262,3,2
207,263,3,2
207,264,3,2
207,265,3,2
207,266,3,2
207,267,3,2
207,268,3,2
207,269,3,2
207,270,3,2
207,271,3,2
207,272,3,2
207,273,3,2
207,274,3,2
207,275,3,2
207,276,3,2
207,277,3,2
207,278,3,2
207,279,3,2
207,280,3,2
207,281,3,2
207,282,3,2
207,283,3,2
207,284,3,2
207,285,3,2
207,286,3,2
207,287,3,2
207,288,3,2
207,289,3,2
207,290,3,2
207,291,3,2
207,292,3,2
207,293,3,2
207,294,3,2
207,295,3,2
207,296,3,2
207,297,3,2
207,298,3,2
207,299,3,2
207,300,3,2
207,301,3,2
207,302,3,2
207,303,3,2
207,304,3,2
207,305,3,2
207,306,3,2
207,307,3,2
207,308,3,2
207,309,3,2
207,310,3,2
207,311,3,2
207,312,3,2
207,313,3,2
207,314,3,2
207,315,3,2
207,316,3,2
207,317,3,2
207,318,3,2
207,319,3,2
207,320,3,2
207,321,3,2
207,322,3,2
207,323,3,2
207,324,3,2
207,325,3,2
207,326,3,2
207,327,3,2
207,328,3,2
207,329,3,2
207,330,3,2
207,331,3,2
207,332,3,2
207,333,3,2
207,334,3,2
207,335,3,2
207,336,3,2
207,337,3,2
207,338,3,2
207,339,3,2
207,340,3,2
207,341,3,2
207,342,3,2
207,343,3,3
208,78,3,2
208,79,3,2
208,80,3,2
208,81,3,2
208,82,3,2
208,83,3,2
208,84,3,2
208,85,3,2
208,86,3,3
208,87,3,3
208,88,3,3
208,89,3,3
208,90,3,3
208,91,3,3
208,92,3,3
208,93,3,3
208,94,3,3
208,95,3,3
208,96,3,3
208,97,3,3
208,98,3,3
208,99,3,3
208,100,3,3
208,101,3,3
208,102,3,3
208,103,3,3
208,104,3,3
208,105,3,3
208,106,3,3
208,107,3,3
208,108,3,3
208,109,3,3
208,110,3,3
208,111,3,3
208,112,3,3
208,113,3,3
208,114,3,2
208,115,3,2
208,116,3,2
208,117,3,2
208,118,3,2
208,119,3,2
208,120,3,2
208,121,3,2
208,122,3,2
208,123,3,2
208,124,3,2
208,125,3,2
208,126,3,2
208,127,3,2
208,128,3,2
208,129,3,2
208,130,3,2
208,131,3,2
208,132,3,2
208,133,3,2
208,134,3,2
208,135,3,2
208,136,3,2
208,137,3,2
208,138,3,2
208,139,3,2
208,140,3,2
208,141,3,2
208,142,3,2
208,143,3,2
208,144,3,2
208,145,3,2
208,146,3,2
208,147,3,2
208,148,3,2
208,149,3,2
208,150,3,2
208,151,3,3
208,152,3,3
208,153,3,3
208,154,3,3
208,155,3,3
208,156,3,3
208,157,3,3
208,158,3,3
208,159,3,3
208,160,3,3
208,161,3,3
208,162,3,3
208,163,3,3
208,164,3,3
208,165,3,3
208,166,3,3
208,167,3,3
208,168,3,3
208,169,3,3
208,170,3,3
208,171,3,3
208,172,3,3
208,173,3,3
208,174,3,3
208,175,3,3
208,176,3,3
208,177,3,3
208,178,3,3
208,179,3,3
208,180,3,3
208,181,3,3
208,182,3,3
208,183,3,3
208,184,3,3
208,185,3,3
208,186,3,3
208,187,3,3
208,188,3,3
208,189,3,3
208,190,3,3
208,191,3,3
208,192,3,3
208,193,3,3
208,194,3,3
208,195,3,3
208,196,3,3
208,197,3,3
208,198,3,3
208,199,3,3
208,200,3,2
208,201,3,2
208,202,3,2
208,203,3,2
208,204,3,2
208,205,3,2
208,206,3,2
208,207,3,3
208,208,3,3
208,209,3,3
208,210,3,3
208,211,3,3
208,212,3,3
208,213,3,3
208,214,3,3
208,215,3,3
208,216,3,3
208,217,3,3
208,218,3,3
208,219,3,3
208,220,3,3
208,221,3,3
208,222,3,3
208,223,3,3
208,224,3,3
208,225,3,3
208,226,3,3
208,227,3,3
208,228,3,3
208,229,3,3
208,230,3,3
208,231,3,3
208,232,3,3
208,233,3,3
208,234,3,3
208,235,3,3
208,236,3,3
208,237,3,3
208,238,3,3
208,239,3,3
208,240,3,3
208,241,3,3
208,242,3,3
208,243,3,3
208,244,3,3
208,245,3,3
208,246,3,3
208,247,3,3
208,248,3,3
208,249,3,3
208,250,3,3
208,251,3,3
208,252,3,2
208,253,3,2
208,254,3,2
208,255,3,2
208,256,3,2
208,257,3,2
208,258,3,2
208,259,3,2
208,260,3,2
208,261,3,2
208,262,3,2
208,263,3,2
208,264,3,2
208,265,3,2
208,266,3,2
208,267,3,2
208,268,3,2
208,269,3,2
208,270,3,2
208,271,3,2
208,272,3,2
208,273,3,2
208,274,3,2
208,275,3,2
208,276,3,2
208,277,3,2
208,278,3,2
208,279,3,2
208,280,3,2
208,281,3,2
208,282,3,2
208,283,3,2
208,284,3,2
208,285,3,2
208,286,3,2
208,287,3,2
208,288,3,2
208,289,3,2
208,290,3,2
208,291,3,2
208,292,3,2
208,293,3,2
208,294,3,2
208,295,3,2
208,296,3,2
208,297,3,2
208,298,3,2
208,299,3,2
208,300,3,2
208,301,3,2
208,302,3,2
208,303,3,2
208,304,3,2
208,305,3,2
208,306,3,2
208,307,3,2
208,308,3,2
208,309,3,2
208,310,3,2
208,311,3,2
208,312,3,2
208,313,3,2
208,314,3,2
208,315,3,2
208,316,3,2
208,317,3,2
208,318,3,2
208,319,3,2
208,320,3,2
208,321,3,2
208,322,3,2
208,323,3,2
208,324,3,2
208,325,3,2
208,326,3,2
208,327,3,2
208,328,3,2
208,329,3,2
208,330,3,2
208,331,3,2
208,332,3,2
208,333,3,2
208,334,3,2
208,335,3,2
208,336,3,2
208,337,3,2
208,338,3,2
208,339,3,2
208,340,3,2
208,341,3,2
208,342,3,3
209,78,3,2
209,79,3,2
209,80,3,2
209,81,3,2
209,82,3,2
209,83,3,2
209,84,3,2
209,85,3,2
209,86,3,2
209,87,3,3
209,88,3,3
209,89,3,3
209,90,3,3
209,91,3,3
209,92,3,3
209,93,3,3
209,94,3,3
209,95,3,3
209,96,3,3
209,97,3,3
209,98,3,3
209,99,3,3
209,100,3,3
209,101,3,3
209,102,3,3
209,103,3,3
209,104,3,3
209,105,3,3
209,106,3,3
209,107,3,3
209,108,3,3
209,109,3,3
209,110,3,3
209,111,3,3
209,112,3,3
209,113,3,3
209,114,3,2
209,115,3,2
209,116,3,2
209,117,3,2
209,118,3,2
209,119,3,2
209,120,3,2
209,121,3,2
209,122,3,2
209,123,3,2
209,124,3,2
209,125,3,2
209,126,3,2
209,127,3,2
209,128,3,2
209,129,3,2
209,130,3,2
209,131,3,2
209,132,3,2
209,133,3,2
209,134,3,2
209,135,3,2
209,136,3,2
209,137,3,2
209,138,3,2
209,139,3,2
209,140,3,2
209,141,3,2
209,142,3,2
209,143,3,2
209,144,3,2
209,145,3,2
209,146,3,2
209,147,3,2
209,148,3,2
209,149,3,2
209,150,3,2
209,151,3,3
209,152,3,3
209,153,3,3
209,154,3,3
209,155,3,3
209,156,3,3
209,157,3,3
209,158,3,3
209,159,3,3
209,160,3,3
209,161,3,3
209,162,3,3
209,163,3,3
209,164,3,3
209,165,3,3
209,166,3,3
209,167,3,3
209,168,3,3
209,169,3,3
209,170,3,3
209,171,3,3
209,172,3,3
209,173,3,3
209,174,3,3
209,175,3,3
209,176,3,3
209,177,3,3
209,178,3,3
209,179,3,3
209,180,3,3
209,181,3,3
209,182,3,3
209,183,3,3
209,184,3,3
209,185,3,3
209,186,3,3
209,187,3,3
209,188,3,3
209,189,3,3
209,190,3,3
209,191,3,3
209,192,3,3
209,193,3,3
209,194,3,3
209,195,3,3
209,196,3,3
209,197,3,3
209,198,3,3
209,199,3,2
209,200,3,2
209,201,3,2
209,202,3,2
209,203,3,2
209,204,3,2
209,205,3,3
209,206,3,3
209,207,3,3
209,208,3,3
209,209,3,3
209,210,3,3
209,211,3,3
209,212,3,3
209,213,3,3
209,214,3,3
209,215,3,3
209,216,3,3
209,217,3,3
209,218,3,3
209,219,3,3
209,220,3,3
209,221,3,3
209,222,3,3
209,223,3,3
209,224,3,3
209,225,3,3
209,226,3,3
209,227,3,3
209,228,3,3
209,229,3,3
209,230,3,3
209,231,3,3
209,232,3,3
209,233,3,3
209,234,3,3
209,235,3,3
209,236,3,3
209,237,3,3
209,238,3,3
209,239,3,3
209,240,3,3
209,241,3,3
209,242,3,3
209,243,3,3
209,244,3,3
209,245,3,3
209,246,3,3
209,247,3,3
209,248,3,3
209,249,3,3
209,250,3,3
209,251,3,3
209,252,3,2
209,253,3,2
209,254,3,2
209,255,3,2
209,256,3,2
209,257,3,2
209,258,3,2
209,259,3,2
209,260,3,2
209,261,3,2
209,262,3,2
209,263,3,2
209,264,3,2
209,265,3,2
209,266,3,2
209,267,3,2
209,268,3,2
209,269,3,2
209,270,3,2
209,271,3,2
209,272,3,2
209,273,3,2
209,274,3,2
209,275,3,2
209,276,3,2
209,277,3,2
209,278,3,2
209,279,3,2
209,280,3,2
209,281,3,2
209,282,3,2
209,283,3,2
209,284,3,2
209,285,3,2
209,286,3,2
209,287,3,2
209,288,3,2
209,289,3,2
209,290,3,2
209,291,3,2
209,292,3,2
209,293,3,2
209,294,3,2
209,295,3,2
209,296,3,2
209,297,3,2
209,298,3,2
209,299,3,2
209,300,3,2
209,301,3,2
209,302,3,2
209,303,3,2
209,304,3,2
209,305,3,2
209,306,3,2
209,307,3,2
209,308,3,2
209,309,3,2
209,310,3,2
209,311,3,2
209,312,3,2
209,313,3,2
209,314,3,2
209,315,3,2
209,316,3,2
209,317,3,2
209,318,3,2
209,319,3,2
209,320,3,2
209,321,3,3
209,322,3,2
209,323,3,2
209,324,3,2
209,325,3,2
209,326,3,2
209,327,3,2
209,328,3,2
209,329,3,2
209,330,3,2
209,331,3,2
209,332,3,2
209,333,3,2
209,334,3,2
209,335,3,2
209,336,3,2
209,337,3,2
209,338,3,2
209,339,3,2
209,340,3,2
209,341,3,3
210,78,3,2
210,79,3,2
210,80,3,2
210,81,3,2
210,82,3,2
210,83,3,2
210,84,3,2
210,85,3,2
210,86,3,2
210,87,3,3
210,88,3,3
210,89,3,3
210,90,3,3
210,91,3,3
210,92,3,3
210,93,3,3
210,94,3,3
210,95,3,3
210,96,3,3
210,97,3,3
210,98,3,3
210,99,3,3
210,100,3,3
210,101,3,3
210,102,3,3
210,103,3,3
210,104,3,3
210,105,3,3
210,106,3,3
210,107,3,3
210,108,3,3
210,109,3,3
210,110,3,3
210,111,3,3
210,112,3,3
210,113,3,2
210,114,3,2
210,115,3,2
210,116,3,2
210,117,3,2
210,118,3,2
210,119,3,2
210,120,3,2
210,121,3,2
210,122,3,2
210,123,3,2
210,124,3,2
210,125,3,2
210,126,3,2
210,127,3,2
210,128,3,2
210,129,3,2
210,130,3,2
210,131,3,2
210,132,3,2
210,133,3,2
210,134,3,2
210,135,3,2
210,136,3,2
210,137,3,2
210,138,3,2
210,139,3,2
210,140,3,2
210,141,3,2
210,142,3,2
210,143,3,2
210,144,3,2
210,145,3,2
210,146,3,2
210,147,3,2
210,148,3,2
210,149,3,2
210,150,3,2
210,151,3,3
210,152,3,3
210,153,3,3
210,154,3,3
210,155,3,3
210,156,3,3
210,157,3,3
210,158,3,3
210,159,3,3
210,160,3,3
210,161,3,3
210,162,3,3
210,163,3,3
210,164,3,3
210,165,3,3
210,166,3,3
210,167,3,3
210,168,3,3
210,169,3,3
210,170,3,3
210,171,3,3
210,172,3,3
210,173,3,3
210,174,3,3
210,175,3,3
210,176,3,3
210,177,3,3
210,178,3,3
210,179,3,3
210,180,3,3
210,181,3,3
210,182,3,3
210,183,3,3
210,184,3,3
210,185,3,3
210,186,3,3
210,187,3,3
210,188,3,3
210,189,3,3
210,190,3,3
210,191,3,3
210,192,3,3
210,193,3,3
210,194,3,3
210,195,3,3
210,196,3,3
210,197,3,3
210,198,3,2
210,199,3,2
210,200,3,2
210,201,3,2
210,202,3,2
210,203,3,2
210,204,3,2
210,205,3,3
210,206,3,3
210,207,3,3
210,208,3,3
210,209,3,3
210,210,3,3
210,211,3,3
210,212,3,3
210,213,3,3
210,214,3,3
210,215,3,3
210,216,3,3
210,217,3,3
210,218,3,3
210,219,3,3
210,220,3,3
210,221,3,3
210,222,3,3
210,223,3,3
210,224,3,3
210,225,3,3
210,226,3,3
210,227,3,3
210,228,3,3
210,229,3,3
210,230,3,3
210,231,3,3
210,232,3,3
210,233,3,3
210,234,3,3
210,235,3,3
210,236,3,3
210,237,3,3
210,238,3,3
210,239,3,3
210,240,3,3
210,241,3,3
210,242,3,3
210,243,3,3
210,244,3,3
210,245,3,3
210,246,3,3
210,247,3,3
210,248,3,3
210,249,3,3
210,250,3,2
210,251,3,2
210,252,3,2
210,253,3,2
210,254,3,2
210,255,3,2
210,256,3,2
210,257,3,2
210,258,3,2
210,259,3,2
210,260,3,2
210,261,3,2
210,262,3,2
210,263,3,2
210,264,3,2
210,265,3,2
210,266,3,2
210,267,3,2
210,268,3,2
210,269,3,2
210,270,3,2
210,271,3,2
210,272,3,2
210,273,3,2
210,274,3,2
210,275,3,2
210,276,3,2
210,277,3,2
210,278,3,2
210,279,3,2
210,280,3,2
210,281,3,2
210,282,3,2
210,283,3,2
210,284,3,2
210,285,3,2
210,286,3,2
210,287,3,2
210,288,3,2
210,289,3,2
210,290,3,2
210,291,3,2
210,292,3,2
210,293,3,2
210,294,3,2
210,295,3,2
210,296,3,2
210,297,3,2
210,298,3,2
210,299,3,2
210,300,3,2
210,301,3,2
210,302,3,2
210,303,3,2
210,304,3,2
210,305,3,2
210,306,3,2
210,307,3,2
210,308,3,2
210,309,3,2
210,310,3,2
210,311,3,2
210,312,3,2
210,313,3,2
210,314,3,2
210,315,3,2
210,316,3,2
210,317,3,2
210,318,3,2
210,319,3,2
210,320,3,2
210,321,3,2
210,322,3,2
210,323,3,2
210,324,3,2
210,325,3,2
210,326,3,2
210,327,3,2
210,328,3,2
210,329,3,2
210,330,3,2
210,331,3,2
210,332,3,2
210,333,3,2
210,334,3,2
210,335,3,2
210,336,3,2
210,337,3,2
210,338,3,2
210,339,3,2
210,340,3,2
210,341,3,3
211,78,3,2
211,79,3,2
211,80,3,2
211,81,3,2
211,82,3,2
211,83,3,2
211,84,3,2
211,85,3,2
211,86,3,3
211,87,3,3
211,88,3,3
211,89,3,3
211,90,3,3
211,91,3,3
211,92,3,3
211,93,3,3
211,94,3,3
211,95,3,3
211,96,3,3
211,97,3,3
211,98,3,3
211,99,3,3
211,100,3,3
211,101,3,3
211,102,3,3
211,103,3,3
211,104,3,3
211,105,3,3
211,106,3,3
211,107,3,3
211,108,3,3
211,109,3,3
211,110,3,3
211,111,3,3
211,112,3,2
211,113,3,2
211,114,3,2
211,115,3,2
211,116,3,2
211,117,3,2
211,118,3,2
211,119,3,2
211,120,3,2
211,121,3,2
211,122,3,2
211,123,3,2
211,124,3,2
211,125,3,2
211,126,3,2
211,127,3,2
211,128,3,2
211,129,3,2
211,130,3,2
211,131,3,2
211,132,3,2
211,133,3,2
211,134,3,2
211,135,3,2
211,136,3,2
211,137,3,2
211,138,3,2
211,139,3,2
211,140,3,2
211,141,3,2
211,142,3,2
211,143,3,2
211,144,3,2
211,145,3,2
211,146,3,2
211,147,3,2
211,148,3,2
211,149,3,2
211,150,3,2
211,151,3,2
211,152,3,3
211,153,3,3
211,154,3,3
211,155,3,3
211,156,3,3
211,157,3,3
211,158,3,3
211,159,3,3
211,160,3,3
211,161,3,3
211,162,3,3
211,163,3,3
211,164,3,3
211,165,3,3
211,166,3,3
211,167,3,3
211,168,3,3
211,169,3,3
211,170,3,3
211,171,3,3
211,172,3,3
211,173,3,3
211,174,3,3
211,175,3,3
211,176,3,3
211,177,3,3
211,178,3,3
211,179,3,3
211,180,3,3
211,181,3,3
211,182,3,3
211,183,3,3
211,184,3,3
211,185,3,3
211,186,3,3
211,187,3,3
211,188,3,3
211,189,3,3
211,190,3,3
211,191,3,3
211,192,3,3
211,193,3,3
211,194,3,3
211,195,3,3
211,196,3,3
211,197,3,3
211,198,3,2
211,199,3,2
211,200,3,2
211,201,3,2
211,202,3,2
211,203,3,2
211,204,3,2
211,205,3,3
211,206,3,3
211,207,3,3
211,208,3,3
211,209,3,3
211,210,3,3
211,211,3,3
211,212,3,3
211,213,3,3
211,214,3,3
211,215,3,3
211,216,3,3
211,217,3,3
211,218,3,3
211,219,3,3
211,220,3,3
211,221,3,3
211,222,3,3
211,223,3,3
211,224,3,3
211,225,3,3
211,226,3,3
211,227,3,3
211,228,3,3
211,229,3,3
211,230,3,3
211,231,3,3
211,232,3,3
211,233,3,3
211,234,3,3
211,235,3,3
211,236,3,3
211,237,3,3
211,238,3,3
211,239,3,3
211,240,3,3
211,241,3,3
211,242,3,3
211,243,3,3
211,244,3,3
211,245,3,3
211,246,3,3
211,247,3,3
211,248,3,3
211,249,3,3
211,250,3,2
211,251,3,2
211,252,3,2
211,253,3,2
211,254,3,2
211,255,3,2
211,256,3,2
211,257,3,2
211,258,3,2
211,259,3,2
211,260,3,2
211,261,3,2
211,262,3,2
211,263,3,2
211,264,3,2
211,265,3,2
211,266,3,2
211,267,3,2
211,268,3,2
211,269,3,2
211,270,3,2
211,271,3,2
211,272,3,2
211,273,3,2
211,274,3,2
211,275,3,2
211,276,3,2
211,277,3,2
211,278,3,2
211,279,3,2
211,280,3,2
211,281,3,2
211,282,3,2
211,283,3,2
211,284,3,2
211,285,3,2
211,286,3,2
211,287,3,2
211,288,3,2
211,289,3,2
211,290,3,2
211,291,3,2
211,292,3,2
211,293,3,2
211,294,3,2
211,295,3,2
211,296,3,2
211,297,3,2
211,298,3,2
211,299,3,2
211,300,3,2
211,301,3,2
211,302,3,2
211,303,3,2
211,304,3,2
211,305,3,2
211,306,3,2
211,307,3,2
211,308,3,2
211,309,3,2
211,310,3,2
211,311,3,2
211,312,3,2
211,313,3,2
211,314,3,2
211,315,3,2
211,316,3,2
211,317,3,2
211,318,3,2
211,319,3,2
211,320,3,2
211,321,3,2
211,322,3,2
211,323,3,2
211,324,3,2
211,325,3,2
211,326,3,2
211,327,3,2
211,328,3,3
211,329,3,2
211,330,3,2
211,331,3,2
211,332,3,2
211,333,3,2
211,334,3,2
211,335,3,2
211,336,3,2
211,337,3,2
211,338,3,2
211,339,3,3
211,340,3,3
212,78,3,2
212,79,3,2
212,80,3,2
212,81,3,2
212,82,3,2
212,83,3,2
212,84,3,2
212,85,3,2
212,86,3,3
212,87,3,3
212,88,3,3
212,89,3,3
212,90,3,3
212,91,3,3
212,92,3,3
212,93,3,3
212,94,3,3
212,95,3,3
212,96,3,3
212,97,3,3
212,98,3,3
212,99,3,3
212,100,3,3
212,101,3,3
212,102,3,3
212,103,3,3
212,104,3,3
212,105,3,3
212,106,3,3
212,107,3,3
212,108,3,3
212,109,3,3
212,110,3,3
212,111,3,2
212,112,3,2
212,113,3,2
212,114,3,2
212,115,3,2
212,116,3,2
212,117,3,2
212,118,3,2
212,119,3,2
212,120,3,2
212,121,3,2
212,122,3,2
212,123,3,2
212,124,3,2
212,125,3,2
212,126,3,2
212,127,3,2
212,128,3,2
212,129,3,2
212,130,3,2
212,131,3,2
212,132,3,2
212,133,3,2
212,134,3,2
212,135,3,2
212,136,3,2
212,137,3,2
212,138,3,2
212,139,3,2
212,140,3,2
212,141,3,2
212,142,3,2
212,143,3,2
212,144,3,2
212,145,3,2
212,146,3,2
212,147,3,2
212,148,3,2
212,149,3,2
212,150,3,2
212,151,3,2
212,152,3,2
212,153,3,3
212,154,3,3
212,155,3,3
212,156,3,3
212,157,3,3
212,158,3,3
212,159,3,3
212,160,3,3
212,161,3,3
212,162,3,3
212,163,3,3
212,164,3,3
212,165,3,3
212,166,3,3
212,167,3,3
212,168,3,3
212,169,3,3
212,170,3,3
212,171,3,3
212,172,3,3
212,173,3,3
212,174,3,3
212,175,3,3
212,176,3,3
212,177,3,3
212,178,3,3
212,179,3,3
212,180,3,3
212,181,3,3
212,182,3,3
212,183,3,3
212,184,3,3
212,185,3,3
212,186,3,3
212,187,3,3
212,188,3,3
212,189,3,3
212,190,3,3
212,191,3,3
212,192,3,3
212,193,3,3
212,194,3,3
212,195,3,3
212,196,3,3
212,197,3,3
212,198,3,2
212,199,3,2
212,200,3,2
212,201,3,2
212,202,3,2
212,203,3,2
212,204,3,2
212,205,3,3
212,206,3,3
212,207,3,3
212,208,3,3
212,209,3,3
212,210,3,3
212,211,3,3
212,212,3,3
212,213,3,3
212,214,3,3
212,215,3,3
212,216,3,3
212,217,3,3
212,218,3,3
212,219,3,3
212,220,3,3
212,221,3,3
212,222,3,3
212,223,3,3
212,224,3,3
212,225,3,3
212,226,3,3
212,227,3,3
212,228,3,3
212,229,3,3
212,230,3,3
212,231,3,3
212,232,3,3
212,233,3,3
212,234,3,3
212,235,3,3
212,236,3,3
212,237,3,3
212,238,3,3
212,239,3,3
212,240,3,3
212,241,3,3
212,242,3,3
212,243,3,3
212,244,3,3
212,245,3,3
212,246,3,3
212,247,3,3
212,248,3,2
212,249,3,2
212,250,3,2
212,251,3,2
212,252,3,2
212,253,3,2
212,254,3,2
212,255,3,2
212,256,3,2
212,257,3,2
212,258,3,2
212,259,3,2
212,260,3,2
212,261,3,2
212,262,3,2
212,263,3,2
212,264,3,2
212,265,3,2
212,266,3,2
212,267,3,2
212,268,3,2
212,269,3,2
212,270,3,2
212,271,3,2
212,272,3,2
212,273,3,2
212,274,3,2
212,275,3,2
212,276,3,2
212,277,3,2
212,278,3,2
212,279,3,2
212,280,3,2
212,281,3,2
212,282,3,2
212,283,3,2
212,284,3,2
212,285,3,2
212,286,3,2
212,287,3,2
212,288,3,2
212,289,3,2
212,290,3,2
212,291,3,2
212,292,3,2
212,293,3,2
212,294,3,2
212,295,3,2
212,296,3,2
212,297,3,2
212,298,3,2
212,299,3,2
212,300,3,2
212,301,3,2
212,302,3,2
212,303,3,2
212,304,3,2
212,305,3,2
212,306,3,2
212,307,3,2
212,308,3,2
212,309,3,2
212,310,3,2
212,311,3,2
212,312,3,2
212,313,3,2
212,314,3,2
212,315,3,2
212,316,3,2
212,317,3,2
212,318,3,2
212,319,3,2
212,320,3,2
212,321,3,2
212,322,3,2
212,323,3,2
212,324,3,3
212,325,3,2
212,326,3,2
212,327,3,2
212,328,3,2
212,329,3,2
212,330,3,2
212,331,3,2
212,332,3,2
212,333,3,2
212,334,3,2
212,335,3,2
212,336,3,2
212,337,3,2
212,338,3,2
212,339,3,3
213,78,3,2
213,79,3,2
213,80,3,2
213,81,3,2
213,82,3,2
213,83,3,2
213,84,3,2
213,85,3,2
213,86,3,2
213,87,3,3
213,88,3,3
213,89,3,3
213,90,3,3
213,91,3,3
213,92,3,3
213,93,3,3
213,94,3,3
213,95,3,3
213,96,3,3
213,97,3,3
213,98,3,3
213,99,3,3
213,100,3,3
213,101,3,3
213,102,3,3
213,103,3,3
213,104,3,3
213,105,3,3
213,106,3,3
213,107,3,3
213,108,3,3
213,109,3,3
213,110,3,3
213,111,3,3
213,112,3,2
213,113,3,2
213,114,3,2
213,115,3,2
213,116,3,2
213,117,3,2
213,118,3,2
213,119,3,2
213,120,3,2
213,121,3,2
213,122,3,2
213,123,3,2
213,124,3,2
213,125,3,2
213,126,3,2
213,127,3,2
213,128,3,2
213,129,3,2
213,130,3,2
213,131,3,2
213,132,3,2
213,133,3,2
213,134,3,2
213,135,3,2
213,136,3,2
213,137,3,2
213,138,3,2
213,139,3,2
213,140,3,2
213,141,3,2
213,142,3,2
213,143,3,2
213,144,3,2
213,145,3,2
213,146,3,2
213,147,3,2
213,148,3,2
213,149,3,2
213,150,3,2
213,151,3,2
213,152,3,2
213,153,3,3
213,154,3,3
213,155,3,3
213,156,3,3
213,157,3,3
213,158,3,3
213,159,3,3
213,160,3,3
213,161,3,3
213,162,3,3
213,163,3,3
213,164,3,3
213,165,3,3
213,166,3,3
213,167,3,3
213,168,3,3
213,169,3,3
213,170,3,3
213,171,3,3
213,172,3,3
213,173,3,3
213,174,3,3
213,175,3,3
213,176,3,3
213,177,3,3
213,178,3,3
213,179,3,3
213,180,3,3
213,181,3,3
213,182,3,3
213,183,3,3
213,184,3,3
213,185,3,3
213,186,3,3
213,187,3,3
213,188,3,3
213,189,3,3
213,190,3,3
213,191,3,3
213,192,3,3
213,193,3,3
213,194,3,3
213,195,3,3
213,196,3,3
213,197,3,3
213,198,3,2
213,199,3,2
213,200,3,2
213,201,3,2
213,202,3,2
213,203,3,2
213,204,3,2
213,205,3,3
213,206,3,3
213,207,3,3
213,208,3,3
213,209,3,3
213,210,3,3
213,211,3,3
213,212,3,3
213,213,3,3
213,214,3,3
213,215,3,3
213,216,3,3
213,217,3,3
213,218,3,3
213,219,3,3
213,220,3,3
213,221,3,3
213,222,3,3
213,223,3,3
213,224,3,3
213,225,3,3
213,226,3,3
213,227,3,3
213,228,3,3
213,229,3,3
213,230,3,3
213,231,3,3
213,232,3,3
213,233,3,3
213,234,3,3
213,235,3,3
213,236,3,3
213,237,3,3
213,238,3,3
213,239,3,3
213,240,3,3
213,241,3,3
213,242,3,3
213,243,3,3
213,244,3,3
213,245,3,3
213,246,3,3
213,247,3,3
213,248,3,2
213,249,3,2
213,250,3,2
213,251,3,2
213,252,3,2
213,253,3,2
213,254,3,2
213,255,3,2
213,256,3,2
213,257,3,2
213,258,3,2
213,259,3,2
213,260,3,2
213,261,3,2
213,262,3,2
213,263,3,2
213,264,3,2
213,265,3,2
213,266,3,2
213,267,3,2
213,268,3,2
213,269,3,2
213,270,3,2
213,271,3,2
213,272,3,2
213,273,3,2
213,274,3,2
213,275,3,2
213,276,3,2
213,277,3,2
213,278,3,2
213,279,3,2
213,280,3,2
213,281,3,2
213,282,3,2
213,283,3,2
213,284,3,2
213,285,3,2
213,286,3,2
213,287,3,2
213,288,3,2
213,289,3,2
213,290,3,2
213,291,3,2
213,292,3,2
213,293,3,2
213,294,3,2
213,295,3,2
213,296,3,2
213,297,3,2
213,298,3,2
213,299,3,2
213,300,3,2
213,301,3,2
213,302,3,2
213,303,3,2
213,304,3,2
213,305,3,2
213,306,3,2
213,307,3,2
213,308,3,2
213,309,3,2
213,310,3,2
213,311,3,2
213,312,3,2
213,313,3,2
213,314,3,2
213,315,3,2
213,316,3,2
213,317,3,2
213,318,3,2
213,319,3,2
213,320,3,2
213,321,3,2
213,322,3,2
213,323,3,2
213,324,3,2
213,325,3,3
213,326,3,3
213,327,3,2
213,328,3,2
213,329,3,2
213,330,3,2
213,331,3,2
213,332,3,2
213,333,3,2
213,334,3,2
213,335,3,2
213,336,3,2
213,337,3,2
213,338,3,2
214,78,3,2
214,79,3,2
214,80,3,2
214,81,3,2
214,82,3,2
214,83,3,2
214,84,3,2
214,85,3,2
214,86,3,2
214,87,3,3
214,88,3,3
214,89,3,3
214,90,3,3
214,91,3,3
214,92,3,3
214,93,3,3
214,94,3,3
214,95,3,3
214,96,3,3
214,97,3,3
214,98,3,3
214,99,3,3
214,100,3,3
214,101,3,3
214,102,3,3
214,103,3,3
214,104,3,3
214,105,3,3
214,106,3,3
214,107,3,3
214,108,3,3
214,109,3,3
214,110,3,3
214,111,3,2
214,112,3,2
214,113,3,2
214,114,3,2
214,115,3,2
214,116,3,2
214,117,3,2
214,118,3,2
214,119,3,2
214,120,3,2
214,121,3,2
214,122,3,2
214,123,3,2
214,124,3,2
214,125,3,2
214,126,3,2
214,127,3,2
214,128,3,2
214,129,3,2
214,130,3,2
214,131,3,2
214,132,3,2
214,133,3,2
214,134,3,2
214,135,3,2
214,136,3,2
214,137,3,2
214,138,3,2
214,139,3,2
214,140,3,2
214,141,3,2
214,142,3,2
214,143,3,2
214,144,3,2
214,145,3,2
214,146,3,2
214,147,3,2
214,148,3,2
214,149,3,2
214,150,3,2
214,151,3,2
214,152,3,2
214,153,3,2
214,154,3,3
214,155,3,3
214,156,3,3
214,157,3,3
214,158,3,3
214,159,3,3
214,160,3,3
214,161,3,3
214,162,3,3
214,163,3,3
214,164,3,3
214,165,3,3
214,166,3,3
214,167,3,3
214,168,3,3
214,169,3,3
214,170,3,3
214,171,3,3
214,172,3,3
214,173,3,3
214,174,3,3
214,175,3,3
214,176,3,3
214,177,3,3
214,178,3,3
214,179,3,3
214,180,3,3
214,181,3,3
214,182,3,3
214,183,3,3
214,184,3,3
214,185,3,3
214,186,3,3
214,187,3,3
214,188,3,3
214,189,3,3
214,190,3,3
214,191,3,3
214,192,3,3
214,193,3,3
214,194,3,3
214,195,3,3
214,196,3,3
214,197,3,3
214,198,3,2
214,199,3,2
214,200,3,2
214,201,3,2
214,202,3,2
214,203,3,2
214,204,3,2
214,205,3,2
214,206,3,3
214,207,3,3
214,208,3,3
214,209,3,3
214,210,3,3
214,211,3,3
214,212,3,3
214,213,3,3
214,214,3,3
214,215,3,3
214,216,3,3
214,217,3,3
214,218,3,3
214,219,3,3
214,220,3,3
214,221,3,3
214,222,3,3
214,223,3,3
214,224,3,3
214,225,3,3
214,226,3,3
214,227,3,3
214,228,3,3
214,229,3,3
214,230,3,3
214,231,3,3
214,232,3,3
214,233,3,3
214,234,3,3
214,235,3,3
214,236,3,3
214,237,3,3
214,238,3,3
214,239,3,3
214,240,3,3
214,241,3,3
214,242,3,3
214,243,3,3
214,244,3,3
214,245,3,3
214,246,3,2
214,247,3,2
214,248,3,2
214,249,3,2
214,250,3,2
214,251,3,2
214,252,3,2
214,253,3,2
214,254,3,2
214,255,3,2
214,256,3,2
214,257,3,2
214,258,3,2
214,259,3,2
214,260,3,2
214,261,3,2
214,262,3,2
214,263,3,2
214,264,3,2
214,265,3,2
214,266,3,2
214,267,3,2
214,268,3,2
214,269,3,2
214,270,3,2
214,271,3,2
214,272,3,2
214,273,3,2
214,274,3,2
214,275,3,2
214,276,3,2
214,277,3,2
214,278,3,2
214,279,3,2
214,280,3,2
214,281,3,2
214,282,3,2
214,283,3,2
214,284,3,2
214,285,3,2
214,286,3,2
214,287,3,2
214,288,3,2
214,289,3,2
214,290,3,2
214,291,3,2
214,292,3,2
214,293,3,2
214,294,3,2
214,295,3,2
214,296,3,2
214,297,3,2
214,298,3,2
214,299,3,2
214,300,3,2
214,301,3,2
214,302,3,2
214,303,3,2
214,304,3,2
214,305,3,2
214,306,3,2
214,307,3,2
214,308,3,2
214,309,3,2
214,310,3,2
214,311,3,2
214,312,3,2
214,313,3,2
214,314,3,2
214,315,3,2
214,316,3,2
214,317,3,2
214,318,3,2
214,319,3,2
214,320,3,2
214,321,3,2
214,322,3,2
214,323,3,2
214,324,3,2
214,325,3,3
214,326,3,2
214,327,3,2
214,328,3,2
214,329,3,2
214,330,3,2
214,331,3,2
214,332,3,2
214,333,3,2
214,334,3,2
214,335,3,2
214,336,3,2
214,337,3,2
214,338,3,3
215,78,3,2
215,79,3,2
215,80,3,2
215,81,3,2
215,82,3,2
215,83,3,2
215,84,3,2
215,85,3,2
215,86,3,2
215,87,3,3
215,88,3,3
215,89,3,3
215,90,3,3
215,91,3,3
215,92,3,3
215,93,3,3
215,94,3,3
215,95,3,3
215,96,3,3
215,97,3,3
215,98,3,3
215,99,3,3
215,100,3,3
215,101,3,3
215,102,3,3
215,103,3,3
215,104,3,3
215,105,3,3
215,106,3,3
215,107,3,3
215,108,3,3
215,109,3,3
215,110,3,3
215,111,3,3
215,112,3,2
215,113,3,2
215,114,3,2
215,115,3,2
215,116,3,2
215,117,3,2
215,118,3,2
215,119,3,2
215,120,3,2
215,121,3,2
215,122,3,2
215,123,3,2
215,124,3,2
215,125,3,2
215,126,3,2
215,127,3,2
215,128,3,2
215,129,3,2
215,130,3,2
215,131,3,2
215,132,3,2
215,133,3,2
215,134,3,2
215,135,3,2
215,136,3,2
215,137,3,2
215,138,3,2
215,139,3,2
215,140,3,2
215,141,3,2
215,142,3,2
215,143,3,2
215,144,3,2
215,145,3,2
215,146,3,2
215,147,3,2
215,148,3,2
215,149,3,2
215,150,3,2
215,151,3,2
215,152,3,2
215,153,3,2
215,154,3,3
215,155,3,3
215,156,3,3
215,157,3,3
215,158,3,3
215,159,3,3
215,160,3,3
215,161,3,3
215,162,3,3
215,163,3,3
215,164,3,3
215,165,3,3
215,166,3,3
215,167,3,3
215,168,3,3
215,169,3,3
215,170,3,3
215,171,3,3
215,172,3,3
215,173,3,3
215,174,3,3
215,175,3,3
215,176,3,3
215,177,3,3
215,178,3,3
215,179,3,3
215,180,3,3
215,181,3,3
215,182,3,3
215,183,3,3
215,184,3,3
215,185,3,3
215,186,3,3
215,187,3,3
215,188,3,3
215,189,3,3
215,190,3,3
215,191,3,3
215,192,3,3
215,193,3,3
215,194,3,3
215,195,3,3
215,196,3,3
215,197,3,3
215,198,3,2
215,199,3,2
215,200,3,2
215,201,3,2
215,202,3,2
215,203,3,2
215,204,3,2
215,205,3,3
215,206,3,3
215,207,3,3
215,208,3,3
215,209,3,3
215,210,3,3
215,211,3,3
215,212,3,3
215,213,3,3
215,214,3,3
215,215,3,3
215,216,3,3
215,217,3,3
215,218,3,3
215,219,3,3
215,220,3,3
215,221,3,3
215,222,3,3
215,223,3,3
215,224,3,3
215,225,3,3
215,226,3,3
215,227,3,3
215,228,3,3
215,229,3,3
215,230,3,3
215,231,3,3
215,232,3,3
215,233,3,3
215,234,3,3
215,235,3,3
215,236,3,3
215,237,3,3
215,238,3,3
215,239,3,3
215,240,3,3
215,241,3,3
215,242,3,3
215,243,3,3
215,244,3,2
215,245,3,2
215,246,3,2
215,247,3,2
215,248,3,2
215,249,3,2
215,250,3,2
215,251,3,2
215,252,3,2
215,253,3,2
215,254,3,2
215,255,3,2
215,256,3,2
215,257,3,2
215,258,3,2
215,259,3,2
215,260,3,2
215,261,3,2
215,262,3,2
215,263,3,2
215,264,3,2
215,265,3,2
215,266,3,2
215,267,3,2
215,268,3,2
215,269,3,2
215,270,3,2
215,271,3,2
215,272,3,2
215,273,3,2
215,274,3,2
215,275,3,2
215,276,3,2
215,277,3,2
215,278,3,2
215,279,3,2
215,280,3,2
215,281,3,2
215,282,3,2
215,283,3,2
215,284,3,2
215,285,3,2
215,286,3,2
215,287,3,2
215,288,3,2
215,289,3,2
215,290,3,2
215,291,3,2
215,292,3,2
215,293,3,2
215,294,3,2
215,295,3,2
215,296,3,2
215,297,3,2
215,298,3,2
215,299,3,2
215,300,3,2
215,301,3,2
215,302,3,2
215,303,3,2
215,304,3,2
215,305,3,2
215,306,3,2
215,307,3,2
215,308,3,2
215,309,3,2
215,310,3,2
215,311,3,2
215,312,3,2
215,313,3,2
215,314,3,2
215,315,3,2
215,316,3,2
215,317,3,2
215,318,3,2
215,319,3,2
215,320,3,2
215,321,3,2
215,322,3,2
215,323,3,2
215,324,3,3
215,325,3,2
215,326,3,2
215,327,3,2
215,328,3,2
215,329,3,2
215,330,3,2
215,331,3,2
215,332,3,2
215,333,3,2
215,334,3,2
215,335,3,2
215,336,3,2
215,337,3,3
216,78,3,2
216,79,3,2
216,80,3,2
216,81,3,2
216,82,3,2
216,83,3,2
216,84,3,2
216,85,3,2
216,86,3,2
216,87,3,3
216,88,3,3
216,89,3,3
216,90,3,3
216,91,3,3
216,92,3,3
216,93,3,3
216,94,3,3
216,95,3,3
216,96,3,3
216,97,3,3
216,98,3,3
216,99,3,3
216,100,3,3
216,101,3,3
216,102,3,3
216,103,3,3
216,104,3,3
216,105,3,3
216,106,3,3
216,107,3,3
216,108,3,3
216,109,3,3
216,110,3,3
216,111,3,2
216,112,3,2
216,113,3,2
216,114,3,2
216,115,3,2
216,116,3,2
216,117,3,2
216,118,3,2
216,119,3,2
216,120,3,2
216,121,3,2
216,122,3,2
216,123,3,2
216,124,3,2
216,125,3,2
216,126,3,2
216,127,3,2
216,128,3,2
216,129,3,2
216,130,3,2
216,131,3,2
216,132,3,2
216,133,3,2
216,134,3,2
216,135,3,2
216,136,3,2
216,137,3,2
216,138,3,2
216,139,3,2
216,140,3,2
216,141,3,2
216,142,3,2
216,143,3,2
216,144,3,2
216,145,3,2
216,146,3,2
216,147,3,2
216,148,3,2
216,149,3,2
216,150,3,2
216,151,3,2
216,152,3,2
216,153,3,2
216,154,3,2
216,155,3,3
216,156,3,3
216,157,3,3
216,158,3,3
216,159,3,3
216,160,3,3
216,161,3,3
216,162,3,3
216,163,3,3
216,164,3,3
216,165,3,3
216,166,3,3
216,167,3,3
216,168,3,3
216,169,3,3
216,170,3,3
216,171,3,3
216,172,3,3
216,173,3,3
216,174,3,3
216,175,3,3
216,176,3,3
216,177,3,3
216,178,3,3
216,179,3,3
216,180,3,3
216,181,3,3
216,182,3,3
216,183,3,3
216,184,3,3
216,185,3,3
216,186,3,3
216,187,3,3
216,188,3,3
216,189,3,3
216,190,3,3
216,191,3,3
216,192,3,3
216,193,3,3
216,194,3,3
216,195,3,3
216,196,3,3
216,197,3,3
216,198,3,2
216,199,3,2
216,200,3,2
216,201,3,2
216,202,3,2
216,203,3,2
216,204,3,2
216,205,3,3
216,206,3,3
216,207,3,3
216,208,3,3
216,209,3,3
216,210,3,3
216,211,3,3
216,212,3,3
216,213,3,3
216,214,3,3
216,215,3,3
216,216,3,3
216,217,3,3
216,218,3,3
216,219,3,3
216,220,3,3
216,221,3,3
216,222,3,3
216,223,3,3
216,224,3,3
216,225,3,3
216,226,3,3
216,227,3,3
216,228,3,3
216,229,3,3
216,230,3,3
216,231,3,3
216,232,3,3
216,233,3,3
216,234,3,3
216,235,3,3
216,236,3,3
216,237,3,3
216,238,3,3
216,239,3,3
216,240,3,3
216,241,3,3
216,242,3,3
216,243,3,2
216,244,3,2
216,245,3,2
216,246,3,2
216,247,3,2
216,248,3,2
216,249,3,2
216,250,3,2
216,251,3,2
216,252,3,2
216,253,3,2
216,254,3,2
216,255,3,2
216,256,3,2
216,257,3,2
216,258,3,2
216,259,3,2
216,260,3,2
216,261,3,2
216,262,3,2
216,263,3,2
216,264,3,2
216,265,3,2
216,266,3,2
216,267,3,2
216,268,3,2
216,269,3,2
216,270,3,2
216,271,3,2
216,272,3,2
216,273,3,2
216,274,3,2
216,275,3,2
216,276,3,2
216,277,3,2
216,278,3,2
216,279,3,2
216,280,3,2
216,281,3,2
216,282,3,2
216,283,3,2
216,284,3,2
216,285,3,2
216,286,3,2
216,287,3,2
216,288,3,2
216,289,3,2
216,290,3,2
216,291,3,2
216,292,3,2
216,293,3,2
216,294,3,2
216,295,3,2
216,296,3,2
216,297,3,2
216,298,3,2
216,299,3,2
216,300,3,2
216,301,3,2
216,302,3,2
216,303,3,2
216,304,3,2
216,305,3,2
216,306,3,2
216,307,3,2
216,308,3,2
216,309,3,2
216,310,3,2
216,311,3,2
216,312,3,2
216,313,3,2
216,314,3,2
216,315,3,2
216,316,3,2
216,317,3,2
216,318,3,2
216,319,3,2
216,320,3,2
216,321,3,2
216,322,3,2
216,323,3,2
216,324,3,2
216,325,3,2
216,326,3,2
216,327,3,2
216,328,3,2
216,329,3,2
216,330,3,2
216,331,3,2
216,332,3,2
216,333,3,2
216,334,3,2
216,335,3,2
216,336,3,3
217,79,3,2
217,80,3,2
217,81,3,2
217,82,3,2
217,83,3,2
217,84,3,2
217,85,3,2
217,86,3,3
217,87,3,3
217,88,3,3
217,89,3,3
217,90,3,3
217,91,3,3
217,92,3,3
217,93,3,3
217,94,3,3
217,95,3,3
217,96,3,3
217,97,3,3
217,98,3,3
217,99,3,3
217,100,3,3
217,101,3,3
217,102,3,3
217,103,3,3
217,104,3,3
217,105,3,3
217,106,3,3
217,107,3,3
217,108,3,3
217,109,3,3
217,110,3,3
217,111,3,3
217,112,3,3
217,113,3,2
217,114,3,2
217,115,3,2
217,116,3,2
217,117,3,2
217,118,3,2
217,119,3,2
217,120,3,2
217,121,3,2
217,122,3,2
217,123,3,2
217,124,3,2
217,125,3,2
217,126,3,2
217,127,3,2
217,128,3,2
217,129,3,2
217,130,3,2
217,131,3,2
217,132,3,2
217,133,3,2
217,134,3,2
217,135,3,2
217,136,3,2
217,137,3,2
217,138,3,2
217,139,3,2
217,140,3,2
217,141,3,2
217,142,3,2
217,143,3,2
217,144,3,2
217,145,3,2
217,146,3,2
217,147,3,2
217,148,3,2
217,149,3,2
217,150,3,2
217,151,3,2
217,152,3,2
217,153,3,2
217,154,3,2
217,155,3,3
217,156,3,3
217,157,3,3
217,158,3,3
217,159,3,3
217,160,3,3
217,161,3,3
217,162,3,3
217,163,3,3
217,164,3,3
217,165,3,3
217,166,3,3
217,167,3,3
217,168,3,3
217,169,3,3
217,170,3,3
217,171,3,3
217,172,3,3
217,173,3,3
217,174,3,3
217,175,3,3
217,176,3,3
217,177,3,3
217,178,3,3
217,179,3,3
217,180,3,3
217,181,3,3
217,182,3,3
217,183,3,3
217,184,3,3
217,185,3,3
217,186,3,3
217,187,3,3
217,188,3,3
217,189,3,3
217,190,3,3
217,191,3,3
217,192,3,3
217,193,3,3
217,194,3,3
217,195,3,3
217,196,3,3
217,197,3,3
217,198,3,3
217,199,3,2
217,200,3,2
217,201,3,2
217,202,3,2
217,203,3,2
217,204,3,2
217,205,3,3
217,206,3,3
217,207,3,3
217,208,3,3
217,209,3,3
217,210,3,3
217,211,3,3
217,212,3,3
217,213,3,3
217,214,3,3
217,215,3,3
217,216,3,3
217,217,3,3
217,218,3,3
217,219,3,3
217,220,3,3
217,221,3,3
217,222,3,3
217,223,3,3
217,224,3,3
217,225,3,3
217,226,3,3
217,227,3,3
217,228,3,3
217,229,3,3
217,230,3,3
217,231,3,3
217,232,3,3
217,233,3,3
217,234,3,3
217,235,3,3
217,236,3,3
217,237,3,3
217,238,3,3
217,239,3,3
217,240,3,3
217,241,3,2
217,242,3,2
217,243,3,2
217,244,3,2
217,245,3,2
217,246,3,2
217,247,3,2
217,248,3,2
217,249,3,2
217,250,3,2
217,251,3,2
217,252,3,2
217,253,3,2
217,254,3,2
217,255,3,2
217,256,3,2
217,257,3,2
217,258,3,2
217,259,3,2
217,260,3,2
217,261,3,2
217,262,3,2
217,263,3,2
217,264,3,2
217,265,3,2
217,266,3,2
217,267,3,2
217,268,3,2
217,269,3,2
217,270,3,2
217,271,3,2
217,272,3,2
217,273,3,2
217,274,3,2
217,275,3,2
217,276,3,2
217,277,3,2
217,278,3,2
217,279,3,2
217,280,3,2
217,281,3,2
217,282,3,2
217,283,3,2
217,284,3,2
217,285,3,2
217,286,3,2
217,287,3,2
217,288,3,2
217,289,3,2
217,290,3,2
217,291,3,2
217,292,3,2
217,293,3,2
217,294,3,2
217,295,3,2
217,296,3,2
217,297,3,2
217,298,3,2
217,299,3,2
217,300,3,2
217,301,3,2
217,302,3,2
217,303,3,2
217,304,3,2
217,305,3,2
217,306,3,2
217,307,3,2
217,308,3,2
217,309,3,2
217,310,3,2
217,311,3,2
217,312,3,2
217,313,3,2
217,314,3,2
217,315,3,2
217,316,3,2
217,317,3,2
217,318,3,2
217,319,3,2
217,320,3,2
217,321,3,2
217,322,3,2
217,323,3,2
217,324,3,2
217,325,3,2
217,326,3,3
217,327,3,2
217,328,3,2
217,329,3,2
217,330,3,2
217,331,3,2
217,332,3,2
217,333,3,2
217,334,3,2
217,335,3,3
218,79,3,2
218,80,3,2
218,81,3,2
218,82,3,2
218,83,3,2
218,84,3,2
218,85,3,2
218,86,3,3
218,87,3,3
218,88,3,3
218,89,3,3
218,90,3,3
218,91,3,3
218,92,3,3
218,93,3,3
218,94,3,3
218,95,3,3
218,96,3,3
218,97,3,3
218,98,3,3
218,99,3,3
218,100,3,3
218,101,3,3
218,102,3,3
218,103,3,3
218,104,3,3
218,105,3,3
218,106,3,3
218,107,3,3
218,108,3,3
218,109,3,3
218,110,3,3
218,111,3,3
218,112,3,2
218,113,3,2
218,114,3,2
218,115,3,2
218,116,3,2
218,117,3,2
218,118,3,2
218,119,3,2
218,120,3,2
218,121,3,2
218,122,3,2
218,123,3,2
218,124,3,2
218,125,3,2
218,126,3,2
218,127,3,2
218,128,3,2
218,129,3,2
218,130,3,2
218,131,3,2
218,132,3,2
218,133,3,2
218,134,3,2
218,135,3,2
218,136,3,2
218,137,3,2
218,138,3,2
218,139,3,2
218,140,3,2
218,141,3,2
218,142,3,2
218,143,3,2
218,144,3,2
218,145,3,2
218,146,3,2
218,147,3,2
218,148,3,2
218,149,3,2
218,150,3,2
218,151,3,2
218,152,3,2
218,153,3,2
218,154,3,2
218,155,3,3
218,156,3,3
218,157,3,3
218,158,3,3
218,159,3,3
218,160,3,3
218,161,3,3
218,162,3,3
218,163,3,3
218,164,3,3
218,165,3,3
218,166,3,3
218,167,3,3
218,168,3,3
218,169,3,3
218,170,3,3
218,171,3,3
218,172,3,3
218,173,3,3
218,174,3,3
218,175,3,3
218,176,3,3
218,177,3,3
218,178,3,3
218,179,3,3
218,180,3,3
218,181,3,3
218,182,3,3
218,183,3,3
218,184,3,3
218,185,3,3
218,186,3,3
218,187,3,3
218,188,3,3
218,189,3,3
218,190,3,3
218,191,3,3
218,192,3,3
218,193,3,3
218,194,3,3
218,195,3,3
218,196,3,3
218,197,3,3
218,198,3,2
218,199,3,2
218,200,3,2
218,201,3,2
218,202,3,2
218,203,3,2
218,204,3,2
218,205,3,3
218,206,3,3
218,207,3,3
218,208,3,3
218,209,3,3
218,210,3,3
218,211,3,3
218,212,3,3
218,213,3,3
218,214,3,3
218,215,3,3
218,216,3,3
218,217,3,3
218,218,3,3
218,219,3,3
218,220,3,3
218,221,3,3
218,222,3,3
218,223,3,3
218,224,3,3
218,225,3,3
218,226,3,3
218,227,3,3
218,228,3,3
218,229,3,3
218,230,3,3
218,231,3,3
218,232,3,3
218,233,3,3
218,234,3,3
218,235,3,3
218,236,3,3
218,237,3,3
218,238,3,2
218,239,3,2
218,240,3,2
218,241,3,2
218,242,3,2
218,243,3,2
218,244,3,2
218,245,3,2
218,246,3,2
218,247,3,2
218,248,3,2
218,249,3,2
218,250,3,2
218,251,3,2
218,252,3,2
218,253,3,2
218,254,3,2
218,255,3,2
218,256,3,2
218,257,3,2
218,258,3,2
218,259,3,2
218,260,3,2
218,261,3,2
218,262,3,2
218,263,3,2
218,264,3,2
218,265,3,2
218,266,3,2
218,267,3,2
218,268,3,2
218,269,3,2
218,270,3,2
218,271,3,2
218,272,3,2
218,273,3,2
218,274,3,2
218,275,3,2
218,276,3,2
218,277,3,2
218,278,3,2
218,279,3,2
218,280,3,2
218,281,3,2
218,282,3,2
218,283,3,2
218,284,3,2
218,285,3,2
218,286,3,2
218,287,3,2
218,288,3,2
218,289,3,2
218,290,3,2
218,291,3,2
218,292,3,2
218,293,3,2
218,294,3,2
218,295,3,2
218,296,3,2
218,297,3,2
218,298,3,2
218,299,3,2
218,300,3,2
218,301,3,2
218,302,3,2
218,303,3,2
218,304,3,2
218,305,3,2
218,306,3,2
218,307,3,2
218,308,3,2
218,309,3,2
218,310,3,2
218,311,3,2
218,312,3,2
218,313,3,2
218,314,3,2
218,315,3,2
218,316,3,2
218,317,3,2
218,318,3,2
218,319,3,2
218,320,3,2
218,321,3,2
218,322,3,2
218,323,3,2
218,324,3,2
218,325,3,2
218,326,3,3
218,327,3,2
218,328,3,2
218,329,3,2
218,330,3,2
218,331,3,2
218,332,3,2
218,333,3,2
218,334,3,2
219,79,3,2
219,80,3,2
219,81,3,2
219,82,3,2
219,83,3,3
219,84,3,3
219,85,3,3
219,86,3,3
219,87,3,3
219,88,3,3
219,89,3,3
219,90,3,3
219,91,3,3
219,92,3,3
219,93,3,3
219,94,3,3
219,95,3,3
219,96,3,3
219,97,3,3
219,98,3,3
219,99,3,3
219,100,3,3
219,101,3,3
219,102,3,3
219,103,3,3
219,104,3,3
219,105,3,3
219,106,3,3
219,107,3,3
219,108,3,3
219,109,3,3
219,110,3,3
219,111,3,3
219,112,3,3
219,113,3,2
219,114,3,2
219,115,3,2
219,116,3,2
219,117,3,2
219,118,3,2
219,119,3,2
219,120,3,2
219,121,3,2
219,122,3,2
219,123,3,2
219,124,3,2
219,125,3,2
219,126,3,2
219,127,3,2
219,128,3,2
219,129,3,2
219,130,3,2
219,131,3,2
219,132,3,2
219,133,3,2
219,134,3,2
219,135,3,2
219,136,3,2
219,137,3,2
219,138,3,2
219,139,3,2
219,140,3,2
219,141,3,2
219,142,3,2
219,143,3,2
219,144,3,2
219,145,3,2
219,146,3,2
219,147,3,2
219,148,3,2
219,149,3,2
219,150,3,2
219,151,3,2
219,152,3,2
219,153,3,2
219,154,3,2
219,155,3,3
219,156,3,3
219,157,3,3
219,158,3,3
219,159,3,3
219,160,3,3
219,161,3,3
219,162,3,3
219,163,3,3
219,164,3,3
219,165,3,3
219,166,3,3
219,167,3,3
219,168,3,3
219,169,3,3
219,170,3,3
219,171,3,3
219,172,3,3
219,173,3,3
219,174,3,3
219,175,3,3
219,176,3,3
219,177,3,3
219,178,3,3
219,179,3,3
219,180,3,3
219,181,3,3
219,182,3,3
219,183,3,3
219,184,3,3
219,185,3,3
219,186,3,3
219,187,3,3
219,188,3,3
219,189,3,3
219,190,3,3
219,191,3,3
219,192,3,3
219,193,3,3
219,194,3,3
219,195,3,3
219,196,3,3
219,197,3,3
219,198,3,2
219,199,3,2
219,200,3,2
219,201,3,2
219,202,3,2
219,203,3,2
219,204,3,2
219,205,3,3
219,206,3,3
219,207,3,3
219,208,3,3
219,209,3,3
219,210,3,3
219,211,3,3
219,212,3,3
219,213,3,3
219,214,3,3
219,215,3,3
219,216,3,3
219,217,3,3
219,218,3,3
219,219,3,3
219,220,3,3
219,221,3,3
219,222,3,3
219,223,3,3
219,224,3,3
219,225,3,3
219,226,3,3
219,227,3,3
219,228,3,3
219,229,3,3
219,230,3,3
219,231,3,3
219,232,3,3
219,233,3,3
219,234,3,3
219,235,3,3
219,236,3,3
219,237,3,3
219,238,3,2
219,239,3,2
219,240,3,2
219,241,3,2
219,242,3,2
219,243,3,2
219,244,3,2
219,245,3,2
219,246,3,2
219,247,3,2
219,248,3,2
219,249,3,2
219,250,3,2
219,251,3,2
219,252,3,2
219,253,3,2
219,254,3,2
219,255,3,2
219,256,3,2
219,257,3,2
219,258,3,2
219,259,3,2
219,260,3,2
219,261,3,2
219,262,3,2
219,263,3,2
219,264,3,2
219,265,3,2
219,266,3,2
219,267,3,2
219,268,3,2
219,269,3,2
219,270,3,2
219,271,3,2
219,272,3,2
219,273,3,2
219,274,3,2
219,275,3,2
219,276,3,2
219,277,3,2
219,278,3,2
219,279,3,2
219,280,3,2
219,281,3,2
219,282,3,2
219,283,3,2
219,284,3,2
219,285,3,2
219,286,3,2
219,287,3,2
219,288,3,2
219,289,3,2
219,290,3,2
219,291,3,2
219,292,3,2
219,293,3,2
219,294,3,2
219,295,3,2
219,296,3,2
219,297,3,2
219,298,3,2
219,299,3,2
219,300,3,2
219,301,3,2
219,302,3,2
219,303,3,2
219,304,3,2
219,305,3,2
219,306,3,2
219,307,3,2
219,308,3,2
219,309,3,2
219,310,3,2
219,311,3,2
219,312,3,2
219,313,3,2
219,314,3,2
219,315,3,2
219,316,3,2
219,317,3,2
219,318,3,2
219,319,3,2
219,320,3,2
219,321,3,2
219,322,3,2
219,323,3,2
219,324,3,2
219,325,3,2
219,326,3,2
219,327,3,2
219,328,3,2
219,329,3,2
219,330,3,2
219,331,3,2
219,332,3,2
219,333,3,3
220,79,3,2
220,80,3,2
220,81,3,2
220,82,3,2
220,83,3,3
220,84,3,3
220,85,3,3
220,86,3,3
220,87,3,3
220,88,3,3
220,89,3,3
220,90,3,3
220,91,3,3
220,92,3,3
220,93,3,3
220,94,3,3
220,95,3,3
220,96,3,3
220,97,3,3
220,98,3,3
220,99,3,3
220,100,3,3
220,101,3,3
220,102,3,3
220,103,3,3
220,104,3,3
220,105,3,3
220,106,3,3
220,107,3,3
220,108,3,3
220,109,3,3
220,110,3,3
220,111,3,3
220,112,3,3
220,113,3,2
220,114,3,2
220,115,3,2
220,116,3,2
220,117,3,2
220,118,3,2
220,119,3,2
220,120,3,2
220,121,3,2
220,122,3,2
220,123,3,2
220,124,3,2
220,125,3,2
220,126,3,2
220,127,3,2
220,128,3,2
220,129,3,2
220,130,3,2
220,131,3,2
220,132,3,2
220,133,3,2
220,134,3,2
220,135,3,2
220,136,3,2
220,137,3,2
220,138,3,2
220,139,3,2
220,140,3,2
220,141,3,2
220,142,3,2
220,143,3,2
220,144,3,2
220,145,3,2
220,146,3,2
220,147,3,2
220,148,3,2
220,149,3,2
220,150,3,2
220,151,3,2
220,152,3,2
220,153,3,2
220,154,3,2
220,155,3,3
220,156,3,3
220,157,3,3
220,158,3,3
220,159,3,3
220,160,3,3
220,161,3,3
220,162,3,3
220,163,3,3
220,164,3,3
220,165,3,3
220,166,3,3
220,167,3,3
220,168,3,3
220,169,3,3
220,170,3,3
220,171,3,3
220,172,3,3
220,173,3,3
220,174,3,3
220,175,3,3
220,176,3,3
220,177,3,3
220,178,3,3
220,179,3,3
220,180,3,3
220,181,3,3
220,182,3,3
220,183,3,3
220,184,3,3
220,185,3,3
220,186,3,3
220,187,3,3
220,188,3,3
220,189,3,3
220,190,3,3
220,191,3,3
220,192,3,3
220,193,3,3
220,194,3,3
220,195,3,3
220,196,3,3
220,197,3,3
220,198,3,2
220,199,3,2
220,200,3,2
220,201,3,2
220,202,3,2
220,203,3,2
220,204,3,2
220,205,3,3
220,206,3,3
220,207,3,3
220,208,3,3
220,209,3,3
220,210,3,3
220,211,3,3
220,212,3,3
220,213,3,3
220,214,3,3
220,215,3,3
220,216,3,3
220,217,3,3
220,218,3,3
220,219,3,3
220,220,3,3
220,221,3,3
220,222,3,3
220,223,3,3
220,224,3,3
220,225,3,3
220,226,3,3
220,227,3,3
220,228,3,3
220,229,3,3
220,230,3,3
220,231,3,3
220,232,3,3
220,233,3,3
220,234,3,3
220,235,3,3
220,236,3,3
220,237,3,2
220,238,3,2
220,239,3,2
220,240,3,2
220,241,3,2
220,242,3,2
220,243,3,2
220,244,3,2
220,245,3,2
220,246,3,2
220,247,3,2
220,248,3,2
220,249,3,2
220,250,3,2
220,251,3,2
220,252,3,2
220,253,3,2
220,254,3,2
220,255,3,2
220,256,3,2
220,257,3,2
220,258,3,2
220,259,3,2
220,260,3,2
220,261,3,2
220,262,3,2
220,263,3,2
220,264,3,2
220,265,3,2
220,266,3,2
220,267,3,2
220,268,3,2
220,269,3,2
220,270,3,2
220,271,3,2
220,272,3,2
220,273,3,2
220,274,3,2
220,275,3,2
220,276,3,2
220,277,3,2
220,278,3,2
220,279,3,2
220,280,3,2
220,281,3,2
220,282,3,2
220,283,3,2
220,284,3,2
220,285,3,2
220,286,3,2
220,287,3,2
220,288,3,2
220,289,3,2
220,290,3,2
220,291,3,2
220,292,3,2
220,293,3,2
220,294,3,2
220,295,3,2
220,296,3,2
220,297,3,2
220,298,3,2
220,299,3,2
220,300,3,2
220,301,3,2
220,302,3,2
220,303,3,2
220,304,3,2
220,305,3,2
220,306,3,2
220,307,3,2
220,308,3,2
220,309,3,2
220,310,3,2
220,311,3,2
220,312,3,2
220,313,3,2
220,314,3,2
220,315,3,2
220,316,3,2
220,317,3,2
220,318,3,2
220,319,3,2
220,320,3,2
220,321,3,2
220,322,3,2
220,323,3,2
220,324,3,2
220,325,3,2
220,326,3,2
220,327,3,2
220,328,3,2
220,329,3,2
220,330,3,2
220,331,3,2
220,332,3,2
221,79,3,2
221,80,3,2
221,81,3,2
221,82,3,3
221,83,3,3
221,84,3,3
221,85,3,3
221,86,3,3
221,87,3,3
221,88,3,3
221,89,3,3
221,90,3,3
221,91,3,3
221,92,3,3
221,93,3,3
221,94,3,3
221,95,3,3
221,96,3,3
221,97,3,3
221,98,3,3
221,99,3,3
221,100,3,3
221,101,3,3
221,102,3,3
221,103,3,3
221,104,3,3
221,105,3,3
221,106,3,3
221,107,3,3
221,108,3,3
221,109,3,3
221,110,3,3
221,111,3,3
221,112,3,3
221,113,3,3
221,114,3,3
221,115,3,2
221,116,3,2
221,117,3,2
221,118,3,2
221,119,3,2
221,120,3,2
221,121,3,2
221,122,3,2
221,123,3,2
221,124,3,2
221,125,3,2
221,126,3,2
221,127,3,2
221,128,3,2
221,129,3,2
221,130,3,2
221,131,3,2
221,132,3,2
221,133,3,2
221,134,3,2
221,135,3,2
221,136,3,2
221,137,3,2
221,138,3,2
221,139,3,2
221,140,3,2
221,141,3,2
221,142,3,2
221,143,3,2
221,144,3,2
221,145,3,2
221,146,3,2
221,147,3,2
221,148,3,2
221,149,3,2
221,150,3,2
221,151,3,2
221,152,3,2
221,153,3,2
221,154,3,2
221,155,3,3
221,156,3,3
221,157,3,3
221,158,3,3
221,159,3,3
221,160,3,3
221,161,3,3
221,162,3,3
221,163,3,3
221,164,3,3
221,165,3,3
221,166,3,3
221,167,3,3
221,168,3,3
221,169,3,3
221,170,3,3
221,171,3,3
221,172,3,3
221,173,3,3
221,174,3,3
221,175,3,3
221,176,3,3
221,177,3,3
221,178,3,3
221,179,3,3
221,180,3,3
221,181,3,3
221,182,3,3
221,183,3,3
221,184,3,3
221,185,3,3
221,186,3,3
221,187,3,3
221,188,3,3
221,189,3,3
221,190,3,3
221,191,3,3
221,192,3,3
221,193,3,3
221,194,3,3
221,195,3,3
221,196,3,3
221,197,3,3
221,198,3,2
221,199,3,2
221,200,3,2
221,201,3,2
221,202,3,2
221,203,3,2
221,204,3,2
221,205,3,3
221,206,3,3
221,207,3,3
221,208,3,3
221,209,3,3
221,210,3,3
221,211,3,3
221,212,3,3
221,213,3,3
221,214,3,3
221,215,3,3
221,216,3,3
221,217,3,3
221,218,3,3
221,219,3,3
221,220,3,3
221,221,3,3
221,222,3,3
221,223,3,3
221,224,3,3
221,225,3,3
221,226,3,3
221,227,3,3
221,228,3,3
221,229,3,3
221,230,3,3
221,231,3,3
221,232,3,3
221,233,3,3
221,234,3,3
221,235,3,3
221,236,3,3
221,237,3,3
221,238,3,2
221,239,3,2
221,240,3,2
221,241,3,2
221,242,3,2
221,243,3,2
221,244,3,2
221,245,3,2
221,246,3,2
221,247,3,2
221,248,3,2
221,249,3,2
221,250,3,2
221,251,3,2
221,252,3,2
221,253,3,2
221,254,3,2
221,255,3,2
221,256,3,2
221,257,3,2
221,258,3,2
221,259,3,2
221,260,3,2
221,261,3,2
221,262,3,2
221,263,3,2
221,264,3,2
221,265,3,2
221,266,3,2
221,267,3,2
221,268,3,2
221,269,3,2
221,270,3,2
221,271,3,2
221,272,3,2
221,273,3,2
221,274,3,2
221,275,3,2
221,276,3,2
221,277,3,2
221,278,3,2
221,279,3,2
221,280,3,2
221,281,3,2
221,282,3,2
221,283,3,2
221,284,3,2
221,285,3,2
221,286,3,2
221,287,3,2
221,288,3,2
221,289,3,2
221,290,3,2
221,291,3,2
221,292,3,2
221,293,3,2
221,294,3,2
221,295,3,2
221,296,3,2
221,297,3,2
221,298,3,2
221,299,3,2
221,300,3,2
221,301,3,2
221,302,3,2
221,303,3,2
221,304,3,2
221,305,3,2
221,306,3,2
221,307,3,2
221,308,3,2
221,309,3,2
221,310,3,2
221,311,3,2
221,312,3,2
221,313,3,2
221,314,3,2
221,315,3,2
221,316,3,2
221,317,3,2
221,318,3,2
221,319,3,2
221,320,3,2
221,321,3,2
221,322,3,2
221,323,3,2
221,324,3,2
221,325,3,2
221,326,3,2
221,327,3,2
221,328,3,2
221,329,3,2
221,330,3,2
222,79,3,2
222,80,3,2
222,81,3,3
222,82,3,3
222,83,3,3
222,84,3,3
222,85,3,3
222,86,3,3
222,87,3,3
222,88,3,3
222,89,3,3
222,90,3,3
222,91,3,3
222,92,3,3
222,93,3,3
222,94,3,3
222,95,3,3
222,96,3,3
222,97,3,3
222,98,3,3
222,99,3,3
222,100,3,3
222,101,3,3
222,102,3,3
222,103,3,3
222,104,3,3
222,105,3,3
222,106,3,3
222,107,3,3
222,108,3,3
222,109,3,3
222,110,3,3
222,111,3,3
222,112,3,3
222,113,3,3
222,114,3,3
222,115,3,2
222,116,3,2
222,117,3,2
222,118,3,2
222,119,3,2
222,120,3,2
222,121,3,2
222,122,3,2
222,123,3,2
222,124,3,2
222,125,3,2
222,126,3,2
222,127,3,2
222,128,3,2
222,129,3,2
222,130,3,2
222,131,3,2
222,132,3,2
222,133,3,2
222,134,3,2
222,135,3,2
222,136,3,2
222,137,3,2
222,138,3,2
222,139,3,2
222,140,3,2
222,141,3,2
222,142,3,2
222,143,3,2
222,144,3,2
222,145,3,2
222,146,3,2
222,147,3,2
222,148,3,2
222,149,3,2
222,150,3,2
222,151,3,2
222,152,3,2
222,153,3,2
222,154,3,2
222,155,3,3
222,156,3,3
222,157,3,3
222,158,3,3
222,159,3,3
222,160,3,3
222,161,3,3
222,162,3,3
222,163,3,3
222,164,3,3
222,165,3,3
222,166,3,3
222,167,3,3
222,168,3,3
222,169,3,3
222,170,3,3
222,171,3,3
222,172,3,3
222,173,3,3
222,174,3,3
222,175,3,3
222,176,3,3
222,177,3,3
222,178,3,3
222,179,3,3
222,180,3,3
222,181,3,3
222,182,3,3
222,183,3,3
222,184,3,3
222,185,3,3
222,186,3,3
222,187,3,3
222,188,3,3
222,189,3,3
222,190,3,3
222,191,3,3
222,192,3,3
222,193,3,3
222,194,3,3
222,195,3,3
222,196,3,3
222,197,3,3
222,198,3,2
222,199,3,2
222,200,3,2
222,201,3,2
222,202,3,2
222,203,3,2
222,204,3,2
222,205,3,3
222,206,3,3
222,207,3,3
222,208,3,3
222,209,3,3
222,210,3,3
222,211,3,3
222,212,3,3
222,213,3,3
222,214,3,3
222,215,3,3
222,216,3,3
222,217,3,3
222,218,3,3
222,219,3,3
222,220,3,3
222,221,3,3
222,222,3,3
222,223,3,3
222,224,3,3
222,225,3,3
222,226,3,3
222,227,3,3
222,228,3,3
222,229,3,3
222,230,3,3
222,231,3,3
222,232,3,3
222,233,3,3
222,234,3,3
222,235,3,3
222,236,3,3
222,237,3,2
222,238,3,2
222,239,3,2
222,240,3,2
222,241,3,2
222,242,3,2
222,243,3,2
222,244,3,2
222,245,3,2
222,246,3,2
222,247,3,2
222,248,3,2
222,249,3,2
222,250,3,2
222,251,3,2
222,252,3,2
222,253,3,2
222,254,3,2
222,255,3,2
222,256,3,2
222,257,3,2
222,258,3,2
222,259,3,2
222,260,3,2
222,261,3,2
222,262,3,2
222,263,3,2
222,264,3,2
222,265,3,2
222,266,3,2
222,267,3,2
222,268,3,2
222,269,3,2
222,270,3,2
222,271,3,2
222,272,3,2
222,273,3,2
222,274,3,2
222,275,3,2
222,276,3,2
222,277,3,2
222,278,3,2
222,279,3,2
222,280,3,2
222,281,3,2
222,282,3,2
222,283,3,2
222,284,3,2
222,285,3,2
222,286,3,2
222,287,3,2
222,288,3,2
222,289,3,2
222,290,3,2
222,291,3,2
222,292,3,2
222,293,3,2
222,294,3,2
222,295,3,2
222,296,3,2
222,297,3,2
222,298,3,2
222,299,3,2
222,300,3,2
222,301,3,2
222,302,3,2
222,303,3,2
222,304,3,2
222,305,3,2
222,306,3,2
222,307,3,2
222,308,3,2
222,309,3,2
222,310,3,2
222,311,3,2
222,312,3,2
222,313,3,2
222,314,3,2
222,315,3,2
222,316,3,2
222,317,3,2
222,318,3,2
222,319,3,2
222,320,3,2
222,321,3,2
222,322,3,2
222,323,3,2
222,324,3,2
222,325,3,2
222,326,3,2
222,327,3,2
222,328,3,2
222,329,3,2
222,330,3,3
223,79,3,2
223,80,3,2
223,81,3,3
223,82,3,3
223,83,3,3
223,84,3,3
223,85,3,3
223,86,3,3
223,87,3,3
223,88,3,3
223,89,3,3
223,90,3,3
223,91,3,3
223,92,3,3
223,93,3,3
223,94,3,3
223,95,3,3
223,96,3,3
223,97,3,3
223,98,3,3
223,99,3,3
223,100,3,3
223,101,3,3
223,102,3,3
223,103,3,3
223,104,3,3
223,105,3,3
223,106,3,3
223,107,3,3
223,108,3,3
223,109,3,3
223,110,3,3
223,111,3,3
223,112,3,3
223,113,3,3
223,114,3,3
223,115,3,3
223,116,3,3
223,117,3,2
223,118,3,2
223,119,3,2
223,120,3,2
223,121,3,2
223,122,3,2
223,123,3,2
223,124,3,2
223,125,3,2
223,126,3,2
223,127,3,2
223,128,3,2
223,129,3,2
223,130,3,2
223,131,3,2
223,132,3,2
223,133,3,2
223,134,3,2
223,135,3,2
223,136,3,2
223,137,3,2
223,138,3,2
223,139,3,2
223,140,3,2
223,141,3,2
223,142,3,2
223,143,3,2
223,144,3,2
223,145,3,2
223,146,3,2
223,147,3,2
223,148,3,2
223,149,3,2
223,150,3,2
223,151,3,2
223,152,3,2
223,153,3,2
223,154,3,3
223,155,3,3
223,156,3,3
223,157,3,3
223,158,3,3
223,159,3,3
223,160,3,3
223,161,3,3
223,162,3,3
223,163,3,3
223,164,3,3
223,165,3,3
223,166,3,3
223,167,3,3
223,168,3,3
223,169,3,3
223,170,3,3
223,171,3,3
223,172,3,3
223,173,3,3
223,174,3,3
223,175,3,3
223,176,3,3
223,177,3,3
223,178,3,3
223,179,3,3
223,180,3,3
223,181,3,3
223,182,3,3
223,183,3,3
223,184,3,3
223,185,3,3
223,186,3,3
223,187,3,3
223,188,3,3
223,189,3,3
223,190,3,3
223,191,3,3
223,192,3,3
223,193,3,3
223,194,3,3
223,195,3,3
223,196,3,3
223,197,3,3
223,198,3,2
223,199,3,2
223,200,3,2
223,201,3,2
223,202,3,2
223,203,3,2
223,204,3,2
223,205,3,3
223,206,3,3
223,207,3,3
223,208,3,3
223,209,3,3
223,210,3,3
223,211,3,3
223,212,3,3
223,213,3,3
223,214,3,3
223,215,3,3
223,216,3,3
223,217,3,3
223,218,3,3
223,219,3,3
223,220,3,3
223,221,3,3
223,222,3,3
223,223,3,3
223,224,3,3
223,225,3,3
223,226,3,3
223,227,3,3
223,228,3,3
223,229,3,3
223,230,3,3
223,231,3,3
223,232,3,3
223,233,3,3
223,234,3,3
223,235,3,3
223,236,3,3
223,237,3,2
223,238,3,2
223,239,3,2
223,240,3,2
223,241,3,2
223,242,3,2
223,243,3,2
223,244,3,2
223,245,3,2
223,246,3,2
223,247,3,2
223,248,3,2
223,249,3,2
223,250,3,2
223,251,3,2
223,252,3,2
223,253,3,2
223,254,3,2
223,255,3,2
223,256,3,2
223,257,3,2
223,258,3,2
223,259,3,2
223,260,3,2
223,261,3,2
223,262,3,2
223,263,3,2
223,264,3,2
223,265,3,2
223,266,3,2
223,267,3,2
223,268,3,2
223,269,3,2
223,270,3,2
223,271,3,2
223,272,3,2
223,273,3,2
223,274,3,2
223,275,3,2
223,276,3,2
223,277,3,2
223,278,3,2
223,279,3,2
223,280,3,2
223,281,3,2
223,282,3,2
223,283,3,2
223,284,3,2
223,285,3,2
223,286,3,2
223,287,3,2
223,288,3,2
223,289,3,2
223,290,3,2
223,291,3,2
223,292,3,2
223,293,3,2
223,294,3,2
223,295,3,2
223,296,3,2
223,297,3,2
223,298,3,2
223,299,3,2
223,300,3,2
223,301,3,2
223,302,3,2
223,303,3,2
223,304,3,2
223,305,3,2
223,306,3,2
223,307,3,2
223,308,3,2
223,309,3,2
223,310,3,2
223,311,3,2
223,312,3,2
223,313,3,2
223,314,3,2
223,315,3,2
223,316,3,2
223,317,3,2
223,318,3,2
223,319,3,2
223,320,3,2
223,321,3,2
223,322,3,2
223,323,3,2
223,324,3,2
223,325,3,2
223,326,3,2
223,327,3,2
223,328,3,3
223,329,3,3
224,79,3,2
224,80,3,2
224,81,3,3
224,82,3,3
224,83,3,3
224,84,3,3
224,85,3,3
224,86,3,3
224,87,3,3
224,88,3,3
224,89,3,3
224,90,3,3
224,91,3,3
224,92,3,3
224,93,3,3
224,94,3,3
224,95,3,3
224,96,3,3
224,97,3,3
224,98,3,3
224,99,3,3
224,100,3,3
224,101,3,3
224,102,3,3
224,103,3,3
224,104,3,3
224,105,3,3
224,106,3,3
224,107,3,3
224,108,3,3
224,109,3,3
224,110,3,3
224,111,3,3
224,112,3,3
224,113,3,3
224,114,3,3
224,115,3,3
224,116,3,3
224,117,3,2
224,118,3,2
224,119,3,2
224,120,3,2
224,121,3,2
224,122,3,2
224,123,3,2
224,124,3,2
224,125,3,2
224,126,3,2
224,127,3,2
224,128,3,2
224,129,3,2
224,130,3,2
224,131,3,2
224,132,3,2
224,133,3,2
224,134,3,2
224,135,3,2
224,136,3,2
224,137,3,2
224,138,3,2
224,139,3,2
224,140,3,2
224,141,3,2
224,142,3,2
224,143,3,2
224,144,3,2
224,145,3,2
224,146,3,2
224,147,3,2
224,148,3,2
224,149,3,2
224,150,3,2
224,151,3,2
224,152,3,2
224,153,3,2
224,154,3,3
224,155,3,3
224,156,3,3
224,157,3,3
224,158,3,3
224,159,3,3
224,160,3,3
224,161,3,3
224,162,3,3
224,163,3,3
224,164,3,3
224,165,3,3
224,166,3,3
224,167,3,3
224,168,3,3
224,169,3,3
224,170,3,3
224,171,3,3
224,172,3,3
224,173,3,3
224,174,3,3
224,175,3,3
224,176,3,3
224,177,3,3
224,178,3,3
224,179,3,3
224,180,3,3
224,181,3,3
224,182,3,3
224,183,3,3
224,184,3,3
224,185,3,3
224,186,3,3
224,187,3,3
224,188,3,3
224,189,3,3
224,190,3,3
224,191,3,3
224,192,3,3
224,193,3,3
224,194,3,3
224,195,3,3
224,196,3,3
224,197,3,3
224,198,3,2
224,199,3,2
224,200,3,2
224,201,3,2
224,202,3,2
224,203,3,2
224,204,3,2
224,205,3,2
224,206,3,3
224,207,3,3
224,208,3,3
224,209,3,3
224,210,3,3
224,211,3,3
224,212,3,3
224,213,3,3
224,214,3,3
224,215,3,3
224,216,3,3
224,217,3,3
224,218,3,3
224,219,3,3
224,220,3,3
224,221,3,3
224,222,3,3
224,223,3,3
224,224,3,3
224,225,3,3
224,226,3,3
224,227,3,3
224,228,3,3
224,229,3,3
224,230,3,3
224,231,3,3
224,232,3,3
224,233,3,3
224,234,3,3
224,235,3,3
224,236,3,3
224,237,3,2
224,238,3,2
224,239,3,2
224,240,3,2
224,241,3,2
224,242,3,2
224,243,3,2
224,244,3,2
224,245,3,2
224,246,3,2
224,247,3,2
224,248,3,2
224,249,3,2
224,250,3,2
224,251,3,2
224,252,3,2
224,253,3,2
224,254,3,2
224,255,3,2
224,256,3,2
224,257,3,2
224,258,3,2
224,259,3,2
224,260,3,2
224,261,3,2
224,262,3,2
224,263,3,2
224,264,3,2
224,265,3,2
224,266,3,2
224,267,3,2
224,268,3,2
224,269,3,2
224,270,3,2
224,271,3,2
224,272,3,2
224,273,3,2
224,274,3,2
224,275,3,2
224,276,3,2
224,277,3,2
224,278,3,2
224,279,3,2
224,280,3,2
224,281,3,2
224,282,3,2
224,283,3,2
224,284,3,2
224,285,3,2
224,286,3,2
224,287,3,2
224,288,3,2
224,289,3,2
224,290,3,2
224,291,3,2
224,292,3,2
224,293,3,2
224,294,3,2
224,295,3,2
224,296,3,2
224,297,3,2
224,298,3,2
224,299,3,2
224,300,3,2
224,301,3,2
224,302,3,2
224,303,3,2
224,304,3,2
224,305,3,2
224,306,3,2
224,307,3,2
224,308,3,2
224,309,3,2
224,310,3,2
224,311,3,2
224,312,3,2
224,313,3,2
224,314,3,2
224,315,3,2
224,316,3,2
224,317,3,2
224,318,3,2
224,319,3,2
224,320,3,2
224,321,3,2
224,322,3,2
224,323,3,2
224,324,3,2
224,325,3,2
224,326,3,2
224,327,3,2
224,328,3,3
225,79,3,2
225,80,3,2
225,81,3,3
225,82,3,3
225,83,3,3
225,84,3,3
225,85,3,3
225,86,3,3
225,87,3,3
225,88,3,3
225,89,3,3
225,90,3,3
225,91,3,3
225,92,3,3
225,93,3,3
225,94,3,3
225,95,3,3
225,96,3,3
225,97,3,3
225,98,3,3
225,99,3,3
225,100,3,3
225,101,3,3
225,102,3,3
225,103,3,3
225,104,3,3
225,105,3,3
225,106,3,3
225,107,3,3
225,108,3,3
225,109,3,3
225,110,3,3
225,111,3,3
225,112,3,3
225,113,3,3
225,114,3,3
225,115,3,3
225,116,3,3
225,117,3,3
225,118,3,3
225,119,3,2
225,120,3,2
225,121,3,2
225,122,3,2
225,123,3,2
225,124,3,2
225,125,3,2
225,126,3,2
225,127,3,2
225,128,3,2
225,129,3,2
225,130,3,2
225,131,3,2
225,132,3,2
225,133,3,2
225,134,3,2
225,135,3,2
225,136,3,2
225,137,3,2
225,138,3,2
225,139,3,2
225,140,3,2
225,141,3,2
225,142,3,2
225,143,3,2
225,144,3,2
225,145,3,2
225,146,3,2
225,147,3,2
225,148,3,2
225,149,3,2
225,150,3,2
225,151,3,2
225,152,3,2
225,153,3,3
225,154,3,3
225,155,3,3
225,156,3,3
225,157,3,3
225,158,3,3
225,159,3,3
225,160,3,3
225,161,3,3
225,162,3,3
225,163,3,3
225,164,3,3
225,165,3,3
225,166,3,3
225,167,3,3
225,168,3,3
225,169,3,3
225,170,3,3
225,171,3,3
225,172,3,3
225,173,3,3
225,174,3,3
225,175,3,3
225,176,3,3
225,177,3,3
225,178,3,3
225,179,3,3
225,180,3,3
225,181,3,3
225,182,3,3
225,183,3,3
225,184,3,3
225,185,3,3
225,186,3,3
225,187,3,3
225,188,3,3
225,189,3,3
225,190,3,3
225,191,3,3
225,192,3,3
225,193,3,3
225,194,3,3
225,195,3,3
225,196,3,3
225,197,3,3
225,198,3,2
225,199,3,2
225,200,3,2
225,201,3,2
225,202,3,2
225,203,3,2
225,204,3,2
225,205,3,2
225,206,3,3
225,207,3,3
225,208,3,3
225,209,3,3
225,210,3,3
225,211,3,3
225,212,3,3
225,213,3,3
225,214,3,3
225,215,3,3
225,216,3,3
225,217,3,3
225,218,3,3
225,219,3,3
225,220,3,3
225,221,3,3
225,222,3,3
225,223,3,3
225,224,3,3
225,225,3,3
225,226,3,3
225,227,3,3
225,228,3,3
225,229,3,3
225,230,3,3
225,231,3,3
225,232,3,3
225,233,3,3
225,234,3,3
225,235,3,3
225,236,3,3
225,237,3,2
225,238,3,2
225,239,3,2
225,240,3,2
225,241,3,2
225,242,3,2
225,243,3,2
225,244,3,2
225,245,3,2
225,246,3,2
225,247,3,2
225,248,3,2
225,249,3,2
225,250,3,2
225,251,3,2
225,252,3,2
225,253,3,2
225,254,3,2
225,255,3,2
225,256,3,2
225,257,3,2
225,258,3,2
225,259,3,2
225,260,3,2
225,261,3,2
225,262,3,2
225,263,3,2
225,264,3,2
225,265,3,2
225,266,3,2
225,267,3,2
225,268,3,2
225,269,3,2
225,270,3,2
225,271,3,2
225,272,3,2
225,273,3,2
225,274,3,2
225,275,3,2
225,276,3,2
225,277,3,2
225,278,3,2
225,279,3,2
225,280,3,2
225,281,3,2
225,282,3,2
225,283,3,2
225,284,3,2
225,285,3,2
225,286,3,2
225,287,3,2
225,288,3,2
225,289,3,2
225,290,3,2
225,291,3,2
225,292,3,2
225,293,3,2
225,294,3,2
225,295,3,2
225,296,3,2
225,297,3,2
225,298,3,2
225,299,3,2
225,300,3,2
225,301,3,2
225,302,3,2
225,303,3,2
225,304,3,2
225,305,3,2
225,306,3,2
225,307,3,2
225,308,3,2
225,309,3,2
225,310,3,2
225,311,3,2
225,312,3,2
225,313,3,2
225,314,3,2
225,315,3,2
225,316,3,2
225,317,3,2
225,318,3,2
225,319,3,2
225,320,3,2
225,321,3,2
225,322,3,2
225,323,3,2
225,324,3,2
225,325,3,2
225,326,3,2
225,327,3,3
226,80,3,2
226,81,3,3
226,82,3,3
226,83,3,3
226,84,3,3
226,85,3,3
226,86,3,3
226,87,3,3
226,88,3,3
226,89,3,3
226,90,3,3
226,91,3,3
226,92,3,3
226,93,3,3
226,94,3,3
226,95,3,3
226,96,3,3
226,97,3,3
226,98,3,3
226,99,3,3
226,100,3,3
226,101,3,3
226,102,3,3
226,103,3,3
226,104,3,3
226,105,3,3
226,106,3,3
226,107,3,3
226,108,3,3
226,109,3,3
226,110,3,3
226,111,3,3
226,112,3,3
226,113,3,3
226,114,3,3
226,115,3,3
226,116,3,3
226,117,3,3
226,118,3,3
226,119,3,3
226,120,3,2
226,121,3,2
226,122,3,2
226,123,3,2
226,124,3,2
226,125,3,2
226,126,3,2
226,127,3,2
226,128,3,2
226,129,3,2
226,130,3,2
226,131,3,2
226,132,3,2
226,133,3,2
226,134,3,2
226,135,3,2
226,136,3,2
226,137,3,2
226,138,3,2
226,139,3,2
226,140,3,2
226,141,3,2
226,142,3,2
226,143,3,2
226,144,3,2
226,145,3,2
226,146,3,2
226,147,3,2
226,148,3,2
226,149,3,2
226,150,3,2
226,151,3,2
226,152,3,2
226,153,3,3
226,154,3,3
226,155,3,3
226,156,3,3
226,157,3,3
226,158,3,3
226,159,3,3
226,160,3,3
226,161,3,3
226,162,3,3
226,163,3,3
226,164,3,3
226,165,3,3
226,166,3,3
226,167,3,3
226,168,3,3
226,169,3,3
226,170,3,3
226,171,3,3
226,172,3,3
226,173,3,3
226,174,3,3
226,175,3,3
226,176,3,3
226,177,3,3
226,178,3,3
226,179,3,3
226,180,3,3
226,181,3,3
226,182,3,3
226,183,3,3
226,184,3,3
226,185,3,3
226,186,3,3
226,187,3,3
226,188,3,3
226,189,3,3
226,190,3,3
226,191,3,3
226,192,3,3
226,193,3,3
226,194,3,3
226,195,3,3
226,196,3,3
226,197,3,3
226,198,3,2
226,199,3,2
226,200,3,2
226,201,3,2
226,202,3,2
226,203,3,2
226,204,3,2
226,205,3,2
226,206,3,3
226,207,3,3
226,208,3,3
226,209,3,3
226,210,3,3
226,211,3,3
226,212,3,3
226,213,3,3
226,214,3,3
226,215,3,3
226,216,3,3
226,217,3,3
226,218,3,3
226,219,3,3
226,220,3,3
226,221,3,3
226,222,3,3
226,223,3,3
226,224,3,3
226,225,3,3
226,226,3,3
226,227,3,3
226,228,3,3
226,229,3,3
226,230,3,3
226,231,3,3
226,232,3,3
226,233,3,3
226,234,3,3
226,235,3,3
226,236,3,3
226,237,3,2
226,238,3,2
226,239,3,2
226,240,3,2
226,241,3,2
226,242,3,2
226,243,3,2
226,244,3,2
226,245,3,2
226,246,3,2
226,247,3,2
226,248,3,2
226,249,3,2
226,250,3,2
226,251,3,2
226,252,3,2
226,253,3,2
226,254,3,2
226,255,3,2
226,256,3,2
226,257,3,2
226,258,3,2
226,259,3,2
226,260,3,2
226,261,3,2
226,262,3,2
226,263,3,2
226,264,3,2
226,265,3,2
226,266,3,2
226,267,3,2
226,268,3,2
226,269,3,2
226,270,3,2
226,271,3,2
226,272,3,2
226,273,3,2
226,274,3,2
226,275,3,2
226,276,3,2
226,277,3,2
226,278,3,2
226,279,3,2
226,280,3,2
226,281,3,2
226,282,3,2
226,283,3,2
226,284,3,2
226,285,3,2
226,286,3,2
226,287,3,2
226,288,3,2
226,289,3,2
226,290,3,2
226,291,3,2
226,292,3,2
226,293,3,2
226,294,3,2
226,295,3,2
226,296,3,2
226,297,3,2
226,298,3,2
226,299,3,2
226,300,3,2
226,301,3,2
226,302,3,2
226,303,3,2
226,304,3,2
226,305,3,2
226,306,3,2
226,307,3,2
226,308,3,2
226,309,3,2
226,310,3,2
226,311,3,2
226,312,3,2
226,313,3,2
226,314,3,2
226,315,3,2
226,316,3,2
226,317,3,2
226,318,3,2
226,319,3,2
226,320,3,2
226,321,3,2
226,322,3,2
226,323,3,2
226,324,3,2
226,325,3,2
226,326,3,2
227,80,3,2
227,81,3,3
227,82,3,3
227,83,3,3
227,84,3,3
227,85,3,3
227,86,3,3
227,87,3,3
227,88,3,3
227,89,3,3
227,90,3,3
227,91,3,3
227,92,3,3
227,93,3,3
227,94,3,3
227,95,3,3
227,96,3,3
227,97,3,3
227,98,3,3
227,99,3,3
227,100,3,3
227,101,3,3
227,102,3,3
227,103,3,3
227,104,3,3
227,105,3,3
227,106,3,3
227,107,3,3
227,108,3,3
227,109,3,3
227,110,3,3
227,111,3,3
227,112,3,3
227,113,3,3
227,114,3,3
227,115,3,3
227,116,3,3
227,117,3,3
227,118,3,3
227,119,3,3
227,120,3,2
227,121,3,2
227,122,3,2
227,123,3,2
227,124,3,2
227,125,3,2
227,126,3,2
227,127,3,2
227,128,3,2
227,129,3,2
227,130,3,2
227,131,3,2
227,132,3,2
227,133,3,2
227,134,3,2
227,135,3,2
227,136,3,2
227,137,3,2
227,138,3,2
227,139,3,2
227,140,3,2
227,141,3,2
227,142,3,2
227,143,3,2
227,144,3,2
227,145,3,2
227,146,3,2
227,147,3,2
227,148,3,2
227,149,3,2
227,150,3,2
227,151,3,3
227,152,3,3
227,153,3,3
227,154,3,3
227,155,3,3
227,156,3,3
227,157,3,3
227,158,3,3
227,159,3,3
227,160,3,3
227,161,3,3
227,162,3,3
227,163,3,3
227,164,3,3
227,165,3,3
227,166,3,3
227,167,3,3
227,168,3,3
227,169,3,3
227,170,3,3
227,171,3,3
227,172,3,3
227,173,3,3
227,174,3,3
227,175,3,3
227,176,3,3
227,177,3,3
227,178,3,3
227,179,3,3
227,180,3,3
227,181,3,3
227,182,3,3
227,183,3,3
227,184,3,3
227,185,3,3
227,186,3,3
227,187,3,3
227,188,3,3
227,189,3,3
227,190,3,3
227,191,3,3
227,192,3,3
227,193,3,3
227,194,3,3
227,195,3,3
227,196,3,3
227,197,3,3
227,198,3,2
227,199,3,2
227,200,3,2
227,201,3,2
227,202,3,2
227,203,3,2
227,204,3,2
227,205,3,2
227,206,3,3
227,207,3,3
227,208,3,3
227,209,3,3
227,210,3,3
227,211,3,3
227,212,3,3
227,213,3,3
227,214,3,3
227,215,3,3
227,216,3,3
227,217,3,3
227,218,3,3
227,219,3,3
227,220,3,3
227,221,3,3
227,222,3,3
227,223,3,3
227,224,3,3
227,225,3,3
227,226,3,3
227,227,3,3
227,228,3,3
227,229,3,3
227,230,3,3
227,231,3,3
227,232,3,3
227,233,3,3
227,234,3,3
227,235,3,3
227,236,3,3
227,237,3,2
227,238,3,2
227,239,3,2
227,240,3,2
227,241,3,2
227,242,3,2
227,243,3,2
227,244,3,2
227,245,3,2
227,246,3,2
227,247,3,2
227,248,3,2
227,249,3,2
227,250,3,2
227,251,3,2
227,252,3,2
227,253,3,2
227,254,3,2
227,255,3,2
227,256,3,2
227,257,3,2
227,258,3,2
227,259,3,2
227,260,3,2
227,261,3,2
227,262,3,2
227,263,3,2
227,264,3,2
227,265,3,2
227,266,3,2
227,267,3,2
227,268,3,2
227,269,3,2
227,270,3,2
227,271,3,2
227,272,3,2
227,273,3,2
227,274,3,2
227,275,3,2
227,276,3,2
227,277,3,2
227,278,3,2
227,279,3,2
227,280,3,2
227,281,3,2
227,282,3,2
227,283,3,2
227,284,3,2
227,285,3,2
227,286,3,2
227,287,3,2
227,288,3,2
227,289,3,2
227,290,3,2
227,291,3,2
227,292,3,2
227,293,3,2
227,294,3,2
227,295,3,2
227,296,3,2
227,297,3,2
227,298,3,2
227,299,3,2
227,300,3,2
227,301,3,2
227,302,3,2
227,303,3,2
227,304,3,2
227,305,3,2
227,306,3,2
227,307,3,2
227,308,3,2
227,309,3,2
227,310,3,2
227,311,3,2
227,312,3,2
227,313,3,2
227,314,3,2
227,315,3,2
227,316,3,2
227,317,3,2
227,318,3,2
227,319,3,2
227,320,3,2
227,321,3,2
227,322,3,2
227,323,3,2
227,324,3,2
227,325,3,2
228,80,3,3
228,81,3,3
228,82,3,3
228,83,3,3
228,84,3,3
228,85,3,3
228,86,3,3
228,87,3,3
228,88,3,3
228,89,3,3
228,90,3,3
228,91,3,3
228,92,3,3
228,93,3,3
228,94,3,3
228,95,3,3
228,96,3,3
228,97,3,3
228,98,3,3
228,99,3,3
228,100,3,3
228,101,3,3
228,102,3,3
228,103,3,3
228,104,3,3
228,105,3,3
228,106,3,3
228,107,3,3
228,108,3,3
228,109,3,3
228,110,3,3
228,111,3,3
228,112,3,3
228,113,3,3
228,114,3,3
228,115,3,3
228,116,3,3
228,117,3,3
228,118,3,3
228,119,3,3
228,120,3,3
228,121,3,2
228,122,3,2
228,123,3,2
228,124,3,2
228,125,3,2
228,126,3,2
228,127,3,2
228,128,3,2
228,129,3,2
228,130,3,2
228,131,3,2
228,132,3,2
228,133,3,2
228,134,3,2
228,135,3,2
228,136,3,2
228,137,3,2
228,138,3,2
228,139,3,2
228,140,3,2
228,141,3,2
228,142,3,2
228,143,3,2
228,144,3,2
228,145,3,2
228,146,3,2
228,147,3,2
228,148,3,2
228,149,3,2
228,150,3,2
228,151,3,3
228,152,3,3
228,153,3,3
228,154,3,3
228,155,3,3
228,156,3,3
228,157,3,3
228,158,3,3
228,159,3,3
228,160,3,3
228,161,3,3
228,162,3,3
228,163,3,3
228,164,3,3
228,165,3,3
228,166,3,3
228,167,3,3
228,168,3,3
228,169,3,3
228,170,3,3
228,171,3,3
228,172,3,3
228,173,3,3
228,174,3,3
228,175,3,3
228,176,3,3
228,177,3,3
228,178,3,3
228,179,3,3
228,180,3,3
228,181,3,3
228,182,3,3
228,183,3,3
228,184,3,3
228,185,3,3
228,186,3,3
228,187,3,3
228,188,3,3
228,189,3,3
228,190,3,3
228,191,3,3
228,192,3,3
228,193,3,3
228,194,3,3
228,195,3,3
228,196,3,3
228,197,3,2
228,198,3,2
228,199,3,2
228,200,3,2
228,201,3,2
228,202,3,2
228,203,3,2
228,204,3,2
228,205,3,2
228,206,3,3
228,207,3,3
228,208,3,3
228,209,3,3
228,210,3,3
228,211,3,3
228,212,3,3
228,213,3,3
228,214,3,3
228,215,3,3
228,216,3,3
228,217,3,3
228,218,3,3
228,219,3,3
228,220,3,3
228,221,3,3
228,222,3,3
228,223,3,3
228,224,3,3
228,225,3,3
228,226,3,3
228,227,3,3
228,228,3,3
228,229,3,3
228,230,3,3
228,231,3,3
228,232,3,3
228,233,3,3
228,234,3,3
228,235,3,3
228,236,3,3
228,237,3,2
228,238,3,2
228,239,3,2
228,240,3,2
228,241,3,2
228,242,3,2
228,243,3,2
228,244,3,2
228,245,3,2
228,246,3,2
228,247,3,2
228,248,3,2
228,249,3,2
228,250,3,2
228,251,3,2
228,252,3,2
228,253,3,2
228,254,3,2
228,255,3,2
228,256,3,2
228,257,3,2
228,258,3,2
228,259,3,2
228,260,3,2
228,261,3,2
228,262,3,2
228,263,3,2
228,264,3,2
228,265,3,2
228,266,3,2
228,267,3,2
228,268,3,2
228,269,3,2
228,270,3,2
228,271,3,2
228,272,3,2
228,273,3,2
228,274,3,2
228,275,3,2
228,276,3,2
228,277,3,2
228,278,3,2
228,279,3,2
228,280,3,2
228,281,3,2
228,282,3,2
228,283,3,2
228,284,3,2
228,285,3,2
228,286,3,2
228,287,3,2
228,288,3,2
228,289,3,2
228,290,3,2
228,291,3,2
228,292,3,2
228,293,3,2
228,294,3,2
228,295,3,2
228,296,3,2
228,297,3,2
228,298,3,2
228,299,3,2
228,300,3,2
228,301,3,2
228,302,3,2
228,303,3,2
228,304,3,2
228,305,3,2
228,306,3,2
228,307,3,2
228,308,3,2
228,309,3,2
228,310,3,2
228,311,3,2
228,312,3,2
228,313,3,2
228,314,3,2
228,315,3,2
228,316,3,2
228,317,3,2
228,318,3,2
228,319,3,2
228,320,3,2
228,321,3,2
228,322,3,2
228,323,3,2
228,324,3,2
229,80,3,3
229,81,3,3
229,82,3,3
229,83,3,3
229,84,3,3
229,85,3,3
229,86,3,3
229,87,3,3
229,88,3,3
229,89,3,3
229,90,3,3
229,91,3,3
229,92,3,3
229,93,3,3
229,94,3,3
229,95,3,3
229,96,3,3
229,97,3,3
229,98,3,3
229,99,3,3
229,100,3,3
229,101,3,3
229,102,3,3
229,103,3,3
229,104,3,3
229,105,3,3
229,106,3,3
229,107,3,3
229,108,3,3
229,109,3,3
229,110,3,3
229,111,3,3
229,112,3,3
229,113,3,3
229,114,3,3
229,115,3,3
229,116,3,3
229,117,3,3
229,118,3,3
229,119,3,3
229,120,3,3
229,121,3,2
229,122,3,2
229,123,3,2
229,124,3,2
229,125,3,2
229,126,3,2
229,127,3,2
229,128,3,2
229,129,3,2
229,130,3,2
229,131,3,2
229,132,3,2
229,133,3,2
229,134,3,2
229,135,3,2
229,136,3,2
229,137,3,2
229,138,3,2
229,139,3,2
229,140,3,2
229,141,3,2
229,142,3,2
229,143,3,2
229,144,3,2
229,145,3,2
229,146,3,2
229,147,3,2
229,148,3,2
229,149,3,3
229,150,3,3
229,151,3,3
229,152,3,3
229,153,3,3
229,154,3,3
229,155,3,3
229,156,3,3
229,157,3,3
229,158,3,3
229,159,3,3
229,160,3,3
229,161,3,3
229,162,3,3
229,163,3,3
229,164,3,3
229,165,3,3
229,166,3,3
229,167,3,3
229,168,3,3
229,169,3,3
229,170,3,3
229,171,3,3
229,172,3,3
229,173,3,3
229,174,3,3
229,175,3,3
229,176,3,3
229,177,3,3
229,178,3,3
229,179,3,3
229,180,3,3
229,181,3,3
229,182,3,3
229,183,3,3
229,184,3,3
229,185,3,3
229,186,3,3
229,187,3,3
229,188,3,3
229,189,3,3
229,190,3,3
229,191,3,3
229,192,3,3
229,193,3,3
229,194,3,3
229,195,3,3
229,196,3,3
229,197,3,2
229,198,3,2
229,199,3,2
229,200,3,2
229,201,3,2
229,202,3,2
229,203,3,2
229,204,3,2
229,205,3,3
229,206,3,3
229,207,3,3
229,208,3,3
229,209,3,3
229,210,3,3
229,211,3,3
229,212,3,3
229,213,3,3
229,214,3,3
229,215,3,3
229,216,3,3
229,217,3,3
229,218,3,3
229,219,3,3
229,220,3,3
229,221,3,3
229,222,3,3
229,223,3,3
229,224,3,3
229,225,3,3
229,226,3,3
229,227,3,3
229,228,3,3
229,229,3,3
229,230,3,3
229,231,3,3
229,232,3,3
229,233,3,3
229,234,3,3
229,235,3,3
229,236,3,3
229,237,3,2
229,238,3,2
229,239,3,2
229,240,3,2
229,241,3,2
229,242,3,2
229,243,3,2
229,244,3,2
229,245,3,2
229,246,3,2
229,247,3,2
229,248,3,2
229,249,3,2
229,250,3,2
229,251,3,2
229,252,3,2
229,253,3,2
229,254,3,2
229,255,3,2
229,256,3,2
229,257,3,2
229,258,3,2
229,259,3,2
229,260,3,2
229,261,3,2
229,262,3,2
229,263,3,2
229,264,3,2
229,265,3,2
229,266,3,2
229,267,3,2
229,268,3,2
229,269,3,2
229,270,3,2
229,271,3,2
229,272,3,2
229,273,3,2
229,274,3,2
229,275,3,2
229,276,3,2
229,277,3,2
229,278,3,2
229,279,3,2
229,280,3,2
229,281,3,2
229,282,3,2
229,283,3,2
229,284,3,2
229,285,3,2
229,286,3,2
229,287,3,2
229,288,3,2
229,289,3,2
229,290,3,2
229,291,3,2
229,292,3,2
229,293,3,2
229,294,3,2
229,295,3,2
229,296,3,2
229,297,3,2
229,298,3,2
229,299,3,2
229,300,3,2
229,301,3,2
229,302,3,2
229,303,3,2
229,304,3,2
229,305,3,2
229,306,3,2
229,307,3,2
229,308,3,2
229,309,3,2
229,310,3,2
229,311,3,2
229,312,3,2
229,313,3,2
229,314,3,2
229,315,3,2
229,316,3,2
229,317,3,2
229,318,3,2
229,319,3,2
229,320,3,2
229,321,3,2
229,322,3,2
229,323,3,2
230,80,3,3
230,81,3,3
230,82,3,3
230,83,3,3
230,84,3,3
230,85,3,3
230,86,3,3
230,87,3,3
230,88,3,3
230,89,3,3
230,90,3,3
230,91,3,3
230,92,3,3
230,93,3,3
230,94,3,3
230,95,3,3
230,96,3,3
230,97,3,3
230,98,3,3
230,99,3,3
230,100,3,3
230,101,3,3
230,102,3,3
230,103,3,3
230,104,3,3
230,105,3,3
230,106,3,3
230,107,3,3
230,108,3,3
230,109,3,3
230,110,3,3
230,111,3,3
230,112,3,3
230,113,3,3
230,114,3,3
230,115,3,3
230,116,3,3
230,117,3,3
230,118,3,3
230,119,3,3
230,120,3,3
230,121,3,3
230,122,3,2
230,123,3,2
230,124,3,2
230,125,3,2
230,126,3,2
230,127,3,2
230,128,3,2
230,129,3,2
230,130,3,2
230,131,3,2
230,132,3,2
230,133,3,2
230,134,3,2
230,135,3,2
230,136,3,2
230,137,3,2
230,138,3,2
230,139,3,2
230,140,3,2
230,141,3,2
230,142,3,2
230,143,3,2
230,144,3,2
230,145,3,2
230,146,3,2
230,147,3,2
230,148,3,3
230,149,3,3
230,150,3,3
230,151,3,3
230,152,3,3
230,153,3,3
230,154,3,3
230,155,3,3
230,156,3,3
230,157,3,3
230,158,3,3
230,159,3,3
230,160,3,3
230,161,3,3
230,162,3,3
230,163,3,3
230,164,3,3
230,165,3,3
230,166,3,3
230,167,3,3
230,168,3,3
230,169,3,3
230,170,3,3
230,171,3,3
230,172,3,3
230,173,3,3
230,174,3,3
230,175,3,3
230,176,3,3
230,177,3,3
230,178,3,3
230,179,3,3
230,180,3,3
230,181,3,3
230,182,3,3
230,183,3,3
230,184,3,3
230,185,3,3
230,186,3,3
230,187,3,3
230,188,3,3
230,189,3,3
230,190,3,3
230,191,3,3
230,192,3,3
230,193,3,3
230,194,3,3
230,195,3,3
230,196,3,2
230,197,3,2
230,198,3,2
230,199,3,2
230,200,3,2
230,201,3,2
230,202,3,2
230,203,3,2
230,204,3,2
230,205,3,3
230,206,3,3
230,207,3,3
230,208,3,3
230,209,3,3
230,210,3,3
230,211,3,3
230,212,3,3
230,213,3,3
230,214,3,3
230,215,3,3
230,216,3,3
230,217,3,3
230,218,3,3
230,219,3,3
230,220,3,3
230,221,3,3
230,222,3,3
230,223,3,3
230,224,3,3
230,225,3,3
230,226,3,3
230,227,3,3
230,228,3,3
230,229,3,3
230,230,3,3
230,231,3,3
230,232,3,3
230,233,3,3
230,234,3,3
230,235,3,3
230,236,3,3
230,237,3,2
230,238,3,2
230,239,3,2
230,240,3,2
230,241,3,2
230,242,3,2
230,243,3,2
230,244,3,2
230,245,3,2
230,246,3,2
230,247,3,2
230,248,3,2
230,249,3,2
230,250,3,2
230,251,3,2
230,252,3,2
230,253,3,2
230,254,3,2
230,255,3,2
230,256,3,2
230,257,3,2
230,258,3,2
230,259,3,2
230,260,3,2
230,261,3,2
230,262,3,2
230,263,3,2
230,264,3,2
230,265,3,2
230,266,3,2
230,267,3,2
230,268,3,2
230,269,3,2
230,270,3,2
230,271,3,2
230,272,3,2
230,273,3,2
230,274,3,2
230,275,3,2
230,276,3,2
230,277,3,2
230,278,3,2
230,279,3,2
230,280,3,2
230,281,3,2
230,282,3,2
230,283,3,2
230,284,3,2
230,285,3,2
230,286,3,2
230,287,3,2
230,288,3,2
230,289,3,2
230,290,3,2
230,291,3,2
230,292,3,2
230,293,3,2
230,294,3,2
230,295,3,2
230,296,3,2
230,297,3,2
230,298,3,2
230,299,3,2
230,300,3,2
230,301,3,2
230,302,3,2
230,303,3,2
230,304,3,2
230,305,3,2
230,306,3,2
230,307,3,2
230,308,3,2
230,309,3,2
230,310,3,2
230,311,3,2
230,312,3,2
230,313,3,2
230,314,3,2
230,315,3,2
230,316,3,2
230,317,3,2
230,318,3,2
230,319,3,2
230,320,3,2
230,321,3,2
230,322,3,2
231,80,3,3
231,81,3,3
231,82,3,3
231,83,3,3
231,84,3,3
231,85,3,3
231,86,3,3
231,87,3,3
231,88,3,3
231,89,3,3
231,90,3,3
231,91,3,3
231,92,3,3
231,93,3,3
231,94,3,3
231,95,3,3
231,96,3,3
231,97,3,3
231,98,3,3
231,99,3,3
231,100,3,3
231,101,3,3
231,102,3,3
231,103,3,3
231,104,3,3
231,105,3,3
231,106,3,3
231,107,3,3
231,108,3,3
231,109,3,3
231,110,3,3
231,111,3,3
231,112,3,3
231,113,3,3
231,114,3,3
231,115,3,3
231,116,3,3
231,117,3,3
231,118,3,3
231,119,3,3
231,120,3,3
231,121,3,3
231,122,3,3
231,123,3,2
231,124,3,2
231,125,3,2
231,126,3,2
231,127,3,2
231,128,3,2
231,129,3,2
231,130,3,2
231,131,3,2
231,132,3,2
231,133,3,2
231,134,3,2
231,135,3,2
231,136,3,2
231,137,3,2
231,138,3,2
231,139,3,2
231,140,3,2
231,141,3,2
231,142,3,2
231,143,3,2
231,144,3,2
231,145,3,2
231,146,3,3
231,147,3,3
231,148,3,3
231,149,3,3
231,150,3,3
231,151,3,3
231,152,3,3
231,153,3,3
231,154,3,3
231,155,3,3
231,156,3,3
231,157,3,3
231,158,3,3
231,159,3,3
231,160,3,3
231,161,3,3
231,162,3,3
231,163,3,3
231,164,3,3
231,165,3,3
231,166,3,3
231,167,3,3
231,168,3,3
231,169,3,3
231,170,3,3
231,171,3,3
231,172,3,3
231,173,3,3
231,174,3,3
231,175,3,3
231,176,3,3
231,177,3,3
231,178,3,3
231,179,3,3
231,180,3,3
231,181,3,3
231,182,3,3
231,183,3,3
231,184,3,3
231,185,3,3
231,186,3,3
231,187,3,3
231,188,3,3
231,189,3,3
231,190,3,3
231,191,3,3
231,192,3,3
231,193,3,3
231,194,3,3
231,195,3,2
231,196,3,2
231,197,3,2
231,198,3,2
231,199,3,2
231,200,3,2
231,201,3,2
231,202,3,2
231,203,3,2
231,204,3,2
231,205,3,3
231,206,3,3
231,207,3,3
231,208,3,3
231,209,3,3
231,210,3,3
231,211,3,3
231,212,3,3
231,213,3,3
231,214,3,3
231,215,3,3
231,216,3,3
231,217,3,3
231,218,3,3
231,219,3,3
231,220,3,3
231,221,3,3
231,222,3,3
231,223,3,3
231,224,3,3
231,225,3,3
231,226,3,3
231,227,3,3
231,228,3,3
231,229,3,3
231,230,3,3
231,231,3,3
231,232,3,3
231,233,3,3
231,234,3,3
231,235,3,3
231,236,3,3
231,237,3,2
231,238,3,2
231,239,3,2
231,240,3,2
231,241,3,2
231,242,3,2
231,243,3,2
231,244,3,2
231,245,3,2
231,246,3,2
231,247,3,2
231,248,3,2
231,249,3,2
231,250,3,2
231,251,3,2
231,252,3,2
231,253,3,2
231,254,3,2
231,255,3,2
231,256,3,2
231,257,3,2
231,258,3,2
231,259,3,2
231,260,3,2
231,261,3,2
231,262,3,2
231,263,3,2
231,264,3,2
231,265,3,2
231,266,3,2
231,267,3,2
231,268,3,2
231,269,3,2
231,270,3,2
231,271,3,2
231,272,3,2
231,273,3,2
231,274,3,2
231,275,3,2
231,276,3,2
231,277,3,2
231,278,3,2
231,279,3,2
231,280,3,2
231,281,3,2
231,282,3,2
231,283,3,2
231,284,3,2
231,285,3,2
231,286,3,2
231,287,3,2
231,288,3,2
231,289,3,2
231,290,3,2
231,291,3,2
231,292,3,2
231,293,3,2
231,294,3,2
231,295,3,2
231,296,3,2
231,297,3,2
231,298,3,2
231,299,3,2
231,300,3,2
231,301,3,2
231,302,3,2
231,303,3,2
231,304,3,2
231,305,3,2
231,306,3,2
231,307,3,2
231,308,3,2
231,309,3,2
231,310,3,2
231,311,3,2
231,312,3,2
231,313,3,2
231,314,3,2
231,315,3,2
231,316,3,2
231,317,3,2
231,318,3,2
231,319,3,2
231,320,3,2
231,321,3,2
231,322,3,2
232,81,3,3
232,82,3,3
232,83,3,3
232,84,3,3
232,85,3,3
232,86,3,3
232,87,3,3
232,88,3,3
232,89,3,3
232,90,3,3
232,91,3,3
232,92,3,3
232,93,3,3
232,94,3,3
232,95,3,3
232,96,3,3
232,97,3,3
232,98,3,3
232,99,3,3
232,100,3,3
232,101,3,3
232,102,3,3
232,103,3,3
232,104,3,3
232,105,3,3
232,106,3,3
232,107,3,3
232,108,3,3
232,109,3,3
232,110,3,3
232,111,3,3
232,112,3,3
232,113,3,3
232,114,3,3
232,115,3,3
232,116,3,3
232,117,3,3
232,118,3,3
232,119,3,3
232,120,3,3
232,121,3,3
232,122,3,3
232,123,3,2
232,124,3,2
232,125,3,2
232,126,3,2
232,127,3,2
232,128,3,2
232,129,3,2
232,130,3,2
232,131,3,2
232,132,3,2
232,133,3,2
232,134,3,2
232,135,3,2
232,136,3,2
232,137,3,2
232,138,3,2
232,139,3,2
232,140,3,2
232,141,3,2
232,142,3,2
232,143,3,2
232,144,3,2
232,145,3,3
232,146,3,3
232,147,3,3
232,148,3,3
232,149,3,3
232,150,3,3
232,151,3,3
232,152,3,3
232,153,3,3
232,154,3,3
232,155,3,3
232,156,3,3
232,157,3,3
232,158,3,3
232,159,3,3
232,160,3,3
232,161,3,3
232,162,3,3
232,163,3,3
232,164,3,3
232,165,3,3
232,166,3,3
232,167,3,3
232,168,3,3
232,169,3,3
232,170,3,3
232,171,3,3
232,172,3,3
232,173,3,3
232,174,3,3
232,175,3,3
232,176,3,3
232,177,3,3
232,178,3,3
232,179,3,3
232,180,3,3
232,181,3,3
232,182,3,3
232,183,3,3
232,184,3,3
232,185,3,3
232,186,3,3
232,187,3,3
232,188,3,3
232,189,3,3
232,190,3,3
232,191,3,3
232,192,3,3
232,193,3,3
232,194,3,2
232,195,3,2
232,196,3,2
232,197,3,2
232,198,3,2
232,199,3,2
232,200,3,2
232,201,3,2
232,202,3,2
232,203,3,2
232,204,3,2
232,205,3,2
232,206,3,3
232,207,3,3
232,208,3,3
232,209,3,3
232,210,3,3
232,211,3,3
232,212,3,3
232,213,3,3
232,214,3,3
232,215,3,3
232,216,3,3
232,217,3,3
232,218,3,3
232,219,3,3
232,220,3,3
232,221,3,3
232,222,3,3
232,223,3,3
232,224,3,3
232,225,3,3
232,226,3,3
232,227,3,3
232,228,3,3
232,229,3,3
232,230,3,3
232,231,3,3
232,232,3,3
232,233,3,3
232,234,3,3
232,235,3,3
232,236,3,3
232,237,3,2
232,238,3,2
232,239,3,2
232,240,3,2
232,241,3,2
232,242,3,2
232,243,3,2
232,244,3,2
232,245,3,2
232,246,3,2
232,247,3,2
232,248,3,2
232,249,3,2
232,250,3,2
232,251,3,2
232,252,3,2
232,253,3,2
232,254,3,2
232,255,3,2
232,256,3,2
232,257,3,2
232,258,3,2
232,259,3,2
232,260,3,2
232,261,3,2
232,262,3,2
232,263,3,2
232,264,3,2
232,265,3,2
232,266,3,2
232,267,3,2
232,268,3,2
232,269,3,2
232,270,3,2
232,271,3,2
232,272,3,2
232,273,3,2
232,274,3,2
232,275,3,2
232,276,3,2
232,277,3,2
232,278,3,2
232,279,3,2
232,280,3,2
232,281,3,2
232,282,3,2
232,283,3,2
232,284,3,2
232,285,3,2
232,286,3,2
232,287,3,2
232,288,3,2
232,289,3,2
232,290,3,2
232,291,3,2
232,292,3,2
232,293,3,2
232,294,3,2
232,295,3,2
232,296,3,2
232,297,3,2
232,298,3,2
232,299,3,2
232,300,3,2
232,301,3,2
232,302,3,2
232,303,3,2
232,304,3,2
232,305,3,2
232,306,3,2
232,307,3,2
232,308,3,2
232,309,3,2
232,310,3,2
232,311,3,2
232,312,3,2
232,313,3,2
232,314,3,2
232,315,3,2
232,316,3,2
232,317,3,2
232,318,3,2
232,319,3,2
232,320,3,2
232,321,3,2
233,81,3,3
233,82,3,3
233,83,3,3
233,84,3,3
233,85,3,3
233,86,3,3
233,87,3,3
233,88,3,3
233,89,3,3
233,90,3,3
233,91,3,3
233,92,3,3
233,93,3,3
233,94,3,3
233,95,3,3
233,96,3,3
233,97,3,3
233,98,3,3
233,99,3,3
233,100,3,3
233,101,3,3
233,102,3,3
233,103,3,3
233,104,3,3
233,105,3,3
233,106,3,3
233,107,3,3
233,108,3,3
233,109,3,3
233,110,3,3
233,111,3,3
233,112,3,3
233,113,3,3
233,114,3,3
233,115,3,3
233,116,3,3
233,117,3,3
233,118,3,3
233,119,3,3
233,120,3,3
233,121,3,3
233,122,3,3
233,123,3,2
233,124,3,2
233,125,3,2
233,126,3,2
233,127,3,2
233,128,3,2
233,129,3,2
233,130,3,2
233,131,3,2
233,132,3,2
233,133,3,2
233,134,3,2
233,135,3,2
233,136,3,2
233,137,3,2
233,138,3,2
233,139,3,2
233,140,3,2
233,141,3,2
233,142,3,2
233,143,3,3
233,144,3,3
233,145,3,3
233,146,3,3
233,147,3,3
233,148,3,3
233,149,3,3
233,150,3,3
233,151,3,3
233,152,3,3
233,153,3,3
233,154,3,3
233,155,3,3
233,156,3,3
233,157,3,3
233,158,3,3
233,159,3,3
233,160,3,3
233,161,3,3
233,162,3,3
233,163,3,3
233,164,3,3
233,165,3,3
233,166,3,3
233,167,3,3
233,168,3,3
233,169,3,3
233,170,3,3
233,171,3,3
233,172,3,3
233,173,3,3
233,174,3,3
233,175,3,3
233,176,3,3
233,177,3,3
233,178,3,3
233,179,3,3
233,180,3,3
233,181,3,3
233,182,3,3
233,183,3,3
233,184,3,3
233,185,3,3
233,186,3,3
233,187,3,3
233,188,3,3
233,189,3,3
233,190,3,3
233,191,3,3
233,192,3,3
233,193,3,3
233,194,3,2
233,195,3,2
233,196,3,2
233,197,3,2
233,198,3,2
233,199,3,2
233,200,3,2
233,201,3,2
233,202,3,2
233,203,3,2
233,204,3,2
233,205,3,2
233,206,3,3
233,207,3,3
233,208,3,3
233,209,3,3
233,210,3,3
233,211,3,3
233,212,3,3
233,213,3,3
233,214,3,3
233,215,3,3
233,216,3,3
233,217,3,3
233,218,3,3
233,219,3,3
233,220,3,3
233,221,3,3
233,222,3,3
233,223,3,3
233,224,3,3
233,225,3,3
233,226,3,3
233,227,3,3
233,228,3,3
233,229,3,3
233,230,3,3
233,231,3,3
233,232,3,3
233,233,3,3
233,234,3,3
233,235,3,3
233,236,3,2
233,237,3,2
233,238,3,2
233,239,3,2
233,240,3,2
233,241,3,2
233,242,3,2
233,243,3,2
233,244,3,2
233,245,3,2
233,246,3,2
233,247,3,2
233,248,3,2
233,249,3,2
233,250,3,2
233,251,3,2
233,252,3,2
233,253,3,2
233,254,3,2
233,255,3,2
233,256,3,2
233,257,3,2
233,258,3,2
233,259,3,2
233,260,3,2
233,261,3,2
233,262,3,2
233,263,3,2
233,264,3,2
233,265,3,2
233,266,3,2
233,267,3,2
233,268,3,2
233,269,3,2
233,270,3,2
233,271,3,2
233,272,3,2
233,273,3,2
233,274,3,2
233,275,3,2
233,276,3,2
233,277,3,2
233,278,3,2
233,279,3,2
233,280,3,2
233,281,3,2
233,282,3,2
233,283,3,2
233,284,3,2
233,285,3,2
233,286,3,2
233,287,3,2
233,288,3,2
233,289,3,2
233,290,3,2
233,291,3,2
233,292,3,2
233,293,3,2
233,294,3,2
233,295,3,2
233,296,3,2
233,297,3,2
233,298,3,2
233,299,3,2
233,300,3,2
233,301,3,2
233,302,3,2
233,303,3,2
233,304,3,2
233,305,3,2
233,306,3,2
233,307,3,2
233,308,3,2
233,309,3,2
233,310,3,2
233,311,3,2
233,312,3,2
233,313,3,2
233,314,3,2
233,315,3,2
233,316,3,2
233,317,3,2
233,318,3,2
233,319,3,2
233,320,3,2
234,81,3,3
234,82,3,3
234,83,3,3
234,84,3,3
234,85,3,3
234,86,3,3
234,87,3,3
234,88,3,3
234,89,3,3
234,90,3,3
234,91,3,3
234,92,3,3
234,93,3,3
234,94,3,3
234,95,3,3
234,96,3,3
234,97,3,3
234,98,3,3
234,99,3,3
234,100,3,3
234,101,3,3
234,102,3,3
234,103,3,3
234,104,3,3
234,105,3,3
234,106,3,3
234,107,3,3
234,108,3,3
234,109,3,3
234,110,3,3
234,111,3,3
234,112,3,3
234,113,3,3
234,114,3,3
234,115,3,3
234,116,3,3
234,117,3,3
234,118,3,3
234,119,3,3
234,120,3,3
234,121,3,3
234,122,3,3
234,123,3,3
234,124,3,2
234,125,3,2
234,126,3,2
234,127,3,2
234,128,3,2
234,129,3,2
234,130,3,2
234,131,3,2
234,132,3,2
234,133,3,2
234,134,3,2
234,135,3,2
234,136,3,2
234,137,3,2
234,138,3,2
234,139,3,2
234,140,3,2
234,141,3,2
234,142,3,3
234,143,3,3
234,144,3,3
234,145,3,3
234,146,3,3
234,147,3,3
234,148,3,3
234,149,3,3
234,150,3,3
234,151,3,3
234,152,3,3
234,153,3,3
234,154,3,3
234,155,3,3
234,156,3,3
234,157,3,3
234,158,3,3
234,159,3,3
234,160,3,3
234,161,3,3
234,162,3,3
234,163,3,3
234,164,3,3
234,165,3,3
234,166,3,3
234,167,3,3
234,168,3,3
234,169,3,3
234,170,3,3
234,171,3,3
234,172,3,3
234,173,3,3
234,174,3,3
234,175,3,3
234,176,3,3
234,177,3,3
234,178,3,3
234,179,3,3
234,180,3,3
234,181,3,3
234,182,3,3
234,183,3,3
234,184,3,3
234,185,3,3
234,186,3,3
234,187,3,3
234,188,3,3
234,189,3,3
234,190,3,3
234,191,3,3
234,192,3,3
234,193,3,2
234,194,3,2
234,195,3,2
234,196,3,2
234,197,3,2
234,198,3,2
234,199,3,2
234,200,3,2
234,201,3,2
234,202,3,2
234,203,3,2
234,204,3,2
234,205,3,2
234,206,3,2
234,207,3,3
234,208,3,3
234,209,3,3
234,210,3,3
234,211,3,3
234,212,3,3
234,213,3,3
234,214,3,3
234,215,3,3
234,216,3,3
234,217,3,3
234,218,3,3
234,219,3,3
234,220,3,3
234,221,3,3
234,222,3,3
234,223,3,3
234,224,3,3
234,225,3,3
234,226,3,3
234,227,3,3
234,228,3,3
234,229,3,3
234,230,3,3
234,231,3,3
234,232,3,3
234,233,3,3
234,234,3,3
234,235,3,2
234,236,3,2
234,237,3,2
234,238,3,2
234,239,3,2
234,240,3,2
234,241,3,2
234,242,3,2
234,243,3,2
234,244,3,2
234,245,3,2
234,246,3,2
234,247,3,2
234,248,3,2
234,249,3,2
234,250,3,2
234,251,3,2
234,252,3,2
234,253,3,2
234,254,3,2
234,255,3,2
234,256,3,2
234,257,3,2
234,258,3,2
234,259,3,2
234,260,3,2
234,261,3,2
234,262,3,2
234,263,3,2
234,264,3,2
234,265,3,2
234,266,3,2
234,267,3,2
234,268,3,2
234,269,3,2
234,270,3,2
234,271,3,2
234,272,3,2
234,273,3,2
234,274,3,2
234,275,3,2
234,276,3,2
234,277,3,2
234,278,3,2
234,279,3,2
234,280,3,2
234,281,3,2
234,282,3,2
234,283,3,2
234,284,3,2
234,285,3,2
234,286,3,2
234,287,3,2
234,288,3,2
234,289,3,2
234,290,3,2
234,291,3,2
234,292,3,2
234,293,3,2
234,294,3,2
234,295,3,2
234,296,3,2
234,297,3,2
234,298,3,2
234,299,3,2
234,300,3,2
234,301,3,2
234,302,3,2
234,303,3,2
234,304,3,2
234,305,3,2
234,306,3,2
234,307,3,2
234,308,3,2
234,309,3,2
234,310,3,2
234,311,3,2
234,312,3,2
234,313,3,2
234,314,3,2
234,315,3,2
234,316,3,2
234,317,3,2
234,318,3,2
234,319,3,2
235,81,3,3
235,82,3,3
235,83,3,3
235,84,3,3
235,85,3,3
235,86,3,3
235,87,3,3
235,88,3,3
235,89,3,3
235,90,3,3
235,91,3,3
235,92,3,3
235,93,3,3
235,94,3,3
235,95,3,3
235,96,3,3
235,97,3,3
235,98,3,3
235,99,3,3
235,100,3,3
235,101,3,3
235,102,3,3
235,103,3,3
235,104,3,3
235,105,3,3
235,106,3,3
235,107,3,3
235,108,3,3
235,109,3,3
235,110,3,3
235,111,3,3
235,112,3,3
235,113,3,3
235,114,3,3
235,115,3,3
235,116,3,3
235,117,3,3
235,118,3,3
235,119,3,3
235,120,3,3
235,121,3,3
235,122,3,3
235,123,3,3
235,124,3,3
235,125,3,2
235,126,3,2
235,127,3,2
235,128,3,2
235,129,3,2
235,130,3,2
235,131,3,2
235,132,3,2
235,133,3,2
235,134,3,2
235,135,3,2
235,136,3,2
235,137,3,2
235,138,3,2
235,139,3,2
235,140,3,2
235,141,3,3
235,142,3,3
235,143,3,3
235,144,3,3
235,145,3,3
235,146,3,3
235,147,3,3
235,148,3,3
235,149,3,3
235,150,3,3
235,151,3,3
235,152,3,3
235,153,3,3
235,154,3,3
235,155,3,3
235,156,3,3
235,157,3,3
235,158,3,3
235,159,3,3
235,160,3,3
235,161,3,3
235,162,3,3
235,163,3,3
235,164,3,3
235,165,3,3
235,166,3,3
235,167,3,3
235,168,3,3
235,169,3,3
235,170,3,3
235,171,3,3
235,172,3,3
235,173,3,3
235,174,3,3
235,175,3,3
235,176,3,3
235,177,3,3
235,178,3,3
235,179,3,3
235,180,3,3
235,181,3,3
235,182,3,3
235,183,3,3
235,184,3,3
235,185,3,3
235,186,3,3
235,187,3,3
235,188,3,3
235,189,3,3
235,190,3,3
235,191,3,3
235,192,3,3
235,193,3,2
235,194,3,2
235,195,3,2
235,196,3,2
235,197,3,2
235,198,3,2
235,199,3,2
235,200,3,2
235,201,3,2
235,202,3,2
235,203,3,2
235,204,3,2
235,205,3,2
235,206,3,2
235,207,3,3
235,208,3,3
235,209,3,3
235,210,3,3
235,211,3,3
235,212,3,3
235,213,3,3
235,214,3,3
235,215,3,3
235,216,3,3
235,217,3,3
235,218,3,3
235,219,3,3
235,220,3,3
235,221,3,3
235,222,3,3
235,223,3,3
235,224,3,3
235,225,3,3
235,226,3,3
235,227,3,3
235,228,3,3
235,229,3,3
235,230,3,3
235,231,3,3
235,232,3,3
235,233,3,3
235,234,3,3
235,235,3,2
235,236,3,2
235,237,3,2
235,238,3,2
235,239,3,2
235,240,3,2
235,241,3,2
235,242,3,2
235,243,3,2
235,244,3,2
235,245,3,2
235,246,3,2
235,247,3,2
235,248,3,2
235,249,3,2
235,250,3,2
235,251,3,2
235,252,3,2
235,253,3,2
235,254,3,2
235,255,3,2
235,256,3,2
235,257,3,2
235,258,3,2
235,259,3,2
235,260,3,2
235,261,3,2
235,262,3,2
235,263,3,2
235,264,3,2
235,265,3,2
235,266,3,2
235,267,3,2
235,268,3,2
235,269,3,2
235,270,3,2
235,271,3,2
235,272,3,2
235,273,3,2
235,274,3,2
235,275,3,2
235,276,3,2
235,277,3,2
235,278,3,2
235,279,3,2
235,280,3,2
235,281,3,2
235,282,3,2
235,283,3,2
235,284,3,2
235,285,3,2
235,286,3,2
235,287,3,2
235,288,3,2
235,289,3,2
235,290,3,2
235,291,3,2
235,292,3,2
235,293,3,2
235,294,3,2
235,295,3,2
235,296,3,2
235,297,3,2
235,298,3,2
235,299,3,2
235,300,3,2
235,301,3,2
235,302,3,2
235,303,3,2
235,304,3,2
235,305,3,2
235,306,3,2
235,307,3,2
235,308,3,2
235,309,3,2
235,310,3,2
235,311,3,2
235,312,3,2
235,313,3,2
235,314,3,2
235,315,3,2
235,316,3,2
235,317,3,2
235,318,3,2
236,81,3,3
236,82,3,3
236,83,3,3
236,84,3,3
236,85,3,3
236,86,3,3
236,87,3,3
236,88,3,3
236,89,3,3
236,90,3,3
236,91,3,3
236,92,3,3
236,93,3,3
236,94,3,3
236,95,3,3
236,96,3,3
236,97,3,3
236,98,3,3
236,99,3,3
236,100,3,3
236,101,3,3
236,102,3,3
236,103,3,3
236,104,3,3
236,105,3,3
236,106,3,3
236,107,3,3
236,108,3,3
236,109,3,3
236,110,3,3
236,111,3,3
236,112,3,3
236,113,3,3
236,114,3,3
236,115,3,3
236,116,3,3
236,117,3,3
236,118,3,3
236,119,3,3
236,120,3,3
236,121,3,3
236,122,3,3
236,123,3,3
236,124,3,3
236,125,3,2
236,126,3,2
236,127,3,2
236,128,3,2
236,129,3,2
236,130,3,2
236,131,3,2
236,132,3,2
236,133,3,2
236,134,3,2
236,135,3,2
236,136,3,2
236,137,3,2
236,138,3,2
236,139,3,2
236,140,3,3
236,141,3,3
236,142,3,3
236,143,3,3
236,144,3,3
236,145,3,3
236,146,3,3
236,147,3,3
236,148,3,3
236,149,3,3
236,150,3,3
236,151,3,3
236,152,3,3
236,153,3,3
236,154,3,3
236,155,3,3
236,156,3,3
236,157,3,3
236,158,3,3
236,159,3,3
236,160,3,3
236,161,3,3
236,162,3,3
236,163,3,3
236,164,3,3
236,165,3,3
236,166,3,3
236,167,3,3
236,168,3,3
236,169,3,3
236,170,3,3
236,171,3,3
236,172,3,3
236,173,3,3
236,174,3,3
236,175,3,3
236,176,3,3
236,177,3,3
236,178,3,3
236,179,3,3
236,180,3,3
236,181,3,3
236,182,3,3
236,183,3,3
236,184,3,3
236,185,3,3
236,186,3,3
236,187,3,3
236,188,3,3
236,189,3,3
236,190,3,3
236,191,3,3
236,192,3,2
236,193,3,2
236,194,3,2
236,195,3,2
236,196,3,2
236,197,3,2
236,198,3,2
236,199,3,2
236,200,3,2
236,201,3,2
236,202,3,2
236,203,3,2
236,204,3,2
236,205,3,2
236,206,3,2
236,207,3,2
236,208,3,3
236,209,3,3
236,210,3,3
236,211,3,3
236,212,3,3
236,213,3,3
236,214,3,3
236,215,3,3
236,216,3,3
236,217,3,3
236,218,3,3
236,219,3,3
236,220,3,3
236,221,3,3
236,222,3,3
236,223,3,3
236,224,3,3
236,225,3,3
236,226,3,3
236,227,3,3
236,228,3,3
236,229,3,3
236,230,3,3
236,231,3,3
236,232,3,3
236,233,3,3
236,234,3,3
236,235,3,2
236,236,3,2
236,237,3,2
236,238,3,2
236,239,3,2
236,240,3,2
236,241,3,2
236,242,3,2
236,243,3,2
236,244,3,2
236,245,3,2
236,246,3,2
236,247,3,2
236,248,3,2
236,249,3,2
236,250,3,2
236,251,3,2
236,252,3,2
236,253,3,2
236,254,3,2
236,255,3,2
236,256,3,2
236,257,3,2
236,258,3,2
236,259,3,2
236,260,3,2
236,261,3,2
236,262,3,2
236,263,3,2
236,264,3,2
236,265,3,2
236,266,3,2
236,267,3,2
236,268,3,2
236,269,3,2
236,270,3,2
236,271,3,2
236,272,3,2
236,273,3,2
236,274,3,2
236,275,3,2
236,276,3,2
236,277,3,2
236,278,3,2
236,279,3,2
236,280,3,2
236,281,3,2
236,282,3,2
236,283,3,2
236,284,3,2
236,285,3,2
236,286,3,2
236,287,3,2
236,288,3,2
236,289,3,2
236,290,3,2
236,291,3,2
236,292,3,2
236,293,3,2
236,294,3,2
236,295,3,2
236,296,3,2
236,297,3,2
236,298,3,2
236,299,3,2
236,300,3,2
236,301,3,2
236,302,3,2
236,303,3,2
236,304,3,2
236,305,3,2
236,306,3,2
236,307,3,2
236,308,3,2
236,309,3,2
236,310,3,2
236,311,3,2
236,312,3,2
236,313,3,2
236,314,3,2
236,315,3,2
236,316,3,2
236,317,3,2
237,81,3,3
237,82,3,3
237,83,3,3
237,84,3,3
237,85,3,3
237,86,3,3
237,87,3,3
237,88,3,3
237,89,3,3
237,90,3,3
237,91,3,3
237,92,3,3
237,93,3,3
237,94,3,3
237,95,3,3
237,96,3,3
237,97,3,3
237,98,3,3
237,99,3,3
237,100,3,3
237,101,3,3
237,102,3,3
237,103,3,3
237,104,3,3
237,105,3,3
237,106,3,3
237,107,3,3
237,108,3,3
237,109,3,3
237,110,3,3
237,111,3,3
237,112,3,3
237,113,3,3
237,114,3,3
237,115,3,3
237,116,3,3
237,117,3,3
237,118,3,3
237,119,3,3
237,120,3,3
237,121,3,3
237,122,3,3
237,123,3,3
237,124,3,3
237,125,3,2
237,126,3,2
237,127,3,2
237,128,3,2
237,129,3,2
237,130,3,2
237,131,3,2
237,132,3,2
237,133,3,2
237,134,3,2
237,135,3,2
237,136,3,2
237,137,3,2
237,138,3,2
237,139,3,3
237,140,3,3
237,141,3,3
237,142,3,3
237,143,3,3
237,144,3,3
237,145,3,3
237,146,3,3
237,147,3,3
237,148,3,3
237,149,3,3
237,150,3,3
237,151,3,3
237,152,3,3
237,153,3,3
237,154,3,3
237,155,3,3
237,156,3,3
237,157,3,3
237,158,3,3
237,159,3,3
237,160,3,3
237,161,3,3
237,162,3,3
237,163,3,3
237,164,3,3
237,165,3,3
237,166,3,3
237,167,3,3
237,168,3,3
237,169,3,3
237,170,3,3
237,171,3,3
237,172,3,3
237,173,3,3
237,174,3,3
237,175,3,3
237,176,3,3
237,177,3,3
237,178,3,3
237,179,3,3
237,180,3,3
237,181,3,3
237,182,3,3
237,183,3,3
237,184,3,3
237,185,3,3
237,186,3,3
237,187,3,3
237,188,3,3
237,189,3,3
237,190,3,3
237,191,3,3
237,192,3,2
237,193,3,2
237,194,3,2
237,195,3,2
237,196,3,2
237,197,3,2
237,198,3,2
237,199,3,2
237,200,3,2
237,201,3,2
237,202,3,2
237,203,3,2
237,204,3,2
237,205,3,2
237,206,3,2
237,207,3,2
237,208,3,3
237,209,3,3
237,210,3,3
237,211,3,3
237,212,3,3
237,213,3,3
237,214,3,3
237,215,3,3
237,216,3,3
237,217,3,3
237,218,3,3
237,219,3,3
237,220,3,3
237,221,3,3
237,222,3,3
237,223,3,3
237,224,3,3
237,225,3,3
237,226,3,3
237,227,3,3
237,228,3,3
237,229,3,3
237,230,3,3
237,231,3,3
237,232,3,3
237,233,3,2
237,234,3,2
237,235,3,2
237,236,3,2
237,237,3,2
237,238,3,2
237,239,3,2
237,240,3,2
237,241,3,2
237,242,3,2
237,243,3,2
237,244,3,2
237,245,3,2
237,246,3,2
237,247,3,2
237,248,3,2
237,249,3,2
237,250,3,2
237,251,3,2
237,252,3,2
237,253,3,2
237,254,3,2
237,255,3,2
237,256,3,2
237,257,3,2
237,258,3,2
237,259,3,2
237,260,3,2
237,261,3,2
237,262,3,2
237,263,3,2
237,264,3,2
237,265,3,2
237,266,3,2
237,267,3,2
237,268,3,2
237,269,3,2
237,270,3,2
237,271,3,2
237,272,3,2
237,273,3,2
237,274,3,2
237,275,3,2
237,276,3,2
237,277,3,2
237,278,3,2
237,279,3,2
237,280,3,2
237,281,3,2
237,282,3,2
237,283,3,2
237,284,3,2
237,285,3,2
237,286,3,2
237,287,3,2
237,288,3,2
237,289,3,2
237,290,3,2
237,291,3,2
237,292,3,2
237,293,3,2
237,294,3,2
237,295,3,2
237,296,3,2
237,297,3,2
237,298,3,2
237,299,3,2
237,300,3,2
237,301,3,2
237,302,3,2
237,303,3,2
237,304,3,2
237,305,3,2
237,306,3,2
237,307,3,2
237,308,3,2
237,309,3,2
237,310,3,2
237,311,3,2
237,312,3,2
237,313,3,2
237,314,3,2
237,315,3,2
237,316,3,2
238,81,3,3
238,82,3,3
238,83,3,3
238,84,3,3
238,85,3,3
238,86,3,3
238,87,3,3
238,88,3,3
238,89,3,3
238,90,3,3
238,91,3,3
238,92,3,3
238,93,3,3
238,94,3,3
238,95,3,3
238,96,3,3
238,97,3,3
238,98,3,3
238,99,3,3
238,100,3,3
238,101,3,3
238,102,3,3
238,103,3,3
238,104,3,3
238,105,3,3
238,106,3,3
238,107,3,3
238,108,3,3
238,109,3,3
238,110,3,3
238,111,3,3
238,112,3,3
238,113,3,3
238,114,3,3
238,115,3,3
238,116,3,3
238,117,3,3
238,118,3,3
238,119,3,3
238,120,3,3
238,121,3,3
238,122,3,3
238,123,3,3
238,124,3,3
238,125,3,2
238,126,3,2
238,127,3,2
238,128,3,2
238,129,3,2
238,130,3,2
238,131,3,2
238,132,3,2
238,133,3,2
238,134,3,2
238,135,3,2
238,136,3,2
238,137,3,2
238,138,3,2
238,139,3,3
238,140,3,3
238,141,3,3
238,142,3,3
238,143,3,3
238,144,3,3
238,145,3,3
238,146,3,3
238,147,3,3
238,148,3,3
238,149,3,3
238,150,3,3
238,151,3,3
238,152,3,3
238,153,3,3
238,154,3,3
238,155,3,3
238,156,3,3
238,157,3,3
238,158,3,3
238,159,3,3
238,160,3,3
238,161,3,3
238,162,3,3
238,163,3,3
238,164,3,3
238,165,3,3
238,166,3,3
238,167,3,3
238,168,3,3
238,169,3,3
238,170,3,3
238,171,3,3
238,172,3,3
238,173,3,3
238,174,3,3
238,175,3,3
238,176,3,3
238,177,3,3
238,178,3,3
238,179,3,3
238,180,3,3
238,181,3,3
238,182,3,3
238,183,3,3
238,184,3,3
238,185,3,3
238,186,3,3
238,187,3,3
238,188,3,3
238,189,3,3
238,190,3,3
238,191,3,2
238,192,3,2
238,193,3,2
238,194,3,2
238,195,3,2
238,196,3,2
238,197,3,2
238,198,3,2
238,199,3,2
238,200,3,2
238,201,3,2
238,202,3,2
238,203,3,2
238,204,3,2
238,205,3,2
238,206,3,2
238,207,3,2
238,208,3,2
238,209,3,3
238,210,3,3
238,211,3,3
238,212,3,3
238,213,3,3
238,214,3,3
238,215,3,3
238,216,3,3
238,217,3,3
238,218,3,3
238,219,3,3
238,220,3,3
238,221,3,3
238,222,3,3
238,223,3,3
238,224,3,3
238,225,3,3
238,226,3,3
238,227,3,3
238,228,3,3
238,229,3,3
238,230,3,3
238,231,3,3
238,232,3,3
238,233,3,2
238,234,3,2
238,235,3,2
238,236,3,2
238,237,3,2
238,238,3,2
238,239,3,2
238,240,3,2
238,241,3,2
238,242,3,2
238,243,3,2
238,244,3,2
238,245,3,2
238,246,3,2
238,247,3,2
238,248,3,2
238,249,3,2
238,250,3,2
238,251,3,2
238,252,3,2
238,253,3,2
238,254,3,2
238,255,3,2
238,256,3,2
238,257,3,2
238,258,3,2
238,259,3,2
238,260,3,2
238,261,3,2
238,262,3,2
238,263,3,2
238,264,3,2
238,265,3,2
238,266,3,2
238,267,3,2
238,268,3,2
238,269,3,2
238,270,3,2
238,271,3,2
238,272,3,2
238,273,3,2
238,274,3,2
238,275,3,2
238,276,3,2
238,277,3,2
238,278,3,2
238,279,3,2
238,280,3,2
238,281,3,2
238,282,3,2
238,283,3,2
238,284,3,2
238,285,3,2
238,286,3,2
238,287,3,2
238,288,3,2
238,289,3,2
238,290,3,2
238,291,3,2
238,292,3,2
238,293,3,2
238,294,3,2
238,295,3,2
238,296,3,2
238,297,3,2
238,298,3,2
238,299,3,2
238,300,3,2
238,301,3,2
238,302,3,2
238,303,3,2
238,304,3,2
238,305,3,2
238,306,3,2
238,307,3,2
238,308,3,2
238,309,3,2
238,310,3,2
238,311,3,2
238,312,3,2
238,313,3,2
238,314,3,2
238,315,3,2
238,316,3,2
239,81,3,3
239,82,3,3
239,83,3,3
239,84,3,3
239,85,3,3
239,86,3,3
239,87,3,3
239,88,3,3
239,89,3,3
239,90,3,3
239,91,3,3
239,92,3,3
239,93,3,3
239,94,3,3
239,95,3,3
239,96,3,3
239,97,3,3
239,98,3,3
239,99,3,3
239,100,3,3
239,101,3,3
239,102,3,3
239,103,3,3
239,104,3,3
239,105,3,3
239,106,3,3
239,107,3,3
239,108,3,3
239,109,3,3
239,110,3,3
239,111,3,3
239,112,3,3
239,113,3,3
239,114,3,3
239,115,3,3
239,116,3,3
239,117,3,3
239,118,3,3
239,119,3,3
239,120,3,3
239,121,3,3
239,122,3,3
239,123,3,3
239,124,3,3
239,125,3,2
239,126,3,2
239,127,3,2
239,128,3,2
239,129,3,2
239,130,3,2
239,131,3,2
239,132,3,2
239,133,3,2
239,134,3,2
239,135,3,2
239,136,3,2
239,137,3,2
239,138,3,2
239,139,3,3
239,140,3,3
239,141,3,3
239,142,3,3
239,143,3,3
239,144,3,3
239,145,3,3
239,146,3,3
239,147,3,3
239,148,3,3
239,149,3,3
239,150,3,3
239,151,3,3
239,152,3,3
239,153,3,3
239,154,3,3
239,155,3,3
239,156,3,3
239,157,3,3
239,158,3,3
239,159,3,3
239,160,3,3
239,161,3,3
239,162,3,3
239,163,3,3
239,164,3,3
239,165,3,3
239,166,3,3
239,167,3,3
239,168,3,3
239,169,3,3
239,170,3,3
239,171,3,3
239,172,3,3
239,173,3,3
239,174,3,3
239,175,3,3
239,176,3,3
239,177,3,3
239,178,3,3
239,179,3,3
239,180,3,3
239,181,3,3
239,182,3,3
239,183,3,3
239,184,3,3
239,185,3,3
239,186,3,3
239,187,3,3
239,188,3,3
239,189,3,3
239,190,3,3
239,191,3,2
239,192,3,2
239,193,3,2
239,194,3,2
239,195,3,2
239,196,3,2
239,197,3,2
239,198,3,2
239,199,3,2
239,200,3,2
239,201,3,2
239,202,3,2
239,203,3,2
239,204,3,2
239,205,3,2
239,206,3,2
239,207,3,2
239,208,3,2
239,209,3,3
239,210,3,3
239,211,3,3
239,212,3,3
239,213,3,3
239,214,3,3
239,215,3,3
239,216,3,3
239,217,3,3
239,218,3,3
239,219,3,3
239,220,3,3
239,221,3,3
239,222,3,3
239,223,3,3
239,224,3,3
239,225,3,3
239,226,3,3
239,227,3,3
239,228,3,3
239,229,3,3
239,230,3,3
239,231,3,3
239,232,3,3
239,233,3,2
239,234,3,2
239,235,3,2
239,236,3,2
239,237,3,2
239,238,3,2
239,239,3,2
239,240,3,2
239,241,3,2
239,242,3,2
239,243,3,2
239,244,3,2
239,245,3,2
239,246,3,2
239,247,3,2
239,248,3,2
239,249,3,2
239,250,3,2
239,251,3,2
239,252,3,2
239,253,3,2
239,254,3,2
239,255,3,2
239,256,3,2
239,257,3,2
239,258,3,2
239,259,3,2
239,260,3,2
239,261,3,2
239,262,3,2
239,263,3,2
239,264,3,2
239,265,3,2
239,266,3,2
239,267,3,2
239,268,3,2
239,269,3,2
239,270,3,2
239,271,3,2
239,272,3,2
239,273,3,2
239,274,3,2
239,275,3,2
239,276,3,2
239,277,3,2
239,278,3,2
239,279,3,2
239,280,3,2
239,281,3,2
239,282,3,2
239,283,3,2
239,284,3,2
239,285,3,2
239,286,3,2
239,287,3,2
239,288,3,2
239,289,3,2
239,290,3,2
239,291,3,2
239,292,3,2
239,293,3,2
239,294,3,2
239,295,3,2
239,296,3,2
239,297,3,2
239,298,3,2
239,299,3,2
239,300,3,2
239,301,3,2
239,302,3,2
239,303,3,2
239,304,3,2
239,305,3,2
239,306,3,2
239,307,3,2
239,308,3,2
239,309,3,2
239,310,3,2
239,311,3,2
239,312,3,2
239,313,3,2
239,314,3,2
239,315,3,2
240,81,3,3
240,82,3,3
240,83,3,3
240,84,3,3
240,85,3,3
240,86,3,3
240,87,3,3
240,88,3,3
240,89,3,3
240,90,3,3
240,91,3,3
240,92,3,3
240,93,3,3
240,94,3,3
240,95,3,3
240,96,3,3
240,97,3,3
240,98,3,3
240,99,3,3
240,100,3,3
240,101,3,3
240,102,3,3
240,103,3,3
240,104,3,3
240,105,3,3
240,106,3,3
240,107,3,3
240,108,3,3
240,109,3,3
240,110,3,3
240,111,3,3
240,112,3,3
240,113,3,3
240,114,3,3
240,115,3,3
240,116,3,3
240,117,3,3
240,118,3,3
240,119,3,3
240,120,3,3
240,121,3,3
240,122,3,3
240,123,3,3
240,124,3,3
240,125,3,2
240,126,3,2
240,127,3,2
240,128,3,2
240,129,3,2
240,130,3,2
240,131,3,2
240,132,3,2
240,133,3,2
240,134,3,2
240,135,3,2
240,136,3,2
240,137,3,2
240,138,3,3
240,139,3,3
240,140,3,3
240,141,3,3
240,142,3,3
240,143,3,3
240,144,3,3
240,145,3,3
240,146,3,3
240,147,3,3
240,148,3,3
240,149,3,3
240,150,3,3
240,151,3,3
240,152,3,3
240,153,3,3
240,154,3,3
240,155,3,3
240,156,3,3
240,157,3,3
240,158,3,3
240,159,3,3
240,160,3,3
240,161,3,3
240,162,3,3
240,163,3,3
240,164,3,3
240,165,3,3
240,166,3,3
240,167,3,3
240,168,3,3
240,169,3,3
240,170,3,3
240,171,3,3
240,172,3,3
240,173,3,3
240,174,3,3
240,175,3,3
240,176,3,3
240,177,3,3
240,178,3,3
240,179,3,3
240,180,3,3
240,181,3,3
240,182,3,3
240,183,3,3
240,184,3,3
240,185,3,3
240,186,3,3
240,187,3,3
240,188,3,3
240,189,3,3
240,190,3,3
240,191,3,2
240,192,3,2
240,193,3,2
240,194,3,2
240,195,3,2
240,196,3,2
240,197,3,2
240,198,3,2
240,199,3,2
240,200,3,2
240,201,3,2
240,202,3,2
240,203,3,2
240,204,3,2
240,205,3,2
240,206,3,2
240,207,3,2
240,208,3,2
240,209,3,3
240,210,3,3
240,211,3,3
240,212,3,3
240,213,3,3
240,214,3,3
240,215,3,3
240,216,3,3
240,217,3,3
240,218,3,3
240,219,3,3
240,220,3,3
240,221,3,3
240,222,3,3
240,223,3,3
240,224,3,3
240,225,3,3
240,226,3,3
240,227,3,3
240,228,3,3
240,229,3,3
240,230,3,3
240,231,3,3
240,232,3,3
240,233,3,2
240,234,3,2
240,235,3,2
240,236,3,2
240,237,3,2
240,238,3,2
240,239,3,2
240,240,3,2
240,241,3,2
240,242,3,2
240,243,3,2
240,244,3,2
240,245,3,2
240,246,3,2
240,247,3,2
240,248,3,2
240,249,3,2
240,250,3,2
240,251,3,2
240,252,3,2
240,253,3,2
240,254,3,2
240,255,3,2
240,256,3,2
240,257,3,2
240,258,3,2
240,259,3,2
240,260,3,2
240,261,3,2
240,262,3,2
240,263,3,2
240,264,3,2
240,265,3,2
240,266,3,2
240,267,3,2
240,268,3,2
240,269,3,2
240,270,3,2
240,271,3,2
240,272,3,2
240,273,3,2
240,274,3,2
240,275,3,2
240,276,3,2
240,277,3,2
240,278,3,2
240,279,3,2
240,280,3,2
240,281,3,2
240,282,3,2
240,283,3,2
240,284,3,2
240,285,3,2
240,286,3,2
240,287,3,2
240,288,3,2
240,289,3,2
240,290,3,2
240,291,3,2
240,292,3,2
240,293,3,2
240,294,3,2
240,295,3,2
240,296,3,2
240,297,3,2
240,298,3,2
240,299,3,2
240,300,3,2
240,301,3,2
240,302,3,2
240,303,3,2
240,304,3,2
240,305,3,2
240,306,3,2
240,307,3,2
240,308,3,2
240,309,3,2
240,310,3,2
240,311,3,2
240,312,3,2
240,313,3,2
240,314,3,2
241,82,3,3
241,83,3,3
241,84,3,3
241,85,3,3
241,86,3,3
241,87,3,3
241,88,3,3
241,89,3,3
241,90,3,3
241,91,3,3
241,92,3,3
241,93,3,3
241,94,3,3
241,95,3,3
241,96,3,3
241,97,3,3
241,98,3,3
241,99,3,3
241,100,3,3
241,101,3,3
241,102,3,3
241,103,3,3
241,104,3,3
241,105,3,3
241,106,3,3
241,107,3,3
241,108,3,3
241,109,3,3
241,110,3,3
241,111,3,3
241,112,3,3
241,113,3,3
241,114,3,3
241,115,3,3
241,116,3,3
241,117,3,3
241,118,3,3
241,119,3,3
241,120,3,3
241,121,3,3
241,122,3,3
241,123,3,3
241,124,3,3
241,125,3,2
241,126,3,2
241,127,3,2
241,128,3,2
241,129,3,2
241,130,3,2
241,131,3,2
241,132,3,2
241,133,3,2
241,134,3,2
241,135,3,2
241,136,3,2
241,137,3,2
241,138,3,3
241,139,3,3
241,140,3,3
241,141,3,3
241,142,3,3
241,143,3,3
241,144,3,3
241,145,3,3
241,146,3,3
241,147,3,3
241,148,3,3
241,149,3,3
241,150,3,3
241,151,3,3
241,152,3,3
241,153,3,3
241,154,3,3
241,155,3,3
241,156,3,3
241,157,3,3
241,158,3,3
241,159,3,3
241,160,3,3
241,161,3,3
241,162,3,3
241,163,3,3
241,164,3,3
241,165,3,3
241,166,3,3
241,167,3,3
241,168,3,3
241,169,3,3
241,170,3,3
241,171,3,3
241,172,3,3
241,173,3,3
241,174,3,3
241,175,3,3
241,176,3,3
241,177,3,3
241,178,3,3
241,179,3,3
241,180,3,3
241,181,3,3
241,182,3,3
241,183,3,3
241,184,3,3
241,185,3,3
241,186,3,3
241,187,3,3
241,188,3,3
241,189,3,3
241,190,3,3
241,191,3,2
241,192,3,2
241,193,3,2
241,194,3,2
241,195,3,2
241,196,3,2
241,197,3,2
241,198,3,2
241,199,3,2
241,200,3,2
241,201,3,2
241,202,3,2
241,203,3,2
241,204,3,2
241,205,3,2
241,206,3,2
241,207,3,2
241,208,3,2
241,209,3,3
241,210,3,3
241,211,3,3
241,212,3,3
241,213,3,3
241,214,3,3
241,215,3,3
241,216,3,3
241,217,3,3
241,218,3,3
241,219,3,3
241,220,3,3
241,221,3,3
241,222,3,3
241,223,3,3
241,224,3,3
241,225,3,3
241,226,3,3
241,227,3,3
241,228,3,3
241,229,3,3
241,230,3,3
241,231,3,2
241,232,3,2
241,233,3,2
241,234,3,2
241,235,3,2
241,236,3,2
241,237,3,2
241,238,3,2
241,239,3,2
241,240,3,2
241,241,3,2
241,242,3,2
241,243,3,2
241,244,3,2
241,245,3,2
241,246,3,2
241,247,3,2
241,248,3,2
241,249,3,2
241,250,3,2
241,251,3,2
241,252,3,2
241,253,3,2
241,254,3,2
241,255,3,2
241,256,3,2
241,257,3,2
241,258,3,2
241,259,3,2
241,260,3,2
241,261,3,2
241,262,3,2
241,263,3,2
241,264,3,2
241,265,3,2
241,266,3,2
241,267,3,2
241,268,3,2
241,269,3,2
241,270,3,2
241,271,3,2
241,272,3,2
241,273,3,2
241,274,3,2
241,275,3,2
241,276,3,2
241,277,3,2
241,278,3,2
241,279,3,2
241,280,3,2
241,281,3,2
241,282,3,2
241,283,3,2
241,284,3,2
241,285,3,2
241,286,3,2
241,287,3,2
241,288,3,2
241,289,3,2
241,290,3,2
241,291,3,2
241,292,3,2
241,293,3,2
241,294,3,2
241,295,3,2
241,296,3,2
241,297,3,2
241,298,3,2
241,299,3,2
241,300,3,2
241,301,3,2
241,302,3,2
241,303,3,2
241,304,3,2
241,305,3,2
241,306,3,2
241,307,3,2
241,308,3,2
241,309,3,2
241,310,3,2
241,311,3,2
241,312,3,2
242,82,3,3
242,83,3,3
242,84,3,3
242,85,3,3
242,86,3,3
242,87,3,3
242,88,3,3
242,89,3,3
242,90,3,3
242,91,3,3
242,92,3,3
242,93,3,3
242,94,3,3
242,95,3,3
242,96,3,3
242,97,3,3
242,98,3,3
242,99,3,3
242,100,3,3
242,101,3,3
242,102,3,3
242,103,3,3
242,104,3,3
242,105,3,3
242,106,3,3
242,107,3,3
242,108,3,3
242,109,3,3
242,110,3,3
242,111,3,3
242,112,3,3
242,113,3,3
242,114,3,3
242,115,3,3
242,116,3,3
242,117,3,3
242,118,3,3
242,119,3,3
242,120,3,3
242,121,3,3
242,122,3,3
242,123,3,3
242,124,3,3
242,125,3,2
242,126,3,2
242,127,3,2
242,128,3,2
242,129,3,2
242,130,3,2
242,131,3,2
242,132,3,2
242,133,3,2
242,134,3,2
242,135,3,2
242,136,3,2
242,137,3,2
242,138,3,3
242,139,3,3
242,140,3,3
242,141,3,3
242,142,3,3
242,143,3,3
242,144,3,3
242,145,3,3
242,146,3,3
242,147,3,3
242,148,3,3
242,149,3,3
242,150,3,3
242,151,3,3
242,152,3,3
242,153,3,3
242,154,3,3
242,155,3,3
242,156,3,3
242,157,3,3
242,158,3,3
242,159,3,3
242,160,3,3
242,161,3,3
242,162,3,3
242,163,3,3
242,164,3,3
242,165,3,3
242,166,3,3
242,167,3,3
242,168,3,3
242,169,3,3
242,170,3,3
242,171,3,3
242,172,3,3
242,173,3,3
242,174,3,3
242,175,3,3
242,176,3,3
242,177,3,3
242,178,3,3
242,179,3,3
242,180,3,3
242,181,3,3
242,182,3,3
242,183,3,3
242,184,3,3
242,185,3,3
242,186,3,3
242,187,3,3
242,188,3,3
242,189,3,3
242,190,3,2
242,191,3,2
242,192,3,2
242,193,3,2
242,194,3,2
242,195,3,2
242,196,3,2
242,197,3,2
242,198,3,2
242,199,3,2
242,200,3,2
242,201,3,2
242,202,3,2
242,203,3,2
242,204,3,2
242,205,3,2
242,206,3,2
242,207,3,2
242,208,3,2
242,209,3,2
242,210,3,3
242,211,3,3
242,212,3,3
242,213,3,3
242,214,3,3
242,215,3,3
242,216,3,3
242,217,3,3
242,218,3,3
242,219,3,3
242,220,3,3
242,221,3,3
242,222,3,3
242,223,3,3
242,224,3,3
242,225,3,3
242,226,3,3
242,227,3,3
242,228,3,3
242,229,3,3
242,230,3,3
242,231,3,2
242,232,3,2
242,233,3,2
242,234,3,2
242,235,3,2
242,236,3,2
242,237,3,2
242,238,3,2
242,239,3,2
242,240,3,2
242,241,3,2
242,242,3,2
242,243,3,2
242,244,3,2
242,245,3,2
242,246,3,2
242,247,3,2
242,248,3,2
242,249,3,2
242,250,3,2
242,251,3,2
242,252,3,2
242,253,3,2
242,254,3,2
242,255,3,2
242,256,3,2
242,257,3,2
242,258,3,2
242,259,3,2
242,260,3,2
242,261,3,2
242,262,3,2
242,263,3,2
242,264,3,2
242,265,3,2
242,266,3,2
242,267,3,2
242,268,3,2
242,269,3,2
242,270,3,2
242,271,3,2
242,272,3,2
242,273,3,2
242,274,3,2
242,275,3,2
242,276,3,2
242,277,3,2
242,278,3,2
242,279,3,2
242,280,3,2
242,281,3,2
242,282,3,2
242,283,3,2
242,284,3,2
242,285,3,2
242,286,3,2
242,287,3,2
242,288,3,2
242,289,3,2
242,290,3,2
242,291,3,2
242,292,3,2
242,293,3,2
242,294,3,2
242,295,3,2
242,296,3,2
242,297,3,2
242,298,3,2
242,299,3,2
242,300,3,2
242,301,3,2
242,302,3,2
242,303,3,2
242,304,3,2
242,305,3,2
242,306,3,2
242,307,3,2
242,308,3,2
242,309,3,2
242,310,3,2
242,311,3,2
242,312,3,2
243,82,3,3
243,83,3,3
243,84,3,3
243,85,3,3
243,86,3,3
243,87,3,3
243,88,3,3
243,89,3,3
243,90,3,3
243,91,3,3
243,92,3,3
243,93,3,3
243,94,3,3
243,95,3,3
243,96,3,3
243,97,3,3
243,98,3,3
243,99,3,3
243,100,3,3
243,101,3,3
243,102,3,3
243,103,3,3
243,104,3,3
243,105,3,3
243,106,3,3
243,107,3,3
243,108,3,3
243,109,3,3
243,110,3,3
243,111,3,3
243,112,3,3
243,113,3,3
243,114,3,3
243,115,3,3
243,116,3,3
243,117,3,3
243,118,3,3
243,119,3,3
243,120,3,3
243,121,3,3
243,122,3,3
243,123,3,3
243,124,3,3
243,125,3,3
243,126,3,2
243,127,3,2
243,128,3,2
243,129,3,2
243,130,3,2
243,131,3,2
243,132,3,2
243,133,3,2
243,134,3,2
243,135,3,2
243,136,3,2
243,137,3,2
243,138,3,3
243,139,3,3
243,140,3,3
243,141,3,3
243,142,3,3
243,143,3,3
243,144,3,3
243,145,3,3
243,146,3,3
243,147,3,3
243,148,3,3
243,149,3,3
243,150,3,3
243,151,3,3
243,152,3,3
243,153,3,3
243,154,3,3
243,155,3,3
243,156,3,3
243,157,3,3
243,158,3,3
243,159,3,3
243,160,3,3
243,161,3,3
243,162,3,3
243,163,3,3
243,164,3,3
243,165,3,3
243,166,3,3
243,167,3,3
243,168,3,3
243,169,3,3
243,170,3,3
243,171,3,3
243,172,3,3
243,173,3,3
243,174,3,3
243,175,3,3
243,176,3,3
243,177,3,3
243,178,3,3
243,179,3,3
243,180,3,3
243,181,3,3
243,182,3,3
243,183,3,3
243,184,3,3
243,185,3,3
243,186,3,3
243,187,3,3
243,188,3,3
243,189,3,3
243,190,3,2
243,191,3,2
243,192,3,2
243,193,3,2
243,194,3,2
243,195,3,2
243,196,3,2
243,197,3,2
243,198,3,2
243,199,3,2
243,200,3,2
243,201,3,2
243,202,3,2
243,203,3,2
243,204,3,2
243,205,3,2
243,206,3,2
243,207,3,2
243,208,3,2
243,209,3,3
243,210,3,3
243,211,3,3
243,212,3,3
243,213,3,3
243,214,3,3
243,215,3,3
243,216,3,3
243,217,3,3
243,218,3,3
243,219,3,3
243,220,3,3
243,221,3,3
243,222,3,3
243,223,3,3
243,224,3,3
243,225,3,3
243,226,3,3
243,227,3,3
243,228,3,3
243,229,3,2
243,230,3,2
243,231,3,2
243,232,3,2
243,233,3,2
243,234,3,2
243,235,3,2
243,236,3,2
243,237,3,2
243,238,3,2
243,239,3,2
243,240,3,2
243,241,3,2
243,242,3,2
243,243,3,2
243,244,3,2
243,245,3,2
243,246,3,2
243,247,3,2
243,248,3,2
243,249,3,2
243,250,3,2
243,251,3,2
243,252,3,2
243,253,3,2
243,254,3,2
243,255,3,2
243,256,3,2
243,257,3,2
243,258,3,2
243,259,3,2
243,260,3,2
243,261,3,2
243,262,3,2
243,263,3,2
243,264,3,2
243,265,3,2
243,266,3,2
243,267,3,2
243,268,3,2
243,269,3,2
243,270,3,2
243,271,3,2
243,272,3,2
243,273,3,2
243,274,3,2
243,275,3,2
243,276,3,2
243,277,3,2
243,278,3,2
243,279,3,2
243,280,3,2
243,281,3,2
243,282,3,2
243,283,3,2
243,284,3,2
243,285,3,2
243,286,3,2
243,287,3,2
243,288,3,2
243,289,3,2
243,290,3,2
243,291,3,2
243,292,3,2
243,293,3,2
243,294,3,2
243,295,3,2
243,296,3,2
243,297,3,2
243,298,3,2
243,299,3,2
243,300,3,2
243,301,3,2
243,302,3,2
243,303,3,2
243,304,3,2
243,305,3,2
243,306,3,2
243,307,3,2
243,308,3,2
243,309,3,2
243,310,3,2
243,311,3,2
244,82,3,3
244,83,3,3
244,84,3,3
244,85,3,3
244,86,3,3
244,87,3,3
244,88,3,3
244,89,3,3
244,90,3,3
244,91,3,3
244,92,3,3
244,93,3,3
244,94,3,3
244,95,3,3
244,96,3,3
244,97,3,3
244,98,3,3
244,99,3,3
244,100,3,3
244,101,3,3
244,102,3,3
244,103,3,3
244,104,3,3
244,105,3,3
244,106,3,3
244,107,3,3
244,108,3,3
244,109,3,3
244,110,3,3
244,111,3,3
244,112,3,3
244,113,3,3
244,114,3,3
244,115,3,3
244,116,3,3
244,117,3,3
244,118,3,3
244,119,3,3
244,120,3,3
244,121,3,3
244,122,3,3
244,123,3,3
244,124,3,3
244,125,3,3
244,126,3,2
244,127,3,2
244,128,3,2
244,129,3,2
244,130,3,2
244,131,3,2
244,132,3,2
244,133,3,2
244,134,3,2
244,135,3,2
244,136,3,2
244,137,3,2
244,138,3,3
244,139,3,3
244,140,3,3
244,141,3,3
244,142,3,3
244,143,3,3
244,144,3,3
244,145,3,3
244,146,3,3
244,147,3,3
244,148,3,3
244,149,3,3
244,150,3,3
244,151,3,3
244,152,3,3
244,153,3,3
244,154,3,3
244,155,3,3
244,156,3,3
244,157,3,3
244,158,3,3
244,159,3,3
244,160,3,3
244,161,3,3
244,162,3,3
244,163,3,3
244,164,3,3
244,165,3,3
244,166,3,3
244,167,3,3
244,168,3,3
244,169,3,3
244,170,3,3
244,171,3,3
244,172,3,3
244,173,3,3
244,174,3,3
244,175,3,3
244,176,3,3
244,177,3,3
244,178,3,3
244,179,3,3
244,180,3,3
244,181,3,3
244,182,3,3
244,183,3,3
244,184,3,3
244,185,3,3
244,186,3,3
244,187,3,3
244,188,3,3
244,189,3,3
244,190,3,2
244,191,3,2
244,192,3,2
244,193,3,2
244,194,3,2
244,195,3,2
244,196,3,2
244,197,3,2
244,198,3,2
244,199,3,2
244,200,3,2
244,201,3,2
244,202,3,2
244,203,3,2
244,204,3,2
244,205,3,2
244,206,3,2
244,207,3,2
244,208,3,2
244,209,3,2
244,210,3,3
244,211,3,3
244,212,3,3
244,213,3,3
244,214,3,3
244,215,3,3
244,216,3,3
244,217,3,3
244,218,3,3
244,219,3,3
244,220,3,3
244,221,3,3
244,222,3,3
244,223,3,3
244,224,3,3
244,225,3,3
244,226,3,3
244,227,3,3
244,228,3,3
244,229,3,2
244,230,3,2
244,231,3,2
244,232,3,2
244,233,3,2
244,234,3,2
244,235,3,2
244,236,3,2
244,237,3,2
244,238,3,2
244,239,3,2
244,240,3,2
244,241,3,2
244,242,3,2
244,243,3,2
244,244,3,2
244,245,3,2
244,246,3,2
244,247,3,2
244,248,3,2
244,249,3,2
244,250,3,2
244,251,3,2
244,252,3,2
244,253,3,2
244,254,3,2
244,255,3,2
244,256,3,2
244,257,3,2
244,258,3,2
244,259,3,2
244,260,3,2
244,261,3,2
244,262,3,2
244,263,3,2
244,264,3,2
244,265,3,2
244,266,3,2
244,267,3,2
244,268,3,2
244,269,3,2
244,270,3,2
244,271,3,2
244,272,3,2
244,273,3,2
244,274,3,2
244,275,3,2
244,276,3,2
244,277,3,2
244,278,3,2
244,279,3,2
244,280,3,2
244,281,3,2
244,282,3,2
244,283,3,2
244,284,3,2
244,285,3,2
244,286,3,2
244,287,3,2
244,288,3,2
244,289,3,2
244,290,3,2
244,291,3,2
244,292,3,2
244,293,3,2
244,294,3,2
244,295,3,2
244,296,3,2
244,297,3,2
244,298,3,2
244,299,3,2
244,300,3,2
244,301,3,2
244,302,3,2
244,303,3,2
244,304,3,2
244,305,3,2
244,306,3,2
244,307,3,2
244,308,3,2
244,309,3,2
244,310,3,2
245,82,3,3
245,83,3,3
245,84,3,3
245,85,3,3
245,86,3,3
245,87,3,3
245,88,3,3
245,89,3,3
245,90,3,3
245,91,3,3
245,92,3,3
245,93,3,3
245,94,3,3
245,95,3,3
245,96,3,3
245,97,3,3
245,98,3,3
245,99,3,3
245,100,3,3
245,101,3,3
245,102,3,3
245,103,3,3
245,104,3,3
245,105,3,3
245,106,3,3
245,107,3,3
245,108,3,3
245,109,3,3
245,110,3,3
245,111,3,3
245,112,3,3
245,113,3,3
245,114,3,3
245,115,3,3
245,116,3,3
245,117,3,3
245,118,3,3
245,119,3,3
245,120,3,3
245,121,3,3
245,122,3,3
245,123,3,3
245,124,3,3
245,125,3,3
245,126,3,2
245,127,3,2
245,128,3,2
245,129,3,2
245,130,3,2
245,131,3,2
245,132,3,2
245,133,3,2
245,134,3,2
245,135,3,2
245,136,3,2
245,137,3,2
245,138,3,3
245,139,3,3
245,140,3,3
245,141,3,3
245,142,3,3
245,143,3,3
245,144,3,3
245,145,3,3
245,146,3,3
245,147,3,3
245,148,3,3
245,149,3,3
245,150,3,3
245,151,3,3
245,152,3,3
245,153,3,3
245,154,3,3
245,155,3,3
245,156,3,3
245,157,3,3
245,158,3,3
245,159,3,3
245,160,3,3
245,161,3,3
245,162,3,3
245,163,3,3
245,164,3,3
245,165,3,3
245,166,3,3
245,167,3,3
245,168,3,3
245,169,3,3
245,170,3,3
245,171,3,3
245,172,3,3
245,173,3,3
245,174,3,3
245,175,3,3
245,176,3,3
245,177,3,3
245,178,3,3
245,179,3,3
245,180,3,3
245,181,3,3
245,182,3,3
245,183,3,3
245,184,3,3
245,185,3,3
245,186,3,3
245,187,3,3
245,188,3,3
245,189,3,3
245,190,3,2
245,191,3,2
245,192,3,2
245,193,3,2
245,194,3,2
245,195,3,2
245,196,3,2
245,197,3,2
245,198,3,2
245,199,3,2
245,200,3,2
245,201,3,2
245,202,3,2
245,203,3,2
245,204,3,2
245,205,3,2
245,206,3,2
245,207,3,2
245,208,3,2
245,209,3,2
245,210,3,2
245,211,3,2
245,212,3,3
245,213,3,3
245,214,3,3
245,215,3,3
245,216,3,3
245,217,3,3
245,218,3,3
245,219,3,3
245,220,3,3
245,221,3,3
245,222,3,3
245,223,3,3
245,224,3,3
245,225,3,3
245,226,3,3
245,227,3,3
245,228,3,3
245,229,3,2
245,230,3,2
245,231,3,2
245,232,3,2
245,233,3,2
245,234,3,2
245,235,3,2
245,236,3,2
245,237,3,2
245,238,3,2
245,239,3,2
245,240,3,2
245,241,3,2
245,242,3,2
245,243,3,2
245,244,3,2
245,245,3,2
245,246,3,2
245,247,3,2
245,248,3,2
245,249,3,2
245,250,3,2
245,251,3,2
245,252,3,2
245,253,3,2
245,254,3,2
245,255,3,2
245,256,3,2
245,257,3,2
245,258,3,2
245,259,3,2
245,260,3,2
245,261,3,2
245,262,3,2
245,263,3,2
245,264,3,2
245,265,3,2
245,266,3,2
245,267,3,2
245,268,3,2
245,269,3,2
245,270,3,2
245,271,3,2
245,272,3,2
245,273,3,2
245,274,3,2
245,275,3,2
245,276,3,2
245,277,3,2
245,278,3,2
245,279,3,2
245,280,3,2
245,281,3,2
245,282,3,2
245,283,3,2
245,284,3,2
245,285,3,2
245,286,3,2
245,287,3,2
245,288,3,2
245,289,3,2
245,290,3,2
245,291,3,2
245,292,3,2
245,293,3,2
245,294,3,2
245,295,3,2
245,296,3,2
245,297,3,2
245,298,3,2
245,299,3,2
245,300,3,2
245,301,3,2
245,302,3,2
245,303,3,2
245,304,3,2
245,305,3,2
245,306,3,2
245,307,3,2
245,308,3,2
245,309,3,2
246,82,3,3
246,83,3,3
246,84,3,3
246,85,3,3
246,86,3,3
246,87,3,3
246,88,3,3
246,89,3,3
246,90,3,3
246,91,3,3
246,92,3,3
246,93,3,3
246,94,3,3
246,95,3,3
246,96,3,3
246,97,3,3
246,98,3,3
246,99,3,3
246,100,3,3
246,101,3,3
246,102,3,3
246,103,3,3
246,104,3,3
246,105,3,3
246,106,3,3
246,107,3,3
246,108,3,3
246,109,3,3
246,110,3,3
246,111,3,3
246,112,3,3
246,113,3,3
246,114,3,3
246,115,3,3
246,116,3,3
246,117,3,3
246,118,3,3
246,119,3,3
246,120,3,3
246,121,3,3
246,122,3,3
246,123,3,3
246,124,3,3
246,125,3,3
246,126,3,2
246,127,3,2
246,128,3,2
246,129,3,2
246,130,3,2
246,131,3,2
246,132,3,2
246,133,3,2
246,134,3,2
246,135,3,2
246,136,3,2
246,137,3,2
246,138,3,3
246,139,3,3
246,140,3,3
246,141,3,3
246,142,3,3
246,143,3,3
246,144,3,3
246,145,3,3
246,146,3,3
246,147,3,3
246,148,3,3
246,149,3,3
246,150,3,3
246,151,3,3
246,152,3,3
246,153,3,3
246,154,3,3
246,155,3,3
246,156,3,3
246,157,3,3
246,158,3,3
246,159,3,3
246,160,3,3
246,161,3,3
246,162,3,3
246,163,3,3
246,164,3,3
246,165,3,3
246,166,3,3
246,167,3,3
246,168,3,3
246,169,3,3
246,170,3,3
246,171,3,3
246,172,3,3
246,173,3,3
246,174,3,3
246,175,3,3
246,176,3,3
246,177,3,3
246,178,3,3
246,179,3,3
246,180,3,3
246,181,3,3
246,182,3,3
246,183,3,3
246,184,3,3
246,185,3,3
246,186,3,3
246,187,3,3
246,188,3,3
246,189,3,2
246,190,3,2
246,191,3,2
246,192,3,2
246,193,3,2
246,194,3,2
246,195,3,2
246,196,3,2
246,197,3,2
246,198,3,2
246,199,3,2
246,200,3,2
246,201,3,2
246,202,3,2
246,203,3,2
246,204,3,2
246,205,3,2
246,206,3,2
246,207,3,2
246,208,3,2
246,209,3,2
246,210,3,2
246,211,3,2
246,212,3,2
246,213,3,3
246,214,3,3
246,215,3,3
246,216,3,3
246,217,3,3
246,218,3,3
246,219,3,3
246,220,3,3
246,221,3,3
246,222,3,3
246,223,3,3
246,224,3,3
246,225,3,3
246,226,3,3
246,227,3,3
246,228,3,3
246,229,3,2
246,230,3,2
246,231,3,2
246,232,3,2
246,233,3,2
246,234,3,2
246,235,3,2
246,236,3,2
246,237,3,2
246,238,3,2
246,239,3,2
246,240,3,2
246,241,3,2
246,242,3,2
246,243,3,2
246,244,3,2
246,245,3,2
246,246,3,2
246,247,3,2
246,248,3,2
246,249,3,2
246,250,3,2
246,251,3,2
246,252,3,2
246,253,3,2
246,254,3,2
246,255,3,2
246,256,3,2
246,257,3,2
246,258,3,2
246,259,3,2
246,260,3,2
246,261,3,2
246,262,3,2
246,263,3,2
246,264,3,2
246,265,3,2
246,266,3,2
246,267,3,2
246,268,3,2
246,269,3,2
246,270,3,2
246,271,3,2
246,272,3,2
246,273,3,2
246,274,3,2
246,275,3,2
246,276,3,2
246,277,3,2
246,278,3,2
246,279,3,2
246,280,3,2
246,281,3,2
246,282,3,2
246,283,3,2
246,284,3,2
246,285,3,2
246,286,3,2
246,287,3,2
246,288,3,2
246,289,3,2
246,290,3,2
246,291,3,2
246,292,3,2
246,293,3,2
246,294,3,2
246,295,3,2
246,296,3,2
246,297,3,2
246,298,3,2
246,299,3,2
246,300,3,2
246,301,3,2
246,302,3,2
246,303,3,2
246,304,3,2
246,305,3,2
246,306,3,2
246,307,3,2
246,308,3,2
246,309,3,3
247,82,3,3
247,83,3,3
247,84,3,3
247,85,3,3
247,86,3,3
247,87,3,3
247,88,3,3
247,89,3,3
247,90,3,3
247,91,3,3
247,92,3,3
247,93,3,3
247,94,3,3
247,95,3,3
247,96,3,3
247,97,3,3
247,98,3,3
247,99,3,3
247,100,3,3
247,101,3,3
247,102,3,3
247,103,3,3
247,104,3,3
247,105,3,3
247,106,3,3
247,107,3,3
247,108,3,3
247,109,3,3
247,110,3,3
247,111,3,3
247,112,3,3
247,113,3,3
247,114,3,3
247,115,3,3
247,116,3,3
247,117,3,3
247,118,3,3
247,119,3,3
247,120,3,3
247,121,3,3
247,122,3,3
247,123,3,3
247,124,3,3
247,125,3,3
247,126,3,3
247,127,3,2
247,128,3,2
247,129,3,2
247,130,3,2
247,131,3,2
247,132,3,2
247,133,3,2
247,134,3,2
247,135,3,2
247,136,3,2
247,137,3,3
247,138,3,3
247,139,3,3
247,140,3,3
247,141,3,3
247,142,3,3
247,143,3,3
247,144,3,3
247,145,3,3
247,146,3,3
247,147,3,3
247,148,3,3
247,149,3,3
247,150,3,3
247,151,3,3
247,152,3,3
247,153,3,3
247,154,3,3
247,155,3,3
247,156,3,3
247,157,3,3
247,158,3,3
247,159,3,3
247,160,3,3
247,161,3,3
247,162,3,3
247,163,3,3
247,164,3,3
247,165,3,3
247,166,3,3
247,167,3,3
247,168,3,3
247,169,3,3
247,170,3,3
247,171,3,3
247,172,3,3
247,173,3,3
247,174,3,3
247,175,3,3
247,176,3,3
247,177,3,3
247,178,3,3
247,179,3,3
247,180,3,3
247,181,3,3
247,182,3,3
247,183,3,3
247,184,3,3
247,185,3,3
247,186,3,3
247,187,3,3
247,188,3,3
247,189,3,2
247,190,3,2
247,191,3,2
247,192,3,2
247,193,3,2
247,194,3,2
247,195,3,2
247,196,3,2
247,197,3,2
247,198,3,2
247,199,3,2
247,200,3,2
247,201,3,2
247,202,3,2
247,203,3,2
247,204,3,2
247,205,3,2
247,206,3,2
247,207,3,2
247,208,3,2
247,209,3,2
247,210,3,2
247,211,3,2
247,212,3,2
247,213,3,2
247,214,3,3
247,215,3,3
247,216,3,3
247,217,3,3
247,218,3,3
247,219,3,3
247,220,3,3
247,221,3,3
247,222,3,2
247,223,3,2
247,224,3,2
247,225,3,2
247,226,3,2
247,227,3,2
247,228,3,2
247,229,3,2
247,230,3,2
247,231,3,2
247,232,3,2
247,233,3,2
247,234,3,2
247,235,3,2
247,236,3,2
247,237,3,2
247,238,3,2
247,239,3,2
247,240,3,2
247,241,3,2
247,242,3,2
247,243,3,2
247,244,3,2
247,245,3,2
247,246,3,2
247,247,3,2
247,248,3,2
247,249,3,2
247,250,3,2
247,251,3,2
247,252,3,2
247,253,3,2
247,254,3,2
247,255,3,2
247,256,3,2
247,257,3,2
247,258,3,2
247,259,3,2
247,260,3,2
247,261,3,2
247,262,3,2
247,263,3,2
247,264,3,2
247,265,3,2
247,266,3,2
247,267,3,2
247,268,3,2
247,269,3,2
247,270,3,2
247,271,3,2
247,272,3,2
247,273,3,2
247,274,3,2
247,275,3,2
247,276,3,2
247,277,3,2
247,278,3,2
247,279,3,2
247,280,3,2
247,281,3,2
247,282,3,2
247,283,3,2
247,284,3,2
247,285,3,2
247,286,3,2
247,287,3,2
247,288,3,2
247,289,3,2
247,290,3,2
247,291,3,2
247,292,3,2
247,293,3,2
247,294,3,2
247,295,3,2
247,296,3,2
247,297,3,2
247,298,3,2
247,299,3,2
247,300,3,2
247,301,3,2
247,302,3,2
247,303,3,2
247,304,3,2
247,305,3,2
247,306,3,2
247,307,3,2
247,308,3,2
248,82,3,3
248,83,3,3
248,84,3,3
248,85,3,3
248,86,3,3
248,87,3,3
248,88,3,3
248,89,3,3
248,90,3,3
248,91,3,3
248,92,3,3
248,93,3,3
248,94,3,3
248,95,3,3
248,96,3,3
248,97,3,3
248,98,3,3
248,99,3,3
248,100,3,3
248,101,3,3
248,102,3,3
248,103,3,3
248,104,3,3
248,105,3,3
248,106,3,3
248,107,3,3
248,108,3,3
248,109,3,3
248,110,3,3
248,111,3,3
248,112,3,3
248,113,3,3
248,114,3,3
248,115,3,3
248,116,3,3
248,117,3,3
248,118,3,3
248,119,3,3
248,120,3,3
248,121,3,3
248,122,3,3
248,123,3,3
248,124,3,3
248,125,3,3
248,126,3,3
248,127,3,2
248,128,3,2
248,129,3,2
248,130,3,2
248,131,3,2
248,132,3,2
248,133,3,2
248,134,3,2
248,135,3,2
248,136,3,2
248,137,3,3
248,138,3,3
248,139,3,3
248,140,3,3
248,141,3,3
248,142,3,3
248,143,3,3
248,144,3,3
248,145,3,3
248,146,3,3
248,147,3,3
248,148,3,3
248,149,3,3
248,150,3,3
248,151,3,3
248,152,3,3
248,153,3,3
248,154,3,3
248,155,3,3
248,156,3,3
248,157,3,3
248,158,3,3
248,159,3,3
248,160,3,3
248,161,3,3
248,162,3,3
248,163,3,3
248,164,3,3
248,165,3,3
248,166,3,3
248,167,3,3
248,168,3,3
248,169,3,3
248,170,3,3
248,171,3,3
248,172,3,3
248,173,3,3
248,174,3,3
248,175,3,3
248,176,3,3
248,177,3,3
248,178,3,3
248,179,3,3
248,180,3,3
248,181,3,3
248,182,3,3
248,183,3,3
248,184,3,3
248,185,3,3
248,186,3,3
248,187,3,3
248,188,3,3
248,189,3,2
248,190,3,2
248,191,3,2
248,192,3,2
248,193,3,2
248,194,3,2
248,195,3,2
248,196,3,2
248,197,3,2
248,198,3,2
248,199,3,2
248,200,3,2
248,201,3,2
248,202,3,2
248,203,3,2
248,204,3,2
248,205,3,2
248,206,3,2
248,207,3,2
248,208,3,2
248,209,3,2
248,210,3,2
248,211,3,2
248,212,3,2
248,213,3,2
248,214,3,2
248,215,3,3
248,216,3,3
248,217,3,3
248,218,3,3
248,219,3,3
248,220,3,3
248,221,3,2
248,222,3,2
248,223,3,2
248,224,3,2
248,225,3,2
248,226,3,2
248,227,3,2
248,228,3,2
248,229,3,2
248,230,3,2
248,231,3,2
248,232,3,2
248,233,3,2
248,234,3,2
248,235,3,2
248,236,3,2
248,237,3,2
248,238,3,2
248,239,3,2
248,240,3,2
248,241,3,2
248,242,3,2
248,243,3,2
248,244,3,2
248,245,3,2
248,246,3,2
248,247,3,2
248,248,3,2
248,249,3,2
248,250,3,2
248,251,3,2
248,252,3,2
248,253,3,2
248,254,3,2
248,255,3,2
248,256,3,2
248,257,3,2
248,258,3,2
248,259,3,2
248,260,3,2
248,261,3,2
248,262,3,2
248,263,3,2
248,264,3,2
248,265,3,2
248,266,3,2
248,267,3,2
248,268,3,2
248,269,3,2
248,270,3,2
248,271,3,2
248,272,3,2
248,273,3,2
248,274,3,2
248,275,3,2
248,276,3,2
248,277,3,2
248,278,3,2
248,279,3,2
248,280,3,2
248,281,3,2
248,282,3,2
248,283,3,2
248,284,3,2
248,285,3,2
248,286,3,2
248,287,3,2
248,288,3,2
248,289,3,2
248,290,3,2
248,291,3,2
248,292,3,2
248,293,3,2
248,294,3,2
248,295,3,2
248,296,3,2
248,297,3,2
248,298,3,2
248,299,3,2
248,300,3,2
248,301,3,2
248,302,3,2
248,303,3,2
248,304,3,2
248,305,3,2
248,306,3,2
248,307,3,2
249,82,3,3
249,83,3,3
249,84,3,3
249,85,3,3
249,86,3,3
249,87,3,3
249,88,3,3
249,89,3,3
249,90,3,3
249,91,3,3
249,92,3,3
249,93,3,3
249,94,3,3
249,95,3,3
249,96,3,3
249,97,3,3
249,98,3,3
249,99,3,3
249,100,3,3
249,101,3,3
249,102,3,3
249,103,3,3
249,104,3,3
249,105,3,3
249,106,3,3
249,107,3,3
249,108,3,3
249,109,3,3
249,110,3,3
249,111,3,3
249,112,3,3
249,113,3,3
249,114,3,3
249,115,3,3
249,116,3,3
249,117,3,3
249,118,3,3
249,119,3,3
249,120,3,3
249,121,3,3
249,122,3,3
249,123,3,3
249,124,3,3
249,125,3,3
249,126,3,3
249,127,3,3
249,128,3,2
249,129,3,2
249,130,3,2
249,131,3,2
249,132,3,2
249,133,3,2
249,134,3,2
249,135,3,2
249,136,3,2
249,137,3,3
249,138,3,3
249,139,3,3
249,140,3,3
249,141,3,3
249,142,3,3
249,143,3,3
249,144,3,3
249,145,3,3
249,146,3,3
249,147,3,3
249,148,3,3
249,149,3,3
249,150,3,3
249,151,3,3
249,152,3,3
249,153,3,3
249,154,3,3
249,155,3,3
249,156,3,3
249,157,3,3
249,158,3,3
249,159,3,3
249,160,3,3
249,161,3,3
249,162,3,3
249,163,3,3
249,164,3,3
249,165,3,3
249,166,3,3
249,167,3,3
249,168,3,3
249,169,3,3
249,170,3,3
249,171,3,3
249,172,3,3
249,173,3,3
249,174,3,3
249,175,3,3
249,176,3,3
249,177,3,3
249,178,3,3
249,179,3,3
249,180,3,3
249,181,3,3
249,182,3,3
249,183,3,3
249,184,3,3
249,185,3,3
249,186,3,3
249,187,3,3
249,188,3,2
249,189,3,2
249,190,3,2
249,191,3,2
249,192,3,2
249,193,3,2
249,194,3,2
249,195,3,2
249,196,3,2
249,197,3,2
249,198,3,2
249,199,3,2
249,200,3,2
249,201,3,2
249,202,3,2
249,203,3,2
249,204,3,2
249,205,3,2
249,206,3,2
249,207,3,2
249,208,3,2
249,209,3,2
249,210,3,2
249,211,3,2
249,212,3,2
249,213,3,2
249,214,3,2
249,215,3,2
249,216,3,2
249,217,3,2
249,218,3,2
249,219,3,2
249,220,3,2
249,221,3,2
249,222,3,2
249,223,3,2
249,224,3,2
249,225,3,2
249,226,3,2
249,227,3,2
249,228,3,2
249,229,3,2
249,230,3,2
249,231,3,2
249,232,3,2
249,233,3,2
249,234,3,2
249,235,3,2
249,236,3,2
249,237,3,2
249,238,3,2
249,239,3,2
249,240,3,2
249,241,3,2
249,242,3,2
249,243,3,2
249,244,3,2
249,245,3,2
249,246,3,2
249,247,3,2
249,248,3,2
249,249,3,2
249,250,3,2
249,251,3,2
249,252,3,2
249,253,3,2
249,254,3,2
249,255,3,2
249,256,3,2
249,257,3,2
249,258,3,2
249,259,3,2
249,260,3,2
249,261,3,2
249,262,3,2
249,263,3,2
249,264,3,2
249,265,3,2
249,266,3,2
249,267,3,2
249,268,3,2
249,269,3,2
249,270,3,2
249,271,3,2
249,272,3,2
249,273,3,2
249,274,3,2
249,275,3,2
249,276,3,2
249,277,3,2
249,278,3,2
249,279,3,2
249,280,3,2
249,281,3,2
249,282,3,2
249,283,3,2
249,284,3,2
249,285,3,2
249,286,3,2
249,287,3,2
249,288,3,2
249,289,3,2
249,290,3,2
249,291,3,2
249,292,3,2
249,293,3,2
249,294,3,2
249,295,3,2
249,296,3,2
249,297,3,2
249,298,3,2
249,299,3,2
249,300,3,2
249,301,3,2
249,302,3,2
249,303,3,2
249,304,3,2
249,305,3,2
249,306,3,2
250,82,3,3
250,83,3,3
250,84,3,3
250,85,3,3
250,86,3,3
250,87,3,3
250,88,3,3
250,89,3,3
250,90,3,3
250,91,3,3
250,92,3,3
250,93,3,3
250,94,3,3
250,95,3,3
250,96,3,3
250,97,3,3
250,98,3,3
250,99,3,3
250,100,3,3
250,101,3,3
250,102,3,3
250,103,3,3
250,104,3,3
250,105,3,3
250,106,3,3
250,107,3,3
250,108,3,3
250,109,3,3
250,110,3,3
250,111,3,3
250,112,3,3
250,113,3,3
250,114,3,3
250,115,3,3
250,116,3,3
250,117,3,3
250,118,3,3
250,119,3,3
250,120,3,3
250,121,3,3
250,122,3,3
250,123,3,3
250,124,3,3
250,125,3,3
250,126,3,3
250,127,3,3
250,128,3,3
250,129,3,2
250,130,3,2
250,131,3,2
250,132,3,2
250,133,3,2
250,134,3,2
250,135,3,2
250,136,3,2
250,137,3,3
250,138,3,3
250,139,3,3
250,140,3,3
250,141,3,3
250,142,3,3
250,143,3,3
250,144,3,3
250,145,3,3
250,146,3,3
250,147,3,3
250,148,3,3
250,149,3,3
250,150,3,3
250,151,3,3
250,152,3,3
250,153,3,3
250,154,3,3
250,155,3,3
250,156,3,3
250,157,3,3
250,158,3,3
250,159,3,3
250,160,3,3
250,161,3,3
250,162,3,3
250,163,3,3
250,164,3,3
250,165,3,3
250,166,3,3
250,167,3,3
250,168,3,3
250,169,3,3
250,170,3,3
250,171,3,3
250,172,3,3
250,173,3,3
250,174,3,3
250,175,3,3
250,176,3,3
250,177,3,3
250,178,3,3
250,179,3,3
250,180,3,3
250,181,3,3
250,182,3,3
250,183,3,3
250,184,3,3
250,185,3,3
250,186,3,3
250,187,3,2
250,188,3,2
250,189,3,2
250,190,3,2
250,191,3,2
250,192,3,2
250,193,3,2
250,194,3,2
250,195,3,2
250,196,3,2
250,197,3,2
250,198,3,2
250,199,3,2
250,200,3,2
250,201,3,2
250,202,3,2
250,203,3,2
250,204,3,2
250,205,3,2
250,206,3,2
250,207,3,2
250,208,3,2
250,209,3,2
250,210,3,2
250,211,3,2
250,212,3,2
250,213,3,2
250,214,3,2
250,215,3,2
250,216,3,2
250,217,3,2
250,218,3,2
250,219,3,2
250,220,3,2
250,221,3,2
250,222,3,2
250,223,3,2
250,224,3,2
250,225,3,2
250,226,3,2
250,227,3,2
250,228,3,2
250,229,3,2
250,230,3,2
250,231,3,2
250,232,3,2
250,233,3,2
250,234,3,2
250,235,3,2
250,236,3,2
250,237,3,2
250,238,3,2
250,239,3,2
250,240,3,2
250,241,3,2
250,242,3,2
250,243,3,2
250,244,3,2
250,245,3,2
250,246,3,2
250,247,3,2
250,248,3,2
250,249,3,2
250,250,3,2
250,251,3,2
250,252,3,2
250,253,3,2
250,254,3,2
250,255,3,2
250,256,3,2
250,257,3,2
250,258,3,2
250,259,3,2
250,260,3,2
250,261,3,2
250,262,3,2
250,263,3,2
250,264,3,2
250,265,3,2
250,266,3,2
250,267,3,2
250,268,3,2
250,269,3,2
250,270,3,2
250,271,3,2
250,272,3,2
250,273,3,2
250,274,3,2
250,275,3,2
250,276,3,2
250,277,3,2
250,278,3,2
250,279,3,2
250,280,3,2
250,281,3,2
250,282,3,2
250,283,3,2
250,284,3,2
250,285,3,2
250,286,3,2
250,287,3,2
250,288,3,2
250,289,3,2
250,290,3,2
250,291,3,2
250,292,3,2
250,293,3,2
250,294,3,2
250,295,3,2
250,296,3,2
250,297,3,2
250,298,3,2
250,299,3,2
250,300,3,2
250,301,3,2
250,302,3,2
250,303,3,2
250,304,3,2
250,305,3,2
250,306,3,2
251,83,3,3
251,84,3,3
251,85,3,3
251,86,3,3
251,87,3,3
251,88,3,3
251,89,3,3
251,90,3,3
251,91,3,3
251,92,3,3
251,93,3,3
251,94,3,3
251,95,3,3
251,96,3,3
251,97,3,3
251,98,3,3
251,99,3,3
251,100,3,3
251,101,3,3
251,102,3,3
251,103,3,3
251,104,3,3
251,105,3,3
251,106,3,3
251,107,3,3
251,108,3,3
251,109,3,3
251,110,3,3
251,111,3,3
251,112,3,3
251,113,3,3
251,114,3,3
251,115,3,3
251,116,3,3
251,117,3,3
251,118,3,3
251,119,3,3
251,120,3,3
251,121,3,3
251,122,3,3
251,123,3,3
251,124,3,3
251,125,3,3
251,126,3,3
251,127,3,3
251,128,3,3
251,129,3,2
251,130,3,2
251,131,3,2
251,132,3,2
251,133,3,2
251,134,3,2
251,135,3,2
251,136,3,2
251,137,3,3
251,138,3,3
251,139,3,3
251,140,3,3
251,141,3,3
251,142,3,3
251,143,3,3
251,144,3,3
251,145,3,3
251,146,3,3
251,147,3,3
251,148,3,3
251,149,3,3
251,150,3,3
251,151,3,3
251,152,3,3
251,153,3,3
251,154,3,3
251,155,3,3
251,156,3,3
251,157,3,3
251,158,3,3
251,159,3,3
251,160,3,3
251,161,3,3
251,162,3,3
251,163,3,3
251,164,3,3
251,165,3,3
251,166,3,3
251,167,3,3
251,168,3,3
251,169,3,3
251,170,3,3
251,171,3,3
251,172,3,3
251,173,3,3
251,174,3,3
251,175,3,3
251,176,3,3
251,177,3,3
251,178,3,3
251,179,3,3
251,180,3,3
251,181,3,3
251,182,3,3
251,183,3,3
251,184,3,2
251,185,3,2
251,186,3,2
251,187,3,2
251,188,3,2
251,189,3,2
251,190,3,2
251,191,3,2
251,192,3,2
251,193,3,2
251,194,3,2
251,195,3,2
251,196,3,2
251,197,3,2
251,198,3,2
251,199,3,2
251,200,3,2
251,201,3,2
251,202,3,2
251,203,3,2
251,204,3,2
251,205,3,2
251,206,3,2
251,207,3,2
251,208,3,2
251,209,3,2
251,210,3,2
251,211,3,2
251,212,3,2
251,213,3,2
251,214,3,2
251,215,3,2
251,216,3,2
251,217,3,2
251,218,3,2
251,219,3,2
251,220,3,2
251,221,3,2
251,222,3,2
251,223,3,2
251,224,3,2
251,225,3,2
251,226,3,2
251,227,3,2
251,228,3,2
251,229,3,2
251,230,3,2
251,231,3,2
251,232,3,2
251,233,3,2
251,234,3,2
251,235,3,2
251,236,3,2
251,237,3,2
251,238,3,2
251,239,3,2
251,240,3,2
251,241,3,2
251,242,3,2
251,243,3,2
251,244,3,2
251,245,3,2
251,246,3,2
251,247,3,2
251,248,3,2
251,249,3,2
251,250,3,2
251,251,3,2
251,252,3,2
251,253,3,2
251,254,3,2
251,255,3,2
251,256,3,2
251,257,3,2
251,258,3,2
251,259,3,2
251,260,3,2
251,261,3,2
251,262,3,2
251,263,3,2
251,264,3,2
251,265,3,2
251,266,3,2
251,267,3,2
251,268,3,2
251,269,3,2
251,270,3,2
251,271,3,2
251,272,3,2
251,273,3,2
251,274,3,2
251,275,3,2
251,276,3,2
251,277,3,2
251,278,3,2
251,279,3,2
251,280,3,2
251,281,3,2
251,282,3,2
251,283,3,2
251,284,3,2
251,285,3,2
251,286,3,2
251,287,3,2
251,288,3,2
251,289,3,2
251,290,3,2
251,291,3,2
251,292,3,2
251,293,3,2
251,294,3,2
251,295,3,2
251,296,3,2
251,297,3,2
251,298,3,2
251,299,3,2
251,300,3,2
251,301,3,2
251,302,3,2
251,303,3,2
251,304,3,2
251,305,3,2
252,83,3,3
252,84,3,3
252,85,3,3
252,86,3,3
252,87,3,3
252,88,3,3
252,89,3,3
252,90,3,3
252,91,3,3
252,92,3,3
252,93,3,3
252,94,3,3
252,95,3,3
252,96,3,3
252,97,3,3
252,98,3,3
252,99,3,3
252,100,3,3
252,101,3,3
252,102,3,3
252,103,3,3
252,104,3,3
252,105,3,3
252,106,3,3
252,107,3,3
252,108,3,3
252,109,3,3
252,110,3,3
252,111,3,3
252,112,3,3
252,113,3,3
252,114,3,3
252,115,3,3
252,116,3,3
252,117,3,3
252,118,3,3
252,119,3,3
252,120,3,3
252,121,3,3
252,122,3,3
252,123,3,3
252,124,3,3
252,125,3,3
252,126,3,3
252,127,3,3
252,128,3,3
252,129,3,3
252,130,3,2
252,131,3,2
252,132,3,2
252,133,3,2
252,134,3,2
252,135,3,2
252,136,3,2
252,137,3,3
252,138,3,3
252,139,3,3
252,140,3,3
252,141,3,3
252,142,3,3
252,143,3,3
252,144,3,3
252,145,3,3
252,146,3,3
252,147,3,3
252,148,3,3
252,149,3,3
252,150,3,3
252,151,3,3
252,152,3,3
252,153,3,3
252,154,3,3
252,155,3,3
252,156,3,3
252,157,3,3
252,158,3,3
252,159,3,3
252,160,3,3
252,161,3,3
252,162,3,3
252,163,3,3
252,164,3,3
252,165,3,3
252,166,3,3
252,167,3,3
252,168,3,3
252,169,3,3
252,170,3,3
252,171,3,3
252,172,3,3
252,173,3,3
252,174,3,3
252,175,3,3
252,176,3,3
252,177,3,3
252,178,3,3
252,179,3,3
252,180,3,3
252,181,3,3
252,182,3,2
252,183,3,2
252,184,3,2
252,185,3,2
252,186,3,2
252,187,3,2
252,188,3,2
252,189,3,2
252,190,3,2
252,191,3,2
252,192,3,2
252,193,3,2
252,194,3,2
252,195,3,2
252,196,3,2
252,197,3,2
252,198,3,2
252,199,3,2
252,200,3,2
252,201,3,2
252,202,3,2
252,203,3,2
252,204,3,2
252,205,3,2
252,206,3,2
252,207,3,2
252,208,3,2
252,209,3,2
252,210,3,2
252,211,3,2
252,212,3,2
252,213,3,2
252,214,3,2
252,215,3,2
252,216,3,2
252,217,3,2
252,218,3,2
252,219,3,2
252,220,3,2
252,221,3,2
252,222,3,2
252,223,3,2
252,224,3,2
252,225,3,2
252,226,3,2
252,227,3,2
252,228,3,2
252,229,3,2
252,230,3,2
252,231,3,2
252,232,3,2
252,233,3,2
252,234,3,2
252,235,3,2
252,236,3,2
252,237,3,2
252,238,3,2
252,239,3,2
252,240,3,2
252,241,3,2
252,242,3,2
252,243,3,2
252,244,3,2
252,245,3,2
252,246,3,2
252,247,3,2
252,248,3,2
252,249,3,2
252,250,3,2
252,251,3,2
252,252,3,2
252,253,3,2
252,254,3,2
252,255,3,2
252,256,3,2
252,257,3,2
252,258,3,2
252,259,3,2
252,260,3,2
252,261,3,2
252,262,3,2
252,263,3,2
252,264,3,2
252,265,3,2
252,266,3,2
252,267,3,2
252,268,3,2
252,269,3,2
252,270,3,2
252,271,3,2
252,272,3,2
252,273,3,2
252,274,3,2
252,275,3,2
252,276,3,2
252,277,3,2
252,278,3,2
252,279,3,2
252,280,3,2
252,281,3,2
252,282,3,2
252,283,3,2
252,284,3,2
252,285,3,2
252,286,3,2
252,287,3,2
252,288,3,2
252,289,3,2
252,290,3,2
252,291,3,2
252,292,3,2
252,293,3,2
252,294,3,2
252,295,3,2
252,296,3,2
252,297,3,2
252,298,3,2
252,299,3,2
252,300,3,2
252,301,3,2
252,302,3,2
252,303,3,2
252,304,3,2
253,83,3,3
253,84,3,3
253,85,3,3
253,86,3,3
253,87,3,3
253,88,3,3
253,89,3,3
253,90,3,3
253,91,3,3
253,92,3,3
253,93,3,3
253,94,3,3
253,95,3,3
253,96,3,3
253,97,3,3
253,98,3,3
253,99,3,3
253,100,3,3
253,101,3,3
253,102,3,3
253,103,3,3
253,104,3,3
253,105,3,3
253,106,3,3
253,107,3,3
253,108,3,3
253,109,3,3
253,110,3,3
253,111,3,3
253,112,3,3
253,113,3,3
253,114,3,3
253,115,3,3
253,116,3,3
253,117,3,3
253,118,3,3
253,119,3,3
253,120,3,3
253,121,3,3
253,122,3,3
253,123,3,3
253,124,3,3
253,125,3,3
253,126,3,3
253,127,3,3
253,128,3,3
253,129,3,3
253,130,3,3
253,131,3,3
253,132,3,3
253,133,3,2
253,134,3,2
253,135,3,2
253,136,3,2
253,137,3,3
253,138,3,3
253,139,3,3
253,140,3,3
253,141,3,3
253,142,3,3
253,143,3,3
253,144,3,3
253,145,3,3
253,146,3,3
253,147,3,3
253,148,3,3
253,149,3,3
253,150,3,3
253,151,3,3
253,152,3,3
253,153,3,3
253,154,3,3
253,155,3,3
253,156,3,3
253,157,3,3
253,158,3,3
253,159,3,3
253,160,3,3
253,161,3,3
253,162,3,3
253,163,3,3
253,164,3,3
253,165,3,3
253,166,3,3
253,167,3,3
253,168,3,3
253,169,3,3
253,170,3,3
253,171,3,3
253,172,3,3
253,173,3,3
253,174,3,3
253,175,3,3
253,176,3,3
253,177,3,3
253,178,3,2
253,179,3,2
253,180,3,2
253,181,3,2
253,182,3,2
253,183,3,2
253,184,3,2
253,185,3,2
253,186,3,2
253,187,3,2
253,188,3,2
253,189,3,2
253,190,3,2
253,191,3,2
253,192,3,2
253,193,3,2
253,194,3,2
253,195,3,2
253,196,3,2
253,197,3,2
253,198,3,2
253,199,3,2
253,200,3,2
253,201,3,2
253,202,3,2
253,203,3,2
253,204,3,2
253,205,3,2
253,206,3,2
253,207,3,2
253,208,3,2
253,209,3,2
253,210,3,2
253,211,3,2
253,212,3,2
253,213,3,2
253,214,3,2
253,215,3,2
253,216,3,2
253,217,3,2
253,218,3,2
253,219,3,2
253,220,3,2
253,221,3,2
253,222,3,2
253,223,3,2
253,224,3,2
253,225,3,2
253,226,3,2
253,227,3,2
253,228,3,2
253,229,3,2
253,230,3,2
253,231,3,2
253,232,3,2
253,233,3,2
253,234,3,2
253,235,3,2
253,236,3,2
253,237,3,2
253,238,3,2
253,239,3,2
253,240,3,2
253,241,3,2
253,242,3,2
253,243,3,2
253,244,3,2
253,245,3,2
253,246,3,2
253,247,3,2
253,248,3,2
253,249,3,2
253,250,3,2
253,251,3,2
253,252,3,2
253,253,3,2
253,254,3,2
253,255,3,2
253,256,3,2
253,257,3,2
253,258,3,2
253,259,3,2
253,260,3,2
253,261,3,2
253,262,3,2
253,263,3,2
253,264,3,2
253,265,3,2
253,266,3,2
253,267,3,2
253,268,3,2
253,269,3,2
253,270,3,2
253,271,3,2
253,272,3,2
253,273,3,2
253,274,3,2
253,275,3,2
253,276,3,2
253,277,3,2
253,278,3,2
253,279,3,2
253,280,3,2
253,281,3,2
253,282,3,2
253,283,3,2
253,284,3,2
253,285,3,2
253,286,3,2
253,287,3,2
253,288,3,2
253,289,3,2
253,290,3,2
253,291,3,2
253,292,3,2
253,293,3,2
253,294,3,2
253,295,3,2
253,296,3,2
253,297,3,2
253,298,3,2
253,299,3,2
253,300,3,2
253,301,3,2
253,302,3,2
253,303,3,2
254,83,3,3
254,84,3,3
254,85,3,3
254,86,3,3
254,87,3,3
254,88,3,3
254,89,3,3
254,90,3,3
254,91,3,3
254,92,3,3
254,93,3,3
254,94,3,3
254,95,3,3
254,96,3,3
254,97,3,3
254,98,3,3
254,99,3,3
254,100,3,3
254,101,3,3
254,102,3,3
254,103,3,3
254,104,3,3
254,105,3,3
254,106,3,3
254,107,3,3
254,108,3,3
254,109,3,3
254,110,3,3
254,111,3,3
254,112,3,3
254,113,3,3
254,114,3,3
254,115,3,3
254,116,3,3
254,117,3,3
254,118,3,3
254,119,3,3
254,120,3,3
254,121,3,3
254,122,3,3
254,123,3,3
254,124,3,3
254,125,3,3
254,126,3,3
254,127,3,3
254,128,3,3
254,129,3,3
254,130,3,3
254,131,3,3
254,132,3,3
254,133,3,2
254,134,3,2
254,135,3,2
254,136,3,2
254,137,3,3
254,138,3,3
254,139,3,3
254,140,3,3
254,141,3,3
254,142,3,3
254,143,3,3
254,144,3,3
254,145,3,3
254,146,3,3
254,147,3,3
254,148,3,3
254,149,3,3
254,150,3,3
254,151,3,3
254,152,3,3
254,153,3,3
254,154,3,3
254,155,3,3
254,156,3,3
254,157,3,3
254,158,3,3
254,159,3,3
254,160,3,3
254,161,3,3
254,162,3,3
254,163,3,3
254,164,3,3
254,165,3,3
254,166,3,3
254,167,3,3
254,168,3,3
254,169,3,3
254,170,3,3
254,171,3,3
254,172,3,3
254,173,3,3
254,174,3,3
254,175,3,3
254,176,3,3
254,177,3,3
254,178,3,2
254,179,3,2
254,180,3,2
254,181,3,2
254,182,3,2
254,183,3,2
254,184,3,2
254,185,3,2
254,186,3,2
254,187,3,2
254,188,3,2
254,189,3,2
254,190,3,2
254,191,3,2
254,192,3,2
254,193,3,2
254,194,3,2
254,195,3,2
254,196,3,2
254,197,3,2
254,198,3,2
254,199,3,2
254,200,3,2
254,201,3,2
254,202,3,2
254,203,3,2
254,204,3,2
254,205,3,2
254,206,3,2
254,207,3,2
254,208,3,2
254,209,3,2
254,210,3,2
254,211,3,2
254,212,3,2
254,213,3,2
254,214,3,2
254,215,3,2
254,216,3,2
254,217,3,2
254,218,3,2
254,219,3,2
254,220,3,2
254,221,3,2
254,222,3,2
254,223,3,2
254,224,3,2
254,225,3,2
254,226,3,2
254,227,3,2
254,228,3,2
254,229,3,2
254,230,3,2
254,231,3,2
254,232,3,2
254,233,3,2
254,234,3,2
254,235,3,2
254,236,3,2
254,237,3,2
254,238,3,2
254,239,3,2
254,240,3,2
254,241,3,2
254,242,3,2
254,243,3,2
254,244,3,2
254,245,3,2
254,246,3,2
254,247,3,2
254,248,3,2
254,249,3,2
254,250,3,2
254,251,3,2
254,252,3,2
254,253,3,2
254,254,3,2
254,255,3,2
254,256,3,2
254,257,3,2
254,258,3,2
254,259,3,2
254,260,3,2
254,261,3,2
254,262,3,2
254,263,3,2
254,264,3,2
254,265,3,2
254,266,3,2
254,267,3,2
254,268,3,2
254,269,3,2
254,270,3,2
254,271,3,2
254,272,3,2
254,273,3,2
254,274,3,2
254,275,3,2
254,276,3,2
254,277,3,2
254,278,3,2
254,279,3,2
254,280,3,2
254,281,3,2
254,282,3,2
254,283,3,2
254,284,3,2
254,285,3,2
254,286,3,2
254,287,3,2
254,288,3,2
254,289,3,2
254,290,3,2
254,291,3,2
254,292,3,2
254,293,3,2
254,294,3,2
254,295,3,2
254,296,3,2
254,297,3,2
254,298,3,2
254,299,3,2
254,300,3,2
254,301,3,2
254,302,3,2
255,83,3,3
255,84,3,3
255,85,3,3
255,86,3,3
255,87,3,3
255,88,3,3
255,89,3,3
255,90,3,3
255,91,3,3
255,92,3,3
255,93,3,3
255,94,3,3
255,95,3,3
255,96,3,3
255,97,3,3
255,98,3,3
255,99,3,3
255,100,3,3
255,101,3,3
255,102,3,3
255,103,3,3
255,104,3,3
255,105,3,3
255,106,3,3
255,107,3,3
255,108,3,3
255,109,3,3
255,110,3,3
255,111,3,3
255,112,3,3
255,113,3,3
255,114,3,3
255,115,3,3
255,116,3,3
255,117,3,3
255,118,3,3
255,119,3,3
255,120,3,3
255,121,3,3
255,122,3,3
255,123,3,3
255,124,3,3
255,125,3,3
255,126,3,3
255,127,3,3
255,128,3,3
255,129,3,3
255,130,3,3
255,131,3,3
255,132,3,3
255,133,3,2
255,134,3,2
255,135,3,3
255,136,3,3
255,137,3,3
255,138,3,3
255,139,3,3
255,140,3,3
255,141,3,3
255,142,3,3
255,143,3,3
255,144,3,3
255,145,3,3
255,146,3,3
255,147,3,3
255,148,3,3
255,149,3,3
255,150,3,3
255,151,3,3
255,152,3,3
255,153,3,3
255,154,3,3
255,155,3,3
255,156,3,3
255,157,3,3
255,158,3,3
255,159,3,3
255,160,3,3
255,161,3,3
255,162,3,3
255,163,3,3
255,164,3,3
255,165,3,3
255,166,3,3
255,167,3,3
255,168,3,3
255,169,3,3
255,170,3,3
255,171,3,3
255,172,3,3
255,173,3,3
255,174,3,3
255,175,3,3
255,176,3,3
255,177,3,2
255,178,3,2
255,179,3,2
255,180,3,2
255,181,3,2
255,182,3,2
255,183,3,2
255,184,3,2
255,185,3,2
255,186,3,2
255,187,3,2
255,188,3,2
255,189,3,2
255,190,3,2
255,191,3,2
255,192,3,2
255,193,3,2
255,194,3,2
255,195,3,2
255,196,3,2
255,197,3,2
255,198,3,2
255,199,3,2
255,200,3,2
255,201,3,2
255,202,3,2
255,203,3,2
255,204,3,2
255,205,3,2
255,206,3,2
255,207,3,2
255,208,3,2
255,209,3,2
255,210,3,2
255,211,3,2
255,212,3,2
255,213,3,2
255,214,3,2
255,215,3,2
255,216,3,2
255,217,3,2
255,218,3,2
255,219,3,2
255,220,3,2
255,221,3,2
255,222,3,2
255,223,3,2
255,224,3,2
255,225,3,2
255,226,3,2
255,227,3,2
255,228,3,2
255,229,3,2
255,230,3,2
255,231,3,2
255,232,3,2
255,233,3,2
255,234,3,2
255,235,3,2
255,236,3,2
255,237,3,2
255,238,3,2
255,239,3,2
255,240,3,2
255,241,3,2
255,242,3,2
255,243,3,2
255,244,3,2
255,245,3,2
255,246,3,2
255,247,3,2
255,248,3,2
255,249,3,2
255,250,3,2
255,251,3,2
255,252,3,2
255,253,3,2
255,254,3,2
255,255,3,2
255,256,3,2
255,257,3,2
255,258,3,2
255,259,3,2
255,260,3,2
255,261,3,2
255,262,3,2
255,263,3,2
255,264,3,2
255,265,3,2
255,266,3,2
255,267,3,2
255,268,3,2
255,269,3,2
255,270,3,2
255,271,3,2
255,272,3,2
255,273,3,2
255,274,3,2
255,275,3,2
255,276,3,2
255,277,3,2
255,278,3,2
255,279,3,2
255,280,3,2
255,281,3,2
255,282,3,2
255,283,3,2
255,284,3,2
255,285,3,2
255,286,3,2
255,287,3,2
255,288,3,2
255,289,3,2
255,290,3,2
255,291,3,2
255,292,3,2
255,293,3,2
255,294,3,2
255,295,3,2
255,296,3,2
255,297,3,2
255,298,3,2
255,299,3,2
255,300,3,2
255,301,3,2
255,302,3,2
256,83,3,3
256,84,3,3
256,85,3,3
256,86,3,3
256,87,3,3
256,88,3,3
256,89,3,3
256,90,3,3
256,91,3,3
256,92,3,3
256,93,3,3
256,94,3,3
256,95,3,3
256,96,3,3
256,97,3,3
256,98,3,3
256,99,3,3
256,100,3,3
256,101,3,3
256,102,3,3
256,103,3,3
256,104,3,3
256,105,3,3
256,106,3,3
256,107,3,3
256,108,3,3
256,109,3,3
256,110,3,3
256,111,3,3
256,112,3,3
256,113,3,3
256,114,3,3
256,115,3,3
256,116,3,3
256,117,3,3
256,118,3,3
256,119,3,3
256,120,3,3
256,121,3,3
256,122,3,3
256,123,3,3
256,124,3,3
256,125,3,3
256,126,3,3
256,127,3,3
256,128,3,3
256,129,3,3
256,130,3,3
256,131,3,3
256,132,3,3
256,133,3,3
256,134,3,2
256,135,3,3
256,136,3,3
256,137,3,3
256,138,3,3
256,139,3,3
256,140,3,3
256,141,3,3
256,142,3,3
256,143,3,3
256,144,3,3
256,145,3,3
256,146,3,3
256,147,3,3
256,148,3,3
256,149,3,3
256,150,3,3
256,151,3,3
256,152,3,3
256,153,3,3
256,154,3,3
256,155,3,3
256,156,3,3
256,157,3,3
256,158,3,3
256,159,3,3
256,160,3,3
256,161,3,3
256,162,3,3
256,163,3,3
256,164,3,3
256,165,3,3
256,166,3,3
256,167,3,3
256,168,3,3
256,169,3,3
256,170,3,3
256,171,3,3
256,172,3,3
256,173,3,3
256,174,3,3
256,175,3,3
256,176,3,3
256,177,3,2
256,178,3,2
256,179,3,2
256,180,3,2
256,181,3,2
256,182,3,2
256,183,3,2
256,184,3,2
256,185,3,2
256,186,3,2
256,187,3,2
256,188,3,2
256,189,3,2
256,190,3,2
256,191,3,2
256,192,3,2
256,193,3,2
256,194,3,2
256,195,3,2
256,196,3,2
256,197,3,2
256,198,3,2
256,199,3,2
256,200,3,2
256,201,3,2
256,202,3,2
256,203,3,2
256,204,3,2
256,205,3,2
256,206,3,2
256,207,3,2
256,208,3,2
256,209,3,2
256,210,3,2
256,211,3,2
256,212,3,2
256,213,3,2
256,214,3,2
256,215,3,2
256,216,3,2
256,217,3,2
256,218,3,2
256,219,3,2
256,220,3,2
256,221,3,2
256,222,3,2
256,223,3,2
256,224,3,2
256,225,3,2
256,226,3,2
256,227,3,2
256,228,3,2
256,229,3,2
256,230,3,2
256,231,3,2
256,232,3,2
256,233,3,2
256,234,3,2
256,235,3,2
256,236,3,2
256,237,3,2
256,238,3,2
256,239,3,2
256,240,3,2
256,241,3,2
256,242,3,2
256,243,3,2
256,244,3,2
256,245,3,2
256,246,3,2
256,247,3,2
256,248,3,2
256,249,3,2
256,250,3,2
256,251,3,2
256,252,3,2
256,253,3,2
256,254,3,2
256,255,3,2
256,256,3,2
256,257,3,2
256,258,3,2
256,259,3,2
256,260,3,2
256,261,3,2
256,262,3,2
256,263,3,2
256,264,3,2
256,265,3,2
256,266,3,2
256,267,3,2
256,268,3,2
256,269,3,2
256,270,3,2
256,271,3,2
256,272,3,2
256,273,3,2
256,274,3,2
256,275,3,2
256,276,3,2
256,277,3,2
256,278,3,2
256,279,3,2
256,280,3,2
256,281,3,2
256,282,3,2
256,283,3,2
256,284,3,2
256,285,3,2
256,286,3,2
256,287,3,2
256,288,3,2
256,289,3,2
256,290,3,2
256,291,3,2
256,292,3,2
256,293,3,2
256,294,3,2
256,295,3,2
256,296,3,2
256,297,3,2
256,298,3,2
256,299,3,2
256,300,3,2
256,301,3,2
257,83,3,3
257,84,3,3
257,85,3,3
257,86,3,3
257,87,3,3
257,88,3,3
257,89,3,3
257,90,3,3
257,91,3,3
257,92,3,3
257,93,3,3
257,94,3,3
257,95,3,3
257,96,3,3
257,97,3,3
257,98,3,3
257,99,3,3
257,100,3,3
257,101,3,3
257,102,3,3
257,103,3,3
257,104,3,3
257,105,3,3
257,106,3,3
257,107,3,3
257,108,3,3
257,109,3,3
257,110,3,3
257,111,3,3
257,112,3,3
257,113,3,3
257,114,3,3
257,115,3,3
257,116,3,3
257,117,3,3
257,118,3,3
257,119,3,3
257,120,3,3
257,121,3,3
257,122,3,3
257,123,3,3
257,124,3,3
257,125,3,3
257,126,3,3
257,127,3,3
257,128,3,3
257,129,3,3
257,130,3,3
257,131,3,3
257,132,3,3
257,133,3,3
257,134,3,3
257,135,3,3
257,136,3,3
257,137,3,3
257,138,3,3
257,139,3,3
257,140,3,3
257,141,3,3
257,142,3,3
257,143,3,3
257,144,3,3
257,145,3,3
257,146,3,3
257,147,3,3
257,148,3,3
257,149,3,3
257,150,3,3
257,151,3,3
257,152,3,3
257,153,3,3
257,154,3,3
257,155,3,3
257,156,3,3
257,157,3,3
257,158,3,3
257,159,3,3
257,160,3,3
257,161,3,3
257,162,3,3
257,163,3,3
257,164,3,3
257,165,3,3
257,166,3,3
257,167,3,3
257,168,3,3
257,169,3,3
257,170,3,3
257,171,3,3
257,172,3,3
257,173,3,3
257,174,3,3
257,175,3,3
257,176,3,2
257,177,3,2
257,178,3,2
257,179,3,2
257,180,3,2
257,181,3,2
257,182,3,2
257,183,3,2
257,184,3,2
257,185,3,2
257,186,3,2
257,187,3,2
257,188,3,2
257,189,3,2
257,190,3,2
257,191,3,2
257,192,3,2
257,193,3,2
257,194,3,2
257,195,3,2
257,196,3,2
257,197,3,2
257,198,3,2
257,199,3,2
257,200,3,2
257,201,3,2
257,202,3,2
257,203,3,2
257,204,3,2
257,205,3,2
257,206,3,2
257,207,3,2
257,208,3,2
257,209,3,2
257,210,3,2
257,211,3,2
257,212,3,2
257,213,3,2
257,214,3,2
257,215,3,2
257,216,3,2
257,217,3,2
257,218,3,2
257,219,3,2
257,220,3,2
257,221,3,2
257,222,3,2
257,223,3,2
257,224,3,2
257,225,3,2
257,226,3,2
257,227,3,2
257,228,3,2
257,229,3,2
257,230,3,2
257,231,3,2
257,232,3,2
257,233,3,2
257,234,3,2
257,235,3,2
257,236,3,2
257,237,3,2
257,238,3,2
257,239,3,2
257,240,3,2
257,241,3,2
257,242,3,2
257,243,3,2
257,244,3,2
257,245,3,2
257,246,3,2
257,247,3,2
257,248,3,2
257,249,3,2
257,250,3,2
257,251,3,2
257,252,3,2
257,253,3,2
257,254,3,2
257,255,3,2
257,256,3,2
257,257,3,2
257,258,3,2
257,259,3,2
257,260,3,2
257,261,3,2
257,262,3,2
257,263,3,2
257,264,3,2
257,265,3,2
257,266,3,2
257,267,3,2
257,268,3,2
257,269,3,2
257,270,3,2
257,271,3,2
257,272,3,2
257,273,3,2
257,274,3,2
257,275,3,2
257,276,3,2
257,277,3,2
257,278,3,2
257,279,3,2
257,280,3,2
257,281,3,2
257,282,3,2
257,283,3,2
257,284,3,2
257,285,3,2
257,286,3,2
257,287,3,2
257,288,3,2
257,289,3,2
257,290,3,2
257,291,3,2
257,292,3,2
257,293,3,2
257,294,3,2
257,295,3,2
257,296,3,2
257,297,3,2
257,298,3,2
257,299,3,2
257,300,3,2
258,83,3,3
258,84,3,3
258,85,3,3
258,86,3,3
258,87,3,3
258,88,3,3
258,89,3,3
258,90,3,3
258,91,3,3
258,92,3,3
258,93,3,3
258,94,3,3
258,95,3,3
258,96,3,3
258,97,3,3
258,98,3,3
258,99,3,3
258,100,3,3
258,101,3,3
258,102,3,3
258,103,3,3
258,104,3,3
258,105,3,3
258,106,3,3
258,107,3,3
258,108,3,3
258,109,3,3
258,110,3,3
258,111,3,3
258,112,3,3
258,113,3,3
258,114,3,3
258,115,3,3
258,116,3,3
258,117,3,3
258,118,3,3
258,119,3,3
258,120,3,3
258,121,3,3
258,122,3,3
258,123,3,3
258,124,3,3
258,125,3,3
258,126,3,3
258,127,3,3
258,128,3,3
258,129,3,3
258,130,3,3
258,131,3,3
258,132,3,3
258,133,3,3
258,134,3,3
258,135,3,3
258,136,3,3
258,137,3,3
258,138,3,3
258,139,3,3
258,140,3,3
258,141,3,3
258,142,3,3
258,143,3,3
258,144,3,3
258,145,3,3
258,146,3,3
258,147,3,3
258,148,3,3
258,149,3,3
258,150,3,3
258,151,3,3
258,152,3,3
258,153,3,3
258,154,3,3
258,155,3,3
258,156,3,3
258,157,3,3
258,158,3,3
258,159,3,3
258,160,3,3
258,161,3,3
258,162,3,3
258,163,3,3
258,164,3,3
258,165,3,3
258,166,3,3
258,167,3,3
258,168,3,3
258,169,3,3
258,170,3,3
258,171,3,3
258,172,3,3
258,173,3,3
258,174,3,3
258,175,3,2
258,176,3,2
258,177,3,2
258,178,3,2
258,179,3,2
258,180,3,2
258,181,3,2
258,182,3,2
258,183,3,2
258,184,3,2
258,185,3,2
258,186,3,2
258,187,3,2
258,188,3,2
258,189,3,2
258,190,3,2
258,191,3,2
258,192,3,2
258,193,3,2
258,194,3,2
258,195,3,2
258,196,3,2
258,197,3,2
258,198,3,2
258,199,3,2
258,200,3,2
258,201,3,2
258,202,3,2
258,203,3,2
258,204,3,2
258,205,3,2
258,206,3,2
258,207,3,2
258,208,3,2
258,209,3,2
258,210,3,2
258,211,3,2
258,212,3,2
258,213,3,2
258,214,3,2
258,215,3,2
258,216,3,2
258,217,3,2
258,218,3,2
258,219,3,2
258,220,3,2
258,221,3,2
258,222,3,2
258,223,3,2
258,224,3,2
258,225,3,2
258,226,3,2
258,227,3,2
258,228,3,2
258,229,3,2
258,230,3,2
258,231,3,2
258,232,3,2
258,233,3,2
258,234,3,2
258,235,3,2
258,236,3,2
258,237,3,2
258,238,3,2
258,239,3,2
258,240,3,2
258,241,3,2
258,242,3,2
258,243,3,2
258,244,3,2
258,245,3,2
258,246,3,2
258,247,3,2
258,248,3,2
258,249,3,2
258,250,3,2
258,251,3,2
258,252,3,2
258,253,3,2
258,254,3,2
258,255,3,2
258,256,3,2
258,257,3,2
258,258,3,2
258,259,3,2
258,260,3,2
258,261,3,2
258,262,3,2
258,263,3,2
258,264,3,2
258,265,3,2
258,266,3,2
258,267,3,2
258,268,3,2
258,269,3,2
258,270,3,2
258,271,3,2
258,272,3,2
258,273,3,2
258,274,3,2
258,275,3,2
258,276,3,2
258,277,3,2
258,278,3,2
258,279,3,2
258,280,3,2
258,281,3,2
258,282,3,2
258,283,3,2
258,284,3,2
258,285,3,2
258,286,3,2
258,287,3,2
258,288,3,2
258,289,3,2
258,290,3,2
258,291,3,2
258,292,3,2
258,293,3,2
258,294,3,2
258,295,3,2
258,296,3,2
258,297,3,2
258,298,3,2
258,299,3,2
259,83,3,3
259,84,3,3
259,85,3,3
259,86,3,3
259,87,3,3
259,88,3,3
259,89,3,3
259,90,3,3
259,91,3,3
259,92,3,3
259,93,3,3
259,94,3,3
259,95,3,3
259,96,3,3
259,97,3,3
259,98,3,3
259,99,3,3
259,100,3,3
259,101,3,3
259,102,3,3
259,103,3,3
259,104,3,3
259,105,3,3
259,106,3,3
259,107,3,3
259,108,3,3
259,109,3,3
259,110,3,3
259,111,3,3
259,112,3,3
259,113,3,3
259,114,3,3
259,115,3,3
259,116,3,3
259,117,3,3
259,118,3,3
259,119,3,3
259,120,3,3
259,121,3,3
259,122,3,3
259,123,3,3
259,124,3,3
259,125,3,3
259,126,3,3
259,127,3,3
259,128,3,3
259,129,3,3
259,130,3,3
259,131,3,3
259,132,3,3
259,133,3,3
259,134,3,3
259,135,3,3
259,136,3,3
259,137,3,3
259,138,3,3
259,139,3,3
259,140,3,3
259,141,3,3
259,142,3,3
259,143,3,3
259,144,3,3
259,145,3,3
259,146,3,3
259,147,3,3
259,148,3,3
259,149,3,3
259,150,3,3
259,151,3,3
259,152,3,3
259,153,3,3
259,154,3,3
259,155,3,3
259,156,3,3
259,157,3,3
259,158,3,3
259,159,3,3
259,160,3,3
259,161,3,3
259,162,3,3
259,163,3,3
259,164,3,3
259,165,3,3
259,166,3,3
259,167,3,3
259,168,3,3
259,169,3,3
259,170,3,3
259,171,3,3
259,172,3,3
259,173,3,3
259,174,3,3
259,175,3,2
259,176,3,2
259,177,3,2
259,178,3,2
259,179,3,2
259,180,3,2
259,181,3,2
259,182,3,2
259,183,3,2
259,184,3,2
259,185,3,2
259,186,3,2
259,187,3,2
259,188,3,2
259,189,3,2
259,190,3,2
259,191,3,2
259,192,3,2
259,193,3,2
259,194,3,2
259,195,3,2
259,196,3,2
259,197,3,2
259,198,3,2
259,199,3,2
259,200,3,2
259,201,3,2
259,202,3,2
259,203,3,2
259,204,3,2
259,205,3,2
259,206,3,2
259,207,3,2
259,208,3,2
259,209,3,2
259,210,3,2
259,211,3,2
259,212,3,2
259,213,3,2
259,214,3,2
259,215,3,2
259,216,3,2
259,217,3,2
259,218,3,2
259,219,3,2
259,220,3,2
259,221,3,2
259,222,3,2
259,223,3,2
259,224,3,2
259,225,3,2
259,226,3,2
259,227,3,2
259,228,3,2
259,229,3,2
259,230,3,2
259,231,3,2
259,232,3,2
259,233,3,2
259,234,3,2
259,235,3,2
259,236,3,2
259,237,3,2
259,238,3,2
259,239,3,2
259,240,3,2
259,241,3,2
259,242,3,2
259,243,3,2
259,244,3,2
259,245,3,2
259,246,3,2
259,247,3,2
259,248,3,2
259,249,3,2
259,250,3,2
259,251,3,2
259,252,3,2
259,253,3,2
259,254,3,2
259,255,3,2
259,256,3,2
259,257,3,2
259,258,3,2
259,259,3,2
259,260,3,2
259,261,3,2
259,262,3,2
259,263,3,2
259,264,3,2
259,265,3,2
259,266,3,2
259,267,3,2
259,268,3,2
259,269,3,2
259,270,3,2
259,271,3,2
259,272,3,2
259,273,3,2
259,274,3,2
259,275,3,2
259,276,3,2
259,277,3,2
259,278,3,2
259,279,3,2
259,280,3,2
259,281,3,2
259,282,3,2
259,283,3,2
259,284,3,2
259,285,3,2
259,286,3,2
259,287,3,2
259,288,3,2
259,289,3,2
259,290,3,2
259,291,3,2
259,292,3,2
259,293,3,2
259,294,3,2
259,295,3,2
259,296,3,2
259,297,3,2
259,298,3,2
259,299,3,2
260,83,3,3
260,84,3,3
260,85,3,3
260,86,3,3
260,87,3,3
260,88,3,3
260,89,3,3
260,90,3,3
260,91,3,3
260,92,3,3
260,93,3,3
260,94,3,3
260,95,3,3
260,96,3,3
260,97,3,3
260,98,3,3
260,99,3,3
260,100,3,3
260,101,3,3
260,102,3,3
260,103,3,3
260,104,3,3
260,105,3,3
260,106,3,3
260,107,3,3
260,108,3,3
260,109,3,3
260,110,3,3
260,111,3,3
260,112,3,3
260,113,3,3
260,114,3,3
260,115,3,3
260,116,3,3
260,117,3,3
260,118,3,3
260,119,3,3
260,120,3,3
260,121,3,3
260,122,3,3
260,123,3,3
260,124,3,3
260,125,3,3
260,126,3,3
260,127,3,3
260,128,3,3
260,129,3,3
260,130,3,3
260,131,3,3
260,132,3,3
260,133,3,3
260,134,3,3
260,135,3,3
260,136,3,3
260,137,3,3
260,138,3,3
260,139,3,3
260,140,3,3
260,141,3,3
260,142,3,3
260,143,3,3
260,144,3,3
260,145,3,3
260,146,3,3
260,147,3,3
260,148,3,3
260,149,3,3
260,150,3,3
260,151,3,3
260,152,3,3
260,153,3,3
260,154,3,3
260,155,3,3
260,156,3,3
260,157,3,3
260,158,3,3
260,159,3,3
260,160,3,3
260,161,3,3
260,162,3,3
260,163,3,3
260,164,3,3
260,165,3,3
260,166,3,3
260,167,3,3
260,168,3,3
260,169,3,3
260,170,3,3
260,171,3,3
260,172,3,3
260,173,3,3
260,174,3,2
260,175,3,2
260,176,3,2
260,177,3,2
260,178,3,2
260,179,3,2
260,180,3,2
260,181,3,2
260,182,3,2
260,183,3,2
260,184,3,2
260,185,3,2
260,186,3,2
260,187,3,2
260,188,3,2
260,189,3,2
260,190,3,2
260,191,3,2
260,192,3,2
260,193,3,2
260,194,3,2
260,195,3,2
260,196,3,2
260,197,3,2
260,198,3,2
260,199,3,2
260,200,3,2
260,201,3,2
260,202,3,2
260,203,3,2
260,204,3,2
260,205,3,2
260,206,3,2
260,207,3,2
260,208,3,2
260,209,3,2
260,210,3,2
260,211,3,2
260,212,3,2
260,213,3,2
260,214,3,2
260,215,3,2
260,216,3,2
260,217,3,2
260,218,3,2
260,219,3,2
260,220,3,2
260,221,3,2
260,222,3,2
260,223,3,2
260,224,3,2
260,225,3,2
260,226,3,2
260,227,3,2
260,228,3,2
260,229,3,2
260,230,3,2
260,231,3,2
260,232,3,2
260,233,3,2
260,234,3,2
260,235,3,2
260,236,3,2
260,237,3,2
260,238,3,2
260,239,3,2
260,240,3,2
260,241,3,2
260,242,3,2
260,243,3,2
260,244,3,2
260,245,3,2
260,246,3,2
260,247,3,2
260,248,3,2
260,249,3,2
260,250,3,2
260,251,3,2
260,252,3,2
260,253,3,2
260,254,3,2
260,255,3,2
260,256,3,2
260,257,3,2
260,258,3,2
260,259,3,2
260,260,3,2
260,261,3,2
260,262,3,2
260,263,3,2
260,264,3,2
260,265,3,2
260,266,3,2
260,267,3,2
260,268,3,2
260,269,3,2
260,270,3,2
260,271,3,2
260,272,3,2
260,273,3,2
260,274,3,2
260,275,3,2
260,276,3,2
260,277,3,2
260,278,3,2
260,279,3,2
260,280,3,2
260,281,3,2
260,282,3,2
260,283,3,2
260,284,3,2
260,285,3,2
260,286,3,2
260,287,3,2
260,288,3,2
260,289,3,2
260,290,3,2
260,291,3,2
260,292,3,2
260,293,3,2
260,294,3,2
260,295,3,2
260,296,3,2
260,297,3,2
260,298,3,2
261,83,3,3
261,84,3,3
261,85,3,3
261,86,3,3
261,87,3,3
261,88,3,3
261,89,3,3
261,90,3,3
261,91,3,3
261,92,3,3
261,93,3,3
261,94,3,3
261,95,3,3
261,96,3,3
261,97,3,3
261,98,3,3
261,99,3,3
261,100,3,3
261,101,3,3
261,102,3,3
261,103,3,3
261,104,3,3
261,105,3,3
261,106,3,3
261,107,3,3
261,108,3,3
261,109,3,3
261,110,3,3
261,111,3,3
261,112,3,3
261,113,3,3
261,114,3,3
261,115,3,3
261,116,3,3
261,117,3,3
261,118,3,3
261,119,3,3
261,120,3,3
261,121,3,3
261,122,3,3
261,123,3,3
261,124,3,3
261,125,3,3
261,126,3,3
261,127,3,3
261,128,3,3
261,129,3,3
261,130,3,3
261,131,3,3
261,132,3,3
261,133,3,3
261,134,3,3
261,135,3,3
261,136,3,3
261,137,3,3
261,138,3,3
261,139,3,3
261,140,3,3
261,141,3,3
261,142,3,3
261,143,3,3
261,144,3,3
261,145,3,3
261,146,3,3
261,147,3,3
261,148,3,3
261,149,3,3
261,150,3,3
261,151,3,3
261,152,3,3
261,153,3,3
261,154,3,3
261,155,3,3
261,156,3,3
261,157,3,3
261,158,3,3
261,159,3,3
261,160,3,3
261,161,3,3
261,162,3,3
261,163,3,3
261,164,3,3
261,165,3,3
261,166,3,3
261,167,3,3
261,168,3,3
261,169,3,3
261,170,3,3
261,171,3,3
261,172,3,3
261,173,3,3
261,174,3,2
261,175,3,2
261,176,3,2
261,177,3,2
261,178,3,2
261,179,3,2
261,180,3,2
261,181,3,2
261,182,3,2
261,183,3,2
261,184,3,2
261,185,3,2
261,186,3,2
261,187,3,2
261,188,3,2
261,189,3,2
261,190,3,2
261,191,3,2
261,192,3,2
261,193,3,2
261,194,3,2
261,195,3,2
261,196,3,2
261,197,3,2
261,198,3,2
261,199,3,2
261,200,3,2
261,201,3,2
261,202,3,2
261,203,3,2
261,204,3,2
261,205,3,2
261,206,3,2
261,207,3,2
261,208,3,2
261,209,3,2
261,210,3,2
261,211,3,2
261,212,3,2
261,213,3,2
261,214,3,2
261,215,3,2
261,216,3,2
261,217,3,2
261,218,3,2
261,219,3,2
261,220,3,2
261,221,3,2
261,222,3,2
261,223,3,2
261,224,3,2
261,225,3,2
261,226,3,2
261,227,3,2
261,228,3,2
261,229,3,2
261,230,3,2
261,231,3,2
261,232,3,2
261,233,3,2
261,234,3,2
261,235,3,2
261,236,3,2
261,237,3,2
261,238,3,2
261,239,3,2
261,240,3,2
261,241,3,2
261,242,3,2
261,243,3,2
261,244,3,2
261,245,3,2
261,246,3,2
261,247,3,2
261,248,3,2
261,249,3,2
261,250,3,2
261,251,3,2
261,252,3,2
261,253,3,2
261,254,3,2
261,255,3,2
261,256,3,2
261,257,3,2
261,258,3,2
261,259,3,2
261,260,3,2
261,261,3,2
261,262,3,2
261,263,3,2
261,264,3,2
261,265,3,2
261,266,3,2
261,267,3,2
261,268,3,2
261,269,3,2
261,270,3,2
261,271,3,2
261,272,3,2
261,273,3,2
261,274,3,2
261,275,3,2
261,276,3,2
261,277,3,2
261,278,3,2
261,279,3,2
261,280,3,2
261,281,3,2
261,282,3,2
261,283,3,2
261,284,3,2
261,285,3,2
261,286,3,2
261,287,3,2
261,288,3,2
261,289,3,2
261,290,3,2
261,291,3,2
261,292,3,2
261,293,3,2
261,294,3,2
261,295,3,2
261,296,3,2
261,297,3,2
262,83,3,3
262,84,3,3
262,85,3,3
262,86,3,3
262,87,3,3
262,88,3,3
262,89,3,3
262,90,3,3
262,91,3,3
262,92,3,3
262,93,3,3
262,94,3,3
262,95,3,3
262,96,3,3
262,97,3,3
262,98,3,3
262,99,3,3
262,100,3,3
262,101,3,3
262,102,3,3
262,103,3,3
262,104,3,3
262,105,3,3
262,106,3,3
262,107,3,3
262,108,3,3
262,109,3,3
262,110,3,3
262,111,3,3
262,112,3,3
262,113,3,3
262,114,3,3
262,115,3,3
262,116,3,3
262,117,3,3
262,118,3,3
262,119,3,3
262,120,3,3
262,121,3,3
262,122,3,3
262,123,3,3
262,124,3,3
262,125,3,3
262,126,3,3
262,127,3,3
262,128,3,3
262,129,3,3
262,130,3,3
262,131,3,3
262,132,3,3
262,133,3,3
262,134,3,3
262,135,3,3
262,136,3,3
262,137,3,3
262,138,3,3
262,139,3,3
262,140,3,3
262,141,3,3
262,142,3,3
262,143,3,3
262,144,3,3
262,145,3,3
262,146,3,3
262,147,3,3
262,148,3,3
262,149,3,3
262,150,3,3
262,151,3,3
262,152,3,3
262,153,3,3
262,154,3,3
262,155,3,3
262,156,3,3
262,157,3,3
262,158,3,3
262,159,3,3
262,160,3,3
262,161,3,3
262,162,3,3
262,163,3,3
262,164,3,3
262,165,3,3
262,166,3,3
262,167,3,3
262,168,3,3
262,169,3,3
262,170,3,3
262,171,3,3
262,172,3,3
262,173,3,3
262,174,3,2
262,175,3,2
262,176,3,2
262,177,3,2
262,178,3,2
262,179,3,2
262,180,3,2
262,181,3,2
262,182,3,2
262,183,3,2
262,184,3,2
262,185,3,2
262,186,3,2
262,187,3,2
262,188,3,2
262,189,3,2
262,190,3,2
262,191,3,2
262,192,3,2
262,193,3,2
262,194,3,2
262,195,3,2
262,196,3,2
262,197,3,2
262,198,3,2
262,199,3,2
262,200,3,2
262,201,3,2
262,202,3,2
262,203,3,2
262,204,3,2
262,205,3,2
262,206,3,2
262,207,3,2
262,208,3,2
262,209,3,2
262,210,3,2
262,211,3,2
262,212,3,2
262,213,3,2
262,214,3,2
262,215,3,2
262,216,3,2
262,217,3,2
262,218,3,2
262,219,3,2
262,220,3,2
262,221,3,2
262,222,3,2
262,223,3,2
262,224,3,2
262,225,3,2
262,226,3,2
262,227,3,2
262,228,3,2
262,229,3,2
262,230,3,2
262,231,3,2
262,232,3,2
262,233,3,2
262,234,3,2
262,235,3,2
262,236,3,2
262,237,3,2
262,238,3,2
262,239,3,2
262,240,3,2
262,241,3,2
262,242,3,2
262,243,3,2
262,244,3,2
262,245,3,2
262,246,3,2
262,247,3,2
262,248,3,2
262,249,3,2
262,250,3,2
262,251,3,2
262,252,3,2
262,253,3,2
262,254,3,2
262,255,3,2
262,256,3,2
262,257,3,2
262,258,3,2
262,259,3,2
262,260,3,2
262,261,3,2
262,262,3,2
262,263,3,2
262,264,3,2
262,265,3,2
262,266,3,2
262,267,3,2
262,268,3,2
262,269,3,2
262,270,3,2
262,271,3,2
262,272,3,2
262,273,3,2
262,274,3,2
262,275,3,2
262,276,3,2
262,277,3,2
262,278,3,2
262,279,3,2
262,280,3,2
262,281,3,2
262,282,3,2
262,283,3,2
262,284,3,2
262,285,3,2
262,286,3,2
262,287,3,2
262,288,3,2
262,289,3,2
262,290,3,2
262,291,3,2
262,292,3,2
262,293,3,2
262,294,3,2
262,295,3,2
262,296,3,2
263,83,3,3
263,84,3,3
263,85,3,3
263,86,3,3
263,87,3,3
263,88,3,3
263,89,3,3
263,90,3,3
263,91,3,3
263,92,3,3
263,93,3,3
263,94,3,3
263,95,3,3
263,96,3,3
263,97,3,3
263,98,3,3
263,99,3,3
263,100,3,3
263,101,3,3
263,102,3,3
263,103,3,3
263,104,3,3
263,105,3,3
263,106,3,3
263,107,3,3
263,108,3,3
263,109,3,3
263,110,3,3
263,111,3,3
263,112,3,3
263,113,3,3
263,114,3,3
263,115,3,3
263,116,3,3
263,117,3,3
263,118,3,3
263,119,3,3
263,120,3,3
263,121,3,3
263,122,3,3
263,123,3,3
263,124,3,3
263,125,3,3
263,126,3,3
263,127,3,3
263,128,3,3
263,129,3,3
263,130,3,3
263,131,3,3
263,132,3,3
263,133,3,3
263,134,3,3
263,135,3,3
263,136,3,3
263,137,3,3
263,138,3,3
263,139,3,3
263,140,3,3
263,141,3,3
263,142,3,3
263,143,3,3
263,144,3,3
263,145,3,3
263,146,3,3
263,147,3,3
263,148,3,3
263,149,3,3
263,150,3,3
263,151,3,3
263,152,3,3
263,153,3,3
263,154,3,3
263,155,3,3
263,156,3,3
263,157,3,3
263,158,3,3
263,159,3,3
263,160,3,3
263,161,3,3
263,162,3,3
263,163,3,3
263,164,3,3
263,165,3,3
263,166,3,3
263,167,3,3
263,168,3,3
263,169,3,3
263,170,3,3
263,171,3,3
263,172,3,3
263,173,3,3
263,174,3,2
263,175,3,2
263,176,3,2
263,177,3,2
263,178,3,2
263,179,3,2
263,180,3,2
263,181,3,2
263,182,3,2
263,183,3,2
263,184,3,2
263,185,3,2
263,186,3,2
263,187,3,2
263,188,3,2
263,189,3,2
263,190,3,2
263,191,3,2
263,192,3,2
263,193,3,2
263,194,3,2
263,195,3,2
263,196,3,2
263,197,3,2
263,198,3,2
263,199,3,3
263,200,3,3
263,201,3,3
263,202,3,3
263,203,3,2
263,204,3,2
263,205,3,2
263,206,3,2
263,207,3,2
263,208,3,2
263,209,3,2
263,210,3,2
263,211,3,2
263,212,3,2
263,213,3,2
263,214,3,2
263,215,3,2
263,216,3,2
263,217,3,2
263,218,3,2
263,219,3,2
263,220,3,2
263,221,3,2
263,222,3,2
263,223,3,2
263,224,3,2
263,225,3,2
263,226,3,2
263,227,3,2
263,228,3,2
263,229,3,2
263,230,3,2
263,231,3,2
263,232,3,2
263,233,3,2
263,234,3,2
263,235,3,2
263,236,3,2
263,237,3,2
263,238,3,2
263,239,3,2
263,240,3,2
263,241,3,2
263,242,3,2
263,243,3,2
263,244,3,2
263,245,3,2
263,246,3,2
263,247,3,2
263,248,3,2
263,249,3,2
263,250,3,2
263,251,3,2
263,252,3,2
263,253,3,2
263,254,3,2
263,255,3,2
263,256,3,2
263,257,3,2
263,258,3,2
263,259,3,2
263,260,3,2
263,261,3,2
263,262,3,2
263,263,3,2
263,264,3,2
263,265,3,2
263,266,3,2
263,267,3,2
263,268,3,2
263,269,3,2
263,270,3,2
263,271,3,2
263,272,3,2
263,273,3,2
263,274,3,2
263,275,3,2
263,276,3,2
263,277,3,2
263,278,3,2
263,279,3,2
263,280,3,2
263,281,3,2
263,282,3,2
263,283,3,2
263,284,3,2
263,285,3,2
263,286,3,2
263,287,3,2
263,288,3,2
263,289,3,2
263,290,3,2
263,291,3,2
263,292,3,2
263,293,3,2
263,294,3,2
263,295,3,2
264,83,3,3
264,84,3,3
264,85,3,3
264,86,3,3
264,87,3,3
264,88,3,3
264,89,3,3
264,90,3,3
264,91,3,3
264,92,3,3
264,93,3,3
264,94,3,3
264,95,3,3
264,96,3,3
264,97,3,3
264,98,3,3
264,99,3,3
264,100,3,3
264,101,3,3
264,102,3,3
264,103,3,3
264,104,3,3
264,105,3,3
264,106,3,3
264,107,3,3
264,108,3,3
264,109,3,3
264,110,3,3
264,111,3,3
264,112,3,3
264,113,3,3
264,114,3,3
264,115,3,3
264,116,3,3
264,117,3,3
264,118,3,3
264,119,3,3
264,120,3,3
264,121,3,3
264,122,3,3
264,123,3,3
264,124,3,3
264,125,3,3
264,126,3,3
264,127,3,3
264,128,3,3
264,129,3,3
264,130,3,3
264,131,3,3
264,132,3,3
264,133,3,3
264,134,3,3
264,135,3,3
264,136,3,3
264,137,3,3
264,138,3,3
264,139,3,3
264,140,3,3
264,141,3,3
264,142,3,3
264,143,3,3
264,144,3,3
264,145,3,3
264,146,3,3
264,147,3,3
264,148,3,3
264,149,3,3
264,150,3,3
264,151,3,3
264,152,3,3
264,153,3,3
264,154,3,3
264,155,3,3
264,156,3,3
264,157,3,3
264,158,3,3
264,159,3,3
264,160,3,3
264,161,3,3
264,162,3,3
264,163,3,3
264,164,3,3
264,165,3,3
264,166,3,3
264,167,3,3
264,168,3,3
264,169,3,3
264,170,3,3
264,171,3,3
264,172,3,3
264,173,3,3
264,174,3,2
264,175,3,2
264,176,3,2
264,177,3,2
264,178,3,2
264,179,3,2
264,180,3,2
264,181,3,2
264,182,3,2
264,183,3,2
264,184,3,2
264,185,3,2
264,186,3,2
264,187,3,2
264,188,3,2
264,189,3,2
264,190,3,2
264,191,3,2
264,192,3,2
264,193,3,2
264,194,3,2
264,195,3,2
264,196,3,2
264,197,3,2
264,198,3,2
264,199,3,3
264,200,3,3
264,201,3,3
264,202,3,3
264,203,3,2
264,204,3,2
264,205,3,2
264,206,3,2
264,207,3,2
264,208,3,2
264,209,3,2
264,210,3,2
264,211,3,2
264,212,3,2
264,213,3,2
264,214,3,2
264,215,3,2
264,216,3,2
264,217,3,2
264,218,3,2
264,219,3,2
264,220,3,2
264,221,3,2
264,222,3,2
264,223,3,2
264,224,3,2
264,225,3,2
264,226,3,2
264,227,3,2
264,228,3,2
264,229,3,2
264,230,3,2
264,231,3,2
264,232,3,2
264,233,3,2
264,234,3,2
264,235,3,2
264,236,3,2
264,237,3,2
264,238,3,2
264,239,3,2
264,240,3,2
264,241,3,2
264,242,3,2
264,243,3,2
264,244,3,2
264,245,3,2
264,246,3,2
264,247,3,2
264,248,3,2
264,249,3,2
264,250,3,2
264,251,3,2
264,252,3,2
264,253,3,2
264,254,3,2
264,255,3,2
264,256,3,2
264,257,3,2
264,258,3,2
264,259,3,2
264,260,3,2
264,261,3,2
264,262,3,2
264,263,3,2
264,264,3,2
264,265,3,2
264,266,3,2
264,267,3,2
264,268,3,2
264,269,3,2
264,270,3,2
264,271,3,2
264,272,3,2
264,273,3,2
264,274,3,2
264,275,3,2
264,276,3,2
264,277,3,2
264,278,3,2
264,279,3,2
264,280,3,2
264,281,3,2
264,282,3,2
264,283,3,2
264,284,3,2
264,285,3,2
264,286,3,2
264,287,3,2
264,288,3,2
264,289,3,2
264,290,3,2
264,291,3,2
264,292,3,2
264,293,3,2
264,294,3,2
264,295,3,2
265,83,3,3
265,84,3,3
265,85,3,3
265,86,3,3
265,87,3,3
265,88,3,3
265,89,3,3
265,90,3,3
265,91,3,3
265,92,3,3
265,93,3,3
265,94,3,3
265,95,3,3
265,96,3,3
265,97,3,3
265,98,3,3
265,99,3,3
265,100,3,3
265,101,3,3
265,102,3,3
265,103,3,3
265,104,3,3
265,105,3,3
265,106,3,3
265,107,3,3
265,108,3,3
265,109,3,3
265,110,3,3
265,111,3,3
265,112,3,3
265,113,3,3
265,114,3,3
265,115,3,3
265,116,3,3
265,117,3,3
265,118,3,3
265,119,3,3
265,120,3,3
265,121,3,3
265,122,3,3
265,123,3,3
265,124,3,3
265,125,3,3
265,126,3,3
265,127,3,3
265,128,3,3
265,129,3,3
265,130,3,3
265,131,3,3
265,132,3,3
265,133,3,3
265,134,3,3
265,135,3,3
265,136,3,3
265,137,3,3
265,138,3,3
265,139,3,3
265,140,3,3
265,141,3,3
265,142,3,3
265,143,3,3
265,144,3,3
265,145,3,3
265,146,3,3
265,147,3,3
265,148,3,3
265,149,3,3
265,150,3,3
265,151,3,3
265,152,3,3
265,153,3,3
265,154,3,3
265,155,3,3
265,156,3,3
265,157,3,3
265,158,3,3
265,159,3,3
265,160,3,3
265,161,3,3
265,162,3,3
265,163,3,3
265,164,3,3
265,165,3,3
265,166,3,3
265,167,3,3
265,168,3,3
265,169,3,3
265,170,3,3
265,171,3,3
265,172,3,3
265,173,3,3
265,174,3,2
265,175,3,2
265,176,3,2
265,177,3,2
265,178,3,2
265,179,3,2
265,180,3,2
265,181,3,2
265,182,3,2
265,183,3,2
265,184,3,2
265,185,3,2
265,186,3,2
265,187,3,2
265,188,3,2
265,189,3,2
265,190,3,2
265,191,3,2
265,192,3,2
265,193,3,2
265,194,3,2
265,195,3,2
265,196,3,2
265,197,3,3
265,198,3,3
265,199,3,3
265,200,3,3
265,201,3,3
265,202,3,3
265,203,3,3
265,204,3,3
265,205,3,3
265,206,3,3
265,207,3,3
265,208,3,2
265,209,3,2
265,210,3,2
265,211,3,2
265,212,3,2
265,213,3,2
265,214,3,2
265,215,3,2
265,216,3,2
265,217,3,2
265,218,3,2
265,219,3,2
265,220,3,2
265,221,3,2
265,222,3,2
265,223,3,2
265,224,3,2
265,225,3,2
265,226,3,2
265,227,3,2
265,228,3,2
265,229,3,2
265,230,3,2
265,231,3,2
265,232,3,2
265,233,3,2
265,234,3,2
265,235,3,2
265,236,3,2
265,237,3,2
265,238,3,2
265,239,3,2
265,240,3,2
265,241,3,2
265,242,3,2
265,243,3,2
265,244,3,2
265,245,3,2
265,246,3,2
265,247,3,2
265,248,3,2
265,249,3,2
265,250,3,2
265,251,3,2
265,252,3,2
265,253,3,2
265,254,3,2
265,255,3,2
265,256,3,2
265,257,3,2
265,258,3,2
265,259,3,2
265,260,3,2
265,261,3,2
265,262,3,2
265,263,3,2
265,264,3,2
265,265,3,2
265,266,3,2
265,267,3,2
265,268,3,2
265,269,3,2
265,270,3,2
265,271,3,2
265,272,3,2
265,273,3,2
265,274,3,2
265,275,3,2
265,276,3,2
265,277,3,2
265,278,3,2
265,279,3,2
265,280,3,2
265,281,3,2
265,282,3,2
265,283,3,2
265,284,3,2
265,285,3,2
265,286,3,2
265,287,3,2
265,288,3,2
265,289,3,2
265,290,3,2
265,291,3,2
265,292,3,2
265,293,3,2
265,294,3,2
266,83,3,3
266,84,3,3
266,85,3,3
266,86,3,3
266,87,3,3
266,88,3,3
266,89,3,3
266,90,3,3
266,91,3,3
266,92,3,3
266,93,3,3
266,94,3,3
266,95,3,3
266,96,3,3
266,97,3,3
266,98,3,3
266,99,3,3
266,100,3,3
266,101,3,3
266,102,3,3
266,103,3,3
266,104,3,3
266,105,3,3
266,106,3,3
266,107,3,3
266,108,3,3
266,109,3,3
266,110,3,3
266,111,3,3
266,112,3,3
266,113,3,3
266,114,3,3
266,115,3,3
266,116,3,3
266,117,3,3
266,118,3,3
266,119,3,3
266,120,3,3
266,121,3,3
266,122,3,3
266,123,3,3
266,124,3,3
266,125,3,3
266,126,3,3
266,127,3,3
266,128,3,3
266,129,3,3
266,130,3,3
266,131,3,3
266,132,3,3
266,133,3,3
266,134,3,3
266,135,3,3
266,136,3,3
266,137,3,3
266,138,3,3
266,139,3,3
266,140,3,3
266,141,3,3
266,142,3,3
266,143,3,3
266,144,3,3
266,145,3,3
266,146,3,3
266,147,3,3
266,148,3,3
266,149,3,3
266,150,3,3
266,151,3,3
266,152,3,3
266,153,3,3
266,154,3,3
266,155,3,3
266,156,3,3
266,157,3,3
266,158,3,3
266,159,3,3
266,160,3,3
266,161,3,3
266,162,3,3
266,163,3,3
266,164,3,3
266,165,3,3
266,166,3,3
266,167,3,3
266,168,3,3
266,169,3,3
266,170,3,3
266,171,3,3
266,172,3,3
266,173,3,3
266,174,3,3
266,175,3,2
266,176,3,2
266,177,3,2
266,178,3,2
266,179,3,2
266,180,3,2
266,181,3,2
266,182,3,2
266,183,3,2
266,184,3,2
266,185,3,2
266,186,3,2
266,187,3,2
266,188,3,2
266,189,3,2
266,190,3,2
266,191,3,2
266,192,3,2
266,193,3,2
266,194,3,2
266,195,3,2
266,196,3,2
266,197,3,3
266,198,3,3
266,199,3,3
266,200,3,3
266,201,3,3
266,202,3,3
266,203,3,3
266,204,3,3
266,205,3,3
266,206,3,3
266,207,3,3
266,208,3,3
266,209,3,2
266,210,3,2
266,211,3,2
266,212,3,2
266,213,3,2
266,214,3,2
266,215,3,2
266,216,3,2
266,217,3,2
266,218,3,2
266,219,3,2
266,220,3,2
266,221,3,2
266,222,3,2
266,223,3,2
266,224,3,2
266,225,3,2
266,226,3,2
266,227,3,2
266,228,3,2
266,229,3,2
266,230,3,2
266,231,3,2
266,232,3,2
266,233,3,2
266,234,3,2
266,235,3,2
266,236,3,2
266,237,3,2
266,238,3,2
266,239,3,2
266,240,3,2
266,241,3,2
266,242,3,2
266,243,3,2
266,244,3,2
266,245,3,2
266,246,3,2
266,247,3,2
266,248,3,2
266,249,3,2
266,250,3,2
266,251,3,2
266,252,3,2
266,253,3,2
266,254,3,2
266,255,3,2
266,256,3,2
266,257,3,2
266,258,3,2
266,259,3,2
266,260,3,2
266,261,3,2
266,262,3,2
266,263,3,2
266,264,3,2
266,265,3,2
266,266,3,2
266,267,3,2
266,268,3,2
266,269,3,2
266,270,3,2
266,271,3,2
266,272,3,2
266,273,3,2
266,274,3,2
266,275,3,2
266,276,3,2
266,277,3,2
266,278,3,2
266,279,3,2
266,280,3,2
266,281,3,2
266,282,3,2
266,283,3,2
266,284,3,2
266,285,3,2
266,286,3,2
266,287,3,2
266,288,3,2
266,289,3,2
266,290,3,2
266,291,3,2
266,292,3,2
266,293,3,3
267,83,3,3
267,84,3,3
267,85,3,3
267,86,3,3
267,87,3,3
267,88,3,3
267,89,3,3
267,90,3,3
267,91,3,3
267,92,3,3
267,93,3,3
267,94,3,3
267,95,3,3
267,96,3,3
267,97,3,3
267,98,3,3
267,99,3,3
267,100,3,3
267,101,3,3
267,102,3,3
267,103,3,3
267,104,3,3
267,105,3,3
267,106,3,3
267,107,3,3
267,108,3,3
267,109,3,3
267,110,3,3
267,111,3,3
267,112,3,3
267,113,3,3
267,114,3,3
267,115,3,3
267,116,3,3
267,117,3,3
267,118,3,3
267,119,3,3
267,120,3,3
267,121,3,3
267,122,3,3
267,123,3,3
267,124,3,3
267,125,3,3
267,126,3,3
267,127,3,3
267,128,3,3
267,129,3,3
267,130,3,3
267,131,3,3
267,132,3,3
267,133,3,3
267,134,3,3
267,135,3,3
267,136,3,3
267,137,3,3
267,138,3,3
267,139,3,3
267,140,3,3
267,141,3,3
267,142,3,3
267,143,3,3
267,144,3,3
267,145,3,3
267,146,3,3
267,147,3,3
267,148,3,3
267,149,3,3
267,150,3,3
267,151,3,3
267,152,3,3
267,153,3,3
267,154,3,3
267,155,3,3
267,156,3,3
267,157,3,3
267,158,3,3
267,159,3,3
267,160,3,3
267,161,3,3
267,162,3,3
267,163,3,3
267,164,3,3
267,165,3,3
267,166,3,3
267,167,3,3
267,168,3,3
267,169,3,3
267,170,3,3
267,171,3,3
267,172,3,3
267,173,3,3
267,174,3,3
267,175,3,3
267,176,3,2
267,177,3,2
267,178,3,2
267,179,3,2
267,180,3,2
267,181,3,2
267,182,3,2
267,183,3,2
267,184,3,2
267,185,3,2
267,186,3,2
267,187,3,2
267,188,3,2
267,189,3,2
267,190,3,2
267,191,3,2
267,192,3,2
267,193,3,2
267,194,3,2
267,195,3,2
267,196,3,2
267,197,3,2
267,198,3,2
267,199,3,3
267,200,3,3
267,201,3,3
267,202,3,3
267,203,3,3
267,204,3,3
267,205,3,3
267,206,3,3
267,207,3,3
267,208,3,3
267,209,3,2
267,210,3,2
267,211,3,2
267,212,3,2
267,213,3,2
267,214,3,2
267,215,3,2
267,216,3,2
267,217,3,2
267,218,3,2
267,219,3,2
267,220,3,2
267,221,3,2
267,222,3,2
267,223,3,2
267,224,3,2
267,225,3,2
267,226,3,2
267,227,3,2
267,228,3,2
267,229,3,2
267,230,3,2
267,231,3,2
267,232,3,2
267,233,3,2
267,234,3,2
267,235,3,2
267,236,3,2
267,237,3,2
267,238,3,2
267,239,3,2
267,240,3,2
267,241,3,2
267,242,3,2
267,243,3,2
267,244,3,2
267,245,3,2
267,246,3,2
267,247,3,2
267,248,3,2
267,249,3,2
267,250,3,2
267,251,3,2
267,252,3,2
267,253,3,2
267,254,3,2
267,255,3,2
267,256,3,2
267,257,3,2
267,258,3,2
267,259,3,2
267,260,3,2
267,261,3,2
267,262,3,2
267,263,3,2
267,264,3,2
267,265,3,2
267,266,3,2
267,267,3,2
267,268,3,2
267,269,3,2
267,270,3,2
267,271,3,2
267,272,3,2
267,273,3,2
267,274,3,2
267,275,3,2
267,276,3,2
267,277,3,2
267,278,3,2
267,279,3,2
267,280,3,2
267,281,3,2
267,282,3,2
267,283,3,2
267,284,3,2
267,285,3,2
267,286,3,2
267,287,3,2
267,288,3,2
267,289,3,2
267,290,3,2
267,291,3,2
267,292,3,2
268,84,3,3
268,85,3,3
268,86,3,3
268,87,3,3
268,88,3,3
268,89,3,3
268,90,3,3
268,91,3,3
268,92,3,3
268,93,3,3
268,94,3,3
268,95,3,3
268,96,3,3
268,97,3,3
268,98,3,3
268,99,3,3
268,100,3,3
268,101,3,3
268,102,3,3
268,103,3,3
268,104,3,3
268,105,3,3
268,106,3,3
268,107,3,3
268,108,3,3
268,109,3,3
268,110,3,3
268,111,3,3
268,112,3,3
268,113,3,3
268,114,3,3
268,115,3,3
268,116,3,3
268,117,3,3
268,118,3,3
268,119,3,3
268,120,3,3
268,121,3,3
268,122,3,3
268,123,3,3
268,124,3,3
268,125,3,3
268,126,3,3
268,127,3,3
268,128,3,3
268,129,3,3
268,130,3,3
268,131,3,3
268,132,3,3
268,133,3,3
268,134,3,3
268,135,3,3
268,136,3,3
268,137,3,3
268,138,3,3
268,139,3,3
268,140,3,3
268,141,3,3
268,142,3,3
268,143,3,3
268,144,3,3
268,145,3,3
268,146,3,3
268,147,3,3
268,148,3,3
268,149,3,3
268,150,3,3
268,151,3,3
268,152,3,3
268,153,3,3
268,154,3,3
268,155,3,3
268,156,3,3
268,157,3,3
268,158,3,3
268,159,3,3
268,160,3,3
268,161,3,3
268,162,3,3
268,163,3,3
268,164,3,3
268,165,3,3
268,166,3,3
268,167,3,3
268,168,3,3
268,169,3,3
268,170,3,3
268,171,3,3
268,172,3,3
268,173,3,3
268,174,3,3
268,175,3,3
268,176,3,3
268,177,3,2
268,178,3,2
268,179,3,2
268,180,3,2
268,181,3,2
268,182,3,2
268,183,3,2
268,184,3,2
268,185,3,2
268,186,3,2
268,187,3,2
268,188,3,2
268,189,3,2
268,190,3,2
268,191,3,2
268,192,3,2
268,193,3,2
268,194,3,2
268,195,3,2
268,196,3,2
268,197,3,2
268,198,3,2
268,199,3,3
268,200,3,3
268,201,3,3
268,202,3,3
268,203,3,3
268,204,3,3
268,205,3,3
268,206,3,3
268,207,3,3
268,208,3,3
268,209,3,2
268,210,3,2
268,211,3,2
268,212,3,2
268,213,3,2
268,214,3,2
268,215,3,2
268,216,3,2
268,217,3,2
268,218,3,2
268,219,3,2
268,220,3,2
268,221,3,2
268,222,3,2
268,223,3,2
268,224,3,2
268,225,3,2
268,226,3,2
268,227,3,2
268,228,3,2
268,229,3,2
268,230,3,2
268,231,3,2
268,232,3,2
268,233,3,2
268,234,3,2
268,235,3,2
268,236,3,2
268,237,3,2
268,238,3,2
268,239,3,2
268,240,3,2
268,241,3,2
268,242,3,2
268,243,3,2
268,244,3,2
268,245,3,2
268,246,3,2
268,247,3,2
268,248,3,2
268,249,3,2
268,250,3,2
268,251,3,2
268,252,3,2
268,253,3,2
268,254,3,2
268,255,3,2
268,256,3,2
268,257,3,2
268,258,3,2
268,259,3,2
268,260,3,2
268,261,3,2
268,262,3,2
268,263,3,2
268,264,3,2
268,265,3,2
268,266,3,2
268,267,3,2
268,268,3,2
268,269,3,2
268,270,3,2
268,271,3,2
268,272,3,2
268,273,3,2
268,274,3,2
268,275,3,2
268,276,3,2
268,277,3,2
268,278,3,2
268,279,3,2
268,280,3,2
268,281,3,2
268,282,3,2
268,283,3,2
268,284,3,2
268,285,3,2
268,286,3,2
268,287,3,2
268,288,3,2
268,289,3,2
268,290,3,2
268,291,3,2
269,84,3,3
269,85,3,3
269,86,3,3
269,87,3,3
269,88,3,3
269,89,3,3
269,90,3,3
269,91,3,3
269,92,3,3
269,93,3,3
269,94,3,3
269,95,3,3
269,96,3,3
269,97,3,3
269,98,3,3
269,99,3,3
269,100,3,3
269,101,3,3
269,102,3,3
269,103,3,3
269,104,3,3
269,105,3,3
269,106,3,3
269,107,3,3
269,108,3,3
269,109,3,3
269,110,3,3
269,111,3,3
269,112,3,3
269,113,3,3
269,114,3,3
269,115,3,3
269,116,3,3
269,117,3,3
269,118,3,3
269,119,3,3
269,120,3,3
269,121,3,3
269,122,3,3
269,123,3,3
269,124,3,3
269,125,3,3
269,126,3,3
269,127,3,3
269,128,3,3
269,129,3,3
269,130,3,3
269,131,3,3
269,132,3,3
269,133,3,3
269,134,3,3
269,135,3,3
269,136,3,3
269,137,3,3
269,138,3,3
269,139,3,3
269,140,3,3
269,141,3,3
269,142,3,3
269,143,3,3
269,144,3,3
269,145,3,3
269,146,3,3
269,147,3,3
269,148,3,3
269,149,3,3
269,150,3,3
269,151,3,3
269,152,3,3
269,153,3,3
269,154,3,3
269,155,3,3
269,156,3,3
269,157,3,3
269,158,3,3
269,159,3,3
269,160,3,3
269,161,3,3
269,162,3,3
269,163,3,3
269,164,3,3
269,165,3,3
269,166,3,3
269,167,3,3
269,168,3,3
269,169,3,3
269,170,3,3
269,171,3,3
269,172,3,3
269,173,3,3
269,174,3,3
269,175,3,3
269,176,3,3
269,177,3,3
269,178,3,2
269,179,3,2
269,180,3,2
269,181,3,2
269,182,3,2
269,183,3,2
269,184,3,2
269,185,3,2
269,186,3,2
269,187,3,2
269,188,3,2
269,189,3,2
269,190,3,2
269,191,3,2
269,192,3,2
269,193,3,2
269,194,3,2
269,195,3,2
269,196,3,2
269,197,3,2
269,198,3,2
269,199,3,2
269,200,3,2
269,201,3,3
269,202,3,3
269,203,3,3
269,204,3,3
269,205,3,3
269,206,3,3
269,207,3,3
269,208,3,3
269,209,3,2
269,210,3,2
269,211,3,2
269,212,3,2
269,213,3,2
269,214,3,2
269,215,3,2
269,216,3,2
269,217,3,2
269,218,3,2
269,219,3,2
269,220,3,2
269,221,3,2
269,222,3,2
269,223,3,2
269,224,3,2
269,225,3,2
269,226,3,2
269,227,3,2
269,228,3,2
269,229,3,2
269,230,3,2
269,231,3,2
269,232,3,2
269,233,3,2
269,234,3,2
269,235,3,2
269,236,3,2
269,237,3,2
269,238,3,2
269,239,3,2
269,240,3,2
269,241,3,2
269,242,3,2
269,243,3,2
269,244,3,2
269,245,3,2
269,246,3,2
269,247,3,2
269,248,3,2
269,249,3,2
269,250,3,2
269,251,3,2
269,252,3,2
269,253,3,2
269,254,3,2
269,255,3,2
269,256,3,2
269,257,3,2
269,258,3,2
269,259,3,2
269,260,3,2
269,261,3,2
269,262,3,2
269,263,3,2
269,264,3,2
269,265,3,2
269,266,3,2
269,267,3,2
269,268,3,2
269,269,3,2
269,270,3,2
269,271,3,2
269,272,3,2
269,273,3,2
269,274,3,2
269,275,3,2
269,276,3,2
269,277,3,2
269,278,3,2
269,279,3,2
269,280,3,2
269,281,3,2
269,282,3,2
269,283,3,2
269,284,3,2
269,285,3,2
269,286,3,2
269,287,3,2
269,288,3,2
269,289,3,2
269,290,3,2
270,84,3,3
270,85,3,3
270,86,3,3
270,87,3,3
270,88,3,3
270,89,3,3
270,90,3,3
270,91,3,3
270,92,3,3
270,93,3,3
270,94,3,3
270,95,3,3
270,96,3,3
270,97,3,3
270,98,3,3
270,99,3,3
270,100,3,3
270,101,3,3
270,102,3,3
270,103,3,3
270,104,3,3
270,105,3,3
270,106,3,3
270,107,3,3
270,108,3,3
270,109,3,3
270,110,3,3
270,111,3,3
270,112,3,3
270,113,3,3
270,114,3,3
270,115,3,3
270,116,3,3
270,117,3,3
270,118,3,3
270,119,3,3
270,120,3,3
270,121,3,3
270,122,3,3
270,123,3,3
270,124,3,3
270,125,3,3
270,126,3,3
270,127,3,3
270,128,3,3
270,129,3,3
270,130,3,3
270,131,3,3
270,132,3,3
270,133,3,3
270,134,3,3
270,135,3,3
270,136,3,3
270,137,3,3
270,138,3,3
270,139,3,3
270,140,3,3
270,141,3,3
270,142,3,3
270,143,3,3
270,144,3,3
270,145,3,3
270,146,3,3
270,147,3,3
270,148,3,3
270,149,3,3
270,150,3,3
270,151,3,3
270,152,3,3
270,153,3,3
270,154,3,3
270,155,3,3
270,156,3,3
270,157,3,3
270,158,3,3
270,159,3,3
270,160,3,3
270,161,3,3
270,162,3,3
270,163,3,3
270,164,3,3
270,165,3,3
270,166,3,3
270,167,3,3
270,168,3,3
270,169,3,3
270,170,3,3
270,171,3,3
270,172,3,3
270,173,3,3
270,174,3,3
270,175,3,3
270,176,3,3
270,177,3,3
270,178,3,3
270,179,3,2
270,180,3,2
270,181,3,2
270,182,3,2
270,183,3,2
270,184,3,2
270,185,3,2
270,186,3,2
270,187,3,2
270,188,3,2
270,189,3,2
270,190,3,2
270,191,3,2
270,192,3,2
270,193,3,2
270,194,3,2
270,195,3,2
270,196,3,2
270,197,3,2
270,198,3,2
270,199,3,2
270,200,3,2
270,201,3,3
270,202,3,3
270,203,3,3
270,204,3,3
270,205,3,3
270,206,3,3
270,207,3,3
270,208,3,3
270,209,3,2
270,210,3,2
270,211,3,2
270,212,3,2
270,213,3,2
270,214,3,2
270,215,3,2
270,216,3,2
270,217,3,2
270,218,3,2
270,219,3,2
270,220,3,2
270,221,3,2
270,222,3,2
270,223,3,2
270,224,3,2
270,225,3,2
270,226,3,2
270,227,3,2
270,228,3,2
270,229,3,2
270,230,3,2
270,231,3,2
270,232,3,2
270,233,3,2
270,234,3,2
270,235,3,2
270,236,3,2
270,237,3,2
270,238,3,2
270,239,3,2
270,240,3,2
270,241,3,2
270,242,3,2
270,243,3,2
270,244,3,2
270,245,3,2
270,246,3,2
270,247,3,2
270,248,3,2
270,249,3,2
270,250,3,2
270,251,3,2
270,252,3,2
270,253,3,2
270,254,3,2
270,255,3,2
270,256,3,2
270,257,3,2
270,258,3,2
270,259,3,2
270,260,3,2
270,261,3,2
270,262,3,2
270,263,3,2
270,264,3,2
270,265,3,2
270,266,3,2
270,267,3,2
270,268,3,2
270,269,3,2
270,270,3,2
270,271,3,2
270,272,3,2
270,273,3,2
270,274,3,2
270,275,3,2
270,276,3,2
270,277,3,2
270,278,3,2
270,279,3,2
270,280,3,2
270,281,3,2
270,282,3,2
270,283,3,2
270,284,3,2
270,285,3,2
270,286,3,2
270,287,3,2
270,288,3,2
270,289,3,2
270,290,3,2
271,84,3,3
271,85,3,3
271,86,3,3
271,87,3,3
271,88,3,3
271,89,3,3
271,90,3,3
271,91,3,3
271,92,3,3
271,93,3,3
271,94,3,3
271,95,3,3
271,96,3,3
271,97,3,3
271,98,3,3
271,99,3,3
271,100,3,3
271,101,3,3
271,102,3,3
271,103,3,3
271,104,3,3
271,105,3,3
271,106,3,3
271,107,3,3
271,108,3,3
271,109,3,3
271,110,3,3
271,111,3,3
271,112,3,3
271,113,3,3
271,114,3,3
271,115,3,3
271,116,3,3
271,117,3,3
271,118,3,3
271,119,3,3
271,120,3,3
271,121,3,3
271,122,3,3
271,123,3,3
271,124,3,3
271,125,3,3
271,126,3,3
271,127,3,3
271,128,3,3
271,129,3,3
271,130,3,3
271,131,3,3
271,132,3,3
271,133,3,3
271,134,3,3
271,135,3,3
271,136,3,3
271,137,3,3
271,138,3,3
271,139,3,3
271,140,3,3
271,141,3,3
271,142,3,3
271,143,3,3
271,144,3,3
271,145,3,3
271,146,3,3
271,147,3,3
271,148,3,3
271,149,3,3
271,150,3,3
271,151,3,3
271,152,3,3
271,153,3,3
271,154,3,3
271,155,3,3
271,156,3,3
271,157,3,3
271,158,3,3
271,159,3,3
271,160,3,3
271,161,3,3
271,162,3,3
271,163,3,3
271,164,3,3
271,165,3,3
271,166,3,3
271,167,3,3
271,168,3,3
271,169,3,3
271,170,3,3
271,171,3,3
271,172,3,3
271,173,3,3
271,174,3,3
271,175,3,3
271,176,3,3
271,177,3,3
271,178,3,3
271,179,3,2
271,180,3,2
271,181,3,2
271,182,3,2
271,183,3,2
271,184,3,2
271,185,3,2
271,186,3,2
271,187,3,2
271,188,3,2
271,189,3,2
271,190,3,2
271,191,3,2
271,192,3,2
271,193,3,2
271,194,3,2
271,195,3,2
271,196,3,2
271,197,3,2
271,198,3,2
271,199,3,3
271,200,3,3
271,201,3,3
271,202,3,3
271,203,3,3
271,204,3,3
271,205,3,3
271,206,3,3
271,207,3,3
271,208,3,3
271,209,3,3
271,210,3,3
271,211,3,2
271,212,3,2
271,213,3,2
271,214,3,2
271,215,3,2
271,216,3,2
271,217,3,2
271,218,3,2
271,219,3,2
271,220,3,2
271,221,3,2
271,222,3,2
271,223,3,2
271,224,3,2
271,225,3,2
271,226,3,2
271,227,3,2
271,228,3,2
271,229,3,2
271,230,3,2
271,231,3,2
271,232,3,2
271,233,3,2
271,234,3,2
271,235,3,2
271,236,3,2
271,237,3,2
271,238,3,2
271,239,3,2
271,240,3,2
271,241,3,2
271,242,3,2
271,243,3,2
271,244,3,2
271,245,3,2
271,246,3,2
271,247,3,2
271,248,3,2
271,249,3,2
271,250,3,2
271,251,3,2
271,252,3,2
271,253,3,2
271,254,3,2
271,255,3,2
271,256,3,2
271,257,3,2
271,258,3,2
271,259,3,2
271,260,3,2
271,261,3,2
271,262,3,2
271,263,3,2
271,264,3,2
271,265,3,2
271,266,3,2
271,267,3,2
271,268,3,2
271,269,3,2
271,270,3,2
271,271,3,2
271,272,3,2
271,273,3,2
271,274,3,2
271,275,3,2
271,276,3,2
271,277,3,2
271,278,3,2
271,279,3,2
271,280,3,2
271,281,3,2
271,282,3,2
271,283,3,2
271,284,3,2
271,285,3,2
271,286,3,2
271,287,3,2
271,288,3,2
271,289,3,2
272,84,3,3
272,85,3,3
272,86,3,3
272,87,3,3
272,88,3,3
272,89,3,3
272,90,3,3
272,91,3,3
272,92,3,3
272,93,3,3
272,94,3,3
272,95,3,3
272,96,3,3
272,97,3,3
272,98,3,3
272,99,3,3
272,100,3,3
272,101,3,3
272,102,3,3
272,103,3,3
272,104,3,3
272,105,3,3
272,106,3,3
272,107,3,3
272,108,3,3
272,109,3,3
272,110,3,3
272,111,3,3
272,112,3,3
272,113,3,3
272,114,3,3
272,115,3,3
272,116,3,3
272,117,3,3
272,118,3,3
272,119,3,3
272,120,3,3
272,121,3,3
272,122,3,3
272,123,3,3
272,124,3,3
272,125,3,3
272,126,3,3
272,127,3,3
272,128,3,3
272,129,3,3
272,130,3,3
272,131,3,3
272,132,3,3
272,133,3,3
272,134,3,3
272,135,3,3
272,136,3,3
272,137,3,3
272,138,3,3
272,139,3,3
272,140,3,3
272,141,3,3
272,142,3,3
272,143,3,3
272,144,3,3
272,145,3,3
272,146,3,3
272,147,3,3
272,148,3,3
272,149,3,3
272,150,3,3
272,151,3,3
272,152,3,3
272,153,3,3
272,154,3,3
272,155,3,3
272,156,3,3
272,157,3,3
272,158,3,3
272,159,3,3
272,160,3,3
272,161,3,3
272,162,3,3
272,163,3,3
272,164,3,3
272,165,3,3
272,166,3,3
272,167,3,3
272,168,3,3
272,169,3,3
272,170,3,3
272,171,3,3
272,172,3,3
272,173,3,3
272,174,3,3
272,175,3,3
272,176,3,3
272,177,3,3
272,178,3,3
272,179,3,3
272,180,3,2
272,181,3,2
272,182,3,2
272,183,3,2
272,184,3,2
272,185,3,2
272,186,3,2
272,187,3,2
272,188,3,2
272,189,3,2
272,190,3,2
272,191,3,2
272,192,3,2
272,193,3,2
272,194,3,2
272,195,3,2
272,196,3,2
272,197,3,2
272,198,3,2
272,199,3,3
272,200,3,3
272,201,3,3
272,202,3,3
272,203,3,3
272,204,3,3
272,205,3,3
272,206,3,3
272,207,3,3
272,208,3,3
272,209,3,3
272,210,3,2
272,211,3,2
272,212,3,2
272,213,3,2
272,214,3,2
272,215,3,2
272,216,3,2
272,217,3,2
272,218,3,2
272,219,3,2
272,220,3,2
272,221,3,2
272,222,3,2
272,223,3,2
272,224,3,2
272,225,3,2
272,226,3,2
272,227,3,2
272,228,3,2
272,229,3,2
272,230,3,2
272,231,3,2
272,232,3,2
272,233,3,2
272,234,3,2
272,235,3,2
272,236,3,2
272,237,3,2
272,238,3,2
272,239,3,2
272,240,3,2
272,241,3,2
272,242,3,2
272,243,3,2
272,244,3,2
272,245,3,2
272,246,3,2
272,247,3,2
272,248,3,2
272,249,3,2
272,250,3,2
272,251,3,2
272,252,3,2
272,253,3,2
272,254,3,2
272,255,3,2
272,256,3,2
272,257,3,2
272,258,3,2
272,259,3,2
272,260,3,2
272,261,3,2
272,262,3,2
272,263,3,2
272,264,3,2
272,265,3,2
272,266,3,2
272,267,3,2
272,268,3,2
272,269,3,2
272,270,3,2
272,271,3,2
272,272,3,2
272,273,3,2
272,274,3,2
272,275,3,2
272,276,3,2
272,277,3,2
272,278,3,2
272,279,3,2
272,280,3,2
272,281,3,2
272,282,3,2
272,283,3,2
272,284,3,2
272,285,3,2
272,286,3,2
272,287,3,2
272,288,3,2
273,84,3,3
273,85,3,3
273,86,3,3
273,87,3,3
273,88,3,3
273,89,3,3
273,90,3,3
273,91,3,3
273,92,3,3
273,93,3,3
273,94,3,3
273,95,3,3
273,96,3,3
273,97,3,3
273,98,3,3
273,99,3,3
273,100,3,3
273,101,3,3
273,102,3,3
273,103,3,3
273,104,3,3
273,105,3,3
273,106,3,3
273,107,3,3
273,108,3,3
273,109,3,3
273,110,3,3
273,111,3,3
273,112,3,3
273,113,3,3
273,114,3,3
273,115,3,3
273,116,3,3
273,117,3,3
273,118,3,3
273,119,3,3
273,120,3,3
273,121,3,3
273,122,3,3
273,123,3,3
273,124,3,3
273,125,3,3
273,126,3,3
273,127,3,3
273,128,3,3
273,129,3,3
273,130,3,3
273,131,3,3
273,132,3,3
273,133,3,3
273,134,3,3
273,135,3,3
273,136,3,3
273,137,3,3
273,138,3,3
273,139,3,3
273,140,3,3
273,141,3,3
273,142,3,3
273,143,3,3
273,144,3,3
273,145,3,3
273,146,3,3
273,147,3,3
273,148,3,3
273,149,3,3
273,150,3,3
273,151,3,3
273,152,3,3
273,153,3,3
273,154,3,3
273,155,3,3
273,156,3,3
273,157,3,3
273,158,3,3
273,159,3,3
273,160,3,3
273,161,3,3
273,162,3,3
273,163,3,3
273,164,3,3
273,165,3,3
273,166,3,3
273,167,3,3
273,168,3,3
273,169,3,3
273,170,3,3
273,171,3,3
273,172,3,3
273,173,3,3
273,174,3,3
273,175,3,3
273,176,3,3
273,177,3,3
273,178,3,3
273,179,3,3
273,180,3,3
273,181,3,3
273,182,3,2
273,183,3,2
273,184,3,2
273,185,3,2
273,186,3,2
273,187,3,2
273,188,3,2
273,189,3,2
273,190,3,2
273,191,3,2
273,192,3,2
273,193,3,2
273,194,3,2
273,195,3,2
273,196,3,2
273,197,3,2
273,198,3,2
273,199,3,2
273,200,3,2
273,201,3,3
273,202,3,3
273,203,3,3
273,204,3,3
273,205,3,3
273,206,3,3
273,207,3,3
273,208,3,2
273,209,3,3
273,210,3,2
273,211,3,2
273,212,3,2
273,213,3,2
273,214,3,2
273,215,3,2
273,216,3,2
273,217,3,2
273,218,3,2
273,219,3,2
273,220,3,2
273,221,3,2
273,222,3,2
273,223,3,2
273,224,3,2
273,225,3,2
273,226,3,2
273,227,3,2
273,228,3,2
273,229,3,2
273,230,3,2
273,231,3,2
273,232,3,2
273,233,3,2
273,234,3,2
273,235,3,2
273,236,3,2
273,237,3,2
273,238,3,2
273,239,3,2
273,240,3,2
273,241,3,2
273,242,3,2
273,243,3,2
273,244,3,2
273,245,3,2
273,246,3,2
273,247,3,2
273,248,3,2
273,249,3,2
273,250,3,2
273,251,3,2
273,252,3,2
273,253,3,2
273,254,3,2
273,255,3,2
273,256,3,2
273,257,3,2
273,258,3,2
273,259,3,2
273,260,3,2
273,261,3,2
273,262,3,2
273,263,3,2
273,264,3,2
273,265,3,2
273,266,3,2
273,267,3,2
273,268,3,2
273,269,3,2
273,270,3,2
273,271,3,2
273,272,3,2
273,273,3,2
273,274,3,2
273,275,3,2
273,276,3,2
273,277,3,2
273,278,3,2
273,279,3,2
273,280,3,2
273,281,3,2
273,282,3,2
273,283,3,2
273,284,3,2
273,285,3,2
273,286,3,2
273,287,3,2
273,288,3,2
274,84,3,3
274,85,3,3
274,86,3,3
274,87,3,3
274,88,3,3
274,89,3,3
274,90,3,3
274,91,3,3
274,92,3,3
274,93,3,3
274,94,3,3
274,95,3,3
274,96,3,3
274,97,3,3
274,98,3,3
274,99,3,3
274,100,3,3
274,101,3,3
274,102,3,3
274,103,3,3
274,104,3,3
274,105,3,3
274,106,3,3
274,107,3,3
274,108,3,3
274,109,3,3
274,110,3,3
274,111,3,3
274,112,3,3
274,113,3,3
274,114,3,3
274,115,3,3
274,116,3,3
274,117,3,3
274,118,3,3
274,119,3,3
274,120,3,3
274,121,3,3
274,122,3,3
274,123,3,3
274,124,3,3
274,125,3,3
274,126,3,3
274,127,3,3
274,128,3,3
274,129,3,3
274,130,3,3
274,131,3,3
274,132,3,3
274,133,3,3
274,134,3,3
274,135,3,3
274,136,3,3
274,137,3,3
274,138,3,3
274,139,3,3
274,140,3,3
274,141,3,3
274,142,3,3
274,143,3,3
274,144,3,3
274,145,3,3
274,146,3,3
274,147,3,3
274,148,3,3
274,149,3,3
274,150,3,3
274,151,3,3
274,152,3,3
274,153,3,3
274,154,3,3
274,155,3,3
274,156,3,3
274,157,3,3
274,158,3,3
274,159,3,3
274,160,3,3
274,161,3,3
274,162,3,3
274,163,3,3
274,164,3,3
274,165,3,3
274,166,3,3
274,167,3,3
274,168,3,3
274,169,3,3
274,170,3,3
274,171,3,3
274,172,3,3
274,173,3,3
274,174,3,3
274,175,3,3
274,176,3,3
274,177,3,3
274,178,3,3
274,179,3,3
274,180,3,3
274,181,3,3
274,182,3,3
274,183,3,3
274,184,3,2
274,185,3,2
274,186,3,2
274,187,3,2
274,188,3,2
274,189,3,2
274,190,3,2
274,191,3,2
274,192,3,3
274,193,3,3
274,194,3,3
274,195,3,2
274,196,3,2
274,197,3,2
274,198,3,2
274,199,3,2
274,200,3,2
274,201,3,3
274,202,3,3
274,203,3,3
274,204,3,3
274,205,3,3
274,206,3,3
274,207,3,3
274,208,3,3
274,209,3,3
274,210,3,2
274,211,3,2
274,212,3,2
274,213,3,2
274,214,3,2
274,215,3,2
274,216,3,2
274,217,3,2
274,218,3,2
274,219,3,2
274,220,3,2
274,221,3,2
274,222,3,2
274,223,3,2
274,224,3,2
274,225,3,2
274,226,3,2
274,227,3,2
274,228,3,2
274,229,3,2
274,230,3,2
274,231,3,2
274,232,3,2
274,233,3,2
274,234,3,2
274,235,3,2
274,236,3,2
274,237,3,2
274,238,3,2
274,239,3,2
274,240,3,2
274,241,3,2
274,242,3,2
274,243,3,2
274,244,3,2
274,245,3,2
274,246,3,2
274,247,3,2
274,248,3,2
274,249,3,2
274,250,3,2
274,251,3,2
274,252,3,2
274,253,3,2
274,254,3,2
274,255,3,2
274,256,3,2
274,257,3,2
274,258,3,2
274,259,3,2
274,260,3,2
274,261,3,2
274,262,3,2
274,263,3,2
274,264,3,2
274,265,3,2
274,266,3,2
274,267,3,2
274,268,3,2
274,269,3,2
274,270,3,2
274,271,3,2
274,272,3,2
274,273,3,2
274,274,3,2
274,275,3,2
274,276,3,2
274,277,3,2
274,278,3,2
274,279,3,2
274,280,3,2
274,281,3,2
274,282,3,2
274,283,3,2
274,284,3,2
274,285,3,2
274,286,3,2
274,287,3,2
275,85,3,3
275,86,3,3
275,87,3,3
275,88,3,3
275,89,3,3
275,90,3,3
275,91,3,3
275,92,3,3
275,93,3,3
275,94,3,3
275,95,3,3
275,96,3,3
275,97,3,3
275,98,3,3
275,99,3,3
275,100,3,3
275,101,3,3
275,102,3,3
275,103,3,3
275,104,3,3
275,105,3,3
275,106,3,3
275,107,3,3
275,108,3,3
275,109,3,3
275,110,3,3
275,111,3,3
275,112,3,3
275,113,3,3
275,114,3,3
275,115,3,3
275,116,3,3
275,117,3,3
275,118,3,3
275,119,3,3
275,120,3,3
275,121,3,3
275,122,3,3
275,123,3,3
275,124,3,3
275,125,3,3
275,126,3,3
275,127,3,3
275,128,3,3
275,129,3,3
275,130,3,3
275,131,3,3
275,132,3,3
275,133,3,3
275,134,3,3
275,135,3,3
275,136,3,3
275,137,3,3
275,138,3,3
275,139,3,3
275,140,3,3
275,141,3,3
275,142,3,3
275,143,3,3
275,144,3,3
275,145,3,3
275,146,3,3
275,147,3,3
275,148,3,3
275,149,3,3
275,150,3,3
275,151,3,3
275,152,3,3
275,153,3,3
275,154,3,3
275,155,3,3
275,156,3,3
275,157,3,3
275,158,3,3
275,159,3,3
275,160,3,3
275,161,3,3
275,162,3,3
275,163,3,3
275,164,3,3
275,165,3,3
275,166,3,3
275,167,3,3
275,168,3,3
275,169,3,3
275,170,3,3
275,171,3,3
275,172,3,3
275,173,3,3
275,174,3,3
275,175,3,3
275,176,3,3
275,177,3,3
275,178,3,3
275,179,3,3
275,180,3,3
275,181,3,3
275,182,3,3
275,183,3,3
275,184,3,3
275,185,3,3
275,186,3,2
275,187,3,3
275,188,3,3
275,189,3,3
275,190,3,3
275,191,3,3
275,192,3,3
275,193,3,3
275,194,3,3
275,195,3,2
275,196,3,2
275,197,3,2
275,198,3,2
275,199,3,3
275,200,3,3
275,201,3,3
275,202,3,3
275,203,3,3
275,204,3,3
275,205,3,3
275,206,3,3
275,207,3,3
275,208,3,3
275,209,3,3
275,210,3,3
275,211,3,2
275,212,3,2
275,213,3,2
275,214,3,2
275,215,3,2
275,216,3,2
275,217,3,2
275,218,3,2
275,219,3,2
275,220,3,2
275,221,3,2
275,222,3,2
275,223,3,2
275,224,3,2
275,225,3,2
275,226,3,2
275,227,3,2
275,228,3,2
275,229,3,2
275,230,3,2
275,231,3,2
275,232,3,2
275,233,3,2
275,234,3,2
275,235,3,2
275,236,3,2
275,237,3,2
275,238,3,2
275,239,3,2
275,240,3,2
275,241,3,2
275,242,3,2
275,243,3,2
275,244,3,2
275,245,3,2
275,246,3,2
275,247,3,2
275,248,3,2
275,249,3,2
275,250,3,2
275,251,3,2
275,252,3,2
275,253,3,2
275,254,3,2
275,255,3,2
275,256,3,2
275,257,3,2
275,258,3,2
275,259,3,2
275,260,3,2
275,261,3,2
275,262,3,2
275,263,3,2
275,264,3,2
275,265,3,2
275,266,3,2
275,267,3,2
275,268,3,2
275,269,3,2
275,270,3,2
275,271,3,2
275,272,3,2
275,273,3,2
275,274,3,2
275,275,3,2
275,276,3,2
275,277,3,2
275,278,3,2
275,279,3,2
275,280,3,2
275,281,3,2
275,282,3,2
275,283,3,2
275,284,3,2
275,285,3,2
275,286,3,2
276,85,3,3
276,86,3,3
276,87,3,3
276,88,3,3
276,89,3,3
276,90,3,3
276,91,3,3
276,92,3,3
276,93,3,3
276,94,3,3
276,95,3,3
276,96,3,3
276,97,3,3
276,98,3,3
276,99,3,3
276,100,3,3
276,101,3,3
276,102,3,3
276,103,3,3
276,104,3,3
276,105,3,3
276,106,3,3
276,107,3,3
276,108,3,3
276,109,3,3
276,110,3,3
276,111,3,3
276,112,3,3
276,113,3,3
276,114,3,3
276,115,3,3
276,116,3,3
276,117,3,3
276,118,3,3
276,119,3,3
276,120,3,3
276,121,3,3
276,122,3,3
276,123,3,3
276,124,3,3
276,125,3,3
276,126,3,3
276,127,3,3
276,128,3,3
276,129,3,3
276,130,3,3
276,131,3,3
276,132,3,3
276,133,3,3
276,134,3,3
276,135,3,3
276,136,3,3
276,137,3,3
276,138,3,3
276,139,3,3
276,140,3,3
276,141,3,3
276,142,3,3
276,143,3,3
276,144,3,3
276,145,3,3
276,146,3,3
276,147,3,3
276,148,3,3
276,149,3,3
276,150,3,3
276,151,3,3
276,152,3,3
276,153,3,3
276,154,3,3
276,155,3,3
276,156,3,3
276,157,3,3
276,158,3,3
276,159,3,3
276,160,3,3
276,161,3,3
276,162,3,3
276,163,3,3
276,164,3,3
276,165,3,3
276,166,3,3
276,167,3,3
276,168,3,3
276,169,3,3
276,170,3,3
276,171,3,3
276,172,3,3
276,173,3,3
276,174,3,3
276,175,3,3
276,176,3,3
276,177,3,3
276,178,3,3
276,179,3,3
276,180,3,3
276,181,3,3
276,182,3,3
276,183,3,3
276,184,3,3
276,185,3,3
276,186,3,3
276,187,3,3
276,188,3,3
276,189,3,3
276,190,3,3
276,191,3,3
276,192,3,3
276,193,3,3
276,194,3,3
276,195,3,3
276,196,3,2
276,197,3,2
276,198,3,2
276,199,3,3
276,200,3,3
276,201,3,3
276,202,3,3
276,203,3,3
276,204,3,3
276,205,3,3
276,206,3,3
276,207,3,3
276,208,3,3
276,209,3,3
276,210,3,3
276,211,3,2
276,212,3,2
276,213,3,2
276,214,3,2
276,215,3,2
276,216,3,2
276,217,3,2
276,218,3,2
276,219,3,2
276,220,3,2
276,221,3,2
276,222,3,2
276,223,3,2
276,224,3,2
276,225,3,2
276,226,3,2
276,227,3,2
276,228,3,2
276,229,3,2
276,230,3,2
276,231,3,2
276,232,3,2
276,233,3,2
276,234,3,2
276,235,3,2
276,236,3,2
276,237,3,2
276,238,3,2
276,239,3,2
276,240,3,2
276,241,3,2
276,242,3,2
276,243,3,2
276,244,3,2
276,245,3,2
276,246,3,2
276,247,3,2
276,248,3,2
276,249,3,2
276,250,3,2
276,251,3,2
276,252,3,2
276,253,3,2
276,254,3,2
276,255,3,2
276,256,3,2
276,257,3,2
276,258,3,2
276,259,3,2
276,260,3,2
276,261,3,2
276,262,3,2
276,263,3,2
276,264,3,2
276,265,3,2
276,266,3,2
276,267,3,2
276,268,3,2
276,269,3,2
276,270,3,2
276,271,3,2
276,272,3,2
276,273,3,2
276,274,3,2
276,275,3,2
276,276,3,2
276,277,3,2
276,278,3,2
276,279,3,2
276,280,3,2
276,281,3,2
276,282,3,2
276,283,3,2
276,284,3,2
276,285,3,2
276,286,3,2
277,85,3,3
277,86,3,3
277,87,3,3
277,88,3,3
277,89,3,3
277,90,3,3
277,91,3,3
277,92,3,3
277,93,3,3
277,94,3,3
277,95,3,3
277,96,3,3
277,97,3,3
277,98,3,3
277,99,3,3
277,100,3,3
277,101,3,3
277,102,3,3
277,103,3,3
277,104,3,3
277,105,3,3
277,106,3,3
277,107,3,3
277,108,3,3
277,109,3,3
277,110,3,3
277,111,3,3
277,112,3,3
277,113,3,3
277,114,3,3
277,115,3,3
277,116,3,3
277,117,3,3
277,118,3,3
277,119,3,3
277,120,3,3
277,121,3,3
277,122,3,3
277,123,3,3
277,124,3,3
277,125,3,3
277,126,3,3
277,127,3,3
277,128,3,3
277,129,3,3
277,130,3,3
277,131,3,3
277,132,3,3
277,133,3,3
277,134,3,3
277,135,3,3
277,136,3,3
277,137,3,3
277,138,3,3
277,139,3,3
277,140,3,3
277,141,3,3
277,142,3,3
277,143,3,3
277,144,3,3
277,145,3,3
277,146,3,3
277,147,3,3
277,148,3,3
277,149,3,3
277,150,3,3
277,151,3,3
277,152,3,3
277,153,3,3
277,154,3,3
277,155,3,3
277,156,3,3
277,157,3,3
277,158,3,3
277,159,3,3
277,160,3,3
277,161,3,3
277,162,3,3
277,163,3,3
277,164,3,3
277,165,3,3
277,166,3,3
277,167,3,3
277,168,3,3
277,169,3,3
277,170,3,3
277,171,3,3
277,172,3,3
277,173,3,3
277,174,3,3
277,175,3,3
277,176,3,3
277,177,3,3
277,178,3,3
277,179,3,3
277,180,3,3
277,181,3,3
277,182,3,3
277,183,3,3
277,184,3,3
277,185,3,3
277,186,3,3
277,187,3,3
277,188,3,3
277,189,3,3
277,190,3,3
277,191,3,3
277,192,3,3
277,193,3,3
277,194,3,3
277,195,3,3
277,196,3,3
277,197,3,3
277,198,3,3
277,199,3,3
277,200,3,3
277,201,3,3
277,202,3,3
277,203,3,3
277,204,3,3
277,205,3,3
277,206,3,3
277,207,3,3
277,208,3,3
277,209,3,3
277,210,3,3
277,211,3,2
277,212,3,2
277,213,3,2
277,214,3,2
277,215,3,2
277,216,3,2
277,217,3,2
277,218,3,2
277,219,3,2
277,220,3,2
277,221,3,2
277,222,3,2
277,223,3,2
277,224,3,2
277,225,3,2
277,226,3,2
277,227,3,2
277,228,3,2
277,229,3,2
277,230,3,2
277,231,3,2
277,232,3,2
277,233,3,2
277,234,3,2
277,235,3,2
277,236,3,2
277,237,3,2
277,238,3,2
277,239,3,2
277,240,3,2
277,241,3,2
277,242,3,2
277,243,3,2
277,244,3,2
277,245,3,2
277,246,3,2
277,247,3,2
277,248,3,2
277,249,3,2
277,250,3,2
277,251,3,2
277,252,3,2
277,253,3,2
277,254,3,2
277,255,3,2
277,256,3,2
277,257,3,2
277,258,3,2
277,259,3,2
277,260,3,2
277,261,3,2
277,262,3,2
277,263,3,2
277,264,3,2
277,265,3,2
277,266,3,2
277,267,3,2
277,268,3,2
277,269,3,2
277,270,3,2
277,271,3,2
277,272,3,2
277,273,3,2
277,274,3,2
277,275,3,2
277,276,3,2
277,277,3,2
277,278,3,2
277,279,3,2
277,280,3,2
277,281,3,2
277,282,3,2
277,283,3,2
277,284,3,2
277,285,3,2
278,85,3,3
278,86,3,3
278,87,3,3
278,88,3,3
278,89,3,3
278,90,3,3
278,91,3,3
278,92,3,3
278,93,3,3
278,94,3,3
278,95,3,3
278,96,3,3
278,97,3,3
278,98,3,3
278,99,3,3
278,100,3,3
278,101,3,3
278,102,3,3
278,103,3,3
278,104,3,3
278,105,3,3
278,106,3,3
278,107,3,3
278,108,3,3
278,109,3,3
278,110,3,3
278,111,3,3
278,112,3,3
278,113,3,3
278,114,3,2
278,115,3,2
278,116,3,3
278,117,3,3
278,118,3,3
278,119,3,3
278,120,3,3
278,121,3,3
278,122,3,3
278,123,3,3
278,124,3,3
278,125,3,3
278,126,3,3
278,127,3,3
278,128,3,3
278,129,3,3
278,130,3,3
278,131,3,3
278,132,3,3
278,133,3,3
278,134,3,3
278,135,3,3
278,136,3,3
278,137,3,3
278,138,3,3
278,139,3,3
278,140,3,3
278,141,3,3
278,142,3,3
278,143,3,3
278,144,3,3
278,145,3,3
278,146,3,3
278,147,3,3
278,148,3,3
278,149,3,3
278,150,3,3
278,151,3,3
278,152,3,3
278,153,3,3
278,154,3,3
278,155,3,3
278,156,3,3
278,157,3,3
278,158,3,3
278,159,3,3
278,160,3,3
278,161,3,3
278,162,3,3
278,163,3,3
278,164,3,3
278,165,3,3
278,166,3,3
278,167,3,3
278,168,3,3
278,169,3,3
278,170,3,3
278,171,3,3
278,172,3,3
278,173,3,3
278,174,3,3
278,175,3,3
278,176,3,3
278,177,3,3
278,178,3,3
278,179,3,3
278,180,3,3
278,181,3,3
278,182,3,3
278,183,3,3
278,184,3,3
278,185,3,3
278,186,3,3
278,187,3,3
278,188,3,3
278,189,3,3
278,190,3,3
278,191,3,3
278,192,3,3
278,193,3,3
278,194,3,3
278,195,3,3
278,196,3,3
278,197,3,3
278,198,3,3
278,199,3,3
278,200,3,3
278,201,3,3
278,202,3,3
278,203,3,3
278,204,3,3
278,205,3,3
278,206,3,3
278,207,3,3
278,208,3,3
278,209,3,3
278,210,3,3
278,211,3,2
278,212,3,2
278,213,3,2
278,214,3,2
278,215,3,2
278,216,3,2
278,217,3,2
278,218,3,2
278,219,3,2
278,220,3,2
278,221,3,2
278,222,3,2
278,223,3,2
278,224,3,2
278,225,3,2
278,226,3,2
278,227,3,2
278,228,3,2
278,229,3,2
278,230,3,2
278,231,3,2
278,232,3,2
278,233,3,2
278,234,3,2
278,235,3,2
278,236,3,2
278,237,3,2
278,238,3,2
278,239,3,2
278,240,3,2
278,241,3,2
278,242,3,2
278,243,3,2
278,244,3,2
278,245,3,2
278,246,3,2
278,247,3,2
278,248,3,2
278,249,3,2
278,250,3,2
278,251,3,2
278,252,3,2
278,253,3,2
278,254,3,2
278,255,3,2
278,256,3,2
278,257,3,2
278,258,3,2
278,259,3,2
278,260,3,2
278,261,3,2
278,262,3,2
278,263,3,2
278,264,3,2
278,265,3,2
278,266,3,2
278,267,3,2
278,268,3,2
278,269,3,2
278,270,3,2
278,271,3,2
278,272,3,2
278,273,3,2
278,274,3,2
278,275,3,2
278,276,3,2
278,277,3,2
278,278,3,2
278,279,3,2
278,280,3,2
278,281,3,2
278,282,3,2
278,283,3,2
278,284,3,2
279,85,3,3
279,86,3,3
279,87,3,3
279,88,3,3
279,89,3,3
279,90,3,3
279,91,3,3
279,92,3,3
279,93,3,3
279,94,3,3
279,95,3,3
279,96,3,3
279,97,3,3
279,98,3,3
279,99,3,3
279,100,3,3
279,101,3,3
279,102,3,3
279,103,3,3
279,104,3,3
279,105,3,3
279,106,3,3
279,107,3,3
279,108,3,2
279,109,3,2
279,110,3,2
279,111,3,2
279,112,3,2
279,113,3,2
279,114,3,2
279,115,3,2
279,116,3,2
279,117,3,2
279,118,3,2
279,119,3,2
279,120,3,2
279,121,3,2
279,122,3,2
279,123,3,2
279,124,3,2
279,125,3,2
279,126,3,2
279,127,3,2
279,128,3,3
279,129,3,3
279,130,3,3
279,131,3,3
279,132,3,3
279,133,3,3
279,134,3,3
279,135,3,3
279,136,3,3
279,137,3,3
279,138,3,3
279,139,3,3
279,140,3,3
279,141,3,3
279,142,3,3
279,143,3,3
279,144,3,3
279,145,3,3
279,146,3,3
279,147,3,3
279,148,3,3
279,149,3,3
279,150,3,3
279,151,3,3
279,152,3,3
279,153,3,3
279,154,3,3
279,155,3,3
279,156,3,3
279,157,3,3
279,158,3,3
279,159,3,3
279,160,3,3
279,161,3,3
279,162,3,3
279,163,3,3
279,164,3,3
279,165,3,3
279,166,3,3
279,167,3,3
279,168,3,3
279,169,3,3
279,170,3,3
279,171,3,3
279,172,3,3
279,173,3,3
279,174,3,3
279,175,3,3
279,176,3,3
279,177,3,3
279,178,3,3
279,179,3,3
279,180,3,3
279,181,3,3
279,182,3,3
279,183,3,3
279,184,3,3
279,185,3,3
279,186,3,3
279,187,3,3
279,188,3,3
279,189,3,3
279,190,3,3
279,191,3,3
279,192,3,3
279,193,3,3
279,194,3,3
279,195,3,3
279,196,3,3
279,197,3,3
279,198,3,3
279,199,3,3
279,200,3,3
279,201,3,3
279,202,3,3
279,203,3,3
279,204,3,3
279,205,3,3
279,206,3,3
279,207,3,3
279,208,3,3
279,209,3,3
279,210,3,3
279,211,3,2
279,212,3,2
279,213,3,2
279,214,3,2
279,215,3,2
279,216,3,2
279,217,3,2
279,218,3,2
279,219,3,2
279,220,3,2
279,221,3,2
279,222,3,2
279,223,3,2
279,224,3,2
279,225,3,2
279,226,3,2
279,227,3,2
279,228,3,2
279,229,3,2
279,230,3,2
279,231,3,2
279,232,3,2
279,233,3,2
279,234,3,2
279,235,3,2
279,236,3,2
279,237,3,2
279,238,3,2
279,239,3,2
279,240,3,2
279,241,3,2
279,242,3,2
279,243,3,2
279,244,3,2
279,245,3,2
279,246,3,2
279,247,3,2
279,248,3,2
279,249,3,2
279,250,3,2
279,251,3,2
279,252,3,2
279,253,3,2
279,254,3,2
279,255,3,2
279,256,3,2
279,257,3,2
279,258,3,2
279,259,3,2
279,260,3,2
279,261,3,2
279,262,3,2
279,263,3,2
279,264,3,2
279,265,3,2
279,266,3,2
279,267,3,2
279,268,3,2
279,269,3,2
279,270,3,2
279,271,3,2
279,272,3,2
279,273,3,2
279,274,3,2
279,275,3,2
279,276,3,2
279,277,3,2
279,278,3,2
279,279,3,2
279,280,3,2
279,281,3,2
279,282,3,2
279,283,3,2
279,284,3,2
280,85,3,3
280,86,3,3
280,87,3,2
280,88,3,2
280,89,3,3
280,90,3,2
280,91,3,3
280,92,3,3
280,93,3,3
280,94,3,3
280,95,3,3
280,96,3,3
280,97,3,3
280,98,3,3
280,99,3,3
280,100,3,3
280,101,3,3
280,102,3,3
280,103,3,3
280,104,3,3
280,105,3,3
280,106,3,2
280,107,3,2
280,108,3,2
280,109,3,2
280,110,3,2
280,111,3,2
280,112,3,2
280,113,3,2
280,114,3,2
280,115,3,2
280,116,3,2
280,117,3,2
280,118,3,2
280,119,3,2
280,120,3,2
280,121,3,2
280,122,3,2
280,123,3,2
280,124,3,2
280,125,3,2
280,126,3,2
280,127,3,2
280,128,3,2
280,129,3,2
280,130,3,2
280,131,3,3
280,132,3,3
280,133,3,3
280,134,3,3
280,135,3,3
280,136,3,3
280,137,3,3
280,138,3,3
280,139,3,3
280,140,3,3
280,141,3,3
280,142,3,3
280,143,3,3
280,144,3,3
280,145,3,3
280,146,3,3
280,147,3,3
280,148,3,3
280,149,3,3
280,150,3,3
280,151,3,3
280,152,3,3
280,153,3,3
280,154,3,3
280,155,3,3
280,156,3,3
280,157,3,3
280,158,3,3
280,159,3,3
280,160,3,3
280,161,3,3
280,162,3,3
280,163,3,3
280,164,3,3
280,165,3,3
280,166,3,3
280,167,3,3
280,168,3,3
280,169,3,3
280,170,3,3
280,171,3,3
280,172,3,3
280,173,3,3
280,174,3,3
280,175,3,3
280,176,3,3
280,177,3,3
280,178,3,3
280,179,3,3
280,180,3,3
280,181,3,3
280,182,3,3
280,183,3,3
280,184,3,3
280,185,3,3
280,186,3,3
280,187,3,3
280,188,3,3
280,189,3,3
280,190,3,3
280,191,3,3
280,192,3,3
280,193,3,3
280,194,3,3
280,195,3,3
280,196,3,3
280,197,3,3
280,198,3,3
280,199,3,3
280,200,3,3
280,201,3,3
280,202,3,3
280,203,3,3
280,204,3,3
280,205,3,3
280,206,3,3
280,207,3,3
280,208,3,3
280,209,3,3
280,210,3,3
280,211,3,2
280,212,3,2
280,213,3,2
280,214,3,2
280,215,3,2
280,216,3,2
280,217,3,2
280,218,3,2
280,219,3,2
280,220,3,2
280,221,3,2
280,222,3,2
280,223,3,2
280,224,3,2
280,225,3,2
280,226,3,2
280,227,3,2
280,228,3,2
280,229,3,2
280,230,3,2
280,231,3,2
280,232,3,2
280,233,3,2
280,234,3,2
280,235,3,2
280,236,3,2
280,237,3,2
280,238,3,2
280,239,3,2
280,240,3,2
280,241,3,2
280,242,3,2
280,243,3,2
280,244,3,2
280,245,3,2
280,246,3,2
280,247,3,2
280,248,3,2
280,249,3,2
280,250,3,2
280,251,3,2
280,252,3,2
280,253,3,2
280,254,3,2
280,255,3,2
280,256,3,2
280,257,3,2
280,258,3,2
280,259,3,2
280,260,3,2
280,261,3,2
280,262,3,2
280,263,3,2
280,264,3,2
280,265,3,2
280,266,3,2
280,267,3,2
280,268,3,2
280,269,3,2
280,270,3,2
280,271,3,2
280,272,3,2
280,273,3,2
280,274,3,2
280,275,3,2
280,276,3,2
280,277,3,2
280,278,3,2
280,279,3,2
280,280,3,2
280,281,3,2
280,282,3,2
280,283,3,2
281,86,3,3
281,87,3,3
281,88,3,2
281,89,3,2
281,90,3,2
281,91,3,2
281,92,3,2
281,93,3,3
281,94,3,2
281,95,3,3
281,96,3,3
281,97,3,3
281,98,3,3
281,99,3,3
281,100,3,3
281,101,3,3
281,102,3,3
281,103,3,3
281,104,3,3
281,105,3,3
281,106,3,2
281,107,3,2
281,108,3,2
281,109,3,2
281,110,3,2
281,111,3,2
281,112,3,2
281,113,3,2
281,114,3,2
281,115,3,2
281,116,3,2
281,117,3,2
281,118,3,2
281,119,3,2
281,120,3,2
281,121,3,2
281,122,3,2
281,123,3,2
281,124,3,2
281,125,3,2
281,126,3,2
281,127,3,2
281,128,3,2
281,129,3,2
281,130,3,2
281,131,3,2
281,132,3,3
281,133,3,3
281,134,3,3
281,135,3,3
281,136,3,3
281,137,3,3
281,138,3,3
281,139,3,3
281,140,3,3
281,141,3,3
281,142,3,3
281,143,3,3
281,144,3,3
281,145,3,3
281,146,3,3
281,147,3,3
281,148,3,3
281,149,3,3
281,150,3,3
281,151,3,3
281,152,3,3
281,153,3,3
281,154,3,3
281,155,3,3
281,156,3,3
281,157,3,3
281,158,3,3
281,159,3,3
281,160,3,3
281,161,3,3
281,162,3,3
281,163,3,3
281,164,3,3
281,165,3,3
281,166,3,3
281,167,3,3
281,168,3,3
281,169,3,3
281,170,3,3
281,171,3,3
281,172,3,3
281,173,3,3
281,174,3,3
281,175,3,3
281,176,3,3
281,177,3,3
281,178,3,3
281,179,3,3
281,180,3,3
281,181,3,3
281,182,3,3
281,183,3,3
281,184,3,3
281,185,3,3
281,186,3,3
281,187,3,3
281,188,3,3
281,189,3,3
281,190,3,3
281,191,3,3
281,192,3,3
281,193,3,3
281,194,3,3
281,195,3,3
281,196,3,3
281,197,3,3
281,198,3,3
281,199,3,3
281,200,3,3
281,201,3,3
281,202,3,3
281,203,3,3
281,204,3,3
281,205,3,3
281,206,3,3
281,207,3,3
281,208,3,3
281,209,3,3
281,210,3,2
281,211,3,2
281,212,3,2
281,213,3,2
281,214,3,2
281,215,3,2
281,216,3,2
281,217,3,2
281,218,3,2
281,219,3,2
281,220,3,2
281,221,3,2
281,222,3,2
281,223,3,2
281,224,3,2
281,225,3,2
281,226,3,2
281,227,3,2
281,228,3,2
281,229,3,2
281,230,3,2
281,231,3,2
281,232,3,2
281,233,3,2
281,234,3,2
281,235,3,2
281,236,3,2
281,237,3,2
281,238,3,2
281,239,3,2
281,240,3,2
281,241,3,2
281,242,3,2
281,243,3,2
281,244,3,2
281,245,3,2
281,246,3,2
281,247,3,2
281,248,3,2
281,249,3,2
281,250,3,2
281,251,3,2
281,252,3,2
281,253,3,2
281,254,3,2
281,255,3,2
281,256,3,2
281,257,3,2
281,258,3,2
281,259,3,2
281,260,3,2
281,261,3,2
281,262,3,2
281,263,3,2
281,264,3,2
281,265,3,2
281,266,3,2
281,267,3,2
281,268,3,2
281,269,3,2
281,270,3,2
281,271,3,2
281,272,3,2
281,273,3,2
281,274,3,2
281,275,3,2
281,276,3,2
281,277,3,2
281,278,3,2
281,279,3,2
281,280,3,2
281,281,3,2
281,282,3,2
282,86,3,2
282,87,3,2
282,88,3,2
282,89,3,2
282,90,3,2
282,91,3,2
282,92,3,2
282,93,3,2
282,94,3,2
282,95,3,2
282,96,3,3
282,97,3,3
282,98,3,3
282,99,3,3
282,100,3,3
282,101,3,3
282,102,3,3
282,103,3,3
282,104,3,3
282,105,3,2
282,106,3,2
282,107,3,2
282,108,3,2
282,109,3,2
282,110,3,2
282,111,3,2
282,112,3,2
282,113,3,2
282,114,3,2
282,115,3,2
282,116,3,2
282,117,3,2
282,118,3,2
282,119,3,2
282,120,3,2
282,121,3,2
282,122,3,2
282,123,3,2
282,124,3,2
282,125,3,2
282,126,3,2
282,127,3,2
282,128,3,2
282,129,3,2
282,130,3,2
282,131,3,2
282,132,3,2
282,133,3,2
282,134,3,3
282,135,3,3
282,136,3,3
282,137,3,3
282,138,3,3
282,139,3,3
282,140,3,3
282,141,3,3
282,142,3,3
282,143,3,3
282,144,3,3
282,145,3,3
282,146,3,3
282,147,3,3
282,148,3,3
282,149,3,3
282,150,3,3
282,151,3,3
282,152,3,3
282,153,3,3
282,154,3,3
282,155,3,3
282,156,3,3
282,157,3,3
282,158,3,3
282,159,3,3
282,160,3,3
282,161,3,3
282,162,3,3
282,163,3,3
282,164,3,3
282,165,3,3
282,166,3,3
282,167,3,3
282,168,3,3
282,169,3,3
282,170,3,3
282,171,3,3
282,172,3,3
282,173,3,3
282,174,3,3
282,175,3,3
282,176,3,3
282,177,3,3
282,178,3,3
282,179,3,3
282,180,3,3
282,181,3,3
282,182,3,3
282,183,3,3
282,184,3,3
282,185,3,3
282,186,3,3
282,187,3,3
282,188,3,3
282,189,3,3
282,190,3,3
282,191,3,3
282,192,3,3
282,193,3,3
282,194,3,3
282,195,3,3
282,196,3,3
282,197,3,3
282,198,3,3
282,199,3,3
282,200,3,3
282,201,3,3
282,202,3,3
282,203,3,3
282,204,3,3
282,205,3,3
282,206,3,3
282,207,3,3
282,208,3,3
282,209,3,3
282,210,3,3
282,211,3,2
282,212,3,2
282,213,3,2
282,214,3,2
282,215,3,2
282,216,3,2
282,217,3,2
282,218,3,2
282,219,3,2
282,220,3,2
282,221,3,2
282,222,3,2
282,223,3,2
282,224,3,2
282,225,3,2
282,226,3,2
282,227,3,2
282,228,3,2
282,229,3,2
282,230,3,2
282,231,3,2
282,232,3,2
282,233,3,2
282,234,3,2
282,235,3,2
282,236,3,2
282,237,3,2
282,238,3,2
282,239,3,2
282,240,3,2
282,241,3,2
282,242,3,2
282,243,3,2
282,244,3,2
282,245,3,2
282,246,3,2
282,247,3,2
282,248,3,2
282,249,3,2
282,250,3,2
282,251,3,2
282,252,3,2
282,253,3,2
282,254,3,2
282,255,3,2
282,256,3,2
282,257,3,2
282,258,3,2
282,259,3,2
282,260,3,2
282,261,3,2
282,262,3,2
282,263,3,2
282,264,3,2
282,265,3,2
282,266,3,2
282,267,3,2
282,268,3,2
282,269,3,2
282,270,3,2
282,271,3,2
282,272,3,2
282,273,3,2
282,274,3,2
282,275,3,2
282,276,3,2
282,277,3,2
282,278,3,2
282,279,3,2
282,280,3,2
282,281,3,2
283,87,3,3
283,88,3,2
283,89,3,2
283,90,3,2
283,91,3,2
283,92,3,2
283,93,3,2
283,94,3,2
283,95,3,2
283,96,3,2
283,97,3,3
283,98,3,3
283,99,3,3
283,100,3,3
283,101,3,3
283,102,3,3
283,103,3,3
283,104,3,3
283,105,3,2
283,106,3,2
283,107,3,2
283,108,3,2
283,109,3,2
283,110,3,2
283,111,3,2
283,112,3,2
283,113,3,2
283,114,3,2
283,115,3,2
283,116,3,2
283,117,3,2
283,118,3,2
283,119,3,2
283,120,3,2
283,121,3,2
283,122,3,2
283,123,3,2
283,124,3,2
283,125,3,2
283,126,3,2
283,127,3,2
283,128,3,2
283,129,3,2
283,130,3,2
283,131,3,2
283,132,3,2
283,133,3,2
283,134,3,2
283,135,3,2
283,136,3,3
283,137,3,3
283,138,3,3
283,139,3,3
283,140,3,3
283,141,3,3
283,142,3,3
283,143,3,3
283,144,3,3
283,145,3,3
283,146,3,3
283,147,3,3
283,148,3,3
283,149,3,3
283,150,3,3
283,151,3,3
283,152,3,3
283,153,3,3
283,154,3,3
283,155,3,3
283,156,3,3
283,157,3,3
283,158,3,3
283,159,3,3
283,160,3,3
283,161,3,3
283,162,3,3
283,163,3,3
283,164,3,3
283,165,3,3
283,166,3,3
283,167,3,3
283,168,3,3
283,169,3,3
283,170,3,3
283,171,3,3
283,172,3,3
283,173,3,3
283,174,3,3
283,175,3,3
283,176,3,3
283,177,3,3
283,178,3,3
283,179,3,3
283,180,3,3
283,181,3,3
283,182,3,3
283,183,3,3
283,184,3,3
283,185,3,3
283,186,3,3
283,187,3,3
283,188,3,3
283,189,3,3
283,190,3,3
283,191,3,3
283,192,3,3
283,193,3,3
283,194,3,3
283,195,3,3
283,196,3,3
283,197,3,3
283,198,3,3
283,199,3,3
283,200,3,3
283,201,3,3
283,202,3,3
283,203,3,3
283,204,3,3
283,205,3,3
283,206,3,3
283,207,3,3
283,208,3,3
283,209,3,3
283,210,3,2
283,211,3,2
283,212,3,2
283,213,3,2
283,214,3,2
283,215,3,2
283,216,3,2
283,217,3,2
283,218,3,2
283,219,3,2
283,220,3,2
283,221,3,2
283,222,3,2
283,223,3,2
283,224,3,2
283,225,3,2
283,226,3,2
283,227,3,2
283,228,3,2
283,229,3,2
283,230,3,2
283,231,3,2
283,232,3,2
283,233,3,2
283,234,3,2
283,235,3,2
283,236,3,2
283,237,3,2
283,238,3,2
283,239,3,2
283,240,3,2
283,241,3,2
283,242,3,2
283,243,3,2
283,244,3,2
283,245,3,2
283,246,3,2
283,247,3,2
283,248,3,2
283,249,3,2
283,250,3,2
283,251,3,2
283,252,3,2
283,253,3,2
283,254,3,2
283,255,3,2
283,256,3,2
283,257,3,2
283,258,3,2
283,259,3,2
283,260,3,2
283,261,3,2
283,262,3,2
283,263,3,2
283,264,3,2
283,265,3,2
283,266,3,2
283,267,3,2
283,268,3,2
283,269,3,2
283,270,3,2
283,271,3,2
283,272,3,2
283,273,3,2
283,274,3,2
283,275,3,2
283,276,3,2
283,277,3,2
283,278,3,2
283,279,3,2
283,280,3,2
284,87,3,2
284,88,3,2
284,89,3,2
284,90,3,2
284,91,3,2
284,92,3,2
284,93,3,2
284,94,3,2
284,95,3,2
284,96,3,2
284,97,3,3
284,98,3,3
284,99,3,3
284,100,3,3
284,101,3,3
284,102,3,3
284,103,3,3
284,104,3,2
284,105,3,2
284,106,3,2
284,107,3,2
284,108,3,2
284,109,3,2
284,110,3,2
284,111,3,2
284,112,3,2
284,113,3,2
284,114,3,2
284,115,3,2
284,116,3,2
284,117,3,2
284,118,3,2
284,119,3,2
284,120,3,2
284,121,3,2
284,122,3,2
284,123,3,2
284,124,3,2
284,125,3,2
284,126,3,2
284,127,3,2
284,128,3,2
284,129,3,2
284,130,3,2
284,131,3,2
284,132,3,2
284,133,3,2
284,134,3,2
284,135,3,2
284,136,3,2
284,137,3,3
284,138,3,3
284,139,3,3
284,140,3,3
284,141,3,3
284,142,3,3
284,143,3,3
284,144,3,3
284,145,3,3
284,146,3,3
284,147,3,3
284,148,3,3
284,149,3,3
284,150,3,3
284,151,3,3
284,152,3,3
284,153,3,3
284,154,3,3
284,155,3,3
284,156,3,3
284,157,3,3
284,158,3,3
284,159,3,3
284,160,3,3
284,161,3,3
284,162,3,3
284,163,3,3
284,164,3,3
284,165,3,3
284,166,3,3
284,167,3,3
284,168,3,3
284,169,3,3
284,170,3,3
284,171,3,3
284,172,3,3
284,173,3,3
284,174,3,3
284,175,3,3
284,176,3,3
284,177,3,3
284,178,3,3
284,179,3,3
284,180,3,3
284,181,3,3
284,182,3,3
284,183,3,3
284,184,3,3
284,185,3,3
284,186,3,3
284,187,3,3
284,188,3,3
284,189,3,3
284,190,3,3
284,191,3,3
284,192,3,3
284,193,3,3
284,194,3,3
284,195,3,3
284,196,3,3
284,197,3,3
284,198,3,3
284,199,3,3
284,200,3,3
284,201,3,3
284,202,3,3
284,203,3,3
284,204,3,3
284,205,3,3
284,206,3,3
284,207,3,3
284,208,3,3
284,209,3,2
284,210,3,2
284,211,3,2
284,212,3,2
284,213,3,2
284,214,3,2
284,215,3,2
284,216,3,2
284,217,3,2
284,218,3,2
284,219,3,2
284,220,3,2
284,221,3,2
284,222,3,2
284,223,3,2
284,224,3,2
284,225,3,2
284,226,3,2
284,227,3,2
284,228,3,2
284,229,3,2
284,230,3,2
284,231,3,2
284,232,3,2
284,233,3,2
284,234,3,2
284,235,3,2
284,236,3,2
284,237,3,2
284,238,3,2
284,239,3,2
284,240,3,2
284,241,3,2
284,242,3,2
284,243,3,2
284,244,3,2
284,245,3,2
284,246,3,2
284,247,3,2
284,248,3,2
284,249,3,2
284,250,3,2
284,251,3,2
284,252,3,2
284,253,3,2
284,254,3,2
284,255,3,2
284,256,3,2
284,257,3,2
284,258,3,2
284,259,3,2
284,260,3,2
284,261,3,2
284,262,3,2
284,263,3,2
284,264,3,2
284,265,3,2
284,266,3,2
284,267,3,2
284,268,3,2
284,269,3,2
284,270,3,2
284,271,3,2
284,272,3,2
284,273,3,2
284,274,3,2
284,275,3,2
284,276,3,2
284,277,3,2
284,278,3,2
284,279,3,2
285,88,3,2
285,89,3,2
285,90,3,2
285,91,3,2
285,92,3,2
285,93,3,2
285,94,3,2
285,95,3,2
285,96,3,2
285,97,3,3
285,98,3,3
285,99,3,3
285,100,3,3
285,101,3,3
285,102,3,3
285,103,3,3
285,104,3,3
285,105,3,3
285,106,3,3
285,107,3,2
285,108,3,2
285,109,3,2
285,110,3,2
285,111,3,2
285,112,3,2
285,113,3,2
285,114,3,2
285,115,3,2
285,116,3,2
285,117,3,2
285,118,3,2
285,119,3,2
285,120,3,2
285,121,3,2
285,122,3,2
285,123,3,2
285,124,3,2
285,125,3,2
285,126,3,2
285,127,3,2
285,128,3,2
285,129,3,2
285,130,3,2
285,131,3,2
285,132,3,2
285,133,3,2
285,134,3,2
285,135,3,2
285,136,3,2
285,137,3,2
285,138,3,3
285,139,3,3
285,140,3,3
285,141,3,3
285,142,3,3
285,143,3,3
285,144,3,3
285,145,3,3
285,146,3,3
285,147,3,3
285,148,3,3
285,149,3,3
285,150,3,3
285,151,3,3
285,152,3,3
285,153,3,3
285,154,3,3
285,155,3,3
285,156,3,3
285,157,3,3
285,158,3,3
285,159,3,3
285,160,3,3
285,161,3,3
285,162,3,3
285,163,3,3
285,164,3,3
285,165,3,3
285,166,3,3
285,167,3,3
285,168,3,3
285,169,3,3
285,170,3,3
285,171,3,3
285,172,3,3
285,173,3,3
285,174,3,3
285,175,3,3
285,176,3,3
285,177,3,3
285,178,3,3
285,179,3,3
285,180,3,3
285,181,3,3
285,182,3,3
285,183,3,3
285,184,3,3
285,185,3,3
285,186,3,3
285,187,3,3
285,188,3,3
285,189,3,3
285,190,3,3
285,191,3,3
285,192,3,3
285,193,3,3
285,194,3,3
285,195,3,3
285,196,3,3
285,197,3,3
285,198,3,3
285,199,3,3
285,200,3,3
285,201,3,3
285,202,3,3
285,203,3,3
285,204,3,3
285,205,3,3
285,206,3,3
285,207,3,3
285,208,3,3
285,209,3,3
285,210,3,2
285,211,3,2
285,212,3,2
285,213,3,2
285,214,3,2
285,215,3,2
285,216,3,2
285,217,3,2
285,218,3,2
285,219,3,2
285,220,3,2
285,221,3,2
285,222,3,2
285,223,3,2
285,224,3,2
285,225,3,2
285,226,3,2
285,227,3,2
285,228,3,2
285,229,3,2
285,230,3,2
285,231,3,2
285,232,3,2
285,233,3,2
285,234,3,2
285,235,3,2
285,236,3,2
285,237,3,2
285,238,3,2
285,239,3,2
285,240,3,2
285,241,3,2
285,242,3,2
285,243,3,2
285,244,3,2
285,245,3,2
285,246,3,2
285,247,3,2
285,248,3,2
285,249,3,2
285,250,3,2
285,251,3,2
285,252,3,2
285,253,3,2
285,254,3,2
285,255,3,2
285,256,3,2
285,257,3,2
285,258,3,2
285,259,3,2
285,260,3,2
285,261,3,2
285,262,3,2
285,263,3,2
285,264,3,2
285,265,3,2
285,266,3,2
285,267,3,2
285,268,3,2
285,269,3,2
285,270,3,2
285,271,3,2
285,272,3,2
285,273,3,2
285,274,3,2
285,275,3,2
285,276,3,2
285,277,3,2
285,278,3,2
286,88,3,3
286,89,3,2
286,90,3,2
286,91,3,2
286,92,3,2
286,93,3,2
286,94,3,2
286,95,3,2
286,96,3,2
286,97,3,3
286,98,3,3
286,99,3,3
286,100,3,3
286,101,3,3
286,102,3,3
286,103,3,3
286,104,3,3
286,105,3,3
286,106,3,2
286,107,3,2
286,108,3,2
286,109,3,2
286,110,3,2
286,111,3,2
286,112,3,2
286,113,3,2
286,114,3,2
286,115,3,2
286,116,3,2
286,117,3,2
286,118,3,2
286,119,3,2
286,120,3,2
286,121,3,2
286,122,3,2
286,123,3,2
286,124,3,2
286,125,3,2
286,126,3,2
286,127,3,2
286,128,3,2
286,129,3,2
286,130,3,2
286,131,3,2
286,132,3,2
286,133,3,2
286,134,3,2
286,135,3,2
286,136,3,2
286,137,3,2
286,138,3,2
286,139,3,3
286,140,3,3
286,141,3,3
286,142,3,3
286,143,3,3
286,144,3,3
286,145,3,3
286,146,3,3
286,147,3,3
286,148,3,3
286,149,3,3
286,150,3,3
286,151,3,3
286,152,3,3
286,153,3,3
286,154,3,3
286,155,3,3
286,156,3,3
286,157,3,3
286,158,3,3
286,159,3,3
286,160,3,3
286,161,3,3
286,162,3,3
286,163,3,3
286,164,3,3
286,165,3,3
286,166,3,3
286,167,3,3
286,168,3,3
286,169,3,3
286,170,3,3
286,171,3,3
286,172,3,3
286,173,3,3
286,174,3,3
286,175,3,3
286,176,3,3
286,177,3,3
286,178,3,3
286,179,3,3
286,180,3,3
286,181,3,3
286,182,3,3
286,183,3,3
286,184,3,3
286,185,3,3
286,186,3,3
286,187,3,3
286,188,3,3
286,189,3,3
286,190,3,3
286,191,3,3
286,192,3,3
286,193,3,3
286,194,3,3
286,195,3,3
286,196,3,3
286,197,3,3
286,198,3,3
286,199,3,3
286,200,3,3
286,201,3,3
286,202,3,3
286,203,3,3
286,204,3,3
286,205,3,3
286,206,3,3
286,207,3,3
286,208,3,3
286,209,3,2
286,210,3,2
286,211,3,2
286,212,3,2
286,213,3,2
286,214,3,2
286,215,3,2
286,216,3,2
286,217,3,2
286,218,3,2
286,219,3,2
286,220,3,2
286,221,3,2
286,222,3,2
286,223,3,2
286,224,3,2
286,225,3,2
286,226,3,2
286,227,3,2
286,228,3,2
286,229,3,2
286,230,3,2
286,231,3,2
286,232,3,2
286,233,3,2
286,234,3,2
286,235,3,2
286,236,3,2
286,237,3,2
286,238,3,2
286,239,3,2
286,240,3,2
286,241,3,2
286,242,3,2
286,243,3,2
286,244,3,2
286,245,3,2
286,246,3,2
286,247,3,2
286,248,3,2
286,249,3,2
286,250,3,2
286,251,3,2
286,252,3,2
286,253,3,2
286,254,3,2
286,255,3,2
286,256,3,2
286,257,3,2
286,258,3,2
286,259,3,2
286,260,3,2
286,261,3,2
286,262,3,2
286,263,3,2
286,264,3,2
286,265,3,2
286,266,3,2
286,267,3,2
286,268,3,2
286,269,3,2
286,270,3,2
286,271,3,2
286,272,3,2
286,273,3,2
286,274,3,2
286,275,3,2
286,276,3,2
286,277,3,2
286,278,3,2
287,89,3,2
287,90,3,2
287,91,3,2
287,92,3,2
287,93,3,2
287,94,3,2
287,95,3,2
287,96,3,2
287,97,3,3
287,98,3,3
287,99,3,3
287,100,3,3
287,101,3,3
287,102,3,3
287,103,3,3
287,104,3,3
287,105,3,3
287,106,3,2
287,107,3,2
287,108,3,2
287,109,3,2
287,110,3,2
287,111,3,2
287,112,3,2
287,113,3,2
287,114,3,2
287,115,3,2
287,116,3,2
287,117,3,2
287,118,3,2
287,119,3,2
287,120,3,2
287,121,3,2
287,122,3,2
287,123,3,2
287,124,3,2
287,125,3,2
287,126,3,2
287,127,3,2
287,128,3,2
287,129,3,2
287,130,3,2
287,131,3,2
287,132,3,2
287,133,3,2
287,134,3,2
287,135,3,2
287,136,3,2
287,137,3,2
287,138,3,2
287,139,3,2
287,140,3,3
287,141,3,3
287,142,3,3
287,143,3,3
287,144,3,3
287,145,3,3
287,146,3,3
287,147,3,3
287,148,3,3
287,149,3,3
287,150,3,3
287,151,3,3
287,152,3,3
287,153,3,3
287,154,3,3
287,155,3,3
287,156,3,3
287,157,3,3
287,158,3,3
287,159,3,3
287,160,3,3
287,161,3,3
287,162,3,3
287,163,3,3
287,164,3,3
287,165,3,3
287,166,3,3
287,167,3,3
287,168,3,3
287,169,3,3
287,170,3,3
287,171,3,3
287,172,3,3
287,173,3,3
287,174,3,3
287,175,3,3
287,176,3,3
287,177,3,3
287,178,3,3
287,179,3,3
287,180,3,3
287,181,3,3
287,182,3,3
287,183,3,3
287,184,3,3
287,185,3,3
287,186,3,3
287,187,3,3
287,188,3,3
287,189,3,3
287,190,3,3
287,191,3,3
287,192,3,3
287,193,3,3
287,194,3,3
287,195,3,3
287,196,3,3
287,197,3,3
287,198,3,3
287,199,3,3
287,200,3,3
287,201,3,3
287,202,3,3
287,203,3,3
287,204,3,3
287,205,3,3
287,206,3,3
287,207,3,3
287,208,3,3
287,209,3,2
287,210,3,2
287,211,3,2
287,212,3,2
287,213,3,2
287,214,3,2
287,215,3,2
287,216,3,2
287,217,3,2
287,218,3,2
287,219,3,2
287,220,3,2
287,221,3,2
287,222,3,2
287,223,3,2
287,224,3,2
287,225,3,2
287,226,3,2
287,227,3,2
287,228,3,2
287,229,3,2
287,230,3,2
287,231,3,2
287,232,3,2
287,233,3,2
287,234,3,2
287,235,3,2
287,236,3,2
287,237,3,2
287,238,3,2
287,239,3,2
287,240,3,2
287,241,3,2
287,242,3,2
287,243,3,2
287,244,3,2
287,245,3,2
287,246,3,2
287,247,3,2
287,248,3,2
287,249,3,2
287,250,3,2
287,251,3,2
287,252,3,2
287,253,3,2
287,254,3,2
287,255,3,2
287,256,3,2
287,257,3,2
287,258,3,2
287,259,3,2
287,260,3,2
287,261,3,2
287,262,3,2
287,263,3,2
287,264,3,2
287,265,3,2
287,266,3,2
287,267,3,2
287,268,3,2
287,269,3,2
287,270,3,2
287,271,3,2
287,272,3,2
287,273,3,2
287,274,3,2
287,275,3,2
287,276,3,2
287,277,3,2
288,89,3,2
288,90,3,2
288,91,3,2
288,92,3,2
288,93,3,2
288,94,3,2
288,95,3,2
288,96,3,2
288,97,3,3
288,98,3,3
288,99,3,3
288,100,3,3
288,101,3,3
288,102,3,3
288,103,3,3
288,104,3,2
288,105,3,2
288,106,3,2
288,107,3,2
288,108,3,2
288,109,3,2
288,110,3,2
288,111,3,2
288,112,3,2
288,113,3,2
288,114,3,2
288,115,3,2
288,116,3,2
288,117,3,2
288,118,3,2
288,119,3,2
288,120,3,2
288,121,3,2
288,122,3,2
288,123,3,2
288,124,3,2
288,125,3,2
288,126,3,2
288,127,3,2
288,128,3,2
288,129,3,2
288,130,3,2
288,131,3,2
288,132,3,2
288,133,3,2
288,134,3,2
288,135,3,2
288,136,3,2
288,137,3,2
288,138,3,2
288,139,3,2
288,140,3,2
288,141,3,2
288,142,3,2
288,143,3,3
288,144,3,3
288,145,3,3
288,146,3,3
288,147,3,3
288,148,3,3
288,149,3,3
288,150,3,3
288,151,3,3
288,152,3,3
288,153,3,3
288,154,3,3
288,155,3,3
288,156,3,3
288,157,3,3
288,158,3,3
288,159,3,3
288,160,3,3
288,161,3,3
288,162,3,3
288,163,3,3
288,164,3,3
288,165,3,3
288,166,3,3
288,167,3,3
288,168,3,3
288,169,3,3
288,170,3,3
288,171,3,3
288,172,3,3
288,173,3,3
288,174,3,3
288,175,3,3
288,176,3,3
288,177,3,3
288,178,3,3
288,179,3,3
288,180,3,3
288,181,3,3
288,182,3,3
288,183,3,3
288,184,3,3
288,185,3,3
288,186,3,3
288,187,3,3
288,188,3,3
288,189,3,3
288,190,3,3
288,191,3,3
288,192,3,3
288,193,3,3
288,194,3,3
288,195,3,3
288,196,3,3
288,197,3,3
288,198,3,3
288,199,3,3
288,200,3,3
288,201,3,3
288,202,3,3
288,203,3,3
288,204,3,3
288,205,3,3
288,206,3,3
288,207,3,3
288,208,3,3
288,209,3,2
288,210,3,2
288,211,3,2
288,212,3,2
288,213,3,2
288,214,3,2
288,215,3,2
288,216,3,2
288,217,3,2
288,218,3,2
288,219,3,2
288,220,3,2
288,221,3,2
288,222,3,2
288,223,3,2
288,224,3,2
288,225,3,2
288,226,3,2
288,227,3,2
288,228,3,2
288,229,3,2
288,230,3,2
288,231,3,2
288,232,3,2
288,233,3,2
288,234,3,2
288,235,3,2
288,236,3,2
288,237,3,2
288,238,3,2
288,239,3,2
288,240,3,2
288,241,3,2
288,242,3,2
288,243,3,2
288,244,3,2
288,245,3,2
288,246,3,2
288,247,3,2
288,248,3,2
288,249,3,2
288,250,3,2
288,251,3,2
288,252,3,2
288,253,3,2
288,254,3,2
288,255,3,2
288,256,3,2
288,257,3,2
288,258,3,2
288,259,3,2
288,260,3,2
288,261,3,2
288,262,3,2
288,263,3,2
288,264,3,2
288,265,3,2
288,266,3,2
288,267,3,2
288,268,3,2
288,269,3,2
288,270,3,2
288,271,3,2
288,272,3,2
288,273,3,2
288,274,3,2
288,275,3,2
288,276,3,2
289,90,3,2
289,91,3,2
289,92,3,2
289,93,3,2
289,94,3,2
289,95,3,2
289,96,3,2
289,97,3,2
289,98,3,3
289,99,3,2
289,100,3,2
289,101,3,2
289,102,3,2
289,103,3,2
289,104,3,2
289,105,3,2
289,106,3,2
289,107,3,2
289,108,3,2
289,109,3,2
289,110,3,2
289,111,3,2
289,112,3,2
289,113,3,2
289,114,3,2
289,115,3,2
289,116,3,2
289,117,3,2
289,118,3,2
289,119,3,2
289,120,3,2
289,121,3,2
289,122,3,2
289,123,3,2
289,124,3,2
289,125,3,2
289,126,3,2
289,127,3,2
289,128,3,2
289,129,3,2
289,130,3,2
289,131,3,2
289,132,3,2
289,133,3,2
289,134,3,2
289,135,3,2
289,136,3,2
289,137,3,2
289,138,3,2
289,139,3,2
289,140,3,2
289,141,3,3
289,142,3,3
289,143,3,3
289,144,3,3
289,145,3,3
289,146,3,3
289,147,3,3
289,148,3,3
289,149,3,3
289,150,3,3
289,151,3,3
289,152,3,3
289,153,3,3
289,154,3,3
289,155,3,3
289,156,3,3
289,157,3,3
289,158,3,3
289,159,3,3
289,160,3,3
289,161,3,3
289,162,3,3
289,163,3,3
289,164,3,3
289,165,3,3
289,166,3,3
289,167,3,3
289,168,3,3
289,169,3,3
289,170,3,3
289,171,3,3
289,172,3,3
289,173,3,3
289,174,3,3
289,175,3,3
289,176,3,3
289,177,3,3
289,178,3,3
289,179,3,3
289,180,3,3
289,181,3,3
289,182,3,3
289,183,3,3
289,184,3,3
289,185,3,3
289,186,3,3
289,187,3,3
289,188,3,3
289,189,3,3
289,190,3,3
289,191,3,3
289,192,3,3
289,193,3,3
289,194,3,3
289,195,3,3
289,196,3,3
289,197,3,3
289,198,3,3
289,199,3,3
289,200,3,3
289,201,3,3
289,202,3,3
289,203,3,3
289,204,3,3
289,205,3,3
289,206,3,3
289,207,3,3
289,208,3,3
289,209,3,3
289,210,3,3
289,211,3,2
289,212,3,2
289,213,3,2
289,214,3,2
289,215,3,2
289,216,3,2
289,217,3,2
289,218,3,2
289,219,3,2
289,220,3,2
289,221,3,2
289,222,3,2
289,223,3,2
289,224,3,2
289,225,3,2
289,226,3,2
289,227,3,2
289,228,3,2
289,229,3,2
289,230,3,2
289,231,3,2
289,232,3,2
289,233,3,2
289,234,3,2
289,235,3,2
289,236,3,2
289,237,3,2
289,238,3,2
289,239,3,2
289,240,3,2
289,241,3,2
289,242,3,2
289,243,3,2
289,244,3,2
289,245,3,2
289,246,3,2
289,247,3,2
289,248,3,2
289,249,3,2
289,250,3,2
289,251,3,2
289,252,3,2
289,253,3,2
289,254,3,2
289,255,3,2
289,256,3,2
289,257,3,2
289,258,3,2
289,259,3,2
289,260,3,2
289,261,3,2
289,262,3,2
289,263,3,2
289,264,3,2
289,265,3,2
289,266,3,2
289,267,3,2
289,268,3,2
289,269,3,2
289,270,3,2
289,271,3,2
289,272,3,2
289,273,3,2
289,274,3,2
289,275,3,2
290,90,3,2
290,91,3,2
290,92,3,2
290,93,3,2
290,94,3,2
290,95,3,2
290,96,3,2
290,97,3,2
290,98,3,2
290,99,3,2
290,100,3,2
290,101,3,2
290,102,3,2
290,103,3,2
290,104,3,2
290,105,3,2
290,106,3,2
290,107,3,2
290,108,3,2
290,109,3,2
290,110,3,2
290,111,3,2
290,112,3,2
290,113,3,2
290,114,3,2
290,115,3,2
290,116,3,2
290,117,3,2
290,118,3,2
290,119,3,2
290,120,3,2
290,121,3,2
290,122,3,2
290,123,3,2
290,124,3,2
290,125,3,2
290,126,3,2
290,127,3,2
290,128,3,2
290,129,3,2
290,130,3,2
290,131,3,2
290,132,3,2
290,133,3,2
290,134,3,2
290,135,3,2
290,136,3,2
290,137,3,2
290,138,3,2
290,139,3,2
290,140,3,2
290,141,3,2
290,142,3,3
290,143,3,3
290,144,3,3
290,145,3,3
290,146,3,3
290,147,3,3
290,148,3,3
290,149,3,3
290,150,3,3
290,151,3,3
290,152,3,3
290,153,3,3
290,154,3,3
290,155,3,3
290,156,3,3
290,157,3,3
290,158,3,3
290,159,3,3
290,160,3,3
290,161,3,3
290,162,3,3
290,163,3,3
290,164,3,3
290,165,3,3
290,166,3,3
290,167,3,3
290,168,3,3
290,169,3,3
290,170,3,3
290,171,3,3
290,172,3,3
290,173,3,3
290,174,3,3
290,175,3,3
290,176,3,3
290,177,3,3
290,178,3,3
290,179,3,3
290,180,3,3
290,181,3,3
290,182,3,3
290,183,3,3
290,184,3,3
290,185,3,3
290,186,3,3
290,187,3,3
290,188,3,3
290,189,3,3
290,190,3,3
290,191,3,3
290,192,3,3
290,193,3,3
290,194,3,3
290,195,3,3
290,196,3,3
290,197,3,3
290,198,3,3
290,199,3,3
290,200,3,3
290,201,3,3
290,202,3,3
290,203,3,3
290,204,3,3
290,205,3,3
290,206,3,3
290,207,3,3
290,208,3,3
290,209,3,3
290,210,3,3
290,211,3,2
290,212,3,2
290,213,3,2
290,214,3,2
290,215,3,2
290,216,3,2
290,217,3,2
290,218,3,2
290,219,3,2
290,220,3,2
290,221,3,2
290,222,3,2
290,223,3,2
290,224,3,2
290,225,3,2
290,226,3,2
290,227,3,2
290,228,3,2
290,229,3,2
290,230,3,2
290,231,3,2
290,232,3,2
290,233,3,2
290,234,3,2
290,235,3,2
290,236,3,2
290,237,3,2
290,238,3,2
290,239,3,2
290,240,3,2
290,241,3,2
290,242,3,2
290,243,3,2
290,244,3,2
290,245,3,2
290,246,3,2
290,247,3,2
290,248,3,2
290,249,3,2
290,250,3,2
290,251,3,2
290,252,3,2
290,253,3,2
290,254,3,2
290,255,3,2
290,256,3,2
290,257,3,2
290,258,3,2
290,259,3,2
290,260,3,2
290,261,3,2
290,262,3,2
290,263,3,2
290,264,3,2
290,265,3,2
290,266,3,2
290,267,3,2
290,268,3,2
290,269,3,2
290,270,3,2
290,271,3,2
290,272,3,2
290,273,3,2
290,274,3,2
290,275,3,2
291,91,3,2
291,92,3,2
291,93,3,2
291,94,3,2
291,95,3,2
291,96,3,2
291,97,3,2
291,98,3,2
291,99,3,2
291,100,3,2
291,101,3,2
291,102,3,2
291,103,3,2
291,104,3,2
291,105,3,2
291,106,3,3
291,107,3,3
291,108,3,3
291,109,3,2
291,110,3,2
291,111,3,2
291,112,3,2
291,113,3,2
291,114,3,2
291,115,3,2
291,116,3,2
291,117,3,2
291,118,3,2
291,119,3,2
291,120,3,2
291,121,3,2
291,122,3,2
291,123,3,2
291,124,3,2
291,125,3,2
291,126,3,2
291,127,3,2
291,128,3,2
291,129,3,2
291,130,3,2
291,131,3,2
291,132,3,2
291,133,3,2
291,134,3,2
291,135,3,2
291,136,3,2
291,137,3,2
291,138,3,2
291,139,3,2
291,140,3,2
291,141,3,3
291,142,3,3
291,143,3,3
291,144,3,3
291,145,3,3
291,146,3,3
291,147,3,3
291,148,3,3
291,149,3,3
291,150,3,3
291,151,3,3
291,152,3,3
291,153,3,3
291,154,3,3
291,155,3,3
291,156,3,3
291,157,3,3
291,158,3,3
291,159,3,3
291,160,3,3
291,161,3,3
291,162,3,3
291,163,3,3
291,164,3,3
291,165,3,3
291,166,3,3
291,167,3,3
291,168,3,3
291,169,3,3
291,170,3,3
291,171,3,3
291,172,3,3
291,173,3,3
291,174,3,3
291,175,3,3
291,176,3,3
291,177,3,3
291,178,3,3
291,179,3,3
291,180,3,3
291,181,3,3
291,182,3,3
291,183,3,3
291,184,3,3
291,185,3,3
291,186,3,3
291,187,3,3
291,188,3,3
291,189,3,3
291,190,3,3
291,191,3,3
291,192,3,3
291,193,3,3
291,194,3,3
291,195,3,3
291,196,3,3
291,197,3,3
291,198,3,3
291,199,3,3
291,200,3,3
291,201,3,3
291,202,3,3
291,203,3,3
291,204,3,3
291,205,3,3
291,206,3,3
291,207,3,3
291,208,3,3
291,209,3,2
291,210,3,2
291,211,3,2
291,212,3,2
291,213,3,2
291,214,3,2
291,215,3,2
291,216,3,2
291,217,3,2
291,218,3,2
291,219,3,2
291,220,3,2
291,221,3,2
291,222,3,2
291,223,3,2
291,224,3,2
291,225,3,2
291,226,3,2
291,227,3,2
291,228,3,2
291,229,3,2
291,230,3,2
291,231,3,2
291,232,3,2
291,233,3,2
291,234,3,2
291,235,3,2
291,236,3,2
291,237,3,2
291,238,3,2
291,239,3,2
291,240,3,2
291,241,3,2
291,242,3,2
291,243,3,2
291,244,3,2
291,245,3,2
291,246,3,2
291,247,3,2
291,248,3,2
291,249,3,2
291,250,3,2
291,251,3,2
291,252,3,2
291,253,3,2
291,254,3,2
291,255,3,2
291,256,3,2
291,257,3,2
291,258,3,2
291,259,3,2
291,260,3,2
291,261,3,2
291,262,3,2
291,263,3,2
291,264,3,2
291,265,3,2
291,266,3,2
291,267,3,2
291,268,3,2
291,269,3,2
291,270,3,2
291,271,3,2
291,272,3,2
291,273,3,2
291,274,3,2
292,91,3,2
292,92,3,2
292,93,3,2
292,94,3,2
292,95,3,2
292,96,3,2
292,97,3,2
292,98,3,2
292,99,3,2
292,100,3,2
292,101,3,2
292,102,3,2
292,103,3,2
292,104,3,3
292,105,3,3
292,106,3,2
292,107,3,3
292,108,3,3
292,109,3,2
292,110,3,2
292,111,3,2
292,112,3,2
292,113,3,2
292,114,3,2
292,115,3,2
292,116,3,2
292,117,3,2
292,118,3,2
292,119,3,2
292,120,3,2
292,121,3,2
292,122,3,2
292,123,3,2
292,124,3,2
292,125,3,2
292,126,3,2
292,127,3,2
292,128,3,2
292,129,3,2
292,130,3,2
292,131,3,2
292,132,3,2
292,133,3,2
292,134,3,2
292,135,3,2
292,136,3,2
292,137,3,2
292,138,3,2
292,139,3,2
292,140,3,2
292,141,3,3
292,142,3,3
292,143,3,3
292,144,3,3
292,145,3,3
292,146,3,3
292,147,3,3
292,148,3,3
292,149,3,3
292,150,3,3
292,151,3,3
292,152,3,3
292,153,3,3
292,154,3,3
292,155,3,3
292,156,3,3
292,157,3,3
292,158,3,3
292,159,3,3
292,160,3,3
292,161,3,3
292,162,3,3
292,163,3,3
292,164,3,3
292,165,3,3
292,166,3,3
292,167,3,3
292,168,3,3
292,169,3,3
292,170,3,3
292,171,3,3
292,172,3,3
292,173,3,3
292,174,3,3
292,175,3,3
292,176,3,3
292,177,3,3
292,178,3,3
292,179,3,3
292,180,3,3
292,181,3,3
292,182,3,3
292,183,3,3
292,184,3,3
292,185,3,3
292,186,3,3
292,187,3,3
292,188,3,3
292,189,3,3
292,190,3,3
292,191,3,3
292,192,3,3
292,193,3,3
292,194,3,3
292,195,3,3
292,196,3,3
292,197,3,3
292,198,3,3
292,199,3,3
292,200,3,3
292,201,3,3
292,202,3,3
292,203,3,3
292,204,3,3
292,205,3,3
292,206,3,3
292,207,3,3
292,208,3,3
292,209,3,3
292,210,3,2
292,211,3,2
292,212,3,2
292,213,3,2
292,214,3,2
292,215,3,2
292,216,3,2
292,217,3,2
292,218,3,2
292,219,3,2
292,220,3,2
292,221,3,2
292,222,3,2
292,223,3,2
292,224,3,2
292,225,3,2
292,226,3,2
292,227,3,2
292,228,3,2
292,229,3,2
292,230,3,2
292,231,3,2
292,232,3,2
292,233,3,2
292,234,3,2
292,235,3,2
292,236,3,2
292,237,3,2
292,238,3,2
292,239,3,2
292,240,3,2
292,241,3,2
292,242,3,2
292,243,3,2
292,244,3,2
292,245,3,2
292,246,3,2
292,247,3,2
292,248,3,2
292,249,3,2
292,250,3,2
292,251,3,2
292,252,3,2
292,253,3,2
292,254,3,2
292,255,3,2
292,256,3,2
292,257,3,2
292,258,3,2
292,259,3,2
292,260,3,2
292,261,3,2
292,262,3,2
292,263,3,2
292,264,3,2
292,265,3,2
292,266,3,2
292,267,3,2
292,268,3,2
292,269,3,2
292,270,3,2
292,271,3,2
292,272,3,2
292,273,3,2
292,274,3,2
293,91,3,2
293,92,3,2
293,93,3,2
293,94,3,2
293,95,3,2
293,96,3,2
293,97,3,2
293,98,3,2
293,99,3,2
293,100,3,2
293,101,3,3
293,102,3,3
293,103,3,3
293,104,3,3
293,105,3,3
293,106,3,2
293,107,3,3
293,108,3,3
293,109,3,3
293,110,3,3
293,111,3,3
293,112,3,2
293,113,3,2
293,114,3,2
293,115,3,2
293,116,3,2
293,117,3,2
293,118,3,2
293,119,3,2
293,120,3,2
293,121,3,2
293,122,3,2
293,123,3,2
293,124,3,2
293,125,3,2
293,126,3,2
293,127,3,2
293,128,3,2
293,129,3,2
293,130,3,2
293,131,3,2
293,132,3,2
293,133,3,2
293,134,3,2
293,135,3,2
293,136,3,2
293,137,3,2
293,138,3,2
293,139,3,2
293,140,3,2
293,141,3,3
293,142,3,3
293,143,3,3
293,144,3,3
293,145,3,3
293,146,3,3
293,147,3,3
293,148,3,3
293,149,3,3
293,150,3,3
293,151,3,3
293,152,3,3
293,153,3,3
293,154,3,3
293,155,3,3
293,156,3,3
293,157,3,3
293,158,3,3
293,159,3,3
293,160,3,3
293,161,3,3
293,162,3,3
293,163,3,3
293,164,3,3
293,165,3,3
293,166,3,3
293,167,3,3
293,168,3,3
293,169,3,3
293,170,3,3
293,171,3,3
293,172,3,3
293,173,3,3
293,174,3,3
293,175,3,3
293,176,3,3
293,177,3,3
293,178,3,3
293,179,3,3
293,180,3,3
293,181,3,3
293,182,3,3
293,183,3,3
293,184,3,3
293,185,3,3
293,186,3,3
293,187,3,3
293,188,3,3
293,189,3,3
293,190,3,3
293,191,3,3
293,192,3,3
293,193,3,3
293,194,3,3
293,195,3,3
293,196,3,3
293,197,3,3
293,198,3,3
293,199,3,3
293,200,3,3
293,201,3,3
293,202,3,3
293,203,3,3
293,204,3,3
293,205,3,3
293,206,3,3
293,207,3,3
293,208,3,3
293,209,3,3
293,210,3,2
293,211,3,2
293,212,3,2
293,213,3,2
293,214,3,2
293,215,3,2
293,216,3,2
293,217,3,2
293,218,3,2
293,219,3,2
293,220,3,2
293,221,3,2
293,222,3,2
293,223,3,2
293,224,3,2
293,225,3,2
293,226,3,2
293,227,3,2
293,228,3,2
293,229,3,2
293,230,3,2
293,231,3,2
293,232,3,2
293,233,3,2
293,234,3,2
293,235,3,2
293,236,3,2
293,237,3,2
293,238,3,2
293,239,3,2
293,240,3,2
293,241,3,2
293,242,3,2
293,243,3,2
293,244,3,2
293,245,3,2
293,246,3,2
293,247,3,2
293,248,3,2
293,249,3,2
293,250,3,2
293,251,3,2
293,252,3,2
293,253,3,2
293,254,3,2
293,255,3,2
293,256,3,2
293,257,3,2
293,258,3,2
293,259,3,2
293,260,3,2
293,261,3,2
293,262,3,2
293,263,3,2
293,264,3,2
293,265,3,2
293,266,3,2
293,267,3,2
293,268,3,2
293,269,3,2
293,270,3,2
293,271,3,2
293,272,3,2
293,273,3,2
294,92,3,2
294,93,3,2
294,94,3,2
294,95,3,2
294,96,3,2
294,97,3,2
294,98,3,3
294,99,3,2
294,100,3,2
294,101,3,2
294,102,3,3
294,103,3,3
294,104,3,2
294,105,3,2
294,106,3,2
294,107,3,3
294,108,3,3
294,109,3,3
294,110,3,3
294,111,3,3
294,112,3,3
294,113,3,2
294,114,3,2
294,115,3,2
294,116,3,2
294,117,3,2
294,118,3,2
294,119,3,2
294,120,3,2
294,121,3,2
294,122,3,2
294,123,3,2
294,124,3,2
294,125,3,2
294,126,3,2
294,127,3,2
294,128,3,2
294,129,3,2
294,130,3,2
294,131,3,2
294,132,3,2
294,133,3,2
294,134,3,2
294,135,3,2
294,136,3,2
294,137,3,2
294,138,3,2
294,139,3,2
294,140,3,2
294,141,3,3
294,142,3,3
294,143,3,3
294,144,3,3
294,145,3,3
294,146,3,3
294,147,3,3
294,148,3,3
294,149,3,3
294,150,3,3
294,151,3,3
294,152,3,3
294,153,3,3
294,154,3,3
294,155,3,3
294,156,3,3
294,157,3,3
294,158,3,3
294,159,3,3
294,160,3,3
294,161,3,3
294,162,3,3
294,163,3,3
294,164,3,3
294,165,3,3
294,166,3,3
294,167,3,3
294,168,3,3
294,169,3,3
294,170,3,3
294,171,3,3
294,172,3,3
294,173,3,3
294,174,3,3
294,175,3,3
294,176,3,3
294,177,3,3
294,178,3,3
294,179,3,3
294,180,3,3
294,181,3,3
294,182,3,3
294,183,3,3
294,184,3,3
294,185,3,3
294,186,3,3
294,187,3,3
294,188,3,3
294,189,3,3
294,190,3,3
294,191,3,3
294,192,3,3
294,193,3,3
294,194,3,3
294,195,3,3
294,196,3,3
294,197,3,3
294,198,3,3
294,199,3,3
294,200,3,3
294,201,3,3
294,202,3,3
294,203,3,3
294,204,3,3
294,205,3,3
294,206,3,3
294,207,3,3
294,208,3,3
294,209,3,2
294,210,3,2
294,211,3,2
294,212,3,2
294,213,3,2
294,214,3,2
294,215,3,2
294,216,3,2
294,217,3,2
294,218,3,2
294,219,3,2
294,220,3,2
294,221,3,2
294,222,3,2
294,223,3,2
294,224,3,2
294,225,3,2
294,226,3,2
294,227,3,2
294,228,3,2
294,229,3,2
294,230,3,2
294,231,3,2
294,232,3,2
294,233,3,2
294,234,3,2
294,235,3,2
294,236,3,2
294,237,3,2
294,238,3,2
294,239,3,2
294,240,3,2
294,241,3,2
294,242,3,2
294,243,3,2
294,244,3,2
294,245,3,2
294,246,3,2
294,247,3,2
294,248,3,2
294,249,3,2
294,250,3,2
294,251,3,2
294,252,3,2
294,253,3,2
294,254,3,2
294,255,3,2
294,256,3,2
294,257,3,2
294,258,3,2
294,259,3,2
294,260,3,2
294,261,3,2
294,262,3,2
294,263,3,2
294,264,3,2
294,265,3,2
294,266,3,2
294,267,3,2
294,268,3,2
294,269,3,2
294,270,3,2
294,271,3,2
294,272,3,2
295,92,3,2
295,93,3,2
295,94,3,2
295,95,3,2
295,96,3,2
295,97,3,2
295,98,3,3
295,99,3,3
295,100,3,2
295,101,3,2
295,102,3,2
295,103,3,2
295,104,3,2
295,105,3,2
295,106,3,2
295,107,3,3
295,108,3,3
295,109,3,3
295,110,3,3
295,111,3,3
295,112,3,3
295,113,3,3
295,114,3,3
295,115,3,2
295,116,3,2
295,117,3,2
295,118,3,2
295,119,3,2
295,120,3,2
295,121,3,2
295,122,3,2
295,123,3,2
295,124,3,2
295,125,3,2
295,126,3,2
295,127,3,2
295,128,3,2
295,129,3,2
295,130,3,2
295,131,3,2
295,132,3,2
295,133,3,2
295,134,3,2
295,135,3,2
295,136,3,2
295,137,3,2
295,138,3,2
295,139,3,3
295,140,3,3
295,141,3,3
295,142,3,3
295,143,3,3
295,144,3,3
295,145,3,3
295,146,3,3
295,147,3,3
295,148,3,3
295,149,3,3
295,150,3,3
295,151,3,3
295,152,3,3
295,153,3,3
295,154,3,3
295,155,3,3
295,156,3,3
295,157,3,3
295,158,3,3
295,159,3,3
295,160,3,3
295,161,3,3
295,162,3,3
295,163,3,3
295,164,3,3
295,165,3,3
295,166,3,3
295,167,3,3
295,168,3,3
295,169,3,3
295,170,3,3
295,171,3,3
295,172,3,3
295,173,3,3
295,174,3,3
295,175,3,3
295,176,3,3
295,177,3,3
295,178,3,3
295,179,3,3
295,180,3,3
295,181,3,3
295,182,3,3
295,183,3,3
295,184,3,3
295,185,3,3
295,186,3,3
295,187,3,3
295,188,3,3
295,189,3,3
295,190,3,3
295,191,3,3
295,192,3,3
295,193,3,3
295,194,3,3
295,195,3,3
295,196,3,3
295,197,3,3
295,198,3,3
295,199,3,3
295,200,3,3
295,201,3,3
295,202,3,3
295,203,3,3
295,204,3,3
295,205,3,3
295,206,3,3
295,207,3,3
295,208,3,3
295,209,3,2
295,210,3,2
295,211,3,2
295,212,3,2
295,213,3,2
295,214,3,2
295,215,3,2
295,216,3,2
295,217,3,2
295,218,3,2
295,219,3,2
295,220,3,2
295,221,3,2
295,222,3,2
295,223,3,2
295,224,3,2
295,225,3,2
295,226,3,2
295,227,3,2
295,228,3,2
295,229,3,2
295,230,3,2
295,231,3,2
295,232,3,2
295,233,3,2
295,234,3,2
295,235,3,2
295,236,3,2
295,237,3,2
295,238,3,2
295,239,3,2
295,240,3,2
295,241,3,2
295,242,3,2
295,243,3,2
295,244,3,2
295,245,3,2
295,246,3,2
295,247,3,2
295,248,3,2
295,249,3,2
295,250,3,2
295,251,3,2
295,252,3,2
295,253,3,2
295,254,3,2
295,255,3,2
295,256,3,2
295,257,3,2
295,258,3,2
295,259,3,2
295,260,3,2
295,261,3,2
295,262,3,2
295,263,3,2
295,264,3,2
295,265,3,2
295,266,3,2
295,267,3,2
295,268,3,2
295,269,3,2
295,270,3,2
295,271,3,2
295,272,3,2
296,92,3,2
296,93,3,2
296,94,3,2
296,95,3,2
296,96,3,2
296,97,3,2
296,98,3,3
296,99,3,2
296,100,3,2
296,101,3,2
296,102,3,2
296,103,3,2
296,104,3,2
296,105,3,2
296,106,3,2
296,107,3,2
296,108,3,3
296,109,3,3
296,110,3,3
296,111,3,3
296,112,3,3
296,113,3,3
296,114,3,3
296,115,3,2
296,116,3,2
296,117,3,2
296,118,3,2
296,119,3,2
296,120,3,2
296,121,3,2
296,122,3,2
296,123,3,2
296,124,3,2
296,125,3,2
296,126,3,2
296,127,3,2
296,128,3,2
296,129,3,2
296,130,3,2
296,131,3,2
296,132,3,2
296,133,3,2
296,134,3,2
296,135,3,2
296,136,3,2
296,137,3,2
296,138,3,3
296,139,3,3
296,140,3,3
296,141,3,3
296,142,3,3
296,143,3,3
296,144,3,3
296,145,3,3
296,146,3,3
296,147,3,3
296,148,3,3
296,149,3,3
296,150,3,3
296,151,3,3
296,152,3,3
296,153,3,3
296,154,3,3
296,155,3,3
296,156,3,3
296,157,3,3
296,158,3,3
296,159,3,3
296,160,3,3
296,161,3,3
296,162,3,3
296,163,3,3
296,164,3,3
296,165,3,3
296,166,3,3
296,167,3,3
296,168,3,3
296,169,3,3
296,170,3,3
296,171,3,3
296,172,3,3
296,173,3,3
296,174,3,3
296,175,3,3
296,176,3,3
296,177,3,3
296,178,3,3
296,179,3,3
296,180,3,3
296,181,3,3
296,182,3,3
296,183,3,3
296,184,3,3
296,185,3,3
296,186,3,3
296,187,3,3
296,188,3,3
296,189,3,3
296,190,3,3
296,191,3,3
296,192,3,3
296,193,3,3
296,194,3,3
296,195,3,3
296,196,3,3
296,197,3,3
296,198,3,3
296,199,3,3
296,200,3,3
296,201,3,3
296,202,3,3
296,203,3,3
296,204,3,3
296,205,3,3
296,206,3,3
296,207,3,3
296,208,3,3
296,209,3,2
296,210,3,2
296,211,3,2
296,212,3,2
296,213,3,2
296,214,3,2
296,215,3,2
296,216,3,2
296,217,3,2
296,218,3,2
296,219,3,2
296,220,3,2
296,221,3,2
296,222,3,2
296,223,3,2
296,224,3,2
296,225,3,2
296,226,3,2
296,227,3,2
296,228,3,2
296,229,3,2
296,230,3,2
296,231,3,2
296,232,3,2
296,233,3,2
296,234,3,2
296,235,3,2
296,236,3,2
296,237,3,2
296,238,3,2
296,239,3,2
296,240,3,2
296,241,3,2
296,242,3,2
296,243,3,2
296,244,3,2
296,245,3,2
296,246,3,2
296,247,3,2
296,248,3,2
296,249,3,2
296,250,3,2
296,251,3,2
296,252,3,2
296,253,3,2
296,254,3,2
296,255,3,2
296,256,3,2
296,257,3,2
296,258,3,2
296,259,3,2
296,260,3,2
296,261,3,2
296,262,3,2
296,263,3,2
296,264,3,2
296,265,3,2
296,266,3,2
296,267,3,2
296,268,3,2
296,269,3,2
296,270,3,2
296,271,3,2
297,93,3,2
297,94,3,2
297,95,3,2
297,96,3,2
297,97,3,2
297,98,3,2
297,99,3,2
297,100,3,2
297,101,3,2
297,102,3,2
297,103,3,2
297,104,3,2
297,105,3,2
297,106,3,2
297,107,3,2
297,108,3,2
297,109,3,3
297,110,3,3
297,111,3,3
297,112,3,3
297,113,3,3
297,114,3,3
297,115,3,3
297,116,3,3
297,117,3,2
297,118,3,2
297,119,3,2
297,120,3,2
297,121,3,2
297,122,3,2
297,123,3,2
297,124,3,2
297,125,3,2
297,126,3,2
297,127,3,2
297,128,3,2
297,129,3,2
297,130,3,2
297,131,3,2
297,132,3,2
297,133,3,2
297,134,3,2
297,135,3,2
297,136,3,3
297,137,3,3
297,138,3,3
297,139,3,3
297,140,3,3
297,141,3,3
297,142,3,3
297,143,3,3
297,144,3,3
297,145,3,3
297,146,3,3
297,147,3,3
297,148,3,3
297,149,3,3
297,150,3,3
297,151,3,3
297,152,3,3
297,153,3,3
297,154,3,3
297,155,3,3
297,156,3,3
297,157,3,3
297,158,3,3
297,159,3,3
297,160,3,3
297,161,3,3
297,162,3,3
297,163,3,3
297,164,3,3
297,165,3,3
297,166,3,3
297,167,3,3
297,168,3,3
297,169,3,3
297,170,3,3
297,171,3,3
297,172,3,3
297,173,3,3
297,174,3,3
297,175,3,3
297,176,3,3
297,177,3,3
297,178,3,3
297,179,3,3
297,180,3,3
297,181,3,3
297,182,3,3
297,183,3,3
297,184,3,3
297,185,3,3
297,186,3,3
297,187,3,3
297,188,3,3
297,189,3,3
297,190,3,3
297,191,3,3
297,192,3,3
297,193,3,3
297,194,3,3
297,195,3,3
297,196,3,3
297,197,3,3
297,198,3,3
297,199,3,3
297,200,3,3
297,201,3,3
297,202,3,3
297,203,3,3
297,204,3,3
297,205,3,3
297,206,3,3
297,207,3,3
297,208,3,3
297,209,3,2
297,210,3,2
297,211,3,2
297,212,3,2
297,213,3,2
297,214,3,2
297,215,3,2
297,216,3,2
297,217,3,2
297,218,3,2
297,219,3,2
297,220,3,2
297,221,3,2
297,222,3,2
297,223,3,2
297,224,3,2
297,225,3,2
297,226,3,2
297,227,3,2
297,228,3,2
297,229,3,2
297,230,3,2
297,231,3,2
297,232,3,2
297,233,3,2
297,234,3,2
297,235,3,2
297,236,3,2
297,237,3,2
297,238,3,2
297,239,3,2
297,240,3,2
297,241,3,2
297,242,3,2
297,243,3,2
297,244,3,2
297,245,3,2
297,246,3,2
297,247,3,2
297,248,3,2
297,249,3,2
297,250,3,2
297,251,3,2
297,252,3,2
297,253,3,2
297,254,3,2
297,255,3,2
297,256,3,2
297,257,3,2
297,258,3,2
297,259,3,2
297,260,3,2
297,261,3,2
297,262,3,2
297,263,3,2
297,264,3,2
297,265,3,2
297,266,3,2
297,267,3,2
297,268,3,2
297,269,3,2
297,270,3,2
297,271,3,2
298,94,3,2
298,95,3,2
298,96,3,2
298,97,3,2
298,98,3,2
298,99,3,2
298,100,3,2
298,101,3,2
298,102,3,2
298,103,3,2
298,104,3,2
298,105,3,2
298,106,3,2
298,107,3,2
298,108,3,2
298,109,3,3
298,110,3,3
298,111,3,3
298,112,3,3
298,113,3,3
298,114,3,3
298,115,3,3
298,116,3,3
298,117,3,2
298,118,3,2
298,119,3,2
298,120,3,2
298,121,3,2
298,122,3,2
298,123,3,2
298,124,3,2
298,125,3,2
298,126,3,2
298,127,3,2
298,128,3,2
298,129,3,2
298,130,3,2
298,131,3,2
298,132,3,2
298,133,3,2
298,134,3,2
298,135,3,3
298,136,3,3
298,137,3,3
298,138,3,3
298,139,3,3
298,140,3,3
298,141,3,3
298,142,3,3
298,143,3,3
298,144,3,3
298,145,3,3
298,146,3,3
298,147,3,3
298,148,3,3
298,149,3,3
298,150,3,3
298,151,3,3
298,152,3,3
298,153,3,3
298,154,3,3
298,155,3,3
298,156,3,3
298,157,3,3
298,158,3,3
298,159,3,3
298,160,3,3
298,161,3,3
298,162,3,3
298,163,3,3
298,164,3,3
298,165,3,3
298,166,3,3
298,167,3,3
298,168,3,3
298,169,3,3
298,170,3,3
298,171,3,3
298,172,3,3
298,173,3,3
298,174,3,3
298,175,3,3
298,176,3,3
298,177,3,3
298,178,3,3
298,179,3,3
298,180,3,3
298,181,3,3
298,182,3,3
298,183,3,3
298,184,3,3
298,185,3,3
298,186,3,3
298,187,3,3
298,188,3,3
298,189,3,3
298,190,3,3
298,191,3,3
298,192,3,3
298,193,3,3
298,194,3,3
298,195,3,3
298,196,3,3
298,197,3,3
298,198,3,3
298,199,3,3
298,200,3,3
298,201,3,3
298,202,3,3
298,203,3,3
298,204,3,3
298,205,3,3
298,206,3,3
298,207,3,3
298,208,3,2
298,209,3,2
298,210,3,2
298,211,3,2
298,212,3,2
298,213,3,2
298,214,3,2
298,215,3,2
298,216,3,2
298,217,3,2
298,218,3,2
298,219,3,2
298,220,3,2
298,221,3,2
298,222,3,2
298,223,3,2
298,224,3,2
298,225,3,2
298,226,3,2
298,227,3,2
298,228,3,2
298,229,3,2
298,230,3,2
298,231,3,2
298,232,3,2
298,233,3,2
298,234,3,2
298,235,3,2
298,236,3,2
298,237,3,2
298,238,3,2
298,239,3,2
298,240,3,2
298,241,3,2
298,242,3,2
298,243,3,2
298,244,3,2
298,245,3,2
298,246,3,2
298,247,3,2
298,248,3,2
298,249,3,2
298,250,3,2
298,251,3,2
298,252,3,2
298,253,3,2
298,254,3,2
298,255,3,2
298,256,3,2
298,257,3,2
298,258,3,2
298,259,3,2
298,260,3,2
298,261,3,2
298,262,3,2
298,263,3,2
298,264,3,2
298,265,3,2
298,266,3,2
298,267,3,2
298,268,3,2
298,269,3,2
298,270,3,2
299,94,3,2
299,95,3,2
299,96,3,2
299,97,3,2
299,98,3,2
299,99,3,2
299,100,3,2
299,101,3,2
299,102,3,2
299,103,3,2
299,104,3,2
299,105,3,2
299,106,3,2
299,107,3,2
299,108,3,2
299,109,3,3
299,110,3,3
299,111,3,3
299,112,3,3
299,113,3,3
299,114,3,3
299,115,3,3
299,116,3,3
299,117,3,2
299,118,3,2
299,119,3,2
299,120,3,2
299,121,3,2
299,122,3,2
299,123,3,2
299,124,3,2
299,125,3,2
299,126,3,2
299,127,3,2
299,128,3,2
299,129,3,2
299,130,3,2
299,131,3,2
299,132,3,2
299,133,3,3
299,134,3,3
299,135,3,3
299,136,3,3
299,137,3,3
299,138,3,3
299,139,3,3
299,140,3,3
299,141,3,3
299,142,3,3
299,143,3,3
299,144,3,3
299,145,3,3
299,146,3,3
299,147,3,3
299,148,3,3
299,149,3,3
299,150,3,3
299,151,3,3
299,152,3,3
299,153,3,3
299,154,3,3
299,155,3,3
299,156,3,3
299,157,3,3
299,158,3,3
299,159,3,3
299,160,3,3
299,161,3,3
299,162,3,3
299,163,3,3
299,164,3,3
299,165,3,3
299,166,3,3
299,167,3,3
299,168,3,3
299,169,3,3
299,170,3,3
299,171,3,3
299,172,3,3
299,173,3,3
299,174,3,3
299,175,3,3
299,176,3,3
299,177,3,3
299,178,3,3
299,179,3,3
299,180,3,3
299,181,3,3
299,182,3,3
299,183,3,3
299,184,3,3
299,185,3,3
299,186,3,3
299,187,3,3
299,188,3,3
299,189,3,3
299,190,3,3
299,191,3,3
299,192,3,3
299,193,3,3
299,194,3,3
299,195,3,3
299,196,3,3
299,197,3,3
299,198,3,3
299,199,3,3
299,200,3,3
299,201,3,3
299,202,3,2
299,203,3,2
299,204,3,2
299,205,3,2
299,206,3,2
299,207,3,2
299,208,3,2
299,209,3,2
299,210,3,2
299,211,3,2
299,212,3,2
299,213,3,2
299,214,3,2
299,215,3,2
299,216,3,2
299,217,3,2
299,218,3,2
299,219,3,2
299,220,3,2
299,221,3,2
299,222,3,2
299,223,3,2
299,224,3,2
299,225,3,2
299,226,3,2
299,227,3,2
299,228,3,2
299,229,3,2
299,230,3,2
299,231,3,2
299,232,3,2
299,233,3,2
299,234,3,2
299,235,3,2
299,236,3,2
299,237,3,2
299,238,3,2
299,239,3,2
299,240,3,2
299,241,3,2
299,242,3,2
299,243,3,2
299,244,3,2
299,245,3,2
299,246,3,2
299,247,3,2
299,248,3,2
299,249,3,2
299,250,3,2
299,251,3,2
299,252,3,2
299,253,3,2
299,254,3,2
299,255,3,2
299,256,3,2
299,257,3,2
299,258,3,2
299,259,3,2
299,260,3,2
299,261,3,2
299,262,3,2
299,263,3,2
299,264,3,2
299,265,3,2
299,266,3,2
299,267,3,2
299,268,3,2
299,269,3,2
300,94,3,2
300,95,3,2
300,96,3,2
300,97,3,2
300,98,3,2
300,99,3,2
300,100,3,2
300,101,3,2
300,102,3,2
300,103,3,2
300,104,3,2
300,105,3,2
300,106,3,2
300,107,3,2
300,108,3,2
300,109,3,3
300,110,3,3
300,111,3,3
300,112,3,3
300,113,3,3
300,114,3,3
300,115,3,3
300,116,3,3
300,117,3,2
300,118,3,2
300,119,3,2
300,120,3,2
300,121,3,2
300,122,3,2
300,123,3,2
300,124,3,2
300,125,3,2
300,126,3,2
300,127,3,2
300,128,3,2
300,129,3,2
300,130,3,2
300,131,3,2
300,132,3,3
300,133,3,3
300,134,3,3
300,135,3,3
300,136,3,3
300,137,3,3
300,138,3,3
300,139,3,3
300,140,3,3
300,141,3,3
300,142,3,3
300,143,3,3
300,144,3,3
300,145,3,3
300,146,3,3
300,147,3,3
300,148,3,3
300,149,3,3
300,150,3,3
300,151,3,3
300,152,3,3
300,153,3,3
300,154,3,3
300,155,3,3
300,156,3,3
300,157,3,3
300,158,3,3
300,159,3,3
300,160,3,3
300,161,3,3
300,162,3,3
300,163,3,3
300,164,3,3
300,165,3,3
300,166,3,3
300,167,3,3
300,168,3,3
300,169,3,3
300,170,3,3
300,171,3,3
300,172,3,3
300,173,3,3
300,174,3,3
300,175,3,3
300,176,3,3
300,177,3,3
300,178,3,3
300,179,3,3
300,180,3,3
300,181,3,3
300,182,3,3
300,183,3,3
300,184,3,3
300,185,3,3
300,186,3,3
300,187,3,3
300,188,3,3
300,189,3,3
300,190,3,3
300,191,3,3
300,192,3,3
300,193,3,3
300,194,3,3
300,195,3,3
300,196,3,3
300,197,3,3
300,198,3,3
300,199,3,3
300,200,3,2
300,201,3,2
300,202,3,2
300,203,3,2
300,204,3,2
300,205,3,2
300,206,3,2
300,207,3,2
300,208,3,2
300,209,3,2
300,210,3,2
300,211,3,2
300,212,3,2
300,213,3,2
300,214,3,2
300,215,3,2
300,216,3,2
300,217,3,2
300,218,3,2
300,219,3,2
300,220,3,2
300,221,3,2
300,222,3,2
300,223,3,2
300,224,3,2
300,225,3,2
300,226,3,2
300,227,3,2
300,228,3,2
300,229,3,2
300,230,3,2
300,231,3,2
300,232,3,2
300,233,3,2
300,234,3,2
300,235,3,2
300,236,3,2
300,237,3,2
300,238,3,2
300,239,3,2
300,240,3,2
300,241,3,2
300,242,3,2
300,243,3,2
300,244,3,2
300,245,3,2
300,246,3,2
300,247,3,2
300,248,3,2
300,249,3,2
300,250,3,2
300,251,3,2
300,252,3,2
300,253,3,2
300,254,3,2
300,255,3,2
300,256,3,2
300,257,3,2
300,258,3,2
300,259,3,2
300,260,3,2
300,261,3,2
300,262,3,2
300,263,3,2
300,264,3,2
300,265,3,2
300,266,3,2
300,267,3,2
300,268,3,2
300,269,3,2
301,95,3,2
301,96,3,2
301,97,3,2
301,98,3,2
301,99,3,2
301,100,3,2
301,101,3,2
301,102,3,2
301,103,3,2
301,104,3,2
301,105,3,2
301,106,3,2
301,107,3,2
301,108,3,3
301,109,3,3
301,110,3,3
301,111,3,3
301,112,3,3
301,113,3,3
301,114,3,3
301,115,3,3
301,116,3,3
301,117,3,3
301,118,3,3
301,119,3,2
301,120,3,2
301,121,3,2
301,122,3,2
301,123,3,2
301,124,3,2
301,125,3,2
301,126,3,2
301,127,3,2
301,128,3,2
301,129,3,2
301,130,3,3
301,131,3,3
301,132,3,3
301,133,3,3
301,134,3,3
301,135,3,3
301,136,3,3
301,137,3,3
301,138,3,3
301,139,3,3
301,140,3,3
301,141,3,3
301,142,3,3
301,143,3,3
301,144,3,3
301,145,3,3
301,146,3,3
301,147,3,3
301,148,3,3
301,149,3,3
301,150,3,3
301,151,3,3
301,152,3,3
301,153,3,3
301,154,3,3
301,155,3,3
301,156,3,3
301,157,3,3
301,158,3,3
301,159,3,3
301,160,3,3
301,161,3,3
301,162,3,3
301,163,3,3
301,164,3,3
301,165,3,3
301,166,3,3
301,167,3,3
301,168,3,3
301,169,3,3
301,170,3,3
301,171,3,3
301,172,3,3
301,173,3,3
301,174,3,3
301,175,3,3
301,176,3,3
301,177,3,3
301,178,3,3
301,179,3,3
301,180,3,3
301,181,3,3
301,182,3,3
301,183,3,3
301,184,3,3
301,185,3,3
301,186,3,3
301,187,3,3
301,188,3,3
301,189,3,3
301,190,3,3
301,191,3,3
301,192,3,3
301,193,3,3
301,194,3,3
301,195,3,3
301,196,3,3
301,197,3,2
301,198,3,2
301,199,3,2
301,200,3,2
301,201,3,2
301,202,3,2
301,203,3,2
301,204,3,2
301,205,3,2
301,206,3,2
301,207,3,2
301,208,3,2
301,209,3,2
301,210,3,2
301,211,3,2
301,212,3,2
301,213,3,2
301,214,3,2
301,215,3,2
301,216,3,2
301,217,3,2
301,218,3,2
301,219,3,2
301,220,3,2
301,221,3,2
301,222,3,2
301,223,3,2
301,224,3,2
301,225,3,2
301,226,3,2
301,227,3,2
301,228,3,2
301,229,3,2
301,230,3,2
301,231,3,2
301,232,3,2
301,233,3,2
301,234,3,2
301,235,3,2
301,236,3,2
301,237,3,2
301,238,3,2
301,239,3,2
301,240,3,2
301,241,3,2
301,242,3,2
301,243,3,2
301,244,3,2
301,245,3,2
301,246,3,2
301,247,3,2
301,248,3,2
301,249,3,2
301,250,3,2
301,251,3,2
301,252,3,2
301,253,3,2
301,254,3,2
301,255,3,2
301,256,3,2
301,257,3,2
301,258,3,2
301,259,3,2
301,260,3,2
301,261,3,2
301,262,3,2
301,263,3,2
301,264,3,2
301,265,3,2
301,266,3,2
301,267,3,2
301,268,3,2
302,95,3,2
302,96,3,2
302,97,3,2
302,98,3,2
302,99,3,2
302,100,3,2
302,101,3,2
302,102,3,2
302,103,3,2
302,104,3,2
302,105,3,2
302,106,3,2
302,107,3,3
302,108,3,3
302,109,3,3
302,110,3,3
302,111,3,3
302,112,3,3
302,113,3,3
302,114,3,3
302,115,3,3
302,116,3,3
302,117,3,3
302,118,3,2
302,119,3,2
302,120,3,2
302,121,3,2
302,122,3,2
302,123,3,2
302,124,3,2
302,125,3,2
302,126,3,2
302,127,3,2
302,128,3,2
302,129,3,3
302,130,3,3
302,131,3,3
302,132,3,3
302,133,3,3
302,134,3,3
302,135,3,3
302,136,3,3
302,137,3,3
302,138,3,3
302,139,3,3
302,140,3,3
302,141,3,3
302,142,3,3
302,143,3,3
302,144,3,3
302,145,3,3
302,146,3,3
302,147,3,3
302,148,3,3
302,149,3,3
302,150,3,3
302,151,3,3
302,152,3,3
302,153,3,3
302,154,3,3
302,155,3,3
302,156,3,3
302,157,3,3
302,158,3,3
302,159,3,3
302,160,3,3
302,161,3,3
302,162,3,3
302,163,3,3
302,164,3,3
302,165,3,3
302,166,3,3
302,167,3,3
302,168,3,3
302,169,3,3
302,170,3,3
302,171,3,3
302,172,3,3
302,173,3,3
302,174,3,3
302,175,3,3
302,176,3,3
302,177,3,3
302,178,3,3
302,179,3,3
302,180,3,3
302,181,3,3
302,182,3,3
302,183,3,3
302,184,3,3
302,185,3,3
302,186,3,3
302,187,3,3
302,188,3,3
302,189,3,3
302,190,3,3
302,191,3,3
302,192,3,3
302,193,3,3
302,194,3,3
302,195,3,3
302,196,3,2
302,197,3,2
302,198,3,2
302,199,3,2
302,200,3,2
302,201,3,2
302,202,3,2
302,203,3,2
302,204,3,2
302,205,3,2
302,206,3,2
302,207,3,2
302,208,3,2
302,209,3,2
302,210,3,2
302,211,3,2
302,212,3,2
302,213,3,2
302,214,3,2
302,215,3,2
302,216,3,2
302,217,3,2
302,218,3,2
302,219,3,2
302,220,3,2
302,221,3,2
302,222,3,2
302,223,3,2
302,224,3,2
302,225,3,2
302,226,3,2
302,227,3,2
302,228,3,2
302,229,3,2
302,230,3,2
302,231,3,2
302,232,3,2
302,233,3,2
302,234,3,2
302,235,3,2
302,236,3,2
302,237,3,2
302,238,3,2
302,239,3,2
302,240,3,2
302,241,3,2
302,242,3,2
302,243,3,2
302,244,3,2
302,245,3,2
302,246,3,2
302,247,3,2
302,248,3,2
302,249,3,2
302,250,3,2
302,251,3,2
302,252,3,2
302,253,3,2
302,254,3,2
302,255,3,2
302,256,3,2
302,257,3,2
302,258,3,2
302,259,3,2
302,260,3,2
302,261,3,2
302,262,3,2
302,263,3,2
302,264,3,2
302,265,3,2
302,266,3,2
302,267,3,2
302,268,3,2
303,95,3,2
303,96,3,2
303,97,3,2
303,98,3,2
303,99,3,2
303,100,3,2
303,101,3,2
303,102,3,2
303,103,3,2
303,104,3,2
303,105,3,2
303,106,3,2
303,107,3,2
303,108,3,3
303,109,3,3
303,110,3,3
303,111,3,3
303,112,3,3
303,113,3,3
303,114,3,3
303,115,3,3
303,116,3,3
303,117,3,3
303,118,3,3
303,119,3,2
303,120,3,2
303,121,3,2
303,122,3,2
303,123,3,2
303,124,3,2
303,125,3,2
303,126,3,2
303,127,3,2
303,128,3,2
303,129,3,3
303,130,3,3
303,131,3,3
303,132,3,3
303,133,3,3
303,134,3,3
303,135,3,3
303,136,3,3
303,137,3,3
303,138,3,3
303,139,3,3
303,140,3,3
303,141,3,3
303,142,3,3
303,143,3,3
303,144,3,3
303,145,3,3
303,146,3,3
303,147,3,3
303,148,3,3
303,149,3,3
303,150,3,3
303,151,3,3
303,152,3,3
303,153,3,3
303,154,3,3
303,155,3,3
303,156,3,3
303,157,3,3
303,158,3,3
303,159,3,3
303,160,3,3
303,161,3,3
303,162,3,3
303,163,3,3
303,164,3,3
303,165,3,3
303,166,3,3
303,167,3,3
303,168,3,3
303,169,3,3
303,170,3,3
303,171,3,3
303,172,3,3
303,173,3,3
303,174,3,3
303,175,3,3
303,176,3,3
303,177,3,3
303,178,3,3
303,179,3,3
303,180,3,3
303,181,3,3
303,182,3,3
303,183,3,3
303,184,3,3
303,185,3,3
303,186,3,3
303,187,3,3
303,188,3,3
303,189,3,3
303,190,3,3
303,191,3,2
303,192,3,2
303,193,3,2
303,194,3,2
303,195,3,2
303,196,3,2
303,197,3,2
303,198,3,2
303,199,3,2
303,200,3,2
303,201,3,2
303,202,3,2
303,203,3,2
303,204,3,2
303,205,3,2
303,206,3,2
303,207,3,2
303,208,3,2
303,209,3,2
303,210,3,2
303,211,3,2
303,212,3,2
303,213,3,2
303,214,3,2
303,215,3,2
303,216,3,2
303,217,3,2
303,218,3,2
303,219,3,2
303,220,3,2
303,221,3,2
303,222,3,2
303,223,3,2
303,224,3,2
303,225,3,2
303,226,3,2
303,227,3,2
303,228,3,2
303,229,3,2
303,230,3,2
303,231,3,2
303,232,3,2
303,233,3,2
303,234,3,2
303,235,3,2
303,236,3,2
303,237,3,2
303,238,3,2
303,239,3,2
303,240,3,2
303,241,3,2
303,242,3,2
303,243,3,2
303,244,3,2
303,245,3,2
303,246,3,2
303,247,3,2
303,248,3,2
303,249,3,2
303,250,3,2
303,251,3,2
303,252,3,2
303,253,3,2
303,254,3,2
303,255,3,2
303,256,3,2
303,257,3,2
303,258,3,2
303,259,3,2
303,260,3,2
303,261,3,2
303,262,3,2
303,263,3,2
303,264,3,2
303,265,3,2
303,266,3,2
303,267,3,2
304,96,3,2
304,97,3,2
304,98,3,2
304,99,3,2
304,100,3,2
304,101,3,2
304,102,3,2
304,103,3,2
304,104,3,2
304,105,3,2
304,106,3,2
304,107,3,2
304,108,3,2
304,109,3,3
304,110,3,3
304,111,3,3
304,112,3,3
304,113,3,3
304,114,3,3
304,115,3,3
304,116,3,2
304,117,3,3
304,118,3,2
304,119,3,2
304,120,3,2
304,121,3,2
304,122,3,2
304,123,3,2
304,124,3,2
304,125,3,2
304,126,3,2
304,127,3,2
304,128,3,2
304,129,3,3
304,130,3,3
304,131,3,3
304,132,3,3
304,133,3,3
304,134,3,3
304,135,3,3
304,136,3,3
304,137,3,3
304,138,3,3
304,139,3,3
304,140,3,3
304,141,3,3
304,142,3,3
304,143,3,3
304,144,3,3
304,145,3,3
304,146,3,3
304,147,3,3
304,148,3,3
304,149,3,3
304,150,3,3
304,151,3,3
304,152,3,3
304,153,3,3
304,154,3,3
304,155,3,3
304,156,3,3
304,157,3,3
304,158,3,3
304,159,3,3
304,160,3,3
304,161,3,3
304,162,3,3
304,163,3,3
304,164,3,3
304,165,3,3
304,166,3,3
304,167,3,3
304,168,3,3
304,169,3,3
304,170,3,3
304,171,3,3
304,172,3,3
304,173,3,3
304,174,3,3
304,175,3,3
304,176,3,3
304,177,3,3
304,178,3,3
304,179,3,3
304,180,3,3
304,181,3,3
304,182,3,3
304,183,3,3
304,184,3,3
304,185,3,3
304,186,3,3
304,187,3,3
304,188,3,3
304,189,3,3
304,190,3,2
304,191,3,2
304,192,3,2
304,193,3,2
304,194,3,2
304,195,3,2
304,196,3,2
304,197,3,2
304,198,3,2
304,199,3,2
304,200,3,2
304,201,3,2
304,202,3,2
304,203,3,2
304,204,3,2
304,205,3,2
304,206,3,2
304,207,3,2
304,208,3,2
304,209,3,2
304,210,3,2
304,211,3,2
304,212,3,2
304,213,3,2
304,214,3,2
304,215,3,2
304,216,3,2
304,217,3,2
304,218,3,2
304,219,3,2
304,220,3,2
304,221,3,2
304,222,3,2
304,223,3,2
304,224,3,2
304,225,3,2
304,226,3,2
304,227,3,2
304,228,3,2
304,229,3,2
304,230,3,2
304,231,3,2
304,232,3,2
304,233,3,2
304,234,3,2
304,235,3,2
304,236,3,2
304,237,3,2
304,238,3,2
304,239,3,2
304,240,3,2
304,241,3,2
304,242,3,2
304,243,3,2
304,244,3,2
304,245,3,2
304,246,3,2
304,247,3,2
304,248,3,2
304,249,3,2
304,250,3,2
304,251,3,2
304,252,3,2
304,253,3,2
304,254,3,2
304,255,3,2
304,256,3,2
304,257,3,2
304,258,3,2
304,259,3,2
304,260,3,2
304,261,3,2
304,262,3,2
304,263,3,2
304,264,3,2
304,265,3,2
304,266,3,2
305,97,3,2
305,98,3,2
305,99,3,2
305,100,3,2
305,101,3,2
305,102,3,2
305,103,3,2
305,104,3,2
305,105,3,2
305,106,3,2
305,107,3,2
305,108,3,2
305,109,3,3
305,110,3,3
305,111,3,3
305,112,3,3
305,113,3,3
305,114,3,3
305,115,3,3
305,116,3,3
305,117,3,3
305,118,3,2
305,119,3,2
305,120,3,2
305,121,3,2
305,122,3,2
305,123,3,2
305,124,3,2
305,125,3,2
305,126,3,2
305,127,3,2
305,128,3,2
305,129,3,2
305,130,3,2
305,131,3,3
305,132,3,3
305,133,3,3
305,134,3,3
305,135,3,3
305,136,3,3
305,137,3,3
305,138,3,3
305,139,3,3
305,140,3,3
305,141,3,3
305,142,3,3
305,143,3,3
305,144,3,3
305,145,3,3
305,146,3,3
305,147,3,3
305,148,3,3
305,149,3,3
305,150,3,3
305,151,3,3
305,152,3,3
305,153,3,3
305,154,3,3
305,155,3,3
305,156,3,3
305,157,3,3
305,158,3,3
305,159,3,3
305,160,3,3
305,161,3,3
305,162,3,3
305,163,3,3
305,164,3,3
305,165,3,3
305,166,3,3
305,167,3,3
305,168,3,3
305,169,3,3
305,170,3,3
305,171,3,3
305,172,3,3
305,173,3,3
305,174,3,3
305,175,3,3
305,176,3,2
305,177,3,2
305,178,3,2
305,179,3,2
305,180,3,2
305,181,3,2
305,182,3,2
305,183,3,2
305,184,3,2
305,185,3,2
305,186,3,2
305,187,3,2
305,188,3,2
305,189,3,2
305,190,3,2
305,191,3,2
305,192,3,2
305,193,3,2
305,194,3,2
305,195,3,2
305,196,3,2
305,197,3,2
305,198,3,2
305,199,3,2
305,200,3,2
305,201,3,2
305,202,3,2
305,203,3,2
305,204,3,2
305,205,3,2
305,206,3,2
305,207,3,2
305,208,3,2
305,209,3,2
305,210,3,2
305,211,3,2
305,212,3,2
305,213,3,2
305,214,3,2
305,215,3,2
305,216,3,2
305,217,3,2
305,218,3,2
305,219,3,2
305,220,3,2
305,221,3,2
305,222,3,2
305,223,3,2
305,224,3,2
305,225,3,2
305,226,3,2
305,227,3,2
305,228,3,2
305,229,3,2
305,230,3,2
305,231,3,2
305,232,3,2
305,233,3,2
305,234,3,2
305,235,3,2
305,236,3,2
305,237,3,2
305,238,3,2
305,239,3,2
305,240,3,2
305,241,3,2
305,242,3,2
305,243,3,2
305,244,3,2
305,245,3,2
305,246,3,2
305,247,3,2
305,248,3,2
305,249,3,2
305,250,3,2
305,251,3,2
305,252,3,2
305,253,3,2
305,254,3,2
305,255,3,2
305,256,3,2
305,257,3,2
305,258,3,2
305,259,3,2
305,260,3,2
305,261,3,2
305,262,3,2
305,263,3,2
305,264,3,2
305,265,3,2
305,266,3,2
306,98,3,2
306,99,3,2
306,100,3,2
306,101,3,2
306,102,3,2
306,103,3,2
306,104,3,2
306,105,3,2
306,106,3,2
306,107,3,2
306,108,3,2
306,109,3,2
306,110,3,3
306,111,3,3
306,112,3,3
306,113,3,3
306,114,3,3
306,115,3,3
306,116,3,3
306,117,3,3
306,118,3,2
306,119,3,2
306,120,3,2
306,121,3,2
306,122,3,2
306,123,3,2
306,124,3,2
306,125,3,2
306,126,3,2
306,127,3,2
306,128,3,2
306,129,3,2
306,130,3,2
306,131,3,3
306,132,3,3
306,133,3,3
306,134,3,3
306,135,3,3
306,136,3,3
306,137,3,3
306,138,3,3
306,139,3,3
306,140,3,3
306,141,3,3
306,142,3,3
306,143,3,3
306,144,3,3
306,145,3,3
306,146,3,3
306,147,3,3
306,148,3,3
306,149,3,3
306,150,3,3
306,151,3,3
306,152,3,3
306,153,3,3
306,154,3,3
306,155,3,3
306,156,3,3
306,157,3,3
306,158,3,3
306,159,3,3
306,160,3,3
306,161,3,3
306,162,3,3
306,163,3,3
306,164,3,3
306,165,3,3
306,166,3,3
306,167,3,3
306,168,3,3
306,169,3,3
306,170,3,3
306,171,3,3
306,172,3,3
306,173,3,3
306,174,3,3
306,175,3,3
306,176,3,2
306,177,3,2
306,178,3,2
306,179,3,2
306,180,3,2
306,181,3,2
306,182,3,2
306,183,3,2
306,184,3,2
306,185,3,2
306,186,3,2
306,187,3,2
306,188,3,2
306,189,3,2
306,190,3,2
306,191,3,2
306,192,3,2
306,193,3,2
306,194,3,2
306,195,3,2
306,196,3,2
306,197,3,2
306,198,3,2
306,199,3,2
306,200,3,2
306,201,3,2
306,202,3,2
306,203,3,2
306,204,3,2
306,205,3,2
306,206,3,2
306,207,3,2
306,208,3,2
306,209,3,2
306,210,3,2
306,211,3,2
306,212,3,2
306,213,3,2
306,214,3,2
306,215,3,2
306,216,3,2
306,217,3,2
306,218,3,2
306,219,3,2
306,220,3,2
306,221,3,2
306,222,3,2
306,223,3,2
306,224,3,2
306,225,3,2
306,226,3,2
306,227,3,2
306,228,3,2
306,229,3,2
306,230,3,2
306,231,3,2
306,232,3,2
306,233,3,2
306,234,3,2
306,235,3,2
306,236,3,2
306,237,3,2
306,238,3,2
306,239,3,2
306,240,3,2
306,241,3,2
306,242,3,2
306,243,3,2
306,244,3,2
306,245,3,2
306,246,3,2
306,247,3,2
306,248,3,2
306,249,3,2
306,250,3,2
306,251,3,2
306,252,3,2
306,253,3,2
306,254,3,2
306,255,3,2
306,256,3,2
306,257,3,2
306,258,3,2
306,259,3,2
306,260,3,2
306,261,3,2
306,262,3,2
306,263,3,2
306,264,3,2
306,265,3,2
307,99,3,2
307,100,3,2
307,101,3,2
307,102,3,2
307,103,3,2
307,104,3,2
307,105,3,2
307,106,3,2
307,107,3,2
307,108,3,2
307,109,3,3
307,110,3,3
307,111,3,3
307,112,3,3
307,113,3,3
307,114,3,3
307,115,3,3
307,116,3,3
307,117,3,3
307,118,3,2
307,119,3,2
307,120,3,2
307,121,3,2
307,122,3,2
307,123,3,2
307,124,3,2
307,125,3,2
307,126,3,2
307,127,3,2
307,128,3,2
307,129,3,3
307,130,3,3
307,131,3,3
307,132,3,3
307,133,3,3
307,134,3,3
307,135,3,3
307,136,3,3
307,137,3,3
307,138,3,3
307,139,3,3
307,140,3,3
307,141,3,3
307,142,3,3
307,143,3,3
307,144,3,3
307,145,3,3
307,146,3,3
307,147,3,3
307,148,3,3
307,149,3,3
307,150,3,3
307,151,3,3
307,152,3,3
307,153,3,3
307,154,3,3
307,155,3,3
307,156,3,3
307,157,3,3
307,158,3,3
307,159,3,3
307,160,3,3
307,161,3,3
307,162,3,3
307,163,3,3
307,164,3,3
307,165,3,3
307,166,3,3
307,167,3,3
307,168,3,3
307,169,3,3
307,170,3,3
307,171,3,3
307,172,3,3
307,173,3,3
307,174,3,3
307,175,3,2
307,176,3,2
307,177,3,2
307,178,3,2
307,179,3,2
307,180,3,2
307,181,3,2
307,182,3,2
307,183,3,2
307,184,3,2
307,185,3,2
307,186,3,2
307,187,3,2
307,188,3,2
307,189,3,2
307,190,3,2
307,191,3,2
307,192,3,2
307,193,3,2
307,194,3,2
307,195,3,2
307,196,3,2
307,197,3,2
307,198,3,2
307,199,3,2
307,200,3,2
307,201,3,2
307,202,3,2
307,203,3,2
307,204,3,2
307,205,3,2
307,206,3,2
307,207,3,2
307,208,3,2
307,209,3,2
307,210,3,2
307,211,3,2
307,212,3,2
307,213,3,2
307,214,3,2
307,215,3,2
307,216,3,2
307,217,3,2
307,218,3,2
307,219,3,2
307,220,3,2
307,221,3,2
307,222,3,2
307,223,3,2
307,224,3,2
307,225,3,2
307,226,3,2
307,227,3,2
307,228,3,2
307,229,3,2
307,230,3,2
307,231,3,2
307,232,3,2
307,233,3,2
307,234,3,2
307,235,3,2
307,236,3,2
307,237,3,2
307,238,3,2
307,239,3,2
307,240,3,2
307,241,3,2
307,242,3,2
307,243,3,2
307,244,3,2
307,245,3,2
307,246,3,2
307,247,3,2
307,248,3,2
307,249,3,2
307,250,3,2
307,251,3,2
307,252,3,2
307,253,3,2
307,254,3,2
307,255,3,2
307,256,3,2
307,257,3,2
307,258,3,2
307,259,3,2
307,260,3,2
307,261,3,2
307,262,3,2
307,263,3,2
307,264,3,2
308,100,3,2
308,101,3,2
308,102,3,2
308,103,3,2
308,104,3,2
308,105,3,2
308,106,3,2
308,107,3,2
308,108,3,2
308,109,3,3
308,110,3,3
308,111,3,3
308,112,3,3
308,113,3,3
308,114,3,3
308,115,3,3
308,116,3,3
308,117,3,3
308,118,3,3
308,119,3,3
308,120,3,2
308,121,3,2
308,122,3,2
308,123,3,2
308,124,3,2
308,125,3,2
308,126,3,2
308,127,3,2
308,128,3,2
308,129,3,3
308,130,3,3
308,131,3,3
308,132,3,3
308,133,3,3
308,134,3,3
308,135,3,3
308,136,3,3
308,137,3,3
308,138,3,3
308,139,3,3
308,140,3,3
308,141,3,3
308,142,3,3
308,143,3,3
308,144,3,3
308,145,3,3
308,146,3,3
308,147,3,3
308,148,3,3
308,149,3,3
308,150,3,3
308,151,3,3
308,152,3,3
308,153,3,3
308,154,3,3
308,155,3,3
308,156,3,3
308,157,3,3
308,158,3,3
308,159,3,3
308,160,3,3
308,161,3,3
308,162,3,3
308,163,3,3
308,164,3,3
308,165,3,3
308,166,3,3
308,167,3,3
308,168,3,3
308,169,3,3
308,170,3,3
308,171,3,3
308,172,3,3
308,173,3,3
308,174,3,3
308,175,3,2
308,176,3,2
308,177,3,2
308,178,3,2
308,179,3,2
308,180,3,2
308,181,3,2
308,182,3,2
308,183,3,2
308,184,3,2
308,185,3,2
308,186,3,2
308,187,3,2
308,188,3,2
308,189,3,2
308,190,3,2
308,191,3,2
308,192,3,2
308,193,3,2
308,194,3,2
308,195,3,2
308,196,3,2
308,197,3,2
308,198,3,2
308,199,3,2
308,200,3,2
308,201,3,2
308,202,3,2
308,203,3,2
308,204,3,2
308,205,3,2
308,206,3,2
308,207,3,2
308,208,3,2
308,209,3,2
308,210,3,2
308,211,3,2
308,212,3,2
308,213,3,2
308,214,3,2
308,215,3,2
308,216,3,2
308,217,3,2
308,218,3,2
308,219,3,2
308,220,3,2
308,221,3,2
308,222,3,2
308,223,3,2
308,224,3,2
308,225,3,2
308,226,3,2
308,227,3,2
308,228,3,2
308,229,3,2
308,230,3,2
308,231,3,2
308,232,3,2
308,233,3,2
308,234,3,2
308,235,3,2
308,236,3,2
308,237,3,2
308,238,3,2
308,239,3,2
308,240,3,2
308,241,3,2
308,242,3,2
308,243,3,2
308,244,3,2
308,245,3,2
308,246,3,2
308,247,3,2
308,248,3,2
308,249,3,2
308,250,3,2
308,251,3,2
308,252,3,2
308,253,3,2
308,254,3,2
308,255,3,2
308,256,3,2
308,257,3,2
308,258,3,2
308,259,3,2
308,260,3,2
308,261,3,2
308,262,3,2
308,263,3,2
308,264,3,2
309,102,3,2
309,103,3,2
309,104,3,2
309,105,3,2
309,106,3,2
309,107,3,2
309,108,3,3
309,109,3,3
309,110,3,3
309,111,3,3
309,112,3,3
309,113,3,3
309,114,3,3
309,115,3,3
309,116,3,3
309,117,3,3
309,118,3,3
309,119,3,2
309,120,3,2
309,121,3,2
309,122,3,2
309,123,3,2
309,124,3,2
309,125,3,2
309,126,3,2
309,127,3,2
309,128,3,3
309,129,3,3
309,130,3,3
309,131,3,3
309,132,3,3
309,133,3,3
309,134,3,3
309,135,3,3
309,136,3,3
309,137,3,3
309,138,3,3
309,139,3,3
309,140,3,3
309,141,3,3
309,142,3,3
309,143,3,3
309,144,3,3
309,145,3,3
309,146,3,3
309,147,3,3
309,148,3,2
309,149,3,2
309,150,3,2
309,151,3,2
309,152,3,2
309,153,3,2
309,154,3,2
309,155,3,2
309,156,3,2
309,157,3,2
309,158,3,2
309,159,3,2
309,160,3,2
309,161,3,2
309,162,3,2
309,163,3,2
309,164,3,2
309,165,3,2
309,166,3,2
309,167,3,2
309,168,3,2
309,169,3,2
309,170,3,2
309,171,3,2
309,172,3,2
309,173,3,2
309,174,3,2
309,175,3,2
309,176,3,2
309,177,3,2
309,178,3,2
309,179,3,2
309,180,3,2
309,181,3,2
309,182,3,2
309,183,3,2
309,184,3,2
309,185,3,2
309,186,3,2
309,187,3,2
309,188,3,2
309,189,3,2
309,190,3,2
309,191,3,2
309,192,3,2
309,193,3,2
309,194,3,2
309,195,3,2
309,196,3,2
309,197,3,2
309,198,3,2
309,199,3,2
309,200,3,2
309,201,3,2
309,202,3,2
309,203,3,2
309,204,3,2
309,205,3,2
309,206,3,2
309,207,3,2
309,208,3,2
309,209,3,2
309,210,3,2
309,211,3,2
309,212,3,2
309,213,3,2
309,214,3,2
309,215,3,2
309,216,3,2
309,217,3,2
309,218,3,2
309,219,3,2
309,220,3,2
309,221,3,2
309,222,3,2
309,223,3,2
309,224,3,2
309,225,3,2
309,226,3,2
309,227,3,2
309,228,3,2
309,229,3,2
309,230,3,2
309,231,3,2
309,232,3,2
309,233,3,2
309,234,3,2
309,235,3,2
309,236,3,2
309,237,3,2
309,238,3,2
309,239,3,2
309,240,3,2
309,241,3,2
309,242,3,2
309,243,3,2
309,244,3,2
309,245,3,2
309,246,3,2
309,247,3,2
309,248,3,2
309,249,3,2
309,250,3,2
309,251,3,2
309,252,3,2
309,253,3,2
309,254,3,2
309,255,3,2
309,256,3,2
309,257,3,2
309,258,3,2
309,259,3,2
309,260,3,2
309,261,3,2
309,262,3,2
309,263,3,2
310,103,3,2
310,104,3,3
310,105,3,3
310,106,3,2
310,107,3,2
310,108,3,3
310,109,3,3
310,110,3,3
310,111,3,3
310,112,3,3
310,113,3,3
310,114,3,3
310,115,3,3
310,116,3,3
310,117,3,3
310,118,3,3
310,119,3,3
310,120,3,2
310,121,3,2
310,122,3,2
310,123,3,2
310,124,3,2
310,125,3,2
310,126,3,2
310,127,3,2
310,128,3,2
310,129,3,2
310,130,3,2
310,131,3,2
310,132,3,2
310,133,3,3
310,134,3,3
310,135,3,3
310,136,3,3
310,137,3,3
310,138,3,3
310,139,3,3
310,140,3,3
310,141,3,3
310,142,3,3
310,143,3,3
310,144,3,2
310,145,3,3
310,146,3,2
310,147,3,2
310,148,3,2
310,149,3,2
310,150,3,2
310,151,3,2
310,152,3,2
310,153,3,2
310,154,3,2
310,155,3,2
310,156,3,2
310,157,3,2
310,158,3,2
310,159,3,2
310,160,3,2
310,161,3,2
310,162,3,2
310,163,3,2
310,164,3,2
310,165,3,2
310,166,3,2
310,167,3,2
310,168,3,2
310,169,3,2
310,170,3,2
310,171,3,2
310,172,3,2
310,173,3,2
310,174,3,2
310,175,3,2
310,176,3,2
310,177,3,2
310,178,3,2
310,179,3,2
310,180,3,2
310,181,3,2
310,182,3,2
310,183,3,2
310,184,3,2
310,185,3,2
310,186,3,2
310,187,3,2
310,188,3,2
310,189,3,2
310,190,3,2
310,191,3,2
310,192,3,2
310,193,3,2
310,194,3,2
310,195,3,2
310,196,3,2
310,197,3,2
310,198,3,2
310,199,3,2
310,200,3,2
310,201,3,2
310,202,3,2
310,203,3,2
310,204,3,2
310,205,3,2
310,206,3,2
310,207,3,2
310,208,3,2
310,209,3,2
310,210,3,2
310,211,3,2
310,212,3,2
310,213,3,2
310,214,3,2
310,215,3,2
310,216,3,2
310,217,3,2
310,218,3,2
310,219,3,2
310,220,3,2
310,221,3,2
310,222,3,2
310,223,3,2
310,224,3,2
310,225,3,2
310,226,3,2
310,227,3,2
310,228,3,2
310,229,3,2
310,230,3,2
310,231,3,2
310,232,3,2
310,233,3,2
310,234,3,2
310,235,3,2
310,236,3,2
310,237,3,2
310,238,3,2
310,239,3,2
310,240,3,2
310,241,3,2
310,242,3,2
310,243,3,2
310,244,3,2
310,245,3,2
310,246,3,2
310,247,3,2
310,248,3,2
310,249,3,2
310,250,3,2
310,251,3,2
310,252,3,2
310,253,3,2
310,254,3,2
310,255,3,2
310,256,3,2
310,257,3,2
310,258,3,2
310,259,3,2
310,260,3,2
310,261,3,2
310,262,3,2
311,104,3,3
311,105,3,3
311,106,3,3
311,107,3,3
311,108,3,3
311,109,3,3
311,110,3,3
311,111,3,3
311,112,3,3
311,113,3,3
311,114,3,3
311,115,3,3
311,116,3,3
311,117,3,3
311,118,3,3
311,119,3,2
311,120,3,2
311,121,3,2
311,122,3,2
311,123,3,2
311,124,3,2
311,125,3,2
311,126,3,2
311,127,3,2
311,128,3,2
311,129,3,2
311,130,3,2
311,131,3,2
311,132,3,2
311,133,3,2
311,134,3,3
311,135,3,3
311,136,3,3
311,137,3,3
311,138,3,3
311,139,3,3
311,140,3,3
311,141,3,3
311,142,3,2
311,143,3,2
311,144,3,2
311,145,3,2
311,146,3,3
311,147,3,3
311,148,3,3
311,149,3,3
311,150,3,3
311,151,3,3
311,152,3,3
311,153,3,3
311,154,3,3
311,155,3,3
311,156,3,3
311,157,3,2
311,158,3,2
311,159,3,2
311,160,3,2
311,161,3,2
311,162,3,2
311,163,3,2
311,164,3,2
311,165,3,2
311,166,3,2
311,167,3,2
311,168,3,2
311,169,3,2
311,170,3,2
311,171,3,2
311,172,3,2
311,173,3,2
311,174,3,2
311,175,3,2
311,176,3,2
311,177,3,2
311,178,3,2
311,179,3,2
311,180,3,2
311,181,3,2
311,182,3,2
311,183,3,2
311,184,3,2
311,185,3,2
311,186,3,2
311,187,3,2
311,188,3,2
311,189,3,2
311,190,3,2
311,191,3,2
311,192,3,2
311,193,3,2
311,194,3,2
311,195,3,2
311,196,3,2
311,197,3,2
311,198,3,2
311,199,3,2
311,200,3,2
311,201,3,2
311,202,3,2
311,203,3,2
311,204,3,2
311,205,3,2
311,206,3,2
311,207,3,2
311,208,3,2
311,209,3,2
311,210,3,2
311,211,3,2
311,212,3,2
311,213,3,2
311,214,3,2
311,215,3,2
311,216,3,2
311,217,3,2
311,218,3,2
311,219,3,2
311,220,3,2
311,221,3,2
311,222,3,2
311,223,3,2
311,224,3,2
311,225,3,2
311,226,3,2
311,227,3,2
311,228,3,2
311,229,3,2
311,230,3,2
311,231,3,2
311,232,3,2
311,233,3,2
311,234,3,2
311,235,3,2
311,236,3,2
311,237,3,2
311,238,3,2
311,239,3,2
311,240,3,2
311,241,3,2
311,242,3,2
311,243,3,2
311,244,3,2
311,245,3,2
311,246,3,2
311,247,3,2
311,248,3,2
311,249,3,2
311,250,3,2
311,251,3,2
311,252,3,2
311,253,3,2
311,254,3,2
311,255,3,2
311,256,3,2
311,257,3,2
311,258,3,2
311,259,3,2
311,260,3,2
311,261,3,2
311,262,3,3
312,107,3,3
312,108,3,3
312,109,3,3
312,110,3,3
312,111,3,3
312,112,3,3
312,113,3,3
312,114,3,3
312,115,3,3
312,116,3,3
312,117,3,3
312,118,3,2
312,119,3,2
312,120,3,2
312,121,3,2
312,122,3,2
312,123,3,2
312,124,3,2
312,125,3,2
312,126,3,2
312,127,3,2
312,128,3,2
312,129,3,2
312,130,3,2
312,131,3,2
312,132,3,2
312,133,3,2
312,134,3,2
312,135,3,2
312,136,3,2
312,137,3,2
312,138,3,2
312,139,3,2
312,140,3,2
312,141,3,2
312,142,3,2
312,143,3,2
312,144,3,2
312,145,3,3
312,146,3,3
312,147,3,3
312,148,3,3
312,149,3,3
312,150,3,3
312,151,3,3
312,152,3,3
312,153,3,3
312,154,3,3
312,155,3,3
312,156,3,2
312,157,3,2
312,158,3,2
312,159,3,2
312,160,3,2
312,161,3,2
312,162,3,2
312,163,3,2
312,164,3,2
312,165,3,2
312,166,3,2
312,167,3,2
312,168,3,2
312,169,3,2
312,170,3,2
312,171,3,2
312,172,3,2
312,173,3,2
312,174,3,2
312,175,3,2
312,176,3,2
312,177,3,2
312,178,3,2
312,179,3,2
312,180,3,2
312,181,3,2
312,182,3,2
312,183,3,2
312,184,3,2
312,185,3,2
312,186,3,2
312,187,3,2
312,188,3,2
312,189,3,2
312,190,3,2
312,191,3,2
312,192,3,2
312,193,3,2
312,194,3,2
312,195,3,2
312,196,3,2
312,197,3,2
312,198,3,2
312,199,3,2
312,200,3,2
312,201,3,2
312,202,3,2
312,203,3,2
312,204,3,2
312,205,3,2
312,206,3,2
312,207,3,2
312,208,3,2
312,209,3,2
312,210,3,2
312,211,3,2
312,212,3,2
312,213,3,2
312,214,3,2
312,215,3,2
312,216,3,2
312,217,3,2
312,218,3,2
312,219,3,2
312,220,3,2
312,221,3,2
312,222,3,2
312,223,3,2
312,224,3,2
312,225,3,2
312,226,3,2
312,227,3,2
312,228,3,2
312,229,3,2
312,230,3,2
312,231,3,2
312,232,3,2
312,233,3,2
312,234,3,2
312,235,3,2
312,236,3,2
312,237,3,2
312,238,3,2
312,239,3,2
312,240,3,2
312,241,3,2
312,242,3,2
312,243,3,2
312,244,3,2
312,245,3,2
312,246,3,2
312,247,3,2
312,248,3,2
312,249,3,2
312,250,3,2
312,251,3,2
312,252,3,2
312,253,3,2
312,254,3,2
312,255,3,2
312,256,3,2
312,257,3,2
312,258,3,2
312,259,3,2
312,260,3,2
312,261,3,2
313,110,3,3
313,111,3,3
313,112,3,3
313,113,3,3
313,114,3,2
313,115,3,3
313,116,3,2
313,117,3,2
313,118,3,2
313,119,3,2
313,120,3,2
313,121,3,2
313,122,3,2
313,123,3,2
313,124,3,2
313,125,3,2
313,126,3,2
313,127,3,2
313,128,3,2
313,129,3,2
313,130,3,2
313,131,3,2
313,132,3,2
313,133,3,2
313,134,3,2
313,135,3,2
313,136,3,2
313,137,3,2
313,138,3,2
313,139,3,2
313,140,3,2
313,141,3,2
313,142,3,2
313,143,3,2
313,144,3,2
313,145,3,3
313,146,3,3
313,147,3,2
313,148,3,2
313,149,3,2
313,150,3,2
313,151,3,2
313,152,3,2
313,153,3,2
313,154,3,2
313,155,3,2
313,156,3,2
313,157,3,2
313,158,3,2
313,159,3,2
313,160,3,2
313,161,3,2
313,162,3,2
313,163,3,2
313,164,3,2
313,165,3,2
313,166,3,2
313,167,3,2
313,168,3,2
313,169,3,2
313,170,3,2
313,171,3,2
313,172,3,2
313,173,3,2
313,174,3,2
313,175,3,2
313,176,3,2
313,177,3,2
313,178,3,2
313,179,3,2
313,180,3,2
313,181,3,2
313,182,3,2
313,183,3,2
313,184,3,2
313,185,3,2
313,186,3,2
313,187,3,2
313,188,3,2
313,189,3,2
313,190,3,2
313,191,3,2
313,192,3,2
313,193,3,2
313,194,3,2
313,195,3,2
313,196,3,2
313,197,3,2
313,198,3,2
313,199,3,2
313,200,3,2
313,201,3,2
313,202,3,2
313,203,3,2
313,204,3,2
313,205,3,2
313,206,3,2
313,207,3,2
313,208,3,2
313,209,3,2
313,210,3,2
313,211,3,2
313,212,3,2
313,213,3,2
313,214,3,2
313,215,3,2
313,216,3,2
313,217,3,2
313,218,3,2
313,219,3,2
313,220,3,2
313,221,3,2
313,222,3,2
313,223,3,2
313,224,3,2
313,225,3,2
313,226,3,2
313,227,3,2
313,228,3,2
313,229,3,2
313,230,3,2
313,231,3,2
313,232,3,2
313,233,3,2
313,234,3,2
313,235,3,2
313,236,3,2
313,237,3,2
313,238,3,2
313,239,3,2
313,240,3,2
313,241,3,2
313,242,3,2
313,243,3,2
313,244,3,2
313,245,3,2
313,246,3,2
313,247,3,2
313,248,3,2
313,249,3,2
313,250,3,2
313,251,3,2
313,252,3,2
313,253,3,2
313,254,3,2
313,255,3,2
313,256,3,2
313,257,3,2
313,258,3,2
313,259,3,2
313,260,3,2
314,113,3,3
314,114,3,2
314,115,3,2
314,116,3,2
314,117,3,2
314,118,3,2
314,119,3,2
314,120,3,2
314,121,3,2
314,122,3,2
314,123,3,2
314,124,3,2
314,125,3,2
314,126,3,2
314,127,3,2
314,128,3,2
314,129,3,2
314,130,3,2
314,131,3,2
314,132,3,2
314,133,3,2
314,134,3,2
314,135,3,2
314,136,3,2
314,137,3,2
314,138,3,2
314,139,3,2
314,140,3,2
314,141,3,2
314,142,3,2
314,143,3,2
314,144,3,2
314,145,3,2
314,146,3,2
314,147,3,2
314,148,3,2
314,149,3,2
314,150,3,2
314,151,3,2
314,152,3,2
314,153,3,2
314,154,3,2
314,155,3,2
314,156,3,2
314,157,3,2
314,158,3,2
314,159,3,2
314,160,3,2
314,161,3,2
314,162,3,2
314,163,3,2
314,164,3,2
314,165,3,2
314,166,3,2
314,167,3,2
314,168,3,2
314,169,3,2
314,170,3,2
314,171,3,2
314,172,3,2
314,173,3,2
314,174,3,2
314,175,3,2
314,176,3,2
314,177,3,2
314,178,3,2
314,179,3,2
314,180,3,2
314,181,3,2
314,182,3,2
314,183,3,2
314,184,3,2
314,185,3,2
314,186,3,2
314,187,3,2
314,188,3,2
314,189,3,2
314,190,3,2
314,191,3,2
314,192,3,2
314,193,3,2
314,194,3,2
314,195,3,2
314,196,3,2
314,197,3,2
314,198,3,2
314,199,3,2
314,200,3,2
314,201,3,2
314,202,3,2
314,203,3,2
314,204,3,2
314,205,3,2
314,206,3,2
314,207,3,2
314,208,3,2
314,209,3,2
314,210,3,2
314,211,3,2
314,212,3,2
314,213,3,2
314,214,3,2
314,215,3,2
314,216,3,2
314,217,3,2
314,218,3,2
314,219,3,2
314,220,3,2
314,221,3,2
314,222,3,2
314,223,3,2
314,224,3,2
314,225,3,2
314,226,3,2
314,227,3,2
314,228,3,2
314,229,3,2
314,230,3,2
314,231,3,2
314,232,3,2
314,233,3,2
314,234,3,2
314,235,3,2
314,236,3,2
314,237,3,2
314,238,3,2
314,239,3,2
314,240,3,2
314,241,3,2
314,242,3,2
314,243,3,2
314,244,3,2
314,245,3,2
314,246,3,2
314,247,3,2
314,248,3,2
314,249,3,2
314,250,3,2
314,251,3,2
314,252,3,2
314,253,3,2
314,254,3,2
314,255,3,2
314,256,3,2
314,257,3,2
314,258,3,2
314,259,3,2
314,260,3,2
315,114,3,2
315,115,3,2
315,116,3,3
315,117,3,3
315,118,3,2
315,119,3,2
315,120,3,2
315,121,3,2
315,122,3,2
315,123,3,2
315,124,3,2
315,125,3,2
315,126,3,2
315,127,3,2
315,128,3,2
315,129,3,2
315,130,3,2
315,131,3,2
315,132,3,3
315,133,3,3
315,134,3,3
315,135,3,3
315,136,3,3
315,137,3,3
315,138,3,3
315,139,3,3
315,140,3,3
315,141,3,3
315,142,3,2
315,143,3,2
315,144,3,2
315,145,3,2
315,146,3,2
315,147,3,2
315,148,3,2
315,149,3,2
315,150,3,2
315,151,3,2
315,152,3,2
315,153,3,2
315,154,3,2
315,155,3,2
315,156,3,2
315,157,3,2
315,158,3,2
315,159,3,2
315,160,3,2
315,161,3,2
315,162,3,2
315,163,3,2
315,164,3,2
315,165,3,2
315,166,3,2
315,167,3,2
315,168,3,2
315,169,3,2
315,170,3,2
315,171,3,2
315,172,3,2
315,173,3,2
315,174,3,2
315,175,3,2
315,176,3,2
315,177,3,2
315,178,3,2
315,179,3,2
315,180,3,2
315,181,3,2
315,182,3,2
315,183,3,2
315,184,3,2
315,185,3,2
315,186,3,2
315,187,3,2
315,188,3,2
315,189,3,2
315,190,3,2
315,191,3,2
315,192,3,2
315,193,3,2
315,194,3,2
315,195,3,2
315,196,3,2
315,197,3,2
315,198,3,2
315,199,3,2
315,200,3,2
315,201,3,2
315,202,3,2
315,203,3,2
315,204,3,2
315,205,3,2
315,206,3,2
315,207,3,2
315,208,3,2
315,209,3,2
315,210,3,2
315,211,3,2
315,212,3,2
315,213,3,2
315,214,3,2
315,215,3,2
315,216,3,2
315,217,3,2
315,218,3,2
315,219,3,2
315,220,3,2
315,221,3,2
315,222,3,2
315,223,3,2
315,224,3,2
315,225,3,2
315,226,3,2
315,227,3,2
315,228,3,2
315,229,3,2
315,230,3,2
315,231,3,2
315,232,3,2
315,233,3,2
315,234,3,2
315,235,3,2
315,236,3,2
315,237,3,2
315,238,3,2
315,239,3,2
315,240,3,2
315,241,3,2
315,242,3,2
315,243,3,2
315,244,3,2
315,245,3,2
315,246,3,2
315,247,3,2
315,248,3,2
315,249,3,2
315,250,3,2
315,251,3,2
315,252,3,2
315,253,3,2
315,254,3,2
315,255,3,2
315,256,3,2
315,257,3,2
315,258,3,2
315,259,3,2
316,116,3,3
316,117,3,3
316,118,3,3
316,119,3,2
316,120,3,2
316,121,3,2
316,122,3,2
316,123,3,2
316,124,3,2
316,125,3,2
316,126,3,2
316,127,3,2
316,128,3,2
316,129,3,2
316,130,3,3
316,131,3,3
316,132,3,3
316,133,3,3
316,134,3,3
316,135,3,3
316,136,3,3
316,137,3,3
316,138,3,3
316,139,3,3
316,140,3,3
316,141,3,3
316,142,3,3
316,143,3,2
316,144,3,2
316,145,3,2
316,146,3,2
316,147,3,2
316,148,3,2
316,149,3,2
316,150,3,2
316,151,3,2
316,152,3,2
316,153,3,2
316,154,3,2
316,155,3,2
316,156,3,2
316,157,3,2
316,158,3,2
316,159,3,2
316,160,3,2
316,161,3,2
316,162,3,2
316,163,3,2
316,164,3,2
316,165,3,2
316,166,3,2
316,167,3,2
316,168,3,2
316,169,3,2
316,170,3,2
316,171,3,2
316,172,3,2
316,173,3,2
316,174,3,2
316,175,3,2
316,176,3,2
316,177,3,2
316,178,3,2
316,179,3,2
316,180,3,2
316,181,3,2
316,182,3,2
316,183,3,2
316,184,3,2
316,185,3,2
316,186,3,2
316,187,3,2
316,188,3,2
316,189,3,2
316,190,3,2
316,191,3,2
316,192,3,2
316,193,3,2
316,194,3,2
316,195,3,2
316,196,3,2
316,197,3,2
316,198,3,2
316,199,3,2
316,200,3,2
316,201,3,2
316,202,3,2
316,203,3,2
316,204,3,2
316,205,3,2
316,206,3,2
316,207,3,2
316,208,3,2
316,209,3,2
316,210,3,2
316,211,3,2
316,212,3,2
316,213,3,2
316,214,3,2
316,215,3,2
316,216,3,2
316,217,3,2
316,218,3,2
316,219,3,2
316,220,3,2
316,221,3,2
316,222,3,2
316,223,3,2
316,224,3,2
316,225,3,2
316,226,3,2
316,227,3,2
316,228,3,2
316,229,3,2
316,230,3,2
316,231,3,2
316,232,3,2
316,233,3,2
316,234,3,2
316,235,3,2
316,236,3,2
316,237,3,2
316,238,3,2
316,239,3,2
316,240,3,2
316,241,3,2
316,242,3,2
316,243,3,2
316,244,3,2
316,245,3,2
316,246,3,2
316,247,3,2
316,248,3,2
316,249,3,2
316,250,3,2
316,251,3,2
316,252,3,2
316,253,3,2
316,254,3,2
316,255,3,2
316,256,3,2
316,257,3,2
316,258,3,2
317,118,3,3
317,119,3,3
317,120,3,2
317,121,3,3
317,122,3,2
317,123,3,2
317,124,3,2
317,125,3,2
317,126,3,2
317,127,3,2
317,128,3,3
317,129,3,3
317,130,3,3
317,131,3,3
317,132,3,3
317,133,3,3
317,134,3,3
317,135,3,3
317,136,3,3
317,137,3,3
317,138,3,3
317,139,3,3
317,140,3,3
317,141,3,3
317,142,3,3
317,143,3,3
317,144,3,2
317,145,3,2
317,146,3,2
317,147,3,2
317,148,3,2
317,149,3,2
317,150,3,2
317,151,3,2
317,152,3,2
317,153,3,2
317,154,3,2
317,155,3,2
317,156,3,2
317,157,3,2
317,158,3,2
317,159,3,2
317,160,3,2
317,161,3,2
317,162,3,2
317,163,3,2
317,164,3,2
317,165,3,2
317,166,3,2
317,167,3,2
317,168,3,2
317,169,3,2
317,170,3,2
317,171,3,2
317,172,3,2
317,173,3,2
317,174,3,2
317,175,3,2
317,176,3,2
317,177,3,2
317,178,3,2
317,179,3,2
317,180,3,2
317,181,3,2
317,182,3,2
317,183,3,2
317,184,3,2
317,185,3,2
317,186,3,2
317,187,3,2
317,188,3,2
317,189,3,2
317,190,3,2
317,191,3,2
317,192,3,2
317,193,3,2
317,194,3,2
317,195,3,2
317,196,3,2
317,197,3,2
317,198,3,2
317,199,3,2
317,200,3,2
317,201,3,2
317,202,3,2
317,203,3,2
317,204,3,2
317,205,3,2
317,206,3,2
317,207,3,2
317,208,3,2
317,209,3,2
317,210,3,2
317,211,3,2
317,212,3,2
317,213,3,2
317,214,3,2
317,215,3,2
317,216,3,2
317,217,3,2
317,218,3,2
317,219,3,2
317,220,3,2
317,221,3,2
317,222,3,2
317,223,3,2
317,224,3,2
317,225,3,2
317,226,3,2
317,227,3,2
317,228,3,2
317,229,3,2
317,230,3,2
317,231,3,2
317,232,3,2
317,233,3,2
317,234,3,2
317,235,3,2
317,236,3,2
317,237,3,2
317,238,3,2
317,239,3,2
317,240,3,2
317,241,3,2
317,242,3,2
317,243,3,2
317,244,3,2
317,245,3,2
317,246,3,2
317,247,3,2
317,248,3,2
317,249,3,2
317,250,3,2
317,251,3,2
317,252,3,2
317,253,3,2
317,254,3,2
317,255,3,2
317,256,3,2
317,257,3,2
318,121,3,3
318,122,3,3
318,123,3,2
318,124,3,3
318,125,3,3
318,126,3,3
318,127,3,3
318,128,3,3
318,129,3,3
318,130,3,3
318,131,3,3
318,132,3,3
318,133,3,3
318,134,3,3
318,135,3,3
318,136,3,3
318,137,3,3
318,138,3,3
318,139,3,3
318,140,3,3
318,141,3,3
318,142,3,3
318,143,3,3
318,144,3,2
318,145,3,2
318,146,3,2
318,147,3,2
318,148,3,2
318,149,3,2
318,150,3,2
318,151,3,2
318,152,3,2
318,153,3,2
318,154,3,2
318,155,3,2
318,156,3,2
318,157,3,2
318,158,3,2
318,159,3,2
318,160,3,2
318,161,3,2
318,162,3,2
318,163,3,2
318,164,3,2
318,165,3,2
318,166,3,2
318,167,3,2
318,168,3,2
318,169,3,2
318,170,3,2
318,171,3,2
318,172,3,2
318,173,3,2
318,174,3,2
318,175,3,2
318,176,3,2
318,177,3,2
318,178,3,2
318,179,3,2
318,180,3,2
318,181,3,2
318,182,3,2
318,183,3,2
318,184,3,2
318,185,3,2
318,186,3,2
318,187,3,2
318,188,3,2
318,189,3,2
318,190,3,2
318,191,3,2
318,192,3,2
318,193,3,2
318,194,3,2
318,195,3,2
318,196,3,2
318,197,3,2
318,198,3,2
318,199,3,2
318,200,3,2
318,201,3,2
318,202,3,2
318,203,3,2
318,204,3,2
318,205,3,2
318,206,3,2
318,207,3,2
318,208,3,2
318,209,3,2
318,210,3,2
318,211,3,2
318,212,3,2
318,213,3,2
318,214,3,2
318,215,3,2
318,216,3,2
318,217,3,2
318,218,3,2
318,219,3,2
318,220,3,2
318,221,3,2
318,222,3,2
318,223,3,2
318,224,3,2
318,225,3,2
318,226,3,2
318,227,3,2
318,228,3,2
318,229,3,2
318,230,3,2
318,231,3,2
318,232,3,2
318,233,3,2
318,234,3,2
318,235,3,2
318,236,3,2
318,237,3,2
318,238,3,2
318,239,3,2
318,240,3,2
318,241,3,2
318,242,3,2
318,243,3,2
318,244,3,2
318,245,3,2
318,246,3,2
318,247,3,2
318,248,3,2
318,249,3,2
318,250,3,2
318,251,3,2
318,252,3,2
318,253,3,2
318,254,3,2
318,255,3,2
318,256,3,2
319,128,3,3
319,129,3,3
319,130,3,3
319,131,3,3
319,132,3,3
319,133,3,3
319,134,3,3
319,135,3,3
319,136,3,3
319,137,3,3
319,138,3,3
319,139,3,3
319,140,3,3
319,141,3,3
319,142,3,2
319,143,3,2
319,144,3,2
319,145,3,3
319,146,3,3
319,147,3,3
319,148,3,3
319,149,3,2
319,150,3,2
319,151,3,2
319,152,3,2
319,153,3,2
319,154,3,2
319,155,3,2
319,156,3,2
319,157,3,2
319,158,3,2
319,159,3,2
319,160,3,2
319,161,3,2
319,162,3,2
319,163,3,2
319,164,3,2
319,165,3,2
319,166,3,2
319,167,3,2
319,168,3,2
319,169,3,2
319,170,3,2
319,171,3,2
319,172,3,2
319,173,3,2
319,174,3,2
319,175,3,2
319,176,3,2
319,177,3,2
319,178,3,2
319,179,3,2
319,180,3,2
319,181,3,2
319,182,3,2
319,183,3,2
319,184,3,2
319,185,3,2
319,186,3,2
319,187,3,2
319,188,3,2
319,189,3,2
319,190,3,2
319,191,3,2
319,192,3,2
319,193,3,2
319,194,3,2
319,195,3,2
319,196,3,2
319,197,3,2
319,198,3,2
319,199,3,2
319,200,3,2
319,201,3,2
319,202,3,2
319,203,3,2
319,204,3,2
319,205,3,2
319,206,3,2
319,207,3,2
319,208,3,2
319,209,3,2
319,210,3,2
319,211,3,2
319,212,3,2
319,213,3,2
319,214,3,2
319,215,3,2
319,216,3,2
319,217,3,2
319,218,3,2
319,219,3,2
319,220,3,2
319,221,3,2
319,222,3,2
319,223,3,2
319,224,3,2
319,225,3,2
319,226,3,2
319,227,3,2
319,228,3,2
319,229,3,2
319,230,3,2
319,231,3,2
319,232,3,2
319,233,3,2
319,234,3,2
319,235,3,2
319,236,3,2
319,237,3,2
319,238,3,2
319,239,3,2
319,240,3,2
319,241,3,2
319,242,3,2
319,243,3,2
319,244,3,2
319,245,3,2
319,246,3,2
319,247,3,2
319,248,3,2
319,249,3,2
319,250,3,2
319,251,3,2
319,252,3,2
319,253,3,2
319,254,3,2
319,255,3,2
319,256,3,2
320,138,3,3
320,139,3,3
320,140,3,3
320,141,3,3
320,142,3,2
320,143,3,3
320,144,3,3
320,145,3,3
320,146,3,3
320,147,3,3
320,148,3,3
320,149,3,2
320,150,3,2
320,151,3,2
320,152,3,2
320,153,3,2
320,154,3,2
320,155,3,2
320,156,3,2
320,157,3,2
320,158,3,2
320,159,3,2
320,160,3,2
320,161,3,2
320,162,3,2
320,163,3,2
320,164,3,2
320,165,3,2
320,166,3,2
320,167,3,2
320,168,3,2
320,169,3,2
320,170,3,2
320,171,3,2
320,172,3,2
320,173,3,2
320,174,3,2
320,175,3,2
320,176,3,2
320,177,3,2
320,178,3,2
320,179,3,2
320,180,3,2
320,181,3,2
320,182,3,2
320,183,3,2
320,184,3,2
320,185,3,2
320,186,3,2
320,187,3,2
320,188,3,2
320,189,3,2
320,190,3,2
320,191,3,2
320,192,3,2
320,193,3,2
320,194,3,2
320,195,3,2
320,196,3,2
320,197,3,2
320,198,3,2
320,199,3,2
320,200,3,2
320,201,3,2
320,202,3,2
320,203,3,2
320,204,3,2
320,205,3,2
320,206,3,2
320,207,3,2
320,208,3,2
320,209,3,2
320,210,3,2
320,211,3,2
320,212,3,2
320,213,3,2
320,214,3,2
320,215,3,2
320,216,3,2
320,217,3,2
320,218,3,2
320,219,3,2
320,220,3,2
320,221,3,2
320,222,3,2
320,223,3,2
320,224,3,2
320,225,3,2
320,226,3,2
320,227,3,2
320,228,3,2
320,229,3,2
320,230,3,2
320,231,3,2
320,232,3,2
320,233,3,2
320,234,3,2
320,235,3,2
320,236,3,2
320,237,3,2
320,238,3,2
320,239,3,2
320,240,3,2
320,241,3,2
320,242,3,2
320,243,3,2
320,244,3,2
320,245,3,2
320,246,3,2
320,247,3,2
320,248,3,2
320,249,3,2
320,250,3,2
320,251,3,2
320,252,3,2
320,253,3,2
320,254,3,2
320,255,3,2
321,144,3,3
321,145,3,3
321,146,3,3
321,147,3,3
321,148,3,3
321,149,3,2
321,150,3,2
321,151,3,2
321,152,3,2
321,153,3,2
321,154,3,2
321,155,3,2
321,156,3,2
321,157,3,2
321,158,3,2
321,159,3,2
321,160,3,2
321,161,3,2
321,162,3,2
321,163,3,2
321,164,3,2
321,165,3,2
321,166,3,2
321,167,3,2
321,168,3,2
321,169,3,2
321,170,3,2
321,171,3,2
321,172,3,2
321,173,3,2
321,174,3,2
321,175,3,2
321,176,3,2
321,177,3,2
321,178,3,2
321,179,3,2
321,180,3,2
321,181,3,2
321,182,3,2
321,183,3,2
321,184,3,2
321,185,3,2
321,186,3,2
321,187,3,2
321,188,3,2
321,189,3,2
321,190,3,2
321,191,3,2
321,192,3,2
321,193,3,2
321,194,3,2
321,195,3,2
321,196,3,2
321,197,3,2
321,198,3,2
321,199,3,2
321,200,3,2
321,201,3,2
321,202,3,2
321,203,3,2
321,204,3,2
321,205,3,2
321,206,3,2
321,207,3,2
321,208,3,2
321,209,3,2
321,210,3,2
321,211,3,2
321,212,3,2
321,213,3,2
321,214,3,2
321,215,3,2
321,216,3,2
321,217,3,2
321,218,3,2
321,219,3,2
321,220,3,2
321,221,3,2
321,222,3,2
321,223,3,2
321,224,3,2
321,225,3,2
321,226,3,2
321,227,3,2
321,228,3,2
321,229,3,2
321,230,3,2
321,231,3,2
321,232,3,2
321,233,3,2
321,234,3,2
321,235,3,2
321,236,3,2
321,237,3,2
321,238,3,2
321,239,3,2
321,240,3,2
321,241,3,2
321,242,3,2
321,243,3,2
321,244,3,2
321,245,3,2
321,246,3,2
321,247,3,2
321,248,3,2
321,249,3,2
321,250,3,2
321,251,3,2
321,252,3,2
321,253,3,2
321,254,3,2
322,146,3,3
322,147,3,3
322,148,3,2
322,149,3,2
322,150,3,2
322,151,3,2
322,152,3,2
322,153,3,2
322,154,3,2
322,155,3,2
322,156,3,2
322,157,3,2
322,158,3,2
322,159,3,2
322,160,3,2
322,161,3,2
322,162,3,2
322,163,3,2
322,164,3,2
322,165,3,2
322,166,3,2
322,167,3,2
322,168,3,2
322,169,3,2
322,170,3,2
322,171,3,2
322,172,3,2
322,173,3,2
322,174,3,2
322,175,3,2
322,176,3,2
322,177,3,2
322,178,3,2
322,179,3,2
322,180,3,2
322,181,3,2
322,182,3,2
322,183,3,2
322,184,3,2
322,185,3,2
322,186,3,2
322,187,3,2
322,188,3,2
322,189,3,2
322,190,3,2
322,191,3,2
322,192,3,2
322,193,3,2
322,194,3,2
322,195,3,2
322,196,3,2
322,197,3,2
322,198,3,2
322,199,3,2
322,200,3,2
322,201,3,2
322,202,3,2
322,203,3,2
322,204,3,2
322,205,3,2
322,206,3,2
322,207,3,2
322,208,3,2
322,209,3,2
322,210,3,2
322,211,3,2
322,212,3,2
322,213,3,2
322,214,3,2
322,215,3,2
322,216,3,2
322,217,3,2
322,218,3,2
322,219,3,2
322,220,3,2
322,221,3,2
322,222,3,2
322,223,3,2
322,224,3,2
322,225,3,2
322,226,3,2
322,227,3,2
322,228,3,2
322,229,3,2
322,230,3,2
322,231,3,2
322,232,3,2
322,233,3,2
322,234,3,2
322,235,3,2
322,236,3,2
322,237,3,2
322,238,3,2
322,239,3,2
322,240,3,2
322,241,3,2
322,242,3,2
322,243,3,2
322,244,3,2
322,245,3,2
322,246,3,2
322,247,3,2
322,248,3,2
322,249,3,2
322,250,3,2
322,251,3,2
322,252,3,2
322,253,3,2
322,254,3,2
323,153,3,3
323,154,3,3
323,155,3,2
323,156,3,2
323,157,3,2
323,158,3,2
323,159,3,2
323,160,3,2
323,161,3,2
323,162,3,2
323,163,3,2
323,164,3,2
323,165,3,2
323,166,3,2
323,167,3,2
323,168,3,2
323,169,3,2
323,170,3,2
323,171,3,2
323,172,3,2
323,173,3,2
323,174,3,2
323,175,3,2
323,176,3,2
323,177,3,2
323,178,3,2
323,179,3,2
323,180,3,2
323,181,3,2
323,182,3,2
323,183,3,2
323,184,3,2
323,185,3,2
323,186,3,2
323,187,3,2
323,188,3,2
323,189,3,2
323,190,3,2
323,191,3,2
323,192,3,2
323,193,3,2
323,194,3,2
323,195,3,2
323,196,3,2
323,197,3,2
323,198,3,2
323,199,3,2
323,200,3,2
323,201,3,2
323,202,3,2
323,203,3,2
323,204,3,2
323,205,3,2
323,206,3,2
323,207,3,2
323,208,3,2
323,209,3,2
323,210,3,2
323,211,3,2
323,212,3,2
323,213,3,2
323,214,3,2
323,215,3,2
323,216,3,2
323,217,3,2
323,218,3,2
323,219,3,2
323,220,3,2
323,221,3,2
323,222,3,2
323,223,3,2
323,224,3,2
323,225,3,2
323,226,3,2
323,227,3,2
323,228,3,2
323,229,3,2
323,230,3,2
323,231,3,2
323,232,3,2
323,233,3,2
323,234,3,2
323,235,3,2
323,236,3,2
323,237,3,2
323,238,3,2
323,239,3,2
323,240,3,2
323,241,3,2
323,242,3,2
323,243,3,2
323,244,3,2
323,245,3,2
323,246,3,2
323,247,3,2
323,248,3,2
323,249,3,2
323,250,3,2
323,251,3,2
323,252,3,2
323,253,3,2
324,157,3,3
324,158,3,3
324,159,3,2
324,160,3,2
324,161,3,2
324,162,3,2
324,163,3,2
324,164,3,2
324,165,3,2
324,166,3,2
324,167,3,2
324,168,3,2
324,169,3,2
324,170,3,2
324,171,3,2
324,172,3,2
324,173,3,2
324,174,3,2
324,175,3,2
324,176,3,2
324,177,3,2
324,178,3,2
324,179,3,2
324,180,3,2
324,181,3,2
324,182,3,2
324,183,3,2
324,184,3,2
324,185,3,2
324,186,3,2
324,187,3,2
324,188,3,2
324,189,3,2
324,190,3,2
324,191,3,2
324,192,3,2
324,193,3,2
324,194,3,2
324,195,3,2
324,196,3,2
324,197,3,2
324,198,3,2
324,199,3,2
324,202,3,2
324,203,3,2
324,204,3,2
324,205,3,2
324,206,3,2
324,207,3,2
324,213,3,2
324,214,3,2
324,215,3,2
324,216,3,2
324,217,3,2
324,218,3,2
324,219,3,2
324,220,3,2
324,221,3,2
324,222,3,2
324,223,3,2
324,224,3,2
324,225,3,2
324,226,3,2
324,227,3,2
324,228,3,2
324,229,3,2
324,230,3,2
324,231,3,2
324,232,3,2
324,233,3,2
324,234,3,2
324,235,3,2
324,236,3,2
324,237,3,2
324,238,3,2
324,239,3,2
324,240,3,2
324,241,3,2
324,242,3,2
324,243,3,2
324,244,3,2
324,245,3,2
324,246,3,2
324,247,3,2
324,248,3,2
324,249,3,2
324,250,3,2
324,251,3,2
324,252,3,2
325,175,3,3
325,176,3,3
325,218,3,2
325,219,3,2
325,220,3,2
325,221,3,2
325,222,3,2
325,223,3,2
325,224,3,2
325,225,3,2
325,226,3,2
325,227,3,2
325,228,3,2
325,229,3,2
325,230,3,2
325,231,3,2
325,232,3,2
325,233,3,2
325,234,3,2
325,235,3,2
325,236,3,2
325,237,3,2
325,238,3,2
325,239,3,2
325,240,3,2
325,241,3,2
325,242,3,2
325,243,3,2
325,244,3,2
325,245,3,2
325,246,3,2
325,247,3,2
325,248,3,2
325,249,3,2
325,250,3,2
325,251,3,2
326,223,3,2
326,224,3,2
326,227,3,3
326,228,3,2
326,229,3,2
326,230,3,2
326,231,3,2
326,232,3,2
326,233,3,2
326,234,3,2
326,235,3,2
326,236,3,2
326,237,3,2
326,238,3,2
326,239,3,2
326,240,3,2
326,241,3,2
326,242,3,2
326,243,3,2
326,244,3,2
326,245,3,2
326,246,3,2
326,247,3,2
326,248,3,2
326,249,3,2
326,250,3,2
327,235,3,2
327,236,3,2
327,237,3,2
327,238,3,2
327,239,3,2
327,240,3,2
327,241,3,2
327,242,3,2
327,243,3,2
327,244,3,2
327,245,3,2
327,246,3,2
327,247,3,2
327,248,3,2
327,249,3,2
327,250,3,2
328,242,3,2
328,243,3,2
328,247,3,2
328,248,3,2
