1.580000000000000000e+02,4.370000000000000000e+02
1.590000000000000000e+02,4.360000000000000000e+02
1.580000000000000000e+02,4.370000000000000000e+02
