3.320000000000000000e+02,2.080000000000000000e+02
3.310000000000000000e+02,2.070000000000000000e+02
3.320000000000000000e+02,2.080000000000000000e+02
