1676,346,1,2
1676,347,1,2
1676,348,1,2
1676,349,1,2
1676,350,1,2
1676,351,1,2
1676,352,1,2
1677,344,1,2
1677,345,1,2
1677,346,1,2
1677,347,1,2
1677,348,1,2
1677,349,1,2
1677,350,1,2
1677,351,1,2
1677,352,1,2
1677,353,1,2
1677,354,1,2
1677,355,1,2
1678,321,1,2
1678,322,1,2
1678,323,1,2
1678,324,1,2
1678,325,1,2
1678,326,1,2
1678,327,1,2
1678,342,1,2
1678,343,1,2
1678,344,1,2
1678,345,1,2
1678,346,1,2
1678,347,1,2
1678,348,1,2
1678,349,1,2
1678,350,1,2
1678,351,1,2
1678,352,1,2
1678,353,1,2
1678,354,1,2
1678,355,1,2
1678,356,1,2
1678,357,1,2
1678,358,1,2
1678,359,1,2
1678,360,1,2
1678,361,1,2
1678,362,1,2
1678,363,1,2
1678,364,1,2
1678,365,1,2
1678,366,1,2
1678,367,1,2
1679,320,1,2
1679,321,1,2
1679,322,1,2
1679,323,1,2
1679,324,1,2
1679,325,1,2
1679,326,1,2
1679,327,1,2
1679,328,1,2
1679,329,1,2
1679,330,1,2
1679,331,1,2
1679,341,1,2
1679,342,1,2
1679,343,1,2
1679,344,1,2
1679,345,1,2
1679,346,1,2
1679,347,1,2
1679,348,1,2
1679,349,1,2
1679,350,1,2
1679,351,1,2
1679,352,1,2
1679,353,1,2
1679,354,1,2
1679,355,1,2
1679,356,1,2
1679,357,1,2
1679,358,1,2
1679,359,1,2
1679,360,1,2
1679,361,1,2
1679,362,1,2
1679,363,1,2
1679,364,1,2
1679,365,1,2
1679,366,1,2
1679,367,1,2
1679,368,1,2
1679,369,1,2
1679,370,1,2
1679,371,1,2
1680,305,1,2
1680,306,1,2
1680,307,1,2
1680,308,1,2
1680,309,1,2
1680,310,1,2
1680,311,1,2
1680,312,1,2
1680,313,1,2
1680,314,1,2
1680,315,1,2
1680,316,1,2
1680,317,1,2
1680,318,1,2
1680,319,1,2
1680,320,1,2
1680,321,1,2
1680,322,1,2
1680,323,1,2
1680,324,1,2
1680,325,1,2
1680,326,1,2
1680,327,1,2
1680,328,1,2
1680,329,1,2
1680,330,1,2
1680,331,1,2
1680,332,1,2
1680,333,1,2
1680,334,1,2
1680,335,1,2
1680,336,1,2
1680,337,1,2
1680,338,1,2
1680,339,1,2
1680,340,1,2
1680,341,1,2
1680,342,1,2
1680,343,1,2
1680,344,1,2
1680,345,1,2
1680,346,1,2
1680,347,1,2
1680,348,1,2
1680,349,1,2
1680,350,1,2
1680,351,1,2
1680,352,1,2
1680,353,1,2
1680,354,1,2
1680,355,1,2
1680,356,1,2
1680,357,1,2
1680,358,1,2
1680,359,1,2
1680,360,1,2
1680,361,1,2
1680,362,1,2
1680,363,1,2
1680,364,1,2
1680,365,1,2
1680,366,1,2
1680,367,1,2
1680,368,1,2
1680,369,1,2
1680,370,1,2
1680,371,1,2
1680,372,1,2
1680,373,1,2
1680,374,1,2
1680,375,1,2
1680,376,1,2
1680,377,1,2
1680,378,1,2
1680,379,1,2
1681,295,1,2
1681,296,1,2
1681,297,1,2
1681,298,1,2
1681,299,1,2
1681,300,1,2
1681,301,1,2
1681,302,1,2
1681,303,1,2
1681,304,1,2
1681,305,1,2
1681,306,1,2
1681,307,1,2
1681,308,1,2
1681,309,1,2
1681,310,1,2
1681,311,1,2
1681,312,1,2
1681,313,1,2
1681,314,1,2
1681,315,1,2
1681,316,1,2
1681,317,1,2
1681,318,1,2
1681,319,1,2
1681,320,1,2
1681,321,1,2
1681,322,1,2
1681,323,1,2
1681,324,1,2
1681,325,1,2
1681,326,1,2
1681,327,1,2
1681,328,1,2
1681,329,1,2
1681,330,1,2
1681,331,1,2
1681,332,1,2
1681,333,1,2
1681,334,1,2
1681,335,1,2
1681,336,1,2
1681,337,1,2
1681,338,1,2
1681,339,1,2
1681,340,1,2
1681,341,1,2
1681,342,1,2
1681,343,1,2
1681,344,1,2
1681,345,1,2
1681,346,1,2
1681,347,1,2
1681,348,1,2
1681,349,1,2
1681,350,1,2
1681,351,1,2
1681,352,1,2
1681,353,1,2
1681,354,1,2
1681,355,1,2
1681,356,1,2
1681,357,1,2
1681,358,1,2
1681,359,1,2
1681,360,1,2
1681,361,1,2
1681,362,1,2
1681,363,1,2
1681,364,1,2
1681,365,1,2
1681,366,1,2
1681,367,1,2
1681,368,1,2
1681,369,1,2
1681,370,1,2
1681,371,1,2
1681,372,1,2
1681,373,1,2
1681,374,1,2
1681,375,1,2
1681,376,1,2
1681,377,1,2
1681,378,1,2
1681,379,1,2
1681,380,1,2
1681,381,1,2
1682,274,1,2
1682,287,1,2
1682,289,1,2
1682,290,1,2
1682,291,1,2
1682,292,1,2
1682,293,1,2
1682,294,1,2
1682,295,1,2
1682,296,1,2
1682,297,1,2
1682,298,1,2
1682,299,1,2
1682,300,1,2
1682,301,1,2
1682,302,1,2
1682,303,1,2
1682,304,1,2
1682,305,1,2
1682,306,1,2
1682,307,1,2
1682,308,1,2
1682,309,1,2
1682,310,1,2
1682,311,1,2
1682,312,1,2
1682,313,1,2
1682,314,1,2
1682,315,1,2
1682,316,1,2
1682,317,1,2
1682,318,1,2
1682,319,1,2
1682,320,1,2
1682,321,1,2
1682,322,1,2
1682,323,1,2
1682,324,1,2
1682,325,1,2
1682,326,1,2
1682,327,1,2
1682,328,1,2
1682,329,1,2
1682,330,1,2
1682,331,1,2
1682,332,1,2
1682,333,1,2
1682,334,1,2
1682,335,1,2
1682,336,1,2
1682,337,1,2
1682,338,1,2
1682,339,1,2
1682,340,1,2
1682,341,1,2
1682,342,1,2
1682,343,1,2
1682,344,1,2
1682,345,1,2
1682,346,1,2
1682,347,1,2
1682,348,1,2
1682,349,1,2
1682,350,1,2
1682,351,1,2
1682,352,1,2
1682,353,1,2
1682,354,1,2
1682,355,1,2
1682,356,1,2
1682,357,1,2
1682,358,1,2
1682,359,1,2
1682,360,1,2
1682,361,1,2
1682,362,1,2
1682,363,1,2
1682,364,1,2
1682,365,1,2
1682,366,1,2
1682,367,1,2
1682,368,1,2
1682,369,1,2
1682,370,1,2
1682,371,1,2
1682,372,1,2
1682,373,1,2
1682,374,1,2
1682,375,1,2
1682,376,1,2
1682,377,1,2
1682,378,1,2
1682,379,1,2
1682,380,1,2
1682,381,1,2
1682,382,1,2
1682,383,1,2
1682,384,1,2
1683,271,1,2
1683,272,1,2
1683,273,1,2
1683,274,1,2
1683,275,1,2
1683,276,1,2
1683,277,1,2
1683,278,1,2
1683,279,1,2
1683,280,1,2
1683,281,1,2
1683,282,1,2
1683,283,1,2
1683,284,1,2
1683,285,1,2
1683,286,1,2
1683,287,1,2
1683,288,1,2
1683,289,1,2
1683,290,1,2
1683,291,1,2
1683,292,1,2
1683,293,1,2
1683,294,1,2
1683,295,1,2
1683,296,1,2
1683,297,1,2
1683,298,1,2
1683,299,1,2
1683,300,1,2
1683,301,1,2
1683,302,1,2
1683,303,1,2
1683,304,1,2
1683,305,1,2
1683,306,1,2
1683,307,1,2
1683,308,1,2
1683,309,1,2
1683,310,1,2
1683,311,1,2
1683,312,1,2
1683,313,1,2
1683,314,1,2
1683,315,1,2
1683,316,1,2
1683,317,1,2
1683,318,1,2
1683,319,1,2
1683,320,1,2
1683,321,1,2
1683,322,1,2
1683,323,1,2
1683,324,1,2
1683,325,1,2
1683,326,1,2
1683,327,1,2
1683,328,1,2
1683,329,1,2
1683,330,1,2
1683,331,1,2
1683,332,1,2
1683,333,1,2
1683,334,1,2
1683,335,1,2
1683,336,1,2
1683,337,1,2
1683,338,1,2
1683,339,1,2
1683,340,1,2
1683,341,1,2
1683,342,1,2
1683,343,1,2
1683,344,1,2
1683,345,1,2
1683,346,1,2
1683,347,1,2
1683,348,1,2
1683,349,1,2
1683,350,1,2
1683,351,1,2
1683,352,1,2
1683,353,1,2
1683,354,1,2
1683,355,1,2
1683,356,1,2
1683,357,1,2
1683,358,1,2
1683,359,1,2
1683,360,1,2
1683,361,1,2
1683,362,1,2
1683,363,1,2
1683,364,1,2
1683,365,1,2
1683,366,1,2
1683,367,1,2
1683,368,1,2
1683,369,1,2
1683,370,1,2
1683,371,1,2
1683,372,1,2
1683,373,1,2
1683,374,1,2
1683,375,1,2
1683,376,1,2
1683,377,1,2
1683,378,1,2
1683,379,1,2
1683,380,1,2
1683,381,1,2
1683,382,1,2
1683,383,1,2
1683,384,1,2
1683,385,1,2
1683,386,1,2
1684,268,1,2
1684,269,1,2
1684,270,1,2
1684,271,1,2
1684,272,1,2
1684,273,1,2
1684,274,1,2
1684,275,1,2
1684,276,1,2
1684,277,1,2
1684,278,1,2
1684,279,1,2
1684,280,1,2
1684,281,1,2
1684,282,1,2
1684,283,1,2
1684,284,1,2
1684,285,1,2
1684,286,1,2
1684,287,1,2
1684,288,1,2
1684,289,1,2
1684,290,1,2
1684,291,1,2
1684,292,1,2
1684,293,1,2
1684,294,1,2
1684,295,1,2
1684,296,1,2
1684,297,1,2
1684,298,1,2
1684,299,1,2
1684,300,1,2
1684,301,1,2
1684,302,1,2
1684,303,1,2
1684,304,1,2
1684,305,1,2
1684,306,1,2
1684,307,1,2
1684,308,1,2
1684,309,1,2
1684,310,1,2
1684,311,1,2
1684,312,1,2
1684,313,1,2
1684,314,1,2
1684,315,1,2
1684,316,1,2
1684,317,1,2
1684,318,1,2
1684,319,1,2
1684,320,1,2
1684,321,1,2
1684,322,1,2
1684,323,1,2
1684,324,1,2
1684,325,1,2
1684,326,1,2
1684,327,1,2
1684,328,1,2
1684,329,1,2
1684,330,1,2
1684,331,1,2
1684,332,1,2
1684,333,1,2
1684,334,1,2
1684,335,1,2
1684,336,1,2
1684,337,1,2
1684,338,1,2
1684,339,1,2
1684,340,1,2
1684,341,1,2
1684,342,1,2
1684,343,1,2
1684,344,1,2
1684,345,1,2
1684,346,1,2
1684,347,1,2
1684,348,1,2
1684,349,1,2
1684,350,1,2
1684,351,1,2
1684,352,1,2
1684,353,1,2
1684,354,1,2
1684,355,1,2
1684,356,1,2
1684,357,1,2
1684,358,1,2
1684,359,1,2
1684,360,1,2
1684,361,1,2
1684,362,1,2
1684,363,1,2
1684,364,1,2
1684,365,1,2
1684,366,1,2
1684,367,1,2
1684,368,1,2
1684,369,1,2
1684,370,1,2
1684,371,1,2
1684,372,1,2
1684,373,1,2
1684,374,1,2
1684,375,1,2
1684,376,1,2
1684,377,1,2
1684,378,1,2
1684,379,1,2
1684,380,1,2
1684,381,1,2
1684,382,1,2
1684,383,1,2
1684,384,1,2
1684,385,1,2
1684,386,1,2
1684,387,1,2
1684,388,1,2
1684,389,1,2
1684,390,1,2
1684,391,1,2
1685,265,1,2
1685,266,1,2
1685,267,1,2
1685,268,1,2
1685,269,1,2
1685,270,1,2
1685,271,1,2
1685,272,1,2
1685,273,1,2
1685,274,1,2
1685,275,1,2
1685,276,1,2
1685,277,1,2
1685,278,1,2
1685,279,1,2
1685,280,1,2
1685,281,1,2
1685,282,1,2
1685,283,1,2
1685,284,1,2
1685,285,1,2
1685,286,1,2
1685,287,1,2
1685,288,1,2
1685,289,1,2
1685,290,1,2
1685,291,1,2
1685,292,1,2
1685,293,1,2
1685,294,1,2
1685,295,1,2
1685,296,1,2
1685,297,1,2
1685,298,1,2
1685,299,1,2
1685,300,1,2
1685,301,1,2
1685,302,1,2
1685,303,1,2
1685,304,1,2
1685,305,1,2
1685,306,1,2
1685,307,1,2
1685,308,1,2
1685,309,1,2
1685,310,1,2
1685,311,1,2
1685,312,1,2
1685,313,1,2
1685,314,1,2
1685,315,1,2
1685,316,1,2
1685,317,1,2
1685,318,1,2
1685,319,1,2
1685,320,1,2
1685,321,1,2
1685,322,1,2
1685,323,1,2
1685,324,1,2
1685,325,1,2
1685,326,1,2
1685,327,1,2
1685,328,1,2
1685,329,1,2
1685,330,1,2
1685,331,1,2
1685,332,1,2
1685,333,1,2
1685,334,1,2
1685,335,1,2
1685,336,1,2
1685,337,1,2
1685,338,1,2
1685,339,1,2
1685,340,1,2
1685,341,1,2
1685,342,1,2
1685,343,1,2
1685,344,1,2
1685,345,1,2
1685,346,1,2
1685,347,1,2
1685,348,1,2
1685,349,1,2
1685,350,1,2
1685,351,1,2
1685,352,1,2
1685,353,1,2
1685,354,1,2
1685,355,1,2
1685,356,1,2
1685,357,1,2
1685,358,1,2
1685,359,1,2
1685,360,1,2
1685,361,1,2
1685,362,1,2
1685,363,1,2
1685,364,1,2
1685,365,1,2
1685,366,1,2
1685,367,1,2
1685,368,1,2
1685,369,1,2
1685,370,1,2
1685,371,1,2
1685,372,1,2
1685,373,1,2
1685,374,1,2
1685,375,1,2
1685,376,1,2
1685,377,1,2
1685,378,1,2
1685,379,1,2
1685,380,1,2
1685,381,1,2
1685,382,1,2
1685,383,1,2
1685,384,1,2
1685,385,1,2
1685,386,1,2
1685,387,1,2
1685,388,1,2
1685,389,1,2
1685,390,1,2
1685,391,1,2
1685,392,1,2
1685,393,1,2
1685,394,1,2
1685,395,1,2
1685,400,1,2
1685,401,1,2
1686,261,1,2
1686,262,1,2
1686,263,1,2
1686,264,1,2
1686,265,1,2
1686,266,1,2
1686,267,1,2
1686,268,1,2
1686,269,1,2
1686,270,1,2
1686,271,1,2
1686,272,1,2
1686,273,1,2
1686,274,1,2
1686,275,1,2
1686,276,1,2
1686,277,1,2
1686,278,1,2
1686,279,1,2
1686,280,1,2
1686,281,1,2
1686,282,1,2
1686,283,1,2
1686,284,1,2
1686,285,1,2
1686,286,1,2
1686,287,1,2
1686,288,1,2
1686,289,1,2
1686,290,1,2
1686,291,1,2
1686,292,1,2
1686,293,1,2
1686,294,1,2
1686,295,1,2
1686,296,1,2
1686,297,1,2
1686,298,1,2
1686,299,1,2
1686,300,1,2
1686,301,1,2
1686,302,1,2
1686,303,1,2
1686,304,1,2
1686,305,1,2
1686,306,1,2
1686,307,1,2
1686,308,1,2
1686,309,1,2
1686,310,1,2
1686,311,1,2
1686,312,1,2
1686,313,1,2
1686,314,1,2
1686,315,1,2
1686,316,1,2
1686,317,1,2
1686,318,1,2
1686,319,1,2
1686,320,1,2
1686,321,1,2
1686,322,1,2
1686,323,1,2
1686,324,1,2
1686,325,1,2
1686,326,1,2
1686,327,1,2
1686,328,1,2
1686,329,1,2
1686,330,1,2
1686,331,1,2
1686,332,1,2
1686,333,1,2
1686,334,1,2
1686,335,1,2
1686,336,1,2
1686,337,1,2
1686,338,1,2
1686,339,1,2
1686,340,1,2
1686,341,1,2
1686,342,1,2
1686,343,1,2
1686,344,1,2
1686,345,1,2
1686,346,1,2
1686,347,1,2
1686,348,1,2
1686,349,1,2
1686,350,1,2
1686,351,1,2
1686,352,1,2
1686,353,1,2
1686,354,1,2
1686,355,1,2
1686,356,1,2
1686,357,1,2
1686,358,1,2
1686,359,1,2
1686,360,1,2
1686,361,1,2
1686,362,1,2
1686,363,1,2
1686,364,1,2
1686,365,1,2
1686,366,1,2
1686,367,1,2
1686,368,1,2
1686,369,1,2
1686,370,1,2
1686,371,1,2
1686,372,1,2
1686,373,1,2
1686,374,1,2
1686,375,1,2
1686,376,1,2
1686,377,1,2
1686,378,1,2
1686,379,1,2
1686,380,1,2
1686,381,1,2
1686,382,1,2
1686,383,1,2
1686,384,1,2
1686,385,1,2
1686,386,1,2
1686,387,1,2
1686,388,1,2
1686,389,1,2
1686,390,1,2
1686,391,1,2
1686,392,1,2
1686,393,1,2
1686,394,1,2
1686,395,1,2
1686,396,1,2
1686,397,1,2
1686,398,1,2
1686,399,1,2
1686,400,1,2
1686,401,1,2
1686,402,1,2
1686,403,1,2
1686,404,1,2
1686,418,1,2
1686,419,1,2
1686,420,1,2
1687,257,1,2
1687,258,1,2
1687,259,1,2
1687,260,1,2
1687,261,1,2
1687,262,1,2
1687,263,1,2
1687,264,1,2
1687,265,1,2
1687,266,1,2
1687,267,1,2
1687,268,1,2
1687,269,1,2
1687,270,1,2
1687,271,1,2
1687,272,1,2
1687,273,1,2
1687,274,1,2
1687,275,1,2
1687,276,1,2
1687,277,1,2
1687,278,1,2
1687,279,1,2
1687,280,1,2
1687,281,1,2
1687,282,1,2
1687,283,1,2
1687,284,1,2
1687,285,1,2
1687,286,1,2
1687,287,1,2
1687,288,1,2
1687,289,1,2
1687,290,1,2
1687,291,1,2
1687,292,1,2
1687,293,1,2
1687,294,1,2
1687,295,1,2
1687,296,1,2
1687,297,1,2
1687,298,1,2
1687,299,1,2
1687,300,1,2
1687,301,1,2
1687,302,1,2
1687,303,1,2
1687,304,1,2
1687,305,1,2
1687,306,1,2
1687,307,1,2
1687,308,1,2
1687,309,1,2
1687,310,1,2
1687,311,1,2
1687,312,1,2
1687,313,1,2
1687,314,1,2
1687,315,1,2
1687,316,1,2
1687,317,1,2
1687,318,1,2
1687,319,1,2
1687,320,1,2
1687,321,1,2
1687,322,1,2
1687,323,1,2
1687,324,1,2
1687,325,1,2
1687,326,1,2
1687,327,1,2
1687,328,1,2
1687,329,1,2
1687,330,1,2
1687,331,1,2
1687,332,1,2
1687,333,1,2
1687,334,1,2
1687,335,1,2
1687,336,1,2
1687,337,1,2
1687,338,1,2
1687,339,1,2
1687,340,1,2
1687,341,1,2
1687,342,1,2
1687,343,1,2
1687,344,1,2
1687,345,1,2
1687,346,1,2
1687,347,1,2
1687,348,1,2
1687,349,1,2
1687,350,1,2
1687,351,1,2
1687,352,1,2
1687,353,1,2
1687,354,1,2
1687,355,1,2
1687,356,1,2
1687,357,1,2
1687,358,1,2
1687,359,1,2
1687,360,1,2
1687,361,1,2
1687,362,1,2
1687,363,1,2
1687,364,1,2
1687,365,1,2
1687,366,1,2
1687,367,1,2
1687,368,1,2
1687,369,1,2
1687,370,1,2
1687,371,1,2
1687,372,1,2
1687,373,1,2
1687,374,1,2
1687,375,1,2
1687,376,1,2
1687,377,1,2
1687,378,1,2
1687,379,1,2
1687,380,1,2
1687,381,1,2
1687,382,1,2
1687,383,1,2
1687,384,1,2
1687,385,1,2
1687,386,1,2
1687,387,1,2
1687,388,1,2
1687,389,1,2
1687,390,1,2
1687,391,1,2
1687,392,1,2
1687,393,1,2
1687,394,1,2
1687,395,1,2
1687,396,1,2
1687,397,1,2
1687,398,1,2
1687,399,1,2
1687,400,1,2
1687,401,1,2
1687,402,1,2
1687,403,1,2
1687,404,1,2
1687,405,1,2
1687,406,1,2
1687,417,1,2
1687,418,1,2
1687,419,1,2
1687,420,1,2
1687,421,1,2
1687,422,1,2
1688,256,1,2
1688,257,1,2
1688,258,1,2
1688,259,1,2
1688,260,1,2
1688,261,1,2
1688,262,1,2
1688,263,1,2
1688,264,1,2
1688,265,1,2
1688,266,1,2
1688,267,1,2
1688,268,1,2
1688,269,1,2
1688,270,1,2
1688,271,1,2
1688,272,1,2
1688,273,1,2
1688,274,1,2
1688,275,1,2
1688,276,1,2
1688,277,1,2
1688,278,1,2
1688,279,1,2
1688,280,1,2
1688,281,1,2
1688,282,1,2
1688,283,1,2
1688,284,1,2
1688,285,1,2
1688,286,1,2
1688,287,1,2
1688,288,1,2
1688,289,1,2
1688,290,1,2
1688,291,1,2
1688,292,1,2
1688,293,1,2
1688,294,1,2
1688,295,1,2
1688,296,1,2
1688,297,1,2
1688,298,1,2
1688,299,1,2
1688,300,1,2
1688,301,1,2
1688,302,1,2
1688,303,1,2
1688,304,1,2
1688,305,1,2
1688,306,1,2
1688,307,1,2
1688,308,1,2
1688,309,1,2
1688,310,1,2
1688,311,1,2
1688,312,1,2
1688,313,1,2
1688,314,1,2
1688,315,1,2
1688,316,1,2
1688,317,1,2
1688,318,1,2
1688,319,1,2
1688,320,1,2
1688,321,1,2
1688,322,1,2
1688,323,1,2
1688,324,1,2
1688,325,1,2
1688,326,1,2
1688,327,1,2
1688,328,1,2
1688,329,1,2
1688,330,1,2
1688,331,1,2
1688,332,1,2
1688,333,1,2
1688,334,1,2
1688,335,1,2
1688,336,1,2
1688,337,1,2
1688,338,1,2
1688,339,1,2
1688,340,1,2
1688,341,1,2
1688,342,1,2
1688,343,1,2
1688,344,1,2
1688,345,1,2
1688,346,1,2
1688,347,1,2
1688,348,1,2
1688,349,1,2
1688,350,1,2
1688,351,1,2
1688,352,1,2
1688,353,1,2
1688,354,1,2
1688,355,1,2
1688,356,1,2
1688,357,1,2
1688,358,1,2
1688,359,1,2
1688,360,1,2
1688,361,1,2
1688,362,1,2
1688,363,1,2
1688,364,1,2
1688,365,1,2
1688,366,1,2
1688,367,1,2
1688,368,1,2
1688,369,1,2
1688,370,1,2
1688,371,1,2
1688,372,1,2
1688,373,1,2
1688,374,1,2
1688,375,1,2
1688,376,1,2
1688,377,1,2
1688,378,1,2
1688,379,1,2
1688,380,1,2
1688,381,1,2
1688,382,1,2
1688,383,1,2
1688,384,1,2
1688,385,1,2
1688,386,1,2
1688,387,1,2
1688,388,1,2
1688,389,1,2
1688,390,1,2
1688,391,1,2
1688,392,1,2
1688,393,1,2
1688,394,1,2
1688,395,1,2
1688,396,1,2
1688,397,1,2
1688,398,1,2
1688,399,1,2
1688,400,1,2
1688,401,1,2
1688,402,1,2
1688,403,1,2
1688,404,1,2
1688,405,1,2
1688,406,1,2
1688,407,1,2
1688,408,1,2
1688,409,1,2
1688,410,1,2
1688,411,1,2
1688,412,1,2
1688,413,1,2
1688,414,1,2
1688,415,1,2
1688,416,1,2
1688,417,1,2
1688,418,1,2
1688,419,1,2
1688,420,1,2
1688,421,1,2
1688,422,1,2
1688,423,1,2
1689,251,1,2
1689,252,1,2
1689,253,1,2
1689,254,1,2
1689,255,1,2
1689,256,1,2
1689,257,1,2
1689,258,1,2
1689,259,1,2
1689,260,1,2
1689,261,1,2
1689,262,1,2
1689,263,1,2
1689,264,1,2
1689,265,1,2
1689,266,1,2
1689,267,1,2
1689,268,1,2
1689,269,1,2
1689,270,1,2
1689,271,1,2
1689,272,1,2
1689,273,1,2
1689,274,1,2
1689,275,1,2
1689,276,1,2
1689,277,1,2
1689,278,1,2
1689,279,1,2
1689,280,1,2
1689,281,1,2
1689,282,1,2
1689,283,1,2
1689,284,1,2
1689,285,1,2
1689,286,1,2
1689,287,1,2
1689,288,1,2
1689,289,1,2
1689,290,1,2
1689,291,1,2
1689,292,1,2
1689,293,1,2
1689,294,1,2
1689,295,1,2
1689,296,1,2
1689,297,1,2
1689,298,1,2
1689,299,1,2
1689,300,1,2
1689,301,1,2
1689,302,1,2
1689,303,1,2
1689,304,1,2
1689,305,1,2
1689,306,1,2
1689,307,1,2
1689,308,1,2
1689,309,1,2
1689,310,1,2
1689,311,1,2
1689,312,1,2
1689,313,1,2
1689,314,1,2
1689,315,1,2
1689,316,1,2
1689,317,1,2
1689,318,1,2
1689,319,1,2
1689,320,1,2
1689,321,1,2
1689,322,1,2
1689,323,1,2
1689,324,1,2
1689,325,1,2
1689,326,1,2
1689,327,1,2
1689,328,1,2
1689,329,1,2
1689,330,1,2
1689,331,1,2
1689,332,1,2
1689,333,1,2
1689,334,1,2
1689,335,1,2
1689,336,1,2
1689,337,1,2
1689,338,1,2
1689,339,1,2
1689,340,1,2
1689,341,1,2
1689,342,1,2
1689,343,1,2
1689,344,1,2
1689,345,1,2
1689,346,1,2
1689,347,1,2
1689,348,1,2
1689,349,1,2
1689,350,1,2
1689,351,1,2
1689,352,1,2
1689,353,1,2
1689,354,1,2
1689,355,1,2
1689,356,1,2
1689,357,1,2
1689,358,1,2
1689,359,1,2
1689,360,1,2
1689,361,1,2
1689,362,1,2
1689,363,1,2
1689,364,1,2
1689,365,1,2
1689,366,1,2
1689,367,1,2
1689,368,1,2
1689,369,1,2
1689,370,1,2
1689,371,1,2
1689,372,1,2
1689,373,1,2
1689,374,1,2
1689,375,1,2
1689,376,1,2
1689,377,1,2
1689,378,1,2
1689,379,1,2
1689,380,1,2
1689,381,1,2
1689,382,1,2
1689,383,1,2
1689,384,1,2
1689,385,1,2
1689,386,1,2
1689,387,1,2
1689,388,1,2
1689,389,1,2
1689,390,1,2
1689,391,1,2
1689,392,1,2
1689,393,1,2
1689,394,1,2
1689,395,1,2
1689,396,1,2
1689,397,1,2
1689,398,1,2
1689,399,1,2
1689,400,1,2
1689,401,1,2
1689,402,1,2
1689,403,1,2
1689,404,1,2
1689,405,1,2
1689,406,1,2
1689,407,1,2
1689,408,1,2
1689,409,1,2
1689,410,1,2
1689,411,1,2
1689,412,1,2
1689,413,1,2
1689,414,1,2
1689,415,1,2
1689,416,1,2
1689,417,1,2
1689,418,1,2
1689,419,1,2
1689,420,1,2
1689,421,1,2
1689,422,1,2
1689,423,1,2
1690,249,1,2
1690,250,1,2
1690,251,1,2
1690,252,1,2
1690,253,1,2
1690,254,1,2
1690,255,1,2
1690,256,1,2
1690,257,1,2
1690,258,1,2
1690,259,1,2
1690,260,1,2
1690,261,1,2
1690,262,1,2
1690,263,1,2
1690,264,1,2
1690,265,1,2
1690,266,1,2
1690,267,1,2
1690,268,1,2
1690,269,1,2
1690,270,1,2
1690,271,1,2
1690,272,1,2
1690,273,1,2
1690,274,1,2
1690,275,1,2
1690,276,1,2
1690,277,1,2
1690,278,1,2
1690,279,1,2
1690,280,1,2
1690,281,1,2
1690,282,1,2
1690,283,1,2
1690,284,1,2
1690,285,1,2
1690,286,1,2
1690,287,1,2
1690,288,1,2
1690,289,1,2
1690,290,1,2
1690,291,1,2
1690,292,1,2
1690,293,1,2
1690,294,1,2
1690,295,1,2
1690,296,1,2
1690,297,1,2
1690,298,1,2
1690,299,1,2
1690,300,1,2
1690,301,1,2
1690,302,1,2
1690,303,1,2
1690,304,1,2
1690,305,1,2
1690,306,1,2
1690,307,1,2
1690,308,1,2
1690,309,1,2
1690,310,1,2
1690,311,1,2
1690,312,1,2
1690,313,1,2
1690,314,1,2
1690,315,1,2
1690,316,1,2
1690,317,1,2
1690,318,1,2
1690,319,1,2
1690,320,1,2
1690,321,1,2
1690,322,1,2
1690,323,1,2
1690,324,1,2
1690,325,1,2
1690,326,1,2
1690,327,1,2
1690,328,1,2
1690,329,1,2
1690,330,1,2
1690,331,1,2
1690,332,1,2
1690,333,1,2
1690,334,1,2
1690,335,1,2
1690,336,1,2
1690,337,1,2
1690,338,1,2
1690,339,1,2
1690,340,1,2
1690,341,1,2
1690,342,1,2
1690,343,1,2
1690,344,1,2
1690,345,1,2
1690,346,1,2
1690,347,1,2
1690,348,1,2
1690,349,1,2
1690,350,1,2
1690,351,1,2
1690,352,1,2
1690,353,1,2
1690,354,1,2
1690,355,1,2
1690,356,1,2
1690,357,1,2
1690,358,1,2
1690,359,1,2
1690,360,1,2
1690,361,1,2
1690,362,1,2
1690,363,1,2
1690,364,1,2
1690,365,1,2
1690,366,1,2
1690,367,1,2
1690,368,1,2
1690,369,1,2
1690,370,1,2
1690,371,1,2
1690,372,1,2
1690,373,1,2
1690,374,1,2
1690,375,1,2
1690,376,1,2
1690,377,1,2
1690,378,1,2
1690,379,1,2
1690,380,1,2
1690,381,1,2
1690,382,1,2
1690,383,1,2
1690,384,1,2
1690,385,1,2
1690,386,1,2
1690,387,1,2
1690,388,1,2
1690,389,1,2
1690,390,1,2
1690,391,1,2
1690,392,1,2
1690,393,1,2
1690,394,1,2
1690,395,1,2
1690,396,1,2
1690,397,1,2
1690,398,1,2
1690,399,1,2
1690,400,1,2
1690,401,1,2
1690,402,1,2
1690,403,1,2
1690,404,1,2
1690,405,1,2
1690,406,1,2
1690,407,1,2
1690,408,1,2
1690,409,1,2
1690,410,1,2
1690,411,1,2
1690,412,1,2
1690,413,1,2
1690,414,1,2
1690,415,1,2
1690,416,1,2
1690,417,1,2
1690,418,1,2
1690,419,1,2
1690,420,1,2
1690,421,1,2
1690,422,1,2
1690,423,1,2
1690,424,1,2
1690,425,1,2
1690,434,1,2
1690,435,1,2
1690,436,1,2
1691,247,1,2
1691,248,1,2
1691,249,1,2
1691,250,1,2
1691,251,1,2
1691,252,1,2
1691,253,1,2
1691,254,1,2
1691,255,1,2
1691,256,1,2
1691,257,1,2
1691,258,1,2
1691,259,1,2
1691,260,1,2
1691,261,1,2
1691,262,1,2
1691,263,1,2
1691,264,1,2
1691,265,1,2
1691,266,1,2
1691,267,1,2
1691,268,1,2
1691,269,1,2
1691,270,1,2
1691,271,1,2
1691,272,1,2
1691,273,1,2
1691,274,1,2
1691,275,1,2
1691,276,1,2
1691,277,1,2
1691,278,1,2
1691,279,1,2
1691,280,1,2
1691,281,1,2
1691,282,1,2
1691,283,1,2
1691,284,1,2
1691,285,1,2
1691,286,1,2
1691,287,1,2
1691,288,1,2
1691,289,1,2
1691,290,1,2
1691,291,1,2
1691,292,1,2
1691,293,1,2
1691,294,1,2
1691,295,1,2
1691,296,1,2
1691,297,1,2
1691,298,1,2
1691,299,1,2
1691,300,1,2
1691,301,1,2
1691,302,1,2
1691,303,1,2
1691,304,1,2
1691,305,1,2
1691,306,1,2
1691,307,1,2
1691,308,1,2
1691,309,1,2
1691,310,1,2
1691,311,1,2
1691,312,1,2
1691,313,1,2
1691,314,1,2
1691,315,1,2
1691,316,1,2
1691,317,1,2
1691,318,1,2
1691,319,1,2
1691,320,1,2
1691,321,1,2
1691,322,1,2
1691,323,1,2
1691,324,1,2
1691,325,1,2
1691,326,1,2
1691,327,1,2
1691,328,1,2
1691,329,1,2
1691,330,1,2
1691,331,1,2
1691,332,1,2
1691,333,1,2
1691,334,1,2
1691,335,1,2
1691,336,1,2
1691,337,1,2
1691,338,1,2
1691,339,1,2
1691,340,1,2
1691,341,1,2
1691,342,1,2
1691,343,1,2
1691,344,1,2
1691,345,1,2
1691,346,1,2
1691,347,1,2
1691,348,1,2
1691,349,1,2
1691,350,1,2
1691,351,1,2
1691,352,1,2
1691,353,1,2
1691,354,1,2
1691,355,1,2
1691,356,1,2
1691,357,1,2
1691,358,1,2
1691,359,1,2
1691,360,1,2
1691,361,1,2
1691,362,1,2
1691,363,1,2
1691,364,1,2
1691,365,1,2
1691,366,1,2
1691,367,1,2
1691,368,1,2
1691,369,1,2
1691,370,1,2
1691,371,1,2
1691,372,1,2
1691,373,1,2
1691,374,1,2
1691,375,1,2
1691,376,1,2
1691,377,1,2
1691,378,1,2
1691,379,1,2
1691,380,1,2
1691,381,1,2
1691,382,1,2
1691,383,1,2
1691,384,1,2
1691,385,1,2
1691,386,1,2
1691,387,1,2
1691,388,1,2
1691,389,1,2
1691,390,1,2
1691,391,1,2
1691,392,1,2
1691,393,1,2
1691,394,1,2
1691,395,1,2
1691,396,1,2
1691,397,1,2
1691,398,1,2
1691,399,1,2
1691,400,1,2
1691,401,1,2
1691,402,1,2
1691,403,1,2
1691,404,1,2
1691,405,1,2
1691,406,1,2
1691,407,1,2
1691,408,1,2
1691,409,1,2
1691,410,1,2
1691,411,1,2
1691,412,1,2
1691,413,1,2
1691,414,1,2
1691,415,1,2
1691,416,1,2
1691,417,1,2
1691,418,1,2
1691,419,1,2
1691,420,1,2
1691,421,1,2
1691,422,1,2
1691,423,1,2
1691,424,1,2
1691,425,1,2
1691,426,1,2
1691,427,1,2
1691,428,1,2
1691,433,1,2
1691,434,1,2
1691,435,1,2
1691,436,1,2
1691,437,1,2
1691,438,1,2
1691,439,1,2
1691,440,1,2
1691,441,1,2
1692,244,1,2
1692,245,1,2
1692,246,1,2
1692,247,1,2
1692,248,1,2
1692,249,1,2
1692,250,1,2
1692,251,1,2
1692,252,1,2
1692,253,1,2
1692,254,1,2
1692,255,1,2
1692,256,1,2
1692,257,1,2
1692,258,1,2
1692,259,1,2
1692,260,1,2
1692,261,1,2
1692,262,1,2
1692,263,1,2
1692,264,1,2
1692,265,1,2
1692,266,1,2
1692,267,1,2
1692,268,1,2
1692,269,1,2
1692,270,1,2
1692,271,1,2
1692,272,1,2
1692,273,1,2
1692,274,1,2
1692,275,1,2
1692,276,1,2
1692,277,1,2
1692,278,1,2
1692,279,1,2
1692,280,1,2
1692,281,1,2
1692,282,1,2
1692,283,1,2
1692,284,1,2
1692,285,1,2
1692,286,1,2
1692,287,1,2
1692,288,1,2
1692,289,1,2
1692,290,1,2
1692,291,1,2
1692,292,1,2
1692,293,1,2
1692,294,1,2
1692,295,1,2
1692,296,1,2
1692,297,1,2
1692,298,1,2
1692,299,1,2
1692,300,1,2
1692,301,1,2
1692,302,1,2
1692,303,1,2
1692,304,1,2
1692,305,1,2
1692,306,1,2
1692,307,1,2
1692,308,1,2
1692,309,1,2
1692,310,1,2
1692,311,1,2
1692,312,1,2
1692,313,1,2
1692,314,1,2
1692,315,1,2
1692,316,1,2
1692,317,1,2
1692,318,1,2
1692,319,1,2
1692,320,1,2
1692,321,1,2
1692,322,1,2
1692,323,1,2
1692,324,1,2
1692,325,1,2
1692,326,1,2
1692,327,1,2
1692,328,1,2
1692,329,1,2
1692,330,1,2
1692,331,1,2
1692,332,1,2
1692,333,1,2
1692,334,1,2
1692,335,1,2
1692,336,1,2
1692,337,1,2
1692,338,1,2
1692,339,1,2
1692,340,1,2
1692,341,1,2
1692,342,1,2
1692,343,1,2
1692,344,1,2
1692,345,1,2
1692,346,1,2
1692,347,1,2
1692,348,1,2
1692,349,1,2
1692,350,1,2
1692,351,1,2
1692,352,1,2
1692,353,1,2
1692,354,1,2
1692,355,1,2
1692,356,1,2
1692,357,1,2
1692,358,1,2
1692,359,1,2
1692,360,1,2
1692,361,1,2
1692,362,1,2
1692,363,1,2
1692,364,1,2
1692,365,1,2
1692,366,1,2
1692,367,1,2
1692,368,1,2
1692,369,1,2
1692,370,1,2
1692,371,1,2
1692,372,1,2
1692,373,1,2
1692,374,1,2
1692,375,1,2
1692,376,1,2
1692,377,1,2
1692,378,1,2
1692,379,1,2
1692,380,1,2
1692,381,1,2
1692,382,1,2
1692,383,1,2
1692,384,1,2
1692,385,1,2
1692,386,1,2
1692,387,1,2
1692,388,1,2
1692,389,1,2
1692,390,1,2
1692,391,1,2
1692,392,1,2
1692,393,1,2
1692,394,1,2
1692,395,1,2
1692,396,1,2
1692,397,1,2
1692,398,1,2
1692,399,1,2
1692,400,1,2
1692,401,1,2
1692,402,1,2
1692,403,1,2
1692,404,1,2
1692,405,1,2
1692,406,1,2
1692,407,1,2
1692,408,1,2
1692,409,1,2
1692,410,1,2
1692,411,1,2
1692,412,1,2
1692,413,1,2
1692,414,1,2
1692,415,1,2
1692,416,1,2
1692,417,1,2
1692,418,1,2
1692,419,1,2
1692,420,1,2
1692,421,1,2
1692,422,1,2
1692,423,1,2
1692,424,1,2
1692,425,1,2
1692,426,1,2
1692,427,1,2
1692,428,1,2
1692,429,1,2
1692,430,1,2
1692,431,1,2
1692,432,1,2
1692,433,1,2
1692,434,1,2
1692,435,1,2
1692,436,1,2
1692,437,1,2
1692,438,1,2
1692,439,1,2
1692,440,1,2
1692,441,1,2
1692,442,1,2
1692,443,1,2
1692,444,1,2
1692,445,1,2
1693,241,1,2
1693,242,1,2
1693,243,1,2
1693,244,1,2
1693,245,1,2
1693,246,1,2
1693,247,1,2
1693,248,1,2
1693,249,1,2
1693,250,1,2
1693,251,1,2
1693,252,1,2
1693,253,1,2
1693,254,1,2
1693,255,1,2
1693,256,1,2
1693,257,1,2
1693,258,1,2
1693,259,1,2
1693,260,1,2
1693,261,1,2
1693,262,1,2
1693,263,1,2
1693,264,1,2
1693,265,1,2
1693,266,1,2
1693,267,1,2
1693,268,1,2
1693,269,1,2
1693,270,1,2
1693,271,1,2
1693,272,1,2
1693,273,1,2
1693,274,1,2
1693,275,1,2
1693,276,1,2
1693,277,1,2
1693,278,1,2
1693,279,1,2
1693,280,1,2
1693,281,1,2
1693,282,1,2
1693,283,1,2
1693,284,1,2
1693,285,1,2
1693,286,1,2
1693,287,1,2
1693,288,1,2
1693,289,1,2
1693,290,1,2
1693,291,1,2
1693,292,1,2
1693,293,1,2
1693,294,1,2
1693,295,1,2
1693,296,1,2
1693,297,1,2
1693,298,1,2
1693,299,1,2
1693,300,1,2
1693,301,1,2
1693,302,1,2
1693,303,1,2
1693,304,1,2
1693,305,1,2
1693,306,1,2
1693,307,1,2
1693,308,1,2
1693,309,1,2
1693,310,1,2
1693,311,1,2
1693,312,1,2
1693,313,1,2
1693,314,1,2
1693,315,1,2
1693,316,1,2
1693,317,1,2
1693,318,1,2
1693,319,1,2
1693,320,1,2
1693,321,1,2
1693,322,1,2
1693,323,1,2
1693,324,1,2
1693,325,1,2
1693,326,1,2
1693,327,1,2
1693,328,1,2
1693,329,1,2
1693,330,1,2
1693,331,1,2
1693,332,1,2
1693,333,1,2
1693,334,1,2
1693,335,1,2
1693,336,1,2
1693,337,1,2
1693,338,1,2
1693,339,1,2
1693,340,1,2
1693,341,1,2
1693,342,1,2
1693,343,1,2
1693,344,1,2
1693,345,1,2
1693,346,1,2
1693,347,1,2
1693,348,1,2
1693,349,1,2
1693,350,1,2
1693,351,1,2
1693,352,1,2
1693,353,1,2
1693,354,1,2
1693,355,1,2
1693,356,1,2
1693,357,1,2
1693,358,1,2
1693,359,1,2
1693,360,1,2
1693,361,1,2
1693,362,1,2
1693,363,1,2
1693,364,1,2
1693,365,1,2
1693,366,1,2
1693,367,1,2
1693,368,1,2
1693,369,1,2
1693,370,1,2
1693,371,1,2
1693,372,1,2
1693,373,1,2
1693,374,1,2
1693,375,1,2
1693,376,1,2
1693,377,1,2
1693,378,1,2
1693,379,1,2
1693,380,1,2
1693,381,1,2
1693,382,1,2
1693,383,1,2
1693,384,1,2
1693,385,1,2
1693,386,1,2
1693,387,1,2
1693,388,1,2
1693,389,1,2
1693,390,1,2
1693,391,1,2
1693,392,1,2
1693,393,1,2
1693,394,1,2
1693,395,1,2
1693,396,1,2
1693,397,1,2
1693,398,1,2
1693,399,1,2
1693,400,1,2
1693,401,1,2
1693,402,1,2
1693,403,1,2
1693,404,1,2
1693,405,1,2
1693,406,1,2
1693,407,1,2
1693,408,1,2
1693,409,1,2
1693,410,1,2
1693,411,1,2
1693,412,1,2
1693,413,1,2
1693,414,1,2
1693,415,1,2
1693,416,1,2
1693,417,1,2
1693,418,1,2
1693,419,1,2
1693,420,1,2
1693,421,1,2
1693,422,1,2
1693,423,1,2
1693,424,1,2
1693,425,1,2
1693,426,1,2
1693,427,1,2
1693,428,1,2
1693,429,1,2
1693,430,1,2
1693,431,1,2
1693,432,1,2
1693,433,1,2
1693,434,1,2
1693,435,1,2
1693,436,1,2
1693,437,1,2
1693,438,1,2
1693,439,1,2
1693,440,1,2
1693,441,1,2
1693,442,1,2
1693,443,1,2
1693,444,1,2
1693,445,1,2
1693,446,1,2
1693,447,1,2
1694,241,1,2
1694,242,1,2
1694,243,1,2
1694,244,1,2
1694,245,1,2
1694,246,1,2
1694,247,1,2
1694,248,1,2
1694,249,1,2
1694,250,1,2
1694,251,1,2
1694,252,1,2
1694,253,1,2
1694,254,1,2
1694,255,1,2
1694,256,1,2
1694,257,1,2
1694,258,1,2
1694,259,1,2
1694,260,1,2
1694,261,1,2
1694,262,1,2
1694,263,1,2
1694,264,1,2
1694,265,1,2
1694,266,1,2
1694,267,1,2
1694,268,1,2
1694,269,1,2
1694,270,1,2
1694,271,1,2
1694,272,1,2
1694,273,1,2
1694,274,1,2
1694,275,1,2
1694,276,1,2
1694,277,1,2
1694,278,1,2
1694,279,1,2
1694,280,1,2
1694,281,1,2
1694,282,1,2
1694,283,1,2
1694,284,1,2
1694,285,1,2
1694,286,1,2
1694,287,1,2
1694,288,1,2
1694,289,1,2
1694,290,1,2
1694,291,1,2
1694,292,1,2
1694,293,1,2
1694,294,1,2
1694,295,1,2
1694,296,1,2
1694,297,1,2
1694,298,1,2
1694,299,1,2
1694,300,1,2
1694,301,1,2
1694,302,1,2
1694,303,1,2
1694,304,1,2
1694,305,1,2
1694,306,1,2
1694,307,1,2
1694,308,1,2
1694,309,1,2
1694,310,1,2
1694,311,1,2
1694,312,1,2
1694,313,1,2
1694,314,1,2
1694,315,1,2
1694,316,1,2
1694,317,1,2
1694,318,1,2
1694,319,1,2
1694,320,1,2
1694,321,1,2
1694,322,1,2
1694,323,1,2
1694,324,1,2
1694,325,1,2
1694,326,1,2
1694,327,1,2
1694,328,1,2
1694,329,1,2
1694,330,1,2
1694,331,1,2
1694,332,1,2
1694,333,1,2
1694,334,1,2
1694,335,1,2
1694,336,1,2
1694,337,1,2
1694,338,1,2
1694,339,1,2
1694,340,1,2
1694,341,1,2
1694,342,1,2
1694,343,1,2
1694,344,1,2
1694,345,1,2
1694,346,1,2
1694,347,1,2
1694,348,1,2
1694,349,1,2
1694,350,1,2
1694,351,1,2
1694,352,1,2
1694,353,1,2
1694,354,1,2
1694,355,1,2
1694,356,1,2
1694,357,1,2
1694,358,1,2
1694,359,1,2
1694,360,1,2
1694,361,1,2
1694,362,1,2
1694,363,1,2
1694,364,1,2
1694,365,1,2
1694,366,1,2
1694,367,1,2
1694,368,1,2
1694,369,1,2
1694,370,1,2
1694,371,1,2
1694,372,1,2
1694,373,1,2
1694,374,1,2
1694,375,1,2
1694,376,1,2
1694,377,1,2
1694,378,1,2
1694,379,1,2
1694,380,1,2
1694,381,1,2
1694,382,1,2
1694,383,1,2
1694,384,1,2
1694,385,1,2
1694,386,1,2
1694,387,1,2
1694,388,1,2
1694,389,1,2
1694,390,1,2
1694,391,1,2
1694,392,1,2
1694,393,1,2
1694,394,1,2
1694,395,1,2
1694,396,1,2
1694,397,1,2
1694,398,1,2
1694,399,1,2
1694,400,1,2
1694,401,1,2
1694,402,1,2
1694,403,1,2
1694,404,1,2
1694,405,1,2
1694,406,1,2
1694,407,1,2
1694,408,1,2
1694,409,1,2
1694,410,1,2
1694,411,1,2
1694,412,1,2
1694,413,1,2
1694,414,1,2
1694,415,1,2
1694,416,1,2
1694,417,1,2
1694,418,1,2
1694,419,1,2
1694,420,1,2
1694,421,1,2
1694,422,1,2
1694,423,1,2
1694,424,1,2
1694,425,1,2
1694,426,1,2
1694,427,1,2
1694,428,1,2
1694,429,1,2
1694,430,1,2
1694,431,1,2
1694,432,1,2
1694,433,1,2
1694,434,1,2
1694,435,1,2
1694,436,1,2
1694,437,1,2
1694,438,1,2
1694,439,1,2
1694,440,1,2
1694,441,1,2
1694,442,1,2
1694,443,1,2
1694,444,1,2
1694,445,1,2
1694,446,1,2
1694,447,1,2
1694,448,1,2
1695,240,1,2
1695,241,1,2
1695,242,1,2
1695,243,1,2
1695,244,1,2
1695,245,1,2
1695,246,1,2
1695,247,1,2
1695,248,1,2
1695,249,1,2
1695,250,1,2
1695,251,1,2
1695,252,1,2
1695,253,1,2
1695,254,1,2
1695,255,1,2
1695,256,1,2
1695,257,1,2
1695,258,1,2
1695,259,1,2
1695,260,1,2
1695,261,1,2
1695,262,1,2
1695,263,1,2
1695,264,1,2
1695,265,1,2
1695,266,1,2
1695,267,1,2
1695,268,1,2
1695,269,1,2
1695,270,1,2
1695,271,1,2
1695,272,1,2
1695,273,1,2
1695,274,1,2
1695,275,1,2
1695,276,1,2
1695,277,1,2
1695,278,1,2
1695,279,1,2
1695,280,1,2
1695,281,1,2
1695,282,1,2
1695,283,1,2
1695,284,1,2
1695,285,1,2
1695,286,1,2
1695,287,1,2
1695,288,1,2
1695,289,1,2
1695,290,1,2
1695,291,1,2
1695,292,1,2
1695,293,1,2
1695,294,1,2
1695,295,1,2
1695,296,1,2
1695,297,1,2
1695,298,1,2
1695,299,1,2
1695,300,1,2
1695,301,1,2
1695,302,1,2
1695,303,1,2
1695,304,1,2
1695,305,1,2
1695,306,1,2
1695,307,1,2
1695,308,1,2
1695,309,1,2
1695,310,1,2
1695,311,1,2
1695,312,1,2
1695,313,1,2
1695,314,1,2
1695,315,1,2
1695,316,1,2
1695,317,1,2
1695,318,1,2
1695,319,1,2
1695,320,1,2
1695,321,1,2
1695,322,1,2
1695,323,1,2
1695,324,1,2
1695,325,1,2
1695,326,1,2
1695,327,1,2
1695,328,1,2
1695,329,1,2
1695,330,1,2
1695,331,1,2
1695,332,1,2
1695,333,1,2
1695,334,1,2
1695,335,1,2
1695,336,1,2
1695,337,1,2
1695,338,1,2
1695,339,1,2
1695,340,1,2
1695,341,1,2
1695,342,1,2
1695,343,1,2
1695,344,1,2
1695,345,1,2
1695,346,1,2
1695,347,1,2
1695,348,1,2
1695,349,1,2
1695,350,1,2
1695,351,1,2
1695,352,1,2
1695,353,1,2
1695,354,1,2
1695,355,1,2
1695,356,1,2
1695,357,1,2
1695,358,1,2
1695,359,1,2
1695,360,1,2
1695,361,1,2
1695,362,1,2
1695,363,1,2
1695,364,1,2
1695,365,1,2
1695,366,1,2
1695,367,1,2
1695,368,1,2
1695,369,1,2
1695,370,1,2
1695,371,1,2
1695,372,1,2
1695,373,1,2
1695,374,1,2
1695,375,1,2
1695,376,1,2
1695,377,1,2
1695,378,1,2
1695,379,1,2
1695,380,1,2
1695,381,1,2
1695,382,1,2
1695,383,1,2
1695,384,1,2
1695,385,1,2
1695,386,1,2
1695,387,1,2
1695,388,1,2
1695,389,1,2
1695,390,1,2
1695,391,1,2
1695,392,1,2
1695,393,1,2
1695,394,1,2
1695,395,1,2
1695,396,1,2
1695,397,1,2
1695,398,1,2
1695,399,1,2
1695,400,1,2
1695,401,1,2
1695,402,1,2
1695,403,1,2
1695,404,1,2
1695,405,1,2
1695,406,1,2
1695,407,1,2
1695,408,1,2
1695,409,1,2
1695,410,1,2
1695,411,1,2
1695,412,1,2
1695,413,1,2
1695,414,1,2
1695,415,1,2
1695,416,1,2
1695,417,1,2
1695,418,1,2
1695,419,1,2
1695,420,1,2
1695,421,1,2
1695,422,1,2
1695,423,1,2
1695,424,1,2
1695,425,1,2
1695,426,1,2
1695,427,1,2
1695,428,1,2
1695,429,1,2
1695,430,1,2
1695,431,1,2
1695,432,1,2
1695,433,1,2
1695,434,1,2
1695,435,1,2
1695,436,1,2
1695,437,1,2
1695,438,1,2
1695,439,1,2
1695,440,1,2
1695,441,1,2
1695,442,1,2
1695,443,1,2
1695,444,1,2
1695,445,1,2
1695,446,1,2
1695,447,1,2
1695,448,1,2
1696,238,1,2
1696,239,1,2
1696,240,1,2
1696,241,1,2
1696,242,1,2
1696,243,1,2
1696,244,1,2
1696,245,1,2
1696,246,1,2
1696,247,1,2
1696,248,1,2
1696,249,1,2
1696,250,1,2
1696,251,1,2
1696,252,1,2
1696,253,1,2
1696,254,1,2
1696,255,1,2
1696,256,1,2
1696,257,1,2
1696,258,1,2
1696,259,1,2
1696,260,1,2
1696,261,1,2
1696,262,1,2
1696,263,1,2
1696,264,1,2
1696,265,1,2
1696,266,1,2
1696,267,1,2
1696,268,1,2
1696,269,1,2
1696,270,1,2
1696,271,1,2
1696,272,1,2
1696,273,1,2
1696,274,1,2
1696,275,1,2
1696,276,1,2
1696,277,1,2
1696,278,1,2
1696,279,1,2
1696,280,1,2
1696,281,1,2
1696,282,1,2
1696,283,1,2
1696,284,1,2
1696,285,1,2
1696,286,1,2
1696,287,1,2
1696,288,1,2
1696,289,1,2
1696,290,1,2
1696,291,1,2
1696,292,1,2
1696,293,1,2
1696,294,1,2
1696,295,1,2
1696,296,1,2
1696,297,1,2
1696,298,1,2
1696,299,1,2
1696,300,1,2
1696,301,1,2
1696,302,1,2
1696,303,1,2
1696,304,1,2
1696,305,1,2
1696,306,1,2
1696,307,1,2
1696,308,1,2
1696,309,1,2
1696,310,1,2
1696,311,1,2
1696,312,1,2
1696,313,1,2
1696,314,1,2
1696,315,1,2
1696,316,1,2
1696,317,1,2
1696,318,1,2
1696,319,1,2
1696,320,1,2
1696,321,1,2
1696,322,1,2
1696,323,1,2
1696,324,1,2
1696,325,1,2
1696,326,1,2
1696,327,1,2
1696,328,1,2
1696,329,1,2
1696,330,1,2
1696,331,1,2
1696,332,1,2
1696,333,1,2
1696,334,1,2
1696,335,1,2
1696,336,1,2
1696,337,1,2
1696,338,1,2
1696,339,1,2
1696,340,1,2
1696,341,1,2
1696,342,1,2
1696,343,1,2
1696,344,1,2
1696,345,1,2
1696,346,1,2
1696,347,1,2
1696,348,1,2
1696,349,1,2
1696,350,1,2
1696,351,1,2
1696,352,1,2
1696,353,1,2
1696,354,1,2
1696,355,1,2
1696,356,1,2
1696,357,1,2
1696,358,1,2
1696,359,1,2
1696,360,1,2
1696,361,1,2
1696,362,1,2
1696,363,1,2
1696,364,1,2
1696,365,1,2
1696,366,1,2
1696,367,1,2
1696,368,1,2
1696,369,1,2
1696,370,1,2
1696,371,1,2
1696,372,1,2
1696,373,1,2
1696,374,1,2
1696,375,1,2
1696,376,1,2
1696,377,1,2
1696,378,1,2
1696,379,1,2
1696,380,1,2
1696,381,1,2
1696,382,1,2
1696,383,1,2
1696,384,1,2
1696,385,1,2
1696,386,1,2
1696,387,1,2
1696,388,1,2
1696,389,1,2
1696,390,1,2
1696,391,1,2
1696,392,1,2
1696,393,1,2
1696,394,1,2
1696,395,1,2
1696,396,1,2
1696,397,1,2
1696,398,1,2
1696,399,1,2
1696,400,1,2
1696,401,1,2
1696,402,1,2
1696,403,1,2
1696,404,1,2
1696,405,1,2
1696,406,1,2
1696,407,1,2
1696,408,1,2
1696,409,1,2
1696,410,1,2
1696,411,1,2
1696,412,1,2
1696,413,1,2
1696,414,1,2
1696,415,1,2
1696,416,1,2
1696,417,1,2
1696,418,1,2
1696,419,1,2
1696,420,1,2
1696,421,1,2
1696,422,1,2
1696,423,1,2
1696,424,1,2
1696,425,1,2
1696,426,1,2
1696,427,1,2
1696,428,1,2
1696,429,1,2
1696,430,1,2
1696,431,1,2
1696,432,1,2
1696,433,1,2
1696,434,1,2
1696,435,1,2
1696,436,1,2
1696,437,1,2
1696,438,1,2
1696,439,1,2
1696,440,1,2
1696,441,1,2
1696,442,1,2
1696,443,1,2
1696,444,1,2
1696,445,1,2
1696,446,1,2
1696,447,1,2
1696,448,1,2
1696,449,1,2
1696,450,1,2
1696,451,1,2
1697,235,1,2
1697,236,1,2
1697,237,1,2
1697,238,1,2
1697,239,1,2
1697,240,1,2
1697,241,1,2
1697,242,1,2
1697,243,1,2
1697,244,1,2
1697,245,1,2
1697,246,1,2
1697,247,1,2
1697,248,1,2
1697,249,1,2
1697,250,1,2
1697,251,1,2
1697,252,1,2
1697,253,1,2
1697,254,1,2
1697,255,1,2
1697,256,1,2
1697,257,1,2
1697,258,1,2
1697,259,1,2
1697,260,1,2
1697,261,1,2
1697,262,1,2
1697,263,1,2
1697,264,1,2
1697,265,1,2
1697,266,1,2
1697,267,1,2
1697,268,1,2
1697,269,1,2
1697,270,1,2
1697,271,1,2
1697,272,1,2
1697,273,1,2
1697,274,1,2
1697,275,1,2
1697,276,1,2
1697,277,1,2
1697,278,1,2
1697,279,1,2
1697,280,1,2
1697,281,1,2
1697,282,1,2
1697,283,1,2
1697,284,1,2
1697,285,1,2
1697,286,1,2
1697,287,1,2
1697,288,1,2
1697,289,1,2
1697,290,1,2
1697,291,1,2
1697,292,1,2
1697,293,1,2
1697,294,1,2
1697,295,1,2
1697,296,1,2
1697,297,1,2
1697,298,1,2
1697,299,1,2
1697,300,1,2
1697,301,1,2
1697,302,1,2
1697,303,1,2
1697,304,1,2
1697,305,1,2
1697,306,1,2
1697,307,1,2
1697,308,1,2
1697,309,1,2
1697,310,1,2
1697,311,1,2
1697,312,1,2
1697,313,1,2
1697,314,1,2
1697,315,1,2
1697,316,1,2
1697,317,1,2
1697,318,1,2
1697,319,1,2
1697,320,1,2
1697,321,1,2
1697,322,1,2
1697,323,1,2
1697,324,1,2
1697,325,1,2
1697,326,1,2
1697,327,1,2
1697,328,1,2
1697,329,1,2
1697,330,1,2
1697,331,1,2
1697,332,1,2
1697,333,1,2
1697,334,1,2
1697,335,1,2
1697,336,1,2
1697,337,1,2
1697,338,1,2
1697,339,1,2
1697,340,1,2
1697,341,1,2
1697,342,1,2
1697,343,1,2
1697,344,1,2
1697,345,1,2
1697,346,1,2
1697,347,1,2
1697,348,1,2
1697,349,1,2
1697,350,1,2
1697,351,1,2
1697,352,1,2
1697,353,1,2
1697,354,1,2
1697,355,1,2
1697,356,1,2
1697,357,1,2
1697,358,1,2
1697,359,1,2
1697,360,1,2
1697,361,1,2
1697,362,1,2
1697,363,1,2
1697,364,1,2
1697,365,1,2
1697,366,1,2
1697,367,1,2
1697,368,1,2
1697,369,1,2
1697,370,1,2
1697,371,1,2
1697,372,1,2
1697,373,1,2
1697,374,1,2
1697,375,1,2
1697,376,1,2
1697,377,1,2
1697,378,1,2
1697,379,1,2
1697,380,1,2
1697,381,1,2
1697,382,1,2
1697,383,1,2
1697,384,1,2
1697,385,1,2
1697,386,1,2
1697,387,1,2
1697,388,1,2
1697,389,1,2
1697,390,1,2
1697,391,1,2
1697,392,1,2
1697,393,1,2
1697,394,1,2
1697,395,1,2
1697,396,1,2
1697,397,1,2
1697,398,1,2
1697,399,1,2
1697,400,1,2
1697,401,1,2
1697,402,1,2
1697,403,1,2
1697,404,1,2
1697,405,1,2
1697,406,1,2
1697,407,1,2
1697,408,1,2
1697,409,1,2
1697,410,1,2
1697,411,1,2
1697,412,1,2
1697,413,1,2
1697,414,1,2
1697,415,1,2
1697,416,1,2
1697,417,1,2
1697,418,1,2
1697,419,1,2
1697,420,1,2
1697,421,1,2
1697,422,1,2
1697,423,1,2
1697,424,1,2
1697,425,1,2
1697,426,1,2
1697,427,1,2
1697,428,1,2
1697,429,1,2
1697,430,1,2
1697,431,1,2
1697,432,1,2
1697,433,1,2
1697,434,1,2
1697,435,1,2
1697,436,1,2
1697,437,1,2
1697,438,1,2
1697,439,1,2
1697,440,1,2
1697,441,1,2
1697,442,1,2
1697,443,1,2
1697,444,1,2
1697,445,1,2
1697,446,1,2
1697,447,1,2
1697,448,1,2
1697,449,1,2
1697,450,1,2
1697,451,1,2
1697,452,1,2
1697,453,1,2
1698,233,1,2
1698,234,1,2
1698,235,1,2
1698,236,1,2
1698,237,1,2
1698,238,1,2
1698,239,1,2
1698,240,1,2
1698,241,1,2
1698,242,1,2
1698,243,1,2
1698,244,1,2
1698,245,1,2
1698,246,1,2
1698,247,1,2
1698,248,1,2
1698,249,1,2
1698,250,1,2
1698,251,1,2
1698,252,1,2
1698,253,1,2
1698,254,1,2
1698,255,1,2
1698,256,1,2
1698,257,1,2
1698,258,1,2
1698,259,1,2
1698,260,1,2
1698,261,1,2
1698,262,1,2
1698,263,1,2
1698,264,1,2
1698,265,1,2
1698,266,1,2
1698,267,1,2
1698,268,1,2
1698,269,1,2
1698,270,1,2
1698,271,1,2
1698,272,1,2
1698,273,1,2
1698,274,1,2
1698,275,1,2
1698,276,1,2
1698,277,1,2
1698,278,1,2
1698,279,1,2
1698,280,1,2
1698,281,1,2
1698,282,1,2
1698,283,1,2
1698,284,1,2
1698,285,1,2
1698,286,1,2
1698,287,1,2
1698,288,1,2
1698,289,1,2
1698,290,1,2
1698,291,1,2
1698,292,1,2
1698,293,1,2
1698,294,1,2
1698,295,1,2
1698,296,1,2
1698,297,1,2
1698,298,1,2
1698,299,1,2
1698,300,1,2
1698,301,1,2
1698,302,1,2
1698,303,1,2
1698,304,1,2
1698,305,1,2
1698,306,1,2
1698,307,1,2
1698,308,1,2
1698,309,1,2
1698,310,1,2
1698,311,1,2
1698,312,1,2
1698,313,1,2
1698,314,1,2
1698,315,1,2
1698,316,1,2
1698,317,1,2
1698,318,1,2
1698,319,1,2
1698,320,1,2
1698,321,1,2
1698,322,1,2
1698,323,1,2
1698,324,1,2
1698,325,1,2
1698,326,1,2
1698,327,1,2
1698,328,1,2
1698,329,1,2
1698,330,1,2
1698,331,1,2
1698,332,1,2
1698,333,1,2
1698,334,1,2
1698,335,1,2
1698,336,1,2
1698,337,1,2
1698,338,1,2
1698,339,1,2
1698,340,1,2
1698,341,1,2
1698,342,1,2
1698,343,1,2
1698,344,1,2
1698,345,1,2
1698,346,1,2
1698,347,1,2
1698,348,1,2
1698,349,1,2
1698,350,1,2
1698,351,1,2
1698,352,1,2
1698,353,1,2
1698,354,1,2
1698,355,1,2
1698,356,1,2
1698,357,1,2
1698,358,1,2
1698,359,1,2
1698,360,1,2
1698,361,1,2
1698,362,1,2
1698,363,1,2
1698,364,1,2
1698,365,1,2
1698,366,1,2
1698,367,1,2
1698,368,1,2
1698,369,1,2
1698,370,1,2
1698,371,1,2
1698,372,1,2
1698,373,1,2
1698,374,1,2
1698,375,1,2
1698,376,1,2
1698,377,1,2
1698,378,1,2
1698,379,1,2
1698,380,1,2
1698,381,1,2
1698,382,1,2
1698,383,1,2
1698,384,1,2
1698,385,1,2
1698,386,1,2
1698,387,1,2
1698,388,1,2
1698,389,1,2
1698,390,1,2
1698,391,1,2
1698,392,1,2
1698,393,1,2
1698,394,1,2
1698,395,1,2
1698,396,1,2
1698,397,1,2
1698,398,1,2
1698,399,1,2
1698,400,1,2
1698,401,1,2
1698,402,1,2
1698,403,1,2
1698,404,1,2
1698,405,1,2
1698,406,1,2
1698,407,1,2
1698,408,1,2
1698,409,1,2
1698,410,1,2
1698,411,1,2
1698,412,1,2
1698,413,1,2
1698,414,1,2
1698,415,1,2
1698,416,1,2
1698,417,1,2
1698,418,1,2
1698,419,1,2
1698,420,1,2
1698,421,1,2
1698,422,1,2
1698,423,1,2
1698,424,1,2
1698,425,1,2
1698,426,1,2
1698,427,1,2
1698,428,1,2
1698,429,1,2
1698,430,1,2
1698,431,1,2
1698,432,1,2
1698,433,1,2
1698,434,1,2
1698,435,1,2
1698,436,1,2
1698,437,1,2
1698,438,1,2
1698,439,1,2
1698,440,1,2
1698,441,1,2
1698,442,1,2
1698,443,1,2
1698,444,1,2
1698,445,1,2
1698,446,1,2
1698,447,1,2
1698,448,1,2
1698,449,1,2
1698,450,1,2
1698,451,1,2
1698,452,1,2
1698,453,1,2
1698,454,1,2
1698,455,1,2
1699,230,1,2
1699,231,1,2
1699,232,1,2
1699,233,1,2
1699,234,1,2
1699,235,1,2
1699,236,1,2
1699,237,1,2
1699,238,1,2
1699,239,1,2
1699,240,1,2
1699,241,1,2
1699,242,1,2
1699,243,1,2
1699,244,1,2
1699,245,1,2
1699,246,1,2
1699,247,1,2
1699,248,1,2
1699,249,1,2
1699,250,1,2
1699,251,1,2
1699,252,1,2
1699,253,1,2
1699,254,1,2
1699,255,1,2
1699,256,1,2
1699,257,1,2
1699,258,1,2
1699,259,1,2
1699,260,1,2
1699,261,1,2
1699,262,1,2
1699,263,1,2
1699,264,1,2
1699,265,1,2
1699,266,1,2
1699,267,1,2
1699,268,1,2
1699,269,1,2
1699,270,1,2
1699,271,1,2
1699,272,1,2
1699,273,1,2
1699,274,1,2
1699,275,1,2
1699,276,1,2
1699,277,1,2
1699,278,1,2
1699,279,1,2
1699,280,1,2
1699,281,1,2
1699,282,1,2
1699,283,1,2
1699,284,1,2
1699,285,1,2
1699,286,1,2
1699,287,1,2
1699,288,1,2
1699,289,1,2
1699,290,1,2
1699,291,1,2
1699,292,1,2
1699,293,1,2
1699,294,1,2
1699,295,1,2
1699,296,1,2
1699,297,1,2
1699,298,1,2
1699,299,1,2
1699,300,1,2
1699,301,1,2
1699,302,1,2
1699,303,1,2
1699,304,1,2
1699,305,1,2
1699,306,1,2
1699,307,1,2
1699,308,1,2
1699,309,1,2
1699,310,1,2
1699,311,1,2
1699,312,1,2
1699,313,1,2
1699,314,1,2
1699,315,1,2
1699,316,1,2
1699,317,1,2
1699,318,1,2
1699,319,1,2
1699,320,1,2
1699,321,1,2
1699,322,1,2
1699,323,1,2
1699,324,1,2
1699,325,1,2
1699,326,1,2
1699,327,1,2
1699,328,1,2
1699,329,1,2
1699,330,1,2
1699,331,1,2
1699,332,1,2
1699,333,1,2
1699,334,1,2
1699,335,1,2
1699,336,1,2
1699,337,1,2
1699,338,1,2
1699,339,1,2
1699,340,1,2
1699,341,1,2
1699,342,1,2
1699,343,1,2
1699,344,1,2
1699,345,1,2
1699,346,1,2
1699,347,1,2
1699,348,1,2
1699,349,1,2
1699,350,1,2
1699,351,1,2
1699,352,1,2
1699,353,1,2
1699,354,1,2
1699,355,1,2
1699,356,1,2
1699,357,1,2
1699,358,1,2
1699,359,1,2
1699,360,1,2
1699,361,1,2
1699,362,1,2
1699,363,1,2
1699,364,1,2
1699,365,1,2
1699,366,1,2
1699,367,1,2
1699,368,1,2
1699,369,1,2
1699,370,1,2
1699,371,1,2
1699,372,1,2
1699,373,1,2
1699,374,1,2
1699,375,1,2
1699,376,1,2
1699,377,1,2
1699,378,1,2
1699,379,1,2
1699,380,1,2
1699,381,1,2
1699,382,1,2
1699,383,1,2
1699,384,1,2
1699,385,1,2
1699,386,1,2
1699,387,1,2
1699,388,1,2
1699,389,1,2
1699,390,1,2
1699,391,1,2
1699,392,1,2
1699,393,1,2
1699,394,1,2
1699,395,1,2
1699,396,1,2
1699,397,1,2
1699,398,1,2
1699,399,1,2
1699,400,1,2
1699,401,1,2
1699,402,1,2
1699,403,1,2
1699,404,1,2
1699,405,1,2
1699,406,1,2
1699,407,1,2
1699,408,1,2
1699,409,1,2
1699,410,1,2
1699,411,1,2
1699,412,1,2
1699,413,1,2
1699,414,1,2
1699,415,1,2
1699,416,1,2
1699,417,1,2
1699,418,1,2
1699,419,1,2
1699,420,1,2
1699,421,1,2
1699,422,1,2
1699,423,1,2
1699,424,1,2
1699,425,1,2
1699,426,1,2
1699,427,1,2
1699,428,1,2
1699,429,1,2
1699,430,1,2
1699,431,1,2
1699,432,1,2
1699,433,1,2
1699,434,1,2
1699,435,1,2
1699,436,1,2
1699,437,1,2
1699,438,1,2
1699,439,1,2
1699,440,1,2
1699,441,1,2
1699,442,1,2
1699,443,1,2
1699,444,1,2
1699,445,1,2
1699,446,1,2
1699,447,1,2
1699,448,1,2
1699,449,1,2
1699,450,1,2
1699,451,1,2
1699,452,1,2
1699,453,1,2
1699,454,1,2
1699,455,1,2
1699,456,1,2
1699,457,1,2
1699,458,1,2
1699,459,1,2
1699,460,1,2
1699,461,1,2
1699,462,1,2
1699,463,1,2
1699,464,1,2
1699,465,1,2
1699,466,1,2
1700,229,1,2
1700,230,1,2
1700,231,1,2
1700,232,1,2
1700,233,1,2
1700,234,1,2
1700,235,1,2
1700,236,1,2
1700,237,1,2
1700,238,1,2
1700,239,1,2
1700,240,1,2
1700,241,1,2
1700,242,1,2
1700,243,1,2
1700,244,1,2
1700,245,1,2
1700,246,1,2
1700,247,1,2
1700,248,1,2
1700,249,1,2
1700,250,1,2
1700,251,1,2
1700,252,1,2
1700,253,1,2
1700,254,1,2
1700,255,1,2
1700,256,1,2
1700,257,1,2
1700,258,1,2
1700,259,1,2
1700,260,1,2
1700,261,1,2
1700,262,1,2
1700,263,1,2
1700,264,1,2
1700,265,1,2
1700,266,1,2
1700,267,1,2
1700,268,1,2
1700,269,1,2
1700,270,1,2
1700,271,1,2
1700,272,1,2
1700,273,1,2
1700,274,1,2
1700,275,1,2
1700,276,1,2
1700,277,1,2
1700,278,1,2
1700,279,1,2
1700,280,1,2
1700,281,1,2
1700,282,1,2
1700,283,1,2
1700,284,1,2
1700,285,1,2
1700,286,1,2
1700,287,1,2
1700,288,1,2
1700,289,1,2
1700,290,1,2
1700,291,1,2
1700,292,1,2
1700,293,1,2
1700,294,1,2
1700,295,1,2
1700,296,1,2
1700,297,1,2
1700,298,1,2
1700,299,1,2
1700,300,1,2
1700,301,1,2
1700,302,1,2
1700,303,1,2
1700,304,1,2
1700,305,1,2
1700,306,1,2
1700,307,1,2
1700,308,1,2
1700,309,1,2
1700,310,1,2
1700,311,1,2
1700,312,1,2
1700,313,1,2
1700,314,1,2
1700,315,1,2
1700,316,1,2
1700,317,1,2
1700,318,1,2
1700,319,1,2
1700,320,1,2
1700,321,1,2
1700,322,1,2
1700,323,1,2
1700,324,1,2
1700,325,1,2
1700,326,1,2
1700,327,1,2
1700,328,1,2
1700,329,1,2
1700,330,1,2
1700,331,1,2
1700,332,1,2
1700,333,1,2
1700,334,1,2
1700,335,1,2
1700,336,1,2
1700,337,1,2
1700,338,1,2
1700,339,1,2
1700,340,1,2
1700,341,1,2
1700,342,1,2
1700,343,1,2
1700,344,1,2
1700,345,1,2
1700,346,1,2
1700,347,1,2
1700,348,1,2
1700,349,1,2
1700,350,1,2
1700,351,1,2
1700,352,1,2
1700,353,1,2
1700,354,1,2
1700,355,1,2
1700,356,1,2
1700,357,1,2
1700,358,1,2
1700,359,1,2
1700,360,1,2
1700,361,1,2
1700,362,1,2
1700,363,1,2
1700,364,1,2
1700,365,1,2
1700,366,1,2
1700,367,1,2
1700,368,1,2
1700,369,1,2
1700,370,1,2
1700,371,1,2
1700,372,1,2
1700,373,1,2
1700,374,1,2
1700,375,1,2
1700,376,1,2
1700,377,1,2
1700,378,1,2
1700,379,1,2
1700,380,1,2
1700,381,1,2
1700,382,1,2
1700,383,1,2
1700,384,1,2
1700,385,1,2
1700,386,1,2
1700,387,1,2
1700,388,1,2
1700,389,1,2
1700,390,1,2
1700,391,1,2
1700,392,1,2
1700,393,1,2
1700,394,1,2
1700,395,1,2
1700,396,1,2
1700,397,1,2
1700,398,1,2
1700,399,1,2
1700,400,1,2
1700,401,1,2
1700,402,1,2
1700,403,1,2
1700,404,1,2
1700,405,1,2
1700,406,1,2
1700,407,1,2
1700,408,1,2
1700,409,1,2
1700,410,1,2
1700,411,1,2
1700,412,1,2
1700,413,1,2
1700,414,1,2
1700,415,1,2
1700,416,1,2
1700,417,1,2
1700,418,1,2
1700,419,1,2
1700,420,1,2
1700,421,1,2
1700,422,1,2
1700,423,1,2
1700,424,1,2
1700,425,1,2
1700,426,1,2
1700,427,1,2
1700,428,1,2
1700,429,1,2
1700,430,1,2
1700,431,1,2
1700,432,1,2
1700,433,1,2
1700,434,1,2
1700,435,1,2
1700,436,1,2
1700,437,1,2
1700,438,1,2
1700,439,1,2
1700,440,1,2
1700,441,1,2
1700,442,1,2
1700,443,1,2
1700,444,1,2
1700,445,1,2
1700,446,1,2
1700,447,1,2
1700,448,1,2
1700,449,1,2
1700,450,1,2
1700,451,1,2
1700,452,1,2
1700,453,1,2
1700,454,1,2
1700,455,1,2
1700,456,1,2
1700,457,1,2
1700,458,1,2
1700,459,1,2
1700,460,1,2
1700,461,1,2
1700,462,1,2
1700,463,1,2
1700,464,1,2
1700,465,1,2
1700,466,1,2
1700,467,1,2
1700,468,1,2
1700,469,1,2
1700,470,1,2
1701,228,1,2
1701,229,1,2
1701,230,1,2
1701,231,1,2
1701,232,1,2
1701,233,1,2
1701,234,1,2
1701,235,1,2
1701,236,1,2
1701,237,1,2
1701,238,1,2
1701,239,1,2
1701,240,1,2
1701,241,1,2
1701,242,1,2
1701,243,1,2
1701,244,1,2
1701,245,1,2
1701,246,1,2
1701,247,1,2
1701,248,1,2
1701,249,1,2
1701,250,1,2
1701,251,1,2
1701,252,1,2
1701,253,1,2
1701,254,1,2
1701,255,1,2
1701,256,1,2
1701,257,1,2
1701,258,1,2
1701,259,1,2
1701,260,1,2
1701,261,1,2
1701,262,1,2
1701,263,1,2
1701,264,1,2
1701,265,1,2
1701,266,1,2
1701,267,1,2
1701,268,1,2
1701,269,1,2
1701,270,1,2
1701,271,1,2
1701,272,1,2
1701,273,1,2
1701,274,1,2
1701,275,1,2
1701,276,1,2
1701,277,1,2
1701,278,1,2
1701,279,1,2
1701,280,1,2
1701,281,1,2
1701,282,1,2
1701,283,1,2
1701,284,1,2
1701,285,1,2
1701,286,1,2
1701,287,1,2
1701,288,1,2
1701,289,1,2
1701,290,1,2
1701,291,1,2
1701,292,1,2
1701,293,1,2
1701,294,1,2
1701,295,1,2
1701,296,1,2
1701,297,1,2
1701,298,1,2
1701,299,1,2
1701,300,1,2
1701,301,1,2
1701,302,1,2
1701,303,1,2
1701,304,1,2
1701,305,1,2
1701,306,1,2
1701,307,1,2
1701,308,1,2
1701,309,1,2
1701,310,1,2
1701,311,1,2
1701,312,1,2
1701,313,1,2
1701,314,1,2
1701,315,1,2
1701,316,1,2
1701,317,1,2
1701,318,1,2
1701,319,1,2
1701,320,1,2
1701,321,1,2
1701,322,1,2
1701,323,1,2
1701,324,1,2
1701,325,1,2
1701,326,1,2
1701,327,1,2
1701,328,1,2
1701,329,1,2
1701,330,1,2
1701,331,1,2
1701,332,1,2
1701,333,1,2
1701,334,1,2
1701,335,1,2
1701,336,1,2
1701,337,1,2
1701,338,1,2
1701,339,1,2
1701,340,1,2
1701,341,1,2
1701,342,1,2
1701,343,1,2
1701,344,1,2
1701,345,1,2
1701,346,1,2
1701,347,1,2
1701,348,1,2
1701,349,1,2
1701,350,1,2
1701,351,1,2
1701,352,1,2
1701,353,1,2
1701,354,1,2
1701,355,1,2
1701,356,1,2
1701,357,1,2
1701,358,1,2
1701,359,1,2
1701,360,1,2
1701,361,1,2
1701,362,1,2
1701,363,1,2
1701,364,1,2
1701,365,1,2
1701,366,1,2
1701,367,1,2
1701,368,1,2
1701,369,1,2
1701,370,1,2
1701,371,1,2
1701,372,1,2
1701,373,1,2
1701,374,1,2
1701,375,1,2
1701,376,1,2
1701,377,1,2
1701,378,1,2
1701,379,1,2
1701,380,1,2
1701,381,1,2
1701,382,1,2
1701,383,1,2
1701,384,1,2
1701,385,1,2
1701,386,1,2
1701,387,1,2
1701,388,1,2
1701,389,1,2
1701,390,1,2
1701,391,1,2
1701,392,1,2
1701,393,1,2
1701,394,1,2
1701,395,1,2
1701,396,1,2
1701,397,1,2
1701,398,1,2
1701,399,1,2
1701,400,1,2
1701,401,1,2
1701,402,1,2
1701,403,1,2
1701,404,1,2
1701,405,1,2
1701,406,1,2
1701,407,1,2
1701,408,1,2
1701,409,1,2
1701,410,1,2
1701,411,1,2
1701,412,1,2
1701,413,1,2
1701,414,1,2
1701,415,1,2
1701,416,1,2
1701,417,1,2
1701,418,1,2
1701,419,1,2
1701,420,1,2
1701,421,1,2
1701,422,1,2
1701,423,1,2
1701,424,1,2
1701,425,1,2
1701,426,1,2
1701,427,1,2
1701,428,1,2
1701,429,1,2
1701,430,1,2
1701,431,1,2
1701,432,1,2
1701,433,1,2
1701,434,1,2
1701,435,1,2
1701,436,1,2
1701,437,1,2
1701,438,1,2
1701,439,1,2
1701,440,1,2
1701,441,1,2
1701,442,1,2
1701,443,1,2
1701,444,1,2
1701,445,1,2
1701,446,1,2
1701,447,1,2
1701,448,1,2
1701,449,1,2
1701,450,1,2
1701,451,1,2
1701,452,1,2
1701,453,1,2
1701,454,1,2
1701,455,1,2
1701,456,1,2
1701,457,1,2
1701,458,1,2
1701,459,1,2
1701,460,1,2
1701,461,1,2
1701,462,1,2
1701,463,1,2
1701,464,1,2
1701,465,1,2
1701,466,1,2
1701,467,1,2
1701,468,1,2
1701,469,1,2
1701,470,1,2
1701,471,1,2
1701,472,1,2
1701,473,1,2
1701,478,1,2
1701,479,1,2
1701,480,1,2
1702,226,1,2
1702,227,1,2
1702,228,1,2
1702,229,1,2
1702,230,1,2
1702,231,1,2
1702,232,1,2
1702,233,1,2
1702,234,1,2
1702,235,1,2
1702,236,1,2
1702,237,1,2
1702,238,1,2
1702,239,1,2
1702,240,1,2
1702,241,1,2
1702,242,1,2
1702,243,1,2
1702,244,1,2
1702,245,1,2
1702,246,1,2
1702,247,1,2
1702,248,1,2
1702,249,1,2
1702,250,1,2
1702,251,1,2
1702,252,1,2
1702,253,1,2
1702,254,1,2
1702,255,1,2
1702,256,1,2
1702,257,1,2
1702,258,1,2
1702,259,1,2
1702,260,1,2
1702,261,1,2
1702,262,1,2
1702,263,1,2
1702,264,1,2
1702,265,1,2
1702,266,1,2
1702,267,1,2
1702,268,1,2
1702,269,1,2
1702,270,1,2
1702,271,1,2
1702,272,1,2
1702,273,1,2
1702,274,1,2
1702,275,1,2
1702,276,1,2
1702,277,1,2
1702,278,1,2
1702,279,1,2
1702,280,1,2
1702,281,1,2
1702,282,1,2
1702,283,1,2
1702,284,1,2
1702,285,1,2
1702,286,1,2
1702,287,1,2
1702,288,1,2
1702,289,1,2
1702,290,1,2
1702,291,1,2
1702,292,1,2
1702,293,1,2
1702,294,1,2
1702,295,1,2
1702,296,1,2
1702,297,1,2
1702,298,1,2
1702,299,1,2
1702,300,1,2
1702,301,1,2
1702,302,1,2
1702,303,1,2
1702,304,1,2
1702,305,1,2
1702,306,1,2
1702,307,1,2
1702,308,1,2
1702,309,1,2
1702,310,1,2
1702,311,1,2
1702,312,1,2
1702,313,1,2
1702,314,1,2
1702,315,1,2
1702,316,1,2
1702,317,1,2
1702,318,1,2
1702,319,1,2
1702,320,1,2
1702,321,1,2
1702,322,1,2
1702,323,1,2
1702,324,1,2
1702,325,1,2
1702,326,1,2
1702,327,1,2
1702,328,1,2
1702,329,1,2
1702,330,1,2
1702,331,1,2
1702,332,1,2
1702,333,1,2
1702,334,1,2
1702,335,1,2
1702,336,1,2
1702,337,1,2
1702,338,1,2
1702,339,1,2
1702,340,1,2
1702,341,1,2
1702,342,1,2
1702,343,1,2
1702,344,1,2
1702,345,1,2
1702,346,1,2
1702,347,1,2
1702,348,1,2
1702,349,1,2
1702,350,1,2
1702,351,1,2
1702,352,1,2
1702,353,1,2
1702,354,1,2
1702,355,1,2
1702,356,1,2
1702,357,1,2
1702,358,1,2
1702,359,1,2
1702,360,1,2
1702,361,1,2
1702,362,1,2
1702,363,1,2
1702,364,1,2
1702,365,1,2
1702,366,1,2
1702,367,1,2
1702,368,1,2
1702,369,1,2
1702,370,1,2
1702,371,1,2
1702,372,1,2
1702,373,1,2
1702,374,1,2
1702,375,1,2
1702,376,1,2
1702,377,1,2
1702,378,1,2
1702,379,1,2
1702,380,1,2
1702,381,1,2
1702,382,1,2
1702,383,1,2
1702,384,1,2
1702,385,1,2
1702,386,1,2
1702,387,1,2
1702,388,1,2
1702,389,1,2
1702,390,1,2
1702,391,1,2
1702,392,1,2
1702,393,1,2
1702,394,1,2
1702,395,1,2
1702,396,1,2
1702,397,1,2
1702,398,1,2
1702,399,1,2
1702,400,1,2
1702,401,1,2
1702,402,1,2
1702,403,1,2
1702,404,1,2
1702,405,1,2
1702,406,1,2
1702,407,1,2
1702,408,1,2
1702,409,1,2
1702,410,1,2
1702,411,1,2
1702,412,1,2
1702,413,1,2
1702,414,1,2
1702,415,1,2
1702,416,1,2
1702,417,1,2
1702,418,1,2
1702,419,1,2
1702,420,1,2
1702,421,1,2
1702,422,1,2
1702,423,1,2
1702,424,1,2
1702,425,1,2
1702,426,1,2
1702,427,1,2
1702,428,1,2
1702,429,1,2
1702,430,1,2
1702,431,1,2
1702,432,1,2
1702,433,1,2
1702,434,1,2
1702,435,1,2
1702,436,1,2
1702,437,1,2
1702,438,1,2
1702,439,1,2
1702,440,1,2
1702,441,1,2
1702,442,1,2
1702,443,1,2
1702,444,1,2
1702,445,1,2
1702,446,1,2
1702,447,1,2
1702,448,1,2
1702,449,1,2
1702,450,1,2
1702,451,1,2
1702,452,1,2
1702,453,1,2
1702,454,1,2
1702,455,1,2
1702,456,1,2
1702,457,1,2
1702,458,1,2
1702,459,1,2
1702,460,1,2
1702,461,1,2
1702,462,1,2
1702,463,1,2
1702,464,1,2
1702,465,1,2
1702,466,1,2
1702,467,1,2
1702,468,1,2
1702,469,1,2
1702,470,1,2
1702,471,1,2
1702,472,1,2
1702,473,1,2
1702,474,1,2
1702,475,1,2
1702,476,1,2
1702,477,1,2
1702,478,1,2
1702,479,1,2
1702,480,1,2
1703,224,1,2
1703,225,1,2
1703,226,1,2
1703,227,1,2
1703,228,1,2
1703,229,1,2
1703,230,1,2
1703,231,1,2
1703,232,1,2
1703,233,1,2
1703,234,1,2
1703,235,1,2
1703,236,1,2
1703,237,1,2
1703,238,1,2
1703,239,1,2
1703,240,1,2
1703,241,1,2
1703,242,1,2
1703,243,1,2
1703,244,1,2
1703,245,1,2
1703,246,1,2
1703,247,1,2
1703,248,1,2
1703,249,1,2
1703,250,1,2
1703,251,1,2
1703,252,1,2
1703,253,1,2
1703,254,1,2
1703,255,1,2
1703,256,1,2
1703,257,1,2
1703,258,1,2
1703,259,1,2
1703,260,1,2
1703,261,1,2
1703,262,1,2
1703,263,1,2
1703,264,1,2
1703,265,1,2
1703,266,1,2
1703,267,1,2
1703,268,1,2
1703,269,1,2
1703,270,1,2
1703,271,1,2
1703,272,1,2
1703,273,1,2
1703,274,1,2
1703,275,1,2
1703,276,1,2
1703,277,1,2
1703,278,1,2
1703,279,1,2
1703,280,1,2
1703,281,1,2
1703,282,1,2
1703,283,1,2
1703,284,1,2
1703,285,1,2
1703,286,1,2
1703,287,1,2
1703,288,1,2
1703,289,1,2
1703,290,1,2
1703,291,1,2
1703,292,1,2
1703,293,1,2
1703,294,1,2
1703,295,1,2
1703,296,1,2
1703,297,1,2
1703,298,1,2
1703,299,1,2
1703,300,1,2
1703,301,1,2
1703,302,1,2
1703,303,1,2
1703,304,1,2
1703,305,1,2
1703,306,1,2
1703,307,1,2
1703,308,1,2
1703,309,1,2
1703,310,1,2
1703,311,1,2
1703,312,1,2
1703,313,1,2
1703,314,1,2
1703,315,1,2
1703,316,1,2
1703,317,1,2
1703,318,1,2
1703,319,1,2
1703,320,1,2
1703,321,1,2
1703,322,1,2
1703,323,1,2
1703,324,1,2
1703,325,1,2
1703,326,1,2
1703,327,1,2
1703,328,1,2
1703,329,1,2
1703,330,1,2
1703,331,1,2
1703,332,1,2
1703,333,1,2
1703,334,1,2
1703,335,1,2
1703,336,1,2
1703,337,1,2
1703,338,1,2
1703,339,1,2
1703,340,1,2
1703,341,1,2
1703,342,1,2
1703,343,1,2
1703,344,1,2
1703,345,1,2
1703,346,1,2
1703,347,1,2
1703,348,1,2
1703,349,1,2
1703,350,1,2
1703,351,1,2
1703,352,1,2
1703,353,1,2
1703,354,1,2
1703,355,1,2
1703,356,1,2
1703,357,1,2
1703,358,1,2
1703,359,1,2
1703,360,1,2
1703,361,1,2
1703,362,1,2
1703,363,1,2
1703,364,1,2
1703,365,1,2
1703,366,1,2
1703,367,1,2
1703,368,1,2
1703,369,1,2
1703,370,1,2
1703,371,1,2
1703,372,1,2
1703,373,1,2
1703,374,1,2
1703,375,1,2
1703,376,1,2
1703,377,1,2
1703,378,1,2
1703,379,1,2
1703,380,1,2
1703,381,1,2
1703,382,1,2
1703,383,1,2
1703,384,1,2
1703,385,1,2
1703,386,1,2
1703,387,1,2
1703,388,1,2
1703,389,1,2
1703,390,1,2
1703,391,1,2
1703,392,1,2
1703,393,1,2
1703,394,1,2
1703,395,1,2
1703,396,1,2
1703,397,1,2
1703,398,1,2
1703,399,1,2
1703,400,1,2
1703,401,1,2
1703,402,1,2
1703,403,1,2
1703,404,1,2
1703,405,1,2
1703,406,1,2
1703,407,1,2
1703,408,1,2
1703,409,1,2
1703,410,1,2
1703,411,1,2
1703,412,1,2
1703,413,1,2
1703,414,1,2
1703,415,1,2
1703,416,1,2
1703,417,1,2
1703,418,1,2
1703,419,1,2
1703,420,1,2
1703,421,1,2
1703,422,1,2
1703,423,1,2
1703,424,1,2
1703,425,1,2
1703,426,1,2
1703,427,1,2
1703,428,1,2
1703,429,1,2
1703,430,1,2
1703,431,1,2
1703,432,1,2
1703,433,1,2
1703,434,1,2
1703,435,1,2
1703,436,1,2
1703,437,1,2
1703,438,1,2
1703,439,1,2
1703,440,1,2
1703,441,1,2
1703,442,1,2
1703,443,1,2
1703,444,1,2
1703,445,1,2
1703,446,1,2
1703,447,1,2
1703,448,1,2
1703,449,1,2
1703,450,1,2
1703,451,1,2
1703,452,1,2
1703,453,1,2
1703,454,1,2
1703,455,1,2
1703,456,1,2
1703,457,1,2
1703,458,1,2
1703,459,1,2
1703,460,1,2
1703,461,1,2
1703,462,1,2
1703,463,1,2
1703,464,1,2
1703,465,1,2
1703,466,1,2
1703,467,1,2
1703,468,1,2
1703,469,1,2
1703,470,1,2
1703,471,1,2
1703,472,1,2
1703,473,1,2
1703,474,1,2
1703,475,1,2
1703,476,1,2
1703,477,1,2
1703,478,1,2
1703,479,1,2
1703,480,1,2
1704,222,1,2
1704,223,1,2
1704,224,1,2
1704,225,1,2
1704,226,1,2
1704,227,1,2
1704,228,1,2
1704,229,1,2
1704,230,1,2
1704,231,1,2
1704,232,1,2
1704,233,1,2
1704,234,1,2
1704,235,1,2
1704,236,1,2
1704,237,1,2
1704,238,1,2
1704,239,1,2
1704,240,1,2
1704,241,1,2
1704,242,1,2
1704,243,1,2
1704,244,1,2
1704,245,1,2
1704,246,1,2
1704,247,1,2
1704,248,1,2
1704,249,1,2
1704,250,1,2
1704,251,1,2
1704,252,1,2
1704,253,1,2
1704,254,1,2
1704,255,1,2
1704,256,1,2
1704,257,1,2
1704,258,1,2
1704,259,1,2
1704,260,1,2
1704,261,1,2
1704,262,1,2
1704,263,1,2
1704,264,1,2
1704,265,1,2
1704,266,1,2
1704,267,1,2
1704,268,1,2
1704,269,1,2
1704,270,1,2
1704,271,1,2
1704,272,1,2
1704,273,1,2
1704,274,1,2
1704,275,1,2
1704,276,1,2
1704,277,1,2
1704,278,1,2
1704,279,1,2
1704,280,1,2
1704,281,1,2
1704,282,1,2
1704,283,1,2
1704,284,1,2
1704,285,1,2
1704,286,1,2
1704,287,1,2
1704,288,1,2
1704,289,1,2
1704,290,1,2
1704,291,1,2
1704,292,1,2
1704,293,1,2
1704,294,1,2
1704,295,1,2
1704,296,1,2
1704,297,1,2
1704,298,1,2
1704,299,1,2
1704,300,1,2
1704,301,1,2
1704,302,1,2
1704,303,1,2
1704,304,1,2
1704,305,1,2
1704,306,1,2
1704,307,1,2
1704,308,1,2
1704,309,1,2
1704,310,1,2
1704,311,1,2
1704,312,1,2
1704,313,1,2
1704,314,1,2
1704,315,1,2
1704,316,1,2
1704,317,1,2
1704,318,1,2
1704,319,1,2
1704,320,1,2
1704,321,1,2
1704,322,1,2
1704,323,1,2
1704,324,1,2
1704,325,1,2
1704,326,1,2
1704,327,1,2
1704,328,1,2
1704,329,1,2
1704,330,1,2
1704,331,1,2
1704,332,1,2
1704,333,1,2
1704,334,1,2
1704,335,1,2
1704,336,1,2
1704,337,1,2
1704,338,1,2
1704,339,1,2
1704,340,1,2
1704,341,1,2
1704,342,1,2
1704,343,1,2
1704,344,1,2
1704,345,1,2
1704,346,1,2
1704,347,1,2
1704,348,1,2
1704,349,1,2
1704,350,1,2
1704,351,1,2
1704,352,1,2
1704,353,1,2
1704,354,1,2
1704,355,1,2
1704,356,1,2
1704,357,1,2
1704,358,1,2
1704,359,1,2
1704,360,1,2
1704,361,1,2
1704,362,1,2
1704,363,1,2
1704,364,1,2
1704,365,1,2
1704,366,1,2
1704,367,1,2
1704,368,1,2
1704,369,1,2
1704,370,1,2
1704,371,1,2
1704,372,1,2
1704,373,1,2
1704,374,1,2
1704,375,1,2
1704,376,1,2
1704,377,1,2
1704,378,1,2
1704,379,1,2
1704,380,1,2
1704,381,1,2
1704,382,1,2
1704,383,1,2
1704,384,1,2
1704,385,1,2
1704,386,1,2
1704,387,1,2
1704,388,1,2
1704,389,1,2
1704,390,1,2
1704,391,1,2
1704,392,1,2
1704,393,1,2
1704,394,1,2
1704,395,1,2
1704,396,1,2
1704,397,1,2
1704,398,1,2
1704,399,1,2
1704,400,1,2
1704,401,1,2
1704,402,1,2
1704,403,1,2
1704,404,1,2
1704,405,1,2
1704,406,1,2
1704,407,1,2
1704,408,1,2
1704,409,1,2
1704,410,1,2
1704,411,1,2
1704,412,1,2
1704,413,1,2
1704,414,1,2
1704,415,1,2
1704,416,1,2
1704,417,1,2
1704,418,1,2
1704,419,1,2
1704,420,1,2
1704,421,1,2
1704,422,1,2
1704,423,1,2
1704,424,1,2
1704,425,1,2
1704,426,1,2
1704,427,1,2
1704,428,1,2
1704,429,1,2
1704,430,1,2
1704,431,1,2
1704,432,1,2
1704,433,1,2
1704,434,1,2
1704,435,1,2
1704,436,1,2
1704,437,1,2
1704,438,1,2
1704,439,1,2
1704,440,1,2
1704,441,1,2
1704,442,1,2
1704,443,1,2
1704,444,1,2
1704,445,1,2
1704,446,1,2
1704,447,1,2
1704,448,1,2
1704,449,1,2
1704,450,1,2
1704,451,1,2
1704,452,1,2
1704,453,1,2
1704,454,1,2
1704,455,1,2
1704,456,1,2
1704,457,1,2
1704,458,1,2
1704,459,1,2
1704,460,1,2
1704,461,1,2
1704,462,1,2
1704,463,1,2
1704,464,1,2
1704,465,1,2
1704,466,1,2
1704,467,1,2
1704,468,1,2
1704,469,1,2
1704,470,1,2
1704,471,1,2
1704,472,1,2
1704,473,1,2
1704,474,1,2
1704,475,1,2
1704,476,1,2
1704,477,1,2
1704,478,1,2
1704,479,1,2
1704,480,1,2
1704,481,1,2
1704,482,1,2
1704,483,1,2
1705,221,1,2
1705,222,1,2
1705,223,1,2
1705,224,1,2
1705,225,1,2
1705,226,1,2
1705,227,1,2
1705,228,1,2
1705,229,1,2
1705,230,1,2
1705,231,1,2
1705,232,1,2
1705,233,1,2
1705,234,1,2
1705,235,1,2
1705,236,1,2
1705,237,1,2
1705,238,1,2
1705,239,1,2
1705,240,1,2
1705,241,1,2
1705,242,1,2
1705,243,1,2
1705,244,1,2
1705,245,1,2
1705,246,1,2
1705,247,1,2
1705,248,1,2
1705,249,1,2
1705,250,1,2
1705,251,1,2
1705,252,1,2
1705,253,1,2
1705,254,1,2
1705,255,1,2
1705,256,1,2
1705,257,1,2
1705,258,1,2
1705,259,1,2
1705,260,1,2
1705,261,1,2
1705,262,1,2
1705,263,1,2
1705,264,1,2
1705,265,1,2
1705,266,1,2
1705,267,1,2
1705,268,1,2
1705,269,1,2
1705,270,1,2
1705,271,1,2
1705,272,1,2
1705,273,1,2
1705,274,1,2
1705,275,1,2
1705,276,1,2
1705,277,1,2
1705,278,1,2
1705,279,1,2
1705,280,1,2
1705,281,1,2
1705,282,1,2
1705,283,1,2
1705,284,1,2
1705,285,1,2
1705,286,1,2
1705,287,1,2
1705,288,1,2
1705,289,1,2
1705,290,1,2
1705,291,1,2
1705,292,1,2
1705,293,1,2
1705,294,1,2
1705,295,1,2
1705,296,1,2
1705,297,1,2
1705,298,1,2
1705,299,1,2
1705,300,1,2
1705,301,1,2
1705,302,1,2
1705,303,1,2
1705,304,1,2
1705,305,1,2
1705,306,1,2
1705,307,1,2
1705,308,1,2
1705,309,1,2
1705,310,1,2
1705,311,1,2
1705,312,1,2
1705,313,1,2
1705,314,1,2
1705,315,1,2
1705,316,1,2
1705,317,1,2
1705,318,1,2
1705,319,1,2
1705,320,1,2
1705,321,1,2
1705,322,1,2
1705,323,1,2
1705,324,1,2
1705,325,1,2
1705,326,1,2
1705,327,1,2
1705,328,1,2
1705,329,1,2
1705,330,1,2
1705,331,1,2
1705,332,1,2
1705,333,1,2
1705,334,1,2
1705,335,1,2
1705,336,1,2
1705,337,1,2
1705,338,1,2
1705,339,1,2
1705,340,1,2
1705,341,1,2
1705,342,1,2
1705,343,1,2
1705,344,1,2
1705,345,1,2
1705,346,1,2
1705,347,1,2
1705,348,1,2
1705,349,1,2
1705,350,1,2
1705,351,1,2
1705,352,1,2
1705,353,1,2
1705,354,1,2
1705,355,1,2
1705,356,1,2
1705,357,1,2
1705,358,1,2
1705,359,1,2
1705,360,1,2
1705,361,1,2
1705,362,1,2
1705,363,1,2
1705,364,1,2
1705,365,1,2
1705,366,1,2
1705,367,1,2
1705,368,1,2
1705,369,1,2
1705,370,1,2
1705,371,1,2
1705,372,1,2
1705,373,1,2
1705,374,1,2
1705,375,1,2
1705,376,1,2
1705,377,1,2
1705,378,1,2
1705,379,1,2
1705,380,1,2
1705,381,1,2
1705,382,1,2
1705,383,1,2
1705,384,1,2
1705,385,1,2
1705,386,1,2
1705,387,1,2
1705,388,1,2
1705,389,1,2
1705,390,1,2
1705,391,1,2
1705,392,1,2
1705,393,1,2
1705,394,1,2
1705,395,1,2
1705,396,1,2
1705,397,1,2
1705,398,1,2
1705,399,1,2
1705,400,1,2
1705,401,1,2
1705,402,1,2
1705,403,1,2
1705,404,1,2
1705,405,1,2
1705,406,1,2
1705,407,1,2
1705,408,1,2
1705,409,1,2
1705,410,1,2
1705,411,1,2
1705,412,1,2
1705,413,1,2
1705,414,1,2
1705,415,1,2
1705,416,1,2
1705,417,1,2
1705,418,1,2
1705,419,1,2
1705,420,1,2
1705,421,1,2
1705,422,1,2
1705,423,1,2
1705,424,1,2
1705,425,1,2
1705,426,1,2
1705,427,1,2
1705,428,1,2
1705,429,1,2
1705,430,1,2
1705,431,1,2
1705,432,1,2
1705,433,1,2
1705,434,1,2
1705,435,1,2
1705,436,1,2
1705,437,1,2
1705,438,1,2
1705,439,1,2
1705,440,1,2
1705,441,1,2
1705,442,1,2
1705,443,1,2
1705,444,1,2
1705,445,1,2
1705,446,1,2
1705,447,1,2
1705,448,1,2
1705,449,1,2
1705,450,1,2
1705,451,1,2
1705,452,1,2
1705,453,1,2
1705,454,1,2
1705,455,1,2
1705,456,1,2
1705,457,1,2
1705,458,1,2
1705,459,1,2
1705,460,1,2
1705,461,1,2
1705,462,1,2
1705,463,1,2
1705,464,1,2
1705,465,1,2
1705,466,1,2
1705,467,1,2
1705,468,1,2
1705,469,1,2
1705,470,1,2
1705,471,1,2
1705,472,1,2
1705,473,1,2
1705,474,1,2
1705,475,1,2
1705,476,1,2
1705,477,1,2
1705,478,1,2
1705,479,1,2
1705,480,1,2
1705,481,1,2
1705,482,1,2
1705,483,1,2
1705,484,1,2
1705,485,1,2
1705,486,1,2
1705,487,1,2
1705,488,1,2
1705,489,1,2
1706,220,1,2
1706,221,1,2
1706,222,1,2
1706,223,1,2
1706,224,1,2
1706,225,1,2
1706,226,1,2
1706,227,1,2
1706,228,1,2
1706,229,1,2
1706,230,1,2
1706,231,1,2
1706,232,1,2
1706,233,1,2
1706,234,1,2
1706,235,1,2
1706,236,1,2
1706,237,1,2
1706,238,1,2
1706,239,1,2
1706,240,1,2
1706,241,1,2
1706,242,1,2
1706,243,1,2
1706,244,1,2
1706,245,1,2
1706,246,1,2
1706,247,1,2
1706,248,1,2
1706,249,1,2
1706,250,1,2
1706,251,1,2
1706,252,1,2
1706,253,1,2
1706,254,1,2
1706,255,1,2
1706,256,1,2
1706,257,1,2
1706,258,1,2
1706,259,1,2
1706,260,1,2
1706,261,1,2
1706,262,1,2
1706,263,1,2
1706,264,1,2
1706,265,1,2
1706,266,1,2
1706,267,1,2
1706,268,1,2
1706,269,1,2
1706,270,1,2
1706,271,1,2
1706,272,1,2
1706,273,1,2
1706,274,1,2
1706,275,1,2
1706,276,1,2
1706,277,1,2
1706,278,1,2
1706,279,1,2
1706,280,1,2
1706,281,1,2
1706,282,1,2
1706,283,1,2
1706,284,1,2
1706,285,1,2
1706,286,1,2
1706,287,1,2
1706,288,1,2
1706,289,1,2
1706,290,1,2
1706,291,1,2
1706,292,1,2
1706,293,1,2
1706,294,1,2
1706,295,1,2
1706,296,1,2
1706,297,1,2
1706,298,1,2
1706,299,1,2
1706,300,1,2
1706,301,1,2
1706,302,1,2
1706,303,1,2
1706,304,1,2
1706,305,1,2
1706,306,1,2
1706,307,1,2
1706,308,1,2
1706,309,1,2
1706,310,1,2
1706,311,1,2
1706,312,1,2
1706,313,1,2
1706,314,1,2
1706,315,1,2
1706,316,1,2
1706,317,1,2
1706,318,1,2
1706,319,1,2
1706,320,1,2
1706,321,1,2
1706,322,1,2
1706,323,1,2
1706,324,1,2
1706,325,1,2
1706,326,1,2
1706,327,1,2
1706,328,1,2
1706,329,1,2
1706,330,1,2
1706,331,1,2
1706,332,1,2
1706,333,1,2
1706,334,1,2
1706,335,1,2
1706,336,1,2
1706,337,1,2
1706,338,1,2
1706,339,1,2
1706,340,1,2
1706,341,1,2
1706,342,1,2
1706,343,1,2
1706,344,1,2
1706,345,1,2
1706,346,1,2
1706,347,1,2
1706,348,1,2
1706,349,1,2
1706,350,1,2
1706,351,1,2
1706,352,1,2
1706,353,1,2
1706,354,1,2
1706,355,1,2
1706,356,1,2
1706,357,1,2
1706,358,1,2
1706,359,1,2
1706,360,1,2
1706,361,1,2
1706,362,1,2
1706,363,1,2
1706,364,1,2
1706,365,1,2
1706,366,1,2
1706,367,1,2
1706,368,1,2
1706,369,1,2
1706,370,1,2
1706,371,1,2
1706,372,1,2
1706,373,1,2
1706,374,1,2
1706,375,1,2
1706,376,1,2
1706,377,1,2
1706,378,1,2
1706,379,1,2
1706,380,1,2
1706,381,1,2
1706,382,1,2
1706,383,1,2
1706,384,1,2
1706,385,1,2
1706,386,1,2
1706,387,1,2
1706,388,1,2
1706,389,1,2
1706,390,1,2
1706,391,1,2
1706,392,1,2
1706,393,1,2
1706,394,1,2
1706,395,1,2
1706,396,1,2
1706,397,1,2
1706,398,1,2
1706,399,1,2
1706,400,1,2
1706,401,1,2
1706,402,1,2
1706,403,1,2
1706,404,1,2
1706,405,1,2
1706,406,1,2
1706,407,1,2
1706,408,1,2
1706,409,1,2
1706,410,1,2
1706,411,1,2
1706,412,1,2
1706,413,1,2
1706,414,1,2
1706,415,1,2
1706,416,1,2
1706,417,1,2
1706,418,1,2
1706,419,1,2
1706,420,1,2
1706,421,1,2
1706,422,1,2
1706,423,1,2
1706,424,1,2
1706,425,1,2
1706,426,1,2
1706,427,1,2
1706,428,1,2
1706,429,1,2
1706,430,1,2
1706,431,1,2
1706,432,1,2
1706,433,1,2
1706,434,1,2
1706,435,1,2
1706,436,1,2
1706,437,1,2
1706,438,1,2
1706,439,1,2
1706,440,1,2
1706,441,1,2
1706,442,1,2
1706,443,1,2
1706,444,1,2
1706,445,1,2
1706,446,1,2
1706,447,1,2
1706,448,1,2
1706,449,1,2
1706,450,1,2
1706,451,1,2
1706,452,1,2
1706,453,1,2
1706,454,1,2
1706,455,1,2
1706,456,1,2
1706,457,1,2
1706,458,1,2
1706,459,1,2
1706,460,1,2
1706,461,1,2
1706,462,1,2
1706,463,1,2
1706,464,1,2
1706,465,1,2
1706,466,1,2
1706,467,1,2
1706,468,1,2
1706,469,1,2
1706,470,1,2
1706,471,1,2
1706,472,1,2
1706,473,1,2
1706,474,1,2
1706,475,1,2
1706,476,1,2
1706,477,1,2
1706,478,1,2
1706,479,1,2
1706,480,1,2
1706,481,1,2
1706,482,1,2
1706,483,1,2
1706,484,1,2
1706,485,1,2
1706,486,1,2
1706,487,1,2
1706,488,1,2
1706,489,1,2
1706,490,1,2
1706,491,1,2
1706,492,1,2
1706,493,1,2
1706,494,1,2
1706,495,1,2
1707,219,1,2
1707,220,1,2
1707,221,1,2
1707,222,1,2
1707,223,1,2
1707,224,1,2
1707,225,1,2
1707,226,1,2
1707,227,1,2
1707,228,1,2
1707,229,1,2
1707,230,1,2
1707,231,1,2
1707,232,1,2
1707,233,1,2
1707,234,1,2
1707,235,1,2
1707,236,1,2
1707,237,1,2
1707,238,1,2
1707,239,1,2
1707,240,1,2
1707,241,1,2
1707,242,1,2
1707,243,1,2
1707,244,1,2
1707,245,1,2
1707,246,1,2
1707,247,1,2
1707,248,1,2
1707,249,1,2
1707,250,1,2
1707,251,1,2
1707,252,1,2
1707,253,1,2
1707,254,1,2
1707,255,1,2
1707,256,1,2
1707,257,1,2
1707,258,1,2
1707,259,1,2
1707,260,1,2
1707,261,1,2
1707,262,1,2
1707,263,1,2
1707,264,1,2
1707,265,1,2
1707,266,1,2
1707,267,1,2
1707,268,1,2
1707,269,1,2
1707,270,1,2
1707,271,1,2
1707,272,1,2
1707,273,1,2
1707,274,1,2
1707,275,1,2
1707,276,1,2
1707,277,1,2
1707,278,1,2
1707,279,1,2
1707,280,1,2
1707,281,1,2
1707,282,1,2
1707,283,1,2
1707,284,1,2
1707,285,1,2
1707,286,1,2
1707,287,1,2
1707,288,1,2
1707,289,1,2
1707,290,1,2
1707,291,1,2
1707,292,1,2
1707,293,1,2
1707,294,1,2
1707,295,1,2
1707,296,1,2
1707,297,1,2
1707,298,1,2
1707,299,1,2
1707,300,1,2
1707,301,1,2
1707,302,1,2
1707,303,1,2
1707,304,1,2
1707,305,1,2
1707,306,1,2
1707,307,1,2
1707,308,1,2
1707,309,1,2
1707,310,1,2
1707,311,1,2
1707,312,1,2
1707,313,1,2
1707,314,1,2
1707,315,1,2
1707,316,1,2
1707,317,1,2
1707,318,1,2
1707,319,1,2
1707,320,1,2
1707,321,1,2
1707,322,1,2
1707,323,1,2
1707,324,1,2
1707,325,1,2
1707,326,1,2
1707,327,1,2
1707,328,1,2
1707,329,1,2
1707,330,1,2
1707,331,1,2
1707,332,1,2
1707,333,1,2
1707,334,1,2
1707,335,1,2
1707,336,1,2
1707,337,1,2
1707,338,1,2
1707,339,1,2
1707,340,1,2
1707,341,1,2
1707,342,1,2
1707,343,1,2
1707,344,1,2
1707,345,1,2
1707,346,1,2
1707,347,1,2
1707,348,1,2
1707,349,1,2
1707,350,1,2
1707,351,1,2
1707,352,1,2
1707,353,1,2
1707,354,1,2
1707,355,1,2
1707,356,1,2
1707,357,1,2
1707,358,1,2
1707,359,1,2
1707,360,1,2
1707,361,1,2
1707,362,1,2
1707,363,1,2
1707,364,1,2
1707,365,1,2
1707,366,1,2
1707,367,1,2
1707,368,1,2
1707,369,1,2
1707,370,1,2
1707,371,1,2
1707,372,1,2
1707,373,1,2
1707,374,1,2
1707,375,1,2
1707,376,1,2
1707,377,1,2
1707,378,1,2
1707,379,1,2
1707,380,1,2
1707,381,1,2
1707,382,1,2
1707,383,1,2
1707,384,1,2
1707,385,1,2
1707,386,1,2
1707,387,1,2
1707,388,1,2
1707,389,1,2
1707,390,1,2
1707,391,1,2
1707,392,1,2
1707,393,1,2
1707,394,1,2
1707,395,1,2
1707,396,1,2
1707,397,1,2
1707,398,1,2
1707,399,1,2
1707,400,1,2
1707,401,1,2
1707,402,1,2
1707,403,1,2
1707,404,1,2
1707,405,1,2
1707,406,1,2
1707,407,1,2
1707,408,1,2
1707,409,1,2
1707,410,1,2
1707,411,1,2
1707,412,1,2
1707,413,1,2
1707,414,1,2
1707,415,1,2
1707,416,1,2
1707,417,1,2
1707,418,1,2
1707,419,1,2
1707,420,1,2
1707,421,1,2
1707,422,1,2
1707,423,1,2
1707,424,1,2
1707,425,1,2
1707,426,1,2
1707,427,1,2
1707,428,1,2
1707,429,1,2
1707,430,1,2
1707,431,1,2
1707,432,1,2
1707,433,1,2
1707,434,1,2
1707,435,1,2
1707,436,1,2
1707,437,1,2
1707,438,1,2
1707,439,1,2
1707,440,1,2
1707,441,1,2
1707,442,1,2
1707,443,1,2
1707,444,1,2
1707,445,1,2
1707,446,1,2
1707,447,1,2
1707,448,1,2
1707,449,1,2
1707,450,1,2
1707,451,1,2
1707,452,1,2
1707,453,1,2
1707,454,1,2
1707,455,1,2
1707,456,1,2
1707,457,1,2
1707,458,1,2
1707,459,1,2
1707,460,1,2
1707,461,1,2
1707,462,1,2
1707,463,1,2
1707,464,1,2
1707,465,1,2
1707,466,1,2
1707,467,1,2
1707,468,1,2
1707,469,1,2
1707,470,1,2
1707,471,1,2
1707,472,1,2
1707,473,1,2
1707,474,1,2
1707,475,1,2
1707,476,1,2
1707,477,1,2
1707,478,1,2
1707,479,1,2
1707,480,1,2
1707,481,1,2
1707,482,1,2
1707,483,1,2
1707,484,1,2
1707,485,1,2
1707,486,1,2
1707,487,1,2
1707,488,1,2
1707,489,1,2
1707,490,1,2
1707,491,1,2
1707,492,1,2
1707,493,1,2
1707,494,1,2
1707,495,1,2
1707,496,1,2
1708,217,1,2
1708,218,1,2
1708,219,1,2
1708,220,1,2
1708,221,1,2
1708,222,1,2
1708,223,1,2
1708,224,1,2
1708,225,1,2
1708,226,1,2
1708,227,1,2
1708,228,1,2
1708,229,1,2
1708,230,1,2
1708,231,1,2
1708,232,1,2
1708,233,1,2
1708,234,1,2
1708,235,1,2
1708,236,1,2
1708,237,1,2
1708,238,1,2
1708,239,1,2
1708,240,1,2
1708,241,1,2
1708,242,1,2
1708,243,1,2
1708,244,1,2
1708,245,1,2
1708,246,1,2
1708,247,1,2
1708,248,1,2
1708,249,1,2
1708,250,1,2
1708,251,1,2
1708,252,1,2
1708,253,1,2
1708,254,1,2
1708,255,1,2
1708,256,1,2
1708,257,1,2
1708,258,1,2
1708,259,1,2
1708,260,1,2
1708,261,1,2
1708,262,1,2
1708,263,1,2
1708,264,1,2
1708,265,1,2
1708,266,1,2
1708,267,1,2
1708,268,1,2
1708,269,1,2
1708,270,1,2
1708,271,1,2
1708,272,1,2
1708,273,1,2
1708,274,1,2
1708,275,1,2
1708,276,1,2
1708,277,1,2
1708,278,1,2
1708,279,1,2
1708,280,1,2
1708,281,1,2
1708,282,1,2
1708,283,1,2
1708,284,1,2
1708,285,1,2
1708,286,1,2
1708,287,1,2
1708,288,1,2
1708,289,1,2
1708,290,1,2
1708,291,1,2
1708,292,1,2
1708,293,1,2
1708,294,1,2
1708,295,1,2
1708,296,1,2
1708,297,1,2
1708,298,1,2
1708,299,1,2
1708,300,1,2
1708,301,1,2
1708,302,1,2
1708,303,1,2
1708,304,1,2
1708,305,1,2
1708,306,1,2
1708,307,1,2
1708,308,1,2
1708,309,1,2
1708,310,1,2
1708,311,1,2
1708,312,1,2
1708,313,1,2
1708,314,1,2
1708,315,1,2
1708,316,1,2
1708,317,1,2
1708,318,1,2
1708,319,1,2
1708,320,1,2
1708,321,1,2
1708,322,1,2
1708,323,1,2
1708,324,1,2
1708,325,1,2
1708,326,1,2
1708,327,1,2
1708,328,1,2
1708,329,1,2
1708,330,1,2
1708,331,1,2
1708,332,1,2
1708,333,1,2
1708,334,1,2
1708,335,1,2
1708,336,1,2
1708,337,1,2
1708,338,1,2
1708,339,1,2
1708,340,1,2
1708,341,1,2
1708,342,1,2
1708,343,1,2
1708,344,1,2
1708,345,1,2
1708,346,1,2
1708,347,1,2
1708,348,1,2
1708,349,1,2
1708,350,1,2
1708,351,1,2
1708,352,1,2
1708,353,1,2
1708,354,1,2
1708,355,1,2
1708,356,1,2
1708,357,1,2
1708,358,1,2
1708,359,1,2
1708,360,1,2
1708,361,1,2
1708,362,1,2
1708,363,1,2
1708,364,1,2
1708,365,1,2
1708,366,1,2
1708,367,1,2
1708,368,1,2
1708,369,1,2
1708,370,1,2
1708,371,1,2
1708,372,1,2
1708,373,1,2
1708,374,1,2
1708,375,1,2
1708,376,1,2
1708,377,1,2
1708,378,1,2
1708,379,1,2
1708,380,1,2
1708,381,1,2
1708,382,1,2
1708,383,1,2
1708,384,1,2
1708,385,1,2
1708,386,1,2
1708,387,1,2
1708,388,1,2
1708,389,1,2
1708,390,1,2
1708,391,1,2
1708,392,1,2
1708,393,1,2
1708,394,1,2
1708,395,1,2
1708,396,1,2
1708,397,1,2
1708,398,1,2
1708,399,1,2
1708,400,1,2
1708,401,1,2
1708,402,1,2
1708,403,1,2
1708,404,1,2
1708,405,1,2
1708,406,1,2
1708,407,1,2
1708,408,1,2
1708,409,1,2
1708,410,1,2
1708,411,1,2
1708,412,1,2
1708,413,1,2
1708,414,1,2
1708,415,1,2
1708,416,1,2
1708,417,1,2
1708,418,1,2
1708,419,1,2
1708,420,1,2
1708,421,1,2
1708,422,1,2
1708,423,1,2
1708,424,1,2
1708,425,1,2
1708,426,1,2
1708,427,1,2
1708,428,1,2
1708,429,1,2
1708,430,1,2
1708,431,1,2
1708,432,1,2
1708,433,1,2
1708,434,1,2
1708,435,1,2
1708,436,1,2
1708,437,1,2
1708,438,1,2
1708,439,1,2
1708,440,1,2
1708,441,1,2
1708,442,1,2
1708,443,1,2
1708,444,1,2
1708,445,1,2
1708,446,1,2
1708,447,1,2
1708,448,1,2
1708,449,1,2
1708,450,1,2
1708,451,1,2
1708,452,1,2
1708,453,1,2
1708,454,1,2
1708,455,1,2
1708,456,1,2
1708,457,1,2
1708,458,1,2
1708,459,1,2
1708,460,1,2
1708,461,1,2
1708,462,1,2
1708,463,1,2
1708,464,1,2
1708,465,1,2
1708,466,1,2
1708,467,1,2
1708,468,1,2
1708,469,1,2
1708,470,1,2
1708,471,1,2
1708,472,1,2
1708,473,1,2
1708,474,1,2
1708,475,1,2
1708,476,1,2
1708,477,1,2
1708,478,1,2
1708,479,1,2
1708,480,1,2
1708,481,1,2
1708,482,1,2
1708,483,1,2
1708,484,1,2
1708,485,1,2
1708,486,1,2
1708,487,1,2
1708,488,1,2
1708,489,1,2
1708,490,1,2
1708,491,1,2
1708,492,1,2
1708,493,1,2
1708,494,1,2
1708,495,1,2
1708,496,1,2
1708,497,1,2
1708,498,1,2
1708,499,1,2
1708,500,1,2
1708,501,1,2
1708,502,1,2
1708,503,1,2
1709,216,1,2
1709,217,1,2
1709,218,1,2
1709,219,1,2
1709,220,1,2
1709,221,1,2
1709,222,1,2
1709,223,1,2
1709,224,1,2
1709,225,1,2
1709,226,1,2
1709,227,1,2
1709,228,1,2
1709,229,1,2
1709,230,1,2
1709,231,1,2
1709,232,1,2
1709,233,1,2
1709,234,1,2
1709,235,1,2
1709,236,1,2
1709,237,1,2
1709,238,1,2
1709,239,1,2
1709,240,1,2
1709,241,1,2
1709,242,1,2
1709,243,1,2
1709,244,1,2
1709,245,1,2
1709,246,1,2
1709,247,1,2
1709,248,1,2
1709,249,1,2
1709,250,1,2
1709,251,1,2
1709,252,1,2
1709,253,1,2
1709,254,1,2
1709,255,1,2
1709,256,1,2
1709,257,1,2
1709,258,1,2
1709,259,1,2
1709,260,1,2
1709,261,1,2
1709,262,1,2
1709,263,1,2
1709,264,1,2
1709,265,1,2
1709,266,1,2
1709,267,1,2
1709,268,1,2
1709,269,1,2
1709,270,1,2
1709,271,1,2
1709,272,1,2
1709,273,1,2
1709,274,1,2
1709,275,1,2
1709,276,1,2
1709,277,1,2
1709,278,1,2
1709,279,1,2
1709,280,1,2
1709,281,1,2
1709,282,1,2
1709,283,1,2
1709,284,1,2
1709,285,1,2
1709,286,1,2
1709,287,1,2
1709,288,1,2
1709,289,1,2
1709,290,1,2
1709,291,1,2
1709,292,1,2
1709,293,1,2
1709,294,1,2
1709,295,1,2
1709,296,1,2
1709,297,1,2
1709,298,1,2
1709,299,1,2
1709,300,1,2
1709,301,1,2
1709,302,1,2
1709,303,1,2
1709,304,1,2
1709,305,1,2
1709,306,1,2
1709,307,1,2
1709,308,1,2
1709,309,1,2
1709,310,1,2
1709,311,1,2
1709,312,1,2
1709,313,1,2
1709,314,1,2
1709,315,1,2
1709,316,1,2
1709,317,1,2
1709,318,1,2
1709,319,1,2
1709,320,1,2
1709,321,1,2
1709,322,1,2
1709,323,1,2
1709,324,1,2
1709,325,1,2
1709,326,1,2
1709,327,1,2
1709,328,1,2
1709,329,1,2
1709,330,1,2
1709,331,1,2
1709,332,1,2
1709,333,1,2
1709,334,1,2
1709,335,1,2
1709,336,1,2
1709,337,1,2
1709,338,1,2
1709,339,1,2
1709,340,1,2
1709,341,1,2
1709,342,1,2
1709,343,1,2
1709,344,1,2
1709,345,1,2
1709,346,1,2
1709,347,1,2
1709,348,1,2
1709,349,1,2
1709,350,1,2
1709,351,1,2
1709,352,1,2
1709,353,1,2
1709,354,1,2
1709,355,1,2
1709,356,1,2
1709,357,1,2
1709,358,1,2
1709,359,1,2
1709,360,1,2
1709,361,1,2
1709,362,1,2
1709,363,1,2
1709,364,1,2
1709,365,1,2
1709,366,1,2
1709,367,1,2
1709,368,1,2
1709,369,1,2
1709,370,1,2
1709,371,1,2
1709,372,1,2
1709,373,1,2
1709,374,1,2
1709,375,1,2
1709,376,1,2
1709,377,1,2
1709,378,1,2
1709,379,1,2
1709,380,1,2
1709,381,1,2
1709,382,1,2
1709,383,1,2
1709,384,1,2
1709,385,1,2
1709,386,1,2
1709,387,1,2
1709,388,1,2
1709,389,1,2
1709,390,1,2
1709,391,1,2
1709,392,1,2
1709,393,1,2
1709,394,1,2
1709,395,1,2
1709,396,1,2
1709,397,1,2
1709,398,1,2
1709,399,1,2
1709,400,1,2
1709,401,1,2
1709,402,1,2
1709,403,1,2
1709,404,1,2
1709,405,1,2
1709,406,1,2
1709,407,1,2
1709,408,1,2
1709,409,1,2
1709,410,1,2
1709,411,1,2
1709,412,1,2
1709,413,1,2
1709,414,1,2
1709,415,1,2
1709,416,1,2
1709,417,1,2
1709,418,1,2
1709,419,1,2
1709,420,1,2
1709,421,1,2
1709,422,1,2
1709,423,1,2
1709,424,1,2
1709,425,1,2
1709,426,1,2
1709,427,1,2
1709,428,1,2
1709,429,1,2
1709,430,1,2
1709,431,1,2
1709,432,1,2
1709,433,1,2
1709,434,1,2
1709,435,1,2
1709,436,1,2
1709,437,1,2
1709,438,1,2
1709,439,1,2
1709,440,1,2
1709,441,1,2
1709,442,1,2
1709,443,1,2
1709,444,1,2
1709,445,1,2
1709,446,1,2
1709,447,1,2
1709,448,1,2
1709,449,1,2
1709,450,1,2
1709,451,1,2
1709,452,1,2
1709,453,1,2
1709,454,1,2
1709,455,1,2
1709,456,1,2
1709,457,1,2
1709,458,1,2
1709,459,1,2
1709,460,1,2
1709,461,1,2
1709,462,1,2
1709,463,1,2
1709,464,1,2
1709,465,1,2
1709,466,1,2
1709,467,1,2
1709,468,1,2
1709,469,1,2
1709,470,1,2
1709,471,1,2
1709,472,1,2
1709,473,1,2
1709,474,1,2
1709,475,1,2
1709,476,1,2
1709,477,1,2
1709,478,1,2
1709,479,1,2
1709,480,1,2
1709,481,1,2
1709,482,1,2
1709,483,1,2
1709,484,1,2
1709,485,1,2
1709,486,1,2
1709,487,1,2
1709,488,1,2
1709,489,1,2
1709,490,1,2
1709,491,1,2
1709,492,1,2
1709,493,1,2
1709,494,1,2
1709,495,1,2
1709,496,1,2
1709,497,1,2
1709,498,1,2
1709,499,1,2
1709,500,1,2
1709,501,1,2
1709,502,1,2
1709,503,1,2
1709,504,1,2
1709,505,1,2
1709,506,1,2
1709,507,1,2
1709,508,1,2
1709,529,1,2
1709,530,1,2
1709,531,1,2
1709,532,1,2
1709,533,1,2
1709,534,1,2
1709,535,1,2
1709,536,1,2
1709,537,1,2
1709,538,1,2
1709,539,1,2
1709,540,1,2
1709,541,1,2
1709,542,1,2
1709,543,1,2
1709,544,1,2
1709,545,1,2
1709,548,1,2
1709,549,1,2
1710,215,1,2
1710,216,1,2
1710,217,1,2
1710,218,1,2
1710,219,1,2
1710,220,1,2
1710,221,1,2
1710,222,1,2
1710,223,1,2
1710,224,1,2
1710,225,1,2
1710,226,1,2
1710,227,1,2
1710,228,1,2
1710,229,1,2
1710,230,1,2
1710,231,1,2
1710,232,1,2
1710,233,1,2
1710,234,1,2
1710,235,1,2
1710,236,1,2
1710,237,1,2
1710,238,1,2
1710,239,1,2
1710,240,1,2
1710,241,1,2
1710,242,1,2
1710,243,1,2
1710,244,1,2
1710,245,1,2
1710,246,1,2
1710,247,1,2
1710,248,1,2
1710,249,1,2
1710,250,1,2
1710,251,1,2
1710,252,1,2
1710,253,1,2
1710,254,1,2
1710,255,1,2
1710,256,1,2
1710,257,1,2
1710,258,1,2
1710,259,1,2
1710,260,1,2
1710,261,1,2
1710,262,1,2
1710,263,1,2
1710,264,1,2
1710,265,1,2
1710,266,1,2
1710,267,1,2
1710,268,1,2
1710,269,1,2
1710,270,1,2
1710,271,1,2
1710,272,1,2
1710,273,1,2
1710,274,1,2
1710,275,1,2
1710,276,1,2
1710,277,1,2
1710,278,1,2
1710,279,1,2
1710,280,1,2
1710,281,1,2
1710,282,1,2
1710,283,1,2
1710,284,1,2
1710,285,1,2
1710,286,1,2
1710,287,1,2
1710,288,1,2
1710,289,1,2
1710,290,1,2
1710,291,1,2
1710,292,1,2
1710,293,1,2
1710,294,1,2
1710,295,1,2
1710,296,1,2
1710,297,1,2
1710,298,1,2
1710,299,1,2
1710,300,1,2
1710,301,1,2
1710,302,1,2
1710,303,1,2
1710,304,1,2
1710,305,1,2
1710,306,1,2
1710,307,1,2
1710,308,1,2
1710,309,1,2
1710,310,1,2
1710,311,1,2
1710,312,1,2
1710,313,1,2
1710,314,1,2
1710,315,1,2
1710,316,1,2
1710,317,1,2
1710,318,1,2
1710,319,1,2
1710,320,1,2
1710,321,1,2
1710,322,1,2
1710,323,1,2
1710,324,1,2
1710,325,1,2
1710,326,1,2
1710,327,1,2
1710,328,1,2
1710,329,1,2
1710,330,1,2
1710,331,1,2
1710,332,1,2
1710,333,1,2
1710,334,1,2
1710,335,1,2
1710,336,1,2
1710,337,1,2
1710,338,1,2
1710,339,1,2
1710,340,1,2
1710,341,1,2
1710,342,1,2
1710,343,1,2
1710,344,1,2
1710,345,1,2
1710,346,1,2
1710,347,1,2
1710,348,1,2
1710,349,1,2
1710,350,1,2
1710,351,1,2
1710,352,1,2
1710,353,1,2
1710,354,1,2
1710,355,1,2
1710,356,1,2
1710,357,1,2
1710,358,1,2
1710,359,1,2
1710,360,1,2
1710,361,1,2
1710,362,1,2
1710,363,1,2
1710,364,1,2
1710,365,1,2
1710,366,1,2
1710,367,1,2
1710,368,1,2
1710,369,1,2
1710,370,1,2
1710,371,1,2
1710,372,1,2
1710,373,1,2
1710,374,1,2
1710,375,1,2
1710,376,1,2
1710,377,1,2
1710,378,1,2
1710,379,1,2
1710,380,1,2
1710,381,1,2
1710,382,1,2
1710,383,1,2
1710,384,1,2
1710,385,1,2
1710,386,1,2
1710,387,1,2
1710,388,1,2
1710,389,1,2
1710,390,1,2
1710,391,1,2
1710,392,1,2
1710,393,1,2
1710,394,1,2
1710,395,1,2
1710,396,1,2
1710,397,1,2
1710,398,1,2
1710,399,1,2
1710,400,1,2
1710,401,1,2
1710,402,1,2
1710,403,1,2
1710,404,1,2
1710,405,1,2
1710,406,1,2
1710,407,1,2
1710,408,1,2
1710,409,1,2
1710,410,1,2
1710,411,1,2
1710,412,1,2
1710,413,1,2
1710,414,1,2
1710,415,1,2
1710,416,1,2
1710,417,1,2
1710,418,1,2
1710,419,1,2
1710,420,1,2
1710,421,1,2
1710,422,1,2
1710,423,1,2
1710,424,1,2
1710,425,1,2
1710,426,1,2
1710,427,1,2
1710,428,1,2
1710,429,1,2
1710,430,1,2
1710,431,1,2
1710,432,1,2
1710,433,1,2
1710,434,1,2
1710,435,1,2
1710,436,1,2
1710,437,1,2
1710,438,1,2
1710,439,1,2
1710,440,1,2
1710,441,1,2
1710,442,1,2
1710,443,1,2
1710,444,1,2
1710,445,1,2
1710,446,1,2
1710,447,1,2
1710,448,1,2
1710,449,1,2
1710,450,1,2
1710,451,1,2
1710,452,1,2
1710,453,1,2
1710,454,1,2
1710,455,1,2
1710,456,1,2
1710,457,1,2
1710,458,1,2
1710,459,1,2
1710,460,1,2
1710,461,1,2
1710,462,1,2
1710,463,1,2
1710,464,1,2
1710,465,1,2
1710,466,1,2
1710,467,1,2
1710,468,1,2
1710,469,1,2
1710,470,1,2
1710,471,1,2
1710,472,1,2
1710,473,1,2
1710,474,1,2
1710,475,1,2
1710,476,1,2
1710,477,1,2
1710,478,1,2
1710,479,1,2
1710,480,1,2
1710,481,1,2
1710,482,1,2
1710,483,1,2
1710,484,1,2
1710,485,1,2
1710,486,1,2
1710,487,1,2
1710,488,1,2
1710,489,1,2
1710,490,1,2
1710,491,1,2
1710,492,1,2
1710,493,1,2
1710,494,1,2
1710,495,1,2
1710,496,1,2
1710,497,1,2
1710,498,1,2
1710,499,1,2
1710,500,1,2
1710,501,1,2
1710,502,1,2
1710,503,1,2
1710,504,1,2
1710,505,1,2
1710,506,1,2
1710,507,1,2
1710,508,1,2
1710,529,1,2
1710,530,1,2
1710,531,1,2
1710,532,1,2
1710,533,1,2
1710,534,1,2
1710,535,1,2
1710,536,1,2
1710,537,1,2
1710,538,1,2
1710,539,1,2
1710,540,1,2
1710,541,1,2
1710,542,1,2
1710,543,1,2
1710,544,1,2
1710,545,1,2
1710,546,1,2
1710,547,1,2
1710,548,1,2
1710,549,1,2
1711,213,1,2
1711,214,1,2
1711,215,1,2
1711,216,1,2
1711,217,1,2
1711,218,1,2
1711,219,1,2
1711,220,1,2
1711,221,1,2
1711,222,1,2
1711,223,1,2
1711,224,1,2
1711,225,1,2
1711,226,1,2
1711,227,1,2
1711,228,1,2
1711,229,1,2
1711,230,1,2
1711,231,1,2
1711,232,1,2
1711,233,1,2
1711,234,1,2
1711,235,1,2
1711,236,1,2
1711,237,1,2
1711,238,1,2
1711,239,1,2
1711,240,1,2
1711,241,1,2
1711,242,1,2
1711,243,1,2
1711,244,1,2
1711,245,1,2
1711,246,1,2
1711,247,1,2
1711,248,1,2
1711,249,1,2
1711,250,1,2
1711,251,1,2
1711,252,1,2
1711,253,1,2
1711,254,1,2
1711,255,1,2
1711,256,1,2
1711,257,1,2
1711,258,1,2
1711,259,1,2
1711,260,1,2
1711,261,1,2
1711,262,1,2
1711,263,1,2
1711,264,1,2
1711,265,1,2
1711,266,1,2
1711,267,1,2
1711,268,1,2
1711,269,1,2
1711,270,1,2
1711,271,1,2
1711,272,1,2
1711,273,1,2
1711,274,1,2
1711,275,1,2
1711,276,1,2
1711,277,1,2
1711,278,1,2
1711,279,1,2
1711,280,1,2
1711,281,1,2
1711,282,1,2
1711,283,1,2
1711,284,1,2
1711,285,1,2
1711,286,1,2
1711,287,1,2
1711,288,1,2
1711,289,1,2
1711,290,1,2
1711,291,1,2
1711,292,1,2
1711,293,1,2
1711,294,1,2
1711,295,1,2
1711,296,1,2
1711,297,1,2
1711,298,1,2
1711,299,1,2
1711,300,1,2
1711,301,1,2
1711,302,1,2
1711,303,1,2
1711,304,1,2
1711,305,1,2
1711,306,1,2
1711,307,1,2
1711,308,1,2
1711,309,1,2
1711,310,1,2
1711,311,1,2
1711,312,1,2
1711,313,1,2
1711,314,1,2
1711,315,1,2
1711,316,1,2
1711,317,1,2
1711,318,1,2
1711,319,1,2
1711,320,1,2
1711,321,1,2
1711,322,1,2
1711,323,1,2
1711,324,1,2
1711,325,1,2
1711,326,1,2
1711,327,1,2
1711,328,1,2
1711,329,1,2
1711,330,1,2
1711,331,1,2
1711,332,1,2
1711,333,1,2
1711,334,1,2
1711,335,1,2
1711,336,1,2
1711,337,1,2
1711,338,1,2
1711,339,1,2
1711,340,1,2
1711,341,1,2
1711,342,1,2
1711,343,1,2
1711,344,1,2
1711,345,1,2
1711,346,1,2
1711,347,1,2
1711,348,1,2
1711,349,1,2
1711,350,1,2
1711,351,1,2
1711,352,1,2
1711,353,1,2
1711,354,1,2
1711,355,1,2
1711,356,1,2
1711,357,1,2
1711,358,1,2
1711,359,1,2
1711,360,1,2
1711,361,1,2
1711,362,1,2
1711,363,1,2
1711,364,1,2
1711,365,1,2
1711,366,1,2
1711,367,1,2
1711,368,1,2
1711,369,1,2
1711,370,1,2
1711,371,1,2
1711,372,1,2
1711,373,1,2
1711,374,1,2
1711,375,1,2
1711,376,1,2
1711,377,1,2
1711,378,1,2
1711,379,1,2
1711,380,1,2
1711,381,1,2
1711,382,1,2
1711,383,1,2
1711,384,1,2
1711,385,1,2
1711,386,1,2
1711,387,1,2
1711,388,1,2
1711,389,1,2
1711,390,1,2
1711,391,1,2
1711,392,1,2
1711,393,1,2
1711,394,1,2
1711,395,1,2
1711,396,1,2
1711,397,1,2
1711,398,1,2
1711,399,1,2
1711,400,1,2
1711,401,1,2
1711,402,1,2
1711,403,1,2
1711,404,1,2
1711,405,1,2
1711,406,1,2
1711,407,1,2
1711,408,1,2
1711,409,1,2
1711,410,1,2
1711,411,1,2
1711,412,1,2
1711,413,1,2
1711,414,1,2
1711,415,1,2
1711,416,1,2
1711,417,1,2
1711,418,1,2
1711,419,1,2
1711,420,1,2
1711,421,1,2
1711,422,1,2
1711,423,1,2
1711,424,1,2
1711,425,1,2
1711,426,1,2
1711,427,1,2
1711,428,1,2
1711,429,1,2
1711,430,1,2
1711,431,1,2
1711,432,1,2
1711,433,1,2
1711,434,1,2
1711,435,1,2
1711,436,1,2
1711,437,1,2
1711,438,1,2
1711,439,1,2
1711,440,1,2
1711,441,1,2
1711,442,1,2
1711,443,1,2
1711,444,1,2
1711,445,1,2
1711,446,1,2
1711,447,1,2
1711,448,1,2
1711,449,1,2
1711,450,1,2
1711,451,1,2
1711,452,1,2
1711,453,1,2
1711,454,1,2
1711,455,1,2
1711,456,1,2
1711,457,1,2
1711,458,1,2
1711,459,1,2
1711,460,1,2
1711,461,1,2
1711,462,1,2
1711,463,1,2
1711,464,1,2
1711,465,1,2
1711,466,1,2
1711,467,1,2
1711,468,1,2
1711,469,1,2
1711,470,1,2
1711,471,1,2
1711,472,1,2
1711,473,1,2
1711,474,1,2
1711,475,1,2
1711,476,1,2
1711,477,1,2
1711,478,1,2
1711,479,1,2
1711,480,1,2
1711,481,1,2
1711,482,1,2
1711,483,1,2
1711,484,1,2
1711,485,1,2
1711,486,1,2
1711,487,1,2
1711,488,1,2
1711,489,1,2
1711,490,1,2
1711,491,1,2
1711,492,1,2
1711,493,1,2
1711,494,1,2
1711,495,1,2
1711,496,1,2
1711,497,1,2
1711,498,1,2
1711,499,1,2
1711,500,1,2
1711,501,1,2
1711,502,1,2
1711,503,1,2
1711,504,1,2
1711,505,1,2
1711,506,1,2
1711,507,1,2
1711,508,1,2
1711,509,1,2
1711,510,1,2
1711,529,1,2
1711,530,1,2
1711,531,1,2
1711,532,1,2
1711,533,1,2
1711,534,1,2
1711,535,1,2
1711,536,1,2
1711,537,1,2
1711,538,1,2
1711,539,1,2
1711,540,1,2
1711,541,1,2
1711,542,1,2
1711,543,1,2
1711,544,1,2
1711,545,1,2
1711,546,1,2
1711,547,1,2
1711,548,1,2
1711,549,1,2
1711,550,1,2
1711,551,1,2
1711,566,1,2
1711,567,1,2
1711,568,1,2
1711,569,1,2
1712,211,1,2
1712,212,1,2
1712,213,1,2
1712,214,1,2
1712,215,1,2
1712,216,1,2
1712,217,1,2
1712,218,1,2
1712,219,1,2
1712,220,1,2
1712,221,1,2
1712,222,1,2
1712,223,1,2
1712,224,1,2
1712,225,1,2
1712,226,1,2
1712,227,1,2
1712,228,1,2
1712,229,1,2
1712,230,1,2
1712,231,1,2
1712,232,1,2
1712,233,1,2
1712,234,1,2
1712,235,1,2
1712,236,1,2
1712,237,1,2
1712,238,1,2
1712,239,1,2
1712,240,1,2
1712,241,1,2
1712,242,1,2
1712,243,1,2
1712,244,1,2
1712,245,1,2
1712,246,1,2
1712,247,1,2
1712,248,1,2
1712,249,1,2
1712,250,1,2
1712,251,1,2
1712,252,1,2
1712,253,1,2
1712,254,1,2
1712,255,1,2
1712,256,1,2
1712,257,1,2
1712,258,1,2
1712,259,1,2
1712,260,1,2
1712,261,1,2
1712,262,1,2
1712,263,1,2
1712,264,1,2
1712,265,1,2
1712,266,1,2
1712,267,1,2
1712,268,1,2
1712,269,1,2
1712,270,1,2
1712,271,1,2
1712,272,1,2
1712,273,1,2
1712,274,1,2
1712,275,1,2
1712,276,1,2
1712,277,1,2
1712,278,1,2
1712,279,1,2
1712,280,1,2
1712,281,1,2
1712,282,1,2
1712,283,1,2
1712,284,1,2
1712,285,1,2
1712,286,1,2
1712,287,1,2
1712,288,1,2
1712,289,1,2
1712,290,1,2
1712,291,1,2
1712,292,1,2
1712,293,1,2
1712,294,1,2
1712,295,1,2
1712,296,1,2
1712,297,1,2
1712,298,1,2
1712,299,1,2
1712,300,1,2
1712,301,1,2
1712,302,1,2
1712,303,1,2
1712,304,1,2
1712,305,1,2
1712,306,1,2
1712,307,1,2
1712,308,1,2
1712,309,1,2
1712,310,1,2
1712,311,1,2
1712,312,1,2
1712,313,1,2
1712,314,1,2
1712,315,1,2
1712,316,1,2
1712,317,1,2
1712,318,1,2
1712,319,1,2
1712,320,1,2
1712,321,1,2
1712,322,1,2
1712,323,1,2
1712,324,1,2
1712,325,1,2
1712,326,1,2
1712,327,1,2
1712,328,1,2
1712,329,1,2
1712,330,1,2
1712,331,1,2
1712,332,1,2
1712,333,1,2
1712,334,1,2
1712,335,1,2
1712,336,1,2
1712,337,1,2
1712,338,1,2
1712,339,1,2
1712,340,1,2
1712,341,1,2
1712,342,1,2
1712,343,1,2
1712,344,1,2
1712,345,1,2
1712,346,1,2
1712,347,1,2
1712,348,1,2
1712,349,1,2
1712,350,1,2
1712,351,1,2
1712,352,1,2
1712,353,1,2
1712,354,1,2
1712,355,1,2
1712,356,1,2
1712,357,1,2
1712,358,1,2
1712,359,1,2
1712,360,1,2
1712,361,1,2
1712,362,1,2
1712,363,1,2
1712,364,1,2
1712,365,1,2
1712,366,1,2
1712,367,1,2
1712,368,1,2
1712,369,1,2
1712,370,1,2
1712,371,1,2
1712,372,1,2
1712,373,1,2
1712,374,1,2
1712,375,1,2
1712,376,1,2
1712,377,1,2
1712,378,1,2
1712,379,1,2
1712,380,1,2
1712,381,1,2
1712,382,1,2
1712,383,1,2
1712,384,1,2
1712,385,1,2
1712,386,1,2
1712,387,1,2
1712,388,1,2
1712,389,1,2
1712,390,1,2
1712,391,1,2
1712,392,1,2
1712,393,1,2
1712,394,1,2
1712,395,1,2
1712,396,1,2
1712,397,1,2
1712,398,1,2
1712,399,1,2
1712,400,1,2
1712,401,1,2
1712,402,1,2
1712,403,1,2
1712,404,1,2
1712,405,1,2
1712,406,1,2
1712,407,1,2
1712,408,1,2
1712,409,1,2
1712,410,1,2
1712,411,1,2
1712,412,1,2
1712,413,1,2
1712,414,1,2
1712,415,1,2
1712,416,1,2
1712,417,1,2
1712,418,1,2
1712,419,1,2
1712,420,1,2
1712,421,1,2
1712,422,1,2
1712,423,1,2
1712,424,1,2
1712,425,1,2
1712,426,1,2
1712,427,1,2
1712,428,1,2
1712,429,1,2
1712,430,1,2
1712,431,1,2
1712,432,1,2
1712,433,1,2
1712,434,1,2
1712,435,1,2
1712,436,1,2
1712,437,1,2
1712,438,1,2
1712,439,1,2
1712,440,1,2
1712,441,1,2
1712,442,1,2
1712,443,1,2
1712,444,1,2
1712,445,1,2
1712,446,1,2
1712,447,1,2
1712,448,1,2
1712,449,1,2
1712,450,1,2
1712,451,1,2
1712,452,1,2
1712,453,1,2
1712,454,1,2
1712,455,1,2
1712,456,1,2
1712,457,1,2
1712,458,1,2
1712,459,1,2
1712,460,1,2
1712,461,1,2
1712,462,1,2
1712,463,1,2
1712,464,1,2
1712,465,1,2
1712,466,1,2
1712,467,1,2
1712,468,1,2
1712,469,1,2
1712,470,1,2
1712,471,1,2
1712,472,1,2
1712,473,1,2
1712,474,1,2
1712,475,1,2
1712,476,1,2
1712,477,1,2
1712,478,1,2
1712,479,1,2
1712,480,1,2
1712,481,1,2
1712,482,1,2
1712,483,1,2
1712,484,1,2
1712,485,1,2
1712,486,1,2
1712,487,1,2
1712,488,1,2
1712,489,1,2
1712,490,1,2
1712,491,1,2
1712,492,1,2
1712,493,1,2
1712,494,1,2
1712,495,1,2
1712,496,1,2
1712,497,1,2
1712,498,1,2
1712,499,1,2
1712,500,1,2
1712,501,1,2
1712,502,1,2
1712,503,1,2
1712,504,1,2
1712,505,1,2
1712,506,1,2
1712,507,1,2
1712,508,1,2
1712,509,1,2
1712,510,1,2
1712,511,1,2
1712,512,1,2
1712,513,1,2
1712,514,1,2
1712,515,1,2
1712,516,1,2
1712,517,1,2
1712,518,1,2
1712,519,1,2
1712,520,1,2
1712,521,1,2
1712,522,1,2
1712,523,1,2
1712,524,1,2
1712,525,1,2
1712,526,1,2
1712,527,1,2
1712,528,1,2
1712,529,1,2
1712,530,1,2
1712,531,1,2
1712,532,1,2
1712,533,1,2
1712,534,1,2
1712,535,1,2
1712,536,1,2
1712,537,1,2
1712,538,1,2
1712,539,1,2
1712,540,1,2
1712,541,1,2
1712,542,1,2
1712,543,1,2
1712,544,1,2
1712,545,1,2
1712,546,1,2
1712,547,1,2
1712,548,1,2
1712,549,1,2
1712,550,1,2
1712,551,1,2
1712,552,1,2
1712,553,1,2
1712,554,1,2
1712,555,1,2
1712,556,1,2
1712,557,1,2
1712,558,1,2
1712,559,1,2
1712,564,1,2
1712,565,1,2
1712,566,1,2
1712,567,1,2
1712,568,1,2
1712,569,1,2
1712,570,1,2
1712,571,1,2
1713,212,1,2
1713,213,1,2
1713,214,1,2
1713,215,1,2
1713,216,1,2
1713,217,1,2
1713,218,1,2
1713,219,1,2
1713,220,1,2
1713,221,1,2
1713,222,1,2
1713,223,1,2
1713,224,1,2
1713,225,1,2
1713,226,1,2
1713,227,1,2
1713,228,1,2
1713,229,1,2
1713,230,1,2
1713,231,1,2
1713,232,1,2
1713,233,1,2
1713,234,1,2
1713,235,1,2
1713,236,1,2
1713,237,1,2
1713,238,1,2
1713,239,1,2
1713,240,1,2
1713,241,1,2
1713,242,1,2
1713,243,1,2
1713,244,1,2
1713,245,1,2
1713,246,1,2
1713,247,1,2
1713,248,1,2
1713,249,1,2
1713,250,1,2
1713,251,1,2
1713,252,1,2
1713,253,1,2
1713,254,1,2
1713,255,1,2
1713,256,1,2
1713,257,1,2
1713,258,1,2
1713,259,1,2
1713,260,1,2
1713,261,1,2
1713,262,1,2
1713,263,1,2
1713,264,1,2
1713,265,1,2
1713,266,1,2
1713,267,1,2
1713,268,1,2
1713,269,1,2
1713,270,1,2
1713,271,1,2
1713,272,1,2
1713,273,1,2
1713,274,1,2
1713,275,1,2
1713,276,1,2
1713,277,1,2
1713,278,1,2
1713,279,1,2
1713,280,1,2
1713,281,1,2
1713,282,1,2
1713,283,1,2
1713,284,1,2
1713,285,1,2
1713,286,1,2
1713,287,1,2
1713,288,1,2
1713,289,1,2
1713,290,1,2
1713,291,1,2
1713,292,1,2
1713,293,1,2
1713,294,1,2
1713,295,1,2
1713,296,1,2
1713,297,1,2
1713,298,1,2
1713,299,1,2
1713,300,1,2
1713,301,1,2
1713,302,1,2
1713,303,1,2
1713,304,1,2
1713,305,1,2
1713,306,1,2
1713,307,1,2
1713,308,1,2
1713,309,1,2
1713,310,1,2
1713,311,1,2
1713,312,1,2
1713,313,1,2
1713,314,1,2
1713,315,1,2
1713,316,1,2
1713,317,1,2
1713,318,1,2
1713,319,1,2
1713,320,1,2
1713,321,1,2
1713,322,1,2
1713,323,1,2
1713,324,1,2
1713,325,1,2
1713,326,1,2
1713,327,1,2
1713,328,1,2
1713,329,1,2
1713,330,1,2
1713,331,1,2
1713,332,1,2
1713,333,1,2
1713,334,1,2
1713,335,1,2
1713,336,1,2
1713,337,1,2
1713,338,1,2
1713,339,1,2
1713,340,1,2
1713,341,1,2
1713,342,1,2
1713,343,1,2
1713,344,1,2
1713,345,1,2
1713,346,1,2
1713,347,1,2
1713,348,1,2
1713,349,1,2
1713,350,1,2
1713,351,1,2
1713,352,1,2
1713,353,1,2
1713,354,1,2
1713,355,1,2
1713,356,1,2
1713,357,1,2
1713,358,1,2
1713,359,1,2
1713,360,1,2
1713,361,1,2
1713,362,1,2
1713,363,1,2
1713,364,1,2
1713,365,1,2
1713,366,1,2
1713,367,1,2
1713,368,1,2
1713,369,1,2
1713,370,1,2
1713,371,1,2
1713,372,1,2
1713,373,1,2
1713,374,1,2
1713,375,1,2
1713,376,1,2
1713,377,1,2
1713,378,1,2
1713,379,1,2
1713,380,1,2
1713,381,1,2
1713,382,1,2
1713,383,1,2
1713,384,1,2
1713,385,1,2
1713,386,1,2
1713,387,1,2
1713,388,1,2
1713,389,1,2
1713,390,1,2
1713,391,1,2
1713,392,1,2
1713,393,1,2
1713,394,1,2
1713,395,1,2
1713,396,1,2
1713,397,1,2
1713,398,1,2
1713,399,1,2
1713,400,1,2
1713,401,1,2
1713,402,1,2
1713,403,1,2
1713,404,1,2
1713,405,1,2
1713,406,1,2
1713,407,1,2
1713,408,1,2
1713,409,1,2
1713,410,1,2
1713,411,1,2
1713,412,1,2
1713,413,1,2
1713,414,1,2
1713,415,1,2
1713,416,1,2
1713,417,1,2
1713,418,1,2
1713,419,1,2
1713,420,1,2
1713,421,1,2
1713,422,1,2
1713,423,1,2
1713,424,1,2
1713,425,1,2
1713,426,1,2
1713,427,1,2
1713,428,1,2
1713,429,1,2
1713,430,1,2
1713,431,1,2
1713,432,1,2
1713,433,1,2
1713,434,1,2
1713,435,1,2
1713,436,1,2
1713,437,1,2
1713,438,1,2
1713,439,1,2
1713,440,1,2
1713,441,1,2
1713,442,1,2
1713,443,1,2
1713,444,1,2
1713,445,1,2
1713,446,1,2
1713,447,1,2
1713,448,1,2
1713,449,1,2
1713,450,1,2
1713,451,1,2
1713,452,1,2
1713,453,1,2
1713,454,1,2
1713,455,1,2
1713,456,1,2
1713,457,1,2
1713,458,1,2
1713,459,1,2
1713,460,1,2
1713,461,1,2
1713,462,1,2
1713,463,1,2
1713,464,1,2
1713,465,1,2
1713,466,1,2
1713,467,1,2
1713,468,1,2
1713,469,1,2
1713,470,1,2
1713,471,1,2
1713,472,1,2
1713,473,1,2
1713,474,1,2
1713,475,1,2
1713,476,1,2
1713,477,1,2
1713,478,1,2
1713,479,1,2
1713,480,1,2
1713,481,1,2
1713,482,1,2
1713,483,1,2
1713,484,1,2
1713,485,1,2
1713,486,1,2
1713,487,1,2
1713,488,1,2
1713,489,1,2
1713,490,1,2
1713,491,1,2
1713,492,1,2
1713,493,1,2
1713,494,1,2
1713,495,1,2
1713,496,1,2
1713,497,1,2
1713,498,1,2
1713,499,1,2
1713,500,1,2
1713,501,1,2
1713,502,1,2
1713,503,1,2
1713,504,1,2
1713,505,1,2
1713,506,1,2
1713,507,1,2
1713,508,1,2
1713,509,1,2
1713,510,1,2
1713,511,1,2
1713,512,1,2
1713,513,1,2
1713,514,1,2
1713,515,1,2
1713,516,1,2
1713,517,1,2
1713,518,1,2
1713,519,1,2
1713,520,1,2
1713,521,1,2
1713,522,1,2
1713,523,1,2
1713,524,1,2
1713,525,1,2
1713,526,1,2
1713,527,1,2
1713,528,1,2
1713,529,1,2
1713,530,1,2
1713,531,1,2
1713,532,1,2
1713,533,1,2
1713,534,1,2
1713,535,1,2
1713,536,1,2
1713,537,1,2
1713,538,1,2
1713,539,1,2
1713,540,1,2
1713,541,1,2
1713,542,1,2
1713,543,1,2
1713,544,1,2
1713,545,1,2
1713,546,1,2
1713,547,1,2
1713,548,1,2
1713,549,1,2
1713,550,1,2
1713,551,1,2
1713,552,1,2
1713,553,1,2
1713,554,1,2
1713,555,1,2
1713,556,1,2
1713,557,1,2
1713,558,1,2
1713,559,1,2
1713,560,1,2
1713,561,1,2
1713,562,1,2
1713,563,1,2
1713,564,1,2
1713,565,1,2
1713,566,1,2
1713,567,1,2
1713,568,1,2
1713,569,1,2
1713,570,1,2
1713,571,1,2
1713,572,1,2
1713,573,1,2
1714,211,1,2
1714,212,1,2
1714,213,1,2
1714,214,1,2
1714,215,1,2
1714,216,1,2
1714,217,1,2
1714,218,1,2
1714,219,1,2
1714,220,1,2
1714,221,1,2
1714,222,1,2
1714,223,1,2
1714,224,1,2
1714,225,1,2
1714,226,1,2
1714,227,1,2
1714,228,1,2
1714,229,1,2
1714,230,1,2
1714,231,1,2
1714,232,1,2
1714,233,1,2
1714,234,1,2
1714,235,1,2
1714,236,1,2
1714,237,1,2
1714,238,1,2
1714,239,1,2
1714,240,1,2
1714,241,1,2
1714,242,1,2
1714,243,1,2
1714,244,1,2
1714,245,1,2
1714,246,1,2
1714,247,1,2
1714,248,1,2
1714,249,1,2
1714,250,1,2
1714,251,1,2
1714,252,1,2
1714,253,1,2
1714,254,1,2
1714,255,1,2
1714,256,1,2
1714,257,1,2
1714,258,1,2
1714,259,1,2
1714,260,1,2
1714,261,1,2
1714,262,1,2
1714,263,1,2
1714,264,1,2
1714,265,1,2
1714,266,1,2
1714,267,1,2
1714,268,1,2
1714,269,1,2
1714,270,1,2
1714,271,1,2
1714,272,1,2
1714,273,1,2
1714,274,1,2
1714,275,1,2
1714,276,1,2
1714,277,1,2
1714,278,1,2
1714,279,1,2
1714,280,1,2
1714,281,1,2
1714,282,1,2
1714,283,1,2
1714,284,1,2
1714,285,1,2
1714,286,1,2
1714,287,1,2
1714,288,1,2
1714,289,1,2
1714,290,1,2
1714,291,1,2
1714,292,1,2
1714,293,1,2
1714,294,1,2
1714,295,1,2
1714,296,1,2
1714,297,1,2
1714,298,1,2
1714,299,1,2
1714,300,1,2
1714,301,1,2
1714,302,1,2
1714,303,1,2
1714,304,1,2
1714,305,1,2
1714,306,1,2
1714,307,1,2
1714,308,1,2
1714,309,1,2
1714,310,1,2
1714,311,1,2
1714,312,1,2
1714,313,1,2
1714,314,1,2
1714,315,1,2
1714,316,1,2
1714,317,1,2
1714,318,1,2
1714,319,1,2
1714,320,1,2
1714,321,1,2
1714,322,1,2
1714,323,1,2
1714,324,1,2
1714,325,1,2
1714,326,1,2
1714,327,1,2
1714,328,1,2
1714,329,1,2
1714,330,1,2
1714,331,1,2
1714,332,1,2
1714,333,1,2
1714,334,1,2
1714,335,1,2
1714,336,1,2
1714,337,1,2
1714,338,1,2
1714,339,1,2
1714,340,1,2
1714,341,1,2
1714,342,1,2
1714,343,1,2
1714,344,1,2
1714,345,1,2
1714,346,1,2
1714,347,1,2
1714,348,1,2
1714,349,1,2
1714,350,1,2
1714,351,1,2
1714,352,1,2
1714,353,1,2
1714,354,1,2
1714,355,1,2
1714,356,1,2
1714,357,1,2
1714,358,1,2
1714,359,1,2
1714,360,1,2
1714,361,1,2
1714,362,1,2
1714,363,1,2
1714,364,1,2
1714,365,1,2
1714,366,1,2
1714,367,1,2
1714,368,1,2
1714,369,1,2
1714,370,1,2
1714,371,1,2
1714,372,1,2
1714,373,1,2
1714,374,1,2
1714,375,1,2
1714,376,1,2
1714,377,1,2
1714,378,1,2
1714,379,1,2
1714,380,1,2
1714,381,1,2
1714,382,1,2
1714,383,1,2
1714,384,1,2
1714,385,1,2
1714,386,1,2
1714,387,1,2
1714,388,1,2
1714,389,1,2
1714,390,1,2
1714,391,1,2
1714,392,1,2
1714,393,1,2
1714,394,1,2
1714,395,1,2
1714,396,1,2
1714,397,1,2
1714,398,1,2
1714,399,1,2
1714,400,1,2
1714,401,1,2
1714,402,1,2
1714,403,1,2
1714,404,1,2
1714,405,1,2
1714,406,1,2
1714,407,1,2
1714,408,1,2
1714,409,1,2
1714,410,1,2
1714,411,1,2
1714,412,1,2
1714,413,1,2
1714,414,1,2
1714,415,1,2
1714,416,1,2
1714,417,1,2
1714,418,1,2
1714,419,1,2
1714,420,1,2
1714,421,1,2
1714,422,1,2
1714,423,1,2
1714,424,1,2
1714,425,1,2
1714,426,1,2
1714,427,1,2
1714,428,1,2
1714,429,1,2
1714,430,1,2
1714,431,1,2
1714,432,1,2
1714,433,1,2
1714,434,1,2
1714,435,1,2
1714,436,1,2
1714,437,1,2
1714,438,1,2
1714,439,1,2
1714,440,1,2
1714,441,1,2
1714,442,1,2
1714,443,1,2
1714,444,1,2
1714,445,1,2
1714,446,1,2
1714,447,1,2
1714,448,1,2
1714,449,1,2
1714,450,1,2
1714,451,1,2
1714,452,1,2
1714,453,1,2
1714,454,1,2
1714,455,1,2
1714,456,1,2
1714,457,1,2
1714,458,1,2
1714,459,1,2
1714,460,1,2
1714,461,1,2
1714,462,1,2
1714,463,1,2
1714,464,1,2
1714,465,1,2
1714,466,1,2
1714,467,1,2
1714,468,1,2
1714,469,1,2
1714,470,1,2
1714,471,1,2
1714,472,1,2
1714,473,1,2
1714,474,1,2
1714,475,1,2
1714,476,1,2
1714,477,1,2
1714,478,1,2
1714,479,1,2
1714,480,1,2
1714,481,1,2
1714,482,1,2
1714,483,1,2
1714,484,1,2
1714,485,1,2
1714,486,1,2
1714,487,1,2
1714,488,1,2
1714,489,1,2
1714,490,1,2
1714,491,1,2
1714,492,1,2
1714,493,1,2
1714,494,1,2
1714,495,1,2
1714,496,1,2
1714,497,1,2
1714,498,1,2
1714,499,1,2
1714,500,1,2
1714,501,1,2
1714,502,1,2
1714,503,1,2
1714,504,1,2
1714,505,1,2
1714,506,1,2
1714,507,1,2
1714,508,1,2
1714,509,1,2
1714,510,1,2
1714,511,1,2
1714,512,1,2
1714,513,1,2
1714,514,1,2
1714,515,1,2
1714,516,1,2
1714,517,1,2
1714,518,1,2
1714,519,1,2
1714,520,1,2
1714,521,1,2
1714,522,1,2
1714,523,1,2
1714,524,1,2
1714,525,1,2
1714,526,1,2
1714,527,1,2
1714,528,1,2
1714,529,1,2
1714,530,1,2
1714,531,1,2
1714,532,1,2
1714,533,1,2
1714,534,1,2
1714,535,1,2
1714,536,1,2
1714,537,1,2
1714,538,1,2
1714,539,1,2
1714,540,1,2
1714,541,1,2
1714,542,1,2
1714,543,1,2
1714,544,1,2
1714,545,1,2
1714,546,1,2
1714,547,1,2
1714,548,1,2
1714,549,1,2
1714,550,1,2
1714,551,1,2
1714,552,1,2
1714,553,1,2
1714,554,1,2
1714,555,1,2
1714,556,1,2
1714,557,1,2
1714,558,1,2
1714,559,1,2
1714,560,1,2
1714,561,1,2
1714,562,1,2
1714,563,1,2
1714,564,1,2
1714,565,1,2
1714,566,1,2
1714,567,1,2
1714,568,1,2
1714,569,1,2
1714,570,1,2
1714,571,1,2
1714,572,1,2
1714,573,1,2
1714,574,1,2
1715,208,1,2
1715,210,1,2
1715,211,1,2
1715,212,1,2
1715,213,1,2
1715,214,1,2
1715,215,1,2
1715,216,1,2
1715,217,1,2
1715,218,1,2
1715,219,1,2
1715,220,1,2
1715,221,1,2
1715,222,1,2
1715,223,1,2
1715,224,1,2
1715,225,1,2
1715,226,1,2
1715,227,1,2
1715,228,1,2
1715,229,1,2
1715,230,1,2
1715,231,1,2
1715,232,1,2
1715,233,1,2
1715,234,1,2
1715,235,1,2
1715,236,1,2
1715,237,1,2
1715,238,1,2
1715,239,1,2
1715,240,1,2
1715,241,1,2
1715,242,1,2
1715,243,1,2
1715,244,1,2
1715,245,1,2
1715,246,1,2
1715,247,1,2
1715,248,1,2
1715,249,1,2
1715,250,1,2
1715,251,1,2
1715,252,1,2
1715,253,1,2
1715,254,1,2
1715,255,1,2
1715,256,1,2
1715,257,1,2
1715,258,1,2
1715,259,1,2
1715,260,1,2
1715,261,1,2
1715,262,1,2
1715,263,1,2
1715,264,1,2
1715,265,1,2
1715,266,1,2
1715,267,1,2
1715,268,1,2
1715,269,1,2
1715,270,1,2
1715,271,1,2
1715,272,1,2
1715,273,1,2
1715,274,1,2
1715,275,1,2
1715,276,1,2
1715,277,1,2
1715,278,1,2
1715,279,1,2
1715,280,1,2
1715,281,1,2
1715,282,1,2
1715,283,1,2
1715,284,1,2
1715,285,1,2
1715,286,1,2
1715,287,1,2
1715,288,1,2
1715,289,1,2
1715,290,1,2
1715,291,1,2
1715,292,1,2
1715,293,1,2
1715,294,1,2
1715,295,1,2
1715,296,1,2
1715,297,1,2
1715,298,1,2
1715,299,1,2
1715,300,1,2
1715,301,1,2
1715,302,1,2
1715,303,1,2
1715,304,1,2
1715,305,1,2
1715,306,1,2
1715,307,1,2
1715,308,1,2
1715,309,1,2
1715,310,1,2
1715,311,1,2
1715,312,1,2
1715,313,1,2
1715,314,1,2
1715,315,1,2
1715,316,1,2
1715,317,1,2
1715,318,1,2
1715,319,1,2
1715,320,1,2
1715,321,1,2
1715,322,1,2
1715,323,1,2
1715,324,1,2
1715,325,1,2
1715,326,1,2
1715,327,1,2
1715,328,1,2
1715,329,1,2
1715,330,1,2
1715,331,1,2
1715,332,1,2
1715,333,1,2
1715,334,1,2
1715,335,1,2
1715,336,1,2
1715,337,1,2
1715,338,1,2
1715,339,1,2
1715,340,1,2
1715,341,1,2
1715,342,1,2
1715,343,1,2
1715,344,1,2
1715,345,1,2
1715,346,1,2
1715,347,1,2
1715,348,1,2
1715,349,1,2
1715,350,1,2
1715,351,1,2
1715,352,1,2
1715,353,1,2
1715,354,1,2
1715,355,1,2
1715,356,1,2
1715,357,1,2
1715,358,1,2
1715,359,1,2
1715,360,1,2
1715,361,1,2
1715,362,1,2
1715,363,1,2
1715,364,1,2
1715,365,1,2
1715,366,1,2
1715,367,1,2
1715,368,1,2
1715,369,1,2
1715,370,1,2
1715,371,1,2
1715,372,1,2
1715,373,1,2
1715,374,1,2
1715,375,1,2
1715,376,1,2
1715,377,1,2
1715,378,1,2
1715,379,1,2
1715,380,1,2
1715,381,1,2
1715,382,1,2
1715,383,1,2
1715,384,1,2
1715,385,1,2
1715,386,1,2
1715,387,1,2
1715,388,1,2
1715,389,1,2
1715,390,1,2
1715,391,1,2
1715,392,1,2
1715,393,1,2
1715,394,1,2
1715,395,1,2
1715,396,1,2
1715,397,1,2
1715,398,1,2
1715,399,1,2
1715,400,1,2
1715,401,1,2
1715,402,1,2
1715,403,1,2
1715,404,1,2
1715,405,1,2
1715,406,1,2
1715,407,1,2
1715,408,1,2
1715,409,1,2
1715,410,1,2
1715,411,1,2
1715,412,1,2
1715,413,1,2
1715,414,1,2
1715,415,1,2
1715,416,1,2
1715,417,1,2
1715,418,1,2
1715,419,1,2
1715,420,1,2
1715,421,1,2
1715,422,1,2
1715,423,1,2
1715,424,1,2
1715,425,1,2
1715,426,1,2
1715,427,1,2
1715,428,1,2
1715,429,1,2
1715,430,1,2
1715,431,1,2
1715,432,1,2
1715,433,1,2
1715,434,1,2
1715,435,1,2
1715,436,1,2
1715,437,1,2
1715,438,1,2
1715,439,1,2
1715,440,1,2
1715,441,1,2
1715,442,1,2
1715,443,1,2
1715,444,1,2
1715,445,1,2
1715,446,1,2
1715,447,1,2
1715,448,1,2
1715,449,1,2
1715,450,1,2
1715,451,1,2
1715,452,1,2
1715,453,1,2
1715,454,1,2
1715,455,1,2
1715,456,1,2
1715,457,1,2
1715,458,1,2
1715,459,1,2
1715,460,1,2
1715,461,1,2
1715,462,1,2
1715,463,1,2
1715,464,1,2
1715,465,1,2
1715,466,1,2
1715,467,1,2
1715,468,1,2
1715,469,1,2
1715,470,1,2
1715,471,1,2
1715,472,1,2
1715,473,1,2
1715,474,1,2
1715,475,1,2
1715,476,1,2
1715,477,1,2
1715,478,1,2
1715,479,1,2
1715,480,1,2
1715,481,1,2
1715,482,1,2
1715,483,1,2
1715,484,1,2
1715,485,1,2
1715,486,1,2
1715,487,1,2
1715,488,1,2
1715,489,1,2
1715,490,1,2
1715,491,1,2
1715,492,1,2
1715,493,1,2
1715,494,1,2
1715,495,1,2
1715,496,1,2
1715,497,1,2
1715,498,1,2
1715,499,1,2
1715,500,1,2
1715,501,1,2
1715,502,1,2
1715,503,1,2
1715,504,1,2
1715,505,1,2
1715,506,1,2
1715,507,1,2
1715,508,1,2
1715,509,1,2
1715,510,1,2
1715,511,1,2
1715,512,1,2
1715,513,1,2
1715,514,1,2
1715,515,1,2
1715,516,1,2
1715,517,1,2
1715,518,1,2
1715,519,1,2
1715,520,1,2
1715,521,1,2
1715,522,1,2
1715,523,1,2
1715,524,1,2
1715,525,1,2
1715,526,1,2
1715,527,1,2
1715,528,1,2
1715,529,1,2
1715,530,1,2
1715,531,1,2
1715,532,1,2
1715,533,1,2
1715,534,1,2
1715,535,1,2
1715,536,1,2
1715,537,1,2
1715,538,1,2
1715,539,1,2
1715,540,1,2
1715,541,1,2
1715,542,1,2
1715,543,1,2
1715,544,1,2
1715,545,1,2
1715,546,1,2
1715,547,1,2
1715,548,1,2
1715,549,1,2
1715,550,1,2
1715,551,1,2
1715,552,1,2
1715,553,1,2
1715,554,1,2
1715,555,1,2
1715,556,1,2
1715,557,1,2
1715,558,1,2
1715,559,1,2
1715,560,1,2
1715,561,1,2
1715,562,1,2
1715,563,1,2
1715,564,1,2
1715,565,1,2
1715,566,1,2
1715,567,1,2
1715,568,1,2
1715,569,1,2
1715,570,1,2
1715,571,1,2
1715,572,1,2
1715,573,1,2
1715,574,1,2
1715,575,1,2
1716,207,1,2
1716,208,1,2
1716,209,1,2
1716,210,1,2
1716,211,1,2
1716,212,1,2
1716,213,1,2
1716,214,1,2
1716,215,1,2
1716,216,1,2
1716,217,1,2
1716,218,1,2
1716,219,1,2
1716,220,1,2
1716,221,1,2
1716,222,1,2
1716,223,1,2
1716,224,1,2
1716,225,1,2
1716,226,1,2
1716,227,1,2
1716,228,1,2
1716,229,1,2
1716,230,1,2
1716,231,1,2
1716,232,1,2
1716,233,1,2
1716,234,1,2
1716,235,1,2
1716,236,1,2
1716,237,1,2
1716,238,1,2
1716,239,1,2
1716,240,1,2
1716,241,1,2
1716,242,1,2
1716,243,1,2
1716,244,1,2
1716,245,1,2
1716,246,1,2
1716,247,1,2
1716,248,1,2
1716,249,1,2
1716,250,1,2
1716,251,1,2
1716,252,1,2
1716,253,1,2
1716,254,1,2
1716,255,1,2
1716,256,1,2
1716,257,1,2
1716,258,1,2
1716,259,1,2
1716,260,1,2
1716,261,1,2
1716,262,1,2
1716,263,1,2
1716,264,1,2
1716,265,1,2
1716,266,1,2
1716,267,1,2
1716,268,1,2
1716,269,1,2
1716,270,1,2
1716,271,1,2
1716,272,1,2
1716,273,1,2
1716,274,1,2
1716,275,1,2
1716,276,1,2
1716,277,1,2
1716,278,1,2
1716,279,1,2
1716,280,1,2
1716,281,1,2
1716,282,1,2
1716,283,1,2
1716,284,1,2
1716,285,1,2
1716,286,1,2
1716,287,1,2
1716,288,1,2
1716,289,1,2
1716,290,1,2
1716,291,1,2
1716,292,1,2
1716,293,1,2
1716,294,1,2
1716,295,1,2
1716,296,1,2
1716,297,1,2
1716,298,1,2
1716,299,1,2
1716,300,1,2
1716,301,1,2
1716,302,1,2
1716,303,1,2
1716,304,1,2
1716,305,1,2
1716,306,1,2
1716,307,1,2
1716,308,1,2
1716,309,1,2
1716,310,1,2
1716,311,1,2
1716,312,1,2
1716,313,1,2
1716,314,1,2
1716,315,1,2
1716,316,1,2
1716,317,1,2
1716,318,1,2
1716,319,1,2
1716,320,1,2
1716,321,1,2
1716,322,1,2
1716,323,1,2
1716,324,1,2
1716,325,1,2
1716,326,1,2
1716,327,1,2
1716,328,1,2
1716,329,1,2
1716,330,1,2
1716,331,1,2
1716,332,1,2
1716,333,1,2
1716,334,1,2
1716,335,1,2
1716,336,1,2
1716,337,1,2
1716,338,1,2
1716,339,1,2
1716,340,1,2
1716,341,1,2
1716,342,1,2
1716,343,1,2
1716,344,1,2
1716,345,1,2
1716,346,1,2
1716,347,1,2
1716,348,1,2
1716,349,1,2
1716,350,1,2
1716,351,1,2
1716,352,1,2
1716,353,1,2
1716,354,1,2
1716,355,1,2
1716,356,1,2
1716,357,1,2
1716,358,1,2
1716,359,1,2
1716,360,1,2
1716,361,1,2
1716,362,1,2
1716,363,1,2
1716,364,1,2
1716,365,1,2
1716,366,1,2
1716,367,1,2
1716,368,1,2
1716,369,1,2
1716,370,1,2
1716,371,1,2
1716,372,1,2
1716,373,1,2
1716,374,1,2
1716,375,1,2
1716,376,1,2
1716,377,1,2
1716,378,1,2
1716,379,1,2
1716,380,1,2
1716,381,1,2
1716,382,1,2
1716,383,1,2
1716,384,1,2
1716,385,1,2
1716,386,1,2
1716,387,1,2
1716,388,1,2
1716,389,1,2
1716,390,1,2
1716,391,1,2
1716,392,1,2
1716,393,1,2
1716,394,1,2
1716,395,1,2
1716,396,1,2
1716,397,1,2
1716,398,1,2
1716,399,1,2
1716,400,1,2
1716,401,1,2
1716,402,1,2
1716,403,1,2
1716,404,1,2
1716,405,1,2
1716,406,1,2
1716,407,1,2
1716,408,1,2
1716,409,1,2
1716,410,1,2
1716,411,1,2
1716,412,1,2
1716,413,1,2
1716,414,1,2
1716,415,1,2
1716,416,1,2
1716,417,1,2
1716,418,1,2
1716,419,1,2
1716,420,1,2
1716,421,1,2
1716,422,1,2
1716,423,1,2
1716,424,1,2
1716,425,1,2
1716,426,1,2
1716,427,1,2
1716,428,1,2
1716,429,1,2
1716,430,1,2
1716,431,1,2
1716,432,1,2
1716,433,1,2
1716,434,1,2
1716,435,1,2
1716,436,1,2
1716,437,1,2
1716,438,1,2
1716,439,1,2
1716,440,1,2
1716,441,1,2
1716,442,1,2
1716,443,1,2
1716,444,1,2
1716,445,1,2
1716,446,1,2
1716,447,1,2
1716,448,1,2
1716,449,1,2
1716,450,1,2
1716,451,1,2
1716,452,1,2
1716,453,1,2
1716,454,1,2
1716,455,1,2
1716,456,1,2
1716,457,1,2
1716,458,1,2
1716,459,1,2
1716,460,1,2
1716,461,1,2
1716,462,1,2
1716,463,1,2
1716,464,1,2
1716,465,1,2
1716,466,1,2
1716,467,1,2
1716,468,1,2
1716,469,1,2
1716,470,1,2
1716,471,1,2
1716,472,1,2
1716,473,1,2
1716,474,1,2
1716,475,1,2
1716,476,1,2
1716,477,1,2
1716,478,1,2
1716,479,1,2
1716,480,1,2
1716,481,1,2
1716,482,1,2
1716,483,1,2
1716,484,1,2
1716,485,1,2
1716,486,1,2
1716,487,1,2
1716,488,1,2
1716,489,1,2
1716,490,1,2
1716,491,1,2
1716,492,1,2
1716,493,1,2
1716,494,1,2
1716,495,1,2
1716,496,1,2
1716,497,1,2
1716,498,1,2
1716,499,1,2
1716,500,1,2
1716,501,1,2
1716,502,1,2
1716,503,1,2
1716,504,1,2
1716,505,1,2
1716,506,1,2
1716,507,1,2
1716,508,1,2
1716,509,1,2
1716,510,1,2
1716,511,1,2
1716,512,1,2
1716,513,1,2
1716,514,1,2
1716,515,1,2
1716,516,1,2
1716,517,1,2
1716,518,1,2
1716,519,1,2
1716,520,1,2
1716,521,1,2
1716,522,1,2
1716,523,1,2
1716,524,1,2
1716,525,1,2
1716,526,1,2
1716,527,1,2
1716,528,1,2
1716,529,1,2
1716,530,1,2
1716,531,1,2
1716,532,1,2
1716,533,1,2
1716,534,1,2
1716,535,1,2
1716,536,1,2
1716,537,1,2
1716,538,1,2
1716,539,1,2
1716,540,1,2
1716,541,1,2
1716,542,1,2
1716,543,1,2
1716,544,1,2
1716,545,1,2
1716,546,1,2
1716,547,1,2
1716,548,1,2
1716,549,1,2
1716,550,1,2
1716,551,1,2
1716,552,1,2
1716,553,1,2
1716,554,1,2
1716,555,1,2
1716,556,1,2
1716,557,1,2
1716,558,1,2
1716,559,1,2
1716,560,1,2
1716,561,1,2
1716,562,1,2
1716,563,1,2
1716,564,1,2
1716,565,1,2
1716,566,1,2
1716,567,1,2
1716,568,1,2
1716,569,1,2
1716,570,1,2
1716,571,1,2
1716,572,1,2
1716,573,1,2
1716,574,1,2
1716,575,1,2
1717,207,1,2
1717,208,1,2
1717,209,1,2
1717,210,1,2
1717,211,1,2
1717,212,1,2
1717,213,1,2
1717,214,1,2
1717,215,1,2
1717,216,1,2
1717,217,1,2
1717,218,1,2
1717,219,1,2
1717,220,1,2
1717,221,1,2
1717,222,1,2
1717,223,1,2
1717,224,1,2
1717,225,1,2
1717,226,1,2
1717,227,1,2
1717,228,1,2
1717,229,1,2
1717,230,1,2
1717,231,1,2
1717,232,1,2
1717,233,1,2
1717,234,1,2
1717,235,1,2
1717,236,1,2
1717,237,1,2
1717,238,1,2
1717,239,1,2
1717,240,1,2
1717,241,1,2
1717,242,1,2
1717,243,1,2
1717,244,1,2
1717,245,1,2
1717,246,1,2
1717,247,1,2
1717,248,1,2
1717,249,1,2
1717,250,1,2
1717,251,1,2
1717,252,1,2
1717,253,1,2
1717,254,1,2
1717,255,1,2
1717,256,1,2
1717,257,1,2
1717,258,1,2
1717,259,1,2
1717,260,1,2
1717,261,1,2
1717,262,1,2
1717,263,1,2
1717,264,1,2
1717,265,1,2
1717,266,1,2
1717,267,1,2
1717,268,1,2
1717,269,1,2
1717,270,1,2
1717,271,1,2
1717,272,1,2
1717,273,1,2
1717,274,1,2
1717,275,1,2
1717,276,1,2
1717,277,1,2
1717,278,1,2
1717,279,1,2
1717,280,1,2
1717,281,1,2
1717,282,1,2
1717,283,1,2
1717,284,1,2
1717,285,1,2
1717,286,1,2
1717,287,1,2
1717,288,1,2
1717,289,1,2
1717,290,1,2
1717,291,1,2
1717,292,1,2
1717,293,1,2
1717,294,1,2
1717,295,1,2
1717,296,1,2
1717,297,1,2
1717,298,1,2
1717,299,1,2
1717,300,1,2
1717,301,1,2
1717,302,1,2
1717,303,1,2
1717,304,1,2
1717,305,1,2
1717,306,1,2
1717,307,1,2
1717,308,1,2
1717,309,1,2
1717,310,1,2
1717,311,1,2
1717,312,1,2
1717,313,1,2
1717,314,1,2
1717,315,1,2
1717,316,1,2
1717,317,1,2
1717,318,1,2
1717,319,1,2
1717,320,1,2
1717,321,1,2
1717,322,1,2
1717,323,1,2
1717,324,1,2
1717,325,1,2
1717,326,1,2
1717,327,1,2
1717,328,1,2
1717,329,1,2
1717,330,1,2
1717,331,1,2
1717,332,1,2
1717,333,1,2
1717,334,1,2
1717,335,1,2
1717,336,1,2
1717,337,1,2
1717,338,1,2
1717,339,1,2
1717,340,1,2
1717,341,1,2
1717,342,1,2
1717,343,1,2
1717,344,1,2
1717,345,1,2
1717,346,1,2
1717,347,1,2
1717,348,1,2
1717,349,1,2
1717,350,1,2
1717,351,1,2
1717,352,1,2
1717,353,1,2
1717,354,1,2
1717,355,1,2
1717,356,1,2
1717,357,1,2
1717,358,1,2
1717,359,1,2
1717,360,1,2
1717,361,1,2
1717,362,1,2
1717,363,1,2
1717,364,1,2
1717,365,1,2
1717,366,1,2
1717,367,1,2
1717,368,1,2
1717,369,1,2
1717,370,1,2
1717,371,1,2
1717,372,1,2
1717,373,1,2
1717,374,1,2
1717,375,1,2
1717,376,1,2
1717,377,1,2
1717,378,1,2
1717,379,1,2
1717,380,1,2
1717,381,1,2
1717,382,1,2
1717,383,1,2
1717,384,1,2
1717,385,1,2
1717,386,1,2
1717,387,1,2
1717,388,1,2
1717,389,1,2
1717,390,1,2
1717,391,1,2
1717,392,1,2
1717,393,1,2
1717,394,1,2
1717,395,1,2
1717,396,1,2
1717,397,1,2
1717,398,1,2
1717,399,1,2
1717,400,1,2
1717,401,1,2
1717,402,1,2
1717,403,1,2
1717,404,1,2
1717,405,1,2
1717,406,1,2
1717,407,1,2
1717,408,1,2
1717,409,1,2
1717,410,1,2
1717,411,1,2
1717,412,1,2
1717,413,1,2
1717,414,1,2
1717,415,1,2
1717,416,1,2
1717,417,1,2
1717,418,1,2
1717,419,1,2
1717,420,1,2
1717,421,1,2
1717,422,1,2
1717,423,1,2
1717,424,1,2
1717,425,1,2
1717,426,1,2
1717,427,1,2
1717,428,1,2
1717,429,1,2
1717,430,1,2
1717,431,1,2
1717,432,1,2
1717,433,1,2
1717,434,1,2
1717,435,1,2
1717,436,1,2
1717,437,1,2
1717,438,1,2
1717,439,1,2
1717,440,1,2
1717,441,1,2
1717,442,1,2
1717,443,1,2
1717,444,1,2
1717,445,1,2
1717,446,1,2
1717,447,1,2
1717,448,1,2
1717,449,1,2
1717,450,1,2
1717,451,1,2
1717,452,1,2
1717,453,1,2
1717,454,1,2
1717,455,1,2
1717,456,1,2
1717,457,1,2
1717,458,1,2
1717,459,1,2
1717,460,1,2
1717,461,1,2
1717,462,1,2
1717,463,1,2
1717,464,1,2
1717,465,1,2
1717,466,1,2
1717,467,1,2
1717,468,1,2
1717,469,1,2
1717,470,1,2
1717,471,1,2
1717,472,1,2
1717,473,1,2
1717,474,1,2
1717,475,1,2
1717,476,1,2
1717,477,1,2
1717,478,1,2
1717,479,1,2
1717,480,1,2
1717,481,1,2
1717,482,1,2
1717,483,1,2
1717,484,1,2
1717,485,1,2
1717,486,1,2
1717,487,1,2
1717,488,1,2
1717,489,1,2
1717,490,1,2
1717,491,1,2
1717,492,1,2
1717,493,1,2
1717,494,1,2
1717,495,1,2
1717,496,1,2
1717,497,1,2
1717,498,1,2
1717,499,1,2
1717,500,1,2
1717,501,1,2
1717,502,1,2
1717,503,1,2
1717,504,1,2
1717,505,1,2
1717,506,1,2
1717,507,1,2
1717,508,1,2
1717,509,1,2
1717,510,1,2
1717,511,1,2
1717,512,1,2
1717,513,1,2
1717,514,1,2
1717,515,1,2
1717,516,1,2
1717,517,1,2
1717,518,1,2
1717,519,1,2
1717,520,1,2
1717,521,1,2
1717,522,1,2
1717,523,1,2
1717,524,1,2
1717,525,1,2
1717,526,1,2
1717,527,1,2
1717,528,1,2
1717,529,1,2
1717,530,1,2
1717,531,1,2
1717,532,1,2
1717,533,1,2
1717,534,1,2
1717,535,1,2
1717,536,1,2
1717,537,1,2
1717,538,1,2
1717,539,1,2
1717,540,1,2
1717,541,1,2
1717,542,1,2
1717,543,1,2
1717,544,1,2
1717,545,1,2
1717,546,1,2
1717,547,1,2
1717,548,1,2
1717,549,1,2
1717,550,1,2
1717,551,1,2
1717,552,1,2
1717,553,1,2
1717,554,1,2
1717,555,1,2
1717,556,1,2
1717,557,1,2
1717,558,1,2
1717,559,1,2
1717,560,1,2
1717,561,1,2
1717,562,1,2
1717,563,1,2
1717,564,1,2
1717,565,1,2
1717,566,1,2
1717,567,1,2
1717,568,1,2
1717,569,1,2
1717,570,1,2
1717,571,1,2
1717,572,1,2
1717,573,1,2
1717,574,1,2
1717,575,1,2
1717,576,1,2
1718,206,1,2
1718,207,1,2
1718,208,1,2
1718,209,1,2
1718,210,1,2
1718,211,1,2
1718,212,1,2
1718,213,1,2
1718,214,1,2
1718,215,1,2
1718,216,1,2
1718,217,1,2
1718,218,1,2
1718,219,1,2
1718,220,1,2
1718,221,1,2
1718,222,1,2
1718,223,1,2
1718,224,1,2
1718,225,1,2
1718,226,1,2
1718,227,1,2
1718,228,1,2
1718,229,1,2
1718,230,1,2
1718,231,1,2
1718,232,1,2
1718,233,1,2
1718,234,1,2
1718,235,1,2
1718,236,1,2
1718,237,1,2
1718,238,1,2
1718,239,1,2
1718,240,1,2
1718,241,1,2
1718,242,1,2
1718,243,1,2
1718,244,1,2
1718,245,1,2
1718,246,1,2
1718,247,1,2
1718,248,1,2
1718,249,1,2
1718,250,1,2
1718,251,1,2
1718,252,1,2
1718,253,1,2
1718,254,1,2
1718,255,1,2
1718,256,1,2
1718,257,1,2
1718,258,1,2
1718,259,1,2
1718,260,1,2
1718,261,1,2
1718,262,1,2
1718,263,1,2
1718,264,1,2
1718,265,1,2
1718,266,1,2
1718,267,1,2
1718,268,1,2
1718,269,1,2
1718,270,1,2
1718,271,1,2
1718,272,1,2
1718,273,1,2
1718,274,1,2
1718,275,1,2
1718,276,1,2
1718,277,1,2
1718,278,1,2
1718,279,1,2
1718,280,1,2
1718,281,1,2
1718,282,1,2
1718,283,1,2
1718,284,1,2
1718,285,1,2
1718,286,1,2
1718,287,1,2
1718,288,1,2
1718,289,1,2
1718,290,1,2
1718,291,1,2
1718,292,1,2
1718,293,1,2
1718,294,1,2
1718,295,1,2
1718,296,1,2
1718,297,1,2
1718,298,1,2
1718,299,1,2
1718,300,1,2
1718,301,1,2
1718,302,1,2
1718,303,1,2
1718,304,1,2
1718,305,1,2
1718,306,1,2
1718,307,1,2
1718,308,1,2
1718,309,1,2
1718,310,1,2
1718,311,1,2
1718,312,1,2
1718,313,1,2
1718,314,1,2
1718,315,1,2
1718,316,1,2
1718,317,1,2
1718,318,1,2
1718,319,1,2
1718,320,1,2
1718,321,1,2
1718,322,1,2
1718,323,1,2
1718,324,1,2
1718,325,1,2
1718,326,1,2
1718,327,1,2
1718,328,1,2
1718,329,1,2
1718,330,1,2
1718,331,1,2
1718,332,1,2
1718,333,1,2
1718,334,1,2
1718,335,1,2
1718,336,1,2
1718,337,1,2
1718,338,1,2
1718,339,1,2
1718,340,1,2
1718,341,1,2
1718,342,1,2
1718,343,1,2
1718,344,1,2
1718,345,1,2
1718,346,1,2
1718,347,1,2
1718,348,1,2
1718,349,1,2
1718,350,1,2
1718,351,1,2
1718,352,1,2
1718,353,1,2
1718,354,1,2
1718,355,1,2
1718,356,1,2
1718,357,1,2
1718,358,1,2
1718,359,1,2
1718,360,1,2
1718,361,1,2
1718,362,1,2
1718,363,1,2
1718,364,1,2
1718,365,1,2
1718,366,1,2
1718,367,1,2
1718,368,1,2
1718,369,1,2
1718,370,1,2
1718,371,1,2
1718,372,1,2
1718,373,1,2
1718,374,1,2
1718,375,1,2
1718,376,1,2
1718,377,1,2
1718,378,1,2
1718,379,1,2
1718,380,1,2
1718,381,1,2
1718,382,1,2
1718,383,1,2
1718,384,1,2
1718,385,1,2
1718,386,1,2
1718,387,1,2
1718,388,1,2
1718,389,1,2
1718,390,1,2
1718,391,1,2
1718,392,1,2
1718,393,1,2
1718,394,1,2
1718,395,1,2
1718,396,1,2
1718,397,1,2
1718,398,1,2
1718,399,1,2
1718,400,1,2
1718,401,1,2
1718,402,1,2
1718,403,1,2
1718,404,1,2
1718,405,1,2
1718,406,1,2
1718,407,1,2
1718,408,1,2
1718,409,1,2
1718,410,1,2
1718,411,1,2
1718,412,1,2
1718,413,1,2
1718,414,1,2
1718,415,1,2
1718,416,1,2
1718,417,1,2
1718,418,1,2
1718,419,1,2
1718,420,1,2
1718,421,1,2
1718,422,1,2
1718,423,1,2
1718,424,1,2
1718,425,1,2
1718,426,1,2
1718,427,1,2
1718,428,1,2
1718,429,1,2
1718,430,1,2
1718,431,1,2
1718,432,1,2
1718,433,1,2
1718,434,1,2
1718,435,1,2
1718,436,1,2
1718,437,1,2
1718,438,1,2
1718,439,1,2
1718,440,1,2
1718,441,1,2
1718,442,1,2
1718,443,1,2
1718,444,1,2
1718,445,1,2
1718,446,1,2
1718,447,1,2
1718,448,1,2
1718,449,1,2
1718,450,1,2
1718,451,1,2
1718,452,1,2
1718,453,1,2
1718,454,1,2
1718,455,1,2
1718,456,1,2
1718,457,1,2
1718,458,1,2
1718,459,1,2
1718,460,1,2
1718,461,1,2
1718,462,1,2
1718,463,1,2
1718,464,1,2
1718,465,1,2
1718,466,1,2
1718,467,1,2
1718,468,1,2
1718,469,1,2
1718,470,1,2
1718,471,1,2
1718,472,1,2
1718,473,1,2
1718,474,1,2
1718,475,1,2
1718,476,1,2
1718,477,1,2
1718,478,1,2
1718,479,1,2
1718,480,1,2
1718,481,1,2
1718,482,1,2
1718,483,1,2
1718,484,1,2
1718,485,1,2
1718,486,1,2
1718,487,1,2
1718,488,1,2
1718,489,1,2
1718,490,1,2
1718,491,1,2
1718,492,1,2
1718,493,1,2
1718,494,1,2
1718,495,1,2
1718,496,1,2
1718,497,1,2
1718,498,1,2
1718,499,1,2
1718,500,1,2
1718,501,1,2
1718,502,1,2
1718,503,1,2
1718,504,1,2
1718,505,1,2
1718,506,1,2
1718,507,1,2
1718,508,1,2
1718,509,1,2
1718,510,1,2
1718,511,1,2
1718,512,1,2
1718,513,1,2
1718,514,1,2
1718,515,1,2
1718,516,1,2
1718,517,1,2
1718,518,1,2
1718,519,1,2
1718,520,1,2
1718,521,1,2
1718,522,1,2
1718,523,1,2
1718,524,1,2
1718,525,1,2
1718,526,1,2
1718,527,1,2
1718,528,1,2
1718,529,1,2
1718,530,1,2
1718,531,1,2
1718,532,1,2
1718,533,1,2
1718,534,1,2
1718,535,1,2
1718,536,1,2
1718,537,1,2
1718,538,1,2
1718,539,1,2
1718,540,1,2
1718,541,1,2
1718,542,1,2
1718,543,1,2
1718,544,1,2
1718,545,1,2
1718,546,1,2
1718,547,1,2
1718,548,1,2
1718,549,1,2
1718,550,1,2
1718,551,1,2
1718,552,1,2
1718,553,1,2
1718,554,1,2
1718,555,1,2
1718,556,1,2
1718,557,1,2
1718,558,1,2
1718,559,1,2
1718,560,1,2
1718,561,1,2
1718,562,1,2
1718,563,1,2
1718,564,1,2
1718,565,1,2
1718,566,1,2
1718,567,1,2
1718,568,1,2
1718,569,1,2
1718,570,1,2
1718,571,1,2
1718,572,1,2
1718,573,1,2
1718,574,1,2
1718,575,1,2
1718,576,1,2
1718,577,1,2
1719,206,1,2
1719,207,1,2
1719,208,1,2
1719,209,1,2
1719,210,1,2
1719,211,1,2
1719,212,1,2
1719,213,1,2
1719,214,1,2
1719,215,1,2
1719,216,1,2
1719,217,1,2
1719,218,1,2
1719,219,1,2
1719,220,1,2
1719,221,1,2
1719,222,1,2
1719,223,1,2
1719,224,1,2
1719,225,1,2
1719,226,1,2
1719,227,1,2
1719,228,1,2
1719,229,1,2
1719,230,1,2
1719,231,1,2
1719,232,1,2
1719,233,1,2
1719,234,1,2
1719,235,1,2
1719,236,1,2
1719,237,1,2
1719,238,1,2
1719,239,1,2
1719,240,1,2
1719,241,1,2
1719,242,1,2
1719,243,1,2
1719,244,1,2
1719,245,1,2
1719,246,1,2
1719,247,1,2
1719,248,1,2
1719,249,1,2
1719,250,1,2
1719,251,1,2
1719,252,1,2
1719,253,1,2
1719,254,1,2
1719,255,1,2
1719,256,1,2
1719,257,1,2
1719,258,1,2
1719,259,1,2
1719,260,1,2
1719,261,1,2
1719,262,1,2
1719,263,1,2
1719,264,1,2
1719,265,1,2
1719,266,1,2
1719,267,1,2
1719,268,1,2
1719,269,1,2
1719,270,1,2
1719,271,1,2
1719,272,1,2
1719,273,1,2
1719,274,1,2
1719,275,1,2
1719,276,1,2
1719,277,1,2
1719,278,1,2
1719,279,1,2
1719,280,1,2
1719,281,1,2
1719,282,1,2
1719,283,1,2
1719,284,1,2
1719,285,1,2
1719,286,1,2
1719,287,1,2
1719,288,1,2
1719,289,1,2
1719,290,1,2
1719,291,1,2
1719,292,1,2
1719,293,1,2
1719,294,1,2
1719,295,1,2
1719,296,1,2
1719,297,1,2
1719,298,1,2
1719,299,1,2
1719,300,1,2
1719,301,1,2
1719,302,1,2
1719,303,1,2
1719,304,1,2
1719,305,1,2
1719,306,1,2
1719,307,1,2
1719,308,1,2
1719,309,1,2
1719,310,1,2
1719,311,1,2
1719,312,1,2
1719,313,1,2
1719,314,1,2
1719,315,1,2
1719,316,1,2
1719,317,1,2
1719,318,1,2
1719,319,1,2
1719,320,1,2
1719,321,1,2
1719,322,1,2
1719,323,1,2
1719,324,1,2
1719,325,1,2
1719,326,1,2
1719,327,1,2
1719,328,1,2
1719,329,1,2
1719,330,1,2
1719,331,1,2
1719,332,1,2
1719,333,1,2
1719,334,1,2
1719,335,1,2
1719,336,1,2
1719,337,1,2
1719,338,1,2
1719,339,1,2
1719,340,1,2
1719,341,1,2
1719,342,1,2
1719,343,1,2
1719,344,1,2
1719,345,1,2
1719,346,1,2
1719,347,1,2
1719,348,1,2
1719,349,1,2
1719,350,1,2
1719,351,1,2
1719,352,1,2
1719,353,1,2
1719,354,1,2
1719,355,1,2
1719,356,1,2
1719,357,1,2
1719,358,1,2
1719,359,1,2
1719,360,1,2
1719,361,1,2
1719,362,1,2
1719,363,1,2
1719,364,1,2
1719,365,1,2
1719,366,1,2
1719,367,1,2
1719,368,1,2
1719,369,1,2
1719,370,1,2
1719,371,1,2
1719,372,1,2
1719,373,1,2
1719,374,1,2
1719,375,1,2
1719,376,1,2
1719,377,1,2
1719,378,1,2
1719,379,1,2
1719,380,1,2
1719,381,1,2
1719,382,1,2
1719,383,1,2
1719,384,1,2
1719,385,1,2
1719,386,1,2
1719,387,1,2
1719,388,1,2
1719,389,1,2
1719,390,1,2
1719,391,1,2
1719,392,1,2
1719,393,1,2
1719,394,1,2
1719,395,1,2
1719,396,1,2
1719,397,1,2
1719,398,1,2
1719,399,1,2
1719,400,1,2
1719,401,1,2
1719,402,1,2
1719,403,1,2
1719,404,1,2
1719,405,1,2
1719,406,1,2
1719,407,1,2
1719,408,1,2
1719,409,1,2
1719,410,1,2
1719,411,1,2
1719,412,1,2
1719,413,1,2
1719,414,1,2
1719,415,1,2
1719,416,1,2
1719,417,1,2
1719,418,1,2
1719,419,1,2
1719,420,1,2
1719,421,1,2
1719,422,1,2
1719,423,1,2
1719,424,1,2
1719,425,1,2
1719,426,1,2
1719,427,1,2
1719,428,1,2
1719,429,1,2
1719,430,1,2
1719,431,1,2
1719,432,1,2
1719,433,1,2
1719,434,1,2
1719,435,1,2
1719,436,1,2
1719,437,1,2
1719,438,1,2
1719,439,1,2
1719,440,1,2
1719,441,1,2
1719,442,1,2
1719,443,1,2
1719,444,1,2
1719,445,1,2
1719,446,1,2
1719,447,1,2
1719,448,1,2
1719,449,1,2
1719,450,1,2
1719,451,1,2
1719,452,1,2
1719,453,1,2
1719,454,1,2
1719,455,1,2
1719,456,1,2
1719,457,1,2
1719,458,1,2
1719,459,1,2
1719,460,1,2
1719,461,1,2
1719,462,1,2
1719,463,1,2
1719,464,1,2
1719,465,1,2
1719,466,1,2
1719,467,1,2
1719,468,1,2
1719,469,1,2
1719,470,1,2
1719,471,1,2
1719,472,1,2
1719,473,1,2
1719,474,1,2
1719,475,1,2
1719,476,1,2
1719,477,1,2
1719,478,1,2
1719,479,1,2
1719,480,1,2
1719,481,1,2
1719,482,1,2
1719,483,1,2
1719,484,1,2
1719,485,1,2
1719,486,1,2
1719,487,1,2
1719,488,1,2
1719,489,1,2
1719,490,1,2
1719,491,1,2
1719,492,1,2
1719,493,1,2
1719,494,1,2
1719,495,1,2
1719,496,1,2
1719,497,1,2
1719,498,1,2
1719,499,1,2
1719,500,1,2
1719,501,1,2
1719,502,1,2
1719,503,1,2
1719,504,1,2
1719,505,1,2
1719,506,1,2
1719,507,1,2
1719,508,1,2
1719,509,1,2
1719,510,1,2
1719,511,1,2
1719,512,1,2
1719,513,1,2
1719,514,1,2
1719,515,1,2
1719,516,1,2
1719,517,1,2
1719,518,1,2
1719,519,1,2
1719,520,1,2
1719,521,1,2
1719,522,1,2
1719,523,1,2
1719,524,1,2
1719,525,1,2
1719,526,1,2
1719,527,1,2
1719,528,1,2
1719,529,1,2
1719,530,1,2
1719,531,1,2
1719,532,1,2
1719,533,1,2
1719,534,1,2
1719,535,1,2
1719,536,1,2
1719,537,1,2
1719,538,1,2
1719,539,1,2
1719,540,1,2
1719,541,1,2
1719,542,1,2
1719,543,1,2
1719,544,1,2
1719,545,1,2
1719,546,1,2
1719,547,1,2
1719,548,1,2
1719,549,1,2
1719,550,1,2
1719,551,1,2
1719,552,1,2
1719,553,1,2
1719,554,1,2
1719,555,1,2
1719,556,1,2
1719,557,1,2
1719,558,1,2
1719,559,1,2
1719,560,1,2
1719,561,1,2
1719,562,1,2
1719,563,1,2
1719,564,1,2
1719,565,1,2
1719,566,1,2
1719,567,1,2
1719,568,1,2
1719,569,1,2
1719,570,1,2
1719,571,1,2
1719,572,1,2
1719,573,1,2
1719,574,1,2
1719,575,1,2
1719,576,1,2
1719,577,1,2
1719,578,1,2
1719,579,1,2
1720,205,1,2
1720,206,1,2
1720,207,1,2
1720,208,1,2
1720,209,1,2
1720,210,1,2
1720,211,1,2
1720,212,1,2
1720,213,1,2
1720,214,1,2
1720,215,1,2
1720,216,1,2
1720,217,1,2
1720,218,1,2
1720,219,1,2
1720,220,1,2
1720,221,1,2
1720,222,1,2
1720,223,1,2
1720,224,1,2
1720,225,1,2
1720,226,1,2
1720,227,1,2
1720,228,1,2
1720,229,1,2
1720,230,1,2
1720,231,1,2
1720,232,1,2
1720,233,1,2
1720,234,1,2
1720,235,1,2
1720,236,1,2
1720,237,1,2
1720,238,1,2
1720,239,1,2
1720,240,1,2
1720,241,1,2
1720,242,1,2
1720,243,1,2
1720,244,1,2
1720,245,1,2
1720,246,1,2
1720,247,1,2
1720,248,1,2
1720,249,1,2
1720,250,1,2
1720,251,1,2
1720,252,1,2
1720,253,1,2
1720,254,1,2
1720,255,1,2
1720,256,1,2
1720,257,1,2
1720,258,1,2
1720,259,1,2
1720,260,1,2
1720,261,1,2
1720,262,1,2
1720,263,1,2
1720,264,1,2
1720,265,1,2
1720,266,1,2
1720,267,1,2
1720,268,1,2
1720,269,1,2
1720,270,1,2
1720,271,1,2
1720,272,1,2
1720,273,1,2
1720,274,1,2
1720,275,1,2
1720,276,1,2
1720,277,1,2
1720,278,1,2
1720,279,1,2
1720,280,1,2
1720,281,1,2
1720,282,1,2
1720,283,1,2
1720,284,1,2
1720,285,1,2
1720,286,1,2
1720,287,1,2
1720,288,1,2
1720,289,1,2
1720,290,1,2
1720,291,1,2
1720,292,1,2
1720,293,1,2
1720,294,1,2
1720,295,1,2
1720,296,1,2
1720,297,1,2
1720,298,1,2
1720,299,1,2
1720,300,1,2
1720,301,1,2
1720,302,1,2
1720,303,1,2
1720,304,1,2
1720,305,1,2
1720,306,1,2
1720,307,1,2
1720,308,1,2
1720,309,1,2
1720,310,1,2
1720,311,1,2
1720,312,1,2
1720,313,1,2
1720,314,1,2
1720,315,1,2
1720,316,1,2
1720,317,1,2
1720,318,1,2
1720,319,1,2
1720,320,1,2
1720,321,1,2
1720,322,1,2
1720,323,1,2
1720,324,1,2
1720,325,1,2
1720,326,1,2
1720,327,1,2
1720,328,1,2
1720,329,1,2
1720,330,1,2
1720,331,1,2
1720,332,1,2
1720,333,1,2
1720,334,1,2
1720,335,1,2
1720,336,1,2
1720,337,1,2
1720,338,1,2
1720,339,1,2
1720,340,1,2
1720,341,1,2
1720,342,1,2
1720,343,1,2
1720,344,1,2
1720,345,1,2
1720,346,1,2
1720,347,1,2
1720,348,1,2
1720,349,1,2
1720,350,1,2
1720,351,1,2
1720,352,1,2
1720,353,1,2
1720,354,1,2
1720,355,1,2
1720,356,1,2
1720,357,1,2
1720,358,1,2
1720,359,1,2
1720,360,1,2
1720,361,1,2
1720,362,1,2
1720,363,1,2
1720,364,1,2
1720,365,1,2
1720,366,1,2
1720,367,1,2
1720,368,1,2
1720,369,1,2
1720,370,1,2
1720,371,1,2
1720,372,1,2
1720,373,1,2
1720,374,1,2
1720,375,1,2
1720,376,1,2
1720,377,1,2
1720,378,1,2
1720,379,1,2
1720,380,1,2
1720,381,1,2
1720,382,1,2
1720,383,1,2
1720,384,1,2
1720,385,1,2
1720,386,1,2
1720,387,1,2
1720,388,1,2
1720,389,1,2
1720,390,1,2
1720,391,1,2
1720,392,1,2
1720,393,1,2
1720,394,1,2
1720,395,1,2
1720,396,1,2
1720,397,1,2
1720,398,1,2
1720,399,1,2
1720,400,1,2
1720,401,1,2
1720,402,1,2
1720,403,1,2
1720,404,1,2
1720,405,1,2
1720,406,1,2
1720,407,1,2
1720,408,1,2
1720,409,1,2
1720,410,1,2
1720,411,1,2
1720,412,1,2
1720,413,1,2
1720,414,1,2
1720,415,1,2
1720,416,1,2
1720,417,1,2
1720,418,1,2
1720,419,1,2
1720,420,1,2
1720,421,1,2
1720,422,1,2
1720,423,1,2
1720,424,1,2
1720,425,1,2
1720,426,1,2
1720,427,1,2
1720,428,1,2
1720,429,1,2
1720,430,1,2
1720,431,1,2
1720,432,1,2
1720,433,1,2
1720,434,1,2
1720,435,1,2
1720,436,1,2
1720,437,1,2
1720,438,1,2
1720,439,1,2
1720,440,1,2
1720,441,1,2
1720,442,1,2
1720,443,1,2
1720,444,1,2
1720,445,1,2
1720,446,1,2
1720,447,1,2
1720,448,1,2
1720,449,1,2
1720,450,1,2
1720,451,1,2
1720,452,1,2
1720,453,1,2
1720,454,1,2
1720,455,1,2
1720,456,1,2
1720,457,1,2
1720,458,1,2
1720,459,1,2
1720,460,1,2
1720,461,1,2
1720,462,1,2
1720,463,1,2
1720,464,1,2
1720,465,1,2
1720,466,1,2
1720,467,1,2
1720,468,1,2
1720,469,1,2
1720,470,1,2
1720,471,1,2
1720,472,1,2
1720,473,1,2
1720,474,1,2
1720,475,1,2
1720,476,1,2
1720,477,1,2
1720,478,1,2
1720,479,1,2
1720,480,1,2
1720,481,1,2
1720,482,1,2
1720,483,1,2
1720,484,1,2
1720,485,1,2
1720,486,1,2
1720,487,1,2
1720,488,1,2
1720,489,1,2
1720,490,1,2
1720,491,1,2
1720,492,1,2
1720,493,1,2
1720,494,1,2
1720,495,1,2
1720,496,1,2
1720,497,1,2
1720,498,1,2
1720,499,1,2
1720,500,1,2
1720,501,1,2
1720,502,1,2
1720,503,1,2
1720,504,1,2
1720,505,1,2
1720,506,1,2
1720,507,1,2
1720,508,1,2
1720,509,1,2
1720,510,1,2
1720,511,1,2
1720,512,1,2
1720,513,1,2
1720,514,1,2
1720,515,1,2
1720,516,1,2
1720,517,1,2
1720,518,1,2
1720,519,1,2
1720,520,1,2
1720,521,1,2
1720,522,1,2
1720,523,1,2
1720,524,1,2
1720,525,1,2
1720,526,1,2
1720,527,1,2
1720,528,1,2
1720,529,1,2
1720,530,1,2
1720,531,1,2
1720,532,1,2
1720,533,1,2
1720,534,1,2
1720,535,1,2
1720,536,1,2
1720,537,1,2
1720,538,1,2
1720,539,1,2
1720,540,1,2
1720,541,1,2
1720,542,1,2
1720,543,1,2
1720,544,1,2
1720,545,1,2
1720,546,1,2
1720,547,1,2
1720,548,1,2
1720,549,1,2
1720,550,1,2
1720,551,1,2
1720,552,1,2
1720,553,1,2
1720,554,1,2
1720,555,1,2
1720,556,1,2
1720,557,1,2
1720,558,1,2
1720,559,1,2
1720,560,1,2
1720,561,1,2
1720,562,1,2
1720,563,1,2
1720,564,1,2
1720,565,1,2
1720,566,1,2
1720,567,1,2
1720,568,1,2
1720,569,1,2
1720,570,1,2
1720,571,1,2
1720,572,1,2
1720,573,1,2
1720,574,1,2
1720,575,1,2
1720,576,1,2
1720,577,1,2
1720,578,1,2
1720,579,1,2
1720,580,1,2
1721,204,1,2
1721,205,1,2
1721,206,1,2
1721,207,1,2
1721,208,1,2
1721,209,1,2
1721,210,1,2
1721,211,1,2
1721,212,1,2
1721,213,1,2
1721,214,1,2
1721,215,1,2
1721,216,1,2
1721,217,1,2
1721,218,1,2
1721,219,1,2
1721,220,1,2
1721,221,1,2
1721,222,1,2
1721,223,1,2
1721,224,1,2
1721,225,1,2
1721,226,1,2
1721,227,1,2
1721,228,1,2
1721,229,1,2
1721,230,1,2
1721,231,1,2
1721,232,1,2
1721,233,1,2
1721,234,1,2
1721,235,1,2
1721,236,1,2
1721,237,1,2
1721,238,1,2
1721,239,1,2
1721,240,1,2
1721,241,1,2
1721,242,1,2
1721,243,1,2
1721,244,1,2
1721,245,1,2
1721,246,1,2
1721,247,1,2
1721,248,1,2
1721,249,1,2
1721,250,1,2
1721,251,1,2
1721,252,1,2
1721,253,1,2
1721,254,1,2
1721,255,1,2
1721,256,1,2
1721,257,1,2
1721,258,1,2
1721,259,1,2
1721,260,1,2
1721,261,1,2
1721,262,1,2
1721,263,1,2
1721,264,1,2
1721,265,1,2
1721,266,1,2
1721,267,1,2
1721,268,1,2
1721,269,1,2
1721,270,1,2
1721,271,1,2
1721,272,1,2
1721,273,1,2
1721,274,1,2
1721,275,1,2
1721,276,1,2
1721,277,1,2
1721,278,1,2
1721,279,1,2
1721,280,1,2
1721,281,1,2
1721,282,1,2
1721,283,1,2
1721,284,1,2
1721,285,1,2
1721,286,1,2
1721,287,1,2
1721,288,1,2
1721,289,1,2
1721,290,1,2
1721,291,1,2
1721,292,1,2
1721,293,1,2
1721,294,1,2
1721,295,1,2
1721,296,1,2
1721,297,1,2
1721,298,1,2
1721,299,1,2
1721,300,1,2
1721,301,1,2
1721,302,1,2
1721,303,1,2
1721,304,1,2
1721,305,1,2
1721,306,1,2
1721,307,1,2
1721,308,1,2
1721,309,1,2
1721,310,1,2
1721,311,1,2
1721,312,1,2
1721,313,1,2
1721,314,1,2
1721,315,1,2
1721,316,1,2
1721,317,1,2
1721,318,1,2
1721,319,1,2
1721,320,1,2
1721,321,1,2
1721,322,1,2
1721,323,1,2
1721,324,1,2
1721,325,1,2
1721,326,1,2
1721,327,1,2
1721,328,1,2
1721,329,1,2
1721,330,1,2
1721,331,1,2
1721,332,1,2
1721,333,1,2
1721,334,1,2
1721,335,1,2
1721,336,1,2
1721,337,1,2
1721,338,1,2
1721,339,1,2
1721,340,1,2
1721,341,1,2
1721,342,1,2
1721,343,1,2
1721,344,1,2
1721,345,1,2
1721,346,1,2
1721,347,1,2
1721,348,1,2
1721,349,1,2
1721,350,1,2
1721,351,1,2
1721,352,1,2
1721,353,1,2
1721,354,1,2
1721,355,1,2
1721,356,1,2
1721,357,1,2
1721,358,1,2
1721,359,1,2
1721,360,1,2
1721,361,1,2
1721,362,1,2
1721,363,1,2
1721,364,1,2
1721,365,1,2
1721,366,1,2
1721,367,1,2
1721,368,1,2
1721,369,1,2
1721,370,1,2
1721,371,1,2
1721,372,1,2
1721,373,1,2
1721,374,1,2
1721,375,1,2
1721,376,1,2
1721,377,1,2
1721,378,1,2
1721,379,1,2
1721,380,1,2
1721,381,1,2
1721,382,1,2
1721,383,1,2
1721,384,1,2
1721,385,1,2
1721,386,1,2
1721,387,1,2
1721,388,1,2
1721,389,1,2
1721,390,1,2
1721,391,1,2
1721,392,1,2
1721,393,1,2
1721,394,1,2
1721,395,1,2
1721,396,1,2
1721,397,1,2
1721,398,1,2
1721,399,1,2
1721,400,1,2
1721,401,1,2
1721,402,1,2
1721,403,1,2
1721,404,1,2
1721,405,1,2
1721,406,1,2
1721,407,1,2
1721,408,1,2
1721,409,1,2
1721,410,1,2
1721,411,1,2
1721,412,1,2
1721,413,1,2
1721,414,1,2
1721,415,1,2
1721,416,1,2
1721,417,1,2
1721,418,1,2
1721,419,1,2
1721,420,1,2
1721,421,1,2
1721,422,1,2
1721,423,1,2
1721,424,1,2
1721,425,1,2
1721,426,1,2
1721,427,1,2
1721,428,1,2
1721,429,1,2
1721,430,1,2
1721,431,1,2
1721,432,1,2
1721,433,1,2
1721,434,1,2
1721,435,1,2
1721,436,1,2
1721,437,1,2
1721,438,1,2
1721,439,1,2
1721,440,1,2
1721,441,1,2
1721,442,1,2
1721,443,1,2
1721,444,1,2
1721,445,1,2
1721,446,1,2
1721,447,1,2
1721,448,1,2
1721,449,1,2
1721,450,1,2
1721,451,1,2
1721,452,1,2
1721,453,1,2
1721,454,1,2
1721,455,1,2
1721,456,1,2
1721,457,1,2
1721,458,1,2
1721,459,1,2
1721,460,1,2
1721,461,1,2
1721,462,1,2
1721,463,1,2
1721,464,1,2
1721,465,1,2
1721,466,1,2
1721,467,1,2
1721,468,1,2
1721,469,1,2
1721,470,1,2
1721,471,1,2
1721,472,1,2
1721,473,1,2
1721,474,1,2
1721,475,1,2
1721,476,1,2
1721,477,1,2
1721,478,1,2
1721,479,1,2
1721,480,1,2
1721,481,1,2
1721,482,1,2
1721,483,1,2
1721,484,1,2
1721,485,1,2
1721,486,1,2
1721,487,1,2
1721,488,1,2
1721,489,1,2
1721,490,1,2
1721,491,1,2
1721,492,1,2
1721,493,1,2
1721,494,1,2
1721,495,1,2
1721,496,1,2
1721,497,1,2
1721,498,1,2
1721,499,1,2
1721,500,1,2
1721,501,1,2
1721,502,1,2
1721,503,1,2
1721,504,1,2
1721,505,1,2
1721,506,1,2
1721,507,1,2
1721,508,1,2
1721,509,1,2
1721,510,1,2
1721,511,1,2
1721,512,1,2
1721,513,1,2
1721,514,1,2
1721,515,1,2
1721,516,1,2
1721,517,1,2
1721,518,1,2
1721,519,1,2
1721,520,1,2
1721,521,1,2
1721,522,1,2
1721,523,1,2
1721,524,1,2
1721,525,1,2
1721,526,1,2
1721,527,1,2
1721,528,1,2
1721,529,1,2
1721,530,1,2
1721,531,1,2
1721,532,1,2
1721,533,1,2
1721,534,1,2
1721,535,1,2
1721,536,1,2
1721,537,1,2
1721,538,1,2
1721,539,1,2
1721,540,1,2
1721,541,1,2
1721,542,1,2
1721,543,1,2
1721,544,1,2
1721,545,1,2
1721,546,1,2
1721,547,1,2
1721,548,1,2
1721,549,1,2
1721,550,1,2
1721,551,1,2
1721,552,1,2
1721,553,1,2
1721,554,1,2
1721,555,1,2
1721,556,1,2
1721,557,1,2
1721,558,1,2
1721,559,1,2
1721,560,1,2
1721,561,1,2
1721,562,1,2
1721,563,1,2
1721,564,1,2
1721,565,1,2
1721,566,1,2
1721,567,1,2
1721,568,1,2
1721,569,1,2
1721,570,1,2
1721,571,1,2
1721,572,1,2
1721,573,1,2
1721,574,1,2
1721,575,1,2
1721,576,1,2
1721,577,1,2
1721,578,1,2
1721,579,1,2
1721,580,1,2
1721,581,1,2
1722,202,1,2
1722,203,1,2
1722,204,1,2
1722,205,1,2
1722,206,1,2
1722,207,1,2
1722,208,1,2
1722,209,1,2
1722,210,1,2
1722,211,1,2
1722,212,1,2
1722,213,1,2
1722,214,1,2
1722,215,1,2
1722,216,1,2
1722,217,1,2
1722,218,1,2
1722,219,1,2
1722,220,1,2
1722,221,1,2
1722,222,1,2
1722,223,1,2
1722,224,1,2
1722,225,1,2
1722,226,1,2
1722,227,1,2
1722,228,1,2
1722,229,1,2
1722,230,1,2
1722,231,1,2
1722,232,1,2
1722,233,1,2
1722,234,1,2
1722,235,1,2
1722,236,1,2
1722,237,1,2
1722,238,1,2
1722,239,1,2
1722,240,1,2
1722,241,1,2
1722,242,1,2
1722,243,1,2
1722,244,1,2
1722,245,1,2
1722,246,1,2
1722,247,1,2
1722,248,1,2
1722,249,1,2
1722,250,1,2
1722,251,1,2
1722,252,1,2
1722,253,1,2
1722,254,1,2
1722,255,1,2
1722,256,1,2
1722,257,1,2
1722,258,1,2
1722,259,1,2
1722,260,1,2
1722,261,1,2
1722,262,1,2
1722,263,1,2
1722,264,1,2
1722,265,1,2
1722,266,1,2
1722,267,1,2
1722,268,1,2
1722,269,1,2
1722,270,1,2
1722,271,1,2
1722,272,1,2
1722,273,1,2
1722,274,1,2
1722,275,1,2
1722,276,1,2
1722,277,1,2
1722,278,1,2
1722,279,1,2
1722,280,1,2
1722,281,1,2
1722,282,1,2
1722,283,1,2
1722,284,1,2
1722,285,1,2
1722,286,1,2
1722,287,1,2
1722,288,1,2
1722,289,1,2
1722,290,1,2
1722,291,1,2
1722,292,1,2
1722,293,1,2
1722,294,1,2
1722,295,1,2
1722,296,1,2
1722,297,1,2
1722,298,1,2
1722,299,1,2
1722,300,1,2
1722,301,1,2
1722,302,1,2
1722,303,1,2
1722,304,1,2
1722,305,1,2
1722,306,1,2
1722,307,1,2
1722,308,1,2
1722,309,1,2
1722,310,1,2
1722,311,1,2
1722,312,1,2
1722,313,1,2
1722,314,1,2
1722,315,1,2
1722,316,1,2
1722,317,1,2
1722,318,1,2
1722,319,1,2
1722,320,1,2
1722,321,1,2
1722,322,1,2
1722,323,1,2
1722,324,1,2
1722,325,1,2
1722,326,1,2
1722,327,1,2
1722,328,1,2
1722,329,1,2
1722,330,1,2
1722,331,1,2
1722,332,1,2
1722,333,1,2
1722,334,1,2
1722,335,1,2
1722,336,1,2
1722,337,1,2
1722,338,1,2
1722,339,1,2
1722,340,1,2
1722,341,1,2
1722,342,1,2
1722,343,1,2
1722,344,1,2
1722,345,1,2
1722,346,1,2
1722,347,1,2
1722,348,1,2
1722,349,1,2
1722,350,1,2
1722,351,1,2
1722,352,1,2
1722,353,1,2
1722,354,1,2
1722,355,1,2
1722,356,1,2
1722,357,1,2
1722,358,1,2
1722,359,1,2
1722,360,1,2
1722,361,1,2
1722,362,1,2
1722,363,1,2
1722,364,1,2
1722,365,1,2
1722,366,1,2
1722,367,1,2
1722,368,1,2
1722,369,1,2
1722,370,1,2
1722,371,1,2
1722,372,1,2
1722,373,1,2
1722,374,1,2
1722,375,1,2
1722,376,1,2
1722,377,1,2
1722,378,1,2
1722,379,1,2
1722,380,1,2
1722,381,1,2
1722,382,1,2
1722,383,1,2
1722,384,1,2
1722,385,1,2
1722,386,1,2
1722,387,1,2
1722,388,1,2
1722,389,1,2
1722,390,1,2
1722,391,1,2
1722,392,1,2
1722,393,1,2
1722,394,1,2
1722,395,1,2
1722,396,1,2
1722,397,1,2
1722,398,1,2
1722,399,1,2
1722,400,1,2
1722,401,1,2
1722,402,1,2
1722,403,1,2
1722,404,1,2
1722,405,1,2
1722,406,1,2
1722,407,1,2
1722,408,1,2
1722,409,1,2
1722,410,1,2
1722,411,1,2
1722,412,1,2
1722,413,1,2
1722,414,1,2
1722,415,1,2
1722,416,1,2
1722,417,1,2
1722,418,1,2
1722,419,1,2
1722,420,1,2
1722,421,1,2
1722,422,1,2
1722,423,1,2
1722,424,1,2
1722,425,1,2
1722,426,1,2
1722,427,1,2
1722,428,1,2
1722,429,1,2
1722,430,1,2
1722,431,1,2
1722,432,1,2
1722,433,1,2
1722,434,1,2
1722,435,1,2
1722,436,1,2
1722,437,1,2
1722,438,1,2
1722,439,1,2
1722,440,1,2
1722,441,1,2
1722,442,1,2
1722,443,1,2
1722,444,1,2
1722,445,1,2
1722,446,1,2
1722,447,1,2
1722,448,1,2
1722,449,1,2
1722,450,1,2
1722,451,1,2
1722,452,1,2
1722,453,1,2
1722,454,1,2
1722,455,1,2
1722,456,1,2
1722,457,1,2
1722,458,1,2
1722,459,1,2
1722,460,1,2
1722,461,1,2
1722,462,1,2
1722,463,1,2
1722,464,1,2
1722,465,1,2
1722,466,1,2
1722,467,1,2
1722,468,1,2
1722,469,1,2
1722,470,1,2
1722,471,1,2
1722,472,1,2
1722,473,1,2
1722,474,1,2
1722,475,1,2
1722,476,1,2
1722,477,1,2
1722,478,1,2
1722,479,1,2
1722,480,1,2
1722,481,1,2
1722,482,1,2
1722,483,1,2
1722,484,1,2
1722,485,1,2
1722,486,1,2
1722,487,1,2
1722,488,1,2
1722,489,1,2
1722,490,1,2
1722,491,1,2
1722,492,1,2
1722,493,1,2
1722,494,1,2
1722,495,1,2
1722,496,1,2
1722,497,1,2
1722,498,1,2
1722,499,1,2
1722,500,1,2
1722,501,1,2
1722,502,1,2
1722,503,1,2
1722,504,1,2
1722,505,1,2
1722,506,1,2
1722,507,1,2
1722,508,1,2
1722,509,1,2
1722,510,1,2
1722,511,1,2
1722,512,1,2
1722,513,1,2
1722,514,1,2
1722,515,1,2
1722,516,1,2
1722,517,1,2
1722,518,1,2
1722,519,1,2
1722,520,1,2
1722,521,1,2
1722,522,1,2
1722,523,1,2
1722,524,1,2
1722,525,1,2
1722,526,1,2
1722,527,1,2
1722,528,1,2
1722,529,1,2
1722,530,1,2
1722,531,1,2
1722,532,1,2
1722,533,1,2
1722,534,1,2
1722,535,1,2
1722,536,1,2
1722,537,1,2
1722,538,1,2
1722,539,1,2
1722,540,1,2
1722,541,1,2
1722,542,1,2
1722,543,1,2
1722,544,1,2
1722,545,1,2
1722,546,1,2
1722,547,1,2
1722,548,1,2
1722,549,1,2
1722,550,1,2
1722,551,1,2
1722,552,1,2
1722,553,1,2
1722,554,1,2
1722,555,1,2
1722,556,1,2
1722,557,1,2
1722,558,1,2
1722,559,1,2
1722,560,1,2
1722,561,1,2
1722,562,1,2
1722,563,1,2
1722,564,1,2
1722,565,1,2
1722,566,1,2
1722,567,1,2
1722,568,1,2
1722,569,1,2
1722,570,1,2
1722,571,1,2
1722,572,1,2
1722,573,1,2
1722,574,1,2
1722,575,1,2
1722,576,1,2
1722,577,1,2
1722,578,1,2
1722,579,1,2
1722,580,1,2
1722,581,1,2
1723,199,1,2
1723,200,1,2
1723,201,1,2
1723,202,1,2
1723,203,1,2
1723,204,1,2
1723,205,1,2
1723,206,1,2
1723,207,1,2
1723,208,1,2
1723,209,1,2
1723,210,1,2
1723,211,1,2
1723,212,1,2
1723,213,1,2
1723,214,1,2
1723,215,1,2
1723,216,1,2
1723,217,1,2
1723,218,1,2
1723,219,1,2
1723,220,1,2
1723,221,1,2
1723,222,1,2
1723,223,1,2
1723,224,1,2
1723,225,1,2
1723,226,1,2
1723,227,1,2
1723,228,1,2
1723,229,1,2
1723,230,1,2
1723,231,1,2
1723,232,1,2
1723,233,1,2
1723,234,1,2
1723,235,1,2
1723,236,1,2
1723,237,1,2
1723,238,1,2
1723,239,1,2
1723,240,1,2
1723,241,1,2
1723,242,1,2
1723,243,1,2
1723,244,1,2
1723,245,1,2
1723,246,1,2
1723,247,1,2
1723,248,1,2
1723,249,1,2
1723,250,1,2
1723,251,1,2
1723,252,1,2
1723,253,1,2
1723,254,1,2
1723,255,1,2
1723,256,1,2
1723,257,1,2
1723,258,1,2
1723,259,1,2
1723,260,1,2
1723,261,1,2
1723,262,1,2
1723,263,1,2
1723,264,1,2
1723,265,1,2
1723,266,1,2
1723,267,1,2
1723,268,1,2
1723,269,1,2
1723,270,1,2
1723,271,1,2
1723,272,1,2
1723,273,1,2
1723,274,1,2
1723,275,1,2
1723,276,1,2
1723,277,1,2
1723,278,1,2
1723,279,1,2
1723,280,1,2
1723,281,1,2
1723,282,1,2
1723,283,1,2
1723,284,1,2
1723,285,1,2
1723,286,1,2
1723,287,1,2
1723,288,1,2
1723,289,1,2
1723,290,1,2
1723,291,1,2
1723,292,1,2
1723,293,1,2
1723,294,1,2
1723,295,1,2
1723,296,1,2
1723,297,1,2
1723,298,1,2
1723,299,1,2
1723,300,1,2
1723,301,1,2
1723,302,1,2
1723,303,1,2
1723,304,1,2
1723,305,1,2
1723,306,1,2
1723,307,1,2
1723,308,1,2
1723,309,1,2
1723,310,1,2
1723,311,1,2
1723,312,1,2
1723,313,1,2
1723,314,1,2
1723,315,1,2
1723,316,1,2
1723,317,1,2
1723,318,1,2
1723,319,1,2
1723,320,1,2
1723,321,1,2
1723,322,1,2
1723,323,1,2
1723,324,1,2
1723,325,1,2
1723,326,1,2
1723,327,1,2
1723,328,1,2
1723,329,1,2
1723,330,1,2
1723,331,1,2
1723,332,1,2
1723,333,1,2
1723,334,1,2
1723,335,1,2
1723,336,1,2
1723,337,1,2
1723,338,1,2
1723,339,1,2
1723,340,1,2
1723,341,1,2
1723,342,1,2
1723,343,1,2
1723,344,1,2
1723,345,1,2
1723,346,1,2
1723,347,1,2
1723,348,1,2
1723,349,1,2
1723,350,1,2
1723,351,1,2
1723,352,1,2
1723,353,1,2
1723,354,1,2
1723,355,1,2
1723,356,1,2
1723,357,1,2
1723,358,1,2
1723,359,1,2
1723,360,1,2
1723,361,1,2
1723,362,1,2
1723,363,1,2
1723,364,1,2
1723,365,1,2
1723,366,1,2
1723,367,1,2
1723,368,1,2
1723,369,1,2
1723,370,1,2
1723,371,1,2
1723,372,1,2
1723,373,1,2
1723,374,1,2
1723,375,1,2
1723,376,1,2
1723,377,1,2
1723,378,1,2
1723,379,1,2
1723,380,1,2
1723,381,1,2
1723,382,1,2
1723,383,1,2
1723,384,1,2
1723,385,1,2
1723,386,1,2
1723,387,1,2
1723,388,1,2
1723,389,1,2
1723,390,1,2
1723,391,1,2
1723,392,1,2
1723,393,1,2
1723,394,1,2
1723,395,1,2
1723,396,1,2
1723,397,1,2
1723,398,1,2
1723,399,1,2
1723,400,1,2
1723,401,1,2
1723,402,1,2
1723,403,1,2
1723,404,1,2
1723,405,1,2
1723,406,1,2
1723,407,1,2
1723,408,1,2
1723,409,1,2
1723,410,1,2
1723,411,1,2
1723,412,1,2
1723,413,1,2
1723,414,1,2
1723,415,1,2
1723,416,1,2
1723,417,1,2
1723,418,1,2
1723,419,1,2
1723,420,1,2
1723,421,1,2
1723,422,1,2
1723,423,1,2
1723,424,1,2
1723,425,1,2
1723,426,1,2
1723,427,1,2
1723,428,1,2
1723,429,1,2
1723,430,1,2
1723,431,1,2
1723,432,1,2
1723,433,1,2
1723,434,1,2
1723,435,1,2
1723,436,1,2
1723,437,1,2
1723,438,1,2
1723,439,1,2
1723,440,1,2
1723,441,1,2
1723,442,1,2
1723,443,1,2
1723,444,1,2
1723,445,1,2
1723,446,1,2
1723,447,1,2
1723,448,1,2
1723,449,1,2
1723,450,1,2
1723,451,1,2
1723,452,1,2
1723,453,1,2
1723,454,1,2
1723,455,1,2
1723,456,1,2
1723,457,1,2
1723,458,1,2
1723,459,1,2
1723,460,1,2
1723,461,1,2
1723,462,1,2
1723,463,1,2
1723,464,1,2
1723,465,1,2
1723,466,1,2
1723,467,1,2
1723,468,1,2
1723,469,1,2
1723,470,1,2
1723,471,1,2
1723,472,1,2
1723,473,1,2
1723,474,1,2
1723,475,1,2
1723,476,1,2
1723,477,1,2
1723,478,1,2
1723,479,1,2
1723,480,1,2
1723,481,1,2
1723,482,1,2
1723,483,1,2
1723,484,1,2
1723,485,1,2
1723,486,1,2
1723,487,1,2
1723,488,1,2
1723,489,1,2
1723,490,1,2
1723,491,1,2
1723,492,1,2
1723,493,1,2
1723,494,1,2
1723,495,1,2
1723,496,1,2
1723,497,1,2
1723,498,1,2
1723,499,1,2
1723,500,1,2
1723,501,1,2
1723,502,1,2
1723,503,1,2
1723,504,1,2
1723,505,1,2
1723,506,1,2
1723,507,1,2
1723,508,1,2
1723,509,1,2
1723,510,1,2
1723,511,1,2
1723,512,1,2
1723,513,1,2
1723,514,1,2
1723,515,1,2
1723,516,1,2
1723,517,1,2
1723,518,1,2
1723,519,1,2
1723,520,1,2
1723,521,1,2
1723,522,1,2
1723,523,1,2
1723,524,1,2
1723,525,1,2
1723,526,1,2
1723,527,1,2
1723,528,1,2
1723,529,1,2
1723,530,1,2
1723,531,1,2
1723,532,1,2
1723,533,1,2
1723,534,1,2
1723,535,1,2
1723,536,1,2
1723,537,1,2
1723,538,1,2
1723,539,1,2
1723,540,1,2
1723,541,1,2
1723,542,1,2
1723,543,1,2
1723,544,1,2
1723,545,1,2
1723,546,1,2
1723,547,1,2
1723,548,1,2
1723,549,1,2
1723,550,1,2
1723,551,1,2
1723,552,1,2
1723,553,1,2
1723,554,1,2
1723,555,1,2
1723,556,1,2
1723,557,1,2
1723,558,1,2
1723,559,1,2
1723,560,1,2
1723,561,1,2
1723,562,1,2
1723,563,1,2
1723,564,1,2
1723,565,1,2
1723,566,1,2
1723,567,1,2
1723,568,1,2
1723,569,1,2
1723,570,1,2
1723,571,1,2
1723,572,1,2
1723,573,1,2
1723,574,1,2
1723,575,1,2
1723,576,1,2
1723,577,1,2
1723,578,1,2
1723,579,1,2
1723,580,1,2
1723,581,1,2
1723,582,1,2
1724,198,1,2
1724,199,1,2
1724,200,1,2
1724,201,1,2
1724,202,1,2
1724,203,1,2
1724,204,1,2
1724,205,1,2
1724,206,1,2
1724,207,1,2
1724,208,1,2
1724,209,1,2
1724,210,1,2
1724,211,1,2
1724,212,1,2
1724,213,1,2
1724,214,1,2
1724,215,1,2
1724,216,1,2
1724,217,1,2
1724,218,1,2
1724,219,1,2
1724,220,1,2
1724,221,1,2
1724,222,1,2
1724,223,1,2
1724,224,1,2
1724,225,1,2
1724,226,1,2
1724,227,1,2
1724,228,1,2
1724,229,1,2
1724,230,1,2
1724,231,1,2
1724,232,1,2
1724,233,1,2
1724,234,1,2
1724,235,1,2
1724,236,1,2
1724,237,1,2
1724,238,1,2
1724,239,1,2
1724,240,1,2
1724,241,1,2
1724,242,1,2
1724,243,1,2
1724,244,1,2
1724,245,1,2
1724,246,1,2
1724,247,1,2
1724,248,1,2
1724,249,1,2
1724,250,1,2
1724,251,1,2
1724,252,1,2
1724,253,1,2
1724,254,1,2
1724,255,1,2
1724,256,1,2
1724,257,1,2
1724,258,1,2
1724,259,1,2
1724,260,1,2
1724,261,1,2
1724,262,1,2
1724,263,1,2
1724,264,1,2
1724,265,1,2
1724,266,1,2
1724,267,1,2
1724,268,1,2
1724,269,1,2
1724,270,1,2
1724,271,1,2
1724,272,1,2
1724,273,1,2
1724,274,1,2
1724,275,1,2
1724,276,1,2
1724,277,1,2
1724,278,1,2
1724,279,1,2
1724,280,1,2
1724,281,1,2
1724,282,1,2
1724,283,1,2
1724,284,1,2
1724,285,1,2
1724,286,1,2
1724,287,1,2
1724,288,1,2
1724,289,1,2
1724,290,1,2
1724,291,1,2
1724,292,1,2
1724,293,1,2
1724,294,1,2
1724,295,1,2
1724,296,1,2
1724,297,1,2
1724,298,1,2
1724,299,1,2
1724,300,1,2
1724,301,1,2
1724,302,1,2
1724,303,1,2
1724,304,1,2
1724,305,1,2
1724,306,1,2
1724,307,1,2
1724,308,1,2
1724,309,1,2
1724,310,1,2
1724,311,1,2
1724,312,1,2
1724,313,1,2
1724,314,1,2
1724,315,1,2
1724,316,1,2
1724,317,1,2
1724,318,1,2
1724,319,1,2
1724,320,1,2
1724,321,1,2
1724,322,1,2
1724,323,1,2
1724,324,1,2
1724,325,1,2
1724,326,1,2
1724,327,1,2
1724,328,1,2
1724,329,1,2
1724,330,1,2
1724,331,1,2
1724,332,1,2
1724,333,1,2
1724,334,1,2
1724,335,1,2
1724,336,1,2
1724,337,1,2
1724,338,1,2
1724,339,1,2
1724,340,1,2
1724,341,1,2
1724,342,1,2
1724,343,1,2
1724,344,1,2
1724,345,1,2
1724,346,1,2
1724,347,1,2
1724,348,1,2
1724,349,1,2
1724,350,1,2
1724,351,1,2
1724,352,1,2
1724,353,1,2
1724,354,1,2
1724,355,1,2
1724,356,1,2
1724,357,1,2
1724,358,1,2
1724,359,1,2
1724,360,1,2
1724,361,1,2
1724,362,1,2
1724,363,1,2
1724,364,1,2
1724,365,1,2
1724,366,1,2
1724,367,1,2
1724,368,1,2
1724,369,1,2
1724,370,1,2
1724,371,1,2
1724,372,1,2
1724,373,1,2
1724,374,1,2
1724,375,1,2
1724,376,1,2
1724,377,1,2
1724,378,1,2
1724,379,1,2
1724,380,1,2
1724,381,1,2
1724,382,1,2
1724,383,1,2
1724,384,1,2
1724,385,1,2
1724,386,1,2
1724,387,1,2
1724,388,1,2
1724,389,1,2
1724,390,1,2
1724,391,1,2
1724,392,1,2
1724,393,1,2
1724,394,1,2
1724,395,1,2
1724,396,1,2
1724,397,1,2
1724,398,1,2
1724,399,1,2
1724,400,1,2
1724,401,1,2
1724,402,1,2
1724,403,1,2
1724,404,1,2
1724,405,1,2
1724,406,1,2
1724,407,1,2
1724,408,1,2
1724,409,1,2
1724,410,1,2
1724,411,1,2
1724,412,1,2
1724,413,1,2
1724,414,1,2
1724,415,1,2
1724,416,1,2
1724,417,1,2
1724,418,1,2
1724,419,1,2
1724,420,1,2
1724,421,1,2
1724,422,1,2
1724,423,1,2
1724,424,1,2
1724,425,1,2
1724,426,1,2
1724,427,1,2
1724,428,1,2
1724,429,1,2
1724,430,1,2
1724,431,1,2
1724,432,1,2
1724,433,1,2
1724,434,1,2
1724,435,1,2
1724,436,1,2
1724,437,1,2
1724,438,1,2
1724,439,1,2
1724,440,1,2
1724,441,1,2
1724,442,1,2
1724,443,1,2
1724,444,1,2
1724,445,1,2
1724,446,1,2
1724,447,1,2
1724,448,1,2
1724,449,1,2
1724,450,1,2
1724,451,1,2
1724,452,1,2
1724,453,1,2
1724,454,1,2
1724,455,1,2
1724,456,1,2
1724,457,1,2
1724,458,1,2
1724,459,1,2
1724,460,1,2
1724,461,1,2
1724,462,1,2
1724,463,1,2
1724,464,1,2
1724,465,1,2
1724,466,1,2
1724,467,1,2
1724,468,1,2
1724,469,1,2
1724,470,1,2
1724,471,1,2
1724,472,1,2
1724,473,1,2
1724,474,1,2
1724,475,1,2
1724,476,1,2
1724,477,1,2
1724,478,1,2
1724,479,1,2
1724,480,1,2
1724,481,1,2
1724,482,1,2
1724,483,1,2
1724,484,1,2
1724,485,1,2
1724,486,1,2
1724,487,1,2
1724,488,1,2
1724,489,1,2
1724,490,1,2
1724,491,1,2
1724,492,1,2
1724,493,1,2
1724,494,1,2
1724,495,1,2
1724,496,1,2
1724,497,1,2
1724,498,1,2
1724,499,1,2
1724,500,1,2
1724,501,1,2
1724,502,1,2
1724,503,1,2
1724,504,1,2
1724,505,1,2
1724,506,1,2
1724,507,1,2
1724,508,1,2
1724,509,1,2
1724,510,1,2
1724,511,1,2
1724,512,1,2
1724,513,1,2
1724,514,1,2
1724,515,1,2
1724,516,1,2
1724,517,1,2
1724,518,1,2
1724,519,1,2
1724,520,1,2
1724,521,1,2
1724,522,1,2
1724,523,1,2
1724,524,1,2
1724,525,1,2
1724,526,1,2
1724,527,1,2
1724,528,1,2
1724,529,1,2
1724,530,1,2
1724,531,1,2
1724,532,1,2
1724,533,1,2
1724,534,1,2
1724,535,1,2
1724,536,1,2
1724,537,1,2
1724,538,1,2
1724,539,1,2
1724,540,1,2
1724,541,1,2
1724,542,1,2
1724,543,1,2
1724,544,1,2
1724,545,1,2
1724,546,1,2
1724,547,1,2
1724,548,1,2
1724,549,1,2
1724,550,1,2
1724,551,1,2
1724,552,1,2
1724,553,1,2
1724,554,1,2
1724,555,1,2
1724,556,1,2
1724,557,1,2
1724,558,1,2
1724,559,1,2
1724,560,1,2
1724,561,1,2
1724,562,1,2
1724,563,1,2
1724,564,1,2
1724,565,1,2
1724,566,1,2
1724,567,1,2
1724,568,1,2
1724,569,1,2
1724,570,1,2
1724,571,1,2
1724,572,1,2
1724,573,1,2
1724,574,1,2
1724,575,1,2
1724,576,1,2
1724,577,1,2
1724,578,1,2
1724,579,1,2
1724,580,1,2
1724,581,1,2
1724,582,1,2
1724,583,1,2
1725,197,1,2
1725,198,1,2
1725,199,1,2
1725,200,1,2
1725,201,1,2
1725,202,1,2
1725,203,1,2
1725,204,1,2
1725,205,1,2
1725,206,1,2
1725,207,1,2
1725,208,1,2
1725,209,1,2
1725,210,1,2
1725,211,1,2
1725,212,1,2
1725,213,1,2
1725,214,1,2
1725,215,1,2
1725,216,1,2
1725,217,1,2
1725,218,1,2
1725,219,1,2
1725,220,1,2
1725,221,1,2
1725,222,1,2
1725,223,1,2
1725,224,1,2
1725,225,1,2
1725,226,1,2
1725,227,1,2
1725,228,1,2
1725,229,1,2
1725,230,1,2
1725,231,1,2
1725,232,1,2
1725,233,1,2
1725,234,1,2
1725,235,1,2
1725,236,1,2
1725,237,1,2
1725,238,1,2
1725,239,1,2
1725,240,1,2
1725,241,1,2
1725,242,1,2
1725,243,1,2
1725,244,1,2
1725,245,1,2
1725,246,1,2
1725,247,1,2
1725,248,1,2
1725,249,1,2
1725,250,1,2
1725,251,1,2
1725,252,1,2
1725,253,1,2
1725,254,1,2
1725,255,1,2
1725,256,1,2
1725,257,1,2
1725,258,1,2
1725,259,1,2
1725,260,1,2
1725,261,1,2
1725,262,1,2
1725,263,1,2
1725,264,1,2
1725,265,1,2
1725,266,1,2
1725,267,1,2
1725,268,1,2
1725,269,1,2
1725,270,1,2
1725,271,1,2
1725,272,1,2
1725,273,1,2
1725,274,1,2
1725,275,1,2
1725,276,1,2
1725,277,1,2
1725,278,1,2
1725,279,1,2
1725,280,1,2
1725,281,1,2
1725,282,1,2
1725,283,1,2
1725,284,1,2
1725,285,1,2
1725,286,1,2
1725,287,1,2
1725,288,1,2
1725,289,1,2
1725,290,1,2
1725,291,1,2
1725,292,1,2
1725,293,1,2
1725,294,1,2
1725,295,1,2
1725,296,1,2
1725,297,1,2
1725,298,1,2
1725,299,1,2
1725,300,1,2
1725,301,1,2
1725,302,1,2
1725,303,1,2
1725,304,1,2
1725,305,1,2
1725,306,1,2
1725,307,1,2
1725,308,1,2
1725,309,1,2
1725,310,1,2
1725,311,1,2
1725,312,1,2
1725,313,1,2
1725,314,1,2
1725,315,1,2
1725,316,1,2
1725,317,1,2
1725,318,1,2
1725,319,1,2
1725,320,1,2
1725,321,1,2
1725,322,1,2
1725,323,1,2
1725,324,1,2
1725,325,1,2
1725,326,1,2
1725,327,1,2
1725,328,1,2
1725,329,1,2
1725,330,1,2
1725,331,1,2
1725,332,1,2
1725,333,1,2
1725,334,1,2
1725,335,1,2
1725,336,1,2
1725,337,1,2
1725,338,1,2
1725,339,1,2
1725,340,1,2
1725,341,1,2
1725,342,1,2
1725,343,1,2
1725,344,1,2
1725,345,1,2
1725,346,1,2
1725,347,1,2
1725,348,1,2
1725,349,1,2
1725,350,1,2
1725,351,1,2
1725,352,1,2
1725,353,1,2
1725,354,1,2
1725,355,1,2
1725,356,1,2
1725,357,1,2
1725,358,1,2
1725,359,1,2
1725,360,1,2
1725,361,1,2
1725,362,1,2
1725,363,1,2
1725,364,1,2
1725,365,1,2
1725,366,1,2
1725,367,1,2
1725,368,1,2
1725,369,1,2
1725,370,1,2
1725,371,1,2
1725,372,1,2
1725,373,1,2
1725,374,1,2
1725,375,1,2
1725,376,1,2
1725,377,1,2
1725,378,1,2
1725,379,1,2
1725,380,1,2
1725,381,1,2
1725,382,1,2
1725,383,1,2
1725,384,1,2
1725,385,1,2
1725,386,1,2
1725,387,1,2
1725,388,1,2
1725,389,1,2
1725,390,1,2
1725,391,1,2
1725,392,1,2
1725,393,1,2
1725,394,1,2
1725,395,1,2
1725,396,1,2
1725,397,1,2
1725,398,1,2
1725,399,1,2
1725,400,1,2
1725,401,1,2
1725,402,1,2
1725,403,1,2
1725,404,1,2
1725,405,1,2
1725,406,1,2
1725,407,1,2
1725,408,1,2
1725,409,1,2
1725,410,1,2
1725,411,1,2
1725,412,1,2
1725,413,1,2
1725,414,1,2
1725,415,1,2
1725,416,1,2
1725,417,1,2
1725,418,1,2
1725,419,1,2
1725,420,1,2
1725,421,1,2
1725,422,1,2
1725,423,1,2
1725,424,1,2
1725,425,1,2
1725,426,1,2
1725,427,1,2
1725,428,1,2
1725,429,1,2
1725,430,1,2
1725,431,1,2
1725,432,1,2
1725,433,1,2
1725,434,1,2
1725,435,1,2
1725,436,1,2
1725,437,1,2
1725,438,1,2
1725,439,1,2
1725,440,1,2
1725,441,1,2
1725,442,1,2
1725,443,1,2
1725,444,1,2
1725,445,1,2
1725,446,1,2
1725,447,1,2
1725,448,1,2
1725,449,1,2
1725,450,1,2
1725,451,1,2
1725,452,1,2
1725,453,1,2
1725,454,1,2
1725,455,1,2
1725,456,1,2
1725,457,1,2
1725,458,1,2
1725,459,1,2
1725,460,1,2
1725,461,1,2
1725,462,1,2
1725,463,1,2
1725,464,1,2
1725,465,1,2
1725,466,1,2
1725,467,1,2
1725,468,1,2
1725,469,1,2
1725,470,1,2
1725,471,1,2
1725,472,1,2
1725,473,1,2
1725,474,1,2
1725,475,1,2
1725,476,1,2
1725,477,1,2
1725,478,1,2
1725,479,1,2
1725,480,1,2
1725,481,1,2
1725,482,1,2
1725,483,1,2
1725,484,1,2
1725,485,1,2
1725,486,1,2
1725,487,1,2
1725,488,1,2
1725,489,1,2
1725,490,1,2
1725,491,1,2
1725,492,1,2
1725,493,1,2
1725,494,1,2
1725,495,1,2
1725,496,1,2
1725,497,1,2
1725,498,1,2
1725,499,1,2
1725,500,1,2
1725,501,1,2
1725,502,1,2
1725,503,1,2
1725,504,1,2
1725,505,1,2
1725,506,1,2
1725,507,1,2
1725,508,1,2
1725,509,1,2
1725,510,1,2
1725,511,1,2
1725,512,1,2
1725,513,1,2
1725,514,1,2
1725,515,1,2
1725,516,1,2
1725,517,1,2
1725,518,1,2
1725,519,1,2
1725,520,1,2
1725,521,1,2
1725,522,1,2
1725,523,1,2
1725,524,1,2
1725,525,1,2
1725,526,1,2
1725,527,1,2
1725,528,1,2
1725,529,1,2
1725,530,1,2
1725,531,1,2
1725,532,1,2
1725,533,1,2
1725,534,1,2
1725,535,1,2
1725,536,1,2
1725,537,1,2
1725,538,1,2
1725,539,1,2
1725,540,1,2
1725,541,1,2
1725,542,1,2
1725,543,1,2
1725,544,1,2
1725,545,1,2
1725,546,1,2
1725,547,1,2
1725,548,1,2
1725,549,1,2
1725,550,1,2
1725,551,1,2
1725,552,1,2
1725,553,1,2
1725,554,1,2
1725,555,1,2
1725,556,1,2
1725,557,1,2
1725,558,1,2
1725,559,1,2
1725,560,1,2
1725,561,1,2
1725,562,1,2
1725,563,1,2
1725,564,1,2
1725,565,1,2
1725,566,1,2
1725,567,1,2
1725,568,1,2
1725,569,1,2
1725,570,1,2
1725,571,1,2
1725,572,1,2
1725,573,1,2
1725,574,1,2
1725,575,1,2
1725,576,1,2
1725,577,1,2
1725,578,1,2
1725,579,1,2
1725,580,1,2
1725,581,1,2
1725,582,1,2
1725,583,1,2
1725,588,1,2
1726,197,1,2
1726,198,1,2
1726,199,1,2
1726,200,1,2
1726,201,1,2
1726,202,1,2
1726,203,1,2
1726,204,1,2
1726,205,1,2
1726,206,1,2
1726,207,1,2
1726,208,1,2
1726,209,1,2
1726,210,1,2
1726,211,1,2
1726,212,1,2
1726,213,1,2
1726,214,1,2
1726,215,1,2
1726,216,1,2
1726,217,1,2
1726,218,1,2
1726,219,1,2
1726,220,1,2
1726,221,1,2
1726,222,1,2
1726,223,1,2
1726,224,1,2
1726,225,1,2
1726,226,1,2
1726,227,1,2
1726,228,1,2
1726,229,1,2
1726,230,1,2
1726,231,1,2
1726,232,1,2
1726,233,1,2
1726,234,1,2
1726,235,1,2
1726,236,1,2
1726,237,1,2
1726,238,1,2
1726,239,1,2
1726,240,1,2
1726,241,1,2
1726,242,1,2
1726,243,1,2
1726,244,1,2
1726,245,1,2
1726,246,1,2
1726,247,1,2
1726,248,1,2
1726,249,1,2
1726,250,1,2
1726,251,1,2
1726,252,1,2
1726,253,1,2
1726,254,1,2
1726,255,1,2
1726,256,1,2
1726,257,1,2
1726,258,1,2
1726,259,1,2
1726,260,1,2
1726,261,1,2
1726,262,1,2
1726,263,1,2
1726,264,1,2
1726,265,1,2
1726,266,1,2
1726,267,1,2
1726,268,1,2
1726,269,1,2
1726,270,1,2
1726,271,1,2
1726,272,1,2
1726,273,1,2
1726,274,1,2
1726,275,1,2
1726,276,1,2
1726,277,1,2
1726,278,1,2
1726,279,1,2
1726,280,1,2
1726,281,1,2
1726,282,1,2
1726,283,1,2
1726,284,1,2
1726,285,1,2
1726,286,1,2
1726,287,1,2
1726,288,1,2
1726,289,1,2
1726,290,1,2
1726,291,1,2
1726,292,1,2
1726,293,1,2
1726,294,1,2
1726,295,1,2
1726,296,1,2
1726,297,1,2
1726,298,1,2
1726,299,1,2
1726,300,1,2
1726,301,1,2
1726,302,1,2
1726,303,1,2
1726,304,1,2
1726,305,1,2
1726,306,1,2
1726,307,1,2
1726,308,1,2
1726,309,1,2
1726,310,1,2
1726,311,1,2
1726,312,1,2
1726,313,1,2
1726,314,1,2
1726,315,1,2
1726,316,1,2
1726,317,1,2
1726,318,1,2
1726,319,1,2
1726,320,1,2
1726,321,1,2
1726,322,1,2
1726,323,1,2
1726,324,1,2
1726,325,1,2
1726,326,1,2
1726,327,1,2
1726,328,1,2
1726,329,1,2
1726,330,1,2
1726,331,1,2
1726,332,1,2
1726,333,1,2
1726,334,1,2
1726,335,1,2
1726,336,1,2
1726,337,1,2
1726,338,1,2
1726,339,1,2
1726,340,1,2
1726,341,1,2
1726,342,1,2
1726,343,1,2
1726,344,1,2
1726,345,1,2
1726,346,1,2
1726,347,1,2
1726,348,1,2
1726,349,1,2
1726,350,1,2
1726,351,1,2
1726,352,1,2
1726,353,1,2
1726,354,1,2
1726,355,1,2
1726,356,1,2
1726,357,1,2
1726,358,1,2
1726,359,1,2
1726,360,1,2
1726,361,1,2
1726,362,1,2
1726,363,1,2
1726,364,1,2
1726,365,1,2
1726,366,1,2
1726,367,1,2
1726,368,1,2
1726,369,1,2
1726,370,1,2
1726,371,1,2
1726,372,1,2
1726,373,1,2
1726,374,1,2
1726,375,1,2
1726,376,1,2
1726,377,1,2
1726,378,1,2
1726,379,1,2
1726,380,1,2
1726,381,1,2
1726,382,1,2
1726,383,1,2
1726,384,1,2
1726,385,1,2
1726,386,1,2
1726,387,1,2
1726,388,1,2
1726,389,1,2
1726,390,1,2
1726,391,1,2
1726,392,1,2
1726,393,1,2
1726,394,1,2
1726,395,1,2
1726,396,1,2
1726,397,1,2
1726,398,1,2
1726,399,1,2
1726,400,1,2
1726,401,1,2
1726,402,1,2
1726,403,1,2
1726,404,1,2
1726,405,1,2
1726,406,1,2
1726,407,1,2
1726,408,1,2
1726,409,1,2
1726,410,1,2
1726,411,1,2
1726,412,1,2
1726,413,1,2
1726,414,1,2
1726,415,1,2
1726,416,1,2
1726,417,1,2
1726,418,1,2
1726,419,1,2
1726,420,1,2
1726,421,1,2
1726,422,1,2
1726,423,1,2
1726,424,1,2
1726,425,1,2
1726,426,1,2
1726,427,1,2
1726,428,1,2
1726,429,1,2
1726,430,1,2
1726,431,1,2
1726,432,1,2
1726,433,1,2
1726,434,1,2
1726,435,1,2
1726,436,1,2
1726,437,1,2
1726,438,1,2
1726,439,1,2
1726,440,1,2
1726,441,1,2
1726,442,1,2
1726,443,1,2
1726,444,1,2
1726,445,1,2
1726,446,1,2
1726,447,1,2
1726,448,1,2
1726,449,1,2
1726,450,1,2
1726,451,1,2
1726,452,1,2
1726,453,1,2
1726,454,1,2
1726,455,1,2
1726,456,1,2
1726,457,1,2
1726,458,1,2
1726,459,1,2
1726,460,1,2
1726,461,1,2
1726,462,1,2
1726,463,1,2
1726,464,1,2
1726,465,1,2
1726,466,1,2
1726,467,1,2
1726,468,1,2
1726,469,1,2
1726,470,1,2
1726,471,1,2
1726,472,1,2
1726,473,1,2
1726,474,1,2
1726,475,1,2
1726,476,1,2
1726,477,1,2
1726,478,1,2
1726,479,1,2
1726,480,1,2
1726,481,1,2
1726,482,1,2
1726,483,1,2
1726,484,1,2
1726,485,1,2
1726,486,1,2
1726,487,1,2
1726,488,1,2
1726,489,1,2
1726,490,1,2
1726,491,1,2
1726,492,1,2
1726,493,1,2
1726,494,1,2
1726,495,1,2
1726,496,1,2
1726,497,1,2
1726,498,1,2
1726,499,1,2
1726,500,1,2
1726,501,1,2
1726,502,1,2
1726,503,1,2
1726,504,1,2
1726,505,1,2
1726,506,1,2
1726,507,1,2
1726,508,1,2
1726,509,1,2
1726,510,1,2
1726,511,1,2
1726,512,1,2
1726,513,1,2
1726,514,1,2
1726,515,1,2
1726,516,1,2
1726,517,1,2
1726,518,1,2
1726,519,1,2
1726,520,1,2
1726,521,1,2
1726,522,1,2
1726,523,1,2
1726,524,1,2
1726,525,1,2
1726,526,1,2
1726,527,1,2
1726,528,1,2
1726,529,1,2
1726,530,1,2
1726,531,1,2
1726,532,1,2
1726,533,1,2
1726,534,1,2
1726,535,1,2
1726,536,1,2
1726,537,1,2
1726,538,1,2
1726,539,1,2
1726,540,1,2
1726,541,1,2
1726,542,1,2
1726,543,1,2
1726,544,1,2
1726,545,1,2
1726,546,1,2
1726,547,1,2
1726,548,1,2
1726,549,1,2
1726,550,1,2
1726,551,1,2
1726,552,1,2
1726,553,1,2
1726,554,1,2
1726,555,1,2
1726,556,1,2
1726,557,1,2
1726,558,1,2
1726,559,1,2
1726,560,1,2
1726,561,1,2
1726,562,1,2
1726,563,1,2
1726,564,1,2
1726,565,1,2
1726,566,1,2
1726,567,1,2
1726,568,1,2
1726,569,1,2
1726,570,1,2
1726,571,1,2
1726,572,1,2
1726,573,1,2
1726,574,1,2
1726,575,1,2
1726,576,1,2
1726,577,1,2
1726,578,1,2
1726,579,1,2
1726,580,1,2
1726,581,1,2
1726,582,1,2
1726,583,1,2
1726,587,1,2
1726,588,1,2
1727,196,1,2
1727,197,1,2
1727,198,1,2
1727,199,1,2
1727,200,1,2
1727,201,1,2
1727,202,1,2
1727,203,1,2
1727,204,1,2
1727,205,1,2
1727,206,1,2
1727,207,1,2
1727,208,1,2
1727,209,1,2
1727,210,1,2
1727,211,1,2
1727,212,1,2
1727,213,1,2
1727,214,1,2
1727,215,1,2
1727,216,1,2
1727,217,1,2
1727,218,1,2
1727,219,1,2
1727,220,1,2
1727,221,1,2
1727,222,1,2
1727,223,1,2
1727,224,1,2
1727,225,1,2
1727,226,1,2
1727,227,1,2
1727,228,1,2
1727,229,1,2
1727,230,1,2
1727,231,1,2
1727,232,1,2
1727,233,1,2
1727,234,1,2
1727,235,1,2
1727,236,1,2
1727,237,1,2
1727,238,1,2
1727,239,1,2
1727,240,1,2
1727,241,1,2
1727,242,1,2
1727,243,1,2
1727,244,1,2
1727,245,1,2
1727,246,1,2
1727,247,1,2
1727,248,1,2
1727,249,1,2
1727,250,1,2
1727,251,1,2
1727,252,1,2
1727,253,1,2
1727,254,1,2
1727,255,1,2
1727,256,1,2
1727,257,1,2
1727,258,1,2
1727,259,1,2
1727,260,1,2
1727,261,1,2
1727,262,1,2
1727,263,1,2
1727,264,1,2
1727,265,1,2
1727,266,1,2
1727,267,1,2
1727,268,1,2
1727,269,1,2
1727,270,1,2
1727,271,1,2
1727,272,1,2
1727,273,1,2
1727,274,1,2
1727,275,1,2
1727,276,1,2
1727,277,1,2
1727,278,1,2
1727,279,1,2
1727,280,1,2
1727,281,1,2
1727,282,1,2
1727,283,1,2
1727,284,1,2
1727,285,1,2
1727,286,1,2
1727,287,1,2
1727,288,1,2
1727,289,1,2
1727,290,1,2
1727,291,1,2
1727,292,1,2
1727,293,1,2
1727,294,1,2
1727,295,1,2
1727,296,1,2
1727,297,1,2
1727,298,1,2
1727,299,1,2
1727,300,1,2
1727,301,1,2
1727,302,1,2
1727,303,1,2
1727,304,1,2
1727,305,1,2
1727,306,1,2
1727,307,1,2
1727,308,1,2
1727,309,1,2
1727,310,1,2
1727,311,1,2
1727,312,1,2
1727,313,1,2
1727,314,1,2
1727,315,1,2
1727,316,1,2
1727,317,1,2
1727,318,1,2
1727,319,1,2
1727,320,1,2
1727,321,1,2
1727,322,1,2
1727,323,1,2
1727,324,1,2
1727,325,1,2
1727,326,1,2
1727,327,1,2
1727,328,1,2
1727,329,1,2
1727,330,1,2
1727,331,1,2
1727,332,1,2
1727,333,1,2
1727,334,1,2
1727,335,1,2
1727,336,1,2
1727,337,1,2
1727,338,1,2
1727,339,1,2
1727,340,1,2
1727,341,1,2
1727,342,1,2
1727,343,1,2
1727,344,1,2
1727,345,1,2
1727,346,1,2
1727,347,1,2
1727,348,1,2
1727,349,1,2
1727,350,1,2
1727,351,1,2
1727,352,1,2
1727,353,1,2
1727,354,1,2
1727,355,1,2
1727,356,1,2
1727,357,1,2
1727,358,1,2
1727,359,1,2
1727,360,1,2
1727,361,1,2
1727,362,1,2
1727,363,1,2
1727,364,1,2
1727,365,1,2
1727,366,1,2
1727,367,1,2
1727,368,1,2
1727,369,1,2
1727,370,1,2
1727,371,1,2
1727,372,1,2
1727,373,1,2
1727,374,1,2
1727,375,1,2
1727,376,1,2
1727,377,1,2
1727,378,1,2
1727,379,1,2
1727,380,1,2
1727,381,1,2
1727,382,1,2
1727,383,1,2
1727,384,1,2
1727,385,1,2
1727,386,1,2
1727,387,1,2
1727,388,1,2
1727,389,1,2
1727,390,1,2
1727,391,1,2
1727,392,1,2
1727,393,1,2
1727,394,1,2
1727,395,1,2
1727,396,1,2
1727,397,1,2
1727,398,1,2
1727,399,1,2
1727,400,1,2
1727,401,1,2
1727,402,1,2
1727,403,1,2
1727,404,1,2
1727,405,1,2
1727,406,1,2
1727,407,1,2
1727,408,1,2
1727,409,1,2
1727,410,1,2
1727,411,1,2
1727,412,1,2
1727,413,1,2
1727,414,1,2
1727,415,1,2
1727,416,1,2
1727,417,1,2
1727,418,1,2
1727,419,1,2
1727,420,1,2
1727,421,1,2
1727,422,1,2
1727,423,1,2
1727,424,1,2
1727,425,1,2
1727,426,1,2
1727,427,1,2
1727,428,1,2
1727,429,1,2
1727,430,1,2
1727,431,1,2
1727,432,1,2
1727,433,1,2
1727,434,1,2
1727,435,1,2
1727,436,1,2
1727,437,1,2
1727,438,1,2
1727,439,1,2
1727,440,1,2
1727,441,1,2
1727,442,1,2
1727,443,1,2
1727,444,1,2
1727,445,1,2
1727,446,1,2
1727,447,1,2
1727,448,1,2
1727,449,1,2
1727,450,1,2
1727,451,1,2
1727,452,1,2
1727,453,1,2
1727,454,1,2
1727,455,1,2
1727,456,1,2
1727,457,1,2
1727,458,1,2
1727,459,1,2
1727,460,1,2
1727,461,1,2
1727,462,1,2
1727,463,1,2
1727,464,1,2
1727,465,1,2
1727,466,1,2
1727,467,1,2
1727,468,1,2
1727,469,1,2
1727,470,1,2
1727,471,1,2
1727,472,1,2
1727,473,1,2
1727,474,1,2
1727,475,1,2
1727,476,1,2
1727,477,1,2
1727,478,1,2
1727,479,1,2
1727,480,1,2
1727,481,1,2
1727,482,1,2
1727,483,1,2
1727,484,1,2
1727,485,1,2
1727,486,1,2
1727,487,1,2
1727,488,1,2
1727,489,1,2
1727,490,1,2
1727,491,1,2
1727,492,1,2
1727,493,1,2
1727,494,1,2
1727,495,1,2
1727,496,1,2
1727,497,1,2
1727,498,1,2
1727,499,1,2
1727,500,1,2
1727,501,1,2
1727,502,1,2
1727,503,1,2
1727,504,1,2
1727,505,1,2
1727,506,1,2
1727,507,1,2
1727,508,1,2
1727,509,1,2
1727,510,1,2
1727,511,1,2
1727,512,1,2
1727,513,1,2
1727,514,1,2
1727,515,1,2
1727,516,1,2
1727,517,1,2
1727,518,1,2
1727,519,1,2
1727,520,1,2
1727,521,1,2
1727,522,1,2
1727,523,1,2
1727,524,1,2
1727,525,1,2
1727,526,1,2
1727,527,1,2
1727,528,1,2
1727,529,1,2
1727,530,1,2
1727,531,1,2
1727,532,1,2
1727,533,1,2
1727,534,1,2
1727,535,1,2
1727,536,1,2
1727,537,1,2
1727,538,1,2
1727,539,1,2
1727,540,1,2
1727,541,1,2
1727,542,1,2
1727,543,1,2
1727,544,1,2
1727,545,1,2
1727,546,1,2
1727,547,1,2
1727,548,1,2
1727,549,1,2
1727,550,1,2
1727,551,1,2
1727,552,1,2
1727,553,1,2
1727,554,1,2
1727,555,1,2
1727,556,1,2
1727,557,1,2
1727,558,1,2
1727,559,1,2
1727,560,1,2
1727,561,1,2
1727,562,1,2
1727,563,1,2
1727,564,1,2
1727,565,1,2
1727,566,1,2
1727,567,1,2
1727,568,1,2
1727,569,1,2
1727,570,1,2
1727,571,1,2
1727,572,1,2
1727,573,1,2
1727,574,1,2
1727,575,1,2
1727,576,1,2
1727,577,1,2
1727,578,1,2
1727,579,1,2
1727,580,1,2
1727,581,1,2
1727,582,1,2
1727,583,1,2
1727,584,1,2
1727,585,1,2
1727,586,1,2
1727,587,1,2
1727,588,1,2
1728,195,1,2
1728,196,1,2
1728,197,1,2
1728,198,1,2
1728,199,1,2
1728,200,1,2
1728,201,1,2
1728,202,1,2
1728,203,1,2
1728,204,1,2
1728,205,1,2
1728,206,1,2
1728,207,1,2
1728,208,1,2
1728,209,1,2
1728,210,1,2
1728,211,1,2
1728,212,1,2
1728,213,1,2
1728,214,1,2
1728,215,1,2
1728,216,1,2
1728,217,1,2
1728,218,1,2
1728,219,1,2
1728,220,1,2
1728,221,1,2
1728,222,1,2
1728,223,1,2
1728,224,1,2
1728,225,1,2
1728,226,1,2
1728,227,1,2
1728,228,1,2
1728,229,1,2
1728,230,1,2
1728,231,1,2
1728,232,1,2
1728,233,1,2
1728,234,1,2
1728,235,1,2
1728,236,1,2
1728,237,1,2
1728,238,1,2
1728,239,1,2
1728,240,1,2
1728,241,1,2
1728,242,1,2
1728,243,1,2
1728,244,1,2
1728,245,1,2
1728,246,1,2
1728,247,1,2
1728,248,1,2
1728,249,1,2
1728,250,1,2
1728,251,1,2
1728,252,1,2
1728,253,1,2
1728,254,1,2
1728,255,1,2
1728,256,1,2
1728,257,1,2
1728,258,1,2
1728,259,1,2
1728,260,1,2
1728,261,1,2
1728,262,1,2
1728,263,1,2
1728,264,1,2
1728,265,1,2
1728,266,1,2
1728,267,1,2
1728,268,1,2
1728,269,1,2
1728,270,1,2
1728,271,1,2
1728,272,1,2
1728,273,1,2
1728,274,1,2
1728,275,1,2
1728,276,1,2
1728,277,1,2
1728,278,1,2
1728,279,1,2
1728,280,1,2
1728,281,1,2
1728,282,1,2
1728,283,1,2
1728,284,1,2
1728,285,1,2
1728,286,1,2
1728,287,1,2
1728,288,1,2
1728,289,1,2
1728,290,1,2
1728,291,1,2
1728,292,1,2
1728,293,1,2
1728,294,1,2
1728,295,1,2
1728,296,1,2
1728,297,1,2
1728,298,1,2
1728,299,1,2
1728,300,1,2
1728,301,1,2
1728,302,1,2
1728,303,1,2
1728,304,1,2
1728,305,1,2
1728,306,1,2
1728,307,1,2
1728,308,1,2
1728,309,1,2
1728,310,1,2
1728,311,1,2
1728,312,1,2
1728,313,1,2
1728,314,1,2
1728,315,1,2
1728,316,1,2
1728,317,1,2
1728,318,1,2
1728,319,1,2
1728,320,1,2
1728,321,1,2
1728,322,1,2
1728,323,1,2
1728,324,1,2
1728,325,1,2
1728,326,1,2
1728,327,1,2
1728,328,1,2
1728,329,1,2
1728,330,1,2
1728,331,1,2
1728,332,1,2
1728,333,1,2
1728,334,1,2
1728,335,1,2
1728,336,1,2
1728,337,1,2
1728,338,1,2
1728,339,1,2
1728,340,1,2
1728,341,1,2
1728,342,1,2
1728,343,1,2
1728,344,1,2
1728,345,1,2
1728,346,1,2
1728,347,1,2
1728,348,1,2
1728,349,1,2
1728,350,1,2
1728,351,1,2
1728,352,1,2
1728,353,1,2
1728,354,1,2
1728,355,1,2
1728,356,1,2
1728,357,1,2
1728,358,1,2
1728,359,1,2
1728,360,1,2
1728,361,1,2
1728,362,1,2
1728,363,1,2
1728,364,1,2
1728,365,1,2
1728,366,1,2
1728,367,1,2
1728,368,1,2
1728,369,1,2
1728,370,1,2
1728,371,1,2
1728,372,1,2
1728,373,1,2
1728,374,1,2
1728,375,1,2
1728,376,1,2
1728,377,1,2
1728,378,1,2
1728,379,1,2
1728,380,1,2
1728,381,1,2
1728,382,1,2
1728,383,1,2
1728,384,1,2
1728,385,1,2
1728,386,1,2
1728,387,1,2
1728,388,1,2
1728,389,1,2
1728,390,1,2
1728,391,1,2
1728,392,1,2
1728,393,1,2
1728,394,1,2
1728,395,1,2
1728,396,1,2
1728,397,1,2
1728,398,1,2
1728,399,1,2
1728,400,1,2
1728,401,1,2
1728,402,1,2
1728,403,1,2
1728,404,1,2
1728,405,1,2
1728,406,1,2
1728,407,1,2
1728,408,1,2
1728,409,1,2
1728,410,1,2
1728,411,1,2
1728,412,1,2
1728,413,1,2
1728,414,1,2
1728,415,1,2
1728,416,1,2
1728,417,1,2
1728,418,1,2
1728,419,1,2
1728,420,1,2
1728,421,1,2
1728,422,1,2
1728,423,1,2
1728,424,1,2
1728,425,1,2
1728,426,1,2
1728,427,1,2
1728,428,1,2
1728,429,1,2
1728,430,1,2
1728,431,1,2
1728,432,1,2
1728,433,1,2
1728,434,1,2
1728,435,1,2
1728,436,1,2
1728,437,1,2
1728,438,1,2
1728,439,1,2
1728,440,1,2
1728,441,1,2
1728,442,1,2
1728,443,1,2
1728,444,1,2
1728,445,1,2
1728,446,1,2
1728,447,1,2
1728,448,1,2
1728,449,1,2
1728,450,1,2
1728,451,1,2
1728,452,1,2
1728,453,1,2
1728,454,1,2
1728,455,1,2
1728,456,1,2
1728,457,1,2
1728,458,1,2
1728,459,1,2
1728,460,1,2
1728,461,1,2
1728,462,1,2
1728,463,1,2
1728,464,1,2
1728,465,1,2
1728,466,1,2
1728,467,1,2
1728,468,1,2
1728,469,1,2
1728,470,1,2
1728,471,1,2
1728,472,1,2
1728,473,1,2
1728,474,1,2
1728,475,1,2
1728,476,1,2
1728,477,1,2
1728,478,1,2
1728,479,1,2
1728,480,1,2
1728,481,1,2
1728,482,1,2
1728,483,1,2
1728,484,1,2
1728,485,1,2
1728,486,1,2
1728,487,1,2
1728,488,1,2
1728,489,1,2
1728,490,1,2
1728,491,1,2
1728,492,1,2
1728,493,1,2
1728,494,1,2
1728,495,1,2
1728,496,1,2
1728,497,1,2
1728,498,1,2
1728,499,1,2
1728,500,1,2
1728,501,1,2
1728,502,1,2
1728,503,1,2
1728,504,1,2
1728,505,1,2
1728,506,1,2
1728,507,1,2
1728,508,1,2
1728,509,1,2
1728,510,1,2
1728,511,1,2
1728,512,1,2
1728,513,1,2
1728,514,1,2
1728,515,1,2
1728,516,1,2
1728,517,1,2
1728,518,1,2
1728,519,1,2
1728,520,1,2
1728,521,1,2
1728,522,1,2
1728,523,1,2
1728,524,1,2
1728,525,1,2
1728,526,1,2
1728,527,1,2
1728,528,1,2
1728,529,1,2
1728,530,1,2
1728,531,1,2
1728,532,1,2
1728,533,1,2
1728,534,1,2
1728,535,1,2
1728,536,1,2
1728,537,1,2
1728,538,1,2
1728,539,1,2
1728,540,1,2
1728,541,1,2
1728,542,1,2
1728,543,1,2
1728,544,1,2
1728,545,1,2
1728,546,1,2
1728,547,1,2
1728,548,1,2
1728,549,1,2
1728,550,1,2
1728,551,1,2
1728,552,1,2
1728,553,1,2
1728,554,1,2
1728,555,1,2
1728,556,1,2
1728,557,1,2
1728,558,1,2
1728,559,1,2
1728,560,1,2
1728,561,1,2
1728,562,1,2
1728,563,1,2
1728,564,1,2
1728,565,1,2
1728,566,1,2
1728,567,1,2
1728,568,1,2
1728,569,1,2
1728,570,1,2
1728,571,1,2
1728,572,1,2
1728,573,1,2
1728,574,1,2
1728,575,1,2
1728,576,1,2
1728,577,1,2
1728,578,1,2
1728,579,1,2
1728,580,1,2
1728,581,1,2
1728,582,1,2
1728,583,1,2
1728,584,1,2
1728,585,1,2
1728,586,1,2
1728,587,1,2
1728,588,1,2
1729,193,1,2
1729,194,1,2
1729,195,1,2
1729,196,1,2
1729,197,1,2
1729,198,1,2
1729,199,1,2
1729,200,1,2
1729,201,1,2
1729,202,1,2
1729,203,1,2
1729,204,1,2
1729,205,1,2
1729,206,1,2
1729,207,1,2
1729,208,1,2
1729,209,1,2
1729,210,1,2
1729,211,1,2
1729,212,1,2
1729,213,1,2
1729,214,1,2
1729,215,1,2
1729,216,1,2
1729,217,1,2
1729,218,1,2
1729,219,1,2
1729,220,1,2
1729,221,1,2
1729,222,1,2
1729,223,1,2
1729,224,1,2
1729,225,1,2
1729,226,1,2
1729,227,1,2
1729,228,1,2
1729,229,1,2
1729,230,1,2
1729,231,1,2
1729,232,1,2
1729,233,1,2
1729,234,1,2
1729,235,1,2
1729,236,1,2
1729,237,1,2
1729,238,1,2
1729,239,1,2
1729,240,1,2
1729,241,1,2
1729,242,1,2
1729,243,1,2
1729,244,1,2
1729,245,1,2
1729,246,1,2
1729,247,1,2
1729,248,1,2
1729,249,1,2
1729,250,1,2
1729,251,1,2
1729,252,1,2
1729,253,1,2
1729,254,1,2
1729,255,1,2
1729,256,1,2
1729,257,1,2
1729,258,1,2
1729,259,1,2
1729,260,1,2
1729,261,1,2
1729,262,1,2
1729,263,1,2
1729,264,1,2
1729,265,1,2
1729,266,1,2
1729,267,1,2
1729,268,1,2
1729,269,1,2
1729,270,1,2
1729,271,1,2
1729,272,1,2
1729,273,1,2
1729,274,1,2
1729,275,1,2
1729,276,1,2
1729,277,1,2
1729,278,1,2
1729,279,1,2
1729,280,1,2
1729,281,1,2
1729,282,1,2
1729,283,1,2
1729,284,1,2
1729,285,1,2
1729,286,1,2
1729,287,1,2
1729,288,1,2
1729,289,1,2
1729,290,1,2
1729,291,1,2
1729,292,1,2
1729,293,1,2
1729,294,1,2
1729,295,1,2
1729,296,1,2
1729,297,1,2
1729,298,1,2
1729,299,1,2
1729,300,1,2
1729,301,1,2
1729,302,1,2
1729,303,1,2
1729,304,1,2
1729,305,1,2
1729,306,1,2
1729,307,1,2
1729,308,1,2
1729,309,1,2
1729,310,1,2
1729,311,1,2
1729,312,1,2
1729,313,1,2
1729,314,1,2
1729,315,1,2
1729,316,1,2
1729,317,1,2
1729,318,1,2
1729,319,1,2
1729,320,1,2
1729,321,1,2
1729,322,1,2
1729,323,1,2
1729,324,1,2
1729,325,1,2
1729,326,1,2
1729,327,1,2
1729,328,1,2
1729,329,1,2
1729,330,1,2
1729,331,1,2
1729,332,1,2
1729,333,1,2
1729,334,1,2
1729,335,1,2
1729,336,1,2
1729,337,1,2
1729,338,1,2
1729,339,1,2
1729,340,1,2
1729,341,1,2
1729,342,1,2
1729,343,1,2
1729,344,1,2
1729,345,1,2
1729,346,1,2
1729,347,1,2
1729,348,1,2
1729,349,1,2
1729,350,1,2
1729,351,1,2
1729,352,1,2
1729,353,1,2
1729,354,1,2
1729,355,1,2
1729,356,1,2
1729,357,1,2
1729,358,1,2
1729,359,1,2
1729,360,1,2
1729,361,1,2
1729,362,1,2
1729,363,1,2
1729,364,1,2
1729,365,1,2
1729,366,1,2
1729,367,1,2
1729,368,1,2
1729,369,1,2
1729,370,1,2
1729,371,1,2
1729,372,1,2
1729,373,1,2
1729,374,1,2
1729,375,1,2
1729,376,1,2
1729,377,1,2
1729,378,1,2
1729,379,1,2
1729,380,1,2
1729,381,1,2
1729,382,1,2
1729,383,1,2
1729,384,1,2
1729,385,1,2
1729,386,1,2
1729,387,1,2
1729,388,1,2
1729,389,1,2
1729,390,1,2
1729,391,1,2
1729,392,1,2
1729,393,1,2
1729,394,1,2
1729,395,1,2
1729,396,1,2
1729,397,1,2
1729,398,1,2
1729,399,1,2
1729,400,1,2
1729,401,1,2
1729,402,1,2
1729,403,1,2
1729,404,1,2
1729,405,1,2
1729,406,1,2
1729,407,1,2
1729,408,1,2
1729,409,1,2
1729,410,1,2
1729,411,1,2
1729,412,1,2
1729,413,1,2
1729,414,1,2
1729,415,1,2
1729,416,1,2
1729,417,1,2
1729,418,1,2
1729,419,1,2
1729,420,1,2
1729,421,1,2
1729,422,1,2
1729,423,1,2
1729,424,1,2
1729,425,1,2
1729,426,1,2
1729,427,1,2
1729,428,1,2
1729,429,1,2
1729,430,1,2
1729,431,1,2
1729,432,1,2
1729,433,1,2
1729,434,1,2
1729,435,1,2
1729,436,1,2
1729,437,1,2
1729,438,1,2
1729,439,1,2
1729,440,1,2
1729,441,1,2
1729,442,1,2
1729,443,1,2
1729,444,1,2
1729,445,1,2
1729,446,1,2
1729,447,1,2
1729,448,1,2
1729,449,1,2
1729,450,1,2
1729,451,1,2
1729,452,1,2
1729,453,1,2
1729,454,1,2
1729,455,1,2
1729,456,1,2
1729,457,1,2
1729,458,1,2
1729,459,1,2
1729,460,1,2
1729,461,1,2
1729,462,1,2
1729,463,1,2
1729,464,1,2
1729,465,1,2
1729,466,1,2
1729,467,1,2
1729,468,1,2
1729,469,1,2
1729,470,1,2
1729,471,1,2
1729,472,1,2
1729,473,1,2
1729,474,1,2
1729,475,1,2
1729,476,1,2
1729,477,1,2
1729,478,1,2
1729,479,1,2
1729,480,1,2
1729,481,1,2
1729,482,1,2
1729,483,1,2
1729,484,1,2
1729,485,1,2
1729,486,1,2
1729,487,1,2
1729,488,1,2
1729,489,1,2
1729,490,1,2
1729,491,1,2
1729,492,1,2
1729,493,1,2
1729,494,1,2
1729,495,1,2
1729,496,1,2
1729,497,1,2
1729,498,1,2
1729,499,1,2
1729,500,1,2
1729,501,1,2
1729,502,1,2
1729,503,1,2
1729,504,1,2
1729,505,1,2
1729,506,1,2
1729,507,1,2
1729,508,1,2
1729,509,1,2
1729,510,1,2
1729,511,1,2
1729,512,1,2
1729,513,1,2
1729,514,1,2
1729,515,1,2
1729,516,1,2
1729,517,1,2
1729,518,1,2
1729,519,1,2
1729,520,1,2
1729,521,1,2
1729,522,1,2
1729,523,1,2
1729,524,1,2
1729,525,1,2
1729,526,1,2
1729,527,1,2
1729,528,1,2
1729,529,1,2
1729,530,1,2
1729,531,1,2
1729,532,1,2
1729,533,1,2
1729,534,1,2
1729,535,1,2
1729,536,1,2
1729,537,1,2
1729,538,1,2
1729,539,1,2
1729,540,1,2
1729,541,1,2
1729,542,1,2
1729,543,1,2
1729,544,1,2
1729,545,1,2
1729,546,1,2
1729,547,1,2
1729,548,1,2
1729,549,1,2
1729,550,1,2
1729,551,1,2
1729,552,1,2
1729,553,1,2
1729,554,1,2
1729,555,1,2
1729,556,1,2
1729,557,1,2
1729,558,1,2
1729,559,1,2
1729,560,1,2
1729,561,1,2
1729,562,1,2
1729,563,1,2
1729,564,1,2
1729,565,1,2
1729,566,1,2
1729,567,1,2
1729,568,1,2
1729,569,1,2
1729,570,1,2
1729,571,1,2
1729,572,1,2
1729,573,1,2
1729,574,1,2
1729,575,1,2
1729,576,1,2
1729,577,1,2
1729,578,1,2
1729,579,1,2
1729,580,1,2
1729,581,1,2
1729,582,1,2
1729,583,1,2
1729,584,1,2
1729,585,1,2
1729,586,1,2
1729,587,1,2
1729,588,1,2
1730,193,1,2
1730,194,1,2
1730,195,1,2
1730,196,1,2
1730,197,1,2
1730,198,1,2
1730,199,1,2
1730,200,1,2
1730,201,1,2
1730,202,1,2
1730,203,1,2
1730,204,1,2
1730,205,1,2
1730,206,1,2
1730,207,1,2
1730,208,1,2
1730,209,1,2
1730,210,1,2
1730,211,1,2
1730,212,1,2
1730,213,1,2
1730,214,1,2
1730,215,1,2
1730,216,1,2
1730,217,1,2
1730,218,1,2
1730,219,1,2
1730,220,1,2
1730,221,1,2
1730,222,1,2
1730,223,1,2
1730,224,1,2
1730,225,1,2
1730,226,1,2
1730,227,1,2
1730,228,1,2
1730,229,1,2
1730,230,1,2
1730,231,1,2
1730,232,1,2
1730,233,1,2
1730,234,1,2
1730,235,1,2
1730,236,1,2
1730,237,1,2
1730,238,1,2
1730,239,1,2
1730,240,1,2
1730,241,1,2
1730,242,1,2
1730,243,1,2
1730,244,1,2
1730,245,1,2
1730,246,1,2
1730,247,1,2
1730,248,1,2
1730,249,1,2
1730,250,1,2
1730,251,1,2
1730,252,1,2
1730,253,1,2
1730,254,1,2
1730,255,1,2
1730,256,1,2
1730,257,1,2
1730,258,1,2
1730,259,1,2
1730,260,1,2
1730,261,1,2
1730,262,1,2
1730,263,1,2
1730,264,1,2
1730,265,1,2
1730,266,1,2
1730,267,1,2
1730,268,1,2
1730,269,1,2
1730,270,1,2
1730,271,1,2
1730,272,1,2
1730,273,1,2
1730,274,1,2
1730,275,1,2
1730,276,1,2
1730,277,1,2
1730,278,1,2
1730,279,1,2
1730,280,1,2
1730,281,1,2
1730,282,1,2
1730,283,1,2
1730,284,1,2
1730,285,1,2
1730,286,1,2
1730,287,1,2
1730,288,1,2
1730,289,1,2
1730,290,1,2
1730,291,1,2
1730,292,1,2
1730,293,1,2
1730,294,1,2
1730,295,1,2
1730,296,1,2
1730,297,1,2
1730,298,1,2
1730,299,1,2
1730,300,1,2
1730,301,1,2
1730,302,1,2
1730,303,1,2
1730,304,1,2
1730,305,1,2
1730,306,1,2
1730,307,1,2
1730,308,1,2
1730,309,1,2
1730,310,1,2
1730,311,1,2
1730,312,1,2
1730,313,1,2
1730,314,1,2
1730,315,1,2
1730,316,1,2
1730,317,1,2
1730,318,1,2
1730,319,1,2
1730,320,1,2
1730,321,1,2
1730,322,1,2
1730,323,1,2
1730,324,1,2
1730,325,1,2
1730,326,1,2
1730,327,1,2
1730,328,1,2
1730,329,1,2
1730,330,1,2
1730,331,1,2
1730,332,1,2
1730,333,1,2
1730,334,1,2
1730,335,1,2
1730,336,1,2
1730,337,1,2
1730,338,1,2
1730,339,1,2
1730,340,1,2
1730,341,1,2
1730,342,1,2
1730,343,1,2
1730,344,1,2
1730,345,1,2
1730,346,1,2
1730,347,1,2
1730,348,1,2
1730,349,1,2
1730,350,1,2
1730,351,1,2
1730,352,1,2
1730,353,1,2
1730,354,1,2
1730,355,1,2
1730,356,1,2
1730,357,1,2
1730,358,1,2
1730,359,1,2
1730,360,1,2
1730,361,1,2
1730,362,1,2
1730,363,1,2
1730,364,1,2
1730,365,1,2
1730,366,1,2
1730,367,1,2
1730,368,1,2
1730,369,1,2
1730,370,1,2
1730,371,1,2
1730,372,1,2
1730,373,1,2
1730,374,1,2
1730,375,1,2
1730,376,1,2
1730,377,1,2
1730,378,1,2
1730,379,1,2
1730,380,1,2
1730,381,1,2
1730,382,1,2
1730,383,1,2
1730,384,1,2
1730,385,1,2
1730,386,1,2
1730,387,1,2
1730,388,1,2
1730,389,1,2
1730,390,1,2
1730,391,1,2
1730,392,1,2
1730,393,1,2
1730,394,1,2
1730,395,1,2
1730,396,1,2
1730,397,1,2
1730,398,1,2
1730,399,1,2
1730,400,1,2
1730,401,1,2
1730,402,1,2
1730,403,1,2
1730,404,1,2
1730,405,1,2
1730,406,1,2
1730,407,1,2
1730,408,1,2
1730,409,1,2
1730,410,1,2
1730,411,1,2
1730,412,1,2
1730,413,1,2
1730,414,1,2
1730,415,1,2
1730,416,1,2
1730,417,1,2
1730,418,1,2
1730,419,1,2
1730,420,1,2
1730,421,1,2
1730,422,1,2
1730,423,1,2
1730,424,1,2
1730,425,1,2
1730,426,1,2
1730,427,1,2
1730,428,1,2
1730,429,1,2
1730,430,1,2
1730,431,1,2
1730,432,1,2
1730,433,1,2
1730,434,1,2
1730,435,1,2
1730,436,1,2
1730,437,1,2
1730,438,1,2
1730,439,1,2
1730,440,1,2
1730,441,1,2
1730,442,1,2
1730,443,1,2
1730,444,1,2
1730,445,1,2
1730,446,1,2
1730,447,1,2
1730,448,1,2
1730,449,1,2
1730,450,1,2
1730,451,1,2
1730,452,1,2
1730,453,1,2
1730,454,1,2
1730,455,1,2
1730,456,1,2
1730,457,1,2
1730,458,1,2
1730,459,1,2
1730,460,1,2
1730,461,1,2
1730,462,1,2
1730,463,1,2
1730,464,1,2
1730,465,1,2
1730,466,1,2
1730,467,1,2
1730,468,1,2
1730,469,1,2
1730,470,1,2
1730,471,1,2
1730,472,1,2
1730,473,1,2
1730,474,1,2
1730,475,1,2
1730,476,1,2
1730,477,1,2
1730,478,1,2
1730,479,1,2
1730,480,1,2
1730,481,1,2
1730,482,1,2
1730,483,1,2
1730,484,1,2
1730,485,1,2
1730,486,1,2
1730,487,1,2
1730,488,1,2
1730,489,1,2
1730,490,1,2
1730,491,1,2
1730,492,1,2
1730,493,1,2
1730,494,1,2
1730,495,1,2
1730,496,1,2
1730,497,1,2
1730,498,1,2
1730,499,1,2
1730,500,1,2
1730,501,1,2
1730,502,1,2
1730,503,1,2
1730,504,1,2
1730,505,1,2
1730,506,1,2
1730,507,1,2
1730,508,1,2
1730,509,1,2
1730,510,1,2
1730,511,1,2
1730,512,1,2
1730,513,1,2
1730,514,1,2
1730,515,1,2
1730,516,1,2
1730,517,1,2
1730,518,1,2
1730,519,1,2
1730,520,1,2
1730,521,1,2
1730,522,1,2
1730,523,1,2
1730,524,1,2
1730,525,1,2
1730,526,1,2
1730,527,1,2
1730,528,1,2
1730,529,1,2
1730,530,1,2
1730,531,1,2
1730,532,1,2
1730,533,1,2
1730,534,1,2
1730,535,1,2
1730,536,1,2
1730,537,1,2
1730,538,1,2
1730,539,1,2
1730,540,1,2
1730,541,1,2
1730,542,1,2
1730,543,1,2
1730,544,1,2
1730,545,1,2
1730,546,1,2
1730,547,1,2
1730,548,1,2
1730,549,1,2
1730,550,1,2
1730,551,1,2
1730,552,1,2
1730,553,1,2
1730,554,1,2
1730,555,1,2
1730,556,1,2
1730,557,1,2
1730,558,1,2
1730,559,1,2
1730,560,1,2
1730,561,1,2
1730,562,1,2
1730,563,1,2
1730,564,1,2
1730,565,1,2
1730,566,1,2
1730,567,1,2
1730,568,1,2
1730,569,1,2
1730,570,1,2
1730,571,1,2
1730,572,1,2
1730,573,1,2
1730,574,1,2
1730,575,1,2
1730,576,1,2
1730,577,1,2
1730,578,1,2
1730,579,1,2
1730,580,1,2
1730,581,1,2
1730,582,1,2
1730,583,1,2
1730,584,1,2
1730,585,1,2
1730,586,1,2
1730,587,1,2
1730,588,1,2
1730,589,1,2
1731,192,1,2
1731,193,1,2
1731,194,1,2
1731,195,1,2
1731,196,1,2
1731,197,1,2
1731,198,1,2
1731,199,1,2
1731,200,1,2
1731,201,1,2
1731,202,1,2
1731,203,1,2
1731,204,1,2
1731,205,1,2
1731,206,1,2
1731,207,1,2
1731,208,1,2
1731,209,1,2
1731,210,1,2
1731,211,1,2
1731,212,1,2
1731,213,1,2
1731,214,1,2
1731,215,1,2
1731,216,1,2
1731,217,1,2
1731,218,1,2
1731,219,1,2
1731,220,1,2
1731,221,1,2
1731,222,1,2
1731,223,1,2
1731,224,1,2
1731,225,1,2
1731,226,1,2
1731,227,1,2
1731,228,1,2
1731,229,1,2
1731,230,1,2
1731,231,1,2
1731,232,1,2
1731,233,1,2
1731,234,1,2
1731,235,1,2
1731,236,1,2
1731,237,1,2
1731,238,1,2
1731,239,1,2
1731,240,1,2
1731,241,1,2
1731,242,1,2
1731,243,1,2
1731,244,1,2
1731,245,1,2
1731,246,1,2
1731,247,1,2
1731,248,1,2
1731,249,1,2
1731,250,1,2
1731,251,1,2
1731,252,1,2
1731,253,1,2
1731,254,1,2
1731,255,1,2
1731,256,1,2
1731,257,1,2
1731,258,1,2
1731,259,1,2
1731,260,1,2
1731,261,1,2
1731,262,1,2
1731,263,1,2
1731,264,1,2
1731,265,1,2
1731,266,1,2
1731,267,1,2
1731,268,1,2
1731,269,1,2
1731,270,1,2
1731,271,1,2
1731,272,1,2
1731,273,1,2
1731,274,1,2
1731,275,1,2
1731,276,1,2
1731,277,1,2
1731,278,1,2
1731,279,1,2
1731,280,1,2
1731,281,1,2
1731,282,1,2
1731,283,1,2
1731,284,1,2
1731,285,1,2
1731,286,1,2
1731,287,1,2
1731,288,1,2
1731,289,1,2
1731,290,1,2
1731,291,1,2
1731,292,1,2
1731,293,1,2
1731,294,1,2
1731,295,1,2
1731,296,1,2
1731,297,1,2
1731,298,1,2
1731,299,1,2
1731,300,1,2
1731,301,1,2
1731,302,1,2
1731,303,1,2
1731,304,1,2
1731,305,1,2
1731,306,1,2
1731,307,1,2
1731,308,1,2
1731,309,1,2
1731,310,1,2
1731,311,1,2
1731,312,1,2
1731,313,1,2
1731,314,1,2
1731,315,1,2
1731,316,1,2
1731,317,1,2
1731,318,1,2
1731,319,1,2
1731,320,1,2
1731,321,1,2
1731,322,1,2
1731,323,1,2
1731,324,1,2
1731,325,1,2
1731,326,1,2
1731,327,1,2
1731,328,1,2
1731,329,1,2
1731,330,1,2
1731,331,1,2
1731,332,1,2
1731,333,1,2
1731,334,1,2
1731,335,1,2
1731,336,1,2
1731,337,1,2
1731,338,1,2
1731,339,1,2
1731,340,1,2
1731,341,1,2
1731,342,1,2
1731,343,1,2
1731,344,1,2
1731,345,1,2
1731,346,1,2
1731,347,1,2
1731,348,1,2
1731,349,1,2
1731,350,1,2
1731,351,1,2
1731,352,1,2
1731,353,1,2
1731,354,1,2
1731,355,1,2
1731,356,1,2
1731,357,1,2
1731,358,1,2
1731,359,1,2
1731,360,1,2
1731,361,1,2
1731,362,1,2
1731,363,1,2
1731,364,1,2
1731,365,1,2
1731,366,1,2
1731,367,1,2
1731,368,1,2
1731,369,1,2
1731,370,1,2
1731,371,1,2
1731,372,1,2
1731,373,1,2
1731,374,1,2
1731,375,1,2
1731,376,1,2
1731,377,1,2
1731,378,1,2
1731,379,1,2
1731,380,1,2
1731,381,1,2
1731,382,1,2
1731,383,1,2
1731,384,1,2
1731,385,1,2
1731,386,1,2
1731,387,1,2
1731,388,1,2
1731,389,1,2
1731,390,1,2
1731,391,1,2
1731,392,1,2
1731,393,1,2
1731,394,1,2
1731,395,1,2
1731,396,1,2
1731,397,1,2
1731,398,1,2
1731,399,1,2
1731,400,1,2
1731,401,1,2
1731,402,1,2
1731,403,1,2
1731,404,1,2
1731,405,1,2
1731,406,1,2
1731,407,1,2
1731,408,1,2
1731,409,1,2
1731,410,1,2
1731,411,1,2
1731,412,1,2
1731,413,1,2
1731,414,1,2
1731,415,1,2
1731,416,1,2
1731,417,1,2
1731,418,1,2
1731,419,1,2
1731,420,1,2
1731,421,1,2
1731,422,1,2
1731,423,1,2
1731,424,1,2
1731,425,1,2
1731,426,1,2
1731,427,1,2
1731,428,1,2
1731,429,1,2
1731,430,1,2
1731,431,1,2
1731,432,1,2
1731,433,1,2
1731,434,1,2
1731,435,1,2
1731,436,1,2
1731,437,1,2
1731,438,1,2
1731,439,1,2
1731,440,1,2
1731,441,1,2
1731,442,1,2
1731,443,1,2
1731,444,1,2
1731,445,1,2
1731,446,1,2
1731,447,1,2
1731,448,1,2
1731,449,1,2
1731,450,1,2
1731,451,1,2
1731,452,1,2
1731,453,1,2
1731,454,1,2
1731,455,1,2
1731,456,1,2
1731,457,1,2
1731,458,1,2
1731,459,1,2
1731,460,1,2
1731,461,1,2
1731,462,1,2
1731,463,1,2
1731,464,1,2
1731,465,1,2
1731,466,1,2
1731,467,1,2
1731,468,1,2
1731,469,1,2
1731,470,1,2
1731,471,1,2
1731,472,1,2
1731,473,1,2
1731,474,1,2
1731,475,1,2
1731,476,1,2
1731,477,1,2
1731,478,1,2
1731,479,1,2
1731,480,1,2
1731,481,1,2
1731,482,1,2
1731,483,1,2
1731,484,1,2
1731,485,1,2
1731,486,1,2
1731,487,1,2
1731,488,1,2
1731,489,1,2
1731,490,1,2
1731,491,1,2
1731,492,1,2
1731,493,1,2
1731,494,1,2
1731,495,1,2
1731,496,1,2
1731,497,1,2
1731,498,1,2
1731,499,1,2
1731,500,1,2
1731,501,1,2
1731,502,1,2
1731,503,1,2
1731,504,1,2
1731,505,1,2
1731,506,1,2
1731,507,1,2
1731,508,1,2
1731,509,1,2
1731,510,1,2
1731,511,1,2
1731,512,1,2
1731,513,1,2
1731,514,1,2
1731,515,1,2
1731,516,1,2
1731,517,1,2
1731,518,1,2
1731,519,1,2
1731,520,1,2
1731,521,1,2
1731,522,1,2
1731,523,1,2
1731,524,1,2
1731,525,1,2
1731,526,1,2
1731,527,1,2
1731,528,1,2
1731,529,1,2
1731,530,1,2
1731,531,1,2
1731,532,1,2
1731,533,1,2
1731,534,1,2
1731,535,1,2
1731,536,1,2
1731,537,1,2
1731,538,1,2
1731,539,1,2
1731,540,1,2
1731,541,1,2
1731,542,1,2
1731,543,1,2
1731,544,1,2
1731,545,1,2
1731,546,1,2
1731,547,1,2
1731,548,1,2
1731,549,1,2
1731,550,1,2
1731,551,1,2
1731,552,1,2
1731,553,1,2
1731,554,1,2
1731,555,1,2
1731,556,1,2
1731,557,1,2
1731,558,1,2
1731,559,1,2
1731,560,1,2
1731,561,1,2
1731,562,1,2
1731,563,1,2
1731,564,1,2
1731,565,1,2
1731,566,1,2
1731,567,1,2
1731,568,1,2
1731,569,1,2
1731,570,1,2
1731,571,1,2
1731,572,1,2
1731,573,1,2
1731,574,1,2
1731,575,1,2
1731,576,1,2
1731,577,1,2
1731,578,1,2
1731,579,1,2
1731,580,1,2
1731,581,1,2
1731,582,1,2
1731,583,1,2
1731,584,1,2
1731,585,1,2
1731,586,1,2
1731,587,1,2
1731,588,1,2
1731,589,1,2
1732,189,1,2
1732,190,1,2
1732,191,1,2
1732,192,1,2
1732,193,1,2
1732,194,1,2
1732,195,1,2
1732,196,1,2
1732,197,1,2
1732,198,1,2
1732,199,1,2
1732,200,1,2
1732,201,1,2
1732,202,1,2
1732,203,1,2
1732,204,1,2
1732,205,1,2
1732,206,1,2
1732,207,1,2
1732,208,1,2
1732,209,1,2
1732,210,1,2
1732,211,1,2
1732,212,1,2
1732,213,1,2
1732,214,1,2
1732,215,1,2
1732,216,1,2
1732,217,1,2
1732,218,1,2
1732,219,1,2
1732,220,1,2
1732,221,1,2
1732,222,1,2
1732,223,1,2
1732,224,1,2
1732,225,1,2
1732,226,1,2
1732,227,1,2
1732,228,1,2
1732,229,1,2
1732,230,1,2
1732,231,1,2
1732,232,1,2
1732,233,1,2
1732,234,1,2
1732,235,1,2
1732,236,1,2
1732,237,1,2
1732,238,1,2
1732,239,1,2
1732,240,1,2
1732,241,1,2
1732,242,1,2
1732,243,1,2
1732,244,1,2
1732,245,1,2
1732,246,1,2
1732,247,1,2
1732,248,1,2
1732,249,1,2
1732,250,1,2
1732,251,1,2
1732,252,1,2
1732,253,1,2
1732,254,1,2
1732,255,1,2
1732,256,1,2
1732,257,1,2
1732,258,1,2
1732,259,1,2
1732,260,1,2
1732,261,1,2
1732,262,1,2
1732,263,1,2
1732,264,1,2
1732,265,1,2
1732,266,1,2
1732,267,1,2
1732,268,1,2
1732,269,1,2
1732,270,1,2
1732,271,1,2
1732,272,1,2
1732,273,1,2
1732,274,1,2
1732,275,1,2
1732,276,1,2
1732,277,1,2
1732,278,1,2
1732,279,1,2
1732,280,1,2
1732,281,1,2
1732,282,1,2
1732,283,1,2
1732,284,1,2
1732,285,1,2
1732,286,1,2
1732,287,1,2
1732,288,1,2
1732,289,1,2
1732,290,1,2
1732,291,1,2
1732,292,1,2
1732,293,1,2
1732,294,1,2
1732,295,1,2
1732,296,1,2
1732,297,1,2
1732,298,1,2
1732,299,1,2
1732,300,1,2
1732,301,1,2
1732,302,1,2
1732,303,1,2
1732,304,1,2
1732,305,1,2
1732,306,1,2
1732,307,1,2
1732,308,1,2
1732,309,1,2
1732,310,1,2
1732,311,1,2
1732,312,1,2
1732,313,1,2
1732,314,1,2
1732,315,1,2
1732,316,1,2
1732,317,1,2
1732,318,1,2
1732,319,1,2
1732,320,1,2
1732,321,1,2
1732,322,1,2
1732,323,1,2
1732,324,1,2
1732,325,1,2
1732,326,1,2
1732,327,1,2
1732,328,1,2
1732,329,1,2
1732,330,1,2
1732,331,1,2
1732,332,1,2
1732,333,1,2
1732,334,1,2
1732,335,1,2
1732,336,1,2
1732,337,1,2
1732,338,1,2
1732,339,1,2
1732,340,1,2
1732,341,1,2
1732,342,1,2
1732,343,1,2
1732,344,1,2
1732,345,1,2
1732,346,1,2
1732,347,1,2
1732,348,1,2
1732,349,1,2
1732,350,1,2
1732,351,1,2
1732,352,1,2
1732,353,1,2
1732,354,1,2
1732,355,1,2
1732,356,1,2
1732,357,1,2
1732,358,1,2
1732,359,1,2
1732,360,1,2
1732,361,1,2
1732,362,1,2
1732,363,1,2
1732,364,1,2
1732,365,1,2
1732,366,1,2
1732,367,1,2
1732,368,1,2
1732,369,1,2
1732,370,1,2
1732,371,1,2
1732,372,1,2
1732,373,1,2
1732,374,1,2
1732,375,1,2
1732,376,1,2
1732,377,1,2
1732,378,1,2
1732,379,1,2
1732,380,1,2
1732,381,1,2
1732,382,1,2
1732,383,1,2
1732,384,1,2
1732,385,1,2
1732,386,1,2
1732,387,1,2
1732,388,1,2
1732,389,1,2
1732,390,1,2
1732,391,1,2
1732,392,1,2
1732,393,1,2
1732,394,1,2
1732,395,1,2
1732,396,1,2
1732,397,1,2
1732,398,1,2
1732,399,1,2
1732,400,1,2
1732,401,1,2
1732,402,1,2
1732,403,1,2
1732,404,1,2
1732,405,1,2
1732,406,1,2
1732,407,1,2
1732,408,1,2
1732,409,1,2
1732,410,1,2
1732,411,1,2
1732,412,1,2
1732,413,1,2
1732,414,1,2
1732,415,1,2
1732,416,1,2
1732,417,1,2
1732,418,1,2
1732,419,1,2
1732,420,1,2
1732,421,1,2
1732,422,1,2
1732,423,1,2
1732,424,1,2
1732,425,1,2
1732,426,1,2
1732,427,1,2
1732,428,1,2
1732,429,1,2
1732,430,1,2
1732,431,1,2
1732,432,1,2
1732,433,1,2
1732,434,1,2
1732,435,1,2
1732,436,1,2
1732,437,1,2
1732,438,1,2
1732,439,1,2
1732,440,1,2
1732,441,1,2
1732,442,1,2
1732,443,1,2
1732,444,1,2
1732,445,1,2
1732,446,1,2
1732,447,1,2
1732,448,1,2
1732,449,1,2
1732,450,1,2
1732,451,1,2
1732,452,1,2
1732,453,1,2
1732,454,1,2
1732,455,1,2
1732,456,1,2
1732,457,1,2
1732,458,1,2
1732,459,1,2
1732,460,1,2
1732,461,1,2
1732,462,1,2
1732,463,1,2
1732,464,1,2
1732,465,1,2
1732,466,1,2
1732,467,1,2
1732,468,1,2
1732,469,1,2
1732,470,1,2
1732,471,1,2
1732,472,1,2
1732,473,1,2
1732,474,1,2
1732,475,1,2
1732,476,1,2
1732,477,1,2
1732,478,1,2
1732,479,1,2
1732,480,1,2
1732,481,1,2
1732,482,1,2
1732,483,1,2
1732,484,1,2
1732,485,1,2
1732,486,1,2
1732,487,1,2
1732,488,1,2
1732,489,1,2
1732,490,1,2
1732,491,1,2
1732,492,1,2
1732,493,1,2
1732,494,1,2
1732,495,1,2
1732,496,1,2
1732,497,1,2
1732,498,1,2
1732,499,1,2
1732,500,1,2
1732,501,1,2
1732,502,1,2
1732,503,1,2
1732,504,1,2
1732,505,1,2
1732,506,1,2
1732,507,1,2
1732,508,1,2
1732,509,1,2
1732,510,1,2
1732,511,1,2
1732,512,1,2
1732,513,1,2
1732,514,1,2
1732,515,1,2
1732,516,1,2
1732,517,1,2
1732,518,1,2
1732,519,1,2
1732,520,1,2
1732,521,1,2
1732,522,1,2
1732,523,1,2
1732,524,1,2
1732,525,1,2
1732,526,1,2
1732,527,1,2
1732,528,1,2
1732,529,1,2
1732,530,1,2
1732,531,1,2
1732,532,1,2
1732,533,1,2
1732,534,1,2
1732,535,1,2
1732,536,1,2
1732,537,1,2
1732,538,1,2
1732,539,1,2
1732,540,1,2
1732,541,1,2
1732,542,1,2
1732,543,1,2
1732,544,1,2
1732,545,1,2
1732,546,1,2
1732,547,1,2
1732,548,1,2
1732,549,1,2
1732,550,1,2
1732,551,1,2
1732,552,1,2
1732,553,1,2
1732,554,1,2
1732,555,1,2
1732,556,1,2
1732,557,1,2
1732,558,1,2
1732,559,1,2
1732,560,1,2
1732,561,1,2
1732,562,1,2
1732,563,1,2
1732,564,1,2
1732,565,1,2
1732,566,1,2
1732,567,1,2
1732,568,1,2
1732,569,1,2
1732,570,1,2
1732,571,1,2
1732,572,1,2
1732,573,1,2
1732,574,1,2
1732,575,1,2
1732,576,1,2
1732,577,1,2
1732,578,1,2
1732,579,1,2
1732,580,1,2
1732,581,1,2
1732,582,1,2
1732,583,1,2
1732,584,1,2
1732,585,1,2
1732,586,1,2
1732,587,1,2
1732,588,1,2
1732,589,1,2
1732,590,1,2
1732,591,1,2
1732,592,1,2
1733,188,1,2
1733,189,1,2
1733,190,1,2
1733,191,1,2
1733,192,1,2
1733,193,1,2
1733,194,1,2
1733,195,1,2
1733,196,1,2
1733,197,1,2
1733,198,1,2
1733,199,1,2
1733,200,1,2
1733,201,1,2
1733,202,1,2
1733,203,1,2
1733,204,1,2
1733,205,1,2
1733,206,1,2
1733,207,1,2
1733,208,1,2
1733,209,1,2
1733,210,1,2
1733,211,1,2
1733,212,1,2
1733,213,1,2
1733,214,1,2
1733,215,1,2
1733,216,1,2
1733,217,1,2
1733,218,1,2
1733,219,1,2
1733,220,1,2
1733,221,1,2
1733,222,1,2
1733,223,1,2
1733,224,1,2
1733,225,1,2
1733,226,1,2
1733,227,1,2
1733,228,1,2
1733,229,1,2
1733,230,1,2
1733,231,1,2
1733,232,1,2
1733,233,1,2
1733,234,1,2
1733,235,1,2
1733,236,1,2
1733,237,1,2
1733,238,1,2
1733,239,1,2
1733,240,1,2
1733,241,1,2
1733,242,1,2
1733,243,1,2
1733,244,1,2
1733,245,1,2
1733,246,1,2
1733,247,1,2
1733,248,1,2
1733,249,1,2
1733,250,1,2
1733,251,1,2
1733,252,1,2
1733,253,1,2
1733,254,1,2
1733,255,1,2
1733,256,1,2
1733,257,1,2
1733,258,1,2
1733,259,1,2
1733,260,1,2
1733,261,1,2
1733,262,1,2
1733,263,1,2
1733,264,1,2
1733,265,1,2
1733,266,1,2
1733,267,1,2
1733,268,1,2
1733,269,1,2
1733,270,1,2
1733,271,1,2
1733,272,1,2
1733,273,1,2
1733,274,1,2
1733,275,1,2
1733,276,1,2
1733,277,1,2
1733,278,1,2
1733,279,1,2
1733,280,1,2
1733,281,1,2
1733,282,1,2
1733,283,1,2
1733,284,1,2
1733,285,1,2
1733,286,1,2
1733,287,1,2
1733,288,1,2
1733,289,1,2
1733,290,1,2
1733,291,1,2
1733,292,1,2
1733,293,1,2
1733,294,1,2
1733,295,1,2
1733,296,1,2
1733,297,1,2
1733,298,1,2
1733,299,1,2
1733,300,1,2
1733,301,1,2
1733,302,1,2
1733,303,1,2
1733,304,1,2
1733,305,1,2
1733,306,1,2
1733,307,1,2
1733,308,1,2
1733,309,1,2
1733,310,1,2
1733,311,1,2
1733,312,1,2
1733,313,1,2
1733,314,1,2
1733,315,1,2
1733,316,1,2
1733,317,1,2
1733,318,1,2
1733,319,1,2
1733,320,1,2
1733,321,1,2
1733,322,1,2
1733,323,1,2
1733,324,1,2
1733,325,1,2
1733,326,1,2
1733,327,1,2
1733,328,1,2
1733,329,1,2
1733,330,1,2
1733,331,1,2
1733,332,1,2
1733,333,1,2
1733,334,1,2
1733,335,1,2
1733,336,1,2
1733,337,1,2
1733,338,1,2
1733,339,1,2
1733,340,1,2
1733,341,1,2
1733,342,1,2
1733,343,1,2
1733,344,1,2
1733,345,1,2
1733,346,1,2
1733,347,1,2
1733,348,1,2
1733,349,1,2
1733,350,1,2
1733,351,1,2
1733,352,1,2
1733,353,1,2
1733,354,1,2
1733,355,1,2
1733,356,1,2
1733,357,1,2
1733,358,1,2
1733,359,1,2
1733,360,1,2
1733,361,1,2
1733,362,1,2
1733,363,1,2
1733,364,1,2
1733,365,1,2
1733,366,1,2
1733,367,1,2
1733,368,1,2
1733,369,1,2
1733,370,1,2
1733,371,1,2
1733,372,1,2
1733,373,1,2
1733,374,1,2
1733,375,1,2
1733,376,1,2
1733,377,1,2
1733,378,1,2
1733,379,1,2
1733,380,1,2
1733,381,1,2
1733,382,1,2
1733,383,1,2
1733,384,1,2
1733,385,1,2
1733,386,1,2
1733,387,1,2
1733,388,1,2
1733,389,1,2
1733,390,1,2
1733,391,1,2
1733,392,1,2
1733,393,1,2
1733,394,1,2
1733,395,1,2
1733,396,1,2
1733,397,1,2
1733,398,1,2
1733,399,1,2
1733,400,1,2
1733,401,1,2
1733,402,1,2
1733,403,1,2
1733,404,1,2
1733,405,1,2
1733,406,1,2
1733,407,1,2
1733,408,1,2
1733,409,1,2
1733,410,1,2
1733,411,1,2
1733,412,1,2
1733,413,1,2
1733,414,1,2
1733,415,1,2
1733,416,1,2
1733,417,1,2
1733,418,1,2
1733,419,1,2
1733,420,1,2
1733,421,1,2
1733,422,1,2
1733,423,1,2
1733,424,1,2
1733,425,1,2
1733,426,1,2
1733,427,1,2
1733,428,1,2
1733,429,1,2
1733,430,1,2
1733,431,1,2
1733,432,1,2
1733,433,1,2
1733,434,1,2
1733,435,1,2
1733,436,1,2
1733,437,1,2
1733,438,1,2
1733,439,1,2
1733,440,1,2
1733,441,1,2
1733,442,1,2
1733,443,1,2
1733,444,1,2
1733,445,1,2
1733,446,1,2
1733,447,1,2
1733,448,1,2
1733,449,1,2
1733,450,1,2
1733,451,1,2
1733,452,1,2
1733,453,1,2
1733,454,1,2
1733,455,1,2
1733,456,1,2
1733,457,1,2
1733,458,1,2
1733,459,1,2
1733,460,1,2
1733,461,1,2
1733,462,1,2
1733,463,1,2
1733,464,1,2
1733,465,1,2
1733,466,1,2
1733,467,1,2
1733,468,1,2
1733,469,1,2
1733,470,1,2
1733,471,1,2
1733,472,1,2
1733,473,1,2
1733,474,1,2
1733,475,1,2
1733,476,1,2
1733,477,1,2
1733,478,1,2
1733,479,1,2
1733,480,1,2
1733,481,1,2
1733,482,1,2
1733,483,1,2
1733,484,1,2
1733,485,1,2
1733,486,1,2
1733,487,1,2
1733,488,1,2
1733,489,1,2
1733,490,1,2
1733,491,1,2
1733,492,1,2
1733,493,1,2
1733,494,1,2
1733,495,1,2
1733,496,1,2
1733,497,1,2
1733,498,1,2
1733,499,1,2
1733,500,1,2
1733,501,1,2
1733,502,1,2
1733,503,1,2
1733,504,1,2
1733,505,1,2
1733,506,1,2
1733,507,1,2
1733,508,1,2
1733,509,1,2
1733,510,1,2
1733,511,1,2
1733,512,1,2
1733,513,1,2
1733,514,1,2
1733,515,1,2
1733,516,1,2
1733,517,1,2
1733,518,1,2
1733,519,1,2
1733,520,1,2
1733,521,1,2
1733,522,1,2
1733,523,1,2
1733,524,1,2
1733,525,1,2
1733,526,1,2
1733,527,1,2
1733,528,1,2
1733,529,1,2
1733,530,1,2
1733,531,1,2
1733,532,1,2
1733,533,1,2
1733,534,1,2
1733,535,1,2
1733,536,1,2
1733,537,1,2
1733,538,1,2
1733,539,1,2
1733,540,1,2
1733,541,1,2
1733,542,1,2
1733,543,1,2
1733,544,1,2
1733,545,1,2
1733,546,1,2
1733,547,1,2
1733,548,1,2
1733,549,1,2
1733,550,1,2
1733,551,1,2
1733,552,1,2
1733,553,1,2
1733,554,1,2
1733,555,1,2
1733,556,1,2
1733,557,1,2
1733,558,1,2
1733,559,1,2
1733,560,1,2
1733,561,1,2
1733,562,1,2
1733,563,1,2
1733,564,1,2
1733,565,1,2
1733,566,1,2
1733,567,1,2
1733,568,1,2
1733,569,1,2
1733,570,1,2
1733,571,1,2
1733,572,1,2
1733,573,1,2
1733,574,1,2
1733,575,1,2
1733,576,1,2
1733,577,1,2
1733,578,1,2
1733,579,1,2
1733,580,1,2
1733,581,1,2
1733,582,1,2
1733,583,1,2
1733,584,1,2
1733,585,1,2
1733,586,1,2
1733,587,1,2
1733,588,1,2
1733,589,1,2
1733,590,1,2
1733,591,1,2
1733,592,1,2
1733,593,1,2
1734,188,1,2
1734,189,1,2
1734,190,1,2
1734,191,1,2
1734,192,1,2
1734,193,1,2
1734,194,1,2
1734,195,1,2
1734,196,1,2
1734,197,1,2
1734,198,1,2
1734,199,1,2
1734,200,1,2
1734,201,1,2
1734,202,1,2
1734,203,1,2
1734,204,1,2
1734,205,1,2
1734,206,1,2
1734,207,1,2
1734,208,1,2
1734,209,1,2
1734,210,1,2
1734,211,1,2
1734,212,1,2
1734,213,1,2
1734,214,1,2
1734,215,1,2
1734,216,1,2
1734,217,1,2
1734,218,1,2
1734,219,1,2
1734,220,1,2
1734,221,1,2
1734,222,1,2
1734,223,1,2
1734,224,1,2
1734,225,1,2
1734,226,1,2
1734,227,1,2
1734,228,1,2
1734,229,1,2
1734,230,1,2
1734,231,1,2
1734,232,1,2
1734,233,1,2
1734,234,1,2
1734,235,1,2
1734,236,1,2
1734,237,1,2
1734,238,1,2
1734,239,1,2
1734,240,1,2
1734,241,1,2
1734,242,1,2
1734,243,1,2
1734,244,1,2
1734,245,1,2
1734,246,1,2
1734,247,1,2
1734,248,1,2
1734,249,1,2
1734,250,1,2
1734,251,1,2
1734,252,1,2
1734,253,1,2
1734,254,1,2
1734,255,1,2
1734,256,1,2
1734,257,1,2
1734,258,1,2
1734,259,1,2
1734,260,1,2
1734,261,1,2
1734,262,1,2
1734,263,1,2
1734,264,1,2
1734,265,1,2
1734,266,1,2
1734,267,1,2
1734,268,1,2
1734,269,1,2
1734,270,1,2
1734,271,1,2
1734,272,1,2
1734,273,1,2
1734,274,1,2
1734,275,1,2
1734,276,1,2
1734,277,1,2
1734,278,1,2
1734,279,1,2
1734,280,1,2
1734,281,1,2
1734,282,1,2
1734,283,1,2
1734,284,1,2
1734,285,1,2
1734,286,1,2
1734,287,1,2
1734,288,1,2
1734,289,1,2
1734,290,1,2
1734,291,1,2
1734,292,1,2
1734,293,1,2
1734,294,1,2
1734,295,1,2
1734,296,1,2
1734,297,1,2
1734,298,1,2
1734,299,1,2
1734,300,1,2
1734,301,1,2
1734,302,1,2
1734,303,1,2
1734,304,1,2
1734,305,1,2
1734,306,1,2
1734,307,1,2
1734,308,1,2
1734,309,1,2
1734,310,1,2
1734,311,1,2
1734,312,1,2
1734,313,1,2
1734,314,1,2
1734,315,1,2
1734,316,1,2
1734,317,1,2
1734,318,1,2
1734,319,1,2
1734,320,1,2
1734,321,1,2
1734,322,1,2
1734,323,1,2
1734,324,1,2
1734,325,1,2
1734,326,1,2
1734,327,1,2
1734,328,1,2
1734,329,1,2
1734,330,1,2
1734,331,1,2
1734,332,1,2
1734,333,1,2
1734,334,1,2
1734,335,1,2
1734,336,1,2
1734,337,1,2
1734,338,1,2
1734,339,1,2
1734,340,1,2
1734,341,1,2
1734,342,1,2
1734,343,1,2
1734,344,1,2
1734,345,1,2
1734,346,1,2
1734,347,1,2
1734,348,1,2
1734,349,1,2
1734,350,1,2
1734,351,1,2
1734,352,1,2
1734,353,1,2
1734,354,1,2
1734,355,1,2
1734,356,1,2
1734,357,1,2
1734,358,1,2
1734,359,1,2
1734,360,1,2
1734,361,1,2
1734,362,1,2
1734,363,1,2
1734,364,1,2
1734,365,1,2
1734,366,1,2
1734,367,1,2
1734,368,1,2
1734,369,1,2
1734,370,1,2
1734,371,1,2
1734,372,1,2
1734,373,1,2
1734,374,1,2
1734,375,1,2
1734,376,1,2
1734,377,1,2
1734,378,1,2
1734,379,1,2
1734,380,1,2
1734,381,1,2
1734,382,1,2
1734,383,1,2
1734,384,1,2
1734,385,1,2
1734,386,1,2
1734,387,1,2
1734,388,1,2
1734,389,1,2
1734,390,1,2
1734,391,1,2
1734,392,1,2
1734,393,1,2
1734,394,1,2
1734,395,1,2
1734,396,1,2
1734,397,1,2
1734,398,1,2
1734,399,1,2
1734,400,1,2
1734,401,1,2
1734,402,1,2
1734,403,1,2
1734,404,1,2
1734,405,1,2
1734,406,1,2
1734,407,1,2
1734,408,1,2
1734,409,1,2
1734,410,1,2
1734,411,1,2
1734,412,1,2
1734,413,1,2
1734,414,1,2
1734,415,1,2
1734,416,1,2
1734,417,1,2
1734,418,1,2
1734,419,1,2
1734,420,1,2
1734,421,1,2
1734,422,1,2
1734,423,1,2
1734,424,1,2
1734,425,1,2
1734,426,1,2
1734,427,1,2
1734,428,1,2
1734,429,1,2
1734,430,1,2
1734,431,1,2
1734,432,1,2
1734,433,1,2
1734,434,1,2
1734,435,1,2
1734,436,1,2
1734,437,1,2
1734,438,1,2
1734,439,1,2
1734,440,1,2
1734,441,1,2
1734,442,1,2
1734,443,1,2
1734,444,1,2
1734,445,1,2
1734,446,1,2
1734,447,1,2
1734,448,1,2
1734,449,1,2
1734,450,1,2
1734,451,1,2
1734,452,1,2
1734,453,1,2
1734,454,1,2
1734,455,1,2
1734,456,1,2
1734,457,1,2
1734,458,1,2
1734,459,1,2
1734,460,1,2
1734,461,1,2
1734,462,1,2
1734,463,1,2
1734,464,1,2
1734,465,1,2
1734,466,1,2
1734,467,1,2
1734,468,1,2
1734,469,1,2
1734,470,1,2
1734,471,1,2
1734,472,1,2
1734,473,1,2
1734,474,1,2
1734,475,1,2
1734,476,1,2
1734,477,1,2
1734,478,1,2
1734,479,1,2
1734,480,1,2
1734,481,1,2
1734,482,1,2
1734,483,1,2
1734,484,1,2
1734,485,1,2
1734,486,1,2
1734,487,1,2
1734,488,1,2
1734,489,1,2
1734,490,1,2
1734,491,1,2
1734,492,1,2
1734,493,1,2
1734,494,1,2
1734,495,1,2
1734,496,1,2
1734,497,1,2
1734,498,1,2
1734,499,1,2
1734,500,1,2
1734,501,1,2
1734,502,1,2
1734,503,1,2
1734,504,1,2
1734,505,1,2
1734,506,1,2
1734,507,1,2
1734,508,1,2
1734,509,1,2
1734,510,1,2
1734,511,1,2
1734,512,1,2
1734,513,1,2
1734,514,1,2
1734,515,1,2
1734,516,1,2
1734,517,1,2
1734,518,1,2
1734,519,1,2
1734,520,1,2
1734,521,1,2
1734,522,1,2
1734,523,1,2
1734,524,1,2
1734,525,1,2
1734,526,1,2
1734,527,1,2
1734,528,1,2
1734,529,1,2
1734,530,1,2
1734,531,1,2
1734,532,1,2
1734,533,1,2
1734,534,1,2
1734,535,1,2
1734,536,1,2
1734,537,1,2
1734,538,1,2
1734,539,1,2
1734,540,1,2
1734,541,1,2
1734,542,1,2
1734,543,1,2
1734,544,1,2
1734,545,1,2
1734,546,1,2
1734,547,1,2
1734,548,1,2
1734,549,1,2
1734,550,1,2
1734,551,1,2
1734,552,1,2
1734,553,1,2
1734,554,1,2
1734,555,1,2
1734,556,1,2
1734,557,1,2
1734,558,1,2
1734,559,1,2
1734,560,1,2
1734,561,1,2
1734,562,1,2
1734,563,1,2
1734,564,1,2
1734,565,1,2
1734,566,1,2
1734,567,1,2
1734,568,1,2
1734,569,1,2
1734,570,1,2
1734,571,1,2
1734,572,1,2
1734,573,1,2
1734,574,1,2
1734,575,1,2
1734,576,1,2
1734,577,1,2
1734,578,1,2
1734,579,1,2
1734,580,1,2
1734,581,1,2
1734,582,1,2
1734,583,1,2
1734,584,1,2
1734,585,1,2
1734,586,1,2
1734,587,1,2
1734,588,1,2
1734,589,1,2
1734,590,1,2
1734,591,1,2
1734,592,1,2
1734,593,1,2
1735,187,1,2
1735,188,1,2
1735,189,1,2
1735,190,1,2
1735,191,1,2
1735,192,1,2
1735,193,1,2
1735,194,1,2
1735,195,1,2
1735,196,1,2
1735,197,1,2
1735,198,1,2
1735,199,1,2
1735,200,1,2
1735,201,1,2
1735,202,1,2
1735,203,1,2
1735,204,1,2
1735,205,1,2
1735,206,1,2
1735,207,1,2
1735,208,1,2
1735,209,1,2
1735,210,1,2
1735,211,1,2
1735,212,1,2
1735,213,1,2
1735,214,1,2
1735,215,1,2
1735,216,1,2
1735,217,1,2
1735,218,1,2
1735,219,1,2
1735,220,1,2
1735,221,1,2
1735,222,1,2
1735,223,1,2
1735,224,1,2
1735,225,1,2
1735,226,1,2
1735,227,1,2
1735,228,1,2
1735,229,1,2
1735,230,1,2
1735,231,1,2
1735,232,1,2
1735,233,1,2
1735,234,1,2
1735,235,1,2
1735,236,1,2
1735,237,1,2
1735,238,1,2
1735,239,1,2
1735,240,1,2
1735,241,1,2
1735,242,1,2
1735,243,1,2
1735,244,1,2
1735,245,1,2
1735,246,1,2
1735,247,1,2
1735,248,1,2
1735,249,1,2
1735,250,1,2
1735,251,1,2
1735,252,1,2
1735,253,1,2
1735,254,1,2
1735,255,1,2
1735,256,1,2
1735,257,1,2
1735,258,1,2
1735,259,1,2
1735,260,1,2
1735,261,1,2
1735,262,1,2
1735,263,1,2
1735,264,1,2
1735,265,1,2
1735,266,1,2
1735,267,1,2
1735,268,1,2
1735,269,1,2
1735,270,1,2
1735,271,1,2
1735,272,1,2
1735,273,1,2
1735,274,1,2
1735,275,1,2
1735,276,1,2
1735,277,1,2
1735,278,1,2
1735,279,1,2
1735,280,1,2
1735,281,1,2
1735,282,1,2
1735,283,1,2
1735,284,1,2
1735,285,1,2
1735,286,1,2
1735,287,1,2
1735,288,1,2
1735,289,1,2
1735,290,1,2
1735,291,1,2
1735,292,1,2
1735,293,1,2
1735,294,1,2
1735,295,1,2
1735,296,1,2
1735,297,1,2
1735,298,1,2
1735,299,1,2
1735,300,1,2
1735,301,1,2
1735,302,1,2
1735,303,1,2
1735,304,1,2
1735,305,1,2
1735,306,1,2
1735,307,1,2
1735,308,1,2
1735,309,1,2
1735,310,1,2
1735,311,1,2
1735,312,1,2
1735,313,1,2
1735,314,1,2
1735,315,1,2
1735,316,1,2
1735,317,1,2
1735,318,1,2
1735,319,1,2
1735,320,1,2
1735,321,1,2
1735,322,1,2
1735,323,1,2
1735,324,1,2
1735,325,1,2
1735,326,1,2
1735,327,1,2
1735,328,1,2
1735,329,1,2
1735,330,1,2
1735,331,1,2
1735,332,1,2
1735,333,1,2
1735,334,1,2
1735,335,1,2
1735,336,1,2
1735,337,1,2
1735,338,1,2
1735,339,1,2
1735,340,1,2
1735,341,1,2
1735,342,1,2
1735,343,1,2
1735,344,1,2
1735,345,1,2
1735,346,1,2
1735,347,1,2
1735,348,1,2
1735,349,1,2
1735,350,1,2
1735,351,1,2
1735,352,1,2
1735,353,1,2
1735,354,1,2
1735,355,1,2
1735,356,1,2
1735,357,1,2
1735,358,1,2
1735,359,1,2
1735,360,1,2
1735,361,1,2
1735,362,1,2
1735,363,1,2
1735,364,1,2
1735,365,1,2
1735,366,1,2
1735,367,1,2
1735,368,1,2
1735,369,1,2
1735,370,1,2
1735,371,1,2
1735,372,1,2
1735,373,1,2
1735,374,1,2
1735,375,1,2
1735,376,1,2
1735,377,1,2
1735,378,1,2
1735,379,1,2
1735,380,1,2
1735,381,1,2
1735,382,1,2
1735,383,1,2
1735,384,1,2
1735,385,1,2
1735,386,1,2
1735,387,1,2
1735,388,1,2
1735,389,1,2
1735,390,1,2
1735,391,1,2
1735,392,1,2
1735,393,1,2
1735,394,1,2
1735,395,1,2
1735,396,1,2
1735,397,1,2
1735,398,1,2
1735,399,1,2
1735,400,1,2
1735,401,1,2
1735,402,1,2
1735,403,1,2
1735,404,1,2
1735,405,1,2
1735,406,1,2
1735,407,1,2
1735,408,1,2
1735,409,1,2
1735,410,1,2
1735,411,1,2
1735,412,1,2
1735,413,1,2
1735,414,1,2
1735,415,1,2
1735,416,1,2
1735,417,1,2
1735,418,1,2
1735,419,1,2
1735,420,1,2
1735,421,1,2
1735,422,1,2
1735,423,1,2
1735,424,1,2
1735,425,1,2
1735,426,1,2
1735,427,1,2
1735,428,1,2
1735,429,1,2
1735,430,1,2
1735,431,1,2
1735,432,1,2
1735,433,1,2
1735,434,1,2
1735,435,1,2
1735,436,1,2
1735,437,1,2
1735,438,1,2
1735,439,1,2
1735,440,1,2
1735,441,1,2
1735,442,1,2
1735,443,1,2
1735,444,1,2
1735,445,1,2
1735,446,1,2
1735,447,1,2
1735,448,1,2
1735,449,1,2
1735,450,1,2
1735,451,1,2
1735,452,1,2
1735,453,1,2
1735,454,1,2
1735,455,1,2
1735,456,1,2
1735,457,1,2
1735,458,1,2
1735,459,1,2
1735,460,1,2
1735,461,1,2
1735,462,1,2
1735,463,1,2
1735,464,1,2
1735,465,1,2
1735,466,1,2
1735,467,1,2
1735,468,1,2
1735,469,1,2
1735,470,1,2
1735,471,1,2
1735,472,1,2
1735,473,1,2
1735,474,1,2
1735,475,1,2
1735,476,1,2
1735,477,1,2
1735,478,1,2
1735,479,1,2
1735,480,1,2
1735,481,1,2
1735,482,1,2
1735,483,1,2
1735,484,1,2
1735,485,1,2
1735,486,1,2
1735,487,1,2
1735,488,1,2
1735,489,1,2
1735,490,1,2
1735,491,1,2
1735,492,1,2
1735,493,1,2
1735,494,1,2
1735,495,1,2
1735,496,1,2
1735,497,1,2
1735,498,1,2
1735,499,1,2
1735,500,1,2
1735,501,1,2
1735,502,1,2
1735,503,1,2
1735,504,1,2
1735,505,1,2
1735,506,1,2
1735,507,1,2
1735,508,1,2
1735,509,1,2
1735,510,1,2
1735,511,1,2
1735,512,1,2
1735,513,1,2
1735,514,1,2
1735,515,1,2
1735,516,1,2
1735,517,1,2
1735,518,1,2
1735,519,1,2
1735,520,1,2
1735,521,1,2
1735,522,1,2
1735,523,1,2
1735,524,1,2
1735,525,1,2
1735,526,1,2
1735,527,1,2
1735,528,1,2
1735,529,1,2
1735,530,1,2
1735,531,1,2
1735,532,1,2
1735,533,1,2
1735,534,1,2
1735,535,1,2
1735,536,1,2
1735,537,1,2
1735,538,1,2
1735,539,1,2
1735,540,1,2
1735,541,1,2
1735,542,1,2
1735,543,1,2
1735,544,1,2
1735,545,1,2
1735,546,1,2
1735,547,1,2
1735,548,1,2
1735,549,1,2
1735,550,1,2
1735,551,1,2
1735,552,1,2
1735,553,1,2
1735,554,1,2
1735,555,1,2
1735,556,1,2
1735,557,1,2
1735,558,1,2
1735,559,1,2
1735,560,1,2
1735,561,1,2
1735,562,1,2
1735,563,1,2
1735,564,1,2
1735,565,1,2
1735,566,1,2
1735,567,1,2
1735,568,1,2
1735,569,1,2
1735,570,1,2
1735,571,1,2
1735,572,1,2
1735,573,1,2
1735,574,1,2
1735,575,1,2
1735,576,1,2
1735,577,1,2
1735,578,1,2
1735,579,1,2
1735,580,1,2
1735,581,1,2
1735,582,1,2
1735,583,1,2
1735,584,1,2
1735,585,1,2
1735,586,1,2
1735,587,1,2
1735,588,1,2
1735,589,1,2
1735,590,1,2
1735,591,1,2
1735,592,1,2
1735,593,1,2
1736,187,1,2
1736,188,1,2
1736,189,1,2
1736,190,1,2
1736,191,1,2
1736,192,1,2
1736,193,1,2
1736,194,1,2
1736,195,1,2
1736,196,1,2
1736,197,1,2
1736,198,1,2
1736,199,1,2
1736,200,1,2
1736,201,1,2
1736,202,1,2
1736,203,1,2
1736,204,1,2
1736,205,1,2
1736,206,1,2
1736,207,1,2
1736,208,1,2
1736,209,1,2
1736,210,1,2
1736,211,1,2
1736,212,1,2
1736,213,1,2
1736,214,1,2
1736,215,1,2
1736,216,1,2
1736,217,1,2
1736,218,1,2
1736,219,1,2
1736,220,1,2
1736,221,1,2
1736,222,1,2
1736,223,1,2
1736,224,1,2
1736,225,1,2
1736,226,1,2
1736,227,1,2
1736,228,1,2
1736,229,1,2
1736,230,1,2
1736,231,1,2
1736,232,1,2
1736,233,1,2
1736,234,1,2
1736,235,1,2
1736,236,1,2
1736,237,1,2
1736,238,1,2
1736,239,1,2
1736,240,1,2
1736,241,1,2
1736,242,1,2
1736,243,1,2
1736,244,1,2
1736,245,1,2
1736,246,1,2
1736,247,1,2
1736,248,1,2
1736,249,1,2
1736,250,1,2
1736,251,1,2
1736,252,1,2
1736,253,1,2
1736,254,1,2
1736,255,1,2
1736,256,1,2
1736,257,1,2
1736,258,1,2
1736,259,1,2
1736,260,1,2
1736,261,1,2
1736,262,1,2
1736,263,1,2
1736,264,1,2
1736,265,1,2
1736,266,1,2
1736,267,1,2
1736,268,1,2
1736,269,1,2
1736,270,1,2
1736,271,1,2
1736,272,1,2
1736,273,1,2
1736,274,1,2
1736,275,1,2
1736,276,1,2
1736,277,1,2
1736,278,1,2
1736,279,1,2
1736,280,1,2
1736,281,1,2
1736,282,1,2
1736,283,1,2
1736,284,1,2
1736,285,1,2
1736,286,1,2
1736,287,1,2
1736,288,1,2
1736,289,1,2
1736,290,1,2
1736,291,1,2
1736,292,1,2
1736,293,1,2
1736,294,1,2
1736,295,1,2
1736,296,1,2
1736,297,1,2
1736,298,1,2
1736,299,1,2
1736,300,1,2
1736,301,1,2
1736,302,1,2
1736,303,1,2
1736,304,1,2
1736,305,1,2
1736,306,1,2
1736,307,1,2
1736,308,1,2
1736,309,1,2
1736,310,1,2
1736,311,1,2
1736,312,1,2
1736,313,1,2
1736,314,1,2
1736,315,1,2
1736,316,1,2
1736,317,1,2
1736,318,1,2
1736,319,1,2
1736,320,1,2
1736,321,1,2
1736,322,1,2
1736,323,1,2
1736,324,1,2
1736,325,1,2
1736,326,1,2
1736,327,1,2
1736,328,1,2
1736,329,1,2
1736,330,1,2
1736,331,1,2
1736,332,1,2
1736,333,1,2
1736,334,1,2
1736,335,1,2
1736,336,1,2
1736,337,1,2
1736,338,1,2
1736,339,1,2
1736,340,1,2
1736,341,1,2
1736,342,1,2
1736,343,1,2
1736,344,1,2
1736,345,1,2
1736,346,1,2
1736,347,1,2
1736,348,1,2
1736,349,1,2
1736,350,1,2
1736,351,1,2
1736,352,1,2
1736,353,1,2
1736,354,1,2
1736,355,1,2
1736,356,1,2
1736,357,1,2
1736,358,1,2
1736,359,1,2
1736,360,1,2
1736,361,1,2
1736,362,1,2
1736,363,1,2
1736,364,1,2
1736,365,1,2
1736,366,1,2
1736,367,1,2
1736,368,1,2
1736,369,1,2
1736,370,1,2
1736,371,1,2
1736,372,1,2
1736,373,1,2
1736,374,1,2
1736,375,1,2
1736,376,1,2
1736,377,1,2
1736,378,1,2
1736,379,1,2
1736,380,1,2
1736,381,1,2
1736,382,1,2
1736,383,1,2
1736,384,1,2
1736,385,1,2
1736,386,1,2
1736,387,1,2
1736,388,1,2
1736,389,1,2
1736,390,1,2
1736,391,1,2
1736,392,1,2
1736,393,1,2
1736,394,1,2
1736,395,1,2
1736,396,1,2
1736,397,1,2
1736,398,1,2
1736,399,1,2
1736,400,1,2
1736,401,1,2
1736,402,1,2
1736,403,1,2
1736,404,1,2
1736,405,1,2
1736,406,1,2
1736,407,1,2
1736,408,1,2
1736,409,1,2
1736,410,1,2
1736,411,1,2
1736,412,1,2
1736,413,1,2
1736,414,1,2
1736,415,1,2
1736,416,1,2
1736,417,1,2
1736,418,1,2
1736,419,1,2
1736,420,1,2
1736,421,1,2
1736,422,1,2
1736,423,1,2
1736,424,1,2
1736,425,1,2
1736,426,1,2
1736,427,1,2
1736,428,1,2
1736,429,1,2
1736,430,1,2
1736,431,1,2
1736,432,1,2
1736,433,1,2
1736,434,1,2
1736,435,1,2
1736,436,1,2
1736,437,1,2
1736,438,1,2
1736,439,1,2
1736,440,1,2
1736,441,1,2
1736,442,1,2
1736,443,1,2
1736,444,1,2
1736,445,1,2
1736,446,1,2
1736,447,1,2
1736,448,1,2
1736,449,1,2
1736,450,1,2
1736,451,1,2
1736,452,1,2
1736,453,1,2
1736,454,1,2
1736,455,1,2
1736,456,1,2
1736,457,1,2
1736,458,1,2
1736,459,1,2
1736,460,1,2
1736,461,1,2
1736,462,1,2
1736,463,1,2
1736,464,1,2
1736,465,1,2
1736,466,1,2
1736,467,1,2
1736,468,1,2
1736,469,1,2
1736,470,1,2
1736,471,1,2
1736,472,1,2
1736,473,1,2
1736,474,1,2
1736,475,1,2
1736,476,1,2
1736,477,1,2
1736,478,1,2
1736,479,1,2
1736,480,1,2
1736,481,1,2
1736,482,1,2
1736,483,1,2
1736,484,1,2
1736,485,1,2
1736,486,1,2
1736,487,1,2
1736,488,1,2
1736,489,1,2
1736,490,1,2
1736,491,1,2
1736,492,1,2
1736,493,1,2
1736,494,1,2
1736,495,1,2
1736,496,1,2
1736,497,1,2
1736,498,1,2
1736,499,1,2
1736,500,1,2
1736,501,1,2
1736,502,1,2
1736,503,1,2
1736,504,1,2
1736,505,1,2
1736,506,1,2
1736,507,1,2
1736,508,1,2
1736,509,1,2
1736,510,1,2
1736,511,1,2
1736,512,1,2
1736,513,1,2
1736,514,1,2
1736,515,1,2
1736,516,1,2
1736,517,1,2
1736,518,1,2
1736,519,1,2
1736,520,1,2
1736,521,1,2
1736,522,1,2
1736,523,1,2
1736,524,1,2
1736,525,1,2
1736,526,1,2
1736,527,1,2
1736,528,1,2
1736,529,1,2
1736,530,1,2
1736,531,1,2
1736,532,1,2
1736,533,1,2
1736,534,1,2
1736,535,1,2
1736,536,1,2
1736,537,1,2
1736,538,1,2
1736,539,1,2
1736,540,1,2
1736,541,1,2
1736,542,1,2
1736,543,1,2
1736,544,1,2
1736,545,1,2
1736,546,1,2
1736,547,1,2
1736,548,1,2
1736,549,1,2
1736,550,1,2
1736,551,1,2
1736,552,1,2
1736,553,1,2
1736,554,1,2
1736,555,1,2
1736,556,1,2
1736,557,1,2
1736,558,1,2
1736,559,1,2
1736,560,1,2
1736,561,1,2
1736,562,1,2
1736,563,1,2
1736,564,1,2
1736,565,1,2
1736,566,1,2
1736,567,1,2
1736,568,1,2
1736,569,1,2
1736,570,1,2
1736,571,1,2
1736,572,1,2
1736,573,1,2
1736,574,1,2
1736,575,1,2
1736,576,1,2
1736,577,1,2
1736,578,1,2
1736,579,1,2
1736,580,1,2
1736,581,1,2
1736,582,1,2
1736,583,1,2
1736,584,1,2
1736,585,1,2
1736,586,1,2
1736,587,1,2
1736,588,1,2
1736,589,1,2
1736,590,1,2
1736,591,1,2
1736,592,1,2
1736,593,1,2
1736,594,1,2
1737,186,1,2
1737,187,1,2
1737,188,1,2
1737,189,1,2
1737,190,1,2
1737,191,1,2
1737,192,1,2
1737,193,1,2
1737,194,1,2
1737,195,1,2
1737,196,1,2
1737,197,1,2
1737,198,1,2
1737,199,1,2
1737,200,1,2
1737,201,1,2
1737,202,1,2
1737,203,1,2
1737,204,1,2
1737,205,1,2
1737,206,1,2
1737,207,1,2
1737,208,1,2
1737,209,1,2
1737,210,1,2
1737,211,1,2
1737,212,1,2
1737,213,1,2
1737,214,1,2
1737,215,1,2
1737,216,1,2
1737,217,1,2
1737,218,1,2
1737,219,1,2
1737,220,1,2
1737,221,1,2
1737,222,1,2
1737,223,1,2
1737,224,1,2
1737,225,1,2
1737,226,1,2
1737,227,1,2
1737,228,1,2
1737,229,1,2
1737,230,1,2
1737,231,1,2
1737,232,1,2
1737,233,1,2
1737,234,1,2
1737,235,1,2
1737,236,1,2
1737,237,1,2
1737,238,1,2
1737,239,1,2
1737,240,1,2
1737,241,1,2
1737,242,1,2
1737,243,1,2
1737,244,1,2
1737,245,1,2
1737,246,1,2
1737,247,1,2
1737,248,1,2
1737,249,1,2
1737,250,1,2
1737,251,1,2
1737,252,1,2
1737,253,1,2
1737,254,1,2
1737,255,1,2
1737,256,1,2
1737,257,1,2
1737,258,1,2
1737,259,1,2
1737,260,1,2
1737,261,1,2
1737,262,1,2
1737,263,1,2
1737,264,1,2
1737,265,1,2
1737,266,1,2
1737,267,1,2
1737,268,1,2
1737,269,1,2
1737,270,1,2
1737,271,1,2
1737,272,1,2
1737,273,1,2
1737,274,1,2
1737,275,1,2
1737,276,1,2
1737,277,1,2
1737,278,1,2
1737,279,1,2
1737,280,1,2
1737,281,1,2
1737,282,1,2
1737,283,1,2
1737,284,1,2
1737,285,1,2
1737,286,1,2
1737,287,1,2
1737,288,1,2
1737,289,1,2
1737,290,1,2
1737,291,1,2
1737,292,1,2
1737,293,1,2
1737,294,1,2
1737,295,1,2
1737,296,1,2
1737,297,1,2
1737,298,1,2
1737,299,1,2
1737,300,1,2
1737,301,1,2
1737,302,1,2
1737,303,1,2
1737,304,1,2
1737,305,1,2
1737,306,1,2
1737,307,1,2
1737,308,1,2
1737,309,1,2
1737,310,1,2
1737,311,1,2
1737,312,1,2
1737,313,1,2
1737,314,1,2
1737,315,1,2
1737,316,1,2
1737,317,1,2
1737,318,1,2
1737,319,1,2
1737,320,1,2
1737,321,1,2
1737,322,1,2
1737,323,1,2
1737,324,1,2
1737,325,1,2
1737,326,1,2
1737,327,1,2
1737,328,1,2
1737,329,1,2
1737,330,1,2
1737,331,1,2
1737,332,1,2
1737,333,1,2
1737,334,1,2
1737,335,1,2
1737,336,1,2
1737,337,1,2
1737,338,1,2
1737,339,1,2
1737,340,1,2
1737,341,1,2
1737,342,1,2
1737,343,1,2
1737,344,1,2
1737,345,1,2
1737,346,1,2
1737,347,1,2
1737,348,1,2
1737,349,1,2
1737,350,1,2
1737,351,1,2
1737,352,1,2
1737,353,1,2
1737,354,1,2
1737,355,1,2
1737,356,1,2
1737,357,1,2
1737,358,1,2
1737,359,1,2
1737,360,1,2
1737,361,1,2
1737,362,1,2
1737,363,1,2
1737,364,1,2
1737,365,1,2
1737,366,1,2
1737,367,1,2
1737,368,1,2
1737,369,1,2
1737,370,1,2
1737,371,1,2
1737,372,1,2
1737,373,1,2
1737,374,1,2
1737,375,1,2
1737,376,1,2
1737,377,1,2
1737,378,1,2
1737,379,1,2
1737,380,1,2
1737,381,1,2
1737,382,1,2
1737,383,1,2
1737,384,1,2
1737,385,1,2
1737,386,1,2
1737,387,1,2
1737,388,1,2
1737,389,1,2
1737,390,1,2
1737,391,1,2
1737,392,1,2
1737,393,1,2
1737,394,1,2
1737,395,1,2
1737,396,1,2
1737,397,1,2
1737,398,1,2
1737,399,1,2
1737,400,1,2
1737,401,1,2
1737,402,1,2
1737,403,1,2
1737,404,1,2
1737,405,1,2
1737,406,1,2
1737,407,1,2
1737,408,1,2
1737,409,1,2
1737,410,1,2
1737,411,1,2
1737,412,1,2
1737,413,1,2
1737,414,1,2
1737,415,1,2
1737,416,1,2
1737,417,1,2
1737,418,1,2
1737,419,1,2
1737,420,1,2
1737,421,1,2
1737,422,1,2
1737,423,1,2
1737,424,1,2
1737,425,1,2
1737,426,1,2
1737,427,1,2
1737,428,1,2
1737,429,1,2
1737,430,1,2
1737,431,1,2
1737,432,1,2
1737,433,1,2
1737,434,1,2
1737,435,1,2
1737,436,1,2
1737,437,1,2
1737,438,1,2
1737,439,1,2
1737,440,1,2
1737,441,1,2
1737,442,1,2
1737,443,1,2
1737,444,1,2
1737,445,1,2
1737,446,1,2
1737,447,1,2
1737,448,1,2
1737,449,1,2
1737,450,1,2
1737,451,1,2
1737,452,1,2
1737,453,1,2
1737,454,1,2
1737,455,1,2
1737,456,1,2
1737,457,1,2
1737,458,1,2
1737,459,1,2
1737,460,1,2
1737,461,1,2
1737,462,1,2
1737,463,1,2
1737,464,1,2
1737,465,1,2
1737,466,1,2
1737,467,1,2
1737,468,1,2
1737,469,1,2
1737,470,1,2
1737,471,1,2
1737,472,1,2
1737,473,1,2
1737,474,1,2
1737,475,1,2
1737,476,1,2
1737,477,1,2
1737,478,1,2
1737,479,1,2
1737,480,1,2
1737,481,1,2
1737,482,1,2
1737,483,1,2
1737,484,1,2
1737,485,1,2
1737,486,1,2
1737,487,1,2
1737,488,1,2
1737,489,1,2
1737,490,1,2
1737,491,1,2
1737,492,1,2
1737,493,1,2
1737,494,1,2
1737,495,1,2
1737,496,1,2
1737,497,1,2
1737,498,1,2
1737,499,1,2
1737,500,1,2
1737,501,1,2
1737,502,1,2
1737,503,1,2
1737,504,1,2
1737,505,1,2
1737,506,1,2
1737,507,1,2
1737,508,1,2
1737,509,1,2
1737,510,1,2
1737,511,1,2
1737,512,1,2
1737,513,1,2
1737,514,1,2
1737,515,1,2
1737,516,1,2
1737,517,1,2
1737,518,1,2
1737,519,1,2
1737,520,1,2
1737,521,1,2
1737,522,1,2
1737,523,1,2
1737,524,1,2
1737,525,1,2
1737,526,1,2
1737,527,1,2
1737,528,1,2
1737,529,1,2
1737,530,1,2
1737,531,1,2
1737,532,1,2
1737,533,1,2
1737,534,1,2
1737,535,1,2
1737,536,1,2
1737,537,1,2
1737,538,1,2
1737,539,1,2
1737,540,1,2
1737,541,1,2
1737,542,1,2
1737,543,1,2
1737,544,1,2
1737,545,1,2
1737,546,1,2
1737,547,1,2
1737,548,1,2
1737,549,1,2
1737,550,1,2
1737,551,1,2
1737,552,1,2
1737,553,1,2
1737,554,1,2
1737,555,1,2
1737,556,1,2
1737,557,1,2
1737,558,1,2
1737,559,1,2
1737,560,1,2
1737,561,1,2
1737,562,1,2
1737,563,1,2
1737,564,1,2
1737,565,1,2
1737,566,1,2
1737,567,1,2
1737,568,1,2
1737,569,1,2
1737,570,1,2
1737,571,1,2
1737,572,1,2
1737,573,1,2
1737,574,1,2
1737,575,1,2
1737,576,1,2
1737,577,1,2
1737,578,1,2
1737,579,1,2
1737,580,1,2
1737,581,1,2
1737,582,1,2
1737,583,1,2
1737,584,1,2
1737,585,1,2
1737,586,1,2
1737,587,1,2
1737,588,1,2
1737,589,1,2
1737,590,1,2
1737,591,1,2
1737,592,1,2
1737,593,1,2
1737,594,1,2
1738,185,1,2
1738,186,1,2
1738,187,1,2
1738,188,1,2
1738,189,1,2
1738,190,1,2
1738,191,1,2
1738,192,1,2
1738,193,1,2
1738,194,1,2
1738,195,1,2
1738,196,1,2
1738,197,1,2
1738,198,1,2
1738,199,1,2
1738,200,1,2
1738,201,1,2
1738,202,1,2
1738,203,1,2
1738,204,1,2
1738,205,1,2
1738,206,1,2
1738,207,1,2
1738,208,1,2
1738,209,1,2
1738,210,1,2
1738,211,1,2
1738,212,1,2
1738,213,1,2
1738,214,1,2
1738,215,1,2
1738,216,1,2
1738,217,1,2
1738,218,1,2
1738,219,1,2
1738,220,1,2
1738,221,1,2
1738,222,1,2
1738,223,1,2
1738,224,1,2
1738,225,1,2
1738,226,1,2
1738,227,1,2
1738,228,1,2
1738,229,1,2
1738,230,1,2
1738,231,1,2
1738,232,1,2
1738,233,1,2
1738,234,1,2
1738,235,1,2
1738,236,1,2
1738,237,1,2
1738,238,1,2
1738,239,1,2
1738,240,1,2
1738,241,1,2
1738,242,1,2
1738,243,1,2
1738,244,1,2
1738,245,1,2
1738,246,1,2
1738,247,1,2
1738,248,1,2
1738,249,1,2
1738,250,1,2
1738,251,1,2
1738,252,1,2
1738,253,1,2
1738,254,1,2
1738,255,1,2
1738,256,1,2
1738,257,1,2
1738,258,1,2
1738,259,1,2
1738,260,1,2
1738,261,1,2
1738,262,1,2
1738,263,1,2
1738,264,1,2
1738,265,1,2
1738,266,1,2
1738,267,1,2
1738,268,1,2
1738,269,1,2
1738,270,1,2
1738,271,1,2
1738,272,1,2
1738,273,1,2
1738,274,1,2
1738,275,1,2
1738,276,1,2
1738,277,1,2
1738,278,1,2
1738,279,1,2
1738,280,1,2
1738,281,1,2
1738,282,1,2
1738,283,1,2
1738,284,1,2
1738,285,1,2
1738,286,1,2
1738,287,1,2
1738,288,1,2
1738,289,1,2
1738,290,1,2
1738,291,1,2
1738,292,1,2
1738,293,1,2
1738,294,1,2
1738,295,1,2
1738,296,1,2
1738,297,1,2
1738,298,1,2
1738,299,1,2
1738,300,1,2
1738,301,1,2
1738,302,1,2
1738,303,1,2
1738,304,1,2
1738,305,1,2
1738,306,1,2
1738,307,1,2
1738,308,1,2
1738,309,1,2
1738,310,1,2
1738,311,1,2
1738,312,1,2
1738,313,1,2
1738,314,1,2
1738,315,1,2
1738,316,1,2
1738,317,1,2
1738,318,1,2
1738,319,1,2
1738,320,1,2
1738,321,1,2
1738,322,1,2
1738,323,1,2
1738,324,1,2
1738,325,1,2
1738,326,1,2
1738,327,1,2
1738,328,1,2
1738,329,1,2
1738,330,1,2
1738,331,1,2
1738,332,1,2
1738,333,1,2
1738,334,1,2
1738,335,1,2
1738,336,1,2
1738,337,1,2
1738,338,1,2
1738,339,1,2
1738,340,1,2
1738,341,1,2
1738,342,1,2
1738,343,1,2
1738,344,1,2
1738,345,1,2
1738,346,1,2
1738,347,1,2
1738,348,1,2
1738,349,1,2
1738,350,1,2
1738,351,1,2
1738,352,1,2
1738,353,1,2
1738,354,1,2
1738,355,1,2
1738,356,1,2
1738,357,1,2
1738,358,1,2
1738,359,1,2
1738,360,1,2
1738,361,1,2
1738,362,1,2
1738,363,1,2
1738,364,1,2
1738,365,1,2
1738,366,1,2
1738,367,1,2
1738,368,1,2
1738,369,1,2
1738,370,1,2
1738,371,1,2
1738,372,1,2
1738,373,1,2
1738,374,1,2
1738,375,1,2
1738,376,1,2
1738,377,1,2
1738,378,1,2
1738,379,1,2
1738,380,1,2
1738,381,1,2
1738,382,1,2
1738,383,1,2
1738,384,1,2
1738,385,1,2
1738,386,1,2
1738,387,1,2
1738,388,1,2
1738,389,1,2
1738,390,1,2
1738,391,1,2
1738,392,1,2
1738,393,1,2
1738,394,1,2
1738,395,1,2
1738,396,1,2
1738,397,1,2
1738,398,1,2
1738,399,1,2
1738,400,1,2
1738,401,1,2
1738,402,1,2
1738,403,1,2
1738,404,1,2
1738,405,1,2
1738,406,1,2
1738,407,1,2
1738,408,1,2
1738,409,1,2
1738,410,1,2
1738,411,1,2
1738,412,1,2
1738,413,1,2
1738,414,1,2
1738,415,1,2
1738,416,1,2
1738,417,1,2
1738,418,1,2
1738,419,1,2
1738,420,1,2
1738,421,1,2
1738,422,1,2
1738,423,1,2
1738,424,1,2
1738,425,1,2
1738,426,1,2
1738,427,1,2
1738,428,1,2
1738,429,1,2
1738,430,1,2
1738,431,1,2
1738,432,1,2
1738,433,1,2
1738,434,1,2
1738,435,1,2
1738,436,1,2
1738,437,1,2
1738,438,1,2
1738,439,1,2
1738,440,1,2
1738,441,1,2
1738,442,1,2
1738,443,1,2
1738,444,1,2
1738,445,1,2
1738,446,1,2
1738,447,1,2
1738,448,1,2
1738,449,1,2
1738,450,1,2
1738,451,1,2
1738,452,1,2
1738,453,1,2
1738,454,1,2
1738,455,1,2
1738,456,1,2
1738,457,1,2
1738,458,1,2
1738,459,1,2
1738,460,1,2
1738,461,1,2
1738,462,1,2
1738,463,1,2
1738,464,1,2
1738,465,1,2
1738,466,1,2
1738,467,1,2
1738,468,1,2
1738,469,1,2
1738,470,1,2
1738,471,1,2
1738,472,1,2
1738,473,1,2
1738,474,1,2
1738,475,1,2
1738,476,1,2
1738,477,1,2
1738,478,1,2
1738,479,1,2
1738,480,1,2
1738,481,1,2
1738,482,1,2
1738,483,1,2
1738,484,1,2
1738,485,1,2
1738,486,1,2
1738,487,1,2
1738,488,1,2
1738,489,1,2
1738,490,1,2
1738,491,1,2
1738,492,1,2
1738,493,1,2
1738,494,1,2
1738,495,1,2
1738,496,1,2
1738,497,1,2
1738,498,1,2
1738,499,1,2
1738,500,1,2
1738,501,1,2
1738,502,1,2
1738,503,1,2
1738,504,1,2
1738,505,1,2
1738,506,1,2
1738,507,1,2
1738,508,1,2
1738,509,1,2
1738,510,1,2
1738,511,1,2
1738,512,1,2
1738,513,1,2
1738,514,1,2
1738,515,1,2
1738,516,1,2
1738,517,1,2
1738,518,1,2
1738,519,1,2
1738,520,1,2
1738,521,1,2
1738,522,1,2
1738,523,1,2
1738,524,1,2
1738,525,1,2
1738,526,1,2
1738,527,1,2
1738,528,1,2
1738,529,1,2
1738,530,1,2
1738,531,1,2
1738,532,1,2
1738,533,1,2
1738,534,1,2
1738,535,1,2
1738,536,1,2
1738,537,1,2
1738,538,1,2
1738,539,1,2
1738,540,1,2
1738,541,1,2
1738,542,1,2
1738,543,1,2
1738,544,1,2
1738,545,1,2
1738,546,1,2
1738,547,1,2
1738,548,1,2
1738,549,1,2
1738,550,1,2
1738,551,1,2
1738,552,1,2
1738,553,1,2
1738,554,1,2
1738,555,1,2
1738,556,1,2
1738,557,1,2
1738,558,1,2
1738,559,1,2
1738,560,1,2
1738,561,1,2
1738,562,1,2
1738,563,1,2
1738,564,1,2
1738,565,1,2
1738,566,1,2
1738,567,1,2
1738,568,1,2
1738,569,1,2
1738,570,1,2
1738,571,1,2
1738,572,1,2
1738,573,1,2
1738,574,1,2
1738,575,1,2
1738,576,1,2
1738,577,1,2
1738,578,1,2
1738,579,1,2
1738,580,1,2
1738,581,1,2
1738,582,1,2
1738,583,1,2
1738,584,1,2
1738,585,1,2
1738,586,1,2
1738,587,1,2
1738,588,1,2
1738,589,1,2
1738,590,1,2
1738,591,1,2
1738,592,1,2
1738,593,1,2
1738,594,1,2
1739,184,1,2
1739,185,1,2
1739,186,1,2
1739,187,1,2
1739,188,1,2
1739,189,1,2
1739,190,1,2
1739,191,1,2
1739,192,1,2
1739,193,1,2
1739,194,1,2
1739,195,1,2
1739,196,1,2
1739,197,1,2
1739,198,1,2
1739,199,1,2
1739,200,1,2
1739,201,1,2
1739,202,1,2
1739,203,1,2
1739,204,1,2
1739,205,1,2
1739,206,1,2
1739,207,1,2
1739,208,1,2
1739,209,1,2
1739,210,1,2
1739,211,1,2
1739,212,1,2
1739,213,1,2
1739,214,1,2
1739,215,1,2
1739,216,1,2
1739,217,1,2
1739,218,1,2
1739,219,1,2
1739,220,1,2
1739,221,1,2
1739,222,1,2
1739,223,1,2
1739,224,1,2
1739,225,1,2
1739,226,1,2
1739,227,1,2
1739,228,1,2
1739,229,1,2
1739,230,1,2
1739,231,1,2
1739,232,1,2
1739,233,1,2
1739,234,1,2
1739,235,1,2
1739,236,1,2
1739,237,1,2
1739,238,1,2
1739,239,1,2
1739,240,1,2
1739,241,1,2
1739,242,1,2
1739,243,1,2
1739,244,1,2
1739,245,1,2
1739,246,1,2
1739,247,1,2
1739,248,1,2
1739,249,1,2
1739,250,1,2
1739,251,1,2
1739,252,1,2
1739,253,1,2
1739,254,1,2
1739,255,1,2
1739,256,1,2
1739,257,1,2
1739,258,1,2
1739,259,1,2
1739,260,1,2
1739,261,1,2
1739,262,1,2
1739,263,1,2
1739,264,1,2
1739,265,1,2
1739,266,1,2
1739,267,1,2
1739,268,1,2
1739,269,1,2
1739,270,1,2
1739,271,1,2
1739,272,1,2
1739,273,1,2
1739,274,1,2
1739,275,1,2
1739,276,1,2
1739,277,1,2
1739,278,1,2
1739,279,1,2
1739,280,1,2
1739,281,1,2
1739,282,1,2
1739,283,1,2
1739,284,1,2
1739,285,1,2
1739,286,1,2
1739,287,1,2
1739,288,1,2
1739,289,1,2
1739,290,1,2
1739,291,1,2
1739,292,1,2
1739,293,1,2
1739,294,1,2
1739,295,1,2
1739,296,1,2
1739,297,1,2
1739,298,1,2
1739,299,1,2
1739,300,1,2
1739,301,1,2
1739,302,1,2
1739,303,1,2
1739,304,1,2
1739,305,1,2
1739,306,1,2
1739,307,1,2
1739,308,1,2
1739,309,1,2
1739,310,1,2
1739,311,1,2
1739,312,1,2
1739,313,1,2
1739,314,1,2
1739,315,1,2
1739,316,1,2
1739,317,1,2
1739,318,1,2
1739,319,1,2
1739,320,1,2
1739,321,1,2
1739,322,1,2
1739,323,1,2
1739,324,1,2
1739,325,1,2
1739,326,1,2
1739,327,1,2
1739,328,1,2
1739,329,1,2
1739,330,1,2
1739,331,1,2
1739,332,1,2
1739,333,1,2
1739,334,1,2
1739,335,1,2
1739,336,1,2
1739,337,1,2
1739,338,1,2
1739,339,1,2
1739,340,1,2
1739,341,1,2
1739,342,1,2
1739,343,1,2
1739,344,1,2
1739,345,1,2
1739,346,1,2
1739,347,1,2
1739,348,1,2
1739,349,1,2
1739,350,1,2
1739,351,1,2
1739,352,1,2
1739,353,1,2
1739,354,1,2
1739,355,1,2
1739,356,1,2
1739,357,1,2
1739,358,1,2
1739,359,1,2
1739,360,1,2
1739,361,1,2
1739,362,1,2
1739,363,1,2
1739,364,1,2
1739,365,1,2
1739,366,1,2
1739,367,1,2
1739,368,1,2
1739,369,1,2
1739,370,1,2
1739,371,1,2
1739,372,1,2
1739,373,1,2
1739,374,1,2
1739,375,1,2
1739,376,1,2
1739,377,1,2
1739,378,1,2
1739,379,1,2
1739,380,1,2
1739,381,1,2
1739,382,1,2
1739,383,1,2
1739,384,1,2
1739,385,1,2
1739,386,1,2
1739,387,1,2
1739,388,1,2
1739,389,1,2
1739,390,1,2
1739,391,1,2
1739,392,1,2
1739,393,1,2
1739,394,1,2
1739,395,1,2
1739,396,1,2
1739,397,1,2
1739,398,1,2
1739,399,1,2
1739,400,1,2
1739,401,1,2
1739,402,1,2
1739,403,1,2
1739,404,1,2
1739,405,1,2
1739,406,1,2
1739,407,1,2
1739,408,1,2
1739,409,1,2
1739,410,1,2
1739,411,1,2
1739,412,1,2
1739,413,1,2
1739,414,1,2
1739,415,1,2
1739,416,1,2
1739,417,1,2
1739,418,1,2
1739,419,1,2
1739,420,1,2
1739,421,1,2
1739,422,1,2
1739,423,1,2
1739,424,1,2
1739,425,1,2
1739,426,1,2
1739,427,1,2
1739,428,1,2
1739,429,1,2
1739,430,1,2
1739,431,1,2
1739,432,1,2
1739,433,1,2
1739,434,1,2
1739,435,1,2
1739,436,1,2
1739,437,1,2
1739,438,1,2
1739,439,1,2
1739,440,1,2
1739,441,1,2
1739,442,1,2
1739,443,1,2
1739,444,1,2
1739,445,1,2
1739,446,1,2
1739,447,1,2
1739,448,1,2
1739,449,1,2
1739,450,1,2
1739,451,1,2
1739,452,1,2
1739,453,1,2
1739,454,1,2
1739,455,1,2
1739,456,1,2
1739,457,1,2
1739,458,1,2
1739,459,1,2
1739,460,1,2
1739,461,1,2
1739,462,1,2
1739,463,1,2
1739,464,1,2
1739,465,1,2
1739,466,1,2
1739,467,1,2
1739,468,1,2
1739,469,1,2
1739,470,1,2
1739,471,1,2
1739,472,1,2
1739,473,1,2
1739,474,1,2
1739,475,1,2
1739,476,1,2
1739,477,1,2
1739,478,1,2
1739,479,1,2
1739,480,1,2
1739,481,1,2
1739,482,1,2
1739,483,1,2
1739,484,1,2
1739,485,1,2
1739,486,1,2
1739,487,1,2
1739,488,1,2
1739,489,1,2
1739,490,1,2
1739,491,1,2
1739,492,1,2
1739,493,1,2
1739,494,1,2
1739,495,1,2
1739,496,1,2
1739,497,1,2
1739,498,1,2
1739,499,1,2
1739,500,1,2
1739,501,1,2
1739,502,1,2
1739,503,1,2
1739,504,1,2
1739,505,1,2
1739,506,1,2
1739,507,1,2
1739,508,1,2
1739,509,1,2
1739,510,1,2
1739,511,1,2
1739,512,1,2
1739,513,1,2
1739,514,1,2
1739,515,1,2
1739,516,1,2
1739,517,1,2
1739,518,1,2
1739,519,1,2
1739,520,1,2
1739,521,1,2
1739,522,1,2
1739,523,1,2
1739,524,1,2
1739,525,1,2
1739,526,1,2
1739,527,1,2
1739,528,1,2
1739,529,1,2
1739,530,1,2
1739,531,1,2
1739,532,1,2
1739,533,1,2
1739,534,1,2
1739,535,1,2
1739,536,1,2
1739,537,1,2
1739,538,1,2
1739,539,1,2
1739,540,1,2
1739,541,1,2
1739,542,1,2
1739,543,1,2
1739,544,1,2
1739,545,1,2
1739,546,1,2
1739,547,1,2
1739,548,1,2
1739,549,1,2
1739,550,1,2
1739,551,1,2
1739,552,1,2
1739,553,1,2
1739,554,1,2
1739,555,1,2
1739,556,1,2
1739,557,1,2
1739,558,1,2
1739,559,1,2
1739,560,1,2
1739,561,1,2
1739,562,1,2
1739,563,1,2
1739,564,1,2
1739,565,1,2
1739,566,1,2
1739,567,1,2
1739,568,1,2
1739,569,1,2
1739,570,1,2
1739,571,1,2
1739,572,1,2
1739,573,1,2
1739,574,1,2
1739,575,1,2
1739,576,1,2
1739,577,1,2
1739,578,1,2
1739,579,1,2
1739,580,1,2
1739,581,1,2
1739,582,1,2
1739,583,1,2
1739,584,1,2
1739,585,1,2
1739,586,1,2
1739,587,1,2
1739,588,1,2
1739,589,1,2
1739,590,1,2
1739,591,1,2
1739,592,1,2
1739,593,1,2
1739,594,1,2
1740,183,1,2
1740,184,1,2
1740,185,1,2
1740,186,1,2
1740,187,1,2
1740,188,1,2
1740,189,1,2
1740,190,1,2
1740,191,1,2
1740,192,1,2
1740,193,1,2
1740,194,1,2
1740,195,1,2
1740,196,1,2
1740,197,1,2
1740,198,1,2
1740,199,1,2
1740,200,1,2
1740,201,1,2
1740,202,1,2
1740,203,1,2
1740,204,1,2
1740,205,1,2
1740,206,1,2
1740,207,1,2
1740,208,1,2
1740,209,1,2
1740,210,1,2
1740,211,1,2
1740,212,1,2
1740,213,1,2
1740,214,1,2
1740,215,1,2
1740,216,1,2
1740,217,1,2
1740,218,1,2
1740,219,1,2
1740,220,1,2
1740,221,1,2
1740,222,1,2
1740,223,1,2
1740,224,1,2
1740,225,1,2
1740,226,1,2
1740,227,1,2
1740,228,1,2
1740,229,1,2
1740,230,1,2
1740,231,1,2
1740,232,1,2
1740,233,1,2
1740,234,1,2
1740,235,1,2
1740,236,1,2
1740,237,1,2
1740,238,1,2
1740,239,1,2
1740,240,1,2
1740,241,1,2
1740,242,1,2
1740,243,1,2
1740,244,1,2
1740,245,1,2
1740,246,1,2
1740,247,1,2
1740,248,1,2
1740,249,1,2
1740,250,1,2
1740,251,1,2
1740,252,1,2
1740,253,1,2
1740,254,1,2
1740,255,1,2
1740,256,1,2
1740,257,1,2
1740,258,1,2
1740,259,1,2
1740,260,1,2
1740,261,1,2
1740,262,1,2
1740,263,1,2
1740,264,1,2
1740,265,1,2
1740,266,1,2
1740,267,1,2
1740,268,1,2
1740,269,1,2
1740,270,1,2
1740,271,1,2
1740,272,1,2
1740,273,1,2
1740,274,1,2
1740,275,1,2
1740,276,1,2
1740,277,1,2
1740,278,1,2
1740,279,1,2
1740,280,1,2
1740,281,1,2
1740,282,1,2
1740,283,1,2
1740,284,1,2
1740,285,1,2
1740,286,1,2
1740,287,1,2
1740,288,1,2
1740,289,1,2
1740,290,1,2
1740,291,1,2
1740,292,1,2
1740,293,1,2
1740,294,1,2
1740,295,1,2
1740,296,1,2
1740,297,1,2
1740,298,1,2
1740,299,1,2
1740,300,1,2
1740,301,1,2
1740,302,1,2
1740,303,1,2
1740,304,1,2
1740,305,1,2
1740,306,1,2
1740,307,1,2
1740,308,1,2
1740,309,1,2
1740,310,1,2
1740,311,1,2
1740,312,1,2
1740,313,1,2
1740,314,1,2
1740,315,1,2
1740,316,1,2
1740,317,1,2
1740,318,1,2
1740,319,1,2
1740,320,1,2
1740,321,1,2
1740,322,1,2
1740,323,1,2
1740,324,1,2
1740,325,1,2
1740,326,1,2
1740,327,1,2
1740,328,1,2
1740,329,1,2
1740,330,1,2
1740,331,1,2
1740,332,1,2
1740,333,1,2
1740,334,1,2
1740,335,1,2
1740,336,1,2
1740,337,1,2
1740,338,1,2
1740,339,1,2
1740,340,1,2
1740,341,1,2
1740,342,1,2
1740,343,1,2
1740,344,1,2
1740,345,1,2
1740,346,1,2
1740,347,1,2
1740,348,1,2
1740,349,1,2
1740,350,1,2
1740,351,1,2
1740,352,1,2
1740,353,1,2
1740,354,1,2
1740,355,1,2
1740,356,1,2
1740,357,1,2
1740,358,1,2
1740,359,1,2
1740,360,1,2
1740,361,1,2
1740,362,1,2
1740,363,1,2
1740,364,1,2
1740,365,1,2
1740,366,1,2
1740,367,1,2
1740,368,1,2
1740,369,1,2
1740,370,1,2
1740,371,1,2
1740,372,1,2
1740,373,1,2
1740,374,1,2
1740,375,1,2
1740,376,1,2
1740,377,1,2
1740,378,1,2
1740,379,1,2
1740,380,1,2
1740,381,1,2
1740,382,1,2
1740,383,1,2
1740,384,1,2
1740,385,1,2
1740,386,1,2
1740,387,1,2
1740,388,1,2
1740,389,1,2
1740,390,1,2
1740,391,1,2
1740,392,1,2
1740,393,1,2
1740,394,1,2
1740,395,1,2
1740,396,1,2
1740,397,1,2
1740,398,1,2
1740,399,1,2
1740,400,1,2
1740,401,1,2
1740,402,1,2
1740,403,1,2
1740,404,1,2
1740,405,1,2
1740,406,1,2
1740,407,1,2
1740,408,1,2
1740,409,1,2
1740,410,1,2
1740,411,1,2
1740,412,1,2
1740,413,1,2
1740,414,1,2
1740,415,1,2
1740,416,1,2
1740,417,1,2
1740,418,1,2
1740,419,1,2
1740,420,1,2
1740,421,1,2
1740,422,1,2
1740,423,1,2
1740,424,1,2
1740,425,1,2
1740,426,1,2
1740,427,1,2
1740,428,1,2
1740,429,1,2
1740,430,1,2
1740,431,1,2
1740,432,1,2
1740,433,1,2
1740,434,1,2
1740,435,1,2
1740,436,1,2
1740,437,1,2
1740,438,1,2
1740,439,1,2
1740,440,1,2
1740,441,1,2
1740,442,1,2
1740,443,1,2
1740,444,1,2
1740,445,1,2
1740,446,1,2
1740,447,1,2
1740,448,1,2
1740,449,1,2
1740,450,1,2
1740,451,1,2
1740,452,1,2
1740,453,1,2
1740,454,1,2
1740,455,1,2
1740,456,1,2
1740,457,1,2
1740,458,1,2
1740,459,1,2
1740,460,1,2
1740,461,1,2
1740,462,1,2
1740,463,1,2
1740,464,1,2
1740,465,1,2
1740,466,1,2
1740,467,1,2
1740,468,1,2
1740,469,1,2
1740,470,1,2
1740,471,1,2
1740,472,1,2
1740,473,1,2
1740,474,1,2
1740,475,1,2
1740,476,1,2
1740,477,1,2
1740,478,1,2
1740,479,1,2
1740,480,1,2
1740,481,1,2
1740,482,1,2
1740,483,1,2
1740,484,1,2
1740,485,1,2
1740,486,1,2
1740,487,1,2
1740,488,1,2
1740,489,1,2
1740,490,1,2
1740,491,1,2
1740,492,1,2
1740,493,1,2
1740,494,1,2
1740,495,1,2
1740,496,1,2
1740,497,1,2
1740,498,1,2
1740,499,1,2
1740,500,1,2
1740,501,1,2
1740,502,1,2
1740,503,1,2
1740,504,1,2
1740,505,1,2
1740,506,1,2
1740,507,1,2
1740,508,1,2
1740,509,1,2
1740,510,1,2
1740,511,1,2
1740,512,1,2
1740,513,1,2
1740,514,1,2
1740,515,1,2
1740,516,1,2
1740,517,1,2
1740,518,1,2
1740,519,1,2
1740,520,1,2
1740,521,1,2
1740,522,1,2
1740,523,1,2
1740,524,1,2
1740,525,1,2
1740,526,1,2
1740,527,1,2
1740,528,1,2
1740,529,1,2
1740,530,1,2
1740,531,1,2
1740,532,1,2
1740,533,1,2
1740,534,1,2
1740,535,1,2
1740,536,1,2
1740,537,1,2
1740,538,1,2
1740,539,1,2
1740,540,1,2
1740,541,1,2
1740,542,1,2
1740,543,1,2
1740,544,1,2
1740,545,1,2
1740,546,1,2
1740,547,1,2
1740,548,1,2
1740,549,1,2
1740,550,1,2
1740,551,1,2
1740,552,1,2
1740,553,1,2
1740,554,1,2
1740,555,1,2
1740,556,1,2
1740,557,1,2
1740,558,1,2
1740,559,1,2
1740,560,1,2
1740,561,1,2
1740,562,1,2
1740,563,1,2
1740,564,1,2
1740,565,1,2
1740,566,1,2
1740,567,1,2
1740,568,1,2
1740,569,1,2
1740,570,1,2
1740,571,1,2
1740,572,1,2
1740,573,1,2
1740,574,1,2
1740,575,1,2
1740,576,1,2
1740,577,1,2
1740,578,1,2
1740,579,1,2
1740,580,1,2
1740,581,1,2
1740,582,1,2
1740,583,1,2
1740,584,1,2
1740,585,1,2
1740,586,1,2
1740,587,1,2
1740,588,1,2
1740,589,1,2
1740,590,1,2
1740,591,1,2
1740,592,1,2
1740,593,1,2
1740,594,1,2
1740,595,1,2
1740,625,1,2
1740,626,1,2
1740,627,1,2
1740,628,1,2
1741,182,1,2
1741,183,1,2
1741,184,1,2
1741,185,1,2
1741,186,1,2
1741,187,1,2
1741,188,1,2
1741,189,1,2
1741,190,1,2
1741,191,1,2
1741,192,1,2
1741,193,1,2
1741,194,1,2
1741,195,1,2
1741,196,1,2
1741,197,1,2
1741,198,1,2
1741,199,1,2
1741,200,1,2
1741,201,1,2
1741,202,1,2
1741,203,1,2
1741,204,1,2
1741,205,1,2
1741,206,1,2
1741,207,1,2
1741,208,1,2
1741,209,1,2
1741,210,1,2
1741,211,1,2
1741,212,1,2
1741,213,1,2
1741,214,1,2
1741,215,1,2
1741,216,1,2
1741,217,1,2
1741,218,1,2
1741,219,1,2
1741,220,1,2
1741,221,1,2
1741,222,1,2
1741,223,1,2
1741,224,1,2
1741,225,1,2
1741,226,1,2
1741,227,1,2
1741,228,1,2
1741,229,1,2
1741,230,1,2
1741,231,1,2
1741,232,1,2
1741,233,1,2
1741,234,1,2
1741,235,1,2
1741,236,1,2
1741,237,1,2
1741,238,1,2
1741,239,1,2
1741,240,1,2
1741,241,1,2
1741,242,1,2
1741,243,1,2
1741,244,1,2
1741,245,1,2
1741,246,1,2
1741,247,1,2
1741,248,1,2
1741,249,1,2
1741,250,1,2
1741,251,1,2
1741,252,1,2
1741,253,1,2
1741,254,1,2
1741,255,1,2
1741,256,1,2
1741,257,1,2
1741,258,1,2
1741,259,1,2
1741,260,1,2
1741,261,1,2
1741,262,1,2
1741,263,1,2
1741,264,1,2
1741,265,1,2
1741,266,1,2
1741,267,1,2
1741,268,1,2
1741,269,1,2
1741,270,1,2
1741,271,1,2
1741,272,1,2
1741,273,1,2
1741,274,1,2
1741,275,1,2
1741,276,1,2
1741,277,1,2
1741,278,1,2
1741,279,1,2
1741,280,1,2
1741,281,1,2
1741,282,1,2
1741,283,1,2
1741,284,1,2
1741,285,1,2
1741,286,1,2
1741,287,1,2
1741,288,1,2
1741,289,1,2
1741,290,1,2
1741,291,1,2
1741,292,1,2
1741,293,1,2
1741,294,1,2
1741,295,1,2
1741,296,1,2
1741,297,1,2
1741,298,1,2
1741,299,1,2
1741,300,1,2
1741,301,1,2
1741,302,1,2
1741,303,1,2
1741,304,1,2
1741,305,1,2
1741,306,1,2
1741,307,1,2
1741,308,1,2
1741,309,1,2
1741,310,1,2
1741,311,1,2
1741,312,1,2
1741,313,1,2
1741,314,1,2
1741,315,1,2
1741,316,1,2
1741,317,1,2
1741,318,1,2
1741,319,1,2
1741,320,1,2
1741,321,1,2
1741,322,1,2
1741,323,1,2
1741,324,1,2
1741,325,1,2
1741,326,1,2
1741,327,1,2
1741,328,1,2
1741,329,1,2
1741,330,1,2
1741,331,1,2
1741,332,1,2
1741,333,1,2
1741,334,1,2
1741,335,1,2
1741,336,1,2
1741,337,1,2
1741,338,1,2
1741,339,1,2
1741,340,1,2
1741,341,1,2
1741,342,1,2
1741,343,1,2
1741,344,1,2
1741,345,1,2
1741,346,1,2
1741,347,1,2
1741,348,1,2
1741,349,1,2
1741,350,1,2
1741,351,1,2
1741,352,1,2
1741,353,1,2
1741,354,1,2
1741,355,1,2
1741,356,1,2
1741,357,1,2
1741,358,1,2
1741,359,1,2
1741,360,1,2
1741,361,1,2
1741,362,1,2
1741,363,1,2
1741,364,1,2
1741,365,1,2
1741,366,1,2
1741,367,1,2
1741,368,1,2
1741,369,1,2
1741,370,1,2
1741,371,1,2
1741,372,1,2
1741,373,1,2
1741,374,1,2
1741,375,1,2
1741,376,1,2
1741,377,1,2
1741,378,1,2
1741,379,1,2
1741,380,1,2
1741,381,1,2
1741,382,1,2
1741,383,1,2
1741,384,1,2
1741,385,1,2
1741,386,1,2
1741,387,1,2
1741,388,1,2
1741,389,1,2
1741,390,1,2
1741,391,1,2
1741,392,1,2
1741,393,1,2
1741,394,1,2
1741,395,1,2
1741,396,1,2
1741,397,1,2
1741,398,1,2
1741,399,1,2
1741,400,1,2
1741,401,1,2
1741,402,1,2
1741,403,1,2
1741,404,1,2
1741,405,1,2
1741,406,1,2
1741,407,1,2
1741,408,1,2
1741,409,1,2
1741,410,1,2
1741,411,1,2
1741,412,1,2
1741,413,1,2
1741,414,1,2
1741,415,1,2
1741,416,1,2
1741,417,1,2
1741,418,1,2
1741,419,1,2
1741,420,1,2
1741,421,1,2
1741,422,1,2
1741,423,1,2
1741,424,1,2
1741,425,1,2
1741,426,1,2
1741,427,1,2
1741,428,1,2
1741,429,1,2
1741,430,1,2
1741,431,1,2
1741,432,1,2
1741,433,1,2
1741,434,1,2
1741,435,1,2
1741,436,1,2
1741,437,1,2
1741,438,1,2
1741,439,1,2
1741,440,1,2
1741,441,1,2
1741,442,1,2
1741,443,1,2
1741,444,1,2
1741,445,1,2
1741,446,1,2
1741,447,1,2
1741,448,1,2
1741,449,1,2
1741,450,1,2
1741,451,1,2
1741,452,1,2
1741,453,1,2
1741,454,1,2
1741,455,1,2
1741,456,1,2
1741,457,1,2
1741,458,1,2
1741,459,1,2
1741,460,1,2
1741,461,1,2
1741,462,1,2
1741,463,1,2
1741,464,1,2
1741,465,1,2
1741,466,1,2
1741,467,1,2
1741,468,1,2
1741,469,1,2
1741,470,1,2
1741,471,1,2
1741,472,1,2
1741,473,1,2
1741,474,1,2
1741,475,1,2
1741,476,1,2
1741,477,1,2
1741,478,1,2
1741,479,1,2
1741,480,1,2
1741,481,1,2
1741,482,1,2
1741,483,1,2
1741,484,1,2
1741,485,1,2
1741,486,1,2
1741,487,1,2
1741,488,1,2
1741,489,1,2
1741,490,1,2
1741,491,1,2
1741,492,1,2
1741,493,1,2
1741,494,1,2
1741,495,1,2
1741,496,1,2
1741,497,1,2
1741,498,1,2
1741,499,1,2
1741,500,1,2
1741,501,1,2
1741,502,1,2
1741,503,1,2
1741,504,1,2
1741,505,1,2
1741,506,1,2
1741,507,1,2
1741,508,1,2
1741,509,1,2
1741,510,1,2
1741,511,1,2
1741,512,1,2
1741,513,1,2
1741,514,1,2
1741,515,1,2
1741,516,1,2
1741,517,1,2
1741,518,1,2
1741,519,1,2
1741,520,1,2
1741,521,1,2
1741,522,1,2
1741,523,1,2
1741,524,1,2
1741,525,1,2
1741,526,1,2
1741,527,1,2
1741,528,1,2
1741,529,1,2
1741,530,1,2
1741,531,1,2
1741,532,1,2
1741,533,1,2
1741,534,1,2
1741,535,1,2
1741,536,1,2
1741,537,1,2
1741,538,1,2
1741,539,1,2
1741,540,1,2
1741,541,1,2
1741,542,1,2
1741,543,1,2
1741,544,1,2
1741,545,1,2
1741,546,1,2
1741,547,1,2
1741,548,1,2
1741,549,1,2
1741,550,1,2
1741,551,1,2
1741,552,1,2
1741,553,1,2
1741,554,1,2
1741,555,1,2
1741,556,1,2
1741,557,1,2
1741,558,1,2
1741,559,1,2
1741,560,1,2
1741,561,1,2
1741,562,1,2
1741,563,1,2
1741,564,1,2
1741,565,1,2
1741,566,1,2
1741,567,1,2
1741,568,1,2
1741,569,1,2
1741,570,1,2
1741,571,1,2
1741,572,1,2
1741,573,1,2
1741,574,1,2
1741,575,1,2
1741,576,1,2
1741,577,1,2
1741,578,1,2
1741,579,1,2
1741,580,1,2
1741,581,1,2
1741,582,1,2
1741,583,1,2
1741,584,1,2
1741,585,1,2
1741,586,1,2
1741,587,1,2
1741,588,1,2
1741,589,1,2
1741,590,1,2
1741,591,1,2
1741,592,1,2
1741,593,1,2
1741,594,1,2
1741,595,1,2
1741,624,1,2
1741,625,1,2
1741,626,1,2
1741,627,1,2
1741,628,1,2
1741,629,1,2
1742,182,1,2
1742,183,1,2
1742,184,1,2
1742,185,1,2
1742,186,1,2
1742,187,1,2
1742,188,1,2
1742,189,1,2
1742,190,1,2
1742,191,1,2
1742,192,1,2
1742,193,1,2
1742,194,1,2
1742,195,1,2
1742,196,1,2
1742,197,1,2
1742,198,1,2
1742,199,1,2
1742,200,1,2
1742,201,1,2
1742,202,1,2
1742,203,1,2
1742,204,1,2
1742,205,1,2
1742,206,1,2
1742,207,1,2
1742,208,1,2
1742,209,1,2
1742,210,1,2
1742,211,1,2
1742,212,1,2
1742,213,1,2
1742,214,1,2
1742,215,1,2
1742,216,1,2
1742,217,1,2
1742,218,1,2
1742,219,1,2
1742,220,1,2
1742,221,1,2
1742,222,1,2
1742,223,1,2
1742,224,1,2
1742,225,1,2
1742,226,1,2
1742,227,1,2
1742,228,1,2
1742,229,1,2
1742,230,1,2
1742,231,1,2
1742,232,1,2
1742,233,1,2
1742,234,1,2
1742,235,1,2
1742,236,1,2
1742,237,1,2
1742,238,1,2
1742,239,1,2
1742,240,1,2
1742,241,1,2
1742,242,1,2
1742,243,1,2
1742,244,1,2
1742,245,1,2
1742,246,1,2
1742,247,1,2
1742,248,1,2
1742,249,1,2
1742,250,1,2
1742,251,1,2
1742,252,1,2
1742,253,1,2
1742,254,1,2
1742,255,1,2
1742,256,1,2
1742,257,1,2
1742,258,1,2
1742,259,1,2
1742,260,1,2
1742,261,1,2
1742,262,1,2
1742,263,1,2
1742,264,1,2
1742,265,1,2
1742,266,1,2
1742,267,1,2
1742,268,1,2
1742,269,1,2
1742,270,1,2
1742,271,1,2
1742,272,1,2
1742,273,1,2
1742,274,1,2
1742,275,1,2
1742,276,1,2
1742,277,1,2
1742,278,1,2
1742,279,1,2
1742,280,1,2
1742,281,1,2
1742,282,1,2
1742,283,1,2
1742,284,1,2
1742,285,1,2
1742,286,1,2
1742,287,1,2
1742,288,1,2
1742,289,1,2
1742,290,1,2
1742,291,1,2
1742,292,1,2
1742,293,1,2
1742,294,1,2
1742,295,1,2
1742,296,1,2
1742,297,1,2
1742,298,1,2
1742,299,1,2
1742,300,1,2
1742,301,1,2
1742,302,1,2
1742,303,1,2
1742,304,1,2
1742,305,1,2
1742,306,1,2
1742,307,1,2
1742,308,1,2
1742,309,1,2
1742,310,1,2
1742,311,1,2
1742,312,1,2
1742,313,1,2
1742,314,1,2
1742,315,1,2
1742,316,1,2
1742,317,1,2
1742,318,1,2
1742,319,1,2
1742,320,1,2
1742,321,1,2
1742,322,1,2
1742,323,1,2
1742,324,1,2
1742,325,1,2
1742,326,1,2
1742,327,1,2
1742,328,1,2
1742,329,1,2
1742,330,1,2
1742,331,1,2
1742,332,1,2
1742,333,1,2
1742,334,1,2
1742,335,1,2
1742,336,1,2
1742,337,1,2
1742,338,1,2
1742,339,1,2
1742,340,1,2
1742,341,1,2
1742,342,1,2
1742,343,1,2
1742,344,1,2
1742,345,1,2
1742,346,1,2
1742,347,1,2
1742,348,1,2
1742,349,1,2
1742,350,1,2
1742,351,1,2
1742,352,1,2
1742,353,1,2
1742,354,1,2
1742,355,1,2
1742,356,1,2
1742,357,1,2
1742,358,1,2
1742,359,1,2
1742,360,1,2
1742,361,1,2
1742,362,1,2
1742,363,1,2
1742,364,1,2
1742,365,1,2
1742,366,1,2
1742,367,1,2
1742,368,1,2
1742,369,1,2
1742,370,1,2
1742,371,1,2
1742,372,1,2
1742,373,1,2
1742,374,1,2
1742,375,1,2
1742,376,1,2
1742,377,1,2
1742,378,1,2
1742,379,1,2
1742,380,1,2
1742,381,1,2
1742,382,1,2
1742,383,1,2
1742,384,1,2
1742,385,1,2
1742,386,1,2
1742,387,1,2
1742,388,1,2
1742,389,1,2
1742,390,1,2
1742,391,1,2
1742,392,1,2
1742,393,1,2
1742,394,1,2
1742,395,1,2
1742,396,1,2
1742,397,1,2
1742,398,1,2
1742,399,1,2
1742,400,1,2
1742,401,1,2
1742,402,1,2
1742,403,1,2
1742,404,1,2
1742,405,1,2
1742,406,1,2
1742,407,1,2
1742,408,1,2
1742,409,1,2
1742,410,1,2
1742,411,1,2
1742,412,1,2
1742,413,1,2
1742,414,1,2
1742,415,1,2
1742,416,1,2
1742,417,1,2
1742,418,1,2
1742,419,1,2
1742,420,1,2
1742,421,1,2
1742,422,1,2
1742,423,1,2
1742,424,1,2
1742,425,1,2
1742,426,1,2
1742,427,1,2
1742,428,1,2
1742,429,1,2
1742,430,1,2
1742,431,1,2
1742,432,1,2
1742,433,1,2
1742,434,1,2
1742,435,1,2
1742,436,1,2
1742,437,1,2
1742,438,1,2
1742,439,1,2
1742,440,1,2
1742,441,1,2
1742,442,1,2
1742,443,1,2
1742,444,1,2
1742,445,1,2
1742,446,1,2
1742,447,1,2
1742,448,1,2
1742,449,1,2
1742,450,1,2
1742,451,1,2
1742,452,1,2
1742,453,1,2
1742,454,1,2
1742,455,1,2
1742,456,1,2
1742,457,1,2
1742,458,1,2
1742,459,1,2
1742,460,1,2
1742,461,1,2
1742,462,1,2
1742,463,1,2
1742,464,1,2
1742,465,1,2
1742,466,1,2
1742,467,1,2
1742,468,1,2
1742,469,1,2
1742,470,1,2
1742,471,1,2
1742,472,1,2
1742,473,1,2
1742,474,1,2
1742,475,1,2
1742,476,1,2
1742,477,1,2
1742,478,1,2
1742,479,1,2
1742,480,1,2
1742,481,1,2
1742,482,1,2
1742,483,1,2
1742,484,1,2
1742,485,1,2
1742,486,1,2
1742,487,1,2
1742,488,1,2
1742,489,1,2
1742,490,1,2
1742,491,1,2
1742,492,1,2
1742,493,1,2
1742,494,1,2
1742,495,1,2
1742,496,1,2
1742,497,1,2
1742,498,1,2
1742,499,1,2
1742,500,1,2
1742,501,1,2
1742,502,1,2
1742,503,1,2
1742,504,1,2
1742,505,1,2
1742,506,1,2
1742,507,1,2
1742,508,1,2
1742,509,1,2
1742,510,1,2
1742,511,1,2
1742,512,1,2
1742,513,1,2
1742,514,1,2
1742,515,1,2
1742,516,1,2
1742,517,1,2
1742,518,1,2
1742,519,1,2
1742,520,1,2
1742,521,1,2
1742,522,1,2
1742,523,1,2
1742,524,1,2
1742,525,1,2
1742,526,1,2
1742,527,1,2
1742,528,1,2
1742,529,1,2
1742,530,1,2
1742,531,1,2
1742,532,1,2
1742,533,1,2
1742,534,1,2
1742,535,1,2
1742,536,1,2
1742,537,1,2
1742,538,1,2
1742,539,1,2
1742,540,1,2
1742,541,1,2
1742,542,1,2
1742,543,1,2
1742,544,1,2
1742,545,1,2
1742,546,1,2
1742,547,1,2
1742,548,1,2
1742,549,1,2
1742,550,1,2
1742,551,1,2
1742,552,1,2
1742,553,1,2
1742,554,1,2
1742,555,1,2
1742,556,1,2
1742,557,1,2
1742,558,1,2
1742,559,1,2
1742,560,1,2
1742,561,1,2
1742,562,1,2
1742,563,1,2
1742,564,1,2
1742,565,1,2
1742,566,1,2
1742,567,1,2
1742,568,1,2
1742,569,1,2
1742,570,1,2
1742,571,1,2
1742,572,1,2
1742,573,1,2
1742,574,1,2
1742,575,1,2
1742,576,1,2
1742,577,1,2
1742,578,1,2
1742,579,1,2
1742,580,1,2
1742,581,1,2
1742,582,1,2
1742,583,1,2
1742,584,1,2
1742,585,1,2
1742,586,1,2
1742,587,1,2
1742,588,1,2
1742,589,1,2
1742,590,1,2
1742,591,1,2
1742,592,1,2
1742,593,1,2
1742,594,1,2
1742,595,1,2
1742,596,1,2
1742,622,1,2
1742,623,1,2
1742,624,1,2
1742,625,1,2
1742,626,1,2
1742,627,1,2
1742,628,1,2
1742,629,1,2
1742,630,1,2
1743,182,1,2
1743,183,1,2
1743,184,1,2
1743,185,1,2
1743,186,1,2
1743,187,1,2
1743,188,1,2
1743,189,1,2
1743,190,1,2
1743,191,1,2
1743,192,1,2
1743,193,1,2
1743,194,1,2
1743,195,1,2
1743,196,1,2
1743,197,1,2
1743,198,1,2
1743,199,1,2
1743,200,1,2
1743,201,1,2
1743,202,1,2
1743,203,1,2
1743,204,1,2
1743,205,1,2
1743,206,1,2
1743,207,1,2
1743,208,1,2
1743,209,1,2
1743,210,1,2
1743,211,1,2
1743,212,1,2
1743,213,1,2
1743,214,1,2
1743,215,1,2
1743,216,1,2
1743,217,1,2
1743,218,1,2
1743,219,1,2
1743,220,1,2
1743,221,1,2
1743,222,1,2
1743,223,1,2
1743,224,1,2
1743,225,1,2
1743,226,1,2
1743,227,1,2
1743,228,1,2
1743,229,1,2
1743,230,1,2
1743,231,1,2
1743,232,1,2
1743,233,1,2
1743,234,1,2
1743,235,1,2
1743,236,1,2
1743,237,1,2
1743,238,1,2
1743,239,1,2
1743,240,1,2
1743,241,1,2
1743,242,1,2
1743,243,1,2
1743,244,1,2
1743,245,1,2
1743,246,1,2
1743,247,1,2
1743,248,1,2
1743,249,1,2
1743,250,1,2
1743,251,1,2
1743,252,1,2
1743,253,1,2
1743,254,1,2
1743,255,1,2
1743,256,1,2
1743,257,1,2
1743,258,1,2
1743,259,1,2
1743,260,1,2
1743,261,1,2
1743,262,1,2
1743,263,1,2
1743,264,1,2
1743,265,1,2
1743,266,1,2
1743,267,1,2
1743,268,1,2
1743,269,1,2
1743,270,1,2
1743,271,1,2
1743,272,1,2
1743,273,1,2
1743,274,1,2
1743,275,1,2
1743,276,1,2
1743,277,1,2
1743,278,1,2
1743,279,1,2
1743,280,1,2
1743,281,1,2
1743,282,1,2
1743,283,1,2
1743,284,1,2
1743,285,1,2
1743,286,1,2
1743,287,1,2
1743,288,1,2
1743,289,1,2
1743,290,1,2
1743,291,1,2
1743,292,1,2
1743,293,1,2
1743,294,1,2
1743,295,1,2
1743,296,1,2
1743,297,1,2
1743,298,1,2
1743,299,1,2
1743,300,1,2
1743,301,1,2
1743,302,1,2
1743,303,1,2
1743,304,1,2
1743,305,1,2
1743,306,1,2
1743,307,1,2
1743,308,1,2
1743,309,1,2
1743,310,1,2
1743,311,1,2
1743,312,1,2
1743,313,1,2
1743,314,1,2
1743,315,1,2
1743,316,1,2
1743,317,1,2
1743,318,1,2
1743,319,1,2
1743,320,1,2
1743,321,1,2
1743,322,1,2
1743,323,1,2
1743,324,1,2
1743,325,1,2
1743,326,1,2
1743,327,1,2
1743,328,1,2
1743,329,1,2
1743,330,1,2
1743,331,1,2
1743,332,1,2
1743,333,1,2
1743,334,1,2
1743,335,1,2
1743,336,1,2
1743,337,1,2
1743,338,1,2
1743,339,1,2
1743,340,1,2
1743,341,1,2
1743,342,1,2
1743,343,1,2
1743,344,1,2
1743,345,1,2
1743,346,1,2
1743,347,1,2
1743,348,1,2
1743,349,1,2
1743,350,1,2
1743,351,1,2
1743,352,1,2
1743,353,1,2
1743,354,1,2
1743,355,1,2
1743,356,1,2
1743,357,1,2
1743,358,1,2
1743,359,1,2
1743,360,1,2
1743,361,1,2
1743,362,1,2
1743,363,1,2
1743,364,1,2
1743,365,1,2
1743,366,1,2
1743,367,1,2
1743,368,1,2
1743,369,1,2
1743,370,1,2
1743,371,1,2
1743,372,1,2
1743,373,1,2
1743,374,1,2
1743,375,1,2
1743,376,1,2
1743,377,1,2
1743,378,1,2
1743,379,1,2
1743,380,1,2
1743,381,1,2
1743,382,1,2
1743,383,1,2
1743,384,1,2
1743,385,1,2
1743,386,1,2
1743,387,1,2
1743,388,1,2
1743,389,1,2
1743,390,1,2
1743,391,1,2
1743,392,1,2
1743,393,1,2
1743,394,1,2
1743,395,1,2
1743,396,1,2
1743,397,1,2
1743,398,1,2
1743,399,1,2
1743,400,1,2
1743,401,1,2
1743,402,1,2
1743,403,1,2
1743,404,1,2
1743,405,1,2
1743,406,1,2
1743,407,1,2
1743,408,1,2
1743,409,1,2
1743,410,1,2
1743,411,1,2
1743,412,1,2
1743,413,1,2
1743,414,1,2
1743,415,1,2
1743,416,1,2
1743,417,1,2
1743,418,1,2
1743,419,1,2
1743,420,1,2
1743,421,1,2
1743,422,1,2
1743,423,1,2
1743,424,1,2
1743,425,1,2
1743,426,1,2
1743,427,1,2
1743,428,1,2
1743,429,1,2
1743,430,1,2
1743,431,1,2
1743,432,1,2
1743,433,1,2
1743,434,1,2
1743,435,1,2
1743,436,1,2
1743,437,1,2
1743,438,1,2
1743,439,1,2
1743,440,1,2
1743,441,1,2
1743,442,1,2
1743,443,1,2
1743,444,1,2
1743,445,1,2
1743,446,1,2
1743,447,1,2
1743,448,1,2
1743,449,1,2
1743,450,1,2
1743,451,1,2
1743,452,1,2
1743,453,1,2
1743,454,1,2
1743,455,1,2
1743,456,1,2
1743,457,1,2
1743,458,1,2
1743,459,1,2
1743,460,1,2
1743,461,1,2
1743,462,1,2
1743,463,1,2
1743,464,1,2
1743,465,1,2
1743,466,1,2
1743,467,1,2
1743,468,1,2
1743,469,1,2
1743,470,1,2
1743,471,1,2
1743,472,1,2
1743,473,1,2
1743,474,1,2
1743,475,1,2
1743,476,1,2
1743,477,1,2
1743,478,1,2
1743,479,1,2
1743,480,1,2
1743,481,1,2
1743,482,1,2
1743,483,1,2
1743,484,1,2
1743,485,1,2
1743,486,1,2
1743,487,1,2
1743,488,1,2
1743,489,1,2
1743,490,1,2
1743,491,1,2
1743,492,1,2
1743,493,1,2
1743,494,1,2
1743,495,1,2
1743,496,1,2
1743,497,1,2
1743,498,1,2
1743,499,1,2
1743,500,1,2
1743,501,1,2
1743,502,1,2
1743,503,1,2
1743,504,1,2
1743,505,1,2
1743,506,1,2
1743,507,1,2
1743,508,1,2
1743,509,1,2
1743,510,1,2
1743,511,1,2
1743,512,1,2
1743,513,1,2
1743,514,1,2
1743,515,1,2
1743,516,1,2
1743,517,1,2
1743,518,1,2
1743,519,1,2
1743,520,1,2
1743,521,1,2
1743,522,1,2
1743,523,1,2
1743,524,1,2
1743,525,1,2
1743,526,1,2
1743,527,1,2
1743,528,1,2
1743,529,1,2
1743,530,1,2
1743,531,1,2
1743,532,1,2
1743,533,1,2
1743,534,1,2
1743,535,1,2
1743,536,1,2
1743,537,1,2
1743,538,1,2
1743,539,1,2
1743,540,1,2
1743,541,1,2
1743,542,1,2
1743,543,1,2
1743,544,1,2
1743,545,1,2
1743,546,1,2
1743,547,1,2
1743,548,1,2
1743,549,1,2
1743,550,1,2
1743,551,1,2
1743,552,1,2
1743,553,1,2
1743,554,1,2
1743,555,1,2
1743,556,1,2
1743,557,1,2
1743,558,1,2
1743,559,1,2
1743,560,1,2
1743,561,1,2
1743,562,1,2
1743,563,1,2
1743,564,1,2
1743,565,1,2
1743,566,1,2
1743,567,1,2
1743,568,1,2
1743,569,1,2
1743,570,1,2
1743,571,1,2
1743,572,1,2
1743,573,1,2
1743,574,1,2
1743,575,1,2
1743,576,1,2
1743,577,1,2
1743,578,1,2
1743,579,1,2
1743,580,1,2
1743,581,1,2
1743,582,1,2
1743,583,1,2
1743,584,1,2
1743,585,1,2
1743,586,1,2
1743,587,1,2
1743,588,1,2
1743,589,1,2
1743,590,1,2
1743,591,1,2
1743,592,1,2
1743,593,1,2
1743,594,1,2
1743,595,1,2
1743,620,1,2
1743,621,1,2
1743,622,1,2
1743,623,1,2
1743,624,1,2
1743,625,1,2
1743,626,1,2
1743,627,1,2
1743,628,1,2
1743,629,1,2
1743,630,1,2
1744,181,1,2
1744,182,1,2
1744,183,1,2
1744,184,1,2
1744,185,1,2
1744,186,1,2
1744,187,1,2
1744,188,1,2
1744,189,1,2
1744,190,1,2
1744,191,1,2
1744,192,1,2
1744,193,1,2
1744,194,1,2
1744,195,1,2
1744,196,1,2
1744,197,1,2
1744,198,1,2
1744,199,1,2
1744,200,1,2
1744,201,1,2
1744,202,1,2
1744,203,1,2
1744,204,1,2
1744,205,1,2
1744,206,1,2
1744,207,1,2
1744,208,1,2
1744,209,1,2
1744,210,1,2
1744,211,1,2
1744,212,1,2
1744,213,1,2
1744,214,1,2
1744,215,1,2
1744,216,1,2
1744,217,1,2
1744,218,1,2
1744,219,1,2
1744,220,1,2
1744,221,1,2
1744,222,1,2
1744,223,1,2
1744,224,1,2
1744,225,1,2
1744,226,1,2
1744,227,1,2
1744,228,1,2
1744,229,1,2
1744,230,1,2
1744,231,1,2
1744,232,1,2
1744,233,1,2
1744,234,1,2
1744,235,1,2
1744,236,1,2
1744,237,1,2
1744,238,1,2
1744,239,1,2
1744,240,1,2
1744,241,1,2
1744,242,1,2
1744,243,1,2
1744,244,1,2
1744,245,1,2
1744,246,1,2
1744,247,1,2
1744,248,1,2
1744,249,1,2
1744,250,1,2
1744,251,1,2
1744,252,1,2
1744,253,1,2
1744,254,1,2
1744,255,1,2
1744,256,1,2
1744,257,1,2
1744,258,1,2
1744,259,1,2
1744,260,1,2
1744,261,1,2
1744,262,1,2
1744,263,1,2
1744,264,1,2
1744,265,1,2
1744,266,1,2
1744,267,1,2
1744,268,1,2
1744,269,1,2
1744,270,1,2
1744,271,1,2
1744,272,1,2
1744,273,1,2
1744,274,1,2
1744,275,1,2
1744,276,1,2
1744,277,1,2
1744,278,1,2
1744,279,1,2
1744,280,1,2
1744,281,1,2
1744,282,1,2
1744,283,1,2
1744,284,1,2
1744,285,1,2
1744,286,1,2
1744,287,1,2
1744,288,1,2
1744,289,1,2
1744,290,1,2
1744,291,1,2
1744,292,1,2
1744,293,1,2
1744,294,1,2
1744,295,1,2
1744,296,1,2
1744,297,1,2
1744,298,1,2
1744,299,1,2
1744,300,1,2
1744,301,1,2
1744,302,1,2
1744,303,1,2
1744,304,1,2
1744,305,1,2
1744,306,1,2
1744,307,1,2
1744,308,1,2
1744,309,1,2
1744,310,1,2
1744,311,1,2
1744,312,1,2
1744,313,1,2
1744,314,1,2
1744,315,1,2
1744,316,1,2
1744,317,1,2
1744,318,1,2
1744,319,1,2
1744,320,1,2
1744,321,1,2
1744,322,1,2
1744,323,1,2
1744,324,1,2
1744,325,1,2
1744,326,1,2
1744,327,1,2
1744,328,1,2
1744,329,1,2
1744,330,1,2
1744,331,1,2
1744,332,1,2
1744,333,1,2
1744,334,1,2
1744,335,1,2
1744,336,1,2
1744,337,1,2
1744,338,1,2
1744,339,1,2
1744,340,1,2
1744,341,1,2
1744,342,1,2
1744,343,1,2
1744,344,1,2
1744,345,1,2
1744,346,1,2
1744,347,1,2
1744,348,1,2
1744,349,1,2
1744,350,1,2
1744,351,1,2
1744,352,1,2
1744,353,1,2
1744,354,1,2
1744,355,1,2
1744,356,1,2
1744,357,1,2
1744,358,1,2
1744,359,1,2
1744,360,1,2
1744,361,1,2
1744,362,1,2
1744,363,1,2
1744,364,1,2
1744,365,1,2
1744,366,1,2
1744,367,1,2
1744,368,1,2
1744,369,1,2
1744,370,1,2
1744,371,1,2
1744,372,1,2
1744,373,1,2
1744,374,1,2
1744,375,1,2
1744,376,1,2
1744,377,1,2
1744,378,1,2
1744,379,1,2
1744,380,1,2
1744,381,1,2
1744,382,1,2
1744,383,1,2
1744,384,1,2
1744,385,1,2
1744,386,1,2
1744,387,1,2
1744,388,1,2
1744,389,1,2
1744,390,1,2
1744,391,1,2
1744,392,1,2
1744,393,1,2
1744,394,1,2
1744,395,1,2
1744,396,1,2
1744,397,1,2
1744,398,1,2
1744,399,1,2
1744,400,1,2
1744,401,1,2
1744,402,1,2
1744,403,1,2
1744,404,1,2
1744,405,1,2
1744,406,1,2
1744,407,1,2
1744,408,1,2
1744,409,1,2
1744,410,1,2
1744,411,1,2
1744,412,1,2
1744,413,1,2
1744,414,1,2
1744,415,1,2
1744,416,1,2
1744,417,1,2
1744,418,1,2
1744,419,1,2
1744,420,1,2
1744,421,1,2
1744,422,1,2
1744,423,1,2
1744,424,1,2
1744,425,1,2
1744,426,1,2
1744,427,1,2
1744,428,1,2
1744,429,1,2
1744,430,1,2
1744,431,1,2
1744,432,1,2
1744,433,1,2
1744,434,1,2
1744,435,1,2
1744,436,1,2
1744,437,1,2
1744,438,1,2
1744,439,1,2
1744,440,1,2
1744,441,1,2
1744,442,1,2
1744,443,1,2
1744,444,1,2
1744,445,1,2
1744,446,1,2
1744,447,1,2
1744,448,1,2
1744,449,1,2
1744,450,1,2
1744,451,1,2
1744,452,1,2
1744,453,1,2
1744,454,1,2
1744,455,1,2
1744,456,1,2
1744,457,1,2
1744,458,1,2
1744,459,1,2
1744,460,1,2
1744,461,1,2
1744,462,1,2
1744,463,1,2
1744,464,1,2
1744,465,1,2
1744,466,1,2
1744,467,1,2
1744,468,1,2
1744,469,1,2
1744,470,1,2
1744,471,1,2
1744,472,1,2
1744,473,1,2
1744,474,1,2
1744,475,1,2
1744,476,1,2
1744,477,1,2
1744,478,1,2
1744,479,1,2
1744,480,1,2
1744,481,1,2
1744,482,1,2
1744,483,1,2
1744,484,1,2
1744,485,1,2
1744,486,1,2
1744,487,1,2
1744,488,1,2
1744,489,1,2
1744,490,1,2
1744,491,1,2
1744,492,1,2
1744,493,1,2
1744,494,1,2
1744,495,1,2
1744,496,1,2
1744,497,1,2
1744,498,1,2
1744,499,1,2
1744,500,1,2
1744,501,1,2
1744,502,1,2
1744,503,1,2
1744,504,1,2
1744,505,1,2
1744,506,1,2
1744,507,1,2
1744,508,1,2
1744,509,1,2
1744,510,1,2
1744,511,1,2
1744,512,1,2
1744,513,1,2
1744,514,1,2
1744,515,1,2
1744,516,1,2
1744,517,1,2
1744,518,1,2
1744,519,1,2
1744,520,1,2
1744,521,1,2
1744,522,1,2
1744,523,1,2
1744,524,1,2
1744,525,1,2
1744,526,1,2
1744,527,1,2
1744,528,1,2
1744,529,1,2
1744,530,1,2
1744,531,1,2
1744,532,1,2
1744,533,1,2
1744,534,1,2
1744,535,1,2
1744,536,1,2
1744,537,1,2
1744,538,1,2
1744,539,1,2
1744,540,1,2
1744,541,1,2
1744,542,1,2
1744,543,1,2
1744,544,1,2
1744,545,1,2
1744,546,1,2
1744,547,1,2
1744,548,1,2
1744,549,1,2
1744,550,1,2
1744,551,1,2
1744,552,1,2
1744,553,1,2
1744,554,1,2
1744,555,1,2
1744,556,1,2
1744,557,1,2
1744,558,1,2
1744,559,1,2
1744,560,1,2
1744,561,1,2
1744,562,1,2
1744,563,1,2
1744,564,1,2
1744,565,1,2
1744,566,1,2
1744,567,1,2
1744,568,1,2
1744,569,1,2
1744,570,1,2
1744,571,1,2
1744,572,1,2
1744,573,1,2
1744,574,1,2
1744,575,1,2
1744,576,1,2
1744,577,1,2
1744,578,1,2
1744,579,1,2
1744,580,1,2
1744,581,1,2
1744,582,1,2
1744,583,1,2
1744,584,1,2
1744,585,1,2
1744,586,1,2
1744,587,1,2
1744,588,1,2
1744,589,1,2
1744,590,1,2
1744,591,1,2
1744,592,1,2
1744,593,1,2
1744,594,1,2
1744,595,1,2
1744,596,1,2
1744,619,1,2
1744,620,1,2
1744,621,1,2
1744,622,1,2
1744,623,1,2
1744,624,1,2
1744,625,1,2
1744,626,1,2
1744,627,1,2
1744,628,1,2
1744,629,1,2
1744,630,1,2
1744,631,1,2
1745,180,1,2
1745,181,1,2
1745,182,1,2
1745,183,1,2
1745,184,1,2
1745,185,1,2
1745,186,1,2
1745,187,1,2
1745,188,1,2
1745,189,1,2
1745,190,1,2
1745,191,1,2
1745,192,1,2
1745,193,1,2
1745,194,1,2
1745,195,1,2
1745,196,1,2
1745,197,1,2
1745,198,1,2
1745,199,1,2
1745,200,1,2
1745,201,1,2
1745,202,1,2
1745,203,1,2
1745,204,1,2
1745,205,1,2
1745,206,1,2
1745,207,1,2
1745,208,1,2
1745,209,1,2
1745,210,1,2
1745,211,1,2
1745,212,1,2
1745,213,1,2
1745,214,1,2
1745,215,1,2
1745,216,1,2
1745,217,1,2
1745,218,1,2
1745,219,1,2
1745,220,1,2
1745,221,1,2
1745,222,1,2
1745,223,1,2
1745,224,1,2
1745,225,1,2
1745,226,1,2
1745,227,1,2
1745,228,1,2
1745,229,1,2
1745,230,1,2
1745,231,1,2
1745,232,1,2
1745,233,1,2
1745,234,1,2
1745,235,1,2
1745,236,1,2
1745,237,1,2
1745,238,1,2
1745,239,1,2
1745,240,1,2
1745,241,1,2
1745,242,1,2
1745,243,1,2
1745,244,1,2
1745,245,1,2
1745,246,1,2
1745,247,1,2
1745,248,1,2
1745,249,1,2
1745,250,1,2
1745,251,1,2
1745,252,1,2
1745,253,1,2
1745,254,1,2
1745,255,1,2
1745,256,1,2
1745,257,1,2
1745,258,1,2
1745,259,1,2
1745,260,1,2
1745,261,1,2
1745,262,1,2
1745,263,1,2
1745,264,1,2
1745,265,1,2
1745,266,1,2
1745,267,1,2
1745,268,1,2
1745,269,1,2
1745,270,1,2
1745,271,1,2
1745,272,1,2
1745,273,1,2
1745,274,1,2
1745,275,1,2
1745,276,1,2
1745,277,1,2
1745,278,1,2
1745,279,1,2
1745,280,1,2
1745,281,1,2
1745,282,1,2
1745,283,1,2
1745,284,1,2
1745,285,1,2
1745,286,1,2
1745,287,1,2
1745,288,1,2
1745,289,1,2
1745,290,1,2
1745,291,1,2
1745,292,1,2
1745,293,1,2
1745,294,1,2
1745,295,1,2
1745,296,1,2
1745,297,1,2
1745,298,1,2
1745,299,1,2
1745,300,1,2
1745,301,1,2
1745,302,1,2
1745,303,1,2
1745,304,1,2
1745,305,1,2
1745,306,1,2
1745,307,1,2
1745,308,1,2
1745,309,1,2
1745,310,1,2
1745,311,1,2
1745,312,1,2
1745,313,1,2
1745,314,1,2
1745,315,1,2
1745,316,1,2
1745,317,1,2
1745,318,1,2
1745,319,1,2
1745,320,1,2
1745,321,1,2
1745,322,1,2
1745,323,1,2
1745,324,1,2
1745,325,1,2
1745,326,1,2
1745,327,1,2
1745,328,1,2
1745,329,1,2
1745,330,1,2
1745,331,1,2
1745,332,1,2
1745,333,1,2
1745,334,1,2
1745,335,1,2
1745,336,1,2
1745,337,1,2
1745,338,1,2
1745,339,1,2
1745,340,1,2
1745,341,1,2
1745,342,1,2
1745,343,1,2
1745,344,1,2
1745,345,1,2
1745,346,1,2
1745,347,1,2
1745,348,1,2
1745,349,1,2
1745,350,1,2
1745,351,1,2
1745,352,1,2
1745,353,1,2
1745,354,1,2
1745,355,1,2
1745,356,1,2
1745,357,1,2
1745,358,1,2
1745,359,1,2
1745,360,1,2
1745,361,1,2
1745,362,1,2
1745,363,1,2
1745,364,1,2
1745,365,1,2
1745,366,1,2
1745,367,1,2
1745,368,1,2
1745,369,1,2
1745,370,1,2
1745,371,1,2
1745,372,1,2
1745,373,1,2
1745,374,1,2
1745,375,1,2
1745,376,1,2
1745,377,1,2
1745,378,1,2
1745,379,1,2
1745,380,1,2
1745,381,1,2
1745,382,1,2
1745,383,1,2
1745,384,1,2
1745,385,1,2
1745,386,1,2
1745,387,1,2
1745,388,1,2
1745,389,1,2
1745,390,1,2
1745,391,1,2
1745,392,1,2
1745,393,1,2
1745,394,1,2
1745,395,1,2
1745,396,1,2
1745,397,1,2
1745,398,1,2
1745,399,1,2
1745,400,1,2
1745,401,1,2
1745,402,1,2
1745,403,1,2
1745,404,1,2
1745,405,1,2
1745,406,1,2
1745,407,1,2
1745,408,1,2
1745,409,1,2
1745,410,1,2
1745,411,1,2
1745,412,1,2
1745,413,1,2
1745,414,1,2
1745,415,1,2
1745,416,1,2
1745,417,1,2
1745,418,1,2
1745,419,1,2
1745,420,1,2
1745,421,1,2
1745,422,1,2
1745,423,1,2
1745,424,1,2
1745,425,1,2
1745,426,1,2
1745,427,1,2
1745,428,1,2
1745,429,1,2
1745,430,1,2
1745,431,1,2
1745,432,1,2
1745,433,1,2
1745,434,1,2
1745,435,1,2
1745,436,1,2
1745,437,1,2
1745,438,1,2
1745,439,1,2
1745,440,1,2
1745,441,1,2
1745,442,1,2
1745,443,1,2
1745,444,1,2
1745,445,1,2
1745,446,1,2
1745,447,1,2
1745,448,1,2
1745,449,1,2
1745,450,1,2
1745,451,1,2
1745,452,1,2
1745,453,1,2
1745,454,1,2
1745,455,1,2
1745,456,1,2
1745,457,1,2
1745,458,1,2
1745,459,1,2
1745,460,1,2
1745,461,1,2
1745,462,1,2
1745,463,1,2
1745,464,1,2
1745,465,1,2
1745,466,1,2
1745,467,1,2
1745,468,1,2
1745,469,1,2
1745,470,1,2
1745,471,1,2
1745,472,1,2
1745,473,1,2
1745,474,1,2
1745,475,1,2
1745,476,1,2
1745,477,1,2
1745,478,1,2
1745,479,1,2
1745,480,1,2
1745,481,1,2
1745,482,1,2
1745,483,1,2
1745,484,1,2
1745,485,1,2
1745,486,1,2
1745,487,1,2
1745,488,1,2
1745,489,1,2
1745,490,1,2
1745,491,1,2
1745,492,1,2
1745,493,1,2
1745,494,1,2
1745,495,1,2
1745,496,1,2
1745,497,1,2
1745,498,1,2
1745,499,1,2
1745,500,1,2
1745,501,1,2
1745,502,1,2
1745,503,1,2
1745,504,1,2
1745,505,1,2
1745,506,1,2
1745,507,1,2
1745,508,1,2
1745,509,1,2
1745,510,1,2
1745,511,1,2
1745,512,1,2
1745,513,1,2
1745,514,1,2
1745,515,1,2
1745,516,1,2
1745,517,1,2
1745,518,1,2
1745,519,1,2
1745,520,1,2
1745,521,1,2
1745,522,1,2
1745,523,1,2
1745,524,1,2
1745,525,1,2
1745,526,1,2
1745,527,1,2
1745,528,1,2
1745,529,1,2
1745,530,1,2
1745,531,1,2
1745,532,1,2
1745,533,1,2
1745,534,1,2
1745,535,1,2
1745,536,1,2
1745,537,1,2
1745,538,1,2
1745,539,1,2
1745,540,1,2
1745,541,1,2
1745,542,1,2
1745,543,1,2
1745,544,1,2
1745,545,1,2
1745,546,1,2
1745,547,1,2
1745,548,1,2
1745,549,1,2
1745,550,1,2
1745,551,1,2
1745,552,1,2
1745,553,1,2
1745,554,1,2
1745,555,1,2
1745,556,1,2
1745,557,1,2
1745,558,1,2
1745,559,1,2
1745,560,1,2
1745,561,1,2
1745,562,1,2
1745,563,1,2
1745,564,1,2
1745,565,1,2
1745,566,1,2
1745,567,1,2
1745,568,1,2
1745,569,1,2
1745,570,1,2
1745,571,1,2
1745,572,1,2
1745,573,1,2
1745,574,1,2
1745,575,1,2
1745,576,1,2
1745,577,1,2
1745,578,1,2
1745,579,1,2
1745,580,1,2
1745,581,1,2
1745,582,1,2
1745,583,1,2
1745,584,1,2
1745,585,1,2
1745,586,1,2
1745,587,1,2
1745,588,1,2
1745,589,1,2
1745,590,1,2
1745,591,1,2
1745,592,1,2
1745,593,1,2
1745,594,1,2
1745,595,1,2
1745,618,1,2
1745,619,1,2
1745,620,1,2
1745,621,1,2
1745,622,1,2
1745,623,1,2
1745,624,1,2
1745,625,1,2
1745,626,1,2
1745,627,1,2
1745,628,1,2
1745,629,1,2
1745,630,1,2
1745,631,1,2
1746,180,1,2
1746,181,1,2
1746,182,1,2
1746,183,1,2
1746,184,1,2
1746,185,1,2
1746,186,1,2
1746,187,1,2
1746,188,1,2
1746,189,1,2
1746,190,1,2
1746,191,1,2
1746,192,1,2
1746,193,1,2
1746,194,1,2
1746,195,1,2
1746,196,1,2
1746,197,1,2
1746,198,1,2
1746,199,1,2
1746,200,1,2
1746,201,1,2
1746,202,1,2
1746,203,1,2
1746,204,1,2
1746,205,1,2
1746,206,1,2
1746,207,1,2
1746,208,1,2
1746,209,1,2
1746,210,1,2
1746,211,1,2
1746,212,1,2
1746,213,1,2
1746,214,1,2
1746,215,1,2
1746,216,1,2
1746,217,1,2
1746,218,1,2
1746,219,1,2
1746,220,1,2
1746,221,1,2
1746,222,1,2
1746,223,1,2
1746,224,1,2
1746,225,1,2
1746,226,1,2
1746,227,1,2
1746,228,1,2
1746,229,1,2
1746,230,1,2
1746,231,1,2
1746,232,1,2
1746,233,1,2
1746,234,1,2
1746,235,1,2
1746,236,1,2
1746,237,1,2
1746,238,1,2
1746,239,1,2
1746,240,1,2
1746,241,1,2
1746,242,1,2
1746,243,1,2
1746,244,1,2
1746,245,1,2
1746,246,1,2
1746,247,1,2
1746,248,1,2
1746,249,1,2
1746,250,1,2
1746,251,1,2
1746,252,1,2
1746,253,1,2
1746,254,1,2
1746,255,1,2
1746,256,1,2
1746,257,1,2
1746,258,1,2
1746,259,1,2
1746,260,1,2
1746,261,1,2
1746,262,1,2
1746,263,1,2
1746,264,1,2
1746,265,1,2
1746,266,1,2
1746,267,1,2
1746,268,1,2
1746,269,1,2
1746,270,1,2
1746,271,1,2
1746,272,1,2
1746,273,1,2
1746,274,1,2
1746,275,1,2
1746,276,1,2
1746,277,1,2
1746,278,1,2
1746,279,1,2
1746,280,1,2
1746,281,1,2
1746,282,1,2
1746,283,1,2
1746,284,1,2
1746,285,1,2
1746,286,1,2
1746,287,1,2
1746,288,1,2
1746,289,1,2
1746,290,1,2
1746,291,1,2
1746,292,1,2
1746,293,1,2
1746,294,1,2
1746,295,1,2
1746,296,1,2
1746,297,1,2
1746,298,1,2
1746,299,1,2
1746,300,1,2
1746,301,1,2
1746,302,1,2
1746,303,1,2
1746,304,1,2
1746,305,1,2
1746,306,1,2
1746,307,1,2
1746,308,1,2
1746,309,1,2
1746,310,1,2
1746,311,1,2
1746,312,1,2
1746,313,1,2
1746,314,1,2
1746,315,1,2
1746,316,1,2
1746,317,1,2
1746,318,1,2
1746,319,1,2
1746,320,1,2
1746,321,1,2
1746,322,1,2
1746,323,1,2
1746,324,1,2
1746,325,1,2
1746,326,1,2
1746,327,1,2
1746,328,1,2
1746,329,1,2
1746,330,1,2
1746,331,1,2
1746,332,1,2
1746,333,1,2
1746,334,1,2
1746,335,1,2
1746,336,1,2
1746,337,1,2
1746,338,1,2
1746,339,1,2
1746,340,1,2
1746,341,1,2
1746,342,1,2
1746,343,1,2
1746,344,1,2
1746,345,1,2
1746,346,1,2
1746,347,1,2
1746,348,1,2
1746,349,1,2
1746,350,1,2
1746,351,1,2
1746,352,1,2
1746,353,1,2
1746,354,1,2
1746,355,1,2
1746,356,1,2
1746,357,1,2
1746,358,1,2
1746,359,1,2
1746,360,1,2
1746,361,1,2
1746,362,1,2
1746,363,1,2
1746,364,1,2
1746,365,1,2
1746,366,1,2
1746,367,1,2
1746,368,1,2
1746,369,1,2
1746,370,1,2
1746,371,1,2
1746,372,1,2
1746,373,1,2
1746,374,1,2
1746,375,1,2
1746,376,1,2
1746,377,1,2
1746,378,1,2
1746,379,1,2
1746,380,1,2
1746,381,1,2
1746,382,1,2
1746,383,1,2
1746,384,1,2
1746,385,1,2
1746,386,1,2
1746,387,1,2
1746,388,1,2
1746,389,1,2
1746,390,1,2
1746,391,1,2
1746,392,1,2
1746,393,1,2
1746,394,1,2
1746,395,1,2
1746,396,1,2
1746,397,1,2
1746,398,1,2
1746,399,1,2
1746,400,1,2
1746,401,1,2
1746,402,1,2
1746,403,1,2
1746,404,1,2
1746,405,1,2
1746,406,1,2
1746,407,1,2
1746,408,1,2
1746,409,1,2
1746,410,1,2
1746,411,1,2
1746,412,1,2
1746,413,1,2
1746,414,1,2
1746,415,1,2
1746,416,1,2
1746,417,1,2
1746,418,1,2
1746,419,1,2
1746,420,1,2
1746,421,1,2
1746,422,1,2
1746,423,1,2
1746,424,1,2
1746,425,1,2
1746,426,1,2
1746,427,1,2
1746,428,1,2
1746,429,1,2
1746,430,1,2
1746,431,1,2
1746,432,1,2
1746,433,1,2
1746,434,1,2
1746,435,1,2
1746,436,1,2
1746,437,1,2
1746,438,1,2
1746,439,1,2
1746,440,1,2
1746,441,1,2
1746,442,1,2
1746,443,1,2
1746,444,1,2
1746,445,1,2
1746,446,1,2
1746,447,1,2
1746,448,1,2
1746,449,1,2
1746,450,1,2
1746,451,1,2
1746,452,1,2
1746,453,1,2
1746,454,1,2
1746,455,1,2
1746,456,1,2
1746,457,1,2
1746,458,1,2
1746,459,1,2
1746,460,1,2
1746,461,1,2
1746,462,1,2
1746,463,1,2
1746,464,1,2
1746,465,1,2
1746,466,1,2
1746,467,1,2
1746,468,1,2
1746,469,1,2
1746,470,1,2
1746,471,1,2
1746,472,1,2
1746,473,1,2
1746,474,1,2
1746,475,1,2
1746,476,1,2
1746,477,1,2
1746,478,1,2
1746,479,1,2
1746,480,1,2
1746,481,1,2
1746,482,1,2
1746,483,1,2
1746,484,1,2
1746,485,1,2
1746,486,1,2
1746,487,1,2
1746,488,1,2
1746,489,1,2
1746,490,1,2
1746,491,1,2
1746,492,1,2
1746,493,1,2
1746,494,1,2
1746,495,1,2
1746,496,1,2
1746,497,1,2
1746,498,1,2
1746,499,1,2
1746,500,1,2
1746,501,1,2
1746,502,1,2
1746,503,1,2
1746,504,1,2
1746,505,1,2
1746,506,1,2
1746,507,1,2
1746,508,1,2
1746,509,1,2
1746,510,1,2
1746,511,1,2
1746,512,1,2
1746,513,1,2
1746,514,1,2
1746,515,1,2
1746,516,1,2
1746,517,1,2
1746,518,1,2
1746,519,1,2
1746,520,1,2
1746,521,1,2
1746,522,1,2
1746,523,1,2
1746,524,1,2
1746,525,1,2
1746,526,1,2
1746,527,1,2
1746,528,1,2
1746,529,1,2
1746,530,1,2
1746,531,1,2
1746,532,1,2
1746,533,1,2
1746,534,1,2
1746,535,1,2
1746,536,1,2
1746,537,1,2
1746,538,1,2
1746,539,1,2
1746,540,1,2
1746,541,1,2
1746,542,1,2
1746,543,1,2
1746,544,1,2
1746,545,1,2
1746,546,1,2
1746,547,1,2
1746,548,1,2
1746,549,1,2
1746,550,1,2
1746,551,1,2
1746,552,1,2
1746,553,1,2
1746,554,1,2
1746,555,1,2
1746,556,1,2
1746,557,1,2
1746,558,1,2
1746,559,1,2
1746,560,1,2
1746,561,1,2
1746,562,1,2
1746,563,1,2
1746,564,1,2
1746,565,1,2
1746,566,1,2
1746,567,1,2
1746,568,1,2
1746,569,1,2
1746,570,1,2
1746,571,1,2
1746,572,1,2
1746,573,1,2
1746,574,1,2
1746,575,1,2
1746,576,1,2
1746,577,1,2
1746,578,1,2
1746,579,1,2
1746,580,1,2
1746,581,1,2
1746,582,1,2
1746,583,1,2
1746,584,1,2
1746,585,1,2
1746,586,1,2
1746,587,1,2
1746,588,1,2
1746,589,1,2
1746,590,1,2
1746,591,1,2
1746,592,1,2
1746,593,1,2
1746,594,1,2
1746,595,1,2
1746,596,1,2
1746,618,1,2
1746,619,1,2
1746,620,1,2
1746,621,1,2
1746,622,1,2
1746,623,1,2
1746,624,1,2
1746,625,1,2
1746,626,1,2
1746,627,1,2
1746,628,1,2
1746,629,1,2
1746,630,1,2
1746,631,1,2
1747,179,1,2
1747,180,1,2
1747,181,1,2
1747,182,1,2
1747,183,1,2
1747,184,1,2
1747,185,1,2
1747,186,1,2
1747,187,1,2
1747,188,1,2
1747,189,1,2
1747,190,1,2
1747,191,1,2
1747,192,1,2
1747,193,1,2
1747,194,1,2
1747,195,1,2
1747,196,1,2
1747,197,1,2
1747,198,1,2
1747,199,1,2
1747,200,1,2
1747,201,1,2
1747,202,1,2
1747,203,1,2
1747,204,1,2
1747,205,1,2
1747,206,1,2
1747,207,1,2
1747,208,1,2
1747,209,1,2
1747,210,1,2
1747,211,1,2
1747,212,1,2
1747,213,1,2
1747,214,1,2
1747,215,1,2
1747,216,1,2
1747,217,1,2
1747,218,1,2
1747,219,1,2
1747,220,1,2
1747,221,1,2
1747,222,1,2
1747,223,1,2
1747,224,1,2
1747,225,1,2
1747,226,1,2
1747,227,1,2
1747,228,1,2
1747,229,1,2
1747,230,1,2
1747,231,1,2
1747,232,1,2
1747,233,1,2
1747,234,1,2
1747,235,1,2
1747,236,1,2
1747,237,1,2
1747,238,1,2
1747,239,1,2
1747,240,1,2
1747,241,1,2
1747,242,1,2
1747,243,1,2
1747,244,1,2
1747,245,1,2
1747,246,1,2
1747,247,1,2
1747,248,1,2
1747,249,1,2
1747,250,1,2
1747,251,1,2
1747,252,1,2
1747,253,1,2
1747,254,1,2
1747,255,1,2
1747,256,1,2
1747,257,1,2
1747,258,1,2
1747,259,1,2
1747,260,1,2
1747,261,1,2
1747,262,1,2
1747,263,1,2
1747,264,1,2
1747,265,1,2
1747,266,1,2
1747,267,1,2
1747,268,1,2
1747,269,1,2
1747,270,1,2
1747,271,1,2
1747,272,1,2
1747,273,1,2
1747,274,1,2
1747,275,1,2
1747,276,1,2
1747,277,1,2
1747,278,1,2
1747,279,1,2
1747,280,1,2
1747,281,1,2
1747,282,1,2
1747,283,1,2
1747,284,1,2
1747,285,1,2
1747,286,1,2
1747,287,1,2
1747,288,1,2
1747,289,1,2
1747,290,1,2
1747,291,1,2
1747,292,1,2
1747,293,1,2
1747,294,1,2
1747,295,1,2
1747,296,1,2
1747,297,1,2
1747,298,1,2
1747,299,1,2
1747,300,1,2
1747,301,1,2
1747,302,1,2
1747,303,1,2
1747,304,1,2
1747,305,1,2
1747,306,1,2
1747,307,1,2
1747,308,1,2
1747,309,1,2
1747,310,1,2
1747,311,1,2
1747,312,1,2
1747,313,1,2
1747,314,1,2
1747,315,1,2
1747,316,1,2
1747,317,1,2
1747,318,1,2
1747,319,1,2
1747,320,1,2
1747,321,1,2
1747,322,1,2
1747,323,1,2
1747,324,1,2
1747,325,1,2
1747,326,1,2
1747,327,1,2
1747,328,1,2
1747,329,1,2
1747,330,1,2
1747,331,1,2
1747,332,1,2
1747,333,1,2
1747,334,1,2
1747,335,1,2
1747,336,1,2
1747,337,1,2
1747,338,1,2
1747,339,1,2
1747,340,1,2
1747,341,1,2
1747,342,1,2
1747,343,1,2
1747,344,1,2
1747,345,1,2
1747,346,1,2
1747,347,1,2
1747,348,1,2
1747,349,1,2
1747,350,1,2
1747,351,1,2
1747,352,1,2
1747,353,1,2
1747,354,1,2
1747,355,1,2
1747,356,1,2
1747,357,1,2
1747,358,1,2
1747,359,1,2
1747,360,1,2
1747,361,1,2
1747,362,1,2
1747,363,1,2
1747,364,1,2
1747,365,1,2
1747,366,1,2
1747,367,1,2
1747,368,1,2
1747,369,1,2
1747,370,1,2
1747,371,1,2
1747,372,1,2
1747,373,1,2
1747,374,1,2
1747,375,1,2
1747,376,1,2
1747,377,1,2
1747,378,1,2
1747,379,1,2
1747,380,1,2
1747,381,1,2
1747,382,1,2
1747,383,1,2
1747,384,1,2
1747,385,1,2
1747,386,1,2
1747,387,1,2
1747,388,1,2
1747,389,1,2
1747,390,1,2
1747,391,1,2
1747,392,1,2
1747,393,1,2
1747,394,1,2
1747,395,1,2
1747,396,1,2
1747,397,1,2
1747,398,1,2
1747,399,1,2
1747,400,1,2
1747,401,1,2
1747,402,1,2
1747,403,1,2
1747,404,1,2
1747,405,1,2
1747,406,1,2
1747,407,1,2
1747,408,1,2
1747,409,1,2
1747,410,1,2
1747,411,1,2
1747,412,1,2
1747,413,1,2
1747,414,1,2
1747,415,1,2
1747,416,1,2
1747,417,1,2
1747,418,1,2
1747,419,1,2
1747,420,1,2
1747,421,1,2
1747,422,1,2
1747,423,1,2
1747,424,1,2
1747,425,1,2
1747,426,1,2
1747,427,1,2
1747,428,1,2
1747,429,1,2
1747,430,1,2
1747,431,1,2
1747,432,1,2
1747,433,1,2
1747,434,1,2
1747,435,1,2
1747,436,1,2
1747,437,1,2
1747,438,1,2
1747,439,1,2
1747,440,1,2
1747,441,1,2
1747,442,1,2
1747,443,1,2
1747,444,1,2
1747,445,1,2
1747,446,1,2
1747,447,1,2
1747,448,1,2
1747,449,1,2
1747,450,1,2
1747,451,1,2
1747,452,1,2
1747,453,1,2
1747,454,1,2
1747,455,1,2
1747,456,1,2
1747,457,1,2
1747,458,1,2
1747,459,1,2
1747,460,1,2
1747,461,1,2
1747,462,1,2
1747,463,1,2
1747,464,1,2
1747,465,1,2
1747,466,1,2
1747,467,1,2
1747,468,1,2
1747,469,1,2
1747,470,1,2
1747,471,1,2
1747,472,1,2
1747,473,1,2
1747,474,1,2
1747,475,1,2
1747,476,1,2
1747,477,1,2
1747,478,1,2
1747,479,1,2
1747,480,1,2
1747,481,1,2
1747,482,1,2
1747,483,1,2
1747,484,1,2
1747,485,1,2
1747,486,1,2
1747,487,1,2
1747,488,1,2
1747,489,1,2
1747,490,1,2
1747,491,1,2
1747,492,1,2
1747,493,1,2
1747,494,1,2
1747,495,1,2
1747,496,1,2
1747,497,1,2
1747,498,1,2
1747,499,1,2
1747,500,1,2
1747,501,1,2
1747,502,1,2
1747,503,1,2
1747,504,1,2
1747,505,1,2
1747,506,1,2
1747,507,1,2
1747,508,1,2
1747,509,1,2
1747,510,1,2
1747,511,1,2
1747,512,1,2
1747,513,1,2
1747,514,1,2
1747,515,1,2
1747,516,1,2
1747,517,1,2
1747,518,1,2
1747,519,1,2
1747,520,1,2
1747,521,1,2
1747,522,1,2
1747,523,1,2
1747,524,1,2
1747,525,1,2
1747,526,1,2
1747,527,1,2
1747,528,1,2
1747,529,1,2
1747,530,1,2
1747,531,1,2
1747,532,1,2
1747,533,1,2
1747,534,1,2
1747,535,1,2
1747,536,1,2
1747,537,1,2
1747,538,1,2
1747,539,1,2
1747,540,1,2
1747,541,1,2
1747,542,1,2
1747,543,1,2
1747,544,1,2
1747,545,1,2
1747,546,1,2
1747,547,1,2
1747,548,1,2
1747,549,1,2
1747,550,1,2
1747,551,1,2
1747,552,1,2
1747,553,1,2
1747,554,1,2
1747,555,1,2
1747,556,1,2
1747,557,1,2
1747,558,1,2
1747,559,1,2
1747,560,1,2
1747,561,1,2
1747,562,1,2
1747,563,1,2
1747,564,1,2
1747,565,1,2
1747,566,1,2
1747,567,1,2
1747,568,1,2
1747,569,1,2
1747,570,1,2
1747,571,1,2
1747,572,1,2
1747,573,1,2
1747,574,1,2
1747,575,1,2
1747,576,1,2
1747,577,1,2
1747,578,1,2
1747,579,1,2
1747,580,1,2
1747,581,1,2
1747,582,1,2
1747,583,1,2
1747,584,1,2
1747,585,1,2
1747,586,1,2
1747,587,1,2
1747,588,1,2
1747,589,1,2
1747,590,1,2
1747,591,1,2
1747,592,1,2
1747,593,1,2
1747,594,1,2
1747,595,1,2
1747,616,1,2
1747,617,1,2
1747,618,1,2
1747,619,1,2
1747,620,1,2
1747,621,1,2
1747,622,1,2
1747,623,1,2
1747,624,1,2
1747,625,1,2
1747,626,1,2
1747,627,1,2
1747,628,1,2
1747,629,1,2
1747,630,1,2
1748,178,1,2
1748,179,1,2
1748,180,1,2
1748,181,1,2
1748,182,1,2
1748,183,1,2
1748,184,1,2
1748,185,1,2
1748,186,1,2
1748,187,1,2
1748,188,1,2
1748,189,1,2
1748,190,1,2
1748,191,1,2
1748,192,1,2
1748,193,1,2
1748,194,1,2
1748,195,1,2
1748,196,1,2
1748,197,1,2
1748,198,1,2
1748,199,1,2
1748,200,1,2
1748,201,1,2
1748,202,1,2
1748,203,1,2
1748,204,1,2
1748,205,1,2
1748,206,1,2
1748,207,1,2
1748,208,1,2
1748,209,1,2
1748,210,1,2
1748,211,1,2
1748,212,1,2
1748,213,1,2
1748,214,1,2
1748,215,1,2
1748,216,1,2
1748,217,1,2
1748,218,1,2
1748,219,1,2
1748,220,1,2
1748,221,1,2
1748,222,1,2
1748,223,1,2
1748,224,1,2
1748,225,1,2
1748,226,1,2
1748,227,1,2
1748,228,1,2
1748,229,1,2
1748,230,1,2
1748,231,1,2
1748,232,1,2
1748,233,1,2
1748,234,1,2
1748,235,1,2
1748,236,1,2
1748,237,1,2
1748,238,1,2
1748,239,1,2
1748,240,1,2
1748,241,1,2
1748,242,1,2
1748,243,1,2
1748,244,1,2
1748,245,1,2
1748,246,1,2
1748,247,1,2
1748,248,1,2
1748,249,1,2
1748,250,1,2
1748,251,1,2
1748,252,1,2
1748,253,1,2
1748,254,1,2
1748,255,1,2
1748,256,1,2
1748,257,1,2
1748,258,1,2
1748,259,1,2
1748,260,1,2
1748,261,1,2
1748,262,1,2
1748,263,1,2
1748,264,1,2
1748,265,1,2
1748,266,1,2
1748,267,1,2
1748,268,1,2
1748,269,1,2
1748,270,1,2
1748,271,1,2
1748,272,1,2
1748,273,1,2
1748,274,1,2
1748,275,1,2
1748,276,1,2
1748,277,1,2
1748,278,1,2
1748,279,1,2
1748,280,1,2
1748,281,1,2
1748,282,1,2
1748,283,1,2
1748,284,1,2
1748,285,1,2
1748,286,1,2
1748,287,1,2
1748,288,1,2
1748,289,1,2
1748,290,1,2
1748,291,1,2
1748,292,1,2
1748,293,1,2
1748,294,1,2
1748,295,1,2
1748,296,1,2
1748,297,1,2
1748,298,1,2
1748,299,1,2
1748,300,1,2
1748,301,1,2
1748,302,1,2
1748,303,1,2
1748,304,1,2
1748,305,1,2
1748,306,1,2
1748,307,1,2
1748,308,1,2
1748,309,1,2
1748,310,1,2
1748,311,1,2
1748,312,1,2
1748,313,1,2
1748,314,1,2
1748,315,1,2
1748,316,1,2
1748,317,1,2
1748,318,1,2
1748,319,1,2
1748,320,1,2
1748,321,1,2
1748,322,1,2
1748,323,1,2
1748,324,1,2
1748,325,1,2
1748,326,1,2
1748,327,1,2
1748,328,1,2
1748,329,1,2
1748,330,1,2
1748,331,1,2
1748,332,1,2
1748,333,1,2
1748,334,1,2
1748,335,1,2
1748,336,1,2
1748,337,1,2
1748,338,1,2
1748,339,1,2
1748,340,1,2
1748,341,1,2
1748,342,1,2
1748,343,1,2
1748,344,1,2
1748,345,1,2
1748,346,1,2
1748,347,1,2
1748,348,1,2
1748,349,1,2
1748,350,1,2
1748,351,1,2
1748,352,1,2
1748,353,1,2
1748,354,1,2
1748,355,1,2
1748,356,1,2
1748,357,1,2
1748,358,1,2
1748,359,1,2
1748,360,1,2
1748,361,1,2
1748,362,1,2
1748,363,1,2
1748,364,1,2
1748,365,1,2
1748,366,1,2
1748,367,1,2
1748,368,1,2
1748,369,1,2
1748,370,1,2
1748,371,1,2
1748,372,1,2
1748,373,1,2
1748,374,1,2
1748,375,1,2
1748,376,1,2
1748,377,1,2
1748,378,1,2
1748,379,1,2
1748,380,1,2
1748,381,1,2
1748,382,1,2
1748,383,1,2
1748,384,1,2
1748,385,1,2
1748,386,1,2
1748,387,1,2
1748,388,1,2
1748,389,1,2
1748,390,1,2
1748,391,1,2
1748,392,1,2
1748,393,1,2
1748,394,1,2
1748,395,1,2
1748,396,1,2
1748,397,1,2
1748,398,1,2
1748,399,1,2
1748,400,1,2
1748,401,1,2
1748,402,1,2
1748,403,1,2
1748,404,1,2
1748,405,1,2
1748,406,1,2
1748,407,1,2
1748,408,1,2
1748,409,1,2
1748,410,1,2
1748,411,1,2
1748,412,1,2
1748,413,1,2
1748,414,1,2
1748,415,1,2
1748,416,1,2
1748,417,1,2
1748,418,1,2
1748,419,1,2
1748,420,1,2
1748,421,1,2
1748,422,1,2
1748,423,1,2
1748,424,1,2
1748,425,1,2
1748,426,1,2
1748,427,1,2
1748,428,1,2
1748,429,1,2
1748,430,1,2
1748,431,1,2
1748,432,1,2
1748,433,1,2
1748,434,1,2
1748,435,1,2
1748,436,1,2
1748,437,1,2
1748,438,1,2
1748,439,1,2
1748,440,1,2
1748,441,1,2
1748,442,1,2
1748,443,1,2
1748,444,1,2
1748,445,1,2
1748,446,1,2
1748,447,1,2
1748,448,1,2
1748,449,1,2
1748,450,1,2
1748,451,1,2
1748,452,1,2
1748,453,1,2
1748,454,1,2
1748,455,1,2
1748,456,1,2
1748,457,1,2
1748,458,1,2
1748,459,1,2
1748,460,1,2
1748,461,1,2
1748,462,1,2
1748,463,1,2
1748,464,1,2
1748,465,1,2
1748,466,1,2
1748,467,1,2
1748,468,1,2
1748,469,1,2
1748,470,1,2
1748,471,1,2
1748,472,1,2
1748,473,1,2
1748,474,1,2
1748,475,1,2
1748,476,1,2
1748,477,1,2
1748,478,1,2
1748,479,1,2
1748,480,1,2
1748,481,1,2
1748,482,1,2
1748,483,1,2
1748,484,1,2
1748,485,1,2
1748,486,1,2
1748,487,1,2
1748,488,1,2
1748,489,1,2
1748,490,1,2
1748,491,1,2
1748,492,1,2
1748,493,1,2
1748,494,1,2
1748,495,1,2
1748,496,1,2
1748,497,1,2
1748,498,1,2
1748,499,1,2
1748,500,1,2
1748,501,1,2
1748,502,1,2
1748,503,1,2
1748,504,1,2
1748,505,1,2
1748,506,1,2
1748,507,1,2
1748,508,1,2
1748,509,1,2
1748,510,1,2
1748,511,1,2
1748,512,1,2
1748,513,1,2
1748,514,1,2
1748,515,1,2
1748,516,1,2
1748,517,1,2
1748,518,1,2
1748,519,1,2
1748,520,1,2
1748,521,1,2
1748,522,1,2
1748,523,1,2
1748,524,1,2
1748,525,1,2
1748,526,1,2
1748,527,1,2
1748,528,1,2
1748,529,1,2
1748,530,1,2
1748,531,1,2
1748,532,1,2
1748,533,1,2
1748,534,1,2
1748,535,1,2
1748,536,1,2
1748,537,1,2
1748,538,1,2
1748,539,1,2
1748,540,1,2
1748,541,1,2
1748,542,1,2
1748,543,1,2
1748,544,1,2
1748,545,1,2
1748,546,1,2
1748,547,1,2
1748,548,1,2
1748,549,1,2
1748,550,1,2
1748,551,1,2
1748,552,1,2
1748,553,1,2
1748,554,1,2
1748,555,1,2
1748,556,1,2
1748,557,1,2
1748,558,1,2
1748,559,1,2
1748,560,1,2
1748,561,1,2
1748,562,1,2
1748,563,1,2
1748,564,1,2
1748,565,1,2
1748,566,1,2
1748,567,1,2
1748,568,1,2
1748,569,1,2
1748,570,1,2
1748,571,1,2
1748,572,1,2
1748,573,1,2
1748,574,1,2
1748,575,1,2
1748,576,1,2
1748,577,1,2
1748,578,1,2
1748,579,1,2
1748,580,1,2
1748,581,1,2
1748,582,1,2
1748,583,1,2
1748,584,1,2
1748,585,1,2
1748,586,1,2
1748,587,1,2
1748,588,1,2
1748,589,1,2
1748,590,1,2
1748,591,1,2
1748,592,1,2
1748,593,1,2
1748,594,1,2
1748,595,1,2
1748,596,1,2
1748,614,1,2
1748,615,1,2
1748,616,1,2
1748,617,1,2
1748,618,1,2
1748,619,1,2
1748,620,1,2
1748,621,1,2
1748,622,1,2
1748,623,1,2
1748,624,1,2
1748,625,1,2
1748,626,1,2
1748,627,1,2
1748,628,1,2
1748,629,1,2
1748,630,1,2
1748,631,1,2
1748,632,1,2
1748,633,1,2
1748,634,1,2
1748,635,1,2
1748,636,1,2
1749,177,1,2
1749,178,1,2
1749,179,1,2
1749,180,1,2
1749,181,1,2
1749,182,1,2
1749,183,1,2
1749,184,1,2
1749,185,1,2
1749,186,1,2
1749,187,1,2
1749,188,1,2
1749,189,1,2
1749,190,1,2
1749,191,1,2
1749,192,1,2
1749,193,1,2
1749,194,1,2
1749,195,1,2
1749,196,1,2
1749,197,1,2
1749,198,1,2
1749,199,1,2
1749,200,1,2
1749,201,1,2
1749,202,1,2
1749,203,1,2
1749,204,1,2
1749,205,1,2
1749,206,1,2
1749,207,1,2
1749,208,1,2
1749,209,1,2
1749,210,1,2
1749,211,1,2
1749,212,1,2
1749,213,1,2
1749,214,1,2
1749,215,1,2
1749,216,1,2
1749,217,1,2
1749,218,1,2
1749,219,1,2
1749,220,1,2
1749,221,1,2
1749,222,1,2
1749,223,1,2
1749,224,1,2
1749,225,1,2
1749,226,1,2
1749,227,1,2
1749,228,1,2
1749,229,1,2
1749,230,1,2
1749,231,1,2
1749,232,1,2
1749,233,1,2
1749,234,1,2
1749,235,1,2
1749,236,1,2
1749,237,1,2
1749,238,1,2
1749,239,1,2
1749,240,1,2
1749,241,1,2
1749,242,1,2
1749,243,1,2
1749,244,1,2
1749,245,1,2
1749,246,1,2
1749,247,1,2
1749,248,1,2
1749,249,1,2
1749,250,1,2
1749,251,1,2
1749,252,1,2
1749,253,1,2
1749,254,1,2
1749,255,1,2
1749,256,1,2
1749,257,1,2
1749,258,1,2
1749,259,1,2
1749,260,1,2
1749,261,1,2
1749,262,1,2
1749,263,1,2
1749,264,1,2
1749,265,1,2
1749,266,1,2
1749,267,1,2
1749,268,1,2
1749,269,1,2
1749,270,1,2
1749,271,1,2
1749,272,1,2
1749,273,1,2
1749,274,1,2
1749,275,1,2
1749,276,1,2
1749,277,1,2
1749,278,1,2
1749,279,1,2
1749,280,1,2
1749,281,1,2
1749,282,1,2
1749,283,1,2
1749,284,1,2
1749,285,1,2
1749,286,1,2
1749,287,1,2
1749,288,1,2
1749,289,1,2
1749,290,1,2
1749,291,1,2
1749,292,1,2
1749,293,1,2
1749,294,1,2
1749,295,1,2
1749,296,1,2
1749,297,1,2
1749,298,1,2
1749,299,1,2
1749,300,1,2
1749,301,1,2
1749,302,1,2
1749,303,1,2
1749,304,1,2
1749,305,1,2
1749,306,1,2
1749,307,1,2
1749,308,1,2
1749,309,1,2
1749,310,1,2
1749,311,1,2
1749,312,1,2
1749,313,1,2
1749,314,1,2
1749,315,1,2
1749,316,1,2
1749,317,1,2
1749,318,1,2
1749,319,1,2
1749,320,1,2
1749,321,1,2
1749,322,1,2
1749,323,1,2
1749,324,1,2
1749,325,1,2
1749,326,1,2
1749,327,1,2
1749,328,1,2
1749,329,1,2
1749,330,1,2
1749,331,1,2
1749,332,1,2
1749,333,1,2
1749,334,1,2
1749,335,1,2
1749,336,1,2
1749,337,1,2
1749,338,1,2
1749,339,1,2
1749,340,1,2
1749,341,1,2
1749,342,1,2
1749,343,1,2
1749,344,1,2
1749,345,1,2
1749,346,1,2
1749,347,1,2
1749,348,1,2
1749,349,1,2
1749,350,1,2
1749,351,1,2
1749,352,1,2
1749,353,1,2
1749,354,1,2
1749,355,1,2
1749,356,1,2
1749,357,1,2
1749,358,1,2
1749,359,1,2
1749,360,1,2
1749,361,1,2
1749,362,1,2
1749,363,1,2
1749,364,1,2
1749,365,1,2
1749,366,1,2
1749,367,1,2
1749,368,1,2
1749,369,1,2
1749,370,1,2
1749,371,1,2
1749,372,1,2
1749,373,1,2
1749,374,1,2
1749,375,1,2
1749,376,1,2
1749,377,1,2
1749,378,1,2
1749,379,1,2
1749,380,1,2
1749,381,1,2
1749,382,1,2
1749,383,1,2
1749,384,1,2
1749,385,1,2
1749,386,1,2
1749,387,1,2
1749,388,1,2
1749,389,1,2
1749,390,1,2
1749,391,1,2
1749,392,1,2
1749,393,1,2
1749,394,1,2
1749,395,1,2
1749,396,1,2
1749,397,1,2
1749,398,1,2
1749,399,1,2
1749,400,1,2
1749,401,1,2
1749,402,1,2
1749,403,1,2
1749,404,1,2
1749,405,1,2
1749,406,1,2
1749,407,1,2
1749,408,1,2
1749,409,1,2
1749,410,1,2
1749,411,1,2
1749,412,1,2
1749,413,1,2
1749,414,1,2
1749,415,1,2
1749,416,1,2
1749,417,1,2
1749,418,1,2
1749,419,1,2
1749,420,1,2
1749,421,1,2
1749,422,1,2
1749,423,1,2
1749,424,1,2
1749,425,1,2
1749,426,1,2
1749,427,1,2
1749,428,1,2
1749,429,1,2
1749,430,1,2
1749,431,1,2
1749,432,1,2
1749,433,1,2
1749,434,1,2
1749,435,1,2
1749,436,1,2
1749,437,1,2
1749,438,1,2
1749,439,1,2
1749,440,1,2
1749,441,1,2
1749,442,1,2
1749,443,1,2
1749,444,1,2
1749,445,1,2
1749,446,1,2
1749,447,1,2
1749,448,1,2
1749,449,1,2
1749,450,1,2
1749,451,1,2
1749,452,1,2
1749,453,1,2
1749,454,1,2
1749,455,1,2
1749,456,1,2
1749,457,1,2
1749,458,1,2
1749,459,1,2
1749,460,1,2
1749,461,1,2
1749,462,1,2
1749,463,1,2
1749,464,1,2
1749,465,1,2
1749,466,1,2
1749,467,1,2
1749,468,1,2
1749,469,1,2
1749,470,1,2
1749,471,1,2
1749,472,1,2
1749,473,1,2
1749,474,1,2
1749,475,1,2
1749,476,1,2
1749,477,1,2
1749,478,1,2
1749,479,1,2
1749,480,1,2
1749,481,1,2
1749,482,1,2
1749,483,1,2
1749,484,1,2
1749,485,1,2
1749,486,1,2
1749,487,1,2
1749,488,1,2
1749,489,1,2
1749,490,1,2
1749,491,1,2
1749,492,1,2
1749,493,1,2
1749,494,1,2
1749,495,1,2
1749,496,1,2
1749,497,1,2
1749,498,1,2
1749,499,1,2
1749,500,1,2
1749,501,1,2
1749,502,1,2
1749,503,1,2
1749,504,1,2
1749,505,1,2
1749,506,1,2
1749,507,1,2
1749,508,1,2
1749,509,1,2
1749,510,1,2
1749,511,1,2
1749,512,1,2
1749,513,1,2
1749,514,1,2
1749,515,1,2
1749,516,1,2
1749,517,1,2
1749,518,1,2
1749,519,1,2
1749,520,1,2
1749,521,1,2
1749,522,1,2
1749,523,1,2
1749,524,1,2
1749,525,1,2
1749,526,1,2
1749,527,1,2
1749,528,1,2
1749,529,1,2
1749,530,1,2
1749,531,1,2
1749,532,1,2
1749,533,1,2
1749,534,1,2
1749,535,1,2
1749,536,1,2
1749,537,1,2
1749,538,1,2
1749,539,1,2
1749,540,1,2
1749,541,1,2
1749,542,1,2
1749,543,1,2
1749,544,1,2
1749,545,1,2
1749,546,1,2
1749,547,1,2
1749,548,1,2
1749,549,1,2
1749,550,1,2
1749,551,1,2
1749,552,1,2
1749,553,1,2
1749,554,1,2
1749,555,1,2
1749,556,1,2
1749,557,1,2
1749,558,1,2
1749,559,1,2
1749,560,1,2
1749,561,1,2
1749,562,1,2
1749,563,1,2
1749,564,1,2
1749,565,1,2
1749,566,1,2
1749,567,1,2
1749,568,1,2
1749,569,1,2
1749,570,1,2
1749,571,1,2
1749,572,1,2
1749,573,1,2
1749,574,1,2
1749,575,1,2
1749,576,1,2
1749,577,1,2
1749,578,1,2
1749,579,1,2
1749,580,1,2
1749,581,1,2
1749,582,1,2
1749,583,1,2
1749,584,1,2
1749,585,1,2
1749,586,1,2
1749,587,1,2
1749,588,1,2
1749,589,1,2
1749,590,1,2
1749,591,1,2
1749,592,1,2
1749,593,1,2
1749,594,1,2
1749,595,1,2
1749,596,1,2
1749,613,1,2
1749,614,1,2
1749,615,1,2
1749,616,1,2
1749,617,1,2
1749,618,1,2
1749,619,1,2
1749,620,1,2
1749,621,1,2
1749,622,1,2
1749,623,1,2
1749,624,1,2
1749,625,1,2
1749,626,1,2
1749,627,1,2
1749,628,1,2
1749,629,1,2
1749,630,1,2
1749,631,1,2
1749,632,1,2
1749,633,1,2
1749,634,1,2
1749,635,1,2
1749,636,1,2
1749,637,1,2
1749,638,1,2
1749,639,1,2
1750,176,1,2
1750,177,1,2
1750,178,1,2
1750,179,1,2
1750,180,1,2
1750,181,1,2
1750,182,1,2
1750,183,1,2
1750,184,1,2
1750,185,1,2
1750,186,1,2
1750,187,1,2
1750,188,1,2
1750,189,1,2
1750,190,1,2
1750,191,1,2
1750,192,1,2
1750,193,1,2
1750,194,1,2
1750,195,1,2
1750,196,1,2
1750,197,1,2
1750,198,1,2
1750,199,1,2
1750,200,1,2
1750,201,1,2
1750,202,1,2
1750,203,1,2
1750,204,1,2
1750,205,1,2
1750,206,1,2
1750,207,1,2
1750,208,1,2
1750,209,1,2
1750,210,1,2
1750,211,1,2
1750,212,1,2
1750,213,1,2
1750,214,1,2
1750,215,1,2
1750,216,1,2
1750,217,1,2
1750,218,1,2
1750,219,1,2
1750,220,1,2
1750,221,1,2
1750,222,1,2
1750,223,1,2
1750,224,1,2
1750,225,1,2
1750,226,1,2
1750,227,1,2
1750,228,1,2
1750,229,1,2
1750,230,1,2
1750,231,1,2
1750,232,1,2
1750,233,1,2
1750,234,1,2
1750,235,1,2
1750,236,1,2
1750,237,1,2
1750,238,1,2
1750,239,1,2
1750,240,1,2
1750,241,1,2
1750,242,1,2
1750,243,1,2
1750,244,1,2
1750,245,1,2
1750,246,1,2
1750,247,1,2
1750,248,1,2
1750,249,1,2
1750,250,1,2
1750,251,1,2
1750,252,1,2
1750,253,1,2
1750,254,1,2
1750,255,1,2
1750,256,1,2
1750,257,1,2
1750,258,1,2
1750,259,1,2
1750,260,1,2
1750,261,1,2
1750,262,1,2
1750,263,1,2
1750,264,1,2
1750,265,1,2
1750,266,1,2
1750,267,1,2
1750,268,1,2
1750,269,1,2
1750,270,1,2
1750,271,1,2
1750,272,1,2
1750,273,1,2
1750,274,1,2
1750,275,1,2
1750,276,1,2
1750,277,1,2
1750,278,1,2
1750,279,1,2
1750,280,1,2
1750,281,1,2
1750,282,1,2
1750,283,1,2
1750,284,1,2
1750,285,1,2
1750,286,1,2
1750,287,1,2
1750,288,1,2
1750,289,1,2
1750,290,1,2
1750,291,1,2
1750,292,1,2
1750,293,1,2
1750,294,1,2
1750,295,1,2
1750,296,1,2
1750,297,1,2
1750,298,1,2
1750,299,1,2
1750,300,1,2
1750,301,1,2
1750,302,1,2
1750,303,1,2
1750,304,1,2
1750,305,1,2
1750,306,1,2
1750,307,1,2
1750,308,1,2
1750,309,1,2
1750,310,1,2
1750,311,1,2
1750,312,1,2
1750,313,1,2
1750,314,1,2
1750,315,1,2
1750,316,1,2
1750,317,1,2
1750,318,1,2
1750,319,1,2
1750,320,1,2
1750,321,1,2
1750,322,1,2
1750,323,1,2
1750,324,1,2
1750,325,1,2
1750,326,1,2
1750,327,1,2
1750,328,1,2
1750,329,1,2
1750,330,1,2
1750,331,1,2
1750,332,1,2
1750,333,1,2
1750,334,1,2
1750,335,1,2
1750,336,1,2
1750,337,1,2
1750,338,1,2
1750,339,1,2
1750,340,1,2
1750,341,1,2
1750,342,1,2
1750,343,1,2
1750,344,1,2
1750,345,1,2
1750,346,1,2
1750,347,1,2
1750,348,1,2
1750,349,1,2
1750,350,1,2
1750,351,1,2
1750,352,1,2
1750,353,1,2
1750,354,1,2
1750,355,1,2
1750,356,1,2
1750,357,1,2
1750,358,1,2
1750,359,1,2
1750,360,1,2
1750,361,1,2
1750,362,1,2
1750,363,1,2
1750,364,1,2
1750,365,1,2
1750,366,1,2
1750,367,1,2
1750,368,1,2
1750,369,1,2
1750,370,1,2
1750,371,1,2
1750,372,1,2
1750,373,1,2
1750,374,1,2
1750,375,1,2
1750,376,1,2
1750,377,1,2
1750,378,1,2
1750,379,1,2
1750,380,1,2
1750,381,1,2
1750,382,1,2
1750,383,1,2
1750,384,1,2
1750,385,1,2
1750,386,1,2
1750,387,1,2
1750,388,1,2
1750,389,1,2
1750,390,1,2
1750,391,1,2
1750,392,1,2
1750,393,1,2
1750,394,1,2
1750,395,1,2
1750,396,1,2
1750,397,1,2
1750,398,1,2
1750,399,1,2
1750,400,1,2
1750,401,1,2
1750,402,1,2
1750,403,1,2
1750,404,1,2
1750,405,1,2
1750,406,1,2
1750,407,1,2
1750,408,1,2
1750,409,1,2
1750,410,1,2
1750,411,1,2
1750,412,1,2
1750,413,1,2
1750,414,1,2
1750,415,1,2
1750,416,1,2
1750,417,1,2
1750,418,1,2
1750,419,1,2
1750,420,1,2
1750,421,1,2
1750,422,1,2
1750,423,1,2
1750,424,1,2
1750,425,1,2
1750,426,1,2
1750,427,1,2
1750,428,1,2
1750,429,1,2
1750,430,1,2
1750,431,1,2
1750,432,1,2
1750,433,1,2
1750,434,1,2
1750,435,1,2
1750,436,1,2
1750,437,1,2
1750,438,1,2
1750,439,1,2
1750,440,1,2
1750,441,1,2
1750,442,1,2
1750,443,1,2
1750,444,1,2
1750,445,1,2
1750,446,1,2
1750,447,1,2
1750,448,1,2
1750,449,1,2
1750,450,1,2
1750,451,1,2
1750,452,1,2
1750,453,1,2
1750,454,1,2
1750,455,1,2
1750,456,1,2
1750,457,1,2
1750,458,1,2
1750,459,1,2
1750,460,1,2
1750,461,1,2
1750,462,1,2
1750,463,1,2
1750,464,1,2
1750,465,1,2
1750,466,1,2
1750,467,1,2
1750,468,1,2
1750,469,1,2
1750,470,1,2
1750,471,1,2
1750,472,1,2
1750,473,1,2
1750,474,1,2
1750,475,1,2
1750,476,1,2
1750,477,1,2
1750,478,1,2
1750,479,1,2
1750,480,1,2
1750,481,1,2
1750,482,1,2
1750,483,1,2
1750,484,1,2
1750,485,1,2
1750,486,1,2
1750,487,1,2
1750,488,1,2
1750,489,1,2
1750,490,1,2
1750,491,1,2
1750,492,1,2
1750,493,1,2
1750,494,1,2
1750,495,1,2
1750,496,1,2
1750,497,1,2
1750,498,1,2
1750,499,1,2
1750,500,1,2
1750,501,1,2
1750,502,1,2
1750,503,1,2
1750,504,1,2
1750,505,1,2
1750,506,1,2
1750,507,1,2
1750,508,1,2
1750,509,1,2
1750,510,1,2
1750,511,1,2
1750,512,1,2
1750,513,1,2
1750,514,1,2
1750,515,1,2
1750,516,1,2
1750,517,1,2
1750,518,1,2
1750,519,1,2
1750,520,1,2
1750,521,1,2
1750,522,1,2
1750,523,1,2
1750,524,1,2
1750,525,1,2
1750,526,1,2
1750,527,1,2
1750,528,1,2
1750,529,1,2
1750,530,1,2
1750,531,1,2
1750,532,1,2
1750,533,1,2
1750,534,1,2
1750,535,1,2
1750,536,1,2
1750,537,1,2
1750,538,1,2
1750,539,1,2
1750,540,1,2
1750,541,1,2
1750,542,1,2
1750,543,1,2
1750,544,1,2
1750,545,1,2
1750,546,1,2
1750,547,1,2
1750,548,1,2
1750,549,1,2
1750,550,1,2
1750,551,1,2
1750,552,1,2
1750,553,1,2
1750,554,1,2
1750,555,1,2
1750,556,1,2
1750,557,1,2
1750,558,1,2
1750,559,1,2
1750,560,1,2
1750,561,1,2
1750,562,1,2
1750,563,1,2
1750,564,1,2
1750,565,1,2
1750,566,1,2
1750,567,1,2
1750,568,1,2
1750,569,1,2
1750,570,1,2
1750,571,1,2
1750,572,1,2
1750,573,1,2
1750,574,1,2
1750,575,1,2
1750,576,1,2
1750,577,1,2
1750,578,1,2
1750,579,1,2
1750,580,1,2
1750,581,1,2
1750,582,1,2
1750,583,1,2
1750,584,1,2
1750,585,1,2
1750,586,1,2
1750,587,1,2
1750,588,1,2
1750,589,1,2
1750,590,1,2
1750,591,1,2
1750,592,1,2
1750,593,1,2
1750,594,1,2
1750,595,1,2
1750,596,1,2
1750,612,1,2
1750,613,1,2
1750,614,1,2
1750,615,1,2
1750,616,1,2
1750,617,1,2
1750,618,1,2
1750,619,1,2
1750,620,1,2
1750,621,1,2
1750,622,1,2
1750,623,1,2
1750,624,1,2
1750,625,1,2
1750,626,1,2
1750,627,1,2
1750,628,1,2
1750,629,1,2
1750,630,1,2
1750,631,1,2
1750,632,1,2
1750,633,1,2
1750,634,1,2
1750,635,1,2
1750,636,1,2
1750,637,1,2
1750,638,1,2
1750,639,1,2
1751,174,1,2
1751,175,1,2
1751,176,1,2
1751,177,1,2
1751,178,1,2
1751,179,1,2
1751,180,1,2
1751,181,1,2
1751,182,1,2
1751,183,1,2
1751,184,1,2
1751,185,1,2
1751,186,1,2
1751,187,1,2
1751,188,1,2
1751,189,1,2
1751,190,1,2
1751,191,1,2
1751,192,1,2
1751,193,1,2
1751,194,1,2
1751,195,1,2
1751,196,1,2
1751,197,1,2
1751,198,1,2
1751,199,1,2
1751,200,1,2
1751,201,1,2
1751,202,1,2
1751,203,1,2
1751,204,1,2
1751,205,1,2
1751,206,1,2
1751,207,1,2
1751,208,1,2
1751,209,1,2
1751,210,1,2
1751,211,1,2
1751,212,1,2
1751,213,1,2
1751,214,1,2
1751,215,1,2
1751,216,1,2
1751,217,1,2
1751,218,1,2
1751,219,1,2
1751,220,1,2
1751,221,1,2
1751,222,1,2
1751,223,1,2
1751,224,1,2
1751,225,1,2
1751,226,1,2
1751,227,1,2
1751,228,1,2
1751,229,1,2
1751,230,1,2
1751,231,1,2
1751,232,1,2
1751,233,1,2
1751,234,1,2
1751,235,1,2
1751,236,1,2
1751,237,1,2
1751,238,1,2
1751,239,1,2
1751,240,1,2
1751,241,1,2
1751,242,1,2
1751,243,1,2
1751,244,1,2
1751,245,1,2
1751,246,1,2
1751,247,1,2
1751,248,1,2
1751,249,1,2
1751,250,1,2
1751,251,1,2
1751,252,1,2
1751,253,1,2
1751,254,1,2
1751,255,1,2
1751,256,1,2
1751,257,1,2
1751,258,1,2
1751,259,1,2
1751,260,1,2
1751,261,1,2
1751,262,1,2
1751,263,1,2
1751,264,1,2
1751,265,1,2
1751,266,1,2
1751,267,1,2
1751,268,1,2
1751,269,1,2
1751,270,1,2
1751,271,1,2
1751,272,1,2
1751,273,1,2
1751,274,1,2
1751,275,1,2
1751,276,1,2
1751,277,1,2
1751,278,1,2
1751,279,1,2
1751,280,1,2
1751,281,1,2
1751,282,1,2
1751,283,1,2
1751,284,1,2
1751,285,1,2
1751,286,1,2
1751,287,1,2
1751,288,1,2
1751,289,1,2
1751,290,1,2
1751,291,1,2
1751,292,1,2
1751,293,1,2
1751,294,1,2
1751,295,1,2
1751,296,1,2
1751,297,1,2
1751,298,1,2
1751,299,1,2
1751,300,1,2
1751,301,1,2
1751,302,1,2
1751,303,1,2
1751,304,1,2
1751,305,1,2
1751,306,1,2
1751,307,1,2
1751,308,1,2
1751,309,1,2
1751,310,1,2
1751,311,1,2
1751,312,1,2
1751,313,1,2
1751,314,1,2
1751,315,1,2
1751,316,1,2
1751,317,1,2
1751,318,1,2
1751,319,1,2
1751,320,1,2
1751,321,1,2
1751,322,1,2
1751,323,1,2
1751,324,1,2
1751,325,1,2
1751,326,1,2
1751,327,1,2
1751,328,1,2
1751,329,1,2
1751,330,1,2
1751,331,1,2
1751,332,1,2
1751,333,1,2
1751,334,1,2
1751,335,1,2
1751,336,1,2
1751,337,1,2
1751,338,1,2
1751,339,1,2
1751,340,1,2
1751,341,1,2
1751,342,1,2
1751,343,1,2
1751,344,1,2
1751,345,1,2
1751,346,1,2
1751,347,1,2
1751,348,1,2
1751,349,1,2
1751,350,1,2
1751,351,1,2
1751,352,1,2
1751,353,1,2
1751,354,1,2
1751,355,1,2
1751,356,1,2
1751,357,1,2
1751,358,1,2
1751,359,1,2
1751,360,1,2
1751,361,1,2
1751,362,1,2
1751,363,1,2
1751,364,1,2
1751,365,1,2
1751,366,1,2
1751,367,1,2
1751,368,1,2
1751,369,1,2
1751,370,1,2
1751,371,1,2
1751,372,1,2
1751,373,1,2
1751,374,1,2
1751,375,1,2
1751,376,1,2
1751,377,1,2
1751,378,1,2
1751,379,1,2
1751,380,1,2
1751,381,1,2
1751,382,1,2
1751,383,1,2
1751,384,1,2
1751,385,1,2
1751,386,1,2
1751,387,1,2
1751,388,1,2
1751,389,1,2
1751,390,1,2
1751,391,1,2
1751,392,1,2
1751,393,1,2
1751,394,1,2
1751,395,1,2
1751,396,1,2
1751,397,1,2
1751,398,1,2
1751,399,1,2
1751,400,1,2
1751,401,1,2
1751,402,1,2
1751,403,1,2
1751,404,1,2
1751,405,1,2
1751,406,1,2
1751,407,1,2
1751,408,1,2
1751,409,1,2
1751,410,1,2
1751,411,1,2
1751,412,1,2
1751,413,1,2
1751,414,1,2
1751,415,1,2
1751,416,1,2
1751,417,1,2
1751,418,1,2
1751,419,1,2
1751,420,1,2
1751,421,1,2
1751,422,1,2
1751,423,1,2
1751,424,1,2
1751,425,1,2
1751,426,1,2
1751,427,1,2
1751,428,1,2
1751,429,1,2
1751,430,1,2
1751,431,1,2
1751,432,1,2
1751,433,1,2
1751,434,1,2
1751,435,1,2
1751,436,1,2
1751,437,1,2
1751,438,1,2
1751,439,1,2
1751,440,1,2
1751,441,1,2
1751,442,1,2
1751,443,1,2
1751,444,1,2
1751,445,1,2
1751,446,1,2
1751,447,1,2
1751,448,1,2
1751,449,1,2
1751,450,1,2
1751,451,1,2
1751,452,1,2
1751,453,1,2
1751,454,1,2
1751,455,1,2
1751,456,1,2
1751,457,1,2
1751,458,1,2
1751,459,1,2
1751,460,1,2
1751,461,1,2
1751,462,1,2
1751,463,1,2
1751,464,1,2
1751,465,1,2
1751,466,1,2
1751,467,1,2
1751,468,1,2
1751,469,1,2
1751,470,1,2
1751,471,1,2
1751,472,1,2
1751,473,1,2
1751,474,1,2
1751,475,1,2
1751,476,1,2
1751,477,1,2
1751,478,1,2
1751,479,1,2
1751,480,1,2
1751,481,1,2
1751,482,1,2
1751,483,1,2
1751,484,1,2
1751,485,1,2
1751,486,1,2
1751,487,1,2
1751,488,1,2
1751,489,1,2
1751,490,1,2
1751,491,1,2
1751,492,1,2
1751,493,1,2
1751,494,1,2
1751,495,1,2
1751,496,1,2
1751,497,1,2
1751,498,1,2
1751,499,1,2
1751,500,1,2
1751,501,1,2
1751,502,1,2
1751,503,1,2
1751,504,1,2
1751,505,1,2
1751,506,1,2
1751,507,1,2
1751,508,1,2
1751,509,1,2
1751,510,1,2
1751,511,1,2
1751,512,1,2
1751,513,1,2
1751,514,1,2
1751,515,1,2
1751,516,1,2
1751,517,1,2
1751,518,1,2
1751,519,1,2
1751,520,1,2
1751,521,1,2
1751,522,1,2
1751,523,1,2
1751,524,1,2
1751,525,1,2
1751,526,1,2
1751,527,1,2
1751,528,1,2
1751,529,1,2
1751,530,1,2
1751,531,1,2
1751,532,1,2
1751,533,1,2
1751,534,1,2
1751,535,1,2
1751,536,1,2
1751,537,1,2
1751,538,1,2
1751,539,1,2
1751,540,1,2
1751,541,1,2
1751,542,1,2
1751,543,1,2
1751,544,1,2
1751,545,1,2
1751,546,1,2
1751,547,1,2
1751,548,1,2
1751,549,1,2
1751,550,1,2
1751,551,1,2
1751,552,1,2
1751,553,1,2
1751,554,1,2
1751,555,1,2
1751,556,1,2
1751,557,1,2
1751,558,1,2
1751,559,1,2
1751,560,1,2
1751,561,1,2
1751,562,1,2
1751,563,1,2
1751,564,1,2
1751,565,1,2
1751,566,1,2
1751,567,1,2
1751,568,1,2
1751,569,1,2
1751,570,1,2
1751,571,1,2
1751,572,1,2
1751,573,1,2
1751,574,1,2
1751,575,1,2
1751,576,1,2
1751,577,1,2
1751,578,1,2
1751,579,1,2
1751,580,1,2
1751,581,1,2
1751,582,1,2
1751,583,1,2
1751,584,1,2
1751,585,1,2
1751,586,1,2
1751,587,1,2
1751,588,1,2
1751,589,1,2
1751,590,1,2
1751,591,1,2
1751,592,1,2
1751,593,1,2
1751,594,1,2
1751,595,1,2
1751,596,1,2
1751,612,1,2
1751,613,1,2
1751,614,1,2
1751,615,1,2
1751,616,1,2
1751,617,1,2
1751,618,1,2
1751,619,1,2
1751,620,1,2
1751,621,1,2
1751,622,1,2
1751,623,1,2
1751,624,1,2
1751,625,1,2
1751,626,1,2
1751,627,1,2
1751,628,1,2
1751,629,1,2
1751,630,1,2
1751,631,1,2
1751,632,1,2
1751,633,1,2
1751,634,1,2
1751,635,1,2
1751,636,1,2
1751,637,1,2
1751,638,1,2
1751,639,1,2
1751,640,1,2
1752,173,1,2
1752,174,1,2
1752,175,1,2
1752,176,1,2
1752,177,1,2
1752,178,1,2
1752,179,1,2
1752,180,1,2
1752,181,1,2
1752,182,1,2
1752,183,1,2
1752,184,1,2
1752,185,1,2
1752,186,1,2
1752,187,1,2
1752,188,1,2
1752,189,1,2
1752,190,1,2
1752,191,1,2
1752,192,1,2
1752,193,1,2
1752,194,1,2
1752,195,1,2
1752,196,1,2
1752,197,1,2
1752,198,1,2
1752,199,1,2
1752,200,1,2
1752,201,1,2
1752,202,1,2
1752,203,1,2
1752,204,1,2
1752,205,1,2
1752,206,1,2
1752,207,1,2
1752,208,1,2
1752,209,1,2
1752,210,1,2
1752,211,1,2
1752,212,1,2
1752,213,1,2
1752,214,1,2
1752,215,1,2
1752,216,1,2
1752,217,1,2
1752,218,1,2
1752,219,1,2
1752,220,1,2
1752,221,1,2
1752,222,1,2
1752,223,1,2
1752,224,1,2
1752,225,1,2
1752,226,1,2
1752,227,1,2
1752,228,1,2
1752,229,1,2
1752,230,1,2
1752,231,1,2
1752,232,1,2
1752,233,1,2
1752,234,1,2
1752,235,1,2
1752,236,1,2
1752,237,1,2
1752,238,1,2
1752,239,1,2
1752,240,1,2
1752,241,1,2
1752,242,1,2
1752,243,1,2
1752,244,1,2
1752,245,1,2
1752,246,1,2
1752,247,1,2
1752,248,1,2
1752,249,1,2
1752,250,1,2
1752,251,1,2
1752,252,1,2
1752,253,1,2
1752,254,1,2
1752,255,1,2
1752,256,1,2
1752,257,1,2
1752,258,1,2
1752,259,1,2
1752,260,1,2
1752,261,1,2
1752,262,1,2
1752,263,1,2
1752,264,1,2
1752,265,1,2
1752,266,1,2
1752,267,1,2
1752,268,1,2
1752,269,1,2
1752,270,1,2
1752,271,1,2
1752,272,1,2
1752,273,1,2
1752,274,1,2
1752,275,1,2
1752,276,1,2
1752,277,1,2
1752,278,1,2
1752,279,1,2
1752,280,1,2
1752,281,1,2
1752,282,1,2
1752,283,1,2
1752,284,1,2
1752,285,1,2
1752,286,1,2
1752,287,1,2
1752,288,1,2
1752,289,1,2
1752,290,1,2
1752,291,1,2
1752,292,1,2
1752,293,1,2
1752,294,1,2
1752,295,1,2
1752,296,1,2
1752,297,1,2
1752,298,1,2
1752,299,1,2
1752,300,1,2
1752,301,1,2
1752,302,1,2
1752,303,1,2
1752,304,1,2
1752,305,1,2
1752,306,1,2
1752,307,1,2
1752,308,1,2
1752,309,1,2
1752,310,1,2
1752,311,1,2
1752,312,1,2
1752,313,1,2
1752,314,1,2
1752,315,1,2
1752,316,1,2
1752,317,1,2
1752,318,1,2
1752,319,1,2
1752,320,1,2
1752,321,1,2
1752,322,1,2
1752,323,1,2
1752,324,1,2
1752,325,1,2
1752,326,1,2
1752,327,1,2
1752,328,1,2
1752,329,1,2
1752,330,1,2
1752,331,1,2
1752,332,1,2
1752,333,1,2
1752,334,1,2
1752,335,1,2
1752,336,1,2
1752,337,1,2
1752,338,1,2
1752,339,1,2
1752,340,1,2
1752,341,1,2
1752,342,1,2
1752,343,1,2
1752,344,1,2
1752,345,1,2
1752,346,1,2
1752,347,1,2
1752,348,1,2
1752,349,1,2
1752,350,1,2
1752,351,1,2
1752,352,1,2
1752,353,1,2
1752,354,1,2
1752,355,1,2
1752,356,1,2
1752,357,1,2
1752,358,1,2
1752,359,1,2
1752,360,1,2
1752,361,1,2
1752,362,1,2
1752,363,1,2
1752,364,1,2
1752,365,1,2
1752,366,1,2
1752,367,1,2
1752,368,1,2
1752,369,1,2
1752,370,1,2
1752,371,1,2
1752,372,1,2
1752,373,1,2
1752,374,1,2
1752,375,1,2
1752,376,1,2
1752,377,1,2
1752,378,1,2
1752,379,1,2
1752,380,1,2
1752,381,1,2
1752,382,1,2
1752,383,1,2
1752,384,1,2
1752,385,1,2
1752,386,1,2
1752,387,1,2
1752,388,1,2
1752,389,1,2
1752,390,1,2
1752,391,1,2
1752,392,1,2
1752,393,1,2
1752,394,1,2
1752,395,1,2
1752,396,1,2
1752,397,1,2
1752,398,1,2
1752,399,1,2
1752,400,1,2
1752,401,1,2
1752,402,1,2
1752,403,1,2
1752,404,1,2
1752,405,1,2
1752,406,1,2
1752,407,1,2
1752,408,1,2
1752,409,1,2
1752,410,1,2
1752,411,1,2
1752,412,1,2
1752,413,1,2
1752,414,1,2
1752,415,1,2
1752,416,1,2
1752,417,1,2
1752,418,1,2
1752,419,1,2
1752,420,1,2
1752,421,1,2
1752,422,1,2
1752,423,1,2
1752,424,1,2
1752,425,1,2
1752,426,1,2
1752,427,1,2
1752,428,1,2
1752,429,1,2
1752,430,1,2
1752,431,1,2
1752,432,1,2
1752,433,1,2
1752,434,1,2
1752,435,1,2
1752,436,1,2
1752,437,1,2
1752,438,1,2
1752,439,1,2
1752,440,1,2
1752,441,1,2
1752,442,1,2
1752,443,1,2
1752,444,1,2
1752,445,1,2
1752,446,1,2
1752,447,1,2
1752,448,1,2
1752,449,1,2
1752,450,1,2
1752,451,1,2
1752,452,1,2
1752,453,1,2
1752,454,1,2
1752,455,1,2
1752,456,1,2
1752,457,1,2
1752,458,1,2
1752,459,1,2
1752,460,1,2
1752,461,1,2
1752,462,1,2
1752,463,1,2
1752,464,1,2
1752,465,1,2
1752,466,1,2
1752,467,1,2
1752,468,1,2
1752,469,1,2
1752,470,1,2
1752,471,1,2
1752,472,1,2
1752,473,1,2
1752,474,1,2
1752,475,1,2
1752,476,1,2
1752,477,1,2
1752,478,1,2
1752,479,1,2
1752,480,1,2
1752,481,1,2
1752,482,1,2
1752,483,1,2
1752,484,1,2
1752,485,1,2
1752,486,1,2
1752,487,1,2
1752,488,1,2
1752,489,1,2
1752,490,1,2
1752,491,1,2
1752,492,1,2
1752,493,1,2
1752,494,1,2
1752,495,1,2
1752,496,1,2
1752,497,1,2
1752,498,1,2
1752,499,1,2
1752,500,1,2
1752,501,1,2
1752,502,1,2
1752,503,1,2
1752,504,1,2
1752,505,1,2
1752,506,1,2
1752,507,1,2
1752,508,1,2
1752,509,1,2
1752,510,1,2
1752,511,1,2
1752,512,1,2
1752,513,1,2
1752,514,1,2
1752,515,1,2
1752,516,1,2
1752,517,1,2
1752,518,1,2
1752,519,1,2
1752,520,1,2
1752,521,1,2
1752,522,1,2
1752,523,1,2
1752,524,1,2
1752,525,1,2
1752,526,1,2
1752,527,1,2
1752,528,1,2
1752,529,1,2
1752,530,1,2
1752,531,1,2
1752,532,1,2
1752,533,1,2
1752,534,1,2
1752,535,1,2
1752,536,1,2
1752,537,1,2
1752,538,1,2
1752,539,1,2
1752,540,1,2
1752,541,1,2
1752,542,1,2
1752,543,1,2
1752,544,1,2
1752,545,1,2
1752,546,1,2
1752,547,1,2
1752,548,1,2
1752,549,1,2
1752,550,1,2
1752,551,1,2
1752,552,1,2
1752,553,1,2
1752,554,1,2
1752,555,1,2
1752,556,1,2
1752,557,1,2
1752,558,1,2
1752,559,1,2
1752,560,1,2
1752,561,1,2
1752,562,1,2
1752,563,1,2
1752,564,1,2
1752,565,1,2
1752,566,1,2
1752,567,1,2
1752,568,1,2
1752,569,1,2
1752,570,1,2
1752,571,1,2
1752,572,1,2
1752,573,1,2
1752,574,1,2
1752,575,1,2
1752,576,1,2
1752,577,1,2
1752,578,1,2
1752,579,1,2
1752,580,1,2
1752,581,1,2
1752,582,1,2
1752,583,1,2
1752,584,1,2
1752,585,1,2
1752,586,1,2
1752,587,1,2
1752,588,1,2
1752,589,1,2
1752,590,1,2
1752,591,1,2
1752,592,1,2
1752,593,1,2
1752,594,1,2
1752,595,1,2
1752,596,1,2
1752,597,1,2
1752,611,1,2
1752,612,1,2
1752,613,1,2
1752,614,1,2
1752,615,1,2
1752,616,1,2
1752,617,1,2
1752,618,1,2
1752,619,1,2
1752,620,1,2
1752,621,1,2
1752,622,1,2
1752,623,1,2
1752,624,1,2
1752,625,1,2
1752,626,1,2
1752,627,1,2
1752,628,1,2
1752,629,1,2
1752,630,1,2
1752,631,1,2
1752,632,1,2
1752,633,1,2
1752,634,1,2
1752,635,1,2
1752,636,1,2
1752,637,1,2
1752,638,1,2
1752,639,1,2
1752,640,1,2
1753,171,1,2
1753,172,1,2
1753,173,1,2
1753,174,1,2
1753,175,1,2
1753,176,1,2
1753,177,1,2
1753,178,1,2
1753,179,1,2
1753,180,1,2
1753,181,1,2
1753,182,1,2
1753,183,1,2
1753,184,1,2
1753,185,1,2
1753,186,1,2
1753,187,1,2
1753,188,1,2
1753,189,1,2
1753,190,1,2
1753,191,1,2
1753,192,1,2
1753,193,1,2
1753,194,1,2
1753,195,1,2
1753,196,1,2
1753,197,1,2
1753,198,1,2
1753,199,1,2
1753,200,1,2
1753,201,1,2
1753,202,1,2
1753,203,1,2
1753,204,1,2
1753,205,1,2
1753,206,1,2
1753,207,1,2
1753,208,1,2
1753,209,1,2
1753,210,1,2
1753,211,1,2
1753,212,1,2
1753,213,1,2
1753,214,1,2
1753,215,1,2
1753,216,1,2
1753,217,1,2
1753,218,1,2
1753,219,1,2
1753,220,1,2
1753,221,1,2
1753,222,1,2
1753,223,1,2
1753,224,1,2
1753,225,1,2
1753,226,1,2
1753,227,1,2
1753,228,1,2
1753,229,1,2
1753,230,1,2
1753,231,1,2
1753,232,1,2
1753,233,1,2
1753,234,1,2
1753,235,1,2
1753,236,1,2
1753,237,1,2
1753,238,1,2
1753,239,1,2
1753,240,1,2
1753,241,1,2
1753,242,1,2
1753,243,1,2
1753,244,1,2
1753,245,1,2
1753,246,1,2
1753,247,1,2
1753,248,1,2
1753,249,1,2
1753,250,1,2
1753,251,1,2
1753,252,1,2
1753,253,1,2
1753,254,1,2
1753,255,1,2
1753,256,1,2
1753,257,1,2
1753,258,1,2
1753,259,1,2
1753,260,1,2
1753,261,1,2
1753,262,1,2
1753,263,1,2
1753,264,1,2
1753,265,1,2
1753,266,1,2
1753,267,1,2
1753,268,1,2
1753,269,1,2
1753,270,1,2
1753,271,1,2
1753,272,1,2
1753,273,1,2
1753,274,1,2
1753,275,1,2
1753,276,1,2
1753,277,1,2
1753,278,1,2
1753,279,1,2
1753,280,1,2
1753,281,1,2
1753,282,1,2
1753,283,1,2
1753,284,1,2
1753,285,1,2
1753,286,1,2
1753,287,1,2
1753,288,1,2
1753,289,1,2
1753,290,1,2
1753,291,1,2
1753,292,1,2
1753,293,1,2
1753,294,1,2
1753,295,1,2
1753,296,1,2
1753,297,1,2
1753,298,1,2
1753,299,1,2
1753,300,1,2
1753,301,1,2
1753,302,1,2
1753,303,1,2
1753,304,1,2
1753,305,1,2
1753,306,1,2
1753,307,1,2
1753,308,1,2
1753,309,1,2
1753,310,1,2
1753,311,1,2
1753,312,1,2
1753,313,1,2
1753,314,1,2
1753,315,1,2
1753,316,1,2
1753,317,1,2
1753,318,1,2
1753,319,1,2
1753,320,1,2
1753,321,1,2
1753,322,1,2
1753,323,1,2
1753,324,1,2
1753,325,1,2
1753,326,1,2
1753,327,1,2
1753,328,1,2
1753,329,1,2
1753,330,1,2
1753,331,1,2
1753,332,1,2
1753,333,1,2
1753,334,1,2
1753,335,1,2
1753,336,1,2
1753,337,1,2
1753,338,1,2
1753,339,1,2
1753,340,1,2
1753,341,1,2
1753,342,1,2
1753,343,1,2
1753,344,1,2
1753,345,1,2
1753,346,1,2
1753,347,1,2
1753,348,1,2
1753,349,1,2
1753,350,1,2
1753,351,1,2
1753,352,1,2
1753,353,1,2
1753,354,1,2
1753,355,1,2
1753,356,1,2
1753,357,1,2
1753,358,1,2
1753,359,1,2
1753,360,1,2
1753,361,1,2
1753,362,1,2
1753,363,1,2
1753,364,1,2
1753,365,1,2
1753,366,1,2
1753,367,1,2
1753,368,1,2
1753,369,1,2
1753,370,1,2
1753,371,1,2
1753,372,1,2
1753,373,1,2
1753,374,1,2
1753,375,1,2
1753,376,1,2
1753,377,1,2
1753,378,1,2
1753,379,1,2
1753,380,1,2
1753,381,1,2
1753,382,1,2
1753,383,1,2
1753,384,1,2
1753,385,1,2
1753,386,1,2
1753,387,1,2
1753,388,1,2
1753,389,1,2
1753,390,1,2
1753,391,1,2
1753,392,1,2
1753,393,1,2
1753,394,1,2
1753,395,1,2
1753,396,1,2
1753,397,1,2
1753,398,1,2
1753,399,1,2
1753,400,1,2
1753,401,1,2
1753,402,1,2
1753,403,1,2
1753,404,1,2
1753,405,1,2
1753,406,1,2
1753,407,1,2
1753,408,1,2
1753,409,1,2
1753,410,1,2
1753,411,1,2
1753,412,1,2
1753,413,1,2
1753,414,1,2
1753,415,1,2
1753,416,1,2
1753,417,1,2
1753,418,1,2
1753,419,1,2
1753,420,1,2
1753,421,1,2
1753,422,1,2
1753,423,1,2
1753,424,1,2
1753,425,1,2
1753,426,1,2
1753,427,1,2
1753,428,1,2
1753,429,1,2
1753,430,1,2
1753,431,1,2
1753,432,1,2
1753,433,1,2
1753,434,1,2
1753,435,1,2
1753,436,1,2
1753,437,1,2
1753,438,1,2
1753,439,1,2
1753,440,1,2
1753,441,1,2
1753,442,1,2
1753,443,1,2
1753,444,1,2
1753,445,1,2
1753,446,1,2
1753,447,1,2
1753,448,1,2
1753,449,1,2
1753,450,1,2
1753,451,1,2
1753,452,1,2
1753,453,1,2
1753,454,1,2
1753,455,1,2
1753,456,1,2
1753,457,1,2
1753,458,1,2
1753,459,1,2
1753,460,1,2
1753,461,1,2
1753,462,1,2
1753,463,1,2
1753,464,1,2
1753,465,1,2
1753,466,1,2
1753,467,1,2
1753,468,1,2
1753,469,1,2
1753,470,1,2
1753,471,1,2
1753,472,1,2
1753,473,1,2
1753,474,1,2
1753,475,1,2
1753,476,1,2
1753,477,1,2
1753,478,1,2
1753,479,1,2
1753,480,1,2
1753,481,1,2
1753,482,1,2
1753,483,1,2
1753,484,1,2
1753,485,1,2
1753,486,1,2
1753,487,1,2
1753,488,1,2
1753,489,1,2
1753,490,1,2
1753,491,1,2
1753,492,1,2
1753,493,1,2
1753,494,1,2
1753,495,1,2
1753,496,1,2
1753,497,1,2
1753,498,1,2
1753,499,1,2
1753,500,1,2
1753,501,1,2
1753,502,1,2
1753,503,1,2
1753,504,1,2
1753,505,1,2
1753,506,1,2
1753,507,1,2
1753,508,1,2
1753,509,1,2
1753,510,1,2
1753,511,1,2
1753,512,1,2
1753,513,1,2
1753,514,1,2
1753,515,1,2
1753,516,1,2
1753,517,1,2
1753,518,1,2
1753,519,1,2
1753,520,1,2
1753,521,1,2
1753,522,1,2
1753,523,1,2
1753,524,1,2
1753,525,1,2
1753,526,1,2
1753,527,1,2
1753,528,1,2
1753,529,1,2
1753,530,1,2
1753,531,1,2
1753,532,1,2
1753,533,1,2
1753,534,1,2
1753,535,1,2
1753,536,1,2
1753,537,1,2
1753,538,1,2
1753,539,1,2
1753,540,1,2
1753,541,1,2
1753,542,1,2
1753,543,1,2
1753,544,1,2
1753,545,1,2
1753,546,1,2
1753,547,1,2
1753,548,1,2
1753,549,1,2
1753,550,1,2
1753,551,1,2
1753,552,1,2
1753,553,1,2
1753,554,1,2
1753,555,1,2
1753,556,1,2
1753,557,1,2
1753,558,1,2
1753,559,1,2
1753,560,1,2
1753,561,1,2
1753,562,1,2
1753,563,1,2
1753,564,1,2
1753,565,1,2
1753,566,1,2
1753,567,1,2
1753,568,1,2
1753,569,1,2
1753,570,1,2
1753,571,1,2
1753,572,1,2
1753,573,1,2
1753,574,1,2
1753,575,1,2
1753,576,1,2
1753,577,1,2
1753,578,1,2
1753,579,1,2
1753,580,1,2
1753,581,1,2
1753,582,1,2
1753,583,1,2
1753,584,1,2
1753,585,1,2
1753,586,1,2
1753,587,1,2
1753,588,1,2
1753,589,1,2
1753,590,1,2
1753,591,1,2
1753,592,1,2
1753,593,1,2
1753,594,1,2
1753,595,1,2
1753,596,1,2
1753,597,1,2
1753,611,1,2
1753,612,1,2
1753,613,1,2
1753,614,1,2
1753,615,1,2
1753,616,1,2
1753,617,1,2
1753,618,1,2
1753,619,1,2
1753,620,1,2
1753,621,1,2
1753,622,1,2
1753,623,1,2
1753,624,1,2
1753,625,1,2
1753,626,1,2
1753,627,1,2
1753,628,1,2
1753,629,1,2
1753,630,1,2
1753,631,1,2
1753,632,1,2
1753,633,1,2
1753,634,1,2
1753,635,1,2
1753,636,1,2
1753,637,1,2
1753,638,1,2
1753,639,1,2
1753,640,1,2
1753,641,1,2
1754,171,1,2
1754,172,1,2
1754,173,1,2
1754,174,1,2
1754,175,1,2
1754,176,1,2
1754,177,1,2
1754,178,1,2
1754,179,1,2
1754,180,1,2
1754,181,1,2
1754,182,1,2
1754,183,1,2
1754,184,1,2
1754,185,1,2
1754,186,1,2
1754,187,1,2
1754,188,1,2
1754,189,1,2
1754,190,1,2
1754,191,1,2
1754,192,1,2
1754,193,1,2
1754,194,1,2
1754,195,1,2
1754,196,1,2
1754,197,1,2
1754,198,1,2
1754,199,1,2
1754,200,1,2
1754,201,1,2
1754,202,1,2
1754,203,1,2
1754,204,1,2
1754,205,1,2
1754,206,1,2
1754,207,1,2
1754,208,1,2
1754,209,1,2
1754,210,1,2
1754,211,1,2
1754,212,1,2
1754,213,1,2
1754,214,1,2
1754,215,1,2
1754,216,1,2
1754,217,1,2
1754,218,1,2
1754,219,1,2
1754,220,1,2
1754,221,1,2
1754,222,1,2
1754,223,1,2
1754,224,1,2
1754,225,1,2
1754,226,1,2
1754,227,1,2
1754,228,1,2
1754,229,1,2
1754,230,1,2
1754,231,1,2
1754,232,1,2
1754,233,1,2
1754,234,1,2
1754,235,1,2
1754,236,1,2
1754,237,1,2
1754,238,1,2
1754,239,1,2
1754,240,1,2
1754,241,1,2
1754,242,1,2
1754,243,1,2
1754,244,1,2
1754,245,1,2
1754,246,1,2
1754,247,1,2
1754,248,1,2
1754,249,1,2
1754,250,1,2
1754,251,1,2
1754,252,1,2
1754,253,1,2
1754,254,1,2
1754,255,1,2
1754,256,1,2
1754,257,1,2
1754,258,1,2
1754,259,1,2
1754,260,1,2
1754,261,1,2
1754,262,1,2
1754,263,1,2
1754,264,1,2
1754,265,1,2
1754,266,1,2
1754,267,1,2
1754,268,1,2
1754,269,1,2
1754,270,1,2
1754,271,1,2
1754,272,1,2
1754,273,1,2
1754,274,1,2
1754,275,1,2
1754,276,1,2
1754,277,1,2
1754,278,1,2
1754,279,1,2
1754,280,1,2
1754,281,1,2
1754,282,1,2
1754,283,1,2
1754,284,1,2
1754,285,1,2
1754,286,1,2
1754,287,1,2
1754,288,1,2
1754,289,1,2
1754,290,1,2
1754,291,1,2
1754,292,1,2
1754,293,1,2
1754,294,1,2
1754,295,1,2
1754,296,1,2
1754,297,1,2
1754,298,1,2
1754,299,1,2
1754,300,1,2
1754,301,1,2
1754,302,1,2
1754,303,1,2
1754,304,1,2
1754,305,1,2
1754,306,1,2
1754,307,1,2
1754,308,1,2
1754,309,1,2
1754,310,1,2
1754,311,1,2
1754,312,1,2
1754,313,1,2
1754,314,1,2
1754,315,1,2
1754,316,1,2
1754,317,1,2
1754,318,1,2
1754,319,1,2
1754,320,1,2
1754,321,1,2
1754,322,1,2
1754,323,1,2
1754,324,1,2
1754,325,1,2
1754,326,1,2
1754,327,1,2
1754,328,1,2
1754,329,1,2
1754,330,1,2
1754,331,1,2
1754,332,1,2
1754,333,1,2
1754,334,1,2
1754,335,1,2
1754,336,1,2
1754,337,1,2
1754,338,1,2
1754,339,1,2
1754,340,1,2
1754,341,1,2
1754,342,1,2
1754,343,1,2
1754,344,1,2
1754,345,1,2
1754,346,1,2
1754,347,1,2
1754,348,1,2
1754,349,1,2
1754,350,1,2
1754,351,1,2
1754,352,1,2
1754,353,1,2
1754,354,1,2
1754,355,1,2
1754,356,1,2
1754,357,1,2
1754,358,1,2
1754,359,1,2
1754,360,1,2
1754,361,1,2
1754,362,1,2
1754,363,1,2
1754,364,1,2
1754,365,1,2
1754,366,1,2
1754,367,1,2
1754,368,1,2
1754,369,1,2
1754,370,1,2
1754,371,1,2
1754,372,1,2
1754,373,1,2
1754,374,1,2
1754,375,1,2
1754,376,1,2
1754,377,1,2
1754,378,1,2
1754,379,1,2
1754,380,1,2
1754,381,1,2
1754,382,1,2
1754,383,1,2
1754,384,1,2
1754,385,1,2
1754,386,1,2
1754,387,1,2
1754,388,1,2
1754,389,1,2
1754,390,1,2
1754,391,1,2
1754,392,1,2
1754,393,1,2
1754,394,1,2
1754,395,1,2
1754,396,1,2
1754,397,1,2
1754,398,1,2
1754,399,1,2
1754,400,1,2
1754,401,1,2
1754,402,1,2
1754,403,1,2
1754,404,1,2
1754,405,1,2
1754,406,1,2
1754,407,1,2
1754,408,1,2
1754,409,1,2
1754,410,1,2
1754,411,1,2
1754,412,1,2
1754,413,1,2
1754,414,1,2
1754,415,1,2
1754,416,1,2
1754,417,1,2
1754,418,1,2
1754,419,1,2
1754,420,1,2
1754,421,1,2
1754,422,1,2
1754,423,1,2
1754,424,1,2
1754,425,1,2
1754,426,1,2
1754,427,1,2
1754,428,1,2
1754,429,1,2
1754,430,1,2
1754,431,1,2
1754,432,1,2
1754,433,1,2
1754,434,1,2
1754,435,1,2
1754,436,1,2
1754,437,1,2
1754,438,1,2
1754,439,1,2
1754,440,1,2
1754,441,1,2
1754,442,1,2
1754,443,1,2
1754,444,1,2
1754,445,1,2
1754,446,1,2
1754,447,1,2
1754,448,1,2
1754,449,1,2
1754,450,1,2
1754,451,1,2
1754,452,1,2
1754,453,1,2
1754,454,1,2
1754,455,1,2
1754,456,1,2
1754,457,1,2
1754,458,1,2
1754,459,1,2
1754,460,1,2
1754,461,1,2
1754,462,1,2
1754,463,1,2
1754,464,1,2
1754,465,1,2
1754,466,1,2
1754,467,1,2
1754,468,1,2
1754,469,1,2
1754,470,1,2
1754,471,1,2
1754,472,1,2
1754,473,1,2
1754,474,1,2
1754,475,1,2
1754,476,1,2
1754,477,1,2
1754,478,1,2
1754,479,1,2
1754,480,1,2
1754,481,1,2
1754,482,1,2
1754,483,1,2
1754,484,1,2
1754,485,1,2
1754,486,1,2
1754,487,1,2
1754,488,1,2
1754,489,1,2
1754,490,1,2
1754,491,1,2
1754,492,1,2
1754,493,1,2
1754,494,1,2
1754,495,1,2
1754,496,1,2
1754,497,1,2
1754,498,1,2
1754,499,1,2
1754,500,1,2
1754,501,1,2
1754,502,1,2
1754,503,1,2
1754,504,1,2
1754,505,1,2
1754,506,1,2
1754,507,1,2
1754,508,1,2
1754,509,1,2
1754,510,1,2
1754,511,1,2
1754,512,1,2
1754,513,1,2
1754,514,1,2
1754,515,1,2
1754,516,1,2
1754,517,1,2
1754,518,1,2
1754,519,1,2
1754,520,1,2
1754,521,1,2
1754,522,1,2
1754,523,1,2
1754,524,1,2
1754,525,1,2
1754,526,1,2
1754,527,1,2
1754,528,1,2
1754,529,1,2
1754,530,1,2
1754,531,1,2
1754,532,1,2
1754,533,1,2
1754,534,1,2
1754,535,1,2
1754,536,1,2
1754,537,1,2
1754,538,1,2
1754,539,1,2
1754,540,1,2
1754,541,1,2
1754,542,1,2
1754,543,1,2
1754,544,1,2
1754,545,1,2
1754,546,1,2
1754,547,1,2
1754,548,1,2
1754,549,1,2
1754,550,1,2
1754,551,1,2
1754,552,1,2
1754,553,1,2
1754,554,1,2
1754,555,1,2
1754,556,1,2
1754,557,1,2
1754,558,1,2
1754,559,1,2
1754,560,1,2
1754,561,1,2
1754,562,1,2
1754,563,1,2
1754,564,1,2
1754,565,1,2
1754,566,1,2
1754,567,1,2
1754,568,1,2
1754,569,1,2
1754,570,1,2
1754,571,1,2
1754,572,1,2
1754,573,1,2
1754,574,1,2
1754,575,1,2
1754,576,1,2
1754,577,1,2
1754,578,1,2
1754,579,1,2
1754,580,1,2
1754,581,1,2
1754,582,1,2
1754,583,1,2
1754,584,1,2
1754,585,1,2
1754,586,1,2
1754,587,1,2
1754,588,1,2
1754,589,1,2
1754,590,1,2
1754,591,1,2
1754,592,1,2
1754,593,1,2
1754,594,1,2
1754,595,1,2
1754,596,1,2
1754,597,1,2
1754,598,1,2
1754,610,1,2
1754,611,1,2
1754,612,1,2
1754,613,1,2
1754,614,1,2
1754,615,1,2
1754,616,1,2
1754,617,1,2
1754,618,1,2
1754,619,1,2
1754,620,1,2
1754,621,1,2
1754,622,1,2
1754,623,1,2
1754,624,1,2
1754,625,1,2
1754,626,1,2
1754,627,1,2
1754,628,1,2
1754,629,1,2
1754,630,1,2
1754,631,1,2
1754,632,1,2
1754,633,1,2
1754,634,1,2
1754,635,1,2
1754,636,1,2
1754,637,1,2
1754,638,1,2
1754,639,1,2
1754,640,1,2
1754,641,1,2
1755,170,1,2
1755,171,1,2
1755,172,1,2
1755,173,1,2
1755,174,1,2
1755,175,1,2
1755,176,1,2
1755,177,1,2
1755,178,1,2
1755,179,1,2
1755,180,1,2
1755,181,1,2
1755,182,1,2
1755,183,1,2
1755,184,1,2
1755,185,1,3
1755,186,1,3
1755,187,1,3
1755,188,1,3
1755,189,1,3
1755,190,1,3
1755,191,1,3
1755,192,1,2
1755,193,1,2
1755,194,1,2
1755,195,1,2
1755,196,1,2
1755,197,1,2
1755,198,1,2
1755,199,1,2
1755,200,1,2
1755,201,1,2
1755,202,1,2
1755,203,1,2
1755,204,1,2
1755,205,1,2
1755,206,1,2
1755,207,1,2
1755,208,1,2
1755,209,1,2
1755,210,1,2
1755,211,1,2
1755,212,1,2
1755,213,1,2
1755,214,1,2
1755,215,1,2
1755,216,1,2
1755,217,1,2
1755,218,1,2
1755,219,1,2
1755,220,1,2
1755,221,1,2
1755,222,1,2
1755,223,1,2
1755,224,1,2
1755,225,1,2
1755,226,1,2
1755,227,1,2
1755,228,1,2
1755,229,1,2
1755,230,1,2
1755,231,1,2
1755,232,1,2
1755,233,1,2
1755,234,1,2
1755,235,1,2
1755,236,1,2
1755,237,1,2
1755,238,1,2
1755,239,1,2
1755,240,1,2
1755,241,1,2
1755,242,1,2
1755,243,1,2
1755,244,1,2
1755,245,1,2
1755,246,1,2
1755,247,1,2
1755,248,1,2
1755,249,1,2
1755,250,1,2
1755,251,1,2
1755,252,1,2
1755,253,1,2
1755,254,1,2
1755,255,1,2
1755,256,1,2
1755,257,1,2
1755,258,1,2
1755,259,1,2
1755,260,1,2
1755,261,1,2
1755,262,1,2
1755,263,1,2
1755,264,1,2
1755,265,1,2
1755,266,1,2
1755,267,1,2
1755,268,1,2
1755,269,1,2
1755,270,1,2
1755,271,1,2
1755,272,1,2
1755,273,1,2
1755,274,1,2
1755,275,1,2
1755,276,1,2
1755,277,1,2
1755,278,1,2
1755,279,1,2
1755,280,1,2
1755,281,1,2
1755,282,1,2
1755,283,1,2
1755,284,1,2
1755,285,1,2
1755,286,1,2
1755,287,1,2
1755,288,1,2
1755,289,1,2
1755,290,1,2
1755,291,1,2
1755,292,1,2
1755,293,1,2
1755,294,1,2
1755,295,1,2
1755,296,1,2
1755,297,1,2
1755,298,1,2
1755,299,1,2
1755,300,1,2
1755,301,1,2
1755,302,1,2
1755,303,1,2
1755,304,1,2
1755,305,1,2
1755,306,1,2
1755,307,1,2
1755,308,1,2
1755,309,1,2
1755,310,1,2
1755,311,1,2
1755,312,1,2
1755,313,1,2
1755,314,1,2
1755,315,1,2
1755,316,1,2
1755,317,1,2
1755,318,1,2
1755,319,1,2
1755,320,1,2
1755,321,1,2
1755,322,1,2
1755,323,1,2
1755,324,1,2
1755,325,1,2
1755,326,1,2
1755,327,1,2
1755,328,1,2
1755,329,1,2
1755,330,1,2
1755,331,1,2
1755,332,1,2
1755,333,1,2
1755,334,1,2
1755,335,1,2
1755,336,1,2
1755,337,1,2
1755,338,1,2
1755,339,1,2
1755,340,1,2
1755,341,1,2
1755,342,1,2
1755,343,1,2
1755,344,1,2
1755,345,1,2
1755,346,1,2
1755,347,1,2
1755,348,1,2
1755,349,1,2
1755,350,1,2
1755,351,1,2
1755,352,1,2
1755,353,1,2
1755,354,1,2
1755,355,1,2
1755,356,1,2
1755,357,1,2
1755,358,1,2
1755,359,1,2
1755,360,1,2
1755,361,1,2
1755,362,1,2
1755,363,1,2
1755,364,1,2
1755,365,1,2
1755,366,1,2
1755,367,1,2
1755,368,1,2
1755,369,1,2
1755,370,1,2
1755,371,1,2
1755,372,1,2
1755,373,1,2
1755,374,1,2
1755,375,1,2
1755,376,1,2
1755,377,1,2
1755,378,1,2
1755,379,1,2
1755,380,1,2
1755,381,1,2
1755,382,1,2
1755,383,1,2
1755,384,1,2
1755,385,1,2
1755,386,1,2
1755,387,1,2
1755,388,1,2
1755,389,1,2
1755,390,1,2
1755,391,1,2
1755,392,1,2
1755,393,1,2
1755,394,1,2
1755,395,1,2
1755,396,1,2
1755,397,1,2
1755,398,1,2
1755,399,1,2
1755,400,1,2
1755,401,1,2
1755,402,1,2
1755,403,1,2
1755,404,1,2
1755,405,1,2
1755,406,1,2
1755,407,1,2
1755,408,1,2
1755,409,1,2
1755,410,1,2
1755,411,1,2
1755,412,1,2
1755,413,1,2
1755,414,1,2
1755,415,1,2
1755,416,1,2
1755,417,1,2
1755,418,1,2
1755,419,1,2
1755,420,1,2
1755,421,1,2
1755,422,1,2
1755,423,1,2
1755,424,1,2
1755,425,1,2
1755,426,1,2
1755,427,1,2
1755,428,1,2
1755,429,1,2
1755,430,1,2
1755,431,1,2
1755,432,1,2
1755,433,1,2
1755,434,1,2
1755,435,1,2
1755,436,1,2
1755,437,1,2
1755,438,1,2
1755,439,1,2
1755,440,1,2
1755,441,1,2
1755,442,1,2
1755,443,1,2
1755,444,1,2
1755,445,1,2
1755,446,1,2
1755,447,1,2
1755,448,1,2
1755,449,1,2
1755,450,1,2
1755,451,1,2
1755,452,1,2
1755,453,1,2
1755,454,1,2
1755,455,1,2
1755,456,1,2
1755,457,1,2
1755,458,1,2
1755,459,1,2
1755,460,1,2
1755,461,1,2
1755,462,1,2
1755,463,1,2
1755,464,1,2
1755,465,1,2
1755,466,1,2
1755,467,1,2
1755,468,1,2
1755,469,1,2
1755,470,1,2
1755,471,1,2
1755,472,1,2
1755,473,1,2
1755,474,1,2
1755,475,1,2
1755,476,1,2
1755,477,1,2
1755,478,1,2
1755,479,1,2
1755,480,1,2
1755,481,1,2
1755,482,1,2
1755,483,1,2
1755,484,1,2
1755,485,1,2
1755,486,1,2
1755,487,1,2
1755,488,1,2
1755,489,1,2
1755,490,1,2
1755,491,1,2
1755,492,1,2
1755,493,1,2
1755,494,1,2
1755,495,1,2
1755,496,1,2
1755,497,1,2
1755,498,1,2
1755,499,1,2
1755,500,1,2
1755,501,1,2
1755,502,1,2
1755,503,1,2
1755,504,1,2
1755,505,1,2
1755,506,1,2
1755,507,1,2
1755,508,1,2
1755,509,1,2
1755,510,1,2
1755,511,1,2
1755,512,1,2
1755,513,1,2
1755,514,1,2
1755,515,1,2
1755,516,1,2
1755,517,1,2
1755,518,1,2
1755,519,1,2
1755,520,1,2
1755,521,1,2
1755,522,1,2
1755,523,1,2
1755,524,1,2
1755,525,1,2
1755,526,1,2
1755,527,1,2
1755,528,1,2
1755,529,1,2
1755,530,1,2
1755,531,1,2
1755,532,1,2
1755,533,1,2
1755,534,1,2
1755,535,1,2
1755,536,1,2
1755,537,1,2
1755,538,1,2
1755,539,1,2
1755,540,1,2
1755,541,1,2
1755,542,1,2
1755,543,1,2
1755,544,1,2
1755,545,1,2
1755,546,1,2
1755,547,1,2
1755,548,1,2
1755,549,1,2
1755,550,1,2
1755,551,1,2
1755,552,1,2
1755,553,1,2
1755,554,1,2
1755,555,1,2
1755,556,1,2
1755,557,1,2
1755,558,1,2
1755,559,1,2
1755,560,1,2
1755,561,1,2
1755,562,1,2
1755,563,1,2
1755,564,1,2
1755,565,1,2
1755,566,1,2
1755,567,1,2
1755,568,1,2
1755,569,1,2
1755,570,1,2
1755,571,1,2
1755,572,1,2
1755,573,1,2
1755,574,1,2
1755,575,1,2
1755,576,1,2
1755,577,1,2
1755,578,1,2
1755,579,1,2
1755,580,1,2
1755,581,1,2
1755,582,1,2
1755,583,1,2
1755,584,1,2
1755,585,1,2
1755,586,1,2
1755,587,1,2
1755,588,1,2
1755,589,1,2
1755,590,1,2
1755,591,1,2
1755,592,1,2
1755,593,1,2
1755,594,1,2
1755,595,1,2
1755,596,1,2
1755,597,1,2
1755,598,1,2
1755,608,1,2
1755,609,1,2
1755,610,1,2
1755,611,1,2
1755,612,1,2
1755,613,1,2
1755,614,1,2
1755,615,1,2
1755,616,1,2
1755,617,1,2
1755,618,1,2
1755,619,1,2
1755,620,1,2
1755,621,1,2
1755,622,1,2
1755,623,1,2
1755,624,1,2
1755,625,1,2
1755,626,1,2
1755,627,1,2
1755,628,1,2
1755,629,1,2
1755,630,1,2
1755,631,1,2
1755,632,1,2
1755,633,1,2
1755,634,1,2
1755,635,1,2
1755,636,1,2
1755,637,1,2
1755,638,1,2
1755,639,1,2
1755,640,1,2
1755,641,1,2
1756,169,1,2
1756,170,1,2
1756,171,1,2
1756,172,1,2
1756,173,1,2
1756,174,1,2
1756,175,1,2
1756,176,1,2
1756,177,1,2
1756,178,1,2
1756,179,1,2
1756,180,1,2
1756,181,1,2
1756,182,1,2
1756,183,1,2
1756,184,1,2
1756,185,1,3
1756,186,1,3
1756,187,1,3
1756,188,1,3
1756,189,1,3
1756,190,1,3
1756,191,1,3
1756,192,1,2
1756,193,1,2
1756,194,1,2
1756,195,1,2
1756,196,1,2
1756,197,1,2
1756,198,1,2
1756,199,1,2
1756,200,1,2
1756,201,1,2
1756,202,1,2
1756,203,1,2
1756,204,1,2
1756,205,1,2
1756,206,1,2
1756,207,1,2
1756,208,1,2
1756,209,1,2
1756,210,1,2
1756,211,1,2
1756,212,1,2
1756,213,1,2
1756,214,1,2
1756,215,1,2
1756,216,1,2
1756,217,1,2
1756,218,1,2
1756,219,1,2
1756,220,1,2
1756,221,1,2
1756,222,1,2
1756,223,1,2
1756,224,1,2
1756,225,1,2
1756,226,1,2
1756,227,1,2
1756,228,1,2
1756,229,1,2
1756,230,1,2
1756,231,1,2
1756,232,1,2
1756,233,1,2
1756,234,1,2
1756,235,1,2
1756,236,1,2
1756,237,1,2
1756,238,1,2
1756,239,1,2
1756,240,1,2
1756,241,1,2
1756,242,1,2
1756,243,1,2
1756,244,1,2
1756,245,1,2
1756,246,1,2
1756,247,1,2
1756,248,1,2
1756,249,1,2
1756,250,1,2
1756,251,1,2
1756,252,1,2
1756,253,1,2
1756,254,1,2
1756,255,1,2
1756,256,1,2
1756,257,1,2
1756,258,1,2
1756,259,1,2
1756,260,1,2
1756,261,1,2
1756,262,1,2
1756,263,1,2
1756,264,1,2
1756,265,1,2
1756,266,1,2
1756,267,1,2
1756,268,1,2
1756,269,1,2
1756,270,1,2
1756,271,1,2
1756,272,1,2
1756,273,1,2
1756,274,1,2
1756,275,1,2
1756,276,1,2
1756,277,1,2
1756,278,1,2
1756,279,1,2
1756,280,1,2
1756,281,1,2
1756,282,1,2
1756,283,1,2
1756,284,1,2
1756,285,1,2
1756,286,1,2
1756,287,1,2
1756,288,1,2
1756,289,1,2
1756,290,1,2
1756,291,1,2
1756,292,1,2
1756,293,1,2
1756,294,1,2
1756,295,1,2
1756,296,1,2
1756,297,1,2
1756,298,1,2
1756,299,1,2
1756,300,1,2
1756,301,1,2
1756,302,1,2
1756,303,1,2
1756,304,1,2
1756,305,1,2
1756,306,1,2
1756,307,1,2
1756,308,1,2
1756,309,1,2
1756,310,1,2
1756,311,1,2
1756,312,1,2
1756,313,1,2
1756,314,1,2
1756,315,1,2
1756,316,1,2
1756,317,1,2
1756,318,1,2
1756,319,1,2
1756,320,1,2
1756,321,1,2
1756,322,1,2
1756,323,1,2
1756,324,1,2
1756,325,1,2
1756,326,1,2
1756,327,1,2
1756,328,1,2
1756,329,1,2
1756,330,1,2
1756,331,1,2
1756,332,1,2
1756,333,1,2
1756,334,1,2
1756,335,1,2
1756,336,1,2
1756,337,1,2
1756,338,1,2
1756,339,1,2
1756,340,1,2
1756,341,1,2
1756,342,1,2
1756,343,1,2
1756,344,1,2
1756,345,1,2
1756,346,1,2
1756,347,1,2
1756,348,1,2
1756,349,1,2
1756,350,1,2
1756,351,1,2
1756,352,1,2
1756,353,1,2
1756,354,1,2
1756,355,1,2
1756,356,1,2
1756,357,1,2
1756,358,1,2
1756,359,1,2
1756,360,1,2
1756,361,1,2
1756,362,1,2
1756,363,1,2
1756,364,1,2
1756,365,1,2
1756,366,1,2
1756,367,1,2
1756,368,1,2
1756,369,1,2
1756,370,1,2
1756,371,1,2
1756,372,1,2
1756,373,1,2
1756,374,1,2
1756,375,1,2
1756,376,1,2
1756,377,1,2
1756,378,1,2
1756,379,1,2
1756,380,1,2
1756,381,1,2
1756,382,1,2
1756,383,1,2
1756,384,1,2
1756,385,1,2
1756,386,1,2
1756,387,1,2
1756,388,1,2
1756,389,1,2
1756,390,1,2
1756,391,1,2
1756,392,1,2
1756,393,1,2
1756,394,1,2
1756,395,1,2
1756,396,1,2
1756,397,1,2
1756,398,1,2
1756,399,1,2
1756,400,1,2
1756,401,1,2
1756,402,1,2
1756,403,1,2
1756,404,1,2
1756,405,1,2
1756,406,1,2
1756,407,1,2
1756,408,1,2
1756,409,1,2
1756,410,1,2
1756,411,1,2
1756,412,1,2
1756,413,1,2
1756,414,1,2
1756,415,1,2
1756,416,1,2
1756,417,1,2
1756,418,1,2
1756,419,1,2
1756,420,1,2
1756,421,1,2
1756,422,1,2
1756,423,1,2
1756,424,1,2
1756,425,1,2
1756,426,1,2
1756,427,1,2
1756,428,1,2
1756,429,1,2
1756,430,1,2
1756,431,1,2
1756,432,1,2
1756,433,1,2
1756,434,1,2
1756,435,1,2
1756,436,1,2
1756,437,1,2
1756,438,1,2
1756,439,1,2
1756,440,1,2
1756,441,1,2
1756,442,1,2
1756,443,1,2
1756,444,1,2
1756,445,1,2
1756,446,1,2
1756,447,1,2
1756,448,1,2
1756,449,1,2
1756,450,1,2
1756,451,1,2
1756,452,1,2
1756,453,1,2
1756,454,1,2
1756,455,1,2
1756,456,1,2
1756,457,1,2
1756,458,1,2
1756,459,1,2
1756,460,1,2
1756,461,1,2
1756,462,1,2
1756,463,1,2
1756,464,1,2
1756,465,1,2
1756,466,1,2
1756,467,1,2
1756,468,1,2
1756,469,1,2
1756,470,1,2
1756,471,1,2
1756,472,1,2
1756,473,1,2
1756,474,1,2
1756,475,1,2
1756,476,1,2
1756,477,1,2
1756,478,1,2
1756,479,1,2
1756,480,1,2
1756,481,1,3
1756,482,1,3
1756,483,1,3
1756,484,1,3
1756,485,1,3
1756,486,1,3
1756,487,1,3
1756,488,1,2
1756,489,1,2
1756,490,1,2
1756,491,1,2
1756,492,1,2
1756,493,1,2
1756,494,1,2
1756,495,1,2
1756,496,1,2
1756,497,1,3
1756,498,1,3
1756,499,1,3
1756,500,1,3
1756,501,1,2
1756,502,1,2
1756,503,1,2
1756,504,1,2
1756,505,1,2
1756,506,1,2
1756,507,1,2
1756,508,1,2
1756,509,1,2
1756,510,1,2
1756,511,1,2
1756,512,1,2
1756,513,1,2
1756,514,1,2
1756,515,1,2
1756,516,1,2
1756,517,1,2
1756,518,1,2
1756,519,1,2
1756,520,1,2
1756,521,1,2
1756,522,1,2
1756,523,1,2
1756,524,1,2
1756,525,1,2
1756,526,1,2
1756,527,1,2
1756,528,1,2
1756,529,1,2
1756,530,1,2
1756,531,1,2
1756,532,1,2
1756,533,1,2
1756,534,1,2
1756,535,1,2
1756,536,1,2
1756,537,1,2
1756,538,1,2
1756,539,1,2
1756,540,1,2
1756,541,1,2
1756,542,1,2
1756,543,1,2
1756,544,1,2
1756,545,1,2
1756,546,1,2
1756,547,1,2
1756,548,1,2
1756,549,1,2
1756,550,1,2
1756,551,1,2
1756,552,1,2
1756,553,1,2
1756,554,1,2
1756,555,1,2
1756,556,1,2
1756,557,1,2
1756,558,1,2
1756,559,1,2
1756,560,1,2
1756,561,1,2
1756,562,1,2
1756,563,1,2
1756,564,1,2
1756,565,1,2
1756,566,1,2
1756,567,1,2
1756,568,1,2
1756,569,1,2
1756,570,1,2
1756,571,1,2
1756,572,1,2
1756,573,1,2
1756,574,1,2
1756,575,1,2
1756,576,1,2
1756,577,1,2
1756,578,1,2
1756,579,1,2
1756,580,1,2
1756,581,1,2
1756,582,1,2
1756,583,1,2
1756,584,1,2
1756,585,1,2
1756,586,1,2
1756,587,1,2
1756,588,1,2
1756,589,1,2
1756,590,1,2
1756,591,1,2
1756,592,1,2
1756,593,1,2
1756,594,1,2
1756,595,1,2
1756,596,1,2
1756,597,1,2
1756,598,1,2
1756,607,1,2
1756,608,1,2
1756,609,1,2
1756,610,1,2
1756,611,1,2
1756,612,1,2
1756,613,1,2
1756,614,1,2
1756,615,1,2
1756,616,1,2
1756,617,1,2
1756,618,1,2
1756,619,1,2
1756,620,1,2
1756,621,1,2
1756,622,1,2
1756,623,1,2
1756,624,1,2
1756,625,1,2
1756,626,1,2
1756,627,1,2
1756,628,1,2
1756,629,1,2
1756,630,1,2
1756,631,1,2
1756,632,1,2
1756,633,1,2
1756,634,1,2
1756,635,1,2
1756,636,1,2
1756,637,1,2
1756,638,1,2
1756,639,1,2
1756,640,1,2
1756,641,1,2
1756,642,1,2
1756,643,1,2
1757,168,1,2
1757,169,1,2
1757,170,1,2
1757,171,1,2
1757,172,1,2
1757,173,1,2
1757,174,1,2
1757,175,1,2
1757,176,1,2
1757,177,1,2
1757,178,1,2
1757,179,1,2
1757,180,1,2
1757,181,1,2
1757,182,1,2
1757,183,1,2
1757,184,1,3
1757,185,1,3
1757,186,1,3
1757,187,1,3
1757,188,1,3
1757,189,1,3
1757,190,1,3
1757,191,1,3
1757,192,1,2
1757,193,1,2
1757,194,1,2
1757,195,1,2
1757,196,1,2
1757,197,1,2
1757,198,1,2
1757,199,1,2
1757,200,1,2
1757,201,1,2
1757,202,1,2
1757,203,1,2
1757,204,1,2
1757,205,1,2
1757,206,1,2
1757,207,1,2
1757,208,1,2
1757,209,1,2
1757,210,1,2
1757,211,1,2
1757,212,1,2
1757,213,1,2
1757,214,1,2
1757,215,1,2
1757,216,1,2
1757,217,1,2
1757,218,1,2
1757,219,1,2
1757,220,1,2
1757,221,1,2
1757,222,1,2
1757,223,1,2
1757,224,1,2
1757,225,1,2
1757,226,1,2
1757,227,1,2
1757,228,1,2
1757,229,1,2
1757,230,1,2
1757,231,1,2
1757,232,1,2
1757,233,1,2
1757,234,1,2
1757,235,1,2
1757,236,1,2
1757,237,1,2
1757,238,1,2
1757,239,1,2
1757,240,1,2
1757,241,1,2
1757,242,1,2
1757,243,1,2
1757,244,1,2
1757,245,1,2
1757,246,1,2
1757,247,1,2
1757,248,1,2
1757,249,1,2
1757,250,1,2
1757,251,1,2
1757,252,1,2
1757,253,1,2
1757,254,1,2
1757,255,1,2
1757,256,1,2
1757,257,1,2
1757,258,1,2
1757,259,1,2
1757,260,1,2
1757,261,1,2
1757,262,1,2
1757,263,1,2
1757,264,1,2
1757,265,1,2
1757,266,1,2
1757,267,1,2
1757,268,1,2
1757,269,1,2
1757,270,1,2
1757,271,1,2
1757,272,1,2
1757,273,1,2
1757,274,1,2
1757,275,1,2
1757,276,1,2
1757,277,1,2
1757,278,1,2
1757,279,1,2
1757,280,1,2
1757,281,1,2
1757,282,1,2
1757,283,1,2
1757,284,1,2
1757,285,1,2
1757,286,1,2
1757,287,1,2
1757,288,1,2
1757,289,1,2
1757,290,1,2
1757,291,1,2
1757,292,1,2
1757,293,1,2
1757,294,1,2
1757,295,1,2
1757,296,1,2
1757,297,1,2
1757,298,1,2
1757,299,1,2
1757,300,1,2
1757,301,1,2
1757,302,1,2
1757,303,1,2
1757,304,1,2
1757,305,1,2
1757,306,1,2
1757,307,1,2
1757,308,1,2
1757,309,1,2
1757,310,1,2
1757,311,1,2
1757,312,1,2
1757,313,1,2
1757,314,1,2
1757,315,1,2
1757,316,1,2
1757,317,1,2
1757,318,1,2
1757,319,1,2
1757,320,1,2
1757,321,1,2
1757,322,1,2
1757,323,1,2
1757,324,1,2
1757,325,1,2
1757,326,1,2
1757,327,1,2
1757,328,1,2
1757,329,1,2
1757,330,1,2
1757,331,1,2
1757,332,1,2
1757,333,1,2
1757,334,1,2
1757,335,1,2
1757,336,1,2
1757,337,1,2
1757,338,1,2
1757,339,1,2
1757,340,1,2
1757,341,1,2
1757,342,1,2
1757,343,1,2
1757,344,1,2
1757,345,1,2
1757,346,1,2
1757,347,1,2
1757,348,1,2
1757,349,1,2
1757,350,1,2
1757,351,1,2
1757,352,1,2
1757,353,1,2
1757,354,1,2
1757,355,1,2
1757,356,1,2
1757,357,1,2
1757,358,1,2
1757,359,1,2
1757,360,1,2
1757,361,1,2
1757,362,1,2
1757,363,1,2
1757,364,1,2
1757,365,1,2
1757,366,1,2
1757,367,1,2
1757,368,1,2
1757,369,1,2
1757,370,1,2
1757,371,1,2
1757,372,1,2
1757,373,1,2
1757,374,1,2
1757,375,1,2
1757,376,1,2
1757,377,1,2
1757,378,1,2
1757,379,1,2
1757,380,1,2
1757,381,1,2
1757,382,1,2
1757,383,1,2
1757,384,1,2
1757,385,1,2
1757,386,1,2
1757,387,1,2
1757,388,1,2
1757,389,1,2
1757,390,1,2
1757,391,1,2
1757,392,1,2
1757,393,1,2
1757,394,1,2
1757,395,1,2
1757,396,1,2
1757,397,1,2
1757,398,1,2
1757,399,1,2
1757,400,1,2
1757,401,1,2
1757,402,1,2
1757,403,1,2
1757,404,1,2
1757,405,1,2
1757,406,1,2
1757,407,1,2
1757,408,1,2
1757,409,1,2
1757,410,1,2
1757,411,1,2
1757,412,1,2
1757,413,1,2
1757,414,1,2
1757,415,1,2
1757,416,1,2
1757,417,1,2
1757,418,1,2
1757,419,1,2
1757,420,1,2
1757,421,1,2
1757,422,1,2
1757,423,1,2
1757,424,1,2
1757,425,1,2
1757,426,1,2
1757,427,1,2
1757,428,1,2
1757,429,1,2
1757,430,1,2
1757,431,1,2
1757,432,1,2
1757,433,1,2
1757,434,1,2
1757,435,1,2
1757,436,1,2
1757,437,1,2
1757,438,1,2
1757,439,1,2
1757,440,1,2
1757,441,1,2
1757,442,1,2
1757,443,1,2
1757,444,1,2
1757,445,1,2
1757,446,1,2
1757,447,1,2
1757,448,1,2
1757,449,1,2
1757,450,1,2
1757,451,1,2
1757,452,1,2
1757,453,1,2
1757,454,1,2
1757,455,1,2
1757,456,1,2
1757,457,1,2
1757,458,1,2
1757,459,1,2
1757,460,1,2
1757,461,1,2
1757,462,1,2
1757,463,1,2
1757,464,1,2
1757,465,1,2
1757,466,1,2
1757,467,1,2
1757,468,1,2
1757,469,1,2
1757,470,1,2
1757,471,1,2
1757,472,1,2
1757,473,1,2
1757,474,1,2
1757,475,1,2
1757,476,1,2
1757,477,1,3
1757,478,1,3
1757,479,1,3
1757,480,1,3
1757,481,1,3
1757,482,1,3
1757,483,1,3
1757,484,1,3
1757,485,1,3
1757,486,1,3
1757,487,1,3
1757,488,1,3
1757,489,1,3
1757,490,1,3
1757,491,1,3
1757,492,1,3
1757,493,1,3
1757,494,1,3
1757,495,1,3
1757,496,1,3
1757,497,1,3
1757,498,1,3
1757,499,1,3
1757,500,1,3
1757,501,1,3
1757,502,1,3
1757,503,1,3
1757,504,1,3
1757,505,1,3
1757,506,1,3
1757,507,1,3
1757,508,1,3
1757,509,1,3
1757,510,1,3
1757,511,1,3
1757,512,1,2
1757,513,1,2
1757,514,1,2
1757,515,1,2
1757,516,1,2
1757,517,1,2
1757,518,1,2
1757,519,1,2
1757,520,1,2
1757,521,1,2
1757,522,1,2
1757,523,1,2
1757,524,1,2
1757,525,1,2
1757,526,1,2
1757,527,1,2
1757,528,1,2
1757,529,1,2
1757,530,1,2
1757,531,1,2
1757,532,1,2
1757,533,1,2
1757,534,1,2
1757,535,1,2
1757,536,1,2
1757,537,1,2
1757,538,1,2
1757,539,1,2
1757,540,1,2
1757,541,1,2
1757,542,1,2
1757,543,1,2
1757,544,1,2
1757,545,1,2
1757,546,1,2
1757,547,1,2
1757,548,1,2
1757,549,1,2
1757,550,1,2
1757,551,1,2
1757,552,1,2
1757,553,1,2
1757,554,1,2
1757,555,1,2
1757,556,1,2
1757,557,1,2
1757,558,1,2
1757,559,1,2
1757,560,1,2
1757,561,1,2
1757,562,1,2
1757,563,1,2
1757,564,1,2
1757,565,1,2
1757,566,1,2
1757,567,1,2
1757,568,1,2
1757,569,1,2
1757,570,1,2
1757,571,1,2
1757,572,1,2
1757,573,1,2
1757,574,1,2
1757,575,1,2
1757,576,1,2
1757,577,1,2
1757,578,1,3
1757,579,1,3
1757,580,1,3
1757,581,1,3
1757,582,1,3
1757,583,1,3
1757,584,1,3
1757,585,1,3
1757,586,1,3
1757,587,1,3
1757,588,1,3
1757,589,1,3
1757,590,1,3
1757,591,1,3
1757,592,1,3
1757,593,1,2
1757,594,1,2
1757,595,1,2
1757,596,1,2
1757,597,1,2
1757,598,1,2
1757,599,1,2
1757,606,1,2
1757,607,1,2
1757,608,1,2
1757,609,1,2
1757,610,1,2
1757,611,1,2
1757,612,1,2
1757,613,1,2
1757,614,1,2
1757,615,1,2
1757,616,1,2
1757,617,1,2
1757,618,1,2
1757,619,1,2
1757,620,1,2
1757,621,1,2
1757,622,1,2
1757,623,1,2
1757,624,1,2
1757,625,1,2
1757,626,1,2
1757,627,1,2
1757,628,1,2
1757,629,1,2
1757,630,1,2
1757,631,1,2
1757,632,1,2
1757,633,1,2
1757,634,1,2
1757,635,1,2
1757,636,1,2
1757,637,1,2
1757,638,1,2
1757,639,1,2
1757,640,1,2
1757,641,1,2
1757,642,1,2
1757,643,1,2
1758,168,1,2
1758,169,1,2
1758,170,1,2
1758,171,1,2
1758,172,1,2
1758,173,1,2
1758,174,1,2
1758,175,1,2
1758,176,1,2
1758,177,1,2
1758,178,1,2
1758,179,1,2
1758,180,1,2
1758,181,1,2
1758,182,1,2
1758,183,1,2
1758,184,1,3
1758,185,1,3
1758,186,1,3
1758,187,1,3
1758,188,1,3
1758,189,1,3
1758,190,1,3
1758,191,1,3
1758,192,1,2
1758,193,1,2
1758,194,1,2
1758,195,1,2
1758,196,1,2
1758,197,1,2
1758,198,1,2
1758,199,1,2
1758,200,1,2
1758,201,1,2
1758,202,1,2
1758,203,1,2
1758,204,1,2
1758,205,1,2
1758,206,1,2
1758,207,1,2
1758,208,1,2
1758,209,1,2
1758,210,1,2
1758,211,1,2
1758,212,1,2
1758,213,1,2
1758,214,1,2
1758,215,1,2
1758,216,1,2
1758,217,1,2
1758,218,1,2
1758,219,1,2
1758,220,1,2
1758,221,1,2
1758,222,1,2
1758,223,1,2
1758,224,1,2
1758,225,1,2
1758,226,1,2
1758,227,1,2
1758,228,1,2
1758,229,1,2
1758,230,1,2
1758,231,1,2
1758,232,1,2
1758,233,1,2
1758,234,1,2
1758,235,1,2
1758,236,1,2
1758,237,1,2
1758,238,1,2
1758,239,1,2
1758,240,1,2
1758,241,1,2
1758,242,1,2
1758,243,1,2
1758,244,1,2
1758,245,1,2
1758,246,1,2
1758,247,1,2
1758,248,1,2
1758,249,1,2
1758,250,1,2
1758,251,1,2
1758,252,1,2
1758,253,1,2
1758,254,1,2
1758,255,1,2
1758,256,1,2
1758,257,1,2
1758,258,1,2
1758,259,1,2
1758,260,1,2
1758,261,1,2
1758,262,1,2
1758,263,1,2
1758,264,1,2
1758,265,1,2
1758,266,1,2
1758,267,1,2
1758,268,1,2
1758,269,1,2
1758,270,1,2
1758,271,1,2
1758,272,1,2
1758,273,1,2
1758,274,1,2
1758,275,1,2
1758,276,1,2
1758,277,1,2
1758,278,1,2
1758,279,1,2
1758,280,1,2
1758,281,1,2
1758,282,1,2
1758,283,1,2
1758,284,1,2
1758,285,1,2
1758,286,1,2
1758,287,1,2
1758,288,1,2
1758,289,1,2
1758,290,1,2
1758,291,1,2
1758,292,1,2
1758,293,1,2
1758,294,1,2
1758,295,1,2
1758,296,1,2
1758,297,1,2
1758,298,1,2
1758,299,1,2
1758,300,1,2
1758,301,1,2
1758,302,1,2
1758,303,1,2
1758,304,1,2
1758,305,1,2
1758,306,1,2
1758,307,1,2
1758,308,1,2
1758,309,1,2
1758,310,1,2
1758,311,1,2
1758,312,1,2
1758,313,1,2
1758,314,1,2
1758,315,1,2
1758,316,1,2
1758,317,1,2
1758,318,1,2
1758,319,1,2
1758,320,1,2
1758,321,1,2
1758,322,1,2
1758,323,1,2
1758,324,1,2
1758,325,1,2
1758,326,1,2
1758,327,1,2
1758,328,1,2
1758,329,1,2
1758,330,1,2
1758,331,1,2
1758,332,1,2
1758,333,1,2
1758,334,1,2
1758,335,1,2
1758,336,1,2
1758,337,1,2
1758,338,1,2
1758,339,1,2
1758,340,1,2
1758,341,1,2
1758,342,1,2
1758,343,1,2
1758,344,1,2
1758,345,1,2
1758,346,1,2
1758,347,1,2
1758,348,1,2
1758,349,1,2
1758,350,1,2
1758,351,1,2
1758,352,1,2
1758,353,1,2
1758,354,1,2
1758,355,1,2
1758,356,1,2
1758,357,1,2
1758,358,1,2
1758,359,1,2
1758,360,1,2
1758,361,1,2
1758,362,1,2
1758,363,1,2
1758,364,1,2
1758,365,1,2
1758,366,1,2
1758,367,1,2
1758,368,1,2
1758,369,1,2
1758,370,1,2
1758,371,1,2
1758,372,1,2
1758,373,1,2
1758,374,1,2
1758,375,1,2
1758,376,1,2
1758,377,1,2
1758,378,1,2
1758,379,1,2
1758,380,1,2
1758,381,1,2
1758,382,1,2
1758,383,1,2
1758,384,1,2
1758,385,1,2
1758,386,1,2
1758,387,1,2
1758,388,1,2
1758,389,1,2
1758,390,1,2
1758,391,1,2
1758,392,1,2
1758,393,1,2
1758,394,1,2
1758,395,1,2
1758,396,1,2
1758,397,1,2
1758,398,1,2
1758,399,1,2
1758,400,1,2
1758,401,1,2
1758,402,1,2
1758,403,1,2
1758,404,1,2
1758,405,1,2
1758,406,1,2
1758,407,1,2
1758,408,1,2
1758,409,1,2
1758,410,1,2
1758,411,1,2
1758,412,1,2
1758,413,1,2
1758,414,1,2
1758,415,1,2
1758,416,1,2
1758,417,1,2
1758,418,1,2
1758,419,1,2
1758,420,1,2
1758,421,1,2
1758,422,1,2
1758,423,1,2
1758,424,1,2
1758,425,1,2
1758,426,1,2
1758,427,1,2
1758,428,1,2
1758,429,1,2
1758,430,1,2
1758,431,1,2
1758,432,1,2
1758,433,1,2
1758,434,1,2
1758,435,1,2
1758,436,1,2
1758,437,1,2
1758,438,1,2
1758,439,1,2
1758,440,1,2
1758,441,1,2
1758,442,1,2
1758,443,1,2
1758,444,1,2
1758,445,1,2
1758,446,1,2
1758,447,1,2
1758,448,1,2
1758,449,1,2
1758,450,1,2
1758,451,1,2
1758,452,1,2
1758,453,1,2
1758,454,1,2
1758,455,1,2
1758,456,1,2
1758,457,1,2
1758,458,1,2
1758,459,1,2
1758,460,1,2
1758,461,1,2
1758,462,1,2
1758,463,1,2
1758,464,1,2
1758,465,1,2
1758,466,1,2
1758,467,1,2
1758,468,1,2
1758,469,1,2
1758,470,1,2
1758,471,1,2
1758,472,1,2
1758,473,1,3
1758,474,1,3
1758,475,1,3
1758,476,1,3
1758,477,1,3
1758,478,1,3
1758,479,1,3
1758,480,1,3
1758,481,1,3
1758,482,1,3
1758,483,1,3
1758,484,1,3
1758,485,1,3
1758,486,1,3
1758,487,1,3
1758,488,1,3
1758,489,1,3
1758,490,1,3
1758,491,1,3
1758,492,1,3
1758,493,1,3
1758,494,1,3
1758,495,1,3
1758,496,1,3
1758,497,1,3
1758,498,1,3
1758,499,1,3
1758,500,1,3
1758,501,1,3
1758,502,1,3
1758,503,1,3
1758,504,1,3
1758,505,1,3
1758,506,1,3
1758,507,1,3
1758,508,1,3
1758,509,1,3
1758,510,1,3
1758,511,1,3
1758,512,1,3
1758,513,1,2
1758,514,1,2
1758,515,1,2
1758,516,1,2
1758,517,1,2
1758,518,1,2
1758,519,1,2
1758,520,1,2
1758,521,1,2
1758,522,1,2
1758,523,1,2
1758,524,1,2
1758,525,1,2
1758,526,1,2
1758,527,1,2
1758,528,1,2
1758,529,1,2
1758,530,1,2
1758,531,1,2
1758,532,1,2
1758,533,1,2
1758,534,1,2
1758,535,1,2
1758,536,1,2
1758,537,1,2
1758,538,1,2
1758,539,1,2
1758,540,1,2
1758,541,1,2
1758,542,1,2
1758,543,1,2
1758,544,1,2
1758,545,1,2
1758,546,1,2
1758,547,1,2
1758,548,1,2
1758,549,1,2
1758,550,1,2
1758,551,1,2
1758,552,1,2
1758,553,1,2
1758,554,1,2
1758,555,1,2
1758,556,1,2
1758,557,1,2
1758,558,1,2
1758,559,1,2
1758,560,1,2
1758,561,1,2
1758,562,1,2
1758,563,1,2
1758,564,1,2
1758,565,1,2
1758,566,1,2
1758,567,1,2
1758,568,1,2
1758,569,1,2
1758,570,1,2
1758,571,1,2
1758,572,1,2
1758,573,1,2
1758,574,1,2
1758,575,1,3
1758,576,1,3
1758,577,1,3
1758,578,1,3
1758,579,1,3
1758,580,1,3
1758,581,1,3
1758,582,1,3
1758,583,1,3
1758,584,1,3
1758,585,1,3
1758,586,1,3
1758,587,1,3
1758,588,1,3
1758,589,1,3
1758,590,1,3
1758,591,1,3
1758,592,1,3
1758,593,1,3
1758,594,1,2
1758,595,1,2
1758,596,1,2
1758,597,1,2
1758,598,1,2
1758,599,1,2
1758,605,1,2
1758,606,1,2
1758,607,1,2
1758,608,1,2
1758,609,1,2
1758,610,1,2
1758,611,1,2
1758,612,1,2
1758,613,1,2
1758,614,1,2
1758,615,1,2
1758,616,1,2
1758,617,1,2
1758,618,1,2
1758,619,1,2
1758,620,1,2
1758,621,1,2
1758,622,1,2
1758,623,1,2
1758,624,1,2
1758,625,1,2
1758,626,1,2
1758,627,1,2
1758,628,1,2
1758,629,1,2
1758,630,1,2
1758,631,1,2
1758,632,1,2
1758,633,1,2
1758,634,1,2
1758,635,1,2
1758,636,1,2
1758,637,1,2
1758,638,1,2
1758,639,1,2
1758,640,1,2
1758,641,1,2
1758,642,1,2
1758,643,1,2
1758,644,1,2
1759,167,1,2
1759,168,1,2
1759,169,1,2
1759,170,1,2
1759,171,1,2
1759,172,1,2
1759,173,1,2
1759,174,1,2
1759,175,1,2
1759,176,1,2
1759,177,1,2
1759,178,1,2
1759,179,1,2
1759,180,1,2
1759,181,1,2
1759,182,1,2
1759,183,1,3
1759,184,1,3
1759,185,1,3
1759,186,1,3
1759,187,1,3
1759,188,1,3
1759,189,1,3
1759,190,1,3
1759,191,1,3
1759,192,1,3
1759,193,1,2
1759,194,1,2
1759,195,1,2
1759,196,1,2
1759,197,1,2
1759,198,1,2
1759,199,1,2
1759,200,1,2
1759,201,1,2
1759,202,1,2
1759,203,1,2
1759,204,1,2
1759,205,1,2
1759,206,1,2
1759,207,1,2
1759,208,1,2
1759,209,1,2
1759,210,1,2
1759,211,1,2
1759,212,1,2
1759,213,1,2
1759,214,1,2
1759,215,1,2
1759,216,1,2
1759,217,1,2
1759,218,1,2
1759,219,1,2
1759,220,1,2
1759,221,1,2
1759,222,1,2
1759,223,1,2
1759,224,1,2
1759,225,1,2
1759,226,1,2
1759,227,1,2
1759,228,1,2
1759,229,1,2
1759,230,1,2
1759,231,1,2
1759,232,1,2
1759,233,1,2
1759,234,1,2
1759,235,1,2
1759,236,1,2
1759,237,1,2
1759,238,1,2
1759,239,1,2
1759,240,1,2
1759,241,1,2
1759,242,1,2
1759,243,1,2
1759,244,1,2
1759,245,1,2
1759,246,1,2
1759,247,1,2
1759,248,1,2
1759,249,1,2
1759,250,1,2
1759,251,1,2
1759,252,1,2
1759,253,1,2
1759,254,1,2
1759,255,1,2
1759,256,1,2
1759,257,1,2
1759,258,1,2
1759,259,1,2
1759,260,1,2
1759,261,1,2
1759,262,1,2
1759,263,1,2
1759,264,1,2
1759,265,1,2
1759,266,1,2
1759,267,1,2
1759,268,1,2
1759,269,1,2
1759,270,1,2
1759,271,1,2
1759,272,1,2
1759,273,1,2
1759,274,1,2
1759,275,1,2
1759,276,1,2
1759,277,1,2
1759,278,1,2
1759,279,1,2
1759,280,1,2
1759,281,1,2
1759,282,1,2
1759,283,1,2
1759,284,1,2
1759,285,1,2
1759,286,1,2
1759,287,1,2
1759,288,1,2
1759,289,1,2
1759,290,1,2
1759,291,1,2
1759,292,1,2
1759,293,1,2
1759,294,1,2
1759,295,1,2
1759,296,1,2
1759,297,1,2
1759,298,1,2
1759,299,1,2
1759,300,1,2
1759,301,1,2
1759,302,1,2
1759,303,1,2
1759,304,1,2
1759,305,1,2
1759,306,1,2
1759,307,1,2
1759,308,1,2
1759,309,1,2
1759,310,1,2
1759,311,1,2
1759,312,1,2
1759,313,1,2
1759,314,1,2
1759,315,1,2
1759,316,1,2
1759,317,1,2
1759,318,1,2
1759,319,1,2
1759,320,1,2
1759,321,1,2
1759,322,1,2
1759,323,1,2
1759,324,1,2
1759,325,1,2
1759,326,1,2
1759,327,1,2
1759,328,1,2
1759,329,1,2
1759,330,1,2
1759,331,1,2
1759,332,1,2
1759,333,1,2
1759,334,1,2
1759,335,1,2
1759,336,1,2
1759,337,1,2
1759,338,1,2
1759,339,1,2
1759,340,1,2
1759,341,1,2
1759,342,1,2
1759,343,1,2
1759,344,1,2
1759,345,1,2
1759,346,1,2
1759,347,1,2
1759,348,1,2
1759,349,1,2
1759,350,1,2
1759,351,1,2
1759,352,1,2
1759,353,1,2
1759,354,1,2
1759,355,1,2
1759,356,1,2
1759,357,1,2
1759,358,1,2
1759,359,1,2
1759,360,1,2
1759,361,1,2
1759,362,1,2
1759,363,1,2
1759,364,1,2
1759,365,1,2
1759,366,1,2
1759,367,1,2
1759,368,1,2
1759,369,1,2
1759,370,1,2
1759,371,1,2
1759,372,1,2
1759,373,1,2
1759,374,1,2
1759,375,1,2
1759,376,1,2
1759,377,1,2
1759,378,1,2
1759,379,1,2
1759,380,1,2
1759,381,1,2
1759,382,1,2
1759,383,1,2
1759,384,1,2
1759,385,1,2
1759,386,1,2
1759,387,1,2
1759,388,1,2
1759,389,1,2
1759,390,1,2
1759,391,1,2
1759,392,1,2
1759,393,1,2
1759,394,1,2
1759,395,1,2
1759,396,1,2
1759,397,1,2
1759,398,1,2
1759,399,1,2
1759,400,1,2
1759,401,1,2
1759,402,1,2
1759,403,1,2
1759,404,1,2
1759,405,1,2
1759,406,1,2
1759,407,1,2
1759,408,1,2
1759,409,1,2
1759,410,1,2
1759,411,1,2
1759,412,1,2
1759,413,1,2
1759,414,1,2
1759,415,1,2
1759,416,1,2
1759,417,1,2
1759,418,1,2
1759,419,1,2
1759,420,1,2
1759,421,1,2
1759,422,1,2
1759,423,1,2
1759,424,1,2
1759,425,1,2
1759,426,1,2
1759,427,1,2
1759,428,1,2
1759,429,1,2
1759,430,1,2
1759,431,1,2
1759,432,1,2
1759,433,1,2
1759,434,1,2
1759,435,1,2
1759,436,1,2
1759,437,1,2
1759,438,1,2
1759,439,1,2
1759,440,1,2
1759,441,1,2
1759,442,1,2
1759,443,1,2
1759,444,1,2
1759,445,1,2
1759,446,1,2
1759,447,1,2
1759,448,1,2
1759,449,1,2
1759,450,1,2
1759,451,1,2
1759,452,1,2
1759,453,1,2
1759,454,1,2
1759,455,1,2
1759,456,1,2
1759,457,1,2
1759,458,1,2
1759,459,1,2
1759,460,1,2
1759,461,1,2
1759,462,1,2
1759,463,1,2
1759,464,1,2
1759,465,1,2
1759,466,1,2
1759,467,1,2
1759,468,1,2
1759,469,1,2
1759,470,1,2
1759,471,1,3
1759,472,1,3
1759,473,1,3
1759,474,1,3
1759,475,1,3
1759,476,1,3
1759,477,1,3
1759,478,1,3
1759,479,1,3
1759,480,1,3
1759,481,1,3
1759,482,1,3
1759,483,1,3
1759,484,1,3
1759,485,1,3
1759,486,1,3
1759,487,1,3
1759,488,1,3
1759,489,1,3
1759,490,1,3
1759,491,1,3
1759,492,1,3
1759,493,1,3
1759,494,1,3
1759,495,1,3
1759,496,1,3
1759,497,1,3
1759,498,1,3
1759,499,1,3
1759,500,1,3
1759,501,1,3
1759,502,1,3
1759,503,1,3
1759,504,1,3
1759,505,1,3
1759,506,1,3
1759,507,1,3
1759,508,1,3
1759,509,1,3
1759,510,1,3
1759,511,1,3
1759,512,1,3
1759,513,1,2
1759,514,1,2
1759,515,1,2
1759,516,1,2
1759,517,1,2
1759,518,1,2
1759,519,1,2
1759,520,1,2
1759,521,1,2
1759,522,1,2
1759,523,1,2
1759,524,1,2
1759,525,1,2
1759,526,1,2
1759,527,1,2
1759,528,1,2
1759,529,1,2
1759,530,1,2
1759,531,1,2
1759,532,1,2
1759,533,1,2
1759,534,1,2
1759,535,1,2
1759,536,1,2
1759,537,1,2
1759,538,1,2
1759,539,1,2
1759,540,1,2
1759,541,1,2
1759,542,1,2
1759,543,1,2
1759,544,1,2
1759,545,1,2
1759,546,1,2
1759,547,1,2
1759,548,1,2
1759,549,1,2
1759,550,1,2
1759,551,1,2
1759,552,1,2
1759,553,1,2
1759,554,1,2
1759,555,1,2
1759,556,1,2
1759,557,1,2
1759,558,1,2
1759,559,1,2
1759,560,1,2
1759,561,1,2
1759,562,1,2
1759,563,1,2
1759,564,1,2
1759,565,1,2
1759,566,1,2
1759,567,1,2
1759,568,1,2
1759,569,1,2
1759,570,1,2
1759,571,1,2
1759,572,1,2
1759,573,1,3
1759,574,1,3
1759,575,1,3
1759,576,1,3
1759,577,1,3
1759,578,1,3
1759,579,1,3
1759,580,1,3
1759,581,1,3
1759,582,1,3
1759,583,1,3
1759,584,1,3
1759,585,1,3
1759,586,1,3
1759,587,1,3
1759,588,1,3
1759,589,1,3
1759,590,1,3
1759,591,1,3
1759,592,1,3
1759,593,1,3
1759,594,1,3
1759,595,1,3
1759,596,1,3
1759,597,1,2
1759,598,1,2
1759,599,1,2
1759,605,1,2
1759,606,1,2
1759,607,1,2
1759,608,1,2
1759,609,1,2
1759,610,1,2
1759,611,1,2
1759,612,1,2
1759,613,1,2
1759,614,1,2
1759,615,1,2
1759,616,1,2
1759,617,1,2
1759,618,1,2
1759,619,1,2
1759,620,1,2
1759,621,1,2
1759,622,1,2
1759,623,1,2
1759,624,1,2
1759,625,1,2
1759,626,1,2
1759,627,1,2
1759,628,1,2
1759,629,1,2
1759,630,1,2
1759,631,1,2
1759,632,1,2
1759,633,1,2
1759,634,1,2
1759,635,1,2
1759,636,1,2
1759,637,1,2
1759,638,1,2
1759,639,1,2
1759,640,1,2
1759,641,1,2
1759,642,1,2
1759,643,1,2
1759,644,1,2
1760,166,1,2
1760,167,1,2
1760,168,1,2
1760,169,1,2
1760,170,1,2
1760,171,1,2
1760,172,1,2
1760,173,1,2
1760,174,1,2
1760,175,1,2
1760,176,1,2
1760,177,1,2
1760,178,1,2
1760,179,1,2
1760,180,1,2
1760,181,1,2
1760,182,1,2
1760,183,1,3
1760,184,1,3
1760,185,1,3
1760,186,1,3
1760,187,1,3
1760,188,1,3
1760,189,1,2
1760,190,1,2
1760,191,1,2
1760,192,1,2
1760,193,1,2
1760,194,1,2
1760,195,1,2
1760,196,1,2
1760,197,1,2
1760,198,1,2
1760,199,1,2
1760,200,1,2
1760,201,1,2
1760,202,1,2
1760,203,1,2
1760,204,1,2
1760,205,1,2
1760,206,1,2
1760,207,1,2
1760,208,1,2
1760,209,1,2
1760,210,1,2
1760,211,1,2
1760,212,1,2
1760,213,1,2
1760,214,1,2
1760,215,1,2
1760,216,1,2
1760,217,1,2
1760,218,1,2
1760,219,1,2
1760,220,1,2
1760,221,1,2
1760,222,1,2
1760,223,1,2
1760,224,1,2
1760,225,1,2
1760,226,1,2
1760,227,1,2
1760,228,1,2
1760,229,1,2
1760,230,1,2
1760,231,1,2
1760,232,1,2
1760,233,1,2
1760,234,1,2
1760,235,1,2
1760,236,1,2
1760,237,1,2
1760,238,1,2
1760,239,1,2
1760,240,1,2
1760,241,1,2
1760,242,1,2
1760,243,1,2
1760,244,1,2
1760,245,1,2
1760,246,1,2
1760,247,1,2
1760,248,1,2
1760,249,1,2
1760,250,1,2
1760,251,1,2
1760,252,1,2
1760,253,1,2
1760,254,1,2
1760,255,1,2
1760,256,1,2
1760,257,1,2
1760,258,1,2
1760,259,1,2
1760,260,1,2
1760,261,1,2
1760,262,1,2
1760,263,1,2
1760,264,1,2
1760,265,1,2
1760,266,1,2
1760,267,1,2
1760,268,1,2
1760,269,1,2
1760,270,1,2
1760,271,1,2
1760,272,1,2
1760,273,1,2
1760,274,1,2
1760,275,1,2
1760,276,1,2
1760,277,1,2
1760,278,1,2
1760,279,1,2
1760,280,1,2
1760,281,1,2
1760,282,1,2
1760,283,1,2
1760,284,1,2
1760,285,1,2
1760,286,1,2
1760,287,1,2
1760,288,1,2
1760,289,1,2
1760,290,1,2
1760,291,1,2
1760,292,1,2
1760,293,1,2
1760,294,1,2
1760,295,1,2
1760,296,1,2
1760,297,1,2
1760,298,1,2
1760,299,1,2
1760,300,1,2
1760,301,1,2
1760,302,1,2
1760,303,1,2
1760,304,1,2
1760,305,1,2
1760,306,1,2
1760,307,1,2
1760,308,1,2
1760,309,1,2
1760,310,1,2
1760,311,1,2
1760,312,1,2
1760,313,1,2
1760,314,1,2
1760,315,1,2
1760,316,1,2
1760,317,1,2
1760,318,1,2
1760,319,1,2
1760,320,1,2
1760,321,1,2
1760,322,1,2
1760,323,1,2
1760,324,1,2
1760,325,1,2
1760,326,1,2
1760,327,1,2
1760,328,1,2
1760,329,1,2
1760,330,1,2
1760,331,1,2
1760,332,1,2
1760,333,1,2
1760,334,1,2
1760,335,1,2
1760,336,1,2
1760,337,1,2
1760,338,1,2
1760,339,1,2
1760,340,1,2
1760,341,1,2
1760,342,1,2
1760,343,1,2
1760,344,1,2
1760,345,1,2
1760,346,1,2
1760,347,1,2
1760,348,1,2
1760,349,1,2
1760,350,1,2
1760,351,1,2
1760,352,1,2
1760,353,1,2
1760,354,1,2
1760,355,1,2
1760,356,1,2
1760,357,1,2
1760,358,1,2
1760,359,1,2
1760,360,1,2
1760,361,1,2
1760,362,1,2
1760,363,1,2
1760,364,1,2
1760,365,1,2
1760,366,1,2
1760,367,1,2
1760,368,1,2
1760,369,1,2
1760,370,1,2
1760,371,1,2
1760,372,1,2
1760,373,1,2
1760,374,1,2
1760,375,1,2
1760,376,1,2
1760,377,1,2
1760,378,1,2
1760,379,1,2
1760,380,1,2
1760,381,1,2
1760,382,1,2
1760,383,1,2
1760,384,1,2
1760,385,1,2
1760,386,1,2
1760,387,1,2
1760,388,1,2
1760,389,1,2
1760,390,1,2
1760,391,1,2
1760,392,1,2
1760,393,1,2
1760,394,1,2
1760,395,1,2
1760,396,1,2
1760,397,1,2
1760,398,1,2
1760,399,1,2
1760,400,1,2
1760,401,1,2
1760,402,1,2
1760,403,1,2
1760,404,1,2
1760,405,1,2
1760,406,1,2
1760,407,1,2
1760,408,1,2
1760,409,1,2
1760,410,1,2
1760,411,1,2
1760,412,1,2
1760,413,1,2
1760,414,1,2
1760,415,1,2
1760,416,1,2
1760,417,1,2
1760,418,1,2
1760,419,1,2
1760,420,1,2
1760,421,1,2
1760,422,1,2
1760,423,1,2
1760,424,1,2
1760,425,1,2
1760,426,1,2
1760,427,1,2
1760,428,1,2
1760,429,1,2
1760,430,1,2
1760,431,1,2
1760,432,1,2
1760,433,1,2
1760,434,1,2
1760,435,1,2
1760,436,1,2
1760,437,1,2
1760,438,1,2
1760,439,1,2
1760,440,1,2
1760,441,1,2
1760,442,1,2
1760,443,1,2
1760,444,1,2
1760,445,1,2
1760,446,1,2
1760,447,1,2
1760,448,1,2
1760,449,1,2
1760,450,1,2
1760,451,1,2
1760,452,1,2
1760,453,1,2
1760,454,1,2
1760,455,1,2
1760,456,1,2
1760,457,1,2
1760,458,1,2
1760,459,1,2
1760,460,1,2
1760,461,1,2
1760,462,1,2
1760,463,1,2
1760,464,1,2
1760,465,1,2
1760,466,1,2
1760,467,1,2
1760,468,1,2
1760,469,1,3
1760,470,1,3
1760,471,1,3
1760,472,1,3
1760,473,1,3
1760,474,1,3
1760,475,1,3
1760,476,1,3
1760,477,1,3
1760,478,1,3
1760,479,1,3
1760,480,1,3
1760,481,1,3
1760,482,1,3
1760,483,1,3
1760,484,1,3
1760,485,1,3
1760,486,1,3
1760,487,1,3
1760,488,1,3
1760,489,1,3
1760,490,1,3
1760,491,1,3
1760,492,1,3
1760,493,1,3
1760,494,1,3
1760,495,1,3
1760,496,1,3
1760,497,1,3
1760,498,1,3
1760,499,1,3
1760,500,1,3
1760,501,1,3
1760,502,1,3
1760,503,1,3
1760,504,1,3
1760,505,1,3
1760,506,1,3
1760,507,1,3
1760,508,1,3
1760,509,1,3
1760,510,1,3
1760,511,1,3
1760,512,1,3
1760,513,1,3
1760,514,1,2
1760,515,1,2
1760,516,1,2
1760,517,1,2
1760,518,1,2
1760,519,1,2
1760,520,1,2
1760,521,1,2
1760,522,1,2
1760,523,1,2
1760,524,1,2
1760,525,1,2
1760,526,1,2
1760,527,1,2
1760,528,1,2
1760,529,1,2
1760,530,1,2
1760,531,1,2
1760,532,1,2
1760,533,1,2
1760,534,1,2
1760,535,1,2
1760,536,1,2
1760,537,1,2
1760,538,1,2
1760,539,1,2
1760,540,1,2
1760,541,1,2
1760,542,1,2
1760,543,1,2
1760,544,1,2
1760,545,1,2
1760,546,1,2
1760,547,1,2
1760,548,1,2
1760,549,1,2
1760,550,1,2
1760,551,1,2
1760,552,1,2
1760,553,1,2
1760,554,1,2
1760,555,1,2
1760,556,1,2
1760,557,1,2
1760,558,1,2
1760,559,1,2
1760,560,1,2
1760,561,1,2
1760,562,1,2
1760,563,1,2
1760,564,1,2
1760,565,1,2
1760,566,1,2
1760,567,1,2
1760,568,1,2
1760,569,1,2
1760,570,1,2
1760,571,1,3
1760,572,1,3
1760,573,1,3
1760,574,1,3
1760,575,1,3
1760,576,1,3
1760,577,1,3
1760,578,1,3
1760,579,1,3
1760,580,1,3
1760,581,1,3
1760,582,1,3
1760,583,1,3
1760,584,1,3
1760,585,1,3
1760,586,1,3
1760,587,1,3
1760,588,1,3
1760,589,1,3
1760,590,1,3
1760,591,1,3
1760,592,1,3
1760,593,1,3
1760,594,1,3
1760,595,1,3
1760,596,1,3
1760,597,1,3
1760,598,1,3
1760,599,1,3
1760,600,1,2
1760,604,1,2
1760,605,1,2
1760,606,1,2
1760,607,1,2
1760,608,1,2
1760,609,1,2
1760,610,1,2
1760,611,1,2
1760,612,1,2
1760,613,1,2
1760,614,1,2
1760,615,1,2
1760,616,1,2
1760,617,1,2
1760,618,1,2
1760,619,1,2
1760,620,1,2
1760,621,1,2
1760,622,1,2
1760,623,1,2
1760,624,1,2
1760,625,1,2
1760,626,1,2
1760,627,1,2
1760,628,1,2
1760,629,1,2
1760,630,1,2
1760,631,1,2
1760,632,1,2
1760,633,1,2
1760,634,1,2
1760,635,1,2
1760,636,1,2
1760,637,1,2
1760,638,1,2
1760,639,1,2
1760,640,1,2
1760,641,1,2
1760,642,1,2
1760,643,1,2
1760,644,1,2
1760,645,1,2
1761,166,1,2
1761,167,1,2
1761,168,1,2
1761,169,1,2
1761,170,1,2
1761,171,1,2
1761,172,1,2
1761,173,1,2
1761,174,1,2
1761,175,1,3
1761,176,1,3
1761,177,1,2
1761,178,1,2
1761,179,1,2
1761,180,1,2
1761,181,1,2
1761,182,1,3
1761,183,1,3
1761,184,1,3
1761,185,1,3
1761,186,1,3
1761,187,1,2
1761,188,1,2
1761,189,1,2
1761,190,1,2
1761,191,1,2
1761,192,1,2
1761,193,1,2
1761,194,1,2
1761,195,1,2
1761,196,1,2
1761,197,1,2
1761,198,1,2
1761,199,1,2
1761,200,1,2
1761,201,1,2
1761,202,1,2
1761,203,1,2
1761,204,1,2
1761,205,1,2
1761,206,1,2
1761,207,1,2
1761,208,1,2
1761,209,1,2
1761,210,1,2
1761,211,1,2
1761,212,1,2
1761,213,1,2
1761,214,1,2
1761,215,1,2
1761,216,1,2
1761,217,1,2
1761,218,1,2
1761,219,1,2
1761,220,1,2
1761,221,1,2
1761,222,1,2
1761,223,1,2
1761,224,1,2
1761,225,1,2
1761,226,1,2
1761,227,1,2
1761,228,1,2
1761,229,1,2
1761,230,1,2
1761,231,1,2
1761,232,1,2
1761,233,1,2
1761,234,1,2
1761,235,1,2
1761,236,1,2
1761,237,1,2
1761,238,1,2
1761,239,1,2
1761,240,1,2
1761,241,1,2
1761,242,1,2
1761,243,1,2
1761,244,1,2
1761,245,1,2
1761,246,1,2
1761,247,1,2
1761,248,1,2
1761,249,1,2
1761,250,1,2
1761,251,1,2
1761,252,1,2
1761,253,1,2
1761,254,1,2
1761,255,1,2
1761,256,1,2
1761,257,1,2
1761,258,1,2
1761,259,1,2
1761,260,1,2
1761,261,1,2
1761,262,1,2
1761,263,1,2
1761,264,1,2
1761,265,1,2
1761,266,1,2
1761,267,1,2
1761,268,1,2
1761,269,1,2
1761,270,1,2
1761,271,1,2
1761,272,1,2
1761,273,1,2
1761,274,1,2
1761,275,1,2
1761,276,1,2
1761,277,1,2
1761,278,1,2
1761,279,1,2
1761,280,1,2
1761,281,1,2
1761,282,1,2
1761,283,1,2
1761,284,1,2
1761,285,1,2
1761,286,1,2
1761,287,1,2
1761,288,1,2
1761,289,1,2
1761,290,1,2
1761,291,1,2
1761,292,1,2
1761,293,1,2
1761,294,1,2
1761,295,1,2
1761,296,1,2
1761,297,1,2
1761,298,1,2
1761,299,1,2
1761,300,1,2
1761,301,1,2
1761,302,1,2
1761,303,1,2
1761,304,1,2
1761,305,1,2
1761,306,1,2
1761,307,1,2
1761,308,1,2
1761,309,1,2
1761,310,1,2
1761,311,1,2
1761,312,1,2
1761,313,1,2
1761,314,1,2
1761,315,1,2
1761,316,1,2
1761,317,1,2
1761,318,1,2
1761,319,1,2
1761,320,1,2
1761,321,1,2
1761,322,1,2
1761,323,1,2
1761,324,1,2
1761,325,1,2
1761,326,1,2
1761,327,1,2
1761,328,1,2
1761,329,1,2
1761,330,1,2
1761,331,1,2
1761,332,1,2
1761,333,1,2
1761,334,1,2
1761,335,1,2
1761,336,1,2
1761,337,1,2
1761,338,1,2
1761,339,1,2
1761,340,1,2
1761,341,1,2
1761,342,1,2
1761,343,1,2
1761,344,1,2
1761,345,1,2
1761,346,1,2
1761,347,1,2
1761,348,1,2
1761,349,1,2
1761,350,1,2
1761,351,1,2
1761,352,1,2
1761,353,1,2
1761,354,1,2
1761,355,1,2
1761,356,1,2
1761,357,1,2
1761,358,1,2
1761,359,1,2
1761,360,1,2
1761,361,1,2
1761,362,1,2
1761,363,1,2
1761,364,1,2
1761,365,1,2
1761,366,1,2
1761,367,1,2
1761,368,1,2
1761,369,1,2
1761,370,1,2
1761,371,1,2
1761,372,1,2
1761,373,1,2
1761,374,1,2
1761,375,1,2
1761,376,1,2
1761,377,1,2
1761,378,1,2
1761,379,1,2
1761,380,1,2
1761,381,1,2
1761,382,1,2
1761,383,1,2
1761,384,1,2
1761,385,1,2
1761,386,1,2
1761,387,1,2
1761,388,1,2
1761,389,1,2
1761,390,1,2
1761,391,1,2
1761,392,1,2
1761,393,1,2
1761,394,1,2
1761,395,1,2
1761,396,1,2
1761,397,1,2
1761,398,1,2
1761,399,1,2
1761,400,1,2
1761,401,1,2
1761,402,1,2
1761,403,1,2
1761,404,1,2
1761,405,1,2
1761,406,1,2
1761,407,1,2
1761,408,1,2
1761,409,1,2
1761,410,1,2
1761,411,1,2
1761,412,1,2
1761,413,1,2
1761,414,1,2
1761,415,1,2
1761,416,1,2
1761,417,1,2
1761,418,1,2
1761,419,1,2
1761,420,1,2
1761,421,1,2
1761,422,1,2
1761,423,1,2
1761,424,1,2
1761,425,1,2
1761,426,1,2
1761,427,1,2
1761,428,1,2
1761,429,1,2
1761,430,1,2
1761,431,1,2
1761,432,1,2
1761,433,1,2
1761,434,1,2
1761,435,1,2
1761,436,1,2
1761,437,1,2
1761,438,1,2
1761,439,1,2
1761,440,1,2
1761,441,1,2
1761,442,1,2
1761,443,1,2
1761,444,1,2
1761,445,1,2
1761,446,1,2
1761,447,1,2
1761,448,1,2
1761,449,1,2
1761,450,1,2
1761,451,1,2
1761,452,1,2
1761,453,1,2
1761,454,1,2
1761,455,1,2
1761,456,1,2
1761,457,1,2
1761,458,1,2
1761,459,1,2
1761,460,1,2
1761,461,1,2
1761,462,1,2
1761,463,1,2
1761,464,1,2
1761,465,1,2
1761,466,1,2
1761,467,1,2
1761,468,1,3
1761,469,1,3
1761,470,1,3
1761,471,1,3
1761,472,1,3
1761,473,1,3
1761,474,1,3
1761,475,1,3
1761,476,1,3
1761,477,1,3
1761,478,1,3
1761,479,1,3
1761,480,1,3
1761,481,1,3
1761,482,1,3
1761,483,1,3
1761,484,1,3
1761,485,1,3
1761,486,1,3
1761,487,1,3
1761,488,1,3
1761,489,1,3
1761,490,1,3
1761,491,1,3
1761,492,1,3
1761,493,1,3
1761,494,1,3
1761,495,1,3
1761,496,1,3
1761,497,1,3
1761,498,1,3
1761,499,1,3
1761,500,1,3
1761,501,1,3
1761,502,1,3
1761,503,1,3
1761,504,1,3
1761,505,1,3
1761,506,1,3
1761,507,1,3
1761,508,1,3
1761,509,1,3
1761,510,1,3
1761,511,1,3
1761,512,1,3
1761,513,1,3
1761,514,1,3
1761,515,1,3
1761,516,1,3
1761,517,1,2
1761,518,1,2
1761,519,1,2
1761,520,1,2
1761,521,1,2
1761,522,1,2
1761,523,1,2
1761,524,1,2
1761,525,1,2
1761,526,1,2
1761,527,1,2
1761,528,1,2
1761,529,1,2
1761,530,1,2
1761,531,1,2
1761,532,1,2
1761,533,1,2
1761,534,1,2
1761,535,1,2
1761,536,1,2
1761,537,1,2
1761,538,1,2
1761,539,1,2
1761,540,1,2
1761,541,1,2
1761,542,1,2
1761,543,1,2
1761,544,1,2
1761,545,1,2
1761,546,1,2
1761,547,1,2
1761,548,1,2
1761,549,1,2
1761,550,1,2
1761,551,1,2
1761,552,1,2
1761,553,1,2
1761,554,1,2
1761,555,1,2
1761,556,1,2
1761,557,1,2
1761,558,1,2
1761,559,1,2
1761,560,1,2
1761,561,1,2
1761,562,1,2
1761,563,1,2
1761,564,1,2
1761,565,1,2
1761,566,1,2
1761,567,1,2
1761,568,1,3
1761,569,1,3
1761,570,1,3
1761,571,1,3
1761,572,1,3
1761,573,1,3
1761,574,1,3
1761,575,1,3
1761,576,1,3
1761,577,1,3
1761,578,1,3
1761,579,1,3
1761,580,1,3
1761,581,1,3
1761,582,1,3
1761,583,1,3
1761,584,1,3
1761,585,1,3
1761,586,1,3
1761,587,1,3
1761,588,1,3
1761,589,1,3
1761,590,1,3
1761,591,1,3
1761,592,1,3
1761,593,1,3
1761,594,1,3
1761,595,1,3
1761,596,1,3
1761,597,1,3
1761,598,1,3
1761,599,1,3
1761,600,1,3
1761,604,1,2
1761,605,1,2
1761,606,1,2
1761,607,1,2
1761,608,1,2
1761,609,1,2
1761,610,1,2
1761,611,1,2
1761,612,1,2
1761,613,1,2
1761,614,1,2
1761,615,1,2
1761,616,1,2
1761,617,1,2
1761,618,1,2
1761,619,1,2
1761,620,1,2
1761,621,1,2
1761,622,1,2
1761,623,1,2
1761,624,1,2
1761,625,1,2
1761,626,1,2
1761,627,1,2
1761,628,1,2
1761,629,1,2
1761,630,1,2
1761,631,1,2
1761,632,1,2
1761,633,1,2
1761,634,1,2
1761,635,1,2
1761,636,1,2
1761,637,1,2
1761,638,1,2
1761,639,1,2
1761,640,1,2
1761,641,1,2
1761,642,1,2
1761,643,1,2
1761,644,1,2
1762,165,1,2
1762,166,1,2
1762,167,1,2
1762,168,1,2
1762,169,1,2
1762,170,1,2
1762,171,1,2
1762,172,1,2
1762,173,1,2
1762,174,1,3
1762,175,1,3
1762,176,1,3
1762,177,1,2
1762,178,1,2
1762,179,1,2
1762,180,1,2
1762,181,1,2
1762,182,1,3
1762,183,1,3
1762,184,1,3
1762,185,1,3
1762,186,1,3
1762,187,1,2
1762,188,1,2
1762,189,1,2
1762,190,1,2
1762,191,1,2
1762,192,1,2
1762,193,1,2
1762,194,1,2
1762,195,1,2
1762,196,1,2
1762,197,1,2
1762,198,1,2
1762,199,1,2
1762,200,1,2
1762,201,1,2
1762,202,1,2
1762,203,1,2
1762,204,1,2
1762,205,1,2
1762,206,1,2
1762,207,1,2
1762,208,1,2
1762,209,1,2
1762,210,1,2
1762,211,1,2
1762,212,1,2
1762,213,1,2
1762,214,1,2
1762,215,1,2
1762,216,1,2
1762,217,1,2
1762,218,1,2
1762,219,1,2
1762,220,1,2
1762,221,1,2
1762,222,1,2
1762,223,1,2
1762,224,1,2
1762,225,1,2
1762,226,1,2
1762,227,1,2
1762,228,1,2
1762,229,1,2
1762,230,1,2
1762,231,1,2
1762,232,1,2
1762,233,1,2
1762,234,1,2
1762,235,1,2
1762,236,1,2
1762,237,1,2
1762,238,1,2
1762,239,1,2
1762,240,1,2
1762,241,1,2
1762,242,1,2
1762,243,1,2
1762,244,1,2
1762,245,1,2
1762,246,1,2
1762,247,1,2
1762,248,1,2
1762,249,1,2
1762,250,1,2
1762,251,1,2
1762,252,1,2
1762,253,1,2
1762,254,1,2
1762,255,1,2
1762,256,1,2
1762,257,1,2
1762,258,1,2
1762,259,1,2
1762,260,1,2
1762,261,1,2
1762,262,1,2
1762,263,1,2
1762,264,1,2
1762,265,1,2
1762,266,1,2
1762,267,1,2
1762,268,1,2
1762,269,1,2
1762,270,1,2
1762,271,1,2
1762,272,1,2
1762,273,1,2
1762,274,1,2
1762,275,1,2
1762,276,1,2
1762,277,1,2
1762,278,1,2
1762,279,1,2
1762,280,1,2
1762,281,1,2
1762,282,1,2
1762,283,1,2
1762,284,1,2
1762,285,1,2
1762,286,1,2
1762,287,1,2
1762,288,1,2
1762,289,1,2
1762,290,1,2
1762,291,1,2
1762,292,1,2
1762,293,1,2
1762,294,1,2
1762,295,1,2
1762,296,1,2
1762,297,1,2
1762,298,1,2
1762,299,1,2
1762,300,1,2
1762,301,1,2
1762,302,1,2
1762,303,1,2
1762,304,1,2
1762,305,1,2
1762,306,1,2
1762,307,1,2
1762,308,1,2
1762,309,1,2
1762,310,1,2
1762,311,1,2
1762,312,1,2
1762,313,1,2
1762,314,1,2
1762,315,1,2
1762,316,1,2
1762,317,1,2
1762,318,1,2
1762,319,1,2
1762,320,1,2
1762,321,1,2
1762,322,1,2
1762,323,1,2
1762,324,1,2
1762,325,1,2
1762,326,1,2
1762,327,1,2
1762,328,1,2
1762,329,1,2
1762,330,1,2
1762,331,1,2
1762,332,1,2
1762,333,1,2
1762,334,1,2
1762,335,1,2
1762,336,1,2
1762,337,1,2
1762,338,1,2
1762,339,1,2
1762,340,1,2
1762,341,1,2
1762,342,1,2
1762,343,1,2
1762,344,1,2
1762,345,1,2
1762,346,1,2
1762,347,1,2
1762,348,1,2
1762,349,1,2
1762,350,1,2
1762,351,1,2
1762,352,1,2
1762,353,1,2
1762,354,1,2
1762,355,1,2
1762,356,1,2
1762,357,1,2
1762,358,1,2
1762,359,1,2
1762,360,1,2
1762,361,1,2
1762,362,1,2
1762,363,1,2
1762,364,1,2
1762,365,1,2
1762,366,1,2
1762,367,1,2
1762,368,1,2
1762,369,1,2
1762,370,1,2
1762,371,1,2
1762,372,1,2
1762,373,1,2
1762,374,1,2
1762,375,1,2
1762,376,1,2
1762,377,1,2
1762,378,1,2
1762,379,1,2
1762,380,1,2
1762,381,1,2
1762,382,1,2
1762,383,1,2
1762,384,1,2
1762,385,1,2
1762,386,1,2
1762,387,1,2
1762,388,1,2
1762,389,1,2
1762,390,1,2
1762,391,1,2
1762,392,1,2
1762,393,1,2
1762,394,1,2
1762,395,1,2
1762,396,1,2
1762,397,1,2
1762,398,1,2
1762,399,1,2
1762,400,1,2
1762,401,1,2
1762,402,1,2
1762,403,1,2
1762,404,1,2
1762,405,1,2
1762,406,1,2
1762,407,1,2
1762,408,1,2
1762,409,1,2
1762,410,1,2
1762,411,1,2
1762,412,1,2
1762,413,1,2
1762,414,1,2
1762,415,1,2
1762,416,1,2
1762,417,1,2
1762,418,1,2
1762,419,1,2
1762,420,1,2
1762,421,1,2
1762,422,1,2
1762,423,1,2
1762,424,1,2
1762,425,1,2
1762,426,1,2
1762,427,1,2
1762,428,1,2
1762,429,1,2
1762,430,1,2
1762,431,1,2
1762,432,1,2
1762,433,1,2
1762,434,1,2
1762,435,1,2
1762,436,1,2
1762,437,1,2
1762,438,1,2
1762,439,1,2
1762,440,1,2
1762,441,1,2
1762,442,1,2
1762,443,1,2
1762,444,1,2
1762,445,1,2
1762,446,1,2
1762,447,1,2
1762,448,1,2
1762,449,1,2
1762,450,1,2
1762,451,1,2
1762,452,1,2
1762,453,1,2
1762,454,1,2
1762,455,1,2
1762,456,1,2
1762,457,1,2
1762,458,1,2
1762,459,1,2
1762,460,1,2
1762,461,1,2
1762,462,1,2
1762,463,1,2
1762,464,1,2
1762,465,1,2
1762,466,1,2
1762,467,1,3
1762,468,1,3
1762,469,1,3
1762,470,1,3
1762,471,1,3
1762,472,1,3
1762,473,1,3
1762,474,1,3
1762,475,1,3
1762,476,1,3
1762,477,1,3
1762,478,1,3
1762,479,1,3
1762,480,1,3
1762,481,1,3
1762,482,1,3
1762,483,1,3
1762,484,1,3
1762,485,1,3
1762,486,1,3
1762,487,1,3
1762,488,1,3
1762,489,1,3
1762,490,1,3
1762,491,1,3
1762,492,1,3
1762,493,1,3
1762,494,1,3
1762,495,1,3
1762,496,1,3
1762,497,1,3
1762,498,1,3
1762,499,1,3
1762,500,1,3
1762,501,1,3
1762,502,1,3
1762,503,1,3
1762,504,1,3
1762,505,1,3
1762,506,1,3
1762,507,1,3
1762,508,1,3
1762,509,1,3
1762,510,1,3
1762,511,1,3
1762,512,1,3
1762,513,1,3
1762,514,1,3
1762,515,1,3
1762,516,1,3
1762,517,1,3
1762,518,1,2
1762,519,1,2
1762,520,1,2
1762,521,1,2
1762,522,1,2
1762,523,1,2
1762,524,1,2
1762,525,1,2
1762,526,1,2
1762,527,1,2
1762,528,1,2
1762,529,1,2
1762,530,1,2
1762,531,1,2
1762,532,1,2
1762,533,1,2
1762,534,1,2
1762,535,1,2
1762,536,1,2
1762,537,1,2
1762,538,1,2
1762,539,1,2
1762,540,1,2
1762,541,1,2
1762,542,1,2
1762,543,1,2
1762,544,1,2
1762,545,1,2
1762,546,1,2
1762,547,1,2
1762,548,1,2
1762,549,1,2
1762,550,1,2
1762,551,1,2
1762,552,1,2
1762,553,1,2
1762,554,1,2
1762,555,1,2
1762,556,1,2
1762,557,1,2
1762,558,1,2
1762,559,1,2
1762,560,1,2
1762,561,1,2
1762,562,1,2
1762,563,1,2
1762,564,1,2
1762,565,1,2
1762,566,1,2
1762,567,1,3
1762,568,1,3
1762,569,1,3
1762,570,1,3
1762,571,1,3
1762,572,1,3
1762,573,1,3
1762,574,1,3
1762,575,1,3
1762,576,1,3
1762,577,1,3
1762,578,1,3
1762,579,1,3
1762,580,1,3
1762,581,1,3
1762,582,1,3
1762,583,1,3
1762,584,1,3
1762,585,1,3
1762,586,1,3
1762,587,1,3
1762,588,1,3
1762,589,1,3
1762,590,1,3
1762,591,1,3
1762,592,1,3
1762,593,1,3
1762,594,1,3
1762,595,1,3
1762,596,1,3
1762,597,1,3
1762,598,1,3
1762,599,1,3
1762,600,1,3
1762,601,1,3
1762,602,1,3
1762,603,1,2
1762,604,1,2
1762,605,1,2
1762,606,1,2
1762,607,1,2
1762,608,1,2
1762,609,1,2
1762,610,1,2
1762,611,1,2
1762,612,1,2
1762,613,1,2
1762,614,1,2
1762,615,1,2
1762,616,1,2
1762,617,1,2
1762,618,1,2
1762,619,1,2
1762,620,1,2
1762,621,1,2
1762,622,1,2
1762,623,1,2
1762,624,1,2
1762,625,1,2
1762,626,1,2
1762,627,1,2
1762,628,1,2
1762,629,1,2
1762,630,1,2
1762,631,1,2
1762,632,1,2
1762,633,1,2
1762,634,1,2
1762,635,1,2
1762,636,1,2
1762,637,1,2
1762,638,1,2
1762,639,1,2
1762,640,1,2
1762,641,1,2
1762,642,1,2
1762,643,1,2
1762,644,1,2
1763,165,1,2
1763,166,1,2
1763,167,1,2
1763,168,1,2
1763,169,1,2
1763,170,1,2
1763,171,1,2
1763,172,1,2
1763,173,1,2
1763,174,1,3
1763,175,1,3
1763,176,1,2
1763,177,1,2
1763,178,1,2
1763,179,1,2
1763,180,1,2
1763,181,1,3
1763,182,1,3
1763,183,1,3
1763,184,1,3
1763,185,1,3
1763,186,1,3
1763,187,1,2
1763,188,1,2
1763,189,1,2
1763,190,1,2
1763,191,1,2
1763,192,1,2
1763,193,1,2
1763,194,1,2
1763,195,1,2
1763,196,1,2
1763,197,1,2
1763,198,1,2
1763,199,1,2
1763,200,1,2
1763,201,1,2
1763,202,1,2
1763,203,1,2
1763,204,1,2
1763,205,1,2
1763,206,1,2
1763,207,1,2
1763,208,1,2
1763,209,1,2
1763,210,1,2
1763,211,1,2
1763,212,1,2
1763,213,1,2
1763,214,1,2
1763,215,1,2
1763,216,1,2
1763,217,1,2
1763,218,1,2
1763,219,1,2
1763,220,1,2
1763,221,1,2
1763,222,1,2
1763,223,1,2
1763,224,1,2
1763,225,1,2
1763,226,1,2
1763,227,1,2
1763,228,1,2
1763,229,1,2
1763,230,1,2
1763,231,1,2
1763,232,1,2
1763,233,1,2
1763,234,1,2
1763,235,1,2
1763,236,1,2
1763,237,1,2
1763,238,1,2
1763,239,1,2
1763,240,1,2
1763,241,1,2
1763,242,1,2
1763,243,1,2
1763,244,1,2
1763,245,1,2
1763,246,1,2
1763,247,1,2
1763,248,1,2
1763,249,1,2
1763,250,1,2
1763,251,1,2
1763,252,1,2
1763,253,1,2
1763,254,1,2
1763,255,1,2
1763,256,1,2
1763,257,1,2
1763,258,1,2
1763,259,1,2
1763,260,1,2
1763,261,1,2
1763,262,1,2
1763,263,1,2
1763,264,1,2
1763,265,1,2
1763,266,1,2
1763,267,1,2
1763,268,1,2
1763,269,1,2
1763,270,1,2
1763,271,1,2
1763,272,1,2
1763,273,1,2
1763,274,1,2
1763,275,1,2
1763,276,1,2
1763,277,1,2
1763,278,1,2
1763,279,1,2
1763,280,1,2
1763,281,1,2
1763,282,1,2
1763,283,1,2
1763,284,1,2
1763,285,1,2
1763,286,1,2
1763,287,1,2
1763,288,1,2
1763,289,1,2
1763,290,1,2
1763,291,1,2
1763,292,1,2
1763,293,1,2
1763,294,1,2
1763,295,1,2
1763,296,1,2
1763,297,1,2
1763,298,1,2
1763,299,1,2
1763,300,1,2
1763,301,1,2
1763,302,1,2
1763,303,1,2
1763,304,1,2
1763,305,1,2
1763,306,1,2
1763,307,1,2
1763,308,1,2
1763,309,1,2
1763,310,1,2
1763,311,1,2
1763,312,1,2
1763,313,1,2
1763,314,1,2
1763,315,1,2
1763,316,1,2
1763,317,1,2
1763,318,1,2
1763,319,1,2
1763,320,1,2
1763,321,1,2
1763,322,1,2
1763,323,1,2
1763,324,1,2
1763,325,1,2
1763,326,1,2
1763,327,1,2
1763,328,1,2
1763,329,1,2
1763,330,1,2
1763,331,1,2
1763,332,1,2
1763,333,1,2
1763,334,1,2
1763,335,1,2
1763,336,1,2
1763,337,1,2
1763,338,1,2
1763,339,1,2
1763,340,1,2
1763,341,1,2
1763,342,1,2
1763,343,1,2
1763,344,1,2
1763,345,1,2
1763,346,1,2
1763,347,1,2
1763,348,1,2
1763,349,1,2
1763,350,1,2
1763,351,1,2
1763,352,1,2
1763,353,1,2
1763,354,1,2
1763,355,1,2
1763,356,1,2
1763,357,1,2
1763,358,1,2
1763,359,1,2
1763,360,1,2
1763,361,1,2
1763,362,1,2
1763,363,1,2
1763,364,1,2
1763,365,1,2
1763,366,1,2
1763,367,1,2
1763,368,1,2
1763,369,1,2
1763,370,1,2
1763,371,1,2
1763,372,1,2
1763,373,1,2
1763,374,1,2
1763,375,1,2
1763,376,1,2
1763,377,1,2
1763,378,1,2
1763,379,1,2
1763,380,1,2
1763,381,1,2
1763,382,1,2
1763,383,1,2
1763,384,1,2
1763,385,1,2
1763,386,1,2
1763,387,1,2
1763,388,1,2
1763,389,1,2
1763,390,1,2
1763,391,1,2
1763,392,1,2
1763,393,1,2
1763,394,1,2
1763,395,1,2
1763,396,1,2
1763,397,1,2
1763,398,1,2
1763,399,1,2
1763,400,1,2
1763,401,1,2
1763,402,1,2
1763,403,1,2
1763,404,1,2
1763,405,1,2
1763,406,1,2
1763,407,1,2
1763,408,1,2
1763,409,1,2
1763,410,1,2
1763,411,1,2
1763,412,1,2
1763,413,1,2
1763,414,1,2
1763,415,1,2
1763,416,1,2
1763,417,1,2
1763,418,1,2
1763,419,1,2
1763,420,1,2
1763,421,1,2
1763,422,1,2
1763,423,1,2
1763,424,1,2
1763,425,1,2
1763,426,1,2
1763,427,1,2
1763,428,1,2
1763,429,1,2
1763,430,1,2
1763,431,1,2
1763,432,1,2
1763,433,1,2
1763,434,1,2
1763,435,1,2
1763,436,1,2
1763,437,1,2
1763,438,1,2
1763,439,1,2
1763,440,1,2
1763,441,1,2
1763,442,1,2
1763,443,1,2
1763,444,1,2
1763,445,1,2
1763,446,1,2
1763,447,1,2
1763,448,1,2
1763,449,1,2
1763,450,1,2
1763,451,1,2
1763,452,1,2
1763,453,1,2
1763,454,1,2
1763,455,1,2
1763,456,1,2
1763,457,1,2
1763,458,1,2
1763,459,1,2
1763,460,1,2
1763,461,1,2
1763,462,1,2
1763,463,1,2
1763,464,1,2
1763,465,1,2
1763,466,1,3
1763,467,1,3
1763,468,1,3
1763,469,1,3
1763,470,1,3
1763,471,1,3
1763,472,1,3
1763,473,1,3
1763,474,1,3
1763,475,1,3
1763,476,1,3
1763,477,1,3
1763,478,1,3
1763,479,1,3
1763,480,1,3
1763,481,1,3
1763,482,1,3
1763,483,1,3
1763,484,1,3
1763,485,1,3
1763,486,1,3
1763,487,1,3
1763,488,1,3
1763,489,1,3
1763,490,1,3
1763,491,1,3
1763,492,1,3
1763,493,1,3
1763,494,1,3
1763,495,1,3
1763,496,1,3
1763,497,1,3
1763,498,1,3
1763,499,1,3
1763,500,1,3
1763,501,1,3
1763,502,1,3
1763,503,1,3
1763,504,1,3
1763,505,1,3
1763,506,1,3
1763,507,1,3
1763,508,1,3
1763,509,1,3
1763,510,1,3
1763,511,1,3
1763,512,1,3
1763,513,1,3
1763,514,1,3
1763,515,1,3
1763,516,1,3
1763,517,1,3
1763,518,1,3
1763,519,1,2
1763,520,1,2
1763,521,1,2
1763,522,1,2
1763,523,1,2
1763,524,1,2
1763,525,1,2
1763,526,1,2
1763,527,1,2
1763,528,1,2
1763,529,1,2
1763,530,1,2
1763,531,1,2
1763,532,1,2
1763,533,1,2
1763,534,1,2
1763,535,1,2
1763,536,1,2
1763,537,1,2
1763,538,1,2
1763,539,1,2
1763,540,1,2
1763,541,1,2
1763,542,1,2
1763,543,1,2
1763,544,1,2
1763,545,1,2
1763,546,1,2
1763,547,1,2
1763,548,1,2
1763,549,1,2
1763,550,1,2
1763,551,1,2
1763,552,1,2
1763,553,1,2
1763,554,1,2
1763,555,1,2
1763,556,1,2
1763,557,1,2
1763,558,1,2
1763,559,1,2
1763,560,1,2
1763,561,1,2
1763,562,1,2
1763,563,1,2
1763,564,1,2
1763,565,1,2
1763,566,1,3
1763,567,1,3
1763,568,1,3
1763,569,1,3
1763,570,1,3
1763,571,1,3
1763,572,1,3
1763,573,1,3
1763,574,1,3
1763,575,1,3
1763,576,1,3
1763,577,1,3
1763,578,1,3
1763,579,1,3
1763,580,1,3
1763,581,1,3
1763,582,1,3
1763,583,1,3
1763,584,1,3
1763,585,1,3
1763,586,1,3
1763,587,1,3
1763,588,1,3
1763,589,1,3
1763,590,1,3
1763,591,1,3
1763,592,1,3
1763,593,1,3
1763,594,1,3
1763,595,1,3
1763,596,1,3
1763,597,1,3
1763,598,1,3
1763,599,1,3
1763,600,1,3
1763,601,1,3
1763,602,1,3
1763,603,1,3
1763,604,1,2
1763,605,1,2
1763,606,1,2
1763,607,1,2
1763,608,1,2
1763,609,1,2
1763,610,1,2
1763,611,1,2
1763,612,1,2
1763,613,1,2
1763,614,1,2
1763,615,1,2
1763,616,1,2
1763,617,1,2
1763,618,1,2
1763,619,1,2
1763,620,1,2
1763,621,1,2
1763,622,1,2
1763,623,1,2
1763,624,1,2
1763,625,1,2
1763,626,1,2
1763,627,1,2
1763,628,1,2
1763,629,1,2
1763,630,1,2
1763,631,1,2
1763,632,1,2
1763,633,1,2
1763,634,1,2
1763,635,1,2
1763,636,1,2
1763,637,1,2
1763,638,1,2
1763,639,1,2
1763,640,1,2
1763,641,1,2
1763,642,1,2
1763,643,1,2
1763,644,1,2
1764,164,1,2
1764,165,1,2
1764,166,1,2
1764,167,1,2
1764,168,1,2
1764,169,1,2
1764,170,1,2
1764,171,1,2
1764,172,1,2
1764,173,1,2
1764,174,1,2
1764,175,1,2
1764,176,1,2
1764,177,1,2
1764,178,1,2
1764,179,1,2
1764,180,1,2
1764,181,1,3
1764,182,1,3
1764,183,1,3
1764,184,1,3
1764,185,1,3
1764,186,1,3
1764,187,1,2
1764,188,1,2
1764,189,1,2
1764,190,1,2
1764,191,1,2
1764,192,1,2
1764,193,1,2
1764,194,1,2
1764,195,1,2
1764,196,1,2
1764,197,1,2
1764,198,1,2
1764,199,1,2
1764,200,1,2
1764,201,1,2
1764,202,1,2
1764,203,1,2
1764,204,1,2
1764,205,1,2
1764,206,1,2
1764,207,1,2
1764,208,1,2
1764,209,1,2
1764,210,1,2
1764,211,1,2
1764,212,1,2
1764,213,1,2
1764,214,1,2
1764,215,1,2
1764,216,1,2
1764,217,1,2
1764,218,1,2
1764,219,1,2
1764,220,1,2
1764,221,1,2
1764,222,1,2
1764,223,1,2
1764,224,1,2
1764,225,1,2
1764,226,1,2
1764,227,1,2
1764,228,1,2
1764,229,1,2
1764,230,1,2
1764,231,1,2
1764,232,1,2
1764,233,1,2
1764,234,1,2
1764,235,1,2
1764,236,1,2
1764,237,1,2
1764,238,1,2
1764,239,1,2
1764,240,1,2
1764,241,1,2
1764,242,1,2
1764,243,1,2
1764,244,1,2
1764,245,1,2
1764,246,1,2
1764,247,1,2
1764,248,1,2
1764,249,1,2
1764,250,1,2
1764,251,1,2
1764,252,1,2
1764,253,1,2
1764,254,1,2
1764,255,1,2
1764,256,1,2
1764,257,1,2
1764,258,1,2
1764,259,1,2
1764,260,1,2
1764,261,1,2
1764,262,1,2
1764,263,1,2
1764,264,1,2
1764,265,1,2
1764,266,1,2
1764,267,1,2
1764,268,1,2
1764,269,1,2
1764,270,1,2
1764,271,1,2
1764,272,1,2
1764,273,1,2
1764,274,1,2
1764,275,1,2
1764,276,1,2
1764,277,1,2
1764,278,1,2
1764,279,1,2
1764,280,1,2
1764,281,1,2
1764,282,1,2
1764,283,1,2
1764,284,1,2
1764,285,1,2
1764,286,1,2
1764,287,1,2
1764,288,1,2
1764,289,1,2
1764,290,1,2
1764,291,1,2
1764,292,1,2
1764,293,1,2
1764,294,1,2
1764,295,1,2
1764,296,1,2
1764,297,1,2
1764,298,1,2
1764,299,1,2
1764,300,1,2
1764,301,1,2
1764,302,1,2
1764,303,1,2
1764,304,1,2
1764,305,1,2
1764,306,1,2
1764,307,1,2
1764,308,1,2
1764,309,1,2
1764,310,1,2
1764,311,1,2
1764,312,1,2
1764,313,1,2
1764,314,1,2
1764,315,1,2
1764,316,1,2
1764,317,1,2
1764,318,1,2
1764,319,1,2
1764,320,1,2
1764,321,1,2
1764,322,1,2
1764,323,1,2
1764,324,1,2
1764,325,1,2
1764,326,1,2
1764,327,1,2
1764,328,1,2
1764,329,1,2
1764,330,1,2
1764,331,1,2
1764,332,1,2
1764,333,1,2
1764,334,1,2
1764,335,1,2
1764,336,1,2
1764,337,1,2
1764,338,1,2
1764,339,1,2
1764,340,1,2
1764,341,1,2
1764,342,1,2
1764,343,1,2
1764,344,1,2
1764,345,1,2
1764,346,1,2
1764,347,1,2
1764,348,1,2
1764,349,1,2
1764,350,1,2
1764,351,1,2
1764,352,1,2
1764,353,1,2
1764,354,1,2
1764,355,1,2
1764,356,1,2
1764,357,1,2
1764,358,1,2
1764,359,1,2
1764,360,1,2
1764,361,1,2
1764,362,1,2
1764,363,1,2
1764,364,1,2
1764,365,1,2
1764,366,1,2
1764,367,1,2
1764,368,1,2
1764,369,1,2
1764,370,1,2
1764,371,1,2
1764,372,1,2
1764,373,1,2
1764,374,1,2
1764,375,1,2
1764,376,1,2
1764,377,1,2
1764,378,1,2
1764,379,1,2
1764,380,1,2
1764,381,1,2
1764,382,1,2
1764,383,1,2
1764,384,1,2
1764,385,1,2
1764,386,1,2
1764,387,1,2
1764,388,1,2
1764,389,1,2
1764,390,1,2
1764,391,1,2
1764,392,1,2
1764,393,1,2
1764,394,1,2
1764,395,1,2
1764,396,1,2
1764,397,1,2
1764,398,1,2
1764,399,1,2
1764,400,1,2
1764,401,1,2
1764,402,1,2
1764,403,1,2
1764,404,1,2
1764,405,1,2
1764,406,1,2
1764,407,1,2
1764,408,1,2
1764,409,1,2
1764,410,1,2
1764,411,1,2
1764,412,1,2
1764,413,1,2
1764,414,1,2
1764,415,1,2
1764,416,1,2
1764,417,1,2
1764,418,1,2
1764,419,1,2
1764,420,1,2
1764,421,1,2
1764,422,1,2
1764,423,1,2
1764,424,1,2
1764,425,1,2
1764,426,1,2
1764,427,1,2
1764,428,1,2
1764,429,1,2
1764,430,1,2
1764,431,1,2
1764,432,1,2
1764,433,1,2
1764,434,1,2
1764,435,1,2
1764,436,1,2
1764,437,1,2
1764,438,1,2
1764,439,1,2
1764,440,1,2
1764,441,1,2
1764,442,1,2
1764,443,1,2
1764,444,1,2
1764,445,1,2
1764,446,1,2
1764,447,1,2
1764,448,1,2
1764,449,1,2
1764,450,1,2
1764,451,1,2
1764,452,1,2
1764,453,1,2
1764,454,1,2
1764,455,1,2
1764,456,1,2
1764,457,1,2
1764,458,1,2
1764,459,1,2
1764,460,1,2
1764,461,1,2
1764,462,1,2
1764,463,1,2
1764,464,1,2
1764,465,1,2
1764,466,1,3
1764,467,1,3
1764,468,1,3
1764,469,1,3
1764,470,1,3
1764,471,1,3
1764,472,1,3
1764,473,1,3
1764,474,1,3
1764,475,1,3
1764,476,1,3
1764,477,1,3
1764,478,1,3
1764,479,1,3
1764,480,1,3
1764,481,1,3
1764,482,1,3
1764,483,1,3
1764,484,1,3
1764,485,1,3
1764,486,1,3
1764,487,1,3
1764,488,1,3
1764,489,1,3
1764,490,1,3
1764,491,1,3
1764,492,1,3
1764,493,1,3
1764,494,1,3
1764,495,1,3
1764,496,1,3
1764,497,1,3
1764,498,1,3
1764,499,1,3
1764,500,1,3
1764,501,1,3
1764,502,1,3
1764,503,1,3
1764,504,1,3
1764,505,1,3
1764,506,1,3
1764,507,1,3
1764,508,1,3
1764,509,1,3
1764,510,1,3
1764,511,1,3
1764,512,1,3
1764,513,1,3
1764,514,1,3
1764,515,1,3
1764,516,1,3
1764,517,1,3
1764,518,1,3
1764,519,1,3
1764,520,1,2
1764,521,1,2
1764,522,1,2
1764,523,1,2
1764,524,1,2
1764,525,1,2
1764,526,1,2
1764,527,1,2
1764,528,1,2
1764,529,1,2
1764,530,1,2
1764,531,1,2
1764,532,1,2
1764,533,1,2
1764,534,1,2
1764,535,1,2
1764,536,1,2
1764,537,1,2
1764,538,1,2
1764,539,1,2
1764,540,1,2
1764,541,1,2
1764,542,1,2
1764,543,1,2
1764,544,1,2
1764,545,1,2
1764,546,1,2
1764,547,1,2
1764,548,1,2
1764,549,1,2
1764,550,1,2
1764,551,1,2
1764,552,1,2
1764,553,1,2
1764,554,1,2
1764,555,1,2
1764,556,1,2
1764,557,1,2
1764,558,1,2
1764,559,1,2
1764,560,1,2
1764,561,1,2
1764,562,1,2
1764,563,1,2
1764,564,1,2
1764,565,1,3
1764,566,1,3
1764,567,1,3
1764,568,1,3
1764,569,1,3
1764,570,1,3
1764,571,1,3
1764,572,1,3
1764,573,1,3
1764,574,1,3
1764,575,1,3
1764,576,1,3
1764,577,1,3
1764,578,1,3
1764,579,1,3
1764,580,1,3
1764,581,1,3
1764,582,1,3
1764,583,1,3
1764,584,1,3
1764,585,1,3
1764,586,1,3
1764,587,1,3
1764,588,1,3
1764,589,1,3
1764,590,1,3
1764,591,1,3
1764,592,1,3
1764,593,1,3
1764,594,1,3
1764,595,1,3
1764,596,1,3
1764,597,1,3
1764,598,1,3
1764,599,1,3
1764,600,1,3
1764,601,1,3
1764,602,1,3
1764,603,1,3
1764,604,1,3
1764,605,1,2
1764,606,1,2
1764,607,1,2
1764,608,1,2
1764,609,1,2
1764,610,1,2
1764,611,1,2
1764,612,1,2
1764,613,1,2
1764,614,1,2
1764,615,1,2
1764,616,1,2
1764,617,1,2
1764,618,1,2
1764,619,1,2
1764,620,1,2
1764,621,1,2
1764,622,1,2
1764,623,1,2
1764,624,1,2
1764,625,1,2
1764,626,1,2
1764,627,1,2
1764,628,1,2
1764,629,1,2
1764,630,1,2
1764,631,1,2
1764,632,1,2
1764,633,1,2
1764,634,1,2
1764,635,1,2
1764,636,1,2
1764,637,1,2
1764,638,1,2
1764,639,1,2
1764,640,1,2
1764,641,1,2
1764,642,1,2
1764,643,1,2
1764,644,1,2
1765,164,1,2
1765,165,1,2
1765,166,1,2
1765,167,1,2
1765,168,1,2
1765,169,1,2
1765,170,1,2
1765,171,1,2
1765,172,1,2
1765,173,1,2
1765,174,1,2
1765,175,1,2
1765,176,1,2
1765,177,1,2
1765,178,1,2
1765,179,1,2
1765,180,1,3
1765,181,1,3
1765,182,1,3
1765,183,1,3
1765,184,1,3
1765,185,1,3
1765,186,1,3
1765,187,1,2
1765,188,1,2
1765,189,1,2
1765,190,1,2
1765,191,1,2
1765,192,1,2
1765,193,1,2
1765,194,1,2
1765,195,1,2
1765,196,1,2
1765,197,1,2
1765,198,1,2
1765,199,1,2
1765,200,1,2
1765,201,1,2
1765,202,1,2
1765,203,1,2
1765,204,1,2
1765,205,1,2
1765,206,1,2
1765,207,1,2
1765,208,1,2
1765,209,1,2
1765,210,1,2
1765,211,1,2
1765,212,1,2
1765,213,1,2
1765,214,1,2
1765,215,1,2
1765,216,1,2
1765,217,1,2
1765,218,1,2
1765,219,1,2
1765,220,1,2
1765,221,1,2
1765,222,1,2
1765,223,1,2
1765,224,1,2
1765,225,1,2
1765,226,1,2
1765,227,1,2
1765,228,1,2
1765,229,1,2
1765,230,1,2
1765,231,1,2
1765,232,1,2
1765,233,1,2
1765,234,1,2
1765,235,1,2
1765,236,1,2
1765,237,1,2
1765,238,1,2
1765,239,1,2
1765,240,1,2
1765,241,1,2
1765,242,1,2
1765,243,1,2
1765,244,1,2
1765,245,1,2
1765,246,1,2
1765,247,1,2
1765,248,1,2
1765,249,1,2
1765,250,1,2
1765,251,1,2
1765,252,1,2
1765,253,1,2
1765,254,1,2
1765,255,1,2
1765,256,1,2
1765,257,1,2
1765,258,1,2
1765,259,1,2
1765,260,1,2
1765,261,1,2
1765,262,1,2
1765,263,1,2
1765,264,1,2
1765,265,1,2
1765,266,1,2
1765,267,1,2
1765,268,1,2
1765,269,1,2
1765,270,1,2
1765,271,1,2
1765,272,1,2
1765,273,1,2
1765,274,1,2
1765,275,1,2
1765,276,1,2
1765,277,1,2
1765,278,1,2
1765,279,1,2
1765,280,1,2
1765,281,1,2
1765,282,1,2
1765,283,1,2
1765,284,1,2
1765,285,1,2
1765,286,1,2
1765,287,1,2
1765,288,1,2
1765,289,1,2
1765,290,1,2
1765,291,1,2
1765,292,1,2
1765,293,1,2
1765,294,1,2
1765,295,1,2
1765,296,1,2
1765,297,1,2
1765,298,1,2
1765,299,1,2
1765,300,1,2
1765,301,1,2
1765,302,1,2
1765,303,1,2
1765,304,1,2
1765,305,1,2
1765,306,1,2
1765,307,1,2
1765,308,1,2
1765,309,1,2
1765,310,1,2
1765,311,1,2
1765,312,1,2
1765,313,1,2
1765,314,1,2
1765,315,1,2
1765,316,1,2
1765,317,1,2
1765,318,1,2
1765,319,1,2
1765,320,1,2
1765,321,1,2
1765,322,1,2
1765,323,1,2
1765,324,1,2
1765,325,1,2
1765,326,1,2
1765,327,1,2
1765,328,1,2
1765,329,1,2
1765,330,1,2
1765,331,1,2
1765,332,1,2
1765,333,1,2
1765,334,1,2
1765,335,1,2
1765,336,1,2
1765,337,1,2
1765,338,1,2
1765,339,1,2
1765,340,1,2
1765,341,1,2
1765,342,1,2
1765,343,1,2
1765,344,1,2
1765,345,1,2
1765,346,1,2
1765,347,1,2
1765,348,1,2
1765,349,1,2
1765,350,1,2
1765,351,1,2
1765,352,1,2
1765,353,1,2
1765,354,1,2
1765,355,1,2
1765,356,1,2
1765,357,1,2
1765,358,1,2
1765,359,1,2
1765,360,1,2
1765,361,1,2
1765,362,1,2
1765,363,1,2
1765,364,1,2
1765,365,1,2
1765,366,1,2
1765,367,1,2
1765,368,1,2
1765,369,1,2
1765,370,1,2
1765,371,1,2
1765,372,1,2
1765,373,1,2
1765,374,1,2
1765,375,1,2
1765,376,1,2
1765,377,1,2
1765,378,1,2
1765,379,1,2
1765,380,1,2
1765,381,1,2
1765,382,1,2
1765,383,1,2
1765,384,1,2
1765,385,1,2
1765,386,1,2
1765,387,1,2
1765,388,1,2
1765,389,1,2
1765,390,1,2
1765,391,1,2
1765,392,1,2
1765,393,1,2
1765,394,1,2
1765,395,1,2
1765,396,1,2
1765,397,1,2
1765,398,1,2
1765,399,1,2
1765,400,1,2
1765,401,1,2
1765,402,1,2
1765,403,1,2
1765,404,1,2
1765,405,1,2
1765,406,1,2
1765,407,1,2
1765,408,1,2
1765,409,1,2
1765,410,1,2
1765,411,1,2
1765,412,1,2
1765,413,1,2
1765,414,1,2
1765,415,1,2
1765,416,1,2
1765,417,1,2
1765,418,1,2
1765,419,1,2
1765,420,1,2
1765,421,1,2
1765,422,1,2
1765,423,1,2
1765,424,1,2
1765,425,1,2
1765,426,1,2
1765,427,1,2
1765,428,1,2
1765,429,1,2
1765,430,1,2
1765,431,1,2
1765,432,1,2
1765,433,1,2
1765,434,1,2
1765,435,1,2
1765,436,1,2
1765,437,1,2
1765,438,1,2
1765,439,1,2
1765,440,1,2
1765,441,1,2
1765,442,1,2
1765,443,1,2
1765,444,1,2
1765,445,1,2
1765,446,1,2
1765,447,1,2
1765,448,1,2
1765,449,1,2
1765,450,1,2
1765,451,1,2
1765,452,1,2
1765,453,1,2
1765,454,1,2
1765,455,1,2
1765,456,1,2
1765,457,1,2
1765,458,1,2
1765,459,1,2
1765,460,1,2
1765,461,1,2
1765,462,1,2
1765,463,1,2
1765,464,1,2
1765,465,1,3
1765,466,1,3
1765,467,1,3
1765,468,1,3
1765,469,1,3
1765,470,1,3
1765,471,1,3
1765,472,1,3
1765,473,1,3
1765,474,1,3
1765,475,1,3
1765,476,1,3
1765,477,1,3
1765,478,1,3
1765,479,1,3
1765,480,1,3
1765,481,1,3
1765,482,1,3
1765,483,1,3
1765,484,1,3
1765,485,1,3
1765,486,1,3
1765,487,1,3
1765,488,1,3
1765,489,1,3
1765,490,1,3
1765,491,1,3
1765,492,1,3
1765,493,1,3
1765,494,1,3
1765,495,1,3
1765,496,1,3
1765,497,1,3
1765,498,1,3
1765,499,1,3
1765,500,1,3
1765,501,1,3
1765,502,1,3
1765,503,1,3
1765,504,1,3
1765,505,1,3
1765,506,1,3
1765,507,1,3
1765,508,1,3
1765,509,1,3
1765,510,1,3
1765,511,1,3
1765,512,1,3
1765,513,1,3
1765,514,1,3
1765,515,1,3
1765,516,1,3
1765,517,1,3
1765,518,1,3
1765,519,1,3
1765,520,1,3
1765,521,1,3
1765,522,1,2
1765,523,1,2
1765,524,1,2
1765,525,1,2
1765,526,1,2
1765,527,1,2
1765,528,1,2
1765,529,1,2
1765,530,1,2
1765,531,1,2
1765,532,1,2
1765,533,1,2
1765,534,1,2
1765,535,1,2
1765,536,1,2
1765,537,1,2
1765,538,1,2
1765,539,1,2
1765,540,1,2
1765,541,1,2
1765,542,1,2
1765,543,1,2
1765,544,1,2
1765,545,1,2
1765,546,1,2
1765,547,1,2
1765,548,1,2
1765,549,1,2
1765,550,1,2
1765,551,1,2
1765,552,1,2
1765,553,1,2
1765,554,1,2
1765,555,1,2
1765,556,1,2
1765,557,1,2
1765,558,1,2
1765,559,1,2
1765,560,1,2
1765,561,1,2
1765,562,1,2
1765,563,1,2
1765,564,1,3
1765,565,1,3
1765,566,1,3
1765,567,1,3
1765,568,1,3
1765,569,1,3
1765,570,1,3
1765,571,1,3
1765,572,1,3
1765,573,1,3
1765,574,1,3
1765,575,1,3
1765,576,1,3
1765,577,1,3
1765,578,1,3
1765,579,1,3
1765,580,1,3
1765,581,1,3
1765,582,1,3
1765,583,1,3
1765,584,1,3
1765,585,1,3
1765,586,1,3
1765,587,1,3
1765,588,1,3
1765,589,1,3
1765,590,1,3
1765,591,1,3
1765,592,1,3
1765,593,1,3
1765,594,1,3
1765,595,1,3
1765,596,1,3
1765,597,1,3
1765,598,1,3
1765,599,1,3
1765,600,1,3
1765,601,1,3
1765,602,1,3
1765,603,1,3
1765,604,1,3
1765,605,1,3
1765,606,1,3
1765,607,1,3
1765,608,1,2
1765,609,1,2
1765,610,1,2
1765,611,1,2
1765,612,1,2
1765,613,1,2
1765,614,1,2
1765,615,1,2
1765,616,1,2
1765,617,1,2
1765,618,1,2
1765,619,1,2
1765,620,1,2
1765,621,1,2
1765,622,1,2
1765,623,1,2
1765,624,1,2
1765,625,1,2
1765,626,1,2
1765,627,1,2
1765,628,1,2
1765,629,1,2
1765,630,1,2
1765,631,1,2
1765,632,1,2
1765,633,1,2
1765,634,1,2
1765,635,1,2
1765,636,1,2
1765,637,1,2
1765,638,1,2
1765,639,1,2
1765,640,1,2
1765,641,1,2
1765,642,1,2
1765,643,1,2
1766,162,1,2
1766,163,1,2
1766,164,1,2
1766,165,1,2
1766,166,1,2
1766,167,1,2
1766,168,1,2
1766,169,1,2
1766,170,1,2
1766,171,1,2
1766,172,1,2
1766,173,1,2
1766,174,1,2
1766,175,1,2
1766,176,1,2
1766,177,1,2
1766,178,1,2
1766,179,1,3
1766,180,1,3
1766,181,1,3
1766,182,1,3
1766,183,1,3
1766,184,1,3
1766,185,1,3
1766,186,1,3
1766,187,1,2
1766,188,1,2
1766,189,1,2
1766,190,1,2
1766,191,1,2
1766,192,1,2
1766,193,1,2
1766,194,1,2
1766,195,1,2
1766,196,1,2
1766,197,1,2
1766,198,1,2
1766,199,1,2
1766,200,1,2
1766,201,1,2
1766,202,1,2
1766,203,1,2
1766,204,1,2
1766,205,1,2
1766,206,1,2
1766,207,1,2
1766,208,1,2
1766,209,1,2
1766,210,1,2
1766,211,1,2
1766,212,1,2
1766,213,1,2
1766,214,1,2
1766,215,1,2
1766,216,1,2
1766,217,1,2
1766,218,1,2
1766,219,1,2
1766,220,1,2
1766,221,1,2
1766,222,1,2
1766,223,1,2
1766,224,1,2
1766,225,1,2
1766,226,1,2
1766,227,1,2
1766,228,1,2
1766,229,1,2
1766,230,1,2
1766,231,1,2
1766,232,1,2
1766,233,1,2
1766,234,1,2
1766,235,1,2
1766,236,1,2
1766,237,1,2
1766,238,1,2
1766,239,1,2
1766,240,1,2
1766,241,1,2
1766,242,1,2
1766,243,1,2
1766,244,1,2
1766,245,1,2
1766,246,1,2
1766,247,1,2
1766,248,1,2
1766,249,1,2
1766,250,1,2
1766,251,1,2
1766,252,1,2
1766,253,1,2
1766,254,1,2
1766,255,1,2
1766,256,1,2
1766,257,1,2
1766,258,1,2
1766,259,1,2
1766,260,1,2
1766,261,1,2
1766,262,1,2
1766,263,1,2
1766,264,1,2
1766,265,1,2
1766,266,1,2
1766,267,1,2
1766,268,1,2
1766,269,1,2
1766,270,1,2
1766,271,1,2
1766,272,1,2
1766,273,1,2
1766,274,1,2
1766,275,1,2
1766,276,1,2
1766,277,1,2
1766,278,1,2
1766,279,1,2
1766,280,1,2
1766,281,1,2
1766,282,1,2
1766,283,1,2
1766,284,1,2
1766,285,1,2
1766,286,1,2
1766,287,1,2
1766,288,1,2
1766,289,1,2
1766,290,1,2
1766,291,1,2
1766,292,1,2
1766,293,1,2
1766,294,1,2
1766,295,1,2
1766,296,1,2
1766,297,1,2
1766,298,1,2
1766,299,1,2
1766,300,1,2
1766,301,1,2
1766,302,1,2
1766,303,1,2
1766,304,1,2
1766,305,1,2
1766,306,1,2
1766,307,1,2
1766,308,1,2
1766,309,1,2
1766,310,1,2
1766,311,1,2
1766,312,1,2
1766,313,1,2
1766,314,1,2
1766,315,1,2
1766,316,1,2
1766,317,1,2
1766,318,1,2
1766,319,1,2
1766,320,1,2
1766,321,1,2
1766,322,1,2
1766,323,1,2
1766,324,1,2
1766,325,1,2
1766,326,1,2
1766,327,1,2
1766,328,1,2
1766,329,1,2
1766,330,1,2
1766,331,1,2
1766,332,1,2
1766,333,1,2
1766,334,1,2
1766,335,1,2
1766,336,1,2
1766,337,1,2
1766,338,1,2
1766,339,1,2
1766,340,1,2
1766,341,1,2
1766,342,1,2
1766,343,1,2
1766,344,1,2
1766,345,1,2
1766,346,1,2
1766,347,1,2
1766,348,1,2
1766,349,1,2
1766,350,1,2
1766,351,1,2
1766,352,1,2
1766,353,1,2
1766,354,1,2
1766,355,1,2
1766,356,1,2
1766,357,1,2
1766,358,1,2
1766,359,1,2
1766,360,1,2
1766,361,1,2
1766,362,1,2
1766,363,1,2
1766,364,1,2
1766,365,1,2
1766,366,1,2
1766,367,1,2
1766,368,1,2
1766,369,1,2
1766,370,1,2
1766,371,1,2
1766,372,1,2
1766,373,1,2
1766,374,1,2
1766,375,1,2
1766,376,1,2
1766,377,1,2
1766,378,1,2
1766,379,1,2
1766,380,1,2
1766,381,1,2
1766,382,1,2
1766,383,1,2
1766,384,1,2
1766,385,1,2
1766,386,1,2
1766,387,1,2
1766,388,1,2
1766,389,1,2
1766,390,1,2
1766,391,1,2
1766,392,1,2
1766,393,1,2
1766,394,1,2
1766,395,1,2
1766,396,1,2
1766,397,1,2
1766,398,1,2
1766,399,1,2
1766,400,1,2
1766,401,1,2
1766,402,1,2
1766,403,1,2
1766,404,1,2
1766,405,1,2
1766,406,1,2
1766,407,1,2
1766,408,1,2
1766,409,1,2
1766,410,1,2
1766,411,1,2
1766,412,1,2
1766,413,1,2
1766,414,1,2
1766,415,1,2
1766,416,1,2
1766,417,1,2
1766,418,1,2
1766,419,1,2
1766,420,1,2
1766,421,1,2
1766,422,1,2
1766,423,1,2
1766,424,1,2
1766,425,1,2
1766,426,1,2
1766,427,1,2
1766,428,1,2
1766,429,1,2
1766,430,1,2
1766,431,1,2
1766,432,1,2
1766,433,1,2
1766,434,1,2
1766,435,1,2
1766,436,1,2
1766,437,1,2
1766,438,1,2
1766,439,1,2
1766,440,1,2
1766,441,1,2
1766,442,1,2
1766,443,1,2
1766,444,1,2
1766,445,1,2
1766,446,1,2
1766,447,1,2
1766,448,1,2
1766,449,1,2
1766,450,1,2
1766,451,1,2
1766,452,1,2
1766,453,1,2
1766,454,1,2
1766,455,1,2
1766,456,1,2
1766,457,1,2
1766,458,1,2
1766,459,1,2
1766,460,1,2
1766,461,1,2
1766,462,1,2
1766,463,1,2
1766,464,1,3
1766,465,1,3
1766,466,1,3
1766,467,1,3
1766,468,1,3
1766,469,1,3
1766,470,1,3
1766,471,1,3
1766,472,1,3
1766,473,1,3
1766,474,1,3
1766,475,1,3
1766,476,1,3
1766,477,1,3
1766,478,1,3
1766,479,1,3
1766,480,1,3
1766,481,1,3
1766,482,1,3
1766,483,1,3
1766,484,1,3
1766,485,1,3
1766,486,1,3
1766,487,1,3
1766,488,1,3
1766,489,1,3
1766,490,1,3
1766,491,1,3
1766,492,1,3
1766,493,1,3
1766,494,1,3
1766,495,1,3
1766,496,1,3
1766,497,1,3
1766,498,1,3
1766,499,1,3
1766,500,1,3
1766,501,1,3
1766,502,1,3
1766,503,1,3
1766,504,1,3
1766,505,1,3
1766,506,1,3
1766,507,1,3
1766,508,1,3
1766,509,1,3
1766,510,1,3
1766,511,1,3
1766,512,1,3
1766,513,1,3
1766,514,1,3
1766,515,1,3
1766,516,1,3
1766,517,1,3
1766,518,1,3
1766,519,1,3
1766,520,1,3
1766,521,1,3
1766,522,1,3
1766,523,1,2
1766,524,1,2
1766,525,1,2
1766,526,1,2
1766,527,1,2
1766,528,1,2
1766,529,1,2
1766,530,1,2
1766,531,1,2
1766,532,1,2
1766,533,1,2
1766,534,1,2
1766,535,1,2
1766,536,1,2
1766,537,1,2
1766,538,1,2
1766,539,1,2
1766,540,1,2
1766,541,1,2
1766,542,1,2
1766,543,1,2
1766,544,1,2
1766,545,1,2
1766,546,1,2
1766,547,1,2
1766,548,1,2
1766,549,1,2
1766,550,1,2
1766,551,1,2
1766,552,1,2
1766,553,1,2
1766,554,1,2
1766,555,1,2
1766,556,1,2
1766,557,1,2
1766,558,1,2
1766,559,1,2
1766,560,1,2
1766,561,1,2
1766,562,1,2
1766,563,1,2
1766,564,1,3
1766,565,1,3
1766,566,1,3
1766,567,1,3
1766,568,1,3
1766,569,1,3
1766,570,1,3
1766,571,1,3
1766,572,1,3
1766,573,1,3
1766,574,1,3
1766,575,1,3
1766,576,1,3
1766,577,1,3
1766,578,1,3
1766,579,1,3
1766,580,1,3
1766,581,1,3
1766,582,1,3
1766,583,1,3
1766,584,1,3
1766,585,1,3
1766,586,1,3
1766,587,1,3
1766,588,1,3
1766,589,1,3
1766,590,1,3
1766,591,1,3
1766,592,1,3
1766,593,1,3
1766,594,1,3
1766,595,1,3
1766,596,1,3
1766,597,1,3
1766,598,1,3
1766,599,1,3
1766,600,1,3
1766,601,1,3
1766,602,1,3
1766,603,1,3
1766,604,1,3
1766,605,1,3
1766,606,1,3
1766,607,1,3
1766,608,1,3
1766,609,1,3
1766,610,1,3
1766,611,1,2
1766,612,1,2
1766,613,1,2
1766,614,1,2
1766,615,1,2
1766,616,1,2
1766,617,1,2
1766,618,1,2
1766,619,1,2
1766,620,1,2
1766,621,1,2
1766,622,1,2
1766,623,1,2
1766,624,1,2
1766,625,1,2
1766,626,1,2
1766,627,1,2
1766,628,1,2
1766,629,1,2
1766,630,1,2
1766,631,1,2
1766,632,1,2
1766,633,1,2
1766,634,1,2
1766,635,1,2
1766,636,1,2
1766,637,1,2
1766,638,1,2
1766,639,1,2
1766,640,1,2
1766,641,1,2
1766,642,1,2
1766,643,1,2
1766,644,1,2
1767,161,1,2
1767,162,1,2
1767,163,1,2
1767,164,1,2
1767,165,1,2
1767,166,1,2
1767,167,1,2
1767,168,1,2
1767,169,1,2
1767,170,1,2
1767,171,1,2
1767,172,1,2
1767,173,1,2
1767,174,1,2
1767,175,1,2
1767,176,1,2
1767,177,1,2
1767,178,1,2
1767,179,1,3
1767,180,1,3
1767,181,1,3
1767,182,1,3
1767,183,1,3
1767,184,1,3
1767,185,1,3
1767,186,1,3
1767,187,1,3
1767,188,1,2
1767,189,1,2
1767,190,1,2
1767,191,1,2
1767,192,1,2
1767,193,1,2
1767,194,1,2
1767,195,1,2
1767,196,1,2
1767,197,1,2
1767,198,1,2
1767,199,1,2
1767,200,1,2
1767,201,1,2
1767,202,1,2
1767,203,1,2
1767,204,1,2
1767,205,1,2
1767,206,1,2
1767,207,1,2
1767,208,1,2
1767,209,1,2
1767,210,1,2
1767,211,1,2
1767,212,1,2
1767,213,1,2
1767,214,1,2
1767,215,1,2
1767,216,1,2
1767,217,1,2
1767,218,1,2
1767,219,1,2
1767,220,1,2
1767,221,1,2
1767,222,1,2
1767,223,1,2
1767,224,1,2
1767,225,1,2
1767,226,1,2
1767,227,1,2
1767,228,1,2
1767,229,1,2
1767,230,1,2
1767,231,1,2
1767,232,1,2
1767,233,1,2
1767,234,1,2
1767,235,1,2
1767,236,1,2
1767,237,1,2
1767,238,1,2
1767,239,1,2
1767,240,1,2
1767,241,1,2
1767,242,1,2
1767,243,1,2
1767,244,1,2
1767,245,1,2
1767,246,1,2
1767,247,1,2
1767,248,1,2
1767,249,1,2
1767,250,1,2
1767,251,1,2
1767,252,1,2
1767,253,1,2
1767,254,1,2
1767,255,1,2
1767,256,1,2
1767,257,1,2
1767,258,1,2
1767,259,1,2
1767,260,1,2
1767,261,1,2
1767,262,1,2
1767,263,1,2
1767,264,1,2
1767,265,1,2
1767,266,1,2
1767,267,1,2
1767,268,1,2
1767,269,1,2
1767,270,1,2
1767,271,1,2
1767,272,1,2
1767,273,1,2
1767,274,1,2
1767,275,1,2
1767,276,1,2
1767,277,1,2
1767,278,1,2
1767,279,1,2
1767,280,1,2
1767,281,1,2
1767,282,1,2
1767,283,1,2
1767,284,1,2
1767,285,1,2
1767,286,1,2
1767,287,1,2
1767,288,1,2
1767,289,1,2
1767,290,1,2
1767,291,1,2
1767,292,1,2
1767,293,1,2
1767,294,1,2
1767,295,1,2
1767,296,1,2
1767,297,1,2
1767,298,1,2
1767,299,1,2
1767,300,1,2
1767,301,1,2
1767,302,1,2
1767,303,1,2
1767,304,1,2
1767,305,1,2
1767,306,1,2
1767,307,1,2
1767,308,1,2
1767,309,1,2
1767,310,1,2
1767,311,1,2
1767,312,1,2
1767,313,1,2
1767,314,1,2
1767,315,1,2
1767,316,1,2
1767,317,1,2
1767,318,1,2
1767,319,1,2
1767,320,1,2
1767,321,1,2
1767,322,1,2
1767,323,1,2
1767,324,1,2
1767,325,1,2
1767,326,1,2
1767,327,1,2
1767,328,1,2
1767,329,1,2
1767,330,1,2
1767,331,1,2
1767,332,1,2
1767,333,1,2
1767,334,1,2
1767,335,1,2
1767,336,1,2
1767,337,1,2
1767,338,1,2
1767,339,1,2
1767,340,1,2
1767,341,1,2
1767,342,1,2
1767,343,1,2
1767,344,1,2
1767,345,1,2
1767,346,1,2
1767,347,1,2
1767,348,1,2
1767,349,1,2
1767,350,1,2
1767,351,1,2
1767,352,1,2
1767,353,1,2
1767,354,1,2
1767,355,1,2
1767,356,1,2
1767,357,1,2
1767,358,1,2
1767,359,1,2
1767,360,1,2
1767,361,1,2
1767,362,1,2
1767,363,1,2
1767,364,1,2
1767,365,1,2
1767,366,1,2
1767,367,1,2
1767,368,1,2
1767,369,1,2
1767,370,1,2
1767,371,1,2
1767,372,1,2
1767,373,1,2
1767,374,1,2
1767,375,1,2
1767,376,1,2
1767,377,1,2
1767,378,1,2
1767,379,1,2
1767,380,1,2
1767,381,1,2
1767,382,1,2
1767,383,1,2
1767,384,1,2
1767,385,1,2
1767,386,1,2
1767,387,1,2
1767,388,1,2
1767,389,1,2
1767,390,1,2
1767,391,1,2
1767,392,1,2
1767,393,1,2
1767,394,1,2
1767,395,1,2
1767,396,1,2
1767,397,1,2
1767,398,1,2
1767,399,1,2
1767,400,1,2
1767,401,1,2
1767,402,1,2
1767,403,1,2
1767,404,1,2
1767,405,1,2
1767,406,1,2
1767,407,1,2
1767,408,1,2
1767,409,1,2
1767,410,1,2
1767,411,1,2
1767,412,1,2
1767,413,1,2
1767,414,1,2
1767,415,1,2
1767,416,1,2
1767,417,1,2
1767,418,1,2
1767,419,1,2
1767,420,1,2
1767,421,1,2
1767,422,1,2
1767,423,1,2
1767,424,1,2
1767,425,1,2
1767,426,1,2
1767,427,1,2
1767,428,1,2
1767,429,1,2
1767,430,1,2
1767,431,1,2
1767,432,1,2
1767,433,1,2
1767,434,1,2
1767,435,1,2
1767,436,1,2
1767,437,1,2
1767,438,1,2
1767,439,1,2
1767,440,1,2
1767,441,1,2
1767,442,1,2
1767,443,1,2
1767,444,1,2
1767,445,1,2
1767,446,1,2
1767,447,1,2
1767,448,1,2
1767,449,1,2
1767,450,1,2
1767,451,1,2
1767,452,1,2
1767,453,1,2
1767,454,1,2
1767,455,1,2
1767,456,1,2
1767,457,1,2
1767,458,1,2
1767,459,1,2
1767,460,1,2
1767,461,1,2
1767,462,1,2
1767,463,1,3
1767,464,1,3
1767,465,1,3
1767,466,1,3
1767,467,1,3
1767,468,1,3
1767,469,1,3
1767,470,1,3
1767,471,1,3
1767,472,1,3
1767,473,1,3
1767,474,1,3
1767,475,1,3
1767,476,1,3
1767,477,1,3
1767,478,1,3
1767,479,1,3
1767,480,1,3
1767,481,1,3
1767,482,1,3
1767,483,1,3
1767,484,1,3
1767,485,1,3
1767,486,1,3
1767,487,1,3
1767,488,1,3
1767,489,1,3
1767,490,1,3
1767,491,1,3
1767,492,1,3
1767,493,1,3
1767,494,1,3
1767,495,1,3
1767,496,1,3
1767,497,1,3
1767,498,1,3
1767,499,1,3
1767,500,1,3
1767,501,1,3
1767,502,1,3
1767,503,1,3
1767,504,1,3
1767,505,1,3
1767,506,1,3
1767,507,1,3
1767,508,1,3
1767,509,1,3
1767,510,1,3
1767,511,1,3
1767,512,1,3
1767,513,1,3
1767,514,1,3
1767,515,1,3
1767,516,1,3
1767,517,1,3
1767,518,1,3
1767,519,1,3
1767,520,1,3
1767,521,1,3
1767,522,1,3
1767,523,1,3
1767,524,1,2
1767,525,1,2
1767,526,1,2
1767,527,1,2
1767,528,1,2
1767,529,1,2
1767,530,1,2
1767,531,1,2
1767,532,1,2
1767,533,1,2
1767,534,1,2
1767,535,1,2
1767,536,1,2
1767,537,1,2
1767,538,1,2
1767,539,1,2
1767,540,1,2
1767,541,1,2
1767,542,1,2
1767,543,1,2
1767,544,1,2
1767,545,1,2
1767,546,1,2
1767,547,1,2
1767,548,1,2
1767,549,1,2
1767,550,1,2
1767,551,1,2
1767,552,1,2
1767,553,1,2
1767,554,1,2
1767,555,1,2
1767,556,1,2
1767,557,1,2
1767,558,1,2
1767,559,1,2
1767,560,1,2
1767,561,1,2
1767,562,1,2
1767,563,1,2
1767,564,1,3
1767,565,1,3
1767,566,1,3
1767,567,1,3
1767,568,1,3
1767,569,1,3
1767,570,1,3
1767,571,1,3
1767,572,1,3
1767,573,1,3
1767,574,1,3
1767,575,1,3
1767,576,1,3
1767,577,1,3
1767,578,1,3
1767,579,1,3
1767,580,1,3
1767,581,1,3
1767,582,1,3
1767,583,1,3
1767,584,1,3
1767,585,1,3
1767,586,1,3
1767,587,1,3
1767,588,1,3
1767,589,1,3
1767,590,1,3
1767,591,1,3
1767,592,1,3
1767,593,1,3
1767,594,1,3
1767,595,1,3
1767,596,1,3
1767,597,1,3
1767,598,1,3
1767,599,1,3
1767,600,1,3
1767,601,1,3
1767,602,1,3
1767,603,1,3
1767,604,1,3
1767,605,1,3
1767,606,1,3
1767,607,1,3
1767,608,1,3
1767,609,1,3
1767,610,1,3
1767,611,1,3
1767,612,1,2
1767,613,1,2
1767,614,1,2
1767,615,1,2
1767,616,1,2
1767,617,1,2
1767,618,1,2
1767,619,1,2
1767,620,1,2
1767,621,1,2
1767,622,1,2
1767,623,1,2
1767,624,1,2
1767,625,1,2
1767,626,1,2
1767,627,1,2
1767,628,1,2
1767,629,1,2
1767,630,1,2
1767,631,1,2
1767,632,1,2
1767,633,1,2
1767,634,1,2
1767,635,1,2
1767,636,1,2
1767,637,1,2
1767,638,1,2
1767,639,1,2
1767,640,1,2
1767,641,1,2
1767,642,1,2
1767,643,1,2
1767,644,1,2
1767,645,1,2
1768,160,1,2
1768,161,1,2
1768,162,1,2
1768,163,1,2
1768,164,1,2
1768,165,1,2
1768,166,1,2
1768,167,1,2
1768,168,1,2
1768,169,1,2
1768,170,1,2
1768,171,1,2
1768,172,1,2
1768,173,1,2
1768,174,1,2
1768,175,1,2
1768,176,1,2
1768,177,1,2
1768,178,1,2
1768,179,1,3
1768,180,1,3
1768,181,1,3
1768,182,1,3
1768,183,1,3
1768,184,1,3
1768,185,1,3
1768,186,1,3
1768,187,1,3
1768,188,1,2
1768,189,1,2
1768,190,1,2
1768,191,1,2
1768,192,1,2
1768,193,1,2
1768,194,1,2
1768,195,1,2
1768,196,1,2
1768,197,1,2
1768,198,1,2
1768,199,1,2
1768,200,1,2
1768,201,1,2
1768,202,1,2
1768,203,1,2
1768,204,1,2
1768,205,1,2
1768,206,1,2
1768,207,1,2
1768,208,1,2
1768,209,1,2
1768,210,1,2
1768,211,1,2
1768,212,1,2
1768,213,1,2
1768,214,1,2
1768,215,1,2
1768,216,1,2
1768,217,1,2
1768,218,1,2
1768,219,1,2
1768,220,1,2
1768,221,1,2
1768,222,1,2
1768,223,1,2
1768,224,1,2
1768,225,1,2
1768,226,1,2
1768,227,1,2
1768,228,1,2
1768,229,1,2
1768,230,1,2
1768,231,1,2
1768,232,1,2
1768,233,1,2
1768,234,1,2
1768,235,1,2
1768,236,1,2
1768,237,1,2
1768,238,1,2
1768,239,1,2
1768,240,1,2
1768,241,1,2
1768,242,1,2
1768,243,1,2
1768,244,1,2
1768,245,1,2
1768,246,1,2
1768,247,1,2
1768,248,1,2
1768,249,1,2
1768,250,1,2
1768,251,1,2
1768,252,1,2
1768,253,1,2
1768,254,1,2
1768,255,1,2
1768,256,1,2
1768,257,1,2
1768,258,1,2
1768,259,1,2
1768,260,1,2
1768,261,1,2
1768,262,1,2
1768,263,1,2
1768,264,1,2
1768,265,1,2
1768,266,1,2
1768,267,1,2
1768,268,1,2
1768,269,1,2
1768,270,1,2
1768,271,1,2
1768,272,1,2
1768,273,1,2
1768,274,1,2
1768,275,1,2
1768,276,1,2
1768,277,1,2
1768,278,1,2
1768,279,1,2
1768,280,1,2
1768,281,1,2
1768,282,1,2
1768,283,1,2
1768,284,1,2
1768,285,1,2
1768,286,1,2
1768,287,1,2
1768,288,1,2
1768,289,1,2
1768,290,1,2
1768,291,1,2
1768,292,1,2
1768,293,1,2
1768,294,1,2
1768,295,1,2
1768,296,1,2
1768,297,1,2
1768,298,1,2
1768,299,1,2
1768,300,1,2
1768,301,1,2
1768,302,1,2
1768,303,1,2
1768,304,1,2
1768,305,1,2
1768,306,1,2
1768,307,1,2
1768,308,1,2
1768,309,1,2
1768,310,1,2
1768,311,1,2
1768,312,1,2
1768,313,1,2
1768,314,1,2
1768,315,1,2
1768,316,1,2
1768,317,1,2
1768,318,1,2
1768,319,1,2
1768,320,1,2
1768,321,1,2
1768,322,1,2
1768,323,1,2
1768,324,1,2
1768,325,1,2
1768,326,1,2
1768,327,1,2
1768,328,1,2
1768,329,1,2
1768,330,1,2
1768,331,1,2
1768,332,1,2
1768,333,1,2
1768,334,1,2
1768,335,1,2
1768,336,1,2
1768,337,1,2
1768,338,1,2
1768,339,1,2
1768,340,1,2
1768,341,1,2
1768,342,1,2
1768,343,1,2
1768,344,1,2
1768,345,1,2
1768,346,1,2
1768,347,1,2
1768,348,1,2
1768,349,1,2
1768,350,1,2
1768,351,1,2
1768,352,1,2
1768,353,1,2
1768,354,1,2
1768,355,1,2
1768,356,1,2
1768,357,1,2
1768,358,1,2
1768,359,1,2
1768,360,1,2
1768,361,1,2
1768,362,1,2
1768,363,1,2
1768,364,1,2
1768,365,1,2
1768,366,1,2
1768,367,1,2
1768,368,1,2
1768,369,1,2
1768,370,1,2
1768,371,1,2
1768,372,1,2
1768,373,1,2
1768,374,1,2
1768,375,1,2
1768,376,1,2
1768,377,1,2
1768,378,1,2
1768,379,1,2
1768,380,1,2
1768,381,1,2
1768,382,1,2
1768,383,1,2
1768,384,1,2
1768,385,1,2
1768,386,1,2
1768,387,1,2
1768,388,1,2
1768,389,1,2
1768,390,1,2
1768,391,1,2
1768,392,1,2
1768,393,1,2
1768,394,1,2
1768,395,1,2
1768,396,1,2
1768,397,1,2
1768,398,1,2
1768,399,1,2
1768,400,1,2
1768,401,1,2
1768,402,1,2
1768,403,1,2
1768,404,1,2
1768,405,1,2
1768,406,1,2
1768,407,1,2
1768,408,1,2
1768,409,1,2
1768,410,1,2
1768,411,1,2
1768,412,1,2
1768,413,1,2
1768,414,1,2
1768,415,1,2
1768,416,1,2
1768,417,1,2
1768,418,1,2
1768,419,1,2
1768,420,1,2
1768,421,1,2
1768,422,1,2
1768,423,1,2
1768,424,1,2
1768,425,1,2
1768,426,1,2
1768,427,1,2
1768,428,1,2
1768,429,1,2
1768,430,1,2
1768,431,1,2
1768,432,1,2
1768,433,1,2
1768,434,1,2
1768,435,1,2
1768,436,1,2
1768,437,1,2
1768,438,1,2
1768,439,1,2
1768,440,1,2
1768,441,1,2
1768,442,1,2
1768,443,1,2
1768,444,1,2
1768,445,1,2
1768,446,1,2
1768,447,1,2
1768,448,1,2
1768,449,1,2
1768,450,1,2
1768,451,1,2
1768,452,1,2
1768,453,1,2
1768,454,1,2
1768,455,1,2
1768,456,1,2
1768,457,1,2
1768,458,1,2
1768,459,1,2
1768,460,1,2
1768,461,1,2
1768,462,1,3
1768,463,1,3
1768,464,1,3
1768,465,1,3
1768,466,1,3
1768,467,1,3
1768,468,1,3
1768,469,1,3
1768,470,1,3
1768,471,1,3
1768,472,1,3
1768,473,1,3
1768,474,1,3
1768,475,1,3
1768,476,1,3
1768,477,1,3
1768,478,1,3
1768,479,1,3
1768,480,1,3
1768,481,1,3
1768,482,1,3
1768,483,1,3
1768,484,1,3
1768,485,1,3
1768,486,1,3
1768,487,1,3
1768,488,1,3
1768,489,1,3
1768,490,1,3
1768,491,1,3
1768,492,1,3
1768,493,1,3
1768,494,1,3
1768,495,1,3
1768,496,1,3
1768,497,1,3
1768,498,1,3
1768,499,1,3
1768,500,1,3
1768,501,1,3
1768,502,1,3
1768,503,1,3
1768,504,1,3
1768,505,1,3
1768,506,1,3
1768,507,1,3
1768,508,1,3
1768,509,1,3
1768,510,1,3
1768,511,1,3
1768,512,1,3
1768,513,1,3
1768,514,1,3
1768,515,1,3
1768,516,1,3
1768,517,1,3
1768,518,1,3
1768,519,1,3
1768,520,1,3
1768,521,1,3
1768,522,1,3
1768,523,1,3
1768,524,1,2
1768,525,1,2
1768,526,1,2
1768,527,1,2
1768,528,1,2
1768,529,1,2
1768,530,1,2
1768,531,1,2
1768,532,1,2
1768,533,1,2
1768,534,1,2
1768,535,1,2
1768,536,1,2
1768,537,1,2
1768,538,1,2
1768,539,1,2
1768,540,1,2
1768,541,1,2
1768,542,1,2
1768,543,1,2
1768,544,1,2
1768,545,1,2
1768,546,1,2
1768,547,1,2
1768,548,1,2
1768,549,1,2
1768,550,1,2
1768,551,1,2
1768,552,1,2
1768,553,1,2
1768,554,1,2
1768,555,1,2
1768,556,1,2
1768,557,1,2
1768,558,1,2
1768,559,1,2
1768,560,1,2
1768,561,1,2
1768,562,1,2
1768,563,1,3
1768,564,1,3
1768,565,1,3
1768,566,1,3
1768,567,1,3
1768,568,1,3
1768,569,1,3
1768,570,1,3
1768,571,1,3
1768,572,1,3
1768,573,1,3
1768,574,1,3
1768,575,1,3
1768,576,1,3
1768,577,1,3
1768,578,1,3
1768,579,1,3
1768,580,1,3
1768,581,1,3
1768,582,1,3
1768,583,1,3
1768,584,1,3
1768,585,1,3
1768,586,1,3
1768,587,1,3
1768,588,1,3
1768,589,1,3
1768,590,1,3
1768,591,1,3
1768,592,1,3
1768,593,1,3
1768,594,1,3
1768,595,1,3
1768,596,1,3
1768,597,1,3
1768,598,1,3
1768,599,1,3
1768,600,1,3
1768,601,1,3
1768,602,1,3
1768,603,1,3
1768,604,1,3
1768,605,1,3
1768,606,1,3
1768,607,1,3
1768,608,1,3
1768,609,1,3
1768,610,1,3
1768,611,1,3
1768,612,1,3
1768,613,1,2
1768,614,1,2
1768,615,1,2
1768,616,1,2
1768,617,1,2
1768,618,1,2
1768,619,1,2
1768,620,1,2
1768,621,1,2
1768,622,1,2
1768,623,1,2
1768,624,1,2
1768,625,1,2
1768,626,1,2
1768,627,1,2
1768,628,1,2
1768,629,1,2
1768,630,1,2
1768,631,1,2
1768,632,1,2
1768,633,1,2
1768,634,1,2
1768,635,1,2
1768,636,1,2
1768,637,1,2
1768,638,1,2
1768,639,1,2
1768,640,1,2
1768,641,1,2
1768,642,1,2
1768,643,1,2
1768,644,1,2
1768,645,1,2
1768,646,1,2
1769,159,1,2
1769,160,1,2
1769,161,1,2
1769,162,1,2
1769,163,1,2
1769,164,1,2
1769,165,1,2
1769,166,1,2
1769,167,1,2
1769,168,1,2
1769,169,1,2
1769,170,1,2
1769,171,1,2
1769,172,1,2
1769,173,1,2
1769,174,1,2
1769,175,1,2
1769,176,1,2
1769,177,1,2
1769,178,1,2
1769,179,1,3
1769,180,1,3
1769,181,1,3
1769,182,1,3
1769,183,1,3
1769,184,1,3
1769,185,1,3
1769,186,1,3
1769,187,1,3
1769,188,1,2
1769,189,1,2
1769,190,1,2
1769,191,1,2
1769,192,1,2
1769,193,1,2
1769,194,1,2
1769,195,1,2
1769,196,1,2
1769,197,1,2
1769,198,1,2
1769,199,1,2
1769,200,1,2
1769,201,1,2
1769,202,1,2
1769,203,1,2
1769,204,1,2
1769,205,1,2
1769,206,1,2
1769,207,1,2
1769,208,1,2
1769,209,1,2
1769,210,1,2
1769,211,1,2
1769,212,1,2
1769,213,1,2
1769,214,1,2
1769,215,1,2
1769,216,1,2
1769,217,1,2
1769,218,1,2
1769,219,1,2
1769,220,1,2
1769,221,1,2
1769,222,1,2
1769,223,1,2
1769,224,1,2
1769,225,1,2
1769,226,1,2
1769,227,1,2
1769,228,1,2
1769,229,1,2
1769,230,1,2
1769,231,1,2
1769,232,1,2
1769,233,1,2
1769,234,1,2
1769,235,1,2
1769,236,1,2
1769,237,1,2
1769,238,1,2
1769,239,1,2
1769,240,1,2
1769,241,1,2
1769,242,1,2
1769,243,1,2
1769,244,1,2
1769,245,1,2
1769,246,1,2
1769,247,1,2
1769,248,1,2
1769,249,1,2
1769,250,1,2
1769,251,1,2
1769,252,1,2
1769,253,1,2
1769,254,1,2
1769,255,1,2
1769,256,1,2
1769,257,1,2
1769,258,1,2
1769,259,1,2
1769,260,1,2
1769,261,1,2
1769,262,1,2
1769,263,1,2
1769,264,1,2
1769,265,1,2
1769,266,1,2
1769,267,1,2
1769,268,1,2
1769,269,1,2
1769,270,1,2
1769,271,1,2
1769,272,1,2
1769,273,1,2
1769,274,1,2
1769,275,1,2
1769,276,1,2
1769,277,1,2
1769,278,1,2
1769,279,1,2
1769,280,1,2
1769,281,1,2
1769,282,1,2
1769,283,1,2
1769,284,1,2
1769,285,1,2
1769,286,1,2
1769,287,1,2
1769,288,1,2
1769,289,1,2
1769,290,1,2
1769,291,1,2
1769,292,1,2
1769,293,1,2
1769,294,1,2
1769,295,1,2
1769,296,1,2
1769,297,1,2
1769,298,1,2
1769,299,1,2
1769,300,1,2
1769,301,1,2
1769,302,1,2
1769,303,1,2
1769,304,1,2
1769,305,1,2
1769,306,1,2
1769,307,1,2
1769,308,1,2
1769,309,1,2
1769,310,1,2
1769,311,1,2
1769,312,1,2
1769,313,1,2
1769,314,1,2
1769,315,1,2
1769,316,1,2
1769,317,1,2
1769,318,1,2
1769,319,1,2
1769,320,1,2
1769,321,1,2
1769,322,1,2
1769,323,1,2
1769,324,1,2
1769,325,1,2
1769,326,1,2
1769,327,1,2
1769,328,1,2
1769,329,1,2
1769,330,1,2
1769,331,1,2
1769,332,1,2
1769,333,1,2
1769,334,1,2
1769,335,1,2
1769,336,1,2
1769,337,1,2
1769,338,1,2
1769,339,1,2
1769,340,1,2
1769,341,1,2
1769,342,1,2
1769,343,1,2
1769,344,1,2
1769,345,1,2
1769,346,1,2
1769,347,1,2
1769,348,1,2
1769,349,1,2
1769,350,1,2
1769,351,1,2
1769,352,1,2
1769,353,1,2
1769,354,1,2
1769,355,1,2
1769,356,1,2
1769,357,1,2
1769,358,1,2
1769,359,1,2
1769,360,1,2
1769,361,1,2
1769,362,1,2
1769,363,1,2
1769,364,1,2
1769,365,1,2
1769,366,1,2
1769,367,1,2
1769,368,1,2
1769,369,1,2
1769,370,1,2
1769,371,1,2
1769,372,1,2
1769,373,1,2
1769,374,1,2
1769,375,1,2
1769,376,1,2
1769,377,1,2
1769,378,1,2
1769,379,1,2
1769,380,1,2
1769,381,1,2
1769,382,1,2
1769,383,1,2
1769,384,1,2
1769,385,1,2
1769,386,1,2
1769,387,1,2
1769,388,1,2
1769,389,1,2
1769,390,1,2
1769,391,1,2
1769,392,1,2
1769,393,1,2
1769,394,1,2
1769,395,1,2
1769,396,1,2
1769,397,1,2
1769,398,1,2
1769,399,1,2
1769,400,1,2
1769,401,1,2
1769,402,1,2
1769,403,1,2
1769,404,1,2
1769,405,1,2
1769,406,1,2
1769,407,1,2
1769,408,1,2
1769,409,1,2
1769,410,1,2
1769,411,1,2
1769,412,1,2
1769,413,1,2
1769,414,1,2
1769,415,1,2
1769,416,1,2
1769,417,1,2
1769,418,1,2
1769,419,1,2
1769,420,1,2
1769,421,1,2
1769,422,1,2
1769,423,1,2
1769,424,1,2
1769,425,1,2
1769,426,1,2
1769,427,1,2
1769,428,1,2
1769,429,1,2
1769,430,1,2
1769,431,1,2
1769,432,1,2
1769,433,1,2
1769,434,1,2
1769,435,1,2
1769,436,1,2
1769,437,1,2
1769,438,1,2
1769,439,1,2
1769,440,1,2
1769,441,1,2
1769,442,1,2
1769,443,1,2
1769,444,1,2
1769,445,1,2
1769,446,1,2
1769,447,1,2
1769,448,1,2
1769,449,1,2
1769,450,1,2
1769,451,1,2
1769,452,1,2
1769,453,1,2
1769,454,1,2
1769,455,1,2
1769,456,1,2
1769,457,1,2
1769,458,1,2
1769,459,1,2
1769,460,1,3
1769,461,1,3
1769,462,1,3
1769,463,1,3
1769,464,1,3
1769,465,1,3
1769,466,1,3
1769,467,1,3
1769,468,1,3
1769,469,1,3
1769,470,1,3
1769,471,1,3
1769,472,1,3
1769,473,1,3
1769,474,1,3
1769,475,1,3
1769,476,1,3
1769,477,1,3
1769,478,1,3
1769,479,1,3
1769,480,1,3
1769,481,1,3
1769,482,1,3
1769,483,1,3
1769,484,1,3
1769,485,1,3
1769,486,1,3
1769,487,1,3
1769,488,1,3
1769,489,1,3
1769,490,1,3
1769,491,1,3
1769,492,1,3
1769,493,1,3
1769,494,1,3
1769,495,1,3
1769,496,1,3
1769,497,1,3
1769,498,1,3
1769,499,1,3
1769,500,1,3
1769,501,1,3
1769,502,1,3
1769,503,1,3
1769,504,1,3
1769,505,1,3
1769,506,1,3
1769,507,1,3
1769,508,1,3
1769,509,1,3
1769,510,1,3
1769,511,1,3
1769,512,1,3
1769,513,1,3
1769,514,1,3
1769,515,1,3
1769,516,1,3
1769,517,1,3
1769,518,1,3
1769,519,1,3
1769,520,1,3
1769,521,1,3
1769,522,1,3
1769,523,1,3
1769,524,1,2
1769,525,1,2
1769,526,1,2
1769,527,1,2
1769,528,1,2
1769,529,1,2
1769,530,1,2
1769,531,1,2
1769,532,1,2
1769,533,1,2
1769,534,1,2
1769,535,1,2
1769,536,1,2
1769,537,1,2
1769,538,1,2
1769,539,1,2
1769,540,1,2
1769,541,1,2
1769,542,1,2
1769,543,1,2
1769,544,1,2
1769,545,1,2
1769,546,1,2
1769,547,1,2
1769,548,1,2
1769,549,1,2
1769,550,1,2
1769,551,1,2
1769,552,1,2
1769,553,1,2
1769,554,1,2
1769,555,1,2
1769,556,1,2
1769,557,1,2
1769,558,1,2
1769,559,1,2
1769,560,1,2
1769,561,1,2
1769,562,1,2
1769,563,1,3
1769,564,1,3
1769,565,1,3
1769,566,1,3
1769,567,1,3
1769,568,1,3
1769,569,1,3
1769,570,1,3
1769,571,1,3
1769,572,1,3
1769,573,1,3
1769,574,1,3
1769,575,1,3
1769,576,1,3
1769,577,1,3
1769,578,1,3
1769,579,1,3
1769,580,1,3
1769,581,1,3
1769,582,1,3
1769,583,1,3
1769,584,1,3
1769,585,1,3
1769,586,1,3
1769,587,1,3
1769,588,1,3
1769,589,1,3
1769,590,1,3
1769,591,1,3
1769,592,1,3
1769,593,1,3
1769,594,1,3
1769,595,1,3
1769,596,1,3
1769,597,1,3
1769,598,1,3
1769,599,1,3
1769,600,1,3
1769,601,1,3
1769,602,1,3
1769,603,1,3
1769,604,1,3
1769,605,1,3
1769,606,1,3
1769,607,1,3
1769,608,1,3
1769,609,1,3
1769,610,1,3
1769,611,1,3
1769,612,1,3
1769,613,1,2
1769,614,1,2
1769,615,1,2
1769,616,1,2
1769,617,1,2
1769,618,1,2
1769,619,1,2
1769,620,1,2
1769,621,1,2
1769,622,1,2
1769,623,1,2
1769,624,1,2
1769,625,1,2
1769,626,1,2
1769,627,1,2
1769,628,1,2
1769,629,1,2
1769,630,1,2
1769,631,1,2
1769,632,1,2
1769,633,1,2
1769,634,1,2
1769,635,1,2
1769,636,1,2
1769,637,1,2
1769,638,1,2
1769,639,1,2
1769,640,1,2
1769,641,1,2
1769,642,1,2
1769,643,1,2
1769,644,1,2
1770,158,1,2
1770,159,1,2
1770,160,1,2
1770,161,1,2
1770,162,1,2
1770,163,1,2
1770,164,1,2
1770,165,1,2
1770,166,1,2
1770,167,1,2
1770,168,1,2
1770,169,1,3
1770,170,1,3
1770,171,1,2
1770,172,1,2
1770,173,1,2
1770,174,1,2
1770,175,1,2
1770,176,1,2
1770,177,1,2
1770,178,1,2
1770,179,1,3
1770,180,1,3
1770,181,1,3
1770,182,1,3
1770,183,1,3
1770,184,1,3
1770,185,1,3
1770,186,1,3
1770,187,1,3
1770,188,1,2
1770,189,1,2
1770,190,1,2
1770,191,1,2
1770,192,1,2
1770,193,1,2
1770,194,1,2
1770,195,1,2
1770,196,1,2
1770,197,1,2
1770,198,1,2
1770,199,1,2
1770,200,1,2
1770,201,1,2
1770,202,1,2
1770,203,1,2
1770,204,1,2
1770,205,1,2
1770,206,1,2
1770,207,1,2
1770,208,1,2
1770,209,1,2
1770,210,1,2
1770,211,1,2
1770,212,1,2
1770,213,1,2
1770,214,1,2
1770,215,1,2
1770,216,1,2
1770,217,1,2
1770,218,1,2
1770,219,1,2
1770,220,1,2
1770,221,1,2
1770,222,1,2
1770,223,1,2
1770,224,1,2
1770,225,1,2
1770,226,1,2
1770,227,1,2
1770,228,1,2
1770,229,1,2
1770,230,1,2
1770,231,1,2
1770,232,1,2
1770,233,1,2
1770,234,1,2
1770,235,1,2
1770,236,1,2
1770,237,1,2
1770,238,1,2
1770,239,1,2
1770,240,1,2
1770,241,1,2
1770,242,1,2
1770,243,1,2
1770,244,1,2
1770,245,1,2
1770,246,1,2
1770,247,1,2
1770,248,1,2
1770,249,1,2
1770,250,1,2
1770,251,1,2
1770,252,1,2
1770,253,1,2
1770,254,1,2
1770,255,1,2
1770,256,1,2
1770,257,1,2
1770,258,1,2
1770,259,1,2
1770,260,1,2
1770,261,1,2
1770,262,1,2
1770,263,1,2
1770,264,1,2
1770,265,1,2
1770,266,1,2
1770,267,1,2
1770,268,1,2
1770,269,1,2
1770,270,1,2
1770,271,1,2
1770,272,1,2
1770,273,1,2
1770,274,1,2
1770,275,1,2
1770,276,1,2
1770,277,1,2
1770,278,1,2
1770,279,1,2
1770,280,1,2
1770,281,1,2
1770,282,1,2
1770,283,1,2
1770,284,1,2
1770,285,1,2
1770,286,1,2
1770,287,1,2
1770,288,1,2
1770,289,1,2
1770,290,1,2
1770,291,1,2
1770,292,1,2
1770,293,1,2
1770,294,1,2
1770,295,1,2
1770,296,1,2
1770,297,1,2
1770,298,1,2
1770,299,1,2
1770,300,1,2
1770,301,1,2
1770,302,1,2
1770,303,1,2
1770,304,1,2
1770,305,1,2
1770,306,1,2
1770,307,1,2
1770,308,1,2
1770,309,1,2
1770,310,1,2
1770,311,1,2
1770,312,1,2
1770,313,1,2
1770,314,1,2
1770,315,1,2
1770,316,1,2
1770,317,1,2
1770,318,1,2
1770,319,1,2
1770,320,1,2
1770,321,1,2
1770,322,1,2
1770,323,1,2
1770,324,1,2
1770,325,1,2
1770,326,1,2
1770,327,1,2
1770,328,1,2
1770,329,1,2
1770,330,1,2
1770,331,1,2
1770,332,1,2
1770,333,1,2
1770,334,1,2
1770,335,1,2
1770,336,1,2
1770,337,1,2
1770,338,1,2
1770,339,1,2
1770,340,1,2
1770,341,1,2
1770,342,1,2
1770,343,1,2
1770,344,1,2
1770,345,1,2
1770,346,1,2
1770,347,1,2
1770,348,1,2
1770,349,1,2
1770,350,1,2
1770,351,1,2
1770,352,1,2
1770,353,1,2
1770,354,1,2
1770,355,1,2
1770,356,1,2
1770,357,1,2
1770,358,1,2
1770,359,1,2
1770,360,1,2
1770,361,1,2
1770,362,1,2
1770,363,1,2
1770,364,1,2
1770,365,1,2
1770,366,1,2
1770,367,1,2
1770,368,1,2
1770,369,1,2
1770,370,1,2
1770,371,1,2
1770,372,1,2
1770,373,1,2
1770,374,1,2
1770,375,1,2
1770,376,1,2
1770,377,1,2
1770,378,1,2
1770,379,1,2
1770,380,1,2
1770,381,1,2
1770,382,1,2
1770,383,1,2
1770,384,1,2
1770,385,1,2
1770,386,1,2
1770,387,1,2
1770,388,1,2
1770,389,1,2
1770,390,1,2
1770,391,1,2
1770,392,1,2
1770,393,1,2
1770,394,1,2
1770,395,1,2
1770,396,1,2
1770,397,1,2
1770,398,1,2
1770,399,1,2
1770,400,1,2
1770,401,1,2
1770,402,1,2
1770,403,1,2
1770,404,1,2
1770,405,1,2
1770,406,1,2
1770,407,1,2
1770,408,1,2
1770,409,1,2
1770,410,1,2
1770,411,1,2
1770,412,1,2
1770,413,1,2
1770,414,1,2
1770,415,1,2
1770,416,1,2
1770,417,1,2
1770,418,1,2
1770,419,1,2
1770,420,1,2
1770,421,1,2
1770,422,1,2
1770,423,1,2
1770,424,1,2
1770,425,1,2
1770,426,1,2
1770,427,1,2
1770,428,1,2
1770,429,1,2
1770,430,1,2
1770,431,1,2
1770,432,1,2
1770,433,1,2
1770,434,1,2
1770,435,1,2
1770,436,1,2
1770,437,1,2
1770,438,1,2
1770,439,1,2
1770,440,1,2
1770,441,1,2
1770,442,1,2
1770,443,1,2
1770,444,1,2
1770,445,1,2
1770,446,1,2
1770,447,1,2
1770,448,1,2
1770,449,1,2
1770,450,1,2
1770,451,1,2
1770,452,1,2
1770,453,1,2
1770,454,1,2
1770,455,1,2
1770,456,1,2
1770,457,1,2
1770,458,1,2
1770,459,1,3
1770,460,1,3
1770,461,1,3
1770,462,1,3
1770,463,1,3
1770,464,1,3
1770,465,1,3
1770,466,1,3
1770,467,1,3
1770,468,1,3
1770,469,1,3
1770,470,1,3
1770,471,1,3
1770,472,1,3
1770,473,1,3
1770,474,1,3
1770,475,1,3
1770,476,1,3
1770,477,1,3
1770,478,1,3
1770,479,1,3
1770,480,1,3
1770,481,1,3
1770,482,1,3
1770,483,1,3
1770,484,1,3
1770,485,1,3
1770,486,1,3
1770,487,1,3
1770,488,1,3
1770,489,1,3
1770,490,1,3
1770,491,1,3
1770,492,1,3
1770,493,1,3
1770,494,1,3
1770,495,1,3
1770,496,1,3
1770,497,1,3
1770,498,1,3
1770,499,1,3
1770,500,1,3
1770,501,1,3
1770,502,1,3
1770,503,1,3
1770,504,1,3
1770,505,1,3
1770,506,1,3
1770,507,1,3
1770,508,1,3
1770,509,1,3
1770,510,1,3
1770,511,1,3
1770,512,1,3
1770,513,1,3
1770,514,1,3
1770,515,1,3
1770,516,1,3
1770,517,1,3
1770,518,1,3
1770,519,1,3
1770,520,1,3
1770,521,1,3
1770,522,1,3
1770,523,1,3
1770,524,1,3
1770,525,1,2
1770,526,1,2
1770,527,1,2
1770,528,1,2
1770,529,1,2
1770,530,1,2
1770,531,1,2
1770,532,1,2
1770,533,1,2
1770,534,1,2
1770,535,1,2
1770,536,1,2
1770,537,1,2
1770,538,1,2
1770,539,1,2
1770,540,1,2
1770,541,1,2
1770,542,1,2
1770,543,1,2
1770,544,1,2
1770,545,1,2
1770,546,1,2
1770,547,1,2
1770,548,1,2
1770,549,1,2
1770,550,1,2
1770,551,1,2
1770,552,1,2
1770,553,1,2
1770,554,1,2
1770,555,1,2
1770,556,1,2
1770,557,1,2
1770,558,1,2
1770,559,1,2
1770,560,1,2
1770,561,1,2
1770,562,1,2
1770,563,1,3
1770,564,1,3
1770,565,1,3
1770,566,1,3
1770,567,1,3
1770,568,1,3
1770,569,1,3
1770,570,1,3
1770,571,1,3
1770,572,1,3
1770,573,1,3
1770,574,1,3
1770,575,1,3
1770,576,1,3
1770,577,1,3
1770,578,1,3
1770,579,1,3
1770,580,1,3
1770,581,1,3
1770,582,1,3
1770,583,1,3
1770,584,1,3
1770,585,1,3
1770,586,1,3
1770,587,1,3
1770,588,1,3
1770,589,1,3
1770,590,1,3
1770,591,1,3
1770,592,1,3
1770,593,1,3
1770,594,1,3
1770,595,1,3
1770,596,1,3
1770,597,1,3
1770,598,1,3
1770,599,1,3
1770,600,1,3
1770,601,1,3
1770,602,1,3
1770,603,1,3
1770,604,1,3
1770,605,1,3
1770,606,1,3
1770,607,1,3
1770,608,1,3
1770,609,1,3
1770,610,1,3
1770,611,1,3
1770,612,1,3
1770,613,1,3
1770,614,1,2
1770,615,1,2
1770,616,1,2
1770,617,1,2
1770,618,1,2
1770,619,1,2
1770,620,1,2
1770,621,1,2
1770,622,1,2
1770,623,1,2
1770,624,1,2
1770,625,1,2
1770,626,1,2
1770,627,1,2
1770,628,1,2
1770,629,1,2
1770,630,1,2
1770,631,1,2
1770,632,1,2
1770,633,1,2
1770,634,1,2
1770,635,1,2
1770,636,1,2
1770,637,1,2
1770,638,1,2
1770,639,1,2
1770,640,1,2
1770,641,1,2
1770,642,1,2
1770,643,1,2
1770,644,1,2
1770,645,1,2
1771,157,1,2
1771,158,1,2
1771,159,1,2
1771,160,1,2
1771,161,1,2
1771,162,1,2
1771,163,1,2
1771,164,1,2
1771,165,1,2
1771,166,1,2
1771,167,1,2
1771,168,1,2
1771,169,1,3
1771,170,1,2
1771,171,1,2
1771,172,1,2
1771,173,1,2
1771,174,1,2
1771,175,1,2
1771,176,1,2
1771,177,1,2
1771,178,1,3
1771,179,1,3
1771,180,1,3
1771,181,1,3
1771,182,1,3
1771,183,1,3
1771,184,1,3
1771,185,1,3
1771,186,1,3
1771,187,1,3
1771,188,1,2
1771,189,1,2
1771,190,1,2
1771,191,1,2
1771,192,1,2
1771,193,1,2
1771,194,1,2
1771,195,1,2
1771,196,1,2
1771,197,1,2
1771,198,1,2
1771,199,1,2
1771,200,1,2
1771,201,1,2
1771,202,1,2
1771,203,1,2
1771,204,1,2
1771,205,1,2
1771,206,1,2
1771,207,1,2
1771,208,1,2
1771,209,1,2
1771,210,1,2
1771,211,1,2
1771,212,1,2
1771,213,1,2
1771,214,1,2
1771,215,1,2
1771,216,1,2
1771,217,1,2
1771,218,1,2
1771,219,1,2
1771,220,1,2
1771,221,1,2
1771,222,1,2
1771,223,1,2
1771,224,1,2
1771,225,1,2
1771,226,1,2
1771,227,1,2
1771,228,1,2
1771,229,1,2
1771,230,1,2
1771,231,1,2
1771,232,1,2
1771,233,1,2
1771,234,1,2
1771,235,1,2
1771,236,1,2
1771,237,1,2
1771,238,1,2
1771,239,1,2
1771,240,1,2
1771,241,1,2
1771,242,1,2
1771,243,1,2
1771,244,1,2
1771,245,1,2
1771,246,1,2
1771,247,1,2
1771,248,1,2
1771,249,1,2
1771,250,1,2
1771,251,1,2
1771,252,1,2
1771,253,1,2
1771,254,1,2
1771,255,1,2
1771,256,1,2
1771,257,1,2
1771,258,1,2
1771,259,1,2
1771,260,1,2
1771,261,1,2
1771,262,1,2
1771,263,1,2
1771,264,1,2
1771,265,1,2
1771,266,1,2
1771,267,1,2
1771,268,1,2
1771,269,1,2
1771,270,1,2
1771,271,1,2
1771,272,1,2
1771,273,1,2
1771,274,1,2
1771,275,1,2
1771,276,1,2
1771,277,1,2
1771,278,1,2
1771,279,1,2
1771,280,1,2
1771,281,1,2
1771,282,1,2
1771,283,1,2
1771,284,1,2
1771,285,1,2
1771,286,1,2
1771,287,1,2
1771,288,1,2
1771,289,1,2
1771,290,1,2
1771,291,1,2
1771,292,1,2
1771,293,1,2
1771,294,1,2
1771,295,1,2
1771,296,1,2
1771,297,1,2
1771,298,1,2
1771,299,1,2
1771,300,1,2
1771,301,1,2
1771,302,1,2
1771,303,1,2
1771,304,1,2
1771,305,1,2
1771,306,1,2
1771,307,1,2
1771,308,1,2
1771,309,1,2
1771,310,1,2
1771,311,1,2
1771,312,1,2
1771,313,1,2
1771,314,1,2
1771,315,1,2
1771,316,1,2
1771,317,1,2
1771,318,1,2
1771,319,1,2
1771,320,1,2
1771,321,1,2
1771,322,1,2
1771,323,1,2
1771,324,1,2
1771,325,1,2
1771,326,1,2
1771,327,1,2
1771,328,1,2
1771,329,1,2
1771,330,1,2
1771,331,1,2
1771,332,1,2
1771,333,1,2
1771,334,1,2
1771,335,1,2
1771,336,1,2
1771,337,1,2
1771,338,1,2
1771,339,1,2
1771,340,1,2
1771,341,1,2
1771,342,1,2
1771,343,1,2
1771,344,1,2
1771,345,1,2
1771,346,1,2
1771,347,1,2
1771,348,1,2
1771,349,1,2
1771,350,1,2
1771,351,1,2
1771,352,1,2
1771,353,1,2
1771,354,1,2
1771,355,1,2
1771,356,1,2
1771,357,1,2
1771,358,1,2
1771,359,1,2
1771,360,1,2
1771,361,1,2
1771,362,1,2
1771,363,1,2
1771,364,1,2
1771,365,1,2
1771,366,1,2
1771,367,1,2
1771,368,1,2
1771,369,1,2
1771,370,1,2
1771,371,1,2
1771,372,1,2
1771,373,1,2
1771,374,1,2
1771,375,1,2
1771,376,1,2
1771,377,1,2
1771,378,1,2
1771,379,1,2
1771,380,1,2
1771,381,1,2
1771,382,1,2
1771,383,1,2
1771,384,1,2
1771,385,1,2
1771,386,1,2
1771,387,1,2
1771,388,1,2
1771,389,1,2
1771,390,1,2
1771,391,1,2
1771,392,1,2
1771,393,1,2
1771,394,1,2
1771,395,1,2
1771,396,1,2
1771,397,1,2
1771,398,1,2
1771,399,1,2
1771,400,1,2
1771,401,1,2
1771,402,1,2
1771,403,1,2
1771,404,1,2
1771,405,1,2
1771,406,1,2
1771,407,1,2
1771,408,1,2
1771,409,1,2
1771,410,1,2
1771,411,1,2
1771,412,1,2
1771,413,1,2
1771,414,1,2
1771,415,1,2
1771,416,1,2
1771,417,1,2
1771,418,1,2
1771,419,1,2
1771,420,1,2
1771,421,1,2
1771,422,1,2
1771,423,1,2
1771,424,1,2
1771,425,1,2
1771,426,1,2
1771,427,1,2
1771,428,1,2
1771,429,1,2
1771,430,1,2
1771,431,1,2
1771,432,1,2
1771,433,1,2
1771,434,1,2
1771,435,1,2
1771,436,1,2
1771,437,1,2
1771,438,1,2
1771,439,1,2
1771,440,1,2
1771,441,1,2
1771,442,1,2
1771,443,1,2
1771,444,1,2
1771,445,1,2
1771,446,1,2
1771,447,1,2
1771,448,1,2
1771,449,1,2
1771,450,1,2
1771,451,1,2
1771,452,1,2
1771,453,1,2
1771,454,1,2
1771,455,1,2
1771,456,1,2
1771,457,1,2
1771,458,1,3
1771,459,1,3
1771,460,1,3
1771,461,1,3
1771,462,1,3
1771,463,1,3
1771,464,1,3
1771,465,1,3
1771,466,1,3
1771,467,1,3
1771,468,1,3
1771,469,1,3
1771,470,1,3
1771,471,1,3
1771,472,1,3
1771,473,1,3
1771,474,1,3
1771,475,1,3
1771,476,1,3
1771,477,1,3
1771,478,1,3
1771,479,1,3
1771,480,1,3
1771,481,1,3
1771,482,1,3
1771,483,1,3
1771,484,1,3
1771,485,1,3
1771,486,1,3
1771,487,1,3
1771,488,1,3
1771,489,1,3
1771,490,1,3
1771,491,1,3
1771,492,1,3
1771,493,1,3
1771,494,1,3
1771,495,1,3
1771,496,1,3
1771,497,1,3
1771,498,1,3
1771,499,1,3
1771,500,1,3
1771,501,1,3
1771,502,1,3
1771,503,1,3
1771,504,1,3
1771,505,1,3
1771,506,1,3
1771,507,1,3
1771,508,1,3
1771,509,1,3
1771,510,1,3
1771,511,1,3
1771,512,1,3
1771,513,1,3
1771,514,1,3
1771,515,1,3
1771,516,1,3
1771,517,1,3
1771,518,1,3
1771,519,1,3
1771,520,1,3
1771,521,1,3
1771,522,1,3
1771,523,1,3
1771,524,1,3
1771,525,1,2
1771,526,1,2
1771,527,1,2
1771,528,1,2
1771,529,1,2
1771,530,1,2
1771,531,1,2
1771,532,1,2
1771,533,1,2
1771,534,1,2
1771,535,1,2
1771,536,1,2
1771,537,1,2
1771,538,1,2
1771,539,1,2
1771,540,1,2
1771,541,1,2
1771,542,1,2
1771,543,1,2
1771,544,1,2
1771,545,1,2
1771,546,1,2
1771,547,1,2
1771,548,1,2
1771,549,1,2
1771,550,1,2
1771,551,1,2
1771,552,1,2
1771,553,1,2
1771,554,1,2
1771,555,1,2
1771,556,1,2
1771,557,1,2
1771,558,1,2
1771,559,1,2
1771,560,1,2
1771,561,1,2
1771,562,1,2
1771,563,1,3
1771,564,1,3
1771,565,1,3
1771,566,1,3
1771,567,1,3
1771,568,1,3
1771,569,1,3
1771,570,1,3
1771,571,1,3
1771,572,1,3
1771,573,1,3
1771,574,1,3
1771,575,1,3
1771,576,1,3
1771,577,1,3
1771,578,1,3
1771,579,1,3
1771,580,1,3
1771,581,1,3
1771,582,1,3
1771,583,1,3
1771,584,1,3
1771,585,1,3
1771,586,1,3
1771,587,1,3
1771,588,1,3
1771,589,1,3
1771,590,1,3
1771,591,1,3
1771,592,1,3
1771,593,1,3
1771,594,1,3
1771,595,1,3
1771,596,1,3
1771,597,1,3
1771,598,1,3
1771,599,1,3
1771,600,1,3
1771,601,1,3
1771,602,1,3
1771,603,1,3
1771,604,1,3
1771,605,1,3
1771,606,1,3
1771,607,1,3
1771,608,1,3
1771,609,1,3
1771,610,1,3
1771,611,1,3
1771,612,1,3
1771,613,1,3
1771,614,1,2
1771,615,1,2
1771,616,1,2
1771,617,1,2
1771,618,1,2
1771,619,1,2
1771,620,1,2
1771,621,1,2
1771,622,1,2
1771,623,1,2
1771,624,1,2
1771,625,1,2
1771,626,1,2
1771,627,1,2
1771,628,1,2
1771,629,1,2
1771,630,1,2
1771,631,1,2
1771,632,1,2
1771,633,1,2
1771,634,1,2
1771,635,1,2
1771,636,1,2
1771,637,1,2
1771,638,1,2
1771,639,1,2
1771,640,1,2
1771,641,1,2
1771,642,1,2
1771,643,1,2
1771,644,1,2
1771,645,1,2
1772,157,1,2
1772,158,1,2
1772,159,1,2
1772,160,1,2
1772,161,1,2
1772,162,1,2
1772,163,1,2
1772,164,1,2
1772,165,1,2
1772,166,1,2
1772,167,1,2
1772,168,1,2
1772,169,1,2
1772,170,1,2
1772,171,1,2
1772,172,1,2
1772,173,1,2
1772,174,1,2
1772,175,1,2
1772,176,1,2
1772,177,1,2
1772,178,1,3
1772,179,1,3
1772,180,1,3
1772,181,1,3
1772,182,1,3
1772,183,1,3
1772,184,1,3
1772,185,1,3
1772,186,1,3
1772,187,1,3
1772,188,1,2
1772,189,1,2
1772,190,1,2
1772,191,1,2
1772,192,1,2
1772,193,1,2
1772,194,1,2
1772,195,1,2
1772,196,1,2
1772,197,1,2
1772,198,1,2
1772,199,1,2
1772,200,1,2
1772,201,1,2
1772,202,1,2
1772,203,1,2
1772,204,1,2
1772,205,1,2
1772,206,1,2
1772,207,1,2
1772,208,1,2
1772,209,1,2
1772,210,1,2
1772,211,1,2
1772,212,1,2
1772,213,1,2
1772,214,1,2
1772,215,1,2
1772,216,1,2
1772,217,1,2
1772,218,1,2
1772,219,1,2
1772,220,1,2
1772,221,1,2
1772,222,1,2
1772,223,1,2
1772,224,1,2
1772,225,1,2
1772,226,1,2
1772,227,1,2
1772,228,1,2
1772,229,1,2
1772,230,1,2
1772,231,1,2
1772,232,1,2
1772,233,1,2
1772,234,1,2
1772,235,1,2
1772,236,1,2
1772,237,1,2
1772,238,1,2
1772,239,1,2
1772,240,1,2
1772,241,1,2
1772,242,1,2
1772,243,1,2
1772,244,1,2
1772,245,1,2
1772,246,1,2
1772,247,1,2
1772,248,1,2
1772,249,1,2
1772,250,1,2
1772,251,1,2
1772,252,1,2
1772,253,1,2
1772,254,1,2
1772,255,1,2
1772,256,1,2
1772,257,1,2
1772,258,1,2
1772,259,1,2
1772,260,1,2
1772,261,1,2
1772,262,1,2
1772,263,1,2
1772,264,1,2
1772,265,1,2
1772,266,1,2
1772,267,1,2
1772,268,1,2
1772,269,1,2
1772,270,1,2
1772,271,1,2
1772,272,1,2
1772,273,1,2
1772,274,1,2
1772,275,1,2
1772,276,1,2
1772,277,1,2
1772,278,1,2
1772,279,1,2
1772,280,1,2
1772,281,1,2
1772,282,1,2
1772,283,1,2
1772,284,1,2
1772,285,1,2
1772,286,1,2
1772,287,1,2
1772,288,1,2
1772,289,1,2
1772,290,1,2
1772,291,1,2
1772,292,1,2
1772,293,1,2
1772,294,1,2
1772,295,1,2
1772,296,1,2
1772,297,1,2
1772,298,1,2
1772,299,1,2
1772,300,1,2
1772,301,1,2
1772,302,1,2
1772,303,1,2
1772,304,1,2
1772,305,1,2
1772,306,1,2
1772,307,1,2
1772,308,1,2
1772,309,1,2
1772,310,1,2
1772,311,1,2
1772,312,1,2
1772,313,1,2
1772,314,1,2
1772,315,1,2
1772,316,1,2
1772,317,1,2
1772,318,1,2
1772,319,1,2
1772,320,1,2
1772,321,1,2
1772,322,1,2
1772,323,1,2
1772,324,1,2
1772,325,1,2
1772,326,1,2
1772,327,1,2
1772,328,1,2
1772,329,1,2
1772,330,1,2
1772,331,1,2
1772,332,1,2
1772,333,1,2
1772,334,1,2
1772,335,1,2
1772,336,1,2
1772,337,1,2
1772,338,1,2
1772,339,1,2
1772,340,1,2
1772,341,1,2
1772,342,1,2
1772,343,1,2
1772,344,1,2
1772,345,1,2
1772,346,1,2
1772,347,1,2
1772,348,1,2
1772,349,1,2
1772,350,1,2
1772,351,1,2
1772,352,1,2
1772,353,1,2
1772,354,1,2
1772,355,1,2
1772,356,1,2
1772,357,1,2
1772,358,1,2
1772,359,1,2
1772,360,1,2
1772,361,1,2
1772,362,1,2
1772,363,1,2
1772,364,1,2
1772,365,1,2
1772,366,1,2
1772,367,1,2
1772,368,1,2
1772,369,1,2
1772,370,1,2
1772,371,1,2
1772,372,1,2
1772,373,1,2
1772,374,1,2
1772,375,1,2
1772,376,1,2
1772,377,1,2
1772,378,1,2
1772,379,1,2
1772,380,1,2
1772,381,1,2
1772,382,1,2
1772,383,1,2
1772,384,1,2
1772,385,1,2
1772,386,1,2
1772,387,1,2
1772,388,1,2
1772,389,1,2
1772,390,1,2
1772,391,1,2
1772,392,1,2
1772,393,1,2
1772,394,1,2
1772,395,1,2
1772,396,1,2
1772,397,1,2
1772,398,1,2
1772,399,1,2
1772,400,1,2
1772,401,1,2
1772,402,1,2
1772,403,1,2
1772,404,1,2
1772,405,1,2
1772,406,1,2
1772,407,1,2
1772,408,1,2
1772,409,1,2
1772,410,1,2
1772,411,1,2
1772,412,1,2
1772,413,1,2
1772,414,1,2
1772,415,1,2
1772,416,1,2
1772,417,1,2
1772,418,1,2
1772,419,1,2
1772,420,1,2
1772,421,1,2
1772,422,1,2
1772,423,1,2
1772,424,1,2
1772,425,1,2
1772,426,1,2
1772,427,1,2
1772,428,1,2
1772,429,1,2
1772,430,1,2
1772,431,1,2
1772,432,1,2
1772,433,1,2
1772,434,1,2
1772,435,1,2
1772,436,1,2
1772,437,1,2
1772,438,1,2
1772,439,1,2
1772,440,1,2
1772,441,1,2
1772,442,1,2
1772,443,1,2
1772,444,1,2
1772,445,1,2
1772,446,1,2
1772,447,1,2
1772,448,1,2
1772,449,1,2
1772,450,1,2
1772,451,1,2
1772,452,1,2
1772,453,1,2
1772,454,1,2
1772,455,1,2
1772,456,1,2
1772,457,1,2
1772,458,1,3
1772,459,1,3
1772,460,1,3
1772,461,1,3
1772,462,1,3
1772,463,1,3
1772,464,1,3
1772,465,1,3
1772,466,1,3
1772,467,1,3
1772,468,1,3
1772,469,1,3
1772,470,1,3
1772,471,1,3
1772,472,1,3
1772,473,1,3
1772,474,1,3
1772,475,1,3
1772,476,1,3
1772,477,1,3
1772,478,1,3
1772,479,1,3
1772,480,1,3
1772,481,1,3
1772,482,1,3
1772,483,1,3
1772,484,1,3
1772,485,1,3
1772,486,1,3
1772,487,1,3
1772,488,1,3
1772,489,1,3
1772,490,1,3
1772,491,1,3
1772,492,1,3
1772,493,1,3
1772,494,1,3
1772,495,1,3
1772,496,1,3
1772,497,1,3
1772,498,1,3
1772,499,1,3
1772,500,1,3
1772,501,1,3
1772,502,1,3
1772,503,1,3
1772,504,1,3
1772,505,1,3
1772,506,1,3
1772,507,1,3
1772,508,1,3
1772,509,1,3
1772,510,1,3
1772,511,1,3
1772,512,1,3
1772,513,1,3
1772,514,1,3
1772,515,1,3
1772,516,1,3
1772,517,1,3
1772,518,1,3
1772,519,1,3
1772,520,1,3
1772,521,1,3
1772,522,1,3
1772,523,1,3
1772,524,1,3
1772,525,1,2
1772,526,1,2
1772,527,1,2
1772,528,1,2
1772,529,1,2
1772,530,1,2
1772,531,1,2
1772,532,1,2
1772,533,1,2
1772,534,1,2
1772,535,1,2
1772,536,1,2
1772,537,1,2
1772,538,1,2
1772,539,1,2
1772,540,1,2
1772,541,1,2
1772,542,1,2
1772,543,1,2
1772,544,1,2
1772,545,1,2
1772,546,1,2
1772,547,1,2
1772,548,1,2
1772,549,1,2
1772,550,1,2
1772,551,1,2
1772,552,1,2
1772,553,1,2
1772,554,1,2
1772,555,1,2
1772,556,1,2
1772,557,1,2
1772,558,1,2
1772,559,1,2
1772,560,1,2
1772,561,1,2
1772,562,1,3
1772,563,1,3
1772,564,1,3
1772,565,1,3
1772,566,1,3
1772,567,1,3
1772,568,1,3
1772,569,1,3
1772,570,1,3
1772,571,1,3
1772,572,1,3
1772,573,1,3
1772,574,1,3
1772,575,1,3
1772,576,1,3
1772,577,1,3
1772,578,1,3
1772,579,1,3
1772,580,1,3
1772,581,1,3
1772,582,1,3
1772,583,1,3
1772,584,1,3
1772,585,1,3
1772,586,1,3
1772,587,1,3
1772,588,1,3
1772,589,1,3
1772,590,1,3
1772,591,1,3
1772,592,1,3
1772,593,1,3
1772,594,1,3
1772,595,1,3
1772,596,1,3
1772,597,1,3
1772,598,1,3
1772,599,1,3
1772,600,1,3
1772,601,1,3
1772,602,1,3
1772,603,1,3
1772,604,1,3
1772,605,1,3
1772,606,1,3
1772,607,1,3
1772,608,1,3
1772,609,1,3
1772,610,1,3
1772,611,1,3
1772,612,1,3
1772,613,1,3
1772,614,1,2
1772,615,1,2
1772,616,1,2
1772,617,1,2
1772,618,1,2
1772,619,1,2
1772,620,1,2
1772,621,1,2
1772,622,1,2
1772,623,1,2
1772,624,1,2
1772,625,1,2
1772,626,1,2
1772,627,1,2
1772,628,1,2
1772,629,1,2
1772,630,1,2
1772,631,1,2
1772,632,1,2
1772,633,1,2
1772,634,1,2
1772,635,1,2
1772,636,1,2
1772,637,1,2
1772,638,1,2
1772,639,1,2
1772,640,1,2
1772,641,1,2
1772,642,1,2
1772,643,1,2
1772,644,1,2
1772,645,1,2
1773,157,1,2
1773,158,1,2
1773,159,1,2
1773,160,1,2
1773,161,1,2
1773,162,1,2
1773,163,1,2
1773,164,1,2
1773,165,1,2
1773,166,1,2
1773,167,1,2
1773,168,1,2
1773,169,1,2
1773,170,1,2
1773,171,1,2
1773,172,1,2
1773,173,1,2
1773,174,1,2
1773,175,1,2
1773,176,1,2
1773,177,1,2
1773,178,1,3
1773,179,1,3
1773,180,1,3
1773,181,1,3
1773,182,1,3
1773,183,1,3
1773,184,1,3
1773,185,1,3
1773,186,1,3
1773,187,1,3
1773,188,1,2
1773,189,1,2
1773,190,1,2
1773,191,1,2
1773,192,1,2
1773,193,1,2
1773,194,1,2
1773,195,1,2
1773,196,1,2
1773,197,1,2
1773,198,1,2
1773,199,1,2
1773,200,1,2
1773,201,1,2
1773,202,1,2
1773,203,1,2
1773,204,1,2
1773,205,1,2
1773,206,1,2
1773,207,1,2
1773,208,1,2
1773,209,1,2
1773,210,1,2
1773,211,1,2
1773,212,1,2
1773,213,1,2
1773,214,1,2
1773,215,1,2
1773,216,1,2
1773,217,1,2
1773,218,1,2
1773,219,1,2
1773,220,1,2
1773,221,1,2
1773,222,1,2
1773,223,1,2
1773,224,1,2
1773,225,1,2
1773,226,1,2
1773,227,1,2
1773,228,1,2
1773,229,1,2
1773,230,1,2
1773,231,1,2
1773,232,1,2
1773,233,1,2
1773,234,1,2
1773,235,1,2
1773,236,1,2
1773,237,1,2
1773,238,1,2
1773,239,1,2
1773,240,1,2
1773,241,1,2
1773,242,1,2
1773,243,1,2
1773,244,1,2
1773,245,1,2
1773,246,1,2
1773,247,1,2
1773,248,1,2
1773,249,1,2
1773,250,1,2
1773,251,1,2
1773,252,1,2
1773,253,1,2
1773,254,1,2
1773,255,1,2
1773,256,1,2
1773,257,1,2
1773,258,1,2
1773,259,1,2
1773,260,1,2
1773,261,1,2
1773,262,1,2
1773,263,1,2
1773,264,1,2
1773,265,1,2
1773,266,1,2
1773,267,1,2
1773,268,1,2
1773,269,1,2
1773,270,1,2
1773,271,1,2
1773,272,1,2
1773,273,1,2
1773,274,1,2
1773,275,1,2
1773,276,1,2
1773,277,1,2
1773,278,1,2
1773,279,1,2
1773,280,1,2
1773,281,1,2
1773,282,1,2
1773,283,1,2
1773,284,1,2
1773,285,1,2
1773,286,1,2
1773,287,1,2
1773,288,1,2
1773,289,1,2
1773,290,1,2
1773,291,1,2
1773,292,1,2
1773,293,1,2
1773,294,1,2
1773,295,1,2
1773,296,1,2
1773,297,1,2
1773,298,1,2
1773,299,1,2
1773,300,1,2
1773,301,1,2
1773,302,1,2
1773,303,1,2
1773,304,1,2
1773,305,1,2
1773,306,1,2
1773,307,1,2
1773,308,1,2
1773,309,1,2
1773,310,1,2
1773,311,1,2
1773,312,1,2
1773,313,1,2
1773,314,1,2
1773,315,1,2
1773,316,1,2
1773,317,1,2
1773,318,1,2
1773,319,1,2
1773,320,1,2
1773,321,1,2
1773,322,1,2
1773,323,1,2
1773,324,1,2
1773,325,1,2
1773,326,1,2
1773,327,1,2
1773,328,1,2
1773,329,1,2
1773,330,1,2
1773,331,1,2
1773,332,1,2
1773,333,1,2
1773,334,1,2
1773,335,1,2
1773,336,1,2
1773,337,1,2
1773,338,1,2
1773,339,1,2
1773,340,1,2
1773,341,1,2
1773,342,1,2
1773,343,1,2
1773,344,1,2
1773,345,1,2
1773,346,1,2
1773,347,1,2
1773,348,1,2
1773,349,1,2
1773,350,1,2
1773,351,1,2
1773,352,1,2
1773,353,1,2
1773,354,1,2
1773,355,1,2
1773,356,1,2
1773,357,1,2
1773,358,1,2
1773,359,1,2
1773,360,1,2
1773,361,1,2
1773,362,1,2
1773,363,1,2
1773,364,1,2
1773,365,1,2
1773,366,1,2
1773,367,1,2
1773,368,1,2
1773,369,1,2
1773,370,1,2
1773,371,1,2
1773,372,1,2
1773,373,1,2
1773,374,1,2
1773,375,1,2
1773,376,1,2
1773,377,1,2
1773,378,1,2
1773,379,1,2
1773,380,1,2
1773,381,1,2
1773,382,1,2
1773,383,1,2
1773,384,1,2
1773,385,1,2
1773,386,1,2
1773,387,1,2
1773,388,1,2
1773,389,1,2
1773,390,1,2
1773,391,1,2
1773,392,1,2
1773,393,1,2
1773,394,1,2
1773,395,1,2
1773,396,1,2
1773,397,1,2
1773,398,1,2
1773,399,1,2
1773,400,1,2
1773,401,1,2
1773,402,1,2
1773,403,1,2
1773,404,1,2
1773,405,1,2
1773,406,1,2
1773,407,1,2
1773,408,1,2
1773,409,1,2
1773,410,1,2
1773,411,1,2
1773,412,1,2
1773,413,1,2
1773,414,1,2
1773,415,1,2
1773,416,1,2
1773,417,1,2
1773,418,1,2
1773,419,1,2
1773,420,1,2
1773,421,1,2
1773,422,1,2
1773,423,1,2
1773,424,1,2
1773,425,1,2
1773,426,1,2
1773,427,1,2
1773,428,1,2
1773,429,1,2
1773,430,1,2
1773,431,1,2
1773,432,1,2
1773,433,1,2
1773,434,1,2
1773,435,1,2
1773,436,1,2
1773,437,1,2
1773,438,1,2
1773,439,1,2
1773,440,1,2
1773,441,1,2
1773,442,1,2
1773,443,1,2
1773,444,1,2
1773,445,1,2
1773,446,1,2
1773,447,1,2
1773,448,1,2
1773,449,1,2
1773,450,1,2
1773,451,1,2
1773,452,1,2
1773,453,1,2
1773,454,1,2
1773,455,1,2
1773,456,1,2
1773,457,1,3
1773,458,1,3
1773,459,1,3
1773,460,1,3
1773,461,1,3
1773,462,1,3
1773,463,1,3
1773,464,1,3
1773,465,1,3
1773,466,1,3
1773,467,1,3
1773,468,1,3
1773,469,1,3
1773,470,1,3
1773,471,1,3
1773,472,1,3
1773,473,1,3
1773,474,1,3
1773,475,1,3
1773,476,1,3
1773,477,1,3
1773,478,1,3
1773,479,1,3
1773,480,1,3
1773,481,1,3
1773,482,1,3
1773,483,1,3
1773,484,1,3
1773,485,1,3
1773,486,1,3
1773,487,1,3
1773,488,1,3
1773,489,1,3
1773,490,1,3
1773,491,1,3
1773,492,1,3
1773,493,1,3
1773,494,1,3
1773,495,1,3
1773,496,1,3
1773,497,1,3
1773,498,1,3
1773,499,1,3
1773,500,1,3
1773,501,1,3
1773,502,1,3
1773,503,1,3
1773,504,1,3
1773,505,1,3
1773,506,1,3
1773,507,1,3
1773,508,1,3
1773,509,1,3
1773,510,1,3
1773,511,1,3
1773,512,1,3
1773,513,1,3
1773,514,1,3
1773,515,1,3
1773,516,1,3
1773,517,1,3
1773,518,1,3
1773,519,1,3
1773,520,1,3
1773,521,1,3
1773,522,1,3
1773,523,1,3
1773,524,1,3
1773,525,1,2
1773,526,1,2
1773,527,1,2
1773,528,1,2
1773,529,1,2
1773,530,1,2
1773,531,1,2
1773,532,1,2
1773,533,1,2
1773,534,1,2
1773,535,1,2
1773,536,1,2
1773,537,1,2
1773,538,1,2
1773,539,1,2
1773,540,1,2
1773,541,1,2
1773,542,1,2
1773,543,1,2
1773,544,1,2
1773,545,1,2
1773,546,1,2
1773,547,1,2
1773,548,1,2
1773,549,1,2
1773,550,1,2
1773,551,1,2
1773,552,1,2
1773,553,1,2
1773,554,1,2
1773,555,1,2
1773,556,1,2
1773,557,1,2
1773,558,1,2
1773,559,1,2
1773,560,1,2
1773,561,1,2
1773,562,1,3
1773,563,1,3
1773,564,1,3
1773,565,1,3
1773,566,1,3
1773,567,1,3
1773,568,1,3
1773,569,1,3
1773,570,1,3
1773,571,1,3
1773,572,1,3
1773,573,1,3
1773,574,1,3
1773,575,1,3
1773,576,1,3
1773,577,1,3
1773,578,1,3
1773,579,1,3
1773,580,1,3
1773,581,1,3
1773,582,1,3
1773,583,1,3
1773,584,1,3
1773,585,1,3
1773,586,1,3
1773,587,1,3
1773,588,1,3
1773,589,1,3
1773,590,1,3
1773,591,1,3
1773,592,1,3
1773,593,1,3
1773,594,1,3
1773,595,1,3
1773,596,1,3
1773,597,1,3
1773,598,1,3
1773,599,1,3
1773,600,1,3
1773,601,1,3
1773,602,1,3
1773,603,1,3
1773,604,1,3
1773,605,1,3
1773,606,1,3
1773,607,1,3
1773,608,1,3
1773,609,1,3
1773,610,1,3
1773,611,1,3
1773,612,1,3
1773,613,1,3
1773,614,1,3
1773,615,1,2
1773,616,1,2
1773,617,1,2
1773,618,1,2
1773,619,1,2
1773,620,1,2
1773,621,1,2
1773,622,1,2
1773,623,1,2
1773,624,1,2
1773,625,1,2
1773,626,1,2
1773,627,1,2
1773,628,1,2
1773,629,1,2
1773,630,1,2
1773,631,1,2
1773,632,1,2
1773,633,1,2
1773,634,1,2
1773,635,1,2
1773,636,1,2
1773,637,1,2
1773,638,1,2
1773,639,1,2
1773,640,1,2
1773,641,1,2
1773,642,1,2
1773,643,1,2
1773,644,1,2
1773,645,1,2
1774,157,1,2
1774,158,1,2
1774,159,1,2
1774,160,1,2
1774,161,1,2
1774,162,1,2
1774,163,1,2
1774,164,1,2
1774,165,1,2
1774,166,1,2
1774,167,1,2
1774,168,1,2
1774,169,1,2
1774,170,1,2
1774,171,1,2
1774,172,1,2
1774,173,1,2
1774,174,1,2
1774,175,1,3
1774,176,1,3
1774,177,1,2
1774,178,1,3
1774,179,1,3
1774,180,1,3
1774,181,1,3
1774,182,1,3
1774,183,1,3
1774,184,1,3
1774,185,1,3
1774,186,1,3
1774,187,1,3
1774,188,1,2
1774,189,1,2
1774,190,1,2
1774,191,1,2
1774,192,1,2
1774,193,1,2
1774,194,1,2
1774,195,1,2
1774,196,1,2
1774,197,1,2
1774,198,1,2
1774,199,1,2
1774,200,1,2
1774,201,1,2
1774,202,1,2
1774,203,1,2
1774,204,1,2
1774,205,1,2
1774,206,1,2
1774,207,1,2
1774,208,1,2
1774,209,1,2
1774,210,1,2
1774,211,1,2
1774,212,1,2
1774,213,1,2
1774,214,1,2
1774,215,1,2
1774,216,1,2
1774,217,1,2
1774,218,1,2
1774,219,1,2
1774,220,1,2
1774,221,1,2
1774,222,1,2
1774,223,1,2
1774,224,1,2
1774,225,1,2
1774,226,1,2
1774,227,1,2
1774,228,1,2
1774,229,1,2
1774,230,1,2
1774,231,1,2
1774,232,1,2
1774,233,1,2
1774,234,1,2
1774,235,1,2
1774,236,1,2
1774,237,1,2
1774,238,1,2
1774,239,1,2
1774,240,1,2
1774,241,1,2
1774,242,1,2
1774,243,1,2
1774,244,1,2
1774,245,1,2
1774,246,1,2
1774,247,1,2
1774,248,1,2
1774,249,1,2
1774,250,1,2
1774,251,1,2
1774,252,1,2
1774,253,1,2
1774,254,1,2
1774,255,1,2
1774,256,1,2
1774,257,1,2
1774,258,1,2
1774,259,1,2
1774,260,1,2
1774,261,1,2
1774,262,1,2
1774,263,1,2
1774,264,1,2
1774,265,1,2
1774,266,1,2
1774,267,1,2
1774,268,1,2
1774,269,1,2
1774,270,1,2
1774,271,1,2
1774,272,1,2
1774,273,1,2
1774,274,1,2
1774,275,1,2
1774,276,1,2
1774,277,1,2
1774,278,1,2
1774,279,1,2
1774,280,1,2
1774,281,1,2
1774,282,1,2
1774,283,1,2
1774,284,1,2
1774,285,1,2
1774,286,1,2
1774,287,1,2
1774,288,1,2
1774,289,1,2
1774,290,1,2
1774,291,1,2
1774,292,1,2
1774,293,1,2
1774,294,1,2
1774,295,1,2
1774,296,1,2
1774,297,1,2
1774,298,1,2
1774,299,1,2
1774,300,1,2
1774,301,1,2
1774,302,1,2
1774,303,1,2
1774,304,1,2
1774,305,1,2
1774,306,1,2
1774,307,1,2
1774,308,1,2
1774,309,1,2
1774,310,1,2
1774,311,1,2
1774,312,1,2
1774,313,1,2
1774,314,1,2
1774,315,1,2
1774,316,1,2
1774,317,1,2
1774,318,1,2
1774,319,1,2
1774,320,1,2
1774,321,1,2
1774,322,1,2
1774,323,1,2
1774,324,1,2
1774,325,1,2
1774,326,1,2
1774,327,1,2
1774,328,1,2
1774,329,1,2
1774,330,1,2
1774,331,1,2
1774,332,1,2
1774,333,1,2
1774,334,1,2
1774,335,1,2
1774,336,1,2
1774,337,1,2
1774,338,1,2
1774,339,1,2
1774,340,1,2
1774,341,1,2
1774,342,1,2
1774,343,1,2
1774,344,1,2
1774,345,1,2
1774,346,1,2
1774,347,1,2
1774,348,1,2
1774,349,1,2
1774,350,1,2
1774,351,1,2
1774,352,1,2
1774,353,1,2
1774,354,1,2
1774,355,1,2
1774,356,1,2
1774,357,1,2
1774,358,1,2
1774,359,1,2
1774,360,1,2
1774,361,1,2
1774,362,1,2
1774,363,1,2
1774,364,1,2
1774,365,1,2
1774,366,1,2
1774,367,1,2
1774,368,1,2
1774,369,1,2
1774,370,1,2
1774,371,1,2
1774,372,1,2
1774,373,1,2
1774,374,1,2
1774,375,1,2
1774,376,1,2
1774,377,1,2
1774,378,1,2
1774,379,1,2
1774,380,1,2
1774,381,1,2
1774,382,1,2
1774,383,1,2
1774,384,1,2
1774,385,1,2
1774,386,1,2
1774,387,1,2
1774,388,1,2
1774,389,1,2
1774,390,1,2
1774,391,1,2
1774,392,1,2
1774,393,1,2
1774,394,1,2
1774,395,1,2
1774,396,1,2
1774,397,1,2
1774,398,1,2
1774,399,1,2
1774,400,1,2
1774,401,1,2
1774,402,1,2
1774,403,1,2
1774,404,1,2
1774,405,1,2
1774,406,1,2
1774,407,1,2
1774,408,1,2
1774,409,1,2
1774,410,1,2
1774,411,1,2
1774,412,1,2
1774,413,1,2
1774,414,1,2
1774,415,1,2
1774,416,1,2
1774,417,1,2
1774,418,1,2
1774,419,1,2
1774,420,1,2
1774,421,1,2
1774,422,1,2
1774,423,1,2
1774,424,1,2
1774,425,1,2
1774,426,1,2
1774,427,1,2
1774,428,1,2
1774,429,1,2
1774,430,1,2
1774,431,1,2
1774,432,1,2
1774,433,1,2
1774,434,1,2
1774,435,1,2
1774,436,1,2
1774,437,1,2
1774,438,1,2
1774,439,1,2
1774,440,1,2
1774,441,1,2
1774,442,1,2
1774,443,1,2
1774,444,1,2
1774,445,1,2
1774,446,1,2
1774,447,1,2
1774,448,1,2
1774,449,1,2
1774,450,1,2
1774,451,1,2
1774,452,1,2
1774,453,1,2
1774,454,1,2
1774,455,1,2
1774,456,1,2
1774,457,1,3
1774,458,1,3
1774,459,1,3
1774,460,1,3
1774,461,1,3
1774,462,1,3
1774,463,1,3
1774,464,1,3
1774,465,1,3
1774,466,1,3
1774,467,1,3
1774,468,1,3
1774,469,1,3
1774,470,1,3
1774,471,1,3
1774,472,1,3
1774,473,1,3
1774,474,1,3
1774,475,1,3
1774,476,1,3
1774,477,1,3
1774,478,1,3
1774,479,1,3
1774,480,1,3
1774,481,1,3
1774,482,1,3
1774,483,1,3
1774,484,1,3
1774,485,1,3
1774,486,1,3
1774,487,1,3
1774,488,1,3
1774,489,1,3
1774,490,1,3
1774,491,1,3
1774,492,1,3
1774,493,1,3
1774,494,1,3
1774,495,1,3
1774,496,1,3
1774,497,1,3
1774,498,1,3
1774,499,1,3
1774,500,1,3
1774,501,1,3
1774,502,1,3
1774,503,1,3
1774,504,1,3
1774,505,1,3
1774,506,1,3
1774,507,1,3
1774,508,1,3
1774,509,1,3
1774,510,1,3
1774,511,1,3
1774,512,1,3
1774,513,1,3
1774,514,1,3
1774,515,1,3
1774,516,1,3
1774,517,1,3
1774,518,1,3
1774,519,1,3
1774,520,1,3
1774,521,1,3
1774,522,1,3
1774,523,1,3
1774,524,1,3
1774,525,1,3
1774,526,1,2
1774,527,1,2
1774,528,1,2
1774,529,1,2
1774,530,1,2
1774,531,1,2
1774,532,1,2
1774,533,1,2
1774,534,1,2
1774,535,1,2
1774,536,1,2
1774,537,1,2
1774,538,1,2
1774,539,1,2
1774,540,1,2
1774,541,1,2
1774,542,1,2
1774,543,1,2
1774,544,1,2
1774,545,1,2
1774,546,1,2
1774,547,1,2
1774,548,1,2
1774,549,1,2
1774,550,1,2
1774,551,1,2
1774,552,1,2
1774,553,1,2
1774,554,1,2
1774,555,1,2
1774,556,1,2
1774,557,1,2
1774,558,1,2
1774,559,1,2
1774,560,1,2
1774,561,1,3
1774,562,1,3
1774,563,1,3
1774,564,1,3
1774,565,1,3
1774,566,1,3
1774,567,1,3
1774,568,1,3
1774,569,1,3
1774,570,1,3
1774,571,1,3
1774,572,1,3
1774,573,1,3
1774,574,1,3
1774,575,1,3
1774,576,1,3
1774,577,1,3
1774,578,1,3
1774,579,1,3
1774,580,1,3
1774,581,1,3
1774,582,1,3
1774,583,1,3
1774,584,1,3
1774,585,1,3
1774,586,1,3
1774,587,1,3
1774,588,1,3
1774,589,1,3
1774,590,1,3
1774,591,1,3
1774,592,1,3
1774,593,1,3
1774,594,1,3
1774,595,1,3
1774,596,1,3
1774,597,1,3
1774,598,1,3
1774,599,1,3
1774,600,1,3
1774,601,1,3
1774,602,1,3
1774,603,1,3
1774,604,1,3
1774,605,1,3
1774,606,1,3
1774,607,1,3
1774,608,1,3
1774,609,1,3
1774,610,1,3
1774,611,1,3
1774,612,1,3
1774,613,1,3
1774,614,1,3
1774,615,1,2
1774,616,1,2
1774,617,1,2
1774,618,1,2
1774,619,1,2
1774,620,1,2
1774,621,1,2
1774,622,1,2
1774,623,1,2
1774,624,1,2
1774,625,1,2
1774,626,1,2
1774,627,1,2
1774,628,1,2
1774,629,1,2
1774,630,1,2
1774,631,1,2
1774,632,1,2
1774,633,1,2
1774,634,1,2
1774,635,1,2
1774,636,1,2
1774,637,1,2
1774,638,1,2
1774,639,1,2
1774,640,1,2
1774,641,1,2
1774,642,1,2
1774,643,1,2
1774,644,1,2
1774,645,1,2
1774,646,1,2
1774,647,1,2
1775,156,1,2
1775,157,1,2
1775,158,1,2
1775,159,1,2
1775,160,1,2
1775,161,1,2
1775,162,1,2
1775,163,1,2
1775,164,1,2
1775,165,1,2
1775,166,1,2
1775,167,1,2
1775,168,1,2
1775,169,1,2
1775,170,1,2
1775,171,1,2
1775,172,1,2
1775,173,1,3
1775,174,1,3
1775,175,1,3
1775,176,1,3
1775,177,1,3
1775,178,1,3
1775,179,1,3
1775,180,1,3
1775,181,1,3
1775,182,1,3
1775,183,1,3
1775,184,1,3
1775,185,1,3
1775,186,1,3
1775,187,1,3
1775,188,1,2
1775,189,1,2
1775,190,1,2
1775,191,1,2
1775,192,1,2
1775,193,1,2
1775,194,1,2
1775,195,1,2
1775,196,1,2
1775,197,1,2
1775,198,1,2
1775,199,1,2
1775,200,1,2
1775,201,1,2
1775,202,1,2
1775,203,1,2
1775,204,1,2
1775,205,1,2
1775,206,1,2
1775,207,1,2
1775,208,1,2
1775,209,1,2
1775,210,1,2
1775,211,1,2
1775,212,1,2
1775,213,1,2
1775,214,1,2
1775,215,1,2
1775,216,1,2
1775,217,1,2
1775,218,1,2
1775,219,1,2
1775,220,1,2
1775,221,1,2
1775,222,1,2
1775,223,1,2
1775,224,1,2
1775,225,1,2
1775,226,1,2
1775,227,1,2
1775,228,1,2
1775,229,1,2
1775,230,1,2
1775,231,1,2
1775,232,1,2
1775,233,1,2
1775,234,1,2
1775,235,1,2
1775,236,1,2
1775,237,1,2
1775,238,1,2
1775,239,1,2
1775,240,1,2
1775,241,1,2
1775,242,1,2
1775,243,1,2
1775,244,1,2
1775,245,1,2
1775,246,1,2
1775,247,1,2
1775,248,1,2
1775,249,1,2
1775,250,1,2
1775,251,1,2
1775,252,1,2
1775,253,1,2
1775,254,1,2
1775,255,1,2
1775,256,1,2
1775,257,1,2
1775,258,1,2
1775,259,1,2
1775,260,1,2
1775,261,1,2
1775,262,1,2
1775,263,1,2
1775,264,1,2
1775,265,1,2
1775,266,1,2
1775,267,1,2
1775,268,1,2
1775,269,1,2
1775,270,1,2
1775,271,1,2
1775,272,1,2
1775,273,1,2
1775,274,1,2
1775,275,1,2
1775,276,1,2
1775,277,1,2
1775,278,1,2
1775,279,1,2
1775,280,1,2
1775,281,1,2
1775,282,1,2
1775,283,1,2
1775,284,1,2
1775,285,1,2
1775,286,1,2
1775,287,1,2
1775,288,1,2
1775,289,1,2
1775,290,1,2
1775,291,1,2
1775,292,1,2
1775,293,1,2
1775,294,1,2
1775,295,1,2
1775,296,1,2
1775,297,1,2
1775,298,1,2
1775,299,1,2
1775,300,1,2
1775,301,1,2
1775,302,1,2
1775,303,1,2
1775,304,1,2
1775,305,1,2
1775,306,1,2
1775,307,1,2
1775,308,1,2
1775,309,1,2
1775,310,1,2
1775,311,1,2
1775,312,1,2
1775,313,1,2
1775,314,1,2
1775,315,1,2
1775,316,1,2
1775,317,1,2
1775,318,1,2
1775,319,1,2
1775,320,1,2
1775,321,1,2
1775,322,1,2
1775,323,1,2
1775,324,1,2
1775,325,1,2
1775,326,1,2
1775,327,1,2
1775,328,1,2
1775,329,1,2
1775,330,1,2
1775,331,1,2
1775,332,1,2
1775,333,1,2
1775,334,1,2
1775,335,1,2
1775,336,1,2
1775,337,1,2
1775,338,1,2
1775,339,1,2
1775,340,1,2
1775,341,1,2
1775,342,1,2
1775,343,1,2
1775,344,1,2
1775,345,1,2
1775,346,1,2
1775,347,1,2
1775,348,1,2
1775,349,1,2
1775,350,1,2
1775,351,1,2
1775,352,1,2
1775,353,1,2
1775,354,1,2
1775,355,1,2
1775,356,1,2
1775,357,1,2
1775,358,1,2
1775,359,1,2
1775,360,1,2
1775,361,1,2
1775,362,1,2
1775,363,1,2
1775,364,1,2
1775,365,1,2
1775,366,1,2
1775,367,1,2
1775,368,1,2
1775,369,1,2
1775,370,1,2
1775,371,1,2
1775,372,1,2
1775,373,1,2
1775,374,1,2
1775,375,1,2
1775,376,1,2
1775,377,1,2
1775,378,1,2
1775,379,1,2
1775,380,1,2
1775,381,1,2
1775,382,1,2
1775,383,1,2
1775,384,1,2
1775,385,1,2
1775,386,1,2
1775,387,1,2
1775,388,1,2
1775,389,1,2
1775,390,1,2
1775,391,1,2
1775,392,1,2
1775,393,1,2
1775,394,1,2
1775,395,1,2
1775,396,1,2
1775,397,1,2
1775,398,1,2
1775,399,1,2
1775,400,1,2
1775,401,1,2
1775,402,1,2
1775,403,1,2
1775,404,1,2
1775,405,1,2
1775,406,1,2
1775,407,1,2
1775,408,1,2
1775,409,1,2
1775,410,1,2
1775,411,1,2
1775,412,1,2
1775,413,1,2
1775,414,1,2
1775,415,1,2
1775,416,1,2
1775,417,1,2
1775,418,1,2
1775,419,1,2
1775,420,1,2
1775,421,1,2
1775,422,1,2
1775,423,1,2
1775,424,1,2
1775,425,1,2
1775,426,1,2
1775,427,1,2
1775,428,1,2
1775,429,1,2
1775,430,1,2
1775,431,1,2
1775,432,1,2
1775,433,1,2
1775,434,1,2
1775,435,1,2
1775,436,1,2
1775,437,1,2
1775,438,1,2
1775,439,1,2
1775,440,1,2
1775,441,1,2
1775,442,1,2
1775,443,1,2
1775,444,1,2
1775,445,1,2
1775,446,1,2
1775,447,1,2
1775,448,1,2
1775,449,1,2
1775,450,1,2
1775,451,1,2
1775,452,1,2
1775,453,1,2
1775,454,1,2
1775,455,1,2
1775,456,1,2
1775,457,1,3
1775,458,1,3
1775,459,1,3
1775,460,1,3
1775,461,1,3
1775,462,1,3
1775,463,1,3
1775,464,1,3
1775,465,1,3
1775,466,1,3
1775,467,1,3
1775,468,1,3
1775,469,1,3
1775,470,1,3
1775,471,1,3
1775,472,1,3
1775,473,1,3
1775,474,1,3
1775,475,1,3
1775,476,1,3
1775,477,1,3
1775,478,1,3
1775,479,1,3
1775,480,1,3
1775,481,1,3
1775,482,1,3
1775,483,1,3
1775,484,1,3
1775,485,1,3
1775,486,1,3
1775,487,1,3
1775,488,1,3
1775,489,1,3
1775,490,1,3
1775,491,1,3
1775,492,1,3
1775,493,1,3
1775,494,1,3
1775,495,1,3
1775,496,1,3
1775,497,1,3
1775,498,1,3
1775,499,1,3
1775,500,1,3
1775,501,1,3
1775,502,1,3
1775,503,1,3
1775,504,1,3
1775,505,1,3
1775,506,1,3
1775,507,1,3
1775,508,1,3
1775,509,1,3
1775,510,1,3
1775,511,1,3
1775,512,1,3
1775,513,1,3
1775,514,1,3
1775,515,1,3
1775,516,1,3
1775,517,1,3
1775,518,1,3
1775,519,1,3
1775,520,1,3
1775,521,1,3
1775,522,1,3
1775,523,1,3
1775,524,1,3
1775,525,1,3
1775,526,1,3
1775,527,1,2
1775,528,1,2
1775,529,1,2
1775,530,1,2
1775,531,1,2
1775,532,1,2
1775,533,1,2
1775,534,1,2
1775,535,1,2
1775,536,1,2
1775,537,1,2
1775,538,1,2
1775,539,1,2
1775,540,1,2
1775,541,1,2
1775,542,1,2
1775,543,1,2
1775,544,1,2
1775,545,1,2
1775,546,1,2
1775,547,1,2
1775,548,1,2
1775,549,1,2
1775,550,1,2
1775,551,1,2
1775,552,1,2
1775,553,1,2
1775,554,1,2
1775,555,1,2
1775,556,1,2
1775,557,1,2
1775,558,1,2
1775,559,1,2
1775,560,1,2
1775,561,1,3
1775,562,1,3
1775,563,1,3
1775,564,1,3
1775,565,1,3
1775,566,1,3
1775,567,1,3
1775,568,1,3
1775,569,1,3
1775,570,1,3
1775,571,1,3
1775,572,1,3
1775,573,1,3
1775,574,1,3
1775,575,1,3
1775,576,1,3
1775,577,1,3
1775,578,1,3
1775,579,1,3
1775,580,1,3
1775,581,1,3
1775,582,1,3
1775,583,1,3
1775,584,1,3
1775,585,1,3
1775,586,1,3
1775,587,1,3
1775,588,1,3
1775,589,1,3
1775,590,1,3
1775,591,1,3
1775,592,1,3
1775,593,1,3
1775,594,1,3
1775,595,1,3
1775,596,1,3
1775,597,1,3
1775,598,1,3
1775,599,1,3
1775,600,1,3
1775,601,1,3
1775,602,1,3
1775,603,1,3
1775,604,1,3
1775,605,1,3
1775,606,1,3
1775,607,1,3
1775,608,1,3
1775,609,1,3
1775,610,1,3
1775,611,1,3
1775,612,1,3
1775,613,1,3
1775,614,1,3
1775,615,1,2
1775,616,1,2
1775,617,1,2
1775,618,1,2
1775,619,1,2
1775,620,1,2
1775,621,1,2
1775,622,1,2
1775,623,1,2
1775,624,1,2
1775,625,1,2
1775,626,1,2
1775,627,1,2
1775,628,1,2
1775,629,1,2
1775,630,1,2
1775,631,1,2
1775,632,1,2
1775,633,1,2
1775,634,1,2
1775,635,1,2
1775,636,1,2
1775,637,1,2
1775,638,1,2
1775,639,1,2
1775,640,1,2
1775,641,1,2
1775,642,1,2
1775,643,1,2
1775,644,1,2
1775,645,1,2
1776,155,1,2
1776,156,1,2
1776,157,1,2
1776,158,1,2
1776,159,1,2
1776,160,1,2
1776,161,1,2
1776,162,1,2
1776,163,1,2
1776,164,1,2
1776,165,1,2
1776,166,1,2
1776,167,1,2
1776,168,1,2
1776,169,1,2
1776,170,1,2
1776,171,1,3
1776,172,1,3
1776,173,1,3
1776,174,1,3
1776,175,1,3
1776,176,1,3
1776,177,1,3
1776,178,1,3
1776,179,1,3
1776,180,1,3
1776,181,1,3
1776,182,1,3
1776,183,1,3
1776,184,1,3
1776,185,1,3
1776,186,1,3
1776,187,1,3
1776,188,1,2
1776,189,1,2
1776,190,1,2
1776,191,1,2
1776,192,1,2
1776,193,1,2
1776,194,1,2
1776,195,1,2
1776,196,1,2
1776,197,1,2
1776,198,1,2
1776,199,1,2
1776,200,1,2
1776,201,1,2
1776,202,1,2
1776,203,1,2
1776,204,1,2
1776,205,1,2
1776,206,1,2
1776,207,1,2
1776,208,1,2
1776,209,1,2
1776,210,1,2
1776,211,1,2
1776,212,1,2
1776,213,1,2
1776,214,1,2
1776,215,1,2
1776,216,1,2
1776,217,1,2
1776,218,1,2
1776,219,1,2
1776,220,1,2
1776,221,1,2
1776,222,1,2
1776,223,1,2
1776,224,1,2
1776,225,1,2
1776,226,1,2
1776,227,1,2
1776,228,1,2
1776,229,1,2
1776,230,1,2
1776,231,1,2
1776,232,1,2
1776,233,1,2
1776,234,1,2
1776,235,1,2
1776,236,1,2
1776,237,1,2
1776,238,1,2
1776,239,1,2
1776,240,1,2
1776,241,1,2
1776,242,1,2
1776,243,1,2
1776,244,1,2
1776,245,1,2
1776,246,1,2
1776,247,1,2
1776,248,1,2
1776,249,1,2
1776,250,1,2
1776,251,1,2
1776,252,1,2
1776,253,1,2
1776,254,1,2
1776,255,1,2
1776,256,1,2
1776,257,1,2
1776,258,1,2
1776,259,1,2
1776,260,1,2
1776,261,1,2
1776,262,1,2
1776,263,1,2
1776,264,1,2
1776,265,1,2
1776,266,1,2
1776,267,1,2
1776,268,1,2
1776,269,1,2
1776,270,1,2
1776,271,1,2
1776,272,1,2
1776,273,1,2
1776,274,1,2
1776,275,1,2
1776,276,1,2
1776,277,1,2
1776,278,1,2
1776,279,1,2
1776,280,1,2
1776,281,1,2
1776,282,1,2
1776,283,1,2
1776,284,1,2
1776,285,1,2
1776,286,1,2
1776,287,1,2
1776,288,1,2
1776,289,1,2
1776,290,1,2
1776,291,1,2
1776,292,1,2
1776,293,1,2
1776,294,1,2
1776,295,1,2
1776,296,1,2
1776,297,1,2
1776,298,1,2
1776,299,1,2
1776,300,1,2
1776,301,1,2
1776,302,1,2
1776,303,1,2
1776,304,1,2
1776,305,1,2
1776,306,1,2
1776,307,1,2
1776,308,1,2
1776,309,1,2
1776,310,1,2
1776,311,1,2
1776,312,1,2
1776,313,1,2
1776,314,1,2
1776,315,1,2
1776,316,1,2
1776,317,1,2
1776,318,1,2
1776,319,1,2
1776,320,1,2
1776,321,1,2
1776,322,1,2
1776,323,1,2
1776,324,1,2
1776,325,1,2
1776,326,1,2
1776,327,1,2
1776,328,1,2
1776,329,1,2
1776,330,1,2
1776,331,1,2
1776,332,1,2
1776,333,1,2
1776,334,1,2
1776,335,1,2
1776,336,1,2
1776,337,1,2
1776,338,1,2
1776,339,1,2
1776,340,1,2
1776,341,1,2
1776,342,1,2
1776,343,1,2
1776,344,1,2
1776,345,1,2
1776,346,1,2
1776,347,1,2
1776,348,1,2
1776,349,1,2
1776,350,1,2
1776,351,1,2
1776,352,1,2
1776,353,1,2
1776,354,1,2
1776,355,1,2
1776,356,1,2
1776,357,1,2
1776,358,1,2
1776,359,1,2
1776,360,1,2
1776,361,1,2
1776,362,1,2
1776,363,1,2
1776,364,1,2
1776,365,1,2
1776,366,1,2
1776,367,1,2
1776,368,1,2
1776,369,1,2
1776,370,1,2
1776,371,1,2
1776,372,1,2
1776,373,1,2
1776,374,1,2
1776,375,1,2
1776,376,1,2
1776,377,1,2
1776,378,1,2
1776,379,1,2
1776,380,1,2
1776,381,1,2
1776,382,1,2
1776,383,1,2
1776,384,1,2
1776,385,1,2
1776,386,1,2
1776,387,1,2
1776,388,1,2
1776,389,1,2
1776,390,1,2
1776,391,1,2
1776,392,1,2
1776,393,1,2
1776,394,1,2
1776,395,1,2
1776,396,1,2
1776,397,1,2
1776,398,1,2
1776,399,1,2
1776,400,1,2
1776,401,1,2
1776,402,1,2
1776,403,1,2
1776,404,1,2
1776,405,1,2
1776,406,1,2
1776,407,1,2
1776,408,1,2
1776,409,1,2
1776,410,1,2
1776,411,1,2
1776,412,1,2
1776,413,1,2
1776,414,1,2
1776,415,1,2
1776,416,1,2
1776,417,1,2
1776,418,1,2
1776,419,1,2
1776,420,1,2
1776,421,1,2
1776,422,1,2
1776,423,1,2
1776,424,1,2
1776,425,1,2
1776,426,1,2
1776,427,1,2
1776,428,1,2
1776,429,1,2
1776,430,1,2
1776,431,1,2
1776,432,1,2
1776,433,1,2
1776,434,1,2
1776,435,1,2
1776,436,1,2
1776,437,1,2
1776,438,1,2
1776,439,1,2
1776,440,1,2
1776,441,1,2
1776,442,1,2
1776,443,1,2
1776,444,1,2
1776,445,1,2
1776,446,1,2
1776,447,1,2
1776,448,1,2
1776,449,1,2
1776,450,1,2
1776,451,1,2
1776,452,1,2
1776,453,1,2
1776,454,1,2
1776,455,1,2
1776,456,1,2
1776,457,1,3
1776,458,1,3
1776,459,1,3
1776,460,1,3
1776,461,1,3
1776,462,1,3
1776,463,1,3
1776,464,1,3
1776,465,1,3
1776,466,1,3
1776,467,1,3
1776,468,1,3
1776,469,1,3
1776,470,1,3
1776,471,1,3
1776,472,1,3
1776,473,1,3
1776,474,1,3
1776,475,1,3
1776,476,1,3
1776,477,1,3
1776,478,1,3
1776,479,1,3
1776,480,1,3
1776,481,1,3
1776,482,1,3
1776,483,1,3
1776,484,1,3
1776,485,1,3
1776,486,1,3
1776,487,1,3
1776,488,1,3
1776,489,1,3
1776,490,1,3
1776,491,1,3
1776,492,1,3
1776,493,1,3
1776,494,1,3
1776,495,1,3
1776,496,1,3
1776,497,1,3
1776,498,1,3
1776,499,1,3
1776,500,1,3
1776,501,1,3
1776,502,1,3
1776,503,1,3
1776,504,1,3
1776,505,1,3
1776,506,1,3
1776,507,1,3
1776,508,1,3
1776,509,1,3
1776,510,1,3
1776,511,1,3
1776,512,1,3
1776,513,1,3
1776,514,1,3
1776,515,1,3
1776,516,1,3
1776,517,1,3
1776,518,1,3
1776,519,1,3
1776,520,1,3
1776,521,1,3
1776,522,1,3
1776,523,1,3
1776,524,1,3
1776,525,1,3
1776,526,1,3
1776,527,1,3
1776,528,1,2
1776,529,1,2
1776,530,1,2
1776,531,1,2
1776,532,1,2
1776,533,1,2
1776,534,1,2
1776,535,1,2
1776,536,1,2
1776,537,1,2
1776,538,1,2
1776,539,1,2
1776,540,1,2
1776,541,1,2
1776,542,1,2
1776,543,1,2
1776,544,1,2
1776,545,1,2
1776,546,1,2
1776,547,1,2
1776,548,1,2
1776,549,1,2
1776,550,1,2
1776,551,1,2
1776,552,1,2
1776,553,1,2
1776,554,1,2
1776,555,1,2
1776,556,1,2
1776,557,1,2
1776,558,1,2
1776,559,1,2
1776,560,1,2
1776,561,1,3
1776,562,1,3
1776,563,1,3
1776,564,1,3
1776,565,1,3
1776,566,1,3
1776,567,1,3
1776,568,1,3
1776,569,1,3
1776,570,1,3
1776,571,1,3
1776,572,1,3
1776,573,1,3
1776,574,1,3
1776,575,1,3
1776,576,1,3
1776,577,1,3
1776,578,1,3
1776,579,1,3
1776,580,1,3
1776,581,1,3
1776,582,1,3
1776,583,1,3
1776,584,1,3
1776,585,1,3
1776,586,1,3
1776,587,1,3
1776,588,1,3
1776,589,1,3
1776,590,1,3
1776,591,1,3
1776,592,1,3
1776,593,1,3
1776,594,1,3
1776,595,1,3
1776,596,1,3
1776,597,1,3
1776,598,1,3
1776,599,1,3
1776,600,1,3
1776,601,1,3
1776,602,1,3
1776,603,1,3
1776,604,1,3
1776,605,1,3
1776,606,1,3
1776,607,1,3
1776,608,1,3
1776,609,1,3
1776,610,1,3
1776,611,1,3
1776,612,1,3
1776,613,1,3
1776,614,1,3
1776,615,1,3
1776,616,1,2
1776,617,1,2
1776,618,1,2
1776,619,1,2
1776,620,1,2
1776,621,1,2
1776,622,1,2
1776,623,1,2
1776,624,1,2
1776,625,1,2
1776,626,1,2
1776,627,1,2
1776,628,1,2
1776,629,1,2
1776,630,1,2
1776,631,1,2
1776,632,1,2
1776,633,1,2
1776,634,1,2
1776,635,1,2
1776,636,1,2
1776,637,1,2
1776,638,1,2
1776,639,1,2
1776,640,1,2
1776,641,1,2
1776,642,1,2
1776,643,1,2
1776,644,1,2
1776,645,1,2
1776,646,1,2
1777,153,1,2
1777,154,1,2
1777,155,1,2
1777,156,1,2
1777,157,1,2
1777,158,1,2
1777,159,1,2
1777,160,1,2
1777,161,1,2
1777,162,1,2
1777,163,1,2
1777,164,1,2
1777,165,1,2
1777,166,1,2
1777,167,1,2
1777,168,1,2
1777,169,1,2
1777,170,1,3
1777,171,1,3
1777,172,1,3
1777,173,1,3
1777,174,1,3
1777,175,1,3
1777,176,1,3
1777,177,1,3
1777,178,1,3
1777,179,1,3
1777,180,1,3
1777,181,1,3
1777,182,1,3
1777,183,1,3
1777,184,1,3
1777,185,1,3
1777,186,1,3
1777,187,1,2
1777,188,1,2
1777,189,1,2
1777,190,1,2
1777,191,1,2
1777,192,1,2
1777,193,1,2
1777,194,1,2
1777,195,1,2
1777,196,1,2
1777,197,1,2
1777,198,1,2
1777,199,1,2
1777,200,1,2
1777,201,1,2
1777,202,1,2
1777,203,1,2
1777,204,1,2
1777,205,1,2
1777,206,1,2
1777,207,1,2
1777,208,1,2
1777,209,1,2
1777,210,1,2
1777,211,1,2
1777,212,1,2
1777,213,1,2
1777,214,1,2
1777,215,1,2
1777,216,1,2
1777,217,1,2
1777,218,1,2
1777,219,1,2
1777,220,1,2
1777,221,1,2
1777,222,1,2
1777,223,1,2
1777,224,1,2
1777,225,1,2
1777,226,1,2
1777,227,1,2
1777,228,1,2
1777,229,1,2
1777,230,1,2
1777,231,1,2
1777,232,1,2
1777,233,1,2
1777,234,1,2
1777,235,1,2
1777,236,1,2
1777,237,1,2
1777,238,1,2
1777,239,1,2
1777,240,1,2
1777,241,1,2
1777,242,1,2
1777,243,1,2
1777,244,1,2
1777,245,1,2
1777,246,1,2
1777,247,1,2
1777,248,1,2
1777,249,1,2
1777,250,1,2
1777,251,1,2
1777,252,1,2
1777,253,1,2
1777,254,1,2
1777,255,1,2
1777,256,1,2
1777,257,1,2
1777,258,1,2
1777,259,1,2
1777,260,1,2
1777,261,1,2
1777,262,1,2
1777,263,1,2
1777,264,1,2
1777,265,1,2
1777,266,1,2
1777,267,1,2
1777,268,1,2
1777,269,1,2
1777,270,1,2
1777,271,1,2
1777,272,1,2
1777,273,1,2
1777,274,1,2
1777,275,1,2
1777,276,1,2
1777,277,1,2
1777,278,1,2
1777,279,1,2
1777,280,1,2
1777,281,1,2
1777,282,1,2
1777,283,1,2
1777,284,1,2
1777,285,1,2
1777,286,1,2
1777,287,1,2
1777,288,1,2
1777,289,1,2
1777,290,1,2
1777,291,1,2
1777,292,1,2
1777,293,1,2
1777,294,1,2
1777,295,1,2
1777,296,1,2
1777,297,1,2
1777,298,1,2
1777,299,1,2
1777,300,1,2
1777,301,1,2
1777,302,1,2
1777,303,1,2
1777,304,1,2
1777,305,1,2
1777,306,1,2
1777,307,1,2
1777,308,1,2
1777,309,1,2
1777,310,1,2
1777,311,1,2
1777,312,1,2
1777,313,1,2
1777,314,1,2
1777,315,1,2
1777,316,1,2
1777,317,1,2
1777,318,1,2
1777,319,1,2
1777,320,1,2
1777,321,1,2
1777,322,1,2
1777,323,1,2
1777,324,1,2
1777,325,1,2
1777,326,1,2
1777,327,1,2
1777,328,1,2
1777,329,1,2
1777,330,1,2
1777,331,1,2
1777,332,1,2
1777,333,1,2
1777,334,1,2
1777,335,1,2
1777,336,1,2
1777,337,1,2
1777,338,1,2
1777,339,1,2
1777,340,1,2
1777,341,1,2
1777,342,1,2
1777,343,1,2
1777,344,1,2
1777,345,1,2
1777,346,1,2
1777,347,1,2
1777,348,1,2
1777,349,1,2
1777,350,1,2
1777,351,1,2
1777,352,1,2
1777,353,1,2
1777,354,1,2
1777,355,1,2
1777,356,1,2
1777,357,1,2
1777,358,1,2
1777,359,1,2
1777,360,1,2
1777,361,1,2
1777,362,1,2
1777,363,1,2
1777,364,1,2
1777,365,1,2
1777,366,1,2
1777,367,1,2
1777,368,1,2
1777,369,1,2
1777,370,1,2
1777,371,1,2
1777,372,1,2
1777,373,1,2
1777,374,1,2
1777,375,1,2
1777,376,1,2
1777,377,1,2
1777,378,1,2
1777,379,1,2
1777,380,1,2
1777,381,1,2
1777,382,1,2
1777,383,1,2
1777,384,1,2
1777,385,1,2
1777,386,1,2
1777,387,1,2
1777,388,1,2
1777,389,1,2
1777,390,1,2
1777,391,1,2
1777,392,1,2
1777,393,1,2
1777,394,1,2
1777,395,1,2
1777,396,1,2
1777,397,1,2
1777,398,1,2
1777,399,1,2
1777,400,1,2
1777,401,1,2
1777,402,1,2
1777,403,1,2
1777,404,1,2
1777,405,1,2
1777,406,1,2
1777,407,1,2
1777,408,1,2
1777,409,1,2
1777,410,1,2
1777,411,1,2
1777,412,1,2
1777,413,1,2
1777,414,1,2
1777,415,1,2
1777,416,1,2
1777,417,1,2
1777,418,1,2
1777,419,1,2
1777,420,1,2
1777,421,1,2
1777,422,1,2
1777,423,1,2
1777,424,1,2
1777,425,1,2
1777,426,1,2
1777,427,1,2
1777,428,1,2
1777,429,1,2
1777,430,1,2
1777,431,1,2
1777,432,1,2
1777,433,1,2
1777,434,1,2
1777,435,1,2
1777,436,1,2
1777,437,1,2
1777,438,1,2
1777,439,1,2
1777,440,1,2
1777,441,1,2
1777,442,1,2
1777,443,1,2
1777,444,1,2
1777,445,1,2
1777,446,1,2
1777,447,1,2
1777,448,1,2
1777,449,1,2
1777,450,1,2
1777,451,1,2
1777,452,1,2
1777,453,1,2
1777,454,1,2
1777,455,1,2
1777,456,1,3
1777,457,1,3
1777,458,1,3
1777,459,1,3
1777,460,1,3
1777,461,1,3
1777,462,1,3
1777,463,1,3
1777,464,1,3
1777,465,1,3
1777,466,1,3
1777,467,1,3
1777,468,1,3
1777,469,1,3
1777,470,1,3
1777,471,1,3
1777,472,1,3
1777,473,1,3
1777,474,1,3
1777,475,1,3
1777,476,1,3
1777,477,1,3
1777,478,1,3
1777,479,1,3
1777,480,1,3
1777,481,1,3
1777,482,1,3
1777,483,1,3
1777,484,1,3
1777,485,1,3
1777,486,1,3
1777,487,1,3
1777,488,1,3
1777,489,1,3
1777,490,1,3
1777,491,1,3
1777,492,1,3
1777,493,1,3
1777,494,1,3
1777,495,1,3
1777,496,1,3
1777,497,1,3
1777,498,1,3
1777,499,1,3
1777,500,1,3
1777,501,1,3
1777,502,1,3
1777,503,1,3
1777,504,1,3
1777,505,1,3
1777,506,1,3
1777,507,1,3
1777,508,1,3
1777,509,1,3
1777,510,1,3
1777,511,1,3
1777,512,1,3
1777,513,1,3
1777,514,1,3
1777,515,1,3
1777,516,1,3
1777,517,1,3
1777,518,1,3
1777,519,1,3
1777,520,1,3
1777,521,1,3
1777,522,1,3
1777,523,1,3
1777,524,1,3
1777,525,1,3
1777,526,1,3
1777,527,1,3
1777,528,1,2
1777,529,1,2
1777,530,1,2
1777,531,1,2
1777,532,1,2
1777,533,1,2
1777,534,1,2
1777,535,1,2
1777,536,1,2
1777,537,1,2
1777,538,1,2
1777,539,1,2
1777,540,1,2
1777,541,1,2
1777,542,1,2
1777,543,1,2
1777,544,1,2
1777,545,1,2
1777,546,1,2
1777,547,1,2
1777,548,1,2
1777,549,1,2
1777,550,1,2
1777,551,1,2
1777,552,1,2
1777,553,1,2
1777,554,1,2
1777,555,1,2
1777,556,1,2
1777,557,1,2
1777,558,1,2
1777,559,1,2
1777,560,1,3
1777,561,1,3
1777,562,1,3
1777,563,1,3
1777,564,1,3
1777,565,1,3
1777,566,1,3
1777,567,1,3
1777,568,1,3
1777,569,1,3
1777,570,1,3
1777,571,1,3
1777,572,1,3
1777,573,1,3
1777,574,1,3
1777,575,1,3
1777,576,1,3
1777,577,1,3
1777,578,1,3
1777,579,1,3
1777,580,1,3
1777,581,1,3
1777,582,1,3
1777,583,1,3
1777,584,1,3
1777,585,1,3
1777,586,1,3
1777,587,1,3
1777,588,1,3
1777,589,1,3
1777,590,1,3
1777,591,1,3
1777,592,1,3
1777,593,1,3
1777,594,1,3
1777,595,1,3
1777,596,1,3
1777,597,1,3
1777,598,1,3
1777,599,1,3
1777,600,1,3
1777,601,1,3
1777,602,1,3
1777,603,1,3
1777,604,1,3
1777,605,1,3
1777,606,1,3
1777,607,1,3
1777,608,1,3
1777,609,1,3
1777,610,1,3
1777,611,1,3
1777,612,1,3
1777,613,1,3
1777,614,1,3
1777,615,1,3
1777,616,1,3
1777,617,1,3
1777,618,1,2
1777,619,1,2
1777,620,1,2
1777,621,1,2
1777,622,1,2
1777,623,1,2
1777,624,1,2
1777,625,1,2
1777,626,1,2
1777,627,1,2
1777,628,1,2
1777,629,1,2
1777,630,1,2
1777,631,1,2
1777,632,1,2
1777,633,1,2
1777,634,1,2
1777,635,1,2
1777,636,1,2
1777,637,1,2
1777,638,1,2
1777,639,1,2
1777,640,1,2
1777,641,1,2
1777,642,1,2
1777,643,1,2
1777,644,1,2
1777,645,1,2
1778,152,1,2
1778,153,1,2
1778,154,1,2
1778,155,1,2
1778,156,1,2
1778,157,1,2
1778,158,1,2
1778,159,1,2
1778,160,1,2
1778,161,1,2
1778,162,1,2
1778,163,1,2
1778,164,1,2
1778,165,1,2
1778,166,1,2
1778,167,1,2
1778,168,1,2
1778,169,1,3
1778,170,1,3
1778,171,1,3
1778,172,1,3
1778,173,1,3
1778,174,1,3
1778,175,1,3
1778,176,1,3
1778,177,1,3
1778,178,1,3
1778,179,1,3
1778,180,1,3
1778,181,1,3
1778,182,1,3
1778,183,1,3
1778,184,1,3
1778,185,1,3
1778,186,1,3
1778,187,1,2
1778,188,1,2
1778,189,1,2
1778,190,1,2
1778,191,1,2
1778,192,1,2
1778,193,1,2
1778,194,1,2
1778,195,1,2
1778,196,1,2
1778,197,1,2
1778,198,1,2
1778,199,1,2
1778,200,1,2
1778,201,1,2
1778,202,1,2
1778,203,1,2
1778,204,1,2
1778,205,1,2
1778,206,1,2
1778,207,1,2
1778,208,1,2
1778,209,1,2
1778,210,1,2
1778,211,1,2
1778,212,1,2
1778,213,1,2
1778,214,1,2
1778,215,1,2
1778,216,1,2
1778,217,1,2
1778,218,1,2
1778,219,1,2
1778,220,1,2
1778,221,1,2
1778,222,1,2
1778,223,1,2
1778,224,1,2
1778,225,1,2
1778,226,1,2
1778,227,1,2
1778,228,1,2
1778,229,1,2
1778,230,1,2
1778,231,1,2
1778,232,1,2
1778,233,1,2
1778,234,1,2
1778,235,1,2
1778,236,1,2
1778,237,1,2
1778,238,1,2
1778,239,1,2
1778,240,1,2
1778,241,1,2
1778,242,1,2
1778,243,1,2
1778,244,1,2
1778,245,1,2
1778,246,1,2
1778,247,1,2
1778,248,1,2
1778,249,1,2
1778,250,1,2
1778,251,1,2
1778,252,1,2
1778,253,1,2
1778,254,1,2
1778,255,1,2
1778,256,1,2
1778,257,1,2
1778,258,1,2
1778,259,1,2
1778,260,1,2
1778,261,1,2
1778,262,1,2
1778,263,1,2
1778,264,1,2
1778,265,1,2
1778,266,1,2
1778,267,1,2
1778,268,1,2
1778,269,1,2
1778,270,1,2
1778,271,1,2
1778,272,1,2
1778,273,1,2
1778,274,1,2
1778,275,1,2
1778,276,1,2
1778,277,1,2
1778,278,1,2
1778,279,1,2
1778,280,1,2
1778,281,1,2
1778,282,1,2
1778,283,1,2
1778,284,1,2
1778,285,1,2
1778,286,1,2
1778,287,1,2
1778,288,1,2
1778,289,1,2
1778,290,1,2
1778,291,1,2
1778,292,1,2
1778,293,1,2
1778,294,1,2
1778,295,1,2
1778,296,1,2
1778,297,1,2
1778,298,1,2
1778,299,1,2
1778,300,1,2
1778,301,1,2
1778,302,1,2
1778,303,1,2
1778,304,1,2
1778,305,1,2
1778,306,1,2
1778,307,1,2
1778,308,1,2
1778,309,1,2
1778,310,1,2
1778,311,1,2
1778,312,1,2
1778,313,1,2
1778,314,1,2
1778,315,1,2
1778,316,1,2
1778,317,1,2
1778,318,1,2
1778,319,1,2
1778,320,1,2
1778,321,1,2
1778,322,1,2
1778,323,1,2
1778,324,1,2
1778,325,1,2
1778,326,1,2
1778,327,1,2
1778,328,1,2
1778,329,1,2
1778,330,1,2
1778,331,1,2
1778,332,1,2
1778,333,1,2
1778,334,1,2
1778,335,1,2
1778,336,1,2
1778,337,1,2
1778,338,1,2
1778,339,1,2
1778,340,1,2
1778,341,1,2
1778,342,1,2
1778,343,1,2
1778,344,1,2
1778,345,1,2
1778,346,1,2
1778,347,1,2
1778,348,1,2
1778,349,1,2
1778,350,1,2
1778,351,1,2
1778,352,1,2
1778,353,1,2
1778,354,1,2
1778,355,1,2
1778,356,1,2
1778,357,1,2
1778,358,1,2
1778,359,1,2
1778,360,1,2
1778,361,1,2
1778,362,1,2
1778,363,1,2
1778,364,1,2
1778,365,1,2
1778,366,1,2
1778,367,1,2
1778,368,1,2
1778,369,1,2
1778,370,1,2
1778,371,1,2
1778,372,1,2
1778,373,1,2
1778,374,1,2
1778,375,1,2
1778,376,1,2
1778,377,1,2
1778,378,1,2
1778,379,1,2
1778,380,1,2
1778,381,1,2
1778,382,1,2
1778,383,1,2
1778,384,1,2
1778,385,1,2
1778,386,1,2
1778,387,1,2
1778,388,1,2
1778,389,1,2
1778,390,1,2
1778,391,1,2
1778,392,1,2
1778,393,1,2
1778,394,1,2
1778,395,1,2
1778,396,1,2
1778,397,1,2
1778,398,1,2
1778,399,1,2
1778,400,1,2
1778,401,1,2
1778,402,1,2
1778,403,1,2
1778,404,1,2
1778,405,1,2
1778,406,1,2
1778,407,1,2
1778,408,1,2
1778,409,1,2
1778,410,1,2
1778,411,1,2
1778,412,1,2
1778,413,1,2
1778,414,1,2
1778,415,1,2
1778,416,1,2
1778,417,1,2
1778,418,1,2
1778,419,1,2
1778,420,1,2
1778,421,1,2
1778,422,1,2
1778,423,1,2
1778,424,1,2
1778,425,1,2
1778,426,1,2
1778,427,1,2
1778,428,1,2
1778,429,1,2
1778,430,1,2
1778,431,1,2
1778,432,1,2
1778,433,1,2
1778,434,1,2
1778,435,1,2
1778,436,1,2
1778,437,1,2
1778,438,1,2
1778,439,1,2
1778,440,1,2
1778,441,1,2
1778,442,1,2
1778,443,1,2
1778,444,1,2
1778,445,1,2
1778,446,1,2
1778,447,1,2
1778,448,1,2
1778,449,1,2
1778,450,1,2
1778,451,1,2
1778,452,1,2
1778,453,1,2
1778,454,1,2
1778,455,1,3
1778,456,1,3
1778,457,1,3
1778,458,1,3
1778,459,1,3
1778,460,1,3
1778,461,1,3
1778,462,1,3
1778,463,1,3
1778,464,1,3
1778,465,1,3
1778,466,1,3
1778,467,1,3
1778,468,1,3
1778,469,1,3
1778,470,1,3
1778,471,1,3
1778,472,1,3
1778,473,1,3
1778,474,1,3
1778,475,1,3
1778,476,1,3
1778,477,1,3
1778,478,1,3
1778,479,1,3
1778,480,1,3
1778,481,1,3
1778,482,1,3
1778,483,1,3
1778,484,1,3
1778,485,1,3
1778,486,1,3
1778,487,1,3
1778,488,1,3
1778,489,1,3
1778,490,1,3
1778,491,1,3
1778,492,1,3
1778,493,1,3
1778,494,1,3
1778,495,1,3
1778,496,1,3
1778,497,1,3
1778,498,1,3
1778,499,1,3
1778,500,1,3
1778,501,1,3
1778,502,1,3
1778,503,1,3
1778,504,1,3
1778,505,1,3
1778,506,1,3
1778,507,1,3
1778,508,1,3
1778,509,1,3
1778,510,1,3
1778,511,1,3
1778,512,1,3
1778,513,1,3
1778,514,1,3
1778,515,1,3
1778,516,1,3
1778,517,1,3
1778,518,1,3
1778,519,1,3
1778,520,1,3
1778,521,1,3
1778,522,1,3
1778,523,1,3
1778,524,1,3
1778,525,1,3
1778,526,1,3
1778,527,1,3
1778,528,1,2
1778,529,1,2
1778,530,1,2
1778,531,1,2
1778,532,1,2
1778,533,1,2
1778,534,1,2
1778,535,1,2
1778,536,1,2
1778,537,1,2
1778,538,1,2
1778,539,1,2
1778,540,1,2
1778,541,1,2
1778,542,1,2
1778,543,1,2
1778,544,1,2
1778,545,1,2
1778,546,1,2
1778,547,1,2
1778,548,1,2
1778,549,1,2
1778,550,1,2
1778,551,1,2
1778,552,1,2
1778,553,1,2
1778,554,1,2
1778,555,1,2
1778,556,1,2
1778,557,1,2
1778,558,1,2
1778,559,1,2
1778,560,1,3
1778,561,1,3
1778,562,1,3
1778,563,1,3
1778,564,1,3
1778,565,1,3
1778,566,1,3
1778,567,1,3
1778,568,1,3
1778,569,1,3
1778,570,1,3
1778,571,1,3
1778,572,1,3
1778,573,1,3
1778,574,1,3
1778,575,1,3
1778,576,1,3
1778,577,1,3
1778,578,1,3
1778,579,1,3
1778,580,1,3
1778,581,1,3
1778,582,1,3
1778,583,1,3
1778,584,1,3
1778,585,1,3
1778,586,1,3
1778,587,1,3
1778,588,1,3
1778,589,1,3
1778,590,1,3
1778,591,1,3
1778,592,1,3
1778,593,1,3
1778,594,1,3
1778,595,1,3
1778,596,1,3
1778,597,1,3
1778,598,1,3
1778,599,1,3
1778,600,1,3
1778,601,1,3
1778,602,1,3
1778,603,1,3
1778,604,1,3
1778,605,1,3
1778,606,1,3
1778,607,1,3
1778,608,1,3
1778,609,1,3
1778,610,1,3
1778,611,1,3
1778,612,1,3
1778,613,1,3
1778,614,1,3
1778,615,1,3
1778,616,1,3
1778,617,1,3
1778,618,1,2
1778,619,1,2
1778,620,1,2
1778,621,1,2
1778,622,1,2
1778,623,1,2
1778,624,1,2
1778,625,1,2
1778,626,1,2
1778,627,1,2
1778,628,1,2
1778,629,1,2
1778,630,1,2
1778,631,1,2
1778,632,1,2
1778,633,1,2
1778,634,1,2
1778,635,1,2
1778,636,1,2
1778,637,1,2
1778,638,1,2
1778,639,1,2
1778,640,1,2
1778,641,1,2
1778,642,1,2
1778,643,1,2
1778,644,1,2
1778,645,1,2
1778,646,1,2
1779,151,1,2
1779,152,1,2
1779,153,1,2
1779,154,1,2
1779,155,1,2
1779,156,1,2
1779,157,1,2
1779,158,1,2
1779,159,1,2
1779,160,1,2
1779,161,1,2
1779,162,1,2
1779,163,1,2
1779,164,1,2
1779,165,1,2
1779,166,1,2
1779,167,1,2
1779,168,1,2
1779,169,1,3
1779,170,1,3
1779,171,1,3
1779,172,1,3
1779,173,1,3
1779,174,1,3
1779,175,1,3
1779,176,1,3
1779,177,1,3
1779,178,1,3
1779,179,1,3
1779,180,1,3
1779,181,1,3
1779,182,1,3
1779,183,1,3
1779,184,1,3
1779,185,1,3
1779,186,1,3
1779,187,1,2
1779,188,1,2
1779,189,1,2
1779,190,1,2
1779,191,1,2
1779,192,1,2
1779,193,1,2
1779,194,1,2
1779,195,1,2
1779,196,1,2
1779,197,1,2
1779,198,1,2
1779,199,1,2
1779,200,1,2
1779,201,1,2
1779,202,1,2
1779,203,1,2
1779,204,1,2
1779,205,1,2
1779,206,1,2
1779,207,1,2
1779,208,1,2
1779,209,1,2
1779,210,1,2
1779,211,1,2
1779,212,1,2
1779,213,1,2
1779,214,1,2
1779,215,1,2
1779,216,1,2
1779,217,1,2
1779,218,1,2
1779,219,1,2
1779,220,1,2
1779,221,1,2
1779,222,1,2
1779,223,1,2
1779,224,1,2
1779,225,1,2
1779,226,1,2
1779,227,1,2
1779,228,1,2
1779,229,1,2
1779,230,1,2
1779,231,1,2
1779,232,1,2
1779,233,1,2
1779,234,1,2
1779,235,1,2
1779,236,1,2
1779,237,1,2
1779,238,1,2
1779,239,1,2
1779,240,1,2
1779,241,1,2
1779,242,1,2
1779,243,1,2
1779,244,1,2
1779,245,1,2
1779,246,1,2
1779,247,1,2
1779,248,1,2
1779,249,1,2
1779,250,1,2
1779,251,1,2
1779,252,1,2
1779,253,1,2
1779,254,1,2
1779,255,1,2
1779,256,1,2
1779,257,1,2
1779,258,1,2
1779,259,1,2
1779,260,1,2
1779,261,1,2
1779,262,1,2
1779,263,1,2
1779,264,1,2
1779,265,1,2
1779,266,1,2
1779,267,1,2
1779,268,1,2
1779,269,1,2
1779,270,1,2
1779,271,1,2
1779,272,1,2
1779,273,1,2
1779,274,1,2
1779,275,1,2
1779,276,1,2
1779,277,1,2
1779,278,1,2
1779,279,1,2
1779,280,1,2
1779,281,1,2
1779,282,1,2
1779,283,1,2
1779,284,1,2
1779,285,1,2
1779,286,1,2
1779,287,1,2
1779,288,1,2
1779,289,1,2
1779,290,1,2
1779,291,1,2
1779,292,1,2
1779,293,1,2
1779,294,1,2
1779,295,1,2
1779,296,1,2
1779,297,1,2
1779,298,1,2
1779,299,1,2
1779,300,1,2
1779,301,1,2
1779,302,1,2
1779,303,1,2
1779,304,1,2
1779,305,1,2
1779,306,1,2
1779,307,1,2
1779,308,1,2
1779,309,1,2
1779,310,1,2
1779,311,1,2
1779,312,1,2
1779,313,1,2
1779,314,1,2
1779,315,1,2
1779,316,1,2
1779,317,1,2
1779,318,1,2
1779,319,1,2
1779,320,1,2
1779,321,1,2
1779,322,1,2
1779,323,1,2
1779,324,1,2
1779,325,1,2
1779,326,1,2
1779,327,1,2
1779,328,1,2
1779,329,1,2
1779,330,1,2
1779,331,1,2
1779,332,1,2
1779,333,1,2
1779,334,1,2
1779,335,1,2
1779,336,1,2
1779,337,1,2
1779,338,1,2
1779,339,1,2
1779,340,1,2
1779,341,1,2
1779,342,1,2
1779,343,1,2
1779,344,1,2
1779,345,1,2
1779,346,1,2
1779,347,1,2
1779,348,1,2
1779,349,1,2
1779,350,1,2
1779,351,1,2
1779,352,1,2
1779,353,1,2
1779,354,1,2
1779,355,1,2
1779,356,1,2
1779,357,1,2
1779,358,1,2
1779,359,1,2
1779,360,1,2
1779,361,1,2
1779,362,1,2
1779,363,1,2
1779,364,1,2
1779,365,1,2
1779,366,1,2
1779,367,1,2
1779,368,1,2
1779,369,1,2
1779,370,1,2
1779,371,1,2
1779,372,1,2
1779,373,1,2
1779,374,1,2
1779,375,1,2
1779,376,1,2
1779,377,1,2
1779,378,1,2
1779,379,1,2
1779,380,1,2
1779,381,1,2
1779,382,1,2
1779,383,1,2
1779,384,1,2
1779,385,1,2
1779,386,1,2
1779,387,1,2
1779,388,1,2
1779,389,1,2
1779,390,1,2
1779,391,1,2
1779,392,1,2
1779,393,1,2
1779,394,1,2
1779,395,1,2
1779,396,1,2
1779,397,1,2
1779,398,1,2
1779,399,1,2
1779,400,1,2
1779,401,1,2
1779,402,1,2
1779,403,1,2
1779,404,1,2
1779,405,1,2
1779,406,1,2
1779,407,1,2
1779,408,1,2
1779,409,1,2
1779,410,1,2
1779,411,1,2
1779,412,1,2
1779,413,1,2
1779,414,1,2
1779,415,1,2
1779,416,1,2
1779,417,1,2
1779,418,1,2
1779,419,1,2
1779,420,1,2
1779,421,1,2
1779,422,1,2
1779,423,1,2
1779,424,1,2
1779,425,1,2
1779,426,1,2
1779,427,1,2
1779,428,1,2
1779,429,1,2
1779,430,1,2
1779,431,1,2
1779,432,1,2
1779,433,1,2
1779,434,1,2
1779,435,1,2
1779,436,1,2
1779,437,1,2
1779,438,1,2
1779,439,1,2
1779,440,1,2
1779,441,1,2
1779,442,1,2
1779,443,1,2
1779,444,1,2
1779,445,1,2
1779,446,1,2
1779,447,1,2
1779,448,1,2
1779,449,1,2
1779,450,1,2
1779,451,1,2
1779,452,1,2
1779,453,1,2
1779,454,1,2
1779,455,1,3
1779,456,1,3
1779,457,1,3
1779,458,1,3
1779,459,1,3
1779,460,1,3
1779,461,1,3
1779,462,1,3
1779,463,1,3
1779,464,1,3
1779,465,1,3
1779,466,1,3
1779,467,1,3
1779,468,1,3
1779,469,1,3
1779,470,1,3
1779,471,1,3
1779,472,1,3
1779,473,1,3
1779,474,1,3
1779,475,1,3
1779,476,1,3
1779,477,1,3
1779,478,1,3
1779,479,1,3
1779,480,1,3
1779,481,1,3
1779,482,1,3
1779,483,1,3
1779,484,1,3
1779,485,1,3
1779,486,1,3
1779,487,1,3
1779,488,1,3
1779,489,1,3
1779,490,1,3
1779,491,1,3
1779,492,1,3
1779,493,1,3
1779,494,1,3
1779,495,1,3
1779,496,1,3
1779,497,1,3
1779,498,1,3
1779,499,1,3
1779,500,1,3
1779,501,1,3
1779,502,1,3
1779,503,1,3
1779,504,1,3
1779,505,1,3
1779,506,1,3
1779,507,1,3
1779,508,1,3
1779,509,1,3
1779,510,1,3
1779,511,1,3
1779,512,1,3
1779,513,1,3
1779,514,1,3
1779,515,1,3
1779,516,1,3
1779,517,1,3
1779,518,1,3
1779,519,1,3
1779,520,1,3
1779,521,1,3
1779,522,1,3
1779,523,1,3
1779,524,1,3
1779,525,1,3
1779,526,1,3
1779,527,1,3
1779,528,1,2
1779,529,1,2
1779,530,1,2
1779,531,1,2
1779,532,1,2
1779,533,1,2
1779,534,1,2
1779,535,1,2
1779,536,1,2
1779,537,1,2
1779,538,1,2
1779,539,1,2
1779,540,1,2
1779,541,1,2
1779,542,1,2
1779,543,1,2
1779,544,1,2
1779,545,1,2
1779,546,1,2
1779,547,1,2
1779,548,1,2
1779,549,1,2
1779,550,1,2
1779,551,1,2
1779,552,1,2
1779,553,1,2
1779,554,1,2
1779,555,1,2
1779,556,1,2
1779,557,1,2
1779,558,1,2
1779,559,1,3
1779,560,1,3
1779,561,1,3
1779,562,1,3
1779,563,1,3
1779,564,1,3
1779,565,1,3
1779,566,1,3
1779,567,1,3
1779,568,1,3
1779,569,1,3
1779,570,1,3
1779,571,1,3
1779,572,1,3
1779,573,1,3
1779,574,1,3
1779,575,1,3
1779,576,1,3
1779,577,1,3
1779,578,1,3
1779,579,1,3
1779,580,1,3
1779,581,1,3
1779,582,1,3
1779,583,1,3
1779,584,1,3
1779,585,1,3
1779,586,1,3
1779,587,1,3
1779,588,1,3
1779,589,1,3
1779,590,1,3
1779,591,1,3
1779,592,1,3
1779,593,1,3
1779,594,1,3
1779,595,1,3
1779,596,1,3
1779,597,1,3
1779,598,1,3
1779,599,1,3
1779,600,1,3
1779,601,1,3
1779,602,1,3
1779,603,1,3
1779,604,1,3
1779,605,1,3
1779,606,1,3
1779,607,1,3
1779,608,1,3
1779,609,1,3
1779,610,1,3
1779,611,1,3
1779,612,1,3
1779,613,1,3
1779,614,1,3
1779,615,1,3
1779,616,1,3
1779,617,1,3
1779,618,1,3
1779,619,1,2
1779,620,1,2
1779,621,1,2
1779,622,1,2
1779,623,1,2
1779,624,1,2
1779,625,1,2
1779,626,1,2
1779,627,1,2
1779,628,1,2
1779,629,1,2
1779,630,1,2
1779,631,1,2
1779,632,1,2
1779,633,1,2
1779,634,1,2
1779,635,1,2
1779,636,1,2
1779,637,1,2
1779,638,1,2
1779,639,1,2
1779,640,1,2
1779,641,1,2
1779,642,1,2
1779,643,1,2
1779,644,1,2
1779,645,1,2
1780,151,1,2
1780,152,1,2
1780,153,1,2
1780,154,1,2
1780,155,1,2
1780,156,1,2
1780,157,1,2
1780,158,1,2
1780,159,1,2
1780,160,1,2
1780,161,1,2
1780,162,1,2
1780,163,1,2
1780,164,1,2
1780,165,1,2
1780,166,1,2
1780,167,1,2
1780,168,1,2
1780,169,1,2
1780,170,1,3
1780,171,1,3
1780,172,1,3
1780,173,1,3
1780,174,1,3
1780,175,1,3
1780,176,1,3
1780,177,1,3
1780,178,1,3
1780,179,1,3
1780,180,1,3
1780,181,1,3
1780,182,1,3
1780,183,1,3
1780,184,1,3
1780,185,1,3
1780,186,1,2
1780,187,1,2
1780,188,1,2
1780,189,1,2
1780,190,1,2
1780,191,1,2
1780,192,1,2
1780,193,1,2
1780,194,1,2
1780,195,1,2
1780,196,1,2
1780,197,1,2
1780,198,1,2
1780,199,1,2
1780,200,1,2
1780,201,1,2
1780,202,1,2
1780,203,1,2
1780,204,1,2
1780,205,1,2
1780,206,1,2
1780,207,1,2
1780,208,1,2
1780,209,1,2
1780,210,1,2
1780,211,1,2
1780,212,1,2
1780,213,1,2
1780,214,1,2
1780,215,1,2
1780,216,1,2
1780,217,1,2
1780,218,1,2
1780,219,1,2
1780,220,1,2
1780,221,1,2
1780,222,1,2
1780,223,1,2
1780,224,1,2
1780,225,1,2
1780,226,1,2
1780,227,1,2
1780,228,1,2
1780,229,1,2
1780,230,1,2
1780,231,1,2
1780,232,1,2
1780,233,1,2
1780,234,1,2
1780,235,1,2
1780,236,1,2
1780,237,1,2
1780,238,1,2
1780,239,1,2
1780,240,1,2
1780,241,1,2
1780,242,1,2
1780,243,1,2
1780,244,1,2
1780,245,1,2
1780,246,1,2
1780,247,1,2
1780,248,1,2
1780,249,1,2
1780,250,1,2
1780,251,1,2
1780,252,1,2
1780,253,1,2
1780,254,1,2
1780,255,1,2
1780,256,1,2
1780,257,1,2
1780,258,1,2
1780,259,1,2
1780,260,1,2
1780,261,1,2
1780,262,1,2
1780,263,1,2
1780,264,1,2
1780,265,1,2
1780,266,1,2
1780,267,1,2
1780,268,1,2
1780,269,1,2
1780,270,1,2
1780,271,1,2
1780,272,1,2
1780,273,1,2
1780,274,1,2
1780,275,1,2
1780,276,1,2
1780,277,1,2
1780,278,1,2
1780,279,1,2
1780,280,1,2
1780,281,1,2
1780,282,1,2
1780,283,1,2
1780,284,1,2
1780,285,1,2
1780,286,1,2
1780,287,1,2
1780,288,1,2
1780,289,1,2
1780,290,1,2
1780,291,1,2
1780,292,1,2
1780,293,1,2
1780,294,1,2
1780,295,1,2
1780,296,1,2
1780,297,1,2
1780,298,1,2
1780,299,1,2
1780,300,1,2
1780,301,1,2
1780,302,1,2
1780,303,1,2
1780,304,1,2
1780,305,1,2
1780,306,1,2
1780,307,1,2
1780,308,1,2
1780,309,1,2
1780,310,1,2
1780,311,1,2
1780,312,1,2
1780,313,1,2
1780,314,1,2
1780,315,1,2
1780,316,1,2
1780,317,1,2
1780,318,1,2
1780,319,1,2
1780,320,1,2
1780,321,1,2
1780,322,1,2
1780,323,1,2
1780,324,1,2
1780,325,1,2
1780,326,1,2
1780,327,1,2
1780,328,1,2
1780,329,1,2
1780,330,1,2
1780,331,1,2
1780,332,1,2
1780,333,1,2
1780,334,1,2
1780,335,1,2
1780,336,1,2
1780,337,1,2
1780,338,1,2
1780,339,1,2
1780,340,1,2
1780,341,1,2
1780,342,1,2
1780,343,1,2
1780,344,1,2
1780,345,1,2
1780,346,1,2
1780,347,1,2
1780,348,1,2
1780,349,1,2
1780,350,1,2
1780,351,1,2
1780,352,1,2
1780,353,1,2
1780,354,1,2
1780,355,1,2
1780,356,1,2
1780,357,1,2
1780,358,1,2
1780,359,1,2
1780,360,1,2
1780,361,1,2
1780,362,1,2
1780,363,1,2
1780,364,1,2
1780,365,1,2
1780,366,1,2
1780,367,1,2
1780,368,1,2
1780,369,1,2
1780,370,1,2
1780,371,1,2
1780,372,1,2
1780,373,1,2
1780,374,1,2
1780,375,1,2
1780,376,1,2
1780,377,1,2
1780,378,1,2
1780,379,1,2
1780,380,1,2
1780,381,1,2
1780,382,1,2
1780,383,1,2
1780,384,1,2
1780,385,1,2
1780,386,1,2
1780,387,1,2
1780,388,1,2
1780,389,1,2
1780,390,1,2
1780,391,1,2
1780,392,1,2
1780,393,1,2
1780,394,1,2
1780,395,1,2
1780,396,1,2
1780,397,1,2
1780,398,1,2
1780,399,1,2
1780,400,1,2
1780,401,1,2
1780,402,1,2
1780,403,1,2
1780,404,1,2
1780,405,1,2
1780,406,1,2
1780,407,1,2
1780,408,1,2
1780,409,1,2
1780,410,1,2
1780,411,1,2
1780,412,1,2
1780,413,1,2
1780,414,1,2
1780,415,1,2
1780,416,1,2
1780,417,1,2
1780,418,1,2
1780,419,1,2
1780,420,1,2
1780,421,1,2
1780,422,1,2
1780,423,1,2
1780,424,1,2
1780,425,1,2
1780,426,1,2
1780,427,1,2
1780,428,1,2
1780,429,1,2
1780,430,1,2
1780,431,1,2
1780,432,1,2
1780,433,1,2
1780,434,1,2
1780,435,1,2
1780,436,1,2
1780,437,1,2
1780,438,1,2
1780,439,1,2
1780,440,1,2
1780,441,1,2
1780,442,1,2
1780,443,1,2
1780,444,1,2
1780,445,1,2
1780,446,1,2
1780,447,1,2
1780,448,1,2
1780,449,1,2
1780,450,1,2
1780,451,1,2
1780,452,1,2
1780,453,1,2
1780,454,1,2
1780,455,1,3
1780,456,1,3
1780,457,1,3
1780,458,1,3
1780,459,1,3
1780,460,1,3
1780,461,1,3
1780,462,1,3
1780,463,1,3
1780,464,1,3
1780,465,1,3
1780,466,1,3
1780,467,1,3
1780,468,1,3
1780,469,1,3
1780,470,1,3
1780,471,1,3
1780,472,1,3
1780,473,1,3
1780,474,1,3
1780,475,1,3
1780,476,1,3
1780,477,1,3
1780,478,1,3
1780,479,1,3
1780,480,1,3
1780,481,1,3
1780,482,1,3
1780,483,1,3
1780,484,1,3
1780,485,1,3
1780,486,1,3
1780,487,1,3
1780,488,1,3
1780,489,1,3
1780,490,1,3
1780,491,1,3
1780,492,1,3
1780,493,1,3
1780,494,1,3
1780,495,1,3
1780,496,1,3
1780,497,1,3
1780,498,1,3
1780,499,1,3
1780,500,1,3
1780,501,1,3
1780,502,1,3
1780,503,1,3
1780,504,1,3
1780,505,1,3
1780,506,1,3
1780,507,1,3
1780,508,1,3
1780,509,1,3
1780,510,1,3
1780,511,1,3
1780,512,1,3
1780,513,1,3
1780,514,1,3
1780,515,1,3
1780,516,1,3
1780,517,1,3
1780,518,1,3
1780,519,1,3
1780,520,1,3
1780,521,1,3
1780,522,1,3
1780,523,1,3
1780,524,1,3
1780,525,1,3
1780,526,1,3
1780,527,1,3
1780,528,1,2
1780,529,1,2
1780,530,1,2
1780,531,1,2
1780,532,1,2
1780,533,1,2
1780,534,1,2
1780,535,1,2
1780,536,1,2
1780,537,1,2
1780,538,1,2
1780,539,1,2
1780,540,1,2
1780,541,1,2
1780,542,1,2
1780,543,1,2
1780,544,1,2
1780,545,1,2
1780,546,1,2
1780,547,1,2
1780,548,1,2
1780,549,1,2
1780,550,1,2
1780,551,1,2
1780,552,1,2
1780,553,1,2
1780,554,1,2
1780,555,1,2
1780,556,1,2
1780,557,1,2
1780,558,1,2
1780,559,1,3
1780,560,1,3
1780,561,1,3
1780,562,1,3
1780,563,1,3
1780,564,1,3
1780,565,1,3
1780,566,1,3
1780,567,1,3
1780,568,1,3
1780,569,1,3
1780,570,1,3
1780,571,1,3
1780,572,1,3
1780,573,1,3
1780,574,1,3
1780,575,1,3
1780,576,1,3
1780,577,1,3
1780,578,1,3
1780,579,1,3
1780,580,1,3
1780,581,1,3
1780,582,1,3
1780,583,1,3
1780,584,1,3
1780,585,1,3
1780,586,1,3
1780,587,1,3
1780,588,1,3
1780,589,1,3
1780,590,1,3
1780,591,1,3
1780,592,1,3
1780,593,1,3
1780,594,1,3
1780,595,1,3
1780,596,1,3
1780,597,1,3
1780,598,1,3
1780,599,1,3
1780,600,1,3
1780,601,1,3
1780,602,1,3
1780,603,1,3
1780,604,1,3
1780,605,1,3
1780,606,1,3
1780,607,1,3
1780,608,1,3
1780,609,1,3
1780,610,1,3
1780,611,1,3
1780,612,1,3
1780,613,1,3
1780,614,1,3
1780,615,1,3
1780,616,1,3
1780,617,1,3
1780,618,1,3
1780,619,1,2
1780,620,1,2
1780,621,1,2
1780,622,1,2
1780,623,1,2
1780,624,1,2
1780,625,1,2
1780,626,1,2
1780,627,1,2
1780,628,1,2
1780,629,1,2
1780,630,1,2
1780,631,1,2
1780,632,1,2
1780,633,1,2
1780,634,1,2
1780,635,1,2
1780,636,1,2
1780,637,1,2
1780,638,1,2
1780,639,1,2
1780,640,1,2
1780,641,1,2
1780,642,1,2
1780,643,1,2
1780,644,1,2
1780,645,1,2
1780,646,1,2
1781,151,1,2
1781,152,1,2
1781,153,1,2
1781,154,1,2
1781,155,1,2
1781,156,1,2
1781,157,1,2
1781,158,1,2
1781,159,1,2
1781,160,1,2
1781,161,1,2
1781,162,1,2
1781,163,1,2
1781,164,1,2
1781,165,1,2
1781,166,1,2
1781,167,1,2
1781,168,1,2
1781,169,1,3
1781,170,1,3
1781,171,1,3
1781,172,1,3
1781,173,1,3
1781,174,1,3
1781,175,1,3
1781,176,1,3
1781,177,1,3
1781,178,1,3
1781,179,1,3
1781,180,1,3
1781,181,1,3
1781,182,1,3
1781,183,1,3
1781,184,1,3
1781,185,1,2
1781,186,1,2
1781,187,1,2
1781,188,1,2
1781,189,1,2
1781,190,1,2
1781,191,1,2
1781,192,1,2
1781,193,1,2
1781,194,1,2
1781,195,1,2
1781,196,1,2
1781,197,1,2
1781,198,1,2
1781,199,1,2
1781,200,1,2
1781,201,1,2
1781,202,1,2
1781,203,1,2
1781,204,1,2
1781,205,1,2
1781,206,1,2
1781,207,1,2
1781,208,1,2
1781,209,1,2
1781,210,1,2
1781,211,1,2
1781,212,1,2
1781,213,1,2
1781,214,1,2
1781,215,1,2
1781,216,1,2
1781,217,1,2
1781,218,1,2
1781,219,1,2
1781,220,1,2
1781,221,1,2
1781,222,1,2
1781,223,1,2
1781,224,1,2
1781,225,1,2
1781,226,1,2
1781,227,1,2
1781,228,1,2
1781,229,1,2
1781,230,1,2
1781,231,1,2
1781,232,1,2
1781,233,1,2
1781,234,1,2
1781,235,1,2
1781,236,1,2
1781,237,1,2
1781,238,1,2
1781,239,1,2
1781,240,1,2
1781,241,1,2
1781,242,1,2
1781,243,1,2
1781,244,1,2
1781,245,1,2
1781,246,1,2
1781,247,1,2
1781,248,1,2
1781,249,1,2
1781,250,1,2
1781,251,1,2
1781,252,1,2
1781,253,1,2
1781,254,1,2
1781,255,1,2
1781,256,1,2
1781,257,1,2
1781,258,1,2
1781,259,1,2
1781,260,1,2
1781,261,1,2
1781,262,1,2
1781,263,1,2
1781,264,1,2
1781,265,1,2
1781,266,1,2
1781,267,1,2
1781,268,1,2
1781,269,1,2
1781,270,1,2
1781,271,1,2
1781,272,1,2
1781,273,1,2
1781,274,1,2
1781,275,1,2
1781,276,1,2
1781,277,1,2
1781,278,1,2
1781,279,1,2
1781,280,1,2
1781,281,1,2
1781,282,1,2
1781,283,1,2
1781,284,1,2
1781,285,1,2
1781,286,1,2
1781,287,1,2
1781,288,1,2
1781,289,1,2
1781,290,1,2
1781,291,1,2
1781,292,1,2
1781,293,1,2
1781,294,1,2
1781,295,1,2
1781,296,1,2
1781,297,1,2
1781,298,1,2
1781,299,1,2
1781,300,1,2
1781,301,1,2
1781,302,1,2
1781,303,1,2
1781,304,1,2
1781,305,1,2
1781,306,1,2
1781,307,1,2
1781,308,1,2
1781,309,1,2
1781,310,1,2
1781,311,1,2
1781,312,1,2
1781,313,1,2
1781,314,1,2
1781,315,1,2
1781,316,1,2
1781,317,1,2
1781,318,1,2
1781,319,1,2
1781,320,1,2
1781,321,1,2
1781,322,1,2
1781,323,1,2
1781,324,1,2
1781,325,1,2
1781,326,1,2
1781,327,1,2
1781,328,1,2
1781,329,1,2
1781,330,1,2
1781,331,1,2
1781,332,1,2
1781,333,1,2
1781,334,1,2
1781,335,1,2
1781,336,1,2
1781,337,1,2
1781,338,1,2
1781,339,1,2
1781,340,1,2
1781,341,1,2
1781,342,1,2
1781,343,1,2
1781,344,1,2
1781,345,1,2
1781,346,1,2
1781,347,1,2
1781,348,1,2
1781,349,1,2
1781,350,1,2
1781,351,1,2
1781,352,1,2
1781,353,1,2
1781,354,1,2
1781,355,1,2
1781,356,1,2
1781,357,1,2
1781,358,1,2
1781,359,1,2
1781,360,1,2
1781,361,1,2
1781,362,1,2
1781,363,1,2
1781,364,1,2
1781,365,1,2
1781,366,1,2
1781,367,1,2
1781,368,1,2
1781,369,1,2
1781,370,1,2
1781,371,1,2
1781,372,1,2
1781,373,1,2
1781,374,1,2
1781,375,1,2
1781,376,1,2
1781,377,1,2
1781,378,1,2
1781,379,1,2
1781,380,1,2
1781,381,1,2
1781,382,1,2
1781,383,1,2
1781,384,1,2
1781,385,1,2
1781,386,1,2
1781,387,1,2
1781,388,1,2
1781,389,1,2
1781,390,1,2
1781,391,1,2
1781,392,1,2
1781,393,1,2
1781,394,1,2
1781,395,1,2
1781,396,1,2
1781,397,1,2
1781,398,1,2
1781,399,1,2
1781,400,1,2
1781,401,1,2
1781,402,1,2
1781,403,1,2
1781,404,1,2
1781,405,1,2
1781,406,1,2
1781,407,1,2
1781,408,1,2
1781,409,1,2
1781,410,1,2
1781,411,1,2
1781,412,1,2
1781,413,1,2
1781,414,1,2
1781,415,1,2
1781,416,1,2
1781,417,1,2
1781,418,1,2
1781,419,1,2
1781,420,1,2
1781,421,1,2
1781,422,1,2
1781,423,1,2
1781,424,1,2
1781,425,1,2
1781,426,1,2
1781,427,1,2
1781,428,1,2
1781,429,1,2
1781,430,1,2
1781,431,1,2
1781,432,1,2
1781,433,1,2
1781,434,1,2
1781,435,1,2
1781,436,1,2
1781,437,1,2
1781,438,1,2
1781,439,1,2
1781,440,1,2
1781,441,1,2
1781,442,1,2
1781,443,1,2
1781,444,1,2
1781,445,1,2
1781,446,1,2
1781,447,1,2
1781,448,1,2
1781,449,1,2
1781,450,1,2
1781,451,1,2
1781,452,1,2
1781,453,1,2
1781,454,1,2
1781,455,1,2
1781,456,1,3
1781,457,1,3
1781,458,1,3
1781,459,1,3
1781,460,1,3
1781,461,1,3
1781,462,1,3
1781,463,1,3
1781,464,1,3
1781,465,1,3
1781,466,1,3
1781,467,1,3
1781,468,1,3
1781,469,1,3
1781,470,1,3
1781,471,1,3
1781,472,1,3
1781,473,1,3
1781,474,1,3
1781,475,1,3
1781,476,1,3
1781,477,1,3
1781,478,1,3
1781,479,1,3
1781,480,1,3
1781,481,1,3
1781,482,1,3
1781,483,1,3
1781,484,1,3
1781,485,1,3
1781,486,1,3
1781,487,1,3
1781,488,1,3
1781,489,1,3
1781,490,1,3
1781,491,1,3
1781,492,1,3
1781,493,1,3
1781,494,1,3
1781,495,1,3
1781,496,1,3
1781,497,1,3
1781,498,1,3
1781,499,1,3
1781,500,1,3
1781,501,1,3
1781,502,1,3
1781,503,1,3
1781,504,1,3
1781,505,1,3
1781,506,1,3
1781,507,1,3
1781,508,1,3
1781,509,1,3
1781,510,1,3
1781,511,1,3
1781,512,1,3
1781,513,1,3
1781,514,1,3
1781,515,1,3
1781,516,1,3
1781,517,1,3
1781,518,1,3
1781,519,1,3
1781,520,1,3
1781,521,1,3
1781,522,1,3
1781,523,1,3
1781,524,1,3
1781,525,1,3
1781,526,1,3
1781,527,1,3
1781,528,1,2
1781,529,1,2
1781,530,1,2
1781,531,1,2
1781,532,1,2
1781,533,1,2
1781,534,1,2
1781,535,1,2
1781,536,1,2
1781,537,1,2
1781,538,1,2
1781,539,1,2
1781,540,1,2
1781,541,1,2
1781,542,1,2
1781,543,1,2
1781,544,1,2
1781,545,1,2
1781,546,1,2
1781,547,1,2
1781,548,1,2
1781,549,1,2
1781,550,1,2
1781,551,1,2
1781,552,1,2
1781,553,1,2
1781,554,1,2
1781,555,1,2
1781,556,1,2
1781,557,1,2
1781,558,1,2
1781,559,1,3
1781,560,1,3
1781,561,1,3
1781,562,1,3
1781,563,1,3
1781,564,1,3
1781,565,1,3
1781,566,1,3
1781,567,1,3
1781,568,1,3
1781,569,1,3
1781,570,1,3
1781,571,1,3
1781,572,1,3
1781,573,1,3
1781,574,1,3
1781,575,1,3
1781,576,1,3
1781,577,1,3
1781,578,1,3
1781,579,1,3
1781,580,1,3
1781,581,1,3
1781,582,1,3
1781,583,1,3
1781,584,1,3
1781,585,1,3
1781,586,1,3
1781,587,1,3
1781,588,1,3
1781,589,1,3
1781,590,1,3
1781,591,1,3
1781,592,1,3
1781,593,1,3
1781,594,1,3
1781,595,1,3
1781,596,1,3
1781,597,1,3
1781,598,1,3
1781,599,1,3
1781,600,1,3
1781,601,1,3
1781,602,1,3
1781,603,1,3
1781,604,1,3
1781,605,1,3
1781,606,1,3
1781,607,1,3
1781,608,1,3
1781,609,1,3
1781,610,1,3
1781,611,1,3
1781,612,1,3
1781,613,1,3
1781,614,1,3
1781,615,1,3
1781,616,1,3
1781,617,1,3
1781,618,1,3
1781,619,1,2
1781,620,1,2
1781,621,1,2
1781,622,1,2
1781,623,1,2
1781,624,1,2
1781,625,1,2
1781,626,1,2
1781,627,1,2
1781,628,1,2
1781,629,1,2
1781,630,1,2
1781,631,1,2
1781,632,1,2
1781,633,1,2
1781,634,1,2
1781,635,1,2
1781,636,1,2
1781,637,1,2
1781,638,1,2
1781,639,1,2
1781,640,1,2
1781,641,1,2
1781,642,1,2
1781,643,1,2
1781,644,1,2
1781,645,1,2
1782,150,1,2
1782,151,1,2
1782,152,1,2
1782,153,1,2
1782,154,1,2
1782,155,1,2
1782,156,1,2
1782,157,1,2
1782,158,1,2
1782,159,1,2
1782,160,1,2
1782,161,1,2
1782,162,1,2
1782,163,1,2
1782,164,1,2
1782,165,1,2
1782,166,1,2
1782,167,1,2
1782,168,1,2
1782,169,1,2
1782,170,1,3
1782,171,1,3
1782,172,1,3
1782,173,1,3
1782,174,1,3
1782,175,1,3
1782,176,1,3
1782,177,1,3
1782,178,1,3
1782,179,1,3
1782,180,1,3
1782,181,1,3
1782,182,1,3
1782,183,1,3
1782,184,1,2
1782,185,1,2
1782,186,1,2
1782,187,1,2
1782,188,1,2
1782,189,1,2
1782,190,1,2
1782,191,1,2
1782,192,1,2
1782,193,1,2
1782,194,1,2
1782,195,1,2
1782,196,1,2
1782,197,1,2
1782,198,1,2
1782,199,1,2
1782,200,1,2
1782,201,1,2
1782,202,1,2
1782,203,1,2
1782,204,1,2
1782,205,1,2
1782,206,1,2
1782,207,1,2
1782,208,1,2
1782,209,1,2
1782,210,1,2
1782,211,1,2
1782,212,1,2
1782,213,1,2
1782,214,1,2
1782,215,1,2
1782,216,1,2
1782,217,1,2
1782,218,1,2
1782,219,1,2
1782,220,1,2
1782,221,1,2
1782,222,1,2
1782,223,1,2
1782,224,1,2
1782,225,1,2
1782,226,1,2
1782,227,1,2
1782,228,1,2
1782,229,1,2
1782,230,1,2
1782,231,1,2
1782,232,1,2
1782,233,1,2
1782,234,1,2
1782,235,1,2
1782,236,1,2
1782,237,1,2
1782,238,1,2
1782,239,1,2
1782,240,1,2
1782,241,1,2
1782,242,1,2
1782,243,1,2
1782,244,1,2
1782,245,1,2
1782,246,1,2
1782,247,1,2
1782,248,1,2
1782,249,1,2
1782,250,1,2
1782,251,1,2
1782,252,1,2
1782,253,1,2
1782,254,1,2
1782,255,1,2
1782,256,1,2
1782,257,1,2
1782,258,1,2
1782,259,1,2
1782,260,1,2
1782,261,1,2
1782,262,1,2
1782,263,1,2
1782,264,1,2
1782,265,1,2
1782,266,1,2
1782,267,1,2
1782,268,1,2
1782,269,1,2
1782,270,1,2
1782,271,1,2
1782,272,1,2
1782,273,1,2
1782,274,1,2
1782,275,1,2
1782,276,1,2
1782,277,1,2
1782,278,1,2
1782,279,1,2
1782,280,1,2
1782,281,1,2
1782,282,1,2
1782,283,1,2
1782,284,1,2
1782,285,1,2
1782,286,1,2
1782,287,1,2
1782,288,1,2
1782,289,1,2
1782,290,1,2
1782,291,1,2
1782,292,1,2
1782,293,1,2
1782,294,1,2
1782,295,1,2
1782,296,1,2
1782,297,1,2
1782,298,1,2
1782,299,1,2
1782,300,1,2
1782,301,1,2
1782,302,1,2
1782,303,1,2
1782,304,1,2
1782,305,1,2
1782,306,1,2
1782,307,1,2
1782,308,1,2
1782,309,1,2
1782,310,1,2
1782,311,1,2
1782,312,1,2
1782,313,1,2
1782,314,1,2
1782,315,1,2
1782,316,1,2
1782,317,1,2
1782,318,1,2
1782,319,1,2
1782,320,1,2
1782,321,1,2
1782,322,1,2
1782,323,1,2
1782,324,1,2
1782,325,1,2
1782,326,1,2
1782,327,1,2
1782,328,1,2
1782,329,1,2
1782,330,1,2
1782,331,1,2
1782,332,1,2
1782,333,1,2
1782,334,1,2
1782,335,1,2
1782,336,1,2
1782,337,1,2
1782,338,1,2
1782,339,1,2
1782,340,1,2
1782,341,1,2
1782,342,1,2
1782,343,1,2
1782,344,1,2
1782,345,1,2
1782,346,1,2
1782,347,1,2
1782,348,1,2
1782,349,1,2
1782,350,1,2
1782,351,1,2
1782,352,1,2
1782,353,1,2
1782,354,1,2
1782,355,1,2
1782,356,1,2
1782,357,1,2
1782,358,1,2
1782,359,1,2
1782,360,1,2
1782,361,1,2
1782,362,1,2
1782,363,1,2
1782,364,1,2
1782,365,1,2
1782,366,1,2
1782,367,1,2
1782,368,1,2
1782,369,1,2
1782,370,1,2
1782,371,1,2
1782,372,1,2
1782,373,1,2
1782,374,1,2
1782,375,1,2
1782,376,1,2
1782,377,1,2
1782,378,1,2
1782,379,1,2
1782,380,1,2
1782,381,1,2
1782,382,1,2
1782,383,1,2
1782,384,1,2
1782,385,1,2
1782,386,1,2
1782,387,1,2
1782,388,1,2
1782,389,1,2
1782,390,1,2
1782,391,1,2
1782,392,1,2
1782,393,1,2
1782,394,1,2
1782,395,1,2
1782,396,1,2
1782,397,1,2
1782,398,1,2
1782,399,1,2
1782,400,1,2
1782,401,1,2
1782,402,1,2
1782,403,1,2
1782,404,1,2
1782,405,1,2
1782,406,1,2
1782,407,1,2
1782,408,1,2
1782,409,1,2
1782,410,1,2
1782,411,1,2
1782,412,1,2
1782,413,1,2
1782,414,1,2
1782,415,1,2
1782,416,1,2
1782,417,1,2
1782,418,1,2
1782,419,1,2
1782,420,1,2
1782,421,1,2
1782,422,1,2
1782,423,1,2
1782,424,1,2
1782,425,1,2
1782,426,1,2
1782,427,1,2
1782,428,1,2
1782,429,1,2
1782,430,1,2
1782,431,1,2
1782,432,1,2
1782,433,1,2
1782,434,1,2
1782,435,1,2
1782,436,1,2
1782,437,1,2
1782,438,1,2
1782,439,1,2
1782,440,1,2
1782,441,1,2
1782,442,1,2
1782,443,1,2
1782,444,1,2
1782,445,1,2
1782,446,1,2
1782,447,1,2
1782,448,1,2
1782,449,1,2
1782,450,1,2
1782,451,1,2
1782,452,1,2
1782,453,1,2
1782,454,1,2
1782,455,1,2
1782,456,1,3
1782,457,1,3
1782,458,1,3
1782,459,1,3
1782,460,1,3
1782,461,1,3
1782,462,1,3
1782,463,1,3
1782,464,1,3
1782,465,1,3
1782,466,1,3
1782,467,1,3
1782,468,1,3
1782,469,1,3
1782,470,1,3
1782,471,1,3
1782,472,1,3
1782,473,1,3
1782,474,1,3
1782,475,1,3
1782,476,1,3
1782,477,1,3
1782,478,1,3
1782,479,1,3
1782,480,1,3
1782,481,1,3
1782,482,1,3
1782,483,1,3
1782,484,1,3
1782,485,1,3
1782,486,1,3
1782,487,1,3
1782,488,1,3
1782,489,1,3
1782,490,1,3
1782,491,1,3
1782,492,1,3
1782,493,1,3
1782,494,1,3
1782,495,1,3
1782,496,1,3
1782,497,1,3
1782,498,1,3
1782,499,1,3
1782,500,1,3
1782,501,1,3
1782,502,1,3
1782,503,1,3
1782,504,1,3
1782,505,1,3
1782,506,1,3
1782,507,1,3
1782,508,1,3
1782,509,1,3
1782,510,1,3
1782,511,1,3
1782,512,1,3
1782,513,1,3
1782,514,1,3
1782,515,1,3
1782,516,1,3
1782,517,1,3
1782,518,1,3
1782,519,1,3
1782,520,1,3
1782,521,1,3
1782,522,1,3
1782,523,1,3
1782,524,1,3
1782,525,1,3
1782,526,1,3
1782,527,1,3
1782,528,1,2
1782,529,1,2
1782,530,1,2
1782,531,1,2
1782,532,1,2
1782,533,1,2
1782,534,1,2
1782,535,1,2
1782,536,1,2
1782,537,1,2
1782,538,1,2
1782,539,1,2
1782,540,1,2
1782,541,1,2
1782,542,1,2
1782,543,1,2
1782,544,1,2
1782,545,1,2
1782,546,1,2
1782,547,1,2
1782,548,1,2
1782,549,1,2
1782,550,1,2
1782,551,1,2
1782,552,1,2
1782,553,1,2
1782,554,1,2
1782,555,1,2
1782,556,1,2
1782,557,1,2
1782,558,1,2
1782,559,1,3
1782,560,1,3
1782,561,1,3
1782,562,1,3
1782,563,1,3
1782,564,1,3
1782,565,1,3
1782,566,1,3
1782,567,1,3
1782,568,1,3
1782,569,1,3
1782,570,1,3
1782,571,1,3
1782,572,1,3
1782,573,1,3
1782,574,1,3
1782,575,1,3
1782,576,1,3
1782,577,1,3
1782,578,1,3
1782,579,1,3
1782,580,1,3
1782,581,1,3
1782,582,1,3
1782,583,1,3
1782,584,1,3
1782,585,1,3
1782,586,1,3
1782,587,1,3
1782,588,1,3
1782,589,1,3
1782,590,1,3
1782,591,1,3
1782,592,1,3
1782,593,1,3
1782,594,1,3
1782,595,1,3
1782,596,1,3
1782,597,1,3
1782,598,1,3
1782,599,1,3
1782,600,1,3
1782,601,1,3
1782,602,1,3
1782,603,1,3
1782,604,1,3
1782,605,1,3
1782,606,1,3
1782,607,1,3
1782,608,1,3
1782,609,1,3
1782,610,1,3
1782,611,1,3
1782,612,1,3
1782,613,1,3
1782,614,1,3
1782,615,1,3
1782,616,1,3
1782,617,1,3
1782,618,1,3
1782,619,1,2
1782,620,1,2
1782,621,1,2
1782,622,1,2
1782,623,1,2
1782,624,1,2
1782,625,1,2
1782,626,1,2
1782,627,1,2
1782,628,1,2
1782,629,1,2
1782,630,1,2
1782,631,1,2
1782,632,1,2
1782,633,1,2
1782,634,1,2
1782,635,1,2
1782,636,1,2
1782,637,1,2
1782,638,1,2
1782,639,1,2
1782,640,1,2
1782,641,1,2
1782,642,1,2
1782,643,1,2
1782,644,1,2
1782,645,1,2
1782,646,1,2
1783,149,1,2
1783,150,1,2
1783,151,1,2
1783,152,1,2
1783,153,1,2
1783,154,1,2
1783,155,1,2
1783,156,1,2
1783,157,1,2
1783,158,1,2
1783,159,1,2
1783,160,1,2
1783,161,1,2
1783,162,1,2
1783,163,1,2
1783,164,1,2
1783,165,1,2
1783,166,1,2
1783,167,1,2
1783,168,1,2
1783,169,1,2
1783,170,1,3
1783,171,1,3
1783,172,1,3
1783,173,1,3
1783,174,1,3
1783,175,1,3
1783,176,1,3
1783,177,1,3
1783,178,1,3
1783,179,1,3
1783,180,1,3
1783,181,1,3
1783,182,1,3
1783,183,1,2
1783,184,1,2
1783,185,1,2
1783,186,1,2
1783,187,1,2
1783,188,1,2
1783,189,1,2
1783,190,1,2
1783,191,1,2
1783,192,1,2
1783,193,1,2
1783,194,1,2
1783,195,1,2
1783,196,1,2
1783,197,1,2
1783,198,1,2
1783,199,1,2
1783,200,1,2
1783,201,1,2
1783,202,1,2
1783,203,1,2
1783,204,1,2
1783,205,1,2
1783,206,1,2
1783,207,1,2
1783,208,1,2
1783,209,1,2
1783,210,1,2
1783,211,1,2
1783,212,1,2
1783,213,1,2
1783,214,1,2
1783,215,1,2
1783,216,1,2
1783,217,1,2
1783,218,1,2
1783,219,1,2
1783,220,1,2
1783,221,1,2
1783,222,1,2
1783,223,1,2
1783,224,1,2
1783,225,1,2
1783,226,1,2
1783,227,1,2
1783,228,1,2
1783,229,1,2
1783,230,1,2
1783,231,1,2
1783,232,1,2
1783,233,1,2
1783,234,1,2
1783,235,1,2
1783,236,1,2
1783,237,1,2
1783,238,1,2
1783,239,1,2
1783,240,1,2
1783,241,1,2
1783,242,1,2
1783,243,1,2
1783,244,1,2
1783,245,1,2
1783,246,1,2
1783,247,1,2
1783,248,1,2
1783,249,1,2
1783,250,1,2
1783,251,1,2
1783,252,1,2
1783,253,1,2
1783,254,1,2
1783,255,1,2
1783,256,1,2
1783,257,1,2
1783,258,1,2
1783,259,1,2
1783,260,1,2
1783,261,1,2
1783,262,1,2
1783,263,1,2
1783,264,1,2
1783,265,1,2
1783,266,1,2
1783,267,1,2
1783,268,1,2
1783,269,1,2
1783,270,1,2
1783,271,1,2
1783,272,1,2
1783,273,1,2
1783,274,1,2
1783,275,1,2
1783,276,1,2
1783,277,1,2
1783,278,1,2
1783,279,1,2
1783,280,1,2
1783,281,1,2
1783,282,1,2
1783,283,1,2
1783,284,1,2
1783,285,1,2
1783,286,1,2
1783,287,1,2
1783,288,1,2
1783,289,1,2
1783,290,1,2
1783,291,1,2
1783,292,1,2
1783,293,1,2
1783,294,1,2
1783,295,1,2
1783,296,1,2
1783,297,1,2
1783,298,1,2
1783,299,1,2
1783,300,1,2
1783,301,1,2
1783,302,1,2
1783,303,1,2
1783,304,1,2
1783,305,1,2
1783,306,1,2
1783,307,1,2
1783,308,1,2
1783,309,1,2
1783,310,1,2
1783,311,1,2
1783,312,1,2
1783,313,1,2
1783,314,1,2
1783,315,1,2
1783,316,1,2
1783,317,1,2
1783,318,1,2
1783,319,1,2
1783,320,1,2
1783,321,1,2
1783,322,1,2
1783,323,1,2
1783,324,1,2
1783,325,1,2
1783,326,1,2
1783,327,1,2
1783,328,1,2
1783,329,1,2
1783,330,1,2
1783,331,1,2
1783,332,1,2
1783,333,1,2
1783,334,1,2
1783,335,1,2
1783,336,1,2
1783,337,1,2
1783,338,1,2
1783,339,1,2
1783,340,1,2
1783,341,1,2
1783,342,1,2
1783,343,1,2
1783,344,1,2
1783,345,1,2
1783,346,1,2
1783,347,1,2
1783,348,1,2
1783,349,1,2
1783,350,1,2
1783,351,1,2
1783,352,1,2
1783,353,1,2
1783,354,1,2
1783,355,1,2
1783,356,1,2
1783,357,1,2
1783,358,1,2
1783,359,1,2
1783,360,1,2
1783,361,1,2
1783,362,1,2
1783,363,1,2
1783,364,1,2
1783,365,1,2
1783,366,1,2
1783,367,1,2
1783,368,1,2
1783,369,1,2
1783,370,1,2
1783,371,1,2
1783,372,1,2
1783,373,1,2
1783,374,1,2
1783,375,1,2
1783,376,1,2
1783,377,1,2
1783,378,1,2
1783,379,1,2
1783,380,1,2
1783,381,1,2
1783,382,1,2
1783,383,1,2
1783,384,1,2
1783,385,1,2
1783,386,1,2
1783,387,1,2
1783,388,1,2
1783,389,1,2
1783,390,1,2
1783,391,1,2
1783,392,1,2
1783,393,1,2
1783,394,1,2
1783,395,1,2
1783,396,1,2
1783,397,1,2
1783,398,1,2
1783,399,1,2
1783,400,1,2
1783,401,1,2
1783,402,1,2
1783,403,1,2
1783,404,1,2
1783,405,1,2
1783,406,1,2
1783,407,1,2
1783,408,1,2
1783,409,1,2
1783,410,1,2
1783,411,1,2
1783,412,1,2
1783,413,1,2
1783,414,1,2
1783,415,1,2
1783,416,1,2
1783,417,1,2
1783,418,1,2
1783,419,1,2
1783,420,1,2
1783,421,1,2
1783,422,1,2
1783,423,1,2
1783,424,1,2
1783,425,1,2
1783,426,1,2
1783,427,1,2
1783,428,1,2
1783,429,1,2
1783,430,1,2
1783,431,1,2
1783,432,1,2
1783,433,1,2
1783,434,1,2
1783,435,1,2
1783,436,1,2
1783,437,1,2
1783,438,1,2
1783,439,1,2
1783,440,1,2
1783,441,1,2
1783,442,1,2
1783,443,1,2
1783,444,1,2
1783,445,1,2
1783,446,1,2
1783,447,1,2
1783,448,1,2
1783,449,1,2
1783,450,1,2
1783,451,1,2
1783,452,1,2
1783,453,1,2
1783,454,1,2
1783,455,1,2
1783,456,1,3
1783,457,1,3
1783,458,1,3
1783,459,1,3
1783,460,1,3
1783,461,1,3
1783,462,1,3
1783,463,1,3
1783,464,1,3
1783,465,1,3
1783,466,1,3
1783,467,1,3
1783,468,1,3
1783,469,1,3
1783,470,1,3
1783,471,1,3
1783,472,1,3
1783,473,1,3
1783,474,1,3
1783,475,1,3
1783,476,1,3
1783,477,1,3
1783,478,1,3
1783,479,1,3
1783,480,1,3
1783,481,1,3
1783,482,1,3
1783,483,1,3
1783,484,1,3
1783,485,1,3
1783,486,1,3
1783,487,1,3
1783,488,1,3
1783,489,1,3
1783,490,1,3
1783,491,1,3
1783,492,1,3
1783,493,1,3
1783,494,1,3
1783,495,1,3
1783,496,1,3
1783,497,1,3
1783,498,1,3
1783,499,1,3
1783,500,1,3
1783,501,1,3
1783,502,1,3
1783,503,1,3
1783,504,1,3
1783,505,1,3
1783,506,1,3
1783,507,1,3
1783,508,1,3
1783,509,1,3
1783,510,1,3
1783,511,1,3
1783,512,1,3
1783,513,1,3
1783,514,1,3
1783,515,1,3
1783,516,1,3
1783,517,1,3
1783,518,1,3
1783,519,1,3
1783,520,1,3
1783,521,1,3
1783,522,1,3
1783,523,1,3
1783,524,1,3
1783,525,1,3
1783,526,1,3
1783,527,1,3
1783,528,1,2
1783,529,1,2
1783,530,1,2
1783,531,1,2
1783,532,1,2
1783,533,1,2
1783,534,1,2
1783,535,1,2
1783,536,1,2
1783,537,1,2
1783,538,1,2
1783,539,1,2
1783,540,1,2
1783,541,1,2
1783,542,1,2
1783,543,1,2
1783,544,1,2
1783,545,1,2
1783,546,1,2
1783,547,1,2
1783,548,1,2
1783,549,1,2
1783,550,1,2
1783,551,1,2
1783,552,1,2
1783,553,1,2
1783,554,1,2
1783,555,1,2
1783,556,1,2
1783,557,1,2
1783,558,1,2
1783,559,1,3
1783,560,1,3
1783,561,1,3
1783,562,1,3
1783,563,1,3
1783,564,1,3
1783,565,1,3
1783,566,1,3
1783,567,1,3
1783,568,1,3
1783,569,1,3
1783,570,1,3
1783,571,1,3
1783,572,1,3
1783,573,1,3
1783,574,1,3
1783,575,1,3
1783,576,1,3
1783,577,1,3
1783,578,1,3
1783,579,1,3
1783,580,1,3
1783,581,1,3
1783,582,1,3
1783,583,1,3
1783,584,1,3
1783,585,1,3
1783,586,1,3
1783,587,1,3
1783,588,1,3
1783,589,1,3
1783,590,1,3
1783,591,1,3
1783,592,1,3
1783,593,1,3
1783,594,1,3
1783,595,1,3
1783,596,1,3
1783,597,1,3
1783,598,1,3
1783,599,1,3
1783,600,1,3
1783,601,1,3
1783,602,1,3
1783,603,1,3
1783,604,1,3
1783,605,1,3
1783,606,1,3
1783,607,1,3
1783,608,1,3
1783,609,1,3
1783,610,1,3
1783,611,1,3
1783,612,1,3
1783,613,1,3
1783,614,1,3
1783,615,1,3
1783,616,1,3
1783,617,1,3
1783,618,1,3
1783,619,1,2
1783,620,1,2
1783,621,1,2
1783,622,1,2
1783,623,1,2
1783,624,1,2
1783,625,1,2
1783,626,1,2
1783,627,1,2
1783,628,1,2
1783,629,1,2
1783,630,1,2
1783,631,1,2
1783,632,1,2
1783,633,1,2
1783,634,1,2
1783,635,1,2
1783,636,1,2
1783,637,1,2
1783,638,1,2
1783,639,1,2
1783,640,1,2
1783,641,1,2
1783,642,1,2
1783,643,1,2
1783,644,1,2
1783,645,1,2
1784,148,1,2
1784,149,1,2
1784,150,1,2
1784,151,1,2
1784,152,1,2
1784,153,1,2
1784,154,1,2
1784,155,1,2
1784,156,1,2
1784,157,1,2
1784,158,1,2
1784,159,1,2
1784,160,1,2
1784,161,1,2
1784,162,1,2
1784,163,1,2
1784,164,1,2
1784,165,1,2
1784,166,1,2
1784,167,1,2
1784,168,1,2
1784,169,1,3
1784,170,1,3
1784,171,1,3
1784,172,1,3
1784,173,1,3
1784,174,1,3
1784,175,1,3
1784,176,1,3
1784,177,1,3
1784,178,1,3
1784,179,1,3
1784,180,1,3
1784,181,1,3
1784,182,1,2
1784,183,1,2
1784,184,1,2
1784,185,1,2
1784,186,1,2
1784,187,1,2
1784,188,1,2
1784,189,1,2
1784,190,1,2
1784,191,1,2
1784,192,1,2
1784,193,1,2
1784,194,1,2
1784,195,1,2
1784,196,1,2
1784,197,1,2
1784,198,1,2
1784,199,1,2
1784,200,1,2
1784,201,1,2
1784,202,1,2
1784,203,1,2
1784,204,1,2
1784,205,1,2
1784,206,1,2
1784,207,1,2
1784,208,1,2
1784,209,1,2
1784,210,1,2
1784,211,1,2
1784,212,1,2
1784,213,1,2
1784,214,1,2
1784,215,1,2
1784,216,1,2
1784,217,1,2
1784,218,1,2
1784,219,1,2
1784,220,1,2
1784,221,1,2
1784,222,1,2
1784,223,1,2
1784,224,1,2
1784,225,1,2
1784,226,1,2
1784,227,1,2
1784,228,1,2
1784,229,1,2
1784,230,1,2
1784,231,1,2
1784,232,1,2
1784,233,1,2
1784,234,1,2
1784,235,1,2
1784,236,1,2
1784,237,1,2
1784,238,1,2
1784,239,1,2
1784,240,1,2
1784,241,1,2
1784,242,1,2
1784,243,1,2
1784,244,1,2
1784,245,1,2
1784,246,1,2
1784,247,1,2
1784,248,1,2
1784,249,1,2
1784,250,1,2
1784,251,1,2
1784,252,1,2
1784,253,1,2
1784,254,1,2
1784,255,1,2
1784,256,1,2
1784,257,1,2
1784,258,1,2
1784,259,1,2
1784,260,1,2
1784,261,1,2
1784,262,1,2
1784,263,1,2
1784,264,1,2
1784,265,1,2
1784,266,1,2
1784,267,1,2
1784,268,1,2
1784,269,1,2
1784,270,1,2
1784,271,1,2
1784,272,1,2
1784,273,1,2
1784,274,1,2
1784,275,1,2
1784,276,1,2
1784,277,1,2
1784,278,1,2
1784,279,1,2
1784,280,1,2
1784,281,1,2
1784,282,1,2
1784,283,1,2
1784,284,1,2
1784,285,1,2
1784,286,1,2
1784,287,1,2
1784,288,1,2
1784,289,1,2
1784,290,1,2
1784,291,1,2
1784,292,1,2
1784,293,1,2
1784,294,1,2
1784,295,1,2
1784,296,1,2
1784,297,1,2
1784,298,1,2
1784,299,1,2
1784,300,1,2
1784,301,1,2
1784,302,1,2
1784,303,1,2
1784,304,1,2
1784,305,1,2
1784,306,1,2
1784,307,1,2
1784,308,1,2
1784,309,1,2
1784,310,1,2
1784,311,1,2
1784,312,1,2
1784,313,1,2
1784,314,1,2
1784,315,1,2
1784,316,1,2
1784,317,1,2
1784,318,1,2
1784,319,1,2
1784,320,1,2
1784,321,1,2
1784,322,1,2
1784,323,1,2
1784,324,1,2
1784,325,1,2
1784,326,1,2
1784,327,1,2
1784,328,1,2
1784,329,1,2
1784,330,1,2
1784,331,1,2
1784,332,1,2
1784,333,1,2
1784,334,1,2
1784,335,1,2
1784,336,1,2
1784,337,1,2
1784,338,1,2
1784,339,1,2
1784,340,1,2
1784,341,1,2
1784,342,1,2
1784,343,1,2
1784,344,1,2
1784,345,1,2
1784,346,1,2
1784,347,1,2
1784,348,1,2
1784,349,1,2
1784,350,1,2
1784,351,1,2
1784,352,1,2
1784,353,1,2
1784,354,1,2
1784,355,1,2
1784,356,1,2
1784,357,1,2
1784,358,1,2
1784,359,1,2
1784,360,1,2
1784,361,1,2
1784,362,1,2
1784,363,1,2
1784,364,1,2
1784,365,1,2
1784,366,1,2
1784,367,1,2
1784,368,1,2
1784,369,1,2
1784,370,1,2
1784,371,1,2
1784,372,1,2
1784,373,1,2
1784,374,1,2
1784,375,1,2
1784,376,1,2
1784,377,1,2
1784,378,1,2
1784,379,1,2
1784,380,1,2
1784,381,1,2
1784,382,1,2
1784,383,1,2
1784,384,1,2
1784,385,1,2
1784,386,1,2
1784,387,1,2
1784,388,1,2
1784,389,1,2
1784,390,1,2
1784,391,1,2
1784,392,1,2
1784,393,1,2
1784,394,1,2
1784,395,1,2
1784,396,1,2
1784,397,1,2
1784,398,1,2
1784,399,1,2
1784,400,1,2
1784,401,1,2
1784,402,1,2
1784,403,1,2
1784,404,1,2
1784,405,1,2
1784,406,1,2
1784,407,1,2
1784,408,1,2
1784,409,1,2
1784,410,1,2
1784,411,1,2
1784,412,1,2
1784,413,1,2
1784,414,1,2
1784,415,1,2
1784,416,1,2
1784,417,1,2
1784,418,1,2
1784,419,1,2
1784,420,1,2
1784,421,1,2
1784,422,1,2
1784,423,1,2
1784,424,1,2
1784,425,1,2
1784,426,1,2
1784,427,1,2
1784,428,1,2
1784,429,1,2
1784,430,1,2
1784,431,1,2
1784,432,1,2
1784,433,1,2
1784,434,1,2
1784,435,1,2
1784,436,1,2
1784,437,1,2
1784,438,1,2
1784,439,1,2
1784,440,1,2
1784,441,1,2
1784,442,1,2
1784,443,1,2
1784,444,1,2
1784,445,1,2
1784,446,1,2
1784,447,1,2
1784,448,1,2
1784,449,1,2
1784,450,1,2
1784,451,1,2
1784,452,1,2
1784,453,1,2
1784,454,1,2
1784,455,1,2
1784,456,1,3
1784,457,1,3
1784,458,1,3
1784,459,1,3
1784,460,1,3
1784,461,1,3
1784,462,1,3
1784,463,1,3
1784,464,1,3
1784,465,1,3
1784,466,1,3
1784,467,1,3
1784,468,1,3
1784,469,1,3
1784,470,1,3
1784,471,1,3
1784,472,1,3
1784,473,1,3
1784,474,1,3
1784,475,1,3
1784,476,1,3
1784,477,1,3
1784,478,1,3
1784,479,1,3
1784,480,1,3
1784,481,1,3
1784,482,1,3
1784,483,1,3
1784,484,1,3
1784,485,1,3
1784,486,1,3
1784,487,1,3
1784,488,1,3
1784,489,1,3
1784,490,1,3
1784,491,1,3
1784,492,1,3
1784,493,1,3
1784,494,1,3
1784,495,1,3
1784,496,1,3
1784,497,1,3
1784,498,1,3
1784,499,1,3
1784,500,1,3
1784,501,1,3
1784,502,1,3
1784,503,1,3
1784,504,1,3
1784,505,1,3
1784,506,1,3
1784,507,1,3
1784,508,1,3
1784,509,1,3
1784,510,1,3
1784,511,1,3
1784,512,1,3
1784,513,1,3
1784,514,1,3
1784,515,1,3
1784,516,1,3
1784,517,1,3
1784,518,1,3
1784,519,1,3
1784,520,1,3
1784,521,1,3
1784,522,1,3
1784,523,1,3
1784,524,1,3
1784,525,1,3
1784,526,1,3
1784,527,1,3
1784,528,1,3
1784,529,1,2
1784,530,1,2
1784,531,1,2
1784,532,1,2
1784,533,1,2
1784,534,1,2
1784,535,1,2
1784,536,1,2
1784,537,1,2
1784,538,1,2
1784,539,1,2
1784,540,1,2
1784,541,1,2
1784,542,1,2
1784,543,1,2
1784,544,1,2
1784,545,1,2
1784,546,1,2
1784,547,1,2
1784,548,1,2
1784,549,1,2
1784,550,1,2
1784,551,1,2
1784,552,1,2
1784,553,1,2
1784,554,1,2
1784,555,1,2
1784,556,1,2
1784,557,1,2
1784,558,1,2
1784,559,1,3
1784,560,1,3
1784,561,1,3
1784,562,1,3
1784,563,1,3
1784,564,1,3
1784,565,1,3
1784,566,1,3
1784,567,1,3
1784,568,1,3
1784,569,1,3
1784,570,1,3
1784,571,1,3
1784,572,1,3
1784,573,1,3
1784,574,1,3
1784,575,1,3
1784,576,1,3
1784,577,1,3
1784,578,1,3
1784,579,1,3
1784,580,1,3
1784,581,1,3
1784,582,1,3
1784,583,1,3
1784,584,1,3
1784,585,1,3
1784,586,1,3
1784,587,1,3
1784,588,1,3
1784,589,1,3
1784,590,1,3
1784,591,1,3
1784,592,1,3
1784,593,1,3
1784,594,1,3
1784,595,1,3
1784,596,1,3
1784,597,1,3
1784,598,1,3
1784,599,1,3
1784,600,1,3
1784,601,1,3
1784,602,1,3
1784,603,1,3
1784,604,1,3
1784,605,1,3
1784,606,1,3
1784,607,1,3
1784,608,1,3
1784,609,1,3
1784,610,1,3
1784,611,1,3
1784,612,1,3
1784,613,1,3
1784,614,1,3
1784,615,1,3
1784,616,1,3
1784,617,1,3
1784,618,1,3
1784,619,1,2
1784,620,1,2
1784,621,1,2
1784,622,1,2
1784,623,1,2
1784,624,1,2
1784,625,1,2
1784,626,1,2
1784,627,1,2
1784,628,1,2
1784,629,1,2
1784,630,1,2
1784,631,1,2
1784,632,1,2
1784,633,1,2
1784,634,1,2
1784,635,1,2
1784,636,1,2
1784,637,1,2
1784,638,1,2
1784,639,1,2
1784,640,1,2
1784,641,1,2
1784,642,1,2
1784,643,1,2
1784,644,1,2
1784,645,1,2
1784,646,1,2
1785,146,1,2
1785,147,1,2
1785,148,1,2
1785,149,1,2
1785,150,1,2
1785,151,1,2
1785,152,1,2
1785,153,1,2
1785,154,1,2
1785,155,1,2
1785,156,1,2
1785,157,1,2
1785,158,1,2
1785,159,1,2
1785,160,1,2
1785,161,1,2
1785,162,1,2
1785,163,1,2
1785,164,1,2
1785,165,1,2
1785,166,1,2
1785,167,1,2
1785,168,1,2
1785,169,1,3
1785,170,1,3
1785,171,1,3
1785,172,1,3
1785,173,1,3
1785,174,1,3
1785,175,1,3
1785,176,1,3
1785,177,1,3
1785,178,1,3
1785,179,1,3
1785,180,1,3
1785,181,1,2
1785,182,1,2
1785,183,1,2
1785,184,1,2
1785,185,1,2
1785,186,1,2
1785,187,1,2
1785,188,1,2
1785,189,1,2
1785,190,1,2
1785,191,1,2
1785,192,1,2
1785,193,1,2
1785,194,1,2
1785,195,1,2
1785,196,1,2
1785,197,1,2
1785,198,1,2
1785,199,1,2
1785,200,1,2
1785,201,1,2
1785,202,1,2
1785,203,1,2
1785,204,1,2
1785,205,1,2
1785,206,1,2
1785,207,1,2
1785,208,1,2
1785,209,1,2
1785,210,1,2
1785,211,1,2
1785,212,1,2
1785,213,1,2
1785,214,1,2
1785,215,1,2
1785,216,1,2
1785,217,1,2
1785,218,1,2
1785,219,1,2
1785,220,1,2
1785,221,1,2
1785,222,1,2
1785,223,1,2
1785,224,1,2
1785,225,1,2
1785,226,1,2
1785,227,1,2
1785,228,1,2
1785,229,1,2
1785,230,1,2
1785,231,1,2
1785,232,1,2
1785,233,1,2
1785,234,1,2
1785,235,1,2
1785,236,1,2
1785,237,1,2
1785,238,1,2
1785,239,1,2
1785,240,1,2
1785,241,1,2
1785,242,1,2
1785,243,1,2
1785,244,1,2
1785,245,1,2
1785,246,1,2
1785,247,1,2
1785,248,1,2
1785,249,1,2
1785,250,1,2
1785,251,1,2
1785,252,1,2
1785,253,1,2
1785,254,1,2
1785,255,1,2
1785,256,1,2
1785,257,1,2
1785,258,1,2
1785,259,1,2
1785,260,1,2
1785,261,1,2
1785,262,1,2
1785,263,1,2
1785,264,1,2
1785,265,1,2
1785,266,1,2
1785,267,1,2
1785,268,1,2
1785,269,1,2
1785,270,1,2
1785,271,1,2
1785,272,1,2
1785,273,1,2
1785,274,1,2
1785,275,1,2
1785,276,1,2
1785,277,1,2
1785,278,1,2
1785,279,1,2
1785,280,1,2
1785,281,1,2
1785,282,1,2
1785,283,1,2
1785,284,1,2
1785,285,1,2
1785,286,1,2
1785,287,1,2
1785,288,1,2
1785,289,1,2
1785,290,1,2
1785,291,1,2
1785,292,1,2
1785,293,1,2
1785,294,1,2
1785,295,1,2
1785,296,1,2
1785,297,1,2
1785,298,1,2
1785,299,1,2
1785,300,1,2
1785,301,1,2
1785,302,1,2
1785,303,1,2
1785,304,1,2
1785,305,1,2
1785,306,1,2
1785,307,1,2
1785,308,1,2
1785,309,1,2
1785,310,1,2
1785,311,1,2
1785,312,1,2
1785,313,1,2
1785,314,1,2
1785,315,1,2
1785,316,1,2
1785,317,1,2
1785,318,1,2
1785,319,1,2
1785,320,1,2
1785,321,1,2
1785,322,1,2
1785,323,1,2
1785,324,1,2
1785,325,1,2
1785,326,1,2
1785,327,1,2
1785,328,1,2
1785,329,1,2
1785,330,1,2
1785,331,1,2
1785,332,1,2
1785,333,1,2
1785,334,1,2
1785,335,1,2
1785,336,1,2
1785,337,1,2
1785,338,1,2
1785,339,1,2
1785,340,1,2
1785,341,1,2
1785,342,1,2
1785,343,1,2
1785,344,1,2
1785,345,1,2
1785,346,1,2
1785,347,1,2
1785,348,1,2
1785,349,1,2
1785,350,1,2
1785,351,1,2
1785,352,1,2
1785,353,1,2
1785,354,1,2
1785,355,1,2
1785,356,1,2
1785,357,1,2
1785,358,1,2
1785,359,1,2
1785,360,1,2
1785,361,1,2
1785,362,1,2
1785,363,1,2
1785,364,1,2
1785,365,1,2
1785,366,1,2
1785,367,1,2
1785,368,1,2
1785,369,1,2
1785,370,1,2
1785,371,1,2
1785,372,1,2
1785,373,1,2
1785,374,1,2
1785,375,1,2
1785,376,1,2
1785,377,1,2
1785,378,1,2
1785,379,1,2
1785,380,1,2
1785,381,1,2
1785,382,1,2
1785,383,1,2
1785,384,1,2
1785,385,1,2
1785,386,1,2
1785,387,1,2
1785,388,1,2
1785,389,1,2
1785,390,1,2
1785,391,1,2
1785,392,1,2
1785,393,1,2
1785,394,1,2
1785,395,1,2
1785,396,1,2
1785,397,1,2
1785,398,1,2
1785,399,1,2
1785,400,1,2
1785,401,1,2
1785,402,1,2
1785,403,1,2
1785,404,1,2
1785,405,1,2
1785,406,1,2
1785,407,1,2
1785,408,1,2
1785,409,1,2
1785,410,1,2
1785,411,1,2
1785,412,1,2
1785,413,1,2
1785,414,1,2
1785,415,1,2
1785,416,1,2
1785,417,1,2
1785,418,1,2
1785,419,1,2
1785,420,1,2
1785,421,1,2
1785,422,1,2
1785,423,1,2
1785,424,1,2
1785,425,1,2
1785,426,1,2
1785,427,1,2
1785,428,1,2
1785,429,1,2
1785,430,1,2
1785,431,1,2
1785,432,1,2
1785,433,1,2
1785,434,1,2
1785,435,1,2
1785,436,1,2
1785,437,1,2
1785,438,1,2
1785,439,1,2
1785,440,1,2
1785,441,1,2
1785,442,1,2
1785,443,1,2
1785,444,1,2
1785,445,1,2
1785,446,1,2
1785,447,1,2
1785,448,1,2
1785,449,1,2
1785,450,1,2
1785,451,1,2
1785,452,1,2
1785,453,1,2
1785,454,1,2
1785,455,1,2
1785,456,1,3
1785,457,1,3
1785,458,1,3
1785,459,1,3
1785,460,1,3
1785,461,1,3
1785,462,1,3
1785,463,1,3
1785,464,1,3
1785,465,1,3
1785,466,1,3
1785,467,1,3
1785,468,1,3
1785,469,1,3
1785,470,1,3
1785,471,1,3
1785,472,1,3
1785,473,1,3
1785,474,1,3
1785,475,1,3
1785,476,1,3
1785,477,1,3
1785,478,1,3
1785,479,1,3
1785,480,1,3
1785,481,1,3
1785,482,1,3
1785,483,1,3
1785,484,1,3
1785,485,1,3
1785,486,1,3
1785,487,1,3
1785,488,1,3
1785,489,1,3
1785,490,1,3
1785,491,1,3
1785,492,1,3
1785,493,1,3
1785,494,1,3
1785,495,1,3
1785,496,1,3
1785,497,1,3
1785,498,1,3
1785,499,1,3
1785,500,1,3
1785,501,1,3
1785,502,1,3
1785,503,1,3
1785,504,1,3
1785,505,1,3
1785,506,1,3
1785,507,1,3
1785,508,1,3
1785,509,1,3
1785,510,1,3
1785,511,1,3
1785,512,1,3
1785,513,1,3
1785,514,1,3
1785,515,1,3
1785,516,1,3
1785,517,1,3
1785,518,1,3
1785,519,1,3
1785,520,1,3
1785,521,1,3
1785,522,1,3
1785,523,1,3
1785,524,1,3
1785,525,1,3
1785,526,1,3
1785,527,1,3
1785,528,1,3
1785,529,1,2
1785,530,1,2
1785,531,1,2
1785,532,1,2
1785,533,1,2
1785,534,1,2
1785,535,1,2
1785,536,1,2
1785,537,1,2
1785,538,1,2
1785,539,1,2
1785,540,1,2
1785,541,1,2
1785,542,1,2
1785,543,1,2
1785,544,1,2
1785,545,1,2
1785,546,1,2
1785,547,1,2
1785,548,1,2
1785,549,1,2
1785,550,1,2
1785,551,1,2
1785,552,1,2
1785,553,1,2
1785,554,1,2
1785,555,1,2
1785,556,1,2
1785,557,1,2
1785,558,1,2
1785,559,1,3
1785,560,1,3
1785,561,1,3
1785,562,1,3
1785,563,1,3
1785,564,1,3
1785,565,1,3
1785,566,1,3
1785,567,1,3
1785,568,1,3
1785,569,1,3
1785,570,1,3
1785,571,1,3
1785,572,1,3
1785,573,1,3
1785,574,1,3
1785,575,1,3
1785,576,1,3
1785,577,1,3
1785,578,1,3
1785,579,1,3
1785,580,1,3
1785,581,1,3
1785,582,1,3
1785,583,1,3
1785,584,1,3
1785,585,1,3
1785,586,1,3
1785,587,1,3
1785,588,1,3
1785,589,1,3
1785,590,1,3
1785,591,1,3
1785,592,1,3
1785,593,1,3
1785,594,1,3
1785,595,1,3
1785,596,1,3
1785,597,1,3
1785,598,1,3
1785,599,1,3
1785,600,1,3
1785,601,1,3
1785,602,1,3
1785,603,1,3
1785,604,1,3
1785,605,1,3
1785,606,1,3
1785,607,1,3
1785,608,1,3
1785,609,1,3
1785,610,1,3
1785,611,1,3
1785,612,1,3
1785,613,1,3
1785,614,1,3
1785,615,1,3
1785,616,1,3
1785,617,1,3
1785,618,1,3
1785,619,1,2
1785,620,1,2
1785,621,1,2
1785,622,1,2
1785,623,1,2
1785,624,1,2
1785,625,1,2
1785,626,1,2
1785,627,1,2
1785,628,1,2
1785,629,1,2
1785,630,1,2
1785,631,1,2
1785,632,1,2
1785,633,1,2
1785,634,1,2
1785,635,1,2
1785,636,1,2
1785,637,1,2
1785,638,1,2
1785,639,1,2
1785,640,1,2
1785,641,1,2
1785,642,1,2
1785,643,1,2
1785,644,1,2
1785,645,1,2
1785,646,1,2
1786,145,1,2
1786,146,1,2
1786,147,1,2
1786,148,1,2
1786,149,1,2
1786,150,1,2
1786,151,1,2
1786,152,1,2
1786,153,1,2
1786,154,1,2
1786,155,1,2
1786,156,1,2
1786,157,1,2
1786,158,1,2
1786,159,1,2
1786,160,1,2
1786,161,1,2
1786,162,1,2
1786,163,1,2
1786,164,1,2
1786,165,1,2
1786,166,1,2
1786,167,1,2
1786,168,1,3
1786,169,1,3
1786,170,1,3
1786,171,1,3
1786,172,1,3
1786,173,1,3
1786,174,1,3
1786,175,1,3
1786,176,1,3
1786,177,1,3
1786,178,1,3
1786,179,1,3
1786,180,1,2
1786,181,1,2
1786,182,1,2
1786,183,1,2
1786,184,1,2
1786,185,1,2
1786,186,1,2
1786,187,1,2
1786,188,1,2
1786,189,1,2
1786,190,1,2
1786,191,1,2
1786,192,1,2
1786,193,1,2
1786,194,1,2
1786,195,1,2
1786,196,1,2
1786,197,1,2
1786,198,1,2
1786,199,1,2
1786,200,1,2
1786,201,1,2
1786,202,1,2
1786,203,1,2
1786,204,1,2
1786,205,1,2
1786,206,1,2
1786,207,1,2
1786,208,1,2
1786,209,1,2
1786,210,1,2
1786,211,1,2
1786,212,1,2
1786,213,1,2
1786,214,1,2
1786,215,1,2
1786,216,1,2
1786,217,1,2
1786,218,1,2
1786,219,1,2
1786,220,1,2
1786,221,1,2
1786,222,1,2
1786,223,1,2
1786,224,1,2
1786,225,1,2
1786,226,1,2
1786,227,1,2
1786,228,1,2
1786,229,1,2
1786,230,1,2
1786,231,1,2
1786,232,1,2
1786,233,1,2
1786,234,1,2
1786,235,1,2
1786,236,1,2
1786,237,1,2
1786,238,1,2
1786,239,1,2
1786,240,1,2
1786,241,1,2
1786,242,1,2
1786,243,1,2
1786,244,1,2
1786,245,1,2
1786,246,1,2
1786,247,1,2
1786,248,1,2
1786,249,1,2
1786,250,1,2
1786,251,1,2
1786,252,1,2
1786,253,1,2
1786,254,1,2
1786,255,1,2
1786,256,1,2
1786,257,1,2
1786,258,1,2
1786,259,1,2
1786,260,1,2
1786,261,1,2
1786,262,1,2
1786,263,1,2
1786,264,1,2
1786,265,1,2
1786,266,1,2
1786,267,1,2
1786,268,1,2
1786,269,1,2
1786,270,1,2
1786,271,1,2
1786,272,1,2
1786,273,1,2
1786,274,1,2
1786,275,1,2
1786,276,1,2
1786,277,1,2
1786,278,1,2
1786,279,1,2
1786,280,1,2
1786,281,1,2
1786,282,1,2
1786,283,1,2
1786,284,1,2
1786,285,1,2
1786,286,1,2
1786,287,1,2
1786,288,1,2
1786,289,1,2
1786,290,1,2
1786,291,1,2
1786,292,1,2
1786,293,1,2
1786,294,1,2
1786,295,1,2
1786,296,1,2
1786,297,1,2
1786,298,1,2
1786,299,1,2
1786,300,1,2
1786,301,1,2
1786,302,1,2
1786,303,1,2
1786,304,1,2
1786,305,1,2
1786,306,1,2
1786,307,1,2
1786,308,1,2
1786,309,1,2
1786,310,1,2
1786,311,1,2
1786,312,1,2
1786,313,1,2
1786,314,1,2
1786,315,1,2
1786,316,1,2
1786,317,1,2
1786,318,1,2
1786,319,1,2
1786,320,1,2
1786,321,1,2
1786,322,1,2
1786,323,1,2
1786,324,1,2
1786,325,1,2
1786,326,1,2
1786,327,1,2
1786,328,1,2
1786,329,1,2
1786,330,1,2
1786,331,1,2
1786,332,1,2
1786,333,1,2
1786,334,1,2
1786,335,1,2
1786,336,1,2
1786,337,1,2
1786,338,1,2
1786,339,1,2
1786,340,1,2
1786,341,1,2
1786,342,1,2
1786,343,1,2
1786,344,1,2
1786,345,1,2
1786,346,1,2
1786,347,1,2
1786,348,1,2
1786,349,1,2
1786,350,1,2
1786,351,1,2
1786,352,1,2
1786,353,1,2
1786,354,1,2
1786,355,1,2
1786,356,1,2
1786,357,1,2
1786,358,1,2
1786,359,1,2
1786,360,1,2
1786,361,1,2
1786,362,1,2
1786,363,1,2
1786,364,1,2
1786,365,1,2
1786,366,1,2
1786,367,1,2
1786,368,1,2
1786,369,1,2
1786,370,1,2
1786,371,1,2
1786,372,1,2
1786,373,1,2
1786,374,1,2
1786,375,1,2
1786,376,1,2
1786,377,1,2
1786,378,1,2
1786,379,1,2
1786,380,1,2
1786,381,1,2
1786,382,1,2
1786,383,1,2
1786,384,1,2
1786,385,1,2
1786,386,1,2
1786,387,1,2
1786,388,1,2
1786,389,1,2
1786,390,1,2
1786,391,1,2
1786,392,1,2
1786,393,1,2
1786,394,1,2
1786,395,1,2
1786,396,1,2
1786,397,1,2
1786,398,1,2
1786,399,1,2
1786,400,1,2
1786,401,1,2
1786,402,1,2
1786,403,1,2
1786,404,1,2
1786,405,1,2
1786,406,1,2
1786,407,1,2
1786,408,1,2
1786,409,1,2
1786,410,1,2
1786,411,1,2
1786,412,1,2
1786,413,1,2
1786,414,1,2
1786,415,1,2
1786,416,1,2
1786,417,1,2
1786,418,1,2
1786,419,1,2
1786,420,1,2
1786,421,1,2
1786,422,1,2
1786,423,1,2
1786,424,1,2
1786,425,1,2
1786,426,1,2
1786,427,1,2
1786,428,1,2
1786,429,1,2
1786,430,1,2
1786,431,1,2
1786,432,1,2
1786,433,1,2
1786,434,1,2
1786,435,1,2
1786,436,1,2
1786,437,1,2
1786,438,1,2
1786,439,1,2
1786,440,1,2
1786,441,1,2
1786,442,1,2
1786,443,1,2
1786,444,1,2
1786,445,1,2
1786,446,1,2
1786,447,1,2
1786,448,1,2
1786,449,1,2
1786,450,1,2
1786,451,1,2
1786,452,1,2
1786,453,1,2
1786,454,1,2
1786,455,1,2
1786,456,1,3
1786,457,1,3
1786,458,1,3
1786,459,1,3
1786,460,1,3
1786,461,1,3
1786,462,1,3
1786,463,1,3
1786,464,1,3
1786,465,1,3
1786,466,1,3
1786,467,1,3
1786,468,1,3
1786,469,1,3
1786,470,1,3
1786,471,1,3
1786,472,1,3
1786,473,1,3
1786,474,1,3
1786,475,1,3
1786,476,1,3
1786,477,1,3
1786,478,1,3
1786,479,1,3
1786,480,1,3
1786,481,1,3
1786,482,1,3
1786,483,1,3
1786,484,1,3
1786,485,1,3
1786,486,1,3
1786,487,1,3
1786,488,1,3
1786,489,1,3
1786,490,1,3
1786,491,1,3
1786,492,1,3
1786,493,1,3
1786,494,1,3
1786,495,1,3
1786,496,1,3
1786,497,1,3
1786,498,1,3
1786,499,1,3
1786,500,1,3
1786,501,1,3
1786,502,1,3
1786,503,1,3
1786,504,1,3
1786,505,1,3
1786,506,1,3
1786,507,1,3
1786,508,1,3
1786,509,1,3
1786,510,1,3
1786,511,1,3
1786,512,1,3
1786,513,1,3
1786,514,1,3
1786,515,1,3
1786,516,1,3
1786,517,1,3
1786,518,1,3
1786,519,1,3
1786,520,1,3
1786,521,1,3
1786,522,1,3
1786,523,1,3
1786,524,1,3
1786,525,1,3
1786,526,1,3
1786,527,1,3
1786,528,1,3
1786,529,1,2
1786,530,1,2
1786,531,1,2
1786,532,1,2
1786,533,1,2
1786,534,1,2
1786,535,1,2
1786,536,1,2
1786,537,1,2
1786,538,1,2
1786,539,1,2
1786,540,1,2
1786,541,1,2
1786,542,1,2
1786,543,1,2
1786,544,1,2
1786,545,1,2
1786,546,1,2
1786,547,1,2
1786,548,1,2
1786,549,1,2
1786,550,1,2
1786,551,1,2
1786,552,1,2
1786,553,1,2
1786,554,1,2
1786,555,1,2
1786,556,1,2
1786,557,1,2
1786,558,1,2
1786,559,1,2
1786,560,1,3
1786,561,1,3
1786,562,1,3
1786,563,1,3
1786,564,1,3
1786,565,1,3
1786,566,1,3
1786,567,1,3
1786,568,1,3
1786,569,1,3
1786,570,1,3
1786,571,1,3
1786,572,1,3
1786,573,1,3
1786,574,1,3
1786,575,1,3
1786,576,1,3
1786,577,1,3
1786,578,1,3
1786,579,1,3
1786,580,1,3
1786,581,1,3
1786,582,1,3
1786,583,1,3
1786,584,1,3
1786,585,1,3
1786,586,1,3
1786,587,1,3
1786,588,1,3
1786,589,1,3
1786,590,1,3
1786,591,1,3
1786,592,1,3
1786,593,1,3
1786,594,1,3
1786,595,1,3
1786,596,1,3
1786,597,1,3
1786,598,1,3
1786,599,1,3
1786,600,1,3
1786,601,1,3
1786,602,1,3
1786,603,1,3
1786,604,1,3
1786,605,1,3
1786,606,1,3
1786,607,1,3
1786,608,1,3
1786,609,1,3
1786,610,1,3
1786,611,1,3
1786,612,1,3
1786,613,1,3
1786,614,1,3
1786,615,1,3
1786,616,1,3
1786,617,1,3
1786,618,1,3
1786,619,1,2
1786,620,1,2
1786,621,1,2
1786,622,1,2
1786,623,1,2
1786,624,1,2
1786,625,1,2
1786,626,1,2
1786,627,1,2
1786,628,1,2
1786,629,1,2
1786,630,1,2
1786,631,1,2
1786,632,1,2
1786,633,1,2
1786,634,1,2
1786,635,1,2
1786,636,1,2
1786,637,1,2
1786,638,1,2
1786,639,1,2
1786,640,1,2
1786,641,1,2
1786,642,1,2
1786,643,1,2
1786,644,1,2
1786,645,1,2
1786,646,1,2
1786,647,1,2
1787,144,1,2
1787,145,1,2
1787,146,1,2
1787,147,1,2
1787,148,1,2
1787,149,1,2
1787,150,1,2
1787,151,1,2
1787,152,1,2
1787,153,1,2
1787,154,1,2
1787,155,1,2
1787,156,1,2
1787,157,1,2
1787,158,1,2
1787,159,1,2
1787,160,1,2
1787,161,1,2
1787,162,1,2
1787,163,1,2
1787,164,1,2
1787,165,1,2
1787,166,1,2
1787,167,1,2
1787,168,1,3
1787,169,1,3
1787,170,1,3
1787,171,1,3
1787,172,1,3
1787,173,1,3
1787,174,1,3
1787,175,1,3
1787,176,1,3
1787,177,1,3
1787,178,1,3
1787,179,1,3
1787,180,1,2
1787,181,1,2
1787,182,1,2
1787,183,1,2
1787,184,1,2
1787,185,1,2
1787,186,1,2
1787,187,1,2
1787,188,1,2
1787,189,1,2
1787,190,1,2
1787,191,1,2
1787,192,1,2
1787,193,1,2
1787,194,1,2
1787,195,1,2
1787,196,1,2
1787,197,1,2
1787,198,1,2
1787,199,1,2
1787,200,1,2
1787,201,1,2
1787,202,1,2
1787,203,1,2
1787,204,1,2
1787,205,1,2
1787,206,1,2
1787,207,1,2
1787,208,1,2
1787,209,1,2
1787,210,1,2
1787,211,1,2
1787,212,1,2
1787,213,1,2
1787,214,1,2
1787,215,1,2
1787,216,1,2
1787,217,1,2
1787,218,1,2
1787,219,1,2
1787,220,1,2
1787,221,1,2
1787,222,1,2
1787,223,1,2
1787,224,1,2
1787,225,1,2
1787,226,1,2
1787,227,1,2
1787,228,1,2
1787,229,1,2
1787,230,1,2
1787,231,1,2
1787,232,1,2
1787,233,1,2
1787,234,1,2
1787,235,1,2
1787,236,1,2
1787,237,1,2
1787,238,1,2
1787,239,1,2
1787,240,1,2
1787,241,1,2
1787,242,1,2
1787,243,1,2
1787,244,1,2
1787,245,1,2
1787,246,1,2
1787,247,1,2
1787,248,1,2
1787,249,1,2
1787,250,1,2
1787,251,1,2
1787,252,1,2
1787,253,1,2
1787,254,1,2
1787,255,1,2
1787,256,1,2
1787,257,1,2
1787,258,1,2
1787,259,1,2
1787,260,1,2
1787,261,1,2
1787,262,1,2
1787,263,1,2
1787,264,1,2
1787,265,1,2
1787,266,1,2
1787,267,1,2
1787,268,1,2
1787,269,1,2
1787,270,1,2
1787,271,1,2
1787,272,1,2
1787,273,1,2
1787,274,1,2
1787,275,1,2
1787,276,1,2
1787,277,1,2
1787,278,1,2
1787,279,1,2
1787,280,1,2
1787,281,1,2
1787,282,1,2
1787,283,1,2
1787,284,1,2
1787,285,1,2
1787,286,1,2
1787,287,1,2
1787,288,1,2
1787,289,1,2
1787,290,1,2
1787,291,1,2
1787,292,1,2
1787,293,1,2
1787,294,1,2
1787,295,1,2
1787,296,1,2
1787,297,1,2
1787,298,1,2
1787,299,1,2
1787,300,1,2
1787,301,1,2
1787,302,1,2
1787,303,1,2
1787,304,1,2
1787,305,1,2
1787,306,1,2
1787,307,1,2
1787,308,1,2
1787,309,1,2
1787,310,1,2
1787,311,1,2
1787,312,1,2
1787,313,1,2
1787,314,1,2
1787,315,1,2
1787,316,1,2
1787,317,1,2
1787,318,1,2
1787,319,1,2
1787,320,1,2
1787,321,1,2
1787,322,1,2
1787,323,1,2
1787,324,1,2
1787,325,1,2
1787,326,1,2
1787,327,1,2
1787,328,1,2
1787,329,1,2
1787,330,1,2
1787,331,1,2
1787,332,1,2
1787,333,1,2
1787,334,1,2
1787,335,1,2
1787,336,1,2
1787,337,1,2
1787,338,1,2
1787,339,1,2
1787,340,1,2
1787,341,1,2
1787,342,1,2
1787,343,1,2
1787,344,1,2
1787,345,1,2
1787,346,1,2
1787,347,1,2
1787,348,1,2
1787,349,1,2
1787,350,1,2
1787,351,1,2
1787,352,1,2
1787,353,1,2
1787,354,1,2
1787,355,1,2
1787,356,1,2
1787,357,1,2
1787,358,1,2
1787,359,1,2
1787,360,1,2
1787,361,1,2
1787,362,1,2
1787,363,1,2
1787,364,1,2
1787,365,1,2
1787,366,1,2
1787,367,1,2
1787,368,1,2
1787,369,1,2
1787,370,1,2
1787,371,1,2
1787,372,1,2
1787,373,1,2
1787,374,1,2
1787,375,1,2
1787,376,1,2
1787,377,1,2
1787,378,1,2
1787,379,1,2
1787,380,1,2
1787,381,1,2
1787,382,1,2
1787,383,1,2
1787,384,1,2
1787,385,1,2
1787,386,1,2
1787,387,1,2
1787,388,1,2
1787,389,1,2
1787,390,1,2
1787,391,1,2
1787,392,1,2
1787,393,1,2
1787,394,1,2
1787,395,1,2
1787,396,1,2
1787,397,1,2
1787,398,1,2
1787,399,1,2
1787,400,1,2
1787,401,1,2
1787,402,1,2
1787,403,1,2
1787,404,1,2
1787,405,1,2
1787,406,1,2
1787,407,1,2
1787,408,1,2
1787,409,1,2
1787,410,1,2
1787,411,1,2
1787,412,1,2
1787,413,1,2
1787,414,1,2
1787,415,1,2
1787,416,1,2
1787,417,1,2
1787,418,1,2
1787,419,1,2
1787,420,1,2
1787,421,1,2
1787,422,1,2
1787,423,1,2
1787,424,1,2
1787,425,1,2
1787,426,1,2
1787,427,1,2
1787,428,1,2
1787,429,1,2
1787,430,1,2
1787,431,1,2
1787,432,1,2
1787,433,1,2
1787,434,1,2
1787,435,1,2
1787,436,1,2
1787,437,1,2
1787,438,1,2
1787,439,1,2
1787,440,1,2
1787,441,1,2
1787,442,1,2
1787,443,1,2
1787,444,1,2
1787,445,1,2
1787,446,1,2
1787,447,1,2
1787,448,1,2
1787,449,1,2
1787,450,1,2
1787,451,1,2
1787,452,1,2
1787,453,1,2
1787,454,1,2
1787,455,1,2
1787,456,1,3
1787,457,1,3
1787,458,1,3
1787,459,1,3
1787,460,1,3
1787,461,1,3
1787,462,1,3
1787,463,1,3
1787,464,1,3
1787,465,1,3
1787,466,1,3
1787,467,1,3
1787,468,1,3
1787,469,1,3
1787,470,1,3
1787,471,1,3
1787,472,1,3
1787,473,1,3
1787,474,1,3
1787,475,1,3
1787,476,1,3
1787,477,1,3
1787,478,1,3
1787,479,1,3
1787,480,1,3
1787,481,1,3
1787,482,1,3
1787,483,1,3
1787,484,1,3
1787,485,1,3
1787,486,1,3
1787,487,1,3
1787,488,1,3
1787,489,1,3
1787,490,1,3
1787,491,1,3
1787,492,1,3
1787,493,1,3
1787,494,1,3
1787,495,1,3
1787,496,1,3
1787,497,1,3
1787,498,1,3
1787,499,1,3
1787,500,1,3
1787,501,1,3
1787,502,1,3
1787,503,1,3
1787,504,1,3
1787,505,1,3
1787,506,1,3
1787,507,1,3
1787,508,1,3
1787,509,1,3
1787,510,1,3
1787,511,1,3
1787,512,1,3
1787,513,1,3
1787,514,1,3
1787,515,1,3
1787,516,1,3
1787,517,1,3
1787,518,1,3
1787,519,1,3
1787,520,1,3
1787,521,1,3
1787,522,1,3
1787,523,1,3
1787,524,1,3
1787,525,1,3
1787,526,1,3
1787,527,1,3
1787,528,1,3
1787,529,1,2
1787,530,1,2
1787,531,1,2
1787,532,1,2
1787,533,1,2
1787,534,1,2
1787,535,1,2
1787,536,1,2
1787,537,1,2
1787,538,1,2
1787,539,1,2
1787,540,1,2
1787,541,1,2
1787,542,1,2
1787,543,1,2
1787,544,1,2
1787,545,1,2
1787,546,1,2
1787,547,1,2
1787,548,1,2
1787,549,1,2
1787,550,1,2
1787,551,1,2
1787,552,1,2
1787,553,1,2
1787,554,1,2
1787,555,1,2
1787,556,1,2
1787,557,1,2
1787,558,1,2
1787,559,1,2
1787,560,1,3
1787,561,1,3
1787,562,1,3
1787,563,1,3
1787,564,1,3
1787,565,1,3
1787,566,1,3
1787,567,1,3
1787,568,1,3
1787,569,1,3
1787,570,1,3
1787,571,1,3
1787,572,1,3
1787,573,1,3
1787,574,1,3
1787,575,1,3
1787,576,1,3
1787,577,1,3
1787,578,1,3
1787,579,1,3
1787,580,1,3
1787,581,1,3
1787,582,1,3
1787,583,1,3
1787,584,1,3
1787,585,1,3
1787,586,1,3
1787,587,1,3
1787,588,1,3
1787,589,1,3
1787,590,1,3
1787,591,1,3
1787,592,1,3
1787,593,1,3
1787,594,1,3
1787,595,1,3
1787,596,1,3
1787,597,1,3
1787,598,1,3
1787,599,1,3
1787,600,1,3
1787,601,1,3
1787,602,1,3
1787,603,1,3
1787,604,1,3
1787,605,1,3
1787,606,1,3
1787,607,1,3
1787,608,1,3
1787,609,1,3
1787,610,1,3
1787,611,1,3
1787,612,1,3
1787,613,1,3
1787,614,1,3
1787,615,1,3
1787,616,1,3
1787,617,1,3
1787,618,1,3
1787,619,1,2
1787,620,1,2
1787,621,1,2
1787,622,1,2
1787,623,1,2
1787,624,1,2
1787,625,1,2
1787,626,1,2
1787,627,1,2
1787,628,1,2
1787,629,1,2
1787,630,1,2
1787,631,1,2
1787,632,1,2
1787,633,1,2
1787,634,1,2
1787,635,1,2
1787,636,1,2
1787,637,1,2
1787,638,1,2
1787,639,1,2
1787,640,1,2
1787,641,1,2
1787,642,1,2
1787,643,1,2
1787,644,1,2
1787,645,1,2
1787,646,1,2
1787,647,1,2
1788,144,1,2
1788,145,1,2
1788,146,1,2
1788,147,1,2
1788,148,1,2
1788,149,1,2
1788,150,1,2
1788,151,1,2
1788,152,1,2
1788,153,1,2
1788,154,1,2
1788,155,1,2
1788,156,1,2
1788,157,1,2
1788,158,1,2
1788,159,1,2
1788,160,1,2
1788,161,1,2
1788,162,1,2
1788,163,1,2
1788,164,1,2
1788,165,1,2
1788,166,1,3
1788,167,1,3
1788,168,1,3
1788,169,1,3
1788,170,1,3
1788,171,1,3
1788,172,1,3
1788,173,1,3
1788,174,1,3
1788,175,1,3
1788,176,1,3
1788,177,1,3
1788,178,1,3
1788,179,1,2
1788,180,1,2
1788,181,1,2
1788,182,1,2
1788,183,1,2
1788,184,1,2
1788,185,1,2
1788,186,1,2
1788,187,1,2
1788,188,1,2
1788,189,1,2
1788,190,1,2
1788,191,1,2
1788,192,1,2
1788,193,1,2
1788,194,1,2
1788,195,1,2
1788,196,1,2
1788,197,1,2
1788,198,1,2
1788,199,1,2
1788,200,1,2
1788,201,1,2
1788,202,1,2
1788,203,1,2
1788,204,1,2
1788,205,1,2
1788,206,1,2
1788,207,1,2
1788,208,1,2
1788,209,1,2
1788,210,1,2
1788,211,1,2
1788,212,1,2
1788,213,1,2
1788,214,1,2
1788,215,1,2
1788,216,1,2
1788,217,1,2
1788,218,1,2
1788,219,1,2
1788,220,1,2
1788,221,1,2
1788,222,1,2
1788,223,1,2
1788,224,1,2
1788,225,1,2
1788,226,1,2
1788,227,1,2
1788,228,1,2
1788,229,1,2
1788,230,1,2
1788,231,1,2
1788,232,1,2
1788,233,1,2
1788,234,1,2
1788,235,1,2
1788,236,1,2
1788,237,1,2
1788,238,1,2
1788,239,1,2
1788,240,1,2
1788,241,1,2
1788,242,1,2
1788,243,1,2
1788,244,1,2
1788,245,1,2
1788,246,1,2
1788,247,1,2
1788,248,1,2
1788,249,1,2
1788,250,1,2
1788,251,1,2
1788,252,1,2
1788,253,1,2
1788,254,1,2
1788,255,1,2
1788,256,1,2
1788,257,1,2
1788,258,1,2
1788,259,1,2
1788,260,1,2
1788,261,1,2
1788,262,1,2
1788,263,1,2
1788,264,1,2
1788,265,1,2
1788,266,1,2
1788,267,1,2
1788,268,1,2
1788,269,1,2
1788,270,1,2
1788,271,1,2
1788,272,1,2
1788,273,1,2
1788,274,1,2
1788,275,1,2
1788,276,1,2
1788,277,1,2
1788,278,1,2
1788,279,1,2
1788,280,1,2
1788,281,1,2
1788,282,1,2
1788,283,1,2
1788,284,1,2
1788,285,1,2
1788,286,1,2
1788,287,1,2
1788,288,1,2
1788,289,1,2
1788,290,1,2
1788,291,1,2
1788,292,1,2
1788,293,1,2
1788,294,1,2
1788,295,1,2
1788,296,1,2
1788,297,1,2
1788,298,1,2
1788,299,1,2
1788,300,1,2
1788,301,1,2
1788,302,1,2
1788,303,1,2
1788,304,1,2
1788,305,1,2
1788,306,1,2
1788,307,1,2
1788,308,1,2
1788,309,1,2
1788,310,1,2
1788,311,1,2
1788,312,1,2
1788,313,1,2
1788,314,1,2
1788,315,1,2
1788,316,1,2
1788,317,1,2
1788,318,1,2
1788,319,1,2
1788,320,1,2
1788,321,1,2
1788,322,1,2
1788,323,1,2
1788,324,1,2
1788,325,1,2
1788,326,1,2
1788,327,1,2
1788,328,1,2
1788,329,1,2
1788,330,1,2
1788,331,1,2
1788,332,1,2
1788,333,1,2
1788,334,1,2
1788,335,1,2
1788,336,1,2
1788,337,1,2
1788,338,1,2
1788,339,1,2
1788,340,1,2
1788,341,1,2
1788,342,1,2
1788,343,1,2
1788,344,1,2
1788,345,1,2
1788,346,1,2
1788,347,1,2
1788,348,1,2
1788,349,1,2
1788,350,1,2
1788,351,1,2
1788,352,1,2
1788,353,1,2
1788,354,1,2
1788,355,1,2
1788,356,1,2
1788,357,1,2
1788,358,1,2
1788,359,1,2
1788,360,1,2
1788,361,1,2
1788,362,1,2
1788,363,1,2
1788,364,1,2
1788,365,1,2
1788,366,1,2
1788,367,1,2
1788,368,1,2
1788,369,1,2
1788,370,1,2
1788,371,1,2
1788,372,1,2
1788,373,1,2
1788,374,1,2
1788,375,1,2
1788,376,1,2
1788,377,1,2
1788,378,1,2
1788,379,1,2
1788,380,1,2
1788,381,1,2
1788,382,1,2
1788,383,1,2
1788,384,1,2
1788,385,1,2
1788,386,1,2
1788,387,1,2
1788,388,1,2
1788,389,1,2
1788,390,1,2
1788,391,1,2
1788,392,1,2
1788,393,1,2
1788,394,1,2
1788,395,1,2
1788,396,1,2
1788,397,1,2
1788,398,1,2
1788,399,1,2
1788,400,1,2
1788,401,1,2
1788,402,1,2
1788,403,1,2
1788,404,1,2
1788,405,1,2
1788,406,1,2
1788,407,1,2
1788,408,1,2
1788,409,1,2
1788,410,1,2
1788,411,1,2
1788,412,1,2
1788,413,1,2
1788,414,1,2
1788,415,1,2
1788,416,1,2
1788,417,1,2
1788,418,1,2
1788,419,1,2
1788,420,1,2
1788,421,1,2
1788,422,1,2
1788,423,1,2
1788,424,1,2
1788,425,1,2
1788,426,1,2
1788,427,1,2
1788,428,1,2
1788,429,1,2
1788,430,1,2
1788,431,1,2
1788,432,1,2
1788,433,1,2
1788,434,1,2
1788,435,1,2
1788,436,1,2
1788,437,1,2
1788,438,1,2
1788,439,1,2
1788,440,1,2
1788,441,1,2
1788,442,1,2
1788,443,1,2
1788,444,1,2
1788,445,1,2
1788,446,1,2
1788,447,1,2
1788,448,1,2
1788,449,1,2
1788,450,1,2
1788,451,1,2
1788,452,1,2
1788,453,1,2
1788,454,1,2
1788,455,1,2
1788,456,1,2
1788,457,1,3
1788,458,1,3
1788,459,1,3
1788,460,1,3
1788,461,1,3
1788,462,1,3
1788,463,1,3
1788,464,1,3
1788,465,1,3
1788,466,1,3
1788,467,1,3
1788,468,1,3
1788,469,1,3
1788,470,1,3
1788,471,1,3
1788,472,1,3
1788,473,1,3
1788,474,1,3
1788,475,1,3
1788,476,1,3
1788,477,1,3
1788,478,1,3
1788,479,1,3
1788,480,1,3
1788,481,1,3
1788,482,1,3
1788,483,1,3
1788,484,1,3
1788,485,1,3
1788,486,1,3
1788,487,1,3
1788,488,1,3
1788,489,1,3
1788,490,1,3
1788,491,1,3
1788,492,1,3
1788,493,1,3
1788,494,1,3
1788,495,1,3
1788,496,1,3
1788,497,1,3
1788,498,1,3
1788,499,1,3
1788,500,1,3
1788,501,1,3
1788,502,1,3
1788,503,1,3
1788,504,1,3
1788,505,1,3
1788,506,1,3
1788,507,1,3
1788,508,1,3
1788,509,1,3
1788,510,1,3
1788,511,1,3
1788,512,1,3
1788,513,1,3
1788,514,1,3
1788,515,1,3
1788,516,1,3
1788,517,1,3
1788,518,1,3
1788,519,1,3
1788,520,1,3
1788,521,1,3
1788,522,1,3
1788,523,1,3
1788,524,1,3
1788,525,1,3
1788,526,1,3
1788,527,1,3
1788,528,1,3
1788,529,1,3
1788,530,1,2
1788,531,1,2
1788,532,1,2
1788,533,1,2
1788,534,1,2
1788,535,1,2
1788,536,1,2
1788,537,1,2
1788,538,1,2
1788,539,1,2
1788,540,1,2
1788,541,1,2
1788,542,1,2
1788,543,1,2
1788,544,1,2
1788,545,1,2
1788,546,1,2
1788,547,1,2
1788,548,1,2
1788,549,1,2
1788,550,1,2
1788,551,1,2
1788,552,1,2
1788,553,1,2
1788,554,1,2
1788,555,1,2
1788,556,1,2
1788,557,1,2
1788,558,1,2
1788,559,1,2
1788,560,1,3
1788,561,1,3
1788,562,1,3
1788,563,1,3
1788,564,1,3
1788,565,1,3
1788,566,1,3
1788,567,1,3
1788,568,1,3
1788,569,1,3
1788,570,1,3
1788,571,1,3
1788,572,1,3
1788,573,1,3
1788,574,1,3
1788,575,1,3
1788,576,1,3
1788,577,1,3
1788,578,1,3
1788,579,1,3
1788,580,1,3
1788,581,1,3
1788,582,1,3
1788,583,1,3
1788,584,1,3
1788,585,1,3
1788,586,1,3
1788,587,1,3
1788,588,1,3
1788,589,1,3
1788,590,1,3
1788,591,1,3
1788,592,1,3
1788,593,1,3
1788,594,1,3
1788,595,1,3
1788,596,1,3
1788,597,1,3
1788,598,1,3
1788,599,1,3
1788,600,1,3
1788,601,1,3
1788,602,1,3
1788,603,1,3
1788,604,1,3
1788,605,1,3
1788,606,1,3
1788,607,1,3
1788,608,1,3
1788,609,1,3
1788,610,1,3
1788,611,1,3
1788,612,1,3
1788,613,1,3
1788,614,1,3
1788,615,1,3
1788,616,1,3
1788,617,1,3
1788,618,1,3
1788,619,1,2
1788,620,1,2
1788,621,1,2
1788,622,1,2
1788,623,1,2
1788,624,1,2
1788,625,1,2
1788,626,1,2
1788,627,1,2
1788,628,1,2
1788,629,1,2
1788,630,1,2
1788,631,1,2
1788,632,1,2
1788,633,1,2
1788,634,1,2
1788,635,1,2
1788,636,1,2
1788,637,1,2
1788,638,1,2
1788,639,1,2
1788,640,1,2
1788,641,1,2
1788,642,1,2
1788,643,1,2
1788,644,1,2
1788,645,1,2
1788,646,1,2
1788,647,1,2
1788,648,1,2
1788,649,1,2
1789,143,1,2
1789,144,1,2
1789,145,1,2
1789,146,1,2
1789,147,1,2
1789,148,1,2
1789,149,1,2
1789,150,1,2
1789,151,1,2
1789,152,1,2
1789,153,1,2
1789,154,1,2
1789,155,1,2
1789,156,1,2
1789,157,1,2
1789,158,1,2
1789,159,1,2
1789,160,1,2
1789,161,1,2
1789,162,1,2
1789,163,1,2
1789,164,1,2
1789,165,1,3
1789,166,1,3
1789,167,1,3
1789,168,1,3
1789,169,1,3
1789,170,1,3
1789,171,1,3
1789,172,1,3
1789,173,1,3
1789,174,1,3
1789,175,1,3
1789,176,1,3
1789,177,1,3
1789,178,1,3
1789,179,1,2
1789,180,1,2
1789,181,1,2
1789,182,1,2
1789,183,1,2
1789,184,1,2
1789,185,1,2
1789,186,1,2
1789,187,1,2
1789,188,1,2
1789,189,1,2
1789,190,1,2
1789,191,1,2
1789,192,1,2
1789,193,1,2
1789,194,1,2
1789,195,1,2
1789,196,1,2
1789,197,1,2
1789,198,1,2
1789,199,1,2
1789,200,1,2
1789,201,1,2
1789,202,1,2
1789,203,1,2
1789,204,1,2
1789,205,1,2
1789,206,1,2
1789,207,1,2
1789,208,1,2
1789,209,1,2
1789,210,1,2
1789,211,1,2
1789,212,1,2
1789,213,1,2
1789,214,1,2
1789,215,1,2
1789,216,1,2
1789,217,1,2
1789,218,1,2
1789,219,1,2
1789,220,1,2
1789,221,1,2
1789,222,1,2
1789,223,1,2
1789,224,1,2
1789,225,1,2
1789,226,1,2
1789,227,1,2
1789,228,1,2
1789,229,1,2
1789,230,1,2
1789,231,1,2
1789,232,1,2
1789,233,1,2
1789,234,1,2
1789,235,1,2
1789,236,1,2
1789,237,1,2
1789,238,1,2
1789,239,1,2
1789,240,1,2
1789,241,1,2
1789,242,1,2
1789,243,1,2
1789,244,1,2
1789,245,1,2
1789,246,1,2
1789,247,1,2
1789,248,1,2
1789,249,1,2
1789,250,1,2
1789,251,1,2
1789,252,1,2
1789,253,1,2
1789,254,1,2
1789,255,1,2
1789,256,1,2
1789,257,1,2
1789,258,1,2
1789,259,1,2
1789,260,1,2
1789,261,1,2
1789,262,1,2
1789,263,1,2
1789,264,1,2
1789,265,1,2
1789,266,1,2
1789,267,1,2
1789,268,1,2
1789,269,1,2
1789,270,1,2
1789,271,1,2
1789,272,1,2
1789,273,1,2
1789,274,1,2
1789,275,1,2
1789,276,1,2
1789,277,1,2
1789,278,1,2
1789,279,1,2
1789,280,1,2
1789,281,1,2
1789,282,1,2
1789,283,1,2
1789,284,1,2
1789,285,1,2
1789,286,1,2
1789,287,1,2
1789,288,1,2
1789,289,1,2
1789,290,1,2
1789,291,1,2
1789,292,1,2
1789,293,1,2
1789,294,1,2
1789,295,1,2
1789,296,1,2
1789,297,1,2
1789,298,1,2
1789,299,1,2
1789,300,1,2
1789,301,1,2
1789,302,1,2
1789,303,1,2
1789,304,1,2
1789,305,1,2
1789,306,1,2
1789,307,1,2
1789,308,1,2
1789,309,1,2
1789,310,1,2
1789,311,1,2
1789,312,1,2
1789,313,1,2
1789,314,1,2
1789,315,1,2
1789,316,1,2
1789,317,1,2
1789,318,1,2
1789,319,1,2
1789,320,1,2
1789,321,1,2
1789,322,1,2
1789,323,1,2
1789,324,1,2
1789,325,1,2
1789,326,1,2
1789,327,1,2
1789,328,1,2
1789,329,1,2
1789,330,1,2
1789,331,1,2
1789,332,1,2
1789,333,1,2
1789,334,1,2
1789,335,1,2
1789,336,1,2
1789,337,1,2
1789,338,1,2
1789,339,1,2
1789,340,1,2
1789,341,1,2
1789,342,1,2
1789,343,1,2
1789,344,1,2
1789,345,1,2
1789,346,1,2
1789,347,1,2
1789,348,1,2
1789,349,1,2
1789,350,1,2
1789,351,1,2
1789,352,1,2
1789,353,1,2
1789,354,1,2
1789,355,1,2
1789,356,1,2
1789,357,1,2
1789,358,1,2
1789,359,1,2
1789,360,1,2
1789,361,1,2
1789,362,1,2
1789,363,1,2
1789,364,1,2
1789,365,1,2
1789,366,1,2
1789,367,1,2
1789,368,1,2
1789,369,1,2
1789,370,1,2
1789,371,1,2
1789,372,1,2
1789,373,1,2
1789,374,1,2
1789,375,1,2
1789,376,1,2
1789,377,1,2
1789,378,1,2
1789,379,1,2
1789,380,1,2
1789,381,1,2
1789,382,1,2
1789,383,1,2
1789,384,1,2
1789,385,1,2
1789,386,1,2
1789,387,1,2
1789,388,1,2
1789,389,1,2
1789,390,1,2
1789,391,1,2
1789,392,1,2
1789,393,1,2
1789,394,1,2
1789,395,1,2
1789,396,1,2
1789,397,1,2
1789,398,1,2
1789,399,1,2
1789,400,1,2
1789,401,1,2
1789,402,1,2
1789,403,1,2
1789,404,1,2
1789,405,1,2
1789,406,1,2
1789,407,1,2
1789,408,1,2
1789,409,1,2
1789,410,1,2
1789,411,1,2
1789,412,1,2
1789,413,1,2
1789,414,1,2
1789,415,1,2
1789,416,1,2
1789,417,1,2
1789,418,1,2
1789,419,1,2
1789,420,1,2
1789,421,1,2
1789,422,1,2
1789,423,1,2
1789,424,1,2
1789,425,1,2
1789,426,1,2
1789,427,1,2
1789,428,1,2
1789,429,1,2
1789,430,1,2
1789,431,1,2
1789,432,1,2
1789,433,1,2
1789,434,1,2
1789,435,1,2
1789,436,1,2
1789,437,1,2
1789,438,1,2
1789,439,1,2
1789,440,1,2
1789,441,1,2
1789,442,1,2
1789,443,1,2
1789,444,1,2
1789,445,1,2
1789,446,1,2
1789,447,1,2
1789,448,1,2
1789,449,1,2
1789,450,1,2
1789,451,1,2
1789,452,1,2
1789,453,1,2
1789,454,1,2
1789,455,1,2
1789,456,1,2
1789,457,1,3
1789,458,1,3
1789,459,1,3
1789,460,1,3
1789,461,1,3
1789,462,1,3
1789,463,1,3
1789,464,1,3
1789,465,1,3
1789,466,1,3
1789,467,1,3
1789,468,1,3
1789,469,1,3
1789,470,1,3
1789,471,1,3
1789,472,1,3
1789,473,1,3
1789,474,1,3
1789,475,1,3
1789,476,1,3
1789,477,1,3
1789,478,1,3
1789,479,1,3
1789,480,1,3
1789,481,1,3
1789,482,1,3
1789,483,1,3
1789,484,1,3
1789,485,1,3
1789,486,1,3
1789,487,1,3
1789,488,1,3
1789,489,1,3
1789,490,1,3
1789,491,1,3
1789,492,1,3
1789,493,1,3
1789,494,1,3
1789,495,1,3
1789,496,1,3
1789,497,1,3
1789,498,1,3
1789,499,1,3
1789,500,1,3
1789,501,1,3
1789,502,1,3
1789,503,1,3
1789,504,1,3
1789,505,1,3
1789,506,1,3
1789,507,1,3
1789,508,1,3
1789,509,1,3
1789,510,1,3
1789,511,1,3
1789,512,1,3
1789,513,1,3
1789,514,1,3
1789,515,1,3
1789,516,1,3
1789,517,1,3
1789,518,1,3
1789,519,1,3
1789,520,1,3
1789,521,1,3
1789,522,1,3
1789,523,1,3
1789,524,1,3
1789,525,1,3
1789,526,1,3
1789,527,1,3
1789,528,1,3
1789,529,1,3
1789,530,1,2
1789,531,1,2
1789,532,1,2
1789,533,1,2
1789,534,1,2
1789,535,1,2
1789,536,1,2
1789,537,1,2
1789,538,1,2
1789,539,1,2
1789,540,1,2
1789,541,1,2
1789,542,1,2
1789,543,1,2
1789,544,1,2
1789,545,1,2
1789,546,1,2
1789,547,1,2
1789,548,1,2
1789,549,1,2
1789,550,1,2
1789,551,1,2
1789,552,1,2
1789,553,1,2
1789,554,1,2
1789,555,1,2
1789,556,1,2
1789,557,1,2
1789,558,1,2
1789,559,1,2
1789,560,1,2
1789,561,1,3
1789,562,1,3
1789,563,1,3
1789,564,1,3
1789,565,1,3
1789,566,1,3
1789,567,1,3
1789,568,1,3
1789,569,1,3
1789,570,1,3
1789,571,1,3
1789,572,1,3
1789,573,1,3
1789,574,1,3
1789,575,1,3
1789,576,1,3
1789,577,1,3
1789,578,1,3
1789,579,1,3
1789,580,1,3
1789,581,1,3
1789,582,1,3
1789,583,1,3
1789,584,1,3
1789,585,1,3
1789,586,1,3
1789,587,1,3
1789,588,1,3
1789,589,1,3
1789,590,1,3
1789,591,1,3
1789,592,1,3
1789,593,1,3
1789,594,1,3
1789,595,1,3
1789,596,1,3
1789,597,1,3
1789,598,1,3
1789,599,1,3
1789,600,1,3
1789,601,1,3
1789,602,1,3
1789,603,1,3
1789,604,1,3
1789,605,1,3
1789,606,1,3
1789,607,1,3
1789,608,1,3
1789,609,1,3
1789,610,1,3
1789,611,1,3
1789,612,1,3
1789,613,1,3
1789,614,1,3
1789,615,1,3
1789,616,1,3
1789,617,1,3
1789,618,1,3
1789,619,1,2
1789,620,1,2
1789,621,1,2
1789,622,1,2
1789,623,1,2
1789,624,1,2
1789,625,1,2
1789,626,1,2
1789,627,1,2
1789,628,1,2
1789,629,1,2
1789,630,1,2
1789,631,1,2
1789,632,1,2
1789,633,1,2
1789,634,1,2
1789,635,1,2
1789,636,1,2
1789,637,1,2
1789,638,1,2
1789,639,1,2
1789,640,1,2
1789,641,1,2
1789,642,1,2
1789,643,1,2
1789,644,1,2
1789,645,1,2
1789,646,1,2
1789,647,1,2
1789,648,1,2
1789,649,1,2
1790,142,1,2
1790,143,1,2
1790,144,1,2
1790,145,1,2
1790,146,1,2
1790,147,1,2
1790,148,1,2
1790,149,1,2
1790,150,1,2
1790,151,1,2
1790,152,1,2
1790,153,1,2
1790,154,1,2
1790,155,1,2
1790,156,1,2
1790,157,1,2
1790,158,1,2
1790,159,1,2
1790,160,1,2
1790,161,1,2
1790,162,1,2
1790,163,1,2
1790,164,1,3
1790,165,1,3
1790,166,1,3
1790,167,1,3
1790,168,1,3
1790,169,1,3
1790,170,1,3
1790,171,1,3
1790,172,1,3
1790,173,1,3
1790,174,1,3
1790,175,1,3
1790,176,1,3
1790,177,1,3
1790,178,1,2
1790,179,1,2
1790,180,1,2
1790,181,1,2
1790,182,1,2
1790,183,1,2
1790,184,1,2
1790,185,1,2
1790,186,1,2
1790,187,1,2
1790,188,1,2
1790,189,1,2
1790,190,1,2
1790,191,1,2
1790,192,1,2
1790,193,1,2
1790,194,1,2
1790,195,1,2
1790,196,1,2
1790,197,1,2
1790,198,1,2
1790,199,1,2
1790,200,1,2
1790,201,1,2
1790,202,1,2
1790,203,1,2
1790,204,1,2
1790,205,1,2
1790,206,1,2
1790,207,1,2
1790,208,1,2
1790,209,1,2
1790,210,1,2
1790,211,1,2
1790,212,1,2
1790,213,1,2
1790,214,1,2
1790,215,1,2
1790,216,1,2
1790,217,1,2
1790,218,1,2
1790,219,1,2
1790,220,1,2
1790,221,1,2
1790,222,1,2
1790,223,1,2
1790,224,1,2
1790,225,1,2
1790,226,1,2
1790,227,1,2
1790,228,1,2
1790,229,1,2
1790,230,1,2
1790,231,1,2
1790,232,1,2
1790,233,1,2
1790,234,1,2
1790,235,1,2
1790,236,1,2
1790,237,1,2
1790,238,1,2
1790,239,1,2
1790,240,1,2
1790,241,1,2
1790,242,1,2
1790,243,1,2
1790,244,1,2
1790,245,1,2
1790,246,1,2
1790,247,1,2
1790,248,1,2
1790,249,1,2
1790,250,1,2
1790,251,1,2
1790,252,1,2
1790,253,1,2
1790,254,1,2
1790,255,1,2
1790,256,1,2
1790,257,1,2
1790,258,1,2
1790,259,1,2
1790,260,1,2
1790,261,1,2
1790,262,1,2
1790,263,1,2
1790,264,1,2
1790,265,1,2
1790,266,1,2
1790,267,1,2
1790,268,1,2
1790,269,1,2
1790,270,1,2
1790,271,1,2
1790,272,1,2
1790,273,1,2
1790,274,1,2
1790,275,1,2
1790,276,1,2
1790,277,1,2
1790,278,1,2
1790,279,1,2
1790,280,1,2
1790,281,1,2
1790,282,1,2
1790,283,1,2
1790,284,1,2
1790,285,1,2
1790,286,1,2
1790,287,1,2
1790,288,1,2
1790,289,1,2
1790,290,1,2
1790,291,1,2
1790,292,1,2
1790,293,1,2
1790,294,1,2
1790,295,1,2
1790,296,1,2
1790,297,1,2
1790,298,1,2
1790,299,1,2
1790,300,1,2
1790,301,1,2
1790,302,1,2
1790,303,1,2
1790,304,1,2
1790,305,1,2
1790,306,1,2
1790,307,1,2
1790,308,1,2
1790,309,1,2
1790,310,1,2
1790,311,1,2
1790,312,1,2
1790,313,1,2
1790,314,1,2
1790,315,1,2
1790,316,1,2
1790,317,1,2
1790,318,1,2
1790,319,1,2
1790,320,1,2
1790,321,1,2
1790,322,1,2
1790,323,1,2
1790,324,1,2
1790,325,1,2
1790,326,1,2
1790,327,1,2
1790,328,1,2
1790,329,1,2
1790,330,1,2
1790,331,1,2
1790,332,1,2
1790,333,1,2
1790,334,1,2
1790,335,1,2
1790,336,1,2
1790,337,1,2
1790,338,1,2
1790,339,1,2
1790,340,1,2
1790,341,1,2
1790,342,1,2
1790,343,1,2
1790,344,1,2
1790,345,1,2
1790,346,1,2
1790,347,1,2
1790,348,1,2
1790,349,1,2
1790,350,1,2
1790,351,1,2
1790,352,1,2
1790,353,1,2
1790,354,1,2
1790,355,1,2
1790,356,1,2
1790,357,1,2
1790,358,1,2
1790,359,1,2
1790,360,1,2
1790,361,1,2
1790,362,1,2
1790,363,1,2
1790,364,1,2
1790,365,1,2
1790,366,1,2
1790,367,1,2
1790,368,1,2
1790,369,1,2
1790,370,1,2
1790,371,1,2
1790,372,1,2
1790,373,1,2
1790,374,1,2
1790,375,1,2
1790,376,1,2
1790,377,1,2
1790,378,1,2
1790,379,1,2
1790,380,1,2
1790,381,1,2
1790,382,1,2
1790,383,1,2
1790,384,1,2
1790,385,1,2
1790,386,1,2
1790,387,1,2
1790,388,1,2
1790,389,1,2
1790,390,1,2
1790,391,1,2
1790,392,1,2
1790,393,1,2
1790,394,1,2
1790,395,1,2
1790,396,1,2
1790,397,1,2
1790,398,1,2
1790,399,1,2
1790,400,1,2
1790,401,1,2
1790,402,1,2
1790,403,1,2
1790,404,1,2
1790,405,1,2
1790,406,1,2
1790,407,1,2
1790,408,1,2
1790,409,1,2
1790,410,1,2
1790,411,1,2
1790,412,1,2
1790,413,1,2
1790,414,1,2
1790,415,1,2
1790,416,1,2
1790,417,1,2
1790,418,1,2
1790,419,1,2
1790,420,1,2
1790,421,1,2
1790,422,1,2
1790,423,1,2
1790,424,1,2
1790,425,1,2
1790,426,1,2
1790,427,1,2
1790,428,1,2
1790,429,1,2
1790,430,1,2
1790,431,1,2
1790,432,1,2
1790,433,1,2
1790,434,1,2
1790,435,1,2
1790,436,1,2
1790,437,1,2
1790,438,1,2
1790,439,1,2
1790,440,1,2
1790,441,1,2
1790,442,1,2
1790,443,1,2
1790,444,1,2
1790,445,1,2
1790,446,1,2
1790,447,1,2
1790,448,1,2
1790,449,1,2
1790,450,1,2
1790,451,1,2
1790,452,1,2
1790,453,1,2
1790,454,1,2
1790,455,1,2
1790,456,1,2
1790,457,1,3
1790,458,1,3
1790,459,1,3
1790,460,1,3
1790,461,1,3
1790,462,1,3
1790,463,1,3
1790,464,1,3
1790,465,1,3
1790,466,1,3
1790,467,1,3
1790,468,1,3
1790,469,1,3
1790,470,1,3
1790,471,1,3
1790,472,1,3
1790,473,1,3
1790,474,1,3
1790,475,1,3
1790,476,1,3
1790,477,1,3
1790,478,1,3
1790,479,1,3
1790,480,1,3
1790,481,1,3
1790,482,1,3
1790,483,1,3
1790,484,1,3
1790,485,1,3
1790,486,1,3
1790,487,1,3
1790,488,1,3
1790,489,1,3
1790,490,1,3
1790,491,1,3
1790,492,1,3
1790,493,1,3
1790,494,1,3
1790,495,1,3
1790,496,1,3
1790,497,1,3
1790,498,1,3
1790,499,1,3
1790,500,1,3
1790,501,1,3
1790,502,1,3
1790,503,1,3
1790,504,1,3
1790,505,1,3
1790,506,1,3
1790,507,1,3
1790,508,1,3
1790,509,1,3
1790,510,1,3
1790,511,1,3
1790,512,1,3
1790,513,1,3
1790,514,1,3
1790,515,1,3
1790,516,1,3
1790,517,1,3
1790,518,1,3
1790,519,1,3
1790,520,1,3
1790,521,1,3
1790,522,1,3
1790,523,1,3
1790,524,1,3
1790,525,1,3
1790,526,1,3
1790,527,1,3
1790,528,1,3
1790,529,1,3
1790,530,1,3
1790,531,1,2
1790,532,1,2
1790,533,1,2
1790,534,1,2
1790,535,1,2
1790,536,1,2
1790,537,1,2
1790,538,1,2
1790,539,1,2
1790,540,1,2
1790,541,1,2
1790,542,1,2
1790,543,1,2
1790,544,1,2
1790,545,1,2
1790,546,1,2
1790,547,1,2
1790,548,1,2
1790,549,1,2
1790,550,1,2
1790,551,1,2
1790,552,1,2
1790,553,1,2
1790,554,1,2
1790,555,1,2
1790,556,1,2
1790,557,1,2
1790,558,1,2
1790,559,1,2
1790,560,1,2
1790,561,1,3
1790,562,1,3
1790,563,1,3
1790,564,1,3
1790,565,1,3
1790,566,1,3
1790,567,1,3
1790,568,1,3
1790,569,1,3
1790,570,1,3
1790,571,1,3
1790,572,1,3
1790,573,1,3
1790,574,1,3
1790,575,1,3
1790,576,1,3
1790,577,1,3
1790,578,1,3
1790,579,1,3
1790,580,1,3
1790,581,1,3
1790,582,1,3
1790,583,1,2
1790,584,1,2
1790,585,1,2
1790,586,1,3
1790,587,1,3
1790,588,1,3
1790,589,1,3
1790,590,1,3
1790,591,1,3
1790,592,1,3
1790,593,1,3
1790,594,1,3
1790,595,1,3
1790,596,1,3
1790,597,1,3
1790,598,1,3
1790,599,1,3
1790,600,1,3
1790,601,1,3
1790,602,1,3
1790,603,1,3
1790,604,1,3
1790,605,1,3
1790,606,1,3
1790,607,1,3
1790,608,1,3
1790,609,1,3
1790,610,1,3
1790,611,1,3
1790,612,1,3
1790,613,1,3
1790,614,1,3
1790,615,1,3
1790,616,1,3
1790,617,1,3
1790,618,1,2
1790,619,1,2
1790,620,1,2
1790,621,1,2
1790,622,1,2
1790,623,1,2
1790,624,1,2
1790,625,1,2
1790,626,1,2
1790,627,1,2
1790,628,1,2
1790,629,1,2
1790,630,1,2
1790,631,1,2
1790,632,1,2
1790,633,1,2
1790,634,1,2
1790,635,1,2
1790,636,1,2
1790,637,1,2
1790,638,1,2
1790,639,1,2
1790,640,1,2
1790,641,1,2
1790,642,1,2
1790,643,1,2
1790,644,1,2
1790,645,1,2
1790,646,1,2
1790,647,1,2
1790,648,1,2
1790,649,1,2
1790,650,1,2
1791,142,1,2
1791,143,1,2
1791,144,1,2
1791,145,1,2
1791,146,1,2
1791,147,1,2
1791,148,1,2
1791,149,1,2
1791,150,1,2
1791,151,1,2
1791,152,1,2
1791,153,1,2
1791,154,1,2
1791,155,1,2
1791,156,1,2
1791,157,1,2
1791,158,1,2
1791,159,1,2
1791,160,1,2
1791,161,1,2
1791,162,1,3
1791,163,1,3
1791,164,1,3
1791,165,1,3
1791,166,1,3
1791,167,1,3
1791,168,1,3
1791,169,1,3
1791,170,1,3
1791,171,1,3
1791,172,1,3
1791,173,1,3
1791,174,1,3
1791,175,1,3
1791,176,1,3
1791,177,1,3
1791,178,1,2
1791,179,1,2
1791,180,1,2
1791,181,1,2
1791,182,1,2
1791,183,1,2
1791,184,1,2
1791,185,1,2
1791,186,1,2
1791,187,1,2
1791,188,1,2
1791,189,1,2
1791,190,1,2
1791,191,1,2
1791,192,1,2
1791,193,1,2
1791,194,1,2
1791,195,1,2
1791,196,1,2
1791,197,1,2
1791,198,1,2
1791,199,1,2
1791,200,1,2
1791,201,1,2
1791,202,1,2
1791,203,1,2
1791,204,1,2
1791,205,1,2
1791,206,1,2
1791,207,1,2
1791,208,1,2
1791,209,1,2
1791,210,1,2
1791,211,1,2
1791,212,1,2
1791,213,1,2
1791,214,1,2
1791,215,1,2
1791,216,1,2
1791,217,1,2
1791,218,1,2
1791,219,1,2
1791,220,1,2
1791,221,1,2
1791,222,1,2
1791,223,1,2
1791,224,1,2
1791,225,1,2
1791,226,1,2
1791,227,1,2
1791,228,1,2
1791,229,1,2
1791,230,1,2
1791,231,1,2
1791,232,1,2
1791,233,1,2
1791,234,1,2
1791,235,1,2
1791,236,1,2
1791,237,1,2
1791,238,1,2
1791,239,1,2
1791,240,1,2
1791,241,1,2
1791,242,1,2
1791,243,1,2
1791,244,1,2
1791,245,1,2
1791,246,1,2
1791,247,1,2
1791,248,1,2
1791,249,1,2
1791,250,1,2
1791,251,1,2
1791,252,1,2
1791,253,1,2
1791,254,1,2
1791,255,1,2
1791,256,1,2
1791,257,1,2
1791,258,1,2
1791,259,1,2
1791,260,1,2
1791,261,1,2
1791,262,1,2
1791,263,1,2
1791,264,1,2
1791,265,1,2
1791,266,1,2
1791,267,1,2
1791,268,1,2
1791,269,1,2
1791,270,1,2
1791,271,1,2
1791,272,1,2
1791,273,1,2
1791,274,1,2
1791,275,1,2
1791,276,1,2
1791,277,1,2
1791,278,1,2
1791,279,1,2
1791,280,1,2
1791,281,1,2
1791,282,1,2
1791,283,1,2
1791,284,1,2
1791,285,1,2
1791,286,1,2
1791,287,1,2
1791,288,1,2
1791,289,1,2
1791,290,1,2
1791,291,1,2
1791,292,1,2
1791,293,1,2
1791,294,1,2
1791,295,1,2
1791,296,1,2
1791,297,1,2
1791,298,1,2
1791,299,1,2
1791,300,1,2
1791,301,1,2
1791,302,1,2
1791,303,1,2
1791,304,1,2
1791,305,1,2
1791,306,1,2
1791,307,1,2
1791,308,1,2
1791,309,1,2
1791,310,1,2
1791,311,1,2
1791,312,1,2
1791,313,1,2
1791,314,1,2
1791,315,1,2
1791,316,1,2
1791,317,1,2
1791,318,1,2
1791,319,1,2
1791,320,1,2
1791,321,1,2
1791,322,1,2
1791,323,1,2
1791,324,1,2
1791,325,1,2
1791,326,1,2
1791,327,1,2
1791,328,1,2
1791,329,1,2
1791,330,1,2
1791,331,1,2
1791,332,1,2
1791,333,1,2
1791,334,1,2
1791,335,1,2
1791,336,1,2
1791,337,1,2
1791,338,1,2
1791,339,1,2
1791,340,1,2
1791,341,1,2
1791,342,1,2
1791,343,1,2
1791,344,1,2
1791,345,1,2
1791,346,1,2
1791,347,1,2
1791,348,1,2
1791,349,1,2
1791,350,1,2
1791,351,1,2
1791,352,1,2
1791,353,1,2
1791,354,1,2
1791,355,1,2
1791,356,1,2
1791,357,1,2
1791,358,1,2
1791,359,1,2
1791,360,1,2
1791,361,1,2
1791,362,1,2
1791,363,1,2
1791,364,1,2
1791,365,1,2
1791,366,1,2
1791,367,1,2
1791,368,1,2
1791,369,1,2
1791,370,1,2
1791,371,1,2
1791,372,1,2
1791,373,1,2
1791,374,1,2
1791,375,1,2
1791,376,1,2
1791,377,1,2
1791,378,1,2
1791,379,1,2
1791,380,1,2
1791,381,1,2
1791,382,1,2
1791,383,1,2
1791,384,1,2
1791,385,1,2
1791,386,1,2
1791,387,1,2
1791,388,1,2
1791,389,1,2
1791,390,1,2
1791,391,1,2
1791,392,1,2
1791,393,1,2
1791,394,1,2
1791,395,1,2
1791,396,1,2
1791,397,1,2
1791,398,1,2
1791,399,1,2
1791,400,1,2
1791,401,1,2
1791,402,1,2
1791,403,1,2
1791,404,1,2
1791,405,1,2
1791,406,1,2
1791,407,1,2
1791,408,1,2
1791,409,1,2
1791,410,1,2
1791,411,1,2
1791,412,1,2
1791,413,1,2
1791,414,1,2
1791,415,1,2
1791,416,1,2
1791,417,1,2
1791,418,1,2
1791,419,1,2
1791,420,1,2
1791,421,1,2
1791,422,1,2
1791,423,1,2
1791,424,1,2
1791,425,1,2
1791,426,1,2
1791,427,1,2
1791,428,1,2
1791,429,1,2
1791,430,1,2
1791,431,1,2
1791,432,1,2
1791,433,1,2
1791,434,1,2
1791,435,1,2
1791,436,1,2
1791,437,1,2
1791,438,1,2
1791,439,1,2
1791,440,1,2
1791,441,1,2
1791,442,1,2
1791,443,1,2
1791,444,1,2
1791,445,1,2
1791,446,1,2
1791,447,1,2
1791,448,1,2
1791,449,1,2
1791,450,1,2
1791,451,1,2
1791,452,1,2
1791,453,1,2
1791,454,1,2
1791,455,1,2
1791,456,1,2
1791,457,1,3
1791,458,1,3
1791,459,1,3
1791,460,1,3
1791,461,1,3
1791,462,1,3
1791,463,1,3
1791,464,1,3
1791,465,1,3
1791,466,1,3
1791,467,1,3
1791,468,1,3
1791,469,1,3
1791,470,1,3
1791,471,1,3
1791,472,1,3
1791,473,1,3
1791,474,1,3
1791,475,1,3
1791,476,1,3
1791,477,1,3
1791,478,1,3
1791,479,1,3
1791,480,1,3
1791,481,1,3
1791,482,1,3
1791,483,1,3
1791,484,1,3
1791,485,1,3
1791,486,1,3
1791,487,1,3
1791,488,1,3
1791,489,1,3
1791,490,1,3
1791,491,1,3
1791,492,1,3
1791,493,1,3
1791,494,1,3
1791,495,1,3
1791,496,1,3
1791,497,1,3
1791,498,1,3
1791,499,1,3
1791,500,1,3
1791,501,1,3
1791,502,1,3
1791,503,1,3
1791,504,1,3
1791,505,1,3
1791,506,1,3
1791,507,1,3
1791,508,1,3
1791,509,1,3
1791,510,1,3
1791,511,1,3
1791,512,1,3
1791,513,1,3
1791,514,1,3
1791,515,1,3
1791,516,1,3
1791,517,1,3
1791,518,1,3
1791,519,1,3
1791,520,1,3
1791,521,1,3
1791,522,1,3
1791,523,1,3
1791,524,1,3
1791,525,1,3
1791,526,1,3
1791,527,1,3
1791,528,1,3
1791,529,1,3
1791,530,1,3
1791,531,1,2
1791,532,1,2
1791,533,1,2
1791,534,1,2
1791,535,1,2
1791,536,1,2
1791,537,1,2
1791,538,1,2
1791,539,1,2
1791,540,1,2
1791,541,1,2
1791,542,1,2
1791,543,1,2
1791,544,1,2
1791,545,1,2
1791,546,1,2
1791,547,1,2
1791,548,1,2
1791,549,1,2
1791,550,1,2
1791,551,1,2
1791,552,1,2
1791,553,1,2
1791,554,1,2
1791,555,1,2
1791,556,1,2
1791,557,1,2
1791,558,1,2
1791,559,1,2
1791,560,1,2
1791,561,1,3
1791,562,1,3
1791,563,1,3
1791,564,1,3
1791,565,1,3
1791,566,1,3
1791,567,1,3
1791,568,1,3
1791,569,1,3
1791,570,1,3
1791,571,1,3
1791,572,1,3
1791,573,1,3
1791,574,1,3
1791,575,1,3
1791,576,1,3
1791,577,1,3
1791,578,1,3
1791,579,1,3
1791,580,1,3
1791,581,1,3
1791,582,1,2
1791,583,1,2
1791,584,1,2
1791,585,1,2
1791,586,1,2
1791,587,1,3
1791,588,1,3
1791,589,1,3
1791,590,1,3
1791,591,1,3
1791,592,1,3
1791,593,1,3
1791,594,1,3
1791,595,1,3
1791,596,1,3
1791,597,1,3
1791,598,1,3
1791,599,1,3
1791,600,1,3
1791,601,1,3
1791,602,1,3
1791,603,1,2
1791,604,1,3
1791,605,1,3
1791,606,1,3
1791,607,1,3
1791,608,1,3
1791,609,1,3
1791,610,1,3
1791,611,1,3
1791,612,1,3
1791,613,1,3
1791,614,1,3
1791,615,1,3
1791,616,1,3
1791,617,1,3
1791,618,1,2
1791,619,1,2
1791,620,1,2
1791,621,1,2
1791,622,1,2
1791,623,1,2
1791,624,1,2
1791,625,1,2
1791,626,1,2
1791,627,1,2
1791,628,1,2
1791,629,1,2
1791,630,1,2
1791,631,1,2
1791,632,1,2
1791,633,1,2
1791,634,1,2
1791,635,1,2
1791,636,1,2
1791,637,1,2
1791,638,1,2
1791,639,1,2
1791,640,1,2
1791,641,1,2
1791,642,1,2
1791,643,1,2
1791,644,1,2
1791,645,1,2
1791,646,1,2
1791,647,1,2
1791,648,1,2
1791,649,1,2
1791,650,1,2
1792,141,1,2
1792,142,1,2
1792,143,1,2
1792,144,1,2
1792,145,1,2
1792,146,1,2
1792,147,1,2
1792,148,1,2
1792,149,1,2
1792,150,1,2
1792,151,1,2
1792,152,1,2
1792,153,1,2
1792,154,1,2
1792,155,1,2
1792,156,1,2
1792,157,1,2
1792,158,1,2
1792,159,1,2
1792,160,1,2
1792,161,1,2
1792,162,1,3
1792,163,1,3
1792,164,1,3
1792,165,1,3
1792,166,1,3
1792,167,1,3
1792,168,1,3
1792,169,1,3
1792,170,1,3
1792,171,1,3
1792,172,1,3
1792,173,1,3
1792,174,1,3
1792,175,1,3
1792,176,1,3
1792,177,1,2
1792,178,1,2
1792,179,1,2
1792,180,1,2
1792,181,1,2
1792,182,1,2
1792,183,1,2
1792,184,1,2
1792,185,1,2
1792,186,1,2
1792,187,1,2
1792,188,1,2
1792,189,1,2
1792,190,1,2
1792,191,1,2
1792,192,1,2
1792,193,1,2
1792,194,1,2
1792,195,1,2
1792,196,1,2
1792,197,1,2
1792,198,1,2
1792,199,1,2
1792,200,1,2
1792,201,1,2
1792,202,1,2
1792,203,1,2
1792,204,1,2
1792,205,1,2
1792,206,1,2
1792,207,1,2
1792,208,1,2
1792,209,1,2
1792,210,1,2
1792,211,1,2
1792,212,1,2
1792,213,1,2
1792,214,1,2
1792,215,1,2
1792,216,1,2
1792,217,1,2
1792,218,1,2
1792,219,1,2
1792,220,1,2
1792,221,1,2
1792,222,1,2
1792,223,1,2
1792,224,1,2
1792,225,1,2
1792,226,1,2
1792,227,1,2
1792,228,1,2
1792,229,1,2
1792,230,1,2
1792,231,1,2
1792,232,1,2
1792,233,1,2
1792,234,1,2
1792,235,1,2
1792,236,1,2
1792,237,1,2
1792,238,1,2
1792,239,1,2
1792,240,1,2
1792,241,1,2
1792,242,1,2
1792,243,1,2
1792,244,1,2
1792,245,1,2
1792,246,1,2
1792,247,1,2
1792,248,1,2
1792,249,1,2
1792,250,1,2
1792,251,1,2
1792,252,1,2
1792,253,1,2
1792,254,1,2
1792,255,1,2
1792,256,1,2
1792,257,1,2
1792,258,1,2
1792,259,1,2
1792,260,1,2
1792,261,1,2
1792,262,1,2
1792,263,1,2
1792,264,1,2
1792,265,1,2
1792,266,1,2
1792,267,1,2
1792,268,1,2
1792,269,1,2
1792,270,1,2
1792,271,1,2
1792,272,1,2
1792,273,1,2
1792,274,1,2
1792,275,1,2
1792,276,1,2
1792,277,1,2
1792,278,1,2
1792,279,1,2
1792,280,1,2
1792,281,1,2
1792,282,1,2
1792,283,1,2
1792,284,1,2
1792,285,1,2
1792,286,1,2
1792,287,1,2
1792,288,1,2
1792,289,1,2
1792,290,1,2
1792,291,1,2
1792,292,1,2
1792,293,1,2
1792,294,1,2
1792,295,1,2
1792,296,1,2
1792,297,1,2
1792,298,1,2
1792,299,1,2
1792,300,1,2
1792,301,1,2
1792,302,1,2
1792,303,1,2
1792,304,1,2
1792,305,1,2
1792,306,1,2
1792,307,1,2
1792,308,1,2
1792,309,1,2
1792,310,1,2
1792,311,1,2
1792,312,1,2
1792,313,1,2
1792,314,1,2
1792,315,1,2
1792,316,1,2
1792,317,1,2
1792,318,1,2
1792,319,1,2
1792,320,1,2
1792,321,1,2
1792,322,1,2
1792,323,1,2
1792,324,1,2
1792,325,1,2
1792,326,1,2
1792,327,1,2
1792,328,1,2
1792,329,1,2
1792,330,1,2
1792,331,1,2
1792,332,1,2
1792,333,1,2
1792,334,1,2
1792,335,1,2
1792,336,1,2
1792,337,1,2
1792,338,1,2
1792,339,1,2
1792,340,1,2
1792,341,1,2
1792,342,1,2
1792,343,1,2
1792,344,1,2
1792,345,1,2
1792,346,1,2
1792,347,1,2
1792,348,1,2
1792,349,1,2
1792,350,1,2
1792,351,1,2
1792,352,1,2
1792,353,1,2
1792,354,1,2
1792,355,1,2
1792,356,1,2
1792,357,1,2
1792,358,1,2
1792,359,1,2
1792,360,1,2
1792,361,1,2
1792,362,1,2
1792,363,1,2
1792,364,1,2
1792,365,1,2
1792,366,1,2
1792,367,1,2
1792,368,1,2
1792,369,1,2
1792,370,1,2
1792,371,1,2
1792,372,1,2
1792,373,1,2
1792,374,1,2
1792,375,1,2
1792,376,1,2
1792,377,1,2
1792,378,1,2
1792,379,1,2
1792,380,1,2
1792,381,1,2
1792,382,1,2
1792,383,1,2
1792,384,1,2
1792,385,1,2
1792,386,1,2
1792,387,1,2
1792,388,1,2
1792,389,1,2
1792,390,1,2
1792,391,1,2
1792,392,1,2
1792,393,1,2
1792,394,1,2
1792,395,1,2
1792,396,1,2
1792,397,1,2
1792,398,1,2
1792,399,1,2
1792,400,1,2
1792,401,1,2
1792,402,1,2
1792,403,1,2
1792,404,1,2
1792,405,1,2
1792,406,1,2
1792,407,1,2
1792,408,1,2
1792,409,1,2
1792,410,1,2
1792,411,1,2
1792,412,1,2
1792,413,1,2
1792,414,1,2
1792,415,1,2
1792,416,1,2
1792,417,1,2
1792,418,1,2
1792,419,1,2
1792,420,1,2
1792,421,1,2
1792,422,1,2
1792,423,1,2
1792,424,1,2
1792,425,1,2
1792,426,1,2
1792,427,1,2
1792,428,1,2
1792,429,1,2
1792,430,1,2
1792,431,1,2
1792,432,1,2
1792,433,1,2
1792,434,1,2
1792,435,1,2
1792,436,1,2
1792,437,1,2
1792,438,1,2
1792,439,1,2
1792,440,1,2
1792,441,1,2
1792,442,1,2
1792,443,1,2
1792,444,1,2
1792,445,1,2
1792,446,1,2
1792,447,1,2
1792,448,1,2
1792,449,1,2
1792,450,1,2
1792,451,1,2
1792,452,1,2
1792,453,1,2
1792,454,1,2
1792,455,1,2
1792,456,1,2
1792,457,1,3
1792,458,1,3
1792,459,1,3
1792,460,1,3
1792,461,1,3
1792,462,1,3
1792,463,1,3
1792,464,1,3
1792,465,1,3
1792,466,1,3
1792,467,1,3
1792,468,1,3
1792,469,1,3
1792,470,1,3
1792,471,1,3
1792,472,1,3
1792,473,1,3
1792,474,1,3
1792,475,1,3
1792,476,1,3
1792,477,1,3
1792,478,1,3
1792,479,1,3
1792,480,1,3
1792,481,1,3
1792,482,1,3
1792,483,1,3
1792,484,1,3
1792,485,1,3
1792,486,1,3
1792,487,1,3
1792,488,1,3
1792,489,1,3
1792,490,1,3
1792,491,1,3
1792,492,1,3
1792,493,1,3
1792,494,1,3
1792,495,1,3
1792,496,1,3
1792,497,1,3
1792,498,1,3
1792,499,1,3
1792,500,1,3
1792,501,1,3
1792,502,1,3
1792,503,1,3
1792,504,1,3
1792,505,1,3
1792,506,1,3
1792,507,1,3
1792,508,1,3
1792,509,1,3
1792,510,1,3
1792,511,1,3
1792,512,1,3
1792,513,1,3
1792,514,1,3
1792,515,1,3
1792,516,1,3
1792,517,1,3
1792,518,1,3
1792,519,1,3
1792,520,1,3
1792,521,1,3
1792,522,1,3
1792,523,1,3
1792,524,1,3
1792,525,1,3
1792,526,1,3
1792,527,1,3
1792,528,1,3
1792,529,1,3
1792,530,1,2
1792,531,1,2
1792,532,1,2
1792,533,1,2
1792,534,1,2
1792,535,1,2
1792,536,1,2
1792,537,1,2
1792,538,1,2
1792,539,1,2
1792,540,1,2
1792,541,1,2
1792,542,1,2
1792,543,1,2
1792,544,1,2
1792,545,1,2
1792,546,1,2
1792,547,1,2
1792,548,1,2
1792,549,1,2
1792,550,1,2
1792,551,1,2
1792,552,1,2
1792,553,1,2
1792,554,1,2
1792,555,1,2
1792,556,1,2
1792,557,1,2
1792,558,1,2
1792,559,1,2
1792,560,1,2
1792,561,1,3
1792,562,1,3
1792,563,1,3
1792,564,1,3
1792,565,1,3
1792,566,1,3
1792,567,1,3
1792,568,1,3
1792,569,1,3
1792,570,1,3
1792,571,1,3
1792,572,1,3
1792,573,1,3
1792,574,1,3
1792,575,1,3
1792,576,1,3
1792,577,1,3
1792,578,1,3
1792,579,1,3
1792,580,1,3
1792,581,1,3
1792,582,1,3
1792,583,1,3
1792,584,1,2
1792,585,1,3
1792,586,1,3
1792,587,1,3
1792,588,1,3
1792,589,1,3
1792,590,1,3
1792,591,1,3
1792,592,1,3
1792,593,1,3
1792,594,1,3
1792,595,1,3
1792,596,1,3
1792,597,1,3
1792,598,1,3
1792,599,1,3
1792,600,1,3
1792,601,1,3
1792,602,1,3
1792,603,1,2
1792,604,1,3
1792,605,1,3
1792,606,1,3
1792,607,1,3
1792,608,1,3
1792,609,1,3
1792,610,1,3
1792,611,1,3
1792,612,1,3
1792,613,1,3
1792,614,1,3
1792,615,1,3
1792,616,1,3
1792,617,1,2
1792,618,1,2
1792,619,1,2
1792,620,1,2
1792,621,1,2
1792,622,1,2
1792,623,1,2
1792,624,1,2
1792,625,1,2
1792,626,1,2
1792,627,1,2
1792,628,1,2
1792,629,1,2
1792,630,1,2
1792,631,1,2
1792,632,1,2
1792,633,1,2
1792,634,1,2
1792,635,1,2
1792,636,1,2
1792,637,1,2
1792,638,1,2
1792,639,1,2
1792,640,1,2
1792,641,1,2
1792,642,1,2
1792,643,1,2
1792,644,1,2
1792,645,1,2
1792,646,1,2
1792,647,1,2
1792,648,1,2
1792,649,1,2
1792,650,1,2
1792,651,1,2
1793,141,1,2
1793,142,1,2
1793,143,1,2
1793,144,1,2
1793,145,1,2
1793,146,1,2
1793,147,1,2
1793,148,1,2
1793,149,1,2
1793,150,1,2
1793,151,1,2
1793,152,1,2
1793,153,1,2
1793,154,1,2
1793,155,1,2
1793,156,1,2
1793,157,1,2
1793,158,1,2
1793,159,1,2
1793,160,1,2
1793,161,1,2
1793,162,1,3
1793,163,1,3
1793,164,1,3
1793,165,1,3
1793,166,1,3
1793,167,1,3
1793,168,1,3
1793,169,1,3
1793,170,1,3
1793,171,1,3
1793,172,1,3
1793,173,1,3
1793,174,1,3
1793,175,1,2
1793,176,1,2
1793,177,1,2
1793,178,1,2
1793,179,1,2
1793,180,1,2
1793,181,1,2
1793,182,1,2
1793,183,1,2
1793,184,1,2
1793,185,1,2
1793,186,1,2
1793,187,1,2
1793,188,1,2
1793,189,1,2
1793,190,1,2
1793,191,1,2
1793,192,1,2
1793,193,1,2
1793,194,1,2
1793,195,1,2
1793,196,1,2
1793,197,1,2
1793,198,1,2
1793,199,1,2
1793,200,1,2
1793,201,1,2
1793,202,1,2
1793,203,1,2
1793,204,1,2
1793,205,1,2
1793,206,1,2
1793,207,1,2
1793,208,1,2
1793,209,1,2
1793,210,1,2
1793,211,1,2
1793,212,1,2
1793,213,1,2
1793,214,1,2
1793,215,1,2
1793,216,1,2
1793,217,1,2
1793,218,1,2
1793,219,1,2
1793,220,1,2
1793,221,1,2
1793,222,1,2
1793,223,1,2
1793,224,1,2
1793,225,1,2
1793,226,1,2
1793,227,1,2
1793,228,1,2
1793,229,1,2
1793,230,1,2
1793,231,1,2
1793,232,1,2
1793,233,1,2
1793,234,1,2
1793,235,1,2
1793,236,1,2
1793,237,1,2
1793,238,1,2
1793,239,1,2
1793,240,1,2
1793,241,1,2
1793,242,1,2
1793,243,1,2
1793,244,1,2
1793,245,1,2
1793,246,1,2
1793,247,1,2
1793,248,1,2
1793,249,1,2
1793,250,1,2
1793,251,1,2
1793,252,1,2
1793,253,1,2
1793,254,1,2
1793,255,1,2
1793,256,1,2
1793,257,1,2
1793,258,1,2
1793,259,1,2
1793,260,1,2
1793,261,1,2
1793,262,1,2
1793,263,1,2
1793,264,1,2
1793,265,1,2
1793,266,1,2
1793,267,1,2
1793,268,1,2
1793,269,1,2
1793,270,1,2
1793,271,1,2
1793,272,1,2
1793,273,1,2
1793,274,1,2
1793,275,1,2
1793,276,1,2
1793,277,1,2
1793,278,1,2
1793,279,1,2
1793,280,1,2
1793,281,1,2
1793,282,1,2
1793,283,1,2
1793,284,1,2
1793,285,1,2
1793,286,1,2
1793,287,1,2
1793,288,1,2
1793,289,1,2
1793,290,1,2
1793,291,1,2
1793,292,1,2
1793,293,1,2
1793,294,1,2
1793,295,1,2
1793,296,1,2
1793,297,1,2
1793,298,1,2
1793,299,1,2
1793,300,1,2
1793,301,1,2
1793,302,1,2
1793,303,1,2
1793,304,1,2
1793,305,1,2
1793,306,1,2
1793,307,1,2
1793,308,1,2
1793,309,1,2
1793,310,1,2
1793,311,1,2
1793,312,1,2
1793,313,1,2
1793,314,1,2
1793,315,1,2
1793,316,1,2
1793,317,1,2
1793,318,1,2
1793,319,1,2
1793,320,1,2
1793,321,1,2
1793,322,1,2
1793,323,1,2
1793,324,1,2
1793,325,1,2
1793,326,1,2
1793,327,1,2
1793,328,1,2
1793,329,1,2
1793,330,1,2
1793,331,1,2
1793,332,1,2
1793,333,1,2
1793,334,1,2
1793,335,1,2
1793,336,1,2
1793,337,1,2
1793,338,1,2
1793,339,1,2
1793,340,1,2
1793,341,1,2
1793,342,1,2
1793,343,1,2
1793,344,1,2
1793,345,1,2
1793,346,1,2
1793,347,1,2
1793,348,1,2
1793,349,1,2
1793,350,1,2
1793,351,1,2
1793,352,1,2
1793,353,1,2
1793,354,1,2
1793,355,1,2
1793,356,1,2
1793,357,1,2
1793,358,1,2
1793,359,1,2
1793,360,1,2
1793,361,1,2
1793,362,1,2
1793,363,1,2
1793,364,1,2
1793,365,1,2
1793,366,1,2
1793,367,1,2
1793,368,1,2
1793,369,1,2
1793,370,1,2
1793,371,1,2
1793,372,1,2
1793,373,1,2
1793,374,1,2
1793,375,1,2
1793,376,1,2
1793,377,1,2
1793,378,1,2
1793,379,1,2
1793,380,1,2
1793,381,1,2
1793,382,1,2
1793,383,1,2
1793,384,1,2
1793,385,1,2
1793,386,1,2
1793,387,1,2
1793,388,1,2
1793,389,1,2
1793,390,1,2
1793,391,1,2
1793,392,1,2
1793,393,1,2
1793,394,1,2
1793,395,1,2
1793,396,1,2
1793,397,1,2
1793,398,1,2
1793,399,1,2
1793,400,1,2
1793,401,1,2
1793,402,1,2
1793,403,1,2
1793,404,1,2
1793,405,1,2
1793,406,1,2
1793,407,1,2
1793,408,1,2
1793,409,1,2
1793,410,1,2
1793,411,1,2
1793,412,1,2
1793,413,1,2
1793,414,1,2
1793,415,1,2
1793,416,1,2
1793,417,1,2
1793,418,1,2
1793,419,1,2
1793,420,1,2
1793,421,1,2
1793,422,1,2
1793,423,1,2
1793,424,1,2
1793,425,1,2
1793,426,1,2
1793,427,1,2
1793,428,1,2
1793,429,1,2
1793,430,1,2
1793,431,1,2
1793,432,1,2
1793,433,1,2
1793,434,1,2
1793,435,1,2
1793,436,1,2
1793,437,1,2
1793,438,1,2
1793,439,1,2
1793,440,1,2
1793,441,1,2
1793,442,1,2
1793,443,1,2
1793,444,1,2
1793,445,1,2
1793,446,1,2
1793,447,1,2
1793,448,1,2
1793,449,1,2
1793,450,1,2
1793,451,1,2
1793,452,1,2
1793,453,1,2
1793,454,1,2
1793,455,1,2
1793,456,1,2
1793,457,1,2
1793,458,1,3
1793,459,1,3
1793,460,1,3
1793,461,1,3
1793,462,1,3
1793,463,1,3
1793,464,1,3
1793,465,1,3
1793,466,1,3
1793,467,1,3
1793,468,1,3
1793,469,1,3
1793,470,1,3
1793,471,1,3
1793,472,1,3
1793,473,1,3
1793,474,1,3
1793,475,1,3
1793,476,1,3
1793,477,1,3
1793,478,1,3
1793,479,1,3
1793,480,1,3
1793,481,1,3
1793,482,1,3
1793,483,1,3
1793,484,1,3
1793,485,1,3
1793,486,1,3
1793,487,1,3
1793,488,1,3
1793,489,1,3
1793,490,1,3
1793,491,1,3
1793,492,1,3
1793,493,1,3
1793,494,1,3
1793,495,1,3
1793,496,1,3
1793,497,1,3
1793,498,1,3
1793,499,1,3
1793,500,1,3
1793,501,1,3
1793,502,1,3
1793,503,1,3
1793,504,1,3
1793,505,1,3
1793,506,1,3
1793,507,1,3
1793,508,1,3
1793,509,1,3
1793,510,1,3
1793,511,1,3
1793,512,1,3
1793,513,1,3
1793,514,1,3
1793,515,1,3
1793,516,1,3
1793,517,1,3
1793,518,1,3
1793,519,1,3
1793,520,1,3
1793,521,1,3
1793,522,1,3
1793,523,1,3
1793,524,1,3
1793,525,1,3
1793,526,1,3
1793,527,1,3
1793,528,1,3
1793,529,1,3
1793,530,1,2
1793,531,1,2
1793,532,1,2
1793,533,1,2
1793,534,1,2
1793,535,1,2
1793,536,1,2
1793,537,1,2
1793,538,1,2
1793,539,1,2
1793,540,1,2
1793,541,1,2
1793,542,1,2
1793,543,1,2
1793,544,1,2
1793,545,1,2
1793,546,1,2
1793,547,1,2
1793,548,1,2
1793,549,1,2
1793,550,1,2
1793,551,1,2
1793,552,1,2
1793,553,1,2
1793,554,1,2
1793,555,1,2
1793,556,1,2
1793,557,1,2
1793,558,1,2
1793,559,1,2
1793,560,1,2
1793,561,1,2
1793,562,1,3
1793,563,1,3
1793,564,1,3
1793,565,1,3
1793,566,1,3
1793,567,1,3
1793,568,1,3
1793,569,1,3
1793,570,1,3
1793,571,1,3
1793,572,1,3
1793,573,1,3
1793,574,1,3
1793,575,1,3
1793,576,1,3
1793,577,1,3
1793,578,1,3
1793,579,1,3
1793,580,1,3
1793,581,1,3
1793,582,1,3
1793,583,1,3
1793,584,1,3
1793,585,1,3
1793,586,1,3
1793,587,1,3
1793,588,1,3
1793,589,1,3
1793,590,1,3
1793,591,1,3
1793,592,1,3
1793,593,1,3
1793,594,1,3
1793,595,1,3
1793,596,1,3
1793,597,1,3
1793,598,1,3
1793,599,1,3
1793,600,1,3
1793,601,1,3
1793,602,1,3
1793,603,1,3
1793,604,1,3
1793,605,1,3
1793,606,1,3
1793,607,1,3
1793,608,1,3
1793,609,1,3
1793,610,1,3
1793,611,1,3
1793,612,1,3
1793,613,1,3
1793,614,1,3
1793,615,1,3
1793,616,1,2
1793,617,1,2
1793,618,1,2
1793,619,1,2
1793,620,1,2
1793,621,1,2
1793,622,1,2
1793,623,1,2
1793,624,1,2
1793,625,1,2
1793,626,1,2
1793,627,1,2
1793,628,1,2
1793,629,1,2
1793,630,1,2
1793,631,1,2
1793,632,1,2
1793,633,1,2
1793,634,1,2
1793,635,1,2
1793,636,1,2
1793,637,1,2
1793,638,1,2
1793,639,1,2
1793,640,1,2
1793,641,1,2
1793,642,1,2
1793,643,1,2
1793,644,1,2
1793,645,1,2
1793,646,1,2
1793,647,1,2
1793,648,1,2
1793,649,1,2
1793,650,1,2
1794,141,1,2
1794,142,1,2
1794,143,1,2
1794,144,1,2
1794,145,1,2
1794,146,1,2
1794,147,1,2
1794,148,1,2
1794,149,1,2
1794,150,1,2
1794,151,1,2
1794,152,1,2
1794,153,1,2
1794,154,1,2
1794,155,1,2
1794,156,1,2
1794,157,1,2
1794,158,1,2
1794,159,1,2
1794,160,1,2
1794,161,1,3
1794,162,1,3
1794,163,1,3
1794,164,1,3
1794,165,1,3
1794,166,1,3
1794,167,1,3
1794,168,1,3
1794,169,1,3
1794,170,1,3
1794,171,1,3
1794,172,1,3
1794,173,1,3
1794,174,1,2
1794,175,1,2
1794,176,1,2
1794,177,1,2
1794,178,1,2
1794,179,1,2
1794,180,1,2
1794,181,1,2
1794,182,1,2
1794,183,1,2
1794,184,1,2
1794,185,1,2
1794,186,1,2
1794,187,1,2
1794,188,1,2
1794,189,1,2
1794,190,1,2
1794,191,1,2
1794,192,1,2
1794,193,1,2
1794,194,1,2
1794,195,1,2
1794,196,1,2
1794,197,1,2
1794,198,1,2
1794,199,1,2
1794,200,1,2
1794,201,1,2
1794,202,1,2
1794,203,1,2
1794,204,1,2
1794,205,1,2
1794,206,1,2
1794,207,1,2
1794,208,1,2
1794,209,1,2
1794,210,1,2
1794,211,1,2
1794,212,1,2
1794,213,1,2
1794,214,1,2
1794,215,1,2
1794,216,1,2
1794,217,1,2
1794,218,1,2
1794,219,1,2
1794,220,1,2
1794,221,1,2
1794,222,1,2
1794,223,1,2
1794,224,1,2
1794,225,1,2
1794,226,1,2
1794,227,1,2
1794,228,1,2
1794,229,1,2
1794,230,1,2
1794,231,1,2
1794,232,1,2
1794,233,1,2
1794,234,1,2
1794,235,1,2
1794,236,1,2
1794,237,1,2
1794,238,1,2
1794,239,1,2
1794,240,1,2
1794,241,1,2
1794,242,1,2
1794,243,1,2
1794,244,1,2
1794,245,1,2
1794,246,1,2
1794,247,1,2
1794,248,1,2
1794,249,1,2
1794,250,1,2
1794,251,1,2
1794,252,1,2
1794,253,1,2
1794,254,1,2
1794,255,1,2
1794,256,1,2
1794,257,1,2
1794,258,1,2
1794,259,1,2
1794,260,1,2
1794,261,1,2
1794,262,1,2
1794,263,1,2
1794,264,1,2
1794,265,1,2
1794,266,1,2
1794,267,1,2
1794,268,1,2
1794,269,1,2
1794,270,1,2
1794,271,1,2
1794,272,1,2
1794,273,1,2
1794,274,1,2
1794,275,1,2
1794,276,1,2
1794,277,1,2
1794,278,1,2
1794,279,1,2
1794,280,1,2
1794,281,1,2
1794,282,1,2
1794,283,1,2
1794,284,1,2
1794,285,1,2
1794,286,1,2
1794,287,1,2
1794,288,1,2
1794,289,1,2
1794,290,1,2
1794,291,1,2
1794,292,1,2
1794,293,1,2
1794,294,1,2
1794,295,1,2
1794,296,1,2
1794,297,1,2
1794,298,1,2
1794,299,1,2
1794,300,1,2
1794,301,1,2
1794,302,1,2
1794,303,1,2
1794,304,1,2
1794,305,1,2
1794,306,1,2
1794,307,1,2
1794,308,1,2
1794,309,1,2
1794,310,1,2
1794,311,1,2
1794,312,1,2
1794,313,1,2
1794,314,1,2
1794,315,1,2
1794,316,1,2
1794,317,1,2
1794,318,1,2
1794,319,1,2
1794,320,1,2
1794,321,1,2
1794,322,1,2
1794,323,1,2
1794,324,1,2
1794,325,1,2
1794,326,1,2
1794,327,1,2
1794,328,1,2
1794,329,1,2
1794,330,1,2
1794,331,1,2
1794,332,1,2
1794,333,1,2
1794,334,1,2
1794,335,1,2
1794,336,1,2
1794,337,1,2
1794,338,1,2
1794,339,1,2
1794,340,1,2
1794,341,1,2
1794,342,1,2
1794,343,1,2
1794,344,1,2
1794,345,1,2
1794,346,1,2
1794,347,1,2
1794,348,1,2
1794,349,1,2
1794,350,1,2
1794,351,1,2
1794,352,1,2
1794,353,1,2
1794,354,1,2
1794,355,1,2
1794,356,1,2
1794,357,1,2
1794,358,1,2
1794,359,1,2
1794,360,1,2
1794,361,1,2
1794,362,1,2
1794,363,1,2
1794,364,1,2
1794,365,1,2
1794,366,1,2
1794,367,1,2
1794,368,1,2
1794,369,1,2
1794,370,1,2
1794,371,1,2
1794,372,1,2
1794,373,1,2
1794,374,1,2
1794,375,1,2
1794,376,1,2
1794,377,1,2
1794,378,1,2
1794,379,1,2
1794,380,1,2
1794,381,1,2
1794,382,1,2
1794,383,1,2
1794,384,1,2
1794,385,1,2
1794,386,1,2
1794,387,1,2
1794,388,1,2
1794,389,1,2
1794,390,1,2
1794,391,1,2
1794,392,1,2
1794,393,1,2
1794,394,1,2
1794,395,1,2
1794,396,1,2
1794,397,1,2
1794,398,1,2
1794,399,1,2
1794,400,1,2
1794,401,1,2
1794,402,1,2
1794,403,1,2
1794,404,1,2
1794,405,1,2
1794,406,1,2
1794,407,1,2
1794,408,1,2
1794,409,1,2
1794,410,1,2
1794,411,1,2
1794,412,1,2
1794,413,1,2
1794,414,1,2
1794,415,1,2
1794,416,1,2
1794,417,1,2
1794,418,1,2
1794,419,1,2
1794,420,1,2
1794,421,1,2
1794,422,1,2
1794,423,1,2
1794,424,1,2
1794,425,1,2
1794,426,1,2
1794,427,1,2
1794,428,1,2
1794,429,1,2
1794,430,1,2
1794,431,1,2
1794,432,1,2
1794,433,1,2
1794,434,1,2
1794,435,1,2
1794,436,1,2
1794,437,1,2
1794,438,1,2
1794,439,1,2
1794,440,1,2
1794,441,1,2
1794,442,1,2
1794,443,1,2
1794,444,1,2
1794,445,1,2
1794,446,1,2
1794,447,1,2
1794,448,1,2
1794,449,1,2
1794,450,1,2
1794,451,1,2
1794,452,1,2
1794,453,1,2
1794,454,1,2
1794,455,1,2
1794,456,1,2
1794,457,1,2
1794,458,1,3
1794,459,1,3
1794,460,1,3
1794,461,1,3
1794,462,1,3
1794,463,1,3
1794,464,1,3
1794,465,1,3
1794,466,1,3
1794,467,1,3
1794,468,1,3
1794,469,1,3
1794,470,1,3
1794,471,1,3
1794,472,1,3
1794,473,1,3
1794,474,1,3
1794,475,1,3
1794,476,1,3
1794,477,1,3
1794,478,1,3
1794,479,1,3
1794,480,1,3
1794,481,1,3
1794,482,1,3
1794,483,1,3
1794,484,1,3
1794,485,1,3
1794,486,1,3
1794,487,1,3
1794,488,1,3
1794,489,1,3
1794,490,1,3
1794,491,1,3
1794,492,1,3
1794,493,1,3
1794,494,1,3
1794,495,1,3
1794,496,1,3
1794,497,1,3
1794,498,1,3
1794,499,1,3
1794,500,1,3
1794,501,1,3
1794,502,1,3
1794,503,1,3
1794,504,1,3
1794,505,1,3
1794,506,1,3
1794,507,1,3
1794,508,1,3
1794,509,1,3
1794,510,1,3
1794,511,1,3
1794,512,1,3
1794,513,1,3
1794,514,1,3
1794,515,1,3
1794,516,1,3
1794,517,1,3
1794,518,1,3
1794,519,1,3
1794,520,1,3
1794,521,1,3
1794,522,1,3
1794,523,1,3
1794,524,1,3
1794,525,1,3
1794,526,1,3
1794,527,1,3
1794,528,1,3
1794,529,1,3
1794,530,1,2
1794,531,1,2
1794,532,1,2
1794,533,1,2
1794,534,1,2
1794,535,1,2
1794,536,1,2
1794,537,1,2
1794,538,1,2
1794,539,1,2
1794,540,1,2
1794,541,1,2
1794,542,1,2
1794,543,1,2
1794,544,1,2
1794,545,1,2
1794,546,1,2
1794,547,1,2
1794,548,1,2
1794,549,1,2
1794,550,1,2
1794,551,1,2
1794,552,1,2
1794,553,1,2
1794,554,1,2
1794,555,1,2
1794,556,1,2
1794,557,1,2
1794,558,1,2
1794,559,1,2
1794,560,1,2
1794,561,1,2
1794,562,1,2
1794,563,1,3
1794,564,1,3
1794,565,1,3
1794,566,1,3
1794,567,1,3
1794,568,1,3
1794,569,1,3
1794,570,1,3
1794,571,1,3
1794,572,1,3
1794,573,1,3
1794,574,1,3
1794,575,1,3
1794,576,1,3
1794,577,1,3
1794,578,1,3
1794,579,1,3
1794,580,1,3
1794,581,1,3
1794,582,1,3
1794,583,1,3
1794,584,1,3
1794,585,1,3
1794,586,1,3
1794,587,1,3
1794,588,1,3
1794,589,1,3
1794,590,1,3
1794,591,1,3
1794,592,1,3
1794,593,1,3
1794,594,1,3
1794,595,1,3
1794,596,1,3
1794,597,1,3
1794,598,1,3
1794,599,1,3
1794,600,1,3
1794,601,1,3
1794,602,1,3
1794,603,1,3
1794,604,1,3
1794,605,1,3
1794,606,1,3
1794,607,1,3
1794,608,1,3
1794,609,1,3
1794,610,1,3
1794,611,1,3
1794,612,1,3
1794,613,1,3
1794,614,1,3
1794,615,1,2
1794,616,1,2
1794,617,1,2
1794,618,1,2
1794,619,1,2
1794,620,1,2
1794,621,1,2
1794,622,1,2
1794,623,1,2
1794,624,1,2
1794,625,1,2
1794,626,1,2
1794,627,1,2
1794,628,1,2
1794,629,1,2
1794,630,1,2
1794,631,1,2
1794,632,1,2
1794,633,1,2
1794,634,1,2
1794,635,1,2
1794,636,1,2
1794,637,1,2
1794,638,1,2
1794,639,1,2
1794,640,1,2
1794,641,1,2
1794,642,1,2
1794,643,1,2
1794,644,1,2
1794,645,1,2
1794,646,1,2
1794,647,1,2
1794,648,1,2
1794,649,1,2
1794,650,1,2
1794,651,1,2
1795,140,1,2
1795,141,1,2
1795,142,1,2
1795,143,1,2
1795,144,1,2
1795,145,1,2
1795,146,1,2
1795,147,1,2
1795,148,1,2
1795,149,1,2
1795,150,1,2
1795,151,1,2
1795,152,1,2
1795,153,1,2
1795,154,1,2
1795,155,1,2
1795,156,1,2
1795,157,1,2
1795,158,1,2
1795,159,1,2
1795,160,1,2
1795,161,1,3
1795,162,1,3
1795,163,1,3
1795,164,1,3
1795,165,1,3
1795,166,1,3
1795,167,1,3
1795,168,1,3
1795,169,1,3
1795,170,1,3
1795,171,1,3
1795,172,1,3
1795,173,1,3
1795,174,1,2
1795,175,1,2
1795,176,1,2
1795,177,1,2
1795,178,1,2
1795,179,1,2
1795,180,1,2
1795,181,1,2
1795,182,1,2
1795,183,1,2
1795,184,1,2
1795,185,1,2
1795,186,1,2
1795,187,1,2
1795,188,1,2
1795,189,1,2
1795,190,1,2
1795,191,1,2
1795,192,1,2
1795,193,1,2
1795,194,1,2
1795,195,1,2
1795,196,1,2
1795,197,1,2
1795,198,1,2
1795,199,1,2
1795,200,1,2
1795,201,1,2
1795,202,1,2
1795,203,1,2
1795,204,1,2
1795,205,1,2
1795,206,1,2
1795,207,1,2
1795,208,1,2
1795,209,1,2
1795,210,1,2
1795,211,1,2
1795,212,1,2
1795,213,1,2
1795,214,1,2
1795,215,1,2
1795,216,1,2
1795,217,1,2
1795,218,1,2
1795,219,1,2
1795,220,1,2
1795,221,1,2
1795,222,1,2
1795,223,1,2
1795,224,1,2
1795,225,1,2
1795,226,1,2
1795,227,1,2
1795,228,1,2
1795,229,1,2
1795,230,1,2
1795,231,1,2
1795,232,1,2
1795,233,1,2
1795,234,1,2
1795,235,1,2
1795,236,1,2
1795,237,1,2
1795,238,1,2
1795,239,1,2
1795,240,1,2
1795,241,1,2
1795,242,1,2
1795,243,1,2
1795,244,1,2
1795,245,1,2
1795,246,1,2
1795,247,1,2
1795,248,1,2
1795,249,1,2
1795,250,1,2
1795,251,1,2
1795,252,1,2
1795,253,1,2
1795,254,1,2
1795,255,1,2
1795,256,1,2
1795,257,1,2
1795,258,1,2
1795,259,1,2
1795,260,1,2
1795,261,1,2
1795,262,1,2
1795,263,1,2
1795,264,1,2
1795,265,1,2
1795,266,1,2
1795,267,1,2
1795,268,1,2
1795,269,1,2
1795,270,1,2
1795,271,1,2
1795,272,1,2
1795,273,1,2
1795,274,1,2
1795,275,1,2
1795,276,1,2
1795,277,1,2
1795,278,1,2
1795,279,1,2
1795,280,1,2
1795,281,1,2
1795,282,1,2
1795,283,1,2
1795,284,1,2
1795,285,1,2
1795,286,1,2
1795,287,1,2
1795,288,1,2
1795,289,1,2
1795,290,1,2
1795,291,1,2
1795,292,1,2
1795,293,1,2
1795,294,1,2
1795,295,1,2
1795,296,1,2
1795,297,1,2
1795,298,1,2
1795,299,1,2
1795,300,1,2
1795,301,1,2
1795,302,1,2
1795,303,1,2
1795,304,1,2
1795,305,1,2
1795,306,1,2
1795,307,1,2
1795,308,1,2
1795,309,1,2
1795,310,1,2
1795,311,1,2
1795,312,1,2
1795,313,1,2
1795,314,1,2
1795,315,1,2
1795,316,1,2
1795,317,1,2
1795,318,1,2
1795,319,1,2
1795,320,1,2
1795,321,1,2
1795,322,1,2
1795,323,1,2
1795,324,1,2
1795,325,1,2
1795,326,1,2
1795,327,1,2
1795,328,1,2
1795,329,1,2
1795,330,1,2
1795,331,1,2
1795,332,1,2
1795,333,1,2
1795,334,1,2
1795,335,1,2
1795,336,1,2
1795,337,1,2
1795,338,1,2
1795,339,1,2
1795,340,1,2
1795,341,1,2
1795,342,1,2
1795,343,1,2
1795,344,1,2
1795,345,1,2
1795,346,1,2
1795,347,1,2
1795,348,1,2
1795,349,1,2
1795,350,1,2
1795,351,1,2
1795,352,1,2
1795,353,1,2
1795,354,1,2
1795,355,1,2
1795,356,1,2
1795,357,1,2
1795,358,1,2
1795,359,1,2
1795,360,1,2
1795,361,1,2
1795,362,1,2
1795,363,1,2
1795,364,1,2
1795,365,1,2
1795,366,1,2
1795,367,1,2
1795,368,1,2
1795,369,1,2
1795,370,1,2
1795,371,1,2
1795,372,1,2
1795,373,1,2
1795,374,1,2
1795,375,1,2
1795,376,1,2
1795,377,1,2
1795,378,1,2
1795,379,1,2
1795,380,1,2
1795,381,1,2
1795,382,1,2
1795,383,1,2
1795,384,1,2
1795,385,1,2
1795,386,1,2
1795,387,1,2
1795,388,1,2
1795,389,1,2
1795,390,1,2
1795,391,1,2
1795,392,1,2
1795,393,1,2
1795,394,1,2
1795,395,1,2
1795,396,1,2
1795,397,1,2
1795,398,1,2
1795,399,1,2
1795,400,1,2
1795,401,1,2
1795,402,1,2
1795,403,1,2
1795,404,1,2
1795,405,1,2
1795,406,1,2
1795,407,1,2
1795,408,1,2
1795,409,1,2
1795,410,1,2
1795,411,1,2
1795,412,1,2
1795,413,1,2
1795,414,1,2
1795,415,1,2
1795,416,1,2
1795,417,1,2
1795,418,1,2
1795,419,1,2
1795,420,1,2
1795,421,1,2
1795,422,1,2
1795,423,1,2
1795,424,1,2
1795,425,1,2
1795,426,1,2
1795,427,1,2
1795,428,1,2
1795,429,1,2
1795,430,1,2
1795,431,1,2
1795,432,1,2
1795,433,1,2
1795,434,1,2
1795,435,1,2
1795,436,1,2
1795,437,1,2
1795,438,1,2
1795,439,1,2
1795,440,1,2
1795,441,1,2
1795,442,1,2
1795,443,1,2
1795,444,1,2
1795,445,1,2
1795,446,1,2
1795,447,1,2
1795,448,1,2
1795,449,1,2
1795,450,1,2
1795,451,1,2
1795,452,1,2
1795,453,1,2
1795,454,1,2
1795,455,1,2
1795,456,1,2
1795,457,1,2
1795,458,1,3
1795,459,1,3
1795,460,1,3
1795,461,1,3
1795,462,1,3
1795,463,1,3
1795,464,1,3
1795,465,1,3
1795,466,1,3
1795,467,1,3
1795,468,1,3
1795,469,1,3
1795,470,1,3
1795,471,1,3
1795,472,1,3
1795,473,1,3
1795,474,1,3
1795,475,1,3
1795,476,1,3
1795,477,1,3
1795,478,1,3
1795,479,1,3
1795,480,1,3
1795,481,1,3
1795,482,1,3
1795,483,1,3
1795,484,1,3
1795,485,1,3
1795,486,1,3
1795,487,1,3
1795,488,1,3
1795,489,1,3
1795,490,1,3
1795,491,1,3
1795,492,1,3
1795,493,1,3
1795,494,1,3
1795,495,1,3
1795,496,1,3
1795,497,1,3
1795,498,1,3
1795,499,1,3
1795,500,1,3
1795,501,1,3
1795,502,1,3
1795,503,1,3
1795,504,1,3
1795,505,1,3
1795,506,1,3
1795,507,1,3
1795,508,1,3
1795,509,1,3
1795,510,1,3
1795,511,1,3
1795,512,1,3
1795,513,1,3
1795,514,1,3
1795,515,1,3
1795,516,1,3
1795,517,1,3
1795,518,1,3
1795,519,1,3
1795,520,1,3
1795,521,1,3
1795,522,1,3
1795,523,1,3
1795,524,1,3
1795,525,1,3
1795,526,1,3
1795,527,1,3
1795,528,1,3
1795,529,1,3
1795,530,1,2
1795,531,1,2
1795,532,1,2
1795,533,1,2
1795,534,1,2
1795,535,1,2
1795,536,1,2
1795,537,1,2
1795,538,1,2
1795,539,1,2
1795,540,1,2
1795,541,1,2
1795,542,1,2
1795,543,1,2
1795,544,1,2
1795,545,1,2
1795,546,1,2
1795,547,1,2
1795,548,1,2
1795,549,1,2
1795,550,1,2
1795,551,1,2
1795,552,1,2
1795,553,1,2
1795,554,1,2
1795,555,1,2
1795,556,1,2
1795,557,1,2
1795,558,1,2
1795,559,1,2
1795,560,1,2
1795,561,1,2
1795,562,1,2
1795,563,1,2
1795,564,1,3
1795,565,1,3
1795,566,1,3
1795,567,1,3
1795,568,1,3
1795,569,1,3
1795,570,1,3
1795,571,1,3
1795,572,1,3
1795,573,1,3
1795,574,1,3
1795,575,1,3
1795,576,1,3
1795,577,1,3
1795,578,1,3
1795,579,1,3
1795,580,1,3
1795,581,1,3
1795,582,1,3
1795,583,1,3
1795,584,1,3
1795,585,1,3
1795,586,1,3
1795,587,1,3
1795,588,1,3
1795,589,1,3
1795,590,1,3
1795,591,1,3
1795,592,1,3
1795,593,1,3
1795,594,1,3
1795,595,1,3
1795,596,1,3
1795,597,1,3
1795,598,1,3
1795,599,1,3
1795,600,1,3
1795,601,1,3
1795,602,1,3
1795,603,1,3
1795,604,1,3
1795,605,1,3
1795,606,1,3
1795,607,1,3
1795,608,1,3
1795,609,1,3
1795,610,1,3
1795,611,1,3
1795,612,1,3
1795,613,1,3
1795,614,1,2
1795,615,1,2
1795,616,1,2
1795,617,1,2
1795,618,1,2
1795,619,1,2
1795,620,1,2
1795,621,1,2
1795,622,1,2
1795,623,1,2
1795,624,1,2
1795,625,1,2
1795,626,1,2
1795,627,1,2
1795,628,1,2
1795,629,1,2
1795,630,1,2
1795,631,1,2
1795,632,1,2
1795,633,1,2
1795,634,1,2
1795,635,1,2
1795,636,1,2
1795,637,1,2
1795,638,1,2
1795,639,1,2
1795,640,1,2
1795,641,1,2
1795,642,1,2
1795,643,1,2
1795,644,1,2
1795,645,1,2
1795,646,1,2
1795,647,1,2
1795,648,1,2
1795,649,1,2
1795,650,1,2
1796,140,1,2
1796,141,1,2
1796,142,1,2
1796,143,1,2
1796,144,1,2
1796,145,1,2
1796,146,1,2
1796,147,1,2
1796,148,1,2
1796,149,1,2
1796,150,1,2
1796,151,1,2
1796,152,1,2
1796,153,1,2
1796,154,1,2
1796,155,1,2
1796,156,1,2
1796,157,1,2
1796,158,1,2
1796,159,1,3
1796,160,1,3
1796,161,1,3
1796,162,1,3
1796,163,1,3
1796,164,1,3
1796,165,1,3
1796,166,1,3
1796,167,1,3
1796,168,1,3
1796,169,1,3
1796,170,1,3
1796,171,1,3
1796,172,1,3
1796,173,1,2
1796,174,1,2
1796,175,1,2
1796,176,1,2
1796,177,1,2
1796,178,1,2
1796,179,1,2
1796,180,1,2
1796,181,1,2
1796,182,1,2
1796,183,1,2
1796,184,1,2
1796,185,1,2
1796,186,1,2
1796,187,1,2
1796,188,1,2
1796,189,1,2
1796,190,1,2
1796,191,1,2
1796,192,1,2
1796,193,1,2
1796,194,1,2
1796,195,1,2
1796,196,1,2
1796,197,1,2
1796,198,1,2
1796,199,1,2
1796,200,1,2
1796,201,1,2
1796,202,1,2
1796,203,1,2
1796,204,1,2
1796,205,1,2
1796,206,1,2
1796,207,1,2
1796,208,1,2
1796,209,1,2
1796,210,1,2
1796,211,1,2
1796,212,1,2
1796,213,1,2
1796,214,1,2
1796,215,1,2
1796,216,1,2
1796,217,1,2
1796,218,1,2
1796,219,1,2
1796,220,1,2
1796,221,1,2
1796,222,1,2
1796,223,1,2
1796,224,1,2
1796,225,1,2
1796,226,1,2
1796,227,1,2
1796,228,1,2
1796,229,1,2
1796,230,1,2
1796,231,1,2
1796,232,1,2
1796,233,1,2
1796,234,1,2
1796,235,1,2
1796,236,1,2
1796,237,1,2
1796,238,1,2
1796,239,1,2
1796,240,1,2
1796,241,1,2
1796,242,1,2
1796,243,1,2
1796,244,1,2
1796,245,1,2
1796,246,1,2
1796,247,1,2
1796,248,1,2
1796,249,1,2
1796,250,1,2
1796,251,1,2
1796,252,1,2
1796,253,1,2
1796,254,1,2
1796,255,1,2
1796,256,1,2
1796,257,1,2
1796,258,1,2
1796,259,1,2
1796,260,1,2
1796,261,1,2
1796,262,1,2
1796,263,1,2
1796,264,1,2
1796,265,1,2
1796,266,1,2
1796,267,1,2
1796,268,1,2
1796,269,1,2
1796,270,1,2
1796,271,1,2
1796,272,1,2
1796,273,1,2
1796,274,1,2
1796,275,1,2
1796,276,1,2
1796,277,1,2
1796,278,1,2
1796,279,1,2
1796,280,1,2
1796,281,1,2
1796,282,1,2
1796,283,1,2
1796,284,1,2
1796,285,1,2
1796,286,1,2
1796,287,1,2
1796,288,1,2
1796,289,1,2
1796,290,1,2
1796,291,1,2
1796,292,1,2
1796,293,1,2
1796,294,1,2
1796,295,1,2
1796,296,1,2
1796,297,1,2
1796,298,1,2
1796,299,1,2
1796,300,1,2
1796,301,1,2
1796,302,1,2
1796,303,1,2
1796,304,1,2
1796,305,1,2
1796,306,1,2
1796,307,1,2
1796,308,1,2
1796,309,1,2
1796,310,1,2
1796,311,1,2
1796,312,1,2
1796,313,1,2
1796,314,1,2
1796,315,1,2
1796,316,1,2
1796,317,1,2
1796,318,1,2
1796,319,1,2
1796,320,1,2
1796,321,1,2
1796,322,1,2
1796,323,1,2
1796,324,1,2
1796,325,1,2
1796,326,1,2
1796,327,1,2
1796,328,1,2
1796,329,1,2
1796,330,1,2
1796,331,1,2
1796,332,1,2
1796,333,1,2
1796,334,1,2
1796,335,1,2
1796,336,1,2
1796,337,1,2
1796,338,1,2
1796,339,1,2
1796,340,1,2
1796,341,1,2
1796,342,1,2
1796,343,1,2
1796,344,1,2
1796,345,1,2
1796,346,1,2
1796,347,1,2
1796,348,1,2
1796,349,1,2
1796,350,1,2
1796,351,1,2
1796,352,1,2
1796,353,1,2
1796,354,1,2
1796,355,1,2
1796,356,1,2
1796,357,1,2
1796,358,1,2
1796,359,1,2
1796,360,1,2
1796,361,1,2
1796,362,1,2
1796,363,1,2
1796,364,1,2
1796,365,1,2
1796,366,1,2
1796,367,1,2
1796,368,1,2
1796,369,1,2
1796,370,1,2
1796,371,1,2
1796,372,1,2
1796,373,1,2
1796,374,1,2
1796,375,1,2
1796,376,1,2
1796,377,1,2
1796,378,1,2
1796,379,1,2
1796,380,1,2
1796,381,1,2
1796,382,1,2
1796,383,1,2
1796,384,1,2
1796,385,1,2
1796,386,1,2
1796,387,1,2
1796,388,1,2
1796,389,1,2
1796,390,1,2
1796,391,1,2
1796,392,1,2
1796,393,1,2
1796,394,1,2
1796,395,1,2
1796,396,1,2
1796,397,1,2
1796,398,1,2
1796,399,1,2
1796,400,1,2
1796,401,1,2
1796,402,1,2
1796,403,1,2
1796,404,1,2
1796,405,1,2
1796,406,1,2
1796,407,1,2
1796,408,1,2
1796,409,1,2
1796,410,1,2
1796,411,1,2
1796,412,1,2
1796,413,1,2
1796,414,1,2
1796,415,1,2
1796,416,1,2
1796,417,1,2
1796,418,1,2
1796,419,1,2
1796,420,1,2
1796,421,1,2
1796,422,1,2
1796,423,1,2
1796,424,1,2
1796,425,1,2
1796,426,1,2
1796,427,1,2
1796,428,1,2
1796,429,1,2
1796,430,1,2
1796,431,1,2
1796,432,1,2
1796,433,1,2
1796,434,1,2
1796,435,1,2
1796,436,1,2
1796,437,1,2
1796,438,1,2
1796,439,1,2
1796,440,1,2
1796,441,1,2
1796,442,1,2
1796,443,1,2
1796,444,1,2
1796,445,1,2
1796,446,1,2
1796,447,1,2
1796,448,1,2
1796,449,1,2
1796,450,1,2
1796,451,1,2
1796,452,1,2
1796,453,1,2
1796,454,1,2
1796,455,1,2
1796,456,1,2
1796,457,1,2
1796,458,1,2
1796,459,1,3
1796,460,1,3
1796,461,1,3
1796,462,1,3
1796,463,1,3
1796,464,1,3
1796,465,1,3
1796,466,1,3
1796,467,1,3
1796,468,1,3
1796,469,1,3
1796,470,1,3
1796,471,1,3
1796,472,1,3
1796,473,1,3
1796,474,1,3
1796,475,1,3
1796,476,1,3
1796,477,1,3
1796,478,1,3
1796,479,1,3
1796,480,1,3
1796,481,1,3
1796,482,1,3
1796,483,1,3
1796,484,1,3
1796,485,1,3
1796,486,1,3
1796,487,1,3
1796,488,1,3
1796,489,1,3
1796,490,1,3
1796,491,1,3
1796,492,1,3
1796,493,1,3
1796,494,1,3
1796,495,1,3
1796,496,1,3
1796,497,1,3
1796,498,1,3
1796,499,1,3
1796,500,1,3
1796,501,1,3
1796,502,1,3
1796,503,1,3
1796,504,1,3
1796,505,1,3
1796,506,1,3
1796,507,1,3
1796,508,1,3
1796,509,1,3
1796,510,1,3
1796,511,1,3
1796,512,1,3
1796,513,1,3
1796,514,1,3
1796,515,1,3
1796,516,1,3
1796,517,1,3
1796,518,1,3
1796,519,1,3
1796,520,1,3
1796,521,1,3
1796,522,1,3
1796,523,1,3
1796,524,1,3
1796,525,1,3
1796,526,1,3
1796,527,1,3
1796,528,1,3
1796,529,1,3
1796,530,1,2
1796,531,1,2
1796,532,1,2
1796,533,1,2
1796,534,1,2
1796,535,1,2
1796,536,1,2
1796,537,1,2
1796,538,1,2
1796,539,1,2
1796,540,1,2
1796,541,1,2
1796,542,1,2
1796,543,1,2
1796,544,1,2
1796,545,1,2
1796,546,1,2
1796,547,1,2
1796,548,1,2
1796,549,1,2
1796,550,1,2
1796,551,1,2
1796,552,1,2
1796,553,1,2
1796,554,1,2
1796,555,1,2
1796,556,1,2
1796,557,1,2
1796,558,1,2
1796,559,1,2
1796,560,1,2
1796,561,1,2
1796,562,1,2
1796,563,1,2
1796,564,1,2
1796,565,1,3
1796,566,1,3
1796,567,1,3
1796,568,1,3
1796,569,1,3
1796,570,1,3
1796,571,1,3
1796,572,1,3
1796,573,1,3
1796,574,1,3
1796,575,1,3
1796,576,1,3
1796,577,1,3
1796,578,1,3
1796,579,1,3
1796,580,1,3
1796,581,1,3
1796,582,1,3
1796,583,1,3
1796,584,1,3
1796,585,1,3
1796,586,1,3
1796,587,1,3
1796,588,1,3
1796,589,1,3
1796,590,1,3
1796,591,1,3
1796,592,1,3
1796,593,1,3
1796,594,1,3
1796,595,1,3
1796,596,1,3
1796,597,1,3
1796,598,1,3
1796,599,1,3
1796,600,1,3
1796,601,1,3
1796,602,1,3
1796,603,1,3
1796,604,1,3
1796,605,1,3
1796,606,1,3
1796,607,1,3
1796,608,1,3
1796,609,1,3
1796,610,1,3
1796,611,1,3
1796,612,1,3
1796,613,1,3
1796,614,1,2
1796,615,1,2
1796,616,1,2
1796,617,1,2
1796,618,1,2
1796,619,1,2
1796,620,1,2
1796,621,1,2
1796,622,1,2
1796,623,1,2
1796,624,1,2
1796,625,1,2
1796,626,1,2
1796,627,1,2
1796,628,1,2
1796,629,1,2
1796,630,1,2
1796,631,1,2
1796,632,1,2
1796,633,1,2
1796,634,1,2
1796,635,1,2
1796,636,1,2
1796,637,1,2
1796,638,1,2
1796,639,1,2
1796,640,1,2
1796,641,1,2
1796,642,1,2
1796,643,1,2
1796,644,1,2
1796,645,1,2
1796,646,1,2
1796,647,1,2
1796,648,1,2
1796,649,1,2
1796,650,1,2
1797,139,1,2
1797,140,1,2
1797,141,1,2
1797,142,1,2
1797,143,1,2
1797,144,1,2
1797,145,1,2
1797,146,1,2
1797,147,1,2
1797,148,1,2
1797,149,1,2
1797,150,1,2
1797,151,1,2
1797,152,1,2
1797,153,1,2
1797,154,1,3
1797,155,1,3
1797,156,1,3
1797,157,1,3
1797,158,1,3
1797,159,1,3
1797,160,1,3
1797,161,1,3
1797,162,1,3
1797,163,1,3
1797,164,1,3
1797,165,1,3
1797,166,1,3
1797,167,1,3
1797,168,1,3
1797,169,1,3
1797,170,1,3
1797,171,1,3
1797,172,1,3
1797,173,1,2
1797,174,1,2
1797,175,1,2
1797,176,1,2
1797,177,1,2
1797,178,1,2
1797,179,1,2
1797,180,1,2
1797,181,1,2
1797,182,1,2
1797,183,1,2
1797,184,1,2
1797,185,1,2
1797,186,1,2
1797,187,1,2
1797,188,1,2
1797,189,1,2
1797,190,1,2
1797,191,1,2
1797,192,1,2
1797,193,1,2
1797,194,1,2
1797,195,1,2
1797,196,1,2
1797,197,1,2
1797,198,1,2
1797,199,1,2
1797,200,1,2
1797,201,1,2
1797,202,1,2
1797,203,1,2
1797,204,1,2
1797,205,1,2
1797,206,1,2
1797,207,1,2
1797,208,1,2
1797,209,1,2
1797,210,1,2
1797,211,1,2
1797,212,1,2
1797,213,1,2
1797,214,1,2
1797,215,1,2
1797,216,1,2
1797,217,1,2
1797,218,1,2
1797,219,1,2
1797,220,1,2
1797,221,1,2
1797,222,1,2
1797,223,1,2
1797,224,1,2
1797,225,1,2
1797,226,1,2
1797,227,1,2
1797,228,1,2
1797,229,1,2
1797,230,1,2
1797,231,1,2
1797,232,1,2
1797,233,1,2
1797,234,1,2
1797,235,1,2
1797,236,1,2
1797,237,1,2
1797,238,1,2
1797,239,1,2
1797,240,1,2
1797,241,1,2
1797,242,1,2
1797,243,1,2
1797,244,1,2
1797,245,1,2
1797,246,1,2
1797,247,1,2
1797,248,1,2
1797,249,1,2
1797,250,1,2
1797,251,1,2
1797,252,1,2
1797,253,1,2
1797,254,1,2
1797,255,1,2
1797,256,1,2
1797,257,1,2
1797,258,1,2
1797,259,1,2
1797,260,1,2
1797,261,1,2
1797,262,1,2
1797,263,1,2
1797,264,1,2
1797,265,1,2
1797,266,1,2
1797,267,1,2
1797,268,1,2
1797,269,1,2
1797,270,1,2
1797,271,1,2
1797,272,1,2
1797,273,1,2
1797,274,1,2
1797,275,1,2
1797,276,1,2
1797,277,1,2
1797,278,1,2
1797,279,1,2
1797,280,1,2
1797,281,1,2
1797,282,1,2
1797,283,1,2
1797,284,1,2
1797,285,1,2
1797,286,1,2
1797,287,1,2
1797,288,1,2
1797,289,1,2
1797,290,1,2
1797,291,1,2
1797,292,1,2
1797,293,1,2
1797,294,1,2
1797,295,1,2
1797,296,1,2
1797,297,1,2
1797,298,1,2
1797,299,1,2
1797,300,1,2
1797,301,1,2
1797,302,1,2
1797,303,1,2
1797,304,1,2
1797,305,1,2
1797,306,1,2
1797,307,1,2
1797,308,1,2
1797,309,1,2
1797,310,1,2
1797,311,1,2
1797,312,1,2
1797,313,1,2
1797,314,1,2
1797,315,1,2
1797,316,1,2
1797,317,1,2
1797,318,1,2
1797,319,1,2
1797,320,1,2
1797,321,1,2
1797,322,1,2
1797,323,1,2
1797,324,1,2
1797,325,1,2
1797,326,1,2
1797,327,1,2
1797,328,1,2
1797,329,1,2
1797,330,1,2
1797,331,1,2
1797,332,1,2
1797,333,1,2
1797,334,1,2
1797,335,1,2
1797,336,1,2
1797,337,1,2
1797,338,1,2
1797,339,1,2
1797,340,1,2
1797,341,1,2
1797,342,1,2
1797,343,1,2
1797,344,1,2
1797,345,1,2
1797,346,1,2
1797,347,1,2
1797,348,1,2
1797,349,1,2
1797,350,1,2
1797,351,1,2
1797,352,1,2
1797,353,1,2
1797,354,1,2
1797,355,1,2
1797,356,1,2
1797,357,1,2
1797,358,1,2
1797,359,1,2
1797,360,1,2
1797,361,1,2
1797,362,1,2
1797,363,1,2
1797,364,1,2
1797,365,1,2
1797,366,1,2
1797,367,1,2
1797,368,1,2
1797,369,1,2
1797,370,1,2
1797,371,1,2
1797,372,1,2
1797,373,1,2
1797,374,1,2
1797,375,1,2
1797,376,1,2
1797,377,1,2
1797,378,1,2
1797,379,1,2
1797,380,1,2
1797,381,1,2
1797,382,1,2
1797,383,1,2
1797,384,1,2
1797,385,1,2
1797,386,1,2
1797,387,1,2
1797,388,1,2
1797,389,1,2
1797,390,1,2
1797,391,1,2
1797,392,1,2
1797,393,1,2
1797,394,1,2
1797,395,1,2
1797,396,1,2
1797,397,1,2
1797,398,1,2
1797,399,1,2
1797,400,1,2
1797,401,1,2
1797,402,1,2
1797,403,1,2
1797,404,1,2
1797,405,1,2
1797,406,1,2
1797,407,1,2
1797,408,1,2
1797,409,1,2
1797,410,1,2
1797,411,1,2
1797,412,1,2
1797,413,1,2
1797,414,1,2
1797,415,1,2
1797,416,1,2
1797,417,1,2
1797,418,1,2
1797,419,1,2
1797,420,1,2
1797,421,1,2
1797,422,1,2
1797,423,1,2
1797,424,1,2
1797,425,1,2
1797,426,1,2
1797,427,1,2
1797,428,1,2
1797,429,1,2
1797,430,1,2
1797,431,1,2
1797,432,1,2
1797,433,1,2
1797,434,1,2
1797,435,1,2
1797,436,1,2
1797,437,1,2
1797,438,1,2
1797,439,1,2
1797,440,1,2
1797,441,1,2
1797,442,1,2
1797,443,1,2
1797,444,1,2
1797,445,1,2
1797,446,1,2
1797,447,1,2
1797,448,1,2
1797,449,1,2
1797,450,1,2
1797,451,1,2
1797,452,1,2
1797,453,1,2
1797,454,1,2
1797,455,1,2
1797,456,1,2
1797,457,1,2
1797,458,1,3
1797,459,1,3
1797,460,1,3
1797,461,1,3
1797,462,1,3
1797,463,1,3
1797,464,1,3
1797,465,1,3
1797,466,1,3
1797,467,1,3
1797,468,1,3
1797,469,1,3
1797,470,1,3
1797,471,1,3
1797,472,1,3
1797,473,1,3
1797,474,1,3
1797,475,1,3
1797,476,1,3
1797,477,1,3
1797,478,1,3
1797,479,1,3
1797,480,1,3
1797,481,1,3
1797,482,1,3
1797,483,1,3
1797,484,1,3
1797,485,1,3
1797,486,1,3
1797,487,1,3
1797,488,1,3
1797,489,1,3
1797,490,1,3
1797,491,1,3
1797,492,1,3
1797,493,1,3
1797,494,1,3
1797,495,1,3
1797,496,1,3
1797,497,1,3
1797,498,1,3
1797,499,1,3
1797,500,1,3
1797,501,1,3
1797,502,1,3
1797,503,1,3
1797,504,1,3
1797,505,1,3
1797,506,1,3
1797,507,1,3
1797,508,1,3
1797,509,1,3
1797,510,1,3
1797,511,1,3
1797,512,1,3
1797,513,1,3
1797,514,1,3
1797,515,1,3
1797,516,1,3
1797,517,1,3
1797,518,1,3
1797,519,1,3
1797,520,1,3
1797,521,1,3
1797,522,1,3
1797,523,1,3
1797,524,1,3
1797,525,1,3
1797,526,1,3
1797,527,1,3
1797,528,1,3
1797,529,1,3
1797,530,1,3
1797,531,1,3
1797,532,1,2
1797,533,1,2
1797,534,1,2
1797,535,1,2
1797,536,1,2
1797,537,1,2
1797,538,1,2
1797,539,1,2
1797,540,1,2
1797,541,1,2
1797,542,1,2
1797,543,1,2
1797,544,1,2
1797,545,1,2
1797,546,1,2
1797,547,1,2
1797,548,1,2
1797,549,1,2
1797,550,1,2
1797,551,1,2
1797,552,1,2
1797,553,1,2
1797,554,1,2
1797,555,1,2
1797,556,1,2
1797,557,1,2
1797,558,1,2
1797,559,1,2
1797,560,1,2
1797,561,1,2
1797,562,1,2
1797,563,1,2
1797,564,1,2
1797,565,1,2
1797,566,1,3
1797,567,1,3
1797,568,1,3
1797,569,1,3
1797,570,1,3
1797,571,1,3
1797,572,1,3
1797,573,1,3
1797,574,1,3
1797,575,1,3
1797,576,1,3
1797,577,1,3
1797,578,1,3
1797,579,1,3
1797,580,1,3
1797,581,1,3
1797,582,1,3
1797,583,1,3
1797,584,1,3
1797,585,1,3
1797,586,1,3
1797,587,1,3
1797,588,1,3
1797,589,1,3
1797,590,1,3
1797,591,1,3
1797,592,1,3
1797,593,1,3
1797,594,1,3
1797,595,1,3
1797,596,1,3
1797,597,1,3
1797,598,1,3
1797,599,1,3
1797,600,1,3
1797,601,1,3
1797,602,1,3
1797,603,1,3
1797,604,1,3
1797,605,1,3
1797,606,1,3
1797,607,1,3
1797,608,1,3
1797,609,1,3
1797,610,1,3
1797,611,1,3
1797,612,1,3
1797,613,1,2
1797,614,1,2
1797,615,1,2
1797,616,1,2
1797,617,1,2
1797,618,1,2
1797,619,1,2
1797,620,1,2
1797,621,1,2
1797,622,1,2
1797,623,1,2
1797,624,1,2
1797,625,1,2
1797,626,1,2
1797,627,1,2
1797,628,1,2
1797,629,1,2
1797,630,1,2
1797,631,1,2
1797,632,1,2
1797,633,1,2
1797,634,1,2
1797,635,1,2
1797,636,1,2
1797,637,1,2
1797,638,1,2
1797,639,1,2
1797,640,1,2
1797,641,1,2
1797,642,1,2
1797,643,1,2
1797,644,1,2
1797,645,1,2
1797,646,1,2
1797,647,1,2
1797,648,1,2
1797,649,1,2
1797,650,1,2
1798,138,1,2
1798,139,1,2
1798,140,1,2
1798,141,1,2
1798,142,1,2
1798,143,1,2
1798,144,1,2
1798,145,1,2
1798,146,1,2
1798,147,1,2
1798,148,1,2
1798,149,1,2
1798,150,1,2
1798,151,1,2
1798,152,1,2
1798,153,1,3
1798,154,1,3
1798,155,1,3
1798,156,1,3
1798,157,1,3
1798,158,1,3
1798,159,1,3
1798,160,1,3
1798,161,1,3
1798,162,1,3
1798,163,1,3
1798,164,1,3
1798,165,1,3
1798,166,1,3
1798,167,1,3
1798,168,1,3
1798,169,1,3
1798,170,1,3
1798,171,1,3
1798,172,1,2
1798,173,1,2
1798,174,1,2
1798,175,1,2
1798,176,1,2
1798,177,1,2
1798,178,1,2
1798,179,1,2
1798,180,1,2
1798,181,1,2
1798,182,1,2
1798,183,1,2
1798,184,1,2
1798,185,1,2
1798,186,1,2
1798,187,1,2
1798,188,1,2
1798,189,1,2
1798,190,1,2
1798,191,1,2
1798,192,1,2
1798,193,1,2
1798,194,1,2
1798,195,1,2
1798,196,1,2
1798,197,1,2
1798,198,1,2
1798,199,1,2
1798,200,1,2
1798,201,1,2
1798,202,1,2
1798,203,1,2
1798,204,1,2
1798,205,1,2
1798,206,1,2
1798,207,1,2
1798,208,1,2
1798,209,1,2
1798,210,1,2
1798,211,1,2
1798,212,1,2
1798,213,1,2
1798,214,1,2
1798,215,1,2
1798,216,1,2
1798,217,1,2
1798,218,1,2
1798,219,1,2
1798,220,1,2
1798,221,1,2
1798,222,1,2
1798,223,1,2
1798,224,1,2
1798,225,1,2
1798,226,1,2
1798,227,1,2
1798,228,1,2
1798,229,1,2
1798,230,1,2
1798,231,1,2
1798,232,1,2
1798,233,1,2
1798,234,1,2
1798,235,1,2
1798,236,1,2
1798,237,1,2
1798,238,1,2
1798,239,1,2
1798,240,1,2
1798,241,1,2
1798,242,1,2
1798,243,1,2
1798,244,1,2
1798,245,1,2
1798,246,1,2
1798,247,1,2
1798,248,1,2
1798,249,1,2
1798,250,1,2
1798,251,1,2
1798,252,1,2
1798,253,1,2
1798,254,1,2
1798,255,1,2
1798,256,1,2
1798,257,1,2
1798,258,1,2
1798,259,1,2
1798,260,1,2
1798,261,1,2
1798,262,1,2
1798,263,1,2
1798,264,1,2
1798,265,1,2
1798,266,1,2
1798,267,1,2
1798,268,1,2
1798,269,1,2
1798,270,1,2
1798,271,1,2
1798,272,1,2
1798,273,1,2
1798,274,1,2
1798,275,1,2
1798,276,1,2
1798,277,1,2
1798,278,1,2
1798,279,1,2
1798,280,1,2
1798,281,1,2
1798,282,1,2
1798,283,1,2
1798,284,1,2
1798,285,1,2
1798,286,1,2
1798,287,1,2
1798,288,1,2
1798,289,1,2
1798,290,1,2
1798,291,1,2
1798,292,1,2
1798,293,1,2
1798,294,1,2
1798,295,1,2
1798,296,1,2
1798,297,1,2
1798,298,1,2
1798,299,1,2
1798,300,1,2
1798,301,1,2
1798,302,1,2
1798,303,1,2
1798,304,1,2
1798,305,1,2
1798,306,1,2
1798,307,1,2
1798,308,1,2
1798,309,1,2
1798,310,1,2
1798,311,1,2
1798,312,1,2
1798,313,1,2
1798,314,1,2
1798,315,1,2
1798,316,1,2
1798,317,1,2
1798,318,1,2
1798,319,1,2
1798,320,1,2
1798,321,1,2
1798,322,1,2
1798,323,1,2
1798,324,1,2
1798,325,1,2
1798,326,1,2
1798,327,1,2
1798,328,1,2
1798,329,1,2
1798,330,1,2
1798,331,1,2
1798,332,1,2
1798,333,1,2
1798,334,1,2
1798,335,1,2
1798,336,1,2
1798,337,1,2
1798,338,1,2
1798,339,1,2
1798,340,1,2
1798,341,1,2
1798,342,1,2
1798,343,1,2
1798,344,1,2
1798,345,1,2
1798,346,1,2
1798,347,1,2
1798,348,1,2
1798,349,1,2
1798,350,1,2
1798,351,1,2
1798,352,1,2
1798,353,1,2
1798,354,1,2
1798,355,1,2
1798,356,1,2
1798,357,1,2
1798,358,1,2
1798,359,1,2
1798,360,1,2
1798,361,1,2
1798,362,1,2
1798,363,1,2
1798,364,1,2
1798,365,1,2
1798,366,1,2
1798,367,1,2
1798,368,1,2
1798,369,1,2
1798,370,1,2
1798,371,1,2
1798,372,1,2
1798,373,1,2
1798,374,1,2
1798,375,1,2
1798,376,1,2
1798,377,1,2
1798,378,1,2
1798,379,1,2
1798,380,1,2
1798,381,1,2
1798,382,1,2
1798,383,1,2
1798,384,1,2
1798,385,1,2
1798,386,1,2
1798,387,1,2
1798,388,1,2
1798,389,1,2
1798,390,1,2
1798,391,1,2
1798,392,1,2
1798,393,1,2
1798,394,1,2
1798,395,1,2
1798,396,1,2
1798,397,1,2
1798,398,1,2
1798,399,1,2
1798,400,1,2
1798,401,1,2
1798,402,1,2
1798,403,1,2
1798,404,1,2
1798,405,1,2
1798,406,1,2
1798,407,1,2
1798,408,1,2
1798,409,1,2
1798,410,1,2
1798,411,1,2
1798,412,1,2
1798,413,1,2
1798,414,1,2
1798,415,1,2
1798,416,1,2
1798,417,1,2
1798,418,1,2
1798,419,1,2
1798,420,1,2
1798,421,1,2
1798,422,1,2
1798,423,1,2
1798,424,1,2
1798,425,1,2
1798,426,1,2
1798,427,1,2
1798,428,1,2
1798,429,1,2
1798,430,1,2
1798,431,1,2
1798,432,1,2
1798,433,1,2
1798,434,1,2
1798,435,1,2
1798,436,1,2
1798,437,1,2
1798,438,1,2
1798,439,1,2
1798,440,1,2
1798,441,1,2
1798,442,1,2
1798,443,1,2
1798,444,1,2
1798,445,1,2
1798,446,1,2
1798,447,1,2
1798,448,1,2
1798,449,1,2
1798,450,1,2
1798,451,1,2
1798,452,1,2
1798,453,1,2
1798,454,1,2
1798,455,1,2
1798,456,1,2
1798,457,1,2
1798,458,1,2
1798,459,1,3
1798,460,1,3
1798,461,1,3
1798,462,1,3
1798,463,1,3
1798,464,1,3
1798,465,1,3
1798,466,1,3
1798,467,1,3
1798,468,1,3
1798,469,1,3
1798,470,1,3
1798,471,1,3
1798,472,1,3
1798,473,1,3
1798,474,1,3
1798,475,1,3
1798,476,1,3
1798,477,1,3
1798,478,1,3
1798,479,1,3
1798,480,1,3
1798,481,1,3
1798,482,1,3
1798,483,1,3
1798,484,1,3
1798,485,1,3
1798,486,1,3
1798,487,1,3
1798,488,1,3
1798,489,1,3
1798,490,1,3
1798,491,1,3
1798,492,1,3
1798,493,1,3
1798,494,1,3
1798,495,1,3
1798,496,1,3
1798,497,1,3
1798,498,1,3
1798,499,1,3
1798,500,1,3
1798,501,1,3
1798,502,1,3
1798,503,1,3
1798,504,1,3
1798,505,1,3
1798,506,1,3
1798,507,1,3
1798,508,1,3
1798,509,1,3
1798,510,1,3
1798,511,1,3
1798,512,1,3
1798,513,1,3
1798,514,1,3
1798,515,1,3
1798,516,1,3
1798,517,1,3
1798,518,1,3
1798,519,1,3
1798,520,1,3
1798,521,1,3
1798,522,1,3
1798,523,1,3
1798,524,1,3
1798,525,1,3
1798,526,1,3
1798,527,1,3
1798,528,1,3
1798,529,1,3
1798,530,1,3
1798,531,1,3
1798,532,1,2
1798,533,1,2
1798,534,1,2
1798,535,1,2
1798,536,1,2
1798,537,1,2
1798,538,1,2
1798,539,1,2
1798,540,1,2
1798,541,1,2
1798,542,1,2
1798,543,1,2
1798,544,1,2
1798,545,1,2
1798,546,1,2
1798,547,1,2
1798,548,1,2
1798,549,1,2
1798,550,1,2
1798,551,1,2
1798,552,1,2
1798,553,1,2
1798,554,1,2
1798,555,1,2
1798,556,1,2
1798,557,1,2
1798,558,1,2
1798,559,1,2
1798,560,1,2
1798,561,1,2
1798,562,1,2
1798,563,1,2
1798,564,1,2
1798,565,1,2
1798,566,1,3
1798,567,1,3
1798,568,1,3
1798,569,1,3
1798,570,1,3
1798,571,1,3
1798,572,1,3
1798,573,1,3
1798,574,1,3
1798,575,1,3
1798,576,1,3
1798,577,1,3
1798,578,1,3
1798,579,1,3
1798,580,1,3
1798,581,1,3
1798,582,1,3
1798,583,1,3
1798,584,1,3
1798,585,1,3
1798,586,1,3
1798,587,1,3
1798,588,1,3
1798,589,1,3
1798,590,1,3
1798,591,1,3
1798,592,1,3
1798,593,1,3
1798,594,1,3
1798,595,1,3
1798,596,1,3
1798,597,1,3
1798,598,1,3
1798,599,1,3
1798,600,1,3
1798,601,1,3
1798,602,1,3
1798,603,1,3
1798,604,1,3
1798,605,1,3
1798,606,1,3
1798,607,1,3
1798,608,1,3
1798,609,1,3
1798,610,1,3
1798,611,1,3
1798,612,1,2
1798,613,1,2
1798,614,1,2
1798,615,1,2
1798,616,1,2
1798,617,1,2
1798,618,1,2
1798,619,1,2
1798,620,1,2
1798,621,1,2
1798,622,1,2
1798,623,1,2
1798,624,1,2
1798,625,1,2
1798,626,1,2
1798,627,1,2
1798,628,1,2
1798,629,1,2
1798,630,1,2
1798,631,1,2
1798,632,1,2
1798,633,1,2
1798,634,1,2
1798,635,1,2
1798,636,1,2
1798,637,1,2
1798,638,1,2
1798,639,1,2
1798,640,1,2
1798,641,1,2
1798,642,1,2
1798,643,1,2
1798,644,1,2
1798,645,1,2
1798,646,1,2
1798,647,1,2
1798,648,1,2
1798,649,1,2
1798,650,1,2
1798,651,1,2
1799,138,1,2
1799,139,1,2
1799,140,1,2
1799,141,1,2
1799,142,1,2
1799,143,1,2
1799,144,1,2
1799,145,1,2
1799,146,1,2
1799,147,1,2
1799,148,1,2
1799,149,1,2
1799,150,1,2
1799,151,1,2
1799,152,1,2
1799,153,1,3
1799,154,1,3
1799,155,1,3
1799,156,1,3
1799,157,1,3
1799,158,1,3
1799,159,1,3
1799,160,1,3
1799,161,1,3
1799,162,1,3
1799,163,1,3
1799,164,1,3
1799,165,1,3
1799,166,1,3
1799,167,1,3
1799,168,1,3
1799,169,1,3
1799,170,1,3
1799,171,1,3
1799,172,1,2
1799,173,1,2
1799,174,1,2
1799,175,1,2
1799,176,1,2
1799,177,1,2
1799,178,1,2
1799,179,1,2
1799,180,1,2
1799,181,1,2
1799,182,1,2
1799,183,1,2
1799,184,1,2
1799,185,1,2
1799,186,1,2
1799,187,1,2
1799,188,1,2
1799,189,1,2
1799,190,1,2
1799,191,1,2
1799,192,1,2
1799,193,1,2
1799,194,1,2
1799,195,1,2
1799,196,1,2
1799,197,1,2
1799,198,1,2
1799,199,1,2
1799,200,1,2
1799,201,1,2
1799,202,1,2
1799,203,1,2
1799,204,1,2
1799,205,1,2
1799,206,1,2
1799,207,1,2
1799,208,1,2
1799,209,1,2
1799,210,1,2
1799,211,1,2
1799,212,1,2
1799,213,1,2
1799,214,1,2
1799,215,1,2
1799,216,1,2
1799,217,1,2
1799,218,1,2
1799,219,1,2
1799,220,1,2
1799,221,1,2
1799,222,1,2
1799,223,1,2
1799,224,1,2
1799,225,1,2
1799,226,1,2
1799,227,1,2
1799,228,1,2
1799,229,1,2
1799,230,1,2
1799,231,1,2
1799,232,1,2
1799,233,1,2
1799,234,1,2
1799,235,1,2
1799,236,1,2
1799,237,1,2
1799,238,1,2
1799,239,1,2
1799,240,1,2
1799,241,1,2
1799,242,1,2
1799,243,1,2
1799,244,1,2
1799,245,1,2
1799,246,1,2
1799,247,1,2
1799,248,1,2
1799,249,1,2
1799,250,1,2
1799,251,1,2
1799,252,1,2
1799,253,1,2
1799,254,1,2
1799,255,1,2
1799,256,1,2
1799,257,1,2
1799,258,1,2
1799,259,1,2
1799,260,1,2
1799,261,1,2
1799,262,1,2
1799,263,1,2
1799,264,1,2
1799,265,1,2
1799,266,1,2
1799,267,1,2
1799,268,1,2
1799,269,1,2
1799,270,1,2
1799,271,1,2
1799,272,1,2
1799,273,1,2
1799,274,1,2
1799,275,1,2
1799,276,1,2
1799,277,1,2
1799,278,1,2
1799,279,1,2
1799,280,1,2
1799,281,1,2
1799,282,1,2
1799,283,1,2
1799,284,1,2
1799,285,1,2
1799,286,1,2
1799,287,1,2
1799,288,1,2
1799,289,1,2
1799,290,1,2
1799,291,1,2
1799,292,1,2
1799,293,1,2
1799,294,1,2
1799,295,1,2
1799,296,1,2
1799,297,1,2
1799,298,1,2
1799,299,1,2
1799,300,1,2
1799,301,1,2
1799,302,1,2
1799,303,1,2
1799,304,1,2
1799,305,1,2
1799,306,1,2
1799,307,1,2
1799,308,1,2
1799,309,1,2
1799,310,1,2
1799,311,1,2
1799,312,1,2
1799,313,1,2
1799,314,1,2
1799,315,1,2
1799,316,1,2
1799,317,1,2
1799,318,1,2
1799,319,1,2
1799,320,1,2
1799,321,1,2
1799,322,1,2
1799,323,1,2
1799,324,1,2
1799,325,1,2
1799,326,1,2
1799,327,1,2
1799,328,1,2
1799,329,1,2
1799,330,1,2
1799,331,1,2
1799,332,1,2
1799,333,1,2
1799,334,1,2
1799,335,1,2
1799,336,1,2
1799,337,1,2
1799,338,1,2
1799,339,1,2
1799,340,1,2
1799,341,1,2
1799,342,1,2
1799,343,1,2
1799,344,1,2
1799,345,1,2
1799,346,1,2
1799,347,1,2
1799,348,1,2
1799,349,1,2
1799,350,1,2
1799,351,1,2
1799,352,1,2
1799,353,1,2
1799,354,1,2
1799,355,1,2
1799,356,1,2
1799,357,1,2
1799,358,1,2
1799,359,1,2
1799,360,1,2
1799,361,1,2
1799,362,1,2
1799,363,1,2
1799,364,1,2
1799,365,1,2
1799,366,1,2
1799,367,1,2
1799,368,1,2
1799,369,1,2
1799,370,1,2
1799,371,1,2
1799,372,1,2
1799,373,1,2
1799,374,1,2
1799,375,1,2
1799,376,1,2
1799,377,1,2
1799,378,1,2
1799,379,1,2
1799,380,1,2
1799,381,1,2
1799,382,1,2
1799,383,1,2
1799,384,1,2
1799,385,1,2
1799,386,1,2
1799,387,1,2
1799,388,1,2
1799,389,1,2
1799,390,1,2
1799,391,1,2
1799,392,1,2
1799,393,1,2
1799,394,1,2
1799,395,1,2
1799,396,1,2
1799,397,1,2
1799,398,1,2
1799,399,1,2
1799,400,1,2
1799,401,1,2
1799,402,1,2
1799,403,1,2
1799,404,1,2
1799,405,1,2
1799,406,1,2
1799,407,1,2
1799,408,1,2
1799,409,1,2
1799,410,1,2
1799,411,1,2
1799,412,1,2
1799,413,1,2
1799,414,1,2
1799,415,1,2
1799,416,1,2
1799,417,1,2
1799,418,1,2
1799,419,1,2
1799,420,1,2
1799,421,1,2
1799,422,1,2
1799,423,1,2
1799,424,1,2
1799,425,1,2
1799,426,1,2
1799,427,1,2
1799,428,1,2
1799,429,1,2
1799,430,1,2
1799,431,1,2
1799,432,1,2
1799,433,1,2
1799,434,1,2
1799,435,1,2
1799,436,1,2
1799,437,1,2
1799,438,1,2
1799,439,1,2
1799,440,1,2
1799,441,1,2
1799,442,1,2
1799,443,1,2
1799,444,1,2
1799,445,1,2
1799,446,1,2
1799,447,1,2
1799,448,1,2
1799,449,1,2
1799,450,1,2
1799,451,1,2
1799,452,1,2
1799,453,1,2
1799,454,1,2
1799,455,1,2
1799,456,1,2
1799,457,1,2
1799,458,1,2
1799,459,1,3
1799,460,1,3
1799,461,1,3
1799,462,1,3
1799,463,1,3
1799,464,1,3
1799,465,1,3
1799,466,1,3
1799,467,1,3
1799,468,1,3
1799,469,1,3
1799,470,1,3
1799,471,1,3
1799,472,1,3
1799,473,1,3
1799,474,1,3
1799,475,1,3
1799,476,1,3
1799,477,1,3
1799,478,1,3
1799,479,1,3
1799,480,1,3
1799,481,1,3
1799,482,1,3
1799,483,1,3
1799,484,1,3
1799,485,1,3
1799,486,1,3
1799,487,1,3
1799,488,1,3
1799,489,1,3
1799,490,1,3
1799,491,1,3
1799,492,1,3
1799,493,1,3
1799,494,1,3
1799,495,1,3
1799,496,1,3
1799,497,1,3
1799,498,1,3
1799,499,1,3
1799,500,1,3
1799,501,1,3
1799,502,1,3
1799,503,1,3
1799,504,1,3
1799,505,1,3
1799,506,1,3
1799,507,1,3
1799,508,1,3
1799,509,1,3
1799,510,1,3
1799,511,1,3
1799,512,1,3
1799,513,1,3
1799,514,1,3
1799,515,1,3
1799,516,1,3
1799,517,1,3
1799,518,1,3
1799,519,1,3
1799,520,1,3
1799,521,1,3
1799,522,1,3
1799,523,1,3
1799,524,1,3
1799,525,1,3
1799,526,1,3
1799,527,1,3
1799,528,1,3
1799,529,1,3
1799,530,1,3
1799,531,1,3
1799,532,1,2
1799,533,1,2
1799,534,1,2
1799,535,1,2
1799,536,1,2
1799,537,1,2
1799,538,1,2
1799,539,1,2
1799,540,1,2
1799,541,1,2
1799,542,1,2
1799,543,1,2
1799,544,1,2
1799,545,1,2
1799,546,1,2
1799,547,1,2
1799,548,1,2
1799,549,1,2
1799,550,1,2
1799,551,1,2
1799,552,1,2
1799,553,1,2
1799,554,1,2
1799,555,1,2
1799,556,1,2
1799,557,1,2
1799,558,1,2
1799,559,1,2
1799,560,1,2
1799,561,1,2
1799,562,1,2
1799,563,1,2
1799,564,1,2
1799,565,1,2
1799,566,1,2
1799,567,1,3
1799,568,1,3
1799,569,1,3
1799,570,1,3
1799,571,1,3
1799,572,1,3
1799,573,1,3
1799,574,1,3
1799,575,1,3
1799,576,1,3
1799,577,1,3
1799,578,1,3
1799,579,1,3
1799,580,1,3
1799,581,1,3
1799,582,1,3
1799,583,1,3
1799,584,1,3
1799,585,1,3
1799,586,1,3
1799,587,1,3
1799,588,1,3
1799,589,1,3
1799,590,1,3
1799,591,1,3
1799,592,1,3
1799,593,1,3
1799,594,1,3
1799,595,1,3
1799,596,1,3
1799,597,1,3
1799,598,1,3
1799,599,1,3
1799,600,1,3
1799,601,1,3
1799,602,1,3
1799,603,1,3
1799,604,1,3
1799,605,1,3
1799,606,1,3
1799,607,1,3
1799,608,1,3
1799,609,1,3
1799,610,1,3
1799,611,1,2
1799,612,1,2
1799,613,1,2
1799,614,1,2
1799,615,1,2
1799,616,1,2
1799,617,1,2
1799,618,1,2
1799,619,1,2
1799,620,1,2
1799,621,1,2
1799,622,1,2
1799,623,1,2
1799,624,1,2
1799,625,1,2
1799,626,1,2
1799,627,1,2
1799,628,1,2
1799,629,1,2
1799,630,1,2
1799,631,1,2
1799,632,1,2
1799,633,1,2
1799,634,1,2
1799,635,1,2
1799,636,1,2
1799,637,1,2
1799,638,1,2
1799,639,1,2
1799,640,1,2
1799,641,1,2
1799,642,1,2
1799,643,1,2
1799,644,1,2
1799,645,1,2
1799,646,1,2
1799,647,1,2
1799,648,1,2
1799,649,1,2
1799,650,1,2
1799,651,1,2
1800,137,1,2
1800,138,1,2
1800,139,1,2
1800,140,1,2
1800,141,1,2
1800,142,1,2
1800,143,1,2
1800,144,1,2
1800,145,1,2
1800,146,1,2
1800,147,1,2
1800,148,1,2
1800,149,1,2
1800,150,1,2
1800,151,1,2
1800,152,1,2
1800,153,1,3
1800,154,1,3
1800,155,1,3
1800,156,1,3
1800,157,1,3
1800,158,1,3
1800,159,1,3
1800,160,1,3
1800,161,1,3
1800,162,1,3
1800,163,1,3
1800,164,1,3
1800,165,1,3
1800,166,1,3
1800,167,1,3
1800,168,1,3
1800,169,1,3
1800,170,1,3
1800,171,1,2
1800,172,1,2
1800,173,1,2
1800,174,1,2
1800,175,1,2
1800,176,1,2
1800,177,1,2
1800,178,1,2
1800,179,1,2
1800,180,1,2
1800,181,1,2
1800,182,1,2
1800,183,1,2
1800,184,1,2
1800,185,1,2
1800,186,1,2
1800,187,1,2
1800,188,1,2
1800,189,1,2
1800,190,1,2
1800,191,1,2
1800,192,1,2
1800,193,1,2
1800,194,1,2
1800,195,1,2
1800,196,1,2
1800,197,1,2
1800,198,1,2
1800,199,1,2
1800,200,1,2
1800,201,1,2
1800,202,1,2
1800,203,1,2
1800,204,1,2
1800,205,1,2
1800,206,1,2
1800,207,1,2
1800,208,1,2
1800,209,1,2
1800,210,1,2
1800,211,1,2
1800,212,1,2
1800,213,1,2
1800,214,1,2
1800,215,1,2
1800,216,1,2
1800,217,1,2
1800,218,1,2
1800,219,1,2
1800,220,1,2
1800,221,1,2
1800,222,1,2
1800,223,1,2
1800,224,1,2
1800,225,1,2
1800,226,1,2
1800,227,1,2
1800,228,1,2
1800,229,1,2
1800,230,1,2
1800,231,1,2
1800,232,1,2
1800,233,1,2
1800,234,1,2
1800,235,1,2
1800,236,1,2
1800,237,1,2
1800,238,1,2
1800,239,1,2
1800,240,1,2
1800,241,1,2
1800,242,1,2
1800,243,1,2
1800,244,1,2
1800,245,1,2
1800,246,1,2
1800,247,1,2
1800,248,1,2
1800,249,1,2
1800,250,1,2
1800,251,1,2
1800,252,1,2
1800,253,1,2
1800,254,1,2
1800,255,1,2
1800,256,1,2
1800,257,1,2
1800,258,1,2
1800,259,1,2
1800,260,1,2
1800,261,1,2
1800,262,1,2
1800,263,1,2
1800,264,1,2
1800,265,1,2
1800,266,1,2
1800,267,1,2
1800,268,1,2
1800,269,1,2
1800,270,1,2
1800,271,1,2
1800,272,1,2
1800,273,1,2
1800,274,1,2
1800,275,1,2
1800,276,1,2
1800,277,1,2
1800,278,1,2
1800,279,1,2
1800,280,1,2
1800,281,1,2
1800,282,1,2
1800,283,1,2
1800,284,1,2
1800,285,1,2
1800,286,1,2
1800,287,1,2
1800,288,1,2
1800,289,1,2
1800,290,1,2
1800,291,1,2
1800,292,1,2
1800,293,1,2
1800,294,1,2
1800,295,1,2
1800,296,1,2
1800,297,1,2
1800,298,1,2
1800,299,1,2
1800,300,1,2
1800,301,1,2
1800,302,1,2
1800,303,1,2
1800,304,1,2
1800,305,1,2
1800,306,1,2
1800,307,1,2
1800,308,1,2
1800,309,1,2
1800,310,1,2
1800,311,1,2
1800,312,1,2
1800,313,1,2
1800,314,1,2
1800,315,1,2
1800,316,1,2
1800,317,1,2
1800,318,1,2
1800,319,1,2
1800,320,1,2
1800,321,1,2
1800,322,1,2
1800,323,1,2
1800,324,1,2
1800,325,1,2
1800,326,1,2
1800,327,1,2
1800,328,1,2
1800,329,1,2
1800,330,1,2
1800,331,1,2
1800,332,1,2
1800,333,1,2
1800,334,1,2
1800,335,1,2
1800,336,1,2
1800,337,1,2
1800,338,1,2
1800,339,1,2
1800,340,1,2
1800,341,1,2
1800,342,1,2
1800,343,1,2
1800,344,1,2
1800,345,1,2
1800,346,1,2
1800,347,1,2
1800,348,1,2
1800,349,1,2
1800,350,1,2
1800,351,1,2
1800,352,1,2
1800,353,1,2
1800,354,1,2
1800,355,1,2
1800,356,1,2
1800,357,1,2
1800,358,1,2
1800,359,1,2
1800,360,1,2
1800,361,1,2
1800,362,1,2
1800,363,1,2
1800,364,1,2
1800,365,1,2
1800,366,1,2
1800,367,1,2
1800,368,1,2
1800,369,1,2
1800,370,1,2
1800,371,1,2
1800,372,1,2
1800,373,1,2
1800,374,1,2
1800,375,1,2
1800,376,1,2
1800,377,1,2
1800,378,1,2
1800,379,1,2
1800,380,1,2
1800,381,1,2
1800,382,1,2
1800,383,1,2
1800,384,1,2
1800,385,1,2
1800,386,1,2
1800,387,1,2
1800,388,1,2
1800,389,1,2
1800,390,1,2
1800,391,1,2
1800,392,1,2
1800,393,1,2
1800,394,1,2
1800,395,1,2
1800,396,1,2
1800,397,1,2
1800,398,1,2
1800,399,1,2
1800,400,1,2
1800,401,1,2
1800,402,1,2
1800,403,1,2
1800,404,1,2
1800,405,1,2
1800,406,1,2
1800,407,1,2
1800,408,1,2
1800,409,1,2
1800,410,1,2
1800,411,1,2
1800,412,1,2
1800,413,1,2
1800,414,1,2
1800,415,1,2
1800,416,1,2
1800,417,1,2
1800,418,1,2
1800,419,1,2
1800,420,1,2
1800,421,1,2
1800,422,1,2
1800,423,1,2
1800,424,1,2
1800,425,1,2
1800,426,1,2
1800,427,1,2
1800,428,1,2
1800,429,1,2
1800,430,1,2
1800,431,1,2
1800,432,1,2
1800,433,1,2
1800,434,1,2
1800,435,1,2
1800,436,1,2
1800,437,1,2
1800,438,1,2
1800,439,1,2
1800,440,1,2
1800,441,1,2
1800,442,1,2
1800,443,1,2
1800,444,1,2
1800,445,1,2
1800,446,1,2
1800,447,1,2
1800,448,1,2
1800,449,1,2
1800,450,1,2
1800,451,1,2
1800,452,1,2
1800,453,1,2
1800,454,1,2
1800,455,1,2
1800,456,1,2
1800,457,1,2
1800,458,1,2
1800,459,1,3
1800,460,1,3
1800,461,1,3
1800,462,1,3
1800,463,1,3
1800,464,1,3
1800,465,1,3
1800,466,1,3
1800,467,1,3
1800,468,1,3
1800,469,1,3
1800,470,1,3
1800,471,1,3
1800,472,1,3
1800,473,1,3
1800,474,1,3
1800,475,1,3
1800,476,1,3
1800,477,1,3
1800,478,1,3
1800,479,1,3
1800,480,1,3
1800,481,1,3
1800,482,1,3
1800,483,1,3
1800,484,1,3
1800,485,1,3
1800,486,1,3
1800,487,1,3
1800,488,1,3
1800,489,1,3
1800,490,1,3
1800,491,1,3
1800,492,1,3
1800,493,1,3
1800,494,1,3
1800,495,1,3
1800,496,1,3
1800,497,1,3
1800,498,1,3
1800,499,1,3
1800,500,1,3
1800,501,1,3
1800,502,1,3
1800,503,1,3
1800,504,1,3
1800,505,1,3
1800,506,1,3
1800,507,1,3
1800,508,1,3
1800,509,1,3
1800,510,1,3
1800,511,1,3
1800,512,1,3
1800,513,1,3
1800,514,1,3
1800,515,1,3
1800,516,1,3
1800,517,1,3
1800,518,1,3
1800,519,1,3
1800,520,1,3
1800,521,1,3
1800,522,1,3
1800,523,1,3
1800,524,1,3
1800,525,1,3
1800,526,1,3
1800,527,1,3
1800,528,1,3
1800,529,1,3
1800,530,1,3
1800,531,1,3
1800,532,1,2
1800,533,1,2
1800,534,1,2
1800,535,1,2
1800,536,1,2
1800,537,1,2
1800,538,1,2
1800,539,1,2
1800,540,1,2
1800,541,1,2
1800,542,1,2
1800,543,1,2
1800,544,1,2
1800,545,1,2
1800,546,1,2
1800,547,1,2
1800,548,1,2
1800,549,1,2
1800,550,1,2
1800,551,1,2
1800,552,1,2
1800,553,1,2
1800,554,1,2
1800,555,1,2
1800,556,1,2
1800,557,1,2
1800,558,1,2
1800,559,1,2
1800,560,1,2
1800,561,1,2
1800,562,1,2
1800,563,1,2
1800,564,1,2
1800,565,1,2
1800,566,1,2
1800,567,1,3
1800,568,1,3
1800,569,1,3
1800,570,1,3
1800,571,1,3
1800,572,1,3
1800,573,1,3
1800,574,1,3
1800,575,1,3
1800,576,1,3
1800,577,1,3
1800,578,1,3
1800,579,1,3
1800,580,1,3
1800,581,1,3
1800,582,1,3
1800,583,1,3
1800,584,1,3
1800,585,1,3
1800,586,1,3
1800,587,1,3
1800,588,1,3
1800,589,1,3
1800,590,1,3
1800,591,1,3
1800,592,1,3
1800,593,1,3
1800,594,1,3
1800,595,1,3
1800,596,1,3
1800,597,1,3
1800,598,1,3
1800,599,1,3
1800,600,1,3
1800,601,1,3
1800,602,1,3
1800,603,1,3
1800,604,1,3
1800,605,1,3
1800,606,1,3
1800,607,1,3
1800,608,1,3
1800,609,1,3
1800,610,1,2
1800,611,1,2
1800,612,1,2
1800,613,1,2
1800,614,1,2
1800,615,1,2
1800,616,1,2
1800,617,1,2
1800,618,1,2
1800,619,1,2
1800,620,1,2
1800,621,1,2
1800,622,1,2
1800,623,1,2
1800,624,1,2
1800,625,1,2
1800,626,1,2
1800,627,1,2
1800,628,1,2
1800,629,1,2
1800,630,1,2
1800,631,1,2
1800,632,1,2
1800,633,1,2
1800,634,1,2
1800,635,1,2
1800,636,1,2
1800,637,1,2
1800,638,1,2
1800,639,1,2
1800,640,1,2
1800,641,1,2
1800,642,1,2
1800,643,1,2
1800,644,1,2
1800,645,1,2
1800,646,1,2
1800,647,1,2
1800,648,1,2
1800,649,1,2
1800,650,1,2
1800,651,1,2
1801,137,1,2
1801,138,1,2
1801,139,1,2
1801,140,1,2
1801,141,1,2
1801,142,1,2
1801,143,1,2
1801,144,1,2
1801,145,1,2
1801,146,1,2
1801,147,1,2
1801,148,1,2
1801,149,1,2
1801,150,1,2
1801,151,1,2
1801,152,1,2
1801,153,1,3
1801,154,1,3
1801,155,1,3
1801,156,1,3
1801,157,1,3
1801,158,1,3
1801,159,1,3
1801,160,1,3
1801,161,1,3
1801,162,1,3
1801,163,1,3
1801,164,1,3
1801,165,1,3
1801,166,1,3
1801,167,1,3
1801,168,1,3
1801,169,1,3
1801,170,1,2
1801,171,1,2
1801,172,1,2
1801,173,1,2
1801,174,1,2
1801,175,1,2
1801,176,1,2
1801,177,1,2
1801,178,1,2
1801,179,1,2
1801,180,1,2
1801,181,1,2
1801,182,1,2
1801,183,1,2
1801,184,1,2
1801,185,1,2
1801,186,1,2
1801,187,1,2
1801,188,1,2
1801,189,1,2
1801,190,1,2
1801,191,1,2
1801,192,1,2
1801,193,1,2
1801,194,1,2
1801,195,1,2
1801,196,1,2
1801,197,1,2
1801,198,1,2
1801,199,1,2
1801,200,1,2
1801,201,1,2
1801,202,1,2
1801,203,1,2
1801,204,1,2
1801,205,1,2
1801,206,1,2
1801,207,1,2
1801,208,1,2
1801,209,1,2
1801,210,1,2
1801,211,1,2
1801,212,1,2
1801,213,1,2
1801,214,1,2
1801,215,1,2
1801,216,1,2
1801,217,1,2
1801,218,1,2
1801,219,1,2
1801,220,1,2
1801,221,1,2
1801,222,1,2
1801,223,1,2
1801,224,1,2
1801,225,1,2
1801,226,1,2
1801,227,1,2
1801,228,1,2
1801,229,1,2
1801,230,1,2
1801,231,1,2
1801,232,1,2
1801,233,1,2
1801,234,1,2
1801,235,1,2
1801,236,1,2
1801,237,1,2
1801,238,1,2
1801,239,1,2
1801,240,1,2
1801,241,1,2
1801,242,1,2
1801,243,1,2
1801,244,1,2
1801,245,1,2
1801,246,1,2
1801,247,1,2
1801,248,1,2
1801,249,1,2
1801,250,1,2
1801,251,1,2
1801,252,1,2
1801,253,1,2
1801,254,1,2
1801,255,1,2
1801,256,1,2
1801,257,1,2
1801,258,1,2
1801,259,1,2
1801,260,1,2
1801,261,1,2
1801,262,1,2
1801,263,1,2
1801,264,1,2
1801,265,1,2
1801,266,1,2
1801,267,1,2
1801,268,1,2
1801,269,1,2
1801,270,1,2
1801,271,1,2
1801,272,1,2
1801,273,1,2
1801,274,1,2
1801,275,1,2
1801,276,1,2
1801,277,1,2
1801,278,1,2
1801,279,1,2
1801,280,1,2
1801,281,1,2
1801,282,1,2
1801,283,1,2
1801,284,1,2
1801,285,1,2
1801,286,1,2
1801,287,1,2
1801,288,1,2
1801,289,1,2
1801,290,1,2
1801,291,1,2
1801,292,1,2
1801,293,1,2
1801,294,1,2
1801,295,1,2
1801,296,1,2
1801,297,1,2
1801,298,1,2
1801,299,1,2
1801,300,1,2
1801,301,1,2
1801,302,1,2
1801,303,1,2
1801,304,1,2
1801,305,1,2
1801,306,1,2
1801,307,1,2
1801,308,1,2
1801,309,1,2
1801,310,1,2
1801,311,1,2
1801,312,1,2
1801,313,1,2
1801,314,1,2
1801,315,1,2
1801,316,1,2
1801,317,1,2
1801,318,1,2
1801,319,1,2
1801,320,1,2
1801,321,1,2
1801,322,1,2
1801,323,1,2
1801,324,1,2
1801,325,1,2
1801,326,1,2
1801,327,1,2
1801,328,1,2
1801,329,1,2
1801,330,1,2
1801,331,1,2
1801,332,1,2
1801,333,1,2
1801,334,1,2
1801,335,1,2
1801,336,1,2
1801,337,1,2
1801,338,1,2
1801,339,1,2
1801,340,1,2
1801,341,1,2
1801,342,1,2
1801,343,1,2
1801,344,1,2
1801,345,1,2
1801,346,1,2
1801,347,1,2
1801,348,1,2
1801,349,1,2
1801,350,1,2
1801,351,1,2
1801,352,1,2
1801,353,1,2
1801,354,1,2
1801,355,1,2
1801,356,1,2
1801,357,1,2
1801,358,1,2
1801,359,1,2
1801,360,1,2
1801,361,1,2
1801,362,1,2
1801,363,1,2
1801,364,1,2
1801,365,1,2
1801,366,1,2
1801,367,1,2
1801,368,1,2
1801,369,1,2
1801,370,1,2
1801,371,1,2
1801,372,1,2
1801,373,1,2
1801,374,1,2
1801,375,1,2
1801,376,1,2
1801,377,1,2
1801,378,1,2
1801,379,1,2
1801,380,1,2
1801,381,1,2
1801,382,1,2
1801,383,1,2
1801,384,1,2
1801,385,1,2
1801,386,1,2
1801,387,1,2
1801,388,1,2
1801,389,1,2
1801,390,1,2
1801,391,1,2
1801,392,1,2
1801,393,1,2
1801,394,1,2
1801,395,1,2
1801,396,1,2
1801,397,1,2
1801,398,1,2
1801,399,1,2
1801,400,1,2
1801,401,1,2
1801,402,1,2
1801,403,1,2
1801,404,1,2
1801,405,1,2
1801,406,1,2
1801,407,1,2
1801,408,1,2
1801,409,1,2
1801,410,1,2
1801,411,1,2
1801,412,1,2
1801,413,1,2
1801,414,1,2
1801,415,1,2
1801,416,1,2
1801,417,1,2
1801,418,1,2
1801,419,1,2
1801,420,1,2
1801,421,1,2
1801,422,1,2
1801,423,1,2
1801,424,1,2
1801,425,1,2
1801,426,1,2
1801,427,1,2
1801,428,1,2
1801,429,1,2
1801,430,1,2
1801,431,1,2
1801,432,1,2
1801,433,1,2
1801,434,1,2
1801,435,1,2
1801,436,1,2
1801,437,1,2
1801,438,1,2
1801,439,1,2
1801,440,1,2
1801,441,1,2
1801,442,1,2
1801,443,1,2
1801,444,1,2
1801,445,1,2
1801,446,1,2
1801,447,1,2
1801,448,1,2
1801,449,1,2
1801,450,1,2
1801,451,1,2
1801,452,1,2
1801,453,1,2
1801,454,1,2
1801,455,1,2
1801,456,1,2
1801,457,1,2
1801,458,1,2
1801,459,1,3
1801,460,1,3
1801,461,1,3
1801,462,1,3
1801,463,1,3
1801,464,1,3
1801,465,1,3
1801,466,1,3
1801,467,1,3
1801,468,1,3
1801,469,1,3
1801,470,1,3
1801,471,1,3
1801,472,1,3
1801,473,1,3
1801,474,1,3
1801,475,1,3
1801,476,1,3
1801,477,1,3
1801,478,1,3
1801,479,1,3
1801,480,1,3
1801,481,1,3
1801,482,1,3
1801,483,1,3
1801,484,1,3
1801,485,1,3
1801,486,1,3
1801,487,1,3
1801,488,1,3
1801,489,1,3
1801,490,1,3
1801,491,1,3
1801,492,1,3
1801,493,1,3
1801,494,1,3
1801,495,1,3
1801,496,1,3
1801,497,1,3
1801,498,1,3
1801,499,1,3
1801,500,1,3
1801,501,1,3
1801,502,1,3
1801,503,1,3
1801,504,1,3
1801,505,1,3
1801,506,1,3
1801,507,1,3
1801,508,1,3
1801,509,1,3
1801,510,1,3
1801,511,1,3
1801,512,1,3
1801,513,1,3
1801,514,1,3
1801,515,1,3
1801,516,1,3
1801,517,1,3
1801,518,1,3
1801,519,1,3
1801,520,1,3
1801,521,1,3
1801,522,1,3
1801,523,1,3
1801,524,1,3
1801,525,1,3
1801,526,1,3
1801,527,1,3
1801,528,1,3
1801,529,1,3
1801,530,1,3
1801,531,1,3
1801,532,1,2
1801,533,1,2
1801,534,1,2
1801,535,1,2
1801,536,1,2
1801,537,1,2
1801,538,1,2
1801,539,1,2
1801,540,1,2
1801,541,1,2
1801,542,1,2
1801,543,1,2
1801,544,1,2
1801,545,1,2
1801,546,1,2
1801,547,1,2
1801,548,1,2
1801,549,1,2
1801,550,1,2
1801,551,1,2
1801,552,1,2
1801,553,1,2
1801,554,1,2
1801,555,1,2
1801,556,1,2
1801,557,1,2
1801,558,1,2
1801,559,1,2
1801,560,1,2
1801,561,1,2
1801,562,1,2
1801,563,1,2
1801,564,1,2
1801,565,1,2
1801,566,1,2
1801,567,1,3
1801,568,1,3
1801,569,1,3
1801,570,1,3
1801,571,1,3
1801,572,1,3
1801,573,1,3
1801,574,1,3
1801,575,1,3
1801,576,1,3
1801,577,1,3
1801,578,1,3
1801,579,1,3
1801,580,1,3
1801,581,1,3
1801,582,1,3
1801,583,1,3
1801,584,1,3
1801,585,1,3
1801,586,1,3
1801,587,1,3
1801,588,1,3
1801,589,1,3
1801,590,1,3
1801,591,1,3
1801,592,1,3
1801,593,1,3
1801,594,1,3
1801,595,1,3
1801,596,1,3
1801,597,1,3
1801,598,1,3
1801,599,1,3
1801,600,1,3
1801,601,1,3
1801,602,1,3
1801,603,1,3
1801,604,1,3
1801,605,1,3
1801,606,1,3
1801,607,1,3
1801,608,1,3
1801,609,1,2
1801,610,1,2
1801,611,1,2
1801,612,1,2
1801,613,1,2
1801,614,1,2
1801,615,1,2
1801,616,1,2
1801,617,1,2
1801,618,1,2
1801,619,1,2
1801,620,1,2
1801,621,1,2
1801,622,1,2
1801,623,1,2
1801,624,1,2
1801,625,1,2
1801,626,1,2
1801,627,1,2
1801,628,1,2
1801,629,1,2
1801,630,1,2
1801,631,1,2
1801,632,1,2
1801,633,1,2
1801,634,1,2
1801,635,1,2
1801,636,1,2
1801,637,1,2
1801,638,1,2
1801,639,1,2
1801,640,1,2
1801,641,1,2
1801,642,1,2
1801,643,1,2
1801,644,1,2
1801,645,1,2
1801,646,1,2
1801,647,1,2
1801,648,1,2
1801,649,1,2
1801,650,1,2
1801,651,1,2
1801,652,1,2
1802,136,1,2
1802,137,1,2
1802,138,1,2
1802,139,1,2
1802,140,1,2
1802,141,1,2
1802,142,1,2
1802,143,1,2
1802,144,1,2
1802,145,1,2
1802,146,1,2
1802,147,1,2
1802,148,1,2
1802,149,1,2
1802,150,1,2
1802,151,1,2
1802,152,1,2
1802,153,1,2
1802,154,1,3
1802,155,1,3
1802,156,1,3
1802,157,1,3
1802,158,1,3
1802,159,1,3
1802,160,1,3
1802,161,1,3
1802,162,1,3
1802,163,1,3
1802,164,1,3
1802,165,1,3
1802,166,1,3
1802,167,1,3
1802,168,1,3
1802,169,1,2
1802,170,1,2
1802,171,1,2
1802,172,1,2
1802,173,1,2
1802,174,1,2
1802,175,1,2
1802,176,1,2
1802,177,1,2
1802,178,1,2
1802,179,1,2
1802,180,1,2
1802,181,1,2
1802,182,1,2
1802,183,1,2
1802,184,1,2
1802,185,1,2
1802,186,1,2
1802,187,1,2
1802,188,1,2
1802,189,1,2
1802,190,1,2
1802,191,1,2
1802,192,1,2
1802,193,1,2
1802,194,1,2
1802,195,1,2
1802,196,1,2
1802,197,1,2
1802,198,1,2
1802,199,1,2
1802,200,1,2
1802,201,1,2
1802,202,1,2
1802,203,1,2
1802,204,1,2
1802,205,1,2
1802,206,1,2
1802,207,1,2
1802,208,1,2
1802,209,1,2
1802,210,1,2
1802,211,1,2
1802,212,1,2
1802,213,1,2
1802,214,1,2
1802,215,1,2
1802,216,1,2
1802,217,1,2
1802,218,1,2
1802,219,1,2
1802,220,1,2
1802,221,1,2
1802,222,1,2
1802,223,1,2
1802,224,1,2
1802,225,1,2
1802,226,1,2
1802,227,1,2
1802,228,1,2
1802,229,1,2
1802,230,1,2
1802,231,1,2
1802,232,1,2
1802,233,1,2
1802,234,1,2
1802,235,1,2
1802,236,1,2
1802,237,1,2
1802,238,1,2
1802,239,1,2
1802,240,1,2
1802,241,1,2
1802,242,1,2
1802,243,1,2
1802,244,1,2
1802,245,1,2
1802,246,1,2
1802,247,1,2
1802,248,1,2
1802,249,1,2
1802,250,1,2
1802,251,1,2
1802,252,1,2
1802,253,1,2
1802,254,1,2
1802,255,1,2
1802,256,1,2
1802,257,1,2
1802,258,1,2
1802,259,1,2
1802,260,1,2
1802,261,1,2
1802,262,1,2
1802,263,1,2
1802,264,1,2
1802,265,1,2
1802,266,1,2
1802,267,1,2
1802,268,1,2
1802,269,1,2
1802,270,1,2
1802,271,1,2
1802,272,1,2
1802,273,1,2
1802,274,1,2
1802,275,1,2
1802,276,1,2
1802,277,1,2
1802,278,1,2
1802,279,1,2
1802,280,1,2
1802,281,1,2
1802,282,1,2
1802,283,1,2
1802,284,1,2
1802,285,1,2
1802,286,1,2
1802,287,1,2
1802,288,1,2
1802,289,1,2
1802,290,1,2
1802,291,1,2
1802,292,1,2
1802,293,1,2
1802,294,1,2
1802,295,1,2
1802,296,1,2
1802,297,1,2
1802,298,1,2
1802,299,1,2
1802,300,1,2
1802,301,1,2
1802,302,1,2
1802,303,1,2
1802,304,1,2
1802,305,1,2
1802,306,1,2
1802,307,1,2
1802,308,1,2
1802,309,1,2
1802,310,1,2
1802,311,1,2
1802,312,1,2
1802,313,1,2
1802,314,1,2
1802,315,1,2
1802,316,1,2
1802,317,1,2
1802,318,1,2
1802,319,1,2
1802,320,1,2
1802,321,1,2
1802,322,1,2
1802,323,1,2
1802,324,1,2
1802,325,1,2
1802,326,1,2
1802,327,1,2
1802,328,1,2
1802,329,1,2
1802,330,1,2
1802,331,1,2
1802,332,1,2
1802,333,1,2
1802,334,1,2
1802,335,1,2
1802,336,1,2
1802,337,1,2
1802,338,1,2
1802,339,1,2
1802,340,1,2
1802,341,1,2
1802,342,1,2
1802,343,1,2
1802,344,1,2
1802,345,1,2
1802,346,1,2
1802,347,1,2
1802,348,1,2
1802,349,1,2
1802,350,1,2
1802,351,1,2
1802,352,1,2
1802,353,1,2
1802,354,1,2
1802,355,1,2
1802,356,1,2
1802,357,1,2
1802,358,1,2
1802,359,1,2
1802,360,1,2
1802,361,1,2
1802,362,1,2
1802,363,1,2
1802,364,1,2
1802,365,1,2
1802,366,1,2
1802,367,1,2
1802,368,1,2
1802,369,1,2
1802,370,1,2
1802,371,1,2
1802,372,1,2
1802,373,1,2
1802,374,1,2
1802,375,1,2
1802,376,1,2
1802,377,1,2
1802,378,1,2
1802,379,1,2
1802,380,1,2
1802,381,1,2
1802,382,1,2
1802,383,1,2
1802,384,1,2
1802,385,1,2
1802,386,1,2
1802,387,1,2
1802,388,1,2
1802,389,1,2
1802,390,1,2
1802,391,1,2
1802,392,1,2
1802,393,1,2
1802,394,1,2
1802,395,1,2
1802,396,1,2
1802,397,1,2
1802,398,1,2
1802,399,1,2
1802,400,1,2
1802,401,1,2
1802,402,1,2
1802,403,1,2
1802,404,1,2
1802,405,1,2
1802,406,1,2
1802,407,1,2
1802,408,1,2
1802,409,1,2
1802,410,1,2
1802,411,1,2
1802,412,1,2
1802,413,1,2
1802,414,1,2
1802,415,1,2
1802,416,1,2
1802,417,1,2
1802,418,1,2
1802,419,1,2
1802,420,1,2
1802,421,1,2
1802,422,1,2
1802,423,1,2
1802,424,1,2
1802,425,1,2
1802,426,1,2
1802,427,1,2
1802,428,1,2
1802,429,1,2
1802,430,1,2
1802,431,1,2
1802,432,1,2
1802,433,1,2
1802,434,1,2
1802,435,1,2
1802,436,1,2
1802,437,1,2
1802,438,1,2
1802,439,1,2
1802,440,1,2
1802,441,1,2
1802,442,1,2
1802,443,1,2
1802,444,1,2
1802,445,1,2
1802,446,1,2
1802,447,1,2
1802,448,1,2
1802,449,1,2
1802,450,1,2
1802,451,1,2
1802,452,1,2
1802,453,1,2
1802,454,1,2
1802,455,1,2
1802,456,1,2
1802,457,1,2
1802,458,1,2
1802,459,1,2
1802,460,1,3
1802,461,1,3
1802,462,1,3
1802,463,1,3
1802,464,1,3
1802,465,1,3
1802,466,1,3
1802,467,1,3
1802,468,1,3
1802,469,1,3
1802,470,1,3
1802,471,1,3
1802,472,1,3
1802,473,1,3
1802,474,1,3
1802,475,1,3
1802,476,1,3
1802,477,1,3
1802,478,1,3
1802,479,1,3
1802,480,1,3
1802,481,1,3
1802,482,1,3
1802,483,1,3
1802,484,1,3
1802,485,1,3
1802,486,1,3
1802,487,1,3
1802,488,1,3
1802,489,1,3
1802,490,1,3
1802,491,1,3
1802,492,1,3
1802,493,1,3
1802,494,1,3
1802,495,1,3
1802,496,1,3
1802,497,1,3
1802,498,1,3
1802,499,1,3
1802,500,1,3
1802,501,1,3
1802,502,1,3
1802,503,1,3
1802,504,1,3
1802,505,1,3
1802,506,1,3
1802,507,1,3
1802,508,1,3
1802,509,1,3
1802,510,1,3
1802,511,1,3
1802,512,1,3
1802,513,1,3
1802,514,1,3
1802,515,1,3
1802,516,1,3
1802,517,1,3
1802,518,1,3
1802,519,1,3
1802,520,1,3
1802,521,1,3
1802,522,1,3
1802,523,1,3
1802,524,1,3
1802,525,1,3
1802,526,1,3
1802,527,1,3
1802,528,1,3
1802,529,1,3
1802,530,1,3
1802,531,1,3
1802,532,1,2
1802,533,1,2
1802,534,1,2
1802,535,1,2
1802,536,1,2
1802,537,1,2
1802,538,1,2
1802,539,1,2
1802,540,1,2
1802,541,1,2
1802,542,1,2
1802,543,1,2
1802,544,1,2
1802,545,1,2
1802,546,1,2
1802,547,1,2
1802,548,1,2
1802,549,1,2
1802,550,1,2
1802,551,1,2
1802,552,1,2
1802,553,1,2
1802,554,1,2
1802,555,1,2
1802,556,1,2
1802,557,1,2
1802,558,1,2
1802,559,1,2
1802,560,1,2
1802,561,1,2
1802,562,1,2
1802,563,1,2
1802,564,1,2
1802,565,1,2
1802,566,1,2
1802,567,1,2
1802,568,1,3
1802,569,1,3
1802,570,1,3
1802,571,1,3
1802,572,1,3
1802,573,1,3
1802,574,1,3
1802,575,1,3
1802,576,1,3
1802,577,1,3
1802,578,1,3
1802,579,1,3
1802,580,1,3
1802,581,1,3
1802,582,1,3
1802,583,1,3
1802,584,1,3
1802,585,1,3
1802,586,1,3
1802,587,1,3
1802,588,1,3
1802,589,1,3
1802,590,1,3
1802,591,1,3
1802,592,1,3
1802,593,1,3
1802,594,1,3
1802,595,1,3
1802,596,1,3
1802,597,1,3
1802,598,1,2
1802,599,1,2
1802,600,1,2
1802,601,1,2
1802,602,1,2
1802,603,1,2
1802,604,1,2
1802,605,1,2
1802,606,1,2
1802,607,1,2
1802,608,1,2
1802,609,1,2
1802,610,1,2
1802,611,1,2
1802,612,1,2
1802,613,1,2
1802,614,1,2
1802,615,1,2
1802,616,1,2
1802,617,1,2
1802,618,1,2
1802,619,1,2
1802,620,1,2
1802,621,1,2
1802,622,1,2
1802,623,1,2
1802,624,1,2
1802,625,1,2
1802,626,1,2
1802,627,1,2
1802,628,1,2
1802,629,1,2
1802,630,1,2
1802,631,1,2
1802,632,1,2
1802,633,1,2
1802,634,1,2
1802,635,1,2
1802,636,1,2
1802,637,1,2
1802,638,1,2
1802,639,1,2
1802,640,1,2
1802,641,1,2
1802,642,1,2
1802,643,1,2
1802,644,1,2
1802,645,1,2
1802,646,1,2
1802,647,1,2
1802,648,1,2
1802,649,1,2
1802,650,1,2
1802,651,1,2
1802,652,1,2
1803,136,1,2
1803,137,1,2
1803,138,1,2
1803,139,1,2
1803,140,1,2
1803,141,1,2
1803,142,1,2
1803,143,1,2
1803,144,1,2
1803,145,1,2
1803,146,1,2
1803,147,1,2
1803,148,1,2
1803,149,1,2
1803,150,1,2
1803,151,1,2
1803,152,1,2
1803,153,1,3
1803,154,1,3
1803,155,1,3
1803,156,1,3
1803,157,1,3
1803,158,1,3
1803,159,1,3
1803,160,1,3
1803,161,1,3
1803,162,1,3
1803,163,1,3
1803,164,1,3
1803,165,1,3
1803,166,1,3
1803,167,1,3
1803,168,1,2
1803,169,1,2
1803,170,1,2
1803,171,1,2
1803,172,1,2
1803,173,1,2
1803,174,1,2
1803,175,1,2
1803,176,1,2
1803,177,1,2
1803,178,1,2
1803,179,1,2
1803,180,1,2
1803,181,1,2
1803,182,1,2
1803,183,1,2
1803,184,1,2
1803,185,1,2
1803,186,1,2
1803,187,1,2
1803,188,1,2
1803,189,1,2
1803,190,1,2
1803,191,1,2
1803,192,1,2
1803,193,1,2
1803,194,1,2
1803,195,1,2
1803,196,1,2
1803,197,1,2
1803,198,1,2
1803,199,1,2
1803,200,1,2
1803,201,1,2
1803,202,1,2
1803,203,1,2
1803,204,1,2
1803,205,1,2
1803,206,1,2
1803,207,1,2
1803,208,1,2
1803,209,1,2
1803,210,1,2
1803,211,1,2
1803,212,1,2
1803,213,1,2
1803,214,1,2
1803,215,1,2
1803,216,1,2
1803,217,1,2
1803,218,1,2
1803,219,1,2
1803,220,1,2
1803,221,1,2
1803,222,1,2
1803,223,1,2
1803,224,1,2
1803,225,1,2
1803,226,1,2
1803,227,1,2
1803,228,1,2
1803,229,1,2
1803,230,1,2
1803,231,1,2
1803,232,1,2
1803,233,1,2
1803,234,1,2
1803,235,1,2
1803,236,1,2
1803,237,1,2
1803,238,1,2
1803,239,1,2
1803,240,1,2
1803,241,1,2
1803,242,1,2
1803,243,1,2
1803,244,1,2
1803,245,1,2
1803,246,1,2
1803,247,1,2
1803,248,1,2
1803,249,1,2
1803,250,1,2
1803,251,1,2
1803,252,1,2
1803,253,1,2
1803,254,1,2
1803,255,1,2
1803,256,1,2
1803,257,1,2
1803,258,1,2
1803,259,1,2
1803,260,1,2
1803,261,1,2
1803,262,1,2
1803,263,1,2
1803,264,1,2
1803,265,1,2
1803,266,1,2
1803,267,1,2
1803,268,1,2
1803,269,1,2
1803,270,1,2
1803,271,1,2
1803,272,1,2
1803,273,1,2
1803,274,1,2
1803,275,1,2
1803,276,1,2
1803,277,1,2
1803,278,1,2
1803,279,1,2
1803,280,1,2
1803,281,1,2
1803,282,1,2
1803,283,1,2
1803,284,1,2
1803,285,1,2
1803,286,1,2
1803,287,1,2
1803,288,1,2
1803,289,1,2
1803,290,1,2
1803,291,1,2
1803,292,1,2
1803,293,1,2
1803,294,1,2
1803,295,1,2
1803,296,1,2
1803,297,1,2
1803,298,1,2
1803,299,1,2
1803,300,1,2
1803,301,1,2
1803,302,1,2
1803,303,1,2
1803,304,1,2
1803,305,1,2
1803,306,1,2
1803,307,1,2
1803,308,1,2
1803,309,1,2
1803,310,1,2
1803,311,1,2
1803,312,1,2
1803,313,1,2
1803,314,1,2
1803,315,1,2
1803,316,1,2
1803,317,1,2
1803,318,1,2
1803,319,1,2
1803,320,1,2
1803,321,1,2
1803,322,1,2
1803,323,1,2
1803,324,1,2
1803,325,1,2
1803,326,1,2
1803,327,1,2
1803,328,1,2
1803,329,1,2
1803,330,1,2
1803,331,1,2
1803,332,1,2
1803,333,1,2
1803,334,1,2
1803,335,1,2
1803,336,1,2
1803,337,1,2
1803,338,1,2
1803,339,1,2
1803,340,1,2
1803,341,1,2
1803,342,1,2
1803,343,1,2
1803,344,1,2
1803,345,1,2
1803,346,1,2
1803,347,1,2
1803,348,1,2
1803,349,1,2
1803,350,1,2
1803,351,1,2
1803,352,1,2
1803,353,1,2
1803,354,1,2
1803,355,1,2
1803,356,1,2
1803,357,1,2
1803,358,1,2
1803,359,1,2
1803,360,1,2
1803,361,1,2
1803,362,1,2
1803,363,1,2
1803,364,1,2
1803,365,1,2
1803,366,1,2
1803,367,1,2
1803,368,1,2
1803,369,1,2
1803,370,1,2
1803,371,1,2
1803,372,1,2
1803,373,1,2
1803,374,1,2
1803,375,1,2
1803,376,1,2
1803,377,1,2
1803,378,1,2
1803,379,1,2
1803,380,1,2
1803,381,1,2
1803,382,1,2
1803,383,1,2
1803,384,1,2
1803,385,1,2
1803,386,1,2
1803,387,1,2
1803,388,1,2
1803,389,1,2
1803,390,1,2
1803,391,1,2
1803,392,1,2
1803,393,1,2
1803,394,1,2
1803,395,1,2
1803,396,1,2
1803,397,1,2
1803,398,1,2
1803,399,1,2
1803,400,1,2
1803,401,1,2
1803,402,1,2
1803,403,1,2
1803,404,1,2
1803,405,1,2
1803,406,1,2
1803,407,1,2
1803,408,1,2
1803,409,1,2
1803,410,1,2
1803,411,1,2
1803,412,1,2
1803,413,1,2
1803,414,1,2
1803,415,1,2
1803,416,1,2
1803,417,1,2
1803,418,1,2
1803,419,1,2
1803,420,1,2
1803,421,1,2
1803,422,1,2
1803,423,1,2
1803,424,1,2
1803,425,1,2
1803,426,1,2
1803,427,1,2
1803,428,1,2
1803,429,1,2
1803,430,1,2
1803,431,1,2
1803,432,1,2
1803,433,1,2
1803,434,1,2
1803,435,1,2
1803,436,1,2
1803,437,1,2
1803,438,1,2
1803,439,1,2
1803,440,1,2
1803,441,1,2
1803,442,1,2
1803,443,1,2
1803,444,1,2
1803,445,1,2
1803,446,1,2
1803,447,1,2
1803,448,1,2
1803,449,1,2
1803,450,1,2
1803,451,1,2
1803,452,1,2
1803,453,1,2
1803,454,1,2
1803,455,1,2
1803,456,1,2
1803,457,1,2
1803,458,1,2
1803,459,1,2
1803,460,1,3
1803,461,1,3
1803,462,1,3
1803,463,1,3
1803,464,1,3
1803,465,1,3
1803,466,1,3
1803,467,1,3
1803,468,1,3
1803,469,1,3
1803,470,1,3
1803,471,1,3
1803,472,1,3
1803,473,1,3
1803,474,1,3
1803,475,1,3
1803,476,1,3
1803,477,1,3
1803,478,1,3
1803,479,1,3
1803,480,1,3
1803,481,1,3
1803,482,1,3
1803,483,1,3
1803,484,1,3
1803,485,1,3
1803,486,1,3
1803,487,1,3
1803,488,1,3
1803,489,1,3
1803,490,1,3
1803,491,1,3
1803,492,1,3
1803,493,1,3
1803,494,1,3
1803,495,1,3
1803,496,1,3
1803,497,1,3
1803,498,1,3
1803,499,1,3
1803,500,1,3
1803,501,1,3
1803,502,1,3
1803,503,1,3
1803,504,1,3
1803,505,1,3
1803,506,1,3
1803,507,1,3
1803,508,1,3
1803,509,1,3
1803,510,1,3
1803,511,1,3
1803,512,1,3
1803,513,1,3
1803,514,1,3
1803,515,1,3
1803,516,1,3
1803,517,1,3
1803,518,1,3
1803,519,1,3
1803,520,1,3
1803,521,1,3
1803,522,1,3
1803,523,1,3
1803,524,1,3
1803,525,1,3
1803,526,1,3
1803,527,1,3
1803,528,1,3
1803,529,1,3
1803,530,1,3
1803,531,1,3
1803,532,1,2
1803,533,1,2
1803,534,1,2
1803,535,1,2
1803,536,1,2
1803,537,1,2
1803,538,1,2
1803,539,1,2
1803,540,1,2
1803,541,1,2
1803,542,1,2
1803,543,1,2
1803,544,1,2
1803,545,1,2
1803,546,1,2
1803,547,1,2
1803,548,1,2
1803,549,1,2
1803,550,1,2
1803,551,1,2
1803,552,1,2
1803,553,1,2
1803,554,1,2
1803,555,1,2
1803,556,1,2
1803,557,1,2
1803,558,1,2
1803,559,1,2
1803,560,1,2
1803,561,1,2
1803,562,1,2
1803,563,1,2
1803,564,1,2
1803,565,1,2
1803,566,1,2
1803,567,1,2
1803,568,1,2
1803,569,1,3
1803,570,1,3
1803,571,1,3
1803,572,1,3
1803,573,1,3
1803,574,1,3
1803,575,1,3
1803,576,1,3
1803,577,1,3
1803,578,1,3
1803,579,1,3
1803,580,1,3
1803,581,1,3
1803,582,1,3
1803,583,1,3
1803,584,1,3
1803,585,1,3
1803,586,1,3
1803,587,1,3
1803,588,1,3
1803,589,1,3
1803,590,1,3
1803,591,1,3
1803,592,1,3
1803,593,1,3
1803,594,1,3
1803,595,1,3
1803,596,1,2
1803,597,1,2
1803,598,1,2
1803,599,1,2
1803,600,1,2
1803,601,1,2
1803,602,1,2
1803,603,1,2
1803,604,1,2
1803,605,1,2
1803,606,1,2
1803,607,1,2
1803,608,1,2
1803,609,1,2
1803,610,1,2
1803,611,1,2
1803,612,1,2
1803,613,1,2
1803,614,1,2
1803,615,1,2
1803,616,1,2
1803,617,1,2
1803,618,1,2
1803,619,1,2
1803,620,1,2
1803,621,1,2
1803,622,1,2
1803,623,1,2
1803,624,1,2
1803,625,1,2
1803,626,1,2
1803,627,1,2
1803,628,1,2
1803,629,1,2
1803,630,1,2
1803,631,1,2
1803,632,1,2
1803,633,1,2
1803,634,1,2
1803,635,1,2
1803,636,1,2
1803,637,1,2
1803,638,1,2
1803,639,1,2
1803,640,1,2
1803,641,1,2
1803,642,1,2
1803,643,1,2
1803,644,1,2
1803,645,1,2
1803,646,1,2
1803,647,1,2
1803,648,1,2
1803,649,1,2
1803,650,1,2
1803,651,1,2
1803,652,1,2
1804,136,1,2
1804,137,1,2
1804,138,1,2
1804,139,1,2
1804,140,1,2
1804,141,1,2
1804,142,1,2
1804,143,1,2
1804,144,1,2
1804,145,1,2
1804,146,1,2
1804,147,1,2
1804,148,1,2
1804,149,1,2
1804,150,1,2
1804,151,1,2
1804,152,1,2
1804,153,1,3
1804,154,1,3
1804,155,1,3
1804,156,1,3
1804,157,1,3
1804,158,1,3
1804,159,1,3
1804,160,1,3
1804,161,1,3
1804,162,1,3
1804,163,1,3
1804,164,1,3
1804,165,1,3
1804,166,1,3
1804,167,1,2
1804,168,1,2
1804,169,1,2
1804,170,1,2
1804,171,1,2
1804,172,1,2
1804,173,1,2
1804,174,1,2
1804,175,1,2
1804,176,1,2
1804,177,1,2
1804,178,1,2
1804,179,1,2
1804,180,1,2
1804,181,1,2
1804,182,1,2
1804,183,1,2
1804,184,1,2
1804,185,1,2
1804,186,1,2
1804,187,1,2
1804,188,1,2
1804,189,1,2
1804,190,1,2
1804,191,1,2
1804,192,1,2
1804,193,1,2
1804,194,1,2
1804,195,1,2
1804,196,1,2
1804,197,1,2
1804,198,1,2
1804,199,1,2
1804,200,1,2
1804,201,1,2
1804,202,1,2
1804,203,1,2
1804,204,1,2
1804,205,1,2
1804,206,1,2
1804,207,1,2
1804,208,1,2
1804,209,1,2
1804,210,1,2
1804,211,1,2
1804,212,1,2
1804,213,1,2
1804,214,1,2
1804,215,1,2
1804,216,1,2
1804,217,1,2
1804,218,1,2
1804,219,1,2
1804,220,1,2
1804,221,1,2
1804,222,1,2
1804,223,1,2
1804,224,1,2
1804,225,1,2
1804,226,1,2
1804,227,1,2
1804,228,1,2
1804,229,1,2
1804,230,1,2
1804,231,1,2
1804,232,1,2
1804,233,1,2
1804,234,1,2
1804,235,1,2
1804,236,1,2
1804,237,1,2
1804,238,1,2
1804,239,1,2
1804,240,1,2
1804,241,1,2
1804,242,1,2
1804,243,1,2
1804,244,1,2
1804,245,1,2
1804,246,1,2
1804,247,1,2
1804,248,1,2
1804,249,1,2
1804,250,1,2
1804,251,1,2
1804,252,1,2
1804,253,1,2
1804,254,1,2
1804,255,1,2
1804,256,1,2
1804,257,1,2
1804,258,1,2
1804,259,1,2
1804,260,1,2
1804,261,1,2
1804,262,1,2
1804,263,1,2
1804,264,1,2
1804,265,1,2
1804,266,1,2
1804,267,1,2
1804,268,1,2
1804,269,1,2
1804,270,1,2
1804,271,1,2
1804,272,1,2
1804,273,1,2
1804,274,1,2
1804,275,1,2
1804,276,1,2
1804,277,1,2
1804,278,1,2
1804,279,1,2
1804,280,1,2
1804,281,1,2
1804,282,1,2
1804,283,1,2
1804,284,1,2
1804,285,1,2
1804,286,1,2
1804,287,1,2
1804,288,1,2
1804,289,1,2
1804,290,1,2
1804,291,1,2
1804,292,1,2
1804,293,1,2
1804,294,1,2
1804,295,1,2
1804,296,1,2
1804,297,1,2
1804,298,1,2
1804,299,1,2
1804,300,1,2
1804,301,1,2
1804,302,1,2
1804,303,1,2
1804,304,1,2
1804,305,1,2
1804,306,1,2
1804,307,1,2
1804,308,1,2
1804,309,1,2
1804,310,1,2
1804,311,1,2
1804,312,1,2
1804,313,1,2
1804,314,1,2
1804,315,1,2
1804,316,1,2
1804,317,1,2
1804,318,1,2
1804,319,1,2
1804,320,1,2
1804,321,1,2
1804,322,1,2
1804,323,1,2
1804,324,1,2
1804,325,1,2
1804,326,1,2
1804,327,1,2
1804,328,1,2
1804,329,1,2
1804,330,1,2
1804,331,1,2
1804,332,1,2
1804,333,1,2
1804,334,1,2
1804,335,1,2
1804,336,1,2
1804,337,1,2
1804,338,1,2
1804,339,1,2
1804,340,1,2
1804,341,1,2
1804,342,1,2
1804,343,1,2
1804,344,1,2
1804,345,1,2
1804,346,1,2
1804,347,1,2
1804,348,1,2
1804,349,1,2
1804,350,1,2
1804,351,1,2
1804,352,1,2
1804,353,1,2
1804,354,1,2
1804,355,1,2
1804,356,1,2
1804,357,1,2
1804,358,1,2
1804,359,1,2
1804,360,1,2
1804,361,1,2
1804,362,1,2
1804,363,1,2
1804,364,1,2
1804,365,1,2
1804,366,1,2
1804,367,1,2
1804,368,1,2
1804,369,1,2
1804,370,1,2
1804,371,1,2
1804,372,1,2
1804,373,1,2
1804,374,1,2
1804,375,1,2
1804,376,1,2
1804,377,1,2
1804,378,1,2
1804,379,1,2
1804,380,1,2
1804,381,1,2
1804,382,1,2
1804,383,1,2
1804,384,1,2
1804,385,1,2
1804,386,1,2
1804,387,1,2
1804,388,1,2
1804,389,1,2
1804,390,1,2
1804,391,1,2
1804,392,1,2
1804,393,1,2
1804,394,1,2
1804,395,1,2
1804,396,1,2
1804,397,1,2
1804,398,1,2
1804,399,1,2
1804,400,1,2
1804,401,1,2
1804,402,1,2
1804,403,1,2
1804,404,1,2
1804,405,1,2
1804,406,1,2
1804,407,1,2
1804,408,1,2
1804,409,1,2
1804,410,1,2
1804,411,1,2
1804,412,1,2
1804,413,1,2
1804,414,1,2
1804,415,1,2
1804,416,1,2
1804,417,1,2
1804,418,1,2
1804,419,1,2
1804,420,1,2
1804,421,1,2
1804,422,1,2
1804,423,1,2
1804,424,1,2
1804,425,1,2
1804,426,1,2
1804,427,1,2
1804,428,1,2
1804,429,1,2
1804,430,1,2
1804,431,1,2
1804,432,1,2
1804,433,1,2
1804,434,1,2
1804,435,1,2
1804,436,1,2
1804,437,1,2
1804,438,1,2
1804,439,1,2
1804,440,1,2
1804,441,1,2
1804,442,1,2
1804,443,1,2
1804,444,1,2
1804,445,1,2
1804,446,1,2
1804,447,1,2
1804,448,1,2
1804,449,1,2
1804,450,1,2
1804,451,1,2
1804,452,1,2
1804,453,1,2
1804,454,1,2
1804,455,1,2
1804,456,1,2
1804,457,1,2
1804,458,1,2
1804,459,1,2
1804,460,1,2
1804,461,1,3
1804,462,1,3
1804,463,1,3
1804,464,1,3
1804,465,1,3
1804,466,1,3
1804,467,1,3
1804,468,1,3
1804,469,1,3
1804,470,1,3
1804,471,1,3
1804,472,1,3
1804,473,1,3
1804,474,1,3
1804,475,1,3
1804,476,1,3
1804,477,1,3
1804,478,1,3
1804,479,1,3
1804,480,1,3
1804,481,1,3
1804,482,1,3
1804,483,1,3
1804,484,1,3
1804,485,1,3
1804,486,1,3
1804,487,1,3
1804,488,1,3
1804,489,1,3
1804,490,1,3
1804,491,1,3
1804,492,1,3
1804,493,1,3
1804,494,1,3
1804,495,1,3
1804,496,1,3
1804,497,1,3
1804,498,1,3
1804,499,1,3
1804,500,1,3
1804,501,1,3
1804,502,1,3
1804,503,1,3
1804,504,1,3
1804,505,1,3
1804,506,1,3
1804,507,1,3
1804,508,1,3
1804,509,1,3
1804,510,1,3
1804,511,1,3
1804,512,1,3
1804,513,1,3
1804,514,1,3
1804,515,1,3
1804,516,1,3
1804,517,1,3
1804,518,1,3
1804,519,1,3
1804,520,1,3
1804,521,1,3
1804,522,1,3
1804,523,1,3
1804,524,1,3
1804,525,1,3
1804,526,1,3
1804,527,1,3
1804,528,1,3
1804,529,1,3
1804,530,1,2
1804,531,1,2
1804,532,1,2
1804,533,1,2
1804,534,1,2
1804,535,1,2
1804,536,1,2
1804,537,1,2
1804,538,1,2
1804,539,1,2
1804,540,1,2
1804,541,1,2
1804,542,1,2
1804,543,1,2
1804,544,1,2
1804,545,1,2
1804,546,1,2
1804,547,1,2
1804,548,1,2
1804,549,1,2
1804,550,1,2
1804,551,1,2
1804,552,1,2
1804,553,1,2
1804,554,1,2
1804,555,1,2
1804,556,1,2
1804,557,1,2
1804,558,1,2
1804,559,1,2
1804,560,1,2
1804,561,1,2
1804,562,1,2
1804,563,1,2
1804,564,1,2
1804,565,1,2
1804,566,1,2
1804,567,1,2
1804,568,1,2
1804,569,1,2
1804,570,1,2
1804,571,1,2
1804,572,1,3
1804,573,1,3
1804,574,1,3
1804,575,1,3
1804,576,1,3
1804,577,1,3
1804,578,1,3
1804,579,1,3
1804,580,1,3
1804,581,1,3
1804,582,1,3
1804,583,1,3
1804,584,1,3
1804,585,1,3
1804,586,1,3
1804,587,1,3
1804,588,1,3
1804,589,1,3
1804,590,1,3
1804,591,1,3
1804,592,1,3
1804,593,1,2
1804,594,1,2
1804,595,1,2
1804,596,1,2
1804,597,1,2
1804,598,1,2
1804,599,1,2
1804,600,1,2
1804,601,1,2
1804,602,1,2
1804,603,1,2
1804,604,1,2
1804,605,1,2
1804,606,1,2
1804,607,1,2
1804,608,1,2
1804,609,1,2
1804,610,1,2
1804,611,1,2
1804,612,1,2
1804,613,1,2
1804,614,1,2
1804,615,1,2
1804,616,1,2
1804,617,1,2
1804,618,1,2
1804,619,1,2
1804,620,1,2
1804,621,1,2
1804,622,1,2
1804,623,1,2
1804,624,1,2
1804,625,1,2
1804,626,1,2
1804,627,1,2
1804,628,1,2
1804,629,1,2
1804,630,1,2
1804,631,1,2
1804,632,1,2
1804,633,1,2
1804,634,1,2
1804,635,1,2
1804,636,1,2
1804,637,1,2
1804,638,1,2
1804,639,1,2
1804,640,1,2
1804,641,1,2
1804,642,1,2
1804,643,1,2
1804,644,1,2
1804,645,1,2
1804,646,1,2
1804,647,1,2
1804,648,1,2
1804,649,1,2
1804,650,1,2
1804,651,1,2
1804,652,1,2
1804,653,1,2
1805,135,1,2
1805,136,1,2
1805,137,1,2
1805,138,1,2
1805,139,1,2
1805,140,1,2
1805,141,1,2
1805,142,1,2
1805,143,1,2
1805,144,1,2
1805,145,1,2
1805,146,1,2
1805,147,1,2
1805,148,1,2
1805,149,1,2
1805,150,1,2
1805,151,1,2
1805,152,1,3
1805,153,1,3
1805,154,1,3
1805,155,1,3
1805,156,1,3
1805,157,1,3
1805,158,1,3
1805,159,1,3
1805,160,1,3
1805,161,1,3
1805,162,1,3
1805,163,1,3
1805,164,1,3
1805,165,1,2
1805,166,1,2
1805,167,1,2
1805,168,1,2
1805,169,1,2
1805,170,1,2
1805,171,1,2
1805,172,1,2
1805,173,1,2
1805,174,1,2
1805,175,1,2
1805,176,1,2
1805,177,1,2
1805,178,1,2
1805,179,1,2
1805,180,1,2
1805,181,1,2
1805,182,1,2
1805,183,1,2
1805,184,1,2
1805,185,1,2
1805,186,1,2
1805,187,1,2
1805,188,1,2
1805,189,1,2
1805,190,1,2
1805,191,1,2
1805,192,1,2
1805,193,1,2
1805,194,1,2
1805,195,1,2
1805,196,1,2
1805,197,1,2
1805,198,1,2
1805,199,1,2
1805,200,1,2
1805,201,1,2
1805,202,1,2
1805,203,1,2
1805,204,1,2
1805,205,1,2
1805,206,1,2
1805,207,1,2
1805,208,1,2
1805,209,1,2
1805,210,1,2
1805,211,1,2
1805,212,1,2
1805,213,1,2
1805,214,1,2
1805,215,1,2
1805,216,1,2
1805,217,1,2
1805,218,1,2
1805,219,1,2
1805,220,1,2
1805,221,1,2
1805,222,1,2
1805,223,1,2
1805,224,1,2
1805,225,1,2
1805,226,1,2
1805,227,1,2
1805,228,1,2
1805,229,1,2
1805,230,1,2
1805,231,1,2
1805,232,1,2
1805,233,1,2
1805,234,1,2
1805,235,1,2
1805,236,1,2
1805,237,1,2
1805,238,1,2
1805,239,1,2
1805,240,1,2
1805,241,1,2
1805,242,1,2
1805,243,1,2
1805,244,1,2
1805,245,1,2
1805,246,1,2
1805,247,1,2
1805,248,1,2
1805,249,1,2
1805,250,1,2
1805,251,1,2
1805,252,1,2
1805,253,1,2
1805,254,1,2
1805,255,1,2
1805,256,1,2
1805,257,1,2
1805,258,1,2
1805,259,1,2
1805,260,1,2
1805,261,1,2
1805,262,1,2
1805,263,1,2
1805,264,1,2
1805,265,1,2
1805,266,1,2
1805,267,1,2
1805,268,1,2
1805,269,1,2
1805,270,1,2
1805,271,1,2
1805,272,1,2
1805,273,1,2
1805,274,1,2
1805,275,1,2
1805,276,1,2
1805,277,1,2
1805,278,1,2
1805,279,1,2
1805,280,1,2
1805,281,1,2
1805,282,1,2
1805,283,1,2
1805,284,1,2
1805,285,1,2
1805,286,1,2
1805,287,1,2
1805,288,1,2
1805,289,1,2
1805,290,1,2
1805,291,1,2
1805,292,1,2
1805,293,1,2
1805,294,1,2
1805,295,1,2
1805,296,1,2
1805,297,1,2
1805,298,1,2
1805,299,1,2
1805,300,1,2
1805,301,1,2
1805,302,1,2
1805,303,1,2
1805,304,1,2
1805,305,1,2
1805,306,1,2
1805,307,1,2
1805,308,1,2
1805,309,1,2
1805,310,1,2
1805,311,1,2
1805,312,1,2
1805,313,1,2
1805,314,1,2
1805,315,1,2
1805,316,1,2
1805,317,1,2
1805,318,1,2
1805,319,1,2
1805,320,1,2
1805,321,1,2
1805,322,1,2
1805,323,1,2
1805,324,1,2
1805,325,1,2
1805,326,1,2
1805,327,1,2
1805,328,1,2
1805,329,1,2
1805,330,1,2
1805,331,1,2
1805,332,1,2
1805,333,1,2
1805,334,1,2
1805,335,1,2
1805,336,1,2
1805,337,1,2
1805,338,1,2
1805,339,1,2
1805,340,1,2
1805,341,1,2
1805,342,1,2
1805,343,1,2
1805,344,1,2
1805,345,1,2
1805,346,1,2
1805,347,1,2
1805,348,1,2
1805,349,1,2
1805,350,1,2
1805,351,1,2
1805,352,1,2
1805,353,1,2
1805,354,1,2
1805,355,1,2
1805,356,1,2
1805,357,1,2
1805,358,1,2
1805,359,1,2
1805,360,1,2
1805,361,1,2
1805,362,1,2
1805,363,1,2
1805,364,1,2
1805,365,1,2
1805,366,1,2
1805,367,1,2
1805,368,1,2
1805,369,1,2
1805,370,1,2
1805,371,1,2
1805,372,1,2
1805,373,1,2
1805,374,1,2
1805,375,1,2
1805,376,1,2
1805,377,1,2
1805,378,1,2
1805,379,1,2
1805,380,1,2
1805,381,1,2
1805,382,1,2
1805,383,1,2
1805,384,1,2
1805,385,1,2
1805,386,1,2
1805,387,1,2
1805,388,1,2
1805,389,1,2
1805,390,1,2
1805,391,1,2
1805,392,1,2
1805,393,1,2
1805,394,1,2
1805,395,1,2
1805,396,1,2
1805,397,1,2
1805,398,1,2
1805,399,1,2
1805,400,1,2
1805,401,1,2
1805,402,1,2
1805,403,1,2
1805,404,1,2
1805,405,1,2
1805,406,1,2
1805,407,1,2
1805,408,1,2
1805,409,1,2
1805,410,1,2
1805,411,1,2
1805,412,1,2
1805,413,1,2
1805,414,1,2
1805,415,1,2
1805,416,1,2
1805,417,1,2
1805,418,1,2
1805,419,1,2
1805,420,1,2
1805,421,1,2
1805,422,1,2
1805,423,1,2
1805,424,1,2
1805,425,1,2
1805,426,1,2
1805,427,1,2
1805,428,1,2
1805,429,1,2
1805,430,1,2
1805,431,1,2
1805,432,1,2
1805,433,1,2
1805,434,1,2
1805,435,1,2
1805,436,1,2
1805,437,1,2
1805,438,1,2
1805,439,1,2
1805,440,1,2
1805,441,1,2
1805,442,1,2
1805,443,1,2
1805,444,1,2
1805,445,1,2
1805,446,1,2
1805,447,1,2
1805,448,1,2
1805,449,1,2
1805,450,1,2
1805,451,1,2
1805,452,1,2
1805,453,1,2
1805,454,1,2
1805,455,1,2
1805,456,1,2
1805,457,1,2
1805,458,1,2
1805,459,1,2
1805,460,1,2
1805,461,1,3
1805,462,1,3
1805,463,1,3
1805,464,1,3
1805,465,1,3
1805,466,1,3
1805,467,1,3
1805,468,1,3
1805,469,1,3
1805,470,1,3
1805,471,1,3
1805,472,1,3
1805,473,1,3
1805,474,1,3
1805,475,1,3
1805,476,1,3
1805,477,1,3
1805,478,1,3
1805,479,1,3
1805,480,1,3
1805,481,1,3
1805,482,1,3
1805,483,1,3
1805,484,1,3
1805,485,1,3
1805,486,1,3
1805,487,1,3
1805,488,1,3
1805,489,1,3
1805,490,1,3
1805,491,1,3
1805,492,1,3
1805,493,1,3
1805,494,1,3
1805,495,1,3
1805,496,1,3
1805,497,1,3
1805,498,1,3
1805,499,1,3
1805,500,1,3
1805,501,1,3
1805,502,1,3
1805,503,1,3
1805,504,1,3
1805,505,1,3
1805,506,1,3
1805,507,1,3
1805,508,1,3
1805,509,1,3
1805,510,1,3
1805,511,1,3
1805,512,1,3
1805,513,1,3
1805,514,1,3
1805,515,1,3
1805,516,1,3
1805,517,1,3
1805,518,1,3
1805,519,1,3
1805,520,1,3
1805,521,1,3
1805,522,1,3
1805,523,1,3
1805,524,1,3
1805,525,1,3
1805,526,1,3
1805,527,1,3
1805,528,1,3
1805,529,1,3
1805,530,1,2
1805,531,1,2
1805,532,1,2
1805,533,1,2
1805,534,1,2
1805,535,1,2
1805,536,1,2
1805,537,1,2
1805,538,1,2
1805,539,1,2
1805,540,1,2
1805,541,1,2
1805,542,1,2
1805,543,1,2
1805,544,1,2
1805,545,1,2
1805,546,1,2
1805,547,1,2
1805,548,1,2
1805,549,1,2
1805,550,1,2
1805,551,1,2
1805,552,1,2
1805,553,1,2
1805,554,1,2
1805,555,1,2
1805,556,1,2
1805,557,1,2
1805,558,1,2
1805,559,1,2
1805,560,1,2
1805,561,1,2
1805,562,1,2
1805,563,1,2
1805,564,1,2
1805,565,1,2
1805,566,1,2
1805,567,1,2
1805,568,1,2
1805,569,1,2
1805,570,1,2
1805,571,1,2
1805,572,1,2
1805,573,1,2
1805,574,1,2
1805,575,1,2
1805,576,1,3
1805,577,1,3
1805,578,1,3
1805,579,1,3
1805,580,1,2
1805,581,1,2
1805,582,1,2
1805,583,1,2
1805,584,1,2
1805,585,1,2
1805,586,1,2
1805,587,1,2
1805,588,1,2
1805,589,1,2
1805,590,1,2
1805,591,1,2
1805,592,1,2
1805,593,1,2
1805,594,1,2
1805,595,1,2
1805,596,1,2
1805,597,1,2
1805,598,1,2
1805,599,1,2
1805,600,1,2
1805,601,1,2
1805,602,1,2
1805,603,1,2
1805,604,1,2
1805,605,1,2
1805,606,1,2
1805,607,1,2
1805,608,1,2
1805,609,1,2
1805,610,1,2
1805,611,1,2
1805,612,1,2
1805,613,1,2
1805,614,1,2
1805,615,1,2
1805,616,1,2
1805,617,1,2
1805,618,1,2
1805,619,1,2
1805,620,1,2
1805,621,1,2
1805,622,1,2
1805,623,1,2
1805,624,1,2
1805,625,1,2
1805,626,1,2
1805,627,1,2
1805,628,1,2
1805,629,1,2
1805,630,1,2
1805,631,1,2
1805,632,1,2
1805,633,1,2
1805,634,1,2
1805,635,1,2
1805,636,1,2
1805,637,1,2
1805,638,1,2
1805,639,1,2
1805,640,1,2
1805,641,1,2
1805,642,1,2
1805,643,1,2
1805,644,1,2
1805,645,1,2
1805,646,1,2
1805,647,1,2
1805,648,1,2
1805,649,1,2
1805,650,1,2
1805,651,1,2
1805,652,1,2
1805,653,1,2
1806,135,1,2
1806,136,1,2
1806,137,1,2
1806,138,1,2
1806,139,1,2
1806,140,1,2
1806,141,1,2
1806,142,1,2
1806,143,1,2
1806,144,1,2
1806,145,1,2
1806,146,1,2
1806,147,1,2
1806,148,1,2
1806,149,1,2
1806,150,1,2
1806,151,1,3
1806,152,1,3
1806,153,1,3
1806,154,1,3
1806,155,1,3
1806,156,1,3
1806,157,1,3
1806,158,1,3
1806,159,1,3
1806,160,1,3
1806,161,1,3
1806,162,1,3
1806,163,1,3
1806,164,1,2
1806,165,1,2
1806,166,1,2
1806,167,1,2
1806,168,1,2
1806,169,1,2
1806,170,1,2
1806,171,1,2
1806,172,1,2
1806,173,1,2
1806,174,1,2
1806,175,1,2
1806,176,1,2
1806,177,1,2
1806,178,1,2
1806,179,1,2
1806,180,1,2
1806,181,1,2
1806,182,1,2
1806,183,1,2
1806,184,1,2
1806,185,1,2
1806,186,1,2
1806,187,1,2
1806,188,1,2
1806,189,1,2
1806,190,1,2
1806,191,1,2
1806,192,1,2
1806,193,1,2
1806,194,1,2
1806,195,1,2
1806,196,1,2
1806,197,1,2
1806,198,1,2
1806,199,1,2
1806,200,1,2
1806,201,1,2
1806,202,1,2
1806,203,1,2
1806,204,1,2
1806,205,1,2
1806,206,1,2
1806,207,1,2
1806,208,1,2
1806,209,1,2
1806,210,1,2
1806,211,1,2
1806,212,1,2
1806,213,1,2
1806,214,1,2
1806,215,1,2
1806,216,1,2
1806,217,1,2
1806,218,1,2
1806,219,1,2
1806,220,1,2
1806,221,1,2
1806,222,1,2
1806,223,1,2
1806,224,1,2
1806,225,1,2
1806,226,1,2
1806,227,1,2
1806,228,1,2
1806,229,1,2
1806,230,1,2
1806,231,1,2
1806,232,1,2
1806,233,1,2
1806,234,1,2
1806,235,1,2
1806,236,1,2
1806,237,1,2
1806,238,1,2
1806,239,1,2
1806,240,1,2
1806,241,1,2
1806,242,1,2
1806,243,1,2
1806,244,1,2
1806,245,1,2
1806,246,1,2
1806,247,1,2
1806,248,1,2
1806,249,1,2
1806,250,1,2
1806,251,1,2
1806,252,1,2
1806,253,1,2
1806,254,1,2
1806,255,1,2
1806,256,1,2
1806,257,1,2
1806,258,1,2
1806,259,1,2
1806,260,1,2
1806,261,1,2
1806,262,1,2
1806,263,1,2
1806,264,1,2
1806,265,1,2
1806,266,1,2
1806,267,1,2
1806,268,1,2
1806,269,1,2
1806,270,1,2
1806,271,1,2
1806,272,1,2
1806,273,1,2
1806,274,1,2
1806,275,1,2
1806,276,1,2
1806,277,1,2
1806,278,1,2
1806,279,1,2
1806,280,1,2
1806,281,1,2
1806,282,1,2
1806,283,1,2
1806,284,1,2
1806,285,1,2
1806,286,1,2
1806,287,1,2
1806,288,1,2
1806,289,1,2
1806,290,1,2
1806,291,1,2
1806,292,1,2
1806,293,1,2
1806,294,1,2
1806,295,1,2
1806,296,1,2
1806,297,1,2
1806,298,1,2
1806,299,1,2
1806,300,1,2
1806,301,1,2
1806,302,1,2
1806,303,1,2
1806,304,1,2
1806,305,1,2
1806,306,1,2
1806,307,1,2
1806,308,1,2
1806,309,1,2
1806,310,1,2
1806,311,1,2
1806,312,1,2
1806,313,1,2
1806,314,1,2
1806,315,1,2
1806,316,1,2
1806,317,1,2
1806,318,1,2
1806,319,1,2
1806,320,1,2
1806,321,1,2
1806,322,1,2
1806,323,1,2
1806,324,1,2
1806,325,1,2
1806,326,1,2
1806,327,1,2
1806,328,1,2
1806,329,1,2
1806,330,1,2
1806,331,1,2
1806,332,1,2
1806,333,1,2
1806,334,1,2
1806,335,1,2
1806,336,1,2
1806,337,1,2
1806,338,1,2
1806,339,1,2
1806,340,1,2
1806,341,1,2
1806,342,1,2
1806,343,1,2
1806,344,1,2
1806,345,1,2
1806,346,1,2
1806,347,1,2
1806,348,1,2
1806,349,1,2
1806,350,1,2
1806,351,1,2
1806,352,1,2
1806,353,1,2
1806,354,1,2
1806,355,1,2
1806,356,1,2
1806,357,1,2
1806,358,1,2
1806,359,1,2
1806,360,1,2
1806,361,1,2
1806,362,1,2
1806,363,1,2
1806,364,1,2
1806,365,1,2
1806,366,1,2
1806,367,1,2
1806,368,1,2
1806,369,1,2
1806,370,1,2
1806,371,1,2
1806,372,1,2
1806,373,1,2
1806,374,1,2
1806,375,1,2
1806,376,1,2
1806,377,1,2
1806,378,1,2
1806,379,1,2
1806,380,1,2
1806,381,1,2
1806,382,1,2
1806,383,1,2
1806,384,1,2
1806,385,1,2
1806,386,1,2
1806,387,1,2
1806,388,1,2
1806,389,1,2
1806,390,1,2
1806,391,1,2
1806,392,1,2
1806,393,1,2
1806,394,1,2
1806,395,1,2
1806,396,1,2
1806,397,1,2
1806,398,1,2
1806,399,1,2
1806,400,1,2
1806,401,1,2
1806,402,1,2
1806,403,1,2
1806,404,1,2
1806,405,1,2
1806,406,1,2
1806,407,1,2
1806,408,1,2
1806,409,1,2
1806,410,1,2
1806,411,1,2
1806,412,1,2
1806,413,1,2
1806,414,1,2
1806,415,1,2
1806,416,1,2
1806,417,1,2
1806,418,1,2
1806,419,1,2
1806,420,1,2
1806,421,1,2
1806,422,1,2
1806,423,1,2
1806,424,1,2
1806,425,1,2
1806,426,1,2
1806,427,1,2
1806,428,1,2
1806,429,1,2
1806,430,1,2
1806,431,1,2
1806,432,1,2
1806,433,1,2
1806,434,1,2
1806,435,1,2
1806,436,1,2
1806,437,1,2
1806,438,1,2
1806,439,1,2
1806,440,1,2
1806,441,1,2
1806,442,1,2
1806,443,1,2
1806,444,1,2
1806,445,1,2
1806,446,1,2
1806,447,1,2
1806,448,1,2
1806,449,1,2
1806,450,1,2
1806,451,1,2
1806,452,1,2
1806,453,1,2
1806,454,1,2
1806,455,1,2
1806,456,1,2
1806,457,1,2
1806,458,1,2
1806,459,1,2
1806,460,1,2
1806,461,1,2
1806,462,1,3
1806,463,1,3
1806,464,1,3
1806,465,1,3
1806,466,1,3
1806,467,1,3
1806,468,1,3
1806,469,1,3
1806,470,1,3
1806,471,1,3
1806,472,1,3
1806,473,1,3
1806,474,1,3
1806,475,1,3
1806,476,1,3
1806,477,1,3
1806,478,1,3
1806,479,1,3
1806,480,1,3
1806,481,1,3
1806,482,1,3
1806,483,1,3
1806,484,1,3
1806,485,1,3
1806,486,1,3
1806,487,1,3
1806,488,1,3
1806,489,1,3
1806,490,1,3
1806,491,1,3
1806,492,1,3
1806,493,1,3
1806,494,1,3
1806,495,1,3
1806,496,1,3
1806,497,1,3
1806,498,1,3
1806,499,1,3
1806,500,1,3
1806,501,1,3
1806,502,1,3
1806,503,1,3
1806,504,1,3
1806,505,1,3
1806,506,1,3
1806,507,1,3
1806,508,1,3
1806,509,1,3
1806,510,1,3
1806,511,1,3
1806,512,1,3
1806,513,1,3
1806,514,1,3
1806,515,1,3
1806,516,1,3
1806,517,1,3
1806,518,1,3
1806,519,1,3
1806,520,1,3
1806,521,1,3
1806,522,1,3
1806,523,1,3
1806,524,1,3
1806,525,1,3
1806,526,1,3
1806,527,1,3
1806,528,1,3
1806,529,1,2
1806,530,1,2
1806,531,1,2
1806,532,1,2
1806,533,1,2
1806,534,1,2
1806,535,1,2
1806,536,1,2
1806,537,1,2
1806,538,1,2
1806,539,1,2
1806,540,1,2
1806,541,1,2
1806,542,1,2
1806,543,1,2
1806,544,1,2
1806,545,1,2
1806,546,1,2
1806,547,1,2
1806,548,1,2
1806,549,1,2
1806,550,1,2
1806,551,1,2
1806,552,1,2
1806,553,1,2
1806,554,1,2
1806,555,1,2
1806,556,1,2
1806,557,1,2
1806,558,1,2
1806,559,1,2
1806,560,1,2
1806,561,1,2
1806,562,1,2
1806,563,1,2
1806,564,1,2
1806,565,1,2
1806,566,1,2
1806,567,1,2
1806,568,1,2
1806,569,1,2
1806,570,1,2
1806,571,1,2
1806,572,1,2
1806,573,1,2
1806,574,1,2
1806,575,1,2
1806,576,1,2
1806,577,1,2
1806,578,1,2
1806,579,1,2
1806,580,1,2
1806,581,1,2
1806,582,1,2
1806,583,1,2
1806,584,1,2
1806,585,1,2
1806,586,1,2
1806,587,1,2
1806,588,1,2
1806,589,1,2
1806,590,1,2
1806,591,1,2
1806,592,1,2
1806,593,1,2
1806,594,1,2
1806,595,1,2
1806,596,1,2
1806,597,1,2
1806,598,1,2
1806,599,1,2
1806,600,1,2
1806,601,1,2
1806,602,1,2
1806,603,1,2
1806,604,1,2
1806,605,1,2
1806,606,1,2
1806,607,1,2
1806,608,1,2
1806,609,1,2
1806,610,1,2
1806,611,1,2
1806,612,1,2
1806,613,1,2
1806,614,1,2
1806,615,1,2
1806,616,1,2
1806,617,1,2
1806,618,1,2
1806,619,1,2
1806,620,1,2
1806,621,1,2
1806,622,1,2
1806,623,1,2
1806,624,1,2
1806,625,1,2
1806,626,1,2
1806,627,1,2
1806,628,1,2
1806,629,1,2
1806,630,1,2
1806,631,1,2
1806,632,1,2
1806,633,1,2
1806,634,1,2
1806,635,1,2
1806,636,1,2
1806,637,1,2
1806,638,1,2
1806,639,1,2
1806,640,1,2
1806,641,1,2
1806,642,1,2
1806,643,1,2
1806,644,1,2
1806,645,1,2
1806,646,1,2
1806,647,1,2
1806,648,1,2
1806,649,1,2
1806,650,1,2
1806,651,1,2
1806,652,1,2
1806,653,1,2
1807,135,1,2
1807,136,1,2
1807,137,1,2
1807,138,1,2
1807,139,1,2
1807,140,1,2
1807,141,1,2
1807,142,1,2
1807,143,1,2
1807,144,1,2
1807,145,1,2
1807,146,1,2
1807,147,1,2
1807,148,1,2
1807,149,1,2
1807,150,1,3
1807,151,1,3
1807,152,1,3
1807,153,1,3
1807,154,1,3
1807,155,1,3
1807,156,1,3
1807,157,1,3
1807,158,1,3
1807,159,1,3
1807,160,1,3
1807,161,1,3
1807,162,1,3
1807,163,1,3
1807,164,1,2
1807,165,1,2
1807,166,1,2
1807,167,1,2
1807,168,1,2
1807,169,1,2
1807,170,1,2
1807,171,1,2
1807,172,1,2
1807,173,1,2
1807,174,1,2
1807,175,1,2
1807,176,1,2
1807,177,1,2
1807,178,1,2
1807,179,1,2
1807,180,1,2
1807,181,1,2
1807,182,1,2
1807,183,1,2
1807,184,1,2
1807,185,1,2
1807,186,1,2
1807,187,1,2
1807,188,1,2
1807,189,1,2
1807,190,1,2
1807,191,1,2
1807,192,1,2
1807,193,1,2
1807,194,1,2
1807,195,1,2
1807,196,1,2
1807,197,1,2
1807,198,1,2
1807,199,1,2
1807,200,1,2
1807,201,1,2
1807,202,1,2
1807,203,1,2
1807,204,1,2
1807,205,1,2
1807,206,1,2
1807,207,1,2
1807,208,1,2
1807,209,1,2
1807,210,1,2
1807,211,1,2
1807,212,1,2
1807,213,1,2
1807,214,1,2
1807,215,1,2
1807,216,1,2
1807,217,1,2
1807,218,1,2
1807,219,1,2
1807,220,1,2
1807,221,1,2
1807,222,1,2
1807,223,1,2
1807,224,1,2
1807,225,1,2
1807,226,1,2
1807,227,1,2
1807,228,1,2
1807,229,1,2
1807,230,1,2
1807,231,1,2
1807,232,1,2
1807,233,1,2
1807,234,1,2
1807,235,1,2
1807,236,1,2
1807,237,1,2
1807,238,1,2
1807,239,1,2
1807,240,1,2
1807,241,1,2
1807,242,1,2
1807,243,1,2
1807,244,1,2
1807,245,1,2
1807,246,1,2
1807,247,1,2
1807,248,1,2
1807,249,1,2
1807,250,1,2
1807,251,1,2
1807,252,1,2
1807,253,1,2
1807,254,1,2
1807,255,1,2
1807,256,1,2
1807,257,1,2
1807,258,1,2
1807,259,1,2
1807,260,1,2
1807,261,1,2
1807,262,1,2
1807,263,1,2
1807,264,1,2
1807,265,1,2
1807,266,1,2
1807,267,1,2
1807,268,1,2
1807,269,1,2
1807,270,1,2
1807,271,1,2
1807,272,1,2
1807,273,1,2
1807,274,1,2
1807,275,1,2
1807,276,1,2
1807,277,1,2
1807,278,1,2
1807,279,1,2
1807,280,1,2
1807,281,1,2
1807,282,1,2
1807,283,1,2
1807,284,1,2
1807,285,1,2
1807,286,1,2
1807,287,1,2
1807,288,1,2
1807,289,1,2
1807,290,1,2
1807,291,1,2
1807,292,1,2
1807,293,1,2
1807,294,1,2
1807,295,1,2
1807,296,1,2
1807,297,1,2
1807,298,1,2
1807,299,1,2
1807,300,1,2
1807,301,1,2
1807,302,1,2
1807,303,1,2
1807,304,1,2
1807,305,1,2
1807,306,1,2
1807,307,1,2
1807,308,1,2
1807,309,1,2
1807,310,1,2
1807,311,1,2
1807,312,1,2
1807,313,1,2
1807,314,1,2
1807,315,1,2
1807,316,1,2
1807,317,1,2
1807,318,1,2
1807,319,1,2
1807,320,1,2
1807,321,1,2
1807,322,1,2
1807,323,1,2
1807,324,1,2
1807,325,1,2
1807,326,1,2
1807,327,1,2
1807,328,1,2
1807,329,1,2
1807,330,1,2
1807,331,1,2
1807,332,1,2
1807,333,1,2
1807,334,1,2
1807,335,1,2
1807,336,1,2
1807,337,1,2
1807,338,1,2
1807,339,1,2
1807,340,1,2
1807,341,1,2
1807,342,1,2
1807,343,1,2
1807,344,1,2
1807,345,1,2
1807,346,1,2
1807,347,1,2
1807,348,1,2
1807,349,1,2
1807,350,1,2
1807,351,1,2
1807,352,1,2
1807,353,1,2
1807,354,1,2
1807,355,1,2
1807,356,1,2
1807,357,1,2
1807,358,1,2
1807,359,1,2
1807,360,1,2
1807,361,1,2
1807,362,1,2
1807,363,1,2
1807,364,1,2
1807,365,1,2
1807,366,1,2
1807,367,1,2
1807,368,1,2
1807,369,1,2
1807,370,1,2
1807,371,1,2
1807,372,1,2
1807,373,1,2
1807,374,1,2
1807,375,1,2
1807,376,1,2
1807,377,1,2
1807,378,1,2
1807,379,1,2
1807,380,1,2
1807,381,1,2
1807,382,1,2
1807,383,1,2
1807,384,1,2
1807,385,1,2
1807,386,1,2
1807,387,1,2
1807,388,1,2
1807,389,1,2
1807,390,1,2
1807,391,1,2
1807,392,1,2
1807,393,1,2
1807,394,1,2
1807,395,1,2
1807,396,1,2
1807,397,1,2
1807,398,1,2
1807,399,1,2
1807,400,1,2
1807,401,1,2
1807,402,1,2
1807,403,1,2
1807,404,1,2
1807,405,1,2
1807,406,1,2
1807,407,1,2
1807,408,1,2
1807,409,1,2
1807,410,1,2
1807,411,1,2
1807,412,1,2
1807,413,1,2
1807,414,1,2
1807,415,1,2
1807,416,1,2
1807,417,1,2
1807,418,1,2
1807,419,1,2
1807,420,1,2
1807,421,1,2
1807,422,1,2
1807,423,1,2
1807,424,1,2
1807,425,1,2
1807,426,1,2
1807,427,1,2
1807,428,1,2
1807,429,1,2
1807,430,1,2
1807,431,1,2
1807,432,1,2
1807,433,1,2
1807,434,1,2
1807,435,1,2
1807,436,1,2
1807,437,1,2
1807,438,1,2
1807,439,1,2
1807,440,1,2
1807,441,1,2
1807,442,1,2
1807,443,1,2
1807,444,1,2
1807,445,1,2
1807,446,1,2
1807,447,1,2
1807,448,1,2
1807,449,1,2
1807,450,1,2
1807,451,1,2
1807,452,1,2
1807,453,1,2
1807,454,1,2
1807,455,1,2
1807,456,1,2
1807,457,1,2
1807,458,1,2
1807,459,1,2
1807,460,1,2
1807,461,1,2
1807,462,1,2
1807,463,1,3
1807,464,1,3
1807,465,1,3
1807,466,1,3
1807,467,1,3
1807,468,1,3
1807,469,1,3
1807,470,1,3
1807,471,1,3
1807,472,1,3
1807,473,1,3
1807,474,1,3
1807,475,1,3
1807,476,1,3
1807,477,1,3
1807,478,1,3
1807,479,1,3
1807,480,1,3
1807,481,1,3
1807,482,1,3
1807,483,1,3
1807,484,1,3
1807,485,1,3
1807,486,1,3
1807,487,1,3
1807,488,1,3
1807,489,1,3
1807,490,1,3
1807,491,1,3
1807,492,1,3
1807,493,1,3
1807,494,1,3
1807,495,1,3
1807,496,1,3
1807,497,1,3
1807,498,1,3
1807,499,1,3
1807,500,1,3
1807,501,1,3
1807,502,1,3
1807,503,1,3
1807,504,1,3
1807,505,1,3
1807,506,1,3
1807,507,1,3
1807,508,1,3
1807,509,1,3
1807,510,1,3
1807,511,1,3
1807,512,1,3
1807,513,1,3
1807,514,1,3
1807,515,1,3
1807,516,1,3
1807,517,1,3
1807,518,1,3
1807,519,1,3
1807,520,1,3
1807,521,1,3
1807,522,1,3
1807,523,1,3
1807,524,1,3
1807,525,1,3
1807,526,1,3
1807,527,1,3
1807,528,1,2
1807,529,1,2
1807,530,1,2
1807,531,1,2
1807,532,1,2
1807,533,1,2
1807,534,1,2
1807,535,1,2
1807,536,1,2
1807,537,1,2
1807,538,1,2
1807,539,1,2
1807,540,1,2
1807,541,1,2
1807,542,1,2
1807,543,1,2
1807,544,1,2
1807,545,1,2
1807,546,1,2
1807,547,1,2
1807,548,1,2
1807,549,1,2
1807,550,1,2
1807,551,1,2
1807,552,1,2
1807,553,1,2
1807,554,1,2
1807,555,1,2
1807,556,1,2
1807,557,1,2
1807,558,1,2
1807,559,1,2
1807,560,1,2
1807,561,1,2
1807,562,1,2
1807,563,1,2
1807,564,1,2
1807,565,1,2
1807,566,1,2
1807,567,1,2
1807,568,1,2
1807,569,1,2
1807,570,1,2
1807,571,1,2
1807,572,1,2
1807,573,1,2
1807,574,1,2
1807,575,1,2
1807,576,1,2
1807,577,1,2
1807,578,1,2
1807,579,1,2
1807,580,1,2
1807,581,1,2
1807,582,1,2
1807,583,1,2
1807,584,1,2
1807,585,1,2
1807,586,1,2
1807,587,1,2
1807,588,1,2
1807,589,1,2
1807,590,1,2
1807,591,1,2
1807,592,1,2
1807,593,1,2
1807,594,1,2
1807,595,1,2
1807,596,1,2
1807,597,1,2
1807,598,1,2
1807,599,1,2
1807,600,1,2
1807,601,1,2
1807,602,1,2
1807,603,1,2
1807,604,1,2
1807,605,1,2
1807,606,1,2
1807,607,1,2
1807,608,1,2
1807,609,1,2
1807,610,1,2
1807,611,1,2
1807,612,1,2
1807,613,1,2
1807,614,1,2
1807,615,1,2
1807,616,1,2
1807,617,1,2
1807,618,1,2
1807,619,1,2
1807,620,1,2
1807,621,1,2
1807,622,1,2
1807,623,1,2
1807,624,1,2
1807,625,1,2
1807,626,1,2
1807,627,1,2
1807,628,1,2
1807,629,1,2
1807,630,1,2
1807,631,1,2
1807,632,1,2
1807,633,1,2
1807,634,1,2
1807,635,1,2
1807,636,1,2
1807,637,1,2
1807,638,1,2
1807,639,1,2
1807,640,1,2
1807,641,1,2
1807,642,1,2
1807,643,1,2
1807,644,1,2
1807,645,1,2
1807,646,1,2
1807,647,1,2
1807,648,1,2
1807,649,1,2
1807,650,1,2
1807,651,1,2
1807,652,1,2
1807,653,1,2
1808,135,1,2
1808,136,1,2
1808,137,1,2
1808,138,1,2
1808,139,1,2
1808,140,1,2
1808,141,1,2
1808,142,1,2
1808,143,1,2
1808,144,1,2
1808,145,1,2
1808,146,1,2
1808,147,1,2
1808,148,1,2
1808,149,1,2
1808,150,1,3
1808,151,1,3
1808,152,1,3
1808,153,1,3
1808,154,1,3
1808,155,1,3
1808,156,1,3
1808,157,1,3
1808,158,1,3
1808,159,1,3
1808,160,1,3
1808,161,1,3
1808,162,1,2
1808,163,1,2
1808,164,1,2
1808,165,1,2
1808,166,1,2
1808,167,1,2
1808,168,1,2
1808,169,1,2
1808,170,1,2
1808,171,1,2
1808,172,1,2
1808,173,1,2
1808,174,1,2
1808,175,1,2
1808,176,1,2
1808,177,1,2
1808,178,1,2
1808,179,1,2
1808,180,1,2
1808,181,1,2
1808,182,1,2
1808,183,1,2
1808,184,1,2
1808,185,1,2
1808,186,1,2
1808,187,1,2
1808,188,1,2
1808,189,1,2
1808,190,1,2
1808,191,1,2
1808,192,1,2
1808,193,1,2
1808,194,1,2
1808,195,1,2
1808,196,1,2
1808,197,1,2
1808,198,1,2
1808,199,1,2
1808,200,1,2
1808,201,1,2
1808,202,1,2
1808,203,1,2
1808,204,1,2
1808,205,1,2
1808,206,1,2
1808,207,1,2
1808,208,1,2
1808,209,1,2
1808,210,1,2
1808,211,1,2
1808,212,1,2
1808,213,1,2
1808,214,1,2
1808,215,1,2
1808,216,1,2
1808,217,1,2
1808,218,1,2
1808,219,1,2
1808,220,1,2
1808,221,1,2
1808,222,1,2
1808,223,1,2
1808,224,1,2
1808,225,1,2
1808,226,1,2
1808,227,1,2
1808,228,1,2
1808,229,1,2
1808,230,1,2
1808,231,1,2
1808,232,1,2
1808,233,1,2
1808,234,1,2
1808,235,1,2
1808,236,1,2
1808,237,1,2
1808,238,1,2
1808,239,1,2
1808,240,1,2
1808,241,1,2
1808,242,1,2
1808,243,1,2
1808,244,1,2
1808,245,1,2
1808,246,1,2
1808,247,1,2
1808,248,1,2
1808,249,1,2
1808,250,1,2
1808,251,1,2
1808,252,1,2
1808,253,1,2
1808,254,1,2
1808,255,1,2
1808,256,1,2
1808,257,1,2
1808,258,1,2
1808,259,1,2
1808,260,1,2
1808,261,1,2
1808,262,1,2
1808,263,1,2
1808,264,1,2
1808,265,1,2
1808,266,1,2
1808,267,1,2
1808,268,1,2
1808,269,1,2
1808,270,1,2
1808,271,1,2
1808,272,1,2
1808,273,1,2
1808,274,1,2
1808,275,1,2
1808,276,1,2
1808,277,1,2
1808,278,1,2
1808,279,1,2
1808,280,1,2
1808,281,1,2
1808,282,1,2
1808,283,1,2
1808,284,1,2
1808,285,1,2
1808,286,1,2
1808,287,1,2
1808,288,1,2
1808,289,1,2
1808,290,1,2
1808,291,1,2
1808,292,1,2
1808,293,1,2
1808,294,1,2
1808,295,1,2
1808,296,1,2
1808,297,1,2
1808,298,1,2
1808,299,1,2
1808,300,1,2
1808,301,1,2
1808,302,1,2
1808,303,1,2
1808,304,1,2
1808,305,1,2
1808,306,1,2
1808,307,1,2
1808,308,1,2
1808,309,1,2
1808,310,1,2
1808,311,1,2
1808,312,1,2
1808,313,1,2
1808,314,1,2
1808,315,1,2
1808,316,1,2
1808,317,1,2
1808,318,1,2
1808,319,1,2
1808,320,1,2
1808,321,1,2
1808,322,1,2
1808,323,1,2
1808,324,1,2
1808,325,1,2
1808,326,1,2
1808,327,1,2
1808,328,1,2
1808,329,1,2
1808,330,1,2
1808,331,1,2
1808,332,1,2
1808,333,1,2
1808,334,1,2
1808,335,1,2
1808,336,1,2
1808,337,1,2
1808,338,1,2
1808,339,1,2
1808,340,1,2
1808,341,1,2
1808,342,1,2
1808,343,1,2
1808,344,1,2
1808,345,1,2
1808,346,1,2
1808,347,1,2
1808,348,1,2
1808,349,1,2
1808,350,1,2
1808,351,1,2
1808,352,1,2
1808,353,1,2
1808,354,1,2
1808,355,1,2
1808,356,1,2
1808,357,1,2
1808,358,1,2
1808,359,1,2
1808,360,1,2
1808,361,1,2
1808,362,1,2
1808,363,1,2
1808,364,1,2
1808,365,1,2
1808,366,1,2
1808,367,1,2
1808,368,1,2
1808,369,1,2
1808,370,1,2
1808,371,1,2
1808,372,1,2
1808,373,1,2
1808,374,1,2
1808,375,1,2
1808,376,1,2
1808,377,1,2
1808,378,1,2
1808,379,1,2
1808,380,1,2
1808,381,1,2
1808,382,1,2
1808,383,1,2
1808,384,1,2
1808,385,1,2
1808,386,1,2
1808,387,1,2
1808,388,1,2
1808,389,1,2
1808,390,1,2
1808,391,1,2
1808,392,1,2
1808,393,1,2
1808,394,1,2
1808,395,1,2
1808,396,1,2
1808,397,1,2
1808,398,1,2
1808,399,1,2
1808,400,1,2
1808,401,1,2
1808,402,1,2
1808,403,1,2
1808,404,1,2
1808,405,1,2
1808,406,1,2
1808,407,1,2
1808,408,1,2
1808,409,1,2
1808,410,1,2
1808,411,1,2
1808,412,1,2
1808,413,1,2
1808,414,1,2
1808,415,1,2
1808,416,1,2
1808,417,1,2
1808,418,1,2
1808,419,1,2
1808,420,1,2
1808,421,1,2
1808,422,1,2
1808,423,1,2
1808,424,1,2
1808,425,1,2
1808,426,1,2
1808,427,1,2
1808,428,1,2
1808,429,1,2
1808,430,1,2
1808,431,1,2
1808,432,1,2
1808,433,1,2
1808,434,1,2
1808,435,1,2
1808,436,1,2
1808,437,1,2
1808,438,1,2
1808,439,1,2
1808,440,1,2
1808,441,1,2
1808,442,1,2
1808,443,1,2
1808,444,1,2
1808,445,1,2
1808,446,1,2
1808,447,1,2
1808,448,1,2
1808,449,1,2
1808,450,1,2
1808,451,1,2
1808,452,1,2
1808,453,1,2
1808,454,1,2
1808,455,1,2
1808,456,1,2
1808,457,1,2
1808,458,1,2
1808,459,1,2
1808,460,1,2
1808,461,1,2
1808,462,1,2
1808,463,1,2
1808,464,1,3
1808,465,1,3
1808,466,1,3
1808,467,1,3
1808,468,1,3
1808,469,1,3
1808,470,1,3
1808,471,1,3
1808,472,1,3
1808,473,1,3
1808,474,1,3
1808,475,1,3
1808,476,1,3
1808,477,1,3
1808,478,1,3
1808,479,1,3
1808,480,1,3
1808,481,1,3
1808,482,1,3
1808,483,1,3
1808,484,1,3
1808,485,1,3
1808,486,1,3
1808,487,1,3
1808,488,1,3
1808,489,1,3
1808,490,1,3
1808,491,1,3
1808,492,1,3
1808,493,1,3
1808,494,1,3
1808,495,1,3
1808,496,1,3
1808,497,1,3
1808,498,1,3
1808,499,1,3
1808,500,1,3
1808,501,1,3
1808,502,1,3
1808,503,1,3
1808,504,1,3
1808,505,1,3
1808,506,1,3
1808,507,1,3
1808,508,1,3
1808,509,1,3
1808,510,1,3
1808,511,1,3
1808,512,1,3
1808,513,1,3
1808,514,1,3
1808,515,1,3
1808,516,1,3
1808,517,1,3
1808,518,1,3
1808,519,1,3
1808,520,1,3
1808,521,1,3
1808,522,1,3
1808,523,1,3
1808,524,1,3
1808,525,1,3
1808,526,1,3
1808,527,1,3
1808,528,1,2
1808,529,1,2
1808,530,1,2
1808,531,1,2
1808,532,1,2
1808,533,1,2
1808,534,1,2
1808,535,1,2
1808,536,1,2
1808,537,1,2
1808,538,1,2
1808,539,1,2
1808,540,1,2
1808,541,1,2
1808,542,1,2
1808,543,1,2
1808,544,1,2
1808,545,1,2
1808,546,1,2
1808,547,1,2
1808,548,1,2
1808,549,1,2
1808,550,1,2
1808,551,1,2
1808,552,1,2
1808,553,1,2
1808,554,1,2
1808,555,1,2
1808,556,1,2
1808,557,1,2
1808,558,1,2
1808,559,1,2
1808,560,1,2
1808,561,1,2
1808,562,1,2
1808,563,1,2
1808,564,1,2
1808,565,1,2
1808,566,1,2
1808,567,1,2
1808,568,1,2
1808,569,1,2
1808,570,1,2
1808,571,1,2
1808,572,1,2
1808,573,1,2
1808,574,1,2
1808,575,1,2
1808,576,1,2
1808,577,1,2
1808,578,1,2
1808,579,1,2
1808,580,1,2
1808,581,1,2
1808,582,1,2
1808,583,1,2
1808,584,1,2
1808,585,1,2
1808,586,1,2
1808,587,1,2
1808,588,1,2
1808,589,1,2
1808,590,1,2
1808,591,1,2
1808,592,1,2
1808,593,1,2
1808,594,1,2
1808,595,1,2
1808,596,1,2
1808,597,1,2
1808,598,1,2
1808,599,1,2
1808,600,1,2
1808,601,1,2
1808,602,1,2
1808,603,1,2
1808,604,1,2
1808,605,1,2
1808,606,1,2
1808,607,1,2
1808,608,1,2
1808,609,1,2
1808,610,1,2
1808,611,1,2
1808,612,1,2
1808,613,1,2
1808,614,1,2
1808,615,1,2
1808,616,1,2
1808,617,1,2
1808,618,1,2
1808,619,1,2
1808,620,1,2
1808,621,1,2
1808,622,1,2
1808,623,1,2
1808,624,1,2
1808,625,1,2
1808,626,1,2
1808,627,1,2
1808,628,1,2
1808,629,1,2
1808,630,1,2
1808,631,1,2
1808,632,1,2
1808,633,1,2
1808,634,1,2
1808,635,1,2
1808,636,1,2
1808,637,1,2
1808,638,1,2
1808,639,1,2
1808,640,1,2
1808,641,1,2
1808,642,1,2
1808,643,1,2
1808,644,1,2
1808,645,1,2
1808,646,1,2
1808,647,1,2
1808,648,1,2
1808,649,1,2
1808,650,1,2
1808,651,1,2
1808,652,1,2
1808,653,1,2
1809,134,1,2
1809,135,1,2
1809,136,1,2
1809,137,1,2
1809,138,1,2
1809,139,1,2
1809,140,1,2
1809,141,1,2
1809,142,1,2
1809,143,1,2
1809,144,1,2
1809,145,1,2
1809,146,1,2
1809,147,1,2
1809,148,1,2
1809,149,1,3
1809,150,1,3
1809,151,1,3
1809,152,1,3
1809,153,1,3
1809,154,1,3
1809,155,1,3
1809,156,1,3
1809,157,1,3
1809,158,1,3
1809,159,1,3
1809,160,1,3
1809,161,1,3
1809,162,1,2
1809,163,1,2
1809,164,1,2
1809,165,1,2
1809,166,1,2
1809,167,1,2
1809,168,1,2
1809,169,1,2
1809,170,1,2
1809,171,1,2
1809,172,1,2
1809,173,1,2
1809,174,1,2
1809,175,1,2
1809,176,1,2
1809,177,1,2
1809,178,1,2
1809,179,1,2
1809,180,1,2
1809,181,1,2
1809,182,1,2
1809,183,1,2
1809,184,1,2
1809,185,1,2
1809,186,1,2
1809,187,1,2
1809,188,1,2
1809,189,1,2
1809,190,1,2
1809,191,1,2
1809,192,1,2
1809,193,1,2
1809,194,1,2
1809,195,1,2
1809,196,1,2
1809,197,1,2
1809,198,1,2
1809,199,1,2
1809,200,1,2
1809,201,1,2
1809,202,1,2
1809,203,1,2
1809,204,1,2
1809,205,1,2
1809,206,1,2
1809,207,1,2
1809,208,1,2
1809,209,1,2
1809,210,1,2
1809,211,1,2
1809,212,1,2
1809,213,1,2
1809,214,1,2
1809,215,1,2
1809,216,1,2
1809,217,1,2
1809,218,1,2
1809,219,1,2
1809,220,1,2
1809,221,1,2
1809,222,1,2
1809,223,1,2
1809,224,1,2
1809,225,1,2
1809,226,1,2
1809,227,1,2
1809,228,1,2
1809,229,1,2
1809,230,1,2
1809,231,1,2
1809,232,1,2
1809,233,1,2
1809,234,1,2
1809,235,1,2
1809,236,1,2
1809,237,1,2
1809,238,1,2
1809,239,1,2
1809,240,1,2
1809,241,1,2
1809,242,1,2
1809,243,1,2
1809,244,1,2
1809,245,1,2
1809,246,1,2
1809,247,1,2
1809,248,1,2
1809,249,1,2
1809,250,1,2
1809,251,1,2
1809,252,1,2
1809,253,1,2
1809,254,1,2
1809,255,1,2
1809,256,1,2
1809,257,1,2
1809,258,1,2
1809,259,1,2
1809,260,1,2
1809,261,1,2
1809,262,1,2
1809,263,1,2
1809,264,1,2
1809,265,1,2
1809,266,1,2
1809,267,1,2
1809,268,1,2
1809,269,1,2
1809,270,1,2
1809,271,1,2
1809,272,1,2
1809,273,1,2
1809,274,1,2
1809,275,1,2
1809,276,1,2
1809,277,1,2
1809,278,1,2
1809,279,1,2
1809,280,1,2
1809,281,1,2
1809,282,1,2
1809,283,1,2
1809,284,1,2
1809,285,1,2
1809,286,1,2
1809,287,1,2
1809,288,1,2
1809,289,1,2
1809,290,1,2
1809,291,1,2
1809,292,1,2
1809,293,1,2
1809,294,1,2
1809,295,1,2
1809,296,1,2
1809,297,1,2
1809,298,1,2
1809,299,1,2
1809,300,1,2
1809,301,1,2
1809,302,1,2
1809,303,1,2
1809,304,1,2
1809,305,1,2
1809,306,1,2
1809,307,1,2
1809,308,1,2
1809,309,1,2
1809,310,1,2
1809,311,1,2
1809,312,1,2
1809,313,1,2
1809,314,1,2
1809,315,1,2
1809,316,1,2
1809,317,1,2
1809,318,1,2
1809,319,1,2
1809,320,1,2
1809,321,1,2
1809,322,1,2
1809,323,1,2
1809,324,1,2
1809,325,1,2
1809,326,1,2
1809,327,1,2
1809,328,1,2
1809,329,1,2
1809,330,1,2
1809,331,1,2
1809,332,1,2
1809,333,1,2
1809,334,1,2
1809,335,1,2
1809,336,1,2
1809,337,1,2
1809,338,1,2
1809,339,1,2
1809,340,1,2
1809,341,1,2
1809,342,1,2
1809,343,1,2
1809,344,1,2
1809,345,1,2
1809,346,1,2
1809,347,1,2
1809,348,1,2
1809,349,1,2
1809,350,1,2
1809,351,1,2
1809,352,1,2
1809,353,1,2
1809,354,1,2
1809,355,1,2
1809,356,1,2
1809,357,1,2
1809,358,1,2
1809,359,1,2
1809,360,1,2
1809,361,1,2
1809,362,1,2
1809,363,1,2
1809,364,1,2
1809,365,1,2
1809,366,1,2
1809,367,1,2
1809,368,1,2
1809,369,1,2
1809,370,1,2
1809,371,1,2
1809,372,1,2
1809,373,1,2
1809,374,1,2
1809,375,1,2
1809,376,1,2
1809,377,1,2
1809,378,1,2
1809,379,1,2
1809,380,1,2
1809,381,1,2
1809,382,1,2
1809,383,1,2
1809,384,1,2
1809,385,1,2
1809,386,1,2
1809,387,1,2
1809,388,1,2
1809,389,1,2
1809,390,1,2
1809,391,1,2
1809,392,1,2
1809,393,1,2
1809,394,1,2
1809,395,1,2
1809,396,1,2
1809,397,1,2
1809,398,1,2
1809,399,1,2
1809,400,1,2
1809,401,1,2
1809,402,1,2
1809,403,1,2
1809,404,1,2
1809,405,1,2
1809,406,1,2
1809,407,1,2
1809,408,1,2
1809,409,1,2
1809,410,1,2
1809,411,1,2
1809,412,1,2
1809,413,1,2
1809,414,1,2
1809,415,1,2
1809,416,1,2
1809,417,1,2
1809,418,1,2
1809,419,1,2
1809,420,1,2
1809,421,1,2
1809,422,1,2
1809,423,1,2
1809,424,1,2
1809,425,1,2
1809,426,1,2
1809,427,1,2
1809,428,1,2
1809,429,1,2
1809,430,1,2
1809,431,1,2
1809,432,1,2
1809,433,1,2
1809,434,1,2
1809,435,1,2
1809,436,1,2
1809,437,1,2
1809,438,1,2
1809,439,1,2
1809,440,1,2
1809,441,1,2
1809,442,1,2
1809,443,1,2
1809,444,1,2
1809,445,1,2
1809,446,1,2
1809,447,1,2
1809,448,1,2
1809,449,1,2
1809,450,1,2
1809,451,1,2
1809,452,1,2
1809,453,1,2
1809,454,1,2
1809,455,1,2
1809,456,1,2
1809,457,1,2
1809,458,1,2
1809,459,1,2
1809,460,1,2
1809,461,1,2
1809,462,1,2
1809,463,1,2
1809,464,1,2
1809,465,1,3
1809,466,1,3
1809,467,1,3
1809,468,1,3
1809,469,1,3
1809,470,1,3
1809,471,1,3
1809,472,1,3
1809,473,1,3
1809,474,1,3
1809,475,1,3
1809,476,1,3
1809,477,1,3
1809,478,1,3
1809,479,1,3
1809,480,1,3
1809,481,1,3
1809,482,1,3
1809,483,1,3
1809,484,1,3
1809,485,1,3
1809,486,1,3
1809,487,1,3
1809,488,1,3
1809,489,1,3
1809,490,1,3
1809,491,1,3
1809,492,1,3
1809,493,1,3
1809,494,1,3
1809,495,1,3
1809,496,1,3
1809,497,1,3
1809,498,1,3
1809,499,1,3
1809,500,1,3
1809,501,1,3
1809,502,1,3
1809,503,1,3
1809,504,1,3
1809,505,1,3
1809,506,1,3
1809,507,1,3
1809,508,1,3
1809,509,1,3
1809,510,1,3
1809,511,1,3
1809,512,1,3
1809,513,1,3
1809,514,1,3
1809,515,1,3
1809,516,1,3
1809,517,1,3
1809,518,1,3
1809,519,1,3
1809,520,1,3
1809,521,1,3
1809,522,1,3
1809,523,1,3
1809,524,1,3
1809,525,1,3
1809,526,1,3
1809,527,1,2
1809,528,1,2
1809,529,1,2
1809,530,1,2
1809,531,1,2
1809,532,1,2
1809,533,1,2
1809,534,1,2
1809,535,1,2
1809,536,1,2
1809,537,1,2
1809,538,1,2
1809,539,1,2
1809,540,1,2
1809,541,1,2
1809,542,1,2
1809,543,1,2
1809,544,1,2
1809,545,1,2
1809,546,1,2
1809,547,1,2
1809,548,1,2
1809,549,1,2
1809,550,1,2
1809,551,1,2
1809,552,1,2
1809,553,1,2
1809,554,1,2
1809,555,1,2
1809,556,1,2
1809,557,1,2
1809,558,1,2
1809,559,1,2
1809,560,1,2
1809,561,1,2
1809,562,1,2
1809,563,1,2
1809,564,1,2
1809,565,1,2
1809,566,1,2
1809,567,1,2
1809,568,1,2
1809,569,1,2
1809,570,1,2
1809,571,1,2
1809,572,1,2
1809,573,1,2
1809,574,1,2
1809,575,1,2
1809,576,1,2
1809,577,1,2
1809,578,1,2
1809,579,1,2
1809,580,1,2
1809,581,1,2
1809,582,1,2
1809,583,1,2
1809,584,1,2
1809,585,1,2
1809,586,1,2
1809,587,1,2
1809,588,1,2
1809,589,1,2
1809,590,1,2
1809,591,1,2
1809,592,1,2
1809,593,1,2
1809,594,1,2
1809,595,1,2
1809,596,1,2
1809,597,1,2
1809,598,1,2
1809,599,1,2
1809,600,1,2
1809,601,1,2
1809,602,1,2
1809,603,1,2
1809,604,1,2
1809,605,1,2
1809,606,1,2
1809,607,1,2
1809,608,1,2
1809,609,1,2
1809,610,1,2
1809,611,1,2
1809,612,1,2
1809,613,1,2
1809,614,1,2
1809,615,1,2
1809,616,1,2
1809,617,1,2
1809,618,1,2
1809,619,1,2
1809,620,1,2
1809,621,1,2
1809,622,1,2
1809,623,1,2
1809,624,1,2
1809,625,1,2
1809,626,1,2
1809,627,1,2
1809,628,1,2
1809,629,1,2
1809,630,1,2
1809,631,1,2
1809,632,1,2
1809,633,1,2
1809,634,1,2
1809,635,1,2
1809,636,1,2
1809,637,1,2
1809,638,1,2
1809,639,1,2
1809,640,1,2
1809,641,1,2
1809,642,1,2
1809,643,1,2
1809,644,1,2
1809,645,1,2
1809,646,1,2
1809,647,1,2
1809,648,1,2
1809,649,1,2
1809,650,1,2
1809,651,1,2
1809,652,1,2
1809,653,1,2
1810,133,1,2
1810,134,1,2
1810,135,1,2
1810,136,1,2
1810,137,1,2
1810,138,1,2
1810,139,1,2
1810,140,1,2
1810,141,1,2
1810,142,1,2
1810,143,1,2
1810,144,1,2
1810,145,1,2
1810,146,1,2
1810,147,1,2
1810,148,1,2
1810,149,1,3
1810,150,1,3
1810,151,1,3
1810,152,1,3
1810,153,1,3
1810,154,1,3
1810,155,1,3
1810,156,1,3
1810,157,1,3
1810,158,1,3
1810,159,1,3
1810,160,1,3
1810,161,1,2
1810,162,1,2
1810,163,1,2
1810,164,1,2
1810,165,1,2
1810,166,1,2
1810,167,1,2
1810,168,1,2
1810,169,1,2
1810,170,1,2
1810,171,1,2
1810,172,1,2
1810,173,1,2
1810,174,1,2
1810,175,1,2
1810,176,1,2
1810,177,1,2
1810,178,1,2
1810,179,1,2
1810,180,1,2
1810,181,1,2
1810,182,1,2
1810,183,1,2
1810,184,1,2
1810,185,1,2
1810,186,1,2
1810,187,1,2
1810,188,1,2
1810,189,1,2
1810,190,1,2
1810,191,1,2
1810,192,1,2
1810,193,1,2
1810,194,1,2
1810,195,1,2
1810,196,1,2
1810,197,1,2
1810,198,1,2
1810,199,1,2
1810,200,1,2
1810,201,1,2
1810,202,1,2
1810,203,1,2
1810,204,1,2
1810,205,1,2
1810,206,1,2
1810,207,1,2
1810,208,1,2
1810,209,1,2
1810,210,1,2
1810,211,1,2
1810,212,1,2
1810,213,1,2
1810,214,1,2
1810,215,1,2
1810,216,1,2
1810,217,1,2
1810,218,1,2
1810,219,1,2
1810,220,1,2
1810,221,1,2
1810,222,1,2
1810,223,1,2
1810,224,1,2
1810,225,1,2
1810,226,1,2
1810,227,1,2
1810,228,1,2
1810,229,1,2
1810,230,1,2
1810,231,1,2
1810,232,1,2
1810,233,1,2
1810,234,1,2
1810,235,1,2
1810,236,1,2
1810,237,1,2
1810,238,1,2
1810,239,1,2
1810,240,1,2
1810,241,1,2
1810,242,1,2
1810,243,1,2
1810,244,1,2
1810,245,1,2
1810,246,1,2
1810,247,1,2
1810,248,1,2
1810,249,1,2
1810,250,1,2
1810,251,1,2
1810,252,1,2
1810,253,1,2
1810,254,1,2
1810,255,1,2
1810,256,1,2
1810,257,1,2
1810,258,1,2
1810,259,1,2
1810,260,1,2
1810,261,1,2
1810,262,1,2
1810,263,1,2
1810,264,1,2
1810,265,1,2
1810,266,1,2
1810,267,1,2
1810,268,1,2
1810,269,1,2
1810,270,1,2
1810,271,1,2
1810,272,1,2
1810,273,1,2
1810,274,1,2
1810,275,1,2
1810,276,1,2
1810,277,1,2
1810,278,1,2
1810,279,1,2
1810,280,1,2
1810,281,1,2
1810,282,1,2
1810,283,1,2
1810,284,1,2
1810,285,1,2
1810,286,1,2
1810,287,1,2
1810,288,1,2
1810,289,1,2
1810,290,1,2
1810,291,1,2
1810,292,1,2
1810,293,1,2
1810,294,1,2
1810,295,1,2
1810,296,1,2
1810,297,1,2
1810,298,1,2
1810,299,1,2
1810,300,1,2
1810,301,1,2
1810,302,1,2
1810,303,1,2
1810,304,1,2
1810,305,1,2
1810,306,1,2
1810,307,1,2
1810,308,1,2
1810,309,1,2
1810,310,1,2
1810,311,1,2
1810,312,1,2
1810,313,1,2
1810,314,1,2
1810,315,1,2
1810,316,1,2
1810,317,1,2
1810,318,1,2
1810,319,1,2
1810,320,1,2
1810,321,1,2
1810,322,1,2
1810,323,1,2
1810,324,1,2
1810,325,1,2
1810,326,1,2
1810,327,1,2
1810,328,1,2
1810,329,1,2
1810,330,1,2
1810,331,1,2
1810,332,1,2
1810,333,1,2
1810,334,1,2
1810,335,1,2
1810,336,1,2
1810,337,1,2
1810,338,1,2
1810,339,1,2
1810,340,1,2
1810,341,1,2
1810,342,1,2
1810,343,1,2
1810,344,1,2
1810,345,1,2
1810,346,1,2
1810,347,1,2
1810,348,1,2
1810,349,1,2
1810,350,1,2
1810,351,1,2
1810,352,1,2
1810,353,1,2
1810,354,1,2
1810,355,1,2
1810,356,1,2
1810,357,1,2
1810,358,1,2
1810,359,1,2
1810,360,1,2
1810,361,1,2
1810,362,1,2
1810,363,1,2
1810,364,1,2
1810,365,1,2
1810,366,1,2
1810,367,1,2
1810,368,1,2
1810,369,1,2
1810,370,1,2
1810,371,1,2
1810,372,1,2
1810,373,1,2
1810,374,1,2
1810,375,1,2
1810,376,1,2
1810,377,1,2
1810,378,1,2
1810,379,1,2
1810,380,1,2
1810,381,1,2
1810,382,1,2
1810,383,1,2
1810,384,1,2
1810,385,1,2
1810,386,1,2
1810,387,1,2
1810,388,1,2
1810,389,1,2
1810,390,1,2
1810,391,1,2
1810,392,1,2
1810,393,1,2
1810,394,1,2
1810,395,1,2
1810,396,1,2
1810,397,1,2
1810,398,1,2
1810,399,1,2
1810,400,1,2
1810,401,1,2
1810,402,1,2
1810,403,1,2
1810,404,1,2
1810,405,1,2
1810,406,1,2
1810,407,1,2
1810,408,1,2
1810,409,1,2
1810,410,1,2
1810,411,1,2
1810,412,1,2
1810,413,1,2
1810,414,1,2
1810,415,1,2
1810,416,1,2
1810,417,1,2
1810,418,1,2
1810,419,1,2
1810,420,1,2
1810,421,1,2
1810,422,1,2
1810,423,1,2
1810,424,1,2
1810,425,1,2
1810,426,1,2
1810,427,1,2
1810,428,1,2
1810,429,1,2
1810,430,1,2
1810,431,1,2
1810,432,1,2
1810,433,1,2
1810,434,1,2
1810,435,1,2
1810,436,1,2
1810,437,1,2
1810,438,1,2
1810,439,1,2
1810,440,1,2
1810,441,1,2
1810,442,1,2
1810,443,1,2
1810,444,1,2
1810,445,1,2
1810,446,1,2
1810,447,1,2
1810,448,1,2
1810,449,1,2
1810,450,1,2
1810,451,1,2
1810,452,1,2
1810,453,1,2
1810,454,1,2
1810,455,1,2
1810,456,1,2
1810,457,1,2
1810,458,1,2
1810,459,1,2
1810,460,1,2
1810,461,1,2
1810,462,1,2
1810,463,1,2
1810,464,1,2
1810,465,1,3
1810,466,1,3
1810,467,1,3
1810,468,1,3
1810,469,1,3
1810,470,1,3
1810,471,1,3
1810,472,1,3
1810,473,1,3
1810,474,1,3
1810,475,1,3
1810,476,1,3
1810,477,1,3
1810,478,1,3
1810,479,1,3
1810,480,1,3
1810,481,1,3
1810,482,1,3
1810,483,1,3
1810,484,1,3
1810,485,1,3
1810,486,1,3
1810,487,1,3
1810,488,1,3
1810,489,1,3
1810,490,1,3
1810,491,1,3
1810,492,1,3
1810,493,1,3
1810,494,1,3
1810,495,1,3
1810,496,1,3
1810,497,1,3
1810,498,1,3
1810,499,1,3
1810,500,1,3
1810,501,1,3
1810,502,1,3
1810,503,1,3
1810,504,1,3
1810,505,1,3
1810,506,1,3
1810,507,1,3
1810,508,1,3
1810,509,1,3
1810,510,1,3
1810,511,1,3
1810,512,1,3
1810,513,1,3
1810,514,1,3
1810,515,1,3
1810,516,1,3
1810,517,1,3
1810,518,1,3
1810,519,1,3
1810,520,1,3
1810,521,1,3
1810,522,1,3
1810,523,1,3
1810,524,1,3
1810,525,1,3
1810,526,1,3
1810,527,1,2
1810,528,1,2
1810,529,1,2
1810,530,1,2
1810,531,1,2
1810,532,1,2
1810,533,1,2
1810,534,1,2
1810,535,1,2
1810,536,1,2
1810,537,1,2
1810,538,1,2
1810,539,1,2
1810,540,1,2
1810,541,1,2
1810,542,1,2
1810,543,1,2
1810,544,1,2
1810,545,1,2
1810,546,1,2
1810,547,1,2
1810,548,1,2
1810,549,1,2
1810,550,1,2
1810,551,1,2
1810,552,1,2
1810,553,1,2
1810,554,1,2
1810,555,1,2
1810,556,1,2
1810,557,1,2
1810,558,1,2
1810,559,1,2
1810,560,1,2
1810,561,1,2
1810,562,1,2
1810,563,1,2
1810,564,1,2
1810,565,1,2
1810,566,1,2
1810,567,1,2
1810,568,1,2
1810,569,1,2
1810,570,1,2
1810,571,1,2
1810,572,1,2
1810,573,1,2
1810,574,1,2
1810,575,1,2
1810,576,1,2
1810,577,1,2
1810,578,1,2
1810,579,1,2
1810,580,1,2
1810,581,1,2
1810,582,1,2
1810,583,1,2
1810,584,1,2
1810,585,1,2
1810,586,1,2
1810,587,1,2
1810,588,1,2
1810,589,1,2
1810,590,1,2
1810,591,1,2
1810,592,1,2
1810,593,1,2
1810,594,1,2
1810,595,1,2
1810,596,1,2
1810,597,1,2
1810,598,1,2
1810,599,1,2
1810,600,1,2
1810,601,1,2
1810,602,1,2
1810,603,1,2
1810,604,1,2
1810,605,1,2
1810,606,1,2
1810,607,1,2
1810,608,1,2
1810,609,1,2
1810,610,1,2
1810,611,1,2
1810,612,1,2
1810,613,1,2
1810,614,1,2
1810,615,1,2
1810,616,1,2
1810,617,1,2
1810,618,1,2
1810,619,1,2
1810,620,1,2
1810,621,1,2
1810,622,1,2
1810,623,1,2
1810,624,1,2
1810,625,1,2
1810,626,1,2
1810,627,1,2
1810,628,1,2
1810,629,1,2
1810,630,1,2
1810,631,1,2
1810,632,1,2
1810,633,1,2
1810,634,1,2
1810,635,1,2
1810,636,1,2
1810,637,1,2
1810,638,1,2
1810,639,1,2
1810,640,1,2
1810,641,1,2
1810,642,1,2
1810,643,1,2
1810,644,1,2
1810,645,1,2
1810,646,1,2
1810,647,1,2
1810,648,1,2
1810,649,1,2
1810,650,1,2
1810,651,1,2
1810,652,1,2
1811,133,1,2
1811,134,1,2
1811,135,1,2
1811,136,1,2
1811,137,1,2
1811,138,1,2
1811,139,1,2
1811,140,1,2
1811,141,1,2
1811,142,1,2
1811,143,1,2
1811,144,1,2
1811,145,1,2
1811,146,1,2
1811,147,1,2
1811,148,1,2
1811,149,1,3
1811,150,1,3
1811,151,1,3
1811,152,1,3
1811,153,1,3
1811,154,1,3
1811,155,1,3
1811,156,1,3
1811,157,1,3
1811,158,1,3
1811,159,1,3
1811,160,1,3
1811,161,1,3
1811,162,1,2
1811,163,1,2
1811,164,1,2
1811,165,1,2
1811,166,1,2
1811,167,1,2
1811,168,1,2
1811,169,1,2
1811,170,1,2
1811,171,1,2
1811,172,1,2
1811,173,1,2
1811,174,1,2
1811,175,1,2
1811,176,1,2
1811,177,1,2
1811,178,1,2
1811,179,1,2
1811,180,1,2
1811,181,1,2
1811,182,1,2
1811,183,1,2
1811,184,1,2
1811,185,1,2
1811,186,1,2
1811,187,1,2
1811,188,1,2
1811,189,1,2
1811,190,1,2
1811,191,1,2
1811,192,1,2
1811,193,1,2
1811,194,1,2
1811,195,1,2
1811,196,1,2
1811,197,1,2
1811,198,1,2
1811,199,1,2
1811,200,1,2
1811,201,1,2
1811,202,1,2
1811,203,1,2
1811,204,1,2
1811,205,1,2
1811,206,1,2
1811,207,1,2
1811,208,1,2
1811,209,1,2
1811,210,1,2
1811,211,1,2
1811,212,1,2
1811,213,1,2
1811,214,1,2
1811,215,1,2
1811,216,1,2
1811,217,1,2
1811,218,1,2
1811,219,1,2
1811,220,1,2
1811,221,1,2
1811,222,1,2
1811,223,1,2
1811,224,1,2
1811,225,1,2
1811,226,1,2
1811,227,1,2
1811,228,1,2
1811,229,1,2
1811,230,1,2
1811,231,1,2
1811,232,1,2
1811,233,1,2
1811,234,1,2
1811,235,1,2
1811,236,1,2
1811,237,1,2
1811,238,1,2
1811,239,1,2
1811,240,1,2
1811,241,1,2
1811,242,1,2
1811,243,1,2
1811,244,1,2
1811,245,1,2
1811,246,1,2
1811,247,1,2
1811,248,1,2
1811,249,1,2
1811,250,1,2
1811,251,1,2
1811,252,1,2
1811,253,1,2
1811,254,1,2
1811,255,1,2
1811,256,1,2
1811,257,1,2
1811,258,1,2
1811,259,1,2
1811,260,1,2
1811,261,1,2
1811,262,1,2
1811,263,1,2
1811,264,1,2
1811,265,1,2
1811,266,1,2
1811,267,1,2
1811,268,1,2
1811,269,1,2
1811,270,1,2
1811,271,1,2
1811,272,1,2
1811,273,1,2
1811,274,1,2
1811,275,1,2
1811,276,1,2
1811,277,1,2
1811,278,1,2
1811,279,1,2
1811,280,1,2
1811,281,1,2
1811,282,1,2
1811,283,1,2
1811,284,1,2
1811,285,1,2
1811,286,1,2
1811,287,1,2
1811,288,1,2
1811,289,1,2
1811,290,1,2
1811,291,1,2
1811,292,1,2
1811,293,1,2
1811,294,1,2
1811,295,1,2
1811,296,1,2
1811,297,1,2
1811,298,1,2
1811,299,1,2
1811,300,1,2
1811,301,1,2
1811,302,1,2
1811,303,1,2
1811,304,1,2
1811,305,1,2
1811,306,1,2
1811,307,1,2
1811,308,1,2
1811,309,1,2
1811,310,1,2
1811,311,1,2
1811,312,1,2
1811,313,1,2
1811,314,1,2
1811,315,1,2
1811,316,1,2
1811,317,1,2
1811,318,1,2
1811,319,1,2
1811,320,1,2
1811,321,1,2
1811,322,1,2
1811,323,1,2
1811,324,1,2
1811,325,1,2
1811,326,1,2
1811,327,1,2
1811,328,1,2
1811,329,1,2
1811,330,1,2
1811,331,1,2
1811,332,1,2
1811,333,1,2
1811,334,1,2
1811,335,1,2
1811,336,1,2
1811,337,1,2
1811,338,1,2
1811,339,1,2
1811,340,1,2
1811,341,1,2
1811,342,1,2
1811,343,1,2
1811,344,1,2
1811,345,1,2
1811,346,1,2
1811,347,1,2
1811,348,1,2
1811,349,1,2
1811,350,1,2
1811,351,1,2
1811,352,1,2
1811,353,1,2
1811,354,1,2
1811,355,1,2
1811,356,1,2
1811,357,1,2
1811,358,1,2
1811,359,1,2
1811,360,1,2
1811,361,1,2
1811,362,1,2
1811,363,1,2
1811,364,1,2
1811,365,1,2
1811,366,1,2
1811,367,1,2
1811,368,1,2
1811,369,1,2
1811,370,1,2
1811,371,1,2
1811,372,1,2
1811,373,1,2
1811,374,1,2
1811,375,1,2
1811,376,1,2
1811,377,1,2
1811,378,1,2
1811,379,1,2
1811,380,1,2
1811,381,1,2
1811,382,1,2
1811,383,1,2
1811,384,1,2
1811,385,1,2
1811,386,1,2
1811,387,1,2
1811,388,1,2
1811,389,1,2
1811,390,1,2
1811,391,1,2
1811,392,1,2
1811,393,1,2
1811,394,1,2
1811,395,1,2
1811,396,1,2
1811,397,1,2
1811,398,1,2
1811,399,1,2
1811,400,1,2
1811,401,1,2
1811,402,1,2
1811,403,1,2
1811,404,1,2
1811,405,1,2
1811,406,1,2
1811,407,1,2
1811,408,1,2
1811,409,1,2
1811,410,1,2
1811,411,1,2
1811,412,1,2
1811,413,1,2
1811,414,1,2
1811,415,1,2
1811,416,1,2
1811,417,1,2
1811,418,1,2
1811,419,1,2
1811,420,1,2
1811,421,1,2
1811,422,1,2
1811,423,1,2
1811,424,1,2
1811,425,1,2
1811,426,1,2
1811,427,1,2
1811,428,1,2
1811,429,1,2
1811,430,1,2
1811,431,1,2
1811,432,1,2
1811,433,1,2
1811,434,1,2
1811,435,1,2
1811,436,1,2
1811,437,1,2
1811,438,1,2
1811,439,1,2
1811,440,1,2
1811,441,1,2
1811,442,1,2
1811,443,1,2
1811,444,1,2
1811,445,1,2
1811,446,1,2
1811,447,1,2
1811,448,1,2
1811,449,1,2
1811,450,1,2
1811,451,1,2
1811,452,1,2
1811,453,1,2
1811,454,1,2
1811,455,1,2
1811,456,1,2
1811,457,1,2
1811,458,1,2
1811,459,1,2
1811,460,1,2
1811,461,1,2
1811,462,1,2
1811,463,1,2
1811,464,1,2
1811,465,1,3
1811,466,1,3
1811,467,1,3
1811,468,1,3
1811,469,1,3
1811,470,1,3
1811,471,1,3
1811,472,1,3
1811,473,1,3
1811,474,1,3
1811,475,1,3
1811,476,1,3
1811,477,1,3
1811,478,1,3
1811,479,1,3
1811,480,1,3
1811,481,1,3
1811,482,1,3
1811,483,1,3
1811,484,1,3
1811,485,1,3
1811,486,1,3
1811,487,1,3
1811,488,1,3
1811,489,1,3
1811,490,1,3
1811,491,1,3
1811,492,1,3
1811,493,1,3
1811,494,1,3
1811,495,1,3
1811,496,1,3
1811,497,1,3
1811,498,1,3
1811,499,1,3
1811,500,1,3
1811,501,1,3
1811,502,1,3
1811,503,1,3
1811,504,1,3
1811,505,1,3
1811,506,1,3
1811,507,1,3
1811,508,1,3
1811,509,1,3
1811,510,1,3
1811,511,1,3
1811,512,1,3
1811,513,1,3
1811,514,1,3
1811,515,1,3
1811,516,1,3
1811,517,1,3
1811,518,1,3
1811,519,1,3
1811,520,1,3
1811,521,1,3
1811,522,1,3
1811,523,1,3
1811,524,1,3
1811,525,1,3
1811,526,1,2
1811,527,1,2
1811,528,1,2
1811,529,1,2
1811,530,1,2
1811,531,1,2
1811,532,1,2
1811,533,1,2
1811,534,1,2
1811,535,1,2
1811,536,1,2
1811,537,1,2
1811,538,1,2
1811,539,1,2
1811,540,1,2
1811,541,1,2
1811,542,1,2
1811,543,1,2
1811,544,1,2
1811,545,1,2
1811,546,1,2
1811,547,1,2
1811,548,1,2
1811,549,1,2
1811,550,1,2
1811,551,1,2
1811,552,1,2
1811,553,1,2
1811,554,1,2
1811,555,1,2
1811,556,1,2
1811,557,1,2
1811,558,1,2
1811,559,1,2
1811,560,1,2
1811,561,1,2
1811,562,1,2
1811,563,1,2
1811,564,1,2
1811,565,1,2
1811,566,1,2
1811,567,1,2
1811,568,1,2
1811,569,1,2
1811,570,1,2
1811,571,1,2
1811,572,1,2
1811,573,1,2
1811,574,1,2
1811,575,1,2
1811,576,1,2
1811,577,1,2
1811,578,1,2
1811,579,1,2
1811,580,1,2
1811,581,1,2
1811,582,1,2
1811,583,1,2
1811,584,1,2
1811,585,1,2
1811,586,1,2
1811,587,1,2
1811,588,1,2
1811,589,1,2
1811,590,1,2
1811,591,1,2
1811,592,1,2
1811,593,1,2
1811,594,1,2
1811,595,1,2
1811,596,1,2
1811,597,1,2
1811,598,1,2
1811,599,1,2
1811,600,1,2
1811,601,1,2
1811,602,1,2
1811,603,1,2
1811,604,1,2
1811,605,1,2
1811,606,1,2
1811,607,1,2
1811,608,1,2
1811,609,1,2
1811,610,1,2
1811,611,1,2
1811,612,1,2
1811,613,1,2
1811,614,1,2
1811,615,1,2
1811,616,1,2
1811,617,1,2
1811,618,1,2
1811,619,1,2
1811,620,1,2
1811,621,1,2
1811,622,1,2
1811,623,1,2
1811,624,1,2
1811,625,1,2
1811,626,1,2
1811,627,1,2
1811,628,1,2
1811,629,1,2
1811,630,1,2
1811,631,1,2
1811,632,1,2
1811,633,1,2
1811,634,1,2
1811,635,1,2
1811,636,1,2
1811,637,1,2
1811,638,1,2
1811,639,1,2
1811,640,1,2
1811,641,1,2
1811,642,1,2
1811,643,1,2
1811,644,1,2
1811,645,1,2
1811,646,1,2
1811,647,1,2
1811,648,1,2
1811,649,1,2
1811,650,1,2
1811,651,1,2
1811,652,1,2
1812,132,1,2
1812,133,1,2
1812,134,1,2
1812,135,1,2
1812,136,1,2
1812,137,1,2
1812,138,1,2
1812,139,1,2
1812,140,1,2
1812,141,1,2
1812,142,1,2
1812,143,1,2
1812,144,1,2
1812,145,1,2
1812,146,1,2
1812,147,1,2
1812,148,1,3
1812,149,1,3
1812,150,1,3
1812,151,1,3
1812,152,1,3
1812,153,1,3
1812,154,1,3
1812,155,1,3
1812,156,1,3
1812,157,1,3
1812,158,1,3
1812,159,1,3
1812,160,1,3
1812,161,1,2
1812,162,1,2
1812,163,1,2
1812,164,1,2
1812,165,1,2
1812,166,1,2
1812,167,1,2
1812,168,1,2
1812,169,1,2
1812,170,1,2
1812,171,1,2
1812,172,1,2
1812,173,1,2
1812,174,1,2
1812,175,1,2
1812,176,1,2
1812,177,1,2
1812,178,1,2
1812,179,1,2
1812,180,1,2
1812,181,1,2
1812,182,1,2
1812,183,1,2
1812,184,1,2
1812,185,1,2
1812,186,1,2
1812,187,1,2
1812,188,1,2
1812,189,1,2
1812,190,1,2
1812,191,1,2
1812,192,1,2
1812,193,1,2
1812,194,1,2
1812,195,1,2
1812,196,1,2
1812,197,1,2
1812,198,1,2
1812,199,1,2
1812,200,1,2
1812,201,1,2
1812,202,1,2
1812,203,1,2
1812,204,1,2
1812,205,1,2
1812,206,1,2
1812,207,1,2
1812,208,1,2
1812,209,1,2
1812,210,1,2
1812,211,1,2
1812,212,1,2
1812,213,1,2
1812,214,1,2
1812,215,1,2
1812,216,1,2
1812,217,1,2
1812,218,1,2
1812,219,1,2
1812,220,1,2
1812,221,1,2
1812,222,1,2
1812,223,1,2
1812,224,1,2
1812,225,1,2
1812,226,1,2
1812,227,1,2
1812,228,1,2
1812,229,1,2
1812,230,1,2
1812,231,1,2
1812,232,1,2
1812,233,1,2
1812,234,1,2
1812,235,1,2
1812,236,1,2
1812,237,1,2
1812,238,1,2
1812,239,1,2
1812,240,1,2
1812,241,1,2
1812,242,1,2
1812,243,1,2
1812,244,1,2
1812,245,1,2
1812,246,1,2
1812,247,1,2
1812,248,1,2
1812,249,1,2
1812,250,1,2
1812,251,1,2
1812,252,1,2
1812,253,1,2
1812,254,1,2
1812,255,1,2
1812,256,1,2
1812,257,1,2
1812,258,1,2
1812,259,1,2
1812,260,1,2
1812,261,1,2
1812,262,1,2
1812,263,1,2
1812,264,1,2
1812,265,1,2
1812,266,1,2
1812,267,1,2
1812,268,1,2
1812,269,1,2
1812,270,1,2
1812,271,1,2
1812,272,1,2
1812,273,1,2
1812,274,1,2
1812,275,1,2
1812,276,1,2
1812,277,1,2
1812,278,1,2
1812,279,1,2
1812,280,1,2
1812,281,1,2
1812,282,1,2
1812,283,1,2
1812,284,1,2
1812,285,1,2
1812,286,1,2
1812,287,1,2
1812,288,1,2
1812,289,1,2
1812,290,1,2
1812,291,1,2
1812,292,1,2
1812,293,1,2
1812,294,1,2
1812,295,1,2
1812,296,1,2
1812,297,1,2
1812,298,1,2
1812,299,1,2
1812,300,1,2
1812,301,1,2
1812,302,1,2
1812,303,1,2
1812,304,1,2
1812,305,1,2
1812,306,1,2
1812,307,1,2
1812,308,1,2
1812,309,1,2
1812,310,1,2
1812,311,1,2
1812,312,1,2
1812,313,1,2
1812,314,1,2
1812,315,1,2
1812,316,1,2
1812,317,1,2
1812,318,1,2
1812,319,1,2
1812,320,1,2
1812,321,1,2
1812,322,1,2
1812,323,1,2
1812,324,1,2
1812,325,1,2
1812,326,1,2
1812,327,1,2
1812,328,1,2
1812,329,1,2
1812,330,1,2
1812,331,1,2
1812,332,1,2
1812,333,1,2
1812,334,1,2
1812,335,1,2
1812,336,1,2
1812,337,1,2
1812,338,1,2
1812,339,1,2
1812,340,1,2
1812,341,1,2
1812,342,1,2
1812,343,1,2
1812,344,1,2
1812,345,1,2
1812,346,1,2
1812,347,1,2
1812,348,1,2
1812,349,1,2
1812,350,1,2
1812,351,1,2
1812,352,1,2
1812,353,1,2
1812,354,1,2
1812,355,1,2
1812,356,1,2
1812,357,1,2
1812,358,1,2
1812,359,1,2
1812,360,1,2
1812,361,1,2
1812,362,1,2
1812,363,1,2
1812,364,1,2
1812,365,1,2
1812,366,1,2
1812,367,1,2
1812,368,1,2
1812,369,1,2
1812,370,1,2
1812,371,1,2
1812,372,1,2
1812,373,1,2
1812,374,1,2
1812,375,1,2
1812,376,1,2
1812,377,1,2
1812,378,1,2
1812,379,1,2
1812,380,1,2
1812,381,1,2
1812,382,1,2
1812,383,1,2
1812,384,1,2
1812,385,1,2
1812,386,1,2
1812,387,1,2
1812,388,1,2
1812,389,1,2
1812,390,1,2
1812,391,1,2
1812,392,1,2
1812,393,1,2
1812,394,1,2
1812,395,1,2
1812,396,1,2
1812,397,1,2
1812,398,1,2
1812,399,1,2
1812,400,1,2
1812,401,1,2
1812,402,1,2
1812,403,1,2
1812,404,1,2
1812,405,1,2
1812,406,1,2
1812,407,1,2
1812,408,1,2
1812,409,1,2
1812,410,1,2
1812,411,1,2
1812,412,1,2
1812,413,1,2
1812,414,1,2
1812,415,1,2
1812,416,1,2
1812,417,1,2
1812,418,1,2
1812,419,1,2
1812,420,1,2
1812,421,1,2
1812,422,1,2
1812,423,1,2
1812,424,1,2
1812,425,1,2
1812,426,1,2
1812,427,1,2
1812,428,1,2
1812,429,1,2
1812,430,1,2
1812,431,1,2
1812,432,1,2
1812,433,1,2
1812,434,1,2
1812,435,1,2
1812,436,1,2
1812,437,1,2
1812,438,1,2
1812,439,1,2
1812,440,1,2
1812,441,1,2
1812,442,1,2
1812,443,1,2
1812,444,1,2
1812,445,1,2
1812,446,1,2
1812,447,1,2
1812,448,1,2
1812,449,1,2
1812,450,1,2
1812,451,1,2
1812,452,1,2
1812,453,1,2
1812,454,1,2
1812,455,1,2
1812,456,1,2
1812,457,1,2
1812,458,1,2
1812,459,1,2
1812,460,1,2
1812,461,1,2
1812,462,1,2
1812,463,1,2
1812,464,1,2
1812,465,1,2
1812,466,1,3
1812,467,1,3
1812,468,1,3
1812,469,1,3
1812,470,1,3
1812,471,1,3
1812,472,1,3
1812,473,1,3
1812,474,1,3
1812,475,1,3
1812,476,1,3
1812,477,1,3
1812,478,1,3
1812,479,1,3
1812,480,1,3
1812,481,1,3
1812,482,1,3
1812,483,1,3
1812,484,1,3
1812,485,1,3
1812,486,1,3
1812,487,1,3
1812,488,1,3
1812,489,1,3
1812,490,1,3
1812,491,1,3
1812,492,1,3
1812,493,1,3
1812,494,1,3
1812,495,1,3
1812,496,1,3
1812,497,1,3
1812,498,1,3
1812,499,1,3
1812,500,1,3
1812,501,1,3
1812,502,1,3
1812,503,1,3
1812,504,1,3
1812,505,1,3
1812,506,1,3
1812,507,1,3
1812,508,1,3
1812,509,1,3
1812,510,1,3
1812,511,1,3
1812,512,1,3
1812,513,1,3
1812,514,1,3
1812,515,1,3
1812,516,1,3
1812,517,1,3
1812,518,1,3
1812,519,1,3
1812,520,1,3
1812,521,1,3
1812,522,1,3
1812,523,1,3
1812,524,1,2
1812,525,1,2
1812,526,1,2
1812,527,1,2
1812,528,1,2
1812,529,1,2
1812,530,1,2
1812,531,1,2
1812,532,1,2
1812,533,1,2
1812,534,1,2
1812,535,1,2
1812,536,1,2
1812,537,1,2
1812,538,1,2
1812,539,1,2
1812,540,1,2
1812,541,1,2
1812,542,1,2
1812,543,1,2
1812,544,1,2
1812,545,1,2
1812,546,1,2
1812,547,1,2
1812,548,1,2
1812,549,1,2
1812,550,1,2
1812,551,1,2
1812,552,1,2
1812,553,1,2
1812,554,1,2
1812,555,1,2
1812,556,1,2
1812,557,1,2
1812,558,1,2
1812,559,1,2
1812,560,1,2
1812,561,1,2
1812,562,1,2
1812,563,1,2
1812,564,1,2
1812,565,1,2
1812,566,1,2
1812,567,1,2
1812,568,1,2
1812,569,1,2
1812,570,1,2
1812,571,1,2
1812,572,1,2
1812,573,1,2
1812,574,1,2
1812,575,1,2
1812,576,1,2
1812,577,1,2
1812,578,1,2
1812,579,1,2
1812,580,1,2
1812,581,1,2
1812,582,1,2
1812,583,1,2
1812,584,1,2
1812,585,1,2
1812,586,1,2
1812,587,1,2
1812,588,1,2
1812,589,1,2
1812,590,1,2
1812,591,1,2
1812,592,1,2
1812,593,1,2
1812,594,1,2
1812,595,1,2
1812,596,1,2
1812,597,1,2
1812,598,1,2
1812,599,1,2
1812,600,1,2
1812,601,1,2
1812,602,1,2
1812,603,1,2
1812,604,1,2
1812,605,1,2
1812,606,1,2
1812,607,1,2
1812,608,1,2
1812,609,1,2
1812,610,1,2
1812,611,1,2
1812,612,1,2
1812,613,1,2
1812,614,1,2
1812,615,1,2
1812,616,1,2
1812,617,1,2
1812,618,1,2
1812,619,1,2
1812,620,1,2
1812,621,1,2
1812,622,1,2
1812,623,1,2
1812,624,1,2
1812,625,1,2
1812,626,1,2
1812,627,1,2
1812,628,1,2
1812,629,1,2
1812,630,1,2
1812,631,1,2
1812,632,1,2
1812,633,1,2
1812,634,1,2
1812,635,1,2
1812,636,1,2
1812,637,1,2
1812,638,1,2
1812,639,1,2
1812,640,1,2
1812,641,1,2
1812,642,1,2
1812,643,1,2
1812,644,1,2
1812,645,1,2
1812,646,1,2
1812,647,1,2
1812,648,1,2
1812,649,1,2
1812,650,1,2
1812,651,1,2
1812,652,1,2
1812,653,1,2
1813,132,1,2
1813,133,1,2
1813,134,1,2
1813,135,1,2
1813,136,1,2
1813,137,1,2
1813,138,1,2
1813,139,1,2
1813,140,1,2
1813,141,1,2
1813,142,1,2
1813,143,1,2
1813,144,1,2
1813,145,1,2
1813,146,1,2
1813,147,1,3
1813,148,1,3
1813,149,1,3
1813,150,1,3
1813,151,1,3
1813,152,1,3
1813,153,1,3
1813,154,1,3
1813,155,1,3
1813,156,1,3
1813,157,1,3
1813,158,1,3
1813,159,1,3
1813,160,1,3
1813,161,1,2
1813,162,1,2
1813,163,1,2
1813,164,1,2
1813,165,1,2
1813,166,1,2
1813,167,1,2
1813,168,1,2
1813,169,1,2
1813,170,1,2
1813,171,1,2
1813,172,1,2
1813,173,1,2
1813,174,1,2
1813,175,1,2
1813,176,1,2
1813,177,1,2
1813,178,1,2
1813,179,1,2
1813,180,1,2
1813,181,1,2
1813,182,1,2
1813,183,1,2
1813,184,1,2
1813,185,1,2
1813,186,1,2
1813,187,1,2
1813,188,1,2
1813,189,1,2
1813,190,1,2
1813,191,1,2
1813,192,1,2
1813,193,1,2
1813,194,1,2
1813,195,1,2
1813,196,1,2
1813,197,1,2
1813,198,1,2
1813,199,1,2
1813,200,1,2
1813,201,1,2
1813,202,1,2
1813,203,1,2
1813,204,1,2
1813,205,1,2
1813,206,1,2
1813,207,1,2
1813,208,1,2
1813,209,1,2
1813,210,1,2
1813,211,1,2
1813,212,1,2
1813,213,1,2
1813,214,1,2
1813,215,1,2
1813,216,1,2
1813,217,1,2
1813,218,1,2
1813,219,1,2
1813,220,1,2
1813,221,1,2
1813,222,1,2
1813,223,1,2
1813,224,1,2
1813,225,1,2
1813,226,1,2
1813,227,1,2
1813,228,1,2
1813,229,1,2
1813,230,1,2
1813,231,1,2
1813,232,1,2
1813,233,1,2
1813,234,1,2
1813,235,1,2
1813,236,1,2
1813,237,1,2
1813,238,1,2
1813,239,1,2
1813,240,1,2
1813,241,1,2
1813,242,1,2
1813,243,1,2
1813,244,1,2
1813,245,1,2
1813,246,1,2
1813,247,1,2
1813,248,1,2
1813,249,1,2
1813,250,1,2
1813,251,1,2
1813,252,1,2
1813,253,1,2
1813,254,1,2
1813,255,1,2
1813,256,1,2
1813,257,1,2
1813,258,1,2
1813,259,1,2
1813,260,1,2
1813,261,1,2
1813,262,1,2
1813,263,1,2
1813,264,1,2
1813,265,1,2
1813,266,1,2
1813,267,1,2
1813,268,1,2
1813,269,1,2
1813,270,1,2
1813,271,1,2
1813,272,1,2
1813,273,1,2
1813,274,1,2
1813,275,1,2
1813,276,1,2
1813,277,1,2
1813,278,1,2
1813,279,1,2
1813,280,1,2
1813,281,1,2
1813,282,1,2
1813,283,1,2
1813,284,1,2
1813,285,1,2
1813,286,1,2
1813,287,1,2
1813,288,1,2
1813,289,1,2
1813,290,1,2
1813,291,1,2
1813,292,1,2
1813,293,1,2
1813,294,1,2
1813,295,1,2
1813,296,1,2
1813,297,1,2
1813,298,1,2
1813,299,1,2
1813,300,1,2
1813,301,1,2
1813,302,1,2
1813,303,1,2
1813,304,1,2
1813,305,1,2
1813,306,1,2
1813,307,1,2
1813,308,1,2
1813,309,1,2
1813,310,1,2
1813,311,1,2
1813,312,1,2
1813,313,1,2
1813,314,1,2
1813,315,1,2
1813,316,1,2
1813,317,1,2
1813,318,1,2
1813,319,1,2
1813,320,1,2
1813,321,1,2
1813,322,1,2
1813,323,1,2
1813,324,1,2
1813,325,1,2
1813,326,1,2
1813,327,1,2
1813,328,1,2
1813,329,1,2
1813,330,1,2
1813,331,1,2
1813,332,1,2
1813,333,1,2
1813,334,1,2
1813,335,1,2
1813,336,1,2
1813,337,1,2
1813,338,1,2
1813,339,1,2
1813,340,1,2
1813,341,1,2
1813,342,1,2
1813,343,1,2
1813,344,1,2
1813,345,1,2
1813,346,1,2
1813,347,1,2
1813,348,1,2
1813,349,1,2
1813,350,1,2
1813,351,1,2
1813,352,1,2
1813,353,1,2
1813,354,1,2
1813,355,1,2
1813,356,1,2
1813,357,1,2
1813,358,1,2
1813,359,1,2
1813,360,1,2
1813,361,1,2
1813,362,1,2
1813,363,1,2
1813,364,1,2
1813,365,1,2
1813,366,1,2
1813,367,1,2
1813,368,1,2
1813,369,1,2
1813,370,1,2
1813,371,1,2
1813,372,1,2
1813,373,1,2
1813,374,1,2
1813,375,1,2
1813,376,1,2
1813,377,1,2
1813,378,1,2
1813,379,1,2
1813,380,1,2
1813,381,1,2
1813,382,1,2
1813,383,1,2
1813,384,1,2
1813,385,1,2
1813,386,1,2
1813,387,1,2
1813,388,1,2
1813,389,1,2
1813,390,1,2
1813,391,1,2
1813,392,1,2
1813,393,1,2
1813,394,1,2
1813,395,1,2
1813,396,1,2
1813,397,1,2
1813,398,1,2
1813,399,1,2
1813,400,1,2
1813,401,1,2
1813,402,1,2
1813,403,1,2
1813,404,1,2
1813,405,1,2
1813,406,1,2
1813,407,1,2
1813,408,1,2
1813,409,1,2
1813,410,1,2
1813,411,1,2
1813,412,1,2
1813,413,1,2
1813,414,1,2
1813,415,1,2
1813,416,1,2
1813,417,1,2
1813,418,1,2
1813,419,1,2
1813,420,1,2
1813,421,1,2
1813,422,1,2
1813,423,1,2
1813,424,1,2
1813,425,1,2
1813,426,1,2
1813,427,1,2
1813,428,1,2
1813,429,1,2
1813,430,1,2
1813,431,1,2
1813,432,1,2
1813,433,1,2
1813,434,1,2
1813,435,1,2
1813,436,1,2
1813,437,1,2
1813,438,1,2
1813,439,1,2
1813,440,1,2
1813,441,1,2
1813,442,1,2
1813,443,1,2
1813,444,1,2
1813,445,1,2
1813,446,1,2
1813,447,1,2
1813,448,1,2
1813,449,1,2
1813,450,1,2
1813,451,1,2
1813,452,1,2
1813,453,1,2
1813,454,1,2
1813,455,1,2
1813,456,1,2
1813,457,1,2
1813,458,1,2
1813,459,1,2
1813,460,1,2
1813,461,1,2
1813,462,1,2
1813,463,1,2
1813,464,1,2
1813,465,1,2
1813,466,1,2
1813,467,1,2
1813,468,1,3
1813,469,1,3
1813,470,1,3
1813,471,1,3
1813,472,1,3
1813,473,1,3
1813,474,1,3
1813,475,1,3
1813,476,1,3
1813,477,1,3
1813,478,1,3
1813,479,1,3
1813,480,1,3
1813,481,1,3
1813,482,1,3
1813,483,1,3
1813,484,1,3
1813,485,1,3
1813,486,1,3
1813,487,1,3
1813,488,1,3
1813,489,1,3
1813,490,1,3
1813,491,1,3
1813,492,1,3
1813,493,1,3
1813,494,1,3
1813,495,1,3
1813,496,1,3
1813,497,1,3
1813,498,1,3
1813,499,1,3
1813,500,1,3
1813,501,1,3
1813,502,1,3
1813,503,1,3
1813,504,1,3
1813,505,1,3
1813,506,1,3
1813,507,1,3
1813,508,1,3
1813,509,1,3
1813,510,1,3
1813,511,1,3
1813,512,1,3
1813,513,1,3
1813,514,1,3
1813,515,1,3
1813,516,1,3
1813,517,1,3
1813,518,1,3
1813,519,1,3
1813,520,1,3
1813,521,1,3
1813,522,1,2
1813,523,1,2
1813,524,1,2
1813,525,1,2
1813,526,1,2
1813,527,1,2
1813,528,1,2
1813,529,1,2
1813,530,1,2
1813,531,1,2
1813,532,1,2
1813,533,1,2
1813,534,1,2
1813,535,1,2
1813,536,1,2
1813,537,1,2
1813,538,1,2
1813,539,1,2
1813,540,1,2
1813,541,1,2
1813,542,1,2
1813,543,1,2
1813,544,1,2
1813,545,1,2
1813,546,1,2
1813,547,1,2
1813,548,1,2
1813,549,1,2
1813,550,1,2
1813,551,1,2
1813,552,1,2
1813,553,1,2
1813,554,1,2
1813,555,1,2
1813,556,1,2
1813,557,1,2
1813,558,1,2
1813,559,1,2
1813,560,1,2
1813,561,1,2
1813,562,1,2
1813,563,1,2
1813,564,1,2
1813,565,1,2
1813,566,1,2
1813,567,1,2
1813,568,1,2
1813,569,1,2
1813,570,1,2
1813,571,1,2
1813,572,1,2
1813,573,1,2
1813,574,1,2
1813,575,1,2
1813,576,1,2
1813,577,1,2
1813,578,1,2
1813,579,1,2
1813,580,1,2
1813,581,1,2
1813,582,1,2
1813,583,1,2
1813,584,1,2
1813,585,1,2
1813,586,1,2
1813,587,1,2
1813,588,1,2
1813,589,1,2
1813,590,1,2
1813,591,1,2
1813,592,1,2
1813,593,1,2
1813,594,1,2
1813,595,1,2
1813,596,1,2
1813,597,1,2
1813,598,1,2
1813,599,1,2
1813,600,1,2
1813,601,1,2
1813,602,1,2
1813,603,1,2
1813,604,1,2
1813,605,1,2
1813,606,1,2
1813,607,1,2
1813,608,1,2
1813,609,1,2
1813,610,1,2
1813,611,1,2
1813,612,1,2
1813,613,1,2
1813,614,1,2
1813,615,1,2
1813,616,1,2
1813,617,1,2
1813,618,1,2
1813,619,1,2
1813,620,1,2
1813,621,1,2
1813,622,1,2
1813,623,1,2
1813,624,1,2
1813,625,1,2
1813,626,1,2
1813,627,1,2
1813,628,1,2
1813,629,1,2
1813,630,1,2
1813,631,1,2
1813,632,1,2
1813,633,1,2
1813,634,1,2
1813,635,1,2
1813,636,1,2
1813,637,1,2
1813,638,1,2
1813,639,1,2
1813,640,1,2
1813,641,1,2
1813,642,1,2
1813,643,1,2
1813,644,1,2
1813,645,1,2
1813,646,1,2
1813,647,1,2
1813,648,1,2
1813,649,1,2
1813,650,1,2
1813,651,1,2
1813,652,1,2
1813,653,1,2
1814,132,1,2
1814,133,1,2
1814,134,1,2
1814,135,1,2
1814,136,1,2
1814,137,1,2
1814,138,1,2
1814,139,1,2
1814,140,1,2
1814,141,1,2
1814,142,1,2
1814,143,1,2
1814,144,1,2
1814,145,1,2
1814,146,1,2
1814,147,1,3
1814,148,1,3
1814,149,1,3
1814,150,1,3
1814,151,1,3
1814,152,1,3
1814,153,1,3
1814,154,1,3
1814,155,1,3
1814,156,1,3
1814,157,1,3
1814,158,1,3
1814,159,1,3
1814,160,1,3
1814,161,1,2
1814,162,1,2
1814,163,1,2
1814,164,1,2
1814,165,1,2
1814,166,1,2
1814,167,1,2
1814,168,1,2
1814,169,1,2
1814,170,1,2
1814,171,1,2
1814,172,1,2
1814,173,1,2
1814,174,1,2
1814,175,1,2
1814,176,1,2
1814,177,1,2
1814,178,1,2
1814,179,1,2
1814,180,1,2
1814,181,1,2
1814,182,1,2
1814,183,1,2
1814,184,1,2
1814,185,1,2
1814,186,1,2
1814,187,1,2
1814,188,1,2
1814,189,1,2
1814,190,1,2
1814,191,1,2
1814,192,1,2
1814,193,1,2
1814,194,1,2
1814,195,1,2
1814,196,1,2
1814,197,1,2
1814,198,1,2
1814,199,1,2
1814,200,1,2
1814,201,1,2
1814,202,1,2
1814,203,1,2
1814,204,1,2
1814,205,1,2
1814,206,1,2
1814,207,1,2
1814,208,1,2
1814,209,1,2
1814,210,1,2
1814,211,1,2
1814,212,1,2
1814,213,1,2
1814,214,1,2
1814,215,1,2
1814,216,1,2
1814,217,1,2
1814,218,1,2
1814,219,1,2
1814,220,1,2
1814,221,1,2
1814,222,1,2
1814,223,1,2
1814,224,1,2
1814,225,1,2
1814,226,1,2
1814,227,1,2
1814,228,1,2
1814,229,1,2
1814,230,1,2
1814,231,1,2
1814,232,1,2
1814,233,1,2
1814,234,1,2
1814,235,1,2
1814,236,1,2
1814,237,1,2
1814,238,1,2
1814,239,1,2
1814,240,1,2
1814,241,1,2
1814,242,1,2
1814,243,1,2
1814,244,1,2
1814,245,1,2
1814,246,1,2
1814,247,1,2
1814,248,1,2
1814,249,1,2
1814,250,1,2
1814,251,1,2
1814,252,1,2
1814,253,1,2
1814,254,1,2
1814,255,1,2
1814,256,1,2
1814,257,1,2
1814,258,1,2
1814,259,1,2
1814,260,1,2
1814,261,1,2
1814,262,1,2
1814,263,1,2
1814,264,1,2
1814,265,1,2
1814,266,1,2
1814,267,1,2
1814,268,1,2
1814,269,1,2
1814,270,1,2
1814,271,1,2
1814,272,1,2
1814,273,1,2
1814,274,1,2
1814,275,1,2
1814,276,1,2
1814,277,1,2
1814,278,1,2
1814,279,1,2
1814,280,1,2
1814,281,1,2
1814,282,1,2
1814,283,1,2
1814,284,1,2
1814,285,1,2
1814,286,1,2
1814,287,1,2
1814,288,1,2
1814,289,1,2
1814,290,1,2
1814,291,1,2
1814,292,1,2
1814,293,1,2
1814,294,1,2
1814,295,1,2
1814,296,1,2
1814,297,1,2
1814,298,1,2
1814,299,1,2
1814,300,1,2
1814,301,1,2
1814,302,1,2
1814,303,1,2
1814,304,1,2
1814,305,1,2
1814,306,1,2
1814,307,1,2
1814,308,1,2
1814,309,1,2
1814,310,1,2
1814,311,1,2
1814,312,1,2
1814,313,1,2
1814,314,1,2
1814,315,1,2
1814,316,1,2
1814,317,1,2
1814,318,1,2
1814,319,1,2
1814,320,1,2
1814,321,1,2
1814,322,1,2
1814,323,1,2
1814,324,1,2
1814,325,1,2
1814,326,1,2
1814,327,1,2
1814,328,1,2
1814,329,1,2
1814,330,1,2
1814,331,1,2
1814,332,1,2
1814,333,1,2
1814,334,1,2
1814,335,1,2
1814,336,1,2
1814,337,1,2
1814,338,1,2
1814,339,1,2
1814,340,1,2
1814,341,1,2
1814,342,1,2
1814,343,1,2
1814,344,1,2
1814,345,1,2
1814,346,1,2
1814,347,1,2
1814,348,1,2
1814,349,1,2
1814,350,1,2
1814,351,1,2
1814,352,1,2
1814,353,1,2
1814,354,1,2
1814,355,1,2
1814,356,1,2
1814,357,1,2
1814,358,1,2
1814,359,1,2
1814,360,1,2
1814,361,1,2
1814,362,1,2
1814,363,1,2
1814,364,1,2
1814,365,1,2
1814,366,1,2
1814,367,1,2
1814,368,1,2
1814,369,1,2
1814,370,1,2
1814,371,1,2
1814,372,1,2
1814,373,1,2
1814,374,1,2
1814,375,1,2
1814,376,1,2
1814,377,1,2
1814,378,1,2
1814,379,1,2
1814,380,1,2
1814,381,1,2
1814,382,1,2
1814,383,1,2
1814,384,1,2
1814,385,1,2
1814,386,1,2
1814,387,1,2
1814,388,1,2
1814,389,1,2
1814,390,1,2
1814,391,1,2
1814,392,1,2
1814,393,1,2
1814,394,1,2
1814,395,1,2
1814,396,1,2
1814,397,1,2
1814,398,1,2
1814,399,1,2
1814,400,1,2
1814,401,1,2
1814,402,1,2
1814,403,1,2
1814,404,1,2
1814,405,1,2
1814,406,1,2
1814,407,1,2
1814,408,1,2
1814,409,1,2
1814,410,1,2
1814,411,1,2
1814,412,1,2
1814,413,1,2
1814,414,1,2
1814,415,1,2
1814,416,1,2
1814,417,1,2
1814,418,1,2
1814,419,1,2
1814,420,1,2
1814,421,1,2
1814,422,1,2
1814,423,1,2
1814,424,1,2
1814,425,1,2
1814,426,1,2
1814,427,1,2
1814,428,1,2
1814,429,1,2
1814,430,1,2
1814,431,1,2
1814,432,1,2
1814,433,1,2
1814,434,1,2
1814,435,1,2
1814,436,1,2
1814,437,1,2
1814,438,1,2
1814,439,1,2
1814,440,1,2
1814,441,1,2
1814,442,1,2
1814,443,1,2
1814,444,1,2
1814,445,1,2
1814,446,1,2
1814,447,1,2
1814,448,1,2
1814,449,1,2
1814,450,1,2
1814,451,1,2
1814,452,1,2
1814,453,1,2
1814,454,1,2
1814,455,1,2
1814,456,1,2
1814,457,1,2
1814,458,1,2
1814,459,1,2
1814,460,1,2
1814,461,1,2
1814,462,1,2
1814,463,1,2
1814,464,1,2
1814,465,1,2
1814,466,1,2
1814,467,1,2
1814,468,1,2
1814,469,1,3
1814,470,1,3
1814,471,1,3
1814,472,1,3
1814,473,1,3
1814,474,1,3
1814,475,1,3
1814,476,1,3
1814,477,1,3
1814,478,1,3
1814,479,1,3
1814,480,1,3
1814,481,1,3
1814,482,1,3
1814,483,1,3
1814,484,1,3
1814,485,1,3
1814,486,1,3
1814,487,1,3
1814,488,1,3
1814,489,1,3
1814,490,1,3
1814,491,1,3
1814,492,1,3
1814,493,1,3
1814,494,1,3
1814,495,1,3
1814,496,1,3
1814,497,1,3
1814,498,1,3
1814,499,1,3
1814,500,1,3
1814,501,1,3
1814,502,1,3
1814,503,1,3
1814,504,1,3
1814,505,1,3
1814,506,1,3
1814,507,1,3
1814,508,1,3
1814,509,1,3
1814,510,1,3
1814,511,1,3
1814,512,1,3
1814,513,1,3
1814,514,1,3
1814,515,1,3
1814,516,1,3
1814,517,1,3
1814,518,1,3
1814,519,1,3
1814,520,1,2
1814,521,1,2
1814,522,1,2
1814,523,1,2
1814,524,1,2
1814,525,1,2
1814,526,1,2
1814,527,1,2
1814,528,1,2
1814,529,1,2
1814,530,1,2
1814,531,1,2
1814,532,1,2
1814,533,1,2
1814,534,1,2
1814,535,1,2
1814,536,1,2
1814,537,1,2
1814,538,1,2
1814,539,1,2
1814,540,1,2
1814,541,1,2
1814,542,1,2
1814,543,1,2
1814,544,1,2
1814,545,1,2
1814,546,1,2
1814,547,1,2
1814,548,1,2
1814,549,1,2
1814,550,1,2
1814,551,1,2
1814,552,1,2
1814,553,1,2
1814,554,1,2
1814,555,1,2
1814,556,1,2
1814,557,1,2
1814,558,1,2
1814,559,1,2
1814,560,1,2
1814,561,1,2
1814,562,1,2
1814,563,1,2
1814,564,1,2
1814,565,1,2
1814,566,1,2
1814,567,1,2
1814,568,1,2
1814,569,1,2
1814,570,1,2
1814,571,1,2
1814,572,1,2
1814,573,1,2
1814,574,1,2
1814,575,1,2
1814,576,1,2
1814,577,1,2
1814,578,1,2
1814,579,1,2
1814,580,1,2
1814,581,1,2
1814,582,1,2
1814,583,1,2
1814,584,1,2
1814,585,1,2
1814,586,1,2
1814,587,1,2
1814,588,1,2
1814,589,1,2
1814,590,1,2
1814,591,1,2
1814,592,1,2
1814,593,1,2
1814,594,1,2
1814,595,1,2
1814,596,1,2
1814,597,1,2
1814,598,1,2
1814,599,1,2
1814,600,1,2
1814,601,1,2
1814,602,1,2
1814,603,1,2
1814,604,1,2
1814,605,1,2
1814,606,1,2
1814,607,1,2
1814,608,1,2
1814,609,1,2
1814,610,1,2
1814,611,1,2
1814,612,1,2
1814,613,1,2
1814,614,1,2
1814,615,1,2
1814,616,1,2
1814,617,1,2
1814,618,1,2
1814,619,1,2
1814,620,1,2
1814,621,1,2
1814,622,1,2
1814,623,1,2
1814,624,1,2
1814,625,1,2
1814,626,1,2
1814,627,1,2
1814,628,1,2
1814,629,1,2
1814,630,1,2
1814,631,1,2
1814,632,1,2
1814,633,1,2
1814,634,1,2
1814,635,1,2
1814,636,1,2
1814,637,1,2
1814,638,1,2
1814,639,1,2
1814,640,1,2
1814,641,1,2
1814,642,1,2
1814,643,1,2
1814,644,1,2
1814,645,1,2
1814,646,1,2
1814,647,1,2
1814,648,1,2
1814,649,1,2
1814,650,1,2
1814,651,1,2
1814,652,1,2
1814,653,1,2
1814,654,1,2
1815,131,1,2
1815,132,1,2
1815,133,1,2
1815,134,1,2
1815,135,1,2
1815,136,1,2
1815,137,1,2
1815,138,1,2
1815,139,1,2
1815,140,1,2
1815,141,1,2
1815,142,1,2
1815,143,1,2
1815,144,1,3
1815,145,1,3
1815,146,1,3
1815,147,1,3
1815,148,1,3
1815,149,1,3
1815,150,1,3
1815,151,1,3
1815,152,1,3
1815,153,1,3
1815,154,1,3
1815,155,1,3
1815,156,1,3
1815,157,1,3
1815,158,1,3
1815,159,1,3
1815,160,1,3
1815,161,1,2
1815,162,1,2
1815,163,1,2
1815,164,1,2
1815,165,1,2
1815,166,1,2
1815,167,1,2
1815,168,1,2
1815,169,1,2
1815,170,1,2
1815,171,1,2
1815,172,1,2
1815,173,1,2
1815,174,1,2
1815,175,1,2
1815,176,1,2
1815,177,1,2
1815,178,1,2
1815,179,1,2
1815,180,1,2
1815,181,1,2
1815,182,1,2
1815,183,1,2
1815,184,1,2
1815,185,1,2
1815,186,1,2
1815,187,1,2
1815,188,1,2
1815,189,1,2
1815,190,1,2
1815,191,1,2
1815,192,1,2
1815,193,1,2
1815,194,1,2
1815,195,1,2
1815,196,1,2
1815,197,1,2
1815,198,1,2
1815,199,1,2
1815,200,1,2
1815,201,1,2
1815,202,1,2
1815,203,1,2
1815,204,1,2
1815,205,1,2
1815,206,1,2
1815,207,1,2
1815,208,1,2
1815,209,1,2
1815,210,1,2
1815,211,1,2
1815,212,1,2
1815,213,1,2
1815,214,1,2
1815,215,1,2
1815,216,1,2
1815,217,1,2
1815,218,1,2
1815,219,1,2
1815,220,1,2
1815,221,1,2
1815,222,1,2
1815,223,1,2
1815,224,1,2
1815,225,1,2
1815,226,1,2
1815,227,1,2
1815,228,1,2
1815,229,1,2
1815,230,1,2
1815,231,1,2
1815,232,1,2
1815,233,1,2
1815,234,1,2
1815,235,1,2
1815,236,1,2
1815,237,1,2
1815,238,1,2
1815,239,1,2
1815,240,1,2
1815,241,1,2
1815,242,1,2
1815,243,1,2
1815,244,1,2
1815,245,1,2
1815,246,1,2
1815,247,1,2
1815,248,1,2
1815,249,1,2
1815,250,1,2
1815,251,1,2
1815,252,1,2
1815,253,1,2
1815,254,1,2
1815,255,1,2
1815,256,1,2
1815,257,1,2
1815,258,1,2
1815,259,1,2
1815,260,1,2
1815,261,1,2
1815,262,1,2
1815,263,1,2
1815,264,1,2
1815,265,1,2
1815,266,1,2
1815,267,1,2
1815,268,1,2
1815,269,1,2
1815,270,1,2
1815,271,1,2
1815,272,1,2
1815,273,1,2
1815,274,1,2
1815,275,1,2
1815,276,1,2
1815,277,1,2
1815,278,1,2
1815,279,1,2
1815,280,1,2
1815,281,1,2
1815,282,1,2
1815,283,1,2
1815,284,1,2
1815,285,1,2
1815,286,1,2
1815,287,1,2
1815,288,1,2
1815,289,1,2
1815,290,1,2
1815,291,1,2
1815,292,1,2
1815,293,1,2
1815,294,1,2
1815,295,1,2
1815,296,1,2
1815,297,1,2
1815,298,1,2
1815,299,1,2
1815,300,1,2
1815,301,1,2
1815,302,1,2
1815,303,1,2
1815,304,1,2
1815,305,1,2
1815,306,1,2
1815,307,1,2
1815,308,1,2
1815,309,1,2
1815,310,1,2
1815,311,1,2
1815,312,1,2
1815,313,1,2
1815,314,1,2
1815,315,1,2
1815,316,1,2
1815,317,1,2
1815,318,1,2
1815,319,1,2
1815,320,1,2
1815,321,1,2
1815,322,1,2
1815,323,1,2
1815,324,1,2
1815,325,1,2
1815,326,1,2
1815,327,1,2
1815,328,1,2
1815,329,1,2
1815,330,1,2
1815,331,1,2
1815,332,1,2
1815,333,1,2
1815,334,1,2
1815,335,1,2
1815,336,1,2
1815,337,1,2
1815,338,1,2
1815,339,1,2
1815,340,1,2
1815,341,1,2
1815,342,1,2
1815,343,1,2
1815,344,1,2
1815,345,1,2
1815,346,1,2
1815,347,1,2
1815,348,1,2
1815,349,1,2
1815,350,1,2
1815,351,1,2
1815,352,1,2
1815,353,1,2
1815,354,1,2
1815,355,1,2
1815,356,1,2
1815,357,1,2
1815,358,1,2
1815,359,1,2
1815,360,1,2
1815,361,1,2
1815,362,1,2
1815,363,1,2
1815,364,1,2
1815,365,1,2
1815,366,1,2
1815,367,1,2
1815,368,1,2
1815,369,1,2
1815,370,1,2
1815,371,1,2
1815,372,1,2
1815,373,1,2
1815,374,1,2
1815,375,1,2
1815,376,1,2
1815,377,1,2
1815,378,1,2
1815,379,1,2
1815,380,1,2
1815,381,1,2
1815,382,1,2
1815,383,1,2
1815,384,1,2
1815,385,1,2
1815,386,1,2
1815,387,1,2
1815,388,1,2
1815,389,1,2
1815,390,1,2
1815,391,1,2
1815,392,1,2
1815,393,1,2
1815,394,1,2
1815,395,1,2
1815,396,1,2
1815,397,1,2
1815,398,1,2
1815,399,1,2
1815,400,1,2
1815,401,1,2
1815,402,1,2
1815,403,1,2
1815,404,1,2
1815,405,1,2
1815,406,1,2
1815,407,1,2
1815,408,1,2
1815,409,1,2
1815,410,1,2
1815,411,1,2
1815,412,1,2
1815,413,1,2
1815,414,1,2
1815,415,1,2
1815,416,1,2
1815,417,1,2
1815,418,1,2
1815,419,1,2
1815,420,1,2
1815,421,1,2
1815,422,1,2
1815,423,1,2
1815,424,1,2
1815,425,1,2
1815,426,1,2
1815,427,1,2
1815,428,1,2
1815,429,1,2
1815,430,1,2
1815,431,1,2
1815,432,1,2
1815,433,1,2
1815,434,1,2
1815,435,1,2
1815,436,1,2
1815,437,1,2
1815,438,1,2
1815,439,1,2
1815,440,1,2
1815,441,1,2
1815,442,1,2
1815,443,1,2
1815,444,1,2
1815,445,1,2
1815,446,1,2
1815,447,1,2
1815,448,1,2
1815,449,1,2
1815,450,1,2
1815,451,1,2
1815,452,1,2
1815,453,1,2
1815,454,1,2
1815,455,1,2
1815,456,1,2
1815,457,1,2
1815,458,1,2
1815,459,1,2
1815,460,1,2
1815,461,1,2
1815,462,1,2
1815,463,1,2
1815,464,1,2
1815,465,1,2
1815,466,1,2
1815,467,1,2
1815,468,1,2
1815,469,1,2
1815,470,1,3
1815,471,1,3
1815,472,1,3
1815,473,1,3
1815,474,1,3
1815,475,1,3
1815,476,1,3
1815,477,1,3
1815,478,1,3
1815,479,1,3
1815,480,1,3
1815,481,1,3
1815,482,1,3
1815,483,1,3
1815,484,1,3
1815,485,1,3
1815,486,1,3
1815,487,1,3
1815,488,1,3
1815,489,1,3
1815,490,1,3
1815,491,1,3
1815,492,1,3
1815,493,1,3
1815,494,1,3
1815,495,1,3
1815,496,1,3
1815,497,1,3
1815,498,1,3
1815,499,1,3
1815,500,1,3
1815,501,1,3
1815,502,1,3
1815,503,1,3
1815,504,1,3
1815,505,1,3
1815,506,1,3
1815,507,1,3
1815,508,1,3
1815,509,1,3
1815,510,1,3
1815,511,1,3
1815,512,1,3
1815,513,1,3
1815,514,1,3
1815,515,1,3
1815,516,1,3
1815,517,1,3
1815,518,1,3
1815,519,1,3
1815,520,1,2
1815,521,1,2
1815,522,1,2
1815,523,1,2
1815,524,1,2
1815,525,1,2
1815,526,1,2
1815,527,1,2
1815,528,1,2
1815,529,1,2
1815,530,1,2
1815,531,1,2
1815,532,1,2
1815,533,1,2
1815,534,1,2
1815,535,1,2
1815,536,1,2
1815,537,1,2
1815,538,1,2
1815,539,1,2
1815,540,1,2
1815,541,1,2
1815,542,1,2
1815,543,1,2
1815,544,1,2
1815,545,1,2
1815,546,1,2
1815,547,1,2
1815,548,1,2
1815,549,1,2
1815,550,1,2
1815,551,1,2
1815,552,1,2
1815,553,1,2
1815,554,1,2
1815,555,1,2
1815,556,1,2
1815,557,1,2
1815,558,1,2
1815,559,1,2
1815,560,1,2
1815,561,1,2
1815,562,1,2
1815,563,1,2
1815,564,1,2
1815,565,1,3
1815,566,1,3
1815,567,1,3
1815,568,1,3
1815,569,1,3
1815,570,1,3
1815,571,1,3
1815,572,1,3
1815,573,1,3
1815,574,1,3
1815,575,1,3
1815,576,1,3
1815,577,1,2
1815,578,1,2
1815,579,1,2
1815,580,1,2
1815,581,1,2
1815,582,1,2
1815,583,1,2
1815,584,1,2
1815,585,1,2
1815,586,1,2
1815,587,1,2
1815,588,1,2
1815,589,1,2
1815,590,1,2
1815,591,1,2
1815,592,1,2
1815,593,1,2
1815,594,1,2
1815,595,1,2
1815,596,1,2
1815,597,1,2
1815,598,1,2
1815,599,1,2
1815,600,1,2
1815,601,1,2
1815,602,1,2
1815,603,1,2
1815,604,1,2
1815,605,1,2
1815,606,1,2
1815,607,1,2
1815,608,1,2
1815,609,1,2
1815,610,1,2
1815,611,1,2
1815,612,1,2
1815,613,1,2
1815,614,1,2
1815,615,1,2
1815,616,1,2
1815,617,1,2
1815,618,1,2
1815,619,1,2
1815,620,1,2
1815,621,1,2
1815,622,1,2
1815,623,1,2
1815,624,1,2
1815,625,1,2
1815,626,1,2
1815,627,1,2
1815,628,1,2
1815,629,1,2
1815,630,1,2
1815,631,1,2
1815,632,1,2
1815,633,1,2
1815,634,1,2
1815,635,1,2
1815,636,1,2
1815,637,1,2
1815,638,1,2
1815,639,1,2
1815,640,1,2
1815,641,1,2
1815,642,1,2
1815,643,1,2
1815,644,1,2
1815,645,1,2
1815,646,1,2
1815,647,1,2
1815,648,1,2
1815,649,1,2
1815,650,1,2
1815,651,1,2
1815,652,1,2
1815,653,1,2
1815,654,1,2
1815,655,1,2
1816,131,1,2
1816,132,1,2
1816,133,1,2
1816,134,1,2
1816,135,1,2
1816,136,1,2
1816,137,1,2
1816,138,1,2
1816,139,1,2
1816,140,1,2
1816,141,1,2
1816,142,1,2
1816,143,1,2
1816,144,1,3
1816,145,1,3
1816,146,1,3
1816,147,1,3
1816,148,1,3
1816,149,1,3
1816,150,1,3
1816,151,1,3
1816,152,1,3
1816,153,1,3
1816,154,1,3
1816,155,1,3
1816,156,1,3
1816,157,1,3
1816,158,1,3
1816,159,1,3
1816,160,1,3
1816,161,1,2
1816,162,1,2
1816,163,1,2
1816,164,1,2
1816,165,1,2
1816,166,1,2
1816,167,1,2
1816,168,1,2
1816,169,1,2
1816,170,1,2
1816,171,1,2
1816,172,1,2
1816,173,1,2
1816,174,1,2
1816,175,1,2
1816,176,1,2
1816,177,1,2
1816,178,1,2
1816,179,1,2
1816,180,1,2
1816,181,1,2
1816,182,1,2
1816,183,1,2
1816,184,1,2
1816,185,1,2
1816,186,1,2
1816,187,1,2
1816,188,1,2
1816,189,1,2
1816,190,1,2
1816,191,1,2
1816,192,1,2
1816,193,1,2
1816,194,1,2
1816,195,1,2
1816,196,1,2
1816,197,1,2
1816,198,1,2
1816,199,1,2
1816,200,1,2
1816,201,1,2
1816,202,1,2
1816,203,1,2
1816,204,1,2
1816,205,1,2
1816,206,1,2
1816,207,1,2
1816,208,1,2
1816,209,1,2
1816,210,1,2
1816,211,1,2
1816,212,1,2
1816,213,1,2
1816,214,1,2
1816,215,1,2
1816,216,1,2
1816,217,1,2
1816,218,1,2
1816,219,1,2
1816,220,1,2
1816,221,1,2
1816,222,1,2
1816,223,1,2
1816,224,1,2
1816,225,1,2
1816,226,1,2
1816,227,1,2
1816,228,1,2
1816,229,1,2
1816,230,1,2
1816,231,1,2
1816,232,1,2
1816,233,1,2
1816,234,1,2
1816,235,1,2
1816,236,1,2
1816,237,1,2
1816,238,1,2
1816,239,1,2
1816,240,1,2
1816,241,1,2
1816,242,1,2
1816,243,1,2
1816,244,1,2
1816,245,1,2
1816,246,1,2
1816,247,1,2
1816,248,1,2
1816,249,1,2
1816,250,1,2
1816,251,1,2
1816,252,1,2
1816,253,1,2
1816,254,1,2
1816,255,1,2
1816,256,1,2
1816,257,1,2
1816,258,1,2
1816,259,1,2
1816,260,1,2
1816,261,1,2
1816,262,1,2
1816,263,1,2
1816,264,1,2
1816,265,1,2
1816,266,1,2
1816,267,1,2
1816,268,1,2
1816,269,1,2
1816,270,1,2
1816,271,1,2
1816,272,1,2
1816,273,1,2
1816,274,1,2
1816,275,1,2
1816,276,1,2
1816,277,1,2
1816,278,1,2
1816,279,1,2
1816,280,1,2
1816,281,1,2
1816,282,1,2
1816,283,1,2
1816,284,1,2
1816,285,1,2
1816,286,1,2
1816,287,1,2
1816,288,1,2
1816,289,1,2
1816,290,1,2
1816,291,1,2
1816,292,1,2
1816,293,1,2
1816,294,1,2
1816,295,1,2
1816,296,1,2
1816,297,1,2
1816,298,1,2
1816,299,1,2
1816,300,1,2
1816,301,1,2
1816,302,1,2
1816,303,1,2
1816,304,1,2
1816,305,1,2
1816,306,1,2
1816,307,1,2
1816,308,1,2
1816,309,1,2
1816,310,1,2
1816,311,1,2
1816,312,1,2
1816,313,1,2
1816,314,1,2
1816,315,1,2
1816,316,1,2
1816,317,1,2
1816,318,1,2
1816,319,1,2
1816,320,1,2
1816,321,1,2
1816,322,1,2
1816,323,1,2
1816,324,1,2
1816,325,1,2
1816,326,1,2
1816,327,1,2
1816,328,1,2
1816,329,1,2
1816,330,1,2
1816,331,1,2
1816,332,1,2
1816,333,1,2
1816,334,1,2
1816,335,1,2
1816,336,1,2
1816,337,1,2
1816,338,1,2
1816,339,1,2
1816,340,1,2
1816,341,1,2
1816,342,1,2
1816,343,1,2
1816,344,1,2
1816,345,1,2
1816,346,1,2
1816,347,1,2
1816,348,1,2
1816,349,1,2
1816,350,1,2
1816,351,1,2
1816,352,1,2
1816,353,1,2
1816,354,1,2
1816,355,1,2
1816,356,1,2
1816,357,1,2
1816,358,1,2
1816,359,1,2
1816,360,1,2
1816,361,1,2
1816,362,1,2
1816,363,1,2
1816,364,1,2
1816,365,1,2
1816,366,1,2
1816,367,1,2
1816,368,1,2
1816,369,1,2
1816,370,1,2
1816,371,1,2
1816,372,1,2
1816,373,1,2
1816,374,1,2
1816,375,1,2
1816,376,1,2
1816,377,1,2
1816,378,1,2
1816,379,1,2
1816,380,1,2
1816,381,1,2
1816,382,1,2
1816,383,1,2
1816,384,1,2
1816,385,1,2
1816,386,1,2
1816,387,1,2
1816,388,1,2
1816,389,1,2
1816,390,1,2
1816,391,1,2
1816,392,1,2
1816,393,1,2
1816,394,1,2
1816,395,1,2
1816,396,1,2
1816,397,1,2
1816,398,1,2
1816,399,1,2
1816,400,1,2
1816,401,1,2
1816,402,1,2
1816,403,1,2
1816,404,1,2
1816,405,1,2
1816,406,1,2
1816,407,1,2
1816,408,1,2
1816,409,1,2
1816,410,1,2
1816,411,1,2
1816,412,1,2
1816,413,1,2
1816,414,1,2
1816,415,1,2
1816,416,1,2
1816,417,1,2
1816,418,1,2
1816,419,1,2
1816,420,1,2
1816,421,1,2
1816,422,1,2
1816,423,1,2
1816,424,1,2
1816,425,1,2
1816,426,1,2
1816,427,1,2
1816,428,1,2
1816,429,1,2
1816,430,1,2
1816,431,1,2
1816,432,1,2
1816,433,1,2
1816,434,1,2
1816,435,1,2
1816,436,1,2
1816,437,1,2
1816,438,1,2
1816,439,1,2
1816,440,1,2
1816,441,1,2
1816,442,1,2
1816,443,1,2
1816,444,1,2
1816,445,1,2
1816,446,1,2
1816,447,1,2
1816,448,1,2
1816,449,1,2
1816,450,1,2
1816,451,1,2
1816,452,1,2
1816,453,1,2
1816,454,1,2
1816,455,1,2
1816,456,1,2
1816,457,1,2
1816,458,1,2
1816,459,1,2
1816,460,1,2
1816,461,1,2
1816,462,1,2
1816,463,1,2
1816,464,1,2
1816,465,1,2
1816,466,1,2
1816,467,1,2
1816,468,1,2
1816,469,1,2
1816,470,1,2
1816,471,1,2
1816,472,1,3
1816,473,1,3
1816,474,1,3
1816,475,1,3
1816,476,1,3
1816,477,1,3
1816,478,1,3
1816,479,1,3
1816,480,1,3
1816,481,1,3
1816,482,1,3
1816,483,1,3
1816,484,1,3
1816,485,1,3
1816,486,1,3
1816,487,1,3
1816,488,1,3
1816,489,1,3
1816,490,1,3
1816,491,1,3
1816,492,1,3
1816,493,1,3
1816,494,1,3
1816,495,1,3
1816,496,1,3
1816,497,1,3
1816,498,1,3
1816,499,1,3
1816,500,1,3
1816,501,1,3
1816,502,1,3
1816,503,1,3
1816,504,1,3
1816,505,1,3
1816,506,1,3
1816,507,1,3
1816,508,1,3
1816,509,1,3
1816,510,1,3
1816,511,1,3
1816,512,1,3
1816,513,1,3
1816,514,1,3
1816,515,1,3
1816,516,1,3
1816,517,1,3
1816,518,1,3
1816,519,1,2
1816,520,1,2
1816,521,1,2
1816,522,1,2
1816,523,1,2
1816,524,1,2
1816,525,1,2
1816,526,1,2
1816,527,1,2
1816,528,1,2
1816,529,1,2
1816,530,1,2
1816,531,1,2
1816,532,1,2
1816,533,1,2
1816,534,1,2
1816,535,1,2
1816,536,1,2
1816,537,1,2
1816,538,1,2
1816,539,1,2
1816,540,1,2
1816,541,1,2
1816,542,1,2
1816,543,1,2
1816,544,1,2
1816,545,1,2
1816,546,1,2
1816,547,1,2
1816,548,1,2
1816,549,1,2
1816,550,1,2
1816,551,1,2
1816,552,1,2
1816,553,1,2
1816,554,1,2
1816,555,1,2
1816,556,1,2
1816,557,1,2
1816,558,1,2
1816,559,1,2
1816,560,1,2
1816,561,1,3
1816,562,1,3
1816,563,1,3
1816,564,1,3
1816,565,1,3
1816,566,1,3
1816,567,1,3
1816,568,1,3
1816,569,1,3
1816,570,1,3
1816,571,1,3
1816,572,1,3
1816,573,1,3
1816,574,1,3
1816,575,1,3
1816,576,1,3
1816,577,1,3
1816,578,1,3
1816,579,1,3
1816,580,1,2
1816,581,1,2
1816,582,1,2
1816,583,1,2
1816,584,1,2
1816,585,1,2
1816,586,1,2
1816,587,1,2
1816,588,1,2
1816,589,1,2
1816,590,1,2
1816,591,1,2
1816,592,1,2
1816,593,1,2
1816,594,1,2
1816,595,1,2
1816,596,1,2
1816,597,1,2
1816,598,1,2
1816,599,1,2
1816,600,1,2
1816,601,1,2
1816,602,1,2
1816,603,1,2
1816,604,1,2
1816,605,1,2
1816,606,1,2
1816,607,1,2
1816,608,1,2
1816,609,1,2
1816,610,1,2
1816,611,1,2
1816,612,1,2
1816,613,1,2
1816,614,1,2
1816,615,1,2
1816,616,1,2
1816,617,1,2
1816,618,1,2
1816,619,1,2
1816,620,1,2
1816,621,1,2
1816,622,1,2
1816,623,1,2
1816,624,1,2
1816,625,1,2
1816,626,1,2
1816,627,1,2
1816,628,1,2
1816,629,1,2
1816,630,1,2
1816,631,1,2
1816,632,1,2
1816,633,1,2
1816,634,1,2
1816,635,1,2
1816,636,1,2
1816,637,1,2
1816,638,1,2
1816,639,1,2
1816,640,1,2
1816,641,1,2
1816,642,1,2
1816,643,1,2
1816,644,1,2
1816,645,1,2
1816,646,1,2
1816,647,1,2
1816,648,1,2
1816,649,1,2
1816,650,1,2
1816,651,1,2
1816,652,1,2
1816,653,1,2
1816,654,1,2
1816,655,1,2
1817,131,1,2
1817,132,1,2
1817,133,1,2
1817,134,1,2
1817,135,1,2
1817,136,1,2
1817,137,1,2
1817,138,1,2
1817,139,1,2
1817,140,1,2
1817,141,1,2
1817,142,1,2
1817,143,1,3
1817,144,1,3
1817,145,1,3
1817,146,1,3
1817,147,1,3
1817,148,1,3
1817,149,1,3
1817,150,1,3
1817,151,1,3
1817,152,1,3
1817,153,1,3
1817,154,1,3
1817,155,1,3
1817,156,1,3
1817,157,1,3
1817,158,1,3
1817,159,1,3
1817,160,1,2
1817,161,1,2
1817,162,1,2
1817,163,1,2
1817,164,1,2
1817,165,1,2
1817,166,1,2
1817,167,1,2
1817,168,1,2
1817,169,1,2
1817,170,1,2
1817,171,1,2
1817,172,1,2
1817,173,1,2
1817,174,1,2
1817,175,1,2
1817,176,1,2
1817,177,1,2
1817,178,1,2
1817,179,1,2
1817,180,1,2
1817,181,1,2
1817,182,1,2
1817,183,1,2
1817,184,1,2
1817,185,1,2
1817,186,1,2
1817,187,1,2
1817,188,1,2
1817,189,1,2
1817,190,1,2
1817,191,1,2
1817,192,1,2
1817,193,1,2
1817,194,1,2
1817,195,1,2
1817,196,1,2
1817,197,1,2
1817,198,1,2
1817,199,1,2
1817,200,1,2
1817,201,1,2
1817,202,1,2
1817,203,1,2
1817,204,1,2
1817,205,1,2
1817,206,1,2
1817,207,1,2
1817,208,1,2
1817,209,1,2
1817,210,1,2
1817,211,1,2
1817,212,1,2
1817,213,1,2
1817,214,1,2
1817,215,1,2
1817,216,1,2
1817,217,1,2
1817,218,1,2
1817,219,1,2
1817,220,1,2
1817,221,1,2
1817,222,1,2
1817,223,1,2
1817,224,1,2
1817,225,1,2
1817,226,1,2
1817,227,1,2
1817,228,1,2
1817,229,1,2
1817,230,1,2
1817,231,1,2
1817,232,1,2
1817,233,1,2
1817,234,1,2
1817,235,1,2
1817,236,1,2
1817,237,1,2
1817,238,1,2
1817,239,1,2
1817,240,1,2
1817,241,1,2
1817,242,1,2
1817,243,1,2
1817,244,1,2
1817,245,1,2
1817,246,1,2
1817,247,1,2
1817,248,1,2
1817,249,1,2
1817,250,1,2
1817,251,1,2
1817,252,1,2
1817,253,1,2
1817,254,1,2
1817,255,1,2
1817,256,1,2
1817,257,1,2
1817,258,1,2
1817,259,1,2
1817,260,1,2
1817,261,1,2
1817,262,1,2
1817,263,1,2
1817,264,1,2
1817,265,1,2
1817,266,1,2
1817,267,1,2
1817,268,1,2
1817,269,1,2
1817,270,1,2
1817,271,1,2
1817,272,1,2
1817,273,1,2
1817,274,1,2
1817,275,1,2
1817,276,1,2
1817,277,1,2
1817,278,1,2
1817,279,1,2
1817,280,1,2
1817,281,1,2
1817,282,1,2
1817,283,1,2
1817,284,1,2
1817,285,1,2
1817,286,1,2
1817,287,1,2
1817,288,1,2
1817,289,1,2
1817,290,1,2
1817,291,1,2
1817,292,1,2
1817,293,1,2
1817,294,1,2
1817,295,1,2
1817,296,1,2
1817,297,1,2
1817,298,1,2
1817,299,1,2
1817,300,1,2
1817,301,1,2
1817,302,1,2
1817,303,1,2
1817,304,1,2
1817,305,1,2
1817,306,1,2
1817,307,1,2
1817,308,1,2
1817,309,1,2
1817,310,1,2
1817,311,1,2
1817,312,1,2
1817,313,1,2
1817,314,1,2
1817,315,1,2
1817,316,1,2
1817,317,1,2
1817,318,1,2
1817,319,1,2
1817,320,1,2
1817,321,1,2
1817,322,1,2
1817,323,1,2
1817,324,1,2
1817,325,1,2
1817,326,1,2
1817,327,1,2
1817,328,1,2
1817,329,1,2
1817,330,1,2
1817,331,1,2
1817,332,1,2
1817,333,1,2
1817,334,1,2
1817,335,1,2
1817,336,1,2
1817,337,1,2
1817,338,1,2
1817,339,1,2
1817,340,1,2
1817,341,1,2
1817,342,1,2
1817,343,1,2
1817,344,1,2
1817,345,1,2
1817,346,1,2
1817,347,1,2
1817,348,1,2
1817,349,1,2
1817,350,1,2
1817,351,1,2
1817,352,1,2
1817,353,1,2
1817,354,1,2
1817,355,1,2
1817,356,1,2
1817,357,1,2
1817,358,1,2
1817,359,1,2
1817,360,1,2
1817,361,1,2
1817,362,1,2
1817,363,1,2
1817,364,1,2
1817,365,1,2
1817,366,1,2
1817,367,1,2
1817,368,1,2
1817,369,1,2
1817,370,1,2
1817,371,1,2
1817,372,1,2
1817,373,1,2
1817,374,1,2
1817,375,1,2
1817,376,1,2
1817,377,1,2
1817,378,1,2
1817,379,1,2
1817,380,1,2
1817,381,1,2
1817,382,1,2
1817,383,1,2
1817,384,1,2
1817,385,1,2
1817,386,1,2
1817,387,1,2
1817,388,1,2
1817,389,1,2
1817,390,1,2
1817,391,1,2
1817,392,1,2
1817,393,1,2
1817,394,1,2
1817,395,1,2
1817,396,1,2
1817,397,1,2
1817,398,1,2
1817,399,1,2
1817,400,1,2
1817,401,1,2
1817,402,1,2
1817,403,1,2
1817,404,1,2
1817,405,1,2
1817,406,1,2
1817,407,1,2
1817,408,1,2
1817,409,1,2
1817,410,1,2
1817,411,1,2
1817,412,1,2
1817,413,1,2
1817,414,1,2
1817,415,1,2
1817,416,1,2
1817,417,1,2
1817,418,1,2
1817,419,1,2
1817,420,1,2
1817,421,1,2
1817,422,1,2
1817,423,1,2
1817,424,1,2
1817,425,1,2
1817,426,1,2
1817,427,1,2
1817,428,1,2
1817,429,1,2
1817,430,1,2
1817,431,1,2
1817,432,1,2
1817,433,1,2
1817,434,1,2
1817,435,1,2
1817,436,1,2
1817,437,1,2
1817,438,1,2
1817,439,1,2
1817,440,1,2
1817,441,1,2
1817,442,1,2
1817,443,1,2
1817,444,1,2
1817,445,1,2
1817,446,1,2
1817,447,1,2
1817,448,1,2
1817,449,1,2
1817,450,1,2
1817,451,1,2
1817,452,1,2
1817,453,1,2
1817,454,1,2
1817,455,1,2
1817,456,1,2
1817,457,1,2
1817,458,1,2
1817,459,1,2
1817,460,1,2
1817,461,1,2
1817,462,1,2
1817,463,1,2
1817,464,1,2
1817,465,1,2
1817,466,1,2
1817,467,1,2
1817,468,1,2
1817,469,1,2
1817,470,1,2
1817,471,1,2
1817,472,1,2
1817,473,1,2
1817,474,1,3
1817,475,1,3
1817,476,1,3
1817,477,1,3
1817,478,1,3
1817,479,1,3
1817,480,1,3
1817,481,1,3
1817,482,1,3
1817,483,1,3
1817,484,1,3
1817,485,1,3
1817,486,1,3
1817,487,1,3
1817,488,1,3
1817,489,1,3
1817,490,1,3
1817,491,1,3
1817,492,1,3
1817,493,1,3
1817,494,1,3
1817,495,1,3
1817,496,1,3
1817,497,1,3
1817,498,1,3
1817,499,1,3
1817,500,1,3
1817,501,1,3
1817,502,1,3
1817,503,1,3
1817,504,1,3
1817,505,1,3
1817,506,1,3
1817,507,1,3
1817,508,1,3
1817,509,1,3
1817,510,1,3
1817,511,1,3
1817,512,1,3
1817,513,1,3
1817,514,1,3
1817,515,1,3
1817,516,1,3
1817,517,1,3
1817,518,1,3
1817,519,1,2
1817,520,1,2
1817,521,1,2
1817,522,1,2
1817,523,1,2
1817,524,1,2
1817,525,1,2
1817,526,1,2
1817,527,1,2
1817,528,1,2
1817,529,1,2
1817,530,1,2
1817,531,1,2
1817,532,1,2
1817,533,1,2
1817,534,1,2
1817,535,1,2
1817,536,1,2
1817,537,1,2
1817,538,1,2
1817,539,1,2
1817,540,1,2
1817,541,1,2
1817,542,1,2
1817,543,1,2
1817,544,1,2
1817,545,1,2
1817,546,1,2
1817,547,1,2
1817,548,1,2
1817,549,1,2
1817,550,1,2
1817,551,1,2
1817,552,1,2
1817,553,1,2
1817,554,1,2
1817,555,1,2
1817,556,1,2
1817,557,1,2
1817,558,1,2
1817,559,1,3
1817,560,1,3
1817,561,1,3
1817,562,1,3
1817,563,1,3
1817,564,1,3
1817,565,1,3
1817,566,1,3
1817,567,1,3
1817,568,1,3
1817,569,1,3
1817,570,1,3
1817,571,1,3
1817,572,1,3
1817,573,1,3
1817,574,1,3
1817,575,1,3
1817,576,1,3
1817,577,1,3
1817,578,1,3
1817,579,1,3
1817,580,1,3
1817,581,1,3
1817,582,1,2
1817,583,1,2
1817,584,1,2
1817,585,1,2
1817,586,1,2
1817,587,1,2
1817,588,1,2
1817,589,1,2
1817,590,1,2
1817,591,1,2
1817,592,1,2
1817,593,1,2
1817,594,1,2
1817,595,1,2
1817,596,1,2
1817,597,1,2
1817,598,1,2
1817,599,1,2
1817,600,1,2
1817,601,1,2
1817,602,1,2
1817,603,1,2
1817,604,1,2
1817,605,1,2
1817,606,1,2
1817,607,1,2
1817,608,1,2
1817,609,1,2
1817,610,1,2
1817,611,1,2
1817,612,1,2
1817,613,1,2
1817,614,1,2
1817,615,1,2
1817,616,1,2
1817,617,1,2
1817,618,1,2
1817,619,1,2
1817,620,1,2
1817,621,1,2
1817,622,1,2
1817,623,1,2
1817,624,1,2
1817,625,1,2
1817,626,1,2
1817,627,1,2
1817,628,1,2
1817,629,1,2
1817,630,1,2
1817,631,1,2
1817,632,1,2
1817,633,1,2
1817,634,1,2
1817,635,1,2
1817,636,1,2
1817,637,1,2
1817,638,1,2
1817,639,1,2
1817,640,1,2
1817,641,1,2
1817,642,1,2
1817,643,1,2
1817,644,1,2
1817,645,1,2
1817,646,1,2
1817,647,1,2
1817,648,1,2
1817,649,1,2
1817,650,1,2
1817,651,1,2
1817,652,1,2
1818,131,1,2
1818,132,1,2
1818,133,1,2
1818,134,1,2
1818,135,1,2
1818,136,1,2
1818,137,1,2
1818,138,1,2
1818,139,1,2
1818,140,1,2
1818,141,1,2
1818,142,1,2
1818,143,1,3
1818,144,1,3
1818,145,1,3
1818,146,1,3
1818,147,1,3
1818,148,1,3
1818,149,1,3
1818,150,1,3
1818,151,1,3
1818,152,1,3
1818,153,1,3
1818,154,1,3
1818,155,1,3
1818,156,1,3
1818,157,1,3
1818,158,1,3
1818,159,1,3
1818,160,1,2
1818,161,1,2
1818,162,1,2
1818,163,1,2
1818,164,1,2
1818,165,1,2
1818,166,1,2
1818,167,1,2
1818,168,1,2
1818,169,1,2
1818,170,1,2
1818,171,1,2
1818,172,1,2
1818,173,1,2
1818,174,1,2
1818,175,1,2
1818,176,1,2
1818,177,1,2
1818,178,1,2
1818,179,1,2
1818,180,1,2
1818,181,1,2
1818,182,1,2
1818,183,1,2
1818,184,1,2
1818,185,1,2
1818,186,1,2
1818,187,1,2
1818,188,1,2
1818,189,1,2
1818,190,1,2
1818,191,1,2
1818,192,1,2
1818,193,1,2
1818,194,1,2
1818,195,1,2
1818,196,1,2
1818,197,1,2
1818,198,1,2
1818,199,1,2
1818,200,1,2
1818,201,1,2
1818,202,1,2
1818,203,1,2
1818,204,1,2
1818,205,1,2
1818,206,1,2
1818,207,1,2
1818,208,1,2
1818,209,1,2
1818,210,1,2
1818,211,1,2
1818,212,1,2
1818,213,1,2
1818,214,1,2
1818,215,1,2
1818,216,1,2
1818,217,1,2
1818,218,1,2
1818,219,1,2
1818,220,1,2
1818,221,1,2
1818,222,1,2
1818,223,1,2
1818,224,1,2
1818,225,1,2
1818,226,1,2
1818,227,1,2
1818,228,1,2
1818,229,1,2
1818,230,1,2
1818,231,1,2
1818,232,1,2
1818,233,1,2
1818,234,1,2
1818,235,1,2
1818,236,1,2
1818,237,1,2
1818,238,1,2
1818,239,1,2
1818,240,1,2
1818,241,1,2
1818,242,1,2
1818,243,1,2
1818,244,1,2
1818,245,1,2
1818,246,1,2
1818,247,1,2
1818,248,1,2
1818,249,1,2
1818,250,1,2
1818,251,1,2
1818,252,1,2
1818,253,1,2
1818,254,1,2
1818,255,1,2
1818,256,1,2
1818,257,1,2
1818,258,1,2
1818,259,1,2
1818,260,1,2
1818,261,1,2
1818,262,1,2
1818,263,1,2
1818,264,1,2
1818,265,1,2
1818,266,1,2
1818,267,1,2
1818,268,1,2
1818,269,1,2
1818,270,1,2
1818,271,1,2
1818,272,1,2
1818,273,1,2
1818,274,1,2
1818,275,1,2
1818,276,1,2
1818,277,1,2
1818,278,1,2
1818,279,1,2
1818,280,1,2
1818,281,1,2
1818,282,1,2
1818,283,1,2
1818,284,1,2
1818,285,1,2
1818,286,1,2
1818,287,1,2
1818,288,1,2
1818,289,1,2
1818,290,1,2
1818,291,1,2
1818,292,1,2
1818,293,1,2
1818,294,1,2
1818,295,1,2
1818,296,1,2
1818,297,1,2
1818,298,1,2
1818,299,1,2
1818,300,1,2
1818,301,1,2
1818,302,1,2
1818,303,1,2
1818,304,1,2
1818,305,1,2
1818,306,1,2
1818,307,1,2
1818,308,1,2
1818,309,1,2
1818,310,1,2
1818,311,1,2
1818,312,1,2
1818,313,1,2
1818,314,1,2
1818,315,1,2
1818,316,1,2
1818,317,1,2
1818,318,1,2
1818,319,1,2
1818,320,1,2
1818,321,1,2
1818,322,1,2
1818,323,1,2
1818,324,1,2
1818,325,1,2
1818,326,1,2
1818,327,1,2
1818,328,1,2
1818,329,1,2
1818,330,1,2
1818,331,1,2
1818,332,1,2
1818,333,1,2
1818,334,1,2
1818,335,1,2
1818,336,1,2
1818,337,1,2
1818,338,1,2
1818,339,1,2
1818,340,1,2
1818,341,1,2
1818,342,1,2
1818,343,1,2
1818,344,1,2
1818,345,1,2
1818,346,1,2
1818,347,1,2
1818,348,1,2
1818,349,1,2
1818,350,1,2
1818,351,1,2
1818,352,1,2
1818,353,1,2
1818,354,1,2
1818,355,1,2
1818,356,1,2
1818,357,1,2
1818,358,1,2
1818,359,1,2
1818,360,1,2
1818,361,1,2
1818,362,1,2
1818,363,1,2
1818,364,1,2
1818,365,1,2
1818,366,1,2
1818,367,1,2
1818,368,1,2
1818,369,1,2
1818,370,1,2
1818,371,1,2
1818,372,1,2
1818,373,1,2
1818,374,1,2
1818,375,1,2
1818,376,1,2
1818,377,1,2
1818,378,1,2
1818,379,1,2
1818,380,1,2
1818,381,1,2
1818,382,1,2
1818,383,1,2
1818,384,1,2
1818,385,1,2
1818,386,1,2
1818,387,1,2
1818,388,1,2
1818,389,1,2
1818,390,1,2
1818,391,1,2
1818,392,1,2
1818,393,1,2
1818,394,1,2
1818,395,1,2
1818,396,1,2
1818,397,1,2
1818,398,1,2
1818,399,1,2
1818,400,1,2
1818,401,1,2
1818,402,1,2
1818,403,1,2
1818,404,1,2
1818,405,1,2
1818,406,1,2
1818,407,1,2
1818,408,1,2
1818,409,1,2
1818,410,1,2
1818,411,1,2
1818,412,1,2
1818,413,1,2
1818,414,1,2
1818,415,1,2
1818,416,1,2
1818,417,1,2
1818,418,1,2
1818,419,1,2
1818,420,1,2
1818,421,1,2
1818,422,1,2
1818,423,1,2
1818,424,1,2
1818,425,1,2
1818,426,1,2
1818,427,1,2
1818,428,1,2
1818,429,1,2
1818,430,1,2
1818,431,1,2
1818,432,1,2
1818,433,1,2
1818,434,1,2
1818,435,1,2
1818,436,1,2
1818,437,1,2
1818,438,1,2
1818,439,1,2
1818,440,1,2
1818,441,1,2
1818,442,1,2
1818,443,1,2
1818,444,1,2
1818,445,1,2
1818,446,1,2
1818,447,1,2
1818,448,1,2
1818,449,1,2
1818,450,1,2
1818,451,1,2
1818,452,1,2
1818,453,1,2
1818,454,1,2
1818,455,1,2
1818,456,1,2
1818,457,1,2
1818,458,1,2
1818,459,1,2
1818,460,1,2
1818,461,1,2
1818,462,1,2
1818,463,1,2
1818,464,1,2
1818,465,1,2
1818,466,1,2
1818,467,1,2
1818,468,1,2
1818,469,1,2
1818,470,1,2
1818,471,1,2
1818,472,1,2
1818,473,1,2
1818,474,1,2
1818,475,1,2
1818,476,1,3
1818,477,1,3
1818,478,1,3
1818,479,1,3
1818,480,1,3
1818,481,1,3
1818,482,1,3
1818,483,1,3
1818,484,1,3
1818,485,1,3
1818,486,1,3
1818,487,1,3
1818,488,1,3
1818,489,1,3
1818,490,1,3
1818,491,1,3
1818,492,1,3
1818,493,1,3
1818,494,1,3
1818,495,1,3
1818,496,1,3
1818,497,1,3
1818,498,1,3
1818,499,1,3
1818,500,1,3
1818,501,1,3
1818,502,1,3
1818,503,1,3
1818,504,1,3
1818,505,1,3
1818,506,1,3
1818,507,1,3
1818,508,1,3
1818,509,1,3
1818,510,1,3
1818,511,1,3
1818,512,1,3
1818,513,1,3
1818,514,1,3
1818,515,1,3
1818,516,1,3
1818,517,1,3
1818,518,1,3
1818,519,1,2
1818,520,1,2
1818,521,1,2
1818,522,1,2
1818,523,1,2
1818,524,1,2
1818,525,1,2
1818,526,1,2
1818,527,1,2
1818,528,1,2
1818,529,1,2
1818,530,1,2
1818,531,1,2
1818,532,1,2
1818,533,1,2
1818,534,1,2
1818,535,1,2
1818,536,1,2
1818,537,1,2
1818,538,1,2
1818,539,1,2
1818,540,1,2
1818,541,1,2
1818,542,1,2
1818,543,1,2
1818,544,1,2
1818,545,1,2
1818,546,1,2
1818,547,1,2
1818,548,1,2
1818,549,1,2
1818,550,1,2
1818,551,1,2
1818,552,1,2
1818,553,1,2
1818,554,1,2
1818,555,1,2
1818,556,1,2
1818,557,1,2
1818,558,1,3
1818,559,1,3
1818,560,1,3
1818,561,1,3
1818,562,1,3
1818,563,1,3
1818,564,1,3
1818,565,1,3
1818,566,1,3
1818,567,1,3
1818,568,1,3
1818,569,1,3
1818,570,1,3
1818,571,1,3
1818,572,1,3
1818,573,1,3
1818,574,1,3
1818,575,1,3
1818,576,1,3
1818,577,1,3
1818,578,1,3
1818,579,1,3
1818,580,1,3
1818,581,1,3
1818,582,1,3
1818,583,1,2
1818,584,1,2
1818,585,1,2
1818,586,1,2
1818,587,1,2
1818,588,1,2
1818,589,1,2
1818,590,1,2
1818,591,1,2
1818,592,1,2
1818,593,1,2
1818,594,1,2
1818,595,1,2
1818,596,1,2
1818,597,1,2
1818,598,1,2
1818,599,1,2
1818,600,1,2
1818,601,1,2
1818,602,1,2
1818,603,1,2
1818,604,1,2
1818,605,1,2
1818,606,1,2
1818,607,1,2
1818,608,1,2
1818,609,1,2
1818,610,1,2
1818,611,1,2
1818,612,1,2
1818,613,1,2
1818,614,1,2
1818,615,1,2
1818,616,1,2
1818,617,1,2
1818,618,1,2
1818,619,1,2
1818,620,1,2
1818,621,1,2
1818,622,1,2
1818,623,1,2
1818,624,1,2
1818,625,1,2
1818,626,1,2
1818,627,1,2
1818,628,1,2
1818,629,1,2
1818,630,1,2
1818,631,1,2
1818,632,1,2
1818,633,1,2
1818,634,1,2
1818,635,1,2
1818,636,1,2
1818,637,1,2
1818,638,1,2
1818,639,1,2
1818,640,1,2
1818,641,1,2
1818,642,1,2
1818,643,1,2
1818,644,1,2
1818,645,1,2
1818,646,1,2
1818,647,1,2
1818,648,1,2
1818,649,1,2
1818,650,1,2
1818,651,1,2
1818,652,1,2
1819,130,1,2
1819,131,1,2
1819,132,1,2
1819,133,1,2
1819,134,1,2
1819,135,1,2
1819,136,1,2
1819,137,1,2
1819,138,1,2
1819,139,1,2
1819,140,1,2
1819,141,1,2
1819,142,1,3
1819,143,1,3
1819,144,1,3
1819,145,1,3
1819,146,1,3
1819,147,1,3
1819,148,1,3
1819,149,1,3
1819,150,1,3
1819,151,1,3
1819,152,1,3
1819,153,1,3
1819,154,1,3
1819,155,1,3
1819,156,1,3
1819,157,1,3
1819,158,1,2
1819,159,1,2
1819,160,1,2
1819,161,1,2
1819,162,1,2
1819,163,1,2
1819,164,1,2
1819,165,1,2
1819,166,1,2
1819,167,1,2
1819,168,1,2
1819,169,1,2
1819,170,1,2
1819,171,1,2
1819,172,1,2
1819,173,1,2
1819,174,1,2
1819,175,1,2
1819,176,1,2
1819,177,1,2
1819,178,1,2
1819,179,1,2
1819,180,1,2
1819,181,1,2
1819,182,1,2
1819,183,1,2
1819,184,1,2
1819,185,1,2
1819,186,1,2
1819,187,1,2
1819,188,1,2
1819,189,1,2
1819,190,1,2
1819,191,1,2
1819,192,1,2
1819,193,1,2
1819,194,1,2
1819,195,1,2
1819,196,1,2
1819,197,1,2
1819,198,1,2
1819,199,1,2
1819,200,1,2
1819,201,1,2
1819,202,1,2
1819,203,1,2
1819,204,1,2
1819,205,1,2
1819,206,1,2
1819,207,1,2
1819,208,1,2
1819,209,1,2
1819,210,1,2
1819,211,1,2
1819,212,1,2
1819,213,1,2
1819,214,1,2
1819,215,1,2
1819,216,1,2
1819,217,1,2
1819,218,1,2
1819,219,1,2
1819,220,1,2
1819,221,1,2
1819,222,1,2
1819,223,1,2
1819,224,1,2
1819,225,1,2
1819,226,1,2
1819,227,1,2
1819,228,1,2
1819,229,1,2
1819,230,1,2
1819,231,1,2
1819,232,1,2
1819,233,1,2
1819,234,1,2
1819,235,1,2
1819,236,1,2
1819,237,1,2
1819,238,1,2
1819,239,1,2
1819,240,1,2
1819,241,1,2
1819,242,1,2
1819,243,1,2
1819,244,1,2
1819,245,1,2
1819,246,1,2
1819,247,1,2
1819,248,1,2
1819,249,1,2
1819,250,1,2
1819,251,1,2
1819,252,1,2
1819,253,1,2
1819,254,1,2
1819,255,1,2
1819,256,1,2
1819,257,1,2
1819,258,1,2
1819,259,1,2
1819,260,1,2
1819,261,1,2
1819,262,1,2
1819,263,1,2
1819,264,1,2
1819,265,1,2
1819,266,1,2
1819,267,1,2
1819,268,1,2
1819,269,1,2
1819,270,1,2
1819,271,1,2
1819,272,1,2
1819,273,1,2
1819,274,1,2
1819,275,1,2
1819,276,1,2
1819,277,1,2
1819,278,1,2
1819,279,1,2
1819,280,1,2
1819,281,1,2
1819,282,1,2
1819,283,1,2
1819,284,1,2
1819,285,1,2
1819,286,1,2
1819,287,1,2
1819,288,1,2
1819,289,1,2
1819,290,1,2
1819,291,1,2
1819,292,1,2
1819,293,1,2
1819,294,1,2
1819,295,1,2
1819,296,1,2
1819,297,1,2
1819,298,1,2
1819,299,1,2
1819,300,1,2
1819,301,1,2
1819,302,1,2
1819,303,1,2
1819,304,1,2
1819,305,1,2
1819,306,1,2
1819,307,1,2
1819,308,1,2
1819,309,1,2
1819,310,1,2
1819,311,1,2
1819,312,1,2
1819,313,1,2
1819,314,1,2
1819,315,1,2
1819,316,1,2
1819,317,1,2
1819,318,1,2
1819,319,1,2
1819,320,1,2
1819,321,1,2
1819,322,1,2
1819,323,1,2
1819,324,1,2
1819,325,1,2
1819,326,1,2
1819,327,1,2
1819,328,1,2
1819,329,1,2
1819,330,1,2
1819,331,1,2
1819,332,1,2
1819,333,1,2
1819,334,1,2
1819,335,1,2
1819,336,1,2
1819,337,1,2
1819,338,1,2
1819,339,1,2
1819,340,1,2
1819,341,1,2
1819,342,1,2
1819,343,1,2
1819,344,1,2
1819,345,1,2
1819,346,1,2
1819,347,1,2
1819,348,1,2
1819,349,1,2
1819,350,1,2
1819,351,1,2
1819,352,1,2
1819,353,1,2
1819,354,1,2
1819,355,1,2
1819,356,1,2
1819,357,1,2
1819,358,1,2
1819,359,1,2
1819,360,1,2
1819,361,1,2
1819,362,1,2
1819,363,1,2
1819,364,1,2
1819,365,1,2
1819,366,1,2
1819,367,1,2
1819,368,1,2
1819,369,1,2
1819,370,1,2
1819,371,1,2
1819,372,1,2
1819,373,1,2
1819,374,1,2
1819,375,1,2
1819,376,1,2
1819,377,1,2
1819,378,1,2
1819,379,1,2
1819,380,1,2
1819,381,1,2
1819,382,1,2
1819,383,1,2
1819,384,1,2
1819,385,1,2
1819,386,1,2
1819,387,1,2
1819,388,1,2
1819,389,1,2
1819,390,1,2
1819,391,1,2
1819,392,1,2
1819,393,1,2
1819,394,1,2
1819,395,1,2
1819,396,1,2
1819,397,1,2
1819,398,1,2
1819,399,1,2
1819,400,1,2
1819,401,1,2
1819,402,1,2
1819,403,1,2
1819,404,1,2
1819,405,1,2
1819,406,1,2
1819,407,1,2
1819,408,1,2
1819,409,1,2
1819,410,1,2
1819,411,1,2
1819,412,1,2
1819,413,1,2
1819,414,1,2
1819,415,1,2
1819,416,1,2
1819,417,1,2
1819,418,1,2
1819,419,1,2
1819,420,1,2
1819,421,1,2
1819,422,1,2
1819,423,1,2
1819,424,1,2
1819,425,1,2
1819,426,1,2
1819,427,1,2
1819,428,1,2
1819,429,1,2
1819,430,1,2
1819,431,1,2
1819,432,1,2
1819,433,1,2
1819,434,1,2
1819,435,1,2
1819,436,1,2
1819,437,1,2
1819,438,1,2
1819,439,1,2
1819,440,1,2
1819,441,1,2
1819,442,1,2
1819,443,1,2
1819,444,1,2
1819,445,1,2
1819,446,1,2
1819,447,1,2
1819,448,1,2
1819,449,1,2
1819,450,1,2
1819,451,1,2
1819,452,1,2
1819,453,1,2
1819,454,1,2
1819,455,1,2
1819,456,1,2
1819,457,1,2
1819,458,1,2
1819,459,1,2
1819,460,1,2
1819,461,1,2
1819,462,1,2
1819,463,1,2
1819,464,1,2
1819,465,1,2
1819,466,1,2
1819,467,1,2
1819,468,1,2
1819,469,1,2
1819,470,1,2
1819,471,1,2
1819,472,1,2
1819,473,1,2
1819,474,1,2
1819,475,1,2
1819,476,1,2
1819,477,1,2
1819,478,1,3
1819,479,1,3
1819,480,1,3
1819,481,1,3
1819,482,1,3
1819,483,1,3
1819,484,1,3
1819,485,1,3
1819,486,1,3
1819,487,1,3
1819,488,1,3
1819,489,1,3
1819,490,1,3
1819,491,1,3
1819,492,1,3
1819,493,1,3
1819,494,1,3
1819,495,1,3
1819,496,1,3
1819,497,1,3
1819,498,1,3
1819,499,1,3
1819,500,1,3
1819,501,1,3
1819,502,1,3
1819,503,1,3
1819,504,1,3
1819,505,1,3
1819,506,1,3
1819,507,1,3
1819,508,1,3
1819,509,1,3
1819,510,1,3
1819,511,1,3
1819,512,1,3
1819,513,1,3
1819,514,1,3
1819,515,1,3
1819,516,1,3
1819,517,1,3
1819,518,1,2
1819,519,1,2
1819,520,1,2
1819,521,1,2
1819,522,1,2
1819,523,1,2
1819,524,1,2
1819,525,1,2
1819,526,1,2
1819,527,1,2
1819,528,1,2
1819,529,1,2
1819,530,1,2
1819,531,1,2
1819,532,1,2
1819,533,1,2
1819,534,1,2
1819,535,1,2
1819,536,1,2
1819,537,1,2
1819,538,1,2
1819,539,1,2
1819,540,1,2
1819,541,1,2
1819,542,1,2
1819,543,1,2
1819,544,1,2
1819,545,1,2
1819,546,1,2
1819,547,1,2
1819,548,1,2
1819,549,1,2
1819,550,1,2
1819,551,1,2
1819,552,1,2
1819,553,1,2
1819,554,1,2
1819,555,1,2
1819,556,1,2
1819,557,1,3
1819,558,1,3
1819,559,1,3
1819,560,1,3
1819,561,1,3
1819,562,1,3
1819,563,1,3
1819,564,1,3
1819,565,1,3
1819,566,1,3
1819,567,1,3
1819,568,1,3
1819,569,1,3
1819,570,1,3
1819,571,1,3
1819,572,1,3
1819,573,1,3
1819,574,1,3
1819,575,1,3
1819,576,1,3
1819,577,1,3
1819,578,1,3
1819,579,1,3
1819,580,1,3
1819,581,1,3
1819,582,1,3
1819,583,1,3
1819,584,1,2
1819,585,1,2
1819,586,1,2
1819,587,1,2
1819,588,1,2
1819,589,1,2
1819,590,1,2
1819,591,1,2
1819,592,1,2
1819,593,1,2
1819,594,1,2
1819,595,1,2
1819,596,1,2
1819,597,1,2
1819,598,1,2
1819,599,1,2
1819,600,1,2
1819,601,1,2
1819,602,1,2
1819,603,1,2
1819,604,1,2
1819,605,1,2
1819,606,1,2
1819,607,1,2
1819,608,1,2
1819,609,1,2
1819,610,1,2
1819,611,1,2
1819,612,1,2
1819,613,1,2
1819,614,1,2
1819,615,1,2
1819,616,1,2
1819,617,1,2
1819,618,1,2
1819,619,1,2
1819,620,1,2
1819,621,1,2
1819,622,1,2
1819,623,1,2
1819,624,1,2
1819,625,1,2
1819,626,1,2
1819,627,1,2
1819,628,1,2
1819,629,1,2
1819,630,1,2
1819,631,1,2
1819,632,1,2
1819,633,1,2
1819,634,1,2
1819,635,1,2
1819,636,1,2
1819,637,1,2
1819,638,1,2
1819,639,1,2
1819,640,1,2
1819,641,1,2
1819,642,1,2
1819,643,1,2
1819,644,1,2
1819,645,1,2
1819,646,1,2
1819,647,1,2
1819,648,1,2
1819,649,1,2
1819,650,1,2
1820,130,1,2
1820,131,1,2
1820,132,1,2
1820,133,1,2
1820,134,1,2
1820,135,1,2
1820,136,1,2
1820,137,1,2
1820,138,1,2
1820,139,1,2
1820,140,1,2
1820,141,1,2
1820,142,1,3
1820,143,1,3
1820,144,1,3
1820,145,1,3
1820,146,1,3
1820,147,1,3
1820,148,1,3
1820,149,1,3
1820,150,1,3
1820,151,1,3
1820,152,1,3
1820,153,1,3
1820,154,1,3
1820,155,1,3
1820,156,1,3
1820,157,1,2
1820,158,1,2
1820,159,1,2
1820,160,1,2
1820,161,1,2
1820,162,1,2
1820,163,1,2
1820,164,1,2
1820,165,1,2
1820,166,1,2
1820,167,1,2
1820,168,1,2
1820,169,1,2
1820,170,1,2
1820,171,1,2
1820,172,1,2
1820,173,1,2
1820,174,1,2
1820,175,1,2
1820,176,1,2
1820,177,1,2
1820,178,1,2
1820,179,1,2
1820,180,1,2
1820,181,1,2
1820,182,1,2
1820,183,1,2
1820,184,1,2
1820,185,1,2
1820,186,1,2
1820,187,1,2
1820,188,1,2
1820,189,1,2
1820,190,1,2
1820,191,1,2
1820,192,1,2
1820,193,1,2
1820,194,1,2
1820,195,1,2
1820,196,1,2
1820,197,1,2
1820,198,1,2
1820,199,1,2
1820,200,1,2
1820,201,1,2
1820,202,1,2
1820,203,1,2
1820,204,1,2
1820,205,1,2
1820,206,1,2
1820,207,1,2
1820,208,1,2
1820,209,1,2
1820,210,1,2
1820,211,1,2
1820,212,1,2
1820,213,1,2
1820,214,1,2
1820,215,1,2
1820,216,1,2
1820,217,1,2
1820,218,1,2
1820,219,1,2
1820,220,1,2
1820,221,1,2
1820,222,1,2
1820,223,1,2
1820,224,1,2
1820,225,1,2
1820,226,1,2
1820,227,1,2
1820,228,1,2
1820,229,1,2
1820,230,1,2
1820,231,1,2
1820,232,1,2
1820,233,1,2
1820,234,1,2
1820,235,1,2
1820,236,1,2
1820,237,1,2
1820,238,1,2
1820,239,1,2
1820,240,1,2
1820,241,1,2
1820,242,1,2
1820,243,1,2
1820,244,1,2
1820,245,1,2
1820,246,1,2
1820,247,1,2
1820,248,1,2
1820,249,1,2
1820,250,1,2
1820,251,1,2
1820,252,1,2
1820,253,1,2
1820,254,1,2
1820,255,1,2
1820,256,1,2
1820,257,1,2
1820,258,1,2
1820,259,1,2
1820,260,1,2
1820,261,1,2
1820,262,1,2
1820,263,1,2
1820,264,1,2
1820,265,1,2
1820,266,1,2
1820,267,1,2
1820,268,1,2
1820,269,1,2
1820,270,1,2
1820,271,1,2
1820,272,1,2
1820,273,1,2
1820,274,1,2
1820,275,1,2
1820,276,1,2
1820,277,1,2
1820,278,1,2
1820,279,1,2
1820,280,1,2
1820,281,1,2
1820,282,1,2
1820,283,1,2
1820,284,1,2
1820,285,1,2
1820,286,1,2
1820,287,1,2
1820,288,1,2
1820,289,1,2
1820,290,1,2
1820,291,1,2
1820,292,1,2
1820,293,1,2
1820,294,1,2
1820,295,1,2
1820,296,1,2
1820,297,1,2
1820,298,1,2
1820,299,1,2
1820,300,1,2
1820,301,1,2
1820,302,1,2
1820,303,1,2
1820,304,1,2
1820,305,1,2
1820,306,1,2
1820,307,1,2
1820,308,1,2
1820,309,1,2
1820,310,1,2
1820,311,1,2
1820,312,1,2
1820,313,1,2
1820,314,1,2
1820,315,1,2
1820,316,1,2
1820,317,1,2
1820,318,1,2
1820,319,1,2
1820,320,1,2
1820,321,1,2
1820,322,1,2
1820,323,1,2
1820,324,1,2
1820,325,1,2
1820,326,1,2
1820,327,1,2
1820,328,1,2
1820,329,1,2
1820,330,1,2
1820,331,1,2
1820,332,1,2
1820,333,1,2
1820,334,1,2
1820,335,1,2
1820,336,1,2
1820,337,1,2
1820,338,1,2
1820,339,1,2
1820,340,1,2
1820,341,1,2
1820,342,1,2
1820,343,1,2
1820,344,1,2
1820,345,1,2
1820,346,1,2
1820,347,1,2
1820,348,1,2
1820,349,1,2
1820,350,1,2
1820,351,1,2
1820,352,1,2
1820,353,1,2
1820,354,1,2
1820,355,1,2
1820,356,1,2
1820,357,1,2
1820,358,1,2
1820,359,1,2
1820,360,1,2
1820,361,1,2
1820,362,1,2
1820,363,1,2
1820,364,1,2
1820,365,1,2
1820,366,1,2
1820,367,1,2
1820,368,1,2
1820,369,1,2
1820,370,1,2
1820,371,1,2
1820,372,1,2
1820,373,1,2
1820,374,1,2
1820,375,1,2
1820,376,1,2
1820,377,1,2
1820,378,1,2
1820,379,1,2
1820,380,1,2
1820,381,1,2
1820,382,1,2
1820,383,1,2
1820,384,1,2
1820,385,1,2
1820,386,1,2
1820,387,1,2
1820,388,1,2
1820,389,1,2
1820,390,1,2
1820,391,1,2
1820,392,1,2
1820,393,1,2
1820,394,1,2
1820,395,1,2
1820,396,1,2
1820,397,1,2
1820,398,1,2
1820,399,1,2
1820,400,1,2
1820,401,1,2
1820,402,1,2
1820,403,1,2
1820,404,1,2
1820,405,1,2
1820,406,1,2
1820,407,1,2
1820,408,1,2
1820,409,1,2
1820,410,1,2
1820,411,1,2
1820,412,1,2
1820,413,1,2
1820,414,1,2
1820,415,1,2
1820,416,1,2
1820,417,1,2
1820,418,1,2
1820,419,1,2
1820,420,1,2
1820,421,1,2
1820,422,1,2
1820,423,1,2
1820,424,1,2
1820,425,1,2
1820,426,1,2
1820,427,1,2
1820,428,1,2
1820,429,1,2
1820,430,1,2
1820,431,1,2
1820,432,1,2
1820,433,1,2
1820,434,1,2
1820,435,1,2
1820,436,1,2
1820,437,1,2
1820,438,1,2
1820,439,1,2
1820,440,1,2
1820,441,1,2
1820,442,1,2
1820,443,1,2
1820,444,1,2
1820,445,1,2
1820,446,1,2
1820,447,1,2
1820,448,1,2
1820,449,1,2
1820,450,1,2
1820,451,1,2
1820,452,1,2
1820,453,1,2
1820,454,1,2
1820,455,1,2
1820,456,1,2
1820,457,1,2
1820,458,1,2
1820,459,1,2
1820,460,1,2
1820,461,1,2
1820,462,1,2
1820,463,1,2
1820,464,1,2
1820,465,1,2
1820,466,1,2
1820,467,1,2
1820,468,1,2
1820,469,1,2
1820,470,1,2
1820,471,1,2
1820,472,1,2
1820,473,1,2
1820,474,1,2
1820,475,1,2
1820,476,1,2
1820,477,1,2
1820,478,1,2
1820,479,1,3
1820,480,1,3
1820,481,1,3
1820,482,1,3
1820,483,1,3
1820,484,1,3
1820,485,1,3
1820,486,1,3
1820,487,1,3
1820,488,1,3
1820,489,1,3
1820,490,1,3
1820,491,1,3
1820,492,1,3
1820,493,1,3
1820,494,1,3
1820,495,1,3
1820,496,1,3
1820,497,1,3
1820,498,1,3
1820,499,1,3
1820,500,1,3
1820,501,1,3
1820,502,1,3
1820,503,1,3
1820,504,1,3
1820,505,1,3
1820,506,1,3
1820,507,1,3
1820,508,1,3
1820,509,1,3
1820,510,1,3
1820,511,1,2
1820,512,1,2
1820,513,1,3
1820,514,1,3
1820,515,1,2
1820,516,1,2
1820,517,1,2
1820,518,1,2
1820,519,1,2
1820,520,1,2
1820,521,1,2
1820,522,1,2
1820,523,1,2
1820,524,1,2
1820,525,1,2
1820,526,1,2
1820,527,1,2
1820,528,1,2
1820,529,1,2
1820,530,1,2
1820,531,1,2
1820,532,1,2
1820,533,1,2
1820,534,1,2
1820,535,1,2
1820,536,1,2
1820,537,1,2
1820,538,1,2
1820,539,1,2
1820,540,1,2
1820,541,1,2
1820,542,1,2
1820,543,1,2
1820,544,1,2
1820,545,1,2
1820,546,1,2
1820,547,1,2
1820,548,1,2
1820,549,1,2
1820,550,1,2
1820,551,1,2
1820,552,1,2
1820,553,1,2
1820,554,1,2
1820,555,1,2
1820,556,1,3
1820,557,1,3
1820,558,1,3
1820,559,1,3
1820,560,1,3
1820,561,1,3
1820,562,1,3
1820,563,1,3
1820,564,1,3
1820,565,1,3
1820,566,1,3
1820,567,1,3
1820,568,1,3
1820,569,1,3
1820,570,1,3
1820,571,1,3
1820,572,1,3
1820,573,1,3
1820,574,1,3
1820,575,1,3
1820,576,1,3
1820,577,1,3
1820,578,1,3
1820,579,1,3
1820,580,1,3
1820,581,1,3
1820,582,1,3
1820,583,1,3
1820,584,1,3
1820,585,1,2
1820,586,1,2
1820,587,1,2
1820,588,1,2
1820,589,1,2
1820,590,1,2
1820,591,1,2
1820,592,1,2
1820,593,1,2
1820,594,1,2
1820,595,1,2
1820,596,1,2
1820,597,1,2
1820,598,1,2
1820,599,1,2
1820,600,1,2
1820,601,1,2
1820,602,1,2
1820,603,1,2
1820,604,1,2
1820,605,1,2
1820,606,1,2
1820,607,1,2
1820,608,1,2
1820,609,1,2
1820,610,1,2
1820,611,1,2
1820,612,1,2
1820,613,1,2
1820,614,1,2
1820,615,1,2
1820,616,1,2
1820,617,1,2
1820,618,1,2
1820,619,1,2
1820,620,1,2
1820,621,1,2
1820,622,1,2
1820,623,1,2
1820,624,1,2
1820,625,1,2
1820,626,1,2
1820,627,1,2
1820,628,1,2
1820,629,1,2
1820,630,1,2
1820,631,1,2
1820,632,1,2
1820,633,1,2
1820,634,1,2
1820,635,1,2
1820,636,1,2
1820,637,1,2
1820,638,1,2
1820,639,1,2
1820,640,1,2
1820,641,1,2
1820,642,1,2
1820,643,1,2
1820,644,1,2
1820,645,1,2
1820,646,1,2
1820,647,1,2
1820,648,1,2
1820,649,1,2
1820,650,1,2
1821,129,1,2
1821,130,1,2
1821,131,1,2
1821,132,1,2
1821,133,1,2
1821,134,1,2
1821,135,1,2
1821,136,1,2
1821,137,1,2
1821,138,1,2
1821,139,1,2
1821,140,1,2
1821,141,1,2
1821,142,1,3
1821,143,1,3
1821,144,1,3
1821,145,1,3
1821,146,1,3
1821,147,1,3
1821,148,1,3
1821,149,1,3
1821,150,1,3
1821,151,1,3
1821,152,1,3
1821,153,1,3
1821,154,1,3
1821,155,1,3
1821,156,1,3
1821,157,1,2
1821,158,1,2
1821,159,1,2
1821,160,1,2
1821,161,1,2
1821,162,1,2
1821,163,1,2
1821,164,1,2
1821,165,1,2
1821,166,1,2
1821,167,1,2
1821,168,1,2
1821,169,1,2
1821,170,1,2
1821,171,1,2
1821,172,1,2
1821,173,1,2
1821,174,1,2
1821,175,1,2
1821,176,1,2
1821,177,1,2
1821,178,1,2
1821,179,1,2
1821,180,1,2
1821,181,1,2
1821,182,1,2
1821,183,1,2
1821,184,1,2
1821,185,1,2
1821,186,1,2
1821,187,1,2
1821,188,1,2
1821,189,1,2
1821,190,1,2
1821,191,1,2
1821,192,1,2
1821,193,1,2
1821,194,1,2
1821,195,1,2
1821,196,1,2
1821,197,1,2
1821,198,1,2
1821,199,1,2
1821,200,1,2
1821,201,1,2
1821,202,1,2
1821,203,1,2
1821,204,1,2
1821,205,1,2
1821,206,1,2
1821,207,1,2
1821,208,1,2
1821,209,1,2
1821,210,1,2
1821,211,1,2
1821,212,1,2
1821,213,1,2
1821,214,1,2
1821,215,1,2
1821,216,1,2
1821,217,1,2
1821,218,1,2
1821,219,1,2
1821,220,1,2
1821,221,1,2
1821,222,1,2
1821,223,1,2
1821,224,1,2
1821,225,1,2
1821,226,1,2
1821,227,1,2
1821,228,1,2
1821,229,1,2
1821,230,1,2
1821,231,1,2
1821,232,1,2
1821,233,1,2
1821,234,1,2
1821,235,1,2
1821,236,1,2
1821,237,1,2
1821,238,1,2
1821,239,1,2
1821,240,1,2
1821,241,1,2
1821,242,1,2
1821,243,1,2
1821,244,1,2
1821,245,1,2
1821,246,1,2
1821,247,1,2
1821,248,1,2
1821,249,1,2
1821,250,1,2
1821,251,1,2
1821,252,1,2
1821,253,1,2
1821,254,1,2
1821,255,1,2
1821,256,1,2
1821,257,1,2
1821,258,1,2
1821,259,1,2
1821,260,1,2
1821,261,1,2
1821,262,1,2
1821,263,1,2
1821,264,1,2
1821,265,1,2
1821,266,1,2
1821,267,1,2
1821,268,1,2
1821,269,1,2
1821,270,1,2
1821,271,1,2
1821,272,1,2
1821,273,1,2
1821,274,1,2
1821,275,1,2
1821,276,1,2
1821,277,1,2
1821,278,1,2
1821,279,1,2
1821,280,1,2
1821,281,1,2
1821,282,1,2
1821,283,1,2
1821,284,1,2
1821,285,1,2
1821,286,1,2
1821,287,1,2
1821,288,1,2
1821,289,1,2
1821,290,1,2
1821,291,1,2
1821,292,1,2
1821,293,1,2
1821,294,1,2
1821,295,1,2
1821,296,1,2
1821,297,1,2
1821,298,1,2
1821,299,1,2
1821,300,1,2
1821,301,1,2
1821,302,1,2
1821,303,1,2
1821,304,1,2
1821,305,1,2
1821,306,1,2
1821,307,1,2
1821,308,1,2
1821,309,1,2
1821,310,1,2
1821,311,1,2
1821,312,1,2
1821,313,1,2
1821,314,1,2
1821,315,1,2
1821,316,1,2
1821,317,1,2
1821,318,1,2
1821,319,1,2
1821,320,1,2
1821,321,1,2
1821,322,1,2
1821,323,1,2
1821,324,1,2
1821,325,1,2
1821,326,1,2
1821,327,1,2
1821,328,1,2
1821,329,1,2
1821,330,1,2
1821,331,1,2
1821,332,1,2
1821,333,1,2
1821,334,1,2
1821,335,1,2
1821,336,1,2
1821,337,1,2
1821,338,1,2
1821,339,1,2
1821,340,1,2
1821,341,1,2
1821,342,1,2
1821,343,1,2
1821,344,1,2
1821,345,1,2
1821,346,1,2
1821,347,1,2
1821,348,1,2
1821,349,1,2
1821,350,1,2
1821,351,1,2
1821,352,1,2
1821,353,1,2
1821,354,1,2
1821,355,1,2
1821,356,1,2
1821,357,1,2
1821,358,1,2
1821,359,1,2
1821,360,1,2
1821,361,1,2
1821,362,1,2
1821,363,1,2
1821,364,1,2
1821,365,1,2
1821,366,1,2
1821,367,1,2
1821,368,1,2
1821,369,1,2
1821,370,1,2
1821,371,1,2
1821,372,1,2
1821,373,1,2
1821,374,1,2
1821,375,1,2
1821,376,1,2
1821,377,1,2
1821,378,1,2
1821,379,1,2
1821,380,1,2
1821,381,1,2
1821,382,1,2
1821,383,1,2
1821,384,1,2
1821,385,1,2
1821,386,1,2
1821,387,1,2
1821,388,1,2
1821,389,1,2
1821,390,1,2
1821,391,1,2
1821,392,1,2
1821,393,1,2
1821,394,1,2
1821,395,1,2
1821,396,1,2
1821,397,1,2
1821,398,1,2
1821,399,1,2
1821,400,1,2
1821,401,1,2
1821,402,1,2
1821,403,1,2
1821,404,1,2
1821,405,1,2
1821,406,1,2
1821,407,1,2
1821,408,1,2
1821,409,1,2
1821,410,1,2
1821,411,1,2
1821,412,1,2
1821,413,1,2
1821,414,1,2
1821,415,1,2
1821,416,1,2
1821,417,1,2
1821,418,1,2
1821,419,1,2
1821,420,1,2
1821,421,1,2
1821,422,1,2
1821,423,1,2
1821,424,1,2
1821,425,1,2
1821,426,1,2
1821,427,1,2
1821,428,1,2
1821,429,1,2
1821,430,1,2
1821,431,1,2
1821,432,1,2
1821,433,1,2
1821,434,1,2
1821,435,1,2
1821,436,1,2
1821,437,1,2
1821,438,1,2
1821,439,1,2
1821,440,1,2
1821,441,1,2
1821,442,1,2
1821,443,1,2
1821,444,1,2
1821,445,1,2
1821,446,1,2
1821,447,1,2
1821,448,1,2
1821,449,1,2
1821,450,1,2
1821,451,1,2
1821,452,1,2
1821,453,1,2
1821,454,1,2
1821,455,1,2
1821,456,1,2
1821,457,1,2
1821,458,1,2
1821,459,1,2
1821,460,1,2
1821,461,1,2
1821,462,1,2
1821,463,1,2
1821,464,1,2
1821,465,1,2
1821,466,1,2
1821,467,1,2
1821,468,1,2
1821,469,1,2
1821,470,1,2
1821,471,1,2
1821,472,1,2
1821,473,1,2
1821,474,1,2
1821,475,1,2
1821,476,1,2
1821,477,1,2
1821,478,1,2
1821,479,1,2
1821,480,1,3
1821,481,1,3
1821,482,1,3
1821,483,1,3
1821,484,1,3
1821,485,1,3
1821,486,1,3
1821,487,1,3
1821,488,1,3
1821,489,1,3
1821,490,1,3
1821,491,1,3
1821,492,1,3
1821,493,1,3
1821,494,1,3
1821,495,1,3
1821,496,1,3
1821,497,1,3
1821,498,1,3
1821,499,1,3
1821,500,1,3
1821,501,1,3
1821,502,1,3
1821,503,1,3
1821,504,1,3
1821,505,1,3
1821,506,1,3
1821,507,1,3
1821,508,1,3
1821,509,1,3
1821,510,1,2
1821,511,1,2
1821,512,1,2
1821,513,1,2
1821,514,1,2
1821,515,1,2
1821,516,1,2
1821,517,1,2
1821,518,1,2
1821,519,1,2
1821,520,1,2
1821,521,1,2
1821,522,1,2
1821,523,1,2
1821,524,1,2
1821,525,1,2
1821,526,1,2
1821,527,1,2
1821,528,1,2
1821,529,1,2
1821,530,1,2
1821,531,1,2
1821,532,1,2
1821,533,1,2
1821,534,1,2
1821,535,1,2
1821,536,1,2
1821,537,1,2
1821,538,1,2
1821,539,1,2
1821,540,1,2
1821,541,1,2
1821,542,1,2
1821,543,1,2
1821,544,1,2
1821,545,1,2
1821,546,1,2
1821,547,1,2
1821,548,1,2
1821,549,1,2
1821,550,1,2
1821,551,1,2
1821,552,1,2
1821,553,1,2
1821,554,1,2
1821,555,1,2
1821,556,1,3
1821,557,1,3
1821,558,1,3
1821,559,1,3
1821,560,1,3
1821,561,1,3
1821,562,1,3
1821,563,1,3
1821,564,1,3
1821,565,1,3
1821,566,1,3
1821,567,1,3
1821,568,1,3
1821,569,1,3
1821,570,1,3
1821,571,1,3
1821,572,1,3
1821,573,1,3
1821,574,1,3
1821,575,1,3
1821,576,1,3
1821,577,1,3
1821,578,1,3
1821,579,1,3
1821,580,1,3
1821,581,1,3
1821,582,1,3
1821,583,1,3
1821,584,1,3
1821,585,1,3
1821,586,1,3
1821,587,1,2
1821,588,1,2
1821,589,1,2
1821,590,1,2
1821,591,1,2
1821,592,1,2
1821,593,1,2
1821,594,1,2
1821,595,1,2
1821,596,1,2
1821,597,1,2
1821,598,1,2
1821,599,1,2
1821,600,1,2
1821,601,1,2
1821,602,1,2
1821,603,1,2
1821,604,1,2
1821,605,1,2
1821,606,1,2
1821,607,1,2
1821,608,1,2
1821,609,1,2
1821,610,1,2
1821,611,1,2
1821,612,1,2
1821,613,1,2
1821,614,1,2
1821,615,1,2
1821,616,1,2
1821,617,1,2
1821,618,1,2
1821,619,1,2
1821,620,1,2
1821,621,1,2
1821,622,1,2
1821,623,1,2
1821,624,1,2
1821,625,1,2
1821,626,1,2
1821,627,1,2
1821,628,1,2
1821,629,1,2
1821,630,1,2
1821,631,1,2
1821,632,1,2
1821,633,1,2
1821,634,1,2
1821,635,1,2
1821,636,1,2
1821,637,1,2
1821,638,1,2
1821,639,1,2
1821,640,1,2
1821,641,1,2
1821,642,1,2
1821,643,1,2
1821,644,1,2
1821,645,1,2
1821,646,1,2
1821,647,1,2
1821,648,1,2
1821,649,1,2
1822,129,1,2
1822,130,1,2
1822,131,1,2
1822,132,1,2
1822,133,1,2
1822,134,1,2
1822,135,1,2
1822,136,1,2
1822,137,1,2
1822,138,1,2
1822,139,1,2
1822,140,1,2
1822,141,1,2
1822,142,1,3
1822,143,1,3
1822,144,1,3
1822,145,1,3
1822,146,1,3
1822,147,1,3
1822,148,1,3
1822,149,1,3
1822,150,1,3
1822,151,1,3
1822,152,1,3
1822,153,1,3
1822,154,1,3
1822,155,1,3
1822,156,1,2
1822,157,1,2
1822,158,1,2
1822,159,1,2
1822,160,1,2
1822,161,1,2
1822,162,1,2
1822,163,1,2
1822,164,1,2
1822,165,1,2
1822,166,1,2
1822,167,1,2
1822,168,1,2
1822,169,1,2
1822,170,1,2
1822,171,1,2
1822,172,1,2
1822,173,1,2
1822,174,1,2
1822,175,1,2
1822,176,1,2
1822,177,1,2
1822,178,1,2
1822,179,1,2
1822,180,1,2
1822,181,1,2
1822,182,1,2
1822,183,1,2
1822,184,1,2
1822,185,1,2
1822,186,1,2
1822,187,1,2
1822,188,1,2
1822,189,1,2
1822,190,1,2
1822,191,1,2
1822,192,1,2
1822,193,1,2
1822,194,1,2
1822,195,1,2
1822,196,1,2
1822,197,1,2
1822,198,1,2
1822,199,1,2
1822,200,1,2
1822,201,1,2
1822,202,1,2
1822,203,1,2
1822,204,1,2
1822,205,1,2
1822,206,1,2
1822,207,1,2
1822,208,1,2
1822,209,1,2
1822,210,1,2
1822,211,1,2
1822,212,1,2
1822,213,1,2
1822,214,1,2
1822,215,1,2
1822,216,1,2
1822,217,1,2
1822,218,1,2
1822,219,1,2
1822,220,1,2
1822,221,1,2
1822,222,1,2
1822,223,1,2
1822,224,1,2
1822,225,1,2
1822,226,1,2
1822,227,1,2
1822,228,1,2
1822,229,1,2
1822,230,1,2
1822,231,1,2
1822,232,1,2
1822,233,1,2
1822,234,1,2
1822,235,1,2
1822,236,1,2
1822,237,1,2
1822,238,1,2
1822,239,1,2
1822,240,1,2
1822,241,1,2
1822,242,1,2
1822,243,1,2
1822,244,1,2
1822,245,1,2
1822,246,1,2
1822,247,1,2
1822,248,1,2
1822,249,1,2
1822,250,1,2
1822,251,1,2
1822,252,1,2
1822,253,1,2
1822,254,1,2
1822,255,1,2
1822,256,1,2
1822,257,1,2
1822,258,1,2
1822,259,1,2
1822,260,1,2
1822,261,1,2
1822,262,1,2
1822,263,1,2
1822,264,1,2
1822,265,1,2
1822,266,1,2
1822,267,1,2
1822,268,1,2
1822,269,1,2
1822,270,1,2
1822,271,1,2
1822,272,1,2
1822,273,1,2
1822,274,1,2
1822,275,1,2
1822,276,1,2
1822,277,1,2
1822,278,1,2
1822,279,1,2
1822,280,1,2
1822,281,1,2
1822,282,1,2
1822,283,1,2
1822,284,1,2
1822,285,1,2
1822,286,1,2
1822,287,1,2
1822,288,1,2
1822,289,1,2
1822,290,1,2
1822,291,1,2
1822,292,1,2
1822,293,1,2
1822,294,1,2
1822,295,1,2
1822,296,1,2
1822,297,1,2
1822,298,1,2
1822,299,1,2
1822,300,1,2
1822,301,1,2
1822,302,1,2
1822,303,1,2
1822,304,1,2
1822,305,1,2
1822,306,1,2
1822,307,1,2
1822,308,1,2
1822,309,1,2
1822,310,1,2
1822,311,1,2
1822,312,1,2
1822,313,1,2
1822,314,1,2
1822,315,1,2
1822,316,1,2
1822,317,1,2
1822,318,1,2
1822,319,1,2
1822,320,1,2
1822,321,1,2
1822,322,1,2
1822,323,1,2
1822,324,1,2
1822,325,1,2
1822,326,1,2
1822,327,1,2
1822,328,1,2
1822,329,1,2
1822,330,1,2
1822,331,1,2
1822,332,1,2
1822,333,1,2
1822,334,1,2
1822,335,1,2
1822,336,1,2
1822,337,1,2
1822,338,1,2
1822,339,1,2
1822,340,1,2
1822,341,1,2
1822,342,1,2
1822,343,1,2
1822,344,1,2
1822,345,1,2
1822,346,1,2
1822,347,1,2
1822,348,1,2
1822,349,1,2
1822,350,1,2
1822,351,1,2
1822,352,1,2
1822,353,1,2
1822,354,1,2
1822,355,1,2
1822,356,1,2
1822,357,1,2
1822,358,1,2
1822,359,1,2
1822,360,1,2
1822,361,1,2
1822,362,1,2
1822,363,1,2
1822,364,1,2
1822,365,1,2
1822,366,1,2
1822,367,1,2
1822,368,1,2
1822,369,1,2
1822,370,1,2
1822,371,1,2
1822,372,1,2
1822,373,1,2
1822,374,1,2
1822,375,1,2
1822,376,1,2
1822,377,1,2
1822,378,1,2
1822,379,1,2
1822,380,1,2
1822,381,1,2
1822,382,1,2
1822,383,1,2
1822,384,1,2
1822,385,1,2
1822,386,1,2
1822,387,1,2
1822,388,1,2
1822,389,1,2
1822,390,1,2
1822,391,1,2
1822,392,1,2
1822,393,1,2
1822,394,1,2
1822,395,1,2
1822,396,1,2
1822,397,1,2
1822,398,1,2
1822,399,1,2
1822,400,1,2
1822,401,1,2
1822,402,1,2
1822,403,1,2
1822,404,1,2
1822,405,1,2
1822,406,1,2
1822,407,1,2
1822,408,1,2
1822,409,1,2
1822,410,1,2
1822,411,1,2
1822,412,1,2
1822,413,1,2
1822,414,1,2
1822,415,1,2
1822,416,1,2
1822,417,1,2
1822,418,1,2
1822,419,1,2
1822,420,1,2
1822,421,1,2
1822,422,1,2
1822,423,1,2
1822,424,1,2
1822,425,1,2
1822,426,1,2
1822,427,1,2
1822,428,1,2
1822,429,1,2
1822,430,1,2
1822,431,1,2
1822,432,1,2
1822,433,1,2
1822,434,1,2
1822,435,1,2
1822,436,1,2
1822,437,1,2
1822,438,1,2
1822,439,1,2
1822,440,1,2
1822,441,1,2
1822,442,1,2
1822,443,1,2
1822,444,1,2
1822,445,1,2
1822,446,1,2
1822,447,1,2
1822,448,1,2
1822,449,1,2
1822,450,1,2
1822,451,1,2
1822,452,1,2
1822,453,1,2
1822,454,1,2
1822,455,1,2
1822,456,1,2
1822,457,1,2
1822,458,1,2
1822,459,1,2
1822,460,1,2
1822,461,1,2
1822,462,1,2
1822,463,1,2
1822,464,1,2
1822,465,1,2
1822,466,1,2
1822,467,1,2
1822,468,1,2
1822,469,1,2
1822,470,1,2
1822,471,1,2
1822,472,1,2
1822,473,1,2
1822,474,1,2
1822,475,1,2
1822,476,1,2
1822,477,1,2
1822,478,1,2
1822,479,1,2
1822,480,1,3
1822,481,1,3
1822,482,1,3
1822,483,1,3
1822,484,1,3
1822,485,1,3
1822,486,1,3
1822,487,1,3
1822,488,1,3
1822,489,1,3
1822,490,1,3
1822,491,1,3
1822,492,1,3
1822,493,1,3
1822,494,1,3
1822,495,1,3
1822,496,1,3
1822,497,1,3
1822,498,1,3
1822,499,1,3
1822,500,1,3
1822,501,1,3
1822,502,1,3
1822,503,1,3
1822,504,1,3
1822,505,1,3
1822,506,1,3
1822,507,1,3
1822,508,1,3
1822,509,1,2
1822,510,1,2
1822,511,1,2
1822,512,1,2
1822,513,1,2
1822,514,1,2
1822,515,1,2
1822,516,1,2
1822,517,1,2
1822,518,1,2
1822,519,1,2
1822,520,1,2
1822,521,1,2
1822,522,1,2
1822,523,1,2
1822,524,1,2
1822,525,1,2
1822,526,1,2
1822,527,1,2
1822,528,1,2
1822,529,1,2
1822,530,1,2
1822,531,1,2
1822,532,1,2
1822,533,1,2
1822,534,1,2
1822,535,1,2
1822,536,1,2
1822,537,1,2
1822,538,1,2
1822,539,1,2
1822,540,1,2
1822,541,1,2
1822,542,1,2
1822,543,1,2
1822,544,1,2
1822,545,1,2
1822,546,1,2
1822,547,1,2
1822,548,1,2
1822,549,1,2
1822,550,1,2
1822,551,1,2
1822,552,1,2
1822,553,1,2
1822,554,1,2
1822,555,1,3
1822,556,1,3
1822,557,1,3
1822,558,1,3
1822,559,1,3
1822,560,1,3
1822,561,1,3
1822,562,1,3
1822,563,1,3
1822,564,1,3
1822,565,1,3
1822,566,1,3
1822,567,1,3
1822,568,1,3
1822,569,1,3
1822,570,1,3
1822,571,1,3
1822,572,1,3
1822,573,1,3
1822,574,1,3
1822,575,1,3
1822,576,1,3
1822,577,1,3
1822,578,1,3
1822,579,1,3
1822,580,1,3
1822,581,1,3
1822,582,1,3
1822,583,1,3
1822,584,1,3
1822,585,1,3
1822,586,1,3
1822,587,1,3
1822,588,1,2
1822,589,1,2
1822,590,1,2
1822,591,1,2
1822,592,1,2
1822,593,1,2
1822,594,1,2
1822,595,1,2
1822,596,1,2
1822,597,1,2
1822,598,1,2
1822,599,1,2
1822,600,1,2
1822,601,1,2
1822,602,1,2
1822,603,1,2
1822,604,1,2
1822,605,1,2
1822,606,1,2
1822,607,1,2
1822,608,1,2
1822,609,1,2
1822,610,1,2
1822,611,1,2
1822,612,1,2
1822,613,1,2
1822,614,1,2
1822,615,1,2
1822,616,1,2
1822,617,1,2
1822,618,1,2
1822,619,1,2
1822,620,1,2
1822,621,1,2
1822,622,1,2
1822,623,1,2
1822,624,1,2
1822,625,1,2
1822,626,1,2
1822,627,1,2
1822,628,1,2
1822,629,1,2
1822,630,1,2
1822,631,1,2
1822,632,1,2
1822,633,1,2
1822,634,1,2
1822,635,1,2
1822,636,1,2
1822,637,1,2
1822,638,1,2
1822,639,1,2
1822,640,1,2
1822,641,1,2
1822,642,1,2
1822,643,1,2
1822,644,1,2
1822,645,1,2
1822,646,1,2
1822,647,1,2
1822,648,1,2
1823,129,1,2
1823,130,1,2
1823,131,1,2
1823,132,1,2
1823,133,1,2
1823,134,1,2
1823,135,1,2
1823,136,1,2
1823,137,1,2
1823,138,1,2
1823,139,1,2
1823,140,1,2
1823,141,1,2
1823,142,1,3
1823,143,1,3
1823,144,1,3
1823,145,1,3
1823,146,1,3
1823,147,1,3
1823,148,1,3
1823,149,1,3
1823,150,1,3
1823,151,1,3
1823,152,1,3
1823,153,1,3
1823,154,1,3
1823,155,1,3
1823,156,1,2
1823,157,1,2
1823,158,1,2
1823,159,1,2
1823,160,1,2
1823,161,1,2
1823,162,1,2
1823,163,1,2
1823,164,1,2
1823,165,1,2
1823,166,1,2
1823,167,1,2
1823,168,1,2
1823,169,1,2
1823,170,1,2
1823,171,1,2
1823,172,1,2
1823,173,1,2
1823,174,1,2
1823,175,1,2
1823,176,1,2
1823,177,1,2
1823,178,1,2
1823,179,1,2
1823,180,1,2
1823,181,1,2
1823,182,1,2
1823,183,1,2
1823,184,1,2
1823,185,1,2
1823,186,1,2
1823,187,1,2
1823,188,1,2
1823,189,1,2
1823,190,1,2
1823,191,1,2
1823,192,1,2
1823,193,1,2
1823,194,1,2
1823,195,1,2
1823,196,1,2
1823,197,1,2
1823,198,1,2
1823,199,1,2
1823,200,1,2
1823,201,1,2
1823,202,1,2
1823,203,1,2
1823,204,1,2
1823,205,1,2
1823,206,1,2
1823,207,1,2
1823,208,1,2
1823,209,1,2
1823,210,1,2
1823,211,1,2
1823,212,1,2
1823,213,1,2
1823,214,1,2
1823,215,1,2
1823,216,1,2
1823,217,1,2
1823,218,1,2
1823,219,1,2
1823,220,1,2
1823,221,1,2
1823,222,1,2
1823,223,1,2
1823,224,1,2
1823,225,1,2
1823,226,1,2
1823,227,1,2
1823,228,1,2
1823,229,1,2
1823,230,1,2
1823,231,1,2
1823,232,1,2
1823,233,1,2
1823,234,1,2
1823,235,1,2
1823,236,1,2
1823,237,1,2
1823,238,1,2
1823,239,1,2
1823,240,1,2
1823,241,1,2
1823,242,1,2
1823,243,1,2
1823,244,1,2
1823,245,1,2
1823,246,1,2
1823,247,1,2
1823,248,1,2
1823,249,1,2
1823,250,1,2
1823,251,1,2
1823,252,1,2
1823,253,1,2
1823,254,1,2
1823,255,1,2
1823,256,1,2
1823,257,1,2
1823,258,1,2
1823,259,1,2
1823,260,1,2
1823,261,1,2
1823,262,1,2
1823,263,1,2
1823,264,1,2
1823,265,1,2
1823,266,1,2
1823,267,1,2
1823,268,1,2
1823,269,1,2
1823,270,1,2
1823,271,1,2
1823,272,1,2
1823,273,1,2
1823,274,1,2
1823,275,1,2
1823,276,1,2
1823,277,1,2
1823,278,1,2
1823,279,1,2
1823,280,1,2
1823,281,1,2
1823,282,1,2
1823,283,1,2
1823,284,1,2
1823,285,1,2
1823,286,1,2
1823,287,1,2
1823,288,1,2
1823,289,1,2
1823,290,1,2
1823,291,1,2
1823,292,1,2
1823,293,1,2
1823,294,1,2
1823,295,1,2
1823,296,1,2
1823,297,1,2
1823,298,1,2
1823,299,1,2
1823,300,1,2
1823,301,1,2
1823,302,1,2
1823,303,1,2
1823,304,1,2
1823,305,1,2
1823,306,1,2
1823,307,1,2
1823,308,1,2
1823,309,1,2
1823,310,1,2
1823,311,1,2
1823,312,1,2
1823,313,1,2
1823,314,1,2
1823,315,1,2
1823,316,1,2
1823,317,1,2
1823,318,1,2
1823,319,1,2
1823,320,1,2
1823,321,1,2
1823,322,1,2
1823,323,1,2
1823,324,1,2
1823,325,1,2
1823,326,1,2
1823,327,1,2
1823,328,1,2
1823,329,1,2
1823,330,1,2
1823,331,1,2
1823,332,1,2
1823,333,1,2
1823,334,1,2
1823,335,1,2
1823,336,1,2
1823,337,1,2
1823,338,1,2
1823,339,1,2
1823,340,1,2
1823,341,1,2
1823,342,1,2
1823,343,1,2
1823,344,1,2
1823,345,1,2
1823,346,1,2
1823,347,1,2
1823,348,1,2
1823,349,1,2
1823,350,1,2
1823,351,1,2
1823,352,1,2
1823,353,1,2
1823,354,1,2
1823,355,1,2
1823,356,1,2
1823,357,1,2
1823,358,1,2
1823,359,1,2
1823,360,1,2
1823,361,1,2
1823,362,1,2
1823,363,1,2
1823,364,1,2
1823,365,1,2
1823,366,1,2
1823,367,1,2
1823,368,1,2
1823,369,1,2
1823,370,1,2
1823,371,1,2
1823,372,1,2
1823,373,1,2
1823,374,1,2
1823,375,1,2
1823,376,1,2
1823,377,1,2
1823,378,1,2
1823,379,1,2
1823,380,1,2
1823,381,1,2
1823,382,1,2
1823,383,1,2
1823,384,1,2
1823,385,1,2
1823,386,1,2
1823,387,1,2
1823,388,1,2
1823,389,1,2
1823,390,1,2
1823,391,1,2
1823,392,1,2
1823,393,1,2
1823,394,1,2
1823,395,1,2
1823,396,1,2
1823,397,1,2
1823,398,1,2
1823,399,1,2
1823,400,1,2
1823,401,1,2
1823,402,1,2
1823,403,1,2
1823,404,1,2
1823,405,1,2
1823,406,1,2
1823,407,1,2
1823,408,1,2
1823,409,1,2
1823,410,1,2
1823,411,1,2
1823,412,1,2
1823,413,1,2
1823,414,1,2
1823,415,1,2
1823,416,1,2
1823,417,1,2
1823,418,1,2
1823,419,1,2
1823,420,1,2
1823,421,1,2
1823,422,1,2
1823,423,1,2
1823,424,1,2
1823,425,1,2
1823,426,1,2
1823,427,1,2
1823,428,1,2
1823,429,1,2
1823,430,1,2
1823,431,1,2
1823,432,1,2
1823,433,1,2
1823,434,1,2
1823,435,1,2
1823,436,1,2
1823,437,1,2
1823,438,1,2
1823,439,1,2
1823,440,1,2
1823,441,1,2
1823,442,1,2
1823,443,1,2
1823,444,1,2
1823,445,1,2
1823,446,1,2
1823,447,1,2
1823,448,1,2
1823,449,1,2
1823,450,1,2
1823,451,1,2
1823,452,1,2
1823,453,1,2
1823,454,1,2
1823,455,1,2
1823,456,1,2
1823,457,1,2
1823,458,1,2
1823,459,1,2
1823,460,1,2
1823,461,1,2
1823,462,1,2
1823,463,1,2
1823,464,1,2
1823,465,1,2
1823,466,1,2
1823,467,1,2
1823,468,1,2
1823,469,1,2
1823,470,1,2
1823,471,1,2
1823,472,1,2
1823,473,1,2
1823,474,1,2
1823,475,1,2
1823,476,1,2
1823,477,1,2
1823,478,1,2
1823,479,1,2
1823,480,1,2
1823,481,1,2
1823,482,1,2
1823,483,1,3
1823,484,1,3
1823,485,1,3
1823,486,1,3
1823,487,1,3
1823,488,1,3
1823,489,1,3
1823,490,1,3
1823,491,1,3
1823,492,1,3
1823,493,1,3
1823,494,1,3
1823,495,1,3
1823,496,1,3
1823,497,1,3
1823,498,1,3
1823,499,1,3
1823,500,1,3
1823,501,1,3
1823,502,1,3
1823,503,1,3
1823,504,1,3
1823,505,1,3
1823,506,1,3
1823,507,1,3
1823,508,1,2
1823,509,1,2
1823,510,1,2
1823,511,1,2
1823,512,1,2
1823,513,1,2
1823,514,1,2
1823,515,1,2
1823,516,1,2
1823,517,1,2
1823,518,1,2
1823,519,1,2
1823,520,1,2
1823,521,1,2
1823,522,1,2
1823,523,1,2
1823,524,1,2
1823,525,1,2
1823,526,1,2
1823,527,1,2
1823,528,1,2
1823,529,1,2
1823,530,1,2
1823,531,1,2
1823,532,1,2
1823,533,1,2
1823,534,1,2
1823,535,1,2
1823,536,1,2
1823,537,1,2
1823,538,1,2
1823,539,1,2
1823,540,1,2
1823,541,1,2
1823,542,1,2
1823,543,1,2
1823,544,1,2
1823,545,1,2
1823,546,1,2
1823,547,1,2
1823,548,1,2
1823,549,1,2
1823,550,1,2
1823,551,1,2
1823,552,1,2
1823,553,1,2
1823,554,1,3
1823,555,1,3
1823,556,1,3
1823,557,1,3
1823,558,1,3
1823,559,1,3
1823,560,1,3
1823,561,1,3
1823,562,1,3
1823,563,1,3
1823,564,1,3
1823,565,1,3
1823,566,1,3
1823,567,1,3
1823,568,1,3
1823,569,1,3
1823,570,1,3
1823,571,1,3
1823,572,1,3
1823,573,1,3
1823,574,1,3
1823,575,1,3
1823,576,1,3
1823,577,1,3
1823,578,1,3
1823,579,1,3
1823,580,1,3
1823,581,1,3
1823,582,1,3
1823,583,1,3
1823,584,1,3
1823,585,1,3
1823,586,1,3
1823,587,1,3
1823,588,1,3
1823,589,1,2
1823,590,1,2
1823,591,1,2
1823,592,1,2
1823,593,1,2
1823,594,1,2
1823,595,1,2
1823,596,1,2
1823,597,1,2
1823,598,1,2
1823,599,1,2
1823,600,1,2
1823,601,1,2
1823,602,1,2
1823,603,1,2
1823,604,1,2
1823,605,1,2
1823,606,1,2
1823,607,1,2
1823,608,1,2
1823,609,1,2
1823,610,1,2
1823,611,1,2
1823,612,1,2
1823,613,1,2
1823,614,1,2
1823,615,1,2
1823,616,1,2
1823,617,1,2
1823,618,1,2
1823,619,1,2
1823,620,1,2
1823,621,1,2
1823,622,1,2
1823,623,1,2
1823,624,1,2
1823,625,1,2
1823,626,1,2
1823,627,1,2
1823,628,1,2
1823,629,1,2
1823,630,1,2
1823,631,1,2
1823,632,1,2
1823,633,1,2
1823,634,1,2
1823,635,1,2
1823,636,1,2
1823,637,1,2
1823,638,1,2
1823,639,1,2
1823,640,1,2
1823,641,1,2
1823,642,1,2
1823,643,1,2
1823,644,1,2
1823,645,1,2
1823,646,1,2
1823,647,1,2
1823,648,1,2
1824,128,1,2
1824,129,1,2
1824,130,1,2
1824,131,1,2
1824,132,1,2
1824,133,1,2
1824,134,1,2
1824,135,1,2
1824,136,1,2
1824,137,1,2
1824,138,1,2
1824,139,1,2
1824,140,1,2
1824,141,1,2
1824,142,1,3
1824,143,1,3
1824,144,1,3
1824,145,1,3
1824,146,1,3
1824,147,1,3
1824,148,1,3
1824,149,1,3
1824,150,1,3
1824,151,1,3
1824,152,1,3
1824,153,1,3
1824,154,1,3
1824,155,1,2
1824,156,1,2
1824,157,1,2
1824,158,1,2
1824,159,1,2
1824,160,1,2
1824,161,1,2
1824,162,1,2
1824,163,1,2
1824,164,1,2
1824,165,1,2
1824,166,1,2
1824,167,1,2
1824,168,1,2
1824,169,1,2
1824,170,1,2
1824,171,1,2
1824,172,1,2
1824,173,1,2
1824,174,1,2
1824,175,1,2
1824,176,1,2
1824,177,1,2
1824,178,1,2
1824,179,1,2
1824,180,1,2
1824,181,1,2
1824,182,1,2
1824,183,1,2
1824,184,1,2
1824,185,1,2
1824,186,1,2
1824,187,1,2
1824,188,1,2
1824,189,1,2
1824,190,1,2
1824,191,1,2
1824,192,1,2
1824,193,1,2
1824,194,1,2
1824,195,1,2
1824,196,1,2
1824,197,1,2
1824,198,1,2
1824,199,1,2
1824,200,1,2
1824,201,1,2
1824,202,1,2
1824,203,1,2
1824,204,1,2
1824,205,1,2
1824,206,1,2
1824,207,1,2
1824,208,1,2
1824,209,1,2
1824,210,1,2
1824,211,1,2
1824,212,1,2
1824,213,1,2
1824,214,1,2
1824,215,1,2
1824,216,1,2
1824,217,1,2
1824,218,1,2
1824,219,1,2
1824,220,1,2
1824,221,1,2
1824,222,1,2
1824,223,1,2
1824,224,1,2
1824,225,1,2
1824,226,1,2
1824,227,1,2
1824,228,1,2
1824,229,1,2
1824,230,1,2
1824,231,1,2
1824,232,1,2
1824,233,1,2
1824,234,1,2
1824,235,1,2
1824,236,1,2
1824,237,1,2
1824,238,1,2
1824,239,1,2
1824,240,1,2
1824,241,1,2
1824,242,1,2
1824,243,1,2
1824,244,1,2
1824,245,1,2
1824,246,1,2
1824,247,1,2
1824,248,1,2
1824,249,1,2
1824,250,1,2
1824,251,1,2
1824,252,1,2
1824,253,1,2
1824,254,1,2
1824,255,1,2
1824,256,1,2
1824,257,1,2
1824,258,1,2
1824,259,1,2
1824,260,1,2
1824,261,1,2
1824,262,1,2
1824,263,1,2
1824,264,1,2
1824,265,1,2
1824,266,1,2
1824,267,1,2
1824,268,1,2
1824,269,1,2
1824,270,1,2
1824,271,1,2
1824,272,1,2
1824,273,1,2
1824,274,1,2
1824,275,1,2
1824,276,1,2
1824,277,1,2
1824,278,1,2
1824,279,1,2
1824,280,1,2
1824,281,1,2
1824,282,1,2
1824,283,1,2
1824,284,1,2
1824,285,1,2
1824,286,1,2
1824,287,1,2
1824,288,1,2
1824,289,1,2
1824,290,1,2
1824,291,1,2
1824,292,1,2
1824,293,1,2
1824,294,1,2
1824,295,1,2
1824,296,1,2
1824,297,1,2
1824,298,1,2
1824,299,1,2
1824,300,1,2
1824,301,1,2
1824,302,1,2
1824,303,1,2
1824,304,1,2
1824,305,1,2
1824,306,1,2
1824,307,1,2
1824,308,1,2
1824,309,1,2
1824,310,1,2
1824,311,1,2
1824,312,1,2
1824,313,1,2
1824,314,1,2
1824,315,1,2
1824,316,1,2
1824,317,1,2
1824,318,1,2
1824,319,1,2
1824,320,1,2
1824,321,1,2
1824,322,1,2
1824,323,1,2
1824,324,1,2
1824,325,1,2
1824,326,1,2
1824,327,1,2
1824,328,1,2
1824,329,1,2
1824,330,1,2
1824,331,1,2
1824,332,1,2
1824,333,1,2
1824,334,1,2
1824,335,1,2
1824,336,1,2
1824,337,1,2
1824,338,1,2
1824,339,1,2
1824,340,1,2
1824,341,1,2
1824,342,1,2
1824,343,1,2
1824,344,1,2
1824,345,1,2
1824,346,1,2
1824,347,1,2
1824,348,1,2
1824,349,1,2
1824,350,1,2
1824,351,1,2
1824,352,1,2
1824,353,1,2
1824,354,1,2
1824,355,1,2
1824,356,1,2
1824,357,1,2
1824,358,1,2
1824,359,1,2
1824,360,1,2
1824,361,1,2
1824,362,1,2
1824,363,1,2
1824,364,1,2
1824,365,1,2
1824,366,1,2
1824,367,1,2
1824,368,1,2
1824,369,1,2
1824,370,1,2
1824,371,1,2
1824,372,1,2
1824,373,1,2
1824,374,1,2
1824,375,1,2
1824,376,1,2
1824,377,1,2
1824,378,1,2
1824,379,1,2
1824,380,1,2
1824,381,1,2
1824,382,1,2
1824,383,1,2
1824,384,1,2
1824,385,1,2
1824,386,1,2
1824,387,1,2
1824,388,1,2
1824,389,1,2
1824,390,1,2
1824,391,1,2
1824,392,1,2
1824,393,1,2
1824,394,1,2
1824,395,1,2
1824,396,1,2
1824,397,1,2
1824,398,1,2
1824,399,1,2
1824,400,1,2
1824,401,1,2
1824,402,1,2
1824,403,1,2
1824,404,1,2
1824,405,1,2
1824,406,1,2
1824,407,1,2
1824,408,1,2
1824,409,1,2
1824,410,1,2
1824,411,1,2
1824,412,1,2
1824,413,1,2
1824,414,1,2
1824,415,1,2
1824,416,1,2
1824,417,1,2
1824,418,1,2
1824,419,1,2
1824,420,1,2
1824,421,1,2
1824,422,1,2
1824,423,1,2
1824,424,1,2
1824,425,1,2
1824,426,1,2
1824,427,1,2
1824,428,1,2
1824,429,1,2
1824,430,1,2
1824,431,1,2
1824,432,1,2
1824,433,1,2
1824,434,1,2
1824,435,1,2
1824,436,1,2
1824,437,1,2
1824,438,1,2
1824,439,1,2
1824,440,1,2
1824,441,1,2
1824,442,1,2
1824,443,1,2
1824,444,1,2
1824,445,1,2
1824,446,1,2
1824,447,1,2
1824,448,1,2
1824,449,1,2
1824,450,1,2
1824,451,1,2
1824,452,1,2
1824,453,1,2
1824,454,1,2
1824,455,1,2
1824,456,1,2
1824,457,1,2
1824,458,1,2
1824,459,1,2
1824,460,1,2
1824,461,1,2
1824,462,1,2
1824,463,1,2
1824,464,1,2
1824,465,1,2
1824,466,1,2
1824,467,1,2
1824,468,1,2
1824,469,1,2
1824,470,1,2
1824,471,1,2
1824,472,1,2
1824,473,1,2
1824,474,1,2
1824,475,1,2
1824,476,1,2
1824,477,1,2
1824,478,1,2
1824,479,1,2
1824,480,1,2
1824,481,1,2
1824,482,1,2
1824,483,1,2
1824,484,1,2
1824,485,1,2
1824,486,1,3
1824,487,1,3
1824,488,1,3
1824,489,1,3
1824,490,1,3
1824,491,1,3
1824,492,1,3
1824,493,1,3
1824,494,1,3
1824,495,1,3
1824,496,1,3
1824,497,1,3
1824,498,1,2
1824,499,1,3
1824,500,1,3
1824,501,1,3
1824,502,1,3
1824,503,1,3
1824,504,1,3
1824,505,1,3
1824,506,1,3
1824,507,1,2
1824,508,1,2
1824,509,1,2
1824,510,1,2
1824,511,1,2
1824,512,1,2
1824,513,1,2
1824,514,1,2
1824,515,1,2
1824,516,1,2
1824,517,1,2
1824,518,1,2
1824,519,1,2
1824,520,1,2
1824,521,1,2
1824,522,1,2
1824,523,1,2
1824,524,1,2
1824,525,1,2
1824,526,1,2
1824,527,1,2
1824,528,1,2
1824,529,1,2
1824,530,1,2
1824,531,1,2
1824,532,1,2
1824,533,1,2
1824,534,1,2
1824,535,1,2
1824,536,1,2
1824,537,1,2
1824,538,1,2
1824,539,1,2
1824,540,1,2
1824,541,1,2
1824,542,1,2
1824,543,1,2
1824,544,1,2
1824,545,1,2
1824,546,1,2
1824,547,1,2
1824,548,1,2
1824,549,1,2
1824,550,1,2
1824,551,1,2
1824,552,1,2
1824,553,1,2
1824,554,1,3
1824,555,1,3
1824,556,1,3
1824,557,1,3
1824,558,1,3
1824,559,1,3
1824,560,1,3
1824,561,1,3
1824,562,1,3
1824,563,1,3
1824,564,1,3
1824,565,1,3
1824,566,1,3
1824,567,1,3
1824,568,1,3
1824,569,1,3
1824,570,1,3
1824,571,1,3
1824,572,1,3
1824,573,1,3
1824,574,1,3
1824,575,1,3
1824,576,1,3
1824,577,1,3
1824,578,1,3
1824,579,1,3
1824,580,1,3
1824,581,1,3
1824,582,1,3
1824,583,1,3
1824,584,1,3
1824,585,1,3
1824,586,1,3
1824,587,1,3
1824,588,1,3
1824,589,1,3
1824,590,1,2
1824,591,1,2
1824,592,1,2
1824,593,1,2
1824,594,1,2
1824,595,1,2
1824,596,1,2
1824,597,1,2
1824,598,1,2
1824,599,1,2
1824,600,1,2
1824,601,1,2
1824,602,1,2
1824,603,1,2
1824,604,1,2
1824,605,1,2
1824,606,1,2
1824,607,1,2
1824,608,1,2
1824,609,1,2
1824,610,1,2
1824,611,1,2
1824,612,1,2
1824,613,1,2
1824,614,1,2
1824,615,1,2
1824,616,1,2
1824,617,1,2
1824,618,1,2
1824,619,1,2
1824,620,1,2
1824,621,1,2
1824,622,1,2
1824,623,1,2
1824,624,1,2
1824,625,1,2
1824,626,1,2
1824,627,1,2
1824,628,1,2
1824,629,1,2
1824,630,1,2
1824,631,1,2
1824,632,1,2
1824,633,1,2
1824,634,1,2
1824,635,1,2
1824,636,1,2
1824,637,1,2
1824,638,1,2
1824,639,1,2
1824,640,1,2
1824,641,1,2
1824,642,1,2
1824,643,1,2
1824,644,1,2
1824,645,1,2
1824,646,1,2
1824,647,1,2
1824,648,1,2
1824,649,1,2
1825,128,1,2
1825,129,1,2
1825,130,1,2
1825,131,1,2
1825,132,1,2
1825,133,1,2
1825,134,1,2
1825,135,1,2
1825,136,1,2
1825,137,1,2
1825,138,1,2
1825,139,1,2
1825,140,1,2
1825,141,1,3
1825,142,1,3
1825,143,1,3
1825,144,1,3
1825,145,1,3
1825,146,1,3
1825,147,1,3
1825,148,1,3
1825,149,1,3
1825,150,1,3
1825,151,1,3
1825,152,1,3
1825,153,1,2
1825,154,1,2
1825,155,1,2
1825,156,1,2
1825,157,1,2
1825,158,1,2
1825,159,1,2
1825,160,1,2
1825,161,1,2
1825,162,1,2
1825,163,1,2
1825,164,1,2
1825,165,1,2
1825,166,1,2
1825,167,1,2
1825,168,1,2
1825,169,1,2
1825,170,1,2
1825,171,1,2
1825,172,1,2
1825,173,1,2
1825,174,1,2
1825,175,1,2
1825,176,1,2
1825,177,1,2
1825,178,1,2
1825,179,1,2
1825,180,1,2
1825,181,1,2
1825,182,1,2
1825,183,1,2
1825,184,1,2
1825,185,1,2
1825,186,1,2
1825,187,1,2
1825,188,1,2
1825,189,1,2
1825,190,1,2
1825,191,1,2
1825,192,1,2
1825,193,1,2
1825,194,1,2
1825,195,1,2
1825,196,1,2
1825,197,1,2
1825,198,1,2
1825,199,1,2
1825,200,1,2
1825,201,1,2
1825,202,1,2
1825,203,1,2
1825,204,1,2
1825,205,1,2
1825,206,1,2
1825,207,1,2
1825,208,1,2
1825,209,1,2
1825,210,1,2
1825,211,1,2
1825,212,1,2
1825,213,1,2
1825,214,1,2
1825,215,1,2
1825,216,1,2
1825,217,1,2
1825,218,1,2
1825,219,1,2
1825,220,1,2
1825,221,1,2
1825,222,1,2
1825,223,1,2
1825,224,1,2
1825,225,1,2
1825,226,1,2
1825,227,1,2
1825,228,1,2
1825,229,1,2
1825,230,1,2
1825,231,1,2
1825,232,1,2
1825,233,1,2
1825,234,1,2
1825,235,1,2
1825,236,1,2
1825,237,1,2
1825,238,1,2
1825,239,1,2
1825,240,1,2
1825,241,1,2
1825,242,1,2
1825,243,1,2
1825,244,1,2
1825,245,1,2
1825,246,1,2
1825,247,1,2
1825,248,1,2
1825,249,1,2
1825,250,1,2
1825,251,1,2
1825,252,1,2
1825,253,1,2
1825,254,1,2
1825,255,1,2
1825,256,1,2
1825,257,1,2
1825,258,1,2
1825,259,1,2
1825,260,1,2
1825,261,1,2
1825,262,1,2
1825,263,1,2
1825,264,1,2
1825,265,1,2
1825,266,1,2
1825,267,1,2
1825,268,1,2
1825,269,1,2
1825,270,1,2
1825,271,1,2
1825,272,1,2
1825,273,1,2
1825,274,1,2
1825,275,1,2
1825,276,1,2
1825,277,1,2
1825,278,1,2
1825,279,1,2
1825,280,1,2
1825,281,1,2
1825,282,1,2
1825,283,1,2
1825,284,1,2
1825,285,1,2
1825,286,1,2
1825,287,1,2
1825,288,1,2
1825,289,1,2
1825,290,1,2
1825,291,1,2
1825,292,1,2
1825,293,1,2
1825,294,1,2
1825,295,1,2
1825,296,1,2
1825,297,1,2
1825,298,1,2
1825,299,1,2
1825,300,1,2
1825,301,1,2
1825,302,1,2
1825,303,1,2
1825,304,1,2
1825,305,1,2
1825,306,1,2
1825,307,1,2
1825,308,1,2
1825,309,1,2
1825,310,1,2
1825,311,1,2
1825,312,1,2
1825,313,1,2
1825,314,1,2
1825,315,1,2
1825,316,1,2
1825,317,1,2
1825,318,1,2
1825,319,1,2
1825,320,1,2
1825,321,1,2
1825,322,1,2
1825,323,1,2
1825,324,1,2
1825,325,1,2
1825,326,1,2
1825,327,1,2
1825,328,1,2
1825,329,1,2
1825,330,1,2
1825,331,1,2
1825,332,1,2
1825,333,1,2
1825,334,1,2
1825,335,1,2
1825,336,1,2
1825,337,1,2
1825,338,1,2
1825,339,1,2
1825,340,1,2
1825,341,1,2
1825,342,1,2
1825,343,1,2
1825,344,1,2
1825,345,1,2
1825,346,1,2
1825,347,1,2
1825,348,1,2
1825,349,1,2
1825,350,1,2
1825,351,1,2
1825,352,1,2
1825,353,1,2
1825,354,1,2
1825,355,1,2
1825,356,1,2
1825,357,1,2
1825,358,1,2
1825,359,1,2
1825,360,1,2
1825,361,1,2
1825,362,1,2
1825,363,1,2
1825,364,1,2
1825,365,1,2
1825,366,1,2
1825,367,1,2
1825,368,1,2
1825,369,1,2
1825,370,1,2
1825,371,1,2
1825,372,1,2
1825,373,1,2
1825,374,1,2
1825,375,1,2
1825,376,1,2
1825,377,1,2
1825,378,1,2
1825,379,1,2
1825,380,1,2
1825,381,1,2
1825,382,1,2
1825,383,1,2
1825,384,1,2
1825,385,1,2
1825,386,1,2
1825,387,1,2
1825,388,1,2
1825,389,1,2
1825,390,1,2
1825,391,1,2
1825,392,1,2
1825,393,1,2
1825,394,1,2
1825,395,1,2
1825,396,1,2
1825,397,1,2
1825,398,1,2
1825,399,1,2
1825,400,1,2
1825,401,1,2
1825,402,1,2
1825,403,1,2
1825,404,1,2
1825,405,1,2
1825,406,1,2
1825,407,1,2
1825,408,1,2
1825,409,1,2
1825,410,1,2
1825,411,1,2
1825,412,1,2
1825,413,1,2
1825,414,1,2
1825,415,1,2
1825,416,1,2
1825,417,1,2
1825,418,1,2
1825,419,1,2
1825,420,1,2
1825,421,1,2
1825,422,1,2
1825,423,1,2
1825,424,1,2
1825,425,1,2
1825,426,1,2
1825,427,1,2
1825,428,1,2
1825,429,1,2
1825,430,1,2
1825,431,1,2
1825,432,1,2
1825,433,1,2
1825,434,1,2
1825,435,1,2
1825,436,1,2
1825,437,1,2
1825,438,1,2
1825,439,1,2
1825,440,1,2
1825,441,1,2
1825,442,1,2
1825,443,1,2
1825,444,1,2
1825,445,1,2
1825,446,1,2
1825,447,1,2
1825,448,1,2
1825,449,1,2
1825,450,1,2
1825,451,1,2
1825,452,1,2
1825,453,1,2
1825,454,1,2
1825,455,1,2
1825,456,1,2
1825,457,1,2
1825,458,1,2
1825,459,1,2
1825,460,1,2
1825,461,1,2
1825,462,1,2
1825,463,1,2
1825,464,1,2
1825,465,1,2
1825,466,1,2
1825,467,1,2
1825,468,1,2
1825,469,1,2
1825,470,1,2
1825,471,1,2
1825,472,1,2
1825,473,1,2
1825,474,1,2
1825,475,1,2
1825,476,1,2
1825,477,1,2
1825,478,1,2
1825,479,1,2
1825,480,1,2
1825,481,1,2
1825,482,1,2
1825,483,1,2
1825,484,1,2
1825,485,1,2
1825,486,1,2
1825,487,1,2
1825,488,1,2
1825,489,1,2
1825,490,1,3
1825,491,1,3
1825,492,1,3
1825,493,1,3
1825,494,1,3
1825,495,1,3
1825,496,1,2
1825,497,1,2
1825,498,1,2
1825,499,1,2
1825,500,1,2
1825,501,1,2
1825,502,1,2
1825,503,1,2
1825,504,1,2
1825,505,1,2
1825,506,1,2
1825,507,1,2
1825,508,1,2
1825,509,1,2
1825,510,1,2
1825,511,1,2
1825,512,1,2
1825,513,1,2
1825,514,1,2
1825,515,1,2
1825,516,1,2
1825,517,1,2
1825,518,1,2
1825,519,1,2
1825,520,1,2
1825,521,1,2
1825,522,1,2
1825,523,1,2
1825,524,1,2
1825,525,1,2
1825,526,1,2
1825,527,1,2
1825,528,1,2
1825,529,1,2
1825,530,1,2
1825,531,1,2
1825,532,1,2
1825,533,1,2
1825,534,1,2
1825,535,1,2
1825,536,1,2
1825,537,1,2
1825,538,1,2
1825,539,1,2
1825,540,1,2
1825,541,1,2
1825,542,1,2
1825,543,1,2
1825,544,1,2
1825,545,1,2
1825,546,1,2
1825,547,1,2
1825,548,1,2
1825,549,1,2
1825,550,1,2
1825,551,1,2
1825,552,1,2
1825,553,1,3
1825,554,1,3
1825,555,1,2
1825,556,1,3
1825,557,1,3
1825,558,1,3
1825,559,1,3
1825,560,1,3
1825,561,1,3
1825,562,1,3
1825,563,1,3
1825,564,1,3
1825,565,1,3
1825,566,1,3
1825,567,1,3
1825,568,1,3
1825,569,1,3
1825,570,1,3
1825,571,1,3
1825,572,1,3
1825,573,1,3
1825,574,1,3
1825,575,1,3
1825,576,1,3
1825,577,1,3
1825,578,1,3
1825,579,1,3
1825,580,1,3
1825,581,1,3
1825,582,1,3
1825,583,1,3
1825,584,1,3
1825,585,1,3
1825,586,1,3
1825,587,1,3
1825,588,1,3
1825,589,1,3
1825,590,1,2
1825,591,1,2
1825,592,1,2
1825,593,1,2
1825,594,1,2
1825,595,1,2
1825,596,1,2
1825,597,1,2
1825,598,1,2
1825,599,1,2
1825,600,1,2
1825,601,1,2
1825,602,1,2
1825,603,1,2
1825,604,1,2
1825,605,1,2
1825,606,1,2
1825,607,1,2
1825,608,1,2
1825,609,1,2
1825,610,1,2
1825,611,1,2
1825,612,1,2
1825,613,1,2
1825,614,1,2
1825,615,1,2
1825,616,1,2
1825,617,1,2
1825,618,1,2
1825,619,1,2
1825,620,1,2
1825,621,1,2
1825,622,1,2
1825,623,1,2
1825,624,1,2
1825,625,1,2
1825,626,1,2
1825,627,1,2
1825,628,1,2
1825,629,1,2
1825,630,1,2
1825,631,1,2
1825,632,1,2
1825,633,1,2
1825,634,1,2
1825,635,1,2
1825,636,1,2
1825,637,1,2
1825,638,1,2
1825,639,1,2
1825,640,1,2
1825,641,1,2
1825,642,1,2
1825,643,1,2
1825,644,1,2
1825,645,1,2
1825,646,1,2
1825,647,1,2
1825,648,1,2
1826,127,1,2
1826,128,1,2
1826,129,1,2
1826,130,1,2
1826,131,1,2
1826,132,1,2
1826,133,1,2
1826,134,1,2
1826,135,1,2
1826,136,1,2
1826,137,1,2
1826,138,1,2
1826,139,1,2
1826,140,1,2
1826,141,1,3
1826,142,1,3
1826,143,1,3
1826,144,1,3
1826,145,1,3
1826,146,1,3
1826,147,1,3
1826,148,1,3
1826,149,1,3
1826,150,1,3
1826,151,1,3
1826,152,1,2
1826,153,1,2
1826,154,1,2
1826,155,1,2
1826,156,1,2
1826,157,1,2
1826,158,1,2
1826,159,1,2
1826,160,1,2
1826,161,1,2
1826,162,1,2
1826,163,1,2
1826,164,1,2
1826,165,1,2
1826,166,1,2
1826,167,1,2
1826,168,1,2
1826,169,1,2
1826,170,1,2
1826,171,1,2
1826,172,1,2
1826,173,1,2
1826,174,1,2
1826,175,1,2
1826,176,1,2
1826,177,1,2
1826,178,1,2
1826,179,1,2
1826,180,1,2
1826,181,1,2
1826,182,1,2
1826,183,1,2
1826,184,1,2
1826,185,1,2
1826,186,1,2
1826,187,1,2
1826,188,1,2
1826,189,1,2
1826,190,1,2
1826,191,1,2
1826,192,1,2
1826,193,1,2
1826,194,1,2
1826,195,1,2
1826,196,1,2
1826,197,1,2
1826,198,1,2
1826,199,1,2
1826,200,1,2
1826,201,1,2
1826,202,1,2
1826,203,1,2
1826,204,1,2
1826,205,1,2
1826,206,1,2
1826,207,1,2
1826,208,1,2
1826,209,1,2
1826,210,1,2
1826,211,1,2
1826,212,1,2
1826,213,1,2
1826,214,1,2
1826,215,1,2
1826,216,1,2
1826,217,1,2
1826,218,1,2
1826,219,1,2
1826,220,1,2
1826,221,1,2
1826,222,1,2
1826,223,1,2
1826,224,1,2
1826,225,1,2
1826,226,1,2
1826,227,1,2
1826,228,1,2
1826,229,1,2
1826,230,1,2
1826,231,1,2
1826,232,1,2
1826,233,1,2
1826,234,1,2
1826,235,1,2
1826,236,1,2
1826,237,1,2
1826,238,1,2
1826,239,1,2
1826,240,1,2
1826,241,1,2
1826,242,1,2
1826,243,1,2
1826,244,1,2
1826,245,1,2
1826,246,1,2
1826,247,1,2
1826,248,1,2
1826,249,1,2
1826,250,1,2
1826,251,1,2
1826,252,1,2
1826,253,1,2
1826,254,1,2
1826,255,1,2
1826,256,1,2
1826,257,1,2
1826,258,1,2
1826,259,1,2
1826,260,1,2
1826,261,1,2
1826,262,1,2
1826,263,1,2
1826,264,1,2
1826,265,1,2
1826,266,1,2
1826,267,1,2
1826,268,1,2
1826,269,1,2
1826,270,1,2
1826,271,1,2
1826,272,1,2
1826,273,1,2
1826,274,1,2
1826,275,1,2
1826,276,1,2
1826,277,1,2
1826,278,1,2
1826,279,1,2
1826,280,1,2
1826,281,1,2
1826,282,1,2
1826,283,1,2
1826,284,1,2
1826,285,1,2
1826,286,1,2
1826,287,1,2
1826,288,1,2
1826,289,1,2
1826,290,1,2
1826,291,1,2
1826,292,1,2
1826,293,1,2
1826,294,1,2
1826,295,1,2
1826,296,1,2
1826,297,1,2
1826,298,1,2
1826,299,1,2
1826,300,1,2
1826,301,1,2
1826,302,1,2
1826,303,1,2
1826,304,1,2
1826,305,1,2
1826,306,1,2
1826,307,1,2
1826,308,1,2
1826,309,1,2
1826,310,1,2
1826,311,1,2
1826,312,1,2
1826,313,1,2
1826,314,1,2
1826,315,1,2
1826,316,1,2
1826,317,1,2
1826,318,1,2
1826,319,1,2
1826,320,1,2
1826,321,1,2
1826,322,1,2
1826,323,1,2
1826,324,1,2
1826,325,1,2
1826,326,1,2
1826,327,1,2
1826,328,1,2
1826,329,1,2
1826,330,1,2
1826,331,1,2
1826,332,1,2
1826,333,1,2
1826,334,1,2
1826,335,1,2
1826,336,1,2
1826,337,1,2
1826,338,1,2
1826,339,1,2
1826,340,1,2
1826,341,1,2
1826,342,1,2
1826,343,1,2
1826,344,1,2
1826,345,1,2
1826,346,1,2
1826,347,1,2
1826,348,1,2
1826,349,1,2
1826,350,1,2
1826,351,1,2
1826,352,1,2
1826,353,1,2
1826,354,1,2
1826,355,1,2
1826,356,1,2
1826,357,1,2
1826,358,1,2
1826,359,1,2
1826,360,1,2
1826,361,1,2
1826,362,1,2
1826,363,1,2
1826,364,1,2
1826,365,1,2
1826,366,1,2
1826,367,1,2
1826,368,1,2
1826,369,1,2
1826,370,1,2
1826,371,1,2
1826,372,1,2
1826,373,1,2
1826,374,1,2
1826,375,1,2
1826,376,1,2
1826,377,1,2
1826,378,1,2
1826,379,1,2
1826,380,1,2
1826,381,1,2
1826,382,1,2
1826,383,1,2
1826,384,1,2
1826,385,1,2
1826,386,1,2
1826,387,1,2
1826,388,1,2
1826,389,1,2
1826,390,1,2
1826,391,1,2
1826,392,1,2
1826,393,1,2
1826,394,1,2
1826,395,1,2
1826,396,1,2
1826,397,1,2
1826,398,1,2
1826,399,1,2
1826,400,1,2
1826,401,1,2
1826,402,1,2
1826,403,1,2
1826,404,1,2
1826,405,1,2
1826,406,1,2
1826,407,1,2
1826,408,1,2
1826,409,1,2
1826,410,1,2
1826,411,1,2
1826,412,1,2
1826,413,1,2
1826,414,1,2
1826,415,1,2
1826,416,1,2
1826,417,1,2
1826,418,1,2
1826,419,1,2
1826,420,1,2
1826,421,1,2
1826,422,1,2
1826,423,1,2
1826,424,1,2
1826,425,1,2
1826,426,1,2
1826,427,1,2
1826,428,1,2
1826,429,1,2
1826,430,1,2
1826,431,1,2
1826,432,1,2
1826,433,1,2
1826,434,1,2
1826,435,1,2
1826,436,1,2
1826,437,1,2
1826,438,1,2
1826,439,1,2
1826,440,1,2
1826,441,1,2
1826,442,1,2
1826,443,1,2
1826,444,1,2
1826,445,1,2
1826,446,1,2
1826,447,1,2
1826,448,1,2
1826,449,1,2
1826,450,1,2
1826,451,1,2
1826,452,1,2
1826,453,1,2
1826,454,1,2
1826,455,1,2
1826,456,1,2
1826,457,1,2
1826,458,1,2
1826,459,1,2
1826,460,1,2
1826,461,1,2
1826,462,1,2
1826,463,1,2
1826,464,1,2
1826,465,1,2
1826,466,1,2
1826,467,1,2
1826,468,1,2
1826,469,1,2
1826,470,1,2
1826,471,1,2
1826,472,1,2
1826,473,1,2
1826,474,1,2
1826,475,1,2
1826,476,1,2
1826,477,1,2
1826,478,1,2
1826,479,1,2
1826,480,1,2
1826,481,1,2
1826,482,1,2
1826,483,1,2
1826,484,1,2
1826,485,1,2
1826,486,1,2
1826,487,1,2
1826,488,1,2
1826,489,1,2
1826,490,1,2
1826,491,1,2
1826,492,1,2
1826,493,1,2
1826,494,1,2
1826,495,1,2
1826,496,1,2
1826,497,1,2
1826,498,1,2
1826,499,1,2
1826,500,1,2
1826,501,1,2
1826,502,1,2
1826,503,1,2
1826,504,1,2
1826,505,1,2
1826,506,1,2
1826,507,1,2
1826,508,1,2
1826,509,1,2
1826,510,1,2
1826,511,1,2
1826,512,1,2
1826,513,1,2
1826,514,1,2
1826,515,1,2
1826,516,1,2
1826,517,1,2
1826,518,1,2
1826,519,1,2
1826,520,1,2
1826,521,1,2
1826,522,1,2
1826,523,1,2
1826,524,1,2
1826,525,1,2
1826,526,1,2
1826,527,1,2
1826,528,1,2
1826,529,1,2
1826,530,1,2
1826,531,1,2
1826,532,1,2
1826,533,1,2
1826,534,1,2
1826,535,1,2
1826,536,1,2
1826,537,1,2
1826,538,1,2
1826,539,1,2
1826,540,1,2
1826,541,1,2
1826,542,1,2
1826,543,1,2
1826,544,1,2
1826,545,1,2
1826,546,1,2
1826,547,1,2
1826,548,1,2
1826,549,1,2
1826,550,1,2
1826,551,1,2
1826,552,1,3
1826,553,1,3
1826,554,1,3
1826,555,1,2
1826,556,1,2
1826,557,1,3
1826,558,1,3
1826,559,1,3
1826,560,1,3
1826,561,1,3
1826,562,1,3
1826,563,1,3
1826,564,1,3
1826,565,1,3
1826,566,1,3
1826,567,1,3
1826,568,1,3
1826,569,1,3
1826,570,1,3
1826,571,1,3
1826,572,1,3
1826,573,1,3
1826,574,1,3
1826,575,1,3
1826,576,1,3
1826,577,1,3
1826,578,1,3
1826,579,1,3
1826,580,1,3
1826,581,1,3
1826,582,1,3
1826,583,1,3
1826,584,1,3
1826,585,1,3
1826,586,1,3
1826,587,1,3
1826,588,1,3
1826,589,1,3
1826,590,1,3
1826,591,1,2
1826,592,1,2
1826,593,1,2
1826,594,1,2
1826,595,1,2
1826,596,1,2
1826,597,1,2
1826,598,1,2
1826,599,1,2
1826,600,1,2
1826,601,1,2
1826,602,1,2
1826,603,1,2
1826,604,1,2
1826,605,1,2
1826,606,1,2
1826,607,1,2
1826,608,1,2
1826,609,1,2
1826,610,1,2
1826,611,1,2
1826,612,1,2
1826,613,1,2
1826,614,1,2
1826,615,1,2
1826,616,1,2
1826,617,1,2
1826,618,1,2
1826,619,1,2
1826,620,1,2
1826,621,1,2
1826,622,1,2
1826,623,1,2
1826,624,1,2
1826,625,1,2
1826,626,1,2
1826,627,1,2
1826,628,1,2
1826,629,1,2
1826,630,1,2
1826,631,1,2
1826,632,1,2
1826,633,1,2
1826,634,1,2
1826,635,1,2
1826,636,1,2
1826,637,1,2
1826,638,1,2
1826,639,1,2
1826,640,1,2
1826,641,1,2
1826,642,1,2
1826,643,1,2
1826,644,1,2
1826,645,1,2
1826,646,1,2
1826,647,1,2
1827,127,1,2
1827,128,1,2
1827,129,1,2
1827,130,1,2
1827,131,1,2
1827,132,1,2
1827,133,1,2
1827,134,1,2
1827,135,1,2
1827,136,1,2
1827,137,1,2
1827,138,1,2
1827,139,1,2
1827,140,1,2
1827,141,1,2
1827,142,1,3
1827,143,1,3
1827,144,1,3
1827,145,1,3
1827,146,1,3
1827,147,1,3
1827,148,1,3
1827,149,1,3
1827,150,1,3
1827,151,1,3
1827,152,1,2
1827,153,1,2
1827,154,1,2
1827,155,1,2
1827,156,1,2
1827,157,1,2
1827,158,1,2
1827,159,1,2
1827,160,1,2
1827,161,1,2
1827,162,1,2
1827,163,1,2
1827,164,1,2
1827,165,1,2
1827,166,1,2
1827,167,1,2
1827,168,1,2
1827,169,1,2
1827,170,1,2
1827,171,1,2
1827,172,1,2
1827,173,1,2
1827,174,1,2
1827,175,1,2
1827,176,1,2
1827,177,1,2
1827,178,1,2
1827,179,1,2
1827,180,1,2
1827,181,1,2
1827,182,1,2
1827,183,1,2
1827,184,1,2
1827,185,1,2
1827,186,1,2
1827,187,1,2
1827,188,1,2
1827,189,1,2
1827,190,1,2
1827,191,1,2
1827,192,1,2
1827,193,1,2
1827,194,1,2
1827,195,1,2
1827,196,1,2
1827,197,1,2
1827,198,1,2
1827,199,1,2
1827,200,1,2
1827,201,1,2
1827,202,1,2
1827,203,1,2
1827,204,1,2
1827,205,1,2
1827,206,1,2
1827,207,1,2
1827,208,1,2
1827,209,1,2
1827,210,1,2
1827,211,1,2
1827,212,1,2
1827,213,1,2
1827,214,1,2
1827,215,1,2
1827,216,1,2
1827,217,1,2
1827,218,1,2
1827,219,1,2
1827,220,1,2
1827,221,1,2
1827,222,1,2
1827,223,1,2
1827,224,1,2
1827,225,1,2
1827,226,1,2
1827,227,1,2
1827,228,1,2
1827,229,1,2
1827,230,1,2
1827,231,1,2
1827,232,1,2
1827,233,1,2
1827,234,1,2
1827,235,1,2
1827,236,1,2
1827,237,1,2
1827,238,1,2
1827,239,1,2
1827,240,1,2
1827,241,1,2
1827,242,1,2
1827,243,1,2
1827,244,1,2
1827,245,1,2
1827,246,1,2
1827,247,1,2
1827,248,1,2
1827,249,1,2
1827,250,1,2
1827,251,1,2
1827,252,1,2
1827,253,1,2
1827,254,1,2
1827,255,1,2
1827,256,1,2
1827,257,1,2
1827,258,1,2
1827,259,1,2
1827,260,1,2
1827,261,1,2
1827,262,1,2
1827,263,1,2
1827,264,1,2
1827,265,1,2
1827,266,1,2
1827,267,1,2
1827,268,1,2
1827,269,1,2
1827,270,1,2
1827,271,1,2
1827,272,1,2
1827,273,1,2
1827,274,1,2
1827,275,1,2
1827,276,1,2
1827,277,1,2
1827,278,1,2
1827,279,1,2
1827,280,1,2
1827,281,1,2
1827,282,1,2
1827,283,1,2
1827,284,1,2
1827,285,1,2
1827,286,1,2
1827,287,1,2
1827,288,1,2
1827,289,1,2
1827,290,1,2
1827,291,1,2
1827,292,1,2
1827,293,1,2
1827,294,1,2
1827,295,1,2
1827,296,1,2
1827,297,1,2
1827,298,1,2
1827,299,1,2
1827,300,1,2
1827,301,1,2
1827,302,1,2
1827,303,1,2
1827,304,1,2
1827,305,1,2
1827,306,1,2
1827,307,1,2
1827,308,1,2
1827,309,1,2
1827,310,1,2
1827,311,1,2
1827,312,1,2
1827,313,1,2
1827,314,1,2
1827,315,1,2
1827,316,1,2
1827,317,1,2
1827,318,1,2
1827,319,1,2
1827,320,1,2
1827,321,1,2
1827,322,1,2
1827,323,1,2
1827,324,1,2
1827,325,1,2
1827,326,1,2
1827,327,1,2
1827,328,1,2
1827,329,1,2
1827,330,1,2
1827,331,1,2
1827,332,1,2
1827,333,1,2
1827,334,1,2
1827,335,1,2
1827,336,1,2
1827,337,1,2
1827,338,1,2
1827,339,1,2
1827,340,1,2
1827,341,1,2
1827,342,1,2
1827,343,1,2
1827,344,1,2
1827,345,1,2
1827,346,1,2
1827,347,1,2
1827,348,1,2
1827,349,1,2
1827,350,1,2
1827,351,1,2
1827,352,1,2
1827,353,1,2
1827,354,1,2
1827,355,1,2
1827,356,1,2
1827,357,1,2
1827,358,1,2
1827,359,1,2
1827,360,1,2
1827,361,1,2
1827,362,1,2
1827,363,1,2
1827,364,1,2
1827,365,1,2
1827,366,1,2
1827,367,1,2
1827,368,1,2
1827,369,1,2
1827,370,1,2
1827,371,1,2
1827,372,1,2
1827,373,1,2
1827,374,1,2
1827,375,1,2
1827,376,1,2
1827,377,1,2
1827,378,1,2
1827,379,1,2
1827,380,1,2
1827,381,1,2
1827,382,1,2
1827,383,1,2
1827,384,1,2
1827,385,1,2
1827,386,1,2
1827,387,1,2
1827,388,1,2
1827,389,1,2
1827,390,1,2
1827,391,1,2
1827,392,1,2
1827,393,1,2
1827,394,1,2
1827,395,1,2
1827,396,1,2
1827,397,1,2
1827,398,1,2
1827,399,1,2
1827,400,1,2
1827,401,1,2
1827,402,1,2
1827,403,1,2
1827,404,1,2
1827,405,1,2
1827,406,1,2
1827,407,1,2
1827,408,1,2
1827,409,1,2
1827,410,1,2
1827,411,1,2
1827,412,1,2
1827,413,1,2
1827,414,1,2
1827,415,1,2
1827,416,1,2
1827,417,1,2
1827,418,1,2
1827,419,1,2
1827,420,1,2
1827,421,1,2
1827,422,1,2
1827,423,1,2
1827,424,1,2
1827,425,1,2
1827,426,1,2
1827,427,1,2
1827,428,1,2
1827,429,1,2
1827,430,1,2
1827,431,1,2
1827,432,1,2
1827,433,1,2
1827,434,1,2
1827,435,1,2
1827,436,1,2
1827,437,1,2
1827,438,1,2
1827,439,1,2
1827,440,1,2
1827,441,1,2
1827,442,1,2
1827,443,1,2
1827,444,1,2
1827,445,1,2
1827,446,1,2
1827,447,1,2
1827,448,1,2
1827,449,1,2
1827,450,1,2
1827,451,1,2
1827,452,1,2
1827,453,1,2
1827,454,1,2
1827,455,1,2
1827,456,1,2
1827,457,1,2
1827,458,1,2
1827,459,1,2
1827,460,1,2
1827,461,1,2
1827,462,1,2
1827,463,1,2
1827,464,1,2
1827,465,1,2
1827,466,1,2
1827,467,1,2
1827,468,1,2
1827,469,1,2
1827,470,1,2
1827,471,1,2
1827,472,1,2
1827,473,1,2
1827,474,1,2
1827,475,1,2
1827,476,1,2
1827,477,1,2
1827,478,1,2
1827,479,1,2
1827,480,1,2
1827,481,1,2
1827,482,1,2
1827,483,1,2
1827,484,1,2
1827,485,1,2
1827,486,1,2
1827,487,1,2
1827,488,1,2
1827,489,1,2
1827,490,1,2
1827,491,1,2
1827,492,1,2
1827,493,1,2
1827,494,1,2
1827,495,1,2
1827,496,1,2
1827,497,1,2
1827,498,1,2
1827,499,1,2
1827,500,1,2
1827,501,1,2
1827,502,1,2
1827,503,1,2
1827,504,1,2
1827,505,1,2
1827,506,1,2
1827,507,1,2
1827,508,1,2
1827,509,1,2
1827,510,1,2
1827,511,1,2
1827,512,1,2
1827,513,1,2
1827,514,1,2
1827,515,1,2
1827,516,1,2
1827,517,1,2
1827,518,1,2
1827,519,1,2
1827,520,1,2
1827,521,1,2
1827,522,1,2
1827,523,1,2
1827,524,1,2
1827,525,1,2
1827,526,1,2
1827,527,1,2
1827,528,1,2
1827,529,1,2
1827,530,1,2
1827,531,1,2
1827,532,1,2
1827,533,1,2
1827,534,1,2
1827,535,1,2
1827,536,1,2
1827,537,1,2
1827,538,1,2
1827,539,1,2
1827,540,1,2
1827,541,1,2
1827,542,1,2
1827,543,1,2
1827,544,1,2
1827,545,1,2
1827,546,1,2
1827,547,1,2
1827,548,1,2
1827,549,1,2
1827,550,1,2
1827,551,1,3
1827,552,1,3
1827,553,1,3
1827,554,1,3
1827,555,1,3
1827,556,1,3
1827,557,1,3
1827,558,1,3
1827,559,1,3
1827,560,1,3
1827,561,1,3
1827,562,1,3
1827,563,1,3
1827,564,1,3
1827,565,1,3
1827,566,1,3
1827,567,1,3
1827,568,1,3
1827,569,1,3
1827,570,1,3
1827,571,1,3
1827,572,1,3
1827,573,1,3
1827,574,1,3
1827,575,1,3
1827,576,1,3
1827,577,1,3
1827,578,1,3
1827,579,1,3
1827,580,1,3
1827,581,1,3
1827,582,1,3
1827,583,1,3
1827,584,1,3
1827,585,1,3
1827,586,1,3
1827,587,1,3
1827,588,1,3
1827,589,1,3
1827,590,1,3
1827,591,1,2
1827,592,1,2
1827,593,1,2
1827,594,1,2
1827,595,1,2
1827,596,1,2
1827,597,1,2
1827,598,1,2
1827,599,1,2
1827,600,1,2
1827,601,1,2
1827,602,1,2
1827,603,1,2
1827,604,1,2
1827,605,1,2
1827,606,1,2
1827,607,1,2
1827,608,1,2
1827,609,1,2
1827,610,1,2
1827,611,1,2
1827,612,1,2
1827,613,1,2
1827,614,1,2
1827,615,1,2
1827,616,1,2
1827,617,1,2
1827,618,1,2
1827,619,1,2
1827,620,1,2
1827,621,1,2
1827,622,1,2
1827,623,1,2
1827,624,1,2
1827,625,1,2
1827,626,1,2
1827,627,1,2
1827,628,1,2
1827,629,1,2
1827,630,1,2
1827,631,1,2
1827,632,1,2
1827,633,1,2
1827,634,1,2
1827,635,1,2
1827,636,1,2
1827,637,1,2
1827,638,1,2
1827,639,1,2
1827,640,1,2
1827,641,1,2
1827,642,1,2
1827,643,1,2
1827,644,1,2
1827,645,1,2
1827,646,1,2
1828,127,1,2
1828,128,1,2
1828,129,1,2
1828,130,1,2
1828,131,1,2
1828,132,1,2
1828,133,1,2
1828,134,1,2
1828,135,1,2
1828,136,1,2
1828,137,1,2
1828,138,1,2
1828,139,1,2
1828,140,1,2
1828,141,1,2
1828,142,1,2
1828,143,1,3
1828,144,1,3
1828,145,1,3
1828,146,1,3
1828,147,1,3
1828,148,1,3
1828,149,1,3
1828,150,1,2
1828,151,1,2
1828,152,1,2
1828,153,1,2
1828,154,1,2
1828,155,1,2
1828,156,1,2
1828,157,1,2
1828,158,1,2
1828,159,1,2
1828,160,1,2
1828,161,1,2
1828,162,1,2
1828,163,1,2
1828,164,1,2
1828,165,1,2
1828,166,1,2
1828,167,1,2
1828,168,1,2
1828,169,1,2
1828,170,1,2
1828,171,1,2
1828,172,1,2
1828,173,1,2
1828,174,1,2
1828,175,1,2
1828,176,1,2
1828,177,1,2
1828,178,1,2
1828,179,1,2
1828,180,1,2
1828,181,1,2
1828,182,1,2
1828,183,1,2
1828,184,1,2
1828,185,1,2
1828,186,1,2
1828,187,1,2
1828,188,1,2
1828,189,1,2
1828,190,1,2
1828,191,1,2
1828,192,1,2
1828,193,1,2
1828,194,1,2
1828,195,1,2
1828,196,1,2
1828,197,1,2
1828,198,1,2
1828,199,1,2
1828,200,1,2
1828,201,1,2
1828,202,1,2
1828,203,1,2
1828,204,1,2
1828,205,1,2
1828,206,1,2
1828,207,1,2
1828,208,1,2
1828,209,1,2
1828,210,1,2
1828,211,1,2
1828,212,1,2
1828,213,1,2
1828,214,1,2
1828,215,1,2
1828,216,1,2
1828,217,1,2
1828,218,1,2
1828,219,1,2
1828,220,1,2
1828,221,1,2
1828,222,1,2
1828,223,1,2
1828,224,1,2
1828,225,1,2
1828,226,1,2
1828,227,1,2
1828,228,1,2
1828,229,1,2
1828,230,1,2
1828,231,1,2
1828,232,1,2
1828,233,1,2
1828,234,1,2
1828,235,1,2
1828,236,1,2
1828,237,1,2
1828,238,1,2
1828,239,1,2
1828,240,1,2
1828,241,1,2
1828,242,1,2
1828,243,1,2
1828,244,1,2
1828,245,1,2
1828,246,1,2
1828,247,1,2
1828,248,1,2
1828,249,1,2
1828,250,1,2
1828,251,1,2
1828,252,1,2
1828,253,1,2
1828,254,1,2
1828,255,1,2
1828,256,1,2
1828,257,1,2
1828,258,1,2
1828,259,1,2
1828,260,1,2
1828,261,1,2
1828,262,1,2
1828,263,1,2
1828,264,1,2
1828,265,1,2
1828,266,1,2
1828,267,1,2
1828,268,1,2
1828,269,1,2
1828,270,1,2
1828,271,1,2
1828,272,1,2
1828,273,1,2
1828,274,1,2
1828,275,1,2
1828,276,1,2
1828,277,1,2
1828,278,1,2
1828,279,1,2
1828,280,1,2
1828,281,1,2
1828,282,1,2
1828,283,1,2
1828,284,1,2
1828,285,1,2
1828,286,1,2
1828,287,1,2
1828,288,1,2
1828,289,1,2
1828,290,1,2
1828,291,1,2
1828,292,1,2
1828,293,1,2
1828,294,1,2
1828,295,1,2
1828,296,1,2
1828,297,1,2
1828,298,1,2
1828,299,1,2
1828,300,1,2
1828,301,1,2
1828,302,1,2
1828,303,1,2
1828,304,1,2
1828,305,1,2
1828,306,1,2
1828,307,1,2
1828,308,1,2
1828,309,1,2
1828,310,1,2
1828,311,1,2
1828,312,1,2
1828,313,1,2
1828,314,1,2
1828,315,1,2
1828,316,1,2
1828,317,1,2
1828,318,1,2
1828,319,1,2
1828,320,1,2
1828,321,1,2
1828,322,1,2
1828,323,1,2
1828,324,1,2
1828,325,1,2
1828,326,1,2
1828,327,1,2
1828,328,1,2
1828,329,1,2
1828,330,1,2
1828,331,1,2
1828,332,1,2
1828,333,1,2
1828,334,1,2
1828,335,1,2
1828,336,1,2
1828,337,1,2
1828,338,1,2
1828,339,1,2
1828,340,1,2
1828,341,1,2
1828,342,1,2
1828,343,1,2
1828,344,1,2
1828,345,1,2
1828,346,1,2
1828,347,1,2
1828,348,1,2
1828,349,1,2
1828,350,1,2
1828,351,1,2
1828,352,1,2
1828,353,1,2
1828,354,1,2
1828,355,1,2
1828,356,1,2
1828,357,1,2
1828,358,1,2
1828,359,1,2
1828,360,1,2
1828,361,1,2
1828,362,1,2
1828,363,1,2
1828,364,1,2
1828,365,1,2
1828,366,1,2
1828,367,1,2
1828,368,1,2
1828,369,1,2
1828,370,1,2
1828,371,1,2
1828,372,1,2
1828,373,1,2
1828,374,1,2
1828,375,1,2
1828,376,1,2
1828,377,1,2
1828,378,1,2
1828,379,1,2
1828,380,1,2
1828,381,1,2
1828,382,1,2
1828,383,1,2
1828,384,1,2
1828,385,1,2
1828,386,1,2
1828,387,1,2
1828,388,1,2
1828,389,1,2
1828,390,1,2
1828,391,1,2
1828,392,1,2
1828,393,1,2
1828,394,1,2
1828,395,1,2
1828,396,1,2
1828,397,1,2
1828,398,1,2
1828,399,1,2
1828,400,1,2
1828,401,1,2
1828,402,1,2
1828,403,1,2
1828,404,1,2
1828,405,1,2
1828,406,1,2
1828,407,1,2
1828,408,1,2
1828,409,1,2
1828,410,1,2
1828,411,1,2
1828,412,1,2
1828,413,1,2
1828,414,1,2
1828,415,1,2
1828,416,1,2
1828,417,1,2
1828,418,1,2
1828,419,1,2
1828,420,1,2
1828,421,1,2
1828,422,1,2
1828,423,1,2
1828,424,1,2
1828,425,1,2
1828,426,1,2
1828,427,1,2
1828,428,1,2
1828,429,1,2
1828,430,1,2
1828,431,1,2
1828,432,1,2
1828,433,1,2
1828,434,1,2
1828,435,1,2
1828,436,1,2
1828,437,1,2
1828,438,1,2
1828,439,1,2
1828,440,1,2
1828,441,1,2
1828,442,1,2
1828,443,1,2
1828,444,1,2
1828,445,1,2
1828,446,1,2
1828,447,1,2
1828,448,1,2
1828,449,1,2
1828,450,1,2
1828,451,1,2
1828,452,1,2
1828,453,1,2
1828,454,1,2
1828,455,1,2
1828,456,1,2
1828,457,1,2
1828,458,1,2
1828,459,1,2
1828,460,1,2
1828,461,1,2
1828,462,1,2
1828,463,1,2
1828,464,1,2
1828,465,1,2
1828,466,1,2
1828,467,1,2
1828,468,1,2
1828,469,1,2
1828,470,1,2
1828,471,1,2
1828,472,1,2
1828,473,1,2
1828,474,1,2
1828,475,1,2
1828,476,1,2
1828,477,1,2
1828,478,1,2
1828,479,1,2
1828,480,1,2
1828,481,1,2
1828,482,1,2
1828,483,1,2
1828,484,1,2
1828,485,1,2
1828,486,1,2
1828,487,1,2
1828,488,1,2
1828,489,1,2
1828,490,1,2
1828,491,1,2
1828,492,1,2
1828,493,1,2
1828,494,1,2
1828,495,1,2
1828,496,1,2
1828,497,1,2
1828,498,1,2
1828,499,1,2
1828,500,1,2
1828,501,1,2
1828,502,1,2
1828,503,1,2
1828,504,1,2
1828,505,1,2
1828,506,1,2
1828,507,1,2
1828,508,1,2
1828,509,1,2
1828,510,1,2
1828,511,1,2
1828,512,1,2
1828,513,1,2
1828,514,1,2
1828,515,1,2
1828,516,1,2
1828,517,1,2
1828,518,1,2
1828,519,1,2
1828,520,1,2
1828,521,1,2
1828,522,1,2
1828,523,1,2
1828,524,1,2
1828,525,1,2
1828,526,1,2
1828,527,1,2
1828,528,1,2
1828,529,1,2
1828,530,1,2
1828,531,1,2
1828,532,1,2
1828,533,1,2
1828,534,1,2
1828,535,1,2
1828,536,1,2
1828,537,1,2
1828,538,1,2
1828,539,1,2
1828,540,1,2
1828,541,1,2
1828,542,1,2
1828,543,1,2
1828,544,1,2
1828,545,1,2
1828,546,1,2
1828,547,1,2
1828,548,1,2
1828,549,1,2
1828,550,1,2
1828,551,1,3
1828,552,1,3
1828,553,1,3
1828,554,1,3
1828,555,1,3
1828,556,1,3
1828,557,1,3
1828,558,1,3
1828,559,1,3
1828,560,1,3
1828,561,1,3
1828,562,1,3
1828,563,1,3
1828,564,1,3
1828,565,1,3
1828,566,1,3
1828,567,1,3
1828,568,1,3
1828,569,1,3
1828,570,1,3
1828,571,1,3
1828,572,1,3
1828,573,1,3
1828,574,1,3
1828,575,1,3
1828,576,1,3
1828,577,1,3
1828,578,1,3
1828,579,1,3
1828,580,1,3
1828,581,1,3
1828,582,1,3
1828,583,1,3
1828,584,1,3
1828,585,1,3
1828,586,1,3
1828,587,1,3
1828,588,1,3
1828,589,1,3
1828,590,1,3
1828,591,1,2
1828,592,1,2
1828,593,1,2
1828,594,1,2
1828,595,1,2
1828,596,1,2
1828,597,1,2
1828,598,1,2
1828,599,1,2
1828,600,1,2
1828,601,1,2
1828,602,1,2
1828,603,1,2
1828,604,1,2
1828,605,1,2
1828,606,1,2
1828,607,1,2
1828,608,1,2
1828,609,1,2
1828,610,1,2
1828,611,1,2
1828,612,1,2
1828,613,1,2
1828,614,1,2
1828,615,1,2
1828,616,1,2
1828,617,1,2
1828,618,1,2
1828,619,1,2
1828,620,1,2
1828,621,1,2
1828,622,1,2
1828,623,1,2
1828,624,1,2
1828,625,1,2
1828,626,1,2
1828,627,1,2
1828,628,1,2
1828,629,1,2
1828,630,1,2
1828,631,1,2
1828,632,1,2
1828,633,1,2
1828,634,1,2
1828,635,1,2
1828,636,1,2
1828,637,1,2
1828,638,1,2
1828,639,1,2
1828,640,1,2
1828,641,1,2
1828,642,1,2
1828,643,1,2
1828,644,1,2
1828,645,1,2
1828,646,1,2
1829,126,1,2
1829,127,1,2
1829,128,1,2
1829,129,1,2
1829,130,1,2
1829,131,1,2
1829,132,1,2
1829,133,1,2
1829,134,1,2
1829,135,1,2
1829,136,1,2
1829,137,1,2
1829,138,1,2
1829,139,1,2
1829,140,1,2
1829,141,1,2
1829,142,1,2
1829,143,1,3
1829,144,1,3
1829,145,1,3
1829,146,1,3
1829,147,1,3
1829,148,1,3
1829,149,1,3
1829,150,1,2
1829,151,1,2
1829,152,1,2
1829,153,1,2
1829,154,1,2
1829,155,1,2
1829,156,1,2
1829,157,1,2
1829,158,1,2
1829,159,1,2
1829,160,1,2
1829,161,1,2
1829,162,1,2
1829,163,1,2
1829,164,1,2
1829,165,1,2
1829,166,1,2
1829,167,1,2
1829,168,1,2
1829,169,1,2
1829,170,1,2
1829,171,1,2
1829,172,1,2
1829,173,1,2
1829,174,1,2
1829,175,1,2
1829,176,1,2
1829,177,1,2
1829,178,1,2
1829,179,1,2
1829,180,1,2
1829,181,1,2
1829,182,1,2
1829,183,1,2
1829,184,1,2
1829,185,1,2
1829,186,1,2
1829,187,1,2
1829,188,1,2
1829,189,1,2
1829,190,1,2
1829,191,1,2
1829,192,1,2
1829,193,1,2
1829,194,1,2
1829,195,1,2
1829,196,1,2
1829,197,1,2
1829,198,1,2
1829,199,1,2
1829,200,1,2
1829,201,1,2
1829,202,1,2
1829,203,1,2
1829,204,1,2
1829,205,1,2
1829,206,1,2
1829,207,1,2
1829,208,1,2
1829,209,1,2
1829,210,1,2
1829,211,1,2
1829,212,1,2
1829,213,1,2
1829,214,1,2
1829,215,1,2
1829,216,1,2
1829,217,1,2
1829,218,1,2
1829,219,1,2
1829,220,1,2
1829,221,1,2
1829,222,1,2
1829,223,1,2
1829,224,1,2
1829,225,1,2
1829,226,1,2
1829,227,1,2
1829,228,1,2
1829,229,1,2
1829,230,1,2
1829,231,1,2
1829,232,1,2
1829,233,1,2
1829,234,1,2
1829,235,1,2
1829,236,1,2
1829,237,1,2
1829,238,1,2
1829,239,1,2
1829,240,1,2
1829,241,1,2
1829,242,1,2
1829,243,1,2
1829,244,1,2
1829,245,1,2
1829,246,1,2
1829,247,1,2
1829,248,1,2
1829,249,1,2
1829,250,1,2
1829,251,1,2
1829,252,1,2
1829,253,1,2
1829,254,1,2
1829,255,1,2
1829,256,1,2
1829,257,1,2
1829,258,1,2
1829,259,1,2
1829,260,1,2
1829,261,1,2
1829,262,1,2
1829,263,1,2
1829,264,1,2
1829,265,1,2
1829,266,1,2
1829,267,1,2
1829,268,1,2
1829,269,1,2
1829,270,1,2
1829,271,1,2
1829,272,1,2
1829,273,1,2
1829,274,1,2
1829,275,1,2
1829,276,1,2
1829,277,1,2
1829,278,1,2
1829,279,1,2
1829,280,1,2
1829,281,1,2
1829,282,1,2
1829,283,1,2
1829,284,1,2
1829,285,1,2
1829,286,1,2
1829,287,1,2
1829,288,1,2
1829,289,1,2
1829,290,1,2
1829,291,1,2
1829,292,1,2
1829,293,1,2
1829,294,1,2
1829,295,1,2
1829,296,1,2
1829,297,1,2
1829,298,1,2
1829,299,1,2
1829,300,1,2
1829,301,1,2
1829,302,1,2
1829,303,1,2
1829,304,1,2
1829,305,1,2
1829,306,1,2
1829,307,1,2
1829,308,1,2
1829,309,1,2
1829,310,1,2
1829,311,1,2
1829,312,1,2
1829,313,1,2
1829,314,1,2
1829,315,1,2
1829,316,1,2
1829,317,1,2
1829,318,1,2
1829,319,1,2
1829,320,1,2
1829,321,1,2
1829,322,1,2
1829,323,1,2
1829,324,1,2
1829,325,1,2
1829,326,1,2
1829,327,1,2
1829,328,1,2
1829,329,1,2
1829,330,1,2
1829,331,1,2
1829,332,1,2
1829,333,1,2
1829,334,1,2
1829,335,1,2
1829,336,1,2
1829,337,1,2
1829,338,1,2
1829,339,1,2
1829,340,1,2
1829,341,1,2
1829,342,1,2
1829,343,1,2
1829,344,1,2
1829,345,1,2
1829,346,1,2
1829,347,1,2
1829,348,1,2
1829,349,1,2
1829,350,1,2
1829,351,1,2
1829,352,1,2
1829,353,1,2
1829,354,1,2
1829,355,1,2
1829,356,1,2
1829,357,1,2
1829,358,1,2
1829,359,1,2
1829,360,1,2
1829,361,1,2
1829,362,1,2
1829,363,1,2
1829,364,1,2
1829,365,1,2
1829,366,1,2
1829,367,1,2
1829,368,1,2
1829,369,1,2
1829,370,1,2
1829,371,1,2
1829,372,1,2
1829,373,1,2
1829,374,1,2
1829,375,1,2
1829,376,1,2
1829,377,1,2
1829,378,1,2
1829,379,1,2
1829,380,1,2
1829,381,1,2
1829,382,1,2
1829,383,1,2
1829,384,1,2
1829,385,1,2
1829,386,1,2
1829,387,1,2
1829,388,1,2
1829,389,1,2
1829,390,1,2
1829,391,1,2
1829,392,1,2
1829,393,1,2
1829,394,1,2
1829,395,1,2
1829,396,1,2
1829,397,1,2
1829,398,1,2
1829,399,1,2
1829,400,1,2
1829,401,1,2
1829,402,1,2
1829,403,1,2
1829,404,1,2
1829,405,1,2
1829,406,1,2
1829,407,1,2
1829,408,1,2
1829,409,1,2
1829,410,1,2
1829,411,1,2
1829,412,1,2
1829,413,1,2
1829,414,1,2
1829,415,1,2
1829,416,1,2
1829,417,1,2
1829,418,1,2
1829,419,1,2
1829,420,1,2
1829,421,1,2
1829,422,1,2
1829,423,1,2
1829,424,1,2
1829,425,1,2
1829,426,1,2
1829,427,1,2
1829,428,1,2
1829,429,1,2
1829,430,1,2
1829,431,1,2
1829,432,1,2
1829,433,1,2
1829,434,1,2
1829,435,1,2
1829,436,1,2
1829,437,1,2
1829,438,1,2
1829,439,1,2
1829,440,1,2
1829,441,1,2
1829,442,1,2
1829,443,1,2
1829,444,1,2
1829,445,1,2
1829,446,1,2
1829,447,1,2
1829,448,1,2
1829,449,1,2
1829,450,1,2
1829,451,1,2
1829,452,1,2
1829,453,1,2
1829,454,1,2
1829,455,1,2
1829,456,1,2
1829,457,1,2
1829,458,1,2
1829,459,1,2
1829,460,1,2
1829,461,1,2
1829,462,1,2
1829,463,1,2
1829,464,1,2
1829,465,1,2
1829,466,1,2
1829,467,1,2
1829,468,1,2
1829,469,1,2
1829,470,1,2
1829,471,1,2
1829,472,1,2
1829,473,1,2
1829,474,1,2
1829,475,1,2
1829,476,1,2
1829,477,1,2
1829,478,1,2
1829,479,1,2
1829,480,1,2
1829,481,1,2
1829,482,1,2
1829,483,1,2
1829,484,1,2
1829,485,1,2
1829,486,1,2
1829,487,1,2
1829,488,1,2
1829,489,1,2
1829,490,1,2
1829,491,1,2
1829,492,1,2
1829,493,1,2
1829,494,1,2
1829,495,1,2
1829,496,1,2
1829,497,1,2
1829,498,1,2
1829,499,1,2
1829,500,1,2
1829,501,1,2
1829,502,1,2
1829,503,1,2
1829,504,1,2
1829,505,1,2
1829,506,1,2
1829,507,1,2
1829,508,1,2
1829,509,1,2
1829,510,1,2
1829,511,1,2
1829,512,1,2
1829,513,1,2
1829,514,1,2
1829,515,1,2
1829,516,1,2
1829,517,1,2
1829,518,1,2
1829,519,1,2
1829,520,1,2
1829,521,1,2
1829,522,1,2
1829,523,1,2
1829,524,1,2
1829,525,1,2
1829,526,1,2
1829,527,1,2
1829,528,1,2
1829,529,1,2
1829,530,1,2
1829,531,1,2
1829,532,1,2
1829,533,1,2
1829,534,1,2
1829,535,1,2
1829,536,1,2
1829,537,1,2
1829,538,1,2
1829,539,1,2
1829,540,1,2
1829,541,1,2
1829,542,1,2
1829,543,1,2
1829,544,1,2
1829,545,1,2
1829,546,1,2
1829,547,1,2
1829,548,1,2
1829,549,1,2
1829,550,1,2
1829,551,1,3
1829,552,1,3
1829,553,1,3
1829,554,1,3
1829,555,1,3
1829,556,1,3
1829,557,1,3
1829,558,1,3
1829,559,1,3
1829,560,1,3
1829,561,1,3
1829,562,1,3
1829,563,1,3
1829,564,1,3
1829,565,1,3
1829,566,1,3
1829,567,1,3
1829,568,1,3
1829,569,1,3
1829,570,1,3
1829,571,1,3
1829,572,1,3
1829,573,1,3
1829,574,1,3
1829,575,1,3
1829,576,1,3
1829,577,1,3
1829,578,1,3
1829,579,1,3
1829,580,1,3
1829,581,1,3
1829,582,1,3
1829,583,1,3
1829,584,1,3
1829,585,1,3
1829,586,1,3
1829,587,1,3
1829,588,1,3
1829,589,1,3
1829,590,1,3
1829,591,1,2
1829,592,1,2
1829,593,1,2
1829,594,1,2
1829,595,1,2
1829,596,1,2
1829,597,1,2
1829,598,1,2
1829,599,1,2
1829,600,1,2
1829,601,1,2
1829,602,1,2
1829,603,1,2
1829,604,1,2
1829,605,1,2
1829,606,1,2
1829,607,1,2
1829,608,1,2
1829,609,1,2
1829,610,1,2
1829,611,1,2
1829,612,1,2
1829,613,1,2
1829,614,1,2
1829,615,1,2
1829,616,1,2
1829,617,1,2
1829,618,1,2
1829,619,1,2
1829,620,1,2
1829,621,1,2
1829,622,1,2
1829,623,1,2
1829,624,1,2
1829,625,1,2
1829,626,1,2
1829,627,1,2
1829,628,1,2
1829,629,1,2
1829,630,1,2
1829,631,1,2
1829,632,1,2
1829,633,1,2
1829,634,1,2
1829,635,1,2
1829,636,1,2
1829,637,1,2
1829,638,1,2
1829,639,1,2
1829,640,1,2
1829,641,1,2
1829,642,1,2
1829,643,1,2
1829,644,1,2
1829,645,1,2
1829,646,1,2
1830,126,1,2
1830,127,1,2
1830,128,1,2
1830,129,1,2
1830,130,1,2
1830,131,1,2
1830,132,1,2
1830,133,1,2
1830,134,1,2
1830,135,1,2
1830,136,1,2
1830,137,1,2
1830,138,1,2
1830,139,1,2
1830,140,1,2
1830,141,1,2
1830,142,1,2
1830,143,1,2
1830,144,1,2
1830,145,1,3
1830,146,1,3
1830,147,1,3
1830,148,1,2
1830,149,1,2
1830,150,1,2
1830,151,1,2
1830,152,1,2
1830,153,1,2
1830,154,1,2
1830,155,1,2
1830,156,1,2
1830,157,1,2
1830,158,1,2
1830,159,1,2
1830,160,1,2
1830,161,1,2
1830,162,1,2
1830,163,1,2
1830,164,1,2
1830,165,1,2
1830,166,1,2
1830,167,1,2
1830,168,1,2
1830,169,1,2
1830,170,1,2
1830,171,1,2
1830,172,1,2
1830,173,1,2
1830,174,1,2
1830,175,1,2
1830,176,1,2
1830,177,1,2
1830,178,1,2
1830,179,1,2
1830,180,1,2
1830,181,1,2
1830,182,1,2
1830,183,1,2
1830,184,1,2
1830,185,1,2
1830,186,1,2
1830,187,1,2
1830,188,1,2
1830,189,1,2
1830,190,1,2
1830,191,1,2
1830,192,1,2
1830,193,1,2
1830,194,1,2
1830,195,1,2
1830,196,1,2
1830,197,1,2
1830,198,1,2
1830,199,1,2
1830,200,1,2
1830,201,1,2
1830,202,1,2
1830,203,1,2
1830,204,1,2
1830,205,1,2
1830,206,1,2
1830,207,1,2
1830,208,1,2
1830,209,1,2
1830,210,1,2
1830,211,1,2
1830,212,1,2
1830,213,1,2
1830,214,1,2
1830,215,1,2
1830,216,1,2
1830,217,1,2
1830,218,1,2
1830,219,1,2
1830,220,1,2
1830,221,1,2
1830,222,1,2
1830,223,1,2
1830,224,1,2
1830,225,1,2
1830,226,1,2
1830,227,1,2
1830,228,1,2
1830,229,1,2
1830,230,1,2
1830,231,1,2
1830,232,1,2
1830,233,1,2
1830,234,1,2
1830,235,1,2
1830,236,1,2
1830,237,1,2
1830,238,1,2
1830,239,1,2
1830,240,1,2
1830,241,1,2
1830,242,1,2
1830,243,1,2
1830,244,1,2
1830,245,1,2
1830,246,1,2
1830,247,1,2
1830,248,1,2
1830,249,1,2
1830,250,1,2
1830,251,1,2
1830,252,1,2
1830,253,1,2
1830,254,1,2
1830,255,1,2
1830,256,1,2
1830,257,1,2
1830,258,1,2
1830,259,1,2
1830,260,1,2
1830,261,1,2
1830,262,1,2
1830,263,1,2
1830,264,1,2
1830,265,1,2
1830,266,1,2
1830,267,1,2
1830,268,1,2
1830,269,1,2
1830,270,1,2
1830,271,1,2
1830,272,1,2
1830,273,1,2
1830,274,1,2
1830,275,1,2
1830,276,1,2
1830,277,1,2
1830,278,1,2
1830,279,1,2
1830,280,1,2
1830,281,1,2
1830,282,1,2
1830,283,1,2
1830,284,1,2
1830,285,1,2
1830,286,1,2
1830,287,1,2
1830,288,1,2
1830,289,1,2
1830,290,1,2
1830,291,1,2
1830,292,1,2
1830,293,1,2
1830,294,1,2
1830,295,1,2
1830,296,1,2
1830,297,1,2
1830,298,1,2
1830,299,1,2
1830,300,1,2
1830,301,1,2
1830,302,1,2
1830,303,1,2
1830,304,1,2
1830,305,1,2
1830,306,1,2
1830,307,1,2
1830,308,1,2
1830,309,1,2
1830,310,1,2
1830,311,1,2
1830,312,1,2
1830,313,1,2
1830,314,1,2
1830,315,1,2
1830,316,1,2
1830,317,1,2
1830,318,1,2
1830,319,1,2
1830,320,1,2
1830,321,1,2
1830,322,1,2
1830,323,1,2
1830,324,1,2
1830,325,1,2
1830,326,1,2
1830,327,1,2
1830,328,1,2
1830,329,1,2
1830,330,1,2
1830,331,1,2
1830,332,1,2
1830,333,1,2
1830,334,1,2
1830,335,1,2
1830,336,1,2
1830,337,1,2
1830,338,1,2
1830,339,1,2
1830,340,1,2
1830,341,1,2
1830,342,1,2
1830,343,1,2
1830,344,1,2
1830,345,1,2
1830,346,1,2
1830,347,1,2
1830,348,1,2
1830,349,1,2
1830,350,1,2
1830,351,1,2
1830,352,1,2
1830,353,1,2
1830,354,1,2
1830,355,1,2
1830,356,1,2
1830,357,1,2
1830,358,1,2
1830,359,1,2
1830,360,1,2
1830,361,1,2
1830,362,1,2
1830,363,1,2
1830,364,1,2
1830,365,1,2
1830,366,1,2
1830,367,1,2
1830,368,1,2
1830,369,1,2
1830,370,1,2
1830,371,1,2
1830,372,1,2
1830,373,1,2
1830,374,1,2
1830,375,1,2
1830,376,1,2
1830,377,1,2
1830,378,1,2
1830,379,1,2
1830,380,1,2
1830,381,1,2
1830,382,1,2
1830,383,1,2
1830,384,1,2
1830,385,1,2
1830,386,1,2
1830,387,1,2
1830,388,1,2
1830,389,1,2
1830,390,1,2
1830,391,1,2
1830,392,1,2
1830,393,1,2
1830,394,1,2
1830,395,1,2
1830,396,1,2
1830,397,1,2
1830,398,1,2
1830,399,1,2
1830,400,1,2
1830,401,1,2
1830,402,1,2
1830,403,1,2
1830,404,1,2
1830,405,1,2
1830,406,1,2
1830,407,1,2
1830,408,1,2
1830,409,1,2
1830,410,1,2
1830,411,1,2
1830,412,1,2
1830,413,1,2
1830,414,1,2
1830,415,1,2
1830,416,1,2
1830,417,1,2
1830,418,1,2
1830,419,1,2
1830,420,1,2
1830,421,1,2
1830,422,1,2
1830,423,1,2
1830,424,1,2
1830,425,1,2
1830,426,1,2
1830,427,1,2
1830,428,1,2
1830,429,1,2
1830,430,1,2
1830,431,1,2
1830,432,1,2
1830,433,1,2
1830,434,1,2
1830,435,1,2
1830,436,1,2
1830,437,1,2
1830,438,1,2
1830,439,1,2
1830,440,1,2
1830,441,1,2
1830,442,1,2
1830,443,1,2
1830,444,1,2
1830,445,1,2
1830,446,1,2
1830,447,1,2
1830,448,1,2
1830,449,1,2
1830,450,1,2
1830,451,1,2
1830,452,1,2
1830,453,1,2
1830,454,1,2
1830,455,1,2
1830,456,1,2
1830,457,1,2
1830,458,1,2
1830,459,1,2
1830,460,1,2
1830,461,1,2
1830,462,1,2
1830,463,1,2
1830,464,1,2
1830,465,1,2
1830,466,1,2
1830,467,1,2
1830,468,1,2
1830,469,1,2
1830,470,1,2
1830,471,1,2
1830,472,1,2
1830,473,1,2
1830,474,1,2
1830,475,1,2
1830,476,1,2
1830,477,1,2
1830,478,1,2
1830,479,1,2
1830,480,1,2
1830,481,1,2
1830,482,1,2
1830,483,1,2
1830,484,1,2
1830,485,1,2
1830,486,1,2
1830,487,1,2
1830,488,1,2
1830,489,1,2
1830,490,1,2
1830,491,1,2
1830,492,1,2
1830,493,1,2
1830,494,1,2
1830,495,1,2
1830,496,1,2
1830,497,1,2
1830,498,1,2
1830,499,1,2
1830,500,1,2
1830,501,1,2
1830,502,1,2
1830,503,1,2
1830,504,1,2
1830,505,1,2
1830,506,1,2
1830,507,1,2
1830,508,1,2
1830,509,1,2
1830,510,1,2
1830,511,1,2
1830,512,1,2
1830,513,1,2
1830,514,1,2
1830,515,1,2
1830,516,1,2
1830,517,1,2
1830,518,1,2
1830,519,1,2
1830,520,1,2
1830,521,1,2
1830,522,1,2
1830,523,1,2
1830,524,1,2
1830,525,1,2
1830,526,1,2
1830,527,1,2
1830,528,1,2
1830,529,1,2
1830,530,1,2
1830,531,1,2
1830,532,1,2
1830,533,1,2
1830,534,1,2
1830,535,1,2
1830,536,1,2
1830,537,1,2
1830,538,1,2
1830,539,1,2
1830,540,1,2
1830,541,1,2
1830,542,1,2
1830,543,1,2
1830,544,1,2
1830,545,1,2
1830,546,1,2
1830,547,1,2
1830,548,1,2
1830,549,1,2
1830,550,1,2
1830,551,1,3
1830,552,1,3
1830,553,1,3
1830,554,1,3
1830,555,1,3
1830,556,1,3
1830,557,1,3
1830,558,1,3
1830,559,1,3
1830,560,1,3
1830,561,1,3
1830,562,1,3
1830,563,1,3
1830,564,1,3
1830,565,1,3
1830,566,1,3
1830,567,1,3
1830,568,1,3
1830,569,1,3
1830,570,1,3
1830,571,1,3
1830,572,1,3
1830,573,1,3
1830,574,1,3
1830,575,1,3
1830,576,1,3
1830,577,1,3
1830,578,1,3
1830,579,1,3
1830,580,1,3
1830,581,1,3
1830,582,1,3
1830,583,1,3
1830,584,1,3
1830,585,1,3
1830,586,1,3
1830,587,1,3
1830,588,1,3
1830,589,1,3
1830,590,1,3
1830,591,1,3
1830,592,1,2
1830,593,1,2
1830,594,1,2
1830,595,1,2
1830,596,1,2
1830,597,1,2
1830,598,1,2
1830,599,1,2
1830,600,1,2
1830,601,1,2
1830,602,1,2
1830,603,1,2
1830,604,1,2
1830,605,1,2
1830,606,1,2
1830,607,1,2
1830,608,1,2
1830,609,1,2
1830,610,1,2
1830,611,1,2
1830,612,1,2
1830,613,1,2
1830,614,1,2
1830,615,1,2
1830,616,1,2
1830,617,1,2
1830,618,1,2
1830,619,1,2
1830,620,1,2
1830,621,1,2
1830,622,1,2
1830,623,1,2
1830,624,1,2
1830,625,1,2
1830,626,1,2
1830,627,1,2
1830,628,1,2
1830,629,1,2
1830,630,1,2
1830,631,1,2
1830,632,1,2
1830,633,1,2
1830,634,1,2
1830,635,1,2
1830,636,1,2
1830,637,1,2
1830,638,1,2
1830,639,1,2
1830,640,1,2
1830,641,1,2
1830,642,1,2
1830,643,1,2
1830,644,1,2
1830,645,1,2
1830,646,1,2
1830,648,1,2
1831,126,1,2
1831,127,1,2
1831,128,1,2
1831,129,1,2
1831,130,1,2
1831,131,1,2
1831,132,1,2
1831,133,1,2
1831,134,1,2
1831,135,1,2
1831,136,1,2
1831,137,1,2
1831,138,1,2
1831,139,1,2
1831,140,1,2
1831,141,1,2
1831,142,1,2
1831,143,1,2
1831,144,1,3
1831,145,1,3
1831,146,1,3
1831,147,1,2
1831,148,1,2
1831,149,1,2
1831,150,1,2
1831,151,1,2
1831,152,1,2
1831,153,1,2
1831,154,1,2
1831,155,1,2
1831,156,1,2
1831,157,1,2
1831,158,1,2
1831,159,1,2
1831,160,1,2
1831,161,1,2
1831,162,1,2
1831,163,1,2
1831,164,1,2
1831,165,1,2
1831,166,1,2
1831,167,1,2
1831,168,1,2
1831,169,1,2
1831,170,1,2
1831,171,1,2
1831,172,1,2
1831,173,1,2
1831,174,1,2
1831,175,1,2
1831,176,1,2
1831,177,1,2
1831,178,1,2
1831,179,1,2
1831,180,1,2
1831,181,1,2
1831,182,1,2
1831,183,1,2
1831,184,1,2
1831,185,1,2
1831,186,1,2
1831,187,1,2
1831,188,1,2
1831,189,1,2
1831,190,1,2
1831,191,1,2
1831,192,1,2
1831,193,1,2
1831,194,1,2
1831,195,1,2
1831,196,1,2
1831,197,1,2
1831,198,1,2
1831,199,1,2
1831,200,1,2
1831,201,1,2
1831,202,1,2
1831,203,1,2
1831,204,1,2
1831,205,1,2
1831,206,1,2
1831,207,1,2
1831,208,1,2
1831,209,1,2
1831,210,1,2
1831,211,1,2
1831,212,1,2
1831,213,1,2
1831,214,1,2
1831,215,1,2
1831,216,1,2
1831,217,1,2
1831,218,1,2
1831,219,1,2
1831,220,1,2
1831,221,1,2
1831,222,1,2
1831,223,1,2
1831,224,1,2
1831,225,1,2
1831,226,1,2
1831,227,1,2
1831,228,1,2
1831,229,1,2
1831,230,1,2
1831,231,1,2
1831,232,1,2
1831,233,1,2
1831,234,1,2
1831,235,1,2
1831,236,1,2
1831,237,1,2
1831,238,1,2
1831,239,1,2
1831,240,1,2
1831,241,1,2
1831,242,1,2
1831,243,1,2
1831,244,1,2
1831,245,1,2
1831,246,1,2
1831,247,1,2
1831,248,1,2
1831,249,1,2
1831,250,1,2
1831,251,1,2
1831,252,1,2
1831,253,1,2
1831,254,1,2
1831,255,1,2
1831,256,1,2
1831,257,1,2
1831,258,1,2
1831,259,1,2
1831,260,1,2
1831,261,1,2
1831,262,1,2
1831,263,1,2
1831,264,1,2
1831,265,1,2
1831,266,1,2
1831,267,1,2
1831,268,1,2
1831,269,1,2
1831,270,1,2
1831,271,1,2
1831,272,1,2
1831,273,1,2
1831,274,1,2
1831,275,1,2
1831,276,1,2
1831,277,1,2
1831,278,1,2
1831,279,1,2
1831,280,1,2
1831,281,1,2
1831,282,1,2
1831,283,1,2
1831,284,1,2
1831,285,1,2
1831,286,1,2
1831,287,1,2
1831,288,1,2
1831,289,1,2
1831,290,1,2
1831,291,1,2
1831,292,1,2
1831,293,1,2
1831,294,1,2
1831,295,1,2
1831,296,1,2
1831,297,1,2
1831,298,1,2
1831,299,1,2
1831,300,1,2
1831,301,1,2
1831,302,1,2
1831,303,1,2
1831,304,1,2
1831,305,1,2
1831,306,1,2
1831,307,1,2
1831,308,1,2
1831,309,1,2
1831,310,1,2
1831,311,1,2
1831,312,1,2
1831,313,1,2
1831,314,1,2
1831,315,1,2
1831,316,1,2
1831,317,1,2
1831,318,1,2
1831,319,1,2
1831,320,1,2
1831,321,1,2
1831,322,1,2
1831,323,1,2
1831,324,1,2
1831,325,1,2
1831,326,1,2
1831,327,1,2
1831,328,1,2
1831,329,1,2
1831,330,1,2
1831,331,1,2
1831,332,1,2
1831,333,1,2
1831,334,1,2
1831,335,1,2
1831,336,1,2
1831,337,1,2
1831,338,1,2
1831,339,1,2
1831,340,1,2
1831,341,1,2
1831,342,1,2
1831,343,1,2
1831,344,1,2
1831,345,1,2
1831,346,1,2
1831,347,1,2
1831,348,1,2
1831,349,1,2
1831,350,1,2
1831,351,1,2
1831,352,1,2
1831,353,1,2
1831,354,1,2
1831,355,1,2
1831,356,1,2
1831,357,1,2
1831,358,1,2
1831,359,1,2
1831,360,1,2
1831,361,1,2
1831,362,1,2
1831,363,1,2
1831,364,1,2
1831,365,1,2
1831,366,1,2
1831,367,1,2
1831,368,1,2
1831,369,1,2
1831,370,1,2
1831,371,1,2
1831,372,1,2
1831,373,1,2
1831,374,1,2
1831,375,1,2
1831,376,1,2
1831,377,1,2
1831,378,1,2
1831,379,1,2
1831,380,1,2
1831,381,1,2
1831,382,1,2
1831,383,1,2
1831,384,1,2
1831,385,1,2
1831,386,1,2
1831,387,1,2
1831,388,1,2
1831,389,1,2
1831,390,1,2
1831,391,1,2
1831,392,1,2
1831,393,1,2
1831,394,1,2
1831,395,1,2
1831,396,1,2
1831,397,1,2
1831,398,1,2
1831,399,1,2
1831,400,1,2
1831,401,1,2
1831,402,1,2
1831,403,1,2
1831,404,1,2
1831,405,1,2
1831,406,1,2
1831,407,1,2
1831,408,1,2
1831,409,1,2
1831,410,1,2
1831,411,1,2
1831,412,1,2
1831,413,1,2
1831,414,1,2
1831,415,1,2
1831,416,1,2
1831,417,1,2
1831,418,1,2
1831,419,1,2
1831,420,1,2
1831,421,1,2
1831,422,1,2
1831,423,1,2
1831,424,1,2
1831,425,1,2
1831,426,1,2
1831,427,1,2
1831,428,1,2
1831,429,1,2
1831,430,1,2
1831,431,1,2
1831,432,1,2
1831,433,1,2
1831,434,1,2
1831,435,1,2
1831,436,1,2
1831,437,1,2
1831,438,1,2
1831,439,1,2
1831,440,1,2
1831,441,1,2
1831,442,1,2
1831,443,1,2
1831,444,1,2
1831,445,1,2
1831,446,1,2
1831,447,1,2
1831,448,1,2
1831,449,1,2
1831,450,1,2
1831,451,1,2
1831,452,1,2
1831,453,1,2
1831,454,1,2
1831,455,1,2
1831,456,1,2
1831,457,1,2
1831,458,1,2
1831,459,1,2
1831,460,1,2
1831,461,1,2
1831,462,1,2
1831,463,1,2
1831,464,1,2
1831,465,1,2
1831,466,1,2
1831,467,1,2
1831,468,1,2
1831,469,1,2
1831,470,1,2
1831,471,1,2
1831,472,1,2
1831,473,1,2
1831,474,1,2
1831,475,1,2
1831,476,1,2
1831,477,1,2
1831,478,1,2
1831,479,1,2
1831,480,1,2
1831,481,1,2
1831,482,1,2
1831,483,1,2
1831,484,1,2
1831,485,1,2
1831,486,1,2
1831,487,1,2
1831,488,1,2
1831,489,1,2
1831,490,1,2
1831,491,1,2
1831,492,1,2
1831,493,1,2
1831,494,1,2
1831,495,1,2
1831,496,1,2
1831,497,1,2
1831,498,1,2
1831,499,1,2
1831,500,1,2
1831,501,1,2
1831,502,1,2
1831,503,1,2
1831,504,1,2
1831,505,1,2
1831,506,1,2
1831,507,1,2
1831,508,1,2
1831,509,1,2
1831,510,1,2
1831,511,1,2
1831,512,1,2
1831,513,1,2
1831,514,1,2
1831,515,1,2
1831,516,1,2
1831,517,1,2
1831,518,1,2
1831,519,1,2
1831,520,1,2
1831,521,1,2
1831,522,1,2
1831,523,1,2
1831,524,1,2
1831,525,1,2
1831,526,1,2
1831,527,1,2
1831,528,1,2
1831,529,1,2
1831,530,1,2
1831,531,1,2
1831,532,1,2
1831,533,1,2
1831,534,1,2
1831,535,1,2
1831,536,1,2
1831,537,1,2
1831,538,1,2
1831,539,1,2
1831,540,1,2
1831,541,1,2
1831,542,1,2
1831,543,1,2
1831,544,1,2
1831,545,1,2
1831,546,1,2
1831,547,1,2
1831,548,1,2
1831,549,1,2
1831,550,1,3
1831,551,1,3
1831,552,1,3
1831,553,1,3
1831,554,1,3
1831,555,1,3
1831,556,1,3
1831,557,1,3
1831,558,1,3
1831,559,1,3
1831,560,1,3
1831,561,1,3
1831,562,1,3
1831,563,1,3
1831,564,1,3
1831,565,1,3
1831,566,1,3
1831,567,1,3
1831,568,1,3
1831,569,1,3
1831,570,1,3
1831,571,1,3
1831,572,1,3
1831,573,1,3
1831,574,1,3
1831,575,1,3
1831,576,1,3
1831,577,1,3
1831,578,1,3
1831,579,1,3
1831,580,1,3
1831,581,1,3
1831,582,1,3
1831,583,1,3
1831,584,1,3
1831,585,1,3
1831,586,1,3
1831,587,1,3
1831,588,1,3
1831,589,1,3
1831,590,1,3
1831,591,1,3
1831,592,1,2
1831,593,1,2
1831,594,1,2
1831,595,1,2
1831,596,1,2
1831,597,1,2
1831,598,1,2
1831,599,1,2
1831,600,1,2
1831,601,1,2
1831,602,1,2
1831,603,1,2
1831,604,1,2
1831,605,1,2
1831,606,1,2
1831,607,1,2
1831,608,1,2
1831,609,1,2
1831,610,1,2
1831,611,1,2
1831,612,1,2
1831,613,1,2
1831,614,1,2
1831,615,1,2
1831,616,1,2
1831,617,1,2
1831,618,1,2
1831,619,1,2
1831,620,1,2
1831,621,1,2
1831,622,1,2
1831,623,1,2
1831,624,1,2
1831,625,1,2
1831,626,1,2
1831,627,1,2
1831,628,1,2
1831,629,1,2
1831,630,1,2
1831,631,1,2
1831,632,1,2
1831,633,1,2
1831,634,1,2
1831,635,1,2
1831,636,1,2
1831,637,1,2
1831,638,1,2
1831,639,1,2
1831,640,1,2
1831,641,1,2
1831,642,1,2
1831,643,1,2
1831,644,1,2
1831,645,1,2
1831,646,1,2
1832,125,1,2
1832,126,1,2
1832,127,1,2
1832,128,1,2
1832,129,1,2
1832,130,1,2
1832,131,1,2
1832,132,1,2
1832,133,1,2
1832,134,1,2
1832,135,1,2
1832,136,1,2
1832,137,1,2
1832,138,1,2
1832,139,1,2
1832,140,1,2
1832,141,1,2
1832,142,1,2
1832,143,1,3
1832,144,1,2
1832,145,1,3
1832,146,1,2
1832,147,1,2
1832,148,1,2
1832,149,1,2
1832,150,1,2
1832,151,1,2
1832,152,1,2
1832,153,1,2
1832,154,1,2
1832,155,1,2
1832,156,1,2
1832,157,1,2
1832,158,1,2
1832,159,1,2
1832,160,1,2
1832,161,1,2
1832,162,1,2
1832,163,1,2
1832,164,1,2
1832,165,1,2
1832,166,1,2
1832,167,1,2
1832,168,1,2
1832,169,1,2
1832,170,1,2
1832,171,1,2
1832,172,1,2
1832,173,1,2
1832,174,1,2
1832,175,1,2
1832,176,1,2
1832,177,1,2
1832,178,1,2
1832,179,1,2
1832,180,1,2
1832,181,1,2
1832,182,1,2
1832,183,1,2
1832,184,1,2
1832,185,1,2
1832,186,1,2
1832,187,1,2
1832,188,1,2
1832,189,1,2
1832,190,1,2
1832,191,1,2
1832,192,1,2
1832,193,1,2
1832,194,1,2
1832,195,1,2
1832,196,1,2
1832,197,1,2
1832,198,1,2
1832,199,1,2
1832,200,1,2
1832,201,1,2
1832,202,1,2
1832,203,1,2
1832,204,1,2
1832,205,1,2
1832,206,1,2
1832,207,1,2
1832,208,1,2
1832,209,1,2
1832,210,1,2
1832,211,1,2
1832,212,1,2
1832,213,1,2
1832,214,1,2
1832,215,1,2
1832,216,1,2
1832,217,1,2
1832,218,1,2
1832,219,1,2
1832,220,1,2
1832,221,1,2
1832,222,1,2
1832,223,1,2
1832,224,1,2
1832,225,1,2
1832,226,1,2
1832,227,1,2
1832,228,1,2
1832,229,1,2
1832,230,1,2
1832,231,1,2
1832,232,1,2
1832,233,1,2
1832,234,1,2
1832,235,1,2
1832,236,1,2
1832,237,1,2
1832,238,1,2
1832,239,1,2
1832,240,1,2
1832,241,1,2
1832,242,1,2
1832,243,1,2
1832,244,1,2
1832,245,1,2
1832,246,1,2
1832,247,1,2
1832,248,1,2
1832,249,1,2
1832,250,1,2
1832,251,1,2
1832,252,1,2
1832,253,1,2
1832,254,1,2
1832,255,1,2
1832,256,1,2
1832,257,1,2
1832,258,1,2
1832,259,1,2
1832,260,1,2
1832,261,1,2
1832,262,1,2
1832,263,1,2
1832,264,1,2
1832,265,1,2
1832,266,1,2
1832,267,1,2
1832,268,1,2
1832,269,1,2
1832,270,1,2
1832,271,1,2
1832,272,1,2
1832,273,1,2
1832,274,1,2
1832,275,1,2
1832,276,1,2
1832,277,1,2
1832,278,1,2
1832,279,1,2
1832,280,1,2
1832,281,1,2
1832,282,1,2
1832,283,1,2
1832,284,1,2
1832,285,1,2
1832,286,1,2
1832,287,1,2
1832,288,1,2
1832,289,1,2
1832,290,1,2
1832,291,1,2
1832,292,1,2
1832,293,1,2
1832,294,1,2
1832,295,1,2
1832,296,1,2
1832,297,1,2
1832,298,1,2
1832,299,1,2
1832,300,1,2
1832,301,1,2
1832,302,1,2
1832,303,1,2
1832,304,1,2
1832,305,1,2
1832,306,1,2
1832,307,1,2
1832,308,1,2
1832,309,1,2
1832,310,1,2
1832,311,1,2
1832,312,1,2
1832,313,1,2
1832,314,1,2
1832,315,1,2
1832,316,1,2
1832,317,1,2
1832,318,1,2
1832,319,1,2
1832,320,1,2
1832,321,1,2
1832,322,1,2
1832,323,1,2
1832,324,1,2
1832,325,1,2
1832,326,1,2
1832,327,1,2
1832,328,1,2
1832,329,1,2
1832,330,1,2
1832,331,1,2
1832,332,1,2
1832,333,1,2
1832,334,1,2
1832,335,1,2
1832,336,1,2
1832,337,1,2
1832,338,1,2
1832,339,1,2
1832,340,1,2
1832,341,1,2
1832,342,1,2
1832,343,1,2
1832,344,1,2
1832,345,1,2
1832,346,1,2
1832,347,1,2
1832,348,1,2
1832,349,1,2
1832,350,1,2
1832,351,1,2
1832,352,1,2
1832,353,1,2
1832,354,1,2
1832,355,1,2
1832,356,1,2
1832,357,1,2
1832,358,1,2
1832,359,1,2
1832,360,1,2
1832,361,1,2
1832,362,1,2
1832,363,1,2
1832,364,1,2
1832,365,1,2
1832,366,1,2
1832,367,1,2
1832,368,1,2
1832,369,1,2
1832,370,1,2
1832,371,1,2
1832,372,1,2
1832,373,1,2
1832,374,1,2
1832,375,1,2
1832,376,1,2
1832,377,1,2
1832,378,1,2
1832,379,1,2
1832,380,1,2
1832,381,1,2
1832,382,1,2
1832,383,1,2
1832,384,1,2
1832,385,1,2
1832,386,1,2
1832,387,1,2
1832,388,1,2
1832,389,1,2
1832,390,1,2
1832,391,1,2
1832,392,1,2
1832,393,1,2
1832,394,1,2
1832,395,1,2
1832,396,1,2
1832,397,1,2
1832,398,1,2
1832,399,1,2
1832,400,1,2
1832,401,1,2
1832,402,1,2
1832,403,1,2
1832,404,1,2
1832,405,1,2
1832,406,1,2
1832,407,1,2
1832,408,1,2
1832,409,1,2
1832,410,1,2
1832,411,1,2
1832,412,1,2
1832,413,1,2
1832,414,1,2
1832,415,1,2
1832,416,1,2
1832,417,1,2
1832,418,1,2
1832,419,1,2
1832,420,1,2
1832,421,1,2
1832,422,1,2
1832,423,1,2
1832,424,1,2
1832,425,1,2
1832,426,1,2
1832,427,1,2
1832,428,1,2
1832,429,1,2
1832,430,1,2
1832,431,1,2
1832,432,1,2
1832,433,1,2
1832,434,1,2
1832,435,1,2
1832,436,1,2
1832,437,1,2
1832,438,1,2
1832,439,1,2
1832,440,1,2
1832,441,1,2
1832,442,1,2
1832,443,1,2
1832,444,1,2
1832,445,1,2
1832,446,1,2
1832,447,1,2
1832,448,1,2
1832,449,1,2
1832,450,1,2
1832,451,1,2
1832,452,1,2
1832,453,1,2
1832,454,1,2
1832,455,1,2
1832,456,1,2
1832,457,1,2
1832,458,1,2
1832,459,1,2
1832,460,1,2
1832,461,1,2
1832,462,1,2
1832,463,1,2
1832,464,1,2
1832,465,1,2
1832,466,1,2
1832,467,1,2
1832,468,1,2
1832,469,1,2
1832,470,1,2
1832,471,1,2
1832,472,1,2
1832,473,1,2
1832,474,1,2
1832,475,1,2
1832,476,1,2
1832,477,1,2
1832,478,1,2
1832,479,1,2
1832,480,1,2
1832,481,1,2
1832,482,1,2
1832,483,1,2
1832,484,1,2
1832,485,1,2
1832,486,1,2
1832,487,1,2
1832,488,1,2
1832,489,1,2
1832,490,1,2
1832,491,1,2
1832,492,1,2
1832,493,1,2
1832,494,1,2
1832,495,1,2
1832,496,1,2
1832,497,1,2
1832,498,1,2
1832,499,1,2
1832,500,1,2
1832,501,1,2
1832,502,1,2
1832,503,1,2
1832,504,1,2
1832,505,1,2
1832,506,1,2
1832,507,1,2
1832,508,1,2
1832,509,1,2
1832,510,1,2
1832,511,1,2
1832,512,1,2
1832,513,1,2
1832,514,1,2
1832,515,1,2
1832,516,1,2
1832,517,1,2
1832,518,1,2
1832,519,1,2
1832,520,1,2
1832,521,1,2
1832,522,1,2
1832,523,1,2
1832,524,1,2
1832,525,1,2
1832,526,1,2
1832,527,1,2
1832,528,1,2
1832,529,1,2
1832,530,1,2
1832,531,1,2
1832,532,1,2
1832,533,1,2
1832,534,1,2
1832,535,1,2
1832,536,1,2
1832,537,1,2
1832,538,1,2
1832,539,1,2
1832,540,1,2
1832,541,1,2
1832,542,1,2
1832,543,1,2
1832,544,1,2
1832,545,1,2
1832,546,1,2
1832,547,1,2
1832,548,1,2
1832,549,1,2
1832,550,1,3
1832,551,1,3
1832,552,1,3
1832,553,1,3
1832,554,1,3
1832,555,1,3
1832,556,1,3
1832,557,1,3
1832,558,1,3
1832,559,1,3
1832,560,1,3
1832,561,1,3
1832,562,1,3
1832,563,1,3
1832,564,1,3
1832,565,1,3
1832,566,1,3
1832,567,1,3
1832,568,1,3
1832,569,1,3
1832,570,1,3
1832,571,1,3
1832,572,1,3
1832,573,1,3
1832,574,1,3
1832,575,1,3
1832,576,1,3
1832,577,1,3
1832,578,1,3
1832,579,1,3
1832,580,1,3
1832,581,1,3
1832,582,1,3
1832,583,1,3
1832,584,1,3
1832,585,1,3
1832,586,1,3
1832,587,1,3
1832,588,1,3
1832,589,1,3
1832,590,1,3
1832,591,1,3
1832,592,1,2
1832,593,1,2
1832,594,1,2
1832,595,1,2
1832,596,1,2
1832,597,1,2
1832,598,1,2
1832,599,1,2
1832,600,1,2
1832,601,1,2
1832,602,1,2
1832,603,1,2
1832,604,1,2
1832,605,1,2
1832,606,1,2
1832,607,1,2
1832,608,1,2
1832,609,1,2
1832,610,1,2
1832,611,1,2
1832,612,1,2
1832,613,1,2
1832,614,1,2
1832,615,1,2
1832,616,1,2
1832,617,1,2
1832,618,1,2
1832,619,1,2
1832,620,1,2
1832,621,1,2
1832,622,1,2
1832,623,1,2
1832,624,1,2
1832,625,1,2
1832,626,1,2
1832,627,1,2
1832,628,1,2
1832,629,1,2
1832,630,1,2
1832,631,1,2
1832,632,1,2
1832,633,1,2
1832,634,1,2
1832,635,1,2
1832,636,1,2
1832,637,1,2
1832,638,1,2
1832,639,1,2
1832,640,1,2
1832,641,1,2
1832,642,1,2
1832,643,1,2
1832,644,1,2
1832,645,1,2
1832,646,1,2
1833,125,1,2
1833,126,1,2
1833,127,1,2
1833,128,1,2
1833,129,1,2
1833,130,1,2
1833,131,1,2
1833,132,1,2
1833,133,1,2
1833,134,1,2
1833,135,1,2
1833,136,1,2
1833,137,1,2
1833,138,1,2
1833,139,1,2
1833,140,1,2
1833,141,1,2
1833,142,1,2
1833,143,1,2
1833,144,1,2
1833,145,1,3
1833,146,1,2
1833,147,1,2
1833,148,1,2
1833,149,1,2
1833,150,1,2
1833,151,1,2
1833,152,1,2
1833,153,1,2
1833,154,1,2
1833,155,1,2
1833,156,1,2
1833,157,1,2
1833,158,1,2
1833,159,1,2
1833,160,1,2
1833,161,1,2
1833,162,1,2
1833,163,1,2
1833,164,1,2
1833,165,1,2
1833,166,1,2
1833,167,1,2
1833,168,1,2
1833,169,1,2
1833,170,1,2
1833,171,1,2
1833,172,1,2
1833,173,1,2
1833,174,1,2
1833,175,1,2
1833,176,1,2
1833,177,1,2
1833,178,1,2
1833,179,1,2
1833,180,1,2
1833,181,1,2
1833,182,1,2
1833,183,1,2
1833,184,1,2
1833,185,1,2
1833,186,1,2
1833,187,1,2
1833,188,1,2
1833,189,1,2
1833,190,1,2
1833,191,1,2
1833,192,1,2
1833,193,1,2
1833,194,1,2
1833,195,1,2
1833,196,1,2
1833,197,1,2
1833,198,1,2
1833,199,1,2
1833,200,1,2
1833,201,1,2
1833,202,1,2
1833,203,1,2
1833,204,1,2
1833,205,1,2
1833,206,1,2
1833,207,1,2
1833,208,1,2
1833,209,1,2
1833,210,1,2
1833,211,1,2
1833,212,1,2
1833,213,1,2
1833,214,1,2
1833,215,1,2
1833,216,1,2
1833,217,1,2
1833,218,1,2
1833,219,1,2
1833,220,1,2
1833,221,1,2
1833,222,1,2
1833,223,1,2
1833,224,1,2
1833,225,1,2
1833,226,1,2
1833,227,1,2
1833,228,1,2
1833,229,1,2
1833,230,1,2
1833,231,1,2
1833,232,1,2
1833,233,1,2
1833,234,1,2
1833,235,1,2
1833,236,1,2
1833,237,1,2
1833,238,1,2
1833,239,1,2
1833,240,1,2
1833,241,1,2
1833,242,1,2
1833,243,1,2
1833,244,1,2
1833,245,1,2
1833,246,1,2
1833,247,1,2
1833,248,1,2
1833,249,1,2
1833,250,1,2
1833,251,1,2
1833,252,1,2
1833,253,1,2
1833,254,1,2
1833,255,1,2
1833,256,1,2
1833,257,1,2
1833,258,1,2
1833,259,1,2
1833,260,1,2
1833,261,1,2
1833,262,1,2
1833,263,1,2
1833,264,1,2
1833,265,1,2
1833,266,1,2
1833,267,1,2
1833,268,1,2
1833,269,1,2
1833,270,1,2
1833,271,1,2
1833,272,1,2
1833,273,1,2
1833,274,1,2
1833,275,1,2
1833,276,1,2
1833,277,1,2
1833,278,1,2
1833,279,1,2
1833,280,1,2
1833,281,1,2
1833,282,1,2
1833,283,1,2
1833,284,1,2
1833,285,1,2
1833,286,1,2
1833,287,1,2
1833,288,1,2
1833,289,1,2
1833,290,1,2
1833,291,1,2
1833,292,1,2
1833,293,1,2
1833,294,1,2
1833,295,1,2
1833,296,1,2
1833,297,1,2
1833,298,1,2
1833,299,1,2
1833,300,1,2
1833,301,1,2
1833,302,1,2
1833,303,1,2
1833,304,1,2
1833,305,1,2
1833,306,1,2
1833,307,1,2
1833,308,1,2
1833,309,1,2
1833,310,1,2
1833,311,1,2
1833,312,1,2
1833,313,1,2
1833,314,1,2
1833,315,1,2
1833,316,1,2
1833,317,1,2
1833,318,1,2
1833,319,1,2
1833,320,1,2
1833,321,1,2
1833,322,1,2
1833,323,1,2
1833,324,1,2
1833,325,1,2
1833,326,1,2
1833,327,1,2
1833,328,1,2
1833,329,1,2
1833,330,1,2
1833,331,1,2
1833,332,1,2
1833,333,1,2
1833,334,1,2
1833,335,1,2
1833,336,1,2
1833,337,1,2
1833,338,1,2
1833,339,1,2
1833,340,1,2
1833,341,1,2
1833,342,1,2
1833,343,1,2
1833,344,1,2
1833,345,1,2
1833,346,1,2
1833,347,1,2
1833,348,1,2
1833,349,1,2
1833,350,1,2
1833,351,1,2
1833,352,1,2
1833,353,1,2
1833,354,1,2
1833,355,1,2
1833,356,1,2
1833,357,1,2
1833,358,1,2
1833,359,1,2
1833,360,1,2
1833,361,1,2
1833,362,1,2
1833,363,1,2
1833,364,1,2
1833,365,1,2
1833,366,1,2
1833,367,1,2
1833,368,1,2
1833,369,1,2
1833,370,1,2
1833,371,1,2
1833,372,1,2
1833,373,1,2
1833,374,1,2
1833,375,1,2
1833,376,1,2
1833,377,1,2
1833,378,1,2
1833,379,1,2
1833,380,1,2
1833,381,1,2
1833,382,1,2
1833,383,1,2
1833,384,1,2
1833,385,1,2
1833,386,1,2
1833,387,1,2
1833,388,1,2
1833,389,1,2
1833,390,1,2
1833,391,1,2
1833,392,1,2
1833,393,1,2
1833,394,1,2
1833,395,1,2
1833,396,1,2
1833,397,1,2
1833,398,1,2
1833,399,1,2
1833,400,1,2
1833,401,1,2
1833,402,1,2
1833,403,1,2
1833,404,1,2
1833,405,1,2
1833,406,1,2
1833,407,1,2
1833,408,1,2
1833,409,1,2
1833,410,1,2
1833,411,1,2
1833,412,1,2
1833,413,1,2
1833,414,1,2
1833,415,1,2
1833,416,1,2
1833,417,1,2
1833,418,1,2
1833,419,1,2
1833,420,1,2
1833,421,1,2
1833,422,1,2
1833,423,1,2
1833,424,1,2
1833,425,1,2
1833,426,1,2
1833,427,1,2
1833,428,1,2
1833,429,1,2
1833,430,1,2
1833,431,1,2
1833,432,1,2
1833,433,1,2
1833,434,1,2
1833,435,1,2
1833,436,1,2
1833,437,1,2
1833,438,1,2
1833,439,1,2
1833,440,1,2
1833,441,1,2
1833,442,1,2
1833,443,1,2
1833,444,1,2
1833,445,1,2
1833,446,1,2
1833,447,1,2
1833,448,1,2
1833,449,1,2
1833,450,1,2
1833,451,1,2
1833,452,1,2
1833,453,1,2
1833,454,1,2
1833,455,1,2
1833,456,1,2
1833,457,1,2
1833,458,1,2
1833,459,1,2
1833,460,1,2
1833,461,1,2
1833,462,1,2
1833,463,1,2
1833,464,1,2
1833,465,1,2
1833,466,1,2
1833,467,1,2
1833,468,1,2
1833,469,1,2
1833,470,1,2
1833,471,1,2
1833,472,1,2
1833,473,1,2
1833,474,1,2
1833,475,1,2
1833,476,1,2
1833,477,1,2
1833,478,1,2
1833,479,1,2
1833,480,1,2
1833,481,1,2
1833,482,1,2
1833,483,1,2
1833,484,1,2
1833,485,1,2
1833,486,1,2
1833,487,1,2
1833,488,1,2
1833,489,1,2
1833,490,1,2
1833,491,1,2
1833,492,1,2
1833,493,1,2
1833,494,1,2
1833,495,1,2
1833,496,1,2
1833,497,1,2
1833,498,1,2
1833,499,1,2
1833,500,1,2
1833,501,1,2
1833,502,1,2
1833,503,1,2
1833,504,1,2
1833,505,1,2
1833,506,1,2
1833,507,1,2
1833,508,1,2
1833,509,1,2
1833,510,1,2
1833,511,1,2
1833,512,1,2
1833,513,1,2
1833,514,1,2
1833,515,1,2
1833,516,1,2
1833,517,1,2
1833,518,1,2
1833,519,1,2
1833,520,1,2
1833,521,1,2
1833,522,1,2
1833,523,1,2
1833,524,1,2
1833,525,1,2
1833,526,1,2
1833,527,1,2
1833,528,1,2
1833,529,1,2
1833,530,1,2
1833,531,1,2
1833,532,1,2
1833,533,1,2
1833,534,1,2
1833,535,1,2
1833,536,1,2
1833,537,1,2
1833,538,1,2
1833,539,1,2
1833,540,1,2
1833,541,1,2
1833,542,1,2
1833,543,1,2
1833,544,1,2
1833,545,1,2
1833,546,1,2
1833,547,1,2
1833,548,1,2
1833,549,1,2
1833,550,1,3
1833,551,1,3
1833,552,1,3
1833,553,1,3
1833,554,1,3
1833,555,1,3
1833,556,1,3
1833,557,1,3
1833,558,1,3
1833,559,1,3
1833,560,1,3
1833,561,1,3
1833,562,1,3
1833,563,1,3
1833,564,1,3
1833,565,1,3
1833,566,1,3
1833,567,1,3
1833,568,1,3
1833,569,1,3
1833,570,1,3
1833,571,1,3
1833,572,1,3
1833,573,1,3
1833,574,1,3
1833,575,1,3
1833,576,1,2
1833,577,1,3
1833,578,1,3
1833,579,1,3
1833,580,1,3
1833,581,1,3
1833,582,1,3
1833,583,1,3
1833,584,1,3
1833,585,1,3
1833,586,1,3
1833,587,1,3
1833,588,1,3
1833,589,1,3
1833,590,1,3
1833,591,1,3
1833,592,1,3
1833,593,1,2
1833,594,1,2
1833,595,1,2
1833,596,1,2
1833,597,1,2
1833,598,1,2
1833,599,1,2
1833,600,1,2
1833,601,1,2
1833,602,1,2
1833,603,1,2
1833,604,1,2
1833,605,1,2
1833,606,1,2
1833,607,1,2
1833,608,1,2
1833,609,1,2
1833,610,1,2
1833,611,1,2
1833,612,1,2
1833,613,1,2
1833,614,1,2
1833,615,1,2
1833,616,1,2
1833,617,1,2
1833,618,1,2
1833,619,1,2
1833,620,1,2
1833,621,1,2
1833,622,1,2
1833,623,1,2
1833,624,1,2
1833,625,1,2
1833,626,1,2
1833,627,1,2
1833,628,1,2
1833,629,1,2
1833,630,1,2
1833,631,1,2
1833,632,1,2
1833,633,1,2
1833,634,1,2
1833,635,1,2
1833,636,1,2
1833,637,1,2
1833,638,1,2
1833,639,1,2
1833,640,1,2
1833,641,1,2
1833,642,1,2
1833,643,1,2
1833,644,1,2
1833,645,1,2
1833,646,1,2
1833,647,1,2
1834,125,1,2
1834,126,1,2
1834,127,1,2
1834,128,1,2
1834,129,1,2
1834,130,1,2
1834,131,1,2
1834,132,1,2
1834,133,1,2
1834,134,1,2
1834,135,1,2
1834,136,1,2
1834,137,1,2
1834,138,1,2
1834,139,1,2
1834,140,1,2
1834,141,1,2
1834,142,1,2
1834,143,1,2
1834,144,1,2
1834,145,1,2
1834,146,1,2
1834,147,1,2
1834,148,1,2
1834,149,1,2
1834,150,1,2
1834,151,1,2
1834,152,1,2
1834,153,1,2
1834,154,1,2
1834,155,1,2
1834,156,1,2
1834,157,1,2
1834,158,1,2
1834,159,1,2
1834,160,1,2
1834,161,1,2
1834,162,1,2
1834,163,1,2
1834,164,1,2
1834,165,1,2
1834,166,1,2
1834,167,1,2
1834,168,1,2
1834,169,1,2
1834,170,1,2
1834,171,1,2
1834,172,1,2
1834,173,1,2
1834,174,1,2
1834,175,1,2
1834,176,1,2
1834,177,1,2
1834,178,1,2
1834,179,1,2
1834,180,1,2
1834,181,1,2
1834,182,1,2
1834,183,1,2
1834,184,1,2
1834,185,1,2
1834,186,1,2
1834,187,1,2
1834,188,1,2
1834,189,1,2
1834,190,1,2
1834,191,1,2
1834,192,1,2
1834,193,1,2
1834,194,1,2
1834,195,1,2
1834,196,1,2
1834,197,1,2
1834,198,1,2
1834,199,1,2
1834,200,1,2
1834,201,1,2
1834,202,1,2
1834,203,1,2
1834,204,1,2
1834,205,1,2
1834,206,1,2
1834,207,1,2
1834,208,1,2
1834,209,1,2
1834,210,1,2
1834,211,1,2
1834,212,1,2
1834,213,1,2
1834,214,1,2
1834,215,1,2
1834,216,1,2
1834,217,1,2
1834,218,1,2
1834,219,1,2
1834,220,1,2
1834,221,1,2
1834,222,1,2
1834,223,1,2
1834,224,1,2
1834,225,1,2
1834,226,1,2
1834,227,1,2
1834,228,1,2
1834,229,1,2
1834,230,1,2
1834,231,1,2
1834,232,1,2
1834,233,1,2
1834,234,1,2
1834,235,1,2
1834,236,1,2
1834,237,1,2
1834,238,1,2
1834,239,1,2
1834,240,1,2
1834,241,1,2
1834,242,1,2
1834,243,1,2
1834,244,1,2
1834,245,1,2
1834,246,1,2
1834,247,1,2
1834,248,1,2
1834,249,1,2
1834,250,1,2
1834,251,1,2
1834,252,1,2
1834,253,1,2
1834,254,1,2
1834,255,1,2
1834,256,1,2
1834,257,1,2
1834,258,1,2
1834,259,1,2
1834,260,1,2
1834,261,1,2
1834,262,1,2
1834,263,1,2
1834,264,1,2
1834,265,1,2
1834,266,1,2
1834,267,1,2
1834,268,1,2
1834,269,1,2
1834,270,1,2
1834,271,1,2
1834,272,1,2
1834,273,1,2
1834,274,1,2
1834,275,1,2
1834,276,1,2
1834,277,1,2
1834,278,1,2
1834,279,1,2
1834,280,1,2
1834,281,1,2
1834,282,1,2
1834,283,1,2
1834,284,1,2
1834,285,1,2
1834,286,1,2
1834,287,1,2
1834,288,1,2
1834,289,1,2
1834,290,1,2
1834,291,1,2
1834,292,1,2
1834,293,1,2
1834,294,1,2
1834,295,1,2
1834,296,1,2
1834,297,1,2
1834,298,1,2
1834,299,1,2
1834,300,1,2
1834,301,1,2
1834,302,1,2
1834,303,1,2
1834,304,1,2
1834,305,1,2
1834,306,1,2
1834,307,1,2
1834,308,1,2
1834,309,1,2
1834,310,1,2
1834,311,1,2
1834,312,1,2
1834,313,1,2
1834,314,1,2
1834,315,1,2
1834,316,1,2
1834,317,1,2
1834,318,1,2
1834,319,1,2
1834,320,1,2
1834,321,1,2
1834,322,1,2
1834,323,1,2
1834,324,1,2
1834,325,1,2
1834,326,1,2
1834,327,1,2
1834,328,1,2
1834,329,1,2
1834,330,1,2
1834,331,1,2
1834,332,1,2
1834,333,1,2
1834,334,1,2
1834,335,1,2
1834,336,1,2
1834,337,1,2
1834,338,1,2
1834,339,1,2
1834,340,1,2
1834,341,1,2
1834,342,1,2
1834,343,1,2
1834,344,1,2
1834,345,1,2
1834,346,1,2
1834,347,1,2
1834,348,1,2
1834,349,1,2
1834,350,1,2
1834,351,1,2
1834,352,1,2
1834,353,1,2
1834,354,1,2
1834,355,1,2
1834,356,1,2
1834,357,1,2
1834,358,1,2
1834,359,1,2
1834,360,1,2
1834,361,1,2
1834,362,1,2
1834,363,1,2
1834,364,1,2
1834,365,1,2
1834,366,1,2
1834,367,1,2
1834,368,1,2
1834,369,1,2
1834,370,1,2
1834,371,1,2
1834,372,1,2
1834,373,1,2
1834,374,1,2
1834,375,1,2
1834,376,1,2
1834,377,1,2
1834,378,1,2
1834,379,1,2
1834,380,1,2
1834,381,1,2
1834,382,1,2
1834,383,1,2
1834,384,1,2
1834,385,1,2
1834,386,1,2
1834,387,1,2
1834,388,1,2
1834,389,1,2
1834,390,1,2
1834,391,1,2
1834,392,1,2
1834,393,1,2
1834,394,1,2
1834,395,1,2
1834,396,1,2
1834,397,1,2
1834,398,1,2
1834,399,1,2
1834,400,1,2
1834,401,1,2
1834,402,1,2
1834,403,1,2
1834,404,1,2
1834,405,1,2
1834,406,1,2
1834,407,1,2
1834,408,1,2
1834,409,1,2
1834,410,1,2
1834,411,1,2
1834,412,1,2
1834,413,1,2
1834,414,1,2
1834,415,1,2
1834,416,1,2
1834,417,1,2
1834,418,1,2
1834,419,1,2
1834,420,1,2
1834,421,1,2
1834,422,1,2
1834,423,1,2
1834,424,1,2
1834,425,1,2
1834,426,1,2
1834,427,1,2
1834,428,1,2
1834,429,1,2
1834,430,1,2
1834,431,1,2
1834,432,1,2
1834,433,1,2
1834,434,1,2
1834,435,1,2
1834,436,1,2
1834,437,1,2
1834,438,1,2
1834,439,1,2
1834,440,1,2
1834,441,1,2
1834,442,1,2
1834,443,1,2
1834,444,1,2
1834,445,1,2
1834,446,1,2
1834,447,1,2
1834,448,1,2
1834,449,1,2
1834,450,1,2
1834,451,1,2
1834,452,1,2
1834,453,1,2
1834,454,1,2
1834,455,1,2
1834,456,1,2
1834,457,1,2
1834,458,1,2
1834,459,1,2
1834,460,1,2
1834,461,1,2
1834,462,1,2
1834,463,1,2
1834,464,1,2
1834,465,1,2
1834,466,1,2
1834,467,1,2
1834,468,1,2
1834,469,1,2
1834,470,1,2
1834,471,1,2
1834,472,1,2
1834,473,1,2
1834,474,1,2
1834,475,1,2
1834,476,1,2
1834,477,1,2
1834,478,1,2
1834,479,1,2
1834,480,1,2
1834,481,1,2
1834,482,1,2
1834,483,1,2
1834,484,1,2
1834,485,1,2
1834,486,1,2
1834,487,1,2
1834,488,1,2
1834,489,1,2
1834,490,1,2
1834,491,1,2
1834,492,1,2
1834,493,1,2
1834,494,1,2
1834,495,1,2
1834,496,1,2
1834,497,1,2
1834,498,1,2
1834,499,1,2
1834,500,1,2
1834,501,1,2
1834,502,1,2
1834,503,1,2
1834,504,1,2
1834,505,1,2
1834,506,1,2
1834,507,1,2
1834,508,1,2
1834,509,1,2
1834,510,1,2
1834,511,1,2
1834,512,1,2
1834,513,1,2
1834,514,1,2
1834,515,1,2
1834,516,1,2
1834,517,1,2
1834,518,1,2
1834,519,1,2
1834,520,1,2
1834,521,1,2
1834,522,1,2
1834,523,1,2
1834,524,1,2
1834,525,1,2
1834,526,1,2
1834,527,1,2
1834,528,1,2
1834,529,1,2
1834,530,1,2
1834,531,1,2
1834,532,1,2
1834,533,1,2
1834,534,1,2
1834,535,1,2
1834,536,1,2
1834,537,1,2
1834,538,1,2
1834,539,1,2
1834,540,1,2
1834,541,1,2
1834,542,1,2
1834,543,1,2
1834,544,1,2
1834,545,1,2
1834,546,1,2
1834,547,1,2
1834,548,1,2
1834,549,1,2
1834,550,1,3
1834,551,1,3
1834,552,1,3
1834,553,1,3
1834,554,1,3
1834,555,1,3
1834,556,1,3
1834,557,1,3
1834,558,1,3
1834,559,1,3
1834,560,1,3
1834,561,1,3
1834,562,1,3
1834,563,1,3
1834,564,1,3
1834,565,1,3
1834,566,1,3
1834,567,1,3
1834,568,1,3
1834,569,1,3
1834,570,1,3
1834,571,1,3
1834,572,1,3
1834,573,1,3
1834,574,1,3
1834,575,1,2
1834,576,1,2
1834,577,1,3
1834,578,1,3
1834,579,1,3
1834,580,1,3
1834,581,1,3
1834,582,1,3
1834,583,1,3
1834,584,1,3
1834,585,1,3
1834,586,1,3
1834,587,1,3
1834,588,1,3
1834,589,1,3
1834,590,1,3
1834,591,1,3
1834,592,1,3
1834,593,1,2
1834,594,1,2
1834,595,1,2
1834,596,1,2
1834,597,1,2
1834,598,1,2
1834,599,1,2
1834,600,1,2
1834,601,1,2
1834,602,1,2
1834,603,1,2
1834,604,1,2
1834,605,1,2
1834,606,1,2
1834,607,1,2
1834,608,1,2
1834,609,1,2
1834,610,1,2
1834,611,1,2
1834,612,1,2
1834,613,1,2
1834,614,1,2
1834,615,1,2
1834,616,1,2
1834,617,1,2
1834,618,1,2
1834,619,1,2
1834,620,1,2
1834,621,1,2
1834,622,1,2
1834,623,1,2
1834,624,1,2
1834,625,1,2
1834,626,1,2
1834,627,1,2
1834,628,1,2
1834,629,1,2
1834,630,1,2
1834,631,1,2
1834,632,1,2
1834,633,1,2
1834,634,1,2
1834,635,1,2
1834,636,1,2
1834,637,1,2
1834,638,1,2
1834,639,1,2
1834,640,1,2
1834,641,1,2
1834,642,1,2
1834,643,1,2
1834,644,1,2
1834,645,1,2
1834,646,1,2
1834,647,1,2
1835,125,1,2
1835,126,1,2
1835,127,1,2
1835,128,1,2
1835,129,1,2
1835,130,1,2
1835,131,1,2
1835,132,1,2
1835,133,1,2
1835,134,1,2
1835,135,1,2
1835,136,1,2
1835,137,1,2
1835,138,1,2
1835,139,1,2
1835,140,1,2
1835,141,1,2
1835,142,1,2
1835,143,1,2
1835,144,1,2
1835,145,1,2
1835,146,1,3
1835,147,1,2
1835,148,1,2
1835,149,1,2
1835,150,1,2
1835,151,1,2
1835,152,1,2
1835,153,1,2
1835,154,1,2
1835,155,1,2
1835,156,1,2
1835,157,1,2
1835,158,1,2
1835,159,1,2
1835,160,1,2
1835,161,1,2
1835,162,1,2
1835,163,1,2
1835,164,1,2
1835,165,1,2
1835,166,1,2
1835,167,1,2
1835,168,1,2
1835,169,1,2
1835,170,1,2
1835,171,1,2
1835,172,1,2
1835,173,1,2
1835,174,1,2
1835,175,1,2
1835,176,1,2
1835,177,1,2
1835,178,1,2
1835,179,1,2
1835,180,1,2
1835,181,1,2
1835,182,1,2
1835,183,1,2
1835,184,1,2
1835,185,1,2
1835,186,1,2
1835,187,1,2
1835,188,1,2
1835,189,1,2
1835,190,1,2
1835,191,1,2
1835,192,1,2
1835,193,1,2
1835,194,1,2
1835,195,1,2
1835,196,1,2
1835,197,1,2
1835,198,1,2
1835,199,1,2
1835,200,1,2
1835,201,1,2
1835,202,1,2
1835,203,1,2
1835,204,1,2
1835,205,1,2
1835,206,1,2
1835,207,1,2
1835,208,1,2
1835,209,1,2
1835,210,1,2
1835,211,1,2
1835,212,1,2
1835,213,1,2
1835,214,1,2
1835,215,1,2
1835,216,1,2
1835,217,1,2
1835,218,1,2
1835,219,1,2
1835,220,1,2
1835,221,1,2
1835,222,1,2
1835,223,1,2
1835,224,1,2
1835,225,1,2
1835,226,1,2
1835,227,1,2
1835,228,1,2
1835,229,1,2
1835,230,1,2
1835,231,1,2
1835,232,1,2
1835,233,1,2
1835,234,1,2
1835,235,1,2
1835,236,1,2
1835,237,1,2
1835,238,1,2
1835,239,1,2
1835,240,1,2
1835,241,1,2
1835,242,1,2
1835,243,1,2
1835,244,1,2
1835,245,1,2
1835,246,1,2
1835,247,1,2
1835,248,1,2
1835,249,1,2
1835,250,1,2
1835,251,1,2
1835,252,1,2
1835,253,1,2
1835,254,1,2
1835,255,1,2
1835,256,1,2
1835,257,1,2
1835,258,1,2
1835,259,1,2
1835,260,1,2
1835,261,1,2
1835,262,1,2
1835,263,1,2
1835,264,1,2
1835,265,1,2
1835,266,1,2
1835,267,1,2
1835,268,1,2
1835,269,1,2
1835,270,1,2
1835,271,1,2
1835,272,1,2
1835,273,1,2
1835,274,1,2
1835,275,1,2
1835,276,1,2
1835,277,1,2
1835,278,1,2
1835,279,1,2
1835,280,1,2
1835,281,1,2
1835,282,1,2
1835,283,1,2
1835,284,1,2
1835,285,1,2
1835,286,1,2
1835,287,1,2
1835,288,1,2
1835,289,1,2
1835,290,1,2
1835,291,1,2
1835,292,1,2
1835,293,1,2
1835,294,1,2
1835,295,1,2
1835,296,1,2
1835,297,1,2
1835,298,1,2
1835,299,1,2
1835,300,1,2
1835,301,1,2
1835,302,1,2
1835,303,1,2
1835,304,1,2
1835,305,1,2
1835,306,1,2
1835,307,1,2
1835,308,1,2
1835,309,1,2
1835,310,1,2
1835,311,1,2
1835,312,1,2
1835,313,1,2
1835,314,1,2
1835,315,1,2
1835,316,1,2
1835,317,1,2
1835,318,1,2
1835,319,1,2
1835,320,1,2
1835,321,1,2
1835,322,1,2
1835,323,1,2
1835,324,1,2
1835,325,1,2
1835,326,1,2
1835,327,1,2
1835,328,1,2
1835,329,1,2
1835,330,1,2
1835,331,1,2
1835,332,1,2
1835,333,1,2
1835,334,1,2
1835,335,1,2
1835,336,1,2
1835,337,1,2
1835,338,1,2
1835,339,1,2
1835,340,1,2
1835,341,1,2
1835,342,1,2
1835,343,1,2
1835,344,1,2
1835,345,1,2
1835,346,1,2
1835,347,1,2
1835,348,1,2
1835,349,1,2
1835,350,1,2
1835,351,1,2
1835,352,1,2
1835,353,1,2
1835,354,1,2
1835,355,1,2
1835,356,1,2
1835,357,1,2
1835,358,1,2
1835,359,1,2
1835,360,1,2
1835,361,1,2
1835,362,1,2
1835,363,1,2
1835,364,1,2
1835,365,1,2
1835,366,1,2
1835,367,1,2
1835,368,1,2
1835,369,1,2
1835,370,1,2
1835,371,1,2
1835,372,1,2
1835,373,1,2
1835,374,1,2
1835,375,1,2
1835,376,1,2
1835,377,1,2
1835,378,1,2
1835,379,1,2
1835,380,1,2
1835,381,1,2
1835,382,1,2
1835,383,1,2
1835,384,1,2
1835,385,1,2
1835,386,1,2
1835,387,1,2
1835,388,1,2
1835,389,1,2
1835,390,1,2
1835,391,1,2
1835,392,1,2
1835,393,1,2
1835,394,1,2
1835,395,1,2
1835,396,1,2
1835,397,1,2
1835,398,1,2
1835,399,1,2
1835,400,1,2
1835,401,1,2
1835,402,1,2
1835,403,1,2
1835,404,1,2
1835,405,1,2
1835,406,1,2
1835,407,1,2
1835,408,1,2
1835,409,1,2
1835,410,1,2
1835,411,1,2
1835,412,1,2
1835,413,1,2
1835,414,1,2
1835,415,1,2
1835,416,1,2
1835,417,1,2
1835,418,1,2
1835,419,1,2
1835,420,1,2
1835,421,1,2
1835,422,1,2
1835,423,1,2
1835,424,1,2
1835,425,1,2
1835,426,1,2
1835,427,1,2
1835,428,1,2
1835,429,1,2
1835,430,1,2
1835,431,1,2
1835,432,1,2
1835,433,1,2
1835,434,1,2
1835,435,1,2
1835,436,1,2
1835,437,1,2
1835,438,1,2
1835,439,1,2
1835,440,1,2
1835,441,1,2
1835,442,1,2
1835,443,1,2
1835,444,1,2
1835,445,1,2
1835,446,1,2
1835,447,1,2
1835,448,1,2
1835,449,1,2
1835,450,1,2
1835,451,1,2
1835,452,1,2
1835,453,1,2
1835,454,1,2
1835,455,1,2
1835,456,1,2
1835,457,1,2
1835,458,1,2
1835,459,1,2
1835,460,1,2
1835,461,1,2
1835,462,1,2
1835,463,1,2
1835,464,1,2
1835,465,1,2
1835,466,1,2
1835,467,1,2
1835,468,1,2
1835,469,1,2
1835,470,1,2
1835,471,1,2
1835,472,1,2
1835,473,1,2
1835,474,1,2
1835,475,1,2
1835,476,1,2
1835,477,1,2
1835,478,1,2
1835,479,1,2
1835,480,1,2
1835,481,1,2
1835,482,1,2
1835,483,1,2
1835,484,1,2
1835,485,1,2
1835,486,1,2
1835,487,1,2
1835,488,1,2
1835,489,1,2
1835,490,1,2
1835,491,1,2
1835,492,1,2
1835,493,1,2
1835,494,1,2
1835,495,1,2
1835,496,1,2
1835,497,1,2
1835,498,1,2
1835,499,1,2
1835,500,1,2
1835,501,1,2
1835,502,1,2
1835,503,1,2
1835,504,1,2
1835,505,1,2
1835,506,1,2
1835,507,1,2
1835,508,1,2
1835,509,1,2
1835,510,1,2
1835,511,1,2
1835,512,1,2
1835,513,1,2
1835,514,1,2
1835,515,1,2
1835,516,1,2
1835,517,1,2
1835,518,1,2
1835,519,1,2
1835,520,1,2
1835,521,1,2
1835,522,1,2
1835,523,1,2
1835,524,1,2
1835,525,1,2
1835,526,1,2
1835,527,1,2
1835,528,1,2
1835,529,1,2
1835,530,1,2
1835,531,1,2
1835,532,1,2
1835,533,1,2
1835,534,1,2
1835,535,1,2
1835,536,1,2
1835,537,1,2
1835,538,1,2
1835,539,1,2
1835,540,1,2
1835,541,1,2
1835,542,1,2
1835,543,1,2
1835,544,1,2
1835,545,1,2
1835,546,1,2
1835,547,1,2
1835,548,1,2
1835,549,1,2
1835,550,1,3
1835,551,1,3
1835,552,1,3
1835,553,1,3
1835,554,1,3
1835,555,1,3
1835,556,1,3
1835,557,1,3
1835,558,1,3
1835,559,1,3
1835,560,1,3
1835,561,1,3
1835,562,1,3
1835,563,1,3
1835,564,1,3
1835,565,1,3
1835,566,1,3
1835,567,1,3
1835,568,1,3
1835,569,1,3
1835,570,1,3
1835,571,1,3
1835,572,1,3
1835,573,1,3
1835,574,1,3
1835,575,1,3
1835,576,1,3
1835,577,1,3
1835,578,1,3
1835,579,1,3
1835,580,1,3
1835,581,1,3
1835,582,1,3
1835,583,1,3
1835,584,1,3
1835,585,1,3
1835,586,1,3
1835,587,1,3
1835,588,1,3
1835,589,1,3
1835,590,1,3
1835,591,1,3
1835,592,1,3
1835,593,1,2
1835,594,1,2
1835,595,1,2
1835,596,1,2
1835,597,1,2
1835,598,1,2
1835,599,1,2
1835,600,1,2
1835,601,1,2
1835,602,1,2
1835,603,1,2
1835,604,1,2
1835,605,1,2
1835,606,1,2
1835,607,1,2
1835,608,1,2
1835,609,1,2
1835,610,1,2
1835,611,1,2
1835,612,1,2
1835,613,1,2
1835,614,1,2
1835,615,1,2
1835,616,1,2
1835,617,1,2
1835,618,1,2
1835,619,1,2
1835,620,1,2
1835,621,1,2
1835,622,1,2
1835,623,1,2
1835,624,1,2
1835,625,1,2
1835,626,1,2
1835,627,1,2
1835,628,1,2
1835,629,1,2
1835,630,1,2
1835,631,1,2
1835,632,1,2
1835,633,1,2
1835,634,1,2
1835,635,1,2
1835,636,1,2
1835,637,1,2
1835,638,1,2
1835,639,1,2
1835,640,1,2
1835,641,1,2
1835,642,1,2
1835,643,1,2
1835,644,1,2
1835,645,1,2
1835,646,1,2
1835,647,1,2
1835,648,1,2
1836,124,1,2
1836,125,1,2
1836,126,1,2
1836,127,1,2
1836,128,1,2
1836,129,1,2
1836,130,1,2
1836,131,1,2
1836,132,1,2
1836,133,1,2
1836,134,1,2
1836,135,1,2
1836,136,1,2
1836,137,1,2
1836,138,1,2
1836,139,1,2
1836,140,1,2
1836,141,1,2
1836,142,1,2
1836,143,1,2
1836,144,1,3
1836,145,1,3
1836,146,1,3
1836,147,1,2
1836,148,1,2
1836,149,1,2
1836,150,1,2
1836,151,1,2
1836,152,1,2
1836,153,1,2
1836,154,1,2
1836,155,1,2
1836,156,1,2
1836,157,1,2
1836,158,1,2
1836,159,1,2
1836,160,1,2
1836,161,1,2
1836,162,1,2
1836,163,1,2
1836,164,1,2
1836,165,1,2
1836,166,1,2
1836,167,1,2
1836,168,1,2
1836,169,1,2
1836,170,1,2
1836,171,1,2
1836,172,1,2
1836,173,1,2
1836,174,1,2
1836,175,1,2
1836,176,1,2
1836,177,1,2
1836,178,1,2
1836,179,1,2
1836,180,1,2
1836,181,1,2
1836,182,1,2
1836,183,1,2
1836,184,1,2
1836,185,1,2
1836,186,1,2
1836,187,1,2
1836,188,1,2
1836,189,1,2
1836,190,1,2
1836,191,1,2
1836,192,1,2
1836,193,1,2
1836,194,1,2
1836,195,1,2
1836,196,1,2
1836,197,1,2
1836,198,1,2
1836,199,1,2
1836,200,1,2
1836,201,1,2
1836,202,1,2
1836,203,1,2
1836,204,1,2
1836,205,1,2
1836,206,1,2
1836,207,1,2
1836,208,1,2
1836,209,1,2
1836,210,1,2
1836,211,1,2
1836,212,1,2
1836,213,1,2
1836,214,1,2
1836,215,1,2
1836,216,1,2
1836,217,1,2
1836,218,1,2
1836,219,1,2
1836,220,1,2
1836,221,1,2
1836,222,1,2
1836,223,1,2
1836,224,1,2
1836,225,1,2
1836,226,1,2
1836,227,1,2
1836,228,1,2
1836,229,1,2
1836,230,1,2
1836,231,1,2
1836,232,1,2
1836,233,1,2
1836,234,1,2
1836,235,1,2
1836,236,1,2
1836,237,1,2
1836,238,1,2
1836,239,1,2
1836,240,1,2
1836,241,1,2
1836,242,1,2
1836,243,1,2
1836,244,1,2
1836,245,1,2
1836,246,1,2
1836,247,1,2
1836,248,1,2
1836,249,1,2
1836,250,1,2
1836,251,1,2
1836,252,1,2
1836,253,1,2
1836,254,1,2
1836,255,1,2
1836,256,1,2
1836,257,1,2
1836,258,1,2
1836,259,1,2
1836,260,1,2
1836,261,1,2
1836,262,1,2
1836,263,1,2
1836,264,1,2
1836,265,1,2
1836,266,1,2
1836,267,1,2
1836,268,1,2
1836,269,1,2
1836,270,1,2
1836,271,1,2
1836,272,1,2
1836,273,1,2
1836,274,1,2
1836,275,1,2
1836,276,1,2
1836,277,1,2
1836,278,1,2
1836,279,1,2
1836,280,1,2
1836,281,1,2
1836,282,1,2
1836,283,1,2
1836,284,1,2
1836,285,1,2
1836,286,1,2
1836,287,1,2
1836,288,1,2
1836,289,1,2
1836,290,1,2
1836,291,1,2
1836,292,1,2
1836,293,1,2
1836,294,1,2
1836,295,1,2
1836,296,1,2
1836,297,1,2
1836,298,1,2
1836,299,1,2
1836,300,1,2
1836,301,1,2
1836,302,1,2
1836,303,1,2
1836,304,1,2
1836,305,1,2
1836,306,1,2
1836,307,1,2
1836,308,1,2
1836,309,1,2
1836,310,1,2
1836,311,1,2
1836,312,1,2
1836,313,1,2
1836,314,1,2
1836,315,1,2
1836,316,1,2
1836,317,1,2
1836,318,1,2
1836,319,1,2
1836,320,1,2
1836,321,1,2
1836,322,1,2
1836,323,1,2
1836,324,1,2
1836,325,1,2
1836,326,1,2
1836,327,1,2
1836,328,1,2
1836,329,1,2
1836,330,1,2
1836,331,1,2
1836,332,1,2
1836,333,1,2
1836,334,1,2
1836,335,1,2
1836,336,1,2
1836,337,1,2
1836,338,1,2
1836,339,1,2
1836,340,1,2
1836,341,1,2
1836,342,1,2
1836,343,1,2
1836,344,1,2
1836,345,1,2
1836,346,1,2
1836,347,1,2
1836,348,1,2
1836,349,1,2
1836,350,1,2
1836,351,1,2
1836,352,1,2
1836,353,1,2
1836,354,1,2
1836,355,1,2
1836,356,1,2
1836,357,1,2
1836,358,1,2
1836,359,1,2
1836,360,1,2
1836,361,1,2
1836,362,1,2
1836,363,1,2
1836,364,1,2
1836,365,1,2
1836,366,1,2
1836,367,1,2
1836,368,1,2
1836,369,1,2
1836,370,1,2
1836,371,1,2
1836,372,1,2
1836,373,1,2
1836,374,1,2
1836,375,1,2
1836,376,1,2
1836,377,1,2
1836,378,1,2
1836,379,1,2
1836,380,1,2
1836,381,1,2
1836,382,1,2
1836,383,1,2
1836,384,1,2
1836,385,1,2
1836,386,1,2
1836,387,1,2
1836,388,1,2
1836,389,1,2
1836,390,1,2
1836,391,1,2
1836,392,1,2
1836,393,1,2
1836,394,1,2
1836,395,1,2
1836,396,1,2
1836,397,1,2
1836,398,1,2
1836,399,1,2
1836,400,1,2
1836,401,1,2
1836,402,1,2
1836,403,1,2
1836,404,1,2
1836,405,1,2
1836,406,1,2
1836,407,1,2
1836,408,1,2
1836,409,1,2
1836,410,1,2
1836,411,1,2
1836,412,1,2
1836,413,1,2
1836,414,1,2
1836,415,1,2
1836,416,1,2
1836,417,1,2
1836,418,1,2
1836,419,1,2
1836,420,1,2
1836,421,1,2
1836,422,1,2
1836,423,1,2
1836,424,1,2
1836,425,1,2
1836,426,1,2
1836,427,1,2
1836,428,1,2
1836,429,1,2
1836,430,1,2
1836,431,1,2
1836,432,1,2
1836,433,1,2
1836,434,1,2
1836,435,1,2
1836,436,1,2
1836,437,1,2
1836,438,1,2
1836,439,1,2
1836,440,1,2
1836,441,1,2
1836,442,1,2
1836,443,1,2
1836,444,1,2
1836,445,1,2
1836,446,1,2
1836,447,1,2
1836,448,1,2
1836,449,1,2
1836,450,1,2
1836,451,1,2
1836,452,1,2
1836,453,1,2
1836,454,1,2
1836,455,1,2
1836,456,1,2
1836,457,1,2
1836,458,1,2
1836,459,1,2
1836,460,1,2
1836,461,1,2
1836,462,1,2
1836,463,1,2
1836,464,1,2
1836,465,1,2
1836,466,1,2
1836,467,1,2
1836,468,1,2
1836,469,1,2
1836,470,1,2
1836,471,1,2
1836,472,1,2
1836,473,1,2
1836,474,1,2
1836,475,1,2
1836,476,1,2
1836,477,1,2
1836,478,1,2
1836,479,1,2
1836,480,1,2
1836,481,1,2
1836,482,1,2
1836,483,1,2
1836,484,1,2
1836,485,1,2
1836,486,1,2
1836,487,1,2
1836,488,1,2
1836,489,1,2
1836,490,1,2
1836,491,1,2
1836,492,1,2
1836,493,1,2
1836,494,1,2
1836,495,1,2
1836,496,1,2
1836,497,1,2
1836,498,1,2
1836,499,1,2
1836,500,1,2
1836,501,1,2
1836,502,1,2
1836,503,1,2
1836,504,1,2
1836,505,1,2
1836,506,1,2
1836,507,1,2
1836,508,1,2
1836,509,1,2
1836,510,1,2
1836,511,1,2
1836,512,1,2
1836,513,1,2
1836,514,1,2
1836,515,1,2
1836,516,1,2
1836,517,1,2
1836,518,1,2
1836,519,1,2
1836,520,1,2
1836,521,1,2
1836,522,1,2
1836,523,1,2
1836,524,1,2
1836,525,1,2
1836,526,1,2
1836,527,1,2
1836,528,1,2
1836,529,1,2
1836,530,1,2
1836,531,1,2
1836,532,1,2
1836,533,1,2
1836,534,1,2
1836,535,1,2
1836,536,1,2
1836,537,1,2
1836,538,1,2
1836,539,1,2
1836,540,1,2
1836,541,1,2
1836,542,1,2
1836,543,1,2
1836,544,1,2
1836,545,1,2
1836,546,1,2
1836,547,1,2
1836,548,1,2
1836,549,1,2
1836,550,1,3
1836,551,1,3
1836,552,1,3
1836,553,1,3
1836,554,1,3
1836,555,1,3
1836,556,1,3
1836,557,1,3
1836,558,1,3
1836,559,1,3
1836,560,1,3
1836,561,1,3
1836,562,1,3
1836,563,1,3
1836,564,1,3
1836,565,1,3
1836,566,1,3
1836,567,1,3
1836,568,1,3
1836,569,1,3
1836,570,1,3
1836,571,1,3
1836,572,1,3
1836,573,1,3
1836,574,1,3
1836,575,1,3
1836,576,1,3
1836,577,1,3
1836,578,1,3
1836,579,1,3
1836,580,1,3
1836,581,1,3
1836,582,1,3
1836,583,1,3
1836,584,1,3
1836,585,1,3
1836,586,1,3
1836,587,1,3
1836,588,1,3
1836,589,1,3
1836,590,1,3
1836,591,1,3
1836,592,1,2
1836,593,1,2
1836,594,1,2
1836,595,1,2
1836,596,1,2
1836,597,1,2
1836,598,1,2
1836,599,1,2
1836,600,1,2
1836,601,1,2
1836,602,1,2
1836,603,1,2
1836,604,1,2
1836,605,1,2
1836,606,1,2
1836,607,1,2
1836,608,1,2
1836,609,1,2
1836,610,1,2
1836,611,1,2
1836,612,1,2
1836,613,1,2
1836,614,1,2
1836,615,1,2
1836,616,1,2
1836,617,1,2
1836,618,1,2
1836,619,1,2
1836,620,1,2
1836,621,1,2
1836,622,1,2
1836,623,1,2
1836,624,1,2
1836,625,1,2
1836,626,1,2
1836,627,1,2
1836,628,1,2
1836,629,1,2
1836,630,1,2
1836,631,1,2
1836,632,1,2
1836,633,1,2
1836,634,1,2
1836,635,1,2
1836,636,1,2
1836,637,1,2
1836,638,1,2
1836,639,1,2
1836,640,1,2
1836,641,1,2
1836,642,1,2
1836,643,1,2
1836,644,1,2
1836,645,1,2
1836,646,1,2
1836,647,1,2
1836,648,1,2
1837,124,1,2
1837,125,1,2
1837,126,1,2
1837,127,1,2
1837,128,1,2
1837,129,1,2
1837,130,1,2
1837,131,1,2
1837,132,1,2
1837,133,1,2
1837,134,1,2
1837,135,1,2
1837,136,1,2
1837,137,1,2
1837,138,1,2
1837,139,1,2
1837,140,1,2
1837,141,1,3
1837,142,1,2
1837,143,1,2
1837,144,1,2
1837,145,1,3
1837,146,1,3
1837,147,1,3
1837,148,1,2
1837,149,1,2
1837,150,1,2
1837,151,1,2
1837,152,1,2
1837,153,1,2
1837,154,1,2
1837,155,1,2
1837,156,1,2
1837,157,1,2
1837,158,1,2
1837,159,1,2
1837,160,1,2
1837,161,1,2
1837,162,1,2
1837,163,1,2
1837,164,1,2
1837,165,1,2
1837,166,1,2
1837,167,1,2
1837,168,1,2
1837,169,1,2
1837,170,1,2
1837,171,1,2
1837,172,1,2
1837,173,1,2
1837,174,1,2
1837,175,1,2
1837,176,1,2
1837,177,1,2
1837,178,1,2
1837,179,1,2
1837,180,1,2
1837,181,1,2
1837,182,1,2
1837,183,1,2
1837,184,1,2
1837,185,1,2
1837,186,1,2
1837,187,1,2
1837,188,1,2
1837,189,1,2
1837,190,1,2
1837,191,1,2
1837,192,1,2
1837,193,1,2
1837,194,1,2
1837,195,1,2
1837,196,1,2
1837,197,1,2
1837,198,1,2
1837,199,1,2
1837,200,1,2
1837,201,1,2
1837,202,1,2
1837,203,1,2
1837,204,1,2
1837,205,1,2
1837,206,1,2
1837,207,1,2
1837,208,1,2
1837,209,1,2
1837,210,1,2
1837,211,1,2
1837,212,1,2
1837,213,1,2
1837,214,1,2
1837,215,1,2
1837,216,1,2
1837,217,1,2
1837,218,1,2
1837,219,1,2
1837,220,1,2
1837,221,1,2
1837,222,1,2
1837,223,1,2
1837,224,1,2
1837,225,1,2
1837,226,1,2
1837,227,1,2
1837,228,1,2
1837,229,1,2
1837,230,1,2
1837,231,1,2
1837,232,1,2
1837,233,1,2
1837,234,1,2
1837,235,1,2
1837,236,1,2
1837,237,1,2
1837,238,1,2
1837,239,1,2
1837,240,1,2
1837,241,1,2
1837,242,1,2
1837,243,1,2
1837,244,1,2
1837,245,1,2
1837,246,1,2
1837,247,1,2
1837,248,1,2
1837,249,1,2
1837,250,1,2
1837,251,1,2
1837,252,1,2
1837,253,1,2
1837,254,1,2
1837,255,1,2
1837,256,1,2
1837,257,1,2
1837,258,1,2
1837,259,1,2
1837,260,1,2
1837,261,1,2
1837,262,1,2
1837,263,1,2
1837,264,1,2
1837,265,1,2
1837,266,1,2
1837,267,1,2
1837,268,1,2
1837,269,1,2
1837,270,1,2
1837,271,1,2
1837,272,1,2
1837,273,1,2
1837,274,1,2
1837,275,1,2
1837,276,1,2
1837,277,1,2
1837,278,1,2
1837,279,1,2
1837,280,1,2
1837,281,1,2
1837,282,1,2
1837,283,1,2
1837,284,1,2
1837,285,1,2
1837,286,1,2
1837,287,1,2
1837,288,1,2
1837,289,1,2
1837,290,1,2
1837,291,1,2
1837,292,1,2
1837,293,1,2
1837,294,1,2
1837,295,1,2
1837,296,1,2
1837,297,1,2
1837,298,1,2
1837,299,1,2
1837,300,1,2
1837,301,1,2
1837,302,1,2
1837,303,1,2
1837,304,1,2
1837,305,1,2
1837,306,1,2
1837,307,1,2
1837,308,1,2
1837,309,1,2
1837,310,1,2
1837,311,1,2
1837,312,1,2
1837,313,1,2
1837,314,1,2
1837,315,1,2
1837,316,1,2
1837,317,1,2
1837,318,1,2
1837,319,1,2
1837,320,1,2
1837,321,1,2
1837,322,1,2
1837,323,1,2
1837,324,1,2
1837,325,1,2
1837,326,1,2
1837,327,1,2
1837,328,1,2
1837,329,1,2
1837,330,1,2
1837,331,1,2
1837,332,1,2
1837,333,1,2
1837,334,1,2
1837,335,1,2
1837,336,1,2
1837,337,1,2
1837,338,1,2
1837,339,1,2
1837,340,1,2
1837,341,1,2
1837,342,1,2
1837,343,1,2
1837,344,1,2
1837,345,1,2
1837,346,1,2
1837,347,1,2
1837,348,1,2
1837,349,1,2
1837,350,1,2
1837,351,1,2
1837,352,1,2
1837,353,1,2
1837,354,1,2
1837,355,1,2
1837,356,1,2
1837,357,1,2
1837,358,1,2
1837,359,1,2
1837,360,1,2
1837,361,1,2
1837,362,1,2
1837,363,1,2
1837,364,1,2
1837,365,1,2
1837,366,1,2
1837,367,1,2
1837,368,1,2
1837,369,1,2
1837,370,1,2
1837,371,1,2
1837,372,1,2
1837,373,1,2
1837,374,1,2
1837,375,1,2
1837,376,1,2
1837,377,1,2
1837,378,1,2
1837,379,1,2
1837,380,1,2
1837,381,1,2
1837,382,1,2
1837,383,1,2
1837,384,1,2
1837,385,1,2
1837,386,1,2
1837,387,1,2
1837,388,1,2
1837,389,1,2
1837,390,1,2
1837,391,1,2
1837,392,1,2
1837,393,1,2
1837,394,1,2
1837,395,1,2
1837,396,1,2
1837,397,1,2
1837,398,1,2
1837,399,1,2
1837,400,1,2
1837,401,1,2
1837,402,1,2
1837,403,1,2
1837,404,1,2
1837,405,1,2
1837,406,1,2
1837,407,1,2
1837,408,1,2
1837,409,1,2
1837,410,1,2
1837,411,1,2
1837,412,1,2
1837,413,1,2
1837,414,1,2
1837,415,1,2
1837,416,1,2
1837,417,1,2
1837,418,1,2
1837,419,1,2
1837,420,1,2
1837,421,1,2
1837,422,1,2
1837,423,1,2
1837,424,1,2
1837,425,1,2
1837,426,1,2
1837,427,1,2
1837,428,1,2
1837,429,1,2
1837,430,1,2
1837,431,1,2
1837,432,1,2
1837,433,1,2
1837,434,1,2
1837,435,1,2
1837,436,1,2
1837,437,1,2
1837,438,1,2
1837,439,1,2
1837,440,1,2
1837,441,1,2
1837,442,1,2
1837,443,1,2
1837,444,1,2
1837,445,1,2
1837,446,1,2
1837,447,1,2
1837,448,1,2
1837,449,1,2
1837,450,1,2
1837,451,1,2
1837,452,1,2
1837,453,1,2
1837,454,1,2
1837,455,1,2
1837,456,1,2
1837,457,1,2
1837,458,1,2
1837,459,1,2
1837,460,1,2
1837,461,1,2
1837,462,1,2
1837,463,1,2
1837,464,1,2
1837,465,1,2
1837,466,1,2
1837,467,1,2
1837,468,1,2
1837,469,1,2
1837,470,1,2
1837,471,1,2
1837,472,1,2
1837,473,1,2
1837,474,1,2
1837,475,1,2
1837,476,1,2
1837,477,1,2
1837,478,1,2
1837,479,1,2
1837,480,1,2
1837,481,1,2
1837,482,1,2
1837,483,1,2
1837,484,1,2
1837,485,1,2
1837,486,1,2
1837,487,1,2
1837,488,1,2
1837,489,1,2
1837,490,1,2
1837,491,1,2
1837,492,1,2
1837,493,1,2
1837,494,1,2
1837,495,1,2
1837,496,1,2
1837,497,1,2
1837,498,1,2
1837,499,1,2
1837,500,1,2
1837,501,1,2
1837,502,1,2
1837,503,1,2
1837,504,1,2
1837,505,1,2
1837,506,1,2
1837,507,1,2
1837,508,1,2
1837,509,1,2
1837,510,1,2
1837,511,1,2
1837,512,1,2
1837,513,1,2
1837,514,1,2
1837,515,1,2
1837,516,1,2
1837,517,1,2
1837,518,1,2
1837,519,1,2
1837,520,1,2
1837,521,1,2
1837,522,1,2
1837,523,1,2
1837,524,1,2
1837,525,1,2
1837,526,1,2
1837,527,1,2
1837,528,1,2
1837,529,1,2
1837,530,1,2
1837,531,1,2
1837,532,1,2
1837,533,1,2
1837,534,1,2
1837,535,1,2
1837,536,1,2
1837,537,1,2
1837,538,1,2
1837,539,1,2
1837,540,1,2
1837,541,1,2
1837,542,1,2
1837,543,1,2
1837,544,1,2
1837,545,1,2
1837,546,1,2
1837,547,1,2
1837,548,1,2
1837,549,1,2
1837,550,1,3
1837,551,1,3
1837,552,1,3
1837,553,1,3
1837,554,1,3
1837,555,1,3
1837,556,1,3
1837,557,1,3
1837,558,1,3
1837,559,1,3
1837,560,1,3
1837,561,1,3
1837,562,1,3
1837,563,1,3
1837,564,1,3
1837,565,1,3
1837,566,1,3
1837,567,1,3
1837,568,1,3
1837,569,1,3
1837,570,1,3
1837,571,1,3
1837,572,1,3
1837,573,1,3
1837,574,1,3
1837,575,1,3
1837,576,1,3
1837,577,1,3
1837,578,1,3
1837,579,1,3
1837,580,1,3
1837,581,1,3
1837,582,1,3
1837,583,1,3
1837,584,1,3
1837,585,1,3
1837,586,1,3
1837,587,1,3
1837,588,1,3
1837,589,1,3
1837,590,1,3
1837,591,1,3
1837,592,1,2
1837,593,1,2
1837,594,1,2
1837,595,1,2
1837,596,1,2
1837,597,1,2
1837,598,1,2
1837,599,1,2
1837,600,1,2
1837,601,1,2
1837,602,1,2
1837,603,1,2
1837,604,1,2
1837,605,1,2
1837,606,1,2
1837,607,1,2
1837,608,1,2
1837,609,1,2
1837,610,1,2
1837,611,1,2
1837,612,1,2
1837,613,1,2
1837,614,1,2
1837,615,1,2
1837,616,1,2
1837,617,1,2
1837,618,1,2
1837,619,1,2
1837,620,1,2
1837,621,1,2
1837,622,1,2
1837,623,1,2
1837,624,1,2
1837,625,1,2
1837,626,1,2
1837,627,1,2
1837,628,1,2
1837,629,1,2
1837,630,1,2
1837,631,1,2
1837,632,1,2
1837,633,1,2
1837,634,1,2
1837,635,1,2
1837,636,1,2
1837,637,1,2
1837,638,1,2
1837,639,1,2
1837,640,1,2
1837,641,1,2
1837,642,1,2
1837,643,1,2
1837,644,1,2
1837,645,1,2
1837,646,1,2
1837,647,1,2
1837,648,1,2
1838,124,1,2
1838,125,1,2
1838,126,1,2
1838,127,1,2
1838,128,1,2
1838,129,1,2
1838,130,1,2
1838,131,1,2
1838,132,1,2
1838,133,1,2
1838,134,1,2
1838,135,1,2
1838,136,1,2
1838,137,1,2
1838,138,1,2
1838,139,1,2
1838,140,1,2
1838,141,1,2
1838,142,1,2
1838,143,1,2
1838,144,1,3
1838,145,1,3
1838,146,1,3
1838,147,1,3
1838,148,1,2
1838,149,1,2
1838,150,1,2
1838,151,1,2
1838,152,1,2
1838,153,1,2
1838,154,1,2
1838,155,1,2
1838,156,1,2
1838,157,1,2
1838,158,1,2
1838,159,1,2
1838,160,1,2
1838,161,1,2
1838,162,1,2
1838,163,1,2
1838,164,1,2
1838,165,1,2
1838,166,1,2
1838,167,1,2
1838,168,1,2
1838,169,1,2
1838,170,1,2
1838,171,1,2
1838,172,1,2
1838,173,1,2
1838,174,1,2
1838,175,1,2
1838,176,1,2
1838,177,1,2
1838,178,1,2
1838,179,1,2
1838,180,1,2
1838,181,1,2
1838,182,1,2
1838,183,1,2
1838,184,1,2
1838,185,1,2
1838,186,1,2
1838,187,1,2
1838,188,1,2
1838,189,1,2
1838,190,1,2
1838,191,1,2
1838,192,1,2
1838,193,1,2
1838,194,1,2
1838,195,1,2
1838,196,1,2
1838,197,1,2
1838,198,1,2
1838,199,1,2
1838,200,1,2
1838,201,1,2
1838,202,1,2
1838,203,1,2
1838,204,1,2
1838,205,1,2
1838,206,1,2
1838,207,1,2
1838,208,1,2
1838,209,1,2
1838,210,1,2
1838,211,1,2
1838,212,1,2
1838,213,1,2
1838,214,1,2
1838,215,1,2
1838,216,1,2
1838,217,1,2
1838,218,1,2
1838,219,1,2
1838,220,1,2
1838,221,1,2
1838,222,1,2
1838,223,1,2
1838,224,1,2
1838,225,1,2
1838,226,1,2
1838,227,1,2
1838,228,1,2
1838,229,1,2
1838,230,1,2
1838,231,1,2
1838,232,1,2
1838,233,1,2
1838,234,1,2
1838,235,1,2
1838,236,1,2
1838,237,1,2
1838,238,1,2
1838,239,1,2
1838,240,1,2
1838,241,1,2
1838,242,1,2
1838,243,1,2
1838,244,1,2
1838,245,1,2
1838,246,1,2
1838,247,1,2
1838,248,1,2
1838,249,1,2
1838,250,1,2
1838,251,1,2
1838,252,1,2
1838,253,1,2
1838,254,1,2
1838,255,1,2
1838,256,1,2
1838,257,1,2
1838,258,1,2
1838,259,1,2
1838,260,1,2
1838,261,1,2
1838,262,1,2
1838,263,1,2
1838,264,1,2
1838,265,1,2
1838,266,1,2
1838,267,1,2
1838,268,1,2
1838,269,1,2
1838,270,1,2
1838,271,1,2
1838,272,1,2
1838,273,1,2
1838,274,1,2
1838,275,1,2
1838,276,1,2
1838,277,1,2
1838,278,1,2
1838,279,1,2
1838,280,1,2
1838,281,1,2
1838,282,1,2
1838,283,1,2
1838,284,1,2
1838,285,1,2
1838,286,1,2
1838,287,1,2
1838,288,1,2
1838,289,1,2
1838,290,1,2
1838,291,1,2
1838,292,1,2
1838,293,1,2
1838,294,1,2
1838,295,1,2
1838,296,1,2
1838,297,1,2
1838,298,1,2
1838,299,1,2
1838,300,1,2
1838,301,1,2
1838,302,1,2
1838,303,1,2
1838,304,1,2
1838,305,1,2
1838,306,1,2
1838,307,1,2
1838,308,1,2
1838,309,1,2
1838,310,1,2
1838,311,1,2
1838,312,1,2
1838,313,1,2
1838,314,1,2
1838,315,1,2
1838,316,1,2
1838,317,1,2
1838,318,1,2
1838,319,1,2
1838,320,1,2
1838,321,1,2
1838,322,1,2
1838,323,1,2
1838,324,1,2
1838,325,1,2
1838,326,1,2
1838,327,1,2
1838,328,1,2
1838,329,1,2
1838,330,1,2
1838,331,1,2
1838,332,1,2
1838,333,1,2
1838,334,1,2
1838,335,1,2
1838,336,1,2
1838,337,1,2
1838,338,1,2
1838,339,1,2
1838,340,1,2
1838,341,1,2
1838,342,1,2
1838,343,1,2
1838,344,1,2
1838,345,1,2
1838,346,1,2
1838,347,1,2
1838,348,1,2
1838,349,1,2
1838,350,1,2
1838,351,1,2
1838,352,1,2
1838,353,1,2
1838,354,1,2
1838,355,1,2
1838,356,1,2
1838,357,1,2
1838,358,1,2
1838,359,1,2
1838,360,1,2
1838,361,1,2
1838,362,1,2
1838,363,1,2
1838,364,1,2
1838,365,1,2
1838,366,1,2
1838,367,1,2
1838,368,1,2
1838,369,1,2
1838,370,1,2
1838,371,1,2
1838,372,1,2
1838,373,1,2
1838,374,1,2
1838,375,1,2
1838,376,1,2
1838,377,1,2
1838,378,1,2
1838,379,1,2
1838,380,1,2
1838,381,1,2
1838,382,1,2
1838,383,1,2
1838,384,1,2
1838,385,1,2
1838,386,1,2
1838,387,1,2
1838,388,1,2
1838,389,1,2
1838,390,1,2
1838,391,1,2
1838,392,1,2
1838,393,1,2
1838,394,1,2
1838,395,1,2
1838,396,1,2
1838,397,1,2
1838,398,1,2
1838,399,1,2
1838,400,1,2
1838,401,1,2
1838,402,1,2
1838,403,1,2
1838,404,1,2
1838,405,1,2
1838,406,1,2
1838,407,1,2
1838,408,1,2
1838,409,1,2
1838,410,1,2
1838,411,1,2
1838,412,1,2
1838,413,1,2
1838,414,1,2
1838,415,1,2
1838,416,1,2
1838,417,1,2
1838,418,1,2
1838,419,1,2
1838,420,1,2
1838,421,1,2
1838,422,1,2
1838,423,1,2
1838,424,1,2
1838,425,1,2
1838,426,1,2
1838,427,1,2
1838,428,1,2
1838,429,1,2
1838,430,1,2
1838,431,1,2
1838,432,1,2
1838,433,1,2
1838,434,1,2
1838,435,1,2
1838,436,1,2
1838,437,1,2
1838,438,1,2
1838,439,1,2
1838,440,1,2
1838,441,1,2
1838,442,1,2
1838,443,1,2
1838,444,1,2
1838,445,1,2
1838,446,1,2
1838,447,1,2
1838,448,1,2
1838,449,1,2
1838,450,1,2
1838,451,1,2
1838,452,1,2
1838,453,1,2
1838,454,1,2
1838,455,1,2
1838,456,1,2
1838,457,1,2
1838,458,1,2
1838,459,1,2
1838,460,1,2
1838,461,1,2
1838,462,1,2
1838,463,1,2
1838,464,1,2
1838,465,1,2
1838,466,1,2
1838,467,1,2
1838,468,1,2
1838,469,1,2
1838,470,1,2
1838,471,1,2
1838,472,1,2
1838,473,1,2
1838,474,1,2
1838,475,1,2
1838,476,1,2
1838,477,1,2
1838,478,1,2
1838,479,1,2
1838,480,1,2
1838,481,1,2
1838,482,1,2
1838,483,1,2
1838,484,1,2
1838,485,1,2
1838,486,1,2
1838,487,1,2
1838,488,1,2
1838,489,1,2
1838,490,1,2
1838,491,1,2
1838,492,1,2
1838,493,1,2
1838,494,1,2
1838,495,1,2
1838,496,1,2
1838,497,1,2
1838,498,1,2
1838,499,1,2
1838,500,1,2
1838,501,1,2
1838,502,1,2
1838,503,1,2
1838,504,1,2
1838,505,1,2
1838,506,1,2
1838,507,1,2
1838,508,1,2
1838,509,1,2
1838,510,1,2
1838,511,1,2
1838,512,1,2
1838,513,1,2
1838,514,1,2
1838,515,1,2
1838,516,1,2
1838,517,1,2
1838,518,1,2
1838,519,1,2
1838,520,1,2
1838,521,1,2
1838,522,1,2
1838,523,1,2
1838,524,1,2
1838,525,1,2
1838,526,1,2
1838,527,1,2
1838,528,1,2
1838,529,1,2
1838,530,1,2
1838,531,1,2
1838,532,1,2
1838,533,1,2
1838,534,1,2
1838,535,1,2
1838,536,1,2
1838,537,1,2
1838,538,1,2
1838,539,1,2
1838,540,1,2
1838,541,1,2
1838,542,1,2
1838,543,1,2
1838,544,1,2
1838,545,1,2
1838,546,1,2
1838,547,1,2
1838,548,1,2
1838,549,1,2
1838,550,1,3
1838,551,1,3
1838,552,1,3
1838,553,1,3
1838,554,1,3
1838,555,1,3
1838,556,1,3
1838,557,1,3
1838,558,1,3
1838,559,1,3
1838,560,1,3
1838,561,1,3
1838,562,1,3
1838,563,1,3
1838,564,1,3
1838,565,1,3
1838,566,1,3
1838,567,1,3
1838,568,1,3
1838,569,1,3
1838,570,1,3
1838,571,1,3
1838,572,1,3
1838,573,1,3
1838,574,1,3
1838,575,1,3
1838,576,1,3
1838,577,1,3
1838,578,1,3
1838,579,1,3
1838,580,1,3
1838,581,1,3
1838,582,1,3
1838,583,1,3
1838,584,1,3
1838,585,1,3
1838,586,1,3
1838,587,1,3
1838,588,1,3
1838,589,1,3
1838,590,1,3
1838,591,1,2
1838,592,1,2
1838,593,1,2
1838,594,1,2
1838,595,1,2
1838,596,1,2
1838,597,1,2
1838,598,1,2
1838,599,1,2
1838,600,1,2
1838,601,1,2
1838,602,1,2
1838,603,1,2
1838,604,1,2
1838,605,1,2
1838,606,1,2
1838,607,1,2
1838,608,1,2
1838,609,1,2
1838,610,1,2
1838,611,1,2
1838,612,1,2
1838,613,1,2
1838,614,1,2
1838,615,1,2
1838,616,1,2
1838,617,1,2
1838,618,1,2
1838,619,1,2
1838,620,1,2
1838,621,1,2
1838,622,1,2
1838,623,1,2
1838,624,1,2
1838,625,1,2
1838,626,1,2
1838,627,1,2
1838,628,1,2
1838,629,1,2
1838,630,1,2
1838,631,1,2
1838,632,1,2
1838,633,1,2
1838,634,1,2
1838,635,1,2
1838,636,1,2
1838,637,1,2
1838,638,1,2
1838,639,1,2
1838,640,1,2
1838,641,1,2
1838,642,1,2
1838,643,1,2
1838,644,1,2
1838,645,1,2
1838,646,1,2
1838,647,1,2
1838,648,1,2
1839,124,1,2
1839,125,1,2
1839,126,1,2
1839,127,1,2
1839,128,1,2
1839,129,1,2
1839,130,1,2
1839,131,1,2
1839,132,1,2
1839,133,1,2
1839,134,1,2
1839,135,1,2
1839,136,1,2
1839,137,1,2
1839,138,1,2
1839,139,1,2
1839,140,1,2
1839,141,1,2
1839,142,1,2
1839,143,1,3
1839,144,1,3
1839,145,1,3
1839,146,1,3
1839,147,1,3
1839,148,1,3
1839,149,1,2
1839,150,1,2
1839,151,1,2
1839,152,1,2
1839,153,1,2
1839,154,1,2
1839,155,1,2
1839,156,1,2
1839,157,1,2
1839,158,1,2
1839,159,1,2
1839,160,1,2
1839,161,1,2
1839,162,1,2
1839,163,1,2
1839,164,1,2
1839,165,1,2
1839,166,1,2
1839,167,1,2
1839,168,1,2
1839,169,1,2
1839,170,1,2
1839,171,1,2
1839,172,1,2
1839,173,1,2
1839,174,1,2
1839,175,1,2
1839,176,1,2
1839,177,1,2
1839,178,1,2
1839,179,1,2
1839,180,1,2
1839,181,1,2
1839,182,1,2
1839,183,1,2
1839,184,1,2
1839,185,1,2
1839,186,1,2
1839,187,1,2
1839,188,1,2
1839,189,1,2
1839,190,1,2
1839,191,1,2
1839,192,1,2
1839,193,1,2
1839,194,1,2
1839,195,1,2
1839,196,1,2
1839,197,1,2
1839,198,1,2
1839,199,1,2
1839,200,1,2
1839,201,1,2
1839,202,1,2
1839,203,1,2
1839,204,1,2
1839,205,1,2
1839,206,1,2
1839,207,1,2
1839,208,1,2
1839,209,1,2
1839,210,1,2
1839,211,1,2
1839,212,1,2
1839,213,1,2
1839,214,1,2
1839,215,1,2
1839,216,1,2
1839,217,1,2
1839,218,1,2
1839,219,1,2
1839,220,1,2
1839,221,1,2
1839,222,1,2
1839,223,1,2
1839,224,1,2
1839,225,1,2
1839,226,1,2
1839,227,1,2
1839,228,1,2
1839,229,1,2
1839,230,1,2
1839,231,1,2
1839,232,1,2
1839,233,1,2
1839,234,1,2
1839,235,1,2
1839,236,1,2
1839,237,1,2
1839,238,1,2
1839,239,1,2
1839,240,1,2
1839,241,1,2
1839,242,1,2
1839,243,1,2
1839,244,1,2
1839,245,1,2
1839,246,1,2
1839,247,1,2
1839,248,1,2
1839,249,1,2
1839,250,1,2
1839,251,1,2
1839,252,1,2
1839,253,1,2
1839,254,1,2
1839,255,1,2
1839,256,1,2
1839,257,1,2
1839,258,1,2
1839,259,1,2
1839,260,1,2
1839,261,1,2
1839,262,1,2
1839,263,1,2
1839,264,1,2
1839,265,1,2
1839,266,1,2
1839,267,1,2
1839,268,1,2
1839,269,1,2
1839,270,1,2
1839,271,1,2
1839,272,1,2
1839,273,1,2
1839,274,1,2
1839,275,1,2
1839,276,1,2
1839,277,1,2
1839,278,1,2
1839,279,1,2
1839,280,1,2
1839,281,1,2
1839,282,1,2
1839,283,1,2
1839,284,1,2
1839,285,1,2
1839,286,1,2
1839,287,1,2
1839,288,1,2
1839,289,1,2
1839,290,1,2
1839,291,1,2
1839,292,1,2
1839,293,1,2
1839,294,1,2
1839,295,1,2
1839,296,1,2
1839,297,1,2
1839,298,1,2
1839,299,1,2
1839,300,1,2
1839,301,1,2
1839,302,1,2
1839,303,1,2
1839,304,1,2
1839,305,1,2
1839,306,1,2
1839,307,1,2
1839,308,1,2
1839,309,1,2
1839,310,1,2
1839,311,1,2
1839,312,1,2
1839,313,1,2
1839,314,1,2
1839,315,1,2
1839,316,1,2
1839,317,1,2
1839,318,1,2
1839,319,1,2
1839,320,1,2
1839,321,1,2
1839,322,1,2
1839,323,1,2
1839,324,1,2
1839,325,1,2
1839,326,1,2
1839,327,1,2
1839,328,1,2
1839,329,1,2
1839,330,1,2
1839,331,1,2
1839,332,1,2
1839,333,1,2
1839,334,1,2
1839,335,1,2
1839,336,1,2
1839,337,1,2
1839,338,1,2
1839,339,1,2
1839,340,1,2
1839,341,1,2
1839,342,1,2
1839,343,1,2
1839,344,1,2
1839,345,1,2
1839,346,1,2
1839,347,1,2
1839,348,1,2
1839,349,1,2
1839,350,1,2
1839,351,1,2
1839,352,1,2
1839,353,1,2
1839,354,1,2
1839,355,1,2
1839,356,1,2
1839,357,1,2
1839,358,1,2
1839,359,1,2
1839,360,1,2
1839,361,1,2
1839,362,1,2
1839,363,1,2
1839,364,1,2
1839,365,1,2
1839,366,1,2
1839,367,1,2
1839,368,1,2
1839,369,1,2
1839,370,1,2
1839,371,1,2
1839,372,1,2
1839,373,1,2
1839,374,1,2
1839,375,1,2
1839,376,1,2
1839,377,1,2
1839,378,1,2
1839,379,1,2
1839,380,1,2
1839,381,1,2
1839,382,1,2
1839,383,1,2
1839,384,1,2
1839,385,1,2
1839,386,1,2
1839,387,1,2
1839,388,1,2
1839,389,1,2
1839,390,1,2
1839,391,1,2
1839,392,1,2
1839,393,1,2
1839,394,1,2
1839,395,1,2
1839,396,1,2
1839,397,1,2
1839,398,1,2
1839,399,1,2
1839,400,1,2
1839,401,1,2
1839,402,1,2
1839,403,1,2
1839,404,1,2
1839,405,1,2
1839,406,1,2
1839,407,1,2
1839,408,1,2
1839,409,1,2
1839,410,1,2
1839,411,1,2
1839,412,1,2
1839,413,1,2
1839,414,1,2
1839,415,1,2
1839,416,1,2
1839,417,1,2
1839,418,1,2
1839,419,1,2
1839,420,1,2
1839,421,1,2
1839,422,1,2
1839,423,1,2
1839,424,1,2
1839,425,1,2
1839,426,1,2
1839,427,1,2
1839,428,1,2
1839,429,1,2
1839,430,1,2
1839,431,1,2
1839,432,1,2
1839,433,1,2
1839,434,1,2
1839,435,1,2
1839,436,1,2
1839,437,1,2
1839,438,1,2
1839,439,1,2
1839,440,1,2
1839,441,1,2
1839,442,1,2
1839,443,1,2
1839,444,1,2
1839,445,1,2
1839,446,1,2
1839,447,1,2
1839,448,1,2
1839,449,1,2
1839,450,1,2
1839,451,1,2
1839,452,1,2
1839,453,1,2
1839,454,1,2
1839,455,1,2
1839,456,1,2
1839,457,1,2
1839,458,1,2
1839,459,1,2
1839,460,1,2
1839,461,1,2
1839,462,1,2
1839,463,1,2
1839,464,1,2
1839,465,1,2
1839,466,1,2
1839,467,1,2
1839,468,1,2
1839,469,1,2
1839,470,1,2
1839,471,1,2
1839,472,1,2
1839,473,1,2
1839,474,1,2
1839,475,1,2
1839,476,1,2
1839,477,1,2
1839,478,1,2
1839,479,1,2
1839,480,1,2
1839,481,1,2
1839,482,1,2
1839,483,1,2
1839,484,1,2
1839,485,1,2
1839,486,1,2
1839,487,1,2
1839,488,1,2
1839,489,1,2
1839,490,1,2
1839,491,1,2
1839,492,1,2
1839,493,1,2
1839,494,1,2
1839,495,1,2
1839,496,1,2
1839,497,1,2
1839,498,1,2
1839,499,1,2
1839,500,1,2
1839,501,1,2
1839,502,1,2
1839,503,1,2
1839,504,1,2
1839,505,1,2
1839,506,1,2
1839,507,1,2
1839,508,1,2
1839,509,1,2
1839,510,1,2
1839,511,1,2
1839,512,1,2
1839,513,1,2
1839,514,1,2
1839,515,1,2
1839,516,1,2
1839,517,1,2
1839,518,1,2
1839,519,1,2
1839,520,1,2
1839,521,1,2
1839,522,1,2
1839,523,1,2
1839,524,1,2
1839,525,1,2
1839,526,1,2
1839,527,1,2
1839,528,1,2
1839,529,1,2
1839,530,1,2
1839,531,1,2
1839,532,1,2
1839,533,1,2
1839,534,1,2
1839,535,1,2
1839,536,1,2
1839,537,1,2
1839,538,1,2
1839,539,1,2
1839,540,1,2
1839,541,1,2
1839,542,1,2
1839,543,1,2
1839,544,1,2
1839,545,1,2
1839,546,1,2
1839,547,1,2
1839,548,1,2
1839,549,1,2
1839,550,1,3
1839,551,1,3
1839,552,1,3
1839,553,1,3
1839,554,1,3
1839,555,1,3
1839,556,1,3
1839,557,1,3
1839,558,1,3
1839,559,1,3
1839,560,1,3
1839,561,1,3
1839,562,1,3
1839,563,1,3
1839,564,1,3
1839,565,1,3
1839,566,1,3
1839,567,1,3
1839,568,1,3
1839,569,1,3
1839,570,1,3
1839,571,1,3
1839,572,1,3
1839,573,1,3
1839,574,1,3
1839,575,1,3
1839,576,1,3
1839,577,1,3
1839,578,1,3
1839,579,1,3
1839,580,1,3
1839,581,1,3
1839,582,1,3
1839,583,1,3
1839,584,1,3
1839,585,1,3
1839,586,1,3
1839,587,1,3
1839,588,1,3
1839,589,1,3
1839,590,1,3
1839,591,1,2
1839,592,1,2
1839,593,1,2
1839,594,1,2
1839,595,1,2
1839,596,1,2
1839,597,1,2
1839,598,1,2
1839,599,1,2
1839,600,1,2
1839,601,1,2
1839,602,1,2
1839,603,1,2
1839,604,1,2
1839,605,1,2
1839,606,1,2
1839,607,1,2
1839,608,1,2
1839,609,1,2
1839,610,1,2
1839,611,1,2
1839,612,1,2
1839,613,1,2
1839,614,1,2
1839,615,1,2
1839,616,1,2
1839,617,1,2
1839,618,1,2
1839,619,1,2
1839,620,1,2
1839,621,1,2
1839,622,1,2
1839,623,1,2
1839,624,1,2
1839,625,1,2
1839,626,1,2
1839,627,1,2
1839,628,1,2
1839,629,1,2
1839,630,1,2
1839,631,1,2
1839,632,1,2
1839,633,1,2
1839,634,1,2
1839,635,1,2
1839,636,1,2
1839,637,1,2
1839,638,1,2
1839,639,1,2
1839,640,1,2
1839,641,1,2
1839,642,1,2
1839,643,1,2
1839,644,1,2
1839,645,1,2
1839,646,1,2
1839,647,1,2
1839,648,1,2
1840,124,1,2
1840,125,1,2
1840,126,1,2
1840,127,1,2
1840,128,1,2
1840,129,1,2
1840,130,1,2
1840,131,1,2
1840,132,1,2
1840,133,1,2
1840,134,1,2
1840,135,1,2
1840,136,1,3
1840,137,1,3
1840,138,1,3
1840,139,1,3
1840,140,1,3
1840,141,1,3
1840,142,1,3
1840,143,1,3
1840,144,1,3
1840,145,1,3
1840,146,1,3
1840,147,1,2
1840,148,1,2
1840,149,1,2
1840,150,1,2
1840,151,1,2
1840,152,1,2
1840,153,1,2
1840,154,1,2
1840,155,1,2
1840,156,1,2
1840,157,1,2
1840,158,1,2
1840,159,1,2
1840,160,1,2
1840,161,1,2
1840,162,1,2
1840,163,1,2
1840,164,1,2
1840,165,1,2
1840,166,1,2
1840,167,1,2
1840,168,1,2
1840,169,1,2
1840,170,1,2
1840,171,1,2
1840,172,1,2
1840,173,1,2
1840,174,1,2
1840,175,1,2
1840,176,1,2
1840,177,1,2
1840,178,1,2
1840,179,1,2
1840,180,1,2
1840,181,1,2
1840,182,1,2
1840,183,1,2
1840,184,1,2
1840,185,1,2
1840,186,1,2
1840,187,1,2
1840,188,1,2
1840,189,1,2
1840,190,1,2
1840,191,1,2
1840,192,1,2
1840,193,1,2
1840,194,1,2
1840,195,1,2
1840,196,1,2
1840,197,1,2
1840,198,1,2
1840,199,1,2
1840,200,1,2
1840,201,1,2
1840,202,1,2
1840,203,1,2
1840,204,1,2
1840,205,1,2
1840,206,1,2
1840,207,1,2
1840,208,1,2
1840,209,1,2
1840,210,1,2
1840,211,1,2
1840,212,1,2
1840,213,1,2
1840,214,1,2
1840,215,1,2
1840,216,1,2
1840,217,1,2
1840,218,1,2
1840,219,1,2
1840,220,1,2
1840,221,1,2
1840,222,1,2
1840,223,1,2
1840,224,1,2
1840,225,1,2
1840,226,1,2
1840,227,1,2
1840,228,1,2
1840,229,1,2
1840,230,1,2
1840,231,1,2
1840,232,1,2
1840,233,1,2
1840,234,1,2
1840,235,1,2
1840,236,1,2
1840,237,1,2
1840,238,1,2
1840,239,1,2
1840,240,1,2
1840,241,1,2
1840,242,1,2
1840,243,1,2
1840,244,1,2
1840,245,1,2
1840,246,1,2
1840,247,1,2
1840,248,1,2
1840,249,1,2
1840,250,1,2
1840,251,1,2
1840,252,1,2
1840,253,1,2
1840,254,1,2
1840,255,1,2
1840,256,1,2
1840,257,1,2
1840,258,1,2
1840,259,1,2
1840,260,1,2
1840,261,1,2
1840,262,1,2
1840,263,1,2
1840,264,1,2
1840,265,1,2
1840,266,1,2
1840,267,1,2
1840,268,1,2
1840,269,1,2
1840,270,1,2
1840,271,1,2
1840,272,1,2
1840,273,1,2
1840,274,1,2
1840,275,1,2
1840,276,1,2
1840,277,1,2
1840,278,1,2
1840,279,1,2
1840,280,1,2
1840,281,1,2
1840,282,1,2
1840,283,1,2
1840,284,1,2
1840,285,1,2
1840,286,1,2
1840,287,1,2
1840,288,1,2
1840,289,1,2
1840,290,1,2
1840,291,1,2
1840,292,1,2
1840,293,1,2
1840,294,1,2
1840,295,1,2
1840,296,1,2
1840,297,1,2
1840,298,1,2
1840,299,1,2
1840,300,1,2
1840,301,1,2
1840,302,1,2
1840,303,1,2
1840,304,1,2
1840,305,1,2
1840,306,1,2
1840,307,1,2
1840,308,1,2
1840,309,1,2
1840,310,1,2
1840,311,1,2
1840,312,1,2
1840,313,1,2
1840,314,1,2
1840,315,1,2
1840,316,1,2
1840,317,1,2
1840,318,1,2
1840,319,1,2
1840,320,1,2
1840,321,1,2
1840,322,1,2
1840,323,1,2
1840,324,1,2
1840,325,1,2
1840,326,1,2
1840,327,1,2
1840,328,1,2
1840,329,1,2
1840,330,1,2
1840,331,1,2
1840,332,1,2
1840,333,1,2
1840,334,1,2
1840,335,1,2
1840,336,1,2
1840,337,1,2
1840,338,1,2
1840,339,1,2
1840,340,1,2
1840,341,1,2
1840,342,1,2
1840,343,1,2
1840,344,1,2
1840,345,1,2
1840,346,1,2
1840,347,1,2
1840,348,1,2
1840,349,1,2
1840,350,1,2
1840,351,1,2
1840,352,1,2
1840,353,1,2
1840,354,1,2
1840,355,1,2
1840,356,1,2
1840,357,1,2
1840,358,1,2
1840,359,1,2
1840,360,1,2
1840,361,1,2
1840,362,1,2
1840,363,1,2
1840,364,1,2
1840,365,1,2
1840,366,1,2
1840,367,1,2
1840,368,1,2
1840,369,1,2
1840,370,1,2
1840,371,1,2
1840,372,1,2
1840,373,1,2
1840,374,1,2
1840,375,1,2
1840,376,1,2
1840,377,1,2
1840,378,1,2
1840,379,1,2
1840,380,1,2
1840,381,1,2
1840,382,1,2
1840,383,1,2
1840,384,1,2
1840,385,1,2
1840,386,1,2
1840,387,1,2
1840,388,1,2
1840,389,1,2
1840,390,1,2
1840,391,1,2
1840,392,1,2
1840,393,1,2
1840,394,1,2
1840,395,1,2
1840,396,1,2
1840,397,1,2
1840,398,1,2
1840,399,1,2
1840,400,1,2
1840,401,1,2
1840,402,1,2
1840,403,1,2
1840,404,1,2
1840,405,1,2
1840,406,1,2
1840,407,1,2
1840,408,1,2
1840,409,1,2
1840,410,1,2
1840,411,1,2
1840,412,1,2
1840,413,1,2
1840,414,1,2
1840,415,1,2
1840,416,1,2
1840,417,1,2
1840,418,1,2
1840,419,1,2
1840,420,1,2
1840,421,1,2
1840,422,1,2
1840,423,1,2
1840,424,1,2
1840,425,1,2
1840,426,1,2
1840,427,1,2
1840,428,1,2
1840,429,1,2
1840,430,1,2
1840,431,1,2
1840,432,1,2
1840,433,1,2
1840,434,1,2
1840,435,1,2
1840,436,1,2
1840,437,1,2
1840,438,1,2
1840,439,1,2
1840,440,1,2
1840,441,1,2
1840,442,1,2
1840,443,1,2
1840,444,1,2
1840,445,1,2
1840,446,1,2
1840,447,1,2
1840,448,1,2
1840,449,1,2
1840,450,1,2
1840,451,1,2
1840,452,1,2
1840,453,1,2
1840,454,1,2
1840,455,1,2
1840,456,1,2
1840,457,1,2
1840,458,1,2
1840,459,1,2
1840,460,1,2
1840,461,1,2
1840,462,1,2
1840,463,1,2
1840,464,1,2
1840,465,1,2
1840,466,1,2
1840,467,1,2
1840,468,1,2
1840,469,1,2
1840,470,1,2
1840,471,1,2
1840,472,1,2
1840,473,1,2
1840,474,1,2
1840,475,1,2
1840,476,1,2
1840,477,1,2
1840,478,1,2
1840,479,1,2
1840,480,1,2
1840,481,1,2
1840,482,1,2
1840,483,1,2
1840,484,1,2
1840,485,1,2
1840,486,1,2
1840,487,1,2
1840,488,1,2
1840,489,1,2
1840,490,1,2
1840,491,1,2
1840,492,1,2
1840,493,1,2
1840,494,1,2
1840,495,1,2
1840,496,1,2
1840,497,1,2
1840,498,1,2
1840,499,1,2
1840,500,1,2
1840,501,1,2
1840,502,1,2
1840,503,1,2
1840,504,1,2
1840,505,1,2
1840,506,1,2
1840,507,1,2
1840,508,1,2
1840,509,1,2
1840,510,1,2
1840,511,1,2
1840,512,1,2
1840,513,1,2
1840,514,1,2
1840,515,1,2
1840,516,1,2
1840,517,1,2
1840,518,1,2
1840,519,1,2
1840,520,1,2
1840,521,1,2
1840,522,1,2
1840,523,1,2
1840,524,1,2
1840,525,1,2
1840,526,1,2
1840,527,1,2
1840,528,1,2
1840,529,1,2
1840,530,1,2
1840,531,1,2
1840,532,1,2
1840,533,1,2
1840,534,1,2
1840,535,1,2
1840,536,1,2
1840,537,1,2
1840,538,1,2
1840,539,1,2
1840,540,1,2
1840,541,1,2
1840,542,1,2
1840,543,1,2
1840,544,1,2
1840,545,1,2
1840,546,1,2
1840,547,1,2
1840,548,1,2
1840,549,1,2
1840,550,1,3
1840,551,1,3
1840,552,1,3
1840,553,1,3
1840,554,1,3
1840,555,1,3
1840,556,1,3
1840,557,1,3
1840,558,1,3
1840,559,1,3
1840,560,1,3
1840,561,1,3
1840,562,1,3
1840,563,1,3
1840,564,1,3
1840,565,1,3
1840,566,1,3
1840,567,1,3
1840,568,1,3
1840,569,1,3
1840,570,1,3
1840,571,1,3
1840,572,1,3
1840,573,1,3
1840,574,1,3
1840,575,1,3
1840,576,1,3
1840,577,1,3
1840,578,1,3
1840,579,1,3
1840,580,1,3
1840,581,1,3
1840,582,1,3
1840,583,1,3
1840,584,1,3
1840,585,1,3
1840,586,1,3
1840,587,1,3
1840,588,1,3
1840,589,1,3
1840,590,1,3
1840,591,1,2
1840,592,1,2
1840,593,1,2
1840,594,1,2
1840,595,1,2
1840,596,1,2
1840,597,1,2
1840,598,1,2
1840,599,1,2
1840,600,1,2
1840,601,1,2
1840,602,1,2
1840,603,1,2
1840,604,1,2
1840,605,1,2
1840,606,1,2
1840,607,1,2
1840,608,1,2
1840,609,1,2
1840,610,1,2
1840,611,1,2
1840,612,1,2
1840,613,1,2
1840,614,1,2
1840,615,1,2
1840,616,1,2
1840,617,1,2
1840,618,1,2
1840,619,1,2
1840,620,1,2
1840,621,1,2
1840,622,1,2
1840,623,1,2
1840,624,1,2
1840,625,1,2
1840,626,1,2
1840,627,1,2
1840,628,1,2
1840,629,1,2
1840,630,1,2
1840,631,1,2
1840,632,1,2
1840,633,1,2
1840,634,1,2
1840,635,1,2
1840,636,1,2
1840,637,1,2
1840,638,1,2
1840,639,1,2
1840,640,1,2
1840,641,1,2
1840,642,1,2
1840,643,1,2
1840,644,1,2
1840,645,1,2
1840,646,1,2
1840,647,1,2
1840,648,1,2
1840,649,1,2
1841,123,1,2
1841,124,1,2
1841,125,1,2
1841,126,1,2
1841,127,1,2
1841,128,1,2
1841,129,1,2
1841,130,1,2
1841,131,1,2
1841,132,1,2
1841,133,1,2
1841,134,1,2
1841,135,1,3
1841,136,1,3
1841,137,1,3
1841,138,1,3
1841,139,1,3
1841,140,1,3
1841,141,1,3
1841,142,1,3
1841,143,1,3
1841,144,1,3
1841,145,1,3
1841,146,1,3
1841,147,1,2
1841,148,1,2
1841,149,1,2
1841,150,1,2
1841,151,1,2
1841,152,1,2
1841,153,1,2
1841,154,1,2
1841,155,1,2
1841,156,1,2
1841,157,1,2
1841,158,1,2
1841,159,1,2
1841,160,1,2
1841,161,1,2
1841,162,1,2
1841,163,1,2
1841,164,1,2
1841,165,1,2
1841,166,1,2
1841,167,1,2
1841,168,1,2
1841,169,1,2
1841,170,1,2
1841,171,1,2
1841,172,1,2
1841,173,1,2
1841,174,1,2
1841,175,1,2
1841,176,1,2
1841,177,1,2
1841,178,1,2
1841,179,1,2
1841,180,1,2
1841,181,1,2
1841,182,1,2
1841,183,1,2
1841,184,1,2
1841,185,1,2
1841,186,1,2
1841,187,1,2
1841,188,1,2
1841,189,1,2
1841,190,1,2
1841,191,1,2
1841,192,1,2
1841,193,1,2
1841,194,1,2
1841,195,1,2
1841,196,1,2
1841,197,1,2
1841,198,1,2
1841,199,1,2
1841,200,1,2
1841,201,1,2
1841,202,1,2
1841,203,1,2
1841,204,1,2
1841,205,1,2
1841,206,1,2
1841,207,1,2
1841,208,1,2
1841,209,1,2
1841,210,1,2
1841,211,1,2
1841,212,1,2
1841,213,1,2
1841,214,1,2
1841,215,1,2
1841,216,1,2
1841,217,1,2
1841,218,1,2
1841,219,1,2
1841,220,1,2
1841,221,1,2
1841,222,1,2
1841,223,1,2
1841,224,1,2
1841,225,1,2
1841,226,1,2
1841,227,1,2
1841,228,1,2
1841,229,1,2
1841,230,1,2
1841,231,1,2
1841,232,1,2
1841,233,1,2
1841,234,1,2
1841,235,1,2
1841,236,1,2
1841,237,1,2
1841,238,1,2
1841,239,1,2
1841,240,1,2
1841,241,1,2
1841,242,1,2
1841,243,1,2
1841,244,1,2
1841,245,1,2
1841,246,1,2
1841,247,1,2
1841,248,1,2
1841,249,1,2
1841,250,1,2
1841,251,1,2
1841,252,1,2
1841,253,1,2
1841,254,1,2
1841,255,1,2
1841,256,1,2
1841,257,1,2
1841,258,1,2
1841,259,1,2
1841,260,1,2
1841,261,1,2
1841,262,1,2
1841,263,1,2
1841,264,1,2
1841,265,1,2
1841,266,1,2
1841,267,1,2
1841,268,1,2
1841,269,1,2
1841,270,1,2
1841,271,1,2
1841,272,1,2
1841,273,1,2
1841,274,1,2
1841,275,1,2
1841,276,1,2
1841,277,1,2
1841,278,1,2
1841,279,1,2
1841,280,1,2
1841,281,1,2
1841,282,1,2
1841,283,1,2
1841,284,1,2
1841,285,1,2
1841,286,1,2
1841,287,1,2
1841,288,1,2
1841,289,1,2
1841,290,1,2
1841,291,1,2
1841,292,1,2
1841,293,1,2
1841,294,1,2
1841,295,1,2
1841,296,1,2
1841,297,1,2
1841,298,1,2
1841,299,1,2
1841,300,1,2
1841,301,1,2
1841,302,1,2
1841,303,1,2
1841,304,1,2
1841,305,1,2
1841,306,1,2
1841,307,1,2
1841,308,1,2
1841,309,1,2
1841,310,1,2
1841,311,1,2
1841,312,1,2
1841,313,1,2
1841,314,1,2
1841,315,1,2
1841,316,1,2
1841,317,1,2
1841,318,1,2
1841,319,1,2
1841,320,1,2
1841,321,1,2
1841,322,1,2
1841,323,1,2
1841,324,1,2
1841,325,1,2
1841,326,1,2
1841,327,1,2
1841,328,1,2
1841,329,1,2
1841,330,1,2
1841,331,1,2
1841,332,1,2
1841,333,1,2
1841,334,1,2
1841,335,1,2
1841,336,1,2
1841,337,1,2
1841,338,1,2
1841,339,1,2
1841,340,1,2
1841,341,1,2
1841,342,1,2
1841,343,1,2
1841,344,1,2
1841,345,1,2
1841,346,1,2
1841,347,1,2
1841,348,1,2
1841,349,1,2
1841,350,1,2
1841,351,1,2
1841,352,1,2
1841,353,1,2
1841,354,1,2
1841,355,1,2
1841,356,1,2
1841,357,1,2
1841,358,1,2
1841,359,1,2
1841,360,1,2
1841,361,1,2
1841,362,1,2
1841,363,1,2
1841,364,1,2
1841,365,1,2
1841,366,1,2
1841,367,1,2
1841,368,1,2
1841,369,1,2
1841,370,1,2
1841,371,1,2
1841,372,1,2
1841,373,1,2
1841,374,1,2
1841,375,1,2
1841,376,1,2
1841,377,1,2
1841,378,1,2
1841,379,1,2
1841,380,1,2
1841,381,1,2
1841,382,1,2
1841,383,1,2
1841,384,1,2
1841,385,1,2
1841,386,1,2
1841,387,1,2
1841,388,1,2
1841,389,1,2
1841,390,1,2
1841,391,1,2
1841,392,1,2
1841,393,1,2
1841,394,1,2
1841,395,1,2
1841,396,1,2
1841,397,1,2
1841,398,1,2
1841,399,1,2
1841,400,1,2
1841,401,1,2
1841,402,1,2
1841,403,1,2
1841,404,1,2
1841,405,1,2
1841,406,1,2
1841,407,1,2
1841,408,1,2
1841,409,1,2
1841,410,1,2
1841,411,1,2
1841,412,1,2
1841,413,1,2
1841,414,1,2
1841,415,1,2
1841,416,1,2
1841,417,1,2
1841,418,1,2
1841,419,1,2
1841,420,1,2
1841,421,1,2
1841,422,1,2
1841,423,1,2
1841,424,1,2
1841,425,1,2
1841,426,1,2
1841,427,1,2
1841,428,1,2
1841,429,1,2
1841,430,1,2
1841,431,1,2
1841,432,1,2
1841,433,1,2
1841,434,1,2
1841,435,1,2
1841,436,1,2
1841,437,1,2
1841,438,1,2
1841,439,1,2
1841,440,1,2
1841,441,1,2
1841,442,1,2
1841,443,1,2
1841,444,1,2
1841,445,1,2
1841,446,1,2
1841,447,1,2
1841,448,1,2
1841,449,1,2
1841,450,1,2
1841,451,1,2
1841,452,1,2
1841,453,1,2
1841,454,1,2
1841,455,1,2
1841,456,1,2
1841,457,1,2
1841,458,1,2
1841,459,1,2
1841,460,1,2
1841,461,1,2
1841,462,1,2
1841,463,1,2
1841,464,1,2
1841,465,1,2
1841,466,1,2
1841,467,1,2
1841,468,1,2
1841,469,1,2
1841,470,1,2
1841,471,1,2
1841,472,1,2
1841,473,1,2
1841,474,1,2
1841,475,1,2
1841,476,1,2
1841,477,1,2
1841,478,1,2
1841,479,1,2
1841,480,1,2
1841,481,1,2
1841,482,1,2
1841,483,1,2
1841,484,1,2
1841,485,1,2
1841,486,1,2
1841,487,1,2
1841,488,1,2
1841,489,1,2
1841,490,1,2
1841,491,1,2
1841,492,1,2
1841,493,1,2
1841,494,1,2
1841,495,1,2
1841,496,1,2
1841,497,1,2
1841,498,1,2
1841,499,1,2
1841,500,1,2
1841,501,1,2
1841,502,1,2
1841,503,1,2
1841,504,1,2
1841,505,1,2
1841,506,1,2
1841,507,1,2
1841,508,1,2
1841,509,1,2
1841,510,1,2
1841,511,1,2
1841,512,1,2
1841,513,1,2
1841,514,1,2
1841,515,1,2
1841,516,1,2
1841,517,1,2
1841,518,1,2
1841,519,1,2
1841,520,1,2
1841,521,1,2
1841,522,1,2
1841,523,1,2
1841,524,1,2
1841,525,1,2
1841,526,1,2
1841,527,1,2
1841,528,1,2
1841,529,1,2
1841,530,1,2
1841,531,1,2
1841,532,1,2
1841,533,1,2
1841,534,1,2
1841,535,1,2
1841,536,1,2
1841,537,1,2
1841,538,1,2
1841,539,1,2
1841,540,1,2
1841,541,1,2
1841,542,1,2
1841,543,1,2
1841,544,1,2
1841,545,1,2
1841,546,1,2
1841,547,1,2
1841,548,1,2
1841,549,1,2
1841,550,1,3
1841,551,1,3
1841,552,1,3
1841,553,1,3
1841,554,1,3
1841,555,1,3
1841,556,1,3
1841,557,1,3
1841,558,1,3
1841,559,1,3
1841,560,1,3
1841,561,1,3
1841,562,1,3
1841,563,1,3
1841,564,1,3
1841,565,1,3
1841,566,1,3
1841,567,1,3
1841,568,1,3
1841,569,1,3
1841,570,1,3
1841,571,1,3
1841,572,1,3
1841,573,1,3
1841,574,1,3
1841,575,1,3
1841,576,1,3
1841,577,1,3
1841,578,1,3
1841,579,1,3
1841,580,1,3
1841,581,1,3
1841,582,1,3
1841,583,1,3
1841,584,1,3
1841,585,1,3
1841,586,1,3
1841,587,1,3
1841,588,1,3
1841,589,1,3
1841,590,1,2
1841,591,1,2
1841,592,1,2
1841,593,1,2
1841,594,1,2
1841,595,1,2
1841,596,1,2
1841,597,1,2
1841,598,1,2
1841,599,1,2
1841,600,1,2
1841,601,1,2
1841,602,1,2
1841,603,1,2
1841,604,1,2
1841,605,1,2
1841,606,1,2
1841,607,1,2
1841,608,1,2
1841,609,1,2
1841,610,1,2
1841,611,1,2
1841,612,1,2
1841,613,1,2
1841,614,1,2
1841,615,1,2
1841,616,1,2
1841,617,1,2
1841,618,1,2
1841,619,1,2
1841,620,1,2
1841,621,1,2
1841,622,1,2
1841,623,1,2
1841,624,1,2
1841,625,1,2
1841,626,1,2
1841,627,1,2
1841,628,1,2
1841,629,1,2
1841,630,1,2
1841,631,1,2
1841,632,1,2
1841,633,1,2
1841,634,1,2
1841,635,1,2
1841,636,1,2
1841,637,1,2
1841,638,1,2
1841,639,1,2
1841,640,1,2
1841,641,1,2
1841,642,1,2
1841,643,1,2
1841,644,1,2
1841,645,1,2
1841,646,1,2
1841,647,1,2
1841,648,1,2
1841,649,1,2
1842,123,1,2
1842,124,1,2
1842,125,1,2
1842,126,1,2
1842,127,1,2
1842,128,1,2
1842,129,1,2
1842,130,1,2
1842,131,1,2
1842,132,1,2
1842,133,1,3
1842,134,1,3
1842,135,1,3
1842,136,1,3
1842,137,1,3
1842,138,1,3
1842,139,1,3
1842,140,1,3
1842,141,1,3
1842,142,1,3
1842,143,1,3
1842,144,1,3
1842,145,1,3
1842,146,1,3
1842,147,1,2
1842,148,1,2
1842,149,1,2
1842,150,1,2
1842,151,1,2
1842,152,1,2
1842,153,1,2
1842,154,1,2
1842,155,1,2
1842,156,1,2
1842,157,1,2
1842,158,1,2
1842,159,1,2
1842,160,1,2
1842,161,1,2
1842,162,1,2
1842,163,1,2
1842,164,1,2
1842,165,1,2
1842,166,1,2
1842,167,1,2
1842,168,1,2
1842,169,1,2
1842,170,1,2
1842,171,1,2
1842,172,1,2
1842,173,1,2
1842,174,1,2
1842,175,1,2
1842,176,1,2
1842,177,1,2
1842,178,1,2
1842,179,1,2
1842,180,1,2
1842,181,1,2
1842,182,1,2
1842,183,1,2
1842,184,1,2
1842,185,1,2
1842,186,1,2
1842,187,1,2
1842,188,1,2
1842,189,1,2
1842,190,1,2
1842,191,1,2
1842,192,1,2
1842,193,1,2
1842,194,1,2
1842,195,1,2
1842,196,1,2
1842,197,1,2
1842,198,1,2
1842,199,1,2
1842,200,1,2
1842,201,1,2
1842,202,1,2
1842,203,1,2
1842,204,1,2
1842,205,1,2
1842,206,1,2
1842,207,1,2
1842,208,1,2
1842,209,1,2
1842,210,1,2
1842,211,1,2
1842,212,1,2
1842,213,1,2
1842,214,1,2
1842,215,1,2
1842,216,1,2
1842,217,1,2
1842,218,1,2
1842,219,1,2
1842,220,1,2
1842,221,1,2
1842,222,1,2
1842,223,1,2
1842,224,1,2
1842,225,1,2
1842,226,1,2
1842,227,1,2
1842,228,1,2
1842,229,1,2
1842,230,1,2
1842,231,1,2
1842,232,1,2
1842,233,1,2
1842,234,1,2
1842,235,1,2
1842,236,1,2
1842,237,1,2
1842,238,1,2
1842,239,1,2
1842,240,1,2
1842,241,1,2
1842,242,1,2
1842,243,1,2
1842,244,1,2
1842,245,1,2
1842,246,1,2
1842,247,1,2
1842,248,1,2
1842,249,1,2
1842,250,1,2
1842,251,1,2
1842,252,1,2
1842,253,1,2
1842,254,1,2
1842,255,1,2
1842,256,1,2
1842,257,1,2
1842,258,1,2
1842,259,1,2
1842,260,1,2
1842,261,1,2
1842,262,1,2
1842,263,1,2
1842,264,1,2
1842,265,1,2
1842,266,1,2
1842,267,1,2
1842,268,1,2
1842,269,1,2
1842,270,1,2
1842,271,1,2
1842,272,1,2
1842,273,1,2
1842,274,1,2
1842,275,1,2
1842,276,1,2
1842,277,1,2
1842,278,1,2
1842,279,1,2
1842,280,1,2
1842,281,1,2
1842,282,1,2
1842,283,1,2
1842,284,1,2
1842,285,1,2
1842,286,1,2
1842,287,1,2
1842,288,1,2
1842,289,1,2
1842,290,1,2
1842,291,1,2
1842,292,1,2
1842,293,1,2
1842,294,1,2
1842,295,1,2
1842,296,1,2
1842,297,1,2
1842,298,1,2
1842,299,1,2
1842,300,1,2
1842,301,1,2
1842,302,1,2
1842,303,1,2
1842,304,1,2
1842,305,1,2
1842,306,1,2
1842,307,1,2
1842,308,1,2
1842,309,1,2
1842,310,1,2
1842,311,1,2
1842,312,1,2
1842,313,1,2
1842,314,1,2
1842,315,1,2
1842,316,1,2
1842,317,1,2
1842,318,1,2
1842,319,1,2
1842,320,1,2
1842,321,1,2
1842,322,1,2
1842,323,1,2
1842,324,1,2
1842,325,1,2
1842,326,1,2
1842,327,1,2
1842,328,1,2
1842,329,1,2
1842,330,1,2
1842,331,1,2
1842,332,1,2
1842,333,1,2
1842,334,1,2
1842,335,1,2
1842,336,1,2
1842,337,1,2
1842,338,1,2
1842,339,1,2
1842,340,1,2
1842,341,1,2
1842,342,1,2
1842,343,1,2
1842,344,1,2
1842,345,1,2
1842,346,1,2
1842,347,1,2
1842,348,1,2
1842,349,1,2
1842,350,1,2
1842,351,1,2
1842,352,1,2
1842,353,1,2
1842,354,1,2
1842,355,1,2
1842,356,1,2
1842,357,1,2
1842,358,1,2
1842,359,1,2
1842,360,1,2
1842,361,1,2
1842,362,1,2
1842,363,1,2
1842,364,1,2
1842,365,1,2
1842,366,1,2
1842,367,1,2
1842,368,1,2
1842,369,1,2
1842,370,1,2
1842,371,1,2
1842,372,1,2
1842,373,1,2
1842,374,1,2
1842,375,1,2
1842,376,1,2
1842,377,1,2
1842,378,1,2
1842,379,1,2
1842,380,1,2
1842,381,1,2
1842,382,1,2
1842,383,1,2
1842,384,1,2
1842,385,1,2
1842,386,1,2
1842,387,1,2
1842,388,1,2
1842,389,1,2
1842,390,1,2
1842,391,1,2
1842,392,1,2
1842,393,1,2
1842,394,1,2
1842,395,1,2
1842,396,1,2
1842,397,1,2
1842,398,1,2
1842,399,1,2
1842,400,1,2
1842,401,1,2
1842,402,1,2
1842,403,1,2
1842,404,1,2
1842,405,1,2
1842,406,1,2
1842,407,1,2
1842,408,1,2
1842,409,1,2
1842,410,1,2
1842,411,1,2
1842,412,1,2
1842,413,1,2
1842,414,1,2
1842,415,1,2
1842,416,1,2
1842,417,1,2
1842,418,1,2
1842,419,1,2
1842,420,1,2
1842,421,1,2
1842,422,1,2
1842,423,1,2
1842,424,1,2
1842,425,1,2
1842,426,1,2
1842,427,1,2
1842,428,1,2
1842,429,1,2
1842,430,1,2
1842,431,1,2
1842,432,1,2
1842,433,1,2
1842,434,1,2
1842,435,1,2
1842,436,1,2
1842,437,1,2
1842,438,1,2
1842,439,1,2
1842,440,1,2
1842,441,1,2
1842,442,1,2
1842,443,1,2
1842,444,1,2
1842,445,1,2
1842,446,1,2
1842,447,1,2
1842,448,1,2
1842,449,1,2
1842,450,1,2
1842,451,1,2
1842,452,1,2
1842,453,1,2
1842,454,1,2
1842,455,1,2
1842,456,1,2
1842,457,1,2
1842,458,1,2
1842,459,1,2
1842,460,1,2
1842,461,1,2
1842,462,1,2
1842,463,1,2
1842,464,1,2
1842,465,1,2
1842,466,1,2
1842,467,1,2
1842,468,1,2
1842,469,1,2
1842,470,1,2
1842,471,1,2
1842,472,1,2
1842,473,1,2
1842,474,1,2
1842,475,1,2
1842,476,1,2
1842,477,1,2
1842,478,1,2
1842,479,1,2
1842,480,1,2
1842,481,1,2
1842,482,1,2
1842,483,1,2
1842,484,1,2
1842,485,1,2
1842,486,1,2
1842,487,1,2
1842,488,1,2
1842,489,1,2
1842,490,1,2
1842,491,1,2
1842,492,1,2
1842,493,1,2
1842,494,1,2
1842,495,1,2
1842,496,1,2
1842,497,1,2
1842,498,1,2
1842,499,1,2
1842,500,1,2
1842,501,1,2
1842,502,1,2
1842,503,1,2
1842,504,1,2
1842,505,1,2
1842,506,1,2
1842,507,1,2
1842,508,1,2
1842,509,1,2
1842,510,1,2
1842,511,1,2
1842,512,1,2
1842,513,1,2
1842,514,1,2
1842,515,1,2
1842,516,1,2
1842,517,1,2
1842,518,1,2
1842,519,1,2
1842,520,1,2
1842,521,1,2
1842,522,1,2
1842,523,1,2
1842,524,1,2
1842,525,1,2
1842,526,1,2
1842,527,1,2
1842,528,1,2
1842,529,1,2
1842,530,1,2
1842,531,1,2
1842,532,1,2
1842,533,1,2
1842,534,1,2
1842,535,1,2
1842,536,1,2
1842,537,1,2
1842,538,1,2
1842,539,1,2
1842,540,1,2
1842,541,1,2
1842,542,1,2
1842,543,1,2
1842,544,1,2
1842,545,1,2
1842,546,1,2
1842,547,1,2
1842,548,1,2
1842,549,1,2
1842,550,1,2
1842,551,1,3
1842,552,1,3
1842,553,1,3
1842,554,1,3
1842,555,1,3
1842,556,1,3
1842,557,1,3
1842,558,1,3
1842,559,1,3
1842,560,1,3
1842,561,1,3
1842,562,1,3
1842,563,1,3
1842,564,1,3
1842,565,1,3
1842,566,1,3
1842,567,1,3
1842,568,1,3
1842,569,1,3
1842,570,1,3
1842,571,1,3
1842,572,1,3
1842,573,1,3
1842,574,1,3
1842,575,1,3
1842,576,1,3
1842,577,1,3
1842,578,1,3
1842,579,1,3
1842,580,1,3
1842,581,1,3
1842,582,1,3
1842,583,1,3
1842,584,1,3
1842,585,1,3
1842,586,1,3
1842,587,1,3
1842,588,1,3
1842,589,1,2
1842,590,1,2
1842,591,1,2
1842,592,1,2
1842,593,1,2
1842,594,1,2
1842,595,1,2
1842,596,1,2
1842,597,1,2
1842,598,1,2
1842,599,1,2
1842,600,1,2
1842,601,1,2
1842,602,1,2
1842,603,1,2
1842,604,1,2
1842,605,1,2
1842,606,1,2
1842,607,1,2
1842,608,1,2
1842,609,1,2
1842,610,1,2
1842,611,1,2
1842,612,1,2
1842,613,1,2
1842,614,1,2
1842,615,1,2
1842,616,1,2
1842,617,1,2
1842,618,1,2
1842,619,1,2
1842,620,1,2
1842,621,1,2
1842,622,1,2
1842,623,1,2
1842,624,1,2
1842,625,1,2
1842,626,1,2
1842,627,1,2
1842,628,1,2
1842,629,1,2
1842,630,1,2
1842,631,1,2
1842,632,1,2
1842,633,1,2
1842,634,1,2
1842,635,1,2
1842,636,1,2
1842,637,1,2
1842,638,1,2
1842,639,1,2
1842,640,1,2
1842,641,1,2
1842,642,1,2
1842,643,1,2
1842,644,1,2
1842,645,1,2
1842,646,1,2
1842,647,1,2
1842,648,1,2
1842,649,1,2
1842,650,1,2
1843,123,1,2
1843,124,1,2
1843,125,1,2
1843,126,1,2
1843,127,1,2
1843,128,1,2
1843,129,1,2
1843,130,1,2
1843,131,1,2
1843,132,1,2
1843,133,1,2
1843,134,1,3
1843,135,1,3
1843,136,1,3
1843,137,1,3
1843,138,1,3
1843,139,1,3
1843,140,1,3
1843,141,1,3
1843,142,1,3
1843,143,1,3
1843,144,1,3
1843,145,1,3
1843,146,1,3
1843,147,1,2
1843,148,1,2
1843,149,1,2
1843,150,1,2
1843,151,1,2
1843,152,1,2
1843,153,1,2
1843,154,1,2
1843,155,1,2
1843,156,1,2
1843,157,1,2
1843,158,1,2
1843,159,1,2
1843,160,1,2
1843,161,1,2
1843,162,1,2
1843,163,1,2
1843,164,1,2
1843,165,1,2
1843,166,1,2
1843,167,1,2
1843,168,1,2
1843,169,1,2
1843,170,1,2
1843,171,1,2
1843,172,1,2
1843,173,1,2
1843,174,1,2
1843,175,1,2
1843,176,1,2
1843,177,1,2
1843,178,1,2
1843,179,1,2
1843,180,1,2
1843,181,1,2
1843,182,1,2
1843,183,1,2
1843,184,1,2
1843,185,1,2
1843,186,1,2
1843,187,1,2
1843,188,1,2
1843,189,1,2
1843,190,1,2
1843,191,1,2
1843,192,1,2
1843,193,1,2
1843,194,1,2
1843,195,1,2
1843,196,1,2
1843,197,1,2
1843,198,1,2
1843,199,1,2
1843,200,1,2
1843,201,1,2
1843,202,1,2
1843,203,1,2
1843,204,1,2
1843,205,1,2
1843,206,1,2
1843,207,1,2
1843,208,1,2
1843,209,1,2
1843,210,1,2
1843,211,1,2
1843,212,1,2
1843,213,1,2
1843,214,1,2
1843,215,1,2
1843,216,1,2
1843,217,1,2
1843,218,1,2
1843,219,1,2
1843,220,1,2
1843,221,1,2
1843,222,1,2
1843,223,1,2
1843,224,1,2
1843,225,1,2
1843,226,1,2
1843,227,1,2
1843,228,1,2
1843,229,1,2
1843,230,1,2
1843,231,1,2
1843,232,1,2
1843,233,1,2
1843,234,1,2
1843,235,1,2
1843,236,1,2
1843,237,1,2
1843,238,1,2
1843,239,1,2
1843,240,1,2
1843,241,1,2
1843,242,1,2
1843,243,1,2
1843,244,1,2
1843,245,1,2
1843,246,1,2
1843,247,1,2
1843,248,1,2
1843,249,1,2
1843,250,1,2
1843,251,1,2
1843,252,1,2
1843,253,1,2
1843,254,1,2
1843,255,1,2
1843,256,1,2
1843,257,1,2
1843,258,1,2
1843,259,1,2
1843,260,1,2
1843,261,1,2
1843,262,1,2
1843,263,1,2
1843,264,1,2
1843,265,1,2
1843,266,1,2
1843,267,1,2
1843,268,1,2
1843,269,1,2
1843,270,1,2
1843,271,1,2
1843,272,1,2
1843,273,1,2
1843,274,1,2
1843,275,1,2
1843,276,1,2
1843,277,1,2
1843,278,1,2
1843,279,1,2
1843,280,1,2
1843,281,1,2
1843,282,1,2
1843,283,1,2
1843,284,1,2
1843,285,1,2
1843,286,1,2
1843,287,1,2
1843,288,1,2
1843,289,1,2
1843,290,1,2
1843,291,1,2
1843,292,1,2
1843,293,1,2
1843,294,1,2
1843,295,1,2
1843,296,1,2
1843,297,1,2
1843,298,1,2
1843,299,1,2
1843,300,1,2
1843,301,1,2
1843,302,1,2
1843,303,1,2
1843,304,1,2
1843,305,1,2
1843,306,1,2
1843,307,1,2
1843,308,1,2
1843,309,1,2
1843,310,1,2
1843,311,1,2
1843,312,1,2
1843,313,1,2
1843,314,1,2
1843,315,1,2
1843,316,1,2
1843,317,1,2
1843,318,1,2
1843,319,1,2
1843,320,1,2
1843,321,1,2
1843,322,1,2
1843,323,1,2
1843,324,1,2
1843,325,1,2
1843,326,1,2
1843,327,1,2
1843,328,1,2
1843,329,1,2
1843,330,1,2
1843,331,1,2
1843,332,1,2
1843,333,1,2
1843,334,1,2
1843,335,1,2
1843,336,1,2
1843,337,1,2
1843,338,1,2
1843,339,1,2
1843,340,1,2
1843,341,1,2
1843,342,1,2
1843,343,1,2
1843,344,1,2
1843,345,1,2
1843,346,1,2
1843,347,1,2
1843,348,1,2
1843,349,1,2
1843,350,1,2
1843,351,1,2
1843,352,1,2
1843,353,1,2
1843,354,1,2
1843,355,1,2
1843,356,1,2
1843,357,1,2
1843,358,1,2
1843,359,1,2
1843,360,1,2
1843,361,1,2
1843,362,1,2
1843,363,1,2
1843,364,1,2
1843,365,1,2
1843,366,1,2
1843,367,1,2
1843,368,1,2
1843,369,1,2
1843,370,1,2
1843,371,1,2
1843,372,1,2
1843,373,1,2
1843,374,1,2
1843,375,1,2
1843,376,1,2
1843,377,1,2
1843,378,1,2
1843,379,1,2
1843,380,1,2
1843,381,1,2
1843,382,1,2
1843,383,1,2
1843,384,1,2
1843,385,1,2
1843,386,1,2
1843,387,1,2
1843,388,1,2
1843,389,1,2
1843,390,1,2
1843,391,1,2
1843,392,1,2
1843,393,1,2
1843,394,1,2
1843,395,1,2
1843,396,1,2
1843,397,1,2
1843,398,1,2
1843,399,1,2
1843,400,1,2
1843,401,1,2
1843,402,1,2
1843,403,1,2
1843,404,1,2
1843,405,1,2
1843,406,1,2
1843,407,1,2
1843,408,1,2
1843,409,1,2
1843,410,1,2
1843,411,1,2
1843,412,1,2
1843,413,1,2
1843,414,1,2
1843,415,1,2
1843,416,1,2
1843,417,1,2
1843,418,1,2
1843,419,1,2
1843,420,1,2
1843,421,1,2
1843,422,1,2
1843,423,1,2
1843,424,1,2
1843,425,1,2
1843,426,1,2
1843,427,1,2
1843,428,1,2
1843,429,1,2
1843,430,1,2
1843,431,1,2
1843,432,1,2
1843,433,1,2
1843,434,1,2
1843,435,1,2
1843,436,1,2
1843,437,1,2
1843,438,1,2
1843,439,1,2
1843,440,1,2
1843,441,1,2
1843,442,1,2
1843,443,1,2
1843,444,1,2
1843,445,1,2
1843,446,1,2
1843,447,1,2
1843,448,1,2
1843,449,1,2
1843,450,1,2
1843,451,1,2
1843,452,1,2
1843,453,1,2
1843,454,1,2
1843,455,1,2
1843,456,1,2
1843,457,1,2
1843,458,1,2
1843,459,1,2
1843,460,1,2
1843,461,1,2
1843,462,1,2
1843,463,1,2
1843,464,1,2
1843,465,1,2
1843,466,1,2
1843,467,1,2
1843,468,1,2
1843,469,1,2
1843,470,1,2
1843,471,1,2
1843,472,1,2
1843,473,1,2
1843,474,1,2
1843,475,1,2
1843,476,1,2
1843,477,1,2
1843,478,1,2
1843,479,1,2
1843,480,1,2
1843,481,1,2
1843,482,1,2
1843,483,1,2
1843,484,1,2
1843,485,1,2
1843,486,1,2
1843,487,1,2
1843,488,1,2
1843,489,1,2
1843,490,1,2
1843,491,1,2
1843,492,1,2
1843,493,1,2
1843,494,1,2
1843,495,1,2
1843,496,1,2
1843,497,1,2
1843,498,1,2
1843,499,1,2
1843,500,1,2
1843,501,1,2
1843,502,1,2
1843,503,1,2
1843,504,1,2
1843,505,1,2
1843,506,1,2
1843,507,1,2
1843,508,1,2
1843,509,1,2
1843,510,1,2
1843,511,1,2
1843,512,1,2
1843,513,1,2
1843,514,1,2
1843,515,1,2
1843,516,1,2
1843,517,1,2
1843,518,1,2
1843,519,1,2
1843,520,1,2
1843,521,1,2
1843,522,1,2
1843,523,1,2
1843,524,1,2
1843,525,1,2
1843,526,1,2
1843,527,1,2
1843,528,1,2
1843,529,1,2
1843,530,1,2
1843,531,1,2
1843,532,1,2
1843,533,1,2
1843,534,1,2
1843,535,1,2
1843,536,1,2
1843,537,1,2
1843,538,1,2
1843,539,1,2
1843,540,1,2
1843,541,1,2
1843,542,1,2
1843,543,1,2
1843,544,1,2
1843,545,1,2
1843,546,1,2
1843,547,1,2
1843,548,1,2
1843,549,1,2
1843,550,1,2
1843,551,1,3
1843,552,1,3
1843,553,1,3
1843,554,1,3
1843,555,1,3
1843,556,1,3
1843,557,1,3
1843,558,1,3
1843,559,1,3
1843,560,1,3
1843,561,1,3
1843,562,1,3
1843,563,1,3
1843,564,1,3
1843,565,1,3
1843,566,1,3
1843,567,1,3
1843,568,1,3
1843,569,1,3
1843,570,1,3
1843,571,1,3
1843,572,1,3
1843,573,1,3
1843,574,1,3
1843,575,1,3
1843,576,1,3
1843,577,1,3
1843,578,1,3
1843,579,1,3
1843,580,1,3
1843,581,1,3
1843,582,1,3
1843,583,1,3
1843,584,1,3
1843,585,1,3
1843,586,1,3
1843,587,1,3
1843,588,1,3
1843,589,1,2
1843,590,1,2
1843,591,1,2
1843,592,1,2
1843,593,1,2
1843,594,1,2
1843,595,1,2
1843,596,1,2
1843,597,1,2
1843,598,1,2
1843,599,1,2
1843,600,1,2
1843,601,1,2
1843,602,1,2
1843,603,1,2
1843,604,1,2
1843,605,1,2
1843,606,1,2
1843,607,1,2
1843,608,1,2
1843,609,1,2
1843,610,1,2
1843,611,1,2
1843,612,1,2
1843,613,1,2
1843,614,1,2
1843,615,1,2
1843,616,1,2
1843,617,1,2
1843,618,1,2
1843,619,1,2
1843,620,1,2
1843,621,1,2
1843,622,1,2
1843,623,1,2
1843,624,1,2
1843,625,1,2
1843,626,1,2
1843,627,1,2
1843,628,1,2
1843,629,1,2
1843,630,1,2
1843,631,1,2
1843,632,1,2
1843,633,1,2
1843,634,1,2
1843,635,1,2
1843,636,1,2
1843,637,1,2
1843,638,1,2
1843,639,1,2
1843,640,1,2
1843,641,1,2
1843,642,1,2
1843,643,1,2
1843,644,1,2
1843,645,1,2
1843,646,1,2
1843,647,1,2
1843,648,1,2
1843,649,1,2
1844,123,1,2
1844,124,1,2
1844,125,1,2
1844,126,1,2
1844,127,1,2
1844,128,1,2
1844,129,1,2
1844,130,1,2
1844,131,1,2
1844,132,1,2
1844,133,1,3
1844,134,1,3
1844,135,1,3
1844,136,1,3
1844,137,1,3
1844,138,1,3
1844,139,1,3
1844,140,1,3
1844,141,1,3
1844,142,1,3
1844,143,1,3
1844,144,1,3
1844,145,1,3
1844,146,1,3
1844,147,1,2
1844,148,1,2
1844,149,1,2
1844,150,1,2
1844,151,1,2
1844,152,1,2
1844,153,1,2
1844,154,1,2
1844,155,1,2
1844,156,1,2
1844,157,1,2
1844,158,1,2
1844,159,1,2
1844,160,1,2
1844,161,1,2
1844,162,1,2
1844,163,1,2
1844,164,1,2
1844,165,1,2
1844,166,1,2
1844,167,1,2
1844,168,1,2
1844,169,1,2
1844,170,1,2
1844,171,1,2
1844,172,1,2
1844,173,1,2
1844,174,1,2
1844,175,1,2
1844,176,1,2
1844,177,1,2
1844,178,1,2
1844,179,1,2
1844,180,1,2
1844,181,1,2
1844,182,1,2
1844,183,1,2
1844,184,1,2
1844,185,1,2
1844,186,1,2
1844,187,1,2
1844,188,1,2
1844,189,1,2
1844,190,1,2
1844,191,1,2
1844,192,1,2
1844,193,1,2
1844,194,1,2
1844,195,1,2
1844,196,1,2
1844,197,1,2
1844,198,1,2
1844,199,1,2
1844,200,1,2
1844,201,1,2
1844,202,1,2
1844,203,1,2
1844,204,1,2
1844,205,1,2
1844,206,1,2
1844,207,1,2
1844,208,1,2
1844,209,1,2
1844,210,1,2
1844,211,1,2
1844,212,1,2
1844,213,1,2
1844,214,1,2
1844,215,1,2
1844,216,1,2
1844,217,1,2
1844,218,1,2
1844,219,1,2
1844,220,1,2
1844,221,1,2
1844,222,1,2
1844,223,1,2
1844,224,1,2
1844,225,1,2
1844,226,1,2
1844,227,1,2
1844,228,1,2
1844,229,1,2
1844,230,1,2
1844,231,1,2
1844,232,1,2
1844,233,1,2
1844,234,1,2
1844,235,1,2
1844,236,1,2
1844,237,1,2
1844,238,1,2
1844,239,1,2
1844,240,1,2
1844,241,1,2
1844,242,1,2
1844,243,1,2
1844,244,1,2
1844,245,1,2
1844,246,1,2
1844,247,1,2
1844,248,1,2
1844,249,1,2
1844,250,1,2
1844,251,1,2
1844,252,1,2
1844,253,1,2
1844,254,1,2
1844,255,1,2
1844,256,1,2
1844,257,1,2
1844,258,1,2
1844,259,1,2
1844,260,1,2
1844,261,1,2
1844,262,1,2
1844,263,1,2
1844,264,1,2
1844,265,1,2
1844,266,1,2
1844,267,1,2
1844,268,1,2
1844,269,1,2
1844,270,1,2
1844,271,1,2
1844,272,1,2
1844,273,1,2
1844,274,1,2
1844,275,1,2
1844,276,1,2
1844,277,1,2
1844,278,1,2
1844,279,1,2
1844,280,1,2
1844,281,1,2
1844,282,1,2
1844,283,1,2
1844,284,1,2
1844,285,1,2
1844,286,1,2
1844,287,1,2
1844,288,1,2
1844,289,1,2
1844,290,1,2
1844,291,1,2
1844,292,1,2
1844,293,1,2
1844,294,1,2
1844,295,1,2
1844,296,1,2
1844,297,1,2
1844,298,1,2
1844,299,1,2
1844,300,1,2
1844,301,1,2
1844,302,1,2
1844,303,1,2
1844,304,1,2
1844,305,1,2
1844,306,1,2
1844,307,1,2
1844,308,1,2
1844,309,1,2
1844,310,1,2
1844,311,1,2
1844,312,1,2
1844,313,1,2
1844,314,1,2
1844,315,1,2
1844,316,1,2
1844,317,1,2
1844,318,1,2
1844,319,1,2
1844,320,1,2
1844,321,1,2
1844,322,1,2
1844,323,1,2
1844,324,1,2
1844,325,1,2
1844,326,1,2
1844,327,1,2
1844,328,1,2
1844,329,1,2
1844,330,1,2
1844,331,1,2
1844,332,1,2
1844,333,1,2
1844,334,1,2
1844,335,1,2
1844,336,1,2
1844,337,1,2
1844,338,1,2
1844,339,1,2
1844,340,1,2
1844,341,1,2
1844,342,1,2
1844,343,1,2
1844,344,1,2
1844,345,1,2
1844,346,1,2
1844,347,1,2
1844,348,1,2
1844,349,1,2
1844,350,1,2
1844,351,1,2
1844,352,1,2
1844,353,1,2
1844,354,1,2
1844,355,1,2
1844,356,1,2
1844,357,1,2
1844,358,1,2
1844,359,1,2
1844,360,1,2
1844,361,1,2
1844,362,1,2
1844,363,1,2
1844,364,1,2
1844,365,1,2
1844,366,1,2
1844,367,1,2
1844,368,1,2
1844,369,1,2
1844,370,1,2
1844,371,1,2
1844,372,1,2
1844,373,1,2
1844,374,1,2
1844,375,1,2
1844,376,1,2
1844,377,1,2
1844,378,1,2
1844,379,1,2
1844,380,1,2
1844,381,1,2
1844,382,1,2
1844,383,1,2
1844,384,1,2
1844,385,1,2
1844,386,1,2
1844,387,1,2
1844,388,1,2
1844,389,1,2
1844,390,1,2
1844,391,1,2
1844,392,1,2
1844,393,1,2
1844,394,1,2
1844,395,1,2
1844,396,1,2
1844,397,1,2
1844,398,1,2
1844,399,1,2
1844,400,1,2
1844,401,1,2
1844,402,1,2
1844,403,1,2
1844,404,1,2
1844,405,1,2
1844,406,1,2
1844,407,1,2
1844,408,1,2
1844,409,1,2
1844,410,1,2
1844,411,1,2
1844,412,1,2
1844,413,1,2
1844,414,1,2
1844,415,1,2
1844,416,1,2
1844,417,1,2
1844,418,1,2
1844,419,1,2
1844,420,1,2
1844,421,1,2
1844,422,1,2
1844,423,1,2
1844,424,1,2
1844,425,1,2
1844,426,1,2
1844,427,1,2
1844,428,1,2
1844,429,1,2
1844,430,1,2
1844,431,1,2
1844,432,1,2
1844,433,1,2
1844,434,1,2
1844,435,1,2
1844,436,1,2
1844,437,1,2
1844,438,1,2
1844,439,1,2
1844,440,1,2
1844,441,1,2
1844,442,1,2
1844,443,1,2
1844,444,1,2
1844,445,1,2
1844,446,1,2
1844,447,1,2
1844,448,1,2
1844,449,1,2
1844,450,1,2
1844,451,1,2
1844,452,1,2
1844,453,1,2
1844,454,1,2
1844,455,1,2
1844,456,1,2
1844,457,1,2
1844,458,1,2
1844,459,1,2
1844,460,1,2
1844,461,1,2
1844,462,1,2
1844,463,1,2
1844,464,1,2
1844,465,1,2
1844,466,1,2
1844,467,1,2
1844,468,1,2
1844,469,1,2
1844,470,1,2
1844,471,1,2
1844,472,1,2
1844,473,1,2
1844,474,1,2
1844,475,1,2
1844,476,1,2
1844,477,1,2
1844,478,1,2
1844,479,1,2
1844,480,1,2
1844,481,1,2
1844,482,1,2
1844,483,1,2
1844,484,1,2
1844,485,1,2
1844,486,1,2
1844,487,1,2
1844,488,1,2
1844,489,1,2
1844,490,1,2
1844,491,1,2
1844,492,1,2
1844,493,1,2
1844,494,1,2
1844,495,1,2
1844,496,1,2
1844,497,1,2
1844,498,1,2
1844,499,1,2
1844,500,1,2
1844,501,1,2
1844,502,1,2
1844,503,1,2
1844,504,1,2
1844,505,1,2
1844,506,1,2
1844,507,1,2
1844,508,1,2
1844,509,1,2
1844,510,1,2
1844,511,1,2
1844,512,1,2
1844,513,1,2
1844,514,1,2
1844,515,1,2
1844,516,1,2
1844,517,1,2
1844,518,1,2
1844,519,1,2
1844,520,1,2
1844,521,1,2
1844,522,1,2
1844,523,1,2
1844,524,1,2
1844,525,1,2
1844,526,1,2
1844,527,1,2
1844,528,1,2
1844,529,1,2
1844,530,1,2
1844,531,1,2
1844,532,1,2
1844,533,1,2
1844,534,1,2
1844,535,1,2
1844,536,1,2
1844,537,1,2
1844,538,1,2
1844,539,1,2
1844,540,1,2
1844,541,1,2
1844,542,1,2
1844,543,1,2
1844,544,1,2
1844,545,1,2
1844,546,1,2
1844,547,1,2
1844,548,1,2
1844,549,1,2
1844,550,1,2
1844,551,1,3
1844,552,1,3
1844,553,1,3
1844,554,1,3
1844,555,1,3
1844,556,1,3
1844,557,1,3
1844,558,1,3
1844,559,1,3
1844,560,1,3
1844,561,1,3
1844,562,1,3
1844,563,1,3
1844,564,1,3
1844,565,1,3
1844,566,1,3
1844,567,1,3
1844,568,1,3
1844,569,1,3
1844,570,1,3
1844,571,1,3
1844,572,1,3
1844,573,1,3
1844,574,1,3
1844,575,1,3
1844,576,1,3
1844,577,1,3
1844,578,1,3
1844,579,1,3
1844,580,1,3
1844,581,1,3
1844,582,1,3
1844,583,1,3
1844,584,1,3
1844,585,1,3
1844,586,1,3
1844,587,1,2
1844,588,1,2
1844,589,1,2
1844,590,1,2
1844,591,1,2
1844,592,1,2
1844,593,1,2
1844,594,1,2
1844,595,1,2
1844,596,1,2
1844,597,1,2
1844,598,1,2
1844,599,1,2
1844,600,1,2
1844,601,1,2
1844,602,1,2
1844,603,1,2
1844,604,1,2
1844,605,1,2
1844,606,1,2
1844,607,1,2
1844,608,1,2
1844,609,1,2
1844,610,1,2
1844,611,1,2
1844,612,1,2
1844,613,1,2
1844,614,1,2
1844,615,1,2
1844,616,1,2
1844,617,1,2
1844,618,1,2
1844,619,1,2
1844,620,1,2
1844,621,1,2
1844,622,1,2
1844,623,1,2
1844,624,1,2
1844,625,1,2
1844,626,1,2
1844,627,1,2
1844,628,1,2
1844,629,1,2
1844,630,1,2
1844,631,1,2
1844,632,1,2
1844,633,1,2
1844,634,1,2
1844,635,1,2
1844,636,1,2
1844,637,1,2
1844,638,1,2
1844,639,1,2
1844,640,1,2
1844,641,1,2
1844,642,1,2
1844,643,1,2
1844,644,1,2
1844,645,1,2
1844,646,1,2
1844,647,1,2
1844,648,1,2
1844,649,1,2
1844,650,1,2
1845,123,1,2
1845,124,1,2
1845,125,1,2
1845,126,1,2
1845,127,1,2
1845,128,1,2
1845,129,1,2
1845,130,1,2
1845,131,1,2
1845,132,1,2
1845,133,1,3
1845,134,1,3
1845,135,1,3
1845,136,1,3
1845,137,1,3
1845,138,1,3
1845,139,1,3
1845,140,1,3
1845,141,1,3
1845,142,1,3
1845,143,1,3
1845,144,1,3
1845,145,1,3
1845,146,1,3
1845,147,1,2
1845,148,1,2
1845,149,1,2
1845,150,1,2
1845,151,1,2
1845,152,1,2
1845,153,1,2
1845,154,1,2
1845,155,1,2
1845,156,1,2
1845,157,1,2
1845,158,1,2
1845,159,1,2
1845,160,1,2
1845,161,1,2
1845,162,1,2
1845,163,1,2
1845,164,1,2
1845,165,1,2
1845,166,1,2
1845,167,1,2
1845,168,1,2
1845,169,1,2
1845,170,1,2
1845,171,1,2
1845,172,1,2
1845,173,1,2
1845,174,1,2
1845,175,1,2
1845,176,1,2
1845,177,1,2
1845,178,1,2
1845,179,1,2
1845,180,1,2
1845,181,1,2
1845,182,1,2
1845,183,1,2
1845,184,1,2
1845,185,1,2
1845,186,1,2
1845,187,1,2
1845,188,1,2
1845,189,1,2
1845,190,1,2
1845,191,1,2
1845,192,1,2
1845,193,1,2
1845,194,1,2
1845,195,1,2
1845,196,1,2
1845,197,1,2
1845,198,1,2
1845,199,1,2
1845,200,1,2
1845,201,1,2
1845,202,1,2
1845,203,1,2
1845,204,1,2
1845,205,1,2
1845,206,1,2
1845,207,1,2
1845,208,1,2
1845,209,1,2
1845,210,1,2
1845,211,1,2
1845,212,1,2
1845,213,1,2
1845,214,1,2
1845,215,1,2
1845,216,1,2
1845,217,1,2
1845,218,1,2
1845,219,1,2
1845,220,1,2
1845,221,1,2
1845,222,1,2
1845,223,1,2
1845,224,1,2
1845,225,1,2
1845,226,1,2
1845,227,1,2
1845,228,1,2
1845,229,1,2
1845,230,1,2
1845,231,1,2
1845,232,1,2
1845,233,1,2
1845,234,1,2
1845,235,1,2
1845,236,1,2
1845,237,1,2
1845,238,1,2
1845,239,1,2
1845,240,1,2
1845,241,1,2
1845,242,1,2
1845,243,1,2
1845,244,1,2
1845,245,1,2
1845,246,1,2
1845,247,1,2
1845,248,1,2
1845,249,1,2
1845,250,1,2
1845,251,1,2
1845,252,1,2
1845,253,1,2
1845,254,1,2
1845,255,1,2
1845,256,1,2
1845,257,1,2
1845,258,1,2
1845,259,1,2
1845,260,1,2
1845,261,1,2
1845,262,1,2
1845,263,1,2
1845,264,1,2
1845,265,1,2
1845,266,1,2
1845,267,1,2
1845,268,1,2
1845,269,1,2
1845,270,1,2
1845,271,1,2
1845,272,1,2
1845,273,1,2
1845,274,1,2
1845,275,1,2
1845,276,1,2
1845,277,1,2
1845,278,1,2
1845,279,1,2
1845,280,1,2
1845,281,1,2
1845,282,1,2
1845,283,1,2
1845,284,1,2
1845,285,1,2
1845,286,1,2
1845,287,1,2
1845,288,1,2
1845,289,1,2
1845,290,1,2
1845,291,1,2
1845,292,1,2
1845,293,1,2
1845,294,1,2
1845,295,1,2
1845,296,1,2
1845,297,1,2
1845,298,1,2
1845,299,1,2
1845,300,1,2
1845,301,1,2
1845,302,1,2
1845,303,1,2
1845,304,1,2
1845,305,1,2
1845,306,1,2
1845,307,1,2
1845,308,1,2
1845,309,1,2
1845,310,1,2
1845,311,1,2
1845,312,1,2
1845,313,1,2
1845,314,1,2
1845,315,1,2
1845,316,1,2
1845,317,1,2
1845,318,1,2
1845,319,1,2
1845,320,1,2
1845,321,1,2
1845,322,1,2
1845,323,1,2
1845,324,1,2
1845,325,1,2
1845,326,1,2
1845,327,1,2
1845,328,1,2
1845,329,1,2
1845,330,1,2
1845,331,1,2
1845,332,1,2
1845,333,1,2
1845,334,1,2
1845,335,1,2
1845,336,1,2
1845,337,1,2
1845,338,1,2
1845,339,1,2
1845,340,1,2
1845,341,1,2
1845,342,1,2
1845,343,1,2
1845,344,1,2
1845,345,1,2
1845,346,1,2
1845,347,1,2
1845,348,1,2
1845,349,1,2
1845,350,1,2
1845,351,1,2
1845,352,1,2
1845,353,1,2
1845,354,1,2
1845,355,1,2
1845,356,1,2
1845,357,1,2
1845,358,1,2
1845,359,1,2
1845,360,1,2
1845,361,1,2
1845,362,1,2
1845,363,1,2
1845,364,1,2
1845,365,1,2
1845,366,1,2
1845,367,1,2
1845,368,1,2
1845,369,1,2
1845,370,1,2
1845,371,1,2
1845,372,1,2
1845,373,1,2
1845,374,1,2
1845,375,1,2
1845,376,1,2
1845,377,1,2
1845,378,1,2
1845,379,1,2
1845,380,1,2
1845,381,1,2
1845,382,1,2
1845,383,1,2
1845,384,1,2
1845,385,1,2
1845,386,1,2
1845,387,1,2
1845,388,1,2
1845,389,1,2
1845,390,1,2
1845,391,1,2
1845,392,1,2
1845,393,1,2
1845,394,1,2
1845,395,1,2
1845,396,1,2
1845,397,1,2
1845,398,1,2
1845,399,1,2
1845,400,1,2
1845,401,1,2
1845,402,1,2
1845,403,1,2
1845,404,1,2
1845,405,1,2
1845,406,1,2
1845,407,1,2
1845,408,1,2
1845,409,1,2
1845,410,1,2
1845,411,1,2
1845,412,1,2
1845,413,1,2
1845,414,1,2
1845,415,1,2
1845,416,1,2
1845,417,1,2
1845,418,1,2
1845,419,1,2
1845,420,1,2
1845,421,1,2
1845,422,1,2
1845,423,1,2
1845,424,1,2
1845,425,1,2
1845,426,1,2
1845,427,1,2
1845,428,1,2
1845,429,1,2
1845,430,1,2
1845,431,1,2
1845,432,1,2
1845,433,1,2
1845,434,1,2
1845,435,1,2
1845,436,1,2
1845,437,1,2
1845,438,1,2
1845,439,1,2
1845,440,1,2
1845,441,1,2
1845,442,1,2
1845,443,1,2
1845,444,1,2
1845,445,1,2
1845,446,1,2
1845,447,1,2
1845,448,1,2
1845,449,1,2
1845,450,1,2
1845,451,1,2
1845,452,1,2
1845,453,1,2
1845,454,1,2
1845,455,1,2
1845,456,1,2
1845,457,1,2
1845,458,1,2
1845,459,1,2
1845,460,1,2
1845,461,1,2
1845,462,1,2
1845,463,1,2
1845,464,1,2
1845,465,1,2
1845,466,1,2
1845,467,1,2
1845,468,1,2
1845,469,1,2
1845,470,1,2
1845,471,1,2
1845,472,1,2
1845,473,1,2
1845,474,1,2
1845,475,1,2
1845,476,1,2
1845,477,1,2
1845,478,1,2
1845,479,1,2
1845,480,1,2
1845,481,1,2
1845,482,1,2
1845,483,1,2
1845,484,1,2
1845,485,1,2
1845,486,1,2
1845,487,1,2
1845,488,1,2
1845,489,1,2
1845,490,1,2
1845,491,1,2
1845,492,1,2
1845,493,1,2
1845,494,1,2
1845,495,1,2
1845,496,1,2
1845,497,1,2
1845,498,1,2
1845,499,1,2
1845,500,1,2
1845,501,1,2
1845,502,1,2
1845,503,1,2
1845,504,1,2
1845,505,1,2
1845,506,1,2
1845,507,1,2
1845,508,1,2
1845,509,1,2
1845,510,1,2
1845,511,1,2
1845,512,1,2
1845,513,1,2
1845,514,1,2
1845,515,1,2
1845,516,1,2
1845,517,1,2
1845,518,1,2
1845,519,1,2
1845,520,1,2
1845,521,1,2
1845,522,1,2
1845,523,1,2
1845,524,1,2
1845,525,1,2
1845,526,1,2
1845,527,1,2
1845,528,1,2
1845,529,1,2
1845,530,1,2
1845,531,1,2
1845,532,1,2
1845,533,1,2
1845,534,1,2
1845,535,1,2
1845,536,1,2
1845,537,1,2
1845,538,1,2
1845,539,1,2
1845,540,1,2
1845,541,1,2
1845,542,1,2
1845,543,1,2
1845,544,1,2
1845,545,1,2
1845,546,1,2
1845,547,1,2
1845,548,1,2
1845,549,1,2
1845,550,1,2
1845,551,1,2
1845,552,1,3
1845,553,1,3
1845,554,1,3
1845,555,1,3
1845,556,1,3
1845,557,1,3
1845,558,1,3
1845,559,1,2
1845,560,1,3
1845,561,1,3
1845,562,1,3
1845,563,1,3
1845,564,1,3
1845,565,1,3
1845,566,1,3
1845,567,1,3
1845,568,1,3
1845,569,1,3
1845,570,1,3
1845,571,1,3
1845,572,1,3
1845,573,1,3
1845,574,1,3
1845,575,1,3
1845,576,1,3
1845,577,1,3
1845,578,1,3
1845,579,1,3
1845,580,1,3
1845,581,1,3
1845,582,1,3
1845,583,1,3
1845,584,1,2
1845,585,1,2
1845,586,1,2
1845,587,1,2
1845,588,1,2
1845,589,1,2
1845,590,1,2
1845,591,1,2
1845,592,1,2
1845,593,1,2
1845,594,1,2
1845,595,1,2
1845,596,1,2
1845,597,1,2
1845,598,1,2
1845,599,1,2
1845,600,1,2
1845,601,1,2
1845,602,1,2
1845,603,1,2
1845,604,1,2
1845,605,1,2
1845,606,1,2
1845,607,1,2
1845,608,1,2
1845,609,1,2
1845,610,1,2
1845,611,1,2
1845,612,1,2
1845,613,1,2
1845,614,1,2
1845,615,1,2
1845,616,1,2
1845,617,1,2
1845,618,1,2
1845,619,1,2
1845,620,1,2
1845,621,1,2
1845,622,1,2
1845,623,1,2
1845,624,1,2
1845,625,1,2
1845,626,1,2
1845,627,1,2
1845,628,1,2
1845,629,1,2
1845,630,1,2
1845,631,1,2
1845,632,1,2
1845,633,1,2
1845,634,1,2
1845,635,1,2
1845,636,1,2
1845,637,1,2
1845,638,1,2
1845,639,1,2
1845,640,1,2
1845,641,1,2
1845,642,1,2
1845,643,1,2
1845,644,1,2
1845,645,1,2
1845,646,1,2
1845,647,1,2
1845,648,1,2
1845,649,1,2
1846,122,1,2
1846,123,1,2
1846,124,1,2
1846,125,1,2
1846,126,1,2
1846,127,1,2
1846,128,1,2
1846,129,1,2
1846,130,1,2
1846,131,1,2
1846,132,1,3
1846,133,1,3
1846,134,1,3
1846,135,1,3
1846,136,1,3
1846,137,1,3
1846,138,1,3
1846,139,1,3
1846,140,1,3
1846,141,1,3
1846,142,1,3
1846,143,1,3
1846,144,1,3
1846,145,1,3
1846,146,1,3
1846,147,1,2
1846,148,1,2
1846,149,1,2
1846,150,1,2
1846,151,1,2
1846,152,1,2
1846,153,1,2
1846,154,1,2
1846,155,1,2
1846,156,1,2
1846,157,1,2
1846,158,1,2
1846,159,1,2
1846,160,1,2
1846,161,1,2
1846,162,1,2
1846,163,1,2
1846,164,1,2
1846,165,1,2
1846,166,1,2
1846,167,1,2
1846,168,1,2
1846,169,1,2
1846,170,1,2
1846,171,1,2
1846,172,1,2
1846,173,1,2
1846,174,1,2
1846,175,1,2
1846,176,1,2
1846,177,1,2
1846,178,1,2
1846,179,1,2
1846,180,1,2
1846,181,1,2
1846,182,1,2
1846,183,1,2
1846,184,1,2
1846,185,1,2
1846,186,1,2
1846,187,1,2
1846,188,1,2
1846,189,1,2
1846,190,1,2
1846,191,1,2
1846,192,1,2
1846,193,1,2
1846,194,1,2
1846,195,1,2
1846,196,1,2
1846,197,1,2
1846,198,1,2
1846,199,1,2
1846,200,1,2
1846,201,1,2
1846,202,1,2
1846,203,1,2
1846,204,1,2
1846,205,1,2
1846,206,1,2
1846,207,1,2
1846,208,1,2
1846,209,1,2
1846,210,1,2
1846,211,1,2
1846,212,1,2
1846,213,1,2
1846,214,1,2
1846,215,1,2
1846,216,1,2
1846,217,1,2
1846,218,1,2
1846,219,1,2
1846,220,1,2
1846,221,1,2
1846,222,1,2
1846,223,1,2
1846,224,1,2
1846,225,1,2
1846,226,1,2
1846,227,1,2
1846,228,1,2
1846,229,1,2
1846,230,1,2
1846,231,1,2
1846,232,1,2
1846,233,1,2
1846,234,1,2
1846,235,1,2
1846,236,1,2
1846,237,1,2
1846,238,1,2
1846,239,1,2
1846,240,1,2
1846,241,1,2
1846,242,1,2
1846,243,1,2
1846,244,1,2
1846,245,1,2
1846,246,1,2
1846,247,1,2
1846,248,1,2
1846,249,1,2
1846,250,1,2
1846,251,1,2
1846,252,1,2
1846,253,1,2
1846,254,1,2
1846,255,1,2
1846,256,1,2
1846,257,1,2
1846,258,1,2
1846,259,1,2
1846,260,1,2
1846,261,1,2
1846,262,1,2
1846,263,1,2
1846,264,1,2
1846,265,1,2
1846,266,1,2
1846,267,1,2
1846,268,1,2
1846,269,1,2
1846,270,1,2
1846,271,1,2
1846,272,1,2
1846,273,1,2
1846,274,1,2
1846,275,1,2
1846,276,1,2
1846,277,1,2
1846,278,1,2
1846,279,1,2
1846,280,1,2
1846,281,1,2
1846,282,1,2
1846,283,1,2
1846,284,1,2
1846,285,1,2
1846,286,1,2
1846,287,1,2
1846,288,1,2
1846,289,1,2
1846,290,1,2
1846,291,1,2
1846,292,1,2
1846,293,1,2
1846,294,1,2
1846,295,1,2
1846,296,1,2
1846,297,1,2
1846,298,1,2
1846,299,1,2
1846,300,1,2
1846,301,1,2
1846,302,1,2
1846,303,1,2
1846,304,1,2
1846,305,1,2
1846,306,1,2
1846,307,1,2
1846,308,1,2
1846,309,1,2
1846,310,1,2
1846,311,1,2
1846,312,1,2
1846,313,1,2
1846,314,1,2
1846,315,1,2
1846,316,1,2
1846,317,1,2
1846,318,1,2
1846,319,1,2
1846,320,1,2
1846,321,1,2
1846,322,1,2
1846,323,1,2
1846,324,1,2
1846,325,1,2
1846,326,1,2
1846,327,1,2
1846,328,1,2
1846,329,1,2
1846,330,1,2
1846,331,1,2
1846,332,1,2
1846,333,1,2
1846,334,1,2
1846,335,1,2
1846,336,1,2
1846,337,1,2
1846,338,1,2
1846,339,1,2
1846,340,1,2
1846,341,1,2
1846,342,1,2
1846,343,1,2
1846,344,1,2
1846,345,1,2
1846,346,1,2
1846,347,1,2
1846,348,1,2
1846,349,1,2
1846,350,1,2
1846,351,1,2
1846,352,1,2
1846,353,1,2
1846,354,1,2
1846,355,1,2
1846,356,1,2
1846,357,1,2
1846,358,1,2
1846,359,1,2
1846,360,1,2
1846,361,1,2
1846,362,1,2
1846,363,1,2
1846,364,1,2
1846,365,1,2
1846,366,1,2
1846,367,1,2
1846,368,1,2
1846,369,1,2
1846,370,1,2
1846,371,1,2
1846,372,1,2
1846,373,1,2
1846,374,1,2
1846,375,1,2
1846,376,1,2
1846,377,1,2
1846,378,1,2
1846,379,1,2
1846,380,1,2
1846,381,1,2
1846,382,1,2
1846,383,1,2
1846,384,1,2
1846,385,1,2
1846,386,1,2
1846,387,1,2
1846,388,1,2
1846,389,1,2
1846,390,1,2
1846,391,1,2
1846,392,1,2
1846,393,1,2
1846,394,1,2
1846,395,1,2
1846,396,1,2
1846,397,1,2
1846,398,1,2
1846,399,1,2
1846,400,1,2
1846,401,1,2
1846,402,1,2
1846,403,1,2
1846,404,1,2
1846,405,1,2
1846,406,1,2
1846,407,1,2
1846,408,1,2
1846,409,1,2
1846,410,1,2
1846,411,1,2
1846,412,1,2
1846,413,1,2
1846,414,1,2
1846,415,1,2
1846,416,1,2
1846,417,1,2
1846,418,1,2
1846,419,1,2
1846,420,1,2
1846,421,1,2
1846,422,1,2
1846,423,1,2
1846,424,1,2
1846,425,1,2
1846,426,1,2
1846,427,1,2
1846,428,1,2
1846,429,1,2
1846,430,1,2
1846,431,1,2
1846,432,1,2
1846,433,1,2
1846,434,1,2
1846,435,1,2
1846,436,1,2
1846,437,1,2
1846,438,1,2
1846,439,1,2
1846,440,1,2
1846,441,1,2
1846,442,1,2
1846,443,1,2
1846,444,1,2
1846,445,1,2
1846,446,1,2
1846,447,1,2
1846,448,1,2
1846,449,1,2
1846,450,1,2
1846,451,1,2
1846,452,1,2
1846,453,1,2
1846,454,1,2
1846,455,1,2
1846,456,1,2
1846,457,1,2
1846,458,1,2
1846,459,1,2
1846,460,1,2
1846,461,1,2
1846,462,1,2
1846,463,1,2
1846,464,1,2
1846,465,1,2
1846,466,1,2
1846,467,1,2
1846,468,1,2
1846,469,1,2
1846,470,1,2
1846,471,1,2
1846,472,1,2
1846,473,1,2
1846,474,1,2
1846,475,1,2
1846,476,1,2
1846,477,1,2
1846,478,1,2
1846,479,1,2
1846,480,1,2
1846,481,1,2
1846,482,1,2
1846,483,1,2
1846,484,1,2
1846,485,1,2
1846,486,1,2
1846,487,1,2
1846,488,1,2
1846,489,1,2
1846,490,1,2
1846,491,1,2
1846,492,1,2
1846,493,1,2
1846,494,1,2
1846,495,1,2
1846,496,1,2
1846,497,1,2
1846,498,1,2
1846,499,1,2
1846,500,1,2
1846,501,1,2
1846,502,1,2
1846,503,1,2
1846,504,1,2
1846,505,1,2
1846,506,1,2
1846,507,1,2
1846,508,1,2
1846,509,1,2
1846,510,1,2
1846,511,1,2
1846,512,1,2
1846,513,1,2
1846,514,1,2
1846,515,1,2
1846,516,1,2
1846,517,1,2
1846,518,1,2
1846,519,1,2
1846,520,1,2
1846,521,1,2
1846,522,1,2
1846,523,1,2
1846,524,1,2
1846,525,1,2
1846,526,1,2
1846,527,1,2
1846,528,1,2
1846,529,1,2
1846,530,1,2
1846,531,1,2
1846,532,1,2
1846,533,1,2
1846,534,1,2
1846,535,1,2
1846,536,1,2
1846,537,1,2
1846,538,1,2
1846,539,1,2
1846,540,1,2
1846,541,1,2
1846,542,1,2
1846,543,1,2
1846,544,1,2
1846,545,1,2
1846,546,1,2
1846,547,1,2
1846,548,1,2
1846,549,1,2
1846,550,1,2
1846,551,1,2
1846,552,1,3
1846,553,1,3
1846,554,1,3
1846,555,1,3
1846,556,1,3
1846,557,1,3
1846,558,1,3
1846,559,1,2
1846,560,1,3
1846,561,1,3
1846,562,1,3
1846,563,1,3
1846,564,1,3
1846,565,1,3
1846,566,1,3
1846,567,1,3
1846,568,1,3
1846,569,1,3
1846,570,1,3
1846,571,1,3
1846,572,1,3
1846,573,1,3
1846,574,1,3
1846,575,1,3
1846,576,1,3
1846,577,1,3
1846,578,1,3
1846,579,1,3
1846,580,1,3
1846,581,1,3
1846,582,1,3
1846,583,1,2
1846,584,1,2
1846,585,1,2
1846,586,1,2
1846,587,1,2
1846,588,1,2
1846,589,1,2
1846,590,1,2
1846,591,1,2
1846,592,1,2
1846,593,1,2
1846,594,1,2
1846,595,1,2
1846,596,1,2
1846,597,1,2
1846,598,1,2
1846,599,1,2
1846,600,1,2
1846,601,1,2
1846,602,1,2
1846,603,1,2
1846,604,1,2
1846,605,1,2
1846,606,1,2
1846,607,1,2
1846,608,1,2
1846,609,1,2
1846,610,1,2
1846,611,1,2
1846,612,1,2
1846,613,1,2
1846,614,1,2
1846,615,1,2
1846,616,1,2
1846,617,1,2
1846,618,1,2
1846,619,1,2
1846,620,1,2
1846,621,1,2
1846,622,1,2
1846,623,1,2
1846,624,1,2
1846,625,1,2
1846,626,1,2
1846,627,1,2
1846,628,1,2
1846,629,1,2
1846,630,1,2
1846,631,1,2
1846,632,1,2
1846,633,1,2
1846,634,1,2
1846,635,1,2
1846,636,1,2
1846,637,1,2
1846,638,1,2
1846,639,1,2
1846,640,1,2
1846,641,1,2
1846,642,1,2
1846,643,1,2
1846,644,1,2
1846,645,1,2
1846,646,1,2
1846,647,1,2
1846,648,1,2
1846,649,1,2
1847,122,1,2
1847,123,1,2
1847,124,1,2
1847,125,1,2
1847,126,1,2
1847,127,1,2
1847,128,1,2
1847,129,1,2
1847,130,1,2
1847,131,1,2
1847,132,1,3
1847,133,1,3
1847,134,1,3
1847,135,1,3
1847,136,1,3
1847,137,1,3
1847,138,1,3
1847,139,1,3
1847,140,1,3
1847,141,1,3
1847,142,1,3
1847,143,1,3
1847,144,1,3
1847,145,1,3
1847,146,1,3
1847,147,1,2
1847,148,1,2
1847,149,1,2
1847,150,1,2
1847,151,1,2
1847,152,1,2
1847,153,1,2
1847,154,1,2
1847,155,1,2
1847,156,1,2
1847,157,1,2
1847,158,1,2
1847,159,1,2
1847,160,1,2
1847,161,1,2
1847,162,1,2
1847,163,1,2
1847,164,1,2
1847,165,1,2
1847,166,1,2
1847,167,1,2
1847,168,1,2
1847,169,1,2
1847,170,1,2
1847,171,1,2
1847,172,1,2
1847,173,1,2
1847,174,1,2
1847,175,1,2
1847,176,1,2
1847,177,1,2
1847,178,1,2
1847,179,1,2
1847,180,1,2
1847,181,1,2
1847,182,1,2
1847,183,1,2
1847,184,1,2
1847,185,1,2
1847,186,1,2
1847,187,1,2
1847,188,1,2
1847,189,1,2
1847,190,1,2
1847,191,1,2
1847,192,1,2
1847,193,1,2
1847,194,1,2
1847,195,1,2
1847,196,1,2
1847,197,1,2
1847,198,1,2
1847,199,1,2
1847,200,1,2
1847,201,1,2
1847,202,1,2
1847,203,1,2
1847,204,1,2
1847,205,1,2
1847,206,1,2
1847,207,1,2
1847,208,1,2
1847,209,1,2
1847,210,1,2
1847,211,1,2
1847,212,1,2
1847,213,1,2
1847,214,1,2
1847,215,1,2
1847,216,1,2
1847,217,1,2
1847,218,1,2
1847,219,1,2
1847,220,1,2
1847,221,1,2
1847,222,1,2
1847,223,1,2
1847,224,1,2
1847,225,1,2
1847,226,1,2
1847,227,1,2
1847,228,1,2
1847,229,1,2
1847,230,1,2
1847,231,1,2
1847,232,1,2
1847,233,1,2
1847,234,1,2
1847,235,1,2
1847,236,1,2
1847,237,1,2
1847,238,1,2
1847,239,1,2
1847,240,1,2
1847,241,1,2
1847,242,1,2
1847,243,1,2
1847,244,1,2
1847,245,1,2
1847,246,1,2
1847,247,1,2
1847,248,1,2
1847,249,1,2
1847,250,1,2
1847,251,1,2
1847,252,1,2
1847,253,1,2
1847,254,1,2
1847,255,1,2
1847,256,1,2
1847,257,1,2
1847,258,1,2
1847,259,1,2
1847,260,1,2
1847,261,1,2
1847,262,1,2
1847,263,1,2
1847,264,1,2
1847,265,1,2
1847,266,1,2
1847,267,1,2
1847,268,1,2
1847,269,1,2
1847,270,1,2
1847,271,1,2
1847,272,1,2
1847,273,1,2
1847,274,1,2
1847,275,1,2
1847,276,1,2
1847,277,1,2
1847,278,1,2
1847,279,1,2
1847,280,1,2
1847,281,1,2
1847,282,1,2
1847,283,1,2
1847,284,1,2
1847,285,1,2
1847,286,1,2
1847,287,1,2
1847,288,1,2
1847,289,1,2
1847,290,1,2
1847,291,1,2
1847,292,1,2
1847,293,1,2
1847,294,1,2
1847,295,1,2
1847,296,1,2
1847,297,1,2
1847,298,1,2
1847,299,1,2
1847,300,1,2
1847,301,1,2
1847,302,1,2
1847,303,1,2
1847,304,1,2
1847,305,1,2
1847,306,1,2
1847,307,1,2
1847,308,1,2
1847,309,1,2
1847,310,1,2
1847,311,1,2
1847,312,1,2
1847,313,1,2
1847,314,1,2
1847,315,1,2
1847,316,1,2
1847,317,1,2
1847,318,1,2
1847,319,1,2
1847,320,1,2
1847,321,1,2
1847,322,1,2
1847,323,1,2
1847,324,1,2
1847,325,1,2
1847,326,1,2
1847,327,1,2
1847,328,1,2
1847,329,1,2
1847,330,1,2
1847,331,1,2
1847,332,1,2
1847,333,1,2
1847,334,1,2
1847,335,1,2
1847,336,1,2
1847,337,1,2
1847,338,1,2
1847,339,1,2
1847,340,1,2
1847,341,1,2
1847,342,1,2
1847,343,1,2
1847,344,1,2
1847,345,1,2
1847,346,1,2
1847,347,1,2
1847,348,1,2
1847,349,1,2
1847,350,1,2
1847,351,1,2
1847,352,1,2
1847,353,1,2
1847,354,1,2
1847,355,1,2
1847,356,1,2
1847,357,1,2
1847,358,1,2
1847,359,1,2
1847,360,1,2
1847,361,1,2
1847,362,1,2
1847,363,1,2
1847,364,1,2
1847,365,1,2
1847,366,1,2
1847,367,1,2
1847,368,1,2
1847,369,1,2
1847,370,1,2
1847,371,1,2
1847,372,1,2
1847,373,1,2
1847,374,1,2
1847,375,1,2
1847,376,1,2
1847,377,1,2
1847,378,1,2
1847,379,1,2
1847,380,1,2
1847,381,1,2
1847,382,1,2
1847,383,1,2
1847,384,1,2
1847,385,1,2
1847,386,1,2
1847,387,1,2
1847,388,1,2
1847,389,1,2
1847,390,1,2
1847,391,1,2
1847,392,1,2
1847,393,1,2
1847,394,1,2
1847,395,1,2
1847,396,1,2
1847,397,1,2
1847,398,1,2
1847,399,1,2
1847,400,1,2
1847,401,1,2
1847,402,1,2
1847,403,1,2
1847,404,1,2
1847,405,1,2
1847,406,1,2
1847,407,1,2
1847,408,1,2
1847,409,1,2
1847,410,1,2
1847,411,1,2
1847,412,1,2
1847,413,1,2
1847,414,1,2
1847,415,1,2
1847,416,1,2
1847,417,1,2
1847,418,1,2
1847,419,1,2
1847,420,1,2
1847,421,1,2
1847,422,1,2
1847,423,1,2
1847,424,1,2
1847,425,1,2
1847,426,1,2
1847,427,1,2
1847,428,1,2
1847,429,1,2
1847,430,1,2
1847,431,1,2
1847,432,1,2
1847,433,1,2
1847,434,1,2
1847,435,1,2
1847,436,1,2
1847,437,1,2
1847,438,1,2
1847,439,1,2
1847,440,1,2
1847,441,1,2
1847,442,1,2
1847,443,1,2
1847,444,1,2
1847,445,1,2
1847,446,1,2
1847,447,1,2
1847,448,1,2
1847,449,1,2
1847,450,1,2
1847,451,1,2
1847,452,1,2
1847,453,1,2
1847,454,1,2
1847,455,1,2
1847,456,1,2
1847,457,1,2
1847,458,1,2
1847,459,1,2
1847,460,1,2
1847,461,1,2
1847,462,1,2
1847,463,1,2
1847,464,1,2
1847,465,1,2
1847,466,1,2
1847,467,1,2
1847,468,1,2
1847,469,1,2
1847,470,1,2
1847,471,1,2
1847,472,1,2
1847,473,1,2
1847,474,1,2
1847,475,1,2
1847,476,1,2
1847,477,1,2
1847,478,1,2
1847,479,1,2
1847,480,1,2
1847,481,1,2
1847,482,1,2
1847,483,1,2
1847,484,1,2
1847,485,1,2
1847,486,1,2
1847,487,1,2
1847,488,1,2
1847,489,1,2
1847,490,1,2
1847,491,1,2
1847,492,1,2
1847,493,1,2
1847,494,1,2
1847,495,1,2
1847,496,1,2
1847,497,1,2
1847,498,1,2
1847,499,1,2
1847,500,1,2
1847,501,1,2
1847,502,1,2
1847,503,1,2
1847,504,1,2
1847,505,1,2
1847,506,1,2
1847,507,1,2
1847,508,1,2
1847,509,1,2
1847,510,1,2
1847,511,1,2
1847,512,1,2
1847,513,1,2
1847,514,1,2
1847,515,1,2
1847,516,1,2
1847,517,1,2
1847,518,1,2
1847,519,1,2
1847,520,1,2
1847,521,1,2
1847,522,1,2
1847,523,1,2
1847,524,1,2
1847,525,1,2
1847,526,1,2
1847,527,1,2
1847,528,1,2
1847,529,1,2
1847,530,1,2
1847,531,1,2
1847,532,1,2
1847,533,1,2
1847,534,1,2
1847,535,1,2
1847,536,1,2
1847,537,1,2
1847,538,1,2
1847,539,1,2
1847,540,1,2
1847,541,1,2
1847,542,1,2
1847,543,1,2
1847,544,1,2
1847,545,1,2
1847,546,1,2
1847,547,1,2
1847,548,1,2
1847,549,1,2
1847,550,1,2
1847,551,1,2
1847,552,1,2
1847,553,1,3
1847,554,1,3
1847,555,1,3
1847,556,1,3
1847,557,1,3
1847,558,1,2
1847,559,1,2
1847,560,1,2
1847,561,1,3
1847,562,1,3
1847,563,1,3
1847,564,1,3
1847,565,1,3
1847,566,1,3
1847,567,1,3
1847,568,1,3
1847,569,1,3
1847,570,1,3
1847,571,1,3
1847,572,1,3
1847,573,1,3
1847,574,1,3
1847,575,1,3
1847,576,1,3
1847,577,1,3
1847,578,1,3
1847,579,1,3
1847,580,1,3
1847,581,1,3
1847,582,1,2
1847,583,1,2
1847,584,1,2
1847,585,1,2
1847,586,1,2
1847,587,1,2
1847,588,1,2
1847,589,1,2
1847,590,1,2
1847,591,1,2
1847,592,1,2
1847,593,1,2
1847,594,1,2
1847,595,1,2
1847,596,1,2
1847,597,1,2
1847,598,1,2
1847,599,1,2
1847,600,1,2
1847,601,1,2
1847,602,1,2
1847,603,1,2
1847,604,1,2
1847,605,1,2
1847,606,1,2
1847,607,1,2
1847,608,1,2
1847,609,1,2
1847,610,1,2
1847,611,1,2
1847,612,1,2
1847,613,1,2
1847,614,1,2
1847,615,1,2
1847,616,1,2
1847,617,1,2
1847,618,1,2
1847,619,1,2
1847,620,1,2
1847,621,1,2
1847,622,1,2
1847,623,1,2
1847,624,1,2
1847,625,1,2
1847,626,1,2
1847,627,1,2
1847,628,1,2
1847,629,1,2
1847,630,1,2
1847,631,1,2
1847,632,1,2
1847,633,1,2
1847,634,1,2
1847,635,1,2
1847,636,1,2
1847,637,1,2
1847,638,1,2
1847,639,1,2
1847,640,1,2
1847,641,1,2
1847,642,1,2
1847,643,1,2
1847,644,1,2
1847,645,1,2
1847,646,1,2
1847,647,1,2
1847,648,1,2
1847,649,1,2
1848,122,1,2
1848,123,1,2
1848,124,1,2
1848,125,1,2
1848,126,1,2
1848,127,1,2
1848,128,1,2
1848,129,1,2
1848,130,1,2
1848,131,1,3
1848,132,1,3
1848,133,1,3
1848,134,1,3
1848,135,1,3
1848,136,1,3
1848,137,1,3
1848,138,1,3
1848,139,1,3
1848,140,1,3
1848,141,1,3
1848,142,1,3
1848,143,1,3
1848,144,1,3
1848,145,1,3
1848,146,1,3
1848,147,1,3
1848,148,1,2
1848,149,1,2
1848,150,1,2
1848,151,1,2
1848,152,1,2
1848,153,1,2
1848,154,1,2
1848,155,1,2
1848,156,1,2
1848,157,1,2
1848,158,1,2
1848,159,1,2
1848,160,1,2
1848,161,1,2
1848,162,1,2
1848,163,1,2
1848,164,1,2
1848,165,1,2
1848,166,1,2
1848,167,1,2
1848,168,1,2
1848,169,1,2
1848,170,1,2
1848,171,1,2
1848,172,1,2
1848,173,1,2
1848,174,1,2
1848,175,1,2
1848,176,1,2
1848,177,1,2
1848,178,1,2
1848,179,1,2
1848,180,1,2
1848,181,1,2
1848,182,1,2
1848,183,1,2
1848,184,1,2
1848,185,1,2
1848,186,1,2
1848,187,1,2
1848,188,1,2
1848,189,1,2
1848,190,1,2
1848,191,1,2
1848,192,1,2
1848,193,1,2
1848,194,1,2
1848,195,1,2
1848,196,1,2
1848,197,1,2
1848,198,1,2
1848,199,1,2
1848,200,1,2
1848,201,1,2
1848,202,1,2
1848,203,1,2
1848,204,1,2
1848,205,1,2
1848,206,1,2
1848,207,1,2
1848,208,1,2
1848,209,1,2
1848,210,1,2
1848,211,1,2
1848,212,1,2
1848,213,1,2
1848,214,1,2
1848,215,1,2
1848,216,1,2
1848,217,1,2
1848,218,1,2
1848,219,1,2
1848,220,1,2
1848,221,1,2
1848,222,1,2
1848,223,1,2
1848,224,1,2
1848,225,1,2
1848,226,1,2
1848,227,1,2
1848,228,1,2
1848,229,1,2
1848,230,1,2
1848,231,1,2
1848,232,1,2
1848,233,1,2
1848,234,1,2
1848,235,1,2
1848,236,1,2
1848,237,1,2
1848,238,1,2
1848,239,1,2
1848,240,1,2
1848,241,1,2
1848,242,1,2
1848,243,1,2
1848,244,1,2
1848,245,1,2
1848,246,1,2
1848,247,1,2
1848,248,1,2
1848,249,1,2
1848,250,1,2
1848,251,1,2
1848,252,1,2
1848,253,1,2
1848,254,1,2
1848,255,1,2
1848,256,1,2
1848,257,1,2
1848,258,1,2
1848,259,1,2
1848,260,1,2
1848,261,1,2
1848,262,1,2
1848,263,1,2
1848,264,1,2
1848,265,1,2
1848,266,1,2
1848,267,1,2
1848,268,1,2
1848,269,1,2
1848,270,1,2
1848,271,1,2
1848,272,1,2
1848,273,1,2
1848,274,1,2
1848,275,1,2
1848,276,1,2
1848,277,1,2
1848,278,1,2
1848,279,1,2
1848,280,1,2
1848,281,1,2
1848,282,1,2
1848,283,1,2
1848,284,1,2
1848,285,1,2
1848,286,1,2
1848,287,1,2
1848,288,1,2
1848,289,1,2
1848,290,1,2
1848,291,1,2
1848,292,1,2
1848,293,1,2
1848,294,1,2
1848,295,1,2
1848,296,1,2
1848,297,1,2
1848,298,1,2
1848,299,1,2
1848,300,1,2
1848,301,1,2
1848,302,1,2
1848,303,1,2
1848,304,1,2
1848,305,1,2
1848,306,1,2
1848,307,1,2
1848,308,1,2
1848,309,1,2
1848,310,1,2
1848,311,1,2
1848,312,1,2
1848,313,1,2
1848,314,1,2
1848,315,1,2
1848,316,1,2
1848,317,1,2
1848,318,1,2
1848,319,1,2
1848,320,1,2
1848,321,1,2
1848,322,1,2
1848,323,1,2
1848,324,1,2
1848,325,1,2
1848,326,1,2
1848,327,1,2
1848,328,1,2
1848,329,1,2
1848,330,1,2
1848,331,1,2
1848,332,1,2
1848,333,1,2
1848,334,1,2
1848,335,1,2
1848,336,1,2
1848,337,1,2
1848,338,1,2
1848,339,1,2
1848,340,1,2
1848,341,1,2
1848,342,1,2
1848,343,1,2
1848,344,1,2
1848,345,1,2
1848,346,1,2
1848,347,1,2
1848,348,1,2
1848,349,1,2
1848,350,1,2
1848,351,1,2
1848,352,1,2
1848,353,1,2
1848,354,1,2
1848,355,1,2
1848,356,1,2
1848,357,1,2
1848,358,1,2
1848,359,1,2
1848,360,1,2
1848,361,1,2
1848,362,1,2
1848,363,1,2
1848,364,1,2
1848,365,1,2
1848,366,1,2
1848,367,1,2
1848,368,1,2
1848,369,1,2
1848,370,1,2
1848,371,1,2
1848,372,1,2
1848,373,1,2
1848,374,1,2
1848,375,1,2
1848,376,1,2
1848,377,1,2
1848,378,1,2
1848,379,1,2
1848,380,1,2
1848,381,1,2
1848,382,1,2
1848,383,1,2
1848,384,1,2
1848,385,1,2
1848,386,1,2
1848,387,1,2
1848,388,1,2
1848,389,1,2
1848,390,1,2
1848,391,1,2
1848,392,1,2
1848,393,1,2
1848,394,1,2
1848,395,1,2
1848,396,1,2
1848,397,1,2
1848,398,1,2
1848,399,1,2
1848,400,1,2
1848,401,1,2
1848,402,1,2
1848,403,1,2
1848,404,1,2
1848,405,1,2
1848,406,1,2
1848,407,1,2
1848,408,1,2
1848,409,1,2
1848,410,1,2
1848,411,1,2
1848,412,1,2
1848,413,1,2
1848,414,1,2
1848,415,1,2
1848,416,1,2
1848,417,1,2
1848,418,1,2
1848,419,1,2
1848,420,1,2
1848,421,1,2
1848,422,1,2
1848,423,1,2
1848,424,1,2
1848,425,1,2
1848,426,1,2
1848,427,1,2
1848,428,1,2
1848,429,1,2
1848,430,1,2
1848,431,1,2
1848,432,1,2
1848,433,1,2
1848,434,1,2
1848,435,1,2
1848,436,1,2
1848,437,1,2
1848,438,1,2
1848,439,1,2
1848,440,1,2
1848,441,1,2
1848,442,1,2
1848,443,1,2
1848,444,1,2
1848,445,1,2
1848,446,1,2
1848,447,1,2
1848,448,1,2
1848,449,1,2
1848,450,1,2
1848,451,1,2
1848,452,1,2
1848,453,1,2
1848,454,1,2
1848,455,1,2
1848,456,1,2
1848,457,1,2
1848,458,1,2
1848,459,1,2
1848,460,1,2
1848,461,1,2
1848,462,1,2
1848,463,1,2
1848,464,1,2
1848,465,1,2
1848,466,1,2
1848,467,1,2
1848,468,1,2
1848,469,1,2
1848,470,1,2
1848,471,1,2
1848,472,1,2
1848,473,1,2
1848,474,1,2
1848,475,1,2
1848,476,1,2
1848,477,1,2
1848,478,1,2
1848,479,1,2
1848,480,1,2
1848,481,1,2
1848,482,1,2
1848,483,1,2
1848,484,1,2
1848,485,1,2
1848,486,1,2
1848,487,1,2
1848,488,1,2
1848,489,1,2
1848,490,1,2
1848,491,1,2
1848,492,1,2
1848,493,1,2
1848,494,1,2
1848,495,1,2
1848,496,1,2
1848,497,1,2
1848,498,1,2
1848,499,1,2
1848,500,1,2
1848,501,1,2
1848,502,1,2
1848,503,1,2
1848,504,1,2
1848,505,1,2
1848,506,1,2
1848,507,1,2
1848,508,1,2
1848,509,1,2
1848,510,1,2
1848,511,1,2
1848,512,1,2
1848,513,1,2
1848,514,1,2
1848,515,1,2
1848,516,1,2
1848,517,1,2
1848,518,1,2
1848,519,1,2
1848,520,1,2
1848,521,1,2
1848,522,1,2
1848,523,1,2
1848,524,1,2
1848,525,1,2
1848,526,1,2
1848,527,1,2
1848,528,1,2
1848,529,1,2
1848,530,1,2
1848,531,1,2
1848,532,1,2
1848,533,1,2
1848,534,1,2
1848,535,1,2
1848,536,1,2
1848,537,1,2
1848,538,1,2
1848,539,1,2
1848,540,1,2
1848,541,1,2
1848,542,1,2
1848,543,1,2
1848,544,1,2
1848,545,1,2
1848,546,1,2
1848,547,1,2
1848,548,1,2
1848,549,1,2
1848,550,1,2
1848,551,1,2
1848,552,1,2
1848,553,1,2
1848,554,1,2
1848,555,1,2
1848,556,1,2
1848,557,1,2
1848,558,1,2
1848,559,1,2
1848,560,1,3
1848,561,1,3
1848,562,1,3
1848,563,1,3
1848,564,1,3
1848,565,1,3
1848,566,1,3
1848,567,1,3
1848,568,1,3
1848,569,1,3
1848,570,1,3
1848,571,1,3
1848,572,1,3
1848,573,1,3
1848,574,1,3
1848,575,1,3
1848,576,1,3
1848,577,1,3
1848,578,1,3
1848,579,1,3
1848,580,1,3
1848,581,1,2
1848,582,1,2
1848,583,1,2
1848,584,1,2
1848,585,1,2
1848,586,1,2
1848,587,1,2
1848,588,1,2
1848,589,1,2
1848,590,1,2
1848,591,1,2
1848,592,1,2
1848,593,1,2
1848,594,1,2
1848,595,1,2
1848,596,1,2
1848,597,1,2
1848,598,1,2
1848,599,1,2
1848,600,1,2
1848,601,1,2
1848,602,1,2
1848,603,1,2
1848,604,1,2
1848,605,1,2
1848,606,1,2
1848,607,1,2
1848,608,1,2
1848,609,1,2
1848,610,1,2
1848,611,1,2
1848,612,1,2
1848,613,1,2
1848,614,1,2
1848,615,1,2
1848,616,1,2
1848,617,1,2
1848,618,1,2
1848,619,1,2
1848,620,1,2
1848,621,1,2
1848,622,1,2
1848,623,1,2
1848,624,1,2
1848,625,1,2
1848,626,1,2
1848,627,1,2
1848,628,1,2
1848,629,1,2
1848,630,1,2
1848,631,1,2
1848,632,1,2
1848,633,1,2
1848,634,1,2
1848,635,1,2
1848,636,1,2
1848,637,1,2
1848,638,1,2
1848,639,1,2
1848,640,1,2
1848,641,1,2
1848,642,1,2
1848,643,1,2
1848,644,1,2
1848,645,1,2
1848,646,1,2
1848,647,1,2
1848,648,1,2
1848,649,1,2
1849,122,1,2
1849,123,1,2
1849,124,1,2
1849,125,1,2
1849,126,1,2
1849,127,1,2
1849,128,1,2
1849,129,1,2
1849,130,1,2
1849,131,1,3
1849,132,1,3
1849,133,1,3
1849,134,1,3
1849,135,1,3
1849,136,1,3
1849,137,1,3
1849,138,1,3
1849,139,1,3
1849,140,1,3
1849,141,1,3
1849,142,1,3
1849,143,1,3
1849,144,1,3
1849,145,1,3
1849,146,1,3
1849,147,1,3
1849,148,1,2
1849,149,1,2
1849,150,1,2
1849,151,1,2
1849,152,1,2
1849,153,1,2
1849,154,1,2
1849,155,1,2
1849,156,1,2
1849,157,1,2
1849,158,1,2
1849,159,1,2
1849,160,1,2
1849,161,1,2
1849,162,1,2
1849,163,1,2
1849,164,1,2
1849,165,1,2
1849,166,1,2
1849,167,1,2
1849,168,1,2
1849,169,1,2
1849,170,1,2
1849,171,1,2
1849,172,1,2
1849,173,1,2
1849,174,1,2
1849,175,1,2
1849,176,1,2
1849,177,1,2
1849,178,1,2
1849,179,1,2
1849,180,1,2
1849,181,1,2
1849,182,1,2
1849,183,1,2
1849,184,1,2
1849,185,1,2
1849,186,1,2
1849,187,1,2
1849,188,1,2
1849,189,1,2
1849,190,1,2
1849,191,1,2
1849,192,1,2
1849,193,1,2
1849,194,1,2
1849,195,1,2
1849,196,1,2
1849,197,1,2
1849,198,1,2
1849,199,1,2
1849,200,1,2
1849,201,1,2
1849,202,1,2
1849,203,1,2
1849,204,1,2
1849,205,1,2
1849,206,1,2
1849,207,1,2
1849,208,1,2
1849,209,1,2
1849,210,1,2
1849,211,1,2
1849,212,1,2
1849,213,1,2
1849,214,1,2
1849,215,1,2
1849,216,1,2
1849,217,1,2
1849,218,1,2
1849,219,1,2
1849,220,1,2
1849,221,1,2
1849,222,1,2
1849,223,1,2
1849,224,1,2
1849,225,1,2
1849,226,1,2
1849,227,1,2
1849,228,1,2
1849,229,1,2
1849,230,1,2
1849,231,1,2
1849,232,1,2
1849,233,1,2
1849,234,1,2
1849,235,1,2
1849,236,1,2
1849,237,1,2
1849,238,1,2
1849,239,1,2
1849,240,1,2
1849,241,1,2
1849,242,1,2
1849,243,1,2
1849,244,1,2
1849,245,1,2
1849,246,1,2
1849,247,1,2
1849,248,1,2
1849,249,1,2
1849,250,1,2
1849,251,1,2
1849,252,1,2
1849,253,1,2
1849,254,1,2
1849,255,1,2
1849,256,1,2
1849,257,1,2
1849,258,1,2
1849,259,1,2
1849,260,1,2
1849,261,1,2
1849,262,1,2
1849,263,1,2
1849,264,1,2
1849,265,1,2
1849,266,1,2
1849,267,1,2
1849,268,1,2
1849,269,1,2
1849,270,1,2
1849,271,1,2
1849,272,1,2
1849,273,1,2
1849,274,1,2
1849,275,1,2
1849,276,1,2
1849,277,1,2
1849,278,1,2
1849,279,1,2
1849,280,1,2
1849,281,1,2
1849,282,1,2
1849,283,1,2
1849,284,1,2
1849,285,1,2
1849,286,1,2
1849,287,1,2
1849,288,1,2
1849,289,1,2
1849,290,1,2
1849,291,1,2
1849,292,1,2
1849,293,1,2
1849,294,1,2
1849,295,1,2
1849,296,1,2
1849,297,1,2
1849,298,1,2
1849,299,1,2
1849,300,1,2
1849,301,1,2
1849,302,1,2
1849,303,1,2
1849,304,1,2
1849,305,1,2
1849,306,1,2
1849,307,1,2
1849,308,1,2
1849,309,1,2
1849,310,1,2
1849,311,1,2
1849,312,1,2
1849,313,1,2
1849,314,1,2
1849,315,1,2
1849,316,1,2
1849,317,1,2
1849,318,1,2
1849,319,1,2
1849,320,1,2
1849,321,1,2
1849,322,1,2
1849,323,1,2
1849,324,1,2
1849,325,1,2
1849,326,1,2
1849,327,1,2
1849,328,1,2
1849,329,1,2
1849,330,1,2
1849,331,1,2
1849,332,1,2
1849,333,1,2
1849,334,1,2
1849,335,1,2
1849,336,1,2
1849,337,1,2
1849,338,1,2
1849,339,1,2
1849,340,1,2
1849,341,1,2
1849,342,1,2
1849,343,1,2
1849,344,1,2
1849,345,1,2
1849,346,1,2
1849,347,1,2
1849,348,1,2
1849,349,1,2
1849,350,1,2
1849,351,1,2
1849,352,1,2
1849,353,1,2
1849,354,1,2
1849,355,1,2
1849,356,1,2
1849,357,1,2
1849,358,1,2
1849,359,1,2
1849,360,1,2
1849,361,1,2
1849,362,1,2
1849,363,1,2
1849,364,1,2
1849,365,1,2
1849,366,1,2
1849,367,1,2
1849,368,1,2
1849,369,1,2
1849,370,1,2
1849,371,1,2
1849,372,1,2
1849,373,1,2
1849,374,1,2
1849,375,1,2
1849,376,1,2
1849,377,1,2
1849,378,1,2
1849,379,1,2
1849,380,1,2
1849,381,1,2
1849,382,1,2
1849,383,1,2
1849,384,1,2
1849,385,1,2
1849,386,1,2
1849,387,1,2
1849,388,1,2
1849,389,1,2
1849,390,1,2
1849,391,1,2
1849,392,1,2
1849,393,1,2
1849,394,1,2
1849,395,1,2
1849,396,1,2
1849,397,1,2
1849,398,1,2
1849,399,1,2
1849,400,1,2
1849,401,1,2
1849,402,1,2
1849,403,1,2
1849,404,1,2
1849,405,1,2
1849,406,1,2
1849,407,1,2
1849,408,1,2
1849,409,1,2
1849,410,1,2
1849,411,1,2
1849,412,1,2
1849,413,1,2
1849,414,1,2
1849,415,1,2
1849,416,1,2
1849,417,1,2
1849,418,1,2
1849,419,1,2
1849,420,1,2
1849,421,1,2
1849,422,1,2
1849,423,1,2
1849,424,1,2
1849,425,1,2
1849,426,1,2
1849,427,1,2
1849,428,1,2
1849,429,1,2
1849,430,1,2
1849,431,1,2
1849,432,1,2
1849,433,1,2
1849,434,1,2
1849,435,1,2
1849,436,1,2
1849,437,1,2
1849,438,1,2
1849,439,1,2
1849,440,1,2
1849,441,1,2
1849,442,1,2
1849,443,1,2
1849,444,1,2
1849,445,1,2
1849,446,1,2
1849,447,1,2
1849,448,1,2
1849,449,1,2
1849,450,1,2
1849,451,1,2
1849,452,1,2
1849,453,1,2
1849,454,1,2
1849,455,1,2
1849,456,1,2
1849,457,1,2
1849,458,1,2
1849,459,1,2
1849,460,1,2
1849,461,1,2
1849,462,1,2
1849,463,1,2
1849,464,1,2
1849,465,1,2
1849,466,1,2
1849,467,1,2
1849,468,1,2
1849,469,1,2
1849,470,1,2
1849,471,1,2
1849,472,1,2
1849,473,1,2
1849,474,1,2
1849,475,1,2
1849,476,1,2
1849,477,1,2
1849,478,1,2
1849,479,1,2
1849,480,1,2
1849,481,1,2
1849,482,1,2
1849,483,1,2
1849,484,1,2
1849,485,1,2
1849,486,1,2
1849,487,1,2
1849,488,1,2
1849,489,1,2
1849,490,1,2
1849,491,1,2
1849,492,1,2
1849,493,1,2
1849,494,1,2
1849,495,1,2
1849,496,1,2
1849,497,1,2
1849,498,1,2
1849,499,1,2
1849,500,1,2
1849,501,1,2
1849,502,1,2
1849,503,1,2
1849,504,1,2
1849,505,1,2
1849,506,1,2
1849,507,1,2
1849,508,1,2
1849,509,1,2
1849,510,1,2
1849,511,1,2
1849,512,1,2
1849,513,1,2
1849,514,1,2
1849,515,1,2
1849,516,1,2
1849,517,1,2
1849,518,1,2
1849,519,1,2
1849,520,1,2
1849,521,1,2
1849,522,1,2
1849,523,1,2
1849,524,1,2
1849,525,1,2
1849,526,1,2
1849,527,1,2
1849,528,1,2
1849,529,1,2
1849,530,1,2
1849,531,1,2
1849,532,1,2
1849,533,1,2
1849,534,1,2
1849,535,1,2
1849,536,1,2
1849,537,1,2
1849,538,1,2
1849,539,1,2
1849,540,1,2
1849,541,1,2
1849,542,1,2
1849,543,1,2
1849,544,1,2
1849,545,1,2
1849,546,1,2
1849,547,1,2
1849,548,1,2
1849,549,1,2
1849,550,1,2
1849,551,1,2
1849,552,1,2
1849,553,1,2
1849,554,1,2
1849,555,1,2
1849,556,1,2
1849,557,1,2
1849,558,1,2
1849,559,1,2
1849,560,1,3
1849,561,1,3
1849,562,1,3
1849,563,1,3
1849,564,1,3
1849,565,1,3
1849,566,1,3
1849,567,1,3
1849,568,1,3
1849,569,1,3
1849,570,1,3
1849,571,1,3
1849,572,1,3
1849,573,1,3
1849,574,1,3
1849,575,1,3
1849,576,1,3
1849,577,1,3
1849,578,1,3
1849,579,1,3
1849,580,1,3
1849,581,1,2
1849,582,1,2
1849,583,1,2
1849,584,1,2
1849,585,1,2
1849,586,1,2
1849,587,1,2
1849,588,1,2
1849,589,1,2
1849,590,1,2
1849,591,1,2
1849,592,1,2
1849,593,1,2
1849,594,1,2
1849,595,1,2
1849,596,1,2
1849,597,1,2
1849,598,1,2
1849,599,1,2
1849,600,1,2
1849,601,1,2
1849,602,1,2
1849,603,1,2
1849,604,1,2
1849,605,1,2
1849,606,1,2
1849,607,1,2
1849,608,1,2
1849,609,1,2
1849,610,1,2
1849,611,1,2
1849,612,1,2
1849,613,1,2
1849,614,1,2
1849,615,1,2
1849,616,1,2
1849,617,1,2
1849,618,1,2
1849,619,1,2
1849,620,1,2
1849,621,1,2
1849,622,1,2
1849,623,1,2
1849,624,1,2
1849,625,1,2
1849,626,1,2
1849,627,1,2
1849,628,1,2
1849,629,1,2
1849,630,1,2
1849,631,1,2
1849,632,1,2
1849,633,1,2
1849,634,1,2
1849,635,1,2
1849,636,1,2
1849,637,1,2
1849,638,1,2
1849,639,1,2
1849,640,1,2
1849,641,1,2
1849,642,1,2
1849,643,1,2
1849,644,1,2
1849,645,1,2
1849,646,1,2
1849,647,1,2
1849,648,1,2
1850,121,1,2
1850,122,1,2
1850,123,1,2
1850,124,1,2
1850,125,1,2
1850,126,1,2
1850,127,1,2
1850,128,1,2
1850,129,1,2
1850,130,1,3
1850,131,1,3
1850,132,1,3
1850,133,1,3
1850,134,1,3
1850,135,1,3
1850,136,1,3
1850,137,1,3
1850,138,1,3
1850,139,1,3
1850,140,1,3
1850,141,1,3
1850,142,1,3
1850,143,1,3
1850,144,1,3
1850,145,1,3
1850,146,1,3
1850,147,1,3
1850,148,1,2
1850,149,1,2
1850,150,1,2
1850,151,1,2
1850,152,1,2
1850,153,1,2
1850,154,1,2
1850,155,1,2
1850,156,1,2
1850,157,1,2
1850,158,1,2
1850,159,1,2
1850,160,1,2
1850,161,1,2
1850,162,1,2
1850,163,1,2
1850,164,1,2
1850,165,1,2
1850,166,1,2
1850,167,1,2
1850,168,1,2
1850,169,1,2
1850,170,1,2
1850,171,1,2
1850,172,1,2
1850,173,1,2
1850,174,1,2
1850,175,1,2
1850,176,1,2
1850,177,1,2
1850,178,1,2
1850,179,1,2
1850,180,1,2
1850,181,1,2
1850,182,1,2
1850,183,1,2
1850,184,1,2
1850,185,1,2
1850,186,1,2
1850,187,1,2
1850,188,1,2
1850,189,1,2
1850,190,1,2
1850,191,1,2
1850,192,1,2
1850,193,1,2
1850,194,1,2
1850,195,1,2
1850,196,1,2
1850,197,1,2
1850,198,1,2
1850,199,1,2
1850,200,1,2
1850,201,1,2
1850,202,1,2
1850,203,1,2
1850,204,1,2
1850,205,1,2
1850,206,1,2
1850,207,1,2
1850,208,1,2
1850,209,1,2
1850,210,1,2
1850,211,1,2
1850,212,1,2
1850,213,1,2
1850,214,1,2
1850,215,1,2
1850,216,1,2
1850,217,1,2
1850,218,1,2
1850,219,1,2
1850,220,1,2
1850,221,1,2
1850,222,1,2
1850,223,1,2
1850,224,1,2
1850,225,1,2
1850,226,1,2
1850,227,1,2
1850,228,1,2
1850,229,1,2
1850,230,1,2
1850,231,1,2
1850,232,1,2
1850,233,1,2
1850,234,1,2
1850,235,1,2
1850,236,1,2
1850,237,1,2
1850,238,1,2
1850,239,1,2
1850,240,1,2
1850,241,1,2
1850,242,1,2
1850,243,1,2
1850,244,1,2
1850,245,1,2
1850,246,1,2
1850,247,1,2
1850,248,1,2
1850,249,1,2
1850,250,1,2
1850,251,1,2
1850,252,1,2
1850,253,1,2
1850,254,1,2
1850,255,1,2
1850,256,1,2
1850,257,1,2
1850,258,1,2
1850,259,1,2
1850,260,1,2
1850,261,1,2
1850,262,1,2
1850,263,1,2
1850,264,1,2
1850,265,1,2
1850,266,1,2
1850,267,1,2
1850,268,1,2
1850,269,1,2
1850,270,1,2
1850,271,1,2
1850,272,1,2
1850,273,1,2
1850,274,1,2
1850,275,1,2
1850,276,1,2
1850,277,1,2
1850,278,1,2
1850,279,1,2
1850,280,1,2
1850,281,1,2
1850,282,1,2
1850,283,1,2
1850,284,1,2
1850,285,1,2
1850,286,1,2
1850,287,1,2
1850,288,1,2
1850,289,1,2
1850,290,1,2
1850,291,1,2
1850,292,1,2
1850,293,1,2
1850,294,1,2
1850,295,1,2
1850,296,1,2
1850,297,1,2
1850,298,1,2
1850,299,1,2
1850,300,1,2
1850,301,1,2
1850,302,1,2
1850,303,1,2
1850,304,1,2
1850,305,1,2
1850,306,1,2
1850,307,1,2
1850,308,1,2
1850,309,1,2
1850,310,1,2
1850,311,1,2
1850,312,1,2
1850,313,1,2
1850,314,1,2
1850,315,1,2
1850,316,1,2
1850,317,1,2
1850,318,1,2
1850,319,1,2
1850,320,1,2
1850,321,1,2
1850,322,1,2
1850,323,1,2
1850,324,1,2
1850,325,1,2
1850,326,1,2
1850,327,1,2
1850,328,1,2
1850,329,1,2
1850,330,1,2
1850,331,1,2
1850,332,1,2
1850,333,1,2
1850,334,1,2
1850,335,1,2
1850,336,1,2
1850,337,1,2
1850,338,1,2
1850,339,1,2
1850,340,1,2
1850,341,1,2
1850,342,1,2
1850,343,1,2
1850,344,1,2
1850,345,1,2
1850,346,1,2
1850,347,1,2
1850,348,1,2
1850,349,1,2
1850,350,1,2
1850,351,1,2
1850,352,1,2
1850,353,1,2
1850,354,1,2
1850,355,1,2
1850,356,1,2
1850,357,1,2
1850,358,1,2
1850,359,1,2
1850,360,1,2
1850,361,1,2
1850,362,1,2
1850,363,1,2
1850,364,1,2
1850,365,1,2
1850,366,1,2
1850,367,1,2
1850,368,1,2
1850,369,1,2
1850,370,1,2
1850,371,1,2
1850,372,1,2
1850,373,1,2
1850,374,1,2
1850,375,1,2
1850,376,1,2
1850,377,1,2
1850,378,1,2
1850,379,1,2
1850,380,1,2
1850,381,1,2
1850,382,1,2
1850,383,1,2
1850,384,1,2
1850,385,1,2
1850,386,1,2
1850,387,1,2
1850,388,1,2
1850,389,1,2
1850,390,1,2
1850,391,1,2
1850,392,1,2
1850,393,1,2
1850,394,1,2
1850,395,1,2
1850,396,1,2
1850,397,1,2
1850,398,1,2
1850,399,1,2
1850,400,1,2
1850,401,1,2
1850,402,1,2
1850,403,1,2
1850,404,1,2
1850,405,1,2
1850,406,1,2
1850,407,1,2
1850,408,1,2
1850,409,1,2
1850,410,1,2
1850,411,1,2
1850,412,1,2
1850,413,1,2
1850,414,1,2
1850,415,1,2
1850,416,1,2
1850,417,1,2
1850,418,1,2
1850,419,1,2
1850,420,1,2
1850,421,1,2
1850,422,1,2
1850,423,1,2
1850,424,1,2
1850,425,1,2
1850,426,1,2
1850,427,1,2
1850,428,1,2
1850,429,1,2
1850,430,1,2
1850,431,1,2
1850,432,1,2
1850,433,1,2
1850,434,1,2
1850,435,1,2
1850,436,1,2
1850,437,1,2
1850,438,1,2
1850,439,1,2
1850,440,1,2
1850,441,1,2
1850,442,1,2
1850,443,1,2
1850,444,1,2
1850,445,1,2
1850,446,1,2
1850,447,1,2
1850,448,1,2
1850,449,1,2
1850,450,1,2
1850,451,1,2
1850,452,1,2
1850,453,1,2
1850,454,1,2
1850,455,1,2
1850,456,1,2
1850,457,1,2
1850,458,1,2
1850,459,1,2
1850,460,1,2
1850,461,1,2
1850,462,1,2
1850,463,1,2
1850,464,1,2
1850,465,1,2
1850,466,1,2
1850,467,1,2
1850,468,1,2
1850,469,1,2
1850,470,1,2
1850,471,1,2
1850,472,1,2
1850,473,1,2
1850,474,1,2
1850,475,1,2
1850,476,1,2
1850,477,1,2
1850,478,1,2
1850,479,1,2
1850,480,1,2
1850,481,1,2
1850,482,1,2
1850,483,1,2
1850,484,1,2
1850,485,1,2
1850,486,1,2
1850,487,1,2
1850,488,1,2
1850,489,1,2
1850,490,1,2
1850,491,1,2
1850,492,1,2
1850,493,1,2
1850,494,1,2
1850,495,1,2
1850,496,1,2
1850,497,1,2
1850,498,1,2
1850,499,1,2
1850,500,1,2
1850,501,1,2
1850,502,1,2
1850,503,1,2
1850,504,1,2
1850,505,1,2
1850,506,1,2
1850,507,1,2
1850,508,1,2
1850,509,1,2
1850,510,1,2
1850,511,1,2
1850,512,1,2
1850,513,1,2
1850,514,1,2
1850,515,1,2
1850,516,1,2
1850,517,1,2
1850,518,1,2
1850,519,1,2
1850,520,1,2
1850,521,1,2
1850,522,1,2
1850,523,1,2
1850,524,1,2
1850,525,1,2
1850,526,1,2
1850,527,1,2
1850,528,1,2
1850,529,1,2
1850,530,1,2
1850,531,1,2
1850,532,1,2
1850,533,1,2
1850,534,1,2
1850,535,1,2
1850,536,1,2
1850,537,1,2
1850,538,1,2
1850,539,1,2
1850,540,1,2
1850,541,1,2
1850,542,1,2
1850,543,1,2
1850,544,1,2
1850,545,1,2
1850,546,1,2
1850,547,1,2
1850,548,1,2
1850,549,1,2
1850,550,1,2
1850,551,1,2
1850,552,1,2
1850,553,1,2
1850,554,1,2
1850,555,1,2
1850,556,1,2
1850,557,1,2
1850,558,1,2
1850,559,1,2
1850,560,1,3
1850,561,1,3
1850,562,1,3
1850,563,1,3
1850,564,1,3
1850,565,1,3
1850,566,1,3
1850,567,1,3
1850,568,1,3
1850,569,1,3
1850,570,1,3
1850,571,1,3
1850,572,1,3
1850,573,1,3
1850,574,1,3
1850,575,1,3
1850,576,1,3
1850,577,1,3
1850,578,1,3
1850,579,1,3
1850,580,1,2
1850,581,1,2
1850,582,1,2
1850,583,1,2
1850,584,1,2
1850,585,1,2
1850,586,1,2
1850,587,1,2
1850,588,1,2
1850,589,1,2
1850,590,1,2
1850,591,1,2
1850,592,1,2
1850,593,1,2
1850,594,1,2
1850,595,1,2
1850,596,1,2
1850,597,1,2
1850,598,1,2
1850,599,1,2
1850,600,1,2
1850,601,1,2
1850,602,1,2
1850,603,1,2
1850,604,1,2
1850,605,1,2
1850,606,1,2
1850,607,1,2
1850,608,1,2
1850,609,1,2
1850,610,1,2
1850,611,1,2
1850,612,1,2
1850,613,1,2
1850,614,1,2
1850,615,1,2
1850,616,1,2
1850,617,1,2
1850,618,1,2
1850,619,1,2
1850,620,1,2
1850,621,1,2
1850,622,1,2
1850,623,1,2
1850,624,1,2
1850,625,1,2
1850,626,1,2
1850,627,1,2
1850,628,1,2
1850,629,1,2
1850,630,1,2
1850,631,1,2
1850,632,1,2
1850,633,1,2
1850,634,1,2
1850,635,1,2
1850,636,1,2
1850,637,1,2
1850,638,1,2
1850,639,1,2
1850,640,1,2
1850,641,1,2
1850,642,1,2
1850,643,1,2
1850,644,1,2
1850,645,1,2
1850,646,1,2
1850,647,1,2
1850,648,1,2
1851,121,1,2
1851,122,1,2
1851,123,1,2
1851,124,1,2
1851,125,1,2
1851,126,1,2
1851,127,1,2
1851,128,1,2
1851,129,1,2
1851,130,1,2
1851,131,1,3
1851,132,1,3
1851,133,1,3
1851,134,1,3
1851,135,1,3
1851,136,1,3
1851,137,1,3
1851,138,1,3
1851,139,1,3
1851,140,1,3
1851,141,1,3
1851,142,1,3
1851,143,1,3
1851,144,1,3
1851,145,1,3
1851,146,1,3
1851,147,1,3
1851,148,1,2
1851,149,1,2
1851,150,1,2
1851,151,1,2
1851,152,1,2
1851,153,1,2
1851,154,1,2
1851,155,1,2
1851,156,1,2
1851,157,1,2
1851,158,1,2
1851,159,1,2
1851,160,1,2
1851,161,1,2
1851,162,1,2
1851,163,1,2
1851,164,1,2
1851,165,1,2
1851,166,1,2
1851,167,1,2
1851,168,1,2
1851,169,1,2
1851,170,1,2
1851,171,1,2
1851,172,1,2
1851,173,1,2
1851,174,1,2
1851,175,1,2
1851,176,1,2
1851,177,1,2
1851,178,1,2
1851,179,1,2
1851,180,1,2
1851,181,1,2
1851,182,1,2
1851,183,1,2
1851,184,1,2
1851,185,1,2
1851,186,1,2
1851,187,1,2
1851,188,1,2
1851,189,1,2
1851,190,1,2
1851,191,1,2
1851,192,1,2
1851,193,1,2
1851,194,1,2
1851,195,1,2
1851,196,1,2
1851,197,1,2
1851,198,1,2
1851,199,1,2
1851,200,1,2
1851,201,1,2
1851,202,1,2
1851,203,1,2
1851,204,1,2
1851,205,1,2
1851,206,1,2
1851,207,1,2
1851,208,1,2
1851,209,1,2
1851,210,1,2
1851,211,1,2
1851,212,1,2
1851,213,1,2
1851,214,1,2
1851,215,1,2
1851,216,1,2
1851,217,1,2
1851,218,1,2
1851,219,1,2
1851,220,1,2
1851,221,1,2
1851,222,1,2
1851,223,1,2
1851,224,1,2
1851,225,1,2
1851,226,1,2
1851,227,1,2
1851,228,1,2
1851,229,1,2
1851,230,1,2
1851,231,1,2
1851,232,1,2
1851,233,1,2
1851,234,1,2
1851,235,1,2
1851,236,1,2
1851,237,1,2
1851,238,1,2
1851,239,1,2
1851,240,1,2
1851,241,1,2
1851,242,1,2
1851,243,1,2
1851,244,1,2
1851,245,1,2
1851,246,1,2
1851,247,1,2
1851,248,1,2
1851,249,1,2
1851,250,1,2
1851,251,1,2
1851,252,1,2
1851,253,1,2
1851,254,1,2
1851,255,1,2
1851,256,1,2
1851,257,1,2
1851,258,1,2
1851,259,1,2
1851,260,1,2
1851,261,1,2
1851,262,1,2
1851,263,1,2
1851,264,1,2
1851,265,1,2
1851,266,1,2
1851,267,1,2
1851,268,1,2
1851,269,1,2
1851,270,1,2
1851,271,1,2
1851,272,1,2
1851,273,1,2
1851,274,1,2
1851,275,1,2
1851,276,1,2
1851,277,1,2
1851,278,1,2
1851,279,1,2
1851,280,1,2
1851,281,1,2
1851,282,1,2
1851,283,1,2
1851,284,1,2
1851,285,1,2
1851,286,1,2
1851,287,1,2
1851,288,1,2
1851,289,1,2
1851,290,1,2
1851,291,1,2
1851,292,1,2
1851,293,1,2
1851,294,1,2
1851,295,1,2
1851,296,1,2
1851,297,1,2
1851,298,1,2
1851,299,1,2
1851,300,1,2
1851,301,1,2
1851,302,1,2
1851,303,1,2
1851,304,1,2
1851,305,1,2
1851,306,1,2
1851,307,1,2
1851,308,1,2
1851,309,1,2
1851,310,1,2
1851,311,1,2
1851,312,1,2
1851,313,1,2
1851,314,1,2
1851,315,1,2
1851,316,1,2
1851,317,1,2
1851,318,1,2
1851,319,1,2
1851,320,1,2
1851,321,1,2
1851,322,1,2
1851,323,1,2
1851,324,1,2
1851,325,1,2
1851,326,1,2
1851,327,1,2
1851,328,1,2
1851,329,1,2
1851,330,1,2
1851,331,1,2
1851,332,1,2
1851,333,1,2
1851,334,1,2
1851,335,1,2
1851,336,1,2
1851,337,1,2
1851,338,1,2
1851,339,1,2
1851,340,1,2
1851,341,1,2
1851,342,1,2
1851,343,1,2
1851,344,1,2
1851,345,1,2
1851,346,1,2
1851,347,1,2
1851,348,1,2
1851,349,1,2
1851,350,1,2
1851,351,1,2
1851,352,1,2
1851,353,1,2
1851,354,1,2
1851,355,1,2
1851,356,1,2
1851,357,1,2
1851,358,1,2
1851,359,1,2
1851,360,1,2
1851,361,1,2
1851,362,1,2
1851,363,1,2
1851,364,1,2
1851,365,1,2
1851,366,1,2
1851,367,1,2
1851,368,1,2
1851,369,1,2
1851,370,1,2
1851,371,1,2
1851,372,1,2
1851,373,1,2
1851,374,1,2
1851,375,1,2
1851,376,1,2
1851,377,1,2
1851,378,1,2
1851,379,1,2
1851,380,1,2
1851,381,1,2
1851,382,1,2
1851,383,1,2
1851,384,1,2
1851,385,1,2
1851,386,1,2
1851,387,1,2
1851,388,1,2
1851,389,1,2
1851,390,1,2
1851,391,1,2
1851,392,1,2
1851,393,1,2
1851,394,1,2
1851,395,1,2
1851,396,1,2
1851,397,1,2
1851,398,1,2
1851,399,1,2
1851,400,1,2
1851,401,1,2
1851,402,1,2
1851,403,1,2
1851,404,1,2
1851,405,1,2
1851,406,1,2
1851,407,1,2
1851,408,1,2
1851,409,1,2
1851,410,1,2
1851,411,1,2
1851,412,1,2
1851,413,1,2
1851,414,1,2
1851,415,1,2
1851,416,1,2
1851,417,1,2
1851,418,1,2
1851,419,1,2
1851,420,1,2
1851,421,1,2
1851,422,1,2
1851,423,1,2
1851,424,1,2
1851,425,1,2
1851,426,1,2
1851,427,1,2
1851,428,1,2
1851,429,1,2
1851,430,1,2
1851,431,1,2
1851,432,1,2
1851,433,1,2
1851,434,1,2
1851,435,1,2
1851,436,1,2
1851,437,1,2
1851,438,1,2
1851,439,1,2
1851,440,1,2
1851,441,1,2
1851,442,1,2
1851,443,1,2
1851,444,1,2
1851,445,1,2
1851,446,1,2
1851,447,1,2
1851,448,1,2
1851,449,1,2
1851,450,1,2
1851,451,1,2
1851,452,1,2
1851,453,1,2
1851,454,1,2
1851,455,1,2
1851,456,1,2
1851,457,1,2
1851,458,1,2
1851,459,1,2
1851,460,1,2
1851,461,1,2
1851,462,1,2
1851,463,1,2
1851,464,1,2
1851,465,1,2
1851,466,1,2
1851,467,1,2
1851,468,1,2
1851,469,1,2
1851,470,1,2
1851,471,1,2
1851,472,1,2
1851,473,1,2
1851,474,1,2
1851,475,1,2
1851,476,1,2
1851,477,1,2
1851,478,1,2
1851,479,1,2
1851,480,1,2
1851,481,1,2
1851,482,1,2
1851,483,1,2
1851,484,1,2
1851,485,1,2
1851,486,1,2
1851,487,1,2
1851,488,1,2
1851,489,1,2
1851,490,1,2
1851,491,1,2
1851,492,1,2
1851,493,1,2
1851,494,1,2
1851,495,1,2
1851,496,1,2
1851,497,1,2
1851,498,1,2
1851,499,1,2
1851,500,1,2
1851,501,1,2
1851,502,1,2
1851,503,1,2
1851,504,1,2
1851,505,1,2
1851,506,1,2
1851,507,1,2
1851,508,1,2
1851,509,1,2
1851,510,1,2
1851,511,1,2
1851,512,1,2
1851,513,1,2
1851,514,1,2
1851,515,1,2
1851,516,1,2
1851,517,1,2
1851,518,1,2
1851,519,1,2
1851,520,1,2
1851,521,1,2
1851,522,1,2
1851,523,1,2
1851,524,1,2
1851,525,1,2
1851,526,1,2
1851,527,1,2
1851,528,1,2
1851,529,1,2
1851,530,1,2
1851,531,1,2
1851,532,1,2
1851,533,1,2
1851,534,1,2
1851,535,1,2
1851,536,1,2
1851,537,1,2
1851,538,1,2
1851,539,1,2
1851,540,1,2
1851,541,1,2
1851,542,1,2
1851,543,1,2
1851,544,1,2
1851,545,1,2
1851,546,1,2
1851,547,1,2
1851,548,1,2
1851,549,1,2
1851,550,1,2
1851,551,1,2
1851,552,1,2
1851,553,1,2
1851,554,1,2
1851,555,1,2
1851,556,1,2
1851,557,1,2
1851,558,1,2
1851,559,1,3
1851,560,1,3
1851,561,1,3
1851,562,1,3
1851,563,1,3
1851,564,1,3
1851,565,1,3
1851,566,1,3
1851,567,1,3
1851,568,1,3
1851,569,1,3
1851,570,1,3
1851,571,1,3
1851,572,1,3
1851,573,1,3
1851,574,1,3
1851,575,1,3
1851,576,1,3
1851,577,1,3
1851,578,1,3
1851,579,1,2
1851,580,1,2
1851,581,1,2
1851,582,1,2
1851,583,1,2
1851,584,1,2
1851,585,1,2
1851,586,1,2
1851,587,1,2
1851,588,1,2
1851,589,1,2
1851,590,1,2
1851,591,1,2
1851,592,1,2
1851,593,1,2
1851,594,1,2
1851,595,1,2
1851,596,1,2
1851,597,1,2
1851,598,1,2
1851,599,1,2
1851,600,1,2
1851,601,1,2
1851,602,1,2
1851,603,1,2
1851,604,1,2
1851,605,1,2
1851,606,1,2
1851,607,1,2
1851,608,1,2
1851,609,1,2
1851,610,1,2
1851,611,1,2
1851,612,1,2
1851,613,1,2
1851,614,1,2
1851,615,1,2
1851,616,1,2
1851,617,1,2
1851,618,1,2
1851,619,1,2
1851,620,1,2
1851,621,1,2
1851,622,1,2
1851,623,1,2
1851,624,1,2
1851,625,1,2
1851,626,1,2
1851,627,1,2
1851,628,1,2
1851,629,1,2
1851,630,1,2
1851,631,1,2
1851,632,1,2
1851,633,1,2
1851,634,1,2
1851,635,1,2
1851,636,1,2
1851,637,1,2
1851,638,1,2
1851,639,1,2
1851,640,1,2
1851,641,1,2
1851,642,1,2
1851,643,1,2
1851,644,1,2
1851,645,1,2
1851,646,1,2
1851,647,1,2
1851,648,1,2
1852,121,1,2
1852,122,1,2
1852,123,1,2
1852,124,1,2
1852,125,1,2
1852,126,1,2
1852,127,1,2
1852,128,1,2
1852,129,1,2
1852,130,1,2
1852,131,1,3
1852,132,1,3
1852,133,1,3
1852,134,1,3
1852,135,1,3
1852,136,1,3
1852,137,1,3
1852,138,1,3
1852,139,1,3
1852,140,1,3
1852,141,1,3
1852,142,1,3
1852,143,1,3
1852,144,1,3
1852,145,1,3
1852,146,1,3
1852,147,1,3
1852,148,1,2
1852,149,1,2
1852,150,1,2
1852,151,1,2
1852,152,1,2
1852,153,1,2
1852,154,1,2
1852,155,1,2
1852,156,1,2
1852,157,1,2
1852,158,1,2
1852,159,1,2
1852,160,1,2
1852,161,1,2
1852,162,1,2
1852,163,1,2
1852,164,1,2
1852,165,1,2
1852,166,1,2
1852,167,1,2
1852,168,1,2
1852,169,1,2
1852,170,1,2
1852,171,1,2
1852,172,1,2
1852,173,1,2
1852,174,1,2
1852,175,1,2
1852,176,1,2
1852,177,1,2
1852,178,1,2
1852,179,1,2
1852,180,1,2
1852,181,1,2
1852,182,1,2
1852,183,1,2
1852,184,1,2
1852,185,1,2
1852,186,1,2
1852,187,1,2
1852,188,1,2
1852,189,1,2
1852,190,1,2
1852,191,1,2
1852,192,1,2
1852,193,1,2
1852,194,1,2
1852,195,1,2
1852,196,1,2
1852,197,1,2
1852,198,1,2
1852,199,1,2
1852,200,1,2
1852,201,1,2
1852,202,1,2
1852,203,1,2
1852,204,1,2
1852,205,1,2
1852,206,1,2
1852,207,1,2
1852,208,1,2
1852,209,1,2
1852,210,1,2
1852,211,1,2
1852,212,1,2
1852,213,1,2
1852,214,1,2
1852,215,1,2
1852,216,1,2
1852,217,1,2
1852,218,1,2
1852,219,1,2
1852,220,1,2
1852,221,1,2
1852,222,1,2
1852,223,1,2
1852,224,1,2
1852,225,1,2
1852,226,1,2
1852,227,1,2
1852,228,1,2
1852,229,1,2
1852,230,1,2
1852,231,1,2
1852,232,1,2
1852,233,1,2
1852,234,1,2
1852,235,1,2
1852,236,1,2
1852,237,1,2
1852,238,1,2
1852,239,1,2
1852,240,1,2
1852,241,1,2
1852,242,1,2
1852,243,1,2
1852,244,1,2
1852,245,1,2
1852,246,1,2
1852,247,1,2
1852,248,1,2
1852,249,1,2
1852,250,1,2
1852,251,1,2
1852,252,1,2
1852,253,1,2
1852,254,1,2
1852,255,1,2
1852,256,1,2
1852,257,1,2
1852,258,1,2
1852,259,1,2
1852,260,1,2
1852,261,1,2
1852,262,1,2
1852,263,1,2
1852,264,1,2
1852,265,1,2
1852,266,1,2
1852,267,1,2
1852,268,1,2
1852,269,1,2
1852,270,1,2
1852,271,1,2
1852,272,1,2
1852,273,1,2
1852,274,1,2
1852,275,1,2
1852,276,1,2
1852,277,1,2
1852,278,1,2
1852,279,1,2
1852,280,1,2
1852,281,1,2
1852,282,1,2
1852,283,1,2
1852,284,1,2
1852,285,1,2
1852,286,1,2
1852,287,1,2
1852,288,1,2
1852,289,1,2
1852,290,1,2
1852,291,1,2
1852,292,1,2
1852,293,1,2
1852,294,1,2
1852,295,1,2
1852,296,1,2
1852,297,1,2
1852,298,1,2
1852,299,1,2
1852,300,1,2
1852,301,1,2
1852,302,1,2
1852,303,1,2
1852,304,1,2
1852,305,1,2
1852,306,1,2
1852,307,1,2
1852,308,1,2
1852,309,1,2
1852,310,1,2
1852,311,1,2
1852,312,1,2
1852,313,1,2
1852,314,1,2
1852,315,1,2
1852,316,1,2
1852,317,1,2
1852,318,1,2
1852,319,1,2
1852,320,1,2
1852,321,1,2
1852,322,1,2
1852,323,1,2
1852,324,1,2
1852,325,1,2
1852,326,1,2
1852,327,1,2
1852,328,1,2
1852,329,1,2
1852,330,1,2
1852,331,1,2
1852,332,1,2
1852,333,1,2
1852,334,1,2
1852,335,1,2
1852,336,1,2
1852,337,1,2
1852,338,1,2
1852,339,1,2
1852,340,1,2
1852,341,1,2
1852,342,1,2
1852,343,1,2
1852,344,1,2
1852,345,1,2
1852,346,1,2
1852,347,1,2
1852,348,1,2
1852,349,1,2
1852,350,1,2
1852,351,1,2
1852,352,1,2
1852,353,1,2
1852,354,1,2
1852,355,1,2
1852,356,1,2
1852,357,1,2
1852,358,1,2
1852,359,1,2
1852,360,1,2
1852,361,1,2
1852,362,1,2
1852,363,1,2
1852,364,1,2
1852,365,1,2
1852,366,1,2
1852,367,1,2
1852,368,1,2
1852,369,1,2
1852,370,1,2
1852,371,1,2
1852,372,1,2
1852,373,1,2
1852,374,1,2
1852,375,1,2
1852,376,1,2
1852,377,1,2
1852,378,1,2
1852,379,1,2
1852,380,1,2
1852,381,1,2
1852,382,1,2
1852,383,1,2
1852,384,1,2
1852,385,1,2
1852,386,1,2
1852,387,1,2
1852,388,1,2
1852,389,1,2
1852,390,1,2
1852,391,1,2
1852,392,1,2
1852,393,1,2
1852,394,1,2
1852,395,1,2
1852,396,1,2
1852,397,1,2
1852,398,1,2
1852,399,1,2
1852,400,1,2
1852,401,1,2
1852,402,1,2
1852,403,1,2
1852,404,1,2
1852,405,1,2
1852,406,1,2
1852,407,1,2
1852,408,1,2
1852,409,1,2
1852,410,1,2
1852,411,1,2
1852,412,1,2
1852,413,1,2
1852,414,1,2
1852,415,1,2
1852,416,1,2
1852,417,1,2
1852,418,1,2
1852,419,1,2
1852,420,1,2
1852,421,1,2
1852,422,1,2
1852,423,1,2
1852,424,1,2
1852,425,1,2
1852,426,1,2
1852,427,1,2
1852,428,1,2
1852,429,1,2
1852,430,1,2
1852,431,1,2
1852,432,1,2
1852,433,1,2
1852,434,1,2
1852,435,1,2
1852,436,1,2
1852,437,1,2
1852,438,1,2
1852,439,1,2
1852,440,1,2
1852,441,1,2
1852,442,1,2
1852,443,1,2
1852,444,1,2
1852,445,1,2
1852,446,1,2
1852,447,1,2
1852,448,1,2
1852,449,1,2
1852,450,1,2
1852,451,1,2
1852,452,1,2
1852,453,1,2
1852,454,1,2
1852,455,1,2
1852,456,1,2
1852,457,1,2
1852,458,1,2
1852,459,1,2
1852,460,1,2
1852,461,1,2
1852,462,1,2
1852,463,1,2
1852,464,1,2
1852,465,1,2
1852,466,1,2
1852,467,1,2
1852,468,1,2
1852,469,1,2
1852,470,1,2
1852,471,1,2
1852,472,1,2
1852,473,1,2
1852,474,1,2
1852,475,1,2
1852,476,1,2
1852,477,1,2
1852,478,1,2
1852,479,1,2
1852,480,1,2
1852,481,1,2
1852,482,1,2
1852,483,1,2
1852,484,1,2
1852,485,1,2
1852,486,1,2
1852,487,1,2
1852,488,1,2
1852,489,1,2
1852,490,1,2
1852,491,1,2
1852,492,1,2
1852,493,1,2
1852,494,1,2
1852,495,1,2
1852,496,1,2
1852,497,1,2
1852,498,1,2
1852,499,1,2
1852,500,1,2
1852,501,1,2
1852,502,1,2
1852,503,1,2
1852,504,1,2
1852,505,1,2
1852,506,1,2
1852,507,1,2
1852,508,1,2
1852,509,1,2
1852,510,1,2
1852,511,1,2
1852,512,1,2
1852,513,1,2
1852,514,1,2
1852,515,1,2
1852,516,1,2
1852,517,1,2
1852,518,1,2
1852,519,1,2
1852,520,1,2
1852,521,1,2
1852,522,1,2
1852,523,1,2
1852,524,1,2
1852,525,1,2
1852,526,1,2
1852,527,1,2
1852,528,1,2
1852,529,1,2
1852,530,1,2
1852,531,1,2
1852,532,1,2
1852,533,1,2
1852,534,1,2
1852,535,1,2
1852,536,1,2
1852,537,1,2
1852,538,1,2
1852,539,1,2
1852,540,1,2
1852,541,1,2
1852,542,1,2
1852,543,1,2
1852,544,1,2
1852,545,1,2
1852,546,1,2
1852,547,1,2
1852,548,1,2
1852,549,1,2
1852,550,1,2
1852,551,1,2
1852,552,1,2
1852,553,1,2
1852,554,1,2
1852,555,1,2
1852,556,1,2
1852,557,1,2
1852,558,1,2
1852,559,1,3
1852,560,1,3
1852,561,1,3
1852,562,1,3
1852,563,1,3
1852,564,1,3
1852,565,1,3
1852,566,1,3
1852,567,1,3
1852,568,1,3
1852,569,1,3
1852,570,1,3
1852,571,1,3
1852,572,1,3
1852,573,1,3
1852,574,1,3
1852,575,1,3
1852,576,1,3
1852,577,1,3
1852,578,1,2
1852,579,1,2
1852,580,1,2
1852,581,1,2
1852,582,1,2
1852,583,1,2
1852,584,1,2
1852,585,1,2
1852,586,1,2
1852,587,1,2
1852,588,1,2
1852,589,1,2
1852,590,1,2
1852,591,1,2
1852,592,1,2
1852,593,1,2
1852,594,1,2
1852,595,1,2
1852,596,1,2
1852,597,1,2
1852,598,1,2
1852,599,1,2
1852,600,1,2
1852,601,1,2
1852,602,1,2
1852,603,1,2
1852,604,1,2
1852,605,1,2
1852,606,1,2
1852,607,1,2
1852,608,1,2
1852,609,1,2
1852,610,1,2
1852,611,1,2
1852,612,1,2
1852,613,1,2
1852,614,1,2
1852,615,1,2
1852,616,1,2
1852,617,1,2
1852,618,1,2
1852,619,1,2
1852,620,1,2
1852,621,1,2
1852,622,1,2
1852,623,1,2
1852,624,1,2
1852,625,1,2
1852,626,1,2
1852,627,1,2
1852,628,1,2
1852,629,1,2
1852,630,1,2
1852,631,1,2
1852,632,1,2
1852,633,1,2
1852,634,1,2
1852,635,1,2
1852,636,1,2
1852,637,1,2
1852,638,1,2
1852,639,1,2
1852,640,1,2
1852,641,1,2
1852,642,1,2
1852,643,1,2
1852,644,1,2
1852,645,1,2
1852,646,1,2
1852,647,1,2
1852,648,1,2
1853,121,1,2
1853,122,1,2
1853,123,1,2
1853,124,1,2
1853,125,1,2
1853,126,1,2
1853,127,1,2
1853,128,1,2
1853,129,1,2
1853,130,1,2
1853,131,1,3
1853,132,1,3
1853,133,1,3
1853,134,1,3
1853,135,1,3
1853,136,1,3
1853,137,1,3
1853,138,1,3
1853,139,1,3
1853,140,1,3
1853,141,1,3
1853,142,1,3
1853,143,1,3
1853,144,1,3
1853,145,1,3
1853,146,1,3
1853,147,1,3
1853,148,1,3
1853,149,1,2
1853,150,1,2
1853,151,1,2
1853,152,1,2
1853,153,1,2
1853,154,1,2
1853,155,1,2
1853,156,1,2
1853,157,1,2
1853,158,1,2
1853,159,1,2
1853,160,1,2
1853,161,1,2
1853,162,1,2
1853,163,1,2
1853,164,1,2
1853,165,1,2
1853,166,1,2
1853,167,1,2
1853,168,1,2
1853,169,1,2
1853,170,1,2
1853,171,1,2
1853,172,1,2
1853,173,1,2
1853,174,1,2
1853,175,1,2
1853,176,1,2
1853,177,1,2
1853,178,1,2
1853,179,1,2
1853,180,1,2
1853,181,1,2
1853,182,1,2
1853,183,1,2
1853,184,1,2
1853,185,1,2
1853,186,1,2
1853,187,1,2
1853,188,1,2
1853,189,1,2
1853,190,1,2
1853,191,1,2
1853,192,1,2
1853,193,1,2
1853,194,1,2
1853,195,1,2
1853,196,1,2
1853,197,1,2
1853,198,1,2
1853,199,1,2
1853,200,1,2
1853,201,1,2
1853,202,1,2
1853,203,1,2
1853,204,1,2
1853,205,1,2
1853,206,1,2
1853,207,1,2
1853,208,1,2
1853,209,1,2
1853,210,1,2
1853,211,1,2
1853,212,1,2
1853,213,1,2
1853,214,1,2
1853,215,1,2
1853,216,1,2
1853,217,1,2
1853,218,1,2
1853,219,1,2
1853,220,1,2
1853,221,1,2
1853,222,1,2
1853,223,1,2
1853,224,1,2
1853,225,1,2
1853,226,1,2
1853,227,1,2
1853,228,1,2
1853,229,1,2
1853,230,1,2
1853,231,1,2
1853,232,1,2
1853,233,1,2
1853,234,1,2
1853,235,1,2
1853,236,1,2
1853,237,1,2
1853,238,1,2
1853,239,1,2
1853,240,1,2
1853,241,1,2
1853,242,1,2
1853,243,1,2
1853,244,1,2
1853,245,1,2
1853,246,1,2
1853,247,1,2
1853,248,1,2
1853,249,1,2
1853,250,1,2
1853,251,1,2
1853,252,1,2
1853,253,1,2
1853,254,1,2
1853,255,1,2
1853,256,1,2
1853,257,1,2
1853,258,1,2
1853,259,1,2
1853,260,1,2
1853,261,1,2
1853,262,1,2
1853,263,1,2
1853,264,1,2
1853,265,1,2
1853,266,1,2
1853,267,1,2
1853,268,1,2
1853,269,1,2
1853,270,1,2
1853,271,1,2
1853,272,1,2
1853,273,1,2
1853,274,1,2
1853,275,1,2
1853,276,1,2
1853,277,1,2
1853,278,1,2
1853,279,1,2
1853,280,1,2
1853,281,1,2
1853,282,1,2
1853,283,1,2
1853,284,1,2
1853,285,1,2
1853,286,1,2
1853,287,1,2
1853,288,1,2
1853,289,1,2
1853,290,1,2
1853,291,1,2
1853,292,1,2
1853,293,1,2
1853,294,1,2
1853,295,1,2
1853,296,1,2
1853,297,1,2
1853,298,1,2
1853,299,1,2
1853,300,1,2
1853,301,1,2
1853,302,1,2
1853,303,1,2
1853,304,1,2
1853,305,1,2
1853,306,1,2
1853,307,1,2
1853,308,1,2
1853,309,1,2
1853,310,1,2
1853,311,1,2
1853,312,1,2
1853,313,1,2
1853,314,1,2
1853,315,1,2
1853,316,1,2
1853,317,1,2
1853,318,1,2
1853,319,1,2
1853,320,1,2
1853,321,1,2
1853,322,1,2
1853,323,1,2
1853,324,1,2
1853,325,1,2
1853,326,1,2
1853,327,1,2
1853,328,1,2
1853,329,1,2
1853,330,1,2
1853,331,1,2
1853,332,1,2
1853,333,1,2
1853,334,1,2
1853,335,1,2
1853,336,1,2
1853,337,1,2
1853,338,1,2
1853,339,1,2
1853,340,1,2
1853,341,1,2
1853,342,1,2
1853,343,1,2
1853,344,1,2
1853,345,1,2
1853,346,1,2
1853,347,1,2
1853,348,1,2
1853,349,1,2
1853,350,1,2
1853,351,1,2
1853,352,1,2
1853,353,1,2
1853,354,1,2
1853,355,1,2
1853,356,1,2
1853,357,1,2
1853,358,1,2
1853,359,1,2
1853,360,1,2
1853,361,1,2
1853,362,1,2
1853,363,1,2
1853,364,1,2
1853,365,1,2
1853,366,1,2
1853,367,1,2
1853,368,1,2
1853,369,1,2
1853,370,1,2
1853,371,1,2
1853,372,1,2
1853,373,1,2
1853,374,1,2
1853,375,1,2
1853,376,1,2
1853,377,1,2
1853,378,1,2
1853,379,1,2
1853,380,1,2
1853,381,1,2
1853,382,1,2
1853,383,1,2
1853,384,1,2
1853,385,1,2
1853,386,1,2
1853,387,1,2
1853,388,1,2
1853,389,1,2
1853,390,1,2
1853,391,1,2
1853,392,1,2
1853,393,1,2
1853,394,1,2
1853,395,1,2
1853,396,1,2
1853,397,1,2
1853,398,1,2
1853,399,1,2
1853,400,1,2
1853,401,1,2
1853,402,1,2
1853,403,1,2
1853,404,1,2
1853,405,1,2
1853,406,1,2
1853,407,1,2
1853,408,1,2
1853,409,1,2
1853,410,1,2
1853,411,1,2
1853,412,1,2
1853,413,1,2
1853,414,1,2
1853,415,1,2
1853,416,1,2
1853,417,1,2
1853,418,1,2
1853,419,1,2
1853,420,1,2
1853,421,1,2
1853,422,1,2
1853,423,1,2
1853,424,1,2
1853,425,1,2
1853,426,1,2
1853,427,1,2
1853,428,1,2
1853,429,1,2
1853,430,1,2
1853,431,1,2
1853,432,1,2
1853,433,1,2
1853,434,1,2
1853,435,1,2
1853,436,1,2
1853,437,1,2
1853,438,1,2
1853,439,1,2
1853,440,1,2
1853,441,1,2
1853,442,1,2
1853,443,1,2
1853,444,1,2
1853,445,1,2
1853,446,1,2
1853,447,1,2
1853,448,1,2
1853,449,1,2
1853,450,1,2
1853,451,1,2
1853,452,1,2
1853,453,1,2
1853,454,1,2
1853,455,1,2
1853,456,1,2
1853,457,1,2
1853,458,1,2
1853,459,1,2
1853,460,1,2
1853,461,1,2
1853,462,1,2
1853,463,1,2
1853,464,1,2
1853,465,1,2
1853,466,1,2
1853,467,1,2
1853,468,1,2
1853,469,1,2
1853,470,1,2
1853,471,1,2
1853,472,1,2
1853,473,1,2
1853,474,1,2
1853,475,1,2
1853,476,1,2
1853,477,1,2
1853,478,1,2
1853,479,1,2
1853,480,1,2
1853,481,1,2
1853,482,1,2
1853,483,1,2
1853,484,1,2
1853,485,1,2
1853,486,1,2
1853,487,1,2
1853,488,1,2
1853,489,1,2
1853,490,1,2
1853,491,1,2
1853,492,1,2
1853,493,1,2
1853,494,1,2
1853,495,1,2
1853,496,1,2
1853,497,1,2
1853,498,1,2
1853,499,1,2
1853,500,1,2
1853,501,1,2
1853,502,1,2
1853,503,1,2
1853,504,1,2
1853,505,1,2
1853,506,1,2
1853,507,1,2
1853,508,1,2
1853,509,1,2
1853,510,1,2
1853,511,1,2
1853,512,1,2
1853,513,1,2
1853,514,1,2
1853,515,1,2
1853,516,1,2
1853,517,1,2
1853,518,1,2
1853,519,1,2
1853,520,1,2
1853,521,1,2
1853,522,1,2
1853,523,1,2
1853,524,1,2
1853,525,1,2
1853,526,1,3
1853,527,1,3
1853,528,1,3
1853,529,1,2
1853,530,1,2
1853,531,1,2
1853,532,1,2
1853,533,1,2
1853,534,1,2
1853,535,1,2
1853,536,1,2
1853,537,1,2
1853,538,1,2
1853,539,1,2
1853,540,1,2
1853,541,1,2
1853,542,1,2
1853,543,1,2
1853,544,1,2
1853,545,1,2
1853,546,1,2
1853,547,1,2
1853,548,1,2
1853,549,1,2
1853,550,1,2
1853,551,1,2
1853,552,1,2
1853,553,1,2
1853,554,1,2
1853,555,1,2
1853,556,1,2
1853,557,1,2
1853,558,1,2
1853,559,1,3
1853,560,1,3
1853,561,1,3
1853,562,1,3
1853,563,1,3
1853,564,1,3
1853,565,1,3
1853,566,1,3
1853,567,1,3
1853,568,1,3
1853,569,1,3
1853,570,1,3
1853,571,1,3
1853,572,1,3
1853,573,1,3
1853,574,1,3
1853,575,1,3
1853,576,1,2
1853,577,1,2
1853,578,1,2
1853,579,1,2
1853,580,1,2
1853,581,1,2
1853,582,1,2
1853,583,1,2
1853,584,1,2
1853,585,1,2
1853,586,1,2
1853,587,1,2
1853,588,1,2
1853,589,1,2
1853,590,1,2
1853,591,1,2
1853,592,1,2
1853,593,1,2
1853,594,1,2
1853,595,1,2
1853,596,1,2
1853,597,1,2
1853,598,1,2
1853,599,1,2
1853,600,1,2
1853,601,1,2
1853,602,1,2
1853,603,1,2
1853,604,1,2
1853,605,1,2
1853,606,1,2
1853,607,1,2
1853,608,1,2
1853,609,1,2
1853,610,1,2
1853,611,1,2
1853,612,1,2
1853,613,1,2
1853,614,1,2
1853,615,1,2
1853,616,1,2
1853,617,1,2
1853,618,1,2
1853,619,1,2
1853,620,1,2
1853,621,1,2
1853,622,1,2
1853,623,1,2
1853,624,1,2
1853,625,1,2
1853,626,1,2
1853,627,1,2
1853,628,1,2
1853,629,1,2
1853,630,1,2
1853,631,1,2
1853,632,1,2
1853,633,1,2
1853,634,1,2
1853,635,1,2
1853,636,1,2
1853,637,1,2
1853,638,1,2
1853,639,1,2
1853,640,1,2
1853,641,1,2
1853,642,1,2
1853,643,1,2
1853,644,1,2
1853,645,1,2
1853,646,1,2
1853,647,1,2
1853,648,1,2
1854,121,1,2
1854,122,1,2
1854,123,1,2
1854,124,1,2
1854,125,1,2
1854,126,1,2
1854,127,1,2
1854,128,1,2
1854,129,1,2
1854,130,1,2
1854,131,1,2
1854,132,1,3
1854,133,1,3
1854,134,1,3
1854,135,1,3
1854,136,1,3
1854,137,1,3
1854,138,1,3
1854,139,1,3
1854,140,1,3
1854,141,1,3
1854,142,1,3
1854,143,1,3
1854,144,1,3
1854,145,1,3
1854,146,1,3
1854,147,1,3
1854,148,1,3
1854,149,1,2
1854,150,1,2
1854,151,1,2
1854,152,1,2
1854,153,1,2
1854,154,1,2
1854,155,1,2
1854,156,1,2
1854,157,1,2
1854,158,1,2
1854,159,1,2
1854,160,1,2
1854,161,1,2
1854,162,1,2
1854,163,1,2
1854,164,1,2
1854,165,1,2
1854,166,1,2
1854,167,1,2
1854,168,1,2
1854,169,1,2
1854,170,1,2
1854,171,1,2
1854,172,1,2
1854,173,1,2
1854,174,1,2
1854,175,1,2
1854,176,1,2
1854,177,1,2
1854,178,1,2
1854,179,1,2
1854,180,1,2
1854,181,1,2
1854,182,1,2
1854,183,1,2
1854,184,1,2
1854,185,1,2
1854,186,1,2
1854,187,1,2
1854,188,1,2
1854,189,1,2
1854,190,1,2
1854,191,1,2
1854,192,1,2
1854,193,1,2
1854,194,1,2
1854,195,1,2
1854,196,1,2
1854,197,1,2
1854,198,1,2
1854,199,1,2
1854,200,1,2
1854,201,1,2
1854,202,1,2
1854,203,1,2
1854,204,1,2
1854,205,1,2
1854,206,1,2
1854,207,1,2
1854,208,1,2
1854,209,1,2
1854,210,1,2
1854,211,1,2
1854,212,1,2
1854,213,1,2
1854,214,1,2
1854,215,1,2
1854,216,1,2
1854,217,1,2
1854,218,1,2
1854,219,1,2
1854,220,1,2
1854,221,1,2
1854,222,1,2
1854,223,1,2
1854,224,1,2
1854,225,1,2
1854,226,1,2
1854,227,1,2
1854,228,1,2
1854,229,1,2
1854,230,1,2
1854,231,1,2
1854,232,1,2
1854,233,1,2
1854,234,1,2
1854,235,1,2
1854,236,1,2
1854,237,1,2
1854,238,1,2
1854,239,1,2
1854,240,1,2
1854,241,1,2
1854,242,1,2
1854,243,1,2
1854,244,1,2
1854,245,1,2
1854,246,1,2
1854,247,1,2
1854,248,1,2
1854,249,1,2
1854,250,1,2
1854,251,1,2
1854,252,1,2
1854,253,1,2
1854,254,1,2
1854,255,1,2
1854,256,1,2
1854,257,1,2
1854,258,1,2
1854,259,1,2
1854,260,1,2
1854,261,1,2
1854,262,1,2
1854,263,1,2
1854,264,1,2
1854,265,1,2
1854,266,1,2
1854,267,1,2
1854,268,1,2
1854,269,1,2
1854,270,1,2
1854,271,1,2
1854,272,1,2
1854,273,1,2
1854,274,1,2
1854,275,1,2
1854,276,1,2
1854,277,1,2
1854,278,1,2
1854,279,1,2
1854,280,1,2
1854,281,1,2
1854,282,1,2
1854,283,1,2
1854,284,1,2
1854,285,1,2
1854,286,1,2
1854,287,1,2
1854,288,1,2
1854,289,1,2
1854,290,1,2
1854,291,1,2
1854,292,1,2
1854,293,1,2
1854,294,1,2
1854,295,1,2
1854,296,1,2
1854,297,1,2
1854,298,1,2
1854,299,1,2
1854,300,1,2
1854,301,1,2
1854,302,1,2
1854,303,1,2
1854,304,1,2
1854,305,1,2
1854,306,1,2
1854,307,1,2
1854,308,1,2
1854,309,1,2
1854,310,1,2
1854,311,1,2
1854,312,1,2
1854,313,1,2
1854,314,1,2
1854,315,1,2
1854,316,1,2
1854,317,1,2
1854,318,1,2
1854,319,1,2
1854,320,1,2
1854,321,1,2
1854,322,1,2
1854,323,1,2
1854,324,1,2
1854,325,1,2
1854,326,1,2
1854,327,1,2
1854,328,1,2
1854,329,1,2
1854,330,1,2
1854,331,1,2
1854,332,1,2
1854,333,1,2
1854,334,1,2
1854,335,1,2
1854,336,1,2
1854,337,1,2
1854,338,1,2
1854,339,1,2
1854,340,1,2
1854,341,1,2
1854,342,1,2
1854,343,1,2
1854,344,1,2
1854,345,1,2
1854,346,1,2
1854,347,1,2
1854,348,1,2
1854,349,1,2
1854,350,1,2
1854,351,1,2
1854,352,1,2
1854,353,1,2
1854,354,1,2
1854,355,1,2
1854,356,1,2
1854,357,1,2
1854,358,1,2
1854,359,1,2
1854,360,1,2
1854,361,1,2
1854,362,1,2
1854,363,1,2
1854,364,1,2
1854,365,1,2
1854,366,1,2
1854,367,1,2
1854,368,1,2
1854,369,1,2
1854,370,1,2
1854,371,1,2
1854,372,1,2
1854,373,1,2
1854,374,1,2
1854,375,1,2
1854,376,1,2
1854,377,1,2
1854,378,1,2
1854,379,1,2
1854,380,1,2
1854,381,1,2
1854,382,1,2
1854,383,1,2
1854,384,1,2
1854,385,1,2
1854,386,1,2
1854,387,1,2
1854,388,1,2
1854,389,1,2
1854,390,1,2
1854,391,1,2
1854,392,1,2
1854,393,1,2
1854,394,1,2
1854,395,1,2
1854,396,1,2
1854,397,1,2
1854,398,1,2
1854,399,1,2
1854,400,1,2
1854,401,1,2
1854,402,1,2
1854,403,1,2
1854,404,1,2
1854,405,1,2
1854,406,1,2
1854,407,1,2
1854,408,1,2
1854,409,1,2
1854,410,1,2
1854,411,1,2
1854,412,1,2
1854,413,1,2
1854,414,1,2
1854,415,1,2
1854,416,1,2
1854,417,1,2
1854,418,1,2
1854,419,1,2
1854,420,1,2
1854,421,1,2
1854,422,1,2
1854,423,1,2
1854,424,1,2
1854,425,1,2
1854,426,1,2
1854,427,1,2
1854,428,1,2
1854,429,1,2
1854,430,1,2
1854,431,1,2
1854,432,1,2
1854,433,1,2
1854,434,1,2
1854,435,1,2
1854,436,1,2
1854,437,1,2
1854,438,1,2
1854,439,1,2
1854,440,1,2
1854,441,1,2
1854,442,1,2
1854,443,1,2
1854,444,1,2
1854,445,1,2
1854,446,1,2
1854,447,1,2
1854,448,1,2
1854,449,1,2
1854,450,1,2
1854,451,1,2
1854,452,1,2
1854,453,1,2
1854,454,1,2
1854,455,1,2
1854,456,1,2
1854,457,1,2
1854,458,1,2
1854,459,1,2
1854,460,1,2
1854,461,1,2
1854,462,1,2
1854,463,1,2
1854,464,1,2
1854,465,1,2
1854,466,1,2
1854,467,1,2
1854,468,1,2
1854,469,1,2
1854,470,1,2
1854,471,1,2
1854,472,1,2
1854,473,1,2
1854,474,1,2
1854,475,1,2
1854,476,1,2
1854,477,1,2
1854,478,1,2
1854,479,1,2
1854,480,1,2
1854,481,1,2
1854,482,1,2
1854,483,1,2
1854,484,1,2
1854,485,1,2
1854,486,1,2
1854,487,1,2
1854,488,1,2
1854,489,1,2
1854,490,1,2
1854,491,1,2
1854,492,1,2
1854,493,1,2
1854,494,1,2
1854,495,1,2
1854,496,1,2
1854,497,1,2
1854,498,1,2
1854,499,1,2
1854,500,1,2
1854,501,1,2
1854,502,1,2
1854,503,1,2
1854,504,1,2
1854,505,1,2
1854,506,1,2
1854,507,1,2
1854,508,1,2
1854,509,1,2
1854,510,1,2
1854,511,1,2
1854,512,1,2
1854,513,1,2
1854,514,1,2
1854,515,1,2
1854,516,1,2
1854,517,1,2
1854,518,1,2
1854,519,1,2
1854,520,1,2
1854,521,1,2
1854,522,1,2
1854,523,1,3
1854,524,1,3
1854,525,1,3
1854,526,1,3
1854,527,1,3
1854,528,1,3
1854,529,1,3
1854,530,1,3
1854,531,1,2
1854,532,1,2
1854,533,1,2
1854,534,1,2
1854,535,1,2
1854,536,1,2
1854,537,1,2
1854,538,1,2
1854,539,1,2
1854,540,1,2
1854,541,1,2
1854,542,1,2
1854,543,1,2
1854,544,1,2
1854,545,1,2
1854,546,1,2
1854,547,1,2
1854,548,1,2
1854,549,1,3
1854,550,1,3
1854,551,1,2
1854,552,1,2
1854,553,1,2
1854,554,1,2
1854,555,1,2
1854,556,1,2
1854,557,1,2
1854,558,1,3
1854,559,1,3
1854,560,1,3
1854,561,1,3
1854,562,1,3
1854,563,1,3
1854,564,1,3
1854,565,1,3
1854,566,1,3
1854,567,1,3
1854,568,1,3
1854,569,1,3
1854,570,1,3
1854,571,1,3
1854,572,1,3
1854,573,1,3
1854,574,1,2
1854,575,1,2
1854,576,1,2
1854,577,1,2
1854,578,1,2
1854,579,1,2
1854,580,1,2
1854,581,1,2
1854,582,1,2
1854,583,1,2
1854,584,1,2
1854,585,1,2
1854,586,1,2
1854,587,1,2
1854,588,1,2
1854,589,1,2
1854,590,1,2
1854,591,1,2
1854,592,1,2
1854,593,1,2
1854,594,1,2
1854,595,1,2
1854,596,1,2
1854,597,1,2
1854,598,1,2
1854,599,1,2
1854,600,1,2
1854,601,1,2
1854,602,1,2
1854,603,1,2
1854,604,1,2
1854,605,1,2
1854,606,1,2
1854,607,1,2
1854,608,1,2
1854,609,1,2
1854,610,1,2
1854,611,1,2
1854,612,1,2
1854,613,1,2
1854,614,1,2
1854,615,1,2
1854,616,1,2
1854,617,1,2
1854,618,1,2
1854,619,1,2
1854,620,1,2
1854,621,1,2
1854,622,1,2
1854,623,1,2
1854,624,1,2
1854,625,1,2
1854,626,1,2
1854,627,1,2
1854,628,1,2
1854,629,1,2
1854,630,1,2
1854,631,1,2
1854,632,1,2
1854,633,1,2
1854,634,1,2
1854,635,1,2
1854,636,1,2
1854,637,1,2
1854,638,1,2
1854,639,1,2
1854,640,1,2
1854,641,1,2
1854,642,1,2
1854,643,1,2
1854,644,1,2
1854,645,1,2
1854,646,1,2
1854,647,1,2
1854,648,1,2
1855,120,1,2
1855,121,1,2
1855,122,1,2
1855,123,1,2
1855,124,1,2
1855,125,1,2
1855,126,1,2
1855,127,1,2
1855,128,1,2
1855,129,1,2
1855,130,1,2
1855,131,1,3
1855,132,1,3
1855,133,1,3
1855,134,1,3
1855,135,1,3
1855,136,1,3
1855,137,1,3
1855,138,1,3
1855,139,1,3
1855,140,1,3
1855,141,1,3
1855,142,1,3
1855,143,1,3
1855,144,1,3
1855,145,1,3
1855,146,1,3
1855,147,1,3
1855,148,1,3
1855,149,1,2
1855,150,1,2
1855,151,1,2
1855,152,1,2
1855,153,1,2
1855,154,1,2
1855,155,1,2
1855,156,1,2
1855,157,1,2
1855,158,1,2
1855,159,1,2
1855,160,1,2
1855,161,1,2
1855,162,1,2
1855,163,1,2
1855,164,1,2
1855,165,1,2
1855,166,1,2
1855,167,1,2
1855,168,1,2
1855,169,1,2
1855,170,1,2
1855,171,1,2
1855,172,1,2
1855,173,1,2
1855,174,1,2
1855,175,1,2
1855,176,1,2
1855,177,1,2
1855,178,1,2
1855,179,1,2
1855,180,1,2
1855,181,1,2
1855,182,1,2
1855,183,1,2
1855,184,1,2
1855,185,1,2
1855,186,1,2
1855,187,1,2
1855,188,1,2
1855,189,1,2
1855,190,1,2
1855,191,1,2
1855,192,1,2
1855,193,1,2
1855,194,1,2
1855,195,1,2
1855,196,1,2
1855,197,1,2
1855,198,1,2
1855,199,1,2
1855,200,1,2
1855,201,1,2
1855,202,1,2
1855,203,1,2
1855,204,1,2
1855,205,1,2
1855,206,1,2
1855,207,1,2
1855,208,1,2
1855,209,1,2
1855,210,1,2
1855,211,1,2
1855,212,1,2
1855,213,1,2
1855,214,1,2
1855,215,1,2
1855,216,1,2
1855,217,1,2
1855,218,1,2
1855,219,1,2
1855,220,1,2
1855,221,1,2
1855,222,1,2
1855,223,1,2
1855,224,1,2
1855,225,1,2
1855,226,1,2
1855,227,1,2
1855,228,1,2
1855,229,1,2
1855,230,1,2
1855,231,1,2
1855,232,1,2
1855,233,1,2
1855,234,1,2
1855,235,1,2
1855,236,1,2
1855,237,1,2
1855,238,1,2
1855,239,1,2
1855,240,1,2
1855,241,1,2
1855,242,1,2
1855,243,1,2
1855,244,1,2
1855,245,1,2
1855,246,1,2
1855,247,1,2
1855,248,1,2
1855,249,1,2
1855,250,1,2
1855,251,1,2
1855,252,1,2
1855,253,1,2
1855,254,1,2
1855,255,1,2
1855,256,1,2
1855,257,1,2
1855,258,1,2
1855,259,1,2
1855,260,1,2
1855,261,1,2
1855,262,1,2
1855,263,1,2
1855,264,1,2
1855,265,1,2
1855,266,1,2
1855,267,1,2
1855,268,1,2
1855,269,1,2
1855,270,1,2
1855,271,1,2
1855,272,1,2
1855,273,1,2
1855,274,1,2
1855,275,1,2
1855,276,1,2
1855,277,1,2
1855,278,1,2
1855,279,1,2
1855,280,1,2
1855,281,1,2
1855,282,1,2
1855,283,1,2
1855,284,1,2
1855,285,1,2
1855,286,1,2
1855,287,1,2
1855,288,1,2
1855,289,1,2
1855,290,1,2
1855,291,1,2
1855,292,1,2
1855,293,1,2
1855,294,1,2
1855,295,1,2
1855,296,1,2
1855,297,1,2
1855,298,1,2
1855,299,1,2
1855,300,1,2
1855,301,1,2
1855,302,1,2
1855,303,1,2
1855,304,1,2
1855,305,1,2
1855,306,1,2
1855,307,1,2
1855,308,1,2
1855,309,1,2
1855,310,1,2
1855,311,1,2
1855,312,1,2
1855,313,1,2
1855,314,1,2
1855,315,1,2
1855,316,1,2
1855,317,1,2
1855,318,1,2
1855,319,1,2
1855,320,1,2
1855,321,1,2
1855,322,1,2
1855,323,1,2
1855,324,1,2
1855,325,1,2
1855,326,1,2
1855,327,1,2
1855,328,1,2
1855,329,1,2
1855,330,1,2
1855,331,1,2
1855,332,1,2
1855,333,1,2
1855,334,1,2
1855,335,1,2
1855,336,1,2
1855,337,1,2
1855,338,1,2
1855,339,1,2
1855,340,1,2
1855,341,1,2
1855,342,1,2
1855,343,1,2
1855,344,1,2
1855,345,1,2
1855,346,1,2
1855,347,1,2
1855,348,1,2
1855,349,1,2
1855,350,1,2
1855,351,1,2
1855,352,1,2
1855,353,1,2
1855,354,1,2
1855,355,1,2
1855,356,1,2
1855,357,1,2
1855,358,1,2
1855,359,1,2
1855,360,1,2
1855,361,1,2
1855,362,1,2
1855,363,1,2
1855,364,1,2
1855,365,1,2
1855,366,1,2
1855,367,1,2
1855,368,1,2
1855,369,1,2
1855,370,1,2
1855,371,1,2
1855,372,1,2
1855,373,1,2
1855,374,1,2
1855,375,1,2
1855,376,1,2
1855,377,1,2
1855,378,1,2
1855,379,1,2
1855,380,1,2
1855,381,1,2
1855,382,1,2
1855,383,1,2
1855,384,1,2
1855,385,1,2
1855,386,1,2
1855,387,1,2
1855,388,1,2
1855,389,1,2
1855,390,1,2
1855,391,1,2
1855,392,1,2
1855,393,1,2
1855,394,1,2
1855,395,1,2
1855,396,1,2
1855,397,1,2
1855,398,1,2
1855,399,1,2
1855,400,1,2
1855,401,1,2
1855,402,1,2
1855,403,1,2
1855,404,1,2
1855,405,1,2
1855,406,1,2
1855,407,1,2
1855,408,1,2
1855,409,1,2
1855,410,1,2
1855,411,1,2
1855,412,1,2
1855,413,1,2
1855,414,1,2
1855,415,1,2
1855,416,1,2
1855,417,1,2
1855,418,1,2
1855,419,1,2
1855,420,1,2
1855,421,1,2
1855,422,1,2
1855,423,1,2
1855,424,1,2
1855,425,1,2
1855,426,1,2
1855,427,1,2
1855,428,1,2
1855,429,1,2
1855,430,1,2
1855,431,1,2
1855,432,1,2
1855,433,1,2
1855,434,1,2
1855,435,1,2
1855,436,1,2
1855,437,1,2
1855,438,1,2
1855,439,1,2
1855,440,1,2
1855,441,1,2
1855,442,1,2
1855,443,1,2
1855,444,1,2
1855,445,1,2
1855,446,1,2
1855,447,1,2
1855,448,1,2
1855,449,1,2
1855,450,1,2
1855,451,1,2
1855,452,1,2
1855,453,1,2
1855,454,1,2
1855,455,1,2
1855,456,1,2
1855,457,1,2
1855,458,1,2
1855,459,1,2
1855,460,1,2
1855,461,1,2
1855,462,1,2
1855,463,1,2
1855,464,1,2
1855,465,1,2
1855,466,1,2
1855,467,1,2
1855,468,1,2
1855,469,1,2
1855,470,1,2
1855,471,1,2
1855,472,1,2
1855,473,1,2
1855,474,1,2
1855,475,1,2
1855,476,1,2
1855,477,1,2
1855,478,1,2
1855,479,1,2
1855,480,1,2
1855,481,1,2
1855,482,1,2
1855,483,1,2
1855,484,1,2
1855,485,1,2
1855,486,1,2
1855,487,1,2
1855,488,1,2
1855,489,1,2
1855,490,1,2
1855,491,1,2
1855,492,1,2
1855,493,1,2
1855,494,1,2
1855,495,1,2
1855,496,1,2
1855,497,1,2
1855,498,1,2
1855,499,1,2
1855,500,1,2
1855,501,1,2
1855,502,1,2
1855,503,1,2
1855,504,1,2
1855,505,1,2
1855,506,1,2
1855,507,1,2
1855,508,1,2
1855,509,1,2
1855,510,1,2
1855,511,1,2
1855,512,1,2
1855,513,1,2
1855,514,1,2
1855,515,1,2
1855,516,1,2
1855,517,1,2
1855,518,1,2
1855,519,1,2
1855,520,1,2
1855,521,1,3
1855,522,1,3
1855,523,1,3
1855,524,1,3
1855,525,1,3
1855,526,1,3
1855,527,1,3
1855,528,1,3
1855,529,1,3
1855,530,1,3
1855,531,1,3
1855,532,1,3
1855,533,1,3
1855,534,1,3
1855,535,1,3
1855,536,1,3
1855,537,1,3
1855,538,1,2
1855,539,1,2
1855,540,1,2
1855,541,1,2
1855,542,1,2
1855,543,1,2
1855,544,1,2
1855,545,1,2
1855,546,1,2
1855,547,1,2
1855,548,1,3
1855,549,1,3
1855,550,1,3
1855,551,1,3
1855,552,1,2
1855,553,1,2
1855,554,1,2
1855,555,1,2
1855,556,1,2
1855,557,1,2
1855,558,1,3
1855,559,1,3
1855,560,1,3
1855,561,1,3
1855,562,1,3
1855,563,1,3
1855,564,1,3
1855,565,1,3
1855,566,1,3
1855,567,1,3
1855,568,1,3
1855,569,1,3
1855,570,1,3
1855,571,1,3
1855,572,1,3
1855,573,1,2
1855,574,1,2
1855,575,1,2
1855,576,1,2
1855,577,1,2
1855,578,1,2
1855,579,1,2
1855,580,1,2
1855,581,1,2
1855,582,1,2
1855,583,1,2
1855,584,1,2
1855,585,1,2
1855,586,1,2
1855,587,1,2
1855,588,1,2
1855,589,1,2
1855,590,1,2
1855,591,1,2
1855,592,1,2
1855,593,1,2
1855,594,1,2
1855,595,1,2
1855,596,1,2
1855,597,1,2
1855,598,1,2
1855,599,1,2
1855,600,1,2
1855,601,1,2
1855,602,1,2
1855,603,1,2
1855,604,1,2
1855,605,1,2
1855,606,1,2
1855,607,1,2
1855,608,1,2
1855,609,1,2
1855,610,1,2
1855,611,1,2
1855,612,1,2
1855,613,1,2
1855,614,1,2
1855,615,1,2
1855,616,1,2
1855,617,1,2
1855,618,1,2
1855,619,1,2
1855,620,1,2
1855,621,1,2
1855,622,1,2
1855,623,1,2
1855,624,1,2
1855,625,1,2
1855,626,1,2
1855,627,1,2
1855,628,1,2
1855,629,1,2
1855,630,1,2
1855,631,1,2
1855,632,1,2
1855,633,1,2
1855,634,1,2
1855,635,1,2
1855,636,1,2
1855,637,1,2
1855,638,1,2
1855,639,1,2
1855,640,1,2
1855,641,1,2
1855,642,1,2
1855,643,1,2
1855,644,1,2
1855,645,1,2
1855,646,1,2
1855,647,1,2
1855,648,1,2
1856,120,1,2
1856,121,1,2
1856,122,1,2
1856,123,1,2
1856,124,1,2
1856,125,1,2
1856,126,1,2
1856,127,1,2
1856,128,1,2
1856,129,1,2
1856,130,1,2
1856,131,1,2
1856,132,1,3
1856,133,1,3
1856,134,1,3
1856,135,1,3
1856,136,1,3
1856,137,1,3
1856,138,1,3
1856,139,1,3
1856,140,1,3
1856,141,1,3
1856,142,1,3
1856,143,1,3
1856,144,1,3
1856,145,1,3
1856,146,1,3
1856,147,1,3
1856,148,1,3
1856,149,1,2
1856,150,1,2
1856,151,1,2
1856,152,1,2
1856,153,1,2
1856,154,1,2
1856,155,1,2
1856,156,1,2
1856,157,1,2
1856,158,1,2
1856,159,1,2
1856,160,1,2
1856,161,1,2
1856,162,1,2
1856,163,1,2
1856,164,1,2
1856,165,1,2
1856,166,1,2
1856,167,1,2
1856,168,1,2
1856,169,1,2
1856,170,1,2
1856,171,1,2
1856,172,1,2
1856,173,1,2
1856,174,1,2
1856,175,1,2
1856,176,1,2
1856,177,1,2
1856,178,1,2
1856,179,1,2
1856,180,1,2
1856,181,1,2
1856,182,1,2
1856,183,1,2
1856,184,1,2
1856,185,1,2
1856,186,1,2
1856,187,1,2
1856,188,1,2
1856,189,1,2
1856,190,1,2
1856,191,1,2
1856,192,1,2
1856,193,1,2
1856,194,1,2
1856,195,1,2
1856,196,1,2
1856,197,1,2
1856,198,1,2
1856,199,1,2
1856,200,1,2
1856,201,1,2
1856,202,1,2
1856,203,1,2
1856,204,1,2
1856,205,1,2
1856,206,1,2
1856,207,1,2
1856,208,1,2
1856,209,1,2
1856,210,1,2
1856,211,1,2
1856,212,1,2
1856,213,1,2
1856,214,1,2
1856,215,1,2
1856,216,1,2
1856,217,1,2
1856,218,1,2
1856,219,1,2
1856,220,1,2
1856,221,1,2
1856,222,1,2
1856,223,1,2
1856,224,1,2
1856,225,1,2
1856,226,1,2
1856,227,1,2
1856,228,1,2
1856,229,1,2
1856,230,1,2
1856,231,1,2
1856,232,1,2
1856,233,1,2
1856,234,1,2
1856,235,1,2
1856,236,1,2
1856,237,1,2
1856,238,1,2
1856,239,1,2
1856,240,1,2
1856,241,1,2
1856,242,1,2
1856,243,1,2
1856,244,1,2
1856,245,1,2
1856,246,1,2
1856,247,1,2
1856,248,1,2
1856,249,1,2
1856,250,1,2
1856,251,1,2
1856,252,1,2
1856,253,1,2
1856,254,1,2
1856,255,1,2
1856,256,1,2
1856,257,1,2
1856,258,1,2
1856,259,1,2
1856,260,1,2
1856,261,1,2
1856,262,1,2
1856,263,1,2
1856,264,1,2
1856,265,1,2
1856,266,1,2
1856,267,1,2
1856,268,1,2
1856,269,1,2
1856,270,1,2
1856,271,1,2
1856,272,1,2
1856,273,1,2
1856,274,1,2
1856,275,1,2
1856,276,1,2
1856,277,1,2
1856,278,1,2
1856,279,1,2
1856,280,1,2
1856,281,1,2
1856,282,1,2
1856,283,1,2
1856,284,1,2
1856,285,1,2
1856,286,1,2
1856,287,1,2
1856,288,1,2
1856,289,1,2
1856,290,1,2
1856,291,1,2
1856,292,1,2
1856,293,1,2
1856,294,1,2
1856,295,1,2
1856,296,1,2
1856,297,1,2
1856,298,1,2
1856,299,1,2
1856,300,1,2
1856,301,1,2
1856,302,1,2
1856,303,1,2
1856,304,1,2
1856,305,1,2
1856,306,1,2
1856,307,1,2
1856,308,1,2
1856,309,1,2
1856,310,1,2
1856,311,1,2
1856,312,1,2
1856,313,1,2
1856,314,1,2
1856,315,1,2
1856,316,1,2
1856,317,1,2
1856,318,1,2
1856,319,1,2
1856,320,1,2
1856,321,1,2
1856,322,1,2
1856,323,1,2
1856,324,1,2
1856,325,1,2
1856,326,1,2
1856,327,1,2
1856,328,1,2
1856,329,1,2
1856,330,1,2
1856,331,1,2
1856,332,1,2
1856,333,1,2
1856,334,1,2
1856,335,1,2
1856,336,1,2
1856,337,1,2
1856,338,1,2
1856,339,1,2
1856,340,1,2
1856,341,1,2
1856,342,1,2
1856,343,1,2
1856,344,1,2
1856,345,1,2
1856,346,1,2
1856,347,1,2
1856,348,1,2
1856,349,1,2
1856,350,1,2
1856,351,1,2
1856,352,1,2
1856,353,1,2
1856,354,1,2
1856,355,1,2
1856,356,1,2
1856,357,1,2
1856,358,1,2
1856,359,1,2
1856,360,1,2
1856,361,1,2
1856,362,1,2
1856,363,1,2
1856,364,1,2
1856,365,1,2
1856,366,1,2
1856,367,1,2
1856,368,1,2
1856,369,1,2
1856,370,1,2
1856,371,1,2
1856,372,1,2
1856,373,1,2
1856,374,1,2
1856,375,1,2
1856,376,1,2
1856,377,1,2
1856,378,1,2
1856,379,1,2
1856,380,1,2
1856,381,1,2
1856,382,1,2
1856,383,1,2
1856,384,1,2
1856,385,1,2
1856,386,1,2
1856,387,1,2
1856,388,1,2
1856,389,1,2
1856,390,1,2
1856,391,1,2
1856,392,1,2
1856,393,1,2
1856,394,1,2
1856,395,1,2
1856,396,1,2
1856,397,1,2
1856,398,1,2
1856,399,1,2
1856,400,1,2
1856,401,1,2
1856,402,1,2
1856,403,1,2
1856,404,1,2
1856,405,1,2
1856,406,1,2
1856,407,1,2
1856,408,1,2
1856,409,1,2
1856,410,1,2
1856,411,1,2
1856,412,1,2
1856,413,1,2
1856,414,1,2
1856,415,1,2
1856,416,1,2
1856,417,1,2
1856,418,1,2
1856,419,1,2
1856,420,1,2
1856,421,1,2
1856,422,1,2
1856,423,1,2
1856,424,1,2
1856,425,1,2
1856,426,1,2
1856,427,1,2
1856,428,1,2
1856,429,1,2
1856,430,1,2
1856,431,1,2
1856,432,1,2
1856,433,1,2
1856,434,1,2
1856,435,1,2
1856,436,1,2
1856,437,1,2
1856,438,1,2
1856,439,1,2
1856,440,1,2
1856,441,1,2
1856,442,1,2
1856,443,1,2
1856,444,1,2
1856,445,1,2
1856,446,1,2
1856,447,1,2
1856,448,1,2
1856,449,1,2
1856,450,1,2
1856,451,1,2
1856,452,1,2
1856,453,1,2
1856,454,1,2
1856,455,1,2
1856,456,1,2
1856,457,1,2
1856,458,1,2
1856,459,1,2
1856,460,1,2
1856,461,1,2
1856,462,1,2
1856,463,1,2
1856,464,1,2
1856,465,1,2
1856,466,1,2
1856,467,1,2
1856,468,1,2
1856,469,1,2
1856,470,1,2
1856,471,1,2
1856,472,1,2
1856,473,1,2
1856,474,1,2
1856,475,1,2
1856,476,1,2
1856,477,1,2
1856,478,1,2
1856,479,1,2
1856,480,1,2
1856,481,1,2
1856,482,1,2
1856,483,1,2
1856,484,1,2
1856,485,1,2
1856,486,1,2
1856,487,1,2
1856,488,1,2
1856,489,1,2
1856,490,1,2
1856,491,1,2
1856,492,1,2
1856,493,1,2
1856,494,1,2
1856,495,1,2
1856,496,1,2
1856,497,1,2
1856,498,1,2
1856,499,1,2
1856,500,1,2
1856,501,1,2
1856,502,1,2
1856,503,1,2
1856,504,1,2
1856,505,1,2
1856,506,1,2
1856,507,1,2
1856,508,1,2
1856,509,1,2
1856,510,1,2
1856,511,1,2
1856,512,1,2
1856,513,1,2
1856,514,1,2
1856,515,1,2
1856,516,1,2
1856,517,1,2
1856,518,1,3
1856,519,1,3
1856,520,1,3
1856,521,1,3
1856,522,1,3
1856,523,1,3
1856,524,1,3
1856,525,1,3
1856,526,1,3
1856,527,1,3
1856,528,1,3
1856,529,1,3
1856,530,1,3
1856,531,1,3
1856,532,1,3
1856,533,1,3
1856,534,1,3
1856,535,1,3
1856,536,1,3
1856,537,1,3
1856,538,1,3
1856,539,1,3
1856,540,1,3
1856,541,1,3
1856,542,1,3
1856,543,1,2
1856,544,1,2
1856,545,1,3
1856,546,1,3
1856,547,1,3
1856,548,1,3
1856,549,1,3
1856,550,1,3
1856,551,1,3
1856,552,1,3
1856,553,1,2
1856,554,1,2
1856,555,1,2
1856,556,1,2
1856,557,1,2
1856,558,1,2
1856,559,1,3
1856,560,1,3
1856,561,1,3
1856,562,1,3
1856,563,1,3
1856,564,1,3
1856,565,1,3
1856,566,1,3
1856,567,1,3
1856,568,1,3
1856,569,1,3
1856,570,1,3
1856,571,1,2
1856,572,1,2
1856,573,1,2
1856,574,1,2
1856,575,1,2
1856,576,1,2
1856,577,1,2
1856,578,1,2
1856,579,1,2
1856,580,1,2
1856,581,1,2
1856,582,1,2
1856,583,1,2
1856,584,1,2
1856,585,1,2
1856,586,1,2
1856,587,1,2
1856,588,1,2
1856,589,1,2
1856,590,1,2
1856,591,1,2
1856,592,1,2
1856,593,1,2
1856,594,1,2
1856,595,1,2
1856,596,1,2
1856,597,1,2
1856,598,1,2
1856,599,1,2
1856,600,1,2
1856,601,1,2
1856,602,1,2
1856,603,1,2
1856,604,1,2
1856,605,1,2
1856,606,1,2
1856,607,1,2
1856,608,1,2
1856,609,1,2
1856,610,1,2
1856,611,1,2
1856,612,1,2
1856,613,1,2
1856,614,1,2
1856,615,1,2
1856,616,1,2
1856,617,1,2
1856,618,1,2
1856,619,1,2
1856,620,1,2
1856,621,1,2
1856,622,1,2
1856,623,1,2
1856,624,1,2
1856,625,1,2
1856,626,1,2
1856,627,1,2
1856,628,1,2
1856,629,1,2
1856,630,1,2
1856,631,1,2
1856,632,1,2
1856,633,1,2
1856,634,1,2
1856,635,1,2
1856,636,1,2
1856,637,1,2
1856,638,1,2
1856,639,1,2
1856,640,1,2
1856,641,1,2
1856,642,1,2
1856,643,1,2
1856,644,1,2
1856,645,1,2
1856,646,1,2
1856,647,1,2
1856,648,1,2
1856,649,1,2
1857,120,1,2
1857,121,1,2
1857,122,1,2
1857,123,1,2
1857,124,1,2
1857,125,1,2
1857,126,1,2
1857,127,1,2
1857,128,1,2
1857,129,1,2
1857,130,1,2
1857,131,1,2
1857,132,1,3
1857,133,1,3
1857,134,1,3
1857,135,1,3
1857,136,1,3
1857,137,1,3
1857,138,1,3
1857,139,1,3
1857,140,1,3
1857,141,1,3
1857,142,1,3
1857,143,1,3
1857,144,1,3
1857,145,1,3
1857,146,1,3
1857,147,1,3
1857,148,1,3
1857,149,1,3
1857,150,1,2
1857,151,1,2
1857,152,1,2
1857,153,1,2
1857,154,1,2
1857,155,1,2
1857,156,1,2
1857,157,1,2
1857,158,1,2
1857,159,1,2
1857,160,1,2
1857,161,1,2
1857,162,1,2
1857,163,1,2
1857,164,1,2
1857,165,1,2
1857,166,1,2
1857,167,1,2
1857,168,1,2
1857,169,1,2
1857,170,1,2
1857,171,1,2
1857,172,1,2
1857,173,1,2
1857,174,1,2
1857,175,1,2
1857,176,1,2
1857,177,1,2
1857,178,1,2
1857,179,1,2
1857,180,1,2
1857,181,1,2
1857,182,1,2
1857,183,1,2
1857,184,1,2
1857,185,1,2
1857,186,1,2
1857,187,1,2
1857,188,1,2
1857,189,1,2
1857,190,1,2
1857,191,1,2
1857,192,1,2
1857,193,1,2
1857,194,1,2
1857,195,1,2
1857,196,1,2
1857,197,1,2
1857,198,1,2
1857,199,1,2
1857,200,1,2
1857,201,1,2
1857,202,1,2
1857,203,1,2
1857,204,1,2
1857,205,1,2
1857,206,1,2
1857,207,1,2
1857,208,1,2
1857,209,1,2
1857,210,1,2
1857,211,1,2
1857,212,1,2
1857,213,1,2
1857,214,1,2
1857,215,1,2
1857,216,1,2
1857,217,1,2
1857,218,1,2
1857,219,1,2
1857,220,1,2
1857,221,1,2
1857,222,1,2
1857,223,1,2
1857,224,1,2
1857,225,1,2
1857,226,1,2
1857,227,1,2
1857,228,1,2
1857,229,1,2
1857,230,1,2
1857,231,1,2
1857,232,1,2
1857,233,1,2
1857,234,1,2
1857,235,1,2
1857,236,1,2
1857,237,1,2
1857,238,1,2
1857,239,1,2
1857,240,1,2
1857,241,1,2
1857,242,1,2
1857,243,1,2
1857,244,1,2
1857,245,1,2
1857,246,1,2
1857,247,1,2
1857,248,1,2
1857,249,1,2
1857,250,1,2
1857,251,1,2
1857,252,1,2
1857,253,1,2
1857,254,1,2
1857,255,1,2
1857,256,1,2
1857,257,1,2
1857,258,1,2
1857,259,1,2
1857,260,1,2
1857,261,1,2
1857,262,1,2
1857,263,1,2
1857,264,1,2
1857,265,1,2
1857,266,1,2
1857,267,1,2
1857,268,1,2
1857,269,1,2
1857,270,1,2
1857,271,1,2
1857,272,1,2
1857,273,1,2
1857,274,1,2
1857,275,1,2
1857,276,1,2
1857,277,1,2
1857,278,1,2
1857,279,1,2
1857,280,1,2
1857,281,1,2
1857,282,1,2
1857,283,1,2
1857,284,1,2
1857,285,1,2
1857,286,1,2
1857,287,1,2
1857,288,1,2
1857,289,1,2
1857,290,1,2
1857,291,1,2
1857,292,1,2
1857,293,1,2
1857,294,1,2
1857,295,1,2
1857,296,1,2
1857,297,1,2
1857,298,1,2
1857,299,1,2
1857,300,1,2
1857,301,1,2
1857,302,1,2
1857,303,1,2
1857,304,1,2
1857,305,1,2
1857,306,1,2
1857,307,1,2
1857,308,1,2
1857,309,1,2
1857,310,1,2
1857,311,1,2
1857,312,1,2
1857,313,1,2
1857,314,1,2
1857,315,1,2
1857,316,1,2
1857,317,1,2
1857,318,1,2
1857,319,1,2
1857,320,1,2
1857,321,1,2
1857,322,1,2
1857,323,1,2
1857,324,1,2
1857,325,1,2
1857,326,1,2
1857,327,1,2
1857,328,1,2
1857,329,1,2
1857,330,1,2
1857,331,1,2
1857,332,1,2
1857,333,1,2
1857,334,1,2
1857,335,1,2
1857,336,1,2
1857,337,1,2
1857,338,1,2
1857,339,1,2
1857,340,1,2
1857,341,1,2
1857,342,1,2
1857,343,1,2
1857,344,1,2
1857,345,1,2
1857,346,1,2
1857,347,1,2
1857,348,1,2
1857,349,1,2
1857,350,1,2
1857,351,1,2
1857,352,1,2
1857,353,1,2
1857,354,1,2
1857,355,1,2
1857,356,1,2
1857,357,1,2
1857,358,1,2
1857,359,1,2
1857,360,1,2
1857,361,1,2
1857,362,1,2
1857,363,1,2
1857,364,1,2
1857,365,1,2
1857,366,1,2
1857,367,1,2
1857,368,1,2
1857,369,1,2
1857,370,1,2
1857,371,1,2
1857,372,1,2
1857,373,1,2
1857,374,1,2
1857,375,1,2
1857,376,1,2
1857,377,1,2
1857,378,1,2
1857,379,1,2
1857,380,1,2
1857,381,1,2
1857,382,1,2
1857,383,1,2
1857,384,1,2
1857,385,1,2
1857,386,1,2
1857,387,1,2
1857,388,1,2
1857,389,1,2
1857,390,1,2
1857,391,1,2
1857,392,1,2
1857,393,1,2
1857,394,1,2
1857,395,1,2
1857,396,1,2
1857,397,1,2
1857,398,1,2
1857,399,1,2
1857,400,1,2
1857,401,1,2
1857,402,1,2
1857,403,1,2
1857,404,1,2
1857,405,1,2
1857,406,1,2
1857,407,1,2
1857,408,1,2
1857,409,1,2
1857,410,1,2
1857,411,1,2
1857,412,1,2
1857,413,1,2
1857,414,1,2
1857,415,1,2
1857,416,1,2
1857,417,1,2
1857,418,1,2
1857,419,1,2
1857,420,1,2
1857,421,1,2
1857,422,1,2
1857,423,1,2
1857,424,1,2
1857,425,1,2
1857,426,1,2
1857,427,1,2
1857,428,1,2
1857,429,1,2
1857,430,1,2
1857,431,1,2
1857,432,1,2
1857,433,1,2
1857,434,1,2
1857,435,1,2
1857,436,1,2
1857,437,1,2
1857,438,1,2
1857,439,1,2
1857,440,1,2
1857,441,1,2
1857,442,1,2
1857,443,1,2
1857,444,1,2
1857,445,1,2
1857,446,1,2
1857,447,1,2
1857,448,1,2
1857,449,1,2
1857,450,1,2
1857,451,1,2
1857,452,1,2
1857,453,1,2
1857,454,1,2
1857,455,1,2
1857,456,1,2
1857,457,1,2
1857,458,1,2
1857,459,1,2
1857,460,1,2
1857,461,1,2
1857,462,1,2
1857,463,1,2
1857,464,1,2
1857,465,1,2
1857,466,1,2
1857,467,1,2
1857,468,1,2
1857,469,1,2
1857,470,1,2
1857,471,1,2
1857,472,1,2
1857,473,1,2
1857,474,1,2
1857,475,1,2
1857,476,1,2
1857,477,1,2
1857,478,1,2
1857,479,1,2
1857,480,1,2
1857,481,1,2
1857,482,1,2
1857,483,1,2
1857,484,1,2
1857,485,1,2
1857,486,1,2
1857,487,1,2
1857,488,1,2
1857,489,1,2
1857,490,1,2
1857,491,1,2
1857,492,1,2
1857,493,1,2
1857,494,1,2
1857,495,1,2
1857,496,1,2
1857,497,1,2
1857,498,1,2
1857,499,1,2
1857,500,1,2
1857,501,1,2
1857,502,1,2
1857,503,1,2
1857,504,1,2
1857,505,1,2
1857,506,1,2
1857,507,1,2
1857,508,1,3
1857,509,1,3
1857,510,1,3
1857,511,1,3
1857,512,1,3
1857,513,1,3
1857,514,1,3
1857,515,1,3
1857,516,1,3
1857,517,1,3
1857,518,1,3
1857,519,1,3
1857,520,1,3
1857,521,1,3
1857,522,1,3
1857,523,1,3
1857,524,1,3
1857,525,1,3
1857,526,1,3
1857,527,1,3
1857,528,1,3
1857,529,1,3
1857,530,1,3
1857,531,1,3
1857,532,1,3
1857,533,1,3
1857,534,1,3
1857,535,1,3
1857,536,1,3
1857,537,1,3
1857,538,1,3
1857,539,1,3
1857,540,1,3
1857,541,1,3
1857,542,1,3
1857,543,1,3
1857,544,1,3
1857,545,1,3
1857,546,1,3
1857,547,1,3
1857,548,1,3
1857,549,1,3
1857,550,1,3
1857,551,1,3
1857,552,1,3
1857,553,1,3
1857,554,1,3
1857,555,1,3
1857,556,1,2
1857,557,1,2
1857,558,1,2
1857,559,1,2
1857,560,1,3
1857,561,1,3
1857,562,1,3
1857,563,1,3
1857,564,1,3
1857,565,1,3
1857,566,1,2
1857,567,1,2
1857,568,1,2
1857,569,1,2
1857,570,1,2
1857,571,1,2
1857,572,1,2
1857,573,1,2
1857,574,1,2
1857,575,1,2
1857,576,1,2
1857,577,1,2
1857,578,1,2
1857,579,1,2
1857,580,1,2
1857,581,1,2
1857,582,1,2
1857,583,1,2
1857,584,1,2
1857,585,1,2
1857,586,1,2
1857,587,1,2
1857,588,1,2
1857,589,1,2
1857,590,1,2
1857,591,1,2
1857,592,1,2
1857,593,1,2
1857,594,1,2
1857,595,1,2
1857,596,1,2
1857,597,1,2
1857,598,1,2
1857,599,1,2
1857,600,1,2
1857,601,1,2
1857,602,1,2
1857,603,1,2
1857,604,1,2
1857,605,1,2
1857,606,1,2
1857,607,1,2
1857,608,1,2
1857,609,1,2
1857,610,1,2
1857,611,1,2
1857,612,1,2
1857,613,1,2
1857,614,1,2
1857,615,1,2
1857,616,1,2
1857,617,1,2
1857,618,1,2
1857,619,1,2
1857,620,1,2
1857,621,1,2
1857,622,1,2
1857,623,1,2
1857,624,1,2
1857,625,1,2
1857,626,1,2
1857,627,1,2
1857,628,1,2
1857,629,1,2
1857,630,1,2
1857,631,1,2
1857,632,1,2
1857,633,1,2
1857,634,1,2
1857,635,1,2
1857,636,1,2
1857,637,1,2
1857,638,1,2
1857,639,1,2
1857,640,1,2
1857,641,1,2
1857,642,1,2
1857,643,1,2
1857,644,1,2
1857,645,1,2
1857,646,1,2
1857,647,1,2
1857,648,1,2
1857,649,1,2
1858,120,1,2
1858,121,1,2
1858,122,1,2
1858,123,1,2
1858,124,1,2
1858,125,1,2
1858,126,1,2
1858,127,1,2
1858,128,1,2
1858,129,1,2
1858,130,1,2
1858,131,1,2
1858,132,1,2
1858,133,1,3
1858,134,1,3
1858,135,1,3
1858,136,1,3
1858,137,1,3
1858,138,1,3
1858,139,1,3
1858,140,1,3
1858,141,1,3
1858,142,1,3
1858,143,1,3
1858,144,1,3
1858,145,1,3
1858,146,1,3
1858,147,1,3
1858,148,1,3
1858,149,1,3
1858,150,1,2
1858,151,1,2
1858,152,1,2
1858,153,1,2
1858,154,1,2
1858,155,1,2
1858,156,1,2
1858,157,1,2
1858,158,1,2
1858,159,1,2
1858,160,1,2
1858,161,1,2
1858,162,1,2
1858,163,1,2
1858,164,1,2
1858,165,1,2
1858,166,1,2
1858,167,1,2
1858,168,1,2
1858,169,1,2
1858,170,1,2
1858,171,1,2
1858,172,1,2
1858,173,1,2
1858,174,1,2
1858,175,1,2
1858,176,1,2
1858,177,1,2
1858,178,1,2
1858,179,1,2
1858,180,1,2
1858,181,1,2
1858,182,1,2
1858,183,1,2
1858,184,1,2
1858,185,1,2
1858,186,1,2
1858,187,1,2
1858,188,1,2
1858,189,1,2
1858,190,1,2
1858,191,1,2
1858,192,1,2
1858,193,1,2
1858,194,1,2
1858,195,1,2
1858,196,1,2
1858,197,1,2
1858,198,1,2
1858,199,1,2
1858,200,1,2
1858,201,1,2
1858,202,1,2
1858,203,1,2
1858,204,1,2
1858,205,1,2
1858,206,1,2
1858,207,1,2
1858,208,1,2
1858,209,1,2
1858,210,1,2
1858,211,1,2
1858,212,1,2
1858,213,1,2
1858,214,1,2
1858,215,1,2
1858,216,1,2
1858,217,1,2
1858,218,1,2
1858,219,1,2
1858,220,1,2
1858,221,1,2
1858,222,1,2
1858,223,1,2
1858,224,1,2
1858,225,1,2
1858,226,1,2
1858,227,1,2
1858,228,1,2
1858,229,1,2
1858,230,1,2
1858,231,1,2
1858,232,1,2
1858,233,1,2
1858,234,1,2
1858,235,1,2
1858,236,1,2
1858,237,1,2
1858,238,1,2
1858,239,1,2
1858,240,1,2
1858,241,1,2
1858,242,1,2
1858,243,1,2
1858,244,1,2
1858,245,1,2
1858,246,1,2
1858,247,1,2
1858,248,1,2
1858,249,1,2
1858,250,1,2
1858,251,1,2
1858,252,1,2
1858,253,1,2
1858,254,1,2
1858,255,1,2
1858,256,1,2
1858,257,1,2
1858,258,1,2
1858,259,1,2
1858,260,1,2
1858,261,1,2
1858,262,1,2
1858,263,1,2
1858,264,1,2
1858,265,1,2
1858,266,1,2
1858,267,1,2
1858,268,1,2
1858,269,1,2
1858,270,1,2
1858,271,1,2
1858,272,1,2
1858,273,1,2
1858,274,1,2
1858,275,1,2
1858,276,1,2
1858,277,1,2
1858,278,1,2
1858,279,1,2
1858,280,1,2
1858,281,1,2
1858,282,1,2
1858,283,1,2
1858,284,1,2
1858,285,1,2
1858,286,1,2
1858,287,1,2
1858,288,1,2
1858,289,1,2
1858,290,1,2
1858,291,1,2
1858,292,1,2
1858,293,1,2
1858,294,1,2
1858,295,1,2
1858,296,1,2
1858,297,1,2
1858,298,1,2
1858,299,1,2
1858,300,1,2
1858,301,1,2
1858,302,1,2
1858,303,1,2
1858,304,1,2
1858,305,1,2
1858,306,1,2
1858,307,1,2
1858,308,1,2
1858,309,1,2
1858,310,1,2
1858,311,1,2
1858,312,1,2
1858,313,1,2
1858,314,1,2
1858,315,1,2
1858,316,1,2
1858,317,1,2
1858,318,1,2
1858,319,1,2
1858,320,1,2
1858,321,1,2
1858,322,1,2
1858,323,1,2
1858,324,1,2
1858,325,1,2
1858,326,1,2
1858,327,1,2
1858,328,1,2
1858,329,1,2
1858,330,1,2
1858,331,1,2
1858,332,1,2
1858,333,1,2
1858,334,1,2
1858,335,1,2
1858,336,1,2
1858,337,1,2
1858,338,1,2
1858,339,1,2
1858,340,1,2
1858,341,1,2
1858,342,1,2
1858,343,1,2
1858,344,1,2
1858,345,1,2
1858,346,1,2
1858,347,1,2
1858,348,1,2
1858,349,1,2
1858,350,1,2
1858,351,1,2
1858,352,1,2
1858,353,1,2
1858,354,1,2
1858,355,1,2
1858,356,1,2
1858,357,1,2
1858,358,1,2
1858,359,1,2
1858,360,1,2
1858,361,1,2
1858,362,1,2
1858,363,1,2
1858,364,1,2
1858,365,1,2
1858,366,1,2
1858,367,1,2
1858,368,1,2
1858,369,1,2
1858,370,1,2
1858,371,1,2
1858,372,1,2
1858,373,1,2
1858,374,1,2
1858,375,1,2
1858,376,1,2
1858,377,1,2
1858,378,1,2
1858,379,1,2
1858,380,1,2
1858,381,1,2
1858,382,1,2
1858,383,1,2
1858,384,1,2
1858,385,1,2
1858,386,1,2
1858,387,1,2
1858,388,1,2
1858,389,1,2
1858,390,1,2
1858,391,1,2
1858,392,1,2
1858,393,1,2
1858,394,1,2
1858,395,1,2
1858,396,1,2
1858,397,1,2
1858,398,1,2
1858,399,1,2
1858,400,1,2
1858,401,1,2
1858,402,1,2
1858,403,1,2
1858,404,1,2
1858,405,1,2
1858,406,1,2
1858,407,1,2
1858,408,1,2
1858,409,1,2
1858,410,1,2
1858,411,1,2
1858,412,1,2
1858,413,1,2
1858,414,1,2
1858,415,1,2
1858,416,1,2
1858,417,1,2
1858,418,1,2
1858,419,1,2
1858,420,1,2
1858,421,1,2
1858,422,1,2
1858,423,1,2
1858,424,1,2
1858,425,1,2
1858,426,1,2
1858,427,1,2
1858,428,1,2
1858,429,1,2
1858,430,1,2
1858,431,1,2
1858,432,1,2
1858,433,1,2
1858,434,1,2
1858,435,1,2
1858,436,1,2
1858,437,1,2
1858,438,1,2
1858,439,1,2
1858,440,1,2
1858,441,1,2
1858,442,1,2
1858,443,1,2
1858,444,1,2
1858,445,1,2
1858,446,1,2
1858,447,1,2
1858,448,1,2
1858,449,1,2
1858,450,1,2
1858,451,1,2
1858,452,1,2
1858,453,1,2
1858,454,1,2
1858,455,1,2
1858,456,1,2
1858,457,1,2
1858,458,1,2
1858,459,1,2
1858,460,1,2
1858,461,1,2
1858,462,1,2
1858,463,1,2
1858,464,1,2
1858,465,1,2
1858,466,1,2
1858,467,1,2
1858,468,1,2
1858,469,1,2
1858,470,1,2
1858,471,1,2
1858,472,1,2
1858,473,1,2
1858,474,1,2
1858,475,1,2
1858,476,1,2
1858,477,1,2
1858,478,1,2
1858,479,1,2
1858,480,1,2
1858,481,1,2
1858,482,1,2
1858,483,1,2
1858,484,1,2
1858,485,1,2
1858,486,1,2
1858,487,1,2
1858,488,1,2
1858,489,1,2
1858,490,1,2
1858,491,1,2
1858,492,1,2
1858,493,1,2
1858,494,1,2
1858,495,1,2
1858,496,1,2
1858,497,1,2
1858,498,1,2
1858,499,1,2
1858,500,1,2
1858,501,1,2
1858,502,1,2
1858,503,1,2
1858,504,1,2
1858,505,1,2
1858,506,1,3
1858,507,1,3
1858,508,1,3
1858,509,1,3
1858,510,1,3
1858,511,1,3
1858,512,1,3
1858,513,1,3
1858,514,1,3
1858,515,1,3
1858,516,1,3
1858,517,1,3
1858,518,1,3
1858,519,1,3
1858,520,1,3
1858,521,1,3
1858,522,1,3
1858,523,1,3
1858,524,1,3
1858,525,1,3
1858,526,1,3
1858,527,1,3
1858,528,1,3
1858,529,1,3
1858,530,1,3
1858,531,1,3
1858,532,1,3
1858,533,1,3
1858,534,1,3
1858,535,1,3
1858,536,1,3
1858,537,1,3
1858,538,1,3
1858,539,1,3
1858,540,1,3
1858,541,1,3
1858,542,1,3
1858,543,1,3
1858,544,1,3
1858,545,1,3
1858,546,1,3
1858,547,1,3
1858,548,1,3
1858,549,1,3
1858,550,1,3
1858,551,1,3
1858,552,1,3
1858,553,1,3
1858,554,1,3
1858,555,1,3
1858,556,1,3
1858,557,1,2
1858,558,1,2
1858,559,1,2
1858,560,1,3
1858,561,1,3
1858,562,1,3
1858,563,1,3
1858,564,1,3
1858,565,1,3
1858,566,1,2
1858,567,1,2
1858,568,1,2
1858,569,1,2
1858,570,1,2
1858,571,1,2
1858,572,1,2
1858,573,1,2
1858,574,1,2
1858,575,1,2
1858,576,1,2
1858,577,1,2
1858,578,1,2
1858,579,1,2
1858,580,1,2
1858,581,1,2
1858,582,1,2
1858,583,1,2
1858,584,1,2
1858,585,1,2
1858,586,1,2
1858,587,1,2
1858,588,1,2
1858,589,1,2
1858,590,1,2
1858,591,1,2
1858,592,1,2
1858,593,1,2
1858,594,1,2
1858,595,1,2
1858,596,1,2
1858,597,1,2
1858,598,1,2
1858,599,1,2
1858,600,1,2
1858,601,1,2
1858,602,1,2
1858,603,1,2
1858,604,1,2
1858,605,1,2
1858,606,1,2
1858,607,1,2
1858,608,1,2
1858,609,1,2
1858,610,1,2
1858,611,1,2
1858,612,1,2
1858,613,1,2
1858,614,1,2
1858,615,1,2
1858,616,1,2
1858,617,1,2
1858,618,1,2
1858,619,1,2
1858,620,1,2
1858,621,1,2
1858,622,1,2
1858,623,1,2
1858,624,1,2
1858,625,1,2
1858,626,1,2
1858,627,1,2
1858,628,1,2
1858,629,1,2
1858,630,1,2
1858,631,1,2
1858,632,1,2
1858,633,1,2
1858,634,1,2
1858,635,1,2
1858,636,1,2
1858,637,1,2
1858,638,1,2
1858,639,1,2
1858,640,1,2
1858,641,1,2
1858,642,1,2
1858,643,1,2
1858,644,1,2
1858,645,1,2
1858,646,1,2
1858,647,1,2
1858,648,1,2
1858,649,1,2
1858,650,1,2
1859,120,1,2
1859,121,1,2
1859,122,1,2
1859,123,1,2
1859,124,1,2
1859,125,1,2
1859,126,1,2
1859,127,1,2
1859,128,1,2
1859,129,1,2
1859,130,1,2
1859,131,1,2
1859,132,1,2
1859,133,1,3
1859,134,1,3
1859,135,1,3
1859,136,1,3
1859,137,1,3
1859,138,1,3
1859,139,1,3
1859,140,1,3
1859,141,1,3
1859,142,1,3
1859,143,1,3
1859,144,1,3
1859,145,1,3
1859,146,1,3
1859,147,1,3
1859,148,1,3
1859,149,1,3
1859,150,1,2
1859,151,1,2
1859,152,1,2
1859,153,1,2
1859,154,1,2
1859,155,1,2
1859,156,1,2
1859,157,1,2
1859,158,1,2
1859,159,1,2
1859,160,1,2
1859,161,1,2
1859,162,1,2
1859,163,1,2
1859,164,1,2
1859,165,1,2
1859,166,1,2
1859,167,1,2
1859,168,1,2
1859,169,1,2
1859,170,1,2
1859,171,1,2
1859,172,1,2
1859,173,1,2
1859,174,1,2
1859,175,1,2
1859,176,1,2
1859,177,1,2
1859,178,1,2
1859,179,1,2
1859,180,1,2
1859,181,1,2
1859,182,1,2
1859,183,1,2
1859,184,1,2
1859,185,1,2
1859,186,1,2
1859,187,1,2
1859,188,1,2
1859,189,1,2
1859,190,1,2
1859,191,1,2
1859,192,1,2
1859,193,1,2
1859,194,1,2
1859,195,1,2
1859,196,1,2
1859,197,1,2
1859,198,1,2
1859,199,1,2
1859,200,1,2
1859,201,1,2
1859,202,1,2
1859,203,1,2
1859,204,1,2
1859,205,1,2
1859,206,1,2
1859,207,1,2
1859,208,1,2
1859,209,1,2
1859,210,1,2
1859,211,1,2
1859,212,1,2
1859,213,1,2
1859,214,1,2
1859,215,1,2
1859,216,1,2
1859,217,1,2
1859,218,1,2
1859,219,1,2
1859,220,1,2
1859,221,1,2
1859,222,1,2
1859,223,1,2
1859,224,1,2
1859,225,1,2
1859,226,1,2
1859,227,1,2
1859,228,1,2
1859,229,1,2
1859,230,1,2
1859,231,1,2
1859,232,1,2
1859,233,1,2
1859,234,1,2
1859,235,1,2
1859,236,1,2
1859,237,1,2
1859,238,1,2
1859,239,1,2
1859,240,1,2
1859,241,1,2
1859,242,1,2
1859,243,1,2
1859,244,1,2
1859,245,1,2
1859,246,1,2
1859,247,1,2
1859,248,1,2
1859,249,1,2
1859,250,1,2
1859,251,1,2
1859,252,1,2
1859,253,1,2
1859,254,1,2
1859,255,1,2
1859,256,1,2
1859,257,1,2
1859,258,1,2
1859,259,1,2
1859,260,1,2
1859,261,1,2
1859,262,1,2
1859,263,1,2
1859,264,1,2
1859,265,1,2
1859,266,1,2
1859,267,1,2
1859,268,1,2
1859,269,1,2
1859,270,1,2
1859,271,1,2
1859,272,1,2
1859,273,1,2
1859,274,1,2
1859,275,1,2
1859,276,1,2
1859,277,1,2
1859,278,1,2
1859,279,1,2
1859,280,1,2
1859,281,1,2
1859,282,1,2
1859,283,1,2
1859,284,1,2
1859,285,1,2
1859,286,1,2
1859,287,1,2
1859,288,1,2
1859,289,1,2
1859,290,1,2
1859,291,1,2
1859,292,1,2
1859,293,1,2
1859,294,1,2
1859,295,1,2
1859,296,1,2
1859,297,1,2
1859,298,1,2
1859,299,1,2
1859,300,1,2
1859,301,1,2
1859,302,1,2
1859,303,1,2
1859,304,1,2
1859,305,1,2
1859,306,1,2
1859,307,1,2
1859,308,1,2
1859,309,1,2
1859,310,1,2
1859,311,1,2
1859,312,1,2
1859,313,1,2
1859,314,1,2
1859,315,1,2
1859,316,1,2
1859,317,1,2
1859,318,1,2
1859,319,1,2
1859,320,1,2
1859,321,1,2
1859,322,1,2
1859,323,1,2
1859,324,1,2
1859,325,1,2
1859,326,1,2
1859,327,1,2
1859,328,1,2
1859,329,1,2
1859,330,1,2
1859,331,1,2
1859,332,1,2
1859,333,1,2
1859,334,1,2
1859,335,1,2
1859,336,1,2
1859,337,1,2
1859,338,1,2
1859,339,1,2
1859,340,1,2
1859,341,1,2
1859,342,1,2
1859,343,1,2
1859,344,1,2
1859,345,1,2
1859,346,1,2
1859,347,1,2
1859,348,1,2
1859,349,1,2
1859,350,1,2
1859,351,1,2
1859,352,1,2
1859,353,1,2
1859,354,1,2
1859,355,1,2
1859,356,1,2
1859,357,1,2
1859,358,1,2
1859,359,1,2
1859,360,1,2
1859,361,1,2
1859,362,1,2
1859,363,1,2
1859,364,1,2
1859,365,1,2
1859,366,1,2
1859,367,1,2
1859,368,1,2
1859,369,1,2
1859,370,1,2
1859,371,1,2
1859,372,1,2
1859,373,1,2
1859,374,1,2
1859,375,1,2
1859,376,1,2
1859,377,1,2
1859,378,1,2
1859,379,1,2
1859,380,1,2
1859,381,1,2
1859,382,1,2
1859,383,1,2
1859,384,1,2
1859,385,1,2
1859,386,1,2
1859,387,1,2
1859,388,1,2
1859,389,1,2
1859,390,1,2
1859,391,1,2
1859,392,1,2
1859,393,1,2
1859,394,1,2
1859,395,1,2
1859,396,1,2
1859,397,1,2
1859,398,1,2
1859,399,1,2
1859,400,1,2
1859,401,1,2
1859,402,1,2
1859,403,1,2
1859,404,1,2
1859,405,1,2
1859,406,1,2
1859,407,1,2
1859,408,1,2
1859,409,1,2
1859,410,1,2
1859,411,1,2
1859,412,1,2
1859,413,1,2
1859,414,1,2
1859,415,1,2
1859,416,1,2
1859,417,1,2
1859,418,1,2
1859,419,1,2
1859,420,1,2
1859,421,1,2
1859,422,1,2
1859,423,1,2
1859,424,1,2
1859,425,1,2
1859,426,1,2
1859,427,1,2
1859,428,1,2
1859,429,1,2
1859,430,1,2
1859,431,1,2
1859,432,1,2
1859,433,1,2
1859,434,1,2
1859,435,1,2
1859,436,1,2
1859,437,1,2
1859,438,1,2
1859,439,1,2
1859,440,1,2
1859,441,1,2
1859,442,1,2
1859,443,1,2
1859,444,1,2
1859,445,1,2
1859,446,1,2
1859,447,1,2
1859,448,1,2
1859,449,1,2
1859,450,1,2
1859,451,1,2
1859,452,1,2
1859,453,1,2
1859,454,1,2
1859,455,1,2
1859,456,1,2
1859,457,1,2
1859,458,1,2
1859,459,1,2
1859,460,1,2
1859,461,1,2
1859,462,1,2
1859,463,1,2
1859,464,1,2
1859,465,1,2
1859,466,1,2
1859,467,1,2
1859,468,1,2
1859,469,1,2
1859,470,1,2
1859,471,1,2
1859,472,1,2
1859,473,1,2
1859,474,1,2
1859,475,1,2
1859,476,1,2
1859,477,1,2
1859,478,1,2
1859,479,1,2
1859,480,1,2
1859,481,1,2
1859,482,1,2
1859,483,1,2
1859,484,1,2
1859,485,1,2
1859,486,1,2
1859,487,1,2
1859,488,1,2
1859,489,1,2
1859,490,1,2
1859,491,1,2
1859,492,1,2
1859,493,1,2
1859,494,1,2
1859,495,1,2
1859,496,1,2
1859,497,1,2
1859,498,1,2
1859,499,1,2
1859,500,1,2
1859,501,1,2
1859,502,1,2
1859,503,1,2
1859,504,1,2
1859,505,1,3
1859,506,1,3
1859,507,1,3
1859,508,1,3
1859,509,1,3
1859,510,1,3
1859,511,1,3
1859,512,1,3
1859,513,1,3
1859,514,1,3
1859,515,1,3
1859,516,1,3
1859,517,1,3
1859,518,1,3
1859,519,1,3
1859,520,1,3
1859,521,1,3
1859,522,1,3
1859,523,1,3
1859,524,1,3
1859,525,1,3
1859,526,1,3
1859,527,1,3
1859,528,1,3
1859,529,1,3
1859,530,1,3
1859,531,1,3
1859,532,1,3
1859,533,1,3
1859,534,1,3
1859,535,1,3
1859,536,1,3
1859,537,1,3
1859,538,1,3
1859,539,1,3
1859,540,1,3
1859,541,1,3
1859,542,1,3
1859,543,1,3
1859,544,1,3
1859,545,1,3
1859,546,1,3
1859,547,1,3
1859,548,1,3
1859,549,1,3
1859,550,1,3
1859,551,1,3
1859,552,1,3
1859,553,1,3
1859,554,1,3
1859,555,1,3
1859,556,1,3
1859,557,1,3
1859,558,1,3
1859,559,1,3
1859,560,1,3
1859,561,1,3
1859,562,1,3
1859,563,1,3
1859,564,1,3
1859,565,1,3
1859,566,1,2
1859,567,1,2
1859,568,1,2
1859,569,1,2
1859,570,1,2
1859,571,1,2
1859,572,1,2
1859,573,1,2
1859,574,1,2
1859,575,1,2
1859,576,1,2
1859,577,1,2
1859,578,1,2
1859,579,1,2
1859,580,1,2
1859,581,1,2
1859,582,1,2
1859,583,1,2
1859,584,1,2
1859,585,1,2
1859,586,1,2
1859,587,1,2
1859,588,1,2
1859,589,1,2
1859,590,1,2
1859,591,1,2
1859,592,1,2
1859,593,1,2
1859,594,1,2
1859,595,1,2
1859,596,1,2
1859,597,1,2
1859,598,1,2
1859,599,1,2
1859,600,1,2
1859,601,1,2
1859,602,1,2
1859,603,1,2
1859,604,1,2
1859,605,1,2
1859,606,1,2
1859,607,1,2
1859,608,1,2
1859,609,1,2
1859,610,1,2
1859,611,1,2
1859,612,1,2
1859,613,1,2
1859,614,1,2
1859,615,1,2
1859,616,1,2
1859,617,1,2
1859,618,1,2
1859,619,1,2
1859,620,1,2
1859,621,1,2
1859,622,1,2
1859,623,1,2
1859,624,1,2
1859,625,1,2
1859,626,1,2
1859,627,1,2
1859,628,1,2
1859,629,1,2
1859,630,1,2
1859,631,1,2
1859,632,1,2
1859,633,1,2
1859,634,1,2
1859,635,1,2
1859,636,1,2
1859,637,1,2
1859,638,1,2
1859,639,1,2
1859,640,1,2
1859,641,1,2
1859,642,1,2
1859,643,1,2
1859,644,1,2
1859,645,1,2
1859,646,1,2
1859,647,1,2
1859,648,1,2
1859,649,1,2
1860,120,1,2
1860,121,1,2
1860,122,1,2
1860,123,1,2
1860,124,1,2
1860,125,1,2
1860,126,1,2
1860,127,1,2
1860,128,1,2
1860,129,1,2
1860,130,1,2
1860,131,1,2
1860,132,1,2
1860,133,1,3
1860,134,1,3
1860,135,1,3
1860,136,1,3
1860,137,1,3
1860,138,1,3
1860,139,1,3
1860,140,1,3
1860,141,1,3
1860,142,1,3
1860,143,1,3
1860,144,1,3
1860,145,1,3
1860,146,1,3
1860,147,1,3
1860,148,1,3
1860,149,1,3
1860,150,1,2
1860,151,1,2
1860,152,1,2
1860,153,1,2
1860,154,1,2
1860,155,1,2
1860,156,1,2
1860,157,1,2
1860,158,1,2
1860,159,1,2
1860,160,1,2
1860,161,1,2
1860,162,1,2
1860,163,1,2
1860,164,1,2
1860,165,1,2
1860,166,1,2
1860,167,1,2
1860,168,1,2
1860,169,1,2
1860,170,1,2
1860,171,1,2
1860,172,1,2
1860,173,1,2
1860,174,1,2
1860,175,1,2
1860,176,1,2
1860,177,1,2
1860,178,1,2
1860,179,1,2
1860,180,1,2
1860,181,1,2
1860,182,1,2
1860,183,1,2
1860,184,1,2
1860,185,1,2
1860,186,1,2
1860,187,1,2
1860,188,1,2
1860,189,1,2
1860,190,1,2
1860,191,1,2
1860,192,1,2
1860,193,1,2
1860,194,1,2
1860,195,1,2
1860,196,1,2
1860,197,1,2
1860,198,1,2
1860,199,1,2
1860,200,1,2
1860,201,1,2
1860,202,1,2
1860,203,1,2
1860,204,1,2
1860,205,1,2
1860,206,1,2
1860,207,1,2
1860,208,1,2
1860,209,1,2
1860,210,1,2
1860,211,1,2
1860,212,1,2
1860,213,1,2
1860,214,1,2
1860,215,1,2
1860,216,1,2
1860,217,1,2
1860,218,1,2
1860,219,1,2
1860,220,1,2
1860,221,1,2
1860,222,1,2
1860,223,1,2
1860,224,1,2
1860,225,1,2
1860,226,1,2
1860,227,1,2
1860,228,1,2
1860,229,1,2
1860,230,1,2
1860,231,1,2
1860,232,1,2
1860,233,1,2
1860,234,1,2
1860,235,1,2
1860,236,1,2
1860,237,1,2
1860,238,1,2
1860,239,1,2
1860,240,1,2
1860,241,1,2
1860,242,1,2
1860,243,1,2
1860,244,1,2
1860,245,1,2
1860,246,1,2
1860,247,1,2
1860,248,1,2
1860,249,1,2
1860,250,1,2
1860,251,1,2
1860,252,1,2
1860,253,1,2
1860,254,1,2
1860,255,1,2
1860,256,1,2
1860,257,1,2
1860,258,1,2
1860,259,1,2
1860,260,1,2
1860,261,1,2
1860,262,1,2
1860,263,1,2
1860,264,1,2
1860,265,1,2
1860,266,1,2
1860,267,1,2
1860,268,1,2
1860,269,1,2
1860,270,1,2
1860,271,1,2
1860,272,1,2
1860,273,1,2
1860,274,1,2
1860,275,1,2
1860,276,1,2
1860,277,1,2
1860,278,1,2
1860,279,1,2
1860,280,1,2
1860,281,1,2
1860,282,1,2
1860,283,1,2
1860,284,1,2
1860,285,1,2
1860,286,1,2
1860,287,1,2
1860,288,1,2
1860,289,1,2
1860,290,1,2
1860,291,1,2
1860,292,1,2
1860,293,1,2
1860,294,1,2
1860,295,1,2
1860,296,1,2
1860,297,1,2
1860,298,1,2
1860,299,1,2
1860,300,1,2
1860,301,1,2
1860,302,1,2
1860,303,1,2
1860,304,1,2
1860,305,1,2
1860,306,1,2
1860,307,1,2
1860,308,1,2
1860,309,1,2
1860,310,1,2
1860,311,1,2
1860,312,1,2
1860,313,1,2
1860,314,1,2
1860,315,1,2
1860,316,1,2
1860,317,1,2
1860,318,1,2
1860,319,1,2
1860,320,1,2
1860,321,1,2
1860,322,1,2
1860,323,1,2
1860,324,1,2
1860,325,1,2
1860,326,1,2
1860,327,1,2
1860,328,1,2
1860,329,1,2
1860,330,1,2
1860,331,1,2
1860,332,1,2
1860,333,1,2
1860,334,1,2
1860,335,1,2
1860,336,1,2
1860,337,1,2
1860,338,1,2
1860,339,1,2
1860,340,1,2
1860,341,1,2
1860,342,1,2
1860,343,1,2
1860,344,1,2
1860,345,1,2
1860,346,1,2
1860,347,1,2
1860,348,1,2
1860,349,1,2
1860,350,1,2
1860,351,1,2
1860,352,1,2
1860,353,1,2
1860,354,1,2
1860,355,1,2
1860,356,1,2
1860,357,1,2
1860,358,1,2
1860,359,1,2
1860,360,1,2
1860,361,1,2
1860,362,1,2
1860,363,1,2
1860,364,1,2
1860,365,1,2
1860,366,1,2
1860,367,1,2
1860,368,1,2
1860,369,1,2
1860,370,1,2
1860,371,1,2
1860,372,1,2
1860,373,1,2
1860,374,1,2
1860,375,1,2
1860,376,1,2
1860,377,1,2
1860,378,1,2
1860,379,1,2
1860,380,1,2
1860,381,1,2
1860,382,1,2
1860,383,1,2
1860,384,1,2
1860,385,1,2
1860,386,1,2
1860,387,1,2
1860,388,1,2
1860,389,1,2
1860,390,1,2
1860,391,1,2
1860,392,1,2
1860,393,1,2
1860,394,1,2
1860,395,1,2
1860,396,1,2
1860,397,1,2
1860,398,1,2
1860,399,1,2
1860,400,1,2
1860,401,1,2
1860,402,1,2
1860,403,1,2
1860,404,1,2
1860,405,1,2
1860,406,1,2
1860,407,1,2
1860,408,1,2
1860,409,1,2
1860,410,1,2
1860,411,1,2
1860,412,1,2
1860,413,1,2
1860,414,1,2
1860,415,1,2
1860,416,1,2
1860,417,1,2
1860,418,1,2
1860,419,1,2
1860,420,1,2
1860,421,1,2
1860,422,1,2
1860,423,1,2
1860,424,1,2
1860,425,1,2
1860,426,1,2
1860,427,1,2
1860,428,1,2
1860,429,1,2
1860,430,1,2
1860,431,1,2
1860,432,1,2
1860,433,1,2
1860,434,1,2
1860,435,1,2
1860,436,1,2
1860,437,1,2
1860,438,1,2
1860,439,1,2
1860,440,1,2
1860,441,1,2
1860,442,1,2
1860,443,1,2
1860,444,1,2
1860,445,1,2
1860,446,1,2
1860,447,1,2
1860,448,1,2
1860,449,1,2
1860,450,1,2
1860,451,1,2
1860,452,1,2
1860,453,1,2
1860,454,1,2
1860,455,1,2
1860,456,1,2
1860,457,1,2
1860,458,1,2
1860,459,1,2
1860,460,1,2
1860,461,1,2
1860,462,1,2
1860,463,1,2
1860,464,1,2
1860,465,1,2
1860,466,1,2
1860,467,1,2
1860,468,1,2
1860,469,1,2
1860,470,1,2
1860,471,1,2
1860,472,1,2
1860,473,1,2
1860,474,1,2
1860,475,1,2
1860,476,1,2
1860,477,1,2
1860,478,1,2
1860,479,1,2
1860,480,1,2
1860,481,1,2
1860,482,1,2
1860,483,1,2
1860,484,1,2
1860,485,1,2
1860,486,1,2
1860,487,1,2
1860,488,1,2
1860,489,1,2
1860,490,1,2
1860,491,1,2
1860,492,1,2
1860,493,1,2
1860,494,1,2
1860,495,1,2
1860,496,1,2
1860,497,1,2
1860,498,1,2
1860,499,1,2
1860,500,1,2
1860,501,1,2
1860,502,1,2
1860,503,1,2
1860,504,1,3
1860,505,1,3
1860,506,1,3
1860,507,1,3
1860,508,1,3
1860,509,1,3
1860,510,1,3
1860,511,1,3
1860,512,1,3
1860,513,1,3
1860,514,1,3
1860,515,1,3
1860,516,1,3
1860,517,1,3
1860,518,1,3
1860,519,1,3
1860,520,1,3
1860,521,1,3
1860,522,1,3
1860,523,1,3
1860,524,1,3
1860,525,1,3
1860,526,1,3
1860,527,1,3
1860,528,1,3
1860,529,1,3
1860,530,1,3
1860,531,1,3
1860,532,1,3
1860,533,1,3
1860,534,1,3
1860,535,1,3
1860,536,1,3
1860,537,1,3
1860,538,1,3
1860,539,1,3
1860,540,1,3
1860,541,1,3
1860,542,1,3
1860,543,1,3
1860,544,1,3
1860,545,1,3
1860,546,1,3
1860,547,1,3
1860,548,1,3
1860,549,1,3
1860,550,1,3
1860,551,1,3
1860,552,1,3
1860,553,1,3
1860,554,1,3
1860,555,1,3
1860,556,1,3
1860,557,1,3
1860,558,1,3
1860,559,1,3
1860,560,1,3
1860,561,1,3
1860,562,1,3
1860,563,1,3
1860,564,1,3
1860,565,1,3
1860,566,1,3
1860,567,1,3
1860,568,1,2
1860,569,1,2
1860,570,1,2
1860,571,1,2
1860,572,1,2
1860,573,1,2
1860,574,1,2
1860,575,1,2
1860,576,1,2
1860,577,1,2
1860,578,1,2
1860,579,1,2
1860,580,1,2
1860,581,1,2
1860,582,1,2
1860,583,1,2
1860,584,1,2
1860,585,1,2
1860,586,1,2
1860,587,1,2
1860,588,1,2
1860,589,1,2
1860,590,1,2
1860,591,1,2
1860,592,1,2
1860,593,1,2
1860,594,1,2
1860,595,1,2
1860,596,1,2
1860,597,1,2
1860,598,1,2
1860,599,1,2
1860,600,1,2
1860,601,1,2
1860,602,1,2
1860,603,1,2
1860,604,1,2
1860,605,1,2
1860,606,1,2
1860,607,1,2
1860,608,1,2
1860,609,1,2
1860,610,1,2
1860,611,1,2
1860,612,1,2
1860,613,1,2
1860,614,1,2
1860,615,1,2
1860,616,1,2
1860,617,1,2
1860,618,1,2
1860,619,1,2
1860,620,1,2
1860,621,1,2
1860,622,1,2
1860,623,1,2
1860,624,1,2
1860,625,1,2
1860,626,1,2
1860,627,1,2
1860,628,1,2
1860,629,1,2
1860,630,1,2
1860,631,1,2
1860,632,1,2
1860,633,1,2
1860,634,1,2
1860,635,1,2
1860,636,1,2
1860,637,1,2
1860,638,1,2
1860,639,1,2
1860,640,1,2
1860,641,1,2
1860,642,1,2
1860,643,1,2
1860,644,1,2
1860,645,1,2
1860,646,1,2
1860,647,1,2
1860,648,1,2
1860,649,1,2
1860,650,1,2
1861,120,1,2
1861,121,1,2
1861,122,1,2
1861,123,1,2
1861,124,1,2
1861,125,1,2
1861,126,1,2
1861,127,1,2
1861,128,1,2
1861,129,1,2
1861,130,1,2
1861,131,1,3
1861,132,1,3
1861,133,1,3
1861,134,1,3
1861,135,1,3
1861,136,1,3
1861,137,1,3
1861,138,1,3
1861,139,1,3
1861,140,1,3
1861,141,1,3
1861,142,1,3
1861,143,1,3
1861,144,1,3
1861,145,1,3
1861,146,1,3
1861,147,1,3
1861,148,1,3
1861,149,1,3
1861,150,1,2
1861,151,1,2
1861,152,1,2
1861,153,1,2
1861,154,1,2
1861,155,1,2
1861,156,1,2
1861,157,1,2
1861,158,1,2
1861,159,1,2
1861,160,1,2
1861,161,1,2
1861,162,1,2
1861,163,1,2
1861,164,1,2
1861,165,1,2
1861,166,1,2
1861,167,1,2
1861,168,1,2
1861,169,1,2
1861,170,1,2
1861,171,1,2
1861,172,1,2
1861,173,1,2
1861,174,1,2
1861,175,1,2
1861,176,1,2
1861,177,1,2
1861,178,1,2
1861,179,1,2
1861,180,1,2
1861,181,1,2
1861,182,1,2
1861,183,1,2
1861,184,1,2
1861,185,1,2
1861,186,1,2
1861,187,1,2
1861,188,1,2
1861,189,1,2
1861,190,1,2
1861,191,1,2
1861,192,1,2
1861,193,1,2
1861,194,1,2
1861,195,1,2
1861,196,1,2
1861,197,1,2
1861,198,1,2
1861,199,1,2
1861,200,1,2
1861,201,1,2
1861,202,1,2
1861,203,1,2
1861,204,1,2
1861,205,1,2
1861,206,1,2
1861,207,1,2
1861,208,1,2
1861,209,1,2
1861,210,1,2
1861,211,1,2
1861,212,1,2
1861,213,1,2
1861,214,1,2
1861,215,1,2
1861,216,1,2
1861,217,1,2
1861,218,1,2
1861,219,1,2
1861,220,1,2
1861,221,1,2
1861,222,1,2
1861,223,1,2
1861,224,1,2
1861,225,1,2
1861,226,1,2
1861,227,1,2
1861,228,1,2
1861,229,1,2
1861,230,1,2
1861,231,1,2
1861,232,1,2
1861,233,1,2
1861,234,1,2
1861,235,1,2
1861,236,1,2
1861,237,1,2
1861,238,1,2
1861,239,1,2
1861,240,1,2
1861,241,1,2
1861,242,1,2
1861,243,1,2
1861,244,1,2
1861,245,1,2
1861,246,1,2
1861,247,1,2
1861,248,1,2
1861,249,1,2
1861,250,1,2
1861,251,1,2
1861,252,1,2
1861,253,1,2
1861,254,1,2
1861,255,1,2
1861,256,1,2
1861,257,1,2
1861,258,1,2
1861,259,1,2
1861,260,1,2
1861,261,1,2
1861,262,1,2
1861,263,1,2
1861,264,1,2
1861,265,1,2
1861,266,1,2
1861,267,1,2
1861,268,1,2
1861,269,1,2
1861,270,1,2
1861,271,1,2
1861,272,1,2
1861,273,1,2
1861,274,1,2
1861,275,1,2
1861,276,1,2
1861,277,1,2
1861,278,1,2
1861,279,1,2
1861,280,1,2
1861,281,1,2
1861,282,1,2
1861,283,1,2
1861,284,1,2
1861,285,1,2
1861,286,1,2
1861,287,1,2
1861,288,1,2
1861,289,1,2
1861,290,1,2
1861,291,1,2
1861,292,1,2
1861,293,1,2
1861,294,1,2
1861,295,1,2
1861,296,1,2
1861,297,1,2
1861,298,1,2
1861,299,1,2
1861,300,1,2
1861,301,1,2
1861,302,1,2
1861,303,1,2
1861,304,1,2
1861,305,1,2
1861,306,1,2
1861,307,1,2
1861,308,1,2
1861,309,1,2
1861,310,1,2
1861,311,1,2
1861,312,1,2
1861,313,1,2
1861,314,1,2
1861,315,1,2
1861,316,1,2
1861,317,1,2
1861,318,1,2
1861,319,1,2
1861,320,1,2
1861,321,1,2
1861,322,1,2
1861,323,1,2
1861,324,1,2
1861,325,1,2
1861,326,1,2
1861,327,1,2
1861,328,1,2
1861,329,1,2
1861,330,1,2
1861,331,1,2
1861,332,1,2
1861,333,1,2
1861,334,1,2
1861,335,1,2
1861,336,1,2
1861,337,1,2
1861,338,1,2
1861,339,1,2
1861,340,1,2
1861,341,1,2
1861,342,1,2
1861,343,1,2
1861,344,1,2
1861,345,1,2
1861,346,1,2
1861,347,1,2
1861,348,1,2
1861,349,1,2
1861,350,1,2
1861,351,1,2
1861,352,1,2
1861,353,1,2
1861,354,1,2
1861,355,1,2
1861,356,1,2
1861,357,1,2
1861,358,1,2
1861,359,1,2
1861,360,1,2
1861,361,1,2
1861,362,1,2
1861,363,1,2
1861,364,1,2
1861,365,1,2
1861,366,1,2
1861,367,1,2
1861,368,1,2
1861,369,1,2
1861,370,1,2
1861,371,1,2
1861,372,1,2
1861,373,1,2
1861,374,1,2
1861,375,1,2
1861,376,1,2
1861,377,1,2
1861,378,1,2
1861,379,1,2
1861,380,1,2
1861,381,1,2
1861,382,1,2
1861,383,1,2
1861,384,1,2
1861,385,1,2
1861,386,1,2
1861,387,1,2
1861,388,1,2
1861,389,1,2
1861,390,1,2
1861,391,1,2
1861,392,1,2
1861,393,1,2
1861,394,1,2
1861,395,1,2
1861,396,1,2
1861,397,1,2
1861,398,1,2
1861,399,1,2
1861,400,1,2
1861,401,1,2
1861,402,1,2
1861,403,1,2
1861,404,1,2
1861,405,1,2
1861,406,1,2
1861,407,1,2
1861,408,1,2
1861,409,1,2
1861,410,1,2
1861,411,1,2
1861,412,1,2
1861,413,1,2
1861,414,1,2
1861,415,1,2
1861,416,1,2
1861,417,1,2
1861,418,1,2
1861,419,1,2
1861,420,1,2
1861,421,1,2
1861,422,1,2
1861,423,1,2
1861,424,1,2
1861,425,1,2
1861,426,1,2
1861,427,1,2
1861,428,1,2
1861,429,1,2
1861,430,1,2
1861,431,1,2
1861,432,1,2
1861,433,1,2
1861,434,1,2
1861,435,1,2
1861,436,1,2
1861,437,1,2
1861,438,1,2
1861,439,1,2
1861,440,1,2
1861,441,1,2
1861,442,1,2
1861,443,1,2
1861,444,1,2
1861,445,1,2
1861,446,1,2
1861,447,1,2
1861,448,1,2
1861,449,1,2
1861,450,1,2
1861,451,1,2
1861,452,1,2
1861,453,1,2
1861,454,1,2
1861,455,1,2
1861,456,1,2
1861,457,1,2
1861,458,1,2
1861,459,1,2
1861,460,1,2
1861,461,1,2
1861,462,1,2
1861,463,1,2
1861,464,1,2
1861,465,1,2
1861,466,1,2
1861,467,1,2
1861,468,1,2
1861,469,1,2
1861,470,1,2
1861,471,1,2
1861,472,1,2
1861,473,1,2
1861,474,1,2
1861,475,1,2
1861,476,1,2
1861,477,1,2
1861,478,1,2
1861,479,1,2
1861,480,1,2
1861,481,1,2
1861,482,1,2
1861,483,1,2
1861,484,1,2
1861,485,1,2
1861,486,1,2
1861,487,1,2
1861,488,1,2
1861,489,1,2
1861,490,1,2
1861,491,1,2
1861,492,1,2
1861,493,1,2
1861,494,1,2
1861,495,1,2
1861,496,1,2
1861,497,1,2
1861,498,1,2
1861,499,1,2
1861,500,1,2
1861,501,1,2
1861,502,1,2
1861,503,1,2
1861,504,1,3
1861,505,1,3
1861,506,1,3
1861,507,1,3
1861,508,1,3
1861,509,1,3
1861,510,1,3
1861,511,1,3
1861,512,1,3
1861,513,1,3
1861,514,1,3
1861,515,1,3
1861,516,1,3
1861,517,1,3
1861,518,1,3
1861,519,1,3
1861,520,1,3
1861,521,1,3
1861,522,1,3
1861,523,1,3
1861,524,1,3
1861,525,1,3
1861,526,1,3
1861,527,1,3
1861,528,1,3
1861,529,1,3
1861,530,1,3
1861,531,1,3
1861,532,1,3
1861,533,1,3
1861,534,1,3
1861,535,1,3
1861,536,1,3
1861,537,1,3
1861,538,1,3
1861,539,1,3
1861,540,1,3
1861,541,1,3
1861,542,1,3
1861,543,1,3
1861,544,1,3
1861,545,1,3
1861,546,1,3
1861,547,1,3
1861,548,1,3
1861,549,1,3
1861,550,1,3
1861,551,1,3
1861,552,1,3
1861,553,1,3
1861,554,1,3
1861,555,1,3
1861,556,1,3
1861,557,1,3
1861,558,1,3
1861,559,1,3
1861,560,1,3
1861,561,1,3
1861,562,1,3
1861,563,1,3
1861,564,1,3
1861,565,1,3
1861,566,1,3
1861,567,1,3
1861,568,1,3
1861,569,1,2
1861,570,1,2
1861,571,1,2
1861,572,1,2
1861,573,1,2
1861,574,1,2
1861,575,1,2
1861,576,1,2
1861,577,1,2
1861,578,1,2
1861,579,1,2
1861,580,1,2
1861,581,1,2
1861,582,1,2
1861,583,1,2
1861,584,1,2
1861,585,1,2
1861,586,1,2
1861,587,1,2
1861,588,1,2
1861,589,1,2
1861,590,1,2
1861,591,1,2
1861,592,1,2
1861,593,1,2
1861,594,1,2
1861,595,1,2
1861,596,1,2
1861,597,1,2
1861,598,1,2
1861,599,1,2
1861,600,1,2
1861,601,1,2
1861,602,1,2
1861,603,1,2
1861,604,1,2
1861,605,1,2
1861,606,1,2
1861,607,1,2
1861,608,1,2
1861,609,1,2
1861,610,1,2
1861,611,1,2
1861,612,1,2
1861,613,1,2
1861,614,1,2
1861,615,1,2
1861,616,1,2
1861,617,1,2
1861,618,1,2
1861,619,1,2
1861,620,1,2
1861,621,1,2
1861,622,1,2
1861,623,1,2
1861,624,1,2
1861,625,1,2
1861,626,1,2
1861,627,1,2
1861,628,1,2
1861,629,1,2
1861,630,1,2
1861,631,1,2
1861,632,1,2
1861,633,1,2
1861,634,1,2
1861,635,1,2
1861,636,1,2
1861,637,1,2
1861,638,1,2
1861,639,1,2
1861,640,1,2
1861,641,1,2
1861,642,1,2
1861,643,1,2
1861,644,1,2
1861,645,1,2
1861,646,1,2
1861,647,1,2
1861,648,1,2
1861,649,1,2
1861,650,1,2
1862,120,1,2
1862,121,1,2
1862,122,1,2
1862,123,1,2
1862,124,1,2
1862,125,1,2
1862,126,1,2
1862,127,1,2
1862,128,1,2
1862,129,1,2
1862,130,1,3
1862,131,1,3
1862,132,1,3
1862,133,1,3
1862,134,1,3
1862,135,1,3
1862,136,1,3
1862,137,1,3
1862,138,1,3
1862,139,1,3
1862,140,1,3
1862,141,1,3
1862,142,1,3
1862,143,1,3
1862,144,1,3
1862,145,1,3
1862,146,1,3
1862,147,1,3
1862,148,1,3
1862,149,1,3
1862,150,1,2
1862,151,1,2
1862,152,1,2
1862,153,1,2
1862,154,1,2
1862,155,1,2
1862,156,1,2
1862,157,1,2
1862,158,1,2
1862,159,1,2
1862,160,1,2
1862,161,1,2
1862,162,1,2
1862,163,1,2
1862,164,1,2
1862,165,1,2
1862,166,1,2
1862,167,1,2
1862,168,1,2
1862,169,1,2
1862,170,1,2
1862,171,1,2
1862,172,1,2
1862,173,1,2
1862,174,1,2
1862,175,1,2
1862,176,1,2
1862,177,1,2
1862,178,1,2
1862,179,1,2
1862,180,1,2
1862,181,1,2
1862,182,1,2
1862,183,1,2
1862,184,1,2
1862,185,1,2
1862,186,1,2
1862,187,1,2
1862,188,1,2
1862,189,1,2
1862,190,1,2
1862,191,1,2
1862,192,1,2
1862,193,1,2
1862,194,1,2
1862,195,1,2
1862,196,1,2
1862,197,1,2
1862,198,1,2
1862,199,1,2
1862,200,1,2
1862,201,1,2
1862,202,1,2
1862,203,1,2
1862,204,1,2
1862,205,1,2
1862,206,1,2
1862,207,1,2
1862,208,1,2
1862,209,1,2
1862,210,1,2
1862,211,1,2
1862,212,1,2
1862,213,1,2
1862,214,1,2
1862,215,1,2
1862,216,1,2
1862,217,1,2
1862,218,1,2
1862,219,1,2
1862,220,1,2
1862,221,1,2
1862,222,1,2
1862,223,1,2
1862,224,1,2
1862,225,1,2
1862,226,1,2
1862,227,1,2
1862,228,1,2
1862,229,1,2
1862,230,1,2
1862,231,1,2
1862,232,1,2
1862,233,1,2
1862,234,1,2
1862,235,1,2
1862,236,1,2
1862,237,1,2
1862,238,1,2
1862,239,1,2
1862,240,1,2
1862,241,1,2
1862,242,1,2
1862,243,1,2
1862,244,1,2
1862,245,1,2
1862,246,1,2
1862,247,1,2
1862,248,1,2
1862,249,1,2
1862,250,1,2
1862,251,1,2
1862,252,1,2
1862,253,1,2
1862,254,1,2
1862,255,1,2
1862,256,1,2
1862,257,1,2
1862,258,1,2
1862,259,1,2
1862,260,1,2
1862,261,1,2
1862,262,1,2
1862,263,1,2
1862,264,1,2
1862,265,1,2
1862,266,1,2
1862,267,1,2
1862,268,1,2
1862,269,1,2
1862,270,1,2
1862,271,1,2
1862,272,1,2
1862,273,1,2
1862,274,1,2
1862,275,1,2
1862,276,1,2
1862,277,1,2
1862,278,1,2
1862,279,1,2
1862,280,1,2
1862,281,1,2
1862,282,1,2
1862,283,1,2
1862,284,1,2
1862,285,1,2
1862,286,1,2
1862,287,1,2
1862,288,1,2
1862,289,1,2
1862,290,1,2
1862,291,1,2
1862,292,1,2
1862,293,1,2
1862,294,1,2
1862,295,1,2
1862,296,1,2
1862,297,1,2
1862,298,1,2
1862,299,1,2
1862,300,1,2
1862,301,1,2
1862,302,1,2
1862,303,1,2
1862,304,1,2
1862,305,1,2
1862,306,1,2
1862,307,1,2
1862,308,1,2
1862,309,1,2
1862,310,1,2
1862,311,1,2
1862,312,1,2
1862,313,1,2
1862,314,1,2
1862,315,1,2
1862,316,1,2
1862,317,1,2
1862,318,1,2
1862,319,1,2
1862,320,1,2
1862,321,1,2
1862,322,1,2
1862,323,1,2
1862,324,1,2
1862,325,1,2
1862,326,1,2
1862,327,1,2
1862,328,1,2
1862,329,1,2
1862,330,1,2
1862,331,1,2
1862,332,1,2
1862,333,1,2
1862,334,1,2
1862,335,1,2
1862,336,1,2
1862,337,1,2
1862,338,1,2
1862,339,1,2
1862,340,1,2
1862,341,1,2
1862,342,1,2
1862,343,1,2
1862,344,1,2
1862,345,1,2
1862,346,1,2
1862,347,1,2
1862,348,1,2
1862,349,1,2
1862,350,1,2
1862,351,1,2
1862,352,1,2
1862,353,1,2
1862,354,1,2
1862,355,1,2
1862,356,1,2
1862,357,1,2
1862,358,1,2
1862,359,1,2
1862,360,1,2
1862,361,1,2
1862,362,1,2
1862,363,1,2
1862,364,1,2
1862,365,1,2
1862,366,1,2
1862,367,1,2
1862,368,1,2
1862,369,1,2
1862,370,1,2
1862,371,1,2
1862,372,1,2
1862,373,1,2
1862,374,1,2
1862,375,1,2
1862,376,1,2
1862,377,1,2
1862,378,1,2
1862,379,1,2
1862,380,1,2
1862,381,1,2
1862,382,1,2
1862,383,1,2
1862,384,1,2
1862,385,1,2
1862,386,1,2
1862,387,1,2
1862,388,1,2
1862,389,1,2
1862,390,1,2
1862,391,1,2
1862,392,1,2
1862,393,1,2
1862,394,1,2
1862,395,1,2
1862,396,1,2
1862,397,1,2
1862,398,1,2
1862,399,1,2
1862,400,1,2
1862,401,1,2
1862,402,1,2
1862,403,1,2
1862,404,1,2
1862,405,1,2
1862,406,1,2
1862,407,1,2
1862,408,1,2
1862,409,1,2
1862,410,1,2
1862,411,1,2
1862,412,1,2
1862,413,1,2
1862,414,1,2
1862,415,1,2
1862,416,1,2
1862,417,1,2
1862,418,1,2
1862,419,1,2
1862,420,1,2
1862,421,1,2
1862,422,1,2
1862,423,1,2
1862,424,1,2
1862,425,1,2
1862,426,1,2
1862,427,1,2
1862,428,1,2
1862,429,1,2
1862,430,1,2
1862,431,1,2
1862,432,1,2
1862,433,1,2
1862,434,1,2
1862,435,1,2
1862,436,1,2
1862,437,1,2
1862,438,1,2
1862,439,1,2
1862,440,1,2
1862,441,1,2
1862,442,1,2
1862,443,1,2
1862,444,1,2
1862,445,1,2
1862,446,1,2
1862,447,1,2
1862,448,1,2
1862,449,1,2
1862,450,1,2
1862,451,1,2
1862,452,1,2
1862,453,1,2
1862,454,1,2
1862,455,1,2
1862,456,1,2
1862,457,1,2
1862,458,1,2
1862,459,1,2
1862,460,1,2
1862,461,1,2
1862,462,1,2
1862,463,1,2
1862,464,1,2
1862,465,1,2
1862,466,1,2
1862,467,1,2
1862,468,1,2
1862,469,1,2
1862,470,1,2
1862,471,1,2
1862,472,1,2
1862,473,1,2
1862,474,1,2
1862,475,1,2
1862,476,1,2
1862,477,1,2
1862,478,1,2
1862,479,1,2
1862,480,1,2
1862,481,1,2
1862,482,1,2
1862,483,1,2
1862,484,1,2
1862,485,1,2
1862,486,1,2
1862,487,1,2
1862,488,1,2
1862,489,1,2
1862,490,1,2
1862,491,1,2
1862,492,1,2
1862,493,1,2
1862,494,1,2
1862,495,1,2
1862,496,1,2
1862,497,1,2
1862,498,1,2
1862,499,1,2
1862,500,1,2
1862,501,1,2
1862,502,1,2
1862,503,1,3
1862,504,1,3
1862,505,1,3
1862,506,1,3
1862,507,1,3
1862,508,1,3
1862,509,1,3
1862,510,1,3
1862,511,1,3
1862,512,1,3
1862,513,1,3
1862,514,1,3
1862,515,1,3
1862,516,1,3
1862,517,1,3
1862,518,1,3
1862,519,1,3
1862,520,1,3
1862,521,1,3
1862,522,1,3
1862,523,1,3
1862,524,1,3
1862,525,1,3
1862,526,1,3
1862,527,1,3
1862,528,1,3
1862,529,1,3
1862,530,1,3
1862,531,1,3
1862,532,1,3
1862,533,1,3
1862,534,1,3
1862,535,1,3
1862,536,1,3
1862,537,1,3
1862,538,1,3
1862,539,1,3
1862,540,1,3
1862,541,1,3
1862,542,1,3
1862,543,1,3
1862,544,1,3
1862,545,1,3
1862,546,1,3
1862,547,1,3
1862,548,1,3
1862,549,1,3
1862,550,1,3
1862,551,1,3
1862,552,1,3
1862,553,1,3
1862,554,1,3
1862,555,1,3
1862,556,1,3
1862,557,1,3
1862,558,1,3
1862,559,1,3
1862,560,1,3
1862,561,1,3
1862,562,1,3
1862,563,1,3
1862,564,1,3
1862,565,1,3
1862,566,1,3
1862,567,1,3
1862,568,1,3
1862,569,1,3
1862,570,1,3
1862,571,1,3
1862,572,1,2
1862,573,1,2
1862,574,1,2
1862,575,1,2
1862,576,1,2
1862,577,1,2
1862,578,1,2
1862,579,1,2
1862,580,1,2
1862,581,1,2
1862,582,1,2
1862,583,1,2
1862,584,1,2
1862,585,1,2
1862,586,1,2
1862,587,1,2
1862,588,1,2
1862,589,1,2
1862,590,1,2
1862,591,1,2
1862,592,1,2
1862,593,1,2
1862,594,1,2
1862,595,1,2
1862,596,1,2
1862,597,1,2
1862,598,1,2
1862,599,1,2
1862,600,1,2
1862,601,1,2
1862,602,1,2
1862,603,1,2
1862,604,1,2
1862,605,1,2
1862,606,1,2
1862,607,1,2
1862,608,1,2
1862,609,1,2
1862,610,1,2
1862,611,1,2
1862,612,1,2
1862,613,1,2
1862,614,1,2
1862,615,1,2
1862,616,1,2
1862,617,1,2
1862,618,1,2
1862,619,1,2
1862,620,1,2
1862,621,1,2
1862,622,1,2
1862,623,1,2
1862,624,1,2
1862,625,1,2
1862,626,1,2
1862,627,1,2
1862,628,1,2
1862,629,1,2
1862,630,1,2
1862,631,1,2
1862,632,1,2
1862,633,1,2
1862,634,1,2
1862,635,1,2
1862,636,1,2
1862,637,1,2
1862,638,1,2
1862,639,1,2
1862,640,1,2
1862,641,1,2
1862,642,1,2
1862,643,1,2
1862,644,1,2
1862,645,1,2
1862,646,1,2
1862,647,1,2
1862,648,1,2
1862,649,1,2
1862,650,1,2
1863,120,1,2
1863,121,1,2
1863,122,1,2
1863,123,1,2
1863,124,1,2
1863,125,1,2
1863,126,1,2
1863,127,1,2
1863,128,1,2
1863,129,1,3
1863,130,1,3
1863,131,1,3
1863,132,1,3
1863,133,1,3
1863,134,1,3
1863,135,1,3
1863,136,1,3
1863,137,1,3
1863,138,1,3
1863,139,1,3
1863,140,1,3
1863,141,1,3
1863,142,1,3
1863,143,1,3
1863,144,1,3
1863,145,1,3
1863,146,1,3
1863,147,1,3
1863,148,1,3
1863,149,1,3
1863,150,1,2
1863,151,1,2
1863,152,1,2
1863,153,1,2
1863,154,1,2
1863,155,1,2
1863,156,1,2
1863,157,1,2
1863,158,1,2
1863,159,1,2
1863,160,1,2
1863,161,1,2
1863,162,1,2
1863,163,1,2
1863,164,1,2
1863,165,1,2
1863,166,1,2
1863,167,1,2
1863,168,1,2
1863,169,1,2
1863,170,1,2
1863,171,1,2
1863,172,1,2
1863,173,1,2
1863,174,1,2
1863,175,1,2
1863,176,1,2
1863,177,1,2
1863,178,1,2
1863,179,1,2
1863,180,1,2
1863,181,1,2
1863,182,1,2
1863,183,1,2
1863,184,1,2
1863,185,1,2
1863,186,1,2
1863,187,1,2
1863,188,1,2
1863,189,1,2
1863,190,1,2
1863,191,1,2
1863,192,1,2
1863,193,1,2
1863,194,1,2
1863,195,1,2
1863,196,1,2
1863,197,1,2
1863,198,1,2
1863,199,1,2
1863,200,1,2
1863,201,1,2
1863,202,1,2
1863,203,1,2
1863,204,1,2
1863,205,1,2
1863,206,1,2
1863,207,1,2
1863,208,1,2
1863,209,1,2
1863,210,1,2
1863,211,1,2
1863,212,1,2
1863,213,1,2
1863,214,1,2
1863,215,1,2
1863,216,1,2
1863,217,1,2
1863,218,1,2
1863,219,1,2
1863,220,1,2
1863,221,1,2
1863,222,1,2
1863,223,1,2
1863,224,1,2
1863,225,1,2
1863,226,1,2
1863,227,1,2
1863,228,1,2
1863,229,1,2
1863,230,1,2
1863,231,1,2
1863,232,1,2
1863,233,1,2
1863,234,1,2
1863,235,1,2
1863,236,1,2
1863,237,1,2
1863,238,1,2
1863,239,1,2
1863,240,1,2
1863,241,1,2
1863,242,1,2
1863,243,1,2
1863,244,1,2
1863,245,1,2
1863,246,1,2
1863,247,1,2
1863,248,1,2
1863,249,1,2
1863,250,1,2
1863,251,1,2
1863,252,1,2
1863,253,1,2
1863,254,1,2
1863,255,1,2
1863,256,1,2
1863,257,1,2
1863,258,1,2
1863,259,1,2
1863,260,1,2
1863,261,1,2
1863,262,1,2
1863,263,1,2
1863,264,1,2
1863,265,1,2
1863,266,1,2
1863,267,1,2
1863,268,1,2
1863,269,1,2
1863,270,1,2
1863,271,1,2
1863,272,1,2
1863,273,1,2
1863,274,1,2
1863,275,1,2
1863,276,1,2
1863,277,1,2
1863,278,1,2
1863,279,1,2
1863,280,1,2
1863,281,1,2
1863,282,1,2
1863,283,1,2
1863,284,1,2
1863,285,1,2
1863,286,1,2
1863,287,1,2
1863,288,1,2
1863,289,1,2
1863,290,1,2
1863,291,1,2
1863,292,1,2
1863,293,1,2
1863,294,1,2
1863,295,1,2
1863,296,1,2
1863,297,1,2
1863,298,1,2
1863,299,1,2
1863,300,1,2
1863,301,1,2
1863,302,1,2
1863,303,1,2
1863,304,1,2
1863,305,1,2
1863,306,1,2
1863,307,1,2
1863,308,1,2
1863,309,1,2
1863,310,1,2
1863,311,1,2
1863,312,1,2
1863,313,1,2
1863,314,1,2
1863,315,1,2
1863,316,1,2
1863,317,1,2
1863,318,1,2
1863,319,1,2
1863,320,1,2
1863,321,1,2
1863,322,1,2
1863,323,1,2
1863,324,1,2
1863,325,1,2
1863,326,1,2
1863,327,1,2
1863,328,1,2
1863,329,1,2
1863,330,1,2
1863,331,1,2
1863,332,1,2
1863,333,1,2
1863,334,1,2
1863,335,1,2
1863,336,1,2
1863,337,1,2
1863,338,1,2
1863,339,1,2
1863,340,1,2
1863,341,1,2
1863,342,1,2
1863,343,1,2
1863,344,1,2
1863,345,1,2
1863,346,1,2
1863,347,1,2
1863,348,1,2
1863,349,1,2
1863,350,1,2
1863,351,1,2
1863,352,1,2
1863,353,1,2
1863,354,1,2
1863,355,1,2
1863,356,1,2
1863,357,1,2
1863,358,1,2
1863,359,1,2
1863,360,1,2
1863,361,1,2
1863,362,1,2
1863,363,1,2
1863,364,1,2
1863,365,1,2
1863,366,1,2
1863,367,1,2
1863,368,1,2
1863,369,1,2
1863,370,1,2
1863,371,1,2
1863,372,1,2
1863,373,1,2
1863,374,1,2
1863,375,1,2
1863,376,1,2
1863,377,1,2
1863,378,1,2
1863,379,1,2
1863,380,1,2
1863,381,1,2
1863,382,1,2
1863,383,1,2
1863,384,1,2
1863,385,1,2
1863,386,1,2
1863,387,1,2
1863,388,1,2
1863,389,1,2
1863,390,1,2
1863,391,1,2
1863,392,1,2
1863,393,1,2
1863,394,1,2
1863,395,1,2
1863,396,1,2
1863,397,1,2
1863,398,1,2
1863,399,1,2
1863,400,1,2
1863,401,1,2
1863,402,1,2
1863,403,1,2
1863,404,1,2
1863,405,1,2
1863,406,1,2
1863,407,1,2
1863,408,1,2
1863,409,1,2
1863,410,1,2
1863,411,1,2
1863,412,1,2
1863,413,1,2
1863,414,1,2
1863,415,1,2
1863,416,1,2
1863,417,1,2
1863,418,1,2
1863,419,1,2
1863,420,1,2
1863,421,1,2
1863,422,1,2
1863,423,1,2
1863,424,1,2
1863,425,1,2
1863,426,1,2
1863,427,1,2
1863,428,1,2
1863,429,1,2
1863,430,1,2
1863,431,1,2
1863,432,1,2
1863,433,1,2
1863,434,1,2
1863,435,1,2
1863,436,1,2
1863,437,1,2
1863,438,1,2
1863,439,1,2
1863,440,1,2
1863,441,1,2
1863,442,1,2
1863,443,1,2
1863,444,1,2
1863,445,1,2
1863,446,1,2
1863,447,1,2
1863,448,1,2
1863,449,1,2
1863,450,1,2
1863,451,1,2
1863,452,1,2
1863,453,1,2
1863,454,1,2
1863,455,1,2
1863,456,1,2
1863,457,1,2
1863,458,1,2
1863,459,1,2
1863,460,1,2
1863,461,1,2
1863,462,1,2
1863,463,1,2
1863,464,1,2
1863,465,1,2
1863,466,1,2
1863,467,1,2
1863,468,1,2
1863,469,1,2
1863,470,1,2
1863,471,1,2
1863,472,1,2
1863,473,1,2
1863,474,1,2
1863,475,1,2
1863,476,1,2
1863,477,1,2
1863,478,1,2
1863,479,1,2
1863,480,1,2
1863,481,1,2
1863,482,1,2
1863,483,1,2
1863,484,1,2
1863,485,1,2
1863,486,1,2
1863,487,1,2
1863,488,1,2
1863,489,1,2
1863,490,1,2
1863,491,1,2
1863,492,1,2
1863,493,1,2
1863,494,1,2
1863,495,1,2
1863,496,1,2
1863,497,1,2
1863,498,1,2
1863,499,1,2
1863,500,1,2
1863,501,1,2
1863,502,1,2
1863,503,1,3
1863,504,1,3
1863,505,1,3
1863,506,1,3
1863,507,1,3
1863,508,1,3
1863,509,1,3
1863,510,1,3
1863,511,1,3
1863,512,1,3
1863,513,1,3
1863,514,1,3
1863,515,1,3
1863,516,1,3
1863,517,1,3
1863,518,1,3
1863,519,1,3
1863,520,1,3
1863,521,1,3
1863,522,1,3
1863,523,1,3
1863,524,1,3
1863,525,1,3
1863,526,1,3
1863,527,1,3
1863,528,1,3
1863,529,1,3
1863,530,1,3
1863,531,1,3
1863,532,1,3
1863,533,1,3
1863,534,1,3
1863,535,1,3
1863,536,1,3
1863,537,1,3
1863,538,1,3
1863,539,1,3
1863,540,1,3
1863,541,1,3
1863,542,1,3
1863,543,1,3
1863,544,1,3
1863,545,1,3
1863,546,1,3
1863,547,1,3
1863,548,1,3
1863,549,1,3
1863,550,1,3
1863,551,1,3
1863,552,1,3
1863,553,1,3
1863,554,1,3
1863,555,1,3
1863,556,1,3
1863,557,1,3
1863,558,1,3
1863,559,1,3
1863,560,1,3
1863,561,1,3
1863,562,1,3
1863,563,1,3
1863,564,1,3
1863,565,1,3
1863,566,1,3
1863,567,1,3
1863,568,1,3
1863,569,1,3
1863,570,1,3
1863,571,1,3
1863,572,1,3
1863,573,1,3
1863,574,1,2
1863,575,1,2
1863,576,1,2
1863,577,1,2
1863,578,1,2
1863,579,1,2
1863,580,1,2
1863,581,1,2
1863,582,1,2
1863,583,1,2
1863,584,1,2
1863,585,1,2
1863,586,1,2
1863,587,1,2
1863,588,1,2
1863,589,1,2
1863,590,1,2
1863,591,1,2
1863,592,1,2
1863,593,1,2
1863,594,1,2
1863,595,1,2
1863,596,1,2
1863,597,1,2
1863,598,1,2
1863,599,1,2
1863,600,1,2
1863,601,1,2
1863,602,1,2
1863,603,1,2
1863,604,1,2
1863,605,1,2
1863,606,1,2
1863,607,1,2
1863,608,1,2
1863,609,1,2
1863,610,1,2
1863,611,1,2
1863,612,1,2
1863,613,1,2
1863,614,1,2
1863,615,1,2
1863,616,1,2
1863,617,1,2
1863,618,1,2
1863,619,1,2
1863,620,1,2
1863,621,1,2
1863,622,1,2
1863,623,1,2
1863,624,1,2
1863,625,1,2
1863,626,1,2
1863,627,1,2
1863,628,1,2
1863,629,1,2
1863,630,1,2
1863,631,1,2
1863,632,1,2
1863,633,1,2
1863,634,1,2
1863,635,1,2
1863,636,1,2
1863,637,1,2
1863,638,1,2
1863,639,1,2
1863,640,1,2
1863,641,1,2
1863,642,1,2
1863,643,1,2
1863,644,1,2
1863,645,1,2
1863,646,1,2
1863,647,1,2
1863,648,1,2
1863,649,1,2
1863,650,1,2
1864,120,1,2
1864,121,1,2
1864,122,1,2
1864,123,1,2
1864,124,1,2
1864,125,1,2
1864,126,1,2
1864,127,1,2
1864,128,1,2
1864,129,1,3
1864,130,1,3
1864,131,1,3
1864,132,1,3
1864,133,1,3
1864,134,1,3
1864,135,1,3
1864,136,1,3
1864,137,1,3
1864,138,1,3
1864,139,1,3
1864,140,1,3
1864,141,1,3
1864,142,1,3
1864,143,1,3
1864,144,1,3
1864,145,1,3
1864,146,1,3
1864,147,1,3
1864,148,1,3
1864,149,1,3
1864,150,1,2
1864,151,1,2
1864,152,1,2
1864,153,1,2
1864,154,1,2
1864,155,1,2
1864,156,1,2
1864,157,1,2
1864,158,1,2
1864,159,1,2
1864,160,1,2
1864,161,1,2
1864,162,1,2
1864,163,1,2
1864,164,1,2
1864,165,1,2
1864,166,1,2
1864,167,1,2
1864,168,1,2
1864,169,1,2
1864,170,1,2
1864,171,1,2
1864,172,1,2
1864,173,1,2
1864,174,1,2
1864,175,1,2
1864,176,1,2
1864,177,1,2
1864,178,1,2
1864,179,1,2
1864,180,1,2
1864,181,1,2
1864,182,1,2
1864,183,1,2
1864,184,1,2
1864,185,1,2
1864,186,1,2
1864,187,1,2
1864,188,1,2
1864,189,1,2
1864,190,1,2
1864,191,1,2
1864,192,1,2
1864,193,1,2
1864,194,1,2
1864,195,1,2
1864,196,1,2
1864,197,1,2
1864,198,1,2
1864,199,1,2
1864,200,1,2
1864,201,1,2
1864,202,1,2
1864,203,1,2
1864,204,1,2
1864,205,1,2
1864,206,1,2
1864,207,1,2
1864,208,1,2
1864,209,1,2
1864,210,1,2
1864,211,1,2
1864,212,1,2
1864,213,1,2
1864,214,1,2
1864,215,1,2
1864,216,1,2
1864,217,1,2
1864,218,1,2
1864,219,1,2
1864,220,1,2
1864,221,1,2
1864,222,1,2
1864,223,1,2
1864,224,1,2
1864,225,1,2
1864,226,1,2
1864,227,1,2
1864,228,1,2
1864,229,1,2
1864,230,1,2
1864,231,1,2
1864,232,1,2
1864,233,1,2
1864,234,1,2
1864,235,1,2
1864,236,1,2
1864,237,1,2
1864,238,1,2
1864,239,1,2
1864,240,1,2
1864,241,1,2
1864,242,1,2
1864,243,1,2
1864,244,1,2
1864,245,1,2
1864,246,1,2
1864,247,1,2
1864,248,1,2
1864,249,1,2
1864,250,1,2
1864,251,1,2
1864,252,1,2
1864,253,1,2
1864,254,1,2
1864,255,1,2
1864,256,1,2
1864,257,1,2
1864,258,1,2
1864,259,1,2
1864,260,1,2
1864,261,1,2
1864,262,1,2
1864,263,1,2
1864,264,1,2
1864,265,1,2
1864,266,1,2
1864,267,1,2
1864,268,1,2
1864,269,1,2
1864,270,1,2
1864,271,1,2
1864,272,1,2
1864,273,1,2
1864,274,1,2
1864,275,1,2
1864,276,1,2
1864,277,1,2
1864,278,1,2
1864,279,1,2
1864,280,1,2
1864,281,1,2
1864,282,1,2
1864,283,1,2
1864,284,1,2
1864,285,1,2
1864,286,1,2
1864,287,1,2
1864,288,1,2
1864,289,1,2
1864,290,1,2
1864,291,1,2
1864,292,1,2
1864,293,1,2
1864,294,1,2
1864,295,1,2
1864,296,1,2
1864,297,1,2
1864,298,1,2
1864,299,1,2
1864,300,1,2
1864,301,1,2
1864,302,1,2
1864,303,1,2
1864,304,1,2
1864,305,1,2
1864,306,1,2
1864,307,1,2
1864,308,1,2
1864,309,1,2
1864,310,1,2
1864,311,1,2
1864,312,1,2
1864,313,1,2
1864,314,1,2
1864,315,1,2
1864,316,1,2
1864,317,1,2
1864,318,1,2
1864,319,1,2
1864,320,1,2
1864,321,1,2
1864,322,1,2
1864,323,1,2
1864,324,1,2
1864,325,1,2
1864,326,1,2
1864,327,1,2
1864,328,1,2
1864,329,1,2
1864,330,1,2
1864,331,1,2
1864,332,1,2
1864,333,1,2
1864,334,1,2
1864,335,1,2
1864,336,1,2
1864,337,1,2
1864,338,1,2
1864,339,1,2
1864,340,1,2
1864,341,1,2
1864,342,1,2
1864,343,1,2
1864,344,1,2
1864,345,1,2
1864,346,1,2
1864,347,1,2
1864,348,1,2
1864,349,1,2
1864,350,1,2
1864,351,1,2
1864,352,1,2
1864,353,1,2
1864,354,1,2
1864,355,1,2
1864,356,1,2
1864,357,1,2
1864,358,1,2
1864,359,1,2
1864,360,1,2
1864,361,1,2
1864,362,1,2
1864,363,1,2
1864,364,1,2
1864,365,1,2
1864,366,1,2
1864,367,1,2
1864,368,1,2
1864,369,1,2
1864,370,1,2
1864,371,1,2
1864,372,1,2
1864,373,1,2
1864,374,1,2
1864,375,1,2
1864,376,1,2
1864,377,1,2
1864,378,1,2
1864,379,1,2
1864,380,1,2
1864,381,1,2
1864,382,1,2
1864,383,1,2
1864,384,1,2
1864,385,1,2
1864,386,1,2
1864,387,1,2
1864,388,1,2
1864,389,1,2
1864,390,1,2
1864,391,1,2
1864,392,1,2
1864,393,1,2
1864,394,1,2
1864,395,1,2
1864,396,1,2
1864,397,1,2
1864,398,1,2
1864,399,1,2
1864,400,1,2
1864,401,1,2
1864,402,1,2
1864,403,1,2
1864,404,1,2
1864,405,1,2
1864,406,1,2
1864,407,1,2
1864,408,1,2
1864,409,1,2
1864,410,1,2
1864,411,1,2
1864,412,1,2
1864,413,1,2
1864,414,1,2
1864,415,1,2
1864,416,1,2
1864,417,1,2
1864,418,1,2
1864,419,1,2
1864,420,1,2
1864,421,1,2
1864,422,1,2
1864,423,1,2
1864,424,1,2
1864,425,1,2
1864,426,1,2
1864,427,1,2
1864,428,1,2
1864,429,1,2
1864,430,1,2
1864,431,1,2
1864,432,1,2
1864,433,1,2
1864,434,1,2
1864,435,1,2
1864,436,1,2
1864,437,1,2
1864,438,1,2
1864,439,1,2
1864,440,1,2
1864,441,1,2
1864,442,1,2
1864,443,1,2
1864,444,1,2
1864,445,1,2
1864,446,1,2
1864,447,1,2
1864,448,1,2
1864,449,1,2
1864,450,1,2
1864,451,1,2
1864,452,1,2
1864,453,1,2
1864,454,1,2
1864,455,1,2
1864,456,1,2
1864,457,1,2
1864,458,1,2
1864,459,1,2
1864,460,1,2
1864,461,1,2
1864,462,1,2
1864,463,1,2
1864,464,1,2
1864,465,1,2
1864,466,1,2
1864,467,1,2
1864,468,1,2
1864,469,1,2
1864,470,1,2
1864,471,1,2
1864,472,1,2
1864,473,1,2
1864,474,1,2
1864,475,1,2
1864,476,1,2
1864,477,1,2
1864,478,1,2
1864,479,1,2
1864,480,1,2
1864,481,1,2
1864,482,1,2
1864,483,1,2
1864,484,1,2
1864,485,1,2
1864,486,1,2
1864,487,1,2
1864,488,1,2
1864,489,1,2
1864,490,1,2
1864,491,1,2
1864,492,1,2
1864,493,1,2
1864,494,1,2
1864,495,1,2
1864,496,1,2
1864,497,1,2
1864,498,1,2
1864,499,1,2
1864,500,1,2
1864,501,1,2
1864,502,1,3
1864,503,1,3
1864,504,1,3
1864,505,1,3
1864,506,1,3
1864,507,1,3
1864,508,1,3
1864,509,1,3
1864,510,1,3
1864,511,1,3
1864,512,1,3
1864,513,1,3
1864,514,1,3
1864,515,1,3
1864,516,1,3
1864,517,1,3
1864,518,1,3
1864,519,1,3
1864,520,1,3
1864,521,1,3
1864,522,1,3
1864,523,1,3
1864,524,1,3
1864,525,1,3
1864,526,1,3
1864,527,1,3
1864,528,1,3
1864,529,1,3
1864,530,1,3
1864,531,1,3
1864,532,1,3
1864,533,1,3
1864,534,1,3
1864,535,1,3
1864,536,1,3
1864,537,1,3
1864,538,1,3
1864,539,1,3
1864,540,1,3
1864,541,1,3
1864,542,1,3
1864,543,1,3
1864,544,1,3
1864,545,1,3
1864,546,1,3
1864,547,1,3
1864,548,1,3
1864,549,1,3
1864,550,1,3
1864,551,1,3
1864,552,1,3
1864,553,1,3
1864,554,1,3
1864,555,1,3
1864,556,1,3
1864,557,1,3
1864,558,1,3
1864,559,1,3
1864,560,1,3
1864,561,1,3
1864,562,1,3
1864,563,1,3
1864,564,1,3
1864,565,1,3
1864,566,1,3
1864,567,1,3
1864,568,1,3
1864,569,1,3
1864,570,1,3
1864,571,1,3
1864,572,1,3
1864,573,1,3
1864,574,1,3
1864,575,1,2
1864,576,1,2
1864,577,1,2
1864,578,1,2
1864,579,1,2
1864,580,1,2
1864,581,1,2
1864,582,1,2
1864,583,1,2
1864,584,1,2
1864,585,1,2
1864,586,1,2
1864,587,1,2
1864,588,1,2
1864,589,1,2
1864,590,1,2
1864,591,1,2
1864,592,1,2
1864,593,1,2
1864,594,1,2
1864,595,1,2
1864,596,1,2
1864,597,1,2
1864,598,1,2
1864,599,1,2
1864,600,1,2
1864,601,1,2
1864,602,1,2
1864,603,1,2
1864,604,1,2
1864,605,1,2
1864,606,1,2
1864,607,1,2
1864,608,1,2
1864,609,1,2
1864,610,1,2
1864,611,1,2
1864,612,1,2
1864,613,1,2
1864,614,1,2
1864,615,1,2
1864,616,1,2
1864,617,1,2
1864,618,1,2
1864,619,1,2
1864,620,1,2
1864,621,1,2
1864,622,1,2
1864,623,1,2
1864,624,1,2
1864,625,1,2
1864,626,1,2
1864,627,1,2
1864,628,1,2
1864,629,1,2
1864,630,1,2
1864,631,1,2
1864,632,1,2
1864,633,1,2
1864,634,1,2
1864,635,1,2
1864,636,1,2
1864,637,1,2
1864,638,1,2
1864,639,1,2
1864,640,1,2
1864,641,1,2
1864,642,1,2
1864,643,1,2
1864,644,1,2
1864,645,1,2
1864,646,1,2
1864,647,1,2
1864,648,1,2
1864,649,1,2
1864,650,1,2
1864,651,1,2
1865,119,1,2
1865,120,1,2
1865,121,1,2
1865,122,1,2
1865,123,1,2
1865,124,1,2
1865,125,1,2
1865,126,1,2
1865,127,1,2
1865,128,1,3
1865,129,1,3
1865,130,1,3
1865,131,1,3
1865,132,1,3
1865,133,1,3
1865,134,1,3
1865,135,1,3
1865,136,1,3
1865,137,1,3
1865,138,1,3
1865,139,1,3
1865,140,1,3
1865,141,1,3
1865,142,1,3
1865,143,1,3
1865,144,1,3
1865,145,1,3
1865,146,1,3
1865,147,1,3
1865,148,1,3
1865,149,1,2
1865,150,1,2
1865,151,1,2
1865,152,1,2
1865,153,1,2
1865,154,1,2
1865,155,1,2
1865,156,1,2
1865,157,1,2
1865,158,1,2
1865,159,1,2
1865,160,1,2
1865,161,1,2
1865,162,1,2
1865,163,1,2
1865,164,1,2
1865,165,1,2
1865,166,1,2
1865,167,1,2
1865,168,1,2
1865,169,1,2
1865,170,1,2
1865,171,1,2
1865,172,1,2
1865,173,1,2
1865,174,1,2
1865,175,1,2
1865,176,1,2
1865,177,1,2
1865,178,1,2
1865,179,1,2
1865,180,1,2
1865,181,1,2
1865,182,1,2
1865,183,1,2
1865,184,1,2
1865,185,1,2
1865,186,1,2
1865,187,1,2
1865,188,1,2
1865,189,1,2
1865,190,1,2
1865,191,1,2
1865,192,1,2
1865,193,1,2
1865,194,1,2
1865,195,1,2
1865,196,1,2
1865,197,1,2
1865,198,1,2
1865,199,1,2
1865,200,1,2
1865,201,1,2
1865,202,1,2
1865,203,1,2
1865,204,1,2
1865,205,1,2
1865,206,1,2
1865,207,1,2
1865,208,1,2
1865,209,1,2
1865,210,1,2
1865,211,1,2
1865,212,1,2
1865,213,1,2
1865,214,1,2
1865,215,1,2
1865,216,1,2
1865,217,1,2
1865,218,1,2
1865,219,1,2
1865,220,1,2
1865,221,1,2
1865,222,1,2
1865,223,1,2
1865,224,1,2
1865,225,1,2
1865,226,1,2
1865,227,1,2
1865,228,1,2
1865,229,1,2
1865,230,1,2
1865,231,1,2
1865,232,1,2
1865,233,1,2
1865,234,1,2
1865,235,1,2
1865,236,1,2
1865,237,1,2
1865,238,1,2
1865,239,1,2
1865,240,1,2
1865,241,1,2
1865,242,1,2
1865,243,1,2
1865,244,1,2
1865,245,1,2
1865,246,1,2
1865,247,1,2
1865,248,1,2
1865,249,1,2
1865,250,1,2
1865,251,1,2
1865,252,1,2
1865,253,1,2
1865,254,1,2
1865,255,1,2
1865,256,1,2
1865,257,1,2
1865,258,1,2
1865,259,1,2
1865,260,1,2
1865,261,1,2
1865,262,1,2
1865,263,1,2
1865,264,1,2
1865,265,1,2
1865,266,1,2
1865,267,1,2
1865,268,1,2
1865,269,1,2
1865,270,1,2
1865,271,1,2
1865,272,1,2
1865,273,1,2
1865,274,1,2
1865,275,1,2
1865,276,1,2
1865,277,1,2
1865,278,1,2
1865,279,1,2
1865,280,1,2
1865,281,1,2
1865,282,1,2
1865,283,1,2
1865,284,1,2
1865,285,1,2
1865,286,1,2
1865,287,1,2
1865,288,1,2
1865,289,1,2
1865,290,1,2
1865,291,1,2
1865,292,1,2
1865,293,1,2
1865,294,1,2
1865,295,1,2
1865,296,1,2
1865,297,1,2
1865,298,1,2
1865,299,1,2
1865,300,1,2
1865,301,1,2
1865,302,1,2
1865,303,1,2
1865,304,1,2
1865,305,1,2
1865,306,1,2
1865,307,1,2
1865,308,1,2
1865,309,1,2
1865,310,1,2
1865,311,1,2
1865,312,1,2
1865,313,1,2
1865,314,1,2
1865,315,1,2
1865,316,1,2
1865,317,1,2
1865,318,1,2
1865,319,1,2
1865,320,1,2
1865,321,1,2
1865,322,1,2
1865,323,1,2
1865,324,1,2
1865,325,1,2
1865,326,1,2
1865,327,1,2
1865,328,1,2
1865,329,1,2
1865,330,1,2
1865,331,1,2
1865,332,1,2
1865,333,1,2
1865,334,1,2
1865,335,1,2
1865,336,1,2
1865,337,1,2
1865,338,1,2
1865,339,1,2
1865,340,1,2
1865,341,1,2
1865,342,1,2
1865,343,1,2
1865,344,1,2
1865,345,1,2
1865,346,1,2
1865,347,1,2
1865,348,1,2
1865,349,1,2
1865,350,1,2
1865,351,1,2
1865,352,1,2
1865,353,1,2
1865,354,1,2
1865,355,1,2
1865,356,1,2
1865,357,1,2
1865,358,1,2
1865,359,1,2
1865,360,1,2
1865,361,1,2
1865,362,1,2
1865,363,1,2
1865,364,1,2
1865,365,1,2
1865,366,1,2
1865,367,1,2
1865,368,1,2
1865,369,1,2
1865,370,1,2
1865,371,1,2
1865,372,1,2
1865,373,1,2
1865,374,1,2
1865,375,1,2
1865,376,1,2
1865,377,1,2
1865,378,1,2
1865,379,1,2
1865,380,1,2
1865,381,1,2
1865,382,1,2
1865,383,1,2
1865,384,1,2
1865,385,1,2
1865,386,1,2
1865,387,1,2
1865,388,1,2
1865,389,1,2
1865,390,1,2
1865,391,1,2
1865,392,1,2
1865,393,1,2
1865,394,1,2
1865,395,1,2
1865,396,1,2
1865,397,1,2
1865,398,1,2
1865,399,1,2
1865,400,1,2
1865,401,1,2
1865,402,1,2
1865,403,1,2
1865,404,1,2
1865,405,1,2
1865,406,1,2
1865,407,1,2
1865,408,1,2
1865,409,1,2
1865,410,1,2
1865,411,1,2
1865,412,1,2
1865,413,1,2
1865,414,1,2
1865,415,1,2
1865,416,1,2
1865,417,1,2
1865,418,1,2
1865,419,1,2
1865,420,1,2
1865,421,1,2
1865,422,1,2
1865,423,1,2
1865,424,1,2
1865,425,1,2
1865,426,1,2
1865,427,1,2
1865,428,1,2
1865,429,1,2
1865,430,1,2
1865,431,1,2
1865,432,1,2
1865,433,1,2
1865,434,1,2
1865,435,1,2
1865,436,1,2
1865,437,1,2
1865,438,1,2
1865,439,1,2
1865,440,1,2
1865,441,1,2
1865,442,1,2
1865,443,1,2
1865,444,1,2
1865,445,1,2
1865,446,1,2
1865,447,1,2
1865,448,1,2
1865,449,1,2
1865,450,1,2
1865,451,1,2
1865,452,1,2
1865,453,1,2
1865,454,1,2
1865,455,1,2
1865,456,1,2
1865,457,1,2
1865,458,1,2
1865,459,1,2
1865,460,1,2
1865,461,1,2
1865,462,1,2
1865,463,1,2
1865,464,1,2
1865,465,1,2
1865,466,1,2
1865,467,1,2
1865,468,1,2
1865,469,1,2
1865,470,1,2
1865,471,1,2
1865,472,1,2
1865,473,1,2
1865,474,1,2
1865,475,1,2
1865,476,1,2
1865,477,1,2
1865,478,1,2
1865,479,1,2
1865,480,1,2
1865,481,1,2
1865,482,1,2
1865,483,1,2
1865,484,1,2
1865,485,1,2
1865,486,1,2
1865,487,1,2
1865,488,1,2
1865,489,1,2
1865,490,1,2
1865,491,1,2
1865,492,1,2
1865,493,1,2
1865,494,1,2
1865,495,1,2
1865,496,1,2
1865,497,1,2
1865,498,1,2
1865,499,1,2
1865,500,1,2
1865,501,1,2
1865,502,1,3
1865,503,1,3
1865,504,1,3
1865,505,1,3
1865,506,1,3
1865,507,1,3
1865,508,1,3
1865,509,1,3
1865,510,1,3
1865,511,1,3
1865,512,1,3
1865,513,1,3
1865,514,1,3
1865,515,1,3
1865,516,1,3
1865,517,1,3
1865,518,1,3
1865,519,1,3
1865,520,1,3
1865,521,1,3
1865,522,1,3
1865,523,1,3
1865,524,1,3
1865,525,1,3
1865,526,1,3
1865,527,1,3
1865,528,1,3
1865,529,1,3
1865,530,1,3
1865,531,1,3
1865,532,1,3
1865,533,1,3
1865,534,1,3
1865,535,1,3
1865,536,1,3
1865,537,1,3
1865,538,1,3
1865,539,1,3
1865,540,1,3
1865,541,1,3
1865,542,1,3
1865,543,1,3
1865,544,1,3
1865,545,1,3
1865,546,1,3
1865,547,1,3
1865,548,1,3
1865,549,1,3
1865,550,1,3
1865,551,1,3
1865,552,1,3
1865,553,1,3
1865,554,1,3
1865,555,1,3
1865,556,1,3
1865,557,1,3
1865,558,1,3
1865,559,1,3
1865,560,1,3
1865,561,1,3
1865,562,1,3
1865,563,1,3
1865,564,1,3
1865,565,1,3
1865,566,1,3
1865,567,1,3
1865,568,1,3
1865,569,1,3
1865,570,1,3
1865,571,1,3
1865,572,1,3
1865,573,1,3
1865,574,1,3
1865,575,1,3
1865,576,1,2
1865,577,1,2
1865,578,1,2
1865,579,1,2
1865,580,1,2
1865,581,1,2
1865,582,1,2
1865,583,1,2
1865,584,1,2
1865,585,1,2
1865,586,1,2
1865,587,1,2
1865,588,1,2
1865,589,1,2
1865,590,1,2
1865,591,1,2
1865,592,1,2
1865,593,1,2
1865,594,1,2
1865,595,1,2
1865,596,1,2
1865,597,1,2
1865,598,1,2
1865,599,1,2
1865,600,1,2
1865,601,1,2
1865,602,1,2
1865,603,1,2
1865,604,1,2
1865,605,1,2
1865,606,1,2
1865,607,1,2
1865,608,1,2
1865,609,1,2
1865,610,1,2
1865,611,1,2
1865,612,1,2
1865,613,1,2
1865,614,1,2
1865,615,1,2
1865,616,1,2
1865,617,1,2
1865,618,1,2
1865,619,1,2
1865,620,1,2
1865,621,1,2
1865,622,1,2
1865,623,1,2
1865,624,1,2
1865,625,1,2
1865,626,1,2
1865,627,1,2
1865,628,1,2
1865,629,1,2
1865,630,1,2
1865,631,1,2
1865,632,1,2
1865,633,1,2
1865,634,1,2
1865,635,1,2
1865,636,1,2
1865,637,1,2
1865,638,1,2
1865,639,1,2
1865,640,1,2
1865,641,1,2
1865,642,1,2
1865,643,1,2
1865,644,1,2
1865,645,1,2
1865,646,1,2
1865,647,1,2
1865,648,1,2
1865,649,1,2
1865,650,1,2
1865,651,1,2
1866,119,1,2
1866,120,1,2
1866,121,1,2
1866,122,1,2
1866,123,1,2
1866,124,1,2
1866,125,1,2
1866,126,1,2
1866,127,1,2
1866,128,1,3
1866,129,1,3
1866,130,1,3
1866,131,1,3
1866,132,1,3
1866,133,1,3
1866,134,1,3
1866,135,1,3
1866,136,1,3
1866,137,1,3
1866,138,1,3
1866,139,1,3
1866,140,1,3
1866,141,1,3
1866,142,1,3
1866,143,1,3
1866,144,1,3
1866,145,1,3
1866,146,1,3
1866,147,1,3
1866,148,1,3
1866,149,1,2
1866,150,1,2
1866,151,1,2
1866,152,1,2
1866,153,1,2
1866,154,1,2
1866,155,1,2
1866,156,1,2
1866,157,1,2
1866,158,1,2
1866,159,1,2
1866,160,1,2
1866,161,1,2
1866,162,1,2
1866,163,1,2
1866,164,1,2
1866,165,1,2
1866,166,1,2
1866,167,1,2
1866,168,1,2
1866,169,1,2
1866,170,1,2
1866,171,1,2
1866,172,1,2
1866,173,1,2
1866,174,1,2
1866,175,1,2
1866,176,1,2
1866,177,1,2
1866,178,1,2
1866,179,1,2
1866,180,1,2
1866,181,1,2
1866,182,1,2
1866,183,1,2
1866,184,1,2
1866,185,1,2
1866,186,1,2
1866,187,1,2
1866,188,1,2
1866,189,1,2
1866,190,1,2
1866,191,1,2
1866,192,1,2
1866,193,1,2
1866,194,1,2
1866,195,1,2
1866,196,1,2
1866,197,1,2
1866,198,1,2
1866,199,1,2
1866,200,1,2
1866,201,1,2
1866,202,1,2
1866,203,1,2
1866,204,1,2
1866,205,1,2
1866,206,1,2
1866,207,1,2
1866,208,1,2
1866,209,1,2
1866,210,1,2
1866,211,1,2
1866,212,1,2
1866,213,1,2
1866,214,1,2
1866,215,1,2
1866,216,1,2
1866,217,1,2
1866,218,1,2
1866,219,1,2
1866,220,1,2
1866,221,1,2
1866,222,1,2
1866,223,1,2
1866,224,1,2
1866,225,1,2
1866,226,1,2
1866,227,1,2
1866,228,1,2
1866,229,1,2
1866,230,1,2
1866,231,1,2
1866,232,1,2
1866,233,1,2
1866,234,1,2
1866,235,1,2
1866,236,1,2
1866,237,1,2
1866,238,1,2
1866,239,1,2
1866,240,1,2
1866,241,1,2
1866,242,1,2
1866,243,1,2
1866,244,1,2
1866,245,1,2
1866,246,1,2
1866,247,1,2
1866,248,1,2
1866,249,1,2
1866,250,1,2
1866,251,1,2
1866,252,1,2
1866,253,1,2
1866,254,1,2
1866,255,1,2
1866,256,1,2
1866,257,1,2
1866,258,1,2
1866,259,1,2
1866,260,1,2
1866,261,1,2
1866,262,1,2
1866,263,1,2
1866,264,1,2
1866,265,1,2
1866,266,1,2
1866,267,1,2
1866,268,1,2
1866,269,1,2
1866,270,1,2
1866,271,1,2
1866,272,1,2
1866,273,1,2
1866,274,1,2
1866,275,1,2
1866,276,1,2
1866,277,1,2
1866,278,1,2
1866,279,1,2
1866,280,1,2
1866,281,1,2
1866,282,1,2
1866,283,1,2
1866,284,1,2
1866,285,1,2
1866,286,1,2
1866,287,1,2
1866,288,1,2
1866,289,1,2
1866,290,1,2
1866,291,1,2
1866,292,1,2
1866,293,1,2
1866,294,1,2
1866,295,1,2
1866,296,1,2
1866,297,1,2
1866,298,1,2
1866,299,1,2
1866,300,1,2
1866,301,1,2
1866,302,1,2
1866,303,1,2
1866,304,1,2
1866,305,1,2
1866,306,1,2
1866,307,1,2
1866,308,1,2
1866,309,1,2
1866,310,1,2
1866,311,1,2
1866,312,1,2
1866,313,1,2
1866,314,1,2
1866,315,1,2
1866,316,1,2
1866,317,1,2
1866,318,1,2
1866,319,1,2
1866,320,1,2
1866,321,1,2
1866,322,1,2
1866,323,1,2
1866,324,1,2
1866,325,1,2
1866,326,1,2
1866,327,1,2
1866,328,1,2
1866,329,1,2
1866,330,1,2
1866,331,1,2
1866,332,1,2
1866,333,1,2
1866,334,1,2
1866,335,1,2
1866,336,1,2
1866,337,1,2
1866,338,1,2
1866,339,1,2
1866,340,1,2
1866,341,1,2
1866,342,1,2
1866,343,1,2
1866,344,1,2
1866,345,1,2
1866,346,1,2
1866,347,1,2
1866,348,1,2
1866,349,1,2
1866,350,1,2
1866,351,1,2
1866,352,1,2
1866,353,1,2
1866,354,1,2
1866,355,1,2
1866,356,1,2
1866,357,1,2
1866,358,1,2
1866,359,1,2
1866,360,1,2
1866,361,1,2
1866,362,1,2
1866,363,1,2
1866,364,1,2
1866,365,1,2
1866,366,1,2
1866,367,1,2
1866,368,1,2
1866,369,1,2
1866,370,1,2
1866,371,1,2
1866,372,1,2
1866,373,1,2
1866,374,1,2
1866,375,1,2
1866,376,1,2
1866,377,1,2
1866,378,1,2
1866,379,1,2
1866,380,1,2
1866,381,1,2
1866,382,1,2
1866,383,1,2
1866,384,1,2
1866,385,1,2
1866,386,1,2
1866,387,1,2
1866,388,1,2
1866,389,1,2
1866,390,1,2
1866,391,1,2
1866,392,1,2
1866,393,1,2
1866,394,1,2
1866,395,1,2
1866,396,1,2
1866,397,1,2
1866,398,1,2
1866,399,1,2
1866,400,1,2
1866,401,1,2
1866,402,1,2
1866,403,1,2
1866,404,1,2
1866,405,1,2
1866,406,1,2
1866,407,1,2
1866,408,1,2
1866,409,1,2
1866,410,1,2
1866,411,1,2
1866,412,1,2
1866,413,1,2
1866,414,1,2
1866,415,1,2
1866,416,1,2
1866,417,1,2
1866,418,1,2
1866,419,1,2
1866,420,1,2
1866,421,1,2
1866,422,1,2
1866,423,1,2
1866,424,1,2
1866,425,1,2
1866,426,1,2
1866,427,1,2
1866,428,1,2
1866,429,1,2
1866,430,1,2
1866,431,1,2
1866,432,1,2
1866,433,1,2
1866,434,1,2
1866,435,1,2
1866,436,1,2
1866,437,1,2
1866,438,1,2
1866,439,1,2
1866,440,1,2
1866,441,1,2
1866,442,1,2
1866,443,1,2
1866,444,1,2
1866,445,1,2
1866,446,1,2
1866,447,1,2
1866,448,1,2
1866,449,1,2
1866,450,1,2
1866,451,1,2
1866,452,1,2
1866,453,1,2
1866,454,1,2
1866,455,1,2
1866,456,1,2
1866,457,1,2
1866,458,1,2
1866,459,1,2
1866,460,1,2
1866,461,1,2
1866,462,1,2
1866,463,1,2
1866,464,1,2
1866,465,1,2
1866,466,1,2
1866,467,1,2
1866,468,1,2
1866,469,1,2
1866,470,1,2
1866,471,1,2
1866,472,1,2
1866,473,1,2
1866,474,1,2
1866,475,1,2
1866,476,1,2
1866,477,1,2
1866,478,1,2
1866,479,1,2
1866,480,1,2
1866,481,1,2
1866,482,1,2
1866,483,1,2
1866,484,1,2
1866,485,1,2
1866,486,1,2
1866,487,1,2
1866,488,1,2
1866,489,1,2
1866,490,1,2
1866,491,1,2
1866,492,1,2
1866,493,1,2
1866,494,1,2
1866,495,1,2
1866,496,1,2
1866,497,1,2
1866,498,1,2
1866,499,1,2
1866,500,1,2
1866,501,1,2
1866,502,1,3
1866,503,1,3
1866,504,1,3
1866,505,1,3
1866,506,1,3
1866,507,1,3
1866,508,1,3
1866,509,1,3
1866,510,1,3
1866,511,1,3
1866,512,1,3
1866,513,1,3
1866,514,1,3
1866,515,1,3
1866,516,1,3
1866,517,1,3
1866,518,1,3
1866,519,1,3
1866,520,1,3
1866,521,1,3
1866,522,1,3
1866,523,1,3
1866,524,1,3
1866,525,1,3
1866,526,1,3
1866,527,1,3
1866,528,1,3
1866,529,1,3
1866,530,1,3
1866,531,1,3
1866,532,1,3
1866,533,1,3
1866,534,1,3
1866,535,1,3
1866,536,1,3
1866,537,1,3
1866,538,1,3
1866,539,1,3
1866,540,1,3
1866,541,1,3
1866,542,1,3
1866,543,1,3
1866,544,1,3
1866,545,1,3
1866,546,1,3
1866,547,1,3
1866,548,1,3
1866,549,1,3
1866,550,1,3
1866,551,1,3
1866,552,1,3
1866,553,1,3
1866,554,1,3
1866,555,1,3
1866,556,1,3
1866,557,1,3
1866,558,1,3
1866,559,1,3
1866,560,1,3
1866,561,1,3
1866,562,1,3
1866,563,1,3
1866,564,1,3
1866,565,1,3
1866,566,1,3
1866,567,1,3
1866,568,1,3
1866,569,1,3
1866,570,1,3
1866,571,1,3
1866,572,1,3
1866,573,1,3
1866,574,1,3
1866,575,1,3
1866,576,1,2
1866,577,1,2
1866,578,1,2
1866,579,1,2
1866,580,1,2
1866,581,1,2
1866,582,1,2
1866,583,1,2
1866,584,1,2
1866,585,1,2
1866,586,1,2
1866,587,1,2
1866,588,1,2
1866,589,1,2
1866,590,1,2
1866,591,1,2
1866,592,1,2
1866,593,1,2
1866,594,1,2
1866,595,1,2
1866,596,1,2
1866,597,1,2
1866,598,1,2
1866,599,1,2
1866,600,1,2
1866,601,1,2
1866,602,1,2
1866,603,1,2
1866,604,1,2
1866,605,1,2
1866,606,1,2
1866,607,1,2
1866,608,1,2
1866,609,1,2
1866,610,1,2
1866,611,1,2
1866,612,1,2
1866,613,1,2
1866,614,1,2
1866,615,1,2
1866,616,1,2
1866,617,1,2
1866,618,1,2
1866,619,1,2
1866,620,1,2
1866,621,1,2
1866,622,1,2
1866,623,1,2
1866,624,1,2
1866,625,1,2
1866,626,1,2
1866,627,1,2
1866,628,1,2
1866,629,1,2
1866,630,1,2
1866,631,1,2
1866,632,1,2
1866,633,1,2
1866,634,1,2
1866,635,1,2
1866,636,1,2
1866,637,1,2
1866,638,1,2
1866,639,1,2
1866,640,1,2
1866,641,1,2
1866,642,1,2
1866,643,1,2
1866,644,1,2
1866,645,1,2
1866,646,1,2
1866,647,1,2
1866,648,1,2
1866,649,1,2
1866,650,1,2
1866,651,1,2
1866,652,1,2
1867,119,1,2
1867,120,1,2
1867,121,1,2
1867,122,1,2
1867,123,1,2
1867,124,1,2
1867,125,1,2
1867,126,1,2
1867,127,1,2
1867,128,1,3
1867,129,1,3
1867,130,1,3
1867,131,1,3
1867,132,1,3
1867,133,1,3
1867,134,1,3
1867,135,1,3
1867,136,1,3
1867,137,1,3
1867,138,1,3
1867,139,1,3
1867,140,1,3
1867,141,1,3
1867,142,1,3
1867,143,1,3
1867,144,1,3
1867,145,1,3
1867,146,1,3
1867,147,1,3
1867,148,1,3
1867,149,1,2
1867,150,1,2
1867,151,1,2
1867,152,1,2
1867,153,1,2
1867,154,1,2
1867,155,1,2
1867,156,1,2
1867,157,1,2
1867,158,1,2
1867,159,1,2
1867,160,1,2
1867,161,1,2
1867,162,1,2
1867,163,1,2
1867,164,1,2
1867,165,1,2
1867,166,1,2
1867,167,1,2
1867,168,1,2
1867,169,1,2
1867,170,1,2
1867,171,1,2
1867,172,1,2
1867,173,1,2
1867,174,1,2
1867,175,1,2
1867,176,1,2
1867,177,1,2
1867,178,1,2
1867,179,1,2
1867,180,1,2
1867,181,1,2
1867,182,1,2
1867,183,1,2
1867,184,1,2
1867,185,1,2
1867,186,1,2
1867,187,1,2
1867,188,1,2
1867,189,1,2
1867,190,1,2
1867,191,1,2
1867,192,1,2
1867,193,1,2
1867,194,1,2
1867,195,1,2
1867,196,1,2
1867,197,1,2
1867,198,1,2
1867,199,1,2
1867,200,1,2
1867,201,1,2
1867,202,1,2
1867,203,1,2
1867,204,1,2
1867,205,1,2
1867,206,1,2
1867,207,1,2
1867,208,1,2
1867,209,1,2
1867,210,1,2
1867,211,1,2
1867,212,1,2
1867,213,1,2
1867,214,1,2
1867,215,1,2
1867,216,1,2
1867,217,1,2
1867,218,1,2
1867,219,1,2
1867,220,1,2
1867,221,1,2
1867,222,1,2
1867,223,1,2
1867,224,1,2
1867,225,1,2
1867,226,1,2
1867,227,1,2
1867,228,1,2
1867,229,1,2
1867,230,1,2
1867,231,1,2
1867,232,1,2
1867,233,1,2
1867,234,1,2
1867,235,1,2
1867,236,1,2
1867,237,1,2
1867,238,1,2
1867,239,1,2
1867,240,1,2
1867,241,1,2
1867,242,1,2
1867,243,1,2
1867,244,1,2
1867,245,1,2
1867,246,1,2
1867,247,1,2
1867,248,1,2
1867,249,1,2
1867,250,1,2
1867,251,1,2
1867,252,1,2
1867,253,1,2
1867,254,1,2
1867,255,1,2
1867,256,1,2
1867,257,1,2
1867,258,1,2
1867,259,1,2
1867,260,1,2
1867,261,1,2
1867,262,1,2
1867,263,1,2
1867,264,1,2
1867,265,1,2
1867,266,1,2
1867,267,1,2
1867,268,1,2
1867,269,1,2
1867,270,1,2
1867,271,1,2
1867,272,1,2
1867,273,1,2
1867,274,1,2
1867,275,1,2
1867,276,1,2
1867,277,1,2
1867,278,1,2
1867,279,1,2
1867,280,1,2
1867,281,1,2
1867,282,1,2
1867,283,1,2
1867,284,1,2
1867,285,1,2
1867,286,1,2
1867,287,1,2
1867,288,1,2
1867,289,1,2
1867,290,1,2
1867,291,1,2
1867,292,1,2
1867,293,1,2
1867,294,1,2
1867,295,1,2
1867,296,1,2
1867,297,1,2
1867,298,1,2
1867,299,1,2
1867,300,1,2
1867,301,1,2
1867,302,1,2
1867,303,1,2
1867,304,1,2
1867,305,1,2
1867,306,1,2
1867,307,1,2
1867,308,1,2
1867,309,1,2
1867,310,1,2
1867,311,1,2
1867,312,1,2
1867,313,1,2
1867,314,1,2
1867,315,1,2
1867,316,1,2
1867,317,1,2
1867,318,1,2
1867,319,1,2
1867,320,1,2
1867,321,1,2
1867,322,1,2
1867,323,1,2
1867,324,1,2
1867,325,1,2
1867,326,1,2
1867,327,1,2
1867,328,1,2
1867,329,1,2
1867,330,1,2
1867,331,1,2
1867,332,1,2
1867,333,1,2
1867,334,1,2
1867,335,1,2
1867,336,1,2
1867,337,1,2
1867,338,1,2
1867,339,1,2
1867,340,1,2
1867,341,1,2
1867,342,1,2
1867,343,1,2
1867,344,1,2
1867,345,1,2
1867,346,1,2
1867,347,1,2
1867,348,1,2
1867,349,1,2
1867,350,1,2
1867,351,1,2
1867,352,1,2
1867,353,1,2
1867,354,1,2
1867,355,1,2
1867,356,1,2
1867,357,1,2
1867,358,1,2
1867,359,1,2
1867,360,1,2
1867,361,1,2
1867,362,1,2
1867,363,1,2
1867,364,1,2
1867,365,1,2
1867,366,1,2
1867,367,1,2
1867,368,1,2
1867,369,1,2
1867,370,1,2
1867,371,1,2
1867,372,1,2
1867,373,1,2
1867,374,1,2
1867,375,1,2
1867,376,1,2
1867,377,1,2
1867,378,1,2
1867,379,1,2
1867,380,1,2
1867,381,1,2
1867,382,1,2
1867,383,1,2
1867,384,1,2
1867,385,1,2
1867,386,1,2
1867,387,1,2
1867,388,1,2
1867,389,1,2
1867,390,1,2
1867,391,1,2
1867,392,1,2
1867,393,1,2
1867,394,1,2
1867,395,1,2
1867,396,1,2
1867,397,1,2
1867,398,1,2
1867,399,1,2
1867,400,1,2
1867,401,1,2
1867,402,1,2
1867,403,1,2
1867,404,1,2
1867,405,1,2
1867,406,1,2
1867,407,1,2
1867,408,1,2
1867,409,1,2
1867,410,1,2
1867,411,1,2
1867,412,1,2
1867,413,1,2
1867,414,1,2
1867,415,1,2
1867,416,1,2
1867,417,1,2
1867,418,1,2
1867,419,1,2
1867,420,1,2
1867,421,1,2
1867,422,1,2
1867,423,1,2
1867,424,1,2
1867,425,1,2
1867,426,1,2
1867,427,1,2
1867,428,1,2
1867,429,1,2
1867,430,1,2
1867,431,1,2
1867,432,1,2
1867,433,1,2
1867,434,1,2
1867,435,1,2
1867,436,1,2
1867,437,1,2
1867,438,1,2
1867,439,1,2
1867,440,1,2
1867,441,1,2
1867,442,1,2
1867,443,1,2
1867,444,1,2
1867,445,1,2
1867,446,1,2
1867,447,1,2
1867,448,1,2
1867,449,1,2
1867,450,1,2
1867,451,1,2
1867,452,1,2
1867,453,1,2
1867,454,1,2
1867,455,1,2
1867,456,1,2
1867,457,1,2
1867,458,1,2
1867,459,1,2
1867,460,1,2
1867,461,1,2
1867,462,1,2
1867,463,1,2
1867,464,1,2
1867,465,1,2
1867,466,1,2
1867,467,1,2
1867,468,1,2
1867,469,1,2
1867,470,1,2
1867,471,1,2
1867,472,1,2
1867,473,1,2
1867,474,1,2
1867,475,1,2
1867,476,1,2
1867,477,1,2
1867,478,1,2
1867,479,1,2
1867,480,1,2
1867,481,1,2
1867,482,1,2
1867,483,1,2
1867,484,1,2
1867,485,1,2
1867,486,1,2
1867,487,1,2
1867,488,1,2
1867,489,1,2
1867,490,1,2
1867,491,1,2
1867,492,1,2
1867,493,1,2
1867,494,1,2
1867,495,1,2
1867,496,1,2
1867,497,1,2
1867,498,1,2
1867,499,1,2
1867,500,1,2
1867,501,1,2
1867,502,1,3
1867,503,1,3
1867,504,1,3
1867,505,1,3
1867,506,1,3
1867,507,1,3
1867,508,1,3
1867,509,1,3
1867,510,1,3
1867,511,1,3
1867,512,1,3
1867,513,1,3
1867,514,1,3
1867,515,1,3
1867,516,1,3
1867,517,1,3
1867,518,1,3
1867,519,1,3
1867,520,1,3
1867,521,1,3
1867,522,1,3
1867,523,1,3
1867,524,1,3
1867,525,1,3
1867,526,1,3
1867,527,1,3
1867,528,1,3
1867,529,1,3
1867,530,1,3
1867,531,1,3
1867,532,1,3
1867,533,1,3
1867,534,1,3
1867,535,1,3
1867,536,1,3
1867,537,1,3
1867,538,1,3
1867,539,1,3
1867,540,1,3
1867,541,1,3
1867,542,1,3
1867,543,1,3
1867,544,1,3
1867,545,1,3
1867,546,1,3
1867,547,1,3
1867,548,1,3
1867,549,1,3
1867,550,1,3
1867,551,1,3
1867,552,1,3
1867,553,1,3
1867,554,1,3
1867,555,1,3
1867,556,1,3
1867,557,1,3
1867,558,1,3
1867,559,1,3
1867,560,1,3
1867,561,1,3
1867,562,1,3
1867,563,1,3
1867,564,1,3
1867,565,1,3
1867,566,1,3
1867,567,1,3
1867,568,1,3
1867,569,1,3
1867,570,1,3
1867,571,1,3
1867,572,1,3
1867,573,1,3
1867,574,1,3
1867,575,1,3
1867,576,1,2
1867,577,1,2
1867,578,1,2
1867,579,1,2
1867,580,1,2
1867,581,1,2
1867,582,1,2
1867,583,1,2
1867,584,1,2
1867,585,1,2
1867,586,1,2
1867,587,1,2
1867,588,1,2
1867,589,1,2
1867,590,1,2
1867,591,1,2
1867,592,1,2
1867,593,1,2
1867,594,1,2
1867,595,1,2
1867,596,1,2
1867,597,1,2
1867,598,1,2
1867,599,1,2
1867,600,1,2
1867,601,1,2
1867,602,1,2
1867,603,1,2
1867,604,1,2
1867,605,1,2
1867,606,1,2
1867,607,1,2
1867,608,1,2
1867,609,1,2
1867,610,1,2
1867,611,1,2
1867,612,1,2
1867,613,1,2
1867,614,1,2
1867,615,1,2
1867,616,1,2
1867,617,1,2
1867,618,1,2
1867,619,1,2
1867,620,1,2
1867,621,1,2
1867,622,1,2
1867,623,1,2
1867,624,1,2
1867,625,1,2
1867,626,1,2
1867,627,1,2
1867,628,1,2
1867,629,1,2
1867,630,1,2
1867,631,1,2
1867,632,1,2
1867,633,1,2
1867,634,1,2
1867,635,1,2
1867,636,1,2
1867,637,1,2
1867,638,1,2
1867,639,1,2
1867,640,1,2
1867,641,1,2
1867,642,1,2
1867,643,1,2
1867,644,1,2
1867,645,1,2
1867,646,1,2
1867,647,1,2
1867,648,1,2
1867,649,1,2
1867,650,1,2
1867,651,1,2
1867,652,1,2
1867,653,1,2
1867,654,1,2
1867,657,1,2
1868,118,1,2
1868,119,1,2
1868,120,1,2
1868,121,1,2
1868,122,1,2
1868,123,1,2
1868,124,1,2
1868,125,1,2
1868,126,1,2
1868,127,1,3
1868,128,1,3
1868,129,1,3
1868,130,1,3
1868,131,1,3
1868,132,1,3
1868,133,1,3
1868,134,1,3
1868,135,1,3
1868,136,1,3
1868,137,1,3
1868,138,1,3
1868,139,1,3
1868,140,1,3
1868,141,1,3
1868,142,1,3
1868,143,1,3
1868,144,1,3
1868,145,1,3
1868,146,1,3
1868,147,1,3
1868,148,1,3
1868,149,1,2
1868,150,1,2
1868,151,1,2
1868,152,1,2
1868,153,1,2
1868,154,1,2
1868,155,1,2
1868,156,1,2
1868,157,1,2
1868,158,1,2
1868,159,1,2
1868,160,1,2
1868,161,1,2
1868,162,1,2
1868,163,1,2
1868,164,1,2
1868,165,1,2
1868,166,1,2
1868,167,1,2
1868,168,1,2
1868,169,1,2
1868,170,1,2
1868,171,1,2
1868,172,1,2
1868,173,1,2
1868,174,1,2
1868,175,1,2
1868,176,1,2
1868,177,1,2
1868,178,1,2
1868,179,1,2
1868,180,1,2
1868,181,1,2
1868,182,1,2
1868,183,1,2
1868,184,1,2
1868,185,1,2
1868,186,1,2
1868,187,1,2
1868,188,1,2
1868,189,1,2
1868,190,1,2
1868,191,1,2
1868,192,1,2
1868,193,1,2
1868,194,1,2
1868,195,1,2
1868,196,1,2
1868,197,1,2
1868,198,1,2
1868,199,1,2
1868,200,1,2
1868,201,1,2
1868,202,1,2
1868,203,1,2
1868,204,1,2
1868,205,1,2
1868,206,1,2
1868,207,1,2
1868,208,1,2
1868,209,1,2
1868,210,1,2
1868,211,1,2
1868,212,1,2
1868,213,1,2
1868,214,1,2
1868,215,1,2
1868,216,1,2
1868,217,1,2
1868,218,1,2
1868,219,1,2
1868,220,1,2
1868,221,1,2
1868,222,1,2
1868,223,1,2
1868,224,1,2
1868,225,1,2
1868,226,1,2
1868,227,1,2
1868,228,1,2
1868,229,1,2
1868,230,1,2
1868,231,1,2
1868,232,1,2
1868,233,1,2
1868,234,1,2
1868,235,1,2
1868,236,1,2
1868,237,1,2
1868,238,1,2
1868,239,1,2
1868,240,1,2
1868,241,1,2
1868,242,1,2
1868,243,1,2
1868,244,1,2
1868,245,1,2
1868,246,1,2
1868,247,1,2
1868,248,1,2
1868,249,1,2
1868,250,1,2
1868,251,1,2
1868,252,1,2
1868,253,1,2
1868,254,1,2
1868,255,1,2
1868,256,1,2
1868,257,1,2
1868,258,1,2
1868,259,1,2
1868,260,1,2
1868,261,1,2
1868,262,1,2
1868,263,1,2
1868,264,1,2
1868,265,1,2
1868,266,1,2
1868,267,1,2
1868,268,1,2
1868,269,1,2
1868,270,1,2
1868,271,1,2
1868,272,1,2
1868,273,1,2
1868,274,1,2
1868,275,1,2
1868,276,1,2
1868,277,1,2
1868,278,1,2
1868,279,1,2
1868,280,1,2
1868,281,1,2
1868,282,1,2
1868,283,1,2
1868,284,1,2
1868,285,1,2
1868,286,1,2
1868,287,1,2
1868,288,1,2
1868,289,1,2
1868,290,1,2
1868,291,1,2
1868,292,1,2
1868,293,1,2
1868,294,1,2
1868,295,1,2
1868,296,1,2
1868,297,1,2
1868,298,1,2
1868,299,1,2
1868,300,1,2
1868,301,1,2
1868,302,1,2
1868,303,1,2
1868,304,1,2
1868,305,1,2
1868,306,1,2
1868,307,1,2
1868,308,1,2
1868,309,1,2
1868,310,1,2
1868,311,1,2
1868,312,1,2
1868,313,1,2
1868,314,1,2
1868,315,1,2
1868,316,1,2
1868,317,1,2
1868,318,1,2
1868,319,1,2
1868,320,1,2
1868,321,1,2
1868,322,1,2
1868,323,1,2
1868,324,1,2
1868,325,1,2
1868,326,1,2
1868,327,1,2
1868,328,1,2
1868,329,1,2
1868,330,1,2
1868,331,1,2
1868,332,1,2
1868,333,1,2
1868,334,1,2
1868,335,1,2
1868,336,1,2
1868,337,1,2
1868,338,1,2
1868,339,1,2
1868,340,1,2
1868,341,1,2
1868,342,1,2
1868,343,1,2
1868,344,1,2
1868,345,1,2
1868,346,1,2
1868,347,1,2
1868,348,1,2
1868,349,1,2
1868,350,1,2
1868,351,1,2
1868,352,1,2
1868,353,1,2
1868,354,1,2
1868,355,1,2
1868,356,1,2
1868,357,1,2
1868,358,1,2
1868,359,1,2
1868,360,1,2
1868,361,1,2
1868,362,1,2
1868,363,1,2
1868,364,1,2
1868,365,1,2
1868,366,1,2
1868,367,1,2
1868,368,1,2
1868,369,1,2
1868,370,1,2
1868,371,1,2
1868,372,1,2
1868,373,1,2
1868,374,1,2
1868,375,1,2
1868,376,1,2
1868,377,1,2
1868,378,1,2
1868,379,1,2
1868,380,1,2
1868,381,1,2
1868,382,1,2
1868,383,1,2
1868,384,1,2
1868,385,1,2
1868,386,1,2
1868,387,1,2
1868,388,1,2
1868,389,1,2
1868,390,1,2
1868,391,1,2
1868,392,1,2
1868,393,1,2
1868,394,1,2
1868,395,1,2
1868,396,1,2
1868,397,1,2
1868,398,1,2
1868,399,1,2
1868,400,1,2
1868,401,1,2
1868,402,1,2
1868,403,1,2
1868,404,1,2
1868,405,1,2
1868,406,1,2
1868,407,1,2
1868,408,1,2
1868,409,1,2
1868,410,1,2
1868,411,1,2
1868,412,1,2
1868,413,1,2
1868,414,1,2
1868,415,1,2
1868,416,1,2
1868,417,1,2
1868,418,1,2
1868,419,1,2
1868,420,1,2
1868,421,1,2
1868,422,1,2
1868,423,1,2
1868,424,1,2
1868,425,1,2
1868,426,1,2
1868,427,1,2
1868,428,1,2
1868,429,1,2
1868,430,1,2
1868,431,1,2
1868,432,1,2
1868,433,1,2
1868,434,1,2
1868,435,1,2
1868,436,1,2
1868,437,1,2
1868,438,1,2
1868,439,1,2
1868,440,1,2
1868,441,1,2
1868,442,1,2
1868,443,1,2
1868,444,1,2
1868,445,1,2
1868,446,1,2
1868,447,1,2
1868,448,1,2
1868,449,1,2
1868,450,1,2
1868,451,1,2
1868,452,1,2
1868,453,1,2
1868,454,1,2
1868,455,1,2
1868,456,1,2
1868,457,1,2
1868,458,1,2
1868,459,1,2
1868,460,1,2
1868,461,1,2
1868,462,1,2
1868,463,1,2
1868,464,1,2
1868,465,1,2
1868,466,1,2
1868,467,1,2
1868,468,1,2
1868,469,1,2
1868,470,1,2
1868,471,1,2
1868,472,1,2
1868,473,1,2
1868,474,1,2
1868,475,1,2
1868,476,1,2
1868,477,1,2
1868,478,1,2
1868,479,1,2
1868,480,1,2
1868,481,1,2
1868,482,1,2
1868,483,1,2
1868,484,1,2
1868,485,1,2
1868,486,1,2
1868,487,1,2
1868,488,1,2
1868,489,1,2
1868,490,1,2
1868,491,1,2
1868,492,1,2
1868,493,1,2
1868,494,1,2
1868,495,1,2
1868,496,1,2
1868,497,1,2
1868,498,1,2
1868,499,1,2
1868,500,1,2
1868,501,1,2
1868,502,1,3
1868,503,1,3
1868,504,1,3
1868,505,1,3
1868,506,1,3
1868,507,1,3
1868,508,1,3
1868,509,1,3
1868,510,1,3
1868,511,1,3
1868,512,1,3
1868,513,1,3
1868,514,1,3
1868,515,1,3
1868,516,1,3
1868,517,1,3
1868,518,1,3
1868,519,1,3
1868,520,1,3
1868,521,1,3
1868,522,1,3
1868,523,1,3
1868,524,1,3
1868,525,1,3
1868,526,1,3
1868,527,1,3
1868,528,1,3
1868,529,1,3
1868,530,1,3
1868,531,1,3
1868,532,1,3
1868,533,1,3
1868,534,1,3
1868,535,1,3
1868,536,1,3
1868,537,1,3
1868,538,1,3
1868,539,1,3
1868,540,1,3
1868,541,1,3
1868,542,1,3
1868,543,1,3
1868,544,1,3
1868,545,1,3
1868,546,1,3
1868,547,1,3
1868,548,1,3
1868,549,1,3
1868,550,1,3
1868,551,1,3
1868,552,1,3
1868,553,1,3
1868,554,1,3
1868,555,1,3
1868,556,1,3
1868,557,1,3
1868,558,1,3
1868,559,1,3
1868,560,1,3
1868,561,1,3
1868,562,1,3
1868,563,1,3
1868,564,1,3
1868,565,1,3
1868,566,1,3
1868,567,1,3
1868,568,1,3
1868,569,1,3
1868,570,1,3
1868,571,1,3
1868,572,1,3
1868,573,1,3
1868,574,1,3
1868,575,1,3
1868,576,1,3
1868,577,1,2
1868,578,1,2
1868,579,1,2
1868,580,1,2
1868,581,1,2
1868,582,1,2
1868,583,1,2
1868,584,1,2
1868,585,1,2
1868,586,1,2
1868,587,1,2
1868,588,1,2
1868,589,1,2
1868,590,1,2
1868,591,1,2
1868,592,1,2
1868,593,1,2
1868,594,1,2
1868,595,1,2
1868,596,1,2
1868,597,1,2
1868,598,1,2
1868,599,1,2
1868,600,1,2
1868,601,1,2
1868,602,1,2
1868,603,1,2
1868,604,1,2
1868,605,1,2
1868,606,1,2
1868,607,1,2
1868,608,1,2
1868,609,1,2
1868,610,1,2
1868,611,1,2
1868,612,1,2
1868,613,1,2
1868,614,1,2
1868,615,1,2
1868,616,1,2
1868,617,1,2
1868,618,1,2
1868,619,1,2
1868,620,1,2
1868,621,1,2
1868,622,1,2
1868,623,1,2
1868,624,1,2
1868,625,1,2
1868,626,1,2
1868,627,1,2
1868,628,1,2
1868,629,1,2
1868,630,1,2
1868,631,1,2
1868,632,1,2
1868,633,1,2
1868,634,1,2
1868,635,1,2
1868,636,1,2
1868,637,1,2
1868,638,1,2
1868,639,1,2
1868,640,1,2
1868,641,1,2
1868,642,1,2
1868,643,1,2
1868,644,1,2
1868,645,1,2
1868,646,1,2
1868,647,1,2
1868,648,1,2
1868,649,1,2
1868,650,1,2
1868,651,1,2
1868,652,1,2
1868,653,1,2
1868,654,1,2
1869,118,1,2
1869,119,1,2
1869,120,1,2
1869,121,1,2
1869,122,1,2
1869,123,1,2
1869,124,1,2
1869,125,1,2
1869,126,1,3
1869,127,1,3
1869,128,1,3
1869,129,1,3
1869,130,1,3
1869,131,1,3
1869,132,1,3
1869,133,1,3
1869,134,1,3
1869,135,1,3
1869,136,1,3
1869,137,1,3
1869,138,1,3
1869,139,1,3
1869,140,1,3
1869,141,1,3
1869,142,1,3
1869,143,1,3
1869,144,1,3
1869,145,1,3
1869,146,1,3
1869,147,1,3
1869,148,1,3
1869,149,1,2
1869,150,1,2
1869,151,1,2
1869,152,1,2
1869,153,1,2
1869,154,1,2
1869,155,1,2
1869,156,1,2
1869,157,1,2
1869,158,1,2
1869,159,1,2
1869,160,1,2
1869,161,1,2
1869,162,1,2
1869,163,1,2
1869,164,1,2
1869,165,1,2
1869,166,1,2
1869,167,1,2
1869,168,1,2
1869,169,1,2
1869,170,1,2
1869,171,1,2
1869,172,1,2
1869,173,1,2
1869,174,1,2
1869,175,1,2
1869,176,1,2
1869,177,1,2
1869,178,1,2
1869,179,1,2
1869,180,1,2
1869,181,1,2
1869,182,1,2
1869,183,1,2
1869,184,1,2
1869,185,1,2
1869,186,1,2
1869,187,1,2
1869,188,1,2
1869,189,1,2
1869,190,1,2
1869,191,1,2
1869,192,1,2
1869,193,1,2
1869,194,1,2
1869,195,1,2
1869,196,1,2
1869,197,1,2
1869,198,1,2
1869,199,1,2
1869,200,1,2
1869,201,1,2
1869,202,1,2
1869,203,1,2
1869,204,1,2
1869,205,1,2
1869,206,1,2
1869,207,1,2
1869,208,1,2
1869,209,1,2
1869,210,1,2
1869,211,1,2
1869,212,1,2
1869,213,1,2
1869,214,1,2
1869,215,1,2
1869,216,1,2
1869,217,1,2
1869,218,1,2
1869,219,1,2
1869,220,1,2
1869,221,1,2
1869,222,1,2
1869,223,1,2
1869,224,1,2
1869,225,1,2
1869,226,1,2
1869,227,1,2
1869,228,1,2
1869,229,1,2
1869,230,1,2
1869,231,1,2
1869,232,1,2
1869,233,1,2
1869,234,1,2
1869,235,1,2
1869,236,1,2
1869,237,1,2
1869,238,1,2
1869,239,1,2
1869,240,1,2
1869,241,1,2
1869,242,1,2
1869,243,1,2
1869,244,1,2
1869,245,1,2
1869,246,1,2
1869,247,1,2
1869,248,1,2
1869,249,1,2
1869,250,1,2
1869,251,1,2
1869,252,1,2
1869,253,1,2
1869,254,1,2
1869,255,1,2
1869,256,1,2
1869,257,1,2
1869,258,1,2
1869,259,1,2
1869,260,1,2
1869,261,1,2
1869,262,1,2
1869,263,1,2
1869,264,1,2
1869,265,1,2
1869,266,1,2
1869,267,1,2
1869,268,1,2
1869,269,1,2
1869,270,1,2
1869,271,1,2
1869,272,1,2
1869,273,1,2
1869,274,1,2
1869,275,1,2
1869,276,1,2
1869,277,1,2
1869,278,1,2
1869,279,1,2
1869,280,1,2
1869,281,1,2
1869,282,1,2
1869,283,1,2
1869,284,1,2
1869,285,1,2
1869,286,1,2
1869,287,1,2
1869,288,1,2
1869,289,1,2
1869,290,1,2
1869,291,1,2
1869,292,1,2
1869,293,1,2
1869,294,1,2
1869,295,1,2
1869,296,1,2
1869,297,1,2
1869,298,1,2
1869,299,1,2
1869,300,1,2
1869,301,1,2
1869,302,1,2
1869,303,1,2
1869,304,1,2
1869,305,1,2
1869,306,1,2
1869,307,1,2
1869,308,1,2
1869,309,1,2
1869,310,1,2
1869,311,1,2
1869,312,1,2
1869,313,1,2
1869,314,1,2
1869,315,1,2
1869,316,1,2
1869,317,1,2
1869,318,1,2
1869,319,1,2
1869,320,1,2
1869,321,1,2
1869,322,1,2
1869,323,1,2
1869,324,1,2
1869,325,1,2
1869,326,1,2
1869,327,1,2
1869,328,1,2
1869,329,1,2
1869,330,1,2
1869,331,1,2
1869,332,1,2
1869,333,1,2
1869,334,1,2
1869,335,1,2
1869,336,1,2
1869,337,1,2
1869,338,1,2
1869,339,1,2
1869,340,1,2
1869,341,1,2
1869,342,1,2
1869,343,1,2
1869,344,1,2
1869,345,1,2
1869,346,1,2
1869,347,1,2
1869,348,1,2
1869,349,1,2
1869,350,1,2
1869,351,1,2
1869,352,1,2
1869,353,1,2
1869,354,1,2
1869,355,1,2
1869,356,1,2
1869,357,1,2
1869,358,1,2
1869,359,1,2
1869,360,1,2
1869,361,1,2
1869,362,1,2
1869,363,1,2
1869,364,1,2
1869,365,1,2
1869,366,1,2
1869,367,1,2
1869,368,1,2
1869,369,1,2
1869,370,1,2
1869,371,1,2
1869,372,1,2
1869,373,1,2
1869,374,1,2
1869,375,1,2
1869,376,1,2
1869,377,1,2
1869,378,1,2
1869,379,1,2
1869,380,1,2
1869,381,1,2
1869,382,1,2
1869,383,1,2
1869,384,1,2
1869,385,1,2
1869,386,1,2
1869,387,1,2
1869,388,1,2
1869,389,1,2
1869,390,1,2
1869,391,1,2
1869,392,1,2
1869,393,1,2
1869,394,1,2
1869,395,1,2
1869,396,1,2
1869,397,1,2
1869,398,1,2
1869,399,1,2
1869,400,1,2
1869,401,1,2
1869,402,1,2
1869,403,1,2
1869,404,1,2
1869,405,1,2
1869,406,1,2
1869,407,1,2
1869,408,1,2
1869,409,1,2
1869,410,1,2
1869,411,1,2
1869,412,1,2
1869,413,1,2
1869,414,1,2
1869,415,1,2
1869,416,1,2
1869,417,1,2
1869,418,1,2
1869,419,1,2
1869,420,1,2
1869,421,1,2
1869,422,1,2
1869,423,1,2
1869,424,1,2
1869,425,1,2
1869,426,1,2
1869,427,1,2
1869,428,1,2
1869,429,1,2
1869,430,1,2
1869,431,1,2
1869,432,1,2
1869,433,1,2
1869,434,1,2
1869,435,1,2
1869,436,1,2
1869,437,1,2
1869,438,1,2
1869,439,1,2
1869,440,1,2
1869,441,1,2
1869,442,1,2
1869,443,1,2
1869,444,1,2
1869,445,1,2
1869,446,1,2
1869,447,1,2
1869,448,1,2
1869,449,1,2
1869,450,1,2
1869,451,1,2
1869,452,1,2
1869,453,1,2
1869,454,1,2
1869,455,1,2
1869,456,1,2
1869,457,1,2
1869,458,1,2
1869,459,1,2
1869,460,1,2
1869,461,1,2
1869,462,1,2
1869,463,1,2
1869,464,1,2
1869,465,1,2
1869,466,1,2
1869,467,1,2
1869,468,1,2
1869,469,1,2
1869,470,1,2
1869,471,1,2
1869,472,1,2
1869,473,1,2
1869,474,1,2
1869,475,1,2
1869,476,1,2
1869,477,1,2
1869,478,1,2
1869,479,1,2
1869,480,1,2
1869,481,1,2
1869,482,1,2
1869,483,1,2
1869,484,1,2
1869,485,1,2
1869,486,1,2
1869,487,1,2
1869,488,1,2
1869,489,1,2
1869,490,1,2
1869,491,1,2
1869,492,1,2
1869,493,1,2
1869,494,1,2
1869,495,1,2
1869,496,1,2
1869,497,1,2
1869,498,1,2
1869,499,1,2
1869,500,1,2
1869,501,1,2
1869,502,1,3
1869,503,1,3
1869,504,1,3
1869,505,1,3
1869,506,1,3
1869,507,1,3
1869,508,1,3
1869,509,1,3
1869,510,1,3
1869,511,1,3
1869,512,1,3
1869,513,1,3
1869,514,1,3
1869,515,1,3
1869,516,1,3
1869,517,1,3
1869,518,1,3
1869,519,1,3
1869,520,1,3
1869,521,1,3
1869,522,1,3
1869,523,1,3
1869,524,1,3
1869,525,1,3
1869,526,1,3
1869,527,1,3
1869,528,1,3
1869,529,1,3
1869,530,1,3
1869,531,1,3
1869,532,1,3
1869,533,1,3
1869,534,1,3
1869,535,1,3
1869,536,1,3
1869,537,1,3
1869,538,1,3
1869,539,1,3
1869,540,1,3
1869,541,1,3
1869,542,1,3
1869,543,1,3
1869,544,1,3
1869,545,1,3
1869,546,1,3
1869,547,1,3
1869,548,1,3
1869,549,1,3
1869,550,1,3
1869,551,1,3
1869,552,1,3
1869,553,1,3
1869,554,1,3
1869,555,1,3
1869,556,1,3
1869,557,1,3
1869,558,1,3
1869,559,1,3
1869,560,1,3
1869,561,1,3
1869,562,1,3
1869,563,1,3
1869,564,1,3
1869,565,1,3
1869,566,1,3
1869,567,1,3
1869,568,1,3
1869,569,1,3
1869,570,1,3
1869,571,1,3
1869,572,1,3
1869,573,1,3
1869,574,1,3
1869,575,1,3
1869,576,1,3
1869,577,1,2
1869,578,1,2
1869,579,1,2
1869,580,1,2
1869,581,1,2
1869,582,1,2
1869,583,1,2
1869,584,1,2
1869,585,1,2
1869,586,1,2
1869,587,1,2
1869,588,1,2
1869,589,1,2
1869,590,1,2
1869,591,1,2
1869,592,1,2
1869,593,1,2
1869,594,1,2
1869,595,1,2
1869,596,1,2
1869,597,1,2
1869,598,1,2
1869,599,1,2
1869,600,1,2
1869,601,1,2
1869,602,1,2
1869,603,1,2
1869,604,1,2
1869,605,1,2
1869,606,1,2
1869,607,1,2
1869,608,1,2
1869,609,1,2
1869,610,1,2
1869,611,1,2
1869,612,1,2
1869,613,1,2
1869,614,1,2
1869,615,1,2
1869,616,1,2
1869,617,1,2
1869,618,1,2
1869,619,1,2
1869,620,1,2
1869,621,1,2
1869,622,1,2
1869,623,1,2
1869,624,1,2
1869,625,1,2
1869,626,1,2
1869,627,1,2
1869,628,1,2
1869,629,1,2
1869,630,1,2
1869,631,1,2
1869,632,1,2
1869,633,1,2
1869,634,1,2
1869,635,1,2
1869,636,1,2
1869,637,1,2
1869,638,1,2
1869,639,1,2
1869,640,1,2
1869,641,1,2
1869,642,1,2
1869,643,1,2
1869,644,1,2
1869,645,1,2
1869,646,1,2
1869,647,1,2
1869,648,1,2
1869,649,1,2
1869,650,1,2
1869,651,1,2
1869,652,1,2
1869,653,1,2
1869,654,1,2
1869,655,1,2
1869,656,1,2
1870,117,1,2
1870,118,1,2
1870,119,1,2
1870,120,1,2
1870,121,1,2
1870,122,1,2
1870,123,1,2
1870,124,1,2
1870,125,1,2
1870,126,1,2
1870,127,1,3
1870,128,1,3
1870,129,1,3
1870,130,1,3
1870,131,1,3
1870,132,1,3
1870,133,1,3
1870,134,1,3
1870,135,1,3
1870,136,1,3
1870,137,1,3
1870,138,1,3
1870,139,1,3
1870,140,1,3
1870,141,1,3
1870,142,1,3
1870,143,1,3
1870,144,1,3
1870,145,1,3
1870,146,1,3
1870,147,1,3
1870,148,1,3
1870,149,1,2
1870,150,1,2
1870,151,1,2
1870,152,1,2
1870,153,1,2
1870,154,1,2
1870,155,1,2
1870,156,1,2
1870,157,1,2
1870,158,1,2
1870,159,1,2
1870,160,1,2
1870,161,1,2
1870,162,1,2
1870,163,1,2
1870,164,1,2
1870,165,1,2
1870,166,1,2
1870,167,1,2
1870,168,1,2
1870,169,1,2
1870,170,1,2
1870,171,1,2
1870,172,1,2
1870,173,1,2
1870,174,1,2
1870,175,1,2
1870,176,1,2
1870,177,1,2
1870,178,1,2
1870,179,1,2
1870,180,1,2
1870,181,1,2
1870,182,1,2
1870,183,1,2
1870,184,1,2
1870,185,1,2
1870,186,1,2
1870,187,1,2
1870,188,1,2
1870,189,1,2
1870,190,1,2
1870,191,1,2
1870,192,1,2
1870,193,1,2
1870,194,1,2
1870,195,1,2
1870,196,1,2
1870,197,1,2
1870,198,1,2
1870,199,1,2
1870,200,1,2
1870,201,1,2
1870,202,1,2
1870,203,1,2
1870,204,1,2
1870,205,1,2
1870,206,1,2
1870,207,1,2
1870,208,1,2
1870,209,1,2
1870,210,1,2
1870,211,1,2
1870,212,1,2
1870,213,1,2
1870,214,1,2
1870,215,1,2
1870,216,1,2
1870,217,1,2
1870,218,1,2
1870,219,1,2
1870,220,1,2
1870,221,1,2
1870,222,1,2
1870,223,1,2
1870,224,1,2
1870,225,1,2
1870,226,1,2
1870,227,1,2
1870,228,1,2
1870,229,1,2
1870,230,1,2
1870,231,1,2
1870,232,1,2
1870,233,1,2
1870,234,1,2
1870,235,1,2
1870,236,1,2
1870,237,1,2
1870,238,1,2
1870,239,1,2
1870,240,1,2
1870,241,1,2
1870,242,1,2
1870,243,1,2
1870,244,1,2
1870,245,1,2
1870,246,1,2
1870,247,1,2
1870,248,1,2
1870,249,1,2
1870,250,1,2
1870,251,1,2
1870,252,1,2
1870,253,1,2
1870,254,1,2
1870,255,1,2
1870,256,1,2
1870,257,1,2
1870,258,1,2
1870,259,1,2
1870,260,1,2
1870,261,1,2
1870,262,1,2
1870,263,1,2
1870,264,1,2
1870,265,1,2
1870,266,1,2
1870,267,1,2
1870,268,1,2
1870,269,1,2
1870,270,1,2
1870,271,1,2
1870,272,1,2
1870,273,1,2
1870,274,1,2
1870,275,1,2
1870,276,1,2
1870,277,1,2
1870,278,1,2
1870,279,1,2
1870,280,1,2
1870,281,1,2
1870,282,1,2
1870,283,1,2
1870,284,1,2
1870,285,1,2
1870,286,1,2
1870,287,1,2
1870,288,1,2
1870,289,1,2
1870,290,1,2
1870,291,1,2
1870,292,1,2
1870,293,1,2
1870,294,1,2
1870,295,1,2
1870,296,1,2
1870,297,1,2
1870,298,1,2
1870,299,1,2
1870,300,1,2
1870,301,1,2
1870,302,1,2
1870,303,1,2
1870,304,1,2
1870,305,1,2
1870,306,1,2
1870,307,1,2
1870,308,1,2
1870,309,1,2
1870,310,1,2
1870,311,1,2
1870,312,1,2
1870,313,1,2
1870,314,1,2
1870,315,1,2
1870,316,1,2
1870,317,1,2
1870,318,1,2
1870,319,1,2
1870,320,1,2
1870,321,1,2
1870,322,1,2
1870,323,1,2
1870,324,1,2
1870,325,1,2
1870,326,1,2
1870,327,1,2
1870,328,1,2
1870,329,1,2
1870,330,1,2
1870,331,1,2
1870,332,1,2
1870,333,1,2
1870,334,1,2
1870,335,1,2
1870,336,1,2
1870,337,1,2
1870,338,1,2
1870,339,1,2
1870,340,1,2
1870,341,1,2
1870,342,1,2
1870,343,1,2
1870,344,1,2
1870,345,1,2
1870,346,1,2
1870,347,1,2
1870,348,1,2
1870,349,1,2
1870,350,1,2
1870,351,1,2
1870,352,1,2
1870,353,1,2
1870,354,1,2
1870,355,1,2
1870,356,1,2
1870,357,1,2
1870,358,1,2
1870,359,1,2
1870,360,1,2
1870,361,1,2
1870,362,1,2
1870,363,1,2
1870,364,1,2
1870,365,1,2
1870,366,1,2
1870,367,1,2
1870,368,1,2
1870,369,1,2
1870,370,1,2
1870,371,1,2
1870,372,1,2
1870,373,1,2
1870,374,1,2
1870,375,1,2
1870,376,1,2
1870,377,1,2
1870,378,1,2
1870,379,1,2
1870,380,1,2
1870,381,1,2
1870,382,1,2
1870,383,1,2
1870,384,1,2
1870,385,1,2
1870,386,1,2
1870,387,1,2
1870,388,1,2
1870,389,1,2
1870,390,1,2
1870,391,1,2
1870,392,1,2
1870,393,1,2
1870,394,1,2
1870,395,1,2
1870,396,1,2
1870,397,1,2
1870,398,1,2
1870,399,1,2
1870,400,1,2
1870,401,1,2
1870,402,1,2
1870,403,1,2
1870,404,1,2
1870,405,1,2
1870,406,1,2
1870,407,1,2
1870,408,1,2
1870,409,1,2
1870,410,1,2
1870,411,1,2
1870,412,1,2
1870,413,1,2
1870,414,1,2
1870,415,1,2
1870,416,1,2
1870,417,1,2
1870,418,1,2
1870,419,1,2
1870,420,1,2
1870,421,1,2
1870,422,1,2
1870,423,1,2
1870,424,1,2
1870,425,1,2
1870,426,1,2
1870,427,1,2
1870,428,1,2
1870,429,1,2
1870,430,1,2
1870,431,1,2
1870,432,1,2
1870,433,1,2
1870,434,1,2
1870,435,1,2
1870,436,1,2
1870,437,1,2
1870,438,1,2
1870,439,1,2
1870,440,1,2
1870,441,1,2
1870,442,1,2
1870,443,1,2
1870,444,1,2
1870,445,1,2
1870,446,1,2
1870,447,1,2
1870,448,1,2
1870,449,1,2
1870,450,1,2
1870,451,1,2
1870,452,1,2
1870,453,1,2
1870,454,1,2
1870,455,1,2
1870,456,1,2
1870,457,1,2
1870,458,1,2
1870,459,1,2
1870,460,1,2
1870,461,1,2
1870,462,1,2
1870,463,1,2
1870,464,1,2
1870,465,1,2
1870,466,1,2
1870,467,1,2
1870,468,1,2
1870,469,1,2
1870,470,1,2
1870,471,1,2
1870,472,1,2
1870,473,1,2
1870,474,1,2
1870,475,1,2
1870,476,1,2
1870,477,1,2
1870,478,1,2
1870,479,1,2
1870,480,1,2
1870,481,1,2
1870,482,1,2
1870,483,1,2
1870,484,1,2
1870,485,1,2
1870,486,1,2
1870,487,1,2
1870,488,1,2
1870,489,1,2
1870,490,1,2
1870,491,1,2
1870,492,1,2
1870,493,1,2
1870,494,1,2
1870,495,1,2
1870,496,1,2
1870,497,1,2
1870,498,1,2
1870,499,1,2
1870,500,1,2
1870,501,1,2
1870,502,1,3
1870,503,1,3
1870,504,1,3
1870,505,1,3
1870,506,1,3
1870,507,1,3
1870,508,1,3
1870,509,1,3
1870,510,1,3
1870,511,1,3
1870,512,1,3
1870,513,1,3
1870,514,1,3
1870,515,1,3
1870,516,1,3
1870,517,1,3
1870,518,1,3
1870,519,1,3
1870,520,1,3
1870,521,1,3
1870,522,1,3
1870,523,1,3
1870,524,1,3
1870,525,1,3
1870,526,1,3
1870,527,1,3
1870,528,1,3
1870,529,1,3
1870,530,1,3
1870,531,1,3
1870,532,1,3
1870,533,1,3
1870,534,1,3
1870,535,1,3
1870,536,1,3
1870,537,1,3
1870,538,1,3
1870,539,1,3
1870,540,1,3
1870,541,1,3
1870,542,1,3
1870,543,1,3
1870,544,1,3
1870,545,1,3
1870,546,1,3
1870,547,1,3
1870,548,1,3
1870,549,1,3
1870,550,1,3
1870,551,1,3
1870,552,1,3
1870,553,1,3
1870,554,1,3
1870,555,1,3
1870,556,1,3
1870,557,1,3
1870,558,1,3
1870,559,1,3
1870,560,1,3
1870,561,1,3
1870,562,1,3
1870,563,1,3
1870,564,1,3
1870,565,1,3
1870,566,1,3
1870,567,1,3
1870,568,1,3
1870,569,1,3
1870,570,1,3
1870,571,1,3
1870,572,1,3
1870,573,1,3
1870,574,1,3
1870,575,1,3
1870,576,1,3
1870,577,1,2
1870,578,1,2
1870,579,1,2
1870,580,1,2
1870,581,1,2
1870,582,1,2
1870,583,1,2
1870,584,1,2
1870,585,1,2
1870,586,1,2
1870,587,1,2
1870,588,1,2
1870,589,1,2
1870,590,1,2
1870,591,1,2
1870,592,1,2
1870,593,1,2
1870,594,1,2
1870,595,1,2
1870,596,1,2
1870,597,1,2
1870,598,1,2
1870,599,1,2
1870,600,1,2
1870,601,1,2
1870,602,1,2
1870,603,1,2
1870,604,1,2
1870,605,1,2
1870,606,1,2
1870,607,1,2
1870,608,1,2
1870,609,1,2
1870,610,1,2
1870,611,1,2
1870,612,1,2
1870,613,1,2
1870,614,1,2
1870,615,1,2
1870,616,1,2
1870,617,1,2
1870,618,1,2
1870,619,1,2
1870,620,1,2
1870,621,1,2
1870,622,1,2
1870,623,1,2
1870,624,1,2
1870,625,1,2
1870,626,1,2
1870,627,1,2
1870,628,1,2
1870,629,1,2
1870,630,1,2
1870,631,1,2
1870,632,1,2
1870,633,1,2
1870,634,1,2
1870,635,1,2
1870,636,1,2
1870,637,1,2
1870,638,1,2
1870,639,1,2
1870,640,1,2
1870,641,1,2
1870,642,1,2
1870,643,1,2
1870,644,1,2
1870,645,1,2
1870,646,1,2
1870,647,1,2
1870,648,1,2
1870,649,1,2
1870,650,1,2
1870,651,1,2
1870,652,1,2
1870,653,1,2
1870,654,1,2
1870,655,1,2
1870,656,1,2
1871,117,1,2
1871,118,1,2
1871,119,1,2
1871,120,1,2
1871,121,1,2
1871,122,1,2
1871,123,1,2
1871,124,1,2
1871,125,1,2
1871,126,1,3
1871,127,1,3
1871,128,1,3
1871,129,1,3
1871,130,1,3
1871,131,1,3
1871,132,1,3
1871,133,1,3
1871,134,1,3
1871,135,1,3
1871,136,1,3
1871,137,1,3
1871,138,1,3
1871,139,1,3
1871,140,1,3
1871,141,1,3
1871,142,1,3
1871,143,1,3
1871,144,1,3
1871,145,1,3
1871,146,1,3
1871,147,1,3
1871,148,1,3
1871,149,1,2
1871,150,1,2
1871,151,1,2
1871,152,1,2
1871,153,1,2
1871,154,1,2
1871,155,1,2
1871,156,1,2
1871,157,1,2
1871,158,1,2
1871,159,1,2
1871,160,1,2
1871,161,1,2
1871,162,1,2
1871,163,1,2
1871,164,1,2
1871,165,1,2
1871,166,1,2
1871,167,1,2
1871,168,1,2
1871,169,1,2
1871,170,1,2
1871,171,1,2
1871,172,1,2
1871,173,1,2
1871,174,1,2
1871,175,1,2
1871,176,1,2
1871,177,1,2
1871,178,1,2
1871,179,1,2
1871,180,1,2
1871,181,1,2
1871,182,1,2
1871,183,1,2
1871,184,1,2
1871,185,1,2
1871,186,1,2
1871,187,1,2
1871,188,1,2
1871,189,1,2
1871,190,1,2
1871,191,1,2
1871,192,1,2
1871,193,1,2
1871,194,1,2
1871,195,1,2
1871,196,1,2
1871,197,1,2
1871,198,1,2
1871,199,1,2
1871,200,1,2
1871,201,1,2
1871,202,1,2
1871,203,1,2
1871,204,1,2
1871,205,1,2
1871,206,1,2
1871,207,1,2
1871,208,1,2
1871,209,1,2
1871,210,1,2
1871,211,1,2
1871,212,1,2
1871,213,1,2
1871,214,1,2
1871,215,1,2
1871,216,1,2
1871,217,1,2
1871,218,1,2
1871,219,1,2
1871,220,1,2
1871,221,1,2
1871,222,1,2
1871,223,1,2
1871,224,1,2
1871,225,1,2
1871,226,1,2
1871,227,1,2
1871,228,1,2
1871,229,1,2
1871,230,1,2
1871,231,1,2
1871,232,1,2
1871,233,1,2
1871,234,1,2
1871,235,1,2
1871,236,1,2
1871,237,1,2
1871,238,1,2
1871,239,1,2
1871,240,1,2
1871,241,1,2
1871,242,1,2
1871,243,1,2
1871,244,1,2
1871,245,1,2
1871,246,1,2
1871,247,1,2
1871,248,1,2
1871,249,1,2
1871,250,1,2
1871,251,1,2
1871,252,1,2
1871,253,1,2
1871,254,1,2
1871,255,1,2
1871,256,1,2
1871,257,1,2
1871,258,1,2
1871,259,1,2
1871,260,1,2
1871,261,1,2
1871,262,1,2
1871,263,1,2
1871,264,1,2
1871,265,1,2
1871,266,1,2
1871,267,1,2
1871,268,1,2
1871,269,1,2
1871,270,1,2
1871,271,1,2
1871,272,1,2
1871,273,1,2
1871,274,1,2
1871,275,1,2
1871,276,1,2
1871,277,1,2
1871,278,1,2
1871,279,1,2
1871,280,1,2
1871,281,1,2
1871,282,1,2
1871,283,1,2
1871,284,1,2
1871,285,1,2
1871,286,1,2
1871,287,1,2
1871,288,1,2
1871,289,1,2
1871,290,1,2
1871,291,1,2
1871,292,1,2
1871,293,1,2
1871,294,1,2
1871,295,1,2
1871,296,1,2
1871,297,1,2
1871,298,1,2
1871,299,1,2
1871,300,1,2
1871,301,1,2
1871,302,1,2
1871,303,1,2
1871,304,1,2
1871,305,1,2
1871,306,1,2
1871,307,1,2
1871,308,1,2
1871,309,1,2
1871,310,1,2
1871,311,1,2
1871,312,1,2
1871,313,1,2
1871,314,1,2
1871,315,1,2
1871,316,1,2
1871,317,1,2
1871,318,1,2
1871,319,1,2
1871,320,1,2
1871,321,1,2
1871,322,1,2
1871,323,1,2
1871,324,1,2
1871,325,1,2
1871,326,1,2
1871,327,1,2
1871,328,1,2
1871,329,1,2
1871,330,1,2
1871,331,1,2
1871,332,1,2
1871,333,1,2
1871,334,1,2
1871,335,1,2
1871,336,1,2
1871,337,1,2
1871,338,1,2
1871,339,1,2
1871,340,1,2
1871,341,1,2
1871,342,1,2
1871,343,1,2
1871,344,1,2
1871,345,1,2
1871,346,1,2
1871,347,1,2
1871,348,1,2
1871,349,1,2
1871,350,1,2
1871,351,1,2
1871,352,1,2
1871,353,1,2
1871,354,1,2
1871,355,1,2
1871,356,1,2
1871,357,1,2
1871,358,1,2
1871,359,1,2
1871,360,1,2
1871,361,1,2
1871,362,1,2
1871,363,1,2
1871,364,1,2
1871,365,1,2
1871,366,1,2
1871,367,1,2
1871,368,1,2
1871,369,1,2
1871,370,1,2
1871,371,1,2
1871,372,1,2
1871,373,1,2
1871,374,1,2
1871,375,1,2
1871,376,1,2
1871,377,1,2
1871,378,1,2
1871,379,1,2
1871,380,1,2
1871,381,1,2
1871,382,1,2
1871,383,1,2
1871,384,1,2
1871,385,1,2
1871,386,1,2
1871,387,1,2
1871,388,1,2
1871,389,1,2
1871,390,1,2
1871,391,1,2
1871,392,1,2
1871,393,1,2
1871,394,1,2
1871,395,1,2
1871,396,1,2
1871,397,1,2
1871,398,1,2
1871,399,1,2
1871,400,1,2
1871,401,1,2
1871,402,1,2
1871,403,1,2
1871,404,1,2
1871,405,1,2
1871,406,1,2
1871,407,1,2
1871,408,1,2
1871,409,1,2
1871,410,1,2
1871,411,1,2
1871,412,1,2
1871,413,1,2
1871,414,1,2
1871,415,1,2
1871,416,1,2
1871,417,1,2
1871,418,1,2
1871,419,1,2
1871,420,1,2
1871,421,1,2
1871,422,1,2
1871,423,1,2
1871,424,1,2
1871,425,1,2
1871,426,1,2
1871,427,1,2
1871,428,1,2
1871,429,1,2
1871,430,1,2
1871,431,1,2
1871,432,1,2
1871,433,1,2
1871,434,1,2
1871,435,1,2
1871,436,1,2
1871,437,1,2
1871,438,1,2
1871,439,1,2
1871,440,1,2
1871,441,1,2
1871,442,1,2
1871,443,1,2
1871,444,1,2
1871,445,1,2
1871,446,1,2
1871,447,1,2
1871,448,1,2
1871,449,1,2
1871,450,1,2
1871,451,1,2
1871,452,1,2
1871,453,1,2
1871,454,1,2
1871,455,1,2
1871,456,1,2
1871,457,1,2
1871,458,1,2
1871,459,1,2
1871,460,1,2
1871,461,1,2
1871,462,1,2
1871,463,1,2
1871,464,1,2
1871,465,1,2
1871,466,1,2
1871,467,1,2
1871,468,1,2
1871,469,1,2
1871,470,1,2
1871,471,1,2
1871,472,1,2
1871,473,1,2
1871,474,1,2
1871,475,1,2
1871,476,1,2
1871,477,1,2
1871,478,1,2
1871,479,1,2
1871,480,1,2
1871,481,1,2
1871,482,1,2
1871,483,1,2
1871,484,1,2
1871,485,1,2
1871,486,1,2
1871,487,1,2
1871,488,1,2
1871,489,1,2
1871,490,1,2
1871,491,1,2
1871,492,1,2
1871,493,1,2
1871,494,1,2
1871,495,1,2
1871,496,1,2
1871,497,1,2
1871,498,1,2
1871,499,1,2
1871,500,1,2
1871,501,1,2
1871,502,1,3
1871,503,1,3
1871,504,1,3
1871,505,1,3
1871,506,1,3
1871,507,1,3
1871,508,1,3
1871,509,1,3
1871,510,1,3
1871,511,1,3
1871,512,1,3
1871,513,1,3
1871,514,1,3
1871,515,1,3
1871,516,1,3
1871,517,1,3
1871,518,1,3
1871,519,1,3
1871,520,1,3
1871,521,1,3
1871,522,1,3
1871,523,1,3
1871,524,1,3
1871,525,1,3
1871,526,1,3
1871,527,1,3
1871,528,1,3
1871,529,1,3
1871,530,1,3
1871,531,1,3
1871,532,1,3
1871,533,1,3
1871,534,1,3
1871,535,1,3
1871,536,1,3
1871,537,1,3
1871,538,1,3
1871,539,1,3
1871,540,1,3
1871,541,1,3
1871,542,1,3
1871,543,1,3
1871,544,1,3
1871,545,1,3
1871,546,1,3
1871,547,1,3
1871,548,1,3
1871,549,1,3
1871,550,1,3
1871,551,1,3
1871,552,1,3
1871,553,1,3
1871,554,1,3
1871,555,1,3
1871,556,1,3
1871,557,1,3
1871,558,1,3
1871,559,1,3
1871,560,1,3
1871,561,1,3
1871,562,1,3
1871,563,1,3
1871,564,1,3
1871,565,1,3
1871,566,1,3
1871,567,1,3
1871,568,1,3
1871,569,1,3
1871,570,1,3
1871,571,1,3
1871,572,1,3
1871,573,1,3
1871,574,1,3
1871,575,1,3
1871,576,1,3
1871,577,1,2
1871,578,1,2
1871,579,1,2
1871,580,1,2
1871,581,1,2
1871,582,1,2
1871,583,1,2
1871,584,1,2
1871,585,1,2
1871,586,1,2
1871,587,1,2
1871,588,1,2
1871,589,1,2
1871,590,1,2
1871,591,1,2
1871,592,1,2
1871,593,1,2
1871,594,1,2
1871,595,1,2
1871,596,1,2
1871,597,1,2
1871,598,1,2
1871,599,1,2
1871,600,1,2
1871,601,1,2
1871,602,1,2
1871,603,1,2
1871,604,1,2
1871,605,1,2
1871,606,1,2
1871,607,1,2
1871,608,1,2
1871,609,1,2
1871,610,1,2
1871,611,1,2
1871,612,1,2
1871,613,1,2
1871,614,1,2
1871,615,1,2
1871,616,1,2
1871,617,1,2
1871,618,1,2
1871,619,1,2
1871,620,1,2
1871,621,1,2
1871,622,1,2
1871,623,1,2
1871,624,1,2
1871,625,1,2
1871,626,1,2
1871,627,1,2
1871,628,1,2
1871,629,1,2
1871,630,1,2
1871,631,1,2
1871,632,1,2
1871,633,1,2
1871,634,1,2
1871,635,1,2
1871,636,1,2
1871,637,1,2
1871,638,1,2
1871,639,1,2
1871,640,1,2
1871,641,1,2
1871,642,1,2
1871,643,1,2
1871,644,1,2
1871,645,1,2
1871,646,1,2
1871,647,1,2
1871,648,1,2
1871,649,1,2
1871,650,1,2
1871,651,1,2
1871,652,1,2
1871,653,1,2
1871,654,1,2
1871,655,1,2
1871,656,1,2
1871,657,1,2
1872,116,1,2
1872,117,1,2
1872,118,1,2
1872,119,1,2
1872,120,1,2
1872,121,1,2
1872,122,1,2
1872,123,1,2
1872,124,1,2
1872,125,1,2
1872,126,1,2
1872,127,1,3
1872,128,1,3
1872,129,1,3
1872,130,1,3
1872,131,1,3
1872,132,1,3
1872,133,1,3
1872,134,1,3
1872,135,1,3
1872,136,1,3
1872,137,1,3
1872,138,1,3
1872,139,1,3
1872,140,1,3
1872,141,1,3
1872,142,1,3
1872,143,1,3
1872,144,1,3
1872,145,1,3
1872,146,1,3
1872,147,1,3
1872,148,1,3
1872,149,1,2
1872,150,1,2
1872,151,1,2
1872,152,1,2
1872,153,1,2
1872,154,1,2
1872,155,1,2
1872,156,1,2
1872,157,1,2
1872,158,1,2
1872,159,1,2
1872,160,1,2
1872,161,1,2
1872,162,1,2
1872,163,1,2
1872,164,1,2
1872,165,1,2
1872,166,1,2
1872,167,1,2
1872,168,1,2
1872,169,1,2
1872,170,1,2
1872,171,1,2
1872,172,1,2
1872,173,1,2
1872,174,1,2
1872,175,1,2
1872,176,1,2
1872,177,1,2
1872,178,1,2
1872,179,1,2
1872,180,1,2
1872,181,1,2
1872,182,1,2
1872,183,1,2
1872,184,1,2
1872,185,1,2
1872,186,1,2
1872,187,1,2
1872,188,1,2
1872,189,1,2
1872,190,1,2
1872,191,1,2
1872,192,1,2
1872,193,1,2
1872,194,1,2
1872,195,1,2
1872,196,1,2
1872,197,1,2
1872,198,1,2
1872,199,1,2
1872,200,1,2
1872,201,1,2
1872,202,1,2
1872,203,1,2
1872,204,1,2
1872,205,1,2
1872,206,1,2
1872,207,1,2
1872,208,1,2
1872,209,1,2
1872,210,1,2
1872,211,1,2
1872,212,1,2
1872,213,1,2
1872,214,1,2
1872,215,1,2
1872,216,1,2
1872,217,1,2
1872,218,1,2
1872,219,1,2
1872,220,1,2
1872,221,1,2
1872,222,1,2
1872,223,1,2
1872,224,1,2
1872,225,1,2
1872,226,1,2
1872,227,1,2
1872,228,1,2
1872,229,1,2
1872,230,1,2
1872,231,1,2
1872,232,1,2
1872,233,1,2
1872,234,1,2
1872,235,1,2
1872,236,1,2
1872,237,1,2
1872,238,1,2
1872,239,1,2
1872,240,1,2
1872,241,1,2
1872,242,1,2
1872,243,1,2
1872,244,1,2
1872,245,1,2
1872,246,1,2
1872,247,1,2
1872,248,1,2
1872,249,1,2
1872,250,1,2
1872,251,1,2
1872,252,1,2
1872,253,1,2
1872,254,1,2
1872,255,1,2
1872,256,1,2
1872,257,1,2
1872,258,1,2
1872,259,1,2
1872,260,1,2
1872,261,1,2
1872,262,1,2
1872,263,1,2
1872,264,1,2
1872,265,1,2
1872,266,1,2
1872,267,1,2
1872,268,1,2
1872,269,1,2
1872,270,1,2
1872,271,1,2
1872,272,1,2
1872,273,1,2
1872,274,1,2
1872,275,1,2
1872,276,1,2
1872,277,1,2
1872,278,1,2
1872,279,1,2
1872,280,1,2
1872,281,1,2
1872,282,1,2
1872,283,1,2
1872,284,1,2
1872,285,1,2
1872,286,1,2
1872,287,1,2
1872,288,1,2
1872,289,1,2
1872,290,1,2
1872,291,1,2
1872,292,1,2
1872,293,1,2
1872,294,1,2
1872,295,1,2
1872,296,1,2
1872,297,1,2
1872,298,1,2
1872,299,1,2
1872,300,1,2
1872,301,1,2
1872,302,1,2
1872,303,1,2
1872,304,1,2
1872,305,1,2
1872,306,1,2
1872,307,1,2
1872,308,1,2
1872,309,1,2
1872,310,1,2
1872,311,1,2
1872,312,1,2
1872,313,1,2
1872,314,1,2
1872,315,1,2
1872,316,1,2
1872,317,1,2
1872,318,1,2
1872,319,1,2
1872,320,1,2
1872,321,1,2
1872,322,1,2
1872,323,1,2
1872,324,1,2
1872,325,1,2
1872,326,1,2
1872,327,1,2
1872,328,1,2
1872,329,1,2
1872,330,1,2
1872,331,1,2
1872,332,1,2
1872,333,1,2
1872,334,1,2
1872,335,1,2
1872,336,1,2
1872,337,1,2
1872,338,1,2
1872,339,1,2
1872,340,1,2
1872,341,1,2
1872,342,1,2
1872,343,1,2
1872,344,1,2
1872,345,1,2
1872,346,1,2
1872,347,1,2
1872,348,1,2
1872,349,1,2
1872,350,1,2
1872,351,1,2
1872,352,1,2
1872,353,1,2
1872,354,1,2
1872,355,1,2
1872,356,1,2
1872,357,1,2
1872,358,1,2
1872,359,1,2
1872,360,1,2
1872,361,1,2
1872,362,1,2
1872,363,1,2
1872,364,1,2
1872,365,1,2
1872,366,1,2
1872,367,1,2
1872,368,1,2
1872,369,1,2
1872,370,1,2
1872,371,1,2
1872,372,1,2
1872,373,1,2
1872,374,1,2
1872,375,1,2
1872,376,1,2
1872,377,1,2
1872,378,1,2
1872,379,1,2
1872,380,1,2
1872,381,1,2
1872,382,1,2
1872,383,1,2
1872,384,1,2
1872,385,1,2
1872,386,1,2
1872,387,1,2
1872,388,1,2
1872,389,1,2
1872,390,1,2
1872,391,1,2
1872,392,1,2
1872,393,1,2
1872,394,1,2
1872,395,1,2
1872,396,1,2
1872,397,1,2
1872,398,1,2
1872,399,1,2
1872,400,1,2
1872,401,1,2
1872,402,1,2
1872,403,1,2
1872,404,1,2
1872,405,1,2
1872,406,1,2
1872,407,1,2
1872,408,1,2
1872,409,1,2
1872,410,1,2
1872,411,1,2
1872,412,1,2
1872,413,1,2
1872,414,1,2
1872,415,1,2
1872,416,1,2
1872,417,1,2
1872,418,1,2
1872,419,1,2
1872,420,1,2
1872,421,1,2
1872,422,1,2
1872,423,1,2
1872,424,1,2
1872,425,1,2
1872,426,1,2
1872,427,1,2
1872,428,1,2
1872,429,1,2
1872,430,1,2
1872,431,1,2
1872,432,1,2
1872,433,1,2
1872,434,1,2
1872,435,1,2
1872,436,1,2
1872,437,1,2
1872,438,1,2
1872,439,1,2
1872,440,1,2
1872,441,1,2
1872,442,1,2
1872,443,1,2
1872,444,1,2
1872,445,1,2
1872,446,1,2
1872,447,1,2
1872,448,1,2
1872,449,1,2
1872,450,1,2
1872,451,1,2
1872,452,1,2
1872,453,1,2
1872,454,1,2
1872,455,1,2
1872,456,1,2
1872,457,1,2
1872,458,1,2
1872,459,1,2
1872,460,1,2
1872,461,1,2
1872,462,1,2
1872,463,1,2
1872,464,1,2
1872,465,1,2
1872,466,1,2
1872,467,1,2
1872,468,1,2
1872,469,1,2
1872,470,1,2
1872,471,1,2
1872,472,1,2
1872,473,1,2
1872,474,1,2
1872,475,1,2
1872,476,1,2
1872,477,1,2
1872,478,1,2
1872,479,1,2
1872,480,1,2
1872,481,1,2
1872,482,1,2
1872,483,1,2
1872,484,1,2
1872,485,1,2
1872,486,1,2
1872,487,1,2
1872,488,1,2
1872,489,1,2
1872,490,1,2
1872,491,1,2
1872,492,1,2
1872,493,1,2
1872,494,1,2
1872,495,1,2
1872,496,1,2
1872,497,1,2
1872,498,1,2
1872,499,1,2
1872,500,1,2
1872,501,1,2
1872,502,1,3
1872,503,1,3
1872,504,1,3
1872,505,1,3
1872,506,1,3
1872,507,1,3
1872,508,1,3
1872,509,1,3
1872,510,1,3
1872,511,1,3
1872,512,1,3
1872,513,1,3
1872,514,1,3
1872,515,1,3
1872,516,1,3
1872,517,1,3
1872,518,1,3
1872,519,1,3
1872,520,1,3
1872,521,1,3
1872,522,1,3
1872,523,1,3
1872,524,1,3
1872,525,1,3
1872,526,1,3
1872,527,1,3
1872,528,1,3
1872,529,1,3
1872,530,1,3
1872,531,1,3
1872,532,1,3
1872,533,1,3
1872,534,1,3
1872,535,1,3
1872,536,1,3
1872,537,1,3
1872,538,1,3
1872,539,1,3
1872,540,1,3
1872,541,1,3
1872,542,1,3
1872,543,1,3
1872,544,1,3
1872,545,1,3
1872,546,1,3
1872,547,1,3
1872,548,1,3
1872,549,1,3
1872,550,1,3
1872,551,1,3
1872,552,1,3
1872,553,1,3
1872,554,1,3
1872,555,1,3
1872,556,1,3
1872,557,1,3
1872,558,1,3
1872,559,1,3
1872,560,1,3
1872,561,1,3
1872,562,1,3
1872,563,1,3
1872,564,1,3
1872,565,1,3
1872,566,1,3
1872,567,1,3
1872,568,1,3
1872,569,1,3
1872,570,1,3
1872,571,1,3
1872,572,1,3
1872,573,1,3
1872,574,1,3
1872,575,1,3
1872,576,1,3
1872,577,1,2
1872,578,1,2
1872,579,1,2
1872,580,1,2
1872,581,1,2
1872,582,1,2
1872,583,1,2
1872,584,1,2
1872,585,1,2
1872,586,1,2
1872,587,1,2
1872,588,1,2
1872,589,1,2
1872,590,1,2
1872,591,1,2
1872,592,1,2
1872,593,1,2
1872,594,1,2
1872,595,1,2
1872,596,1,2
1872,597,1,2
1872,598,1,2
1872,599,1,2
1872,600,1,2
1872,601,1,2
1872,602,1,2
1872,603,1,2
1872,604,1,2
1872,605,1,2
1872,606,1,2
1872,607,1,2
1872,608,1,2
1872,609,1,2
1872,610,1,2
1872,611,1,2
1872,612,1,2
1872,613,1,2
1872,614,1,2
1872,615,1,2
1872,616,1,2
1872,617,1,2
1872,618,1,2
1872,619,1,2
1872,620,1,2
1872,621,1,2
1872,622,1,2
1872,623,1,2
1872,624,1,2
1872,625,1,2
1872,626,1,2
1872,627,1,2
1872,628,1,2
1872,629,1,2
1872,630,1,2
1872,631,1,2
1872,632,1,2
1872,633,1,2
1872,634,1,2
1872,635,1,2
1872,636,1,2
1872,637,1,2
1872,638,1,2
1872,639,1,2
1872,640,1,2
1872,641,1,2
1872,642,1,2
1872,643,1,2
1872,644,1,2
1872,645,1,2
1872,646,1,2
1872,647,1,2
1872,648,1,2
1872,649,1,2
1872,650,1,2
1872,651,1,2
1872,652,1,2
1872,653,1,2
1872,654,1,2
1872,655,1,2
1872,656,1,2
1872,657,1,2
1872,659,1,2
1873,116,1,2
1873,117,1,2
1873,118,1,2
1873,119,1,2
1873,120,1,2
1873,121,1,2
1873,122,1,2
1873,123,1,2
1873,124,1,2
1873,125,1,2
1873,126,1,2
1873,127,1,3
1873,128,1,3
1873,129,1,3
1873,130,1,3
1873,131,1,3
1873,132,1,3
1873,133,1,3
1873,134,1,3
1873,135,1,3
1873,136,1,3
1873,137,1,3
1873,138,1,3
1873,139,1,3
1873,140,1,3
1873,141,1,3
1873,142,1,3
1873,143,1,3
1873,144,1,3
1873,145,1,3
1873,146,1,3
1873,147,1,3
1873,148,1,3
1873,149,1,2
1873,150,1,2
1873,151,1,2
1873,152,1,2
1873,153,1,2
1873,154,1,2
1873,155,1,2
1873,156,1,2
1873,157,1,2
1873,158,1,2
1873,159,1,2
1873,160,1,2
1873,161,1,2
1873,162,1,2
1873,163,1,2
1873,164,1,2
1873,165,1,2
1873,166,1,2
1873,167,1,2
1873,168,1,2
1873,169,1,2
1873,170,1,2
1873,171,1,2
1873,172,1,2
1873,173,1,2
1873,174,1,2
1873,175,1,2
1873,176,1,2
1873,177,1,2
1873,178,1,2
1873,179,1,2
1873,180,1,2
1873,181,1,2
1873,182,1,2
1873,183,1,2
1873,184,1,2
1873,185,1,2
1873,186,1,2
1873,187,1,2
1873,188,1,2
1873,189,1,2
1873,190,1,2
1873,191,1,2
1873,192,1,2
1873,193,1,2
1873,194,1,2
1873,195,1,2
1873,196,1,2
1873,197,1,2
1873,198,1,2
1873,199,1,2
1873,200,1,2
1873,201,1,2
1873,202,1,2
1873,203,1,2
1873,204,1,2
1873,205,1,2
1873,206,1,2
1873,207,1,2
1873,208,1,2
1873,209,1,2
1873,210,1,2
1873,211,1,2
1873,212,1,2
1873,213,1,2
1873,214,1,2
1873,215,1,2
1873,216,1,2
1873,217,1,2
1873,218,1,2
1873,219,1,2
1873,220,1,2
1873,221,1,2
1873,222,1,2
1873,223,1,2
1873,224,1,2
1873,225,1,2
1873,226,1,2
1873,227,1,2
1873,228,1,2
1873,229,1,2
1873,230,1,2
1873,231,1,2
1873,232,1,2
1873,233,1,2
1873,234,1,2
1873,235,1,2
1873,236,1,2
1873,237,1,2
1873,238,1,2
1873,239,1,2
1873,240,1,2
1873,241,1,2
1873,242,1,2
1873,243,1,2
1873,244,1,2
1873,245,1,2
1873,246,1,2
1873,247,1,2
1873,248,1,2
1873,249,1,2
1873,250,1,2
1873,251,1,2
1873,252,1,2
1873,253,1,2
1873,254,1,2
1873,255,1,2
1873,256,1,2
1873,257,1,2
1873,258,1,2
1873,259,1,2
1873,260,1,2
1873,261,1,2
1873,262,1,2
1873,263,1,2
1873,264,1,2
1873,265,1,2
1873,266,1,2
1873,267,1,2
1873,268,1,2
1873,269,1,2
1873,270,1,2
1873,271,1,2
1873,272,1,2
1873,273,1,2
1873,274,1,2
1873,275,1,2
1873,276,1,2
1873,277,1,2
1873,278,1,2
1873,279,1,2
1873,280,1,2
1873,281,1,2
1873,282,1,2
1873,283,1,2
1873,284,1,2
1873,285,1,2
1873,286,1,2
1873,287,1,2
1873,288,1,2
1873,289,1,2
1873,290,1,2
1873,291,1,2
1873,292,1,2
1873,293,1,2
1873,294,1,2
1873,295,1,2
1873,296,1,2
1873,297,1,2
1873,298,1,2
1873,299,1,2
1873,300,1,2
1873,301,1,2
1873,302,1,2
1873,303,1,2
1873,304,1,2
1873,305,1,2
1873,306,1,2
1873,307,1,2
1873,308,1,2
1873,309,1,2
1873,310,1,2
1873,311,1,2
1873,312,1,2
1873,313,1,2
1873,314,1,2
1873,315,1,2
1873,316,1,2
1873,317,1,2
1873,318,1,2
1873,319,1,2
1873,320,1,2
1873,321,1,2
1873,322,1,2
1873,323,1,2
1873,324,1,2
1873,325,1,2
1873,326,1,2
1873,327,1,2
1873,328,1,2
1873,329,1,2
1873,330,1,2
1873,331,1,2
1873,332,1,2
1873,333,1,2
1873,334,1,2
1873,335,1,2
1873,336,1,2
1873,337,1,2
1873,338,1,2
1873,339,1,2
1873,340,1,2
1873,341,1,2
1873,342,1,2
1873,343,1,2
1873,344,1,2
1873,345,1,2
1873,346,1,2
1873,347,1,2
1873,348,1,2
1873,349,1,2
1873,350,1,2
1873,351,1,2
1873,352,1,2
1873,353,1,2
1873,354,1,2
1873,355,1,2
1873,356,1,2
1873,357,1,2
1873,358,1,2
1873,359,1,2
1873,360,1,2
1873,361,1,2
1873,362,1,2
1873,363,1,2
1873,364,1,2
1873,365,1,2
1873,366,1,2
1873,367,1,2
1873,368,1,2
1873,369,1,2
1873,370,1,2
1873,371,1,2
1873,372,1,2
1873,373,1,2
1873,374,1,2
1873,375,1,2
1873,376,1,2
1873,377,1,2
1873,378,1,2
1873,379,1,2
1873,380,1,2
1873,381,1,2
1873,382,1,2
1873,383,1,2
1873,384,1,2
1873,385,1,2
1873,386,1,2
1873,387,1,2
1873,388,1,2
1873,389,1,2
1873,390,1,2
1873,391,1,2
1873,392,1,2
1873,393,1,2
1873,394,1,2
1873,395,1,2
1873,396,1,2
1873,397,1,2
1873,398,1,2
1873,399,1,2
1873,400,1,2
1873,401,1,2
1873,402,1,2
1873,403,1,2
1873,404,1,2
1873,405,1,2
1873,406,1,2
1873,407,1,2
1873,408,1,2
1873,409,1,2
1873,410,1,2
1873,411,1,2
1873,412,1,2
1873,413,1,2
1873,414,1,2
1873,415,1,2
1873,416,1,2
1873,417,1,2
1873,418,1,2
1873,419,1,2
1873,420,1,2
1873,421,1,2
1873,422,1,2
1873,423,1,2
1873,424,1,2
1873,425,1,2
1873,426,1,2
1873,427,1,2
1873,428,1,2
1873,429,1,2
1873,430,1,2
1873,431,1,2
1873,432,1,2
1873,433,1,2
1873,434,1,2
1873,435,1,2
1873,436,1,2
1873,437,1,2
1873,438,1,2
1873,439,1,2
1873,440,1,2
1873,441,1,2
1873,442,1,2
1873,443,1,2
1873,444,1,2
1873,445,1,2
1873,446,1,2
1873,447,1,2
1873,448,1,2
1873,449,1,2
1873,450,1,2
1873,451,1,2
1873,452,1,2
1873,453,1,2
1873,454,1,2
1873,455,1,2
1873,456,1,2
1873,457,1,2
1873,458,1,2
1873,459,1,2
1873,460,1,2
1873,461,1,2
1873,462,1,2
1873,463,1,2
1873,464,1,3
1873,465,1,3
1873,466,1,2
1873,467,1,2
1873,468,1,2
1873,469,1,2
1873,470,1,2
1873,471,1,2
1873,472,1,2
1873,473,1,2
1873,474,1,2
1873,475,1,2
1873,476,1,2
1873,477,1,2
1873,478,1,2
1873,479,1,2
1873,480,1,2
1873,481,1,2
1873,482,1,2
1873,483,1,2
1873,484,1,2
1873,485,1,2
1873,486,1,2
1873,487,1,2
1873,488,1,2
1873,489,1,2
1873,490,1,2
1873,491,1,2
1873,492,1,2
1873,493,1,2
1873,494,1,2
1873,495,1,2
1873,496,1,2
1873,497,1,2
1873,498,1,2
1873,499,1,2
1873,500,1,2
1873,501,1,3
1873,502,1,3
1873,503,1,3
1873,504,1,3
1873,505,1,3
1873,506,1,3
1873,507,1,3
1873,508,1,3
1873,509,1,3
1873,510,1,3
1873,511,1,3
1873,512,1,3
1873,513,1,3
1873,514,1,3
1873,515,1,3
1873,516,1,3
1873,517,1,3
1873,518,1,3
1873,519,1,3
1873,520,1,3
1873,521,1,3
1873,522,1,3
1873,523,1,3
1873,524,1,3
1873,525,1,3
1873,526,1,3
1873,527,1,3
1873,528,1,3
1873,529,1,3
1873,530,1,3
1873,531,1,3
1873,532,1,3
1873,533,1,3
1873,534,1,3
1873,535,1,3
1873,536,1,3
1873,537,1,3
1873,538,1,3
1873,539,1,3
1873,540,1,3
1873,541,1,3
1873,542,1,3
1873,543,1,3
1873,544,1,3
1873,545,1,3
1873,546,1,3
1873,547,1,3
1873,548,1,3
1873,549,1,3
1873,550,1,3
1873,551,1,3
1873,552,1,3
1873,553,1,3
1873,554,1,3
1873,555,1,3
1873,556,1,3
1873,557,1,3
1873,558,1,3
1873,559,1,3
1873,560,1,3
1873,561,1,3
1873,562,1,3
1873,563,1,3
1873,564,1,3
1873,565,1,3
1873,566,1,3
1873,567,1,3
1873,568,1,3
1873,569,1,3
1873,570,1,3
1873,571,1,3
1873,572,1,3
1873,573,1,3
1873,574,1,3
1873,575,1,3
1873,576,1,3
1873,577,1,3
1873,578,1,2
1873,579,1,2
1873,580,1,2
1873,581,1,2
1873,582,1,2
1873,583,1,2
1873,584,1,2
1873,585,1,2
1873,586,1,2
1873,587,1,2
1873,588,1,2
1873,589,1,2
1873,590,1,2
1873,591,1,2
1873,592,1,2
1873,593,1,2
1873,594,1,2
1873,595,1,2
1873,596,1,2
1873,597,1,2
1873,598,1,2
1873,599,1,2
1873,600,1,2
1873,601,1,2
1873,602,1,2
1873,603,1,2
1873,604,1,2
1873,605,1,2
1873,606,1,2
1873,607,1,2
1873,608,1,2
1873,609,1,2
1873,610,1,2
1873,611,1,2
1873,612,1,2
1873,613,1,2
1873,614,1,2
1873,615,1,2
1873,616,1,2
1873,617,1,2
1873,618,1,2
1873,619,1,2
1873,620,1,2
1873,621,1,2
1873,622,1,2
1873,623,1,2
1873,624,1,2
1873,625,1,2
1873,626,1,2
1873,627,1,2
1873,628,1,2
1873,629,1,2
1873,630,1,2
1873,631,1,2
1873,632,1,2
1873,633,1,2
1873,634,1,2
1873,635,1,2
1873,636,1,2
1873,637,1,2
1873,638,1,2
1873,639,1,2
1873,640,1,2
1873,641,1,2
1873,642,1,2
1873,643,1,2
1873,644,1,2
1873,645,1,2
1873,646,1,2
1873,647,1,2
1873,648,1,2
1873,649,1,2
1873,650,1,2
1873,651,1,2
1873,652,1,2
1873,653,1,2
1873,654,1,2
1873,656,1,2
1873,657,1,2
1873,658,1,2
1873,659,1,2
1874,116,1,2
1874,117,1,2
1874,118,1,2
1874,119,1,2
1874,120,1,2
1874,121,1,2
1874,122,1,2
1874,123,1,2
1874,124,1,2
1874,125,1,2
1874,126,1,2
1874,127,1,2
1874,128,1,3
1874,129,1,3
1874,130,1,3
1874,131,1,3
1874,132,1,3
1874,133,1,3
1874,134,1,3
1874,135,1,3
1874,136,1,3
1874,137,1,3
1874,138,1,3
1874,139,1,3
1874,140,1,3
1874,141,1,3
1874,142,1,3
1874,143,1,3
1874,144,1,3
1874,145,1,3
1874,146,1,3
1874,147,1,3
1874,148,1,3
1874,149,1,2
1874,150,1,2
1874,151,1,2
1874,152,1,2
1874,153,1,2
1874,154,1,2
1874,155,1,2
1874,156,1,2
1874,157,1,2
1874,158,1,2
1874,159,1,2
1874,160,1,2
1874,161,1,2
1874,162,1,2
1874,163,1,2
1874,164,1,2
1874,165,1,2
1874,166,1,2
1874,167,1,2
1874,168,1,2
1874,169,1,2
1874,170,1,2
1874,171,1,2
1874,172,1,2
1874,173,1,2
1874,174,1,2
1874,175,1,2
1874,176,1,2
1874,177,1,2
1874,178,1,2
1874,179,1,2
1874,180,1,2
1874,181,1,2
1874,182,1,2
1874,183,1,2
1874,184,1,2
1874,185,1,2
1874,186,1,2
1874,187,1,2
1874,188,1,2
1874,189,1,2
1874,190,1,2
1874,191,1,2
1874,192,1,2
1874,193,1,2
1874,194,1,2
1874,195,1,2
1874,196,1,2
1874,197,1,2
1874,198,1,2
1874,199,1,2
1874,200,1,2
1874,201,1,2
1874,202,1,2
1874,203,1,2
1874,204,1,2
1874,205,1,2
1874,206,1,2
1874,207,1,2
1874,208,1,2
1874,209,1,2
1874,210,1,2
1874,211,1,2
1874,212,1,2
1874,213,1,2
1874,214,1,2
1874,215,1,2
1874,216,1,2
1874,217,1,2
1874,218,1,2
1874,219,1,2
1874,220,1,2
1874,221,1,2
1874,222,1,2
1874,223,1,2
1874,224,1,2
1874,225,1,2
1874,226,1,2
1874,227,1,2
1874,228,1,2
1874,229,1,2
1874,230,1,2
1874,231,1,2
1874,232,1,2
1874,233,1,2
1874,234,1,2
1874,235,1,2
1874,236,1,2
1874,237,1,2
1874,238,1,2
1874,239,1,2
1874,240,1,2
1874,241,1,2
1874,242,1,2
1874,243,1,2
1874,244,1,2
1874,245,1,2
1874,246,1,2
1874,247,1,2
1874,248,1,2
1874,249,1,2
1874,250,1,2
1874,251,1,2
1874,252,1,2
1874,253,1,2
1874,254,1,2
1874,255,1,2
1874,256,1,2
1874,257,1,2
1874,258,1,2
1874,259,1,2
1874,260,1,2
1874,261,1,2
1874,262,1,2
1874,263,1,2
1874,264,1,2
1874,265,1,2
1874,266,1,2
1874,267,1,2
1874,268,1,2
1874,269,1,2
1874,270,1,2
1874,271,1,2
1874,272,1,2
1874,273,1,2
1874,274,1,2
1874,275,1,2
1874,276,1,2
1874,277,1,2
1874,278,1,2
1874,279,1,2
1874,280,1,2
1874,281,1,2
1874,282,1,2
1874,283,1,2
1874,284,1,2
1874,285,1,2
1874,286,1,2
1874,287,1,2
1874,288,1,2
1874,289,1,2
1874,290,1,2
1874,291,1,2
1874,292,1,2
1874,293,1,2
1874,294,1,2
1874,295,1,2
1874,296,1,2
1874,297,1,2
1874,298,1,2
1874,299,1,2
1874,300,1,2
1874,301,1,2
1874,302,1,2
1874,303,1,2
1874,304,1,2
1874,305,1,2
1874,306,1,2
1874,307,1,2
1874,308,1,2
1874,309,1,2
1874,310,1,2
1874,311,1,2
1874,312,1,2
1874,313,1,2
1874,314,1,2
1874,315,1,2
1874,316,1,2
1874,317,1,2
1874,318,1,2
1874,319,1,2
1874,320,1,2
1874,321,1,2
1874,322,1,2
1874,323,1,2
1874,324,1,2
1874,325,1,2
1874,326,1,2
1874,327,1,2
1874,328,1,2
1874,329,1,2
1874,330,1,2
1874,331,1,2
1874,332,1,2
1874,333,1,2
1874,334,1,2
1874,335,1,2
1874,336,1,2
1874,337,1,2
1874,338,1,2
1874,339,1,2
1874,340,1,2
1874,341,1,2
1874,342,1,2
1874,343,1,2
1874,344,1,2
1874,345,1,2
1874,346,1,2
1874,347,1,2
1874,348,1,2
1874,349,1,2
1874,350,1,2
1874,351,1,2
1874,352,1,2
1874,353,1,2
1874,354,1,2
1874,355,1,2
1874,356,1,2
1874,357,1,2
1874,358,1,2
1874,359,1,2
1874,360,1,2
1874,361,1,2
1874,362,1,2
1874,363,1,2
1874,364,1,2
1874,365,1,2
1874,366,1,2
1874,367,1,2
1874,368,1,2
1874,369,1,2
1874,370,1,2
1874,371,1,2
1874,372,1,2
1874,373,1,2
1874,374,1,2
1874,375,1,2
1874,376,1,2
1874,377,1,2
1874,378,1,2
1874,379,1,2
1874,380,1,2
1874,381,1,2
1874,382,1,2
1874,383,1,2
1874,384,1,2
1874,385,1,2
1874,386,1,2
1874,387,1,2
1874,388,1,2
1874,389,1,2
1874,390,1,2
1874,391,1,2
1874,392,1,2
1874,393,1,2
1874,394,1,2
1874,395,1,2
1874,396,1,2
1874,397,1,2
1874,398,1,2
1874,399,1,2
1874,400,1,2
1874,401,1,2
1874,402,1,2
1874,403,1,2
1874,404,1,2
1874,405,1,2
1874,406,1,2
1874,407,1,2
1874,408,1,2
1874,409,1,2
1874,410,1,2
1874,411,1,2
1874,412,1,2
1874,413,1,2
1874,414,1,2
1874,415,1,2
1874,416,1,2
1874,417,1,2
1874,418,1,2
1874,419,1,2
1874,420,1,2
1874,421,1,2
1874,422,1,2
1874,423,1,2
1874,424,1,2
1874,425,1,2
1874,426,1,2
1874,427,1,2
1874,428,1,2
1874,429,1,2
1874,430,1,2
1874,431,1,2
1874,432,1,2
1874,433,1,2
1874,434,1,2
1874,435,1,2
1874,436,1,2
1874,437,1,2
1874,438,1,2
1874,439,1,2
1874,440,1,2
1874,441,1,2
1874,442,1,2
1874,443,1,2
1874,444,1,2
1874,445,1,2
1874,446,1,2
1874,447,1,2
1874,448,1,2
1874,449,1,2
1874,450,1,2
1874,451,1,2
1874,452,1,2
1874,453,1,2
1874,454,1,2
1874,455,1,2
1874,456,1,2
1874,457,1,2
1874,458,1,2
1874,459,1,2
1874,460,1,2
1874,461,1,3
1874,462,1,3
1874,463,1,3
1874,464,1,3
1874,465,1,3
1874,466,1,3
1874,467,1,3
1874,468,1,3
1874,469,1,3
1874,470,1,3
1874,471,1,3
1874,472,1,2
1874,473,1,2
1874,474,1,2
1874,475,1,2
1874,476,1,2
1874,477,1,2
1874,478,1,2
1874,479,1,2
1874,480,1,2
1874,481,1,2
1874,482,1,2
1874,483,1,2
1874,484,1,2
1874,485,1,2
1874,486,1,2
1874,487,1,2
1874,488,1,2
1874,489,1,2
1874,490,1,2
1874,491,1,2
1874,492,1,2
1874,493,1,2
1874,494,1,2
1874,495,1,2
1874,496,1,2
1874,497,1,2
1874,498,1,2
1874,499,1,2
1874,500,1,2
1874,501,1,3
1874,502,1,3
1874,503,1,3
1874,504,1,3
1874,505,1,3
1874,506,1,3
1874,507,1,3
1874,508,1,3
1874,509,1,3
1874,510,1,3
1874,511,1,3
1874,512,1,3
1874,513,1,3
1874,514,1,3
1874,515,1,3
1874,516,1,3
1874,517,1,3
1874,518,1,3
1874,519,1,3
1874,520,1,3
1874,521,1,3
1874,522,1,3
1874,523,1,3
1874,524,1,3
1874,525,1,3
1874,526,1,3
1874,527,1,3
1874,528,1,3
1874,529,1,3
1874,530,1,3
1874,531,1,3
1874,532,1,3
1874,533,1,3
1874,534,1,3
1874,535,1,3
1874,536,1,3
1874,537,1,3
1874,538,1,3
1874,539,1,3
1874,540,1,3
1874,541,1,3
1874,542,1,3
1874,543,1,3
1874,544,1,3
1874,545,1,3
1874,546,1,3
1874,547,1,3
1874,548,1,3
1874,549,1,3
1874,550,1,3
1874,551,1,3
1874,552,1,3
1874,553,1,3
1874,554,1,3
1874,555,1,3
1874,556,1,3
1874,557,1,3
1874,558,1,3
1874,559,1,3
1874,560,1,3
1874,561,1,3
1874,562,1,3
1874,563,1,3
1874,564,1,3
1874,565,1,3
1874,566,1,3
1874,567,1,3
1874,568,1,3
1874,569,1,3
1874,570,1,3
1874,571,1,3
1874,572,1,3
1874,573,1,3
1874,574,1,3
1874,575,1,3
1874,576,1,3
1874,577,1,3
1874,578,1,3
1874,579,1,2
1874,580,1,2
1874,581,1,2
1874,582,1,2
1874,583,1,2
1874,584,1,2
1874,585,1,2
1874,586,1,2
1874,587,1,2
1874,588,1,2
1874,589,1,2
1874,590,1,2
1874,591,1,2
1874,592,1,2
1874,593,1,2
1874,594,1,2
1874,595,1,2
1874,596,1,2
1874,597,1,2
1874,598,1,2
1874,599,1,2
1874,600,1,2
1874,601,1,2
1874,602,1,2
1874,603,1,2
1874,604,1,2
1874,605,1,2
1874,606,1,2
1874,607,1,2
1874,608,1,2
1874,609,1,2
1874,610,1,2
1874,611,1,2
1874,612,1,2
1874,613,1,2
1874,614,1,2
1874,615,1,2
1874,616,1,2
1874,617,1,2
1874,618,1,2
1874,619,1,2
1874,620,1,2
1874,621,1,2
1874,622,1,2
1874,623,1,2
1874,624,1,2
1874,625,1,2
1874,626,1,2
1874,627,1,2
1874,628,1,2
1874,629,1,2
1874,630,1,2
1874,631,1,2
1874,632,1,2
1874,633,1,2
1874,634,1,2
1874,635,1,2
1874,636,1,2
1874,637,1,2
1874,638,1,2
1874,639,1,2
1874,640,1,2
1874,641,1,2
1874,642,1,2
1874,643,1,2
1874,644,1,2
1874,645,1,2
1874,646,1,2
1874,647,1,2
1874,648,1,2
1874,649,1,2
1874,650,1,2
1874,651,1,2
1874,652,1,2
1874,653,1,2
1874,654,1,2
1874,657,1,2
1874,658,1,2
1874,659,1,2
1874,660,1,2
1875,116,1,2
1875,117,1,2
1875,118,1,2
1875,119,1,2
1875,120,1,2
1875,121,1,2
1875,122,1,2
1875,123,1,2
1875,124,1,2
1875,125,1,2
1875,126,1,2
1875,127,1,2
1875,128,1,3
1875,129,1,3
1875,130,1,3
1875,131,1,3
1875,132,1,3
1875,133,1,3
1875,134,1,3
1875,135,1,3
1875,136,1,3
1875,137,1,3
1875,138,1,3
1875,139,1,3
1875,140,1,3
1875,141,1,3
1875,142,1,3
1875,143,1,3
1875,144,1,3
1875,145,1,3
1875,146,1,3
1875,147,1,3
1875,148,1,2
1875,149,1,2
1875,150,1,2
1875,151,1,2
1875,152,1,2
1875,153,1,2
1875,154,1,2
1875,155,1,2
1875,156,1,2
1875,157,1,2
1875,158,1,2
1875,159,1,2
1875,160,1,2
1875,161,1,2
1875,162,1,2
1875,163,1,2
1875,164,1,2
1875,165,1,2
1875,166,1,2
1875,167,1,2
1875,168,1,2
1875,169,1,2
1875,170,1,2
1875,171,1,2
1875,172,1,2
1875,173,1,2
1875,174,1,2
1875,175,1,2
1875,176,1,2
1875,177,1,2
1875,178,1,2
1875,179,1,2
1875,180,1,2
1875,181,1,2
1875,182,1,2
1875,183,1,2
1875,184,1,2
1875,185,1,2
1875,186,1,2
1875,187,1,2
1875,188,1,2
1875,189,1,2
1875,190,1,2
1875,191,1,2
1875,192,1,2
1875,193,1,2
1875,194,1,2
1875,195,1,2
1875,196,1,2
1875,197,1,2
1875,198,1,2
1875,199,1,2
1875,200,1,2
1875,201,1,2
1875,202,1,2
1875,203,1,2
1875,204,1,2
1875,205,1,2
1875,206,1,2
1875,207,1,2
1875,208,1,2
1875,209,1,2
1875,210,1,2
1875,211,1,2
1875,212,1,2
1875,213,1,2
1875,214,1,2
1875,215,1,2
1875,216,1,2
1875,217,1,2
1875,218,1,2
1875,219,1,2
1875,220,1,2
1875,221,1,2
1875,222,1,2
1875,223,1,2
1875,224,1,2
1875,225,1,2
1875,226,1,2
1875,227,1,2
1875,228,1,2
1875,229,1,2
1875,230,1,2
1875,231,1,2
1875,232,1,2
1875,233,1,2
1875,234,1,2
1875,235,1,2
1875,236,1,2
1875,237,1,2
1875,238,1,2
1875,239,1,2
1875,240,1,2
1875,241,1,2
1875,242,1,2
1875,243,1,2
1875,244,1,2
1875,245,1,2
1875,246,1,2
1875,247,1,2
1875,248,1,2
1875,249,1,2
1875,250,1,2
1875,251,1,2
1875,252,1,2
1875,253,1,2
1875,254,1,2
1875,255,1,2
1875,256,1,2
1875,257,1,2
1875,258,1,2
1875,259,1,2
1875,260,1,2
1875,261,1,2
1875,262,1,2
1875,263,1,2
1875,264,1,2
1875,265,1,2
1875,266,1,2
1875,267,1,2
1875,268,1,2
1875,269,1,2
1875,270,1,2
1875,271,1,2
1875,272,1,2
1875,273,1,2
1875,274,1,2
1875,275,1,2
1875,276,1,2
1875,277,1,2
1875,278,1,2
1875,279,1,2
1875,280,1,2
1875,281,1,2
1875,282,1,2
1875,283,1,2
1875,284,1,2
1875,285,1,2
1875,286,1,2
1875,287,1,2
1875,288,1,2
1875,289,1,2
1875,290,1,2
1875,291,1,2
1875,292,1,2
1875,293,1,2
1875,294,1,2
1875,295,1,2
1875,296,1,2
1875,297,1,2
1875,298,1,2
1875,299,1,2
1875,300,1,2
1875,301,1,2
1875,302,1,2
1875,303,1,2
1875,304,1,2
1875,305,1,2
1875,306,1,2
1875,307,1,2
1875,308,1,2
1875,309,1,2
1875,310,1,2
1875,311,1,2
1875,312,1,2
1875,313,1,2
1875,314,1,2
1875,315,1,2
1875,316,1,2
1875,317,1,2
1875,318,1,2
1875,319,1,2
1875,320,1,2
1875,321,1,2
1875,322,1,2
1875,323,1,2
1875,324,1,2
1875,325,1,2
1875,326,1,2
1875,327,1,2
1875,328,1,2
1875,329,1,2
1875,330,1,2
1875,331,1,2
1875,332,1,2
1875,333,1,2
1875,334,1,2
1875,335,1,2
1875,336,1,2
1875,337,1,2
1875,338,1,2
1875,339,1,2
1875,340,1,2
1875,341,1,2
1875,342,1,2
1875,343,1,2
1875,344,1,2
1875,345,1,2
1875,346,1,2
1875,347,1,2
1875,348,1,2
1875,349,1,2
1875,350,1,2
1875,351,1,2
1875,352,1,2
1875,353,1,2
1875,354,1,2
1875,355,1,2
1875,356,1,2
1875,357,1,2
1875,358,1,2
1875,359,1,2
1875,360,1,2
1875,361,1,2
1875,362,1,2
1875,363,1,2
1875,364,1,2
1875,365,1,2
1875,366,1,2
1875,367,1,2
1875,368,1,2
1875,369,1,2
1875,370,1,2
1875,371,1,2
1875,372,1,2
1875,373,1,2
1875,374,1,2
1875,375,1,2
1875,376,1,2
1875,377,1,2
1875,378,1,2
1875,379,1,2
1875,380,1,2
1875,381,1,2
1875,382,1,2
1875,383,1,2
1875,384,1,2
1875,385,1,2
1875,386,1,2
1875,387,1,2
1875,388,1,2
1875,389,1,2
1875,390,1,2
1875,391,1,2
1875,392,1,2
1875,393,1,2
1875,394,1,2
1875,395,1,2
1875,396,1,2
1875,397,1,2
1875,398,1,2
1875,399,1,2
1875,400,1,2
1875,401,1,2
1875,402,1,2
1875,403,1,2
1875,404,1,2
1875,405,1,2
1875,406,1,2
1875,407,1,2
1875,408,1,2
1875,409,1,2
1875,410,1,2
1875,411,1,2
1875,412,1,2
1875,413,1,2
1875,414,1,2
1875,415,1,2
1875,416,1,2
1875,417,1,2
1875,418,1,2
1875,419,1,2
1875,420,1,2
1875,421,1,2
1875,422,1,2
1875,423,1,2
1875,424,1,2
1875,425,1,2
1875,426,1,2
1875,427,1,2
1875,428,1,2
1875,429,1,2
1875,430,1,2
1875,431,1,2
1875,432,1,2
1875,433,1,2
1875,434,1,2
1875,435,1,2
1875,436,1,2
1875,437,1,2
1875,438,1,2
1875,439,1,2
1875,440,1,2
1875,441,1,2
1875,442,1,2
1875,443,1,2
1875,444,1,2
1875,445,1,2
1875,446,1,2
1875,447,1,2
1875,448,1,2
1875,449,1,2
1875,450,1,2
1875,451,1,2
1875,452,1,2
1875,453,1,2
1875,454,1,3
1875,455,1,3
1875,456,1,3
1875,457,1,3
1875,458,1,3
1875,459,1,3
1875,460,1,3
1875,461,1,3
1875,462,1,3
1875,463,1,3
1875,464,1,3
1875,465,1,3
1875,466,1,3
1875,467,1,3
1875,468,1,3
1875,469,1,3
1875,470,1,3
1875,471,1,3
1875,472,1,3
1875,473,1,3
1875,474,1,2
1875,475,1,2
1875,476,1,2
1875,477,1,2
1875,478,1,2
1875,479,1,2
1875,480,1,2
1875,481,1,2
1875,482,1,2
1875,483,1,2
1875,484,1,2
1875,485,1,2
1875,486,1,2
1875,487,1,2
1875,488,1,2
1875,489,1,2
1875,490,1,2
1875,491,1,2
1875,492,1,2
1875,493,1,2
1875,494,1,2
1875,495,1,2
1875,496,1,2
1875,497,1,2
1875,498,1,2
1875,499,1,2
1875,500,1,2
1875,501,1,2
1875,502,1,3
1875,503,1,3
1875,504,1,3
1875,505,1,3
1875,506,1,3
1875,507,1,3
1875,508,1,3
1875,509,1,3
1875,510,1,3
1875,511,1,3
1875,512,1,3
1875,513,1,3
1875,514,1,3
1875,515,1,3
1875,516,1,3
1875,517,1,3
1875,518,1,3
1875,519,1,3
1875,520,1,3
1875,521,1,3
1875,522,1,3
1875,523,1,3
1875,524,1,3
1875,525,1,3
1875,526,1,3
1875,527,1,3
1875,528,1,3
1875,529,1,3
1875,530,1,3
1875,531,1,3
1875,532,1,3
1875,533,1,3
1875,534,1,3
1875,535,1,3
1875,536,1,3
1875,537,1,3
1875,538,1,3
1875,539,1,3
1875,540,1,3
1875,541,1,3
1875,542,1,3
1875,543,1,3
1875,544,1,3
1875,545,1,3
1875,546,1,3
1875,547,1,3
1875,548,1,3
1875,549,1,3
1875,550,1,3
1875,551,1,3
1875,552,1,3
1875,553,1,3
1875,554,1,3
1875,555,1,3
1875,556,1,3
1875,557,1,3
1875,558,1,3
1875,559,1,3
1875,560,1,3
1875,561,1,3
1875,562,1,3
1875,563,1,3
1875,564,1,3
1875,565,1,3
1875,566,1,3
1875,567,1,3
1875,568,1,3
1875,569,1,3
1875,570,1,3
1875,571,1,3
1875,572,1,3
1875,573,1,3
1875,574,1,3
1875,575,1,3
1875,576,1,3
1875,577,1,3
1875,578,1,3
1875,579,1,3
1875,580,1,2
1875,581,1,2
1875,582,1,2
1875,583,1,2
1875,584,1,2
1875,585,1,2
1875,586,1,2
1875,587,1,2
1875,588,1,2
1875,589,1,2
1875,590,1,2
1875,591,1,2
1875,592,1,2
1875,593,1,2
1875,594,1,2
1875,595,1,2
1875,596,1,2
1875,597,1,2
1875,598,1,2
1875,599,1,2
1875,600,1,2
1875,601,1,2
1875,602,1,2
1875,603,1,2
1875,604,1,2
1875,605,1,2
1875,606,1,2
1875,607,1,2
1875,608,1,2
1875,609,1,2
1875,610,1,2
1875,611,1,2
1875,612,1,2
1875,613,1,2
1875,614,1,2
1875,615,1,2
1875,616,1,2
1875,617,1,2
1875,618,1,2
1875,619,1,2
1875,620,1,2
1875,621,1,2
1875,622,1,2
1875,623,1,2
1875,624,1,2
1875,625,1,2
1875,626,1,2
1875,627,1,2
1875,628,1,2
1875,629,1,2
1875,630,1,2
1875,631,1,2
1875,632,1,2
1875,633,1,2
1875,634,1,2
1875,635,1,2
1875,636,1,2
1875,637,1,2
1875,638,1,2
1875,639,1,2
1875,640,1,2
1875,641,1,2
1875,642,1,2
1875,643,1,2
1875,644,1,2
1875,645,1,2
1875,646,1,2
1875,647,1,2
1875,648,1,2
1875,649,1,2
1875,650,1,2
1875,653,1,2
1875,654,1,2
1876,116,1,2
1876,117,1,2
1876,118,1,2
1876,119,1,2
1876,120,1,2
1876,121,1,2
1876,122,1,2
1876,123,1,2
1876,124,1,2
1876,125,1,2
1876,126,1,2
1876,127,1,2
1876,128,1,3
1876,129,1,3
1876,130,1,3
1876,131,1,3
1876,132,1,3
1876,133,1,3
1876,134,1,3
1876,135,1,3
1876,136,1,3
1876,137,1,3
1876,138,1,3
1876,139,1,3
1876,140,1,3
1876,141,1,3
1876,142,1,3
1876,143,1,3
1876,144,1,3
1876,145,1,3
1876,146,1,3
1876,147,1,3
1876,148,1,2
1876,149,1,2
1876,150,1,2
1876,151,1,2
1876,152,1,2
1876,153,1,2
1876,154,1,2
1876,155,1,2
1876,156,1,2
1876,157,1,2
1876,158,1,2
1876,159,1,2
1876,160,1,2
1876,161,1,2
1876,162,1,2
1876,163,1,2
1876,164,1,2
1876,165,1,2
1876,166,1,2
1876,167,1,2
1876,168,1,2
1876,169,1,2
1876,170,1,2
1876,171,1,2
1876,172,1,2
1876,173,1,2
1876,174,1,2
1876,175,1,2
1876,176,1,2
1876,177,1,2
1876,178,1,2
1876,179,1,2
1876,180,1,2
1876,181,1,2
1876,182,1,2
1876,183,1,2
1876,184,1,2
1876,185,1,2
1876,186,1,2
1876,187,1,2
1876,188,1,2
1876,189,1,2
1876,190,1,2
1876,191,1,2
1876,192,1,2
1876,193,1,2
1876,194,1,2
1876,195,1,2
1876,196,1,2
1876,197,1,2
1876,198,1,2
1876,199,1,2
1876,200,1,2
1876,201,1,2
1876,202,1,2
1876,203,1,2
1876,204,1,2
1876,205,1,2
1876,206,1,2
1876,207,1,2
1876,208,1,2
1876,209,1,2
1876,210,1,2
1876,211,1,2
1876,212,1,2
1876,213,1,2
1876,214,1,2
1876,215,1,2
1876,216,1,2
1876,217,1,2
1876,218,1,2
1876,219,1,2
1876,220,1,2
1876,221,1,2
1876,222,1,2
1876,223,1,2
1876,224,1,2
1876,225,1,2
1876,226,1,2
1876,227,1,2
1876,228,1,2
1876,229,1,2
1876,230,1,2
1876,231,1,2
1876,232,1,2
1876,233,1,2
1876,234,1,2
1876,235,1,2
1876,236,1,2
1876,237,1,2
1876,238,1,2
1876,239,1,2
1876,240,1,2
1876,241,1,2
1876,242,1,2
1876,243,1,2
1876,244,1,2
1876,245,1,2
1876,246,1,2
1876,247,1,2
1876,248,1,2
1876,249,1,2
1876,250,1,2
1876,251,1,2
1876,252,1,2
1876,253,1,2
1876,254,1,2
1876,255,1,2
1876,256,1,2
1876,257,1,2
1876,258,1,2
1876,259,1,2
1876,260,1,2
1876,261,1,2
1876,262,1,2
1876,263,1,2
1876,264,1,2
1876,265,1,2
1876,266,1,2
1876,267,1,2
1876,268,1,2
1876,269,1,2
1876,270,1,2
1876,271,1,2
1876,272,1,2
1876,273,1,2
1876,274,1,2
1876,275,1,2
1876,276,1,2
1876,277,1,2
1876,278,1,2
1876,279,1,2
1876,280,1,2
1876,281,1,2
1876,282,1,2
1876,283,1,2
1876,284,1,2
1876,285,1,2
1876,286,1,2
1876,287,1,2
1876,288,1,2
1876,289,1,2
1876,290,1,2
1876,291,1,2
1876,292,1,2
1876,293,1,2
1876,294,1,2
1876,295,1,2
1876,296,1,2
1876,297,1,2
1876,298,1,2
1876,299,1,2
1876,300,1,2
1876,301,1,2
1876,302,1,2
1876,303,1,2
1876,304,1,2
1876,305,1,2
1876,306,1,2
1876,307,1,2
1876,308,1,2
1876,309,1,2
1876,310,1,2
1876,311,1,2
1876,312,1,2
1876,313,1,2
1876,314,1,2
1876,315,1,2
1876,316,1,2
1876,317,1,2
1876,318,1,2
1876,319,1,2
1876,320,1,2
1876,321,1,2
1876,322,1,2
1876,323,1,2
1876,324,1,2
1876,325,1,2
1876,326,1,2
1876,327,1,2
1876,328,1,2
1876,329,1,2
1876,330,1,2
1876,331,1,2
1876,332,1,2
1876,333,1,2
1876,334,1,2
1876,335,1,2
1876,336,1,2
1876,337,1,2
1876,338,1,2
1876,339,1,2
1876,340,1,2
1876,341,1,2
1876,342,1,2
1876,343,1,2
1876,344,1,2
1876,345,1,2
1876,346,1,2
1876,347,1,2
1876,348,1,2
1876,349,1,2
1876,350,1,2
1876,351,1,2
1876,352,1,2
1876,353,1,2
1876,354,1,2
1876,355,1,2
1876,356,1,2
1876,357,1,2
1876,358,1,2
1876,359,1,2
1876,360,1,2
1876,361,1,2
1876,362,1,2
1876,363,1,2
1876,364,1,2
1876,365,1,2
1876,366,1,2
1876,367,1,2
1876,368,1,2
1876,369,1,2
1876,370,1,2
1876,371,1,2
1876,372,1,2
1876,373,1,2
1876,374,1,2
1876,375,1,2
1876,376,1,2
1876,377,1,2
1876,378,1,2
1876,379,1,2
1876,380,1,2
1876,381,1,2
1876,382,1,2
1876,383,1,2
1876,384,1,2
1876,385,1,2
1876,386,1,2
1876,387,1,2
1876,388,1,2
1876,389,1,2
1876,390,1,2
1876,391,1,2
1876,392,1,2
1876,393,1,2
1876,394,1,2
1876,395,1,2
1876,396,1,2
1876,397,1,2
1876,398,1,2
1876,399,1,2
1876,400,1,2
1876,401,1,2
1876,402,1,2
1876,403,1,2
1876,404,1,2
1876,405,1,2
1876,406,1,2
1876,407,1,2
1876,408,1,2
1876,409,1,2
1876,410,1,2
1876,411,1,2
1876,412,1,2
1876,413,1,2
1876,414,1,2
1876,415,1,2
1876,416,1,2
1876,417,1,2
1876,418,1,2
1876,419,1,2
1876,420,1,2
1876,421,1,2
1876,422,1,2
1876,423,1,2
1876,424,1,2
1876,425,1,2
1876,426,1,2
1876,427,1,2
1876,428,1,2
1876,429,1,2
1876,430,1,2
1876,431,1,2
1876,432,1,2
1876,433,1,2
1876,434,1,2
1876,435,1,2
1876,436,1,2
1876,437,1,2
1876,438,1,2
1876,439,1,2
1876,440,1,2
1876,441,1,2
1876,442,1,2
1876,443,1,2
1876,444,1,2
1876,445,1,2
1876,446,1,2
1876,447,1,2
1876,448,1,2
1876,449,1,2
1876,450,1,2
1876,451,1,2
1876,452,1,2
1876,453,1,3
1876,454,1,3
1876,455,1,3
1876,456,1,3
1876,457,1,3
1876,458,1,3
1876,459,1,3
1876,460,1,3
1876,461,1,3
1876,462,1,3
1876,463,1,3
1876,464,1,3
1876,465,1,3
1876,466,1,3
1876,467,1,3
1876,468,1,3
1876,469,1,3
1876,470,1,3
1876,471,1,3
1876,472,1,3
1876,473,1,3
1876,474,1,3
1876,475,1,3
1876,476,1,3
1876,477,1,2
1876,478,1,2
1876,479,1,2
1876,480,1,2
1876,481,1,2
1876,482,1,2
1876,483,1,2
1876,484,1,2
1876,485,1,2
1876,486,1,2
1876,487,1,2
1876,488,1,2
1876,489,1,2
1876,490,1,2
1876,491,1,2
1876,492,1,2
1876,493,1,2
1876,494,1,2
1876,495,1,2
1876,496,1,2
1876,497,1,2
1876,498,1,2
1876,499,1,2
1876,500,1,2
1876,501,1,2
1876,502,1,3
1876,503,1,3
1876,504,1,3
1876,505,1,3
1876,506,1,3
1876,507,1,3
1876,508,1,3
1876,509,1,3
1876,510,1,3
1876,511,1,3
1876,512,1,3
1876,513,1,3
1876,514,1,3
1876,515,1,3
1876,516,1,3
1876,517,1,3
1876,518,1,3
1876,519,1,3
1876,520,1,3
1876,521,1,3
1876,522,1,3
1876,523,1,3
1876,524,1,3
1876,525,1,3
1876,526,1,3
1876,527,1,3
1876,528,1,3
1876,529,1,3
1876,530,1,3
1876,531,1,3
1876,532,1,3
1876,533,1,3
1876,534,1,3
1876,535,1,3
1876,536,1,3
1876,537,1,3
1876,538,1,3
1876,539,1,3
1876,540,1,3
1876,541,1,3
1876,542,1,3
1876,543,1,3
1876,544,1,3
1876,545,1,3
1876,546,1,3
1876,547,1,3
1876,548,1,3
1876,549,1,3
1876,550,1,3
1876,551,1,3
1876,552,1,3
1876,553,1,3
1876,554,1,3
1876,555,1,3
1876,556,1,3
1876,557,1,3
1876,558,1,3
1876,559,1,3
1876,560,1,3
1876,561,1,3
1876,562,1,3
1876,563,1,3
1876,564,1,3
1876,565,1,3
1876,566,1,3
1876,567,1,3
1876,568,1,3
1876,569,1,3
1876,570,1,3
1876,571,1,3
1876,572,1,3
1876,573,1,3
1876,574,1,3
1876,575,1,3
1876,576,1,3
1876,577,1,3
1876,578,1,3
1876,579,1,3
1876,580,1,2
1876,581,1,2
1876,582,1,2
1876,583,1,2
1876,584,1,2
1876,585,1,2
1876,586,1,2
1876,587,1,2
1876,588,1,2
1876,589,1,2
1876,590,1,2
1876,591,1,2
1876,592,1,2
1876,593,1,2
1876,594,1,2
1876,595,1,2
1876,596,1,2
1876,597,1,2
1876,598,1,2
1876,599,1,2
1876,600,1,2
1876,601,1,2
1876,602,1,2
1876,603,1,2
1876,604,1,2
1876,605,1,2
1876,606,1,2
1876,607,1,2
1876,608,1,2
1876,609,1,2
1876,610,1,2
1876,611,1,2
1876,612,1,2
1876,613,1,2
1876,614,1,2
1876,615,1,2
1876,616,1,2
1876,617,1,2
1876,618,1,2
1876,619,1,2
1876,620,1,2
1876,621,1,2
1876,622,1,2
1876,623,1,2
1876,624,1,2
1876,625,1,2
1876,626,1,2
1876,627,1,2
1876,628,1,2
1876,629,1,2
1876,630,1,2
1876,631,1,2
1876,632,1,2
1876,633,1,2
1876,634,1,2
1876,635,1,2
1876,636,1,2
1876,637,1,2
1876,638,1,2
1876,639,1,2
1876,640,1,2
1876,641,1,2
1876,642,1,2
1876,643,1,2
1876,644,1,2
1876,645,1,2
1876,646,1,2
1876,647,1,2
1876,648,1,2
1876,649,1,2
1876,650,1,2
1876,653,1,2
1876,654,1,2
1877,115,1,2
1877,116,1,2
1877,117,1,2
1877,118,1,2
1877,119,1,2
1877,120,1,2
1877,121,1,2
1877,122,1,2
1877,123,1,2
1877,124,1,2
1877,125,1,2
1877,126,1,2
1877,127,1,2
1877,128,1,3
1877,129,1,3
1877,130,1,3
1877,131,1,3
1877,132,1,3
1877,133,1,3
1877,134,1,3
1877,135,1,3
1877,136,1,3
1877,137,1,3
1877,138,1,3
1877,139,1,3
1877,140,1,3
1877,141,1,3
1877,142,1,3
1877,143,1,3
1877,144,1,3
1877,145,1,3
1877,146,1,3
1877,147,1,3
1877,148,1,2
1877,149,1,2
1877,150,1,2
1877,151,1,2
1877,152,1,2
1877,153,1,2
1877,154,1,2
1877,155,1,2
1877,156,1,2
1877,157,1,2
1877,158,1,2
1877,159,1,2
1877,160,1,2
1877,161,1,2
1877,162,1,2
1877,163,1,2
1877,164,1,2
1877,165,1,2
1877,166,1,2
1877,167,1,2
1877,168,1,2
1877,169,1,2
1877,170,1,2
1877,171,1,2
1877,172,1,2
1877,173,1,2
1877,174,1,2
1877,175,1,2
1877,176,1,2
1877,177,1,2
1877,178,1,2
1877,179,1,2
1877,180,1,2
1877,181,1,2
1877,182,1,2
1877,183,1,2
1877,184,1,2
1877,185,1,2
1877,186,1,2
1877,187,1,2
1877,188,1,2
1877,189,1,2
1877,190,1,2
1877,191,1,2
1877,192,1,2
1877,193,1,2
1877,194,1,2
1877,195,1,2
1877,196,1,2
1877,197,1,2
1877,198,1,2
1877,199,1,2
1877,200,1,2
1877,201,1,2
1877,202,1,2
1877,203,1,2
1877,204,1,2
1877,205,1,2
1877,206,1,2
1877,207,1,2
1877,208,1,2
1877,209,1,2
1877,210,1,2
1877,211,1,2
1877,212,1,2
1877,213,1,2
1877,214,1,2
1877,215,1,2
1877,216,1,2
1877,217,1,2
1877,218,1,2
1877,219,1,2
1877,220,1,2
1877,221,1,2
1877,222,1,2
1877,223,1,2
1877,224,1,2
1877,225,1,2
1877,226,1,2
1877,227,1,2
1877,228,1,2
1877,229,1,2
1877,230,1,2
1877,231,1,2
1877,232,1,2
1877,233,1,2
1877,234,1,2
1877,235,1,2
1877,236,1,2
1877,237,1,2
1877,238,1,2
1877,239,1,2
1877,240,1,2
1877,241,1,2
1877,242,1,2
1877,243,1,2
1877,244,1,2
1877,245,1,2
1877,246,1,2
1877,247,1,2
1877,248,1,2
1877,249,1,2
1877,250,1,2
1877,251,1,2
1877,252,1,2
1877,253,1,2
1877,254,1,2
1877,255,1,2
1877,256,1,2
1877,257,1,2
1877,258,1,2
1877,259,1,2
1877,260,1,2
1877,261,1,2
1877,262,1,2
1877,263,1,2
1877,264,1,2
1877,265,1,2
1877,266,1,2
1877,267,1,2
1877,268,1,2
1877,269,1,2
1877,270,1,2
1877,271,1,2
1877,272,1,2
1877,273,1,2
1877,274,1,2
1877,275,1,2
1877,276,1,2
1877,277,1,2
1877,278,1,2
1877,279,1,2
1877,280,1,2
1877,281,1,2
1877,282,1,2
1877,283,1,2
1877,284,1,2
1877,285,1,2
1877,286,1,2
1877,287,1,2
1877,288,1,2
1877,289,1,2
1877,290,1,2
1877,291,1,2
1877,292,1,2
1877,293,1,2
1877,294,1,2
1877,295,1,2
1877,296,1,2
1877,297,1,2
1877,298,1,2
1877,299,1,2
1877,300,1,2
1877,301,1,2
1877,302,1,2
1877,303,1,2
1877,304,1,2
1877,305,1,2
1877,306,1,2
1877,307,1,2
1877,308,1,2
1877,309,1,2
1877,310,1,2
1877,311,1,2
1877,312,1,2
1877,313,1,2
1877,314,1,2
1877,315,1,2
1877,316,1,2
1877,317,1,2
1877,318,1,2
1877,319,1,2
1877,320,1,2
1877,321,1,2
1877,322,1,2
1877,323,1,2
1877,324,1,2
1877,325,1,2
1877,326,1,2
1877,327,1,2
1877,328,1,2
1877,329,1,2
1877,330,1,2
1877,331,1,2
1877,332,1,2
1877,333,1,2
1877,334,1,2
1877,335,1,2
1877,336,1,2
1877,337,1,2
1877,338,1,2
1877,339,1,2
1877,340,1,2
1877,341,1,2
1877,342,1,2
1877,343,1,2
1877,344,1,2
1877,345,1,2
1877,346,1,2
1877,347,1,2
1877,348,1,2
1877,349,1,2
1877,350,1,2
1877,351,1,2
1877,352,1,2
1877,353,1,2
1877,354,1,2
1877,355,1,2
1877,356,1,2
1877,357,1,2
1877,358,1,2
1877,359,1,2
1877,360,1,2
1877,361,1,2
1877,362,1,2
1877,363,1,2
1877,364,1,2
1877,365,1,2
1877,366,1,2
1877,367,1,2
1877,368,1,2
1877,369,1,2
1877,370,1,2
1877,371,1,2
1877,372,1,2
1877,373,1,2
1877,374,1,2
1877,375,1,2
1877,376,1,2
1877,377,1,2
1877,378,1,2
1877,379,1,2
1877,380,1,2
1877,381,1,2
1877,382,1,2
1877,383,1,2
1877,384,1,2
1877,385,1,2
1877,386,1,2
1877,387,1,2
1877,388,1,2
1877,389,1,2
1877,390,1,2
1877,391,1,2
1877,392,1,2
1877,393,1,2
1877,394,1,2
1877,395,1,2
1877,396,1,2
1877,397,1,2
1877,398,1,2
1877,399,1,2
1877,400,1,2
1877,401,1,2
1877,402,1,2
1877,403,1,2
1877,404,1,2
1877,405,1,2
1877,406,1,2
1877,407,1,2
1877,408,1,2
1877,409,1,2
1877,410,1,2
1877,411,1,2
1877,412,1,2
1877,413,1,2
1877,414,1,2
1877,415,1,2
1877,416,1,2
1877,417,1,2
1877,418,1,2
1877,419,1,2
1877,420,1,2
1877,421,1,2
1877,422,1,2
1877,423,1,2
1877,424,1,2
1877,425,1,2
1877,426,1,2
1877,427,1,2
1877,428,1,2
1877,429,1,2
1877,430,1,2
1877,431,1,2
1877,432,1,2
1877,433,1,2
1877,434,1,2
1877,435,1,2
1877,436,1,2
1877,437,1,2
1877,438,1,2
1877,439,1,2
1877,440,1,2
1877,441,1,2
1877,442,1,2
1877,443,1,2
1877,444,1,2
1877,445,1,2
1877,446,1,2
1877,447,1,2
1877,448,1,2
1877,449,1,2
1877,450,1,2
1877,451,1,3
1877,452,1,3
1877,453,1,3
1877,454,1,3
1877,455,1,3
1877,456,1,3
1877,457,1,3
1877,458,1,3
1877,459,1,3
1877,460,1,3
1877,461,1,3
1877,462,1,3
1877,463,1,3
1877,464,1,3
1877,465,1,3
1877,466,1,3
1877,467,1,3
1877,468,1,3
1877,469,1,3
1877,470,1,3
1877,471,1,3
1877,472,1,3
1877,473,1,3
1877,474,1,3
1877,475,1,3
1877,476,1,3
1877,477,1,3
1877,478,1,3
1877,479,1,3
1877,480,1,2
1877,481,1,2
1877,482,1,2
1877,483,1,2
1877,484,1,2
1877,485,1,2
1877,486,1,2
1877,487,1,2
1877,488,1,2
1877,489,1,2
1877,490,1,2
1877,491,1,2
1877,492,1,2
1877,493,1,2
1877,494,1,2
1877,495,1,2
1877,496,1,2
1877,497,1,2
1877,498,1,2
1877,499,1,2
1877,500,1,2
1877,501,1,2
1877,502,1,2
1877,503,1,2
1877,504,1,2
1877,505,1,3
1877,506,1,3
1877,507,1,3
1877,508,1,3
1877,509,1,3
1877,510,1,3
1877,511,1,3
1877,512,1,3
1877,513,1,3
1877,514,1,3
1877,515,1,3
1877,516,1,3
1877,517,1,3
1877,518,1,3
1877,519,1,3
1877,520,1,3
1877,521,1,3
1877,522,1,3
1877,523,1,3
1877,524,1,3
1877,525,1,3
1877,526,1,3
1877,527,1,3
1877,528,1,3
1877,529,1,3
1877,530,1,3
1877,531,1,3
1877,532,1,3
1877,533,1,3
1877,534,1,3
1877,535,1,3
1877,536,1,3
1877,537,1,3
1877,538,1,3
1877,539,1,3
1877,540,1,3
1877,541,1,3
1877,542,1,3
1877,543,1,3
1877,544,1,3
1877,545,1,3
1877,546,1,3
1877,547,1,3
1877,548,1,3
1877,549,1,3
1877,550,1,3
1877,551,1,3
1877,552,1,3
1877,553,1,3
1877,554,1,3
1877,555,1,3
1877,556,1,3
1877,557,1,3
1877,558,1,3
1877,559,1,3
1877,560,1,3
1877,561,1,3
1877,562,1,3
1877,563,1,3
1877,564,1,3
1877,565,1,3
1877,566,1,3
1877,567,1,3
1877,568,1,3
1877,569,1,3
1877,570,1,3
1877,571,1,3
1877,572,1,3
1877,573,1,3
1877,574,1,3
1877,575,1,3
1877,576,1,3
1877,577,1,3
1877,578,1,3
1877,579,1,3
1877,580,1,2
1877,581,1,2
1877,582,1,2
1877,583,1,2
1877,584,1,2
1877,585,1,2
1877,586,1,2
1877,587,1,2
1877,588,1,2
1877,589,1,2
1877,590,1,2
1877,591,1,2
1877,592,1,2
1877,593,1,2
1877,594,1,2
1877,595,1,2
1877,596,1,2
1877,597,1,2
1877,598,1,2
1877,599,1,2
1877,600,1,2
1877,601,1,2
1877,602,1,2
1877,603,1,2
1877,604,1,2
1877,605,1,2
1877,606,1,2
1877,607,1,2
1877,608,1,2
1877,609,1,2
1877,610,1,2
1877,611,1,2
1877,612,1,2
1877,613,1,2
1877,614,1,2
1877,615,1,2
1877,616,1,2
1877,617,1,2
1877,618,1,2
1877,619,1,2
1877,620,1,2
1877,621,1,2
1877,622,1,2
1877,623,1,2
1877,624,1,2
1877,625,1,2
1877,626,1,2
1877,627,1,2
1877,628,1,2
1877,629,1,2
1877,630,1,2
1877,631,1,2
1877,632,1,2
1877,633,1,2
1877,634,1,2
1877,635,1,2
1877,636,1,2
1877,637,1,2
1877,638,1,2
1877,639,1,2
1877,640,1,2
1877,641,1,2
1877,642,1,2
1877,643,1,2
1877,644,1,2
1877,645,1,2
1877,646,1,2
1877,647,1,2
1877,648,1,2
1878,115,1,2
1878,116,1,2
1878,117,1,2
1878,118,1,2
1878,119,1,2
1878,120,1,2
1878,121,1,2
1878,122,1,2
1878,123,1,2
1878,124,1,2
1878,125,1,2
1878,126,1,2
1878,127,1,3
1878,128,1,3
1878,129,1,3
1878,130,1,3
1878,131,1,3
1878,132,1,3
1878,133,1,3
1878,134,1,3
1878,135,1,3
1878,136,1,3
1878,137,1,3
1878,138,1,3
1878,139,1,3
1878,140,1,3
1878,141,1,3
1878,142,1,3
1878,143,1,3
1878,144,1,3
1878,145,1,3
1878,146,1,3
1878,147,1,2
1878,148,1,2
1878,149,1,2
1878,150,1,2
1878,151,1,2
1878,152,1,2
1878,153,1,2
1878,154,1,2
1878,155,1,2
1878,156,1,2
1878,157,1,2
1878,158,1,2
1878,159,1,2
1878,160,1,2
1878,161,1,2
1878,162,1,2
1878,163,1,2
1878,164,1,2
1878,165,1,2
1878,166,1,2
1878,167,1,2
1878,168,1,2
1878,169,1,2
1878,170,1,2
1878,171,1,2
1878,172,1,2
1878,173,1,2
1878,174,1,2
1878,175,1,2
1878,176,1,2
1878,177,1,2
1878,178,1,2
1878,179,1,2
1878,180,1,2
1878,181,1,2
1878,182,1,2
1878,183,1,2
1878,184,1,2
1878,185,1,2
1878,186,1,2
1878,187,1,2
1878,188,1,2
1878,189,1,2
1878,190,1,2
1878,191,1,2
1878,192,1,2
1878,193,1,2
1878,194,1,2
1878,195,1,2
1878,196,1,2
1878,197,1,2
1878,198,1,2
1878,199,1,2
1878,200,1,2
1878,201,1,2
1878,202,1,2
1878,203,1,2
1878,204,1,2
1878,205,1,2
1878,206,1,2
1878,207,1,2
1878,208,1,2
1878,209,1,2
1878,210,1,2
1878,211,1,2
1878,212,1,2
1878,213,1,2
1878,214,1,2
1878,215,1,2
1878,216,1,2
1878,217,1,2
1878,218,1,2
1878,219,1,2
1878,220,1,2
1878,221,1,2
1878,222,1,2
1878,223,1,2
1878,224,1,2
1878,225,1,2
1878,226,1,2
1878,227,1,2
1878,228,1,2
1878,229,1,2
1878,230,1,2
1878,231,1,2
1878,232,1,2
1878,233,1,2
1878,234,1,2
1878,235,1,2
1878,236,1,2
1878,237,1,2
1878,238,1,2
1878,239,1,2
1878,240,1,2
1878,241,1,2
1878,242,1,2
1878,243,1,2
1878,244,1,2
1878,245,1,2
1878,246,1,2
1878,247,1,2
1878,248,1,2
1878,249,1,2
1878,250,1,2
1878,251,1,2
1878,252,1,2
1878,253,1,2
1878,254,1,2
1878,255,1,2
1878,256,1,2
1878,257,1,2
1878,258,1,2
1878,259,1,2
1878,260,1,2
1878,261,1,2
1878,262,1,2
1878,263,1,2
1878,264,1,2
1878,265,1,2
1878,266,1,2
1878,267,1,2
1878,268,1,2
1878,269,1,2
1878,270,1,2
1878,271,1,2
1878,272,1,2
1878,273,1,2
1878,274,1,2
1878,275,1,2
1878,276,1,2
1878,277,1,2
1878,278,1,2
1878,279,1,2
1878,280,1,2
1878,281,1,2
1878,282,1,2
1878,283,1,2
1878,284,1,2
1878,285,1,2
1878,286,1,2
1878,287,1,2
1878,288,1,2
1878,289,1,2
1878,290,1,2
1878,291,1,2
1878,292,1,2
1878,293,1,2
1878,294,1,2
1878,295,1,2
1878,296,1,2
1878,297,1,2
1878,298,1,2
1878,299,1,2
1878,300,1,2
1878,301,1,2
1878,302,1,2
1878,303,1,2
1878,304,1,2
1878,305,1,2
1878,306,1,2
1878,307,1,2
1878,308,1,2
1878,309,1,2
1878,310,1,2
1878,311,1,2
1878,312,1,2
1878,313,1,2
1878,314,1,2
1878,315,1,2
1878,316,1,2
1878,317,1,2
1878,318,1,2
1878,319,1,2
1878,320,1,2
1878,321,1,2
1878,322,1,2
1878,323,1,2
1878,324,1,2
1878,325,1,2
1878,326,1,2
1878,327,1,2
1878,328,1,2
1878,329,1,2
1878,330,1,2
1878,331,1,2
1878,332,1,2
1878,333,1,2
1878,334,1,2
1878,335,1,2
1878,336,1,2
1878,337,1,2
1878,338,1,2
1878,339,1,2
1878,340,1,2
1878,341,1,2
1878,342,1,2
1878,343,1,2
1878,344,1,2
1878,345,1,2
1878,346,1,2
1878,347,1,2
1878,348,1,2
1878,349,1,2
1878,350,1,2
1878,351,1,2
1878,352,1,2
1878,353,1,2
1878,354,1,2
1878,355,1,2
1878,356,1,2
1878,357,1,2
1878,358,1,2
1878,359,1,2
1878,360,1,2
1878,361,1,2
1878,362,1,2
1878,363,1,2
1878,364,1,2
1878,365,1,2
1878,366,1,2
1878,367,1,2
1878,368,1,2
1878,369,1,2
1878,370,1,2
1878,371,1,2
1878,372,1,2
1878,373,1,2
1878,374,1,2
1878,375,1,2
1878,376,1,2
1878,377,1,2
1878,378,1,2
1878,379,1,2
1878,380,1,2
1878,381,1,2
1878,382,1,2
1878,383,1,2
1878,384,1,2
1878,385,1,2
1878,386,1,2
1878,387,1,2
1878,388,1,2
1878,389,1,2
1878,390,1,2
1878,391,1,2
1878,392,1,2
1878,393,1,2
1878,394,1,2
1878,395,1,2
1878,396,1,2
1878,397,1,2
1878,398,1,2
1878,399,1,2
1878,400,1,2
1878,401,1,2
1878,402,1,2
1878,403,1,2
1878,404,1,2
1878,405,1,2
1878,406,1,2
1878,407,1,2
1878,408,1,2
1878,409,1,2
1878,410,1,2
1878,411,1,2
1878,412,1,2
1878,413,1,2
1878,414,1,2
1878,415,1,2
1878,416,1,2
1878,417,1,2
1878,418,1,2
1878,419,1,2
1878,420,1,2
1878,421,1,2
1878,422,1,2
1878,423,1,2
1878,424,1,2
1878,425,1,2
1878,426,1,2
1878,427,1,2
1878,428,1,2
1878,429,1,2
1878,430,1,2
1878,431,1,2
1878,432,1,2
1878,433,1,2
1878,434,1,2
1878,435,1,2
1878,436,1,2
1878,437,1,2
1878,438,1,2
1878,439,1,2
1878,440,1,2
1878,441,1,2
1878,442,1,2
1878,443,1,2
1878,444,1,2
1878,445,1,2
1878,446,1,2
1878,447,1,2
1878,448,1,2
1878,449,1,3
1878,450,1,3
1878,451,1,3
1878,452,1,3
1878,453,1,3
1878,454,1,3
1878,455,1,3
1878,456,1,3
1878,457,1,3
1878,458,1,3
1878,459,1,3
1878,460,1,3
1878,461,1,3
1878,462,1,3
1878,463,1,3
1878,464,1,3
1878,465,1,3
1878,466,1,3
1878,467,1,3
1878,468,1,3
1878,469,1,3
1878,470,1,3
1878,471,1,3
1878,472,1,3
1878,473,1,3
1878,474,1,3
1878,475,1,3
1878,476,1,3
1878,477,1,3
1878,478,1,3
1878,479,1,3
1878,480,1,3
1878,481,1,2
1878,482,1,2
1878,483,1,2
1878,484,1,2
1878,485,1,2
1878,486,1,2
1878,487,1,2
1878,488,1,2
1878,489,1,2
1878,490,1,2
1878,491,1,2
1878,492,1,2
1878,493,1,2
1878,494,1,2
1878,495,1,2
1878,496,1,2
1878,497,1,2
1878,498,1,2
1878,499,1,2
1878,500,1,2
1878,501,1,2
1878,502,1,2
1878,503,1,2
1878,504,1,2
1878,505,1,2
1878,506,1,3
1878,507,1,3
1878,508,1,3
1878,509,1,3
1878,510,1,3
1878,511,1,3
1878,512,1,3
1878,513,1,3
1878,514,1,3
1878,515,1,3
1878,516,1,3
1878,517,1,3
1878,518,1,3
1878,519,1,3
1878,520,1,3
1878,521,1,3
1878,522,1,3
1878,523,1,3
1878,524,1,3
1878,525,1,3
1878,526,1,3
1878,527,1,3
1878,528,1,3
1878,529,1,3
1878,530,1,3
1878,531,1,3
1878,532,1,3
1878,533,1,3
1878,534,1,3
1878,535,1,3
1878,536,1,3
1878,537,1,3
1878,538,1,3
1878,539,1,3
1878,540,1,3
1878,541,1,3
1878,542,1,3
1878,543,1,3
1878,544,1,3
1878,545,1,3
1878,546,1,3
1878,547,1,3
1878,548,1,3
1878,549,1,3
1878,550,1,3
1878,551,1,3
1878,552,1,3
1878,553,1,3
1878,554,1,3
1878,555,1,3
1878,556,1,3
1878,557,1,3
1878,558,1,3
1878,559,1,3
1878,560,1,3
1878,561,1,3
1878,562,1,3
1878,563,1,3
1878,564,1,3
1878,565,1,3
1878,566,1,3
1878,567,1,3
1878,568,1,3
1878,569,1,3
1878,570,1,3
1878,571,1,3
1878,572,1,3
1878,573,1,3
1878,574,1,3
1878,575,1,3
1878,576,1,3
1878,577,1,3
1878,578,1,3
1878,579,1,3
1878,580,1,2
1878,581,1,2
1878,582,1,2
1878,583,1,2
1878,584,1,2
1878,585,1,2
1878,586,1,2
1878,587,1,2
1878,588,1,2
1878,589,1,2
1878,590,1,2
1878,591,1,2
1878,592,1,2
1878,593,1,2
1878,594,1,2
1878,595,1,2
1878,596,1,2
1878,597,1,2
1878,598,1,2
1878,599,1,2
1878,600,1,2
1878,601,1,2
1878,602,1,2
1878,603,1,2
1878,604,1,2
1878,605,1,2
1878,606,1,2
1878,607,1,2
1878,608,1,2
1878,609,1,2
1878,610,1,2
1878,611,1,2
1878,612,1,2
1878,613,1,2
1878,614,1,2
1878,615,1,2
1878,616,1,2
1878,617,1,2
1878,618,1,2
1878,619,1,2
1878,620,1,2
1878,621,1,2
1878,622,1,2
1878,623,1,2
1878,624,1,2
1878,625,1,2
1878,626,1,2
1878,627,1,2
1878,628,1,2
1878,629,1,2
1878,630,1,2
1878,631,1,2
1878,632,1,2
1878,633,1,2
1878,634,1,2
1878,635,1,2
1878,636,1,2
1878,637,1,2
1878,638,1,2
1878,639,1,2
1878,640,1,2
1878,641,1,2
1878,642,1,2
1878,643,1,2
1878,644,1,2
1878,645,1,2
1878,646,1,2
1878,647,1,2
1878,648,1,2
1879,115,1,2
1879,116,1,2
1879,117,1,2
1879,118,1,2
1879,119,1,2
1879,120,1,2
1879,121,1,2
1879,122,1,2
1879,123,1,2
1879,124,1,2
1879,125,1,2
1879,126,1,2
1879,127,1,3
1879,128,1,3
1879,129,1,3
1879,130,1,3
1879,131,1,3
1879,132,1,3
1879,133,1,3
1879,134,1,3
1879,135,1,3
1879,136,1,3
1879,137,1,3
1879,138,1,3
1879,139,1,3
1879,140,1,3
1879,141,1,3
1879,142,1,3
1879,143,1,3
1879,144,1,3
1879,145,1,3
1879,146,1,2
1879,147,1,2
1879,148,1,2
1879,149,1,2
1879,150,1,2
1879,151,1,2
1879,152,1,2
1879,153,1,2
1879,154,1,2
1879,155,1,2
1879,156,1,2
1879,157,1,2
1879,158,1,2
1879,159,1,2
1879,160,1,2
1879,161,1,2
1879,162,1,2
1879,163,1,2
1879,164,1,2
1879,165,1,2
1879,166,1,2
1879,167,1,2
1879,168,1,2
1879,169,1,2
1879,170,1,2
1879,171,1,2
1879,172,1,2
1879,173,1,2
1879,174,1,2
1879,175,1,2
1879,176,1,2
1879,177,1,2
1879,178,1,2
1879,179,1,2
1879,180,1,2
1879,181,1,2
1879,182,1,2
1879,183,1,2
1879,184,1,2
1879,185,1,2
1879,186,1,2
1879,187,1,2
1879,188,1,2
1879,189,1,2
1879,190,1,2
1879,191,1,2
1879,192,1,2
1879,193,1,2
1879,194,1,2
1879,195,1,2
1879,196,1,2
1879,197,1,2
1879,198,1,2
1879,199,1,2
1879,200,1,2
1879,201,1,2
1879,202,1,2
1879,203,1,2
1879,204,1,2
1879,205,1,2
1879,206,1,2
1879,207,1,2
1879,208,1,2
1879,209,1,2
1879,210,1,2
1879,211,1,2
1879,212,1,2
1879,213,1,2
1879,214,1,2
1879,215,1,2
1879,216,1,2
1879,217,1,2
1879,218,1,2
1879,219,1,2
1879,220,1,2
1879,221,1,2
1879,222,1,2
1879,223,1,2
1879,224,1,2
1879,225,1,2
1879,226,1,2
1879,227,1,2
1879,228,1,2
1879,229,1,2
1879,230,1,2
1879,231,1,2
1879,232,1,2
1879,233,1,2
1879,234,1,2
1879,235,1,2
1879,236,1,2
1879,237,1,2
1879,238,1,2
1879,239,1,2
1879,240,1,2
1879,241,1,2
1879,242,1,2
1879,243,1,2
1879,244,1,2
1879,245,1,2
1879,246,1,2
1879,247,1,2
1879,248,1,2
1879,249,1,2
1879,250,1,2
1879,251,1,2
1879,252,1,2
1879,253,1,2
1879,254,1,2
1879,255,1,2
1879,256,1,2
1879,257,1,2
1879,258,1,2
1879,259,1,2
1879,260,1,2
1879,261,1,2
1879,262,1,2
1879,263,1,2
1879,264,1,2
1879,265,1,2
1879,266,1,2
1879,267,1,2
1879,268,1,2
1879,269,1,2
1879,270,1,2
1879,271,1,2
1879,272,1,2
1879,273,1,2
1879,274,1,2
1879,275,1,2
1879,276,1,2
1879,277,1,2
1879,278,1,2
1879,279,1,2
1879,280,1,2
1879,281,1,2
1879,282,1,2
1879,283,1,2
1879,284,1,2
1879,285,1,2
1879,286,1,2
1879,287,1,2
1879,288,1,2
1879,289,1,2
1879,290,1,2
1879,291,1,2
1879,292,1,2
1879,293,1,2
1879,294,1,2
1879,295,1,2
1879,296,1,2
1879,297,1,2
1879,298,1,2
1879,299,1,2
1879,300,1,2
1879,301,1,2
1879,302,1,2
1879,303,1,2
1879,304,1,2
1879,305,1,2
1879,306,1,2
1879,307,1,2
1879,308,1,2
1879,309,1,2
1879,310,1,2
1879,311,1,2
1879,312,1,2
1879,313,1,2
1879,314,1,2
1879,315,1,2
1879,316,1,2
1879,317,1,2
1879,318,1,2
1879,319,1,2
1879,320,1,2
1879,321,1,2
1879,322,1,2
1879,323,1,2
1879,324,1,2
1879,325,1,2
1879,326,1,2
1879,327,1,2
1879,328,1,2
1879,329,1,2
1879,330,1,2
1879,331,1,2
1879,332,1,2
1879,333,1,2
1879,334,1,2
1879,335,1,2
1879,336,1,2
1879,337,1,2
1879,338,1,2
1879,339,1,2
1879,340,1,2
1879,341,1,2
1879,342,1,2
1879,343,1,2
1879,344,1,2
1879,345,1,2
1879,346,1,2
1879,347,1,2
1879,348,1,2
1879,349,1,2
1879,350,1,2
1879,351,1,2
1879,352,1,2
1879,353,1,2
1879,354,1,2
1879,355,1,2
1879,356,1,2
1879,357,1,2
1879,358,1,2
1879,359,1,2
1879,360,1,2
1879,361,1,2
1879,362,1,2
1879,363,1,2
1879,364,1,2
1879,365,1,2
1879,366,1,2
1879,367,1,2
1879,368,1,2
1879,369,1,2
1879,370,1,2
1879,371,1,2
1879,372,1,2
1879,373,1,2
1879,374,1,2
1879,375,1,2
1879,376,1,2
1879,377,1,2
1879,378,1,2
1879,379,1,2
1879,380,1,2
1879,381,1,2
1879,382,1,2
1879,383,1,2
1879,384,1,2
1879,385,1,2
1879,386,1,2
1879,387,1,2
1879,388,1,2
1879,389,1,2
1879,390,1,2
1879,391,1,2
1879,392,1,2
1879,393,1,2
1879,394,1,2
1879,395,1,2
1879,396,1,2
1879,397,1,2
1879,398,1,2
1879,399,1,2
1879,400,1,2
1879,401,1,2
1879,402,1,2
1879,403,1,2
1879,404,1,2
1879,405,1,2
1879,406,1,2
1879,407,1,2
1879,408,1,2
1879,409,1,2
1879,410,1,2
1879,411,1,2
1879,412,1,2
1879,413,1,2
1879,414,1,2
1879,415,1,2
1879,416,1,2
1879,417,1,2
1879,418,1,2
1879,419,1,2
1879,420,1,2
1879,421,1,2
1879,422,1,2
1879,423,1,2
1879,424,1,2
1879,425,1,2
1879,426,1,2
1879,427,1,2
1879,428,1,2
1879,429,1,2
1879,430,1,2
1879,431,1,2
1879,432,1,2
1879,433,1,2
1879,434,1,2
1879,435,1,2
1879,436,1,2
1879,437,1,2
1879,438,1,2
1879,439,1,2
1879,440,1,2
1879,441,1,2
1879,442,1,2
1879,443,1,2
1879,444,1,2
1879,445,1,2
1879,446,1,2
1879,447,1,2
1879,448,1,2
1879,449,1,3
1879,450,1,3
1879,451,1,3
1879,452,1,3
1879,453,1,3
1879,454,1,3
1879,455,1,3
1879,456,1,3
1879,457,1,3
1879,458,1,3
1879,459,1,3
1879,460,1,3
1879,461,1,3
1879,462,1,3
1879,463,1,3
1879,464,1,3
1879,465,1,3
1879,466,1,3
1879,467,1,3
1879,468,1,3
1879,469,1,3
1879,470,1,3
1879,471,1,3
1879,472,1,3
1879,473,1,3
1879,474,1,3
1879,475,1,3
1879,476,1,3
1879,477,1,3
1879,478,1,3
1879,479,1,3
1879,480,1,3
1879,481,1,2
1879,482,1,2
1879,483,1,2
1879,484,1,2
1879,485,1,2
1879,486,1,2
1879,487,1,2
1879,488,1,2
1879,489,1,2
1879,490,1,2
1879,491,1,2
1879,492,1,2
1879,493,1,2
1879,494,1,2
1879,495,1,2
1879,496,1,2
1879,497,1,2
1879,498,1,2
1879,499,1,2
1879,500,1,2
1879,501,1,2
1879,502,1,2
1879,503,1,2
1879,504,1,2
1879,505,1,2
1879,506,1,2
1879,507,1,3
1879,508,1,3
1879,509,1,3
1879,510,1,3
1879,511,1,3
1879,512,1,3
1879,513,1,3
1879,514,1,3
1879,515,1,3
1879,516,1,3
1879,517,1,3
1879,518,1,3
1879,519,1,3
1879,520,1,3
1879,521,1,3
1879,522,1,3
1879,523,1,3
1879,524,1,3
1879,525,1,3
1879,526,1,3
1879,527,1,3
1879,528,1,3
1879,529,1,3
1879,530,1,3
1879,531,1,3
1879,532,1,3
1879,533,1,3
1879,534,1,3
1879,535,1,3
1879,536,1,3
1879,537,1,3
1879,538,1,3
1879,539,1,3
1879,540,1,3
1879,541,1,3
1879,542,1,3
1879,543,1,3
1879,544,1,3
1879,545,1,3
1879,546,1,3
1879,547,1,3
1879,548,1,3
1879,549,1,3
1879,550,1,3
1879,551,1,3
1879,552,1,3
1879,553,1,3
1879,554,1,3
1879,555,1,3
1879,556,1,3
1879,557,1,3
1879,558,1,3
1879,559,1,3
1879,560,1,3
1879,561,1,3
1879,562,1,3
1879,563,1,3
1879,564,1,3
1879,565,1,3
1879,566,1,3
1879,567,1,3
1879,568,1,3
1879,569,1,3
1879,570,1,3
1879,571,1,3
1879,572,1,3
1879,573,1,3
1879,574,1,3
1879,575,1,3
1879,576,1,3
1879,577,1,3
1879,578,1,3
1879,579,1,3
1879,580,1,2
1879,581,1,2
1879,582,1,2
1879,583,1,2
1879,584,1,2
1879,585,1,2
1879,586,1,2
1879,587,1,2
1879,588,1,2
1879,589,1,2
1879,590,1,2
1879,591,1,2
1879,592,1,2
1879,593,1,2
1879,594,1,2
1879,595,1,2
1879,596,1,2
1879,597,1,2
1879,598,1,2
1879,599,1,2
1879,600,1,2
1879,601,1,2
1879,602,1,2
1879,603,1,2
1879,604,1,2
1879,605,1,2
1879,606,1,2
1879,607,1,2
1879,608,1,2
1879,609,1,2
1879,610,1,2
1879,611,1,2
1879,612,1,2
1879,613,1,2
1879,614,1,2
1879,615,1,2
1879,616,1,2
1879,617,1,2
1879,618,1,2
1879,619,1,2
1879,620,1,2
1879,621,1,2
1879,622,1,2
1879,623,1,2
1879,624,1,2
1879,625,1,2
1879,626,1,2
1879,627,1,2
1879,628,1,2
1879,629,1,2
1879,630,1,2
1879,631,1,2
1879,632,1,2
1879,633,1,2
1879,634,1,2
1879,635,1,2
1879,636,1,2
1879,637,1,2
1879,638,1,2
1879,639,1,2
1879,640,1,2
1879,641,1,2
1879,642,1,2
1879,643,1,2
1879,644,1,2
1879,645,1,2
1879,646,1,2
1880,114,1,2
1880,115,1,2
1880,116,1,2
1880,117,1,2
1880,118,1,2
1880,119,1,2
1880,120,1,2
1880,121,1,2
1880,122,1,2
1880,123,1,2
1880,124,1,2
1880,125,1,2
1880,126,1,2
1880,127,1,3
1880,128,1,3
1880,129,1,3
1880,130,1,3
1880,131,1,3
1880,132,1,3
1880,133,1,3
1880,134,1,3
1880,135,1,3
1880,136,1,3
1880,137,1,3
1880,138,1,3
1880,139,1,3
1880,140,1,3
1880,141,1,3
1880,142,1,3
1880,143,1,3
1880,144,1,3
1880,145,1,2
1880,146,1,2
1880,147,1,2
1880,148,1,2
1880,149,1,2
1880,150,1,2
1880,151,1,2
1880,152,1,2
1880,153,1,2
1880,154,1,2
1880,155,1,2
1880,156,1,2
1880,157,1,2
1880,158,1,2
1880,159,1,2
1880,160,1,2
1880,161,1,2
1880,162,1,2
1880,163,1,2
1880,164,1,2
1880,165,1,2
1880,166,1,2
1880,167,1,2
1880,168,1,2
1880,169,1,2
1880,170,1,2
1880,171,1,2
1880,172,1,2
1880,173,1,2
1880,174,1,2
1880,175,1,2
1880,176,1,2
1880,177,1,2
1880,178,1,2
1880,179,1,2
1880,180,1,2
1880,181,1,2
1880,182,1,2
1880,183,1,2
1880,184,1,2
1880,185,1,2
1880,186,1,2
1880,187,1,2
1880,188,1,2
1880,189,1,2
1880,190,1,2
1880,191,1,2
1880,192,1,2
1880,193,1,2
1880,194,1,2
1880,195,1,2
1880,196,1,2
1880,197,1,2
1880,198,1,2
1880,199,1,2
1880,200,1,2
1880,201,1,2
1880,202,1,2
1880,203,1,2
1880,204,1,2
1880,205,1,2
1880,206,1,2
1880,207,1,2
1880,208,1,2
1880,209,1,2
1880,210,1,2
1880,211,1,2
1880,212,1,2
1880,213,1,2
1880,214,1,2
1880,215,1,2
1880,216,1,2
1880,217,1,2
1880,218,1,2
1880,219,1,2
1880,220,1,2
1880,221,1,2
1880,222,1,2
1880,223,1,2
1880,224,1,2
1880,225,1,2
1880,226,1,2
1880,227,1,2
1880,228,1,2
1880,229,1,2
1880,230,1,2
1880,231,1,2
1880,232,1,2
1880,233,1,2
1880,234,1,2
1880,235,1,2
1880,236,1,2
1880,237,1,2
1880,238,1,2
1880,239,1,2
1880,240,1,2
1880,241,1,2
1880,242,1,2
1880,243,1,2
1880,244,1,2
1880,245,1,2
1880,246,1,2
1880,247,1,2
1880,248,1,2
1880,249,1,2
1880,250,1,2
1880,251,1,2
1880,252,1,2
1880,253,1,2
1880,254,1,2
1880,255,1,2
1880,256,1,2
1880,257,1,2
1880,258,1,2
1880,259,1,2
1880,260,1,2
1880,261,1,2
1880,262,1,2
1880,263,1,2
1880,264,1,2
1880,265,1,2
1880,266,1,2
1880,267,1,2
1880,268,1,2
1880,269,1,2
1880,270,1,2
1880,271,1,2
1880,272,1,2
1880,273,1,2
1880,274,1,2
1880,275,1,2
1880,276,1,2
1880,277,1,2
1880,278,1,2
1880,279,1,2
1880,280,1,2
1880,281,1,2
1880,282,1,2
1880,283,1,2
1880,284,1,2
1880,285,1,2
1880,286,1,2
1880,287,1,2
1880,288,1,2
1880,289,1,2
1880,290,1,2
1880,291,1,2
1880,292,1,2
1880,293,1,2
1880,294,1,2
1880,295,1,2
1880,296,1,2
1880,297,1,2
1880,298,1,2
1880,299,1,2
1880,300,1,2
1880,301,1,2
1880,302,1,2
1880,303,1,2
1880,304,1,2
1880,305,1,2
1880,306,1,2
1880,307,1,2
1880,308,1,2
1880,309,1,2
1880,310,1,2
1880,311,1,2
1880,312,1,2
1880,313,1,2
1880,314,1,2
1880,315,1,2
1880,316,1,2
1880,317,1,2
1880,318,1,2
1880,319,1,2
1880,320,1,2
1880,321,1,2
1880,322,1,2
1880,323,1,2
1880,324,1,2
1880,325,1,2
1880,326,1,2
1880,327,1,2
1880,328,1,2
1880,329,1,2
1880,330,1,2
1880,331,1,2
1880,332,1,2
1880,333,1,2
1880,334,1,2
1880,335,1,2
1880,336,1,2
1880,337,1,2
1880,338,1,2
1880,339,1,2
1880,340,1,2
1880,341,1,2
1880,342,1,2
1880,343,1,2
1880,344,1,2
1880,345,1,2
1880,346,1,2
1880,347,1,2
1880,348,1,2
1880,349,1,2
1880,350,1,2
1880,351,1,2
1880,352,1,2
1880,353,1,2
1880,354,1,2
1880,355,1,2
1880,356,1,2
1880,357,1,2
1880,358,1,2
1880,359,1,2
1880,360,1,2
1880,361,1,2
1880,362,1,2
1880,363,1,2
1880,364,1,2
1880,365,1,2
1880,366,1,2
1880,367,1,2
1880,368,1,2
1880,369,1,2
1880,370,1,2
1880,371,1,2
1880,372,1,2
1880,373,1,2
1880,374,1,2
1880,375,1,2
1880,376,1,2
1880,377,1,2
1880,378,1,2
1880,379,1,2
1880,380,1,2
1880,381,1,2
1880,382,1,2
1880,383,1,2
1880,384,1,2
1880,385,1,2
1880,386,1,2
1880,387,1,2
1880,388,1,2
1880,389,1,2
1880,390,1,2
1880,391,1,2
1880,392,1,2
1880,393,1,2
1880,394,1,2
1880,395,1,2
1880,396,1,2
1880,397,1,2
1880,398,1,2
1880,399,1,2
1880,400,1,2
1880,401,1,2
1880,402,1,2
1880,403,1,2
1880,404,1,2
1880,405,1,2
1880,406,1,2
1880,407,1,2
1880,408,1,2
1880,409,1,2
1880,410,1,2
1880,411,1,2
1880,412,1,2
1880,413,1,2
1880,414,1,2
1880,415,1,2
1880,416,1,2
1880,417,1,2
1880,418,1,2
1880,419,1,2
1880,420,1,2
1880,421,1,2
1880,422,1,2
1880,423,1,2
1880,424,1,2
1880,425,1,2
1880,426,1,2
1880,427,1,2
1880,428,1,2
1880,429,1,2
1880,430,1,2
1880,431,1,2
1880,432,1,2
1880,433,1,2
1880,434,1,2
1880,435,1,2
1880,436,1,2
1880,437,1,2
1880,438,1,2
1880,439,1,2
1880,440,1,2
1880,441,1,2
1880,442,1,2
1880,443,1,2
1880,444,1,2
1880,445,1,2
1880,446,1,2
1880,447,1,2
1880,448,1,2
1880,449,1,3
1880,450,1,3
1880,451,1,3
1880,452,1,3
1880,453,1,3
1880,454,1,3
1880,455,1,3
1880,456,1,3
1880,457,1,3
1880,458,1,3
1880,459,1,3
1880,460,1,3
1880,461,1,3
1880,462,1,3
1880,463,1,3
1880,464,1,3
1880,465,1,3
1880,466,1,3
1880,467,1,3
1880,468,1,3
1880,469,1,3
1880,470,1,3
1880,471,1,3
1880,472,1,3
1880,473,1,3
1880,474,1,3
1880,475,1,3
1880,476,1,3
1880,477,1,3
1880,478,1,3
1880,479,1,3
1880,480,1,3
1880,481,1,3
1880,482,1,2
1880,483,1,2
1880,484,1,2
1880,485,1,2
1880,486,1,2
1880,487,1,2
1880,488,1,2
1880,489,1,2
1880,490,1,2
1880,491,1,2
1880,492,1,2
1880,493,1,2
1880,494,1,2
1880,495,1,2
1880,496,1,2
1880,497,1,2
1880,498,1,2
1880,499,1,2
1880,500,1,2
1880,501,1,2
1880,502,1,2
1880,503,1,2
1880,504,1,2
1880,505,1,2
1880,506,1,2
1880,507,1,2
1880,508,1,3
1880,509,1,3
1880,510,1,3
1880,511,1,3
1880,512,1,3
1880,513,1,3
1880,514,1,3
1880,515,1,3
1880,516,1,3
1880,517,1,3
1880,518,1,3
1880,519,1,3
1880,520,1,3
1880,521,1,3
1880,522,1,3
1880,523,1,3
1880,524,1,3
1880,525,1,3
1880,526,1,3
1880,527,1,3
1880,528,1,3
1880,529,1,3
1880,530,1,3
1880,531,1,3
1880,532,1,3
1880,533,1,3
1880,534,1,3
1880,535,1,3
1880,536,1,3
1880,537,1,3
1880,538,1,3
1880,539,1,3
1880,540,1,3
1880,541,1,3
1880,542,1,3
1880,543,1,3
1880,544,1,3
1880,545,1,3
1880,546,1,3
1880,547,1,3
1880,548,1,3
1880,549,1,3
1880,550,1,3
1880,551,1,3
1880,552,1,3
1880,553,1,3
1880,554,1,3
1880,555,1,3
1880,556,1,3
1880,557,1,3
1880,558,1,3
1880,559,1,3
1880,560,1,3
1880,561,1,3
1880,562,1,3
1880,563,1,3
1880,564,1,3
1880,565,1,3
1880,566,1,3
1880,567,1,3
1880,568,1,3
1880,569,1,3
1880,570,1,3
1880,571,1,3
1880,572,1,3
1880,573,1,3
1880,574,1,3
1880,575,1,3
1880,576,1,3
1880,577,1,3
1880,578,1,3
1880,579,1,3
1880,580,1,2
1880,581,1,2
1880,582,1,2
1880,583,1,2
1880,584,1,2
1880,585,1,2
1880,586,1,2
1880,587,1,2
1880,588,1,2
1880,589,1,2
1880,590,1,2
1880,591,1,2
1880,592,1,2
1880,593,1,2
1880,594,1,2
1880,595,1,2
1880,596,1,2
1880,597,1,2
1880,598,1,2
1880,599,1,2
1880,600,1,2
1880,601,1,2
1880,602,1,2
1880,603,1,2
1880,604,1,2
1880,605,1,2
1880,606,1,2
1880,607,1,2
1880,608,1,2
1880,609,1,2
1880,610,1,2
1880,611,1,2
1880,612,1,2
1880,613,1,2
1880,614,1,2
1880,615,1,2
1880,616,1,2
1880,617,1,2
1880,618,1,2
1880,619,1,2
1880,620,1,2
1880,621,1,2
1880,622,1,2
1880,623,1,2
1880,624,1,2
1880,625,1,2
1880,626,1,2
1880,627,1,2
1880,628,1,2
1880,629,1,2
1880,630,1,2
1880,631,1,2
1880,632,1,2
1880,633,1,2
1880,634,1,2
1880,635,1,2
1880,636,1,2
1880,637,1,2
1880,638,1,2
1880,639,1,2
1880,640,1,2
1880,641,1,2
1880,642,1,2
1880,643,1,2
1880,644,1,2
1880,645,1,2
1880,646,1,2
1881,114,1,2
1881,115,1,2
1881,116,1,2
1881,117,1,2
1881,118,1,2
1881,119,1,2
1881,120,1,2
1881,121,1,2
1881,122,1,2
1881,123,1,2
1881,124,1,2
1881,125,1,2
1881,126,1,3
1881,127,1,3
1881,128,1,3
1881,129,1,3
1881,130,1,3
1881,131,1,3
1881,132,1,3
1881,133,1,3
1881,134,1,3
1881,135,1,3
1881,136,1,3
1881,137,1,3
1881,138,1,3
1881,139,1,3
1881,140,1,3
1881,141,1,3
1881,142,1,3
1881,143,1,3
1881,144,1,2
1881,145,1,2
1881,146,1,2
1881,147,1,2
1881,148,1,2
1881,149,1,2
1881,150,1,2
1881,151,1,2
1881,152,1,2
1881,153,1,2
1881,154,1,2
1881,155,1,2
1881,156,1,2
1881,157,1,2
1881,158,1,2
1881,159,1,2
1881,160,1,2
1881,161,1,2
1881,162,1,2
1881,163,1,2
1881,164,1,2
1881,165,1,2
1881,166,1,2
1881,167,1,2
1881,168,1,2
1881,169,1,2
1881,170,1,2
1881,171,1,2
1881,172,1,2
1881,173,1,2
1881,174,1,2
1881,175,1,2
1881,176,1,2
1881,177,1,2
1881,178,1,2
1881,179,1,2
1881,180,1,2
1881,181,1,2
1881,182,1,2
1881,183,1,2
1881,184,1,2
1881,185,1,2
1881,186,1,2
1881,187,1,2
1881,188,1,2
1881,189,1,2
1881,190,1,2
1881,191,1,2
1881,192,1,2
1881,193,1,2
1881,194,1,2
1881,195,1,2
1881,196,1,2
1881,197,1,2
1881,198,1,2
1881,199,1,2
1881,200,1,2
1881,201,1,2
1881,202,1,2
1881,203,1,2
1881,204,1,2
1881,205,1,2
1881,206,1,2
1881,207,1,2
1881,208,1,2
1881,209,1,2
1881,210,1,2
1881,211,1,2
1881,212,1,2
1881,213,1,2
1881,214,1,2
1881,215,1,2
1881,216,1,2
1881,217,1,2
1881,218,1,2
1881,219,1,2
1881,220,1,2
1881,221,1,2
1881,222,1,2
1881,223,1,2
1881,224,1,2
1881,225,1,2
1881,226,1,2
1881,227,1,2
1881,228,1,2
1881,229,1,2
1881,230,1,2
1881,231,1,2
1881,232,1,2
1881,233,1,2
1881,234,1,2
1881,235,1,2
1881,236,1,2
1881,237,1,2
1881,238,1,2
1881,239,1,2
1881,240,1,2
1881,241,1,2
1881,242,1,2
1881,243,1,2
1881,244,1,2
1881,245,1,2
1881,246,1,2
1881,247,1,2
1881,248,1,2
1881,249,1,2
1881,250,1,2
1881,251,1,2
1881,252,1,2
1881,253,1,2
1881,254,1,2
1881,255,1,2
1881,256,1,2
1881,257,1,2
1881,258,1,2
1881,259,1,2
1881,260,1,2
1881,261,1,2
1881,262,1,2
1881,263,1,2
1881,264,1,2
1881,265,1,2
1881,266,1,2
1881,267,1,2
1881,268,1,2
1881,269,1,2
1881,270,1,2
1881,271,1,2
1881,272,1,2
1881,273,1,2
1881,274,1,2
1881,275,1,2
1881,276,1,2
1881,277,1,2
1881,278,1,2
1881,279,1,2
1881,280,1,2
1881,281,1,2
1881,282,1,2
1881,283,1,2
1881,284,1,2
1881,285,1,2
1881,286,1,2
1881,287,1,2
1881,288,1,2
1881,289,1,2
1881,290,1,2
1881,291,1,2
1881,292,1,2
1881,293,1,2
1881,294,1,2
1881,295,1,2
1881,296,1,2
1881,297,1,2
1881,298,1,2
1881,299,1,2
1881,300,1,2
1881,301,1,2
1881,302,1,2
1881,303,1,2
1881,304,1,2
1881,305,1,2
1881,306,1,2
1881,307,1,2
1881,308,1,2
1881,309,1,2
1881,310,1,2
1881,311,1,2
1881,312,1,2
1881,313,1,2
1881,314,1,2
1881,315,1,2
1881,316,1,2
1881,317,1,2
1881,318,1,2
1881,319,1,2
1881,320,1,2
1881,321,1,2
1881,322,1,2
1881,323,1,2
1881,324,1,2
1881,325,1,2
1881,326,1,2
1881,327,1,2
1881,328,1,2
1881,329,1,2
1881,330,1,2
1881,331,1,2
1881,332,1,2
1881,333,1,2
1881,334,1,2
1881,335,1,2
1881,336,1,2
1881,337,1,2
1881,338,1,2
1881,339,1,2
1881,340,1,2
1881,341,1,2
1881,342,1,2
1881,343,1,2
1881,344,1,2
1881,345,1,2
1881,346,1,2
1881,347,1,2
1881,348,1,2
1881,349,1,2
1881,350,1,2
1881,351,1,2
1881,352,1,2
1881,353,1,2
1881,354,1,2
1881,355,1,2
1881,356,1,2
1881,357,1,2
1881,358,1,2
1881,359,1,2
1881,360,1,2
1881,361,1,2
1881,362,1,2
1881,363,1,2
1881,364,1,2
1881,365,1,2
1881,366,1,2
1881,367,1,2
1881,368,1,2
1881,369,1,2
1881,370,1,2
1881,371,1,2
1881,372,1,2
1881,373,1,2
1881,374,1,2
1881,375,1,2
1881,376,1,2
1881,377,1,2
1881,378,1,2
1881,379,1,2
1881,380,1,2
1881,381,1,2
1881,382,1,2
1881,383,1,2
1881,384,1,2
1881,385,1,2
1881,386,1,2
1881,387,1,2
1881,388,1,2
1881,389,1,2
1881,390,1,2
1881,391,1,2
1881,392,1,2
1881,393,1,2
1881,394,1,2
1881,395,1,2
1881,396,1,2
1881,397,1,2
1881,398,1,2
1881,399,1,2
1881,400,1,2
1881,401,1,2
1881,402,1,2
1881,403,1,2
1881,404,1,2
1881,405,1,2
1881,406,1,2
1881,407,1,2
1881,408,1,2
1881,409,1,2
1881,410,1,2
1881,411,1,2
1881,412,1,2
1881,413,1,2
1881,414,1,2
1881,415,1,2
1881,416,1,2
1881,417,1,2
1881,418,1,2
1881,419,1,2
1881,420,1,2
1881,421,1,2
1881,422,1,2
1881,423,1,2
1881,424,1,2
1881,425,1,2
1881,426,1,2
1881,427,1,2
1881,428,1,2
1881,429,1,2
1881,430,1,2
1881,431,1,2
1881,432,1,2
1881,433,1,2
1881,434,1,2
1881,435,1,2
1881,436,1,2
1881,437,1,2
1881,438,1,2
1881,439,1,2
1881,440,1,2
1881,441,1,2
1881,442,1,2
1881,443,1,2
1881,444,1,2
1881,445,1,2
1881,446,1,2
1881,447,1,2
1881,448,1,3
1881,449,1,3
1881,450,1,3
1881,451,1,3
1881,452,1,3
1881,453,1,3
1881,454,1,3
1881,455,1,3
1881,456,1,3
1881,457,1,3
1881,458,1,3
1881,459,1,3
1881,460,1,3
1881,461,1,3
1881,462,1,3
1881,463,1,3
1881,464,1,3
1881,465,1,3
1881,466,1,3
1881,467,1,3
1881,468,1,3
1881,469,1,3
1881,470,1,3
1881,471,1,3
1881,472,1,3
1881,473,1,3
1881,474,1,3
1881,475,1,3
1881,476,1,3
1881,477,1,3
1881,478,1,3
1881,479,1,3
1881,480,1,3
1881,481,1,3
1881,482,1,3
1881,483,1,3
1881,484,1,2
1881,485,1,2
1881,486,1,2
1881,487,1,2
1881,488,1,2
1881,489,1,2
1881,490,1,2
1881,491,1,2
1881,492,1,2
1881,493,1,2
1881,494,1,2
1881,495,1,2
1881,496,1,2
1881,497,1,2
1881,498,1,2
1881,499,1,2
1881,500,1,2
1881,501,1,2
1881,502,1,2
1881,503,1,2
1881,504,1,2
1881,505,1,2
1881,506,1,2
1881,507,1,2
1881,508,1,2
1881,509,1,3
1881,510,1,3
1881,511,1,3
1881,512,1,3
1881,513,1,3
1881,514,1,3
1881,515,1,3
1881,516,1,3
1881,517,1,3
1881,518,1,3
1881,519,1,3
1881,520,1,3
1881,521,1,3
1881,522,1,3
1881,523,1,3
1881,524,1,3
1881,525,1,3
1881,526,1,3
1881,527,1,3
1881,528,1,3
1881,529,1,3
1881,530,1,3
1881,531,1,3
1881,532,1,3
1881,533,1,3
1881,534,1,3
1881,535,1,3
1881,536,1,3
1881,537,1,3
1881,538,1,3
1881,539,1,3
1881,540,1,3
1881,541,1,3
1881,542,1,3
1881,543,1,3
1881,544,1,3
1881,545,1,3
1881,546,1,3
1881,547,1,3
1881,548,1,3
1881,549,1,3
1881,550,1,3
1881,551,1,3
1881,552,1,3
1881,553,1,3
1881,554,1,3
1881,555,1,3
1881,556,1,3
1881,557,1,3
1881,558,1,3
1881,559,1,3
1881,560,1,3
1881,561,1,3
1881,562,1,3
1881,563,1,3
1881,564,1,3
1881,565,1,3
1881,566,1,3
1881,567,1,3
1881,568,1,3
1881,569,1,3
1881,570,1,3
1881,571,1,3
1881,572,1,3
1881,573,1,3
1881,574,1,3
1881,575,1,3
1881,576,1,3
1881,577,1,3
1881,578,1,3
1881,579,1,3
1881,580,1,2
1881,581,1,2
1881,582,1,2
1881,583,1,2
1881,584,1,2
1881,585,1,2
1881,586,1,2
1881,587,1,2
1881,588,1,2
1881,589,1,2
1881,590,1,2
1881,591,1,2
1881,592,1,2
1881,593,1,2
1881,594,1,2
1881,595,1,2
1881,596,1,2
1881,597,1,2
1881,598,1,2
1881,599,1,2
1881,600,1,2
1881,601,1,2
1881,602,1,2
1881,603,1,2
1881,604,1,2
1881,605,1,2
1881,606,1,2
1881,607,1,2
1881,608,1,2
1881,609,1,2
1881,610,1,2
1881,611,1,2
1881,612,1,2
1881,613,1,2
1881,614,1,2
1881,615,1,2
1881,616,1,2
1881,617,1,2
1881,618,1,2
1881,619,1,2
1881,620,1,2
1881,621,1,2
1881,622,1,2
1881,623,1,2
1881,624,1,2
1881,625,1,2
1881,626,1,2
1881,627,1,2
1881,628,1,2
1881,629,1,2
1881,630,1,2
1881,631,1,2
1881,632,1,2
1881,633,1,2
1881,634,1,2
1881,635,1,2
1881,636,1,2
1881,637,1,2
1881,638,1,2
1881,639,1,2
1881,640,1,2
1881,641,1,2
1881,642,1,2
1881,643,1,2
1881,644,1,2
1881,645,1,2
1881,646,1,2
1882,114,1,2
1882,115,1,2
1882,116,1,2
1882,117,1,2
1882,118,1,2
1882,119,1,2
1882,120,1,2
1882,121,1,2
1882,122,1,2
1882,123,1,2
1882,124,1,2
1882,125,1,2
1882,126,1,3
1882,127,1,3
1882,128,1,3
1882,129,1,3
1882,130,1,3
1882,131,1,3
1882,132,1,3
1882,133,1,3
1882,134,1,3
1882,135,1,3
1882,136,1,3
1882,137,1,3
1882,138,1,3
1882,139,1,3
1882,140,1,3
1882,141,1,3
1882,142,1,3
1882,143,1,3
1882,144,1,2
1882,145,1,2
1882,146,1,2
1882,147,1,2
1882,148,1,2
1882,149,1,2
1882,150,1,2
1882,151,1,2
1882,152,1,2
1882,153,1,2
1882,154,1,2
1882,155,1,2
1882,156,1,2
1882,157,1,2
1882,158,1,2
1882,159,1,2
1882,160,1,2
1882,161,1,2
1882,162,1,2
1882,163,1,2
1882,164,1,2
1882,165,1,2
1882,166,1,2
1882,167,1,2
1882,168,1,2
1882,169,1,2
1882,170,1,2
1882,171,1,2
1882,172,1,2
1882,173,1,2
1882,174,1,2
1882,175,1,2
1882,176,1,2
1882,177,1,2
1882,178,1,2
1882,179,1,2
1882,180,1,2
1882,181,1,2
1882,182,1,2
1882,183,1,2
1882,184,1,2
1882,185,1,2
1882,186,1,2
1882,187,1,2
1882,188,1,2
1882,189,1,2
1882,190,1,2
1882,191,1,2
1882,192,1,2
1882,193,1,2
1882,194,1,2
1882,195,1,2
1882,196,1,2
1882,197,1,2
1882,198,1,2
1882,199,1,2
1882,200,1,2
1882,201,1,2
1882,202,1,2
1882,203,1,2
1882,204,1,2
1882,205,1,2
1882,206,1,2
1882,207,1,2
1882,208,1,2
1882,209,1,2
1882,210,1,2
1882,211,1,2
1882,212,1,2
1882,213,1,2
1882,214,1,2
1882,215,1,2
1882,216,1,2
1882,217,1,2
1882,218,1,2
1882,219,1,2
1882,220,1,2
1882,221,1,2
1882,222,1,2
1882,223,1,2
1882,224,1,2
1882,225,1,2
1882,226,1,2
1882,227,1,2
1882,228,1,2
1882,229,1,2
1882,230,1,2
1882,231,1,2
1882,232,1,2
1882,233,1,2
1882,234,1,2
1882,235,1,2
1882,236,1,2
1882,237,1,2
1882,238,1,2
1882,239,1,2
1882,240,1,2
1882,241,1,2
1882,242,1,2
1882,243,1,2
1882,244,1,2
1882,245,1,2
1882,246,1,2
1882,247,1,2
1882,248,1,2
1882,249,1,2
1882,250,1,2
1882,251,1,2
1882,252,1,2
1882,253,1,2
1882,254,1,2
1882,255,1,2
1882,256,1,2
1882,257,1,2
1882,258,1,2
1882,259,1,2
1882,260,1,2
1882,261,1,2
1882,262,1,2
1882,263,1,2
1882,264,1,2
1882,265,1,2
1882,266,1,2
1882,267,1,2
1882,268,1,2
1882,269,1,2
1882,270,1,2
1882,271,1,2
1882,272,1,2
1882,273,1,2
1882,274,1,2
1882,275,1,2
1882,276,1,2
1882,277,1,2
1882,278,1,2
1882,279,1,2
1882,280,1,2
1882,281,1,2
1882,282,1,2
1882,283,1,2
1882,284,1,2
1882,285,1,2
1882,286,1,2
1882,287,1,2
1882,288,1,2
1882,289,1,2
1882,290,1,2
1882,291,1,2
1882,292,1,2
1882,293,1,2
1882,294,1,2
1882,295,1,2
1882,296,1,2
1882,297,1,2
1882,298,1,2
1882,299,1,2
1882,300,1,2
1882,301,1,2
1882,302,1,2
1882,303,1,2
1882,304,1,2
1882,305,1,2
1882,306,1,2
1882,307,1,2
1882,308,1,2
1882,309,1,2
1882,310,1,2
1882,311,1,2
1882,312,1,2
1882,313,1,2
1882,314,1,2
1882,315,1,2
1882,316,1,2
1882,317,1,2
1882,318,1,2
1882,319,1,2
1882,320,1,2
1882,321,1,2
1882,322,1,2
1882,323,1,2
1882,324,1,2
1882,325,1,2
1882,326,1,2
1882,327,1,2
1882,328,1,2
1882,329,1,2
1882,330,1,2
1882,331,1,2
1882,332,1,2
1882,333,1,2
1882,334,1,2
1882,335,1,2
1882,336,1,2
1882,337,1,2
1882,338,1,2
1882,339,1,2
1882,340,1,2
1882,341,1,2
1882,342,1,2
1882,343,1,2
1882,344,1,2
1882,345,1,2
1882,346,1,2
1882,347,1,2
1882,348,1,2
1882,349,1,2
1882,350,1,2
1882,351,1,2
1882,352,1,2
1882,353,1,2
1882,354,1,2
1882,355,1,2
1882,356,1,2
1882,357,1,2
1882,358,1,2
1882,359,1,2
1882,360,1,2
1882,361,1,2
1882,362,1,2
1882,363,1,2
1882,364,1,2
1882,365,1,2
1882,366,1,2
1882,367,1,2
1882,368,1,2
1882,369,1,2
1882,370,1,2
1882,371,1,2
1882,372,1,2
1882,373,1,2
1882,374,1,2
1882,375,1,2
1882,376,1,2
1882,377,1,2
1882,378,1,2
1882,379,1,2
1882,380,1,2
1882,381,1,2
1882,382,1,2
1882,383,1,2
1882,384,1,2
1882,385,1,2
1882,386,1,2
1882,387,1,2
1882,388,1,2
1882,389,1,2
1882,390,1,2
1882,391,1,2
1882,392,1,2
1882,393,1,2
1882,394,1,2
1882,395,1,2
1882,396,1,2
1882,397,1,2
1882,398,1,2
1882,399,1,2
1882,400,1,2
1882,401,1,2
1882,402,1,2
1882,403,1,2
1882,404,1,2
1882,405,1,2
1882,406,1,2
1882,407,1,2
1882,408,1,2
1882,409,1,2
1882,410,1,2
1882,411,1,2
1882,412,1,2
1882,413,1,2
1882,414,1,2
1882,415,1,2
1882,416,1,2
1882,417,1,2
1882,418,1,2
1882,419,1,2
1882,420,1,2
1882,421,1,2
1882,422,1,2
1882,423,1,2
1882,424,1,2
1882,425,1,2
1882,426,1,2
1882,427,1,2
1882,428,1,2
1882,429,1,2
1882,430,1,2
1882,431,1,2
1882,432,1,2
1882,433,1,2
1882,434,1,2
1882,435,1,2
1882,436,1,2
1882,437,1,2
1882,438,1,2
1882,439,1,2
1882,440,1,2
1882,441,1,2
1882,442,1,2
1882,443,1,2
1882,444,1,2
1882,445,1,2
1882,446,1,2
1882,447,1,3
1882,448,1,3
1882,449,1,3
1882,450,1,3
1882,451,1,3
1882,452,1,3
1882,453,1,3
1882,454,1,3
1882,455,1,3
1882,456,1,3
1882,457,1,3
1882,458,1,3
1882,459,1,3
1882,460,1,3
1882,461,1,3
1882,462,1,3
1882,463,1,3
1882,464,1,3
1882,465,1,3
1882,466,1,3
1882,467,1,3
1882,468,1,3
1882,469,1,3
1882,470,1,3
1882,471,1,3
1882,472,1,3
1882,473,1,3
1882,474,1,3
1882,475,1,3
1882,476,1,3
1882,477,1,3
1882,478,1,3
1882,479,1,3
1882,480,1,3
1882,481,1,3
1882,482,1,3
1882,483,1,3
1882,484,1,2
1882,485,1,2
1882,486,1,2
1882,487,1,2
1882,488,1,2
1882,489,1,2
1882,490,1,2
1882,491,1,2
1882,492,1,2
1882,493,1,2
1882,494,1,2
1882,495,1,2
1882,496,1,2
1882,497,1,2
1882,498,1,2
1882,499,1,2
1882,500,1,2
1882,501,1,2
1882,502,1,2
1882,503,1,2
1882,504,1,2
1882,505,1,2
1882,506,1,2
1882,507,1,2
1882,508,1,2
1882,509,1,2
1882,510,1,3
1882,511,1,3
1882,512,1,3
1882,513,1,3
1882,514,1,3
1882,515,1,3
1882,516,1,3
1882,517,1,3
1882,518,1,3
1882,519,1,3
1882,520,1,3
1882,521,1,3
1882,522,1,3
1882,523,1,3
1882,524,1,3
1882,525,1,3
1882,526,1,3
1882,527,1,3
1882,528,1,3
1882,529,1,3
1882,530,1,3
1882,531,1,3
1882,532,1,3
1882,533,1,3
1882,534,1,3
1882,535,1,3
1882,536,1,3
1882,537,1,3
1882,538,1,3
1882,539,1,3
1882,540,1,3
1882,541,1,3
1882,542,1,3
1882,543,1,3
1882,544,1,3
1882,545,1,3
1882,546,1,3
1882,547,1,3
1882,548,1,3
1882,549,1,3
1882,550,1,3
1882,551,1,3
1882,552,1,3
1882,553,1,3
1882,554,1,3
1882,555,1,3
1882,556,1,3
1882,557,1,3
1882,558,1,3
1882,559,1,3
1882,560,1,3
1882,561,1,3
1882,562,1,3
1882,563,1,3
1882,564,1,3
1882,565,1,3
1882,566,1,3
1882,567,1,3
1882,568,1,3
1882,569,1,3
1882,570,1,3
1882,571,1,3
1882,572,1,3
1882,573,1,3
1882,574,1,3
1882,575,1,3
1882,576,1,3
1882,577,1,3
1882,578,1,3
1882,579,1,2
1882,580,1,2
1882,581,1,2
1882,582,1,2
1882,583,1,2
1882,584,1,2
1882,585,1,2
1882,586,1,2
1882,587,1,2
1882,588,1,2
1882,589,1,2
1882,590,1,2
1882,591,1,2
1882,592,1,2
1882,593,1,2
1882,594,1,2
1882,595,1,2
1882,596,1,2
1882,597,1,2
1882,598,1,2
1882,599,1,2
1882,600,1,2
1882,601,1,2
1882,602,1,2
1882,603,1,2
1882,604,1,2
1882,605,1,2
1882,606,1,2
1882,607,1,2
1882,608,1,2
1882,609,1,2
1882,610,1,2
1882,611,1,2
1882,612,1,2
1882,613,1,2
1882,614,1,2
1882,615,1,2
1882,616,1,2
1882,617,1,2
1882,618,1,2
1882,619,1,2
1882,620,1,2
1882,621,1,2
1882,622,1,2
1882,623,1,2
1882,624,1,2
1882,625,1,2
1882,626,1,2
1882,627,1,2
1882,628,1,2
1882,629,1,2
1882,630,1,2
1882,631,1,2
1882,632,1,2
1882,633,1,2
1882,634,1,2
1882,635,1,2
1882,636,1,2
1882,637,1,2
1882,638,1,2
1882,639,1,2
1882,640,1,2
1882,641,1,2
1882,642,1,2
1882,643,1,2
1882,644,1,2
1882,645,1,2
1882,646,1,2
1883,113,1,2
1883,114,1,2
1883,115,1,2
1883,116,1,2
1883,117,1,2
1883,118,1,2
1883,119,1,2
1883,120,1,2
1883,121,1,2
1883,122,1,2
1883,123,1,2
1883,124,1,2
1883,125,1,3
1883,126,1,3
1883,127,1,3
1883,128,1,3
1883,129,1,3
1883,130,1,3
1883,131,1,3
1883,132,1,3
1883,133,1,3
1883,134,1,3
1883,135,1,3
1883,136,1,3
1883,137,1,3
1883,138,1,3
1883,139,1,3
1883,140,1,3
1883,141,1,3
1883,142,1,2
1883,143,1,2
1883,144,1,2
1883,145,1,2
1883,146,1,2
1883,147,1,2
1883,148,1,2
1883,149,1,2
1883,150,1,2
1883,151,1,2
1883,152,1,2
1883,153,1,2
1883,154,1,2
1883,155,1,2
1883,156,1,2
1883,157,1,2
1883,158,1,2
1883,159,1,2
1883,160,1,2
1883,161,1,2
1883,162,1,2
1883,163,1,2
1883,164,1,2
1883,165,1,2
1883,166,1,2
1883,167,1,2
1883,168,1,2
1883,169,1,2
1883,170,1,2
1883,171,1,2
1883,172,1,2
1883,173,1,2
1883,174,1,2
1883,175,1,2
1883,176,1,2
1883,177,1,2
1883,178,1,2
1883,179,1,2
1883,180,1,2
1883,181,1,2
1883,182,1,2
1883,183,1,2
1883,184,1,2
1883,185,1,2
1883,186,1,2
1883,187,1,2
1883,188,1,2
1883,189,1,2
1883,190,1,2
1883,191,1,2
1883,192,1,2
1883,193,1,2
1883,194,1,2
1883,195,1,2
1883,196,1,2
1883,197,1,2
1883,198,1,2
1883,199,1,2
1883,200,1,2
1883,201,1,2
1883,202,1,2
1883,203,1,2
1883,204,1,2
1883,205,1,2
1883,206,1,2
1883,207,1,2
1883,208,1,2
1883,209,1,2
1883,210,1,2
1883,211,1,2
1883,212,1,2
1883,213,1,2
1883,214,1,2
1883,215,1,2
1883,216,1,2
1883,217,1,2
1883,218,1,2
1883,219,1,2
1883,220,1,2
1883,221,1,2
1883,222,1,2
1883,223,1,2
1883,224,1,2
1883,225,1,2
1883,226,1,2
1883,227,1,2
1883,228,1,2
1883,229,1,2
1883,230,1,2
1883,231,1,2
1883,232,1,2
1883,233,1,2
1883,234,1,2
1883,235,1,2
1883,236,1,2
1883,237,1,2
1883,238,1,2
1883,239,1,2
1883,240,1,2
1883,241,1,2
1883,242,1,2
1883,243,1,2
1883,244,1,2
1883,245,1,2
1883,246,1,2
1883,247,1,2
1883,248,1,2
1883,249,1,2
1883,250,1,2
1883,251,1,2
1883,252,1,2
1883,253,1,2
1883,254,1,2
1883,255,1,2
1883,256,1,2
1883,257,1,2
1883,258,1,2
1883,259,1,2
1883,260,1,2
1883,261,1,2
1883,262,1,2
1883,263,1,2
1883,264,1,2
1883,265,1,2
1883,266,1,2
1883,267,1,2
1883,268,1,2
1883,269,1,2
1883,270,1,2
1883,271,1,2
1883,272,1,2
1883,273,1,2
1883,274,1,2
1883,275,1,2
1883,276,1,2
1883,277,1,2
1883,278,1,2
1883,279,1,2
1883,280,1,2
1883,281,1,2
1883,282,1,2
1883,283,1,2
1883,284,1,2
1883,285,1,2
1883,286,1,2
1883,287,1,2
1883,288,1,2
1883,289,1,2
1883,290,1,2
1883,291,1,2
1883,292,1,2
1883,293,1,2
1883,294,1,2
1883,295,1,2
1883,296,1,2
1883,297,1,2
1883,298,1,2
1883,299,1,2
1883,300,1,2
1883,301,1,2
1883,302,1,2
1883,303,1,2
1883,304,1,2
1883,305,1,2
1883,306,1,2
1883,307,1,2
1883,308,1,2
1883,309,1,2
1883,310,1,2
1883,311,1,2
1883,312,1,2
1883,313,1,2
1883,314,1,2
1883,315,1,2
1883,316,1,2
1883,317,1,2
1883,318,1,2
1883,319,1,2
1883,320,1,2
1883,321,1,2
1883,322,1,2
1883,323,1,2
1883,324,1,2
1883,325,1,2
1883,326,1,2
1883,327,1,2
1883,328,1,2
1883,329,1,2
1883,330,1,2
1883,331,1,2
1883,332,1,2
1883,333,1,2
1883,334,1,2
1883,335,1,2
1883,336,1,2
1883,337,1,2
1883,338,1,2
1883,339,1,2
1883,340,1,2
1883,341,1,2
1883,342,1,2
1883,343,1,2
1883,344,1,2
1883,345,1,2
1883,346,1,2
1883,347,1,2
1883,348,1,2
1883,349,1,2
1883,350,1,2
1883,351,1,2
1883,352,1,2
1883,353,1,2
1883,354,1,2
1883,355,1,2
1883,356,1,2
1883,357,1,2
1883,358,1,2
1883,359,1,2
1883,360,1,2
1883,361,1,2
1883,362,1,2
1883,363,1,2
1883,364,1,2
1883,365,1,2
1883,366,1,2
1883,367,1,2
1883,368,1,2
1883,369,1,2
1883,370,1,2
1883,371,1,2
1883,372,1,2
1883,373,1,2
1883,374,1,2
1883,375,1,2
1883,376,1,2
1883,377,1,2
1883,378,1,2
1883,379,1,2
1883,380,1,2
1883,381,1,2
1883,382,1,2
1883,383,1,2
1883,384,1,2
1883,385,1,2
1883,386,1,2
1883,387,1,2
1883,388,1,2
1883,389,1,2
1883,390,1,2
1883,391,1,2
1883,392,1,2
1883,393,1,2
1883,394,1,2
1883,395,1,2
1883,396,1,2
1883,397,1,2
1883,398,1,2
1883,399,1,2
1883,400,1,2
1883,401,1,2
1883,402,1,2
1883,403,1,2
1883,404,1,2
1883,405,1,2
1883,406,1,2
1883,407,1,2
1883,408,1,2
1883,409,1,2
1883,410,1,2
1883,411,1,2
1883,412,1,2
1883,413,1,2
1883,414,1,2
1883,415,1,2
1883,416,1,2
1883,417,1,2
1883,418,1,2
1883,419,1,2
1883,420,1,2
1883,421,1,2
1883,422,1,2
1883,423,1,2
1883,424,1,2
1883,425,1,2
1883,426,1,2
1883,427,1,2
1883,428,1,2
1883,429,1,2
1883,430,1,2
1883,431,1,2
1883,432,1,2
1883,433,1,2
1883,434,1,2
1883,435,1,2
1883,436,1,2
1883,437,1,2
1883,438,1,2
1883,439,1,2
1883,440,1,2
1883,441,1,2
1883,442,1,2
1883,443,1,2
1883,444,1,2
1883,445,1,2
1883,446,1,2
1883,447,1,3
1883,448,1,3
1883,449,1,3
1883,450,1,3
1883,451,1,3
1883,452,1,3
1883,453,1,3
1883,454,1,3
1883,455,1,3
1883,456,1,3
1883,457,1,3
1883,458,1,3
1883,459,1,3
1883,460,1,3
1883,461,1,3
1883,462,1,3
1883,463,1,3
1883,464,1,3
1883,465,1,3
1883,466,1,3
1883,467,1,3
1883,468,1,3
1883,469,1,3
1883,470,1,3
1883,471,1,3
1883,472,1,3
1883,473,1,3
1883,474,1,3
1883,475,1,3
1883,476,1,3
1883,477,1,3
1883,478,1,3
1883,479,1,3
1883,480,1,3
1883,481,1,3
1883,482,1,3
1883,483,1,3
1883,484,1,3
1883,485,1,2
1883,486,1,2
1883,487,1,2
1883,488,1,2
1883,489,1,2
1883,490,1,2
1883,491,1,2
1883,492,1,2
1883,493,1,2
1883,494,1,2
1883,495,1,2
1883,496,1,2
1883,497,1,2
1883,498,1,2
1883,499,1,2
1883,500,1,2
1883,501,1,2
1883,502,1,2
1883,503,1,2
1883,504,1,2
1883,505,1,2
1883,506,1,2
1883,507,1,2
1883,508,1,2
1883,509,1,2
1883,510,1,2
1883,511,1,2
1883,512,1,2
1883,513,1,2
1883,514,1,2
1883,515,1,3
1883,516,1,3
1883,517,1,3
1883,518,1,3
1883,519,1,3
1883,520,1,3
1883,521,1,3
1883,522,1,3
1883,523,1,3
1883,524,1,3
1883,525,1,3
1883,526,1,3
1883,527,1,3
1883,528,1,3
1883,529,1,3
1883,530,1,3
1883,531,1,3
1883,532,1,3
1883,533,1,3
1883,534,1,3
1883,535,1,3
1883,536,1,3
1883,537,1,3
1883,538,1,3
1883,539,1,3
1883,540,1,3
1883,541,1,3
1883,542,1,3
1883,543,1,3
1883,544,1,3
1883,545,1,3
1883,546,1,3
1883,547,1,3
1883,548,1,3
1883,549,1,3
1883,550,1,3
1883,551,1,3
1883,552,1,3
1883,553,1,3
1883,554,1,3
1883,555,1,3
1883,556,1,3
1883,557,1,3
1883,558,1,3
1883,559,1,3
1883,560,1,3
1883,561,1,3
1883,562,1,3
1883,563,1,3
1883,564,1,3
1883,565,1,3
1883,566,1,3
1883,567,1,3
1883,568,1,3
1883,569,1,3
1883,570,1,3
1883,571,1,3
1883,572,1,3
1883,573,1,3
1883,574,1,3
1883,575,1,3
1883,576,1,3
1883,577,1,3
1883,578,1,2
1883,579,1,2
1883,580,1,2
1883,581,1,2
1883,582,1,2
1883,583,1,2
1883,584,1,2
1883,585,1,2
1883,586,1,2
1883,587,1,2
1883,588,1,2
1883,589,1,2
1883,590,1,2
1883,591,1,2
1883,592,1,2
1883,593,1,2
1883,594,1,2
1883,595,1,2
1883,596,1,2
1883,597,1,2
1883,598,1,2
1883,599,1,2
1883,600,1,2
1883,601,1,2
1883,602,1,2
1883,603,1,2
1883,604,1,2
1883,605,1,2
1883,606,1,2
1883,607,1,2
1883,608,1,2
1883,609,1,2
1883,610,1,2
1883,611,1,2
1883,612,1,2
1883,613,1,2
1883,614,1,2
1883,615,1,2
1883,616,1,2
1883,617,1,2
1883,618,1,2
1883,619,1,2
1883,620,1,2
1883,621,1,2
1883,622,1,2
1883,623,1,2
1883,624,1,2
1883,625,1,2
1883,626,1,2
1883,627,1,2
1883,628,1,2
1883,629,1,2
1883,630,1,2
1883,631,1,2
1883,632,1,2
1883,633,1,2
1883,634,1,2
1883,635,1,2
1883,636,1,2
1883,637,1,2
1883,638,1,2
1883,639,1,2
1883,640,1,2
1883,641,1,2
1883,642,1,2
1883,643,1,2
1883,644,1,2
1883,645,1,2
1883,646,1,2
1884,113,1,2
1884,114,1,2
1884,115,1,2
1884,116,1,2
1884,117,1,2
1884,118,1,2
1884,119,1,2
1884,120,1,2
1884,121,1,2
1884,122,1,2
1884,123,1,2
1884,124,1,3
1884,125,1,3
1884,126,1,3
1884,127,1,3
1884,128,1,3
1884,129,1,3
1884,130,1,3
1884,131,1,3
1884,132,1,3
1884,133,1,3
1884,134,1,3
1884,135,1,3
1884,136,1,3
1884,137,1,3
1884,138,1,3
1884,139,1,3
1884,140,1,3
1884,141,1,2
1884,142,1,2
1884,143,1,2
1884,144,1,2
1884,145,1,2
1884,146,1,2
1884,147,1,2
1884,148,1,2
1884,149,1,2
1884,150,1,2
1884,151,1,2
1884,152,1,2
1884,153,1,2
1884,154,1,2
1884,155,1,2
1884,156,1,2
1884,157,1,2
1884,158,1,2
1884,159,1,2
1884,160,1,2
1884,161,1,2
1884,162,1,2
1884,163,1,2
1884,164,1,2
1884,165,1,2
1884,166,1,2
1884,167,1,2
1884,168,1,2
1884,169,1,2
1884,170,1,2
1884,171,1,2
1884,172,1,2
1884,173,1,2
1884,174,1,2
1884,175,1,2
1884,176,1,2
1884,177,1,2
1884,178,1,2
1884,179,1,2
1884,180,1,2
1884,181,1,2
1884,182,1,2
1884,183,1,2
1884,184,1,2
1884,185,1,2
1884,186,1,2
1884,187,1,2
1884,188,1,2
1884,189,1,2
1884,190,1,2
1884,191,1,2
1884,192,1,2
1884,193,1,2
1884,194,1,2
1884,195,1,2
1884,196,1,2
1884,197,1,2
1884,198,1,2
1884,199,1,2
1884,200,1,2
1884,201,1,2
1884,202,1,2
1884,203,1,2
1884,204,1,2
1884,205,1,2
1884,206,1,2
1884,207,1,2
1884,208,1,2
1884,209,1,2
1884,210,1,2
1884,211,1,2
1884,212,1,2
1884,213,1,2
1884,214,1,2
1884,215,1,2
1884,216,1,2
1884,217,1,2
1884,218,1,2
1884,219,1,2
1884,220,1,2
1884,221,1,2
1884,222,1,2
1884,223,1,2
1884,224,1,2
1884,225,1,2
1884,226,1,2
1884,227,1,2
1884,228,1,2
1884,229,1,2
1884,230,1,2
1884,231,1,2
1884,232,1,2
1884,233,1,2
1884,234,1,2
1884,235,1,2
1884,236,1,2
1884,237,1,2
1884,238,1,2
1884,239,1,2
1884,240,1,2
1884,241,1,2
1884,242,1,2
1884,243,1,2
1884,244,1,2
1884,245,1,2
1884,246,1,2
1884,247,1,2
1884,248,1,2
1884,249,1,2
1884,250,1,2
1884,251,1,2
1884,252,1,2
1884,253,1,2
1884,254,1,2
1884,255,1,2
1884,256,1,2
1884,257,1,2
1884,258,1,2
1884,259,1,2
1884,260,1,2
1884,261,1,2
1884,262,1,2
1884,263,1,2
1884,264,1,2
1884,265,1,2
1884,266,1,2
1884,267,1,2
1884,268,1,2
1884,269,1,2
1884,270,1,2
1884,271,1,2
1884,272,1,2
1884,273,1,2
1884,274,1,2
1884,275,1,2
1884,276,1,2
1884,277,1,2
1884,278,1,2
1884,279,1,2
1884,280,1,2
1884,281,1,2
1884,282,1,2
1884,283,1,2
1884,284,1,2
1884,285,1,2
1884,286,1,2
1884,287,1,2
1884,288,1,2
1884,289,1,2
1884,290,1,2
1884,291,1,2
1884,292,1,2
1884,293,1,2
1884,294,1,2
1884,295,1,2
1884,296,1,2
1884,297,1,2
1884,298,1,2
1884,299,1,2
1884,300,1,2
1884,301,1,2
1884,302,1,2
1884,303,1,2
1884,304,1,2
1884,305,1,2
1884,306,1,2
1884,307,1,2
1884,308,1,2
1884,309,1,2
1884,310,1,2
1884,311,1,2
1884,312,1,2
1884,313,1,2
1884,314,1,2
1884,315,1,2
1884,316,1,2
1884,317,1,2
1884,318,1,2
1884,319,1,2
1884,320,1,2
1884,321,1,2
1884,322,1,2
1884,323,1,2
1884,324,1,2
1884,325,1,2
1884,326,1,2
1884,327,1,2
1884,328,1,2
1884,329,1,2
1884,330,1,2
1884,331,1,2
1884,332,1,2
1884,333,1,2
1884,334,1,2
1884,335,1,2
1884,336,1,2
1884,337,1,2
1884,338,1,2
1884,339,1,2
1884,340,1,2
1884,341,1,2
1884,342,1,2
1884,343,1,2
1884,344,1,2
1884,345,1,2
1884,346,1,2
1884,347,1,2
1884,348,1,2
1884,349,1,2
1884,350,1,2
1884,351,1,2
1884,352,1,2
1884,353,1,2
1884,354,1,2
1884,355,1,2
1884,356,1,2
1884,357,1,2
1884,358,1,2
1884,359,1,2
1884,360,1,2
1884,361,1,2
1884,362,1,2
1884,363,1,2
1884,364,1,2
1884,365,1,2
1884,366,1,2
1884,367,1,2
1884,368,1,2
1884,369,1,2
1884,370,1,2
1884,371,1,2
1884,372,1,2
1884,373,1,2
1884,374,1,2
1884,375,1,2
1884,376,1,2
1884,377,1,2
1884,378,1,2
1884,379,1,2
1884,380,1,2
1884,381,1,2
1884,382,1,2
1884,383,1,2
1884,384,1,2
1884,385,1,2
1884,386,1,2
1884,387,1,2
1884,388,1,2
1884,389,1,2
1884,390,1,2
1884,391,1,2
1884,392,1,2
1884,393,1,2
1884,394,1,2
1884,395,1,2
1884,396,1,2
1884,397,1,2
1884,398,1,2
1884,399,1,2
1884,400,1,2
1884,401,1,2
1884,402,1,2
1884,403,1,2
1884,404,1,2
1884,405,1,2
1884,406,1,2
1884,407,1,2
1884,408,1,2
1884,409,1,2
1884,410,1,2
1884,411,1,2
1884,412,1,2
1884,413,1,2
1884,414,1,2
1884,415,1,2
1884,416,1,2
1884,417,1,2
1884,418,1,2
1884,419,1,2
1884,420,1,2
1884,421,1,2
1884,422,1,2
1884,423,1,2
1884,424,1,2
1884,425,1,2
1884,426,1,2
1884,427,1,2
1884,428,1,2
1884,429,1,2
1884,430,1,2
1884,431,1,2
1884,432,1,2
1884,433,1,2
1884,434,1,2
1884,435,1,2
1884,436,1,2
1884,437,1,2
1884,438,1,2
1884,439,1,2
1884,440,1,2
1884,441,1,2
1884,442,1,2
1884,443,1,2
1884,444,1,2
1884,445,1,3
1884,446,1,3
1884,447,1,3
1884,448,1,3
1884,449,1,3
1884,450,1,3
1884,451,1,3
1884,452,1,3
1884,453,1,3
1884,454,1,3
1884,455,1,3
1884,456,1,3
1884,457,1,3
1884,458,1,3
1884,459,1,3
1884,460,1,3
1884,461,1,3
1884,462,1,3
1884,463,1,3
1884,464,1,3
1884,465,1,3
1884,466,1,3
1884,467,1,3
1884,468,1,3
1884,469,1,3
1884,470,1,3
1884,471,1,3
1884,472,1,3
1884,473,1,3
1884,474,1,3
1884,475,1,3
1884,476,1,3
1884,477,1,3
1884,478,1,3
1884,479,1,3
1884,480,1,3
1884,481,1,3
1884,482,1,3
1884,483,1,3
1884,484,1,3
1884,485,1,2
1884,486,1,2
1884,487,1,2
1884,488,1,2
1884,489,1,2
1884,490,1,2
1884,491,1,2
1884,492,1,2
1884,493,1,2
1884,494,1,2
1884,495,1,2
1884,496,1,2
1884,497,1,2
1884,498,1,2
1884,499,1,2
1884,500,1,2
1884,501,1,2
1884,502,1,2
1884,503,1,2
1884,504,1,2
1884,505,1,2
1884,506,1,2
1884,507,1,2
1884,508,1,2
1884,509,1,2
1884,510,1,2
1884,511,1,2
1884,512,1,2
1884,513,1,2
1884,514,1,2
1884,515,1,2
1884,516,1,2
1884,517,1,3
1884,518,1,3
1884,519,1,3
1884,520,1,3
1884,521,1,3
1884,522,1,3
1884,523,1,3
1884,524,1,3
1884,525,1,3
1884,526,1,3
1884,527,1,3
1884,528,1,3
1884,529,1,3
1884,530,1,3
1884,531,1,3
1884,532,1,3
1884,533,1,3
1884,534,1,3
1884,535,1,3
1884,536,1,3
1884,537,1,3
1884,538,1,3
1884,539,1,3
1884,540,1,3
1884,541,1,3
1884,542,1,3
1884,543,1,3
1884,544,1,3
1884,545,1,3
1884,546,1,3
1884,547,1,3
1884,548,1,3
1884,549,1,3
1884,550,1,3
1884,551,1,3
1884,552,1,3
1884,553,1,3
1884,554,1,3
1884,555,1,3
1884,556,1,3
1884,557,1,3
1884,558,1,3
1884,559,1,3
1884,560,1,3
1884,561,1,3
1884,562,1,3
1884,563,1,3
1884,564,1,3
1884,565,1,3
1884,566,1,3
1884,567,1,3
1884,568,1,3
1884,569,1,3
1884,570,1,3
1884,571,1,3
1884,572,1,3
1884,573,1,3
1884,574,1,3
1884,575,1,3
1884,576,1,3
1884,577,1,3
1884,578,1,2
1884,579,1,2
1884,580,1,2
1884,581,1,2
1884,582,1,2
1884,583,1,2
1884,584,1,2
1884,585,1,2
1884,586,1,2
1884,587,1,2
1884,588,1,2
1884,589,1,2
1884,590,1,2
1884,591,1,2
1884,592,1,2
1884,593,1,2
1884,594,1,2
1884,595,1,2
1884,596,1,2
1884,597,1,2
1884,598,1,2
1884,599,1,2
1884,600,1,2
1884,601,1,2
1884,602,1,2
1884,603,1,2
1884,604,1,2
1884,605,1,2
1884,606,1,2
1884,607,1,2
1884,608,1,2
1884,609,1,2
1884,610,1,2
1884,611,1,2
1884,612,1,2
1884,613,1,2
1884,614,1,2
1884,615,1,2
1884,616,1,2
1884,617,1,2
1884,618,1,2
1884,619,1,2
1884,620,1,2
1884,621,1,2
1884,622,1,2
1884,623,1,2
1884,624,1,2
1884,625,1,2
1884,626,1,2
1884,627,1,2
1884,628,1,2
1884,629,1,2
1884,630,1,2
1884,631,1,2
1884,632,1,2
1884,633,1,2
1884,634,1,2
1884,635,1,2
1884,636,1,2
1884,637,1,2
1884,638,1,2
1884,639,1,2
1884,640,1,2
1884,641,1,2
1884,642,1,2
1884,643,1,2
1884,644,1,2
1884,645,1,2
1884,646,1,2
1884,647,1,2
1885,113,1,2
1885,114,1,2
1885,115,1,2
1885,116,1,2
1885,117,1,2
1885,118,1,2
1885,119,1,2
1885,120,1,2
1885,121,1,2
1885,122,1,2
1885,123,1,2
1885,124,1,3
1885,125,1,3
1885,126,1,3
1885,127,1,3
1885,128,1,3
1885,129,1,3
1885,130,1,3
1885,131,1,3
1885,132,1,3
1885,133,1,3
1885,134,1,3
1885,135,1,3
1885,136,1,3
1885,137,1,3
1885,138,1,3
1885,139,1,3
1885,140,1,3
1885,141,1,2
1885,142,1,2
1885,143,1,2
1885,144,1,2
1885,145,1,2
1885,146,1,2
1885,147,1,2
1885,148,1,2
1885,149,1,2
1885,150,1,2
1885,151,1,2
1885,152,1,2
1885,153,1,2
1885,154,1,2
1885,155,1,2
1885,156,1,2
1885,157,1,2
1885,158,1,2
1885,159,1,2
1885,160,1,2
1885,161,1,2
1885,162,1,2
1885,163,1,2
1885,164,1,2
1885,165,1,2
1885,166,1,2
1885,167,1,2
1885,168,1,2
1885,169,1,2
1885,170,1,2
1885,171,1,2
1885,172,1,2
1885,173,1,2
1885,174,1,2
1885,175,1,2
1885,176,1,2
1885,177,1,2
1885,178,1,2
1885,179,1,2
1885,180,1,2
1885,181,1,2
1885,182,1,2
1885,183,1,2
1885,184,1,2
1885,185,1,2
1885,186,1,2
1885,187,1,2
1885,188,1,2
1885,189,1,2
1885,190,1,2
1885,191,1,2
1885,192,1,2
1885,193,1,2
1885,194,1,2
1885,195,1,2
1885,196,1,2
1885,197,1,2
1885,198,1,2
1885,199,1,2
1885,200,1,2
1885,201,1,2
1885,202,1,2
1885,203,1,2
1885,204,1,2
1885,205,1,2
1885,206,1,2
1885,207,1,2
1885,208,1,2
1885,209,1,2
1885,210,1,2
1885,211,1,2
1885,212,1,2
1885,213,1,2
1885,214,1,2
1885,215,1,2
1885,216,1,2
1885,217,1,2
1885,218,1,2
1885,219,1,2
1885,220,1,2
1885,221,1,2
1885,222,1,2
1885,223,1,2
1885,224,1,2
1885,225,1,2
1885,226,1,2
1885,227,1,2
1885,228,1,2
1885,229,1,2
1885,230,1,2
1885,231,1,2
1885,232,1,2
1885,233,1,2
1885,234,1,2
1885,235,1,2
1885,236,1,2
1885,237,1,2
1885,238,1,2
1885,239,1,2
1885,240,1,2
1885,241,1,2
1885,242,1,2
1885,243,1,2
1885,244,1,2
1885,245,1,2
1885,246,1,2
1885,247,1,2
1885,248,1,2
1885,249,1,2
1885,250,1,2
1885,251,1,2
1885,252,1,2
1885,253,1,2
1885,254,1,2
1885,255,1,2
1885,256,1,2
1885,257,1,2
1885,258,1,2
1885,259,1,2
1885,260,1,2
1885,261,1,2
1885,262,1,2
1885,263,1,2
1885,264,1,2
1885,265,1,2
1885,266,1,2
1885,267,1,2
1885,268,1,2
1885,269,1,2
1885,270,1,2
1885,271,1,2
1885,272,1,2
1885,273,1,2
1885,274,1,2
1885,275,1,2
1885,276,1,2
1885,277,1,2
1885,278,1,2
1885,279,1,2
1885,280,1,2
1885,281,1,2
1885,282,1,2
1885,283,1,2
1885,284,1,2
1885,285,1,2
1885,286,1,2
1885,287,1,2
1885,288,1,2
1885,289,1,2
1885,290,1,2
1885,291,1,2
1885,292,1,2
1885,293,1,2
1885,294,1,2
1885,295,1,2
1885,296,1,2
1885,297,1,2
1885,298,1,2
1885,299,1,2
1885,300,1,2
1885,301,1,2
1885,302,1,2
1885,303,1,2
1885,304,1,2
1885,305,1,2
1885,306,1,2
1885,307,1,2
1885,308,1,2
1885,309,1,2
1885,310,1,2
1885,311,1,2
1885,312,1,2
1885,313,1,2
1885,314,1,2
1885,315,1,2
1885,316,1,2
1885,317,1,2
1885,318,1,2
1885,319,1,2
1885,320,1,2
1885,321,1,2
1885,322,1,2
1885,323,1,2
1885,324,1,2
1885,325,1,2
1885,326,1,2
1885,327,1,2
1885,328,1,2
1885,329,1,2
1885,330,1,2
1885,331,1,2
1885,332,1,2
1885,333,1,2
1885,334,1,2
1885,335,1,2
1885,336,1,2
1885,337,1,2
1885,338,1,2
1885,339,1,2
1885,340,1,2
1885,341,1,2
1885,342,1,2
1885,343,1,2
1885,344,1,2
1885,345,1,2
1885,346,1,2
1885,347,1,2
1885,348,1,2
1885,349,1,2
1885,350,1,2
1885,351,1,2
1885,352,1,2
1885,353,1,2
1885,354,1,2
1885,355,1,2
1885,356,1,2
1885,357,1,2
1885,358,1,2
1885,359,1,2
1885,360,1,2
1885,361,1,2
1885,362,1,2
1885,363,1,2
1885,364,1,2
1885,365,1,2
1885,366,1,2
1885,367,1,2
1885,368,1,2
1885,369,1,2
1885,370,1,2
1885,371,1,2
1885,372,1,2
1885,373,1,2
1885,374,1,2
1885,375,1,2
1885,376,1,2
1885,377,1,2
1885,378,1,2
1885,379,1,2
1885,380,1,2
1885,381,1,2
1885,382,1,2
1885,383,1,2
1885,384,1,2
1885,385,1,2
1885,386,1,2
1885,387,1,2
1885,388,1,2
1885,389,1,2
1885,390,1,2
1885,391,1,2
1885,392,1,2
1885,393,1,2
1885,394,1,2
1885,395,1,2
1885,396,1,2
1885,397,1,2
1885,398,1,2
1885,399,1,2
1885,400,1,2
1885,401,1,2
1885,402,1,2
1885,403,1,2
1885,404,1,2
1885,405,1,2
1885,406,1,2
1885,407,1,2
1885,408,1,2
1885,409,1,2
1885,410,1,2
1885,411,1,2
1885,412,1,2
1885,413,1,2
1885,414,1,2
1885,415,1,2
1885,416,1,2
1885,417,1,2
1885,418,1,2
1885,419,1,2
1885,420,1,2
1885,421,1,2
1885,422,1,2
1885,423,1,2
1885,424,1,2
1885,425,1,2
1885,426,1,2
1885,427,1,2
1885,428,1,2
1885,429,1,2
1885,430,1,2
1885,431,1,2
1885,432,1,2
1885,433,1,2
1885,434,1,2
1885,435,1,2
1885,436,1,2
1885,437,1,2
1885,438,1,2
1885,439,1,2
1885,440,1,2
1885,441,1,2
1885,442,1,2
1885,443,1,2
1885,444,1,3
1885,445,1,3
1885,446,1,3
1885,447,1,3
1885,448,1,3
1885,449,1,3
1885,450,1,3
1885,451,1,3
1885,452,1,3
1885,453,1,3
1885,454,1,3
1885,455,1,3
1885,456,1,3
1885,457,1,3
1885,458,1,3
1885,459,1,3
1885,460,1,3
1885,461,1,3
1885,462,1,3
1885,463,1,3
1885,464,1,3
1885,465,1,3
1885,466,1,3
1885,467,1,3
1885,468,1,3
1885,469,1,3
1885,470,1,3
1885,471,1,3
1885,472,1,3
1885,473,1,3
1885,474,1,3
1885,475,1,3
1885,476,1,3
1885,477,1,3
1885,478,1,3
1885,479,1,3
1885,480,1,3
1885,481,1,3
1885,482,1,3
1885,483,1,3
1885,484,1,3
1885,485,1,3
1885,486,1,2
1885,487,1,2
1885,488,1,2
1885,489,1,2
1885,490,1,2
1885,491,1,2
1885,492,1,2
1885,493,1,2
1885,494,1,2
1885,495,1,2
1885,496,1,2
1885,497,1,2
1885,498,1,2
1885,499,1,2
1885,500,1,2
1885,501,1,2
1885,502,1,2
1885,503,1,2
1885,504,1,2
1885,505,1,2
1885,506,1,2
1885,507,1,2
1885,508,1,2
1885,509,1,2
1885,510,1,2
1885,511,1,2
1885,512,1,2
1885,513,1,2
1885,514,1,2
1885,515,1,2
1885,516,1,2
1885,517,1,2
1885,518,1,3
1885,519,1,3
1885,520,1,3
1885,521,1,3
1885,522,1,3
1885,523,1,3
1885,524,1,3
1885,525,1,3
1885,526,1,3
1885,527,1,3
1885,528,1,3
1885,529,1,3
1885,530,1,3
1885,531,1,3
1885,532,1,3
1885,533,1,3
1885,534,1,3
1885,535,1,3
1885,536,1,3
1885,537,1,3
1885,538,1,3
1885,539,1,3
1885,540,1,3
1885,541,1,3
1885,542,1,3
1885,543,1,3
1885,544,1,3
1885,545,1,3
1885,546,1,3
1885,547,1,3
1885,548,1,3
1885,549,1,3
1885,550,1,3
1885,551,1,3
1885,552,1,3
1885,553,1,3
1885,554,1,3
1885,555,1,3
1885,556,1,3
1885,557,1,3
1885,558,1,3
1885,559,1,3
1885,560,1,3
1885,561,1,3
1885,562,1,3
1885,563,1,3
1885,564,1,3
1885,565,1,3
1885,566,1,3
1885,567,1,3
1885,568,1,3
1885,569,1,3
1885,570,1,3
1885,571,1,3
1885,572,1,3
1885,573,1,3
1885,574,1,3
1885,575,1,3
1885,576,1,3
1885,577,1,2
1885,578,1,2
1885,579,1,2
1885,580,1,2
1885,581,1,2
1885,582,1,2
1885,583,1,2
1885,584,1,2
1885,585,1,2
1885,586,1,2
1885,587,1,2
1885,588,1,2
1885,589,1,2
1885,590,1,2
1885,591,1,2
1885,592,1,2
1885,593,1,2
1885,594,1,2
1885,595,1,2
1885,596,1,2
1885,597,1,2
1885,598,1,2
1885,599,1,2
1885,600,1,2
1885,601,1,2
1885,602,1,2
1885,603,1,2
1885,604,1,2
1885,605,1,2
1885,606,1,2
1885,607,1,2
1885,608,1,2
1885,609,1,2
1885,610,1,2
1885,611,1,2
1885,612,1,2
1885,613,1,2
1885,614,1,2
1885,615,1,2
1885,616,1,2
1885,617,1,2
1885,618,1,2
1885,619,1,2
1885,620,1,2
1885,621,1,2
1885,622,1,2
1885,623,1,2
1885,624,1,2
1885,625,1,2
1885,626,1,2
1885,627,1,2
1885,628,1,2
1885,629,1,2
1885,630,1,2
1885,631,1,2
1885,632,1,2
1885,633,1,2
1885,634,1,2
1885,635,1,2
1885,636,1,2
1885,637,1,2
1885,638,1,2
1885,639,1,2
1885,640,1,2
1885,641,1,2
1885,642,1,2
1885,643,1,2
1885,644,1,2
1885,645,1,2
1886,113,1,2
1886,114,1,2
1886,115,1,2
1886,116,1,2
1886,117,1,2
1886,118,1,2
1886,119,1,2
1886,120,1,2
1886,121,1,2
1886,122,1,2
1886,123,1,3
1886,124,1,3
1886,125,1,3
1886,126,1,3
1886,127,1,3
1886,128,1,3
1886,129,1,3
1886,130,1,3
1886,131,1,3
1886,132,1,3
1886,133,1,3
1886,134,1,3
1886,135,1,3
1886,136,1,3
1886,137,1,3
1886,138,1,3
1886,139,1,3
1886,140,1,2
1886,141,1,2
1886,142,1,2
1886,143,1,2
1886,144,1,2
1886,145,1,2
1886,146,1,2
1886,147,1,2
1886,148,1,2
1886,149,1,2
1886,150,1,2
1886,151,1,2
1886,152,1,2
1886,153,1,2
1886,154,1,2
1886,155,1,2
1886,156,1,2
1886,157,1,2
1886,158,1,2
1886,159,1,2
1886,160,1,2
1886,161,1,2
1886,162,1,2
1886,163,1,2
1886,164,1,2
1886,165,1,2
1886,166,1,2
1886,167,1,2
1886,168,1,2
1886,169,1,2
1886,170,1,2
1886,171,1,2
1886,172,1,2
1886,173,1,2
1886,174,1,2
1886,175,1,2
1886,176,1,2
1886,177,1,2
1886,178,1,2
1886,179,1,2
1886,180,1,2
1886,181,1,2
1886,182,1,2
1886,183,1,2
1886,184,1,2
1886,185,1,2
1886,186,1,2
1886,187,1,2
1886,188,1,2
1886,189,1,2
1886,190,1,2
1886,191,1,2
1886,192,1,2
1886,193,1,2
1886,194,1,2
1886,195,1,2
1886,196,1,2
1886,197,1,2
1886,198,1,2
1886,199,1,2
1886,200,1,2
1886,201,1,2
1886,202,1,2
1886,203,1,2
1886,204,1,2
1886,205,1,2
1886,206,1,2
1886,207,1,2
1886,208,1,2
1886,209,1,2
1886,210,1,2
1886,211,1,2
1886,212,1,2
1886,213,1,2
1886,214,1,2
1886,215,1,2
1886,216,1,2
1886,217,1,2
1886,218,1,2
1886,219,1,2
1886,220,1,2
1886,221,1,2
1886,222,1,2
1886,223,1,2
1886,224,1,2
1886,225,1,2
1886,226,1,2
1886,227,1,2
1886,228,1,2
1886,229,1,2
1886,230,1,2
1886,231,1,2
1886,232,1,2
1886,233,1,2
1886,234,1,2
1886,235,1,2
1886,236,1,2
1886,237,1,2
1886,238,1,2
1886,239,1,2
1886,240,1,2
1886,241,1,2
1886,242,1,2
1886,243,1,2
1886,244,1,2
1886,245,1,2
1886,246,1,2
1886,247,1,2
1886,248,1,2
1886,249,1,2
1886,250,1,2
1886,251,1,2
1886,252,1,2
1886,253,1,2
1886,254,1,2
1886,255,1,2
1886,256,1,2
1886,257,1,2
1886,258,1,2
1886,259,1,2
1886,260,1,2
1886,261,1,2
1886,262,1,2
1886,263,1,2
1886,264,1,2
1886,265,1,2
1886,266,1,2
1886,267,1,2
1886,268,1,2
1886,269,1,2
1886,270,1,2
1886,271,1,2
1886,272,1,2
1886,273,1,2
1886,274,1,2
1886,275,1,2
1886,276,1,2
1886,277,1,2
1886,278,1,2
1886,279,1,2
1886,280,1,2
1886,281,1,2
1886,282,1,2
1886,283,1,2
1886,284,1,2
1886,285,1,2
1886,286,1,2
1886,287,1,2
1886,288,1,2
1886,289,1,2
1886,290,1,2
1886,291,1,2
1886,292,1,2
1886,293,1,2
1886,294,1,2
1886,295,1,2
1886,296,1,2
1886,297,1,2
1886,298,1,2
1886,299,1,2
1886,300,1,2
1886,301,1,2
1886,302,1,2
1886,303,1,2
1886,304,1,2
1886,305,1,2
1886,306,1,2
1886,307,1,2
1886,308,1,2
1886,309,1,2
1886,310,1,2
1886,311,1,2
1886,312,1,2
1886,313,1,2
1886,314,1,2
1886,315,1,2
1886,316,1,2
1886,317,1,2
1886,318,1,2
1886,319,1,2
1886,320,1,2
1886,321,1,2
1886,322,1,2
1886,323,1,2
1886,324,1,2
1886,325,1,2
1886,326,1,2
1886,327,1,2
1886,328,1,2
1886,329,1,2
1886,330,1,2
1886,331,1,2
1886,332,1,2
1886,333,1,2
1886,334,1,2
1886,335,1,2
1886,336,1,2
1886,337,1,2
1886,338,1,2
1886,339,1,2
1886,340,1,2
1886,341,1,2
1886,342,1,2
1886,343,1,2
1886,344,1,2
1886,345,1,2
1886,346,1,2
1886,347,1,2
1886,348,1,2
1886,349,1,2
1886,350,1,2
1886,351,1,2
1886,352,1,2
1886,353,1,2
1886,354,1,2
1886,355,1,2
1886,356,1,2
1886,357,1,2
1886,358,1,2
1886,359,1,2
1886,360,1,2
1886,361,1,2
1886,362,1,2
1886,363,1,2
1886,364,1,2
1886,365,1,2
1886,366,1,2
1886,367,1,2
1886,368,1,2
1886,369,1,2
1886,370,1,2
1886,371,1,2
1886,372,1,2
1886,373,1,2
1886,374,1,2
1886,375,1,2
1886,376,1,2
1886,377,1,2
1886,378,1,2
1886,379,1,2
1886,380,1,2
1886,381,1,2
1886,382,1,2
1886,383,1,2
1886,384,1,2
1886,385,1,2
1886,386,1,2
1886,387,1,2
1886,388,1,2
1886,389,1,2
1886,390,1,2
1886,391,1,2
1886,392,1,2
1886,393,1,2
1886,394,1,2
1886,395,1,2
1886,396,1,2
1886,397,1,2
1886,398,1,2
1886,399,1,2
1886,400,1,2
1886,401,1,2
1886,402,1,2
1886,403,1,2
1886,404,1,2
1886,405,1,2
1886,406,1,2
1886,407,1,2
1886,408,1,2
1886,409,1,2
1886,410,1,2
1886,411,1,2
1886,412,1,2
1886,413,1,2
1886,414,1,2
1886,415,1,2
1886,416,1,2
1886,417,1,2
1886,418,1,2
1886,419,1,2
1886,420,1,2
1886,421,1,2
1886,422,1,2
1886,423,1,2
1886,424,1,2
1886,425,1,2
1886,426,1,2
1886,427,1,2
1886,428,1,2
1886,429,1,2
1886,430,1,2
1886,431,1,2
1886,432,1,2
1886,433,1,2
1886,434,1,2
1886,435,1,2
1886,436,1,2
1886,437,1,2
1886,438,1,2
1886,439,1,2
1886,440,1,2
1886,441,1,2
1886,442,1,2
1886,443,1,2
1886,444,1,3
1886,445,1,3
1886,446,1,3
1886,447,1,3
1886,448,1,3
1886,449,1,3
1886,450,1,3
1886,451,1,3
1886,452,1,3
1886,453,1,3
1886,454,1,3
1886,455,1,3
1886,456,1,3
1886,457,1,3
1886,458,1,3
1886,459,1,3
1886,460,1,3
1886,461,1,3
1886,462,1,3
1886,463,1,3
1886,464,1,3
1886,465,1,3
1886,466,1,3
1886,467,1,3
1886,468,1,3
1886,469,1,3
1886,470,1,3
1886,471,1,3
1886,472,1,3
1886,473,1,3
1886,474,1,3
1886,475,1,3
1886,476,1,3
1886,477,1,3
1886,478,1,3
1886,479,1,3
1886,480,1,3
1886,481,1,3
1886,482,1,3
1886,483,1,3
1886,484,1,3
1886,485,1,3
1886,486,1,2
1886,487,1,2
1886,488,1,2
1886,489,1,2
1886,490,1,2
1886,491,1,2
1886,492,1,2
1886,493,1,2
1886,494,1,2
1886,495,1,2
1886,496,1,2
1886,497,1,2
1886,498,1,2
1886,499,1,2
1886,500,1,2
1886,501,1,2
1886,502,1,2
1886,503,1,2
1886,504,1,2
1886,505,1,2
1886,506,1,2
1886,507,1,2
1886,508,1,2
1886,509,1,2
1886,510,1,2
1886,511,1,2
1886,512,1,2
1886,513,1,2
1886,514,1,2
1886,515,1,2
1886,516,1,2
1886,517,1,2
1886,518,1,2
1886,519,1,3
1886,520,1,3
1886,521,1,3
1886,522,1,3
1886,523,1,3
1886,524,1,3
1886,525,1,3
1886,526,1,3
1886,527,1,3
1886,528,1,3
1886,529,1,3
1886,530,1,3
1886,531,1,3
1886,532,1,3
1886,533,1,3
1886,534,1,3
1886,535,1,3
1886,536,1,3
1886,537,1,3
1886,538,1,3
1886,539,1,3
1886,540,1,3
1886,541,1,3
1886,542,1,3
1886,543,1,3
1886,544,1,3
1886,545,1,3
1886,546,1,3
1886,547,1,3
1886,548,1,3
1886,549,1,3
1886,550,1,3
1886,551,1,3
1886,552,1,3
1886,553,1,3
1886,554,1,3
1886,555,1,3
1886,556,1,3
1886,557,1,3
1886,558,1,3
1886,559,1,3
1886,560,1,3
1886,561,1,3
1886,562,1,3
1886,563,1,3
1886,564,1,3
1886,565,1,3
1886,566,1,3
1886,567,1,3
1886,568,1,3
1886,569,1,3
1886,570,1,3
1886,571,1,3
1886,572,1,3
1886,573,1,3
1886,574,1,3
1886,575,1,3
1886,576,1,2
1886,577,1,2
1886,578,1,2
1886,579,1,2
1886,580,1,2
1886,581,1,2
1886,582,1,2
1886,583,1,2
1886,584,1,2
1886,585,1,2
1886,586,1,2
1886,587,1,2
1886,588,1,2
1886,589,1,2
1886,590,1,2
1886,591,1,2
1886,592,1,2
1886,593,1,2
1886,594,1,2
1886,595,1,2
1886,596,1,2
1886,597,1,2
1886,598,1,2
1886,599,1,2
1886,600,1,2
1886,601,1,2
1886,602,1,2
1886,603,1,2
1886,604,1,2
1886,605,1,2
1886,606,1,2
1886,607,1,2
1886,608,1,2
1886,609,1,2
1886,610,1,2
1886,611,1,2
1886,612,1,2
1886,613,1,2
1886,614,1,2
1886,615,1,2
1886,616,1,2
1886,617,1,2
1886,618,1,2
1886,619,1,2
1886,620,1,2
1886,621,1,2
1886,622,1,2
1886,623,1,2
1886,624,1,2
1886,625,1,2
1886,626,1,2
1886,627,1,2
1886,628,1,2
1886,629,1,2
1886,630,1,2
1886,631,1,2
1886,632,1,2
1886,633,1,2
1886,634,1,2
1886,635,1,2
1886,636,1,2
1886,637,1,2
1886,638,1,2
1886,639,1,2
1886,640,1,2
1886,641,1,2
1886,642,1,2
1886,643,1,2
1886,644,1,2
1886,645,1,2
1886,646,1,2
1886,647,1,2
1887,113,1,2
1887,114,1,2
1887,115,1,2
1887,116,1,2
1887,117,1,2
1887,118,1,2
1887,119,1,2
1887,120,1,2
1887,121,1,2
1887,122,1,3
1887,123,1,3
1887,124,1,3
1887,125,1,3
1887,126,1,3
1887,127,1,3
1887,128,1,3
1887,129,1,3
1887,130,1,3
1887,131,1,3
1887,132,1,3
1887,133,1,3
1887,134,1,3
1887,135,1,3
1887,136,1,3
1887,137,1,3
1887,138,1,3
1887,139,1,3
1887,140,1,2
1887,141,1,2
1887,142,1,2
1887,143,1,2
1887,144,1,2
1887,145,1,2
1887,146,1,2
1887,147,1,2
1887,148,1,2
1887,149,1,2
1887,150,1,2
1887,151,1,2
1887,152,1,2
1887,153,1,2
1887,154,1,2
1887,155,1,2
1887,156,1,2
1887,157,1,2
1887,158,1,2
1887,159,1,2
1887,160,1,2
1887,161,1,2
1887,162,1,2
1887,163,1,2
1887,164,1,2
1887,165,1,2
1887,166,1,2
1887,167,1,2
1887,168,1,2
1887,169,1,2
1887,170,1,2
1887,171,1,2
1887,172,1,2
1887,173,1,2
1887,174,1,2
1887,175,1,2
1887,176,1,2
1887,177,1,2
1887,178,1,2
1887,179,1,2
1887,180,1,2
1887,181,1,2
1887,182,1,2
1887,183,1,2
1887,184,1,2
1887,185,1,2
1887,186,1,2
1887,187,1,2
1887,188,1,2
1887,189,1,2
1887,190,1,2
1887,191,1,2
1887,192,1,2
1887,193,1,2
1887,194,1,2
1887,195,1,2
1887,196,1,2
1887,197,1,2
1887,198,1,2
1887,199,1,2
1887,200,1,2
1887,201,1,2
1887,202,1,2
1887,203,1,2
1887,204,1,2
1887,205,1,2
1887,206,1,2
1887,207,1,2
1887,208,1,2
1887,209,1,2
1887,210,1,2
1887,211,1,2
1887,212,1,2
1887,213,1,2
1887,214,1,2
1887,215,1,2
1887,216,1,2
1887,217,1,2
1887,218,1,2
1887,219,1,2
1887,220,1,2
1887,221,1,2
1887,222,1,2
1887,223,1,2
1887,224,1,2
1887,225,1,2
1887,226,1,2
1887,227,1,2
1887,228,1,2
1887,229,1,2
1887,230,1,2
1887,231,1,2
1887,232,1,2
1887,233,1,2
1887,234,1,2
1887,235,1,2
1887,236,1,2
1887,237,1,2
1887,238,1,2
1887,239,1,2
1887,240,1,2
1887,241,1,2
1887,242,1,2
1887,243,1,2
1887,244,1,2
1887,245,1,2
1887,246,1,2
1887,247,1,2
1887,248,1,2
1887,249,1,2
1887,250,1,2
1887,251,1,2
1887,252,1,2
1887,253,1,2
1887,254,1,2
1887,255,1,2
1887,256,1,2
1887,257,1,2
1887,258,1,2
1887,259,1,2
1887,260,1,2
1887,261,1,2
1887,262,1,2
1887,263,1,2
1887,264,1,2
1887,265,1,2
1887,266,1,2
1887,267,1,2
1887,268,1,2
1887,269,1,2
1887,270,1,2
1887,271,1,2
1887,272,1,2
1887,273,1,2
1887,274,1,2
1887,275,1,2
1887,276,1,2
1887,277,1,2
1887,278,1,2
1887,279,1,2
1887,280,1,2
1887,281,1,2
1887,282,1,2
1887,283,1,2
1887,284,1,2
1887,285,1,2
1887,286,1,2
1887,287,1,2
1887,288,1,2
1887,289,1,2
1887,290,1,2
1887,291,1,2
1887,292,1,2
1887,293,1,2
1887,294,1,2
1887,295,1,2
1887,296,1,2
1887,297,1,2
1887,298,1,2
1887,299,1,2
1887,300,1,2
1887,301,1,2
1887,302,1,2
1887,303,1,2
1887,304,1,2
1887,305,1,2
1887,306,1,2
1887,307,1,2
1887,308,1,2
1887,309,1,2
1887,310,1,2
1887,311,1,2
1887,312,1,2
1887,313,1,2
1887,314,1,2
1887,315,1,2
1887,316,1,2
1887,317,1,2
1887,318,1,2
1887,319,1,2
1887,320,1,2
1887,321,1,2
1887,322,1,2
1887,323,1,2
1887,324,1,2
1887,325,1,2
1887,326,1,2
1887,327,1,2
1887,328,1,2
1887,329,1,2
1887,330,1,2
1887,331,1,2
1887,332,1,2
1887,333,1,2
1887,334,1,2
1887,335,1,2
1887,336,1,2
1887,337,1,2
1887,338,1,2
1887,339,1,2
1887,340,1,2
1887,341,1,2
1887,342,1,2
1887,343,1,2
1887,344,1,2
1887,345,1,2
1887,346,1,2
1887,347,1,2
1887,348,1,2
1887,349,1,2
1887,350,1,2
1887,351,1,2
1887,352,1,2
1887,353,1,2
1887,354,1,2
1887,355,1,2
1887,356,1,2
1887,357,1,2
1887,358,1,2
1887,359,1,2
1887,360,1,2
1887,361,1,2
1887,362,1,2
1887,363,1,2
1887,364,1,2
1887,365,1,2
1887,366,1,2
1887,367,1,2
1887,368,1,2
1887,369,1,2
1887,370,1,2
1887,371,1,2
1887,372,1,2
1887,373,1,2
1887,374,1,2
1887,375,1,2
1887,376,1,2
1887,377,1,2
1887,378,1,2
1887,379,1,2
1887,380,1,2
1887,381,1,2
1887,382,1,2
1887,383,1,2
1887,384,1,2
1887,385,1,2
1887,386,1,2
1887,387,1,2
1887,388,1,2
1887,389,1,2
1887,390,1,2
1887,391,1,2
1887,392,1,2
1887,393,1,2
1887,394,1,2
1887,395,1,2
1887,396,1,2
1887,397,1,2
1887,398,1,2
1887,399,1,2
1887,400,1,2
1887,401,1,2
1887,402,1,2
1887,403,1,2
1887,404,1,2
1887,405,1,2
1887,406,1,2
1887,407,1,2
1887,408,1,2
1887,409,1,2
1887,410,1,2
1887,411,1,2
1887,412,1,2
1887,413,1,2
1887,414,1,2
1887,415,1,2
1887,416,1,2
1887,417,1,2
1887,418,1,2
1887,419,1,2
1887,420,1,2
1887,421,1,2
1887,422,1,2
1887,423,1,2
1887,424,1,2
1887,425,1,2
1887,426,1,2
1887,427,1,2
1887,428,1,2
1887,429,1,2
1887,430,1,2
1887,431,1,2
1887,432,1,2
1887,433,1,2
1887,434,1,2
1887,435,1,2
1887,436,1,2
1887,437,1,2
1887,438,1,2
1887,439,1,2
1887,440,1,2
1887,441,1,2
1887,442,1,2
1887,443,1,3
1887,444,1,3
1887,445,1,3
1887,446,1,3
1887,447,1,3
1887,448,1,3
1887,449,1,3
1887,450,1,3
1887,451,1,3
1887,452,1,3
1887,453,1,3
1887,454,1,3
1887,455,1,3
1887,456,1,3
1887,457,1,3
1887,458,1,3
1887,459,1,3
1887,460,1,3
1887,461,1,3
1887,462,1,3
1887,463,1,3
1887,464,1,3
1887,465,1,3
1887,466,1,3
1887,467,1,3
1887,468,1,3
1887,469,1,3
1887,470,1,3
1887,471,1,3
1887,472,1,3
1887,473,1,3
1887,474,1,3
1887,475,1,3
1887,476,1,3
1887,477,1,3
1887,478,1,3
1887,479,1,3
1887,480,1,3
1887,481,1,3
1887,482,1,3
1887,483,1,3
1887,484,1,3
1887,485,1,3
1887,486,1,2
1887,487,1,2
1887,488,1,2
1887,489,1,2
1887,490,1,2
1887,491,1,2
1887,492,1,2
1887,493,1,2
1887,494,1,2
1887,495,1,2
1887,496,1,2
1887,497,1,2
1887,498,1,2
1887,499,1,2
1887,500,1,2
1887,501,1,2
1887,502,1,2
1887,503,1,2
1887,504,1,2
1887,505,1,2
1887,506,1,2
1887,507,1,2
1887,508,1,2
1887,509,1,2
1887,510,1,2
1887,511,1,2
1887,512,1,2
1887,513,1,2
1887,514,1,2
1887,515,1,2
1887,516,1,2
1887,517,1,2
1887,518,1,2
1887,519,1,2
1887,520,1,3
1887,521,1,3
1887,522,1,3
1887,523,1,3
1887,524,1,3
1887,525,1,3
1887,526,1,3
1887,527,1,3
1887,528,1,3
1887,529,1,3
1887,530,1,3
1887,531,1,3
1887,532,1,3
1887,533,1,3
1887,534,1,3
1887,535,1,3
1887,536,1,3
1887,537,1,3
1887,538,1,3
1887,539,1,3
1887,540,1,3
1887,541,1,3
1887,542,1,3
1887,543,1,3
1887,544,1,3
1887,545,1,3
1887,546,1,3
1887,547,1,3
1887,548,1,3
1887,549,1,3
1887,550,1,3
1887,551,1,3
1887,552,1,3
1887,553,1,3
1887,554,1,3
1887,555,1,3
1887,556,1,3
1887,557,1,3
1887,558,1,3
1887,559,1,3
1887,560,1,3
1887,561,1,3
1887,562,1,3
1887,563,1,3
1887,564,1,3
1887,565,1,3
1887,566,1,3
1887,567,1,3
1887,568,1,3
1887,569,1,3
1887,570,1,3
1887,571,1,3
1887,572,1,3
1887,573,1,3
1887,574,1,3
1887,575,1,2
1887,576,1,2
1887,577,1,2
1887,578,1,2
1887,579,1,2
1887,580,1,2
1887,581,1,2
1887,582,1,2
1887,583,1,2
1887,584,1,2
1887,585,1,2
1887,586,1,2
1887,587,1,2
1887,588,1,2
1887,589,1,2
1887,590,1,2
1887,591,1,2
1887,592,1,2
1887,593,1,2
1887,594,1,2
1887,595,1,2
1887,596,1,2
1887,597,1,2
1887,598,1,2
1887,599,1,2
1887,600,1,2
1887,601,1,2
1887,602,1,2
1887,603,1,2
1887,604,1,2
1887,605,1,2
1887,606,1,2
1887,607,1,2
1887,608,1,2
1887,609,1,2
1887,610,1,2
1887,611,1,2
1887,612,1,2
1887,613,1,2
1887,614,1,2
1887,615,1,2
1887,616,1,2
1887,617,1,2
1887,618,1,2
1887,619,1,2
1887,620,1,2
1887,621,1,2
1887,622,1,2
1887,623,1,2
1887,624,1,2
1887,625,1,2
1887,626,1,2
1887,627,1,2
1887,628,1,2
1887,629,1,2
1887,630,1,2
1887,631,1,2
1887,632,1,2
1887,633,1,2
1887,634,1,2
1887,635,1,2
1887,636,1,2
1887,637,1,2
1887,638,1,2
1887,639,1,2
1887,640,1,2
1887,641,1,2
1887,642,1,2
1887,643,1,2
1887,644,1,2
1887,645,1,2
1888,113,1,2
1888,114,1,2
1888,115,1,2
1888,116,1,2
1888,117,1,2
1888,118,1,2
1888,119,1,2
1888,120,1,2
1888,121,1,3
1888,122,1,3
1888,123,1,3
1888,124,1,3
1888,125,1,3
1888,126,1,3
1888,127,1,3
1888,128,1,3
1888,129,1,3
1888,130,1,3
1888,131,1,3
1888,132,1,3
1888,133,1,3
1888,134,1,3
1888,135,1,3
1888,136,1,3
1888,137,1,3
1888,138,1,3
1888,139,1,3
1888,140,1,2
1888,141,1,2
1888,142,1,2
1888,143,1,2
1888,144,1,2
1888,145,1,2
1888,146,1,2
1888,147,1,2
1888,148,1,2
1888,149,1,2
1888,150,1,2
1888,151,1,2
1888,152,1,2
1888,153,1,2
1888,154,1,2
1888,155,1,2
1888,156,1,2
1888,157,1,2
1888,158,1,2
1888,159,1,2
1888,160,1,2
1888,161,1,2
1888,162,1,2
1888,163,1,2
1888,164,1,2
1888,165,1,2
1888,166,1,2
1888,167,1,2
1888,168,1,2
1888,169,1,2
1888,170,1,2
1888,171,1,2
1888,172,1,2
1888,173,1,2
1888,174,1,2
1888,175,1,2
1888,176,1,2
1888,177,1,2
1888,178,1,2
1888,179,1,2
1888,180,1,2
1888,181,1,2
1888,182,1,2
1888,183,1,2
1888,184,1,2
1888,185,1,2
1888,186,1,2
1888,187,1,2
1888,188,1,2
1888,189,1,2
1888,190,1,2
1888,191,1,2
1888,192,1,2
1888,193,1,2
1888,194,1,2
1888,195,1,2
1888,196,1,2
1888,197,1,2
1888,198,1,2
1888,199,1,2
1888,200,1,2
1888,201,1,2
1888,202,1,2
1888,203,1,2
1888,204,1,2
1888,205,1,2
1888,206,1,2
1888,207,1,2
1888,208,1,2
1888,209,1,2
1888,210,1,2
1888,211,1,2
1888,212,1,2
1888,213,1,2
1888,214,1,2
1888,215,1,2
1888,216,1,2
1888,217,1,2
1888,218,1,2
1888,219,1,2
1888,220,1,2
1888,221,1,2
1888,222,1,2
1888,223,1,2
1888,224,1,2
1888,225,1,2
1888,226,1,2
1888,227,1,2
1888,228,1,2
1888,229,1,2
1888,230,1,2
1888,231,1,2
1888,232,1,2
1888,233,1,2
1888,234,1,2
1888,235,1,2
1888,236,1,2
1888,237,1,2
1888,238,1,2
1888,239,1,2
1888,240,1,2
1888,241,1,2
1888,242,1,2
1888,243,1,2
1888,244,1,2
1888,245,1,2
1888,246,1,2
1888,247,1,2
1888,248,1,2
1888,249,1,2
1888,250,1,2
1888,251,1,2
1888,252,1,2
1888,253,1,2
1888,254,1,2
1888,255,1,2
1888,256,1,2
1888,257,1,2
1888,258,1,2
1888,259,1,2
1888,260,1,2
1888,261,1,2
1888,262,1,2
1888,263,1,2
1888,264,1,2
1888,265,1,2
1888,266,1,2
1888,267,1,2
1888,268,1,2
1888,269,1,2
1888,270,1,2
1888,271,1,2
1888,272,1,2
1888,273,1,2
1888,274,1,2
1888,275,1,2
1888,276,1,2
1888,277,1,2
1888,278,1,2
1888,279,1,2
1888,280,1,2
1888,281,1,2
1888,282,1,2
1888,283,1,2
1888,284,1,2
1888,285,1,2
1888,286,1,2
1888,287,1,2
1888,288,1,2
1888,289,1,2
1888,290,1,2
1888,291,1,2
1888,292,1,2
1888,293,1,2
1888,294,1,2
1888,295,1,2
1888,296,1,2
1888,297,1,2
1888,298,1,2
1888,299,1,2
1888,300,1,2
1888,301,1,2
1888,302,1,2
1888,303,1,2
1888,304,1,2
1888,305,1,2
1888,306,1,2
1888,307,1,2
1888,308,1,2
1888,309,1,2
1888,310,1,2
1888,311,1,2
1888,312,1,2
1888,313,1,2
1888,314,1,2
1888,315,1,2
1888,316,1,2
1888,317,1,2
1888,318,1,2
1888,319,1,2
1888,320,1,2
1888,321,1,2
1888,322,1,2
1888,323,1,2
1888,324,1,2
1888,325,1,2
1888,326,1,2
1888,327,1,2
1888,328,1,2
1888,329,1,2
1888,330,1,2
1888,331,1,2
1888,332,1,2
1888,333,1,2
1888,334,1,2
1888,335,1,2
1888,336,1,2
1888,337,1,2
1888,338,1,2
1888,339,1,2
1888,340,1,2
1888,341,1,2
1888,342,1,2
1888,343,1,2
1888,344,1,2
1888,345,1,2
1888,346,1,2
1888,347,1,2
1888,348,1,2
1888,349,1,2
1888,350,1,2
1888,351,1,2
1888,352,1,2
1888,353,1,2
1888,354,1,2
1888,355,1,2
1888,356,1,2
1888,357,1,2
1888,358,1,2
1888,359,1,2
1888,360,1,2
1888,361,1,2
1888,362,1,2
1888,363,1,2
1888,364,1,2
1888,365,1,2
1888,366,1,2
1888,367,1,2
1888,368,1,2
1888,369,1,2
1888,370,1,2
1888,371,1,2
1888,372,1,2
1888,373,1,2
1888,374,1,2
1888,375,1,2
1888,376,1,2
1888,377,1,2
1888,378,1,2
1888,379,1,2
1888,380,1,2
1888,381,1,2
1888,382,1,2
1888,383,1,2
1888,384,1,2
1888,385,1,2
1888,386,1,2
1888,387,1,2
1888,388,1,2
1888,389,1,2
1888,390,1,2
1888,391,1,2
1888,392,1,2
1888,393,1,2
1888,394,1,2
1888,395,1,2
1888,396,1,2
1888,397,1,2
1888,398,1,2
1888,399,1,2
1888,400,1,2
1888,401,1,2
1888,402,1,2
1888,403,1,2
1888,404,1,2
1888,405,1,2
1888,406,1,2
1888,407,1,2
1888,408,1,2
1888,409,1,2
1888,410,1,2
1888,411,1,2
1888,412,1,2
1888,413,1,2
1888,414,1,2
1888,415,1,2
1888,416,1,2
1888,417,1,2
1888,418,1,2
1888,419,1,2
1888,420,1,2
1888,421,1,2
1888,422,1,2
1888,423,1,2
1888,424,1,2
1888,425,1,2
1888,426,1,2
1888,427,1,2
1888,428,1,2
1888,429,1,2
1888,430,1,2
1888,431,1,2
1888,432,1,2
1888,433,1,2
1888,434,1,2
1888,435,1,2
1888,436,1,2
1888,437,1,2
1888,438,1,2
1888,439,1,2
1888,440,1,2
1888,441,1,3
1888,442,1,3
1888,443,1,3
1888,444,1,3
1888,445,1,3
1888,446,1,3
1888,447,1,3
1888,448,1,3
1888,449,1,3
1888,450,1,3
1888,451,1,3
1888,452,1,3
1888,453,1,3
1888,454,1,3
1888,455,1,3
1888,456,1,3
1888,457,1,3
1888,458,1,3
1888,459,1,3
1888,460,1,3
1888,461,1,3
1888,462,1,3
1888,463,1,3
1888,464,1,3
1888,465,1,3
1888,466,1,3
1888,467,1,3
1888,468,1,3
1888,469,1,3
1888,470,1,3
1888,471,1,3
1888,472,1,3
1888,473,1,3
1888,474,1,3
1888,475,1,3
1888,476,1,3
1888,477,1,3
1888,478,1,3
1888,479,1,3
1888,480,1,3
1888,481,1,3
1888,482,1,3
1888,483,1,3
1888,484,1,3
1888,485,1,3
1888,486,1,3
1888,487,1,2
1888,488,1,2
1888,489,1,2
1888,490,1,2
1888,491,1,2
1888,492,1,2
1888,493,1,2
1888,494,1,2
1888,495,1,2
1888,496,1,2
1888,497,1,2
1888,498,1,2
1888,499,1,2
1888,500,1,2
1888,501,1,2
1888,502,1,2
1888,503,1,2
1888,504,1,2
1888,505,1,2
1888,506,1,2
1888,507,1,2
1888,508,1,2
1888,509,1,2
1888,510,1,2
1888,511,1,2
1888,512,1,2
1888,513,1,2
1888,514,1,2
1888,515,1,2
1888,516,1,2
1888,517,1,2
1888,518,1,2
1888,519,1,2
1888,520,1,2
1888,521,1,3
1888,522,1,3
1888,523,1,3
1888,524,1,3
1888,525,1,3
1888,526,1,3
1888,527,1,3
1888,528,1,3
1888,529,1,3
1888,530,1,3
1888,531,1,3
1888,532,1,3
1888,533,1,3
1888,534,1,3
1888,535,1,3
1888,536,1,3
1888,537,1,3
1888,538,1,3
1888,539,1,3
1888,540,1,3
1888,541,1,3
1888,542,1,3
1888,543,1,3
1888,544,1,3
1888,545,1,3
1888,546,1,3
1888,547,1,3
1888,548,1,3
1888,549,1,3
1888,550,1,3
1888,551,1,3
1888,552,1,3
1888,553,1,3
1888,554,1,3
1888,555,1,3
1888,556,1,3
1888,557,1,3
1888,558,1,3
1888,559,1,3
1888,560,1,3
1888,561,1,3
1888,562,1,3
1888,563,1,3
1888,564,1,3
1888,565,1,3
1888,566,1,3
1888,567,1,3
1888,568,1,3
1888,569,1,3
1888,570,1,2
1888,571,1,2
1888,572,1,2
1888,573,1,2
1888,574,1,2
1888,575,1,2
1888,576,1,2
1888,577,1,2
1888,578,1,2
1888,579,1,2
1888,580,1,2
1888,581,1,2
1888,582,1,2
1888,583,1,2
1888,584,1,2
1888,585,1,2
1888,586,1,2
1888,587,1,2
1888,588,1,2
1888,589,1,2
1888,590,1,2
1888,591,1,2
1888,592,1,2
1888,593,1,2
1888,594,1,2
1888,595,1,2
1888,596,1,2
1888,597,1,2
1888,598,1,2
1888,599,1,2
1888,600,1,2
1888,601,1,2
1888,602,1,2
1888,603,1,2
1888,604,1,2
1888,605,1,2
1888,606,1,2
1888,607,1,2
1888,608,1,2
1888,609,1,2
1888,610,1,2
1888,611,1,2
1888,612,1,2
1888,613,1,2
1888,614,1,2
1888,615,1,2
1888,616,1,2
1888,617,1,2
1888,618,1,2
1888,619,1,2
1888,620,1,2
1888,621,1,2
1888,622,1,2
1888,623,1,2
1888,624,1,2
1888,625,1,2
1888,626,1,2
1888,627,1,2
1888,628,1,2
1888,629,1,2
1888,630,1,2
1888,631,1,2
1888,632,1,2
1888,633,1,2
1888,634,1,2
1888,635,1,2
1888,636,1,2
1888,637,1,2
1888,638,1,2
1888,639,1,2
1888,640,1,2
1888,641,1,2
1888,642,1,2
1888,643,1,2
1888,644,1,2
1888,645,1,2
1888,646,1,2
1889,111,1,2
1889,112,1,2
1889,113,1,2
1889,114,1,2
1889,115,1,2
1889,116,1,2
1889,117,1,2
1889,118,1,2
1889,119,1,2
1889,120,1,2
1889,121,1,2
1889,122,1,3
1889,123,1,3
1889,124,1,3
1889,125,1,3
1889,126,1,3
1889,127,1,3
1889,128,1,3
1889,129,1,3
1889,130,1,3
1889,131,1,3
1889,132,1,3
1889,133,1,3
1889,134,1,3
1889,135,1,3
1889,136,1,3
1889,137,1,3
1889,138,1,2
1889,139,1,2
1889,140,1,2
1889,141,1,2
1889,142,1,2
1889,143,1,2
1889,144,1,2
1889,145,1,2
1889,146,1,2
1889,147,1,2
1889,148,1,2
1889,149,1,2
1889,150,1,2
1889,151,1,2
1889,152,1,2
1889,153,1,2
1889,154,1,2
1889,155,1,2
1889,156,1,2
1889,157,1,2
1889,158,1,2
1889,159,1,2
1889,160,1,2
1889,161,1,2
1889,162,1,2
1889,163,1,2
1889,164,1,2
1889,165,1,2
1889,166,1,2
1889,167,1,2
1889,168,1,2
1889,169,1,2
1889,170,1,2
1889,171,1,2
1889,172,1,2
1889,173,1,2
1889,174,1,2
1889,175,1,2
1889,176,1,2
1889,177,1,2
1889,178,1,2
1889,179,1,2
1889,180,1,2
1889,181,1,2
1889,182,1,2
1889,183,1,2
1889,184,1,2
1889,185,1,2
1889,186,1,2
1889,187,1,2
1889,188,1,2
1889,189,1,2
1889,190,1,2
1889,191,1,2
1889,192,1,2
1889,193,1,2
1889,194,1,2
1889,195,1,2
1889,196,1,2
1889,197,1,2
1889,198,1,2
1889,199,1,2
1889,200,1,2
1889,201,1,2
1889,202,1,2
1889,203,1,2
1889,204,1,2
1889,205,1,2
1889,206,1,2
1889,207,1,2
1889,208,1,2
1889,209,1,2
1889,210,1,2
1889,211,1,2
1889,212,1,2
1889,213,1,2
1889,214,1,2
1889,215,1,2
1889,216,1,2
1889,217,1,2
1889,218,1,2
1889,219,1,2
1889,220,1,2
1889,221,1,2
1889,222,1,2
1889,223,1,2
1889,224,1,2
1889,225,1,2
1889,226,1,2
1889,227,1,2
1889,228,1,2
1889,229,1,2
1889,230,1,2
1889,231,1,2
1889,232,1,2
1889,233,1,2
1889,234,1,2
1889,235,1,2
1889,236,1,2
1889,237,1,2
1889,238,1,2
1889,239,1,2
1889,240,1,2
1889,241,1,2
1889,242,1,2
1889,243,1,2
1889,244,1,2
1889,245,1,2
1889,246,1,2
1889,247,1,2
1889,248,1,2
1889,249,1,2
1889,250,1,2
1889,251,1,2
1889,252,1,2
1889,253,1,2
1889,254,1,2
1889,255,1,2
1889,256,1,2
1889,257,1,2
1889,258,1,2
1889,259,1,2
1889,260,1,2
1889,261,1,2
1889,262,1,2
1889,263,1,2
1889,264,1,2
1889,265,1,2
1889,266,1,2
1889,267,1,2
1889,268,1,2
1889,269,1,2
1889,270,1,2
1889,271,1,2
1889,272,1,2
1889,273,1,2
1889,274,1,2
1889,275,1,2
1889,276,1,2
1889,277,1,2
1889,278,1,2
1889,279,1,2
1889,280,1,2
1889,281,1,2
1889,282,1,2
1889,283,1,2
1889,284,1,2
1889,285,1,2
1889,286,1,2
1889,287,1,2
1889,288,1,2
1889,289,1,2
1889,290,1,2
1889,291,1,2
1889,292,1,2
1889,293,1,2
1889,294,1,2
1889,295,1,2
1889,296,1,2
1889,297,1,2
1889,298,1,2
1889,299,1,2
1889,300,1,2
1889,301,1,2
1889,302,1,2
1889,303,1,2
1889,304,1,2
1889,305,1,2
1889,306,1,2
1889,307,1,2
1889,308,1,2
1889,309,1,2
1889,310,1,2
1889,311,1,2
1889,312,1,2
1889,313,1,2
1889,314,1,2
1889,315,1,2
1889,316,1,2
1889,317,1,2
1889,318,1,2
1889,319,1,2
1889,320,1,2
1889,321,1,2
1889,322,1,2
1889,323,1,2
1889,324,1,2
1889,325,1,2
1889,326,1,2
1889,327,1,2
1889,328,1,2
1889,329,1,2
1889,330,1,2
1889,331,1,2
1889,332,1,2
1889,333,1,2
1889,334,1,2
1889,335,1,2
1889,336,1,2
1889,337,1,2
1889,338,1,2
1889,339,1,2
1889,340,1,2
1889,341,1,2
1889,342,1,2
1889,343,1,2
1889,344,1,2
1889,345,1,2
1889,346,1,2
1889,347,1,2
1889,348,1,2
1889,349,1,2
1889,350,1,2
1889,351,1,2
1889,352,1,2
1889,353,1,2
1889,354,1,2
1889,355,1,2
1889,356,1,2
1889,357,1,2
1889,358,1,2
1889,359,1,2
1889,360,1,2
1889,361,1,2
1889,362,1,2
1889,363,1,2
1889,364,1,2
1889,365,1,2
1889,366,1,2
1889,367,1,2
1889,368,1,2
1889,369,1,2
1889,370,1,2
1889,371,1,2
1889,372,1,2
1889,373,1,2
1889,374,1,2
1889,375,1,2
1889,376,1,2
1889,377,1,2
1889,378,1,2
1889,379,1,2
1889,380,1,2
1889,381,1,2
1889,382,1,2
1889,383,1,2
1889,384,1,2
1889,385,1,2
1889,386,1,2
1889,387,1,2
1889,388,1,2
1889,389,1,2
1889,390,1,2
1889,391,1,2
1889,392,1,2
1889,393,1,2
1889,394,1,2
1889,395,1,2
1889,396,1,2
1889,397,1,2
1889,398,1,2
1889,399,1,2
1889,400,1,2
1889,401,1,2
1889,402,1,2
1889,403,1,2
1889,404,1,2
1889,405,1,2
1889,406,1,2
1889,407,1,2
1889,408,1,2
1889,409,1,2
1889,410,1,2
1889,411,1,2
1889,412,1,2
1889,413,1,2
1889,414,1,2
1889,415,1,2
1889,416,1,2
1889,417,1,2
1889,418,1,2
1889,419,1,2
1889,420,1,2
1889,421,1,2
1889,422,1,2
1889,423,1,2
1889,424,1,2
1889,425,1,2
1889,426,1,2
1889,427,1,2
1889,428,1,2
1889,429,1,2
1889,430,1,2
1889,431,1,2
1889,432,1,2
1889,433,1,2
1889,434,1,2
1889,435,1,2
1889,436,1,2
1889,437,1,2
1889,438,1,3
1889,439,1,3
1889,440,1,3
1889,441,1,3
1889,442,1,3
1889,443,1,3
1889,444,1,3
1889,445,1,3
1889,446,1,3
1889,447,1,3
1889,448,1,3
1889,449,1,3
1889,450,1,3
1889,451,1,3
1889,452,1,3
1889,453,1,3
1889,454,1,3
1889,455,1,3
1889,456,1,3
1889,457,1,3
1889,458,1,3
1889,459,1,3
1889,460,1,3
1889,461,1,3
1889,462,1,3
1889,463,1,3
1889,464,1,3
1889,465,1,3
1889,466,1,3
1889,467,1,3
1889,468,1,3
1889,469,1,3
1889,470,1,3
1889,471,1,3
1889,472,1,3
1889,473,1,3
1889,474,1,3
1889,475,1,3
1889,476,1,3
1889,477,1,3
1889,478,1,3
1889,479,1,3
1889,480,1,3
1889,481,1,3
1889,482,1,3
1889,483,1,3
1889,484,1,3
1889,485,1,3
1889,486,1,3
1889,487,1,2
1889,488,1,2
1889,489,1,2
1889,490,1,2
1889,491,1,2
1889,492,1,2
1889,493,1,2
1889,494,1,2
1889,495,1,2
1889,496,1,2
1889,497,1,2
1889,498,1,2
1889,499,1,2
1889,500,1,2
1889,501,1,2
1889,502,1,2
1889,503,1,2
1889,504,1,2
1889,505,1,2
1889,506,1,2
1889,507,1,2
1889,508,1,2
1889,509,1,2
1889,510,1,2
1889,511,1,2
1889,512,1,2
1889,513,1,2
1889,514,1,2
1889,515,1,2
1889,516,1,2
1889,517,1,2
1889,518,1,2
1889,519,1,2
1889,520,1,2
1889,521,1,2
1889,522,1,2
1889,523,1,2
1889,524,1,3
1889,525,1,3
1889,526,1,3
1889,527,1,3
1889,528,1,3
1889,529,1,3
1889,530,1,3
1889,531,1,3
1889,532,1,3
1889,533,1,3
1889,534,1,3
1889,535,1,3
1889,536,1,3
1889,537,1,3
1889,538,1,3
1889,539,1,3
1889,540,1,3
1889,541,1,3
1889,542,1,3
1889,543,1,3
1889,544,1,3
1889,545,1,3
1889,546,1,3
1889,547,1,3
1889,548,1,3
1889,549,1,3
1889,550,1,3
1889,551,1,3
1889,552,1,3
1889,553,1,3
1889,554,1,3
1889,555,1,3
1889,556,1,3
1889,557,1,3
1889,558,1,3
1889,559,1,3
1889,560,1,3
1889,561,1,3
1889,562,1,3
1889,563,1,3
1889,564,1,3
1889,565,1,3
1889,566,1,3
1889,567,1,2
1889,568,1,2
1889,569,1,2
1889,570,1,2
1889,571,1,2
1889,572,1,2
1889,573,1,2
1889,574,1,2
1889,575,1,2
1889,576,1,2
1889,577,1,2
1889,578,1,2
1889,579,1,2
1889,580,1,2
1889,581,1,2
1889,582,1,2
1889,583,1,2
1889,584,1,2
1889,585,1,2
1889,586,1,2
1889,587,1,2
1889,588,1,2
1889,589,1,2
1889,590,1,2
1889,591,1,2
1889,592,1,2
1889,593,1,2
1889,594,1,2
1889,595,1,2
1889,596,1,2
1889,597,1,2
1889,598,1,2
1889,599,1,2
1889,600,1,2
1889,601,1,2
1889,602,1,2
1889,603,1,2
1889,604,1,2
1889,605,1,2
1889,606,1,2
1889,607,1,2
1889,608,1,2
1889,609,1,2
1889,610,1,2
1889,611,1,2
1889,612,1,2
1889,613,1,2
1889,614,1,2
1889,615,1,2
1889,616,1,2
1889,617,1,2
1889,618,1,2
1889,619,1,2
1889,620,1,2
1889,621,1,2
1889,622,1,2
1889,623,1,2
1889,624,1,2
1889,625,1,2
1889,626,1,2
1889,627,1,2
1889,628,1,2
1889,629,1,2
1889,630,1,2
1889,631,1,2
1889,632,1,2
1889,633,1,2
1889,634,1,2
1889,635,1,2
1889,636,1,2
1889,637,1,2
1889,638,1,2
1889,639,1,2
1889,640,1,2
1889,641,1,2
1889,642,1,2
1889,643,1,2
1889,644,1,2
1889,645,1,2
1889,646,1,2
1890,110,1,2
1890,111,1,2
1890,112,1,2
1890,113,1,2
1890,114,1,2
1890,115,1,2
1890,116,1,2
1890,117,1,2
1890,118,1,2
1890,119,1,2
1890,120,1,2
1890,121,1,2
1890,122,1,3
1890,123,1,3
1890,124,1,3
1890,125,1,3
1890,126,1,3
1890,127,1,3
1890,128,1,3
1890,129,1,3
1890,130,1,3
1890,131,1,3
1890,132,1,3
1890,133,1,3
1890,134,1,3
1890,135,1,3
1890,136,1,3
1890,137,1,2
1890,138,1,2
1890,139,1,2
1890,140,1,2
1890,141,1,2
1890,142,1,2
1890,143,1,2
1890,144,1,2
1890,145,1,2
1890,146,1,2
1890,147,1,2
1890,148,1,2
1890,149,1,2
1890,150,1,2
1890,151,1,2
1890,152,1,2
1890,153,1,2
1890,154,1,2
1890,155,1,2
1890,156,1,2
1890,157,1,2
1890,158,1,2
1890,159,1,2
1890,160,1,2
1890,161,1,2
1890,162,1,2
1890,163,1,2
1890,164,1,2
1890,165,1,2
1890,166,1,2
1890,167,1,2
1890,168,1,2
1890,169,1,2
1890,170,1,2
1890,171,1,2
1890,172,1,2
1890,173,1,2
1890,174,1,2
1890,175,1,2
1890,176,1,2
1890,177,1,2
1890,178,1,2
1890,179,1,2
1890,180,1,2
1890,181,1,2
1890,182,1,2
1890,183,1,2
1890,184,1,2
1890,185,1,2
1890,186,1,2
1890,187,1,2
1890,188,1,2
1890,189,1,2
1890,190,1,2
1890,191,1,2
1890,192,1,2
1890,193,1,2
1890,194,1,2
1890,195,1,2
1890,196,1,2
1890,197,1,2
1890,198,1,2
1890,199,1,2
1890,200,1,2
1890,201,1,2
1890,202,1,2
1890,203,1,2
1890,204,1,2
1890,205,1,2
1890,206,1,2
1890,207,1,2
1890,208,1,2
1890,209,1,2
1890,210,1,2
1890,211,1,2
1890,212,1,2
1890,213,1,2
1890,214,1,2
1890,215,1,2
1890,216,1,2
1890,217,1,2
1890,218,1,2
1890,219,1,2
1890,220,1,2
1890,221,1,2
1890,222,1,2
1890,223,1,2
1890,224,1,2
1890,225,1,2
1890,226,1,2
1890,227,1,2
1890,228,1,2
1890,229,1,2
1890,230,1,2
1890,231,1,2
1890,232,1,2
1890,233,1,2
1890,234,1,2
1890,235,1,2
1890,236,1,2
1890,237,1,2
1890,238,1,2
1890,239,1,2
1890,240,1,2
1890,241,1,2
1890,242,1,2
1890,243,1,2
1890,244,1,2
1890,245,1,2
1890,246,1,2
1890,247,1,2
1890,248,1,2
1890,249,1,2
1890,250,1,2
1890,251,1,2
1890,252,1,2
1890,253,1,2
1890,254,1,2
1890,255,1,2
1890,256,1,2
1890,257,1,2
1890,258,1,2
1890,259,1,2
1890,260,1,2
1890,261,1,2
1890,262,1,2
1890,263,1,2
1890,264,1,2
1890,265,1,2
1890,266,1,2
1890,267,1,2
1890,268,1,2
1890,269,1,2
1890,270,1,2
1890,271,1,2
1890,272,1,2
1890,273,1,2
1890,274,1,2
1890,275,1,2
1890,276,1,2
1890,277,1,2
1890,278,1,2
1890,279,1,2
1890,280,1,2
1890,281,1,2
1890,282,1,2
1890,283,1,2
1890,284,1,2
1890,285,1,2
1890,286,1,2
1890,287,1,2
1890,288,1,2
1890,289,1,2
1890,290,1,2
1890,291,1,2
1890,292,1,2
1890,293,1,2
1890,294,1,2
1890,295,1,2
1890,296,1,2
1890,297,1,2
1890,298,1,2
1890,299,1,2
1890,300,1,2
1890,301,1,2
1890,302,1,2
1890,303,1,2
1890,304,1,2
1890,305,1,2
1890,306,1,2
1890,307,1,2
1890,308,1,2
1890,309,1,2
1890,310,1,2
1890,311,1,2
1890,312,1,2
1890,313,1,2
1890,314,1,2
1890,315,1,2
1890,316,1,2
1890,317,1,2
1890,318,1,2
1890,319,1,2
1890,320,1,2
1890,321,1,2
1890,322,1,2
1890,323,1,2
1890,324,1,2
1890,325,1,2
1890,326,1,2
1890,327,1,2
1890,328,1,2
1890,329,1,2
1890,330,1,2
1890,331,1,2
1890,332,1,2
1890,333,1,2
1890,334,1,2
1890,335,1,2
1890,336,1,2
1890,337,1,2
1890,338,1,2
1890,339,1,2
1890,340,1,2
1890,341,1,2
1890,342,1,2
1890,343,1,2
1890,344,1,2
1890,345,1,2
1890,346,1,2
1890,347,1,2
1890,348,1,2
1890,349,1,2
1890,350,1,2
1890,351,1,2
1890,352,1,2
1890,353,1,2
1890,354,1,2
1890,355,1,2
1890,356,1,2
1890,357,1,2
1890,358,1,2
1890,359,1,2
1890,360,1,2
1890,361,1,2
1890,362,1,2
1890,363,1,2
1890,364,1,2
1890,365,1,2
1890,366,1,2
1890,367,1,2
1890,368,1,2
1890,369,1,2
1890,370,1,2
1890,371,1,2
1890,372,1,2
1890,373,1,2
1890,374,1,2
1890,375,1,2
1890,376,1,2
1890,377,1,2
1890,378,1,2
1890,379,1,2
1890,380,1,2
1890,381,1,2
1890,382,1,2
1890,383,1,2
1890,384,1,2
1890,385,1,2
1890,386,1,2
1890,387,1,2
1890,388,1,2
1890,389,1,2
1890,390,1,2
1890,391,1,2
1890,392,1,2
1890,393,1,2
1890,394,1,2
1890,395,1,2
1890,396,1,2
1890,397,1,2
1890,398,1,2
1890,399,1,2
1890,400,1,2
1890,401,1,2
1890,402,1,2
1890,403,1,2
1890,404,1,2
1890,405,1,2
1890,406,1,2
1890,407,1,2
1890,408,1,2
1890,409,1,2
1890,410,1,2
1890,411,1,2
1890,412,1,2
1890,413,1,2
1890,414,1,2
1890,415,1,2
1890,416,1,2
1890,417,1,2
1890,418,1,2
1890,419,1,2
1890,420,1,2
1890,421,1,2
1890,422,1,2
1890,423,1,2
1890,424,1,2
1890,425,1,2
1890,426,1,2
1890,427,1,2
1890,428,1,2
1890,429,1,2
1890,430,1,2
1890,431,1,2
1890,432,1,2
1890,433,1,2
1890,434,1,3
1890,435,1,3
1890,436,1,3
1890,437,1,3
1890,438,1,3
1890,439,1,3
1890,440,1,3
1890,441,1,3
1890,442,1,3
1890,443,1,3
1890,444,1,3
1890,445,1,3
1890,446,1,3
1890,447,1,3
1890,448,1,3
1890,449,1,3
1890,450,1,3
1890,451,1,3
1890,452,1,3
1890,453,1,3
1890,454,1,3
1890,455,1,3
1890,456,1,3
1890,457,1,3
1890,458,1,3
1890,459,1,3
1890,460,1,3
1890,461,1,3
1890,462,1,3
1890,463,1,3
1890,464,1,3
1890,465,1,3
1890,466,1,3
1890,467,1,3
1890,468,1,3
1890,469,1,3
1890,470,1,3
1890,471,1,3
1890,472,1,3
1890,473,1,3
1890,474,1,3
1890,475,1,3
1890,476,1,3
1890,477,1,3
1890,478,1,3
1890,479,1,3
1890,480,1,3
1890,481,1,3
1890,482,1,3
1890,483,1,3
1890,484,1,3
1890,485,1,3
1890,486,1,3
1890,487,1,3
1890,488,1,2
1890,489,1,2
1890,490,1,2
1890,491,1,2
1890,492,1,2
1890,493,1,2
1890,494,1,2
1890,495,1,2
1890,496,1,2
1890,497,1,2
1890,498,1,2
1890,499,1,2
1890,500,1,2
1890,501,1,2
1890,502,1,2
1890,503,1,2
1890,504,1,2
1890,505,1,2
1890,506,1,2
1890,507,1,2
1890,508,1,2
1890,509,1,2
1890,510,1,2
1890,511,1,2
1890,512,1,2
1890,513,1,2
1890,514,1,2
1890,515,1,2
1890,516,1,2
1890,517,1,2
1890,518,1,2
1890,519,1,2
1890,520,1,2
1890,521,1,2
1890,522,1,2
1890,523,1,2
1890,524,1,2
1890,525,1,3
1890,526,1,3
1890,527,1,3
1890,528,1,3
1890,529,1,3
1890,530,1,3
1890,531,1,3
1890,532,1,3
1890,533,1,3
1890,534,1,3
1890,535,1,3
1890,536,1,3
1890,537,1,3
1890,538,1,3
1890,539,1,3
1890,540,1,3
1890,541,1,3
1890,542,1,3
1890,543,1,3
1890,544,1,3
1890,545,1,3
1890,546,1,3
1890,547,1,3
1890,548,1,3
1890,549,1,3
1890,550,1,3
1890,551,1,3
1890,552,1,3
1890,553,1,3
1890,554,1,3
1890,555,1,3
1890,556,1,3
1890,557,1,3
1890,558,1,3
1890,559,1,3
1890,560,1,3
1890,561,1,3
1890,562,1,3
1890,563,1,3
1890,564,1,3
1890,565,1,3
1890,566,1,2
1890,567,1,2
1890,568,1,2
1890,569,1,2
1890,570,1,2
1890,571,1,2
1890,572,1,2
1890,573,1,2
1890,574,1,2
1890,575,1,2
1890,576,1,2
1890,577,1,2
1890,578,1,2
1890,579,1,2
1890,580,1,2
1890,581,1,2
1890,582,1,2
1890,583,1,2
1890,584,1,2
1890,585,1,2
1890,586,1,2
1890,587,1,2
1890,588,1,2
1890,589,1,2
1890,590,1,2
1890,591,1,2
1890,592,1,2
1890,593,1,2
1890,594,1,2
1890,595,1,2
1890,596,1,2
1890,597,1,2
1890,598,1,2
1890,599,1,2
1890,600,1,2
1890,601,1,2
1890,602,1,2
1890,603,1,2
1890,604,1,2
1890,605,1,2
1890,606,1,2
1890,607,1,2
1890,608,1,2
1890,609,1,2
1890,610,1,2
1890,611,1,2
1890,612,1,2
1890,613,1,2
1890,614,1,2
1890,615,1,2
1890,616,1,2
1890,617,1,2
1890,618,1,2
1890,619,1,2
1890,620,1,2
1890,621,1,2
1890,622,1,2
1890,623,1,2
1890,624,1,2
1890,625,1,2
1890,626,1,2
1890,627,1,2
1890,628,1,2
1890,629,1,2
1890,630,1,2
1890,631,1,2
1890,632,1,2
1890,633,1,2
1890,634,1,2
1890,635,1,2
1890,636,1,2
1890,637,1,2
1890,638,1,2
1890,639,1,2
1890,640,1,2
1890,641,1,2
1890,642,1,2
1890,643,1,2
1890,644,1,2
1890,645,1,2
1890,646,1,2
1891,110,1,2
1891,111,1,2
1891,112,1,2
1891,113,1,2
1891,114,1,2
1891,115,1,2
1891,116,1,2
1891,117,1,2
1891,118,1,2
1891,119,1,2
1891,120,1,2
1891,121,1,3
1891,122,1,3
1891,123,1,3
1891,124,1,3
1891,125,1,3
1891,126,1,3
1891,127,1,3
1891,128,1,3
1891,129,1,3
1891,130,1,3
1891,131,1,3
1891,132,1,3
1891,133,1,3
1891,134,1,3
1891,135,1,3
1891,136,1,3
1891,137,1,2
1891,138,1,2
1891,139,1,2
1891,140,1,2
1891,141,1,2
1891,142,1,2
1891,143,1,2
1891,144,1,2
1891,145,1,2
1891,146,1,2
1891,147,1,2
1891,148,1,2
1891,149,1,2
1891,150,1,2
1891,151,1,2
1891,152,1,2
1891,153,1,2
1891,154,1,2
1891,155,1,2
1891,156,1,2
1891,157,1,2
1891,158,1,2
1891,159,1,2
1891,160,1,2
1891,161,1,2
1891,162,1,2
1891,163,1,2
1891,164,1,2
1891,165,1,2
1891,166,1,2
1891,167,1,2
1891,168,1,2
1891,169,1,2
1891,170,1,2
1891,171,1,2
1891,172,1,2
1891,173,1,2
1891,174,1,2
1891,175,1,2
1891,176,1,2
1891,177,1,2
1891,178,1,2
1891,179,1,2
1891,180,1,2
1891,181,1,2
1891,182,1,2
1891,183,1,2
1891,184,1,2
1891,185,1,2
1891,186,1,2
1891,187,1,2
1891,188,1,2
1891,189,1,2
1891,190,1,2
1891,191,1,2
1891,192,1,2
1891,193,1,2
1891,194,1,2
1891,195,1,2
1891,196,1,2
1891,197,1,2
1891,198,1,2
1891,199,1,2
1891,200,1,2
1891,201,1,2
1891,202,1,2
1891,203,1,2
1891,204,1,2
1891,205,1,2
1891,206,1,2
1891,207,1,2
1891,208,1,2
1891,209,1,2
1891,210,1,2
1891,211,1,2
1891,212,1,2
1891,213,1,2
1891,214,1,2
1891,215,1,2
1891,216,1,2
1891,217,1,2
1891,218,1,2
1891,219,1,2
1891,220,1,2
1891,221,1,2
1891,222,1,2
1891,223,1,2
1891,224,1,2
1891,225,1,2
1891,226,1,2
1891,227,1,2
1891,228,1,2
1891,229,1,2
1891,230,1,2
1891,231,1,2
1891,232,1,2
1891,233,1,2
1891,234,1,2
1891,235,1,2
1891,236,1,2
1891,237,1,2
1891,238,1,2
1891,239,1,2
1891,240,1,2
1891,241,1,2
1891,242,1,2
1891,243,1,2
1891,244,1,2
1891,245,1,2
1891,246,1,2
1891,247,1,2
1891,248,1,2
1891,249,1,2
1891,250,1,2
1891,251,1,2
1891,252,1,2
1891,253,1,2
1891,254,1,2
1891,255,1,2
1891,256,1,2
1891,257,1,2
1891,258,1,2
1891,259,1,2
1891,260,1,2
1891,261,1,2
1891,262,1,2
1891,263,1,2
1891,264,1,2
1891,265,1,2
1891,266,1,2
1891,267,1,2
1891,268,1,2
1891,269,1,2
1891,270,1,2
1891,271,1,2
1891,272,1,2
1891,273,1,2
1891,274,1,2
1891,275,1,2
1891,276,1,2
1891,277,1,2
1891,278,1,2
1891,279,1,2
1891,280,1,2
1891,281,1,2
1891,282,1,2
1891,283,1,2
1891,284,1,2
1891,285,1,2
1891,286,1,2
1891,287,1,2
1891,288,1,2
1891,289,1,2
1891,290,1,2
1891,291,1,2
1891,292,1,2
1891,293,1,2
1891,294,1,2
1891,295,1,2
1891,296,1,2
1891,297,1,2
1891,298,1,2
1891,299,1,2
1891,300,1,2
1891,301,1,2
1891,302,1,2
1891,303,1,2
1891,304,1,2
1891,305,1,2
1891,306,1,2
1891,307,1,2
1891,308,1,2
1891,309,1,2
1891,310,1,2
1891,311,1,2
1891,312,1,2
1891,313,1,2
1891,314,1,2
1891,315,1,2
1891,316,1,2
1891,317,1,2
1891,318,1,2
1891,319,1,2
1891,320,1,2
1891,321,1,2
1891,322,1,2
1891,323,1,2
1891,324,1,2
1891,325,1,2
1891,326,1,2
1891,327,1,2
1891,328,1,2
1891,329,1,2
1891,330,1,2
1891,331,1,2
1891,332,1,2
1891,333,1,2
1891,334,1,2
1891,335,1,2
1891,336,1,2
1891,337,1,2
1891,338,1,2
1891,339,1,2
1891,340,1,2
1891,341,1,2
1891,342,1,2
1891,343,1,2
1891,344,1,2
1891,345,1,2
1891,346,1,2
1891,347,1,2
1891,348,1,2
1891,349,1,2
1891,350,1,2
1891,351,1,2
1891,352,1,2
1891,353,1,2
1891,354,1,2
1891,355,1,2
1891,356,1,2
1891,357,1,2
1891,358,1,2
1891,359,1,2
1891,360,1,2
1891,361,1,2
1891,362,1,2
1891,363,1,2
1891,364,1,2
1891,365,1,2
1891,366,1,2
1891,367,1,2
1891,368,1,2
1891,369,1,2
1891,370,1,2
1891,371,1,2
1891,372,1,2
1891,373,1,2
1891,374,1,2
1891,375,1,2
1891,376,1,2
1891,377,1,2
1891,378,1,2
1891,379,1,2
1891,380,1,2
1891,381,1,2
1891,382,1,2
1891,383,1,2
1891,384,1,2
1891,385,1,2
1891,386,1,2
1891,387,1,2
1891,388,1,2
1891,389,1,2
1891,390,1,2
1891,391,1,2
1891,392,1,2
1891,393,1,2
1891,394,1,2
1891,395,1,2
1891,396,1,2
1891,397,1,2
1891,398,1,2
1891,399,1,2
1891,400,1,2
1891,401,1,2
1891,402,1,2
1891,403,1,2
1891,404,1,2
1891,405,1,2
1891,406,1,2
1891,407,1,2
1891,408,1,2
1891,409,1,2
1891,410,1,2
1891,411,1,2
1891,412,1,2
1891,413,1,2
1891,414,1,2
1891,415,1,2
1891,416,1,2
1891,417,1,2
1891,418,1,2
1891,419,1,2
1891,420,1,2
1891,421,1,2
1891,422,1,2
1891,423,1,2
1891,424,1,2
1891,425,1,2
1891,426,1,2
1891,427,1,2
1891,428,1,3
1891,429,1,3
1891,430,1,3
1891,431,1,3
1891,432,1,3
1891,433,1,3
1891,434,1,3
1891,435,1,3
1891,436,1,3
1891,437,1,3
1891,438,1,3
1891,439,1,3
1891,440,1,3
1891,441,1,3
1891,442,1,3
1891,443,1,3
1891,444,1,3
1891,445,1,3
1891,446,1,3
1891,447,1,3
1891,448,1,3
1891,449,1,3
1891,450,1,3
1891,451,1,3
1891,452,1,3
1891,453,1,3
1891,454,1,3
1891,455,1,3
1891,456,1,3
1891,457,1,3
1891,458,1,3
1891,459,1,3
1891,460,1,3
1891,461,1,3
1891,462,1,3
1891,463,1,3
1891,464,1,3
1891,465,1,3
1891,466,1,3
1891,467,1,3
1891,468,1,3
1891,469,1,3
1891,470,1,3
1891,471,1,3
1891,472,1,3
1891,473,1,3
1891,474,1,3
1891,475,1,3
1891,476,1,3
1891,477,1,3
1891,478,1,3
1891,479,1,3
1891,480,1,3
1891,481,1,3
1891,482,1,3
1891,483,1,3
1891,484,1,3
1891,485,1,3
1891,486,1,3
1891,487,1,3
1891,488,1,2
1891,489,1,2
1891,490,1,2
1891,491,1,2
1891,492,1,2
1891,493,1,2
1891,494,1,2
1891,495,1,2
1891,496,1,2
1891,497,1,2
1891,498,1,2
1891,499,1,2
1891,500,1,2
1891,501,1,2
1891,502,1,2
1891,503,1,2
1891,504,1,2
1891,505,1,2
1891,506,1,2
1891,507,1,2
1891,508,1,2
1891,509,1,2
1891,510,1,2
1891,511,1,2
1891,512,1,2
1891,513,1,2
1891,514,1,2
1891,515,1,2
1891,516,1,2
1891,517,1,2
1891,518,1,2
1891,519,1,2
1891,520,1,2
1891,521,1,2
1891,522,1,2
1891,523,1,2
1891,524,1,2
1891,525,1,2
1891,526,1,3
1891,527,1,3
1891,528,1,3
1891,529,1,3
1891,530,1,3
1891,531,1,3
1891,532,1,3
1891,533,1,3
1891,534,1,3
1891,535,1,3
1891,536,1,3
1891,537,1,3
1891,538,1,3
1891,539,1,3
1891,540,1,3
1891,541,1,3
1891,542,1,3
1891,543,1,3
1891,544,1,3
1891,545,1,3
1891,546,1,3
1891,547,1,3
1891,548,1,3
1891,549,1,3
1891,550,1,3
1891,551,1,3
1891,552,1,3
1891,553,1,3
1891,554,1,3
1891,555,1,3
1891,556,1,3
1891,557,1,3
1891,558,1,3
1891,559,1,3
1891,560,1,3
1891,561,1,3
1891,562,1,3
1891,563,1,3
1891,564,1,3
1891,565,1,3
1891,566,1,2
1891,567,1,2
1891,568,1,2
1891,569,1,2
1891,570,1,2
1891,571,1,2
1891,572,1,2
1891,573,1,2
1891,574,1,2
1891,575,1,2
1891,576,1,2
1891,577,1,2
1891,578,1,2
1891,579,1,2
1891,580,1,2
1891,581,1,2
1891,582,1,2
1891,583,1,2
1891,584,1,2
1891,585,1,2
1891,586,1,2
1891,587,1,2
1891,588,1,2
1891,589,1,2
1891,590,1,2
1891,591,1,2
1891,592,1,2
1891,593,1,2
1891,594,1,2
1891,595,1,2
1891,596,1,2
1891,597,1,2
1891,598,1,2
1891,599,1,2
1891,600,1,2
1891,601,1,2
1891,602,1,2
1891,603,1,2
1891,604,1,2
1891,605,1,2
1891,606,1,2
1891,607,1,2
1891,608,1,2
1891,609,1,2
1891,610,1,2
1891,611,1,2
1891,612,1,2
1891,613,1,2
1891,614,1,2
1891,615,1,2
1891,616,1,2
1891,617,1,2
1891,618,1,2
1891,619,1,2
1891,620,1,2
1891,621,1,2
1891,622,1,2
1891,623,1,2
1891,624,1,2
1891,625,1,2
1891,626,1,2
1891,627,1,2
1891,628,1,2
1891,629,1,2
1891,630,1,2
1891,631,1,2
1891,632,1,2
1891,633,1,2
1891,634,1,2
1891,635,1,2
1891,636,1,2
1891,637,1,2
1891,638,1,2
1891,639,1,2
1891,640,1,2
1891,641,1,2
1891,642,1,2
1891,643,1,2
1891,644,1,2
1891,645,1,2
1891,646,1,2
1891,647,1,2
1892,110,1,2
1892,111,1,2
1892,112,1,2
1892,113,1,2
1892,114,1,2
1892,115,1,2
1892,116,1,2
1892,117,1,2
1892,118,1,2
1892,119,1,2
1892,120,1,2
1892,121,1,3
1892,122,1,3
1892,123,1,3
1892,124,1,3
1892,125,1,3
1892,126,1,3
1892,127,1,3
1892,128,1,3
1892,129,1,3
1892,130,1,3
1892,131,1,3
1892,132,1,3
1892,133,1,3
1892,134,1,3
1892,135,1,3
1892,136,1,2
1892,137,1,2
1892,138,1,2
1892,139,1,2
1892,140,1,2
1892,141,1,2
1892,142,1,2
1892,143,1,2
1892,144,1,2
1892,145,1,2
1892,146,1,2
1892,147,1,2
1892,148,1,2
1892,149,1,2
1892,150,1,2
1892,151,1,2
1892,152,1,2
1892,153,1,2
1892,154,1,2
1892,155,1,2
1892,156,1,2
1892,157,1,2
1892,158,1,2
1892,159,1,2
1892,160,1,2
1892,161,1,2
1892,162,1,2
1892,163,1,2
1892,164,1,2
1892,165,1,2
1892,166,1,2
1892,167,1,2
1892,168,1,2
1892,169,1,2
1892,170,1,2
1892,171,1,2
1892,172,1,2
1892,173,1,2
1892,174,1,2
1892,175,1,2
1892,176,1,2
1892,177,1,2
1892,178,1,2
1892,179,1,2
1892,180,1,2
1892,181,1,2
1892,182,1,2
1892,183,1,2
1892,184,1,2
1892,185,1,2
1892,186,1,2
1892,187,1,2
1892,188,1,2
1892,189,1,2
1892,190,1,2
1892,191,1,2
1892,192,1,2
1892,193,1,2
1892,194,1,2
1892,195,1,2
1892,196,1,2
1892,197,1,2
1892,198,1,2
1892,199,1,2
1892,200,1,2
1892,201,1,2
1892,202,1,2
1892,203,1,2
1892,204,1,2
1892,205,1,2
1892,206,1,2
1892,207,1,2
1892,208,1,2
1892,209,1,2
1892,210,1,2
1892,211,1,2
1892,212,1,2
1892,213,1,2
1892,214,1,2
1892,215,1,2
1892,216,1,2
1892,217,1,2
1892,218,1,2
1892,219,1,2
1892,220,1,2
1892,221,1,2
1892,222,1,2
1892,223,1,2
1892,224,1,2
1892,225,1,2
1892,226,1,2
1892,227,1,2
1892,228,1,2
1892,229,1,2
1892,230,1,2
1892,231,1,2
1892,232,1,2
1892,233,1,2
1892,234,1,2
1892,235,1,2
1892,236,1,2
1892,237,1,2
1892,238,1,2
1892,239,1,2
1892,240,1,2
1892,241,1,2
1892,242,1,2
1892,243,1,2
1892,244,1,2
1892,245,1,2
1892,246,1,2
1892,247,1,2
1892,248,1,2
1892,249,1,2
1892,250,1,2
1892,251,1,2
1892,252,1,2
1892,253,1,2
1892,254,1,2
1892,255,1,2
1892,256,1,2
1892,257,1,2
1892,258,1,2
1892,259,1,2
1892,260,1,2
1892,261,1,2
1892,262,1,2
1892,263,1,2
1892,264,1,2
1892,265,1,2
1892,266,1,2
1892,267,1,2
1892,268,1,2
1892,269,1,2
1892,270,1,2
1892,271,1,2
1892,272,1,2
1892,273,1,2
1892,274,1,2
1892,275,1,2
1892,276,1,2
1892,277,1,2
1892,278,1,2
1892,279,1,2
1892,280,1,2
1892,281,1,2
1892,282,1,2
1892,283,1,2
1892,284,1,2
1892,285,1,2
1892,286,1,2
1892,287,1,2
1892,288,1,2
1892,289,1,2
1892,290,1,2
1892,291,1,2
1892,292,1,2
1892,293,1,2
1892,294,1,2
1892,295,1,2
1892,296,1,2
1892,297,1,2
1892,298,1,2
1892,299,1,2
1892,300,1,2
1892,301,1,2
1892,302,1,2
1892,303,1,2
1892,304,1,2
1892,305,1,2
1892,306,1,2
1892,307,1,2
1892,308,1,2
1892,309,1,2
1892,310,1,2
1892,311,1,2
1892,312,1,2
1892,313,1,2
1892,314,1,2
1892,315,1,2
1892,316,1,2
1892,317,1,2
1892,318,1,2
1892,319,1,2
1892,320,1,2
1892,321,1,2
1892,322,1,2
1892,323,1,2
1892,324,1,2
1892,325,1,2
1892,326,1,2
1892,327,1,2
1892,328,1,2
1892,329,1,2
1892,330,1,2
1892,331,1,2
1892,332,1,2
1892,333,1,2
1892,334,1,2
1892,335,1,2
1892,336,1,2
1892,337,1,2
1892,338,1,2
1892,339,1,2
1892,340,1,2
1892,341,1,2
1892,342,1,2
1892,343,1,2
1892,344,1,2
1892,345,1,2
1892,346,1,2
1892,347,1,2
1892,348,1,2
1892,349,1,2
1892,350,1,2
1892,351,1,2
1892,352,1,2
1892,353,1,2
1892,354,1,2
1892,355,1,2
1892,356,1,2
1892,357,1,2
1892,358,1,2
1892,359,1,2
1892,360,1,2
1892,361,1,2
1892,362,1,2
1892,363,1,2
1892,364,1,2
1892,365,1,2
1892,366,1,2
1892,367,1,2
1892,368,1,2
1892,369,1,2
1892,370,1,2
1892,371,1,2
1892,372,1,2
1892,373,1,2
1892,374,1,2
1892,375,1,2
1892,376,1,2
1892,377,1,2
1892,378,1,2
1892,379,1,2
1892,380,1,2
1892,381,1,2
1892,382,1,2
1892,383,1,2
1892,384,1,2
1892,385,1,2
1892,386,1,2
1892,387,1,2
1892,388,1,2
1892,389,1,2
1892,390,1,2
1892,391,1,2
1892,392,1,2
1892,393,1,2
1892,394,1,2
1892,395,1,2
1892,396,1,2
1892,397,1,2
1892,398,1,2
1892,399,1,2
1892,400,1,2
1892,401,1,2
1892,402,1,2
1892,403,1,2
1892,404,1,2
1892,405,1,2
1892,406,1,2
1892,407,1,2
1892,408,1,2
1892,409,1,2
1892,410,1,2
1892,411,1,2
1892,412,1,2
1892,413,1,2
1892,414,1,2
1892,415,1,2
1892,416,1,2
1892,417,1,2
1892,418,1,2
1892,419,1,2
1892,420,1,2
1892,421,1,2
1892,422,1,2
1892,423,1,2
1892,424,1,2
1892,425,1,2
1892,426,1,2
1892,427,1,3
1892,428,1,3
1892,429,1,3
1892,430,1,3
1892,431,1,3
1892,432,1,3
1892,433,1,3
1892,434,1,3
1892,435,1,3
1892,436,1,3
1892,437,1,3
1892,438,1,3
1892,439,1,3
1892,440,1,3
1892,441,1,3
1892,442,1,3
1892,443,1,3
1892,444,1,3
1892,445,1,3
1892,446,1,3
1892,447,1,3
1892,448,1,3
1892,449,1,3
1892,450,1,3
1892,451,1,3
1892,452,1,3
1892,453,1,3
1892,454,1,3
1892,455,1,3
1892,456,1,3
1892,457,1,3
1892,458,1,3
1892,459,1,3
1892,460,1,3
1892,461,1,3
1892,462,1,3
1892,463,1,3
1892,464,1,3
1892,465,1,3
1892,466,1,3
1892,467,1,3
1892,468,1,3
1892,469,1,3
1892,470,1,3
1892,471,1,3
1892,472,1,3
1892,473,1,3
1892,474,1,3
1892,475,1,3
1892,476,1,3
1892,477,1,3
1892,478,1,3
1892,479,1,3
1892,480,1,3
1892,481,1,3
1892,482,1,3
1892,483,1,3
1892,484,1,3
1892,485,1,3
1892,486,1,3
1892,487,1,3
1892,488,1,2
1892,489,1,2
1892,490,1,2
1892,491,1,2
1892,492,1,2
1892,493,1,2
1892,494,1,2
1892,495,1,2
1892,496,1,2
1892,497,1,2
1892,498,1,2
1892,499,1,2
1892,500,1,2
1892,501,1,2
1892,502,1,2
1892,503,1,2
1892,504,1,2
1892,505,1,2
1892,506,1,2
1892,507,1,2
1892,508,1,2
1892,509,1,2
1892,510,1,2
1892,511,1,2
1892,512,1,2
1892,513,1,2
1892,514,1,2
1892,515,1,2
1892,516,1,2
1892,517,1,2
1892,518,1,2
1892,519,1,2
1892,520,1,2
1892,521,1,2
1892,522,1,2
1892,523,1,2
1892,524,1,2
1892,525,1,2
1892,526,1,2
1892,527,1,3
1892,528,1,3
1892,529,1,3
1892,530,1,3
1892,531,1,3
1892,532,1,3
1892,533,1,3
1892,534,1,3
1892,535,1,3
1892,536,1,3
1892,537,1,3
1892,538,1,3
1892,539,1,3
1892,540,1,3
1892,541,1,3
1892,542,1,3
1892,543,1,3
1892,544,1,3
1892,545,1,3
1892,546,1,3
1892,547,1,3
1892,548,1,3
1892,549,1,3
1892,550,1,3
1892,551,1,3
1892,552,1,3
1892,553,1,3
1892,554,1,3
1892,555,1,3
1892,556,1,3
1892,557,1,3
1892,558,1,3
1892,559,1,3
1892,560,1,3
1892,561,1,3
1892,562,1,3
1892,563,1,3
1892,564,1,3
1892,565,1,2
1892,566,1,2
1892,567,1,2
1892,568,1,2
1892,569,1,2
1892,570,1,2
1892,571,1,2
1892,572,1,2
1892,573,1,2
1892,574,1,2
1892,575,1,2
1892,576,1,2
1892,577,1,2
1892,578,1,2
1892,579,1,2
1892,580,1,2
1892,581,1,2
1892,582,1,2
1892,583,1,2
1892,584,1,2
1892,585,1,2
1892,586,1,2
1892,587,1,2
1892,588,1,2
1892,589,1,2
1892,590,1,2
1892,591,1,2
1892,592,1,2
1892,593,1,2
1892,594,1,2
1892,595,1,2
1892,596,1,2
1892,597,1,2
1892,598,1,2
1892,599,1,2
1892,600,1,2
1892,601,1,2
1892,602,1,2
1892,603,1,2
1892,604,1,2
1892,605,1,2
1892,606,1,2
1892,607,1,2
1892,608,1,2
1892,609,1,2
1892,610,1,2
1892,611,1,2
1892,612,1,2
1892,613,1,2
1892,614,1,2
1892,615,1,2
1892,616,1,2
1892,617,1,2
1892,618,1,2
1892,619,1,2
1892,620,1,2
1892,621,1,2
1892,622,1,2
1892,623,1,2
1892,624,1,2
1892,625,1,2
1892,626,1,2
1892,627,1,2
1892,628,1,2
1892,629,1,2
1892,630,1,2
1892,631,1,2
1892,632,1,2
1892,633,1,2
1892,634,1,2
1892,635,1,2
1892,636,1,2
1892,637,1,2
1892,638,1,2
1892,639,1,2
1892,640,1,2
1892,641,1,2
1892,642,1,2
1892,643,1,2
1892,644,1,2
1892,645,1,2
1892,646,1,2
1892,647,1,2
1893,110,1,2
1893,111,1,2
1893,112,1,2
1893,113,1,2
1893,114,1,2
1893,115,1,2
1893,116,1,2
1893,117,1,2
1893,118,1,2
1893,119,1,2
1893,120,1,2
1893,121,1,2
1893,122,1,3
1893,123,1,3
1893,124,1,3
1893,125,1,3
1893,126,1,3
1893,127,1,3
1893,128,1,3
1893,129,1,3
1893,130,1,3
1893,131,1,3
1893,132,1,3
1893,133,1,3
1893,134,1,2
1893,135,1,2
1893,136,1,2
1893,137,1,2
1893,138,1,2
1893,139,1,2
1893,140,1,2
1893,141,1,2
1893,142,1,2
1893,143,1,2
1893,144,1,2
1893,145,1,2
1893,146,1,2
1893,147,1,2
1893,148,1,2
1893,149,1,2
1893,150,1,2
1893,151,1,2
1893,152,1,2
1893,153,1,2
1893,154,1,2
1893,155,1,2
1893,156,1,2
1893,157,1,2
1893,158,1,2
1893,159,1,2
1893,160,1,2
1893,161,1,2
1893,162,1,2
1893,163,1,2
1893,164,1,2
1893,165,1,2
1893,166,1,2
1893,167,1,2
1893,168,1,2
1893,169,1,2
1893,170,1,2
1893,171,1,2
1893,172,1,2
1893,173,1,2
1893,174,1,2
1893,175,1,2
1893,176,1,2
1893,177,1,2
1893,178,1,2
1893,179,1,2
1893,180,1,2
1893,181,1,2
1893,182,1,2
1893,183,1,2
1893,184,1,2
1893,185,1,2
1893,186,1,2
1893,187,1,2
1893,188,1,2
1893,189,1,2
1893,190,1,2
1893,191,1,2
1893,192,1,2
1893,193,1,2
1893,194,1,2
1893,195,1,2
1893,196,1,2
1893,197,1,2
1893,198,1,2
1893,199,1,2
1893,200,1,2
1893,201,1,2
1893,202,1,2
1893,203,1,2
1893,204,1,2
1893,205,1,2
1893,206,1,2
1893,207,1,2
1893,208,1,2
1893,209,1,2
1893,210,1,2
1893,211,1,2
1893,212,1,2
1893,213,1,2
1893,214,1,2
1893,215,1,2
1893,216,1,2
1893,217,1,2
1893,218,1,2
1893,219,1,2
1893,220,1,2
1893,221,1,2
1893,222,1,2
1893,223,1,2
1893,224,1,2
1893,225,1,2
1893,226,1,2
1893,227,1,2
1893,228,1,2
1893,229,1,2
1893,230,1,2
1893,231,1,2
1893,232,1,2
1893,233,1,2
1893,234,1,2
1893,235,1,2
1893,236,1,2
1893,237,1,2
1893,238,1,2
1893,239,1,2
1893,240,1,2
1893,241,1,2
1893,242,1,2
1893,243,1,2
1893,244,1,2
1893,245,1,2
1893,246,1,2
1893,247,1,2
1893,248,1,2
1893,249,1,2
1893,250,1,2
1893,251,1,2
1893,252,1,2
1893,253,1,2
1893,254,1,2
1893,255,1,2
1893,256,1,2
1893,257,1,2
1893,258,1,2
1893,259,1,2
1893,260,1,2
1893,261,1,2
1893,262,1,2
1893,263,1,2
1893,264,1,2
1893,265,1,2
1893,266,1,2
1893,267,1,2
1893,268,1,2
1893,269,1,2
1893,270,1,2
1893,271,1,2
1893,272,1,2
1893,273,1,2
1893,274,1,2
1893,275,1,2
1893,276,1,2
1893,277,1,2
1893,278,1,2
1893,279,1,2
1893,280,1,2
1893,281,1,2
1893,282,1,2
1893,283,1,2
1893,284,1,2
1893,285,1,2
1893,286,1,2
1893,287,1,2
1893,288,1,2
1893,289,1,2
1893,290,1,2
1893,291,1,2
1893,292,1,2
1893,293,1,2
1893,294,1,2
1893,295,1,2
1893,296,1,2
1893,297,1,2
1893,298,1,2
1893,299,1,2
1893,300,1,2
1893,301,1,2
1893,302,1,2
1893,303,1,2
1893,304,1,2
1893,305,1,2
1893,306,1,2
1893,307,1,2
1893,308,1,2
1893,309,1,2
1893,310,1,2
1893,311,1,2
1893,312,1,2
1893,313,1,2
1893,314,1,2
1893,315,1,2
1893,316,1,2
1893,317,1,2
1893,318,1,2
1893,319,1,2
1893,320,1,2
1893,321,1,2
1893,322,1,2
1893,323,1,2
1893,324,1,2
1893,325,1,2
1893,326,1,2
1893,327,1,2
1893,328,1,2
1893,329,1,2
1893,330,1,2
1893,331,1,2
1893,332,1,2
1893,333,1,2
1893,334,1,2
1893,335,1,2
1893,336,1,2
1893,337,1,2
1893,338,1,2
1893,339,1,2
1893,340,1,2
1893,341,1,2
1893,342,1,2
1893,343,1,2
1893,344,1,2
1893,345,1,2
1893,346,1,2
1893,347,1,2
1893,348,1,2
1893,349,1,2
1893,350,1,2
1893,351,1,2
1893,352,1,2
1893,353,1,2
1893,354,1,2
1893,355,1,2
1893,356,1,2
1893,357,1,2
1893,358,1,2
1893,359,1,2
1893,360,1,2
1893,361,1,2
1893,362,1,2
1893,363,1,2
1893,364,1,2
1893,365,1,2
1893,366,1,2
1893,367,1,2
1893,368,1,2
1893,369,1,2
1893,370,1,2
1893,371,1,2
1893,372,1,2
1893,373,1,2
1893,374,1,2
1893,375,1,2
1893,376,1,2
1893,377,1,2
1893,378,1,2
1893,379,1,2
1893,380,1,2
1893,381,1,2
1893,382,1,2
1893,383,1,2
1893,384,1,2
1893,385,1,2
1893,386,1,2
1893,387,1,2
1893,388,1,2
1893,389,1,2
1893,390,1,2
1893,391,1,2
1893,392,1,2
1893,393,1,2
1893,394,1,2
1893,395,1,2
1893,396,1,2
1893,397,1,2
1893,398,1,2
1893,399,1,2
1893,400,1,2
1893,401,1,2
1893,402,1,2
1893,403,1,2
1893,404,1,2
1893,405,1,2
1893,406,1,2
1893,407,1,2
1893,408,1,2
1893,409,1,2
1893,410,1,2
1893,411,1,2
1893,412,1,2
1893,413,1,2
1893,414,1,2
1893,415,1,2
1893,416,1,2
1893,417,1,2
1893,418,1,2
1893,419,1,2
1893,420,1,2
1893,421,1,2
1893,422,1,2
1893,423,1,2
1893,424,1,2
1893,425,1,3
1893,426,1,3
1893,427,1,3
1893,428,1,3
1893,429,1,3
1893,430,1,3
1893,431,1,3
1893,432,1,3
1893,433,1,3
1893,434,1,3
1893,435,1,3
1893,436,1,3
1893,437,1,3
1893,438,1,3
1893,439,1,3
1893,440,1,3
1893,441,1,3
1893,442,1,3
1893,443,1,3
1893,444,1,3
1893,445,1,3
1893,446,1,3
1893,447,1,3
1893,448,1,3
1893,449,1,3
1893,450,1,3
1893,451,1,3
1893,452,1,3
1893,453,1,3
1893,454,1,3
1893,455,1,3
1893,456,1,3
1893,457,1,3
1893,458,1,3
1893,459,1,3
1893,460,1,3
1893,461,1,3
1893,462,1,3
1893,463,1,3
1893,464,1,3
1893,465,1,3
1893,466,1,3
1893,467,1,3
1893,468,1,3
1893,469,1,3
1893,470,1,3
1893,471,1,3
1893,472,1,3
1893,473,1,3
1893,474,1,3
1893,475,1,3
1893,476,1,3
1893,477,1,3
1893,478,1,3
1893,479,1,3
1893,480,1,3
1893,481,1,3
1893,482,1,3
1893,483,1,3
1893,484,1,3
1893,485,1,3
1893,486,1,3
1893,487,1,3
1893,488,1,3
1893,489,1,2
1893,490,1,2
1893,491,1,2
1893,492,1,2
1893,493,1,2
1893,494,1,2
1893,495,1,2
1893,496,1,2
1893,497,1,2
1893,498,1,2
1893,499,1,2
1893,500,1,2
1893,501,1,2
1893,502,1,2
1893,503,1,2
1893,504,1,2
1893,505,1,2
1893,506,1,2
1893,507,1,2
1893,508,1,2
1893,509,1,2
1893,510,1,2
1893,511,1,2
1893,512,1,2
1893,513,1,2
1893,514,1,2
1893,515,1,2
1893,516,1,2
1893,517,1,2
1893,518,1,2
1893,519,1,2
1893,520,1,2
1893,521,1,2
1893,522,1,2
1893,523,1,2
1893,524,1,2
1893,525,1,2
1893,526,1,2
1893,527,1,2
1893,528,1,3
1893,529,1,3
1893,530,1,3
1893,531,1,3
1893,532,1,3
1893,533,1,3
1893,534,1,3
1893,535,1,3
1893,536,1,3
1893,537,1,3
1893,538,1,3
1893,539,1,2
1893,540,1,3
1893,541,1,3
1893,542,1,3
1893,543,1,3
1893,544,1,3
1893,545,1,3
1893,546,1,3
1893,547,1,3
1893,548,1,3
1893,549,1,3
1893,550,1,3
1893,551,1,3
1893,552,1,3
1893,553,1,3
1893,554,1,3
1893,555,1,3
1893,556,1,3
1893,557,1,3
1893,558,1,3
1893,559,1,3
1893,560,1,3
1893,561,1,3
1893,562,1,3
1893,563,1,3
1893,564,1,2
1893,565,1,2
1893,566,1,2
1893,567,1,2
1893,568,1,2
1893,569,1,2
1893,570,1,2
1893,571,1,2
1893,572,1,2
1893,573,1,2
1893,574,1,2
1893,575,1,2
1893,576,1,2
1893,577,1,2
1893,578,1,2
1893,579,1,2
1893,580,1,2
1893,581,1,2
1893,582,1,2
1893,583,1,2
1893,584,1,2
1893,585,1,2
1893,586,1,2
1893,587,1,2
1893,588,1,2
1893,589,1,2
1893,590,1,2
1893,591,1,2
1893,592,1,2
1893,593,1,2
1893,594,1,2
1893,595,1,2
1893,596,1,2
1893,597,1,2
1893,598,1,2
1893,599,1,2
1893,600,1,2
1893,601,1,2
1893,602,1,2
1893,603,1,2
1893,604,1,2
1893,605,1,2
1893,606,1,2
1893,607,1,2
1893,608,1,2
1893,609,1,2
1893,610,1,2
1893,611,1,2
1893,612,1,2
1893,613,1,2
1893,614,1,2
1893,615,1,2
1893,616,1,2
1893,617,1,2
1893,618,1,2
1893,619,1,2
1893,620,1,2
1893,621,1,2
1893,622,1,2
1893,623,1,2
1893,624,1,2
1893,625,1,2
1893,626,1,2
1893,627,1,2
1893,628,1,2
1893,629,1,2
1893,630,1,2
1893,631,1,2
1893,632,1,2
1893,633,1,2
1893,634,1,2
1893,635,1,2
1893,636,1,2
1893,637,1,2
1893,638,1,2
1893,639,1,2
1893,640,1,2
1893,641,1,2
1893,642,1,2
1893,643,1,2
1893,644,1,2
1893,645,1,2
1893,646,1,2
1893,647,1,2
1894,110,1,2
1894,111,1,2
1894,112,1,2
1894,113,1,2
1894,114,1,2
1894,115,1,2
1894,116,1,2
1894,117,1,2
1894,118,1,2
1894,119,1,2
1894,120,1,2
1894,121,1,2
1894,122,1,3
1894,123,1,3
1894,124,1,3
1894,125,1,3
1894,126,1,3
1894,127,1,3
1894,128,1,3
1894,129,1,3
1894,130,1,3
1894,131,1,3
1894,132,1,3
1894,133,1,2
1894,134,1,2
1894,135,1,2
1894,136,1,2
1894,137,1,2
1894,138,1,2
1894,139,1,2
1894,140,1,2
1894,141,1,2
1894,142,1,2
1894,143,1,2
1894,144,1,2
1894,145,1,2
1894,146,1,2
1894,147,1,2
1894,148,1,2
1894,149,1,2
1894,150,1,2
1894,151,1,2
1894,152,1,2
1894,153,1,2
1894,154,1,2
1894,155,1,2
1894,156,1,2
1894,157,1,2
1894,158,1,2
1894,159,1,2
1894,160,1,2
1894,161,1,2
1894,162,1,2
1894,163,1,2
1894,164,1,2
1894,165,1,2
1894,166,1,2
1894,167,1,2
1894,168,1,2
1894,169,1,2
1894,170,1,2
1894,171,1,2
1894,172,1,2
1894,173,1,2
1894,174,1,2
1894,175,1,2
1894,176,1,2
1894,177,1,2
1894,178,1,2
1894,179,1,2
1894,180,1,2
1894,181,1,2
1894,182,1,2
1894,183,1,2
1894,184,1,2
1894,185,1,2
1894,186,1,2
1894,187,1,2
1894,188,1,2
1894,189,1,2
1894,190,1,2
1894,191,1,2
1894,192,1,2
1894,193,1,2
1894,194,1,2
1894,195,1,2
1894,196,1,2
1894,197,1,2
1894,198,1,2
1894,199,1,2
1894,200,1,2
1894,201,1,2
1894,202,1,2
1894,203,1,2
1894,204,1,2
1894,205,1,2
1894,206,1,2
1894,207,1,2
1894,208,1,2
1894,209,1,2
1894,210,1,2
1894,211,1,2
1894,212,1,2
1894,213,1,2
1894,214,1,2
1894,215,1,2
1894,216,1,2
1894,217,1,2
1894,218,1,2
1894,219,1,2
1894,220,1,2
1894,221,1,2
1894,222,1,2
1894,223,1,2
1894,224,1,2
1894,225,1,2
1894,226,1,2
1894,227,1,2
1894,228,1,2
1894,229,1,2
1894,230,1,2
1894,231,1,2
1894,232,1,2
1894,233,1,2
1894,234,1,2
1894,235,1,2
1894,236,1,2
1894,237,1,2
1894,238,1,2
1894,239,1,2
1894,240,1,2
1894,241,1,2
1894,242,1,2
1894,243,1,2
1894,244,1,2
1894,245,1,2
1894,246,1,2
1894,247,1,2
1894,248,1,2
1894,249,1,2
1894,250,1,2
1894,251,1,2
1894,252,1,2
1894,253,1,2
1894,254,1,2
1894,255,1,2
1894,256,1,2
1894,257,1,2
1894,258,1,2
1894,259,1,2
1894,260,1,2
1894,261,1,2
1894,262,1,2
1894,263,1,2
1894,264,1,2
1894,265,1,2
1894,266,1,2
1894,267,1,2
1894,268,1,2
1894,269,1,2
1894,270,1,2
1894,271,1,2
1894,272,1,2
1894,273,1,2
1894,274,1,2
1894,275,1,2
1894,276,1,2
1894,277,1,2
1894,278,1,2
1894,279,1,2
1894,280,1,2
1894,281,1,2
1894,282,1,2
1894,283,1,2
1894,284,1,2
1894,285,1,2
1894,286,1,2
1894,287,1,2
1894,288,1,2
1894,289,1,2
1894,290,1,2
1894,291,1,2
1894,292,1,2
1894,293,1,2
1894,294,1,2
1894,295,1,2
1894,296,1,2
1894,297,1,2
1894,298,1,2
1894,299,1,2
1894,300,1,2
1894,301,1,2
1894,302,1,2
1894,303,1,2
1894,304,1,2
1894,305,1,2
1894,306,1,2
1894,307,1,2
1894,308,1,2
1894,309,1,2
1894,310,1,2
1894,311,1,2
1894,312,1,2
1894,313,1,2
1894,314,1,2
1894,315,1,2
1894,316,1,2
1894,317,1,2
1894,318,1,2
1894,319,1,2
1894,320,1,2
1894,321,1,2
1894,322,1,2
1894,323,1,2
1894,324,1,2
1894,325,1,2
1894,326,1,2
1894,327,1,2
1894,328,1,2
1894,329,1,2
1894,330,1,2
1894,331,1,2
1894,332,1,2
1894,333,1,2
1894,334,1,2
1894,335,1,2
1894,336,1,2
1894,337,1,2
1894,338,1,2
1894,339,1,2
1894,340,1,2
1894,341,1,2
1894,342,1,2
1894,343,1,2
1894,344,1,2
1894,345,1,2
1894,346,1,2
1894,347,1,2
1894,348,1,2
1894,349,1,2
1894,350,1,2
1894,351,1,2
1894,352,1,2
1894,353,1,2
1894,354,1,2
1894,355,1,2
1894,356,1,2
1894,357,1,2
1894,358,1,2
1894,359,1,2
1894,360,1,2
1894,361,1,2
1894,362,1,2
1894,363,1,2
1894,364,1,2
1894,365,1,2
1894,366,1,2
1894,367,1,2
1894,368,1,2
1894,369,1,2
1894,370,1,2
1894,371,1,2
1894,372,1,2
1894,373,1,2
1894,374,1,2
1894,375,1,2
1894,376,1,2
1894,377,1,2
1894,378,1,2
1894,379,1,2
1894,380,1,2
1894,381,1,2
1894,382,1,2
1894,383,1,2
1894,384,1,2
1894,385,1,2
1894,386,1,2
1894,387,1,2
1894,388,1,2
1894,389,1,2
1894,390,1,2
1894,391,1,2
1894,392,1,2
1894,393,1,2
1894,394,1,2
1894,395,1,2
1894,396,1,2
1894,397,1,2
1894,398,1,2
1894,399,1,2
1894,400,1,2
1894,401,1,2
1894,402,1,2
1894,403,1,2
1894,404,1,2
1894,405,1,2
1894,406,1,2
1894,407,1,2
1894,408,1,2
1894,409,1,2
1894,410,1,2
1894,411,1,2
1894,412,1,2
1894,413,1,2
1894,414,1,2
1894,415,1,2
1894,416,1,2
1894,417,1,2
1894,418,1,2
1894,419,1,2
1894,420,1,2
1894,421,1,2
1894,422,1,2
1894,423,1,2
1894,424,1,2
1894,425,1,3
1894,426,1,3
1894,427,1,3
1894,428,1,3
1894,429,1,3
1894,430,1,3
1894,431,1,3
1894,432,1,3
1894,433,1,3
1894,434,1,3
1894,435,1,3
1894,436,1,3
1894,437,1,3
1894,438,1,3
1894,439,1,3
1894,440,1,3
1894,441,1,3
1894,442,1,3
1894,443,1,3
1894,444,1,3
1894,445,1,3
1894,446,1,3
1894,447,1,3
1894,448,1,3
1894,449,1,3
1894,450,1,3
1894,451,1,3
1894,452,1,3
1894,453,1,3
1894,454,1,3
1894,455,1,3
1894,456,1,3
1894,457,1,3
1894,458,1,3
1894,459,1,3
1894,460,1,3
1894,461,1,3
1894,462,1,3
1894,463,1,3
1894,464,1,3
1894,465,1,3
1894,466,1,3
1894,467,1,3
1894,468,1,3
1894,469,1,3
1894,470,1,3
1894,471,1,3
1894,472,1,3
1894,473,1,3
1894,474,1,3
1894,475,1,3
1894,476,1,3
1894,477,1,3
1894,478,1,3
1894,479,1,3
1894,480,1,3
1894,481,1,3
1894,482,1,3
1894,483,1,3
1894,484,1,3
1894,485,1,3
1894,486,1,3
1894,487,1,3
1894,488,1,3
1894,489,1,2
1894,490,1,2
1894,491,1,2
1894,492,1,2
1894,493,1,2
1894,494,1,2
1894,495,1,2
1894,496,1,2
1894,497,1,2
1894,498,1,2
1894,499,1,2
1894,500,1,2
1894,501,1,2
1894,502,1,2
1894,503,1,2
1894,504,1,2
1894,505,1,2
1894,506,1,2
1894,507,1,2
1894,508,1,2
1894,509,1,2
1894,510,1,2
1894,511,1,2
1894,512,1,2
1894,513,1,2
1894,514,1,2
1894,515,1,2
1894,516,1,2
1894,517,1,2
1894,518,1,2
1894,519,1,2
1894,520,1,2
1894,521,1,2
1894,522,1,2
1894,523,1,2
1894,524,1,2
1894,525,1,2
1894,526,1,2
1894,527,1,2
1894,528,1,2
1894,529,1,3
1894,530,1,3
1894,531,1,3
1894,532,1,3
1894,533,1,3
1894,534,1,3
1894,535,1,2
1894,536,1,2
1894,537,1,2
1894,538,1,2
1894,539,1,2
1894,540,1,2
1894,541,1,2
1894,542,1,2
1894,543,1,3
1894,544,1,3
1894,545,1,3
1894,546,1,3
1894,547,1,3
1894,548,1,3
1894,549,1,3
1894,550,1,3
1894,551,1,3
1894,552,1,3
1894,553,1,3
1894,554,1,3
1894,555,1,3
1894,556,1,3
1894,557,1,3
1894,558,1,3
1894,559,1,3
1894,560,1,3
1894,561,1,3
1894,562,1,2
1894,563,1,2
1894,564,1,2
1894,565,1,2
1894,566,1,2
1894,567,1,2
1894,568,1,2
1894,569,1,2
1894,570,1,2
1894,571,1,2
1894,572,1,2
1894,573,1,2
1894,574,1,2
1894,575,1,2
1894,576,1,2
1894,577,1,2
1894,578,1,2
1894,579,1,2
1894,580,1,2
1894,581,1,2
1894,582,1,2
1894,583,1,2
1894,584,1,2
1894,585,1,2
1894,586,1,2
1894,587,1,2
1894,588,1,2
1894,589,1,2
1894,590,1,2
1894,591,1,2
1894,592,1,2
1894,593,1,2
1894,594,1,2
1894,595,1,2
1894,596,1,2
1894,597,1,2
1894,598,1,2
1894,599,1,2
1894,600,1,2
1894,601,1,2
1894,602,1,2
1894,603,1,2
1894,604,1,2
1894,605,1,2
1894,606,1,2
1894,607,1,2
1894,608,1,2
1894,609,1,2
1894,610,1,2
1894,611,1,2
1894,612,1,2
1894,613,1,2
1894,614,1,2
1894,615,1,2
1894,616,1,2
1894,617,1,2
1894,618,1,2
1894,619,1,2
1894,620,1,2
1894,621,1,2
1894,622,1,2
1894,623,1,2
1894,624,1,2
1894,625,1,2
1894,626,1,2
1894,627,1,2
1894,628,1,2
1894,629,1,2
1894,630,1,2
1894,631,1,2
1894,632,1,2
1894,633,1,2
1894,634,1,2
1894,635,1,2
1894,636,1,2
1894,637,1,2
1894,638,1,2
1894,639,1,2
1894,640,1,2
1894,641,1,2
1894,642,1,2
1894,643,1,2
1894,644,1,2
1894,645,1,2
1894,646,1,2
1894,647,1,2
1894,648,1,2
1895,109,1,2
1895,110,1,2
1895,111,1,2
1895,112,1,2
1895,113,1,2
1895,114,1,2
1895,115,1,2
1895,116,1,2
1895,117,1,2
1895,118,1,2
1895,119,1,2
1895,120,1,2
1895,121,1,3
1895,122,1,3
1895,123,1,3
1895,124,1,3
1895,125,1,3
1895,126,1,3
1895,127,1,3
1895,128,1,3
1895,129,1,3
1895,130,1,3
1895,131,1,3
1895,132,1,2
1895,133,1,2
1895,134,1,2
1895,135,1,2
1895,136,1,2
1895,137,1,2
1895,138,1,2
1895,139,1,2
1895,140,1,2
1895,141,1,2
1895,142,1,2
1895,143,1,2
1895,144,1,2
1895,145,1,2
1895,146,1,2
1895,147,1,2
1895,148,1,2
1895,149,1,2
1895,150,1,2
1895,151,1,2
1895,152,1,2
1895,153,1,2
1895,154,1,2
1895,155,1,2
1895,156,1,2
1895,157,1,2
1895,158,1,2
1895,159,1,2
1895,160,1,2
1895,161,1,2
1895,162,1,2
1895,163,1,2
1895,164,1,2
1895,165,1,2
1895,166,1,2
1895,167,1,2
1895,168,1,2
1895,169,1,2
1895,170,1,2
1895,171,1,2
1895,172,1,2
1895,173,1,2
1895,174,1,2
1895,175,1,2
1895,176,1,2
1895,177,1,2
1895,178,1,2
1895,179,1,2
1895,180,1,2
1895,181,1,2
1895,182,1,2
1895,183,1,2
1895,184,1,2
1895,185,1,2
1895,186,1,2
1895,187,1,2
1895,188,1,2
1895,189,1,2
1895,190,1,2
1895,191,1,2
1895,192,1,2
1895,193,1,2
1895,194,1,2
1895,195,1,2
1895,196,1,2
1895,197,1,2
1895,198,1,2
1895,199,1,2
1895,200,1,2
1895,201,1,2
1895,202,1,2
1895,203,1,2
1895,204,1,2
1895,205,1,2
1895,206,1,2
1895,207,1,2
1895,208,1,2
1895,209,1,2
1895,210,1,2
1895,211,1,2
1895,212,1,2
1895,213,1,2
1895,214,1,2
1895,215,1,2
1895,216,1,2
1895,217,1,2
1895,218,1,2
1895,219,1,2
1895,220,1,2
1895,221,1,2
1895,222,1,2
1895,223,1,2
1895,224,1,2
1895,225,1,2
1895,226,1,2
1895,227,1,2
1895,228,1,2
1895,229,1,2
1895,230,1,2
1895,231,1,2
1895,232,1,2
1895,233,1,2
1895,234,1,2
1895,235,1,2
1895,236,1,2
1895,237,1,2
1895,238,1,2
1895,239,1,2
1895,240,1,2
1895,241,1,2
1895,242,1,2
1895,243,1,2
1895,244,1,2
1895,245,1,2
1895,246,1,2
1895,247,1,2
1895,248,1,2
1895,249,1,2
1895,250,1,2
1895,251,1,2
1895,252,1,2
1895,253,1,2
1895,254,1,2
1895,255,1,2
1895,256,1,2
1895,257,1,2
1895,258,1,2
1895,259,1,2
1895,260,1,2
1895,261,1,2
1895,262,1,2
1895,263,1,2
1895,264,1,2
1895,265,1,2
1895,266,1,2
1895,267,1,2
1895,268,1,2
1895,269,1,2
1895,270,1,2
1895,271,1,2
1895,272,1,2
1895,273,1,2
1895,274,1,2
1895,275,1,2
1895,276,1,2
1895,277,1,2
1895,278,1,2
1895,279,1,2
1895,280,1,2
1895,281,1,2
1895,282,1,2
1895,283,1,2
1895,284,1,2
1895,285,1,2
1895,286,1,2
1895,287,1,2
1895,288,1,2
1895,289,1,2
1895,290,1,2
1895,291,1,2
1895,292,1,2
1895,293,1,2
1895,294,1,2
1895,295,1,2
1895,296,1,2
1895,297,1,2
1895,298,1,2
1895,299,1,2
1895,300,1,2
1895,301,1,2
1895,302,1,2
1895,303,1,2
1895,304,1,2
1895,305,1,2
1895,306,1,2
1895,307,1,2
1895,308,1,2
1895,309,1,2
1895,310,1,2
1895,311,1,2
1895,312,1,2
1895,313,1,2
1895,314,1,2
1895,315,1,2
1895,316,1,2
1895,317,1,2
1895,318,1,2
1895,319,1,2
1895,320,1,2
1895,321,1,2
1895,322,1,2
1895,323,1,2
1895,324,1,2
1895,325,1,2
1895,326,1,2
1895,327,1,2
1895,328,1,2
1895,329,1,2
1895,330,1,2
1895,331,1,2
1895,332,1,2
1895,333,1,2
1895,334,1,2
1895,335,1,2
1895,336,1,2
1895,337,1,2
1895,338,1,2
1895,339,1,2
1895,340,1,2
1895,341,1,2
1895,342,1,2
1895,343,1,2
1895,344,1,2
1895,345,1,2
1895,346,1,2
1895,347,1,2
1895,348,1,2
1895,349,1,2
1895,350,1,2
1895,351,1,2
1895,352,1,2
1895,353,1,2
1895,354,1,2
1895,355,1,2
1895,356,1,2
1895,357,1,2
1895,358,1,2
1895,359,1,2
1895,360,1,2
1895,361,1,2
1895,362,1,2
1895,363,1,2
1895,364,1,2
1895,365,1,2
1895,366,1,2
1895,367,1,2
1895,368,1,2
1895,369,1,2
1895,370,1,2
1895,371,1,2
1895,372,1,2
1895,373,1,2
1895,374,1,2
1895,375,1,2
1895,376,1,2
1895,377,1,2
1895,378,1,2
1895,379,1,2
1895,380,1,2
1895,381,1,2
1895,382,1,2
1895,383,1,2
1895,384,1,2
1895,385,1,2
1895,386,1,2
1895,387,1,2
1895,388,1,2
1895,389,1,2
1895,390,1,2
1895,391,1,2
1895,392,1,2
1895,393,1,2
1895,394,1,2
1895,395,1,2
1895,396,1,2
1895,397,1,2
1895,398,1,2
1895,399,1,2
1895,400,1,2
1895,401,1,2
1895,402,1,2
1895,403,1,2
1895,404,1,2
1895,405,1,2
1895,406,1,2
1895,407,1,2
1895,408,1,2
1895,409,1,2
1895,410,1,2
1895,411,1,2
1895,412,1,2
1895,413,1,2
1895,414,1,2
1895,415,1,2
1895,416,1,2
1895,417,1,2
1895,418,1,2
1895,419,1,2
1895,420,1,2
1895,421,1,2
1895,422,1,2
1895,423,1,2
1895,424,1,3
1895,425,1,3
1895,426,1,3
1895,427,1,3
1895,428,1,3
1895,429,1,3
1895,430,1,3
1895,431,1,3
1895,432,1,3
1895,433,1,3
1895,434,1,3
1895,435,1,3
1895,436,1,3
1895,437,1,3
1895,438,1,3
1895,439,1,3
1895,440,1,3
1895,441,1,3
1895,442,1,3
1895,443,1,3
1895,444,1,3
1895,445,1,3
1895,446,1,3
1895,447,1,3
1895,448,1,3
1895,449,1,3
1895,450,1,3
1895,451,1,3
1895,452,1,3
1895,453,1,3
1895,454,1,3
1895,455,1,3
1895,456,1,3
1895,457,1,3
1895,458,1,3
1895,459,1,3
1895,460,1,3
1895,461,1,3
1895,462,1,3
1895,463,1,3
1895,464,1,3
1895,465,1,3
1895,466,1,3
1895,467,1,3
1895,468,1,3
1895,469,1,3
1895,470,1,3
1895,471,1,3
1895,472,1,3
1895,473,1,3
1895,474,1,3
1895,475,1,3
1895,476,1,3
1895,477,1,3
1895,478,1,3
1895,479,1,3
1895,480,1,3
1895,481,1,3
1895,482,1,3
1895,483,1,3
1895,484,1,3
1895,485,1,3
1895,486,1,3
1895,487,1,3
1895,488,1,3
1895,489,1,2
1895,490,1,2
1895,491,1,2
1895,492,1,2
1895,493,1,2
1895,494,1,2
1895,495,1,2
1895,496,1,2
1895,497,1,2
1895,498,1,2
1895,499,1,2
1895,500,1,2
1895,501,1,2
1895,502,1,2
1895,503,1,2
1895,504,1,2
1895,505,1,2
1895,506,1,2
1895,507,1,2
1895,508,1,2
1895,509,1,2
1895,510,1,2
1895,511,1,2
1895,512,1,2
1895,513,1,2
1895,514,1,2
1895,515,1,2
1895,516,1,2
1895,517,1,2
1895,518,1,2
1895,519,1,2
1895,520,1,2
1895,521,1,2
1895,522,1,2
1895,523,1,2
1895,524,1,2
1895,525,1,2
1895,526,1,2
1895,527,1,2
1895,528,1,2
1895,529,1,2
1895,530,1,2
1895,531,1,3
1895,532,1,3
1895,533,1,2
1895,534,1,2
1895,535,1,2
1895,536,1,2
1895,537,1,2
1895,538,1,2
1895,539,1,2
1895,540,1,2
1895,541,1,2
1895,542,1,2
1895,543,1,2
1895,544,1,3
1895,545,1,3
1895,546,1,3
1895,547,1,3
1895,548,1,3
1895,549,1,3
1895,550,1,3
1895,551,1,3
1895,552,1,3
1895,553,1,3
1895,554,1,3
1895,555,1,3
1895,556,1,3
1895,557,1,3
1895,558,1,3
1895,559,1,2
1895,560,1,2
1895,561,1,2
1895,562,1,2
1895,563,1,2
1895,564,1,2
1895,565,1,2
1895,566,1,2
1895,567,1,2
1895,568,1,2
1895,569,1,2
1895,570,1,2
1895,571,1,2
1895,572,1,2
1895,573,1,2
1895,574,1,2
1895,575,1,2
1895,576,1,2
1895,577,1,2
1895,578,1,2
1895,579,1,2
1895,580,1,2
1895,581,1,2
1895,582,1,2
1895,583,1,2
1895,584,1,2
1895,585,1,2
1895,586,1,2
1895,587,1,2
1895,588,1,2
1895,589,1,2
1895,590,1,2
1895,591,1,2
1895,592,1,2
1895,593,1,2
1895,594,1,2
1895,595,1,2
1895,596,1,2
1895,597,1,2
1895,598,1,2
1895,599,1,2
1895,600,1,2
1895,601,1,2
1895,602,1,2
1895,603,1,2
1895,604,1,2
1895,605,1,2
1895,606,1,2
1895,607,1,2
1895,608,1,2
1895,609,1,2
1895,610,1,2
1895,611,1,2
1895,612,1,2
1895,613,1,2
1895,614,1,2
1895,615,1,2
1895,616,1,2
1895,617,1,2
1895,618,1,2
1895,619,1,2
1895,620,1,2
1895,621,1,2
1895,622,1,2
1895,623,1,2
1895,624,1,2
1895,625,1,2
1895,626,1,2
1895,627,1,2
1895,628,1,2
1895,629,1,2
1895,630,1,2
1895,631,1,2
1895,632,1,2
1895,633,1,2
1895,634,1,2
1895,635,1,2
1895,636,1,2
1895,637,1,2
1895,638,1,2
1895,639,1,2
1895,640,1,2
1895,641,1,2
1895,642,1,2
1895,643,1,2
1895,644,1,2
1895,645,1,2
1895,646,1,2
1895,647,1,2
1895,648,1,2
1895,649,1,2
1895,650,1,2
1896,109,1,2
1896,110,1,2
1896,111,1,2
1896,112,1,2
1896,113,1,2
1896,114,1,2
1896,115,1,2
1896,116,1,2
1896,117,1,2
1896,118,1,2
1896,119,1,2
1896,120,1,2
1896,121,1,3
1896,122,1,3
1896,123,1,3
1896,124,1,3
1896,125,1,3
1896,126,1,3
1896,127,1,3
1896,128,1,3
1896,129,1,2
1896,130,1,2
1896,131,1,2
1896,132,1,2
1896,133,1,2
1896,134,1,2
1896,135,1,2
1896,136,1,2
1896,137,1,2
1896,138,1,2
1896,139,1,2
1896,140,1,2
1896,141,1,2
1896,142,1,2
1896,143,1,2
1896,144,1,2
1896,145,1,2
1896,146,1,2
1896,147,1,2
1896,148,1,2
1896,149,1,2
1896,150,1,2
1896,151,1,2
1896,152,1,2
1896,153,1,2
1896,154,1,2
1896,155,1,2
1896,156,1,2
1896,157,1,2
1896,158,1,2
1896,159,1,2
1896,160,1,2
1896,161,1,2
1896,162,1,2
1896,163,1,2
1896,164,1,2
1896,165,1,2
1896,166,1,2
1896,167,1,2
1896,168,1,2
1896,169,1,2
1896,170,1,2
1896,171,1,2
1896,172,1,2
1896,173,1,2
1896,174,1,2
1896,175,1,2
1896,176,1,2
1896,177,1,2
1896,178,1,2
1896,179,1,2
1896,180,1,2
1896,181,1,2
1896,182,1,2
1896,183,1,2
1896,184,1,2
1896,185,1,2
1896,186,1,2
1896,187,1,2
1896,188,1,2
1896,189,1,2
1896,190,1,2
1896,191,1,2
1896,192,1,2
1896,193,1,2
1896,194,1,2
1896,195,1,2
1896,196,1,2
1896,197,1,2
1896,198,1,2
1896,199,1,2
1896,200,1,2
1896,201,1,2
1896,202,1,2
1896,203,1,2
1896,204,1,2
1896,205,1,2
1896,206,1,2
1896,207,1,2
1896,208,1,2
1896,209,1,2
1896,210,1,2
1896,211,1,2
1896,212,1,2
1896,213,1,2
1896,214,1,2
1896,215,1,2
1896,216,1,2
1896,217,1,2
1896,218,1,2
1896,219,1,2
1896,220,1,2
1896,221,1,2
1896,222,1,2
1896,223,1,2
1896,224,1,2
1896,225,1,2
1896,226,1,2
1896,227,1,2
1896,228,1,2
1896,229,1,2
1896,230,1,2
1896,231,1,2
1896,232,1,2
1896,233,1,2
1896,234,1,2
1896,235,1,2
1896,236,1,2
1896,237,1,2
1896,238,1,2
1896,239,1,2
1896,240,1,2
1896,241,1,2
1896,242,1,2
1896,243,1,2
1896,244,1,2
1896,245,1,2
1896,246,1,2
1896,247,1,2
1896,248,1,2
1896,249,1,2
1896,250,1,2
1896,251,1,2
1896,252,1,2
1896,253,1,2
1896,254,1,2
1896,255,1,2
1896,256,1,2
1896,257,1,2
1896,258,1,2
1896,259,1,2
1896,260,1,2
1896,261,1,2
1896,262,1,2
1896,263,1,2
1896,264,1,2
1896,265,1,2
1896,266,1,2
1896,267,1,2
1896,268,1,2
1896,269,1,2
1896,270,1,2
1896,271,1,2
1896,272,1,2
1896,273,1,2
1896,274,1,2
1896,275,1,2
1896,276,1,2
1896,277,1,2
1896,278,1,2
1896,279,1,2
1896,280,1,2
1896,281,1,2
1896,282,1,2
1896,283,1,2
1896,284,1,2
1896,285,1,2
1896,286,1,2
1896,287,1,2
1896,288,1,2
1896,289,1,2
1896,290,1,2
1896,291,1,2
1896,292,1,2
1896,293,1,2
1896,294,1,2
1896,295,1,2
1896,296,1,2
1896,297,1,2
1896,298,1,2
1896,299,1,2
1896,300,1,2
1896,301,1,2
1896,302,1,2
1896,303,1,2
1896,304,1,2
1896,305,1,2
1896,306,1,2
1896,307,1,2
1896,308,1,2
1896,309,1,2
1896,310,1,2
1896,311,1,2
1896,312,1,2
1896,313,1,2
1896,314,1,2
1896,315,1,2
1896,316,1,2
1896,317,1,2
1896,318,1,2
1896,319,1,2
1896,320,1,2
1896,321,1,2
1896,322,1,2
1896,323,1,2
1896,324,1,2
1896,325,1,2
1896,326,1,2
1896,327,1,2
1896,328,1,2
1896,329,1,2
1896,330,1,2
1896,331,1,2
1896,332,1,2
1896,333,1,2
1896,334,1,2
1896,335,1,2
1896,336,1,2
1896,337,1,2
1896,338,1,2
1896,339,1,2
1896,340,1,2
1896,341,1,2
1896,342,1,2
1896,343,1,2
1896,344,1,2
1896,345,1,2
1896,346,1,2
1896,347,1,2
1896,348,1,2
1896,349,1,2
1896,350,1,2
1896,351,1,2
1896,352,1,2
1896,353,1,2
1896,354,1,2
1896,355,1,2
1896,356,1,2
1896,357,1,2
1896,358,1,2
1896,359,1,2
1896,360,1,2
1896,361,1,2
1896,362,1,2
1896,363,1,2
1896,364,1,2
1896,365,1,2
1896,366,1,2
1896,367,1,2
1896,368,1,2
1896,369,1,2
1896,370,1,2
1896,371,1,2
1896,372,1,2
1896,373,1,2
1896,374,1,2
1896,375,1,2
1896,376,1,2
1896,377,1,2
1896,378,1,2
1896,379,1,2
1896,380,1,2
1896,381,1,2
1896,382,1,2
1896,383,1,2
1896,384,1,2
1896,385,1,2
1896,386,1,2
1896,387,1,2
1896,388,1,2
1896,389,1,2
1896,390,1,2
1896,391,1,2
1896,392,1,2
1896,393,1,2
1896,394,1,2
1896,395,1,2
1896,396,1,2
1896,397,1,2
1896,398,1,2
1896,399,1,2
1896,400,1,2
1896,401,1,2
1896,402,1,2
1896,403,1,2
1896,404,1,2
1896,405,1,2
1896,406,1,2
1896,407,1,2
1896,408,1,2
1896,409,1,2
1896,410,1,2
1896,411,1,2
1896,412,1,2
1896,413,1,2
1896,414,1,2
1896,415,1,2
1896,416,1,2
1896,417,1,2
1896,418,1,2
1896,419,1,2
1896,420,1,2
1896,421,1,2
1896,422,1,2
1896,423,1,2
1896,424,1,3
1896,425,1,3
1896,426,1,3
1896,427,1,3
1896,428,1,3
1896,429,1,3
1896,430,1,3
1896,431,1,3
1896,432,1,3
1896,433,1,3
1896,434,1,3
1896,435,1,3
1896,436,1,3
1896,437,1,3
1896,438,1,3
1896,439,1,3
1896,440,1,3
1896,441,1,3
1896,442,1,3
1896,443,1,3
1896,444,1,3
1896,445,1,3
1896,446,1,3
1896,447,1,3
1896,448,1,3
1896,449,1,3
1896,450,1,3
1896,451,1,3
1896,452,1,3
1896,453,1,3
1896,454,1,3
1896,455,1,3
1896,456,1,3
1896,457,1,3
1896,458,1,3
1896,459,1,3
1896,460,1,3
1896,461,1,3
1896,462,1,3
1896,463,1,3
1896,464,1,3
1896,465,1,3
1896,466,1,3
1896,467,1,3
1896,468,1,3
1896,469,1,3
1896,470,1,3
1896,471,1,3
1896,472,1,3
1896,473,1,3
1896,474,1,3
1896,475,1,3
1896,476,1,3
1896,477,1,3
1896,478,1,3
1896,479,1,3
1896,480,1,3
1896,481,1,3
1896,482,1,3
1896,483,1,3
1896,484,1,3
1896,485,1,3
1896,486,1,3
1896,487,1,3
1896,488,1,3
1896,489,1,2
1896,490,1,2
1896,491,1,2
1896,492,1,2
1896,493,1,2
1896,494,1,2
1896,495,1,2
1896,496,1,2
1896,497,1,2
1896,498,1,2
1896,499,1,2
1896,500,1,2
1896,501,1,2
1896,502,1,2
1896,503,1,2
1896,504,1,2
1896,505,1,2
1896,506,1,2
1896,507,1,2
1896,508,1,2
1896,509,1,2
1896,510,1,2
1896,511,1,2
1896,512,1,2
1896,513,1,2
1896,514,1,2
1896,515,1,2
1896,516,1,2
1896,517,1,2
1896,518,1,2
1896,519,1,2
1896,520,1,2
1896,521,1,2
1896,522,1,2
1896,523,1,2
1896,524,1,2
1896,525,1,2
1896,526,1,2
1896,527,1,2
1896,528,1,2
1896,529,1,2
1896,530,1,2
1896,531,1,2
1896,532,1,2
1896,533,1,2
1896,534,1,2
1896,535,1,2
1896,536,1,2
1896,537,1,2
1896,538,1,2
1896,539,1,2
1896,540,1,2
1896,541,1,2
1896,542,1,2
1896,543,1,2
1896,544,1,2
1896,545,1,2
1896,546,1,3
1896,547,1,3
1896,548,1,2
1896,549,1,2
1896,550,1,2
1896,551,1,2
1896,552,1,2
1896,553,1,2
1896,554,1,2
1896,555,1,2
1896,556,1,2
1896,557,1,2
1896,558,1,2
1896,559,1,2
1896,560,1,2
1896,561,1,2
1896,562,1,2
1896,563,1,2
1896,564,1,2
1896,565,1,2
1896,566,1,2
1896,567,1,2
1896,568,1,2
1896,569,1,2
1896,570,1,2
1896,571,1,2
1896,572,1,2
1896,573,1,2
1896,574,1,2
1896,575,1,2
1896,576,1,2
1896,577,1,2
1896,578,1,2
1896,579,1,2
1896,580,1,2
1896,581,1,2
1896,582,1,2
1896,583,1,2
1896,584,1,2
1896,585,1,2
1896,586,1,2
1896,587,1,2
1896,588,1,2
1896,589,1,2
1896,590,1,2
1896,591,1,2
1896,592,1,2
1896,593,1,2
1896,594,1,2
1896,595,1,2
1896,596,1,2
1896,597,1,2
1896,598,1,2
1896,599,1,2
1896,600,1,2
1896,601,1,2
1896,602,1,2
1896,603,1,2
1896,604,1,2
1896,605,1,2
1896,606,1,2
1896,607,1,2
1896,608,1,2
1896,609,1,2
1896,610,1,2
1896,611,1,2
1896,612,1,2
1896,613,1,2
1896,614,1,2
1896,615,1,2
1896,616,1,2
1896,617,1,2
1896,618,1,2
1896,619,1,2
1896,620,1,2
1896,621,1,2
1896,622,1,2
1896,623,1,2
1896,624,1,2
1896,625,1,2
1896,626,1,2
1896,627,1,2
1896,628,1,2
1896,629,1,2
1896,630,1,2
1896,631,1,2
1896,632,1,2
1896,633,1,2
1896,634,1,2
1896,635,1,2
1896,636,1,2
1896,637,1,2
1896,638,1,2
1896,639,1,2
1896,640,1,2
1896,641,1,2
1896,642,1,2
1896,643,1,2
1896,644,1,2
1896,645,1,2
1896,646,1,2
1896,647,1,2
1896,648,1,2
1896,649,1,2
1896,650,1,2
1897,109,1,2
1897,110,1,2
1897,111,1,2
1897,112,1,2
1897,113,1,2
1897,114,1,2
1897,115,1,2
1897,116,1,2
1897,117,1,2
1897,118,1,2
1897,119,1,2
1897,120,1,2
1897,121,1,3
1897,122,1,3
1897,123,1,3
1897,124,1,3
1897,125,1,3
1897,126,1,3
1897,127,1,3
1897,128,1,3
1897,129,1,2
1897,130,1,2
1897,131,1,2
1897,132,1,2
1897,133,1,2
1897,134,1,2
1897,135,1,2
1897,136,1,2
1897,137,1,2
1897,138,1,2
1897,139,1,2
1897,140,1,2
1897,141,1,2
1897,142,1,2
1897,143,1,2
1897,144,1,2
1897,145,1,2
1897,146,1,2
1897,147,1,2
1897,148,1,2
1897,149,1,2
1897,150,1,2
1897,151,1,2
1897,152,1,2
1897,153,1,2
1897,154,1,2
1897,155,1,2
1897,156,1,2
1897,157,1,2
1897,158,1,2
1897,159,1,2
1897,160,1,2
1897,161,1,2
1897,162,1,2
1897,163,1,2
1897,164,1,2
1897,165,1,2
1897,166,1,2
1897,167,1,2
1897,168,1,2
1897,169,1,2
1897,170,1,2
1897,171,1,2
1897,172,1,2
1897,173,1,2
1897,174,1,2
1897,175,1,2
1897,176,1,2
1897,177,1,2
1897,178,1,2
1897,179,1,2
1897,180,1,2
1897,181,1,2
1897,182,1,2
1897,183,1,2
1897,184,1,2
1897,185,1,2
1897,186,1,2
1897,187,1,2
1897,188,1,2
1897,189,1,2
1897,190,1,2
1897,191,1,2
1897,192,1,2
1897,193,1,2
1897,194,1,2
1897,195,1,2
1897,196,1,2
1897,197,1,2
1897,198,1,2
1897,199,1,2
1897,200,1,2
1897,201,1,2
1897,202,1,2
1897,203,1,2
1897,204,1,2
1897,205,1,2
1897,206,1,2
1897,207,1,2
1897,208,1,2
1897,209,1,2
1897,210,1,2
1897,211,1,2
1897,212,1,2
1897,213,1,2
1897,214,1,2
1897,215,1,2
1897,216,1,2
1897,217,1,2
1897,218,1,2
1897,219,1,2
1897,220,1,2
1897,221,1,2
1897,222,1,2
1897,223,1,2
1897,224,1,2
1897,225,1,2
1897,226,1,2
1897,227,1,2
1897,228,1,2
1897,229,1,2
1897,230,1,2
1897,231,1,2
1897,232,1,2
1897,233,1,2
1897,234,1,2
1897,235,1,2
1897,236,1,2
1897,237,1,2
1897,238,1,2
1897,239,1,2
1897,240,1,2
1897,241,1,2
1897,242,1,2
1897,243,1,2
1897,244,1,2
1897,245,1,2
1897,246,1,2
1897,247,1,2
1897,248,1,2
1897,249,1,2
1897,250,1,2
1897,251,1,2
1897,252,1,2
1897,253,1,2
1897,254,1,2
1897,255,1,2
1897,256,1,2
1897,257,1,2
1897,258,1,2
1897,259,1,2
1897,260,1,2
1897,261,1,2
1897,262,1,2
1897,263,1,2
1897,264,1,2
1897,265,1,2
1897,266,1,2
1897,267,1,2
1897,268,1,2
1897,269,1,2
1897,270,1,2
1897,271,1,2
1897,272,1,2
1897,273,1,2
1897,274,1,2
1897,275,1,2
1897,276,1,2
1897,277,1,2
1897,278,1,2
1897,279,1,2
1897,280,1,2
1897,281,1,2
1897,282,1,2
1897,283,1,2
1897,284,1,2
1897,285,1,2
1897,286,1,2
1897,287,1,2
1897,288,1,2
1897,289,1,2
1897,290,1,2
1897,291,1,2
1897,292,1,2
1897,293,1,2
1897,294,1,2
1897,295,1,2
1897,296,1,2
1897,297,1,2
1897,298,1,2
1897,299,1,2
1897,300,1,2
1897,301,1,2
1897,302,1,2
1897,303,1,2
1897,304,1,2
1897,305,1,2
1897,306,1,2
1897,307,1,2
1897,308,1,2
1897,309,1,2
1897,310,1,2
1897,311,1,2
1897,312,1,2
1897,313,1,2
1897,314,1,2
1897,315,1,2
1897,316,1,2
1897,317,1,2
1897,318,1,2
1897,319,1,2
1897,320,1,2
1897,321,1,2
1897,322,1,2
1897,323,1,2
1897,324,1,2
1897,325,1,2
1897,326,1,2
1897,327,1,2
1897,328,1,2
1897,329,1,2
1897,330,1,2
1897,331,1,2
1897,332,1,2
1897,333,1,2
1897,334,1,2
1897,335,1,2
1897,336,1,2
1897,337,1,2
1897,338,1,2
1897,339,1,2
1897,340,1,2
1897,341,1,2
1897,342,1,2
1897,343,1,2
1897,344,1,2
1897,345,1,2
1897,346,1,2
1897,347,1,2
1897,348,1,2
1897,349,1,2
1897,350,1,2
1897,351,1,2
1897,352,1,2
1897,353,1,2
1897,354,1,2
1897,355,1,2
1897,356,1,2
1897,357,1,2
1897,358,1,2
1897,359,1,2
1897,360,1,2
1897,361,1,2
1897,362,1,2
1897,363,1,2
1897,364,1,2
1897,365,1,2
1897,366,1,2
1897,367,1,2
1897,368,1,2
1897,369,1,2
1897,370,1,2
1897,371,1,2
1897,372,1,2
1897,373,1,2
1897,374,1,2
1897,375,1,2
1897,376,1,2
1897,377,1,2
1897,378,1,2
1897,379,1,2
1897,380,1,2
1897,381,1,2
1897,382,1,2
1897,383,1,2
1897,384,1,2
1897,385,1,2
1897,386,1,2
1897,387,1,2
1897,388,1,2
1897,389,1,2
1897,390,1,2
1897,391,1,2
1897,392,1,2
1897,393,1,2
1897,394,1,2
1897,395,1,2
1897,396,1,2
1897,397,1,2
1897,398,1,2
1897,399,1,2
1897,400,1,2
1897,401,1,2
1897,402,1,2
1897,403,1,2
1897,404,1,2
1897,405,1,2
1897,406,1,2
1897,407,1,2
1897,408,1,2
1897,409,1,2
1897,410,1,2
1897,411,1,2
1897,412,1,2
1897,413,1,2
1897,414,1,2
1897,415,1,2
1897,416,1,2
1897,417,1,2
1897,418,1,2
1897,419,1,2
1897,420,1,2
1897,421,1,2
1897,422,1,2
1897,423,1,3
1897,424,1,3
1897,425,1,3
1897,426,1,3
1897,427,1,3
1897,428,1,3
1897,429,1,3
1897,430,1,3
1897,431,1,3
1897,432,1,3
1897,433,1,3
1897,434,1,3
1897,435,1,3
1897,436,1,3
1897,437,1,3
1897,438,1,3
1897,439,1,3
1897,440,1,3
1897,441,1,3
1897,442,1,3
1897,443,1,3
1897,444,1,3
1897,445,1,3
1897,446,1,3
1897,447,1,3
1897,448,1,3
1897,449,1,3
1897,450,1,3
1897,451,1,3
1897,452,1,3
1897,453,1,3
1897,454,1,3
1897,455,1,3
1897,456,1,3
1897,457,1,3
1897,458,1,3
1897,459,1,3
1897,460,1,3
1897,461,1,3
1897,462,1,3
1897,463,1,3
1897,464,1,3
1897,465,1,3
1897,466,1,3
1897,467,1,3
1897,468,1,3
1897,469,1,3
1897,470,1,3
1897,471,1,3
1897,472,1,3
1897,473,1,3
1897,474,1,3
1897,475,1,3
1897,476,1,3
1897,477,1,3
1897,478,1,3
1897,479,1,3
1897,480,1,3
1897,481,1,3
1897,482,1,3
1897,483,1,3
1897,484,1,3
1897,485,1,3
1897,486,1,3
1897,487,1,3
1897,488,1,3
1897,489,1,2
1897,490,1,2
1897,491,1,2
1897,492,1,2
1897,493,1,2
1897,494,1,2
1897,495,1,2
1897,496,1,2
1897,497,1,2
1897,498,1,2
1897,499,1,2
1897,500,1,2
1897,501,1,2
1897,502,1,2
1897,503,1,2
1897,504,1,2
1897,505,1,2
1897,506,1,2
1897,507,1,2
1897,508,1,2
1897,509,1,2
1897,510,1,2
1897,511,1,2
1897,512,1,2
1897,513,1,2
1897,514,1,2
1897,515,1,2
1897,516,1,2
1897,517,1,2
1897,518,1,2
1897,519,1,2
1897,520,1,2
1897,521,1,2
1897,522,1,2
1897,523,1,2
1897,524,1,2
1897,525,1,2
1897,526,1,2
1897,527,1,2
1897,528,1,2
1897,529,1,2
1897,530,1,2
1897,531,1,2
1897,532,1,2
1897,533,1,2
1897,534,1,2
1897,535,1,2
1897,536,1,2
1897,537,1,2
1897,538,1,2
1897,539,1,2
1897,540,1,2
1897,541,1,2
1897,542,1,2
1897,543,1,2
1897,544,1,2
1897,545,1,2
1897,546,1,2
1897,547,1,2
1897,548,1,2
1897,549,1,2
1897,550,1,2
1897,551,1,2
1897,552,1,2
1897,553,1,2
1897,554,1,2
1897,555,1,2
1897,556,1,2
1897,557,1,2
1897,558,1,2
1897,559,1,2
1897,560,1,2
1897,561,1,2
1897,562,1,2
1897,563,1,2
1897,564,1,2
1897,565,1,2
1897,566,1,2
1897,567,1,2
1897,568,1,2
1897,569,1,2
1897,570,1,2
1897,571,1,2
1897,572,1,2
1897,573,1,2
1897,574,1,2
1897,575,1,2
1897,576,1,2
1897,577,1,2
1897,578,1,2
1897,579,1,2
1897,580,1,2
1897,581,1,2
1897,582,1,2
1897,583,1,2
1897,584,1,2
1897,585,1,2
1897,586,1,2
1897,587,1,2
1897,588,1,2
1897,589,1,2
1897,590,1,2
1897,591,1,2
1897,592,1,2
1897,593,1,2
1897,594,1,2
1897,595,1,2
1897,596,1,2
1897,597,1,2
1897,598,1,2
1897,599,1,2
1897,600,1,2
1897,601,1,2
1897,602,1,2
1897,603,1,2
1897,604,1,2
1897,605,1,2
1897,606,1,2
1897,607,1,2
1897,608,1,2
1897,609,1,2
1897,610,1,2
1897,611,1,2
1897,612,1,2
1897,613,1,2
1897,614,1,2
1897,615,1,2
1897,616,1,2
1897,617,1,2
1897,618,1,2
1897,619,1,2
1897,620,1,2
1897,621,1,2
1897,622,1,2
1897,623,1,2
1897,624,1,2
1897,625,1,2
1897,626,1,2
1897,627,1,2
1897,628,1,2
1897,629,1,2
1897,630,1,2
1897,631,1,2
1897,632,1,2
1897,633,1,2
1897,634,1,2
1897,635,1,2
1897,636,1,2
1897,637,1,2
1897,638,1,2
1897,639,1,2
1897,640,1,2
1897,641,1,2
1897,642,1,2
1897,643,1,2
1897,644,1,2
1897,645,1,2
1897,646,1,2
1897,647,1,2
1897,648,1,2
1897,649,1,2
1897,650,1,2
1898,109,1,2
1898,110,1,2
1898,111,1,2
1898,112,1,2
1898,113,1,2
1898,114,1,2
1898,115,1,2
1898,116,1,2
1898,117,1,2
1898,118,1,2
1898,119,1,2
1898,120,1,2
1898,121,1,2
1898,122,1,3
1898,123,1,3
1898,124,1,2
1898,125,1,2
1898,126,1,2
1898,127,1,2
1898,128,1,2
1898,129,1,2
1898,130,1,2
1898,131,1,2
1898,132,1,2
1898,133,1,2
1898,134,1,2
1898,135,1,2
1898,136,1,2
1898,137,1,2
1898,138,1,2
1898,139,1,2
1898,140,1,2
1898,141,1,2
1898,142,1,2
1898,143,1,2
1898,144,1,2
1898,145,1,2
1898,146,1,2
1898,147,1,2
1898,148,1,2
1898,149,1,2
1898,150,1,2
1898,151,1,2
1898,152,1,2
1898,153,1,2
1898,154,1,2
1898,155,1,2
1898,156,1,2
1898,157,1,2
1898,158,1,2
1898,159,1,2
1898,160,1,2
1898,161,1,2
1898,162,1,2
1898,163,1,2
1898,164,1,2
1898,165,1,2
1898,166,1,2
1898,167,1,2
1898,168,1,2
1898,169,1,2
1898,170,1,2
1898,171,1,2
1898,172,1,2
1898,173,1,2
1898,174,1,2
1898,175,1,2
1898,176,1,2
1898,177,1,2
1898,178,1,2
1898,179,1,2
1898,180,1,2
1898,181,1,2
1898,182,1,2
1898,183,1,2
1898,184,1,2
1898,185,1,2
1898,186,1,2
1898,187,1,2
1898,188,1,2
1898,189,1,2
1898,190,1,2
1898,191,1,2
1898,192,1,2
1898,193,1,2
1898,194,1,2
1898,195,1,2
1898,196,1,2
1898,197,1,2
1898,198,1,2
1898,199,1,2
1898,200,1,2
1898,201,1,2
1898,202,1,2
1898,203,1,2
1898,204,1,2
1898,205,1,2
1898,206,1,2
1898,207,1,2
1898,208,1,2
1898,209,1,2
1898,210,1,2
1898,211,1,2
1898,212,1,2
1898,213,1,2
1898,214,1,2
1898,215,1,2
1898,216,1,2
1898,217,1,2
1898,218,1,2
1898,219,1,2
1898,220,1,2
1898,221,1,2
1898,222,1,2
1898,223,1,2
1898,224,1,2
1898,225,1,2
1898,226,1,2
1898,227,1,2
1898,228,1,2
1898,229,1,2
1898,230,1,2
1898,231,1,2
1898,232,1,2
1898,233,1,2
1898,234,1,2
1898,235,1,2
1898,236,1,2
1898,237,1,2
1898,238,1,2
1898,239,1,2
1898,240,1,2
1898,241,1,2
1898,242,1,2
1898,243,1,2
1898,244,1,2
1898,245,1,2
1898,246,1,2
1898,247,1,2
1898,248,1,2
1898,249,1,2
1898,250,1,2
1898,251,1,2
1898,252,1,2
1898,253,1,2
1898,254,1,2
1898,255,1,2
1898,256,1,2
1898,257,1,2
1898,258,1,2
1898,259,1,2
1898,260,1,2
1898,261,1,2
1898,262,1,2
1898,263,1,2
1898,264,1,2
1898,265,1,2
1898,266,1,2
1898,267,1,2
1898,268,1,2
1898,269,1,2
1898,270,1,2
1898,271,1,2
1898,272,1,2
1898,273,1,2
1898,274,1,2
1898,275,1,2
1898,276,1,2
1898,277,1,2
1898,278,1,2
1898,279,1,2
1898,280,1,2
1898,281,1,2
1898,282,1,2
1898,283,1,2
1898,284,1,2
1898,285,1,2
1898,286,1,2
1898,287,1,2
1898,288,1,2
1898,289,1,2
1898,290,1,2
1898,291,1,2
1898,292,1,2
1898,293,1,2
1898,294,1,2
1898,295,1,2
1898,296,1,2
1898,297,1,2
1898,298,1,2
1898,299,1,2
1898,300,1,2
1898,301,1,2
1898,302,1,2
1898,303,1,2
1898,304,1,2
1898,305,1,2
1898,306,1,2
1898,307,1,2
1898,308,1,2
1898,309,1,2
1898,310,1,2
1898,311,1,2
1898,312,1,2
1898,313,1,2
1898,314,1,2
1898,315,1,2
1898,316,1,2
1898,317,1,2
1898,318,1,2
1898,319,1,2
1898,320,1,2
1898,321,1,2
1898,322,1,2
1898,323,1,2
1898,324,1,2
1898,325,1,2
1898,326,1,2
1898,327,1,2
1898,328,1,2
1898,329,1,2
1898,330,1,2
1898,331,1,2
1898,332,1,2
1898,333,1,2
1898,334,1,2
1898,335,1,2
1898,336,1,2
1898,337,1,2
1898,338,1,2
1898,339,1,2
1898,340,1,2
1898,341,1,2
1898,342,1,2
1898,343,1,2
1898,344,1,2
1898,345,1,2
1898,346,1,2
1898,347,1,2
1898,348,1,2
1898,349,1,2
1898,350,1,2
1898,351,1,2
1898,352,1,2
1898,353,1,2
1898,354,1,2
1898,355,1,2
1898,356,1,2
1898,357,1,2
1898,358,1,2
1898,359,1,2
1898,360,1,2
1898,361,1,2
1898,362,1,2
1898,363,1,2
1898,364,1,2
1898,365,1,2
1898,366,1,2
1898,367,1,2
1898,368,1,2
1898,369,1,2
1898,370,1,2
1898,371,1,2
1898,372,1,2
1898,373,1,2
1898,374,1,2
1898,375,1,2
1898,376,1,2
1898,377,1,2
1898,378,1,2
1898,379,1,2
1898,380,1,2
1898,381,1,2
1898,382,1,2
1898,383,1,2
1898,384,1,2
1898,385,1,2
1898,386,1,2
1898,387,1,2
1898,388,1,2
1898,389,1,2
1898,390,1,2
1898,391,1,2
1898,392,1,2
1898,393,1,2
1898,394,1,2
1898,395,1,2
1898,396,1,2
1898,397,1,2
1898,398,1,2
1898,399,1,2
1898,400,1,2
1898,401,1,2
1898,402,1,2
1898,403,1,2
1898,404,1,2
1898,405,1,2
1898,406,1,2
1898,407,1,2
1898,408,1,2
1898,409,1,2
1898,410,1,2
1898,411,1,2
1898,412,1,2
1898,413,1,2
1898,414,1,2
1898,415,1,2
1898,416,1,2
1898,417,1,2
1898,418,1,2
1898,419,1,2
1898,420,1,2
1898,421,1,2
1898,422,1,2
1898,423,1,3
1898,424,1,3
1898,425,1,3
1898,426,1,3
1898,427,1,3
1898,428,1,3
1898,429,1,3
1898,430,1,3
1898,431,1,3
1898,432,1,3
1898,433,1,3
1898,434,1,3
1898,435,1,3
1898,436,1,3
1898,437,1,3
1898,438,1,3
1898,439,1,3
1898,440,1,3
1898,441,1,3
1898,442,1,3
1898,443,1,3
1898,444,1,3
1898,445,1,3
1898,446,1,3
1898,447,1,3
1898,448,1,3
1898,449,1,3
1898,450,1,3
1898,451,1,3
1898,452,1,3
1898,453,1,3
1898,454,1,3
1898,455,1,3
1898,456,1,3
1898,457,1,3
1898,458,1,3
1898,459,1,3
1898,460,1,3
1898,461,1,3
1898,462,1,3
1898,463,1,3
1898,464,1,3
1898,465,1,3
1898,466,1,3
1898,467,1,3
1898,468,1,3
1898,469,1,3
1898,470,1,3
1898,471,1,3
1898,472,1,3
1898,473,1,3
1898,474,1,3
1898,475,1,3
1898,476,1,3
1898,477,1,3
1898,478,1,3
1898,479,1,3
1898,480,1,3
1898,481,1,3
1898,482,1,3
1898,483,1,3
1898,484,1,3
1898,485,1,3
1898,486,1,3
1898,487,1,3
1898,488,1,3
1898,489,1,2
1898,490,1,2
1898,491,1,2
1898,492,1,2
1898,493,1,2
1898,494,1,2
1898,495,1,2
1898,496,1,2
1898,497,1,2
1898,498,1,2
1898,499,1,2
1898,500,1,2
1898,501,1,2
1898,502,1,2
1898,503,1,2
1898,504,1,2
1898,505,1,2
1898,506,1,2
1898,507,1,2
1898,508,1,2
1898,509,1,2
1898,510,1,2
1898,511,1,2
1898,512,1,2
1898,513,1,2
1898,514,1,2
1898,515,1,2
1898,516,1,2
1898,517,1,2
1898,518,1,2
1898,519,1,2
1898,520,1,2
1898,521,1,2
1898,522,1,2
1898,523,1,2
1898,524,1,2
1898,525,1,2
1898,526,1,2
1898,527,1,2
1898,528,1,2
1898,529,1,2
1898,530,1,2
1898,531,1,2
1898,532,1,2
1898,533,1,2
1898,534,1,2
1898,535,1,2
1898,536,1,2
1898,537,1,2
1898,538,1,2
1898,539,1,2
1898,540,1,2
1898,541,1,2
1898,542,1,2
1898,543,1,2
1898,544,1,2
1898,545,1,2
1898,546,1,2
1898,547,1,2
1898,548,1,2
1898,549,1,2
1898,550,1,2
1898,551,1,2
1898,552,1,2
1898,553,1,2
1898,554,1,2
1898,555,1,2
1898,556,1,2
1898,557,1,2
1898,558,1,2
1898,559,1,2
1898,560,1,2
1898,561,1,2
1898,562,1,2
1898,563,1,2
1898,564,1,2
1898,565,1,2
1898,566,1,2
1898,567,1,2
1898,568,1,2
1898,569,1,2
1898,570,1,2
1898,571,1,2
1898,572,1,2
1898,573,1,2
1898,574,1,2
1898,575,1,2
1898,576,1,2
1898,577,1,2
1898,578,1,2
1898,579,1,2
1898,580,1,2
1898,581,1,2
1898,582,1,2
1898,583,1,2
1898,584,1,2
1898,585,1,2
1898,586,1,2
1898,587,1,2
1898,588,1,2
1898,589,1,2
1898,590,1,2
1898,591,1,2
1898,592,1,2
1898,593,1,2
1898,594,1,2
1898,595,1,2
1898,596,1,2
1898,597,1,2
1898,598,1,2
1898,599,1,2
1898,600,1,2
1898,601,1,2
1898,602,1,2
1898,603,1,2
1898,604,1,2
1898,605,1,2
1898,606,1,2
1898,607,1,2
1898,608,1,2
1898,609,1,2
1898,610,1,2
1898,611,1,2
1898,612,1,2
1898,613,1,2
1898,614,1,2
1898,615,1,2
1898,616,1,2
1898,617,1,2
1898,618,1,2
1898,619,1,2
1898,620,1,2
1898,621,1,2
1898,622,1,2
1898,623,1,2
1898,624,1,2
1898,625,1,2
1898,626,1,2
1898,627,1,2
1898,628,1,2
1898,629,1,2
1898,630,1,2
1898,631,1,2
1898,632,1,2
1898,633,1,2
1898,634,1,2
1898,635,1,2
1898,636,1,2
1898,637,1,2
1898,638,1,2
1898,639,1,2
1898,640,1,2
1898,641,1,2
1898,642,1,2
1898,643,1,2
1898,644,1,2
1898,645,1,2
1898,646,1,2
1898,647,1,2
1898,648,1,2
1898,649,1,2
1898,650,1,2
1899,109,1,2
1899,110,1,2
1899,111,1,2
1899,112,1,2
1899,113,1,2
1899,114,1,2
1899,115,1,2
1899,116,1,2
1899,117,1,2
1899,118,1,2
1899,119,1,2
1899,120,1,2
1899,121,1,2
1899,122,1,2
1899,123,1,2
1899,124,1,2
1899,125,1,2
1899,126,1,2
1899,127,1,2
1899,128,1,2
1899,129,1,2
1899,130,1,2
1899,131,1,2
1899,132,1,2
1899,133,1,2
1899,134,1,2
1899,135,1,2
1899,136,1,2
1899,137,1,2
1899,138,1,2
1899,139,1,2
1899,140,1,2
1899,141,1,2
1899,142,1,2
1899,143,1,2
1899,144,1,2
1899,145,1,2
1899,146,1,2
1899,147,1,2
1899,148,1,2
1899,149,1,2
1899,150,1,2
1899,151,1,2
1899,152,1,2
1899,153,1,2
1899,154,1,2
1899,155,1,2
1899,156,1,2
1899,157,1,2
1899,158,1,2
1899,159,1,2
1899,160,1,2
1899,161,1,2
1899,162,1,2
1899,163,1,2
1899,164,1,2
1899,165,1,2
1899,166,1,2
1899,167,1,2
1899,168,1,2
1899,169,1,2
1899,170,1,2
1899,171,1,2
1899,172,1,2
1899,173,1,2
1899,174,1,2
1899,175,1,2
1899,176,1,2
1899,177,1,2
1899,178,1,2
1899,179,1,2
1899,180,1,2
1899,181,1,2
1899,182,1,2
1899,183,1,2
1899,184,1,2
1899,185,1,2
1899,186,1,2
1899,187,1,2
1899,188,1,2
1899,189,1,2
1899,190,1,2
1899,191,1,2
1899,192,1,2
1899,193,1,2
1899,194,1,2
1899,195,1,2
1899,196,1,2
1899,197,1,2
1899,198,1,2
1899,199,1,2
1899,200,1,2
1899,201,1,2
1899,202,1,2
1899,203,1,2
1899,204,1,2
1899,205,1,2
1899,206,1,2
1899,207,1,2
1899,208,1,2
1899,209,1,2
1899,210,1,2
1899,211,1,2
1899,212,1,2
1899,213,1,2
1899,214,1,2
1899,215,1,2
1899,216,1,2
1899,217,1,2
1899,218,1,2
1899,219,1,2
1899,220,1,2
1899,221,1,2
1899,222,1,2
1899,223,1,2
1899,224,1,2
1899,225,1,2
1899,226,1,2
1899,227,1,2
1899,228,1,2
1899,229,1,2
1899,230,1,2
1899,231,1,2
1899,232,1,2
1899,233,1,2
1899,234,1,2
1899,235,1,2
1899,236,1,2
1899,237,1,2
1899,238,1,2
1899,239,1,2
1899,240,1,2
1899,241,1,2
1899,242,1,2
1899,243,1,2
1899,244,1,2
1899,245,1,2
1899,246,1,2
1899,247,1,2
1899,248,1,2
1899,249,1,2
1899,250,1,2
1899,251,1,2
1899,252,1,2
1899,253,1,2
1899,254,1,2
1899,255,1,2
1899,256,1,2
1899,257,1,2
1899,258,1,2
1899,259,1,2
1899,260,1,2
1899,261,1,2
1899,262,1,2
1899,263,1,2
1899,264,1,2
1899,265,1,2
1899,266,1,2
1899,267,1,2
1899,268,1,2
1899,269,1,2
1899,270,1,2
1899,271,1,2
1899,272,1,2
1899,273,1,2
1899,274,1,2
1899,275,1,2
1899,276,1,2
1899,277,1,2
1899,278,1,2
1899,279,1,2
1899,280,1,2
1899,281,1,2
1899,282,1,2
1899,283,1,2
1899,284,1,2
1899,285,1,2
1899,286,1,2
1899,287,1,2
1899,288,1,2
1899,289,1,2
1899,290,1,2
1899,291,1,2
1899,292,1,2
1899,293,1,2
1899,294,1,2
1899,295,1,2
1899,296,1,2
1899,297,1,2
1899,298,1,2
1899,299,1,2
1899,300,1,2
1899,301,1,2
1899,302,1,2
1899,303,1,2
1899,304,1,2
1899,305,1,2
1899,306,1,2
1899,307,1,2
1899,308,1,2
1899,309,1,2
1899,310,1,2
1899,311,1,2
1899,312,1,2
1899,313,1,2
1899,314,1,2
1899,315,1,2
1899,316,1,2
1899,317,1,2
1899,318,1,2
1899,319,1,2
1899,320,1,2
1899,321,1,2
1899,322,1,2
1899,323,1,2
1899,324,1,2
1899,325,1,2
1899,326,1,2
1899,327,1,2
1899,328,1,2
1899,329,1,2
1899,330,1,2
1899,331,1,2
1899,332,1,2
1899,333,1,2
1899,334,1,2
1899,335,1,2
1899,336,1,2
1899,337,1,2
1899,338,1,2
1899,339,1,2
1899,340,1,2
1899,341,1,2
1899,342,1,2
1899,343,1,2
1899,344,1,2
1899,345,1,2
1899,346,1,2
1899,347,1,2
1899,348,1,2
1899,349,1,2
1899,350,1,2
1899,351,1,2
1899,352,1,2
1899,353,1,2
1899,354,1,2
1899,355,1,2
1899,356,1,2
1899,357,1,2
1899,358,1,2
1899,359,1,2
1899,360,1,2
1899,361,1,2
1899,362,1,2
1899,363,1,2
1899,364,1,2
1899,365,1,2
1899,366,1,2
1899,367,1,2
1899,368,1,2
1899,369,1,2
1899,370,1,2
1899,371,1,2
1899,372,1,2
1899,373,1,2
1899,374,1,2
1899,375,1,2
1899,376,1,2
1899,377,1,2
1899,378,1,2
1899,379,1,2
1899,380,1,2
1899,381,1,2
1899,382,1,2
1899,383,1,2
1899,384,1,2
1899,385,1,2
1899,386,1,2
1899,387,1,2
1899,388,1,2
1899,389,1,2
1899,390,1,2
1899,391,1,2
1899,392,1,2
1899,393,1,2
1899,394,1,2
1899,395,1,2
1899,396,1,2
1899,397,1,2
1899,398,1,2
1899,399,1,2
1899,400,1,2
1899,401,1,2
1899,402,1,2
1899,403,1,2
1899,404,1,2
1899,405,1,2
1899,406,1,2
1899,407,1,2
1899,408,1,2
1899,409,1,2
1899,410,1,2
1899,411,1,2
1899,412,1,2
1899,413,1,2
1899,414,1,2
1899,415,1,2
1899,416,1,2
1899,417,1,2
1899,418,1,2
1899,419,1,2
1899,420,1,2
1899,421,1,2
1899,422,1,2
1899,423,1,3
1899,424,1,3
1899,425,1,3
1899,426,1,3
1899,427,1,3
1899,428,1,3
1899,429,1,3
1899,430,1,3
1899,431,1,3
1899,432,1,3
1899,433,1,3
1899,434,1,3
1899,435,1,3
1899,436,1,3
1899,437,1,3
1899,438,1,3
1899,439,1,3
1899,440,1,3
1899,441,1,3
1899,442,1,3
1899,443,1,3
1899,444,1,3
1899,445,1,3
1899,446,1,3
1899,447,1,3
1899,448,1,3
1899,449,1,3
1899,450,1,3
1899,451,1,3
1899,452,1,3
1899,453,1,3
1899,454,1,3
1899,455,1,3
1899,456,1,3
1899,457,1,3
1899,458,1,3
1899,459,1,3
1899,460,1,3
1899,461,1,3
1899,462,1,3
1899,463,1,3
1899,464,1,3
1899,465,1,3
1899,466,1,3
1899,467,1,3
1899,468,1,3
1899,469,1,3
1899,470,1,3
1899,471,1,3
1899,472,1,3
1899,473,1,3
1899,474,1,3
1899,475,1,3
1899,476,1,3
1899,477,1,3
1899,478,1,3
1899,479,1,3
1899,480,1,3
1899,481,1,3
1899,482,1,3
1899,483,1,3
1899,484,1,3
1899,485,1,3
1899,486,1,3
1899,487,1,3
1899,488,1,3
1899,489,1,2
1899,490,1,2
1899,491,1,2
1899,492,1,2
1899,493,1,2
1899,494,1,2
1899,495,1,2
1899,496,1,2
1899,497,1,2
1899,498,1,2
1899,499,1,2
1899,500,1,2
1899,501,1,2
1899,502,1,2
1899,503,1,2
1899,504,1,2
1899,505,1,2
1899,506,1,2
1899,507,1,2
1899,508,1,2
1899,509,1,2
1899,510,1,2
1899,511,1,2
1899,512,1,2
1899,513,1,2
1899,514,1,2
1899,515,1,2
1899,516,1,2
1899,517,1,2
1899,518,1,2
1899,519,1,2
1899,520,1,2
1899,521,1,2
1899,522,1,2
1899,523,1,2
1899,524,1,2
1899,525,1,2
1899,526,1,2
1899,527,1,2
1899,528,1,2
1899,529,1,2
1899,530,1,2
1899,531,1,2
1899,532,1,2
1899,533,1,2
1899,534,1,2
1899,535,1,2
1899,536,1,2
1899,537,1,2
1899,538,1,2
1899,539,1,2
1899,540,1,2
1899,541,1,2
1899,542,1,2
1899,543,1,2
1899,544,1,2
1899,545,1,2
1899,546,1,2
1899,547,1,2
1899,548,1,2
1899,549,1,2
1899,550,1,2
1899,551,1,2
1899,552,1,2
1899,553,1,2
1899,554,1,2
1899,555,1,2
1899,556,1,2
1899,557,1,2
1899,558,1,2
1899,559,1,2
1899,560,1,2
1899,561,1,2
1899,562,1,2
1899,563,1,2
1899,564,1,2
1899,565,1,2
1899,566,1,2
1899,567,1,2
1899,568,1,2
1899,569,1,2
1899,570,1,2
1899,571,1,2
1899,572,1,2
1899,573,1,2
1899,574,1,2
1899,575,1,2
1899,576,1,2
1899,577,1,2
1899,578,1,2
1899,579,1,2
1899,580,1,2
1899,581,1,2
1899,582,1,2
1899,583,1,2
1899,584,1,2
1899,585,1,2
1899,586,1,2
1899,587,1,2
1899,588,1,2
1899,589,1,2
1899,590,1,2
1899,591,1,2
1899,592,1,2
1899,593,1,2
1899,594,1,2
1899,595,1,2
1899,596,1,2
1899,597,1,2
1899,598,1,2
1899,599,1,2
1899,600,1,2
1899,601,1,2
1899,602,1,2
1899,603,1,2
1899,604,1,2
1899,605,1,2
1899,606,1,2
1899,607,1,2
1899,608,1,2
1899,609,1,2
1899,610,1,2
1899,611,1,2
1899,612,1,2
1899,613,1,2
1899,614,1,2
1899,615,1,2
1899,616,1,2
1899,617,1,2
1899,618,1,2
1899,619,1,2
1899,620,1,2
1899,621,1,2
1899,622,1,2
1899,623,1,2
1899,624,1,2
1899,625,1,2
1899,626,1,2
1899,627,1,2
1899,628,1,2
1899,629,1,2
1899,630,1,2
1899,631,1,2
1899,632,1,2
1899,633,1,2
1899,634,1,2
1899,635,1,2
1899,636,1,2
1899,637,1,2
1899,638,1,2
1899,639,1,2
1899,640,1,2
1899,641,1,2
1899,642,1,2
1899,643,1,2
1899,644,1,2
1899,645,1,2
1899,646,1,2
1899,647,1,2
1899,650,1,2
1900,109,1,2
1900,110,1,2
1900,111,1,2
1900,112,1,2
1900,113,1,2
1900,114,1,2
1900,115,1,2
1900,116,1,2
1900,117,1,2
1900,118,1,2
1900,119,1,2
1900,120,1,2
1900,121,1,2
1900,122,1,2
1900,123,1,2
1900,124,1,2
1900,125,1,2
1900,126,1,2
1900,127,1,2
1900,128,1,2
1900,129,1,2
1900,130,1,2
1900,131,1,2
1900,132,1,2
1900,133,1,2
1900,134,1,2
1900,135,1,2
1900,136,1,2
1900,137,1,2
1900,138,1,2
1900,139,1,2
1900,140,1,2
1900,141,1,2
1900,142,1,2
1900,143,1,2
1900,144,1,2
1900,145,1,2
1900,146,1,2
1900,147,1,2
1900,148,1,2
1900,149,1,2
1900,150,1,2
1900,151,1,2
1900,152,1,2
1900,153,1,2
1900,154,1,2
1900,155,1,2
1900,156,1,2
1900,157,1,2
1900,158,1,2
1900,159,1,2
1900,160,1,2
1900,161,1,2
1900,162,1,2
1900,163,1,2
1900,164,1,2
1900,165,1,2
1900,166,1,2
1900,167,1,2
1900,168,1,2
1900,169,1,2
1900,170,1,2
1900,171,1,2
1900,172,1,2
1900,173,1,2
1900,174,1,2
1900,175,1,2
1900,176,1,2
1900,177,1,2
1900,178,1,2
1900,179,1,2
1900,180,1,2
1900,181,1,2
1900,182,1,2
1900,183,1,2
1900,184,1,2
1900,185,1,2
1900,186,1,2
1900,187,1,2
1900,188,1,2
1900,189,1,2
1900,190,1,2
1900,191,1,2
1900,192,1,2
1900,193,1,2
1900,194,1,2
1900,195,1,2
1900,196,1,2
1900,197,1,2
1900,198,1,2
1900,199,1,2
1900,200,1,2
1900,201,1,2
1900,202,1,2
1900,203,1,2
1900,204,1,2
1900,205,1,2
1900,206,1,2
1900,207,1,2
1900,208,1,2
1900,209,1,2
1900,210,1,2
1900,211,1,2
1900,212,1,2
1900,213,1,2
1900,214,1,2
1900,215,1,2
1900,216,1,2
1900,217,1,2
1900,218,1,2
1900,219,1,2
1900,220,1,2
1900,221,1,2
1900,222,1,2
1900,223,1,2
1900,224,1,2
1900,225,1,2
1900,226,1,2
1900,227,1,2
1900,228,1,2
1900,229,1,2
1900,230,1,2
1900,231,1,2
1900,232,1,2
1900,233,1,2
1900,234,1,2
1900,235,1,2
1900,236,1,2
1900,237,1,2
1900,238,1,2
1900,239,1,2
1900,240,1,2
1900,241,1,2
1900,242,1,2
1900,243,1,2
1900,244,1,2
1900,245,1,2
1900,246,1,2
1900,247,1,2
1900,248,1,2
1900,249,1,2
1900,250,1,2
1900,251,1,2
1900,252,1,2
1900,253,1,2
1900,254,1,2
1900,255,1,2
1900,256,1,2
1900,257,1,2
1900,258,1,2
1900,259,1,2
1900,260,1,2
1900,261,1,2
1900,262,1,2
1900,263,1,2
1900,264,1,2
1900,265,1,2
1900,266,1,2
1900,267,1,2
1900,268,1,2
1900,269,1,2
1900,270,1,2
1900,271,1,2
1900,272,1,2
1900,273,1,2
1900,274,1,2
1900,275,1,2
1900,276,1,2
1900,277,1,2
1900,278,1,2
1900,279,1,2
1900,280,1,2
1900,281,1,2
1900,282,1,2
1900,283,1,2
1900,284,1,2
1900,285,1,2
1900,286,1,2
1900,287,1,2
1900,288,1,2
1900,289,1,2
1900,290,1,2
1900,291,1,2
1900,292,1,2
1900,293,1,2
1900,294,1,2
1900,295,1,2
1900,296,1,2
1900,297,1,2
1900,298,1,2
1900,299,1,2
1900,300,1,2
1900,301,1,2
1900,302,1,2
1900,303,1,2
1900,304,1,2
1900,305,1,2
1900,306,1,2
1900,307,1,2
1900,308,1,2
1900,309,1,2
1900,310,1,2
1900,311,1,2
1900,312,1,2
1900,313,1,2
1900,314,1,2
1900,315,1,2
1900,316,1,2
1900,317,1,2
1900,318,1,2
1900,319,1,2
1900,320,1,2
1900,321,1,2
1900,322,1,2
1900,323,1,2
1900,324,1,2
1900,325,1,2
1900,326,1,2
1900,327,1,2
1900,328,1,2
1900,329,1,2
1900,330,1,2
1900,331,1,2
1900,332,1,2
1900,333,1,2
1900,334,1,2
1900,335,1,2
1900,336,1,2
1900,337,1,2
1900,338,1,2
1900,339,1,2
1900,340,1,2
1900,341,1,2
1900,342,1,2
1900,343,1,2
1900,344,1,2
1900,345,1,2
1900,346,1,2
1900,347,1,2
1900,348,1,2
1900,349,1,2
1900,350,1,2
1900,351,1,2
1900,352,1,2
1900,353,1,2
1900,354,1,2
1900,355,1,2
1900,356,1,2
1900,357,1,2
1900,358,1,2
1900,359,1,2
1900,360,1,2
1900,361,1,2
1900,362,1,2
1900,363,1,2
1900,364,1,2
1900,365,1,2
1900,366,1,2
1900,367,1,2
1900,368,1,2
1900,369,1,2
1900,370,1,2
1900,371,1,2
1900,372,1,2
1900,373,1,2
1900,374,1,2
1900,375,1,2
1900,376,1,2
1900,377,1,2
1900,378,1,2
1900,379,1,2
1900,380,1,2
1900,381,1,2
1900,382,1,2
1900,383,1,2
1900,384,1,2
1900,385,1,2
1900,386,1,2
1900,387,1,2
1900,388,1,2
1900,389,1,2
1900,390,1,2
1900,391,1,2
1900,392,1,2
1900,393,1,2
1900,394,1,2
1900,395,1,2
1900,396,1,2
1900,397,1,2
1900,398,1,2
1900,399,1,2
1900,400,1,2
1900,401,1,2
1900,402,1,2
1900,403,1,2
1900,404,1,2
1900,405,1,2
1900,406,1,2
1900,407,1,2
1900,408,1,2
1900,409,1,2
1900,410,1,2
1900,411,1,2
1900,412,1,2
1900,413,1,2
1900,414,1,2
1900,415,1,2
1900,416,1,2
1900,417,1,2
1900,418,1,2
1900,419,1,2
1900,420,1,2
1900,421,1,2
1900,422,1,2
1900,423,1,3
1900,424,1,3
1900,425,1,3
1900,426,1,3
1900,427,1,3
1900,428,1,3
1900,429,1,3
1900,430,1,3
1900,431,1,3
1900,432,1,3
1900,433,1,3
1900,434,1,3
1900,435,1,3
1900,436,1,3
1900,437,1,3
1900,438,1,3
1900,439,1,3
1900,440,1,3
1900,441,1,3
1900,442,1,3
1900,443,1,3
1900,444,1,3
1900,445,1,3
1900,446,1,3
1900,447,1,3
1900,448,1,3
1900,449,1,3
1900,450,1,3
1900,451,1,3
1900,452,1,3
1900,453,1,3
1900,454,1,3
1900,455,1,3
1900,456,1,3
1900,457,1,3
1900,458,1,3
1900,459,1,3
1900,460,1,3
1900,461,1,3
1900,462,1,3
1900,463,1,3
1900,464,1,3
1900,465,1,3
1900,466,1,3
1900,467,1,3
1900,468,1,3
1900,469,1,3
1900,470,1,3
1900,471,1,3
1900,472,1,3
1900,473,1,3
1900,474,1,3
1900,475,1,3
1900,476,1,3
1900,477,1,3
1900,478,1,3
1900,479,1,3
1900,480,1,3
1900,481,1,3
1900,482,1,3
1900,483,1,3
1900,484,1,3
1900,485,1,3
1900,486,1,3
1900,487,1,3
1900,488,1,2
1900,489,1,2
1900,490,1,2
1900,491,1,2
1900,492,1,2
1900,493,1,2
1900,494,1,2
1900,495,1,2
1900,496,1,2
1900,497,1,2
1900,498,1,2
1900,499,1,2
1900,500,1,2
1900,501,1,2
1900,502,1,2
1900,503,1,2
1900,504,1,2
1900,505,1,2
1900,506,1,2
1900,507,1,2
1900,508,1,2
1900,509,1,2
1900,510,1,2
1900,511,1,2
1900,512,1,2
1900,513,1,2
1900,514,1,2
1900,515,1,2
1900,516,1,2
1900,517,1,2
1900,518,1,2
1900,519,1,2
1900,520,1,2
1900,521,1,2
1900,522,1,2
1900,523,1,2
1900,524,1,2
1900,525,1,2
1900,526,1,2
1900,527,1,2
1900,528,1,2
1900,529,1,2
1900,530,1,2
1900,531,1,2
1900,532,1,2
1900,533,1,2
1900,534,1,2
1900,535,1,2
1900,536,1,2
1900,537,1,2
1900,538,1,2
1900,539,1,2
1900,540,1,2
1900,541,1,2
1900,542,1,2
1900,543,1,2
1900,544,1,2
1900,545,1,2
1900,546,1,2
1900,547,1,2
1900,548,1,2
1900,549,1,2
1900,550,1,2
1900,551,1,2
1900,552,1,2
1900,553,1,2
1900,554,1,2
1900,555,1,2
1900,556,1,2
1900,557,1,2
1900,558,1,2
1900,559,1,2
1900,560,1,2
1900,561,1,2
1900,562,1,2
1900,563,1,2
1900,564,1,2
1900,565,1,2
1900,566,1,2
1900,567,1,2
1900,568,1,2
1900,569,1,2
1900,570,1,2
1900,571,1,2
1900,572,1,2
1900,573,1,2
1900,574,1,2
1900,575,1,2
1900,576,1,2
1900,577,1,2
1900,578,1,2
1900,579,1,2
1900,580,1,2
1900,581,1,2
1900,582,1,2
1900,583,1,2
1900,584,1,2
1900,585,1,2
1900,586,1,2
1900,587,1,2
1900,588,1,2
1900,589,1,2
1900,590,1,2
1900,591,1,2
1900,592,1,2
1900,593,1,2
1900,594,1,2
1900,595,1,2
1900,596,1,2
1900,597,1,2
1900,598,1,2
1900,599,1,2
1900,600,1,2
1900,601,1,2
1900,602,1,2
1900,603,1,2
1900,604,1,2
1900,605,1,2
1900,606,1,2
1900,607,1,2
1900,608,1,2
1900,609,1,2
1900,610,1,2
1900,611,1,2
1900,612,1,2
1900,613,1,2
1900,614,1,2
1900,615,1,2
1900,616,1,2
1900,617,1,2
1900,618,1,2
1900,619,1,2
1900,620,1,2
1900,621,1,2
1900,622,1,2
1900,623,1,2
1900,624,1,2
1900,625,1,2
1900,626,1,2
1900,627,1,2
1900,628,1,2
1900,629,1,2
1900,630,1,2
1900,631,1,2
1900,632,1,2
1900,633,1,2
1900,634,1,2
1900,635,1,2
1900,636,1,2
1900,637,1,2
1900,638,1,2
1900,639,1,2
1900,640,1,2
1900,641,1,2
1900,642,1,2
1900,643,1,2
1900,644,1,2
1900,645,1,2
1900,646,1,2
1900,647,1,2
1901,109,1,2
1901,110,1,2
1901,111,1,2
1901,112,1,2
1901,113,1,2
1901,114,1,2
1901,115,1,2
1901,116,1,2
1901,117,1,2
1901,118,1,2
1901,119,1,2
1901,120,1,2
1901,121,1,2
1901,122,1,2
1901,123,1,2
1901,124,1,2
1901,125,1,2
1901,126,1,2
1901,127,1,2
1901,128,1,2
1901,129,1,2
1901,130,1,2
1901,131,1,2
1901,132,1,2
1901,133,1,2
1901,134,1,2
1901,135,1,2
1901,136,1,2
1901,137,1,2
1901,138,1,2
1901,139,1,2
1901,140,1,2
1901,141,1,2
1901,142,1,2
1901,143,1,2
1901,144,1,2
1901,145,1,2
1901,146,1,2
1901,147,1,2
1901,148,1,2
1901,149,1,2
1901,150,1,2
1901,151,1,2
1901,152,1,2
1901,153,1,2
1901,154,1,2
1901,155,1,2
1901,156,1,2
1901,157,1,2
1901,158,1,2
1901,159,1,2
1901,160,1,2
1901,161,1,2
1901,162,1,2
1901,163,1,2
1901,164,1,2
1901,165,1,2
1901,166,1,2
1901,167,1,2
1901,168,1,2
1901,169,1,2
1901,170,1,2
1901,171,1,2
1901,172,1,2
1901,173,1,2
1901,174,1,2
1901,175,1,2
1901,176,1,2
1901,177,1,2
1901,178,1,2
1901,179,1,2
1901,180,1,2
1901,181,1,2
1901,182,1,2
1901,183,1,2
1901,184,1,2
1901,185,1,2
1901,186,1,2
1901,187,1,2
1901,188,1,2
1901,189,1,2
1901,190,1,2
1901,191,1,2
1901,192,1,2
1901,193,1,2
1901,194,1,2
1901,195,1,2
1901,196,1,2
1901,197,1,2
1901,198,1,2
1901,199,1,2
1901,200,1,2
1901,201,1,2
1901,202,1,2
1901,203,1,2
1901,204,1,2
1901,205,1,2
1901,206,1,2
1901,207,1,2
1901,208,1,2
1901,209,1,2
1901,210,1,2
1901,211,1,2
1901,212,1,2
1901,213,1,2
1901,214,1,2
1901,215,1,2
1901,216,1,2
1901,217,1,2
1901,218,1,2
1901,219,1,2
1901,220,1,2
1901,221,1,2
1901,222,1,2
1901,223,1,2
1901,224,1,2
1901,225,1,2
1901,226,1,2
1901,227,1,2
1901,228,1,2
1901,229,1,2
1901,230,1,2
1901,231,1,2
1901,232,1,2
1901,233,1,2
1901,234,1,2
1901,235,1,2
1901,236,1,2
1901,237,1,2
1901,238,1,2
1901,239,1,2
1901,240,1,2
1901,241,1,2
1901,242,1,2
1901,243,1,2
1901,244,1,2
1901,245,1,2
1901,246,1,2
1901,247,1,2
1901,248,1,2
1901,249,1,2
1901,250,1,2
1901,251,1,2
1901,252,1,2
1901,253,1,2
1901,254,1,2
1901,255,1,2
1901,256,1,2
1901,257,1,2
1901,258,1,2
1901,259,1,2
1901,260,1,2
1901,261,1,2
1901,262,1,2
1901,263,1,2
1901,264,1,2
1901,265,1,2
1901,266,1,2
1901,267,1,2
1901,268,1,2
1901,269,1,2
1901,270,1,2
1901,271,1,2
1901,272,1,2
1901,273,1,2
1901,274,1,2
1901,275,1,2
1901,276,1,2
1901,277,1,2
1901,278,1,2
1901,279,1,2
1901,280,1,2
1901,281,1,2
1901,282,1,2
1901,283,1,2
1901,284,1,2
1901,285,1,2
1901,286,1,2
1901,287,1,2
1901,288,1,2
1901,289,1,2
1901,290,1,2
1901,291,1,2
1901,292,1,2
1901,293,1,2
1901,294,1,2
1901,295,1,2
1901,296,1,2
1901,297,1,2
1901,298,1,2
1901,299,1,2
1901,300,1,2
1901,301,1,2
1901,302,1,2
1901,303,1,2
1901,304,1,2
1901,305,1,2
1901,306,1,2
1901,307,1,2
1901,308,1,2
1901,309,1,2
1901,310,1,2
1901,311,1,2
1901,312,1,2
1901,313,1,2
1901,314,1,2
1901,315,1,2
1901,316,1,2
1901,317,1,2
1901,318,1,2
1901,319,1,2
1901,320,1,2
1901,321,1,2
1901,322,1,2
1901,323,1,2
1901,324,1,2
1901,325,1,2
1901,326,1,2
1901,327,1,2
1901,328,1,2
1901,329,1,2
1901,330,1,2
1901,331,1,2
1901,332,1,2
1901,333,1,2
1901,334,1,2
1901,335,1,2
1901,336,1,2
1901,337,1,2
1901,338,1,2
1901,339,1,2
1901,340,1,2
1901,341,1,2
1901,342,1,2
1901,343,1,2
1901,344,1,2
1901,345,1,2
1901,346,1,2
1901,347,1,2
1901,348,1,2
1901,349,1,2
1901,350,1,2
1901,351,1,2
1901,352,1,2
1901,353,1,2
1901,354,1,2
1901,355,1,2
1901,356,1,2
1901,357,1,2
1901,358,1,2
1901,359,1,2
1901,360,1,2
1901,361,1,2
1901,362,1,2
1901,363,1,2
1901,364,1,2
1901,365,1,2
1901,366,1,2
1901,367,1,2
1901,368,1,2
1901,369,1,2
1901,370,1,2
1901,371,1,2
1901,372,1,2
1901,373,1,2
1901,374,1,2
1901,375,1,2
1901,376,1,2
1901,377,1,2
1901,378,1,2
1901,379,1,2
1901,380,1,2
1901,381,1,2
1901,382,1,2
1901,383,1,2
1901,384,1,2
1901,385,1,2
1901,386,1,2
1901,387,1,2
1901,388,1,2
1901,389,1,2
1901,390,1,2
1901,391,1,2
1901,392,1,2
1901,393,1,2
1901,394,1,2
1901,395,1,2
1901,396,1,2
1901,397,1,2
1901,398,1,2
1901,399,1,2
1901,400,1,2
1901,401,1,2
1901,402,1,2
1901,403,1,2
1901,404,1,2
1901,405,1,2
1901,406,1,2
1901,407,1,2
1901,408,1,2
1901,409,1,2
1901,410,1,2
1901,411,1,2
1901,412,1,2
1901,413,1,2
1901,414,1,2
1901,415,1,2
1901,416,1,2
1901,417,1,2
1901,418,1,2
1901,419,1,2
1901,420,1,2
1901,421,1,2
1901,422,1,3
1901,423,1,3
1901,424,1,3
1901,425,1,3
1901,426,1,3
1901,427,1,3
1901,428,1,3
1901,429,1,3
1901,430,1,3
1901,431,1,3
1901,432,1,3
1901,433,1,3
1901,434,1,3
1901,435,1,3
1901,436,1,3
1901,437,1,3
1901,438,1,3
1901,439,1,3
1901,440,1,3
1901,441,1,3
1901,442,1,3
1901,443,1,3
1901,444,1,3
1901,445,1,3
1901,446,1,3
1901,447,1,3
1901,448,1,3
1901,449,1,3
1901,450,1,3
1901,451,1,3
1901,452,1,3
1901,453,1,3
1901,454,1,3
1901,455,1,3
1901,456,1,3
1901,457,1,3
1901,458,1,3
1901,459,1,3
1901,460,1,3
1901,461,1,3
1901,462,1,3
1901,463,1,3
1901,464,1,3
1901,465,1,3
1901,466,1,3
1901,467,1,3
1901,468,1,3
1901,469,1,3
1901,470,1,3
1901,471,1,3
1901,472,1,3
1901,473,1,3
1901,474,1,3
1901,475,1,3
1901,476,1,3
1901,477,1,3
1901,478,1,3
1901,479,1,3
1901,480,1,3
1901,481,1,3
1901,482,1,3
1901,483,1,3
1901,484,1,3
1901,485,1,3
1901,486,1,3
1901,487,1,3
1901,488,1,2
1901,489,1,2
1901,490,1,2
1901,491,1,2
1901,492,1,2
1901,493,1,2
1901,494,1,2
1901,495,1,2
1901,496,1,2
1901,497,1,2
1901,498,1,2
1901,499,1,2
1901,500,1,2
1901,501,1,2
1901,502,1,2
1901,503,1,2
1901,504,1,2
1901,505,1,2
1901,506,1,2
1901,507,1,2
1901,508,1,2
1901,509,1,2
1901,510,1,2
1901,511,1,2
1901,512,1,2
1901,513,1,2
1901,514,1,2
1901,515,1,2
1901,516,1,2
1901,517,1,2
1901,518,1,2
1901,519,1,2
1901,520,1,2
1901,521,1,2
1901,522,1,2
1901,523,1,2
1901,524,1,2
1901,525,1,2
1901,526,1,2
1901,527,1,2
1901,528,1,2
1901,529,1,2
1901,530,1,2
1901,531,1,2
1901,532,1,2
1901,533,1,2
1901,534,1,2
1901,535,1,2
1901,536,1,2
1901,537,1,2
1901,538,1,2
1901,539,1,2
1901,540,1,2
1901,541,1,2
1901,542,1,2
1901,543,1,2
1901,544,1,2
1901,545,1,2
1901,546,1,2
1901,547,1,2
1901,548,1,2
1901,549,1,2
1901,550,1,2
1901,551,1,2
1901,552,1,2
1901,553,1,2
1901,554,1,2
1901,555,1,2
1901,556,1,2
1901,557,1,2
1901,558,1,2
1901,559,1,2
1901,560,1,2
1901,561,1,2
1901,562,1,2
1901,563,1,2
1901,564,1,2
1901,565,1,2
1901,566,1,2
1901,567,1,2
1901,568,1,2
1901,569,1,2
1901,570,1,2
1901,571,1,2
1901,572,1,2
1901,573,1,2
1901,574,1,2
1901,575,1,2
1901,576,1,2
1901,577,1,2
1901,578,1,2
1901,579,1,2
1901,580,1,2
1901,581,1,2
1901,582,1,2
1901,583,1,2
1901,584,1,2
1901,585,1,2
1901,586,1,2
1901,587,1,2
1901,588,1,2
1901,589,1,2
1901,590,1,2
1901,591,1,2
1901,592,1,2
1901,593,1,2
1901,594,1,2
1901,595,1,2
1901,596,1,2
1901,597,1,2
1901,598,1,2
1901,599,1,2
1901,600,1,2
1901,601,1,2
1901,602,1,2
1901,603,1,2
1901,604,1,2
1901,605,1,2
1901,606,1,2
1901,607,1,2
1901,608,1,2
1901,609,1,2
1901,610,1,2
1901,611,1,2
1901,612,1,2
1901,613,1,2
1901,614,1,2
1901,615,1,2
1901,616,1,2
1901,617,1,2
1901,618,1,2
1901,619,1,2
1901,620,1,2
1901,621,1,2
1901,622,1,2
1901,623,1,2
1901,624,1,2
1901,625,1,2
1901,626,1,2
1901,627,1,2
1901,628,1,2
1901,629,1,2
1901,630,1,2
1901,631,1,2
1901,632,1,2
1901,633,1,2
1901,634,1,2
1901,635,1,2
1901,636,1,2
1901,637,1,2
1901,638,1,2
1901,639,1,2
1901,640,1,2
1901,641,1,2
1901,642,1,2
1901,643,1,2
1901,644,1,2
1901,645,1,2
1901,646,1,2
1901,647,1,2
1902,108,1,2
1902,109,1,2
1902,110,1,2
1902,111,1,2
1902,112,1,2
1902,113,1,2
1902,114,1,2
1902,115,1,2
1902,116,1,2
1902,117,1,2
1902,118,1,2
1902,119,1,2
1902,120,1,2
1902,121,1,2
1902,122,1,2
1902,123,1,2
1902,124,1,2
1902,125,1,2
1902,126,1,2
1902,127,1,2
1902,128,1,2
1902,129,1,2
1902,130,1,2
1902,131,1,2
1902,132,1,2
1902,133,1,2
1902,134,1,2
1902,135,1,2
1902,136,1,2
1902,137,1,2
1902,138,1,2
1902,139,1,2
1902,140,1,2
1902,141,1,2
1902,142,1,2
1902,143,1,2
1902,144,1,2
1902,145,1,2
1902,146,1,2
1902,147,1,2
1902,148,1,2
1902,149,1,2
1902,150,1,2
1902,151,1,2
1902,152,1,2
1902,153,1,2
1902,154,1,2
1902,155,1,2
1902,156,1,2
1902,157,1,2
1902,158,1,2
1902,159,1,2
1902,160,1,2
1902,161,1,2
1902,162,1,2
1902,163,1,2
1902,164,1,2
1902,165,1,2
1902,166,1,2
1902,167,1,2
1902,168,1,2
1902,169,1,2
1902,170,1,2
1902,171,1,2
1902,172,1,2
1902,173,1,2
1902,174,1,2
1902,175,1,2
1902,176,1,2
1902,177,1,2
1902,178,1,2
1902,179,1,2
1902,180,1,2
1902,181,1,2
1902,182,1,2
1902,183,1,2
1902,184,1,2
1902,185,1,2
1902,186,1,2
1902,187,1,2
1902,188,1,2
1902,189,1,2
1902,190,1,2
1902,191,1,2
1902,192,1,2
1902,193,1,2
1902,194,1,2
1902,195,1,2
1902,196,1,2
1902,197,1,2
1902,198,1,2
1902,199,1,2
1902,200,1,2
1902,201,1,2
1902,202,1,2
1902,203,1,2
1902,204,1,2
1902,205,1,2
1902,206,1,2
1902,207,1,2
1902,208,1,2
1902,209,1,2
1902,210,1,2
1902,211,1,2
1902,212,1,2
1902,213,1,2
1902,214,1,2
1902,215,1,2
1902,216,1,2
1902,217,1,2
1902,218,1,2
1902,219,1,2
1902,220,1,2
1902,221,1,2
1902,222,1,2
1902,223,1,2
1902,224,1,2
1902,225,1,2
1902,226,1,2
1902,227,1,2
1902,228,1,2
1902,229,1,2
1902,230,1,2
1902,231,1,2
1902,232,1,2
1902,233,1,2
1902,234,1,2
1902,235,1,2
1902,236,1,2
1902,237,1,2
1902,238,1,2
1902,239,1,2
1902,240,1,2
1902,241,1,2
1902,242,1,2
1902,243,1,2
1902,244,1,2
1902,245,1,2
1902,246,1,2
1902,247,1,2
1902,248,1,2
1902,249,1,2
1902,250,1,2
1902,251,1,2
1902,252,1,2
1902,253,1,2
1902,254,1,2
1902,255,1,2
1902,256,1,2
1902,257,1,2
1902,258,1,2
1902,259,1,2
1902,260,1,2
1902,261,1,2
1902,262,1,2
1902,263,1,2
1902,264,1,2
1902,265,1,2
1902,266,1,2
1902,267,1,2
1902,268,1,2
1902,269,1,2
1902,270,1,2
1902,271,1,2
1902,272,1,2
1902,273,1,2
1902,274,1,2
1902,275,1,2
1902,276,1,2
1902,277,1,2
1902,278,1,2
1902,279,1,2
1902,280,1,2
1902,281,1,2
1902,282,1,2
1902,283,1,2
1902,284,1,2
1902,285,1,2
1902,286,1,2
1902,287,1,2
1902,288,1,2
1902,289,1,2
1902,290,1,2
1902,291,1,2
1902,292,1,2
1902,293,1,2
1902,294,1,2
1902,295,1,2
1902,296,1,2
1902,297,1,2
1902,298,1,2
1902,299,1,2
1902,300,1,2
1902,301,1,2
1902,302,1,2
1902,303,1,2
1902,304,1,2
1902,305,1,2
1902,306,1,2
1902,307,1,2
1902,308,1,2
1902,309,1,2
1902,310,1,2
1902,311,1,2
1902,312,1,2
1902,313,1,2
1902,314,1,2
1902,315,1,2
1902,316,1,2
1902,317,1,2
1902,318,1,2
1902,319,1,2
1902,320,1,2
1902,321,1,2
1902,322,1,2
1902,323,1,2
1902,324,1,2
1902,325,1,2
1902,326,1,2
1902,327,1,2
1902,328,1,2
1902,329,1,2
1902,330,1,2
1902,331,1,2
1902,332,1,2
1902,333,1,2
1902,334,1,2
1902,335,1,2
1902,336,1,2
1902,337,1,2
1902,338,1,2
1902,339,1,2
1902,340,1,2
1902,341,1,2
1902,342,1,2
1902,343,1,2
1902,344,1,2
1902,345,1,2
1902,346,1,2
1902,347,1,2
1902,348,1,2
1902,349,1,2
1902,350,1,2
1902,351,1,2
1902,352,1,2
1902,353,1,2
1902,354,1,2
1902,355,1,2
1902,356,1,2
1902,357,1,2
1902,358,1,2
1902,359,1,2
1902,360,1,2
1902,361,1,2
1902,362,1,2
1902,363,1,2
1902,364,1,2
1902,365,1,2
1902,366,1,2
1902,367,1,2
1902,368,1,2
1902,369,1,2
1902,370,1,2
1902,371,1,2
1902,372,1,2
1902,373,1,2
1902,374,1,2
1902,375,1,2
1902,376,1,2
1902,377,1,2
1902,378,1,2
1902,379,1,2
1902,380,1,2
1902,381,1,2
1902,382,1,2
1902,383,1,2
1902,384,1,2
1902,385,1,2
1902,386,1,2
1902,387,1,2
1902,388,1,2
1902,389,1,2
1902,390,1,2
1902,391,1,2
1902,392,1,2
1902,393,1,2
1902,394,1,2
1902,395,1,2
1902,396,1,2
1902,397,1,2
1902,398,1,2
1902,399,1,2
1902,400,1,2
1902,401,1,2
1902,402,1,2
1902,403,1,2
1902,404,1,2
1902,405,1,2
1902,406,1,2
1902,407,1,2
1902,408,1,2
1902,409,1,2
1902,410,1,2
1902,411,1,2
1902,412,1,2
1902,413,1,2
1902,414,1,2
1902,415,1,2
1902,416,1,2
1902,417,1,2
1902,418,1,2
1902,419,1,2
1902,420,1,2
1902,421,1,2
1902,422,1,3
1902,423,1,3
1902,424,1,3
1902,425,1,3
1902,426,1,3
1902,427,1,3
1902,428,1,3
1902,429,1,3
1902,430,1,3
1902,431,1,3
1902,432,1,3
1902,433,1,3
1902,434,1,3
1902,435,1,3
1902,436,1,3
1902,437,1,3
1902,438,1,3
1902,439,1,3
1902,440,1,3
1902,441,1,3
1902,442,1,3
1902,443,1,3
1902,444,1,3
1902,445,1,3
1902,446,1,3
1902,447,1,3
1902,448,1,3
1902,449,1,3
1902,450,1,3
1902,451,1,3
1902,452,1,3
1902,453,1,3
1902,454,1,3
1902,455,1,3
1902,456,1,3
1902,457,1,3
1902,458,1,3
1902,459,1,3
1902,460,1,3
1902,461,1,3
1902,462,1,3
1902,463,1,3
1902,464,1,3
1902,465,1,3
1902,466,1,3
1902,467,1,3
1902,468,1,3
1902,469,1,3
1902,470,1,3
1902,471,1,3
1902,472,1,3
1902,473,1,3
1902,474,1,3
1902,475,1,3
1902,476,1,3
1902,477,1,3
1902,478,1,3
1902,479,1,3
1902,480,1,3
1902,481,1,3
1902,482,1,3
1902,483,1,3
1902,484,1,3
1902,485,1,3
1902,486,1,3
1902,487,1,3
1902,488,1,2
1902,489,1,2
1902,490,1,2
1902,491,1,2
1902,492,1,2
1902,493,1,2
1902,494,1,2
1902,495,1,2
1902,496,1,2
1902,497,1,2
1902,498,1,2
1902,499,1,2
1902,500,1,2
1902,501,1,2
1902,502,1,2
1902,503,1,2
1902,504,1,2
1902,505,1,2
1902,506,1,2
1902,507,1,2
1902,508,1,2
1902,509,1,2
1902,510,1,2
1902,511,1,2
1902,512,1,2
1902,513,1,2
1902,514,1,2
1902,515,1,2
1902,516,1,2
1902,517,1,2
1902,518,1,2
1902,519,1,2
1902,520,1,2
1902,521,1,2
1902,522,1,2
1902,523,1,2
1902,524,1,2
1902,525,1,2
1902,526,1,2
1902,527,1,2
1902,528,1,2
1902,529,1,2
1902,530,1,2
1902,531,1,2
1902,532,1,2
1902,533,1,2
1902,534,1,2
1902,535,1,2
1902,536,1,2
1902,537,1,2
1902,538,1,2
1902,539,1,2
1902,540,1,2
1902,541,1,2
1902,542,1,2
1902,543,1,2
1902,544,1,2
1902,545,1,2
1902,546,1,2
1902,547,1,2
1902,548,1,2
1902,549,1,2
1902,550,1,2
1902,551,1,2
1902,552,1,2
1902,553,1,2
1902,554,1,2
1902,555,1,2
1902,556,1,2
1902,557,1,2
1902,558,1,2
1902,559,1,2
1902,560,1,2
1902,561,1,2
1902,562,1,2
1902,563,1,2
1902,564,1,2
1902,565,1,2
1902,566,1,2
1902,567,1,2
1902,568,1,2
1902,569,1,2
1902,570,1,2
1902,571,1,2
1902,572,1,2
1902,573,1,2
1902,574,1,2
1902,575,1,2
1902,576,1,2
1902,577,1,2
1902,578,1,2
1902,579,1,2
1902,580,1,2
1902,581,1,2
1902,582,1,2
1902,583,1,2
1902,584,1,2
1902,585,1,2
1902,586,1,2
1902,587,1,2
1902,588,1,2
1902,589,1,2
1902,590,1,2
1902,591,1,2
1902,592,1,2
1902,593,1,2
1902,594,1,2
1902,595,1,2
1902,596,1,2
1902,597,1,2
1902,598,1,2
1902,599,1,2
1902,600,1,2
1902,601,1,2
1902,602,1,2
1902,603,1,2
1902,604,1,2
1902,605,1,2
1902,606,1,2
1902,607,1,2
1902,608,1,2
1902,609,1,2
1902,610,1,2
1902,611,1,2
1902,612,1,2
1902,613,1,2
1902,614,1,2
1902,615,1,2
1902,616,1,2
1902,617,1,2
1902,618,1,2
1902,619,1,2
1902,620,1,2
1902,621,1,2
1902,622,1,2
1902,623,1,2
1902,624,1,2
1902,625,1,2
1902,626,1,2
1902,627,1,2
1902,628,1,2
1902,629,1,2
1902,630,1,2
1902,631,1,2
1902,632,1,2
1902,633,1,2
1902,634,1,2
1902,635,1,2
1902,636,1,2
1902,637,1,2
1902,638,1,2
1902,639,1,2
1902,640,1,2
1902,641,1,2
1902,642,1,2
1902,643,1,2
1902,644,1,2
1902,645,1,2
1902,646,1,2
1903,109,1,2
1903,110,1,2
1903,111,1,2
1903,112,1,2
1903,113,1,2
1903,114,1,2
1903,115,1,2
1903,116,1,2
1903,117,1,2
1903,118,1,2
1903,119,1,2
1903,120,1,2
1903,121,1,2
1903,122,1,2
1903,123,1,2
1903,124,1,2
1903,125,1,2
1903,126,1,2
1903,127,1,2
1903,128,1,2
1903,129,1,2
1903,130,1,2
1903,131,1,2
1903,132,1,2
1903,133,1,2
1903,134,1,2
1903,135,1,2
1903,136,1,2
1903,137,1,2
1903,138,1,2
1903,139,1,2
1903,140,1,2
1903,141,1,2
1903,142,1,2
1903,143,1,2
1903,144,1,2
1903,145,1,2
1903,146,1,2
1903,147,1,2
1903,148,1,2
1903,149,1,2
1903,150,1,2
1903,151,1,2
1903,152,1,2
1903,153,1,2
1903,154,1,2
1903,155,1,2
1903,156,1,2
1903,157,1,2
1903,158,1,2
1903,159,1,2
1903,160,1,2
1903,161,1,2
1903,162,1,2
1903,163,1,2
1903,164,1,2
1903,165,1,2
1903,166,1,2
1903,167,1,2
1903,168,1,2
1903,169,1,2
1903,170,1,2
1903,171,1,2
1903,172,1,2
1903,173,1,2
1903,174,1,2
1903,175,1,2
1903,176,1,2
1903,177,1,2
1903,178,1,2
1903,179,1,2
1903,180,1,2
1903,181,1,2
1903,182,1,2
1903,183,1,2
1903,184,1,2
1903,185,1,2
1903,186,1,2
1903,187,1,2
1903,188,1,2
1903,189,1,2
1903,190,1,2
1903,191,1,2
1903,192,1,2
1903,193,1,2
1903,194,1,2
1903,195,1,2
1903,196,1,2
1903,197,1,2
1903,198,1,2
1903,199,1,2
1903,200,1,2
1903,201,1,2
1903,202,1,2
1903,203,1,2
1903,204,1,2
1903,205,1,2
1903,206,1,2
1903,207,1,2
1903,208,1,2
1903,209,1,2
1903,210,1,2
1903,211,1,2
1903,212,1,2
1903,213,1,2
1903,214,1,2
1903,215,1,2
1903,216,1,2
1903,217,1,2
1903,218,1,2
1903,219,1,2
1903,220,1,2
1903,221,1,2
1903,222,1,2
1903,223,1,2
1903,224,1,2
1903,225,1,2
1903,226,1,2
1903,227,1,2
1903,228,1,2
1903,229,1,2
1903,230,1,2
1903,231,1,2
1903,232,1,2
1903,233,1,2
1903,234,1,2
1903,235,1,2
1903,236,1,2
1903,237,1,2
1903,238,1,2
1903,239,1,2
1903,240,1,2
1903,241,1,2
1903,242,1,2
1903,243,1,2
1903,244,1,2
1903,245,1,2
1903,246,1,2
1903,247,1,2
1903,248,1,2
1903,249,1,2
1903,250,1,2
1903,251,1,2
1903,252,1,2
1903,253,1,2
1903,254,1,2
1903,255,1,2
1903,256,1,2
1903,257,1,2
1903,258,1,2
1903,259,1,2
1903,260,1,2
1903,261,1,2
1903,262,1,2
1903,263,1,2
1903,264,1,2
1903,265,1,2
1903,266,1,2
1903,267,1,2
1903,268,1,2
1903,269,1,2
1903,270,1,2
1903,271,1,2
1903,272,1,2
1903,273,1,2
1903,274,1,2
1903,275,1,2
1903,276,1,2
1903,277,1,2
1903,278,1,2
1903,279,1,2
1903,280,1,2
1903,281,1,2
1903,282,1,2
1903,283,1,2
1903,284,1,2
1903,285,1,2
1903,286,1,2
1903,287,1,2
1903,288,1,2
1903,289,1,2
1903,290,1,2
1903,291,1,2
1903,292,1,2
1903,293,1,2
1903,294,1,2
1903,295,1,2
1903,296,1,2
1903,297,1,2
1903,298,1,2
1903,299,1,2
1903,300,1,2
1903,301,1,2
1903,302,1,2
1903,303,1,2
1903,304,1,2
1903,305,1,2
1903,306,1,2
1903,307,1,2
1903,308,1,2
1903,309,1,2
1903,310,1,2
1903,311,1,2
1903,312,1,2
1903,313,1,2
1903,314,1,2
1903,315,1,2
1903,316,1,2
1903,317,1,2
1903,318,1,2
1903,319,1,2
1903,320,1,2
1903,321,1,2
1903,322,1,2
1903,323,1,2
1903,324,1,2
1903,325,1,2
1903,326,1,2
1903,327,1,2
1903,328,1,2
1903,329,1,2
1903,330,1,2
1903,331,1,2
1903,332,1,2
1903,333,1,2
1903,334,1,2
1903,335,1,2
1903,336,1,2
1903,337,1,2
1903,338,1,2
1903,339,1,2
1903,340,1,2
1903,341,1,2
1903,342,1,2
1903,343,1,2
1903,344,1,2
1903,345,1,2
1903,346,1,2
1903,347,1,2
1903,348,1,2
1903,349,1,2
1903,350,1,2
1903,351,1,2
1903,352,1,2
1903,353,1,2
1903,354,1,2
1903,355,1,2
1903,356,1,2
1903,357,1,2
1903,358,1,2
1903,359,1,2
1903,360,1,2
1903,361,1,2
1903,362,1,2
1903,363,1,2
1903,364,1,2
1903,365,1,2
1903,366,1,2
1903,367,1,2
1903,368,1,2
1903,369,1,2
1903,370,1,2
1903,371,1,2
1903,372,1,2
1903,373,1,2
1903,374,1,2
1903,375,1,2
1903,376,1,2
1903,377,1,2
1903,378,1,2
1903,379,1,2
1903,380,1,2
1903,381,1,2
1903,382,1,2
1903,383,1,2
1903,384,1,2
1903,385,1,2
1903,386,1,2
1903,387,1,2
1903,388,1,2
1903,389,1,2
1903,390,1,2
1903,391,1,2
1903,392,1,2
1903,393,1,2
1903,394,1,2
1903,395,1,2
1903,396,1,2
1903,397,1,2
1903,398,1,2
1903,399,1,2
1903,400,1,2
1903,401,1,2
1903,402,1,2
1903,403,1,2
1903,404,1,2
1903,405,1,2
1903,406,1,2
1903,407,1,2
1903,408,1,2
1903,409,1,2
1903,410,1,2
1903,411,1,2
1903,412,1,2
1903,413,1,2
1903,414,1,2
1903,415,1,2
1903,416,1,2
1903,417,1,2
1903,418,1,2
1903,419,1,2
1903,420,1,2
1903,421,1,3
1903,422,1,3
1903,423,1,3
1903,424,1,3
1903,425,1,3
1903,426,1,3
1903,427,1,3
1903,428,1,3
1903,429,1,3
1903,430,1,3
1903,431,1,3
1903,432,1,3
1903,433,1,3
1903,434,1,3
1903,435,1,3
1903,436,1,3
1903,437,1,3
1903,438,1,3
1903,439,1,3
1903,440,1,3
1903,441,1,3
1903,442,1,3
1903,443,1,3
1903,444,1,3
1903,445,1,3
1903,446,1,3
1903,447,1,3
1903,448,1,3
1903,449,1,3
1903,450,1,3
1903,451,1,3
1903,452,1,3
1903,453,1,3
1903,454,1,3
1903,455,1,3
1903,456,1,3
1903,457,1,3
1903,458,1,3
1903,459,1,3
1903,460,1,3
1903,461,1,3
1903,462,1,3
1903,463,1,3
1903,464,1,3
1903,465,1,3
1903,466,1,3
1903,467,1,3
1903,468,1,3
1903,469,1,3
1903,470,1,3
1903,471,1,3
1903,472,1,3
1903,473,1,3
1903,474,1,3
1903,475,1,3
1903,476,1,3
1903,477,1,3
1903,478,1,3
1903,479,1,3
1903,480,1,3
1903,481,1,3
1903,482,1,3
1903,483,1,3
1903,484,1,3
1903,485,1,3
1903,486,1,3
1903,487,1,3
1903,488,1,2
1903,489,1,2
1903,490,1,2
1903,491,1,2
1903,492,1,2
1903,493,1,2
1903,494,1,2
1903,495,1,2
1903,496,1,2
1903,497,1,2
1903,498,1,2
1903,499,1,2
1903,500,1,2
1903,501,1,2
1903,502,1,2
1903,503,1,2
1903,504,1,2
1903,505,1,2
1903,506,1,2
1903,507,1,2
1903,508,1,2
1903,509,1,2
1903,510,1,2
1903,511,1,2
1903,512,1,2
1903,513,1,2
1903,514,1,2
1903,515,1,2
1903,516,1,2
1903,517,1,2
1903,518,1,2
1903,519,1,2
1903,520,1,2
1903,521,1,2
1903,522,1,2
1903,523,1,2
1903,524,1,2
1903,525,1,2
1903,526,1,2
1903,527,1,2
1903,528,1,2
1903,529,1,2
1903,530,1,2
1903,531,1,2
1903,532,1,2
1903,533,1,2
1903,534,1,2
1903,535,1,2
1903,536,1,2
1903,537,1,2
1903,538,1,2
1903,539,1,2
1903,540,1,2
1903,541,1,2
1903,542,1,2
1903,543,1,2
1903,544,1,2
1903,545,1,2
1903,546,1,2
1903,547,1,2
1903,548,1,2
1903,549,1,2
1903,550,1,2
1903,551,1,2
1903,552,1,2
1903,553,1,2
1903,554,1,2
1903,555,1,2
1903,556,1,2
1903,557,1,2
1903,558,1,2
1903,559,1,2
1903,560,1,2
1903,561,1,2
1903,562,1,2
1903,563,1,2
1903,564,1,2
1903,565,1,2
1903,566,1,2
1903,567,1,2
1903,568,1,2
1903,569,1,2
1903,570,1,2
1903,571,1,2
1903,572,1,2
1903,573,1,2
1903,574,1,2
1903,575,1,2
1903,576,1,2
1903,577,1,2
1903,578,1,2
1903,579,1,2
1903,580,1,2
1903,581,1,2
1903,582,1,2
1903,583,1,2
1903,584,1,2
1903,585,1,2
1903,586,1,2
1903,587,1,2
1903,588,1,2
1903,589,1,2
1903,590,1,2
1903,591,1,2
1903,592,1,2
1903,593,1,2
1903,594,1,2
1903,595,1,2
1903,596,1,2
1903,597,1,2
1903,598,1,2
1903,599,1,2
1903,600,1,2
1903,601,1,2
1903,602,1,2
1903,603,1,2
1903,604,1,2
1903,605,1,2
1903,606,1,2
1903,607,1,2
1903,608,1,2
1903,609,1,2
1903,610,1,2
1903,611,1,2
1903,612,1,2
1903,613,1,2
1903,614,1,2
1903,615,1,2
1903,616,1,2
1903,617,1,2
1903,618,1,2
1903,619,1,2
1903,620,1,2
1903,621,1,2
1903,622,1,2
1903,623,1,2
1903,624,1,2
1903,625,1,2
1903,626,1,2
1903,627,1,2
1903,628,1,2
1903,629,1,2
1903,630,1,2
1903,631,1,2
1903,632,1,2
1903,633,1,2
1903,634,1,2
1903,635,1,2
1903,636,1,2
1903,637,1,2
1903,638,1,2
1903,639,1,2
1903,640,1,2
1903,641,1,2
1903,642,1,2
1903,643,1,2
1903,644,1,2
1903,645,1,2
1903,646,1,2
1904,108,1,2
1904,109,1,2
1904,110,1,2
1904,111,1,2
1904,112,1,2
1904,113,1,2
1904,114,1,2
1904,115,1,2
1904,116,1,2
1904,117,1,2
1904,118,1,2
1904,119,1,2
1904,120,1,2
1904,121,1,2
1904,122,1,2
1904,123,1,2
1904,124,1,2
1904,125,1,2
1904,126,1,2
1904,127,1,2
1904,128,1,2
1904,129,1,2
1904,130,1,2
1904,131,1,2
1904,132,1,2
1904,133,1,2
1904,134,1,2
1904,135,1,2
1904,136,1,2
1904,137,1,2
1904,138,1,2
1904,139,1,2
1904,140,1,2
1904,141,1,2
1904,142,1,2
1904,143,1,2
1904,144,1,2
1904,145,1,2
1904,146,1,2
1904,147,1,2
1904,148,1,2
1904,149,1,2
1904,150,1,2
1904,151,1,2
1904,152,1,2
1904,153,1,2
1904,154,1,2
1904,155,1,2
1904,156,1,2
1904,157,1,2
1904,158,1,2
1904,159,1,2
1904,160,1,2
1904,161,1,2
1904,162,1,2
1904,163,1,2
1904,164,1,2
1904,165,1,2
1904,166,1,2
1904,167,1,2
1904,168,1,2
1904,169,1,2
1904,170,1,2
1904,171,1,2
1904,172,1,2
1904,173,1,2
1904,174,1,2
1904,175,1,2
1904,176,1,2
1904,177,1,2
1904,178,1,2
1904,179,1,2
1904,180,1,2
1904,181,1,2
1904,182,1,2
1904,183,1,2
1904,184,1,2
1904,185,1,2
1904,186,1,2
1904,187,1,2
1904,188,1,2
1904,189,1,2
1904,190,1,2
1904,191,1,2
1904,192,1,2
1904,193,1,2
1904,194,1,2
1904,195,1,2
1904,196,1,2
1904,197,1,2
1904,198,1,2
1904,199,1,2
1904,200,1,2
1904,201,1,2
1904,202,1,2
1904,203,1,2
1904,204,1,2
1904,205,1,2
1904,206,1,2
1904,207,1,2
1904,208,1,2
1904,209,1,2
1904,210,1,2
1904,211,1,2
1904,212,1,2
1904,213,1,2
1904,214,1,2
1904,215,1,2
1904,216,1,2
1904,217,1,2
1904,218,1,2
1904,219,1,2
1904,220,1,2
1904,221,1,2
1904,222,1,2
1904,223,1,2
1904,224,1,2
1904,225,1,2
1904,226,1,2
1904,227,1,2
1904,228,1,2
1904,229,1,2
1904,230,1,2
1904,231,1,2
1904,232,1,2
1904,233,1,2
1904,234,1,2
1904,235,1,2
1904,236,1,2
1904,237,1,2
1904,238,1,2
1904,239,1,2
1904,240,1,2
1904,241,1,2
1904,242,1,2
1904,243,1,2
1904,244,1,2
1904,245,1,2
1904,246,1,2
1904,247,1,2
1904,248,1,2
1904,249,1,2
1904,250,1,2
1904,251,1,2
1904,252,1,2
1904,253,1,2
1904,254,1,2
1904,255,1,2
1904,256,1,2
1904,257,1,2
1904,258,1,2
1904,259,1,2
1904,260,1,2
1904,261,1,2
1904,262,1,2
1904,263,1,2
1904,264,1,2
1904,265,1,2
1904,266,1,2
1904,267,1,2
1904,268,1,2
1904,269,1,2
1904,270,1,2
1904,271,1,2
1904,272,1,2
1904,273,1,2
1904,274,1,2
1904,275,1,2
1904,276,1,2
1904,277,1,2
1904,278,1,2
1904,279,1,2
1904,280,1,2
1904,281,1,2
1904,282,1,2
1904,283,1,2
1904,284,1,2
1904,285,1,2
1904,286,1,2
1904,287,1,2
1904,288,1,2
1904,289,1,2
1904,290,1,2
1904,291,1,2
1904,292,1,2
1904,293,1,2
1904,294,1,2
1904,295,1,2
1904,296,1,2
1904,297,1,2
1904,298,1,2
1904,299,1,2
1904,300,1,2
1904,301,1,2
1904,302,1,2
1904,303,1,2
1904,304,1,2
1904,305,1,2
1904,306,1,2
1904,307,1,2
1904,308,1,2
1904,309,1,2
1904,310,1,2
1904,311,1,2
1904,312,1,2
1904,313,1,2
1904,314,1,2
1904,315,1,2
1904,316,1,2
1904,317,1,2
1904,318,1,2
1904,319,1,2
1904,320,1,2
1904,321,1,2
1904,322,1,2
1904,323,1,2
1904,324,1,2
1904,325,1,2
1904,326,1,2
1904,327,1,2
1904,328,1,2
1904,329,1,2
1904,330,1,2
1904,331,1,2
1904,332,1,2
1904,333,1,2
1904,334,1,2
1904,335,1,2
1904,336,1,2
1904,337,1,2
1904,338,1,2
1904,339,1,2
1904,340,1,2
1904,341,1,2
1904,342,1,2
1904,343,1,2
1904,344,1,2
1904,345,1,2
1904,346,1,2
1904,347,1,2
1904,348,1,2
1904,349,1,2
1904,350,1,2
1904,351,1,2
1904,352,1,2
1904,353,1,2
1904,354,1,2
1904,355,1,2
1904,356,1,2
1904,357,1,2
1904,358,1,2
1904,359,1,2
1904,360,1,2
1904,361,1,2
1904,362,1,2
1904,363,1,2
1904,364,1,2
1904,365,1,2
1904,366,1,2
1904,367,1,2
1904,368,1,2
1904,369,1,2
1904,370,1,2
1904,371,1,2
1904,372,1,2
1904,373,1,2
1904,374,1,2
1904,375,1,2
1904,376,1,2
1904,377,1,2
1904,378,1,2
1904,379,1,2
1904,380,1,2
1904,381,1,2
1904,382,1,2
1904,383,1,2
1904,384,1,2
1904,385,1,2
1904,386,1,2
1904,387,1,2
1904,388,1,2
1904,389,1,2
1904,390,1,2
1904,391,1,2
1904,392,1,2
1904,393,1,2
1904,394,1,2
1904,395,1,2
1904,396,1,2
1904,397,1,2
1904,398,1,2
1904,399,1,2
1904,400,1,2
1904,401,1,2
1904,402,1,2
1904,403,1,2
1904,404,1,2
1904,405,1,2
1904,406,1,2
1904,407,1,2
1904,408,1,2
1904,409,1,2
1904,410,1,2
1904,411,1,2
1904,412,1,2
1904,413,1,2
1904,414,1,2
1904,415,1,2
1904,416,1,2
1904,417,1,2
1904,418,1,2
1904,419,1,2
1904,420,1,2
1904,421,1,3
1904,422,1,3
1904,423,1,3
1904,424,1,3
1904,425,1,3
1904,426,1,3
1904,427,1,3
1904,428,1,3
1904,429,1,3
1904,430,1,3
1904,431,1,3
1904,432,1,3
1904,433,1,3
1904,434,1,3
1904,435,1,3
1904,436,1,3
1904,437,1,3
1904,438,1,3
1904,439,1,3
1904,440,1,3
1904,441,1,3
1904,442,1,3
1904,443,1,3
1904,444,1,3
1904,445,1,3
1904,446,1,3
1904,447,1,3
1904,448,1,3
1904,449,1,3
1904,450,1,3
1904,451,1,3
1904,452,1,3
1904,453,1,3
1904,454,1,3
1904,455,1,3
1904,456,1,3
1904,457,1,3
1904,458,1,3
1904,459,1,3
1904,460,1,3
1904,461,1,3
1904,462,1,3
1904,463,1,3
1904,464,1,3
1904,465,1,3
1904,466,1,3
1904,467,1,3
1904,468,1,3
1904,469,1,3
1904,470,1,3
1904,471,1,3
1904,472,1,3
1904,473,1,3
1904,474,1,3
1904,475,1,3
1904,476,1,3
1904,477,1,3
1904,478,1,3
1904,479,1,3
1904,480,1,3
1904,481,1,3
1904,482,1,3
1904,483,1,3
1904,484,1,3
1904,485,1,3
1904,486,1,3
1904,487,1,2
1904,488,1,2
1904,489,1,2
1904,490,1,2
1904,491,1,2
1904,492,1,2
1904,493,1,2
1904,494,1,2
1904,495,1,2
1904,496,1,2
1904,497,1,2
1904,498,1,2
1904,499,1,2
1904,500,1,2
1904,501,1,2
1904,502,1,2
1904,503,1,2
1904,504,1,2
1904,505,1,2
1904,506,1,2
1904,507,1,2
1904,508,1,2
1904,509,1,2
1904,510,1,2
1904,511,1,2
1904,512,1,2
1904,513,1,2
1904,514,1,2
1904,515,1,2
1904,516,1,2
1904,517,1,2
1904,518,1,2
1904,519,1,2
1904,520,1,2
1904,521,1,2
1904,522,1,2
1904,523,1,2
1904,524,1,2
1904,525,1,2
1904,526,1,2
1904,527,1,2
1904,528,1,2
1904,529,1,2
1904,530,1,2
1904,531,1,2
1904,532,1,2
1904,533,1,2
1904,534,1,2
1904,535,1,2
1904,536,1,2
1904,537,1,2
1904,538,1,2
1904,539,1,2
1904,540,1,2
1904,541,1,2
1904,542,1,2
1904,543,1,2
1904,544,1,2
1904,545,1,2
1904,546,1,2
1904,547,1,2
1904,548,1,2
1904,549,1,2
1904,550,1,2
1904,551,1,2
1904,552,1,2
1904,553,1,2
1904,554,1,2
1904,555,1,2
1904,556,1,2
1904,557,1,2
1904,558,1,2
1904,559,1,2
1904,560,1,2
1904,561,1,2
1904,562,1,2
1904,563,1,2
1904,564,1,2
1904,565,1,2
1904,566,1,2
1904,567,1,2
1904,568,1,2
1904,569,1,2
1904,570,1,2
1904,571,1,2
1904,572,1,2
1904,573,1,2
1904,574,1,2
1904,575,1,2
1904,576,1,2
1904,577,1,2
1904,578,1,2
1904,579,1,2
1904,580,1,2
1904,581,1,2
1904,582,1,2
1904,583,1,2
1904,584,1,2
1904,585,1,2
1904,586,1,2
1904,587,1,2
1904,588,1,2
1904,589,1,2
1904,590,1,2
1904,591,1,2
1904,592,1,2
1904,593,1,2
1904,594,1,2
1904,595,1,2
1904,596,1,2
1904,597,1,2
1904,598,1,2
1904,599,1,2
1904,600,1,2
1904,601,1,2
1904,602,1,2
1904,603,1,2
1904,604,1,2
1904,605,1,2
1904,606,1,2
1904,607,1,2
1904,608,1,2
1904,609,1,2
1904,610,1,2
1904,611,1,2
1904,612,1,2
1904,613,1,2
1904,614,1,2
1904,615,1,2
1904,616,1,2
1904,617,1,2
1904,618,1,2
1904,619,1,2
1904,620,1,2
1904,621,1,2
1904,622,1,2
1904,623,1,2
1904,624,1,2
1904,625,1,2
1904,626,1,2
1904,627,1,2
1904,628,1,2
1904,629,1,2
1904,630,1,2
1904,631,1,2
1904,632,1,2
1904,633,1,2
1904,634,1,2
1904,635,1,2
1904,636,1,2
1904,637,1,2
1904,638,1,2
1904,639,1,2
1904,640,1,2
1904,641,1,2
1904,642,1,2
1904,643,1,2
1904,644,1,2
1904,645,1,2
1904,646,1,2
1905,108,1,2
1905,109,1,2
1905,110,1,2
1905,111,1,2
1905,112,1,2
1905,113,1,2
1905,114,1,2
1905,115,1,2
1905,116,1,2
1905,117,1,2
1905,118,1,2
1905,119,1,2
1905,120,1,2
1905,121,1,2
1905,122,1,2
1905,123,1,2
1905,124,1,2
1905,125,1,2
1905,126,1,2
1905,127,1,2
1905,128,1,2
1905,129,1,2
1905,130,1,2
1905,131,1,2
1905,132,1,2
1905,133,1,2
1905,134,1,2
1905,135,1,2
1905,136,1,2
1905,137,1,2
1905,138,1,2
1905,139,1,2
1905,140,1,2
1905,141,1,2
1905,142,1,2
1905,143,1,2
1905,144,1,2
1905,145,1,2
1905,146,1,2
1905,147,1,2
1905,148,1,2
1905,149,1,2
1905,150,1,2
1905,151,1,2
1905,152,1,2
1905,153,1,2
1905,154,1,2
1905,155,1,2
1905,156,1,2
1905,157,1,2
1905,158,1,2
1905,159,1,2
1905,160,1,2
1905,161,1,2
1905,162,1,2
1905,163,1,2
1905,164,1,2
1905,165,1,2
1905,166,1,2
1905,167,1,2
1905,168,1,2
1905,169,1,2
1905,170,1,2
1905,171,1,2
1905,172,1,2
1905,173,1,2
1905,174,1,2
1905,175,1,2
1905,176,1,2
1905,177,1,2
1905,178,1,2
1905,179,1,2
1905,180,1,2
1905,181,1,2
1905,182,1,2
1905,183,1,2
1905,184,1,2
1905,185,1,2
1905,186,1,2
1905,187,1,2
1905,188,1,2
1905,189,1,2
1905,190,1,2
1905,191,1,2
1905,192,1,2
1905,193,1,2
1905,194,1,2
1905,195,1,2
1905,196,1,2
1905,197,1,2
1905,198,1,2
1905,199,1,2
1905,200,1,2
1905,201,1,2
1905,202,1,2
1905,203,1,2
1905,204,1,2
1905,205,1,2
1905,206,1,2
1905,207,1,2
1905,208,1,2
1905,209,1,2
1905,210,1,2
1905,211,1,2
1905,212,1,2
1905,213,1,2
1905,214,1,2
1905,215,1,2
1905,216,1,2
1905,217,1,2
1905,218,1,2
1905,219,1,2
1905,220,1,2
1905,221,1,2
1905,222,1,2
1905,223,1,2
1905,224,1,2
1905,225,1,2
1905,226,1,2
1905,227,1,2
1905,228,1,2
1905,229,1,2
1905,230,1,2
1905,231,1,2
1905,232,1,2
1905,233,1,2
1905,234,1,2
1905,235,1,2
1905,236,1,2
1905,237,1,2
1905,238,1,2
1905,239,1,2
1905,240,1,2
1905,241,1,2
1905,242,1,2
1905,243,1,2
1905,244,1,2
1905,245,1,2
1905,246,1,2
1905,247,1,2
1905,248,1,2
1905,249,1,2
1905,250,1,2
1905,251,1,2
1905,252,1,2
1905,253,1,2
1905,254,1,2
1905,255,1,2
1905,256,1,2
1905,257,1,2
1905,258,1,2
1905,259,1,2
1905,260,1,2
1905,261,1,2
1905,262,1,2
1905,263,1,2
1905,264,1,2
1905,265,1,2
1905,266,1,2
1905,267,1,2
1905,268,1,2
1905,269,1,2
1905,270,1,2
1905,271,1,2
1905,272,1,2
1905,273,1,2
1905,274,1,2
1905,275,1,2
1905,276,1,2
1905,277,1,2
1905,278,1,2
1905,279,1,2
1905,280,1,2
1905,281,1,2
1905,282,1,2
1905,283,1,2
1905,284,1,2
1905,285,1,2
1905,286,1,2
1905,287,1,2
1905,288,1,2
1905,289,1,2
1905,290,1,2
1905,291,1,2
1905,292,1,2
1905,293,1,2
1905,294,1,2
1905,295,1,2
1905,296,1,2
1905,297,1,2
1905,298,1,2
1905,299,1,2
1905,300,1,2
1905,301,1,2
1905,302,1,2
1905,303,1,2
1905,304,1,2
1905,305,1,2
1905,306,1,2
1905,307,1,2
1905,308,1,2
1905,309,1,2
1905,310,1,2
1905,311,1,2
1905,312,1,2
1905,313,1,2
1905,314,1,2
1905,315,1,2
1905,316,1,2
1905,317,1,2
1905,318,1,2
1905,319,1,2
1905,320,1,2
1905,321,1,2
1905,322,1,2
1905,323,1,2
1905,324,1,2
1905,325,1,2
1905,326,1,2
1905,327,1,2
1905,328,1,2
1905,329,1,2
1905,330,1,2
1905,331,1,2
1905,332,1,2
1905,333,1,2
1905,334,1,2
1905,335,1,2
1905,336,1,2
1905,337,1,2
1905,338,1,2
1905,339,1,2
1905,340,1,2
1905,341,1,2
1905,342,1,2
1905,343,1,2
1905,344,1,2
1905,345,1,2
1905,346,1,2
1905,347,1,2
1905,348,1,2
1905,349,1,2
1905,350,1,2
1905,351,1,2
1905,352,1,2
1905,353,1,2
1905,354,1,2
1905,355,1,2
1905,356,1,2
1905,357,1,2
1905,358,1,2
1905,359,1,2
1905,360,1,2
1905,361,1,2
1905,362,1,2
1905,363,1,2
1905,364,1,2
1905,365,1,2
1905,366,1,2
1905,367,1,2
1905,368,1,2
1905,369,1,2
1905,370,1,2
1905,371,1,2
1905,372,1,2
1905,373,1,2
1905,374,1,2
1905,375,1,2
1905,376,1,2
1905,377,1,2
1905,378,1,2
1905,379,1,2
1905,380,1,2
1905,381,1,2
1905,382,1,2
1905,383,1,2
1905,384,1,2
1905,385,1,2
1905,386,1,2
1905,387,1,2
1905,388,1,2
1905,389,1,2
1905,390,1,2
1905,391,1,2
1905,392,1,2
1905,393,1,2
1905,394,1,2
1905,395,1,2
1905,396,1,2
1905,397,1,2
1905,398,1,2
1905,399,1,2
1905,400,1,2
1905,401,1,2
1905,402,1,2
1905,403,1,2
1905,404,1,2
1905,405,1,2
1905,406,1,2
1905,407,1,2
1905,408,1,2
1905,409,1,2
1905,410,1,2
1905,411,1,2
1905,412,1,2
1905,413,1,2
1905,414,1,2
1905,415,1,2
1905,416,1,2
1905,417,1,2
1905,418,1,2
1905,419,1,2
1905,420,1,2
1905,421,1,3
1905,422,1,3
1905,423,1,3
1905,424,1,3
1905,425,1,3
1905,426,1,3
1905,427,1,3
1905,428,1,3
1905,429,1,3
1905,430,1,3
1905,431,1,3
1905,432,1,3
1905,433,1,3
1905,434,1,3
1905,435,1,3
1905,436,1,3
1905,437,1,3
1905,438,1,3
1905,439,1,3
1905,440,1,3
1905,441,1,3
1905,442,1,3
1905,443,1,3
1905,444,1,3
1905,445,1,3
1905,446,1,3
1905,447,1,3
1905,448,1,3
1905,449,1,3
1905,450,1,3
1905,451,1,3
1905,452,1,3
1905,453,1,3
1905,454,1,3
1905,455,1,3
1905,456,1,3
1905,457,1,3
1905,458,1,3
1905,459,1,3
1905,460,1,3
1905,461,1,3
1905,462,1,3
1905,463,1,3
1905,464,1,3
1905,465,1,3
1905,466,1,3
1905,467,1,3
1905,468,1,3
1905,469,1,3
1905,470,1,3
1905,471,1,3
1905,472,1,3
1905,473,1,3
1905,474,1,3
1905,475,1,3
1905,476,1,3
1905,477,1,3
1905,478,1,3
1905,479,1,3
1905,480,1,3
1905,481,1,3
1905,482,1,3
1905,483,1,3
1905,484,1,3
1905,485,1,3
1905,486,1,3
1905,487,1,2
1905,488,1,2
1905,489,1,2
1905,490,1,2
1905,491,1,2
1905,492,1,2
1905,493,1,2
1905,494,1,2
1905,495,1,2
1905,496,1,2
1905,497,1,2
1905,498,1,2
1905,499,1,2
1905,500,1,2
1905,501,1,2
1905,502,1,2
1905,503,1,2
1905,504,1,2
1905,505,1,2
1905,506,1,2
1905,507,1,2
1905,508,1,2
1905,509,1,2
1905,510,1,2
1905,511,1,2
1905,512,1,2
1905,513,1,2
1905,514,1,2
1905,515,1,2
1905,516,1,2
1905,517,1,2
1905,518,1,2
1905,519,1,2
1905,520,1,2
1905,521,1,2
1905,522,1,2
1905,523,1,2
1905,524,1,2
1905,525,1,2
1905,526,1,2
1905,527,1,2
1905,528,1,2
1905,529,1,2
1905,530,1,2
1905,531,1,2
1905,532,1,2
1905,533,1,2
1905,534,1,2
1905,535,1,2
1905,536,1,2
1905,537,1,2
1905,538,1,2
1905,539,1,2
1905,540,1,2
1905,541,1,2
1905,542,1,2
1905,543,1,2
1905,544,1,2
1905,545,1,2
1905,546,1,2
1905,547,1,2
1905,548,1,2
1905,549,1,2
1905,550,1,2
1905,551,1,2
1905,552,1,2
1905,553,1,2
1905,554,1,2
1905,555,1,2
1905,556,1,2
1905,557,1,2
1905,558,1,2
1905,559,1,2
1905,560,1,2
1905,561,1,2
1905,562,1,2
1905,563,1,2
1905,564,1,2
1905,565,1,2
1905,566,1,2
1905,567,1,2
1905,568,1,2
1905,569,1,2
1905,570,1,2
1905,571,1,2
1905,572,1,2
1905,573,1,2
1905,574,1,2
1905,575,1,2
1905,576,1,2
1905,577,1,2
1905,578,1,2
1905,579,1,2
1905,580,1,2
1905,581,1,2
1905,582,1,2
1905,583,1,2
1905,584,1,2
1905,585,1,2
1905,586,1,2
1905,587,1,2
1905,588,1,2
1905,589,1,2
1905,590,1,2
1905,591,1,2
1905,592,1,2
1905,593,1,2
1905,594,1,2
1905,595,1,2
1905,596,1,2
1905,597,1,2
1905,598,1,2
1905,599,1,2
1905,600,1,2
1905,601,1,2
1905,602,1,2
1905,603,1,2
1905,604,1,2
1905,605,1,2
1905,606,1,2
1905,607,1,2
1905,608,1,2
1905,609,1,2
1905,610,1,2
1905,611,1,2
1905,612,1,2
1905,613,1,2
1905,614,1,2
1905,615,1,2
1905,616,1,2
1905,617,1,2
1905,618,1,2
1905,619,1,2
1905,620,1,2
1905,621,1,2
1905,622,1,2
1905,623,1,2
1905,624,1,2
1905,625,1,2
1905,626,1,2
1905,627,1,2
1905,628,1,2
1905,629,1,2
1905,630,1,2
1905,631,1,2
1905,632,1,2
1905,633,1,2
1905,634,1,2
1905,635,1,2
1905,636,1,2
1905,637,1,2
1905,638,1,2
1905,639,1,2
1905,640,1,2
1905,641,1,2
1905,642,1,2
1905,643,1,2
1905,644,1,2
1905,645,1,2
1905,646,1,2
1905,647,1,2
1905,648,1,2
1906,108,1,2
1906,109,1,2
1906,110,1,2
1906,111,1,2
1906,112,1,2
1906,113,1,2
1906,114,1,2
1906,115,1,2
1906,116,1,2
1906,117,1,2
1906,118,1,2
1906,119,1,2
1906,120,1,2
1906,121,1,2
1906,122,1,2
1906,123,1,2
1906,124,1,2
1906,125,1,2
1906,126,1,2
1906,127,1,2
1906,128,1,2
1906,129,1,2
1906,130,1,2
1906,131,1,2
1906,132,1,2
1906,133,1,2
1906,134,1,2
1906,135,1,2
1906,136,1,2
1906,137,1,2
1906,138,1,2
1906,139,1,2
1906,140,1,2
1906,141,1,2
1906,142,1,2
1906,143,1,2
1906,144,1,2
1906,145,1,2
1906,146,1,2
1906,147,1,2
1906,148,1,2
1906,149,1,2
1906,150,1,2
1906,151,1,2
1906,152,1,2
1906,153,1,2
1906,154,1,2
1906,155,1,2
1906,156,1,2
1906,157,1,2
1906,158,1,2
1906,159,1,2
1906,160,1,2
1906,161,1,2
1906,162,1,2
1906,163,1,2
1906,164,1,2
1906,165,1,2
1906,166,1,2
1906,167,1,2
1906,168,1,2
1906,169,1,2
1906,170,1,2
1906,171,1,2
1906,172,1,2
1906,173,1,2
1906,174,1,2
1906,175,1,2
1906,176,1,2
1906,177,1,2
1906,178,1,2
1906,179,1,2
1906,180,1,2
1906,181,1,2
1906,182,1,2
1906,183,1,2
1906,184,1,2
1906,185,1,2
1906,186,1,2
1906,187,1,2
1906,188,1,2
1906,189,1,2
1906,190,1,2
1906,191,1,2
1906,192,1,2
1906,193,1,2
1906,194,1,2
1906,195,1,2
1906,196,1,2
1906,197,1,2
1906,198,1,2
1906,199,1,2
1906,200,1,2
1906,201,1,2
1906,202,1,2
1906,203,1,2
1906,204,1,2
1906,205,1,2
1906,206,1,2
1906,207,1,2
1906,208,1,2
1906,209,1,2
1906,210,1,2
1906,211,1,2
1906,212,1,2
1906,213,1,2
1906,214,1,2
1906,215,1,2
1906,216,1,2
1906,217,1,2
1906,218,1,2
1906,219,1,2
1906,220,1,2
1906,221,1,2
1906,222,1,2
1906,223,1,2
1906,224,1,2
1906,225,1,2
1906,226,1,2
1906,227,1,2
1906,228,1,2
1906,229,1,2
1906,230,1,2
1906,231,1,2
1906,232,1,2
1906,233,1,2
1906,234,1,2
1906,235,1,2
1906,236,1,2
1906,237,1,2
1906,238,1,2
1906,239,1,2
1906,240,1,2
1906,241,1,2
1906,242,1,2
1906,243,1,2
1906,244,1,2
1906,245,1,2
1906,246,1,2
1906,247,1,2
1906,248,1,2
1906,249,1,2
1906,250,1,2
1906,251,1,2
1906,252,1,2
1906,253,1,2
1906,254,1,2
1906,255,1,2
1906,256,1,2
1906,257,1,2
1906,258,1,2
1906,259,1,2
1906,260,1,2
1906,261,1,2
1906,262,1,2
1906,263,1,2
1906,264,1,2
1906,265,1,2
1906,266,1,2
1906,267,1,2
1906,268,1,2
1906,269,1,2
1906,270,1,2
1906,271,1,2
1906,272,1,2
1906,273,1,2
1906,274,1,2
1906,275,1,2
1906,276,1,2
1906,277,1,2
1906,278,1,2
1906,279,1,2
1906,280,1,2
1906,281,1,2
1906,282,1,2
1906,283,1,2
1906,284,1,2
1906,285,1,2
1906,286,1,2
1906,287,1,2
1906,288,1,2
1906,289,1,2
1906,290,1,2
1906,291,1,2
1906,292,1,2
1906,293,1,2
1906,294,1,2
1906,295,1,2
1906,296,1,2
1906,297,1,2
1906,298,1,2
1906,299,1,2
1906,300,1,2
1906,301,1,2
1906,302,1,2
1906,303,1,2
1906,304,1,2
1906,305,1,2
1906,306,1,2
1906,307,1,2
1906,308,1,2
1906,309,1,2
1906,310,1,2
1906,311,1,2
1906,312,1,2
1906,313,1,2
1906,314,1,2
1906,315,1,2
1906,316,1,2
1906,317,1,2
1906,318,1,2
1906,319,1,2
1906,320,1,2
1906,321,1,2
1906,322,1,2
1906,323,1,2
1906,324,1,2
1906,325,1,2
1906,326,1,2
1906,327,1,2
1906,328,1,2
1906,329,1,2
1906,330,1,2
1906,331,1,2
1906,332,1,2
1906,333,1,2
1906,334,1,2
1906,335,1,2
1906,336,1,2
1906,337,1,2
1906,338,1,2
1906,339,1,2
1906,340,1,2
1906,341,1,2
1906,342,1,2
1906,343,1,2
1906,344,1,2
1906,345,1,2
1906,346,1,2
1906,347,1,2
1906,348,1,2
1906,349,1,2
1906,350,1,2
1906,351,1,2
1906,352,1,2
1906,353,1,2
1906,354,1,2
1906,355,1,2
1906,356,1,2
1906,357,1,2
1906,358,1,2
1906,359,1,2
1906,360,1,2
1906,361,1,2
1906,362,1,2
1906,363,1,2
1906,364,1,2
1906,365,1,2
1906,366,1,2
1906,367,1,2
1906,368,1,2
1906,369,1,2
1906,370,1,2
1906,371,1,2
1906,372,1,2
1906,373,1,2
1906,374,1,2
1906,375,1,2
1906,376,1,2
1906,377,1,2
1906,378,1,2
1906,379,1,2
1906,380,1,2
1906,381,1,2
1906,382,1,2
1906,383,1,2
1906,384,1,2
1906,385,1,2
1906,386,1,2
1906,387,1,2
1906,388,1,2
1906,389,1,2
1906,390,1,2
1906,391,1,2
1906,392,1,2
1906,393,1,2
1906,394,1,2
1906,395,1,2
1906,396,1,2
1906,397,1,2
1906,398,1,2
1906,399,1,2
1906,400,1,2
1906,401,1,2
1906,402,1,2
1906,403,1,2
1906,404,1,2
1906,405,1,2
1906,406,1,2
1906,407,1,2
1906,408,1,2
1906,409,1,2
1906,410,1,2
1906,411,1,2
1906,412,1,2
1906,413,1,2
1906,414,1,2
1906,415,1,2
1906,416,1,2
1906,417,1,2
1906,418,1,2
1906,419,1,2
1906,420,1,2
1906,421,1,3
1906,422,1,3
1906,423,1,3
1906,424,1,3
1906,425,1,3
1906,426,1,3
1906,427,1,3
1906,428,1,3
1906,429,1,3
1906,430,1,3
1906,431,1,3
1906,432,1,3
1906,433,1,3
1906,434,1,3
1906,435,1,3
1906,436,1,3
1906,437,1,3
1906,438,1,3
1906,439,1,3
1906,440,1,3
1906,441,1,3
1906,442,1,3
1906,443,1,3
1906,444,1,3
1906,445,1,3
1906,446,1,3
1906,447,1,3
1906,448,1,3
1906,449,1,3
1906,450,1,3
1906,451,1,3
1906,452,1,3
1906,453,1,3
1906,454,1,3
1906,455,1,3
1906,456,1,3
1906,457,1,3
1906,458,1,3
1906,459,1,3
1906,460,1,3
1906,461,1,3
1906,462,1,3
1906,463,1,3
1906,464,1,3
1906,465,1,3
1906,466,1,3
1906,467,1,3
1906,468,1,3
1906,469,1,3
1906,470,1,3
1906,471,1,3
1906,472,1,3
1906,473,1,3
1906,474,1,3
1906,475,1,3
1906,476,1,3
1906,477,1,3
1906,478,1,3
1906,479,1,3
1906,480,1,3
1906,481,1,3
1906,482,1,3
1906,483,1,3
1906,484,1,3
1906,485,1,3
1906,486,1,3
1906,487,1,2
1906,488,1,2
1906,489,1,2
1906,490,1,2
1906,491,1,2
1906,492,1,2
1906,493,1,2
1906,494,1,2
1906,495,1,2
1906,496,1,2
1906,497,1,2
1906,498,1,2
1906,499,1,2
1906,500,1,2
1906,501,1,2
1906,502,1,2
1906,503,1,2
1906,504,1,2
1906,505,1,2
1906,506,1,2
1906,507,1,2
1906,508,1,2
1906,509,1,2
1906,510,1,2
1906,511,1,2
1906,512,1,2
1906,513,1,2
1906,514,1,2
1906,515,1,2
1906,516,1,2
1906,517,1,2
1906,518,1,2
1906,519,1,2
1906,520,1,2
1906,521,1,2
1906,522,1,2
1906,523,1,2
1906,524,1,2
1906,525,1,2
1906,526,1,2
1906,527,1,2
1906,528,1,2
1906,529,1,2
1906,530,1,2
1906,531,1,2
1906,532,1,2
1906,533,1,2
1906,534,1,2
1906,535,1,2
1906,536,1,2
1906,537,1,2
1906,538,1,2
1906,539,1,2
1906,540,1,2
1906,541,1,2
1906,542,1,2
1906,543,1,2
1906,544,1,2
1906,545,1,2
1906,546,1,2
1906,547,1,2
1906,548,1,2
1906,549,1,2
1906,550,1,2
1906,551,1,2
1906,552,1,2
1906,553,1,2
1906,554,1,2
1906,555,1,2
1906,556,1,2
1906,557,1,2
1906,558,1,2
1906,559,1,2
1906,560,1,2
1906,561,1,2
1906,562,1,2
1906,563,1,2
1906,564,1,2
1906,565,1,2
1906,566,1,2
1906,567,1,2
1906,568,1,2
1906,569,1,2
1906,570,1,2
1906,571,1,2
1906,572,1,2
1906,573,1,2
1906,574,1,2
1906,575,1,2
1906,576,1,2
1906,577,1,2
1906,578,1,2
1906,579,1,2
1906,580,1,2
1906,581,1,2
1906,582,1,2
1906,583,1,2
1906,584,1,2
1906,585,1,2
1906,586,1,2
1906,587,1,2
1906,588,1,2
1906,589,1,2
1906,590,1,2
1906,591,1,2
1906,592,1,2
1906,593,1,2
1906,594,1,2
1906,595,1,2
1906,596,1,2
1906,597,1,2
1906,598,1,2
1906,599,1,2
1906,600,1,2
1906,601,1,2
1906,602,1,2
1906,603,1,2
1906,604,1,2
1906,605,1,2
1906,606,1,2
1906,607,1,2
1906,608,1,2
1906,609,1,2
1906,610,1,2
1906,611,1,2
1906,612,1,2
1906,613,1,2
1906,614,1,2
1906,615,1,2
1906,616,1,2
1906,617,1,2
1906,618,1,2
1906,619,1,2
1906,620,1,2
1906,621,1,2
1906,622,1,2
1906,623,1,2
1906,624,1,2
1906,625,1,2
1906,626,1,2
1906,627,1,2
1906,628,1,2
1906,629,1,2
1906,630,1,2
1906,631,1,2
1906,632,1,2
1906,633,1,2
1906,634,1,2
1906,635,1,2
1906,636,1,2
1906,637,1,2
1906,638,1,2
1906,639,1,2
1906,640,1,2
1906,641,1,2
1906,642,1,2
1906,643,1,2
1906,644,1,2
1906,645,1,2
1906,646,1,2
1906,647,1,2
1906,648,1,2
1907,108,1,2
1907,109,1,2
1907,110,1,2
1907,111,1,2
1907,112,1,2
1907,113,1,2
1907,114,1,2
1907,115,1,2
1907,116,1,2
1907,117,1,2
1907,118,1,2
1907,119,1,2
1907,120,1,2
1907,121,1,2
1907,122,1,2
1907,123,1,2
1907,124,1,2
1907,125,1,2
1907,126,1,2
1907,127,1,2
1907,128,1,2
1907,129,1,2
1907,130,1,2
1907,131,1,2
1907,132,1,2
1907,133,1,2
1907,134,1,2
1907,135,1,2
1907,136,1,2
1907,137,1,2
1907,138,1,2
1907,139,1,2
1907,140,1,2
1907,141,1,2
1907,142,1,2
1907,143,1,2
1907,144,1,2
1907,145,1,2
1907,146,1,2
1907,147,1,2
1907,148,1,2
1907,149,1,2
1907,150,1,2
1907,151,1,2
1907,152,1,2
1907,153,1,2
1907,154,1,2
1907,155,1,2
1907,156,1,2
1907,157,1,2
1907,158,1,2
1907,159,1,2
1907,160,1,2
1907,161,1,2
1907,162,1,2
1907,163,1,2
1907,164,1,2
1907,165,1,2
1907,166,1,2
1907,167,1,2
1907,168,1,2
1907,169,1,2
1907,170,1,2
1907,171,1,2
1907,172,1,2
1907,173,1,2
1907,174,1,2
1907,175,1,2
1907,176,1,2
1907,177,1,2
1907,178,1,2
1907,179,1,2
1907,180,1,2
1907,181,1,2
1907,182,1,2
1907,183,1,2
1907,184,1,2
1907,185,1,2
1907,186,1,2
1907,187,1,2
1907,188,1,2
1907,189,1,2
1907,190,1,2
1907,191,1,2
1907,192,1,2
1907,193,1,2
1907,194,1,2
1907,195,1,2
1907,196,1,2
1907,197,1,2
1907,198,1,2
1907,199,1,2
1907,200,1,2
1907,201,1,2
1907,202,1,2
1907,203,1,2
1907,204,1,2
1907,205,1,2
1907,206,1,2
1907,207,1,2
1907,208,1,2
1907,209,1,2
1907,210,1,2
1907,211,1,2
1907,212,1,2
1907,213,1,2
1907,214,1,2
1907,215,1,2
1907,216,1,2
1907,217,1,2
1907,218,1,2
1907,219,1,2
1907,220,1,2
1907,221,1,2
1907,222,1,2
1907,223,1,2
1907,224,1,2
1907,225,1,2
1907,226,1,2
1907,227,1,2
1907,228,1,2
1907,229,1,2
1907,230,1,2
1907,231,1,2
1907,232,1,2
1907,233,1,2
1907,234,1,2
1907,235,1,2
1907,236,1,2
1907,237,1,2
1907,238,1,2
1907,239,1,2
1907,240,1,2
1907,241,1,2
1907,242,1,2
1907,243,1,2
1907,244,1,2
1907,245,1,2
1907,246,1,2
1907,247,1,2
1907,248,1,2
1907,249,1,2
1907,250,1,2
1907,251,1,2
1907,252,1,2
1907,253,1,2
1907,254,1,2
1907,255,1,2
1907,256,1,2
1907,257,1,2
1907,258,1,2
1907,259,1,2
1907,260,1,2
1907,261,1,2
1907,262,1,2
1907,263,1,2
1907,264,1,2
1907,265,1,2
1907,266,1,2
1907,267,1,2
1907,268,1,2
1907,269,1,2
1907,270,1,2
1907,271,1,2
1907,272,1,2
1907,273,1,2
1907,274,1,2
1907,275,1,2
1907,276,1,2
1907,277,1,2
1907,278,1,2
1907,279,1,2
1907,280,1,2
1907,281,1,2
1907,282,1,2
1907,283,1,2
1907,284,1,2
1907,285,1,2
1907,286,1,2
1907,287,1,2
1907,288,1,2
1907,289,1,2
1907,290,1,2
1907,291,1,2
1907,292,1,2
1907,293,1,2
1907,294,1,2
1907,295,1,2
1907,296,1,2
1907,297,1,2
1907,298,1,2
1907,299,1,2
1907,300,1,2
1907,301,1,2
1907,302,1,2
1907,303,1,2
1907,304,1,2
1907,305,1,2
1907,306,1,2
1907,307,1,2
1907,308,1,2
1907,309,1,2
1907,310,1,2
1907,311,1,2
1907,312,1,2
1907,313,1,2
1907,314,1,2
1907,315,1,2
1907,316,1,2
1907,317,1,2
1907,318,1,2
1907,319,1,2
1907,320,1,2
1907,321,1,2
1907,322,1,2
1907,323,1,2
1907,324,1,2
1907,325,1,2
1907,326,1,2
1907,327,1,2
1907,328,1,2
1907,329,1,2
1907,330,1,2
1907,331,1,2
1907,332,1,2
1907,333,1,2
1907,334,1,2
1907,335,1,2
1907,336,1,2
1907,337,1,2
1907,338,1,2
1907,339,1,2
1907,340,1,2
1907,341,1,2
1907,342,1,2
1907,343,1,2
1907,344,1,2
1907,345,1,2
1907,346,1,2
1907,347,1,2
1907,348,1,2
1907,349,1,2
1907,350,1,2
1907,351,1,2
1907,352,1,2
1907,353,1,2
1907,354,1,2
1907,355,1,2
1907,356,1,2
1907,357,1,2
1907,358,1,2
1907,359,1,2
1907,360,1,2
1907,361,1,2
1907,362,1,2
1907,363,1,2
1907,364,1,2
1907,365,1,2
1907,366,1,2
1907,367,1,2
1907,368,1,2
1907,369,1,2
1907,370,1,2
1907,371,1,2
1907,372,1,2
1907,373,1,2
1907,374,1,2
1907,375,1,2
1907,376,1,2
1907,377,1,2
1907,378,1,2
1907,379,1,2
1907,380,1,2
1907,381,1,2
1907,382,1,2
1907,383,1,2
1907,384,1,2
1907,385,1,2
1907,386,1,2
1907,387,1,2
1907,388,1,2
1907,389,1,2
1907,390,1,2
1907,391,1,2
1907,392,1,2
1907,393,1,2
1907,394,1,2
1907,395,1,2
1907,396,1,2
1907,397,1,2
1907,398,1,2
1907,399,1,2
1907,400,1,2
1907,401,1,2
1907,402,1,2
1907,403,1,2
1907,404,1,2
1907,405,1,2
1907,406,1,2
1907,407,1,2
1907,408,1,2
1907,409,1,2
1907,410,1,2
1907,411,1,2
1907,412,1,2
1907,413,1,2
1907,414,1,2
1907,415,1,2
1907,416,1,2
1907,417,1,2
1907,418,1,2
1907,419,1,2
1907,420,1,2
1907,421,1,3
1907,422,1,3
1907,423,1,3
1907,424,1,3
1907,425,1,3
1907,426,1,3
1907,427,1,3
1907,428,1,3
1907,429,1,3
1907,430,1,3
1907,431,1,3
1907,432,1,3
1907,433,1,3
1907,434,1,3
1907,435,1,3
1907,436,1,3
1907,437,1,3
1907,438,1,3
1907,439,1,3
1907,440,1,3
1907,441,1,3
1907,442,1,3
1907,443,1,3
1907,444,1,3
1907,445,1,3
1907,446,1,3
1907,447,1,3
1907,448,1,3
1907,449,1,3
1907,450,1,3
1907,451,1,3
1907,452,1,3
1907,453,1,3
1907,454,1,3
1907,455,1,3
1907,456,1,3
1907,457,1,3
1907,458,1,3
1907,459,1,3
1907,460,1,3
1907,461,1,3
1907,462,1,3
1907,463,1,3
1907,464,1,3
1907,465,1,3
1907,466,1,3
1907,467,1,3
1907,468,1,3
1907,469,1,3
1907,470,1,3
1907,471,1,3
1907,472,1,3
1907,473,1,3
1907,474,1,3
1907,475,1,3
1907,476,1,3
1907,477,1,3
1907,478,1,3
1907,479,1,3
1907,480,1,3
1907,481,1,3
1907,482,1,3
1907,483,1,3
1907,484,1,3
1907,485,1,3
1907,486,1,3
1907,487,1,2
1907,488,1,2
1907,489,1,2
1907,490,1,2
1907,491,1,2
1907,492,1,2
1907,493,1,2
1907,494,1,2
1907,495,1,2
1907,496,1,2
1907,497,1,2
1907,498,1,2
1907,499,1,2
1907,500,1,2
1907,501,1,2
1907,502,1,2
1907,503,1,2
1907,504,1,2
1907,505,1,2
1907,506,1,2
1907,507,1,2
1907,508,1,2
1907,509,1,2
1907,510,1,2
1907,511,1,2
1907,512,1,2
1907,513,1,2
1907,514,1,2
1907,515,1,2
1907,516,1,2
1907,517,1,2
1907,518,1,2
1907,519,1,2
1907,520,1,2
1907,521,1,3
1907,522,1,3
1907,523,1,3
1907,524,1,3
1907,525,1,2
1907,526,1,2
1907,527,1,2
1907,528,1,2
1907,529,1,2
1907,530,1,2
1907,531,1,2
1907,532,1,2
1907,533,1,2
1907,534,1,2
1907,535,1,2
1907,536,1,2
1907,537,1,2
1907,538,1,2
1907,539,1,2
1907,540,1,2
1907,541,1,2
1907,542,1,2
1907,543,1,2
1907,544,1,2
1907,545,1,2
1907,546,1,2
1907,547,1,2
1907,548,1,2
1907,549,1,2
1907,550,1,2
1907,551,1,2
1907,552,1,2
1907,553,1,2
1907,554,1,2
1907,555,1,2
1907,556,1,2
1907,557,1,2
1907,558,1,2
1907,559,1,2
1907,560,1,2
1907,561,1,2
1907,562,1,2
1907,563,1,2
1907,564,1,2
1907,565,1,2
1907,566,1,2
1907,567,1,2
1907,568,1,2
1907,569,1,2
1907,570,1,2
1907,571,1,2
1907,572,1,2
1907,573,1,2
1907,574,1,2
1907,575,1,2
1907,576,1,2
1907,577,1,2
1907,578,1,2
1907,579,1,2
1907,580,1,2
1907,581,1,2
1907,582,1,2
1907,583,1,2
1907,584,1,2
1907,585,1,2
1907,586,1,2
1907,587,1,2
1907,588,1,2
1907,589,1,2
1907,590,1,2
1907,591,1,2
1907,592,1,2
1907,593,1,2
1907,594,1,2
1907,595,1,2
1907,596,1,2
1907,597,1,2
1907,598,1,2
1907,599,1,2
1907,600,1,2
1907,601,1,2
1907,602,1,2
1907,603,1,2
1907,604,1,2
1907,605,1,2
1907,606,1,2
1907,607,1,2
1907,608,1,2
1907,609,1,2
1907,610,1,2
1907,611,1,2
1907,612,1,2
1907,613,1,2
1907,614,1,2
1907,615,1,2
1907,616,1,2
1907,617,1,2
1907,618,1,2
1907,619,1,2
1907,620,1,2
1907,621,1,2
1907,622,1,2
1907,623,1,2
1907,624,1,2
1907,625,1,2
1907,626,1,2
1907,627,1,2
1907,628,1,2
1907,629,1,2
1907,630,1,2
1907,631,1,2
1907,632,1,2
1907,633,1,2
1907,634,1,2
1907,635,1,2
1907,636,1,2
1907,637,1,2
1907,638,1,2
1907,639,1,2
1907,640,1,2
1907,641,1,2
1907,642,1,2
1907,643,1,2
1907,644,1,2
1907,645,1,2
1907,646,1,2
1907,647,1,2
1907,648,1,2
1908,107,1,2
1908,108,1,2
1908,109,1,2
1908,110,1,2
1908,111,1,2
1908,112,1,2
1908,113,1,2
1908,114,1,2
1908,115,1,2
1908,116,1,2
1908,117,1,2
1908,118,1,2
1908,119,1,2
1908,120,1,2
1908,121,1,2
1908,122,1,2
1908,123,1,2
1908,124,1,2
1908,125,1,2
1908,126,1,2
1908,127,1,2
1908,128,1,2
1908,129,1,2
1908,130,1,2
1908,131,1,2
1908,132,1,2
1908,133,1,2
1908,134,1,2
1908,135,1,2
1908,136,1,2
1908,137,1,2
1908,138,1,2
1908,139,1,2
1908,140,1,2
1908,141,1,2
1908,142,1,2
1908,143,1,2
1908,144,1,2
1908,145,1,2
1908,146,1,2
1908,147,1,2
1908,148,1,2
1908,149,1,2
1908,150,1,2
1908,151,1,2
1908,152,1,2
1908,153,1,2
1908,154,1,2
1908,155,1,2
1908,156,1,2
1908,157,1,2
1908,158,1,2
1908,159,1,2
1908,160,1,2
1908,161,1,2
1908,162,1,2
1908,163,1,2
1908,164,1,2
1908,165,1,2
1908,166,1,2
1908,167,1,2
1908,168,1,2
1908,169,1,2
1908,170,1,2
1908,171,1,2
1908,172,1,2
1908,173,1,2
1908,174,1,2
1908,175,1,2
1908,176,1,2
1908,177,1,2
1908,178,1,2
1908,179,1,2
1908,180,1,2
1908,181,1,2
1908,182,1,2
1908,183,1,2
1908,184,1,2
1908,185,1,2
1908,186,1,2
1908,187,1,2
1908,188,1,2
1908,189,1,2
1908,190,1,2
1908,191,1,2
1908,192,1,2
1908,193,1,2
1908,194,1,2
1908,195,1,2
1908,196,1,2
1908,197,1,2
1908,198,1,2
1908,199,1,2
1908,200,1,2
1908,201,1,2
1908,202,1,2
1908,203,1,2
1908,204,1,2
1908,205,1,2
1908,206,1,2
1908,207,1,2
1908,208,1,2
1908,209,1,2
1908,210,1,2
1908,211,1,2
1908,212,1,2
1908,213,1,2
1908,214,1,2
1908,215,1,2
1908,216,1,2
1908,217,1,2
1908,218,1,2
1908,219,1,2
1908,220,1,2
1908,221,1,2
1908,222,1,2
1908,223,1,2
1908,224,1,2
1908,225,1,2
1908,226,1,2
1908,227,1,2
1908,228,1,2
1908,229,1,2
1908,230,1,2
1908,231,1,2
1908,232,1,2
1908,233,1,2
1908,234,1,2
1908,235,1,2
1908,236,1,2
1908,237,1,2
1908,238,1,2
1908,239,1,2
1908,240,1,2
1908,241,1,2
1908,242,1,2
1908,243,1,2
1908,244,1,2
1908,245,1,2
1908,246,1,2
1908,247,1,2
1908,248,1,2
1908,249,1,2
1908,250,1,2
1908,251,1,2
1908,252,1,2
1908,253,1,2
1908,254,1,2
1908,255,1,2
1908,256,1,2
1908,257,1,2
1908,258,1,2
1908,259,1,2
1908,260,1,2
1908,261,1,2
1908,262,1,2
1908,263,1,2
1908,264,1,2
1908,265,1,2
1908,266,1,2
1908,267,1,2
1908,268,1,2
1908,269,1,2
1908,270,1,2
1908,271,1,2
1908,272,1,2
1908,273,1,2
1908,274,1,2
1908,275,1,2
1908,276,1,2
1908,277,1,2
1908,278,1,2
1908,279,1,2
1908,280,1,2
1908,281,1,2
1908,282,1,2
1908,283,1,2
1908,284,1,2
1908,285,1,2
1908,286,1,2
1908,287,1,2
1908,288,1,2
1908,289,1,2
1908,290,1,2
1908,291,1,2
1908,292,1,2
1908,293,1,2
1908,294,1,2
1908,295,1,2
1908,296,1,2
1908,297,1,2
1908,298,1,2
1908,299,1,2
1908,300,1,2
1908,301,1,2
1908,302,1,2
1908,303,1,2
1908,304,1,2
1908,305,1,2
1908,306,1,2
1908,307,1,2
1908,308,1,2
1908,309,1,2
1908,310,1,2
1908,311,1,2
1908,312,1,2
1908,313,1,2
1908,314,1,2
1908,315,1,2
1908,316,1,2
1908,317,1,2
1908,318,1,2
1908,319,1,2
1908,320,1,2
1908,321,1,2
1908,322,1,2
1908,323,1,2
1908,324,1,2
1908,325,1,2
1908,326,1,2
1908,327,1,2
1908,328,1,2
1908,329,1,2
1908,330,1,2
1908,331,1,2
1908,332,1,2
1908,333,1,2
1908,334,1,2
1908,335,1,2
1908,336,1,2
1908,337,1,2
1908,338,1,2
1908,339,1,2
1908,340,1,2
1908,341,1,2
1908,342,1,2
1908,343,1,2
1908,344,1,2
1908,345,1,2
1908,346,1,2
1908,347,1,2
1908,348,1,2
1908,349,1,2
1908,350,1,2
1908,351,1,2
1908,352,1,2
1908,353,1,2
1908,354,1,2
1908,355,1,2
1908,356,1,2
1908,357,1,2
1908,358,1,2
1908,359,1,2
1908,360,1,2
1908,361,1,2
1908,362,1,2
1908,363,1,2
1908,364,1,2
1908,365,1,2
1908,366,1,2
1908,367,1,2
1908,368,1,2
1908,369,1,2
1908,370,1,2
1908,371,1,2
1908,372,1,2
1908,373,1,2
1908,374,1,2
1908,375,1,3
1908,376,1,3
1908,377,1,3
1908,378,1,3
1908,379,1,3
1908,380,1,3
1908,381,1,2
1908,382,1,2
1908,383,1,2
1908,384,1,2
1908,385,1,2
1908,386,1,2
1908,387,1,2
1908,388,1,2
1908,389,1,2
1908,390,1,2
1908,391,1,2
1908,392,1,2
1908,393,1,2
1908,394,1,2
1908,395,1,2
1908,396,1,2
1908,397,1,2
1908,398,1,2
1908,399,1,2
1908,400,1,2
1908,401,1,2
1908,402,1,2
1908,403,1,2
1908,404,1,2
1908,405,1,2
1908,406,1,2
1908,407,1,2
1908,408,1,2
1908,409,1,2
1908,410,1,2
1908,411,1,2
1908,412,1,2
1908,413,1,2
1908,414,1,2
1908,415,1,2
1908,416,1,2
1908,417,1,2
1908,418,1,2
1908,419,1,2
1908,420,1,2
1908,421,1,3
1908,422,1,3
1908,423,1,3
1908,424,1,3
1908,425,1,3
1908,426,1,3
1908,427,1,3
1908,428,1,3
1908,429,1,3
1908,430,1,3
1908,431,1,3
1908,432,1,3
1908,433,1,3
1908,434,1,3
1908,435,1,3
1908,436,1,3
1908,437,1,3
1908,438,1,3
1908,439,1,3
1908,440,1,3
1908,441,1,3
1908,442,1,3
1908,443,1,3
1908,444,1,3
1908,445,1,3
1908,446,1,3
1908,447,1,3
1908,448,1,3
1908,449,1,3
1908,450,1,3
1908,451,1,3
1908,452,1,3
1908,453,1,3
1908,454,1,3
1908,455,1,3
1908,456,1,3
1908,457,1,3
1908,458,1,3
1908,459,1,3
1908,460,1,3
1908,461,1,3
1908,462,1,3
1908,463,1,3
1908,464,1,3
1908,465,1,3
1908,466,1,3
1908,467,1,3
1908,468,1,3
1908,469,1,3
1908,470,1,3
1908,471,1,3
1908,472,1,3
1908,473,1,3
1908,474,1,3
1908,475,1,3
1908,476,1,3
1908,477,1,3
1908,478,1,3
1908,479,1,3
1908,480,1,3
1908,481,1,3
1908,482,1,3
1908,483,1,3
1908,484,1,3
1908,485,1,3
1908,486,1,3
1908,487,1,2
1908,488,1,2
1908,489,1,2
1908,490,1,2
1908,491,1,2
1908,492,1,2
1908,493,1,2
1908,494,1,2
1908,495,1,2
1908,496,1,2
1908,497,1,2
1908,498,1,2
1908,499,1,2
1908,500,1,2
1908,501,1,2
1908,502,1,2
1908,503,1,2
1908,504,1,2
1908,505,1,2
1908,506,1,2
1908,507,1,2
1908,508,1,2
1908,509,1,2
1908,510,1,2
1908,511,1,2
1908,512,1,2
1908,513,1,2
1908,514,1,2
1908,515,1,2
1908,516,1,2
1908,517,1,2
1908,518,1,3
1908,519,1,3
1908,520,1,3
1908,521,1,3
1908,522,1,3
1908,523,1,3
1908,524,1,3
1908,525,1,3
1908,526,1,3
1908,527,1,3
1908,528,1,3
1908,529,1,3
1908,530,1,2
1908,531,1,2
1908,532,1,2
1908,533,1,2
1908,534,1,2
1908,535,1,2
1908,536,1,2
1908,537,1,2
1908,538,1,2
1908,539,1,2
1908,540,1,2
1908,541,1,2
1908,542,1,2
1908,543,1,2
1908,544,1,2
1908,545,1,2
1908,546,1,2
1908,547,1,2
1908,548,1,2
1908,549,1,2
1908,550,1,2
1908,551,1,2
1908,552,1,2
1908,553,1,2
1908,554,1,2
1908,555,1,2
1908,556,1,2
1908,557,1,2
1908,558,1,2
1908,559,1,2
1908,560,1,2
1908,561,1,2
1908,562,1,2
1908,563,1,2
1908,564,1,2
1908,565,1,2
1908,566,1,2
1908,567,1,2
1908,568,1,2
1908,569,1,2
1908,570,1,2
1908,571,1,2
1908,572,1,2
1908,573,1,2
1908,574,1,2
1908,575,1,2
1908,576,1,2
1908,577,1,2
1908,578,1,2
1908,579,1,2
1908,580,1,2
1908,581,1,2
1908,582,1,2
1908,583,1,2
1908,584,1,2
1908,585,1,2
1908,586,1,2
1908,587,1,2
1908,588,1,2
1908,589,1,2
1908,590,1,2
1908,591,1,2
1908,592,1,2
1908,593,1,2
1908,594,1,2
1908,595,1,2
1908,596,1,2
1908,597,1,2
1908,598,1,2
1908,599,1,2
1908,600,1,2
1908,601,1,2
1908,602,1,2
1908,603,1,2
1908,604,1,2
1908,605,1,2
1908,606,1,2
1908,607,1,2
1908,608,1,2
1908,609,1,2
1908,610,1,2
1908,611,1,2
1908,612,1,2
1908,613,1,2
1908,614,1,2
1908,615,1,2
1908,616,1,2
1908,617,1,2
1908,618,1,2
1908,619,1,2
1908,620,1,2
1908,621,1,2
1908,622,1,2
1908,623,1,2
1908,624,1,2
1908,625,1,2
1908,626,1,2
1908,627,1,2
1908,628,1,2
1908,629,1,2
1908,630,1,2
1908,631,1,2
1908,632,1,2
1908,633,1,2
1908,634,1,2
1908,635,1,2
1908,636,1,2
1908,637,1,2
1908,638,1,2
1908,639,1,2
1908,640,1,2
1908,641,1,2
1908,642,1,2
1908,643,1,2
1908,644,1,2
1908,645,1,2
1908,646,1,2
1908,647,1,2
1908,648,1,2
1909,107,1,2
1909,108,1,2
1909,109,1,2
1909,110,1,2
1909,111,1,2
1909,112,1,2
1909,113,1,2
1909,114,1,2
1909,115,1,2
1909,116,1,2
1909,117,1,2
1909,118,1,2
1909,119,1,2
1909,120,1,2
1909,121,1,2
1909,122,1,2
1909,123,1,2
1909,124,1,2
1909,125,1,2
1909,126,1,2
1909,127,1,2
1909,128,1,2
1909,129,1,2
1909,130,1,2
1909,131,1,2
1909,132,1,2
1909,133,1,2
1909,134,1,2
1909,135,1,2
1909,136,1,2
1909,137,1,2
1909,138,1,2
1909,139,1,2
1909,140,1,2
1909,141,1,2
1909,142,1,2
1909,143,1,2
1909,144,1,2
1909,145,1,2
1909,146,1,2
1909,147,1,2
1909,148,1,2
1909,149,1,2
1909,150,1,2
1909,151,1,2
1909,152,1,2
1909,153,1,2
1909,154,1,2
1909,155,1,2
1909,156,1,2
1909,157,1,2
1909,158,1,2
1909,159,1,2
1909,160,1,2
1909,161,1,2
1909,162,1,2
1909,163,1,2
1909,164,1,2
1909,165,1,2
1909,166,1,2
1909,167,1,2
1909,168,1,2
1909,169,1,2
1909,170,1,2
1909,171,1,2
1909,172,1,2
1909,173,1,2
1909,174,1,2
1909,175,1,2
1909,176,1,2
1909,177,1,2
1909,178,1,2
1909,179,1,2
1909,180,1,2
1909,181,1,2
1909,182,1,2
1909,183,1,2
1909,184,1,2
1909,185,1,2
1909,186,1,2
1909,187,1,2
1909,188,1,2
1909,189,1,2
1909,190,1,2
1909,191,1,2
1909,192,1,2
1909,193,1,2
1909,194,1,2
1909,195,1,2
1909,196,1,2
1909,197,1,2
1909,198,1,2
1909,199,1,2
1909,200,1,2
1909,201,1,2
1909,202,1,2
1909,203,1,2
1909,204,1,2
1909,205,1,2
1909,206,1,2
1909,207,1,2
1909,208,1,2
1909,209,1,2
1909,210,1,2
1909,211,1,2
1909,212,1,2
1909,213,1,2
1909,214,1,2
1909,215,1,2
1909,216,1,2
1909,217,1,2
1909,218,1,2
1909,219,1,2
1909,220,1,2
1909,221,1,2
1909,222,1,2
1909,223,1,2
1909,224,1,2
1909,225,1,2
1909,226,1,2
1909,227,1,2
1909,228,1,2
1909,229,1,2
1909,230,1,2
1909,231,1,2
1909,232,1,2
1909,233,1,2
1909,234,1,2
1909,235,1,2
1909,236,1,2
1909,237,1,2
1909,238,1,2
1909,239,1,2
1909,240,1,2
1909,241,1,2
1909,242,1,2
1909,243,1,2
1909,244,1,2
1909,245,1,2
1909,246,1,2
1909,247,1,2
1909,248,1,2
1909,249,1,2
1909,250,1,2
1909,251,1,2
1909,252,1,2
1909,253,1,2
1909,254,1,2
1909,255,1,2
1909,256,1,2
1909,257,1,2
1909,258,1,3
1909,259,1,3
1909,260,1,2
1909,261,1,2
1909,262,1,2
1909,263,1,2
1909,264,1,2
1909,265,1,2
1909,266,1,2
1909,267,1,2
1909,268,1,2
1909,269,1,2
1909,270,1,2
1909,271,1,2
1909,272,1,2
1909,273,1,2
1909,274,1,2
1909,275,1,2
1909,276,1,2
1909,277,1,2
1909,278,1,2
1909,279,1,2
1909,280,1,2
1909,281,1,2
1909,282,1,2
1909,283,1,2
1909,284,1,2
1909,285,1,2
1909,286,1,2
1909,287,1,2
1909,288,1,2
1909,289,1,2
1909,290,1,2
1909,291,1,2
1909,292,1,2
1909,293,1,2
1909,294,1,2
1909,295,1,2
1909,296,1,2
1909,297,1,2
1909,298,1,2
1909,299,1,2
1909,300,1,2
1909,301,1,2
1909,302,1,2
1909,303,1,2
1909,304,1,2
1909,305,1,2
1909,306,1,2
1909,307,1,2
1909,308,1,2
1909,309,1,2
1909,310,1,2
1909,311,1,2
1909,312,1,2
1909,313,1,2
1909,314,1,2
1909,315,1,2
1909,316,1,2
1909,317,1,2
1909,318,1,2
1909,319,1,2
1909,320,1,2
1909,321,1,2
1909,322,1,2
1909,323,1,2
1909,324,1,2
1909,325,1,2
1909,326,1,2
1909,327,1,2
1909,328,1,2
1909,329,1,2
1909,330,1,2
1909,331,1,2
1909,332,1,2
1909,333,1,2
1909,334,1,2
1909,335,1,2
1909,336,1,2
1909,337,1,2
1909,338,1,2
1909,339,1,2
1909,340,1,2
1909,341,1,2
1909,342,1,2
1909,343,1,2
1909,344,1,2
1909,345,1,2
1909,346,1,2
1909,347,1,2
1909,348,1,2
1909,349,1,2
1909,350,1,2
1909,351,1,2
1909,352,1,2
1909,353,1,2
1909,354,1,2
1909,355,1,2
1909,356,1,2
1909,357,1,2
1909,358,1,2
1909,359,1,2
1909,360,1,2
1909,361,1,2
1909,362,1,2
1909,363,1,2
1909,364,1,2
1909,365,1,2
1909,366,1,2
1909,367,1,2
1909,368,1,2
1909,369,1,2
1909,370,1,2
1909,371,1,2
1909,372,1,3
1909,373,1,3
1909,374,1,3
1909,375,1,3
1909,376,1,3
1909,377,1,3
1909,378,1,3
1909,379,1,3
1909,380,1,3
1909,381,1,3
1909,382,1,3
1909,383,1,3
1909,384,1,2
1909,385,1,2
1909,386,1,2
1909,387,1,2
1909,388,1,2
1909,389,1,2
1909,390,1,2
1909,391,1,2
1909,392,1,2
1909,393,1,2
1909,394,1,2
1909,395,1,2
1909,396,1,2
1909,397,1,2
1909,398,1,2
1909,399,1,2
1909,400,1,2
1909,401,1,2
1909,402,1,2
1909,403,1,2
1909,404,1,2
1909,405,1,2
1909,406,1,2
1909,407,1,2
1909,408,1,2
1909,409,1,2
1909,410,1,2
1909,411,1,2
1909,412,1,2
1909,413,1,2
1909,414,1,2
1909,415,1,2
1909,416,1,2
1909,417,1,2
1909,418,1,2
1909,419,1,2
1909,420,1,2
1909,421,1,2
1909,422,1,3
1909,423,1,3
1909,424,1,3
1909,425,1,3
1909,426,1,3
1909,427,1,3
1909,428,1,3
1909,429,1,3
1909,430,1,3
1909,431,1,3
1909,432,1,3
1909,433,1,3
1909,434,1,3
1909,435,1,3
1909,436,1,3
1909,437,1,3
1909,438,1,3
1909,439,1,3
1909,440,1,3
1909,441,1,3
1909,442,1,3
1909,443,1,3
1909,444,1,3
1909,445,1,3
1909,446,1,3
1909,447,1,3
1909,448,1,3
1909,449,1,3
1909,450,1,3
1909,451,1,3
1909,452,1,3
1909,453,1,3
1909,454,1,3
1909,455,1,3
1909,456,1,3
1909,457,1,3
1909,458,1,3
1909,459,1,3
1909,460,1,3
1909,461,1,3
1909,462,1,3
1909,463,1,3
1909,464,1,3
1909,465,1,3
1909,466,1,3
1909,467,1,3
1909,468,1,3
1909,469,1,3
1909,470,1,3
1909,471,1,3
1909,472,1,3
1909,473,1,3
1909,474,1,3
1909,475,1,3
1909,476,1,3
1909,477,1,3
1909,478,1,3
1909,479,1,3
1909,480,1,3
1909,481,1,3
1909,482,1,3
1909,483,1,3
1909,484,1,3
1909,485,1,3
1909,486,1,2
1909,487,1,2
1909,488,1,2
1909,489,1,2
1909,490,1,2
1909,491,1,2
1909,492,1,2
1909,493,1,2
1909,494,1,2
1909,495,1,2
1909,496,1,2
1909,497,1,2
1909,498,1,2
1909,499,1,2
1909,500,1,2
1909,501,1,2
1909,502,1,2
1909,503,1,2
1909,504,1,2
1909,505,1,2
1909,506,1,2
1909,507,1,2
1909,508,1,2
1909,509,1,2
1909,510,1,2
1909,511,1,2
1909,512,1,2
1909,513,1,2
1909,514,1,2
1909,515,1,2
1909,516,1,3
1909,517,1,3
1909,518,1,3
1909,519,1,3
1909,520,1,3
1909,521,1,3
1909,522,1,3
1909,523,1,3
1909,524,1,3
1909,525,1,3
1909,526,1,3
1909,527,1,3
1909,528,1,3
1909,529,1,3
1909,530,1,3
1909,531,1,2
1909,532,1,2
1909,533,1,2
1909,534,1,2
1909,535,1,2
1909,536,1,2
1909,537,1,2
1909,538,1,2
1909,539,1,2
1909,540,1,2
1909,541,1,2
1909,542,1,2
1909,543,1,2
1909,544,1,2
1909,545,1,2
1909,546,1,2
1909,547,1,2
1909,548,1,2
1909,549,1,2
1909,550,1,2
1909,551,1,2
1909,552,1,2
1909,553,1,2
1909,554,1,2
1909,555,1,2
1909,556,1,2
1909,557,1,2
1909,558,1,2
1909,559,1,2
1909,560,1,2
1909,561,1,2
1909,562,1,2
1909,563,1,2
1909,564,1,2
1909,565,1,2
1909,566,1,2
1909,567,1,2
1909,568,1,2
1909,569,1,2
1909,570,1,2
1909,571,1,2
1909,572,1,2
1909,573,1,2
1909,574,1,2
1909,575,1,2
1909,576,1,2
1909,577,1,2
1909,578,1,2
1909,579,1,2
1909,580,1,2
1909,581,1,2
1909,582,1,2
1909,583,1,2
1909,584,1,2
1909,585,1,2
1909,586,1,2
1909,587,1,2
1909,588,1,2
1909,589,1,2
1909,590,1,2
1909,591,1,2
1909,592,1,2
1909,593,1,2
1909,594,1,2
1909,595,1,2
1909,596,1,2
1909,597,1,2
1909,598,1,2
1909,599,1,2
1909,600,1,2
1909,601,1,2
1909,602,1,2
1909,603,1,2
1909,604,1,2
1909,605,1,2
1909,606,1,2
1909,607,1,2
1909,608,1,2
1909,609,1,2
1909,610,1,2
1909,611,1,2
1909,612,1,2
1909,613,1,2
1909,614,1,2
1909,615,1,2
1909,616,1,2
1909,617,1,2
1909,618,1,2
1909,619,1,2
1909,620,1,2
1909,621,1,2
1909,622,1,2
1909,623,1,2
1909,624,1,2
1909,625,1,2
1909,626,1,2
1909,627,1,2
1909,628,1,2
1909,629,1,2
1909,630,1,2
1909,631,1,2
1909,632,1,2
1909,633,1,2
1909,634,1,2
1909,635,1,2
1909,636,1,2
1909,637,1,2
1909,638,1,2
1909,639,1,2
1909,640,1,2
1909,641,1,2
1909,642,1,2
1909,643,1,2
1909,644,1,2
1909,645,1,2
1909,646,1,2
1909,647,1,2
1910,107,1,2
1910,108,1,2
1910,109,1,2
1910,110,1,2
1910,111,1,2
1910,112,1,2
1910,113,1,2
1910,114,1,2
1910,115,1,2
1910,116,1,2
1910,117,1,2
1910,118,1,2
1910,119,1,2
1910,120,1,2
1910,121,1,2
1910,122,1,2
1910,123,1,2
1910,124,1,2
1910,125,1,2
1910,126,1,2
1910,127,1,2
1910,128,1,2
1910,129,1,2
1910,130,1,2
1910,131,1,2
1910,132,1,2
1910,133,1,2
1910,134,1,2
1910,135,1,2
1910,136,1,2
1910,137,1,2
1910,138,1,2
1910,139,1,2
1910,140,1,2
1910,141,1,2
1910,142,1,2
1910,143,1,2
1910,144,1,2
1910,145,1,2
1910,146,1,2
1910,147,1,2
1910,148,1,2
1910,149,1,2
1910,150,1,2
1910,151,1,2
1910,152,1,2
1910,153,1,2
1910,154,1,2
1910,155,1,2
1910,156,1,2
1910,157,1,2
1910,158,1,2
1910,159,1,2
1910,160,1,2
1910,161,1,2
1910,162,1,2
1910,163,1,2
1910,164,1,2
1910,165,1,2
1910,166,1,2
1910,167,1,2
1910,168,1,2
1910,169,1,2
1910,170,1,2
1910,171,1,2
1910,172,1,2
1910,173,1,2
1910,174,1,2
1910,175,1,2
1910,176,1,2
1910,177,1,2
1910,178,1,2
1910,179,1,2
1910,180,1,2
1910,181,1,2
1910,182,1,2
1910,183,1,2
1910,184,1,2
1910,185,1,2
1910,186,1,2
1910,187,1,2
1910,188,1,2
1910,189,1,2
1910,190,1,2
1910,191,1,2
1910,192,1,2
1910,193,1,2
1910,194,1,2
1910,195,1,2
1910,196,1,2
1910,197,1,2
1910,198,1,2
1910,199,1,2
1910,200,1,2
1910,201,1,2
1910,202,1,2
1910,203,1,2
1910,204,1,2
1910,205,1,2
1910,206,1,2
1910,207,1,2
1910,208,1,2
1910,209,1,2
1910,210,1,2
1910,211,1,2
1910,212,1,2
1910,213,1,2
1910,214,1,2
1910,215,1,2
1910,216,1,2
1910,217,1,2
1910,218,1,2
1910,219,1,2
1910,220,1,2
1910,221,1,2
1910,222,1,2
1910,223,1,2
1910,224,1,2
1910,225,1,2
1910,226,1,2
1910,227,1,2
1910,228,1,2
1910,229,1,2
1910,230,1,2
1910,231,1,2
1910,232,1,2
1910,233,1,2
1910,234,1,2
1910,235,1,2
1910,236,1,2
1910,237,1,2
1910,238,1,2
1910,239,1,2
1910,240,1,2
1910,241,1,2
1910,242,1,2
1910,243,1,2
1910,244,1,2
1910,245,1,2
1910,246,1,2
1910,247,1,2
1910,248,1,2
1910,249,1,2
1910,250,1,2
1910,251,1,2
1910,252,1,2
1910,253,1,2
1910,254,1,2
1910,255,1,2
1910,256,1,2
1910,257,1,3
1910,258,1,3
1910,259,1,3
1910,260,1,3
1910,261,1,3
1910,262,1,3
1910,263,1,2
1910,264,1,2
1910,265,1,2
1910,266,1,2
1910,267,1,2
1910,268,1,2
1910,269,1,2
1910,270,1,2
1910,271,1,2
1910,272,1,2
1910,273,1,2
1910,274,1,2
1910,275,1,2
1910,276,1,2
1910,277,1,2
1910,278,1,2
1910,279,1,2
1910,280,1,2
1910,281,1,2
1910,282,1,2
1910,283,1,2
1910,284,1,2
1910,285,1,2
1910,286,1,2
1910,287,1,2
1910,288,1,2
1910,289,1,2
1910,290,1,2
1910,291,1,2
1910,292,1,2
1910,293,1,2
1910,294,1,2
1910,295,1,2
1910,296,1,2
1910,297,1,2
1910,298,1,2
1910,299,1,2
1910,300,1,2
1910,301,1,2
1910,302,1,2
1910,303,1,2
1910,304,1,2
1910,305,1,2
1910,306,1,2
1910,307,1,2
1910,308,1,2
1910,309,1,2
1910,310,1,2
1910,311,1,2
1910,312,1,2
1910,313,1,2
1910,314,1,2
1910,315,1,2
1910,316,1,2
1910,317,1,2
1910,318,1,2
1910,319,1,2
1910,320,1,2
1910,321,1,2
1910,322,1,2
1910,323,1,2
1910,324,1,2
1910,325,1,2
1910,326,1,2
1910,327,1,2
1910,328,1,2
1910,329,1,2
1910,330,1,2
1910,331,1,2
1910,332,1,2
1910,333,1,2
1910,334,1,2
1910,335,1,2
1910,336,1,2
1910,337,1,2
1910,338,1,2
1910,339,1,2
1910,340,1,2
1910,341,1,2
1910,342,1,2
1910,343,1,2
1910,344,1,2
1910,345,1,2
1910,346,1,2
1910,347,1,2
1910,348,1,2
1910,349,1,2
1910,350,1,2
1910,351,1,2
1910,352,1,2
1910,353,1,2
1910,354,1,2
1910,355,1,2
1910,356,1,2
1910,357,1,2
1910,358,1,2
1910,359,1,2
1910,360,1,2
1910,361,1,2
1910,362,1,2
1910,363,1,2
1910,364,1,2
1910,365,1,2
1910,366,1,2
1910,367,1,2
1910,368,1,2
1910,369,1,2
1910,370,1,3
1910,371,1,3
1910,372,1,3
1910,373,1,3
1910,374,1,3
1910,375,1,3
1910,376,1,3
1910,377,1,3
1910,378,1,3
1910,379,1,3
1910,380,1,3
1910,381,1,3
1910,382,1,3
1910,383,1,3
1910,384,1,3
1910,385,1,3
1910,386,1,3
1910,387,1,2
1910,388,1,2
1910,389,1,2
1910,390,1,2
1910,391,1,2
1910,392,1,2
1910,393,1,2
1910,394,1,2
1910,395,1,2
1910,396,1,2
1910,397,1,2
1910,398,1,2
1910,399,1,2
1910,400,1,2
1910,401,1,2
1910,402,1,2
1910,403,1,2
1910,404,1,2
1910,405,1,2
1910,406,1,2
1910,407,1,2
1910,408,1,2
1910,409,1,2
1910,410,1,2
1910,411,1,2
1910,412,1,2
1910,413,1,2
1910,414,1,2
1910,415,1,2
1910,416,1,2
1910,417,1,2
1910,418,1,2
1910,419,1,2
1910,420,1,2
1910,421,1,2
1910,422,1,3
1910,423,1,3
1910,424,1,3
1910,425,1,3
1910,426,1,3
1910,427,1,3
1910,428,1,3
1910,429,1,3
1910,430,1,3
1910,431,1,3
1910,432,1,3
1910,433,1,3
1910,434,1,3
1910,435,1,3
1910,436,1,3
1910,437,1,3
1910,438,1,3
1910,439,1,3
1910,440,1,3
1910,441,1,3
1910,442,1,3
1910,443,1,3
1910,444,1,3
1910,445,1,3
1910,446,1,3
1910,447,1,3
1910,448,1,3
1910,449,1,3
1910,450,1,3
1910,451,1,3
1910,452,1,3
1910,453,1,3
1910,454,1,3
1910,455,1,3
1910,456,1,3
1910,457,1,3
1910,458,1,3
1910,459,1,3
1910,460,1,3
1910,461,1,3
1910,462,1,3
1910,463,1,3
1910,464,1,3
1910,465,1,3
1910,466,1,3
1910,467,1,3
1910,468,1,3
1910,469,1,3
1910,470,1,3
1910,471,1,3
1910,472,1,3
1910,473,1,3
1910,474,1,3
1910,475,1,3
1910,476,1,3
1910,477,1,3
1910,478,1,3
1910,479,1,3
1910,480,1,3
1910,481,1,3
1910,482,1,3
1910,483,1,3
1910,484,1,3
1910,485,1,3
1910,486,1,2
1910,487,1,2
1910,488,1,2
1910,489,1,2
1910,490,1,2
1910,491,1,2
1910,492,1,2
1910,493,1,2
1910,494,1,2
1910,495,1,2
1910,496,1,2
1910,497,1,2
1910,498,1,2
1910,499,1,2
1910,500,1,2
1910,501,1,2
1910,502,1,2
1910,503,1,2
1910,504,1,2
1910,505,1,2
1910,506,1,2
1910,507,1,2
1910,508,1,2
1910,509,1,2
1910,510,1,2
1910,511,1,2
1910,512,1,2
1910,513,1,2
1910,514,1,2
1910,515,1,3
1910,516,1,3
1910,517,1,3
1910,518,1,3
1910,519,1,3
1910,520,1,3
1910,521,1,3
1910,522,1,3
1910,523,1,3
1910,524,1,3
1910,525,1,3
1910,526,1,3
1910,527,1,3
1910,528,1,3
1910,529,1,3
1910,530,1,3
1910,531,1,3
1910,532,1,2
1910,533,1,2
1910,534,1,2
1910,535,1,2
1910,536,1,2
1910,537,1,2
1910,538,1,2
1910,539,1,2
1910,540,1,2
1910,541,1,2
1910,542,1,2
1910,543,1,2
1910,544,1,2
1910,545,1,2
1910,546,1,2
1910,547,1,2
1910,548,1,2
1910,549,1,2
1910,550,1,2
1910,551,1,2
1910,552,1,2
1910,553,1,2
1910,554,1,2
1910,555,1,2
1910,556,1,2
1910,557,1,2
1910,558,1,2
1910,559,1,2
1910,560,1,2
1910,561,1,2
1910,562,1,2
1910,563,1,2
1910,564,1,2
1910,565,1,2
1910,566,1,2
1910,567,1,2
1910,568,1,2
1910,569,1,2
1910,570,1,2
1910,571,1,2
1910,572,1,2
1910,573,1,2
1910,574,1,2
1910,575,1,2
1910,576,1,2
1910,577,1,2
1910,578,1,2
1910,579,1,2
1910,580,1,2
1910,581,1,2
1910,582,1,2
1910,583,1,2
1910,584,1,2
1910,585,1,2
1910,586,1,2
1910,587,1,2
1910,588,1,2
1910,589,1,2
1910,590,1,2
1910,591,1,2
1910,592,1,2
1910,593,1,2
1910,594,1,2
1910,595,1,2
1910,596,1,2
1910,597,1,2
1910,598,1,2
1910,599,1,2
1910,600,1,2
1910,601,1,2
1910,602,1,2
1910,603,1,2
1910,604,1,2
1910,605,1,2
1910,606,1,2
1910,607,1,2
1910,608,1,2
1910,609,1,2
1910,610,1,2
1910,611,1,2
1910,612,1,2
1910,613,1,2
1910,614,1,2
1910,615,1,2
1910,616,1,2
1910,617,1,2
1910,618,1,2
1910,619,1,2
1910,620,1,2
1910,621,1,2
1910,622,1,2
1910,623,1,2
1910,624,1,2
1910,625,1,2
1910,626,1,2
1910,627,1,2
1910,628,1,2
1910,629,1,2
1910,630,1,2
1910,631,1,2
1910,632,1,2
1910,633,1,2
1910,634,1,2
1910,635,1,2
1910,636,1,2
1910,637,1,2
1910,638,1,2
1910,639,1,2
1910,640,1,2
1910,641,1,2
1910,642,1,2
1910,643,1,2
1910,644,1,2
1910,645,1,2
1910,646,1,2
1910,647,1,2
1911,107,1,2
1911,108,1,2
1911,109,1,2
1911,110,1,2
1911,111,1,2
1911,112,1,2
1911,113,1,2
1911,114,1,2
1911,115,1,2
1911,116,1,2
1911,117,1,2
1911,118,1,2
1911,119,1,2
1911,120,1,2
1911,121,1,2
1911,122,1,2
1911,123,1,2
1911,124,1,2
1911,125,1,2
1911,126,1,2
1911,127,1,2
1911,128,1,2
1911,129,1,2
1911,130,1,2
1911,131,1,2
1911,132,1,2
1911,133,1,2
1911,134,1,2
1911,135,1,2
1911,136,1,2
1911,137,1,2
1911,138,1,2
1911,139,1,2
1911,140,1,2
1911,141,1,2
1911,142,1,2
1911,143,1,2
1911,144,1,2
1911,145,1,2
1911,146,1,2
1911,147,1,2
1911,148,1,2
1911,149,1,2
1911,150,1,2
1911,151,1,2
1911,152,1,2
1911,153,1,2
1911,154,1,2
1911,155,1,2
1911,156,1,2
1911,157,1,2
1911,158,1,2
1911,159,1,2
1911,160,1,2
1911,161,1,2
1911,162,1,2
1911,163,1,2
1911,164,1,2
1911,165,1,2
1911,166,1,2
1911,167,1,2
1911,168,1,2
1911,169,1,2
1911,170,1,2
1911,171,1,2
1911,172,1,2
1911,173,1,2
1911,174,1,2
1911,175,1,2
1911,176,1,2
1911,177,1,2
1911,178,1,2
1911,179,1,2
1911,180,1,2
1911,181,1,2
1911,182,1,2
1911,183,1,2
1911,184,1,2
1911,185,1,2
1911,186,1,2
1911,187,1,2
1911,188,1,2
1911,189,1,2
1911,190,1,2
1911,191,1,2
1911,192,1,2
1911,193,1,2
1911,194,1,2
1911,195,1,2
1911,196,1,2
1911,197,1,2
1911,198,1,2
1911,199,1,2
1911,200,1,2
1911,201,1,2
1911,202,1,2
1911,203,1,2
1911,204,1,2
1911,205,1,2
1911,206,1,2
1911,207,1,2
1911,208,1,2
1911,209,1,2
1911,210,1,2
1911,211,1,2
1911,212,1,2
1911,213,1,2
1911,214,1,2
1911,215,1,2
1911,216,1,2
1911,217,1,2
1911,218,1,2
1911,219,1,2
1911,220,1,2
1911,221,1,2
1911,222,1,2
1911,223,1,2
1911,224,1,2
1911,225,1,2
1911,226,1,2
1911,227,1,2
1911,228,1,2
1911,229,1,2
1911,230,1,2
1911,231,1,2
1911,232,1,2
1911,233,1,2
1911,234,1,2
1911,235,1,2
1911,236,1,2
1911,237,1,2
1911,238,1,2
1911,239,1,2
1911,240,1,2
1911,241,1,2
1911,242,1,2
1911,243,1,2
1911,244,1,2
1911,245,1,2
1911,246,1,2
1911,247,1,2
1911,248,1,2
1911,249,1,2
1911,250,1,2
1911,251,1,2
1911,252,1,2
1911,253,1,2
1911,254,1,2
1911,255,1,2
1911,256,1,3
1911,257,1,3
1911,258,1,3
1911,259,1,3
1911,260,1,3
1911,261,1,3
1911,262,1,3
1911,263,1,3
1911,264,1,3
1911,265,1,2
1911,266,1,2
1911,267,1,2
1911,268,1,2
1911,269,1,2
1911,270,1,2
1911,271,1,2
1911,272,1,2
1911,273,1,2
1911,274,1,2
1911,275,1,2
1911,276,1,2
1911,277,1,2
1911,278,1,2
1911,279,1,2
1911,280,1,2
1911,281,1,2
1911,282,1,2
1911,283,1,2
1911,284,1,2
1911,285,1,2
1911,286,1,2
1911,287,1,2
1911,288,1,2
1911,289,1,2
1911,290,1,2
1911,291,1,2
1911,292,1,2
1911,293,1,2
1911,294,1,2
1911,295,1,2
1911,296,1,2
1911,297,1,2
1911,298,1,2
1911,299,1,2
1911,300,1,2
1911,301,1,2
1911,302,1,2
1911,303,1,2
1911,304,1,2
1911,305,1,2
1911,306,1,2
1911,307,1,2
1911,308,1,2
1911,309,1,2
1911,310,1,2
1911,311,1,2
1911,312,1,2
1911,313,1,2
1911,314,1,2
1911,315,1,2
1911,316,1,2
1911,317,1,2
1911,318,1,2
1911,319,1,2
1911,320,1,2
1911,321,1,2
1911,322,1,2
1911,323,1,2
1911,324,1,2
1911,325,1,2
1911,326,1,2
1911,327,1,2
1911,328,1,2
1911,329,1,2
1911,330,1,2
1911,331,1,2
1911,332,1,2
1911,333,1,2
1911,334,1,2
1911,335,1,2
1911,336,1,2
1911,337,1,2
1911,338,1,2
1911,339,1,2
1911,340,1,2
1911,341,1,2
1911,342,1,2
1911,343,1,2
1911,344,1,2
1911,345,1,2
1911,346,1,2
1911,347,1,2
1911,348,1,2
1911,349,1,2
1911,350,1,2
1911,351,1,2
1911,352,1,2
1911,353,1,2
1911,354,1,2
1911,355,1,2
1911,356,1,2
1911,357,1,2
1911,358,1,2
1911,359,1,2
1911,360,1,2
1911,361,1,2
1911,362,1,2
1911,363,1,2
1911,364,1,2
1911,365,1,2
1911,366,1,2
1911,367,1,2
1911,368,1,2
1911,369,1,3
1911,370,1,3
1911,371,1,3
1911,372,1,3
1911,373,1,3
1911,374,1,3
1911,375,1,3
1911,376,1,3
1911,377,1,3
1911,378,1,3
1911,379,1,3
1911,380,1,3
1911,381,1,3
1911,382,1,3
1911,383,1,3
1911,384,1,3
1911,385,1,3
1911,386,1,3
1911,387,1,3
1911,388,1,3
1911,389,1,2
1911,390,1,2
1911,391,1,2
1911,392,1,2
1911,393,1,2
1911,394,1,2
1911,395,1,2
1911,396,1,2
1911,397,1,2
1911,398,1,2
1911,399,1,2
1911,400,1,2
1911,401,1,2
1911,402,1,2
1911,403,1,2
1911,404,1,2
1911,405,1,2
1911,406,1,2
1911,407,1,2
1911,408,1,2
1911,409,1,2
1911,410,1,2
1911,411,1,2
1911,412,1,2
1911,413,1,2
1911,414,1,2
1911,415,1,2
1911,416,1,2
1911,417,1,2
1911,418,1,2
1911,419,1,2
1911,420,1,2
1911,421,1,2
1911,422,1,3
1911,423,1,3
1911,424,1,3
1911,425,1,3
1911,426,1,3
1911,427,1,3
1911,428,1,3
1911,429,1,3
1911,430,1,3
1911,431,1,3
1911,432,1,3
1911,433,1,3
1911,434,1,3
1911,435,1,3
1911,436,1,3
1911,437,1,3
1911,438,1,3
1911,439,1,3
1911,440,1,3
1911,441,1,3
1911,442,1,3
1911,443,1,3
1911,444,1,3
1911,445,1,3
1911,446,1,3
1911,447,1,3
1911,448,1,3
1911,449,1,3
1911,450,1,3
1911,451,1,3
1911,452,1,3
1911,453,1,3
1911,454,1,3
1911,455,1,3
1911,456,1,3
1911,457,1,3
1911,458,1,3
1911,459,1,3
1911,460,1,3
1911,461,1,3
1911,462,1,3
1911,463,1,3
1911,464,1,3
1911,465,1,3
1911,466,1,3
1911,467,1,3
1911,468,1,3
1911,469,1,3
1911,470,1,3
1911,471,1,3
1911,472,1,3
1911,473,1,3
1911,474,1,3
1911,475,1,3
1911,476,1,3
1911,477,1,3
1911,478,1,3
1911,479,1,3
1911,480,1,3
1911,481,1,3
1911,482,1,3
1911,483,1,3
1911,484,1,3
1911,485,1,2
1911,486,1,2
1911,487,1,2
1911,488,1,2
1911,489,1,2
1911,490,1,2
1911,491,1,2
1911,492,1,2
1911,493,1,2
1911,494,1,2
1911,495,1,2
1911,496,1,2
1911,497,1,2
1911,498,1,2
1911,499,1,2
1911,500,1,2
1911,501,1,2
1911,502,1,2
1911,503,1,2
1911,504,1,2
1911,505,1,2
1911,506,1,2
1911,507,1,2
1911,508,1,2
1911,509,1,2
1911,510,1,2
1911,511,1,2
1911,512,1,2
1911,513,1,3
1911,514,1,3
1911,515,1,3
1911,516,1,3
1911,517,1,3
1911,518,1,3
1911,519,1,3
1911,520,1,3
1911,521,1,3
1911,522,1,3
1911,523,1,3
1911,524,1,3
1911,525,1,3
1911,526,1,3
1911,527,1,3
1911,528,1,3
1911,529,1,3
1911,530,1,3
1911,531,1,3
1911,532,1,3
1911,533,1,3
1911,534,1,2
1911,535,1,2
1911,536,1,2
1911,537,1,2
1911,538,1,2
1911,539,1,2
1911,540,1,2
1911,541,1,2
1911,542,1,2
1911,543,1,2
1911,544,1,2
1911,545,1,2
1911,546,1,2
1911,547,1,2
1911,548,1,2
1911,549,1,2
1911,550,1,2
1911,551,1,2
1911,552,1,2
1911,553,1,2
1911,554,1,2
1911,555,1,2
1911,556,1,2
1911,557,1,2
1911,558,1,2
1911,559,1,2
1911,560,1,2
1911,561,1,2
1911,562,1,2
1911,563,1,2
1911,564,1,2
1911,565,1,2
1911,566,1,2
1911,567,1,2
1911,568,1,2
1911,569,1,2
1911,570,1,2
1911,571,1,2
1911,572,1,2
1911,573,1,2
1911,574,1,2
1911,575,1,2
1911,576,1,2
1911,577,1,2
1911,578,1,2
1911,579,1,2
1911,580,1,2
1911,581,1,2
1911,582,1,2
1911,583,1,2
1911,584,1,2
1911,585,1,2
1911,586,1,2
1911,587,1,2
1911,588,1,2
1911,589,1,2
1911,590,1,2
1911,591,1,2
1911,592,1,2
1911,593,1,2
1911,594,1,2
1911,595,1,2
1911,596,1,2
1911,597,1,2
1911,598,1,2
1911,599,1,2
1911,600,1,2
1911,601,1,2
1911,602,1,2
1911,603,1,2
1911,604,1,2
1911,605,1,2
1911,606,1,2
1911,607,1,2
1911,608,1,2
1911,609,1,2
1911,610,1,2
1911,611,1,2
1911,612,1,2
1911,613,1,2
1911,614,1,2
1911,615,1,2
1911,616,1,2
1911,617,1,2
1911,618,1,2
1911,619,1,2
1911,620,1,2
1911,621,1,2
1911,622,1,2
1911,623,1,2
1911,624,1,2
1911,625,1,2
1911,626,1,2
1911,627,1,2
1911,628,1,2
1911,629,1,2
1911,630,1,2
1911,631,1,2
1911,632,1,2
1911,633,1,2
1911,634,1,2
1911,635,1,2
1911,636,1,2
1911,637,1,2
1911,638,1,2
1911,639,1,2
1911,640,1,2
1911,641,1,2
1911,642,1,2
1911,643,1,2
1911,644,1,2
1911,645,1,2
1911,646,1,2
1912,106,1,2
1912,107,1,2
1912,108,1,2
1912,109,1,2
1912,110,1,2
1912,111,1,2
1912,112,1,2
1912,113,1,2
1912,114,1,2
1912,115,1,2
1912,116,1,2
1912,117,1,2
1912,118,1,2
1912,119,1,2
1912,120,1,2
1912,121,1,2
1912,122,1,2
1912,123,1,2
1912,124,1,2
1912,125,1,2
1912,126,1,2
1912,127,1,2
1912,128,1,2
1912,129,1,2
1912,130,1,2
1912,131,1,2
1912,132,1,2
1912,133,1,2
1912,134,1,2
1912,135,1,2
1912,136,1,2
1912,137,1,2
1912,138,1,2
1912,139,1,2
1912,140,1,2
1912,141,1,2
1912,142,1,2
1912,143,1,2
1912,144,1,2
1912,145,1,2
1912,146,1,2
1912,147,1,2
1912,148,1,2
1912,149,1,2
1912,150,1,2
1912,151,1,2
1912,152,1,2
1912,153,1,2
1912,154,1,2
1912,155,1,2
1912,156,1,2
1912,157,1,2
1912,158,1,2
1912,159,1,2
1912,160,1,2
1912,161,1,2
1912,162,1,2
1912,163,1,2
1912,164,1,2
1912,165,1,2
1912,166,1,2
1912,167,1,2
1912,168,1,2
1912,169,1,2
1912,170,1,2
1912,171,1,2
1912,172,1,2
1912,173,1,2
1912,174,1,2
1912,175,1,2
1912,176,1,2
1912,177,1,2
1912,178,1,2
1912,179,1,2
1912,180,1,2
1912,181,1,2
1912,182,1,2
1912,183,1,2
1912,184,1,2
1912,185,1,2
1912,186,1,2
1912,187,1,2
1912,188,1,2
1912,189,1,2
1912,190,1,2
1912,191,1,2
1912,192,1,2
1912,193,1,2
1912,194,1,2
1912,195,1,2
1912,196,1,2
1912,197,1,2
1912,198,1,2
1912,199,1,2
1912,200,1,2
1912,201,1,2
1912,202,1,2
1912,203,1,2
1912,204,1,2
1912,205,1,2
1912,206,1,2
1912,207,1,2
1912,208,1,2
1912,209,1,2
1912,210,1,2
1912,211,1,2
1912,212,1,2
1912,213,1,2
1912,214,1,2
1912,215,1,2
1912,216,1,2
1912,217,1,2
1912,218,1,2
1912,219,1,2
1912,220,1,2
1912,221,1,2
1912,222,1,2
1912,223,1,2
1912,224,1,2
1912,225,1,2
1912,226,1,2
1912,227,1,2
1912,228,1,2
1912,229,1,2
1912,230,1,2
1912,231,1,2
1912,232,1,2
1912,233,1,2
1912,234,1,2
1912,235,1,2
1912,236,1,2
1912,237,1,2
1912,238,1,2
1912,239,1,2
1912,240,1,2
1912,241,1,2
1912,242,1,2
1912,243,1,2
1912,244,1,2
1912,245,1,2
1912,246,1,2
1912,247,1,2
1912,248,1,2
1912,249,1,2
1912,250,1,2
1912,251,1,2
1912,252,1,2
1912,253,1,2
1912,254,1,3
1912,255,1,3
1912,256,1,3
1912,257,1,3
1912,258,1,3
1912,259,1,3
1912,260,1,3
1912,261,1,3
1912,262,1,3
1912,263,1,3
1912,264,1,3
1912,265,1,3
1912,266,1,3
1912,267,1,2
1912,268,1,2
1912,269,1,2
1912,270,1,2
1912,271,1,2
1912,272,1,2
1912,273,1,2
1912,274,1,2
1912,275,1,2
1912,276,1,2
1912,277,1,2
1912,278,1,2
1912,279,1,2
1912,280,1,2
1912,281,1,2
1912,282,1,2
1912,283,1,2
1912,284,1,2
1912,285,1,2
1912,286,1,2
1912,287,1,2
1912,288,1,2
1912,289,1,2
1912,290,1,2
1912,291,1,2
1912,292,1,2
1912,293,1,2
1912,294,1,2
1912,295,1,2
1912,296,1,2
1912,297,1,2
1912,298,1,2
1912,299,1,2
1912,300,1,2
1912,301,1,2
1912,302,1,2
1912,303,1,2
1912,304,1,2
1912,305,1,2
1912,306,1,2
1912,307,1,2
1912,308,1,2
1912,309,1,2
1912,310,1,2
1912,311,1,2
1912,312,1,2
1912,313,1,2
1912,314,1,2
1912,315,1,2
1912,316,1,2
1912,317,1,2
1912,318,1,2
1912,319,1,2
1912,320,1,2
1912,321,1,2
1912,322,1,2
1912,323,1,2
1912,324,1,2
1912,325,1,2
1912,326,1,2
1912,327,1,2
1912,328,1,2
1912,329,1,2
1912,330,1,2
1912,331,1,2
1912,332,1,2
1912,333,1,2
1912,334,1,2
1912,335,1,2
1912,336,1,2
1912,337,1,2
1912,338,1,2
1912,339,1,2
1912,340,1,2
1912,341,1,2
1912,342,1,2
1912,343,1,2
1912,344,1,2
1912,345,1,2
1912,346,1,2
1912,347,1,2
1912,348,1,2
1912,349,1,2
1912,350,1,2
1912,351,1,2
1912,352,1,2
1912,353,1,2
1912,354,1,2
1912,355,1,2
1912,356,1,2
1912,357,1,2
1912,358,1,2
1912,359,1,2
1912,360,1,2
1912,361,1,2
1912,362,1,2
1912,363,1,2
1912,364,1,2
1912,365,1,2
1912,366,1,2
1912,367,1,2
1912,368,1,2
1912,369,1,3
1912,370,1,3
1912,371,1,3
1912,372,1,3
1912,373,1,3
1912,374,1,3
1912,375,1,3
1912,376,1,3
1912,377,1,3
1912,378,1,3
1912,379,1,3
1912,380,1,3
1912,381,1,3
1912,382,1,3
1912,383,1,3
1912,384,1,3
1912,385,1,3
1912,386,1,3
1912,387,1,3
1912,388,1,3
1912,389,1,3
1912,390,1,3
1912,391,1,2
1912,392,1,2
1912,393,1,2
1912,394,1,2
1912,395,1,2
1912,396,1,2
1912,397,1,2
1912,398,1,2
1912,399,1,2
1912,400,1,2
1912,401,1,2
1912,402,1,2
1912,403,1,2
1912,404,1,2
1912,405,1,2
1912,406,1,2
1912,407,1,2
1912,408,1,2
1912,409,1,2
1912,410,1,2
1912,411,1,2
1912,412,1,2
1912,413,1,2
1912,414,1,2
1912,415,1,2
1912,416,1,2
1912,417,1,2
1912,418,1,2
1912,419,1,2
1912,420,1,2
1912,421,1,2
1912,422,1,2
1912,423,1,3
1912,424,1,3
1912,425,1,3
1912,426,1,3
1912,427,1,3
1912,428,1,3
1912,429,1,3
1912,430,1,3
1912,431,1,3
1912,432,1,3
1912,433,1,3
1912,434,1,3
1912,435,1,3
1912,436,1,3
1912,437,1,3
1912,438,1,3
1912,439,1,3
1912,440,1,3
1912,441,1,3
1912,442,1,3
1912,443,1,3
1912,444,1,3
1912,445,1,3
1912,446,1,3
1912,447,1,3
1912,448,1,3
1912,449,1,3
1912,450,1,3
1912,451,1,3
1912,452,1,3
1912,453,1,3
1912,454,1,3
1912,455,1,3
1912,456,1,3
1912,457,1,3
1912,458,1,3
1912,459,1,3
1912,460,1,3
1912,461,1,3
1912,462,1,3
1912,463,1,3
1912,464,1,3
1912,465,1,3
1912,466,1,3
1912,467,1,3
1912,468,1,3
1912,469,1,3
1912,470,1,3
1912,471,1,3
1912,472,1,3
1912,473,1,3
1912,474,1,3
1912,475,1,3
1912,476,1,3
1912,477,1,3
1912,478,1,3
1912,479,1,3
1912,480,1,3
1912,481,1,3
1912,482,1,3
1912,483,1,3
1912,484,1,2
1912,485,1,2
1912,486,1,2
1912,487,1,2
1912,488,1,2
1912,489,1,2
1912,490,1,2
1912,491,1,2
1912,492,1,2
1912,493,1,2
1912,494,1,2
1912,495,1,2
1912,496,1,2
1912,497,1,2
1912,498,1,2
1912,499,1,2
1912,500,1,2
1912,501,1,2
1912,502,1,2
1912,503,1,2
1912,504,1,2
1912,505,1,2
1912,506,1,2
1912,507,1,2
1912,508,1,2
1912,509,1,2
1912,510,1,2
1912,511,1,2
1912,512,1,2
1912,513,1,3
1912,514,1,3
1912,515,1,3
1912,516,1,3
1912,517,1,3
1912,518,1,3
1912,519,1,3
1912,520,1,3
1912,521,1,3
1912,522,1,3
1912,523,1,3
1912,524,1,3
1912,525,1,3
1912,526,1,3
1912,527,1,3
1912,528,1,3
1912,529,1,3
1912,530,1,3
1912,531,1,3
1912,532,1,3
1912,533,1,3
1912,534,1,3
1912,535,1,2
1912,536,1,2
1912,537,1,2
1912,538,1,2
1912,539,1,2
1912,540,1,2
1912,541,1,2
1912,542,1,2
1912,543,1,2
1912,544,1,2
1912,545,1,2
1912,546,1,2
1912,547,1,2
1912,548,1,2
1912,549,1,2
1912,550,1,2
1912,551,1,2
1912,552,1,2
1912,553,1,2
1912,554,1,2
1912,555,1,2
1912,556,1,2
1912,557,1,2
1912,558,1,2
1912,559,1,2
1912,560,1,2
1912,561,1,2
1912,562,1,2
1912,563,1,2
1912,564,1,2
1912,565,1,2
1912,566,1,2
1912,567,1,2
1912,568,1,2
1912,569,1,2
1912,570,1,2
1912,571,1,2
1912,572,1,2
1912,573,1,2
1912,574,1,2
1912,575,1,2
1912,576,1,2
1912,577,1,2
1912,578,1,2
1912,579,1,2
1912,580,1,2
1912,581,1,2
1912,582,1,2
1912,583,1,2
1912,584,1,2
1912,585,1,2
1912,586,1,2
1912,587,1,2
1912,588,1,2
1912,589,1,2
1912,590,1,2
1912,591,1,2
1912,592,1,2
1912,593,1,2
1912,594,1,2
1912,595,1,2
1912,596,1,2
1912,597,1,2
1912,598,1,2
1912,599,1,2
1912,600,1,2
1912,601,1,2
1912,602,1,2
1912,603,1,2
1912,604,1,2
1912,605,1,2
1912,606,1,2
1912,607,1,2
1912,608,1,2
1912,609,1,2
1912,610,1,2
1912,611,1,2
1912,612,1,2
1912,613,1,2
1912,614,1,2
1912,615,1,2
1912,616,1,2
1912,617,1,2
1912,618,1,2
1912,619,1,2
1912,620,1,2
1912,621,1,2
1912,622,1,2
1912,623,1,2
1912,624,1,2
1912,625,1,2
1912,626,1,2
1912,627,1,2
1912,628,1,2
1912,629,1,2
1912,630,1,2
1912,631,1,2
1912,632,1,2
1912,633,1,2
1912,634,1,2
1912,635,1,2
1912,636,1,2
1912,637,1,2
1912,638,1,2
1912,639,1,2
1912,640,1,2
1912,641,1,2
1912,642,1,2
1912,643,1,2
1912,644,1,2
1912,645,1,2
1912,646,1,2
1913,106,1,2
1913,107,1,2
1913,108,1,2
1913,109,1,2
1913,110,1,2
1913,111,1,2
1913,112,1,2
1913,113,1,2
1913,114,1,2
1913,115,1,2
1913,116,1,2
1913,117,1,2
1913,118,1,2
1913,119,1,2
1913,120,1,2
1913,121,1,2
1913,122,1,2
1913,123,1,2
1913,124,1,2
1913,125,1,2
1913,126,1,2
1913,127,1,2
1913,128,1,2
1913,129,1,2
1913,130,1,2
1913,131,1,2
1913,132,1,2
1913,133,1,2
1913,134,1,2
1913,135,1,2
1913,136,1,2
1913,137,1,2
1913,138,1,2
1913,139,1,2
1913,140,1,2
1913,141,1,2
1913,142,1,2
1913,143,1,2
1913,144,1,2
1913,145,1,2
1913,146,1,2
1913,147,1,2
1913,148,1,2
1913,149,1,2
1913,150,1,2
1913,151,1,2
1913,152,1,2
1913,153,1,2
1913,154,1,2
1913,155,1,2
1913,156,1,2
1913,157,1,2
1913,158,1,2
1913,159,1,2
1913,160,1,2
1913,161,1,2
1913,162,1,2
1913,163,1,2
1913,164,1,2
1913,165,1,2
1913,166,1,2
1913,167,1,2
1913,168,1,2
1913,169,1,2
1913,170,1,2
1913,171,1,2
1913,172,1,2
1913,173,1,2
1913,174,1,2
1913,175,1,2
1913,176,1,2
1913,177,1,2
1913,178,1,2
1913,179,1,2
1913,180,1,2
1913,181,1,2
1913,182,1,2
1913,183,1,2
1913,184,1,2
1913,185,1,2
1913,186,1,2
1913,187,1,2
1913,188,1,2
1913,189,1,2
1913,190,1,2
1913,191,1,2
1913,192,1,2
1913,193,1,2
1913,194,1,2
1913,195,1,2
1913,196,1,2
1913,197,1,2
1913,198,1,2
1913,199,1,2
1913,200,1,2
1913,201,1,2
1913,202,1,2
1913,203,1,2
1913,204,1,2
1913,205,1,2
1913,206,1,2
1913,207,1,2
1913,208,1,2
1913,209,1,2
1913,210,1,2
1913,211,1,2
1913,212,1,2
1913,213,1,2
1913,214,1,2
1913,215,1,2
1913,216,1,2
1913,217,1,2
1913,218,1,2
1913,219,1,2
1913,220,1,2
1913,221,1,2
1913,222,1,2
1913,223,1,2
1913,224,1,2
1913,225,1,2
1913,226,1,2
1913,227,1,2
1913,228,1,2
1913,229,1,2
1913,230,1,2
1913,231,1,2
1913,232,1,2
1913,233,1,2
1913,234,1,2
1913,235,1,2
1913,236,1,2
1913,237,1,2
1913,238,1,2
1913,239,1,2
1913,240,1,2
1913,241,1,2
1913,242,1,2
1913,243,1,2
1913,244,1,2
1913,245,1,2
1913,246,1,2
1913,247,1,2
1913,248,1,2
1913,249,1,2
1913,250,1,2
1913,251,1,2
1913,252,1,3
1913,253,1,3
1913,254,1,3
1913,255,1,3
1913,256,1,3
1913,257,1,3
1913,258,1,3
1913,259,1,3
1913,260,1,3
1913,261,1,3
1913,262,1,3
1913,263,1,3
1913,264,1,3
1913,265,1,3
1913,266,1,3
1913,267,1,3
1913,268,1,2
1913,269,1,2
1913,270,1,2
1913,271,1,2
1913,272,1,2
1913,273,1,2
1913,274,1,2
1913,275,1,2
1913,276,1,2
1913,277,1,2
1913,278,1,2
1913,279,1,2
1913,280,1,2
1913,281,1,2
1913,282,1,2
1913,283,1,2
1913,284,1,2
1913,285,1,2
1913,286,1,2
1913,287,1,2
1913,288,1,2
1913,289,1,2
1913,290,1,2
1913,291,1,2
1913,292,1,2
1913,293,1,2
1913,294,1,2
1913,295,1,2
1913,296,1,2
1913,297,1,2
1913,298,1,2
1913,299,1,2
1913,300,1,2
1913,301,1,2
1913,302,1,2
1913,303,1,2
1913,304,1,2
1913,305,1,2
1913,306,1,2
1913,307,1,2
1913,308,1,2
1913,309,1,2
1913,310,1,2
1913,311,1,2
1913,312,1,2
1913,313,1,2
1913,314,1,2
1913,315,1,2
1913,316,1,2
1913,317,1,2
1913,318,1,2
1913,319,1,2
1913,320,1,2
1913,321,1,2
1913,322,1,2
1913,323,1,2
1913,324,1,2
1913,325,1,2
1913,326,1,2
1913,327,1,2
1913,328,1,2
1913,329,1,2
1913,330,1,2
1913,331,1,2
1913,332,1,2
1913,333,1,2
1913,334,1,2
1913,335,1,2
1913,336,1,2
1913,337,1,2
1913,338,1,2
1913,339,1,2
1913,340,1,2
1913,341,1,2
1913,342,1,2
1913,343,1,2
1913,344,1,2
1913,345,1,2
1913,346,1,2
1913,347,1,2
1913,348,1,2
1913,349,1,2
1913,350,1,2
1913,351,1,2
1913,352,1,2
1913,353,1,2
1913,354,1,2
1913,355,1,2
1913,356,1,2
1913,357,1,2
1913,358,1,2
1913,359,1,2
1913,360,1,2
1913,361,1,2
1913,362,1,2
1913,363,1,2
1913,364,1,2
1913,365,1,2
1913,366,1,2
1913,367,1,2
1913,368,1,3
1913,369,1,3
1913,370,1,3
1913,371,1,3
1913,372,1,3
1913,373,1,3
1913,374,1,3
1913,375,1,3
1913,376,1,3
1913,377,1,3
1913,378,1,3
1913,379,1,3
1913,380,1,3
1913,381,1,3
1913,382,1,3
1913,383,1,3
1913,384,1,3
1913,385,1,3
1913,386,1,3
1913,387,1,3
1913,388,1,3
1913,389,1,3
1913,390,1,3
1913,391,1,3
1913,392,1,3
1913,393,1,3
1913,394,1,3
1913,395,1,3
1913,396,1,3
1913,397,1,2
1913,398,1,2
1913,399,1,2
1913,400,1,2
1913,401,1,2
1913,402,1,2
1913,403,1,2
1913,404,1,2
1913,405,1,2
1913,406,1,2
1913,407,1,2
1913,408,1,2
1913,409,1,2
1913,410,1,2
1913,411,1,2
1913,412,1,2
1913,413,1,2
1913,414,1,2
1913,415,1,2
1913,416,1,2
1913,417,1,2
1913,418,1,2
1913,419,1,2
1913,420,1,2
1913,421,1,2
1913,422,1,2
1913,423,1,2
1913,424,1,3
1913,425,1,3
1913,426,1,3
1913,427,1,3
1913,428,1,3
1913,429,1,3
1913,430,1,3
1913,431,1,3
1913,432,1,3
1913,433,1,3
1913,434,1,3
1913,435,1,3
1913,436,1,3
1913,437,1,3
1913,438,1,3
1913,439,1,3
1913,440,1,3
1913,441,1,3
1913,442,1,3
1913,443,1,3
1913,444,1,3
1913,445,1,3
1913,446,1,3
1913,447,1,3
1913,448,1,3
1913,449,1,3
1913,450,1,3
1913,451,1,3
1913,452,1,3
1913,453,1,3
1913,454,1,3
1913,455,1,3
1913,456,1,3
1913,457,1,3
1913,458,1,3
1913,459,1,3
1913,460,1,3
1913,461,1,3
1913,462,1,3
1913,463,1,3
1913,464,1,3
1913,465,1,3
1913,466,1,3
1913,467,1,3
1913,468,1,3
1913,469,1,3
1913,470,1,3
1913,471,1,3
1913,472,1,3
1913,473,1,3
1913,474,1,3
1913,475,1,3
1913,476,1,3
1913,477,1,3
1913,478,1,3
1913,479,1,3
1913,480,1,3
1913,481,1,3
1913,482,1,2
1913,483,1,2
1913,484,1,2
1913,485,1,2
1913,486,1,2
1913,487,1,2
1913,488,1,2
1913,489,1,2
1913,490,1,2
1913,491,1,2
1913,492,1,2
1913,493,1,2
1913,494,1,2
1913,495,1,2
1913,496,1,2
1913,497,1,2
1913,498,1,2
1913,499,1,2
1913,500,1,2
1913,501,1,2
1913,502,1,2
1913,503,1,2
1913,504,1,2
1913,505,1,2
1913,506,1,2
1913,507,1,2
1913,508,1,2
1913,509,1,2
1913,510,1,2
1913,511,1,2
1913,512,1,3
1913,513,1,3
1913,514,1,3
1913,515,1,3
1913,516,1,3
1913,517,1,3
1913,518,1,3
1913,519,1,3
1913,520,1,3
1913,521,1,3
1913,522,1,3
1913,523,1,3
1913,524,1,3
1913,525,1,3
1913,526,1,3
1913,527,1,3
1913,528,1,3
1913,529,1,3
1913,530,1,3
1913,531,1,3
1913,532,1,3
1913,533,1,3
1913,534,1,3
1913,535,1,2
1913,536,1,2
1913,537,1,2
1913,538,1,2
1913,539,1,2
1913,540,1,2
1913,541,1,2
1913,542,1,2
1913,543,1,2
1913,544,1,2
1913,545,1,2
1913,546,1,2
1913,547,1,2
1913,548,1,2
1913,549,1,2
1913,550,1,2
1913,551,1,2
1913,552,1,2
1913,553,1,2
1913,554,1,2
1913,555,1,2
1913,556,1,2
1913,557,1,2
1913,558,1,2
1913,559,1,2
1913,560,1,2
1913,561,1,2
1913,562,1,2
1913,563,1,2
1913,564,1,2
1913,565,1,2
1913,566,1,2
1913,567,1,2
1913,568,1,2
1913,569,1,2
1913,570,1,2
1913,571,1,2
1913,572,1,2
1913,573,1,2
1913,574,1,2
1913,575,1,2
1913,576,1,2
1913,577,1,2
1913,578,1,2
1913,579,1,2
1913,580,1,2
1913,581,1,2
1913,582,1,2
1913,583,1,2
1913,584,1,2
1913,585,1,2
1913,586,1,2
1913,587,1,2
1913,588,1,2
1913,589,1,2
1913,590,1,2
1913,591,1,2
1913,592,1,2
1913,593,1,2
1913,594,1,2
1913,595,1,2
1913,596,1,2
1913,597,1,2
1913,598,1,2
1913,599,1,2
1913,600,1,2
1913,601,1,2
1913,602,1,2
1913,603,1,2
1913,604,1,2
1913,605,1,2
1913,606,1,2
1913,607,1,2
1913,608,1,2
1913,609,1,2
1913,610,1,2
1913,611,1,2
1913,612,1,2
1913,613,1,2
1913,614,1,2
1913,615,1,2
1913,616,1,2
1913,617,1,2
1913,618,1,2
1913,619,1,2
1913,620,1,2
1913,621,1,2
1913,622,1,2
1913,623,1,2
1913,624,1,2
1913,625,1,2
1913,626,1,2
1913,627,1,2
1913,628,1,2
1913,629,1,2
1913,630,1,2
1913,631,1,2
1913,632,1,2
1913,633,1,2
1913,634,1,2
1913,635,1,2
1913,636,1,2
1913,637,1,2
1913,638,1,2
1913,639,1,2
1913,640,1,2
1913,641,1,2
1913,642,1,2
1913,643,1,2
1913,644,1,2
1913,645,1,2
1913,646,1,2
1914,106,1,2
1914,107,1,2
1914,108,1,2
1914,109,1,2
1914,110,1,2
1914,111,1,2
1914,112,1,2
1914,113,1,2
1914,114,1,2
1914,115,1,2
1914,116,1,2
1914,117,1,2
1914,118,1,2
1914,119,1,2
1914,120,1,2
1914,121,1,2
1914,122,1,2
1914,123,1,2
1914,124,1,2
1914,125,1,2
1914,126,1,2
1914,127,1,2
1914,128,1,2
1914,129,1,2
1914,130,1,2
1914,131,1,2
1914,132,1,2
1914,133,1,2
1914,134,1,2
1914,135,1,2
1914,136,1,2
1914,137,1,2
1914,138,1,2
1914,139,1,2
1914,140,1,2
1914,141,1,2
1914,142,1,2
1914,143,1,2
1914,144,1,2
1914,145,1,2
1914,146,1,2
1914,147,1,2
1914,148,1,2
1914,149,1,2
1914,150,1,2
1914,151,1,2
1914,152,1,2
1914,153,1,2
1914,154,1,2
1914,155,1,2
1914,156,1,2
1914,157,1,2
1914,158,1,2
1914,159,1,2
1914,160,1,2
1914,161,1,2
1914,162,1,2
1914,163,1,2
1914,164,1,2
1914,165,1,2
1914,166,1,2
1914,167,1,2
1914,168,1,2
1914,169,1,2
1914,170,1,2
1914,171,1,2
1914,172,1,2
1914,173,1,2
1914,174,1,2
1914,175,1,2
1914,176,1,2
1914,177,1,2
1914,178,1,2
1914,179,1,2
1914,180,1,2
1914,181,1,2
1914,182,1,2
1914,183,1,2
1914,184,1,2
1914,185,1,2
1914,186,1,2
1914,187,1,2
1914,188,1,2
1914,189,1,2
1914,190,1,2
1914,191,1,2
1914,192,1,2
1914,193,1,2
1914,194,1,2
1914,195,1,2
1914,196,1,2
1914,197,1,2
1914,198,1,2
1914,199,1,2
1914,200,1,2
1914,201,1,2
1914,202,1,2
1914,203,1,2
1914,204,1,2
1914,205,1,2
1914,206,1,2
1914,207,1,2
1914,208,1,2
1914,209,1,2
1914,210,1,2
1914,211,1,2
1914,212,1,2
1914,213,1,2
1914,214,1,2
1914,215,1,2
1914,216,1,2
1914,217,1,2
1914,218,1,2
1914,219,1,2
1914,220,1,2
1914,221,1,2
1914,222,1,2
1914,223,1,2
1914,224,1,2
1914,225,1,2
1914,226,1,2
1914,227,1,2
1914,228,1,2
1914,229,1,2
1914,230,1,2
1914,231,1,2
1914,232,1,2
1914,233,1,2
1914,234,1,2
1914,235,1,2
1914,236,1,2
1914,237,1,2
1914,238,1,2
1914,239,1,2
1914,240,1,2
1914,241,1,2
1914,242,1,2
1914,243,1,2
1914,244,1,2
1914,245,1,2
1914,246,1,2
1914,247,1,2
1914,248,1,2
1914,249,1,2
1914,250,1,2
1914,251,1,3
1914,252,1,3
1914,253,1,3
1914,254,1,3
1914,255,1,3
1914,256,1,3
1914,257,1,3
1914,258,1,3
1914,259,1,3
1914,260,1,3
1914,261,1,3
1914,262,1,3
1914,263,1,3
1914,264,1,3
1914,265,1,3
1914,266,1,3
1914,267,1,3
1914,268,1,2
1914,269,1,2
1914,270,1,2
1914,271,1,2
1914,272,1,2
1914,273,1,2
1914,274,1,2
1914,275,1,2
1914,276,1,2
1914,277,1,2
1914,278,1,2
1914,279,1,2
1914,280,1,2
1914,281,1,2
1914,282,1,2
1914,283,1,2
1914,284,1,2
1914,285,1,2
1914,286,1,2
1914,287,1,2
1914,288,1,2
1914,289,1,2
1914,290,1,2
1914,291,1,2
1914,292,1,2
1914,293,1,2
1914,294,1,2
1914,295,1,2
1914,296,1,2
1914,297,1,2
1914,298,1,2
1914,299,1,2
1914,300,1,2
1914,301,1,2
1914,302,1,2
1914,303,1,2
1914,304,1,2
1914,305,1,2
1914,306,1,2
1914,307,1,2
1914,308,1,2
1914,309,1,2
1914,310,1,2
1914,311,1,2
1914,312,1,2
1914,313,1,2
1914,314,1,2
1914,315,1,2
1914,316,1,2
1914,317,1,2
1914,318,1,2
1914,319,1,2
1914,320,1,2
1914,321,1,2
1914,322,1,2
1914,323,1,2
1914,324,1,2
1914,325,1,2
1914,326,1,2
1914,327,1,2
1914,328,1,2
1914,329,1,2
1914,330,1,2
1914,331,1,2
1914,332,1,2
1914,333,1,2
1914,334,1,2
1914,335,1,2
1914,336,1,2
1914,337,1,2
1914,338,1,2
1914,339,1,2
1914,340,1,2
1914,341,1,2
1914,342,1,2
1914,343,1,2
1914,344,1,2
1914,345,1,2
1914,346,1,2
1914,347,1,2
1914,348,1,2
1914,349,1,2
1914,350,1,2
1914,351,1,2
1914,352,1,2
1914,353,1,2
1914,354,1,2
1914,355,1,2
1914,356,1,2
1914,357,1,2
1914,358,1,2
1914,359,1,2
1914,360,1,2
1914,361,1,2
1914,362,1,2
1914,363,1,2
1914,364,1,2
1914,365,1,2
1914,366,1,2
1914,367,1,3
1914,368,1,3
1914,369,1,3
1914,370,1,3
1914,371,1,3
1914,372,1,3
1914,373,1,3
1914,374,1,3
1914,375,1,3
1914,376,1,3
1914,377,1,3
1914,378,1,3
1914,379,1,3
1914,380,1,3
1914,381,1,3
1914,382,1,3
1914,383,1,3
1914,384,1,3
1914,385,1,3
1914,386,1,3
1914,387,1,3
1914,388,1,3
1914,389,1,3
1914,390,1,3
1914,391,1,3
1914,392,1,3
1914,393,1,3
1914,394,1,3
1914,395,1,3
1914,396,1,3
1914,397,1,3
1914,398,1,3
1914,399,1,2
1914,400,1,2
1914,401,1,2
1914,402,1,2
1914,403,1,2
1914,404,1,2
1914,405,1,2
1914,406,1,2
1914,407,1,2
1914,408,1,2
1914,409,1,2
1914,410,1,2
1914,411,1,2
1914,412,1,2
1914,413,1,2
1914,414,1,2
1914,415,1,2
1914,416,1,2
1914,417,1,2
1914,418,1,2
1914,419,1,2
1914,420,1,2
1914,421,1,2
1914,422,1,2
1914,423,1,2
1914,424,1,3
1914,425,1,3
1914,426,1,3
1914,427,1,3
1914,428,1,3
1914,429,1,3
1914,430,1,3
1914,431,1,3
1914,432,1,3
1914,433,1,3
1914,434,1,3
1914,435,1,3
1914,436,1,3
1914,437,1,3
1914,438,1,3
1914,439,1,3
1914,440,1,3
1914,441,1,3
1914,442,1,3
1914,443,1,3
1914,444,1,3
1914,445,1,3
1914,446,1,3
1914,447,1,3
1914,448,1,3
1914,449,1,3
1914,450,1,3
1914,451,1,3
1914,452,1,3
1914,453,1,3
1914,454,1,3
1914,455,1,3
1914,456,1,3
1914,457,1,3
1914,458,1,3
1914,459,1,3
1914,460,1,3
1914,461,1,3
1914,462,1,3
1914,463,1,3
1914,464,1,3
1914,465,1,3
1914,466,1,3
1914,467,1,3
1914,468,1,3
1914,469,1,3
1914,470,1,3
1914,471,1,3
1914,472,1,3
1914,473,1,3
1914,474,1,3
1914,475,1,3
1914,476,1,3
1914,477,1,3
1914,478,1,3
1914,479,1,3
1914,480,1,3
1914,481,1,3
1914,482,1,2
1914,483,1,2
1914,484,1,2
1914,485,1,2
1914,486,1,2
1914,487,1,2
1914,488,1,2
1914,489,1,2
1914,490,1,2
1914,491,1,2
1914,492,1,2
1914,493,1,2
1914,494,1,2
1914,495,1,2
1914,496,1,2
1914,497,1,2
1914,498,1,2
1914,499,1,2
1914,500,1,2
1914,501,1,2
1914,502,1,2
1914,503,1,2
1914,504,1,2
1914,505,1,2
1914,506,1,2
1914,507,1,2
1914,508,1,2
1914,509,1,2
1914,510,1,2
1914,511,1,3
1914,512,1,3
1914,513,1,3
1914,514,1,3
1914,515,1,3
1914,516,1,3
1914,517,1,3
1914,518,1,3
1914,519,1,3
1914,520,1,3
1914,521,1,3
1914,522,1,3
1914,523,1,3
1914,524,1,3
1914,525,1,3
1914,526,1,3
1914,527,1,3
1914,528,1,3
1914,529,1,3
1914,530,1,3
1914,531,1,3
1914,532,1,3
1914,533,1,3
1914,534,1,3
1914,535,1,2
1914,536,1,2
1914,537,1,2
1914,538,1,2
1914,539,1,2
1914,540,1,2
1914,541,1,2
1914,542,1,2
1914,543,1,2
1914,544,1,2
1914,545,1,2
1914,546,1,2
1914,547,1,2
1914,548,1,2
1914,549,1,2
1914,550,1,2
1914,551,1,2
1914,552,1,2
1914,553,1,2
1914,554,1,2
1914,555,1,2
1914,556,1,2
1914,557,1,2
1914,558,1,2
1914,559,1,2
1914,560,1,2
1914,561,1,2
1914,562,1,2
1914,563,1,2
1914,564,1,2
1914,565,1,2
1914,566,1,2
1914,567,1,2
1914,568,1,2
1914,569,1,2
1914,570,1,2
1914,571,1,2
1914,572,1,2
1914,573,1,2
1914,574,1,2
1914,575,1,2
1914,576,1,2
1914,577,1,2
1914,578,1,2
1914,579,1,2
1914,580,1,2
1914,581,1,2
1914,582,1,2
1914,583,1,2
1914,584,1,2
1914,585,1,2
1914,586,1,2
1914,587,1,2
1914,588,1,2
1914,589,1,2
1914,590,1,2
1914,591,1,2
1914,592,1,2
1914,593,1,2
1914,594,1,2
1914,595,1,2
1914,596,1,2
1914,597,1,2
1914,598,1,2
1914,599,1,2
1914,600,1,2
1914,601,1,2
1914,602,1,2
1914,603,1,2
1914,604,1,2
1914,605,1,2
1914,606,1,2
1914,607,1,2
1914,608,1,2
1914,609,1,2
1914,610,1,2
1914,611,1,2
1914,612,1,2
1914,613,1,2
1914,614,1,2
1914,615,1,2
1914,616,1,2
1914,617,1,2
1914,618,1,2
1914,619,1,2
1914,620,1,2
1914,621,1,2
1914,622,1,2
1914,623,1,2
1914,624,1,2
1914,625,1,2
1914,626,1,2
1914,627,1,2
1914,628,1,2
1914,629,1,2
1914,630,1,2
1914,631,1,2
1914,632,1,2
1914,633,1,2
1914,634,1,2
1914,635,1,2
1914,636,1,2
1914,637,1,2
1914,638,1,2
1914,639,1,2
1914,640,1,2
1914,641,1,2
1914,642,1,2
1914,643,1,2
1914,644,1,2
1914,645,1,2
1914,646,1,2
1915,106,1,2
1915,107,1,2
1915,108,1,2
1915,109,1,2
1915,110,1,2
1915,111,1,2
1915,112,1,2
1915,113,1,2
1915,114,1,2
1915,115,1,2
1915,116,1,2
1915,117,1,2
1915,118,1,2
1915,119,1,2
1915,120,1,2
1915,121,1,2
1915,122,1,2
1915,123,1,2
1915,124,1,2
1915,125,1,2
1915,126,1,2
1915,127,1,2
1915,128,1,2
1915,129,1,2
1915,130,1,2
1915,131,1,2
1915,132,1,2
1915,133,1,2
1915,134,1,2
1915,135,1,2
1915,136,1,2
1915,137,1,2
1915,138,1,2
1915,139,1,2
1915,140,1,2
1915,141,1,2
1915,142,1,2
1915,143,1,2
1915,144,1,2
1915,145,1,2
1915,146,1,2
1915,147,1,2
1915,148,1,2
1915,149,1,2
1915,150,1,2
1915,151,1,2
1915,152,1,2
1915,153,1,2
1915,154,1,2
1915,155,1,2
1915,156,1,2
1915,157,1,2
1915,158,1,2
1915,159,1,2
1915,160,1,2
1915,161,1,2
1915,162,1,2
1915,163,1,2
1915,164,1,2
1915,165,1,2
1915,166,1,2
1915,167,1,2
1915,168,1,2
1915,169,1,2
1915,170,1,2
1915,171,1,2
1915,172,1,2
1915,173,1,2
1915,174,1,2
1915,175,1,2
1915,176,1,2
1915,177,1,2
1915,178,1,2
1915,179,1,2
1915,180,1,2
1915,181,1,2
1915,182,1,2
1915,183,1,2
1915,184,1,2
1915,185,1,2
1915,186,1,2
1915,187,1,2
1915,188,1,2
1915,189,1,2
1915,190,1,2
1915,191,1,2
1915,192,1,2
1915,193,1,2
1915,194,1,2
1915,195,1,2
1915,196,1,2
1915,197,1,2
1915,198,1,2
1915,199,1,2
1915,200,1,2
1915,201,1,2
1915,202,1,2
1915,203,1,2
1915,204,1,2
1915,205,1,2
1915,206,1,2
1915,207,1,2
1915,208,1,2
1915,209,1,2
1915,210,1,2
1915,211,1,2
1915,212,1,2
1915,213,1,2
1915,214,1,2
1915,215,1,2
1915,216,1,2
1915,217,1,2
1915,218,1,2
1915,219,1,2
1915,220,1,2
1915,221,1,2
1915,222,1,2
1915,223,1,2
1915,224,1,2
1915,225,1,2
1915,226,1,2
1915,227,1,2
1915,228,1,2
1915,229,1,2
1915,230,1,2
1915,231,1,2
1915,232,1,2
1915,233,1,2
1915,234,1,2
1915,235,1,2
1915,236,1,2
1915,237,1,2
1915,238,1,2
1915,239,1,2
1915,240,1,2
1915,241,1,2
1915,242,1,2
1915,243,1,2
1915,244,1,2
1915,245,1,2
1915,246,1,2
1915,247,1,2
1915,248,1,2
1915,249,1,2
1915,250,1,3
1915,251,1,3
1915,252,1,3
1915,253,1,3
1915,254,1,3
1915,255,1,3
1915,256,1,3
1915,257,1,3
1915,258,1,3
1915,259,1,3
1915,260,1,3
1915,261,1,3
1915,262,1,3
1915,263,1,3
1915,264,1,3
1915,265,1,3
1915,266,1,3
1915,267,1,3
1915,268,1,3
1915,269,1,2
1915,270,1,2
1915,271,1,2
1915,272,1,2
1915,273,1,2
1915,274,1,2
1915,275,1,2
1915,276,1,2
1915,277,1,2
1915,278,1,2
1915,279,1,2
1915,280,1,2
1915,281,1,2
1915,282,1,2
1915,283,1,2
1915,284,1,2
1915,285,1,2
1915,286,1,2
1915,287,1,2
1915,288,1,2
1915,289,1,2
1915,290,1,2
1915,291,1,2
1915,292,1,2
1915,293,1,2
1915,294,1,2
1915,295,1,2
1915,296,1,2
1915,297,1,2
1915,298,1,2
1915,299,1,2
1915,300,1,2
1915,301,1,2
1915,302,1,2
1915,303,1,2
1915,304,1,2
1915,305,1,2
1915,306,1,2
1915,307,1,2
1915,308,1,2
1915,309,1,2
1915,310,1,2
1915,311,1,2
1915,312,1,2
1915,313,1,2
1915,314,1,2
1915,315,1,2
1915,316,1,2
1915,317,1,2
1915,318,1,2
1915,319,1,2
1915,320,1,2
1915,321,1,2
1915,322,1,2
1915,323,1,2
1915,324,1,2
1915,325,1,2
1915,326,1,2
1915,327,1,2
1915,328,1,2
1915,329,1,2
1915,330,1,2
1915,331,1,2
1915,332,1,2
1915,333,1,2
1915,334,1,2
1915,335,1,2
1915,336,1,2
1915,337,1,2
1915,338,1,2
1915,339,1,2
1915,340,1,2
1915,341,1,2
1915,342,1,2
1915,343,1,2
1915,344,1,2
1915,345,1,2
1915,346,1,2
1915,347,1,2
1915,348,1,2
1915,349,1,2
1915,350,1,2
1915,351,1,2
1915,352,1,2
1915,353,1,2
1915,354,1,2
1915,355,1,2
1915,356,1,2
1915,357,1,2
1915,358,1,2
1915,359,1,2
1915,360,1,2
1915,361,1,2
1915,362,1,2
1915,363,1,2
1915,364,1,2
1915,365,1,2
1915,366,1,3
1915,367,1,3
1915,368,1,3
1915,369,1,3
1915,370,1,3
1915,371,1,3
1915,372,1,3
1915,373,1,3
1915,374,1,3
1915,375,1,3
1915,376,1,3
1915,377,1,3
1915,378,1,3
1915,379,1,3
1915,380,1,3
1915,381,1,3
1915,382,1,3
1915,383,1,3
1915,384,1,3
1915,385,1,3
1915,386,1,3
1915,387,1,3
1915,388,1,3
1915,389,1,3
1915,390,1,3
1915,391,1,3
1915,392,1,3
1915,393,1,3
1915,394,1,3
1915,395,1,3
1915,396,1,3
1915,397,1,3
1915,398,1,3
1915,399,1,3
1915,400,1,3
1915,401,1,3
1915,402,1,3
1915,403,1,3
1915,404,1,3
1915,405,1,3
1915,406,1,3
1915,407,1,3
1915,408,1,3
1915,409,1,2
1915,410,1,2
1915,411,1,2
1915,412,1,2
1915,413,1,2
1915,414,1,2
1915,415,1,2
1915,416,1,2
1915,417,1,2
1915,418,1,2
1915,419,1,2
1915,420,1,2
1915,421,1,2
1915,422,1,2
1915,423,1,2
1915,424,1,2
1915,425,1,3
1915,426,1,3
1915,427,1,3
1915,428,1,3
1915,429,1,3
1915,430,1,3
1915,431,1,3
1915,432,1,3
1915,433,1,3
1915,434,1,3
1915,435,1,3
1915,436,1,3
1915,437,1,3
1915,438,1,3
1915,439,1,3
1915,440,1,3
1915,441,1,3
1915,442,1,3
1915,443,1,3
1915,444,1,3
1915,445,1,3
1915,446,1,3
1915,447,1,3
1915,448,1,3
1915,449,1,3
1915,450,1,3
1915,451,1,3
1915,452,1,3
1915,453,1,3
1915,454,1,3
1915,455,1,3
1915,456,1,3
1915,457,1,3
1915,458,1,3
1915,459,1,3
1915,460,1,3
1915,461,1,3
1915,462,1,3
1915,463,1,3
1915,464,1,3
1915,465,1,3
1915,466,1,3
1915,467,1,3
1915,468,1,3
1915,469,1,3
1915,470,1,3
1915,471,1,3
1915,472,1,3
1915,473,1,3
1915,474,1,3
1915,475,1,3
1915,476,1,3
1915,477,1,3
1915,478,1,3
1915,479,1,3
1915,480,1,3
1915,481,1,2
1915,482,1,2
1915,483,1,2
1915,484,1,2
1915,485,1,2
1915,486,1,2
1915,487,1,2
1915,488,1,2
1915,489,1,2
1915,490,1,2
1915,491,1,2
1915,492,1,2
1915,493,1,2
1915,494,1,2
1915,495,1,2
1915,496,1,2
1915,497,1,2
1915,498,1,2
1915,499,1,2
1915,500,1,2
1915,501,1,2
1915,502,1,2
1915,503,1,2
1915,504,1,2
1915,505,1,2
1915,506,1,2
1915,507,1,2
1915,508,1,2
1915,509,1,2
1915,510,1,2
1915,511,1,3
1915,512,1,3
1915,513,1,3
1915,514,1,3
1915,515,1,3
1915,516,1,3
1915,517,1,3
1915,518,1,3
1915,519,1,3
1915,520,1,3
1915,521,1,3
1915,522,1,3
1915,523,1,3
1915,524,1,3
1915,525,1,3
1915,526,1,3
1915,527,1,3
1915,528,1,3
1915,529,1,3
1915,530,1,3
1915,531,1,3
1915,532,1,3
1915,533,1,3
1915,534,1,3
1915,535,1,3
1915,536,1,2
1915,537,1,2
1915,538,1,2
1915,539,1,2
1915,540,1,2
1915,541,1,2
1915,542,1,2
1915,543,1,2
1915,544,1,2
1915,545,1,2
1915,546,1,2
1915,547,1,2
1915,548,1,2
1915,549,1,2
1915,550,1,2
1915,551,1,2
1915,552,1,2
1915,553,1,2
1915,554,1,2
1915,555,1,2
1915,556,1,2
1915,557,1,2
1915,558,1,2
1915,559,1,2
1915,560,1,2
1915,561,1,2
1915,562,1,2
1915,563,1,2
1915,564,1,2
1915,565,1,2
1915,566,1,2
1915,567,1,2
1915,568,1,2
1915,569,1,2
1915,570,1,2
1915,571,1,2
1915,572,1,2
1915,573,1,2
1915,574,1,2
1915,575,1,2
1915,576,1,2
1915,577,1,2
1915,578,1,2
1915,579,1,2
1915,580,1,2
1915,581,1,2
1915,582,1,2
1915,583,1,2
1915,584,1,2
1915,585,1,2
1915,586,1,2
1915,587,1,2
1915,588,1,2
1915,589,1,2
1915,590,1,2
1915,591,1,2
1915,592,1,2
1915,593,1,2
1915,594,1,2
1915,595,1,2
1915,596,1,2
1915,597,1,2
1915,598,1,2
1915,599,1,2
1915,600,1,2
1915,601,1,2
1915,602,1,2
1915,603,1,2
1915,604,1,2
1915,605,1,2
1915,606,1,2
1915,607,1,2
1915,608,1,2
1915,609,1,2
1915,610,1,2
1915,611,1,2
1915,612,1,2
1915,613,1,2
1915,614,1,2
1915,615,1,2
1915,616,1,2
1915,617,1,2
1915,618,1,2
1915,619,1,2
1915,620,1,2
1915,621,1,2
1915,622,1,2
1915,623,1,2
1915,624,1,2
1915,625,1,2
1915,626,1,2
1915,627,1,2
1915,628,1,2
1915,629,1,2
1915,630,1,2
1915,631,1,2
1915,632,1,2
1915,633,1,2
1915,634,1,2
1915,635,1,2
1915,636,1,2
1915,637,1,2
1915,638,1,2
1915,639,1,2
1915,640,1,2
1915,641,1,2
1915,642,1,2
1915,643,1,2
1915,644,1,2
1915,645,1,2
1915,646,1,2
1916,106,1,2
1916,107,1,2
1916,108,1,2
1916,109,1,2
1916,110,1,2
1916,111,1,2
1916,112,1,2
1916,113,1,2
1916,114,1,2
1916,115,1,2
1916,116,1,2
1916,117,1,2
1916,118,1,2
1916,119,1,2
1916,120,1,2
1916,121,1,2
1916,122,1,2
1916,123,1,2
1916,124,1,2
1916,125,1,2
1916,126,1,2
1916,127,1,2
1916,128,1,2
1916,129,1,2
1916,130,1,2
1916,131,1,2
1916,132,1,2
1916,133,1,2
1916,134,1,2
1916,135,1,2
1916,136,1,2
1916,137,1,2
1916,138,1,2
1916,139,1,2
1916,140,1,2
1916,141,1,2
1916,142,1,2
1916,143,1,2
1916,144,1,2
1916,145,1,2
1916,146,1,2
1916,147,1,2
1916,148,1,2
1916,149,1,2
1916,150,1,2
1916,151,1,2
1916,152,1,2
1916,153,1,2
1916,154,1,2
1916,155,1,2
1916,156,1,2
1916,157,1,2
1916,158,1,2
1916,159,1,2
1916,160,1,2
1916,161,1,2
1916,162,1,2
1916,163,1,2
1916,164,1,2
1916,165,1,2
1916,166,1,2
1916,167,1,2
1916,168,1,2
1916,169,1,2
1916,170,1,2
1916,171,1,2
1916,172,1,2
1916,173,1,2
1916,174,1,2
1916,175,1,2
1916,176,1,2
1916,177,1,2
1916,178,1,2
1916,179,1,2
1916,180,1,2
1916,181,1,2
1916,182,1,2
1916,183,1,2
1916,184,1,2
1916,185,1,2
1916,186,1,2
1916,187,1,2
1916,188,1,2
1916,189,1,2
1916,190,1,2
1916,191,1,2
1916,192,1,2
1916,193,1,2
1916,194,1,2
1916,195,1,2
1916,196,1,2
1916,197,1,2
1916,198,1,2
1916,199,1,2
1916,200,1,2
1916,201,1,2
1916,202,1,2
1916,203,1,2
1916,204,1,2
1916,205,1,2
1916,206,1,2
1916,207,1,2
1916,208,1,2
1916,209,1,2
1916,210,1,2
1916,211,1,2
1916,212,1,2
1916,213,1,2
1916,214,1,2
1916,215,1,2
1916,216,1,2
1916,217,1,2
1916,218,1,2
1916,219,1,2
1916,220,1,2
1916,221,1,2
1916,222,1,2
1916,223,1,2
1916,224,1,2
1916,225,1,2
1916,226,1,2
1916,227,1,2
1916,228,1,2
1916,229,1,2
1916,230,1,2
1916,231,1,2
1916,232,1,2
1916,233,1,2
1916,234,1,2
1916,235,1,2
1916,236,1,2
1916,237,1,2
1916,238,1,2
1916,239,1,2
1916,240,1,2
1916,241,1,2
1916,242,1,2
1916,243,1,2
1916,244,1,2
1916,245,1,2
1916,246,1,2
1916,247,1,2
1916,248,1,2
1916,249,1,3
1916,250,1,3
1916,251,1,3
1916,252,1,3
1916,253,1,3
1916,254,1,3
1916,255,1,3
1916,256,1,3
1916,257,1,3
1916,258,1,3
1916,259,1,3
1916,260,1,3
1916,261,1,3
1916,262,1,3
1916,263,1,3
1916,264,1,3
1916,265,1,3
1916,266,1,3
1916,267,1,3
1916,268,1,3
1916,269,1,3
1916,270,1,2
1916,271,1,2
1916,272,1,2
1916,273,1,2
1916,274,1,2
1916,275,1,2
1916,276,1,2
1916,277,1,2
1916,278,1,2
1916,279,1,2
1916,280,1,2
1916,281,1,2
1916,282,1,2
1916,283,1,2
1916,284,1,2
1916,285,1,2
1916,286,1,2
1916,287,1,2
1916,288,1,2
1916,289,1,2
1916,290,1,2
1916,291,1,2
1916,292,1,2
1916,293,1,2
1916,294,1,2
1916,295,1,2
1916,296,1,2
1916,297,1,2
1916,298,1,2
1916,299,1,2
1916,300,1,2
1916,301,1,2
1916,302,1,2
1916,303,1,2
1916,304,1,2
1916,305,1,2
1916,306,1,2
1916,307,1,2
1916,308,1,2
1916,309,1,2
1916,310,1,2
1916,311,1,2
1916,312,1,2
1916,313,1,2
1916,314,1,2
1916,315,1,2
1916,316,1,2
1916,317,1,2
1916,318,1,2
1916,319,1,2
1916,320,1,2
1916,321,1,2
1916,322,1,2
1916,323,1,2
1916,324,1,2
1916,325,1,2
1916,326,1,2
1916,327,1,2
1916,328,1,2
1916,329,1,2
1916,330,1,2
1916,331,1,2
1916,332,1,2
1916,333,1,2
1916,334,1,2
1916,335,1,2
1916,336,1,2
1916,337,1,2
1916,338,1,2
1916,339,1,2
1916,340,1,2
1916,341,1,2
1916,342,1,2
1916,343,1,2
1916,344,1,2
1916,345,1,2
1916,346,1,2
1916,347,1,2
1916,348,1,2
1916,349,1,2
1916,350,1,2
1916,351,1,2
1916,352,1,2
1916,353,1,2
1916,354,1,2
1916,355,1,2
1916,356,1,2
1916,357,1,2
1916,358,1,2
1916,359,1,2
1916,360,1,2
1916,361,1,2
1916,362,1,2
1916,363,1,2
1916,364,1,2
1916,365,1,3
1916,366,1,3
1916,367,1,3
1916,368,1,3
1916,369,1,3
1916,370,1,3
1916,371,1,3
1916,372,1,3
1916,373,1,3
1916,374,1,3
1916,375,1,3
1916,376,1,3
1916,377,1,3
1916,378,1,3
1916,379,1,3
1916,380,1,3
1916,381,1,3
1916,382,1,3
1916,383,1,3
1916,384,1,3
1916,385,1,3
1916,386,1,3
1916,387,1,3
1916,388,1,3
1916,389,1,3
1916,390,1,3
1916,391,1,3
1916,392,1,3
1916,393,1,3
1916,394,1,3
1916,395,1,3
1916,396,1,3
1916,397,1,3
1916,398,1,3
1916,399,1,3
1916,400,1,3
1916,401,1,3
1916,402,1,3
1916,403,1,3
1916,404,1,3
1916,405,1,3
1916,406,1,3
1916,407,1,3
1916,408,1,3
1916,409,1,3
1916,410,1,3
1916,411,1,3
1916,412,1,3
1916,413,1,3
1916,414,1,3
1916,415,1,3
1916,416,1,2
1916,417,1,2
1916,418,1,2
1916,419,1,2
1916,420,1,2
1916,421,1,2
1916,422,1,2
1916,423,1,2
1916,424,1,2
1916,425,1,2
1916,426,1,3
1916,427,1,3
1916,428,1,3
1916,429,1,3
1916,430,1,3
1916,431,1,3
1916,432,1,3
1916,433,1,3
1916,434,1,3
1916,435,1,3
1916,436,1,3
1916,437,1,3
1916,438,1,3
1916,439,1,3
1916,440,1,3
1916,441,1,3
1916,442,1,3
1916,443,1,3
1916,444,1,3
1916,445,1,3
1916,446,1,3
1916,447,1,3
1916,448,1,3
1916,449,1,3
1916,450,1,3
1916,451,1,3
1916,452,1,3
1916,453,1,3
1916,454,1,3
1916,455,1,3
1916,456,1,3
1916,457,1,3
1916,458,1,3
1916,459,1,3
1916,460,1,3
1916,461,1,3
1916,462,1,3
1916,463,1,3
1916,464,1,3
1916,465,1,3
1916,466,1,3
1916,467,1,3
1916,468,1,3
1916,469,1,3
1916,470,1,3
1916,471,1,3
1916,472,1,3
1916,473,1,3
1916,474,1,3
1916,475,1,3
1916,476,1,3
1916,477,1,3
1916,478,1,3
1916,479,1,3
1916,480,1,2
1916,481,1,2
1916,482,1,2
1916,483,1,2
1916,484,1,2
1916,485,1,2
1916,486,1,2
1916,487,1,2
1916,488,1,2
1916,489,1,2
1916,490,1,2
1916,491,1,2
1916,492,1,2
1916,493,1,2
1916,494,1,2
1916,495,1,2
1916,496,1,2
1916,497,1,2
1916,498,1,2
1916,499,1,2
1916,500,1,2
1916,501,1,2
1916,502,1,2
1916,503,1,2
1916,504,1,2
1916,505,1,2
1916,506,1,2
1916,507,1,2
1916,508,1,2
1916,509,1,2
1916,510,1,3
1916,511,1,3
1916,512,1,3
1916,513,1,3
1916,514,1,3
1916,515,1,3
1916,516,1,3
1916,517,1,3
1916,518,1,3
1916,519,1,3
1916,520,1,3
1916,521,1,3
1916,522,1,3
1916,523,1,3
1916,524,1,3
1916,525,1,3
1916,526,1,3
1916,527,1,3
1916,528,1,3
1916,529,1,3
1916,530,1,3
1916,531,1,3
1916,532,1,3
1916,533,1,3
1916,534,1,3
1916,535,1,3
1916,536,1,2
1916,537,1,2
1916,538,1,2
1916,539,1,2
1916,540,1,2
1916,541,1,2
1916,542,1,2
1916,543,1,2
1916,544,1,2
1916,545,1,2
1916,546,1,2
1916,547,1,2
1916,548,1,2
1916,549,1,2
1916,550,1,2
1916,551,1,2
1916,552,1,2
1916,553,1,2
1916,554,1,2
1916,555,1,2
1916,556,1,2
1916,557,1,2
1916,558,1,2
1916,559,1,2
1916,560,1,2
1916,561,1,2
1916,562,1,2
1916,563,1,2
1916,564,1,2
1916,565,1,2
1916,566,1,2
1916,567,1,2
1916,568,1,2
1916,569,1,2
1916,570,1,2
1916,571,1,2
1916,572,1,2
1916,573,1,2
1916,574,1,2
1916,575,1,2
1916,576,1,2
1916,577,1,2
1916,578,1,2
1916,579,1,2
1916,580,1,2
1916,581,1,2
1916,582,1,2
1916,583,1,2
1916,584,1,2
1916,585,1,2
1916,586,1,2
1916,587,1,2
1916,588,1,2
1916,589,1,2
1916,590,1,2
1916,591,1,2
1916,592,1,2
1916,593,1,2
1916,594,1,2
1916,595,1,2
1916,596,1,2
1916,597,1,2
1916,598,1,2
1916,599,1,2
1916,600,1,2
1916,601,1,2
1916,602,1,2
1916,603,1,2
1916,604,1,2
1916,605,1,2
1916,606,1,2
1916,607,1,2
1916,608,1,2
1916,609,1,2
1916,610,1,2
1916,611,1,2
1916,612,1,2
1916,613,1,2
1916,614,1,2
1916,615,1,2
1916,616,1,2
1916,617,1,2
1916,618,1,2
1916,619,1,2
1916,620,1,2
1916,621,1,2
1916,622,1,2
1916,623,1,2
1916,624,1,2
1916,625,1,2
1916,626,1,2
1916,627,1,2
1916,628,1,2
1916,629,1,2
1916,630,1,2
1916,631,1,2
1916,632,1,2
1916,633,1,2
1916,634,1,2
1916,635,1,2
1916,636,1,2
1916,637,1,2
1916,638,1,2
1916,639,1,2
1916,640,1,2
1916,641,1,2
1916,642,1,2
1916,643,1,2
1916,644,1,2
1916,645,1,2
1916,646,1,2
1917,107,1,2
1917,108,1,2
1917,109,1,2
1917,110,1,2
1917,111,1,2
1917,112,1,2
1917,113,1,2
1917,114,1,2
1917,115,1,2
1917,116,1,2
1917,117,1,2
1917,118,1,2
1917,119,1,2
1917,120,1,2
1917,121,1,2
1917,122,1,2
1917,123,1,2
1917,124,1,2
1917,125,1,2
1917,126,1,2
1917,127,1,2
1917,128,1,2
1917,129,1,2
1917,130,1,2
1917,131,1,2
1917,132,1,2
1917,133,1,2
1917,134,1,2
1917,135,1,2
1917,136,1,2
1917,137,1,2
1917,138,1,2
1917,139,1,2
1917,140,1,2
1917,141,1,2
1917,142,1,2
1917,143,1,2
1917,144,1,2
1917,145,1,2
1917,146,1,2
1917,147,1,2
1917,148,1,2
1917,149,1,2
1917,150,1,2
1917,151,1,2
1917,152,1,2
1917,153,1,2
1917,154,1,2
1917,155,1,2
1917,156,1,2
1917,157,1,2
1917,158,1,2
1917,159,1,2
1917,160,1,2
1917,161,1,2
1917,162,1,2
1917,163,1,2
1917,164,1,2
1917,165,1,2
1917,166,1,2
1917,167,1,2
1917,168,1,2
1917,169,1,2
1917,170,1,2
1917,171,1,2
1917,172,1,2
1917,173,1,2
1917,174,1,2
1917,175,1,2
1917,176,1,2
1917,177,1,2
1917,178,1,2
1917,179,1,2
1917,180,1,2
1917,181,1,2
1917,182,1,2
1917,183,1,2
1917,184,1,2
1917,185,1,2
1917,186,1,2
1917,187,1,2
1917,188,1,2
1917,189,1,2
1917,190,1,2
1917,191,1,2
1917,192,1,2
1917,193,1,2
1917,194,1,2
1917,195,1,2
1917,196,1,2
1917,197,1,2
1917,198,1,2
1917,199,1,2
1917,200,1,2
1917,201,1,2
1917,202,1,2
1917,203,1,2
1917,204,1,2
1917,205,1,2
1917,206,1,2
1917,207,1,2
1917,208,1,2
1917,209,1,2
1917,210,1,2
1917,211,1,2
1917,212,1,2
1917,213,1,2
1917,214,1,2
1917,215,1,2
1917,216,1,2
1917,217,1,2
1917,218,1,2
1917,219,1,2
1917,220,1,2
1917,221,1,2
1917,222,1,2
1917,223,1,2
1917,224,1,2
1917,225,1,2
1917,226,1,2
1917,227,1,2
1917,228,1,2
1917,229,1,2
1917,230,1,2
1917,231,1,2
1917,232,1,2
1917,233,1,2
1917,234,1,2
1917,235,1,2
1917,236,1,2
1917,237,1,2
1917,238,1,2
1917,239,1,2
1917,240,1,2
1917,241,1,2
1917,242,1,2
1917,243,1,2
1917,244,1,2
1917,245,1,2
1917,246,1,2
1917,247,1,2
1917,248,1,2
1917,249,1,3
1917,250,1,3
1917,251,1,3
1917,252,1,3
1917,253,1,3
1917,254,1,3
1917,255,1,3
1917,256,1,3
1917,257,1,3
1917,258,1,3
1917,259,1,3
1917,260,1,3
1917,261,1,3
1917,262,1,3
1917,263,1,3
1917,264,1,3
1917,265,1,3
1917,266,1,3
1917,267,1,3
1917,268,1,3
1917,269,1,3
1917,270,1,2
1917,271,1,2
1917,272,1,2
1917,273,1,2
1917,274,1,2
1917,275,1,2
1917,276,1,2
1917,277,1,2
1917,278,1,2
1917,279,1,2
1917,280,1,2
1917,281,1,2
1917,282,1,2
1917,283,1,2
1917,284,1,2
1917,285,1,2
1917,286,1,2
1917,287,1,2
1917,288,1,2
1917,289,1,2
1917,290,1,2
1917,291,1,2
1917,292,1,2
1917,293,1,2
1917,294,1,2
1917,295,1,2
1917,296,1,2
1917,297,1,2
1917,298,1,2
1917,299,1,2
1917,300,1,2
1917,301,1,2
1917,302,1,2
1917,303,1,2
1917,304,1,2
1917,305,1,2
1917,306,1,2
1917,307,1,2
1917,308,1,2
1917,309,1,2
1917,310,1,2
1917,311,1,2
1917,312,1,2
1917,313,1,2
1917,314,1,2
1917,315,1,2
1917,316,1,2
1917,317,1,2
1917,318,1,2
1917,319,1,2
1917,320,1,2
1917,321,1,2
1917,322,1,2
1917,323,1,2
1917,324,1,2
1917,325,1,2
1917,326,1,2
1917,327,1,2
1917,328,1,2
1917,329,1,2
1917,330,1,2
1917,331,1,2
1917,332,1,2
1917,333,1,2
1917,334,1,2
1917,335,1,2
1917,336,1,2
1917,337,1,2
1917,338,1,2
1917,339,1,2
1917,340,1,2
1917,341,1,2
1917,342,1,2
1917,343,1,2
1917,344,1,2
1917,345,1,2
1917,346,1,2
1917,347,1,2
1917,348,1,2
1917,349,1,2
1917,350,1,2
1917,351,1,2
1917,352,1,2
1917,353,1,2
1917,354,1,2
1917,355,1,2
1917,356,1,2
1917,357,1,2
1917,358,1,2
1917,359,1,2
1917,360,1,2
1917,361,1,2
1917,362,1,2
1917,363,1,2
1917,364,1,3
1917,365,1,3
1917,366,1,3
1917,367,1,3
1917,368,1,3
1917,369,1,3
1917,370,1,3
1917,371,1,3
1917,372,1,3
1917,373,1,3
1917,374,1,3
1917,375,1,3
1917,376,1,3
1917,377,1,3
1917,378,1,3
1917,379,1,3
1917,380,1,3
1917,381,1,3
1917,382,1,3
1917,383,1,3
1917,384,1,3
1917,385,1,3
1917,386,1,3
1917,387,1,3
1917,388,1,3
1917,389,1,3
1917,390,1,3
1917,391,1,3
1917,392,1,3
1917,393,1,3
1917,394,1,3
1917,395,1,3
1917,396,1,3
1917,397,1,3
1917,398,1,3
1917,399,1,3
1917,400,1,3
1917,401,1,3
1917,402,1,3
1917,403,1,3
1917,404,1,3
1917,405,1,3
1917,406,1,3
1917,407,1,3
1917,408,1,3
1917,409,1,3
1917,410,1,3
1917,411,1,3
1917,412,1,3
1917,413,1,3
1917,414,1,3
1917,415,1,3
1917,416,1,3
1917,417,1,3
1917,418,1,3
1917,419,1,3
1917,420,1,3
1917,421,1,3
1917,422,1,3
1917,423,1,2
1917,424,1,2
1917,425,1,2
1917,426,1,3
1917,427,1,3
1917,428,1,3
1917,429,1,3
1917,430,1,3
1917,431,1,3
1917,432,1,3
1917,433,1,3
1917,434,1,3
1917,435,1,3
1917,436,1,3
1917,437,1,3
1917,438,1,3
1917,439,1,3
1917,440,1,3
1917,441,1,3
1917,442,1,3
1917,443,1,3
1917,444,1,3
1917,445,1,3
1917,446,1,3
1917,447,1,3
1917,448,1,3
1917,449,1,3
1917,450,1,3
1917,451,1,3
1917,452,1,3
1917,453,1,3
1917,454,1,3
1917,455,1,3
1917,456,1,3
1917,457,1,3
1917,458,1,3
1917,459,1,3
1917,460,1,3
1917,461,1,3
1917,462,1,3
1917,463,1,3
1917,464,1,3
1917,465,1,3
1917,466,1,3
1917,467,1,3
1917,468,1,3
1917,469,1,3
1917,470,1,3
1917,471,1,3
1917,472,1,3
1917,473,1,3
1917,474,1,3
1917,475,1,3
1917,476,1,2
1917,477,1,2
1917,478,1,2
1917,479,1,2
1917,480,1,2
1917,481,1,2
1917,482,1,2
1917,483,1,2
1917,484,1,2
1917,485,1,2
1917,486,1,2
1917,487,1,2
1917,488,1,2
1917,489,1,2
1917,490,1,2
1917,491,1,2
1917,492,1,2
1917,493,1,2
1917,494,1,2
1917,495,1,2
1917,496,1,2
1917,497,1,2
1917,498,1,2
1917,499,1,2
1917,500,1,2
1917,501,1,2
1917,502,1,2
1917,503,1,2
1917,504,1,2
1917,505,1,2
1917,506,1,2
1917,507,1,2
1917,508,1,2
1917,509,1,2
1917,510,1,3
1917,511,1,3
1917,512,1,3
1917,513,1,3
1917,514,1,3
1917,515,1,3
1917,516,1,3
1917,517,1,3
1917,518,1,3
1917,519,1,3
1917,520,1,3
1917,521,1,3
1917,522,1,3
1917,523,1,3
1917,524,1,3
1917,525,1,3
1917,526,1,3
1917,527,1,3
1917,528,1,3
1917,529,1,3
1917,530,1,3
1917,531,1,3
1917,532,1,3
1917,533,1,3
1917,534,1,3
1917,535,1,3
1917,536,1,2
1917,537,1,2
1917,538,1,2
1917,539,1,2
1917,540,1,2
1917,541,1,2
1917,542,1,2
1917,543,1,2
1917,544,1,2
1917,545,1,2
1917,546,1,2
1917,547,1,2
1917,548,1,2
1917,549,1,2
1917,550,1,2
1917,551,1,2
1917,552,1,2
1917,553,1,2
1917,554,1,2
1917,555,1,2
1917,556,1,2
1917,557,1,2
1917,558,1,2
1917,559,1,2
1917,560,1,2
1917,561,1,2
1917,562,1,2
1917,563,1,2
1917,564,1,2
1917,565,1,2
1917,566,1,2
1917,567,1,2
1917,568,1,2
1917,569,1,2
1917,570,1,2
1917,571,1,2
1917,572,1,2
1917,573,1,2
1917,574,1,2
1917,575,1,2
1917,576,1,2
1917,577,1,2
1917,578,1,2
1917,579,1,2
1917,580,1,2
1917,581,1,2
1917,582,1,2
1917,583,1,2
1917,584,1,2
1917,585,1,2
1917,586,1,2
1917,587,1,2
1917,588,1,2
1917,589,1,2
1917,590,1,2
1917,591,1,2
1917,592,1,2
1917,593,1,2
1917,594,1,2
1917,595,1,2
1917,596,1,2
1917,597,1,2
1917,598,1,2
1917,599,1,2
1917,600,1,2
1917,601,1,2
1917,602,1,2
1917,603,1,2
1917,604,1,2
1917,605,1,2
1917,606,1,2
1917,607,1,2
1917,608,1,2
1917,609,1,2
1917,610,1,2
1917,611,1,2
1917,612,1,2
1917,613,1,2
1917,614,1,2
1917,615,1,2
1917,616,1,2
1917,617,1,2
1917,618,1,2
1917,619,1,2
1917,620,1,2
1917,621,1,2
1917,622,1,2
1917,623,1,2
1917,624,1,2
1917,625,1,2
1917,626,1,2
1917,627,1,2
1917,628,1,2
1917,629,1,2
1917,630,1,2
1917,631,1,2
1917,632,1,2
1917,633,1,2
1917,634,1,2
1917,635,1,2
1917,636,1,2
1917,637,1,2
1917,638,1,2
1917,639,1,2
1917,640,1,2
1917,641,1,2
1917,642,1,2
1917,643,1,2
1917,644,1,2
1917,645,1,2
1917,646,1,2
1918,107,1,2
1918,108,1,2
1918,109,1,2
1918,110,1,2
1918,111,1,2
1918,112,1,2
1918,113,1,2
1918,114,1,2
1918,115,1,2
1918,116,1,2
1918,117,1,2
1918,118,1,2
1918,119,1,2
1918,120,1,2
1918,121,1,2
1918,122,1,2
1918,123,1,2
1918,124,1,2
1918,125,1,2
1918,126,1,2
1918,127,1,2
1918,128,1,2
1918,129,1,2
1918,130,1,2
1918,131,1,2
1918,132,1,2
1918,133,1,2
1918,134,1,2
1918,135,1,2
1918,136,1,2
1918,137,1,2
1918,138,1,2
1918,139,1,2
1918,140,1,2
1918,141,1,2
1918,142,1,2
1918,143,1,2
1918,144,1,2
1918,145,1,2
1918,146,1,2
1918,147,1,2
1918,148,1,2
1918,149,1,2
1918,150,1,2
1918,151,1,2
1918,152,1,2
1918,153,1,2
1918,154,1,2
1918,155,1,2
1918,156,1,2
1918,157,1,2
1918,158,1,2
1918,159,1,2
1918,160,1,2
1918,161,1,2
1918,162,1,2
1918,163,1,2
1918,164,1,2
1918,165,1,2
1918,166,1,2
1918,167,1,2
1918,168,1,2
1918,169,1,2
1918,170,1,2
1918,171,1,2
1918,172,1,2
1918,173,1,2
1918,174,1,2
1918,175,1,2
1918,176,1,2
1918,177,1,2
1918,178,1,2
1918,179,1,2
1918,180,1,2
1918,181,1,2
1918,182,1,2
1918,183,1,2
1918,184,1,2
1918,185,1,2
1918,186,1,2
1918,187,1,2
1918,188,1,2
1918,189,1,2
1918,190,1,2
1918,191,1,2
1918,192,1,2
1918,193,1,2
1918,194,1,2
1918,195,1,2
1918,196,1,2
1918,197,1,2
1918,198,1,2
1918,199,1,2
1918,200,1,2
1918,201,1,2
1918,202,1,2
1918,203,1,2
1918,204,1,2
1918,205,1,2
1918,206,1,2
1918,207,1,2
1918,208,1,2
1918,209,1,2
1918,210,1,2
1918,211,1,2
1918,212,1,2
1918,213,1,2
1918,214,1,2
1918,215,1,2
1918,216,1,2
1918,217,1,2
1918,218,1,2
1918,219,1,2
1918,220,1,2
1918,221,1,2
1918,222,1,2
1918,223,1,2
1918,224,1,2
1918,225,1,2
1918,226,1,2
1918,227,1,2
1918,228,1,2
1918,229,1,2
1918,230,1,2
1918,231,1,2
1918,232,1,2
1918,233,1,2
1918,234,1,2
1918,235,1,2
1918,236,1,2
1918,237,1,2
1918,238,1,2
1918,239,1,2
1918,240,1,2
1918,241,1,2
1918,242,1,2
1918,243,1,2
1918,244,1,2
1918,245,1,2
1918,246,1,2
1918,247,1,2
1918,248,1,2
1918,249,1,3
1918,250,1,3
1918,251,1,3
1918,252,1,3
1918,253,1,3
1918,254,1,3
1918,255,1,3
1918,256,1,3
1918,257,1,3
1918,258,1,3
1918,259,1,3
1918,260,1,3
1918,261,1,3
1918,262,1,3
1918,263,1,3
1918,264,1,3
1918,265,1,3
1918,266,1,3
1918,267,1,3
1918,268,1,3
1918,269,1,3
1918,270,1,2
1918,271,1,2
1918,272,1,2
1918,273,1,2
1918,274,1,2
1918,275,1,2
1918,276,1,2
1918,277,1,2
1918,278,1,2
1918,279,1,2
1918,280,1,2
1918,281,1,2
1918,282,1,2
1918,283,1,2
1918,284,1,2
1918,285,1,2
1918,286,1,2
1918,287,1,2
1918,288,1,2
1918,289,1,2
1918,290,1,2
1918,291,1,2
1918,292,1,2
1918,293,1,2
1918,294,1,2
1918,295,1,2
1918,296,1,2
1918,297,1,2
1918,298,1,2
1918,299,1,2
1918,300,1,2
1918,301,1,2
1918,302,1,2
1918,303,1,2
1918,304,1,2
1918,305,1,2
1918,306,1,2
1918,307,1,2
1918,308,1,2
1918,309,1,2
1918,310,1,2
1918,311,1,2
1918,312,1,2
1918,313,1,2
1918,314,1,2
1918,315,1,2
1918,316,1,2
1918,317,1,2
1918,318,1,2
1918,319,1,2
1918,320,1,2
1918,321,1,2
1918,322,1,2
1918,323,1,2
1918,324,1,2
1918,325,1,2
1918,326,1,2
1918,327,1,2
1918,328,1,2
1918,329,1,2
1918,330,1,2
1918,331,1,2
1918,332,1,2
1918,333,1,2
1918,334,1,2
1918,335,1,2
1918,336,1,2
1918,337,1,2
1918,338,1,2
1918,339,1,2
1918,340,1,2
1918,341,1,2
1918,342,1,2
1918,343,1,2
1918,344,1,2
1918,345,1,2
1918,346,1,2
1918,347,1,2
1918,348,1,2
1918,349,1,2
1918,350,1,2
1918,351,1,2
1918,352,1,2
1918,353,1,2
1918,354,1,2
1918,355,1,2
1918,356,1,2
1918,357,1,2
1918,358,1,2
1918,359,1,2
1918,360,1,2
1918,361,1,2
1918,362,1,2
1918,363,1,3
1918,364,1,3
1918,365,1,3
1918,366,1,3
1918,367,1,3
1918,368,1,3
1918,369,1,3
1918,370,1,3
1918,371,1,3
1918,372,1,3
1918,373,1,3
1918,374,1,3
1918,375,1,3
1918,376,1,3
1918,377,1,3
1918,378,1,3
1918,379,1,3
1918,380,1,3
1918,381,1,3
1918,382,1,3
1918,383,1,3
1918,384,1,3
1918,385,1,3
1918,386,1,3
1918,387,1,3
1918,388,1,3
1918,389,1,3
1918,390,1,3
1918,391,1,3
1918,392,1,3
1918,393,1,3
1918,394,1,3
1918,395,1,3
1918,396,1,3
1918,397,1,3
1918,398,1,3
1918,399,1,3
1918,400,1,3
1918,401,1,3
1918,402,1,3
1918,403,1,3
1918,404,1,3
1918,405,1,3
1918,406,1,3
1918,407,1,3
1918,408,1,3
1918,409,1,3
1918,410,1,3
1918,411,1,3
1918,412,1,3
1918,413,1,3
1918,414,1,3
1918,415,1,3
1918,416,1,3
1918,417,1,3
1918,418,1,3
1918,419,1,3
1918,420,1,3
1918,421,1,3
1918,422,1,3
1918,423,1,3
1918,424,1,2
1918,425,1,2
1918,426,1,2
1918,427,1,3
1918,428,1,3
1918,429,1,3
1918,430,1,3
1918,431,1,3
1918,432,1,3
1918,433,1,3
1918,434,1,3
1918,435,1,3
1918,436,1,3
1918,437,1,3
1918,438,1,2
1918,439,1,2
1918,440,1,2
1918,441,1,2
1918,442,1,2
1918,443,1,2
1918,444,1,2
1918,445,1,2
1918,446,1,3
1918,447,1,3
1918,448,1,3
1918,449,1,3
1918,450,1,3
1918,451,1,3
1918,452,1,3
1918,453,1,3
1918,454,1,3
1918,455,1,3
1918,456,1,3
1918,457,1,3
1918,458,1,3
1918,459,1,3
1918,460,1,3
1918,461,1,3
1918,462,1,3
1918,463,1,3
1918,464,1,3
1918,465,1,3
1918,466,1,3
1918,467,1,3
1918,468,1,3
1918,469,1,3
1918,470,1,3
1918,471,1,3
1918,472,1,2
1918,473,1,2
1918,474,1,2
1918,475,1,2
1918,476,1,2
1918,477,1,2
1918,478,1,2
1918,479,1,2
1918,480,1,2
1918,481,1,2
1918,482,1,2
1918,483,1,2
1918,484,1,2
1918,485,1,2
1918,486,1,2
1918,487,1,2
1918,488,1,2
1918,489,1,2
1918,490,1,2
1918,491,1,2
1918,492,1,2
1918,493,1,2
1918,494,1,2
1918,495,1,2
1918,496,1,2
1918,497,1,2
1918,498,1,2
1918,499,1,2
1918,500,1,2
1918,501,1,2
1918,502,1,2
1918,503,1,2
1918,504,1,2
1918,505,1,2
1918,506,1,2
1918,507,1,2
1918,508,1,2
1918,509,1,3
1918,510,1,3
1918,511,1,3
1918,512,1,3
1918,513,1,3
1918,514,1,3
1918,515,1,3
1918,516,1,3
1918,517,1,3
1918,518,1,3
1918,519,1,3
1918,520,1,3
1918,521,1,3
1918,522,1,3
1918,523,1,3
1918,524,1,3
1918,525,1,3
1918,526,1,3
1918,527,1,3
1918,528,1,3
1918,529,1,3
1918,530,1,3
1918,531,1,3
1918,532,1,3
1918,533,1,3
1918,534,1,3
1918,535,1,3
1918,536,1,2
1918,537,1,2
1918,538,1,2
1918,539,1,2
1918,540,1,2
1918,541,1,2
1918,542,1,2
1918,543,1,2
1918,544,1,2
1918,545,1,2
1918,546,1,2
1918,547,1,2
1918,548,1,2
1918,549,1,2
1918,550,1,2
1918,551,1,2
1918,552,1,2
1918,553,1,2
1918,554,1,2
1918,555,1,2
1918,556,1,2
1918,557,1,2
1918,558,1,2
1918,559,1,2
1918,560,1,2
1918,561,1,2
1918,562,1,2
1918,563,1,2
1918,564,1,2
1918,565,1,2
1918,566,1,2
1918,567,1,2
1918,568,1,2
1918,569,1,2
1918,570,1,2
1918,571,1,2
1918,572,1,2
1918,573,1,2
1918,574,1,2
1918,575,1,2
1918,576,1,2
1918,577,1,2
1918,578,1,2
1918,579,1,2
1918,580,1,2
1918,581,1,2
1918,582,1,2
1918,583,1,2
1918,584,1,2
1918,585,1,2
1918,586,1,2
1918,587,1,2
1918,588,1,2
1918,589,1,2
1918,590,1,2
1918,591,1,2
1918,592,1,2
1918,593,1,2
1918,594,1,2
1918,595,1,2
1918,596,1,2
1918,597,1,2
1918,598,1,2
1918,599,1,2
1918,600,1,2
1918,601,1,2
1918,602,1,2
1918,603,1,2
1918,604,1,2
1918,605,1,2
1918,606,1,2
1918,607,1,2
1918,608,1,2
1918,609,1,2
1918,610,1,2
1918,611,1,2
1918,612,1,2
1918,613,1,2
1918,614,1,2
1918,615,1,2
1918,616,1,2
1918,617,1,2
1918,618,1,2
1918,619,1,2
1918,620,1,2
1918,621,1,2
1918,622,1,2
1918,623,1,2
1918,624,1,2
1918,625,1,2
1918,626,1,2
1918,627,1,2
1918,628,1,2
1918,629,1,2
1918,630,1,2
1918,631,1,2
1918,632,1,2
1918,633,1,2
1918,634,1,2
1918,635,1,2
1918,636,1,2
1918,637,1,2
1918,638,1,2
1918,639,1,2
1918,640,1,2
1918,641,1,2
1918,642,1,2
1918,643,1,2
1918,644,1,2
1918,645,1,2
1918,646,1,2
1919,107,1,2
1919,108,1,2
1919,109,1,2
1919,110,1,2
1919,111,1,2
1919,112,1,2
1919,113,1,2
1919,114,1,2
1919,115,1,2
1919,116,1,2
1919,117,1,2
1919,118,1,2
1919,119,1,2
1919,120,1,2
1919,121,1,2
1919,122,1,2
1919,123,1,2
1919,124,1,2
1919,125,1,2
1919,126,1,2
1919,127,1,2
1919,128,1,2
1919,129,1,2
1919,130,1,2
1919,131,1,2
1919,132,1,2
1919,133,1,2
1919,134,1,2
1919,135,1,2
1919,136,1,2
1919,137,1,2
1919,138,1,2
1919,139,1,2
1919,140,1,2
1919,141,1,2
1919,142,1,2
1919,143,1,2
1919,144,1,2
1919,145,1,2
1919,146,1,2
1919,147,1,2
1919,148,1,2
1919,149,1,2
1919,150,1,2
1919,151,1,2
1919,152,1,2
1919,153,1,2
1919,154,1,2
1919,155,1,2
1919,156,1,2
1919,157,1,2
1919,158,1,2
1919,159,1,2
1919,160,1,2
1919,161,1,2
1919,162,1,2
1919,163,1,2
1919,164,1,2
1919,165,1,2
1919,166,1,2
1919,167,1,2
1919,168,1,2
1919,169,1,2
1919,170,1,2
1919,171,1,2
1919,172,1,2
1919,173,1,2
1919,174,1,2
1919,175,1,2
1919,176,1,2
1919,177,1,2
1919,178,1,2
1919,179,1,2
1919,180,1,2
1919,181,1,2
1919,182,1,2
1919,183,1,2
1919,184,1,2
1919,185,1,2
1919,186,1,2
1919,187,1,2
1919,188,1,2
1919,189,1,2
1919,190,1,2
1919,191,1,2
1919,192,1,2
1919,193,1,2
1919,194,1,2
1919,195,1,2
1919,196,1,2
1919,197,1,2
1919,198,1,2
1919,199,1,2
1919,200,1,2
1919,201,1,2
1919,202,1,2
1919,203,1,2
1919,204,1,2
1919,205,1,2
1919,206,1,2
1919,207,1,2
1919,208,1,2
1919,209,1,2
1919,210,1,2
1919,211,1,2
1919,212,1,2
1919,213,1,2
1919,214,1,2
1919,215,1,2
1919,216,1,2
1919,217,1,2
1919,218,1,2
1919,219,1,2
1919,220,1,2
1919,221,1,2
1919,222,1,2
1919,223,1,2
1919,224,1,2
1919,225,1,2
1919,226,1,2
1919,227,1,2
1919,228,1,2
1919,229,1,2
1919,230,1,2
1919,231,1,2
1919,232,1,2
1919,233,1,2
1919,234,1,2
1919,235,1,2
1919,236,1,2
1919,237,1,2
1919,238,1,2
1919,239,1,2
1919,240,1,2
1919,241,1,2
1919,242,1,2
1919,243,1,2
1919,244,1,2
1919,245,1,2
1919,246,1,2
1919,247,1,2
1919,248,1,3
1919,249,1,3
1919,250,1,3
1919,251,1,3
1919,252,1,3
1919,253,1,3
1919,254,1,3
1919,255,1,3
1919,256,1,3
1919,257,1,3
1919,258,1,3
1919,259,1,3
1919,260,1,3
1919,261,1,3
1919,262,1,3
1919,263,1,3
1919,264,1,3
1919,265,1,3
1919,266,1,3
1919,267,1,3
1919,268,1,3
1919,269,1,3
1919,270,1,2
1919,271,1,2
1919,272,1,2
1919,273,1,2
1919,274,1,2
1919,275,1,2
1919,276,1,2
1919,277,1,2
1919,278,1,2
1919,279,1,2
1919,280,1,2
1919,281,1,2
1919,282,1,2
1919,283,1,2
1919,284,1,2
1919,285,1,2
1919,286,1,2
1919,287,1,2
1919,288,1,2
1919,289,1,2
1919,290,1,2
1919,291,1,2
1919,292,1,2
1919,293,1,2
1919,294,1,2
1919,295,1,2
1919,296,1,2
1919,297,1,2
1919,298,1,2
1919,299,1,2
1919,300,1,2
1919,301,1,2
1919,302,1,2
1919,303,1,2
1919,304,1,2
1919,305,1,2
1919,306,1,2
1919,307,1,2
1919,308,1,2
1919,309,1,2
1919,310,1,2
1919,311,1,2
1919,312,1,2
1919,313,1,2
1919,314,1,2
1919,315,1,2
1919,316,1,2
1919,317,1,2
1919,318,1,2
1919,319,1,2
1919,320,1,2
1919,321,1,2
1919,322,1,2
1919,323,1,2
1919,324,1,2
1919,325,1,2
1919,326,1,2
1919,327,1,2
1919,328,1,2
1919,329,1,2
1919,330,1,2
1919,331,1,2
1919,332,1,2
1919,333,1,2
1919,334,1,2
1919,335,1,2
1919,336,1,2
1919,337,1,2
1919,338,1,2
1919,339,1,2
1919,340,1,2
1919,341,1,2
1919,342,1,2
1919,343,1,2
1919,344,1,2
1919,345,1,2
1919,346,1,2
1919,347,1,2
1919,348,1,2
1919,349,1,2
1919,350,1,2
1919,351,1,2
1919,352,1,2
1919,353,1,2
1919,354,1,2
1919,355,1,2
1919,356,1,2
1919,357,1,2
1919,358,1,2
1919,359,1,2
1919,360,1,2
1919,361,1,2
1919,362,1,3
1919,363,1,3
1919,364,1,3
1919,365,1,3
1919,366,1,3
1919,367,1,3
1919,368,1,3
1919,369,1,3
1919,370,1,3
1919,371,1,3
1919,372,1,3
1919,373,1,3
1919,374,1,3
1919,375,1,3
1919,376,1,3
1919,377,1,3
1919,378,1,3
1919,379,1,3
1919,380,1,3
1919,381,1,3
1919,382,1,3
1919,383,1,3
1919,384,1,3
1919,385,1,3
1919,386,1,3
1919,387,1,3
1919,388,1,3
1919,389,1,3
1919,390,1,3
1919,391,1,3
1919,392,1,3
1919,393,1,3
1919,394,1,3
1919,395,1,3
1919,396,1,3
1919,397,1,3
1919,398,1,3
1919,399,1,3
1919,400,1,3
1919,401,1,3
1919,402,1,3
1919,403,1,3
1919,404,1,3
1919,405,1,3
1919,406,1,3
1919,407,1,3
1919,408,1,3
1919,409,1,3
1919,410,1,3
1919,411,1,3
1919,412,1,3
1919,413,1,3
1919,414,1,3
1919,415,1,3
1919,416,1,3
1919,417,1,3
1919,418,1,3
1919,419,1,3
1919,420,1,3
1919,421,1,3
1919,422,1,3
1919,423,1,3
1919,424,1,3
1919,425,1,3
1919,426,1,3
1919,427,1,2
1919,428,1,3
1919,429,1,3
1919,430,1,3
1919,431,1,3
1919,432,1,3
1919,433,1,3
1919,434,1,2
1919,435,1,2
1919,436,1,2
1919,437,1,2
1919,438,1,2
1919,439,1,2
1919,440,1,2
1919,441,1,2
1919,442,1,2
1919,443,1,2
1919,444,1,2
1919,445,1,2
1919,446,1,2
1919,447,1,2
1919,448,1,2
1919,449,1,3
1919,450,1,3
1919,451,1,3
1919,452,1,3
1919,453,1,3
1919,454,1,3
1919,455,1,3
1919,456,1,3
1919,457,1,3
1919,458,1,3
1919,459,1,3
1919,460,1,3
1919,461,1,3
1919,462,1,3
1919,463,1,3
1919,464,1,3
1919,465,1,3
1919,466,1,3
1919,467,1,3
1919,468,1,3
1919,469,1,3
1919,470,1,3
1919,471,1,2
1919,472,1,2
1919,473,1,2
1919,474,1,2
1919,475,1,2
1919,476,1,2
1919,477,1,2
1919,478,1,2
1919,479,1,2
1919,480,1,2
1919,481,1,2
1919,482,1,2
1919,483,1,2
1919,484,1,2
1919,485,1,2
1919,486,1,2
1919,487,1,2
1919,488,1,2
1919,489,1,2
1919,490,1,2
1919,491,1,2
1919,492,1,2
1919,493,1,2
1919,494,1,2
1919,495,1,2
1919,496,1,2
1919,497,1,2
1919,498,1,2
1919,499,1,2
1919,500,1,2
1919,501,1,2
1919,502,1,2
1919,503,1,2
1919,504,1,2
1919,505,1,2
1919,506,1,2
1919,507,1,2
1919,508,1,2
1919,509,1,3
1919,510,1,3
1919,511,1,3
1919,512,1,3
1919,513,1,3
1919,514,1,3
1919,515,1,3
1919,516,1,3
1919,517,1,3
1919,518,1,3
1919,519,1,3
1919,520,1,3
1919,521,1,3
1919,522,1,3
1919,523,1,3
1919,524,1,3
1919,525,1,3
1919,526,1,3
1919,527,1,3
1919,528,1,3
1919,529,1,3
1919,530,1,3
1919,531,1,3
1919,532,1,3
1919,533,1,3
1919,534,1,3
1919,535,1,3
1919,536,1,2
1919,537,1,2
1919,538,1,2
1919,539,1,2
1919,540,1,2
1919,541,1,2
1919,542,1,2
1919,543,1,2
1919,544,1,2
1919,545,1,2
1919,546,1,2
1919,547,1,2
1919,548,1,2
1919,549,1,2
1919,550,1,2
1919,551,1,2
1919,552,1,2
1919,553,1,2
1919,554,1,2
1919,555,1,2
1919,556,1,2
1919,557,1,2
1919,558,1,2
1919,559,1,2
1919,560,1,2
1919,561,1,2
1919,562,1,2
1919,563,1,2
1919,564,1,2
1919,565,1,2
1919,566,1,2
1919,567,1,2
1919,568,1,2
1919,569,1,2
1919,570,1,2
1919,571,1,2
1919,572,1,2
1919,573,1,2
1919,574,1,2
1919,575,1,2
1919,576,1,2
1919,577,1,2
1919,578,1,2
1919,579,1,2
1919,580,1,2
1919,581,1,2
1919,582,1,2
1919,583,1,2
1919,584,1,2
1919,585,1,2
1919,586,1,2
1919,587,1,2
1919,588,1,2
1919,589,1,2
1919,590,1,2
1919,591,1,2
1919,592,1,2
1919,593,1,2
1919,594,1,2
1919,595,1,2
1919,596,1,2
1919,597,1,2
1919,598,1,2
1919,599,1,2
1919,600,1,2
1919,601,1,2
1919,602,1,2
1919,603,1,2
1919,604,1,2
1919,605,1,2
1919,606,1,2
1919,607,1,2
1919,608,1,2
1919,609,1,2
1919,610,1,2
1919,611,1,2
1919,612,1,2
1919,613,1,2
1919,614,1,2
1919,615,1,2
1919,616,1,2
1919,617,1,2
1919,618,1,2
1919,619,1,2
1919,620,1,2
1919,621,1,2
1919,622,1,2
1919,623,1,2
1919,624,1,2
1919,625,1,2
1919,626,1,2
1919,627,1,2
1919,628,1,2
1919,629,1,2
1919,630,1,2
1919,631,1,2
1919,632,1,2
1919,633,1,3
1919,634,1,2
1919,635,1,2
1919,636,1,2
1919,637,1,2
1919,638,1,2
1919,639,1,2
1919,640,1,2
1919,641,1,2
1919,642,1,2
1919,643,1,2
1919,644,1,2
1919,645,1,2
1919,646,1,2
1920,107,1,2
1920,108,1,2
1920,109,1,2
1920,110,1,2
1920,111,1,2
1920,112,1,2
1920,113,1,2
1920,114,1,2
1920,115,1,2
1920,116,1,2
1920,117,1,2
1920,118,1,2
1920,119,1,2
1920,120,1,2
1920,121,1,2
1920,122,1,2
1920,123,1,2
1920,124,1,2
1920,125,1,2
1920,126,1,2
1920,127,1,2
1920,128,1,2
1920,129,1,2
1920,130,1,2
1920,131,1,2
1920,132,1,2
1920,133,1,2
1920,134,1,2
1920,135,1,2
1920,136,1,2
1920,137,1,2
1920,138,1,2
1920,139,1,2
1920,140,1,2
1920,141,1,2
1920,142,1,2
1920,143,1,2
1920,144,1,2
1920,145,1,2
1920,146,1,2
1920,147,1,2
1920,148,1,2
1920,149,1,2
1920,150,1,2
1920,151,1,2
1920,152,1,2
1920,153,1,2
1920,154,1,2
1920,155,1,2
1920,156,1,2
1920,157,1,2
1920,158,1,2
1920,159,1,2
1920,160,1,2
1920,161,1,2
1920,162,1,2
1920,163,1,2
1920,164,1,2
1920,165,1,2
1920,166,1,2
1920,167,1,2
1920,168,1,2
1920,169,1,2
1920,170,1,2
1920,171,1,2
1920,172,1,2
1920,173,1,2
1920,174,1,2
1920,175,1,2
1920,176,1,2
1920,177,1,2
1920,178,1,2
1920,179,1,2
1920,180,1,2
1920,181,1,2
1920,182,1,2
1920,183,1,2
1920,184,1,2
1920,185,1,2
1920,186,1,2
1920,187,1,2
1920,188,1,2
1920,189,1,2
1920,190,1,2
1920,191,1,2
1920,192,1,2
1920,193,1,2
1920,194,1,2
1920,195,1,2
1920,196,1,2
1920,197,1,2
1920,198,1,2
1920,199,1,2
1920,200,1,2
1920,201,1,2
1920,202,1,2
1920,203,1,2
1920,204,1,2
1920,205,1,2
1920,206,1,2
1920,207,1,2
1920,208,1,2
1920,209,1,2
1920,210,1,2
1920,211,1,2
1920,212,1,2
1920,213,1,2
1920,214,1,2
1920,215,1,2
1920,216,1,2
1920,217,1,2
1920,218,1,2
1920,219,1,2
1920,220,1,2
1920,221,1,2
1920,222,1,2
1920,223,1,2
1920,224,1,2
1920,225,1,2
1920,226,1,2
1920,227,1,2
1920,228,1,2
1920,229,1,2
1920,230,1,2
1920,231,1,2
1920,232,1,2
1920,233,1,2
1920,234,1,2
1920,235,1,2
1920,236,1,2
1920,237,1,2
1920,238,1,2
1920,239,1,2
1920,240,1,2
1920,241,1,2
1920,242,1,2
1920,243,1,2
1920,244,1,2
1920,245,1,2
1920,246,1,2
1920,247,1,2
1920,248,1,3
1920,249,1,3
1920,250,1,3
1920,251,1,3
1920,252,1,3
1920,253,1,3
1920,254,1,3
1920,255,1,3
1920,256,1,3
1920,257,1,3
1920,258,1,3
1920,259,1,3
1920,260,1,3
1920,261,1,3
1920,262,1,3
1920,263,1,3
1920,264,1,3
1920,265,1,3
1920,266,1,3
1920,267,1,3
1920,268,1,3
1920,269,1,3
1920,270,1,2
1920,271,1,2
1920,272,1,2
1920,273,1,2
1920,274,1,2
1920,275,1,2
1920,276,1,2
1920,277,1,2
1920,278,1,2
1920,279,1,2
1920,280,1,2
1920,281,1,2
1920,282,1,2
1920,283,1,2
1920,284,1,2
1920,285,1,2
1920,286,1,2
1920,287,1,2
1920,288,1,2
1920,289,1,2
1920,290,1,2
1920,291,1,2
1920,292,1,2
1920,293,1,2
1920,294,1,2
1920,295,1,2
1920,296,1,2
1920,297,1,2
1920,298,1,2
1920,299,1,2
1920,300,1,2
1920,301,1,2
1920,302,1,2
1920,303,1,2
1920,304,1,2
1920,305,1,2
1920,306,1,2
1920,307,1,2
1920,308,1,2
1920,309,1,2
1920,310,1,2
1920,311,1,2
1920,312,1,2
1920,313,1,2
1920,314,1,2
1920,315,1,2
1920,316,1,2
1920,317,1,2
1920,318,1,2
1920,319,1,2
1920,320,1,2
1920,321,1,2
1920,322,1,2
1920,323,1,2
1920,324,1,2
1920,325,1,2
1920,326,1,2
1920,327,1,2
1920,328,1,2
1920,329,1,2
1920,330,1,2
1920,331,1,2
1920,332,1,2
1920,333,1,2
1920,334,1,2
1920,335,1,2
1920,336,1,2
1920,337,1,2
1920,338,1,2
1920,339,1,2
1920,340,1,2
1920,341,1,2
1920,342,1,2
1920,343,1,2
1920,344,1,2
1920,345,1,2
1920,346,1,2
1920,347,1,2
1920,348,1,2
1920,349,1,2
1920,350,1,2
1920,351,1,2
1920,352,1,2
1920,353,1,2
1920,354,1,2
1920,355,1,2
1920,356,1,2
1920,357,1,2
1920,358,1,2
1920,359,1,2
1920,360,1,2
1920,361,1,3
1920,362,1,3
1920,363,1,3
1920,364,1,3
1920,365,1,3
1920,366,1,3
1920,367,1,3
1920,368,1,3
1920,369,1,3
1920,370,1,3
1920,371,1,3
1920,372,1,3
1920,373,1,3
1920,374,1,3
1920,375,1,3
1920,376,1,3
1920,377,1,3
1920,378,1,3
1920,379,1,3
1920,380,1,3
1920,381,1,3
1920,382,1,3
1920,383,1,3
1920,384,1,3
1920,385,1,3
1920,386,1,3
1920,387,1,3
1920,388,1,3
1920,389,1,3
1920,390,1,3
1920,391,1,3
1920,392,1,3
1920,393,1,3
1920,394,1,3
1920,395,1,3
1920,396,1,3
1920,397,1,3
1920,398,1,3
1920,399,1,3
1920,400,1,3
1920,401,1,3
1920,402,1,3
1920,403,1,3
1920,404,1,3
1920,405,1,3
1920,406,1,3
1920,407,1,3
1920,408,1,3
1920,409,1,3
1920,410,1,3
1920,411,1,3
1920,412,1,3
1920,413,1,3
1920,414,1,3
1920,415,1,3
1920,416,1,3
1920,417,1,3
1920,418,1,3
1920,419,1,3
1920,420,1,3
1920,421,1,3
1920,422,1,3
1920,423,1,3
1920,424,1,3
1920,425,1,3
1920,426,1,3
1920,427,1,2
1920,428,1,2
1920,429,1,2
1920,430,1,2
1920,431,1,2
1920,432,1,2
1920,433,1,2
1920,434,1,2
1920,435,1,2
1920,436,1,2
1920,437,1,2
1920,438,1,2
1920,439,1,2
1920,440,1,2
1920,441,1,2
1920,442,1,2
1920,443,1,2
1920,444,1,2
1920,445,1,2
1920,446,1,2
1920,447,1,2
1920,448,1,2
1920,449,1,2
1920,450,1,2
1920,451,1,2
1920,452,1,3
1920,453,1,3
1920,454,1,3
1920,455,1,3
1920,456,1,3
1920,457,1,3
1920,458,1,3
1920,459,1,3
1920,460,1,3
1920,461,1,3
1920,462,1,3
1920,463,1,3
1920,464,1,3
1920,465,1,3
1920,466,1,3
1920,467,1,3
1920,468,1,2
1920,469,1,2
1920,470,1,2
1920,471,1,2
1920,472,1,2
1920,473,1,2
1920,474,1,2
1920,475,1,2
1920,476,1,2
1920,477,1,2
1920,478,1,2
1920,479,1,2
1920,480,1,2
1920,481,1,2
1920,482,1,2
1920,483,1,2
1920,484,1,2
1920,485,1,2
1920,486,1,2
1920,487,1,2
1920,488,1,2
1920,489,1,2
1920,490,1,2
1920,491,1,2
1920,492,1,2
1920,493,1,2
1920,494,1,2
1920,495,1,2
1920,496,1,2
1920,497,1,2
1920,498,1,2
1920,499,1,2
1920,500,1,2
1920,501,1,2
1920,502,1,2
1920,503,1,2
1920,504,1,2
1920,505,1,2
1920,506,1,2
1920,507,1,2
1920,508,1,2
1920,509,1,3
1920,510,1,3
1920,511,1,3
1920,512,1,3
1920,513,1,3
1920,514,1,3
1920,515,1,3
1920,516,1,3
1920,517,1,3
1920,518,1,3
1920,519,1,3
1920,520,1,3
1920,521,1,3
1920,522,1,3
1920,523,1,3
1920,524,1,3
1920,525,1,3
1920,526,1,3
1920,527,1,3
1920,528,1,3
1920,529,1,3
1920,530,1,3
1920,531,1,3
1920,532,1,3
1920,533,1,3
1920,534,1,3
1920,535,1,3
1920,536,1,2
1920,537,1,2
1920,538,1,2
1920,539,1,2
1920,540,1,2
1920,541,1,2
1920,542,1,2
1920,543,1,2
1920,544,1,2
1920,545,1,2
1920,546,1,2
1920,547,1,2
1920,548,1,2
1920,549,1,2
1920,550,1,2
1920,551,1,2
1920,552,1,2
1920,553,1,2
1920,554,1,2
1920,555,1,2
1920,556,1,2
1920,557,1,2
1920,558,1,2
1920,559,1,2
1920,560,1,2
1920,561,1,2
1920,562,1,2
1920,563,1,2
1920,564,1,2
1920,565,1,2
1920,566,1,2
1920,567,1,2
1920,568,1,2
1920,569,1,2
1920,570,1,2
1920,571,1,2
1920,572,1,2
1920,573,1,2
1920,574,1,2
1920,575,1,2
1920,576,1,2
1920,577,1,2
1920,578,1,2
1920,579,1,2
1920,580,1,2
1920,581,1,2
1920,582,1,2
1920,583,1,2
1920,584,1,2
1920,585,1,2
1920,586,1,2
1920,587,1,2
1920,588,1,2
1920,589,1,2
1920,590,1,2
1920,591,1,2
1920,592,1,2
1920,593,1,2
1920,594,1,2
1920,595,1,2
1920,596,1,2
1920,597,1,2
1920,598,1,2
1920,599,1,2
1920,600,1,2
1920,601,1,2
1920,602,1,2
1920,603,1,2
1920,604,1,2
1920,605,1,2
1920,606,1,2
1920,607,1,2
1920,608,1,2
1920,609,1,2
1920,610,1,2
1920,611,1,2
1920,612,1,2
1920,613,1,2
1920,614,1,2
1920,615,1,2
1920,616,1,2
1920,617,1,2
1920,618,1,2
1920,619,1,2
1920,620,1,2
1920,621,1,2
1920,622,1,2
1920,623,1,2
1920,624,1,2
1920,625,1,2
1920,626,1,2
1920,627,1,2
1920,628,1,2
1920,629,1,2
1920,630,1,2
1920,631,1,2
1920,632,1,2
1920,633,1,2
1920,634,1,2
1920,635,1,2
1920,636,1,2
1920,637,1,2
1920,638,1,2
1920,639,1,2
1920,640,1,2
1920,641,1,2
1920,642,1,2
1920,643,1,2
1920,644,1,2
1920,645,1,2
1920,646,1,2
1921,108,1,2
1921,109,1,2
1921,110,1,2
1921,111,1,2
1921,112,1,2
1921,113,1,2
1921,114,1,2
1921,115,1,2
1921,116,1,2
1921,117,1,2
1921,118,1,2
1921,119,1,2
1921,120,1,2
1921,121,1,2
1921,122,1,2
1921,123,1,2
1921,124,1,2
1921,125,1,2
1921,126,1,2
1921,127,1,2
1921,128,1,2
1921,129,1,2
1921,130,1,2
1921,131,1,2
1921,132,1,2
1921,133,1,2
1921,134,1,2
1921,135,1,2
1921,136,1,2
1921,137,1,2
1921,138,1,2
1921,139,1,2
1921,140,1,2
1921,141,1,2
1921,142,1,2
1921,143,1,2
1921,144,1,2
1921,145,1,2
1921,146,1,2
1921,147,1,2
1921,148,1,2
1921,149,1,2
1921,150,1,2
1921,151,1,2
1921,152,1,2
1921,153,1,2
1921,154,1,2
1921,155,1,2
1921,156,1,2
1921,157,1,2
1921,158,1,2
1921,159,1,2
1921,160,1,2
1921,161,1,2
1921,162,1,2
1921,163,1,2
1921,164,1,2
1921,165,1,2
1921,166,1,2
1921,167,1,2
1921,168,1,2
1921,169,1,2
1921,170,1,2
1921,171,1,2
1921,172,1,2
1921,173,1,2
1921,174,1,2
1921,175,1,2
1921,176,1,2
1921,177,1,2
1921,178,1,2
1921,179,1,2
1921,180,1,2
1921,181,1,2
1921,182,1,2
1921,183,1,2
1921,184,1,2
1921,185,1,2
1921,186,1,2
1921,187,1,2
1921,188,1,2
1921,189,1,2
1921,190,1,2
1921,191,1,2
1921,192,1,2
1921,193,1,2
1921,194,1,2
1921,195,1,2
1921,196,1,2
1921,197,1,2
1921,198,1,2
1921,199,1,2
1921,200,1,2
1921,201,1,2
1921,202,1,2
1921,203,1,2
1921,204,1,2
1921,205,1,2
1921,206,1,2
1921,207,1,2
1921,208,1,2
1921,209,1,2
1921,210,1,2
1921,211,1,2
1921,212,1,2
1921,213,1,2
1921,214,1,2
1921,215,1,2
1921,216,1,2
1921,217,1,2
1921,218,1,2
1921,219,1,2
1921,220,1,2
1921,221,1,2
1921,222,1,2
1921,223,1,2
1921,224,1,2
1921,225,1,2
1921,226,1,2
1921,227,1,2
1921,228,1,2
1921,229,1,2
1921,230,1,2
1921,231,1,2
1921,232,1,2
1921,233,1,2
1921,234,1,2
1921,235,1,2
1921,236,1,2
1921,237,1,2
1921,238,1,2
1921,239,1,2
1921,240,1,2
1921,241,1,2
1921,242,1,2
1921,243,1,2
1921,244,1,2
1921,245,1,2
1921,246,1,2
1921,247,1,3
1921,248,1,3
1921,249,1,3
1921,250,1,3
1921,251,1,3
1921,252,1,3
1921,253,1,3
1921,254,1,3
1921,255,1,3
1921,256,1,3
1921,257,1,3
1921,258,1,3
1921,259,1,3
1921,260,1,3
1921,261,1,3
1921,262,1,3
1921,263,1,3
1921,264,1,3
1921,265,1,3
1921,266,1,3
1921,267,1,3
1921,268,1,3
1921,269,1,2
1921,270,1,2
1921,271,1,2
1921,272,1,2
1921,273,1,2
1921,274,1,2
1921,275,1,2
1921,276,1,2
1921,277,1,2
1921,278,1,2
1921,279,1,2
1921,280,1,2
1921,281,1,2
1921,282,1,2
1921,283,1,2
1921,284,1,2
1921,285,1,2
1921,286,1,2
1921,287,1,2
1921,288,1,2
1921,289,1,2
1921,290,1,2
1921,291,1,2
1921,292,1,2
1921,293,1,2
1921,294,1,2
1921,295,1,2
1921,296,1,2
1921,297,1,2
1921,298,1,2
1921,299,1,2
1921,300,1,2
1921,301,1,2
1921,302,1,2
1921,303,1,2
1921,304,1,2
1921,305,1,2
1921,306,1,2
1921,307,1,2
1921,308,1,2
1921,309,1,2
1921,310,1,2
1921,311,1,2
1921,312,1,2
1921,313,1,2
1921,314,1,2
1921,315,1,2
1921,316,1,2
1921,317,1,2
1921,318,1,2
1921,319,1,2
1921,320,1,2
1921,321,1,2
1921,322,1,2
1921,323,1,2
1921,324,1,2
1921,325,1,2
1921,326,1,2
1921,327,1,2
1921,328,1,2
1921,329,1,2
1921,330,1,2
1921,331,1,2
1921,332,1,2
1921,333,1,2
1921,334,1,2
1921,335,1,2
1921,336,1,2
1921,337,1,2
1921,338,1,2
1921,339,1,2
1921,340,1,2
1921,341,1,2
1921,342,1,2
1921,343,1,2
1921,344,1,2
1921,345,1,2
1921,346,1,2
1921,347,1,2
1921,348,1,2
1921,349,1,2
1921,350,1,2
1921,351,1,2
1921,352,1,2
1921,353,1,2
1921,354,1,2
1921,355,1,2
1921,356,1,2
1921,357,1,2
1921,358,1,3
1921,359,1,3
1921,360,1,3
1921,361,1,3
1921,362,1,3
1921,363,1,3
1921,364,1,3
1921,365,1,3
1921,366,1,3
1921,367,1,3
1921,368,1,3
1921,369,1,3
1921,370,1,3
1921,371,1,3
1921,372,1,3
1921,373,1,3
1921,374,1,3
1921,375,1,3
1921,376,1,3
1921,377,1,3
1921,378,1,3
1921,379,1,3
1921,380,1,3
1921,381,1,3
1921,382,1,3
1921,383,1,3
1921,384,1,3
1921,385,1,3
1921,386,1,3
1921,387,1,3
1921,388,1,3
1921,389,1,3
1921,390,1,3
1921,391,1,3
1921,392,1,3
1921,393,1,3
1921,394,1,3
1921,395,1,3
1921,396,1,3
1921,397,1,3
1921,398,1,3
1921,399,1,3
1921,400,1,3
1921,401,1,3
1921,402,1,3
1921,403,1,3
1921,404,1,3
1921,405,1,3
1921,406,1,3
1921,407,1,3
1921,408,1,3
1921,409,1,3
1921,410,1,3
1921,411,1,3
1921,412,1,3
1921,413,1,3
1921,414,1,3
1921,415,1,3
1921,416,1,3
1921,417,1,3
1921,418,1,3
1921,419,1,3
1921,420,1,3
1921,421,1,3
1921,422,1,3
1921,423,1,3
1921,424,1,3
1921,425,1,3
1921,426,1,3
1921,427,1,3
1921,428,1,2
1921,429,1,2
1921,430,1,2
1921,431,1,2
1921,432,1,2
1921,433,1,2
1921,434,1,2
1921,435,1,2
1921,436,1,2
1921,437,1,2
1921,438,1,2
1921,439,1,2
1921,440,1,2
1921,441,1,2
1921,442,1,2
1921,443,1,2
1921,444,1,2
1921,445,1,2
1921,446,1,2
1921,447,1,2
1921,448,1,2
1921,449,1,2
1921,450,1,2
1921,451,1,2
1921,452,1,2
1921,453,1,2
1921,454,1,2
1921,455,1,2
1921,456,1,2
1921,457,1,2
1921,458,1,2
1921,459,1,2
1921,460,1,2
1921,461,1,2
1921,462,1,2
1921,463,1,2
1921,464,1,2
1921,465,1,2
1921,466,1,2
1921,467,1,2
1921,468,1,2
1921,469,1,2
1921,470,1,2
1921,471,1,2
1921,472,1,2
1921,473,1,2
1921,474,1,2
1921,475,1,2
1921,476,1,2
1921,477,1,2
1921,478,1,2
1921,479,1,2
1921,480,1,2
1921,481,1,2
1921,482,1,2
1921,483,1,2
1921,484,1,2
1921,485,1,2
1921,486,1,2
1921,487,1,2
1921,488,1,2
1921,489,1,2
1921,490,1,2
1921,491,1,2
1921,492,1,2
1921,493,1,2
1921,494,1,2
1921,495,1,2
1921,496,1,2
1921,497,1,2
1921,498,1,2
1921,499,1,2
1921,500,1,2
1921,501,1,2
1921,502,1,2
1921,503,1,2
1921,504,1,2
1921,505,1,2
1921,506,1,2
1921,507,1,2
1921,508,1,3
1921,509,1,3
1921,510,1,3
1921,511,1,3
1921,512,1,3
1921,513,1,3
1921,514,1,3
1921,515,1,3
1921,516,1,3
1921,517,1,3
1921,518,1,3
1921,519,1,3
1921,520,1,3
1921,521,1,3
1921,522,1,3
1921,523,1,3
1921,524,1,3
1921,525,1,3
1921,526,1,3
1921,527,1,3
1921,528,1,3
1921,529,1,3
1921,530,1,3
1921,531,1,3
1921,532,1,3
1921,533,1,3
1921,534,1,3
1921,535,1,3
1921,536,1,3
1921,537,1,3
1921,538,1,2
1921,539,1,2
1921,540,1,2
1921,541,1,2
1921,542,1,2
1921,543,1,2
1921,544,1,2
1921,545,1,2
1921,546,1,2
1921,547,1,2
1921,548,1,2
1921,549,1,2
1921,550,1,2
1921,551,1,2
1921,552,1,2
1921,553,1,2
1921,554,1,2
1921,555,1,2
1921,556,1,2
1921,557,1,2
1921,558,1,2
1921,559,1,2
1921,560,1,2
1921,561,1,2
1921,562,1,2
1921,563,1,2
1921,564,1,2
1921,565,1,2
1921,566,1,2
1921,567,1,2
1921,568,1,2
1921,569,1,2
1921,570,1,2
1921,571,1,2
1921,572,1,2
1921,573,1,2
1921,574,1,2
1921,575,1,2
1921,576,1,2
1921,577,1,2
1921,578,1,2
1921,579,1,2
1921,580,1,2
1921,581,1,2
1921,582,1,2
1921,583,1,2
1921,584,1,2
1921,585,1,2
1921,586,1,2
1921,587,1,2
1921,588,1,2
1921,589,1,2
1921,590,1,2
1921,591,1,2
1921,592,1,2
1921,593,1,2
1921,594,1,2
1921,595,1,2
1921,596,1,2
1921,597,1,2
1921,598,1,2
1921,599,1,2
1921,600,1,2
1921,601,1,2
1921,602,1,2
1921,603,1,2
1921,604,1,2
1921,605,1,2
1921,606,1,2
1921,607,1,2
1921,608,1,2
1921,609,1,2
1921,610,1,2
1921,611,1,2
1921,612,1,2
1921,613,1,2
1921,614,1,2
1921,615,1,2
1921,616,1,2
1921,617,1,2
1921,618,1,2
1921,619,1,2
1921,620,1,2
1921,621,1,2
1921,622,1,2
1921,623,1,2
1921,624,1,2
1921,625,1,2
1921,626,1,2
1921,627,1,2
1921,628,1,2
1921,629,1,2
1921,630,1,2
1921,631,1,2
1921,632,1,2
1921,633,1,2
1921,634,1,2
1921,635,1,2
1921,636,1,2
1921,637,1,2
1921,638,1,2
1921,639,1,2
1921,640,1,2
1921,641,1,2
1921,642,1,2
1921,643,1,2
1921,644,1,2
1921,645,1,2
1921,646,1,2
1922,108,1,2
1922,109,1,2
1922,110,1,2
1922,111,1,2
1922,112,1,2
1922,113,1,2
1922,114,1,2
1922,115,1,2
1922,116,1,2
1922,117,1,2
1922,118,1,2
1922,119,1,2
1922,120,1,2
1922,121,1,2
1922,122,1,2
1922,123,1,2
1922,124,1,2
1922,125,1,2
1922,126,1,2
1922,127,1,2
1922,128,1,2
1922,129,1,3
1922,130,1,3
1922,131,1,2
1922,132,1,2
1922,133,1,2
1922,134,1,2
1922,135,1,2
1922,136,1,2
1922,137,1,2
1922,138,1,2
1922,139,1,2
1922,140,1,2
1922,141,1,2
1922,142,1,2
1922,143,1,2
1922,144,1,2
1922,145,1,2
1922,146,1,2
1922,147,1,2
1922,148,1,2
1922,149,1,2
1922,150,1,2
1922,151,1,2
1922,152,1,2
1922,153,1,2
1922,154,1,2
1922,155,1,2
1922,156,1,2
1922,157,1,2
1922,158,1,2
1922,159,1,2
1922,160,1,2
1922,161,1,2
1922,162,1,2
1922,163,1,2
1922,164,1,2
1922,165,1,2
1922,166,1,2
1922,167,1,2
1922,168,1,2
1922,169,1,2
1922,170,1,2
1922,171,1,2
1922,172,1,2
1922,173,1,2
1922,174,1,2
1922,175,1,2
1922,176,1,2
1922,177,1,2
1922,178,1,2
1922,179,1,2
1922,180,1,2
1922,181,1,2
1922,182,1,2
1922,183,1,2
1922,184,1,2
1922,185,1,2
1922,186,1,2
1922,187,1,2
1922,188,1,2
1922,189,1,2
1922,190,1,2
1922,191,1,2
1922,192,1,2
1922,193,1,2
1922,194,1,2
1922,195,1,2
1922,196,1,2
1922,197,1,2
1922,198,1,2
1922,199,1,2
1922,200,1,2
1922,201,1,2
1922,202,1,2
1922,203,1,2
1922,204,1,2
1922,205,1,2
1922,206,1,2
1922,207,1,2
1922,208,1,2
1922,209,1,2
1922,210,1,2
1922,211,1,2
1922,212,1,2
1922,213,1,2
1922,214,1,2
1922,215,1,2
1922,216,1,2
1922,217,1,2
1922,218,1,2
1922,219,1,2
1922,220,1,2
1922,221,1,2
1922,222,1,2
1922,223,1,2
1922,224,1,2
1922,225,1,2
1922,226,1,2
1922,227,1,2
1922,228,1,2
1922,229,1,2
1922,230,1,2
1922,231,1,2
1922,232,1,2
1922,233,1,2
1922,234,1,2
1922,235,1,2
1922,236,1,2
1922,237,1,2
1922,238,1,2
1922,239,1,2
1922,240,1,2
1922,241,1,2
1922,242,1,2
1922,243,1,2
1922,244,1,2
1922,245,1,2
1922,246,1,2
1922,247,1,3
1922,248,1,3
1922,249,1,3
1922,250,1,3
1922,251,1,3
1922,252,1,3
1922,253,1,3
1922,254,1,3
1922,255,1,3
1922,256,1,3
1922,257,1,3
1922,258,1,3
1922,259,1,3
1922,260,1,3
1922,261,1,3
1922,262,1,3
1922,263,1,3
1922,264,1,3
1922,265,1,3
1922,266,1,3
1922,267,1,3
1922,268,1,3
1922,269,1,2
1922,270,1,2
1922,271,1,2
1922,272,1,2
1922,273,1,2
1922,274,1,2
1922,275,1,2
1922,276,1,2
1922,277,1,2
1922,278,1,2
1922,279,1,2
1922,280,1,2
1922,281,1,2
1922,282,1,2
1922,283,1,2
1922,284,1,2
1922,285,1,2
1922,286,1,2
1922,287,1,2
1922,288,1,2
1922,289,1,2
1922,290,1,2
1922,291,1,2
1922,292,1,2
1922,293,1,2
1922,294,1,2
1922,295,1,2
1922,296,1,2
1922,297,1,2
1922,298,1,2
1922,299,1,2
1922,300,1,2
1922,301,1,2
1922,302,1,2
1922,303,1,2
1922,304,1,2
1922,305,1,2
1922,306,1,2
1922,307,1,2
1922,308,1,2
1922,309,1,2
1922,310,1,2
1922,311,1,2
1922,312,1,2
1922,313,1,2
1922,314,1,2
1922,315,1,2
1922,316,1,2
1922,317,1,2
1922,318,1,2
1922,319,1,2
1922,320,1,2
1922,321,1,2
1922,322,1,2
1922,323,1,2
1922,324,1,2
1922,325,1,2
1922,326,1,2
1922,327,1,2
1922,328,1,2
1922,329,1,2
1922,330,1,2
1922,331,1,2
1922,332,1,2
1922,333,1,2
1922,334,1,2
1922,335,1,2
1922,336,1,2
1922,337,1,2
1922,338,1,2
1922,339,1,2
1922,340,1,2
1922,341,1,2
1922,342,1,2
1922,343,1,2
1922,344,1,2
1922,345,1,2
1922,346,1,2
1922,347,1,2
1922,348,1,2
1922,349,1,2
1922,350,1,2
1922,351,1,2
1922,352,1,2
1922,353,1,2
1922,354,1,2
1922,355,1,2
1922,356,1,2
1922,357,1,3
1922,358,1,3
1922,359,1,3
1922,360,1,3
1922,361,1,3
1922,362,1,3
1922,363,1,3
1922,364,1,3
1922,365,1,3
1922,366,1,3
1922,367,1,3
1922,368,1,3
1922,369,1,3
1922,370,1,3
1922,371,1,3
1922,372,1,3
1922,373,1,3
1922,374,1,3
1922,375,1,3
1922,376,1,3
1922,377,1,3
1922,378,1,3
1922,379,1,3
1922,380,1,3
1922,381,1,3
1922,382,1,3
1922,383,1,3
1922,384,1,3
1922,385,1,3
1922,386,1,3
1922,387,1,3
1922,388,1,3
1922,389,1,3
1922,390,1,3
1922,391,1,3
1922,392,1,3
1922,393,1,3
1922,394,1,3
1922,395,1,3
1922,396,1,3
1922,397,1,3
1922,398,1,3
1922,399,1,3
1922,400,1,3
1922,401,1,3
1922,402,1,3
1922,403,1,3
1922,404,1,3
1922,405,1,3
1922,406,1,3
1922,407,1,3
1922,408,1,3
1922,409,1,3
1922,410,1,3
1922,411,1,3
1922,412,1,3
1922,413,1,3
1922,414,1,3
1922,415,1,3
1922,416,1,3
1922,417,1,3
1922,418,1,3
1922,419,1,3
1922,420,1,3
1922,421,1,3
1922,422,1,3
1922,423,1,3
1922,424,1,3
1922,425,1,3
1922,426,1,3
1922,427,1,3
1922,428,1,2
1922,429,1,2
1922,430,1,2
1922,431,1,2
1922,432,1,2
1922,433,1,2
1922,434,1,2
1922,435,1,2
1922,436,1,2
1922,437,1,2
1922,438,1,2
1922,439,1,2
1922,440,1,2
1922,441,1,2
1922,442,1,2
1922,443,1,2
1922,444,1,2
1922,445,1,2
1922,446,1,2
1922,447,1,2
1922,448,1,2
1922,449,1,2
1922,450,1,2
1922,451,1,2
1922,452,1,2
1922,453,1,2
1922,454,1,2
1922,455,1,2
1922,456,1,2
1922,457,1,2
1922,458,1,2
1922,459,1,2
1922,460,1,2
1922,461,1,2
1922,462,1,2
1922,463,1,2
1922,464,1,2
1922,465,1,2
1922,466,1,2
1922,467,1,2
1922,468,1,2
1922,469,1,2
1922,470,1,2
1922,471,1,2
1922,472,1,2
1922,473,1,2
1922,474,1,2
1922,475,1,2
1922,476,1,2
1922,477,1,2
1922,478,1,2
1922,479,1,2
1922,480,1,2
1922,481,1,2
1922,482,1,2
1922,483,1,2
1922,484,1,2
1922,485,1,2
1922,486,1,2
1922,487,1,2
1922,488,1,2
1922,489,1,2
1922,490,1,2
1922,491,1,2
1922,492,1,2
1922,493,1,2
1922,494,1,2
1922,495,1,2
1922,496,1,2
1922,497,1,2
1922,498,1,2
1922,499,1,2
1922,500,1,2
1922,501,1,2
1922,502,1,2
1922,503,1,2
1922,504,1,2
1922,505,1,2
1922,506,1,2
1922,507,1,2
1922,508,1,3
1922,509,1,3
1922,510,1,3
1922,511,1,3
1922,512,1,3
1922,513,1,3
1922,514,1,3
1922,515,1,3
1922,516,1,3
1922,517,1,3
1922,518,1,3
1922,519,1,3
1922,520,1,3
1922,521,1,3
1922,522,1,3
1922,523,1,3
1922,524,1,3
1922,525,1,3
1922,526,1,3
1922,527,1,3
1922,528,1,3
1922,529,1,3
1922,530,1,3
1922,531,1,3
1922,532,1,3
1922,533,1,3
1922,534,1,3
1922,535,1,3
1922,536,1,3
1922,537,1,3
1922,538,1,3
1922,539,1,2
1922,540,1,2
1922,541,1,2
1922,542,1,2
1922,543,1,2
1922,544,1,2
1922,545,1,2
1922,546,1,2
1922,547,1,2
1922,548,1,2
1922,549,1,2
1922,550,1,2
1922,551,1,2
1922,552,1,2
1922,553,1,2
1922,554,1,2
1922,555,1,2
1922,556,1,2
1922,557,1,2
1922,558,1,2
1922,559,1,2
1922,560,1,2
1922,561,1,2
1922,562,1,2
1922,563,1,2
1922,564,1,2
1922,565,1,2
1922,566,1,2
1922,567,1,2
1922,568,1,2
1922,569,1,2
1922,570,1,2
1922,571,1,2
1922,572,1,2
1922,573,1,2
1922,574,1,2
1922,575,1,2
1922,576,1,2
1922,577,1,2
1922,578,1,2
1922,579,1,2
1922,580,1,2
1922,581,1,2
1922,582,1,2
1922,583,1,2
1922,584,1,2
1922,585,1,2
1922,586,1,2
1922,587,1,2
1922,588,1,2
1922,589,1,2
1922,590,1,2
1922,591,1,2
1922,592,1,2
1922,593,1,2
1922,594,1,2
1922,595,1,2
1922,596,1,2
1922,597,1,2
1922,598,1,2
1922,599,1,2
1922,600,1,2
1922,601,1,2
1922,602,1,2
1922,603,1,2
1922,604,1,2
1922,605,1,2
1922,606,1,2
1922,607,1,2
1922,608,1,2
1922,609,1,2
1922,610,1,2
1922,611,1,2
1922,612,1,2
1922,613,1,2
1922,614,1,2
1922,615,1,2
1922,616,1,2
1922,617,1,2
1922,618,1,2
1922,619,1,2
1922,620,1,2
1922,621,1,2
1922,622,1,2
1922,623,1,2
1922,624,1,2
1922,625,1,2
1922,626,1,2
1922,627,1,2
1922,628,1,2
1922,629,1,2
1922,630,1,2
1922,631,1,2
1922,632,1,2
1922,633,1,2
1922,634,1,2
1922,635,1,2
1922,636,1,2
1922,637,1,2
1922,638,1,2
1922,639,1,2
1922,640,1,2
1922,641,1,2
1922,642,1,2
1922,643,1,2
1922,644,1,2
1922,645,1,2
1922,646,1,2
1923,108,1,2
1923,109,1,2
1923,110,1,2
1923,111,1,2
1923,112,1,2
1923,113,1,2
1923,114,1,2
1923,115,1,2
1923,116,1,2
1923,117,1,2
1923,118,1,2
1923,119,1,3
1923,120,1,3
1923,121,1,3
1923,122,1,3
1923,123,1,3
1923,124,1,3
1923,125,1,2
1923,126,1,2
1923,127,1,2
1923,128,1,2
1923,129,1,3
1923,130,1,3
1923,131,1,3
1923,132,1,2
1923,133,1,2
1923,134,1,2
1923,135,1,2
1923,136,1,2
1923,137,1,2
1923,138,1,2
1923,139,1,2
1923,140,1,2
1923,141,1,2
1923,142,1,2
1923,143,1,2
1923,144,1,2
1923,145,1,2
1923,146,1,2
1923,147,1,2
1923,148,1,2
1923,149,1,2
1923,150,1,2
1923,151,1,2
1923,152,1,2
1923,153,1,2
1923,154,1,2
1923,155,1,2
1923,156,1,2
1923,157,1,2
1923,158,1,2
1923,159,1,2
1923,160,1,2
1923,161,1,2
1923,162,1,2
1923,163,1,2
1923,164,1,2
1923,165,1,2
1923,166,1,2
1923,167,1,2
1923,168,1,2
1923,169,1,2
1923,170,1,2
1923,171,1,2
1923,172,1,2
1923,173,1,2
1923,174,1,2
1923,175,1,2
1923,176,1,2
1923,177,1,2
1923,178,1,2
1923,179,1,2
1923,180,1,2
1923,181,1,2
1923,182,1,2
1923,183,1,2
1923,184,1,2
1923,185,1,2
1923,186,1,2
1923,187,1,2
1923,188,1,2
1923,189,1,2
1923,190,1,2
1923,191,1,2
1923,192,1,2
1923,193,1,2
1923,194,1,2
1923,195,1,2
1923,196,1,2
1923,197,1,2
1923,198,1,2
1923,199,1,2
1923,200,1,2
1923,201,1,2
1923,202,1,2
1923,203,1,2
1923,204,1,2
1923,205,1,2
1923,206,1,2
1923,207,1,2
1923,208,1,2
1923,209,1,2
1923,210,1,2
1923,211,1,2
1923,212,1,2
1923,213,1,2
1923,214,1,2
1923,215,1,2
1923,216,1,2
1923,217,1,2
1923,218,1,2
1923,219,1,2
1923,220,1,2
1923,221,1,2
1923,222,1,2
1923,223,1,2
1923,224,1,2
1923,225,1,2
1923,226,1,2
1923,227,1,2
1923,228,1,2
1923,229,1,2
1923,230,1,2
1923,231,1,2
1923,232,1,2
1923,233,1,2
1923,234,1,2
1923,235,1,2
1923,236,1,2
1923,237,1,2
1923,238,1,2
1923,239,1,2
1923,240,1,2
1923,241,1,2
1923,242,1,2
1923,243,1,2
1923,244,1,2
1923,245,1,2
1923,246,1,2
1923,247,1,3
1923,248,1,3
1923,249,1,3
1923,250,1,3
1923,251,1,3
1923,252,1,3
1923,253,1,3
1923,254,1,3
1923,255,1,3
1923,256,1,3
1923,257,1,3
1923,258,1,3
1923,259,1,3
1923,260,1,3
1923,261,1,3
1923,262,1,3
1923,263,1,3
1923,264,1,3
1923,265,1,3
1923,266,1,3
1923,267,1,3
1923,268,1,3
1923,269,1,2
1923,270,1,2
1923,271,1,2
1923,272,1,2
1923,273,1,2
1923,274,1,2
1923,275,1,2
1923,276,1,2
1923,277,1,2
1923,278,1,2
1923,279,1,2
1923,280,1,2
1923,281,1,2
1923,282,1,2
1923,283,1,2
1923,284,1,2
1923,285,1,2
1923,286,1,2
1923,287,1,2
1923,288,1,2
1923,289,1,2
1923,290,1,2
1923,291,1,2
1923,292,1,2
1923,293,1,2
1923,294,1,2
1923,295,1,2
1923,296,1,2
1923,297,1,2
1923,298,1,2
1923,299,1,2
1923,300,1,2
1923,301,1,2
1923,302,1,2
1923,303,1,2
1923,304,1,2
1923,305,1,2
1923,306,1,2
1923,307,1,2
1923,308,1,2
1923,309,1,2
1923,310,1,2
1923,311,1,2
1923,312,1,2
1923,313,1,2
1923,314,1,2
1923,315,1,2
1923,316,1,2
1923,317,1,2
1923,318,1,2
1923,319,1,2
1923,320,1,2
1923,321,1,2
1923,322,1,2
1923,323,1,2
1923,324,1,2
1923,325,1,2
1923,326,1,2
1923,327,1,2
1923,328,1,2
1923,329,1,2
1923,330,1,2
1923,331,1,2
1923,332,1,2
1923,333,1,2
1923,334,1,2
1923,335,1,2
1923,336,1,2
1923,337,1,2
1923,338,1,2
1923,339,1,2
1923,340,1,2
1923,341,1,2
1923,342,1,2
1923,343,1,2
1923,344,1,2
1923,345,1,2
1923,346,1,2
1923,347,1,2
1923,348,1,2
1923,349,1,2
1923,350,1,2
1923,351,1,2
1923,352,1,2
1923,353,1,2
1923,354,1,2
1923,355,1,2
1923,356,1,3
1923,357,1,3
1923,358,1,3
1923,359,1,3
1923,360,1,3
1923,361,1,3
1923,362,1,3
1923,363,1,3
1923,364,1,3
1923,365,1,3
1923,366,1,3
1923,367,1,3
1923,368,1,3
1923,369,1,3
1923,370,1,3
1923,371,1,3
1923,372,1,3
1923,373,1,3
1923,374,1,3
1923,375,1,3
1923,376,1,3
1923,377,1,3
1923,378,1,3
1923,379,1,3
1923,380,1,3
1923,381,1,3
1923,382,1,3
1923,383,1,3
1923,384,1,3
1923,385,1,3
1923,386,1,3
1923,387,1,3
1923,388,1,3
1923,389,1,3
1923,390,1,3
1923,391,1,3
1923,392,1,3
1923,393,1,3
1923,394,1,3
1923,395,1,3
1923,396,1,3
1923,397,1,3
1923,398,1,3
1923,399,1,3
1923,400,1,3
1923,401,1,3
1923,402,1,3
1923,403,1,3
1923,404,1,3
1923,405,1,3
1923,406,1,3
1923,407,1,3
1923,408,1,3
1923,409,1,3
1923,410,1,3
1923,411,1,3
1923,412,1,3
1923,413,1,3
1923,414,1,3
1923,415,1,3
1923,416,1,3
1923,417,1,3
1923,418,1,3
1923,419,1,3
1923,420,1,3
1923,421,1,3
1923,422,1,3
1923,423,1,3
1923,424,1,3
1923,425,1,3
1923,426,1,3
1923,427,1,3
1923,428,1,2
1923,429,1,2
1923,430,1,2
1923,431,1,2
1923,432,1,2
1923,433,1,2
1923,434,1,2
1923,435,1,2
1923,436,1,2
1923,437,1,2
1923,438,1,2
1923,439,1,2
1923,440,1,2
1923,441,1,2
1923,442,1,2
1923,443,1,2
1923,444,1,2
1923,445,1,2
1923,446,1,2
1923,447,1,2
1923,448,1,2
1923,449,1,2
1923,450,1,2
1923,451,1,2
1923,452,1,2
1923,453,1,2
1923,454,1,2
1923,455,1,2
1923,456,1,2
1923,457,1,2
1923,458,1,2
1923,459,1,2
1923,460,1,2
1923,461,1,2
1923,462,1,2
1923,463,1,2
1923,464,1,2
1923,465,1,2
1923,466,1,2
1923,467,1,2
1923,468,1,2
1923,469,1,2
1923,470,1,2
1923,471,1,2
1923,472,1,2
1923,473,1,2
1923,474,1,2
1923,475,1,2
1923,476,1,2
1923,477,1,2
1923,478,1,2
1923,479,1,2
1923,480,1,2
1923,481,1,2
1923,482,1,2
1923,483,1,2
1923,484,1,2
1923,485,1,2
1923,486,1,2
1923,487,1,2
1923,488,1,2
1923,489,1,2
1923,490,1,2
1923,491,1,2
1923,492,1,2
1923,493,1,2
1923,494,1,2
1923,495,1,2
1923,496,1,2
1923,497,1,2
1923,498,1,2
1923,499,1,2
1923,500,1,2
1923,501,1,2
1923,502,1,2
1923,503,1,2
1923,504,1,2
1923,505,1,2
1923,506,1,2
1923,507,1,2
1923,508,1,3
1923,509,1,3
1923,510,1,3
1923,511,1,3
1923,512,1,3
1923,513,1,3
1923,514,1,3
1923,515,1,3
1923,516,1,3
1923,517,1,3
1923,518,1,3
1923,519,1,3
1923,520,1,3
1923,521,1,3
1923,522,1,3
1923,523,1,3
1923,524,1,3
1923,525,1,3
1923,526,1,3
1923,527,1,3
1923,528,1,3
1923,529,1,3
1923,530,1,3
1923,531,1,3
1923,532,1,3
1923,533,1,3
1923,534,1,3
1923,535,1,3
1923,536,1,3
1923,537,1,3
1923,538,1,3
1923,539,1,3
1923,540,1,2
1923,541,1,2
1923,542,1,2
1923,543,1,2
1923,544,1,2
1923,545,1,2
1923,546,1,2
1923,547,1,2
1923,548,1,2
1923,549,1,2
1923,550,1,2
1923,551,1,2
1923,552,1,2
1923,553,1,2
1923,554,1,2
1923,555,1,2
1923,556,1,2
1923,557,1,2
1923,558,1,2
1923,559,1,2
1923,560,1,2
1923,561,1,2
1923,562,1,2
1923,563,1,2
1923,564,1,2
1923,565,1,2
1923,566,1,2
1923,567,1,2
1923,568,1,2
1923,569,1,2
1923,570,1,2
1923,571,1,2
1923,572,1,2
1923,573,1,2
1923,574,1,2
1923,575,1,2
1923,576,1,2
1923,577,1,2
1923,578,1,2
1923,579,1,2
1923,580,1,2
1923,581,1,2
1923,582,1,2
1923,583,1,2
1923,584,1,2
1923,585,1,2
1923,586,1,2
1923,587,1,2
1923,588,1,2
1923,589,1,2
1923,590,1,2
1923,591,1,2
1923,592,1,2
1923,593,1,2
1923,594,1,2
1923,595,1,2
1923,596,1,2
1923,597,1,2
1923,598,1,2
1923,599,1,2
1923,600,1,2
1923,601,1,2
1923,602,1,2
1923,603,1,2
1923,604,1,2
1923,605,1,2
1923,606,1,2
1923,607,1,2
1923,608,1,2
1923,609,1,2
1923,610,1,2
1923,611,1,2
1923,612,1,2
1923,613,1,2
1923,614,1,2
1923,615,1,2
1923,616,1,2
1923,617,1,2
1923,618,1,2
1923,619,1,2
1923,620,1,2
1923,621,1,2
1923,622,1,2
1923,623,1,2
1923,624,1,2
1923,625,1,2
1923,626,1,2
1923,627,1,2
1923,628,1,2
1923,629,1,2
1923,630,1,2
1923,631,1,2
1923,632,1,2
1923,633,1,2
1923,634,1,2
1923,635,1,2
1923,636,1,2
1923,637,1,2
1923,638,1,2
1923,639,1,2
1923,640,1,2
1923,641,1,2
1923,642,1,2
1923,643,1,2
1923,644,1,2
1923,645,1,2
1923,646,1,2
1924,108,1,2
1924,109,1,2
1924,110,1,2
1924,111,1,2
1924,112,1,2
1924,113,1,2
1924,114,1,2
1924,115,1,2
1924,116,1,2
1924,117,1,3
1924,118,1,3
1924,119,1,3
1924,120,1,3
1924,121,1,3
1924,122,1,3
1924,123,1,3
1924,124,1,3
1924,125,1,3
1924,126,1,3
1924,127,1,3
1924,128,1,3
1924,129,1,3
1924,130,1,3
1924,131,1,3
1924,132,1,3
1924,133,1,2
1924,134,1,2
1924,135,1,2
1924,136,1,2
1924,137,1,2
1924,138,1,2
1924,139,1,2
1924,140,1,2
1924,141,1,2
1924,142,1,2
1924,143,1,2
1924,144,1,2
1924,145,1,2
1924,146,1,2
1924,147,1,2
1924,148,1,2
1924,149,1,2
1924,150,1,2
1924,151,1,2
1924,152,1,2
1924,153,1,2
1924,154,1,2
1924,155,1,2
1924,156,1,2
1924,157,1,2
1924,158,1,2
1924,159,1,2
1924,160,1,2
1924,161,1,2
1924,162,1,2
1924,163,1,2
1924,164,1,2
1924,165,1,2
1924,166,1,2
1924,167,1,2
1924,168,1,2
1924,169,1,2
1924,170,1,2
1924,171,1,2
1924,172,1,2
1924,173,1,2
1924,174,1,2
1924,175,1,2
1924,176,1,2
1924,177,1,2
1924,178,1,2
1924,179,1,2
1924,180,1,2
1924,181,1,2
1924,182,1,2
1924,183,1,2
1924,184,1,2
1924,185,1,2
1924,186,1,2
1924,187,1,2
1924,188,1,2
1924,189,1,2
1924,190,1,2
1924,191,1,2
1924,192,1,2
1924,193,1,2
1924,194,1,2
1924,195,1,2
1924,196,1,2
1924,197,1,2
1924,198,1,2
1924,199,1,2
1924,200,1,2
1924,201,1,2
1924,202,1,2
1924,203,1,2
1924,204,1,2
1924,205,1,2
1924,206,1,2
1924,207,1,2
1924,208,1,2
1924,209,1,2
1924,210,1,2
1924,211,1,2
1924,212,1,2
1924,213,1,2
1924,214,1,2
1924,215,1,2
1924,216,1,2
1924,217,1,2
1924,218,1,2
1924,219,1,2
1924,220,1,2
1924,221,1,2
1924,222,1,2
1924,223,1,2
1924,224,1,2
1924,225,1,2
1924,226,1,2
1924,227,1,2
1924,228,1,2
1924,229,1,2
1924,230,1,2
1924,231,1,2
1924,232,1,2
1924,233,1,2
1924,234,1,2
1924,235,1,2
1924,236,1,2
1924,237,1,2
1924,238,1,2
1924,239,1,2
1924,240,1,2
1924,241,1,2
1924,242,1,2
1924,243,1,2
1924,244,1,2
1924,245,1,2
1924,246,1,2
1924,247,1,3
1924,248,1,3
1924,249,1,3
1924,250,1,3
1924,251,1,3
1924,252,1,3
1924,253,1,3
1924,254,1,3
1924,255,1,3
1924,256,1,3
1924,257,1,3
1924,258,1,3
1924,259,1,3
1924,260,1,3
1924,261,1,3
1924,262,1,3
1924,263,1,3
1924,264,1,3
1924,265,1,3
1924,266,1,3
1924,267,1,3
1924,268,1,2
1924,269,1,2
1924,270,1,2
1924,271,1,2
1924,272,1,2
1924,273,1,2
1924,274,1,2
1924,275,1,2
1924,276,1,2
1924,277,1,2
1924,278,1,2
1924,279,1,2
1924,280,1,2
1924,281,1,2
1924,282,1,2
1924,283,1,2
1924,284,1,2
1924,285,1,2
1924,286,1,2
1924,287,1,2
1924,288,1,2
1924,289,1,2
1924,290,1,2
1924,291,1,2
1924,292,1,2
1924,293,1,2
1924,294,1,2
1924,295,1,2
1924,296,1,2
1924,297,1,2
1924,298,1,2
1924,299,1,2
1924,300,1,2
1924,301,1,2
1924,302,1,2
1924,303,1,2
1924,304,1,2
1924,305,1,2
1924,306,1,2
1924,307,1,2
1924,308,1,2
1924,309,1,2
1924,310,1,2
1924,311,1,2
1924,312,1,2
1924,313,1,2
1924,314,1,2
1924,315,1,2
1924,316,1,2
1924,317,1,2
1924,318,1,2
1924,319,1,2
1924,320,1,2
1924,321,1,2
1924,322,1,2
1924,323,1,2
1924,324,1,2
1924,325,1,2
1924,326,1,2
1924,327,1,2
1924,328,1,2
1924,329,1,2
1924,330,1,2
1924,331,1,2
1924,332,1,2
1924,333,1,2
1924,334,1,2
1924,335,1,2
1924,336,1,2
1924,337,1,2
1924,338,1,2
1924,339,1,2
1924,340,1,2
1924,341,1,2
1924,342,1,2
1924,343,1,2
1924,344,1,2
1924,345,1,2
1924,346,1,2
1924,347,1,2
1924,348,1,2
1924,349,1,2
1924,350,1,2
1924,351,1,2
1924,352,1,2
1924,353,1,2
1924,354,1,2
1924,355,1,2
1924,356,1,3
1924,357,1,3
1924,358,1,3
1924,359,1,3
1924,360,1,3
1924,361,1,3
1924,362,1,3
1924,363,1,3
1924,364,1,3
1924,365,1,3
1924,366,1,3
1924,367,1,3
1924,368,1,3
1924,369,1,3
1924,370,1,3
1924,371,1,3
1924,372,1,3
1924,373,1,3
1924,374,1,3
1924,375,1,3
1924,376,1,3
1924,377,1,3
1924,378,1,3
1924,379,1,3
1924,380,1,3
1924,381,1,3
1924,382,1,3
1924,383,1,3
1924,384,1,3
1924,385,1,3
1924,386,1,3
1924,387,1,3
1924,388,1,3
1924,389,1,3
1924,390,1,3
1924,391,1,3
1924,392,1,3
1924,393,1,3
1924,394,1,3
1924,395,1,3
1924,396,1,3
1924,397,1,3
1924,398,1,3
1924,399,1,3
1924,400,1,3
1924,401,1,3
1924,402,1,3
1924,403,1,3
1924,404,1,3
1924,405,1,3
1924,406,1,3
1924,407,1,3
1924,408,1,3
1924,409,1,3
1924,410,1,3
1924,411,1,3
1924,412,1,3
1924,413,1,3
1924,414,1,3
1924,415,1,3
1924,416,1,3
1924,417,1,3
1924,418,1,3
1924,419,1,3
1924,420,1,3
1924,421,1,3
1924,422,1,3
1924,423,1,3
1924,424,1,3
1924,425,1,3
1924,426,1,3
1924,427,1,3
1924,428,1,3
1924,429,1,2
1924,430,1,2
1924,431,1,2
1924,432,1,2
1924,433,1,2
1924,434,1,2
1924,435,1,2
1924,436,1,2
1924,437,1,2
1924,438,1,2
1924,439,1,2
1924,440,1,2
1924,441,1,2
1924,442,1,2
1924,443,1,2
1924,444,1,2
1924,445,1,2
1924,446,1,2
1924,447,1,2
1924,448,1,2
1924,449,1,2
1924,450,1,2
1924,451,1,2
1924,452,1,2
1924,453,1,2
1924,454,1,2
1924,455,1,2
1924,456,1,2
1924,457,1,2
1924,458,1,2
1924,459,1,2
1924,460,1,2
1924,461,1,2
1924,462,1,2
1924,463,1,2
1924,464,1,2
1924,465,1,2
1924,466,1,2
1924,467,1,2
1924,468,1,2
1924,469,1,2
1924,470,1,2
1924,471,1,2
1924,472,1,2
1924,473,1,2
1924,474,1,2
1924,475,1,2
1924,476,1,2
1924,477,1,2
1924,478,1,2
1924,479,1,2
1924,480,1,2
1924,481,1,2
1924,482,1,2
1924,483,1,2
1924,484,1,2
1924,485,1,2
1924,486,1,2
1924,487,1,2
1924,488,1,2
1924,489,1,2
1924,490,1,2
1924,491,1,2
1924,492,1,2
1924,493,1,2
1924,494,1,2
1924,495,1,2
1924,496,1,2
1924,497,1,2
1924,498,1,2
1924,499,1,2
1924,500,1,2
1924,501,1,2
1924,502,1,2
1924,503,1,2
1924,504,1,2
1924,505,1,2
1924,506,1,2
1924,507,1,2
1924,508,1,3
1924,509,1,3
1924,510,1,3
1924,511,1,3
1924,512,1,3
1924,513,1,3
1924,514,1,3
1924,515,1,3
1924,516,1,3
1924,517,1,3
1924,518,1,3
1924,519,1,3
1924,520,1,3
1924,521,1,3
1924,522,1,3
1924,523,1,3
1924,524,1,3
1924,525,1,3
1924,526,1,3
1924,527,1,3
1924,528,1,3
1924,529,1,3
1924,530,1,3
1924,531,1,3
1924,532,1,3
1924,533,1,3
1924,534,1,3
1924,535,1,3
1924,536,1,3
1924,537,1,3
1924,538,1,3
1924,539,1,3
1924,540,1,3
1924,541,1,2
1924,542,1,2
1924,543,1,2
1924,544,1,2
1924,545,1,2
1924,546,1,2
1924,547,1,2
1924,548,1,2
1924,549,1,2
1924,550,1,2
1924,551,1,2
1924,552,1,2
1924,553,1,2
1924,554,1,2
1924,555,1,2
1924,556,1,2
1924,557,1,2
1924,558,1,2
1924,559,1,2
1924,560,1,2
1924,561,1,2
1924,562,1,2
1924,563,1,2
1924,564,1,2
1924,565,1,2
1924,566,1,2
1924,567,1,2
1924,568,1,2
1924,569,1,2
1924,570,1,2
1924,571,1,2
1924,572,1,2
1924,573,1,2
1924,574,1,2
1924,575,1,2
1924,576,1,2
1924,577,1,2
1924,578,1,2
1924,579,1,2
1924,580,1,2
1924,581,1,2
1924,582,1,2
1924,583,1,2
1924,584,1,2
1924,585,1,2
1924,586,1,2
1924,587,1,2
1924,588,1,2
1924,589,1,2
1924,590,1,2
1924,591,1,2
1924,592,1,2
1924,593,1,2
1924,594,1,2
1924,595,1,2
1924,596,1,2
1924,597,1,2
1924,598,1,2
1924,599,1,2
1924,600,1,2
1924,601,1,2
1924,602,1,2
1924,603,1,2
1924,604,1,2
1924,605,1,2
1924,606,1,2
1924,607,1,2
1924,608,1,2
1924,609,1,2
1924,610,1,2
1924,611,1,2
1924,612,1,2
1924,613,1,2
1924,614,1,2
1924,615,1,2
1924,616,1,2
1924,617,1,2
1924,618,1,2
1924,619,1,2
1924,620,1,2
1924,621,1,2
1924,622,1,2
1924,623,1,2
1924,624,1,2
1924,625,1,2
1924,626,1,2
1924,627,1,2
1924,628,1,2
1924,629,1,2
1924,630,1,2
1924,631,1,2
1924,632,1,2
1924,633,1,2
1924,634,1,2
1924,635,1,2
1924,636,1,2
1924,637,1,2
1924,638,1,2
1924,639,1,2
1924,640,1,2
1924,641,1,2
1924,642,1,2
1924,643,1,2
1924,644,1,2
1924,645,1,2
1924,646,1,2
1925,108,1,2
1925,109,1,2
1925,110,1,2
1925,111,1,2
1925,112,1,2
1925,113,1,2
1925,114,1,2
1925,115,1,2
1925,116,1,3
1925,117,1,3
1925,118,1,3
1925,119,1,3
1925,120,1,3
1925,121,1,3
1925,122,1,3
1925,123,1,3
1925,124,1,3
1925,125,1,3
1925,126,1,3
1925,127,1,3
1925,128,1,3
1925,129,1,3
1925,130,1,3
1925,131,1,3
1925,132,1,3
1925,133,1,3
1925,134,1,2
1925,135,1,2
1925,136,1,2
1925,137,1,2
1925,138,1,2
1925,139,1,2
1925,140,1,2
1925,141,1,2
1925,142,1,2
1925,143,1,2
1925,144,1,2
1925,145,1,2
1925,146,1,2
1925,147,1,2
1925,148,1,2
1925,149,1,2
1925,150,1,2
1925,151,1,2
1925,152,1,2
1925,153,1,2
1925,154,1,2
1925,155,1,2
1925,156,1,2
1925,157,1,2
1925,158,1,2
1925,159,1,2
1925,160,1,2
1925,161,1,2
1925,162,1,2
1925,163,1,2
1925,164,1,2
1925,165,1,2
1925,166,1,2
1925,167,1,2
1925,168,1,2
1925,169,1,2
1925,170,1,2
1925,171,1,2
1925,172,1,2
1925,173,1,2
1925,174,1,2
1925,175,1,2
1925,176,1,2
1925,177,1,2
1925,178,1,2
1925,179,1,2
1925,180,1,2
1925,181,1,2
1925,182,1,2
1925,183,1,2
1925,184,1,2
1925,185,1,2
1925,186,1,2
1925,187,1,2
1925,188,1,2
1925,189,1,2
1925,190,1,2
1925,191,1,2
1925,192,1,2
1925,193,1,2
1925,194,1,2
1925,195,1,2
1925,196,1,2
1925,197,1,2
1925,198,1,2
1925,199,1,2
1925,200,1,2
1925,201,1,2
1925,202,1,2
1925,203,1,2
1925,204,1,2
1925,205,1,2
1925,206,1,2
1925,207,1,2
1925,208,1,2
1925,209,1,2
1925,210,1,2
1925,211,1,2
1925,212,1,2
1925,213,1,2
1925,214,1,2
1925,215,1,2
1925,216,1,2
1925,217,1,2
1925,218,1,2
1925,219,1,2
1925,220,1,2
1925,221,1,2
1925,222,1,2
1925,223,1,2
1925,224,1,2
1925,225,1,2
1925,226,1,2
1925,227,1,2
1925,228,1,2
1925,229,1,2
1925,230,1,2
1925,231,1,2
1925,232,1,2
1925,233,1,2
1925,234,1,2
1925,235,1,2
1925,236,1,2
1925,237,1,2
1925,238,1,2
1925,239,1,2
1925,240,1,2
1925,241,1,2
1925,242,1,2
1925,243,1,2
1925,244,1,2
1925,245,1,2
1925,246,1,2
1925,247,1,2
1925,248,1,3
1925,249,1,3
1925,250,1,3
1925,251,1,3
1925,252,1,3
1925,253,1,3
1925,254,1,3
1925,255,1,3
1925,256,1,3
1925,257,1,3
1925,258,1,3
1925,259,1,3
1925,260,1,3
1925,261,1,3
1925,262,1,3
1925,263,1,3
1925,264,1,3
1925,265,1,3
1925,266,1,3
1925,267,1,3
1925,268,1,2
1925,269,1,2
1925,270,1,2
1925,271,1,2
1925,272,1,2
1925,273,1,2
1925,274,1,2
1925,275,1,2
1925,276,1,2
1925,277,1,2
1925,278,1,2
1925,279,1,2
1925,280,1,2
1925,281,1,2
1925,282,1,2
1925,283,1,2
1925,284,1,2
1925,285,1,2
1925,286,1,2
1925,287,1,2
1925,288,1,2
1925,289,1,2
1925,290,1,2
1925,291,1,2
1925,292,1,2
1925,293,1,2
1925,294,1,2
1925,295,1,2
1925,296,1,2
1925,297,1,2
1925,298,1,2
1925,299,1,2
1925,300,1,2
1925,301,1,2
1925,302,1,2
1925,303,1,2
1925,304,1,2
1925,305,1,2
1925,306,1,2
1925,307,1,2
1925,308,1,2
1925,309,1,2
1925,310,1,2
1925,311,1,2
1925,312,1,2
1925,313,1,2
1925,314,1,2
1925,315,1,2
1925,316,1,2
1925,317,1,2
1925,318,1,2
1925,319,1,2
1925,320,1,2
1925,321,1,2
1925,322,1,2
1925,323,1,2
1925,324,1,2
1925,325,1,2
1925,326,1,2
1925,327,1,2
1925,328,1,2
1925,329,1,2
1925,330,1,2
1925,331,1,2
1925,332,1,2
1925,333,1,2
1925,334,1,2
1925,335,1,2
1925,336,1,2
1925,337,1,2
1925,338,1,2
1925,339,1,2
1925,340,1,2
1925,341,1,2
1925,342,1,2
1925,343,1,2
1925,344,1,2
1925,345,1,2
1925,346,1,2
1925,347,1,2
1925,348,1,2
1925,349,1,2
1925,350,1,2
1925,351,1,2
1925,352,1,2
1925,353,1,2
1925,354,1,2
1925,355,1,3
1925,356,1,3
1925,357,1,3
1925,358,1,3
1925,359,1,3
1925,360,1,3
1925,361,1,3
1925,362,1,3
1925,363,1,3
1925,364,1,3
1925,365,1,3
1925,366,1,3
1925,367,1,3
1925,368,1,3
1925,369,1,3
1925,370,1,3
1925,371,1,3
1925,372,1,3
1925,373,1,3
1925,374,1,3
1925,375,1,3
1925,376,1,3
1925,377,1,3
1925,378,1,3
1925,379,1,3
1925,380,1,3
1925,381,1,3
1925,382,1,3
1925,383,1,3
1925,384,1,3
1925,385,1,3
1925,386,1,3
1925,387,1,3
1925,388,1,3
1925,389,1,3
1925,390,1,3
1925,391,1,3
1925,392,1,3
1925,393,1,3
1925,394,1,3
1925,395,1,3
1925,396,1,3
1925,397,1,3
1925,398,1,3
1925,399,1,3
1925,400,1,3
1925,401,1,3
1925,402,1,3
1925,403,1,3
1925,404,1,3
1925,405,1,3
1925,406,1,3
1925,407,1,3
1925,408,1,3
1925,409,1,3
1925,410,1,3
1925,411,1,3
1925,412,1,3
1925,413,1,3
1925,414,1,3
1925,415,1,3
1925,416,1,3
1925,417,1,3
1925,418,1,3
1925,419,1,3
1925,420,1,3
1925,421,1,3
1925,422,1,3
1925,423,1,3
1925,424,1,3
1925,425,1,3
1925,426,1,3
1925,427,1,3
1925,428,1,3
1925,429,1,2
1925,430,1,2
1925,431,1,2
1925,432,1,2
1925,433,1,2
1925,434,1,2
1925,435,1,2
1925,436,1,2
1925,437,1,2
1925,438,1,2
1925,439,1,2
1925,440,1,2
1925,441,1,2
1925,442,1,2
1925,443,1,2
1925,444,1,2
1925,445,1,2
1925,446,1,2
1925,447,1,2
1925,448,1,2
1925,449,1,2
1925,450,1,2
1925,451,1,2
1925,452,1,2
1925,453,1,2
1925,454,1,2
1925,455,1,2
1925,456,1,2
1925,457,1,2
1925,458,1,2
1925,459,1,2
1925,460,1,2
1925,461,1,2
1925,462,1,2
1925,463,1,2
1925,464,1,2
1925,465,1,2
1925,466,1,2
1925,467,1,2
1925,468,1,2
1925,469,1,2
1925,470,1,2
1925,471,1,2
1925,472,1,2
1925,473,1,2
1925,474,1,2
1925,475,1,2
1925,476,1,2
1925,477,1,2
1925,478,1,2
1925,479,1,2
1925,480,1,2
1925,481,1,2
1925,482,1,2
1925,483,1,2
1925,484,1,2
1925,485,1,2
1925,486,1,2
1925,487,1,2
1925,488,1,2
1925,489,1,2
1925,490,1,2
1925,491,1,2
1925,492,1,2
1925,493,1,2
1925,494,1,2
1925,495,1,2
1925,496,1,2
1925,497,1,2
1925,498,1,2
1925,499,1,2
1925,500,1,2
1925,501,1,2
1925,502,1,2
1925,503,1,2
1925,504,1,2
1925,505,1,2
1925,506,1,2
1925,507,1,2
1925,508,1,3
1925,509,1,3
1925,510,1,3
1925,511,1,3
1925,512,1,3
1925,513,1,3
1925,514,1,3
1925,515,1,3
1925,516,1,3
1925,517,1,3
1925,518,1,3
1925,519,1,3
1925,520,1,3
1925,521,1,3
1925,522,1,3
1925,523,1,3
1925,524,1,3
1925,525,1,3
1925,526,1,3
1925,527,1,3
1925,528,1,3
1925,529,1,3
1925,530,1,3
1925,531,1,3
1925,532,1,3
1925,533,1,3
1925,534,1,3
1925,535,1,3
1925,536,1,3
1925,537,1,3
1925,538,1,3
1925,539,1,3
1925,540,1,3
1925,541,1,3
1925,542,1,3
1925,543,1,3
1925,544,1,2
1925,545,1,2
1925,546,1,2
1925,547,1,2
1925,548,1,2
1925,549,1,2
1925,550,1,2
1925,551,1,2
1925,552,1,2
1925,553,1,2
1925,554,1,2
1925,555,1,2
1925,556,1,2
1925,557,1,2
1925,558,1,2
1925,559,1,2
1925,560,1,2
1925,561,1,2
1925,562,1,2
1925,563,1,2
1925,564,1,2
1925,565,1,2
1925,566,1,2
1925,567,1,2
1925,568,1,2
1925,569,1,2
1925,570,1,2
1925,571,1,2
1925,572,1,2
1925,573,1,2
1925,574,1,2
1925,575,1,2
1925,576,1,2
1925,577,1,2
1925,578,1,2
1925,579,1,2
1925,580,1,2
1925,581,1,2
1925,582,1,2
1925,583,1,2
1925,584,1,2
1925,585,1,2
1925,586,1,2
1925,587,1,2
1925,588,1,2
1925,589,1,2
1925,590,1,2
1925,591,1,2
1925,592,1,2
1925,593,1,2
1925,594,1,2
1925,595,1,2
1925,596,1,2
1925,597,1,2
1925,598,1,2
1925,599,1,2
1925,600,1,2
1925,601,1,2
1925,602,1,2
1925,603,1,2
1925,604,1,2
1925,605,1,2
1925,606,1,2
1925,607,1,2
1925,608,1,2
1925,609,1,2
1925,610,1,2
1925,611,1,2
1925,612,1,2
1925,613,1,2
1925,614,1,2
1925,615,1,2
1925,616,1,2
1925,617,1,2
1925,618,1,2
1925,619,1,2
1925,620,1,2
1925,621,1,2
1925,622,1,2
1925,623,1,2
1925,624,1,2
1925,625,1,2
1925,626,1,2
1925,627,1,2
1925,628,1,2
1925,629,1,2
1925,630,1,2
1925,631,1,2
1925,632,1,2
1925,633,1,2
1925,634,1,2
1925,635,1,2
1925,636,1,2
1925,637,1,2
1925,638,1,2
1925,639,1,2
1925,640,1,2
1925,641,1,2
1925,642,1,2
1925,643,1,2
1925,644,1,2
1925,645,1,2
1925,646,1,2
1925,647,1,2
1926,109,1,2
1926,110,1,2
1926,111,1,2
1926,112,1,2
1926,113,1,2
1926,114,1,2
1926,115,1,3
1926,116,1,3
1926,117,1,3
1926,118,1,3
1926,119,1,3
1926,120,1,3
1926,121,1,3
1926,122,1,3
1926,123,1,3
1926,124,1,3
1926,125,1,3
1926,126,1,3
1926,127,1,3
1926,128,1,3
1926,129,1,3
1926,130,1,3
1926,131,1,3
1926,132,1,3
1926,133,1,3
1926,134,1,3
1926,135,1,2
1926,136,1,2
1926,137,1,2
1926,138,1,2
1926,139,1,2
1926,140,1,2
1926,141,1,2
1926,142,1,2
1926,143,1,2
1926,144,1,2
1926,145,1,2
1926,146,1,2
1926,147,1,2
1926,148,1,2
1926,149,1,2
1926,150,1,2
1926,151,1,2
1926,152,1,2
1926,153,1,2
1926,154,1,2
1926,155,1,2
1926,156,1,2
1926,157,1,2
1926,158,1,2
1926,159,1,2
1926,160,1,2
1926,161,1,2
1926,162,1,2
1926,163,1,2
1926,164,1,2
1926,165,1,2
1926,166,1,2
1926,167,1,2
1926,168,1,2
1926,169,1,2
1926,170,1,2
1926,171,1,2
1926,172,1,2
1926,173,1,2
1926,174,1,2
1926,175,1,2
1926,176,1,2
1926,177,1,2
1926,178,1,2
1926,179,1,2
1926,180,1,2
1926,181,1,2
1926,182,1,2
1926,183,1,2
1926,184,1,2
1926,185,1,2
1926,186,1,2
1926,187,1,2
1926,188,1,2
1926,189,1,2
1926,190,1,2
1926,191,1,2
1926,192,1,2
1926,193,1,2
1926,194,1,2
1926,195,1,2
1926,196,1,2
1926,197,1,2
1926,198,1,2
1926,199,1,2
1926,200,1,2
1926,201,1,2
1926,202,1,2
1926,203,1,2
1926,204,1,2
1926,205,1,2
1926,206,1,2
1926,207,1,2
1926,208,1,2
1926,209,1,2
1926,210,1,2
1926,211,1,2
1926,212,1,2
1926,213,1,2
1926,214,1,2
1926,215,1,2
1926,216,1,2
1926,217,1,2
1926,218,1,2
1926,219,1,2
1926,220,1,2
1926,221,1,2
1926,222,1,2
1926,223,1,2
1926,224,1,2
1926,225,1,2
1926,226,1,2
1926,227,1,2
1926,228,1,2
1926,229,1,2
1926,230,1,2
1926,231,1,2
1926,232,1,2
1926,233,1,2
1926,234,1,2
1926,235,1,2
1926,236,1,2
1926,237,1,2
1926,238,1,2
1926,239,1,2
1926,240,1,2
1926,241,1,2
1926,242,1,2
1926,243,1,2
1926,244,1,2
1926,245,1,2
1926,246,1,2
1926,247,1,2
1926,248,1,3
1926,249,1,3
1926,250,1,3
1926,251,1,3
1926,252,1,3
1926,253,1,3
1926,254,1,3
1926,255,1,3
1926,256,1,3
1926,257,1,3
1926,258,1,3
1926,259,1,3
1926,260,1,3
1926,261,1,3
1926,262,1,3
1926,263,1,3
1926,264,1,3
1926,265,1,3
1926,266,1,3
1926,267,1,3
1926,268,1,2
1926,269,1,2
1926,270,1,2
1926,271,1,2
1926,272,1,2
1926,273,1,2
1926,274,1,2
1926,275,1,2
1926,276,1,2
1926,277,1,2
1926,278,1,2
1926,279,1,2
1926,280,1,2
1926,281,1,2
1926,282,1,2
1926,283,1,2
1926,284,1,2
1926,285,1,2
1926,286,1,2
1926,287,1,2
1926,288,1,2
1926,289,1,2
1926,290,1,2
1926,291,1,2
1926,292,1,2
1926,293,1,2
1926,294,1,2
1926,295,1,2
1926,296,1,2
1926,297,1,2
1926,298,1,2
1926,299,1,2
1926,300,1,2
1926,301,1,2
1926,302,1,2
1926,303,1,2
1926,304,1,2
1926,305,1,2
1926,306,1,2
1926,307,1,2
1926,308,1,2
1926,309,1,2
1926,310,1,2
1926,311,1,2
1926,312,1,2
1926,313,1,2
1926,314,1,2
1926,315,1,2
1926,316,1,2
1926,317,1,2
1926,318,1,2
1926,319,1,2
1926,320,1,2
1926,321,1,2
1926,322,1,2
1926,323,1,2
1926,324,1,2
1926,325,1,2
1926,326,1,2
1926,327,1,2
1926,328,1,2
1926,329,1,2
1926,330,1,2
1926,331,1,2
1926,332,1,2
1926,333,1,2
1926,334,1,2
1926,335,1,2
1926,336,1,2
1926,337,1,2
1926,338,1,2
1926,339,1,2
1926,340,1,2
1926,341,1,2
1926,342,1,2
1926,343,1,2
1926,344,1,2
1926,345,1,2
1926,346,1,2
1926,347,1,2
1926,348,1,2
1926,349,1,2
1926,350,1,2
1926,351,1,2
1926,352,1,2
1926,353,1,2
1926,354,1,2
1926,355,1,3
1926,356,1,3
1926,357,1,3
1926,358,1,3
1926,359,1,3
1926,360,1,3
1926,361,1,3
1926,362,1,3
1926,363,1,3
1926,364,1,3
1926,365,1,3
1926,366,1,3
1926,367,1,3
1926,368,1,3
1926,369,1,3
1926,370,1,3
1926,371,1,3
1926,372,1,3
1926,373,1,3
1926,374,1,3
1926,375,1,3
1926,376,1,3
1926,377,1,3
1926,378,1,3
1926,379,1,3
1926,380,1,3
1926,381,1,3
1926,382,1,3
1926,383,1,3
1926,384,1,3
1926,385,1,3
1926,386,1,3
1926,387,1,3
1926,388,1,3
1926,389,1,3
1926,390,1,3
1926,391,1,3
1926,392,1,3
1926,393,1,3
1926,394,1,3
1926,395,1,3
1926,396,1,3
1926,397,1,3
1926,398,1,3
1926,399,1,3
1926,400,1,3
1926,401,1,3
1926,402,1,3
1926,403,1,3
1926,404,1,3
1926,405,1,3
1926,406,1,3
1926,407,1,3
1926,408,1,3
1926,409,1,3
1926,410,1,3
1926,411,1,3
1926,412,1,3
1926,413,1,3
1926,414,1,3
1926,415,1,3
1926,416,1,3
1926,417,1,3
1926,418,1,3
1926,419,1,3
1926,420,1,3
1926,421,1,3
1926,422,1,3
1926,423,1,3
1926,424,1,3
1926,425,1,3
1926,426,1,3
1926,427,1,3
1926,428,1,3
1926,429,1,3
1926,430,1,2
1926,431,1,2
1926,432,1,2
1926,433,1,2
1926,434,1,2
1926,435,1,2
1926,436,1,2
1926,437,1,2
1926,438,1,2
1926,439,1,2
1926,440,1,2
1926,441,1,2
1926,442,1,2
1926,443,1,2
1926,444,1,2
1926,445,1,2
1926,446,1,2
1926,447,1,2
1926,448,1,2
1926,449,1,2
1926,450,1,2
1926,451,1,2
1926,452,1,2
1926,453,1,2
1926,454,1,2
1926,455,1,2
1926,456,1,2
1926,457,1,2
1926,458,1,2
1926,459,1,2
1926,460,1,2
1926,461,1,2
1926,462,1,2
1926,463,1,2
1926,464,1,2
1926,465,1,2
1926,466,1,2
1926,467,1,2
1926,468,1,2
1926,469,1,2
1926,470,1,2
1926,471,1,2
1926,472,1,2
1926,473,1,2
1926,474,1,2
1926,475,1,2
1926,476,1,2
1926,477,1,2
1926,478,1,2
1926,479,1,2
1926,480,1,2
1926,481,1,2
1926,482,1,2
1926,483,1,2
1926,484,1,2
1926,485,1,2
1926,486,1,2
1926,487,1,2
1926,488,1,2
1926,489,1,2
1926,490,1,2
1926,491,1,2
1926,492,1,2
1926,493,1,2
1926,494,1,2
1926,495,1,2
1926,496,1,2
1926,497,1,2
1926,498,1,2
1926,499,1,2
1926,500,1,2
1926,501,1,2
1926,502,1,2
1926,503,1,2
1926,504,1,2
1926,505,1,2
1926,506,1,2
1926,507,1,2
1926,508,1,3
1926,509,1,3
1926,510,1,3
1926,511,1,3
1926,512,1,3
1926,513,1,3
1926,514,1,3
1926,515,1,3
1926,516,1,3
1926,517,1,3
1926,518,1,3
1926,519,1,3
1926,520,1,3
1926,521,1,3
1926,522,1,3
1926,523,1,3
1926,524,1,3
1926,525,1,3
1926,526,1,3
1926,527,1,3
1926,528,1,3
1926,529,1,3
1926,530,1,3
1926,531,1,3
1926,532,1,3
1926,533,1,3
1926,534,1,3
1926,535,1,3
1926,536,1,3
1926,537,1,3
1926,538,1,3
1926,539,1,3
1926,540,1,3
1926,541,1,3
1926,542,1,3
1926,543,1,3
1926,544,1,3
1926,545,1,2
1926,546,1,2
1926,547,1,2
1926,548,1,2
1926,549,1,2
1926,550,1,2
1926,551,1,2
1926,552,1,2
1926,553,1,2
1926,554,1,2
1926,555,1,2
1926,556,1,2
1926,557,1,2
1926,558,1,2
1926,559,1,2
1926,560,1,2
1926,561,1,2
1926,562,1,2
1926,563,1,2
1926,564,1,2
1926,565,1,2
1926,566,1,2
1926,567,1,2
1926,568,1,2
1926,569,1,2
1926,570,1,2
1926,571,1,2
1926,572,1,2
1926,573,1,2
1926,574,1,2
1926,575,1,2
1926,576,1,2
1926,577,1,2
1926,578,1,2
1926,579,1,2
1926,580,1,2
1926,581,1,2
1926,582,1,2
1926,583,1,2
1926,584,1,2
1926,585,1,2
1926,586,1,2
1926,587,1,2
1926,588,1,2
1926,589,1,2
1926,590,1,2
1926,591,1,2
1926,592,1,2
1926,593,1,2
1926,594,1,2
1926,595,1,2
1926,596,1,2
1926,597,1,2
1926,598,1,2
1926,599,1,2
1926,600,1,2
1926,601,1,2
1926,602,1,2
1926,603,1,2
1926,604,1,2
1926,605,1,2
1926,606,1,2
1926,607,1,2
1926,608,1,2
1926,609,1,2
1926,610,1,2
1926,611,1,2
1926,612,1,2
1926,613,1,2
1926,614,1,2
1926,615,1,2
1926,616,1,2
1926,617,1,2
1926,618,1,2
1926,619,1,2
1926,620,1,2
1926,621,1,2
1926,622,1,2
1926,623,1,2
1926,624,1,2
1926,625,1,2
1926,626,1,2
1926,627,1,2
1926,628,1,2
1926,629,1,2
1926,630,1,2
1926,631,1,2
1926,632,1,2
1926,633,1,2
1926,634,1,2
1926,635,1,2
1926,636,1,2
1926,637,1,2
1926,638,1,2
1926,639,1,2
1926,640,1,2
1926,641,1,2
1926,642,1,2
1926,643,1,2
1926,644,1,2
1926,645,1,2
1926,646,1,2
1926,647,1,2
1927,109,1,2
1927,110,1,2
1927,111,1,2
1927,112,1,2
1927,113,1,2
1927,114,1,2
1927,115,1,3
1927,116,1,3
1927,117,1,3
1927,118,1,3
1927,119,1,3
1927,120,1,3
1927,121,1,3
1927,122,1,3
1927,123,1,3
1927,124,1,3
1927,125,1,3
1927,126,1,3
1927,127,1,3
1927,128,1,3
1927,129,1,3
1927,130,1,3
1927,131,1,3
1927,132,1,3
1927,133,1,3
1927,134,1,3
1927,135,1,3
1927,136,1,2
1927,137,1,2
1927,138,1,2
1927,139,1,2
1927,140,1,2
1927,141,1,2
1927,142,1,2
1927,143,1,2
1927,144,1,2
1927,145,1,2
1927,146,1,2
1927,147,1,2
1927,148,1,2
1927,149,1,2
1927,150,1,2
1927,151,1,2
1927,152,1,2
1927,153,1,2
1927,154,1,2
1927,155,1,2
1927,156,1,2
1927,157,1,2
1927,158,1,2
1927,159,1,2
1927,160,1,2
1927,161,1,2
1927,162,1,2
1927,163,1,2
1927,164,1,2
1927,165,1,2
1927,166,1,2
1927,167,1,2
1927,168,1,2
1927,169,1,2
1927,170,1,2
1927,171,1,2
1927,172,1,2
1927,173,1,2
1927,174,1,2
1927,175,1,2
1927,176,1,2
1927,177,1,2
1927,178,1,2
1927,179,1,2
1927,180,1,2
1927,181,1,2
1927,182,1,2
1927,183,1,2
1927,184,1,2
1927,185,1,2
1927,186,1,2
1927,187,1,2
1927,188,1,2
1927,189,1,2
1927,190,1,2
1927,191,1,2
1927,192,1,2
1927,193,1,2
1927,194,1,2
1927,195,1,2
1927,196,1,2
1927,197,1,2
1927,198,1,2
1927,199,1,2
1927,200,1,2
1927,201,1,2
1927,202,1,2
1927,203,1,2
1927,204,1,2
1927,205,1,2
1927,206,1,2
1927,207,1,2
1927,208,1,2
1927,209,1,2
1927,210,1,2
1927,211,1,2
1927,212,1,2
1927,213,1,2
1927,214,1,2
1927,215,1,2
1927,216,1,2
1927,217,1,2
1927,218,1,2
1927,219,1,2
1927,220,1,2
1927,221,1,2
1927,222,1,2
1927,223,1,2
1927,224,1,2
1927,225,1,2
1927,226,1,2
1927,227,1,2
1927,228,1,2
1927,229,1,2
1927,230,1,2
1927,231,1,2
1927,232,1,2
1927,233,1,2
1927,234,1,2
1927,235,1,2
1927,236,1,2
1927,237,1,2
1927,238,1,2
1927,239,1,2
1927,240,1,2
1927,241,1,2
1927,242,1,2
1927,243,1,2
1927,244,1,2
1927,245,1,2
1927,246,1,2
1927,247,1,2
1927,248,1,2
1927,249,1,3
1927,250,1,3
1927,251,1,3
1927,252,1,3
1927,253,1,3
1927,254,1,3
1927,255,1,3
1927,256,1,3
1927,257,1,3
1927,258,1,3
1927,259,1,3
1927,260,1,3
1927,261,1,3
1927,262,1,3
1927,263,1,3
1927,264,1,3
1927,265,1,3
1927,266,1,3
1927,267,1,2
1927,268,1,2
1927,269,1,2
1927,270,1,2
1927,271,1,2
1927,272,1,2
1927,273,1,2
1927,274,1,2
1927,275,1,2
1927,276,1,2
1927,277,1,2
1927,278,1,2
1927,279,1,2
1927,280,1,2
1927,281,1,2
1927,282,1,2
1927,283,1,2
1927,284,1,2
1927,285,1,2
1927,286,1,2
1927,287,1,2
1927,288,1,2
1927,289,1,2
1927,290,1,2
1927,291,1,2
1927,292,1,2
1927,293,1,2
1927,294,1,2
1927,295,1,2
1927,296,1,2
1927,297,1,2
1927,298,1,2
1927,299,1,2
1927,300,1,2
1927,301,1,2
1927,302,1,2
1927,303,1,2
1927,304,1,2
1927,305,1,2
1927,306,1,2
1927,307,1,2
1927,308,1,2
1927,309,1,2
1927,310,1,2
1927,311,1,2
1927,312,1,2
1927,313,1,2
1927,314,1,2
1927,315,1,2
1927,316,1,2
1927,317,1,2
1927,318,1,2
1927,319,1,2
1927,320,1,2
1927,321,1,2
1927,322,1,2
1927,323,1,2
1927,324,1,2
1927,325,1,2
1927,326,1,2
1927,327,1,2
1927,328,1,2
1927,329,1,2
1927,330,1,2
1927,331,1,2
1927,332,1,2
1927,333,1,2
1927,334,1,2
1927,335,1,2
1927,336,1,2
1927,337,1,2
1927,338,1,2
1927,339,1,2
1927,340,1,2
1927,341,1,2
1927,342,1,2
1927,343,1,2
1927,344,1,2
1927,345,1,2
1927,346,1,2
1927,347,1,2
1927,348,1,2
1927,349,1,2
1927,350,1,2
1927,351,1,2
1927,352,1,2
1927,353,1,2
1927,354,1,3
1927,355,1,3
1927,356,1,3
1927,357,1,3
1927,358,1,3
1927,359,1,3
1927,360,1,3
1927,361,1,3
1927,362,1,3
1927,363,1,3
1927,364,1,3
1927,365,1,3
1927,366,1,3
1927,367,1,3
1927,368,1,3
1927,369,1,3
1927,370,1,3
1927,371,1,3
1927,372,1,3
1927,373,1,3
1927,374,1,3
1927,375,1,3
1927,376,1,3
1927,377,1,3
1927,378,1,3
1927,379,1,3
1927,380,1,3
1927,381,1,3
1927,382,1,3
1927,383,1,3
1927,384,1,3
1927,385,1,3
1927,386,1,3
1927,387,1,3
1927,388,1,3
1927,389,1,3
1927,390,1,3
1927,391,1,3
1927,392,1,3
1927,393,1,3
1927,394,1,3
1927,395,1,3
1927,396,1,3
1927,397,1,3
1927,398,1,3
1927,399,1,3
1927,400,1,3
1927,401,1,3
1927,402,1,3
1927,403,1,3
1927,404,1,3
1927,405,1,3
1927,406,1,3
1927,407,1,3
1927,408,1,3
1927,409,1,3
1927,410,1,3
1927,411,1,3
1927,412,1,3
1927,413,1,3
1927,414,1,3
1927,415,1,3
1927,416,1,3
1927,417,1,3
1927,418,1,3
1927,419,1,3
1927,420,1,3
1927,421,1,3
1927,422,1,3
1927,423,1,3
1927,424,1,3
1927,425,1,3
1927,426,1,3
1927,427,1,3
1927,428,1,3
1927,429,1,3
1927,430,1,2
1927,431,1,2
1927,432,1,2
1927,433,1,2
1927,434,1,2
1927,435,1,2
1927,436,1,2
1927,437,1,2
1927,438,1,2
1927,439,1,2
1927,440,1,2
1927,441,1,2
1927,442,1,2
1927,443,1,2
1927,444,1,2
1927,445,1,2
1927,446,1,2
1927,447,1,2
1927,448,1,2
1927,449,1,2
1927,450,1,2
1927,451,1,2
1927,452,1,2
1927,453,1,2
1927,454,1,2
1927,455,1,2
1927,456,1,2
1927,457,1,2
1927,458,1,2
1927,459,1,2
1927,460,1,2
1927,461,1,2
1927,462,1,2
1927,463,1,2
1927,464,1,2
1927,465,1,2
1927,466,1,2
1927,467,1,2
1927,468,1,2
1927,469,1,2
1927,470,1,2
1927,471,1,2
1927,472,1,2
1927,473,1,2
1927,474,1,2
1927,475,1,2
1927,476,1,2
1927,477,1,2
1927,478,1,2
1927,479,1,2
1927,480,1,2
1927,481,1,2
1927,482,1,2
1927,483,1,2
1927,484,1,2
1927,485,1,2
1927,486,1,2
1927,487,1,2
1927,488,1,2
1927,489,1,2
1927,490,1,2
1927,491,1,2
1927,492,1,2
1927,493,1,2
1927,494,1,2
1927,495,1,2
1927,496,1,2
1927,497,1,2
1927,498,1,2
1927,499,1,2
1927,500,1,2
1927,501,1,2
1927,502,1,2
1927,503,1,2
1927,504,1,2
1927,505,1,2
1927,506,1,2
1927,507,1,2
1927,508,1,3
1927,509,1,3
1927,510,1,3
1927,511,1,3
1927,512,1,3
1927,513,1,3
1927,514,1,3
1927,515,1,3
1927,516,1,3
1927,517,1,3
1927,518,1,3
1927,519,1,3
1927,520,1,3
1927,521,1,3
1927,522,1,3
1927,523,1,3
1927,524,1,3
1927,525,1,3
1927,526,1,3
1927,527,1,3
1927,528,1,3
1927,529,1,3
1927,530,1,3
1927,531,1,3
1927,532,1,3
1927,533,1,3
1927,534,1,3
1927,535,1,3
1927,536,1,3
1927,537,1,3
1927,538,1,3
1927,539,1,3
1927,540,1,3
1927,541,1,3
1927,542,1,3
1927,543,1,3
1927,544,1,3
1927,545,1,3
1927,546,1,2
1927,547,1,2
1927,548,1,2
1927,549,1,2
1927,550,1,2
1927,551,1,2
1927,552,1,2
1927,553,1,2
1927,554,1,2
1927,555,1,2
1927,556,1,2
1927,557,1,2
1927,558,1,2
1927,559,1,2
1927,560,1,2
1927,561,1,2
1927,562,1,2
1927,563,1,2
1927,564,1,2
1927,565,1,2
1927,566,1,2
1927,567,1,2
1927,568,1,2
1927,569,1,2
1927,570,1,2
1927,571,1,2
1927,572,1,2
1927,573,1,2
1927,574,1,2
1927,575,1,2
1927,576,1,2
1927,577,1,2
1927,578,1,2
1927,579,1,2
1927,580,1,2
1927,581,1,2
1927,582,1,2
1927,583,1,2
1927,584,1,2
1927,585,1,2
1927,586,1,2
1927,587,1,2
1927,588,1,2
1927,589,1,2
1927,590,1,2
1927,591,1,2
1927,592,1,2
1927,593,1,2
1927,594,1,2
1927,595,1,2
1927,596,1,2
1927,597,1,2
1927,598,1,2
1927,599,1,2
1927,600,1,2
1927,601,1,2
1927,602,1,2
1927,603,1,2
1927,604,1,2
1927,605,1,2
1927,606,1,2
1927,607,1,2
1927,608,1,2
1927,609,1,2
1927,610,1,2
1927,611,1,2
1927,612,1,2
1927,613,1,2
1927,614,1,2
1927,615,1,2
1927,616,1,2
1927,617,1,2
1927,618,1,2
1927,619,1,2
1927,620,1,2
1927,621,1,2
1927,622,1,2
1927,623,1,2
1927,624,1,2
1927,625,1,2
1927,626,1,2
1927,627,1,2
1927,628,1,2
1927,629,1,2
1927,630,1,2
1927,631,1,2
1927,632,1,2
1927,633,1,2
1927,634,1,2
1927,635,1,2
1927,636,1,2
1927,637,1,2
1927,638,1,2
1927,639,1,2
1927,640,1,2
1927,641,1,2
1927,642,1,2
1927,643,1,2
1927,644,1,2
1927,645,1,2
1927,646,1,2
1927,647,1,2
1927,648,1,2
1927,649,1,2
1927,650,1,2
1927,651,1,2
1928,109,1,2
1928,110,1,2
1928,111,1,2
1928,112,1,2
1928,113,1,2
1928,114,1,2
1928,115,1,3
1928,116,1,3
1928,117,1,3
1928,118,1,3
1928,119,1,3
1928,120,1,3
1928,121,1,3
1928,122,1,3
1928,123,1,3
1928,124,1,3
1928,125,1,3
1928,126,1,3
1928,127,1,3
1928,128,1,3
1928,129,1,3
1928,130,1,3
1928,131,1,3
1928,132,1,3
1928,133,1,3
1928,134,1,3
1928,135,1,3
1928,136,1,3
1928,137,1,2
1928,138,1,2
1928,139,1,2
1928,140,1,2
1928,141,1,2
1928,142,1,2
1928,143,1,2
1928,144,1,2
1928,145,1,2
1928,146,1,2
1928,147,1,2
1928,148,1,2
1928,149,1,2
1928,150,1,2
1928,151,1,2
1928,152,1,2
1928,153,1,2
1928,154,1,2
1928,155,1,2
1928,156,1,2
1928,157,1,2
1928,158,1,2
1928,159,1,2
1928,160,1,2
1928,161,1,2
1928,162,1,2
1928,163,1,2
1928,164,1,2
1928,165,1,2
1928,166,1,2
1928,167,1,2
1928,168,1,2
1928,169,1,2
1928,170,1,2
1928,171,1,2
1928,172,1,2
1928,173,1,2
1928,174,1,2
1928,175,1,2
1928,176,1,2
1928,177,1,2
1928,178,1,2
1928,179,1,2
1928,180,1,2
1928,181,1,2
1928,182,1,2
1928,183,1,2
1928,184,1,2
1928,185,1,2
1928,186,1,2
1928,187,1,2
1928,188,1,2
1928,189,1,2
1928,190,1,2
1928,191,1,2
1928,192,1,2
1928,193,1,2
1928,194,1,2
1928,195,1,2
1928,196,1,2
1928,197,1,2
1928,198,1,2
1928,199,1,2
1928,200,1,2
1928,201,1,2
1928,202,1,2
1928,203,1,2
1928,204,1,2
1928,205,1,2
1928,206,1,2
1928,207,1,2
1928,208,1,2
1928,209,1,2
1928,210,1,2
1928,211,1,2
1928,212,1,2
1928,213,1,2
1928,214,1,2
1928,215,1,2
1928,216,1,2
1928,217,1,2
1928,218,1,2
1928,219,1,2
1928,220,1,2
1928,221,1,2
1928,222,1,2
1928,223,1,2
1928,224,1,2
1928,225,1,2
1928,226,1,2
1928,227,1,2
1928,228,1,2
1928,229,1,2
1928,230,1,2
1928,231,1,2
1928,232,1,2
1928,233,1,2
1928,234,1,2
1928,235,1,2
1928,236,1,2
1928,237,1,2
1928,238,1,2
1928,239,1,2
1928,240,1,2
1928,241,1,2
1928,242,1,2
1928,243,1,2
1928,244,1,2
1928,245,1,2
1928,246,1,2
1928,247,1,2
1928,248,1,2
1928,249,1,2
1928,250,1,3
1928,251,1,3
1928,252,1,3
1928,253,1,3
1928,254,1,3
1928,255,1,3
1928,256,1,3
1928,257,1,3
1928,258,1,3
1928,259,1,3
1928,260,1,3
1928,261,1,3
1928,262,1,3
1928,263,1,3
1928,264,1,3
1928,265,1,3
1928,266,1,2
1928,267,1,2
1928,268,1,2
1928,269,1,2
1928,270,1,2
1928,271,1,2
1928,272,1,2
1928,273,1,2
1928,274,1,2
1928,275,1,2
1928,276,1,2
1928,277,1,2
1928,278,1,2
1928,279,1,2
1928,280,1,2
1928,281,1,2
1928,282,1,2
1928,283,1,2
1928,284,1,2
1928,285,1,2
1928,286,1,2
1928,287,1,2
1928,288,1,2
1928,289,1,2
1928,290,1,2
1928,291,1,2
1928,292,1,2
1928,293,1,2
1928,294,1,2
1928,295,1,2
1928,296,1,2
1928,297,1,2
1928,298,1,2
1928,299,1,2
1928,300,1,2
1928,301,1,2
1928,302,1,2
1928,303,1,2
1928,304,1,2
1928,305,1,2
1928,306,1,2
1928,307,1,2
1928,308,1,2
1928,309,1,2
1928,310,1,2
1928,311,1,2
1928,312,1,2
1928,313,1,2
1928,314,1,2
1928,315,1,2
1928,316,1,2
1928,317,1,2
1928,318,1,2
1928,319,1,2
1928,320,1,2
1928,321,1,2
1928,322,1,2
1928,323,1,2
1928,324,1,2
1928,325,1,2
1928,326,1,2
1928,327,1,2
1928,328,1,2
1928,329,1,2
1928,330,1,2
1928,331,1,2
1928,332,1,2
1928,333,1,2
1928,334,1,2
1928,335,1,2
1928,336,1,2
1928,337,1,2
1928,338,1,2
1928,339,1,2
1928,340,1,2
1928,341,1,2
1928,342,1,2
1928,343,1,2
1928,344,1,2
1928,345,1,2
1928,346,1,2
1928,347,1,2
1928,348,1,2
1928,349,1,2
1928,350,1,2
1928,351,1,2
1928,352,1,2
1928,353,1,3
1928,354,1,3
1928,355,1,3
1928,356,1,3
1928,357,1,3
1928,358,1,3
1928,359,1,3
1928,360,1,3
1928,361,1,3
1928,362,1,3
1928,363,1,3
1928,364,1,3
1928,365,1,3
1928,366,1,3
1928,367,1,3
1928,368,1,3
1928,369,1,3
1928,370,1,3
1928,371,1,3
1928,372,1,3
1928,373,1,3
1928,374,1,3
1928,375,1,3
1928,376,1,3
1928,377,1,3
1928,378,1,3
1928,379,1,3
1928,380,1,3
1928,381,1,3
1928,382,1,3
1928,383,1,3
1928,384,1,3
1928,385,1,3
1928,386,1,3
1928,387,1,3
1928,388,1,3
1928,389,1,3
1928,390,1,3
1928,391,1,3
1928,392,1,3
1928,393,1,3
1928,394,1,3
1928,395,1,3
1928,396,1,3
1928,397,1,3
1928,398,1,3
1928,399,1,3
1928,400,1,3
1928,401,1,3
1928,402,1,3
1928,403,1,3
1928,404,1,3
1928,405,1,3
1928,406,1,3
1928,407,1,3
1928,408,1,3
1928,409,1,3
1928,410,1,3
1928,411,1,3
1928,412,1,3
1928,413,1,3
1928,414,1,3
1928,415,1,3
1928,416,1,3
1928,417,1,3
1928,418,1,3
1928,419,1,3
1928,420,1,3
1928,421,1,3
1928,422,1,3
1928,423,1,3
1928,424,1,3
1928,425,1,3
1928,426,1,3
1928,427,1,3
1928,428,1,3
1928,429,1,3
1928,430,1,2
1928,431,1,2
1928,432,1,2
1928,433,1,2
1928,434,1,2
1928,435,1,2
1928,436,1,2
1928,437,1,2
1928,438,1,2
1928,439,1,2
1928,440,1,2
1928,441,1,2
1928,442,1,2
1928,443,1,2
1928,444,1,2
1928,445,1,2
1928,446,1,2
1928,447,1,2
1928,448,1,2
1928,449,1,2
1928,450,1,2
1928,451,1,2
1928,452,1,2
1928,453,1,2
1928,454,1,2
1928,455,1,2
1928,456,1,2
1928,457,1,2
1928,458,1,2
1928,459,1,2
1928,460,1,2
1928,461,1,2
1928,462,1,2
1928,463,1,2
1928,464,1,2
1928,465,1,2
1928,466,1,2
1928,467,1,2
1928,468,1,2
1928,469,1,2
1928,470,1,2
1928,471,1,2
1928,472,1,2
1928,473,1,2
1928,474,1,2
1928,475,1,2
1928,476,1,2
1928,477,1,2
1928,478,1,2
1928,479,1,2
1928,480,1,2
1928,481,1,2
1928,482,1,2
1928,483,1,2
1928,484,1,2
1928,485,1,2
1928,486,1,2
1928,487,1,2
1928,488,1,2
1928,489,1,2
1928,490,1,2
1928,491,1,2
1928,492,1,2
1928,493,1,2
1928,494,1,2
1928,495,1,2
1928,496,1,2
1928,497,1,2
1928,498,1,2
1928,499,1,2
1928,500,1,2
1928,501,1,2
1928,502,1,2
1928,503,1,2
1928,504,1,2
1928,505,1,2
1928,506,1,2
1928,507,1,3
1928,508,1,3
1928,509,1,3
1928,510,1,3
1928,511,1,3
1928,512,1,3
1928,513,1,3
1928,514,1,3
1928,515,1,3
1928,516,1,3
1928,517,1,3
1928,518,1,3
1928,519,1,3
1928,520,1,3
1928,521,1,3
1928,522,1,3
1928,523,1,3
1928,524,1,3
1928,525,1,3
1928,526,1,3
1928,527,1,3
1928,528,1,3
1928,529,1,3
1928,530,1,3
1928,531,1,3
1928,532,1,3
1928,533,1,3
1928,534,1,3
1928,535,1,3
1928,536,1,3
1928,537,1,3
1928,538,1,3
1928,539,1,3
1928,540,1,3
1928,541,1,3
1928,542,1,3
1928,543,1,3
1928,544,1,3
1928,545,1,3
1928,546,1,3
1928,547,1,2
1928,548,1,2
1928,549,1,2
1928,550,1,2
1928,551,1,2
1928,552,1,2
1928,553,1,2
1928,554,1,2
1928,555,1,2
1928,556,1,2
1928,557,1,2
1928,558,1,2
1928,559,1,2
1928,560,1,2
1928,561,1,2
1928,562,1,2
1928,563,1,2
1928,564,1,2
1928,565,1,2
1928,566,1,2
1928,567,1,2
1928,568,1,2
1928,569,1,2
1928,570,1,2
1928,571,1,2
1928,572,1,2
1928,573,1,2
1928,574,1,2
1928,575,1,2
1928,576,1,2
1928,577,1,2
1928,578,1,2
1928,579,1,2
1928,580,1,2
1928,581,1,2
1928,582,1,2
1928,583,1,2
1928,584,1,2
1928,585,1,2
1928,586,1,2
1928,587,1,2
1928,588,1,2
1928,589,1,2
1928,590,1,2
1928,591,1,2
1928,592,1,2
1928,593,1,2
1928,594,1,2
1928,595,1,2
1928,596,1,2
1928,597,1,2
1928,598,1,2
1928,599,1,2
1928,600,1,2
1928,601,1,2
1928,602,1,2
1928,603,1,2
1928,604,1,2
1928,605,1,2
1928,606,1,2
1928,607,1,2
1928,608,1,2
1928,609,1,2
1928,610,1,2
1928,611,1,2
1928,612,1,2
1928,613,1,2
1928,614,1,2
1928,615,1,2
1928,616,1,2
1928,617,1,2
1928,618,1,2
1928,619,1,2
1928,620,1,2
1928,621,1,2
1928,622,1,2
1928,623,1,2
1928,624,1,2
1928,625,1,2
1928,626,1,2
1928,627,1,2
1928,628,1,2
1928,629,1,2
1928,630,1,2
1928,631,1,2
1928,632,1,2
1928,633,1,2
1928,634,1,2
1928,635,1,2
1928,636,1,2
1928,637,1,2
1928,638,1,2
1928,639,1,2
1928,640,1,2
1928,641,1,2
1928,642,1,2
1928,643,1,2
1928,644,1,2
1928,645,1,2
1928,646,1,2
1928,647,1,2
1928,648,1,2
1928,649,1,2
1928,650,1,2
1928,651,1,2
1928,652,1,2
1928,653,1,2
1929,110,1,2
1929,111,1,2
1929,112,1,2
1929,113,1,2
1929,114,1,2
1929,115,1,3
1929,116,1,3
1929,117,1,3
1929,118,1,3
1929,119,1,3
1929,120,1,3
1929,121,1,3
1929,122,1,3
1929,123,1,3
1929,124,1,3
1929,125,1,3
1929,126,1,3
1929,127,1,3
1929,128,1,3
1929,129,1,3
1929,130,1,3
1929,131,1,3
1929,132,1,3
1929,133,1,3
1929,134,1,3
1929,135,1,3
1929,136,1,3
1929,137,1,3
1929,138,1,3
1929,139,1,2
1929,140,1,2
1929,141,1,2
1929,142,1,2
1929,143,1,2
1929,144,1,2
1929,145,1,2
1929,146,1,2
1929,147,1,2
1929,148,1,2
1929,149,1,2
1929,150,1,2
1929,151,1,2
1929,152,1,2
1929,153,1,2
1929,154,1,2
1929,155,1,2
1929,156,1,2
1929,157,1,2
1929,158,1,2
1929,159,1,2
1929,160,1,2
1929,161,1,2
1929,162,1,2
1929,163,1,2
1929,164,1,2
1929,165,1,2
1929,166,1,2
1929,167,1,2
1929,168,1,2
1929,169,1,2
1929,170,1,2
1929,171,1,2
1929,172,1,2
1929,173,1,2
1929,174,1,2
1929,175,1,2
1929,176,1,2
1929,177,1,2
1929,178,1,2
1929,179,1,2
1929,180,1,2
1929,181,1,2
1929,182,1,2
1929,183,1,2
1929,184,1,2
1929,185,1,2
1929,186,1,2
1929,187,1,2
1929,188,1,2
1929,189,1,2
1929,190,1,2
1929,191,1,2
1929,192,1,2
1929,193,1,2
1929,194,1,2
1929,195,1,2
1929,196,1,2
1929,197,1,2
1929,198,1,2
1929,199,1,2
1929,200,1,2
1929,201,1,2
1929,202,1,2
1929,203,1,2
1929,204,1,2
1929,205,1,2
1929,206,1,2
1929,207,1,2
1929,208,1,2
1929,209,1,2
1929,210,1,2
1929,211,1,2
1929,212,1,2
1929,213,1,2
1929,214,1,2
1929,215,1,2
1929,216,1,2
1929,217,1,2
1929,218,1,2
1929,219,1,2
1929,220,1,2
1929,221,1,2
1929,222,1,2
1929,223,1,2
1929,224,1,2
1929,225,1,2
1929,226,1,2
1929,227,1,2
1929,228,1,2
1929,229,1,2
1929,230,1,2
1929,231,1,2
1929,232,1,2
1929,233,1,2
1929,234,1,2
1929,235,1,2
1929,236,1,2
1929,237,1,2
1929,238,1,2
1929,239,1,2
1929,240,1,2
1929,241,1,2
1929,242,1,2
1929,243,1,2
1929,244,1,2
1929,245,1,2
1929,246,1,2
1929,247,1,2
1929,248,1,2
1929,249,1,2
1929,250,1,2
1929,251,1,3
1929,252,1,3
1929,253,1,3
1929,254,1,3
1929,255,1,3
1929,256,1,3
1929,257,1,3
1929,258,1,3
1929,259,1,3
1929,260,1,3
1929,261,1,3
1929,262,1,3
1929,263,1,3
1929,264,1,3
1929,265,1,2
1929,266,1,2
1929,267,1,2
1929,268,1,2
1929,269,1,2
1929,270,1,2
1929,271,1,2
1929,272,1,2
1929,273,1,2
1929,274,1,2
1929,275,1,2
1929,276,1,2
1929,277,1,2
1929,278,1,2
1929,279,1,2
1929,280,1,2
1929,281,1,2
1929,282,1,2
1929,283,1,2
1929,284,1,2
1929,285,1,2
1929,286,1,2
1929,287,1,2
1929,288,1,2
1929,289,1,2
1929,290,1,2
1929,291,1,2
1929,292,1,2
1929,293,1,2
1929,294,1,2
1929,295,1,2
1929,296,1,2
1929,297,1,2
1929,298,1,2
1929,299,1,2
1929,300,1,2
1929,301,1,2
1929,302,1,2
1929,303,1,2
1929,304,1,2
1929,305,1,2
1929,306,1,2
1929,307,1,2
1929,308,1,2
1929,309,1,2
1929,310,1,2
1929,311,1,2
1929,312,1,2
1929,313,1,2
1929,314,1,2
1929,315,1,2
1929,316,1,2
1929,317,1,2
1929,318,1,2
1929,319,1,2
1929,320,1,2
1929,321,1,2
1929,322,1,2
1929,323,1,2
1929,324,1,2
1929,325,1,2
1929,326,1,2
1929,327,1,2
1929,328,1,2
1929,329,1,2
1929,330,1,2
1929,331,1,2
1929,332,1,2
1929,333,1,2
1929,334,1,2
1929,335,1,2
1929,336,1,2
1929,337,1,2
1929,338,1,2
1929,339,1,2
1929,340,1,2
1929,341,1,2
1929,342,1,2
1929,343,1,2
1929,344,1,2
1929,345,1,2
1929,346,1,2
1929,347,1,2
1929,348,1,2
1929,349,1,2
1929,350,1,2
1929,351,1,2
1929,352,1,2
1929,353,1,3
1929,354,1,3
1929,355,1,3
1929,356,1,3
1929,357,1,3
1929,358,1,3
1929,359,1,3
1929,360,1,3
1929,361,1,3
1929,362,1,3
1929,363,1,3
1929,364,1,3
1929,365,1,3
1929,366,1,3
1929,367,1,3
1929,368,1,3
1929,369,1,3
1929,370,1,3
1929,371,1,3
1929,372,1,3
1929,373,1,3
1929,374,1,3
1929,375,1,3
1929,376,1,3
1929,377,1,3
1929,378,1,3
1929,379,1,3
1929,380,1,3
1929,381,1,3
1929,382,1,3
1929,383,1,3
1929,384,1,3
1929,385,1,3
1929,386,1,3
1929,387,1,3
1929,388,1,3
1929,389,1,3
1929,390,1,3
1929,391,1,3
1929,392,1,3
1929,393,1,3
1929,394,1,3
1929,395,1,3
1929,396,1,3
1929,397,1,3
1929,398,1,3
1929,399,1,3
1929,400,1,3
1929,401,1,3
1929,402,1,3
1929,403,1,3
1929,404,1,3
1929,405,1,3
1929,406,1,3
1929,407,1,3
1929,408,1,3
1929,409,1,3
1929,410,1,3
1929,411,1,3
1929,412,1,3
1929,413,1,3
1929,414,1,3
1929,415,1,3
1929,416,1,3
1929,417,1,3
1929,418,1,3
1929,419,1,3
1929,420,1,3
1929,421,1,3
1929,422,1,3
1929,423,1,3
1929,424,1,3
1929,425,1,3
1929,426,1,3
1929,427,1,3
1929,428,1,3
1929,429,1,3
1929,430,1,2
1929,431,1,2
1929,432,1,2
1929,433,1,2
1929,434,1,2
1929,435,1,2
1929,436,1,2
1929,437,1,2
1929,438,1,2
1929,439,1,2
1929,440,1,2
1929,441,1,2
1929,442,1,2
1929,443,1,2
1929,444,1,2
1929,445,1,2
1929,446,1,2
1929,447,1,2
1929,448,1,2
1929,449,1,2
1929,450,1,2
1929,451,1,2
1929,452,1,2
1929,453,1,2
1929,454,1,2
1929,455,1,2
1929,456,1,2
1929,457,1,2
1929,458,1,2
1929,459,1,2
1929,460,1,2
1929,461,1,2
1929,462,1,2
1929,463,1,2
1929,464,1,2
1929,465,1,2
1929,466,1,2
1929,467,1,2
1929,468,1,2
1929,469,1,2
1929,470,1,2
1929,471,1,2
1929,472,1,2
1929,473,1,2
1929,474,1,2
1929,475,1,2
1929,476,1,2
1929,477,1,2
1929,478,1,2
1929,479,1,2
1929,480,1,2
1929,481,1,2
1929,482,1,2
1929,483,1,2
1929,484,1,2
1929,485,1,2
1929,486,1,2
1929,487,1,2
1929,488,1,2
1929,489,1,2
1929,490,1,2
1929,491,1,2
1929,492,1,2
1929,493,1,2
1929,494,1,2
1929,495,1,2
1929,496,1,2
1929,497,1,2
1929,498,1,2
1929,499,1,2
1929,500,1,2
1929,501,1,2
1929,502,1,2
1929,503,1,2
1929,504,1,2
1929,505,1,2
1929,506,1,2
1929,507,1,3
1929,508,1,3
1929,509,1,3
1929,510,1,3
1929,511,1,3
1929,512,1,3
1929,513,1,3
1929,514,1,3
1929,515,1,3
1929,516,1,3
1929,517,1,3
1929,518,1,3
1929,519,1,3
1929,520,1,3
1929,521,1,3
1929,522,1,3
1929,523,1,3
1929,524,1,3
1929,525,1,3
1929,526,1,3
1929,527,1,3
1929,528,1,3
1929,529,1,3
1929,530,1,3
1929,531,1,3
1929,532,1,3
1929,533,1,3
1929,534,1,3
1929,535,1,3
1929,536,1,3
1929,537,1,3
1929,538,1,3
1929,539,1,3
1929,540,1,3
1929,541,1,3
1929,542,1,3
1929,543,1,3
1929,544,1,3
1929,545,1,3
1929,546,1,3
1929,547,1,3
1929,548,1,2
1929,549,1,2
1929,550,1,2
1929,551,1,2
1929,552,1,2
1929,553,1,2
1929,554,1,2
1929,555,1,2
1929,556,1,2
1929,557,1,2
1929,558,1,2
1929,559,1,2
1929,560,1,2
1929,561,1,2
1929,562,1,2
1929,563,1,2
1929,564,1,2
1929,565,1,2
1929,566,1,2
1929,567,1,2
1929,568,1,2
1929,569,1,2
1929,570,1,2
1929,571,1,2
1929,572,1,2
1929,573,1,2
1929,574,1,2
1929,575,1,2
1929,576,1,2
1929,577,1,2
1929,578,1,2
1929,579,1,2
1929,580,1,2
1929,581,1,2
1929,582,1,2
1929,583,1,2
1929,584,1,2
1929,585,1,2
1929,586,1,2
1929,587,1,2
1929,588,1,2
1929,589,1,2
1929,590,1,2
1929,591,1,2
1929,592,1,2
1929,593,1,2
1929,594,1,2
1929,595,1,2
1929,596,1,2
1929,597,1,2
1929,598,1,2
1929,599,1,2
1929,600,1,2
1929,601,1,2
1929,602,1,2
1929,603,1,2
1929,604,1,2
1929,605,1,2
1929,606,1,2
1929,607,1,2
1929,608,1,2
1929,609,1,2
1929,610,1,2
1929,611,1,2
1929,612,1,2
1929,613,1,2
1929,614,1,2
1929,615,1,2
1929,616,1,2
1929,617,1,2
1929,618,1,2
1929,619,1,2
1929,620,1,2
1929,621,1,2
1929,622,1,2
1929,623,1,2
1929,624,1,2
1929,625,1,2
1929,626,1,2
1929,627,1,2
1929,628,1,2
1929,629,1,2
1929,630,1,2
1929,631,1,2
1929,632,1,2
1929,633,1,2
1929,634,1,2
1929,635,1,2
1929,636,1,2
1929,637,1,2
1929,638,1,2
1929,639,1,2
1929,640,1,2
1929,641,1,2
1929,642,1,2
1929,643,1,2
1929,644,1,2
1929,645,1,2
1929,646,1,2
1929,647,1,2
1929,648,1,2
1929,649,1,2
1929,650,1,2
1929,651,1,2
1929,652,1,2
1929,653,1,2
1930,110,1,2
1930,111,1,2
1930,112,1,2
1930,113,1,2
1930,114,1,3
1930,115,1,3
1930,116,1,3
1930,117,1,3
1930,118,1,3
1930,119,1,3
1930,120,1,3
1930,121,1,3
1930,122,1,3
1930,123,1,3
1930,124,1,3
1930,125,1,3
1930,126,1,3
1930,127,1,3
1930,128,1,3
1930,129,1,3
1930,130,1,3
1930,131,1,3
1930,132,1,3
1930,133,1,3
1930,134,1,3
1930,135,1,3
1930,136,1,3
1930,137,1,3
1930,138,1,3
1930,139,1,2
1930,140,1,2
1930,141,1,2
1930,142,1,2
1930,143,1,2
1930,144,1,2
1930,145,1,2
1930,146,1,2
1930,147,1,2
1930,148,1,2
1930,149,1,2
1930,150,1,2
1930,151,1,2
1930,152,1,2
1930,153,1,2
1930,154,1,2
1930,155,1,2
1930,156,1,2
1930,157,1,2
1930,158,1,2
1930,159,1,2
1930,160,1,2
1930,161,1,2
1930,162,1,2
1930,163,1,2
1930,164,1,2
1930,165,1,2
1930,166,1,2
1930,167,1,2
1930,168,1,2
1930,169,1,2
1930,170,1,2
1930,171,1,2
1930,172,1,2
1930,173,1,2
1930,174,1,2
1930,175,1,2
1930,176,1,2
1930,177,1,2
1930,178,1,2
1930,179,1,2
1930,180,1,2
1930,181,1,2
1930,182,1,2
1930,183,1,2
1930,184,1,2
1930,185,1,2
1930,186,1,2
1930,187,1,2
1930,188,1,2
1930,189,1,2
1930,190,1,2
1930,191,1,2
1930,192,1,2
1930,193,1,2
1930,194,1,2
1930,195,1,2
1930,196,1,2
1930,197,1,2
1930,198,1,2
1930,199,1,2
1930,200,1,2
1930,201,1,2
1930,202,1,2
1930,203,1,2
1930,204,1,2
1930,205,1,2
1930,206,1,2
1930,207,1,2
1930,208,1,2
1930,209,1,2
1930,210,1,2
1930,211,1,2
1930,212,1,2
1930,213,1,2
1930,214,1,2
1930,215,1,2
1930,216,1,2
1930,217,1,2
1930,218,1,2
1930,219,1,2
1930,220,1,2
1930,221,1,2
1930,222,1,2
1930,223,1,2
1930,224,1,2
1930,225,1,2
1930,226,1,2
1930,227,1,2
1930,228,1,2
1930,229,1,2
1930,230,1,2
1930,231,1,2
1930,232,1,2
1930,233,1,2
1930,234,1,2
1930,235,1,2
1930,236,1,2
1930,237,1,2
1930,238,1,2
1930,239,1,2
1930,240,1,2
1930,241,1,2
1930,242,1,2
1930,243,1,2
1930,244,1,2
1930,245,1,2
1930,246,1,2
1930,247,1,2
1930,248,1,2
1930,249,1,2
1930,250,1,2
1930,251,1,2
1930,252,1,2
1930,253,1,2
1930,254,1,2
1930,255,1,2
1930,256,1,2
1930,257,1,3
1930,258,1,3
1930,259,1,3
1930,260,1,3
1930,261,1,3
1930,262,1,3
1930,263,1,2
1930,264,1,2
1930,265,1,2
1930,266,1,2
1930,267,1,2
1930,268,1,2
1930,269,1,2
1930,270,1,2
1930,271,1,2
1930,272,1,2
1930,273,1,2
1930,274,1,2
1930,275,1,2
1930,276,1,2
1930,277,1,2
1930,278,1,2
1930,279,1,2
1930,280,1,2
1930,281,1,2
1930,282,1,2
1930,283,1,2
1930,284,1,2
1930,285,1,2
1930,286,1,2
1930,287,1,2
1930,288,1,2
1930,289,1,2
1930,290,1,2
1930,291,1,2
1930,292,1,2
1930,293,1,2
1930,294,1,2
1930,295,1,2
1930,296,1,2
1930,297,1,2
1930,298,1,2
1930,299,1,2
1930,300,1,2
1930,301,1,2
1930,302,1,2
1930,303,1,2
1930,304,1,2
1930,305,1,2
1930,306,1,2
1930,307,1,2
1930,308,1,2
1930,309,1,2
1930,310,1,2
1930,311,1,2
1930,312,1,2
1930,313,1,2
1930,314,1,2
1930,315,1,2
1930,316,1,2
1930,317,1,2
1930,318,1,2
1930,319,1,2
1930,320,1,2
1930,321,1,2
1930,322,1,2
1930,323,1,2
1930,324,1,2
1930,325,1,2
1930,326,1,2
1930,327,1,2
1930,328,1,2
1930,329,1,2
1930,330,1,2
1930,331,1,2
1930,332,1,2
1930,333,1,2
1930,334,1,2
1930,335,1,2
1930,336,1,2
1930,337,1,2
1930,338,1,2
1930,339,1,2
1930,340,1,2
1930,341,1,2
1930,342,1,2
1930,343,1,2
1930,344,1,2
1930,345,1,2
1930,346,1,2
1930,347,1,2
1930,348,1,2
1930,349,1,2
1930,350,1,2
1930,351,1,2
1930,352,1,2
1930,353,1,3
1930,354,1,3
1930,355,1,3
1930,356,1,3
1930,357,1,3
1930,358,1,3
1930,359,1,3
1930,360,1,3
1930,361,1,3
1930,362,1,3
1930,363,1,3
1930,364,1,3
1930,365,1,3
1930,366,1,3
1930,367,1,3
1930,368,1,3
1930,369,1,3
1930,370,1,3
1930,371,1,3
1930,372,1,3
1930,373,1,3
1930,374,1,3
1930,375,1,3
1930,376,1,3
1930,377,1,3
1930,378,1,3
1930,379,1,3
1930,380,1,3
1930,381,1,3
1930,382,1,3
1930,383,1,3
1930,384,1,3
1930,385,1,3
1930,386,1,3
1930,387,1,3
1930,388,1,3
1930,389,1,3
1930,390,1,3
1930,391,1,3
1930,392,1,3
1930,393,1,3
1930,394,1,3
1930,395,1,3
1930,396,1,3
1930,397,1,3
1930,398,1,3
1930,399,1,3
1930,400,1,3
1930,401,1,3
1930,402,1,3
1930,403,1,3
1930,404,1,3
1930,405,1,3
1930,406,1,3
1930,407,1,3
1930,408,1,3
1930,409,1,3
1930,410,1,3
1930,411,1,3
1930,412,1,3
1930,413,1,3
1930,414,1,3
1930,415,1,3
1930,416,1,3
1930,417,1,3
1930,418,1,3
1930,419,1,3
1930,420,1,3
1930,421,1,3
1930,422,1,3
1930,423,1,3
1930,424,1,3
1930,425,1,3
1930,426,1,3
1930,427,1,3
1930,428,1,3
1930,429,1,3
1930,430,1,2
1930,431,1,2
1930,432,1,2
1930,433,1,2
1930,434,1,2
1930,435,1,2
1930,436,1,2
1930,437,1,2
1930,438,1,2
1930,439,1,2
1930,440,1,2
1930,441,1,2
1930,442,1,2
1930,443,1,2
1930,444,1,2
1930,445,1,2
1930,446,1,2
1930,447,1,2
1930,448,1,2
1930,449,1,2
1930,450,1,2
1930,451,1,2
1930,452,1,2
1930,453,1,2
1930,454,1,2
1930,455,1,2
1930,456,1,2
1930,457,1,2
1930,458,1,2
1930,459,1,2
1930,460,1,2
1930,461,1,2
1930,462,1,2
1930,463,1,2
1930,464,1,2
1930,465,1,2
1930,466,1,2
1930,467,1,2
1930,468,1,2
1930,469,1,2
1930,470,1,2
1930,471,1,2
1930,472,1,2
1930,473,1,2
1930,474,1,2
1930,475,1,2
1930,476,1,2
1930,477,1,2
1930,478,1,2
1930,479,1,2
1930,480,1,2
1930,481,1,2
1930,482,1,2
1930,483,1,2
1930,484,1,2
1930,485,1,2
1930,486,1,2
1930,487,1,2
1930,488,1,2
1930,489,1,2
1930,490,1,2
1930,491,1,2
1930,492,1,2
1930,493,1,2
1930,494,1,2
1930,495,1,2
1930,496,1,2
1930,497,1,2
1930,498,1,2
1930,499,1,2
1930,500,1,2
1930,501,1,2
1930,502,1,2
1930,503,1,2
1930,504,1,2
1930,505,1,2
1930,506,1,3
1930,507,1,3
1930,508,1,3
1930,509,1,3
1930,510,1,3
1930,511,1,3
1930,512,1,3
1930,513,1,3
1930,514,1,3
1930,515,1,3
1930,516,1,3
1930,517,1,3
1930,518,1,3
1930,519,1,3
1930,520,1,3
1930,521,1,3
1930,522,1,3
1930,523,1,3
1930,524,1,3
1930,525,1,3
1930,526,1,3
1930,527,1,3
1930,528,1,3
1930,529,1,3
1930,530,1,3
1930,531,1,3
1930,532,1,3
1930,533,1,3
1930,534,1,3
1930,535,1,3
1930,536,1,3
1930,537,1,3
1930,538,1,3
1930,539,1,3
1930,540,1,3
1930,541,1,3
1930,542,1,3
1930,543,1,3
1930,544,1,3
1930,545,1,3
1930,546,1,3
1930,547,1,3
1930,548,1,2
1930,549,1,2
1930,550,1,2
1930,551,1,2
1930,552,1,2
1930,553,1,2
1930,554,1,2
1930,555,1,2
1930,556,1,2
1930,557,1,2
1930,558,1,2
1930,559,1,2
1930,560,1,2
1930,561,1,2
1930,562,1,2
1930,563,1,2
1930,564,1,2
1930,565,1,2
1930,566,1,2
1930,567,1,2
1930,568,1,2
1930,569,1,2
1930,570,1,2
1930,571,1,2
1930,572,1,2
1930,573,1,2
1930,574,1,2
1930,575,1,2
1930,576,1,2
1930,577,1,2
1930,578,1,2
1930,579,1,2
1930,580,1,2
1930,581,1,2
1930,582,1,2
1930,583,1,2
1930,584,1,2
1930,585,1,2
1930,586,1,2
1930,587,1,2
1930,588,1,2
1930,589,1,2
1930,590,1,2
1930,591,1,2
1930,592,1,2
1930,593,1,2
1930,594,1,2
1930,595,1,2
1930,596,1,2
1930,597,1,2
1930,598,1,2
1930,599,1,2
1930,600,1,2
1930,601,1,2
1930,602,1,2
1930,603,1,2
1930,604,1,2
1930,605,1,2
1930,606,1,2
1930,607,1,2
1930,608,1,2
1930,609,1,2
1930,610,1,2
1930,611,1,2
1930,612,1,2
1930,613,1,2
1930,614,1,2
1930,615,1,2
1930,616,1,2
1930,617,1,2
1930,618,1,2
1930,619,1,2
1930,620,1,2
1930,621,1,2
1930,622,1,2
1930,623,1,2
1930,624,1,2
1930,625,1,2
1930,626,1,2
1930,627,1,2
1930,628,1,2
1930,629,1,2
1930,630,1,2
1930,631,1,2
1930,632,1,2
1930,633,1,2
1930,634,1,2
1930,635,1,2
1930,636,1,2
1930,637,1,2
1930,638,1,2
1930,639,1,2
1930,640,1,2
1930,641,1,2
1930,642,1,2
1930,643,1,2
1930,644,1,2
1930,645,1,2
1930,646,1,2
1930,647,1,2
1930,648,1,2
1930,649,1,2
1930,650,1,2
1930,651,1,2
1930,652,1,2
1930,653,1,2
1931,110,1,2
1931,111,1,2
1931,112,1,2
1931,113,1,2
1931,114,1,3
1931,115,1,3
1931,116,1,3
1931,117,1,3
1931,118,1,3
1931,119,1,3
1931,120,1,3
1931,121,1,3
1931,122,1,3
1931,123,1,3
1931,124,1,3
1931,125,1,3
1931,126,1,3
1931,127,1,3
1931,128,1,3
1931,129,1,3
1931,130,1,3
1931,131,1,3
1931,132,1,3
1931,133,1,3
1931,134,1,3
1931,135,1,3
1931,136,1,3
1931,137,1,3
1931,138,1,3
1931,139,1,3
1931,140,1,3
1931,141,1,3
1931,142,1,2
1931,143,1,2
1931,144,1,2
1931,145,1,2
1931,146,1,2
1931,147,1,2
1931,148,1,2
1931,149,1,2
1931,150,1,2
1931,151,1,2
1931,152,1,2
1931,153,1,2
1931,154,1,2
1931,155,1,2
1931,156,1,2
1931,157,1,2
1931,158,1,2
1931,159,1,2
1931,160,1,2
1931,161,1,2
1931,162,1,2
1931,163,1,2
1931,164,1,2
1931,165,1,2
1931,166,1,2
1931,167,1,2
1931,168,1,2
1931,169,1,2
1931,170,1,2
1931,171,1,2
1931,172,1,2
1931,173,1,2
1931,174,1,2
1931,175,1,2
1931,176,1,2
1931,177,1,2
1931,178,1,2
1931,179,1,2
1931,180,1,2
1931,181,1,2
1931,182,1,2
1931,183,1,2
1931,184,1,2
1931,185,1,2
1931,186,1,2
1931,187,1,2
1931,188,1,2
1931,189,1,2
1931,190,1,2
1931,191,1,2
1931,192,1,2
1931,193,1,2
1931,194,1,2
1931,195,1,2
1931,196,1,2
1931,197,1,2
1931,198,1,2
1931,199,1,2
1931,200,1,2
1931,201,1,2
1931,202,1,2
1931,203,1,2
1931,204,1,2
1931,205,1,2
1931,206,1,2
1931,207,1,2
1931,208,1,2
1931,209,1,2
1931,210,1,2
1931,211,1,2
1931,212,1,2
1931,213,1,2
1931,214,1,2
1931,215,1,2
1931,216,1,2
1931,217,1,2
1931,218,1,2
1931,219,1,2
1931,220,1,2
1931,221,1,2
1931,222,1,2
1931,223,1,2
1931,224,1,2
1931,225,1,2
1931,226,1,2
1931,227,1,2
1931,228,1,2
1931,229,1,2
1931,230,1,2
1931,231,1,2
1931,232,1,2
1931,233,1,2
1931,234,1,2
1931,235,1,2
1931,236,1,2
1931,237,1,2
1931,238,1,2
1931,239,1,2
1931,240,1,2
1931,241,1,2
1931,242,1,2
1931,243,1,2
1931,244,1,2
1931,245,1,2
1931,246,1,2
1931,247,1,2
1931,248,1,2
1931,249,1,2
1931,250,1,2
1931,251,1,2
1931,252,1,2
1931,253,1,2
1931,254,1,2
1931,255,1,2
1931,256,1,2
1931,257,1,2
1931,258,1,2
1931,259,1,2
1931,260,1,2
1931,261,1,2
1931,262,1,2
1931,263,1,2
1931,264,1,2
1931,265,1,2
1931,266,1,2
1931,267,1,2
1931,268,1,2
1931,269,1,2
1931,270,1,2
1931,271,1,2
1931,272,1,2
1931,273,1,2
1931,274,1,2
1931,275,1,2
1931,276,1,2
1931,277,1,2
1931,278,1,2
1931,279,1,2
1931,280,1,2
1931,281,1,2
1931,282,1,2
1931,283,1,2
1931,284,1,2
1931,285,1,2
1931,286,1,2
1931,287,1,2
1931,288,1,2
1931,289,1,2
1931,290,1,2
1931,291,1,2
1931,292,1,2
1931,293,1,2
1931,294,1,2
1931,295,1,2
1931,296,1,2
1931,297,1,2
1931,298,1,2
1931,299,1,2
1931,300,1,2
1931,301,1,2
1931,302,1,2
1931,303,1,2
1931,304,1,2
1931,305,1,2
1931,306,1,2
1931,307,1,2
1931,308,1,2
1931,309,1,2
1931,310,1,2
1931,311,1,2
1931,312,1,2
1931,313,1,2
1931,314,1,2
1931,315,1,2
1931,316,1,2
1931,317,1,2
1931,318,1,2
1931,319,1,2
1931,320,1,2
1931,321,1,2
1931,322,1,2
1931,323,1,2
1931,324,1,2
1931,325,1,2
1931,326,1,2
1931,327,1,2
1931,328,1,2
1931,329,1,2
1931,330,1,2
1931,331,1,2
1931,332,1,2
1931,333,1,2
1931,334,1,2
1931,335,1,2
1931,336,1,2
1931,337,1,2
1931,338,1,2
1931,339,1,2
1931,340,1,2
1931,341,1,2
1931,342,1,2
1931,343,1,2
1931,344,1,2
1931,345,1,2
1931,346,1,2
1931,347,1,2
1931,348,1,2
1931,349,1,2
1931,350,1,2
1931,351,1,2
1931,352,1,3
1931,353,1,3
1931,354,1,3
1931,355,1,3
1931,356,1,3
1931,357,1,3
1931,358,1,3
1931,359,1,3
1931,360,1,3
1931,361,1,3
1931,362,1,3
1931,363,1,3
1931,364,1,3
1931,365,1,3
1931,366,1,3
1931,367,1,3
1931,368,1,3
1931,369,1,3
1931,370,1,3
1931,371,1,3
1931,372,1,3
1931,373,1,3
1931,374,1,3
1931,375,1,3
1931,376,1,3
1931,377,1,3
1931,378,1,3
1931,379,1,3
1931,380,1,3
1931,381,1,3
1931,382,1,3
1931,383,1,3
1931,384,1,3
1931,385,1,3
1931,386,1,3
1931,387,1,3
1931,388,1,3
1931,389,1,3
1931,390,1,3
1931,391,1,3
1931,392,1,3
1931,393,1,3
1931,394,1,3
1931,395,1,3
1931,396,1,3
1931,397,1,3
1931,398,1,3
1931,399,1,3
1931,400,1,3
1931,401,1,3
1931,402,1,3
1931,403,1,3
1931,404,1,3
1931,405,1,3
1931,406,1,3
1931,407,1,3
1931,408,1,3
1931,409,1,3
1931,410,1,3
1931,411,1,3
1931,412,1,3
1931,413,1,3
1931,414,1,3
1931,415,1,3
1931,416,1,3
1931,417,1,3
1931,418,1,3
1931,419,1,3
1931,420,1,3
1931,421,1,3
1931,422,1,3
1931,423,1,3
1931,424,1,3
1931,425,1,3
1931,426,1,3
1931,427,1,3
1931,428,1,3
1931,429,1,3
1931,430,1,2
1931,431,1,2
1931,432,1,2
1931,433,1,2
1931,434,1,2
1931,435,1,2
1931,436,1,2
1931,437,1,2
1931,438,1,2
1931,439,1,2
1931,440,1,2
1931,441,1,2
1931,442,1,2
1931,443,1,2
1931,444,1,2
1931,445,1,2
1931,446,1,2
1931,447,1,2
1931,448,1,2
1931,449,1,2
1931,450,1,2
1931,451,1,2
1931,452,1,2
1931,453,1,2
1931,454,1,2
1931,455,1,2
1931,456,1,2
1931,457,1,2
1931,458,1,2
1931,459,1,2
1931,460,1,2
1931,461,1,2
1931,462,1,2
1931,463,1,2
1931,464,1,2
1931,465,1,2
1931,466,1,2
1931,467,1,2
1931,468,1,2
1931,469,1,2
1931,470,1,2
1931,471,1,2
1931,472,1,2
1931,473,1,2
1931,474,1,2
1931,475,1,2
1931,476,1,2
1931,477,1,2
1931,478,1,2
1931,479,1,2
1931,480,1,2
1931,481,1,2
1931,482,1,2
1931,483,1,2
1931,484,1,2
1931,485,1,2
1931,486,1,2
1931,487,1,2
1931,488,1,2
1931,489,1,2
1931,490,1,2
1931,491,1,2
1931,492,1,2
1931,493,1,2
1931,494,1,2
1931,495,1,2
1931,496,1,2
1931,497,1,2
1931,498,1,2
1931,499,1,2
1931,500,1,2
1931,501,1,2
1931,502,1,2
1931,503,1,2
1931,504,1,2
1931,505,1,3
1931,506,1,3
1931,507,1,3
1931,508,1,3
1931,509,1,3
1931,510,1,3
1931,511,1,3
1931,512,1,3
1931,513,1,3
1931,514,1,3
1931,515,1,3
1931,516,1,3
1931,517,1,3
1931,518,1,3
1931,519,1,3
1931,520,1,3
1931,521,1,3
1931,522,1,3
1931,523,1,3
1931,524,1,3
1931,525,1,3
1931,526,1,3
1931,527,1,3
1931,528,1,3
1931,529,1,3
1931,530,1,3
1931,531,1,3
1931,532,1,3
1931,533,1,3
1931,534,1,3
1931,535,1,3
1931,536,1,3
1931,537,1,3
1931,538,1,3
1931,539,1,3
1931,540,1,3
1931,541,1,3
1931,542,1,3
1931,543,1,3
1931,544,1,3
1931,545,1,3
1931,546,1,3
1931,547,1,3
1931,548,1,3
1931,549,1,2
1931,550,1,2
1931,551,1,2
1931,552,1,2
1931,553,1,2
1931,554,1,2
1931,555,1,2
1931,556,1,2
1931,557,1,2
1931,558,1,2
1931,559,1,2
1931,560,1,2
1931,561,1,2
1931,562,1,2
1931,563,1,2
1931,564,1,2
1931,565,1,2
1931,566,1,2
1931,567,1,2
1931,568,1,2
1931,569,1,2
1931,570,1,2
1931,571,1,2
1931,572,1,2
1931,573,1,2
1931,574,1,2
1931,575,1,2
1931,576,1,2
1931,577,1,2
1931,578,1,2
1931,579,1,2
1931,580,1,2
1931,581,1,2
1931,582,1,2
1931,583,1,2
1931,584,1,2
1931,585,1,2
1931,586,1,2
1931,587,1,2
1931,588,1,2
1931,589,1,2
1931,590,1,2
1931,591,1,2
1931,592,1,2
1931,593,1,2
1931,594,1,2
1931,595,1,2
1931,596,1,2
1931,597,1,2
1931,598,1,2
1931,599,1,2
1931,600,1,2
1931,601,1,2
1931,602,1,2
1931,603,1,2
1931,604,1,2
1931,605,1,2
1931,606,1,2
1931,607,1,2
1931,608,1,2
1931,609,1,2
1931,610,1,2
1931,611,1,2
1931,612,1,2
1931,613,1,2
1931,614,1,2
1931,615,1,2
1931,616,1,2
1931,617,1,2
1931,618,1,2
1931,619,1,2
1931,620,1,2
1931,621,1,2
1931,622,1,2
1931,623,1,2
1931,624,1,2
1931,625,1,2
1931,626,1,2
1931,627,1,2
1931,628,1,2
1931,629,1,2
1931,630,1,2
1931,631,1,2
1931,632,1,2
1931,633,1,2
1931,634,1,2
1931,635,1,2
1931,636,1,2
1931,637,1,2
1931,638,1,2
1931,639,1,2
1931,640,1,2
1931,641,1,2
1931,642,1,2
1931,643,1,2
1931,644,1,2
1931,645,1,2
1931,646,1,2
1931,647,1,2
1931,648,1,2
1931,649,1,2
1931,650,1,2
1931,651,1,2
1931,652,1,2
1931,653,1,2
1932,110,1,2
1932,111,1,2
1932,112,1,2
1932,113,1,2
1932,114,1,3
1932,115,1,3
1932,116,1,3
1932,117,1,3
1932,118,1,3
1932,119,1,3
1932,120,1,3
1932,121,1,3
1932,122,1,3
1932,123,1,3
1932,124,1,3
1932,125,1,3
1932,126,1,3
1932,127,1,3
1932,128,1,3
1932,129,1,3
1932,130,1,3
1932,131,1,3
1932,132,1,3
1932,133,1,3
1932,134,1,3
1932,135,1,3
1932,136,1,3
1932,137,1,3
1932,138,1,3
1932,139,1,3
1932,140,1,3
1932,141,1,3
1932,142,1,3
1932,143,1,2
1932,144,1,2
1932,145,1,2
1932,146,1,2
1932,147,1,2
1932,148,1,2
1932,149,1,2
1932,150,1,2
1932,151,1,2
1932,152,1,2
1932,153,1,2
1932,154,1,2
1932,155,1,2
1932,156,1,2
1932,157,1,2
1932,158,1,2
1932,159,1,2
1932,160,1,2
1932,161,1,2
1932,162,1,2
1932,163,1,2
1932,164,1,2
1932,165,1,2
1932,166,1,2
1932,167,1,2
1932,168,1,2
1932,169,1,2
1932,170,1,2
1932,171,1,2
1932,172,1,2
1932,173,1,2
1932,174,1,2
1932,175,1,2
1932,176,1,2
1932,177,1,2
1932,178,1,2
1932,179,1,2
1932,180,1,2
1932,181,1,2
1932,182,1,2
1932,183,1,2
1932,184,1,2
1932,185,1,2
1932,186,1,2
1932,187,1,2
1932,188,1,2
1932,189,1,2
1932,190,1,2
1932,191,1,2
1932,192,1,2
1932,193,1,2
1932,194,1,2
1932,195,1,2
1932,196,1,2
1932,197,1,2
1932,198,1,2
1932,199,1,2
1932,200,1,2
1932,201,1,2
1932,202,1,2
1932,203,1,2
1932,204,1,2
1932,205,1,2
1932,206,1,2
1932,207,1,2
1932,208,1,2
1932,209,1,2
1932,210,1,2
1932,211,1,2
1932,212,1,2
1932,213,1,2
1932,214,1,2
1932,215,1,2
1932,216,1,2
1932,217,1,2
1932,218,1,2
1932,219,1,2
1932,220,1,2
1932,221,1,2
1932,222,1,2
1932,223,1,2
1932,224,1,2
1932,225,1,2
1932,226,1,2
1932,227,1,2
1932,228,1,2
1932,229,1,2
1932,230,1,2
1932,231,1,2
1932,232,1,2
1932,233,1,2
1932,234,1,2
1932,235,1,2
1932,236,1,2
1932,237,1,2
1932,238,1,2
1932,239,1,2
1932,240,1,2
1932,241,1,2
1932,242,1,2
1932,243,1,2
1932,244,1,2
1932,245,1,2
1932,246,1,2
1932,247,1,2
1932,248,1,2
1932,249,1,2
1932,250,1,2
1932,251,1,2
1932,252,1,2
1932,253,1,2
1932,254,1,2
1932,255,1,2
1932,256,1,2
1932,257,1,2
1932,258,1,2
1932,259,1,2
1932,260,1,2
1932,261,1,2
1932,262,1,2
1932,263,1,2
1932,264,1,2
1932,265,1,2
1932,266,1,2
1932,267,1,2
1932,268,1,2
1932,269,1,2
1932,270,1,2
1932,271,1,2
1932,272,1,2
1932,273,1,2
1932,274,1,2
1932,275,1,2
1932,276,1,2
1932,277,1,2
1932,278,1,2
1932,279,1,2
1932,280,1,2
1932,281,1,2
1932,282,1,2
1932,283,1,2
1932,284,1,2
1932,285,1,2
1932,286,1,2
1932,287,1,2
1932,288,1,2
1932,289,1,2
1932,290,1,2
1932,291,1,2
1932,292,1,2
1932,293,1,2
1932,294,1,2
1932,295,1,2
1932,296,1,2
1932,297,1,2
1932,298,1,2
1932,299,1,2
1932,300,1,2
1932,301,1,2
1932,302,1,2
1932,303,1,2
1932,304,1,2
1932,305,1,2
1932,306,1,2
1932,307,1,2
1932,308,1,2
1932,309,1,2
1932,310,1,2
1932,311,1,2
1932,312,1,2
1932,313,1,2
1932,314,1,2
1932,315,1,2
1932,316,1,2
1932,317,1,2
1932,318,1,2
1932,319,1,2
1932,320,1,2
1932,321,1,2
1932,322,1,2
1932,323,1,2
1932,324,1,2
1932,325,1,2
1932,326,1,2
1932,327,1,2
1932,328,1,2
1932,329,1,2
1932,330,1,2
1932,331,1,2
1932,332,1,2
1932,333,1,2
1932,334,1,2
1932,335,1,2
1932,336,1,2
1932,337,1,2
1932,338,1,2
1932,339,1,2
1932,340,1,2
1932,341,1,2
1932,342,1,2
1932,343,1,2
1932,344,1,2
1932,345,1,2
1932,346,1,2
1932,347,1,2
1932,348,1,2
1932,349,1,2
1932,350,1,2
1932,351,1,3
1932,352,1,3
1932,353,1,3
1932,354,1,3
1932,355,1,3
1932,356,1,3
1932,357,1,3
1932,358,1,3
1932,359,1,3
1932,360,1,3
1932,361,1,3
1932,362,1,3
1932,363,1,3
1932,364,1,3
1932,365,1,3
1932,366,1,3
1932,367,1,3
1932,368,1,3
1932,369,1,3
1932,370,1,3
1932,371,1,3
1932,372,1,3
1932,373,1,3
1932,374,1,3
1932,375,1,3
1932,376,1,3
1932,377,1,3
1932,378,1,3
1932,379,1,3
1932,380,1,3
1932,381,1,3
1932,382,1,3
1932,383,1,3
1932,384,1,3
1932,385,1,3
1932,386,1,3
1932,387,1,3
1932,388,1,3
1932,389,1,3
1932,390,1,3
1932,391,1,3
1932,392,1,3
1932,393,1,3
1932,394,1,3
1932,395,1,3
1932,396,1,3
1932,397,1,3
1932,398,1,3
1932,399,1,3
1932,400,1,3
1932,401,1,3
1932,402,1,3
1932,403,1,3
1932,404,1,3
1932,405,1,3
1932,406,1,3
1932,407,1,3
1932,408,1,3
1932,409,1,3
1932,410,1,3
1932,411,1,3
1932,412,1,3
1932,413,1,3
1932,414,1,3
1932,415,1,3
1932,416,1,3
1932,417,1,3
1932,418,1,3
1932,419,1,3
1932,420,1,3
1932,421,1,3
1932,422,1,3
1932,423,1,3
1932,424,1,3
1932,425,1,3
1932,426,1,3
1932,427,1,3
1932,428,1,3
1932,429,1,3
1932,430,1,2
1932,431,1,2
1932,432,1,2
1932,433,1,2
1932,434,1,2
1932,435,1,2
1932,436,1,2
1932,437,1,2
1932,438,1,2
1932,439,1,2
1932,440,1,2
1932,441,1,2
1932,442,1,2
1932,443,1,2
1932,444,1,2
1932,445,1,2
1932,446,1,2
1932,447,1,2
1932,448,1,2
1932,449,1,2
1932,450,1,2
1932,451,1,2
1932,452,1,2
1932,453,1,2
1932,454,1,2
1932,455,1,2
1932,456,1,2
1932,457,1,2
1932,458,1,2
1932,459,1,2
1932,460,1,2
1932,461,1,2
1932,462,1,2
1932,463,1,2
1932,464,1,2
1932,465,1,2
1932,466,1,2
1932,467,1,2
1932,468,1,2
1932,469,1,2
1932,470,1,2
1932,471,1,2
1932,472,1,2
1932,473,1,2
1932,474,1,2
1932,475,1,2
1932,476,1,2
1932,477,1,2
1932,478,1,2
1932,479,1,2
1932,480,1,2
1932,481,1,2
1932,482,1,2
1932,483,1,2
1932,484,1,2
1932,485,1,2
1932,486,1,2
1932,487,1,2
1932,488,1,2
1932,489,1,2
1932,490,1,2
1932,491,1,2
1932,492,1,2
1932,493,1,2
1932,494,1,2
1932,495,1,2
1932,496,1,2
1932,497,1,2
1932,498,1,2
1932,499,1,2
1932,500,1,2
1932,501,1,2
1932,502,1,2
1932,503,1,2
1932,504,1,3
1932,505,1,3
1932,506,1,3
1932,507,1,3
1932,508,1,3
1932,509,1,3
1932,510,1,3
1932,511,1,3
1932,512,1,3
1932,513,1,3
1932,514,1,3
1932,515,1,3
1932,516,1,3
1932,517,1,3
1932,518,1,3
1932,519,1,3
1932,520,1,3
1932,521,1,3
1932,522,1,3
1932,523,1,3
1932,524,1,3
1932,525,1,3
1932,526,1,3
1932,527,1,3
1932,528,1,3
1932,529,1,3
1932,530,1,3
1932,531,1,3
1932,532,1,3
1932,533,1,3
1932,534,1,3
1932,535,1,3
1932,536,1,3
1932,537,1,3
1932,538,1,3
1932,539,1,3
1932,540,1,3
1932,541,1,3
1932,542,1,3
1932,543,1,3
1932,544,1,3
1932,545,1,3
1932,546,1,3
1932,547,1,3
1932,548,1,3
1932,549,1,2
1932,550,1,2
1932,551,1,2
1932,552,1,2
1932,553,1,2
1932,554,1,2
1932,555,1,2
1932,556,1,2
1932,557,1,2
1932,558,1,2
1932,559,1,2
1932,560,1,2
1932,561,1,2
1932,562,1,2
1932,563,1,2
1932,564,1,2
1932,565,1,2
1932,566,1,2
1932,567,1,2
1932,568,1,2
1932,569,1,2
1932,570,1,2
1932,571,1,2
1932,572,1,2
1932,573,1,2
1932,574,1,2
1932,575,1,2
1932,576,1,2
1932,577,1,2
1932,578,1,2
1932,579,1,2
1932,580,1,2
1932,581,1,2
1932,582,1,2
1932,583,1,2
1932,584,1,2
1932,585,1,2
1932,586,1,2
1932,587,1,2
1932,588,1,2
1932,589,1,2
1932,590,1,2
1932,591,1,2
1932,592,1,2
1932,593,1,2
1932,594,1,2
1932,595,1,2
1932,596,1,2
1932,597,1,2
1932,598,1,2
1932,599,1,2
1932,600,1,2
1932,601,1,2
1932,602,1,2
1932,603,1,2
1932,604,1,2
1932,605,1,2
1932,606,1,2
1932,607,1,2
1932,608,1,2
1932,609,1,2
1932,610,1,2
1932,611,1,2
1932,612,1,2
1932,613,1,2
1932,614,1,2
1932,615,1,2
1932,616,1,2
1932,617,1,2
1932,618,1,2
1932,619,1,2
1932,620,1,2
1932,621,1,2
1932,622,1,2
1932,623,1,2
1932,624,1,2
1932,625,1,2
1932,626,1,2
1932,627,1,2
1932,628,1,2
1932,629,1,2
1932,630,1,2
1932,631,1,2
1932,632,1,2
1932,633,1,2
1932,634,1,2
1932,635,1,2
1932,636,1,2
1932,637,1,2
1932,638,1,2
1932,639,1,2
1932,640,1,2
1932,641,1,2
1932,642,1,2
1932,643,1,2
1932,644,1,2
1932,645,1,2
1932,646,1,2
1932,647,1,2
1932,648,1,2
1932,649,1,2
1932,650,1,2
1932,651,1,2
1932,652,1,2
1932,653,1,2
1933,110,1,2
1933,111,1,2
1933,112,1,2
1933,113,1,3
1933,114,1,3
1933,115,1,3
1933,116,1,3
1933,117,1,3
1933,118,1,3
1933,119,1,3
1933,120,1,3
1933,121,1,3
1933,122,1,3
1933,123,1,3
1933,124,1,3
1933,125,1,3
1933,126,1,3
1933,127,1,3
1933,128,1,3
1933,129,1,3
1933,130,1,3
1933,131,1,3
1933,132,1,3
1933,133,1,3
1933,134,1,3
1933,135,1,3
1933,136,1,3
1933,137,1,3
1933,138,1,3
1933,139,1,3
1933,140,1,3
1933,141,1,3
1933,142,1,3
1933,143,1,3
1933,144,1,3
1933,145,1,3
1933,146,1,3
1933,147,1,2
1933,148,1,2
1933,149,1,2
1933,150,1,2
1933,151,1,2
1933,152,1,2
1933,153,1,2
1933,154,1,2
1933,155,1,2
1933,156,1,2
1933,157,1,2
1933,158,1,2
1933,159,1,2
1933,160,1,2
1933,161,1,2
1933,162,1,2
1933,163,1,2
1933,164,1,2
1933,165,1,2
1933,166,1,2
1933,167,1,2
1933,168,1,2
1933,169,1,2
1933,170,1,2
1933,171,1,2
1933,172,1,2
1933,173,1,2
1933,174,1,2
1933,175,1,2
1933,176,1,2
1933,177,1,2
1933,178,1,2
1933,179,1,2
1933,180,1,2
1933,181,1,2
1933,182,1,2
1933,183,1,2
1933,184,1,2
1933,185,1,2
1933,186,1,2
1933,187,1,2
1933,188,1,2
1933,189,1,2
1933,190,1,2
1933,191,1,2
1933,192,1,2
1933,193,1,2
1933,194,1,2
1933,195,1,2
1933,196,1,2
1933,197,1,2
1933,198,1,2
1933,199,1,2
1933,200,1,2
1933,201,1,2
1933,202,1,2
1933,203,1,2
1933,204,1,2
1933,205,1,2
1933,206,1,2
1933,207,1,2
1933,208,1,2
1933,209,1,2
1933,210,1,2
1933,211,1,2
1933,212,1,2
1933,213,1,2
1933,214,1,2
1933,215,1,2
1933,216,1,2
1933,217,1,2
1933,218,1,2
1933,219,1,2
1933,220,1,2
1933,221,1,2
1933,222,1,2
1933,223,1,2
1933,224,1,2
1933,225,1,2
1933,226,1,2
1933,227,1,2
1933,228,1,2
1933,229,1,2
1933,230,1,2
1933,231,1,2
1933,232,1,2
1933,233,1,2
1933,234,1,2
1933,235,1,2
1933,236,1,2
1933,237,1,2
1933,238,1,2
1933,239,1,2
1933,240,1,2
1933,241,1,2
1933,242,1,2
1933,243,1,2
1933,244,1,2
1933,245,1,2
1933,246,1,2
1933,247,1,2
1933,248,1,2
1933,249,1,2
1933,250,1,2
1933,251,1,2
1933,252,1,2
1933,253,1,2
1933,254,1,2
1933,255,1,2
1933,256,1,2
1933,257,1,2
1933,258,1,2
1933,259,1,2
1933,260,1,2
1933,261,1,2
1933,262,1,2
1933,263,1,2
1933,264,1,2
1933,265,1,2
1933,266,1,2
1933,267,1,2
1933,268,1,2
1933,269,1,2
1933,270,1,2
1933,271,1,2
1933,272,1,2
1933,273,1,2
1933,274,1,2
1933,275,1,2
1933,276,1,2
1933,277,1,2
1933,278,1,2
1933,279,1,2
1933,280,1,2
1933,281,1,2
1933,282,1,2
1933,283,1,2
1933,284,1,2
1933,285,1,2
1933,286,1,2
1933,287,1,2
1933,288,1,2
1933,289,1,2
1933,290,1,2
1933,291,1,2
1933,292,1,2
1933,293,1,2
1933,294,1,2
1933,295,1,2
1933,296,1,2
1933,297,1,2
1933,298,1,2
1933,299,1,2
1933,300,1,2
1933,301,1,2
1933,302,1,2
1933,303,1,2
1933,304,1,2
1933,305,1,2
1933,306,1,2
1933,307,1,2
1933,308,1,2
1933,309,1,2
1933,310,1,2
1933,311,1,2
1933,312,1,2
1933,313,1,2
1933,314,1,2
1933,315,1,2
1933,316,1,2
1933,317,1,2
1933,318,1,2
1933,319,1,2
1933,320,1,2
1933,321,1,2
1933,322,1,2
1933,323,1,2
1933,324,1,2
1933,325,1,2
1933,326,1,2
1933,327,1,2
1933,328,1,2
1933,329,1,2
1933,330,1,2
1933,331,1,2
1933,332,1,2
1933,333,1,2
1933,334,1,2
1933,335,1,2
1933,336,1,2
1933,337,1,2
1933,338,1,2
1933,339,1,2
1933,340,1,2
1933,341,1,2
1933,342,1,2
1933,343,1,2
1933,344,1,2
1933,345,1,2
1933,346,1,2
1933,347,1,2
1933,348,1,2
1933,349,1,2
1933,350,1,3
1933,351,1,3
1933,352,1,3
1933,353,1,3
1933,354,1,3
1933,355,1,3
1933,356,1,3
1933,357,1,3
1933,358,1,3
1933,359,1,3
1933,360,1,3
1933,361,1,3
1933,362,1,3
1933,363,1,3
1933,364,1,3
1933,365,1,3
1933,366,1,3
1933,367,1,3
1933,368,1,3
1933,369,1,3
1933,370,1,3
1933,371,1,3
1933,372,1,3
1933,373,1,3
1933,374,1,3
1933,375,1,3
1933,376,1,3
1933,377,1,3
1933,378,1,3
1933,379,1,3
1933,380,1,3
1933,381,1,3
1933,382,1,3
1933,383,1,3
1933,384,1,3
1933,385,1,3
1933,386,1,3
1933,387,1,3
1933,388,1,3
1933,389,1,3
1933,390,1,3
1933,391,1,3
1933,392,1,3
1933,393,1,3
1933,394,1,3
1933,395,1,3
1933,396,1,3
1933,397,1,3
1933,398,1,3
1933,399,1,3
1933,400,1,3
1933,401,1,3
1933,402,1,3
1933,403,1,3
1933,404,1,3
1933,405,1,3
1933,406,1,3
1933,407,1,3
1933,408,1,3
1933,409,1,3
1933,410,1,3
1933,411,1,3
1933,412,1,3
1933,413,1,3
1933,414,1,3
1933,415,1,3
1933,416,1,3
1933,417,1,3
1933,418,1,3
1933,419,1,3
1933,420,1,3
1933,421,1,3
1933,422,1,3
1933,423,1,3
1933,424,1,3
1933,425,1,3
1933,426,1,3
1933,427,1,3
1933,428,1,3
1933,429,1,3
1933,430,1,3
1933,431,1,2
1933,432,1,2
1933,433,1,2
1933,434,1,2
1933,435,1,2
1933,436,1,2
1933,437,1,2
1933,438,1,2
1933,439,1,2
1933,440,1,2
1933,441,1,2
1933,442,1,2
1933,443,1,2
1933,444,1,2
1933,445,1,2
1933,446,1,2
1933,447,1,2
1933,448,1,2
1933,449,1,2
1933,450,1,2
1933,451,1,2
1933,452,1,2
1933,453,1,2
1933,454,1,2
1933,455,1,2
1933,456,1,2
1933,457,1,2
1933,458,1,2
1933,459,1,2
1933,460,1,2
1933,461,1,2
1933,462,1,2
1933,463,1,2
1933,464,1,2
1933,465,1,2
1933,466,1,2
1933,467,1,2
1933,468,1,2
1933,469,1,2
1933,470,1,2
1933,471,1,2
1933,472,1,2
1933,473,1,2
1933,474,1,2
1933,475,1,2
1933,476,1,2
1933,477,1,2
1933,478,1,2
1933,479,1,2
1933,480,1,2
1933,481,1,2
1933,482,1,2
1933,483,1,2
1933,484,1,2
1933,485,1,2
1933,486,1,2
1933,487,1,2
1933,488,1,2
1933,489,1,2
1933,490,1,2
1933,491,1,2
1933,492,1,2
1933,493,1,2
1933,494,1,2
1933,495,1,2
1933,496,1,2
1933,497,1,2
1933,498,1,2
1933,499,1,2
1933,500,1,2
1933,501,1,2
1933,502,1,2
1933,503,1,3
1933,504,1,3
1933,505,1,3
1933,506,1,3
1933,507,1,3
1933,508,1,3
1933,509,1,3
1933,510,1,3
1933,511,1,3
1933,512,1,3
1933,513,1,3
1933,514,1,3
1933,515,1,3
1933,516,1,3
1933,517,1,3
1933,518,1,3
1933,519,1,3
1933,520,1,3
1933,521,1,3
1933,522,1,3
1933,523,1,3
1933,524,1,3
1933,525,1,3
1933,526,1,3
1933,527,1,3
1933,528,1,3
1933,529,1,3
1933,530,1,3
1933,531,1,3
1933,532,1,3
1933,533,1,3
1933,534,1,3
1933,535,1,3
1933,536,1,3
1933,537,1,3
1933,538,1,3
1933,539,1,3
1933,540,1,3
1933,541,1,3
1933,542,1,3
1933,543,1,3
1933,544,1,3
1933,545,1,3
1933,546,1,3
1933,547,1,3
1933,548,1,3
1933,549,1,2
1933,550,1,2
1933,551,1,2
1933,552,1,2
1933,553,1,2
1933,554,1,2
1933,555,1,2
1933,556,1,2
1933,557,1,2
1933,558,1,2
1933,559,1,2
1933,560,1,2
1933,561,1,2
1933,562,1,2
1933,563,1,2
1933,564,1,2
1933,565,1,2
1933,566,1,2
1933,567,1,2
1933,568,1,2
1933,569,1,2
1933,570,1,2
1933,571,1,2
1933,572,1,2
1933,573,1,2
1933,574,1,2
1933,575,1,2
1933,576,1,2
1933,577,1,2
1933,578,1,2
1933,579,1,2
1933,580,1,2
1933,581,1,2
1933,582,1,2
1933,583,1,2
1933,584,1,2
1933,585,1,2
1933,586,1,2
1933,587,1,2
1933,588,1,2
1933,589,1,2
1933,590,1,2
1933,591,1,2
1933,592,1,2
1933,593,1,2
1933,594,1,2
1933,595,1,2
1933,596,1,2
1933,597,1,2
1933,598,1,2
1933,599,1,2
1933,600,1,2
1933,601,1,2
1933,602,1,2
1933,603,1,2
1933,604,1,2
1933,605,1,2
1933,606,1,2
1933,607,1,2
1933,608,1,2
1933,609,1,2
1933,610,1,2
1933,611,1,2
1933,612,1,2
1933,613,1,2
1933,614,1,2
1933,615,1,2
1933,616,1,2
1933,617,1,2
1933,618,1,2
1933,619,1,2
1933,620,1,2
1933,621,1,2
1933,622,1,2
1933,623,1,2
1933,624,1,2
1933,625,1,2
1933,626,1,2
1933,627,1,2
1933,628,1,2
1933,629,1,2
1933,630,1,2
1933,631,1,2
1933,632,1,2
1933,633,1,2
1933,634,1,2
1933,635,1,2
1933,636,1,2
1933,637,1,2
1933,638,1,2
1933,639,1,2
1933,640,1,2
1933,641,1,2
1933,642,1,2
1933,643,1,2
1933,644,1,2
1933,645,1,2
1933,646,1,2
1933,647,1,2
1933,648,1,2
1933,649,1,2
1933,650,1,2
1933,651,1,2
1933,652,1,2
1933,653,1,2
1934,110,1,2
1934,111,1,2
1934,112,1,2
1934,113,1,3
1934,114,1,3
1934,115,1,3
1934,116,1,3
1934,117,1,3
1934,118,1,3
1934,119,1,3
1934,120,1,3
1934,121,1,3
1934,122,1,3
1934,123,1,3
1934,124,1,3
1934,125,1,3
1934,126,1,3
1934,127,1,3
1934,128,1,3
1934,129,1,3
1934,130,1,3
1934,131,1,3
1934,132,1,3
1934,133,1,3
1934,134,1,3
1934,135,1,3
1934,136,1,3
1934,137,1,3
1934,138,1,3
1934,139,1,3
1934,140,1,3
1934,141,1,3
1934,142,1,3
1934,143,1,3
1934,144,1,3
1934,145,1,3
1934,146,1,3
1934,147,1,3
1934,148,1,3
1934,149,1,2
1934,150,1,2
1934,151,1,2
1934,152,1,2
1934,153,1,2
1934,154,1,2
1934,155,1,2
1934,156,1,2
1934,157,1,2
1934,158,1,2
1934,159,1,2
1934,160,1,2
1934,161,1,2
1934,162,1,2
1934,163,1,2
1934,164,1,2
1934,165,1,2
1934,166,1,2
1934,167,1,2
1934,168,1,2
1934,169,1,2
1934,170,1,2
1934,171,1,2
1934,172,1,2
1934,173,1,2
1934,174,1,2
1934,175,1,2
1934,176,1,2
1934,177,1,2
1934,178,1,2
1934,179,1,2
1934,180,1,2
1934,181,1,2
1934,182,1,2
1934,183,1,2
1934,184,1,2
1934,185,1,2
1934,186,1,2
1934,187,1,2
1934,188,1,2
1934,189,1,2
1934,190,1,2
1934,191,1,2
1934,192,1,2
1934,193,1,2
1934,194,1,2
1934,195,1,2
1934,196,1,2
1934,197,1,2
1934,198,1,2
1934,199,1,2
1934,200,1,2
1934,201,1,2
1934,202,1,2
1934,203,1,2
1934,204,1,2
1934,205,1,2
1934,206,1,2
1934,207,1,2
1934,208,1,2
1934,209,1,2
1934,210,1,2
1934,211,1,2
1934,212,1,2
1934,213,1,2
1934,214,1,2
1934,215,1,2
1934,216,1,2
1934,217,1,2
1934,218,1,2
1934,219,1,2
1934,220,1,2
1934,221,1,2
1934,222,1,2
1934,223,1,2
1934,224,1,2
1934,225,1,2
1934,226,1,2
1934,227,1,2
1934,228,1,2
1934,229,1,2
1934,230,1,2
1934,231,1,2
1934,232,1,2
1934,233,1,2
1934,234,1,2
1934,235,1,2
1934,236,1,2
1934,237,1,2
1934,238,1,2
1934,239,1,2
1934,240,1,2
1934,241,1,2
1934,242,1,2
1934,243,1,2
1934,244,1,2
1934,245,1,2
1934,246,1,2
1934,247,1,2
1934,248,1,2
1934,249,1,2
1934,250,1,2
1934,251,1,2
1934,252,1,2
1934,253,1,2
1934,254,1,2
1934,255,1,2
1934,256,1,2
1934,257,1,2
1934,258,1,2
1934,259,1,2
1934,260,1,2
1934,261,1,2
1934,262,1,2
1934,263,1,2
1934,264,1,2
1934,265,1,2
1934,266,1,2
1934,267,1,2
1934,268,1,2
1934,269,1,2
1934,270,1,2
1934,271,1,2
1934,272,1,2
1934,273,1,2
1934,274,1,2
1934,275,1,2
1934,276,1,2
1934,277,1,2
1934,278,1,2
1934,279,1,2
1934,280,1,2
1934,281,1,2
1934,282,1,2
1934,283,1,2
1934,284,1,2
1934,285,1,2
1934,286,1,2
1934,287,1,2
1934,288,1,2
1934,289,1,2
1934,290,1,2
1934,291,1,2
1934,292,1,2
1934,293,1,2
1934,294,1,2
1934,295,1,2
1934,296,1,2
1934,297,1,2
1934,298,1,2
1934,299,1,2
1934,300,1,2
1934,301,1,2
1934,302,1,2
1934,303,1,2
1934,304,1,2
1934,305,1,2
1934,306,1,2
1934,307,1,2
1934,308,1,2
1934,309,1,2
1934,310,1,2
1934,311,1,2
1934,312,1,2
1934,313,1,2
1934,314,1,2
1934,315,1,2
1934,316,1,2
1934,317,1,2
1934,318,1,2
1934,319,1,2
1934,320,1,2
1934,321,1,2
1934,322,1,2
1934,323,1,2
1934,324,1,2
1934,325,1,2
1934,326,1,2
1934,327,1,2
1934,328,1,2
1934,329,1,2
1934,330,1,2
1934,331,1,2
1934,332,1,2
1934,333,1,2
1934,334,1,2
1934,335,1,2
1934,336,1,2
1934,337,1,2
1934,338,1,2
1934,339,1,2
1934,340,1,2
1934,341,1,2
1934,342,1,2
1934,343,1,2
1934,344,1,2
1934,345,1,2
1934,346,1,2
1934,347,1,2
1934,348,1,2
1934,349,1,3
1934,350,1,3
1934,351,1,3
1934,352,1,3
1934,353,1,3
1934,354,1,3
1934,355,1,3
1934,356,1,3
1934,357,1,3
1934,358,1,3
1934,359,1,3
1934,360,1,3
1934,361,1,3
1934,362,1,3
1934,363,1,3
1934,364,1,3
1934,365,1,3
1934,366,1,3
1934,367,1,3
1934,368,1,3
1934,369,1,3
1934,370,1,3
1934,371,1,3
1934,372,1,3
1934,373,1,3
1934,374,1,3
1934,375,1,3
1934,376,1,3
1934,377,1,3
1934,378,1,3
1934,379,1,3
1934,380,1,3
1934,381,1,3
1934,382,1,3
1934,383,1,3
1934,384,1,3
1934,385,1,3
1934,386,1,3
1934,387,1,3
1934,388,1,3
1934,389,1,3
1934,390,1,3
1934,391,1,3
1934,392,1,3
1934,393,1,3
1934,394,1,3
1934,395,1,3
1934,396,1,3
1934,397,1,3
1934,398,1,3
1934,399,1,3
1934,400,1,3
1934,401,1,3
1934,402,1,3
1934,403,1,3
1934,404,1,3
1934,405,1,3
1934,406,1,3
1934,407,1,3
1934,408,1,3
1934,409,1,3
1934,410,1,3
1934,411,1,3
1934,412,1,3
1934,413,1,3
1934,414,1,3
1934,415,1,3
1934,416,1,3
1934,417,1,3
1934,418,1,3
1934,419,1,3
1934,420,1,3
1934,421,1,3
1934,422,1,3
1934,423,1,3
1934,424,1,3
1934,425,1,3
1934,426,1,3
1934,427,1,3
1934,428,1,3
1934,429,1,3
1934,430,1,3
1934,431,1,2
1934,432,1,2
1934,433,1,2
1934,434,1,2
1934,435,1,2
1934,436,1,2
1934,437,1,2
1934,438,1,2
1934,439,1,2
1934,440,1,2
1934,441,1,2
1934,442,1,2
1934,443,1,2
1934,444,1,2
1934,445,1,2
1934,446,1,2
1934,447,1,2
1934,448,1,2
1934,449,1,2
1934,450,1,2
1934,451,1,2
1934,452,1,2
1934,453,1,2
1934,454,1,2
1934,455,1,2
1934,456,1,2
1934,457,1,2
1934,458,1,2
1934,459,1,2
1934,460,1,2
1934,461,1,2
1934,462,1,2
1934,463,1,2
1934,464,1,2
1934,465,1,2
1934,466,1,2
1934,467,1,2
1934,468,1,2
1934,469,1,2
1934,470,1,2
1934,471,1,2
1934,472,1,2
1934,473,1,2
1934,474,1,2
1934,475,1,2
1934,476,1,2
1934,477,1,2
1934,478,1,2
1934,479,1,2
1934,480,1,2
1934,481,1,2
1934,482,1,2
1934,483,1,2
1934,484,1,2
1934,485,1,2
1934,486,1,2
1934,487,1,2
1934,488,1,2
1934,489,1,2
1934,490,1,2
1934,491,1,2
1934,492,1,2
1934,493,1,2
1934,494,1,2
1934,495,1,2
1934,496,1,2
1934,497,1,2
1934,498,1,2
1934,499,1,2
1934,500,1,2
1934,501,1,2
1934,502,1,3
1934,503,1,3
1934,504,1,3
1934,505,1,3
1934,506,1,3
1934,507,1,3
1934,508,1,3
1934,509,1,3
1934,510,1,3
1934,511,1,3
1934,512,1,3
1934,513,1,3
1934,514,1,3
1934,515,1,3
1934,516,1,3
1934,517,1,3
1934,518,1,3
1934,519,1,3
1934,520,1,3
1934,521,1,3
1934,522,1,3
1934,523,1,3
1934,524,1,3
1934,525,1,3
1934,526,1,3
1934,527,1,3
1934,528,1,3
1934,529,1,3
1934,530,1,3
1934,531,1,3
1934,532,1,3
1934,533,1,3
1934,534,1,3
1934,535,1,3
1934,536,1,3
1934,537,1,3
1934,538,1,3
1934,539,1,3
1934,540,1,3
1934,541,1,3
1934,542,1,3
1934,543,1,3
1934,544,1,3
1934,545,1,3
1934,546,1,3
1934,547,1,3
1934,548,1,3
1934,549,1,2
1934,550,1,2
1934,551,1,2
1934,552,1,2
1934,553,1,2
1934,554,1,2
1934,555,1,2
1934,556,1,2
1934,557,1,2
1934,558,1,2
1934,559,1,2
1934,560,1,2
1934,561,1,2
1934,562,1,2
1934,563,1,2
1934,564,1,2
1934,565,1,2
1934,566,1,2
1934,567,1,2
1934,568,1,2
1934,569,1,2
1934,570,1,2
1934,571,1,2
1934,572,1,2
1934,573,1,2
1934,574,1,2
1934,575,1,2
1934,576,1,2
1934,577,1,2
1934,578,1,2
1934,579,1,2
1934,580,1,2
1934,581,1,2
1934,582,1,2
1934,583,1,2
1934,584,1,2
1934,585,1,2
1934,586,1,2
1934,587,1,2
1934,588,1,2
1934,589,1,2
1934,590,1,2
1934,591,1,2
1934,592,1,2
1934,593,1,2
1934,594,1,2
1934,595,1,2
1934,596,1,2
1934,597,1,2
1934,598,1,2
1934,599,1,2
1934,600,1,2
1934,601,1,2
1934,602,1,2
1934,603,1,2
1934,604,1,2
1934,605,1,2
1934,606,1,2
1934,607,1,2
1934,608,1,2
1934,609,1,2
1934,610,1,2
1934,611,1,2
1934,612,1,2
1934,613,1,2
1934,614,1,2
1934,615,1,2
1934,616,1,2
1934,617,1,2
1934,618,1,2
1934,619,1,2
1934,620,1,2
1934,621,1,2
1934,622,1,2
1934,623,1,2
1934,624,1,2
1934,625,1,2
1934,626,1,2
1934,627,1,2
1934,628,1,2
1934,629,1,2
1934,630,1,2
1934,631,1,2
1934,632,1,2
1934,633,1,2
1934,634,1,2
1934,635,1,2
1934,636,1,2
1934,637,1,2
1934,638,1,2
1934,639,1,2
1934,640,1,2
1934,641,1,2
1934,642,1,2
1934,643,1,2
1934,644,1,2
1934,645,1,2
1934,646,1,2
1934,647,1,2
1934,648,1,2
1934,649,1,2
1934,650,1,2
1934,651,1,2
1934,652,1,2
1934,653,1,2
1935,110,1,2
1935,111,1,2
1935,112,1,2
1935,113,1,3
1935,114,1,3
1935,115,1,3
1935,116,1,3
1935,117,1,3
1935,118,1,3
1935,119,1,3
1935,120,1,3
1935,121,1,3
1935,122,1,3
1935,123,1,3
1935,124,1,3
1935,125,1,3
1935,126,1,3
1935,127,1,3
1935,128,1,3
1935,129,1,3
1935,130,1,3
1935,131,1,3
1935,132,1,3
1935,133,1,3
1935,134,1,3
1935,135,1,3
1935,136,1,3
1935,137,1,3
1935,138,1,3
1935,139,1,3
1935,140,1,3
1935,141,1,3
1935,142,1,3
1935,143,1,3
1935,144,1,3
1935,145,1,3
1935,146,1,3
1935,147,1,3
1935,148,1,3
1935,149,1,2
1935,150,1,2
1935,151,1,2
1935,152,1,2
1935,153,1,2
1935,154,1,2
1935,155,1,2
1935,156,1,2
1935,157,1,2
1935,158,1,2
1935,159,1,2
1935,160,1,2
1935,161,1,2
1935,162,1,2
1935,163,1,2
1935,164,1,2
1935,165,1,2
1935,166,1,2
1935,167,1,2
1935,168,1,2
1935,169,1,2
1935,170,1,2
1935,171,1,2
1935,172,1,2
1935,173,1,2
1935,174,1,2
1935,175,1,2
1935,176,1,2
1935,177,1,2
1935,178,1,2
1935,179,1,2
1935,180,1,2
1935,181,1,2
1935,182,1,2
1935,183,1,2
1935,184,1,2
1935,185,1,2
1935,186,1,2
1935,187,1,2
1935,188,1,2
1935,189,1,2
1935,190,1,2
1935,191,1,2
1935,192,1,2
1935,193,1,2
1935,194,1,2
1935,195,1,2
1935,196,1,2
1935,197,1,2
1935,198,1,2
1935,199,1,2
1935,200,1,2
1935,201,1,2
1935,202,1,2
1935,203,1,2
1935,204,1,2
1935,205,1,2
1935,206,1,2
1935,207,1,2
1935,208,1,2
1935,209,1,2
1935,210,1,2
1935,211,1,2
1935,212,1,2
1935,213,1,2
1935,214,1,2
1935,215,1,2
1935,216,1,2
1935,217,1,2
1935,218,1,2
1935,219,1,2
1935,220,1,2
1935,221,1,2
1935,222,1,2
1935,223,1,2
1935,224,1,2
1935,225,1,2
1935,226,1,2
1935,227,1,2
1935,228,1,2
1935,229,1,2
1935,230,1,2
1935,231,1,2
1935,232,1,2
1935,233,1,2
1935,234,1,2
1935,235,1,2
1935,236,1,2
1935,237,1,2
1935,238,1,2
1935,239,1,2
1935,240,1,2
1935,241,1,2
1935,242,1,2
1935,243,1,2
1935,244,1,2
1935,245,1,2
1935,246,1,2
1935,247,1,2
1935,248,1,2
1935,249,1,2
1935,250,1,2
1935,251,1,2
1935,252,1,2
1935,253,1,2
1935,254,1,2
1935,255,1,2
1935,256,1,2
1935,257,1,2
1935,258,1,2
1935,259,1,2
1935,260,1,2
1935,261,1,2
1935,262,1,2
1935,263,1,2
1935,264,1,2
1935,265,1,2
1935,266,1,2
1935,267,1,2
1935,268,1,2
1935,269,1,2
1935,270,1,2
1935,271,1,2
1935,272,1,2
1935,273,1,2
1935,274,1,2
1935,275,1,2
1935,276,1,2
1935,277,1,2
1935,278,1,2
1935,279,1,2
1935,280,1,2
1935,281,1,2
1935,282,1,2
1935,283,1,2
1935,284,1,2
1935,285,1,2
1935,286,1,2
1935,287,1,2
1935,288,1,2
1935,289,1,2
1935,290,1,2
1935,291,1,2
1935,292,1,2
1935,293,1,2
1935,294,1,2
1935,295,1,2
1935,296,1,2
1935,297,1,2
1935,298,1,2
1935,299,1,2
1935,300,1,2
1935,301,1,2
1935,302,1,2
1935,303,1,2
1935,304,1,2
1935,305,1,2
1935,306,1,2
1935,307,1,2
1935,308,1,2
1935,309,1,2
1935,310,1,2
1935,311,1,2
1935,312,1,2
1935,313,1,2
1935,314,1,2
1935,315,1,2
1935,316,1,2
1935,317,1,2
1935,318,1,2
1935,319,1,2
1935,320,1,2
1935,321,1,2
1935,322,1,2
1935,323,1,2
1935,324,1,2
1935,325,1,2
1935,326,1,2
1935,327,1,2
1935,328,1,2
1935,329,1,2
1935,330,1,2
1935,331,1,2
1935,332,1,2
1935,333,1,2
1935,334,1,2
1935,335,1,2
1935,336,1,2
1935,337,1,2
1935,338,1,2
1935,339,1,2
1935,340,1,2
1935,341,1,2
1935,342,1,2
1935,343,1,2
1935,344,1,2
1935,345,1,2
1935,346,1,2
1935,347,1,2
1935,348,1,2
1935,349,1,3
1935,350,1,3
1935,351,1,3
1935,352,1,3
1935,353,1,3
1935,354,1,3
1935,355,1,3
1935,356,1,3
1935,357,1,3
1935,358,1,3
1935,359,1,3
1935,360,1,3
1935,361,1,3
1935,362,1,3
1935,363,1,3
1935,364,1,3
1935,365,1,3
1935,366,1,3
1935,367,1,3
1935,368,1,3
1935,369,1,3
1935,370,1,3
1935,371,1,3
1935,372,1,3
1935,373,1,3
1935,374,1,3
1935,375,1,3
1935,376,1,3
1935,377,1,3
1935,378,1,3
1935,379,1,3
1935,380,1,3
1935,381,1,3
1935,382,1,3
1935,383,1,3
1935,384,1,3
1935,385,1,3
1935,386,1,3
1935,387,1,3
1935,388,1,3
1935,389,1,3
1935,390,1,3
1935,391,1,3
1935,392,1,3
1935,393,1,3
1935,394,1,3
1935,395,1,3
1935,396,1,3
1935,397,1,3
1935,398,1,3
1935,399,1,3
1935,400,1,3
1935,401,1,3
1935,402,1,3
1935,403,1,3
1935,404,1,3
1935,405,1,3
1935,406,1,3
1935,407,1,3
1935,408,1,3
1935,409,1,3
1935,410,1,3
1935,411,1,3
1935,412,1,3
1935,413,1,3
1935,414,1,3
1935,415,1,3
1935,416,1,3
1935,417,1,3
1935,418,1,3
1935,419,1,3
1935,420,1,3
1935,421,1,3
1935,422,1,3
1935,423,1,3
1935,424,1,3
1935,425,1,3
1935,426,1,3
1935,427,1,3
1935,428,1,3
1935,429,1,3
1935,430,1,3
1935,431,1,3
1935,432,1,2
1935,433,1,2
1935,434,1,2
1935,435,1,2
1935,436,1,2
1935,437,1,2
1935,438,1,2
1935,439,1,2
1935,440,1,2
1935,441,1,2
1935,442,1,2
1935,443,1,2
1935,444,1,2
1935,445,1,2
1935,446,1,2
1935,447,1,2
1935,448,1,2
1935,449,1,2
1935,450,1,2
1935,451,1,2
1935,452,1,2
1935,453,1,2
1935,454,1,2
1935,455,1,2
1935,456,1,2
1935,457,1,2
1935,458,1,2
1935,459,1,2
1935,460,1,2
1935,461,1,2
1935,462,1,2
1935,463,1,2
1935,464,1,2
1935,465,1,2
1935,466,1,2
1935,467,1,2
1935,468,1,2
1935,469,1,2
1935,470,1,2
1935,471,1,2
1935,472,1,2
1935,473,1,2
1935,474,1,2
1935,475,1,2
1935,476,1,2
1935,477,1,2
1935,478,1,2
1935,479,1,2
1935,480,1,2
1935,481,1,2
1935,482,1,2
1935,483,1,2
1935,484,1,2
1935,485,1,2
1935,486,1,2
1935,487,1,2
1935,488,1,2
1935,489,1,2
1935,490,1,2
1935,491,1,2
1935,492,1,2
1935,493,1,2
1935,494,1,2
1935,495,1,2
1935,496,1,2
1935,497,1,2
1935,498,1,2
1935,499,1,2
1935,500,1,2
1935,501,1,3
1935,502,1,3
1935,503,1,3
1935,504,1,3
1935,505,1,3
1935,506,1,3
1935,507,1,3
1935,508,1,3
1935,509,1,3
1935,510,1,3
1935,511,1,3
1935,512,1,3
1935,513,1,3
1935,514,1,3
1935,515,1,3
1935,516,1,3
1935,517,1,3
1935,518,1,3
1935,519,1,3
1935,520,1,3
1935,521,1,3
1935,522,1,3
1935,523,1,3
1935,524,1,3
1935,525,1,3
1935,526,1,3
1935,527,1,3
1935,528,1,3
1935,529,1,3
1935,530,1,3
1935,531,1,3
1935,532,1,3
1935,533,1,3
1935,534,1,3
1935,535,1,3
1935,536,1,3
1935,537,1,3
1935,538,1,3
1935,539,1,3
1935,540,1,3
1935,541,1,3
1935,542,1,3
1935,543,1,3
1935,544,1,3
1935,545,1,3
1935,546,1,3
1935,547,1,3
1935,548,1,3
1935,549,1,2
1935,550,1,2
1935,551,1,2
1935,552,1,2
1935,553,1,2
1935,554,1,2
1935,555,1,2
1935,556,1,2
1935,557,1,2
1935,558,1,2
1935,559,1,2
1935,560,1,2
1935,561,1,2
1935,562,1,2
1935,563,1,2
1935,564,1,2
1935,565,1,2
1935,566,1,2
1935,567,1,2
1935,568,1,2
1935,569,1,2
1935,570,1,2
1935,571,1,2
1935,572,1,2
1935,573,1,2
1935,574,1,2
1935,575,1,2
1935,576,1,2
1935,577,1,2
1935,578,1,2
1935,579,1,2
1935,580,1,2
1935,581,1,2
1935,582,1,2
1935,583,1,2
1935,584,1,2
1935,585,1,2
1935,586,1,2
1935,587,1,2
1935,588,1,2
1935,589,1,2
1935,590,1,2
1935,591,1,2
1935,592,1,2
1935,593,1,2
1935,594,1,2
1935,595,1,2
1935,596,1,2
1935,597,1,2
1935,598,1,2
1935,599,1,2
1935,600,1,2
1935,601,1,2
1935,602,1,2
1935,603,1,2
1935,604,1,2
1935,605,1,2
1935,606,1,2
1935,607,1,2
1935,608,1,2
1935,609,1,2
1935,610,1,2
1935,611,1,2
1935,612,1,2
1935,613,1,2
1935,614,1,2
1935,615,1,2
1935,616,1,2
1935,617,1,2
1935,618,1,2
1935,619,1,2
1935,620,1,2
1935,621,1,2
1935,622,1,2
1935,623,1,2
1935,624,1,2
1935,625,1,2
1935,626,1,2
1935,627,1,2
1935,628,1,2
1935,629,1,2
1935,630,1,2
1935,631,1,2
1935,632,1,2
1935,633,1,2
1935,634,1,2
1935,635,1,2
1935,636,1,2
1935,637,1,2
1935,638,1,2
1935,639,1,2
1935,640,1,2
1935,641,1,2
1935,642,1,2
1935,643,1,2
1935,644,1,2
1935,645,1,2
1935,646,1,2
1935,647,1,2
1935,648,1,2
1935,649,1,2
1935,650,1,2
1935,651,1,2
1935,652,1,2
1935,653,1,2
1936,110,1,2
1936,111,1,2
1936,112,1,2
1936,113,1,3
1936,114,1,3
1936,115,1,3
1936,116,1,3
1936,117,1,3
1936,118,1,3
1936,119,1,3
1936,120,1,3
1936,121,1,3
1936,122,1,3
1936,123,1,3
1936,124,1,3
1936,125,1,3
1936,126,1,3
1936,127,1,3
1936,128,1,3
1936,129,1,3
1936,130,1,3
1936,131,1,3
1936,132,1,3
1936,133,1,3
1936,134,1,3
1936,135,1,3
1936,136,1,3
1936,137,1,3
1936,138,1,3
1936,139,1,3
1936,140,1,3
1936,141,1,3
1936,142,1,3
1936,143,1,3
1936,144,1,3
1936,145,1,3
1936,146,1,3
1936,147,1,3
1936,148,1,3
1936,149,1,3
1936,150,1,2
1936,151,1,2
1936,152,1,2
1936,153,1,2
1936,154,1,2
1936,155,1,2
1936,156,1,2
1936,157,1,2
1936,158,1,2
1936,159,1,2
1936,160,1,2
1936,161,1,2
1936,162,1,2
1936,163,1,2
1936,164,1,2
1936,165,1,2
1936,166,1,2
1936,167,1,2
1936,168,1,2
1936,169,1,2
1936,170,1,2
1936,171,1,2
1936,172,1,2
1936,173,1,2
1936,174,1,2
1936,175,1,2
1936,176,1,2
1936,177,1,2
1936,178,1,2
1936,179,1,2
1936,180,1,2
1936,181,1,2
1936,182,1,2
1936,183,1,2
1936,184,1,2
1936,185,1,2
1936,186,1,2
1936,187,1,2
1936,188,1,2
1936,189,1,2
1936,190,1,2
1936,191,1,2
1936,192,1,2
1936,193,1,2
1936,194,1,2
1936,195,1,2
1936,196,1,2
1936,197,1,2
1936,198,1,2
1936,199,1,2
1936,200,1,2
1936,201,1,2
1936,202,1,2
1936,203,1,2
1936,204,1,2
1936,205,1,2
1936,206,1,2
1936,207,1,2
1936,208,1,2
1936,209,1,2
1936,210,1,2
1936,211,1,2
1936,212,1,2
1936,213,1,2
1936,214,1,2
1936,215,1,2
1936,216,1,2
1936,217,1,2
1936,218,1,2
1936,219,1,2
1936,220,1,2
1936,221,1,2
1936,222,1,2
1936,223,1,2
1936,224,1,2
1936,225,1,2
1936,226,1,2
1936,227,1,2
1936,228,1,2
1936,229,1,2
1936,230,1,2
1936,231,1,2
1936,232,1,2
1936,233,1,2
1936,234,1,2
1936,235,1,2
1936,236,1,2
1936,237,1,2
1936,238,1,2
1936,239,1,2
1936,240,1,2
1936,241,1,2
1936,242,1,2
1936,243,1,2
1936,244,1,2
1936,245,1,2
1936,246,1,2
1936,247,1,2
1936,248,1,2
1936,249,1,2
1936,250,1,2
1936,251,1,2
1936,252,1,2
1936,253,1,2
1936,254,1,2
1936,255,1,2
1936,256,1,2
1936,257,1,2
1936,258,1,2
1936,259,1,2
1936,260,1,2
1936,261,1,2
1936,262,1,2
1936,263,1,2
1936,264,1,2
1936,265,1,2
1936,266,1,2
1936,267,1,2
1936,268,1,2
1936,269,1,2
1936,270,1,2
1936,271,1,2
1936,272,1,2
1936,273,1,2
1936,274,1,2
1936,275,1,2
1936,276,1,2
1936,277,1,2
1936,278,1,2
1936,279,1,2
1936,280,1,2
1936,281,1,2
1936,282,1,2
1936,283,1,2
1936,284,1,2
1936,285,1,2
1936,286,1,2
1936,287,1,2
1936,288,1,2
1936,289,1,2
1936,290,1,2
1936,291,1,2
1936,292,1,2
1936,293,1,2
1936,294,1,2
1936,295,1,2
1936,296,1,2
1936,297,1,2
1936,298,1,2
1936,299,1,2
1936,300,1,2
1936,301,1,2
1936,302,1,2
1936,303,1,2
1936,304,1,2
1936,305,1,2
1936,306,1,2
1936,307,1,2
1936,308,1,2
1936,309,1,2
1936,310,1,2
1936,311,1,2
1936,312,1,2
1936,313,1,2
1936,314,1,2
1936,315,1,2
1936,316,1,2
1936,317,1,2
1936,318,1,2
1936,319,1,2
1936,320,1,2
1936,321,1,2
1936,322,1,2
1936,323,1,2
1936,324,1,2
1936,325,1,2
1936,326,1,2
1936,327,1,2
1936,328,1,2
1936,329,1,2
1936,330,1,2
1936,331,1,2
1936,332,1,2
1936,333,1,2
1936,334,1,2
1936,335,1,2
1936,336,1,2
1936,337,1,2
1936,338,1,2
1936,339,1,2
1936,340,1,2
1936,341,1,2
1936,342,1,2
1936,343,1,2
1936,344,1,2
1936,345,1,2
1936,346,1,2
1936,347,1,2
1936,348,1,3
1936,349,1,3
1936,350,1,3
1936,351,1,3
1936,352,1,3
1936,353,1,3
1936,354,1,3
1936,355,1,3
1936,356,1,3
1936,357,1,3
1936,358,1,3
1936,359,1,3
1936,360,1,3
1936,361,1,3
1936,362,1,3
1936,363,1,3
1936,364,1,3
1936,365,1,3
1936,366,1,3
1936,367,1,3
1936,368,1,3
1936,369,1,3
1936,370,1,3
1936,371,1,3
1936,372,1,3
1936,373,1,3
1936,374,1,3
1936,375,1,3
1936,376,1,3
1936,377,1,3
1936,378,1,3
1936,379,1,3
1936,380,1,3
1936,381,1,3
1936,382,1,3
1936,383,1,3
1936,384,1,3
1936,385,1,3
1936,386,1,3
1936,387,1,3
1936,388,1,3
1936,389,1,3
1936,390,1,3
1936,391,1,3
1936,392,1,3
1936,393,1,3
1936,394,1,3
1936,395,1,3
1936,396,1,3
1936,397,1,3
1936,398,1,3
1936,399,1,3
1936,400,1,3
1936,401,1,3
1936,402,1,3
1936,403,1,3
1936,404,1,3
1936,405,1,3
1936,406,1,3
1936,407,1,3
1936,408,1,3
1936,409,1,3
1936,410,1,3
1936,411,1,3
1936,412,1,3
1936,413,1,3
1936,414,1,3
1936,415,1,3
1936,416,1,3
1936,417,1,3
1936,418,1,3
1936,419,1,3
1936,420,1,3
1936,421,1,3
1936,422,1,3
1936,423,1,3
1936,424,1,3
1936,425,1,3
1936,426,1,3
1936,427,1,3
1936,428,1,3
1936,429,1,3
1936,430,1,3
1936,431,1,3
1936,432,1,2
1936,433,1,2
1936,434,1,2
1936,435,1,2
1936,436,1,2
1936,437,1,2
1936,438,1,2
1936,439,1,2
1936,440,1,2
1936,441,1,2
1936,442,1,2
1936,443,1,2
1936,444,1,2
1936,445,1,2
1936,446,1,2
1936,447,1,2
1936,448,1,2
1936,449,1,2
1936,450,1,2
1936,451,1,2
1936,452,1,2
1936,453,1,2
1936,454,1,2
1936,455,1,2
1936,456,1,2
1936,457,1,2
1936,458,1,2
1936,459,1,2
1936,460,1,2
1936,461,1,2
1936,462,1,2
1936,463,1,2
1936,464,1,2
1936,465,1,2
1936,466,1,2
1936,467,1,2
1936,468,1,2
1936,469,1,2
1936,470,1,2
1936,471,1,2
1936,472,1,2
1936,473,1,2
1936,474,1,2
1936,475,1,2
1936,476,1,2
1936,477,1,2
1936,478,1,2
1936,479,1,2
1936,480,1,2
1936,481,1,2
1936,482,1,2
1936,483,1,2
1936,484,1,2
1936,485,1,2
1936,486,1,2
1936,487,1,2
1936,488,1,2
1936,489,1,2
1936,490,1,2
1936,491,1,2
1936,492,1,2
1936,493,1,2
1936,494,1,2
1936,495,1,2
1936,496,1,2
1936,497,1,2
1936,498,1,2
1936,499,1,2
1936,500,1,2
1936,501,1,3
1936,502,1,3
1936,503,1,3
1936,504,1,3
1936,505,1,3
1936,506,1,3
1936,507,1,3
1936,508,1,3
1936,509,1,3
1936,510,1,3
1936,511,1,3
1936,512,1,3
1936,513,1,3
1936,514,1,3
1936,515,1,3
1936,516,1,3
1936,517,1,3
1936,518,1,3
1936,519,1,3
1936,520,1,3
1936,521,1,3
1936,522,1,3
1936,523,1,3
1936,524,1,3
1936,525,1,3
1936,526,1,3
1936,527,1,3
1936,528,1,3
1936,529,1,3
1936,530,1,3
1936,531,1,3
1936,532,1,3
1936,533,1,3
1936,534,1,3
1936,535,1,3
1936,536,1,3
1936,537,1,3
1936,538,1,3
1936,539,1,3
1936,540,1,3
1936,541,1,3
1936,542,1,3
1936,543,1,3
1936,544,1,3
1936,545,1,3
1936,546,1,3
1936,547,1,3
1936,548,1,3
1936,549,1,2
1936,550,1,2
1936,551,1,2
1936,552,1,2
1936,553,1,2
1936,554,1,2
1936,555,1,2
1936,556,1,2
1936,557,1,2
1936,558,1,2
1936,559,1,2
1936,560,1,2
1936,561,1,2
1936,562,1,2
1936,563,1,2
1936,564,1,2
1936,565,1,2
1936,566,1,2
1936,567,1,2
1936,568,1,2
1936,569,1,2
1936,570,1,2
1936,571,1,2
1936,572,1,2
1936,573,1,2
1936,574,1,2
1936,575,1,2
1936,576,1,2
1936,577,1,2
1936,578,1,2
1936,579,1,2
1936,580,1,2
1936,581,1,2
1936,582,1,2
1936,583,1,2
1936,584,1,2
1936,585,1,2
1936,586,1,2
1936,587,1,2
1936,588,1,2
1936,589,1,2
1936,590,1,2
1936,591,1,2
1936,592,1,2
1936,593,1,2
1936,594,1,2
1936,595,1,2
1936,596,1,2
1936,597,1,2
1936,598,1,2
1936,599,1,2
1936,600,1,2
1936,601,1,2
1936,602,1,2
1936,603,1,2
1936,604,1,2
1936,605,1,2
1936,606,1,2
1936,607,1,2
1936,608,1,2
1936,609,1,2
1936,610,1,2
1936,611,1,2
1936,612,1,2
1936,613,1,2
1936,614,1,2
1936,615,1,2
1936,616,1,2
1936,617,1,2
1936,618,1,2
1936,619,1,2
1936,620,1,2
1936,621,1,2
1936,622,1,2
1936,623,1,2
1936,624,1,2
1936,625,1,2
1936,626,1,2
1936,627,1,2
1936,628,1,2
1936,629,1,2
1936,630,1,2
1936,631,1,2
1936,632,1,2
1936,633,1,2
1936,634,1,2
1936,635,1,2
1936,636,1,2
1936,637,1,2
1936,638,1,2
1936,639,1,2
1936,640,1,2
1936,641,1,2
1936,642,1,2
1936,643,1,2
1936,644,1,2
1936,645,1,2
1936,646,1,2
1936,647,1,2
1936,648,1,2
1936,649,1,2
1936,650,1,2
1936,651,1,2
1936,652,1,2
1936,653,1,2
1937,109,1,2
1937,110,1,2
1937,111,1,2
1937,112,1,2
1937,113,1,2
1937,114,1,3
1937,115,1,3
1937,116,1,3
1937,117,1,3
1937,118,1,3
1937,119,1,3
1937,120,1,3
1937,121,1,3
1937,122,1,3
1937,123,1,3
1937,124,1,3
1937,125,1,3
1937,126,1,3
1937,127,1,3
1937,128,1,3
1937,129,1,3
1937,130,1,3
1937,131,1,3
1937,132,1,3
1937,133,1,3
1937,134,1,3
1937,135,1,3
1937,136,1,3
1937,137,1,3
1937,138,1,3
1937,139,1,3
1937,140,1,3
1937,141,1,3
1937,142,1,3
1937,143,1,3
1937,144,1,3
1937,145,1,3
1937,146,1,3
1937,147,1,3
1937,148,1,3
1937,149,1,3
1937,150,1,3
1937,151,1,3
1937,152,1,3
1937,153,1,2
1937,154,1,2
1937,155,1,2
1937,156,1,2
1937,157,1,2
1937,158,1,2
1937,159,1,2
1937,160,1,2
1937,161,1,2
1937,162,1,2
1937,163,1,2
1937,164,1,2
1937,165,1,2
1937,166,1,2
1937,167,1,2
1937,168,1,2
1937,169,1,2
1937,170,1,2
1937,171,1,2
1937,172,1,2
1937,173,1,2
1937,174,1,2
1937,175,1,2
1937,176,1,2
1937,177,1,2
1937,178,1,2
1937,179,1,2
1937,180,1,2
1937,181,1,2
1937,182,1,2
1937,183,1,2
1937,184,1,2
1937,185,1,2
1937,186,1,2
1937,187,1,2
1937,188,1,2
1937,189,1,2
1937,190,1,2
1937,191,1,2
1937,192,1,2
1937,193,1,2
1937,194,1,2
1937,195,1,2
1937,196,1,2
1937,197,1,2
1937,198,1,2
1937,199,1,2
1937,200,1,2
1937,201,1,2
1937,202,1,2
1937,203,1,2
1937,204,1,2
1937,205,1,2
1937,206,1,2
1937,207,1,2
1937,208,1,2
1937,209,1,2
1937,210,1,2
1937,211,1,2
1937,212,1,2
1937,213,1,2
1937,214,1,2
1937,215,1,2
1937,216,1,2
1937,217,1,2
1937,218,1,2
1937,219,1,2
1937,220,1,2
1937,221,1,2
1937,222,1,2
1937,223,1,2
1937,224,1,2
1937,225,1,2
1937,226,1,2
1937,227,1,2
1937,228,1,2
1937,229,1,2
1937,230,1,2
1937,231,1,2
1937,232,1,2
1937,233,1,2
1937,234,1,2
1937,235,1,2
1937,236,1,2
1937,237,1,2
1937,238,1,2
1937,239,1,2
1937,240,1,2
1937,241,1,2
1937,242,1,2
1937,243,1,2
1937,244,1,2
1937,245,1,2
1937,246,1,2
1937,247,1,2
1937,248,1,2
1937,249,1,2
1937,250,1,2
1937,251,1,2
1937,252,1,2
1937,253,1,2
1937,254,1,2
1937,255,1,2
1937,256,1,2
1937,257,1,2
1937,258,1,2
1937,259,1,2
1937,260,1,2
1937,261,1,2
1937,262,1,2
1937,263,1,2
1937,264,1,2
1937,265,1,2
1937,266,1,2
1937,267,1,2
1937,268,1,2
1937,269,1,2
1937,270,1,2
1937,271,1,2
1937,272,1,2
1937,273,1,2
1937,274,1,2
1937,275,1,2
1937,276,1,2
1937,277,1,2
1937,278,1,2
1937,279,1,2
1937,280,1,2
1937,281,1,2
1937,282,1,2
1937,283,1,2
1937,284,1,2
1937,285,1,2
1937,286,1,2
1937,287,1,2
1937,288,1,2
1937,289,1,2
1937,290,1,2
1937,291,1,2
1937,292,1,2
1937,293,1,2
1937,294,1,2
1937,295,1,2
1937,296,1,2
1937,297,1,2
1937,298,1,2
1937,299,1,2
1937,300,1,2
1937,301,1,2
1937,302,1,2
1937,303,1,2
1937,304,1,2
1937,305,1,2
1937,306,1,2
1937,307,1,2
1937,308,1,2
1937,309,1,2
1937,310,1,2
1937,311,1,2
1937,312,1,2
1937,313,1,2
1937,314,1,2
1937,315,1,2
1937,316,1,2
1937,317,1,2
1937,318,1,2
1937,319,1,2
1937,320,1,2
1937,321,1,2
1937,322,1,2
1937,323,1,2
1937,324,1,2
1937,325,1,2
1937,326,1,2
1937,327,1,2
1937,328,1,2
1937,329,1,2
1937,330,1,2
1937,331,1,2
1937,332,1,2
1937,333,1,2
1937,334,1,2
1937,335,1,2
1937,336,1,2
1937,337,1,2
1937,338,1,2
1937,339,1,2
1937,340,1,2
1937,341,1,2
1937,342,1,2
1937,343,1,2
1937,344,1,2
1937,345,1,3
1937,346,1,3
1937,347,1,3
1937,348,1,3
1937,349,1,3
1937,350,1,3
1937,351,1,3
1937,352,1,3
1937,353,1,3
1937,354,1,3
1937,355,1,3
1937,356,1,3
1937,357,1,3
1937,358,1,3
1937,359,1,3
1937,360,1,3
1937,361,1,3
1937,362,1,3
1937,363,1,3
1937,364,1,3
1937,365,1,3
1937,366,1,3
1937,367,1,3
1937,368,1,3
1937,369,1,3
1937,370,1,3
1937,371,1,3
1937,372,1,3
1937,373,1,3
1937,374,1,3
1937,375,1,3
1937,376,1,3
1937,377,1,3
1937,378,1,3
1937,379,1,3
1937,380,1,3
1937,381,1,3
1937,382,1,3
1937,383,1,3
1937,384,1,3
1937,385,1,3
1937,386,1,3
1937,387,1,3
1937,388,1,3
1937,389,1,3
1937,390,1,3
1937,391,1,3
1937,392,1,3
1937,393,1,3
1937,394,1,3
1937,395,1,3
1937,396,1,3
1937,397,1,3
1937,398,1,3
1937,399,1,3
1937,400,1,3
1937,401,1,3
1937,402,1,3
1937,403,1,3
1937,404,1,3
1937,405,1,3
1937,406,1,3
1937,407,1,3
1937,408,1,3
1937,409,1,3
1937,410,1,3
1937,411,1,3
1937,412,1,3
1937,413,1,3
1937,414,1,3
1937,415,1,3
1937,416,1,3
1937,417,1,3
1937,418,1,3
1937,419,1,3
1937,420,1,3
1937,421,1,3
1937,422,1,3
1937,423,1,3
1937,424,1,3
1937,425,1,3
1937,426,1,3
1937,427,1,3
1937,428,1,3
1937,429,1,3
1937,430,1,3
1937,431,1,2
1937,432,1,2
1937,433,1,2
1937,434,1,2
1937,435,1,2
1937,436,1,2
1937,437,1,2
1937,438,1,2
1937,439,1,2
1937,440,1,2
1937,441,1,2
1937,442,1,2
1937,443,1,2
1937,444,1,2
1937,445,1,2
1937,446,1,2
1937,447,1,2
1937,448,1,2
1937,449,1,2
1937,450,1,2
1937,451,1,2
1937,452,1,2
1937,453,1,2
1937,454,1,2
1937,455,1,2
1937,456,1,2
1937,457,1,2
1937,458,1,2
1937,459,1,2
1937,460,1,2
1937,461,1,2
1937,462,1,2
1937,463,1,2
1937,464,1,2
1937,465,1,2
1937,466,1,2
1937,467,1,2
1937,468,1,2
1937,469,1,2
1937,470,1,2
1937,471,1,2
1937,472,1,2
1937,473,1,2
1937,474,1,2
1937,475,1,2
1937,476,1,2
1937,477,1,2
1937,478,1,2
1937,479,1,2
1937,480,1,2
1937,481,1,2
1937,482,1,2
1937,483,1,2
1937,484,1,2
1937,485,1,2
1937,486,1,2
1937,487,1,2
1937,488,1,2
1937,489,1,2
1937,490,1,2
1937,491,1,2
1937,492,1,2
1937,493,1,2
1937,494,1,2
1937,495,1,2
1937,496,1,2
1937,497,1,2
1937,498,1,2
1937,499,1,2
1937,500,1,2
1937,501,1,3
1937,502,1,3
1937,503,1,3
1937,504,1,3
1937,505,1,3
1937,506,1,3
1937,507,1,3
1937,508,1,3
1937,509,1,3
1937,510,1,3
1937,511,1,3
1937,512,1,3
1937,513,1,3
1937,514,1,3
1937,515,1,3
1937,516,1,3
1937,517,1,3
1937,518,1,3
1937,519,1,3
1937,520,1,3
1937,521,1,3
1937,522,1,3
1937,523,1,3
1937,524,1,3
1937,525,1,3
1937,526,1,3
1937,527,1,3
1937,528,1,3
1937,529,1,3
1937,530,1,3
1937,531,1,3
1937,532,1,3
1937,533,1,3
1937,534,1,3
1937,535,1,3
1937,536,1,3
1937,537,1,3
1937,538,1,3
1937,539,1,3
1937,540,1,3
1937,541,1,3
1937,542,1,3
1937,543,1,3
1937,544,1,3
1937,545,1,3
1937,546,1,3
1937,547,1,3
1937,548,1,3
1937,549,1,2
1937,550,1,2
1937,551,1,2
1937,552,1,2
1937,553,1,2
1937,554,1,2
1937,555,1,2
1937,556,1,2
1937,557,1,2
1937,558,1,2
1937,559,1,2
1937,560,1,2
1937,561,1,2
1937,562,1,2
1937,563,1,2
1937,564,1,2
1937,565,1,2
1937,566,1,2
1937,567,1,2
1937,568,1,2
1937,569,1,2
1937,570,1,2
1937,571,1,2
1937,572,1,2
1937,573,1,2
1937,574,1,2
1937,575,1,2
1937,576,1,2
1937,577,1,2
1937,578,1,2
1937,579,1,2
1937,580,1,2
1937,581,1,2
1937,582,1,2
1937,583,1,2
1937,584,1,2
1937,585,1,2
1937,586,1,2
1937,587,1,2
1937,588,1,2
1937,589,1,2
1937,590,1,2
1937,591,1,2
1937,592,1,2
1937,593,1,2
1937,594,1,2
1937,595,1,2
1937,596,1,2
1937,597,1,2
1937,598,1,2
1937,599,1,2
1937,600,1,2
1937,601,1,2
1937,602,1,2
1937,603,1,2
1937,604,1,2
1937,605,1,2
1937,606,1,2
1937,607,1,2
1937,608,1,2
1937,609,1,2
1937,610,1,2
1937,611,1,2
1937,612,1,2
1937,613,1,2
1937,614,1,2
1937,615,1,2
1937,616,1,2
1937,617,1,2
1937,618,1,2
1937,619,1,2
1937,620,1,2
1937,621,1,2
1937,622,1,2
1937,623,1,2
1937,624,1,2
1937,625,1,2
1937,626,1,2
1937,627,1,2
1937,628,1,2
1937,629,1,2
1937,630,1,2
1937,631,1,2
1937,632,1,2
1937,633,1,2
1937,634,1,2
1937,635,1,2
1937,636,1,2
1937,637,1,2
1937,638,1,2
1937,639,1,2
1937,640,1,2
1937,641,1,2
1937,642,1,2
1937,643,1,2
1937,644,1,2
1937,645,1,2
1937,646,1,2
1937,647,1,2
1937,648,1,2
1937,649,1,2
1937,650,1,2
1937,651,1,2
1937,652,1,2
1937,653,1,2
1937,654,1,2
1938,109,1,2
1938,110,1,2
1938,111,1,2
1938,112,1,2
1938,113,1,2
1938,114,1,2
1938,115,1,3
1938,116,1,3
1938,117,1,3
1938,118,1,3
1938,119,1,3
1938,120,1,3
1938,121,1,3
1938,122,1,3
1938,123,1,3
1938,124,1,3
1938,125,1,3
1938,126,1,3
1938,127,1,3
1938,128,1,3
1938,129,1,3
1938,130,1,3
1938,131,1,3
1938,132,1,3
1938,133,1,3
1938,134,1,3
1938,135,1,3
1938,136,1,3
1938,137,1,3
1938,138,1,3
1938,139,1,3
1938,140,1,3
1938,141,1,3
1938,142,1,3
1938,143,1,3
1938,144,1,3
1938,145,1,3
1938,146,1,3
1938,147,1,3
1938,148,1,3
1938,149,1,3
1938,150,1,3
1938,151,1,3
1938,152,1,3
1938,153,1,3
1938,154,1,3
1938,155,1,3
1938,156,1,2
1938,157,1,2
1938,158,1,2
1938,159,1,2
1938,160,1,2
1938,161,1,2
1938,162,1,2
1938,163,1,2
1938,164,1,2
1938,165,1,2
1938,166,1,2
1938,167,1,2
1938,168,1,2
1938,169,1,2
1938,170,1,2
1938,171,1,2
1938,172,1,2
1938,173,1,2
1938,174,1,2
1938,175,1,2
1938,176,1,2
1938,177,1,2
1938,178,1,2
1938,179,1,2
1938,180,1,2
1938,181,1,2
1938,182,1,2
1938,183,1,2
1938,184,1,2
1938,185,1,2
1938,186,1,2
1938,187,1,2
1938,188,1,2
1938,189,1,2
1938,190,1,2
1938,191,1,2
1938,192,1,2
1938,193,1,2
1938,194,1,2
1938,195,1,2
1938,196,1,2
1938,197,1,2
1938,198,1,2
1938,199,1,2
1938,200,1,2
1938,201,1,2
1938,202,1,2
1938,203,1,2
1938,204,1,2
1938,205,1,2
1938,206,1,2
1938,207,1,2
1938,208,1,2
1938,209,1,2
1938,210,1,2
1938,211,1,2
1938,212,1,2
1938,213,1,2
1938,214,1,2
1938,215,1,2
1938,216,1,2
1938,217,1,2
1938,218,1,2
1938,219,1,2
1938,220,1,2
1938,221,1,2
1938,222,1,2
1938,223,1,2
1938,224,1,2
1938,225,1,2
1938,226,1,2
1938,227,1,2
1938,228,1,2
1938,229,1,2
1938,230,1,2
1938,231,1,2
1938,232,1,2
1938,233,1,2
1938,234,1,2
1938,235,1,2
1938,236,1,2
1938,237,1,2
1938,238,1,2
1938,239,1,2
1938,240,1,2
1938,241,1,2
1938,242,1,2
1938,243,1,2
1938,244,1,2
1938,245,1,2
1938,246,1,2
1938,247,1,2
1938,248,1,2
1938,249,1,2
1938,250,1,2
1938,251,1,2
1938,252,1,2
1938,253,1,2
1938,254,1,2
1938,255,1,2
1938,256,1,2
1938,257,1,2
1938,258,1,2
1938,259,1,2
1938,260,1,2
1938,261,1,2
1938,262,1,2
1938,263,1,2
1938,264,1,2
1938,265,1,2
1938,266,1,2
1938,267,1,2
1938,268,1,2
1938,269,1,2
1938,270,1,2
1938,271,1,2
1938,272,1,2
1938,273,1,2
1938,274,1,2
1938,275,1,2
1938,276,1,2
1938,277,1,2
1938,278,1,2
1938,279,1,2
1938,280,1,2
1938,281,1,2
1938,282,1,2
1938,283,1,2
1938,284,1,2
1938,285,1,2
1938,286,1,2
1938,287,1,2
1938,288,1,2
1938,289,1,2
1938,290,1,2
1938,291,1,2
1938,292,1,2
1938,293,1,2
1938,294,1,2
1938,295,1,2
1938,296,1,2
1938,297,1,2
1938,298,1,2
1938,299,1,2
1938,300,1,2
1938,301,1,2
1938,302,1,2
1938,303,1,2
1938,304,1,2
1938,305,1,2
1938,306,1,2
1938,307,1,2
1938,308,1,2
1938,309,1,2
1938,310,1,2
1938,311,1,2
1938,312,1,2
1938,313,1,2
1938,314,1,2
1938,315,1,2
1938,316,1,2
1938,317,1,2
1938,318,1,2
1938,319,1,2
1938,320,1,2
1938,321,1,2
1938,322,1,2
1938,323,1,2
1938,324,1,2
1938,325,1,2
1938,326,1,2
1938,327,1,2
1938,328,1,2
1938,329,1,2
1938,330,1,2
1938,331,1,2
1938,332,1,2
1938,333,1,2
1938,334,1,2
1938,335,1,2
1938,336,1,2
1938,337,1,2
1938,338,1,2
1938,339,1,2
1938,340,1,2
1938,341,1,2
1938,342,1,2
1938,343,1,2
1938,344,1,3
1938,345,1,3
1938,346,1,3
1938,347,1,3
1938,348,1,3
1938,349,1,3
1938,350,1,3
1938,351,1,3
1938,352,1,3
1938,353,1,3
1938,354,1,3
1938,355,1,3
1938,356,1,3
1938,357,1,3
1938,358,1,3
1938,359,1,3
1938,360,1,3
1938,361,1,3
1938,362,1,3
1938,363,1,3
1938,364,1,3
1938,365,1,3
1938,366,1,3
1938,367,1,3
1938,368,1,3
1938,369,1,3
1938,370,1,3
1938,371,1,3
1938,372,1,3
1938,373,1,3
1938,374,1,3
1938,375,1,3
1938,376,1,3
1938,377,1,3
1938,378,1,3
1938,379,1,3
1938,380,1,3
1938,381,1,3
1938,382,1,3
1938,383,1,3
1938,384,1,3
1938,385,1,3
1938,386,1,3
1938,387,1,3
1938,388,1,3
1938,389,1,3
1938,390,1,3
1938,391,1,3
1938,392,1,3
1938,393,1,3
1938,394,1,3
1938,395,1,3
1938,396,1,3
1938,397,1,3
1938,398,1,3
1938,399,1,3
1938,400,1,3
1938,401,1,3
1938,402,1,3
1938,403,1,3
1938,404,1,3
1938,405,1,3
1938,406,1,3
1938,407,1,3
1938,408,1,3
1938,409,1,3
1938,410,1,3
1938,411,1,3
1938,412,1,3
1938,413,1,3
1938,414,1,3
1938,415,1,3
1938,416,1,3
1938,417,1,3
1938,418,1,3
1938,419,1,3
1938,420,1,3
1938,421,1,3
1938,422,1,3
1938,423,1,3
1938,424,1,3
1938,425,1,3
1938,426,1,3
1938,427,1,3
1938,428,1,3
1938,429,1,3
1938,430,1,3
1938,431,1,2
1938,432,1,2
1938,433,1,2
1938,434,1,2
1938,435,1,2
1938,436,1,2
1938,437,1,2
1938,438,1,2
1938,439,1,2
1938,440,1,2
1938,441,1,2
1938,442,1,2
1938,443,1,2
1938,444,1,2
1938,445,1,2
1938,446,1,2
1938,447,1,2
1938,448,1,2
1938,449,1,2
1938,450,1,2
1938,451,1,2
1938,452,1,2
1938,453,1,2
1938,454,1,2
1938,455,1,2
1938,456,1,2
1938,457,1,2
1938,458,1,2
1938,459,1,2
1938,460,1,2
1938,461,1,2
1938,462,1,2
1938,463,1,2
1938,464,1,2
1938,465,1,2
1938,466,1,2
1938,467,1,2
1938,468,1,2
1938,469,1,2
1938,470,1,2
1938,471,1,2
1938,472,1,2
1938,473,1,2
1938,474,1,2
1938,475,1,2
1938,476,1,2
1938,477,1,2
1938,478,1,2
1938,479,1,2
1938,480,1,2
1938,481,1,2
1938,482,1,2
1938,483,1,2
1938,484,1,2
1938,485,1,2
1938,486,1,2
1938,487,1,2
1938,488,1,2
1938,489,1,2
1938,490,1,2
1938,491,1,2
1938,492,1,2
1938,493,1,2
1938,494,1,2
1938,495,1,2
1938,496,1,2
1938,497,1,2
1938,498,1,2
1938,499,1,2
1938,500,1,3
1938,501,1,3
1938,502,1,3
1938,503,1,3
1938,504,1,3
1938,505,1,3
1938,506,1,3
1938,507,1,3
1938,508,1,3
1938,509,1,3
1938,510,1,3
1938,511,1,3
1938,512,1,3
1938,513,1,3
1938,514,1,3
1938,515,1,3
1938,516,1,3
1938,517,1,3
1938,518,1,3
1938,519,1,3
1938,520,1,3
1938,521,1,3
1938,522,1,3
1938,523,1,3
1938,524,1,3
1938,525,1,3
1938,526,1,3
1938,527,1,3
1938,528,1,3
1938,529,1,3
1938,530,1,3
1938,531,1,3
1938,532,1,3
1938,533,1,3
1938,534,1,3
1938,535,1,3
1938,536,1,3
1938,537,1,3
1938,538,1,3
1938,539,1,3
1938,540,1,3
1938,541,1,3
1938,542,1,3
1938,543,1,3
1938,544,1,3
1938,545,1,3
1938,546,1,3
1938,547,1,3
1938,548,1,3
1938,549,1,2
1938,550,1,2
1938,551,1,2
1938,552,1,2
1938,553,1,2
1938,554,1,2
1938,555,1,2
1938,556,1,2
1938,557,1,2
1938,558,1,2
1938,559,1,2
1938,560,1,2
1938,561,1,2
1938,562,1,2
1938,563,1,2
1938,564,1,2
1938,565,1,2
1938,566,1,2
1938,567,1,2
1938,568,1,2
1938,569,1,2
1938,570,1,2
1938,571,1,2
1938,572,1,2
1938,573,1,2
1938,574,1,2
1938,575,1,2
1938,576,1,2
1938,577,1,2
1938,578,1,2
1938,579,1,2
1938,580,1,2
1938,581,1,2
1938,582,1,2
1938,583,1,2
1938,584,1,2
1938,585,1,2
1938,586,1,2
1938,587,1,2
1938,588,1,2
1938,589,1,2
1938,590,1,2
1938,591,1,2
1938,592,1,2
1938,593,1,2
1938,594,1,2
1938,595,1,2
1938,596,1,2
1938,597,1,2
1938,598,1,2
1938,599,1,2
1938,600,1,2
1938,601,1,2
1938,602,1,2
1938,603,1,2
1938,604,1,2
1938,605,1,2
1938,606,1,2
1938,607,1,2
1938,608,1,2
1938,609,1,2
1938,610,1,2
1938,611,1,2
1938,612,1,2
1938,613,1,2
1938,614,1,2
1938,615,1,2
1938,616,1,2
1938,617,1,2
1938,618,1,2
1938,619,1,2
1938,620,1,2
1938,621,1,2
1938,622,1,2
1938,623,1,2
1938,624,1,2
1938,625,1,2
1938,626,1,2
1938,627,1,2
1938,628,1,2
1938,629,1,2
1938,630,1,2
1938,631,1,2
1938,632,1,2
1938,633,1,2
1938,634,1,2
1938,635,1,2
1938,636,1,2
1938,637,1,2
1938,638,1,2
1938,639,1,2
1938,640,1,2
1938,641,1,2
1938,642,1,2
1938,643,1,2
1938,644,1,2
1938,645,1,2
1938,646,1,2
1938,647,1,2
1938,648,1,2
1938,649,1,2
1938,650,1,2
1938,651,1,2
1938,652,1,2
1939,109,1,2
1939,110,1,2
1939,111,1,2
1939,112,1,2
1939,113,1,2
1939,114,1,3
1939,115,1,3
1939,116,1,3
1939,117,1,3
1939,118,1,3
1939,119,1,3
1939,120,1,3
1939,121,1,3
1939,122,1,3
1939,123,1,3
1939,124,1,3
1939,125,1,3
1939,126,1,3
1939,127,1,3
1939,128,1,3
1939,129,1,3
1939,130,1,3
1939,131,1,3
1939,132,1,3
1939,133,1,3
1939,134,1,3
1939,135,1,3
1939,136,1,3
1939,137,1,3
1939,138,1,3
1939,139,1,3
1939,140,1,3
1939,141,1,3
1939,142,1,3
1939,143,1,3
1939,144,1,3
1939,145,1,3
1939,146,1,3
1939,147,1,3
1939,148,1,3
1939,149,1,3
1939,150,1,3
1939,151,1,3
1939,152,1,3
1939,153,1,3
1939,154,1,3
1939,155,1,3
1939,156,1,3
1939,157,1,2
1939,158,1,2
1939,159,1,2
1939,160,1,2
1939,161,1,2
1939,162,1,2
1939,163,1,2
1939,164,1,2
1939,165,1,2
1939,166,1,2
1939,167,1,2
1939,168,1,2
1939,169,1,2
1939,170,1,2
1939,171,1,2
1939,172,1,2
1939,173,1,2
1939,174,1,2
1939,175,1,2
1939,176,1,2
1939,177,1,2
1939,178,1,2
1939,179,1,2
1939,180,1,2
1939,181,1,2
1939,182,1,2
1939,183,1,2
1939,184,1,2
1939,185,1,2
1939,186,1,2
1939,187,1,2
1939,188,1,2
1939,189,1,2
1939,190,1,2
1939,191,1,2
1939,192,1,2
1939,193,1,2
1939,194,1,2
1939,195,1,2
1939,196,1,2
1939,197,1,2
1939,198,1,2
1939,199,1,2
1939,200,1,2
1939,201,1,2
1939,202,1,2
1939,203,1,2
1939,204,1,2
1939,205,1,2
1939,206,1,2
1939,207,1,2
1939,208,1,2
1939,209,1,2
1939,210,1,2
1939,211,1,2
1939,212,1,2
1939,213,1,2
1939,214,1,2
1939,215,1,2
1939,216,1,2
1939,217,1,2
1939,218,1,2
1939,219,1,2
1939,220,1,2
1939,221,1,2
1939,222,1,2
1939,223,1,2
1939,224,1,2
1939,225,1,2
1939,226,1,2
1939,227,1,2
1939,228,1,2
1939,229,1,2
1939,230,1,2
1939,231,1,2
1939,232,1,2
1939,233,1,2
1939,234,1,2
1939,235,1,2
1939,236,1,2
1939,237,1,2
1939,238,1,2
1939,239,1,2
1939,240,1,2
1939,241,1,2
1939,242,1,2
1939,243,1,2
1939,244,1,2
1939,245,1,2
1939,246,1,2
1939,247,1,2
1939,248,1,2
1939,249,1,2
1939,250,1,2
1939,251,1,2
1939,252,1,2
1939,253,1,2
1939,254,1,2
1939,255,1,2
1939,256,1,2
1939,257,1,2
1939,258,1,2
1939,259,1,2
1939,260,1,2
1939,261,1,2
1939,262,1,2
1939,263,1,2
1939,264,1,2
1939,265,1,2
1939,266,1,2
1939,267,1,2
1939,268,1,2
1939,269,1,2
1939,270,1,2
1939,271,1,2
1939,272,1,2
1939,273,1,2
1939,274,1,2
1939,275,1,2
1939,276,1,2
1939,277,1,2
1939,278,1,2
1939,279,1,2
1939,280,1,2
1939,281,1,2
1939,282,1,2
1939,283,1,2
1939,284,1,2
1939,285,1,2
1939,286,1,2
1939,287,1,2
1939,288,1,2
1939,289,1,2
1939,290,1,2
1939,291,1,2
1939,292,1,2
1939,293,1,2
1939,294,1,2
1939,295,1,2
1939,296,1,2
1939,297,1,2
1939,298,1,2
1939,299,1,2
1939,300,1,2
1939,301,1,2
1939,302,1,2
1939,303,1,2
1939,304,1,2
1939,305,1,2
1939,306,1,2
1939,307,1,2
1939,308,1,2
1939,309,1,2
1939,310,1,2
1939,311,1,2
1939,312,1,2
1939,313,1,2
1939,314,1,2
1939,315,1,2
1939,316,1,2
1939,317,1,2
1939,318,1,2
1939,319,1,2
1939,320,1,2
1939,321,1,2
1939,322,1,2
1939,323,1,2
1939,324,1,2
1939,325,1,2
1939,326,1,2
1939,327,1,2
1939,328,1,2
1939,329,1,2
1939,330,1,2
1939,331,1,2
1939,332,1,2
1939,333,1,2
1939,334,1,2
1939,335,1,2
1939,336,1,2
1939,337,1,2
1939,338,1,2
1939,339,1,2
1939,340,1,2
1939,341,1,2
1939,342,1,2
1939,343,1,3
1939,344,1,3
1939,345,1,3
1939,346,1,3
1939,347,1,3
1939,348,1,3
1939,349,1,3
1939,350,1,3
1939,351,1,3
1939,352,1,3
1939,353,1,3
1939,354,1,3
1939,355,1,3
1939,356,1,3
1939,357,1,3
1939,358,1,3
1939,359,1,3
1939,360,1,3
1939,361,1,3
1939,362,1,3
1939,363,1,3
1939,364,1,3
1939,365,1,3
1939,366,1,3
1939,367,1,3
1939,368,1,3
1939,369,1,3
1939,370,1,3
1939,371,1,3
1939,372,1,3
1939,373,1,3
1939,374,1,3
1939,375,1,3
1939,376,1,3
1939,377,1,3
1939,378,1,3
1939,379,1,3
1939,380,1,3
1939,381,1,3
1939,382,1,3
1939,383,1,3
1939,384,1,3
1939,385,1,3
1939,386,1,3
1939,387,1,3
1939,388,1,3
1939,389,1,3
1939,390,1,3
1939,391,1,3
1939,392,1,3
1939,393,1,3
1939,394,1,3
1939,395,1,3
1939,396,1,3
1939,397,1,3
1939,398,1,3
1939,399,1,3
1939,400,1,3
1939,401,1,3
1939,402,1,3
1939,403,1,3
1939,404,1,3
1939,405,1,3
1939,406,1,3
1939,407,1,3
1939,408,1,3
1939,409,1,3
1939,410,1,3
1939,411,1,3
1939,412,1,3
1939,413,1,3
1939,414,1,3
1939,415,1,3
1939,416,1,3
1939,417,1,3
1939,418,1,3
1939,419,1,3
1939,420,1,3
1939,421,1,3
1939,422,1,3
1939,423,1,3
1939,424,1,3
1939,425,1,3
1939,426,1,3
1939,427,1,3
1939,428,1,3
1939,429,1,3
1939,430,1,3
1939,431,1,2
1939,432,1,2
1939,433,1,2
1939,434,1,2
1939,435,1,2
1939,436,1,2
1939,437,1,2
1939,438,1,2
1939,439,1,2
1939,440,1,2
1939,441,1,2
1939,442,1,2
1939,443,1,2
1939,444,1,2
1939,445,1,2
1939,446,1,2
1939,447,1,2
1939,448,1,2
1939,449,1,2
1939,450,1,2
1939,451,1,2
1939,452,1,2
1939,453,1,2
1939,454,1,2
1939,455,1,2
1939,456,1,2
1939,457,1,2
1939,458,1,2
1939,459,1,2
1939,460,1,2
1939,461,1,2
1939,462,1,2
1939,463,1,2
1939,464,1,2
1939,465,1,2
1939,466,1,2
1939,467,1,2
1939,468,1,2
1939,469,1,2
1939,470,1,2
1939,471,1,2
1939,472,1,2
1939,473,1,2
1939,474,1,2
1939,475,1,2
1939,476,1,2
1939,477,1,2
1939,478,1,2
1939,479,1,2
1939,480,1,2
1939,481,1,2
1939,482,1,2
1939,483,1,2
1939,484,1,2
1939,485,1,2
1939,486,1,2
1939,487,1,2
1939,488,1,2
1939,489,1,2
1939,490,1,2
1939,491,1,2
1939,492,1,2
1939,493,1,2
1939,494,1,2
1939,495,1,2
1939,496,1,2
1939,497,1,2
1939,498,1,2
1939,499,1,2
1939,500,1,3
1939,501,1,3
1939,502,1,3
1939,503,1,3
1939,504,1,3
1939,505,1,3
1939,506,1,3
1939,507,1,3
1939,508,1,3
1939,509,1,3
1939,510,1,3
1939,511,1,3
1939,512,1,3
1939,513,1,3
1939,514,1,3
1939,515,1,3
1939,516,1,3
1939,517,1,3
1939,518,1,3
1939,519,1,3
1939,520,1,3
1939,521,1,3
1939,522,1,3
1939,523,1,3
1939,524,1,3
1939,525,1,3
1939,526,1,3
1939,527,1,3
1939,528,1,3
1939,529,1,3
1939,530,1,3
1939,531,1,3
1939,532,1,3
1939,533,1,3
1939,534,1,3
1939,535,1,3
1939,536,1,3
1939,537,1,3
1939,538,1,3
1939,539,1,3
1939,540,1,3
1939,541,1,3
1939,542,1,3
1939,543,1,3
1939,544,1,3
1939,545,1,3
1939,546,1,3
1939,547,1,3
1939,548,1,3
1939,549,1,3
1939,550,1,2
1939,551,1,2
1939,552,1,2
1939,553,1,2
1939,554,1,2
1939,555,1,2
1939,556,1,2
1939,557,1,2
1939,558,1,2
1939,559,1,2
1939,560,1,2
1939,561,1,2
1939,562,1,2
1939,563,1,2
1939,564,1,2
1939,565,1,2
1939,566,1,2
1939,567,1,2
1939,568,1,2
1939,569,1,2
1939,570,1,2
1939,571,1,2
1939,572,1,2
1939,573,1,2
1939,574,1,2
1939,575,1,2
1939,576,1,2
1939,577,1,2
1939,578,1,2
1939,579,1,2
1939,580,1,2
1939,581,1,2
1939,582,1,2
1939,583,1,2
1939,584,1,2
1939,585,1,2
1939,586,1,2
1939,587,1,2
1939,588,1,2
1939,589,1,2
1939,590,1,2
1939,591,1,2
1939,592,1,2
1939,593,1,2
1939,594,1,2
1939,595,1,2
1939,596,1,2
1939,597,1,2
1939,598,1,2
1939,599,1,2
1939,600,1,2
1939,601,1,2
1939,602,1,2
1939,603,1,2
1939,604,1,2
1939,605,1,2
1939,606,1,2
1939,607,1,2
1939,608,1,2
1939,609,1,2
1939,610,1,2
1939,611,1,2
1939,612,1,2
1939,613,1,2
1939,614,1,2
1939,615,1,2
1939,616,1,2
1939,617,1,2
1939,618,1,2
1939,619,1,2
1939,620,1,2
1939,621,1,2
1939,622,1,2
1939,623,1,2
1939,624,1,2
1939,625,1,2
1939,626,1,2
1939,627,1,2
1939,628,1,2
1939,629,1,2
1939,630,1,2
1939,631,1,2
1939,632,1,2
1939,633,1,2
1939,634,1,2
1939,635,1,2
1939,636,1,2
1939,637,1,2
1939,638,1,2
1939,639,1,2
1939,640,1,2
1939,641,1,2
1939,642,1,2
1939,643,1,2
1939,644,1,2
1939,645,1,2
1939,646,1,2
1939,647,1,2
1939,648,1,2
1939,649,1,2
1939,650,1,2
1939,651,1,2
1939,652,1,2
1939,653,1,2
1940,109,1,2
1940,110,1,2
1940,111,1,2
1940,112,1,2
1940,113,1,2
1940,114,1,3
1940,115,1,3
1940,116,1,3
1940,117,1,3
1940,118,1,3
1940,119,1,3
1940,120,1,3
1940,121,1,3
1940,122,1,3
1940,123,1,3
1940,124,1,3
1940,125,1,3
1940,126,1,3
1940,127,1,3
1940,128,1,3
1940,129,1,3
1940,130,1,3
1940,131,1,3
1940,132,1,3
1940,133,1,3
1940,134,1,3
1940,135,1,3
1940,136,1,3
1940,137,1,3
1940,138,1,3
1940,139,1,3
1940,140,1,3
1940,141,1,3
1940,142,1,3
1940,143,1,3
1940,144,1,3
1940,145,1,3
1940,146,1,3
1940,147,1,3
1940,148,1,3
1940,149,1,3
1940,150,1,3
1940,151,1,3
1940,152,1,3
1940,153,1,3
1940,154,1,3
1940,155,1,3
1940,156,1,3
1940,157,1,3
1940,158,1,2
1940,159,1,2
1940,160,1,2
1940,161,1,2
1940,162,1,2
1940,163,1,2
1940,164,1,2
1940,165,1,2
1940,166,1,2
1940,167,1,2
1940,168,1,2
1940,169,1,2
1940,170,1,2
1940,171,1,2
1940,172,1,2
1940,173,1,2
1940,174,1,2
1940,175,1,2
1940,176,1,2
1940,177,1,2
1940,178,1,2
1940,179,1,2
1940,180,1,2
1940,181,1,2
1940,182,1,2
1940,183,1,2
1940,184,1,2
1940,185,1,2
1940,186,1,2
1940,187,1,2
1940,188,1,2
1940,189,1,2
1940,190,1,2
1940,191,1,2
1940,192,1,2
1940,193,1,2
1940,194,1,2
1940,195,1,2
1940,196,1,2
1940,197,1,2
1940,198,1,2
1940,199,1,2
1940,200,1,2
1940,201,1,2
1940,202,1,2
1940,203,1,2
1940,204,1,2
1940,205,1,2
1940,206,1,2
1940,207,1,2
1940,208,1,2
1940,209,1,2
1940,210,1,2
1940,211,1,2
1940,212,1,2
1940,213,1,2
1940,214,1,2
1940,215,1,2
1940,216,1,2
1940,217,1,2
1940,218,1,2
1940,219,1,2
1940,220,1,2
1940,221,1,2
1940,222,1,2
1940,223,1,2
1940,224,1,2
1940,225,1,2
1940,226,1,2
1940,227,1,2
1940,228,1,2
1940,229,1,2
1940,230,1,2
1940,231,1,2
1940,232,1,2
1940,233,1,2
1940,234,1,2
1940,235,1,2
1940,236,1,2
1940,237,1,2
1940,238,1,2
1940,239,1,2
1940,240,1,2
1940,241,1,2
1940,242,1,2
1940,243,1,2
1940,244,1,2
1940,245,1,2
1940,246,1,2
1940,247,1,2
1940,248,1,2
1940,249,1,2
1940,250,1,2
1940,251,1,2
1940,252,1,2
1940,253,1,2
1940,254,1,2
1940,255,1,2
1940,256,1,2
1940,257,1,2
1940,258,1,2
1940,259,1,2
1940,260,1,2
1940,261,1,2
1940,262,1,2
1940,263,1,2
1940,264,1,2
1940,265,1,2
1940,266,1,2
1940,267,1,2
1940,268,1,2
1940,269,1,2
1940,270,1,2
1940,271,1,2
1940,272,1,2
1940,273,1,2
1940,274,1,2
1940,275,1,2
1940,276,1,2
1940,277,1,2
1940,278,1,2
1940,279,1,2
1940,280,1,2
1940,281,1,2
1940,282,1,2
1940,283,1,2
1940,284,1,2
1940,285,1,2
1940,286,1,2
1940,287,1,2
1940,288,1,2
1940,289,1,2
1940,290,1,2
1940,291,1,2
1940,292,1,2
1940,293,1,2
1940,294,1,2
1940,295,1,2
1940,296,1,2
1940,297,1,2
1940,298,1,2
1940,299,1,2
1940,300,1,2
1940,301,1,2
1940,302,1,2
1940,303,1,2
1940,304,1,2
1940,305,1,2
1940,306,1,2
1940,307,1,2
1940,308,1,2
1940,309,1,2
1940,310,1,2
1940,311,1,2
1940,312,1,2
1940,313,1,2
1940,314,1,2
1940,315,1,2
1940,316,1,2
1940,317,1,2
1940,318,1,2
1940,319,1,2
1940,320,1,2
1940,321,1,2
1940,322,1,2
1940,323,1,2
1940,324,1,2
1940,325,1,2
1940,326,1,2
1940,327,1,2
1940,328,1,2
1940,329,1,2
1940,330,1,2
1940,331,1,2
1940,332,1,2
1940,333,1,2
1940,334,1,2
1940,335,1,2
1940,336,1,2
1940,337,1,2
1940,338,1,2
1940,339,1,2
1940,340,1,2
1940,341,1,2
1940,342,1,2
1940,343,1,3
1940,344,1,3
1940,345,1,3
1940,346,1,3
1940,347,1,3
1940,348,1,3
1940,349,1,3
1940,350,1,3
1940,351,1,3
1940,352,1,3
1940,353,1,3
1940,354,1,3
1940,355,1,3
1940,356,1,3
1940,357,1,3
1940,358,1,3
1940,359,1,3
1940,360,1,3
1940,361,1,3
1940,362,1,3
1940,363,1,3
1940,364,1,3
1940,365,1,3
1940,366,1,3
1940,367,1,3
1940,368,1,3
1940,369,1,3
1940,370,1,3
1940,371,1,3
1940,372,1,3
1940,373,1,3
1940,374,1,3
1940,375,1,3
1940,376,1,3
1940,377,1,3
1940,378,1,3
1940,379,1,3
1940,380,1,3
1940,381,1,3
1940,382,1,3
1940,383,1,3
1940,384,1,3
1940,385,1,3
1940,386,1,3
1940,387,1,3
1940,388,1,3
1940,389,1,3
1940,390,1,3
1940,391,1,3
1940,392,1,3
1940,393,1,3
1940,394,1,3
1940,395,1,3
1940,396,1,3
1940,397,1,3
1940,398,1,3
1940,399,1,3
1940,400,1,3
1940,401,1,3
1940,402,1,3
1940,403,1,3
1940,404,1,3
1940,405,1,3
1940,406,1,3
1940,407,1,3
1940,408,1,3
1940,409,1,3
1940,410,1,3
1940,411,1,3
1940,412,1,3
1940,413,1,3
1940,414,1,3
1940,415,1,3
1940,416,1,3
1940,417,1,3
1940,418,1,3
1940,419,1,3
1940,420,1,3
1940,421,1,3
1940,422,1,3
1940,423,1,3
1940,424,1,3
1940,425,1,3
1940,426,1,3
1940,427,1,3
1940,428,1,3
1940,429,1,3
1940,430,1,3
1940,431,1,2
1940,432,1,2
1940,433,1,2
1940,434,1,2
1940,435,1,2
1940,436,1,2
1940,437,1,2
1940,438,1,2
1940,439,1,2
1940,440,1,2
1940,441,1,2
1940,442,1,2
1940,443,1,2
1940,444,1,2
1940,445,1,2
1940,446,1,2
1940,447,1,2
1940,448,1,2
1940,449,1,2
1940,450,1,2
1940,451,1,2
1940,452,1,2
1940,453,1,2
1940,454,1,2
1940,455,1,2
1940,456,1,2
1940,457,1,2
1940,458,1,2
1940,459,1,2
1940,460,1,2
1940,461,1,2
1940,462,1,2
1940,463,1,2
1940,464,1,2
1940,465,1,2
1940,466,1,2
1940,467,1,2
1940,468,1,2
1940,469,1,2
1940,470,1,2
1940,471,1,2
1940,472,1,2
1940,473,1,2
1940,474,1,2
1940,475,1,2
1940,476,1,2
1940,477,1,2
1940,478,1,2
1940,479,1,2
1940,480,1,2
1940,481,1,2
1940,482,1,2
1940,483,1,2
1940,484,1,2
1940,485,1,2
1940,486,1,2
1940,487,1,2
1940,488,1,2
1940,489,1,2
1940,490,1,2
1940,491,1,2
1940,492,1,2
1940,493,1,2
1940,494,1,2
1940,495,1,2
1940,496,1,2
1940,497,1,2
1940,498,1,2
1940,499,1,3
1940,500,1,3
1940,501,1,3
1940,502,1,3
1940,503,1,3
1940,504,1,3
1940,505,1,3
1940,506,1,3
1940,507,1,3
1940,508,1,3
1940,509,1,3
1940,510,1,3
1940,511,1,3
1940,512,1,3
1940,513,1,3
1940,514,1,3
1940,515,1,3
1940,516,1,3
1940,517,1,3
1940,518,1,3
1940,519,1,3
1940,520,1,3
1940,521,1,3
1940,522,1,3
1940,523,1,3
1940,524,1,3
1940,525,1,3
1940,526,1,3
1940,527,1,3
1940,528,1,3
1940,529,1,3
1940,530,1,3
1940,531,1,3
1940,532,1,3
1940,533,1,3
1940,534,1,3
1940,535,1,3
1940,536,1,3
1940,537,1,3
1940,538,1,3
1940,539,1,3
1940,540,1,3
1940,541,1,3
1940,542,1,3
1940,543,1,3
1940,544,1,3
1940,545,1,3
1940,546,1,3
1940,547,1,3
1940,548,1,3
1940,549,1,3
1940,550,1,2
1940,551,1,2
1940,552,1,2
1940,553,1,2
1940,554,1,2
1940,555,1,2
1940,556,1,2
1940,557,1,2
1940,558,1,2
1940,559,1,2
1940,560,1,2
1940,561,1,2
1940,562,1,2
1940,563,1,2
1940,564,1,2
1940,565,1,2
1940,566,1,2
1940,567,1,2
1940,568,1,2
1940,569,1,2
1940,570,1,2
1940,571,1,2
1940,572,1,2
1940,573,1,2
1940,574,1,2
1940,575,1,2
1940,576,1,2
1940,577,1,2
1940,578,1,2
1940,579,1,2
1940,580,1,2
1940,581,1,2
1940,582,1,2
1940,583,1,2
1940,584,1,2
1940,585,1,2
1940,586,1,2
1940,587,1,2
1940,588,1,2
1940,589,1,2
1940,590,1,2
1940,591,1,2
1940,592,1,2
1940,593,1,2
1940,594,1,2
1940,595,1,2
1940,596,1,2
1940,597,1,2
1940,598,1,2
1940,599,1,2
1940,600,1,2
1940,601,1,2
1940,602,1,2
1940,603,1,2
1940,604,1,2
1940,605,1,2
1940,606,1,2
1940,607,1,2
1940,608,1,2
1940,609,1,2
1940,610,1,2
1940,611,1,2
1940,612,1,2
1940,613,1,2
1940,614,1,2
1940,615,1,2
1940,616,1,2
1940,617,1,2
1940,618,1,2
1940,619,1,2
1940,620,1,2
1940,621,1,2
1940,622,1,2
1940,623,1,2
1940,624,1,2
1940,625,1,2
1940,626,1,2
1940,627,1,2
1940,628,1,2
1940,629,1,2
1940,630,1,2
1940,631,1,2
1940,632,1,2
1940,633,1,2
1940,634,1,2
1940,635,1,2
1940,636,1,2
1940,637,1,2
1940,638,1,2
1940,639,1,2
1940,640,1,2
1940,641,1,2
1940,642,1,2
1940,643,1,2
1940,644,1,2
1940,645,1,2
1940,646,1,2
1940,647,1,2
1940,648,1,2
1940,649,1,2
1940,650,1,2
1940,651,1,2
1940,652,1,2
1940,653,1,2
1941,110,1,2
1941,111,1,2
1941,112,1,2
1941,113,1,2
1941,114,1,3
1941,115,1,3
1941,116,1,3
1941,117,1,3
1941,118,1,3
1941,119,1,3
1941,120,1,3
1941,121,1,3
1941,122,1,3
1941,123,1,3
1941,124,1,3
1941,125,1,3
1941,126,1,3
1941,127,1,3
1941,128,1,3
1941,129,1,3
1941,130,1,3
1941,131,1,3
1941,132,1,3
1941,133,1,3
1941,134,1,3
1941,135,1,3
1941,136,1,3
1941,137,1,3
1941,138,1,3
1941,139,1,3
1941,140,1,3
1941,141,1,3
1941,142,1,3
1941,143,1,3
1941,144,1,3
1941,145,1,3
1941,146,1,3
1941,147,1,3
1941,148,1,3
1941,149,1,3
1941,150,1,3
1941,151,1,3
1941,152,1,3
1941,153,1,3
1941,154,1,3
1941,155,1,3
1941,156,1,3
1941,157,1,3
1941,158,1,3
1941,159,1,3
1941,160,1,3
1941,161,1,2
1941,162,1,2
1941,163,1,2
1941,164,1,2
1941,165,1,2
1941,166,1,2
1941,167,1,2
1941,168,1,2
1941,169,1,2
1941,170,1,2
1941,171,1,2
1941,172,1,2
1941,173,1,2
1941,174,1,2
1941,175,1,2
1941,176,1,2
1941,177,1,2
1941,178,1,2
1941,179,1,2
1941,180,1,2
1941,181,1,2
1941,182,1,2
1941,183,1,2
1941,184,1,2
1941,185,1,2
1941,186,1,2
1941,187,1,2
1941,188,1,2
1941,189,1,2
1941,190,1,2
1941,191,1,2
1941,192,1,2
1941,193,1,2
1941,194,1,2
1941,195,1,2
1941,196,1,2
1941,197,1,2
1941,198,1,2
1941,199,1,2
1941,200,1,2
1941,201,1,2
1941,202,1,2
1941,203,1,2
1941,204,1,2
1941,205,1,2
1941,206,1,2
1941,207,1,2
1941,208,1,2
1941,209,1,2
1941,210,1,2
1941,211,1,2
1941,212,1,2
1941,213,1,2
1941,214,1,2
1941,215,1,2
1941,216,1,2
1941,217,1,2
1941,218,1,2
1941,219,1,2
1941,220,1,2
1941,221,1,2
1941,222,1,2
1941,223,1,2
1941,224,1,2
1941,225,1,2
1941,226,1,2
1941,227,1,2
1941,228,1,2
1941,229,1,2
1941,230,1,2
1941,231,1,2
1941,232,1,2
1941,233,1,2
1941,234,1,2
1941,235,1,2
1941,236,1,2
1941,237,1,2
1941,238,1,2
1941,239,1,2
1941,240,1,2
1941,241,1,2
1941,242,1,2
1941,243,1,2
1941,244,1,2
1941,245,1,2
1941,246,1,2
1941,247,1,2
1941,248,1,2
1941,249,1,2
1941,250,1,2
1941,251,1,2
1941,252,1,2
1941,253,1,2
1941,254,1,2
1941,255,1,2
1941,256,1,2
1941,257,1,2
1941,258,1,2
1941,259,1,2
1941,260,1,2
1941,261,1,2
1941,262,1,2
1941,263,1,2
1941,264,1,2
1941,265,1,2
1941,266,1,2
1941,267,1,2
1941,268,1,2
1941,269,1,2
1941,270,1,2
1941,271,1,2
1941,272,1,2
1941,273,1,2
1941,274,1,2
1941,275,1,2
1941,276,1,2
1941,277,1,2
1941,278,1,2
1941,279,1,2
1941,280,1,2
1941,281,1,2
1941,282,1,2
1941,283,1,2
1941,284,1,2
1941,285,1,2
1941,286,1,2
1941,287,1,2
1941,288,1,2
1941,289,1,2
1941,290,1,2
1941,291,1,2
1941,292,1,2
1941,293,1,2
1941,294,1,2
1941,295,1,2
1941,296,1,2
1941,297,1,2
1941,298,1,2
1941,299,1,2
1941,300,1,2
1941,301,1,2
1941,302,1,2
1941,303,1,2
1941,304,1,2
1941,305,1,2
1941,306,1,2
1941,307,1,2
1941,308,1,2
1941,309,1,2
1941,310,1,2
1941,311,1,2
1941,312,1,2
1941,313,1,2
1941,314,1,2
1941,315,1,2
1941,316,1,2
1941,317,1,2
1941,318,1,2
1941,319,1,2
1941,320,1,2
1941,321,1,2
1941,322,1,2
1941,323,1,2
1941,324,1,2
1941,325,1,2
1941,326,1,2
1941,327,1,2
1941,328,1,2
1941,329,1,2
1941,330,1,2
1941,331,1,2
1941,332,1,2
1941,333,1,2
1941,334,1,2
1941,335,1,2
1941,336,1,2
1941,337,1,2
1941,338,1,2
1941,339,1,2
1941,340,1,2
1941,341,1,2
1941,342,1,3
1941,343,1,3
1941,344,1,3
1941,345,1,3
1941,346,1,3
1941,347,1,3
1941,348,1,3
1941,349,1,3
1941,350,1,3
1941,351,1,3
1941,352,1,3
1941,353,1,3
1941,354,1,3
1941,355,1,3
1941,356,1,3
1941,357,1,3
1941,358,1,3
1941,359,1,3
1941,360,1,3
1941,361,1,3
1941,362,1,3
1941,363,1,3
1941,364,1,3
1941,365,1,3
1941,366,1,3
1941,367,1,3
1941,368,1,3
1941,369,1,3
1941,370,1,3
1941,371,1,3
1941,372,1,3
1941,373,1,3
1941,374,1,3
1941,375,1,3
1941,376,1,3
1941,377,1,3
1941,378,1,3
1941,379,1,3
1941,380,1,3
1941,381,1,3
1941,382,1,3
1941,383,1,3
1941,384,1,3
1941,385,1,3
1941,386,1,3
1941,387,1,3
1941,388,1,3
1941,389,1,3
1941,390,1,3
1941,391,1,3
1941,392,1,3
1941,393,1,3
1941,394,1,3
1941,395,1,3
1941,396,1,3
1941,397,1,3
1941,398,1,3
1941,399,1,3
1941,400,1,3
1941,401,1,3
1941,402,1,3
1941,403,1,3
1941,404,1,3
1941,405,1,3
1941,406,1,3
1941,407,1,3
1941,408,1,3
1941,409,1,3
1941,410,1,3
1941,411,1,3
1941,412,1,3
1941,413,1,3
1941,414,1,3
1941,415,1,3
1941,416,1,3
1941,417,1,3
1941,418,1,3
1941,419,1,3
1941,420,1,3
1941,421,1,3
1941,422,1,3
1941,423,1,3
1941,424,1,3
1941,425,1,3
1941,426,1,3
1941,427,1,3
1941,428,1,3
1941,429,1,3
1941,430,1,3
1941,431,1,2
1941,432,1,2
1941,433,1,2
1941,434,1,2
1941,435,1,2
1941,436,1,2
1941,437,1,2
1941,438,1,2
1941,439,1,2
1941,440,1,2
1941,441,1,2
1941,442,1,2
1941,443,1,2
1941,444,1,2
1941,445,1,2
1941,446,1,2
1941,447,1,2
1941,448,1,2
1941,449,1,2
1941,450,1,2
1941,451,1,2
1941,452,1,2
1941,453,1,2
1941,454,1,2
1941,455,1,2
1941,456,1,2
1941,457,1,2
1941,458,1,2
1941,459,1,2
1941,460,1,2
1941,461,1,2
1941,462,1,2
1941,463,1,2
1941,464,1,2
1941,465,1,2
1941,466,1,2
1941,467,1,2
1941,468,1,2
1941,469,1,2
1941,470,1,2
1941,471,1,2
1941,472,1,2
1941,473,1,2
1941,474,1,2
1941,475,1,2
1941,476,1,2
1941,477,1,2
1941,478,1,2
1941,479,1,2
1941,480,1,2
1941,481,1,2
1941,482,1,2
1941,483,1,2
1941,484,1,2
1941,485,1,2
1941,486,1,2
1941,487,1,2
1941,488,1,2
1941,489,1,2
1941,490,1,2
1941,491,1,2
1941,492,1,2
1941,493,1,2
1941,494,1,2
1941,495,1,2
1941,496,1,2
1941,497,1,2
1941,498,1,3
1941,499,1,3
1941,500,1,3
1941,501,1,3
1941,502,1,3
1941,503,1,3
1941,504,1,3
1941,505,1,3
1941,506,1,3
1941,507,1,3
1941,508,1,3
1941,509,1,3
1941,510,1,3
1941,511,1,3
1941,512,1,3
1941,513,1,3
1941,514,1,3
1941,515,1,3
1941,516,1,3
1941,517,1,3
1941,518,1,3
1941,519,1,3
1941,520,1,3
1941,521,1,3
1941,522,1,3
1941,523,1,3
1941,524,1,3
1941,525,1,3
1941,526,1,3
1941,527,1,3
1941,528,1,3
1941,529,1,3
1941,530,1,3
1941,531,1,3
1941,532,1,3
1941,533,1,3
1941,534,1,3
1941,535,1,3
1941,536,1,3
1941,537,1,3
1941,538,1,3
1941,539,1,3
1941,540,1,3
1941,541,1,3
1941,542,1,3
1941,543,1,3
1941,544,1,3
1941,545,1,3
1941,546,1,3
1941,547,1,3
1941,548,1,3
1941,549,1,3
1941,550,1,2
1941,551,1,2
1941,552,1,2
1941,553,1,2
1941,554,1,2
1941,555,1,2
1941,556,1,2
1941,557,1,2
1941,558,1,2
1941,559,1,2
1941,560,1,2
1941,561,1,2
1941,562,1,2
1941,563,1,2
1941,564,1,2
1941,565,1,2
1941,566,1,2
1941,567,1,2
1941,568,1,2
1941,569,1,2
1941,570,1,2
1941,571,1,2
1941,572,1,2
1941,573,1,2
1941,574,1,2
1941,575,1,2
1941,576,1,2
1941,577,1,2
1941,578,1,2
1941,579,1,2
1941,580,1,2
1941,581,1,2
1941,582,1,2
1941,583,1,2
1941,584,1,2
1941,585,1,2
1941,586,1,2
1941,587,1,2
1941,588,1,2
1941,589,1,2
1941,590,1,2
1941,591,1,2
1941,592,1,2
1941,593,1,2
1941,594,1,2
1941,595,1,2
1941,596,1,2
1941,597,1,2
1941,598,1,2
1941,599,1,2
1941,600,1,2
1941,601,1,2
1941,602,1,2
1941,603,1,2
1941,604,1,2
1941,605,1,2
1941,606,1,2
1941,607,1,2
1941,608,1,2
1941,609,1,2
1941,610,1,2
1941,611,1,2
1941,612,1,2
1941,613,1,2
1941,614,1,2
1941,615,1,2
1941,616,1,2
1941,617,1,2
1941,618,1,2
1941,619,1,2
1941,620,1,2
1941,621,1,2
1941,622,1,2
1941,623,1,2
1941,624,1,2
1941,625,1,2
1941,626,1,2
1941,627,1,2
1941,628,1,2
1941,629,1,2
1941,630,1,2
1941,631,1,2
1941,632,1,2
1941,633,1,2
1941,634,1,2
1941,635,1,2
1941,636,1,2
1941,637,1,2
1941,638,1,2
1941,639,1,2
1941,640,1,2
1941,641,1,2
1941,642,1,2
1941,643,1,2
1941,644,1,2
1941,645,1,2
1941,646,1,2
1941,647,1,2
1941,648,1,2
1941,649,1,2
1941,650,1,2
1941,651,1,2
1941,652,1,2
1941,653,1,2
1942,110,1,2
1942,111,1,2
1942,112,1,2
1942,113,1,2
1942,114,1,3
1942,115,1,3
1942,116,1,3
1942,117,1,3
1942,118,1,3
1942,119,1,3
1942,120,1,3
1942,121,1,3
1942,122,1,3
1942,123,1,3
1942,124,1,3
1942,125,1,3
1942,126,1,3
1942,127,1,3
1942,128,1,3
1942,129,1,3
1942,130,1,3
1942,131,1,3
1942,132,1,3
1942,133,1,3
1942,134,1,3
1942,135,1,3
1942,136,1,3
1942,137,1,3
1942,138,1,3
1942,139,1,3
1942,140,1,3
1942,141,1,3
1942,142,1,3
1942,143,1,3
1942,144,1,3
1942,145,1,3
1942,146,1,3
1942,147,1,3
1942,148,1,3
1942,149,1,3
1942,150,1,3
1942,151,1,3
1942,152,1,3
1942,153,1,3
1942,154,1,3
1942,155,1,3
1942,156,1,3
1942,157,1,3
1942,158,1,3
1942,159,1,3
1942,160,1,3
1942,161,1,2
1942,162,1,2
1942,163,1,2
1942,164,1,2
1942,165,1,2
1942,166,1,2
1942,167,1,2
1942,168,1,2
1942,169,1,2
1942,170,1,2
1942,171,1,2
1942,172,1,2
1942,173,1,2
1942,174,1,2
1942,175,1,2
1942,176,1,2
1942,177,1,2
1942,178,1,2
1942,179,1,2
1942,180,1,2
1942,181,1,2
1942,182,1,2
1942,183,1,2
1942,184,1,2
1942,185,1,2
1942,186,1,2
1942,187,1,2
1942,188,1,2
1942,189,1,2
1942,190,1,2
1942,191,1,2
1942,192,1,2
1942,193,1,2
1942,194,1,2
1942,195,1,2
1942,196,1,2
1942,197,1,2
1942,198,1,2
1942,199,1,2
1942,200,1,2
1942,201,1,2
1942,202,1,2
1942,203,1,2
1942,204,1,2
1942,205,1,2
1942,206,1,2
1942,207,1,2
1942,208,1,2
1942,209,1,2
1942,210,1,2
1942,211,1,2
1942,212,1,2
1942,213,1,2
1942,214,1,2
1942,215,1,2
1942,216,1,2
1942,217,1,2
1942,218,1,2
1942,219,1,2
1942,220,1,2
1942,221,1,2
1942,222,1,2
1942,223,1,2
1942,224,1,2
1942,225,1,2
1942,226,1,2
1942,227,1,2
1942,228,1,2
1942,229,1,2
1942,230,1,2
1942,231,1,2
1942,232,1,2
1942,233,1,2
1942,234,1,2
1942,235,1,2
1942,236,1,2
1942,237,1,2
1942,238,1,2
1942,239,1,2
1942,240,1,2
1942,241,1,2
1942,242,1,2
1942,243,1,2
1942,244,1,2
1942,245,1,2
1942,246,1,2
1942,247,1,2
1942,248,1,2
1942,249,1,2
1942,250,1,2
1942,251,1,2
1942,252,1,2
1942,253,1,2
1942,254,1,2
1942,255,1,2
1942,256,1,2
1942,257,1,2
1942,258,1,2
1942,259,1,2
1942,260,1,2
1942,261,1,2
1942,262,1,2
1942,263,1,2
1942,264,1,2
1942,265,1,2
1942,266,1,2
1942,267,1,2
1942,268,1,2
1942,269,1,2
1942,270,1,2
1942,271,1,2
1942,272,1,2
1942,273,1,2
1942,274,1,2
1942,275,1,2
1942,276,1,2
1942,277,1,2
1942,278,1,2
1942,279,1,2
1942,280,1,2
1942,281,1,2
1942,282,1,2
1942,283,1,2
1942,284,1,2
1942,285,1,2
1942,286,1,2
1942,287,1,2
1942,288,1,2
1942,289,1,2
1942,290,1,2
1942,291,1,2
1942,292,1,2
1942,293,1,2
1942,294,1,2
1942,295,1,2
1942,296,1,2
1942,297,1,2
1942,298,1,2
1942,299,1,2
1942,300,1,2
1942,301,1,2
1942,302,1,2
1942,303,1,2
1942,304,1,2
1942,305,1,2
1942,306,1,2
1942,307,1,2
1942,308,1,2
1942,309,1,2
1942,310,1,2
1942,311,1,2
1942,312,1,2
1942,313,1,2
1942,314,1,2
1942,315,1,2
1942,316,1,2
1942,317,1,2
1942,318,1,2
1942,319,1,2
1942,320,1,2
1942,321,1,2
1942,322,1,2
1942,323,1,2
1942,324,1,2
1942,325,1,2
1942,326,1,2
1942,327,1,2
1942,328,1,2
1942,329,1,2
1942,330,1,2
1942,331,1,2
1942,332,1,2
1942,333,1,2
1942,334,1,2
1942,335,1,2
1942,336,1,2
1942,337,1,2
1942,338,1,2
1942,339,1,2
1942,340,1,2
1942,341,1,3
1942,342,1,3
1942,343,1,3
1942,344,1,3
1942,345,1,3
1942,346,1,3
1942,347,1,3
1942,348,1,3
1942,349,1,3
1942,350,1,3
1942,351,1,3
1942,352,1,3
1942,353,1,3
1942,354,1,3
1942,355,1,3
1942,356,1,3
1942,357,1,3
1942,358,1,3
1942,359,1,3
1942,360,1,3
1942,361,1,3
1942,362,1,3
1942,363,1,3
1942,364,1,3
1942,365,1,3
1942,366,1,3
1942,367,1,3
1942,368,1,3
1942,369,1,3
1942,370,1,3
1942,371,1,3
1942,372,1,3
1942,373,1,3
1942,374,1,3
1942,375,1,3
1942,376,1,3
1942,377,1,3
1942,378,1,3
1942,379,1,3
1942,380,1,3
1942,381,1,3
1942,382,1,3
1942,383,1,3
1942,384,1,3
1942,385,1,3
1942,386,1,3
1942,387,1,3
1942,388,1,3
1942,389,1,3
1942,390,1,3
1942,391,1,3
1942,392,1,3
1942,393,1,3
1942,394,1,3
1942,395,1,3
1942,396,1,3
1942,397,1,3
1942,398,1,3
1942,399,1,3
1942,400,1,3
1942,401,1,3
1942,402,1,3
1942,403,1,3
1942,404,1,3
1942,405,1,3
1942,406,1,3
1942,407,1,3
1942,408,1,3
1942,409,1,3
1942,410,1,3
1942,411,1,3
1942,412,1,3
1942,413,1,3
1942,414,1,3
1942,415,1,3
1942,416,1,3
1942,417,1,3
1942,418,1,3
1942,419,1,3
1942,420,1,3
1942,421,1,3
1942,422,1,3
1942,423,1,3
1942,424,1,3
1942,425,1,3
1942,426,1,3
1942,427,1,3
1942,428,1,3
1942,429,1,3
1942,430,1,3
1942,431,1,2
1942,432,1,2
1942,433,1,2
1942,434,1,2
1942,435,1,2
1942,436,1,2
1942,437,1,2
1942,438,1,2
1942,439,1,2
1942,440,1,2
1942,441,1,2
1942,442,1,2
1942,443,1,2
1942,444,1,2
1942,445,1,2
1942,446,1,2
1942,447,1,2
1942,448,1,2
1942,449,1,2
1942,450,1,2
1942,451,1,2
1942,452,1,2
1942,453,1,2
1942,454,1,2
1942,455,1,2
1942,456,1,2
1942,457,1,2
1942,458,1,2
1942,459,1,2
1942,460,1,2
1942,461,1,2
1942,462,1,2
1942,463,1,2
1942,464,1,2
1942,465,1,2
1942,466,1,2
1942,467,1,2
1942,468,1,2
1942,469,1,2
1942,470,1,2
1942,471,1,2
1942,472,1,2
1942,473,1,2
1942,474,1,2
1942,475,1,2
1942,476,1,2
1942,477,1,2
1942,478,1,2
1942,479,1,2
1942,480,1,2
1942,481,1,2
1942,482,1,2
1942,483,1,2
1942,484,1,2
1942,485,1,2
1942,486,1,2
1942,487,1,2
1942,488,1,2
1942,489,1,2
1942,490,1,2
1942,491,1,2
1942,492,1,2
1942,493,1,2
1942,494,1,2
1942,495,1,2
1942,496,1,2
1942,497,1,2
1942,498,1,3
1942,499,1,3
1942,500,1,3
1942,501,1,3
1942,502,1,3
1942,503,1,3
1942,504,1,3
1942,505,1,3
1942,506,1,3
1942,507,1,3
1942,508,1,3
1942,509,1,3
1942,510,1,3
1942,511,1,3
1942,512,1,3
1942,513,1,3
1942,514,1,3
1942,515,1,3
1942,516,1,3
1942,517,1,3
1942,518,1,3
1942,519,1,3
1942,520,1,3
1942,521,1,3
1942,522,1,3
1942,523,1,3
1942,524,1,3
1942,525,1,3
1942,526,1,3
1942,527,1,3
1942,528,1,3
1942,529,1,3
1942,530,1,3
1942,531,1,3
1942,532,1,3
1942,533,1,3
1942,534,1,3
1942,535,1,3
1942,536,1,3
1942,537,1,3
1942,538,1,3
1942,539,1,3
1942,540,1,3
1942,541,1,3
1942,542,1,3
1942,543,1,3
1942,544,1,3
1942,545,1,3
1942,546,1,3
1942,547,1,3
1942,548,1,3
1942,549,1,2
1942,550,1,2
1942,551,1,2
1942,552,1,2
1942,553,1,2
1942,554,1,2
1942,555,1,2
1942,556,1,2
1942,557,1,2
1942,558,1,2
1942,559,1,2
1942,560,1,2
1942,561,1,2
1942,562,1,2
1942,563,1,2
1942,564,1,2
1942,565,1,2
1942,566,1,2
1942,567,1,2
1942,568,1,2
1942,569,1,2
1942,570,1,2
1942,571,1,2
1942,572,1,2
1942,573,1,2
1942,574,1,2
1942,575,1,2
1942,576,1,2
1942,577,1,2
1942,578,1,2
1942,579,1,2
1942,580,1,2
1942,581,1,2
1942,582,1,2
1942,583,1,2
1942,584,1,2
1942,585,1,2
1942,586,1,2
1942,587,1,2
1942,588,1,2
1942,589,1,2
1942,590,1,2
1942,591,1,2
1942,592,1,2
1942,593,1,2
1942,594,1,2
1942,595,1,2
1942,596,1,2
1942,597,1,2
1942,598,1,2
1942,599,1,2
1942,600,1,2
1942,601,1,2
1942,602,1,2
1942,603,1,2
1942,604,1,2
1942,605,1,2
1942,606,1,2
1942,607,1,2
1942,608,1,2
1942,609,1,2
1942,610,1,2
1942,611,1,2
1942,612,1,2
1942,613,1,2
1942,614,1,2
1942,615,1,2
1942,616,1,2
1942,617,1,2
1942,618,1,2
1942,619,1,2
1942,620,1,2
1942,621,1,2
1942,622,1,2
1942,623,1,2
1942,624,1,2
1942,625,1,2
1942,626,1,2
1942,627,1,2
1942,628,1,2
1942,629,1,2
1942,630,1,2
1942,631,1,2
1942,632,1,2
1942,633,1,2
1942,634,1,2
1942,635,1,2
1942,636,1,2
1942,637,1,2
1942,638,1,2
1942,639,1,2
1942,640,1,2
1942,641,1,2
1942,642,1,2
1942,643,1,2
1942,644,1,2
1942,645,1,2
1942,646,1,2
1942,647,1,2
1942,648,1,2
1942,649,1,2
1942,650,1,2
1942,651,1,2
1942,652,1,2
1942,653,1,2
1942,654,1,2
1943,111,1,2
1943,112,1,2
1943,113,1,2
1943,114,1,3
1943,115,1,3
1943,116,1,3
1943,117,1,3
1943,118,1,3
1943,119,1,3
1943,120,1,3
1943,121,1,3
1943,122,1,3
1943,123,1,3
1943,124,1,3
1943,125,1,3
1943,126,1,3
1943,127,1,3
1943,128,1,3
1943,129,1,3
1943,130,1,3
1943,131,1,3
1943,132,1,3
1943,133,1,3
1943,134,1,3
1943,135,1,3
1943,136,1,3
1943,137,1,3
1943,138,1,3
1943,139,1,3
1943,140,1,3
1943,141,1,3
1943,142,1,3
1943,143,1,3
1943,144,1,3
1943,145,1,3
1943,146,1,3
1943,147,1,3
1943,148,1,3
1943,149,1,3
1943,150,1,3
1943,151,1,3
1943,152,1,3
1943,153,1,3
1943,154,1,3
1943,155,1,3
1943,156,1,3
1943,157,1,3
1943,158,1,3
1943,159,1,3
1943,160,1,3
1943,161,1,3
1943,162,1,3
1943,163,1,2
1943,164,1,2
1943,165,1,2
1943,166,1,2
1943,167,1,2
1943,168,1,2
1943,169,1,2
1943,170,1,2
1943,171,1,2
1943,172,1,2
1943,173,1,2
1943,174,1,2
1943,175,1,2
1943,176,1,2
1943,177,1,2
1943,178,1,2
1943,179,1,2
1943,180,1,2
1943,181,1,2
1943,182,1,2
1943,183,1,2
1943,184,1,2
1943,185,1,2
1943,186,1,2
1943,187,1,2
1943,188,1,2
1943,189,1,2
1943,190,1,2
1943,191,1,2
1943,192,1,2
1943,193,1,2
1943,194,1,2
1943,195,1,2
1943,196,1,2
1943,197,1,2
1943,198,1,2
1943,199,1,2
1943,200,1,2
1943,201,1,2
1943,202,1,2
1943,203,1,2
1943,204,1,2
1943,205,1,2
1943,206,1,2
1943,207,1,2
1943,208,1,2
1943,209,1,2
1943,210,1,2
1943,211,1,2
1943,212,1,2
1943,213,1,2
1943,214,1,2
1943,215,1,2
1943,216,1,2
1943,217,1,2
1943,218,1,2
1943,219,1,2
1943,220,1,2
1943,221,1,2
1943,222,1,2
1943,223,1,2
1943,224,1,2
1943,225,1,2
1943,226,1,2
1943,227,1,2
1943,228,1,2
1943,229,1,2
1943,230,1,2
1943,231,1,2
1943,232,1,2
1943,233,1,2
1943,234,1,2
1943,235,1,2
1943,236,1,2
1943,237,1,2
1943,238,1,2
1943,239,1,2
1943,240,1,2
1943,241,1,2
1943,242,1,2
1943,243,1,2
1943,244,1,2
1943,245,1,2
1943,246,1,2
1943,247,1,2
1943,248,1,2
1943,249,1,2
1943,250,1,2
1943,251,1,2
1943,252,1,2
1943,253,1,2
1943,254,1,2
1943,255,1,2
1943,256,1,2
1943,257,1,2
1943,258,1,2
1943,259,1,2
1943,260,1,2
1943,261,1,2
1943,262,1,2
1943,263,1,2
1943,264,1,2
1943,265,1,2
1943,266,1,2
1943,267,1,2
1943,268,1,2
1943,269,1,2
1943,270,1,2
1943,271,1,2
1943,272,1,2
1943,273,1,2
1943,274,1,2
1943,275,1,2
1943,276,1,2
1943,277,1,2
1943,278,1,2
1943,279,1,2
1943,280,1,2
1943,281,1,2
1943,282,1,2
1943,283,1,2
1943,284,1,2
1943,285,1,2
1943,286,1,2
1943,287,1,2
1943,288,1,2
1943,289,1,2
1943,290,1,2
1943,291,1,2
1943,292,1,2
1943,293,1,2
1943,294,1,2
1943,295,1,2
1943,296,1,2
1943,297,1,2
1943,298,1,2
1943,299,1,2
1943,300,1,2
1943,301,1,2
1943,302,1,2
1943,303,1,2
1943,304,1,2
1943,305,1,2
1943,306,1,2
1943,307,1,2
1943,308,1,2
1943,309,1,2
1943,310,1,2
1943,311,1,2
1943,312,1,2
1943,313,1,2
1943,314,1,2
1943,315,1,2
1943,316,1,2
1943,317,1,2
1943,318,1,2
1943,319,1,2
1943,320,1,2
1943,321,1,2
1943,322,1,2
1943,323,1,2
1943,324,1,2
1943,325,1,2
1943,326,1,2
1943,327,1,2
1943,328,1,2
1943,329,1,2
1943,330,1,2
1943,331,1,2
1943,332,1,2
1943,333,1,2
1943,334,1,2
1943,335,1,2
1943,336,1,2
1943,337,1,2
1943,338,1,2
1943,339,1,2
1943,340,1,3
1943,341,1,3
1943,342,1,3
1943,343,1,3
1943,344,1,3
1943,345,1,3
1943,346,1,3
1943,347,1,3
1943,348,1,3
1943,349,1,3
1943,350,1,3
1943,351,1,3
1943,352,1,3
1943,353,1,3
1943,354,1,3
1943,355,1,3
1943,356,1,3
1943,357,1,3
1943,358,1,3
1943,359,1,3
1943,360,1,3
1943,361,1,3
1943,362,1,3
1943,363,1,3
1943,364,1,3
1943,365,1,3
1943,366,1,3
1943,367,1,3
1943,368,1,3
1943,369,1,3
1943,370,1,3
1943,371,1,3
1943,372,1,3
1943,373,1,3
1943,374,1,3
1943,375,1,3
1943,376,1,3
1943,377,1,3
1943,378,1,3
1943,379,1,3
1943,380,1,3
1943,381,1,3
1943,382,1,3
1943,383,1,3
1943,384,1,3
1943,385,1,3
1943,386,1,3
1943,387,1,3
1943,388,1,3
1943,389,1,3
1943,390,1,3
1943,391,1,3
1943,392,1,3
1943,393,1,3
1943,394,1,3
1943,395,1,3
1943,396,1,3
1943,397,1,3
1943,398,1,3
1943,399,1,3
1943,400,1,3
1943,401,1,3
1943,402,1,3
1943,403,1,3
1943,404,1,3
1943,405,1,3
1943,406,1,3
1943,407,1,3
1943,408,1,3
1943,409,1,3
1943,410,1,3
1943,411,1,3
1943,412,1,3
1943,413,1,3
1943,414,1,3
1943,415,1,3
1943,416,1,3
1943,417,1,3
1943,418,1,3
1943,419,1,3
1943,420,1,3
1943,421,1,3
1943,422,1,3
1943,423,1,3
1943,424,1,3
1943,425,1,3
1943,426,1,3
1943,427,1,3
1943,428,1,3
1943,429,1,3
1943,430,1,3
1943,431,1,2
1943,432,1,2
1943,433,1,2
1943,434,1,2
1943,435,1,2
1943,436,1,2
1943,437,1,2
1943,438,1,2
1943,439,1,2
1943,440,1,2
1943,441,1,2
1943,442,1,2
1943,443,1,2
1943,444,1,2
1943,445,1,2
1943,446,1,2
1943,447,1,2
1943,448,1,2
1943,449,1,2
1943,450,1,2
1943,451,1,2
1943,452,1,2
1943,453,1,2
1943,454,1,2
1943,455,1,2
1943,456,1,2
1943,457,1,2
1943,458,1,2
1943,459,1,2
1943,460,1,2
1943,461,1,2
1943,462,1,2
1943,463,1,2
1943,464,1,2
1943,465,1,2
1943,466,1,2
1943,467,1,2
1943,468,1,2
1943,469,1,2
1943,470,1,2
1943,471,1,2
1943,472,1,2
1943,473,1,2
1943,474,1,2
1943,475,1,2
1943,476,1,2
1943,477,1,2
1943,478,1,2
1943,479,1,2
1943,480,1,2
1943,481,1,2
1943,482,1,2
1943,483,1,2
1943,484,1,2
1943,485,1,2
1943,486,1,2
1943,487,1,2
1943,488,1,2
1943,489,1,2
1943,490,1,2
1943,491,1,2
1943,492,1,2
1943,493,1,2
1943,494,1,2
1943,495,1,2
1943,496,1,2
1943,497,1,3
1943,498,1,3
1943,499,1,3
1943,500,1,3
1943,501,1,3
1943,502,1,3
1943,503,1,3
1943,504,1,3
1943,505,1,3
1943,506,1,3
1943,507,1,3
1943,508,1,3
1943,509,1,3
1943,510,1,3
1943,511,1,3
1943,512,1,3
1943,513,1,3
1943,514,1,3
1943,515,1,3
1943,516,1,3
1943,517,1,3
1943,518,1,3
1943,519,1,3
1943,520,1,3
1943,521,1,3
1943,522,1,3
1943,523,1,3
1943,524,1,3
1943,525,1,3
1943,526,1,3
1943,527,1,3
1943,528,1,3
1943,529,1,3
1943,530,1,3
1943,531,1,3
1943,532,1,3
1943,533,1,3
1943,534,1,3
1943,535,1,3
1943,536,1,3
1943,537,1,3
1943,538,1,3
1943,539,1,3
1943,540,1,3
1943,541,1,3
1943,542,1,3
1943,543,1,3
1943,544,1,3
1943,545,1,3
1943,546,1,3
1943,547,1,3
1943,548,1,3
1943,549,1,2
1943,550,1,2
1943,551,1,2
1943,552,1,2
1943,553,1,2
1943,554,1,2
1943,555,1,2
1943,556,1,2
1943,557,1,2
1943,558,1,2
1943,559,1,2
1943,560,1,2
1943,561,1,2
1943,562,1,2
1943,563,1,2
1943,564,1,2
1943,565,1,2
1943,566,1,2
1943,567,1,2
1943,568,1,2
1943,569,1,2
1943,570,1,2
1943,571,1,2
1943,572,1,2
1943,573,1,2
1943,574,1,2
1943,575,1,2
1943,576,1,2
1943,577,1,2
1943,578,1,2
1943,579,1,2
1943,580,1,2
1943,581,1,2
1943,582,1,2
1943,583,1,2
1943,584,1,2
1943,585,1,2
1943,586,1,2
1943,587,1,2
1943,588,1,3
1943,589,1,3
1943,590,1,3
1943,591,1,3
1943,592,1,3
1943,593,1,2
1943,594,1,2
1943,595,1,2
1943,596,1,2
1943,597,1,2
1943,598,1,2
1943,599,1,2
1943,600,1,2
1943,601,1,2
1943,602,1,2
1943,603,1,2
1943,604,1,2
1943,605,1,2
1943,606,1,2
1943,607,1,2
1943,608,1,2
1943,609,1,2
1943,610,1,2
1943,611,1,2
1943,612,1,2
1943,613,1,2
1943,614,1,2
1943,615,1,2
1943,616,1,2
1943,617,1,2
1943,618,1,2
1943,619,1,2
1943,620,1,2
1943,621,1,2
1943,622,1,2
1943,623,1,2
1943,624,1,2
1943,625,1,2
1943,626,1,2
1943,627,1,2
1943,628,1,2
1943,629,1,2
1943,630,1,2
1943,631,1,2
1943,632,1,2
1943,633,1,2
1943,634,1,2
1943,635,1,2
1943,636,1,2
1943,637,1,2
1943,638,1,2
1943,639,1,2
1943,640,1,2
1943,641,1,2
1943,642,1,2
1943,643,1,2
1943,644,1,2
1943,645,1,2
1943,646,1,2
1943,647,1,2
1943,648,1,2
1943,649,1,2
1943,650,1,2
1943,651,1,2
1943,652,1,2
1943,653,1,2
1943,654,1,2
1943,655,1,2
1944,112,1,2
1944,113,1,2
1944,114,1,3
1944,115,1,3
1944,116,1,3
1944,117,1,3
1944,118,1,3
1944,119,1,3
1944,120,1,3
1944,121,1,3
1944,122,1,3
1944,123,1,3
1944,124,1,3
1944,125,1,3
1944,126,1,3
1944,127,1,3
1944,128,1,3
1944,129,1,3
1944,130,1,3
1944,131,1,3
1944,132,1,3
1944,133,1,3
1944,134,1,3
1944,135,1,3
1944,136,1,3
1944,137,1,3
1944,138,1,3
1944,139,1,3
1944,140,1,3
1944,141,1,3
1944,142,1,3
1944,143,1,3
1944,144,1,3
1944,145,1,3
1944,146,1,3
1944,147,1,3
1944,148,1,3
1944,149,1,3
1944,150,1,3
1944,151,1,3
1944,152,1,3
1944,153,1,3
1944,154,1,3
1944,155,1,3
1944,156,1,3
1944,157,1,3
1944,158,1,3
1944,159,1,3
1944,160,1,3
1944,161,1,3
1944,162,1,3
1944,163,1,3
1944,164,1,2
1944,165,1,2
1944,166,1,2
1944,167,1,2
1944,168,1,2
1944,169,1,2
1944,170,1,2
1944,171,1,2
1944,172,1,2
1944,173,1,2
1944,174,1,2
1944,175,1,2
1944,176,1,2
1944,177,1,2
1944,178,1,2
1944,179,1,2
1944,180,1,2
1944,181,1,2
1944,182,1,2
1944,183,1,2
1944,184,1,2
1944,185,1,2
1944,186,1,2
1944,187,1,2
1944,188,1,2
1944,189,1,2
1944,190,1,2
1944,191,1,2
1944,192,1,2
1944,193,1,2
1944,194,1,2
1944,195,1,2
1944,196,1,2
1944,197,1,2
1944,198,1,2
1944,199,1,2
1944,200,1,2
1944,201,1,2
1944,202,1,2
1944,203,1,2
1944,204,1,2
1944,205,1,2
1944,206,1,2
1944,207,1,2
1944,208,1,2
1944,209,1,2
1944,210,1,2
1944,211,1,2
1944,212,1,2
1944,213,1,2
1944,214,1,2
1944,215,1,2
1944,216,1,2
1944,217,1,2
1944,218,1,2
1944,219,1,2
1944,220,1,2
1944,221,1,2
1944,222,1,2
1944,223,1,2
1944,224,1,2
1944,225,1,2
1944,226,1,2
1944,227,1,2
1944,228,1,2
1944,229,1,2
1944,230,1,2
1944,231,1,2
1944,232,1,2
1944,233,1,2
1944,234,1,2
1944,235,1,2
1944,236,1,2
1944,237,1,2
1944,238,1,2
1944,239,1,2
1944,240,1,2
1944,241,1,2
1944,242,1,2
1944,243,1,2
1944,244,1,2
1944,245,1,2
1944,246,1,2
1944,247,1,2
1944,248,1,2
1944,249,1,2
1944,250,1,2
1944,251,1,2
1944,252,1,2
1944,253,1,2
1944,254,1,2
1944,255,1,2
1944,256,1,2
1944,257,1,2
1944,258,1,2
1944,259,1,2
1944,260,1,2
1944,261,1,2
1944,262,1,2
1944,263,1,2
1944,264,1,2
1944,265,1,2
1944,266,1,2
1944,267,1,2
1944,268,1,2
1944,269,1,2
1944,270,1,2
1944,271,1,2
1944,272,1,2
1944,273,1,2
1944,274,1,2
1944,275,1,2
1944,276,1,2
1944,277,1,2
1944,278,1,2
1944,279,1,2
1944,280,1,2
1944,281,1,2
1944,282,1,2
1944,283,1,2
1944,284,1,2
1944,285,1,2
1944,286,1,2
1944,287,1,2
1944,288,1,2
1944,289,1,2
1944,290,1,2
1944,291,1,2
1944,292,1,2
1944,293,1,2
1944,294,1,2
1944,295,1,2
1944,296,1,2
1944,297,1,2
1944,298,1,2
1944,299,1,2
1944,300,1,2
1944,301,1,2
1944,302,1,2
1944,303,1,2
1944,304,1,2
1944,305,1,2
1944,306,1,2
1944,307,1,2
1944,308,1,2
1944,309,1,2
1944,310,1,2
1944,311,1,2
1944,312,1,2
1944,313,1,2
1944,314,1,2
1944,315,1,2
1944,316,1,2
1944,317,1,2
1944,318,1,2
1944,319,1,2
1944,320,1,2
1944,321,1,2
1944,322,1,2
1944,323,1,2
1944,324,1,2
1944,325,1,2
1944,326,1,2
1944,327,1,2
1944,328,1,2
1944,329,1,2
1944,330,1,2
1944,331,1,2
1944,332,1,2
1944,333,1,2
1944,334,1,2
1944,335,1,2
1944,336,1,2
1944,337,1,2
1944,338,1,2
1944,339,1,3
1944,340,1,3
1944,341,1,3
1944,342,1,3
1944,343,1,3
1944,344,1,3
1944,345,1,3
1944,346,1,3
1944,347,1,3
1944,348,1,3
1944,349,1,3
1944,350,1,3
1944,351,1,3
1944,352,1,3
1944,353,1,3
1944,354,1,3
1944,355,1,3
1944,356,1,3
1944,357,1,3
1944,358,1,3
1944,359,1,3
1944,360,1,3
1944,361,1,3
1944,362,1,3
1944,363,1,3
1944,364,1,3
1944,365,1,3
1944,366,1,3
1944,367,1,3
1944,368,1,3
1944,369,1,3
1944,370,1,3
1944,371,1,3
1944,372,1,3
1944,373,1,3
1944,374,1,3
1944,375,1,3
1944,376,1,3
1944,377,1,3
1944,378,1,3
1944,379,1,3
1944,380,1,3
1944,381,1,3
1944,382,1,3
1944,383,1,3
1944,384,1,3
1944,385,1,3
1944,386,1,3
1944,387,1,3
1944,388,1,3
1944,389,1,3
1944,390,1,3
1944,391,1,3
1944,392,1,3
1944,393,1,3
1944,394,1,3
1944,395,1,3
1944,396,1,3
1944,397,1,3
1944,398,1,3
1944,399,1,3
1944,400,1,3
1944,401,1,3
1944,402,1,3
1944,403,1,3
1944,404,1,3
1944,405,1,3
1944,406,1,3
1944,407,1,3
1944,408,1,3
1944,409,1,3
1944,410,1,3
1944,411,1,3
1944,412,1,3
1944,413,1,3
1944,414,1,3
1944,415,1,3
1944,416,1,3
1944,417,1,3
1944,418,1,3
1944,419,1,3
1944,420,1,3
1944,421,1,3
1944,422,1,3
1944,423,1,3
1944,424,1,3
1944,425,1,3
1944,426,1,3
1944,427,1,3
1944,428,1,3
1944,429,1,3
1944,430,1,3
1944,431,1,2
1944,432,1,2
1944,433,1,2
1944,434,1,2
1944,435,1,2
1944,436,1,2
1944,437,1,2
1944,438,1,2
1944,439,1,2
1944,440,1,2
1944,441,1,2
1944,442,1,2
1944,443,1,2
1944,444,1,2
1944,445,1,2
1944,446,1,2
1944,447,1,2
1944,448,1,2
1944,449,1,2
1944,450,1,2
1944,451,1,2
1944,452,1,2
1944,453,1,2
1944,454,1,2
1944,455,1,2
1944,456,1,2
1944,457,1,2
1944,458,1,2
1944,459,1,2
1944,460,1,2
1944,461,1,2
1944,462,1,2
1944,463,1,2
1944,464,1,2
1944,465,1,2
1944,466,1,2
1944,467,1,2
1944,468,1,2
1944,469,1,2
1944,470,1,2
1944,471,1,2
1944,472,1,2
1944,473,1,2
1944,474,1,2
1944,475,1,2
1944,476,1,2
1944,477,1,2
1944,478,1,2
1944,479,1,2
1944,480,1,2
1944,481,1,2
1944,482,1,2
1944,483,1,2
1944,484,1,2
1944,485,1,2
1944,486,1,2
1944,487,1,2
1944,488,1,2
1944,489,1,2
1944,490,1,2
1944,491,1,2
1944,492,1,2
1944,493,1,2
1944,494,1,2
1944,495,1,2
1944,496,1,2
1944,497,1,3
1944,498,1,3
1944,499,1,3
1944,500,1,3
1944,501,1,3
1944,502,1,3
1944,503,1,3
1944,504,1,3
1944,505,1,3
1944,506,1,3
1944,507,1,3
1944,508,1,3
1944,509,1,3
1944,510,1,3
1944,511,1,3
1944,512,1,3
1944,513,1,3
1944,514,1,3
1944,515,1,3
1944,516,1,3
1944,517,1,3
1944,518,1,3
1944,519,1,3
1944,520,1,3
1944,521,1,3
1944,522,1,3
1944,523,1,3
1944,524,1,3
1944,525,1,3
1944,526,1,3
1944,527,1,3
1944,528,1,3
1944,529,1,3
1944,530,1,3
1944,531,1,3
1944,532,1,3
1944,533,1,3
1944,534,1,3
1944,535,1,3
1944,536,1,3
1944,537,1,3
1944,538,1,3
1944,539,1,3
1944,540,1,3
1944,541,1,3
1944,542,1,3
1944,543,1,3
1944,544,1,3
1944,545,1,3
1944,546,1,3
1944,547,1,3
1944,548,1,3
1944,549,1,2
1944,550,1,2
1944,551,1,2
1944,552,1,2
1944,553,1,2
1944,554,1,2
1944,555,1,2
1944,556,1,2
1944,557,1,2
1944,558,1,2
1944,559,1,2
1944,560,1,2
1944,561,1,2
1944,562,1,2
1944,563,1,2
1944,564,1,2
1944,565,1,2
1944,566,1,2
1944,567,1,2
1944,568,1,2
1944,569,1,2
1944,570,1,2
1944,571,1,2
1944,572,1,2
1944,573,1,2
1944,574,1,2
1944,575,1,2
1944,576,1,2
1944,577,1,2
1944,578,1,2
1944,579,1,2
1944,580,1,2
1944,581,1,2
1944,582,1,2
1944,583,1,3
1944,584,1,3
1944,585,1,3
1944,586,1,3
1944,587,1,3
1944,588,1,3
1944,589,1,3
1944,590,1,3
1944,591,1,3
1944,592,1,3
1944,593,1,3
1944,594,1,3
1944,595,1,3
1944,596,1,2
1944,597,1,2
1944,598,1,2
1944,599,1,2
1944,600,1,2
1944,601,1,2
1944,602,1,2
1944,603,1,2
1944,604,1,2
1944,605,1,2
1944,606,1,2
1944,607,1,2
1944,608,1,2
1944,609,1,2
1944,610,1,2
1944,611,1,2
1944,612,1,2
1944,613,1,2
1944,614,1,2
1944,615,1,2
1944,616,1,2
1944,617,1,2
1944,618,1,2
1944,619,1,2
1944,620,1,2
1944,621,1,2
1944,622,1,2
1944,623,1,2
1944,624,1,2
1944,625,1,2
1944,626,1,2
1944,627,1,2
1944,628,1,2
1944,629,1,2
1944,630,1,2
1944,631,1,2
1944,632,1,2
1944,633,1,2
1944,634,1,2
1944,635,1,2
1944,636,1,2
1944,637,1,2
1944,638,1,2
1944,639,1,2
1944,640,1,2
1944,641,1,2
1944,642,1,2
1944,643,1,2
1944,644,1,2
1944,645,1,2
1944,646,1,2
1944,647,1,2
1944,648,1,2
1944,649,1,2
1944,650,1,2
1944,651,1,2
1944,652,1,2
1944,653,1,2
1944,654,1,2
1944,655,1,2
1944,656,1,2
1944,657,1,2
1944,658,1,2
1944,659,1,2
1944,660,1,2
1944,661,1,2
1944,662,1,2
1944,663,1,2
1944,664,1,2
1944,665,1,2
1944,666,1,2
1944,667,1,2
1944,668,1,2
1944,669,1,2
1944,670,1,2
1944,671,1,2
1944,672,1,2
1944,673,1,2
1944,674,1,2
1944,675,1,2
1945,112,1,2
1945,113,1,2
1945,114,1,3
1945,115,1,3
1945,116,1,3
1945,117,1,3
1945,118,1,3
1945,119,1,3
1945,120,1,3
1945,121,1,3
1945,122,1,3
1945,123,1,3
1945,124,1,3
1945,125,1,3
1945,126,1,3
1945,127,1,3
1945,128,1,3
1945,129,1,3
1945,130,1,3
1945,131,1,3
1945,132,1,3
1945,133,1,3
1945,134,1,3
1945,135,1,3
1945,136,1,3
1945,137,1,3
1945,138,1,3
1945,139,1,3
1945,140,1,3
1945,141,1,3
1945,142,1,3
1945,143,1,3
1945,144,1,3
1945,145,1,3
1945,146,1,3
1945,147,1,3
1945,148,1,3
1945,149,1,3
1945,150,1,3
1945,151,1,3
1945,152,1,3
1945,153,1,3
1945,154,1,3
1945,155,1,3
1945,156,1,3
1945,157,1,3
1945,158,1,3
1945,159,1,3
1945,160,1,3
1945,161,1,3
1945,162,1,3
1945,163,1,3
1945,164,1,3
1945,165,1,3
1945,166,1,3
1945,167,1,2
1945,168,1,2
1945,169,1,2
1945,170,1,2
1945,171,1,2
1945,172,1,2
1945,173,1,2
1945,174,1,2
1945,175,1,2
1945,176,1,2
1945,177,1,2
1945,178,1,2
1945,179,1,2
1945,180,1,2
1945,181,1,2
1945,182,1,2
1945,183,1,2
1945,184,1,2
1945,185,1,2
1945,186,1,2
1945,187,1,2
1945,188,1,2
1945,189,1,2
1945,190,1,2
1945,191,1,2
1945,192,1,2
1945,193,1,2
1945,194,1,2
1945,195,1,2
1945,196,1,2
1945,197,1,2
1945,198,1,2
1945,199,1,2
1945,200,1,2
1945,201,1,2
1945,202,1,2
1945,203,1,2
1945,204,1,2
1945,205,1,2
1945,206,1,2
1945,207,1,2
1945,208,1,2
1945,209,1,2
1945,210,1,2
1945,211,1,2
1945,212,1,2
1945,213,1,2
1945,214,1,2
1945,215,1,2
1945,216,1,2
1945,217,1,2
1945,218,1,2
1945,219,1,2
1945,220,1,2
1945,221,1,2
1945,222,1,2
1945,223,1,2
1945,224,1,2
1945,225,1,2
1945,226,1,2
1945,227,1,2
1945,228,1,2
1945,229,1,2
1945,230,1,2
1945,231,1,2
1945,232,1,2
1945,233,1,2
1945,234,1,2
1945,235,1,2
1945,236,1,2
1945,237,1,2
1945,238,1,2
1945,239,1,2
1945,240,1,2
1945,241,1,2
1945,242,1,2
1945,243,1,2
1945,244,1,2
1945,245,1,2
1945,246,1,2
1945,247,1,2
1945,248,1,2
1945,249,1,2
1945,250,1,2
1945,251,1,2
1945,252,1,2
1945,253,1,2
1945,254,1,2
1945,255,1,2
1945,256,1,2
1945,257,1,2
1945,258,1,2
1945,259,1,2
1945,260,1,2
1945,261,1,2
1945,262,1,2
1945,263,1,2
1945,264,1,2
1945,265,1,2
1945,266,1,2
1945,267,1,2
1945,268,1,2
1945,269,1,2
1945,270,1,2
1945,271,1,2
1945,272,1,2
1945,273,1,2
1945,274,1,2
1945,275,1,2
1945,276,1,2
1945,277,1,2
1945,278,1,2
1945,279,1,2
1945,280,1,2
1945,281,1,2
1945,282,1,2
1945,283,1,2
1945,284,1,2
1945,285,1,2
1945,286,1,2
1945,287,1,2
1945,288,1,2
1945,289,1,2
1945,290,1,2
1945,291,1,2
1945,292,1,2
1945,293,1,2
1945,294,1,2
1945,295,1,2
1945,296,1,2
1945,297,1,2
1945,298,1,2
1945,299,1,2
1945,300,1,2
1945,301,1,2
1945,302,1,2
1945,303,1,2
1945,304,1,2
1945,305,1,2
1945,306,1,2
1945,307,1,2
1945,308,1,2
1945,309,1,2
1945,310,1,2
1945,311,1,2
1945,312,1,2
1945,313,1,2
1945,314,1,2
1945,315,1,2
1945,316,1,2
1945,317,1,2
1945,318,1,2
1945,319,1,2
1945,320,1,2
1945,321,1,2
1945,322,1,2
1945,323,1,2
1945,324,1,2
1945,325,1,2
1945,326,1,2
1945,327,1,2
1945,328,1,2
1945,329,1,2
1945,330,1,2
1945,331,1,2
1945,332,1,2
1945,333,1,2
1945,334,1,2
1945,335,1,2
1945,336,1,2
1945,337,1,2
1945,338,1,3
1945,339,1,3
1945,340,1,3
1945,341,1,3
1945,342,1,3
1945,343,1,3
1945,344,1,3
1945,345,1,3
1945,346,1,3
1945,347,1,3
1945,348,1,3
1945,349,1,3
1945,350,1,3
1945,351,1,3
1945,352,1,3
1945,353,1,3
1945,354,1,3
1945,355,1,3
1945,356,1,3
1945,357,1,3
1945,358,1,3
1945,359,1,3
1945,360,1,3
1945,361,1,3
1945,362,1,3
1945,363,1,3
1945,364,1,3
1945,365,1,3
1945,366,1,3
1945,367,1,3
1945,368,1,3
1945,369,1,3
1945,370,1,3
1945,371,1,3
1945,372,1,3
1945,373,1,3
1945,374,1,3
1945,375,1,3
1945,376,1,3
1945,377,1,3
1945,378,1,3
1945,379,1,3
1945,380,1,3
1945,381,1,3
1945,382,1,3
1945,383,1,3
1945,384,1,3
1945,385,1,3
1945,386,1,3
1945,387,1,3
1945,388,1,3
1945,389,1,3
1945,390,1,3
1945,391,1,3
1945,392,1,3
1945,393,1,3
1945,394,1,3
1945,395,1,3
1945,396,1,3
1945,397,1,3
1945,398,1,3
1945,399,1,3
1945,400,1,3
1945,401,1,3
1945,402,1,3
1945,403,1,3
1945,404,1,3
1945,405,1,3
1945,406,1,3
1945,407,1,3
1945,408,1,3
1945,409,1,3
1945,410,1,3
1945,411,1,3
1945,412,1,3
1945,413,1,3
1945,414,1,3
1945,415,1,3
1945,416,1,3
1945,417,1,3
1945,418,1,3
1945,419,1,3
1945,420,1,3
1945,421,1,3
1945,422,1,3
1945,423,1,3
1945,424,1,3
1945,425,1,3
1945,426,1,3
1945,427,1,3
1945,428,1,3
1945,429,1,3
1945,430,1,3
1945,431,1,2
1945,432,1,2
1945,433,1,2
1945,434,1,2
1945,435,1,2
1945,436,1,2
1945,437,1,2
1945,438,1,2
1945,439,1,2
1945,440,1,2
1945,441,1,2
1945,442,1,2
1945,443,1,2
1945,444,1,2
1945,445,1,2
1945,446,1,2
1945,447,1,2
1945,448,1,2
1945,449,1,2
1945,450,1,2
1945,451,1,2
1945,452,1,2
1945,453,1,2
1945,454,1,2
1945,455,1,2
1945,456,1,2
1945,457,1,2
1945,458,1,2
1945,459,1,2
1945,460,1,2
1945,461,1,2
1945,462,1,2
1945,463,1,2
1945,464,1,2
1945,465,1,2
1945,466,1,2
1945,467,1,2
1945,468,1,2
1945,469,1,2
1945,470,1,2
1945,471,1,2
1945,472,1,2
1945,473,1,2
1945,474,1,2
1945,475,1,2
1945,476,1,2
1945,477,1,2
1945,478,1,2
1945,479,1,2
1945,480,1,2
1945,481,1,2
1945,482,1,2
1945,483,1,2
1945,484,1,2
1945,485,1,2
1945,486,1,2
1945,487,1,2
1945,488,1,2
1945,489,1,2
1945,490,1,2
1945,491,1,2
1945,492,1,2
1945,493,1,2
1945,494,1,2
1945,495,1,2
1945,496,1,2
1945,497,1,3
1945,498,1,3
1945,499,1,3
1945,500,1,3
1945,501,1,3
1945,502,1,3
1945,503,1,3
1945,504,1,3
1945,505,1,3
1945,506,1,3
1945,507,1,3
1945,508,1,3
1945,509,1,3
1945,510,1,3
1945,511,1,3
1945,512,1,3
1945,513,1,3
1945,514,1,3
1945,515,1,3
1945,516,1,3
1945,517,1,3
1945,518,1,3
1945,519,1,3
1945,520,1,3
1945,521,1,3
1945,522,1,3
1945,523,1,3
1945,524,1,3
1945,525,1,3
1945,526,1,3
1945,527,1,3
1945,528,1,3
1945,529,1,3
1945,530,1,3
1945,531,1,3
1945,532,1,3
1945,533,1,3
1945,534,1,3
1945,535,1,3
1945,536,1,3
1945,537,1,3
1945,538,1,3
1945,539,1,3
1945,540,1,3
1945,541,1,3
1945,542,1,3
1945,543,1,3
1945,544,1,3
1945,545,1,3
1945,546,1,3
1945,547,1,3
1945,548,1,2
1945,549,1,2
1945,550,1,2
1945,551,1,2
1945,552,1,2
1945,553,1,2
1945,554,1,2
1945,555,1,2
1945,556,1,2
1945,557,1,2
1945,558,1,2
1945,559,1,2
1945,560,1,2
1945,561,1,2
1945,562,1,2
1945,563,1,2
1945,564,1,2
1945,565,1,2
1945,566,1,2
1945,567,1,2
1945,568,1,2
1945,569,1,2
1945,570,1,2
1945,571,1,2
1945,572,1,2
1945,573,1,2
1945,574,1,2
1945,575,1,2
1945,576,1,2
1945,577,1,3
1945,578,1,3
1945,579,1,3
1945,580,1,3
1945,581,1,3
1945,582,1,3
1945,583,1,3
1945,584,1,3
1945,585,1,3
1945,586,1,3
1945,587,1,3
1945,588,1,3
1945,589,1,3
1945,590,1,3
1945,591,1,3
1945,592,1,3
1945,593,1,3
1945,594,1,3
1945,595,1,3
1945,596,1,3
1945,597,1,2
1945,598,1,2
1945,599,1,2
1945,600,1,2
1945,601,1,2
1945,602,1,2
1945,603,1,2
1945,604,1,2
1945,605,1,2
1945,606,1,2
1945,607,1,2
1945,608,1,2
1945,609,1,2
1945,610,1,2
1945,611,1,2
1945,612,1,2
1945,613,1,2
1945,614,1,2
1945,615,1,2
1945,616,1,2
1945,617,1,2
1945,618,1,2
1945,619,1,2
1945,620,1,2
1945,621,1,2
1945,622,1,2
1945,623,1,2
1945,624,1,2
1945,625,1,2
1945,626,1,2
1945,627,1,2
1945,628,1,2
1945,629,1,2
1945,630,1,2
1945,631,1,2
1945,632,1,2
1945,633,1,2
1945,634,1,2
1945,635,1,2
1945,636,1,2
1945,637,1,2
1945,638,1,2
1945,639,1,2
1945,640,1,2
1945,641,1,2
1945,642,1,2
1945,643,1,2
1945,644,1,2
1945,645,1,2
1945,646,1,2
1945,647,1,2
1945,648,1,2
1945,649,1,2
1945,650,1,2
1945,651,1,2
1945,652,1,2
1945,653,1,2
1945,654,1,2
1945,655,1,2
1945,656,1,2
1945,657,1,2
1945,658,1,2
1945,659,1,2
1945,660,1,2
1945,661,1,2
1945,662,1,2
1945,663,1,2
1945,664,1,2
1945,665,1,2
1945,666,1,2
1945,667,1,2
1945,668,1,2
1945,669,1,2
1945,670,1,2
1945,671,1,2
1945,672,1,2
1945,673,1,2
1945,674,1,2
1945,675,1,2
1946,113,1,2
1946,114,1,2
1946,115,1,3
1946,116,1,3
1946,117,1,3
1946,118,1,3
1946,119,1,3
1946,120,1,3
1946,121,1,3
1946,122,1,3
1946,123,1,3
1946,124,1,3
1946,125,1,3
1946,126,1,3
1946,127,1,3
1946,128,1,3
1946,129,1,3
1946,130,1,3
1946,131,1,3
1946,132,1,3
1946,133,1,3
1946,134,1,3
1946,135,1,3
1946,136,1,3
1946,137,1,3
1946,138,1,3
1946,139,1,3
1946,140,1,3
1946,141,1,3
1946,142,1,3
1946,143,1,3
1946,144,1,3
1946,145,1,3
1946,146,1,3
1946,147,1,3
1946,148,1,3
1946,149,1,3
1946,150,1,3
1946,151,1,3
1946,152,1,3
1946,153,1,3
1946,154,1,3
1946,155,1,3
1946,156,1,3
1946,157,1,3
1946,158,1,3
1946,159,1,3
1946,160,1,3
1946,161,1,3
1946,162,1,3
1946,163,1,3
1946,164,1,3
1946,165,1,3
1946,166,1,3
1946,167,1,3
1946,168,1,3
1946,169,1,3
1946,170,1,2
1946,171,1,2
1946,172,1,2
1946,173,1,2
1946,174,1,2
1946,175,1,2
1946,176,1,2
1946,177,1,2
1946,178,1,2
1946,179,1,2
1946,180,1,2
1946,181,1,2
1946,182,1,2
1946,183,1,2
1946,184,1,2
1946,185,1,2
1946,186,1,2
1946,187,1,2
1946,188,1,2
1946,189,1,2
1946,190,1,2
1946,191,1,2
1946,192,1,2
1946,193,1,2
1946,194,1,2
1946,195,1,2
1946,196,1,2
1946,197,1,2
1946,198,1,2
1946,199,1,2
1946,200,1,2
1946,201,1,2
1946,202,1,2
1946,203,1,2
1946,204,1,2
1946,205,1,2
1946,206,1,2
1946,207,1,2
1946,208,1,2
1946,209,1,2
1946,210,1,2
1946,211,1,2
1946,212,1,2
1946,213,1,2
1946,214,1,2
1946,215,1,2
1946,216,1,2
1946,217,1,2
1946,218,1,2
1946,219,1,2
1946,220,1,2
1946,221,1,2
1946,222,1,2
1946,223,1,2
1946,224,1,2
1946,225,1,2
1946,226,1,2
1946,227,1,2
1946,228,1,2
1946,229,1,2
1946,230,1,2
1946,231,1,2
1946,232,1,2
1946,233,1,2
1946,234,1,2
1946,235,1,2
1946,236,1,2
1946,237,1,2
1946,238,1,2
1946,239,1,2
1946,240,1,2
1946,241,1,2
1946,242,1,2
1946,243,1,2
1946,244,1,2
1946,245,1,2
1946,246,1,2
1946,247,1,2
1946,248,1,2
1946,249,1,2
1946,250,1,2
1946,251,1,2
1946,252,1,2
1946,253,1,2
1946,254,1,2
1946,255,1,2
1946,256,1,2
1946,257,1,2
1946,258,1,2
1946,259,1,2
1946,260,1,2
1946,261,1,2
1946,262,1,2
1946,263,1,2
1946,264,1,2
1946,265,1,2
1946,266,1,2
1946,267,1,2
1946,268,1,2
1946,269,1,2
1946,270,1,2
1946,271,1,2
1946,272,1,2
1946,273,1,2
1946,274,1,2
1946,275,1,2
1946,276,1,2
1946,277,1,2
1946,278,1,2
1946,279,1,2
1946,280,1,2
1946,281,1,2
1946,282,1,2
1946,283,1,2
1946,284,1,2
1946,285,1,2
1946,286,1,2
1946,287,1,2
1946,288,1,2
1946,289,1,2
1946,290,1,2
1946,291,1,2
1946,292,1,2
1946,293,1,2
1946,294,1,2
1946,295,1,2
1946,296,1,2
1946,297,1,2
1946,298,1,2
1946,299,1,2
1946,300,1,2
1946,301,1,2
1946,302,1,2
1946,303,1,2
1946,304,1,2
1946,305,1,2
1946,306,1,2
1946,307,1,2
1946,308,1,2
1946,309,1,2
1946,310,1,2
1946,311,1,2
1946,312,1,2
1946,313,1,2
1946,314,1,2
1946,315,1,2
1946,316,1,2
1946,317,1,2
1946,318,1,2
1946,319,1,2
1946,320,1,2
1946,321,1,2
1946,322,1,2
1946,323,1,2
1946,324,1,2
1946,325,1,2
1946,326,1,2
1946,327,1,2
1946,328,1,2
1946,329,1,2
1946,330,1,2
1946,331,1,2
1946,332,1,2
1946,333,1,2
1946,334,1,2
1946,335,1,2
1946,336,1,2
1946,337,1,3
1946,338,1,3
1946,339,1,3
1946,340,1,3
1946,341,1,3
1946,342,1,3
1946,343,1,3
1946,344,1,3
1946,345,1,3
1946,346,1,3
1946,347,1,3
1946,348,1,3
1946,349,1,3
1946,350,1,3
1946,351,1,3
1946,352,1,3
1946,353,1,3
1946,354,1,3
1946,355,1,3
1946,356,1,3
1946,357,1,3
1946,358,1,3
1946,359,1,3
1946,360,1,3
1946,361,1,3
1946,362,1,3
1946,363,1,3
1946,364,1,3
1946,365,1,3
1946,366,1,3
1946,367,1,3
1946,368,1,3
1946,369,1,3
1946,370,1,3
1946,371,1,3
1946,372,1,3
1946,373,1,3
1946,374,1,3
1946,375,1,3
1946,376,1,3
1946,377,1,3
1946,378,1,3
1946,379,1,3
1946,380,1,3
1946,381,1,3
1946,382,1,3
1946,383,1,3
1946,384,1,3
1946,385,1,3
1946,386,1,3
1946,387,1,3
1946,388,1,3
1946,389,1,3
1946,390,1,3
1946,391,1,3
1946,392,1,3
1946,393,1,3
1946,394,1,3
1946,395,1,3
1946,396,1,3
1946,397,1,3
1946,398,1,3
1946,399,1,3
1946,400,1,3
1946,401,1,3
1946,402,1,3
1946,403,1,3
1946,404,1,3
1946,405,1,3
1946,406,1,3
1946,407,1,3
1946,408,1,3
1946,409,1,3
1946,410,1,3
1946,411,1,3
1946,412,1,3
1946,413,1,3
1946,414,1,3
1946,415,1,3
1946,416,1,3
1946,417,1,3
1946,418,1,3
1946,419,1,3
1946,420,1,3
1946,421,1,3
1946,422,1,3
1946,423,1,3
1946,424,1,3
1946,425,1,3
1946,426,1,3
1946,427,1,3
1946,428,1,3
1946,429,1,3
1946,430,1,2
1946,431,1,2
1946,432,1,2
1946,433,1,2
1946,434,1,2
1946,435,1,2
1946,436,1,2
1946,437,1,2
1946,438,1,2
1946,439,1,2
1946,440,1,2
1946,441,1,2
1946,442,1,2
1946,443,1,2
1946,444,1,2
1946,445,1,2
1946,446,1,2
1946,447,1,2
1946,448,1,2
1946,449,1,2
1946,450,1,2
1946,451,1,2
1946,452,1,2
1946,453,1,2
1946,454,1,2
1946,455,1,2
1946,456,1,2
1946,457,1,2
1946,458,1,2
1946,459,1,2
1946,460,1,2
1946,461,1,2
1946,462,1,2
1946,463,1,2
1946,464,1,2
1946,465,1,2
1946,466,1,2
1946,467,1,2
1946,468,1,2
1946,469,1,2
1946,470,1,2
1946,471,1,2
1946,472,1,2
1946,473,1,2
1946,474,1,2
1946,475,1,2
1946,476,1,2
1946,477,1,2
1946,478,1,2
1946,479,1,2
1946,480,1,2
1946,481,1,2
1946,482,1,2
1946,483,1,2
1946,484,1,2
1946,485,1,2
1946,486,1,2
1946,487,1,2
1946,488,1,2
1946,489,1,2
1946,490,1,2
1946,491,1,2
1946,492,1,2
1946,493,1,2
1946,494,1,2
1946,495,1,2
1946,496,1,2
1946,497,1,3
1946,498,1,3
1946,499,1,3
1946,500,1,3
1946,501,1,3
1946,502,1,3
1946,503,1,3
1946,504,1,3
1946,505,1,3
1946,506,1,3
1946,507,1,3
1946,508,1,3
1946,509,1,3
1946,510,1,3
1946,511,1,3
1946,512,1,3
1946,513,1,3
1946,514,1,3
1946,515,1,3
1946,516,1,3
1946,517,1,3
1946,518,1,3
1946,519,1,3
1946,520,1,3
1946,521,1,3
1946,522,1,3
1946,523,1,3
1946,524,1,3
1946,525,1,3
1946,526,1,3
1946,527,1,3
1946,528,1,3
1946,529,1,3
1946,530,1,3
1946,531,1,3
1946,532,1,3
1946,533,1,3
1946,534,1,3
1946,535,1,3
1946,536,1,3
1946,537,1,3
1946,538,1,3
1946,539,1,3
1946,540,1,3
1946,541,1,3
1946,542,1,3
1946,543,1,3
1946,544,1,3
1946,545,1,3
1946,546,1,3
1946,547,1,2
1946,548,1,2
1946,549,1,2
1946,550,1,2
1946,551,1,2
1946,552,1,2
1946,553,1,2
1946,554,1,2
1946,555,1,2
1946,556,1,2
1946,557,1,2
1946,558,1,2
1946,559,1,2
1946,560,1,2
1946,561,1,2
1946,562,1,2
1946,563,1,2
1946,564,1,2
1946,565,1,2
1946,566,1,2
1946,567,1,2
1946,568,1,2
1946,569,1,2
1946,570,1,2
1946,571,1,2
1946,572,1,2
1946,573,1,2
1946,574,1,2
1946,575,1,3
1946,576,1,3
1946,577,1,3
1946,578,1,3
1946,579,1,3
1946,580,1,3
1946,581,1,3
1946,582,1,3
1946,583,1,3
1946,584,1,3
1946,585,1,3
1946,586,1,3
1946,587,1,3
1946,588,1,3
1946,589,1,3
1946,590,1,3
1946,591,1,3
1946,592,1,3
1946,593,1,3
1946,594,1,3
1946,595,1,3
1946,596,1,3
1946,597,1,3
1946,598,1,2
1946,599,1,2
1946,600,1,2
1946,601,1,2
1946,602,1,2
1946,603,1,2
1946,604,1,2
1946,605,1,2
1946,606,1,2
1946,607,1,2
1946,608,1,2
1946,609,1,2
1946,610,1,2
1946,611,1,2
1946,612,1,2
1946,613,1,2
1946,614,1,2
1946,615,1,2
1946,616,1,2
1946,617,1,2
1946,618,1,2
1946,619,1,2
1946,620,1,2
1946,621,1,2
1946,622,1,2
1946,623,1,2
1946,624,1,2
1946,625,1,2
1946,626,1,2
1946,627,1,2
1946,628,1,2
1946,629,1,2
1946,630,1,2
1946,631,1,2
1946,632,1,2
1946,633,1,2
1946,634,1,2
1946,635,1,2
1946,636,1,2
1946,637,1,2
1946,638,1,2
1946,639,1,2
1946,640,1,2
1946,641,1,2
1946,642,1,2
1946,643,1,2
1946,644,1,2
1946,645,1,2
1946,646,1,2
1946,647,1,2
1946,648,1,2
1946,649,1,2
1946,650,1,2
1946,651,1,2
1946,652,1,2
1946,653,1,2
1946,654,1,2
1946,655,1,2
1946,656,1,2
1946,657,1,2
1946,658,1,2
1946,659,1,2
1946,660,1,2
1946,661,1,2
1946,662,1,2
1946,663,1,2
1946,664,1,2
1946,665,1,2
1946,666,1,2
1946,667,1,2
1946,668,1,2
1946,669,1,2
1946,670,1,2
1946,671,1,2
1946,672,1,2
1946,673,1,2
1946,674,1,2
1946,675,1,2
1946,676,1,2
1947,113,1,2
1947,114,1,2
1947,115,1,3
1947,116,1,3
1947,117,1,3
1947,118,1,3
1947,119,1,3
1947,120,1,3
1947,121,1,3
1947,122,1,3
1947,123,1,3
1947,124,1,3
1947,125,1,3
1947,126,1,3
1947,127,1,3
1947,128,1,3
1947,129,1,3
1947,130,1,3
1947,131,1,3
1947,132,1,3
1947,133,1,3
1947,134,1,3
1947,135,1,3
1947,136,1,3
1947,137,1,3
1947,138,1,3
1947,139,1,3
1947,140,1,3
1947,141,1,3
1947,142,1,3
1947,143,1,3
1947,144,1,3
1947,145,1,3
1947,146,1,3
1947,147,1,3
1947,148,1,3
1947,149,1,3
1947,150,1,3
1947,151,1,3
1947,152,1,3
1947,153,1,3
1947,154,1,3
1947,155,1,3
1947,156,1,3
1947,157,1,3
1947,158,1,3
1947,159,1,3
1947,160,1,3
1947,161,1,3
1947,162,1,3
1947,163,1,3
1947,164,1,3
1947,165,1,3
1947,166,1,3
1947,167,1,3
1947,168,1,3
1947,169,1,3
1947,170,1,3
1947,171,1,2
1947,172,1,2
1947,173,1,2
1947,174,1,2
1947,175,1,2
1947,176,1,2
1947,177,1,2
1947,178,1,2
1947,179,1,2
1947,180,1,2
1947,181,1,2
1947,182,1,2
1947,183,1,2
1947,184,1,2
1947,185,1,2
1947,186,1,2
1947,187,1,2
1947,188,1,2
1947,189,1,2
1947,190,1,2
1947,191,1,2
1947,192,1,2
1947,193,1,2
1947,194,1,2
1947,195,1,2
1947,196,1,2
1947,197,1,2
1947,198,1,2
1947,199,1,2
1947,200,1,2
1947,201,1,2
1947,202,1,2
1947,203,1,2
1947,204,1,2
1947,205,1,2
1947,206,1,2
1947,207,1,2
1947,208,1,2
1947,209,1,2
1947,210,1,2
1947,211,1,2
1947,212,1,2
1947,213,1,2
1947,214,1,2
1947,215,1,2
1947,216,1,2
1947,217,1,2
1947,218,1,2
1947,219,1,2
1947,220,1,2
1947,221,1,2
1947,222,1,2
1947,223,1,2
1947,224,1,2
1947,225,1,2
1947,226,1,2
1947,227,1,2
1947,228,1,2
1947,229,1,2
1947,230,1,2
1947,231,1,2
1947,232,1,2
1947,233,1,2
1947,234,1,2
1947,235,1,2
1947,236,1,2
1947,237,1,2
1947,238,1,2
1947,239,1,2
1947,240,1,2
1947,241,1,2
1947,242,1,2
1947,243,1,2
1947,244,1,2
1947,245,1,2
1947,246,1,2
1947,247,1,2
1947,248,1,2
1947,249,1,2
1947,250,1,2
1947,251,1,2
1947,252,1,2
1947,253,1,2
1947,254,1,2
1947,255,1,2
1947,256,1,2
1947,257,1,2
1947,258,1,2
1947,259,1,2
1947,260,1,2
1947,261,1,2
1947,262,1,2
1947,263,1,2
1947,264,1,2
1947,265,1,2
1947,266,1,2
1947,267,1,2
1947,268,1,2
1947,269,1,2
1947,270,1,2
1947,271,1,2
1947,272,1,2
1947,273,1,2
1947,274,1,2
1947,275,1,2
1947,276,1,2
1947,277,1,2
1947,278,1,2
1947,279,1,2
1947,280,1,2
1947,281,1,2
1947,282,1,2
1947,283,1,2
1947,284,1,2
1947,285,1,2
1947,286,1,2
1947,287,1,2
1947,288,1,2
1947,289,1,2
1947,290,1,2
1947,291,1,2
1947,292,1,2
1947,293,1,2
1947,294,1,2
1947,295,1,2
1947,296,1,2
1947,297,1,2
1947,298,1,2
1947,299,1,2
1947,300,1,2
1947,301,1,2
1947,302,1,2
1947,303,1,2
1947,304,1,2
1947,305,1,2
1947,306,1,2
1947,307,1,2
1947,308,1,2
1947,309,1,2
1947,310,1,2
1947,311,1,2
1947,312,1,2
1947,313,1,2
1947,314,1,2
1947,315,1,2
1947,316,1,2
1947,317,1,2
1947,318,1,2
1947,319,1,2
1947,320,1,2
1947,321,1,2
1947,322,1,2
1947,323,1,2
1947,324,1,2
1947,325,1,2
1947,326,1,2
1947,327,1,2
1947,328,1,2
1947,329,1,2
1947,330,1,2
1947,331,1,2
1947,332,1,2
1947,333,1,2
1947,334,1,2
1947,335,1,2
1947,336,1,2
1947,337,1,3
1947,338,1,3
1947,339,1,3
1947,340,1,3
1947,341,1,3
1947,342,1,3
1947,343,1,3
1947,344,1,3
1947,345,1,3
1947,346,1,3
1947,347,1,3
1947,348,1,3
1947,349,1,3
1947,350,1,3
1947,351,1,3
1947,352,1,3
1947,353,1,3
1947,354,1,3
1947,355,1,3
1947,356,1,3
1947,357,1,3
1947,358,1,3
1947,359,1,3
1947,360,1,3
1947,361,1,3
1947,362,1,3
1947,363,1,3
1947,364,1,3
1947,365,1,3
1947,366,1,3
1947,367,1,3
1947,368,1,3
1947,369,1,3
1947,370,1,3
1947,371,1,3
1947,372,1,3
1947,373,1,3
1947,374,1,3
1947,375,1,3
1947,376,1,3
1947,377,1,3
1947,378,1,3
1947,379,1,3
1947,380,1,3
1947,381,1,3
1947,382,1,3
1947,383,1,3
1947,384,1,3
1947,385,1,3
1947,386,1,3
1947,387,1,3
1947,388,1,3
1947,389,1,3
1947,390,1,3
1947,391,1,3
1947,392,1,3
1947,393,1,3
1947,394,1,3
1947,395,1,3
1947,396,1,3
1947,397,1,3
1947,398,1,3
1947,399,1,3
1947,400,1,3
1947,401,1,3
1947,402,1,3
1947,403,1,3
1947,404,1,3
1947,405,1,3
1947,406,1,3
1947,407,1,3
1947,408,1,3
1947,409,1,3
1947,410,1,3
1947,411,1,3
1947,412,1,3
1947,413,1,3
1947,414,1,3
1947,415,1,3
1947,416,1,3
1947,417,1,3
1947,418,1,3
1947,419,1,3
1947,420,1,3
1947,421,1,3
1947,422,1,3
1947,423,1,3
1947,424,1,3
1947,425,1,3
1947,426,1,3
1947,427,1,3
1947,428,1,3
1947,429,1,3
1947,430,1,2
1947,431,1,2
1947,432,1,2
1947,433,1,2
1947,434,1,2
1947,435,1,2
1947,436,1,2
1947,437,1,2
1947,438,1,2
1947,439,1,2
1947,440,1,2
1947,441,1,2
1947,442,1,2
1947,443,1,2
1947,444,1,2
1947,445,1,2
1947,446,1,2
1947,447,1,2
1947,448,1,2
1947,449,1,2
1947,450,1,2
1947,451,1,2
1947,452,1,2
1947,453,1,2
1947,454,1,2
1947,455,1,2
1947,456,1,2
1947,457,1,2
1947,458,1,2
1947,459,1,2
1947,460,1,2
1947,461,1,2
1947,462,1,2
1947,463,1,2
1947,464,1,2
1947,465,1,2
1947,466,1,2
1947,467,1,2
1947,468,1,2
1947,469,1,2
1947,470,1,2
1947,471,1,2
1947,472,1,2
1947,473,1,2
1947,474,1,2
1947,475,1,2
1947,476,1,2
1947,477,1,2
1947,478,1,2
1947,479,1,2
1947,480,1,2
1947,481,1,2
1947,482,1,2
1947,483,1,2
1947,484,1,2
1947,485,1,2
1947,486,1,2
1947,487,1,2
1947,488,1,2
1947,489,1,2
1947,490,1,2
1947,491,1,2
1947,492,1,2
1947,493,1,2
1947,494,1,2
1947,495,1,2
1947,496,1,2
1947,497,1,3
1947,498,1,3
1947,499,1,3
1947,500,1,3
1947,501,1,3
1947,502,1,3
1947,503,1,3
1947,504,1,3
1947,505,1,3
1947,506,1,3
1947,507,1,3
1947,508,1,3
1947,509,1,3
1947,510,1,3
1947,511,1,3
1947,512,1,3
1947,513,1,3
1947,514,1,3
1947,515,1,3
1947,516,1,3
1947,517,1,3
1947,518,1,3
1947,519,1,3
1947,520,1,3
1947,521,1,3
1947,522,1,3
1947,523,1,3
1947,524,1,3
1947,525,1,3
1947,526,1,3
1947,527,1,3
1947,528,1,3
1947,529,1,3
1947,530,1,3
1947,531,1,3
1947,532,1,3
1947,533,1,3
1947,534,1,3
1947,535,1,3
1947,536,1,3
1947,537,1,3
1947,538,1,3
1947,539,1,3
1947,540,1,3
1947,541,1,3
1947,542,1,3
1947,543,1,3
1947,544,1,3
1947,545,1,3
1947,546,1,2
1947,547,1,2
1947,548,1,2
1947,549,1,2
1947,550,1,2
1947,551,1,2
1947,552,1,2
1947,553,1,2
1947,554,1,2
1947,555,1,2
1947,556,1,2
1947,557,1,2
1947,558,1,2
1947,559,1,2
1947,560,1,2
1947,561,1,2
1947,562,1,2
1947,563,1,2
1947,564,1,2
1947,565,1,2
1947,566,1,2
1947,567,1,2
1947,568,1,2
1947,569,1,2
1947,570,1,3
1947,571,1,3
1947,572,1,3
1947,573,1,3
1947,574,1,3
1947,575,1,3
1947,576,1,3
1947,577,1,3
1947,578,1,3
1947,579,1,3
1947,580,1,3
1947,581,1,3
1947,582,1,3
1947,583,1,3
1947,584,1,3
1947,585,1,3
1947,586,1,3
1947,587,1,3
1947,588,1,3
1947,589,1,3
1947,590,1,3
1947,591,1,3
1947,592,1,3
1947,593,1,3
1947,594,1,3
1947,595,1,3
1947,596,1,3
1947,597,1,3
1947,598,1,3
1947,599,1,2
1947,600,1,2
1947,601,1,2
1947,602,1,2
1947,603,1,2
1947,604,1,2
1947,605,1,2
1947,606,1,2
1947,607,1,2
1947,608,1,2
1947,609,1,2
1947,610,1,2
1947,611,1,2
1947,612,1,2
1947,613,1,2
1947,614,1,2
1947,615,1,2
1947,616,1,2
1947,617,1,2
1947,618,1,2
1947,619,1,2
1947,620,1,2
1947,621,1,2
1947,622,1,2
1947,623,1,2
1947,624,1,2
1947,625,1,2
1947,626,1,2
1947,627,1,2
1947,628,1,2
1947,629,1,2
1947,630,1,2
1947,631,1,2
1947,632,1,2
1947,633,1,2
1947,634,1,2
1947,635,1,2
1947,636,1,2
1947,637,1,2
1947,638,1,2
1947,639,1,2
1947,640,1,2
1947,641,1,2
1947,642,1,2
1947,643,1,2
1947,644,1,2
1947,645,1,2
1947,646,1,2
1947,647,1,2
1947,648,1,2
1947,649,1,2
1947,650,1,2
1947,651,1,2
1947,652,1,2
1947,653,1,2
1947,654,1,2
1947,655,1,2
1947,656,1,2
1947,657,1,2
1947,658,1,2
1947,659,1,2
1947,660,1,2
1947,661,1,2
1947,662,1,2
1947,663,1,2
1947,664,1,2
1947,665,1,2
1947,666,1,2
1947,667,1,2
1947,668,1,2
1947,669,1,2
1947,670,1,2
1947,671,1,2
1947,672,1,2
1947,673,1,2
1947,674,1,2
1947,675,1,2
1947,676,1,2
1948,113,1,2
1948,114,1,2
1948,115,1,3
1948,116,1,3
1948,117,1,3
1948,118,1,3
1948,119,1,3
1948,120,1,3
1948,121,1,3
1948,122,1,3
1948,123,1,3
1948,124,1,3
1948,125,1,3
1948,126,1,3
1948,127,1,3
1948,128,1,3
1948,129,1,3
1948,130,1,3
1948,131,1,3
1948,132,1,3
1948,133,1,3
1948,134,1,3
1948,135,1,3
1948,136,1,3
1948,137,1,3
1948,138,1,3
1948,139,1,3
1948,140,1,3
1948,141,1,3
1948,142,1,3
1948,143,1,3
1948,144,1,3
1948,145,1,3
1948,146,1,3
1948,147,1,3
1948,148,1,3
1948,149,1,3
1948,150,1,3
1948,151,1,3
1948,152,1,3
1948,153,1,3
1948,154,1,3
1948,155,1,3
1948,156,1,3
1948,157,1,3
1948,158,1,3
1948,159,1,3
1948,160,1,3
1948,161,1,3
1948,162,1,3
1948,163,1,3
1948,164,1,3
1948,165,1,3
1948,166,1,3
1948,167,1,3
1948,168,1,3
1948,169,1,3
1948,170,1,3
1948,171,1,3
1948,172,1,2
1948,173,1,2
1948,174,1,2
1948,175,1,2
1948,176,1,2
1948,177,1,2
1948,178,1,2
1948,179,1,2
1948,180,1,2
1948,181,1,2
1948,182,1,2
1948,183,1,2
1948,184,1,2
1948,185,1,2
1948,186,1,2
1948,187,1,2
1948,188,1,2
1948,189,1,2
1948,190,1,2
1948,191,1,2
1948,192,1,2
1948,193,1,2
1948,194,1,2
1948,195,1,2
1948,196,1,2
1948,197,1,2
1948,198,1,2
1948,199,1,2
1948,200,1,2
1948,201,1,2
1948,202,1,2
1948,203,1,2
1948,204,1,2
1948,205,1,2
1948,206,1,2
1948,207,1,2
1948,208,1,2
1948,209,1,2
1948,210,1,2
1948,211,1,2
1948,212,1,2
1948,213,1,2
1948,214,1,2
1948,215,1,2
1948,216,1,2
1948,217,1,2
1948,218,1,2
1948,219,1,2
1948,220,1,2
1948,221,1,2
1948,222,1,2
1948,223,1,2
1948,224,1,2
1948,225,1,2
1948,226,1,2
1948,227,1,2
1948,228,1,2
1948,229,1,2
1948,230,1,2
1948,231,1,2
1948,232,1,2
1948,233,1,2
1948,234,1,2
1948,235,1,2
1948,236,1,2
1948,237,1,2
1948,238,1,2
1948,239,1,2
1948,240,1,2
1948,241,1,2
1948,242,1,2
1948,243,1,2
1948,244,1,2
1948,245,1,2
1948,246,1,2
1948,247,1,2
1948,248,1,2
1948,249,1,2
1948,250,1,2
1948,251,1,2
1948,252,1,2
1948,253,1,2
1948,254,1,2
1948,255,1,2
1948,256,1,2
1948,257,1,2
1948,258,1,2
1948,259,1,2
1948,260,1,2
1948,261,1,2
1948,262,1,2
1948,263,1,2
1948,264,1,2
1948,265,1,2
1948,266,1,2
1948,267,1,2
1948,268,1,2
1948,269,1,2
1948,270,1,2
1948,271,1,2
1948,272,1,2
1948,273,1,2
1948,274,1,2
1948,275,1,2
1948,276,1,2
1948,277,1,2
1948,278,1,2
1948,279,1,2
1948,280,1,2
1948,281,1,2
1948,282,1,2
1948,283,1,2
1948,284,1,2
1948,285,1,2
1948,286,1,2
1948,287,1,2
1948,288,1,2
1948,289,1,2
1948,290,1,2
1948,291,1,2
1948,292,1,2
1948,293,1,2
1948,294,1,2
1948,295,1,2
1948,296,1,2
1948,297,1,2
1948,298,1,2
1948,299,1,2
1948,300,1,2
1948,301,1,2
1948,302,1,2
1948,303,1,2
1948,304,1,2
1948,305,1,2
1948,306,1,2
1948,307,1,2
1948,308,1,2
1948,309,1,2
1948,310,1,2
1948,311,1,2
1948,312,1,2
1948,313,1,2
1948,314,1,2
1948,315,1,2
1948,316,1,2
1948,317,1,2
1948,318,1,2
1948,319,1,2
1948,320,1,2
1948,321,1,2
1948,322,1,2
1948,323,1,2
1948,324,1,2
1948,325,1,2
1948,326,1,2
1948,327,1,2
1948,328,1,2
1948,329,1,2
1948,330,1,2
1948,331,1,2
1948,332,1,2
1948,333,1,2
1948,334,1,2
1948,335,1,2
1948,336,1,2
1948,337,1,3
1948,338,1,3
1948,339,1,3
1948,340,1,3
1948,341,1,3
1948,342,1,3
1948,343,1,3
1948,344,1,3
1948,345,1,3
1948,346,1,3
1948,347,1,3
1948,348,1,3
1948,349,1,3
1948,350,1,3
1948,351,1,3
1948,352,1,3
1948,353,1,3
1948,354,1,3
1948,355,1,3
1948,356,1,3
1948,357,1,3
1948,358,1,3
1948,359,1,3
1948,360,1,3
1948,361,1,3
1948,362,1,3
1948,363,1,3
1948,364,1,3
1948,365,1,3
1948,366,1,3
1948,367,1,3
1948,368,1,3
1948,369,1,3
1948,370,1,3
1948,371,1,3
1948,372,1,3
1948,373,1,3
1948,374,1,3
1948,375,1,3
1948,376,1,3
1948,377,1,3
1948,378,1,3
1948,379,1,3
1948,380,1,3
1948,381,1,3
1948,382,1,3
1948,383,1,3
1948,384,1,3
1948,385,1,3
1948,386,1,3
1948,387,1,3
1948,388,1,3
1948,389,1,3
1948,390,1,3
1948,391,1,3
1948,392,1,3
1948,393,1,3
1948,394,1,3
1948,395,1,3
1948,396,1,3
1948,397,1,3
1948,398,1,3
1948,399,1,3
1948,400,1,3
1948,401,1,3
1948,402,1,3
1948,403,1,3
1948,404,1,3
1948,405,1,3
1948,406,1,3
1948,407,1,3
1948,408,1,3
1948,409,1,3
1948,410,1,3
1948,411,1,3
1948,412,1,3
1948,413,1,3
1948,414,1,3
1948,415,1,3
1948,416,1,3
1948,417,1,3
1948,418,1,3
1948,419,1,3
1948,420,1,3
1948,421,1,3
1948,422,1,3
1948,423,1,3
1948,424,1,3
1948,425,1,3
1948,426,1,3
1948,427,1,3
1948,428,1,3
1948,429,1,3
1948,430,1,2
1948,431,1,2
1948,432,1,2
1948,433,1,2
1948,434,1,2
1948,435,1,2
1948,436,1,2
1948,437,1,2
1948,438,1,2
1948,439,1,2
1948,440,1,2
1948,441,1,2
1948,442,1,2
1948,443,1,2
1948,444,1,2
1948,445,1,2
1948,446,1,2
1948,447,1,2
1948,448,1,2
1948,449,1,2
1948,450,1,2
1948,451,1,2
1948,452,1,2
1948,453,1,2
1948,454,1,2
1948,455,1,2
1948,456,1,2
1948,457,1,2
1948,458,1,2
1948,459,1,2
1948,460,1,2
1948,461,1,2
1948,462,1,2
1948,463,1,2
1948,464,1,2
1948,465,1,2
1948,466,1,2
1948,467,1,2
1948,468,1,2
1948,469,1,2
1948,470,1,2
1948,471,1,2
1948,472,1,2
1948,473,1,2
1948,474,1,2
1948,475,1,2
1948,476,1,2
1948,477,1,2
1948,478,1,2
1948,479,1,2
1948,480,1,2
1948,481,1,2
1948,482,1,2
1948,483,1,2
1948,484,1,2
1948,485,1,2
1948,486,1,2
1948,487,1,2
1948,488,1,2
1948,489,1,2
1948,490,1,2
1948,491,1,2
1948,492,1,2
1948,493,1,2
1948,494,1,2
1948,495,1,2
1948,496,1,2
1948,497,1,3
1948,498,1,3
1948,499,1,3
1948,500,1,3
1948,501,1,3
1948,502,1,3
1948,503,1,3
1948,504,1,3
1948,505,1,3
1948,506,1,3
1948,507,1,3
1948,508,1,3
1948,509,1,3
1948,510,1,3
1948,511,1,3
1948,512,1,3
1948,513,1,3
1948,514,1,3
1948,515,1,3
1948,516,1,3
1948,517,1,3
1948,518,1,3
1948,519,1,3
1948,520,1,3
1948,521,1,3
1948,522,1,3
1948,523,1,3
1948,524,1,3
1948,525,1,3
1948,526,1,3
1948,527,1,3
1948,528,1,3
1948,529,1,3
1948,530,1,3
1948,531,1,3
1948,532,1,3
1948,533,1,3
1948,534,1,3
1948,535,1,3
1948,536,1,3
1948,537,1,3
1948,538,1,3
1948,539,1,3
1948,540,1,3
1948,541,1,3
1948,542,1,3
1948,543,1,3
1948,544,1,3
1948,545,1,2
1948,546,1,2
1948,547,1,2
1948,548,1,2
1948,549,1,2
1948,550,1,2
1948,551,1,2
1948,552,1,2
1948,553,1,2
1948,554,1,2
1948,555,1,2
1948,556,1,2
1948,557,1,2
1948,558,1,2
1948,559,1,2
1948,560,1,2
1948,561,1,2
1948,562,1,2
1948,563,1,2
1948,564,1,2
1948,565,1,2
1948,566,1,2
1948,567,1,2
1948,568,1,3
1948,569,1,3
1948,570,1,3
1948,571,1,3
1948,572,1,3
1948,573,1,3
1948,574,1,3
1948,575,1,3
1948,576,1,3
1948,577,1,3
1948,578,1,3
1948,579,1,3
1948,580,1,3
1948,581,1,3
1948,582,1,3
1948,583,1,3
1948,584,1,3
1948,585,1,3
1948,586,1,3
1948,587,1,3
1948,588,1,3
1948,589,1,3
1948,590,1,3
1948,591,1,3
1948,592,1,3
1948,593,1,3
1948,594,1,3
1948,595,1,3
1948,596,1,3
1948,597,1,3
1948,598,1,3
1948,599,1,2
1948,600,1,2
1948,601,1,2
1948,602,1,2
1948,603,1,2
1948,604,1,2
1948,605,1,2
1948,606,1,2
1948,607,1,2
1948,608,1,2
1948,609,1,2
1948,610,1,2
1948,611,1,2
1948,612,1,2
1948,613,1,2
1948,614,1,2
1948,615,1,2
1948,616,1,2
1948,617,1,2
1948,618,1,2
1948,619,1,2
1948,620,1,2
1948,621,1,2
1948,622,1,2
1948,623,1,2
1948,624,1,2
1948,625,1,2
1948,626,1,2
1948,627,1,2
1948,628,1,2
1948,629,1,2
1948,630,1,2
1948,631,1,2
1948,632,1,2
1948,633,1,2
1948,634,1,2
1948,635,1,2
1948,636,1,2
1948,637,1,2
1948,638,1,2
1948,639,1,2
1948,640,1,2
1948,641,1,2
1948,642,1,2
1948,643,1,2
1948,644,1,2
1948,645,1,2
1948,646,1,2
1948,647,1,2
1948,648,1,2
1948,649,1,2
1948,650,1,2
1948,651,1,2
1948,652,1,2
1948,653,1,2
1948,654,1,2
1948,655,1,2
1948,656,1,2
1948,657,1,2
1948,658,1,2
1948,659,1,2
1948,660,1,2
1948,661,1,2
1948,662,1,2
1948,663,1,2
1948,664,1,2
1948,665,1,2
1948,666,1,2
1948,667,1,2
1948,668,1,2
1948,669,1,2
1948,670,1,2
1948,671,1,2
1948,672,1,2
1948,673,1,2
1948,674,1,2
1948,675,1,2
1948,676,1,2
1948,677,1,2
1949,114,1,2
1949,115,1,3
1949,116,1,3
1949,117,1,3
1949,118,1,3
1949,119,1,3
1949,120,1,3
1949,121,1,3
1949,122,1,3
1949,123,1,3
1949,124,1,3
1949,125,1,3
1949,126,1,3
1949,127,1,3
1949,128,1,3
1949,129,1,3
1949,130,1,3
1949,131,1,3
1949,132,1,3
1949,133,1,3
1949,134,1,3
1949,135,1,3
1949,136,1,3
1949,137,1,3
1949,138,1,3
1949,139,1,3
1949,140,1,3
1949,141,1,3
1949,142,1,3
1949,143,1,3
1949,144,1,3
1949,145,1,3
1949,146,1,3
1949,147,1,3
1949,148,1,3
1949,149,1,3
1949,150,1,3
1949,151,1,3
1949,152,1,3
1949,153,1,3
1949,154,1,3
1949,155,1,3
1949,156,1,3
1949,157,1,3
1949,158,1,3
1949,159,1,3
1949,160,1,3
1949,161,1,3
1949,162,1,3
1949,163,1,3
1949,164,1,3
1949,165,1,3
1949,166,1,3
1949,167,1,3
1949,168,1,3
1949,169,1,3
1949,170,1,3
1949,171,1,3
1949,172,1,2
1949,173,1,2
1949,174,1,2
1949,175,1,2
1949,176,1,2
1949,177,1,2
1949,178,1,2
1949,179,1,2
1949,180,1,2
1949,181,1,2
1949,182,1,2
1949,183,1,2
1949,184,1,2
1949,185,1,2
1949,186,1,2
1949,187,1,2
1949,188,1,2
1949,189,1,2
1949,190,1,2
1949,191,1,2
1949,192,1,2
1949,193,1,2
1949,194,1,2
1949,195,1,2
1949,196,1,2
1949,197,1,2
1949,198,1,2
1949,199,1,2
1949,200,1,2
1949,201,1,2
1949,202,1,2
1949,203,1,2
1949,204,1,2
1949,205,1,2
1949,206,1,2
1949,207,1,2
1949,208,1,2
1949,209,1,2
1949,210,1,2
1949,211,1,2
1949,212,1,2
1949,213,1,2
1949,214,1,2
1949,215,1,2
1949,216,1,2
1949,217,1,2
1949,218,1,2
1949,219,1,2
1949,220,1,2
1949,221,1,2
1949,222,1,2
1949,223,1,2
1949,224,1,2
1949,225,1,2
1949,226,1,2
1949,227,1,2
1949,228,1,2
1949,229,1,2
1949,230,1,2
1949,231,1,2
1949,232,1,2
1949,233,1,2
1949,234,1,2
1949,235,1,2
1949,236,1,2
1949,237,1,2
1949,238,1,2
1949,239,1,2
1949,240,1,2
1949,241,1,2
1949,242,1,2
1949,243,1,2
1949,244,1,2
1949,245,1,2
1949,246,1,2
1949,247,1,2
1949,248,1,2
1949,249,1,2
1949,250,1,2
1949,251,1,2
1949,252,1,2
1949,253,1,2
1949,254,1,2
1949,255,1,2
1949,256,1,2
1949,257,1,2
1949,258,1,2
1949,259,1,2
1949,260,1,2
1949,261,1,2
1949,262,1,2
1949,263,1,2
1949,264,1,2
1949,265,1,2
1949,266,1,2
1949,267,1,2
1949,268,1,2
1949,269,1,2
1949,270,1,2
1949,271,1,2
1949,272,1,2
1949,273,1,2
1949,274,1,2
1949,275,1,2
1949,276,1,2
1949,277,1,2
1949,278,1,2
1949,279,1,2
1949,280,1,2
1949,281,1,2
1949,282,1,2
1949,283,1,2
1949,284,1,2
1949,285,1,2
1949,286,1,2
1949,287,1,2
1949,288,1,2
1949,289,1,2
1949,290,1,2
1949,291,1,2
1949,292,1,2
1949,293,1,2
1949,294,1,2
1949,295,1,2
1949,296,1,2
1949,297,1,2
1949,298,1,2
1949,299,1,2
1949,300,1,2
1949,301,1,2
1949,302,1,2
1949,303,1,2
1949,304,1,2
1949,305,1,2
1949,306,1,2
1949,307,1,2
1949,308,1,2
1949,309,1,2
1949,310,1,2
1949,311,1,2
1949,312,1,2
1949,313,1,2
1949,314,1,2
1949,315,1,2
1949,316,1,2
1949,317,1,2
1949,318,1,2
1949,319,1,2
1949,320,1,2
1949,321,1,2
1949,322,1,2
1949,323,1,2
1949,324,1,2
1949,325,1,2
1949,326,1,2
1949,327,1,2
1949,328,1,2
1949,329,1,2
1949,330,1,2
1949,331,1,2
1949,332,1,2
1949,333,1,2
1949,334,1,2
1949,335,1,2
1949,336,1,3
1949,337,1,3
1949,338,1,3
1949,339,1,3
1949,340,1,3
1949,341,1,3
1949,342,1,3
1949,343,1,3
1949,344,1,3
1949,345,1,3
1949,346,1,3
1949,347,1,3
1949,348,1,3
1949,349,1,3
1949,350,1,3
1949,351,1,3
1949,352,1,3
1949,353,1,3
1949,354,1,3
1949,355,1,3
1949,356,1,3
1949,357,1,3
1949,358,1,3
1949,359,1,3
1949,360,1,3
1949,361,1,3
1949,362,1,3
1949,363,1,3
1949,364,1,3
1949,365,1,3
1949,366,1,3
1949,367,1,3
1949,368,1,3
1949,369,1,3
1949,370,1,3
1949,371,1,3
1949,372,1,3
1949,373,1,3
1949,374,1,3
1949,375,1,3
1949,376,1,3
1949,377,1,3
1949,378,1,3
1949,379,1,3
1949,380,1,3
1949,381,1,3
1949,382,1,3
1949,383,1,3
1949,384,1,3
1949,385,1,3
1949,386,1,3
1949,387,1,3
1949,388,1,3
1949,389,1,3
1949,390,1,3
1949,391,1,3
1949,392,1,3
1949,393,1,3
1949,394,1,3
1949,395,1,3
1949,396,1,3
1949,397,1,3
1949,398,1,3
1949,399,1,3
1949,400,1,3
1949,401,1,3
1949,402,1,3
1949,403,1,3
1949,404,1,3
1949,405,1,3
1949,406,1,3
1949,407,1,3
1949,408,1,3
1949,409,1,3
1949,410,1,3
1949,411,1,3
1949,412,1,3
1949,413,1,3
1949,414,1,3
1949,415,1,3
1949,416,1,3
1949,417,1,3
1949,418,1,3
1949,419,1,3
1949,420,1,3
1949,421,1,3
1949,422,1,3
1949,423,1,3
1949,424,1,3
1949,425,1,3
1949,426,1,3
1949,427,1,3
1949,428,1,3
1949,429,1,3
1949,430,1,3
1949,431,1,2
1949,432,1,2
1949,433,1,2
1949,434,1,2
1949,435,1,2
1949,436,1,2
1949,437,1,2
1949,438,1,2
1949,439,1,2
1949,440,1,2
1949,441,1,2
1949,442,1,2
1949,443,1,2
1949,444,1,2
1949,445,1,2
1949,446,1,2
1949,447,1,2
1949,448,1,2
1949,449,1,2
1949,450,1,2
1949,451,1,2
1949,452,1,2
1949,453,1,2
1949,454,1,2
1949,455,1,2
1949,456,1,2
1949,457,1,2
1949,458,1,2
1949,459,1,2
1949,460,1,2
1949,461,1,2
1949,462,1,2
1949,463,1,2
1949,464,1,2
1949,465,1,2
1949,466,1,2
1949,467,1,2
1949,468,1,2
1949,469,1,2
1949,470,1,2
1949,471,1,2
1949,472,1,2
1949,473,1,2
1949,474,1,2
1949,475,1,2
1949,476,1,2
1949,477,1,2
1949,478,1,2
1949,479,1,2
1949,480,1,2
1949,481,1,2
1949,482,1,2
1949,483,1,2
1949,484,1,2
1949,485,1,2
1949,486,1,2
1949,487,1,2
1949,488,1,2
1949,489,1,2
1949,490,1,2
1949,491,1,2
1949,492,1,2
1949,493,1,2
1949,494,1,2
1949,495,1,2
1949,496,1,3
1949,497,1,3
1949,498,1,3
1949,499,1,3
1949,500,1,3
1949,501,1,3
1949,502,1,3
1949,503,1,3
1949,504,1,3
1949,505,1,3
1949,506,1,3
1949,507,1,3
1949,508,1,3
1949,509,1,3
1949,510,1,3
1949,511,1,3
1949,512,1,3
1949,513,1,3
1949,514,1,3
1949,515,1,3
1949,516,1,3
1949,517,1,3
1949,518,1,3
1949,519,1,3
1949,520,1,3
1949,521,1,3
1949,522,1,3
1949,523,1,3
1949,524,1,3
1949,525,1,3
1949,526,1,3
1949,527,1,3
1949,528,1,3
1949,529,1,3
1949,530,1,3
1949,531,1,3
1949,532,1,3
1949,533,1,3
1949,534,1,3
1949,535,1,3
1949,536,1,3
1949,537,1,3
1949,538,1,3
1949,539,1,3
1949,540,1,3
1949,541,1,3
1949,542,1,2
1949,543,1,2
1949,544,1,2
1949,545,1,2
1949,546,1,2
1949,547,1,2
1949,548,1,2
1949,549,1,2
1949,550,1,2
1949,551,1,2
1949,552,1,2
1949,553,1,2
1949,554,1,2
1949,555,1,2
1949,556,1,2
1949,557,1,2
1949,558,1,2
1949,559,1,2
1949,560,1,2
1949,561,1,2
1949,562,1,2
1949,563,1,2
1949,564,1,2
1949,565,1,2
1949,566,1,3
1949,567,1,3
1949,568,1,3
1949,569,1,3
1949,570,1,3
1949,571,1,3
1949,572,1,3
1949,573,1,3
1949,574,1,3
1949,575,1,3
1949,576,1,3
1949,577,1,3
1949,578,1,3
1949,579,1,3
1949,580,1,3
1949,581,1,3
1949,582,1,3
1949,583,1,3
1949,584,1,3
1949,585,1,3
1949,586,1,3
1949,587,1,3
1949,588,1,3
1949,589,1,3
1949,590,1,3
1949,591,1,3
1949,592,1,3
1949,593,1,3
1949,594,1,3
1949,595,1,3
1949,596,1,3
1949,597,1,3
1949,598,1,3
1949,599,1,2
1949,600,1,2
1949,601,1,2
1949,602,1,2
1949,603,1,2
1949,604,1,2
1949,605,1,2
1949,606,1,2
1949,607,1,2
1949,608,1,2
1949,609,1,2
1949,610,1,2
1949,611,1,2
1949,612,1,2
1949,613,1,2
1949,614,1,2
1949,615,1,2
1949,616,1,2
1949,617,1,2
1949,618,1,2
1949,619,1,2
1949,620,1,2
1949,621,1,2
1949,622,1,2
1949,623,1,2
1949,624,1,2
1949,625,1,2
1949,626,1,2
1949,627,1,2
1949,628,1,2
1949,629,1,2
1949,630,1,2
1949,631,1,2
1949,632,1,2
1949,633,1,2
1949,634,1,2
1949,635,1,2
1949,636,1,2
1949,637,1,2
1949,638,1,2
1949,639,1,2
1949,640,1,2
1949,641,1,2
1949,642,1,2
1949,643,1,2
1949,644,1,2
1949,645,1,2
1949,646,1,2
1949,647,1,2
1949,648,1,2
1949,649,1,2
1949,650,1,2
1949,651,1,2
1949,652,1,2
1949,653,1,2
1949,654,1,2
1949,655,1,2
1949,656,1,2
1949,657,1,2
1949,658,1,2
1949,659,1,2
1949,660,1,2
1949,661,1,2
1949,662,1,2
1949,663,1,2
1949,664,1,2
1949,665,1,2
1949,666,1,2
1949,667,1,2
1949,668,1,2
1949,669,1,2
1949,670,1,2
1949,671,1,2
1949,672,1,2
1949,673,1,2
1949,674,1,2
1949,675,1,2
1949,676,1,2
1949,677,1,2
1950,114,1,2
1950,115,1,3
1950,116,1,3
1950,117,1,3
1950,118,1,3
1950,119,1,3
1950,120,1,3
1950,121,1,3
1950,122,1,3
1950,123,1,3
1950,124,1,3
1950,125,1,3
1950,126,1,3
1950,127,1,3
1950,128,1,3
1950,129,1,3
1950,130,1,3
1950,131,1,3
1950,132,1,3
1950,133,1,3
1950,134,1,3
1950,135,1,3
1950,136,1,3
1950,137,1,3
1950,138,1,3
1950,139,1,3
1950,140,1,3
1950,141,1,3
1950,142,1,3
1950,143,1,3
1950,144,1,3
1950,145,1,3
1950,146,1,3
1950,147,1,3
1950,148,1,3
1950,149,1,3
1950,150,1,3
1950,151,1,3
1950,152,1,3
1950,153,1,3
1950,154,1,3
1950,155,1,3
1950,156,1,3
1950,157,1,3
1950,158,1,3
1950,159,1,3
1950,160,1,3
1950,161,1,3
1950,162,1,3
1950,163,1,3
1950,164,1,3
1950,165,1,3
1950,166,1,3
1950,167,1,3
1950,168,1,3
1950,169,1,3
1950,170,1,3
1950,171,1,3
1950,172,1,3
1950,173,1,2
1950,174,1,2
1950,175,1,2
1950,176,1,2
1950,177,1,2
1950,178,1,2
1950,179,1,2
1950,180,1,2
1950,181,1,2
1950,182,1,2
1950,183,1,2
1950,184,1,2
1950,185,1,2
1950,186,1,2
1950,187,1,2
1950,188,1,2
1950,189,1,2
1950,190,1,2
1950,191,1,2
1950,192,1,2
1950,193,1,2
1950,194,1,2
1950,195,1,2
1950,196,1,2
1950,197,1,2
1950,198,1,2
1950,199,1,2
1950,200,1,2
1950,201,1,2
1950,202,1,2
1950,203,1,2
1950,204,1,2
1950,205,1,2
1950,206,1,2
1950,207,1,2
1950,208,1,2
1950,209,1,2
1950,210,1,2
1950,211,1,2
1950,212,1,2
1950,213,1,2
1950,214,1,2
1950,215,1,2
1950,216,1,2
1950,217,1,2
1950,218,1,2
1950,219,1,2
1950,220,1,2
1950,221,1,2
1950,222,1,2
1950,223,1,2
1950,224,1,2
1950,225,1,2
1950,226,1,2
1950,227,1,2
1950,228,1,2
1950,229,1,2
1950,230,1,2
1950,231,1,2
1950,232,1,2
1950,233,1,2
1950,234,1,2
1950,235,1,2
1950,236,1,2
1950,237,1,2
1950,238,1,2
1950,239,1,2
1950,240,1,2
1950,241,1,2
1950,242,1,2
1950,243,1,2
1950,244,1,2
1950,245,1,2
1950,246,1,2
1950,247,1,2
1950,248,1,2
1950,249,1,2
1950,250,1,2
1950,251,1,2
1950,252,1,2
1950,253,1,2
1950,254,1,2
1950,255,1,2
1950,256,1,2
1950,257,1,2
1950,258,1,2
1950,259,1,2
1950,260,1,2
1950,261,1,2
1950,262,1,2
1950,263,1,2
1950,264,1,2
1950,265,1,2
1950,266,1,2
1950,267,1,2
1950,268,1,2
1950,269,1,2
1950,270,1,2
1950,271,1,2
1950,272,1,2
1950,273,1,2
1950,274,1,2
1950,275,1,2
1950,276,1,2
1950,277,1,2
1950,278,1,2
1950,279,1,2
1950,280,1,2
1950,281,1,2
1950,282,1,2
1950,283,1,2
1950,284,1,2
1950,285,1,2
1950,286,1,2
1950,287,1,2
1950,288,1,2
1950,289,1,2
1950,290,1,2
1950,291,1,2
1950,292,1,2
1950,293,1,2
1950,294,1,2
1950,295,1,2
1950,296,1,2
1950,297,1,2
1950,298,1,2
1950,299,1,2
1950,300,1,2
1950,301,1,2
1950,302,1,2
1950,303,1,2
1950,304,1,2
1950,305,1,2
1950,306,1,2
1950,307,1,2
1950,308,1,2
1950,309,1,2
1950,310,1,2
1950,311,1,2
1950,312,1,2
1950,313,1,2
1950,314,1,2
1950,315,1,2
1950,316,1,2
1950,317,1,2
1950,318,1,2
1950,319,1,2
1950,320,1,2
1950,321,1,2
1950,322,1,2
1950,323,1,2
1950,324,1,2
1950,325,1,2
1950,326,1,2
1950,327,1,2
1950,328,1,2
1950,329,1,2
1950,330,1,2
1950,331,1,2
1950,332,1,2
1950,333,1,2
1950,334,1,2
1950,335,1,2
1950,336,1,3
1950,337,1,3
1950,338,1,3
1950,339,1,3
1950,340,1,3
1950,341,1,3
1950,342,1,3
1950,343,1,3
1950,344,1,3
1950,345,1,3
1950,346,1,3
1950,347,1,3
1950,348,1,3
1950,349,1,3
1950,350,1,3
1950,351,1,3
1950,352,1,3
1950,353,1,3
1950,354,1,3
1950,355,1,3
1950,356,1,3
1950,357,1,3
1950,358,1,3
1950,359,1,3
1950,360,1,3
1950,361,1,3
1950,362,1,3
1950,363,1,3
1950,364,1,3
1950,365,1,3
1950,366,1,3
1950,367,1,3
1950,368,1,3
1950,369,1,3
1950,370,1,3
1950,371,1,3
1950,372,1,3
1950,373,1,3
1950,374,1,3
1950,375,1,3
1950,376,1,3
1950,377,1,3
1950,378,1,3
1950,379,1,3
1950,380,1,3
1950,381,1,3
1950,382,1,3
1950,383,1,3
1950,384,1,3
1950,385,1,3
1950,386,1,3
1950,387,1,3
1950,388,1,3
1950,389,1,3
1950,390,1,3
1950,391,1,3
1950,392,1,3
1950,393,1,3
1950,394,1,3
1950,395,1,3
1950,396,1,3
1950,397,1,3
1950,398,1,3
1950,399,1,3
1950,400,1,3
1950,401,1,3
1950,402,1,3
1950,403,1,3
1950,404,1,3
1950,405,1,3
1950,406,1,3
1950,407,1,3
1950,408,1,3
1950,409,1,3
1950,410,1,3
1950,411,1,3
1950,412,1,3
1950,413,1,3
1950,414,1,3
1950,415,1,3
1950,416,1,3
1950,417,1,3
1950,418,1,3
1950,419,1,3
1950,420,1,3
1950,421,1,3
1950,422,1,3
1950,423,1,3
1950,424,1,3
1950,425,1,3
1950,426,1,3
1950,427,1,3
1950,428,1,3
1950,429,1,3
1950,430,1,2
1950,431,1,2
1950,432,1,2
1950,433,1,2
1950,434,1,2
1950,435,1,2
1950,436,1,2
1950,437,1,2
1950,438,1,2
1950,439,1,2
1950,440,1,2
1950,441,1,2
1950,442,1,2
1950,443,1,2
1950,444,1,2
1950,445,1,2
1950,446,1,2
1950,447,1,2
1950,448,1,2
1950,449,1,2
1950,450,1,2
1950,451,1,2
1950,452,1,2
1950,453,1,2
1950,454,1,2
1950,455,1,2
1950,456,1,2
1950,457,1,2
1950,458,1,2
1950,459,1,2
1950,460,1,2
1950,461,1,2
1950,462,1,2
1950,463,1,2
1950,464,1,2
1950,465,1,2
1950,466,1,2
1950,467,1,2
1950,468,1,2
1950,469,1,2
1950,470,1,2
1950,471,1,2
1950,472,1,2
1950,473,1,2
1950,474,1,2
1950,475,1,2
1950,476,1,2
1950,477,1,2
1950,478,1,2
1950,479,1,2
1950,480,1,2
1950,481,1,2
1950,482,1,2
1950,483,1,2
1950,484,1,2
1950,485,1,2
1950,486,1,2
1950,487,1,2
1950,488,1,2
1950,489,1,2
1950,490,1,2
1950,491,1,2
1950,492,1,2
1950,493,1,2
1950,494,1,2
1950,495,1,2
1950,496,1,3
1950,497,1,3
1950,498,1,3
1950,499,1,3
1950,500,1,3
1950,501,1,3
1950,502,1,3
1950,503,1,3
1950,504,1,3
1950,505,1,3
1950,506,1,3
1950,507,1,3
1950,508,1,3
1950,509,1,3
1950,510,1,3
1950,511,1,3
1950,512,1,3
1950,513,1,3
1950,514,1,3
1950,515,1,3
1950,516,1,3
1950,517,1,3
1950,518,1,3
1950,519,1,3
1950,520,1,3
1950,521,1,3
1950,522,1,3
1950,523,1,3
1950,524,1,3
1950,525,1,3
1950,526,1,3
1950,527,1,3
1950,528,1,3
1950,529,1,3
1950,530,1,3
1950,531,1,3
1950,532,1,3
1950,533,1,3
1950,534,1,3
1950,535,1,3
1950,536,1,3
1950,537,1,3
1950,538,1,3
1950,539,1,3
1950,540,1,2
1950,541,1,2
1950,542,1,2
1950,543,1,2
1950,544,1,2
1950,545,1,2
1950,546,1,2
1950,547,1,2
1950,548,1,2
1950,549,1,2
1950,550,1,2
1950,551,1,2
1950,552,1,2
1950,553,1,2
1950,554,1,2
1950,555,1,2
1950,556,1,2
1950,557,1,2
1950,558,1,2
1950,559,1,2
1950,560,1,2
1950,561,1,2
1950,562,1,2
1950,563,1,2
1950,564,1,2
1950,565,1,3
1950,566,1,3
1950,567,1,3
1950,568,1,3
1950,569,1,3
1950,570,1,3
1950,571,1,3
1950,572,1,3
1950,573,1,3
1950,574,1,3
1950,575,1,3
1950,576,1,3
1950,577,1,3
1950,578,1,3
1950,579,1,3
1950,580,1,3
1950,581,1,3
1950,582,1,3
1950,583,1,3
1950,584,1,3
1950,585,1,3
1950,586,1,3
1950,587,1,3
1950,588,1,3
1950,589,1,3
1950,590,1,3
1950,591,1,3
1950,592,1,3
1950,593,1,3
1950,594,1,3
1950,595,1,3
1950,596,1,3
1950,597,1,3
1950,598,1,3
1950,599,1,2
1950,600,1,2
1950,601,1,2
1950,602,1,2
1950,603,1,2
1950,604,1,2
1950,605,1,2
1950,606,1,2
1950,607,1,2
1950,608,1,2
1950,609,1,2
1950,610,1,2
1950,611,1,2
1950,612,1,2
1950,613,1,2
1950,614,1,2
1950,615,1,2
1950,616,1,2
1950,617,1,2
1950,618,1,2
1950,619,1,2
1950,620,1,2
1950,621,1,2
1950,622,1,2
1950,623,1,2
1950,624,1,2
1950,625,1,2
1950,626,1,2
1950,627,1,2
1950,628,1,2
1950,629,1,2
1950,630,1,2
1950,631,1,2
1950,632,1,2
1950,633,1,2
1950,634,1,2
1950,635,1,2
1950,636,1,2
1950,637,1,2
1950,638,1,2
1950,639,1,2
1950,640,1,2
1950,641,1,2
1950,642,1,2
1950,643,1,2
1950,644,1,2
1950,645,1,2
1950,646,1,2
1950,647,1,2
1950,648,1,2
1950,649,1,2
1950,650,1,2
1950,651,1,2
1950,652,1,2
1950,653,1,2
1950,654,1,2
1950,655,1,2
1950,656,1,2
1950,657,1,2
1950,658,1,2
1950,659,1,2
1950,660,1,2
1950,661,1,2
1950,662,1,2
1950,663,1,2
1950,664,1,2
1950,665,1,2
1950,666,1,2
1950,667,1,2
1950,668,1,2
1950,669,1,2
1950,670,1,2
1950,671,1,2
1950,672,1,2
1950,673,1,2
1950,674,1,2
1950,675,1,2
1950,676,1,2
1950,677,1,2
1951,114,1,2
1951,115,1,3
1951,116,1,3
1951,117,1,3
1951,118,1,3
1951,119,1,3
1951,120,1,3
1951,121,1,3
1951,122,1,3
1951,123,1,3
1951,124,1,3
1951,125,1,3
1951,126,1,3
1951,127,1,3
1951,128,1,3
1951,129,1,3
1951,130,1,3
1951,131,1,3
1951,132,1,3
1951,133,1,3
1951,134,1,3
1951,135,1,3
1951,136,1,3
1951,137,1,3
1951,138,1,3
1951,139,1,3
1951,140,1,3
1951,141,1,3
1951,142,1,3
1951,143,1,3
1951,144,1,3
1951,145,1,3
1951,146,1,3
1951,147,1,3
1951,148,1,3
1951,149,1,3
1951,150,1,3
1951,151,1,3
1951,152,1,3
1951,153,1,3
1951,154,1,3
1951,155,1,3
1951,156,1,3
1951,157,1,3
1951,158,1,3
1951,159,1,3
1951,160,1,3
1951,161,1,3
1951,162,1,3
1951,163,1,3
1951,164,1,3
1951,165,1,3
1951,166,1,3
1951,167,1,3
1951,168,1,3
1951,169,1,3
1951,170,1,3
1951,171,1,3
1951,172,1,3
1951,173,1,2
1951,174,1,2
1951,175,1,2
1951,176,1,2
1951,177,1,2
1951,178,1,2
1951,179,1,2
1951,180,1,2
1951,181,1,2
1951,182,1,2
1951,183,1,2
1951,184,1,2
1951,185,1,2
1951,186,1,2
1951,187,1,2
1951,188,1,2
1951,189,1,2
1951,190,1,2
1951,191,1,2
1951,192,1,2
1951,193,1,2
1951,194,1,2
1951,195,1,2
1951,196,1,2
1951,197,1,2
1951,198,1,2
1951,199,1,2
1951,200,1,2
1951,201,1,2
1951,202,1,2
1951,203,1,2
1951,204,1,2
1951,205,1,2
1951,206,1,2
1951,207,1,2
1951,208,1,2
1951,209,1,2
1951,210,1,2
1951,211,1,2
1951,212,1,2
1951,213,1,2
1951,214,1,2
1951,215,1,2
1951,216,1,2
1951,217,1,2
1951,218,1,2
1951,219,1,2
1951,220,1,2
1951,221,1,2
1951,222,1,2
1951,223,1,2
1951,224,1,2
1951,225,1,2
1951,226,1,2
1951,227,1,2
1951,228,1,2
1951,229,1,2
1951,230,1,2
1951,231,1,2
1951,232,1,2
1951,233,1,2
1951,234,1,2
1951,235,1,2
1951,236,1,2
1951,237,1,2
1951,238,1,2
1951,239,1,2
1951,240,1,2
1951,241,1,2
1951,242,1,2
1951,243,1,2
1951,244,1,2
1951,245,1,2
1951,246,1,2
1951,247,1,2
1951,248,1,2
1951,249,1,2
1951,250,1,2
1951,251,1,2
1951,252,1,2
1951,253,1,2
1951,254,1,2
1951,255,1,2
1951,256,1,2
1951,257,1,2
1951,258,1,2
1951,259,1,2
1951,260,1,2
1951,261,1,2
1951,262,1,2
1951,263,1,2
1951,264,1,2
1951,265,1,2
1951,266,1,2
1951,267,1,2
1951,268,1,2
1951,269,1,2
1951,270,1,2
1951,271,1,2
1951,272,1,2
1951,273,1,2
1951,274,1,2
1951,275,1,2
1951,276,1,2
1951,277,1,2
1951,278,1,2
1951,279,1,2
1951,280,1,2
1951,281,1,2
1951,282,1,2
1951,283,1,2
1951,284,1,2
1951,285,1,2
1951,286,1,2
1951,287,1,2
1951,288,1,2
1951,289,1,2
1951,290,1,2
1951,291,1,2
1951,292,1,2
1951,293,1,2
1951,294,1,2
1951,295,1,2
1951,296,1,2
1951,297,1,2
1951,298,1,2
1951,299,1,2
1951,300,1,2
1951,301,1,2
1951,302,1,2
1951,303,1,2
1951,304,1,2
1951,305,1,2
1951,306,1,2
1951,307,1,2
1951,308,1,2
1951,309,1,2
1951,310,1,2
1951,311,1,2
1951,312,1,2
1951,313,1,2
1951,314,1,2
1951,315,1,2
1951,316,1,2
1951,317,1,2
1951,318,1,2
1951,319,1,2
1951,320,1,2
1951,321,1,2
1951,322,1,2
1951,323,1,2
1951,324,1,2
1951,325,1,2
1951,326,1,2
1951,327,1,2
1951,328,1,2
1951,329,1,2
1951,330,1,2
1951,331,1,2
1951,332,1,2
1951,333,1,2
1951,334,1,2
1951,335,1,3
1951,336,1,3
1951,337,1,3
1951,338,1,3
1951,339,1,3
1951,340,1,3
1951,341,1,3
1951,342,1,3
1951,343,1,3
1951,344,1,3
1951,345,1,3
1951,346,1,3
1951,347,1,3
1951,348,1,3
1951,349,1,3
1951,350,1,3
1951,351,1,3
1951,352,1,3
1951,353,1,3
1951,354,1,3
1951,355,1,3
1951,356,1,3
1951,357,1,3
1951,358,1,3
1951,359,1,3
1951,360,1,3
1951,361,1,3
1951,362,1,3
1951,363,1,3
1951,364,1,3
1951,365,1,3
1951,366,1,3
1951,367,1,3
1951,368,1,3
1951,369,1,3
1951,370,1,3
1951,371,1,3
1951,372,1,3
1951,373,1,3
1951,374,1,3
1951,375,1,3
1951,376,1,3
1951,377,1,3
1951,378,1,3
1951,379,1,3
1951,380,1,3
1951,381,1,3
1951,382,1,3
1951,383,1,3
1951,384,1,3
1951,385,1,3
1951,386,1,3
1951,387,1,3
1951,388,1,3
1951,389,1,3
1951,390,1,3
1951,391,1,3
1951,392,1,3
1951,393,1,3
1951,394,1,3
1951,395,1,3
1951,396,1,3
1951,397,1,3
1951,398,1,3
1951,399,1,3
1951,400,1,3
1951,401,1,3
1951,402,1,3
1951,403,1,3
1951,404,1,3
1951,405,1,3
1951,406,1,3
1951,407,1,3
1951,408,1,3
1951,409,1,3
1951,410,1,3
1951,411,1,3
1951,412,1,3
1951,413,1,3
1951,414,1,3
1951,415,1,3
1951,416,1,3
1951,417,1,3
1951,418,1,3
1951,419,1,3
1951,420,1,3
1951,421,1,3
1951,422,1,3
1951,423,1,3
1951,424,1,3
1951,425,1,3
1951,426,1,3
1951,427,1,3
1951,428,1,3
1951,429,1,3
1951,430,1,2
1951,431,1,2
1951,432,1,2
1951,433,1,2
1951,434,1,2
1951,435,1,2
1951,436,1,2
1951,437,1,2
1951,438,1,2
1951,439,1,2
1951,440,1,2
1951,441,1,2
1951,442,1,2
1951,443,1,2
1951,444,1,2
1951,445,1,2
1951,446,1,2
1951,447,1,2
1951,448,1,2
1951,449,1,2
1951,450,1,2
1951,451,1,2
1951,452,1,2
1951,453,1,2
1951,454,1,2
1951,455,1,2
1951,456,1,2
1951,457,1,2
1951,458,1,2
1951,459,1,2
1951,460,1,2
1951,461,1,2
1951,462,1,2
1951,463,1,2
1951,464,1,2
1951,465,1,2
1951,466,1,2
1951,467,1,2
1951,468,1,2
1951,469,1,2
1951,470,1,2
1951,471,1,2
1951,472,1,2
1951,473,1,2
1951,474,1,2
1951,475,1,2
1951,476,1,2
1951,477,1,2
1951,478,1,2
1951,479,1,2
1951,480,1,2
1951,481,1,2
1951,482,1,2
1951,483,1,2
1951,484,1,2
1951,485,1,2
1951,486,1,2
1951,487,1,2
1951,488,1,2
1951,489,1,2
1951,490,1,2
1951,491,1,2
1951,492,1,2
1951,493,1,2
1951,494,1,2
1951,495,1,2
1951,496,1,3
1951,497,1,3
1951,498,1,3
1951,499,1,3
1951,500,1,3
1951,501,1,3
1951,502,1,3
1951,503,1,3
1951,504,1,3
1951,505,1,3
1951,506,1,3
1951,507,1,3
1951,508,1,3
1951,509,1,3
1951,510,1,3
1951,511,1,3
1951,512,1,3
1951,513,1,3
1951,514,1,3
1951,515,1,3
1951,516,1,3
1951,517,1,3
1951,518,1,3
1951,519,1,3
1951,520,1,3
1951,521,1,3
1951,522,1,3
1951,523,1,3
1951,524,1,3
1951,525,1,3
1951,526,1,3
1951,527,1,3
1951,528,1,3
1951,529,1,3
1951,530,1,3
1951,531,1,3
1951,532,1,3
1951,533,1,3
1951,534,1,3
1951,535,1,3
1951,536,1,3
1951,537,1,3
1951,538,1,3
1951,539,1,2
1951,540,1,2
1951,541,1,2
1951,542,1,2
1951,543,1,2
1951,544,1,2
1951,545,1,2
1951,546,1,2
1951,547,1,2
1951,548,1,2
1951,549,1,2
1951,550,1,2
1951,551,1,2
1951,552,1,2
1951,553,1,2
1951,554,1,2
1951,555,1,2
1951,556,1,2
1951,557,1,2
1951,558,1,2
1951,559,1,2
1951,560,1,2
1951,561,1,2
1951,562,1,2
1951,563,1,2
1951,564,1,3
1951,565,1,3
1951,566,1,3
1951,567,1,3
1951,568,1,3
1951,569,1,3
1951,570,1,3
1951,571,1,3
1951,572,1,3
1951,573,1,3
1951,574,1,3
1951,575,1,3
1951,576,1,3
1951,577,1,3
1951,578,1,3
1951,579,1,3
1951,580,1,3
1951,581,1,3
1951,582,1,3
1951,583,1,3
1951,584,1,3
1951,585,1,3
1951,586,1,3
1951,587,1,3
1951,588,1,3
1951,589,1,3
1951,590,1,3
1951,591,1,3
1951,592,1,3
1951,593,1,3
1951,594,1,3
1951,595,1,3
1951,596,1,3
1951,597,1,3
1951,598,1,3
1951,599,1,2
1951,600,1,2
1951,601,1,2
1951,602,1,2
1951,603,1,2
1951,604,1,2
1951,605,1,2
1951,606,1,2
1951,607,1,2
1951,608,1,2
1951,609,1,2
1951,610,1,2
1951,611,1,2
1951,612,1,2
1951,613,1,2
1951,614,1,2
1951,615,1,2
1951,616,1,2
1951,617,1,2
1951,618,1,2
1951,619,1,2
1951,620,1,2
1951,621,1,2
1951,622,1,2
1951,623,1,2
1951,624,1,2
1951,625,1,2
1951,626,1,2
1951,627,1,2
1951,628,1,2
1951,629,1,2
1951,630,1,2
1951,631,1,2
1951,632,1,2
1951,633,1,2
1951,634,1,2
1951,635,1,2
1951,636,1,2
1951,637,1,2
1951,638,1,2
1951,639,1,2
1951,640,1,2
1951,641,1,2
1951,642,1,2
1951,643,1,2
1951,644,1,2
1951,645,1,2
1951,646,1,2
1951,647,1,2
1951,648,1,2
1951,649,1,2
1951,650,1,2
1951,651,1,2
1951,652,1,2
1951,653,1,2
1951,654,1,2
1951,655,1,2
1951,656,1,2
1951,657,1,2
1951,658,1,2
1951,659,1,2
1951,660,1,2
1951,661,1,2
1951,662,1,2
1951,663,1,2
1951,664,1,2
1951,665,1,2
1951,666,1,2
1951,667,1,2
1951,668,1,2
1951,669,1,2
1951,670,1,2
1951,671,1,2
1951,672,1,2
1951,673,1,2
1951,674,1,2
1951,675,1,2
1951,676,1,2
1951,677,1,2
1952,114,1,2
1952,115,1,2
1952,116,1,3
1952,117,1,3
1952,118,1,3
1952,119,1,3
1952,120,1,3
1952,121,1,3
1952,122,1,3
1952,123,1,3
1952,124,1,3
1952,125,1,3
1952,126,1,3
1952,127,1,3
1952,128,1,3
1952,129,1,3
1952,130,1,3
1952,131,1,3
1952,132,1,3
1952,133,1,3
1952,134,1,3
1952,135,1,3
1952,136,1,3
1952,137,1,3
1952,138,1,3
1952,139,1,3
1952,140,1,3
1952,141,1,3
1952,142,1,3
1952,143,1,3
1952,144,1,3
1952,145,1,3
1952,146,1,3
1952,147,1,3
1952,148,1,3
1952,149,1,3
1952,150,1,3
1952,151,1,3
1952,152,1,3
1952,153,1,3
1952,154,1,3
1952,155,1,3
1952,156,1,3
1952,157,1,3
1952,158,1,3
1952,159,1,3
1952,160,1,3
1952,161,1,3
1952,162,1,3
1952,163,1,3
1952,164,1,3
1952,165,1,3
1952,166,1,3
1952,167,1,3
1952,168,1,3
1952,169,1,3
1952,170,1,3
1952,171,1,3
1952,172,1,3
1952,173,1,3
1952,174,1,2
1952,175,1,2
1952,176,1,2
1952,177,1,2
1952,178,1,2
1952,179,1,2
1952,180,1,2
1952,181,1,2
1952,182,1,2
1952,183,1,2
1952,184,1,2
1952,185,1,2
1952,186,1,2
1952,187,1,2
1952,188,1,2
1952,189,1,2
1952,190,1,2
1952,191,1,2
1952,192,1,2
1952,193,1,2
1952,194,1,2
1952,195,1,2
1952,196,1,2
1952,197,1,2
1952,198,1,2
1952,199,1,2
1952,200,1,2
1952,201,1,2
1952,202,1,2
1952,203,1,2
1952,204,1,2
1952,205,1,2
1952,206,1,2
1952,207,1,2
1952,208,1,2
1952,209,1,2
1952,210,1,2
1952,211,1,2
1952,212,1,2
1952,213,1,2
1952,214,1,2
1952,215,1,2
1952,216,1,2
1952,217,1,2
1952,218,1,2
1952,219,1,2
1952,220,1,2
1952,221,1,2
1952,222,1,2
1952,223,1,2
1952,224,1,2
1952,225,1,2
1952,226,1,2
1952,227,1,2
1952,228,1,2
1952,229,1,2
1952,230,1,2
1952,231,1,2
1952,232,1,2
1952,233,1,2
1952,234,1,2
1952,235,1,2
1952,236,1,2
1952,237,1,2
1952,238,1,2
1952,239,1,2
1952,240,1,2
1952,241,1,2
1952,242,1,2
1952,243,1,2
1952,244,1,2
1952,245,1,2
1952,246,1,2
1952,247,1,2
1952,248,1,2
1952,249,1,2
1952,250,1,2
1952,251,1,2
1952,252,1,2
1952,253,1,2
1952,254,1,2
1952,255,1,2
1952,256,1,2
1952,257,1,2
1952,258,1,2
1952,259,1,2
1952,260,1,2
1952,261,1,2
1952,262,1,2
1952,263,1,2
1952,264,1,2
1952,265,1,2
1952,266,1,2
1952,267,1,2
1952,268,1,2
1952,269,1,2
1952,270,1,2
1952,271,1,2
1952,272,1,2
1952,273,1,2
1952,274,1,2
1952,275,1,2
1952,276,1,2
1952,277,1,2
1952,278,1,2
1952,279,1,2
1952,280,1,2
1952,281,1,2
1952,282,1,2
1952,283,1,2
1952,284,1,2
1952,285,1,2
1952,286,1,2
1952,287,1,2
1952,288,1,2
1952,289,1,2
1952,290,1,2
1952,291,1,2
1952,292,1,2
1952,293,1,2
1952,294,1,2
1952,295,1,2
1952,296,1,2
1952,297,1,2
1952,298,1,2
1952,299,1,2
1952,300,1,2
1952,301,1,2
1952,302,1,2
1952,303,1,2
1952,304,1,2
1952,305,1,2
1952,306,1,2
1952,307,1,2
1952,308,1,2
1952,309,1,2
1952,310,1,2
1952,311,1,2
1952,312,1,2
1952,313,1,2
1952,314,1,2
1952,315,1,2
1952,316,1,2
1952,317,1,2
1952,318,1,2
1952,319,1,2
1952,320,1,2
1952,321,1,2
1952,322,1,2
1952,323,1,2
1952,324,1,2
1952,325,1,2
1952,326,1,2
1952,327,1,2
1952,328,1,2
1952,329,1,2
1952,330,1,2
1952,331,1,2
1952,332,1,2
1952,333,1,2
1952,334,1,2
1952,335,1,3
1952,336,1,3
1952,337,1,3
1952,338,1,3
1952,339,1,3
1952,340,1,3
1952,341,1,3
1952,342,1,3
1952,343,1,3
1952,344,1,3
1952,345,1,3
1952,346,1,3
1952,347,1,3
1952,348,1,3
1952,349,1,3
1952,350,1,3
1952,351,1,3
1952,352,1,3
1952,353,1,3
1952,354,1,3
1952,355,1,3
1952,356,1,3
1952,357,1,3
1952,358,1,3
1952,359,1,3
1952,360,1,3
1952,361,1,3
1952,362,1,3
1952,363,1,3
1952,364,1,3
1952,365,1,3
1952,366,1,3
1952,367,1,3
1952,368,1,3
1952,369,1,3
1952,370,1,3
1952,371,1,3
1952,372,1,3
1952,373,1,3
1952,374,1,3
1952,375,1,3
1952,376,1,3
1952,377,1,3
1952,378,1,3
1952,379,1,3
1952,380,1,3
1952,381,1,3
1952,382,1,3
1952,383,1,3
1952,384,1,3
1952,385,1,3
1952,386,1,3
1952,387,1,3
1952,388,1,3
1952,389,1,3
1952,390,1,3
1952,391,1,3
1952,392,1,3
1952,393,1,3
1952,394,1,3
1952,395,1,3
1952,396,1,3
1952,397,1,3
1952,398,1,3
1952,399,1,3
1952,400,1,3
1952,401,1,3
1952,402,1,3
1952,403,1,3
1952,404,1,3
1952,405,1,3
1952,406,1,3
1952,407,1,3
1952,408,1,3
1952,409,1,3
1952,410,1,3
1952,411,1,3
1952,412,1,3
1952,413,1,3
1952,414,1,3
1952,415,1,3
1952,416,1,3
1952,417,1,3
1952,418,1,3
1952,419,1,3
1952,420,1,3
1952,421,1,3
1952,422,1,3
1952,423,1,3
1952,424,1,3
1952,425,1,3
1952,426,1,3
1952,427,1,3
1952,428,1,3
1952,429,1,3
1952,430,1,3
1952,431,1,2
1952,432,1,2
1952,433,1,2
1952,434,1,2
1952,435,1,2
1952,436,1,2
1952,437,1,2
1952,438,1,2
1952,439,1,2
1952,440,1,2
1952,441,1,2
1952,442,1,2
1952,443,1,2
1952,444,1,2
1952,445,1,2
1952,446,1,2
1952,447,1,2
1952,448,1,2
1952,449,1,2
1952,450,1,2
1952,451,1,2
1952,452,1,2
1952,453,1,2
1952,454,1,2
1952,455,1,2
1952,456,1,2
1952,457,1,2
1952,458,1,2
1952,459,1,2
1952,460,1,2
1952,461,1,2
1952,462,1,2
1952,463,1,2
1952,464,1,2
1952,465,1,2
1952,466,1,2
1952,467,1,2
1952,468,1,2
1952,469,1,2
1952,470,1,2
1952,471,1,2
1952,472,1,2
1952,473,1,2
1952,474,1,2
1952,475,1,2
1952,476,1,2
1952,477,1,2
1952,478,1,2
1952,479,1,2
1952,480,1,2
1952,481,1,2
1952,482,1,2
1952,483,1,2
1952,484,1,2
1952,485,1,2
1952,486,1,2
1952,487,1,2
1952,488,1,2
1952,489,1,2
1952,490,1,2
1952,491,1,2
1952,492,1,2
1952,493,1,2
1952,494,1,2
1952,495,1,3
1952,496,1,3
1952,497,1,3
1952,498,1,3
1952,499,1,3
1952,500,1,3
1952,501,1,3
1952,502,1,3
1952,503,1,3
1952,504,1,3
1952,505,1,3
1952,506,1,3
1952,507,1,3
1952,508,1,3
1952,509,1,3
1952,510,1,3
1952,511,1,3
1952,512,1,3
1952,513,1,3
1952,514,1,3
1952,515,1,3
1952,516,1,3
1952,517,1,3
1952,518,1,3
1952,519,1,3
1952,520,1,3
1952,521,1,3
1952,522,1,3
1952,523,1,3
1952,524,1,3
1952,525,1,3
1952,526,1,3
1952,527,1,3
1952,528,1,3
1952,529,1,3
1952,530,1,3
1952,531,1,3
1952,532,1,3
1952,533,1,3
1952,534,1,3
1952,535,1,3
1952,536,1,3
1952,537,1,3
1952,538,1,2
1952,539,1,2
1952,540,1,2
1952,541,1,2
1952,542,1,2
1952,543,1,2
1952,544,1,2
1952,545,1,2
1952,546,1,2
1952,547,1,2
1952,548,1,2
1952,549,1,2
1952,550,1,2
1952,551,1,2
1952,552,1,2
1952,553,1,2
1952,554,1,2
1952,555,1,2
1952,556,1,2
1952,557,1,2
1952,558,1,2
1952,559,1,2
1952,560,1,2
1952,561,1,2
1952,562,1,2
1952,563,1,3
1952,564,1,3
1952,565,1,3
1952,566,1,3
1952,567,1,3
1952,568,1,3
1952,569,1,3
1952,570,1,3
1952,571,1,3
1952,572,1,3
1952,573,1,3
1952,574,1,3
1952,575,1,3
1952,576,1,3
1952,577,1,3
1952,578,1,3
1952,579,1,3
1952,580,1,3
1952,581,1,3
1952,582,1,3
1952,583,1,3
1952,584,1,3
1952,585,1,3
1952,586,1,3
1952,587,1,3
1952,588,1,3
1952,589,1,3
1952,590,1,3
1952,591,1,3
1952,592,1,3
1952,593,1,3
1952,594,1,3
1952,595,1,3
1952,596,1,3
1952,597,1,3
1952,598,1,3
1952,599,1,3
1952,600,1,2
1952,601,1,2
1952,602,1,2
1952,603,1,2
1952,604,1,2
1952,605,1,2
1952,606,1,2
1952,607,1,2
1952,608,1,2
1952,609,1,2
1952,610,1,2
1952,611,1,2
1952,612,1,2
1952,613,1,2
1952,614,1,2
1952,615,1,2
1952,616,1,2
1952,617,1,2
1952,618,1,2
1952,619,1,2
1952,620,1,2
1952,621,1,2
1952,622,1,2
1952,623,1,2
1952,624,1,2
1952,625,1,2
1952,626,1,2
1952,627,1,2
1952,628,1,2
1952,629,1,2
1952,630,1,2
1952,631,1,2
1952,632,1,2
1952,633,1,2
1952,634,1,2
1952,635,1,2
1952,636,1,2
1952,637,1,2
1952,638,1,2
1952,639,1,2
1952,640,1,2
1952,641,1,2
1952,642,1,2
1952,643,1,2
1952,644,1,2
1952,645,1,2
1952,646,1,2
1952,647,1,2
1952,648,1,2
1952,649,1,2
1952,650,1,2
1952,651,1,2
1952,652,1,2
1952,653,1,2
1952,654,1,2
1952,655,1,2
1952,656,1,2
1952,657,1,2
1952,658,1,2
1952,659,1,2
1952,660,1,2
1952,661,1,2
1952,662,1,2
1952,663,1,2
1952,664,1,2
1952,665,1,2
1952,666,1,2
1952,667,1,2
1952,668,1,2
1952,669,1,2
1952,670,1,2
1952,671,1,2
1952,672,1,2
1952,673,1,2
1952,674,1,2
1952,675,1,2
1952,676,1,2
1952,677,1,2
1953,114,1,2
1953,115,1,2
1953,116,1,3
1953,117,1,3
1953,118,1,3
1953,119,1,3
1953,120,1,3
1953,121,1,3
1953,122,1,3
1953,123,1,3
1953,124,1,3
1953,125,1,3
1953,126,1,3
1953,127,1,3
1953,128,1,3
1953,129,1,3
1953,130,1,3
1953,131,1,3
1953,132,1,3
1953,133,1,3
1953,134,1,3
1953,135,1,3
1953,136,1,3
1953,137,1,3
1953,138,1,3
1953,139,1,3
1953,140,1,3
1953,141,1,3
1953,142,1,3
1953,143,1,3
1953,144,1,3
1953,145,1,3
1953,146,1,3
1953,147,1,3
1953,148,1,3
1953,149,1,3
1953,150,1,3
1953,151,1,3
1953,152,1,3
1953,153,1,3
1953,154,1,3
1953,155,1,3
1953,156,1,3
1953,157,1,3
1953,158,1,3
1953,159,1,3
1953,160,1,3
1953,161,1,3
1953,162,1,3
1953,163,1,3
1953,164,1,3
1953,165,1,3
1953,166,1,3
1953,167,1,3
1953,168,1,3
1953,169,1,3
1953,170,1,3
1953,171,1,3
1953,172,1,3
1953,173,1,3
1953,174,1,3
1953,175,1,2
1953,176,1,2
1953,177,1,2
1953,178,1,2
1953,179,1,2
1953,180,1,2
1953,181,1,2
1953,182,1,2
1953,183,1,2
1953,184,1,2
1953,185,1,2
1953,186,1,2
1953,187,1,2
1953,188,1,2
1953,189,1,2
1953,190,1,2
1953,191,1,2
1953,192,1,2
1953,193,1,2
1953,194,1,2
1953,195,1,2
1953,196,1,2
1953,197,1,2
1953,198,1,2
1953,199,1,2
1953,200,1,2
1953,201,1,2
1953,202,1,2
1953,203,1,2
1953,204,1,2
1953,205,1,2
1953,206,1,2
1953,207,1,2
1953,208,1,2
1953,209,1,2
1953,210,1,2
1953,211,1,2
1953,212,1,2
1953,213,1,2
1953,214,1,2
1953,215,1,2
1953,216,1,2
1953,217,1,2
1953,218,1,2
1953,219,1,2
1953,220,1,2
1953,221,1,2
1953,222,1,2
1953,223,1,2
1953,224,1,2
1953,225,1,2
1953,226,1,2
1953,227,1,2
1953,228,1,2
1953,229,1,2
1953,230,1,2
1953,231,1,2
1953,232,1,2
1953,233,1,2
1953,234,1,2
1953,235,1,2
1953,236,1,2
1953,237,1,2
1953,238,1,2
1953,239,1,2
1953,240,1,2
1953,241,1,2
1953,242,1,2
1953,243,1,2
1953,244,1,2
1953,245,1,2
1953,246,1,2
1953,247,1,2
1953,248,1,2
1953,249,1,2
1953,250,1,2
1953,251,1,2
1953,252,1,2
1953,253,1,2
1953,254,1,2
1953,255,1,2
1953,256,1,2
1953,257,1,2
1953,258,1,2
1953,259,1,2
1953,260,1,2
1953,261,1,2
1953,262,1,2
1953,263,1,2
1953,264,1,2
1953,265,1,2
1953,266,1,2
1953,267,1,2
1953,268,1,2
1953,269,1,2
1953,270,1,2
1953,271,1,2
1953,272,1,2
1953,273,1,2
1953,274,1,2
1953,275,1,2
1953,276,1,2
1953,277,1,2
1953,278,1,2
1953,279,1,2
1953,280,1,2
1953,281,1,2
1953,282,1,2
1953,283,1,2
1953,284,1,2
1953,285,1,2
1953,286,1,2
1953,287,1,2
1953,288,1,2
1953,289,1,2
1953,290,1,2
1953,291,1,2
1953,292,1,2
1953,293,1,2
1953,294,1,2
1953,295,1,2
1953,296,1,2
1953,297,1,2
1953,298,1,2
1953,299,1,2
1953,300,1,2
1953,301,1,2
1953,302,1,2
1953,303,1,2
1953,304,1,2
1953,305,1,2
1953,306,1,2
1953,307,1,2
1953,308,1,2
1953,309,1,2
1953,310,1,2
1953,311,1,2
1953,312,1,2
1953,313,1,2
1953,314,1,2
1953,315,1,2
1953,316,1,2
1953,317,1,2
1953,318,1,2
1953,319,1,2
1953,320,1,2
1953,321,1,2
1953,322,1,2
1953,323,1,2
1953,324,1,2
1953,325,1,2
1953,326,1,2
1953,327,1,2
1953,328,1,2
1953,329,1,2
1953,330,1,2
1953,331,1,2
1953,332,1,2
1953,333,1,2
1953,334,1,2
1953,335,1,3
1953,336,1,3
1953,337,1,3
1953,338,1,3
1953,339,1,3
1953,340,1,3
1953,341,1,3
1953,342,1,3
1953,343,1,3
1953,344,1,3
1953,345,1,3
1953,346,1,3
1953,347,1,3
1953,348,1,3
1953,349,1,3
1953,350,1,3
1953,351,1,3
1953,352,1,3
1953,353,1,3
1953,354,1,3
1953,355,1,3
1953,356,1,3
1953,357,1,3
1953,358,1,3
1953,359,1,3
1953,360,1,3
1953,361,1,3
1953,362,1,3
1953,363,1,3
1953,364,1,3
1953,365,1,3
1953,366,1,3
1953,367,1,3
1953,368,1,3
1953,369,1,3
1953,370,1,3
1953,371,1,3
1953,372,1,3
1953,373,1,3
1953,374,1,3
1953,375,1,3
1953,376,1,3
1953,377,1,3
1953,378,1,3
1953,379,1,3
1953,380,1,3
1953,381,1,3
1953,382,1,3
1953,383,1,3
1953,384,1,3
1953,385,1,3
1953,386,1,3
1953,387,1,3
1953,388,1,3
1953,389,1,3
1953,390,1,3
1953,391,1,3
1953,392,1,3
1953,393,1,3
1953,394,1,3
1953,395,1,3
1953,396,1,3
1953,397,1,3
1953,398,1,3
1953,399,1,3
1953,400,1,3
1953,401,1,3
1953,402,1,3
1953,403,1,3
1953,404,1,3
1953,405,1,3
1953,406,1,3
1953,407,1,3
1953,408,1,3
1953,409,1,3
1953,410,1,3
1953,411,1,3
1953,412,1,3
1953,413,1,3
1953,414,1,3
1953,415,1,3
1953,416,1,3
1953,417,1,3
1953,418,1,3
1953,419,1,3
1953,420,1,3
1953,421,1,3
1953,422,1,3
1953,423,1,3
1953,424,1,3
1953,425,1,3
1953,426,1,3
1953,427,1,3
1953,428,1,3
1953,429,1,3
1953,430,1,3
1953,431,1,2
1953,432,1,2
1953,433,1,2
1953,434,1,2
1953,435,1,2
1953,436,1,2
1953,437,1,2
1953,438,1,2
1953,439,1,2
1953,440,1,2
1953,441,1,2
1953,442,1,2
1953,443,1,2
1953,444,1,2
1953,445,1,2
1953,446,1,2
1953,447,1,2
1953,448,1,2
1953,449,1,2
1953,450,1,2
1953,451,1,2
1953,452,1,2
1953,453,1,2
1953,454,1,2
1953,455,1,2
1953,456,1,2
1953,457,1,2
1953,458,1,2
1953,459,1,2
1953,460,1,2
1953,461,1,2
1953,462,1,2
1953,463,1,2
1953,464,1,2
1953,465,1,2
1953,466,1,2
1953,467,1,2
1953,468,1,2
1953,469,1,2
1953,470,1,2
1953,471,1,2
1953,472,1,2
1953,473,1,2
1953,474,1,2
1953,475,1,2
1953,476,1,2
1953,477,1,2
1953,478,1,2
1953,479,1,2
1953,480,1,2
1953,481,1,2
1953,482,1,2
1953,483,1,2
1953,484,1,2
1953,485,1,2
1953,486,1,2
1953,487,1,2
1953,488,1,2
1953,489,1,2
1953,490,1,2
1953,491,1,2
1953,492,1,2
1953,493,1,2
1953,494,1,3
1953,495,1,3
1953,496,1,3
1953,497,1,3
1953,498,1,3
1953,499,1,3
1953,500,1,3
1953,501,1,3
1953,502,1,3
1953,503,1,3
1953,504,1,3
1953,505,1,3
1953,506,1,3
1953,507,1,3
1953,508,1,3
1953,509,1,3
1953,510,1,3
1953,511,1,3
1953,512,1,3
1953,513,1,3
1953,514,1,3
1953,515,1,3
1953,516,1,3
1953,517,1,3
1953,518,1,3
1953,519,1,3
1953,520,1,3
1953,521,1,3
1953,522,1,3
1953,523,1,3
1953,524,1,3
1953,525,1,3
1953,526,1,3
1953,527,1,3
1953,528,1,3
1953,529,1,3
1953,530,1,3
1953,531,1,3
1953,532,1,3
1953,533,1,3
1953,534,1,3
1953,535,1,3
1953,536,1,3
1953,537,1,2
1953,538,1,2
1953,539,1,2
1953,540,1,2
1953,541,1,2
1953,542,1,2
1953,543,1,2
1953,544,1,2
1953,545,1,2
1953,546,1,2
1953,547,1,2
1953,548,1,2
1953,549,1,2
1953,550,1,2
1953,551,1,2
1953,552,1,2
1953,553,1,2
1953,554,1,2
1953,555,1,2
1953,556,1,2
1953,557,1,2
1953,558,1,2
1953,559,1,2
1953,560,1,2
1953,561,1,2
1953,562,1,3
1953,563,1,3
1953,564,1,3
1953,565,1,3
1953,566,1,3
1953,567,1,3
1953,568,1,3
1953,569,1,3
1953,570,1,3
1953,571,1,3
1953,572,1,3
1953,573,1,3
1953,574,1,3
1953,575,1,3
1953,576,1,3
1953,577,1,3
1953,578,1,3
1953,579,1,3
1953,580,1,3
1953,581,1,3
1953,582,1,3
1953,583,1,3
1953,584,1,3
1953,585,1,3
1953,586,1,3
1953,587,1,3
1953,588,1,3
1953,589,1,3
1953,590,1,3
1953,591,1,3
1953,592,1,3
1953,593,1,3
1953,594,1,3
1953,595,1,3
1953,596,1,3
1953,597,1,3
1953,598,1,3
1953,599,1,3
1953,600,1,2
1953,601,1,2
1953,602,1,2
1953,603,1,2
1953,604,1,2
1953,605,1,2
1953,606,1,2
1953,607,1,2
1953,608,1,2
1953,609,1,2
1953,610,1,2
1953,611,1,2
1953,612,1,2
1953,613,1,2
1953,614,1,2
1953,615,1,2
1953,616,1,2
1953,617,1,2
1953,618,1,2
1953,619,1,2
1953,620,1,2
1953,621,1,2
1953,622,1,2
1953,623,1,2
1953,624,1,2
1953,625,1,2
1953,626,1,2
1953,627,1,2
1953,628,1,2
1953,629,1,2
1953,630,1,2
1953,631,1,2
1953,632,1,2
1953,633,1,2
1953,634,1,2
1953,635,1,2
1953,636,1,2
1953,637,1,2
1953,638,1,2
1953,639,1,2
1953,640,1,2
1953,641,1,2
1953,642,1,2
1953,643,1,2
1953,644,1,2
1953,645,1,2
1953,646,1,2
1953,647,1,2
1953,648,1,2
1953,649,1,2
1953,650,1,2
1953,651,1,2
1953,652,1,2
1953,653,1,2
1953,654,1,2
1953,655,1,2
1953,656,1,2
1953,657,1,2
1953,658,1,2
1953,659,1,2
1953,660,1,2
1953,661,1,2
1953,662,1,2
1953,663,1,2
1953,664,1,2
1953,665,1,2
1953,666,1,2
1953,667,1,2
1953,668,1,2
1953,669,1,2
1953,670,1,2
1953,671,1,2
1953,672,1,2
1953,673,1,2
1953,674,1,2
1953,675,1,2
1953,676,1,2
1954,114,1,2
1954,115,1,2
1954,116,1,2
1954,117,1,3
1954,118,1,3
1954,119,1,3
1954,120,1,3
1954,121,1,3
1954,122,1,3
1954,123,1,3
1954,124,1,3
1954,125,1,3
1954,126,1,3
1954,127,1,3
1954,128,1,3
1954,129,1,3
1954,130,1,3
1954,131,1,3
1954,132,1,3
1954,133,1,3
1954,134,1,3
1954,135,1,3
1954,136,1,3
1954,137,1,3
1954,138,1,3
1954,139,1,3
1954,140,1,3
1954,141,1,3
1954,142,1,3
1954,143,1,3
1954,144,1,3
1954,145,1,3
1954,146,1,3
1954,147,1,3
1954,148,1,3
1954,149,1,3
1954,150,1,3
1954,151,1,3
1954,152,1,3
1954,153,1,3
1954,154,1,3
1954,155,1,3
1954,156,1,3
1954,157,1,3
1954,158,1,3
1954,159,1,3
1954,160,1,3
1954,161,1,3
1954,162,1,3
1954,163,1,3
1954,164,1,3
1954,165,1,3
1954,166,1,3
1954,167,1,3
1954,168,1,3
1954,169,1,3
1954,170,1,3
1954,171,1,3
1954,172,1,3
1954,173,1,3
1954,174,1,3
1954,175,1,2
1954,176,1,2
1954,177,1,2
1954,178,1,2
1954,179,1,2
1954,180,1,2
1954,181,1,2
1954,182,1,2
1954,183,1,2
1954,184,1,2
1954,185,1,2
1954,186,1,2
1954,187,1,2
1954,188,1,2
1954,189,1,2
1954,190,1,2
1954,191,1,2
1954,192,1,2
1954,193,1,2
1954,194,1,2
1954,195,1,2
1954,196,1,2
1954,197,1,2
1954,198,1,2
1954,199,1,2
1954,200,1,2
1954,201,1,2
1954,202,1,2
1954,203,1,2
1954,204,1,2
1954,205,1,2
1954,206,1,2
1954,207,1,2
1954,208,1,2
1954,209,1,2
1954,210,1,2
1954,211,1,2
1954,212,1,2
1954,213,1,2
1954,214,1,2
1954,215,1,2
1954,216,1,2
1954,217,1,2
1954,218,1,2
1954,219,1,2
1954,220,1,2
1954,221,1,2
1954,222,1,2
1954,223,1,2
1954,224,1,2
1954,225,1,2
1954,226,1,2
1954,227,1,2
1954,228,1,2
1954,229,1,2
1954,230,1,2
1954,231,1,2
1954,232,1,2
1954,233,1,2
1954,234,1,2
1954,235,1,2
1954,236,1,2
1954,237,1,2
1954,238,1,2
1954,239,1,2
1954,240,1,2
1954,241,1,2
1954,242,1,2
1954,243,1,2
1954,244,1,2
1954,245,1,2
1954,246,1,2
1954,247,1,2
1954,248,1,2
1954,249,1,2
1954,250,1,2
1954,251,1,2
1954,252,1,2
1954,253,1,2
1954,254,1,2
1954,255,1,2
1954,256,1,2
1954,257,1,2
1954,258,1,2
1954,259,1,2
1954,260,1,2
1954,261,1,2
1954,262,1,2
1954,263,1,2
1954,264,1,2
1954,265,1,2
1954,266,1,2
1954,267,1,2
1954,268,1,2
1954,269,1,2
1954,270,1,2
1954,271,1,2
1954,272,1,2
1954,273,1,2
1954,274,1,2
1954,275,1,2
1954,276,1,2
1954,277,1,2
1954,278,1,2
1954,279,1,2
1954,280,1,2
1954,281,1,2
1954,282,1,2
1954,283,1,2
1954,284,1,2
1954,285,1,2
1954,286,1,2
1954,287,1,2
1954,288,1,2
1954,289,1,2
1954,290,1,2
1954,291,1,2
1954,292,1,2
1954,293,1,2
1954,294,1,2
1954,295,1,2
1954,296,1,2
1954,297,1,2
1954,298,1,2
1954,299,1,2
1954,300,1,2
1954,301,1,2
1954,302,1,2
1954,303,1,2
1954,304,1,2
1954,305,1,2
1954,306,1,2
1954,307,1,2
1954,308,1,2
1954,309,1,2
1954,310,1,2
1954,311,1,2
1954,312,1,2
1954,313,1,2
1954,314,1,2
1954,315,1,2
1954,316,1,2
1954,317,1,2
1954,318,1,2
1954,319,1,2
1954,320,1,2
1954,321,1,2
1954,322,1,2
1954,323,1,2
1954,324,1,2
1954,325,1,2
1954,326,1,2
1954,327,1,2
1954,328,1,2
1954,329,1,2
1954,330,1,2
1954,331,1,2
1954,332,1,2
1954,333,1,2
1954,334,1,2
1954,335,1,3
1954,336,1,3
1954,337,1,3
1954,338,1,3
1954,339,1,3
1954,340,1,3
1954,341,1,3
1954,342,1,3
1954,343,1,3
1954,344,1,3
1954,345,1,3
1954,346,1,3
1954,347,1,3
1954,348,1,3
1954,349,1,3
1954,350,1,3
1954,351,1,3
1954,352,1,3
1954,353,1,3
1954,354,1,3
1954,355,1,3
1954,356,1,3
1954,357,1,3
1954,358,1,3
1954,359,1,3
1954,360,1,3
1954,361,1,3
1954,362,1,3
1954,363,1,3
1954,364,1,3
1954,365,1,3
1954,366,1,3
1954,367,1,3
1954,368,1,3
1954,369,1,3
1954,370,1,3
1954,371,1,3
1954,372,1,3
1954,373,1,3
1954,374,1,3
1954,375,1,3
1954,376,1,3
1954,377,1,3
1954,378,1,3
1954,379,1,3
1954,380,1,3
1954,381,1,3
1954,382,1,3
1954,383,1,3
1954,384,1,3
1954,385,1,3
1954,386,1,3
1954,387,1,3
1954,388,1,3
1954,389,1,3
1954,390,1,3
1954,391,1,3
1954,392,1,3
1954,393,1,3
1954,394,1,3
1954,395,1,3
1954,396,1,3
1954,397,1,3
1954,398,1,3
1954,399,1,3
1954,400,1,3
1954,401,1,3
1954,402,1,3
1954,403,1,3
1954,404,1,3
1954,405,1,3
1954,406,1,3
1954,407,1,3
1954,408,1,3
1954,409,1,3
1954,410,1,3
1954,411,1,3
1954,412,1,3
1954,413,1,3
1954,414,1,3
1954,415,1,3
1954,416,1,3
1954,417,1,3
1954,418,1,3
1954,419,1,3
1954,420,1,3
1954,421,1,3
1954,422,1,3
1954,423,1,3
1954,424,1,3
1954,425,1,3
1954,426,1,3
1954,427,1,3
1954,428,1,3
1954,429,1,3
1954,430,1,3
1954,431,1,2
1954,432,1,2
1954,433,1,2
1954,434,1,2
1954,435,1,2
1954,436,1,2
1954,437,1,2
1954,438,1,2
1954,439,1,2
1954,440,1,2
1954,441,1,2
1954,442,1,2
1954,443,1,2
1954,444,1,2
1954,445,1,2
1954,446,1,2
1954,447,1,2
1954,448,1,2
1954,449,1,2
1954,450,1,2
1954,451,1,2
1954,452,1,2
1954,453,1,2
1954,454,1,2
1954,455,1,2
1954,456,1,2
1954,457,1,2
1954,458,1,2
1954,459,1,2
1954,460,1,2
1954,461,1,2
1954,462,1,2
1954,463,1,2
1954,464,1,2
1954,465,1,2
1954,466,1,2
1954,467,1,2
1954,468,1,2
1954,469,1,2
1954,470,1,2
1954,471,1,2
1954,472,1,2
1954,473,1,2
1954,474,1,2
1954,475,1,2
1954,476,1,2
1954,477,1,2
1954,478,1,2
1954,479,1,2
1954,480,1,2
1954,481,1,2
1954,482,1,2
1954,483,1,2
1954,484,1,2
1954,485,1,2
1954,486,1,2
1954,487,1,2
1954,488,1,2
1954,489,1,2
1954,490,1,2
1954,491,1,2
1954,492,1,2
1954,493,1,3
1954,494,1,3
1954,495,1,3
1954,496,1,3
1954,497,1,3
1954,498,1,3
1954,499,1,3
1954,500,1,3
1954,501,1,3
1954,502,1,3
1954,503,1,3
1954,504,1,3
1954,505,1,3
1954,506,1,3
1954,507,1,3
1954,508,1,3
1954,509,1,3
1954,510,1,3
1954,511,1,3
1954,512,1,3
1954,513,1,3
1954,514,1,3
1954,515,1,3
1954,516,1,3
1954,517,1,3
1954,518,1,3
1954,519,1,3
1954,520,1,3
1954,521,1,3
1954,522,1,3
1954,523,1,3
1954,524,1,3
1954,525,1,3
1954,526,1,3
1954,527,1,3
1954,528,1,3
1954,529,1,3
1954,530,1,3
1954,531,1,3
1954,532,1,3
1954,533,1,3
1954,534,1,3
1954,535,1,3
1954,536,1,2
1954,537,1,2
1954,538,1,2
1954,539,1,2
1954,540,1,2
1954,541,1,2
1954,542,1,2
1954,543,1,2
1954,544,1,2
1954,545,1,2
1954,546,1,2
1954,547,1,2
1954,548,1,2
1954,549,1,2
1954,550,1,2
1954,551,1,2
1954,552,1,2
1954,553,1,2
1954,554,1,2
1954,555,1,2
1954,556,1,2
1954,557,1,2
1954,558,1,2
1954,559,1,2
1954,560,1,2
1954,561,1,2
1954,562,1,3
1954,563,1,3
1954,564,1,3
1954,565,1,3
1954,566,1,3
1954,567,1,3
1954,568,1,3
1954,569,1,3
1954,570,1,3
1954,571,1,3
1954,572,1,3
1954,573,1,3
1954,574,1,3
1954,575,1,3
1954,576,1,3
1954,577,1,3
1954,578,1,3
1954,579,1,3
1954,580,1,3
1954,581,1,3
1954,582,1,3
1954,583,1,3
1954,584,1,3
1954,585,1,3
1954,586,1,3
1954,587,1,3
1954,588,1,3
1954,589,1,3
1954,590,1,3
1954,591,1,3
1954,592,1,3
1954,593,1,3
1954,594,1,3
1954,595,1,3
1954,596,1,3
1954,597,1,3
1954,598,1,3
1954,599,1,3
1954,600,1,3
1954,601,1,2
1954,602,1,2
1954,603,1,2
1954,604,1,2
1954,605,1,2
1954,606,1,2
1954,607,1,2
1954,608,1,2
1954,609,1,2
1954,610,1,2
1954,611,1,2
1954,612,1,2
1954,613,1,2
1954,614,1,2
1954,615,1,2
1954,616,1,2
1954,617,1,2
1954,618,1,2
1954,619,1,2
1954,620,1,2
1954,621,1,2
1954,622,1,2
1954,623,1,2
1954,624,1,2
1954,625,1,2
1954,626,1,2
1954,627,1,2
1954,628,1,2
1954,629,1,2
1954,630,1,2
1954,631,1,2
1954,632,1,2
1954,633,1,2
1954,634,1,2
1954,635,1,2
1954,636,1,2
1954,637,1,2
1954,638,1,2
1954,639,1,2
1954,640,1,2
1954,641,1,2
1954,642,1,2
1954,643,1,2
1954,644,1,2
1954,645,1,2
1954,646,1,2
1954,647,1,2
1954,648,1,2
1954,649,1,2
1954,650,1,2
1954,651,1,2
1954,652,1,2
1954,653,1,2
1954,654,1,2
1954,655,1,2
1954,656,1,2
1954,657,1,2
1954,658,1,2
1954,659,1,2
1954,660,1,2
1954,661,1,2
1954,662,1,2
1954,663,1,2
1954,664,1,2
1954,665,1,2
1954,666,1,2
1954,667,1,2
1954,668,1,2
1954,669,1,2
1954,670,1,2
1954,671,1,2
1954,672,1,2
1954,673,1,2
1954,674,1,2
1954,675,1,2
1955,114,1,2
1955,115,1,2
1955,116,1,2
1955,117,1,3
1955,118,1,3
1955,119,1,3
1955,120,1,3
1955,121,1,3
1955,122,1,3
1955,123,1,3
1955,124,1,3
1955,125,1,3
1955,126,1,3
1955,127,1,3
1955,128,1,3
1955,129,1,3
1955,130,1,3
1955,131,1,3
1955,132,1,3
1955,133,1,3
1955,134,1,3
1955,135,1,3
1955,136,1,3
1955,137,1,3
1955,138,1,3
1955,139,1,3
1955,140,1,3
1955,141,1,3
1955,142,1,3
1955,143,1,3
1955,144,1,3
1955,145,1,3
1955,146,1,3
1955,147,1,3
1955,148,1,3
1955,149,1,3
1955,150,1,3
1955,151,1,3
1955,152,1,3
1955,153,1,3
1955,154,1,3
1955,155,1,3
1955,156,1,3
1955,157,1,3
1955,158,1,3
1955,159,1,3
1955,160,1,3
1955,161,1,3
1955,162,1,3
1955,163,1,3
1955,164,1,3
1955,165,1,3
1955,166,1,3
1955,167,1,3
1955,168,1,3
1955,169,1,3
1955,170,1,3
1955,171,1,3
1955,172,1,3
1955,173,1,3
1955,174,1,3
1955,175,1,3
1955,176,1,2
1955,177,1,2
1955,178,1,2
1955,179,1,2
1955,180,1,2
1955,181,1,2
1955,182,1,2
1955,183,1,2
1955,184,1,2
1955,185,1,2
1955,186,1,2
1955,187,1,2
1955,188,1,2
1955,189,1,2
1955,190,1,2
1955,191,1,2
1955,192,1,2
1955,193,1,2
1955,194,1,2
1955,195,1,2
1955,196,1,2
1955,197,1,2
1955,198,1,2
1955,199,1,2
1955,200,1,2
1955,201,1,2
1955,202,1,2
1955,203,1,2
1955,204,1,2
1955,205,1,2
1955,206,1,2
1955,207,1,2
1955,208,1,2
1955,209,1,2
1955,210,1,2
1955,211,1,2
1955,212,1,2
1955,213,1,2
1955,214,1,2
1955,215,1,2
1955,216,1,2
1955,217,1,2
1955,218,1,2
1955,219,1,2
1955,220,1,2
1955,221,1,2
1955,222,1,2
1955,223,1,2
1955,224,1,2
1955,225,1,2
1955,226,1,2
1955,227,1,2
1955,228,1,2
1955,229,1,2
1955,230,1,2
1955,231,1,2
1955,232,1,2
1955,233,1,2
1955,234,1,2
1955,235,1,2
1955,236,1,2
1955,237,1,2
1955,238,1,2
1955,239,1,2
1955,240,1,2
1955,241,1,2
1955,242,1,2
1955,243,1,2
1955,244,1,2
1955,245,1,2
1955,246,1,2
1955,247,1,2
1955,248,1,2
1955,249,1,2
1955,250,1,2
1955,251,1,2
1955,252,1,2
1955,253,1,2
1955,254,1,2
1955,255,1,2
1955,256,1,2
1955,257,1,2
1955,258,1,2
1955,259,1,2
1955,260,1,2
1955,261,1,2
1955,262,1,2
1955,263,1,2
1955,264,1,2
1955,265,1,2
1955,266,1,2
1955,267,1,2
1955,268,1,2
1955,269,1,2
1955,270,1,2
1955,271,1,2
1955,272,1,2
1955,273,1,2
1955,274,1,2
1955,275,1,2
1955,276,1,2
1955,277,1,2
1955,278,1,2
1955,279,1,2
1955,280,1,2
1955,281,1,2
1955,282,1,2
1955,283,1,2
1955,284,1,2
1955,285,1,2
1955,286,1,2
1955,287,1,2
1955,288,1,2
1955,289,1,2
1955,290,1,2
1955,291,1,2
1955,292,1,2
1955,293,1,2
1955,294,1,2
1955,295,1,2
1955,296,1,2
1955,297,1,2
1955,298,1,2
1955,299,1,2
1955,300,1,2
1955,301,1,2
1955,302,1,2
1955,303,1,2
1955,304,1,2
1955,305,1,2
1955,306,1,2
1955,307,1,2
1955,308,1,2
1955,309,1,2
1955,310,1,2
1955,311,1,2
1955,312,1,2
1955,313,1,2
1955,314,1,2
1955,315,1,2
1955,316,1,2
1955,317,1,2
1955,318,1,2
1955,319,1,2
1955,320,1,2
1955,321,1,2
1955,322,1,2
1955,323,1,2
1955,324,1,2
1955,325,1,2
1955,326,1,2
1955,327,1,2
1955,328,1,2
1955,329,1,2
1955,330,1,2
1955,331,1,2
1955,332,1,2
1955,333,1,2
1955,334,1,2
1955,335,1,3
1955,336,1,3
1955,337,1,3
1955,338,1,3
1955,339,1,3
1955,340,1,3
1955,341,1,3
1955,342,1,3
1955,343,1,3
1955,344,1,3
1955,345,1,3
1955,346,1,3
1955,347,1,3
1955,348,1,3
1955,349,1,3
1955,350,1,3
1955,351,1,3
1955,352,1,3
1955,353,1,3
1955,354,1,3
1955,355,1,3
1955,356,1,3
1955,357,1,3
1955,358,1,3
1955,359,1,3
1955,360,1,3
1955,361,1,3
1955,362,1,3
1955,363,1,3
1955,364,1,3
1955,365,1,3
1955,366,1,3
1955,367,1,3
1955,368,1,3
1955,369,1,3
1955,370,1,3
1955,371,1,3
1955,372,1,3
1955,373,1,3
1955,374,1,3
1955,375,1,3
1955,376,1,3
1955,377,1,3
1955,378,1,3
1955,379,1,3
1955,380,1,3
1955,381,1,3
1955,382,1,3
1955,383,1,3
1955,384,1,3
1955,385,1,3
1955,386,1,3
1955,387,1,3
1955,388,1,3
1955,389,1,3
1955,390,1,3
1955,391,1,3
1955,392,1,3
1955,393,1,3
1955,394,1,3
1955,395,1,3
1955,396,1,3
1955,397,1,3
1955,398,1,3
1955,399,1,3
1955,400,1,3
1955,401,1,3
1955,402,1,3
1955,403,1,3
1955,404,1,3
1955,405,1,3
1955,406,1,3
1955,407,1,3
1955,408,1,3
1955,409,1,3
1955,410,1,3
1955,411,1,3
1955,412,1,3
1955,413,1,3
1955,414,1,3
1955,415,1,3
1955,416,1,3
1955,417,1,3
1955,418,1,3
1955,419,1,3
1955,420,1,3
1955,421,1,3
1955,422,1,3
1955,423,1,3
1955,424,1,3
1955,425,1,3
1955,426,1,3
1955,427,1,3
1955,428,1,3
1955,429,1,3
1955,430,1,3
1955,431,1,2
1955,432,1,2
1955,433,1,2
1955,434,1,2
1955,435,1,2
1955,436,1,2
1955,437,1,2
1955,438,1,2
1955,439,1,2
1955,440,1,2
1955,441,1,2
1955,442,1,2
1955,443,1,2
1955,444,1,2
1955,445,1,2
1955,446,1,2
1955,447,1,2
1955,448,1,2
1955,449,1,2
1955,450,1,2
1955,451,1,2
1955,452,1,2
1955,453,1,2
1955,454,1,2
1955,455,1,2
1955,456,1,2
1955,457,1,2
1955,458,1,2
1955,459,1,2
1955,460,1,2
1955,461,1,2
1955,462,1,2
1955,463,1,2
1955,464,1,2
1955,465,1,2
1955,466,1,2
1955,467,1,2
1955,468,1,2
1955,469,1,2
1955,470,1,2
1955,471,1,2
1955,472,1,2
1955,473,1,2
1955,474,1,2
1955,475,1,2
1955,476,1,2
1955,477,1,2
1955,478,1,2
1955,479,1,2
1955,480,1,2
1955,481,1,2
1955,482,1,2
1955,483,1,2
1955,484,1,2
1955,485,1,2
1955,486,1,2
1955,487,1,2
1955,488,1,2
1955,489,1,2
1955,490,1,2
1955,491,1,2
1955,492,1,3
1955,493,1,3
1955,494,1,3
1955,495,1,3
1955,496,1,3
1955,497,1,3
1955,498,1,3
1955,499,1,3
1955,500,1,3
1955,501,1,3
1955,502,1,3
1955,503,1,3
1955,504,1,3
1955,505,1,3
1955,506,1,3
1955,507,1,3
1955,508,1,3
1955,509,1,3
1955,510,1,3
1955,511,1,3
1955,512,1,3
1955,513,1,3
1955,514,1,3
1955,515,1,3
1955,516,1,3
1955,517,1,3
1955,518,1,3
1955,519,1,3
1955,520,1,3
1955,521,1,3
1955,522,1,3
1955,523,1,3
1955,524,1,3
1955,525,1,3
1955,526,1,3
1955,527,1,3
1955,528,1,3
1955,529,1,3
1955,530,1,3
1955,531,1,3
1955,532,1,3
1955,533,1,3
1955,534,1,3
1955,535,1,2
1955,536,1,2
1955,537,1,2
1955,538,1,2
1955,539,1,2
1955,540,1,2
1955,541,1,2
1955,542,1,2
1955,543,1,2
1955,544,1,2
1955,545,1,2
1955,546,1,2
1955,547,1,2
1955,548,1,2
1955,549,1,2
1955,550,1,2
1955,551,1,2
1955,552,1,2
1955,553,1,2
1955,554,1,2
1955,555,1,2
1955,556,1,2
1955,557,1,2
1955,558,1,2
1955,559,1,2
1955,560,1,2
1955,561,1,3
1955,562,1,3
1955,563,1,3
1955,564,1,3
1955,565,1,3
1955,566,1,3
1955,567,1,3
1955,568,1,3
1955,569,1,3
1955,570,1,3
1955,571,1,3
1955,572,1,3
1955,573,1,3
1955,574,1,3
1955,575,1,3
1955,576,1,3
1955,577,1,3
1955,578,1,3
1955,579,1,3
1955,580,1,3
1955,581,1,3
1955,582,1,3
1955,583,1,3
1955,584,1,3
1955,585,1,3
1955,586,1,3
1955,587,1,3
1955,588,1,3
1955,589,1,3
1955,590,1,3
1955,591,1,3
1955,592,1,3
1955,593,1,3
1955,594,1,3
1955,595,1,3
1955,596,1,3
1955,597,1,3
1955,598,1,3
1955,599,1,3
1955,600,1,2
1955,601,1,2
1955,602,1,2
1955,603,1,2
1955,604,1,2
1955,605,1,2
1955,606,1,2
1955,607,1,2
1955,608,1,2
1955,609,1,2
1955,610,1,2
1955,611,1,2
1955,612,1,2
1955,613,1,2
1955,614,1,2
1955,615,1,2
1955,616,1,2
1955,617,1,2
1955,618,1,2
1955,619,1,2
1955,620,1,2
1955,621,1,2
1955,622,1,2
1955,623,1,2
1955,624,1,2
1955,625,1,2
1955,626,1,2
1955,627,1,2
1955,628,1,2
1955,629,1,2
1955,630,1,2
1955,631,1,2
1955,632,1,2
1955,633,1,2
1955,634,1,2
1955,635,1,2
1955,636,1,2
1955,637,1,2
1955,638,1,2
1955,639,1,2
1955,640,1,2
1955,641,1,2
1955,642,1,2
1955,643,1,2
1955,644,1,2
1955,645,1,2
1955,646,1,2
1955,647,1,2
1955,648,1,2
1955,649,1,2
1955,650,1,2
1955,651,1,2
1955,652,1,2
1955,653,1,2
1955,654,1,2
1955,655,1,2
1955,656,1,2
1955,657,1,2
1955,658,1,2
1955,659,1,2
1955,660,1,2
1955,661,1,2
1955,662,1,2
1955,663,1,2
1955,664,1,2
1955,665,1,2
1955,666,1,2
1955,667,1,2
1955,668,1,2
1955,669,1,2
1955,670,1,2
1955,671,1,2
1955,672,1,2
1955,673,1,2
1955,674,1,2
1956,114,1,2
1956,115,1,2
1956,116,1,2
1956,117,1,3
1956,118,1,3
1956,119,1,3
1956,120,1,3
1956,121,1,3
1956,122,1,3
1956,123,1,3
1956,124,1,3
1956,125,1,3
1956,126,1,3
1956,127,1,3
1956,128,1,3
1956,129,1,3
1956,130,1,3
1956,131,1,3
1956,132,1,3
1956,133,1,3
1956,134,1,3
1956,135,1,3
1956,136,1,3
1956,137,1,3
1956,138,1,3
1956,139,1,3
1956,140,1,3
1956,141,1,3
1956,142,1,3
1956,143,1,3
1956,144,1,3
1956,145,1,3
1956,146,1,3
1956,147,1,3
1956,148,1,3
1956,149,1,3
1956,150,1,3
1956,151,1,3
1956,152,1,3
1956,153,1,3
1956,154,1,3
1956,155,1,3
1956,156,1,3
1956,157,1,3
1956,158,1,3
1956,159,1,3
1956,160,1,3
1956,161,1,3
1956,162,1,3
1956,163,1,3
1956,164,1,3
1956,165,1,3
1956,166,1,3
1956,167,1,3
1956,168,1,3
1956,169,1,3
1956,170,1,3
1956,171,1,3
1956,172,1,3
1956,173,1,3
1956,174,1,3
1956,175,1,3
1956,176,1,2
1956,177,1,2
1956,178,1,2
1956,179,1,2
1956,180,1,2
1956,181,1,2
1956,182,1,2
1956,183,1,2
1956,184,1,2
1956,185,1,2
1956,186,1,2
1956,187,1,2
1956,188,1,2
1956,189,1,2
1956,190,1,2
1956,191,1,2
1956,192,1,2
1956,193,1,2
1956,194,1,2
1956,195,1,2
1956,196,1,2
1956,197,1,2
1956,198,1,2
1956,199,1,2
1956,200,1,2
1956,201,1,2
1956,202,1,2
1956,203,1,2
1956,204,1,2
1956,205,1,2
1956,206,1,2
1956,207,1,2
1956,208,1,2
1956,209,1,2
1956,210,1,2
1956,211,1,2
1956,212,1,2
1956,213,1,2
1956,214,1,2
1956,215,1,2
1956,216,1,2
1956,217,1,2
1956,218,1,2
1956,219,1,2
1956,220,1,2
1956,221,1,2
1956,222,1,2
1956,223,1,2
1956,224,1,2
1956,225,1,2
1956,226,1,2
1956,227,1,2
1956,228,1,2
1956,229,1,2
1956,230,1,2
1956,231,1,2
1956,232,1,2
1956,233,1,2
1956,234,1,2
1956,235,1,2
1956,236,1,2
1956,237,1,2
1956,238,1,2
1956,239,1,2
1956,240,1,2
1956,241,1,2
1956,242,1,2
1956,243,1,2
1956,244,1,2
1956,245,1,2
1956,246,1,2
1956,247,1,2
1956,248,1,2
1956,249,1,2
1956,250,1,2
1956,251,1,2
1956,252,1,2
1956,253,1,2
1956,254,1,2
1956,255,1,2
1956,256,1,2
1956,257,1,2
1956,258,1,2
1956,259,1,2
1956,260,1,2
1956,261,1,2
1956,262,1,2
1956,263,1,2
1956,264,1,2
1956,265,1,2
1956,266,1,2
1956,267,1,2
1956,268,1,2
1956,269,1,2
1956,270,1,2
1956,271,1,2
1956,272,1,2
1956,273,1,2
1956,274,1,2
1956,275,1,2
1956,276,1,2
1956,277,1,2
1956,278,1,2
1956,279,1,2
1956,280,1,2
1956,281,1,2
1956,282,1,2
1956,283,1,2
1956,284,1,2
1956,285,1,2
1956,286,1,2
1956,287,1,2
1956,288,1,2
1956,289,1,2
1956,290,1,2
1956,291,1,2
1956,292,1,2
1956,293,1,2
1956,294,1,2
1956,295,1,2
1956,296,1,2
1956,297,1,2
1956,298,1,2
1956,299,1,2
1956,300,1,2
1956,301,1,2
1956,302,1,2
1956,303,1,2
1956,304,1,2
1956,305,1,2
1956,306,1,2
1956,307,1,2
1956,308,1,2
1956,309,1,2
1956,310,1,2
1956,311,1,2
1956,312,1,2
1956,313,1,2
1956,314,1,2
1956,315,1,2
1956,316,1,2
1956,317,1,2
1956,318,1,2
1956,319,1,2
1956,320,1,2
1956,321,1,2
1956,322,1,2
1956,323,1,2
1956,324,1,2
1956,325,1,2
1956,326,1,2
1956,327,1,2
1956,328,1,2
1956,329,1,2
1956,330,1,2
1956,331,1,2
1956,332,1,2
1956,333,1,2
1956,334,1,2
1956,335,1,2
1956,336,1,3
1956,337,1,3
1956,338,1,3
1956,339,1,3
1956,340,1,3
1956,341,1,3
1956,342,1,3
1956,343,1,3
1956,344,1,3
1956,345,1,3
1956,346,1,3
1956,347,1,3
1956,348,1,3
1956,349,1,3
1956,350,1,3
1956,351,1,3
1956,352,1,3
1956,353,1,3
1956,354,1,3
1956,355,1,3
1956,356,1,3
1956,357,1,3
1956,358,1,3
1956,359,1,3
1956,360,1,3
1956,361,1,3
1956,362,1,3
1956,363,1,3
1956,364,1,3
1956,365,1,3
1956,366,1,3
1956,367,1,3
1956,368,1,3
1956,369,1,3
1956,370,1,3
1956,371,1,3
1956,372,1,3
1956,373,1,3
1956,374,1,3
1956,375,1,3
1956,376,1,3
1956,377,1,3
1956,378,1,3
1956,379,1,3
1956,380,1,3
1956,381,1,3
1956,382,1,3
1956,383,1,3
1956,384,1,3
1956,385,1,3
1956,386,1,3
1956,387,1,3
1956,388,1,3
1956,389,1,3
1956,390,1,3
1956,391,1,3
1956,392,1,3
1956,393,1,3
1956,394,1,3
1956,395,1,3
1956,396,1,3
1956,397,1,3
1956,398,1,3
1956,399,1,3
1956,400,1,3
1956,401,1,3
1956,402,1,3
1956,403,1,3
1956,404,1,3
1956,405,1,3
1956,406,1,3
1956,407,1,3
1956,408,1,3
1956,409,1,3
1956,410,1,3
1956,411,1,3
1956,412,1,3
1956,413,1,3
1956,414,1,3
1956,415,1,3
1956,416,1,3
1956,417,1,3
1956,418,1,3
1956,419,1,3
1956,420,1,3
1956,421,1,3
1956,422,1,3
1956,423,1,3
1956,424,1,3
1956,425,1,3
1956,426,1,3
1956,427,1,3
1956,428,1,3
1956,429,1,3
1956,430,1,3
1956,431,1,2
1956,432,1,2
1956,433,1,2
1956,434,1,2
1956,435,1,2
1956,436,1,2
1956,437,1,2
1956,438,1,2
1956,439,1,2
1956,440,1,2
1956,441,1,2
1956,442,1,2
1956,443,1,2
1956,444,1,2
1956,445,1,2
1956,446,1,2
1956,447,1,2
1956,448,1,2
1956,449,1,2
1956,450,1,2
1956,451,1,2
1956,452,1,2
1956,453,1,2
1956,454,1,2
1956,455,1,2
1956,456,1,2
1956,457,1,2
1956,458,1,2
1956,459,1,2
1956,460,1,2
1956,461,1,2
1956,462,1,2
1956,463,1,2
1956,464,1,2
1956,465,1,2
1956,466,1,2
1956,467,1,2
1956,468,1,2
1956,469,1,2
1956,470,1,2
1956,471,1,2
1956,472,1,2
1956,473,1,2
1956,474,1,2
1956,475,1,2
1956,476,1,2
1956,477,1,2
1956,478,1,2
1956,479,1,2
1956,480,1,2
1956,481,1,2
1956,482,1,2
1956,483,1,2
1956,484,1,2
1956,485,1,2
1956,486,1,2
1956,487,1,2
1956,488,1,2
1956,489,1,2
1956,490,1,3
1956,491,1,3
1956,492,1,3
1956,493,1,3
1956,494,1,3
1956,495,1,3
1956,496,1,3
1956,497,1,3
1956,498,1,3
1956,499,1,3
1956,500,1,3
1956,501,1,3
1956,502,1,3
1956,503,1,3
1956,504,1,3
1956,505,1,3
1956,506,1,3
1956,507,1,3
1956,508,1,3
1956,509,1,3
1956,510,1,3
1956,511,1,3
1956,512,1,3
1956,513,1,3
1956,514,1,3
1956,515,1,3
1956,516,1,3
1956,517,1,3
1956,518,1,3
1956,519,1,3
1956,520,1,3
1956,521,1,3
1956,522,1,3
1956,523,1,3
1956,524,1,3
1956,525,1,3
1956,526,1,3
1956,527,1,3
1956,528,1,3
1956,529,1,3
1956,530,1,3
1956,531,1,3
1956,532,1,3
1956,533,1,3
1956,534,1,2
1956,535,1,2
1956,536,1,2
1956,537,1,2
1956,538,1,2
1956,539,1,2
1956,540,1,2
1956,541,1,2
1956,542,1,2
1956,543,1,2
1956,544,1,2
1956,545,1,2
1956,546,1,2
1956,547,1,2
1956,548,1,2
1956,549,1,2
1956,550,1,2
1956,551,1,2
1956,552,1,2
1956,553,1,2
1956,554,1,2
1956,555,1,2
1956,556,1,2
1956,557,1,2
1956,558,1,2
1956,559,1,2
1956,560,1,2
1956,561,1,3
1956,562,1,3
1956,563,1,3
1956,564,1,3
1956,565,1,3
1956,566,1,3
1956,567,1,3
1956,568,1,3
1956,569,1,3
1956,570,1,3
1956,571,1,3
1956,572,1,3
1956,573,1,3
1956,574,1,3
1956,575,1,3
1956,576,1,3
1956,577,1,3
1956,578,1,3
1956,579,1,3
1956,580,1,3
1956,581,1,3
1956,582,1,3
1956,583,1,3
1956,584,1,3
1956,585,1,3
1956,586,1,3
1956,587,1,3
1956,588,1,3
1956,589,1,3
1956,590,1,3
1956,591,1,3
1956,592,1,3
1956,593,1,3
1956,594,1,3
1956,595,1,3
1956,596,1,3
1956,597,1,3
1956,598,1,3
1956,599,1,3
1956,600,1,2
1956,601,1,2
1956,602,1,2
1956,603,1,2
1956,604,1,2
1956,605,1,2
1956,606,1,2
1956,607,1,2
1956,608,1,2
1956,609,1,2
1956,610,1,2
1956,611,1,2
1956,612,1,2
1956,613,1,2
1956,614,1,2
1956,615,1,2
1956,616,1,2
1956,617,1,2
1956,618,1,2
1956,619,1,2
1956,620,1,2
1956,621,1,2
1956,622,1,2
1956,623,1,2
1956,624,1,2
1956,625,1,2
1956,626,1,2
1956,627,1,2
1956,628,1,2
1956,629,1,2
1956,630,1,2
1956,631,1,2
1956,632,1,2
1956,633,1,2
1956,634,1,2
1956,635,1,2
1956,636,1,2
1956,637,1,2
1956,638,1,2
1956,639,1,2
1956,640,1,2
1956,641,1,2
1956,642,1,2
1956,643,1,2
1956,644,1,2
1956,645,1,2
1956,646,1,2
1956,647,1,2
1956,648,1,2
1956,649,1,2
1956,650,1,2
1956,651,1,2
1956,652,1,2
1956,653,1,2
1956,654,1,2
1956,655,1,2
1956,656,1,2
1956,665,1,2
1956,666,1,2
1956,667,1,2
1956,668,1,2
1956,669,1,2
1956,670,1,2
1956,671,1,2
1956,672,1,2
1956,673,1,2
1957,114,1,2
1957,115,1,2
1957,116,1,2
1957,117,1,3
1957,118,1,3
1957,119,1,3
1957,120,1,3
1957,121,1,3
1957,122,1,3
1957,123,1,3
1957,124,1,3
1957,125,1,3
1957,126,1,3
1957,127,1,3
1957,128,1,3
1957,129,1,3
1957,130,1,3
1957,131,1,3
1957,132,1,3
1957,133,1,3
1957,134,1,3
1957,135,1,3
1957,136,1,3
1957,137,1,3
1957,138,1,3
1957,139,1,3
1957,140,1,3
1957,141,1,3
1957,142,1,3
1957,143,1,3
1957,144,1,3
1957,145,1,3
1957,146,1,3
1957,147,1,3
1957,148,1,3
1957,149,1,3
1957,150,1,3
1957,151,1,3
1957,152,1,3
1957,153,1,3
1957,154,1,3
1957,155,1,3
1957,156,1,3
1957,157,1,3
1957,158,1,3
1957,159,1,3
1957,160,1,3
1957,161,1,3
1957,162,1,3
1957,163,1,3
1957,164,1,3
1957,165,1,3
1957,166,1,3
1957,167,1,3
1957,168,1,3
1957,169,1,3
1957,170,1,3
1957,171,1,3
1957,172,1,3
1957,173,1,3
1957,174,1,3
1957,175,1,3
1957,176,1,2
1957,177,1,2
1957,178,1,2
1957,179,1,2
1957,180,1,2
1957,181,1,2
1957,182,1,2
1957,183,1,2
1957,184,1,2
1957,185,1,2
1957,186,1,2
1957,187,1,2
1957,188,1,2
1957,189,1,2
1957,190,1,2
1957,191,1,2
1957,192,1,2
1957,193,1,2
1957,194,1,2
1957,195,1,2
1957,196,1,2
1957,197,1,2
1957,198,1,2
1957,199,1,2
1957,200,1,2
1957,201,1,2
1957,202,1,2
1957,203,1,2
1957,204,1,2
1957,205,1,2
1957,206,1,2
1957,207,1,2
1957,208,1,2
1957,209,1,2
1957,210,1,2
1957,211,1,2
1957,212,1,2
1957,213,1,2
1957,214,1,2
1957,215,1,2
1957,216,1,2
1957,217,1,2
1957,218,1,2
1957,219,1,2
1957,220,1,2
1957,221,1,2
1957,222,1,2
1957,223,1,2
1957,224,1,2
1957,225,1,2
1957,226,1,2
1957,227,1,2
1957,228,1,2
1957,229,1,2
1957,230,1,2
1957,231,1,2
1957,232,1,2
1957,233,1,2
1957,234,1,2
1957,235,1,2
1957,236,1,2
1957,237,1,2
1957,238,1,2
1957,239,1,2
1957,240,1,2
1957,241,1,2
1957,242,1,2
1957,243,1,2
1957,244,1,2
1957,245,1,2
1957,246,1,2
1957,247,1,2
1957,248,1,2
1957,249,1,2
1957,250,1,2
1957,251,1,2
1957,252,1,2
1957,253,1,2
1957,254,1,2
1957,255,1,2
1957,256,1,2
1957,257,1,2
1957,258,1,2
1957,259,1,2
1957,260,1,2
1957,261,1,2
1957,262,1,2
1957,263,1,2
1957,264,1,2
1957,265,1,2
1957,266,1,2
1957,267,1,2
1957,268,1,2
1957,269,1,2
1957,270,1,2
1957,271,1,2
1957,272,1,2
1957,273,1,2
1957,274,1,2
1957,275,1,2
1957,276,1,2
1957,277,1,2
1957,278,1,2
1957,279,1,2
1957,280,1,2
1957,281,1,2
1957,282,1,2
1957,283,1,2
1957,284,1,2
1957,285,1,2
1957,286,1,2
1957,287,1,2
1957,288,1,2
1957,289,1,2
1957,290,1,2
1957,291,1,2
1957,292,1,2
1957,293,1,2
1957,294,1,2
1957,295,1,2
1957,296,1,2
1957,297,1,2
1957,298,1,2
1957,299,1,2
1957,300,1,2
1957,301,1,2
1957,302,1,2
1957,303,1,2
1957,304,1,2
1957,305,1,2
1957,306,1,2
1957,307,1,2
1957,308,1,2
1957,309,1,2
1957,310,1,2
1957,311,1,2
1957,312,1,2
1957,313,1,2
1957,314,1,2
1957,315,1,2
1957,316,1,2
1957,317,1,2
1957,318,1,2
1957,319,1,2
1957,320,1,2
1957,321,1,2
1957,322,1,2
1957,323,1,2
1957,324,1,2
1957,325,1,2
1957,326,1,2
1957,327,1,2
1957,328,1,2
1957,329,1,2
1957,330,1,2
1957,331,1,2
1957,332,1,2
1957,333,1,2
1957,334,1,2
1957,335,1,2
1957,336,1,3
1957,337,1,3
1957,338,1,3
1957,339,1,3
1957,340,1,3
1957,341,1,3
1957,342,1,3
1957,343,1,3
1957,344,1,3
1957,345,1,3
1957,346,1,3
1957,347,1,3
1957,348,1,3
1957,349,1,3
1957,350,1,3
1957,351,1,3
1957,352,1,3
1957,353,1,3
1957,354,1,3
1957,355,1,3
1957,356,1,3
1957,357,1,3
1957,358,1,3
1957,359,1,3
1957,360,1,3
1957,361,1,3
1957,362,1,3
1957,363,1,3
1957,364,1,3
1957,365,1,3
1957,366,1,3
1957,367,1,3
1957,368,1,3
1957,369,1,3
1957,370,1,3
1957,371,1,3
1957,372,1,3
1957,373,1,3
1957,374,1,3
1957,375,1,3
1957,376,1,3
1957,377,1,3
1957,378,1,3
1957,379,1,3
1957,380,1,3
1957,381,1,3
1957,382,1,3
1957,383,1,3
1957,384,1,3
1957,385,1,3
1957,386,1,3
1957,387,1,3
1957,388,1,3
1957,389,1,3
1957,390,1,3
1957,391,1,3
1957,392,1,3
1957,393,1,3
1957,394,1,3
1957,395,1,3
1957,396,1,3
1957,397,1,3
1957,398,1,3
1957,399,1,3
1957,400,1,3
1957,401,1,3
1957,402,1,3
1957,403,1,3
1957,404,1,3
1957,405,1,3
1957,406,1,3
1957,407,1,3
1957,408,1,3
1957,409,1,3
1957,410,1,3
1957,411,1,3
1957,412,1,3
1957,413,1,3
1957,414,1,3
1957,415,1,3
1957,416,1,3
1957,417,1,3
1957,418,1,3
1957,419,1,3
1957,420,1,3
1957,421,1,3
1957,422,1,3
1957,423,1,3
1957,424,1,3
1957,425,1,3
1957,426,1,3
1957,427,1,3
1957,428,1,3
1957,429,1,3
1957,430,1,3
1957,431,1,2
1957,432,1,2
1957,433,1,2
1957,434,1,2
1957,435,1,2
1957,436,1,2
1957,437,1,2
1957,438,1,2
1957,439,1,2
1957,440,1,2
1957,441,1,2
1957,442,1,2
1957,443,1,2
1957,444,1,2
1957,445,1,2
1957,446,1,2
1957,447,1,2
1957,448,1,2
1957,449,1,2
1957,450,1,2
1957,451,1,2
1957,452,1,2
1957,453,1,2
1957,454,1,2
1957,455,1,2
1957,456,1,2
1957,457,1,2
1957,458,1,2
1957,459,1,2
1957,460,1,2
1957,461,1,2
1957,462,1,2
1957,463,1,2
1957,464,1,2
1957,465,1,2
1957,466,1,2
1957,467,1,2
1957,468,1,2
1957,469,1,2
1957,470,1,2
1957,471,1,2
1957,472,1,2
1957,473,1,2
1957,474,1,2
1957,475,1,2
1957,476,1,2
1957,477,1,2
1957,478,1,2
1957,479,1,2
1957,480,1,2
1957,481,1,2
1957,482,1,2
1957,483,1,2
1957,484,1,2
1957,485,1,2
1957,486,1,3
1957,487,1,3
1957,488,1,3
1957,489,1,3
1957,490,1,3
1957,491,1,3
1957,492,1,3
1957,493,1,3
1957,494,1,3
1957,495,1,3
1957,496,1,3
1957,497,1,3
1957,498,1,3
1957,499,1,3
1957,500,1,3
1957,501,1,3
1957,502,1,3
1957,503,1,3
1957,504,1,3
1957,505,1,3
1957,506,1,3
1957,507,1,3
1957,508,1,3
1957,509,1,3
1957,510,1,3
1957,511,1,3
1957,512,1,3
1957,513,1,3
1957,514,1,3
1957,515,1,3
1957,516,1,3
1957,517,1,3
1957,518,1,3
1957,519,1,3
1957,520,1,3
1957,521,1,3
1957,522,1,3
1957,523,1,3
1957,524,1,3
1957,525,1,3
1957,526,1,3
1957,527,1,3
1957,528,1,3
1957,529,1,3
1957,530,1,3
1957,531,1,3
1957,532,1,2
1957,533,1,2
1957,534,1,2
1957,535,1,2
1957,536,1,2
1957,537,1,2
1957,538,1,2
1957,539,1,2
1957,540,1,2
1957,541,1,2
1957,542,1,2
1957,543,1,2
1957,544,1,2
1957,545,1,2
1957,546,1,2
1957,547,1,2
1957,548,1,2
1957,549,1,2
1957,550,1,2
1957,551,1,2
1957,552,1,2
1957,553,1,2
1957,554,1,2
1957,555,1,2
1957,556,1,2
1957,557,1,2
1957,558,1,2
1957,559,1,3
1957,560,1,3
1957,561,1,3
1957,562,1,3
1957,563,1,3
1957,564,1,3
1957,565,1,3
1957,566,1,3
1957,567,1,3
1957,568,1,3
1957,569,1,3
1957,570,1,3
1957,571,1,3
1957,572,1,3
1957,573,1,3
1957,574,1,3
1957,575,1,3
1957,576,1,3
1957,577,1,3
1957,578,1,3
1957,579,1,3
1957,580,1,3
1957,581,1,3
1957,582,1,3
1957,583,1,3
1957,584,1,3
1957,585,1,3
1957,586,1,3
1957,587,1,3
1957,588,1,3
1957,589,1,3
1957,590,1,3
1957,591,1,3
1957,592,1,3
1957,593,1,3
1957,594,1,3
1957,595,1,3
1957,596,1,3
1957,597,1,3
1957,598,1,3
1957,599,1,2
1957,600,1,2
1957,601,1,2
1957,602,1,2
1957,603,1,2
1957,604,1,2
1957,605,1,2
1957,606,1,2
1957,607,1,2
1957,608,1,2
1957,609,1,2
1957,610,1,2
1957,611,1,2
1957,612,1,2
1957,613,1,2
1957,614,1,2
1957,615,1,2
1957,616,1,2
1957,617,1,2
1957,618,1,2
1957,619,1,2
1957,620,1,2
1957,621,1,2
1957,622,1,2
1957,623,1,2
1957,624,1,2
1957,625,1,2
1957,626,1,2
1957,627,1,2
1957,628,1,2
1957,629,1,2
1957,630,1,2
1957,635,1,2
1957,636,1,2
1957,637,1,2
1957,638,1,2
1957,639,1,2
1957,640,1,2
1957,641,1,2
1957,642,1,2
1957,643,1,2
1957,644,1,2
1957,645,1,2
1957,646,1,2
1957,647,1,2
1957,648,1,2
1957,649,1,2
1957,650,1,2
1957,651,1,2
1957,652,1,2
1957,653,1,2
1957,654,1,2
1957,655,1,2
1957,656,1,2
1958,115,1,2
1958,116,1,2
1958,117,1,2
1958,118,1,3
1958,119,1,3
1958,120,1,3
1958,121,1,3
1958,122,1,3
1958,123,1,3
1958,124,1,3
1958,125,1,3
1958,126,1,3
1958,127,1,3
1958,128,1,3
1958,129,1,3
1958,130,1,3
1958,131,1,3
1958,132,1,3
1958,133,1,3
1958,134,1,3
1958,135,1,3
1958,136,1,3
1958,137,1,3
1958,138,1,3
1958,139,1,3
1958,140,1,3
1958,141,1,3
1958,142,1,3
1958,143,1,3
1958,144,1,3
1958,145,1,3
1958,146,1,3
1958,147,1,3
1958,148,1,3
1958,149,1,3
1958,150,1,3
1958,151,1,3
1958,152,1,3
1958,153,1,3
1958,154,1,3
1958,155,1,3
1958,156,1,3
1958,157,1,3
1958,158,1,3
1958,159,1,3
1958,160,1,3
1958,161,1,3
1958,162,1,3
1958,163,1,3
1958,164,1,3
1958,165,1,3
1958,166,1,3
1958,167,1,3
1958,168,1,3
1958,169,1,3
1958,170,1,3
1958,171,1,3
1958,172,1,3
1958,173,1,3
1958,174,1,3
1958,175,1,3
1958,176,1,2
1958,177,1,2
1958,178,1,2
1958,179,1,2
1958,180,1,2
1958,181,1,2
1958,182,1,2
1958,183,1,2
1958,184,1,2
1958,185,1,2
1958,186,1,2
1958,187,1,2
1958,188,1,2
1958,189,1,2
1958,190,1,2
1958,191,1,2
1958,192,1,2
1958,193,1,2
1958,194,1,2
1958,195,1,2
1958,196,1,2
1958,197,1,2
1958,198,1,2
1958,199,1,2
1958,200,1,2
1958,201,1,2
1958,202,1,2
1958,203,1,2
1958,204,1,2
1958,205,1,2
1958,206,1,2
1958,207,1,2
1958,208,1,2
1958,209,1,2
1958,210,1,2
1958,211,1,2
1958,212,1,2
1958,213,1,2
1958,214,1,2
1958,215,1,2
1958,216,1,2
1958,217,1,2
1958,218,1,2
1958,219,1,2
1958,220,1,2
1958,221,1,2
1958,222,1,2
1958,223,1,2
1958,224,1,2
1958,225,1,2
1958,226,1,2
1958,227,1,2
1958,228,1,2
1958,229,1,2
1958,230,1,2
1958,231,1,2
1958,232,1,2
1958,233,1,2
1958,234,1,2
1958,235,1,2
1958,236,1,2
1958,237,1,2
1958,238,1,2
1958,239,1,2
1958,240,1,2
1958,241,1,2
1958,242,1,2
1958,243,1,2
1958,244,1,2
1958,245,1,2
1958,246,1,2
1958,247,1,2
1958,248,1,2
1958,249,1,2
1958,250,1,2
1958,251,1,2
1958,252,1,2
1958,253,1,2
1958,254,1,2
1958,255,1,2
1958,256,1,2
1958,257,1,2
1958,258,1,2
1958,259,1,2
1958,260,1,2
1958,261,1,2
1958,262,1,2
1958,263,1,2
1958,264,1,2
1958,265,1,2
1958,266,1,2
1958,267,1,2
1958,268,1,2
1958,269,1,2
1958,270,1,2
1958,271,1,2
1958,272,1,2
1958,273,1,2
1958,274,1,2
1958,275,1,2
1958,276,1,2
1958,277,1,2
1958,278,1,2
1958,279,1,2
1958,280,1,2
1958,281,1,2
1958,282,1,2
1958,283,1,2
1958,284,1,2
1958,285,1,2
1958,286,1,2
1958,287,1,2
1958,288,1,2
1958,289,1,2
1958,290,1,2
1958,291,1,2
1958,292,1,2
1958,293,1,2
1958,294,1,2
1958,295,1,2
1958,296,1,2
1958,297,1,2
1958,298,1,2
1958,299,1,2
1958,300,1,2
1958,301,1,2
1958,302,1,2
1958,303,1,2
1958,304,1,2
1958,305,1,2
1958,306,1,2
1958,307,1,2
1958,308,1,2
1958,309,1,2
1958,310,1,2
1958,311,1,2
1958,312,1,2
1958,313,1,2
1958,314,1,2
1958,315,1,2
1958,316,1,2
1958,317,1,2
1958,318,1,2
1958,319,1,2
1958,320,1,2
1958,321,1,2
1958,322,1,2
1958,323,1,2
1958,324,1,2
1958,325,1,2
1958,326,1,2
1958,327,1,2
1958,328,1,2
1958,329,1,2
1958,330,1,2
1958,331,1,2
1958,332,1,2
1958,333,1,2
1958,334,1,2
1958,335,1,2
1958,336,1,3
1958,337,1,3
1958,338,1,3
1958,339,1,3
1958,340,1,3
1958,341,1,3
1958,342,1,3
1958,343,1,3
1958,344,1,3
1958,345,1,3
1958,346,1,3
1958,347,1,3
1958,348,1,3
1958,349,1,3
1958,350,1,3
1958,351,1,3
1958,352,1,3
1958,353,1,3
1958,354,1,3
1958,355,1,3
1958,356,1,3
1958,357,1,3
1958,358,1,3
1958,359,1,3
1958,360,1,3
1958,361,1,3
1958,362,1,3
1958,363,1,3
1958,364,1,3
1958,365,1,3
1958,366,1,3
1958,367,1,3
1958,368,1,3
1958,369,1,3
1958,370,1,3
1958,371,1,3
1958,372,1,3
1958,373,1,3
1958,374,1,3
1958,375,1,3
1958,376,1,3
1958,377,1,3
1958,378,1,3
1958,379,1,3
1958,380,1,3
1958,381,1,3
1958,382,1,3
1958,383,1,3
1958,384,1,3
1958,385,1,3
1958,386,1,3
1958,387,1,3
1958,388,1,3
1958,389,1,3
1958,390,1,3
1958,391,1,3
1958,392,1,3
1958,393,1,3
1958,394,1,3
1958,395,1,3
1958,396,1,3
1958,397,1,3
1958,398,1,3
1958,399,1,3
1958,400,1,3
1958,401,1,3
1958,402,1,3
1958,403,1,3
1958,404,1,3
1958,405,1,3
1958,406,1,3
1958,407,1,3
1958,408,1,3
1958,409,1,3
1958,410,1,3
1958,411,1,3
1958,412,1,3
1958,413,1,3
1958,414,1,3
1958,415,1,3
1958,416,1,3
1958,417,1,3
1958,418,1,3
1958,419,1,3
1958,420,1,3
1958,421,1,3
1958,422,1,3
1958,423,1,3
1958,424,1,3
1958,425,1,3
1958,426,1,3
1958,427,1,3
1958,428,1,3
1958,429,1,3
1958,430,1,3
1958,431,1,2
1958,432,1,2
1958,433,1,2
1958,434,1,2
1958,435,1,2
1958,436,1,2
1958,437,1,2
1958,438,1,2
1958,439,1,2
1958,440,1,2
1958,441,1,2
1958,442,1,2
1958,443,1,2
1958,444,1,2
1958,445,1,2
1958,446,1,2
1958,447,1,2
1958,448,1,2
1958,449,1,2
1958,450,1,2
1958,451,1,2
1958,452,1,2
1958,453,1,2
1958,454,1,2
1958,455,1,2
1958,456,1,2
1958,457,1,2
1958,458,1,2
1958,459,1,2
1958,460,1,2
1958,461,1,2
1958,462,1,2
1958,463,1,2
1958,464,1,2
1958,465,1,2
1958,466,1,2
1958,467,1,2
1958,468,1,2
1958,469,1,2
1958,470,1,2
1958,471,1,2
1958,472,1,2
1958,473,1,2
1958,474,1,2
1958,475,1,2
1958,476,1,2
1958,477,1,2
1958,478,1,2
1958,479,1,2
1958,480,1,2
1958,481,1,2
1958,482,1,2
1958,483,1,2
1958,484,1,3
1958,485,1,3
1958,486,1,3
1958,487,1,3
1958,488,1,3
1958,489,1,3
1958,490,1,3
1958,491,1,3
1958,492,1,3
1958,493,1,3
1958,494,1,3
1958,495,1,3
1958,496,1,3
1958,497,1,3
1958,498,1,3
1958,499,1,3
1958,500,1,3
1958,501,1,3
1958,502,1,3
1958,503,1,3
1958,504,1,3
1958,505,1,3
1958,506,1,3
1958,507,1,3
1958,508,1,3
1958,509,1,3
1958,510,1,3
1958,511,1,3
1958,512,1,3
1958,513,1,3
1958,514,1,3
1958,515,1,3
1958,516,1,3
1958,517,1,3
1958,518,1,3
1958,519,1,3
1958,520,1,3
1958,521,1,3
1958,522,1,3
1958,523,1,3
1958,524,1,3
1958,525,1,3
1958,526,1,3
1958,527,1,3
1958,528,1,3
1958,529,1,3
1958,530,1,2
1958,531,1,2
1958,532,1,2
1958,533,1,2
1958,534,1,2
1958,535,1,2
1958,536,1,2
1958,537,1,2
1958,538,1,2
1958,539,1,2
1958,540,1,2
1958,541,1,2
1958,542,1,2
1958,543,1,2
1958,544,1,2
1958,545,1,2
1958,546,1,2
1958,547,1,2
1958,548,1,2
1958,549,1,2
1958,550,1,2
1958,551,1,2
1958,552,1,2
1958,553,1,2
1958,554,1,2
1958,555,1,2
1958,556,1,2
1958,557,1,2
1958,558,1,3
1958,559,1,3
1958,560,1,3
1958,561,1,3
1958,562,1,3
1958,563,1,3
1958,564,1,3
1958,565,1,3
1958,566,1,3
1958,567,1,3
1958,568,1,3
1958,569,1,3
1958,570,1,3
1958,571,1,3
1958,572,1,3
1958,573,1,3
1958,574,1,3
1958,575,1,3
1958,576,1,3
1958,577,1,3
1958,578,1,3
1958,579,1,3
1958,580,1,3
1958,581,1,3
1958,582,1,3
1958,583,1,3
1958,584,1,3
1958,585,1,3
1958,586,1,3
1958,587,1,3
1958,588,1,3
1958,589,1,3
1958,590,1,3
1958,591,1,3
1958,592,1,3
1958,593,1,3
1958,594,1,3
1958,595,1,3
1958,596,1,3
1958,597,1,3
1958,598,1,3
1958,599,1,2
1958,600,1,2
1958,601,1,2
1958,602,1,2
1958,603,1,2
1958,604,1,2
1958,605,1,2
1958,606,1,2
1958,607,1,2
1958,608,1,2
1958,609,1,2
1958,610,1,2
1958,611,1,2
1958,612,1,2
1958,613,1,2
1958,614,1,2
1958,615,1,2
1958,616,1,2
1958,617,1,2
1958,618,1,2
1958,619,1,2
1958,620,1,2
1958,621,1,2
1958,622,1,2
1958,623,1,2
1958,624,1,2
1958,625,1,2
1958,626,1,2
1958,627,1,2
1958,628,1,2
1958,629,1,2
1958,630,1,2
1958,635,1,2
1958,636,1,2
1958,637,1,2
1958,638,1,2
1958,639,1,2
1958,640,1,2
1958,641,1,2
1958,642,1,2
1958,643,1,2
1958,644,1,2
1958,645,1,2
1958,646,1,2
1958,647,1,2
1958,648,1,2
1958,649,1,2
1958,650,1,2
1958,651,1,2
1958,652,1,2
1958,653,1,2
1958,654,1,2
1958,655,1,2
1959,115,1,2
1959,116,1,2
1959,117,1,3
1959,118,1,3
1959,119,1,3
1959,120,1,3
1959,121,1,3
1959,122,1,3
1959,123,1,3
1959,124,1,3
1959,125,1,3
1959,126,1,3
1959,127,1,3
1959,128,1,3
1959,129,1,3
1959,130,1,3
1959,131,1,3
1959,132,1,3
1959,133,1,3
1959,134,1,3
1959,135,1,3
1959,136,1,3
1959,137,1,3
1959,138,1,3
1959,139,1,3
1959,140,1,3
1959,141,1,3
1959,142,1,3
1959,143,1,3
1959,144,1,3
1959,145,1,3
1959,146,1,3
1959,147,1,3
1959,148,1,3
1959,149,1,3
1959,150,1,3
1959,151,1,3
1959,152,1,3
1959,153,1,3
1959,154,1,3
1959,155,1,3
1959,156,1,3
1959,157,1,3
1959,158,1,3
1959,159,1,3
1959,160,1,3
1959,161,1,3
1959,162,1,3
1959,163,1,3
1959,164,1,3
1959,165,1,3
1959,166,1,3
1959,167,1,3
1959,168,1,3
1959,169,1,3
1959,170,1,3
1959,171,1,3
1959,172,1,3
1959,173,1,3
1959,174,1,3
1959,175,1,3
1959,176,1,3
1959,177,1,2
1959,178,1,2
1959,179,1,2
1959,180,1,2
1959,181,1,2
1959,182,1,2
1959,183,1,2
1959,184,1,2
1959,185,1,2
1959,186,1,2
1959,187,1,2
1959,188,1,2
1959,189,1,2
1959,190,1,2
1959,191,1,2
1959,192,1,2
1959,193,1,2
1959,194,1,2
1959,195,1,2
1959,196,1,2
1959,197,1,2
1959,198,1,2
1959,199,1,2
1959,200,1,2
1959,201,1,2
1959,202,1,2
1959,203,1,2
1959,204,1,2
1959,205,1,2
1959,206,1,2
1959,207,1,2
1959,208,1,2
1959,209,1,2
1959,210,1,2
1959,211,1,2
1959,212,1,2
1959,213,1,2
1959,214,1,2
1959,215,1,2
1959,216,1,2
1959,217,1,2
1959,218,1,2
1959,219,1,2
1959,220,1,2
1959,221,1,2
1959,222,1,2
1959,223,1,2
1959,224,1,2
1959,225,1,2
1959,226,1,2
1959,227,1,2
1959,228,1,2
1959,229,1,2
1959,230,1,2
1959,231,1,2
1959,232,1,2
1959,233,1,2
1959,234,1,2
1959,235,1,2
1959,236,1,2
1959,237,1,2
1959,238,1,2
1959,239,1,2
1959,240,1,2
1959,241,1,2
1959,242,1,2
1959,243,1,2
1959,244,1,2
1959,245,1,2
1959,246,1,2
1959,247,1,2
1959,248,1,2
1959,249,1,2
1959,250,1,2
1959,251,1,2
1959,252,1,2
1959,253,1,2
1959,254,1,2
1959,255,1,2
1959,256,1,2
1959,257,1,2
1959,258,1,2
1959,259,1,2
1959,260,1,2
1959,261,1,2
1959,262,1,2
1959,263,1,2
1959,264,1,2
1959,265,1,2
1959,266,1,2
1959,267,1,2
1959,268,1,2
1959,269,1,2
1959,270,1,2
1959,271,1,2
1959,272,1,2
1959,273,1,2
1959,274,1,2
1959,275,1,2
1959,276,1,2
1959,277,1,2
1959,278,1,2
1959,279,1,2
1959,280,1,2
1959,281,1,2
1959,282,1,2
1959,283,1,2
1959,284,1,2
1959,285,1,2
1959,286,1,2
1959,287,1,2
1959,288,1,2
1959,289,1,2
1959,290,1,2
1959,291,1,2
1959,292,1,2
1959,293,1,2
1959,294,1,2
1959,295,1,2
1959,296,1,2
1959,297,1,2
1959,298,1,2
1959,299,1,2
1959,300,1,2
1959,301,1,2
1959,302,1,2
1959,303,1,2
1959,304,1,2
1959,305,1,2
1959,306,1,2
1959,307,1,2
1959,308,1,2
1959,309,1,2
1959,310,1,2
1959,311,1,2
1959,312,1,2
1959,313,1,2
1959,314,1,2
1959,315,1,2
1959,316,1,2
1959,317,1,2
1959,318,1,2
1959,319,1,2
1959,320,1,2
1959,321,1,2
1959,322,1,2
1959,323,1,2
1959,324,1,2
1959,325,1,2
1959,326,1,2
1959,327,1,2
1959,328,1,2
1959,329,1,2
1959,330,1,2
1959,331,1,2
1959,332,1,2
1959,333,1,2
1959,334,1,2
1959,335,1,2
1959,336,1,3
1959,337,1,3
1959,338,1,3
1959,339,1,3
1959,340,1,3
1959,341,1,3
1959,342,1,3
1959,343,1,3
1959,344,1,3
1959,345,1,3
1959,346,1,3
1959,347,1,3
1959,348,1,3
1959,349,1,3
1959,350,1,3
1959,351,1,3
1959,352,1,3
1959,353,1,3
1959,354,1,3
1959,355,1,3
1959,356,1,3
1959,357,1,3
1959,358,1,3
1959,359,1,3
1959,360,1,3
1959,361,1,3
1959,362,1,3
1959,363,1,3
1959,364,1,3
1959,365,1,3
1959,366,1,3
1959,367,1,3
1959,368,1,3
1959,369,1,3
1959,370,1,3
1959,371,1,3
1959,372,1,3
1959,373,1,3
1959,374,1,3
1959,375,1,3
1959,376,1,3
1959,377,1,3
1959,378,1,3
1959,379,1,3
1959,380,1,3
1959,381,1,3
1959,382,1,3
1959,383,1,3
1959,384,1,3
1959,385,1,3
1959,386,1,3
1959,387,1,3
1959,388,1,3
1959,389,1,3
1959,390,1,3
1959,391,1,3
1959,392,1,3
1959,393,1,3
1959,394,1,3
1959,395,1,3
1959,396,1,3
1959,397,1,3
1959,398,1,3
1959,399,1,3
1959,400,1,3
1959,401,1,3
1959,402,1,3
1959,403,1,3
1959,404,1,3
1959,405,1,3
1959,406,1,3
1959,407,1,3
1959,408,1,3
1959,409,1,3
1959,410,1,3
1959,411,1,3
1959,412,1,3
1959,413,1,3
1959,414,1,3
1959,415,1,3
1959,416,1,3
1959,417,1,3
1959,418,1,3
1959,419,1,3
1959,420,1,3
1959,421,1,3
1959,422,1,3
1959,423,1,3
1959,424,1,3
1959,425,1,3
1959,426,1,3
1959,427,1,3
1959,428,1,3
1959,429,1,3
1959,430,1,3
1959,431,1,2
1959,432,1,2
1959,433,1,2
1959,434,1,2
1959,435,1,2
1959,436,1,2
1959,437,1,2
1959,438,1,2
1959,439,1,2
1959,440,1,2
1959,441,1,2
1959,442,1,2
1959,443,1,2
1959,444,1,2
1959,445,1,2
1959,446,1,2
1959,447,1,2
1959,448,1,2
1959,449,1,2
1959,450,1,2
1959,451,1,2
1959,452,1,2
1959,453,1,2
1959,454,1,2
1959,455,1,2
1959,456,1,2
1959,457,1,2
1959,458,1,2
1959,459,1,2
1959,460,1,2
1959,461,1,2
1959,462,1,2
1959,463,1,2
1959,464,1,2
1959,465,1,2
1959,466,1,2
1959,467,1,2
1959,468,1,2
1959,469,1,2
1959,470,1,2
1959,471,1,2
1959,472,1,2
1959,473,1,2
1959,474,1,2
1959,475,1,2
1959,476,1,2
1959,477,1,2
1959,478,1,3
1959,479,1,3
1959,480,1,3
1959,481,1,3
1959,482,1,3
1959,483,1,3
1959,484,1,3
1959,485,1,3
1959,486,1,3
1959,487,1,3
1959,488,1,3
1959,489,1,3
1959,490,1,3
1959,491,1,3
1959,492,1,3
1959,493,1,3
1959,494,1,3
1959,495,1,3
1959,496,1,3
1959,497,1,3
1959,498,1,3
1959,499,1,3
1959,500,1,3
1959,501,1,3
1959,502,1,3
1959,503,1,3
1959,504,1,3
1959,505,1,3
1959,506,1,3
1959,507,1,3
1959,508,1,3
1959,509,1,3
1959,510,1,3
1959,511,1,3
1959,512,1,3
1959,513,1,3
1959,514,1,3
1959,515,1,3
1959,516,1,3
1959,517,1,3
1959,518,1,3
1959,519,1,3
1959,520,1,3
1959,521,1,3
1959,522,1,3
1959,523,1,3
1959,524,1,3
1959,525,1,3
1959,526,1,3
1959,527,1,3
1959,528,1,3
1959,529,1,2
1959,530,1,2
1959,531,1,2
1959,532,1,2
1959,533,1,2
1959,534,1,2
1959,535,1,2
1959,536,1,2
1959,537,1,2
1959,538,1,2
1959,539,1,2
1959,540,1,2
1959,541,1,2
1959,542,1,2
1959,543,1,2
1959,544,1,2
1959,545,1,2
1959,546,1,2
1959,547,1,2
1959,548,1,2
1959,549,1,2
1959,550,1,2
1959,551,1,2
1959,552,1,2
1959,553,1,2
1959,554,1,2
1959,555,1,2
1959,556,1,2
1959,557,1,3
1959,558,1,3
1959,559,1,3
1959,560,1,3
1959,561,1,3
1959,562,1,3
1959,563,1,3
1959,564,1,3
1959,565,1,3
1959,566,1,3
1959,567,1,3
1959,568,1,3
1959,569,1,3
1959,570,1,3
1959,571,1,3
1959,572,1,3
1959,573,1,3
1959,574,1,3
1959,575,1,3
1959,576,1,3
1959,577,1,3
1959,578,1,3
1959,579,1,3
1959,580,1,3
1959,581,1,3
1959,582,1,3
1959,583,1,3
1959,584,1,3
1959,585,1,3
1959,586,1,3
1959,587,1,3
1959,588,1,3
1959,589,1,3
1959,590,1,3
1959,591,1,3
1959,592,1,3
1959,593,1,3
1959,594,1,3
1959,595,1,3
1959,596,1,3
1959,597,1,3
1959,598,1,2
1959,599,1,2
1959,600,1,2
1959,601,1,2
1959,602,1,2
1959,603,1,2
1959,604,1,2
1959,605,1,2
1959,606,1,2
1959,607,1,2
1959,608,1,2
1959,609,1,2
1959,610,1,2
1959,611,1,2
1959,612,1,2
1959,613,1,2
1959,614,1,2
1959,615,1,2
1959,616,1,2
1959,617,1,2
1959,618,1,2
1959,619,1,2
1959,620,1,2
1959,621,1,2
1959,622,1,2
1959,623,1,2
1959,624,1,2
1959,625,1,2
1959,626,1,2
1959,627,1,2
1959,628,1,2
1959,639,1,2
1959,640,1,2
1959,641,1,2
1959,642,1,2
1959,643,1,2
1959,644,1,2
1959,645,1,2
1959,646,1,2
1959,647,1,2
1959,648,1,2
1959,649,1,2
1959,650,1,2
1959,651,1,2
1960,116,1,2
1960,117,1,3
1960,118,1,3
1960,119,1,3
1960,120,1,3
1960,121,1,3
1960,122,1,3
1960,123,1,3
1960,124,1,3
1960,125,1,3
1960,126,1,3
1960,127,1,3
1960,128,1,3
1960,129,1,3
1960,130,1,3
1960,131,1,3
1960,132,1,3
1960,133,1,3
1960,134,1,3
1960,135,1,3
1960,136,1,3
1960,137,1,3
1960,138,1,3
1960,139,1,3
1960,140,1,3
1960,141,1,3
1960,142,1,3
1960,143,1,3
1960,144,1,3
1960,145,1,3
1960,146,1,3
1960,147,1,3
1960,148,1,3
1960,149,1,3
1960,150,1,3
1960,151,1,3
1960,152,1,3
1960,153,1,3
1960,154,1,3
1960,155,1,3
1960,156,1,3
1960,157,1,3
1960,158,1,3
1960,159,1,3
1960,160,1,3
1960,161,1,3
1960,162,1,3
1960,163,1,3
1960,164,1,3
1960,165,1,3
1960,166,1,3
1960,167,1,3
1960,168,1,3
1960,169,1,3
1960,170,1,3
1960,171,1,3
1960,172,1,3
1960,173,1,3
1960,174,1,3
1960,175,1,3
1960,176,1,3
1960,177,1,2
1960,178,1,2
1960,179,1,2
1960,180,1,2
1960,181,1,2
1960,182,1,2
1960,183,1,2
1960,184,1,2
1960,185,1,2
1960,186,1,2
1960,187,1,2
1960,188,1,2
1960,189,1,2
1960,190,1,2
1960,191,1,2
1960,192,1,2
1960,193,1,2
1960,194,1,2
1960,195,1,2
1960,196,1,2
1960,197,1,2
1960,198,1,2
1960,199,1,2
1960,200,1,2
1960,201,1,2
1960,202,1,2
1960,203,1,2
1960,204,1,2
1960,205,1,2
1960,206,1,2
1960,207,1,2
1960,208,1,2
1960,209,1,2
1960,210,1,2
1960,211,1,2
1960,212,1,2
1960,213,1,2
1960,214,1,2
1960,215,1,2
1960,216,1,2
1960,217,1,2
1960,218,1,2
1960,219,1,2
1960,220,1,2
1960,221,1,2
1960,222,1,2
1960,223,1,2
1960,224,1,2
1960,225,1,2
1960,226,1,2
1960,227,1,2
1960,228,1,2
1960,229,1,2
1960,230,1,2
1960,231,1,2
1960,232,1,2
1960,233,1,2
1960,234,1,2
1960,235,1,2
1960,236,1,2
1960,237,1,2
1960,238,1,2
1960,239,1,2
1960,240,1,2
1960,241,1,2
1960,242,1,2
1960,243,1,2
1960,244,1,2
1960,245,1,2
1960,246,1,2
1960,247,1,2
1960,248,1,2
1960,249,1,2
1960,250,1,2
1960,251,1,2
1960,252,1,2
1960,253,1,2
1960,254,1,2
1960,255,1,2
1960,256,1,2
1960,257,1,2
1960,258,1,2
1960,259,1,2
1960,260,1,2
1960,261,1,2
1960,262,1,2
1960,263,1,2
1960,264,1,2
1960,265,1,2
1960,266,1,2
1960,267,1,2
1960,268,1,2
1960,269,1,2
1960,270,1,2
1960,271,1,2
1960,272,1,2
1960,273,1,2
1960,274,1,2
1960,275,1,2
1960,276,1,2
1960,277,1,2
1960,278,1,2
1960,279,1,2
1960,280,1,2
1960,281,1,2
1960,282,1,2
1960,283,1,2
1960,284,1,2
1960,285,1,2
1960,286,1,2
1960,287,1,2
1960,288,1,2
1960,289,1,2
1960,290,1,2
1960,291,1,2
1960,292,1,2
1960,293,1,2
1960,294,1,2
1960,295,1,2
1960,296,1,2
1960,297,1,2
1960,298,1,2
1960,299,1,2
1960,300,1,2
1960,301,1,2
1960,302,1,2
1960,303,1,2
1960,304,1,2
1960,305,1,2
1960,306,1,2
1960,307,1,2
1960,308,1,2
1960,309,1,2
1960,310,1,2
1960,311,1,2
1960,312,1,2
1960,313,1,2
1960,314,1,2
1960,315,1,2
1960,316,1,2
1960,317,1,2
1960,318,1,2
1960,319,1,2
1960,320,1,2
1960,321,1,2
1960,322,1,2
1960,323,1,2
1960,324,1,2
1960,325,1,2
1960,326,1,2
1960,327,1,2
1960,328,1,2
1960,329,1,2
1960,330,1,2
1960,331,1,2
1960,332,1,2
1960,333,1,2
1960,334,1,2
1960,335,1,2
1960,336,1,2
1960,337,1,3
1960,338,1,3
1960,339,1,3
1960,340,1,3
1960,341,1,3
1960,342,1,3
1960,343,1,3
1960,344,1,3
1960,345,1,3
1960,346,1,3
1960,347,1,3
1960,348,1,3
1960,349,1,3
1960,350,1,3
1960,351,1,3
1960,352,1,3
1960,353,1,3
1960,354,1,3
1960,355,1,3
1960,356,1,3
1960,357,1,3
1960,358,1,3
1960,359,1,3
1960,360,1,3
1960,361,1,3
1960,362,1,3
1960,363,1,3
1960,364,1,3
1960,365,1,3
1960,366,1,3
1960,367,1,3
1960,368,1,3
1960,369,1,3
1960,370,1,3
1960,371,1,3
1960,372,1,3
1960,373,1,3
1960,374,1,3
1960,375,1,3
1960,376,1,3
1960,377,1,3
1960,378,1,3
1960,379,1,3
1960,380,1,3
1960,381,1,3
1960,382,1,3
1960,383,1,3
1960,384,1,3
1960,385,1,3
1960,386,1,3
1960,387,1,3
1960,388,1,3
1960,389,1,3
1960,390,1,3
1960,391,1,3
1960,392,1,3
1960,393,1,3
1960,394,1,3
1960,395,1,3
1960,396,1,3
1960,397,1,3
1960,398,1,3
1960,399,1,3
1960,400,1,3
1960,401,1,3
1960,402,1,3
1960,403,1,3
1960,404,1,3
1960,405,1,3
1960,406,1,3
1960,407,1,3
1960,408,1,3
1960,409,1,3
1960,410,1,3
1960,411,1,3
1960,412,1,3
1960,413,1,3
1960,414,1,3
1960,415,1,3
1960,416,1,3
1960,417,1,3
1960,418,1,3
1960,419,1,3
1960,420,1,3
1960,421,1,3
1960,422,1,3
1960,423,1,3
1960,424,1,3
1960,425,1,3
1960,426,1,3
1960,427,1,3
1960,428,1,3
1960,429,1,3
1960,430,1,2
1960,431,1,2
1960,432,1,2
1960,433,1,2
1960,434,1,2
1960,435,1,2
1960,436,1,2
1960,437,1,2
1960,438,1,2
1960,439,1,2
1960,440,1,2
1960,441,1,2
1960,442,1,2
1960,443,1,2
1960,444,1,2
1960,445,1,2
1960,446,1,2
1960,447,1,2
1960,448,1,2
1960,449,1,2
1960,450,1,2
1960,451,1,2
1960,452,1,2
1960,453,1,2
1960,454,1,2
1960,455,1,2
1960,456,1,2
1960,457,1,2
1960,458,1,2
1960,459,1,2
1960,460,1,2
1960,461,1,2
1960,462,1,2
1960,463,1,2
1960,464,1,2
1960,465,1,2
1960,466,1,2
1960,467,1,2
1960,468,1,2
1960,469,1,2
1960,470,1,2
1960,471,1,2
1960,472,1,2
1960,473,1,2
1960,474,1,2
1960,475,1,3
1960,476,1,3
1960,477,1,3
1960,478,1,3
1960,479,1,3
1960,480,1,3
1960,481,1,3
1960,482,1,3
1960,483,1,3
1960,484,1,3
1960,485,1,3
1960,486,1,3
1960,487,1,3
1960,488,1,3
1960,489,1,3
1960,490,1,3
1960,491,1,3
1960,492,1,3
1960,493,1,3
1960,494,1,3
1960,495,1,3
1960,496,1,3
1960,497,1,3
1960,498,1,3
1960,499,1,3
1960,500,1,3
1960,501,1,3
1960,502,1,3
1960,503,1,3
1960,504,1,3
1960,505,1,3
1960,506,1,3
1960,507,1,3
1960,508,1,3
1960,509,1,3
1960,510,1,3
1960,511,1,3
1960,512,1,3
1960,513,1,3
1960,514,1,3
1960,515,1,3
1960,516,1,3
1960,517,1,3
1960,518,1,3
1960,519,1,3
1960,520,1,3
1960,521,1,3
1960,522,1,3
1960,523,1,3
1960,524,1,3
1960,525,1,3
1960,526,1,3
1960,527,1,3
1960,528,1,2
1960,529,1,2
1960,530,1,2
1960,531,1,2
1960,532,1,2
1960,533,1,2
1960,534,1,2
1960,535,1,2
1960,536,1,2
1960,537,1,2
1960,538,1,2
1960,539,1,2
1960,540,1,2
1960,541,1,2
1960,542,1,2
1960,543,1,2
1960,544,1,2
1960,545,1,2
1960,546,1,2
1960,547,1,2
1960,548,1,2
1960,549,1,2
1960,550,1,2
1960,551,1,2
1960,552,1,2
1960,553,1,2
1960,554,1,2
1960,555,1,2
1960,556,1,2
1960,557,1,3
1960,558,1,3
1960,559,1,3
1960,560,1,3
1960,561,1,3
1960,562,1,3
1960,563,1,3
1960,564,1,3
1960,565,1,3
1960,566,1,3
1960,567,1,3
1960,568,1,3
1960,569,1,3
1960,570,1,3
1960,571,1,3
1960,572,1,3
1960,573,1,3
1960,574,1,3
1960,575,1,3
1960,576,1,3
1960,577,1,3
1960,578,1,3
1960,579,1,3
1960,580,1,3
1960,581,1,3
1960,582,1,3
1960,583,1,3
1960,584,1,3
1960,585,1,3
1960,586,1,3
1960,587,1,3
1960,588,1,3
1960,589,1,3
1960,590,1,3
1960,591,1,3
1960,592,1,3
1960,593,1,3
1960,594,1,3
1960,595,1,3
1960,596,1,3
1960,597,1,3
1960,598,1,2
1960,599,1,2
1960,600,1,2
1960,601,1,2
1960,602,1,2
1960,603,1,2
1960,604,1,2
1960,605,1,2
1960,606,1,2
1960,607,1,2
1960,608,1,2
1960,609,1,2
1960,610,1,2
1960,611,1,2
1960,612,1,2
1960,613,1,2
1960,614,1,2
1960,615,1,2
1960,616,1,2
1960,617,1,2
1960,618,1,2
1960,619,1,2
1960,620,1,2
1960,621,1,2
1960,622,1,2
1960,623,1,2
1960,624,1,2
1960,625,1,2
1960,626,1,2
1960,627,1,2
1960,628,1,2
1960,639,1,2
1960,640,1,2
1960,641,1,2
1960,642,1,2
1960,643,1,2
1960,644,1,2
1960,645,1,2
1960,646,1,2
1960,647,1,2
1960,648,1,2
1960,649,1,2
1960,650,1,2
1961,116,1,2
1961,117,1,2
1961,118,1,3
1961,119,1,3
1961,120,1,3
1961,121,1,3
1961,122,1,3
1961,123,1,3
1961,124,1,3
1961,125,1,3
1961,126,1,3
1961,127,1,3
1961,128,1,3
1961,129,1,3
1961,130,1,3
1961,131,1,3
1961,132,1,3
1961,133,1,3
1961,134,1,3
1961,135,1,3
1961,136,1,3
1961,137,1,3
1961,138,1,3
1961,139,1,3
1961,140,1,3
1961,141,1,3
1961,142,1,3
1961,143,1,3
1961,144,1,3
1961,145,1,3
1961,146,1,3
1961,147,1,3
1961,148,1,3
1961,149,1,3
1961,150,1,3
1961,151,1,3
1961,152,1,3
1961,153,1,3
1961,154,1,3
1961,155,1,3
1961,156,1,3
1961,157,1,3
1961,158,1,3
1961,159,1,3
1961,160,1,3
1961,161,1,3
1961,162,1,3
1961,163,1,3
1961,164,1,3
1961,165,1,3
1961,166,1,3
1961,167,1,3
1961,168,1,3
1961,169,1,3
1961,170,1,3
1961,171,1,3
1961,172,1,3
1961,173,1,3
1961,174,1,3
1961,175,1,3
1961,176,1,3
1961,177,1,2
1961,178,1,2
1961,179,1,2
1961,180,1,2
1961,181,1,2
1961,182,1,2
1961,183,1,2
1961,184,1,2
1961,185,1,2
1961,186,1,2
1961,187,1,2
1961,188,1,2
1961,189,1,2
1961,190,1,2
1961,191,1,2
1961,192,1,2
1961,193,1,2
1961,194,1,2
1961,195,1,2
1961,196,1,2
1961,197,1,2
1961,198,1,2
1961,199,1,2
1961,200,1,2
1961,201,1,2
1961,202,1,2
1961,203,1,2
1961,204,1,2
1961,205,1,2
1961,206,1,2
1961,207,1,2
1961,208,1,2
1961,209,1,2
1961,210,1,2
1961,211,1,2
1961,212,1,2
1961,213,1,2
1961,214,1,2
1961,215,1,2
1961,216,1,2
1961,217,1,2
1961,218,1,2
1961,219,1,2
1961,220,1,2
1961,221,1,2
1961,222,1,2
1961,223,1,2
1961,224,1,2
1961,225,1,2
1961,226,1,2
1961,227,1,2
1961,228,1,2
1961,229,1,2
1961,230,1,2
1961,231,1,2
1961,232,1,2
1961,233,1,2
1961,234,1,2
1961,235,1,2
1961,236,1,2
1961,237,1,2
1961,238,1,2
1961,239,1,2
1961,240,1,2
1961,241,1,2
1961,242,1,2
1961,243,1,2
1961,244,1,2
1961,245,1,2
1961,246,1,2
1961,247,1,2
1961,248,1,2
1961,249,1,2
1961,250,1,2
1961,251,1,2
1961,252,1,2
1961,253,1,2
1961,254,1,2
1961,255,1,2
1961,256,1,2
1961,257,1,2
1961,258,1,2
1961,259,1,2
1961,260,1,2
1961,261,1,2
1961,262,1,2
1961,263,1,2
1961,264,1,2
1961,265,1,2
1961,266,1,2
1961,267,1,2
1961,268,1,2
1961,269,1,2
1961,270,1,2
1961,271,1,2
1961,272,1,2
1961,273,1,2
1961,274,1,2
1961,275,1,2
1961,276,1,2
1961,277,1,2
1961,278,1,2
1961,279,1,2
1961,280,1,2
1961,281,1,2
1961,282,1,2
1961,283,1,2
1961,284,1,2
1961,285,1,2
1961,286,1,2
1961,287,1,2
1961,288,1,2
1961,289,1,2
1961,290,1,2
1961,291,1,2
1961,292,1,2
1961,293,1,2
1961,294,1,2
1961,295,1,2
1961,296,1,2
1961,297,1,2
1961,298,1,2
1961,299,1,2
1961,300,1,2
1961,301,1,2
1961,302,1,2
1961,303,1,2
1961,304,1,2
1961,305,1,2
1961,306,1,2
1961,307,1,2
1961,308,1,2
1961,309,1,2
1961,310,1,2
1961,311,1,2
1961,312,1,2
1961,313,1,2
1961,314,1,2
1961,315,1,2
1961,316,1,2
1961,317,1,2
1961,318,1,2
1961,319,1,2
1961,320,1,2
1961,321,1,2
1961,322,1,2
1961,323,1,2
1961,324,1,2
1961,325,1,2
1961,326,1,2
1961,327,1,2
1961,328,1,2
1961,329,1,2
1961,330,1,2
1961,331,1,2
1961,332,1,2
1961,333,1,2
1961,334,1,2
1961,335,1,2
1961,336,1,2
1961,337,1,3
1961,338,1,3
1961,339,1,3
1961,340,1,3
1961,341,1,3
1961,342,1,3
1961,343,1,3
1961,344,1,3
1961,345,1,3
1961,346,1,3
1961,347,1,3
1961,348,1,3
1961,349,1,3
1961,350,1,3
1961,351,1,3
1961,352,1,3
1961,353,1,3
1961,354,1,3
1961,355,1,3
1961,356,1,3
1961,357,1,3
1961,358,1,3
1961,359,1,3
1961,360,1,3
1961,361,1,3
1961,362,1,3
1961,363,1,3
1961,364,1,3
1961,365,1,3
1961,366,1,3
1961,367,1,3
1961,368,1,3
1961,369,1,3
1961,370,1,3
1961,371,1,3
1961,372,1,3
1961,373,1,3
1961,374,1,3
1961,375,1,3
1961,376,1,3
1961,377,1,3
1961,378,1,3
1961,379,1,3
1961,380,1,3
1961,381,1,3
1961,382,1,3
1961,383,1,3
1961,384,1,3
1961,385,1,3
1961,386,1,3
1961,387,1,3
1961,388,1,3
1961,389,1,3
1961,390,1,3
1961,391,1,3
1961,392,1,3
1961,393,1,3
1961,394,1,3
1961,395,1,3
1961,396,1,3
1961,397,1,3
1961,398,1,3
1961,399,1,3
1961,400,1,3
1961,401,1,3
1961,402,1,3
1961,403,1,3
1961,404,1,3
1961,405,1,3
1961,406,1,3
1961,407,1,3
1961,408,1,3
1961,409,1,3
1961,410,1,3
1961,411,1,3
1961,412,1,3
1961,413,1,3
1961,414,1,3
1961,415,1,3
1961,416,1,3
1961,417,1,3
1961,418,1,3
1961,419,1,3
1961,420,1,3
1961,421,1,3
1961,422,1,3
1961,423,1,3
1961,424,1,3
1961,425,1,3
1961,426,1,3
1961,427,1,3
1961,428,1,3
1961,429,1,3
1961,430,1,2
1961,431,1,2
1961,432,1,2
1961,433,1,2
1961,434,1,2
1961,435,1,2
1961,436,1,2
1961,437,1,2
1961,438,1,2
1961,439,1,2
1961,440,1,2
1961,441,1,2
1961,442,1,2
1961,443,1,2
1961,444,1,2
1961,445,1,2
1961,446,1,2
1961,447,1,2
1961,448,1,2
1961,449,1,2
1961,450,1,2
1961,451,1,2
1961,452,1,2
1961,453,1,2
1961,454,1,2
1961,455,1,2
1961,456,1,2
1961,457,1,2
1961,458,1,2
1961,459,1,2
1961,460,1,2
1961,461,1,2
1961,462,1,2
1961,463,1,2
1961,464,1,2
1961,465,1,2
1961,466,1,2
1961,467,1,2
1961,468,1,2
1961,469,1,2
1961,470,1,2
1961,471,1,2
1961,472,1,3
1961,473,1,3
1961,474,1,3
1961,475,1,3
1961,476,1,3
1961,477,1,3
1961,478,1,3
1961,479,1,3
1961,480,1,3
1961,481,1,3
1961,482,1,3
1961,483,1,3
1961,484,1,3
1961,485,1,3
1961,486,1,3
1961,487,1,3
1961,488,1,3
1961,489,1,3
1961,490,1,3
1961,491,1,3
1961,492,1,3
1961,493,1,3
1961,494,1,3
1961,495,1,3
1961,496,1,3
1961,497,1,3
1961,498,1,3
1961,499,1,3
1961,500,1,3
1961,501,1,3
1961,502,1,3
1961,503,1,3
1961,504,1,3
1961,505,1,3
1961,506,1,3
1961,507,1,3
1961,508,1,3
1961,509,1,3
1961,510,1,3
1961,511,1,3
1961,512,1,3
1961,513,1,3
1961,514,1,3
1961,515,1,3
1961,516,1,3
1961,517,1,3
1961,518,1,3
1961,519,1,3
1961,520,1,3
1961,521,1,3
1961,522,1,3
1961,523,1,3
1961,524,1,3
1961,525,1,3
1961,526,1,3
1961,527,1,2
1961,528,1,2
1961,529,1,2
1961,530,1,2
1961,531,1,2
1961,532,1,2
1961,533,1,2
1961,534,1,2
1961,535,1,2
1961,536,1,2
1961,537,1,2
1961,538,1,2
1961,539,1,2
1961,540,1,2
1961,541,1,2
1961,542,1,2
1961,543,1,2
1961,544,1,2
1961,545,1,2
1961,546,1,2
1961,547,1,2
1961,548,1,2
1961,549,1,2
1961,550,1,2
1961,551,1,2
1961,552,1,2
1961,553,1,2
1961,554,1,2
1961,555,1,2
1961,556,1,2
1961,557,1,3
1961,558,1,3
1961,559,1,3
1961,560,1,3
1961,561,1,3
1961,562,1,3
1961,563,1,3
1961,564,1,3
1961,565,1,3
1961,566,1,3
1961,567,1,3
1961,568,1,3
1961,569,1,3
1961,570,1,3
1961,571,1,3
1961,572,1,3
1961,573,1,3
1961,574,1,3
1961,575,1,3
1961,576,1,3
1961,577,1,3
1961,578,1,3
1961,579,1,3
1961,580,1,3
1961,581,1,3
1961,582,1,3
1961,583,1,3
1961,584,1,3
1961,585,1,3
1961,586,1,3
1961,587,1,3
1961,588,1,3
1961,589,1,3
1961,590,1,3
1961,591,1,3
1961,592,1,3
1961,593,1,3
1961,594,1,3
1961,595,1,3
1961,596,1,3
1961,597,1,3
1961,598,1,2
1961,599,1,2
1961,600,1,2
1961,601,1,2
1961,602,1,2
1961,603,1,2
1961,604,1,2
1961,605,1,2
1961,606,1,2
1961,607,1,2
1961,608,1,2
1961,609,1,2
1961,610,1,2
1961,611,1,2
1961,612,1,2
1961,613,1,2
1961,614,1,2
1961,615,1,2
1961,616,1,2
1961,617,1,2
1961,618,1,2
1961,619,1,2
1961,620,1,2
1961,621,1,2
1961,622,1,2
1961,623,1,2
1961,624,1,2
1961,625,1,2
1961,626,1,2
1961,627,1,2
1961,628,1,2
1961,643,1,2
1961,644,1,2
1962,117,1,2
1962,118,1,3
1962,119,1,3
1962,120,1,3
1962,121,1,3
1962,122,1,3
1962,123,1,3
1962,124,1,3
1962,125,1,3
1962,126,1,3
1962,127,1,3
1962,128,1,3
1962,129,1,3
1962,130,1,3
1962,131,1,3
1962,132,1,3
1962,133,1,3
1962,134,1,3
1962,135,1,3
1962,136,1,3
1962,137,1,3
1962,138,1,3
1962,139,1,3
1962,140,1,3
1962,141,1,3
1962,142,1,3
1962,143,1,3
1962,144,1,3
1962,145,1,3
1962,146,1,3
1962,147,1,3
1962,148,1,3
1962,149,1,3
1962,150,1,3
1962,151,1,3
1962,152,1,3
1962,153,1,3
1962,154,1,3
1962,155,1,3
1962,156,1,3
1962,157,1,3
1962,158,1,3
1962,159,1,3
1962,160,1,3
1962,161,1,3
1962,162,1,3
1962,163,1,3
1962,164,1,3
1962,165,1,3
1962,166,1,3
1962,167,1,3
1962,168,1,3
1962,169,1,3
1962,170,1,3
1962,171,1,3
1962,172,1,3
1962,173,1,3
1962,174,1,3
1962,175,1,3
1962,176,1,3
1962,177,1,2
1962,178,1,2
1962,179,1,2
1962,180,1,2
1962,181,1,2
1962,182,1,2
1962,183,1,2
1962,184,1,2
1962,185,1,2
1962,186,1,2
1962,187,1,2
1962,188,1,2
1962,189,1,2
1962,190,1,2
1962,191,1,2
1962,192,1,2
1962,193,1,2
1962,194,1,2
1962,195,1,2
1962,196,1,2
1962,197,1,2
1962,198,1,2
1962,199,1,2
1962,200,1,2
1962,201,1,2
1962,202,1,2
1962,203,1,2
1962,204,1,2
1962,205,1,2
1962,206,1,2
1962,207,1,2
1962,208,1,2
1962,209,1,2
1962,210,1,2
1962,211,1,2
1962,212,1,2
1962,213,1,2
1962,214,1,2
1962,215,1,2
1962,216,1,2
1962,217,1,2
1962,218,1,2
1962,219,1,2
1962,220,1,2
1962,221,1,2
1962,222,1,2
1962,223,1,2
1962,224,1,2
1962,225,1,2
1962,226,1,2
1962,227,1,2
1962,228,1,2
1962,229,1,2
1962,230,1,2
1962,231,1,2
1962,232,1,2
1962,233,1,2
1962,234,1,2
1962,235,1,2
1962,236,1,2
1962,237,1,2
1962,238,1,2
1962,239,1,2
1962,240,1,2
1962,241,1,2
1962,242,1,2
1962,243,1,2
1962,244,1,2
1962,245,1,2
1962,246,1,2
1962,247,1,2
1962,248,1,2
1962,249,1,2
1962,250,1,2
1962,251,1,2
1962,252,1,2
1962,253,1,2
1962,254,1,2
1962,255,1,2
1962,256,1,2
1962,257,1,2
1962,258,1,2
1962,259,1,2
1962,260,1,2
1962,261,1,2
1962,262,1,2
1962,263,1,2
1962,264,1,2
1962,265,1,2
1962,266,1,2
1962,267,1,2
1962,268,1,2
1962,269,1,2
1962,270,1,2
1962,271,1,2
1962,272,1,2
1962,273,1,2
1962,274,1,2
1962,275,1,2
1962,276,1,2
1962,277,1,2
1962,278,1,2
1962,279,1,2
1962,280,1,2
1962,281,1,2
1962,282,1,2
1962,283,1,2
1962,284,1,2
1962,285,1,2
1962,286,1,2
1962,287,1,2
1962,288,1,2
1962,289,1,2
1962,290,1,2
1962,291,1,2
1962,292,1,2
1962,293,1,2
1962,294,1,2
1962,295,1,2
1962,296,1,2
1962,297,1,2
1962,298,1,2
1962,299,1,2
1962,300,1,2
1962,301,1,2
1962,302,1,2
1962,303,1,2
1962,304,1,2
1962,305,1,2
1962,306,1,2
1962,307,1,2
1962,308,1,2
1962,309,1,2
1962,310,1,2
1962,311,1,2
1962,312,1,2
1962,313,1,2
1962,314,1,2
1962,315,1,2
1962,316,1,2
1962,317,1,2
1962,318,1,2
1962,319,1,2
1962,320,1,2
1962,321,1,2
1962,322,1,2
1962,323,1,2
1962,324,1,2
1962,325,1,2
1962,326,1,2
1962,327,1,2
1962,328,1,2
1962,329,1,2
1962,330,1,2
1962,331,1,2
1962,332,1,2
1962,333,1,2
1962,334,1,2
1962,335,1,2
1962,336,1,2
1962,337,1,2
1962,338,1,3
1962,339,1,3
1962,340,1,3
1962,341,1,3
1962,342,1,3
1962,343,1,3
1962,344,1,3
1962,345,1,3
1962,346,1,3
1962,347,1,3
1962,348,1,3
1962,349,1,3
1962,350,1,3
1962,351,1,3
1962,352,1,3
1962,353,1,3
1962,354,1,3
1962,355,1,3
1962,356,1,3
1962,357,1,3
1962,358,1,3
1962,359,1,3
1962,360,1,3
1962,361,1,3
1962,362,1,3
1962,363,1,3
1962,364,1,3
1962,365,1,3
1962,366,1,3
1962,367,1,3
1962,368,1,3
1962,369,1,3
1962,370,1,3
1962,371,1,3
1962,372,1,3
1962,373,1,3
1962,374,1,3
1962,375,1,3
1962,376,1,3
1962,377,1,3
1962,378,1,3
1962,379,1,3
1962,380,1,3
1962,381,1,3
1962,382,1,3
1962,383,1,3
1962,384,1,3
1962,385,1,3
1962,386,1,3
1962,387,1,3
1962,388,1,3
1962,389,1,3
1962,390,1,3
1962,391,1,3
1962,392,1,3
1962,393,1,3
1962,394,1,3
1962,395,1,3
1962,396,1,3
1962,397,1,3
1962,398,1,3
1962,399,1,3
1962,400,1,3
1962,401,1,3
1962,402,1,3
1962,403,1,3
1962,404,1,3
1962,405,1,3
1962,406,1,3
1962,407,1,3
1962,408,1,3
1962,409,1,3
1962,410,1,3
1962,411,1,3
1962,412,1,3
1962,413,1,3
1962,414,1,3
1962,415,1,3
1962,416,1,3
1962,417,1,3
1962,418,1,3
1962,419,1,3
1962,420,1,3
1962,421,1,3
1962,422,1,3
1962,423,1,3
1962,424,1,3
1962,425,1,3
1962,426,1,3
1962,427,1,3
1962,428,1,3
1962,429,1,3
1962,430,1,2
1962,431,1,2
1962,432,1,2
1962,433,1,2
1962,434,1,2
1962,435,1,2
1962,436,1,2
1962,437,1,2
1962,438,1,2
1962,439,1,2
1962,440,1,2
1962,441,1,2
1962,442,1,2
1962,443,1,2
1962,444,1,2
1962,445,1,2
1962,446,1,2
1962,447,1,2
1962,448,1,2
1962,449,1,2
1962,450,1,2
1962,451,1,2
1962,452,1,2
1962,453,1,2
1962,454,1,2
1962,455,1,2
1962,456,1,2
1962,457,1,2
1962,458,1,2
1962,459,1,2
1962,460,1,2
1962,461,1,2
1962,462,1,2
1962,463,1,2
1962,464,1,2
1962,465,1,2
1962,466,1,2
1962,467,1,2
1962,468,1,2
1962,469,1,2
1962,470,1,2
1962,471,1,3
1962,472,1,3
1962,473,1,3
1962,474,1,3
1962,475,1,3
1962,476,1,3
1962,477,1,3
1962,478,1,3
1962,479,1,3
1962,480,1,3
1962,481,1,3
1962,482,1,3
1962,483,1,3
1962,484,1,3
1962,485,1,3
1962,486,1,3
1962,487,1,3
1962,488,1,3
1962,489,1,3
1962,490,1,3
1962,491,1,3
1962,492,1,3
1962,493,1,3
1962,494,1,3
1962,495,1,3
1962,496,1,3
1962,497,1,3
1962,498,1,3
1962,499,1,3
1962,500,1,3
1962,501,1,3
1962,502,1,3
1962,503,1,3
1962,504,1,3
1962,505,1,3
1962,506,1,3
1962,507,1,3
1962,508,1,3
1962,509,1,3
1962,510,1,3
1962,511,1,3
1962,512,1,3
1962,513,1,3
1962,514,1,3
1962,515,1,3
1962,516,1,3
1962,517,1,3
1962,518,1,3
1962,519,1,3
1962,520,1,3
1962,521,1,3
1962,522,1,3
1962,523,1,3
1962,524,1,3
1962,525,1,2
1962,526,1,2
1962,527,1,2
1962,528,1,2
1962,529,1,2
1962,530,1,2
1962,531,1,2
1962,532,1,2
1962,533,1,2
1962,534,1,2
1962,535,1,2
1962,536,1,2
1962,537,1,2
1962,538,1,2
1962,539,1,2
1962,540,1,2
1962,541,1,2
1962,542,1,2
1962,543,1,2
1962,544,1,2
1962,545,1,2
1962,546,1,2
1962,547,1,2
1962,548,1,2
1962,549,1,2
1962,550,1,2
1962,551,1,2
1962,552,1,2
1962,553,1,2
1962,554,1,2
1962,555,1,2
1962,556,1,2
1962,557,1,3
1962,558,1,3
1962,559,1,3
1962,560,1,3
1962,561,1,3
1962,562,1,3
1962,563,1,3
1962,564,1,3
1962,565,1,3
1962,566,1,3
1962,567,1,3
1962,568,1,3
1962,569,1,3
1962,570,1,3
1962,571,1,3
1962,572,1,3
1962,573,1,3
1962,574,1,3
1962,575,1,3
1962,576,1,3
1962,577,1,3
1962,578,1,3
1962,579,1,3
1962,580,1,3
1962,581,1,3
1962,582,1,3
1962,583,1,3
1962,584,1,3
1962,585,1,3
1962,586,1,3
1962,587,1,3
1962,588,1,3
1962,589,1,3
1962,590,1,3
1962,591,1,3
1962,592,1,3
1962,593,1,3
1962,594,1,3
1962,595,1,3
1962,596,1,3
1962,597,1,3
1962,598,1,2
1962,599,1,2
1962,600,1,2
1962,601,1,2
1962,602,1,2
1962,603,1,2
1962,604,1,2
1962,605,1,2
1962,606,1,2
1962,607,1,2
1962,608,1,2
1962,609,1,2
1962,610,1,2
1962,611,1,2
1962,612,1,2
1962,613,1,2
1962,614,1,2
1962,615,1,2
1962,616,1,2
1962,617,1,2
1962,618,1,2
1962,619,1,2
1962,620,1,2
1962,621,1,2
1962,622,1,2
1962,623,1,2
1962,624,1,2
1962,625,1,2
1962,626,1,2
1962,627,1,2
1962,628,1,2
1962,629,1,2
1962,643,1,2
1962,644,1,2
1963,118,1,3
1963,119,1,3
1963,120,1,3
1963,121,1,3
1963,122,1,3
1963,123,1,3
1963,124,1,3
1963,125,1,3
1963,126,1,3
1963,127,1,3
1963,128,1,3
1963,129,1,3
1963,130,1,3
1963,131,1,3
1963,132,1,3
1963,133,1,3
1963,134,1,3
1963,135,1,3
1963,136,1,3
1963,137,1,3
1963,138,1,3
1963,139,1,3
1963,140,1,3
1963,141,1,3
1963,142,1,3
1963,143,1,3
1963,144,1,3
1963,145,1,3
1963,146,1,3
1963,147,1,3
1963,148,1,3
1963,149,1,3
1963,150,1,3
1963,151,1,3
1963,152,1,3
1963,153,1,3
1963,154,1,3
1963,155,1,3
1963,156,1,3
1963,157,1,3
1963,158,1,3
1963,159,1,3
1963,160,1,3
1963,161,1,3
1963,162,1,3
1963,163,1,3
1963,164,1,3
1963,165,1,3
1963,166,1,3
1963,167,1,3
1963,168,1,3
1963,169,1,3
1963,170,1,3
1963,171,1,3
1963,172,1,3
1963,173,1,3
1963,174,1,3
1963,175,1,3
1963,176,1,3
1963,177,1,2
1963,178,1,2
1963,179,1,2
1963,180,1,2
1963,181,1,2
1963,182,1,2
1963,183,1,2
1963,184,1,2
1963,185,1,2
1963,186,1,2
1963,187,1,2
1963,188,1,2
1963,189,1,2
1963,190,1,2
1963,191,1,2
1963,192,1,2
1963,193,1,2
1963,194,1,2
1963,195,1,2
1963,196,1,2
1963,197,1,2
1963,198,1,2
1963,199,1,2
1963,200,1,2
1963,201,1,2
1963,202,1,2
1963,203,1,2
1963,204,1,2
1963,205,1,2
1963,206,1,2
1963,207,1,2
1963,208,1,2
1963,209,1,2
1963,210,1,2
1963,211,1,2
1963,212,1,2
1963,213,1,2
1963,214,1,2
1963,215,1,2
1963,216,1,2
1963,217,1,2
1963,218,1,2
1963,219,1,2
1963,220,1,2
1963,221,1,2
1963,222,1,2
1963,223,1,2
1963,224,1,2
1963,225,1,2
1963,226,1,2
1963,227,1,2
1963,228,1,2
1963,229,1,2
1963,230,1,2
1963,231,1,2
1963,232,1,2
1963,233,1,2
1963,234,1,2
1963,235,1,2
1963,236,1,2
1963,237,1,2
1963,238,1,2
1963,239,1,2
1963,240,1,2
1963,241,1,2
1963,242,1,2
1963,243,1,2
1963,244,1,2
1963,245,1,2
1963,246,1,2
1963,247,1,2
1963,248,1,2
1963,249,1,2
1963,250,1,2
1963,251,1,2
1963,252,1,2
1963,253,1,2
1963,254,1,2
1963,255,1,2
1963,256,1,2
1963,257,1,2
1963,258,1,2
1963,259,1,2
1963,260,1,2
1963,261,1,2
1963,262,1,2
1963,263,1,2
1963,264,1,2
1963,265,1,2
1963,266,1,2
1963,267,1,2
1963,268,1,2
1963,269,1,2
1963,270,1,2
1963,271,1,2
1963,272,1,2
1963,273,1,2
1963,274,1,2
1963,275,1,2
1963,276,1,2
1963,277,1,2
1963,278,1,2
1963,279,1,2
1963,280,1,2
1963,281,1,2
1963,282,1,2
1963,283,1,2
1963,284,1,2
1963,285,1,2
1963,286,1,2
1963,287,1,2
1963,288,1,2
1963,289,1,2
1963,290,1,2
1963,291,1,2
1963,292,1,2
1963,293,1,2
1963,294,1,2
1963,295,1,2
1963,296,1,2
1963,297,1,2
1963,298,1,2
1963,299,1,2
1963,300,1,2
1963,301,1,2
1963,302,1,2
1963,303,1,2
1963,304,1,2
1963,305,1,2
1963,306,1,2
1963,307,1,2
1963,308,1,2
1963,309,1,2
1963,310,1,2
1963,311,1,2
1963,312,1,2
1963,313,1,2
1963,314,1,2
1963,315,1,2
1963,316,1,2
1963,317,1,2
1963,318,1,2
1963,319,1,2
1963,320,1,2
1963,321,1,2
1963,322,1,2
1963,323,1,2
1963,324,1,2
1963,325,1,2
1963,326,1,2
1963,327,1,2
1963,328,1,2
1963,329,1,2
1963,330,1,2
1963,331,1,2
1963,332,1,2
1963,333,1,2
1963,334,1,2
1963,335,1,2
1963,336,1,2
1963,337,1,2
1963,338,1,3
1963,339,1,3
1963,340,1,3
1963,341,1,3
1963,342,1,3
1963,343,1,3
1963,344,1,3
1963,345,1,3
1963,346,1,3
1963,347,1,3
1963,348,1,3
1963,349,1,3
1963,350,1,3
1963,351,1,3
1963,352,1,3
1963,353,1,3
1963,354,1,3
1963,355,1,3
1963,356,1,3
1963,357,1,3
1963,358,1,3
1963,359,1,3
1963,360,1,3
1963,361,1,3
1963,362,1,3
1963,363,1,3
1963,364,1,3
1963,365,1,3
1963,366,1,3
1963,367,1,3
1963,368,1,3
1963,369,1,3
1963,370,1,3
1963,371,1,3
1963,372,1,3
1963,373,1,3
1963,374,1,3
1963,375,1,3
1963,376,1,3
1963,377,1,3
1963,378,1,3
1963,379,1,3
1963,380,1,3
1963,381,1,3
1963,382,1,3
1963,383,1,3
1963,384,1,3
1963,385,1,3
1963,386,1,3
1963,387,1,3
1963,388,1,3
1963,389,1,3
1963,390,1,3
1963,391,1,3
1963,392,1,3
1963,393,1,3
1963,394,1,3
1963,395,1,3
1963,396,1,3
1963,397,1,3
1963,398,1,3
1963,399,1,3
1963,400,1,3
1963,401,1,3
1963,402,1,3
1963,403,1,3
1963,404,1,3
1963,405,1,3
1963,406,1,3
1963,407,1,3
1963,408,1,3
1963,409,1,3
1963,410,1,3
1963,411,1,3
1963,412,1,3
1963,413,1,3
1963,414,1,3
1963,415,1,3
1963,416,1,3
1963,417,1,3
1963,418,1,3
1963,419,1,3
1963,420,1,3
1963,421,1,3
1963,422,1,3
1963,423,1,3
1963,424,1,3
1963,425,1,3
1963,426,1,3
1963,427,1,3
1963,428,1,3
1963,429,1,3
1963,430,1,2
1963,431,1,2
1963,432,1,2
1963,433,1,2
1963,434,1,2
1963,435,1,2
1963,436,1,2
1963,437,1,2
1963,438,1,2
1963,439,1,2
1963,440,1,2
1963,441,1,2
1963,442,1,2
1963,443,1,2
1963,444,1,2
1963,445,1,2
1963,446,1,2
1963,447,1,2
1963,448,1,2
1963,449,1,2
1963,450,1,2
1963,451,1,2
1963,452,1,2
1963,453,1,2
1963,454,1,2
1963,455,1,2
1963,456,1,2
1963,457,1,2
1963,458,1,2
1963,459,1,2
1963,460,1,2
1963,461,1,2
1963,462,1,2
1963,463,1,2
1963,464,1,2
1963,465,1,2
1963,466,1,2
1963,467,1,2
1963,468,1,2
1963,469,1,2
1963,470,1,3
1963,471,1,3
1963,472,1,3
1963,473,1,3
1963,474,1,3
1963,475,1,3
1963,476,1,3
1963,477,1,3
1963,478,1,3
1963,479,1,3
1963,480,1,3
1963,481,1,3
1963,482,1,3
1963,483,1,3
1963,484,1,3
1963,485,1,3
1963,486,1,3
1963,487,1,3
1963,488,1,3
1963,489,1,3
1963,490,1,3
1963,491,1,3
1963,492,1,3
1963,493,1,3
1963,494,1,3
1963,495,1,3
1963,496,1,3
1963,497,1,3
1963,498,1,3
1963,499,1,3
1963,500,1,3
1963,501,1,3
1963,502,1,3
1963,503,1,3
1963,504,1,3
1963,505,1,3
1963,506,1,3
1963,507,1,3
1963,508,1,3
1963,509,1,3
1963,510,1,3
1963,511,1,3
1963,512,1,3
1963,513,1,3
1963,514,1,3
1963,515,1,3
1963,516,1,3
1963,517,1,3
1963,518,1,2
1963,519,1,2
1963,520,1,2
1963,521,1,2
1963,522,1,2
1963,523,1,2
1963,524,1,2
1963,525,1,2
1963,526,1,2
1963,527,1,2
1963,528,1,2
1963,529,1,2
1963,530,1,2
1963,531,1,2
1963,532,1,2
1963,533,1,2
1963,534,1,2
1963,535,1,2
1963,536,1,2
1963,537,1,2
1963,538,1,2
1963,539,1,2
1963,540,1,2
1963,541,1,2
1963,542,1,2
1963,543,1,2
1963,544,1,2
1963,545,1,2
1963,546,1,2
1963,547,1,2
1963,548,1,2
1963,549,1,2
1963,550,1,2
1963,551,1,2
1963,552,1,2
1963,553,1,2
1963,554,1,2
1963,555,1,2
1963,556,1,3
1963,557,1,3
1963,558,1,3
1963,559,1,3
1963,560,1,3
1963,561,1,3
1963,562,1,3
1963,563,1,3
1963,564,1,3
1963,565,1,3
1963,566,1,3
1963,567,1,3
1963,568,1,3
1963,569,1,3
1963,570,1,3
1963,571,1,3
1963,572,1,3
1963,573,1,3
1963,574,1,3
1963,575,1,3
1963,576,1,3
1963,577,1,3
1963,578,1,3
1963,579,1,3
1963,580,1,3
1963,581,1,3
1963,582,1,3
1963,583,1,3
1963,584,1,3
1963,585,1,3
1963,586,1,3
1963,587,1,3
1963,588,1,3
1963,589,1,3
1963,590,1,3
1963,591,1,3
1963,592,1,3
1963,593,1,3
1963,594,1,3
1963,595,1,3
1963,596,1,3
1963,597,1,3
1963,598,1,2
1963,599,1,2
1963,600,1,2
1963,601,1,2
1963,602,1,2
1963,603,1,2
1963,604,1,2
1963,605,1,2
1963,606,1,2
1963,607,1,2
1963,608,1,2
1963,609,1,2
1963,610,1,2
1963,611,1,2
1963,612,1,2
1963,613,1,2
1963,614,1,2
1963,615,1,2
1963,616,1,2
1963,617,1,2
1963,618,1,2
1963,619,1,2
1963,620,1,2
1963,621,1,2
1963,622,1,2
1963,623,1,2
1963,624,1,2
1963,625,1,2
1963,626,1,2
1963,627,1,2
1963,628,1,2
1963,629,1,2
1964,118,1,3
1964,119,1,3
1964,120,1,3
1964,121,1,3
1964,122,1,3
1964,123,1,3
1964,124,1,3
1964,125,1,3
1964,126,1,3
1964,127,1,3
1964,128,1,3
1964,129,1,3
1964,130,1,3
1964,131,1,3
1964,132,1,3
1964,133,1,3
1964,134,1,3
1964,135,1,3
1964,136,1,3
1964,137,1,3
1964,138,1,3
1964,139,1,3
1964,140,1,3
1964,141,1,3
1964,142,1,3
1964,143,1,3
1964,144,1,3
1964,145,1,3
1964,146,1,3
1964,147,1,3
1964,148,1,3
1964,149,1,3
1964,150,1,3
1964,151,1,3
1964,152,1,3
1964,153,1,3
1964,154,1,3
1964,155,1,3
1964,156,1,3
1964,157,1,3
1964,158,1,3
1964,159,1,3
1964,160,1,3
1964,161,1,3
1964,162,1,3
1964,163,1,3
1964,164,1,3
1964,165,1,3
1964,166,1,3
1964,167,1,3
1964,168,1,3
1964,169,1,3
1964,170,1,3
1964,171,1,3
1964,172,1,3
1964,173,1,3
1964,174,1,3
1964,175,1,3
1964,176,1,3
1964,177,1,2
1964,178,1,2
1964,179,1,2
1964,180,1,2
1964,181,1,2
1964,182,1,2
1964,183,1,2
1964,184,1,2
1964,185,1,2
1964,186,1,2
1964,187,1,2
1964,188,1,2
1964,189,1,2
1964,190,1,2
1964,191,1,2
1964,192,1,2
1964,193,1,2
1964,194,1,2
1964,195,1,2
1964,196,1,2
1964,197,1,2
1964,198,1,2
1964,199,1,2
1964,200,1,2
1964,201,1,2
1964,202,1,2
1964,203,1,2
1964,204,1,2
1964,205,1,2
1964,206,1,2
1964,207,1,2
1964,208,1,2
1964,209,1,2
1964,210,1,2
1964,211,1,2
1964,212,1,2
1964,213,1,2
1964,214,1,2
1964,215,1,2
1964,216,1,2
1964,217,1,2
1964,218,1,2
1964,219,1,2
1964,220,1,2
1964,221,1,2
1964,222,1,2
1964,223,1,2
1964,224,1,2
1964,225,1,2
1964,226,1,2
1964,227,1,2
1964,228,1,2
1964,229,1,2
1964,230,1,2
1964,231,1,2
1964,232,1,2
1964,233,1,2
1964,234,1,2
1964,235,1,2
1964,236,1,2
1964,237,1,2
1964,238,1,2
1964,239,1,2
1964,240,1,2
1964,241,1,2
1964,242,1,2
1964,243,1,2
1964,244,1,2
1964,245,1,2
1964,246,1,2
1964,247,1,2
1964,248,1,2
1964,249,1,2
1964,250,1,2
1964,251,1,2
1964,252,1,2
1964,253,1,2
1964,254,1,2
1964,255,1,2
1964,256,1,2
1964,257,1,2
1964,258,1,2
1964,259,1,2
1964,260,1,2
1964,261,1,2
1964,262,1,2
1964,263,1,2
1964,264,1,2
1964,265,1,2
1964,266,1,2
1964,267,1,2
1964,268,1,2
1964,269,1,2
1964,270,1,2
1964,271,1,2
1964,272,1,2
1964,273,1,2
1964,274,1,2
1964,275,1,2
1964,276,1,2
1964,277,1,2
1964,278,1,2
1964,279,1,2
1964,280,1,2
1964,281,1,2
1964,282,1,2
1964,283,1,2
1964,284,1,2
1964,285,1,2
1964,286,1,2
1964,287,1,2
1964,288,1,2
1964,289,1,2
1964,290,1,2
1964,291,1,2
1964,292,1,2
1964,293,1,2
1964,294,1,2
1964,295,1,2
1964,296,1,2
1964,297,1,2
1964,298,1,2
1964,299,1,2
1964,300,1,2
1964,301,1,2
1964,302,1,2
1964,303,1,2
1964,304,1,2
1964,305,1,2
1964,306,1,2
1964,307,1,2
1964,308,1,2
1964,309,1,2
1964,310,1,2
1964,311,1,2
1964,312,1,2
1964,313,1,2
1964,314,1,2
1964,315,1,2
1964,316,1,2
1964,317,1,2
1964,318,1,2
1964,319,1,2
1964,320,1,2
1964,321,1,2
1964,322,1,2
1964,323,1,2
1964,324,1,2
1964,325,1,2
1964,326,1,2
1964,327,1,2
1964,328,1,2
1964,329,1,2
1964,330,1,2
1964,331,1,2
1964,332,1,2
1964,333,1,2
1964,334,1,2
1964,335,1,2
1964,336,1,2
1964,337,1,2
1964,338,1,2
1964,339,1,2
1964,340,1,3
1964,341,1,3
1964,342,1,3
1964,343,1,3
1964,344,1,3
1964,345,1,3
1964,346,1,3
1964,347,1,3
1964,348,1,3
1964,349,1,3
1964,350,1,3
1964,351,1,3
1964,352,1,3
1964,353,1,3
1964,354,1,3
1964,355,1,3
1964,356,1,3
1964,357,1,3
1964,358,1,3
1964,359,1,3
1964,360,1,3
1964,361,1,3
1964,362,1,3
1964,363,1,3
1964,364,1,3
1964,365,1,3
1964,366,1,3
1964,367,1,3
1964,368,1,3
1964,369,1,3
1964,370,1,3
1964,371,1,3
1964,372,1,3
1964,373,1,3
1964,374,1,3
1964,375,1,3
1964,376,1,3
1964,377,1,3
1964,378,1,3
1964,379,1,3
1964,380,1,3
1964,381,1,3
1964,382,1,3
1964,383,1,3
1964,384,1,3
1964,385,1,3
1964,386,1,3
1964,387,1,3
1964,388,1,3
1964,389,1,3
1964,390,1,3
1964,391,1,3
1964,392,1,3
1964,393,1,3
1964,394,1,3
1964,395,1,3
1964,396,1,3
1964,397,1,3
1964,398,1,3
1964,399,1,3
1964,400,1,3
1964,401,1,3
1964,402,1,3
1964,403,1,3
1964,404,1,3
1964,405,1,3
1964,406,1,3
1964,407,1,3
1964,408,1,3
1964,409,1,3
1964,410,1,3
1964,411,1,3
1964,412,1,3
1964,413,1,3
1964,414,1,3
1964,415,1,3
1964,416,1,3
1964,417,1,3
1964,418,1,3
1964,419,1,3
1964,420,1,3
1964,421,1,3
1964,422,1,3
1964,423,1,3
1964,424,1,3
1964,425,1,3
1964,426,1,3
1964,427,1,3
1964,428,1,3
1964,429,1,3
1964,430,1,2
1964,431,1,2
1964,432,1,2
1964,433,1,2
1964,434,1,2
1964,435,1,2
1964,436,1,2
1964,437,1,2
1964,438,1,2
1964,439,1,2
1964,440,1,2
1964,441,1,2
1964,442,1,2
1964,443,1,2
1964,444,1,2
1964,445,1,2
1964,446,1,2
1964,447,1,2
1964,448,1,2
1964,449,1,2
1964,450,1,2
1964,451,1,2
1964,452,1,2
1964,453,1,2
1964,454,1,2
1964,455,1,2
1964,456,1,2
1964,457,1,2
1964,458,1,2
1964,459,1,2
1964,460,1,2
1964,461,1,2
1964,462,1,2
1964,463,1,2
1964,464,1,2
1964,465,1,2
1964,466,1,2
1964,467,1,2
1964,468,1,2
1964,469,1,3
1964,470,1,3
1964,471,1,3
1964,472,1,3
1964,473,1,3
1964,474,1,3
1964,475,1,3
1964,476,1,3
1964,477,1,3
1964,478,1,3
1964,479,1,3
1964,480,1,3
1964,481,1,3
1964,482,1,3
1964,483,1,3
1964,484,1,3
1964,485,1,3
1964,486,1,3
1964,487,1,3
1964,488,1,3
1964,489,1,3
1964,490,1,3
1964,491,1,3
1964,492,1,3
1964,493,1,3
1964,494,1,3
1964,495,1,3
1964,496,1,3
1964,497,1,3
1964,498,1,3
1964,499,1,3
1964,500,1,3
1964,501,1,3
1964,502,1,3
1964,503,1,3
1964,504,1,3
1964,505,1,3
1964,506,1,3
1964,507,1,3
1964,508,1,3
1964,509,1,3
1964,510,1,3
1964,511,1,3
1964,512,1,3
1964,513,1,3
1964,514,1,3
1964,515,1,3
1964,516,1,3
1964,517,1,2
1964,518,1,2
1964,519,1,2
1964,520,1,2
1964,521,1,2
1964,522,1,2
1964,523,1,2
1964,524,1,2
1964,525,1,2
1964,526,1,2
1964,527,1,2
1964,528,1,2
1964,529,1,2
1964,530,1,2
1964,531,1,2
1964,532,1,2
1964,533,1,2
1964,534,1,2
1964,535,1,2
1964,536,1,2
1964,537,1,2
1964,538,1,2
1964,539,1,2
1964,540,1,2
1964,541,1,2
1964,542,1,2
1964,543,1,2
1964,544,1,2
1964,545,1,2
1964,546,1,2
1964,547,1,2
1964,548,1,2
1964,549,1,2
1964,550,1,2
1964,551,1,2
1964,552,1,2
1964,553,1,2
1964,554,1,2
1964,555,1,2
1964,556,1,3
1964,557,1,3
1964,558,1,3
1964,559,1,3
1964,560,1,3
1964,561,1,3
1964,562,1,3
1964,563,1,3
1964,564,1,3
1964,565,1,3
1964,566,1,3
1964,567,1,3
1964,568,1,3
1964,569,1,3
1964,570,1,3
1964,571,1,3
1964,572,1,3
1964,573,1,3
1964,574,1,3
1964,575,1,3
1964,576,1,3
1964,577,1,3
1964,578,1,3
1964,579,1,3
1964,580,1,3
1964,581,1,3
1964,582,1,3
1964,583,1,3
1964,584,1,3
1964,585,1,3
1964,586,1,3
1964,587,1,3
1964,588,1,3
1964,589,1,3
1964,590,1,3
1964,591,1,3
1964,592,1,3
1964,593,1,3
1964,594,1,3
1964,595,1,3
1964,596,1,3
1964,597,1,3
1964,598,1,2
1964,599,1,2
1964,600,1,2
1964,601,1,2
1964,602,1,2
1964,603,1,2
1964,604,1,2
1964,605,1,2
1964,606,1,2
1964,607,1,2
1964,608,1,2
1964,609,1,2
1964,610,1,2
1964,611,1,2
1964,612,1,2
1964,613,1,2
1964,614,1,2
1964,615,1,2
1964,616,1,2
1964,617,1,2
1964,618,1,2
1964,619,1,2
1964,620,1,2
1964,621,1,2
1964,622,1,2
1964,623,1,2
1964,624,1,2
1964,625,1,2
1964,626,1,2
1964,627,1,2
1964,628,1,2
1964,629,1,2
1964,630,1,2
1965,118,1,3
1965,119,1,3
1965,120,1,3
1965,121,1,3
1965,122,1,3
1965,123,1,3
1965,124,1,3
1965,125,1,3
1965,126,1,3
1965,127,1,3
1965,128,1,3
1965,129,1,3
1965,130,1,3
1965,131,1,3
1965,132,1,3
1965,133,1,3
1965,134,1,3
1965,135,1,3
1965,136,1,3
1965,137,1,3
1965,138,1,3
1965,139,1,3
1965,140,1,3
1965,141,1,3
1965,142,1,3
1965,143,1,3
1965,144,1,3
1965,145,1,3
1965,146,1,3
1965,147,1,3
1965,148,1,3
1965,149,1,3
1965,150,1,3
1965,151,1,3
1965,152,1,3
1965,153,1,3
1965,154,1,3
1965,155,1,3
1965,156,1,3
1965,157,1,3
1965,158,1,3
1965,159,1,3
1965,160,1,3
1965,161,1,3
1965,162,1,3
1965,163,1,3
1965,164,1,3
1965,165,1,3
1965,166,1,3
1965,167,1,3
1965,168,1,3
1965,169,1,3
1965,170,1,3
1965,171,1,3
1965,172,1,3
1965,173,1,3
1965,174,1,3
1965,175,1,3
1965,176,1,3
1965,177,1,2
1965,178,1,2
1965,179,1,2
1965,180,1,2
1965,181,1,2
1965,182,1,2
1965,183,1,2
1965,184,1,2
1965,185,1,2
1965,186,1,2
1965,187,1,2
1965,188,1,2
1965,189,1,2
1965,190,1,2
1965,191,1,2
1965,192,1,2
1965,193,1,2
1965,194,1,2
1965,195,1,2
1965,196,1,2
1965,197,1,2
1965,198,1,2
1965,199,1,2
1965,200,1,2
1965,201,1,2
1965,202,1,2
1965,203,1,2
1965,204,1,2
1965,205,1,2
1965,206,1,2
1965,207,1,2
1965,208,1,2
1965,209,1,2
1965,210,1,2
1965,211,1,2
1965,212,1,2
1965,213,1,2
1965,214,1,2
1965,215,1,2
1965,216,1,2
1965,217,1,2
1965,218,1,2
1965,219,1,2
1965,220,1,2
1965,221,1,2
1965,222,1,2
1965,223,1,2
1965,224,1,2
1965,225,1,2
1965,226,1,2
1965,227,1,2
1965,228,1,2
1965,229,1,2
1965,230,1,2
1965,231,1,2
1965,232,1,2
1965,233,1,2
1965,234,1,2
1965,235,1,2
1965,236,1,2
1965,237,1,2
1965,238,1,2
1965,239,1,2
1965,240,1,2
1965,241,1,2
1965,242,1,2
1965,243,1,2
1965,244,1,2
1965,245,1,2
1965,246,1,2
1965,247,1,2
1965,248,1,2
1965,249,1,2
1965,250,1,2
1965,251,1,2
1965,252,1,2
1965,253,1,2
1965,254,1,2
1965,255,1,2
1965,256,1,2
1965,257,1,2
1965,258,1,2
1965,259,1,2
1965,260,1,2
1965,261,1,2
1965,262,1,2
1965,263,1,2
1965,264,1,2
1965,265,1,2
1965,266,1,2
1965,267,1,2
1965,268,1,2
1965,269,1,2
1965,270,1,2
1965,271,1,2
1965,272,1,2
1965,273,1,2
1965,274,1,2
1965,275,1,2
1965,276,1,2
1965,277,1,2
1965,278,1,2
1965,279,1,2
1965,280,1,2
1965,281,1,2
1965,282,1,2
1965,283,1,2
1965,284,1,2
1965,285,1,2
1965,286,1,2
1965,287,1,2
1965,288,1,2
1965,289,1,2
1965,290,1,2
1965,291,1,2
1965,292,1,2
1965,293,1,2
1965,294,1,2
1965,295,1,2
1965,296,1,2
1965,297,1,2
1965,298,1,2
1965,299,1,2
1965,300,1,2
1965,301,1,2
1965,302,1,2
1965,303,1,2
1965,304,1,2
1965,305,1,2
1965,306,1,2
1965,307,1,2
1965,308,1,2
1965,309,1,2
1965,310,1,2
1965,311,1,2
1965,312,1,2
1965,313,1,2
1965,314,1,2
1965,315,1,2
1965,316,1,2
1965,317,1,2
1965,318,1,2
1965,319,1,2
1965,320,1,2
1965,321,1,2
1965,322,1,2
1965,323,1,2
1965,324,1,2
1965,325,1,2
1965,326,1,2
1965,327,1,2
1965,328,1,2
1965,329,1,2
1965,330,1,2
1965,331,1,2
1965,332,1,2
1965,333,1,2
1965,334,1,2
1965,335,1,2
1965,336,1,2
1965,337,1,2
1965,338,1,2
1965,339,1,2
1965,340,1,3
1965,341,1,3
1965,342,1,3
1965,343,1,3
1965,344,1,3
1965,345,1,3
1965,346,1,3
1965,347,1,3
1965,348,1,3
1965,349,1,3
1965,350,1,3
1965,351,1,3
1965,352,1,3
1965,353,1,3
1965,354,1,3
1965,355,1,3
1965,356,1,3
1965,357,1,3
1965,358,1,3
1965,359,1,3
1965,360,1,3
1965,361,1,3
1965,362,1,3
1965,363,1,3
1965,364,1,3
1965,365,1,3
1965,366,1,3
1965,367,1,3
1965,368,1,3
1965,369,1,3
1965,370,1,3
1965,371,1,3
1965,372,1,3
1965,373,1,3
1965,374,1,3
1965,375,1,3
1965,376,1,3
1965,377,1,3
1965,378,1,3
1965,379,1,3
1965,380,1,3
1965,381,1,3
1965,382,1,3
1965,383,1,3
1965,384,1,3
1965,385,1,3
1965,386,1,3
1965,387,1,3
1965,388,1,3
1965,389,1,3
1965,390,1,3
1965,391,1,3
1965,392,1,3
1965,393,1,3
1965,394,1,3
1965,395,1,3
1965,396,1,3
1965,397,1,3
1965,398,1,3
1965,399,1,3
1965,400,1,3
1965,401,1,3
1965,402,1,3
1965,403,1,3
1965,404,1,3
1965,405,1,3
1965,406,1,3
1965,407,1,3
1965,408,1,3
1965,409,1,3
1965,410,1,3
1965,411,1,3
1965,412,1,3
1965,413,1,3
1965,414,1,3
1965,415,1,3
1965,416,1,3
1965,417,1,3
1965,418,1,3
1965,419,1,3
1965,420,1,3
1965,421,1,3
1965,422,1,3
1965,423,1,3
1965,424,1,3
1965,425,1,3
1965,426,1,3
1965,427,1,3
1965,428,1,3
1965,429,1,3
1965,430,1,2
1965,431,1,2
1965,432,1,2
1965,433,1,2
1965,434,1,2
1965,435,1,2
1965,436,1,2
1965,437,1,2
1965,438,1,2
1965,439,1,2
1965,440,1,2
1965,441,1,2
1965,442,1,2
1965,443,1,2
1965,444,1,2
1965,445,1,2
1965,446,1,2
1965,447,1,2
1965,448,1,2
1965,449,1,2
1965,450,1,2
1965,451,1,2
1965,452,1,2
1965,453,1,2
1965,454,1,2
1965,455,1,2
1965,456,1,2
1965,457,1,2
1965,458,1,2
1965,459,1,2
1965,460,1,2
1965,461,1,2
1965,462,1,2
1965,463,1,2
1965,464,1,2
1965,465,1,2
1965,466,1,2
1965,467,1,3
1965,468,1,3
1965,469,1,3
1965,470,1,3
1965,471,1,3
1965,472,1,3
1965,473,1,3
1965,474,1,3
1965,475,1,3
1965,476,1,3
1965,477,1,3
1965,478,1,3
1965,479,1,3
1965,480,1,3
1965,481,1,3
1965,482,1,3
1965,483,1,3
1965,484,1,3
1965,485,1,3
1965,486,1,3
1965,487,1,3
1965,488,1,3
1965,489,1,3
1965,490,1,3
1965,491,1,3
1965,492,1,3
1965,493,1,3
1965,494,1,3
1965,495,1,3
1965,496,1,3
1965,497,1,3
1965,498,1,3
1965,499,1,3
1965,500,1,3
1965,501,1,3
1965,502,1,3
1965,503,1,3
1965,504,1,3
1965,505,1,3
1965,506,1,3
1965,507,1,3
1965,508,1,3
1965,509,1,3
1965,510,1,3
1965,511,1,3
1965,512,1,3
1965,513,1,3
1965,514,1,3
1965,515,1,3
1965,516,1,3
1965,517,1,2
1965,518,1,2
1965,519,1,2
1965,520,1,2
1965,521,1,2
1965,522,1,2
1965,523,1,2
1965,524,1,2
1965,525,1,2
1965,526,1,2
1965,527,1,2
1965,528,1,2
1965,529,1,2
1965,530,1,2
1965,531,1,2
1965,532,1,2
1965,533,1,2
1965,534,1,2
1965,535,1,2
1965,536,1,2
1965,537,1,2
1965,538,1,2
1965,539,1,2
1965,540,1,2
1965,541,1,2
1965,542,1,2
1965,543,1,2
1965,544,1,2
1965,545,1,2
1965,546,1,2
1965,547,1,2
1965,548,1,2
1965,549,1,2
1965,550,1,2
1965,551,1,2
1965,552,1,2
1965,553,1,2
1965,554,1,2
1965,555,1,2
1965,556,1,3
1965,557,1,3
1965,558,1,3
1965,559,1,3
1965,560,1,3
1965,561,1,3
1965,562,1,3
1965,563,1,3
1965,564,1,3
1965,565,1,3
1965,566,1,3
1965,567,1,3
1965,568,1,3
1965,569,1,3
1965,570,1,3
1965,571,1,3
1965,572,1,3
1965,573,1,3
1965,574,1,3
1965,575,1,3
1965,576,1,3
1965,577,1,3
1965,578,1,3
1965,579,1,3
1965,580,1,3
1965,581,1,3
1965,582,1,3
1965,583,1,3
1965,584,1,3
1965,585,1,3
1965,586,1,3
1965,587,1,3
1965,588,1,3
1965,589,1,3
1965,590,1,3
1965,591,1,3
1965,592,1,3
1965,593,1,3
1965,594,1,3
1965,595,1,3
1965,596,1,3
1965,597,1,3
1965,598,1,2
1965,599,1,2
1965,600,1,2
1965,601,1,2
1965,602,1,2
1965,603,1,2
1965,604,1,2
1965,605,1,2
1965,606,1,2
1965,607,1,2
1965,608,1,2
1965,609,1,2
1965,610,1,2
1965,611,1,2
1965,612,1,2
1965,613,1,2
1965,614,1,2
1965,615,1,2
1965,616,1,2
1965,617,1,2
1965,618,1,2
1965,619,1,2
1965,620,1,2
1965,621,1,2
1965,622,1,2
1965,623,1,2
1965,624,1,2
1965,625,1,2
1965,626,1,2
1965,627,1,2
1965,628,1,2
1965,629,1,2
1965,630,1,2
1966,119,1,3
1966,120,1,3
1966,121,1,3
1966,122,1,3
1966,123,1,3
1966,124,1,3
1966,125,1,3
1966,126,1,3
1966,127,1,3
1966,128,1,3
1966,129,1,3
1966,130,1,3
1966,131,1,3
1966,132,1,3
1966,133,1,3
1966,134,1,3
1966,135,1,3
1966,136,1,3
1966,137,1,3
1966,138,1,3
1966,139,1,3
1966,140,1,3
1966,141,1,3
1966,142,1,3
1966,143,1,3
1966,144,1,3
1966,145,1,3
1966,146,1,3
1966,147,1,3
1966,148,1,3
1966,149,1,3
1966,150,1,3
1966,151,1,3
1966,152,1,3
1966,153,1,3
1966,154,1,3
1966,155,1,3
1966,156,1,3
1966,157,1,3
1966,158,1,3
1966,159,1,3
1966,160,1,3
1966,161,1,3
1966,162,1,3
1966,163,1,3
1966,164,1,3
1966,165,1,3
1966,166,1,3
1966,167,1,3
1966,168,1,3
1966,169,1,3
1966,170,1,3
1966,171,1,3
1966,172,1,3
1966,173,1,3
1966,174,1,3
1966,175,1,3
1966,176,1,3
1966,177,1,2
1966,178,1,2
1966,179,1,2
1966,180,1,2
1966,181,1,2
1966,182,1,2
1966,183,1,2
1966,184,1,2
1966,185,1,2
1966,186,1,2
1966,187,1,2
1966,188,1,2
1966,189,1,2
1966,190,1,2
1966,191,1,2
1966,192,1,2
1966,193,1,2
1966,194,1,2
1966,195,1,2
1966,196,1,2
1966,197,1,2
1966,198,1,2
1966,199,1,2
1966,200,1,2
1966,201,1,2
1966,202,1,2
1966,203,1,2
1966,204,1,2
1966,205,1,2
1966,206,1,2
1966,207,1,2
1966,208,1,2
1966,209,1,2
1966,210,1,2
1966,211,1,2
1966,212,1,2
1966,213,1,2
1966,214,1,2
1966,215,1,2
1966,216,1,2
1966,217,1,2
1966,218,1,2
1966,219,1,2
1966,220,1,2
1966,221,1,2
1966,222,1,2
1966,223,1,2
1966,224,1,2
1966,225,1,2
1966,226,1,2
1966,227,1,2
1966,228,1,2
1966,229,1,2
1966,230,1,2
1966,231,1,2
1966,232,1,2
1966,233,1,2
1966,234,1,2
1966,235,1,2
1966,236,1,2
1966,237,1,2
1966,238,1,2
1966,239,1,2
1966,240,1,2
1966,241,1,2
1966,242,1,2
1966,243,1,2
1966,244,1,2
1966,245,1,2
1966,246,1,2
1966,247,1,2
1966,248,1,2
1966,249,1,2
1966,250,1,2
1966,251,1,2
1966,252,1,2
1966,253,1,2
1966,254,1,2
1966,255,1,2
1966,256,1,2
1966,257,1,2
1966,258,1,2
1966,259,1,2
1966,260,1,2
1966,261,1,2
1966,262,1,2
1966,263,1,2
1966,264,1,2
1966,265,1,2
1966,266,1,2
1966,267,1,2
1966,268,1,2
1966,269,1,2
1966,270,1,2
1966,271,1,2
1966,272,1,2
1966,273,1,2
1966,274,1,2
1966,275,1,2
1966,276,1,2
1966,277,1,2
1966,278,1,2
1966,279,1,2
1966,280,1,2
1966,281,1,2
1966,282,1,2
1966,283,1,2
1966,284,1,2
1966,285,1,2
1966,286,1,2
1966,287,1,2
1966,288,1,2
1966,289,1,2
1966,290,1,2
1966,291,1,2
1966,292,1,2
1966,293,1,2
1966,294,1,2
1966,295,1,2
1966,296,1,2
1966,297,1,2
1966,298,1,2
1966,299,1,2
1966,300,1,2
1966,301,1,2
1966,302,1,2
1966,303,1,2
1966,304,1,2
1966,305,1,2
1966,306,1,2
1966,307,1,2
1966,308,1,2
1966,309,1,2
1966,310,1,2
1966,311,1,2
1966,312,1,2
1966,313,1,2
1966,314,1,2
1966,315,1,2
1966,316,1,2
1966,317,1,2
1966,318,1,2
1966,319,1,2
1966,320,1,2
1966,321,1,2
1966,322,1,2
1966,323,1,2
1966,324,1,2
1966,325,1,2
1966,326,1,2
1966,327,1,2
1966,328,1,2
1966,329,1,2
1966,330,1,2
1966,331,1,2
1966,332,1,2
1966,333,1,2
1966,334,1,2
1966,335,1,2
1966,336,1,2
1966,337,1,2
1966,338,1,2
1966,339,1,2
1966,340,1,2
1966,341,1,3
1966,342,1,3
1966,343,1,3
1966,344,1,3
1966,345,1,3
1966,346,1,3
1966,347,1,3
1966,348,1,3
1966,349,1,3
1966,350,1,3
1966,351,1,3
1966,352,1,3
1966,353,1,3
1966,354,1,3
1966,355,1,3
1966,356,1,3
1966,357,1,3
1966,358,1,3
1966,359,1,3
1966,360,1,3
1966,361,1,3
1966,362,1,3
1966,363,1,3
1966,364,1,3
1966,365,1,3
1966,366,1,3
1966,367,1,3
1966,368,1,3
1966,369,1,3
1966,370,1,3
1966,371,1,3
1966,372,1,3
1966,373,1,3
1966,374,1,3
1966,375,1,3
1966,376,1,3
1966,377,1,3
1966,378,1,3
1966,379,1,3
1966,380,1,3
1966,381,1,3
1966,382,1,3
1966,383,1,3
1966,384,1,3
1966,385,1,3
1966,386,1,3
1966,387,1,3
1966,388,1,3
1966,389,1,3
1966,390,1,3
1966,391,1,3
1966,392,1,3
1966,393,1,3
1966,394,1,3
1966,395,1,3
1966,396,1,3
1966,397,1,3
1966,398,1,3
1966,399,1,3
1966,400,1,3
1966,401,1,3
1966,402,1,3
1966,403,1,3
1966,404,1,3
1966,405,1,3
1966,406,1,3
1966,407,1,3
1966,408,1,3
1966,409,1,3
1966,410,1,3
1966,411,1,3
1966,412,1,3
1966,413,1,3
1966,414,1,3
1966,415,1,3
1966,416,1,3
1966,417,1,3
1966,418,1,3
1966,419,1,3
1966,420,1,3
1966,421,1,3
1966,422,1,3
1966,423,1,3
1966,424,1,3
1966,425,1,3
1966,426,1,3
1966,427,1,3
1966,428,1,3
1966,429,1,3
1966,430,1,2
1966,431,1,2
1966,432,1,2
1966,433,1,2
1966,434,1,2
1966,435,1,2
1966,436,1,2
1966,437,1,2
1966,438,1,2
1966,439,1,2
1966,440,1,2
1966,441,1,2
1966,442,1,2
1966,443,1,2
1966,444,1,2
1966,445,1,2
1966,446,1,2
1966,447,1,2
1966,448,1,2
1966,449,1,2
1966,450,1,2
1966,451,1,2
1966,452,1,2
1966,453,1,2
1966,454,1,2
1966,455,1,2
1966,456,1,2
1966,457,1,2
1966,458,1,2
1966,459,1,2
1966,460,1,2
1966,461,1,2
1966,462,1,2
1966,463,1,2
1966,464,1,2
1966,465,1,2
1966,466,1,3
1966,467,1,3
1966,468,1,3
1966,469,1,3
1966,470,1,3
1966,471,1,3
1966,472,1,3
1966,473,1,3
1966,474,1,3
1966,475,1,3
1966,476,1,3
1966,477,1,3
1966,478,1,3
1966,479,1,3
1966,480,1,3
1966,481,1,3
1966,482,1,3
1966,483,1,3
1966,484,1,3
1966,485,1,3
1966,486,1,3
1966,487,1,3
1966,488,1,3
1966,489,1,3
1966,490,1,3
1966,491,1,3
1966,492,1,3
1966,493,1,3
1966,494,1,3
1966,495,1,3
1966,496,1,3
1966,497,1,3
1966,498,1,3
1966,499,1,3
1966,500,1,3
1966,501,1,3
1966,502,1,3
1966,503,1,3
1966,504,1,3
1966,505,1,3
1966,506,1,3
1966,507,1,3
1966,508,1,3
1966,509,1,3
1966,510,1,3
1966,511,1,3
1966,512,1,3
1966,513,1,3
1966,514,1,3
1966,515,1,3
1966,516,1,2
1966,517,1,2
1966,518,1,2
1966,519,1,2
1966,520,1,2
1966,521,1,2
1966,522,1,2
1966,523,1,2
1966,524,1,2
1966,525,1,2
1966,526,1,2
1966,527,1,2
1966,528,1,2
1966,529,1,2
1966,530,1,2
1966,531,1,2
1966,532,1,2
1966,533,1,2
1966,534,1,2
1966,535,1,2
1966,536,1,2
1966,537,1,2
1966,538,1,2
1966,539,1,2
1966,540,1,2
1966,541,1,2
1966,542,1,2
1966,543,1,2
1966,544,1,2
1966,545,1,2
1966,546,1,2
1966,547,1,2
1966,548,1,2
1966,549,1,2
1966,550,1,2
1966,551,1,2
1966,552,1,2
1966,553,1,2
1966,554,1,2
1966,555,1,2
1966,556,1,3
1966,557,1,3
1966,558,1,3
1966,559,1,3
1966,560,1,3
1966,561,1,3
1966,562,1,3
1966,563,1,3
1966,564,1,3
1966,565,1,3
1966,566,1,3
1966,567,1,3
1966,568,1,3
1966,569,1,3
1966,570,1,3
1966,571,1,3
1966,572,1,3
1966,573,1,3
1966,574,1,3
1966,575,1,3
1966,576,1,3
1966,577,1,3
1966,578,1,3
1966,579,1,3
1966,580,1,3
1966,581,1,3
1966,582,1,3
1966,583,1,3
1966,584,1,3
1966,585,1,3
1966,586,1,3
1966,587,1,3
1966,588,1,3
1966,589,1,3
1966,590,1,3
1966,591,1,3
1966,592,1,3
1966,593,1,3
1966,594,1,3
1966,595,1,3
1966,596,1,3
1966,597,1,3
1966,598,1,2
1966,599,1,2
1966,600,1,2
1966,601,1,2
1966,602,1,2
1966,603,1,2
1966,604,1,2
1966,605,1,2
1966,606,1,2
1966,607,1,2
1966,608,1,2
1966,609,1,2
1966,610,1,2
1966,611,1,2
1966,612,1,2
1966,613,1,2
1966,614,1,2
1966,615,1,2
1966,616,1,2
1966,617,1,2
1966,618,1,2
1966,619,1,2
1966,620,1,2
1966,621,1,2
1966,622,1,2
1966,623,1,2
1966,624,1,2
1966,625,1,2
1966,626,1,2
1966,627,1,2
1966,628,1,2
1966,629,1,2
1966,630,1,2
1967,119,1,3
1967,120,1,3
1967,121,1,3
1967,122,1,3
1967,123,1,3
1967,124,1,3
1967,125,1,3
1967,126,1,3
1967,127,1,3
1967,128,1,3
1967,129,1,3
1967,130,1,3
1967,131,1,3
1967,132,1,3
1967,133,1,3
1967,134,1,3
1967,135,1,3
1967,136,1,3
1967,137,1,3
1967,138,1,3
1967,139,1,3
1967,140,1,3
1967,141,1,3
1967,142,1,3
1967,143,1,3
1967,144,1,3
1967,145,1,3
1967,146,1,3
1967,147,1,3
1967,148,1,3
1967,149,1,3
1967,150,1,3
1967,151,1,3
1967,152,1,3
1967,153,1,3
1967,154,1,3
1967,155,1,3
1967,156,1,3
1967,157,1,3
1967,158,1,3
1967,159,1,3
1967,160,1,3
1967,161,1,3
1967,162,1,3
1967,163,1,3
1967,164,1,3
1967,165,1,3
1967,166,1,3
1967,167,1,3
1967,168,1,3
1967,169,1,3
1967,170,1,3
1967,171,1,3
1967,172,1,3
1967,173,1,3
1967,174,1,3
1967,175,1,3
1967,176,1,3
1967,177,1,2
1967,178,1,2
1967,179,1,2
1967,180,1,2
1967,181,1,2
1967,182,1,2
1967,183,1,2
1967,184,1,2
1967,185,1,2
1967,186,1,2
1967,187,1,2
1967,188,1,2
1967,189,1,2
1967,190,1,2
1967,191,1,2
1967,192,1,2
1967,193,1,2
1967,194,1,2
1967,195,1,2
1967,196,1,2
1967,197,1,2
1967,198,1,2
1967,199,1,2
1967,200,1,2
1967,201,1,2
1967,202,1,2
1967,203,1,2
1967,204,1,2
1967,205,1,2
1967,206,1,2
1967,207,1,2
1967,208,1,2
1967,209,1,2
1967,210,1,2
1967,211,1,2
1967,212,1,2
1967,213,1,2
1967,214,1,2
1967,215,1,2
1967,216,1,2
1967,217,1,2
1967,218,1,2
1967,219,1,2
1967,220,1,2
1967,221,1,2
1967,222,1,2
1967,223,1,2
1967,224,1,2
1967,225,1,2
1967,226,1,2
1967,227,1,2
1967,228,1,2
1967,229,1,2
1967,230,1,2
1967,231,1,2
1967,232,1,2
1967,233,1,2
1967,234,1,2
1967,235,1,2
1967,236,1,2
1967,237,1,2
1967,238,1,2
1967,239,1,2
1967,240,1,2
1967,241,1,2
1967,242,1,2
1967,243,1,2
1967,244,1,2
1967,245,1,2
1967,246,1,2
1967,247,1,2
1967,248,1,2
1967,249,1,2
1967,250,1,2
1967,251,1,2
1967,252,1,2
1967,253,1,2
1967,254,1,2
1967,255,1,2
1967,256,1,2
1967,257,1,2
1967,258,1,2
1967,259,1,2
1967,260,1,2
1967,261,1,2
1967,262,1,2
1967,263,1,2
1967,264,1,2
1967,265,1,2
1967,266,1,2
1967,267,1,2
1967,268,1,2
1967,269,1,2
1967,270,1,2
1967,271,1,2
1967,272,1,2
1967,273,1,2
1967,274,1,2
1967,275,1,2
1967,276,1,2
1967,277,1,2
1967,278,1,2
1967,279,1,2
1967,280,1,2
1967,281,1,2
1967,282,1,2
1967,283,1,2
1967,284,1,2
1967,285,1,2
1967,286,1,2
1967,287,1,2
1967,288,1,2
1967,289,1,2
1967,290,1,2
1967,291,1,2
1967,292,1,2
1967,293,1,2
1967,294,1,2
1967,295,1,2
1967,296,1,2
1967,297,1,2
1967,298,1,2
1967,299,1,2
1967,300,1,2
1967,301,1,2
1967,302,1,2
1967,303,1,2
1967,304,1,2
1967,305,1,2
1967,306,1,2
1967,307,1,2
1967,308,1,2
1967,309,1,2
1967,310,1,2
1967,311,1,2
1967,312,1,2
1967,313,1,2
1967,314,1,2
1967,315,1,2
1967,316,1,2
1967,317,1,2
1967,318,1,2
1967,319,1,2
1967,320,1,2
1967,321,1,2
1967,322,1,2
1967,323,1,2
1967,324,1,2
1967,325,1,2
1967,326,1,2
1967,327,1,2
1967,328,1,2
1967,329,1,2
1967,330,1,2
1967,331,1,2
1967,332,1,2
1967,333,1,2
1967,334,1,2
1967,335,1,2
1967,336,1,2
1967,337,1,2
1967,338,1,2
1967,339,1,2
1967,340,1,2
1967,341,1,3
1967,342,1,3
1967,343,1,3
1967,344,1,3
1967,345,1,3
1967,346,1,3
1967,347,1,3
1967,348,1,3
1967,349,1,3
1967,350,1,3
1967,351,1,3
1967,352,1,3
1967,353,1,3
1967,354,1,3
1967,355,1,3
1967,356,1,3
1967,357,1,3
1967,358,1,3
1967,359,1,3
1967,360,1,3
1967,361,1,3
1967,362,1,3
1967,363,1,3
1967,364,1,3
1967,365,1,3
1967,366,1,3
1967,367,1,3
1967,368,1,3
1967,369,1,3
1967,370,1,3
1967,371,1,3
1967,372,1,3
1967,373,1,3
1967,374,1,3
1967,375,1,3
1967,376,1,3
1967,377,1,3
1967,378,1,3
1967,379,1,3
1967,380,1,3
1967,381,1,3
1967,382,1,3
1967,383,1,3
1967,384,1,3
1967,385,1,3
1967,386,1,3
1967,387,1,3
1967,388,1,3
1967,389,1,3
1967,390,1,3
1967,391,1,3
1967,392,1,3
1967,393,1,3
1967,394,1,3
1967,395,1,3
1967,396,1,3
1967,397,1,3
1967,398,1,3
1967,399,1,3
1967,400,1,3
1967,401,1,3
1967,402,1,3
1967,403,1,3
1967,404,1,3
1967,405,1,3
1967,406,1,3
1967,407,1,3
1967,408,1,3
1967,409,1,3
1967,410,1,3
1967,411,1,3
1967,412,1,3
1967,413,1,3
1967,414,1,3
1967,415,1,3
1967,416,1,3
1967,417,1,3
1967,418,1,3
1967,419,1,3
1967,420,1,3
1967,421,1,3
1967,422,1,3
1967,423,1,3
1967,424,1,3
1967,425,1,3
1967,426,1,3
1967,427,1,3
1967,428,1,3
1967,429,1,3
1967,430,1,2
1967,431,1,2
1967,432,1,2
1967,433,1,2
1967,434,1,2
1967,435,1,2
1967,436,1,2
1967,437,1,2
1967,438,1,2
1967,439,1,2
1967,440,1,2
1967,441,1,2
1967,442,1,2
1967,443,1,2
1967,444,1,2
1967,445,1,2
1967,446,1,2
1967,447,1,2
1967,448,1,2
1967,449,1,2
1967,450,1,2
1967,451,1,2
1967,452,1,2
1967,453,1,2
1967,454,1,2
1967,455,1,2
1967,456,1,2
1967,457,1,2
1967,458,1,2
1967,459,1,2
1967,460,1,2
1967,461,1,2
1967,462,1,2
1967,463,1,2
1967,464,1,2
1967,465,1,3
1967,466,1,3
1967,467,1,3
1967,468,1,3
1967,469,1,3
1967,470,1,3
1967,471,1,3
1967,472,1,3
1967,473,1,3
1967,474,1,3
1967,475,1,3
1967,476,1,3
1967,477,1,3
1967,478,1,3
1967,479,1,3
1967,480,1,3
1967,481,1,3
1967,482,1,3
1967,483,1,3
1967,484,1,3
1967,485,1,3
1967,486,1,3
1967,487,1,3
1967,488,1,3
1967,489,1,3
1967,490,1,3
1967,491,1,3
1967,492,1,3
1967,493,1,3
1967,494,1,3
1967,495,1,3
1967,496,1,3
1967,497,1,3
1967,498,1,3
1967,499,1,3
1967,500,1,3
1967,501,1,3
1967,502,1,3
1967,503,1,3
1967,504,1,3
1967,505,1,3
1967,506,1,3
1967,507,1,3
1967,508,1,3
1967,509,1,3
1967,510,1,3
1967,511,1,3
1967,512,1,3
1967,513,1,3
1967,514,1,3
1967,515,1,3
1967,516,1,2
1967,517,1,2
1967,518,1,2
1967,519,1,2
1967,520,1,2
1967,521,1,2
1967,522,1,2
1967,523,1,2
1967,524,1,2
1967,525,1,2
1967,526,1,2
1967,527,1,2
1967,528,1,2
1967,529,1,2
1967,530,1,2
1967,531,1,2
1967,532,1,2
1967,533,1,2
1967,534,1,2
1967,535,1,2
1967,536,1,2
1967,537,1,2
1967,538,1,2
1967,539,1,2
1967,540,1,2
1967,541,1,2
1967,542,1,2
1967,543,1,2
1967,544,1,2
1967,545,1,2
1967,546,1,2
1967,547,1,2
1967,548,1,2
1967,549,1,2
1967,550,1,2
1967,551,1,2
1967,552,1,2
1967,553,1,2
1967,554,1,2
1967,555,1,2
1967,556,1,3
1967,557,1,3
1967,558,1,3
1967,559,1,3
1967,560,1,3
1967,561,1,3
1967,562,1,3
1967,563,1,3
1967,564,1,3
1967,565,1,3
1967,566,1,3
1967,567,1,3
1967,568,1,3
1967,569,1,3
1967,570,1,3
1967,571,1,3
1967,572,1,3
1967,573,1,3
1967,574,1,3
1967,575,1,3
1967,576,1,3
1967,577,1,3
1967,578,1,3
1967,579,1,3
1967,580,1,3
1967,581,1,3
1967,582,1,3
1967,583,1,3
1967,584,1,3
1967,585,1,3
1967,586,1,3
1967,587,1,3
1967,588,1,3
1967,589,1,3
1967,590,1,3
1967,591,1,3
1967,592,1,3
1967,593,1,3
1967,594,1,3
1967,595,1,3
1967,596,1,3
1967,597,1,3
1967,598,1,2
1967,599,1,2
1967,600,1,2
1967,601,1,2
1967,602,1,2
1967,603,1,2
1967,604,1,2
1967,605,1,2
1967,606,1,2
1967,607,1,2
1967,608,1,2
1967,609,1,2
1967,610,1,2
1967,611,1,2
1967,612,1,2
1967,613,1,2
1967,614,1,2
1967,615,1,2
1967,616,1,2
1967,617,1,2
1967,618,1,2
1967,619,1,2
1967,620,1,2
1967,621,1,2
1967,622,1,2
1967,623,1,2
1967,624,1,2
1967,625,1,2
1967,626,1,2
1967,627,1,2
1967,628,1,2
1967,629,1,2
1967,630,1,2
1968,120,1,3
1968,121,1,3
1968,122,1,3
1968,123,1,3
1968,124,1,3
1968,125,1,3
1968,126,1,3
1968,127,1,3
1968,128,1,3
1968,129,1,3
1968,130,1,3
1968,131,1,3
1968,132,1,3
1968,133,1,3
1968,134,1,3
1968,135,1,3
1968,136,1,3
1968,137,1,3
1968,138,1,3
1968,139,1,3
1968,140,1,3
1968,141,1,3
1968,142,1,3
1968,143,1,3
1968,144,1,3
1968,145,1,3
1968,146,1,3
1968,147,1,3
1968,148,1,3
1968,149,1,3
1968,150,1,3
1968,151,1,3
1968,152,1,3
1968,153,1,3
1968,154,1,3
1968,155,1,3
1968,156,1,3
1968,157,1,3
1968,158,1,3
1968,159,1,3
1968,160,1,3
1968,161,1,3
1968,162,1,3
1968,163,1,3
1968,164,1,3
1968,165,1,3
1968,166,1,3
1968,167,1,3
1968,168,1,3
1968,169,1,3
1968,170,1,3
1968,171,1,3
1968,172,1,3
1968,173,1,3
1968,174,1,3
1968,175,1,3
1968,176,1,3
1968,177,1,2
1968,178,1,2
1968,179,1,2
1968,180,1,2
1968,181,1,2
1968,182,1,2
1968,183,1,2
1968,184,1,2
1968,185,1,2
1968,186,1,2
1968,187,1,2
1968,188,1,2
1968,189,1,2
1968,190,1,2
1968,191,1,2
1968,192,1,2
1968,193,1,2
1968,194,1,2
1968,195,1,2
1968,196,1,2
1968,197,1,2
1968,198,1,2
1968,199,1,2
1968,200,1,2
1968,201,1,2
1968,202,1,2
1968,203,1,2
1968,204,1,2
1968,205,1,2
1968,206,1,2
1968,207,1,2
1968,208,1,2
1968,209,1,2
1968,210,1,2
1968,211,1,2
1968,212,1,2
1968,213,1,2
1968,214,1,2
1968,215,1,2
1968,216,1,2
1968,217,1,2
1968,218,1,2
1968,219,1,2
1968,220,1,2
1968,221,1,2
1968,222,1,2
1968,223,1,2
1968,224,1,2
1968,225,1,2
1968,226,1,2
1968,227,1,2
1968,228,1,2
1968,229,1,2
1968,230,1,2
1968,231,1,2
1968,232,1,2
1968,233,1,2
1968,234,1,2
1968,235,1,2
1968,236,1,2
1968,237,1,2
1968,238,1,2
1968,239,1,2
1968,240,1,2
1968,241,1,2
1968,242,1,2
1968,243,1,2
1968,244,1,2
1968,245,1,2
1968,246,1,2
1968,247,1,2
1968,248,1,2
1968,249,1,2
1968,250,1,2
1968,251,1,2
1968,252,1,2
1968,253,1,2
1968,254,1,2
1968,255,1,2
1968,256,1,2
1968,257,1,2
1968,258,1,2
1968,259,1,2
1968,260,1,2
1968,261,1,2
1968,262,1,2
1968,263,1,2
1968,264,1,2
1968,265,1,2
1968,266,1,2
1968,267,1,2
1968,268,1,2
1968,269,1,2
1968,270,1,2
1968,271,1,2
1968,272,1,2
1968,273,1,2
1968,274,1,2
1968,275,1,2
1968,276,1,2
1968,277,1,2
1968,278,1,2
1968,279,1,2
1968,280,1,2
1968,281,1,2
1968,282,1,2
1968,283,1,2
1968,284,1,2
1968,285,1,2
1968,286,1,2
1968,287,1,2
1968,288,1,2
1968,289,1,2
1968,290,1,2
1968,291,1,2
1968,292,1,2
1968,293,1,2
1968,294,1,2
1968,295,1,2
1968,296,1,2
1968,297,1,2
1968,298,1,2
1968,299,1,2
1968,300,1,2
1968,301,1,2
1968,302,1,2
1968,303,1,2
1968,304,1,2
1968,305,1,2
1968,306,1,2
1968,307,1,2
1968,308,1,2
1968,309,1,2
1968,310,1,2
1968,311,1,2
1968,312,1,2
1968,313,1,2
1968,314,1,2
1968,315,1,2
1968,316,1,2
1968,317,1,2
1968,318,1,2
1968,319,1,2
1968,320,1,2
1968,321,1,2
1968,322,1,2
1968,323,1,2
1968,324,1,2
1968,325,1,2
1968,326,1,2
1968,327,1,2
1968,328,1,2
1968,329,1,2
1968,330,1,2
1968,331,1,2
1968,332,1,2
1968,333,1,2
1968,334,1,2
1968,335,1,2
1968,336,1,2
1968,337,1,2
1968,338,1,2
1968,339,1,2
1968,340,1,2
1968,341,1,2
1968,342,1,3
1968,343,1,3
1968,344,1,3
1968,345,1,3
1968,346,1,3
1968,347,1,3
1968,348,1,3
1968,349,1,3
1968,350,1,3
1968,351,1,3
1968,352,1,3
1968,353,1,3
1968,354,1,3
1968,355,1,3
1968,356,1,3
1968,357,1,3
1968,358,1,3
1968,359,1,3
1968,360,1,3
1968,361,1,3
1968,362,1,3
1968,363,1,3
1968,364,1,3
1968,365,1,3
1968,366,1,3
1968,367,1,3
1968,368,1,3
1968,369,1,3
1968,370,1,3
1968,371,1,3
1968,372,1,3
1968,373,1,3
1968,374,1,3
1968,375,1,3
1968,376,1,3
1968,377,1,3
1968,378,1,3
1968,379,1,3
1968,380,1,3
1968,381,1,3
1968,382,1,3
1968,383,1,3
1968,384,1,3
1968,385,1,3
1968,386,1,3
1968,387,1,3
1968,388,1,3
1968,389,1,3
1968,390,1,3
1968,391,1,3
1968,392,1,3
1968,393,1,3
1968,394,1,3
1968,395,1,3
1968,396,1,3
1968,397,1,3
1968,398,1,3
1968,399,1,3
1968,400,1,3
1968,401,1,3
1968,402,1,3
1968,403,1,3
1968,404,1,3
1968,405,1,3
1968,406,1,3
1968,407,1,3
1968,408,1,3
1968,409,1,3
1968,410,1,3
1968,411,1,3
1968,412,1,3
1968,413,1,3
1968,414,1,3
1968,415,1,3
1968,416,1,3
1968,417,1,3
1968,418,1,3
1968,419,1,3
1968,420,1,3
1968,421,1,3
1968,422,1,3
1968,423,1,3
1968,424,1,3
1968,425,1,3
1968,426,1,3
1968,427,1,3
1968,428,1,3
1968,429,1,3
1968,430,1,2
1968,431,1,2
1968,432,1,2
1968,433,1,2
1968,434,1,2
1968,435,1,2
1968,436,1,2
1968,437,1,2
1968,438,1,2
1968,439,1,2
1968,440,1,2
1968,441,1,2
1968,442,1,2
1968,443,1,2
1968,444,1,2
1968,445,1,2
1968,446,1,2
1968,447,1,2
1968,448,1,2
1968,449,1,2
1968,450,1,2
1968,451,1,2
1968,452,1,2
1968,453,1,2
1968,454,1,2
1968,455,1,2
1968,456,1,2
1968,457,1,2
1968,458,1,2
1968,459,1,2
1968,460,1,2
1968,461,1,2
1968,462,1,2
1968,463,1,2
1968,464,1,2
1968,465,1,3
1968,466,1,3
1968,467,1,3
1968,468,1,3
1968,469,1,3
1968,470,1,3
1968,471,1,3
1968,472,1,3
1968,473,1,3
1968,474,1,3
1968,475,1,3
1968,476,1,3
1968,477,1,3
1968,478,1,3
1968,479,1,3
1968,480,1,3
1968,481,1,3
1968,482,1,3
1968,483,1,3
1968,484,1,3
1968,485,1,3
1968,486,1,3
1968,487,1,3
1968,488,1,3
1968,489,1,3
1968,490,1,3
1968,491,1,3
1968,492,1,3
1968,493,1,3
1968,494,1,3
1968,495,1,3
1968,496,1,3
1968,497,1,3
1968,498,1,3
1968,499,1,3
1968,500,1,3
1968,501,1,3
1968,502,1,3
1968,503,1,3
1968,504,1,3
1968,505,1,3
1968,506,1,3
1968,507,1,3
1968,508,1,3
1968,509,1,3
1968,510,1,3
1968,511,1,3
1968,512,1,3
1968,513,1,3
1968,514,1,3
1968,515,1,3
1968,516,1,2
1968,517,1,2
1968,518,1,2
1968,519,1,2
1968,520,1,2
1968,521,1,2
1968,522,1,2
1968,523,1,2
1968,524,1,2
1968,525,1,2
1968,526,1,2
1968,527,1,2
1968,528,1,2
1968,529,1,2
1968,530,1,2
1968,531,1,2
1968,532,1,2
1968,533,1,2
1968,534,1,2
1968,535,1,2
1968,536,1,2
1968,537,1,2
1968,538,1,2
1968,539,1,2
1968,540,1,2
1968,541,1,2
1968,542,1,2
1968,543,1,2
1968,544,1,2
1968,545,1,2
1968,546,1,2
1968,547,1,2
1968,548,1,2
1968,549,1,2
1968,550,1,2
1968,551,1,2
1968,552,1,2
1968,553,1,2
1968,554,1,2
1968,555,1,2
1968,556,1,3
1968,557,1,3
1968,558,1,3
1968,559,1,3
1968,560,1,3
1968,561,1,3
1968,562,1,3
1968,563,1,3
1968,564,1,3
1968,565,1,3
1968,566,1,3
1968,567,1,3
1968,568,1,3
1968,569,1,3
1968,570,1,3
1968,571,1,3
1968,572,1,3
1968,573,1,3
1968,574,1,3
1968,575,1,3
1968,576,1,3
1968,577,1,3
1968,578,1,3
1968,579,1,3
1968,580,1,3
1968,581,1,3
1968,582,1,3
1968,583,1,3
1968,584,1,3
1968,585,1,3
1968,586,1,3
1968,587,1,3
1968,588,1,3
1968,589,1,3
1968,590,1,3
1968,591,1,3
1968,592,1,3
1968,593,1,3
1968,594,1,3
1968,595,1,3
1968,596,1,3
1968,597,1,3
1968,598,1,2
1968,599,1,2
1968,600,1,2
1968,601,1,2
1968,602,1,2
1968,603,1,2
1968,604,1,2
1968,605,1,2
1968,606,1,2
1968,607,1,2
1968,608,1,2
1968,609,1,2
1968,610,1,2
1968,611,1,2
1968,612,1,2
1968,613,1,2
1968,614,1,2
1968,615,1,2
1968,616,1,2
1968,617,1,2
1968,618,1,2
1968,619,1,2
1968,620,1,2
1968,621,1,2
1968,622,1,2
1968,623,1,2
1968,624,1,2
1968,625,1,2
1968,626,1,2
1968,627,1,2
1968,628,1,2
1968,629,1,2
1968,630,1,2
1968,631,1,2
1968,632,1,2
1968,633,1,2
1968,634,1,2
1968,635,1,2
1968,636,1,2
1968,637,1,2
1968,639,1,2
1969,120,1,3
1969,121,1,3
1969,122,1,3
1969,123,1,3
1969,124,1,3
1969,125,1,3
1969,126,1,3
1969,127,1,3
1969,128,1,3
1969,129,1,3
1969,130,1,3
1969,131,1,3
1969,132,1,3
1969,133,1,3
1969,134,1,3
1969,135,1,3
1969,136,1,3
1969,137,1,3
1969,138,1,3
1969,139,1,3
1969,140,1,3
1969,141,1,3
1969,142,1,3
1969,143,1,3
1969,144,1,3
1969,145,1,3
1969,146,1,3
1969,147,1,3
1969,148,1,3
1969,149,1,3
1969,150,1,3
1969,151,1,3
1969,152,1,3
1969,153,1,3
1969,154,1,3
1969,155,1,3
1969,156,1,3
1969,157,1,3
1969,158,1,3
1969,159,1,3
1969,160,1,3
1969,161,1,3
1969,162,1,3
1969,163,1,3
1969,164,1,3
1969,165,1,3
1969,166,1,3
1969,167,1,3
1969,168,1,3
1969,169,1,3
1969,170,1,3
1969,171,1,3
1969,172,1,3
1969,173,1,3
1969,174,1,3
1969,175,1,3
1969,176,1,3
1969,177,1,2
1969,178,1,2
1969,179,1,2
1969,180,1,2
1969,181,1,2
1969,182,1,2
1969,183,1,2
1969,184,1,2
1969,185,1,2
1969,186,1,2
1969,187,1,2
1969,188,1,2
1969,189,1,2
1969,190,1,2
1969,191,1,2
1969,192,1,2
1969,193,1,2
1969,194,1,2
1969,195,1,2
1969,196,1,2
1969,197,1,2
1969,198,1,2
1969,199,1,2
1969,200,1,2
1969,201,1,2
1969,202,1,2
1969,203,1,2
1969,204,1,2
1969,205,1,2
1969,206,1,2
1969,207,1,2
1969,208,1,2
1969,209,1,2
1969,210,1,2
1969,211,1,2
1969,212,1,2
1969,213,1,2
1969,214,1,2
1969,215,1,2
1969,216,1,2
1969,217,1,2
1969,218,1,2
1969,219,1,2
1969,220,1,2
1969,221,1,2
1969,222,1,2
1969,223,1,2
1969,224,1,2
1969,225,1,2
1969,226,1,2
1969,227,1,2
1969,228,1,2
1969,229,1,2
1969,230,1,2
1969,231,1,2
1969,232,1,2
1969,233,1,2
1969,234,1,2
1969,235,1,2
1969,236,1,2
1969,237,1,2
1969,238,1,2
1969,239,1,2
1969,240,1,2
1969,241,1,2
1969,242,1,2
1969,243,1,2
1969,244,1,2
1969,245,1,2
1969,246,1,2
1969,247,1,2
1969,248,1,2
1969,249,1,2
1969,250,1,2
1969,251,1,2
1969,252,1,2
1969,253,1,2
1969,254,1,2
1969,255,1,2
1969,256,1,2
1969,257,1,2
1969,258,1,2
1969,259,1,2
1969,260,1,2
1969,261,1,2
1969,262,1,2
1969,263,1,2
1969,264,1,2
1969,265,1,2
1969,266,1,2
1969,267,1,2
1969,268,1,2
1969,269,1,2
1969,270,1,2
1969,271,1,2
1969,272,1,2
1969,273,1,2
1969,274,1,2
1969,275,1,2
1969,276,1,2
1969,277,1,2
1969,278,1,2
1969,279,1,2
1969,280,1,2
1969,281,1,2
1969,282,1,2
1969,283,1,2
1969,284,1,2
1969,285,1,2
1969,286,1,2
1969,287,1,2
1969,288,1,2
1969,289,1,2
1969,290,1,2
1969,291,1,2
1969,292,1,2
1969,293,1,2
1969,294,1,2
1969,295,1,2
1969,296,1,2
1969,297,1,2
1969,298,1,2
1969,299,1,2
1969,300,1,2
1969,301,1,2
1969,302,1,2
1969,303,1,2
1969,304,1,2
1969,305,1,2
1969,306,1,2
1969,307,1,2
1969,308,1,2
1969,309,1,2
1969,310,1,2
1969,311,1,2
1969,312,1,2
1969,313,1,2
1969,314,1,2
1969,315,1,2
1969,316,1,2
1969,317,1,2
1969,318,1,2
1969,319,1,2
1969,320,1,2
1969,321,1,2
1969,322,1,2
1969,323,1,2
1969,324,1,2
1969,325,1,2
1969,326,1,2
1969,327,1,2
1969,328,1,2
1969,329,1,2
1969,330,1,2
1969,331,1,2
1969,332,1,2
1969,333,1,2
1969,334,1,2
1969,335,1,2
1969,336,1,2
1969,337,1,2
1969,338,1,2
1969,339,1,2
1969,340,1,2
1969,341,1,2
1969,342,1,3
1969,343,1,3
1969,344,1,3
1969,345,1,3
1969,346,1,3
1969,347,1,3
1969,348,1,3
1969,349,1,3
1969,350,1,3
1969,351,1,3
1969,352,1,3
1969,353,1,3
1969,354,1,3
1969,355,1,3
1969,356,1,3
1969,357,1,3
1969,358,1,3
1969,359,1,3
1969,360,1,3
1969,361,1,3
1969,362,1,3
1969,363,1,3
1969,364,1,3
1969,365,1,3
1969,366,1,3
1969,367,1,3
1969,368,1,3
1969,369,1,3
1969,370,1,3
1969,371,1,3
1969,372,1,3
1969,373,1,3
1969,374,1,3
1969,375,1,3
1969,376,1,3
1969,377,1,3
1969,378,1,3
1969,379,1,3
1969,380,1,3
1969,381,1,3
1969,382,1,3
1969,383,1,3
1969,384,1,3
1969,385,1,3
1969,386,1,3
1969,387,1,3
1969,388,1,3
1969,389,1,3
1969,390,1,3
1969,391,1,3
1969,392,1,3
1969,393,1,3
1969,394,1,3
1969,395,1,3
1969,396,1,3
1969,397,1,3
1969,398,1,3
1969,399,1,3
1969,400,1,3
1969,401,1,3
1969,402,1,3
1969,403,1,3
1969,404,1,3
1969,405,1,3
1969,406,1,3
1969,407,1,3
1969,408,1,3
1969,409,1,3
1969,410,1,3
1969,411,1,3
1969,412,1,3
1969,413,1,3
1969,414,1,3
1969,415,1,3
1969,416,1,3
1969,417,1,3
1969,418,1,3
1969,419,1,3
1969,420,1,3
1969,421,1,3
1969,422,1,3
1969,423,1,3
1969,424,1,3
1969,425,1,3
1969,426,1,3
1969,427,1,3
1969,428,1,3
1969,429,1,2
1969,430,1,2
1969,431,1,2
1969,432,1,2
1969,433,1,2
1969,434,1,2
1969,435,1,2
1969,436,1,2
1969,437,1,2
1969,438,1,2
1969,439,1,2
1969,440,1,2
1969,441,1,2
1969,442,1,2
1969,443,1,2
1969,444,1,2
1969,445,1,2
1969,446,1,2
1969,447,1,2
1969,448,1,2
1969,449,1,2
1969,450,1,2
1969,451,1,2
1969,452,1,2
1969,453,1,2
1969,454,1,2
1969,455,1,2
1969,456,1,2
1969,457,1,2
1969,458,1,2
1969,459,1,2
1969,460,1,2
1969,461,1,2
1969,462,1,2
1969,463,1,3
1969,464,1,3
1969,465,1,3
1969,466,1,3
1969,467,1,3
1969,468,1,3
1969,469,1,3
1969,470,1,3
1969,471,1,3
1969,472,1,3
1969,473,1,3
1969,474,1,3
1969,475,1,3
1969,476,1,3
1969,477,1,3
1969,478,1,3
1969,479,1,3
1969,480,1,3
1969,481,1,3
1969,482,1,3
1969,483,1,3
1969,484,1,3
1969,485,1,3
1969,486,1,3
1969,487,1,3
1969,488,1,3
1969,489,1,3
1969,490,1,3
1969,491,1,3
1969,492,1,3
1969,493,1,3
1969,494,1,3
1969,495,1,3
1969,496,1,3
1969,497,1,3
1969,498,1,3
1969,499,1,3
1969,500,1,3
1969,501,1,3
1969,502,1,3
1969,503,1,3
1969,504,1,3
1969,505,1,3
1969,506,1,3
1969,507,1,3
1969,508,1,3
1969,509,1,3
1969,510,1,3
1969,511,1,3
1969,512,1,3
1969,513,1,3
1969,514,1,3
1969,515,1,3
1969,516,1,2
1969,517,1,2
1969,518,1,2
1969,519,1,2
1969,520,1,2
1969,521,1,2
1969,522,1,2
1969,523,1,2
1969,524,1,2
1969,525,1,2
1969,526,1,2
1969,527,1,2
1969,528,1,2
1969,529,1,2
1969,530,1,2
1969,531,1,2
1969,532,1,2
1969,533,1,2
1969,534,1,2
1969,535,1,2
1969,536,1,2
1969,537,1,2
1969,538,1,2
1969,539,1,2
1969,540,1,2
1969,541,1,2
1969,542,1,2
1969,543,1,2
1969,544,1,2
1969,545,1,2
1969,546,1,2
1969,547,1,2
1969,548,1,2
1969,549,1,2
1969,550,1,2
1969,551,1,2
1969,552,1,2
1969,553,1,2
1969,554,1,2
1969,555,1,2
1969,556,1,3
1969,557,1,3
1969,558,1,3
1969,559,1,3
1969,560,1,3
1969,561,1,3
1969,562,1,3
1969,563,1,3
1969,564,1,3
1969,565,1,3
1969,566,1,3
1969,567,1,3
1969,568,1,3
1969,569,1,3
1969,570,1,3
1969,571,1,3
1969,572,1,3
1969,573,1,3
1969,574,1,3
1969,575,1,3
1969,576,1,3
1969,577,1,3
1969,578,1,3
1969,579,1,3
1969,580,1,3
1969,581,1,3
1969,582,1,3
1969,583,1,3
1969,584,1,3
1969,585,1,3
1969,586,1,3
1969,587,1,3
1969,588,1,3
1969,589,1,3
1969,590,1,3
1969,591,1,3
1969,592,1,3
1969,593,1,3
1969,594,1,3
1969,595,1,3
1969,596,1,3
1969,597,1,3
1969,598,1,2
1969,599,1,2
1969,600,1,2
1969,601,1,2
1969,602,1,2
1969,603,1,2
1969,604,1,2
1969,605,1,2
1969,606,1,2
1969,607,1,2
1969,608,1,2
1969,609,1,2
1969,610,1,2
1969,611,1,2
1969,612,1,2
1969,613,1,2
1969,614,1,2
1969,615,1,2
1969,616,1,2
1969,617,1,2
1969,618,1,2
1969,619,1,2
1969,620,1,2
1969,621,1,2
1969,622,1,2
1969,623,1,2
1969,624,1,2
1969,625,1,2
1969,626,1,2
1969,627,1,2
1969,628,1,2
1969,629,1,2
1969,630,1,2
1969,631,1,2
1969,632,1,2
1969,633,1,2
1969,634,1,2
1969,635,1,2
1969,636,1,2
1969,637,1,2
1969,638,1,2
1969,639,1,2
1970,121,1,3
1970,122,1,3
1970,123,1,3
1970,124,1,3
1970,125,1,3
1970,126,1,3
1970,127,1,3
1970,128,1,3
1970,129,1,3
1970,130,1,3
1970,131,1,3
1970,132,1,3
1970,133,1,3
1970,134,1,3
1970,135,1,3
1970,136,1,3
1970,137,1,3
1970,138,1,3
1970,139,1,3
1970,140,1,3
1970,141,1,3
1970,142,1,3
1970,143,1,3
1970,144,1,3
1970,145,1,3
1970,146,1,3
1970,147,1,3
1970,148,1,3
1970,149,1,3
1970,150,1,3
1970,151,1,3
1970,152,1,3
1970,153,1,3
1970,154,1,3
1970,155,1,3
1970,156,1,3
1970,157,1,3
1970,158,1,3
1970,159,1,3
1970,160,1,3
1970,161,1,3
1970,162,1,3
1970,163,1,3
1970,164,1,3
1970,165,1,3
1970,166,1,3
1970,167,1,3
1970,168,1,3
1970,169,1,3
1970,170,1,3
1970,171,1,3
1970,172,1,3
1970,173,1,3
1970,174,1,3
1970,175,1,3
1970,176,1,2
1970,177,1,2
1970,178,1,2
1970,179,1,2
1970,180,1,2
1970,181,1,2
1970,182,1,2
1970,183,1,2
1970,184,1,2
1970,185,1,2
1970,186,1,2
1970,187,1,2
1970,188,1,2
1970,189,1,2
1970,190,1,2
1970,191,1,2
1970,192,1,2
1970,193,1,2
1970,194,1,2
1970,195,1,2
1970,196,1,2
1970,197,1,2
1970,198,1,2
1970,199,1,2
1970,200,1,2
1970,201,1,2
1970,202,1,2
1970,203,1,2
1970,204,1,2
1970,205,1,2
1970,206,1,2
1970,207,1,2
1970,208,1,2
1970,209,1,2
1970,210,1,2
1970,211,1,2
1970,212,1,2
1970,213,1,2
1970,214,1,2
1970,215,1,2
1970,216,1,2
1970,217,1,2
1970,218,1,2
1970,219,1,2
1970,220,1,2
1970,221,1,2
1970,222,1,2
1970,223,1,2
1970,224,1,2
1970,225,1,2
1970,226,1,2
1970,227,1,2
1970,228,1,2
1970,229,1,2
1970,230,1,2
1970,231,1,2
1970,232,1,2
1970,233,1,2
1970,234,1,2
1970,235,1,2
1970,236,1,2
1970,237,1,2
1970,238,1,2
1970,239,1,2
1970,240,1,2
1970,241,1,2
1970,242,1,2
1970,243,1,2
1970,244,1,2
1970,245,1,2
1970,246,1,2
1970,247,1,2
1970,248,1,2
1970,249,1,2
1970,250,1,2
1970,251,1,2
1970,252,1,2
1970,253,1,2
1970,254,1,2
1970,255,1,2
1970,256,1,2
1970,257,1,2
1970,258,1,2
1970,259,1,2
1970,260,1,2
1970,261,1,2
1970,262,1,2
1970,263,1,2
1970,264,1,2
1970,265,1,2
1970,266,1,2
1970,267,1,2
1970,268,1,2
1970,269,1,2
1970,270,1,2
1970,271,1,2
1970,272,1,2
1970,273,1,2
1970,274,1,2
1970,275,1,2
1970,276,1,2
1970,277,1,2
1970,278,1,2
1970,279,1,2
1970,280,1,2
1970,281,1,2
1970,282,1,2
1970,283,1,2
1970,284,1,2
1970,285,1,2
1970,286,1,2
1970,287,1,2
1970,288,1,2
1970,289,1,2
1970,290,1,2
1970,291,1,2
1970,292,1,2
1970,293,1,2
1970,294,1,2
1970,295,1,2
1970,296,1,2
1970,297,1,2
1970,298,1,2
1970,299,1,2
1970,300,1,2
1970,301,1,2
1970,302,1,2
1970,303,1,2
1970,304,1,2
1970,305,1,2
1970,306,1,2
1970,307,1,2
1970,308,1,2
1970,309,1,2
1970,310,1,2
1970,311,1,2
1970,312,1,2
1970,313,1,2
1970,314,1,2
1970,315,1,2
1970,316,1,2
1970,317,1,2
1970,318,1,2
1970,319,1,2
1970,320,1,2
1970,321,1,2
1970,322,1,2
1970,323,1,2
1970,324,1,2
1970,325,1,2
1970,326,1,2
1970,327,1,2
1970,328,1,2
1970,329,1,2
1970,330,1,2
1970,331,1,2
1970,332,1,2
1970,333,1,2
1970,334,1,2
1970,335,1,2
1970,336,1,2
1970,337,1,2
1970,338,1,2
1970,339,1,2
1970,340,1,2
1970,341,1,2
1970,342,1,2
1970,343,1,3
1970,344,1,3
1970,345,1,3
1970,346,1,3
1970,347,1,3
1970,348,1,3
1970,349,1,3
1970,350,1,3
1970,351,1,3
1970,352,1,3
1970,353,1,3
1970,354,1,3
1970,355,1,3
1970,356,1,3
1970,357,1,3
1970,358,1,3
1970,359,1,3
1970,360,1,3
1970,361,1,3
1970,362,1,3
1970,363,1,3
1970,364,1,3
1970,365,1,3
1970,366,1,3
1970,367,1,3
1970,368,1,3
1970,369,1,3
1970,370,1,3
1970,371,1,3
1970,372,1,3
1970,373,1,3
1970,374,1,3
1970,375,1,3
1970,376,1,3
1970,377,1,3
1970,378,1,3
1970,379,1,3
1970,380,1,3
1970,381,1,3
1970,382,1,3
1970,383,1,3
1970,384,1,3
1970,385,1,3
1970,386,1,3
1970,387,1,3
1970,388,1,3
1970,389,1,3
1970,390,1,3
1970,391,1,3
1970,392,1,3
1970,393,1,3
1970,394,1,3
1970,395,1,3
1970,396,1,3
1970,397,1,3
1970,398,1,3
1970,399,1,3
1970,400,1,3
1970,401,1,3
1970,402,1,3
1970,403,1,3
1970,404,1,3
1970,405,1,3
1970,406,1,3
1970,407,1,3
1970,408,1,3
1970,409,1,3
1970,410,1,3
1970,411,1,3
1970,412,1,3
1970,413,1,3
1970,414,1,3
1970,415,1,3
1970,416,1,3
1970,417,1,3
1970,418,1,3
1970,419,1,3
1970,420,1,3
1970,421,1,3
1970,422,1,3
1970,423,1,3
1970,424,1,3
1970,425,1,3
1970,426,1,3
1970,427,1,3
1970,428,1,2
1970,429,1,2
1970,430,1,2
1970,431,1,2
1970,432,1,2
1970,433,1,2
1970,434,1,2
1970,435,1,2
1970,436,1,2
1970,437,1,2
1970,438,1,2
1970,439,1,2
1970,440,1,2
1970,441,1,2
1970,442,1,2
1970,443,1,2
1970,444,1,2
1970,445,1,2
1970,446,1,2
1970,447,1,2
1970,448,1,2
1970,449,1,2
1970,450,1,2
1970,451,1,2
1970,452,1,2
1970,453,1,2
1970,454,1,2
1970,455,1,2
1970,456,1,2
1970,457,1,2
1970,458,1,2
1970,459,1,2
1970,460,1,2
1970,461,1,2
1970,462,1,2
1970,463,1,3
1970,464,1,3
1970,465,1,3
1970,466,1,3
1970,467,1,3
1970,468,1,3
1970,469,1,3
1970,470,1,3
1970,471,1,3
1970,472,1,3
1970,473,1,3
1970,474,1,3
1970,475,1,3
1970,476,1,3
1970,477,1,3
1970,478,1,3
1970,479,1,3
1970,480,1,3
1970,481,1,3
1970,482,1,3
1970,483,1,3
1970,484,1,3
1970,485,1,3
1970,486,1,3
1970,487,1,3
1970,488,1,3
1970,489,1,3
1970,490,1,3
1970,491,1,3
1970,492,1,3
1970,493,1,3
1970,494,1,3
1970,495,1,3
1970,496,1,3
1970,497,1,3
1970,498,1,3
1970,499,1,3
1970,500,1,3
1970,501,1,3
1970,502,1,3
1970,503,1,3
1970,504,1,3
1970,505,1,3
1970,506,1,3
1970,507,1,3
1970,508,1,3
1970,509,1,3
1970,510,1,3
1970,511,1,3
1970,512,1,3
1970,513,1,3
1970,514,1,3
1970,515,1,3
1970,516,1,2
1970,517,1,2
1970,518,1,2
1970,519,1,2
1970,520,1,2
1970,521,1,2
1970,522,1,2
1970,523,1,2
1970,524,1,2
1970,525,1,2
1970,526,1,2
1970,527,1,2
1970,528,1,2
1970,529,1,2
1970,530,1,2
1970,531,1,2
1970,532,1,2
1970,533,1,2
1970,534,1,2
1970,535,1,2
1970,536,1,2
1970,537,1,2
1970,538,1,2
1970,539,1,2
1970,540,1,2
1970,541,1,2
1970,542,1,2
1970,543,1,2
1970,544,1,2
1970,545,1,2
1970,546,1,2
1970,547,1,2
1970,548,1,2
1970,549,1,2
1970,550,1,2
1970,551,1,2
1970,552,1,2
1970,553,1,2
1970,554,1,2
1970,555,1,2
1970,556,1,3
1970,557,1,3
1970,558,1,3
1970,559,1,3
1970,560,1,3
1970,561,1,3
1970,562,1,3
1970,563,1,3
1970,564,1,3
1970,565,1,3
1970,566,1,3
1970,567,1,3
1970,568,1,3
1970,569,1,3
1970,570,1,3
1970,571,1,3
1970,572,1,3
1970,573,1,3
1970,574,1,3
1970,575,1,3
1970,576,1,3
1970,577,1,3
1970,578,1,3
1970,579,1,3
1970,580,1,3
1970,581,1,3
1970,582,1,3
1970,583,1,3
1970,584,1,3
1970,585,1,3
1970,586,1,3
1970,587,1,3
1970,588,1,3
1970,589,1,3
1970,590,1,3
1970,591,1,3
1970,592,1,3
1970,593,1,3
1970,594,1,3
1970,595,1,3
1970,596,1,3
1970,597,1,3
1970,598,1,2
1970,599,1,2
1970,600,1,2
1970,601,1,2
1970,602,1,2
1970,603,1,2
1970,604,1,2
1970,605,1,2
1970,606,1,2
1970,607,1,2
1970,608,1,2
1970,609,1,2
1970,610,1,2
1970,611,1,2
1970,612,1,2
1970,613,1,2
1970,614,1,2
1970,615,1,2
1970,616,1,2
1970,617,1,2
1970,618,1,2
1970,619,1,2
1970,620,1,2
1970,621,1,2
1970,622,1,2
1970,623,1,2
1970,624,1,2
1970,625,1,2
1970,626,1,2
1970,627,1,2
1970,628,1,2
1970,629,1,2
1970,630,1,2
1970,631,1,2
1970,632,1,2
1970,633,1,2
1970,634,1,2
1970,635,1,2
1970,636,1,2
1970,637,1,2
1970,638,1,2
1970,639,1,2
1970,640,1,2
1970,641,1,2
1970,645,1,2
1970,646,1,2
1971,121,1,3
1971,122,1,3
1971,123,1,3
1971,124,1,3
1971,125,1,3
1971,126,1,3
1971,127,1,3
1971,128,1,3
1971,129,1,3
1971,130,1,3
1971,131,1,3
1971,132,1,3
1971,133,1,3
1971,134,1,3
1971,135,1,3
1971,136,1,3
1971,137,1,3
1971,138,1,3
1971,139,1,3
1971,140,1,3
1971,141,1,3
1971,142,1,3
1971,143,1,3
1971,144,1,3
1971,145,1,3
1971,146,1,3
1971,147,1,3
1971,148,1,3
1971,149,1,3
1971,150,1,3
1971,151,1,3
1971,152,1,3
1971,153,1,3
1971,154,1,3
1971,155,1,3
1971,156,1,3
1971,157,1,3
1971,158,1,3
1971,159,1,3
1971,160,1,3
1971,161,1,3
1971,162,1,3
1971,163,1,3
1971,164,1,3
1971,165,1,3
1971,166,1,3
1971,167,1,3
1971,168,1,3
1971,169,1,3
1971,170,1,3
1971,171,1,3
1971,172,1,3
1971,173,1,3
1971,174,1,3
1971,175,1,3
1971,176,1,2
1971,177,1,2
1971,178,1,2
1971,179,1,2
1971,180,1,2
1971,181,1,2
1971,182,1,2
1971,183,1,2
1971,184,1,2
1971,185,1,2
1971,186,1,2
1971,187,1,2
1971,188,1,2
1971,189,1,2
1971,190,1,2
1971,191,1,2
1971,192,1,2
1971,193,1,2
1971,194,1,2
1971,195,1,2
1971,196,1,2
1971,197,1,2
1971,198,1,2
1971,199,1,2
1971,200,1,2
1971,201,1,2
1971,202,1,2
1971,203,1,2
1971,204,1,2
1971,205,1,2
1971,206,1,2
1971,207,1,2
1971,208,1,2
1971,209,1,2
1971,210,1,2
1971,211,1,2
1971,212,1,2
1971,213,1,2
1971,214,1,2
1971,215,1,2
1971,216,1,2
1971,217,1,2
1971,218,1,2
1971,219,1,2
1971,220,1,2
1971,221,1,2
1971,222,1,2
1971,223,1,2
1971,224,1,2
1971,225,1,2
1971,226,1,2
1971,227,1,2
1971,228,1,2
1971,229,1,2
1971,230,1,2
1971,231,1,2
1971,232,1,2
1971,233,1,2
1971,234,1,2
1971,235,1,2
1971,236,1,2
1971,237,1,2
1971,238,1,2
1971,239,1,2
1971,240,1,2
1971,241,1,2
1971,242,1,2
1971,243,1,2
1971,244,1,2
1971,245,1,2
1971,246,1,2
1971,247,1,2
1971,248,1,2
1971,249,1,2
1971,250,1,2
1971,251,1,2
1971,252,1,2
1971,253,1,2
1971,254,1,2
1971,255,1,2
1971,256,1,2
1971,257,1,2
1971,258,1,2
1971,259,1,2
1971,260,1,2
1971,261,1,2
1971,262,1,2
1971,263,1,2
1971,264,1,2
1971,265,1,2
1971,266,1,2
1971,267,1,2
1971,268,1,2
1971,269,1,2
1971,270,1,2
1971,271,1,2
1971,272,1,2
1971,273,1,2
1971,274,1,2
1971,275,1,2
1971,276,1,2
1971,277,1,2
1971,278,1,2
1971,279,1,2
1971,280,1,2
1971,281,1,2
1971,282,1,2
1971,283,1,2
1971,284,1,2
1971,285,1,2
1971,286,1,2
1971,287,1,2
1971,288,1,2
1971,289,1,2
1971,290,1,2
1971,291,1,2
1971,292,1,2
1971,293,1,2
1971,294,1,2
1971,295,1,2
1971,296,1,2
1971,297,1,2
1971,298,1,2
1971,299,1,2
1971,300,1,2
1971,301,1,2
1971,302,1,2
1971,303,1,2
1971,304,1,2
1971,305,1,2
1971,306,1,2
1971,307,1,2
1971,308,1,2
1971,309,1,2
1971,310,1,2
1971,311,1,2
1971,312,1,2
1971,313,1,2
1971,314,1,2
1971,315,1,2
1971,316,1,2
1971,317,1,2
1971,318,1,2
1971,319,1,2
1971,320,1,2
1971,321,1,2
1971,322,1,2
1971,323,1,2
1971,324,1,2
1971,325,1,2
1971,326,1,2
1971,327,1,2
1971,328,1,2
1971,329,1,2
1971,330,1,2
1971,331,1,2
1971,332,1,2
1971,333,1,2
1971,334,1,2
1971,335,1,2
1971,336,1,2
1971,337,1,2
1971,338,1,2
1971,339,1,2
1971,340,1,2
1971,341,1,2
1971,342,1,2
1971,343,1,2
1971,344,1,2
1971,345,1,3
1971,346,1,3
1971,347,1,3
1971,348,1,3
1971,349,1,3
1971,350,1,3
1971,351,1,3
1971,352,1,3
1971,353,1,3
1971,354,1,3
1971,355,1,3
1971,356,1,3
1971,357,1,3
1971,358,1,3
1971,359,1,3
1971,360,1,3
1971,361,1,3
1971,362,1,3
1971,363,1,3
1971,364,1,3
1971,365,1,3
1971,366,1,3
1971,367,1,3
1971,368,1,3
1971,369,1,3
1971,370,1,3
1971,371,1,3
1971,372,1,3
1971,373,1,3
1971,374,1,3
1971,375,1,3
1971,376,1,3
1971,377,1,3
1971,378,1,3
1971,379,1,3
1971,380,1,3
1971,381,1,3
1971,382,1,3
1971,383,1,3
1971,384,1,3
1971,385,1,3
1971,386,1,3
1971,387,1,3
1971,388,1,3
1971,389,1,3
1971,390,1,3
1971,391,1,3
1971,392,1,3
1971,393,1,3
1971,394,1,3
1971,395,1,3
1971,396,1,3
1971,397,1,3
1971,398,1,3
1971,399,1,3
1971,400,1,3
1971,401,1,3
1971,402,1,3
1971,403,1,3
1971,404,1,3
1971,405,1,3
1971,406,1,3
1971,407,1,3
1971,408,1,3
1971,409,1,3
1971,410,1,3
1971,411,1,3
1971,412,1,3
1971,413,1,3
1971,414,1,3
1971,415,1,3
1971,416,1,3
1971,417,1,3
1971,418,1,3
1971,419,1,3
1971,420,1,3
1971,421,1,3
1971,422,1,3
1971,423,1,3
1971,424,1,3
1971,425,1,3
1971,426,1,3
1971,427,1,3
1971,428,1,2
1971,429,1,2
1971,430,1,2
1971,431,1,2
1971,432,1,2
1971,433,1,2
1971,434,1,2
1971,435,1,2
1971,436,1,2
1971,437,1,2
1971,438,1,2
1971,439,1,2
1971,440,1,2
1971,441,1,2
1971,442,1,2
1971,443,1,2
1971,444,1,2
1971,445,1,2
1971,446,1,2
1971,447,1,2
1971,448,1,2
1971,449,1,2
1971,450,1,2
1971,451,1,2
1971,452,1,2
1971,453,1,2
1971,454,1,2
1971,455,1,2
1971,456,1,2
1971,457,1,2
1971,458,1,2
1971,459,1,2
1971,460,1,2
1971,461,1,2
1971,462,1,3
1971,463,1,3
1971,464,1,3
1971,465,1,3
1971,466,1,3
1971,467,1,3
1971,468,1,3
1971,469,1,3
1971,470,1,3
1971,471,1,3
1971,472,1,3
1971,473,1,3
1971,474,1,3
1971,475,1,3
1971,476,1,3
1971,477,1,3
1971,478,1,3
1971,479,1,3
1971,480,1,3
1971,481,1,3
1971,482,1,3
1971,483,1,3
1971,484,1,3
1971,485,1,3
1971,486,1,3
1971,487,1,3
1971,488,1,3
1971,489,1,3
1971,490,1,3
1971,491,1,3
1971,492,1,3
1971,493,1,3
1971,494,1,3
1971,495,1,3
1971,496,1,3
1971,497,1,3
1971,498,1,3
1971,499,1,3
1971,500,1,3
1971,501,1,3
1971,502,1,3
1971,503,1,3
1971,504,1,3
1971,505,1,3
1971,506,1,3
1971,507,1,3
1971,508,1,3
1971,509,1,3
1971,510,1,3
1971,511,1,3
1971,512,1,3
1971,513,1,3
1971,514,1,3
1971,515,1,2
1971,516,1,2
1971,517,1,2
1971,518,1,2
1971,519,1,2
1971,520,1,2
1971,521,1,2
1971,522,1,2
1971,523,1,2
1971,524,1,2
1971,525,1,2
1971,526,1,2
1971,527,1,2
1971,528,1,2
1971,529,1,2
1971,530,1,2
1971,531,1,2
1971,532,1,2
1971,533,1,2
1971,534,1,2
1971,535,1,2
1971,536,1,2
1971,537,1,2
1971,538,1,2
1971,539,1,2
1971,540,1,2
1971,541,1,2
1971,542,1,2
1971,543,1,2
1971,544,1,2
1971,545,1,2
1971,546,1,2
1971,547,1,2
1971,548,1,2
1971,549,1,2
1971,550,1,2
1971,551,1,2
1971,552,1,2
1971,553,1,2
1971,554,1,2
1971,555,1,2
1971,556,1,2
1971,557,1,3
1971,558,1,3
1971,559,1,3
1971,560,1,3
1971,561,1,3
1971,562,1,3
1971,563,1,3
1971,564,1,3
1971,565,1,3
1971,566,1,3
1971,567,1,3
1971,568,1,3
1971,569,1,3
1971,570,1,3
1971,571,1,3
1971,572,1,3
1971,573,1,3
1971,574,1,3
1971,575,1,3
1971,576,1,3
1971,577,1,3
1971,578,1,3
1971,579,1,3
1971,580,1,3
1971,581,1,3
1971,582,1,3
1971,583,1,3
1971,584,1,3
1971,585,1,3
1971,586,1,3
1971,587,1,3
1971,588,1,3
1971,589,1,3
1971,590,1,3
1971,591,1,3
1971,592,1,3
1971,593,1,3
1971,594,1,3
1971,595,1,3
1971,596,1,3
1971,597,1,3
1971,598,1,2
1971,599,1,2
1971,600,1,2
1971,601,1,2
1971,602,1,2
1971,603,1,2
1971,604,1,2
1971,605,1,2
1971,606,1,2
1971,607,1,2
1971,608,1,2
1971,609,1,2
1971,610,1,2
1971,611,1,2
1971,612,1,2
1971,613,1,2
1971,614,1,2
1971,615,1,2
1971,616,1,2
1971,617,1,2
1971,618,1,2
1971,619,1,2
1971,620,1,2
1971,621,1,2
1971,622,1,2
1971,623,1,2
1971,624,1,2
1971,625,1,2
1971,626,1,2
1971,627,1,2
1971,628,1,2
1971,629,1,2
1971,630,1,2
1971,631,1,2
1971,632,1,2
1971,633,1,2
1971,634,1,2
1971,635,1,2
1971,636,1,2
1971,637,1,2
1971,638,1,2
1971,639,1,2
1971,640,1,2
1971,641,1,2
1971,642,1,2
1971,643,1,2
1971,644,1,2
1971,645,1,2
1971,646,1,2
1972,121,1,3
1972,122,1,3
1972,123,1,3
1972,124,1,3
1972,125,1,3
1972,126,1,3
1972,127,1,3
1972,128,1,3
1972,129,1,3
1972,130,1,3
1972,131,1,3
1972,132,1,3
1972,133,1,3
1972,134,1,3
1972,135,1,3
1972,136,1,3
1972,137,1,3
1972,138,1,3
1972,139,1,3
1972,140,1,3
1972,141,1,3
1972,142,1,3
1972,143,1,3
1972,144,1,3
1972,145,1,3
1972,146,1,3
1972,147,1,3
1972,148,1,3
1972,149,1,3
1972,150,1,3
1972,151,1,3
1972,152,1,3
1972,153,1,3
1972,154,1,3
1972,155,1,3
1972,156,1,3
1972,157,1,3
1972,158,1,3
1972,159,1,3
1972,160,1,3
1972,161,1,3
1972,162,1,3
1972,163,1,3
1972,164,1,3
1972,165,1,3
1972,166,1,3
1972,167,1,3
1972,168,1,3
1972,169,1,3
1972,170,1,3
1972,171,1,3
1972,172,1,3
1972,173,1,3
1972,174,1,3
1972,175,1,3
1972,176,1,2
1972,177,1,2
1972,178,1,2
1972,179,1,2
1972,180,1,2
1972,181,1,2
1972,182,1,2
1972,183,1,2
1972,184,1,2
1972,185,1,2
1972,186,1,2
1972,187,1,2
1972,188,1,2
1972,189,1,2
1972,190,1,2
1972,191,1,2
1972,192,1,2
1972,193,1,2
1972,194,1,2
1972,195,1,2
1972,196,1,2
1972,197,1,2
1972,198,1,2
1972,199,1,2
1972,200,1,2
1972,201,1,2
1972,202,1,2
1972,203,1,2
1972,204,1,2
1972,205,1,2
1972,206,1,2
1972,207,1,2
1972,208,1,2
1972,209,1,2
1972,210,1,2
1972,211,1,2
1972,212,1,2
1972,213,1,2
1972,214,1,2
1972,215,1,2
1972,216,1,2
1972,217,1,2
1972,218,1,2
1972,219,1,2
1972,220,1,2
1972,221,1,2
1972,222,1,2
1972,223,1,2
1972,224,1,2
1972,225,1,2
1972,226,1,2
1972,227,1,2
1972,228,1,2
1972,229,1,2
1972,230,1,2
1972,231,1,2
1972,232,1,2
1972,233,1,2
1972,234,1,2
1972,235,1,2
1972,236,1,2
1972,237,1,2
1972,238,1,2
1972,239,1,2
1972,240,1,2
1972,241,1,2
1972,242,1,2
1972,243,1,2
1972,244,1,2
1972,245,1,2
1972,246,1,2
1972,247,1,2
1972,248,1,2
1972,249,1,2
1972,250,1,2
1972,251,1,2
1972,252,1,2
1972,253,1,2
1972,254,1,2
1972,255,1,2
1972,256,1,2
1972,257,1,2
1972,258,1,2
1972,259,1,2
1972,260,1,2
1972,261,1,2
1972,262,1,2
1972,263,1,2
1972,264,1,2
1972,265,1,2
1972,266,1,2
1972,267,1,2
1972,268,1,2
1972,269,1,2
1972,270,1,2
1972,271,1,2
1972,272,1,2
1972,273,1,2
1972,274,1,2
1972,275,1,2
1972,276,1,2
1972,277,1,2
1972,278,1,2
1972,279,1,2
1972,280,1,2
1972,281,1,2
1972,282,1,2
1972,283,1,2
1972,284,1,2
1972,285,1,2
1972,286,1,2
1972,287,1,2
1972,288,1,2
1972,289,1,2
1972,290,1,2
1972,291,1,2
1972,292,1,2
1972,293,1,2
1972,294,1,2
1972,295,1,2
1972,296,1,2
1972,297,1,2
1972,298,1,2
1972,299,1,2
1972,300,1,2
1972,301,1,2
1972,302,1,2
1972,303,1,2
1972,304,1,2
1972,305,1,2
1972,306,1,2
1972,307,1,2
1972,308,1,2
1972,309,1,2
1972,310,1,2
1972,311,1,2
1972,312,1,2
1972,313,1,2
1972,314,1,2
1972,315,1,2
1972,316,1,2
1972,317,1,2
1972,318,1,2
1972,319,1,2
1972,320,1,2
1972,321,1,2
1972,322,1,2
1972,323,1,2
1972,324,1,2
1972,325,1,2
1972,326,1,2
1972,327,1,2
1972,328,1,2
1972,329,1,2
1972,330,1,2
1972,331,1,2
1972,332,1,2
1972,333,1,2
1972,334,1,2
1972,335,1,2
1972,336,1,2
1972,337,1,2
1972,338,1,2
1972,339,1,2
1972,340,1,2
1972,341,1,2
1972,342,1,2
1972,343,1,2
1972,344,1,2
1972,345,1,2
1972,346,1,3
1972,347,1,3
1972,348,1,3
1972,349,1,3
1972,350,1,3
1972,351,1,3
1972,352,1,3
1972,353,1,3
1972,354,1,3
1972,355,1,3
1972,356,1,3
1972,357,1,3
1972,358,1,3
1972,359,1,3
1972,360,1,3
1972,361,1,3
1972,362,1,3
1972,363,1,3
1972,364,1,3
1972,365,1,3
1972,366,1,3
1972,367,1,3
1972,368,1,3
1972,369,1,3
1972,370,1,3
1972,371,1,3
1972,372,1,3
1972,373,1,3
1972,374,1,3
1972,375,1,3
1972,376,1,3
1972,377,1,3
1972,378,1,3
1972,379,1,3
1972,380,1,3
1972,381,1,3
1972,382,1,3
1972,383,1,3
1972,384,1,3
1972,385,1,3
1972,386,1,3
1972,387,1,3
1972,388,1,3
1972,389,1,3
1972,390,1,3
1972,391,1,3
1972,392,1,3
1972,393,1,3
1972,394,1,3
1972,395,1,3
1972,396,1,3
1972,397,1,3
1972,398,1,3
1972,399,1,3
1972,400,1,3
1972,401,1,3
1972,402,1,3
1972,403,1,3
1972,404,1,3
1972,405,1,3
1972,406,1,3
1972,407,1,3
1972,408,1,3
1972,409,1,3
1972,410,1,3
1972,411,1,3
1972,412,1,3
1972,413,1,3
1972,414,1,3
1972,415,1,3
1972,416,1,3
1972,417,1,3
1972,418,1,3
1972,419,1,3
1972,420,1,3
1972,421,1,3
1972,422,1,3
1972,423,1,3
1972,424,1,3
1972,425,1,3
1972,426,1,3
1972,427,1,3
1972,428,1,2
1972,429,1,2
1972,430,1,2
1972,431,1,2
1972,432,1,2
1972,433,1,2
1972,434,1,2
1972,435,1,2
1972,436,1,2
1972,437,1,2
1972,438,1,2
1972,439,1,2
1972,440,1,2
1972,441,1,2
1972,442,1,2
1972,443,1,2
1972,444,1,2
1972,445,1,2
1972,446,1,2
1972,447,1,2
1972,448,1,2
1972,449,1,2
1972,450,1,2
1972,451,1,2
1972,452,1,2
1972,453,1,2
1972,454,1,2
1972,455,1,2
1972,456,1,2
1972,457,1,2
1972,458,1,2
1972,459,1,2
1972,460,1,2
1972,461,1,2
1972,462,1,3
1972,463,1,3
1972,464,1,3
1972,465,1,3
1972,466,1,3
1972,467,1,3
1972,468,1,3
1972,469,1,3
1972,470,1,3
1972,471,1,3
1972,472,1,3
1972,473,1,3
1972,474,1,3
1972,475,1,3
1972,476,1,3
1972,477,1,3
1972,478,1,3
1972,479,1,3
1972,480,1,3
1972,481,1,3
1972,482,1,3
1972,483,1,3
1972,484,1,3
1972,485,1,3
1972,486,1,3
1972,487,1,3
1972,488,1,3
1972,489,1,3
1972,490,1,3
1972,491,1,3
1972,492,1,3
1972,493,1,3
1972,494,1,3
1972,495,1,3
1972,496,1,3
1972,497,1,3
1972,498,1,3
1972,499,1,3
1972,500,1,3
1972,501,1,3
1972,502,1,3
1972,503,1,3
1972,504,1,3
1972,505,1,3
1972,506,1,3
1972,507,1,3
1972,508,1,3
1972,509,1,3
1972,510,1,3
1972,511,1,3
1972,512,1,3
1972,513,1,3
1972,514,1,3
1972,515,1,2
1972,516,1,2
1972,517,1,2
1972,518,1,2
1972,519,1,2
1972,520,1,2
1972,521,1,2
1972,522,1,2
1972,523,1,2
1972,524,1,2
1972,525,1,2
1972,526,1,2
1972,527,1,2
1972,528,1,2
1972,529,1,2
1972,530,1,2
1972,531,1,2
1972,532,1,2
1972,533,1,2
1972,534,1,2
1972,535,1,2
1972,536,1,2
1972,537,1,2
1972,538,1,2
1972,539,1,2
1972,540,1,2
1972,541,1,2
1972,542,1,2
1972,543,1,2
1972,544,1,2
1972,545,1,2
1972,546,1,2
1972,547,1,2
1972,548,1,2
1972,549,1,2
1972,550,1,2
1972,551,1,2
1972,552,1,2
1972,553,1,2
1972,554,1,2
1972,555,1,2
1972,556,1,2
1972,557,1,3
1972,558,1,3
1972,559,1,3
1972,560,1,3
1972,561,1,3
1972,562,1,3
1972,563,1,3
1972,564,1,3
1972,565,1,3
1972,566,1,3
1972,567,1,3
1972,568,1,3
1972,569,1,3
1972,570,1,3
1972,571,1,3
1972,572,1,3
1972,573,1,3
1972,574,1,3
1972,575,1,3
1972,576,1,3
1972,577,1,3
1972,578,1,3
1972,579,1,3
1972,580,1,3
1972,581,1,3
1972,582,1,3
1972,583,1,3
1972,584,1,3
1972,585,1,3
1972,586,1,3
1972,587,1,3
1972,588,1,3
1972,589,1,3
1972,590,1,3
1972,591,1,3
1972,592,1,3
1972,593,1,3
1972,594,1,3
1972,595,1,3
1972,596,1,3
1972,597,1,3
1972,598,1,2
1972,599,1,2
1972,600,1,2
1972,601,1,2
1972,602,1,2
1972,603,1,2
1972,604,1,2
1972,605,1,2
1972,606,1,2
1972,607,1,2
1972,608,1,2
1972,609,1,2
1972,610,1,2
1972,611,1,2
1972,612,1,2
1972,613,1,2
1972,614,1,2
1972,615,1,2
1972,616,1,2
1972,617,1,2
1972,618,1,2
1972,619,1,2
1972,620,1,2
1972,621,1,2
1972,622,1,2
1972,623,1,2
1972,624,1,2
1972,625,1,2
1972,626,1,2
1972,627,1,2
1972,628,1,2
1972,629,1,2
1972,630,1,2
1972,631,1,2
1972,632,1,2
1972,633,1,2
1972,634,1,2
1972,635,1,2
1972,636,1,2
1972,637,1,2
1972,638,1,2
1972,639,1,2
1972,640,1,2
1972,641,1,2
1972,642,1,2
1972,643,1,2
1972,644,1,2
1972,645,1,2
1972,646,1,2
1972,647,1,2
1973,122,1,3
1973,123,1,3
1973,124,1,3
1973,125,1,3
1973,126,1,3
1973,127,1,3
1973,128,1,3
1973,129,1,3
1973,130,1,3
1973,131,1,3
1973,132,1,3
1973,133,1,3
1973,134,1,3
1973,135,1,3
1973,136,1,3
1973,137,1,3
1973,138,1,3
1973,139,1,3
1973,140,1,3
1973,141,1,3
1973,142,1,3
1973,143,1,3
1973,144,1,3
1973,145,1,3
1973,146,1,3
1973,147,1,3
1973,148,1,3
1973,149,1,3
1973,150,1,3
1973,151,1,3
1973,152,1,3
1973,153,1,3
1973,154,1,3
1973,155,1,3
1973,156,1,3
1973,157,1,3
1973,158,1,3
1973,159,1,3
1973,160,1,3
1973,161,1,3
1973,162,1,3
1973,163,1,3
1973,164,1,3
1973,165,1,3
1973,166,1,3
1973,167,1,3
1973,168,1,3
1973,169,1,3
1973,170,1,3
1973,171,1,3
1973,172,1,3
1973,173,1,3
1973,174,1,3
1973,175,1,3
1973,176,1,2
1973,177,1,2
1973,178,1,2
1973,179,1,2
1973,180,1,2
1973,181,1,2
1973,182,1,2
1973,183,1,2
1973,184,1,2
1973,185,1,2
1973,186,1,2
1973,187,1,2
1973,188,1,2
1973,189,1,2
1973,190,1,2
1973,191,1,2
1973,192,1,2
1973,193,1,2
1973,194,1,2
1973,195,1,2
1973,196,1,2
1973,197,1,2
1973,198,1,2
1973,199,1,2
1973,200,1,2
1973,201,1,2
1973,202,1,2
1973,203,1,2
1973,204,1,2
1973,205,1,2
1973,206,1,2
1973,207,1,2
1973,208,1,2
1973,209,1,2
1973,210,1,2
1973,211,1,2
1973,212,1,2
1973,213,1,2
1973,214,1,2
1973,215,1,2
1973,216,1,2
1973,217,1,2
1973,218,1,2
1973,219,1,2
1973,220,1,2
1973,221,1,2
1973,222,1,2
1973,223,1,2
1973,224,1,2
1973,225,1,2
1973,226,1,2
1973,227,1,2
1973,228,1,2
1973,229,1,2
1973,230,1,2
1973,231,1,2
1973,232,1,2
1973,233,1,2
1973,234,1,2
1973,235,1,2
1973,236,1,2
1973,237,1,2
1973,238,1,2
1973,239,1,2
1973,240,1,2
1973,241,1,2
1973,242,1,2
1973,243,1,2
1973,244,1,2
1973,245,1,2
1973,246,1,2
1973,247,1,2
1973,248,1,2
1973,249,1,2
1973,250,1,2
1973,251,1,2
1973,252,1,2
1973,253,1,2
1973,254,1,2
1973,255,1,2
1973,256,1,2
1973,257,1,2
1973,258,1,2
1973,259,1,2
1973,260,1,2
1973,261,1,2
1973,262,1,2
1973,263,1,2
1973,264,1,2
1973,265,1,2
1973,266,1,2
1973,267,1,2
1973,268,1,2
1973,269,1,2
1973,270,1,2
1973,271,1,2
1973,272,1,2
1973,273,1,2
1973,274,1,2
1973,275,1,2
1973,276,1,2
1973,277,1,2
1973,278,1,2
1973,279,1,2
1973,280,1,2
1973,281,1,2
1973,282,1,2
1973,283,1,2
1973,284,1,2
1973,285,1,2
1973,286,1,2
1973,287,1,2
1973,288,1,2
1973,289,1,2
1973,290,1,2
1973,291,1,2
1973,292,1,2
1973,293,1,2
1973,294,1,2
1973,295,1,2
1973,296,1,2
1973,297,1,2
1973,298,1,2
1973,299,1,2
1973,300,1,2
1973,301,1,2
1973,302,1,2
1973,303,1,2
1973,304,1,2
1973,305,1,2
1973,306,1,2
1973,307,1,2
1973,308,1,2
1973,309,1,2
1973,310,1,2
1973,311,1,2
1973,312,1,2
1973,313,1,2
1973,314,1,2
1973,315,1,2
1973,316,1,2
1973,317,1,2
1973,318,1,2
1973,319,1,2
1973,320,1,2
1973,321,1,2
1973,322,1,2
1973,323,1,2
1973,324,1,2
1973,325,1,2
1973,326,1,2
1973,327,1,2
1973,328,1,2
1973,329,1,2
1973,330,1,2
1973,331,1,2
1973,332,1,2
1973,333,1,2
1973,334,1,2
1973,335,1,2
1973,336,1,2
1973,337,1,2
1973,338,1,2
1973,339,1,2
1973,340,1,2
1973,341,1,2
1973,342,1,2
1973,343,1,2
1973,344,1,2
1973,345,1,2
1973,346,1,2
1973,347,1,3
1973,348,1,3
1973,349,1,3
1973,350,1,3
1973,351,1,3
1973,352,1,3
1973,353,1,3
1973,354,1,3
1973,355,1,3
1973,356,1,3
1973,357,1,3
1973,358,1,3
1973,359,1,3
1973,360,1,3
1973,361,1,3
1973,362,1,3
1973,363,1,3
1973,364,1,3
1973,365,1,3
1973,366,1,3
1973,367,1,3
1973,368,1,3
1973,369,1,3
1973,370,1,3
1973,371,1,3
1973,372,1,3
1973,373,1,3
1973,374,1,3
1973,375,1,3
1973,376,1,3
1973,377,1,3
1973,378,1,3
1973,379,1,3
1973,380,1,3
1973,381,1,3
1973,382,1,3
1973,383,1,3
1973,384,1,3
1973,385,1,3
1973,386,1,3
1973,387,1,3
1973,388,1,3
1973,389,1,3
1973,390,1,3
1973,391,1,3
1973,392,1,3
1973,393,1,3
1973,394,1,3
1973,395,1,3
1973,396,1,3
1973,397,1,3
1973,398,1,3
1973,399,1,3
1973,400,1,3
1973,401,1,3
1973,402,1,3
1973,403,1,3
1973,404,1,3
1973,405,1,3
1973,406,1,3
1973,407,1,3
1973,408,1,3
1973,409,1,3
1973,410,1,3
1973,411,1,3
1973,412,1,3
1973,413,1,3
1973,414,1,3
1973,415,1,3
1973,416,1,3
1973,417,1,3
1973,418,1,3
1973,419,1,3
1973,420,1,3
1973,421,1,3
1973,422,1,3
1973,423,1,3
1973,424,1,3
1973,425,1,3
1973,426,1,3
1973,427,1,2
1973,428,1,2
1973,429,1,2
1973,430,1,2
1973,431,1,2
1973,432,1,2
1973,433,1,2
1973,434,1,2
1973,435,1,2
1973,436,1,2
1973,437,1,2
1973,438,1,2
1973,439,1,2
1973,440,1,2
1973,441,1,2
1973,442,1,2
1973,443,1,2
1973,444,1,2
1973,445,1,2
1973,446,1,2
1973,447,1,2
1973,448,1,2
1973,449,1,2
1973,450,1,2
1973,451,1,2
1973,452,1,2
1973,453,1,2
1973,454,1,2
1973,455,1,2
1973,456,1,2
1973,457,1,2
1973,458,1,2
1973,459,1,2
1973,460,1,2
1973,461,1,2
1973,462,1,3
1973,463,1,3
1973,464,1,3
1973,465,1,3
1973,466,1,3
1973,467,1,3
1973,468,1,3
1973,469,1,3
1973,470,1,3
1973,471,1,3
1973,472,1,3
1973,473,1,3
1973,474,1,3
1973,475,1,3
1973,476,1,3
1973,477,1,3
1973,478,1,3
1973,479,1,3
1973,480,1,3
1973,481,1,3
1973,482,1,3
1973,483,1,3
1973,484,1,3
1973,485,1,3
1973,486,1,3
1973,487,1,3
1973,488,1,3
1973,489,1,3
1973,490,1,3
1973,491,1,3
1973,492,1,3
1973,493,1,3
1973,494,1,3
1973,495,1,3
1973,496,1,3
1973,497,1,3
1973,498,1,3
1973,499,1,3
1973,500,1,3
1973,501,1,3
1973,502,1,3
1973,503,1,3
1973,504,1,3
1973,505,1,3
1973,506,1,3
1973,507,1,3
1973,508,1,3
1973,509,1,3
1973,510,1,3
1973,511,1,3
1973,512,1,3
1973,513,1,3
1973,514,1,3
1973,515,1,2
1973,516,1,2
1973,517,1,2
1973,518,1,2
1973,519,1,2
1973,520,1,2
1973,521,1,2
1973,522,1,2
1973,523,1,2
1973,524,1,2
1973,525,1,2
1973,526,1,2
1973,527,1,2
1973,528,1,2
1973,529,1,2
1973,530,1,2
1973,531,1,2
1973,532,1,2
1973,533,1,2
1973,534,1,2
1973,535,1,2
1973,536,1,2
1973,537,1,2
1973,538,1,2
1973,539,1,2
1973,540,1,2
1973,541,1,2
1973,542,1,2
1973,543,1,2
1973,544,1,2
1973,545,1,2
1973,546,1,2
1973,547,1,2
1973,548,1,2
1973,549,1,2
1973,550,1,2
1973,551,1,2
1973,552,1,2
1973,553,1,2
1973,554,1,2
1973,555,1,2
1973,556,1,2
1973,557,1,2
1973,558,1,3
1973,559,1,3
1973,560,1,3
1973,561,1,3
1973,562,1,3
1973,563,1,3
1973,564,1,3
1973,565,1,3
1973,566,1,3
1973,567,1,3
1973,568,1,3
1973,569,1,3
1973,570,1,3
1973,571,1,3
1973,572,1,3
1973,573,1,3
1973,574,1,3
1973,575,1,3
1973,576,1,3
1973,577,1,3
1973,578,1,3
1973,579,1,3
1973,580,1,3
1973,581,1,3
1973,582,1,3
1973,583,1,3
1973,584,1,3
1973,585,1,3
1973,586,1,3
1973,587,1,3
1973,588,1,3
1973,589,1,3
1973,590,1,3
1973,591,1,3
1973,592,1,3
1973,593,1,3
1973,594,1,3
1973,595,1,3
1973,596,1,3
1973,597,1,3
1973,598,1,2
1973,599,1,2
1973,600,1,2
1973,601,1,2
1973,602,1,2
1973,603,1,2
1973,604,1,2
1973,605,1,2
1973,606,1,2
1973,607,1,2
1973,608,1,2
1973,609,1,2
1973,610,1,2
1973,611,1,2
1973,612,1,2
1973,613,1,2
1973,614,1,2
1973,615,1,2
1973,616,1,2
1973,617,1,2
1973,618,1,2
1973,619,1,2
1973,620,1,2
1973,621,1,2
1973,622,1,2
1973,623,1,2
1973,624,1,2
1973,625,1,2
1973,626,1,2
1973,627,1,2
1973,628,1,2
1973,629,1,2
1973,630,1,2
1973,631,1,2
1973,632,1,2
1973,633,1,2
1973,634,1,2
1973,635,1,2
1973,636,1,2
1973,637,1,2
1973,638,1,2
1973,639,1,2
1973,640,1,2
1973,641,1,2
1973,642,1,2
1973,643,1,2
1973,644,1,2
1973,645,1,2
1973,646,1,2
1973,647,1,2
1974,123,1,3
1974,124,1,3
1974,125,1,3
1974,126,1,3
1974,127,1,3
1974,128,1,3
1974,129,1,3
1974,130,1,3
1974,131,1,3
1974,132,1,3
1974,133,1,3
1974,134,1,3
1974,135,1,3
1974,136,1,3
1974,137,1,3
1974,138,1,3
1974,139,1,3
1974,140,1,3
1974,141,1,3
1974,142,1,3
1974,143,1,3
1974,144,1,3
1974,145,1,3
1974,146,1,3
1974,147,1,3
1974,148,1,3
1974,149,1,3
1974,150,1,3
1974,151,1,3
1974,152,1,3
1974,153,1,3
1974,154,1,3
1974,155,1,3
1974,156,1,3
1974,157,1,3
1974,158,1,3
1974,159,1,3
1974,160,1,3
1974,161,1,3
1974,162,1,3
1974,163,1,3
1974,164,1,3
1974,165,1,3
1974,166,1,3
1974,167,1,3
1974,168,1,3
1974,169,1,3
1974,170,1,3
1974,171,1,3
1974,172,1,3
1974,173,1,3
1974,174,1,3
1974,175,1,2
1974,176,1,2
1974,177,1,2
1974,178,1,2
1974,179,1,2
1974,180,1,2
1974,181,1,2
1974,182,1,2
1974,183,1,2
1974,184,1,2
1974,185,1,2
1974,186,1,2
1974,187,1,2
1974,188,1,2
1974,189,1,2
1974,190,1,2
1974,191,1,2
1974,192,1,2
1974,193,1,2
1974,194,1,2
1974,195,1,2
1974,196,1,2
1974,197,1,2
1974,198,1,2
1974,199,1,2
1974,200,1,2
1974,201,1,2
1974,202,1,2
1974,203,1,2
1974,204,1,2
1974,205,1,2
1974,206,1,2
1974,207,1,2
1974,208,1,2
1974,209,1,2
1974,210,1,2
1974,211,1,2
1974,212,1,2
1974,213,1,2
1974,214,1,2
1974,215,1,2
1974,216,1,2
1974,217,1,2
1974,218,1,2
1974,219,1,2
1974,220,1,2
1974,221,1,2
1974,222,1,2
1974,223,1,2
1974,224,1,2
1974,225,1,2
1974,226,1,2
1974,227,1,2
1974,228,1,2
1974,229,1,2
1974,230,1,2
1974,231,1,2
1974,232,1,2
1974,233,1,2
1974,234,1,2
1974,235,1,2
1974,236,1,2
1974,237,1,2
1974,238,1,2
1974,239,1,2
1974,240,1,2
1974,241,1,2
1974,242,1,2
1974,243,1,2
1974,244,1,2
1974,245,1,2
1974,246,1,2
1974,247,1,2
1974,248,1,2
1974,249,1,2
1974,250,1,2
1974,251,1,2
1974,252,1,2
1974,253,1,2
1974,254,1,2
1974,255,1,2
1974,256,1,2
1974,257,1,2
1974,258,1,2
1974,259,1,2
1974,260,1,2
1974,261,1,2
1974,262,1,2
1974,263,1,2
1974,264,1,2
1974,265,1,2
1974,266,1,2
1974,267,1,2
1974,268,1,2
1974,269,1,2
1974,270,1,2
1974,271,1,2
1974,272,1,2
1974,273,1,2
1974,274,1,2
1974,275,1,2
1974,276,1,2
1974,277,1,2
1974,278,1,2
1974,279,1,2
1974,280,1,2
1974,281,1,2
1974,282,1,2
1974,283,1,2
1974,284,1,2
1974,285,1,2
1974,286,1,2
1974,287,1,2
1974,288,1,2
1974,289,1,2
1974,290,1,2
1974,291,1,2
1974,292,1,2
1974,293,1,2
1974,294,1,2
1974,295,1,2
1974,296,1,2
1974,297,1,2
1974,298,1,2
1974,299,1,2
1974,300,1,2
1974,301,1,2
1974,302,1,2
1974,303,1,2
1974,304,1,2
1974,305,1,2
1974,306,1,2
1974,307,1,2
1974,308,1,2
1974,309,1,2
1974,310,1,2
1974,311,1,2
1974,312,1,2
1974,313,1,2
1974,314,1,2
1974,315,1,2
1974,316,1,2
1974,317,1,2
1974,318,1,2
1974,319,1,2
1974,320,1,2
1974,321,1,2
1974,322,1,2
1974,323,1,2
1974,324,1,2
1974,325,1,2
1974,326,1,2
1974,327,1,2
1974,328,1,2
1974,329,1,2
1974,330,1,2
1974,331,1,2
1974,332,1,2
1974,333,1,2
1974,334,1,2
1974,335,1,2
1974,336,1,2
1974,337,1,2
1974,338,1,2
1974,339,1,2
1974,340,1,2
1974,341,1,2
1974,342,1,2
1974,343,1,2
1974,344,1,2
1974,345,1,2
1974,346,1,2
1974,347,1,2
1974,348,1,3
1974,349,1,3
1974,350,1,3
1974,351,1,3
1974,352,1,3
1974,353,1,3
1974,354,1,3
1974,355,1,3
1974,356,1,3
1974,357,1,3
1974,358,1,3
1974,359,1,3
1974,360,1,3
1974,361,1,3
1974,362,1,3
1974,363,1,3
1974,364,1,3
1974,365,1,3
1974,366,1,3
1974,367,1,3
1974,368,1,3
1974,369,1,3
1974,370,1,3
1974,371,1,3
1974,372,1,3
1974,373,1,3
1974,374,1,3
1974,375,1,3
1974,376,1,3
1974,377,1,3
1974,378,1,3
1974,379,1,3
1974,380,1,3
1974,381,1,3
1974,382,1,3
1974,383,1,3
1974,384,1,3
1974,385,1,3
1974,386,1,3
1974,387,1,3
1974,388,1,3
1974,389,1,3
1974,390,1,3
1974,391,1,3
1974,392,1,3
1974,393,1,3
1974,394,1,3
1974,395,1,3
1974,396,1,3
1974,397,1,3
1974,398,1,3
1974,399,1,3
1974,400,1,3
1974,401,1,3
1974,402,1,3
1974,403,1,3
1974,404,1,3
1974,405,1,3
1974,406,1,3
1974,407,1,3
1974,408,1,3
1974,409,1,3
1974,410,1,3
1974,411,1,3
1974,412,1,3
1974,413,1,3
1974,414,1,3
1974,415,1,3
1974,416,1,3
1974,417,1,3
1974,418,1,3
1974,419,1,3
1974,420,1,3
1974,421,1,3
1974,422,1,3
1974,423,1,3
1974,424,1,3
1974,425,1,3
1974,426,1,2
1974,427,1,2
1974,428,1,2
1974,429,1,2
1974,430,1,2
1974,431,1,2
1974,432,1,2
1974,433,1,2
1974,434,1,2
1974,435,1,2
1974,436,1,2
1974,437,1,2
1974,438,1,2
1974,439,1,2
1974,440,1,2
1974,441,1,2
1974,442,1,2
1974,443,1,2
1974,444,1,2
1974,445,1,2
1974,446,1,2
1974,447,1,2
1974,448,1,2
1974,449,1,2
1974,450,1,2
1974,451,1,2
1974,452,1,2
1974,453,1,2
1974,454,1,2
1974,455,1,2
1974,456,1,2
1974,457,1,2
1974,458,1,2
1974,459,1,2
1974,460,1,2
1974,461,1,3
1974,462,1,3
1974,463,1,3
1974,464,1,3
1974,465,1,3
1974,466,1,3
1974,467,1,3
1974,468,1,3
1974,469,1,3
1974,470,1,3
1974,471,1,3
1974,472,1,3
1974,473,1,3
1974,474,1,3
1974,475,1,3
1974,476,1,3
1974,477,1,3
1974,478,1,3
1974,479,1,3
1974,480,1,3
1974,481,1,3
1974,482,1,3
1974,483,1,3
1974,484,1,3
1974,485,1,3
1974,486,1,3
1974,487,1,3
1974,488,1,3
1974,489,1,3
1974,490,1,3
1974,491,1,3
1974,492,1,3
1974,493,1,3
1974,494,1,3
1974,495,1,3
1974,496,1,3
1974,497,1,3
1974,498,1,3
1974,499,1,3
1974,500,1,3
1974,501,1,3
1974,502,1,3
1974,503,1,3
1974,504,1,3
1974,505,1,3
1974,506,1,3
1974,507,1,3
1974,508,1,3
1974,509,1,3
1974,510,1,3
1974,511,1,3
1974,512,1,3
1974,513,1,3
1974,514,1,3
1974,515,1,2
1974,516,1,2
1974,517,1,2
1974,518,1,2
1974,519,1,2
1974,520,1,2
1974,521,1,2
1974,522,1,2
1974,523,1,2
1974,524,1,2
1974,525,1,2
1974,526,1,2
1974,527,1,2
1974,528,1,2
1974,529,1,2
1974,530,1,2
1974,531,1,2
1974,532,1,2
1974,533,1,2
1974,534,1,2
1974,535,1,2
1974,536,1,2
1974,537,1,2
1974,538,1,2
1974,539,1,2
1974,540,1,2
1974,541,1,2
1974,542,1,2
1974,543,1,2
1974,544,1,2
1974,545,1,2
1974,546,1,2
1974,547,1,2
1974,548,1,2
1974,549,1,2
1974,550,1,2
1974,551,1,2
1974,552,1,2
1974,553,1,2
1974,554,1,2
1974,555,1,2
1974,556,1,2
1974,557,1,2
1974,558,1,2
1974,559,1,3
1974,560,1,3
1974,561,1,3
1974,562,1,3
1974,563,1,3
1974,564,1,3
1974,565,1,3
1974,566,1,3
1974,567,1,3
1974,568,1,3
1974,569,1,3
1974,570,1,3
1974,571,1,3
1974,572,1,3
1974,573,1,3
1974,574,1,3
1974,575,1,3
1974,576,1,3
1974,577,1,3
1974,578,1,3
1974,579,1,3
1974,580,1,3
1974,581,1,3
1974,582,1,3
1974,583,1,3
1974,584,1,3
1974,585,1,3
1974,586,1,3
1974,587,1,3
1974,588,1,3
1974,589,1,3
1974,590,1,3
1974,591,1,3
1974,592,1,3
1974,593,1,3
1974,594,1,3
1974,595,1,3
1974,596,1,3
1974,597,1,3
1974,598,1,3
1974,599,1,2
1974,600,1,2
1974,601,1,2
1974,602,1,2
1974,603,1,2
1974,604,1,2
1974,605,1,2
1974,606,1,2
1974,607,1,2
1974,608,1,2
1974,609,1,2
1974,610,1,2
1974,611,1,2
1974,612,1,2
1974,613,1,2
1974,614,1,2
1974,615,1,2
1974,616,1,2
1974,617,1,2
1974,618,1,2
1974,619,1,2
1974,620,1,2
1974,621,1,2
1974,622,1,2
1974,623,1,2
1974,624,1,2
1974,625,1,2
1974,626,1,2
1974,627,1,2
1974,628,1,2
1974,629,1,2
1974,630,1,2
1974,631,1,2
1974,632,1,2
1974,633,1,2
1974,634,1,2
1974,635,1,2
1974,636,1,2
1974,637,1,2
1974,638,1,2
1974,639,1,2
1974,640,1,2
1974,641,1,2
1974,642,1,2
1974,643,1,2
1974,644,1,2
1974,645,1,2
1974,646,1,2
1974,647,1,2
1975,123,1,3
1975,124,1,3
1975,125,1,3
1975,126,1,3
1975,127,1,3
1975,128,1,3
1975,129,1,3
1975,130,1,3
1975,131,1,3
1975,132,1,3
1975,133,1,3
1975,134,1,3
1975,135,1,3
1975,136,1,3
1975,137,1,3
1975,138,1,3
1975,139,1,3
1975,140,1,3
1975,141,1,3
1975,142,1,3
1975,143,1,3
1975,144,1,3
1975,145,1,3
1975,146,1,3
1975,147,1,3
1975,148,1,3
1975,149,1,3
1975,150,1,3
1975,151,1,3
1975,152,1,3
1975,153,1,3
1975,154,1,3
1975,155,1,3
1975,156,1,3
1975,157,1,3
1975,158,1,3
1975,159,1,3
1975,160,1,3
1975,161,1,3
1975,162,1,3
1975,163,1,3
1975,164,1,3
1975,165,1,3
1975,166,1,3
1975,167,1,3
1975,168,1,3
1975,169,1,3
1975,170,1,3
1975,171,1,3
1975,172,1,3
1975,173,1,3
1975,174,1,3
1975,175,1,2
1975,176,1,2
1975,177,1,2
1975,178,1,2
1975,179,1,2
1975,180,1,2
1975,181,1,2
1975,182,1,2
1975,183,1,2
1975,184,1,2
1975,185,1,2
1975,186,1,2
1975,187,1,2
1975,188,1,2
1975,189,1,2
1975,190,1,2
1975,191,1,2
1975,192,1,2
1975,193,1,2
1975,194,1,2
1975,195,1,2
1975,196,1,2
1975,197,1,2
1975,198,1,2
1975,199,1,2
1975,200,1,2
1975,201,1,2
1975,202,1,2
1975,203,1,2
1975,204,1,2
1975,205,1,2
1975,206,1,2
1975,207,1,2
1975,208,1,2
1975,209,1,2
1975,210,1,2
1975,211,1,2
1975,212,1,2
1975,213,1,2
1975,214,1,2
1975,215,1,2
1975,216,1,2
1975,217,1,2
1975,218,1,2
1975,219,1,2
1975,220,1,2
1975,221,1,2
1975,222,1,2
1975,223,1,2
1975,224,1,2
1975,225,1,2
1975,226,1,2
1975,227,1,2
1975,228,1,2
1975,229,1,2
1975,230,1,2
1975,231,1,2
1975,232,1,2
1975,233,1,2
1975,234,1,2
1975,235,1,2
1975,236,1,2
1975,237,1,2
1975,238,1,2
1975,239,1,2
1975,240,1,2
1975,241,1,2
1975,242,1,2
1975,243,1,2
1975,244,1,2
1975,245,1,2
1975,246,1,2
1975,247,1,2
1975,248,1,2
1975,249,1,2
1975,250,1,2
1975,251,1,2
1975,252,1,2
1975,253,1,2
1975,254,1,2
1975,255,1,2
1975,256,1,2
1975,257,1,2
1975,258,1,2
1975,259,1,2
1975,260,1,2
1975,261,1,2
1975,262,1,2
1975,263,1,2
1975,264,1,2
1975,265,1,2
1975,266,1,2
1975,267,1,2
1975,268,1,2
1975,269,1,2
1975,270,1,2
1975,271,1,2
1975,272,1,2
1975,273,1,2
1975,274,1,2
1975,275,1,2
1975,276,1,2
1975,277,1,2
1975,278,1,2
1975,279,1,2
1975,280,1,2
1975,281,1,2
1975,282,1,2
1975,283,1,2
1975,284,1,2
1975,285,1,2
1975,286,1,2
1975,287,1,2
1975,288,1,2
1975,289,1,2
1975,290,1,2
1975,291,1,2
1975,292,1,2
1975,293,1,2
1975,294,1,2
1975,295,1,2
1975,296,1,2
1975,297,1,2
1975,298,1,2
1975,299,1,2
1975,300,1,2
1975,301,1,2
1975,302,1,2
1975,303,1,2
1975,304,1,2
1975,305,1,2
1975,306,1,2
1975,307,1,2
1975,308,1,2
1975,309,1,2
1975,310,1,2
1975,311,1,2
1975,312,1,2
1975,313,1,2
1975,314,1,2
1975,315,1,2
1975,316,1,2
1975,317,1,2
1975,318,1,2
1975,319,1,2
1975,320,1,2
1975,321,1,2
1975,322,1,2
1975,323,1,2
1975,324,1,2
1975,325,1,2
1975,326,1,2
1975,327,1,2
1975,328,1,2
1975,329,1,2
1975,330,1,2
1975,331,1,2
1975,332,1,2
1975,333,1,2
1975,334,1,2
1975,335,1,2
1975,336,1,2
1975,337,1,2
1975,338,1,2
1975,339,1,2
1975,340,1,2
1975,341,1,2
1975,342,1,2
1975,343,1,2
1975,344,1,2
1975,345,1,2
1975,346,1,2
1975,347,1,2
1975,348,1,2
1975,349,1,3
1975,350,1,3
1975,351,1,3
1975,352,1,3
1975,353,1,3
1975,354,1,3
1975,355,1,3
1975,356,1,3
1975,357,1,3
1975,358,1,3
1975,359,1,3
1975,360,1,3
1975,361,1,3
1975,362,1,3
1975,363,1,3
1975,364,1,3
1975,365,1,3
1975,366,1,3
1975,367,1,3
1975,368,1,3
1975,369,1,3
1975,370,1,3
1975,371,1,3
1975,372,1,3
1975,373,1,3
1975,374,1,3
1975,375,1,3
1975,376,1,3
1975,377,1,3
1975,378,1,3
1975,379,1,3
1975,380,1,3
1975,381,1,3
1975,382,1,3
1975,383,1,3
1975,384,1,3
1975,385,1,3
1975,386,1,3
1975,387,1,3
1975,388,1,3
1975,389,1,3
1975,390,1,3
1975,391,1,3
1975,392,1,3
1975,393,1,3
1975,394,1,3
1975,395,1,3
1975,396,1,3
1975,397,1,3
1975,398,1,3
1975,399,1,3
1975,400,1,3
1975,401,1,3
1975,402,1,3
1975,403,1,3
1975,404,1,3
1975,405,1,3
1975,406,1,3
1975,407,1,3
1975,408,1,3
1975,409,1,3
1975,410,1,3
1975,411,1,3
1975,412,1,3
1975,413,1,3
1975,414,1,3
1975,415,1,3
1975,416,1,3
1975,417,1,3
1975,418,1,3
1975,419,1,3
1975,420,1,3
1975,421,1,3
1975,422,1,3
1975,423,1,3
1975,424,1,3
1975,425,1,2
1975,426,1,2
1975,427,1,2
1975,428,1,2
1975,429,1,2
1975,430,1,2
1975,431,1,2
1975,432,1,2
1975,433,1,2
1975,434,1,2
1975,435,1,2
1975,436,1,2
1975,437,1,2
1975,438,1,2
1975,439,1,2
1975,440,1,2
1975,441,1,2
1975,442,1,2
1975,443,1,2
1975,444,1,2
1975,445,1,2
1975,446,1,2
1975,447,1,2
1975,448,1,2
1975,449,1,2
1975,450,1,2
1975,451,1,2
1975,452,1,2
1975,453,1,2
1975,454,1,2
1975,455,1,2
1975,456,1,2
1975,457,1,2
1975,458,1,2
1975,459,1,2
1975,460,1,2
1975,461,1,3
1975,462,1,3
1975,463,1,3
1975,464,1,3
1975,465,1,3
1975,466,1,3
1975,467,1,3
1975,468,1,3
1975,469,1,3
1975,470,1,3
1975,471,1,3
1975,472,1,3
1975,473,1,3
1975,474,1,3
1975,475,1,3
1975,476,1,3
1975,477,1,3
1975,478,1,3
1975,479,1,3
1975,480,1,3
1975,481,1,3
1975,482,1,3
1975,483,1,3
1975,484,1,3
1975,485,1,3
1975,486,1,3
1975,487,1,3
1975,488,1,3
1975,489,1,3
1975,490,1,3
1975,491,1,3
1975,492,1,3
1975,493,1,3
1975,494,1,3
1975,495,1,3
1975,496,1,3
1975,497,1,3
1975,498,1,3
1975,499,1,3
1975,500,1,3
1975,501,1,3
1975,502,1,3
1975,503,1,3
1975,504,1,3
1975,505,1,3
1975,506,1,3
1975,507,1,3
1975,508,1,3
1975,509,1,3
1975,510,1,3
1975,511,1,3
1975,512,1,3
1975,513,1,3
1975,514,1,3
1975,515,1,2
1975,516,1,2
1975,517,1,2
1975,518,1,2
1975,519,1,2
1975,520,1,2
1975,521,1,2
1975,522,1,2
1975,523,1,2
1975,524,1,2
1975,525,1,2
1975,526,1,2
1975,527,1,2
1975,528,1,2
1975,529,1,2
1975,530,1,2
1975,531,1,2
1975,532,1,2
1975,533,1,2
1975,534,1,2
1975,535,1,2
1975,536,1,2
1975,537,1,2
1975,538,1,2
1975,539,1,2
1975,540,1,2
1975,541,1,2
1975,542,1,2
1975,543,1,2
1975,544,1,2
1975,545,1,2
1975,546,1,2
1975,547,1,2
1975,548,1,2
1975,549,1,2
1975,550,1,2
1975,551,1,2
1975,552,1,2
1975,553,1,2
1975,554,1,2
1975,555,1,2
1975,556,1,2
1975,557,1,2
1975,558,1,2
1975,559,1,2
1975,560,1,3
1975,561,1,3
1975,562,1,3
1975,563,1,3
1975,564,1,3
1975,565,1,3
1975,566,1,3
1975,567,1,3
1975,568,1,3
1975,569,1,3
1975,570,1,3
1975,571,1,3
1975,572,1,3
1975,573,1,3
1975,574,1,3
1975,575,1,3
1975,576,1,3
1975,577,1,3
1975,578,1,3
1975,579,1,3
1975,580,1,3
1975,581,1,3
1975,582,1,3
1975,583,1,3
1975,584,1,3
1975,585,1,3
1975,586,1,3
1975,587,1,3
1975,588,1,3
1975,589,1,3
1975,590,1,3
1975,591,1,3
1975,592,1,3
1975,593,1,3
1975,594,1,3
1975,595,1,3
1975,596,1,3
1975,597,1,3
1975,598,1,3
1975,599,1,3
1975,600,1,2
1975,601,1,2
1975,602,1,2
1975,603,1,2
1975,604,1,2
1975,605,1,2
1975,606,1,2
1975,607,1,2
1975,608,1,2
1975,609,1,2
1975,610,1,2
1975,611,1,2
1975,612,1,2
1975,613,1,2
1975,614,1,2
1975,615,1,2
1975,616,1,2
1975,617,1,2
1975,618,1,2
1975,619,1,2
1975,620,1,2
1975,621,1,2
1975,622,1,2
1975,623,1,2
1975,624,1,2
1975,625,1,2
1975,626,1,2
1975,627,1,2
1975,628,1,2
1975,629,1,2
1975,630,1,2
1975,631,1,2
1975,632,1,2
1975,633,1,2
1975,634,1,2
1975,635,1,2
1975,636,1,2
1975,637,1,2
1975,638,1,2
1975,639,1,2
1975,640,1,2
1975,641,1,2
1975,642,1,2
1975,643,1,2
1975,644,1,2
1975,645,1,2
1975,646,1,2
1975,647,1,2
1975,648,1,2
1976,124,1,3
1976,125,1,3
1976,126,1,3
1976,127,1,3
1976,128,1,3
1976,129,1,3
1976,130,1,3
1976,131,1,3
1976,132,1,3
1976,133,1,3
1976,134,1,3
1976,135,1,3
1976,136,1,3
1976,137,1,3
1976,138,1,3
1976,139,1,3
1976,140,1,3
1976,141,1,3
1976,142,1,3
1976,143,1,3
1976,144,1,3
1976,145,1,3
1976,146,1,3
1976,147,1,3
1976,148,1,3
1976,149,1,3
1976,150,1,3
1976,151,1,3
1976,152,1,3
1976,153,1,3
1976,154,1,3
1976,155,1,3
1976,156,1,3
1976,157,1,3
1976,158,1,3
1976,159,1,3
1976,160,1,3
1976,161,1,3
1976,162,1,3
1976,163,1,3
1976,164,1,3
1976,165,1,3
1976,166,1,3
1976,167,1,3
1976,168,1,3
1976,169,1,3
1976,170,1,3
1976,171,1,3
1976,172,1,3
1976,173,1,3
1976,174,1,3
1976,175,1,2
1976,176,1,2
1976,177,1,2
1976,178,1,2
1976,179,1,2
1976,180,1,2
1976,181,1,2
1976,182,1,2
1976,183,1,2
1976,184,1,2
1976,185,1,2
1976,186,1,2
1976,187,1,2
1976,188,1,2
1976,189,1,2
1976,190,1,2
1976,191,1,2
1976,192,1,2
1976,193,1,2
1976,194,1,2
1976,195,1,2
1976,196,1,2
1976,197,1,2
1976,198,1,2
1976,199,1,2
1976,200,1,2
1976,201,1,2
1976,202,1,2
1976,203,1,2
1976,204,1,2
1976,205,1,2
1976,206,1,2
1976,207,1,2
1976,208,1,2
1976,209,1,2
1976,210,1,2
1976,211,1,2
1976,212,1,2
1976,213,1,2
1976,214,1,2
1976,215,1,2
1976,216,1,2
1976,217,1,2
1976,218,1,2
1976,219,1,2
1976,220,1,2
1976,221,1,2
1976,222,1,2
1976,223,1,2
1976,224,1,2
1976,225,1,2
1976,226,1,2
1976,227,1,2
1976,228,1,2
1976,229,1,2
1976,230,1,2
1976,231,1,2
1976,232,1,2
1976,233,1,2
1976,234,1,2
1976,235,1,2
1976,236,1,2
1976,237,1,2
1976,238,1,2
1976,239,1,2
1976,240,1,2
1976,241,1,2
1976,242,1,2
1976,243,1,2
1976,244,1,2
1976,245,1,2
1976,246,1,2
1976,247,1,2
1976,248,1,2
1976,249,1,2
1976,250,1,2
1976,251,1,2
1976,252,1,2
1976,253,1,2
1976,254,1,2
1976,255,1,2
1976,256,1,2
1976,257,1,2
1976,258,1,2
1976,259,1,2
1976,260,1,2
1976,261,1,2
1976,262,1,2
1976,263,1,2
1976,264,1,2
1976,265,1,2
1976,266,1,2
1976,267,1,2
1976,268,1,2
1976,269,1,2
1976,270,1,2
1976,271,1,2
1976,272,1,2
1976,273,1,2
1976,274,1,2
1976,275,1,2
1976,276,1,2
1976,277,1,2
1976,278,1,2
1976,279,1,2
1976,280,1,2
1976,281,1,2
1976,282,1,2
1976,283,1,2
1976,284,1,2
1976,285,1,2
1976,286,1,2
1976,287,1,2
1976,288,1,2
1976,289,1,2
1976,290,1,2
1976,291,1,2
1976,292,1,2
1976,293,1,2
1976,294,1,2
1976,295,1,2
1976,296,1,2
1976,297,1,2
1976,298,1,2
1976,299,1,2
1976,300,1,2
1976,301,1,2
1976,302,1,2
1976,303,1,2
1976,304,1,2
1976,305,1,2
1976,306,1,2
1976,307,1,2
1976,308,1,2
1976,309,1,2
1976,310,1,2
1976,311,1,2
1976,312,1,2
1976,313,1,2
1976,314,1,2
1976,315,1,2
1976,316,1,2
1976,317,1,2
1976,318,1,2
1976,319,1,2
1976,320,1,2
1976,321,1,2
1976,322,1,2
1976,323,1,2
1976,324,1,2
1976,325,1,2
1976,326,1,2
1976,327,1,2
1976,328,1,2
1976,329,1,2
1976,330,1,2
1976,331,1,2
1976,332,1,2
1976,333,1,2
1976,334,1,2
1976,335,1,2
1976,336,1,2
1976,337,1,2
1976,338,1,2
1976,339,1,2
1976,340,1,2
1976,341,1,2
1976,342,1,2
1976,343,1,2
1976,344,1,2
1976,345,1,2
1976,346,1,2
1976,347,1,2
1976,348,1,2
1976,349,1,3
1976,350,1,3
1976,351,1,3
1976,352,1,3
1976,353,1,3
1976,354,1,3
1976,355,1,3
1976,356,1,3
1976,357,1,3
1976,358,1,3
1976,359,1,3
1976,360,1,3
1976,361,1,3
1976,362,1,3
1976,363,1,3
1976,364,1,3
1976,365,1,3
1976,366,1,3
1976,367,1,3
1976,368,1,3
1976,369,1,3
1976,370,1,3
1976,371,1,3
1976,372,1,3
1976,373,1,3
1976,374,1,3
1976,375,1,3
1976,376,1,3
1976,377,1,3
1976,378,1,3
1976,379,1,3
1976,380,1,3
1976,381,1,3
1976,382,1,3
1976,383,1,3
1976,384,1,3
1976,385,1,3
1976,386,1,3
1976,387,1,3
1976,388,1,3
1976,389,1,3
1976,390,1,3
1976,391,1,3
1976,392,1,3
1976,393,1,3
1976,394,1,3
1976,395,1,3
1976,396,1,3
1976,397,1,3
1976,398,1,3
1976,399,1,3
1976,400,1,3
1976,401,1,3
1976,402,1,3
1976,403,1,3
1976,404,1,3
1976,405,1,3
1976,406,1,3
1976,407,1,3
1976,408,1,3
1976,409,1,3
1976,410,1,3
1976,411,1,3
1976,412,1,3
1976,413,1,3
1976,414,1,3
1976,415,1,3
1976,416,1,3
1976,417,1,3
1976,418,1,3
1976,419,1,3
1976,420,1,3
1976,421,1,3
1976,422,1,3
1976,423,1,3
1976,424,1,2
1976,425,1,2
1976,426,1,2
1976,427,1,2
1976,428,1,2
1976,429,1,2
1976,430,1,2
1976,431,1,2
1976,432,1,2
1976,433,1,2
1976,434,1,2
1976,435,1,2
1976,436,1,2
1976,437,1,2
1976,438,1,2
1976,439,1,2
1976,440,1,2
1976,441,1,2
1976,442,1,2
1976,443,1,2
1976,444,1,2
1976,445,1,2
1976,446,1,2
1976,447,1,2
1976,448,1,2
1976,449,1,2
1976,450,1,2
1976,451,1,2
1976,452,1,2
1976,453,1,2
1976,454,1,2
1976,455,1,2
1976,456,1,2
1976,457,1,2
1976,458,1,2
1976,459,1,2
1976,460,1,3
1976,461,1,3
1976,462,1,3
1976,463,1,3
1976,464,1,3
1976,465,1,3
1976,466,1,3
1976,467,1,3
1976,468,1,3
1976,469,1,3
1976,470,1,3
1976,471,1,3
1976,472,1,3
1976,473,1,3
1976,474,1,3
1976,475,1,3
1976,476,1,3
1976,477,1,3
1976,478,1,3
1976,479,1,3
1976,480,1,3
1976,481,1,3
1976,482,1,3
1976,483,1,3
1976,484,1,3
1976,485,1,3
1976,486,1,3
1976,487,1,3
1976,488,1,3
1976,489,1,3
1976,490,1,3
1976,491,1,3
1976,492,1,3
1976,493,1,3
1976,494,1,3
1976,495,1,3
1976,496,1,3
1976,497,1,3
1976,498,1,3
1976,499,1,3
1976,500,1,3
1976,501,1,3
1976,502,1,3
1976,503,1,3
1976,504,1,3
1976,505,1,3
1976,506,1,3
1976,507,1,3
1976,508,1,3
1976,509,1,3
1976,510,1,3
1976,511,1,3
1976,512,1,3
1976,513,1,3
1976,514,1,3
1976,515,1,2
1976,516,1,2
1976,517,1,2
1976,518,1,2
1976,519,1,2
1976,520,1,2
1976,521,1,2
1976,522,1,2
1976,523,1,2
1976,524,1,2
1976,525,1,2
1976,526,1,2
1976,527,1,2
1976,528,1,2
1976,529,1,2
1976,530,1,2
1976,531,1,2
1976,532,1,2
1976,533,1,2
1976,534,1,2
1976,535,1,2
1976,536,1,2
1976,537,1,2
1976,538,1,2
1976,539,1,2
1976,540,1,2
1976,541,1,2
1976,542,1,2
1976,543,1,2
1976,544,1,2
1976,545,1,2
1976,546,1,2
1976,547,1,2
1976,548,1,2
1976,549,1,2
1976,550,1,2
1976,551,1,2
1976,552,1,2
1976,553,1,2
1976,554,1,2
1976,555,1,2
1976,556,1,2
1976,557,1,2
1976,558,1,2
1976,559,1,2
1976,560,1,3
1976,561,1,3
1976,562,1,3
1976,563,1,3
1976,564,1,3
1976,565,1,3
1976,566,1,3
1976,567,1,3
1976,568,1,3
1976,569,1,3
1976,570,1,3
1976,571,1,3
1976,572,1,3
1976,573,1,3
1976,574,1,3
1976,575,1,3
1976,576,1,3
1976,577,1,3
1976,578,1,3
1976,579,1,3
1976,580,1,3
1976,581,1,3
1976,582,1,3
1976,583,1,3
1976,584,1,3
1976,585,1,3
1976,586,1,3
1976,587,1,3
1976,588,1,3
1976,589,1,3
1976,590,1,3
1976,591,1,3
1976,592,1,3
1976,593,1,3
1976,594,1,3
1976,595,1,3
1976,596,1,3
1976,597,1,3
1976,598,1,3
1976,599,1,3
1976,600,1,3
1976,601,1,3
1976,602,1,2
1976,603,1,2
1976,604,1,2
1976,605,1,2
1976,606,1,2
1976,607,1,2
1976,608,1,2
1976,609,1,2
1976,610,1,2
1976,611,1,2
1976,612,1,2
1976,613,1,2
1976,614,1,2
1976,615,1,2
1976,616,1,2
1976,617,1,2
1976,618,1,2
1976,619,1,2
1976,620,1,2
1976,621,1,2
1976,622,1,2
1976,623,1,2
1976,624,1,2
1976,625,1,2
1976,626,1,2
1976,627,1,2
1976,628,1,2
1976,629,1,2
1976,630,1,2
1976,631,1,2
1976,632,1,2
1976,633,1,2
1976,634,1,2
1976,635,1,2
1976,636,1,2
1976,637,1,2
1976,638,1,2
1976,639,1,2
1976,640,1,2
1976,641,1,2
1976,642,1,2
1976,643,1,2
1976,644,1,2
1976,645,1,2
1976,646,1,2
1976,647,1,2
1976,648,1,2
1977,124,1,3
1977,125,1,3
1977,126,1,3
1977,127,1,3
1977,128,1,3
1977,129,1,3
1977,130,1,3
1977,131,1,3
1977,132,1,3
1977,133,1,3
1977,134,1,3
1977,135,1,3
1977,136,1,3
1977,137,1,3
1977,138,1,3
1977,139,1,3
1977,140,1,3
1977,141,1,3
1977,142,1,3
1977,143,1,3
1977,144,1,3
1977,145,1,3
1977,146,1,3
1977,147,1,3
1977,148,1,3
1977,149,1,3
1977,150,1,3
1977,151,1,3
1977,152,1,3
1977,153,1,3
1977,154,1,3
1977,155,1,3
1977,156,1,3
1977,157,1,3
1977,158,1,3
1977,159,1,3
1977,160,1,3
1977,161,1,3
1977,162,1,3
1977,163,1,3
1977,164,1,3
1977,165,1,3
1977,166,1,3
1977,167,1,3
1977,168,1,3
1977,169,1,3
1977,170,1,3
1977,171,1,3
1977,172,1,3
1977,173,1,3
1977,174,1,3
1977,175,1,2
1977,176,1,2
1977,177,1,2
1977,178,1,2
1977,179,1,2
1977,180,1,2
1977,181,1,2
1977,182,1,2
1977,183,1,2
1977,184,1,2
1977,185,1,2
1977,186,1,2
1977,187,1,2
1977,188,1,2
1977,189,1,2
1977,190,1,2
1977,191,1,2
1977,192,1,2
1977,193,1,2
1977,194,1,2
1977,195,1,2
1977,196,1,2
1977,197,1,2
1977,198,1,2
1977,199,1,2
1977,200,1,2
1977,201,1,2
1977,202,1,2
1977,203,1,2
1977,204,1,2
1977,205,1,2
1977,206,1,2
1977,207,1,2
1977,208,1,2
1977,209,1,2
1977,210,1,2
1977,211,1,2
1977,212,1,2
1977,213,1,2
1977,214,1,2
1977,215,1,2
1977,216,1,2
1977,217,1,2
1977,218,1,2
1977,219,1,2
1977,220,1,2
1977,221,1,2
1977,222,1,2
1977,223,1,2
1977,224,1,2
1977,225,1,2
1977,226,1,2
1977,227,1,2
1977,228,1,2
1977,229,1,2
1977,230,1,2
1977,231,1,2
1977,232,1,2
1977,233,1,2
1977,234,1,2
1977,235,1,2
1977,236,1,2
1977,237,1,2
1977,238,1,2
1977,239,1,2
1977,240,1,2
1977,241,1,2
1977,242,1,2
1977,243,1,2
1977,244,1,2
1977,245,1,2
1977,246,1,2
1977,247,1,2
1977,248,1,2
1977,249,1,2
1977,250,1,2
1977,251,1,2
1977,252,1,2
1977,253,1,2
1977,254,1,2
1977,255,1,2
1977,256,1,2
1977,257,1,2
1977,258,1,2
1977,259,1,2
1977,260,1,2
1977,261,1,2
1977,262,1,2
1977,263,1,2
1977,264,1,2
1977,265,1,2
1977,266,1,2
1977,267,1,2
1977,268,1,2
1977,269,1,2
1977,270,1,2
1977,271,1,2
1977,272,1,2
1977,273,1,2
1977,274,1,2
1977,275,1,2
1977,276,1,2
1977,277,1,2
1977,278,1,2
1977,279,1,2
1977,280,1,2
1977,281,1,2
1977,282,1,2
1977,283,1,2
1977,284,1,2
1977,285,1,2
1977,286,1,2
1977,287,1,2
1977,288,1,2
1977,289,1,2
1977,290,1,2
1977,291,1,2
1977,292,1,2
1977,293,1,2
1977,294,1,2
1977,295,1,2
1977,296,1,2
1977,297,1,2
1977,298,1,2
1977,299,1,2
1977,300,1,2
1977,301,1,2
1977,302,1,2
1977,303,1,2
1977,304,1,2
1977,305,1,2
1977,306,1,2
1977,307,1,2
1977,308,1,2
1977,309,1,2
1977,310,1,2
1977,311,1,2
1977,312,1,2
1977,313,1,2
1977,314,1,2
1977,315,1,2
1977,316,1,2
1977,317,1,2
1977,318,1,2
1977,319,1,2
1977,320,1,2
1977,321,1,2
1977,322,1,2
1977,323,1,2
1977,324,1,2
1977,325,1,2
1977,326,1,2
1977,327,1,2
1977,328,1,2
1977,329,1,2
1977,330,1,2
1977,331,1,2
1977,332,1,2
1977,333,1,2
1977,334,1,2
1977,335,1,2
1977,336,1,2
1977,337,1,2
1977,338,1,2
1977,339,1,2
1977,340,1,2
1977,341,1,2
1977,342,1,2
1977,343,1,2
1977,344,1,2
1977,345,1,2
1977,346,1,2
1977,347,1,2
1977,348,1,2
1977,349,1,2
1977,350,1,3
1977,351,1,3
1977,352,1,3
1977,353,1,3
1977,354,1,3
1977,355,1,3
1977,356,1,3
1977,357,1,3
1977,358,1,3
1977,359,1,3
1977,360,1,3
1977,361,1,3
1977,362,1,3
1977,363,1,3
1977,364,1,3
1977,365,1,3
1977,366,1,3
1977,367,1,3
1977,368,1,3
1977,369,1,3
1977,370,1,3
1977,371,1,3
1977,372,1,3
1977,373,1,3
1977,374,1,3
1977,375,1,3
1977,376,1,3
1977,377,1,3
1977,378,1,3
1977,379,1,3
1977,380,1,3
1977,381,1,3
1977,382,1,3
1977,383,1,3
1977,384,1,3
1977,385,1,3
1977,386,1,3
1977,387,1,3
1977,388,1,3
1977,389,1,3
1977,390,1,3
1977,391,1,3
1977,392,1,3
1977,393,1,3
1977,394,1,3
1977,395,1,3
1977,396,1,3
1977,397,1,3
1977,398,1,3
1977,399,1,3
1977,400,1,3
1977,401,1,3
1977,402,1,3
1977,403,1,3
1977,404,1,3
1977,405,1,3
1977,406,1,3
1977,407,1,3
1977,408,1,3
1977,409,1,3
1977,410,1,3
1977,411,1,3
1977,412,1,3
1977,413,1,3
1977,414,1,3
1977,415,1,3
1977,416,1,3
1977,417,1,3
1977,418,1,3
1977,419,1,3
1977,420,1,3
1977,421,1,3
1977,422,1,3
1977,423,1,2
1977,424,1,2
1977,425,1,2
1977,426,1,2
1977,427,1,2
1977,428,1,2
1977,429,1,2
1977,430,1,2
1977,431,1,2
1977,432,1,2
1977,433,1,2
1977,434,1,2
1977,435,1,2
1977,436,1,2
1977,437,1,2
1977,438,1,2
1977,439,1,2
1977,440,1,2
1977,441,1,2
1977,442,1,2
1977,443,1,2
1977,444,1,2
1977,445,1,2
1977,446,1,2
1977,447,1,2
1977,448,1,2
1977,449,1,2
1977,450,1,2
1977,451,1,2
1977,452,1,2
1977,453,1,2
1977,454,1,2
1977,455,1,2
1977,456,1,2
1977,457,1,2
1977,458,1,2
1977,459,1,2
1977,460,1,3
1977,461,1,3
1977,462,1,3
1977,463,1,3
1977,464,1,3
1977,465,1,3
1977,466,1,3
1977,467,1,3
1977,468,1,3
1977,469,1,3
1977,470,1,3
1977,471,1,3
1977,472,1,3
1977,473,1,3
1977,474,1,3
1977,475,1,3
1977,476,1,3
1977,477,1,3
1977,478,1,3
1977,479,1,3
1977,480,1,3
1977,481,1,3
1977,482,1,3
1977,483,1,3
1977,484,1,3
1977,485,1,3
1977,486,1,3
1977,487,1,3
1977,488,1,3
1977,489,1,3
1977,490,1,3
1977,491,1,3
1977,492,1,3
1977,493,1,3
1977,494,1,3
1977,495,1,3
1977,496,1,3
1977,497,1,3
1977,498,1,3
1977,499,1,3
1977,500,1,3
1977,501,1,3
1977,502,1,3
1977,503,1,3
1977,504,1,3
1977,505,1,3
1977,506,1,3
1977,507,1,3
1977,508,1,3
1977,509,1,3
1977,510,1,3
1977,511,1,3
1977,512,1,3
1977,513,1,3
1977,514,1,3
1977,515,1,3
1977,516,1,2
1977,517,1,2
1977,518,1,2
1977,519,1,2
1977,520,1,2
1977,521,1,2
1977,522,1,2
1977,523,1,2
1977,524,1,2
1977,525,1,2
1977,526,1,2
1977,527,1,2
1977,528,1,2
1977,529,1,2
1977,530,1,2
1977,531,1,2
1977,532,1,2
1977,533,1,2
1977,534,1,2
1977,535,1,2
1977,536,1,2
1977,537,1,2
1977,538,1,2
1977,539,1,2
1977,540,1,2
1977,541,1,2
1977,542,1,2
1977,543,1,2
1977,544,1,2
1977,545,1,2
1977,546,1,2
1977,547,1,2
1977,548,1,2
1977,549,1,2
1977,550,1,2
1977,551,1,2
1977,552,1,2
1977,553,1,2
1977,554,1,2
1977,555,1,2
1977,556,1,2
1977,557,1,2
1977,558,1,2
1977,559,1,2
1977,560,1,2
1977,561,1,3
1977,562,1,3
1977,563,1,3
1977,564,1,3
1977,565,1,3
1977,566,1,3
1977,567,1,3
1977,568,1,3
1977,569,1,3
1977,570,1,3
1977,571,1,3
1977,572,1,3
1977,573,1,3
1977,574,1,3
1977,575,1,3
1977,576,1,3
1977,577,1,3
1977,578,1,3
1977,579,1,3
1977,580,1,3
1977,581,1,3
1977,582,1,3
1977,583,1,3
1977,584,1,3
1977,585,1,3
1977,586,1,3
1977,587,1,3
1977,588,1,3
1977,589,1,3
1977,590,1,3
1977,591,1,3
1977,592,1,3
1977,593,1,3
1977,594,1,3
1977,595,1,3
1977,596,1,3
1977,597,1,3
1977,598,1,3
1977,599,1,3
1977,600,1,3
1977,601,1,3
1977,602,1,3
1977,603,1,3
1977,604,1,2
1977,605,1,2
1977,606,1,2
1977,607,1,2
1977,608,1,2
1977,609,1,2
1977,610,1,2
1977,611,1,2
1977,612,1,2
1977,613,1,2
1977,614,1,2
1977,615,1,2
1977,616,1,2
1977,617,1,2
1977,618,1,2
1977,619,1,2
1977,620,1,2
1977,621,1,2
1977,622,1,2
1977,623,1,2
1977,624,1,2
1977,625,1,2
1977,626,1,2
1977,627,1,2
1977,628,1,2
1977,629,1,2
1977,630,1,2
1977,631,1,2
1977,632,1,2
1977,633,1,2
1977,634,1,2
1977,635,1,2
1977,636,1,2
1977,637,1,2
1977,638,1,2
1977,639,1,2
1977,640,1,2
1977,641,1,2
1977,642,1,2
1977,643,1,2
1977,644,1,2
1977,645,1,2
1977,646,1,2
1977,647,1,2
1977,648,1,2
1978,124,1,3
1978,125,1,3
1978,126,1,3
1978,127,1,3
1978,128,1,3
1978,129,1,3
1978,130,1,3
1978,131,1,3
1978,132,1,3
1978,133,1,3
1978,134,1,3
1978,135,1,3
1978,136,1,3
1978,137,1,3
1978,138,1,3
1978,139,1,3
1978,140,1,3
1978,141,1,3
1978,142,1,3
1978,143,1,3
1978,144,1,3
1978,145,1,3
1978,146,1,3
1978,147,1,3
1978,148,1,3
1978,149,1,3
1978,150,1,3
1978,151,1,3
1978,152,1,3
1978,153,1,3
1978,154,1,3
1978,155,1,3
1978,156,1,3
1978,157,1,3
1978,158,1,3
1978,159,1,3
1978,160,1,3
1978,161,1,3
1978,162,1,3
1978,163,1,3
1978,164,1,3
1978,165,1,3
1978,166,1,3
1978,167,1,3
1978,168,1,3
1978,169,1,3
1978,170,1,3
1978,171,1,3
1978,172,1,3
1978,173,1,3
1978,174,1,2
1978,175,1,2
1978,176,1,2
1978,177,1,2
1978,178,1,2
1978,179,1,2
1978,180,1,2
1978,181,1,2
1978,182,1,2
1978,183,1,2
1978,184,1,2
1978,185,1,2
1978,186,1,2
1978,187,1,2
1978,188,1,2
1978,189,1,2
1978,190,1,2
1978,191,1,2
1978,192,1,2
1978,193,1,2
1978,194,1,2
1978,195,1,2
1978,196,1,2
1978,197,1,2
1978,198,1,2
1978,199,1,2
1978,200,1,2
1978,201,1,2
1978,202,1,2
1978,203,1,2
1978,204,1,2
1978,205,1,2
1978,206,1,2
1978,207,1,2
1978,208,1,2
1978,209,1,2
1978,210,1,2
1978,211,1,2
1978,212,1,2
1978,213,1,2
1978,214,1,2
1978,215,1,2
1978,216,1,2
1978,217,1,2
1978,218,1,2
1978,219,1,2
1978,220,1,2
1978,221,1,2
1978,222,1,2
1978,223,1,2
1978,224,1,2
1978,225,1,2
1978,226,1,2
1978,227,1,2
1978,228,1,2
1978,229,1,2
1978,230,1,2
1978,231,1,2
1978,232,1,2
1978,233,1,2
1978,234,1,2
1978,235,1,2
1978,236,1,2
1978,237,1,2
1978,238,1,2
1978,239,1,2
1978,240,1,2
1978,241,1,2
1978,242,1,2
1978,243,1,2
1978,244,1,2
1978,245,1,2
1978,246,1,2
1978,247,1,2
1978,248,1,2
1978,249,1,2
1978,250,1,2
1978,251,1,2
1978,252,1,2
1978,253,1,2
1978,254,1,2
1978,255,1,2
1978,256,1,2
1978,257,1,2
1978,258,1,2
1978,259,1,2
1978,260,1,2
1978,261,1,2
1978,262,1,2
1978,263,1,2
1978,264,1,2
1978,265,1,2
1978,266,1,2
1978,267,1,2
1978,268,1,2
1978,269,1,2
1978,270,1,2
1978,271,1,2
1978,272,1,2
1978,273,1,2
1978,274,1,2
1978,275,1,2
1978,276,1,2
1978,277,1,2
1978,278,1,2
1978,279,1,2
1978,280,1,2
1978,281,1,2
1978,282,1,2
1978,283,1,2
1978,284,1,2
1978,285,1,2
1978,286,1,2
1978,287,1,2
1978,288,1,2
1978,289,1,2
1978,290,1,2
1978,291,1,2
1978,292,1,2
1978,293,1,2
1978,294,1,2
1978,295,1,2
1978,296,1,2
1978,297,1,2
1978,298,1,2
1978,299,1,2
1978,300,1,2
1978,301,1,2
1978,302,1,2
1978,303,1,2
1978,304,1,2
1978,305,1,2
1978,306,1,2
1978,307,1,2
1978,308,1,2
1978,309,1,2
1978,310,1,2
1978,311,1,2
1978,312,1,2
1978,313,1,2
1978,314,1,2
1978,315,1,2
1978,316,1,2
1978,317,1,2
1978,318,1,2
1978,319,1,2
1978,320,1,2
1978,321,1,2
1978,322,1,2
1978,323,1,2
1978,324,1,2
1978,325,1,2
1978,326,1,2
1978,327,1,2
1978,328,1,2
1978,329,1,2
1978,330,1,2
1978,331,1,2
1978,332,1,2
1978,333,1,2
1978,334,1,2
1978,335,1,2
1978,336,1,2
1978,337,1,2
1978,338,1,2
1978,339,1,2
1978,340,1,2
1978,341,1,2
1978,342,1,2
1978,343,1,2
1978,344,1,2
1978,345,1,2
1978,346,1,2
1978,347,1,2
1978,348,1,2
1978,349,1,2
1978,350,1,3
1978,351,1,3
1978,352,1,3
1978,353,1,3
1978,354,1,3
1978,355,1,3
1978,356,1,3
1978,357,1,3
1978,358,1,3
1978,359,1,3
1978,360,1,3
1978,361,1,3
1978,362,1,3
1978,363,1,3
1978,364,1,3
1978,365,1,3
1978,366,1,3
1978,367,1,3
1978,368,1,3
1978,369,1,3
1978,370,1,3
1978,371,1,3
1978,372,1,3
1978,373,1,3
1978,374,1,3
1978,375,1,3
1978,376,1,3
1978,377,1,3
1978,378,1,3
1978,379,1,3
1978,380,1,3
1978,381,1,3
1978,382,1,3
1978,383,1,3
1978,384,1,3
1978,385,1,3
1978,386,1,3
1978,387,1,3
1978,388,1,3
1978,389,1,3
1978,390,1,3
1978,391,1,3
1978,392,1,3
1978,393,1,3
1978,394,1,3
1978,395,1,3
1978,396,1,3
1978,397,1,3
1978,398,1,3
1978,399,1,3
1978,400,1,3
1978,401,1,3
1978,402,1,3
1978,403,1,3
1978,404,1,3
1978,405,1,3
1978,406,1,3
1978,407,1,3
1978,408,1,3
1978,409,1,3
1978,410,1,3
1978,411,1,3
1978,412,1,3
1978,413,1,3
1978,414,1,3
1978,415,1,3
1978,416,1,3
1978,417,1,3
1978,418,1,3
1978,419,1,3
1978,420,1,2
1978,421,1,2
1978,422,1,2
1978,423,1,2
1978,424,1,2
1978,425,1,2
1978,426,1,2
1978,427,1,2
1978,428,1,2
1978,429,1,2
1978,430,1,2
1978,431,1,2
1978,432,1,2
1978,433,1,2
1978,434,1,2
1978,435,1,2
1978,436,1,2
1978,437,1,2
1978,438,1,2
1978,439,1,2
1978,440,1,2
1978,441,1,2
1978,442,1,2
1978,443,1,2
1978,444,1,2
1978,445,1,2
1978,446,1,2
1978,447,1,2
1978,448,1,2
1978,449,1,2
1978,450,1,2
1978,451,1,2
1978,452,1,2
1978,453,1,2
1978,454,1,2
1978,455,1,2
1978,456,1,2
1978,457,1,2
1978,458,1,2
1978,459,1,3
1978,460,1,3
1978,461,1,3
1978,462,1,3
1978,463,1,3
1978,464,1,3
1978,465,1,3
1978,466,1,3
1978,467,1,3
1978,468,1,3
1978,469,1,3
1978,470,1,3
1978,471,1,3
1978,472,1,3
1978,473,1,3
1978,474,1,3
1978,475,1,3
1978,476,1,3
1978,477,1,3
1978,478,1,3
1978,479,1,3
1978,480,1,3
1978,481,1,3
1978,482,1,3
1978,483,1,3
1978,484,1,3
1978,485,1,3
1978,486,1,3
1978,487,1,3
1978,488,1,3
1978,489,1,3
1978,490,1,3
1978,491,1,3
1978,492,1,3
1978,493,1,3
1978,494,1,3
1978,495,1,3
1978,496,1,3
1978,497,1,3
1978,498,1,3
1978,499,1,3
1978,500,1,3
1978,501,1,3
1978,502,1,3
1978,503,1,3
1978,504,1,3
1978,505,1,3
1978,506,1,3
1978,507,1,3
1978,508,1,3
1978,509,1,3
1978,510,1,3
1978,511,1,3
1978,512,1,3
1978,513,1,3
1978,514,1,3
1978,515,1,3
1978,516,1,3
1978,517,1,2
1978,518,1,2
1978,519,1,2
1978,520,1,2
1978,521,1,2
1978,522,1,2
1978,523,1,2
1978,524,1,2
1978,525,1,2
1978,526,1,2
1978,527,1,2
1978,528,1,2
1978,529,1,2
1978,530,1,2
1978,531,1,2
1978,532,1,2
1978,533,1,2
1978,534,1,2
1978,535,1,2
1978,536,1,2
1978,537,1,2
1978,538,1,2
1978,539,1,2
1978,540,1,2
1978,541,1,2
1978,542,1,2
1978,543,1,2
1978,544,1,2
1978,545,1,2
1978,546,1,2
1978,547,1,2
1978,548,1,2
1978,549,1,2
1978,550,1,2
1978,551,1,2
1978,552,1,2
1978,553,1,2
1978,554,1,2
1978,555,1,2
1978,556,1,2
1978,557,1,2
1978,558,1,2
1978,559,1,2
1978,560,1,2
1978,561,1,3
1978,562,1,3
1978,563,1,3
1978,564,1,3
1978,565,1,3
1978,566,1,3
1978,567,1,3
1978,568,1,3
1978,569,1,3
1978,570,1,3
1978,571,1,3
1978,572,1,3
1978,573,1,3
1978,574,1,3
1978,575,1,3
1978,576,1,3
1978,577,1,3
1978,578,1,3
1978,579,1,3
1978,580,1,3
1978,581,1,3
1978,582,1,3
1978,583,1,3
1978,584,1,3
1978,585,1,3
1978,586,1,3
1978,587,1,3
1978,588,1,3
1978,589,1,3
1978,590,1,3
1978,591,1,3
1978,592,1,3
1978,593,1,3
1978,594,1,3
1978,595,1,3
1978,596,1,3
1978,597,1,3
1978,598,1,3
1978,599,1,3
1978,600,1,3
1978,601,1,3
1978,602,1,3
1978,603,1,3
1978,604,1,3
1978,605,1,3
1978,606,1,3
1978,607,1,2
1978,608,1,2
1978,609,1,2
1978,610,1,2
1978,611,1,2
1978,612,1,2
1978,613,1,3
1978,614,1,2
1978,615,1,3
1978,616,1,2
1978,617,1,2
1978,618,1,2
1978,619,1,2
1978,620,1,2
1978,621,1,2
1978,622,1,2
1978,623,1,2
1978,624,1,2
1978,625,1,2
1978,626,1,2
1978,627,1,2
1978,628,1,2
1978,629,1,2
1978,630,1,2
1978,631,1,2
1978,632,1,2
1978,633,1,2
1978,634,1,2
1978,635,1,2
1978,636,1,2
1978,637,1,2
1978,638,1,2
1978,639,1,2
1978,640,1,2
1978,641,1,2
1978,642,1,2
1978,643,1,2
1978,644,1,2
1978,645,1,2
1978,646,1,2
1978,647,1,2
1978,648,1,2
1979,124,1,3
1979,125,1,3
1979,126,1,3
1979,127,1,3
1979,128,1,3
1979,129,1,3
1979,130,1,3
1979,131,1,3
1979,132,1,3
1979,133,1,3
1979,134,1,3
1979,135,1,3
1979,136,1,3
1979,137,1,3
1979,138,1,3
1979,139,1,3
1979,140,1,3
1979,141,1,3
1979,142,1,3
1979,143,1,3
1979,144,1,3
1979,145,1,3
1979,146,1,3
1979,147,1,3
1979,148,1,3
1979,149,1,3
1979,150,1,3
1979,151,1,3
1979,152,1,3
1979,153,1,3
1979,154,1,3
1979,155,1,3
1979,156,1,3
1979,157,1,3
1979,158,1,3
1979,159,1,3
1979,160,1,3
1979,161,1,3
1979,162,1,3
1979,163,1,3
1979,164,1,3
1979,165,1,3
1979,166,1,3
1979,167,1,3
1979,168,1,3
1979,169,1,3
1979,170,1,3
1979,171,1,3
1979,172,1,3
1979,173,1,3
1979,174,1,3
1979,175,1,2
1979,176,1,2
1979,177,1,2
1979,178,1,2
1979,179,1,2
1979,180,1,2
1979,181,1,2
1979,182,1,2
1979,183,1,2
1979,184,1,2
1979,185,1,2
1979,186,1,2
1979,187,1,2
1979,188,1,2
1979,189,1,2
1979,190,1,2
1979,191,1,2
1979,192,1,2
1979,193,1,2
1979,194,1,2
1979,195,1,2
1979,196,1,2
1979,197,1,2
1979,198,1,2
1979,199,1,2
1979,200,1,2
1979,201,1,2
1979,202,1,2
1979,203,1,2
1979,204,1,2
1979,205,1,2
1979,206,1,2
1979,207,1,2
1979,208,1,2
1979,209,1,2
1979,210,1,2
1979,211,1,2
1979,212,1,2
1979,213,1,2
1979,214,1,2
1979,215,1,2
1979,216,1,2
1979,217,1,2
1979,218,1,2
1979,219,1,2
1979,220,1,2
1979,221,1,2
1979,222,1,2
1979,223,1,2
1979,224,1,2
1979,225,1,2
1979,226,1,2
1979,227,1,2
1979,228,1,2
1979,229,1,2
1979,230,1,2
1979,231,1,2
1979,232,1,2
1979,233,1,2
1979,234,1,2
1979,235,1,2
1979,236,1,2
1979,237,1,2
1979,238,1,2
1979,239,1,2
1979,240,1,2
1979,241,1,2
1979,242,1,2
1979,243,1,2
1979,244,1,2
1979,245,1,2
1979,246,1,2
1979,247,1,2
1979,248,1,2
1979,249,1,2
1979,250,1,2
1979,251,1,2
1979,252,1,2
1979,253,1,2
1979,254,1,2
1979,255,1,2
1979,256,1,2
1979,257,1,2
1979,258,1,2
1979,259,1,2
1979,260,1,2
1979,261,1,2
1979,262,1,2
1979,263,1,2
1979,264,1,2
1979,265,1,2
1979,266,1,2
1979,267,1,2
1979,268,1,2
1979,269,1,2
1979,270,1,2
1979,271,1,2
1979,272,1,2
1979,273,1,2
1979,274,1,2
1979,275,1,2
1979,276,1,2
1979,277,1,2
1979,278,1,2
1979,279,1,2
1979,280,1,2
1979,281,1,2
1979,282,1,2
1979,283,1,2
1979,284,1,2
1979,285,1,2
1979,286,1,2
1979,287,1,2
1979,288,1,2
1979,289,1,2
1979,290,1,2
1979,291,1,2
1979,292,1,2
1979,293,1,2
1979,294,1,2
1979,295,1,2
1979,296,1,2
1979,297,1,2
1979,298,1,2
1979,299,1,2
1979,300,1,2
1979,301,1,2
1979,302,1,2
1979,303,1,2
1979,304,1,2
1979,305,1,2
1979,306,1,2
1979,307,1,2
1979,308,1,2
1979,309,1,2
1979,310,1,2
1979,311,1,2
1979,312,1,2
1979,313,1,2
1979,314,1,2
1979,315,1,2
1979,316,1,2
1979,317,1,2
1979,318,1,2
1979,319,1,2
1979,320,1,2
1979,321,1,2
1979,322,1,2
1979,323,1,2
1979,324,1,2
1979,325,1,2
1979,326,1,2
1979,327,1,2
1979,328,1,2
1979,329,1,2
1979,330,1,2
1979,331,1,2
1979,332,1,2
1979,333,1,2
1979,334,1,2
1979,335,1,2
1979,336,1,2
1979,337,1,2
1979,338,1,2
1979,339,1,2
1979,340,1,2
1979,341,1,2
1979,342,1,2
1979,343,1,2
1979,344,1,2
1979,345,1,2
1979,346,1,2
1979,347,1,2
1979,348,1,2
1979,349,1,2
1979,350,1,2
1979,351,1,3
1979,352,1,3
1979,353,1,3
1979,354,1,3
1979,355,1,3
1979,356,1,3
1979,357,1,3
1979,358,1,3
1979,359,1,3
1979,360,1,3
1979,361,1,3
1979,362,1,3
1979,363,1,3
1979,364,1,3
1979,365,1,3
1979,366,1,3
1979,367,1,3
1979,368,1,3
1979,369,1,3
1979,370,1,3
1979,371,1,3
1979,372,1,3
1979,373,1,3
1979,374,1,3
1979,375,1,3
1979,376,1,3
1979,377,1,3
1979,378,1,3
1979,379,1,3
1979,380,1,3
1979,381,1,3
1979,382,1,3
1979,383,1,3
1979,384,1,3
1979,385,1,3
1979,386,1,3
1979,387,1,3
1979,388,1,3
1979,389,1,3
1979,390,1,3
1979,391,1,3
1979,392,1,3
1979,393,1,3
1979,394,1,3
1979,395,1,3
1979,396,1,3
1979,397,1,3
1979,398,1,3
1979,399,1,3
1979,400,1,3
1979,401,1,3
1979,402,1,3
1979,403,1,3
1979,404,1,3
1979,405,1,3
1979,406,1,3
1979,407,1,3
1979,408,1,3
1979,409,1,3
1979,410,1,3
1979,411,1,3
1979,412,1,3
1979,413,1,3
1979,414,1,3
1979,415,1,3
1979,416,1,3
1979,417,1,3
1979,418,1,2
1979,419,1,2
1979,420,1,2
1979,421,1,2
1979,422,1,2
1979,423,1,2
1979,424,1,2
1979,425,1,2
1979,426,1,2
1979,427,1,2
1979,428,1,2
1979,429,1,2
1979,430,1,2
1979,431,1,2
1979,432,1,2
1979,433,1,2
1979,434,1,2
1979,435,1,2
1979,436,1,2
1979,437,1,2
1979,438,1,2
1979,439,1,2
1979,440,1,2
1979,441,1,2
1979,442,1,2
1979,443,1,2
1979,444,1,2
1979,445,1,2
1979,446,1,2
1979,447,1,2
1979,448,1,2
1979,449,1,2
1979,450,1,2
1979,451,1,2
1979,452,1,2
1979,453,1,2
1979,454,1,2
1979,455,1,2
1979,456,1,2
1979,457,1,2
1979,458,1,2
1979,459,1,3
1979,460,1,3
1979,461,1,3
1979,462,1,3
1979,463,1,3
1979,464,1,3
1979,465,1,3
1979,466,1,3
1979,467,1,3
1979,468,1,3
1979,469,1,3
1979,470,1,3
1979,471,1,3
1979,472,1,3
1979,473,1,3
1979,474,1,3
1979,475,1,3
1979,476,1,3
1979,477,1,3
1979,478,1,3
1979,479,1,3
1979,480,1,3
1979,481,1,3
1979,482,1,3
1979,483,1,3
1979,484,1,3
1979,485,1,3
1979,486,1,3
1979,487,1,3
1979,488,1,3
1979,489,1,3
1979,490,1,3
1979,491,1,3
1979,492,1,3
1979,493,1,3
1979,494,1,3
1979,495,1,3
1979,496,1,3
1979,497,1,3
1979,498,1,3
1979,499,1,3
1979,500,1,3
1979,501,1,3
1979,502,1,3
1979,503,1,3
1979,504,1,3
1979,505,1,3
1979,506,1,3
1979,507,1,3
1979,508,1,3
1979,509,1,3
1979,510,1,3
1979,511,1,3
1979,512,1,3
1979,513,1,3
1979,514,1,3
1979,515,1,3
1979,516,1,3
1979,517,1,2
1979,518,1,2
1979,519,1,2
1979,520,1,2
1979,521,1,2
1979,522,1,2
1979,523,1,2
1979,524,1,2
1979,525,1,2
1979,526,1,2
1979,527,1,2
1979,528,1,2
1979,529,1,2
1979,530,1,2
1979,531,1,2
1979,532,1,2
1979,533,1,2
1979,534,1,2
1979,535,1,2
1979,536,1,2
1979,537,1,2
1979,538,1,2
1979,539,1,2
1979,540,1,2
1979,541,1,2
1979,542,1,2
1979,543,1,2
1979,544,1,2
1979,545,1,2
1979,546,1,2
1979,547,1,2
1979,548,1,2
1979,549,1,2
1979,550,1,2
1979,551,1,2
1979,552,1,2
1979,553,1,2
1979,554,1,2
1979,555,1,2
1979,556,1,2
1979,557,1,2
1979,558,1,2
1979,559,1,2
1979,560,1,2
1979,561,1,2
1979,562,1,3
1979,563,1,3
1979,564,1,3
1979,565,1,3
1979,566,1,3
1979,567,1,3
1979,568,1,3
1979,569,1,3
1979,570,1,3
1979,571,1,3
1979,572,1,3
1979,573,1,3
1979,574,1,3
1979,575,1,3
1979,576,1,3
1979,577,1,3
1979,578,1,3
1979,579,1,3
1979,580,1,3
1979,581,1,3
1979,582,1,3
1979,583,1,3
1979,584,1,3
1979,585,1,3
1979,586,1,3
1979,587,1,3
1979,588,1,3
1979,589,1,3
1979,590,1,3
1979,591,1,3
1979,592,1,3
1979,593,1,3
1979,594,1,3
1979,595,1,3
1979,596,1,3
1979,597,1,3
1979,598,1,3
1979,599,1,3
1979,600,1,3
1979,601,1,3
1979,602,1,3
1979,603,1,3
1979,604,1,3
1979,605,1,3
1979,606,1,3
1979,607,1,3
1979,608,1,3
1979,609,1,3
1979,610,1,3
1979,611,1,3
1979,612,1,3
1979,613,1,3
1979,614,1,3
1979,615,1,3
1979,616,1,3
1979,617,1,2
1979,618,1,2
1979,619,1,2
1979,620,1,2
1979,621,1,2
1979,622,1,2
1979,623,1,2
1979,624,1,2
1979,625,1,2
1979,626,1,2
1979,627,1,2
1979,628,1,2
1979,629,1,2
1979,630,1,2
1979,631,1,2
1979,632,1,2
1979,633,1,2
1979,634,1,2
1979,635,1,2
1979,636,1,2
1979,637,1,2
1979,638,1,2
1979,639,1,2
1979,640,1,2
1979,641,1,2
1979,642,1,2
1979,643,1,2
1979,644,1,2
1979,645,1,2
1979,646,1,2
1979,647,1,2
1979,648,1,2
1980,124,1,3
1980,125,1,3
1980,126,1,3
1980,127,1,3
1980,128,1,3
1980,129,1,3
1980,130,1,3
1980,131,1,3
1980,132,1,3
1980,133,1,3
1980,134,1,3
1980,135,1,3
1980,136,1,3
1980,137,1,3
1980,138,1,3
1980,139,1,3
1980,140,1,3
1980,141,1,3
1980,142,1,3
1980,143,1,3
1980,144,1,3
1980,145,1,3
1980,146,1,3
1980,147,1,3
1980,148,1,3
1980,149,1,3
1980,150,1,3
1980,151,1,3
1980,152,1,3
1980,153,1,3
1980,154,1,3
1980,155,1,3
1980,156,1,3
1980,157,1,3
1980,158,1,3
1980,159,1,3
1980,160,1,3
1980,161,1,3
1980,162,1,3
1980,163,1,3
1980,164,1,3
1980,165,1,3
1980,166,1,3
1980,167,1,3
1980,168,1,3
1980,169,1,3
1980,170,1,3
1980,171,1,3
1980,172,1,3
1980,173,1,3
1980,174,1,2
1980,175,1,2
1980,176,1,2
1980,177,1,2
1980,178,1,2
1980,179,1,2
1980,180,1,2
1980,181,1,2
1980,182,1,2
1980,183,1,2
1980,184,1,2
1980,185,1,2
1980,186,1,2
1980,187,1,2
1980,188,1,2
1980,189,1,2
1980,190,1,2
1980,191,1,2
1980,192,1,2
1980,193,1,2
1980,194,1,2
1980,195,1,2
1980,196,1,2
1980,197,1,2
1980,198,1,2
1980,199,1,2
1980,200,1,2
1980,201,1,2
1980,202,1,2
1980,203,1,2
1980,204,1,2
1980,205,1,2
1980,206,1,2
1980,207,1,2
1980,208,1,2
1980,209,1,2
1980,210,1,2
1980,211,1,2
1980,212,1,2
1980,213,1,2
1980,214,1,2
1980,215,1,2
1980,216,1,2
1980,217,1,2
1980,218,1,2
1980,219,1,2
1980,220,1,2
1980,221,1,2
1980,222,1,2
1980,223,1,2
1980,224,1,2
1980,225,1,2
1980,226,1,2
1980,227,1,2
1980,228,1,2
1980,229,1,2
1980,230,1,2
1980,231,1,2
1980,232,1,2
1980,233,1,2
1980,234,1,2
1980,235,1,2
1980,236,1,2
1980,237,1,2
1980,238,1,2
1980,239,1,2
1980,240,1,2
1980,241,1,2
1980,242,1,2
1980,243,1,2
1980,244,1,2
1980,245,1,2
1980,246,1,2
1980,247,1,2
1980,248,1,2
1980,249,1,2
1980,250,1,2
1980,251,1,2
1980,252,1,2
1980,253,1,2
1980,254,1,2
1980,255,1,2
1980,256,1,2
1980,257,1,2
1980,258,1,2
1980,259,1,2
1980,260,1,2
1980,261,1,2
1980,262,1,2
1980,263,1,2
1980,264,1,2
1980,265,1,2
1980,266,1,2
1980,267,1,2
1980,268,1,2
1980,269,1,2
1980,270,1,2
1980,271,1,2
1980,272,1,2
1980,273,1,2
1980,274,1,2
1980,275,1,2
1980,276,1,2
1980,277,1,2
1980,278,1,2
1980,279,1,2
1980,280,1,2
1980,281,1,2
1980,282,1,2
1980,283,1,2
1980,284,1,2
1980,285,1,2
1980,286,1,2
1980,287,1,2
1980,288,1,2
1980,289,1,2
1980,290,1,2
1980,291,1,2
1980,292,1,2
1980,293,1,2
1980,294,1,2
1980,295,1,2
1980,296,1,2
1980,297,1,2
1980,298,1,2
1980,299,1,2
1980,300,1,2
1980,301,1,2
1980,302,1,2
1980,303,1,2
1980,304,1,2
1980,305,1,2
1980,306,1,2
1980,307,1,2
1980,308,1,2
1980,309,1,2
1980,310,1,2
1980,311,1,2
1980,312,1,2
1980,313,1,2
1980,314,1,2
1980,315,1,2
1980,316,1,2
1980,317,1,2
1980,318,1,2
1980,319,1,2
1980,320,1,2
1980,321,1,2
1980,322,1,2
1980,323,1,2
1980,324,1,2
1980,325,1,2
1980,326,1,2
1980,327,1,2
1980,328,1,2
1980,329,1,2
1980,330,1,2
1980,331,1,2
1980,332,1,2
1980,333,1,2
1980,334,1,2
1980,335,1,2
1980,336,1,2
1980,337,1,2
1980,338,1,2
1980,339,1,2
1980,340,1,2
1980,341,1,2
1980,342,1,2
1980,343,1,2
1980,344,1,2
1980,345,1,2
1980,346,1,2
1980,347,1,2
1980,348,1,2
1980,349,1,2
1980,350,1,2
1980,351,1,2
1980,352,1,3
1980,353,1,3
1980,354,1,3
1980,355,1,3
1980,356,1,3
1980,357,1,3
1980,358,1,3
1980,359,1,3
1980,360,1,3
1980,361,1,3
1980,362,1,3
1980,363,1,3
1980,364,1,3
1980,365,1,3
1980,366,1,3
1980,367,1,3
1980,368,1,3
1980,369,1,3
1980,370,1,3
1980,371,1,3
1980,372,1,3
1980,373,1,3
1980,374,1,3
1980,375,1,3
1980,376,1,3
1980,377,1,3
1980,378,1,3
1980,379,1,3
1980,380,1,3
1980,381,1,3
1980,382,1,3
1980,383,1,3
1980,384,1,3
1980,385,1,3
1980,386,1,3
1980,387,1,3
1980,388,1,3
1980,389,1,3
1980,390,1,3
1980,391,1,3
1980,392,1,3
1980,393,1,3
1980,394,1,3
1980,395,1,3
1980,396,1,3
1980,397,1,3
1980,398,1,3
1980,399,1,3
1980,400,1,3
1980,401,1,3
1980,402,1,3
1980,403,1,3
1980,404,1,3
1980,405,1,3
1980,406,1,3
1980,407,1,3
1980,408,1,3
1980,409,1,3
1980,410,1,3
1980,411,1,3
1980,412,1,3
1980,413,1,3
1980,414,1,3
1980,415,1,3
1980,416,1,2
1980,417,1,2
1980,418,1,2
1980,419,1,2
1980,420,1,2
1980,421,1,2
1980,422,1,2
1980,423,1,2
1980,424,1,2
1980,425,1,2
1980,426,1,2
1980,427,1,2
1980,428,1,2
1980,429,1,2
1980,430,1,2
1980,431,1,2
1980,432,1,2
1980,433,1,2
1980,434,1,2
1980,435,1,2
1980,436,1,2
1980,437,1,2
1980,438,1,2
1980,439,1,2
1980,440,1,2
1980,441,1,2
1980,442,1,2
1980,443,1,2
1980,444,1,2
1980,445,1,2
1980,446,1,2
1980,447,1,2
1980,448,1,2
1980,449,1,2
1980,450,1,2
1980,451,1,2
1980,452,1,2
1980,453,1,2
1980,454,1,2
1980,455,1,2
1980,456,1,2
1980,457,1,2
1980,458,1,2
1980,459,1,3
1980,460,1,3
1980,461,1,3
1980,462,1,3
1980,463,1,3
1980,464,1,3
1980,465,1,3
1980,466,1,3
1980,467,1,3
1980,468,1,3
1980,469,1,3
1980,470,1,3
1980,471,1,3
1980,472,1,3
1980,473,1,3
1980,474,1,3
1980,475,1,3
1980,476,1,3
1980,477,1,3
1980,478,1,3
1980,479,1,3
1980,480,1,3
1980,481,1,3
1980,482,1,3
1980,483,1,3
1980,484,1,3
1980,485,1,3
1980,486,1,3
1980,487,1,3
1980,488,1,3
1980,489,1,3
1980,490,1,3
1980,491,1,3
1980,492,1,3
1980,493,1,3
1980,494,1,3
1980,495,1,3
1980,496,1,3
1980,497,1,3
1980,498,1,3
1980,499,1,3
1980,500,1,3
1980,501,1,3
1980,502,1,3
1980,503,1,3
1980,504,1,3
1980,505,1,3
1980,506,1,3
1980,507,1,3
1980,508,1,3
1980,509,1,3
1980,510,1,3
1980,511,1,3
1980,512,1,3
1980,513,1,3
1980,514,1,3
1980,515,1,3
1980,516,1,3
1980,517,1,2
1980,518,1,2
1980,519,1,2
1980,520,1,2
1980,521,1,2
1980,522,1,2
1980,523,1,2
1980,524,1,2
1980,525,1,2
1980,526,1,2
1980,527,1,2
1980,528,1,2
1980,529,1,2
1980,530,1,2
1980,531,1,2
1980,532,1,2
1980,533,1,2
1980,534,1,2
1980,535,1,2
1980,536,1,2
1980,537,1,2
1980,538,1,2
1980,539,1,2
1980,540,1,2
1980,541,1,2
1980,542,1,2
1980,543,1,2
1980,544,1,2
1980,545,1,2
1980,546,1,2
1980,547,1,2
1980,548,1,2
1980,549,1,2
1980,550,1,2
1980,551,1,2
1980,552,1,2
1980,553,1,2
1980,554,1,2
1980,555,1,2
1980,556,1,2
1980,557,1,2
1980,558,1,2
1980,559,1,2
1980,560,1,2
1980,561,1,2
1980,562,1,2
1980,563,1,2
1980,564,1,3
1980,565,1,3
1980,566,1,3
1980,567,1,3
1980,568,1,3
1980,569,1,3
1980,570,1,3
1980,571,1,3
1980,572,1,3
1980,573,1,3
1980,574,1,3
1980,575,1,3
1980,576,1,3
1980,577,1,3
1980,578,1,3
1980,579,1,3
1980,580,1,3
1980,581,1,3
1980,582,1,3
1980,583,1,3
1980,584,1,3
1980,585,1,3
1980,586,1,3
1980,587,1,3
1980,588,1,3
1980,589,1,3
1980,590,1,3
1980,591,1,3
1980,592,1,3
1980,593,1,3
1980,594,1,3
1980,595,1,3
1980,596,1,3
1980,597,1,3
1980,598,1,3
1980,599,1,3
1980,600,1,3
1980,601,1,3
1980,602,1,3
1980,603,1,3
1980,604,1,3
1980,605,1,3
1980,606,1,3
1980,607,1,3
1980,608,1,3
1980,609,1,3
1980,610,1,3
1980,611,1,3
1980,612,1,3
1980,613,1,3
1980,614,1,3
1980,615,1,3
1980,616,1,2
1980,617,1,2
1980,618,1,2
1980,619,1,2
1980,620,1,2
1980,621,1,2
1980,622,1,2
1980,623,1,2
1980,624,1,2
1980,625,1,2
1980,626,1,2
1980,627,1,2
1980,628,1,2
1980,629,1,2
1980,630,1,2
1980,631,1,2
1980,632,1,2
1980,633,1,2
1980,634,1,2
1980,635,1,2
1980,636,1,2
1980,637,1,2
1980,638,1,2
1980,639,1,2
1980,640,1,2
1980,641,1,2
1980,642,1,2
1980,643,1,2
1980,644,1,2
1980,645,1,2
1980,646,1,2
1980,647,1,2
1980,648,1,2
1981,125,1,3
1981,126,1,3
1981,127,1,3
1981,128,1,3
1981,129,1,3
1981,130,1,3
1981,131,1,3
1981,132,1,3
1981,133,1,3
1981,134,1,3
1981,135,1,3
1981,136,1,3
1981,137,1,3
1981,138,1,3
1981,139,1,3
1981,140,1,3
1981,141,1,3
1981,142,1,3
1981,143,1,3
1981,144,1,3
1981,145,1,3
1981,146,1,3
1981,147,1,3
1981,148,1,3
1981,149,1,3
1981,150,1,3
1981,151,1,3
1981,152,1,3
1981,153,1,3
1981,154,1,3
1981,155,1,3
1981,156,1,3
1981,157,1,3
1981,158,1,3
1981,159,1,3
1981,160,1,3
1981,161,1,3
1981,162,1,3
1981,163,1,3
1981,164,1,3
1981,165,1,3
1981,166,1,3
1981,167,1,3
1981,168,1,3
1981,169,1,3
1981,170,1,3
1981,171,1,3
1981,172,1,3
1981,173,1,3
1981,174,1,2
1981,175,1,2
1981,176,1,2
1981,177,1,2
1981,178,1,2
1981,179,1,2
1981,180,1,2
1981,181,1,2
1981,182,1,2
1981,183,1,2
1981,184,1,2
1981,185,1,2
1981,186,1,2
1981,187,1,2
1981,188,1,2
1981,189,1,2
1981,190,1,2
1981,191,1,2
1981,192,1,2
1981,193,1,2
1981,194,1,2
1981,195,1,2
1981,196,1,2
1981,197,1,2
1981,198,1,2
1981,199,1,2
1981,200,1,2
1981,201,1,2
1981,202,1,2
1981,203,1,2
1981,204,1,2
1981,205,1,2
1981,206,1,2
1981,207,1,2
1981,208,1,2
1981,209,1,2
1981,210,1,2
1981,211,1,2
1981,212,1,2
1981,213,1,2
1981,214,1,2
1981,215,1,2
1981,216,1,2
1981,217,1,2
1981,218,1,2
1981,219,1,2
1981,220,1,2
1981,221,1,2
1981,222,1,2
1981,223,1,2
1981,224,1,2
1981,225,1,2
1981,226,1,2
1981,227,1,2
1981,228,1,2
1981,229,1,2
1981,230,1,2
1981,231,1,2
1981,232,1,2
1981,233,1,2
1981,234,1,2
1981,235,1,2
1981,236,1,2
1981,237,1,2
1981,238,1,2
1981,239,1,2
1981,240,1,2
1981,241,1,2
1981,242,1,2
1981,243,1,2
1981,244,1,2
1981,245,1,2
1981,246,1,2
1981,247,1,2
1981,248,1,2
1981,249,1,2
1981,250,1,2
1981,251,1,2
1981,252,1,2
1981,253,1,2
1981,254,1,2
1981,255,1,2
1981,256,1,2
1981,257,1,2
1981,258,1,2
1981,259,1,2
1981,260,1,2
1981,261,1,2
1981,262,1,2
1981,263,1,2
1981,264,1,2
1981,265,1,2
1981,266,1,2
1981,267,1,2
1981,268,1,2
1981,269,1,2
1981,270,1,2
1981,271,1,2
1981,272,1,2
1981,273,1,2
1981,274,1,2
1981,275,1,2
1981,276,1,2
1981,277,1,2
1981,278,1,2
1981,279,1,2
1981,280,1,2
1981,281,1,2
1981,282,1,2
1981,283,1,2
1981,284,1,2
1981,285,1,2
1981,286,1,2
1981,287,1,2
1981,288,1,2
1981,289,1,2
1981,290,1,2
1981,291,1,2
1981,292,1,2
1981,293,1,2
1981,294,1,2
1981,295,1,2
1981,296,1,2
1981,297,1,2
1981,298,1,2
1981,299,1,2
1981,300,1,2
1981,301,1,2
1981,302,1,2
1981,303,1,2
1981,304,1,2
1981,305,1,2
1981,306,1,2
1981,307,1,2
1981,308,1,2
1981,309,1,2
1981,310,1,2
1981,311,1,2
1981,312,1,2
1981,313,1,2
1981,314,1,2
1981,315,1,2
1981,316,1,2
1981,317,1,2
1981,318,1,2
1981,319,1,2
1981,320,1,2
1981,321,1,2
1981,322,1,2
1981,323,1,2
1981,324,1,2
1981,325,1,2
1981,326,1,2
1981,327,1,2
1981,328,1,2
1981,329,1,2
1981,330,1,2
1981,331,1,2
1981,332,1,2
1981,333,1,2
1981,334,1,2
1981,335,1,2
1981,336,1,2
1981,337,1,2
1981,338,1,2
1981,339,1,2
1981,340,1,2
1981,341,1,2
1981,342,1,2
1981,343,1,2
1981,344,1,2
1981,345,1,2
1981,346,1,2
1981,347,1,2
1981,348,1,2
1981,349,1,2
1981,350,1,2
1981,351,1,2
1981,352,1,2
1981,353,1,3
1981,354,1,3
1981,355,1,3
1981,356,1,3
1981,357,1,3
1981,358,1,3
1981,359,1,3
1981,360,1,3
1981,361,1,3
1981,362,1,3
1981,363,1,3
1981,364,1,3
1981,365,1,3
1981,366,1,3
1981,367,1,3
1981,368,1,3
1981,369,1,3
1981,370,1,3
1981,371,1,3
1981,372,1,3
1981,373,1,3
1981,374,1,3
1981,375,1,3
1981,376,1,3
1981,377,1,3
1981,378,1,3
1981,379,1,3
1981,380,1,3
1981,381,1,3
1981,382,1,3
1981,383,1,3
1981,384,1,3
1981,385,1,3
1981,386,1,3
1981,387,1,3
1981,388,1,3
1981,389,1,3
1981,390,1,3
1981,391,1,3
1981,392,1,3
1981,393,1,3
1981,394,1,3
1981,395,1,3
1981,396,1,3
1981,397,1,3
1981,398,1,3
1981,399,1,3
1981,400,1,3
1981,401,1,3
1981,402,1,3
1981,403,1,3
1981,404,1,3
1981,405,1,3
1981,406,1,3
1981,407,1,3
1981,408,1,3
1981,409,1,3
1981,410,1,3
1981,411,1,3
1981,412,1,3
1981,413,1,2
1981,414,1,2
1981,415,1,2
1981,416,1,2
1981,417,1,2
1981,418,1,2
1981,419,1,2
1981,420,1,2
1981,421,1,2
1981,422,1,2
1981,423,1,2
1981,424,1,2
1981,425,1,2
1981,426,1,2
1981,427,1,2
1981,428,1,2
1981,429,1,2
1981,430,1,2
1981,431,1,2
1981,432,1,2
1981,433,1,2
1981,434,1,2
1981,435,1,2
1981,436,1,2
1981,437,1,2
1981,438,1,2
1981,439,1,2
1981,440,1,2
1981,441,1,2
1981,442,1,2
1981,443,1,2
1981,444,1,2
1981,445,1,2
1981,446,1,2
1981,447,1,2
1981,448,1,2
1981,449,1,2
1981,450,1,2
1981,451,1,2
1981,452,1,2
1981,453,1,2
1981,454,1,2
1981,455,1,2
1981,456,1,2
1981,457,1,2
1981,458,1,2
1981,459,1,3
1981,460,1,3
1981,461,1,3
1981,462,1,3
1981,463,1,3
1981,464,1,3
1981,465,1,3
1981,466,1,3
1981,467,1,3
1981,468,1,3
1981,469,1,3
1981,470,1,3
1981,471,1,3
1981,472,1,3
1981,473,1,3
1981,474,1,3
1981,475,1,3
1981,476,1,3
1981,477,1,3
1981,478,1,3
1981,479,1,3
1981,480,1,3
1981,481,1,3
1981,482,1,3
1981,483,1,3
1981,484,1,3
1981,485,1,3
1981,486,1,3
1981,487,1,3
1981,488,1,3
1981,489,1,3
1981,490,1,3
1981,491,1,3
1981,492,1,3
1981,493,1,3
1981,494,1,3
1981,495,1,3
1981,496,1,3
1981,497,1,3
1981,498,1,3
1981,499,1,3
1981,500,1,3
1981,501,1,3
1981,502,1,3
1981,503,1,3
1981,504,1,3
1981,505,1,3
1981,506,1,3
1981,507,1,3
1981,508,1,3
1981,509,1,3
1981,510,1,3
1981,511,1,3
1981,512,1,3
1981,513,1,3
1981,514,1,3
1981,515,1,3
1981,516,1,3
1981,517,1,2
1981,518,1,2
1981,519,1,2
1981,520,1,2
1981,521,1,2
1981,522,1,2
1981,523,1,2
1981,524,1,2
1981,525,1,2
1981,526,1,2
1981,527,1,2
1981,528,1,2
1981,529,1,2
1981,530,1,2
1981,531,1,2
1981,532,1,2
1981,533,1,2
1981,534,1,2
1981,535,1,2
1981,536,1,2
1981,537,1,2
1981,538,1,2
1981,539,1,2
1981,540,1,2
1981,541,1,2
1981,542,1,2
1981,543,1,2
1981,544,1,2
1981,545,1,2
1981,546,1,2
1981,547,1,2
1981,548,1,2
1981,549,1,2
1981,550,1,2
1981,551,1,2
1981,552,1,2
1981,553,1,2
1981,554,1,2
1981,555,1,2
1981,556,1,2
1981,557,1,2
1981,558,1,2
1981,559,1,2
1981,560,1,2
1981,561,1,2
1981,562,1,2
1981,563,1,2
1981,564,1,2
1981,565,1,3
1981,566,1,3
1981,567,1,3
1981,568,1,3
1981,569,1,3
1981,570,1,3
1981,571,1,3
1981,572,1,3
1981,573,1,3
1981,574,1,3
1981,575,1,3
1981,576,1,3
1981,577,1,3
1981,578,1,3
1981,579,1,3
1981,580,1,3
1981,581,1,3
1981,582,1,3
1981,583,1,3
1981,584,1,3
1981,585,1,3
1981,586,1,3
1981,587,1,3
1981,588,1,3
1981,589,1,3
1981,590,1,3
1981,591,1,3
1981,592,1,3
1981,593,1,3
1981,594,1,3
1981,595,1,3
1981,596,1,3
1981,597,1,3
1981,598,1,3
1981,599,1,3
1981,600,1,3
1981,601,1,3
1981,602,1,3
1981,603,1,3
1981,604,1,3
1981,605,1,3
1981,606,1,3
1981,607,1,3
1981,608,1,3
1981,609,1,3
1981,610,1,3
1981,611,1,3
1981,612,1,3
1981,613,1,3
1981,614,1,3
1981,615,1,3
1981,616,1,3
1981,617,1,2
1981,618,1,2
1981,619,1,2
1981,620,1,2
1981,621,1,2
1981,622,1,2
1981,623,1,2
1981,624,1,2
1981,625,1,2
1981,626,1,2
1981,627,1,2
1981,628,1,2
1981,629,1,2
1981,630,1,2
1981,631,1,2
1981,632,1,2
1981,633,1,2
1981,634,1,2
1981,635,1,2
1981,636,1,2
1981,637,1,2
1981,638,1,2
1981,639,1,2
1981,640,1,2
1981,641,1,2
1981,642,1,2
1981,643,1,2
1981,644,1,2
1981,645,1,2
1981,646,1,2
1981,647,1,2
1981,648,1,2
1981,649,1,2
1982,125,1,3
1982,126,1,3
1982,127,1,3
1982,128,1,3
1982,129,1,3
1982,130,1,3
1982,131,1,3
1982,132,1,3
1982,133,1,3
1982,134,1,3
1982,135,1,3
1982,136,1,3
1982,137,1,3
1982,138,1,3
1982,139,1,3
1982,140,1,3
1982,141,1,3
1982,142,1,3
1982,143,1,3
1982,144,1,3
1982,145,1,3
1982,146,1,3
1982,147,1,3
1982,148,1,3
1982,149,1,3
1982,150,1,3
1982,151,1,3
1982,152,1,3
1982,153,1,3
1982,154,1,3
1982,155,1,3
1982,156,1,3
1982,157,1,3
1982,158,1,3
1982,159,1,3
1982,160,1,3
1982,161,1,3
1982,162,1,3
1982,163,1,3
1982,164,1,3
1982,165,1,3
1982,166,1,3
1982,167,1,3
1982,168,1,3
1982,169,1,3
1982,170,1,3
1982,171,1,3
1982,172,1,3
1982,173,1,3
1982,174,1,2
1982,175,1,2
1982,176,1,2
1982,177,1,2
1982,178,1,2
1982,179,1,2
1982,180,1,2
1982,181,1,2
1982,182,1,2
1982,183,1,2
1982,184,1,2
1982,185,1,2
1982,186,1,2
1982,187,1,2
1982,188,1,2
1982,189,1,2
1982,190,1,2
1982,191,1,2
1982,192,1,2
1982,193,1,2
1982,194,1,2
1982,195,1,2
1982,196,1,2
1982,197,1,2
1982,198,1,2
1982,199,1,2
1982,200,1,2
1982,201,1,2
1982,202,1,2
1982,203,1,2
1982,204,1,2
1982,205,1,2
1982,206,1,2
1982,207,1,2
1982,208,1,2
1982,209,1,2
1982,210,1,2
1982,211,1,2
1982,212,1,2
1982,213,1,2
1982,214,1,2
1982,215,1,2
1982,216,1,2
1982,217,1,2
1982,218,1,2
1982,219,1,2
1982,220,1,2
1982,221,1,2
1982,222,1,2
1982,223,1,2
1982,224,1,2
1982,225,1,2
1982,226,1,2
1982,227,1,2
1982,228,1,2
1982,229,1,2
1982,230,1,2
1982,231,1,2
1982,232,1,2
1982,233,1,2
1982,234,1,2
1982,235,1,2
1982,236,1,2
1982,237,1,2
1982,238,1,2
1982,239,1,2
1982,240,1,2
1982,241,1,2
1982,242,1,2
1982,243,1,2
1982,244,1,2
1982,245,1,2
1982,246,1,2
1982,247,1,2
1982,248,1,2
1982,249,1,2
1982,250,1,2
1982,251,1,2
1982,252,1,2
1982,253,1,2
1982,254,1,2
1982,255,1,2
1982,256,1,2
1982,257,1,2
1982,258,1,2
1982,259,1,2
1982,260,1,2
1982,261,1,2
1982,262,1,2
1982,263,1,2
1982,264,1,2
1982,265,1,2
1982,266,1,2
1982,267,1,2
1982,268,1,2
1982,269,1,2
1982,270,1,2
1982,271,1,2
1982,272,1,2
1982,273,1,2
1982,274,1,2
1982,275,1,2
1982,276,1,2
1982,277,1,2
1982,278,1,2
1982,279,1,2
1982,280,1,2
1982,281,1,2
1982,282,1,2
1982,283,1,2
1982,284,1,2
1982,285,1,2
1982,286,1,2
1982,287,1,2
1982,288,1,2
1982,289,1,2
1982,290,1,2
1982,291,1,2
1982,292,1,2
1982,293,1,2
1982,294,1,2
1982,295,1,2
1982,296,1,2
1982,297,1,2
1982,298,1,2
1982,299,1,2
1982,300,1,2
1982,301,1,2
1982,302,1,2
1982,303,1,2
1982,304,1,2
1982,305,1,2
1982,306,1,2
1982,307,1,2
1982,308,1,2
1982,309,1,2
1982,310,1,2
1982,311,1,2
1982,312,1,2
1982,313,1,2
1982,314,1,2
1982,315,1,2
1982,316,1,2
1982,317,1,2
1982,318,1,2
1982,319,1,2
1982,320,1,2
1982,321,1,2
1982,322,1,2
1982,323,1,2
1982,324,1,2
1982,325,1,2
1982,326,1,2
1982,327,1,2
1982,328,1,2
1982,329,1,2
1982,330,1,2
1982,331,1,2
1982,332,1,2
1982,333,1,2
1982,334,1,2
1982,335,1,2
1982,336,1,2
1982,337,1,2
1982,338,1,2
1982,339,1,2
1982,340,1,2
1982,341,1,2
1982,342,1,2
1982,343,1,2
1982,344,1,2
1982,345,1,2
1982,346,1,2
1982,347,1,2
1982,348,1,2
1982,349,1,2
1982,350,1,2
1982,351,1,2
1982,352,1,2
1982,353,1,3
1982,354,1,3
1982,355,1,3
1982,356,1,3
1982,357,1,3
1982,358,1,3
1982,359,1,3
1982,360,1,3
1982,361,1,3
1982,362,1,3
1982,363,1,3
1982,364,1,3
1982,365,1,3
1982,366,1,3
1982,367,1,3
1982,368,1,3
1982,369,1,3
1982,370,1,3
1982,371,1,3
1982,372,1,3
1982,373,1,3
1982,374,1,3
1982,375,1,3
1982,376,1,3
1982,377,1,3
1982,378,1,3
1982,379,1,3
1982,380,1,3
1982,381,1,3
1982,382,1,3
1982,383,1,3
1982,384,1,3
1982,385,1,3
1982,386,1,3
1982,387,1,3
1982,388,1,3
1982,389,1,3
1982,390,1,3
1982,391,1,3
1982,392,1,3
1982,393,1,3
1982,394,1,3
1982,395,1,3
1982,396,1,3
1982,397,1,3
1982,398,1,3
1982,399,1,3
1982,400,1,3
1982,401,1,3
1982,402,1,3
1982,403,1,3
1982,404,1,3
1982,405,1,3
1982,406,1,3
1982,407,1,3
1982,408,1,3
1982,409,1,3
1982,410,1,3
1982,411,1,2
1982,412,1,2
1982,413,1,2
1982,414,1,2
1982,415,1,2
1982,416,1,2
1982,417,1,2
1982,418,1,2
1982,419,1,2
1982,420,1,2
1982,421,1,2
1982,422,1,2
1982,423,1,2
1982,424,1,2
1982,425,1,2
1982,426,1,2
1982,427,1,2
1982,428,1,2
1982,429,1,2
1982,430,1,2
1982,431,1,2
1982,432,1,2
1982,433,1,2
1982,434,1,2
1982,435,1,2
1982,436,1,2
1982,437,1,2
1982,438,1,2
1982,439,1,2
1982,440,1,2
1982,441,1,2
1982,442,1,2
1982,443,1,2
1982,444,1,2
1982,445,1,2
1982,446,1,2
1982,447,1,2
1982,448,1,2
1982,449,1,2
1982,450,1,2
1982,451,1,2
1982,452,1,2
1982,453,1,2
1982,454,1,2
1982,455,1,2
1982,456,1,2
1982,457,1,2
1982,458,1,3
1982,459,1,3
1982,460,1,3
1982,461,1,3
1982,462,1,3
1982,463,1,3
1982,464,1,3
1982,465,1,3
1982,466,1,3
1982,467,1,3
1982,468,1,3
1982,469,1,3
1982,470,1,3
1982,471,1,3
1982,472,1,3
1982,473,1,3
1982,474,1,3
1982,475,1,3
1982,476,1,3
1982,477,1,3
1982,478,1,3
1982,479,1,3
1982,480,1,3
1982,481,1,3
1982,482,1,3
1982,483,1,3
1982,484,1,3
1982,485,1,3
1982,486,1,3
1982,487,1,3
1982,488,1,3
1982,489,1,3
1982,490,1,3
1982,491,1,3
1982,492,1,3
1982,493,1,3
1982,494,1,3
1982,495,1,3
1982,496,1,3
1982,497,1,3
1982,498,1,3
1982,499,1,3
1982,500,1,3
1982,501,1,3
1982,502,1,3
1982,503,1,3
1982,504,1,3
1982,505,1,3
1982,506,1,3
1982,507,1,3
1982,508,1,3
1982,509,1,3
1982,510,1,3
1982,511,1,3
1982,512,1,3
1982,513,1,3
1982,514,1,3
1982,515,1,3
1982,516,1,3
1982,517,1,2
1982,518,1,2
1982,519,1,2
1982,520,1,2
1982,521,1,2
1982,522,1,2
1982,523,1,2
1982,524,1,2
1982,525,1,2
1982,526,1,2
1982,527,1,2
1982,528,1,2
1982,529,1,2
1982,530,1,2
1982,531,1,2
1982,532,1,2
1982,533,1,2
1982,534,1,2
1982,535,1,2
1982,536,1,2
1982,537,1,2
1982,538,1,2
1982,539,1,2
1982,540,1,2
1982,541,1,2
1982,542,1,2
1982,543,1,2
1982,544,1,2
1982,545,1,2
1982,546,1,2
1982,547,1,2
1982,548,1,2
1982,549,1,2
1982,550,1,2
1982,551,1,2
1982,552,1,2
1982,553,1,2
1982,554,1,2
1982,555,1,2
1982,556,1,2
1982,557,1,2
1982,558,1,2
1982,559,1,2
1982,560,1,2
1982,561,1,2
1982,562,1,2
1982,563,1,2
1982,564,1,2
1982,565,1,2
1982,566,1,3
1982,567,1,3
1982,568,1,3
1982,569,1,3
1982,570,1,3
1982,571,1,3
1982,572,1,3
1982,573,1,3
1982,574,1,3
1982,575,1,3
1982,576,1,3
1982,577,1,3
1982,578,1,3
1982,579,1,3
1982,580,1,3
1982,581,1,3
1982,582,1,3
1982,583,1,3
1982,584,1,3
1982,585,1,3
1982,586,1,3
1982,587,1,3
1982,588,1,3
1982,589,1,3
1982,590,1,3
1982,591,1,3
1982,592,1,3
1982,593,1,3
1982,594,1,3
1982,595,1,3
1982,596,1,3
1982,597,1,3
1982,598,1,3
1982,599,1,3
1982,600,1,3
1982,601,1,3
1982,602,1,3
1982,603,1,3
1982,604,1,3
1982,605,1,3
1982,606,1,3
1982,607,1,3
1982,608,1,3
1982,609,1,3
1982,610,1,3
1982,611,1,3
1982,612,1,3
1982,613,1,3
1982,614,1,3
1982,615,1,3
1982,616,1,3
1982,617,1,2
1982,618,1,2
1982,619,1,2
1982,620,1,2
1982,621,1,2
1982,622,1,2
1982,623,1,2
1982,624,1,2
1982,625,1,2
1982,626,1,2
1982,627,1,2
1982,628,1,2
1982,629,1,2
1982,630,1,2
1982,631,1,2
1982,632,1,2
1982,633,1,2
1982,634,1,2
1982,635,1,2
1982,636,1,2
1982,637,1,2
1982,638,1,2
1982,639,1,2
1982,640,1,2
1982,641,1,2
1982,642,1,2
1982,643,1,2
1982,644,1,2
1982,645,1,2
1982,646,1,2
1982,647,1,2
1982,648,1,2
1982,649,1,2
1983,125,1,3
1983,126,1,3
1983,127,1,3
1983,128,1,3
1983,129,1,3
1983,130,1,3
1983,131,1,3
1983,132,1,3
1983,133,1,3
1983,134,1,3
1983,135,1,3
1983,136,1,3
1983,137,1,3
1983,138,1,3
1983,139,1,3
1983,140,1,3
1983,141,1,3
1983,142,1,3
1983,143,1,3
1983,144,1,3
1983,145,1,3
1983,146,1,3
1983,147,1,3
1983,148,1,3
1983,149,1,3
1983,150,1,3
1983,151,1,3
1983,152,1,3
1983,153,1,3
1983,154,1,3
1983,155,1,3
1983,156,1,3
1983,157,1,3
1983,158,1,3
1983,159,1,3
1983,160,1,3
1983,161,1,3
1983,162,1,3
1983,163,1,3
1983,164,1,3
1983,165,1,3
1983,166,1,3
1983,167,1,3
1983,168,1,3
1983,169,1,3
1983,170,1,3
1983,171,1,3
1983,172,1,3
1983,173,1,3
1983,174,1,3
1983,175,1,2
1983,176,1,2
1983,177,1,2
1983,178,1,2
1983,179,1,2
1983,180,1,2
1983,181,1,2
1983,182,1,2
1983,183,1,2
1983,184,1,2
1983,185,1,2
1983,186,1,2
1983,187,1,2
1983,188,1,2
1983,189,1,2
1983,190,1,2
1983,191,1,2
1983,192,1,2
1983,193,1,2
1983,194,1,2
1983,195,1,2
1983,196,1,2
1983,197,1,2
1983,198,1,2
1983,199,1,2
1983,200,1,2
1983,201,1,2
1983,202,1,2
1983,203,1,2
1983,204,1,2
1983,205,1,2
1983,206,1,2
1983,207,1,2
1983,208,1,2
1983,209,1,2
1983,210,1,2
1983,211,1,2
1983,212,1,2
1983,213,1,2
1983,214,1,2
1983,215,1,2
1983,216,1,2
1983,217,1,2
1983,218,1,2
1983,219,1,2
1983,220,1,2
1983,221,1,2
1983,222,1,2
1983,223,1,2
1983,224,1,2
1983,225,1,2
1983,226,1,2
1983,227,1,2
1983,228,1,2
1983,229,1,2
1983,230,1,2
1983,231,1,2
1983,232,1,2
1983,233,1,2
1983,234,1,2
1983,235,1,2
1983,236,1,2
1983,237,1,2
1983,238,1,2
1983,239,1,2
1983,240,1,2
1983,241,1,2
1983,242,1,2
1983,243,1,2
1983,244,1,2
1983,245,1,2
1983,246,1,2
1983,247,1,2
1983,248,1,2
1983,249,1,2
1983,250,1,2
1983,251,1,2
1983,252,1,2
1983,253,1,2
1983,254,1,2
1983,255,1,2
1983,256,1,2
1983,257,1,2
1983,258,1,2
1983,259,1,2
1983,260,1,2
1983,261,1,2
1983,262,1,2
1983,263,1,2
1983,264,1,2
1983,265,1,2
1983,266,1,2
1983,267,1,2
1983,268,1,2
1983,269,1,2
1983,270,1,2
1983,271,1,2
1983,272,1,2
1983,273,1,2
1983,274,1,2
1983,275,1,2
1983,276,1,2
1983,277,1,2
1983,278,1,2
1983,279,1,2
1983,280,1,2
1983,281,1,2
1983,282,1,2
1983,283,1,2
1983,284,1,2
1983,285,1,2
1983,286,1,2
1983,287,1,2
1983,288,1,2
1983,289,1,2
1983,290,1,2
1983,291,1,2
1983,292,1,2
1983,293,1,2
1983,294,1,2
1983,295,1,2
1983,296,1,2
1983,297,1,2
1983,298,1,2
1983,299,1,2
1983,300,1,2
1983,301,1,2
1983,302,1,2
1983,303,1,2
1983,304,1,2
1983,305,1,2
1983,306,1,2
1983,307,1,2
1983,308,1,2
1983,309,1,2
1983,310,1,2
1983,311,1,2
1983,312,1,2
1983,313,1,2
1983,314,1,2
1983,315,1,2
1983,316,1,2
1983,317,1,2
1983,318,1,2
1983,319,1,2
1983,320,1,2
1983,321,1,2
1983,322,1,2
1983,323,1,2
1983,324,1,2
1983,325,1,2
1983,326,1,2
1983,327,1,2
1983,328,1,2
1983,329,1,2
1983,330,1,2
1983,331,1,2
1983,332,1,2
1983,333,1,2
1983,334,1,2
1983,335,1,2
1983,336,1,2
1983,337,1,2
1983,338,1,2
1983,339,1,2
1983,340,1,2
1983,341,1,2
1983,342,1,2
1983,343,1,2
1983,344,1,2
1983,345,1,2
1983,346,1,2
1983,347,1,2
1983,348,1,2
1983,349,1,2
1983,350,1,2
1983,351,1,2
1983,352,1,2
1983,353,1,3
1983,354,1,3
1983,355,1,3
1983,356,1,3
1983,357,1,3
1983,358,1,3
1983,359,1,3
1983,360,1,3
1983,361,1,3
1983,362,1,3
1983,363,1,3
1983,364,1,3
1983,365,1,3
1983,366,1,3
1983,367,1,3
1983,368,1,3
1983,369,1,3
1983,370,1,3
1983,371,1,3
1983,372,1,3
1983,373,1,3
1983,374,1,3
1983,375,1,3
1983,376,1,3
1983,377,1,3
1983,378,1,3
1983,379,1,3
1983,380,1,3
1983,381,1,3
1983,382,1,3
1983,383,1,3
1983,384,1,3
1983,385,1,3
1983,386,1,3
1983,387,1,3
1983,388,1,3
1983,389,1,3
1983,390,1,3
1983,391,1,3
1983,392,1,3
1983,393,1,3
1983,394,1,3
1983,395,1,3
1983,396,1,3
1983,397,1,3
1983,398,1,3
1983,399,1,3
1983,400,1,3
1983,401,1,3
1983,402,1,3
1983,403,1,3
1983,404,1,3
1983,405,1,3
1983,406,1,3
1983,407,1,3
1983,408,1,3
1983,409,1,3
1983,410,1,2
1983,411,1,2
1983,412,1,2
1983,413,1,2
1983,414,1,2
1983,415,1,2
1983,416,1,2
1983,417,1,2
1983,418,1,2
1983,419,1,2
1983,420,1,2
1983,421,1,2
1983,422,1,2
1983,423,1,2
1983,424,1,2
1983,425,1,2
1983,426,1,2
1983,427,1,2
1983,428,1,2
1983,429,1,2
1983,430,1,2
1983,431,1,2
1983,432,1,2
1983,433,1,2
1983,434,1,2
1983,435,1,2
1983,436,1,2
1983,437,1,2
1983,438,1,2
1983,439,1,2
1983,440,1,2
1983,441,1,2
1983,442,1,2
1983,443,1,2
1983,444,1,2
1983,445,1,2
1983,446,1,2
1983,447,1,2
1983,448,1,2
1983,449,1,2
1983,450,1,2
1983,451,1,2
1983,452,1,2
1983,453,1,2
1983,454,1,2
1983,455,1,2
1983,456,1,2
1983,457,1,2
1983,458,1,3
1983,459,1,3
1983,460,1,3
1983,461,1,3
1983,462,1,3
1983,463,1,3
1983,464,1,3
1983,465,1,3
1983,466,1,3
1983,467,1,3
1983,468,1,3
1983,469,1,3
1983,470,1,3
1983,471,1,3
1983,472,1,3
1983,473,1,3
1983,474,1,3
1983,475,1,3
1983,476,1,3
1983,477,1,3
1983,478,1,3
1983,479,1,3
1983,480,1,3
1983,481,1,3
1983,482,1,3
1983,483,1,3
1983,484,1,3
1983,485,1,3
1983,486,1,3
1983,487,1,3
1983,488,1,3
1983,489,1,3
1983,490,1,3
1983,491,1,3
1983,492,1,3
1983,493,1,3
1983,494,1,3
1983,495,1,3
1983,496,1,3
1983,497,1,3
1983,498,1,3
1983,499,1,3
1983,500,1,3
1983,501,1,3
1983,502,1,3
1983,503,1,3
1983,504,1,3
1983,505,1,3
1983,506,1,3
1983,507,1,3
1983,508,1,3
1983,509,1,3
1983,510,1,3
1983,511,1,3
1983,512,1,3
1983,513,1,3
1983,514,1,3
1983,515,1,3
1983,516,1,3
1983,517,1,2
1983,518,1,2
1983,519,1,2
1983,520,1,2
1983,521,1,2
1983,522,1,2
1983,523,1,2
1983,524,1,2
1983,525,1,2
1983,526,1,2
1983,527,1,2
1983,528,1,2
1983,529,1,2
1983,530,1,2
1983,531,1,2
1983,532,1,2
1983,533,1,2
1983,534,1,2
1983,535,1,2
1983,536,1,2
1983,537,1,2
1983,538,1,2
1983,539,1,2
1983,540,1,2
1983,541,1,2
1983,542,1,2
1983,543,1,2
1983,544,1,2
1983,545,1,2
1983,546,1,2
1983,547,1,2
1983,548,1,2
1983,549,1,2
1983,550,1,2
1983,551,1,2
1983,552,1,2
1983,553,1,2
1983,554,1,2
1983,555,1,2
1983,556,1,2
1983,557,1,2
1983,558,1,2
1983,559,1,2
1983,560,1,2
1983,561,1,2
1983,562,1,2
1983,563,1,2
1983,564,1,2
1983,565,1,2
1983,566,1,2
1983,567,1,3
1983,568,1,3
1983,569,1,3
1983,570,1,3
1983,571,1,3
1983,572,1,3
1983,573,1,3
1983,574,1,3
1983,575,1,3
1983,576,1,3
1983,577,1,3
1983,578,1,3
1983,579,1,3
1983,580,1,3
1983,581,1,3
1983,582,1,3
1983,583,1,3
1983,584,1,3
1983,585,1,3
1983,586,1,3
1983,587,1,3
1983,588,1,3
1983,589,1,3
1983,590,1,3
1983,591,1,3
1983,592,1,3
1983,593,1,3
1983,594,1,3
1983,595,1,3
1983,596,1,3
1983,597,1,3
1983,598,1,3
1983,599,1,3
1983,600,1,3
1983,601,1,3
1983,602,1,3
1983,603,1,3
1983,604,1,3
1983,605,1,3
1983,606,1,3
1983,607,1,3
1983,608,1,3
1983,609,1,3
1983,610,1,3
1983,611,1,3
1983,612,1,3
1983,613,1,3
1983,614,1,3
1983,615,1,3
1983,616,1,3
1983,617,1,2
1983,618,1,2
1983,619,1,2
1983,620,1,2
1983,621,1,2
1983,622,1,2
1983,623,1,2
1983,624,1,2
1983,625,1,2
1983,626,1,2
1983,627,1,2
1983,628,1,2
1983,629,1,2
1983,630,1,2
1983,631,1,2
1983,632,1,2
1983,633,1,2
1983,634,1,2
1983,635,1,2
1983,636,1,2
1983,637,1,2
1983,638,1,2
1983,639,1,2
1983,640,1,2
1983,641,1,2
1983,642,1,2
1983,643,1,2
1983,644,1,2
1983,645,1,2
1983,646,1,2
1983,647,1,2
1983,648,1,2
1984,125,1,3
1984,126,1,3
1984,127,1,3
1984,128,1,3
1984,129,1,3
1984,130,1,3
1984,131,1,3
1984,132,1,3
1984,133,1,3
1984,134,1,3
1984,135,1,3
1984,136,1,3
1984,137,1,3
1984,138,1,3
1984,139,1,3
1984,140,1,3
1984,141,1,3
1984,142,1,3
1984,143,1,3
1984,144,1,3
1984,145,1,3
1984,146,1,3
1984,147,1,3
1984,148,1,3
1984,149,1,3
1984,150,1,3
1984,151,1,3
1984,152,1,3
1984,153,1,3
1984,154,1,3
1984,155,1,3
1984,156,1,3
1984,157,1,3
1984,158,1,3
1984,159,1,3
1984,160,1,3
1984,161,1,3
1984,162,1,3
1984,163,1,3
1984,164,1,3
1984,165,1,3
1984,166,1,3
1984,167,1,3
1984,168,1,3
1984,169,1,3
1984,170,1,3
1984,171,1,3
1984,172,1,3
1984,173,1,3
1984,174,1,3
1984,175,1,2
1984,176,1,2
1984,177,1,2
1984,178,1,2
1984,179,1,2
1984,180,1,2
1984,181,1,2
1984,182,1,2
1984,183,1,2
1984,184,1,2
1984,185,1,2
1984,186,1,2
1984,187,1,2
1984,188,1,2
1984,189,1,2
1984,190,1,2
1984,191,1,2
1984,192,1,2
1984,193,1,2
1984,194,1,2
1984,195,1,2
1984,196,1,2
1984,197,1,2
1984,198,1,2
1984,199,1,2
1984,200,1,2
1984,201,1,2
1984,202,1,2
1984,203,1,2
1984,204,1,2
1984,205,1,2
1984,206,1,2
1984,207,1,2
1984,208,1,2
1984,209,1,2
1984,210,1,2
1984,211,1,2
1984,212,1,2
1984,213,1,2
1984,214,1,2
1984,215,1,2
1984,216,1,2
1984,217,1,2
1984,218,1,2
1984,219,1,2
1984,220,1,2
1984,221,1,2
1984,222,1,2
1984,223,1,2
1984,224,1,2
1984,225,1,2
1984,226,1,2
1984,227,1,2
1984,228,1,2
1984,229,1,2
1984,230,1,2
1984,231,1,2
1984,232,1,2
1984,233,1,2
1984,234,1,2
1984,235,1,2
1984,236,1,2
1984,237,1,2
1984,238,1,2
1984,239,1,2
1984,240,1,2
1984,241,1,2
1984,242,1,2
1984,243,1,2
1984,244,1,2
1984,245,1,2
1984,246,1,2
1984,247,1,2
1984,248,1,2
1984,249,1,2
1984,250,1,2
1984,251,1,2
1984,252,1,2
1984,253,1,2
1984,254,1,2
1984,255,1,2
1984,256,1,2
1984,257,1,2
1984,258,1,2
1984,259,1,2
1984,260,1,2
1984,261,1,2
1984,262,1,2
1984,263,1,2
1984,264,1,2
1984,265,1,2
1984,266,1,2
1984,267,1,2
1984,268,1,2
1984,269,1,2
1984,270,1,2
1984,271,1,2
1984,272,1,2
1984,273,1,2
1984,274,1,2
1984,275,1,2
1984,276,1,2
1984,277,1,2
1984,278,1,2
1984,279,1,2
1984,280,1,2
1984,281,1,2
1984,282,1,2
1984,283,1,2
1984,284,1,2
1984,285,1,2
1984,286,1,2
1984,287,1,2
1984,288,1,2
1984,289,1,2
1984,290,1,2
1984,291,1,2
1984,292,1,2
1984,293,1,2
1984,294,1,2
1984,295,1,2
1984,296,1,2
1984,297,1,2
1984,298,1,2
1984,299,1,2
1984,300,1,2
1984,301,1,2
1984,302,1,2
1984,303,1,2
1984,304,1,2
1984,305,1,2
1984,306,1,2
1984,307,1,2
1984,308,1,2
1984,309,1,2
1984,310,1,2
1984,311,1,2
1984,312,1,2
1984,313,1,2
1984,314,1,2
1984,315,1,2
1984,316,1,2
1984,317,1,2
1984,318,1,2
1984,319,1,2
1984,320,1,2
1984,321,1,2
1984,322,1,2
1984,323,1,2
1984,324,1,2
1984,325,1,2
1984,326,1,2
1984,327,1,2
1984,328,1,2
1984,329,1,2
1984,330,1,2
1984,331,1,2
1984,332,1,2
1984,333,1,2
1984,334,1,2
1984,335,1,2
1984,336,1,2
1984,337,1,2
1984,338,1,2
1984,339,1,2
1984,340,1,2
1984,341,1,2
1984,342,1,2
1984,343,1,2
1984,344,1,2
1984,345,1,2
1984,346,1,2
1984,347,1,2
1984,348,1,2
1984,349,1,2
1984,350,1,2
1984,351,1,2
1984,352,1,2
1984,353,1,2
1984,354,1,3
1984,355,1,3
1984,356,1,3
1984,357,1,3
1984,358,1,3
1984,359,1,3
1984,360,1,3
1984,361,1,3
1984,362,1,3
1984,363,1,3
1984,364,1,3
1984,365,1,3
1984,366,1,3
1984,367,1,3
1984,368,1,3
1984,369,1,3
1984,370,1,3
1984,371,1,3
1984,372,1,3
1984,373,1,3
1984,374,1,3
1984,375,1,3
1984,376,1,3
1984,377,1,3
1984,378,1,3
1984,379,1,3
1984,380,1,3
1984,381,1,3
1984,382,1,3
1984,383,1,3
1984,384,1,3
1984,385,1,3
1984,386,1,3
1984,387,1,3
1984,388,1,3
1984,389,1,3
1984,390,1,3
1984,391,1,3
1984,392,1,3
1984,393,1,3
1984,394,1,3
1984,395,1,3
1984,396,1,3
1984,397,1,3
1984,398,1,3
1984,399,1,3
1984,400,1,3
1984,401,1,3
1984,402,1,3
1984,403,1,3
1984,404,1,2
1984,405,1,2
1984,406,1,2
1984,407,1,2
1984,408,1,2
1984,409,1,2
1984,410,1,2
1984,411,1,2
1984,412,1,2
1984,413,1,2
1984,414,1,2
1984,415,1,2
1984,416,1,2
1984,417,1,2
1984,418,1,2
1984,419,1,2
1984,420,1,2
1984,421,1,2
1984,422,1,2
1984,423,1,2
1984,424,1,2
1984,425,1,2
1984,426,1,2
1984,427,1,2
1984,428,1,2
1984,429,1,2
1984,430,1,2
1984,431,1,2
1984,432,1,2
1984,433,1,2
1984,434,1,2
1984,435,1,2
1984,436,1,2
1984,437,1,2
1984,438,1,2
1984,439,1,2
1984,440,1,2
1984,441,1,2
1984,442,1,2
1984,443,1,2
1984,444,1,2
1984,445,1,2
1984,446,1,2
1984,447,1,2
1984,448,1,2
1984,449,1,2
1984,450,1,2
1984,451,1,2
1984,452,1,2
1984,453,1,2
1984,454,1,2
1984,455,1,2
1984,456,1,2
1984,457,1,2
1984,458,1,3
1984,459,1,3
1984,460,1,3
1984,461,1,3
1984,462,1,3
1984,463,1,3
1984,464,1,3
1984,465,1,3
1984,466,1,3
1984,467,1,3
1984,468,1,3
1984,469,1,3
1984,470,1,3
1984,471,1,3
1984,472,1,3
1984,473,1,3
1984,474,1,3
1984,475,1,3
1984,476,1,3
1984,477,1,3
1984,478,1,3
1984,479,1,3
1984,480,1,3
1984,481,1,3
1984,482,1,3
1984,483,1,3
1984,484,1,3
1984,485,1,3
1984,486,1,3
1984,487,1,3
1984,488,1,3
1984,489,1,3
1984,490,1,3
1984,491,1,3
1984,492,1,3
1984,493,1,3
1984,494,1,3
1984,495,1,3
1984,496,1,3
1984,497,1,3
1984,498,1,3
1984,499,1,3
1984,500,1,3
1984,501,1,3
1984,502,1,3
1984,503,1,3
1984,504,1,3
1984,505,1,3
1984,506,1,3
1984,507,1,3
1984,508,1,3
1984,509,1,3
1984,510,1,3
1984,511,1,3
1984,512,1,3
1984,513,1,3
1984,514,1,3
1984,515,1,3
1984,516,1,3
1984,517,1,2
1984,518,1,2
1984,519,1,2
1984,520,1,2
1984,521,1,2
1984,522,1,2
1984,523,1,2
1984,524,1,2
1984,525,1,2
1984,526,1,2
1984,527,1,2
1984,528,1,2
1984,529,1,2
1984,530,1,2
1984,531,1,2
1984,532,1,2
1984,533,1,2
1984,534,1,2
1984,535,1,2
1984,536,1,2
1984,537,1,2
1984,538,1,2
1984,539,1,2
1984,540,1,2
1984,541,1,2
1984,542,1,2
1984,543,1,2
1984,544,1,2
1984,545,1,2
1984,546,1,2
1984,547,1,2
1984,548,1,2
1984,549,1,2
1984,550,1,2
1984,551,1,2
1984,552,1,2
1984,553,1,2
1984,554,1,2
1984,555,1,2
1984,556,1,2
1984,557,1,2
1984,558,1,2
1984,559,1,2
1984,560,1,2
1984,561,1,2
1984,562,1,2
1984,563,1,2
1984,564,1,2
1984,565,1,2
1984,566,1,2
1984,567,1,3
1984,568,1,3
1984,569,1,3
1984,570,1,3
1984,571,1,3
1984,572,1,3
1984,573,1,3
1984,574,1,3
1984,575,1,3
1984,576,1,3
1984,577,1,3
1984,578,1,3
1984,579,1,3
1984,580,1,3
1984,581,1,3
1984,582,1,3
1984,583,1,3
1984,584,1,3
1984,585,1,3
1984,586,1,3
1984,587,1,3
1984,588,1,3
1984,589,1,3
1984,590,1,3
1984,591,1,3
1984,592,1,3
1984,593,1,3
1984,594,1,3
1984,595,1,3
1984,596,1,3
1984,597,1,3
1984,598,1,3
1984,599,1,3
1984,600,1,3
1984,601,1,3
1984,602,1,3
1984,603,1,3
1984,604,1,3
1984,605,1,3
1984,606,1,3
1984,607,1,3
1984,608,1,3
1984,609,1,3
1984,610,1,3
1984,611,1,3
1984,612,1,3
1984,613,1,3
1984,614,1,3
1984,615,1,3
1984,616,1,3
1984,617,1,2
1984,618,1,2
1984,619,1,2
1984,620,1,2
1984,621,1,2
1984,622,1,2
1984,623,1,2
1984,624,1,2
1984,625,1,2
1984,626,1,2
1984,627,1,2
1984,628,1,2
1984,629,1,2
1984,630,1,2
1984,631,1,2
1984,632,1,2
1984,633,1,2
1984,634,1,2
1984,635,1,2
1984,636,1,2
1984,637,1,2
1984,638,1,2
1984,639,1,2
1984,640,1,2
1984,641,1,2
1984,642,1,2
1984,643,1,2
1984,644,1,2
1984,645,1,2
1984,646,1,2
1984,647,1,2
1985,125,1,3
1985,126,1,3
1985,127,1,3
1985,128,1,3
1985,129,1,3
1985,130,1,3
1985,131,1,3
1985,132,1,3
1985,133,1,3
1985,134,1,3
1985,135,1,3
1985,136,1,3
1985,137,1,3
1985,138,1,3
1985,139,1,3
1985,140,1,3
1985,141,1,3
1985,142,1,3
1985,143,1,3
1985,144,1,3
1985,145,1,3
1985,146,1,3
1985,147,1,3
1985,148,1,3
1985,149,1,3
1985,150,1,3
1985,151,1,3
1985,152,1,3
1985,153,1,3
1985,154,1,3
1985,155,1,3
1985,156,1,3
1985,157,1,3
1985,158,1,3
1985,159,1,3
1985,160,1,3
1985,161,1,3
1985,162,1,3
1985,163,1,3
1985,164,1,3
1985,165,1,3
1985,166,1,3
1985,167,1,3
1985,168,1,3
1985,169,1,3
1985,170,1,3
1985,171,1,3
1985,172,1,3
1985,173,1,3
1985,174,1,3
1985,175,1,2
1985,176,1,2
1985,177,1,2
1985,178,1,2
1985,179,1,2
1985,180,1,2
1985,181,1,2
1985,182,1,2
1985,183,1,2
1985,184,1,2
1985,185,1,2
1985,186,1,2
1985,187,1,2
1985,188,1,2
1985,189,1,2
1985,190,1,2
1985,191,1,2
1985,192,1,2
1985,193,1,2
1985,194,1,2
1985,195,1,2
1985,196,1,2
1985,197,1,2
1985,198,1,2
1985,199,1,2
1985,200,1,2
1985,201,1,2
1985,202,1,2
1985,203,1,2
1985,204,1,2
1985,205,1,2
1985,206,1,2
1985,207,1,2
1985,208,1,2
1985,209,1,2
1985,210,1,2
1985,211,1,2
1985,212,1,2
1985,213,1,2
1985,214,1,2
1985,215,1,2
1985,216,1,2
1985,217,1,2
1985,218,1,2
1985,219,1,2
1985,220,1,2
1985,221,1,2
1985,222,1,2
1985,223,1,2
1985,224,1,2
1985,225,1,2
1985,226,1,2
1985,227,1,2
1985,228,1,2
1985,229,1,2
1985,230,1,2
1985,231,1,2
1985,232,1,2
1985,233,1,2
1985,234,1,2
1985,235,1,2
1985,236,1,2
1985,237,1,2
1985,238,1,2
1985,239,1,2
1985,240,1,2
1985,241,1,2
1985,242,1,2
1985,243,1,2
1985,244,1,2
1985,245,1,2
1985,246,1,2
1985,247,1,2
1985,248,1,2
1985,249,1,2
1985,250,1,2
1985,251,1,2
1985,252,1,2
1985,253,1,2
1985,254,1,2
1985,255,1,2
1985,256,1,2
1985,257,1,2
1985,258,1,2
1985,259,1,2
1985,260,1,2
1985,261,1,2
1985,262,1,2
1985,263,1,2
1985,264,1,2
1985,265,1,2
1985,266,1,2
1985,267,1,2
1985,268,1,2
1985,269,1,2
1985,270,1,2
1985,271,1,2
1985,272,1,2
1985,273,1,2
1985,274,1,2
1985,275,1,2
1985,276,1,2
1985,277,1,2
1985,278,1,2
1985,279,1,2
1985,280,1,2
1985,281,1,2
1985,282,1,2
1985,283,1,2
1985,284,1,2
1985,285,1,2
1985,286,1,2
1985,287,1,2
1985,288,1,2
1985,289,1,2
1985,290,1,2
1985,291,1,2
1985,292,1,2
1985,293,1,2
1985,294,1,2
1985,295,1,2
1985,296,1,2
1985,297,1,2
1985,298,1,2
1985,299,1,2
1985,300,1,2
1985,301,1,2
1985,302,1,2
1985,303,1,2
1985,304,1,2
1985,305,1,2
1985,306,1,2
1985,307,1,2
1985,308,1,2
1985,309,1,2
1985,310,1,2
1985,311,1,2
1985,312,1,2
1985,313,1,2
1985,314,1,2
1985,315,1,2
1985,316,1,2
1985,317,1,2
1985,318,1,2
1985,319,1,2
1985,320,1,2
1985,321,1,2
1985,322,1,2
1985,323,1,2
1985,324,1,2
1985,325,1,2
1985,326,1,2
1985,327,1,2
1985,328,1,2
1985,329,1,2
1985,330,1,2
1985,331,1,2
1985,332,1,2
1985,333,1,2
1985,334,1,2
1985,335,1,2
1985,336,1,2
1985,337,1,2
1985,338,1,2
1985,339,1,2
1985,340,1,2
1985,341,1,2
1985,342,1,2
1985,343,1,2
1985,344,1,2
1985,345,1,2
1985,346,1,2
1985,347,1,2
1985,348,1,2
1985,349,1,2
1985,350,1,2
1985,351,1,2
1985,352,1,2
1985,353,1,2
1985,354,1,2
1985,355,1,2
1985,356,1,2
1985,357,1,3
1985,358,1,3
1985,359,1,3
1985,360,1,3
1985,361,1,3
1985,362,1,3
1985,363,1,3
1985,364,1,3
1985,365,1,3
1985,366,1,3
1985,367,1,3
1985,368,1,3
1985,369,1,3
1985,370,1,3
1985,371,1,3
1985,372,1,3
1985,373,1,3
1985,374,1,3
1985,375,1,3
1985,376,1,3
1985,377,1,3
1985,378,1,3
1985,379,1,3
1985,380,1,3
1985,381,1,3
1985,382,1,3
1985,383,1,3
1985,384,1,3
1985,385,1,3
1985,386,1,3
1985,387,1,3
1985,388,1,3
1985,389,1,3
1985,390,1,3
1985,391,1,3
1985,392,1,3
1985,393,1,3
1985,394,1,3
1985,395,1,3
1985,396,1,3
1985,397,1,3
1985,398,1,3
1985,399,1,3
1985,400,1,3
1985,401,1,2
1985,402,1,2
1985,403,1,2
1985,404,1,2
1985,405,1,2
1985,406,1,2
1985,407,1,2
1985,408,1,2
1985,409,1,2
1985,410,1,2
1985,411,1,2
1985,412,1,2
1985,413,1,2
1985,414,1,2
1985,415,1,2
1985,416,1,2
1985,417,1,2
1985,418,1,2
1985,419,1,2
1985,420,1,2
1985,421,1,2
1985,422,1,2
1985,423,1,2
1985,424,1,2
1985,425,1,2
1985,426,1,2
1985,427,1,2
1985,428,1,2
1985,429,1,2
1985,430,1,2
1985,431,1,2
1985,432,1,2
1985,433,1,2
1985,434,1,2
1985,435,1,2
1985,436,1,2
1985,437,1,2
1985,438,1,2
1985,439,1,2
1985,440,1,2
1985,441,1,2
1985,442,1,2
1985,443,1,2
1985,444,1,2
1985,445,1,2
1985,446,1,2
1985,447,1,2
1985,448,1,2
1985,449,1,2
1985,450,1,2
1985,451,1,2
1985,452,1,2
1985,453,1,2
1985,454,1,2
1985,455,1,2
1985,456,1,2
1985,457,1,2
1985,458,1,3
1985,459,1,3
1985,460,1,3
1985,461,1,3
1985,462,1,3
1985,463,1,3
1985,464,1,3
1985,465,1,3
1985,466,1,3
1985,467,1,3
1985,468,1,3
1985,469,1,3
1985,470,1,3
1985,471,1,3
1985,472,1,3
1985,473,1,3
1985,474,1,3
1985,475,1,3
1985,476,1,3
1985,477,1,3
1985,478,1,3
1985,479,1,3
1985,480,1,3
1985,481,1,3
1985,482,1,3
1985,483,1,3
1985,484,1,3
1985,485,1,3
1985,486,1,3
1985,487,1,3
1985,488,1,3
1985,489,1,3
1985,490,1,3
1985,491,1,3
1985,492,1,3
1985,493,1,3
1985,494,1,3
1985,495,1,3
1985,496,1,3
1985,497,1,3
1985,498,1,3
1985,499,1,3
1985,500,1,3
1985,501,1,3
1985,502,1,3
1985,503,1,3
1985,504,1,3
1985,505,1,3
1985,506,1,3
1985,507,1,3
1985,508,1,3
1985,509,1,3
1985,510,1,3
1985,511,1,3
1985,512,1,3
1985,513,1,3
1985,514,1,3
1985,515,1,3
1985,516,1,3
1985,517,1,2
1985,518,1,2
1985,519,1,2
1985,520,1,2
1985,521,1,2
1985,522,1,2
1985,523,1,2
1985,524,1,2
1985,525,1,2
1985,526,1,2
1985,527,1,2
1985,528,1,2
1985,529,1,2
1985,530,1,2
1985,531,1,2
1985,532,1,2
1985,533,1,2
1985,534,1,2
1985,535,1,2
1985,536,1,2
1985,537,1,2
1985,538,1,2
1985,539,1,2
1985,540,1,2
1985,541,1,2
1985,542,1,2
1985,543,1,2
1985,544,1,2
1985,545,1,2
1985,546,1,2
1985,547,1,2
1985,548,1,2
1985,549,1,2
1985,550,1,2
1985,551,1,2
1985,552,1,2
1985,553,1,2
1985,554,1,2
1985,555,1,2
1985,556,1,2
1985,557,1,2
1985,558,1,2
1985,559,1,2
1985,560,1,2
1985,561,1,2
1985,562,1,2
1985,563,1,2
1985,564,1,2
1985,565,1,2
1985,566,1,2
1985,567,1,3
1985,568,1,3
1985,569,1,3
1985,570,1,3
1985,571,1,3
1985,572,1,3
1985,573,1,3
1985,574,1,3
1985,575,1,3
1985,576,1,3
1985,577,1,3
1985,578,1,3
1985,579,1,3
1985,580,1,3
1985,581,1,3
1985,582,1,3
1985,583,1,3
1985,584,1,3
1985,585,1,3
1985,586,1,3
1985,587,1,3
1985,588,1,3
1985,589,1,3
1985,590,1,3
1985,591,1,3
1985,592,1,3
1985,593,1,3
1985,594,1,3
1985,595,1,3
1985,596,1,3
1985,597,1,3
1985,598,1,3
1985,599,1,3
1985,600,1,3
1985,601,1,3
1985,602,1,3
1985,603,1,3
1985,604,1,3
1985,605,1,3
1985,606,1,3
1985,607,1,3
1985,608,1,3
1985,609,1,3
1985,610,1,3
1985,611,1,3
1985,612,1,3
1985,613,1,3
1985,614,1,3
1985,615,1,3
1985,616,1,2
1985,617,1,2
1985,618,1,2
1985,619,1,2
1985,620,1,2
1985,621,1,2
1985,622,1,2
1985,623,1,2
1985,624,1,2
1985,625,1,2
1985,626,1,2
1985,627,1,2
1985,628,1,2
1985,629,1,2
1985,630,1,2
1985,631,1,2
1985,632,1,2
1985,633,1,2
1985,634,1,2
1985,635,1,2
1985,636,1,2
1985,637,1,2
1985,638,1,2
1985,639,1,2
1985,640,1,2
1985,641,1,2
1985,642,1,2
1985,643,1,2
1985,644,1,2
1985,645,1,2
1986,125,1,3
1986,126,1,3
1986,127,1,3
1986,128,1,3
1986,129,1,3
1986,130,1,3
1986,131,1,3
1986,132,1,3
1986,133,1,3
1986,134,1,3
1986,135,1,3
1986,136,1,3
1986,137,1,3
1986,138,1,3
1986,139,1,3
1986,140,1,3
1986,141,1,3
1986,142,1,3
1986,143,1,3
1986,144,1,3
1986,145,1,3
1986,146,1,3
1986,147,1,3
1986,148,1,3
1986,149,1,3
1986,150,1,3
1986,151,1,3
1986,152,1,3
1986,153,1,3
1986,154,1,3
1986,155,1,3
1986,156,1,3
1986,157,1,3
1986,158,1,3
1986,159,1,3
1986,160,1,3
1986,161,1,3
1986,162,1,3
1986,163,1,3
1986,164,1,3
1986,165,1,3
1986,166,1,3
1986,167,1,3
1986,168,1,3
1986,169,1,3
1986,170,1,3
1986,171,1,3
1986,172,1,3
1986,173,1,3
1986,174,1,3
1986,175,1,2
1986,176,1,2
1986,177,1,2
1986,178,1,2
1986,179,1,2
1986,180,1,2
1986,181,1,2
1986,182,1,2
1986,183,1,2
1986,184,1,2
1986,185,1,2
1986,186,1,2
1986,187,1,2
1986,188,1,2
1986,189,1,2
1986,190,1,2
1986,191,1,2
1986,192,1,2
1986,193,1,2
1986,194,1,2
1986,195,1,2
1986,196,1,2
1986,197,1,2
1986,198,1,2
1986,199,1,2
1986,200,1,2
1986,201,1,2
1986,202,1,2
1986,203,1,2
1986,204,1,2
1986,205,1,2
1986,206,1,2
1986,207,1,2
1986,208,1,2
1986,209,1,2
1986,210,1,2
1986,211,1,2
1986,212,1,2
1986,213,1,2
1986,214,1,2
1986,215,1,2
1986,216,1,2
1986,217,1,2
1986,218,1,2
1986,219,1,2
1986,220,1,2
1986,221,1,2
1986,222,1,2
1986,223,1,2
1986,224,1,2
1986,225,1,2
1986,226,1,2
1986,227,1,2
1986,228,1,2
1986,229,1,2
1986,230,1,2
1986,231,1,2
1986,232,1,2
1986,233,1,2
1986,234,1,2
1986,235,1,2
1986,236,1,2
1986,237,1,2
1986,238,1,2
1986,239,1,2
1986,240,1,2
1986,241,1,2
1986,242,1,2
1986,243,1,2
1986,244,1,2
1986,245,1,2
1986,246,1,2
1986,247,1,2
1986,248,1,2
1986,249,1,2
1986,250,1,2
1986,251,1,2
1986,252,1,2
1986,253,1,2
1986,254,1,2
1986,255,1,2
1986,256,1,2
1986,257,1,2
1986,258,1,2
1986,259,1,2
1986,260,1,2
1986,261,1,2
1986,262,1,2
1986,263,1,2
1986,264,1,2
1986,265,1,2
1986,266,1,2
1986,267,1,2
1986,268,1,2
1986,269,1,2
1986,270,1,2
1986,271,1,2
1986,272,1,2
1986,273,1,2
1986,274,1,2
1986,275,1,2
1986,276,1,2
1986,277,1,2
1986,278,1,2
1986,279,1,2
1986,280,1,2
1986,281,1,2
1986,282,1,2
1986,283,1,2
1986,284,1,2
1986,285,1,2
1986,286,1,2
1986,287,1,2
1986,288,1,2
1986,289,1,2
1986,290,1,2
1986,291,1,2
1986,292,1,2
1986,293,1,2
1986,294,1,2
1986,295,1,2
1986,296,1,2
1986,297,1,2
1986,298,1,2
1986,299,1,2
1986,300,1,2
1986,301,1,2
1986,302,1,2
1986,303,1,2
1986,304,1,2
1986,305,1,2
1986,306,1,2
1986,307,1,2
1986,308,1,2
1986,309,1,2
1986,310,1,2
1986,311,1,2
1986,312,1,2
1986,313,1,2
1986,314,1,2
1986,315,1,2
1986,316,1,2
1986,317,1,2
1986,318,1,2
1986,319,1,2
1986,320,1,2
1986,321,1,2
1986,322,1,2
1986,323,1,2
1986,324,1,2
1986,325,1,2
1986,326,1,2
1986,327,1,2
1986,328,1,2
1986,329,1,2
1986,330,1,2
1986,331,1,2
1986,332,1,2
1986,333,1,2
1986,334,1,2
1986,335,1,2
1986,336,1,2
1986,337,1,2
1986,338,1,2
1986,339,1,2
1986,340,1,2
1986,341,1,2
1986,342,1,2
1986,343,1,2
1986,344,1,2
1986,345,1,2
1986,346,1,2
1986,347,1,2
1986,348,1,2
1986,349,1,2
1986,350,1,2
1986,351,1,2
1986,352,1,2
1986,353,1,2
1986,354,1,2
1986,355,1,2
1986,356,1,2
1986,357,1,2
1986,358,1,2
1986,359,1,3
1986,360,1,3
1986,361,1,3
1986,362,1,3
1986,363,1,3
1986,364,1,3
1986,365,1,3
1986,366,1,3
1986,367,1,3
1986,368,1,3
1986,369,1,3
1986,370,1,3
1986,371,1,3
1986,372,1,3
1986,373,1,3
1986,374,1,3
1986,375,1,3
1986,376,1,3
1986,377,1,3
1986,378,1,3
1986,379,1,3
1986,380,1,3
1986,381,1,3
1986,382,1,3
1986,383,1,3
1986,384,1,3
1986,385,1,3
1986,386,1,3
1986,387,1,3
1986,388,1,3
1986,389,1,3
1986,390,1,3
1986,391,1,3
1986,392,1,3
1986,393,1,2
1986,394,1,2
1986,395,1,2
1986,396,1,2
1986,397,1,2
1986,398,1,2
1986,399,1,2
1986,400,1,2
1986,401,1,2
1986,402,1,2
1986,403,1,2
1986,404,1,2
1986,405,1,2
1986,406,1,2
1986,407,1,2
1986,408,1,2
1986,409,1,2
1986,410,1,2
1986,411,1,2
1986,412,1,2
1986,413,1,2
1986,414,1,2
1986,415,1,2
1986,416,1,2
1986,417,1,2
1986,418,1,2
1986,419,1,2
1986,420,1,2
1986,421,1,2
1986,422,1,2
1986,423,1,2
1986,424,1,2
1986,425,1,2
1986,426,1,2
1986,427,1,2
1986,428,1,2
1986,429,1,2
1986,430,1,2
1986,431,1,2
1986,432,1,2
1986,433,1,2
1986,434,1,2
1986,435,1,2
1986,436,1,2
1986,437,1,2
1986,438,1,2
1986,439,1,2
1986,440,1,2
1986,441,1,2
1986,442,1,2
1986,443,1,2
1986,444,1,2
1986,445,1,2
1986,446,1,2
1986,447,1,2
1986,448,1,2
1986,449,1,2
1986,450,1,2
1986,451,1,2
1986,452,1,2
1986,453,1,2
1986,454,1,2
1986,455,1,2
1986,456,1,2
1986,457,1,2
1986,458,1,3
1986,459,1,3
1986,460,1,3
1986,461,1,3
1986,462,1,3
1986,463,1,3
1986,464,1,3
1986,465,1,3
1986,466,1,3
1986,467,1,3
1986,468,1,3
1986,469,1,3
1986,470,1,3
1986,471,1,3
1986,472,1,3
1986,473,1,3
1986,474,1,3
1986,475,1,3
1986,476,1,3
1986,477,1,3
1986,478,1,3
1986,479,1,3
1986,480,1,3
1986,481,1,3
1986,482,1,3
1986,483,1,3
1986,484,1,3
1986,485,1,3
1986,486,1,3
1986,487,1,3
1986,488,1,3
1986,489,1,3
1986,490,1,3
1986,491,1,3
1986,492,1,3
1986,493,1,3
1986,494,1,3
1986,495,1,3
1986,496,1,3
1986,497,1,3
1986,498,1,3
1986,499,1,3
1986,500,1,3
1986,501,1,3
1986,502,1,3
1986,503,1,3
1986,504,1,3
1986,505,1,3
1986,506,1,3
1986,507,1,3
1986,508,1,3
1986,509,1,3
1986,510,1,3
1986,511,1,3
1986,512,1,3
1986,513,1,3
1986,514,1,3
1986,515,1,3
1986,516,1,3
1986,517,1,2
1986,518,1,2
1986,519,1,2
1986,520,1,2
1986,521,1,2
1986,522,1,2
1986,523,1,2
1986,524,1,2
1986,525,1,2
1986,526,1,2
1986,527,1,2
1986,528,1,2
1986,529,1,2
1986,530,1,2
1986,531,1,2
1986,532,1,2
1986,533,1,2
1986,534,1,2
1986,535,1,2
1986,536,1,2
1986,537,1,2
1986,538,1,2
1986,539,1,2
1986,540,1,2
1986,541,1,2
1986,542,1,2
1986,543,1,2
1986,544,1,2
1986,545,1,2
1986,546,1,2
1986,547,1,2
1986,548,1,2
1986,549,1,2
1986,550,1,2
1986,551,1,2
1986,552,1,2
1986,553,1,2
1986,554,1,2
1986,555,1,2
1986,556,1,2
1986,557,1,2
1986,558,1,2
1986,559,1,2
1986,560,1,2
1986,561,1,2
1986,562,1,2
1986,563,1,2
1986,564,1,2
1986,565,1,2
1986,566,1,2
1986,567,1,3
1986,568,1,3
1986,569,1,3
1986,570,1,3
1986,571,1,3
1986,572,1,3
1986,573,1,3
1986,574,1,3
1986,575,1,3
1986,576,1,3
1986,577,1,3
1986,578,1,3
1986,579,1,3
1986,580,1,3
1986,581,1,3
1986,582,1,3
1986,583,1,3
1986,584,1,3
1986,585,1,3
1986,586,1,3
1986,587,1,3
1986,588,1,3
1986,589,1,3
1986,590,1,3
1986,591,1,3
1986,592,1,3
1986,593,1,3
1986,594,1,3
1986,595,1,3
1986,596,1,3
1986,597,1,3
1986,598,1,3
1986,599,1,3
1986,600,1,3
1986,601,1,3
1986,602,1,3
1986,603,1,3
1986,604,1,3
1986,605,1,3
1986,606,1,3
1986,607,1,3
1986,608,1,3
1986,609,1,3
1986,610,1,3
1986,611,1,3
1986,612,1,3
1986,613,1,3
1986,614,1,3
1986,615,1,3
1986,616,1,2
1986,617,1,2
1986,618,1,2
1986,619,1,2
1986,620,1,2
1986,621,1,2
1986,622,1,2
1986,623,1,2
1986,624,1,2
1986,625,1,2
1986,626,1,2
1986,627,1,2
1986,628,1,2
1986,629,1,2
1986,630,1,2
1986,631,1,2
1986,632,1,2
1986,633,1,2
1986,634,1,2
1986,635,1,2
1986,636,1,2
1986,637,1,2
1986,638,1,2
1986,639,1,2
1986,640,1,2
1986,641,1,2
1986,642,1,2
1986,643,1,2
1986,644,1,2
1986,645,1,2
1987,125,1,3
1987,126,1,3
1987,127,1,3
1987,128,1,3
1987,129,1,3
1987,130,1,3
1987,131,1,3
1987,132,1,3
1987,133,1,3
1987,134,1,3
1987,135,1,3
1987,136,1,3
1987,137,1,3
1987,138,1,3
1987,139,1,3
1987,140,1,3
1987,141,1,3
1987,142,1,3
1987,143,1,3
1987,144,1,3
1987,145,1,3
1987,146,1,3
1987,147,1,3
1987,148,1,3
1987,149,1,3
1987,150,1,3
1987,151,1,3
1987,152,1,3
1987,153,1,3
1987,154,1,3
1987,155,1,3
1987,156,1,3
1987,157,1,3
1987,158,1,3
1987,159,1,3
1987,160,1,3
1987,161,1,3
1987,162,1,3
1987,163,1,3
1987,164,1,3
1987,165,1,3
1987,166,1,3
1987,167,1,3
1987,168,1,3
1987,169,1,3
1987,170,1,3
1987,171,1,3
1987,172,1,3
1987,173,1,3
1987,174,1,3
1987,175,1,3
1987,176,1,2
1987,177,1,2
1987,178,1,2
1987,179,1,2
1987,180,1,2
1987,181,1,2
1987,182,1,2
1987,183,1,2
1987,184,1,2
1987,185,1,2
1987,186,1,2
1987,187,1,2
1987,188,1,2
1987,189,1,2
1987,190,1,2
1987,191,1,2
1987,192,1,2
1987,193,1,2
1987,194,1,2
1987,195,1,2
1987,196,1,2
1987,197,1,2
1987,198,1,2
1987,199,1,2
1987,200,1,2
1987,201,1,2
1987,202,1,2
1987,203,1,2
1987,204,1,2
1987,205,1,2
1987,206,1,2
1987,207,1,2
1987,208,1,2
1987,209,1,2
1987,210,1,2
1987,211,1,2
1987,212,1,2
1987,213,1,2
1987,214,1,2
1987,215,1,2
1987,216,1,2
1987,217,1,2
1987,218,1,2
1987,219,1,2
1987,220,1,2
1987,221,1,2
1987,222,1,2
1987,223,1,2
1987,224,1,2
1987,225,1,2
1987,226,1,2
1987,227,1,2
1987,228,1,2
1987,229,1,2
1987,230,1,2
1987,231,1,2
1987,232,1,2
1987,233,1,2
1987,234,1,2
1987,235,1,2
1987,236,1,2
1987,237,1,2
1987,238,1,2
1987,239,1,2
1987,240,1,2
1987,241,1,2
1987,242,1,2
1987,243,1,2
1987,244,1,2
1987,245,1,2
1987,246,1,2
1987,247,1,2
1987,248,1,2
1987,249,1,2
1987,250,1,2
1987,251,1,2
1987,252,1,2
1987,253,1,2
1987,254,1,2
1987,255,1,2
1987,256,1,2
1987,257,1,2
1987,258,1,2
1987,259,1,2
1987,260,1,2
1987,261,1,2
1987,262,1,2
1987,263,1,2
1987,264,1,2
1987,265,1,2
1987,266,1,2
1987,267,1,2
1987,268,1,2
1987,269,1,2
1987,270,1,2
1987,271,1,2
1987,272,1,2
1987,273,1,2
1987,274,1,2
1987,275,1,2
1987,276,1,2
1987,277,1,2
1987,278,1,2
1987,279,1,2
1987,280,1,2
1987,281,1,2
1987,282,1,2
1987,283,1,2
1987,284,1,2
1987,285,1,2
1987,286,1,2
1987,287,1,2
1987,288,1,2
1987,289,1,2
1987,290,1,2
1987,291,1,2
1987,292,1,2
1987,293,1,2
1987,294,1,2
1987,295,1,2
1987,296,1,2
1987,297,1,2
1987,298,1,2
1987,299,1,2
1987,300,1,2
1987,301,1,2
1987,302,1,2
1987,303,1,2
1987,304,1,2
1987,305,1,2
1987,306,1,2
1987,307,1,2
1987,308,1,2
1987,309,1,2
1987,310,1,2
1987,311,1,2
1987,312,1,2
1987,313,1,2
1987,314,1,2
1987,315,1,2
1987,316,1,2
1987,317,1,2
1987,318,1,2
1987,319,1,2
1987,320,1,2
1987,321,1,2
1987,322,1,2
1987,323,1,2
1987,324,1,2
1987,325,1,2
1987,326,1,2
1987,327,1,2
1987,328,1,2
1987,329,1,2
1987,330,1,2
1987,331,1,2
1987,332,1,2
1987,333,1,2
1987,334,1,2
1987,335,1,2
1987,336,1,2
1987,337,1,2
1987,338,1,2
1987,339,1,2
1987,340,1,2
1987,341,1,2
1987,342,1,2
1987,343,1,2
1987,344,1,2
1987,345,1,2
1987,346,1,2
1987,347,1,2
1987,348,1,2
1987,349,1,2
1987,350,1,2
1987,351,1,2
1987,352,1,2
1987,353,1,2
1987,354,1,2
1987,355,1,2
1987,356,1,2
1987,357,1,2
1987,358,1,2
1987,359,1,2
1987,360,1,3
1987,361,1,3
1987,362,1,3
1987,363,1,3
1987,364,1,3
1987,365,1,3
1987,366,1,3
1987,367,1,3
1987,368,1,3
1987,369,1,3
1987,370,1,3
1987,371,1,3
1987,372,1,3
1987,373,1,3
1987,374,1,3
1987,375,1,3
1987,376,1,3
1987,377,1,3
1987,378,1,3
1987,379,1,3
1987,380,1,3
1987,381,1,3
1987,382,1,3
1987,383,1,3
1987,384,1,2
1987,385,1,3
1987,386,1,2
1987,387,1,2
1987,388,1,2
1987,389,1,2
1987,390,1,2
1987,391,1,2
1987,392,1,2
1987,393,1,2
1987,394,1,2
1987,395,1,2
1987,396,1,2
1987,397,1,2
1987,398,1,2
1987,399,1,2
1987,400,1,2
1987,401,1,2
1987,402,1,2
1987,403,1,2
1987,404,1,2
1987,405,1,2
1987,406,1,2
1987,407,1,2
1987,408,1,2
1987,409,1,2
1987,410,1,2
1987,411,1,2
1987,412,1,2
1987,413,1,2
1987,414,1,2
1987,415,1,2
1987,416,1,2
1987,417,1,2
1987,418,1,2
1987,419,1,2
1987,420,1,2
1987,421,1,2
1987,422,1,2
1987,423,1,2
1987,424,1,2
1987,425,1,2
1987,426,1,2
1987,427,1,2
1987,428,1,2
1987,429,1,2
1987,430,1,2
1987,431,1,2
1987,432,1,2
1987,433,1,2
1987,434,1,2
1987,435,1,2
1987,436,1,2
1987,437,1,2
1987,438,1,2
1987,439,1,2
1987,440,1,2
1987,441,1,2
1987,442,1,2
1987,443,1,2
1987,444,1,2
1987,445,1,2
1987,446,1,2
1987,447,1,2
1987,448,1,2
1987,449,1,2
1987,450,1,2
1987,451,1,2
1987,452,1,2
1987,453,1,2
1987,454,1,2
1987,455,1,2
1987,456,1,2
1987,457,1,2
1987,458,1,3
1987,459,1,3
1987,460,1,3
1987,461,1,3
1987,462,1,3
1987,463,1,3
1987,464,1,3
1987,465,1,3
1987,466,1,3
1987,467,1,3
1987,468,1,3
1987,469,1,3
1987,470,1,3
1987,471,1,3
1987,472,1,3
1987,473,1,3
1987,474,1,3
1987,475,1,3
1987,476,1,3
1987,477,1,3
1987,478,1,3
1987,479,1,3
1987,480,1,3
1987,481,1,3
1987,482,1,3
1987,483,1,3
1987,484,1,3
1987,485,1,3
1987,486,1,3
1987,487,1,3
1987,488,1,3
1987,489,1,3
1987,490,1,3
1987,491,1,3
1987,492,1,3
1987,493,1,3
1987,494,1,3
1987,495,1,3
1987,496,1,3
1987,497,1,3
1987,498,1,3
1987,499,1,3
1987,500,1,3
1987,501,1,3
1987,502,1,3
1987,503,1,3
1987,504,1,3
1987,505,1,3
1987,506,1,3
1987,507,1,3
1987,508,1,3
1987,509,1,3
1987,510,1,3
1987,511,1,3
1987,512,1,3
1987,513,1,3
1987,514,1,3
1987,515,1,3
1987,516,1,3
1987,517,1,2
1987,518,1,2
1987,519,1,2
1987,520,1,2
1987,521,1,2
1987,522,1,2
1987,523,1,2
1987,524,1,2
1987,525,1,2
1987,526,1,2
1987,527,1,2
1987,528,1,2
1987,529,1,2
1987,530,1,2
1987,531,1,2
1987,532,1,2
1987,533,1,2
1987,534,1,2
1987,535,1,2
1987,536,1,2
1987,537,1,2
1987,538,1,2
1987,539,1,2
1987,540,1,2
1987,541,1,2
1987,542,1,2
1987,543,1,2
1987,544,1,2
1987,545,1,2
1987,546,1,2
1987,547,1,2
1987,548,1,2
1987,549,1,2
1987,550,1,2
1987,551,1,2
1987,552,1,2
1987,553,1,2
1987,554,1,2
1987,555,1,2
1987,556,1,2
1987,557,1,2
1987,558,1,2
1987,559,1,2
1987,560,1,2
1987,561,1,2
1987,562,1,2
1987,563,1,2
1987,564,1,2
1987,565,1,2
1987,566,1,2
1987,567,1,3
1987,568,1,3
1987,569,1,3
1987,570,1,3
1987,571,1,3
1987,572,1,3
1987,573,1,3
1987,574,1,3
1987,575,1,3
1987,576,1,3
1987,577,1,3
1987,578,1,3
1987,579,1,3
1987,580,1,3
1987,581,1,3
1987,582,1,3
1987,583,1,3
1987,584,1,3
1987,585,1,3
1987,586,1,3
1987,587,1,3
1987,588,1,3
1987,589,1,3
1987,590,1,3
1987,591,1,3
1987,592,1,3
1987,593,1,3
1987,594,1,3
1987,595,1,3
1987,596,1,3
1987,597,1,3
1987,598,1,3
1987,599,1,3
1987,600,1,3
1987,601,1,3
1987,602,1,3
1987,603,1,3
1987,604,1,3
1987,605,1,3
1987,606,1,3
1987,607,1,3
1987,608,1,3
1987,609,1,3
1987,610,1,3
1987,611,1,3
1987,612,1,3
1987,613,1,3
1987,614,1,3
1987,615,1,3
1987,616,1,3
1987,617,1,2
1987,618,1,2
1987,619,1,2
1987,620,1,2
1987,621,1,2
1987,622,1,2
1987,623,1,2
1987,624,1,2
1987,625,1,2
1987,626,1,2
1987,627,1,2
1987,628,1,2
1987,629,1,2
1987,630,1,2
1987,631,1,2
1987,632,1,2
1987,633,1,2
1987,634,1,2
1987,635,1,2
1987,636,1,2
1987,637,1,2
1987,638,1,2
1987,639,1,2
1987,640,1,2
1987,641,1,2
1987,642,1,2
1987,643,1,2
1988,125,1,3
1988,126,1,3
1988,127,1,3
1988,128,1,3
1988,129,1,3
1988,130,1,3
1988,131,1,3
1988,132,1,3
1988,133,1,3
1988,134,1,3
1988,135,1,3
1988,136,1,3
1988,137,1,3
1988,138,1,3
1988,139,1,3
1988,140,1,3
1988,141,1,3
1988,142,1,3
1988,143,1,3
1988,144,1,3
1988,145,1,3
1988,146,1,3
1988,147,1,3
1988,148,1,3
1988,149,1,3
1988,150,1,3
1988,151,1,3
1988,152,1,3
1988,153,1,3
1988,154,1,3
1988,155,1,3
1988,156,1,3
1988,157,1,3
1988,158,1,3
1988,159,1,3
1988,160,1,3
1988,161,1,3
1988,162,1,3
1988,163,1,3
1988,164,1,3
1988,165,1,3
1988,166,1,3
1988,167,1,3
1988,168,1,3
1988,169,1,3
1988,170,1,3
1988,171,1,3
1988,172,1,3
1988,173,1,3
1988,174,1,3
1988,175,1,3
1988,176,1,2
1988,177,1,2
1988,178,1,2
1988,179,1,2
1988,180,1,2
1988,181,1,2
1988,182,1,2
1988,183,1,2
1988,184,1,2
1988,185,1,2
1988,186,1,2
1988,187,1,2
1988,188,1,2
1988,189,1,2
1988,190,1,2
1988,191,1,2
1988,192,1,2
1988,193,1,2
1988,194,1,2
1988,195,1,2
1988,196,1,2
1988,197,1,2
1988,198,1,2
1988,199,1,2
1988,200,1,2
1988,201,1,2
1988,202,1,2
1988,203,1,2
1988,204,1,2
1988,205,1,2
1988,206,1,2
1988,207,1,2
1988,208,1,2
1988,209,1,2
1988,210,1,2
1988,211,1,2
1988,212,1,2
1988,213,1,2
1988,214,1,2
1988,215,1,2
1988,216,1,2
1988,217,1,2
1988,218,1,2
1988,219,1,2
1988,220,1,2
1988,221,1,2
1988,222,1,2
1988,223,1,2
1988,224,1,2
1988,225,1,2
1988,226,1,2
1988,227,1,2
1988,228,1,2
1988,229,1,2
1988,230,1,2
1988,231,1,2
1988,232,1,2
1988,233,1,2
1988,234,1,2
1988,235,1,2
1988,236,1,2
1988,237,1,2
1988,238,1,2
1988,239,1,2
1988,240,1,2
1988,241,1,2
1988,242,1,2
1988,243,1,2
1988,244,1,2
1988,245,1,2
1988,246,1,2
1988,247,1,2
1988,248,1,2
1988,249,1,2
1988,250,1,2
1988,251,1,2
1988,252,1,2
1988,253,1,2
1988,254,1,2
1988,255,1,2
1988,256,1,2
1988,257,1,2
1988,258,1,2
1988,259,1,2
1988,260,1,2
1988,261,1,2
1988,262,1,2
1988,263,1,2
1988,264,1,2
1988,265,1,2
1988,266,1,2
1988,267,1,2
1988,268,1,2
1988,269,1,2
1988,270,1,2
1988,271,1,2
1988,272,1,2
1988,273,1,2
1988,274,1,2
1988,275,1,2
1988,276,1,2
1988,277,1,2
1988,278,1,2
1988,279,1,2
1988,280,1,2
1988,281,1,2
1988,282,1,2
1988,283,1,2
1988,284,1,2
1988,285,1,2
1988,286,1,2
1988,287,1,2
1988,288,1,2
1988,289,1,2
1988,290,1,2
1988,291,1,2
1988,292,1,2
1988,293,1,2
1988,294,1,2
1988,295,1,2
1988,296,1,2
1988,297,1,2
1988,298,1,2
1988,299,1,2
1988,300,1,2
1988,301,1,2
1988,302,1,2
1988,303,1,2
1988,304,1,2
1988,305,1,2
1988,306,1,2
1988,307,1,2
1988,308,1,2
1988,309,1,2
1988,310,1,2
1988,311,1,2
1988,312,1,2
1988,313,1,2
1988,314,1,2
1988,315,1,2
1988,316,1,2
1988,317,1,2
1988,318,1,2
1988,319,1,2
1988,320,1,2
1988,321,1,2
1988,322,1,2
1988,323,1,2
1988,324,1,2
1988,325,1,2
1988,326,1,2
1988,327,1,2
1988,328,1,2
1988,329,1,2
1988,330,1,2
1988,331,1,2
1988,332,1,2
1988,333,1,2
1988,334,1,2
1988,335,1,2
1988,336,1,2
1988,337,1,2
1988,338,1,2
1988,339,1,2
1988,340,1,2
1988,341,1,2
1988,342,1,2
1988,343,1,2
1988,344,1,2
1988,345,1,2
1988,346,1,2
1988,347,1,2
1988,348,1,2
1988,349,1,2
1988,350,1,2
1988,351,1,2
1988,352,1,2
1988,353,1,2
1988,354,1,2
1988,355,1,2
1988,356,1,2
1988,357,1,2
1988,358,1,2
1988,359,1,2
1988,360,1,2
1988,361,1,2
1988,362,1,2
1988,363,1,3
1988,364,1,3
1988,365,1,3
1988,366,1,3
1988,367,1,3
1988,368,1,3
1988,369,1,3
1988,370,1,3
1988,371,1,3
1988,372,1,3
1988,373,1,3
1988,374,1,3
1988,375,1,3
1988,376,1,3
1988,377,1,3
1988,378,1,3
1988,379,1,3
1988,380,1,3
1988,381,1,2
1988,382,1,2
1988,383,1,2
1988,384,1,2
1988,385,1,2
1988,386,1,2
1988,387,1,2
1988,388,1,2
1988,389,1,2
1988,390,1,2
1988,391,1,2
1988,392,1,2
1988,393,1,2
1988,394,1,2
1988,395,1,2
1988,396,1,2
1988,397,1,2
1988,398,1,2
1988,399,1,2
1988,400,1,2
1988,401,1,2
1988,402,1,2
1988,403,1,2
1988,404,1,2
1988,405,1,2
1988,406,1,2
1988,407,1,2
1988,408,1,2
1988,409,1,2
1988,410,1,2
1988,411,1,2
1988,412,1,2
1988,413,1,2
1988,414,1,2
1988,415,1,2
1988,416,1,2
1988,417,1,2
1988,418,1,2
1988,419,1,2
1988,420,1,2
1988,421,1,2
1988,422,1,2
1988,423,1,2
1988,424,1,2
1988,425,1,2
1988,426,1,2
1988,427,1,2
1988,428,1,2
1988,429,1,2
1988,430,1,2
1988,431,1,2
1988,432,1,2
1988,433,1,2
1988,434,1,2
1988,435,1,2
1988,436,1,2
1988,437,1,2
1988,438,1,2
1988,439,1,2
1988,440,1,2
1988,441,1,2
1988,442,1,2
1988,443,1,2
1988,444,1,2
1988,445,1,2
1988,446,1,2
1988,447,1,2
1988,448,1,2
1988,449,1,2
1988,450,1,2
1988,451,1,2
1988,452,1,2
1988,453,1,2
1988,454,1,2
1988,455,1,2
1988,456,1,2
1988,457,1,2
1988,458,1,3
1988,459,1,3
1988,460,1,3
1988,461,1,3
1988,462,1,3
1988,463,1,3
1988,464,1,3
1988,465,1,3
1988,466,1,3
1988,467,1,3
1988,468,1,3
1988,469,1,3
1988,470,1,3
1988,471,1,3
1988,472,1,3
1988,473,1,3
1988,474,1,3
1988,475,1,3
1988,476,1,3
1988,477,1,3
1988,478,1,3
1988,479,1,3
1988,480,1,3
1988,481,1,3
1988,482,1,3
1988,483,1,3
1988,484,1,3
1988,485,1,3
1988,486,1,3
1988,487,1,3
1988,488,1,3
1988,489,1,3
1988,490,1,3
1988,491,1,3
1988,492,1,3
1988,493,1,3
1988,494,1,3
1988,495,1,3
1988,496,1,3
1988,497,1,3
1988,498,1,3
1988,499,1,3
1988,500,1,3
1988,501,1,3
1988,502,1,3
1988,503,1,3
1988,504,1,3
1988,505,1,3
1988,506,1,3
1988,507,1,3
1988,508,1,3
1988,509,1,3
1988,510,1,3
1988,511,1,3
1988,512,1,3
1988,513,1,3
1988,514,1,3
1988,515,1,3
1988,516,1,3
1988,517,1,2
1988,518,1,2
1988,519,1,2
1988,520,1,2
1988,521,1,2
1988,522,1,2
1988,523,1,2
1988,524,1,2
1988,525,1,2
1988,526,1,2
1988,527,1,2
1988,528,1,2
1988,529,1,2
1988,530,1,2
1988,531,1,2
1988,532,1,2
1988,533,1,2
1988,534,1,2
1988,535,1,2
1988,536,1,2
1988,537,1,2
1988,538,1,2
1988,539,1,2
1988,540,1,2
1988,541,1,2
1988,542,1,2
1988,543,1,2
1988,544,1,2
1988,545,1,2
1988,546,1,2
1988,547,1,2
1988,548,1,2
1988,549,1,2
1988,550,1,2
1988,551,1,2
1988,552,1,2
1988,553,1,2
1988,554,1,2
1988,555,1,2
1988,556,1,2
1988,557,1,2
1988,558,1,2
1988,559,1,2
1988,560,1,2
1988,561,1,2
1988,562,1,2
1988,563,1,2
1988,564,1,2
1988,565,1,2
1988,566,1,2
1988,567,1,3
1988,568,1,3
1988,569,1,3
1988,570,1,3
1988,571,1,3
1988,572,1,3
1988,573,1,3
1988,574,1,3
1988,575,1,3
1988,576,1,3
1988,577,1,3
1988,578,1,3
1988,579,1,3
1988,580,1,3
1988,581,1,3
1988,582,1,3
1988,583,1,3
1988,584,1,3
1988,585,1,3
1988,586,1,3
1988,587,1,3
1988,588,1,3
1988,589,1,3
1988,590,1,3
1988,591,1,3
1988,592,1,3
1988,593,1,3
1988,594,1,3
1988,595,1,3
1988,596,1,3
1988,597,1,3
1988,598,1,3
1988,599,1,3
1988,600,1,3
1988,601,1,3
1988,602,1,3
1988,603,1,3
1988,604,1,3
1988,605,1,3
1988,606,1,3
1988,607,1,3
1988,608,1,3
1988,609,1,3
1988,610,1,3
1988,611,1,3
1988,612,1,3
1988,613,1,3
1988,614,1,3
1988,615,1,3
1988,616,1,3
1988,617,1,2
1988,618,1,2
1988,619,1,2
1988,620,1,2
1988,621,1,2
1988,622,1,2
1988,623,1,2
1988,624,1,2
1988,625,1,2
1988,626,1,2
1988,627,1,2
1988,628,1,2
1988,629,1,2
1988,630,1,2
1988,631,1,2
1988,632,1,2
1988,633,1,2
1988,634,1,2
1988,635,1,2
1988,636,1,2
1988,637,1,2
1988,638,1,2
1988,639,1,2
1988,640,1,2
1988,641,1,2
1988,642,1,2
1988,643,1,2
1989,125,1,3
1989,126,1,3
1989,127,1,3
1989,128,1,3
1989,129,1,3
1989,130,1,3
1989,131,1,3
1989,132,1,3
1989,133,1,3
1989,134,1,3
1989,135,1,3
1989,136,1,3
1989,137,1,3
1989,138,1,3
1989,139,1,3
1989,140,1,3
1989,141,1,3
1989,142,1,3
1989,143,1,3
1989,144,1,3
1989,145,1,3
1989,146,1,3
1989,147,1,3
1989,148,1,3
1989,149,1,3
1989,150,1,3
1989,151,1,3
1989,152,1,3
1989,153,1,3
1989,154,1,3
1989,155,1,3
1989,156,1,3
1989,157,1,3
1989,158,1,3
1989,159,1,3
1989,160,1,3
1989,161,1,3
1989,162,1,3
1989,163,1,3
1989,164,1,3
1989,165,1,3
1989,166,1,3
1989,167,1,3
1989,168,1,3
1989,169,1,3
1989,170,1,3
1989,171,1,3
1989,172,1,3
1989,173,1,3
1989,174,1,3
1989,175,1,3
1989,176,1,2
1989,177,1,2
1989,178,1,2
1989,179,1,2
1989,180,1,2
1989,181,1,2
1989,182,1,2
1989,183,1,2
1989,184,1,2
1989,185,1,2
1989,186,1,2
1989,187,1,2
1989,188,1,2
1989,189,1,2
1989,190,1,2
1989,191,1,2
1989,192,1,2
1989,193,1,2
1989,194,1,2
1989,195,1,2
1989,196,1,2
1989,197,1,2
1989,198,1,2
1989,199,1,2
1989,200,1,2
1989,201,1,2
1989,202,1,2
1989,203,1,2
1989,204,1,2
1989,205,1,2
1989,206,1,2
1989,207,1,2
1989,208,1,2
1989,209,1,2
1989,210,1,2
1989,211,1,2
1989,212,1,2
1989,213,1,2
1989,214,1,2
1989,215,1,2
1989,216,1,2
1989,217,1,2
1989,218,1,2
1989,219,1,2
1989,220,1,2
1989,221,1,2
1989,222,1,2
1989,223,1,2
1989,224,1,2
1989,225,1,2
1989,226,1,2
1989,227,1,2
1989,228,1,2
1989,229,1,2
1989,230,1,2
1989,231,1,2
1989,232,1,2
1989,233,1,2
1989,234,1,2
1989,235,1,2
1989,236,1,2
1989,237,1,2
1989,238,1,2
1989,239,1,2
1989,240,1,2
1989,241,1,2
1989,242,1,2
1989,243,1,2
1989,244,1,2
1989,245,1,2
1989,246,1,2
1989,247,1,2
1989,248,1,2
1989,249,1,2
1989,250,1,2
1989,251,1,2
1989,252,1,2
1989,253,1,2
1989,254,1,2
1989,255,1,2
1989,256,1,2
1989,257,1,2
1989,258,1,2
1989,259,1,2
1989,260,1,2
1989,261,1,2
1989,262,1,2
1989,263,1,2
1989,264,1,2
1989,265,1,2
1989,266,1,2
1989,267,1,2
1989,268,1,2
1989,269,1,2
1989,270,1,2
1989,271,1,2
1989,272,1,2
1989,273,1,2
1989,274,1,2
1989,275,1,2
1989,276,1,2
1989,277,1,2
1989,278,1,2
1989,279,1,2
1989,280,1,2
1989,281,1,2
1989,282,1,2
1989,283,1,2
1989,284,1,2
1989,285,1,2
1989,286,1,2
1989,287,1,2
1989,288,1,2
1989,289,1,2
1989,290,1,2
1989,291,1,2
1989,292,1,2
1989,293,1,2
1989,294,1,2
1989,295,1,2
1989,296,1,2
1989,297,1,2
1989,298,1,2
1989,299,1,2
1989,300,1,2
1989,301,1,2
1989,302,1,2
1989,303,1,2
1989,304,1,2
1989,305,1,2
1989,306,1,2
1989,307,1,2
1989,308,1,2
1989,309,1,2
1989,310,1,2
1989,311,1,2
1989,312,1,2
1989,313,1,2
1989,314,1,2
1989,315,1,2
1989,316,1,2
1989,317,1,2
1989,318,1,2
1989,319,1,2
1989,320,1,2
1989,321,1,2
1989,322,1,2
1989,323,1,2
1989,324,1,2
1989,325,1,2
1989,326,1,2
1989,327,1,2
1989,328,1,2
1989,329,1,2
1989,330,1,2
1989,331,1,2
1989,332,1,2
1989,333,1,2
1989,334,1,2
1989,335,1,2
1989,336,1,2
1989,337,1,2
1989,338,1,2
1989,339,1,2
1989,340,1,2
1989,341,1,2
1989,342,1,2
1989,343,1,2
1989,344,1,2
1989,345,1,2
1989,346,1,2
1989,347,1,2
1989,348,1,2
1989,349,1,2
1989,350,1,2
1989,351,1,2
1989,352,1,2
1989,353,1,2
1989,354,1,2
1989,355,1,2
1989,356,1,2
1989,357,1,2
1989,358,1,2
1989,359,1,2
1989,360,1,2
1989,361,1,2
1989,362,1,2
1989,363,1,2
1989,364,1,2
1989,365,1,2
1989,366,1,2
1989,367,1,2
1989,368,1,2
1989,369,1,2
1989,370,1,3
1989,371,1,3
1989,372,1,2
1989,373,1,2
1989,374,1,2
1989,375,1,2
1989,376,1,2
1989,377,1,2
1989,378,1,2
1989,379,1,2
1989,380,1,2
1989,381,1,2
1989,382,1,2
1989,383,1,2
1989,384,1,2
1989,385,1,2
1989,386,1,2
1989,387,1,2
1989,388,1,2
1989,389,1,2
1989,390,1,2
1989,391,1,2
1989,392,1,2
1989,393,1,2
1989,394,1,2
1989,395,1,2
1989,396,1,2
1989,397,1,2
1989,398,1,2
1989,399,1,2
1989,400,1,2
1989,401,1,2
1989,402,1,2
1989,403,1,2
1989,404,1,2
1989,405,1,2
1989,406,1,2
1989,407,1,2
1989,408,1,2
1989,409,1,2
1989,410,1,2
1989,411,1,2
1989,412,1,2
1989,413,1,2
1989,414,1,2
1989,415,1,2
1989,416,1,2
1989,417,1,2
1989,418,1,2
1989,419,1,2
1989,420,1,2
1989,421,1,2
1989,422,1,2
1989,423,1,2
1989,424,1,2
1989,425,1,2
1989,426,1,2
1989,427,1,2
1989,428,1,2
1989,429,1,2
1989,430,1,2
1989,431,1,2
1989,432,1,2
1989,433,1,2
1989,434,1,2
1989,435,1,2
1989,436,1,2
1989,437,1,2
1989,438,1,2
1989,439,1,2
1989,440,1,2
1989,441,1,2
1989,442,1,2
1989,443,1,2
1989,444,1,2
1989,445,1,2
1989,446,1,2
1989,447,1,2
1989,448,1,2
1989,449,1,2
1989,450,1,2
1989,451,1,2
1989,452,1,2
1989,453,1,2
1989,454,1,2
1989,455,1,2
1989,456,1,2
1989,457,1,2
1989,458,1,3
1989,459,1,3
1989,460,1,3
1989,461,1,3
1989,462,1,3
1989,463,1,3
1989,464,1,3
1989,465,1,3
1989,466,1,3
1989,467,1,3
1989,468,1,3
1989,469,1,3
1989,470,1,3
1989,471,1,3
1989,472,1,3
1989,473,1,3
1989,474,1,3
1989,475,1,3
1989,476,1,3
1989,477,1,3
1989,478,1,3
1989,479,1,3
1989,480,1,3
1989,481,1,3
1989,482,1,3
1989,483,1,3
1989,484,1,3
1989,485,1,3
1989,486,1,3
1989,487,1,3
1989,488,1,3
1989,489,1,3
1989,490,1,3
1989,491,1,3
1989,492,1,3
1989,493,1,3
1989,494,1,3
1989,495,1,3
1989,496,1,3
1989,497,1,3
1989,498,1,3
1989,499,1,3
1989,500,1,3
1989,501,1,3
1989,502,1,3
1989,503,1,3
1989,504,1,3
1989,505,1,3
1989,506,1,3
1989,507,1,3
1989,508,1,3
1989,509,1,3
1989,510,1,3
1989,511,1,3
1989,512,1,3
1989,513,1,3
1989,514,1,3
1989,515,1,3
1989,516,1,3
1989,517,1,2
1989,518,1,2
1989,519,1,2
1989,520,1,2
1989,521,1,2
1989,522,1,2
1989,523,1,2
1989,524,1,2
1989,525,1,2
1989,526,1,2
1989,527,1,2
1989,528,1,2
1989,529,1,2
1989,530,1,2
1989,531,1,2
1989,532,1,2
1989,533,1,2
1989,534,1,2
1989,535,1,2
1989,536,1,2
1989,537,1,2
1989,538,1,2
1989,539,1,2
1989,540,1,2
1989,541,1,2
1989,542,1,2
1989,543,1,2
1989,544,1,2
1989,545,1,2
1989,546,1,2
1989,547,1,2
1989,548,1,2
1989,549,1,2
1989,550,1,2
1989,551,1,2
1989,552,1,2
1989,553,1,2
1989,554,1,2
1989,555,1,2
1989,556,1,2
1989,557,1,2
1989,558,1,2
1989,559,1,2
1989,560,1,2
1989,561,1,2
1989,562,1,2
1989,563,1,2
1989,564,1,2
1989,565,1,2
1989,566,1,2
1989,567,1,3
1989,568,1,3
1989,569,1,3
1989,570,1,3
1989,571,1,3
1989,572,1,3
1989,573,1,3
1989,574,1,3
1989,575,1,3
1989,576,1,3
1989,577,1,3
1989,578,1,3
1989,579,1,3
1989,580,1,3
1989,581,1,3
1989,582,1,3
1989,583,1,3
1989,584,1,3
1989,585,1,3
1989,586,1,3
1989,587,1,3
1989,588,1,3
1989,589,1,3
1989,590,1,3
1989,591,1,3
1989,592,1,3
1989,593,1,3
1989,594,1,3
1989,595,1,3
1989,596,1,3
1989,597,1,3
1989,598,1,3
1989,599,1,3
1989,600,1,3
1989,601,1,3
1989,602,1,3
1989,603,1,3
1989,604,1,3
1989,605,1,3
1989,606,1,3
1989,607,1,3
1989,608,1,3
1989,609,1,3
1989,610,1,3
1989,611,1,3
1989,612,1,3
1989,613,1,3
1989,614,1,3
1989,615,1,3
1989,616,1,3
1989,617,1,2
1989,618,1,2
1989,619,1,2
1989,620,1,2
1989,621,1,2
1989,622,1,2
1989,623,1,2
1989,624,1,2
1989,625,1,2
1989,626,1,2
1989,627,1,2
1989,628,1,2
1989,629,1,2
1989,630,1,2
1989,631,1,2
1989,632,1,2
1989,633,1,2
1989,634,1,2
1989,635,1,2
1989,636,1,2
1989,637,1,2
1989,638,1,2
1989,639,1,2
1989,640,1,2
1989,641,1,2
1989,642,1,2
1990,124,1,3
1990,125,1,3
1990,126,1,3
1990,127,1,3
1990,128,1,3
1990,129,1,3
1990,130,1,3
1990,131,1,3
1990,132,1,3
1990,133,1,3
1990,134,1,3
1990,135,1,3
1990,136,1,3
1990,137,1,3
1990,138,1,3
1990,139,1,3
1990,140,1,3
1990,141,1,3
1990,142,1,3
1990,143,1,3
1990,144,1,3
1990,145,1,3
1990,146,1,3
1990,147,1,3
1990,148,1,3
1990,149,1,3
1990,150,1,3
1990,151,1,3
1990,152,1,3
1990,153,1,3
1990,154,1,3
1990,155,1,3
1990,156,1,3
1990,157,1,3
1990,158,1,3
1990,159,1,3
1990,160,1,3
1990,161,1,3
1990,162,1,3
1990,163,1,3
1990,164,1,3
1990,165,1,3
1990,166,1,3
1990,167,1,3
1990,168,1,3
1990,169,1,3
1990,170,1,3
1990,171,1,3
1990,172,1,3
1990,173,1,3
1990,174,1,3
1990,175,1,3
1990,176,1,2
1990,177,1,2
1990,178,1,2
1990,179,1,2
1990,180,1,2
1990,181,1,2
1990,182,1,2
1990,183,1,2
1990,184,1,2
1990,185,1,2
1990,186,1,2
1990,187,1,2
1990,188,1,2
1990,189,1,2
1990,190,1,2
1990,191,1,2
1990,192,1,2
1990,193,1,2
1990,194,1,2
1990,195,1,2
1990,196,1,2
1990,197,1,2
1990,198,1,2
1990,199,1,2
1990,200,1,2
1990,201,1,2
1990,202,1,2
1990,203,1,2
1990,204,1,2
1990,205,1,2
1990,206,1,2
1990,207,1,2
1990,208,1,2
1990,209,1,2
1990,210,1,2
1990,211,1,2
1990,212,1,2
1990,213,1,2
1990,214,1,2
1990,215,1,2
1990,216,1,2
1990,217,1,2
1990,218,1,2
1990,219,1,2
1990,220,1,2
1990,221,1,2
1990,222,1,2
1990,223,1,2
1990,224,1,2
1990,225,1,2
1990,226,1,2
1990,227,1,2
1990,228,1,2
1990,229,1,2
1990,230,1,2
1990,231,1,2
1990,232,1,2
1990,233,1,2
1990,234,1,2
1990,235,1,2
1990,236,1,2
1990,237,1,2
1990,238,1,2
1990,239,1,2
1990,240,1,2
1990,241,1,2
1990,242,1,2
1990,243,1,2
1990,244,1,2
1990,245,1,2
1990,246,1,2
1990,247,1,2
1990,248,1,2
1990,249,1,2
1990,250,1,2
1990,251,1,2
1990,252,1,2
1990,253,1,2
1990,254,1,2
1990,255,1,2
1990,256,1,2
1990,257,1,2
1990,258,1,2
1990,259,1,2
1990,260,1,2
1990,261,1,2
1990,262,1,2
1990,263,1,2
1990,264,1,2
1990,265,1,2
1990,266,1,2
1990,267,1,2
1990,268,1,2
1990,269,1,2
1990,270,1,2
1990,271,1,2
1990,272,1,2
1990,273,1,2
1990,274,1,2
1990,275,1,2
1990,276,1,2
1990,277,1,2
1990,278,1,2
1990,279,1,2
1990,280,1,2
1990,281,1,2
1990,282,1,2
1990,283,1,2
1990,284,1,2
1990,285,1,2
1990,286,1,2
1990,287,1,2
1990,288,1,2
1990,289,1,2
1990,290,1,2
1990,291,1,2
1990,292,1,2
1990,293,1,2
1990,294,1,2
1990,295,1,2
1990,296,1,2
1990,297,1,2
1990,298,1,2
1990,299,1,2
1990,300,1,2
1990,301,1,2
1990,302,1,2
1990,303,1,2
1990,304,1,2
1990,305,1,2
1990,306,1,2
1990,307,1,2
1990,308,1,2
1990,309,1,2
1990,310,1,2
1990,311,1,2
1990,312,1,2
1990,313,1,2
1990,314,1,2
1990,315,1,2
1990,316,1,2
1990,317,1,2
1990,318,1,2
1990,319,1,2
1990,320,1,2
1990,321,1,2
1990,322,1,2
1990,323,1,2
1990,324,1,2
1990,325,1,2
1990,326,1,2
1990,327,1,2
1990,328,1,2
1990,329,1,2
1990,330,1,2
1990,331,1,2
1990,332,1,2
1990,333,1,2
1990,334,1,2
1990,335,1,2
1990,336,1,2
1990,337,1,2
1990,338,1,2
1990,339,1,2
1990,340,1,2
1990,341,1,2
1990,342,1,2
1990,343,1,2
1990,344,1,2
1990,345,1,2
1990,346,1,2
1990,347,1,2
1990,348,1,2
1990,349,1,2
1990,350,1,2
1990,351,1,2
1990,352,1,2
1990,353,1,2
1990,354,1,2
1990,355,1,2
1990,356,1,2
1990,357,1,2
1990,358,1,2
1990,359,1,2
1990,360,1,2
1990,361,1,2
1990,362,1,2
1990,363,1,2
1990,364,1,2
1990,365,1,2
1990,366,1,2
1990,367,1,2
1990,368,1,2
1990,369,1,2
1990,370,1,2
1990,371,1,2
1990,372,1,2
1990,373,1,2
1990,374,1,2
1990,375,1,2
1990,376,1,2
1990,377,1,2
1990,378,1,2
1990,379,1,2
1990,380,1,2
1990,381,1,2
1990,382,1,2
1990,383,1,2
1990,384,1,2
1990,385,1,2
1990,386,1,2
1990,387,1,2
1990,388,1,2
1990,389,1,2
1990,390,1,2
1990,391,1,2
1990,392,1,2
1990,393,1,2
1990,394,1,2
1990,395,1,2
1990,396,1,2
1990,397,1,2
1990,398,1,2
1990,399,1,2
1990,400,1,2
1990,401,1,2
1990,402,1,2
1990,403,1,2
1990,404,1,2
1990,405,1,2
1990,406,1,2
1990,407,1,2
1990,408,1,2
1990,409,1,2
1990,410,1,2
1990,411,1,2
1990,412,1,2
1990,413,1,2
1990,414,1,2
1990,415,1,2
1990,416,1,2
1990,417,1,2
1990,418,1,2
1990,419,1,2
1990,420,1,2
1990,421,1,2
1990,422,1,2
1990,423,1,2
1990,424,1,2
1990,425,1,2
1990,426,1,2
1990,427,1,2
1990,428,1,2
1990,429,1,2
1990,430,1,2
1990,431,1,2
1990,432,1,2
1990,433,1,2
1990,434,1,2
1990,435,1,2
1990,436,1,2
1990,437,1,2
1990,438,1,2
1990,439,1,2
1990,440,1,2
1990,441,1,2
1990,442,1,2
1990,443,1,2
1990,444,1,2
1990,445,1,2
1990,446,1,2
1990,447,1,2
1990,448,1,2
1990,449,1,2
1990,450,1,2
1990,451,1,2
1990,452,1,2
1990,453,1,2
1990,454,1,2
1990,455,1,2
1990,456,1,2
1990,457,1,2
1990,458,1,3
1990,459,1,3
1990,460,1,3
1990,461,1,3
1990,462,1,3
1990,463,1,3
1990,464,1,3
1990,465,1,3
1990,466,1,3
1990,467,1,3
1990,468,1,3
1990,469,1,3
1990,470,1,3
1990,471,1,3
1990,472,1,3
1990,473,1,3
1990,474,1,3
1990,475,1,3
1990,476,1,3
1990,477,1,3
1990,478,1,3
1990,479,1,3
1990,480,1,3
1990,481,1,3
1990,482,1,3
1990,483,1,3
1990,484,1,3
1990,485,1,3
1990,486,1,3
1990,487,1,3
1990,488,1,3
1990,489,1,3
1990,490,1,3
1990,491,1,3
1990,492,1,3
1990,493,1,3
1990,494,1,3
1990,495,1,3
1990,496,1,3
1990,497,1,3
1990,498,1,3
1990,499,1,3
1990,500,1,3
1990,501,1,3
1990,502,1,3
1990,503,1,3
1990,504,1,3
1990,505,1,3
1990,506,1,3
1990,507,1,3
1990,508,1,3
1990,509,1,3
1990,510,1,3
1990,511,1,3
1990,512,1,3
1990,513,1,3
1990,514,1,3
1990,515,1,3
1990,516,1,3
1990,517,1,2
1990,518,1,2
1990,519,1,2
1990,520,1,2
1990,521,1,2
1990,522,1,2
1990,523,1,2
1990,524,1,2
1990,525,1,2
1990,526,1,2
1990,527,1,2
1990,528,1,2
1990,529,1,2
1990,530,1,2
1990,531,1,2
1990,532,1,2
1990,533,1,2
1990,534,1,2
1990,535,1,2
1990,536,1,2
1990,537,1,2
1990,538,1,2
1990,539,1,2
1990,540,1,2
1990,541,1,2
1990,542,1,2
1990,543,1,2
1990,544,1,2
1990,545,1,2
1990,546,1,2
1990,547,1,2
1990,548,1,2
1990,549,1,2
1990,550,1,2
1990,551,1,2
1990,552,1,2
1990,553,1,2
1990,554,1,2
1990,555,1,2
1990,556,1,2
1990,557,1,2
1990,558,1,2
1990,559,1,2
1990,560,1,2
1990,561,1,2
1990,562,1,2
1990,563,1,2
1990,564,1,2
1990,565,1,2
1990,566,1,2
1990,567,1,3
1990,568,1,3
1990,569,1,3
1990,570,1,3
1990,571,1,3
1990,572,1,3
1990,573,1,3
1990,574,1,3
1990,575,1,3
1990,576,1,3
1990,577,1,3
1990,578,1,3
1990,579,1,3
1990,580,1,3
1990,581,1,3
1990,582,1,3
1990,583,1,3
1990,584,1,3
1990,585,1,3
1990,586,1,3
1990,587,1,3
1990,588,1,3
1990,589,1,3
1990,590,1,3
1990,591,1,3
1990,592,1,3
1990,593,1,3
1990,594,1,3
1990,595,1,3
1990,596,1,3
1990,597,1,3
1990,598,1,3
1990,599,1,3
1990,600,1,3
1990,601,1,3
1990,602,1,3
1990,603,1,3
1990,604,1,3
1990,605,1,3
1990,606,1,3
1990,607,1,3
1990,608,1,3
1990,609,1,3
1990,610,1,3
1990,611,1,3
1990,612,1,3
1990,613,1,3
1990,614,1,3
1990,615,1,3
1990,616,1,3
1990,617,1,2
1990,618,1,2
1990,619,1,2
1990,620,1,2
1990,621,1,2
1990,622,1,2
1990,623,1,2
1990,624,1,2
1990,625,1,2
1990,626,1,2
1990,627,1,2
1990,628,1,2
1990,629,1,2
1990,630,1,2
1990,631,1,2
1990,632,1,2
1990,633,1,2
1990,634,1,2
1990,635,1,2
1990,636,1,2
1990,637,1,2
1990,638,1,2
1990,639,1,2
1990,640,1,2
1990,641,1,2
1990,642,1,2
1991,124,1,3
1991,125,1,3
1991,126,1,3
1991,127,1,3
1991,128,1,3
1991,129,1,3
1991,130,1,3
1991,131,1,3
1991,132,1,3
1991,133,1,3
1991,134,1,3
1991,135,1,3
1991,136,1,3
1991,137,1,3
1991,138,1,3
1991,139,1,3
1991,140,1,3
1991,141,1,3
1991,142,1,3
1991,143,1,3
1991,144,1,3
1991,145,1,3
1991,146,1,3
1991,147,1,3
1991,148,1,3
1991,149,1,3
1991,150,1,3
1991,151,1,3
1991,152,1,3
1991,153,1,3
1991,154,1,3
1991,155,1,3
1991,156,1,3
1991,157,1,3
1991,158,1,3
1991,159,1,3
1991,160,1,3
1991,161,1,3
1991,162,1,3
1991,163,1,3
1991,164,1,3
1991,165,1,3
1991,166,1,3
1991,167,1,3
1991,168,1,3
1991,169,1,3
1991,170,1,3
1991,171,1,3
1991,172,1,3
1991,173,1,3
1991,174,1,3
1991,175,1,3
1991,176,1,2
1991,177,1,2
1991,178,1,2
1991,179,1,2
1991,180,1,2
1991,181,1,2
1991,182,1,2
1991,183,1,2
1991,184,1,2
1991,185,1,2
1991,186,1,2
1991,187,1,2
1991,188,1,2
1991,189,1,2
1991,190,1,2
1991,191,1,2
1991,192,1,2
1991,193,1,2
1991,194,1,2
1991,195,1,2
1991,196,1,2
1991,197,1,2
1991,198,1,2
1991,199,1,2
1991,200,1,2
1991,201,1,2
1991,202,1,2
1991,203,1,2
1991,204,1,2
1991,205,1,2
1991,206,1,2
1991,207,1,2
1991,208,1,2
1991,209,1,2
1991,210,1,2
1991,211,1,2
1991,212,1,2
1991,213,1,2
1991,214,1,2
1991,215,1,2
1991,216,1,2
1991,217,1,2
1991,218,1,2
1991,219,1,2
1991,220,1,2
1991,221,1,2
1991,222,1,2
1991,223,1,2
1991,224,1,2
1991,225,1,2
1991,226,1,2
1991,227,1,2
1991,228,1,2
1991,229,1,2
1991,230,1,2
1991,231,1,2
1991,232,1,2
1991,233,1,2
1991,234,1,2
1991,235,1,2
1991,236,1,2
1991,237,1,2
1991,238,1,2
1991,239,1,2
1991,240,1,2
1991,241,1,2
1991,242,1,2
1991,243,1,2
1991,244,1,2
1991,245,1,2
1991,246,1,2
1991,247,1,2
1991,248,1,2
1991,249,1,2
1991,250,1,2
1991,251,1,2
1991,252,1,2
1991,253,1,2
1991,254,1,2
1991,255,1,2
1991,256,1,2
1991,257,1,2
1991,258,1,2
1991,259,1,2
1991,260,1,2
1991,261,1,2
1991,262,1,2
1991,263,1,2
1991,264,1,2
1991,265,1,2
1991,266,1,2
1991,267,1,2
1991,268,1,2
1991,269,1,2
1991,270,1,2
1991,271,1,2
1991,272,1,2
1991,273,1,2
1991,274,1,2
1991,275,1,2
1991,276,1,2
1991,277,1,2
1991,278,1,2
1991,279,1,2
1991,280,1,2
1991,281,1,2
1991,282,1,2
1991,283,1,2
1991,284,1,2
1991,285,1,2
1991,286,1,2
1991,287,1,2
1991,288,1,2
1991,289,1,2
1991,290,1,2
1991,291,1,2
1991,292,1,2
1991,293,1,2
1991,294,1,2
1991,295,1,2
1991,296,1,2
1991,297,1,2
1991,298,1,2
1991,299,1,2
1991,300,1,2
1991,301,1,2
1991,302,1,2
1991,303,1,2
1991,304,1,2
1991,305,1,2
1991,306,1,2
1991,307,1,2
1991,308,1,2
1991,309,1,2
1991,310,1,2
1991,311,1,2
1991,312,1,2
1991,313,1,2
1991,314,1,2
1991,315,1,2
1991,316,1,2
1991,317,1,2
1991,318,1,2
1991,319,1,2
1991,320,1,2
1991,321,1,2
1991,322,1,2
1991,323,1,2
1991,324,1,2
1991,325,1,2
1991,326,1,2
1991,327,1,2
1991,328,1,2
1991,329,1,2
1991,330,1,2
1991,331,1,2
1991,332,1,2
1991,333,1,2
1991,334,1,2
1991,335,1,2
1991,336,1,2
1991,337,1,2
1991,338,1,2
1991,339,1,2
1991,340,1,2
1991,341,1,2
1991,342,1,2
1991,343,1,2
1991,344,1,2
1991,345,1,2
1991,346,1,2
1991,347,1,2
1991,348,1,2
1991,349,1,2
1991,350,1,2
1991,351,1,2
1991,352,1,2
1991,353,1,2
1991,354,1,2
1991,355,1,2
1991,356,1,2
1991,357,1,2
1991,358,1,2
1991,359,1,2
1991,360,1,2
1991,361,1,2
1991,362,1,2
1991,363,1,2
1991,364,1,2
1991,365,1,2
1991,366,1,2
1991,367,1,2
1991,368,1,2
1991,369,1,2
1991,370,1,2
1991,371,1,2
1991,372,1,2
1991,373,1,2
1991,374,1,2
1991,375,1,2
1991,376,1,2
1991,377,1,2
1991,378,1,2
1991,379,1,2
1991,380,1,2
1991,381,1,2
1991,382,1,2
1991,383,1,2
1991,384,1,2
1991,385,1,2
1991,386,1,2
1991,387,1,2
1991,388,1,2
1991,389,1,2
1991,390,1,2
1991,391,1,2
1991,392,1,2
1991,393,1,2
1991,394,1,2
1991,395,1,2
1991,396,1,2
1991,397,1,2
1991,398,1,2
1991,399,1,2
1991,400,1,2
1991,401,1,2
1991,402,1,2
1991,403,1,2
1991,404,1,2
1991,405,1,2
1991,406,1,2
1991,407,1,2
1991,408,1,2
1991,409,1,2
1991,410,1,2
1991,411,1,2
1991,412,1,2
1991,413,1,2
1991,414,1,2
1991,415,1,2
1991,416,1,2
1991,417,1,2
1991,418,1,2
1991,419,1,2
1991,420,1,2
1991,421,1,2
1991,422,1,2
1991,423,1,2
1991,424,1,2
1991,425,1,2
1991,426,1,2
1991,427,1,2
1991,428,1,2
1991,429,1,2
1991,430,1,2
1991,431,1,2
1991,432,1,2
1991,433,1,2
1991,434,1,2
1991,435,1,2
1991,436,1,2
1991,437,1,2
1991,438,1,2
1991,439,1,2
1991,440,1,2
1991,441,1,2
1991,442,1,2
1991,443,1,2
1991,444,1,2
1991,445,1,2
1991,446,1,2
1991,447,1,2
1991,448,1,2
1991,449,1,2
1991,450,1,2
1991,451,1,2
1991,452,1,2
1991,453,1,2
1991,454,1,2
1991,455,1,2
1991,456,1,2
1991,457,1,2
1991,458,1,3
1991,459,1,3
1991,460,1,3
1991,461,1,3
1991,462,1,3
1991,463,1,3
1991,464,1,3
1991,465,1,3
1991,466,1,3
1991,467,1,3
1991,468,1,3
1991,469,1,3
1991,470,1,3
1991,471,1,3
1991,472,1,3
1991,473,1,3
1991,474,1,3
1991,475,1,3
1991,476,1,3
1991,477,1,3
1991,478,1,3
1991,479,1,3
1991,480,1,3
1991,481,1,3
1991,482,1,3
1991,483,1,3
1991,484,1,3
1991,485,1,3
1991,486,1,3
1991,487,1,3
1991,488,1,3
1991,489,1,3
1991,490,1,3
1991,491,1,3
1991,492,1,3
1991,493,1,3
1991,494,1,3
1991,495,1,3
1991,496,1,3
1991,497,1,3
1991,498,1,3
1991,499,1,3
1991,500,1,3
1991,501,1,3
1991,502,1,3
1991,503,1,3
1991,504,1,3
1991,505,1,3
1991,506,1,3
1991,507,1,3
1991,508,1,3
1991,509,1,3
1991,510,1,3
1991,511,1,3
1991,512,1,3
1991,513,1,3
1991,514,1,3
1991,515,1,3
1991,516,1,3
1991,517,1,2
1991,518,1,2
1991,519,1,2
1991,520,1,2
1991,521,1,2
1991,522,1,2
1991,523,1,2
1991,524,1,2
1991,525,1,2
1991,526,1,2
1991,527,1,2
1991,528,1,2
1991,529,1,2
1991,530,1,2
1991,531,1,2
1991,532,1,2
1991,533,1,2
1991,534,1,2
1991,535,1,2
1991,536,1,2
1991,537,1,2
1991,538,1,2
1991,539,1,2
1991,540,1,2
1991,541,1,2
1991,542,1,2
1991,543,1,2
1991,544,1,2
1991,545,1,2
1991,546,1,2
1991,547,1,2
1991,548,1,2
1991,549,1,2
1991,550,1,2
1991,551,1,2
1991,552,1,2
1991,553,1,2
1991,554,1,2
1991,555,1,2
1991,556,1,2
1991,557,1,2
1991,558,1,2
1991,559,1,2
1991,560,1,2
1991,561,1,2
1991,562,1,2
1991,563,1,2
1991,564,1,2
1991,565,1,2
1991,566,1,2
1991,567,1,3
1991,568,1,3
1991,569,1,3
1991,570,1,3
1991,571,1,3
1991,572,1,3
1991,573,1,3
1991,574,1,3
1991,575,1,3
1991,576,1,3
1991,577,1,3
1991,578,1,3
1991,579,1,3
1991,580,1,3
1991,581,1,3
1991,582,1,3
1991,583,1,3
1991,584,1,3
1991,585,1,3
1991,586,1,3
1991,587,1,3
1991,588,1,3
1991,589,1,3
1991,590,1,3
1991,591,1,3
1991,592,1,3
1991,593,1,3
1991,594,1,3
1991,595,1,3
1991,596,1,3
1991,597,1,3
1991,598,1,3
1991,599,1,3
1991,600,1,3
1991,601,1,3
1991,602,1,3
1991,603,1,3
1991,604,1,3
1991,605,1,3
1991,606,1,3
1991,607,1,3
1991,608,1,3
1991,609,1,3
1991,610,1,3
1991,611,1,3
1991,612,1,3
1991,613,1,3
1991,614,1,3
1991,615,1,3
1991,616,1,3
1991,617,1,2
1991,618,1,2
1991,619,1,2
1991,620,1,2
1991,621,1,2
1991,622,1,2
1991,623,1,2
1991,624,1,2
1991,625,1,2
1991,626,1,2
1991,627,1,2
1991,628,1,2
1991,629,1,2
1991,630,1,2
1991,631,1,2
1991,632,1,2
1991,633,1,2
1991,634,1,2
1991,635,1,2
1991,636,1,2
1991,637,1,2
1991,638,1,2
1991,639,1,2
1991,640,1,2
1991,641,1,2
1991,642,1,2
1992,124,1,3
1992,125,1,3
1992,126,1,3
1992,127,1,3
1992,128,1,3
1992,129,1,3
1992,130,1,3
1992,131,1,3
1992,132,1,3
1992,133,1,3
1992,134,1,3
1992,135,1,3
1992,136,1,3
1992,137,1,3
1992,138,1,3
1992,139,1,3
1992,140,1,3
1992,141,1,3
1992,142,1,3
1992,143,1,3
1992,144,1,3
1992,145,1,3
1992,146,1,3
1992,147,1,3
1992,148,1,3
1992,149,1,3
1992,150,1,3
1992,151,1,3
1992,152,1,3
1992,153,1,3
1992,154,1,3
1992,155,1,3
1992,156,1,3
1992,157,1,3
1992,158,1,3
1992,159,1,3
1992,160,1,3
1992,161,1,3
1992,162,1,3
1992,163,1,3
1992,164,1,3
1992,165,1,3
1992,166,1,3
1992,167,1,3
1992,168,1,3
1992,169,1,3
1992,170,1,3
1992,171,1,3
1992,172,1,3
1992,173,1,3
1992,174,1,3
1992,175,1,3
1992,176,1,2
1992,177,1,2
1992,178,1,2
1992,179,1,2
1992,180,1,2
1992,181,1,2
1992,182,1,2
1992,183,1,2
1992,184,1,2
1992,185,1,2
1992,186,1,2
1992,187,1,2
1992,188,1,2
1992,189,1,2
1992,190,1,2
1992,191,1,2
1992,192,1,2
1992,193,1,2
1992,194,1,2
1992,195,1,2
1992,196,1,2
1992,197,1,2
1992,198,1,2
1992,199,1,2
1992,200,1,2
1992,201,1,2
1992,202,1,2
1992,203,1,2
1992,204,1,2
1992,205,1,2
1992,206,1,2
1992,207,1,2
1992,208,1,2
1992,209,1,2
1992,210,1,2
1992,211,1,2
1992,212,1,2
1992,213,1,2
1992,214,1,2
1992,215,1,2
1992,216,1,2
1992,217,1,2
1992,218,1,2
1992,219,1,2
1992,220,1,2
1992,221,1,2
1992,222,1,2
1992,223,1,2
1992,224,1,2
1992,225,1,2
1992,226,1,2
1992,227,1,2
1992,228,1,2
1992,229,1,2
1992,230,1,2
1992,231,1,2
1992,232,1,2
1992,233,1,2
1992,234,1,2
1992,235,1,2
1992,236,1,2
1992,237,1,2
1992,238,1,2
1992,239,1,2
1992,240,1,2
1992,241,1,2
1992,242,1,2
1992,243,1,2
1992,244,1,2
1992,245,1,2
1992,246,1,2
1992,247,1,2
1992,248,1,2
1992,249,1,2
1992,250,1,2
1992,251,1,2
1992,252,1,2
1992,253,1,2
1992,254,1,2
1992,255,1,2
1992,256,1,2
1992,257,1,2
1992,258,1,2
1992,259,1,2
1992,260,1,2
1992,261,1,2
1992,262,1,2
1992,263,1,2
1992,264,1,2
1992,265,1,2
1992,266,1,2
1992,267,1,2
1992,268,1,2
1992,269,1,2
1992,270,1,2
1992,271,1,2
1992,272,1,2
1992,273,1,2
1992,274,1,2
1992,275,1,2
1992,276,1,2
1992,277,1,2
1992,278,1,2
1992,279,1,2
1992,280,1,2
1992,281,1,2
1992,282,1,2
1992,283,1,2
1992,284,1,2
1992,285,1,2
1992,286,1,2
1992,287,1,2
1992,288,1,2
1992,289,1,2
1992,290,1,2
1992,291,1,2
1992,292,1,2
1992,293,1,2
1992,294,1,2
1992,295,1,2
1992,296,1,2
1992,297,1,2
1992,298,1,2
1992,299,1,2
1992,300,1,2
1992,301,1,2
1992,302,1,2
1992,303,1,2
1992,304,1,2
1992,305,1,2
1992,306,1,2
1992,307,1,2
1992,308,1,2
1992,309,1,2
1992,310,1,2
1992,311,1,2
1992,312,1,2
1992,313,1,2
1992,314,1,2
1992,315,1,2
1992,316,1,2
1992,317,1,2
1992,318,1,2
1992,319,1,2
1992,320,1,2
1992,321,1,2
1992,322,1,2
1992,323,1,2
1992,324,1,2
1992,325,1,2
1992,326,1,2
1992,327,1,2
1992,328,1,2
1992,329,1,2
1992,330,1,2
1992,331,1,2
1992,332,1,2
1992,333,1,2
1992,334,1,2
1992,335,1,2
1992,336,1,2
1992,337,1,2
1992,338,1,2
1992,339,1,2
1992,340,1,2
1992,341,1,2
1992,342,1,2
1992,343,1,2
1992,344,1,2
1992,345,1,2
1992,346,1,2
1992,347,1,2
1992,348,1,2
1992,349,1,2
1992,350,1,2
1992,351,1,2
1992,352,1,2
1992,353,1,2
1992,354,1,2
1992,355,1,2
1992,356,1,2
1992,357,1,2
1992,358,1,2
1992,359,1,2
1992,360,1,2
1992,361,1,2
1992,362,1,2
1992,363,1,2
1992,364,1,2
1992,365,1,2
1992,366,1,2
1992,367,1,2
1992,368,1,2
1992,369,1,2
1992,370,1,2
1992,371,1,2
1992,372,1,2
1992,373,1,2
1992,374,1,2
1992,375,1,2
1992,376,1,2
1992,377,1,2
1992,378,1,2
1992,379,1,2
1992,380,1,2
1992,381,1,2
1992,382,1,2
1992,383,1,2
1992,384,1,2
1992,385,1,2
1992,386,1,2
1992,387,1,2
1992,388,1,2
1992,389,1,2
1992,390,1,2
1992,391,1,2
1992,392,1,2
1992,393,1,2
1992,394,1,2
1992,395,1,2
1992,396,1,2
1992,397,1,2
1992,398,1,2
1992,399,1,2
1992,400,1,2
1992,401,1,2
1992,402,1,2
1992,403,1,2
1992,404,1,2
1992,405,1,2
1992,406,1,2
1992,407,1,2
1992,408,1,2
1992,409,1,2
1992,410,1,2
1992,411,1,2
1992,412,1,2
1992,413,1,2
1992,414,1,2
1992,415,1,2
1992,416,1,2
1992,417,1,2
1992,418,1,2
1992,419,1,2
1992,420,1,2
1992,421,1,2
1992,422,1,2
1992,423,1,2
1992,424,1,2
1992,425,1,2
1992,426,1,2
1992,427,1,2
1992,428,1,2
1992,429,1,2
1992,430,1,2
1992,431,1,2
1992,432,1,2
1992,433,1,2
1992,434,1,2
1992,435,1,2
1992,436,1,2
1992,437,1,2
1992,438,1,2
1992,439,1,2
1992,440,1,2
1992,441,1,2
1992,442,1,2
1992,443,1,2
1992,444,1,2
1992,445,1,2
1992,446,1,2
1992,447,1,2
1992,448,1,2
1992,449,1,2
1992,450,1,2
1992,451,1,2
1992,452,1,2
1992,453,1,2
1992,454,1,2
1992,455,1,2
1992,456,1,2
1992,457,1,2
1992,458,1,2
1992,459,1,3
1992,460,1,3
1992,461,1,3
1992,462,1,3
1992,463,1,3
1992,464,1,3
1992,465,1,3
1992,466,1,3
1992,467,1,3
1992,468,1,3
1992,469,1,3
1992,470,1,3
1992,471,1,3
1992,472,1,3
1992,473,1,3
1992,474,1,3
1992,475,1,3
1992,476,1,3
1992,477,1,3
1992,478,1,3
1992,479,1,3
1992,480,1,3
1992,481,1,3
1992,482,1,3
1992,483,1,3
1992,484,1,3
1992,485,1,3
1992,486,1,3
1992,487,1,3
1992,488,1,3
1992,489,1,3
1992,490,1,3
1992,491,1,3
1992,492,1,3
1992,493,1,3
1992,494,1,3
1992,495,1,3
1992,496,1,3
1992,497,1,3
1992,498,1,3
1992,499,1,3
1992,500,1,3
1992,501,1,3
1992,502,1,3
1992,503,1,3
1992,504,1,3
1992,505,1,3
1992,506,1,3
1992,507,1,3
1992,508,1,3
1992,509,1,3
1992,510,1,3
1992,511,1,3
1992,512,1,3
1992,513,1,3
1992,514,1,3
1992,515,1,3
1992,516,1,3
1992,517,1,2
1992,518,1,2
1992,519,1,2
1992,520,1,2
1992,521,1,2
1992,522,1,2
1992,523,1,2
1992,524,1,2
1992,525,1,2
1992,526,1,2
1992,527,1,2
1992,528,1,2
1992,529,1,2
1992,530,1,2
1992,531,1,2
1992,532,1,2
1992,533,1,2
1992,534,1,2
1992,535,1,2
1992,536,1,2
1992,537,1,2
1992,538,1,2
1992,539,1,2
1992,540,1,2
1992,541,1,2
1992,542,1,2
1992,543,1,2
1992,544,1,2
1992,545,1,2
1992,546,1,2
1992,547,1,2
1992,548,1,2
1992,549,1,2
1992,550,1,2
1992,551,1,2
1992,552,1,2
1992,553,1,2
1992,554,1,2
1992,555,1,2
1992,556,1,2
1992,557,1,2
1992,558,1,2
1992,559,1,2
1992,560,1,2
1992,561,1,2
1992,562,1,2
1992,563,1,2
1992,564,1,2
1992,565,1,2
1992,566,1,2
1992,567,1,3
1992,568,1,3
1992,569,1,3
1992,570,1,3
1992,571,1,3
1992,572,1,3
1992,573,1,3
1992,574,1,3
1992,575,1,3
1992,576,1,3
1992,577,1,3
1992,578,1,3
1992,579,1,3
1992,580,1,3
1992,581,1,3
1992,582,1,3
1992,583,1,3
1992,584,1,3
1992,585,1,3
1992,586,1,3
1992,587,1,3
1992,588,1,3
1992,589,1,3
1992,590,1,3
1992,591,1,3
1992,592,1,3
1992,593,1,3
1992,594,1,3
1992,595,1,3
1992,596,1,3
1992,597,1,3
1992,598,1,3
1992,599,1,3
1992,600,1,3
1992,601,1,3
1992,602,1,3
1992,603,1,3
1992,604,1,3
1992,605,1,3
1992,606,1,3
1992,607,1,3
1992,608,1,3
1992,609,1,3
1992,610,1,3
1992,611,1,3
1992,612,1,3
1992,613,1,3
1992,614,1,3
1992,615,1,3
1992,616,1,3
1992,617,1,3
1992,618,1,2
1992,619,1,2
1992,620,1,2
1992,621,1,2
1992,622,1,2
1992,623,1,2
1992,624,1,2
1992,625,1,2
1992,626,1,2
1992,627,1,2
1992,628,1,2
1992,629,1,2
1992,630,1,2
1992,631,1,2
1992,632,1,2
1992,633,1,2
1992,634,1,2
1992,635,1,2
1992,636,1,2
1992,637,1,2
1992,638,1,2
1992,639,1,2
1992,640,1,2
1992,641,1,2
1992,642,1,2
1993,124,1,3
1993,125,1,3
1993,126,1,3
1993,127,1,3
1993,128,1,3
1993,129,1,3
1993,130,1,3
1993,131,1,3
1993,132,1,3
1993,133,1,3
1993,134,1,3
1993,135,1,3
1993,136,1,3
1993,137,1,3
1993,138,1,3
1993,139,1,3
1993,140,1,3
1993,141,1,3
1993,142,1,3
1993,143,1,3
1993,144,1,3
1993,145,1,3
1993,146,1,3
1993,147,1,3
1993,148,1,3
1993,149,1,3
1993,150,1,3
1993,151,1,3
1993,152,1,3
1993,153,1,3
1993,154,1,3
1993,155,1,3
1993,156,1,3
1993,157,1,3
1993,158,1,3
1993,159,1,3
1993,160,1,3
1993,161,1,3
1993,162,1,3
1993,163,1,3
1993,164,1,3
1993,165,1,3
1993,166,1,3
1993,167,1,3
1993,168,1,3
1993,169,1,3
1993,170,1,3
1993,171,1,3
1993,172,1,3
1993,173,1,3
1993,174,1,3
1993,175,1,3
1993,176,1,2
1993,177,1,2
1993,178,1,2
1993,179,1,2
1993,180,1,2
1993,181,1,2
1993,182,1,2
1993,183,1,2
1993,184,1,2
1993,185,1,2
1993,186,1,2
1993,187,1,2
1993,188,1,2
1993,189,1,2
1993,190,1,2
1993,191,1,2
1993,192,1,2
1993,193,1,2
1993,194,1,2
1993,195,1,2
1993,196,1,2
1993,197,1,2
1993,198,1,2
1993,199,1,2
1993,200,1,2
1993,201,1,2
1993,202,1,2
1993,203,1,2
1993,204,1,2
1993,205,1,2
1993,206,1,2
1993,207,1,2
1993,208,1,2
1993,209,1,2
1993,210,1,2
1993,211,1,2
1993,212,1,2
1993,213,1,2
1993,214,1,2
1993,215,1,2
1993,216,1,2
1993,217,1,2
1993,218,1,2
1993,219,1,2
1993,220,1,2
1993,221,1,2
1993,222,1,2
1993,223,1,2
1993,224,1,2
1993,225,1,2
1993,226,1,2
1993,227,1,2
1993,228,1,2
1993,229,1,2
1993,230,1,2
1993,231,1,2
1993,232,1,2
1993,233,1,2
1993,234,1,2
1993,235,1,2
1993,236,1,2
1993,237,1,2
1993,238,1,2
1993,239,1,2
1993,240,1,2
1993,241,1,2
1993,242,1,2
1993,243,1,2
1993,244,1,2
1993,245,1,2
1993,246,1,2
1993,247,1,2
1993,248,1,2
1993,249,1,2
1993,250,1,2
1993,251,1,2
1993,252,1,2
1993,253,1,2
1993,254,1,2
1993,255,1,2
1993,256,1,2
1993,257,1,2
1993,258,1,2
1993,259,1,2
1993,260,1,2
1993,261,1,2
1993,262,1,2
1993,263,1,2
1993,264,1,2
1993,265,1,2
1993,266,1,2
1993,267,1,2
1993,268,1,2
1993,269,1,2
1993,270,1,2
1993,271,1,2
1993,272,1,2
1993,273,1,2
1993,274,1,2
1993,275,1,2
1993,276,1,2
1993,277,1,2
1993,278,1,2
1993,279,1,2
1993,280,1,2
1993,281,1,2
1993,282,1,2
1993,283,1,2
1993,284,1,2
1993,285,1,2
1993,286,1,2
1993,287,1,2
1993,288,1,2
1993,289,1,2
1993,290,1,2
1993,291,1,2
1993,292,1,2
1993,293,1,2
1993,294,1,2
1993,295,1,2
1993,296,1,2
1993,297,1,2
1993,298,1,2
1993,299,1,2
1993,300,1,2
1993,301,1,2
1993,302,1,2
1993,303,1,2
1993,304,1,2
1993,305,1,2
1993,306,1,2
1993,307,1,2
1993,308,1,2
1993,309,1,2
1993,310,1,2
1993,311,1,2
1993,312,1,2
1993,313,1,2
1993,314,1,2
1993,315,1,2
1993,316,1,2
1993,317,1,2
1993,318,1,2
1993,319,1,2
1993,320,1,2
1993,321,1,2
1993,322,1,2
1993,323,1,2
1993,324,1,2
1993,325,1,2
1993,326,1,2
1993,327,1,2
1993,328,1,2
1993,329,1,2
1993,330,1,2
1993,331,1,2
1993,332,1,2
1993,333,1,2
1993,334,1,2
1993,335,1,2
1993,336,1,2
1993,337,1,2
1993,338,1,2
1993,339,1,2
1993,340,1,2
1993,341,1,2
1993,342,1,2
1993,343,1,2
1993,344,1,2
1993,345,1,2
1993,346,1,2
1993,347,1,2
1993,348,1,2
1993,349,1,2
1993,350,1,2
1993,351,1,2
1993,352,1,2
1993,353,1,2
1993,354,1,2
1993,355,1,2
1993,356,1,2
1993,357,1,2
1993,358,1,2
1993,359,1,2
1993,360,1,2
1993,361,1,2
1993,362,1,2
1993,363,1,2
1993,364,1,2
1993,365,1,2
1993,366,1,2
1993,367,1,2
1993,368,1,2
1993,369,1,2
1993,370,1,2
1993,371,1,2
1993,372,1,2
1993,373,1,2
1993,374,1,2
1993,375,1,2
1993,376,1,2
1993,377,1,2
1993,378,1,2
1993,379,1,2
1993,380,1,2
1993,381,1,2
1993,382,1,2
1993,383,1,2
1993,384,1,2
1993,385,1,2
1993,386,1,2
1993,387,1,2
1993,388,1,2
1993,389,1,2
1993,390,1,2
1993,391,1,2
1993,392,1,2
1993,393,1,2
1993,394,1,2
1993,395,1,2
1993,396,1,2
1993,397,1,2
1993,398,1,2
1993,399,1,2
1993,400,1,2
1993,401,1,2
1993,402,1,2
1993,403,1,2
1993,404,1,2
1993,405,1,2
1993,406,1,2
1993,407,1,2
1993,408,1,2
1993,409,1,2
1993,410,1,2
1993,411,1,2
1993,412,1,2
1993,413,1,2
1993,414,1,2
1993,415,1,2
1993,416,1,2
1993,417,1,2
1993,418,1,2
1993,419,1,2
1993,420,1,2
1993,421,1,2
1993,422,1,2
1993,423,1,2
1993,424,1,2
1993,425,1,2
1993,426,1,2
1993,427,1,2
1993,428,1,2
1993,429,1,2
1993,430,1,2
1993,431,1,2
1993,432,1,2
1993,433,1,2
1993,434,1,2
1993,435,1,2
1993,436,1,2
1993,437,1,2
1993,438,1,2
1993,439,1,2
1993,440,1,2
1993,441,1,2
1993,442,1,2
1993,443,1,2
1993,444,1,2
1993,445,1,2
1993,446,1,2
1993,447,1,2
1993,448,1,2
1993,449,1,2
1993,450,1,2
1993,451,1,2
1993,452,1,2
1993,453,1,2
1993,454,1,2
1993,455,1,2
1993,456,1,2
1993,457,1,2
1993,458,1,3
1993,459,1,3
1993,460,1,3
1993,461,1,3
1993,462,1,3
1993,463,1,3
1993,464,1,3
1993,465,1,3
1993,466,1,3
1993,467,1,3
1993,468,1,3
1993,469,1,3
1993,470,1,3
1993,471,1,3
1993,472,1,3
1993,473,1,3
1993,474,1,3
1993,475,1,3
1993,476,1,3
1993,477,1,3
1993,478,1,3
1993,479,1,3
1993,480,1,3
1993,481,1,3
1993,482,1,3
1993,483,1,3
1993,484,1,3
1993,485,1,3
1993,486,1,3
1993,487,1,3
1993,488,1,3
1993,489,1,3
1993,490,1,3
1993,491,1,3
1993,492,1,3
1993,493,1,3
1993,494,1,3
1993,495,1,3
1993,496,1,3
1993,497,1,3
1993,498,1,3
1993,499,1,3
1993,500,1,3
1993,501,1,3
1993,502,1,3
1993,503,1,3
1993,504,1,3
1993,505,1,3
1993,506,1,3
1993,507,1,3
1993,508,1,3
1993,509,1,3
1993,510,1,3
1993,511,1,3
1993,512,1,3
1993,513,1,3
1993,514,1,3
1993,515,1,3
1993,516,1,3
1993,517,1,2
1993,518,1,2
1993,519,1,2
1993,520,1,2
1993,521,1,2
1993,522,1,2
1993,523,1,2
1993,524,1,2
1993,525,1,2
1993,526,1,2
1993,527,1,2
1993,528,1,2
1993,529,1,2
1993,530,1,2
1993,531,1,2
1993,532,1,2
1993,533,1,2
1993,534,1,2
1993,535,1,2
1993,536,1,2
1993,537,1,2
1993,538,1,2
1993,539,1,2
1993,540,1,2
1993,541,1,2
1993,542,1,2
1993,543,1,2
1993,544,1,2
1993,545,1,2
1993,546,1,2
1993,547,1,2
1993,548,1,2
1993,549,1,2
1993,550,1,2
1993,551,1,2
1993,552,1,2
1993,553,1,2
1993,554,1,2
1993,555,1,2
1993,556,1,2
1993,557,1,2
1993,558,1,2
1993,559,1,2
1993,560,1,2
1993,561,1,2
1993,562,1,2
1993,563,1,2
1993,564,1,2
1993,565,1,2
1993,566,1,2
1993,567,1,3
1993,568,1,3
1993,569,1,3
1993,570,1,3
1993,571,1,3
1993,572,1,3
1993,573,1,3
1993,574,1,3
1993,575,1,3
1993,576,1,3
1993,577,1,3
1993,578,1,3
1993,579,1,3
1993,580,1,3
1993,581,1,3
1993,582,1,3
1993,583,1,3
1993,584,1,3
1993,585,1,3
1993,586,1,3
1993,587,1,3
1993,588,1,3
1993,589,1,3
1993,590,1,3
1993,591,1,3
1993,592,1,3
1993,593,1,3
1993,594,1,3
1993,595,1,3
1993,596,1,3
1993,597,1,3
1993,598,1,3
1993,599,1,3
1993,600,1,3
1993,601,1,3
1993,602,1,3
1993,603,1,3
1993,604,1,3
1993,605,1,3
1993,606,1,3
1993,607,1,3
1993,608,1,3
1993,609,1,3
1993,610,1,3
1993,611,1,3
1993,612,1,3
1993,613,1,3
1993,614,1,3
1993,615,1,3
1993,616,1,3
1993,617,1,3
1993,618,1,2
1993,619,1,2
1993,620,1,2
1993,621,1,2
1993,622,1,2
1993,623,1,2
1993,624,1,2
1993,625,1,2
1993,626,1,2
1993,627,1,2
1993,628,1,2
1993,629,1,2
1993,630,1,2
1993,631,1,2
1993,632,1,2
1993,633,1,2
1993,634,1,2
1993,635,1,2
1993,636,1,2
1993,637,1,2
1993,638,1,2
1993,639,1,2
1993,640,1,2
1993,641,1,2
1994,123,1,3
1994,124,1,3
1994,125,1,3
1994,126,1,3
1994,127,1,3
1994,128,1,3
1994,129,1,3
1994,130,1,3
1994,131,1,3
1994,132,1,3
1994,133,1,3
1994,134,1,3
1994,135,1,3
1994,136,1,3
1994,137,1,3
1994,138,1,3
1994,139,1,3
1994,140,1,3
1994,141,1,3
1994,142,1,3
1994,143,1,3
1994,144,1,3
1994,145,1,3
1994,146,1,3
1994,147,1,3
1994,148,1,3
1994,149,1,3
1994,150,1,3
1994,151,1,3
1994,152,1,3
1994,153,1,3
1994,154,1,3
1994,155,1,3
1994,156,1,3
1994,157,1,3
1994,158,1,3
1994,159,1,3
1994,160,1,3
1994,161,1,3
1994,162,1,3
1994,163,1,3
1994,164,1,3
1994,165,1,3
1994,166,1,3
1994,167,1,3
1994,168,1,3
1994,169,1,3
1994,170,1,3
1994,171,1,3
1994,172,1,3
1994,173,1,3
1994,174,1,3
1994,175,1,3
1994,176,1,2
1994,177,1,2
1994,178,1,2
1994,179,1,2
1994,180,1,2
1994,181,1,2
1994,182,1,2
1994,183,1,2
1994,184,1,2
1994,185,1,2
1994,186,1,2
1994,187,1,2
1994,188,1,2
1994,189,1,2
1994,190,1,2
1994,191,1,2
1994,192,1,2
1994,193,1,2
1994,194,1,2
1994,195,1,2
1994,196,1,2
1994,197,1,2
1994,198,1,2
1994,199,1,2
1994,200,1,2
1994,201,1,2
1994,202,1,2
1994,203,1,2
1994,204,1,2
1994,205,1,2
1994,206,1,2
1994,207,1,2
1994,208,1,2
1994,209,1,2
1994,210,1,2
1994,211,1,2
1994,212,1,2
1994,213,1,2
1994,214,1,2
1994,215,1,2
1994,216,1,2
1994,217,1,2
1994,218,1,2
1994,219,1,2
1994,220,1,2
1994,221,1,2
1994,222,1,2
1994,223,1,2
1994,224,1,2
1994,225,1,2
1994,226,1,2
1994,227,1,2
1994,228,1,2
1994,229,1,2
1994,230,1,2
1994,231,1,2
1994,232,1,2
1994,233,1,2
1994,234,1,2
1994,235,1,2
1994,236,1,2
1994,237,1,2
1994,238,1,2
1994,239,1,2
1994,240,1,2
1994,241,1,2
1994,242,1,2
1994,243,1,2
1994,244,1,2
1994,245,1,2
1994,246,1,2
1994,247,1,2
1994,248,1,2
1994,249,1,2
1994,250,1,2
1994,251,1,2
1994,252,1,2
1994,253,1,2
1994,254,1,2
1994,255,1,2
1994,256,1,2
1994,257,1,2
1994,258,1,2
1994,259,1,2
1994,260,1,2
1994,261,1,2
1994,262,1,2
1994,263,1,2
1994,264,1,2
1994,265,1,2
1994,266,1,2
1994,267,1,2
1994,268,1,2
1994,269,1,2
1994,270,1,2
1994,271,1,2
1994,272,1,2
1994,273,1,2
1994,274,1,2
1994,275,1,2
1994,276,1,2
1994,277,1,2
1994,278,1,2
1994,279,1,2
1994,280,1,2
1994,281,1,2
1994,282,1,2
1994,283,1,2
1994,284,1,2
1994,285,1,2
1994,286,1,2
1994,287,1,2
1994,288,1,2
1994,289,1,2
1994,290,1,2
1994,291,1,2
1994,292,1,2
1994,293,1,2
1994,294,1,2
1994,295,1,2
1994,296,1,2
1994,297,1,2
1994,298,1,2
1994,299,1,2
1994,300,1,2
1994,301,1,2
1994,302,1,2
1994,303,1,2
1994,304,1,2
1994,305,1,2
1994,306,1,2
1994,307,1,2
1994,308,1,2
1994,309,1,2
1994,310,1,2
1994,311,1,2
1994,312,1,2
1994,313,1,2
1994,314,1,2
1994,315,1,2
1994,316,1,2
1994,317,1,2
1994,318,1,2
1994,319,1,2
1994,320,1,2
1994,321,1,2
1994,322,1,2
1994,323,1,2
1994,324,1,2
1994,325,1,2
1994,326,1,2
1994,327,1,2
1994,328,1,2
1994,329,1,2
1994,330,1,2
1994,331,1,2
1994,332,1,2
1994,333,1,2
1994,334,1,2
1994,335,1,2
1994,336,1,2
1994,337,1,2
1994,338,1,2
1994,339,1,2
1994,340,1,2
1994,341,1,2
1994,342,1,2
1994,343,1,2
1994,344,1,2
1994,345,1,2
1994,346,1,2
1994,347,1,2
1994,348,1,2
1994,349,1,2
1994,350,1,2
1994,351,1,2
1994,352,1,2
1994,353,1,2
1994,354,1,2
1994,355,1,2
1994,356,1,2
1994,357,1,2
1994,358,1,2
1994,359,1,2
1994,360,1,2
1994,361,1,2
1994,362,1,2
1994,363,1,2
1994,364,1,2
1994,365,1,2
1994,366,1,2
1994,367,1,2
1994,368,1,2
1994,369,1,2
1994,370,1,2
1994,371,1,2
1994,372,1,2
1994,373,1,2
1994,374,1,2
1994,375,1,2
1994,376,1,2
1994,377,1,2
1994,378,1,2
1994,379,1,2
1994,380,1,2
1994,381,1,2
1994,382,1,2
1994,383,1,2
1994,384,1,2
1994,385,1,2
1994,386,1,2
1994,387,1,2
1994,388,1,2
1994,389,1,2
1994,390,1,2
1994,391,1,2
1994,392,1,2
1994,393,1,2
1994,394,1,2
1994,395,1,2
1994,396,1,2
1994,397,1,2
1994,398,1,2
1994,399,1,2
1994,400,1,2
1994,401,1,2
1994,402,1,2
1994,403,1,2
1994,404,1,2
1994,405,1,2
1994,406,1,2
1994,407,1,2
1994,408,1,2
1994,409,1,2
1994,410,1,2
1994,411,1,2
1994,412,1,2
1994,413,1,2
1994,414,1,2
1994,415,1,2
1994,416,1,2
1994,417,1,2
1994,418,1,2
1994,419,1,2
1994,420,1,2
1994,421,1,2
1994,422,1,2
1994,423,1,2
1994,424,1,2
1994,425,1,2
1994,426,1,2
1994,427,1,2
1994,428,1,2
1994,429,1,2
1994,430,1,2
1994,431,1,2
1994,432,1,2
1994,433,1,2
1994,434,1,2
1994,435,1,2
1994,436,1,2
1994,437,1,2
1994,438,1,2
1994,439,1,2
1994,440,1,2
1994,441,1,2
1994,442,1,2
1994,443,1,2
1994,444,1,2
1994,445,1,2
1994,446,1,2
1994,447,1,2
1994,448,1,2
1994,449,1,2
1994,450,1,2
1994,451,1,2
1994,452,1,2
1994,453,1,2
1994,454,1,2
1994,455,1,2
1994,456,1,2
1994,457,1,2
1994,458,1,2
1994,459,1,3
1994,460,1,3
1994,461,1,3
1994,462,1,3
1994,463,1,3
1994,464,1,3
1994,465,1,3
1994,466,1,3
1994,467,1,3
1994,468,1,3
1994,469,1,3
1994,470,1,3
1994,471,1,3
1994,472,1,3
1994,473,1,3
1994,474,1,3
1994,475,1,3
1994,476,1,3
1994,477,1,3
1994,478,1,3
1994,479,1,3
1994,480,1,3
1994,481,1,3
1994,482,1,3
1994,483,1,3
1994,484,1,3
1994,485,1,3
1994,486,1,3
1994,487,1,3
1994,488,1,3
1994,489,1,3
1994,490,1,3
1994,491,1,3
1994,492,1,3
1994,493,1,3
1994,494,1,3
1994,495,1,3
1994,496,1,3
1994,497,1,3
1994,498,1,3
1994,499,1,3
1994,500,1,3
1994,501,1,3
1994,502,1,3
1994,503,1,3
1994,504,1,3
1994,505,1,3
1994,506,1,3
1994,507,1,3
1994,508,1,3
1994,509,1,3
1994,510,1,3
1994,511,1,3
1994,512,1,3
1994,513,1,3
1994,514,1,3
1994,515,1,3
1994,516,1,2
1994,517,1,2
1994,518,1,2
1994,519,1,2
1994,520,1,2
1994,521,1,2
1994,522,1,2
1994,523,1,2
1994,524,1,2
1994,525,1,2
1994,526,1,2
1994,527,1,2
1994,528,1,2
1994,529,1,2
1994,530,1,2
1994,531,1,2
1994,532,1,2
1994,533,1,2
1994,534,1,2
1994,535,1,2
1994,536,1,2
1994,537,1,2
1994,538,1,2
1994,539,1,2
1994,540,1,2
1994,541,1,2
1994,542,1,2
1994,543,1,2
1994,544,1,2
1994,545,1,2
1994,546,1,2
1994,547,1,2
1994,548,1,2
1994,549,1,2
1994,550,1,2
1994,551,1,2
1994,552,1,2
1994,553,1,2
1994,554,1,2
1994,555,1,2
1994,556,1,2
1994,557,1,2
1994,558,1,2
1994,559,1,2
1994,560,1,2
1994,561,1,2
1994,562,1,2
1994,563,1,2
1994,564,1,2
1994,565,1,2
1994,566,1,2
1994,567,1,3
1994,568,1,3
1994,569,1,3
1994,570,1,3
1994,571,1,3
1994,572,1,3
1994,573,1,3
1994,574,1,3
1994,575,1,3
1994,576,1,3
1994,577,1,3
1994,578,1,3
1994,579,1,3
1994,580,1,3
1994,581,1,3
1994,582,1,3
1994,583,1,3
1994,584,1,3
1994,585,1,3
1994,586,1,3
1994,587,1,3
1994,588,1,3
1994,589,1,3
1994,590,1,3
1994,591,1,3
1994,592,1,3
1994,593,1,3
1994,594,1,3
1994,595,1,3
1994,596,1,3
1994,597,1,3
1994,598,1,3
1994,599,1,3
1994,600,1,3
1994,601,1,3
1994,602,1,3
1994,603,1,3
1994,604,1,3
1994,605,1,3
1994,606,1,3
1994,607,1,3
1994,608,1,3
1994,609,1,3
1994,610,1,3
1994,611,1,3
1994,612,1,3
1994,613,1,3
1994,614,1,3
1994,615,1,3
1994,616,1,3
1994,617,1,3
1994,618,1,2
1994,619,1,2
1994,620,1,2
1994,621,1,2
1994,622,1,2
1994,623,1,2
1994,624,1,2
1994,625,1,2
1994,626,1,2
1994,627,1,2
1994,628,1,2
1994,629,1,2
1994,630,1,2
1994,631,1,2
1994,632,1,2
1994,633,1,2
1994,634,1,2
1994,635,1,2
1994,636,1,2
1994,637,1,2
1994,638,1,2
1994,639,1,2
1994,640,1,2
1994,641,1,2
1995,123,1,3
1995,124,1,3
1995,125,1,3
1995,126,1,3
1995,127,1,3
1995,128,1,3
1995,129,1,3
1995,130,1,3
1995,131,1,3
1995,132,1,3
1995,133,1,3
1995,134,1,3
1995,135,1,3
1995,136,1,3
1995,137,1,3
1995,138,1,3
1995,139,1,3
1995,140,1,3
1995,141,1,3
1995,142,1,3
1995,143,1,3
1995,144,1,3
1995,145,1,3
1995,146,1,3
1995,147,1,3
1995,148,1,3
1995,149,1,3
1995,150,1,3
1995,151,1,3
1995,152,1,3
1995,153,1,3
1995,154,1,3
1995,155,1,3
1995,156,1,3
1995,157,1,3
1995,158,1,3
1995,159,1,3
1995,160,1,3
1995,161,1,3
1995,162,1,3
1995,163,1,3
1995,164,1,3
1995,165,1,3
1995,166,1,3
1995,167,1,3
1995,168,1,3
1995,169,1,3
1995,170,1,3
1995,171,1,3
1995,172,1,3
1995,173,1,3
1995,174,1,3
1995,175,1,3
1995,176,1,2
1995,177,1,2
1995,178,1,2
1995,179,1,2
1995,180,1,2
1995,181,1,2
1995,182,1,2
1995,183,1,2
1995,184,1,2
1995,185,1,2
1995,186,1,2
1995,187,1,2
1995,188,1,2
1995,189,1,2
1995,190,1,2
1995,191,1,2
1995,192,1,2
1995,193,1,2
1995,194,1,2
1995,195,1,2
1995,196,1,2
1995,197,1,2
1995,198,1,2
1995,199,1,2
1995,200,1,2
1995,201,1,2
1995,202,1,2
1995,203,1,2
1995,204,1,2
1995,205,1,2
1995,206,1,2
1995,207,1,2
1995,208,1,2
1995,209,1,2
1995,210,1,2
1995,211,1,2
1995,212,1,2
1995,213,1,2
1995,214,1,2
1995,215,1,2
1995,216,1,2
1995,217,1,2
1995,218,1,2
1995,219,1,2
1995,220,1,2
1995,221,1,2
1995,222,1,2
1995,223,1,2
1995,224,1,2
1995,225,1,2
1995,226,1,2
1995,227,1,2
1995,228,1,2
1995,229,1,2
1995,230,1,2
1995,231,1,2
1995,232,1,2
1995,233,1,2
1995,234,1,2
1995,235,1,2
1995,236,1,2
1995,237,1,2
1995,238,1,2
1995,239,1,2
1995,240,1,2
1995,241,1,2
1995,242,1,2
1995,243,1,2
1995,244,1,2
1995,245,1,2
1995,246,1,2
1995,247,1,2
1995,248,1,2
1995,249,1,2
1995,250,1,2
1995,251,1,2
1995,252,1,2
1995,253,1,2
1995,254,1,2
1995,255,1,2
1995,256,1,2
1995,257,1,2
1995,258,1,2
1995,259,1,2
1995,260,1,2
1995,261,1,2
1995,262,1,2
1995,263,1,2
1995,264,1,2
1995,265,1,2
1995,266,1,2
1995,267,1,2
1995,268,1,2
1995,269,1,2
1995,270,1,2
1995,271,1,2
1995,272,1,2
1995,273,1,2
1995,274,1,2
1995,275,1,2
1995,276,1,2
1995,277,1,2
1995,278,1,2
1995,279,1,2
1995,280,1,2
1995,281,1,2
1995,282,1,2
1995,283,1,2
1995,284,1,2
1995,285,1,2
1995,286,1,2
1995,287,1,2
1995,288,1,2
1995,289,1,2
1995,290,1,2
1995,291,1,2
1995,292,1,2
1995,293,1,2
1995,294,1,2
1995,295,1,2
1995,296,1,2
1995,297,1,2
1995,298,1,2
1995,299,1,2
1995,300,1,2
1995,301,1,2
1995,302,1,2
1995,303,1,2
1995,304,1,2
1995,305,1,2
1995,306,1,2
1995,307,1,2
1995,308,1,2
1995,309,1,2
1995,310,1,2
1995,311,1,2
1995,312,1,2
1995,313,1,2
1995,314,1,2
1995,315,1,2
1995,316,1,2
1995,317,1,2
1995,318,1,2
1995,319,1,2
1995,320,1,2
1995,321,1,2
1995,322,1,2
1995,323,1,2
1995,324,1,2
1995,325,1,2
1995,326,1,2
1995,327,1,2
1995,328,1,2
1995,329,1,2
1995,330,1,2
1995,331,1,2
1995,332,1,2
1995,333,1,2
1995,334,1,2
1995,335,1,2
1995,336,1,2
1995,337,1,2
1995,338,1,2
1995,339,1,2
1995,340,1,2
1995,341,1,2
1995,342,1,2
1995,343,1,2
1995,344,1,2
1995,345,1,2
1995,346,1,2
1995,347,1,2
1995,348,1,2
1995,349,1,2
1995,350,1,2
1995,351,1,2
1995,352,1,2
1995,353,1,2
1995,354,1,2
1995,355,1,2
1995,356,1,2
1995,357,1,2
1995,358,1,2
1995,359,1,2
1995,360,1,2
1995,361,1,2
1995,362,1,2
1995,363,1,2
1995,364,1,2
1995,365,1,2
1995,366,1,2
1995,367,1,2
1995,368,1,2
1995,369,1,2
1995,370,1,2
1995,371,1,2
1995,372,1,2
1995,373,1,2
1995,374,1,2
1995,375,1,2
1995,376,1,2
1995,377,1,2
1995,378,1,2
1995,379,1,2
1995,380,1,2
1995,381,1,2
1995,382,1,2
1995,383,1,2
1995,384,1,2
1995,385,1,2
1995,386,1,2
1995,387,1,2
1995,388,1,2
1995,389,1,2
1995,390,1,2
1995,391,1,2
1995,392,1,2
1995,393,1,2
1995,394,1,2
1995,395,1,2
1995,396,1,2
1995,397,1,2
1995,398,1,2
1995,399,1,2
1995,400,1,2
1995,401,1,2
1995,402,1,2
1995,403,1,2
1995,404,1,2
1995,405,1,2
1995,406,1,2
1995,407,1,2
1995,408,1,2
1995,409,1,2
1995,410,1,2
1995,411,1,2
1995,412,1,2
1995,413,1,2
1995,414,1,2
1995,415,1,2
1995,416,1,2
1995,417,1,2
1995,418,1,2
1995,419,1,2
1995,420,1,2
1995,421,1,2
1995,422,1,2
1995,423,1,2
1995,424,1,2
1995,425,1,2
1995,426,1,2
1995,427,1,2
1995,428,1,2
1995,429,1,2
1995,430,1,2
1995,431,1,2
1995,432,1,2
1995,433,1,2
1995,434,1,2
1995,435,1,2
1995,436,1,2
1995,437,1,2
1995,438,1,2
1995,439,1,2
1995,440,1,2
1995,441,1,2
1995,442,1,2
1995,443,1,2
1995,444,1,2
1995,445,1,2
1995,446,1,2
1995,447,1,2
1995,448,1,2
1995,449,1,2
1995,450,1,2
1995,451,1,2
1995,452,1,2
1995,453,1,2
1995,454,1,2
1995,455,1,2
1995,456,1,2
1995,457,1,2
1995,458,1,3
1995,459,1,3
1995,460,1,3
1995,461,1,3
1995,462,1,3
1995,463,1,3
1995,464,1,3
1995,465,1,3
1995,466,1,3
1995,467,1,3
1995,468,1,3
1995,469,1,3
1995,470,1,3
1995,471,1,3
1995,472,1,3
1995,473,1,3
1995,474,1,3
1995,475,1,3
1995,476,1,3
1995,477,1,3
1995,478,1,3
1995,479,1,3
1995,480,1,3
1995,481,1,3
1995,482,1,3
1995,483,1,3
1995,484,1,3
1995,485,1,3
1995,486,1,3
1995,487,1,3
1995,488,1,3
1995,489,1,3
1995,490,1,3
1995,491,1,3
1995,492,1,3
1995,493,1,3
1995,494,1,3
1995,495,1,3
1995,496,1,3
1995,497,1,3
1995,498,1,3
1995,499,1,3
1995,500,1,3
1995,501,1,3
1995,502,1,3
1995,503,1,3
1995,504,1,3
1995,505,1,3
1995,506,1,3
1995,507,1,3
1995,508,1,3
1995,509,1,3
1995,510,1,3
1995,511,1,3
1995,512,1,3
1995,513,1,3
1995,514,1,3
1995,515,1,3
1995,516,1,2
1995,517,1,2
1995,518,1,2
1995,519,1,2
1995,520,1,2
1995,521,1,2
1995,522,1,2
1995,523,1,2
1995,524,1,2
1995,525,1,2
1995,526,1,2
1995,527,1,2
1995,528,1,2
1995,529,1,2
1995,530,1,2
1995,531,1,2
1995,532,1,2
1995,533,1,2
1995,534,1,2
1995,535,1,2
1995,536,1,2
1995,537,1,2
1995,538,1,2
1995,539,1,2
1995,540,1,2
1995,541,1,2
1995,542,1,2
1995,543,1,2
1995,544,1,2
1995,545,1,2
1995,546,1,2
1995,547,1,2
1995,548,1,2
1995,549,1,2
1995,550,1,2
1995,551,1,2
1995,552,1,2
1995,553,1,2
1995,554,1,2
1995,555,1,2
1995,556,1,2
1995,557,1,2
1995,558,1,2
1995,559,1,2
1995,560,1,2
1995,561,1,2
1995,562,1,2
1995,563,1,2
1995,564,1,2
1995,565,1,2
1995,566,1,2
1995,567,1,3
1995,568,1,3
1995,569,1,3
1995,570,1,3
1995,571,1,3
1995,572,1,3
1995,573,1,3
1995,574,1,3
1995,575,1,3
1995,576,1,3
1995,577,1,3
1995,578,1,3
1995,579,1,3
1995,580,1,3
1995,581,1,3
1995,582,1,3
1995,583,1,3
1995,584,1,3
1995,585,1,3
1995,586,1,3
1995,587,1,3
1995,588,1,3
1995,589,1,3
1995,590,1,3
1995,591,1,3
1995,592,1,3
1995,593,1,3
1995,594,1,3
1995,595,1,3
1995,596,1,3
1995,597,1,3
1995,598,1,3
1995,599,1,3
1995,600,1,3
1995,601,1,3
1995,602,1,3
1995,603,1,3
1995,604,1,3
1995,605,1,3
1995,606,1,3
1995,607,1,3
1995,608,1,3
1995,609,1,3
1995,610,1,3
1995,611,1,3
1995,612,1,3
1995,613,1,3
1995,614,1,3
1995,615,1,3
1995,616,1,3
1995,617,1,3
1995,618,1,2
1995,619,1,2
1995,620,1,2
1995,621,1,2
1995,622,1,2
1995,623,1,2
1995,624,1,2
1995,625,1,2
1995,626,1,2
1995,627,1,2
1995,628,1,2
1995,629,1,2
1995,630,1,2
1995,631,1,2
1995,632,1,2
1995,633,1,2
1995,634,1,2
1995,635,1,2
1995,636,1,2
1995,637,1,2
1995,638,1,2
1995,639,1,2
1995,640,1,2
1995,641,1,2
1996,123,1,3
1996,124,1,3
1996,125,1,3
1996,126,1,3
1996,127,1,3
1996,128,1,3
1996,129,1,3
1996,130,1,3
1996,131,1,3
1996,132,1,3
1996,133,1,3
1996,134,1,3
1996,135,1,3
1996,136,1,3
1996,137,1,3
1996,138,1,3
1996,139,1,3
1996,140,1,3
1996,141,1,3
1996,142,1,3
1996,143,1,3
1996,144,1,3
1996,145,1,3
1996,146,1,3
1996,147,1,3
1996,148,1,3
1996,149,1,3
1996,150,1,3
1996,151,1,3
1996,152,1,3
1996,153,1,3
1996,154,1,3
1996,155,1,3
1996,156,1,3
1996,157,1,3
1996,158,1,3
1996,159,1,3
1996,160,1,3
1996,161,1,3
1996,162,1,3
1996,163,1,3
1996,164,1,3
1996,165,1,3
1996,166,1,3
1996,167,1,3
1996,168,1,3
1996,169,1,3
1996,170,1,3
1996,171,1,3
1996,172,1,3
1996,173,1,3
1996,174,1,3
1996,175,1,3
1996,176,1,2
1996,177,1,2
1996,178,1,2
1996,179,1,2
1996,180,1,2
1996,181,1,2
1996,182,1,2
1996,183,1,2
1996,184,1,2
1996,185,1,2
1996,186,1,2
1996,187,1,2
1996,188,1,2
1996,189,1,2
1996,190,1,2
1996,191,1,2
1996,192,1,2
1996,193,1,2
1996,194,1,2
1996,195,1,2
1996,196,1,2
1996,197,1,2
1996,198,1,2
1996,199,1,2
1996,200,1,2
1996,201,1,2
1996,202,1,2
1996,203,1,2
1996,204,1,2
1996,205,1,2
1996,206,1,2
1996,207,1,2
1996,208,1,2
1996,209,1,2
1996,210,1,2
1996,211,1,2
1996,212,1,2
1996,213,1,2
1996,214,1,2
1996,215,1,2
1996,216,1,2
1996,217,1,2
1996,218,1,2
1996,219,1,2
1996,220,1,2
1996,221,1,2
1996,222,1,2
1996,223,1,2
1996,224,1,2
1996,225,1,2
1996,226,1,2
1996,227,1,2
1996,228,1,2
1996,229,1,2
1996,230,1,2
1996,231,1,2
1996,232,1,2
1996,233,1,2
1996,234,1,2
1996,235,1,2
1996,236,1,2
1996,237,1,2
1996,238,1,2
1996,239,1,2
1996,240,1,2
1996,241,1,2
1996,242,1,2
1996,243,1,2
1996,244,1,2
1996,245,1,2
1996,246,1,2
1996,247,1,2
1996,248,1,2
1996,249,1,2
1996,250,1,2
1996,251,1,2
1996,252,1,2
1996,253,1,2
1996,254,1,2
1996,255,1,2
1996,256,1,2
1996,257,1,2
1996,258,1,2
1996,259,1,2
1996,260,1,2
1996,261,1,2
1996,262,1,2
1996,263,1,2
1996,264,1,2
1996,265,1,2
1996,266,1,2
1996,267,1,2
1996,268,1,2
1996,269,1,2
1996,270,1,2
1996,271,1,2
1996,272,1,2
1996,273,1,2
1996,274,1,2
1996,275,1,2
1996,276,1,2
1996,277,1,2
1996,278,1,2
1996,279,1,2
1996,280,1,2
1996,281,1,2
1996,282,1,2
1996,283,1,2
1996,284,1,2
1996,285,1,2
1996,286,1,2
1996,287,1,2
1996,288,1,2
1996,289,1,2
1996,290,1,2
1996,291,1,2
1996,292,1,2
1996,293,1,2
1996,294,1,2
1996,295,1,2
1996,296,1,2
1996,297,1,2
1996,298,1,2
1996,299,1,2
1996,300,1,2
1996,301,1,2
1996,302,1,2
1996,303,1,2
1996,304,1,2
1996,305,1,2
1996,306,1,2
1996,307,1,2
1996,308,1,2
1996,309,1,2
1996,310,1,2
1996,311,1,2
1996,312,1,2
1996,313,1,2
1996,314,1,2
1996,315,1,2
1996,316,1,2
1996,317,1,2
1996,318,1,2
1996,319,1,2
1996,320,1,2
1996,321,1,2
1996,322,1,2
1996,323,1,2
1996,324,1,2
1996,325,1,2
1996,326,1,2
1996,327,1,2
1996,328,1,2
1996,329,1,2
1996,330,1,2
1996,331,1,2
1996,332,1,2
1996,333,1,2
1996,334,1,2
1996,335,1,2
1996,336,1,2
1996,337,1,2
1996,338,1,2
1996,339,1,2
1996,340,1,2
1996,341,1,2
1996,342,1,2
1996,343,1,2
1996,344,1,2
1996,345,1,2
1996,346,1,2
1996,347,1,2
1996,348,1,2
1996,349,1,2
1996,350,1,2
1996,351,1,2
1996,352,1,2
1996,353,1,2
1996,354,1,2
1996,355,1,2
1996,356,1,2
1996,357,1,2
1996,358,1,2
1996,359,1,2
1996,360,1,2
1996,361,1,2
1996,362,1,2
1996,363,1,2
1996,364,1,2
1996,365,1,2
1996,366,1,2
1996,367,1,2
1996,368,1,2
1996,369,1,2
1996,370,1,2
1996,371,1,2
1996,372,1,2
1996,373,1,2
1996,374,1,2
1996,375,1,2
1996,376,1,2
1996,377,1,2
1996,378,1,2
1996,379,1,2
1996,380,1,2
1996,381,1,2
1996,382,1,2
1996,383,1,2
1996,384,1,2
1996,385,1,2
1996,386,1,2
1996,387,1,2
1996,388,1,2
1996,389,1,2
1996,390,1,2
1996,391,1,2
1996,392,1,2
1996,393,1,2
1996,394,1,2
1996,395,1,2
1996,396,1,2
1996,397,1,2
1996,398,1,2
1996,399,1,2
1996,400,1,2
1996,401,1,2
1996,402,1,2
1996,403,1,2
1996,404,1,2
1996,405,1,2
1996,406,1,2
1996,407,1,2
1996,408,1,2
1996,409,1,2
1996,410,1,2
1996,411,1,2
1996,412,1,2
1996,413,1,2
1996,414,1,2
1996,415,1,2
1996,416,1,2
1996,417,1,2
1996,418,1,2
1996,419,1,2
1996,420,1,2
1996,421,1,2
1996,422,1,2
1996,423,1,2
1996,424,1,2
1996,425,1,2
1996,426,1,2
1996,427,1,2
1996,428,1,2
1996,429,1,2
1996,430,1,2
1996,431,1,2
1996,432,1,2
1996,433,1,2
1996,434,1,2
1996,435,1,2
1996,436,1,2
1996,437,1,2
1996,438,1,2
1996,439,1,2
1996,440,1,2
1996,441,1,2
1996,442,1,2
1996,443,1,2
1996,444,1,2
1996,445,1,2
1996,446,1,2
1996,447,1,2
1996,448,1,2
1996,449,1,2
1996,450,1,2
1996,451,1,2
1996,452,1,2
1996,453,1,2
1996,454,1,2
1996,455,1,2
1996,456,1,2
1996,457,1,2
1996,458,1,3
1996,459,1,3
1996,460,1,3
1996,461,1,3
1996,462,1,3
1996,463,1,3
1996,464,1,3
1996,465,1,3
1996,466,1,3
1996,467,1,3
1996,468,1,3
1996,469,1,3
1996,470,1,3
1996,471,1,3
1996,472,1,3
1996,473,1,3
1996,474,1,3
1996,475,1,3
1996,476,1,3
1996,477,1,3
1996,478,1,3
1996,479,1,3
1996,480,1,3
1996,481,1,3
1996,482,1,3
1996,483,1,3
1996,484,1,3
1996,485,1,3
1996,486,1,3
1996,487,1,3
1996,488,1,3
1996,489,1,3
1996,490,1,3
1996,491,1,3
1996,492,1,3
1996,493,1,3
1996,494,1,3
1996,495,1,3
1996,496,1,3
1996,497,1,3
1996,498,1,3
1996,499,1,3
1996,500,1,3
1996,501,1,3
1996,502,1,3
1996,503,1,3
1996,504,1,3
1996,505,1,3
1996,506,1,3
1996,507,1,3
1996,508,1,3
1996,509,1,3
1996,510,1,3
1996,511,1,3
1996,512,1,3
1996,513,1,3
1996,514,1,3
1996,515,1,2
1996,516,1,2
1996,517,1,2
1996,518,1,2
1996,519,1,2
1996,520,1,2
1996,521,1,2
1996,522,1,2
1996,523,1,2
1996,524,1,2
1996,525,1,2
1996,526,1,2
1996,527,1,2
1996,528,1,2
1996,529,1,2
1996,530,1,2
1996,531,1,2
1996,532,1,2
1996,533,1,2
1996,534,1,2
1996,535,1,2
1996,536,1,2
1996,537,1,2
1996,538,1,2
1996,539,1,2
1996,540,1,2
1996,541,1,2
1996,542,1,2
1996,543,1,2
1996,544,1,2
1996,545,1,2
1996,546,1,2
1996,547,1,2
1996,548,1,2
1996,549,1,2
1996,550,1,2
1996,551,1,2
1996,552,1,2
1996,553,1,2
1996,554,1,2
1996,555,1,2
1996,556,1,2
1996,557,1,2
1996,558,1,2
1996,559,1,2
1996,560,1,2
1996,561,1,2
1996,562,1,2
1996,563,1,2
1996,564,1,2
1996,565,1,2
1996,566,1,2
1996,567,1,3
1996,568,1,3
1996,569,1,3
1996,570,1,3
1996,571,1,3
1996,572,1,3
1996,573,1,3
1996,574,1,3
1996,575,1,3
1996,576,1,3
1996,577,1,3
1996,578,1,3
1996,579,1,3
1996,580,1,3
1996,581,1,3
1996,582,1,3
1996,583,1,3
1996,584,1,3
1996,585,1,3
1996,586,1,3
1996,587,1,3
1996,588,1,3
1996,589,1,3
1996,590,1,3
1996,591,1,3
1996,592,1,3
1996,593,1,3
1996,594,1,3
1996,595,1,3
1996,596,1,3
1996,597,1,3
1996,598,1,3
1996,599,1,3
1996,600,1,3
1996,601,1,3
1996,602,1,3
1996,603,1,3
1996,604,1,3
1996,605,1,3
1996,606,1,3
1996,607,1,3
1996,608,1,3
1996,609,1,3
1996,610,1,3
1996,611,1,3
1996,612,1,3
1996,613,1,3
1996,614,1,3
1996,615,1,3
1996,616,1,3
1996,617,1,3
1996,618,1,2
1996,619,1,2
1996,620,1,2
1996,621,1,2
1996,622,1,2
1996,623,1,2
1996,624,1,2
1996,625,1,2
1996,626,1,2
1996,627,1,2
1996,628,1,2
1996,629,1,2
1996,630,1,2
1996,631,1,2
1996,632,1,2
1996,633,1,2
1996,634,1,2
1996,635,1,2
1996,636,1,2
1996,637,1,2
1996,638,1,2
1996,639,1,2
1996,640,1,2
1996,641,1,2
1997,123,1,3
1997,124,1,3
1997,125,1,3
1997,126,1,3
1997,127,1,3
1997,128,1,3
1997,129,1,3
1997,130,1,3
1997,131,1,3
1997,132,1,3
1997,133,1,3
1997,134,1,3
1997,135,1,3
1997,136,1,3
1997,137,1,3
1997,138,1,3
1997,139,1,3
1997,140,1,3
1997,141,1,3
1997,142,1,3
1997,143,1,3
1997,144,1,3
1997,145,1,3
1997,146,1,3
1997,147,1,3
1997,148,1,3
1997,149,1,3
1997,150,1,3
1997,151,1,3
1997,152,1,3
1997,153,1,3
1997,154,1,3
1997,155,1,3
1997,156,1,3
1997,157,1,3
1997,158,1,3
1997,159,1,3
1997,160,1,3
1997,161,1,3
1997,162,1,3
1997,163,1,3
1997,164,1,3
1997,165,1,3
1997,166,1,3
1997,167,1,3
1997,168,1,3
1997,169,1,3
1997,170,1,3
1997,171,1,3
1997,172,1,3
1997,173,1,3
1997,174,1,3
1997,175,1,3
1997,176,1,2
1997,177,1,2
1997,178,1,2
1997,179,1,2
1997,180,1,2
1997,181,1,2
1997,182,1,2
1997,183,1,2
1997,184,1,2
1997,185,1,2
1997,186,1,2
1997,187,1,2
1997,188,1,2
1997,189,1,2
1997,190,1,2
1997,191,1,2
1997,192,1,2
1997,193,1,2
1997,194,1,2
1997,195,1,2
1997,196,1,2
1997,197,1,2
1997,198,1,2
1997,199,1,2
1997,200,1,2
1997,201,1,2
1997,202,1,2
1997,203,1,2
1997,204,1,2
1997,205,1,2
1997,206,1,2
1997,207,1,2
1997,208,1,2
1997,209,1,2
1997,210,1,2
1997,211,1,2
1997,212,1,2
1997,213,1,2
1997,214,1,2
1997,215,1,2
1997,216,1,2
1997,217,1,2
1997,218,1,2
1997,219,1,2
1997,220,1,2
1997,221,1,2
1997,222,1,2
1997,223,1,2
1997,224,1,2
1997,225,1,2
1997,226,1,2
1997,227,1,2
1997,228,1,2
1997,229,1,2
1997,230,1,2
1997,231,1,2
1997,232,1,2
1997,233,1,2
1997,234,1,2
1997,235,1,2
1997,236,1,2
1997,237,1,2
1997,238,1,2
1997,239,1,2
1997,240,1,2
1997,241,1,2
1997,242,1,2
1997,243,1,2
1997,244,1,2
1997,245,1,2
1997,246,1,2
1997,247,1,2
1997,248,1,2
1997,249,1,2
1997,250,1,2
1997,251,1,2
1997,252,1,2
1997,253,1,2
1997,254,1,2
1997,255,1,2
1997,256,1,2
1997,257,1,2
1997,258,1,2
1997,259,1,2
1997,260,1,2
1997,261,1,2
1997,262,1,2
1997,263,1,2
1997,264,1,2
1997,265,1,2
1997,266,1,2
1997,267,1,2
1997,268,1,2
1997,269,1,2
1997,270,1,2
1997,271,1,2
1997,272,1,2
1997,273,1,2
1997,274,1,2
1997,275,1,2
1997,276,1,2
1997,277,1,2
1997,278,1,2
1997,279,1,2
1997,280,1,2
1997,281,1,2
1997,282,1,2
1997,283,1,2
1997,284,1,2
1997,285,1,2
1997,286,1,2
1997,287,1,2
1997,288,1,2
1997,289,1,2
1997,290,1,2
1997,291,1,2
1997,292,1,2
1997,293,1,2
1997,294,1,2
1997,295,1,2
1997,296,1,2
1997,297,1,2
1997,298,1,2
1997,299,1,2
1997,300,1,2
1997,301,1,2
1997,302,1,2
1997,303,1,2
1997,304,1,2
1997,305,1,2
1997,306,1,2
1997,307,1,2
1997,308,1,2
1997,309,1,2
1997,310,1,2
1997,311,1,2
1997,312,1,2
1997,313,1,2
1997,314,1,2
1997,315,1,2
1997,316,1,2
1997,317,1,2
1997,318,1,2
1997,319,1,2
1997,320,1,2
1997,321,1,2
1997,322,1,2
1997,323,1,2
1997,324,1,2
1997,325,1,2
1997,326,1,2
1997,327,1,2
1997,328,1,2
1997,329,1,2
1997,330,1,2
1997,331,1,2
1997,332,1,2
1997,333,1,2
1997,334,1,2
1997,335,1,2
1997,336,1,2
1997,337,1,2
1997,338,1,2
1997,339,1,2
1997,340,1,2
1997,341,1,2
1997,342,1,2
1997,343,1,2
1997,344,1,2
1997,345,1,2
1997,346,1,2
1997,347,1,2
1997,348,1,2
1997,349,1,2
1997,350,1,2
1997,351,1,2
1997,352,1,2
1997,353,1,2
1997,354,1,2
1997,355,1,2
1997,356,1,2
1997,357,1,2
1997,358,1,2
1997,359,1,2
1997,360,1,2
1997,361,1,2
1997,362,1,2
1997,363,1,2
1997,364,1,2
1997,365,1,2
1997,366,1,2
1997,367,1,2
1997,368,1,2
1997,369,1,2
1997,370,1,2
1997,371,1,2
1997,372,1,2
1997,373,1,2
1997,374,1,2
1997,375,1,2
1997,376,1,2
1997,377,1,2
1997,378,1,2
1997,379,1,2
1997,380,1,2
1997,381,1,2
1997,382,1,2
1997,383,1,2
1997,384,1,2
1997,385,1,2
1997,386,1,2
1997,387,1,2
1997,388,1,2
1997,389,1,2
1997,390,1,2
1997,391,1,2
1997,392,1,2
1997,393,1,2
1997,394,1,2
1997,395,1,2
1997,396,1,2
1997,397,1,2
1997,398,1,2
1997,399,1,2
1997,400,1,2
1997,401,1,2
1997,402,1,2
1997,403,1,2
1997,404,1,2
1997,405,1,2
1997,406,1,2
1997,407,1,2
1997,408,1,2
1997,409,1,2
1997,410,1,2
1997,411,1,2
1997,412,1,2
1997,413,1,2
1997,414,1,2
1997,415,1,2
1997,416,1,2
1997,417,1,2
1997,418,1,2
1997,419,1,2
1997,420,1,2
1997,421,1,2
1997,422,1,2
1997,423,1,2
1997,424,1,2
1997,425,1,2
1997,426,1,2
1997,427,1,2
1997,428,1,2
1997,429,1,2
1997,430,1,2
1997,431,1,2
1997,432,1,2
1997,433,1,2
1997,434,1,2
1997,435,1,2
1997,436,1,2
1997,437,1,2
1997,438,1,2
1997,439,1,2
1997,440,1,2
1997,441,1,2
1997,442,1,2
1997,443,1,2
1997,444,1,2
1997,445,1,2
1997,446,1,2
1997,447,1,2
1997,448,1,2
1997,449,1,2
1997,450,1,2
1997,451,1,2
1997,452,1,2
1997,453,1,2
1997,454,1,2
1997,455,1,2
1997,456,1,2
1997,457,1,2
1997,458,1,3
1997,459,1,3
1997,460,1,3
1997,461,1,3
1997,462,1,3
1997,463,1,3
1997,464,1,3
1997,465,1,3
1997,466,1,3
1997,467,1,3
1997,468,1,3
1997,469,1,3
1997,470,1,3
1997,471,1,3
1997,472,1,3
1997,473,1,3
1997,474,1,3
1997,475,1,3
1997,476,1,3
1997,477,1,3
1997,478,1,3
1997,479,1,3
1997,480,1,3
1997,481,1,3
1997,482,1,3
1997,483,1,3
1997,484,1,3
1997,485,1,3
1997,486,1,3
1997,487,1,3
1997,488,1,3
1997,489,1,3
1997,490,1,3
1997,491,1,3
1997,492,1,3
1997,493,1,3
1997,494,1,3
1997,495,1,3
1997,496,1,3
1997,497,1,3
1997,498,1,3
1997,499,1,3
1997,500,1,3
1997,501,1,3
1997,502,1,3
1997,503,1,3
1997,504,1,3
1997,505,1,3
1997,506,1,3
1997,507,1,3
1997,508,1,3
1997,509,1,3
1997,510,1,3
1997,511,1,3
1997,512,1,3
1997,513,1,3
1997,514,1,2
1997,515,1,2
1997,516,1,2
1997,517,1,2
1997,518,1,2
1997,519,1,2
1997,520,1,2
1997,521,1,2
1997,522,1,2
1997,523,1,2
1997,524,1,2
1997,525,1,2
1997,526,1,2
1997,527,1,2
1997,528,1,2
1997,529,1,2
1997,530,1,2
1997,531,1,2
1997,532,1,2
1997,533,1,2
1997,534,1,2
1997,535,1,2
1997,536,1,2
1997,537,1,2
1997,538,1,2
1997,539,1,2
1997,540,1,2
1997,541,1,2
1997,542,1,2
1997,543,1,2
1997,544,1,2
1997,545,1,2
1997,546,1,2
1997,547,1,2
1997,548,1,2
1997,549,1,2
1997,550,1,2
1997,551,1,2
1997,552,1,2
1997,553,1,2
1997,554,1,2
1997,555,1,2
1997,556,1,2
1997,557,1,2
1997,558,1,2
1997,559,1,2
1997,560,1,2
1997,561,1,2
1997,562,1,2
1997,563,1,2
1997,564,1,2
1997,565,1,2
1997,566,1,2
1997,567,1,3
1997,568,1,3
1997,569,1,3
1997,570,1,3
1997,571,1,3
1997,572,1,3
1997,573,1,3
1997,574,1,3
1997,575,1,3
1997,576,1,3
1997,577,1,3
1997,578,1,3
1997,579,1,3
1997,580,1,3
1997,581,1,3
1997,582,1,3
1997,583,1,3
1997,584,1,3
1997,585,1,3
1997,586,1,3
1997,587,1,3
1997,588,1,3
1997,589,1,3
1997,590,1,3
1997,591,1,3
1997,592,1,3
1997,593,1,3
1997,594,1,3
1997,595,1,3
1997,596,1,3
1997,597,1,3
1997,598,1,3
1997,599,1,3
1997,600,1,3
1997,601,1,3
1997,602,1,3
1997,603,1,3
1997,604,1,3
1997,605,1,3
1997,606,1,3
1997,607,1,3
1997,608,1,3
1997,609,1,3
1997,610,1,3
1997,611,1,3
1997,612,1,3
1997,613,1,3
1997,614,1,3
1997,615,1,3
1997,616,1,3
1997,617,1,3
1997,618,1,3
1997,619,1,2
1997,620,1,2
1997,621,1,2
1997,622,1,2
1997,623,1,2
1997,624,1,2
1997,625,1,2
1997,626,1,2
1997,627,1,2
1997,628,1,2
1997,629,1,2
1997,630,1,2
1997,631,1,2
1997,632,1,2
1997,633,1,2
1997,634,1,2
1997,635,1,2
1997,636,1,2
1997,637,1,2
1997,638,1,2
1997,639,1,2
1997,640,1,2
1997,641,1,2
1998,123,1,3
1998,124,1,3
1998,125,1,3
1998,126,1,3
1998,127,1,3
1998,128,1,3
1998,129,1,3
1998,130,1,3
1998,131,1,3
1998,132,1,3
1998,133,1,3
1998,134,1,3
1998,135,1,3
1998,136,1,3
1998,137,1,3
1998,138,1,3
1998,139,1,3
1998,140,1,3
1998,141,1,3
1998,142,1,3
1998,143,1,3
1998,144,1,3
1998,145,1,3
1998,146,1,3
1998,147,1,3
1998,148,1,3
1998,149,1,3
1998,150,1,3
1998,151,1,3
1998,152,1,3
1998,153,1,3
1998,154,1,3
1998,155,1,3
1998,156,1,3
1998,157,1,3
1998,158,1,3
1998,159,1,3
1998,160,1,3
1998,161,1,3
1998,162,1,3
1998,163,1,3
1998,164,1,3
1998,165,1,3
1998,166,1,3
1998,167,1,3
1998,168,1,3
1998,169,1,3
1998,170,1,3
1998,171,1,3
1998,172,1,3
1998,173,1,3
1998,174,1,3
1998,175,1,3
1998,176,1,2
1998,177,1,2
1998,178,1,2
1998,179,1,2
1998,180,1,2
1998,181,1,2
1998,182,1,2
1998,183,1,2
1998,184,1,2
1998,185,1,2
1998,186,1,2
1998,187,1,2
1998,188,1,2
1998,189,1,2
1998,190,1,2
1998,191,1,2
1998,192,1,2
1998,193,1,2
1998,194,1,2
1998,195,1,2
1998,196,1,2
1998,197,1,2
1998,198,1,2
1998,199,1,2
1998,200,1,2
1998,201,1,2
1998,202,1,2
1998,203,1,2
1998,204,1,2
1998,205,1,2
1998,206,1,2
1998,207,1,2
1998,208,1,2
1998,209,1,2
1998,210,1,2
1998,211,1,2
1998,212,1,2
1998,213,1,2
1998,214,1,2
1998,215,1,2
1998,216,1,2
1998,217,1,2
1998,218,1,2
1998,219,1,2
1998,220,1,2
1998,221,1,2
1998,222,1,2
1998,223,1,2
1998,224,1,2
1998,225,1,2
1998,226,1,2
1998,227,1,2
1998,228,1,2
1998,229,1,2
1998,230,1,2
1998,231,1,2
1998,232,1,2
1998,233,1,2
1998,234,1,2
1998,235,1,2
1998,236,1,2
1998,237,1,2
1998,238,1,2
1998,239,1,2
1998,240,1,2
1998,241,1,2
1998,242,1,2
1998,243,1,2
1998,244,1,2
1998,245,1,2
1998,246,1,2
1998,247,1,2
1998,248,1,2
1998,249,1,2
1998,250,1,2
1998,251,1,2
1998,252,1,2
1998,253,1,2
1998,254,1,2
1998,255,1,2
1998,256,1,2
1998,257,1,2
1998,258,1,2
1998,259,1,2
1998,260,1,2
1998,261,1,2
1998,262,1,2
1998,263,1,2
1998,264,1,2
1998,265,1,2
1998,266,1,2
1998,267,1,2
1998,268,1,2
1998,269,1,2
1998,270,1,2
1998,271,1,2
1998,272,1,2
1998,273,1,2
1998,274,1,2
1998,275,1,2
1998,276,1,2
1998,277,1,2
1998,278,1,2
1998,279,1,2
1998,280,1,2
1998,281,1,2
1998,282,1,2
1998,283,1,2
1998,284,1,2
1998,285,1,2
1998,286,1,2
1998,287,1,2
1998,288,1,2
1998,289,1,2
1998,290,1,2
1998,291,1,2
1998,292,1,2
1998,293,1,2
1998,294,1,2
1998,295,1,2
1998,296,1,2
1998,297,1,2
1998,298,1,2
1998,299,1,2
1998,300,1,2
1998,301,1,2
1998,302,1,2
1998,303,1,2
1998,304,1,2
1998,305,1,2
1998,306,1,2
1998,307,1,2
1998,308,1,2
1998,309,1,2
1998,310,1,2
1998,311,1,2
1998,312,1,2
1998,313,1,2
1998,314,1,2
1998,315,1,2
1998,316,1,2
1998,317,1,2
1998,318,1,2
1998,319,1,2
1998,320,1,2
1998,321,1,2
1998,322,1,2
1998,323,1,2
1998,324,1,2
1998,325,1,2
1998,326,1,2
1998,327,1,2
1998,328,1,2
1998,329,1,2
1998,330,1,2
1998,331,1,2
1998,332,1,2
1998,333,1,2
1998,334,1,2
1998,335,1,2
1998,336,1,2
1998,337,1,2
1998,338,1,2
1998,339,1,2
1998,340,1,2
1998,341,1,2
1998,342,1,2
1998,343,1,2
1998,344,1,2
1998,345,1,2
1998,346,1,2
1998,347,1,2
1998,348,1,2
1998,349,1,2
1998,350,1,2
1998,351,1,2
1998,352,1,2
1998,353,1,2
1998,354,1,2
1998,355,1,2
1998,356,1,2
1998,357,1,2
1998,358,1,2
1998,359,1,2
1998,360,1,2
1998,361,1,2
1998,362,1,2
1998,363,1,2
1998,364,1,2
1998,365,1,2
1998,366,1,2
1998,367,1,2
1998,368,1,2
1998,369,1,2
1998,370,1,2
1998,371,1,2
1998,372,1,2
1998,373,1,2
1998,374,1,2
1998,375,1,2
1998,376,1,2
1998,377,1,2
1998,378,1,2
1998,379,1,2
1998,380,1,2
1998,381,1,2
1998,382,1,2
1998,383,1,2
1998,384,1,2
1998,385,1,2
1998,386,1,2
1998,387,1,2
1998,388,1,2
1998,389,1,2
1998,390,1,2
1998,391,1,2
1998,392,1,2
1998,393,1,2
1998,394,1,2
1998,395,1,2
1998,396,1,2
1998,397,1,2
1998,398,1,2
1998,399,1,2
1998,400,1,2
1998,401,1,2
1998,402,1,2
1998,403,1,2
1998,404,1,2
1998,405,1,2
1998,406,1,2
1998,407,1,2
1998,408,1,2
1998,409,1,2
1998,410,1,2
1998,411,1,2
1998,412,1,2
1998,413,1,2
1998,414,1,2
1998,415,1,2
1998,416,1,2
1998,417,1,2
1998,418,1,2
1998,419,1,2
1998,420,1,2
1998,421,1,2
1998,422,1,2
1998,423,1,2
1998,424,1,2
1998,425,1,2
1998,426,1,2
1998,427,1,2
1998,428,1,2
1998,429,1,2
1998,430,1,2
1998,431,1,2
1998,432,1,2
1998,433,1,2
1998,434,1,2
1998,435,1,2
1998,436,1,2
1998,437,1,2
1998,438,1,2
1998,439,1,2
1998,440,1,2
1998,441,1,2
1998,442,1,2
1998,443,1,2
1998,444,1,2
1998,445,1,2
1998,446,1,2
1998,447,1,2
1998,448,1,2
1998,449,1,2
1998,450,1,2
1998,451,1,2
1998,452,1,2
1998,453,1,2
1998,454,1,2
1998,455,1,2
1998,456,1,2
1998,457,1,2
1998,458,1,3
1998,459,1,3
1998,460,1,3
1998,461,1,3
1998,462,1,3
1998,463,1,3
1998,464,1,3
1998,465,1,3
1998,466,1,3
1998,467,1,3
1998,468,1,3
1998,469,1,3
1998,470,1,3
1998,471,1,3
1998,472,1,3
1998,473,1,3
1998,474,1,3
1998,475,1,3
1998,476,1,3
1998,477,1,3
1998,478,1,3
1998,479,1,3
1998,480,1,3
1998,481,1,3
1998,482,1,3
1998,483,1,3
1998,484,1,3
1998,485,1,3
1998,486,1,3
1998,487,1,3
1998,488,1,3
1998,489,1,3
1998,490,1,3
1998,491,1,3
1998,492,1,3
1998,493,1,3
1998,494,1,3
1998,495,1,3
1998,496,1,3
1998,497,1,3
1998,498,1,3
1998,499,1,3
1998,500,1,3
1998,501,1,3
1998,502,1,3
1998,503,1,3
1998,504,1,3
1998,505,1,3
1998,506,1,3
1998,507,1,3
1998,508,1,3
1998,509,1,3
1998,510,1,3
1998,511,1,3
1998,512,1,3
1998,513,1,3
1998,514,1,2
1998,515,1,2
1998,516,1,2
1998,517,1,2
1998,518,1,2
1998,519,1,2
1998,520,1,2
1998,521,1,2
1998,522,1,2
1998,523,1,2
1998,524,1,2
1998,525,1,2
1998,526,1,2
1998,527,1,2
1998,528,1,2
1998,529,1,2
1998,530,1,2
1998,531,1,2
1998,532,1,2
1998,533,1,2
1998,534,1,2
1998,535,1,2
1998,536,1,2
1998,537,1,2
1998,538,1,2
1998,539,1,2
1998,540,1,2
1998,541,1,2
1998,542,1,2
1998,543,1,2
1998,544,1,2
1998,545,1,2
1998,546,1,2
1998,547,1,2
1998,548,1,2
1998,549,1,2
1998,550,1,2
1998,551,1,2
1998,552,1,2
1998,553,1,2
1998,554,1,2
1998,555,1,2
1998,556,1,2
1998,557,1,2
1998,558,1,2
1998,559,1,2
1998,560,1,2
1998,561,1,2
1998,562,1,2
1998,563,1,2
1998,564,1,2
1998,565,1,2
1998,566,1,2
1998,567,1,3
1998,568,1,3
1998,569,1,3
1998,570,1,3
1998,571,1,3
1998,572,1,3
1998,573,1,3
1998,574,1,3
1998,575,1,3
1998,576,1,3
1998,577,1,3
1998,578,1,3
1998,579,1,3
1998,580,1,3
1998,581,1,3
1998,582,1,3
1998,583,1,3
1998,584,1,3
1998,585,1,3
1998,586,1,3
1998,587,1,3
1998,588,1,3
1998,589,1,3
1998,590,1,3
1998,591,1,3
1998,592,1,3
1998,593,1,3
1998,594,1,3
1998,595,1,3
1998,596,1,3
1998,597,1,3
1998,598,1,3
1998,599,1,3
1998,600,1,3
1998,601,1,3
1998,602,1,3
1998,603,1,3
1998,604,1,3
1998,605,1,3
1998,606,1,3
1998,607,1,3
1998,608,1,3
1998,609,1,3
1998,610,1,3
1998,611,1,3
1998,612,1,3
1998,613,1,3
1998,614,1,3
1998,615,1,3
1998,616,1,3
1998,617,1,3
1998,618,1,3
1998,619,1,2
1998,620,1,2
1998,621,1,2
1998,622,1,2
1998,623,1,2
1998,624,1,2
1998,625,1,2
1998,626,1,2
1998,627,1,2
1998,628,1,2
1998,629,1,2
1998,630,1,2
1998,631,1,2
1998,632,1,2
1998,633,1,2
1998,634,1,2
1998,635,1,2
1998,636,1,2
1998,637,1,2
1998,638,1,2
1998,639,1,2
1998,640,1,2
1999,124,1,3
1999,125,1,3
1999,126,1,3
1999,127,1,3
1999,128,1,3
1999,129,1,3
1999,130,1,3
1999,131,1,3
1999,132,1,3
1999,133,1,3
1999,134,1,3
1999,135,1,3
1999,136,1,3
1999,137,1,3
1999,138,1,3
1999,139,1,3
1999,140,1,3
1999,141,1,3
1999,142,1,3
1999,143,1,3
1999,144,1,3
1999,145,1,3
1999,146,1,3
1999,147,1,3
1999,148,1,3
1999,149,1,3
1999,150,1,3
1999,151,1,3
1999,152,1,3
1999,153,1,3
1999,154,1,3
1999,155,1,3
1999,156,1,3
1999,157,1,3
1999,158,1,3
1999,159,1,3
1999,160,1,3
1999,161,1,3
1999,162,1,3
1999,163,1,3
1999,164,1,3
1999,165,1,3
1999,166,1,3
1999,167,1,3
1999,168,1,3
1999,169,1,3
1999,170,1,3
1999,171,1,3
1999,172,1,3
1999,173,1,3
1999,174,1,3
1999,175,1,3
1999,176,1,2
1999,177,1,2
1999,178,1,2
1999,179,1,2
1999,180,1,2
1999,181,1,2
1999,182,1,2
1999,183,1,2
1999,184,1,2
1999,185,1,2
1999,186,1,2
1999,187,1,2
1999,188,1,2
1999,189,1,2
1999,190,1,2
1999,191,1,2
1999,192,1,2
1999,193,1,2
1999,194,1,2
1999,195,1,2
1999,196,1,2
1999,197,1,2
1999,198,1,2
1999,199,1,2
1999,200,1,2
1999,201,1,2
1999,202,1,2
1999,203,1,2
1999,204,1,2
1999,205,1,2
1999,206,1,2
1999,207,1,2
1999,208,1,2
1999,209,1,2
1999,210,1,2
1999,211,1,2
1999,212,1,2
1999,213,1,2
1999,214,1,2
1999,215,1,2
1999,216,1,2
1999,217,1,2
1999,218,1,2
1999,219,1,2
1999,220,1,2
1999,221,1,2
1999,222,1,2
1999,223,1,2
1999,224,1,2
1999,225,1,2
1999,226,1,2
1999,227,1,2
1999,228,1,2
1999,229,1,2
1999,230,1,2
1999,231,1,2
1999,232,1,2
1999,233,1,2
1999,234,1,2
1999,235,1,2
1999,236,1,2
1999,237,1,2
1999,238,1,2
1999,239,1,2
1999,240,1,2
1999,241,1,2
1999,242,1,2
1999,243,1,2
1999,244,1,2
1999,245,1,2
1999,246,1,2
1999,247,1,2
1999,248,1,2
1999,249,1,2
1999,250,1,2
1999,251,1,2
1999,252,1,2
1999,253,1,2
1999,254,1,2
1999,255,1,2
1999,256,1,2
1999,257,1,2
1999,258,1,2
1999,259,1,2
1999,260,1,2
1999,261,1,2
1999,262,1,2
1999,263,1,2
1999,264,1,2
1999,265,1,2
1999,266,1,2
1999,267,1,2
1999,268,1,2
1999,269,1,2
1999,270,1,2
1999,271,1,2
1999,272,1,2
1999,273,1,2
1999,274,1,2
1999,275,1,2
1999,276,1,2
1999,277,1,2
1999,278,1,2
1999,279,1,2
1999,280,1,2
1999,281,1,2
1999,282,1,2
1999,283,1,2
1999,284,1,2
1999,285,1,2
1999,286,1,2
1999,287,1,2
1999,288,1,2
1999,289,1,2
1999,290,1,2
1999,291,1,2
1999,292,1,2
1999,293,1,2
1999,294,1,2
1999,295,1,2
1999,296,1,2
1999,297,1,2
1999,298,1,2
1999,299,1,2
1999,300,1,2
1999,301,1,2
1999,302,1,2
1999,303,1,2
1999,304,1,2
1999,305,1,2
1999,306,1,2
1999,307,1,2
1999,308,1,2
1999,309,1,2
1999,310,1,2
1999,311,1,2
1999,312,1,2
1999,313,1,2
1999,314,1,2
1999,315,1,2
1999,316,1,2
1999,317,1,2
1999,318,1,2
1999,319,1,2
1999,320,1,2
1999,321,1,2
1999,322,1,2
1999,323,1,2
1999,324,1,2
1999,325,1,2
1999,326,1,2
1999,327,1,2
1999,328,1,2
1999,329,1,2
1999,330,1,2
1999,331,1,2
1999,332,1,2
1999,333,1,2
1999,334,1,2
1999,335,1,2
1999,336,1,2
1999,337,1,2
1999,338,1,2
1999,339,1,2
1999,340,1,2
1999,341,1,2
1999,342,1,2
1999,343,1,2
1999,344,1,2
1999,345,1,2
1999,346,1,2
1999,347,1,2
1999,348,1,2
1999,349,1,2
1999,350,1,2
1999,351,1,2
1999,352,1,2
1999,353,1,2
1999,354,1,2
1999,355,1,2
1999,356,1,2
1999,357,1,2
1999,358,1,2
1999,359,1,2
1999,360,1,2
1999,361,1,2
1999,362,1,2
1999,363,1,2
1999,364,1,2
1999,365,1,2
1999,366,1,2
1999,367,1,2
1999,368,1,2
1999,369,1,2
1999,370,1,2
1999,371,1,2
1999,372,1,2
1999,373,1,2
1999,374,1,2
1999,375,1,2
1999,376,1,2
1999,377,1,2
1999,378,1,2
1999,379,1,2
1999,380,1,2
1999,381,1,2
1999,382,1,2
1999,383,1,2
1999,384,1,2
1999,385,1,2
1999,386,1,2
1999,387,1,2
1999,388,1,2
1999,389,1,2
1999,390,1,2
1999,391,1,2
1999,392,1,2
1999,393,1,2
1999,394,1,2
1999,395,1,2
1999,396,1,2
1999,397,1,2
1999,398,1,2
1999,399,1,2
1999,400,1,2
1999,401,1,2
1999,402,1,2
1999,403,1,2
1999,404,1,2
1999,405,1,2
1999,406,1,2
1999,407,1,2
1999,408,1,2
1999,409,1,2
1999,410,1,2
1999,411,1,2
1999,412,1,2
1999,413,1,2
1999,414,1,2
1999,415,1,2
1999,416,1,2
1999,417,1,2
1999,418,1,2
1999,419,1,2
1999,420,1,2
1999,421,1,2
1999,422,1,2
1999,423,1,2
1999,424,1,2
1999,425,1,2
1999,426,1,2
1999,427,1,2
1999,428,1,2
1999,429,1,2
1999,430,1,2
1999,431,1,2
1999,432,1,2
1999,433,1,2
1999,434,1,2
1999,435,1,2
1999,436,1,2
1999,437,1,2
1999,438,1,2
1999,439,1,2
1999,440,1,2
1999,441,1,2
1999,442,1,2
1999,443,1,2
1999,444,1,2
1999,445,1,2
1999,446,1,2
1999,447,1,2
1999,448,1,2
1999,449,1,2
1999,450,1,2
1999,451,1,2
1999,452,1,2
1999,453,1,2
1999,454,1,2
1999,455,1,2
1999,456,1,2
1999,457,1,2
1999,458,1,3
1999,459,1,3
1999,460,1,3
1999,461,1,3
1999,462,1,3
1999,463,1,3
1999,464,1,3
1999,465,1,3
1999,466,1,3
1999,467,1,3
1999,468,1,3
1999,469,1,3
1999,470,1,3
1999,471,1,3
1999,472,1,3
1999,473,1,3
1999,474,1,3
1999,475,1,3
1999,476,1,3
1999,477,1,3
1999,478,1,3
1999,479,1,3
1999,480,1,3
1999,481,1,3
1999,482,1,3
1999,483,1,3
1999,484,1,3
1999,485,1,3
1999,486,1,3
1999,487,1,3
1999,488,1,3
1999,489,1,3
1999,490,1,3
1999,491,1,3
1999,492,1,3
1999,493,1,3
1999,494,1,3
1999,495,1,3
1999,496,1,3
1999,497,1,3
1999,498,1,3
1999,499,1,3
1999,500,1,3
1999,501,1,3
1999,502,1,3
1999,503,1,3
1999,504,1,3
1999,505,1,3
1999,506,1,3
1999,507,1,3
1999,508,1,3
1999,509,1,3
1999,510,1,3
1999,511,1,3
1999,512,1,3
1999,513,1,2
1999,514,1,2
1999,515,1,2
1999,516,1,2
1999,517,1,2
1999,518,1,2
1999,519,1,2
1999,520,1,2
1999,521,1,2
1999,522,1,2
1999,523,1,2
1999,524,1,2
1999,525,1,2
1999,526,1,2
1999,527,1,2
1999,528,1,2
1999,529,1,2
1999,530,1,2
1999,531,1,2
1999,532,1,2
1999,533,1,2
1999,534,1,2
1999,535,1,2
1999,536,1,2
1999,537,1,2
1999,538,1,2
1999,539,1,2
1999,540,1,2
1999,541,1,2
1999,542,1,2
1999,543,1,2
1999,544,1,2
1999,545,1,2
1999,546,1,2
1999,547,1,2
1999,548,1,2
1999,549,1,2
1999,550,1,2
1999,551,1,2
1999,552,1,2
1999,553,1,2
1999,554,1,2
1999,555,1,2
1999,556,1,2
1999,557,1,2
1999,558,1,2
1999,559,1,2
1999,560,1,2
1999,561,1,2
1999,562,1,2
1999,563,1,2
1999,564,1,2
1999,565,1,2
1999,566,1,2
1999,567,1,3
1999,568,1,3
1999,569,1,3
1999,570,1,3
1999,571,1,3
1999,572,1,3
1999,573,1,3
1999,574,1,3
1999,575,1,3
1999,576,1,3
1999,577,1,3
1999,578,1,3
1999,579,1,3
1999,580,1,3
1999,581,1,3
1999,582,1,3
1999,583,1,3
1999,584,1,3
1999,585,1,3
1999,586,1,3
1999,587,1,3
1999,588,1,3
1999,589,1,3
1999,590,1,3
1999,591,1,3
1999,592,1,3
1999,593,1,3
1999,594,1,3
1999,595,1,3
1999,596,1,3
1999,597,1,3
1999,598,1,3
1999,599,1,3
1999,600,1,3
1999,601,1,3
1999,602,1,3
1999,603,1,3
1999,604,1,3
1999,605,1,3
1999,606,1,3
1999,607,1,3
1999,608,1,3
1999,609,1,3
1999,610,1,3
1999,611,1,3
1999,612,1,3
1999,613,1,3
1999,614,1,3
1999,615,1,3
1999,616,1,3
1999,617,1,3
1999,618,1,3
1999,619,1,2
1999,620,1,2
1999,621,1,2
1999,622,1,2
1999,623,1,2
1999,624,1,2
1999,625,1,2
1999,626,1,2
1999,627,1,2
1999,628,1,2
1999,629,1,2
1999,630,1,2
1999,631,1,2
1999,632,1,2
1999,633,1,2
1999,634,1,2
1999,635,1,2
1999,636,1,2
1999,637,1,2
1999,638,1,2
1999,639,1,2
2000,123,1,3
2000,124,1,3
2000,125,1,3
2000,126,1,3
2000,127,1,3
2000,128,1,3
2000,129,1,3
2000,130,1,3
2000,131,1,3
2000,132,1,3
2000,133,1,3
2000,134,1,3
2000,135,1,3
2000,136,1,3
2000,137,1,3
2000,138,1,3
2000,139,1,3
2000,140,1,3
2000,141,1,3
2000,142,1,3
2000,143,1,3
2000,144,1,3
2000,145,1,3
2000,146,1,3
2000,147,1,3
2000,148,1,3
2000,149,1,3
2000,150,1,3
2000,151,1,3
2000,152,1,3
2000,153,1,3
2000,154,1,3
2000,155,1,3
2000,156,1,3
2000,157,1,3
2000,158,1,3
2000,159,1,3
2000,160,1,3
2000,161,1,3
2000,162,1,3
2000,163,1,3
2000,164,1,3
2000,165,1,3
2000,166,1,3
2000,167,1,3
2000,168,1,3
2000,169,1,3
2000,170,1,3
2000,171,1,3
2000,172,1,3
2000,173,1,3
2000,174,1,3
2000,175,1,3
2000,176,1,2
2000,177,1,2
2000,178,1,2
2000,179,1,2
2000,180,1,2
2000,181,1,2
2000,182,1,2
2000,183,1,2
2000,184,1,2
2000,185,1,2
2000,186,1,2
2000,187,1,2
2000,188,1,2
2000,189,1,2
2000,190,1,2
2000,191,1,2
2000,192,1,2
2000,193,1,2
2000,194,1,2
2000,195,1,2
2000,196,1,2
2000,197,1,2
2000,198,1,2
2000,199,1,2
2000,200,1,2
2000,201,1,2
2000,202,1,2
2000,203,1,2
2000,204,1,2
2000,205,1,2
2000,206,1,2
2000,207,1,2
2000,208,1,2
2000,209,1,2
2000,210,1,2
2000,211,1,2
2000,212,1,2
2000,213,1,2
2000,214,1,2
2000,215,1,2
2000,216,1,2
2000,217,1,2
2000,218,1,2
2000,219,1,2
2000,220,1,2
2000,221,1,2
2000,222,1,2
2000,223,1,2
2000,224,1,2
2000,225,1,2
2000,226,1,2
2000,227,1,2
2000,228,1,2
2000,229,1,2
2000,230,1,2
2000,231,1,2
2000,232,1,2
2000,233,1,2
2000,234,1,2
2000,235,1,2
2000,236,1,2
2000,237,1,2
2000,238,1,2
2000,239,1,2
2000,240,1,2
2000,241,1,2
2000,242,1,2
2000,243,1,2
2000,244,1,2
2000,245,1,2
2000,246,1,2
2000,247,1,2
2000,248,1,2
2000,249,1,2
2000,250,1,2
2000,251,1,2
2000,252,1,2
2000,253,1,2
2000,254,1,2
2000,255,1,2
2000,256,1,2
2000,257,1,2
2000,258,1,2
2000,259,1,2
2000,260,1,2
2000,261,1,2
2000,262,1,2
2000,263,1,2
2000,264,1,2
2000,265,1,2
2000,266,1,2
2000,267,1,2
2000,268,1,2
2000,269,1,2
2000,270,1,2
2000,271,1,2
2000,272,1,2
2000,273,1,2
2000,274,1,2
2000,275,1,2
2000,276,1,2
2000,277,1,2
2000,278,1,2
2000,279,1,2
2000,280,1,2
2000,281,1,2
2000,282,1,2
2000,283,1,2
2000,284,1,2
2000,285,1,2
2000,286,1,2
2000,287,1,2
2000,288,1,2
2000,289,1,2
2000,290,1,2
2000,291,1,2
2000,292,1,2
2000,293,1,2
2000,294,1,2
2000,295,1,2
2000,296,1,2
2000,297,1,2
2000,298,1,2
2000,299,1,2
2000,300,1,2
2000,301,1,2
2000,302,1,2
2000,303,1,2
2000,304,1,2
2000,305,1,2
2000,306,1,2
2000,307,1,2
2000,308,1,2
2000,309,1,2
2000,310,1,2
2000,311,1,2
2000,312,1,2
2000,313,1,2
2000,314,1,2
2000,315,1,2
2000,316,1,2
2000,317,1,2
2000,318,1,2
2000,319,1,2
2000,320,1,2
2000,321,1,2
2000,322,1,2
2000,323,1,2
2000,324,1,2
2000,325,1,2
2000,326,1,2
2000,327,1,2
2000,328,1,2
2000,329,1,2
2000,330,1,2
2000,331,1,2
2000,332,1,2
2000,333,1,2
2000,334,1,2
2000,335,1,2
2000,336,1,2
2000,337,1,2
2000,338,1,2
2000,339,1,2
2000,340,1,2
2000,341,1,2
2000,342,1,2
2000,343,1,2
2000,344,1,2
2000,345,1,2
2000,346,1,2
2000,347,1,2
2000,348,1,2
2000,349,1,2
2000,350,1,2
2000,351,1,2
2000,352,1,2
2000,353,1,2
2000,354,1,2
2000,355,1,2
2000,356,1,2
2000,357,1,2
2000,358,1,2
2000,359,1,2
2000,360,1,2
2000,361,1,2
2000,362,1,2
2000,363,1,2
2000,364,1,2
2000,365,1,2
2000,366,1,2
2000,367,1,2
2000,368,1,2
2000,369,1,2
2000,370,1,2
2000,371,1,2
2000,372,1,2
2000,373,1,2
2000,374,1,2
2000,375,1,2
2000,376,1,2
2000,377,1,2
2000,378,1,2
2000,379,1,2
2000,380,1,2
2000,381,1,2
2000,382,1,2
2000,383,1,2
2000,384,1,2
2000,385,1,2
2000,386,1,2
2000,387,1,2
2000,388,1,2
2000,389,1,2
2000,390,1,2
2000,391,1,2
2000,392,1,2
2000,393,1,2
2000,394,1,2
2000,395,1,2
2000,396,1,2
2000,397,1,2
2000,398,1,2
2000,399,1,2
2000,400,1,2
2000,401,1,2
2000,402,1,2
2000,403,1,2
2000,404,1,2
2000,405,1,2
2000,406,1,2
2000,407,1,2
2000,408,1,2
2000,409,1,2
2000,410,1,2
2000,411,1,2
2000,412,1,2
2000,413,1,2
2000,414,1,2
2000,415,1,2
2000,416,1,2
2000,417,1,2
2000,418,1,2
2000,419,1,2
2000,420,1,2
2000,421,1,2
2000,422,1,2
2000,423,1,2
2000,424,1,2
2000,425,1,2
2000,426,1,2
2000,427,1,2
2000,428,1,2
2000,429,1,2
2000,430,1,2
2000,431,1,2
2000,432,1,2
2000,433,1,2
2000,434,1,2
2000,435,1,2
2000,436,1,2
2000,437,1,2
2000,438,1,2
2000,439,1,2
2000,440,1,2
2000,441,1,2
2000,442,1,2
2000,443,1,2
2000,444,1,2
2000,445,1,2
2000,446,1,2
2000,447,1,2
2000,448,1,2
2000,449,1,2
2000,450,1,2
2000,451,1,2
2000,452,1,2
2000,453,1,2
2000,454,1,2
2000,455,1,2
2000,456,1,2
2000,457,1,2
2000,458,1,3
2000,459,1,3
2000,460,1,3
2000,461,1,3
2000,462,1,3
2000,463,1,3
2000,464,1,3
2000,465,1,3
2000,466,1,3
2000,467,1,3
2000,468,1,3
2000,469,1,3
2000,470,1,3
2000,471,1,3
2000,472,1,3
2000,473,1,3
2000,474,1,3
2000,475,1,3
2000,476,1,3
2000,477,1,3
2000,478,1,3
2000,479,1,3
2000,480,1,3
2000,481,1,3
2000,482,1,3
2000,483,1,3
2000,484,1,3
2000,485,1,3
2000,486,1,3
2000,487,1,3
2000,488,1,3
2000,489,1,3
2000,490,1,3
2000,491,1,3
2000,492,1,3
2000,493,1,3
2000,494,1,3
2000,495,1,3
2000,496,1,3
2000,497,1,3
2000,498,1,3
2000,499,1,3
2000,500,1,3
2000,501,1,3
2000,502,1,3
2000,503,1,3
2000,504,1,3
2000,505,1,3
2000,506,1,3
2000,507,1,3
2000,508,1,3
2000,509,1,3
2000,510,1,3
2000,511,1,3
2000,512,1,3
2000,513,1,2
2000,514,1,2
2000,515,1,2
2000,516,1,2
2000,517,1,2
2000,518,1,2
2000,519,1,2
2000,520,1,2
2000,521,1,2
2000,522,1,2
2000,523,1,2
2000,524,1,2
2000,525,1,2
2000,526,1,2
2000,527,1,2
2000,528,1,2
2000,529,1,2
2000,530,1,2
2000,531,1,2
2000,532,1,2
2000,533,1,2
2000,534,1,2
2000,535,1,2
2000,536,1,2
2000,537,1,2
2000,538,1,2
2000,539,1,2
2000,540,1,2
2000,541,1,2
2000,542,1,2
2000,543,1,2
2000,544,1,2
2000,545,1,2
2000,546,1,2
2000,547,1,2
2000,548,1,2
2000,549,1,2
2000,550,1,2
2000,551,1,2
2000,552,1,2
2000,553,1,2
2000,554,1,2
2000,555,1,2
2000,556,1,2
2000,557,1,2
2000,558,1,2
2000,559,1,2
2000,560,1,2
2000,561,1,2
2000,562,1,2
2000,563,1,2
2000,564,1,2
2000,565,1,2
2000,566,1,2
2000,567,1,2
2000,568,1,3
2000,569,1,3
2000,570,1,3
2000,571,1,3
2000,572,1,3
2000,573,1,3
2000,574,1,3
2000,575,1,3
2000,576,1,3
2000,577,1,3
2000,578,1,3
2000,579,1,3
2000,580,1,3
2000,581,1,3
2000,582,1,3
2000,583,1,3
2000,584,1,3
2000,585,1,3
2000,586,1,3
2000,587,1,3
2000,588,1,3
2000,589,1,3
2000,590,1,3
2000,591,1,3
2000,592,1,3
2000,593,1,3
2000,594,1,3
2000,595,1,3
2000,596,1,3
2000,597,1,3
2000,598,1,3
2000,599,1,3
2000,600,1,3
2000,601,1,3
2000,602,1,3
2000,603,1,3
2000,604,1,3
2000,605,1,3
2000,606,1,3
2000,607,1,3
2000,608,1,3
2000,609,1,3
2000,610,1,3
2000,611,1,3
2000,612,1,3
2000,613,1,3
2000,614,1,3
2000,615,1,3
2000,616,1,3
2000,617,1,3
2000,618,1,3
2000,619,1,2
2000,620,1,2
2000,621,1,2
2000,622,1,2
2000,623,1,2
2000,624,1,2
2000,625,1,2
2000,626,1,2
2000,627,1,2
2000,628,1,2
2000,629,1,2
2000,630,1,2
2000,631,1,2
2000,632,1,2
2000,633,1,2
2000,634,1,2
2000,635,1,2
2000,636,1,2
2000,637,1,2
2000,638,1,2
2000,639,1,2
2000,640,1,2
2000,641,1,2
2001,123,1,3
2001,124,1,3
2001,125,1,3
2001,126,1,3
2001,127,1,3
2001,128,1,3
2001,129,1,3
2001,130,1,3
2001,131,1,3
2001,132,1,3
2001,133,1,3
2001,134,1,3
2001,135,1,3
2001,136,1,3
2001,137,1,3
2001,138,1,3
2001,139,1,3
2001,140,1,3
2001,141,1,3
2001,142,1,3
2001,143,1,3
2001,144,1,3
2001,145,1,3
2001,146,1,3
2001,147,1,3
2001,148,1,3
2001,149,1,3
2001,150,1,3
2001,151,1,3
2001,152,1,3
2001,153,1,3
2001,154,1,3
2001,155,1,3
2001,156,1,3
2001,157,1,3
2001,158,1,3
2001,159,1,3
2001,160,1,3
2001,161,1,3
2001,162,1,3
2001,163,1,3
2001,164,1,3
2001,165,1,3
2001,166,1,3
2001,167,1,3
2001,168,1,3
2001,169,1,3
2001,170,1,3
2001,171,1,3
2001,172,1,3
2001,173,1,3
2001,174,1,3
2001,175,1,3
2001,176,1,3
2001,177,1,2
2001,178,1,2
2001,179,1,2
2001,180,1,2
2001,181,1,2
2001,182,1,2
2001,183,1,2
2001,184,1,2
2001,185,1,2
2001,186,1,2
2001,187,1,2
2001,188,1,2
2001,189,1,2
2001,190,1,2
2001,191,1,2
2001,192,1,2
2001,193,1,2
2001,194,1,2
2001,195,1,2
2001,196,1,2
2001,197,1,2
2001,198,1,2
2001,199,1,2
2001,200,1,2
2001,201,1,2
2001,202,1,2
2001,203,1,2
2001,204,1,2
2001,205,1,2
2001,206,1,2
2001,207,1,2
2001,208,1,2
2001,209,1,2
2001,210,1,2
2001,211,1,2
2001,212,1,2
2001,213,1,2
2001,214,1,2
2001,215,1,2
2001,216,1,2
2001,217,1,2
2001,218,1,2
2001,219,1,2
2001,220,1,2
2001,221,1,2
2001,222,1,2
2001,223,1,2
2001,224,1,2
2001,225,1,2
2001,226,1,2
2001,227,1,2
2001,228,1,2
2001,229,1,2
2001,230,1,2
2001,231,1,2
2001,232,1,2
2001,233,1,2
2001,234,1,2
2001,235,1,2
2001,236,1,2
2001,237,1,2
2001,238,1,2
2001,239,1,2
2001,240,1,2
2001,241,1,2
2001,242,1,2
2001,243,1,2
2001,244,1,2
2001,245,1,2
2001,246,1,2
2001,247,1,2
2001,248,1,2
2001,249,1,2
2001,250,1,2
2001,251,1,2
2001,252,1,2
2001,253,1,2
2001,254,1,2
2001,255,1,2
2001,256,1,2
2001,257,1,2
2001,258,1,2
2001,259,1,2
2001,260,1,2
2001,261,1,2
2001,262,1,2
2001,263,1,2
2001,264,1,2
2001,265,1,2
2001,266,1,2
2001,267,1,2
2001,268,1,2
2001,269,1,2
2001,270,1,2
2001,271,1,2
2001,272,1,2
2001,273,1,2
2001,274,1,2
2001,275,1,2
2001,276,1,2
2001,277,1,2
2001,278,1,2
2001,279,1,2
2001,280,1,2
2001,281,1,2
2001,282,1,2
2001,283,1,2
2001,284,1,2
2001,285,1,2
2001,286,1,2
2001,287,1,2
2001,288,1,2
2001,289,1,2
2001,290,1,2
2001,291,1,2
2001,292,1,2
2001,293,1,2
2001,294,1,2
2001,295,1,2
2001,296,1,2
2001,297,1,2
2001,298,1,2
2001,299,1,2
2001,300,1,2
2001,301,1,2
2001,302,1,2
2001,303,1,2
2001,304,1,2
2001,305,1,2
2001,306,1,2
2001,307,1,2
2001,308,1,2
2001,309,1,2
2001,310,1,2
2001,311,1,2
2001,312,1,2
2001,313,1,2
2001,314,1,2
2001,315,1,2
2001,316,1,2
2001,317,1,2
2001,318,1,2
2001,319,1,2
2001,320,1,2
2001,321,1,2
2001,322,1,2
2001,323,1,2
2001,324,1,2
2001,325,1,2
2001,326,1,2
2001,327,1,2
2001,328,1,2
2001,329,1,2
2001,330,1,2
2001,331,1,2
2001,332,1,2
2001,333,1,2
2001,334,1,2
2001,335,1,2
2001,336,1,2
2001,337,1,2
2001,338,1,2
2001,339,1,2
2001,340,1,2
2001,341,1,2
2001,342,1,2
2001,343,1,2
2001,344,1,2
2001,345,1,2
2001,346,1,2
2001,347,1,2
2001,348,1,2
2001,349,1,2
2001,350,1,2
2001,351,1,2
2001,352,1,2
2001,353,1,2
2001,354,1,2
2001,355,1,2
2001,356,1,2
2001,357,1,2
2001,358,1,2
2001,359,1,2
2001,360,1,2
2001,361,1,2
2001,362,1,2
2001,363,1,2
2001,364,1,2
2001,365,1,2
2001,366,1,2
2001,367,1,2
2001,368,1,2
2001,369,1,2
2001,370,1,2
2001,371,1,2
2001,372,1,2
2001,373,1,2
2001,374,1,2
2001,375,1,2
2001,376,1,2
2001,377,1,2
2001,378,1,2
2001,379,1,2
2001,380,1,2
2001,381,1,2
2001,382,1,2
2001,383,1,2
2001,384,1,2
2001,385,1,2
2001,386,1,2
2001,387,1,2
2001,388,1,2
2001,389,1,2
2001,390,1,2
2001,391,1,2
2001,392,1,2
2001,393,1,2
2001,394,1,2
2001,395,1,2
2001,396,1,2
2001,397,1,2
2001,398,1,2
2001,399,1,2
2001,400,1,2
2001,401,1,2
2001,402,1,2
2001,403,1,2
2001,404,1,2
2001,405,1,2
2001,406,1,2
2001,407,1,2
2001,408,1,2
2001,409,1,2
2001,410,1,2
2001,411,1,2
2001,412,1,2
2001,413,1,2
2001,414,1,2
2001,415,1,2
2001,416,1,2
2001,417,1,2
2001,418,1,2
2001,419,1,2
2001,420,1,2
2001,421,1,2
2001,422,1,2
2001,423,1,2
2001,424,1,2
2001,425,1,2
2001,426,1,2
2001,427,1,2
2001,428,1,2
2001,429,1,2
2001,430,1,2
2001,431,1,2
2001,432,1,2
2001,433,1,2
2001,434,1,2
2001,435,1,2
2001,436,1,2
2001,437,1,2
2001,438,1,2
2001,439,1,2
2001,440,1,2
2001,441,1,2
2001,442,1,2
2001,443,1,2
2001,444,1,2
2001,445,1,2
2001,446,1,2
2001,447,1,2
2001,448,1,2
2001,449,1,2
2001,450,1,2
2001,451,1,2
2001,452,1,2
2001,453,1,2
2001,454,1,2
2001,455,1,2
2001,456,1,2
2001,457,1,2
2001,458,1,2
2001,459,1,3
2001,460,1,3
2001,461,1,3
2001,462,1,3
2001,463,1,3
2001,464,1,3
2001,465,1,3
2001,466,1,3
2001,467,1,3
2001,468,1,3
2001,469,1,3
2001,470,1,3
2001,471,1,3
2001,472,1,3
2001,473,1,3
2001,474,1,3
2001,475,1,3
2001,476,1,3
2001,477,1,3
2001,478,1,3
2001,479,1,3
2001,480,1,3
2001,481,1,3
2001,482,1,3
2001,483,1,3
2001,484,1,3
2001,485,1,3
2001,486,1,3
2001,487,1,3
2001,488,1,3
2001,489,1,3
2001,490,1,3
2001,491,1,3
2001,492,1,3
2001,493,1,3
2001,494,1,3
2001,495,1,3
2001,496,1,3
2001,497,1,3
2001,498,1,3
2001,499,1,3
2001,500,1,3
2001,501,1,3
2001,502,1,3
2001,503,1,3
2001,504,1,3
2001,505,1,3
2001,506,1,3
2001,507,1,3
2001,508,1,3
2001,509,1,3
2001,510,1,3
2001,511,1,3
2001,512,1,3
2001,513,1,2
2001,514,1,2
2001,515,1,2
2001,516,1,2
2001,517,1,2
2001,518,1,2
2001,519,1,2
2001,520,1,2
2001,521,1,2
2001,522,1,2
2001,523,1,2
2001,524,1,2
2001,525,1,2
2001,526,1,2
2001,527,1,2
2001,528,1,2
2001,529,1,2
2001,530,1,2
2001,531,1,2
2001,532,1,2
2001,533,1,2
2001,534,1,2
2001,535,1,2
2001,536,1,2
2001,537,1,2
2001,538,1,2
2001,539,1,2
2001,540,1,2
2001,541,1,2
2001,542,1,2
2001,543,1,2
2001,544,1,2
2001,545,1,2
2001,546,1,2
2001,547,1,2
2001,548,1,2
2001,549,1,2
2001,550,1,2
2001,551,1,2
2001,552,1,2
2001,553,1,2
2001,554,1,2
2001,555,1,2
2001,556,1,2
2001,557,1,2
2001,558,1,2
2001,559,1,2
2001,560,1,2
2001,561,1,2
2001,562,1,2
2001,563,1,2
2001,564,1,2
2001,565,1,2
2001,566,1,2
2001,567,1,2
2001,568,1,3
2001,569,1,3
2001,570,1,3
2001,571,1,3
2001,572,1,3
2001,573,1,3
2001,574,1,3
2001,575,1,3
2001,576,1,3
2001,577,1,3
2001,578,1,3
2001,579,1,3
2001,580,1,3
2001,581,1,3
2001,582,1,3
2001,583,1,3
2001,584,1,3
2001,585,1,3
2001,586,1,3
2001,587,1,3
2001,588,1,3
2001,589,1,3
2001,590,1,3
2001,591,1,3
2001,592,1,3
2001,593,1,3
2001,594,1,3
2001,595,1,3
2001,596,1,3
2001,597,1,3
2001,598,1,3
2001,599,1,3
2001,600,1,3
2001,601,1,3
2001,602,1,3
2001,603,1,3
2001,604,1,3
2001,605,1,3
2001,606,1,3
2001,607,1,3
2001,608,1,3
2001,609,1,3
2001,610,1,3
2001,611,1,3
2001,612,1,3
2001,613,1,3
2001,614,1,3
2001,615,1,3
2001,616,1,3
2001,617,1,3
2001,618,1,3
2001,619,1,2
2001,620,1,2
2001,621,1,2
2001,622,1,2
2001,623,1,2
2001,624,1,2
2001,625,1,2
2001,626,1,2
2001,627,1,2
2001,628,1,2
2001,629,1,2
2001,630,1,2
2001,631,1,2
2001,632,1,2
2001,633,1,2
2001,634,1,2
2001,635,1,2
2001,636,1,2
2001,637,1,2
2001,638,1,2
2001,639,1,2
2001,640,1,2
2001,641,1,2
2001,642,1,2
2002,123,1,3
2002,124,1,3
2002,125,1,3
2002,126,1,3
2002,127,1,3
2002,128,1,3
2002,129,1,3
2002,130,1,3
2002,131,1,3
2002,132,1,3
2002,133,1,3
2002,134,1,3
2002,135,1,3
2002,136,1,3
2002,137,1,3
2002,138,1,3
2002,139,1,3
2002,140,1,3
2002,141,1,3
2002,142,1,3
2002,143,1,3
2002,144,1,3
2002,145,1,3
2002,146,1,3
2002,147,1,3
2002,148,1,3
2002,149,1,3
2002,150,1,3
2002,151,1,3
2002,152,1,3
2002,153,1,3
2002,154,1,3
2002,155,1,3
2002,156,1,3
2002,157,1,3
2002,158,1,3
2002,159,1,3
2002,160,1,3
2002,161,1,3
2002,162,1,3
2002,163,1,3
2002,164,1,3
2002,165,1,3
2002,166,1,3
2002,167,1,3
2002,168,1,3
2002,169,1,3
2002,170,1,3
2002,171,1,3
2002,172,1,3
2002,173,1,3
2002,174,1,3
2002,175,1,3
2002,176,1,3
2002,177,1,2
2002,178,1,2
2002,179,1,2
2002,180,1,2
2002,181,1,2
2002,182,1,2
2002,183,1,2
2002,184,1,2
2002,185,1,2
2002,186,1,2
2002,187,1,2
2002,188,1,2
2002,189,1,2
2002,190,1,2
2002,191,1,2
2002,192,1,2
2002,193,1,2
2002,194,1,2
2002,195,1,2
2002,196,1,2
2002,197,1,2
2002,198,1,2
2002,199,1,2
2002,200,1,2
2002,201,1,2
2002,202,1,2
2002,203,1,2
2002,204,1,2
2002,205,1,2
2002,206,1,2
2002,207,1,2
2002,208,1,2
2002,209,1,2
2002,210,1,2
2002,211,1,2
2002,212,1,2
2002,213,1,2
2002,214,1,2
2002,215,1,2
2002,216,1,2
2002,217,1,2
2002,218,1,2
2002,219,1,2
2002,220,1,2
2002,221,1,2
2002,222,1,2
2002,223,1,2
2002,224,1,2
2002,225,1,2
2002,226,1,2
2002,227,1,2
2002,228,1,2
2002,229,1,2
2002,230,1,2
2002,231,1,2
2002,232,1,2
2002,233,1,2
2002,234,1,2
2002,235,1,2
2002,236,1,2
2002,237,1,2
2002,238,1,2
2002,239,1,2
2002,240,1,2
2002,241,1,2
2002,242,1,2
2002,243,1,2
2002,244,1,2
2002,245,1,2
2002,246,1,2
2002,247,1,2
2002,248,1,2
2002,249,1,2
2002,250,1,2
2002,251,1,2
2002,252,1,2
2002,253,1,2
2002,254,1,2
2002,255,1,2
2002,256,1,2
2002,257,1,2
2002,258,1,2
2002,259,1,2
2002,260,1,2
2002,261,1,2
2002,262,1,2
2002,263,1,2
2002,264,1,2
2002,265,1,2
2002,266,1,2
2002,267,1,2
2002,268,1,2
2002,269,1,2
2002,270,1,2
2002,271,1,2
2002,272,1,2
2002,273,1,2
2002,274,1,2
2002,275,1,2
2002,276,1,2
2002,277,1,2
2002,278,1,2
2002,279,1,2
2002,280,1,2
2002,281,1,2
2002,282,1,2
2002,283,1,2
2002,284,1,2
2002,285,1,2
2002,286,1,2
2002,287,1,2
2002,288,1,2
2002,289,1,2
2002,290,1,2
2002,291,1,2
2002,292,1,2
2002,293,1,2
2002,294,1,2
2002,295,1,2
2002,296,1,2
2002,297,1,2
2002,298,1,2
2002,299,1,2
2002,300,1,2
2002,301,1,2
2002,302,1,2
2002,303,1,2
2002,304,1,2
2002,305,1,2
2002,306,1,2
2002,307,1,2
2002,308,1,2
2002,309,1,2
2002,310,1,2
2002,311,1,2
2002,312,1,2
2002,313,1,2
2002,314,1,2
2002,315,1,2
2002,316,1,2
2002,317,1,2
2002,318,1,2
2002,319,1,2
2002,320,1,2
2002,321,1,2
2002,322,1,2
2002,323,1,2
2002,324,1,2
2002,325,1,2
2002,326,1,2
2002,327,1,2
2002,328,1,2
2002,329,1,2
2002,330,1,2
2002,331,1,2
2002,332,1,2
2002,333,1,2
2002,334,1,2
2002,335,1,2
2002,336,1,2
2002,337,1,2
2002,338,1,2
2002,339,1,2
2002,340,1,2
2002,341,1,2
2002,342,1,2
2002,343,1,2
2002,344,1,2
2002,345,1,2
2002,346,1,2
2002,347,1,2
2002,348,1,2
2002,349,1,2
2002,350,1,2
2002,351,1,2
2002,352,1,2
2002,353,1,2
2002,354,1,2
2002,355,1,2
2002,356,1,2
2002,357,1,2
2002,358,1,2
2002,359,1,2
2002,360,1,2
2002,361,1,2
2002,362,1,2
2002,363,1,2
2002,364,1,2
2002,365,1,2
2002,366,1,2
2002,367,1,2
2002,368,1,2
2002,369,1,2
2002,370,1,2
2002,371,1,2
2002,372,1,2
2002,373,1,2
2002,374,1,2
2002,375,1,2
2002,376,1,2
2002,377,1,2
2002,378,1,2
2002,379,1,2
2002,380,1,2
2002,381,1,2
2002,382,1,2
2002,383,1,2
2002,384,1,2
2002,385,1,2
2002,386,1,2
2002,387,1,2
2002,388,1,2
2002,389,1,2
2002,390,1,2
2002,391,1,2
2002,392,1,2
2002,393,1,2
2002,394,1,2
2002,395,1,2
2002,396,1,2
2002,397,1,2
2002,398,1,2
2002,399,1,2
2002,400,1,2
2002,401,1,2
2002,402,1,2
2002,403,1,2
2002,404,1,2
2002,405,1,2
2002,406,1,2
2002,407,1,2
2002,408,1,2
2002,409,1,2
2002,410,1,2
2002,411,1,2
2002,412,1,2
2002,413,1,2
2002,414,1,2
2002,415,1,2
2002,416,1,2
2002,417,1,2
2002,418,1,2
2002,419,1,2
2002,420,1,2
2002,421,1,2
2002,422,1,2
2002,423,1,2
2002,424,1,2
2002,425,1,2
2002,426,1,2
2002,427,1,2
2002,428,1,2
2002,429,1,2
2002,430,1,2
2002,431,1,2
2002,432,1,2
2002,433,1,2
2002,434,1,2
2002,435,1,2
2002,436,1,2
2002,437,1,2
2002,438,1,2
2002,439,1,2
2002,440,1,2
2002,441,1,2
2002,442,1,2
2002,443,1,2
2002,444,1,2
2002,445,1,2
2002,446,1,2
2002,447,1,2
2002,448,1,2
2002,449,1,2
2002,450,1,2
2002,451,1,2
2002,452,1,2
2002,453,1,2
2002,454,1,2
2002,455,1,2
2002,456,1,2
2002,457,1,2
2002,458,1,2
2002,459,1,3
2002,460,1,3
2002,461,1,3
2002,462,1,3
2002,463,1,3
2002,464,1,3
2002,465,1,3
2002,466,1,3
2002,467,1,3
2002,468,1,3
2002,469,1,3
2002,470,1,3
2002,471,1,3
2002,472,1,3
2002,473,1,3
2002,474,1,3
2002,475,1,3
2002,476,1,3
2002,477,1,3
2002,478,1,3
2002,479,1,3
2002,480,1,3
2002,481,1,3
2002,482,1,3
2002,483,1,3
2002,484,1,3
2002,485,1,3
2002,486,1,3
2002,487,1,3
2002,488,1,3
2002,489,1,3
2002,490,1,3
2002,491,1,3
2002,492,1,3
2002,493,1,3
2002,494,1,3
2002,495,1,3
2002,496,1,3
2002,497,1,3
2002,498,1,3
2002,499,1,3
2002,500,1,3
2002,501,1,3
2002,502,1,3
2002,503,1,3
2002,504,1,3
2002,505,1,3
2002,506,1,3
2002,507,1,3
2002,508,1,3
2002,509,1,3
2002,510,1,3
2002,511,1,3
2002,512,1,2
2002,513,1,2
2002,514,1,2
2002,515,1,2
2002,516,1,2
2002,517,1,2
2002,518,1,2
2002,519,1,2
2002,520,1,2
2002,521,1,2
2002,522,1,2
2002,523,1,2
2002,524,1,2
2002,525,1,2
2002,526,1,2
2002,527,1,2
2002,528,1,2
2002,529,1,2
2002,530,1,2
2002,531,1,2
2002,532,1,2
2002,533,1,2
2002,534,1,2
2002,535,1,2
2002,536,1,2
2002,537,1,2
2002,538,1,2
2002,539,1,2
2002,540,1,2
2002,541,1,2
2002,542,1,2
2002,543,1,2
2002,544,1,2
2002,545,1,2
2002,546,1,2
2002,547,1,2
2002,548,1,2
2002,549,1,2
2002,550,1,2
2002,551,1,2
2002,552,1,2
2002,553,1,2
2002,554,1,2
2002,555,1,2
2002,556,1,2
2002,557,1,2
2002,558,1,2
2002,559,1,2
2002,560,1,2
2002,561,1,2
2002,562,1,2
2002,563,1,2
2002,564,1,2
2002,565,1,2
2002,566,1,2
2002,567,1,2
2002,568,1,3
2002,569,1,3
2002,570,1,3
2002,571,1,3
2002,572,1,3
2002,573,1,3
2002,574,1,3
2002,575,1,3
2002,576,1,3
2002,577,1,3
2002,578,1,3
2002,579,1,3
2002,580,1,3
2002,581,1,3
2002,582,1,3
2002,583,1,3
2002,584,1,3
2002,585,1,3
2002,586,1,3
2002,587,1,3
2002,588,1,3
2002,589,1,3
2002,590,1,3
2002,591,1,3
2002,592,1,3
2002,593,1,3
2002,594,1,3
2002,595,1,3
2002,596,1,3
2002,597,1,3
2002,598,1,3
2002,599,1,3
2002,600,1,3
2002,601,1,3
2002,602,1,3
2002,603,1,3
2002,604,1,3
2002,605,1,3
2002,606,1,3
2002,607,1,3
2002,608,1,3
2002,609,1,3
2002,610,1,3
2002,611,1,3
2002,612,1,3
2002,613,1,3
2002,614,1,3
2002,615,1,3
2002,616,1,3
2002,617,1,3
2002,618,1,3
2002,619,1,2
2002,620,1,2
2002,621,1,2
2002,622,1,2
2002,623,1,2
2002,624,1,2
2002,625,1,2
2002,626,1,2
2002,627,1,2
2002,628,1,2
2002,629,1,2
2002,630,1,2
2002,631,1,2
2002,632,1,2
2002,633,1,2
2002,634,1,2
2002,635,1,2
2002,636,1,2
2002,637,1,2
2002,638,1,2
2002,639,1,2
2002,640,1,2
2002,641,1,2
2002,642,1,2
2003,123,1,3
2003,124,1,3
2003,125,1,3
2003,126,1,3
2003,127,1,3
2003,128,1,3
2003,129,1,3
2003,130,1,3
2003,131,1,3
2003,132,1,3
2003,133,1,3
2003,134,1,3
2003,135,1,3
2003,136,1,3
2003,137,1,3
2003,138,1,3
2003,139,1,3
2003,140,1,3
2003,141,1,3
2003,142,1,3
2003,143,1,3
2003,144,1,3
2003,145,1,3
2003,146,1,3
2003,147,1,3
2003,148,1,3
2003,149,1,3
2003,150,1,3
2003,151,1,3
2003,152,1,3
2003,153,1,3
2003,154,1,3
2003,155,1,3
2003,156,1,3
2003,157,1,3
2003,158,1,3
2003,159,1,3
2003,160,1,3
2003,161,1,3
2003,162,1,3
2003,163,1,3
2003,164,1,3
2003,165,1,3
2003,166,1,3
2003,167,1,3
2003,168,1,3
2003,169,1,3
2003,170,1,3
2003,171,1,3
2003,172,1,3
2003,173,1,3
2003,174,1,3
2003,175,1,3
2003,176,1,3
2003,177,1,2
2003,178,1,2
2003,179,1,2
2003,180,1,2
2003,181,1,2
2003,182,1,2
2003,183,1,2
2003,184,1,2
2003,185,1,2
2003,186,1,2
2003,187,1,2
2003,188,1,2
2003,189,1,2
2003,190,1,2
2003,191,1,2
2003,192,1,2
2003,193,1,2
2003,194,1,2
2003,195,1,2
2003,196,1,2
2003,197,1,2
2003,198,1,2
2003,199,1,2
2003,200,1,2
2003,201,1,2
2003,202,1,2
2003,203,1,2
2003,204,1,2
2003,205,1,2
2003,206,1,2
2003,207,1,2
2003,208,1,2
2003,209,1,2
2003,210,1,2
2003,211,1,2
2003,212,1,2
2003,213,1,2
2003,214,1,2
2003,215,1,2
2003,216,1,2
2003,217,1,2
2003,218,1,2
2003,219,1,2
2003,220,1,2
2003,221,1,2
2003,222,1,2
2003,223,1,2
2003,224,1,2
2003,225,1,2
2003,226,1,2
2003,227,1,2
2003,228,1,2
2003,229,1,2
2003,230,1,2
2003,231,1,2
2003,232,1,2
2003,233,1,2
2003,234,1,2
2003,235,1,2
2003,236,1,2
2003,237,1,2
2003,238,1,2
2003,239,1,2
2003,240,1,2
2003,241,1,2
2003,242,1,2
2003,243,1,2
2003,244,1,2
2003,245,1,2
2003,246,1,2
2003,247,1,2
2003,248,1,2
2003,249,1,2
2003,250,1,2
2003,251,1,2
2003,252,1,2
2003,253,1,2
2003,254,1,2
2003,255,1,2
2003,256,1,2
2003,257,1,2
2003,258,1,2
2003,259,1,2
2003,260,1,2
2003,261,1,2
2003,262,1,2
2003,263,1,2
2003,264,1,2
2003,265,1,2
2003,266,1,2
2003,267,1,2
2003,268,1,2
2003,269,1,2
2003,270,1,2
2003,271,1,2
2003,272,1,2
2003,273,1,2
2003,274,1,2
2003,275,1,2
2003,276,1,2
2003,277,1,2
2003,278,1,2
2003,279,1,2
2003,280,1,2
2003,281,1,2
2003,282,1,2
2003,283,1,2
2003,284,1,2
2003,285,1,2
2003,286,1,2
2003,287,1,2
2003,288,1,2
2003,289,1,2
2003,290,1,2
2003,291,1,2
2003,292,1,2
2003,293,1,2
2003,294,1,2
2003,295,1,2
2003,296,1,2
2003,297,1,2
2003,298,1,2
2003,299,1,2
2003,300,1,2
2003,301,1,2
2003,302,1,2
2003,303,1,2
2003,304,1,2
2003,305,1,2
2003,306,1,2
2003,307,1,2
2003,308,1,2
2003,309,1,2
2003,310,1,2
2003,311,1,2
2003,312,1,2
2003,313,1,2
2003,314,1,2
2003,315,1,2
2003,316,1,2
2003,317,1,2
2003,318,1,2
2003,319,1,2
2003,320,1,2
2003,321,1,2
2003,322,1,2
2003,323,1,2
2003,324,1,2
2003,325,1,2
2003,326,1,2
2003,327,1,2
2003,328,1,2
2003,329,1,2
2003,330,1,2
2003,331,1,2
2003,332,1,2
2003,333,1,2
2003,334,1,2
2003,335,1,2
2003,336,1,2
2003,337,1,2
2003,338,1,2
2003,339,1,2
2003,340,1,2
2003,341,1,2
2003,342,1,2
2003,343,1,2
2003,344,1,2
2003,345,1,2
2003,346,1,2
2003,347,1,2
2003,348,1,2
2003,349,1,2
2003,350,1,2
2003,351,1,2
2003,352,1,2
2003,353,1,2
2003,354,1,2
2003,355,1,2
2003,356,1,2
2003,357,1,2
2003,358,1,2
2003,359,1,2
2003,360,1,2
2003,361,1,2
2003,362,1,2
2003,363,1,2
2003,364,1,2
2003,365,1,2
2003,366,1,2
2003,367,1,2
2003,368,1,2
2003,369,1,2
2003,370,1,2
2003,371,1,2
2003,372,1,2
2003,373,1,2
2003,374,1,2
2003,375,1,2
2003,376,1,2
2003,377,1,2
2003,378,1,2
2003,379,1,2
2003,380,1,2
2003,381,1,2
2003,382,1,2
2003,383,1,2
2003,384,1,2
2003,385,1,2
2003,386,1,2
2003,387,1,2
2003,388,1,2
2003,389,1,2
2003,390,1,2
2003,391,1,2
2003,392,1,2
2003,393,1,2
2003,394,1,2
2003,395,1,2
2003,396,1,2
2003,397,1,2
2003,398,1,2
2003,399,1,2
2003,400,1,2
2003,401,1,2
2003,402,1,2
2003,403,1,2
2003,404,1,2
2003,405,1,2
2003,406,1,2
2003,407,1,2
2003,408,1,2
2003,409,1,2
2003,410,1,2
2003,411,1,2
2003,412,1,2
2003,413,1,2
2003,414,1,2
2003,415,1,2
2003,416,1,2
2003,417,1,2
2003,418,1,2
2003,419,1,2
2003,420,1,2
2003,421,1,2
2003,422,1,2
2003,423,1,2
2003,424,1,2
2003,425,1,2
2003,426,1,2
2003,427,1,2
2003,428,1,2
2003,429,1,2
2003,430,1,2
2003,431,1,2
2003,432,1,2
2003,433,1,2
2003,434,1,2
2003,435,1,2
2003,436,1,2
2003,437,1,2
2003,438,1,2
2003,439,1,2
2003,440,1,2
2003,441,1,2
2003,442,1,2
2003,443,1,2
2003,444,1,2
2003,445,1,2
2003,446,1,2
2003,447,1,2
2003,448,1,2
2003,449,1,2
2003,450,1,2
2003,451,1,2
2003,452,1,2
2003,453,1,2
2003,454,1,2
2003,455,1,2
2003,456,1,2
2003,457,1,2
2003,458,1,2
2003,459,1,3
2003,460,1,3
2003,461,1,3
2003,462,1,3
2003,463,1,3
2003,464,1,3
2003,465,1,3
2003,466,1,3
2003,467,1,3
2003,468,1,3
2003,469,1,3
2003,470,1,3
2003,471,1,3
2003,472,1,3
2003,473,1,3
2003,474,1,3
2003,475,1,3
2003,476,1,3
2003,477,1,3
2003,478,1,3
2003,479,1,3
2003,480,1,3
2003,481,1,3
2003,482,1,3
2003,483,1,3
2003,484,1,3
2003,485,1,3
2003,486,1,3
2003,487,1,3
2003,488,1,3
2003,489,1,3
2003,490,1,3
2003,491,1,3
2003,492,1,3
2003,493,1,3
2003,494,1,3
2003,495,1,3
2003,496,1,3
2003,497,1,3
2003,498,1,3
2003,499,1,3
2003,500,1,3
2003,501,1,3
2003,502,1,3
2003,503,1,3
2003,504,1,3
2003,505,1,3
2003,506,1,3
2003,507,1,3
2003,508,1,3
2003,509,1,3
2003,510,1,3
2003,511,1,3
2003,512,1,2
2003,513,1,2
2003,514,1,2
2003,515,1,2
2003,516,1,2
2003,517,1,2
2003,518,1,2
2003,519,1,2
2003,520,1,2
2003,521,1,2
2003,522,1,2
2003,523,1,2
2003,524,1,2
2003,525,1,2
2003,526,1,2
2003,527,1,2
2003,528,1,2
2003,529,1,2
2003,530,1,2
2003,531,1,2
2003,532,1,2
2003,533,1,2
2003,534,1,2
2003,535,1,2
2003,536,1,2
2003,537,1,2
2003,538,1,2
2003,539,1,2
2003,540,1,2
2003,541,1,2
2003,542,1,2
2003,543,1,2
2003,544,1,2
2003,545,1,2
2003,546,1,2
2003,547,1,2
2003,548,1,2
2003,549,1,2
2003,550,1,2
2003,551,1,2
2003,552,1,2
2003,553,1,2
2003,554,1,2
2003,555,1,2
2003,556,1,2
2003,557,1,2
2003,558,1,2
2003,559,1,2
2003,560,1,2
2003,561,1,2
2003,562,1,2
2003,563,1,2
2003,564,1,2
2003,565,1,2
2003,566,1,2
2003,567,1,2
2003,568,1,3
2003,569,1,3
2003,570,1,3
2003,571,1,3
2003,572,1,3
2003,573,1,3
2003,574,1,3
2003,575,1,3
2003,576,1,3
2003,577,1,3
2003,578,1,3
2003,579,1,3
2003,580,1,3
2003,581,1,3
2003,582,1,3
2003,583,1,3
2003,584,1,3
2003,585,1,3
2003,586,1,3
2003,587,1,3
2003,588,1,3
2003,589,1,3
2003,590,1,3
2003,591,1,3
2003,592,1,3
2003,593,1,3
2003,594,1,3
2003,595,1,3
2003,596,1,3
2003,597,1,3
2003,598,1,3
2003,599,1,3
2003,600,1,3
2003,601,1,3
2003,602,1,3
2003,603,1,3
2003,604,1,3
2003,605,1,3
2003,606,1,3
2003,607,1,3
2003,608,1,3
2003,609,1,3
2003,610,1,3
2003,611,1,3
2003,612,1,3
2003,613,1,3
2003,614,1,3
2003,615,1,3
2003,616,1,3
2003,617,1,3
2003,618,1,3
2003,619,1,3
2003,620,1,2
2003,621,1,2
2003,622,1,2
2003,623,1,2
2003,624,1,2
2003,625,1,2
2003,626,1,2
2003,627,1,2
2003,628,1,2
2003,629,1,2
2003,630,1,2
2003,631,1,2
2003,632,1,2
2003,633,1,2
2003,634,1,2
2003,635,1,2
2003,636,1,2
2003,637,1,2
2003,638,1,2
2003,639,1,2
2003,641,1,2
2003,642,1,2
2004,123,1,3
2004,124,1,3
2004,125,1,3
2004,126,1,3
2004,127,1,3
2004,128,1,3
2004,129,1,3
2004,130,1,3
2004,131,1,3
2004,132,1,3
2004,133,1,3
2004,134,1,3
2004,135,1,3
2004,136,1,3
2004,137,1,3
2004,138,1,3
2004,139,1,3
2004,140,1,3
2004,141,1,3
2004,142,1,3
2004,143,1,3
2004,144,1,3
2004,145,1,3
2004,146,1,3
2004,147,1,3
2004,148,1,3
2004,149,1,3
2004,150,1,3
2004,151,1,3
2004,152,1,3
2004,153,1,3
2004,154,1,3
2004,155,1,3
2004,156,1,3
2004,157,1,3
2004,158,1,3
2004,159,1,3
2004,160,1,3
2004,161,1,3
2004,162,1,3
2004,163,1,3
2004,164,1,3
2004,165,1,3
2004,166,1,3
2004,167,1,3
2004,168,1,3
2004,169,1,3
2004,170,1,3
2004,171,1,3
2004,172,1,3
2004,173,1,3
2004,174,1,3
2004,175,1,3
2004,176,1,3
2004,177,1,2
2004,178,1,2
2004,179,1,2
2004,180,1,2
2004,181,1,2
2004,182,1,2
2004,183,1,2
2004,184,1,2
2004,185,1,2
2004,186,1,2
2004,187,1,2
2004,188,1,2
2004,189,1,2
2004,190,1,2
2004,191,1,2
2004,192,1,2
2004,193,1,2
2004,194,1,2
2004,195,1,2
2004,196,1,2
2004,197,1,2
2004,198,1,2
2004,199,1,2
2004,200,1,2
2004,201,1,2
2004,202,1,2
2004,203,1,2
2004,204,1,2
2004,205,1,2
2004,206,1,2
2004,207,1,2
2004,208,1,2
2004,209,1,2
2004,210,1,2
2004,211,1,2
2004,212,1,2
2004,213,1,2
2004,214,1,2
2004,215,1,2
2004,216,1,2
2004,217,1,2
2004,218,1,2
2004,219,1,2
2004,220,1,2
2004,221,1,2
2004,222,1,2
2004,223,1,2
2004,224,1,2
2004,225,1,2
2004,226,1,2
2004,227,1,2
2004,228,1,2
2004,229,1,2
2004,230,1,2
2004,231,1,2
2004,232,1,2
2004,233,1,2
2004,234,1,2
2004,235,1,2
2004,236,1,2
2004,237,1,2
2004,238,1,2
2004,239,1,2
2004,240,1,2
2004,241,1,2
2004,242,1,2
2004,243,1,2
2004,244,1,2
2004,245,1,2
2004,246,1,2
2004,247,1,2
2004,248,1,2
2004,249,1,2
2004,250,1,2
2004,251,1,2
2004,252,1,2
2004,253,1,2
2004,254,1,2
2004,255,1,2
2004,256,1,2
2004,257,1,2
2004,258,1,2
2004,259,1,2
2004,260,1,2
2004,261,1,2
2004,262,1,2
2004,263,1,2
2004,264,1,2
2004,265,1,2
2004,266,1,2
2004,267,1,2
2004,268,1,2
2004,269,1,2
2004,270,1,2
2004,271,1,2
2004,272,1,2
2004,273,1,2
2004,274,1,2
2004,275,1,2
2004,276,1,2
2004,277,1,2
2004,278,1,2
2004,279,1,2
2004,280,1,2
2004,281,1,2
2004,282,1,2
2004,283,1,2
2004,284,1,2
2004,285,1,2
2004,286,1,2
2004,287,1,2
2004,288,1,2
2004,289,1,2
2004,290,1,2
2004,291,1,2
2004,292,1,2
2004,293,1,2
2004,294,1,2
2004,295,1,2
2004,296,1,2
2004,297,1,2
2004,298,1,2
2004,299,1,2
2004,300,1,2
2004,301,1,2
2004,302,1,2
2004,303,1,2
2004,304,1,2
2004,305,1,2
2004,306,1,2
2004,307,1,2
2004,308,1,2
2004,309,1,2
2004,310,1,2
2004,311,1,2
2004,312,1,2
2004,313,1,2
2004,314,1,2
2004,315,1,2
2004,316,1,2
2004,317,1,2
2004,318,1,2
2004,319,1,2
2004,320,1,2
2004,321,1,2
2004,322,1,2
2004,323,1,2
2004,324,1,2
2004,325,1,2
2004,326,1,2
2004,327,1,2
2004,328,1,2
2004,329,1,2
2004,330,1,2
2004,331,1,2
2004,332,1,2
2004,333,1,2
2004,334,1,2
2004,335,1,2
2004,336,1,2
2004,337,1,2
2004,338,1,2
2004,339,1,2
2004,340,1,2
2004,341,1,2
2004,342,1,2
2004,343,1,2
2004,344,1,2
2004,345,1,2
2004,346,1,2
2004,347,1,2
2004,348,1,2
2004,349,1,2
2004,350,1,2
2004,351,1,2
2004,352,1,2
2004,353,1,2
2004,354,1,2
2004,355,1,2
2004,356,1,2
2004,357,1,2
2004,358,1,2
2004,359,1,2
2004,360,1,2
2004,361,1,2
2004,362,1,2
2004,363,1,2
2004,364,1,2
2004,365,1,2
2004,366,1,2
2004,367,1,2
2004,368,1,2
2004,369,1,2
2004,370,1,2
2004,371,1,2
2004,372,1,2
2004,373,1,2
2004,374,1,2
2004,375,1,2
2004,376,1,2
2004,377,1,2
2004,378,1,2
2004,379,1,2
2004,380,1,2
2004,381,1,2
2004,382,1,2
2004,383,1,2
2004,384,1,2
2004,385,1,2
2004,386,1,2
2004,387,1,2
2004,388,1,2
2004,389,1,2
2004,390,1,2
2004,391,1,2
2004,392,1,2
2004,393,1,2
2004,394,1,2
2004,395,1,2
2004,396,1,2
2004,397,1,2
2004,398,1,2
2004,399,1,2
2004,400,1,2
2004,401,1,2
2004,402,1,2
2004,403,1,2
2004,404,1,2
2004,405,1,2
2004,406,1,2
2004,407,1,2
2004,408,1,2
2004,409,1,2
2004,410,1,2
2004,411,1,2
2004,412,1,2
2004,413,1,2
2004,414,1,2
2004,415,1,2
2004,416,1,2
2004,417,1,2
2004,418,1,2
2004,419,1,2
2004,420,1,2
2004,421,1,2
2004,422,1,2
2004,423,1,2
2004,424,1,2
2004,425,1,2
2004,426,1,2
2004,427,1,2
2004,428,1,2
2004,429,1,2
2004,430,1,2
2004,431,1,2
2004,432,1,2
2004,433,1,2
2004,434,1,2
2004,435,1,2
2004,436,1,2
2004,437,1,2
2004,438,1,2
2004,439,1,2
2004,440,1,2
2004,441,1,2
2004,442,1,2
2004,443,1,2
2004,444,1,2
2004,445,1,2
2004,446,1,2
2004,447,1,2
2004,448,1,2
2004,449,1,2
2004,450,1,2
2004,451,1,2
2004,452,1,2
2004,453,1,2
2004,454,1,2
2004,455,1,2
2004,456,1,2
2004,457,1,2
2004,458,1,2
2004,459,1,3
2004,460,1,3
2004,461,1,3
2004,462,1,3
2004,463,1,3
2004,464,1,3
2004,465,1,3
2004,466,1,3
2004,467,1,3
2004,468,1,3
2004,469,1,3
2004,470,1,3
2004,471,1,3
2004,472,1,3
2004,473,1,3
2004,474,1,3
2004,475,1,3
2004,476,1,3
2004,477,1,3
2004,478,1,3
2004,479,1,3
2004,480,1,3
2004,481,1,3
2004,482,1,3
2004,483,1,3
2004,484,1,3
2004,485,1,3
2004,486,1,3
2004,487,1,3
2004,488,1,3
2004,489,1,3
2004,490,1,3
2004,491,1,3
2004,492,1,3
2004,493,1,3
2004,494,1,3
2004,495,1,3
2004,496,1,3
2004,497,1,3
2004,498,1,3
2004,499,1,3
2004,500,1,3
2004,501,1,3
2004,502,1,3
2004,503,1,3
2004,504,1,3
2004,505,1,3
2004,506,1,3
2004,507,1,3
2004,508,1,3
2004,509,1,3
2004,510,1,3
2004,511,1,3
2004,512,1,2
2004,513,1,2
2004,514,1,2
2004,515,1,2
2004,516,1,2
2004,517,1,2
2004,518,1,2
2004,519,1,2
2004,520,1,2
2004,521,1,2
2004,522,1,2
2004,523,1,2
2004,524,1,2
2004,525,1,2
2004,526,1,2
2004,527,1,2
2004,528,1,2
2004,529,1,2
2004,530,1,2
2004,531,1,2
2004,532,1,2
2004,533,1,2
2004,534,1,2
2004,535,1,2
2004,536,1,2
2004,537,1,2
2004,538,1,2
2004,539,1,2
2004,540,1,2
2004,541,1,2
2004,542,1,2
2004,543,1,2
2004,544,1,2
2004,545,1,2
2004,546,1,2
2004,547,1,2
2004,548,1,2
2004,549,1,2
2004,550,1,2
2004,551,1,2
2004,552,1,2
2004,553,1,2
2004,554,1,2
2004,555,1,2
2004,556,1,2
2004,557,1,2
2004,558,1,2
2004,559,1,2
2004,560,1,2
2004,561,1,2
2004,562,1,2
2004,563,1,2
2004,564,1,2
2004,565,1,2
2004,566,1,2
2004,567,1,2
2004,568,1,2
2004,569,1,3
2004,570,1,3
2004,571,1,3
2004,572,1,3
2004,573,1,3
2004,574,1,3
2004,575,1,3
2004,576,1,3
2004,577,1,3
2004,578,1,3
2004,579,1,3
2004,580,1,3
2004,581,1,3
2004,582,1,3
2004,583,1,3
2004,584,1,3
2004,585,1,3
2004,586,1,3
2004,587,1,3
2004,588,1,3
2004,589,1,3
2004,590,1,3
2004,591,1,3
2004,592,1,3
2004,593,1,3
2004,594,1,3
2004,595,1,3
2004,596,1,3
2004,597,1,3
2004,598,1,3
2004,599,1,3
2004,600,1,3
2004,601,1,3
2004,602,1,3
2004,603,1,3
2004,604,1,3
2004,605,1,3
2004,606,1,3
2004,607,1,3
2004,608,1,3
2004,609,1,3
2004,610,1,3
2004,611,1,3
2004,612,1,3
2004,613,1,3
2004,614,1,3
2004,615,1,3
2004,616,1,3
2004,617,1,3
2004,618,1,3
2004,619,1,3
2004,620,1,2
2004,621,1,2
2004,622,1,2
2004,623,1,2
2004,624,1,2
2004,625,1,2
2004,626,1,2
2004,627,1,2
2004,628,1,2
2004,629,1,2
2004,630,1,2
2004,631,1,2
2004,632,1,2
2004,633,1,2
2004,634,1,2
2004,635,1,2
2004,636,1,2
2004,637,1,2
2004,638,1,2
2004,639,1,2
2004,641,1,2
2004,642,1,2
2005,123,1,3
2005,124,1,3
2005,125,1,3
2005,126,1,3
2005,127,1,3
2005,128,1,3
2005,129,1,3
2005,130,1,3
2005,131,1,3
2005,132,1,3
2005,133,1,3
2005,134,1,3
2005,135,1,3
2005,136,1,3
2005,137,1,3
2005,138,1,3
2005,139,1,3
2005,140,1,3
2005,141,1,3
2005,142,1,3
2005,143,1,3
2005,144,1,3
2005,145,1,3
2005,146,1,3
2005,147,1,3
2005,148,1,3
2005,149,1,3
2005,150,1,3
2005,151,1,3
2005,152,1,3
2005,153,1,3
2005,154,1,3
2005,155,1,3
2005,156,1,3
2005,157,1,3
2005,158,1,3
2005,159,1,3
2005,160,1,3
2005,161,1,3
2005,162,1,3
2005,163,1,3
2005,164,1,3
2005,165,1,3
2005,166,1,3
2005,167,1,3
2005,168,1,3
2005,169,1,3
2005,170,1,3
2005,171,1,3
2005,172,1,3
2005,173,1,3
2005,174,1,3
2005,175,1,3
2005,176,1,2
2005,177,1,2
2005,178,1,2
2005,179,1,2
2005,180,1,2
2005,181,1,2
2005,182,1,2
2005,183,1,2
2005,184,1,2
2005,185,1,2
2005,186,1,2
2005,187,1,2
2005,188,1,2
2005,189,1,2
2005,190,1,2
2005,191,1,2
2005,192,1,2
2005,193,1,2
2005,194,1,2
2005,195,1,2
2005,196,1,2
2005,197,1,2
2005,198,1,2
2005,199,1,2
2005,200,1,2
2005,201,1,2
2005,202,1,2
2005,203,1,2
2005,204,1,2
2005,205,1,2
2005,206,1,2
2005,207,1,2
2005,208,1,2
2005,209,1,2
2005,210,1,2
2005,211,1,2
2005,212,1,2
2005,213,1,2
2005,214,1,2
2005,215,1,2
2005,216,1,2
2005,217,1,2
2005,218,1,2
2005,219,1,2
2005,220,1,2
2005,221,1,2
2005,222,1,2
2005,223,1,2
2005,224,1,2
2005,225,1,2
2005,226,1,2
2005,227,1,2
2005,228,1,2
2005,229,1,2
2005,230,1,2
2005,231,1,2
2005,232,1,2
2005,233,1,2
2005,234,1,2
2005,235,1,2
2005,236,1,2
2005,237,1,2
2005,238,1,2
2005,239,1,2
2005,240,1,2
2005,241,1,2
2005,242,1,2
2005,243,1,2
2005,244,1,2
2005,245,1,2
2005,246,1,2
2005,247,1,2
2005,248,1,2
2005,249,1,2
2005,250,1,2
2005,251,1,2
2005,252,1,2
2005,253,1,2
2005,254,1,2
2005,255,1,2
2005,256,1,2
2005,257,1,2
2005,258,1,2
2005,259,1,2
2005,260,1,2
2005,261,1,2
2005,262,1,2
2005,263,1,2
2005,264,1,2
2005,265,1,2
2005,266,1,2
2005,267,1,2
2005,268,1,2
2005,269,1,2
2005,270,1,2
2005,271,1,2
2005,272,1,2
2005,273,1,2
2005,274,1,2
2005,275,1,2
2005,276,1,2
2005,277,1,2
2005,278,1,2
2005,279,1,2
2005,280,1,2
2005,281,1,2
2005,282,1,2
2005,283,1,2
2005,284,1,2
2005,285,1,2
2005,286,1,2
2005,287,1,2
2005,288,1,2
2005,289,1,2
2005,290,1,2
2005,291,1,2
2005,292,1,2
2005,293,1,2
2005,294,1,2
2005,295,1,2
2005,296,1,2
2005,297,1,2
2005,298,1,2
2005,299,1,2
2005,300,1,2
2005,301,1,2
2005,302,1,2
2005,303,1,2
2005,304,1,2
2005,305,1,2
2005,306,1,2
2005,307,1,2
2005,308,1,2
2005,309,1,2
2005,310,1,2
2005,311,1,2
2005,312,1,2
2005,313,1,2
2005,314,1,2
2005,315,1,2
2005,316,1,2
2005,317,1,2
2005,318,1,2
2005,319,1,2
2005,320,1,2
2005,321,1,2
2005,322,1,2
2005,323,1,2
2005,324,1,2
2005,325,1,2
2005,326,1,2
2005,327,1,2
2005,328,1,2
2005,329,1,2
2005,330,1,2
2005,331,1,2
2005,332,1,2
2005,333,1,2
2005,334,1,2
2005,335,1,2
2005,336,1,2
2005,337,1,2
2005,338,1,2
2005,339,1,2
2005,340,1,2
2005,341,1,2
2005,342,1,2
2005,343,1,2
2005,344,1,2
2005,345,1,2
2005,346,1,2
2005,347,1,2
2005,348,1,2
2005,349,1,2
2005,350,1,2
2005,351,1,2
2005,352,1,2
2005,353,1,2
2005,354,1,2
2005,355,1,2
2005,356,1,2
2005,357,1,2
2005,358,1,2
2005,359,1,2
2005,360,1,2
2005,361,1,2
2005,362,1,2
2005,363,1,2
2005,364,1,2
2005,365,1,2
2005,366,1,2
2005,367,1,2
2005,368,1,2
2005,369,1,2
2005,370,1,2
2005,371,1,2
2005,372,1,2
2005,373,1,2
2005,374,1,2
2005,375,1,2
2005,376,1,2
2005,377,1,2
2005,378,1,2
2005,379,1,2
2005,380,1,2
2005,381,1,2
2005,382,1,2
2005,383,1,2
2005,384,1,2
2005,385,1,2
2005,386,1,2
2005,387,1,2
2005,388,1,2
2005,389,1,2
2005,390,1,2
2005,391,1,2
2005,392,1,2
2005,393,1,2
2005,394,1,2
2005,395,1,2
2005,396,1,2
2005,397,1,2
2005,398,1,2
2005,399,1,2
2005,400,1,2
2005,401,1,2
2005,402,1,2
2005,403,1,2
2005,404,1,2
2005,405,1,2
2005,406,1,2
2005,407,1,2
2005,408,1,2
2005,409,1,2
2005,410,1,2
2005,411,1,2
2005,412,1,2
2005,413,1,2
2005,414,1,2
2005,415,1,2
2005,416,1,2
2005,417,1,2
2005,418,1,2
2005,419,1,2
2005,420,1,2
2005,421,1,2
2005,422,1,2
2005,423,1,2
2005,424,1,2
2005,425,1,2
2005,426,1,2
2005,427,1,2
2005,428,1,2
2005,429,1,2
2005,430,1,2
2005,431,1,2
2005,432,1,2
2005,433,1,2
2005,434,1,2
2005,435,1,2
2005,436,1,2
2005,437,1,2
2005,438,1,2
2005,439,1,2
2005,440,1,2
2005,441,1,2
2005,442,1,2
2005,443,1,2
2005,444,1,2
2005,445,1,2
2005,446,1,2
2005,447,1,2
2005,448,1,2
2005,449,1,2
2005,450,1,2
2005,451,1,2
2005,452,1,2
2005,453,1,2
2005,454,1,2
2005,455,1,2
2005,456,1,2
2005,457,1,2
2005,458,1,2
2005,459,1,2
2005,460,1,3
2005,461,1,3
2005,462,1,3
2005,463,1,3
2005,464,1,3
2005,465,1,3
2005,466,1,3
2005,467,1,3
2005,468,1,3
2005,469,1,3
2005,470,1,3
2005,471,1,3
2005,472,1,3
2005,473,1,3
2005,474,1,3
2005,475,1,3
2005,476,1,3
2005,477,1,3
2005,478,1,3
2005,479,1,3
2005,480,1,3
2005,481,1,3
2005,482,1,3
2005,483,1,3
2005,484,1,3
2005,485,1,3
2005,486,1,3
2005,487,1,3
2005,488,1,3
2005,489,1,3
2005,490,1,3
2005,491,1,3
2005,492,1,3
2005,493,1,3
2005,494,1,3
2005,495,1,3
2005,496,1,3
2005,497,1,3
2005,498,1,3
2005,499,1,3
2005,500,1,3
2005,501,1,3
2005,502,1,3
2005,503,1,3
2005,504,1,3
2005,505,1,3
2005,506,1,3
2005,507,1,3
2005,508,1,3
2005,509,1,3
2005,510,1,3
2005,511,1,2
2005,512,1,2
2005,513,1,2
2005,514,1,2
2005,515,1,2
2005,516,1,2
2005,517,1,2
2005,518,1,2
2005,519,1,2
2005,520,1,2
2005,521,1,2
2005,522,1,2
2005,523,1,2
2005,524,1,2
2005,525,1,2
2005,526,1,2
2005,527,1,2
2005,528,1,2
2005,529,1,2
2005,530,1,2
2005,531,1,2
2005,532,1,2
2005,533,1,2
2005,534,1,2
2005,535,1,2
2005,536,1,2
2005,537,1,2
2005,538,1,2
2005,539,1,2
2005,540,1,2
2005,541,1,2
2005,542,1,2
2005,543,1,2
2005,544,1,2
2005,545,1,2
2005,546,1,2
2005,547,1,2
2005,548,1,2
2005,549,1,2
2005,550,1,2
2005,551,1,2
2005,552,1,2
2005,553,1,2
2005,554,1,2
2005,555,1,2
2005,556,1,2
2005,557,1,2
2005,558,1,2
2005,559,1,2
2005,560,1,2
2005,561,1,2
2005,562,1,2
2005,563,1,2
2005,564,1,2
2005,565,1,2
2005,566,1,2
2005,567,1,2
2005,568,1,2
2005,569,1,3
2005,570,1,3
2005,571,1,3
2005,572,1,3
2005,573,1,3
2005,574,1,3
2005,575,1,3
2005,576,1,3
2005,577,1,3
2005,578,1,3
2005,579,1,3
2005,580,1,3
2005,581,1,3
2005,582,1,3
2005,583,1,3
2005,584,1,3
2005,585,1,3
2005,586,1,3
2005,587,1,3
2005,588,1,3
2005,589,1,3
2005,590,1,3
2005,591,1,3
2005,592,1,3
2005,593,1,3
2005,594,1,3
2005,595,1,3
2005,596,1,3
2005,597,1,3
2005,598,1,3
2005,599,1,3
2005,600,1,3
2005,601,1,3
2005,602,1,3
2005,603,1,3
2005,604,1,3
2005,605,1,3
2005,606,1,3
2005,607,1,3
2005,608,1,3
2005,609,1,3
2005,610,1,3
2005,611,1,3
2005,612,1,3
2005,613,1,3
2005,614,1,3
2005,615,1,3
2005,616,1,3
2005,617,1,3
2005,618,1,3
2005,619,1,3
2005,620,1,2
2005,621,1,2
2005,622,1,2
2005,623,1,2
2005,624,1,2
2005,625,1,2
2005,626,1,2
2005,627,1,2
2005,628,1,2
2005,629,1,2
2005,630,1,2
2005,631,1,2
2005,632,1,2
2005,633,1,2
2005,634,1,2
2005,635,1,2
2005,636,1,2
2005,637,1,2
2005,638,1,2
2005,639,1,2
2005,641,1,2
2005,642,1,2
2005,643,1,2
2006,123,1,3
2006,124,1,3
2006,125,1,3
2006,126,1,3
2006,127,1,3
2006,128,1,3
2006,129,1,3
2006,130,1,3
2006,131,1,3
2006,132,1,3
2006,133,1,3
2006,134,1,3
2006,135,1,3
2006,136,1,3
2006,137,1,3
2006,138,1,3
2006,139,1,3
2006,140,1,3
2006,141,1,3
2006,142,1,3
2006,143,1,3
2006,144,1,3
2006,145,1,3
2006,146,1,3
2006,147,1,3
2006,148,1,3
2006,149,1,3
2006,150,1,3
2006,151,1,3
2006,152,1,3
2006,153,1,3
2006,154,1,3
2006,155,1,3
2006,156,1,3
2006,157,1,3
2006,158,1,3
2006,159,1,3
2006,160,1,3
2006,161,1,3
2006,162,1,3
2006,163,1,3
2006,164,1,3
2006,165,1,3
2006,166,1,3
2006,167,1,3
2006,168,1,3
2006,169,1,3
2006,170,1,3
2006,171,1,3
2006,172,1,3
2006,173,1,3
2006,174,1,3
2006,175,1,3
2006,176,1,2
2006,177,1,2
2006,178,1,2
2006,179,1,2
2006,180,1,2
2006,181,1,2
2006,182,1,2
2006,183,1,2
2006,184,1,2
2006,185,1,2
2006,186,1,2
2006,187,1,2
2006,188,1,2
2006,189,1,2
2006,190,1,2
2006,191,1,2
2006,192,1,2
2006,193,1,2
2006,194,1,2
2006,195,1,2
2006,196,1,2
2006,197,1,2
2006,198,1,2
2006,199,1,2
2006,200,1,2
2006,201,1,2
2006,202,1,2
2006,203,1,2
2006,204,1,2
2006,205,1,2
2006,206,1,2
2006,207,1,2
2006,208,1,2
2006,209,1,2
2006,210,1,2
2006,211,1,2
2006,212,1,2
2006,213,1,2
2006,214,1,2
2006,215,1,2
2006,216,1,2
2006,217,1,2
2006,218,1,2
2006,219,1,2
2006,220,1,2
2006,221,1,2
2006,222,1,2
2006,223,1,2
2006,224,1,2
2006,225,1,2
2006,226,1,2
2006,227,1,2
2006,228,1,2
2006,229,1,2
2006,230,1,2
2006,231,1,2
2006,232,1,2
2006,233,1,2
2006,234,1,2
2006,235,1,2
2006,236,1,2
2006,237,1,2
2006,238,1,2
2006,239,1,2
2006,240,1,2
2006,241,1,2
2006,242,1,2
2006,243,1,2
2006,244,1,2
2006,245,1,2
2006,246,1,2
2006,247,1,2
2006,248,1,2
2006,249,1,2
2006,250,1,2
2006,251,1,2
2006,252,1,2
2006,253,1,2
2006,254,1,2
2006,255,1,2
2006,256,1,2
2006,257,1,2
2006,258,1,2
2006,259,1,2
2006,260,1,2
2006,261,1,2
2006,262,1,2
2006,263,1,2
2006,264,1,2
2006,265,1,2
2006,266,1,2
2006,267,1,2
2006,268,1,2
2006,269,1,2
2006,270,1,2
2006,271,1,2
2006,272,1,2
2006,273,1,2
2006,274,1,2
2006,275,1,2
2006,276,1,2
2006,277,1,2
2006,278,1,2
2006,279,1,2
2006,280,1,2
2006,281,1,2
2006,282,1,2
2006,283,1,2
2006,284,1,2
2006,285,1,2
2006,286,1,2
2006,287,1,2
2006,288,1,2
2006,289,1,2
2006,290,1,2
2006,291,1,2
2006,292,1,2
2006,293,1,2
2006,294,1,2
2006,295,1,2
2006,296,1,2
2006,297,1,2
2006,298,1,2
2006,299,1,2
2006,300,1,2
2006,301,1,2
2006,302,1,2
2006,303,1,2
2006,304,1,2
2006,305,1,2
2006,306,1,2
2006,307,1,2
2006,308,1,2
2006,309,1,2
2006,310,1,2
2006,311,1,2
2006,312,1,2
2006,313,1,2
2006,314,1,2
2006,315,1,2
2006,316,1,2
2006,317,1,2
2006,318,1,2
2006,319,1,2
2006,320,1,2
2006,321,1,2
2006,322,1,2
2006,323,1,2
2006,324,1,2
2006,325,1,2
2006,326,1,2
2006,327,1,2
2006,328,1,2
2006,329,1,2
2006,330,1,2
2006,331,1,2
2006,332,1,2
2006,333,1,2
2006,334,1,2
2006,335,1,2
2006,336,1,2
2006,337,1,2
2006,338,1,2
2006,339,1,2
2006,340,1,2
2006,341,1,2
2006,342,1,2
2006,343,1,2
2006,344,1,2
2006,345,1,2
2006,346,1,2
2006,347,1,2
2006,348,1,2
2006,349,1,2
2006,350,1,2
2006,351,1,2
2006,352,1,2
2006,353,1,2
2006,354,1,2
2006,355,1,2
2006,356,1,2
2006,357,1,2
2006,358,1,2
2006,359,1,2
2006,360,1,2
2006,361,1,2
2006,362,1,2
2006,363,1,2
2006,364,1,2
2006,365,1,2
2006,366,1,2
2006,367,1,2
2006,368,1,2
2006,369,1,2
2006,370,1,2
2006,371,1,2
2006,372,1,2
2006,373,1,2
2006,374,1,2
2006,375,1,2
2006,376,1,2
2006,377,1,2
2006,378,1,2
2006,379,1,2
2006,380,1,2
2006,381,1,2
2006,382,1,2
2006,383,1,2
2006,384,1,2
2006,385,1,2
2006,386,1,2
2006,387,1,2
2006,388,1,2
2006,389,1,2
2006,390,1,2
2006,391,1,2
2006,392,1,2
2006,393,1,2
2006,394,1,2
2006,395,1,2
2006,396,1,2
2006,397,1,2
2006,398,1,2
2006,399,1,2
2006,400,1,2
2006,401,1,2
2006,402,1,2
2006,403,1,2
2006,404,1,2
2006,405,1,2
2006,406,1,2
2006,407,1,2
2006,408,1,2
2006,409,1,2
2006,410,1,2
2006,411,1,2
2006,412,1,2
2006,413,1,2
2006,414,1,2
2006,415,1,2
2006,416,1,2
2006,417,1,2
2006,418,1,2
2006,419,1,2
2006,420,1,2
2006,421,1,2
2006,422,1,2
2006,423,1,2
2006,424,1,2
2006,425,1,2
2006,426,1,2
2006,427,1,2
2006,428,1,2
2006,429,1,2
2006,430,1,2
2006,431,1,2
2006,432,1,2
2006,433,1,2
2006,434,1,2
2006,435,1,2
2006,436,1,2
2006,437,1,2
2006,438,1,2
2006,439,1,2
2006,440,1,2
2006,441,1,2
2006,442,1,2
2006,443,1,2
2006,444,1,2
2006,445,1,2
2006,446,1,2
2006,447,1,2
2006,448,1,2
2006,449,1,2
2006,450,1,2
2006,451,1,2
2006,452,1,2
2006,453,1,2
2006,454,1,2
2006,455,1,2
2006,456,1,2
2006,457,1,2
2006,458,1,2
2006,459,1,2
2006,460,1,3
2006,461,1,3
2006,462,1,3
2006,463,1,3
2006,464,1,3
2006,465,1,3
2006,466,1,3
2006,467,1,3
2006,468,1,3
2006,469,1,3
2006,470,1,3
2006,471,1,3
2006,472,1,3
2006,473,1,3
2006,474,1,3
2006,475,1,3
2006,476,1,3
2006,477,1,3
2006,478,1,3
2006,479,1,3
2006,480,1,3
2006,481,1,3
2006,482,1,3
2006,483,1,3
2006,484,1,3
2006,485,1,3
2006,486,1,3
2006,487,1,3
2006,488,1,3
2006,489,1,3
2006,490,1,3
2006,491,1,3
2006,492,1,3
2006,493,1,3
2006,494,1,3
2006,495,1,3
2006,496,1,3
2006,497,1,3
2006,498,1,3
2006,499,1,3
2006,500,1,3
2006,501,1,3
2006,502,1,3
2006,503,1,3
2006,504,1,3
2006,505,1,3
2006,506,1,3
2006,507,1,3
2006,508,1,3
2006,509,1,3
2006,510,1,2
2006,511,1,2
2006,512,1,2
2006,513,1,2
2006,514,1,2
2006,515,1,2
2006,516,1,2
2006,517,1,2
2006,518,1,2
2006,519,1,2
2006,520,1,2
2006,521,1,2
2006,522,1,2
2006,523,1,2
2006,524,1,2
2006,525,1,2
2006,526,1,2
2006,527,1,2
2006,528,1,2
2006,529,1,2
2006,530,1,2
2006,531,1,2
2006,532,1,2
2006,533,1,2
2006,534,1,2
2006,535,1,2
2006,536,1,2
2006,537,1,2
2006,538,1,2
2006,539,1,2
2006,540,1,2
2006,541,1,2
2006,542,1,2
2006,543,1,2
2006,544,1,2
2006,545,1,2
2006,546,1,2
2006,547,1,2
2006,548,1,2
2006,549,1,2
2006,550,1,2
2006,551,1,2
2006,552,1,2
2006,553,1,2
2006,554,1,2
2006,555,1,2
2006,556,1,2
2006,557,1,2
2006,558,1,2
2006,559,1,2
2006,560,1,2
2006,561,1,2
2006,562,1,2
2006,563,1,2
2006,564,1,2
2006,565,1,2
2006,566,1,2
2006,567,1,2
2006,568,1,2
2006,569,1,2
2006,570,1,3
2006,571,1,3
2006,572,1,3
2006,573,1,3
2006,574,1,3
2006,575,1,3
2006,576,1,3
2006,577,1,3
2006,578,1,3
2006,579,1,3
2006,580,1,3
2006,581,1,3
2006,582,1,3
2006,583,1,3
2006,584,1,3
2006,585,1,3
2006,586,1,3
2006,587,1,3
2006,588,1,3
2006,589,1,3
2006,590,1,3
2006,591,1,3
2006,592,1,3
2006,593,1,3
2006,594,1,3
2006,595,1,3
2006,596,1,3
2006,597,1,3
2006,598,1,3
2006,599,1,3
2006,600,1,3
2006,601,1,3
2006,602,1,3
2006,603,1,3
2006,604,1,3
2006,605,1,3
2006,606,1,3
2006,607,1,3
2006,608,1,3
2006,609,1,3
2006,610,1,3
2006,611,1,3
2006,612,1,3
2006,613,1,3
2006,614,1,3
2006,615,1,3
2006,616,1,3
2006,617,1,3
2006,618,1,3
2006,619,1,3
2006,620,1,2
2006,621,1,2
2006,622,1,2
2006,623,1,2
2006,624,1,2
2006,625,1,2
2006,626,1,2
2006,627,1,2
2006,628,1,2
2006,629,1,2
2006,630,1,2
2006,631,1,2
2006,632,1,2
2006,633,1,2
2006,634,1,2
2006,635,1,2
2006,636,1,2
2006,637,1,2
2006,638,1,2
2006,639,1,2
2006,641,1,2
2006,642,1,2
2006,643,1,2
2007,123,1,3
2007,124,1,3
2007,125,1,3
2007,126,1,3
2007,127,1,3
2007,128,1,3
2007,129,1,3
2007,130,1,3
2007,131,1,3
2007,132,1,3
2007,133,1,3
2007,134,1,3
2007,135,1,3
2007,136,1,3
2007,137,1,3
2007,138,1,3
2007,139,1,3
2007,140,1,3
2007,141,1,3
2007,142,1,3
2007,143,1,3
2007,144,1,3
2007,145,1,3
2007,146,1,3
2007,147,1,3
2007,148,1,3
2007,149,1,3
2007,150,1,3
2007,151,1,3
2007,152,1,3
2007,153,1,3
2007,154,1,3
2007,155,1,3
2007,156,1,3
2007,157,1,3
2007,158,1,3
2007,159,1,3
2007,160,1,3
2007,161,1,3
2007,162,1,3
2007,163,1,3
2007,164,1,3
2007,165,1,3
2007,166,1,3
2007,167,1,3
2007,168,1,3
2007,169,1,3
2007,170,1,3
2007,171,1,3
2007,172,1,3
2007,173,1,3
2007,174,1,3
2007,175,1,3
2007,176,1,2
2007,177,1,2
2007,178,1,2
2007,179,1,2
2007,180,1,2
2007,181,1,2
2007,182,1,2
2007,183,1,2
2007,184,1,2
2007,185,1,2
2007,186,1,2
2007,187,1,2
2007,188,1,2
2007,189,1,2
2007,190,1,2
2007,191,1,2
2007,192,1,2
2007,193,1,2
2007,194,1,2
2007,195,1,2
2007,196,1,2
2007,197,1,2
2007,198,1,2
2007,199,1,2
2007,200,1,2
2007,201,1,2
2007,202,1,2
2007,203,1,2
2007,204,1,2
2007,205,1,2
2007,206,1,2
2007,207,1,2
2007,208,1,2
2007,209,1,2
2007,210,1,2
2007,211,1,2
2007,212,1,2
2007,213,1,2
2007,214,1,2
2007,215,1,2
2007,216,1,2
2007,217,1,2
2007,218,1,2
2007,219,1,2
2007,220,1,2
2007,221,1,2
2007,222,1,2
2007,223,1,2
2007,224,1,2
2007,225,1,2
2007,226,1,2
2007,227,1,2
2007,228,1,2
2007,229,1,2
2007,230,1,2
2007,231,1,2
2007,232,1,2
2007,233,1,2
2007,234,1,2
2007,235,1,2
2007,236,1,2
2007,237,1,2
2007,238,1,2
2007,239,1,2
2007,240,1,2
2007,241,1,2
2007,242,1,2
2007,243,1,2
2007,244,1,2
2007,245,1,2
2007,246,1,2
2007,247,1,2
2007,248,1,2
2007,249,1,2
2007,250,1,2
2007,251,1,2
2007,252,1,2
2007,253,1,2
2007,254,1,2
2007,255,1,2
2007,256,1,2
2007,257,1,2
2007,258,1,2
2007,259,1,2
2007,260,1,2
2007,261,1,2
2007,262,1,2
2007,263,1,2
2007,264,1,2
2007,265,1,2
2007,266,1,2
2007,267,1,2
2007,268,1,2
2007,269,1,2
2007,270,1,2
2007,271,1,2
2007,272,1,2
2007,273,1,2
2007,274,1,2
2007,275,1,2
2007,276,1,2
2007,277,1,2
2007,278,1,2
2007,279,1,2
2007,280,1,2
2007,281,1,2
2007,282,1,2
2007,283,1,2
2007,284,1,2
2007,285,1,2
2007,286,1,2
2007,287,1,2
2007,288,1,2
2007,289,1,2
2007,290,1,2
2007,291,1,2
2007,292,1,2
2007,293,1,2
2007,294,1,2
2007,295,1,2
2007,296,1,2
2007,297,1,2
2007,298,1,2
2007,299,1,2
2007,300,1,2
2007,301,1,2
2007,302,1,2
2007,303,1,2
2007,304,1,2
2007,305,1,2
2007,306,1,2
2007,307,1,2
2007,308,1,2
2007,309,1,2
2007,310,1,2
2007,311,1,2
2007,312,1,2
2007,313,1,2
2007,314,1,2
2007,315,1,2
2007,316,1,2
2007,317,1,2
2007,318,1,2
2007,319,1,2
2007,320,1,2
2007,321,1,2
2007,322,1,2
2007,323,1,2
2007,324,1,2
2007,325,1,2
2007,326,1,2
2007,327,1,2
2007,328,1,2
2007,329,1,2
2007,330,1,2
2007,331,1,2
2007,332,1,2
2007,333,1,2
2007,334,1,2
2007,335,1,2
2007,336,1,2
2007,337,1,2
2007,338,1,2
2007,339,1,2
2007,340,1,2
2007,341,1,2
2007,342,1,2
2007,343,1,2
2007,344,1,2
2007,345,1,2
2007,346,1,2
2007,347,1,2
2007,348,1,2
2007,349,1,2
2007,350,1,2
2007,351,1,2
2007,352,1,2
2007,353,1,2
2007,354,1,2
2007,355,1,2
2007,356,1,2
2007,357,1,2
2007,358,1,2
2007,359,1,2
2007,360,1,2
2007,361,1,2
2007,362,1,2
2007,363,1,2
2007,364,1,2
2007,365,1,2
2007,366,1,2
2007,367,1,2
2007,368,1,2
2007,369,1,2
2007,370,1,2
2007,371,1,2
2007,372,1,2
2007,373,1,2
2007,374,1,2
2007,375,1,2
2007,376,1,2
2007,377,1,2
2007,378,1,2
2007,379,1,2
2007,380,1,2
2007,381,1,2
2007,382,1,2
2007,383,1,2
2007,384,1,2
2007,385,1,2
2007,386,1,2
2007,387,1,2
2007,388,1,2
2007,389,1,2
2007,390,1,2
2007,391,1,2
2007,392,1,2
2007,393,1,2
2007,394,1,2
2007,395,1,2
2007,396,1,2
2007,397,1,2
2007,398,1,2
2007,399,1,2
2007,400,1,2
2007,401,1,2
2007,402,1,2
2007,403,1,2
2007,404,1,2
2007,405,1,2
2007,406,1,2
2007,407,1,2
2007,408,1,2
2007,409,1,2
2007,410,1,2
2007,411,1,2
2007,412,1,2
2007,413,1,2
2007,414,1,2
2007,415,1,2
2007,416,1,2
2007,417,1,2
2007,418,1,2
2007,419,1,2
2007,420,1,2
2007,421,1,2
2007,422,1,2
2007,423,1,2
2007,424,1,2
2007,425,1,2
2007,426,1,2
2007,427,1,2
2007,428,1,2
2007,429,1,2
2007,430,1,2
2007,431,1,2
2007,432,1,2
2007,433,1,2
2007,434,1,2
2007,435,1,2
2007,436,1,2
2007,437,1,2
2007,438,1,2
2007,439,1,2
2007,440,1,2
2007,441,1,2
2007,442,1,2
2007,443,1,2
2007,444,1,2
2007,445,1,2
2007,446,1,2
2007,447,1,2
2007,448,1,2
2007,449,1,2
2007,450,1,2
2007,451,1,2
2007,452,1,2
2007,453,1,2
2007,454,1,2
2007,455,1,2
2007,456,1,2
2007,457,1,2
2007,458,1,2
2007,459,1,2
2007,460,1,3
2007,461,1,3
2007,462,1,3
2007,463,1,3
2007,464,1,3
2007,465,1,3
2007,466,1,3
2007,467,1,3
2007,468,1,3
2007,469,1,3
2007,470,1,3
2007,471,1,3
2007,472,1,3
2007,473,1,3
2007,474,1,3
2007,475,1,3
2007,476,1,3
2007,477,1,3
2007,478,1,3
2007,479,1,3
2007,480,1,3
2007,481,1,3
2007,482,1,3
2007,483,1,3
2007,484,1,3
2007,485,1,3
2007,486,1,3
2007,487,1,3
2007,488,1,3
2007,489,1,3
2007,490,1,3
2007,491,1,3
2007,492,1,3
2007,493,1,3
2007,494,1,3
2007,495,1,3
2007,496,1,3
2007,497,1,3
2007,498,1,3
2007,499,1,3
2007,500,1,3
2007,501,1,3
2007,502,1,3
2007,503,1,3
2007,504,1,3
2007,505,1,3
2007,506,1,3
2007,507,1,3
2007,508,1,3
2007,509,1,3
2007,510,1,2
2007,511,1,2
2007,512,1,2
2007,513,1,2
2007,514,1,2
2007,515,1,2
2007,516,1,2
2007,517,1,2
2007,518,1,2
2007,519,1,2
2007,520,1,2
2007,521,1,2
2007,522,1,2
2007,523,1,2
2007,524,1,2
2007,525,1,2
2007,526,1,2
2007,527,1,2
2007,528,1,2
2007,529,1,2
2007,530,1,2
2007,531,1,2
2007,532,1,2
2007,533,1,2
2007,534,1,2
2007,535,1,2
2007,536,1,2
2007,537,1,2
2007,538,1,2
2007,539,1,2
2007,540,1,2
2007,541,1,2
2007,542,1,2
2007,543,1,2
2007,544,1,2
2007,545,1,2
2007,546,1,2
2007,547,1,2
2007,548,1,2
2007,549,1,2
2007,550,1,2
2007,551,1,2
2007,552,1,2
2007,553,1,2
2007,554,1,2
2007,555,1,2
2007,556,1,2
2007,557,1,2
2007,558,1,2
2007,559,1,2
2007,560,1,2
2007,561,1,2
2007,562,1,2
2007,563,1,2
2007,564,1,2
2007,565,1,2
2007,566,1,2
2007,567,1,2
2007,568,1,2
2007,569,1,2
2007,570,1,2
2007,571,1,3
2007,572,1,3
2007,573,1,3
2007,574,1,3
2007,575,1,3
2007,576,1,3
2007,577,1,3
2007,578,1,3
2007,579,1,3
2007,580,1,3
2007,581,1,3
2007,582,1,3
2007,583,1,3
2007,584,1,3
2007,585,1,3
2007,586,1,3
2007,587,1,3
2007,588,1,3
2007,589,1,3
2007,590,1,3
2007,591,1,3
2007,592,1,3
2007,593,1,3
2007,594,1,3
2007,595,1,3
2007,596,1,3
2007,597,1,3
2007,598,1,3
2007,599,1,3
2007,600,1,3
2007,601,1,3
2007,602,1,3
2007,603,1,3
2007,604,1,3
2007,605,1,3
2007,606,1,3
2007,607,1,3
2007,608,1,3
2007,609,1,3
2007,610,1,3
2007,611,1,3
2007,612,1,3
2007,613,1,3
2007,614,1,3
2007,615,1,3
2007,616,1,3
2007,617,1,3
2007,618,1,3
2007,619,1,3
2007,620,1,2
2007,621,1,2
2007,622,1,2
2007,623,1,2
2007,624,1,2
2007,625,1,2
2007,626,1,2
2007,627,1,2
2007,628,1,2
2007,629,1,2
2007,630,1,2
2007,631,1,2
2007,632,1,2
2007,633,1,2
2007,634,1,2
2007,635,1,2
2007,636,1,2
2007,637,1,2
2007,638,1,2
2007,639,1,2
2007,641,1,2
2007,642,1,2
2008,122,1,3
2008,123,1,3
2008,124,1,3
2008,125,1,3
2008,126,1,3
2008,127,1,3
2008,128,1,3
2008,129,1,3
2008,130,1,3
2008,131,1,3
2008,132,1,3
2008,133,1,3
2008,134,1,3
2008,135,1,3
2008,136,1,3
2008,137,1,3
2008,138,1,3
2008,139,1,3
2008,140,1,3
2008,141,1,3
2008,142,1,3
2008,143,1,3
2008,144,1,3
2008,145,1,3
2008,146,1,3
2008,147,1,3
2008,148,1,3
2008,149,1,3
2008,150,1,3
2008,151,1,3
2008,152,1,3
2008,153,1,3
2008,154,1,3
2008,155,1,3
2008,156,1,3
2008,157,1,3
2008,158,1,3
2008,159,1,3
2008,160,1,3
2008,161,1,3
2008,162,1,3
2008,163,1,3
2008,164,1,3
2008,165,1,3
2008,166,1,3
2008,167,1,3
2008,168,1,3
2008,169,1,3
2008,170,1,3
2008,171,1,3
2008,172,1,3
2008,173,1,3
2008,174,1,3
2008,175,1,3
2008,176,1,2
2008,177,1,2
2008,178,1,2
2008,179,1,2
2008,180,1,2
2008,181,1,2
2008,182,1,2
2008,183,1,2
2008,184,1,2
2008,185,1,2
2008,186,1,2
2008,187,1,2
2008,188,1,2
2008,189,1,2
2008,190,1,2
2008,191,1,2
2008,192,1,2
2008,193,1,2
2008,194,1,2
2008,195,1,2
2008,196,1,2
2008,197,1,2
2008,198,1,2
2008,199,1,2
2008,200,1,2
2008,201,1,2
2008,202,1,2
2008,203,1,2
2008,204,1,2
2008,205,1,2
2008,206,1,2
2008,207,1,2
2008,208,1,2
2008,209,1,2
2008,210,1,2
2008,211,1,2
2008,212,1,2
2008,213,1,2
2008,214,1,2
2008,215,1,2
2008,216,1,2
2008,217,1,2
2008,218,1,2
2008,219,1,2
2008,220,1,2
2008,221,1,2
2008,222,1,2
2008,223,1,2
2008,224,1,2
2008,225,1,2
2008,226,1,2
2008,227,1,2
2008,228,1,2
2008,229,1,2
2008,230,1,2
2008,231,1,2
2008,232,1,2
2008,233,1,2
2008,234,1,2
2008,235,1,2
2008,236,1,2
2008,237,1,2
2008,238,1,2
2008,239,1,2
2008,240,1,2
2008,241,1,2
2008,242,1,2
2008,243,1,2
2008,244,1,2
2008,245,1,2
2008,246,1,2
2008,247,1,2
2008,248,1,2
2008,249,1,2
2008,250,1,2
2008,251,1,2
2008,252,1,2
2008,253,1,2
2008,254,1,2
2008,255,1,2
2008,256,1,2
2008,257,1,2
2008,258,1,2
2008,259,1,2
2008,260,1,2
2008,261,1,2
2008,262,1,2
2008,263,1,2
2008,264,1,2
2008,265,1,2
2008,266,1,2
2008,267,1,2
2008,268,1,2
2008,269,1,2
2008,270,1,2
2008,271,1,2
2008,272,1,2
2008,273,1,2
2008,274,1,2
2008,275,1,2
2008,276,1,2
2008,277,1,2
2008,278,1,2
2008,279,1,2
2008,280,1,2
2008,281,1,2
2008,282,1,2
2008,283,1,2
2008,284,1,2
2008,285,1,2
2008,286,1,2
2008,287,1,2
2008,288,1,2
2008,289,1,2
2008,290,1,2
2008,291,1,2
2008,292,1,2
2008,293,1,2
2008,294,1,2
2008,295,1,2
2008,296,1,2
2008,297,1,2
2008,298,1,2
2008,299,1,2
2008,300,1,2
2008,301,1,2
2008,302,1,2
2008,303,1,2
2008,304,1,2
2008,305,1,2
2008,306,1,2
2008,307,1,2
2008,308,1,2
2008,309,1,2
2008,310,1,2
2008,311,1,2
2008,312,1,2
2008,313,1,2
2008,314,1,2
2008,315,1,2
2008,316,1,2
2008,317,1,2
2008,318,1,2
2008,319,1,2
2008,320,1,2
2008,321,1,2
2008,322,1,2
2008,323,1,2
2008,324,1,2
2008,325,1,2
2008,326,1,2
2008,327,1,2
2008,328,1,2
2008,329,1,2
2008,330,1,2
2008,331,1,2
2008,332,1,2
2008,333,1,2
2008,334,1,2
2008,335,1,2
2008,336,1,2
2008,337,1,2
2008,338,1,2
2008,339,1,2
2008,340,1,2
2008,341,1,2
2008,342,1,2
2008,343,1,2
2008,344,1,2
2008,345,1,2
2008,346,1,2
2008,347,1,2
2008,348,1,2
2008,349,1,2
2008,350,1,2
2008,351,1,2
2008,352,1,2
2008,353,1,2
2008,354,1,2
2008,355,1,2
2008,356,1,2
2008,357,1,2
2008,358,1,2
2008,359,1,2
2008,360,1,2
2008,361,1,2
2008,362,1,2
2008,363,1,2
2008,364,1,2
2008,365,1,2
2008,366,1,2
2008,367,1,2
2008,368,1,2
2008,369,1,2
2008,370,1,2
2008,371,1,2
2008,372,1,2
2008,373,1,2
2008,374,1,2
2008,375,1,2
2008,376,1,2
2008,377,1,2
2008,378,1,2
2008,379,1,2
2008,380,1,2
2008,381,1,2
2008,382,1,2
2008,383,1,2
2008,384,1,2
2008,385,1,2
2008,386,1,2
2008,387,1,2
2008,388,1,2
2008,389,1,2
2008,390,1,2
2008,391,1,2
2008,392,1,2
2008,393,1,2
2008,394,1,2
2008,395,1,2
2008,396,1,2
2008,397,1,2
2008,398,1,2
2008,399,1,2
2008,400,1,2
2008,401,1,2
2008,402,1,2
2008,403,1,2
2008,404,1,2
2008,405,1,2
2008,406,1,2
2008,407,1,2
2008,408,1,2
2008,409,1,2
2008,410,1,2
2008,411,1,2
2008,412,1,2
2008,413,1,2
2008,414,1,2
2008,415,1,2
2008,416,1,2
2008,417,1,2
2008,418,1,2
2008,419,1,2
2008,420,1,2
2008,421,1,2
2008,422,1,2
2008,423,1,2
2008,424,1,2
2008,425,1,2
2008,426,1,2
2008,427,1,2
2008,428,1,2
2008,429,1,2
2008,430,1,2
2008,431,1,2
2008,432,1,2
2008,433,1,2
2008,434,1,2
2008,435,1,2
2008,436,1,2
2008,437,1,2
2008,438,1,2
2008,439,1,2
2008,440,1,2
2008,441,1,2
2008,442,1,2
2008,443,1,2
2008,444,1,2
2008,445,1,2
2008,446,1,2
2008,447,1,2
2008,448,1,2
2008,449,1,2
2008,450,1,2
2008,451,1,2
2008,452,1,2
2008,453,1,2
2008,454,1,2
2008,455,1,2
2008,456,1,2
2008,457,1,2
2008,458,1,2
2008,459,1,2
2008,460,1,3
2008,461,1,3
2008,462,1,3
2008,463,1,3
2008,464,1,3
2008,465,1,3
2008,466,1,3
2008,467,1,3
2008,468,1,3
2008,469,1,3
2008,470,1,3
2008,471,1,3
2008,472,1,3
2008,473,1,3
2008,474,1,3
2008,475,1,3
2008,476,1,3
2008,477,1,3
2008,478,1,3
2008,479,1,3
2008,480,1,3
2008,481,1,3
2008,482,1,3
2008,483,1,3
2008,484,1,3
2008,485,1,3
2008,486,1,3
2008,487,1,3
2008,488,1,3
2008,489,1,3
2008,490,1,3
2008,491,1,3
2008,492,1,3
2008,493,1,3
2008,494,1,3
2008,495,1,3
2008,496,1,3
2008,497,1,3
2008,498,1,3
2008,499,1,3
2008,500,1,3
2008,501,1,3
2008,502,1,3
2008,503,1,3
2008,504,1,3
2008,505,1,3
2008,506,1,3
2008,507,1,3
2008,508,1,3
2008,509,1,2
2008,510,1,2
2008,511,1,2
2008,512,1,2
2008,513,1,2
2008,514,1,2
2008,515,1,2
2008,516,1,2
2008,517,1,2
2008,518,1,2
2008,519,1,2
2008,520,1,2
2008,521,1,2
2008,522,1,2
2008,523,1,2
2008,524,1,2
2008,525,1,2
2008,526,1,2
2008,527,1,2
2008,528,1,2
2008,529,1,2
2008,530,1,2
2008,531,1,2
2008,532,1,2
2008,533,1,2
2008,534,1,2
2008,535,1,2
2008,536,1,2
2008,537,1,2
2008,538,1,2
2008,539,1,2
2008,540,1,2
2008,541,1,2
2008,542,1,2
2008,543,1,2
2008,544,1,2
2008,545,1,2
2008,546,1,2
2008,547,1,2
2008,548,1,2
2008,549,1,2
2008,550,1,2
2008,551,1,2
2008,552,1,2
2008,553,1,2
2008,554,1,2
2008,555,1,2
2008,556,1,2
2008,557,1,2
2008,558,1,2
2008,559,1,2
2008,560,1,2
2008,561,1,2
2008,562,1,2
2008,563,1,2
2008,564,1,2
2008,565,1,2
2008,566,1,2
2008,567,1,2
2008,568,1,2
2008,569,1,2
2008,570,1,2
2008,571,1,2
2008,572,1,3
2008,573,1,3
2008,574,1,3
2008,575,1,3
2008,576,1,3
2008,577,1,3
2008,578,1,3
2008,579,1,3
2008,580,1,3
2008,581,1,3
2008,582,1,3
2008,583,1,3
2008,584,1,3
2008,585,1,3
2008,586,1,3
2008,587,1,3
2008,588,1,3
2008,589,1,3
2008,590,1,3
2008,591,1,3
2008,592,1,3
2008,593,1,3
2008,594,1,3
2008,595,1,3
2008,596,1,3
2008,597,1,3
2008,598,1,3
2008,599,1,3
2008,600,1,3
2008,601,1,3
2008,602,1,3
2008,603,1,3
2008,604,1,3
2008,605,1,3
2008,606,1,3
2008,607,1,3
2008,608,1,3
2008,609,1,3
2008,610,1,3
2008,611,1,3
2008,612,1,3
2008,613,1,3
2008,614,1,3
2008,615,1,3
2008,616,1,3
2008,617,1,3
2008,618,1,3
2008,619,1,2
2008,620,1,2
2008,621,1,2
2008,622,1,2
2008,623,1,2
2008,624,1,2
2008,625,1,2
2008,626,1,2
2008,627,1,2
2008,628,1,2
2008,629,1,2
2008,630,1,2
2008,631,1,2
2008,632,1,2
2008,633,1,2
2008,634,1,2
2008,635,1,2
2008,636,1,2
2008,637,1,2
2008,638,1,2
2009,122,1,3
2009,123,1,3
2009,124,1,3
2009,125,1,3
2009,126,1,3
2009,127,1,3
2009,128,1,3
2009,129,1,3
2009,130,1,3
2009,131,1,3
2009,132,1,3
2009,133,1,3
2009,134,1,3
2009,135,1,3
2009,136,1,3
2009,137,1,3
2009,138,1,3
2009,139,1,3
2009,140,1,3
2009,141,1,3
2009,142,1,3
2009,143,1,3
2009,144,1,3
2009,145,1,3
2009,146,1,3
2009,147,1,3
2009,148,1,3
2009,149,1,3
2009,150,1,3
2009,151,1,3
2009,152,1,3
2009,153,1,3
2009,154,1,3
2009,155,1,3
2009,156,1,3
2009,157,1,3
2009,158,1,3
2009,159,1,3
2009,160,1,3
2009,161,1,3
2009,162,1,3
2009,163,1,3
2009,164,1,3
2009,165,1,3
2009,166,1,3
2009,167,1,3
2009,168,1,3
2009,169,1,3
2009,170,1,3
2009,171,1,3
2009,172,1,3
2009,173,1,3
2009,174,1,3
2009,175,1,3
2009,176,1,2
2009,177,1,2
2009,178,1,2
2009,179,1,2
2009,180,1,2
2009,181,1,2
2009,182,1,2
2009,183,1,2
2009,184,1,2
2009,185,1,2
2009,186,1,2
2009,187,1,2
2009,188,1,2
2009,189,1,2
2009,190,1,2
2009,191,1,2
2009,192,1,2
2009,193,1,2
2009,194,1,2
2009,195,1,2
2009,196,1,2
2009,197,1,2
2009,198,1,2
2009,199,1,2
2009,200,1,2
2009,201,1,2
2009,202,1,2
2009,203,1,2
2009,204,1,2
2009,205,1,2
2009,206,1,2
2009,207,1,2
2009,208,1,2
2009,209,1,2
2009,210,1,2
2009,211,1,2
2009,212,1,2
2009,213,1,2
2009,214,1,2
2009,215,1,2
2009,216,1,2
2009,217,1,2
2009,218,1,2
2009,219,1,2
2009,220,1,2
2009,221,1,2
2009,222,1,2
2009,223,1,2
2009,224,1,2
2009,225,1,2
2009,226,1,2
2009,227,1,2
2009,228,1,2
2009,229,1,2
2009,230,1,2
2009,231,1,2
2009,232,1,2
2009,233,1,2
2009,234,1,2
2009,235,1,2
2009,236,1,2
2009,237,1,2
2009,238,1,2
2009,239,1,2
2009,240,1,2
2009,241,1,2
2009,242,1,2
2009,243,1,2
2009,244,1,2
2009,245,1,2
2009,246,1,2
2009,247,1,2
2009,248,1,2
2009,249,1,2
2009,250,1,2
2009,251,1,2
2009,252,1,2
2009,253,1,2
2009,254,1,2
2009,255,1,2
2009,256,1,2
2009,257,1,2
2009,258,1,2
2009,259,1,2
2009,260,1,2
2009,261,1,2
2009,262,1,2
2009,263,1,2
2009,264,1,2
2009,265,1,2
2009,266,1,2
2009,267,1,2
2009,268,1,2
2009,269,1,2
2009,270,1,2
2009,271,1,2
2009,272,1,2
2009,273,1,2
2009,274,1,2
2009,275,1,2
2009,276,1,2
2009,277,1,2
2009,278,1,2
2009,279,1,2
2009,280,1,2
2009,281,1,2
2009,282,1,2
2009,283,1,2
2009,284,1,2
2009,285,1,2
2009,286,1,2
2009,287,1,2
2009,288,1,2
2009,289,1,2
2009,290,1,2
2009,291,1,2
2009,292,1,2
2009,293,1,2
2009,294,1,2
2009,295,1,2
2009,296,1,2
2009,297,1,2
2009,298,1,2
2009,299,1,2
2009,300,1,2
2009,301,1,2
2009,302,1,2
2009,303,1,2
2009,304,1,2
2009,305,1,2
2009,306,1,2
2009,307,1,2
2009,308,1,2
2009,309,1,2
2009,310,1,2
2009,311,1,2
2009,312,1,2
2009,313,1,2
2009,314,1,2
2009,315,1,2
2009,316,1,2
2009,317,1,2
2009,318,1,2
2009,319,1,2
2009,320,1,2
2009,321,1,2
2009,322,1,2
2009,323,1,2
2009,324,1,2
2009,325,1,2
2009,326,1,2
2009,327,1,2
2009,328,1,2
2009,329,1,2
2009,330,1,2
2009,331,1,2
2009,332,1,2
2009,333,1,2
2009,334,1,2
2009,335,1,2
2009,336,1,2
2009,337,1,2
2009,338,1,2
2009,339,1,2
2009,340,1,2
2009,341,1,2
2009,342,1,2
2009,343,1,2
2009,344,1,2
2009,345,1,2
2009,346,1,2
2009,347,1,2
2009,348,1,2
2009,349,1,2
2009,350,1,2
2009,351,1,2
2009,352,1,2
2009,353,1,2
2009,354,1,2
2009,355,1,2
2009,356,1,2
2009,357,1,2
2009,358,1,2
2009,359,1,2
2009,360,1,2
2009,361,1,2
2009,362,1,2
2009,363,1,2
2009,364,1,2
2009,365,1,2
2009,366,1,2
2009,367,1,2
2009,368,1,2
2009,369,1,2
2009,370,1,2
2009,371,1,2
2009,372,1,2
2009,373,1,2
2009,374,1,2
2009,375,1,2
2009,376,1,2
2009,377,1,2
2009,378,1,2
2009,379,1,2
2009,380,1,2
2009,381,1,2
2009,382,1,2
2009,383,1,2
2009,384,1,2
2009,385,1,2
2009,386,1,2
2009,387,1,2
2009,388,1,2
2009,389,1,2
2009,390,1,2
2009,391,1,2
2009,392,1,2
2009,393,1,2
2009,394,1,2
2009,395,1,2
2009,396,1,2
2009,397,1,2
2009,398,1,2
2009,399,1,2
2009,400,1,2
2009,401,1,2
2009,402,1,2
2009,403,1,2
2009,404,1,2
2009,405,1,2
2009,406,1,2
2009,407,1,2
2009,408,1,2
2009,409,1,2
2009,410,1,2
2009,411,1,2
2009,412,1,2
2009,413,1,2
2009,414,1,2
2009,415,1,2
2009,416,1,2
2009,417,1,2
2009,418,1,2
2009,419,1,2
2009,420,1,2
2009,421,1,2
2009,422,1,2
2009,423,1,2
2009,424,1,2
2009,425,1,2
2009,426,1,2
2009,427,1,2
2009,428,1,2
2009,429,1,2
2009,430,1,2
2009,431,1,2
2009,432,1,2
2009,433,1,2
2009,434,1,2
2009,435,1,2
2009,436,1,2
2009,437,1,2
2009,438,1,2
2009,439,1,2
2009,440,1,2
2009,441,1,2
2009,442,1,2
2009,443,1,2
2009,444,1,2
2009,445,1,2
2009,446,1,2
2009,447,1,2
2009,448,1,2
2009,449,1,2
2009,450,1,2
2009,451,1,2
2009,452,1,2
2009,453,1,2
2009,454,1,2
2009,455,1,2
2009,456,1,2
2009,457,1,2
2009,458,1,2
2009,459,1,2
2009,460,1,3
2009,461,1,3
2009,462,1,3
2009,463,1,3
2009,464,1,3
2009,465,1,3
2009,466,1,3
2009,467,1,3
2009,468,1,3
2009,469,1,3
2009,470,1,3
2009,471,1,3
2009,472,1,3
2009,473,1,3
2009,474,1,3
2009,475,1,3
2009,476,1,3
2009,477,1,3
2009,478,1,3
2009,479,1,3
2009,480,1,3
2009,481,1,3
2009,482,1,3
2009,483,1,3
2009,484,1,3
2009,485,1,3
2009,486,1,3
2009,487,1,3
2009,488,1,3
2009,489,1,3
2009,490,1,3
2009,491,1,3
2009,492,1,3
2009,493,1,3
2009,494,1,3
2009,495,1,3
2009,496,1,3
2009,497,1,3
2009,498,1,3
2009,499,1,3
2009,500,1,3
2009,501,1,3
2009,502,1,3
2009,503,1,3
2009,504,1,3
2009,505,1,3
2009,506,1,3
2009,507,1,3
2009,508,1,3
2009,509,1,2
2009,510,1,2
2009,511,1,2
2009,512,1,2
2009,513,1,2
2009,514,1,2
2009,515,1,2
2009,516,1,2
2009,517,1,2
2009,518,1,2
2009,519,1,2
2009,520,1,2
2009,521,1,2
2009,522,1,2
2009,523,1,2
2009,524,1,2
2009,525,1,2
2009,526,1,2
2009,527,1,2
2009,528,1,2
2009,529,1,2
2009,530,1,2
2009,531,1,2
2009,532,1,2
2009,533,1,2
2009,534,1,2
2009,535,1,2
2009,536,1,2
2009,537,1,2
2009,538,1,2
2009,539,1,2
2009,540,1,2
2009,541,1,2
2009,542,1,2
2009,543,1,2
2009,544,1,2
2009,545,1,2
2009,546,1,2
2009,547,1,2
2009,548,1,2
2009,549,1,2
2009,550,1,2
2009,551,1,2
2009,552,1,2
2009,553,1,2
2009,554,1,2
2009,555,1,2
2009,556,1,2
2009,557,1,2
2009,558,1,2
2009,559,1,2
2009,560,1,2
2009,561,1,2
2009,562,1,2
2009,563,1,2
2009,564,1,2
2009,565,1,2
2009,566,1,2
2009,567,1,2
2009,568,1,2
2009,569,1,2
2009,570,1,2
2009,571,1,2
2009,572,1,2
2009,573,1,2
2009,574,1,2
2009,575,1,2
2009,576,1,3
2009,577,1,3
2009,578,1,3
2009,579,1,3
2009,580,1,3
2009,581,1,3
2009,582,1,3
2009,583,1,3
2009,584,1,3
2009,585,1,3
2009,586,1,3
2009,587,1,3
2009,588,1,3
2009,589,1,3
2009,590,1,3
2009,591,1,3
2009,592,1,3
2009,593,1,3
2009,594,1,3
2009,595,1,3
2009,596,1,3
2009,597,1,3
2009,598,1,3
2009,599,1,3
2009,600,1,3
2009,601,1,3
2009,602,1,3
2009,603,1,3
2009,604,1,3
2009,605,1,3
2009,606,1,3
2009,607,1,3
2009,608,1,3
2009,609,1,3
2009,610,1,3
2009,611,1,3
2009,612,1,3
2009,613,1,3
2009,614,1,3
2009,615,1,3
2009,616,1,3
2009,617,1,3
2009,618,1,3
2009,619,1,2
2009,620,1,2
2009,621,1,2
2009,622,1,2
2009,623,1,2
2009,624,1,2
2009,625,1,2
2009,626,1,2
2009,627,1,2
2009,628,1,2
2009,629,1,2
2009,630,1,2
2009,631,1,2
2009,632,1,2
2009,633,1,2
2009,634,1,2
2009,635,1,2
2009,636,1,2
2009,637,1,2
2009,638,1,2
2010,123,1,3
2010,124,1,3
2010,125,1,3
2010,126,1,3
2010,127,1,3
2010,128,1,3
2010,129,1,3
2010,130,1,3
2010,131,1,3
2010,132,1,3
2010,133,1,3
2010,134,1,3
2010,135,1,3
2010,136,1,3
2010,137,1,3
2010,138,1,3
2010,139,1,3
2010,140,1,3
2010,141,1,3
2010,142,1,3
2010,143,1,3
2010,144,1,3
2010,145,1,3
2010,146,1,3
2010,147,1,3
2010,148,1,3
2010,149,1,3
2010,150,1,3
2010,151,1,3
2010,152,1,3
2010,153,1,3
2010,154,1,3
2010,155,1,3
2010,156,1,3
2010,157,1,3
2010,158,1,3
2010,159,1,3
2010,160,1,3
2010,161,1,3
2010,162,1,3
2010,163,1,3
2010,164,1,3
2010,165,1,3
2010,166,1,3
2010,167,1,3
2010,168,1,3
2010,169,1,3
2010,170,1,3
2010,171,1,3
2010,172,1,3
2010,173,1,3
2010,174,1,3
2010,175,1,3
2010,176,1,2
2010,177,1,2
2010,178,1,2
2010,179,1,2
2010,180,1,2
2010,181,1,2
2010,182,1,2
2010,183,1,2
2010,184,1,2
2010,185,1,2
2010,186,1,2
2010,187,1,2
2010,188,1,2
2010,189,1,2
2010,190,1,2
2010,191,1,2
2010,192,1,2
2010,193,1,2
2010,194,1,2
2010,195,1,2
2010,196,1,2
2010,197,1,2
2010,198,1,2
2010,199,1,2
2010,200,1,2
2010,201,1,2
2010,202,1,2
2010,203,1,2
2010,204,1,2
2010,205,1,2
2010,206,1,2
2010,207,1,2
2010,208,1,2
2010,209,1,2
2010,210,1,2
2010,211,1,2
2010,212,1,2
2010,213,1,2
2010,214,1,2
2010,215,1,2
2010,216,1,2
2010,217,1,2
2010,218,1,2
2010,219,1,2
2010,220,1,2
2010,221,1,2
2010,222,1,2
2010,223,1,2
2010,224,1,2
2010,225,1,2
2010,226,1,2
2010,227,1,2
2010,228,1,2
2010,229,1,2
2010,230,1,2
2010,231,1,2
2010,232,1,2
2010,233,1,2
2010,234,1,2
2010,235,1,2
2010,236,1,2
2010,237,1,2
2010,238,1,2
2010,239,1,2
2010,240,1,2
2010,241,1,2
2010,242,1,2
2010,243,1,2
2010,244,1,2
2010,245,1,2
2010,246,1,2
2010,247,1,2
2010,248,1,2
2010,249,1,2
2010,250,1,2
2010,251,1,2
2010,252,1,2
2010,253,1,2
2010,254,1,2
2010,255,1,2
2010,256,1,2
2010,257,1,2
2010,258,1,2
2010,259,1,2
2010,260,1,2
2010,261,1,2
2010,262,1,2
2010,263,1,2
2010,264,1,2
2010,265,1,2
2010,266,1,2
2010,267,1,2
2010,268,1,2
2010,269,1,2
2010,270,1,2
2010,271,1,2
2010,272,1,2
2010,273,1,2
2010,274,1,2
2010,275,1,2
2010,276,1,2
2010,277,1,2
2010,278,1,2
2010,279,1,2
2010,280,1,2
2010,281,1,2
2010,282,1,2
2010,283,1,2
2010,284,1,2
2010,285,1,2
2010,286,1,2
2010,287,1,2
2010,288,1,2
2010,289,1,2
2010,290,1,2
2010,291,1,2
2010,292,1,2
2010,293,1,2
2010,294,1,2
2010,295,1,2
2010,296,1,2
2010,297,1,2
2010,298,1,2
2010,299,1,2
2010,300,1,2
2010,301,1,2
2010,302,1,2
2010,303,1,2
2010,304,1,2
2010,305,1,2
2010,306,1,2
2010,307,1,2
2010,308,1,2
2010,309,1,2
2010,310,1,2
2010,311,1,2
2010,312,1,2
2010,313,1,2
2010,314,1,2
2010,315,1,2
2010,316,1,2
2010,317,1,2
2010,318,1,2
2010,319,1,2
2010,320,1,2
2010,321,1,2
2010,322,1,2
2010,323,1,2
2010,324,1,2
2010,325,1,2
2010,326,1,2
2010,327,1,2
2010,328,1,2
2010,329,1,2
2010,330,1,2
2010,331,1,2
2010,332,1,2
2010,333,1,2
2010,334,1,2
2010,335,1,2
2010,336,1,2
2010,337,1,2
2010,338,1,2
2010,339,1,2
2010,340,1,2
2010,341,1,2
2010,342,1,2
2010,343,1,2
2010,344,1,2
2010,345,1,2
2010,346,1,2
2010,347,1,2
2010,348,1,2
2010,349,1,2
2010,350,1,2
2010,351,1,2
2010,352,1,2
2010,353,1,2
2010,354,1,2
2010,355,1,2
2010,356,1,2
2010,357,1,2
2010,358,1,2
2010,359,1,2
2010,360,1,2
2010,361,1,2
2010,362,1,2
2010,363,1,2
2010,364,1,2
2010,365,1,2
2010,366,1,2
2010,367,1,2
2010,368,1,2
2010,369,1,2
2010,370,1,2
2010,371,1,2
2010,372,1,2
2010,373,1,2
2010,374,1,2
2010,375,1,2
2010,376,1,2
2010,377,1,2
2010,378,1,2
2010,379,1,2
2010,380,1,2
2010,381,1,2
2010,382,1,2
2010,383,1,2
2010,384,1,2
2010,385,1,2
2010,386,1,2
2010,387,1,2
2010,388,1,2
2010,389,1,2
2010,390,1,2
2010,391,1,2
2010,392,1,2
2010,393,1,2
2010,394,1,2
2010,395,1,2
2010,396,1,2
2010,397,1,2
2010,398,1,2
2010,399,1,2
2010,400,1,2
2010,401,1,2
2010,402,1,2
2010,403,1,2
2010,404,1,2
2010,405,1,2
2010,406,1,2
2010,407,1,2
2010,408,1,2
2010,409,1,2
2010,410,1,2
2010,411,1,2
2010,412,1,2
2010,413,1,2
2010,414,1,2
2010,415,1,2
2010,416,1,2
2010,417,1,2
2010,418,1,2
2010,419,1,2
2010,420,1,2
2010,421,1,2
2010,422,1,2
2010,423,1,2
2010,424,1,2
2010,425,1,2
2010,426,1,2
2010,427,1,2
2010,428,1,2
2010,429,1,2
2010,430,1,2
2010,431,1,2
2010,432,1,2
2010,433,1,2
2010,434,1,2
2010,435,1,2
2010,436,1,2
2010,437,1,2
2010,438,1,2
2010,439,1,2
2010,440,1,2
2010,441,1,2
2010,442,1,2
2010,443,1,2
2010,444,1,2
2010,445,1,2
2010,446,1,2
2010,447,1,2
2010,448,1,2
2010,449,1,2
2010,450,1,2
2010,451,1,2
2010,452,1,2
2010,453,1,2
2010,454,1,2
2010,455,1,2
2010,456,1,2
2010,457,1,2
2010,458,1,2
2010,459,1,2
2010,460,1,3
2010,461,1,3
2010,462,1,3
2010,463,1,3
2010,464,1,3
2010,465,1,3
2010,466,1,3
2010,467,1,3
2010,468,1,3
2010,469,1,3
2010,470,1,3
2010,471,1,3
2010,472,1,3
2010,473,1,3
2010,474,1,3
2010,475,1,3
2010,476,1,3
2010,477,1,3
2010,478,1,3
2010,479,1,3
2010,480,1,3
2010,481,1,3
2010,482,1,3
2010,483,1,3
2010,484,1,3
2010,485,1,3
2010,486,1,3
2010,487,1,3
2010,488,1,3
2010,489,1,3
2010,490,1,3
2010,491,1,3
2010,492,1,3
2010,493,1,3
2010,494,1,3
2010,495,1,3
2010,496,1,3
2010,497,1,3
2010,498,1,3
2010,499,1,3
2010,500,1,3
2010,501,1,3
2010,502,1,3
2010,503,1,3
2010,504,1,3
2010,505,1,3
2010,506,1,3
2010,507,1,3
2010,508,1,2
2010,509,1,2
2010,510,1,2
2010,511,1,2
2010,512,1,2
2010,513,1,2
2010,514,1,2
2010,515,1,2
2010,516,1,2
2010,517,1,2
2010,518,1,2
2010,519,1,2
2010,520,1,2
2010,521,1,2
2010,522,1,2
2010,523,1,2
2010,524,1,2
2010,525,1,2
2010,526,1,2
2010,527,1,2
2010,528,1,2
2010,529,1,2
2010,530,1,2
2010,531,1,2
2010,532,1,2
2010,533,1,2
2010,534,1,2
2010,535,1,2
2010,536,1,2
2010,537,1,2
2010,538,1,2
2010,539,1,2
2010,540,1,2
2010,541,1,2
2010,542,1,2
2010,543,1,2
2010,544,1,2
2010,545,1,2
2010,546,1,2
2010,547,1,2
2010,548,1,2
2010,549,1,2
2010,550,1,2
2010,551,1,2
2010,552,1,2
2010,553,1,2
2010,554,1,2
2010,555,1,2
2010,556,1,2
2010,557,1,2
2010,558,1,2
2010,559,1,2
2010,560,1,2
2010,561,1,2
2010,562,1,2
2010,563,1,2
2010,564,1,2
2010,565,1,2
2010,566,1,2
2010,567,1,2
2010,568,1,2
2010,569,1,2
2010,570,1,2
2010,571,1,2
2010,572,1,2
2010,573,1,2
2010,574,1,2
2010,575,1,2
2010,576,1,2
2010,577,1,2
2010,578,1,3
2010,579,1,3
2010,580,1,3
2010,581,1,3
2010,582,1,3
2010,583,1,3
2010,584,1,3
2010,585,1,3
2010,586,1,3
2010,587,1,3
2010,588,1,3
2010,589,1,3
2010,590,1,3
2010,591,1,3
2010,592,1,3
2010,593,1,3
2010,594,1,3
2010,595,1,3
2010,596,1,3
2010,597,1,3
2010,598,1,3
2010,599,1,3
2010,600,1,3
2010,601,1,3
2010,602,1,3
2010,603,1,3
2010,604,1,3
2010,605,1,3
2010,606,1,3
2010,607,1,3
2010,608,1,3
2010,609,1,3
2010,610,1,3
2010,611,1,3
2010,612,1,3
2010,613,1,3
2010,614,1,3
2010,615,1,3
2010,616,1,3
2010,617,1,3
2010,618,1,3
2010,619,1,2
2010,620,1,2
2010,621,1,2
2010,622,1,2
2010,623,1,2
2010,624,1,2
2010,625,1,2
2010,626,1,2
2010,627,1,2
2010,628,1,2
2010,629,1,2
2010,630,1,2
2010,631,1,2
2010,632,1,2
2010,633,1,2
2010,634,1,2
2010,635,1,2
2010,636,1,2
2010,637,1,2
2011,122,1,3
2011,123,1,3
2011,124,1,3
2011,125,1,3
2011,126,1,3
2011,127,1,3
2011,128,1,3
2011,129,1,3
2011,130,1,3
2011,131,1,3
2011,132,1,3
2011,133,1,3
2011,134,1,3
2011,135,1,3
2011,136,1,3
2011,137,1,3
2011,138,1,3
2011,139,1,3
2011,140,1,3
2011,141,1,3
2011,142,1,3
2011,143,1,3
2011,144,1,3
2011,145,1,3
2011,146,1,3
2011,147,1,3
2011,148,1,3
2011,149,1,3
2011,150,1,3
2011,151,1,3
2011,152,1,3
2011,153,1,3
2011,154,1,3
2011,155,1,3
2011,156,1,3
2011,157,1,3
2011,158,1,3
2011,159,1,3
2011,160,1,3
2011,161,1,3
2011,162,1,3
2011,163,1,3
2011,164,1,3
2011,165,1,3
2011,166,1,3
2011,167,1,3
2011,168,1,3
2011,169,1,3
2011,170,1,3
2011,171,1,3
2011,172,1,3
2011,173,1,3
2011,174,1,3
2011,175,1,3
2011,176,1,2
2011,177,1,2
2011,178,1,2
2011,179,1,2
2011,180,1,2
2011,181,1,2
2011,182,1,2
2011,183,1,2
2011,184,1,2
2011,185,1,2
2011,186,1,2
2011,187,1,2
2011,188,1,2
2011,189,1,2
2011,190,1,2
2011,191,1,2
2011,192,1,2
2011,193,1,2
2011,194,1,2
2011,195,1,2
2011,196,1,2
2011,197,1,2
2011,198,1,2
2011,199,1,2
2011,200,1,2
2011,201,1,2
2011,202,1,2
2011,203,1,2
2011,204,1,2
2011,205,1,2
2011,206,1,2
2011,207,1,2
2011,208,1,2
2011,209,1,2
2011,210,1,2
2011,211,1,2
2011,212,1,2
2011,213,1,2
2011,214,1,2
2011,215,1,2
2011,216,1,2
2011,217,1,2
2011,218,1,2
2011,219,1,2
2011,220,1,2
2011,221,1,2
2011,222,1,2
2011,223,1,2
2011,224,1,2
2011,225,1,2
2011,226,1,2
2011,227,1,2
2011,228,1,2
2011,229,1,2
2011,230,1,2
2011,231,1,2
2011,232,1,2
2011,233,1,2
2011,234,1,2
2011,235,1,2
2011,236,1,2
2011,237,1,2
2011,238,1,2
2011,239,1,2
2011,240,1,2
2011,241,1,2
2011,242,1,2
2011,243,1,2
2011,244,1,2
2011,245,1,2
2011,246,1,2
2011,247,1,2
2011,248,1,2
2011,249,1,2
2011,250,1,2
2011,251,1,2
2011,252,1,2
2011,253,1,2
2011,254,1,2
2011,255,1,2
2011,256,1,2
2011,257,1,2
2011,258,1,2
2011,259,1,2
2011,260,1,2
2011,261,1,2
2011,262,1,2
2011,263,1,2
2011,264,1,2
2011,265,1,2
2011,266,1,2
2011,267,1,2
2011,268,1,2
2011,269,1,2
2011,270,1,2
2011,271,1,2
2011,272,1,2
2011,273,1,2
2011,274,1,2
2011,275,1,2
2011,276,1,2
2011,277,1,2
2011,278,1,2
2011,279,1,2
2011,280,1,2
2011,281,1,2
2011,282,1,2
2011,283,1,2
2011,284,1,2
2011,285,1,2
2011,286,1,2
2011,287,1,2
2011,288,1,2
2011,289,1,2
2011,290,1,2
2011,291,1,2
2011,292,1,2
2011,293,1,2
2011,294,1,2
2011,295,1,2
2011,296,1,2
2011,297,1,2
2011,298,1,2
2011,299,1,2
2011,300,1,2
2011,301,1,2
2011,302,1,2
2011,303,1,2
2011,304,1,2
2011,305,1,2
2011,306,1,2
2011,307,1,2
2011,308,1,2
2011,309,1,2
2011,310,1,2
2011,311,1,2
2011,312,1,2
2011,313,1,2
2011,314,1,2
2011,315,1,2
2011,316,1,2
2011,317,1,2
2011,318,1,2
2011,319,1,2
2011,320,1,2
2011,321,1,2
2011,322,1,2
2011,323,1,2
2011,324,1,2
2011,325,1,2
2011,326,1,2
2011,327,1,2
2011,328,1,2
2011,329,1,2
2011,330,1,2
2011,331,1,2
2011,332,1,2
2011,333,1,2
2011,334,1,2
2011,335,1,2
2011,336,1,2
2011,337,1,2
2011,338,1,2
2011,339,1,2
2011,340,1,2
2011,341,1,2
2011,342,1,2
2011,343,1,2
2011,344,1,2
2011,345,1,2
2011,346,1,2
2011,347,1,2
2011,348,1,2
2011,349,1,2
2011,350,1,2
2011,351,1,2
2011,352,1,2
2011,353,1,2
2011,354,1,2
2011,355,1,2
2011,356,1,2
2011,357,1,2
2011,358,1,2
2011,359,1,2
2011,360,1,2
2011,361,1,2
2011,362,1,2
2011,363,1,2
2011,364,1,2
2011,365,1,2
2011,366,1,2
2011,367,1,2
2011,368,1,2
2011,369,1,2
2011,370,1,2
2011,371,1,2
2011,372,1,2
2011,373,1,2
2011,374,1,2
2011,375,1,2
2011,376,1,2
2011,377,1,2
2011,378,1,2
2011,379,1,2
2011,380,1,2
2011,381,1,2
2011,382,1,2
2011,383,1,2
2011,384,1,2
2011,385,1,2
2011,386,1,2
2011,387,1,2
2011,388,1,2
2011,389,1,2
2011,390,1,2
2011,391,1,2
2011,392,1,2
2011,393,1,2
2011,394,1,2
2011,395,1,2
2011,396,1,2
2011,397,1,2
2011,398,1,2
2011,399,1,2
2011,400,1,2
2011,401,1,2
2011,402,1,2
2011,403,1,2
2011,404,1,2
2011,405,1,2
2011,406,1,2
2011,407,1,2
2011,408,1,2
2011,409,1,2
2011,410,1,2
2011,411,1,2
2011,412,1,2
2011,413,1,2
2011,414,1,2
2011,415,1,2
2011,416,1,2
2011,417,1,2
2011,418,1,2
2011,419,1,2
2011,420,1,2
2011,421,1,2
2011,422,1,2
2011,423,1,2
2011,424,1,2
2011,425,1,2
2011,426,1,2
2011,427,1,2
2011,428,1,2
2011,429,1,2
2011,430,1,2
2011,431,1,2
2011,432,1,2
2011,433,1,2
2011,434,1,2
2011,435,1,2
2011,436,1,2
2011,437,1,2
2011,438,1,2
2011,439,1,2
2011,440,1,2
2011,441,1,2
2011,442,1,2
2011,443,1,2
2011,444,1,2
2011,445,1,2
2011,446,1,2
2011,447,1,2
2011,448,1,2
2011,449,1,2
2011,450,1,2
2011,451,1,2
2011,452,1,2
2011,453,1,2
2011,454,1,2
2011,455,1,2
2011,456,1,2
2011,457,1,2
2011,458,1,2
2011,459,1,2
2011,460,1,3
2011,461,1,3
2011,462,1,3
2011,463,1,3
2011,464,1,3
2011,465,1,3
2011,466,1,3
2011,467,1,3
2011,468,1,3
2011,469,1,3
2011,470,1,3
2011,471,1,3
2011,472,1,3
2011,473,1,3
2011,474,1,3
2011,475,1,3
2011,476,1,3
2011,477,1,3
2011,478,1,3
2011,479,1,3
2011,480,1,3
2011,481,1,3
2011,482,1,3
2011,483,1,3
2011,484,1,3
2011,485,1,3
2011,486,1,3
2011,487,1,3
2011,488,1,3
2011,489,1,3
2011,490,1,3
2011,491,1,3
2011,492,1,3
2011,493,1,3
2011,494,1,3
2011,495,1,3
2011,496,1,3
2011,497,1,3
2011,498,1,3
2011,499,1,3
2011,500,1,3
2011,501,1,3
2011,502,1,3
2011,503,1,3
2011,504,1,3
2011,505,1,3
2011,506,1,3
2011,507,1,3
2011,508,1,2
2011,509,1,2
2011,510,1,2
2011,511,1,2
2011,512,1,2
2011,513,1,2
2011,514,1,2
2011,515,1,2
2011,516,1,2
2011,517,1,2
2011,518,1,2
2011,519,1,2
2011,520,1,2
2011,521,1,2
2011,522,1,2
2011,523,1,2
2011,524,1,2
2011,525,1,2
2011,526,1,2
2011,527,1,2
2011,528,1,2
2011,529,1,2
2011,530,1,2
2011,531,1,2
2011,532,1,2
2011,533,1,2
2011,534,1,2
2011,535,1,2
2011,536,1,2
2011,537,1,2
2011,538,1,2
2011,539,1,2
2011,540,1,2
2011,541,1,2
2011,542,1,2
2011,543,1,2
2011,544,1,2
2011,545,1,2
2011,546,1,2
2011,547,1,2
2011,548,1,2
2011,549,1,2
2011,550,1,2
2011,551,1,2
2011,552,1,2
2011,553,1,2
2011,554,1,2
2011,555,1,2
2011,556,1,2
2011,557,1,2
2011,558,1,2
2011,559,1,2
2011,560,1,2
2011,561,1,2
2011,562,1,2
2011,563,1,2
2011,564,1,2
2011,565,1,2
2011,566,1,2
2011,567,1,2
2011,568,1,2
2011,569,1,2
2011,570,1,2
2011,571,1,2
2011,572,1,2
2011,573,1,2
2011,574,1,2
2011,575,1,2
2011,576,1,2
2011,577,1,2
2011,578,1,3
2011,579,1,3
2011,580,1,3
2011,581,1,3
2011,582,1,3
2011,583,1,3
2011,584,1,3
2011,585,1,3
2011,586,1,3
2011,587,1,3
2011,588,1,3
2011,589,1,3
2011,590,1,3
2011,591,1,3
2011,592,1,3
2011,593,1,3
2011,594,1,3
2011,595,1,3
2011,596,1,3
2011,597,1,3
2011,598,1,3
2011,599,1,3
2011,600,1,3
2011,601,1,3
2011,602,1,3
2011,603,1,3
2011,604,1,3
2011,605,1,3
2011,606,1,3
2011,607,1,3
2011,608,1,3
2011,609,1,3
2011,610,1,3
2011,611,1,3
2011,612,1,3
2011,613,1,3
2011,614,1,3
2011,615,1,3
2011,616,1,3
2011,617,1,3
2011,618,1,3
2011,619,1,2
2011,620,1,2
2011,621,1,2
2011,622,1,2
2011,623,1,2
2011,624,1,2
2011,625,1,2
2011,626,1,2
2011,627,1,2
2011,628,1,2
2011,629,1,2
2011,630,1,2
2011,631,1,2
2011,632,1,2
2011,633,1,2
2011,634,1,2
2011,635,1,2
2011,636,1,2
2011,637,1,2
2012,122,1,2
2012,123,1,3
2012,124,1,3
2012,125,1,3
2012,126,1,3
2012,127,1,3
2012,128,1,3
2012,129,1,3
2012,130,1,3
2012,131,1,3
2012,132,1,3
2012,133,1,3
2012,134,1,3
2012,135,1,3
2012,136,1,3
2012,137,1,3
2012,138,1,3
2012,139,1,3
2012,140,1,3
2012,141,1,3
2012,142,1,3
2012,143,1,3
2012,144,1,3
2012,145,1,3
2012,146,1,3
2012,147,1,3
2012,148,1,3
2012,149,1,3
2012,150,1,3
2012,151,1,3
2012,152,1,3
2012,153,1,3
2012,154,1,3
2012,155,1,3
2012,156,1,3
2012,157,1,3
2012,158,1,3
2012,159,1,3
2012,160,1,3
2012,161,1,3
2012,162,1,3
2012,163,1,3
2012,164,1,3
2012,165,1,3
2012,166,1,3
2012,167,1,3
2012,168,1,3
2012,169,1,3
2012,170,1,3
2012,171,1,3
2012,172,1,3
2012,173,1,3
2012,174,1,3
2012,175,1,3
2012,176,1,2
2012,177,1,2
2012,178,1,2
2012,179,1,2
2012,180,1,2
2012,181,1,2
2012,182,1,2
2012,183,1,2
2012,184,1,2
2012,185,1,2
2012,186,1,2
2012,187,1,2
2012,188,1,2
2012,189,1,2
2012,190,1,2
2012,191,1,2
2012,192,1,2
2012,193,1,2
2012,194,1,2
2012,195,1,2
2012,196,1,2
2012,197,1,2
2012,198,1,2
2012,199,1,2
2012,200,1,2
2012,201,1,2
2012,202,1,2
2012,203,1,2
2012,204,1,2
2012,205,1,2
2012,206,1,2
2012,207,1,2
2012,208,1,2
2012,209,1,2
2012,210,1,2
2012,211,1,2
2012,212,1,2
2012,213,1,2
2012,214,1,2
2012,215,1,2
2012,216,1,2
2012,217,1,2
2012,218,1,2
2012,219,1,2
2012,220,1,2
2012,221,1,2
2012,222,1,2
2012,223,1,2
2012,224,1,2
2012,225,1,2
2012,226,1,2
2012,227,1,2
2012,228,1,2
2012,229,1,2
2012,230,1,2
2012,231,1,2
2012,232,1,2
2012,233,1,2
2012,234,1,2
2012,235,1,2
2012,236,1,2
2012,237,1,2
2012,238,1,2
2012,239,1,2
2012,240,1,2
2012,241,1,2
2012,242,1,2
2012,243,1,2
2012,244,1,2
2012,245,1,2
2012,246,1,2
2012,247,1,2
2012,248,1,2
2012,249,1,2
2012,250,1,2
2012,251,1,2
2012,252,1,2
2012,253,1,2
2012,254,1,2
2012,255,1,2
2012,256,1,2
2012,257,1,2
2012,258,1,2
2012,259,1,2
2012,260,1,2
2012,261,1,2
2012,262,1,2
2012,263,1,2
2012,264,1,2
2012,265,1,2
2012,266,1,2
2012,267,1,2
2012,268,1,2
2012,269,1,2
2012,270,1,2
2012,271,1,2
2012,272,1,2
2012,273,1,2
2012,274,1,2
2012,275,1,2
2012,276,1,2
2012,277,1,2
2012,278,1,2
2012,279,1,2
2012,280,1,2
2012,281,1,2
2012,282,1,2
2012,283,1,2
2012,284,1,2
2012,285,1,2
2012,286,1,2
2012,287,1,2
2012,288,1,2
2012,289,1,2
2012,290,1,2
2012,291,1,2
2012,292,1,2
2012,293,1,2
2012,294,1,2
2012,295,1,2
2012,296,1,2
2012,297,1,2
2012,298,1,2
2012,299,1,2
2012,300,1,2
2012,301,1,2
2012,302,1,2
2012,303,1,2
2012,304,1,2
2012,305,1,2
2012,306,1,2
2012,307,1,2
2012,308,1,2
2012,309,1,2
2012,310,1,2
2012,311,1,2
2012,312,1,2
2012,313,1,2
2012,314,1,2
2012,315,1,2
2012,316,1,2
2012,317,1,2
2012,318,1,2
2012,319,1,2
2012,320,1,2
2012,321,1,2
2012,322,1,2
2012,323,1,2
2012,324,1,2
2012,325,1,2
2012,326,1,2
2012,327,1,2
2012,328,1,2
2012,329,1,2
2012,330,1,2
2012,331,1,2
2012,332,1,2
2012,333,1,2
2012,334,1,2
2012,335,1,2
2012,336,1,2
2012,337,1,2
2012,338,1,2
2012,339,1,2
2012,340,1,2
2012,341,1,2
2012,342,1,2
2012,343,1,2
2012,344,1,2
2012,345,1,2
2012,346,1,2
2012,347,1,2
2012,348,1,2
2012,349,1,2
2012,350,1,2
2012,351,1,2
2012,352,1,2
2012,353,1,2
2012,354,1,2
2012,355,1,2
2012,356,1,2
2012,357,1,2
2012,358,1,2
2012,359,1,2
2012,360,1,2
2012,361,1,2
2012,362,1,2
2012,363,1,2
2012,364,1,2
2012,365,1,2
2012,366,1,2
2012,367,1,2
2012,368,1,2
2012,369,1,2
2012,370,1,2
2012,371,1,2
2012,372,1,2
2012,373,1,2
2012,374,1,2
2012,375,1,2
2012,376,1,2
2012,377,1,2
2012,378,1,2
2012,379,1,2
2012,380,1,2
2012,381,1,2
2012,382,1,2
2012,383,1,2
2012,384,1,2
2012,385,1,2
2012,386,1,2
2012,387,1,2
2012,388,1,2
2012,389,1,2
2012,390,1,2
2012,391,1,2
2012,392,1,2
2012,393,1,2
2012,394,1,2
2012,395,1,2
2012,396,1,2
2012,397,1,2
2012,398,1,2
2012,399,1,2
2012,400,1,2
2012,401,1,2
2012,402,1,2
2012,403,1,2
2012,404,1,2
2012,405,1,2
2012,406,1,2
2012,407,1,2
2012,408,1,2
2012,409,1,2
2012,410,1,2
2012,411,1,2
2012,412,1,2
2012,413,1,2
2012,414,1,2
2012,415,1,2
2012,416,1,2
2012,417,1,2
2012,418,1,2
2012,419,1,2
2012,420,1,2
2012,421,1,2
2012,422,1,2
2012,423,1,2
2012,424,1,2
2012,425,1,2
2012,426,1,2
2012,427,1,2
2012,428,1,2
2012,429,1,2
2012,430,1,2
2012,431,1,2
2012,432,1,2
2012,433,1,2
2012,434,1,2
2012,435,1,2
2012,436,1,2
2012,437,1,2
2012,438,1,2
2012,439,1,2
2012,440,1,2
2012,441,1,2
2012,442,1,2
2012,443,1,2
2012,444,1,2
2012,445,1,2
2012,446,1,2
2012,447,1,2
2012,448,1,2
2012,449,1,2
2012,450,1,2
2012,451,1,2
2012,452,1,2
2012,453,1,2
2012,454,1,2
2012,455,1,2
2012,456,1,2
2012,457,1,2
2012,458,1,2
2012,459,1,2
2012,460,1,3
2012,461,1,3
2012,462,1,3
2012,463,1,3
2012,464,1,3
2012,465,1,3
2012,466,1,3
2012,467,1,3
2012,468,1,3
2012,469,1,3
2012,470,1,3
2012,471,1,3
2012,472,1,3
2012,473,1,3
2012,474,1,3
2012,475,1,3
2012,476,1,3
2012,477,1,3
2012,478,1,3
2012,479,1,3
2012,480,1,3
2012,481,1,3
2012,482,1,3
2012,483,1,3
2012,484,1,3
2012,485,1,3
2012,486,1,3
2012,487,1,3
2012,488,1,3
2012,489,1,3
2012,490,1,3
2012,491,1,3
2012,492,1,3
2012,493,1,3
2012,494,1,3
2012,495,1,3
2012,496,1,3
2012,497,1,3
2012,498,1,3
2012,499,1,3
2012,500,1,3
2012,501,1,3
2012,502,1,3
2012,503,1,3
2012,504,1,3
2012,505,1,3
2012,506,1,3
2012,507,1,3
2012,508,1,2
2012,509,1,2
2012,510,1,2
2012,511,1,2
2012,512,1,2
2012,513,1,2
2012,514,1,2
2012,515,1,2
2012,516,1,2
2012,517,1,2
2012,518,1,2
2012,519,1,2
2012,520,1,2
2012,521,1,2
2012,522,1,2
2012,523,1,2
2012,524,1,2
2012,525,1,2
2012,526,1,2
2012,527,1,2
2012,528,1,2
2012,529,1,2
2012,530,1,2
2012,531,1,2
2012,532,1,2
2012,533,1,2
2012,534,1,2
2012,535,1,2
2012,536,1,2
2012,537,1,2
2012,538,1,2
2012,539,1,2
2012,540,1,2
2012,541,1,2
2012,542,1,2
2012,543,1,2
2012,544,1,2
2012,545,1,2
2012,546,1,2
2012,547,1,2
2012,548,1,2
2012,549,1,2
2012,550,1,2
2012,551,1,2
2012,552,1,2
2012,553,1,2
2012,554,1,2
2012,555,1,2
2012,556,1,2
2012,557,1,2
2012,558,1,2
2012,559,1,2
2012,560,1,2
2012,561,1,2
2012,562,1,2
2012,563,1,2
2012,564,1,2
2012,565,1,2
2012,566,1,2
2012,567,1,2
2012,568,1,2
2012,569,1,2
2012,570,1,2
2012,571,1,2
2012,572,1,2
2012,573,1,2
2012,574,1,2
2012,575,1,2
2012,576,1,2
2012,577,1,2
2012,578,1,3
2012,579,1,3
2012,580,1,3
2012,581,1,3
2012,582,1,3
2012,583,1,3
2012,584,1,3
2012,585,1,3
2012,586,1,3
2012,587,1,3
2012,588,1,3
2012,589,1,3
2012,590,1,3
2012,591,1,3
2012,592,1,3
2012,593,1,3
2012,594,1,3
2012,595,1,3
2012,596,1,3
2012,597,1,3
2012,598,1,3
2012,599,1,3
2012,600,1,3
2012,601,1,3
2012,602,1,3
2012,603,1,3
2012,604,1,3
2012,605,1,3
2012,606,1,3
2012,607,1,3
2012,608,1,3
2012,609,1,3
2012,610,1,3
2012,611,1,3
2012,612,1,3
2012,613,1,3
2012,614,1,3
2012,615,1,3
2012,616,1,3
2012,617,1,3
2012,618,1,2
2012,619,1,2
2012,620,1,2
2012,621,1,2
2012,622,1,2
2012,623,1,2
2012,624,1,2
2012,625,1,2
2012,626,1,2
2012,627,1,2
2012,628,1,2
2012,629,1,2
2012,630,1,2
2012,631,1,2
2012,632,1,2
2012,633,1,2
2012,634,1,2
2012,635,1,2
2012,636,1,2
2012,637,1,2
2013,122,1,2
2013,123,1,3
2013,124,1,3
2013,125,1,3
2013,126,1,3
2013,127,1,3
2013,128,1,3
2013,129,1,3
2013,130,1,3
2013,131,1,3
2013,132,1,3
2013,133,1,3
2013,134,1,3
2013,135,1,3
2013,136,1,3
2013,137,1,3
2013,138,1,3
2013,139,1,3
2013,140,1,3
2013,141,1,3
2013,142,1,3
2013,143,1,3
2013,144,1,3
2013,145,1,3
2013,146,1,3
2013,147,1,3
2013,148,1,3
2013,149,1,3
2013,150,1,3
2013,151,1,3
2013,152,1,3
2013,153,1,3
2013,154,1,3
2013,155,1,3
2013,156,1,3
2013,157,1,3
2013,158,1,3
2013,159,1,3
2013,160,1,3
2013,161,1,3
2013,162,1,3
2013,163,1,3
2013,164,1,3
2013,165,1,3
2013,166,1,3
2013,167,1,3
2013,168,1,3
2013,169,1,3
2013,170,1,3
2013,171,1,3
2013,172,1,3
2013,173,1,3
2013,174,1,3
2013,175,1,3
2013,176,1,2
2013,177,1,2
2013,178,1,2
2013,179,1,2
2013,180,1,2
2013,181,1,2
2013,182,1,2
2013,183,1,2
2013,184,1,2
2013,185,1,2
2013,186,1,2
2013,187,1,2
2013,188,1,2
2013,189,1,2
2013,190,1,2
2013,191,1,2
2013,192,1,2
2013,193,1,2
2013,194,1,2
2013,195,1,2
2013,196,1,2
2013,197,1,2
2013,198,1,2
2013,199,1,2
2013,200,1,2
2013,201,1,2
2013,202,1,2
2013,203,1,2
2013,204,1,2
2013,205,1,2
2013,206,1,2
2013,207,1,2
2013,208,1,2
2013,209,1,2
2013,210,1,2
2013,211,1,2
2013,212,1,2
2013,213,1,2
2013,214,1,2
2013,215,1,2
2013,216,1,2
2013,217,1,2
2013,218,1,2
2013,219,1,2
2013,220,1,2
2013,221,1,2
2013,222,1,2
2013,223,1,2
2013,224,1,2
2013,225,1,2
2013,226,1,2
2013,227,1,2
2013,228,1,2
2013,229,1,2
2013,230,1,2
2013,231,1,2
2013,232,1,2
2013,233,1,2
2013,234,1,2
2013,235,1,2
2013,236,1,2
2013,237,1,2
2013,238,1,2
2013,239,1,2
2013,240,1,2
2013,241,1,2
2013,242,1,2
2013,243,1,2
2013,244,1,2
2013,245,1,2
2013,246,1,2
2013,247,1,2
2013,248,1,2
2013,249,1,2
2013,250,1,2
2013,251,1,2
2013,252,1,2
2013,253,1,2
2013,254,1,2
2013,255,1,2
2013,256,1,2
2013,257,1,2
2013,258,1,2
2013,259,1,2
2013,260,1,2
2013,261,1,2
2013,262,1,2
2013,263,1,2
2013,264,1,2
2013,265,1,2
2013,266,1,2
2013,267,1,2
2013,268,1,2
2013,269,1,2
2013,270,1,2
2013,271,1,2
2013,272,1,2
2013,273,1,2
2013,274,1,2
2013,275,1,2
2013,276,1,2
2013,277,1,2
2013,278,1,2
2013,279,1,2
2013,280,1,2
2013,281,1,2
2013,282,1,2
2013,283,1,2
2013,284,1,2
2013,285,1,2
2013,286,1,2
2013,287,1,2
2013,288,1,2
2013,289,1,2
2013,290,1,2
2013,291,1,2
2013,292,1,2
2013,293,1,2
2013,294,1,2
2013,295,1,2
2013,296,1,2
2013,297,1,2
2013,298,1,2
2013,299,1,2
2013,300,1,2
2013,301,1,2
2013,302,1,2
2013,303,1,2
2013,304,1,2
2013,305,1,2
2013,306,1,2
2013,307,1,2
2013,308,1,2
2013,309,1,2
2013,310,1,2
2013,311,1,2
2013,312,1,2
2013,313,1,2
2013,314,1,2
2013,315,1,2
2013,316,1,2
2013,317,1,2
2013,318,1,2
2013,319,1,2
2013,320,1,2
2013,321,1,2
2013,322,1,2
2013,323,1,2
2013,324,1,2
2013,325,1,2
2013,326,1,2
2013,327,1,2
2013,328,1,2
2013,329,1,2
2013,330,1,2
2013,331,1,2
2013,332,1,2
2013,333,1,2
2013,334,1,2
2013,335,1,2
2013,336,1,2
2013,337,1,2
2013,338,1,2
2013,339,1,2
2013,340,1,2
2013,341,1,2
2013,342,1,2
2013,343,1,2
2013,344,1,2
2013,345,1,2
2013,346,1,2
2013,347,1,2
2013,348,1,2
2013,349,1,2
2013,350,1,2
2013,351,1,2
2013,352,1,2
2013,353,1,2
2013,354,1,2
2013,355,1,2
2013,356,1,2
2013,357,1,2
2013,358,1,2
2013,359,1,2
2013,360,1,2
2013,361,1,2
2013,362,1,2
2013,363,1,2
2013,364,1,2
2013,365,1,2
2013,366,1,2
2013,367,1,2
2013,368,1,2
2013,369,1,2
2013,370,1,2
2013,371,1,2
2013,372,1,2
2013,373,1,2
2013,374,1,2
2013,375,1,2
2013,376,1,2
2013,377,1,2
2013,378,1,2
2013,379,1,2
2013,380,1,2
2013,381,1,2
2013,382,1,2
2013,383,1,2
2013,384,1,2
2013,385,1,2
2013,386,1,2
2013,387,1,2
2013,388,1,2
2013,389,1,2
2013,390,1,2
2013,391,1,2
2013,392,1,2
2013,393,1,2
2013,394,1,2
2013,395,1,2
2013,396,1,2
2013,397,1,2
2013,398,1,2
2013,399,1,2
2013,400,1,2
2013,401,1,2
2013,402,1,2
2013,403,1,2
2013,404,1,2
2013,405,1,2
2013,406,1,2
2013,407,1,2
2013,408,1,2
2013,409,1,2
2013,410,1,2
2013,411,1,2
2013,412,1,2
2013,413,1,2
2013,414,1,2
2013,415,1,2
2013,416,1,2
2013,417,1,2
2013,418,1,2
2013,419,1,2
2013,420,1,2
2013,421,1,2
2013,422,1,2
2013,423,1,2
2013,424,1,2
2013,425,1,2
2013,426,1,2
2013,427,1,2
2013,428,1,2
2013,429,1,2
2013,430,1,2
2013,431,1,2
2013,432,1,2
2013,433,1,2
2013,434,1,2
2013,435,1,2
2013,436,1,2
2013,437,1,2
2013,438,1,2
2013,439,1,2
2013,440,1,2
2013,441,1,2
2013,442,1,2
2013,443,1,2
2013,444,1,2
2013,445,1,2
2013,446,1,2
2013,447,1,2
2013,448,1,2
2013,449,1,2
2013,450,1,2
2013,451,1,2
2013,452,1,2
2013,453,1,2
2013,454,1,2
2013,455,1,2
2013,456,1,2
2013,457,1,2
2013,458,1,2
2013,459,1,3
2013,460,1,3
2013,461,1,3
2013,462,1,3
2013,463,1,3
2013,464,1,3
2013,465,1,3
2013,466,1,3
2013,467,1,3
2013,468,1,3
2013,469,1,3
2013,470,1,3
2013,471,1,3
2013,472,1,3
2013,473,1,3
2013,474,1,3
2013,475,1,3
2013,476,1,3
2013,477,1,3
2013,478,1,3
2013,479,1,3
2013,480,1,3
2013,481,1,3
2013,482,1,3
2013,483,1,3
2013,484,1,3
2013,485,1,3
2013,486,1,3
2013,487,1,3
2013,488,1,3
2013,489,1,3
2013,490,1,3
2013,491,1,3
2013,492,1,3
2013,493,1,3
2013,494,1,3
2013,495,1,3
2013,496,1,3
2013,497,1,3
2013,498,1,3
2013,499,1,3
2013,500,1,3
2013,501,1,3
2013,502,1,3
2013,503,1,3
2013,504,1,3
2013,505,1,3
2013,506,1,3
2013,507,1,3
2013,508,1,2
2013,509,1,2
2013,510,1,2
2013,511,1,2
2013,512,1,2
2013,513,1,2
2013,514,1,2
2013,515,1,2
2013,516,1,2
2013,517,1,2
2013,518,1,2
2013,519,1,2
2013,520,1,2
2013,521,1,2
2013,522,1,2
2013,523,1,2
2013,524,1,2
2013,525,1,2
2013,526,1,2
2013,527,1,2
2013,528,1,2
2013,529,1,2
2013,530,1,2
2013,531,1,2
2013,532,1,2
2013,533,1,2
2013,534,1,2
2013,535,1,2
2013,536,1,2
2013,537,1,2
2013,538,1,2
2013,539,1,2
2013,540,1,2
2013,541,1,2
2013,542,1,2
2013,543,1,2
2013,544,1,2
2013,545,1,2
2013,546,1,2
2013,547,1,2
2013,548,1,2
2013,549,1,2
2013,550,1,2
2013,551,1,2
2013,552,1,2
2013,553,1,2
2013,554,1,2
2013,555,1,2
2013,556,1,2
2013,557,1,2
2013,558,1,2
2013,559,1,2
2013,560,1,2
2013,561,1,2
2013,562,1,2
2013,563,1,2
2013,564,1,2
2013,565,1,2
2013,566,1,2
2013,567,1,2
2013,568,1,2
2013,569,1,2
2013,570,1,2
2013,571,1,2
2013,572,1,2
2013,573,1,2
2013,574,1,2
2013,575,1,2
2013,576,1,2
2013,577,1,2
2013,578,1,2
2013,579,1,2
2013,580,1,3
2013,581,1,3
2013,582,1,3
2013,583,1,3
2013,584,1,3
2013,585,1,3
2013,586,1,3
2013,587,1,3
2013,588,1,3
2013,589,1,3
2013,590,1,3
2013,591,1,3
2013,592,1,3
2013,593,1,3
2013,594,1,3
2013,595,1,3
2013,596,1,3
2013,597,1,3
2013,598,1,3
2013,599,1,3
2013,600,1,3
2013,601,1,3
2013,602,1,3
2013,603,1,3
2013,604,1,3
2013,605,1,3
2013,606,1,3
2013,607,1,3
2013,608,1,3
2013,609,1,3
2013,610,1,3
2013,611,1,3
2013,612,1,3
2013,613,1,3
2013,614,1,3
2013,615,1,3
2013,616,1,3
2013,617,1,3
2013,618,1,2
2013,619,1,2
2013,620,1,2
2013,621,1,2
2013,622,1,2
2013,623,1,2
2013,624,1,2
2013,625,1,2
2013,626,1,2
2013,627,1,2
2013,628,1,2
2013,629,1,2
2013,630,1,2
2013,631,1,2
2013,632,1,2
2013,633,1,2
2013,634,1,2
2013,635,1,2
2013,636,1,2
2014,122,1,2
2014,123,1,3
2014,124,1,3
2014,125,1,3
2014,126,1,3
2014,127,1,3
2014,128,1,3
2014,129,1,3
2014,130,1,3
2014,131,1,3
2014,132,1,3
2014,133,1,3
2014,134,1,3
2014,135,1,3
2014,136,1,3
2014,137,1,3
2014,138,1,3
2014,139,1,3
2014,140,1,3
2014,141,1,3
2014,142,1,3
2014,143,1,3
2014,144,1,3
2014,145,1,3
2014,146,1,3
2014,147,1,3
2014,148,1,3
2014,149,1,3
2014,150,1,3
2014,151,1,3
2014,152,1,3
2014,153,1,3
2014,154,1,3
2014,155,1,3
2014,156,1,3
2014,157,1,3
2014,158,1,3
2014,159,1,3
2014,160,1,3
2014,161,1,3
2014,162,1,3
2014,163,1,3
2014,164,1,3
2014,165,1,3
2014,166,1,3
2014,167,1,3
2014,168,1,3
2014,169,1,3
2014,170,1,3
2014,171,1,3
2014,172,1,3
2014,173,1,3
2014,174,1,3
2014,175,1,3
2014,176,1,2
2014,177,1,2
2014,178,1,2
2014,179,1,2
2014,180,1,2
2014,181,1,2
2014,182,1,2
2014,183,1,2
2014,184,1,2
2014,185,1,2
2014,186,1,2
2014,187,1,2
2014,188,1,2
2014,189,1,2
2014,190,1,2
2014,191,1,2
2014,192,1,2
2014,193,1,2
2014,194,1,2
2014,195,1,2
2014,196,1,2
2014,197,1,2
2014,198,1,2
2014,199,1,2
2014,200,1,2
2014,201,1,2
2014,202,1,2
2014,203,1,2
2014,204,1,2
2014,205,1,2
2014,206,1,2
2014,207,1,2
2014,208,1,2
2014,209,1,2
2014,210,1,2
2014,211,1,2
2014,212,1,2
2014,213,1,2
2014,214,1,2
2014,215,1,2
2014,216,1,2
2014,217,1,2
2014,218,1,2
2014,219,1,2
2014,220,1,2
2014,221,1,2
2014,222,1,2
2014,223,1,2
2014,224,1,2
2014,225,1,2
2014,226,1,2
2014,227,1,2
2014,228,1,2
2014,229,1,2
2014,230,1,2
2014,231,1,2
2014,232,1,2
2014,233,1,2
2014,234,1,2
2014,235,1,2
2014,236,1,2
2014,237,1,2
2014,238,1,2
2014,239,1,2
2014,240,1,2
2014,241,1,2
2014,242,1,2
2014,243,1,2
2014,244,1,2
2014,245,1,2
2014,246,1,2
2014,247,1,2
2014,248,1,2
2014,249,1,2
2014,250,1,2
2014,251,1,2
2014,252,1,2
2014,253,1,2
2014,254,1,2
2014,255,1,2
2014,256,1,2
2014,257,1,2
2014,258,1,2
2014,259,1,2
2014,260,1,2
2014,261,1,2
2014,262,1,2
2014,263,1,2
2014,264,1,2
2014,265,1,2
2014,266,1,2
2014,267,1,2
2014,268,1,2
2014,269,1,2
2014,270,1,2
2014,271,1,2
2014,272,1,2
2014,273,1,2
2014,274,1,2
2014,275,1,2
2014,276,1,2
2014,277,1,2
2014,278,1,2
2014,279,1,2
2014,280,1,2
2014,281,1,2
2014,282,1,2
2014,283,1,2
2014,284,1,2
2014,285,1,2
2014,286,1,2
2014,287,1,2
2014,288,1,2
2014,289,1,2
2014,290,1,2
2014,291,1,2
2014,292,1,2
2014,293,1,2
2014,294,1,2
2014,295,1,2
2014,296,1,2
2014,297,1,2
2014,298,1,2
2014,299,1,2
2014,300,1,2
2014,301,1,2
2014,302,1,2
2014,303,1,2
2014,304,1,2
2014,305,1,2
2014,306,1,2
2014,307,1,2
2014,308,1,2
2014,309,1,2
2014,310,1,2
2014,311,1,2
2014,312,1,2
2014,313,1,2
2014,314,1,2
2014,315,1,2
2014,316,1,2
2014,317,1,2
2014,318,1,2
2014,319,1,2
2014,320,1,2
2014,321,1,2
2014,322,1,2
2014,323,1,2
2014,324,1,2
2014,325,1,2
2014,326,1,2
2014,327,1,2
2014,328,1,2
2014,329,1,2
2014,330,1,2
2014,331,1,2
2014,332,1,2
2014,333,1,2
2014,334,1,2
2014,335,1,2
2014,336,1,2
2014,337,1,2
2014,338,1,2
2014,339,1,2
2014,340,1,2
2014,341,1,2
2014,342,1,2
2014,343,1,2
2014,344,1,2
2014,345,1,2
2014,346,1,2
2014,347,1,2
2014,348,1,2
2014,349,1,2
2014,350,1,2
2014,351,1,2
2014,352,1,2
2014,353,1,2
2014,354,1,2
2014,355,1,2
2014,356,1,2
2014,357,1,2
2014,358,1,2
2014,359,1,2
2014,360,1,2
2014,361,1,2
2014,362,1,2
2014,363,1,2
2014,364,1,2
2014,365,1,2
2014,366,1,2
2014,367,1,2
2014,368,1,2
2014,369,1,2
2014,370,1,2
2014,371,1,2
2014,372,1,2
2014,373,1,2
2014,374,1,2
2014,375,1,2
2014,376,1,2
2014,377,1,2
2014,378,1,2
2014,379,1,2
2014,380,1,2
2014,381,1,2
2014,382,1,2
2014,383,1,2
2014,384,1,2
2014,385,1,2
2014,386,1,2
2014,387,1,2
2014,388,1,2
2014,389,1,2
2014,390,1,2
2014,391,1,2
2014,392,1,2
2014,393,1,2
2014,394,1,2
2014,395,1,2
2014,396,1,2
2014,397,1,2
2014,398,1,2
2014,399,1,2
2014,400,1,2
2014,401,1,2
2014,402,1,2
2014,403,1,2
2014,404,1,2
2014,405,1,2
2014,406,1,2
2014,407,1,2
2014,408,1,2
2014,409,1,2
2014,410,1,2
2014,411,1,2
2014,412,1,2
2014,413,1,2
2014,414,1,2
2014,415,1,2
2014,416,1,2
2014,417,1,2
2014,418,1,2
2014,419,1,2
2014,420,1,2
2014,421,1,2
2014,422,1,2
2014,423,1,2
2014,424,1,2
2014,425,1,2
2014,426,1,2
2014,427,1,2
2014,428,1,2
2014,429,1,2
2014,430,1,2
2014,431,1,2
2014,432,1,2
2014,433,1,2
2014,434,1,2
2014,435,1,2
2014,436,1,2
2014,437,1,2
2014,438,1,2
2014,439,1,2
2014,440,1,2
2014,441,1,2
2014,442,1,2
2014,443,1,2
2014,444,1,2
2014,445,1,2
2014,446,1,2
2014,447,1,2
2014,448,1,2
2014,449,1,2
2014,450,1,2
2014,451,1,2
2014,452,1,2
2014,453,1,2
2014,454,1,2
2014,455,1,2
2014,456,1,2
2014,457,1,2
2014,458,1,2
2014,459,1,3
2014,460,1,3
2014,461,1,3
2014,462,1,3
2014,463,1,3
2014,464,1,3
2014,465,1,3
2014,466,1,3
2014,467,1,3
2014,468,1,3
2014,469,1,3
2014,470,1,3
2014,471,1,3
2014,472,1,3
2014,473,1,3
2014,474,1,3
2014,475,1,3
2014,476,1,3
2014,477,1,3
2014,478,1,3
2014,479,1,3
2014,480,1,3
2014,481,1,3
2014,482,1,3
2014,483,1,3
2014,484,1,3
2014,485,1,3
2014,486,1,3
2014,487,1,3
2014,488,1,3
2014,489,1,3
2014,490,1,3
2014,491,1,3
2014,492,1,3
2014,493,1,3
2014,494,1,3
2014,495,1,3
2014,496,1,3
2014,497,1,3
2014,498,1,3
2014,499,1,3
2014,500,1,3
2014,501,1,3
2014,502,1,3
2014,503,1,3
2014,504,1,3
2014,505,1,3
2014,506,1,3
2014,507,1,3
2014,508,1,2
2014,509,1,2
2014,510,1,2
2014,511,1,2
2014,512,1,2
2014,513,1,2
2014,514,1,2
2014,515,1,2
2014,516,1,2
2014,517,1,2
2014,518,1,2
2014,519,1,2
2014,520,1,2
2014,521,1,2
2014,522,1,2
2014,523,1,2
2014,524,1,2
2014,525,1,2
2014,526,1,2
2014,527,1,2
2014,528,1,2
2014,529,1,2
2014,530,1,2
2014,531,1,2
2014,532,1,2
2014,533,1,2
2014,534,1,2
2014,535,1,2
2014,536,1,2
2014,537,1,2
2014,538,1,2
2014,539,1,2
2014,540,1,2
2014,541,1,2
2014,542,1,2
2014,543,1,2
2014,544,1,2
2014,545,1,2
2014,546,1,2
2014,547,1,2
2014,548,1,2
2014,549,1,2
2014,550,1,2
2014,551,1,2
2014,552,1,2
2014,553,1,2
2014,554,1,2
2014,555,1,2
2014,556,1,2
2014,557,1,2
2014,558,1,2
2014,559,1,2
2014,560,1,2
2014,561,1,2
2014,562,1,2
2014,563,1,2
2014,564,1,2
2014,565,1,2
2014,566,1,2
2014,567,1,2
2014,568,1,2
2014,569,1,2
2014,570,1,2
2014,571,1,2
2014,572,1,2
2014,573,1,2
2014,574,1,2
2014,575,1,2
2014,576,1,2
2014,577,1,2
2014,578,1,3
2014,579,1,3
2014,580,1,3
2014,581,1,3
2014,582,1,3
2014,583,1,3
2014,584,1,3
2014,585,1,3
2014,586,1,3
2014,587,1,3
2014,588,1,3
2014,589,1,3
2014,590,1,3
2014,591,1,3
2014,592,1,3
2014,593,1,3
2014,594,1,3
2014,595,1,3
2014,596,1,3
2014,597,1,3
2014,598,1,3
2014,599,1,3
2014,600,1,3
2014,601,1,3
2014,602,1,3
2014,603,1,3
2014,604,1,3
2014,605,1,3
2014,606,1,3
2014,607,1,3
2014,608,1,3
2014,609,1,3
2014,610,1,3
2014,611,1,3
2014,612,1,3
2014,613,1,3
2014,614,1,3
2014,615,1,3
2014,616,1,3
2014,617,1,3
2014,618,1,2
2014,619,1,2
2014,620,1,2
2014,621,1,2
2014,622,1,2
2014,623,1,2
2014,624,1,2
2014,625,1,2
2014,626,1,2
2014,627,1,2
2014,628,1,2
2014,629,1,2
2014,630,1,2
2014,631,1,2
2014,632,1,2
2014,633,1,2
2014,634,1,2
2014,635,1,2
2014,636,1,2
2015,122,1,2
2015,123,1,3
2015,124,1,3
2015,125,1,3
2015,126,1,3
2015,127,1,3
2015,128,1,3
2015,129,1,3
2015,130,1,3
2015,131,1,3
2015,132,1,3
2015,133,1,3
2015,134,1,3
2015,135,1,3
2015,136,1,3
2015,137,1,3
2015,138,1,3
2015,139,1,3
2015,140,1,3
2015,141,1,3
2015,142,1,3
2015,143,1,3
2015,144,1,3
2015,145,1,3
2015,146,1,3
2015,147,1,3
2015,148,1,3
2015,149,1,3
2015,150,1,3
2015,151,1,3
2015,152,1,3
2015,153,1,3
2015,154,1,3
2015,155,1,3
2015,156,1,3
2015,157,1,3
2015,158,1,3
2015,159,1,3
2015,160,1,3
2015,161,1,3
2015,162,1,3
2015,163,1,3
2015,164,1,3
2015,165,1,3
2015,166,1,3
2015,167,1,3
2015,168,1,3
2015,169,1,3
2015,170,1,3
2015,171,1,3
2015,172,1,3
2015,173,1,3
2015,174,1,3
2015,175,1,3
2015,176,1,2
2015,177,1,2
2015,178,1,2
2015,179,1,2
2015,180,1,2
2015,181,1,2
2015,182,1,2
2015,183,1,2
2015,184,1,2
2015,185,1,2
2015,186,1,2
2015,187,1,2
2015,188,1,2
2015,189,1,2
2015,190,1,2
2015,191,1,2
2015,192,1,2
2015,193,1,2
2015,194,1,2
2015,195,1,2
2015,196,1,2
2015,197,1,2
2015,198,1,2
2015,199,1,2
2015,200,1,2
2015,201,1,2
2015,202,1,2
2015,203,1,2
2015,204,1,2
2015,205,1,2
2015,206,1,2
2015,207,1,2
2015,208,1,2
2015,209,1,2
2015,210,1,2
2015,211,1,2
2015,212,1,2
2015,213,1,2
2015,214,1,2
2015,215,1,2
2015,216,1,2
2015,217,1,2
2015,218,1,2
2015,219,1,2
2015,220,1,2
2015,221,1,2
2015,222,1,2
2015,223,1,2
2015,224,1,2
2015,225,1,2
2015,226,1,2
2015,227,1,2
2015,228,1,2
2015,229,1,2
2015,230,1,2
2015,231,1,2
2015,232,1,2
2015,233,1,2
2015,234,1,2
2015,235,1,2
2015,236,1,2
2015,237,1,2
2015,238,1,2
2015,239,1,2
2015,240,1,2
2015,241,1,2
2015,242,1,2
2015,243,1,2
2015,244,1,2
2015,245,1,2
2015,246,1,2
2015,247,1,2
2015,248,1,2
2015,249,1,2
2015,250,1,2
2015,251,1,2
2015,252,1,2
2015,253,1,2
2015,254,1,2
2015,255,1,2
2015,256,1,2
2015,257,1,2
2015,258,1,2
2015,259,1,2
2015,260,1,2
2015,261,1,2
2015,262,1,2
2015,263,1,2
2015,264,1,2
2015,265,1,2
2015,266,1,2
2015,267,1,2
2015,268,1,2
2015,269,1,2
2015,270,1,2
2015,271,1,2
2015,272,1,2
2015,273,1,2
2015,274,1,2
2015,275,1,2
2015,276,1,2
2015,277,1,2
2015,278,1,2
2015,279,1,2
2015,280,1,2
2015,281,1,2
2015,282,1,2
2015,283,1,2
2015,284,1,2
2015,285,1,2
2015,286,1,2
2015,287,1,2
2015,288,1,2
2015,289,1,2
2015,290,1,2
2015,291,1,2
2015,292,1,2
2015,293,1,2
2015,294,1,2
2015,295,1,2
2015,296,1,2
2015,297,1,2
2015,298,1,2
2015,299,1,2
2015,300,1,2
2015,301,1,2
2015,302,1,2
2015,303,1,2
2015,304,1,2
2015,305,1,2
2015,306,1,2
2015,307,1,2
2015,308,1,2
2015,309,1,2
2015,310,1,2
2015,311,1,2
2015,312,1,2
2015,313,1,2
2015,314,1,2
2015,315,1,2
2015,316,1,2
2015,317,1,2
2015,318,1,2
2015,319,1,2
2015,320,1,2
2015,321,1,2
2015,322,1,2
2015,323,1,2
2015,324,1,2
2015,325,1,2
2015,326,1,2
2015,327,1,2
2015,328,1,2
2015,329,1,2
2015,330,1,2
2015,331,1,2
2015,332,1,2
2015,333,1,2
2015,334,1,2
2015,335,1,2
2015,336,1,2
2015,337,1,2
2015,338,1,2
2015,339,1,2
2015,340,1,2
2015,341,1,2
2015,342,1,2
2015,343,1,2
2015,344,1,2
2015,345,1,2
2015,346,1,2
2015,347,1,2
2015,348,1,2
2015,349,1,2
2015,350,1,2
2015,351,1,2
2015,352,1,2
2015,353,1,2
2015,354,1,2
2015,355,1,2
2015,356,1,2
2015,357,1,2
2015,358,1,2
2015,359,1,2
2015,360,1,2
2015,361,1,2
2015,362,1,2
2015,363,1,2
2015,364,1,2
2015,365,1,2
2015,366,1,2
2015,367,1,2
2015,368,1,2
2015,369,1,2
2015,370,1,2
2015,371,1,2
2015,372,1,2
2015,373,1,2
2015,374,1,2
2015,375,1,2
2015,376,1,2
2015,377,1,2
2015,378,1,2
2015,379,1,2
2015,380,1,2
2015,381,1,2
2015,382,1,2
2015,383,1,2
2015,384,1,2
2015,385,1,2
2015,386,1,2
2015,387,1,2
2015,388,1,2
2015,389,1,2
2015,390,1,2
2015,391,1,2
2015,392,1,2
2015,393,1,2
2015,394,1,2
2015,395,1,2
2015,396,1,2
2015,397,1,2
2015,398,1,2
2015,399,1,2
2015,400,1,2
2015,401,1,2
2015,402,1,2
2015,403,1,2
2015,404,1,2
2015,405,1,2
2015,406,1,2
2015,407,1,2
2015,408,1,2
2015,409,1,2
2015,410,1,2
2015,411,1,2
2015,412,1,2
2015,413,1,2
2015,414,1,2
2015,415,1,2
2015,416,1,2
2015,417,1,2
2015,418,1,2
2015,419,1,2
2015,420,1,2
2015,421,1,2
2015,422,1,2
2015,423,1,2
2015,424,1,2
2015,425,1,2
2015,426,1,2
2015,427,1,2
2015,428,1,2
2015,429,1,2
2015,430,1,2
2015,431,1,2
2015,432,1,2
2015,433,1,2
2015,434,1,2
2015,435,1,2
2015,436,1,2
2015,437,1,2
2015,438,1,2
2015,439,1,2
2015,440,1,2
2015,441,1,2
2015,442,1,2
2015,443,1,2
2015,444,1,2
2015,445,1,2
2015,446,1,2
2015,447,1,2
2015,448,1,2
2015,449,1,2
2015,450,1,2
2015,451,1,2
2015,452,1,2
2015,453,1,2
2015,454,1,2
2015,455,1,2
2015,456,1,2
2015,457,1,2
2015,458,1,3
2015,459,1,3
2015,460,1,3
2015,461,1,3
2015,462,1,3
2015,463,1,3
2015,464,1,3
2015,465,1,3
2015,466,1,3
2015,467,1,3
2015,468,1,3
2015,469,1,3
2015,470,1,3
2015,471,1,3
2015,472,1,3
2015,473,1,3
2015,474,1,3
2015,475,1,3
2015,476,1,3
2015,477,1,3
2015,478,1,3
2015,479,1,3
2015,480,1,3
2015,481,1,3
2015,482,1,3
2015,483,1,3
2015,484,1,3
2015,485,1,3
2015,486,1,3
2015,487,1,3
2015,488,1,3
2015,489,1,3
2015,490,1,3
2015,491,1,3
2015,492,1,3
2015,493,1,3
2015,494,1,3
2015,495,1,3
2015,496,1,3
2015,497,1,3
2015,498,1,3
2015,499,1,3
2015,500,1,3
2015,501,1,3
2015,502,1,3
2015,503,1,3
2015,504,1,3
2015,505,1,3
2015,506,1,3
2015,507,1,3
2015,508,1,2
2015,509,1,2
2015,510,1,2
2015,511,1,2
2015,512,1,2
2015,513,1,2
2015,514,1,2
2015,515,1,2
2015,516,1,2
2015,517,1,2
2015,518,1,2
2015,519,1,2
2015,520,1,2
2015,521,1,2
2015,522,1,2
2015,523,1,2
2015,524,1,2
2015,525,1,2
2015,526,1,2
2015,527,1,2
2015,528,1,2
2015,529,1,2
2015,530,1,2
2015,531,1,2
2015,532,1,2
2015,533,1,2
2015,534,1,2
2015,535,1,2
2015,536,1,2
2015,537,1,2
2015,538,1,2
2015,539,1,2
2015,540,1,2
2015,541,1,2
2015,542,1,2
2015,543,1,2
2015,544,1,2
2015,545,1,2
2015,546,1,2
2015,547,1,2
2015,548,1,2
2015,549,1,2
2015,550,1,2
2015,551,1,2
2015,552,1,2
2015,553,1,2
2015,554,1,2
2015,555,1,2
2015,556,1,2
2015,557,1,2
2015,558,1,2
2015,559,1,2
2015,560,1,2
2015,561,1,2
2015,562,1,2
2015,563,1,2
2015,564,1,2
2015,565,1,2
2015,566,1,2
2015,567,1,2
2015,568,1,2
2015,569,1,2
2015,570,1,2
2015,571,1,2
2015,572,1,2
2015,573,1,2
2015,574,1,2
2015,575,1,2
2015,576,1,2
2015,577,1,2
2015,578,1,2
2015,579,1,2
2015,580,1,3
2015,581,1,3
2015,582,1,3
2015,583,1,3
2015,584,1,3
2015,585,1,3
2015,586,1,3
2015,587,1,3
2015,588,1,3
2015,589,1,3
2015,590,1,3
2015,591,1,3
2015,592,1,3
2015,593,1,3
2015,594,1,3
2015,595,1,3
2015,596,1,3
2015,597,1,3
2015,598,1,3
2015,599,1,3
2015,600,1,3
2015,601,1,3
2015,602,1,3
2015,603,1,3
2015,604,1,3
2015,605,1,3
2015,606,1,3
2015,607,1,3
2015,608,1,3
2015,609,1,3
2015,610,1,3
2015,611,1,3
2015,612,1,3
2015,613,1,3
2015,614,1,3
2015,615,1,3
2015,616,1,3
2015,617,1,3
2015,618,1,2
2015,619,1,2
2015,620,1,2
2015,621,1,2
2015,622,1,2
2015,623,1,2
2015,624,1,2
2015,625,1,2
2015,626,1,2
2015,627,1,2
2015,628,1,2
2015,629,1,2
2015,630,1,2
2015,631,1,2
2015,632,1,2
2015,633,1,2
2015,634,1,2
2015,635,1,2
2015,636,1,2
2016,122,1,2
2016,123,1,3
2016,124,1,3
2016,125,1,3
2016,126,1,3
2016,127,1,3
2016,128,1,3
2016,129,1,3
2016,130,1,3
2016,131,1,3
2016,132,1,3
2016,133,1,3
2016,134,1,3
2016,135,1,3
2016,136,1,3
2016,137,1,3
2016,138,1,3
2016,139,1,3
2016,140,1,3
2016,141,1,3
2016,142,1,3
2016,143,1,3
2016,144,1,3
2016,145,1,3
2016,146,1,3
2016,147,1,3
2016,148,1,3
2016,149,1,3
2016,150,1,3
2016,151,1,3
2016,152,1,3
2016,153,1,3
2016,154,1,3
2016,155,1,3
2016,156,1,3
2016,157,1,3
2016,158,1,3
2016,159,1,3
2016,160,1,3
2016,161,1,3
2016,162,1,3
2016,163,1,3
2016,164,1,3
2016,165,1,3
2016,166,1,3
2016,167,1,3
2016,168,1,3
2016,169,1,3
2016,170,1,3
2016,171,1,3
2016,172,1,3
2016,173,1,3
2016,174,1,3
2016,175,1,2
2016,176,1,2
2016,177,1,2
2016,178,1,2
2016,179,1,2
2016,180,1,2
2016,181,1,2
2016,182,1,2
2016,183,1,2
2016,184,1,2
2016,185,1,2
2016,186,1,2
2016,187,1,2
2016,188,1,2
2016,189,1,2
2016,190,1,2
2016,191,1,2
2016,192,1,2
2016,193,1,2
2016,194,1,2
2016,195,1,2
2016,196,1,2
2016,197,1,2
2016,198,1,2
2016,199,1,2
2016,200,1,2
2016,201,1,2
2016,202,1,2
2016,203,1,2
2016,204,1,2
2016,205,1,2
2016,206,1,2
2016,207,1,2
2016,208,1,2
2016,209,1,2
2016,210,1,2
2016,211,1,2
2016,212,1,2
2016,213,1,2
2016,214,1,2
2016,215,1,2
2016,216,1,2
2016,217,1,2
2016,218,1,2
2016,219,1,2
2016,220,1,2
2016,221,1,2
2016,222,1,2
2016,223,1,2
2016,224,1,2
2016,225,1,2
2016,226,1,2
2016,227,1,2
2016,228,1,2
2016,229,1,2
2016,230,1,2
2016,231,1,2
2016,232,1,2
2016,233,1,2
2016,234,1,2
2016,235,1,2
2016,236,1,2
2016,237,1,2
2016,238,1,2
2016,239,1,2
2016,240,1,2
2016,241,1,2
2016,242,1,2
2016,243,1,2
2016,244,1,2
2016,245,1,2
2016,246,1,2
2016,247,1,2
2016,248,1,2
2016,249,1,2
2016,250,1,2
2016,251,1,2
2016,252,1,2
2016,253,1,2
2016,254,1,2
2016,255,1,2
2016,256,1,2
2016,257,1,2
2016,258,1,2
2016,259,1,2
2016,260,1,2
2016,261,1,2
2016,262,1,2
2016,263,1,2
2016,264,1,2
2016,265,1,2
2016,266,1,2
2016,267,1,2
2016,268,1,2
2016,269,1,2
2016,270,1,2
2016,271,1,2
2016,272,1,2
2016,273,1,2
2016,274,1,2
2016,275,1,2
2016,276,1,2
2016,277,1,2
2016,278,1,2
2016,279,1,2
2016,280,1,2
2016,281,1,2
2016,282,1,2
2016,283,1,2
2016,284,1,2
2016,285,1,2
2016,286,1,2
2016,287,1,2
2016,288,1,2
2016,289,1,2
2016,290,1,2
2016,291,1,2
2016,292,1,2
2016,293,1,2
2016,294,1,2
2016,295,1,2
2016,296,1,2
2016,297,1,2
2016,298,1,2
2016,299,1,2
2016,300,1,2
2016,301,1,2
2016,302,1,2
2016,303,1,2
2016,304,1,2
2016,305,1,2
2016,306,1,2
2016,307,1,2
2016,308,1,2
2016,309,1,2
2016,310,1,2
2016,311,1,2
2016,312,1,2
2016,313,1,2
2016,314,1,2
2016,315,1,2
2016,316,1,2
2016,317,1,2
2016,318,1,2
2016,319,1,2
2016,320,1,2
2016,321,1,2
2016,322,1,2
2016,323,1,2
2016,324,1,2
2016,325,1,2
2016,326,1,2
2016,327,1,2
2016,328,1,2
2016,329,1,2
2016,330,1,2
2016,331,1,2
2016,332,1,2
2016,333,1,2
2016,334,1,2
2016,335,1,2
2016,336,1,2
2016,337,1,2
2016,338,1,2
2016,339,1,2
2016,340,1,2
2016,341,1,2
2016,342,1,2
2016,343,1,2
2016,344,1,2
2016,345,1,2
2016,346,1,2
2016,347,1,2
2016,348,1,2
2016,349,1,2
2016,350,1,2
2016,351,1,2
2016,352,1,2
2016,353,1,2
2016,354,1,2
2016,355,1,2
2016,356,1,2
2016,357,1,2
2016,358,1,2
2016,359,1,2
2016,360,1,2
2016,361,1,2
2016,362,1,2
2016,363,1,2
2016,364,1,2
2016,365,1,2
2016,366,1,2
2016,367,1,2
2016,368,1,2
2016,369,1,2
2016,370,1,2
2016,371,1,2
2016,372,1,2
2016,373,1,2
2016,374,1,2
2016,375,1,2
2016,376,1,2
2016,377,1,2
2016,378,1,2
2016,379,1,2
2016,380,1,2
2016,381,1,2
2016,382,1,2
2016,383,1,2
2016,384,1,2
2016,385,1,2
2016,386,1,2
2016,387,1,2
2016,388,1,2
2016,389,1,2
2016,390,1,2
2016,391,1,2
2016,392,1,2
2016,393,1,2
2016,394,1,2
2016,395,1,2
2016,396,1,2
2016,397,1,2
2016,398,1,2
2016,399,1,2
2016,400,1,2
2016,401,1,2
2016,402,1,2
2016,403,1,2
2016,404,1,2
2016,405,1,2
2016,406,1,2
2016,407,1,2
2016,408,1,2
2016,409,1,2
2016,410,1,2
2016,411,1,2
2016,412,1,2
2016,413,1,2
2016,414,1,2
2016,415,1,2
2016,416,1,2
2016,417,1,2
2016,418,1,2
2016,419,1,2
2016,420,1,2
2016,421,1,2
2016,422,1,2
2016,423,1,2
2016,424,1,2
2016,425,1,2
2016,426,1,2
2016,427,1,2
2016,428,1,2
2016,429,1,2
2016,430,1,2
2016,431,1,2
2016,432,1,2
2016,433,1,2
2016,434,1,2
2016,435,1,2
2016,436,1,2
2016,437,1,2
2016,438,1,2
2016,439,1,2
2016,440,1,2
2016,441,1,2
2016,442,1,2
2016,443,1,2
2016,444,1,2
2016,445,1,2
2016,446,1,2
2016,447,1,2
2016,448,1,2
2016,449,1,2
2016,450,1,2
2016,451,1,2
2016,452,1,2
2016,453,1,2
2016,454,1,2
2016,455,1,2
2016,456,1,2
2016,457,1,2
2016,458,1,3
2016,459,1,3
2016,460,1,3
2016,461,1,3
2016,462,1,3
2016,463,1,3
2016,464,1,3
2016,465,1,3
2016,466,1,3
2016,467,1,3
2016,468,1,3
2016,469,1,3
2016,470,1,3
2016,471,1,3
2016,472,1,3
2016,473,1,3
2016,474,1,3
2016,475,1,3
2016,476,1,3
2016,477,1,3
2016,478,1,3
2016,479,1,3
2016,480,1,3
2016,481,1,3
2016,482,1,3
2016,483,1,3
2016,484,1,3
2016,485,1,3
2016,486,1,3
2016,487,1,3
2016,488,1,3
2016,489,1,3
2016,490,1,3
2016,491,1,3
2016,492,1,3
2016,493,1,3
2016,494,1,3
2016,495,1,3
2016,496,1,3
2016,497,1,3
2016,498,1,3
2016,499,1,3
2016,500,1,3
2016,501,1,3
2016,502,1,3
2016,503,1,3
2016,504,1,3
2016,505,1,3
2016,506,1,3
2016,507,1,2
2016,508,1,2
2016,509,1,2
2016,510,1,2
2016,511,1,2
2016,512,1,2
2016,513,1,2
2016,514,1,2
2016,515,1,2
2016,516,1,2
2016,517,1,2
2016,518,1,2
2016,519,1,2
2016,520,1,2
2016,521,1,2
2016,522,1,2
2016,523,1,2
2016,524,1,2
2016,525,1,2
2016,526,1,2
2016,527,1,2
2016,528,1,2
2016,529,1,2
2016,530,1,2
2016,531,1,2
2016,532,1,2
2016,533,1,2
2016,534,1,2
2016,535,1,2
2016,536,1,2
2016,537,1,2
2016,538,1,2
2016,539,1,2
2016,540,1,2
2016,541,1,2
2016,542,1,2
2016,543,1,2
2016,544,1,2
2016,545,1,2
2016,546,1,2
2016,547,1,2
2016,548,1,2
2016,549,1,2
2016,550,1,2
2016,551,1,2
2016,552,1,2
2016,553,1,2
2016,554,1,2
2016,555,1,2
2016,556,1,2
2016,557,1,2
2016,558,1,2
2016,559,1,2
2016,560,1,2
2016,561,1,2
2016,562,1,2
2016,563,1,2
2016,564,1,2
2016,565,1,2
2016,566,1,2
2016,567,1,2
2016,568,1,2
2016,569,1,2
2016,570,1,2
2016,571,1,2
2016,572,1,2
2016,573,1,2
2016,574,1,2
2016,575,1,2
2016,576,1,2
2016,577,1,2
2016,578,1,2
2016,579,1,2
2016,580,1,2
2016,581,1,2
2016,582,1,3
2016,583,1,3
2016,584,1,3
2016,585,1,3
2016,586,1,3
2016,587,1,3
2016,588,1,3
2016,589,1,3
2016,590,1,3
2016,591,1,3
2016,592,1,3
2016,593,1,3
2016,594,1,3
2016,595,1,3
2016,596,1,3
2016,597,1,3
2016,598,1,3
2016,599,1,3
2016,600,1,3
2016,601,1,3
2016,602,1,3
2016,603,1,3
2016,604,1,3
2016,605,1,3
2016,606,1,3
2016,607,1,3
2016,608,1,3
2016,609,1,3
2016,610,1,3
2016,611,1,3
2016,612,1,3
2016,613,1,3
2016,614,1,3
2016,615,1,3
2016,616,1,3
2016,617,1,2
2016,618,1,2
2016,619,1,2
2016,620,1,2
2016,621,1,2
2016,622,1,2
2016,623,1,2
2016,624,1,2
2016,625,1,2
2016,626,1,2
2016,627,1,2
2016,628,1,2
2016,629,1,2
2016,630,1,2
2016,631,1,2
2016,632,1,2
2016,633,1,2
2016,634,1,2
2016,635,1,2
2016,636,1,2
2017,122,1,2
2017,123,1,2
2017,124,1,3
2017,125,1,3
2017,126,1,3
2017,127,1,3
2017,128,1,3
2017,129,1,3
2017,130,1,3
2017,131,1,3
2017,132,1,3
2017,133,1,3
2017,134,1,3
2017,135,1,3
2017,136,1,3
2017,137,1,3
2017,138,1,3
2017,139,1,3
2017,140,1,3
2017,141,1,3
2017,142,1,3
2017,143,1,3
2017,144,1,3
2017,145,1,3
2017,146,1,3
2017,147,1,3
2017,148,1,3
2017,149,1,3
2017,150,1,3
2017,151,1,3
2017,152,1,3
2017,153,1,3
2017,154,1,3
2017,155,1,3
2017,156,1,3
2017,157,1,3
2017,158,1,3
2017,159,1,3
2017,160,1,3
2017,161,1,3
2017,162,1,3
2017,163,1,3
2017,164,1,3
2017,165,1,3
2017,166,1,3
2017,167,1,3
2017,168,1,3
2017,169,1,3
2017,170,1,3
2017,171,1,3
2017,172,1,3
2017,173,1,3
2017,174,1,2
2017,175,1,2
2017,176,1,2
2017,177,1,2
2017,178,1,2
2017,179,1,2
2017,180,1,2
2017,181,1,2
2017,182,1,2
2017,183,1,2
2017,184,1,2
2017,185,1,2
2017,186,1,2
2017,187,1,2
2017,188,1,2
2017,189,1,2
2017,190,1,2
2017,191,1,2
2017,192,1,2
2017,193,1,2
2017,194,1,2
2017,195,1,2
2017,196,1,2
2017,197,1,2
2017,198,1,2
2017,199,1,2
2017,200,1,2
2017,201,1,2
2017,202,1,2
2017,203,1,2
2017,204,1,2
2017,205,1,2
2017,206,1,2
2017,207,1,2
2017,208,1,2
2017,209,1,2
2017,210,1,2
2017,211,1,2
2017,212,1,2
2017,213,1,2
2017,214,1,2
2017,215,1,2
2017,216,1,2
2017,217,1,2
2017,218,1,2
2017,219,1,2
2017,220,1,2
2017,221,1,2
2017,222,1,2
2017,223,1,2
2017,224,1,2
2017,225,1,2
2017,226,1,2
2017,227,1,2
2017,228,1,2
2017,229,1,2
2017,230,1,2
2017,231,1,2
2017,232,1,2
2017,233,1,2
2017,234,1,2
2017,235,1,2
2017,236,1,2
2017,237,1,2
2017,238,1,2
2017,239,1,2
2017,240,1,2
2017,241,1,2
2017,242,1,2
2017,243,1,2
2017,244,1,2
2017,245,1,2
2017,246,1,2
2017,247,1,2
2017,248,1,2
2017,249,1,2
2017,250,1,2
2017,251,1,2
2017,252,1,2
2017,253,1,2
2017,254,1,2
2017,255,1,2
2017,256,1,2
2017,257,1,2
2017,258,1,2
2017,259,1,2
2017,260,1,2
2017,261,1,2
2017,262,1,2
2017,263,1,2
2017,264,1,2
2017,265,1,2
2017,266,1,2
2017,267,1,2
2017,268,1,2
2017,269,1,2
2017,270,1,2
2017,271,1,2
2017,272,1,2
2017,273,1,2
2017,274,1,2
2017,275,1,2
2017,276,1,2
2017,277,1,2
2017,278,1,2
2017,279,1,2
2017,280,1,2
2017,281,1,2
2017,282,1,2
2017,283,1,2
2017,284,1,2
2017,285,1,2
2017,286,1,2
2017,287,1,2
2017,288,1,2
2017,289,1,2
2017,290,1,2
2017,291,1,2
2017,292,1,2
2017,293,1,2
2017,294,1,2
2017,295,1,2
2017,296,1,2
2017,297,1,2
2017,298,1,2
2017,299,1,2
2017,300,1,2
2017,301,1,2
2017,302,1,2
2017,303,1,2
2017,304,1,2
2017,305,1,2
2017,306,1,2
2017,307,1,2
2017,308,1,2
2017,309,1,2
2017,310,1,2
2017,311,1,2
2017,312,1,2
2017,313,1,2
2017,314,1,2
2017,315,1,2
2017,316,1,2
2017,317,1,2
2017,318,1,2
2017,319,1,2
2017,320,1,2
2017,321,1,2
2017,322,1,2
2017,323,1,2
2017,324,1,2
2017,325,1,2
2017,326,1,2
2017,327,1,2
2017,328,1,2
2017,329,1,2
2017,330,1,2
2017,331,1,2
2017,332,1,2
2017,333,1,2
2017,334,1,2
2017,335,1,2
2017,336,1,2
2017,337,1,2
2017,338,1,2
2017,339,1,2
2017,340,1,2
2017,341,1,2
2017,342,1,2
2017,343,1,2
2017,344,1,2
2017,345,1,2
2017,346,1,2
2017,347,1,2
2017,348,1,2
2017,349,1,2
2017,350,1,2
2017,351,1,2
2017,352,1,2
2017,353,1,2
2017,354,1,2
2017,355,1,2
2017,356,1,2
2017,357,1,2
2017,358,1,2
2017,359,1,2
2017,360,1,2
2017,361,1,2
2017,362,1,2
2017,363,1,2
2017,364,1,2
2017,365,1,2
2017,366,1,2
2017,367,1,2
2017,368,1,2
2017,369,1,2
2017,370,1,2
2017,371,1,2
2017,372,1,2
2017,373,1,2
2017,374,1,2
2017,375,1,2
2017,376,1,2
2017,377,1,2
2017,378,1,2
2017,379,1,2
2017,380,1,2
2017,381,1,2
2017,382,1,2
2017,383,1,2
2017,384,1,2
2017,385,1,2
2017,386,1,2
2017,387,1,2
2017,388,1,2
2017,389,1,2
2017,390,1,2
2017,391,1,2
2017,392,1,2
2017,393,1,2
2017,394,1,2
2017,395,1,2
2017,396,1,2
2017,397,1,2
2017,398,1,2
2017,399,1,2
2017,400,1,2
2017,401,1,2
2017,402,1,2
2017,403,1,2
2017,404,1,2
2017,405,1,2
2017,406,1,2
2017,407,1,2
2017,408,1,2
2017,409,1,2
2017,410,1,2
2017,411,1,2
2017,412,1,2
2017,413,1,2
2017,414,1,2
2017,415,1,2
2017,416,1,2
2017,417,1,2
2017,418,1,2
2017,419,1,2
2017,420,1,2
2017,421,1,2
2017,422,1,2
2017,423,1,2
2017,424,1,2
2017,425,1,2
2017,426,1,2
2017,427,1,2
2017,428,1,2
2017,429,1,2
2017,430,1,2
2017,431,1,2
2017,432,1,2
2017,433,1,2
2017,434,1,2
2017,435,1,2
2017,436,1,2
2017,437,1,2
2017,438,1,2
2017,439,1,2
2017,440,1,2
2017,441,1,2
2017,442,1,2
2017,443,1,2
2017,444,1,2
2017,445,1,2
2017,446,1,2
2017,447,1,2
2017,448,1,2
2017,449,1,2
2017,450,1,2
2017,451,1,2
2017,452,1,2
2017,453,1,2
2017,454,1,2
2017,455,1,2
2017,456,1,2
2017,457,1,3
2017,458,1,3
2017,459,1,3
2017,460,1,3
2017,461,1,3
2017,462,1,3
2017,463,1,3
2017,464,1,3
2017,465,1,3
2017,466,1,3
2017,467,1,3
2017,468,1,3
2017,469,1,3
2017,470,1,3
2017,471,1,3
2017,472,1,3
2017,473,1,3
2017,474,1,3
2017,475,1,3
2017,476,1,3
2017,477,1,3
2017,478,1,3
2017,479,1,3
2017,480,1,3
2017,481,1,3
2017,482,1,3
2017,483,1,3
2017,484,1,3
2017,485,1,3
2017,486,1,3
2017,487,1,3
2017,488,1,3
2017,489,1,3
2017,490,1,3
2017,491,1,3
2017,492,1,3
2017,493,1,3
2017,494,1,3
2017,495,1,3
2017,496,1,3
2017,497,1,3
2017,498,1,3
2017,499,1,3
2017,500,1,3
2017,501,1,3
2017,502,1,3
2017,503,1,3
2017,504,1,3
2017,505,1,3
2017,506,1,3
2017,507,1,2
2017,508,1,2
2017,509,1,2
2017,510,1,2
2017,511,1,2
2017,512,1,2
2017,513,1,2
2017,514,1,2
2017,515,1,2
2017,516,1,2
2017,517,1,2
2017,518,1,2
2017,519,1,2
2017,520,1,2
2017,521,1,2
2017,522,1,2
2017,523,1,2
2017,524,1,2
2017,525,1,2
2017,526,1,2
2017,527,1,2
2017,528,1,2
2017,529,1,2
2017,530,1,2
2017,531,1,2
2017,532,1,2
2017,533,1,2
2017,534,1,2
2017,535,1,2
2017,536,1,2
2017,537,1,2
2017,538,1,2
2017,539,1,2
2017,540,1,2
2017,541,1,2
2017,542,1,2
2017,543,1,2
2017,544,1,2
2017,545,1,2
2017,546,1,2
2017,547,1,2
2017,548,1,2
2017,549,1,2
2017,550,1,2
2017,551,1,2
2017,552,1,2
2017,553,1,2
2017,554,1,2
2017,555,1,2
2017,556,1,2
2017,557,1,2
2017,558,1,2
2017,559,1,2
2017,560,1,2
2017,561,1,2
2017,562,1,2
2017,563,1,2
2017,564,1,2
2017,565,1,2
2017,566,1,2
2017,567,1,2
2017,568,1,2
2017,569,1,2
2017,570,1,2
2017,571,1,2
2017,572,1,2
2017,573,1,2
2017,574,1,2
2017,575,1,2
2017,576,1,2
2017,577,1,2
2017,578,1,2
2017,579,1,2
2017,580,1,2
2017,581,1,2
2017,582,1,2
2017,583,1,2
2017,584,1,2
2017,585,1,2
2017,586,1,2
2017,587,1,2
2017,588,1,3
2017,589,1,3
2017,590,1,3
2017,591,1,3
2017,592,1,3
2017,593,1,3
2017,594,1,3
2017,595,1,3
2017,596,1,3
2017,597,1,3
2017,598,1,3
2017,599,1,3
2017,600,1,3
2017,601,1,3
2017,602,1,3
2017,603,1,3
2017,604,1,3
2017,605,1,3
2017,606,1,3
2017,607,1,3
2017,608,1,3
2017,609,1,3
2017,610,1,3
2017,611,1,3
2017,612,1,3
2017,613,1,2
2017,614,1,2
2017,615,1,2
2017,616,1,2
2017,617,1,2
2017,618,1,2
2017,619,1,2
2017,620,1,2
2017,621,1,2
2017,622,1,2
2017,623,1,2
2017,624,1,2
2017,625,1,2
2017,626,1,2
2017,627,1,2
2017,628,1,2
2017,629,1,2
2017,630,1,2
2017,631,1,2
2017,632,1,2
2017,633,1,2
2017,634,1,2
2017,635,1,2
2017,636,1,2
2018,122,1,2
2018,123,1,2
2018,124,1,3
2018,125,1,3
2018,126,1,3
2018,127,1,3
2018,128,1,3
2018,129,1,3
2018,130,1,3
2018,131,1,3
2018,132,1,3
2018,133,1,3
2018,134,1,3
2018,135,1,3
2018,136,1,3
2018,137,1,3
2018,138,1,3
2018,139,1,3
2018,140,1,3
2018,141,1,3
2018,142,1,3
2018,143,1,3
2018,144,1,3
2018,145,1,3
2018,146,1,3
2018,147,1,3
2018,148,1,3
2018,149,1,3
2018,150,1,3
2018,151,1,3
2018,152,1,3
2018,153,1,3
2018,154,1,3
2018,155,1,3
2018,156,1,3
2018,157,1,3
2018,158,1,3
2018,159,1,3
2018,160,1,3
2018,161,1,3
2018,162,1,3
2018,163,1,3
2018,164,1,3
2018,165,1,3
2018,166,1,3
2018,167,1,3
2018,168,1,3
2018,169,1,3
2018,170,1,3
2018,171,1,3
2018,172,1,3
2018,173,1,3
2018,174,1,2
2018,175,1,2
2018,176,1,2
2018,177,1,2
2018,178,1,2
2018,179,1,2
2018,180,1,2
2018,181,1,2
2018,182,1,2
2018,183,1,2
2018,184,1,2
2018,185,1,2
2018,186,1,2
2018,187,1,2
2018,188,1,2
2018,189,1,2
2018,190,1,2
2018,191,1,2
2018,192,1,2
2018,193,1,2
2018,194,1,2
2018,195,1,2
2018,196,1,2
2018,197,1,2
2018,198,1,2
2018,199,1,2
2018,200,1,2
2018,201,1,2
2018,202,1,2
2018,203,1,2
2018,204,1,2
2018,205,1,2
2018,206,1,2
2018,207,1,2
2018,208,1,2
2018,209,1,2
2018,210,1,2
2018,211,1,2
2018,212,1,2
2018,213,1,2
2018,214,1,2
2018,215,1,2
2018,216,1,2
2018,217,1,2
2018,218,1,2
2018,219,1,2
2018,220,1,2
2018,221,1,2
2018,222,1,2
2018,223,1,2
2018,224,1,2
2018,225,1,2
2018,226,1,2
2018,227,1,2
2018,228,1,2
2018,229,1,2
2018,230,1,2
2018,231,1,2
2018,232,1,2
2018,233,1,2
2018,234,1,2
2018,235,1,2
2018,236,1,2
2018,237,1,2
2018,238,1,2
2018,239,1,2
2018,240,1,2
2018,241,1,2
2018,242,1,2
2018,243,1,2
2018,244,1,2
2018,245,1,2
2018,246,1,2
2018,247,1,2
2018,248,1,2
2018,249,1,2
2018,250,1,2
2018,251,1,2
2018,252,1,2
2018,253,1,2
2018,254,1,2
2018,255,1,2
2018,256,1,2
2018,257,1,2
2018,258,1,2
2018,259,1,2
2018,260,1,2
2018,261,1,2
2018,262,1,2
2018,263,1,2
2018,264,1,2
2018,265,1,2
2018,266,1,2
2018,267,1,2
2018,268,1,2
2018,269,1,2
2018,270,1,2
2018,271,1,2
2018,272,1,2
2018,273,1,2
2018,274,1,2
2018,275,1,2
2018,276,1,2
2018,277,1,2
2018,278,1,2
2018,279,1,2
2018,280,1,2
2018,281,1,2
2018,282,1,2
2018,283,1,2
2018,284,1,2
2018,285,1,2
2018,286,1,2
2018,287,1,2
2018,288,1,2
2018,289,1,2
2018,290,1,2
2018,291,1,2
2018,292,1,2
2018,293,1,2
2018,294,1,2
2018,295,1,2
2018,296,1,2
2018,297,1,2
2018,298,1,2
2018,299,1,2
2018,300,1,2
2018,301,1,2
2018,302,1,2
2018,303,1,2
2018,304,1,2
2018,305,1,2
2018,306,1,2
2018,307,1,2
2018,308,1,2
2018,309,1,2
2018,310,1,2
2018,311,1,2
2018,312,1,2
2018,313,1,2
2018,314,1,2
2018,315,1,2
2018,316,1,2
2018,317,1,2
2018,318,1,2
2018,319,1,2
2018,320,1,2
2018,321,1,2
2018,322,1,2
2018,323,1,2
2018,324,1,2
2018,325,1,2
2018,326,1,2
2018,327,1,2
2018,328,1,2
2018,329,1,2
2018,330,1,2
2018,331,1,2
2018,332,1,2
2018,333,1,2
2018,334,1,2
2018,335,1,2
2018,336,1,2
2018,337,1,2
2018,338,1,2
2018,339,1,2
2018,340,1,2
2018,341,1,2
2018,342,1,2
2018,343,1,2
2018,344,1,2
2018,345,1,2
2018,346,1,2
2018,347,1,2
2018,348,1,2
2018,349,1,2
2018,350,1,2
2018,351,1,2
2018,352,1,2
2018,353,1,2
2018,354,1,2
2018,355,1,2
2018,356,1,2
2018,357,1,2
2018,358,1,2
2018,359,1,2
2018,360,1,2
2018,361,1,2
2018,362,1,2
2018,363,1,2
2018,364,1,2
2018,365,1,2
2018,366,1,2
2018,367,1,2
2018,368,1,2
2018,369,1,2
2018,370,1,2
2018,371,1,2
2018,372,1,2
2018,373,1,2
2018,374,1,2
2018,375,1,2
2018,376,1,2
2018,377,1,2
2018,378,1,2
2018,379,1,2
2018,380,1,2
2018,381,1,2
2018,382,1,2
2018,383,1,2
2018,384,1,2
2018,385,1,2
2018,386,1,2
2018,387,1,2
2018,388,1,2
2018,389,1,2
2018,390,1,2
2018,391,1,2
2018,392,1,2
2018,393,1,2
2018,394,1,2
2018,395,1,2
2018,396,1,2
2018,397,1,2
2018,398,1,2
2018,399,1,2
2018,400,1,2
2018,401,1,2
2018,402,1,2
2018,403,1,2
2018,404,1,2
2018,405,1,2
2018,406,1,2
2018,407,1,2
2018,408,1,2
2018,409,1,2
2018,410,1,2
2018,411,1,2
2018,412,1,2
2018,413,1,2
2018,414,1,2
2018,415,1,2
2018,416,1,2
2018,417,1,2
2018,418,1,2
2018,419,1,2
2018,420,1,2
2018,421,1,2
2018,422,1,2
2018,423,1,2
2018,424,1,2
2018,425,1,2
2018,426,1,2
2018,427,1,2
2018,428,1,2
2018,429,1,2
2018,430,1,2
2018,431,1,2
2018,432,1,2
2018,433,1,2
2018,434,1,2
2018,435,1,2
2018,436,1,2
2018,437,1,2
2018,438,1,2
2018,439,1,2
2018,440,1,2
2018,441,1,2
2018,442,1,2
2018,443,1,2
2018,444,1,2
2018,445,1,2
2018,446,1,2
2018,447,1,2
2018,448,1,2
2018,449,1,2
2018,450,1,2
2018,451,1,2
2018,452,1,2
2018,453,1,2
2018,454,1,2
2018,455,1,2
2018,456,1,2
2018,457,1,3
2018,458,1,3
2018,459,1,3
2018,460,1,3
2018,461,1,3
2018,462,1,3
2018,463,1,3
2018,464,1,3
2018,465,1,3
2018,466,1,3
2018,467,1,3
2018,468,1,3
2018,469,1,3
2018,470,1,3
2018,471,1,3
2018,472,1,3
2018,473,1,3
2018,474,1,3
2018,475,1,3
2018,476,1,3
2018,477,1,3
2018,478,1,3
2018,479,1,3
2018,480,1,3
2018,481,1,3
2018,482,1,3
2018,483,1,3
2018,484,1,3
2018,485,1,3
2018,486,1,3
2018,487,1,3
2018,488,1,3
2018,489,1,3
2018,490,1,3
2018,491,1,3
2018,492,1,3
2018,493,1,3
2018,494,1,3
2018,495,1,3
2018,496,1,3
2018,497,1,3
2018,498,1,3
2018,499,1,3
2018,500,1,3
2018,501,1,3
2018,502,1,3
2018,503,1,3
2018,504,1,3
2018,505,1,3
2018,506,1,3
2018,507,1,2
2018,508,1,2
2018,509,1,2
2018,510,1,2
2018,511,1,2
2018,512,1,2
2018,513,1,2
2018,514,1,2
2018,515,1,2
2018,516,1,2
2018,517,1,2
2018,518,1,2
2018,519,1,2
2018,520,1,2
2018,521,1,2
2018,522,1,2
2018,523,1,2
2018,524,1,2
2018,525,1,2
2018,526,1,2
2018,527,1,2
2018,528,1,2
2018,529,1,2
2018,530,1,2
2018,531,1,2
2018,532,1,2
2018,533,1,2
2018,534,1,2
2018,535,1,2
2018,536,1,2
2018,537,1,2
2018,538,1,2
2018,539,1,2
2018,540,1,2
2018,541,1,2
2018,542,1,2
2018,543,1,2
2018,544,1,2
2018,545,1,2
2018,546,1,2
2018,547,1,2
2018,548,1,2
2018,549,1,2
2018,550,1,2
2018,551,1,2
2018,552,1,2
2018,553,1,2
2018,554,1,2
2018,555,1,2
2018,556,1,2
2018,557,1,2
2018,558,1,2
2018,559,1,2
2018,560,1,2
2018,561,1,2
2018,562,1,2
2018,563,1,2
2018,564,1,2
2018,565,1,2
2018,566,1,2
2018,567,1,2
2018,568,1,2
2018,569,1,2
2018,570,1,2
2018,571,1,2
2018,572,1,2
2018,573,1,2
2018,574,1,2
2018,575,1,2
2018,576,1,2
2018,577,1,2
2018,578,1,2
2018,579,1,2
2018,580,1,2
2018,581,1,2
2018,582,1,2
2018,583,1,2
2018,584,1,2
2018,585,1,2
2018,586,1,2
2018,587,1,2
2018,588,1,2
2018,589,1,2
2018,590,1,2
2018,591,1,2
2018,592,1,3
2018,593,1,3
2018,594,1,3
2018,595,1,3
2018,596,1,3
2018,597,1,3
2018,598,1,3
2018,599,1,3
2018,600,1,3
2018,601,1,3
2018,602,1,3
2018,603,1,3
2018,604,1,3
2018,605,1,3
2018,606,1,3
2018,607,1,3
2018,608,1,3
2018,609,1,2
2018,610,1,2
2018,611,1,2
2018,612,1,2
2018,613,1,2
2018,614,1,2
2018,615,1,2
2018,616,1,2
2018,617,1,2
2018,618,1,2
2018,619,1,2
2018,620,1,2
2018,621,1,2
2018,622,1,2
2018,623,1,2
2018,624,1,2
2018,625,1,2
2018,626,1,2
2018,627,1,2
2018,628,1,2
2018,629,1,2
2018,630,1,2
2018,631,1,2
2018,632,1,2
2018,633,1,2
2018,634,1,2
2018,635,1,2
2018,636,1,2
2018,637,1,2
2019,122,1,2
2019,123,1,2
2019,124,1,3
2019,125,1,3
2019,126,1,3
2019,127,1,3
2019,128,1,3
2019,129,1,3
2019,130,1,3
2019,131,1,3
2019,132,1,3
2019,133,1,3
2019,134,1,3
2019,135,1,3
2019,136,1,3
2019,137,1,3
2019,138,1,3
2019,139,1,3
2019,140,1,3
2019,141,1,3
2019,142,1,3
2019,143,1,3
2019,144,1,3
2019,145,1,3
2019,146,1,3
2019,147,1,3
2019,148,1,3
2019,149,1,3
2019,150,1,3
2019,151,1,3
2019,152,1,3
2019,153,1,3
2019,154,1,3
2019,155,1,3
2019,156,1,3
2019,157,1,3
2019,158,1,3
2019,159,1,3
2019,160,1,3
2019,161,1,3
2019,162,1,3
2019,163,1,3
2019,164,1,3
2019,165,1,3
2019,166,1,3
2019,167,1,3
2019,168,1,3
2019,169,1,3
2019,170,1,3
2019,171,1,3
2019,172,1,3
2019,173,1,3
2019,174,1,2
2019,175,1,2
2019,176,1,2
2019,177,1,2
2019,178,1,2
2019,179,1,2
2019,180,1,2
2019,181,1,2
2019,182,1,2
2019,183,1,2
2019,184,1,2
2019,185,1,2
2019,186,1,2
2019,187,1,2
2019,188,1,2
2019,189,1,2
2019,190,1,2
2019,191,1,2
2019,192,1,2
2019,193,1,2
2019,194,1,2
2019,195,1,2
2019,196,1,2
2019,197,1,2
2019,198,1,2
2019,199,1,2
2019,200,1,2
2019,201,1,2
2019,202,1,2
2019,203,1,2
2019,204,1,2
2019,205,1,2
2019,206,1,2
2019,207,1,2
2019,208,1,2
2019,209,1,2
2019,210,1,2
2019,211,1,2
2019,212,1,2
2019,213,1,2
2019,214,1,2
2019,215,1,2
2019,216,1,2
2019,217,1,2
2019,218,1,2
2019,219,1,2
2019,220,1,2
2019,221,1,2
2019,222,1,2
2019,223,1,2
2019,224,1,2
2019,225,1,2
2019,226,1,2
2019,227,1,2
2019,228,1,2
2019,229,1,2
2019,230,1,2
2019,231,1,2
2019,232,1,2
2019,233,1,2
2019,234,1,2
2019,235,1,2
2019,236,1,2
2019,237,1,2
2019,238,1,2
2019,239,1,2
2019,240,1,2
2019,241,1,2
2019,242,1,2
2019,243,1,2
2019,244,1,2
2019,245,1,2
2019,246,1,2
2019,247,1,2
2019,248,1,2
2019,249,1,2
2019,250,1,2
2019,251,1,2
2019,252,1,2
2019,253,1,2
2019,254,1,2
2019,255,1,2
2019,256,1,2
2019,257,1,2
2019,258,1,2
2019,259,1,2
2019,260,1,2
2019,261,1,2
2019,262,1,2
2019,263,1,2
2019,264,1,2
2019,265,1,2
2019,266,1,2
2019,267,1,2
2019,268,1,2
2019,269,1,2
2019,270,1,2
2019,271,1,2
2019,272,1,2
2019,273,1,2
2019,274,1,2
2019,275,1,2
2019,276,1,2
2019,277,1,2
2019,278,1,2
2019,279,1,2
2019,280,1,2
2019,281,1,2
2019,282,1,2
2019,283,1,2
2019,284,1,2
2019,285,1,2
2019,286,1,2
2019,287,1,2
2019,288,1,2
2019,289,1,2
2019,290,1,2
2019,291,1,2
2019,292,1,2
2019,293,1,2
2019,294,1,2
2019,295,1,2
2019,296,1,2
2019,297,1,2
2019,298,1,2
2019,299,1,2
2019,300,1,2
2019,301,1,2
2019,302,1,2
2019,303,1,2
2019,304,1,2
2019,305,1,2
2019,306,1,2
2019,307,1,2
2019,308,1,2
2019,309,1,2
2019,310,1,2
2019,311,1,2
2019,312,1,2
2019,313,1,2
2019,314,1,2
2019,315,1,2
2019,316,1,2
2019,317,1,2
2019,318,1,2
2019,319,1,2
2019,320,1,2
2019,321,1,2
2019,322,1,2
2019,323,1,2
2019,324,1,2
2019,325,1,2
2019,326,1,2
2019,327,1,2
2019,328,1,2
2019,329,1,2
2019,330,1,2
2019,331,1,2
2019,332,1,2
2019,333,1,2
2019,334,1,2
2019,335,1,2
2019,336,1,2
2019,337,1,2
2019,338,1,2
2019,339,1,2
2019,340,1,2
2019,341,1,2
2019,342,1,2
2019,343,1,2
2019,344,1,2
2019,345,1,2
2019,346,1,2
2019,347,1,2
2019,348,1,2
2019,349,1,2
2019,350,1,2
2019,351,1,2
2019,352,1,2
2019,353,1,2
2019,354,1,2
2019,355,1,2
2019,356,1,2
2019,357,1,2
2019,358,1,2
2019,359,1,2
2019,360,1,2
2019,361,1,2
2019,362,1,2
2019,363,1,2
2019,364,1,2
2019,365,1,2
2019,366,1,2
2019,367,1,2
2019,368,1,2
2019,369,1,2
2019,370,1,2
2019,371,1,2
2019,372,1,2
2019,373,1,2
2019,374,1,2
2019,375,1,2
2019,376,1,2
2019,377,1,2
2019,378,1,2
2019,379,1,2
2019,380,1,2
2019,381,1,2
2019,382,1,2
2019,383,1,2
2019,384,1,2
2019,385,1,2
2019,386,1,2
2019,387,1,2
2019,388,1,2
2019,389,1,2
2019,390,1,2
2019,391,1,2
2019,392,1,2
2019,393,1,2
2019,394,1,2
2019,395,1,2
2019,396,1,2
2019,397,1,2
2019,398,1,2
2019,399,1,2
2019,400,1,2
2019,401,1,2
2019,402,1,2
2019,403,1,2
2019,404,1,2
2019,405,1,2
2019,406,1,2
2019,407,1,2
2019,408,1,2
2019,409,1,2
2019,410,1,2
2019,411,1,2
2019,412,1,2
2019,413,1,2
2019,414,1,2
2019,415,1,2
2019,416,1,2
2019,417,1,2
2019,418,1,2
2019,419,1,2
2019,420,1,2
2019,421,1,2
2019,422,1,2
2019,423,1,2
2019,424,1,2
2019,425,1,2
2019,426,1,2
2019,427,1,2
2019,428,1,2
2019,429,1,2
2019,430,1,2
2019,431,1,2
2019,432,1,2
2019,433,1,2
2019,434,1,2
2019,435,1,2
2019,436,1,2
2019,437,1,2
2019,438,1,2
2019,439,1,2
2019,440,1,2
2019,441,1,2
2019,442,1,2
2019,443,1,2
2019,444,1,2
2019,445,1,2
2019,446,1,2
2019,447,1,2
2019,448,1,2
2019,449,1,2
2019,450,1,2
2019,451,1,2
2019,452,1,2
2019,453,1,2
2019,454,1,2
2019,455,1,2
2019,456,1,2
2019,457,1,3
2019,458,1,3
2019,459,1,3
2019,460,1,3
2019,461,1,3
2019,462,1,3
2019,463,1,3
2019,464,1,3
2019,465,1,3
2019,466,1,3
2019,467,1,3
2019,468,1,3
2019,469,1,3
2019,470,1,3
2019,471,1,3
2019,472,1,3
2019,473,1,3
2019,474,1,3
2019,475,1,3
2019,476,1,3
2019,477,1,3
2019,478,1,3
2019,479,1,3
2019,480,1,3
2019,481,1,3
2019,482,1,3
2019,483,1,3
2019,484,1,3
2019,485,1,3
2019,486,1,3
2019,487,1,3
2019,488,1,3
2019,489,1,3
2019,490,1,3
2019,491,1,3
2019,492,1,3
2019,493,1,3
2019,494,1,3
2019,495,1,3
2019,496,1,3
2019,497,1,3
2019,498,1,3
2019,499,1,3
2019,500,1,3
2019,501,1,3
2019,502,1,3
2019,503,1,3
2019,504,1,3
2019,505,1,3
2019,506,1,3
2019,507,1,3
2019,508,1,2
2019,509,1,2
2019,510,1,2
2019,511,1,2
2019,512,1,2
2019,513,1,2
2019,514,1,2
2019,515,1,2
2019,516,1,2
2019,517,1,2
2019,518,1,2
2019,519,1,2
2019,520,1,2
2019,521,1,2
2019,522,1,2
2019,523,1,2
2019,524,1,2
2019,525,1,2
2019,526,1,2
2019,527,1,2
2019,528,1,2
2019,529,1,2
2019,530,1,2
2019,531,1,2
2019,532,1,2
2019,533,1,2
2019,534,1,2
2019,535,1,2
2019,536,1,2
2019,537,1,2
2019,538,1,2
2019,539,1,2
2019,540,1,2
2019,541,1,2
2019,542,1,2
2019,543,1,2
2019,544,1,2
2019,545,1,2
2019,546,1,2
2019,547,1,2
2019,548,1,2
2019,549,1,2
2019,550,1,2
2019,551,1,2
2019,552,1,2
2019,553,1,2
2019,554,1,2
2019,555,1,2
2019,556,1,2
2019,557,1,2
2019,558,1,2
2019,559,1,2
2019,560,1,2
2019,561,1,2
2019,562,1,2
2019,563,1,2
2019,564,1,2
2019,565,1,2
2019,566,1,2
2019,567,1,2
2019,568,1,2
2019,569,1,2
2019,570,1,2
2019,571,1,2
2019,572,1,2
2019,573,1,2
2019,574,1,2
2019,575,1,2
2019,576,1,2
2019,577,1,2
2019,578,1,2
2019,579,1,2
2019,580,1,2
2019,581,1,2
2019,582,1,2
2019,583,1,2
2019,584,1,2
2019,585,1,2
2019,586,1,2
2019,587,1,2
2019,588,1,2
2019,589,1,2
2019,590,1,2
2019,591,1,2
2019,592,1,2
2019,593,1,2
2019,594,1,3
2019,595,1,3
2019,596,1,2
2019,597,1,2
2019,598,1,2
2019,599,1,2
2019,600,1,2
2019,601,1,2
2019,602,1,2
2019,603,1,2
2019,604,1,2
2019,605,1,2
2019,606,1,2
2019,607,1,2
2019,608,1,2
2019,609,1,2
2019,610,1,2
2019,611,1,2
2019,612,1,2
2019,613,1,2
2019,614,1,2
2019,615,1,2
2019,616,1,2
2019,617,1,2
2019,618,1,2
2019,619,1,2
2019,620,1,2
2019,621,1,2
2019,622,1,2
2019,623,1,2
2019,624,1,2
2019,625,1,2
2019,626,1,2
2019,627,1,2
2019,628,1,2
2019,629,1,2
2019,630,1,2
2019,631,1,2
2019,632,1,2
2019,633,1,2
2019,634,1,2
2019,635,1,2
2019,636,1,2
2019,637,1,2
2020,122,1,2
2020,123,1,2
2020,124,1,2
2020,125,1,3
2020,126,1,3
2020,127,1,3
2020,128,1,3
2020,129,1,3
2020,130,1,3
2020,131,1,3
2020,132,1,3
2020,133,1,3
2020,134,1,3
2020,135,1,3
2020,136,1,3
2020,137,1,3
2020,138,1,3
2020,139,1,3
2020,140,1,3
2020,141,1,3
2020,142,1,3
2020,143,1,3
2020,144,1,3
2020,145,1,3
2020,146,1,3
2020,147,1,3
2020,148,1,3
2020,149,1,3
2020,150,1,3
2020,151,1,3
2020,152,1,3
2020,153,1,3
2020,154,1,3
2020,155,1,3
2020,156,1,3
2020,157,1,3
2020,158,1,3
2020,159,1,3
2020,160,1,3
2020,161,1,3
2020,162,1,3
2020,163,1,3
2020,164,1,3
2020,165,1,3
2020,166,1,3
2020,167,1,3
2020,168,1,3
2020,169,1,3
2020,170,1,3
2020,171,1,3
2020,172,1,3
2020,173,1,3
2020,174,1,2
2020,175,1,2
2020,176,1,2
2020,177,1,2
2020,178,1,2
2020,179,1,2
2020,180,1,2
2020,181,1,2
2020,182,1,2
2020,183,1,2
2020,184,1,2
2020,185,1,2
2020,186,1,2
2020,187,1,2
2020,188,1,2
2020,189,1,2
2020,190,1,2
2020,191,1,2
2020,192,1,2
2020,193,1,2
2020,194,1,2
2020,195,1,2
2020,196,1,2
2020,197,1,2
2020,198,1,2
2020,199,1,2
2020,200,1,2
2020,201,1,2
2020,202,1,2
2020,203,1,2
2020,204,1,2
2020,205,1,2
2020,206,1,2
2020,207,1,2
2020,208,1,2
2020,209,1,2
2020,210,1,2
2020,211,1,2
2020,212,1,2
2020,213,1,2
2020,214,1,2
2020,215,1,2
2020,216,1,2
2020,217,1,2
2020,218,1,2
2020,219,1,2
2020,220,1,2
2020,221,1,2
2020,222,1,2
2020,223,1,2
2020,224,1,2
2020,225,1,2
2020,226,1,2
2020,227,1,2
2020,228,1,2
2020,229,1,2
2020,230,1,2
2020,231,1,2
2020,232,1,2
2020,233,1,2
2020,234,1,2
2020,235,1,2
2020,236,1,2
2020,237,1,2
2020,238,1,2
2020,239,1,2
2020,240,1,2
2020,241,1,2
2020,242,1,2
2020,243,1,2
2020,244,1,2
2020,245,1,2
2020,246,1,2
2020,247,1,2
2020,248,1,2
2020,249,1,2
2020,250,1,2
2020,251,1,2
2020,252,1,2
2020,253,1,2
2020,254,1,2
2020,255,1,2
2020,256,1,2
2020,257,1,2
2020,258,1,2
2020,259,1,2
2020,260,1,2
2020,261,1,2
2020,262,1,2
2020,263,1,2
2020,264,1,2
2020,265,1,2
2020,266,1,2
2020,267,1,2
2020,268,1,2
2020,269,1,2
2020,270,1,2
2020,271,1,2
2020,272,1,2
2020,273,1,2
2020,274,1,2
2020,275,1,2
2020,276,1,2
2020,277,1,2
2020,278,1,2
2020,279,1,2
2020,280,1,2
2020,281,1,2
2020,282,1,2
2020,283,1,2
2020,284,1,2
2020,285,1,2
2020,286,1,2
2020,287,1,2
2020,288,1,2
2020,289,1,2
2020,290,1,2
2020,291,1,2
2020,292,1,2
2020,293,1,2
2020,294,1,2
2020,295,1,2
2020,296,1,2
2020,297,1,2
2020,298,1,2
2020,299,1,2
2020,300,1,2
2020,301,1,2
2020,302,1,2
2020,303,1,2
2020,304,1,2
2020,305,1,2
2020,306,1,2
2020,307,1,2
2020,308,1,2
2020,309,1,2
2020,310,1,2
2020,311,1,2
2020,312,1,2
2020,313,1,2
2020,314,1,2
2020,315,1,2
2020,316,1,2
2020,317,1,2
2020,318,1,2
2020,319,1,2
2020,320,1,2
2020,321,1,2
2020,322,1,2
2020,323,1,2
2020,324,1,2
2020,325,1,2
2020,326,1,2
2020,327,1,2
2020,328,1,2
2020,329,1,2
2020,330,1,2
2020,331,1,2
2020,332,1,2
2020,333,1,2
2020,334,1,2
2020,335,1,2
2020,336,1,2
2020,337,1,2
2020,338,1,2
2020,339,1,2
2020,340,1,2
2020,341,1,2
2020,342,1,2
2020,343,1,2
2020,344,1,2
2020,345,1,2
2020,346,1,2
2020,347,1,2
2020,348,1,2
2020,349,1,2
2020,350,1,2
2020,351,1,2
2020,352,1,2
2020,353,1,2
2020,354,1,2
2020,355,1,2
2020,356,1,2
2020,357,1,2
2020,358,1,2
2020,359,1,2
2020,360,1,2
2020,361,1,2
2020,362,1,2
2020,363,1,2
2020,364,1,2
2020,365,1,2
2020,366,1,2
2020,367,1,2
2020,368,1,2
2020,369,1,2
2020,370,1,2
2020,371,1,2
2020,372,1,2
2020,373,1,2
2020,374,1,2
2020,375,1,2
2020,376,1,2
2020,377,1,2
2020,378,1,2
2020,379,1,2
2020,380,1,2
2020,381,1,2
2020,382,1,2
2020,383,1,2
2020,384,1,2
2020,385,1,2
2020,386,1,2
2020,387,1,2
2020,388,1,2
2020,389,1,2
2020,390,1,2
2020,391,1,2
2020,392,1,2
2020,393,1,2
2020,394,1,2
2020,395,1,2
2020,396,1,2
2020,397,1,2
2020,398,1,2
2020,399,1,2
2020,400,1,2
2020,401,1,2
2020,402,1,2
2020,403,1,2
2020,404,1,2
2020,405,1,2
2020,406,1,2
2020,407,1,2
2020,408,1,2
2020,409,1,2
2020,410,1,2
2020,411,1,2
2020,412,1,2
2020,413,1,2
2020,414,1,2
2020,415,1,2
2020,416,1,2
2020,417,1,2
2020,418,1,2
2020,419,1,2
2020,420,1,2
2020,421,1,2
2020,422,1,2
2020,423,1,2
2020,424,1,2
2020,425,1,2
2020,426,1,2
2020,427,1,2
2020,428,1,2
2020,429,1,2
2020,430,1,2
2020,431,1,2
2020,432,1,2
2020,433,1,2
2020,434,1,2
2020,435,1,2
2020,436,1,2
2020,437,1,2
2020,438,1,2
2020,439,1,2
2020,440,1,2
2020,441,1,2
2020,442,1,2
2020,443,1,2
2020,444,1,2
2020,445,1,2
2020,446,1,2
2020,447,1,2
2020,448,1,2
2020,449,1,2
2020,450,1,2
2020,451,1,2
2020,452,1,2
2020,453,1,2
2020,454,1,2
2020,455,1,2
2020,456,1,2
2020,457,1,3
2020,458,1,3
2020,459,1,3
2020,460,1,3
2020,461,1,3
2020,462,1,3
2020,463,1,3
2020,464,1,3
2020,465,1,3
2020,466,1,3
2020,467,1,3
2020,468,1,3
2020,469,1,3
2020,470,1,3
2020,471,1,3
2020,472,1,3
2020,473,1,3
2020,474,1,3
2020,475,1,3
2020,476,1,3
2020,477,1,3
2020,478,1,3
2020,479,1,3
2020,480,1,3
2020,481,1,3
2020,482,1,3
2020,483,1,3
2020,484,1,3
2020,485,1,3
2020,486,1,3
2020,487,1,3
2020,488,1,3
2020,489,1,3
2020,490,1,3
2020,491,1,3
2020,492,1,3
2020,493,1,3
2020,494,1,3
2020,495,1,3
2020,496,1,3
2020,497,1,3
2020,498,1,3
2020,499,1,3
2020,500,1,3
2020,501,1,3
2020,502,1,3
2020,503,1,3
2020,504,1,3
2020,505,1,3
2020,506,1,3
2020,507,1,3
2020,508,1,2
2020,509,1,2
2020,510,1,2
2020,511,1,2
2020,512,1,2
2020,513,1,2
2020,514,1,2
2020,515,1,2
2020,516,1,2
2020,517,1,2
2020,518,1,2
2020,519,1,2
2020,520,1,2
2020,521,1,2
2020,522,1,2
2020,523,1,2
2020,524,1,2
2020,525,1,2
2020,526,1,2
2020,527,1,2
2020,528,1,2
2020,529,1,2
2020,530,1,2
2020,531,1,2
2020,532,1,2
2020,533,1,2
2020,534,1,2
2020,535,1,2
2020,536,1,2
2020,537,1,2
2020,538,1,2
2020,539,1,2
2020,540,1,2
2020,541,1,2
2020,542,1,2
2020,543,1,2
2020,544,1,2
2020,545,1,2
2020,546,1,2
2020,547,1,2
2020,548,1,2
2020,549,1,2
2020,550,1,2
2020,551,1,2
2020,552,1,2
2020,553,1,2
2020,554,1,2
2020,555,1,2
2020,556,1,2
2020,557,1,2
2020,558,1,2
2020,559,1,2
2020,560,1,2
2020,561,1,2
2020,562,1,2
2020,563,1,2
2020,564,1,2
2020,565,1,2
2020,566,1,2
2020,567,1,2
2020,568,1,2
2020,569,1,2
2020,570,1,2
2020,571,1,2
2020,572,1,2
2020,573,1,2
2020,574,1,2
2020,575,1,2
2020,576,1,2
2020,577,1,2
2020,578,1,2
2020,579,1,2
2020,580,1,2
2020,581,1,2
2020,582,1,2
2020,583,1,2
2020,584,1,2
2020,585,1,2
2020,586,1,2
2020,587,1,2
2020,588,1,2
2020,589,1,2
2020,590,1,2
2020,591,1,2
2020,592,1,2
2020,593,1,2
2020,594,1,2
2020,595,1,2
2020,596,1,2
2020,597,1,2
2020,598,1,2
2020,599,1,2
2020,600,1,2
2020,601,1,2
2020,602,1,2
2020,603,1,2
2020,604,1,2
2020,605,1,2
2020,606,1,2
2020,607,1,2
2020,608,1,2
2020,609,1,2
2020,610,1,2
2020,611,1,2
2020,612,1,2
2020,613,1,2
2020,614,1,2
2020,615,1,2
2020,616,1,2
2020,617,1,2
2020,618,1,2
2020,619,1,2
2020,620,1,2
2020,621,1,2
2020,622,1,2
2020,623,1,2
2020,624,1,2
2020,625,1,2
2020,626,1,2
2020,627,1,2
2020,628,1,2
2020,629,1,2
2020,630,1,2
2020,631,1,2
2020,632,1,2
2020,633,1,2
2020,634,1,2
2020,635,1,2
2020,636,1,2
2021,121,1,2
2021,122,1,2
2021,123,1,2
2021,124,1,2
2021,125,1,3
2021,126,1,3
2021,127,1,3
2021,128,1,3
2021,129,1,3
2021,130,1,3
2021,131,1,3
2021,132,1,3
2021,133,1,3
2021,134,1,3
2021,135,1,3
2021,136,1,3
2021,137,1,3
2021,138,1,3
2021,139,1,3
2021,140,1,3
2021,141,1,3
2021,142,1,3
2021,143,1,3
2021,144,1,3
2021,145,1,3
2021,146,1,3
2021,147,1,3
2021,148,1,3
2021,149,1,3
2021,150,1,3
2021,151,1,3
2021,152,1,3
2021,153,1,3
2021,154,1,3
2021,155,1,3
2021,156,1,3
2021,157,1,3
2021,158,1,3
2021,159,1,3
2021,160,1,3
2021,161,1,3
2021,162,1,3
2021,163,1,3
2021,164,1,3
2021,165,1,3
2021,166,1,3
2021,167,1,3
2021,168,1,3
2021,169,1,3
2021,170,1,3
2021,171,1,3
2021,172,1,3
2021,173,1,3
2021,174,1,2
2021,175,1,2
2021,176,1,2
2021,177,1,2
2021,178,1,2
2021,179,1,2
2021,180,1,2
2021,181,1,2
2021,182,1,2
2021,183,1,2
2021,184,1,2
2021,185,1,2
2021,186,1,2
2021,187,1,2
2021,188,1,2
2021,189,1,2
2021,190,1,2
2021,191,1,2
2021,192,1,2
2021,193,1,2
2021,194,1,2
2021,195,1,2
2021,196,1,2
2021,197,1,2
2021,198,1,2
2021,199,1,2
2021,200,1,2
2021,201,1,2
2021,202,1,2
2021,203,1,2
2021,204,1,2
2021,205,1,2
2021,206,1,2
2021,207,1,2
2021,208,1,2
2021,209,1,2
2021,210,1,2
2021,211,1,2
2021,212,1,2
2021,213,1,2
2021,214,1,2
2021,215,1,2
2021,216,1,2
2021,217,1,2
2021,218,1,2
2021,219,1,2
2021,220,1,2
2021,221,1,2
2021,222,1,2
2021,223,1,2
2021,224,1,2
2021,225,1,2
2021,226,1,2
2021,227,1,2
2021,228,1,2
2021,229,1,2
2021,230,1,2
2021,231,1,2
2021,232,1,2
2021,233,1,2
2021,234,1,2
2021,235,1,2
2021,236,1,2
2021,237,1,2
2021,238,1,2
2021,239,1,2
2021,240,1,2
2021,241,1,2
2021,242,1,2
2021,243,1,2
2021,244,1,2
2021,245,1,2
2021,246,1,2
2021,247,1,2
2021,248,1,2
2021,249,1,2
2021,250,1,2
2021,251,1,2
2021,252,1,2
2021,253,1,2
2021,254,1,2
2021,255,1,2
2021,256,1,2
2021,257,1,2
2021,258,1,2
2021,259,1,2
2021,260,1,2
2021,261,1,2
2021,262,1,2
2021,263,1,2
2021,264,1,2
2021,265,1,2
2021,266,1,2
2021,267,1,2
2021,268,1,2
2021,269,1,2
2021,270,1,2
2021,271,1,2
2021,272,1,2
2021,273,1,2
2021,274,1,2
2021,275,1,2
2021,276,1,2
2021,277,1,2
2021,278,1,2
2021,279,1,2
2021,280,1,2
2021,281,1,2
2021,282,1,2
2021,283,1,2
2021,284,1,2
2021,285,1,2
2021,286,1,2
2021,287,1,2
2021,288,1,2
2021,289,1,2
2021,290,1,2
2021,291,1,2
2021,292,1,2
2021,293,1,2
2021,294,1,2
2021,295,1,2
2021,296,1,2
2021,297,1,2
2021,298,1,2
2021,299,1,2
2021,300,1,2
2021,301,1,2
2021,302,1,2
2021,303,1,2
2021,304,1,2
2021,305,1,2
2021,306,1,2
2021,307,1,2
2021,308,1,2
2021,309,1,2
2021,310,1,2
2021,311,1,2
2021,312,1,2
2021,313,1,2
2021,314,1,2
2021,315,1,2
2021,316,1,2
2021,317,1,2
2021,318,1,2
2021,319,1,2
2021,320,1,2
2021,321,1,2
2021,322,1,2
2021,323,1,2
2021,324,1,2
2021,325,1,2
2021,326,1,2
2021,327,1,2
2021,328,1,2
2021,329,1,2
2021,330,1,2
2021,331,1,2
2021,332,1,2
2021,333,1,2
2021,334,1,2
2021,335,1,2
2021,336,1,2
2021,337,1,2
2021,338,1,2
2021,339,1,2
2021,340,1,2
2021,341,1,2
2021,342,1,2
2021,343,1,2
2021,344,1,2
2021,345,1,2
2021,346,1,2
2021,347,1,2
2021,348,1,2
2021,349,1,2
2021,350,1,2
2021,351,1,2
2021,352,1,2
2021,353,1,2
2021,354,1,2
2021,355,1,2
2021,356,1,2
2021,357,1,2
2021,358,1,2
2021,359,1,2
2021,360,1,2
2021,361,1,2
2021,362,1,2
2021,363,1,2
2021,364,1,2
2021,365,1,2
2021,366,1,2
2021,367,1,2
2021,368,1,2
2021,369,1,2
2021,370,1,2
2021,371,1,2
2021,372,1,2
2021,373,1,2
2021,374,1,2
2021,375,1,2
2021,376,1,2
2021,377,1,2
2021,378,1,2
2021,379,1,2
2021,380,1,2
2021,381,1,2
2021,382,1,2
2021,383,1,2
2021,384,1,2
2021,385,1,2
2021,386,1,2
2021,387,1,2
2021,388,1,2
2021,389,1,2
2021,390,1,2
2021,391,1,2
2021,392,1,2
2021,393,1,2
2021,394,1,2
2021,395,1,2
2021,396,1,2
2021,397,1,2
2021,398,1,2
2021,399,1,2
2021,400,1,2
2021,401,1,2
2021,402,1,2
2021,403,1,2
2021,404,1,2
2021,405,1,2
2021,406,1,2
2021,407,1,2
2021,408,1,2
2021,409,1,2
2021,410,1,2
2021,411,1,2
2021,412,1,2
2021,413,1,2
2021,414,1,2
2021,415,1,2
2021,416,1,2
2021,417,1,2
2021,418,1,2
2021,419,1,2
2021,420,1,2
2021,421,1,2
2021,422,1,2
2021,423,1,2
2021,424,1,2
2021,425,1,2
2021,426,1,2
2021,427,1,2
2021,428,1,2
2021,429,1,2
2021,430,1,2
2021,431,1,2
2021,432,1,2
2021,433,1,2
2021,434,1,2
2021,435,1,2
2021,436,1,2
2021,437,1,2
2021,438,1,2
2021,439,1,2
2021,440,1,2
2021,441,1,2
2021,442,1,2
2021,443,1,2
2021,444,1,2
2021,445,1,2
2021,446,1,2
2021,447,1,2
2021,448,1,2
2021,449,1,2
2021,450,1,2
2021,451,1,2
2021,452,1,2
2021,453,1,2
2021,454,1,2
2021,455,1,2
2021,456,1,2
2021,457,1,3
2021,458,1,3
2021,459,1,3
2021,460,1,3
2021,461,1,3
2021,462,1,3
2021,463,1,3
2021,464,1,3
2021,465,1,3
2021,466,1,3
2021,467,1,3
2021,468,1,3
2021,469,1,3
2021,470,1,3
2021,471,1,3
2021,472,1,3
2021,473,1,3
2021,474,1,3
2021,475,1,3
2021,476,1,3
2021,477,1,3
2021,478,1,3
2021,479,1,3
2021,480,1,3
2021,481,1,3
2021,482,1,3
2021,483,1,3
2021,484,1,3
2021,485,1,3
2021,486,1,3
2021,487,1,3
2021,488,1,3
2021,489,1,3
2021,490,1,3
2021,491,1,3
2021,492,1,3
2021,493,1,3
2021,494,1,3
2021,495,1,3
2021,496,1,3
2021,497,1,3
2021,498,1,3
2021,499,1,3
2021,500,1,3
2021,501,1,3
2021,502,1,3
2021,503,1,3
2021,504,1,3
2021,505,1,3
2021,506,1,3
2021,507,1,3
2021,508,1,2
2021,509,1,2
2021,510,1,2
2021,511,1,2
2021,512,1,2
2021,513,1,2
2021,514,1,2
2021,515,1,2
2021,516,1,2
2021,517,1,2
2021,518,1,2
2021,519,1,2
2021,520,1,2
2021,521,1,2
2021,522,1,2
2021,523,1,2
2021,524,1,2
2021,525,1,2
2021,526,1,2
2021,527,1,2
2021,528,1,2
2021,529,1,2
2021,530,1,2
2021,531,1,2
2021,532,1,2
2021,533,1,2
2021,534,1,2
2021,535,1,2
2021,536,1,2
2021,537,1,2
2021,538,1,2
2021,539,1,2
2021,540,1,2
2021,541,1,2
2021,542,1,2
2021,543,1,2
2021,544,1,2
2021,545,1,2
2021,546,1,2
2021,547,1,2
2021,548,1,2
2021,549,1,2
2021,550,1,2
2021,551,1,2
2021,552,1,2
2021,553,1,2
2021,554,1,2
2021,555,1,2
2021,556,1,2
2021,557,1,2
2021,558,1,2
2021,559,1,2
2021,560,1,2
2021,561,1,2
2021,562,1,2
2021,563,1,2
2021,564,1,2
2021,565,1,2
2021,566,1,2
2021,567,1,2
2021,568,1,2
2021,569,1,2
2021,570,1,2
2021,571,1,2
2021,572,1,2
2021,573,1,2
2021,574,1,2
2021,575,1,2
2021,576,1,2
2021,577,1,2
2021,578,1,2
2021,579,1,2
2021,580,1,2
2021,581,1,2
2021,582,1,2
2021,583,1,2
2021,584,1,2
2021,585,1,2
2021,586,1,2
2021,587,1,2
2021,588,1,2
2021,589,1,2
2021,590,1,2
2021,591,1,2
2021,592,1,2
2021,593,1,2
2021,594,1,2
2021,595,1,2
2021,596,1,2
2021,597,1,2
2021,598,1,2
2021,599,1,2
2021,600,1,2
2021,601,1,2
2021,602,1,2
2021,603,1,2
2021,604,1,2
2021,605,1,2
2021,606,1,2
2021,607,1,2
2021,608,1,2
2021,609,1,2
2021,610,1,2
2021,611,1,2
2021,612,1,2
2021,613,1,2
2021,614,1,2
2021,615,1,2
2021,616,1,2
2021,617,1,2
2021,618,1,2
2021,619,1,2
2021,620,1,2
2021,621,1,2
2021,622,1,2
2021,623,1,2
2021,624,1,2
2021,625,1,2
2021,626,1,2
2021,627,1,2
2021,628,1,2
2021,629,1,2
2021,630,1,2
2021,631,1,2
2021,632,1,2
2021,633,1,2
2021,634,1,2
2021,635,1,2
2021,636,1,2
2022,121,1,2
2022,122,1,2
2022,123,1,2
2022,124,1,2
2022,125,1,2
2022,126,1,3
2022,127,1,3
2022,128,1,3
2022,129,1,3
2022,130,1,3
2022,131,1,3
2022,132,1,3
2022,133,1,3
2022,134,1,3
2022,135,1,3
2022,136,1,3
2022,137,1,3
2022,138,1,3
2022,139,1,3
2022,140,1,3
2022,141,1,3
2022,142,1,3
2022,143,1,3
2022,144,1,3
2022,145,1,3
2022,146,1,3
2022,147,1,3
2022,148,1,3
2022,149,1,3
2022,150,1,3
2022,151,1,3
2022,152,1,3
2022,153,1,3
2022,154,1,3
2022,155,1,3
2022,156,1,3
2022,157,1,3
2022,158,1,3
2022,159,1,3
2022,160,1,3
2022,161,1,3
2022,162,1,3
2022,163,1,3
2022,164,1,3
2022,165,1,3
2022,166,1,3
2022,167,1,3
2022,168,1,3
2022,169,1,3
2022,170,1,3
2022,171,1,3
2022,172,1,3
2022,173,1,3
2022,174,1,2
2022,175,1,2
2022,176,1,2
2022,177,1,2
2022,178,1,2
2022,179,1,2
2022,180,1,2
2022,181,1,2
2022,182,1,2
2022,183,1,2
2022,184,1,2
2022,185,1,2
2022,186,1,2
2022,187,1,2
2022,188,1,2
2022,189,1,2
2022,190,1,2
2022,191,1,2
2022,192,1,2
2022,193,1,2
2022,194,1,2
2022,195,1,2
2022,196,1,2
2022,197,1,2
2022,198,1,2
2022,199,1,2
2022,200,1,2
2022,201,1,2
2022,202,1,2
2022,203,1,2
2022,204,1,2
2022,205,1,2
2022,206,1,2
2022,207,1,2
2022,208,1,2
2022,209,1,2
2022,210,1,2
2022,211,1,2
2022,212,1,2
2022,213,1,2
2022,214,1,2
2022,215,1,2
2022,216,1,2
2022,217,1,2
2022,218,1,2
2022,219,1,2
2022,220,1,2
2022,221,1,2
2022,222,1,2
2022,223,1,2
2022,224,1,2
2022,225,1,2
2022,226,1,2
2022,227,1,2
2022,228,1,2
2022,229,1,2
2022,230,1,2
2022,231,1,2
2022,232,1,2
2022,233,1,2
2022,234,1,2
2022,235,1,2
2022,236,1,2
2022,237,1,2
2022,238,1,2
2022,239,1,2
2022,240,1,2
2022,241,1,2
2022,242,1,2
2022,243,1,2
2022,244,1,2
2022,245,1,2
2022,246,1,2
2022,247,1,2
2022,248,1,2
2022,249,1,2
2022,250,1,2
2022,251,1,2
2022,252,1,2
2022,253,1,2
2022,254,1,2
2022,255,1,2
2022,256,1,2
2022,257,1,2
2022,258,1,2
2022,259,1,2
2022,260,1,2
2022,261,1,2
2022,262,1,2
2022,263,1,2
2022,264,1,2
2022,265,1,2
2022,266,1,2
2022,267,1,2
2022,268,1,2
2022,269,1,2
2022,270,1,2
2022,271,1,2
2022,272,1,2
2022,273,1,2
2022,274,1,2
2022,275,1,2
2022,276,1,2
2022,277,1,2
2022,278,1,2
2022,279,1,2
2022,280,1,2
2022,281,1,2
2022,282,1,2
2022,283,1,2
2022,284,1,2
2022,285,1,2
2022,286,1,2
2022,287,1,2
2022,288,1,2
2022,289,1,2
2022,290,1,2
2022,291,1,2
2022,292,1,2
2022,293,1,2
2022,294,1,2
2022,295,1,2
2022,296,1,2
2022,297,1,2
2022,298,1,2
2022,299,1,2
2022,300,1,2
2022,301,1,2
2022,302,1,2
2022,303,1,2
2022,304,1,2
2022,305,1,2
2022,306,1,2
2022,307,1,2
2022,308,1,2
2022,309,1,2
2022,310,1,2
2022,311,1,2
2022,312,1,2
2022,313,1,2
2022,314,1,2
2022,315,1,2
2022,316,1,2
2022,317,1,2
2022,318,1,2
2022,319,1,2
2022,320,1,2
2022,321,1,2
2022,322,1,2
2022,323,1,2
2022,324,1,2
2022,325,1,2
2022,326,1,2
2022,327,1,2
2022,328,1,2
2022,329,1,2
2022,330,1,2
2022,331,1,2
2022,332,1,2
2022,333,1,2
2022,334,1,2
2022,335,1,2
2022,336,1,2
2022,337,1,2
2022,338,1,2
2022,339,1,2
2022,340,1,2
2022,341,1,2
2022,342,1,2
2022,343,1,2
2022,344,1,2
2022,345,1,2
2022,346,1,2
2022,347,1,2
2022,348,1,2
2022,349,1,2
2022,350,1,2
2022,351,1,2
2022,352,1,2
2022,353,1,2
2022,354,1,2
2022,355,1,2
2022,356,1,2
2022,357,1,2
2022,358,1,2
2022,359,1,2
2022,360,1,2
2022,361,1,2
2022,362,1,2
2022,363,1,2
2022,364,1,2
2022,365,1,2
2022,366,1,2
2022,367,1,2
2022,368,1,2
2022,369,1,2
2022,370,1,2
2022,371,1,2
2022,372,1,2
2022,373,1,2
2022,374,1,2
2022,375,1,2
2022,376,1,2
2022,377,1,2
2022,378,1,2
2022,379,1,2
2022,380,1,2
2022,381,1,2
2022,382,1,2
2022,383,1,2
2022,384,1,2
2022,385,1,2
2022,386,1,2
2022,387,1,2
2022,388,1,2
2022,389,1,2
2022,390,1,2
2022,391,1,2
2022,392,1,2
2022,393,1,2
2022,394,1,2
2022,395,1,2
2022,396,1,2
2022,397,1,2
2022,398,1,2
2022,399,1,2
2022,400,1,2
2022,401,1,2
2022,402,1,2
2022,403,1,2
2022,404,1,2
2022,405,1,2
2022,406,1,2
2022,407,1,2
2022,408,1,2
2022,409,1,2
2022,410,1,2
2022,411,1,2
2022,412,1,2
2022,413,1,2
2022,414,1,2
2022,415,1,2
2022,416,1,2
2022,417,1,2
2022,418,1,2
2022,419,1,2
2022,420,1,2
2022,421,1,2
2022,422,1,2
2022,423,1,2
2022,424,1,2
2022,425,1,2
2022,426,1,2
2022,427,1,2
2022,428,1,2
2022,429,1,2
2022,430,1,2
2022,431,1,2
2022,432,1,2
2022,433,1,2
2022,434,1,2
2022,435,1,2
2022,436,1,2
2022,437,1,2
2022,438,1,2
2022,439,1,2
2022,440,1,2
2022,441,1,2
2022,442,1,2
2022,443,1,2
2022,444,1,2
2022,445,1,2
2022,446,1,2
2022,447,1,2
2022,448,1,2
2022,449,1,2
2022,450,1,2
2022,451,1,2
2022,452,1,2
2022,453,1,2
2022,454,1,2
2022,455,1,2
2022,456,1,3
2022,457,1,3
2022,458,1,3
2022,459,1,3
2022,460,1,3
2022,461,1,3
2022,462,1,3
2022,463,1,3
2022,464,1,3
2022,465,1,3
2022,466,1,3
2022,467,1,3
2022,468,1,3
2022,469,1,3
2022,470,1,3
2022,471,1,3
2022,472,1,3
2022,473,1,3
2022,474,1,3
2022,475,1,3
2022,476,1,3
2022,477,1,3
2022,478,1,3
2022,479,1,3
2022,480,1,3
2022,481,1,3
2022,482,1,3
2022,483,1,3
2022,484,1,3
2022,485,1,3
2022,486,1,3
2022,487,1,3
2022,488,1,3
2022,489,1,3
2022,490,1,3
2022,491,1,3
2022,492,1,3
2022,493,1,3
2022,494,1,3
2022,495,1,3
2022,496,1,3
2022,497,1,3
2022,498,1,3
2022,499,1,3
2022,500,1,3
2022,501,1,3
2022,502,1,3
2022,503,1,3
2022,504,1,3
2022,505,1,3
2022,506,1,3
2022,507,1,3
2022,508,1,3
2022,509,1,2
2022,510,1,2
2022,511,1,2
2022,512,1,2
2022,513,1,2
2022,514,1,2
2022,515,1,2
2022,516,1,2
2022,517,1,2
2022,518,1,2
2022,519,1,2
2022,520,1,2
2022,521,1,2
2022,522,1,2
2022,523,1,2
2022,524,1,2
2022,525,1,2
2022,526,1,2
2022,527,1,2
2022,528,1,2
2022,529,1,2
2022,530,1,2
2022,531,1,2
2022,532,1,2
2022,533,1,2
2022,534,1,2
2022,535,1,2
2022,536,1,2
2022,537,1,2
2022,538,1,2
2022,539,1,2
2022,540,1,2
2022,541,1,2
2022,542,1,2
2022,543,1,2
2022,544,1,2
2022,545,1,2
2022,546,1,2
2022,547,1,2
2022,548,1,2
2022,549,1,2
2022,550,1,2
2022,551,1,2
2022,552,1,2
2022,553,1,2
2022,554,1,2
2022,555,1,2
2022,556,1,2
2022,557,1,2
2022,558,1,2
2022,559,1,2
2022,560,1,2
2022,561,1,2
2022,562,1,2
2022,563,1,2
2022,564,1,2
2022,565,1,2
2022,566,1,2
2022,567,1,2
2022,568,1,2
2022,569,1,2
2022,570,1,2
2022,571,1,2
2022,572,1,2
2022,573,1,2
2022,574,1,2
2022,575,1,2
2022,576,1,2
2022,577,1,2
2022,578,1,2
2022,579,1,2
2022,580,1,2
2022,581,1,2
2022,582,1,2
2022,583,1,2
2022,584,1,2
2022,585,1,2
2022,586,1,2
2022,587,1,2
2022,588,1,2
2022,589,1,2
2022,590,1,2
2022,591,1,2
2022,592,1,2
2022,593,1,2
2022,594,1,2
2022,595,1,2
2022,596,1,2
2022,597,1,2
2022,598,1,2
2022,599,1,2
2022,600,1,2
2022,601,1,2
2022,602,1,2
2022,603,1,2
2022,604,1,2
2022,605,1,2
2022,606,1,2
2022,607,1,2
2022,608,1,2
2022,609,1,2
2022,610,1,2
2022,611,1,2
2022,612,1,2
2022,613,1,2
2022,614,1,2
2022,615,1,2
2022,616,1,2
2022,617,1,2
2022,618,1,2
2022,619,1,2
2022,620,1,2
2022,621,1,2
2022,622,1,2
2022,623,1,2
2022,624,1,2
2022,625,1,2
2022,626,1,2
2022,627,1,2
2022,628,1,2
2022,629,1,2
2022,630,1,2
2022,631,1,2
2022,632,1,2
2022,633,1,2
2022,634,1,2
2022,635,1,2
2022,636,1,2
2022,637,1,2
2022,638,1,2
2022,639,1,2
2022,640,1,2
2023,121,1,2
2023,122,1,2
2023,123,1,2
2023,124,1,2
2023,125,1,2
2023,126,1,3
2023,127,1,3
2023,128,1,3
2023,129,1,3
2023,130,1,3
2023,131,1,3
2023,132,1,3
2023,133,1,3
2023,134,1,3
2023,135,1,3
2023,136,1,3
2023,137,1,3
2023,138,1,3
2023,139,1,3
2023,140,1,3
2023,141,1,3
2023,142,1,3
2023,143,1,3
2023,144,1,3
2023,145,1,3
2023,146,1,3
2023,147,1,3
2023,148,1,3
2023,149,1,3
2023,150,1,3
2023,151,1,3
2023,152,1,3
2023,153,1,3
2023,154,1,3
2023,155,1,3
2023,156,1,3
2023,157,1,3
2023,158,1,3
2023,159,1,3
2023,160,1,3
2023,161,1,3
2023,162,1,3
2023,163,1,3
2023,164,1,3
2023,165,1,3
2023,166,1,3
2023,167,1,3
2023,168,1,3
2023,169,1,3
2023,170,1,3
2023,171,1,3
2023,172,1,3
2023,173,1,3
2023,174,1,2
2023,175,1,2
2023,176,1,2
2023,177,1,2
2023,178,1,2
2023,179,1,2
2023,180,1,2
2023,181,1,2
2023,182,1,2
2023,183,1,2
2023,184,1,2
2023,185,1,2
2023,186,1,2
2023,187,1,2
2023,188,1,2
2023,189,1,2
2023,190,1,2
2023,191,1,2
2023,192,1,2
2023,193,1,2
2023,194,1,2
2023,195,1,2
2023,196,1,2
2023,197,1,2
2023,198,1,2
2023,199,1,2
2023,200,1,2
2023,201,1,2
2023,202,1,2
2023,203,1,2
2023,204,1,2
2023,205,1,2
2023,206,1,2
2023,207,1,2
2023,208,1,2
2023,209,1,2
2023,210,1,2
2023,211,1,2
2023,212,1,2
2023,213,1,2
2023,214,1,2
2023,215,1,2
2023,216,1,2
2023,217,1,2
2023,218,1,2
2023,219,1,2
2023,220,1,2
2023,221,1,2
2023,222,1,2
2023,223,1,2
2023,224,1,2
2023,225,1,2
2023,226,1,2
2023,227,1,2
2023,228,1,2
2023,229,1,2
2023,230,1,2
2023,231,1,2
2023,232,1,2
2023,233,1,2
2023,234,1,2
2023,235,1,2
2023,236,1,2
2023,237,1,2
2023,238,1,2
2023,239,1,2
2023,240,1,2
2023,241,1,2
2023,242,1,2
2023,243,1,2
2023,244,1,2
2023,245,1,2
2023,246,1,2
2023,247,1,2
2023,248,1,2
2023,249,1,2
2023,250,1,2
2023,251,1,2
2023,252,1,2
2023,253,1,2
2023,254,1,2
2023,255,1,2
2023,256,1,2
2023,257,1,2
2023,258,1,2
2023,259,1,2
2023,260,1,2
2023,261,1,2
2023,262,1,2
2023,263,1,2
2023,264,1,2
2023,265,1,2
2023,266,1,2
2023,267,1,2
2023,268,1,2
2023,269,1,2
2023,270,1,2
2023,271,1,2
2023,272,1,2
2023,273,1,2
2023,274,1,2
2023,275,1,2
2023,276,1,2
2023,277,1,2
2023,278,1,2
2023,279,1,2
2023,280,1,2
2023,281,1,2
2023,282,1,2
2023,283,1,2
2023,284,1,2
2023,285,1,2
2023,286,1,2
2023,287,1,2
2023,288,1,2
2023,289,1,2
2023,290,1,2
2023,291,1,2
2023,292,1,2
2023,293,1,2
2023,294,1,2
2023,295,1,2
2023,296,1,2
2023,297,1,2
2023,298,1,2
2023,299,1,2
2023,300,1,2
2023,301,1,2
2023,302,1,2
2023,303,1,2
2023,304,1,2
2023,305,1,2
2023,306,1,2
2023,307,1,2
2023,308,1,2
2023,309,1,2
2023,310,1,2
2023,311,1,2
2023,312,1,2
2023,313,1,2
2023,314,1,2
2023,315,1,2
2023,316,1,2
2023,317,1,2
2023,318,1,2
2023,319,1,2
2023,320,1,2
2023,321,1,2
2023,322,1,2
2023,323,1,2
2023,324,1,2
2023,325,1,2
2023,326,1,2
2023,327,1,2
2023,328,1,2
2023,329,1,2
2023,330,1,2
2023,331,1,2
2023,332,1,2
2023,333,1,2
2023,334,1,2
2023,335,1,2
2023,336,1,2
2023,337,1,2
2023,338,1,2
2023,339,1,2
2023,340,1,2
2023,341,1,2
2023,342,1,2
2023,343,1,2
2023,344,1,2
2023,345,1,2
2023,346,1,2
2023,347,1,2
2023,348,1,2
2023,349,1,2
2023,350,1,2
2023,351,1,2
2023,352,1,2
2023,353,1,2
2023,354,1,2
2023,355,1,2
2023,356,1,2
2023,357,1,2
2023,358,1,2
2023,359,1,2
2023,360,1,2
2023,361,1,2
2023,362,1,2
2023,363,1,2
2023,364,1,2
2023,365,1,2
2023,366,1,2
2023,367,1,2
2023,368,1,2
2023,369,1,2
2023,370,1,2
2023,371,1,2
2023,372,1,2
2023,373,1,2
2023,374,1,2
2023,375,1,2
2023,376,1,2
2023,377,1,2
2023,378,1,2
2023,379,1,2
2023,380,1,2
2023,381,1,2
2023,382,1,2
2023,383,1,2
2023,384,1,2
2023,385,1,2
2023,386,1,2
2023,387,1,2
2023,388,1,2
2023,389,1,2
2023,390,1,2
2023,391,1,2
2023,392,1,2
2023,393,1,2
2023,394,1,2
2023,395,1,2
2023,396,1,2
2023,397,1,2
2023,398,1,2
2023,399,1,2
2023,400,1,2
2023,401,1,2
2023,402,1,2
2023,403,1,2
2023,404,1,2
2023,405,1,2
2023,406,1,2
2023,407,1,2
2023,408,1,2
2023,409,1,2
2023,410,1,2
2023,411,1,2
2023,412,1,2
2023,413,1,2
2023,414,1,2
2023,415,1,2
2023,416,1,2
2023,417,1,2
2023,418,1,2
2023,419,1,2
2023,420,1,2
2023,421,1,2
2023,422,1,2
2023,423,1,2
2023,424,1,2
2023,425,1,2
2023,426,1,2
2023,427,1,2
2023,428,1,2
2023,429,1,2
2023,430,1,2
2023,431,1,2
2023,432,1,2
2023,433,1,2
2023,434,1,2
2023,435,1,2
2023,436,1,2
2023,437,1,2
2023,438,1,2
2023,439,1,2
2023,440,1,2
2023,441,1,2
2023,442,1,2
2023,443,1,2
2023,444,1,2
2023,445,1,2
2023,446,1,2
2023,447,1,2
2023,448,1,2
2023,449,1,2
2023,450,1,2
2023,451,1,2
2023,452,1,2
2023,453,1,2
2023,454,1,2
2023,455,1,2
2023,456,1,3
2023,457,1,3
2023,458,1,3
2023,459,1,3
2023,460,1,3
2023,461,1,3
2023,462,1,3
2023,463,1,3
2023,464,1,3
2023,465,1,3
2023,466,1,3
2023,467,1,3
2023,468,1,3
2023,469,1,3
2023,470,1,3
2023,471,1,3
2023,472,1,3
2023,473,1,3
2023,474,1,3
2023,475,1,3
2023,476,1,3
2023,477,1,3
2023,478,1,3
2023,479,1,3
2023,480,1,3
2023,481,1,3
2023,482,1,3
2023,483,1,3
2023,484,1,3
2023,485,1,3
2023,486,1,3
2023,487,1,3
2023,488,1,3
2023,489,1,3
2023,490,1,3
2023,491,1,3
2023,492,1,3
2023,493,1,3
2023,494,1,3
2023,495,1,3
2023,496,1,3
2023,497,1,3
2023,498,1,3
2023,499,1,3
2023,500,1,3
2023,501,1,3
2023,502,1,3
2023,503,1,3
2023,504,1,3
2023,505,1,3
2023,506,1,3
2023,507,1,3
2023,508,1,3
2023,509,1,2
2023,510,1,2
2023,511,1,2
2023,512,1,2
2023,513,1,2
2023,514,1,2
2023,515,1,2
2023,516,1,2
2023,517,1,2
2023,518,1,2
2023,519,1,2
2023,520,1,2
2023,521,1,2
2023,522,1,2
2023,523,1,2
2023,524,1,2
2023,525,1,2
2023,526,1,2
2023,527,1,2
2023,528,1,2
2023,529,1,2
2023,530,1,2
2023,531,1,2
2023,532,1,2
2023,533,1,2
2023,534,1,2
2023,535,1,2
2023,536,1,2
2023,537,1,2
2023,538,1,2
2023,539,1,2
2023,540,1,2
2023,541,1,2
2023,542,1,2
2023,543,1,2
2023,544,1,2
2023,545,1,2
2023,546,1,2
2023,547,1,2
2023,548,1,2
2023,549,1,2
2023,550,1,2
2023,551,1,2
2023,552,1,2
2023,553,1,2
2023,554,1,2
2023,555,1,2
2023,556,1,2
2023,557,1,2
2023,558,1,2
2023,559,1,2
2023,560,1,2
2023,561,1,2
2023,562,1,2
2023,563,1,2
2023,564,1,2
2023,565,1,2
2023,566,1,2
2023,567,1,2
2023,568,1,2
2023,569,1,2
2023,570,1,2
2023,571,1,2
2023,572,1,2
2023,573,1,2
2023,574,1,2
2023,575,1,2
2023,576,1,2
2023,577,1,2
2023,578,1,2
2023,579,1,2
2023,580,1,2
2023,581,1,2
2023,582,1,2
2023,583,1,2
2023,584,1,2
2023,585,1,2
2023,586,1,2
2023,587,1,2
2023,588,1,2
2023,589,1,2
2023,590,1,2
2023,591,1,2
2023,592,1,2
2023,593,1,2
2023,594,1,2
2023,595,1,2
2023,596,1,2
2023,597,1,2
2023,598,1,2
2023,599,1,2
2023,600,1,2
2023,601,1,2
2023,602,1,2
2023,603,1,2
2023,604,1,2
2023,605,1,2
2023,606,1,2
2023,607,1,2
2023,608,1,2
2023,609,1,2
2023,610,1,2
2023,611,1,2
2023,612,1,2
2023,613,1,2
2023,614,1,2
2023,615,1,2
2023,616,1,2
2023,617,1,2
2023,618,1,2
2023,619,1,2
2023,620,1,2
2023,621,1,2
2023,622,1,2
2023,623,1,2
2023,624,1,2
2023,625,1,2
2023,626,1,2
2023,627,1,2
2023,628,1,2
2023,629,1,2
2023,630,1,2
2023,631,1,2
2023,632,1,2
2023,633,1,2
2023,634,1,2
2023,635,1,2
2023,636,1,2
2023,637,1,2
2023,638,1,2
2023,639,1,2
2023,640,1,2
2024,121,1,2
2024,122,1,2
2024,123,1,2
2024,124,1,2
2024,125,1,2
2024,126,1,3
2024,127,1,3
2024,128,1,3
2024,129,1,3
2024,130,1,3
2024,131,1,3
2024,132,1,3
2024,133,1,3
2024,134,1,3
2024,135,1,3
2024,136,1,3
2024,137,1,3
2024,138,1,3
2024,139,1,3
2024,140,1,3
2024,141,1,3
2024,142,1,3
2024,143,1,3
2024,144,1,3
2024,145,1,3
2024,146,1,3
2024,147,1,3
2024,148,1,3
2024,149,1,3
2024,150,1,3
2024,151,1,3
2024,152,1,3
2024,153,1,3
2024,154,1,3
2024,155,1,3
2024,156,1,3
2024,157,1,3
2024,158,1,3
2024,159,1,3
2024,160,1,3
2024,161,1,3
2024,162,1,3
2024,163,1,3
2024,164,1,3
2024,165,1,3
2024,166,1,3
2024,167,1,3
2024,168,1,3
2024,169,1,3
2024,170,1,3
2024,171,1,3
2024,172,1,3
2024,173,1,2
2024,174,1,2
2024,175,1,2
2024,176,1,2
2024,177,1,2
2024,178,1,2
2024,179,1,2
2024,180,1,2
2024,181,1,2
2024,182,1,2
2024,183,1,2
2024,184,1,2
2024,185,1,2
2024,186,1,2
2024,187,1,2
2024,188,1,2
2024,189,1,2
2024,190,1,2
2024,191,1,2
2024,192,1,2
2024,193,1,2
2024,194,1,2
2024,195,1,2
2024,196,1,2
2024,197,1,2
2024,198,1,2
2024,199,1,2
2024,200,1,2
2024,201,1,2
2024,202,1,2
2024,203,1,2
2024,204,1,2
2024,205,1,2
2024,206,1,2
2024,207,1,2
2024,208,1,2
2024,209,1,2
2024,210,1,2
2024,211,1,2
2024,212,1,2
2024,213,1,2
2024,214,1,2
2024,215,1,2
2024,216,1,2
2024,217,1,2
2024,218,1,2
2024,219,1,2
2024,220,1,2
2024,221,1,2
2024,222,1,2
2024,223,1,2
2024,224,1,2
2024,225,1,2
2024,226,1,2
2024,227,1,2
2024,228,1,2
2024,229,1,2
2024,230,1,2
2024,231,1,2
2024,232,1,2
2024,233,1,2
2024,234,1,2
2024,235,1,2
2024,236,1,2
2024,237,1,2
2024,238,1,2
2024,239,1,2
2024,240,1,2
2024,241,1,2
2024,242,1,2
2024,243,1,2
2024,244,1,2
2024,245,1,2
2024,246,1,2
2024,247,1,2
2024,248,1,2
2024,249,1,2
2024,250,1,2
2024,251,1,2
2024,252,1,2
2024,253,1,2
2024,254,1,2
2024,255,1,2
2024,256,1,2
2024,257,1,2
2024,258,1,2
2024,259,1,2
2024,260,1,2
2024,261,1,2
2024,262,1,2
2024,263,1,2
2024,264,1,2
2024,265,1,2
2024,266,1,2
2024,267,1,2
2024,268,1,2
2024,269,1,2
2024,270,1,2
2024,271,1,2
2024,272,1,2
2024,273,1,2
2024,274,1,2
2024,275,1,2
2024,276,1,2
2024,277,1,2
2024,278,1,2
2024,279,1,2
2024,280,1,2
2024,281,1,2
2024,282,1,2
2024,283,1,2
2024,284,1,2
2024,285,1,2
2024,286,1,2
2024,287,1,2
2024,288,1,2
2024,289,1,2
2024,290,1,2
2024,291,1,2
2024,292,1,2
2024,293,1,2
2024,294,1,2
2024,295,1,2
2024,296,1,2
2024,297,1,2
2024,298,1,2
2024,299,1,2
2024,300,1,2
2024,301,1,2
2024,302,1,2
2024,303,1,2
2024,304,1,2
2024,305,1,2
2024,306,1,2
2024,307,1,2
2024,308,1,2
2024,309,1,2
2024,310,1,2
2024,311,1,2
2024,312,1,2
2024,313,1,2
2024,314,1,2
2024,315,1,2
2024,316,1,2
2024,317,1,2
2024,318,1,2
2024,319,1,2
2024,320,1,2
2024,321,1,2
2024,322,1,2
2024,323,1,2
2024,324,1,2
2024,325,1,2
2024,326,1,2
2024,327,1,2
2024,328,1,2
2024,329,1,2
2024,330,1,2
2024,331,1,2
2024,332,1,2
2024,333,1,2
2024,334,1,2
2024,335,1,2
2024,336,1,2
2024,337,1,2
2024,338,1,2
2024,339,1,2
2024,340,1,2
2024,341,1,2
2024,342,1,2
2024,343,1,2
2024,344,1,2
2024,345,1,2
2024,346,1,2
2024,347,1,2
2024,348,1,2
2024,349,1,2
2024,350,1,2
2024,351,1,2
2024,352,1,2
2024,353,1,2
2024,354,1,2
2024,355,1,2
2024,356,1,2
2024,357,1,2
2024,358,1,2
2024,359,1,2
2024,360,1,2
2024,361,1,2
2024,362,1,2
2024,363,1,2
2024,364,1,2
2024,365,1,2
2024,366,1,2
2024,367,1,2
2024,368,1,2
2024,369,1,2
2024,370,1,2
2024,371,1,2
2024,372,1,2
2024,373,1,2
2024,374,1,2
2024,375,1,2
2024,376,1,2
2024,377,1,2
2024,378,1,2
2024,379,1,2
2024,380,1,2
2024,381,1,2
2024,382,1,2
2024,383,1,2
2024,384,1,2
2024,385,1,2
2024,386,1,2
2024,387,1,2
2024,388,1,2
2024,389,1,2
2024,390,1,2
2024,391,1,2
2024,392,1,2
2024,393,1,2
2024,394,1,2
2024,395,1,2
2024,396,1,2
2024,397,1,2
2024,398,1,2
2024,399,1,2
2024,400,1,2
2024,401,1,2
2024,402,1,2
2024,403,1,2
2024,404,1,2
2024,405,1,2
2024,406,1,2
2024,407,1,2
2024,408,1,2
2024,409,1,2
2024,410,1,2
2024,411,1,2
2024,412,1,2
2024,413,1,2
2024,414,1,2
2024,415,1,2
2024,416,1,2
2024,417,1,2
2024,418,1,2
2024,419,1,2
2024,420,1,2
2024,421,1,2
2024,422,1,2
2024,423,1,2
2024,424,1,2
2024,425,1,2
2024,426,1,2
2024,427,1,2
2024,428,1,2
2024,429,1,2
2024,430,1,2
2024,431,1,2
2024,432,1,2
2024,433,1,2
2024,434,1,2
2024,435,1,2
2024,436,1,2
2024,437,1,2
2024,438,1,2
2024,439,1,2
2024,440,1,2
2024,441,1,2
2024,442,1,2
2024,443,1,2
2024,444,1,2
2024,445,1,2
2024,446,1,2
2024,447,1,2
2024,448,1,2
2024,449,1,2
2024,450,1,2
2024,451,1,2
2024,452,1,2
2024,453,1,2
2024,454,1,2
2024,455,1,2
2024,456,1,3
2024,457,1,3
2024,458,1,3
2024,459,1,3
2024,460,1,3
2024,461,1,3
2024,462,1,3
2024,463,1,3
2024,464,1,3
2024,465,1,3
2024,466,1,3
2024,467,1,3
2024,468,1,3
2024,469,1,3
2024,470,1,3
2024,471,1,3
2024,472,1,3
2024,473,1,3
2024,474,1,3
2024,475,1,3
2024,476,1,3
2024,477,1,3
2024,478,1,3
2024,479,1,3
2024,480,1,3
2024,481,1,3
2024,482,1,3
2024,483,1,3
2024,484,1,3
2024,485,1,3
2024,486,1,3
2024,487,1,3
2024,488,1,3
2024,489,1,3
2024,490,1,3
2024,491,1,3
2024,492,1,3
2024,493,1,3
2024,494,1,3
2024,495,1,3
2024,496,1,3
2024,497,1,3
2024,498,1,3
2024,499,1,3
2024,500,1,3
2024,501,1,3
2024,502,1,3
2024,503,1,3
2024,504,1,3
2024,505,1,3
2024,506,1,3
2024,507,1,3
2024,508,1,3
2024,509,1,2
2024,510,1,2
2024,511,1,2
2024,512,1,2
2024,513,1,2
2024,514,1,2
2024,515,1,2
2024,516,1,2
2024,517,1,2
2024,518,1,2
2024,519,1,2
2024,520,1,2
2024,521,1,2
2024,522,1,2
2024,523,1,2
2024,524,1,2
2024,525,1,2
2024,526,1,2
2024,527,1,2
2024,528,1,2
2024,529,1,2
2024,530,1,2
2024,531,1,2
2024,532,1,2
2024,533,1,2
2024,534,1,2
2024,535,1,2
2024,536,1,2
2024,537,1,2
2024,538,1,2
2024,539,1,2
2024,540,1,2
2024,541,1,2
2024,542,1,2
2024,543,1,2
2024,544,1,2
2024,545,1,2
2024,546,1,2
2024,547,1,2
2024,548,1,2
2024,549,1,2
2024,550,1,2
2024,551,1,2
2024,552,1,2
2024,553,1,2
2024,554,1,2
2024,555,1,2
2024,556,1,2
2024,557,1,2
2024,558,1,2
2024,559,1,2
2024,560,1,2
2024,561,1,2
2024,562,1,2
2024,563,1,2
2024,564,1,2
2024,565,1,2
2024,566,1,2
2024,567,1,2
2024,568,1,2
2024,569,1,2
2024,570,1,2
2024,571,1,2
2024,572,1,2
2024,573,1,2
2024,574,1,2
2024,575,1,2
2024,576,1,2
2024,577,1,2
2024,578,1,2
2024,579,1,2
2024,580,1,2
2024,581,1,2
2024,582,1,2
2024,583,1,2
2024,584,1,2
2024,585,1,2
2024,586,1,2
2024,587,1,2
2024,588,1,2
2024,589,1,2
2024,590,1,2
2024,591,1,2
2024,592,1,2
2024,593,1,2
2024,594,1,2
2024,595,1,2
2024,596,1,2
2024,597,1,2
2024,598,1,2
2024,599,1,2
2024,600,1,2
2024,601,1,2
2024,602,1,2
2024,603,1,2
2024,604,1,2
2024,605,1,2
2024,606,1,2
2024,607,1,2
2024,608,1,2
2024,609,1,2
2024,610,1,2
2024,611,1,2
2024,612,1,2
2024,613,1,2
2024,614,1,2
2024,615,1,2
2024,616,1,2
2024,617,1,2
2024,618,1,2
2024,619,1,2
2024,620,1,2
2024,621,1,2
2024,622,1,2
2024,623,1,2
2024,624,1,2
2024,625,1,2
2024,626,1,2
2024,627,1,2
2024,628,1,2
2024,629,1,2
2024,630,1,2
2024,631,1,2
2024,632,1,2
2024,633,1,2
2024,634,1,2
2024,635,1,2
2024,636,1,2
2024,637,1,2
2024,638,1,2
2024,639,1,2
2024,640,1,2
2025,121,1,2
2025,122,1,2
2025,123,1,2
2025,124,1,2
2025,125,1,2
2025,126,1,2
2025,127,1,3
2025,128,1,3
2025,129,1,3
2025,130,1,3
2025,131,1,3
2025,132,1,3
2025,133,1,3
2025,134,1,3
2025,135,1,3
2025,136,1,3
2025,137,1,3
2025,138,1,3
2025,139,1,3
2025,140,1,3
2025,141,1,3
2025,142,1,3
2025,143,1,3
2025,144,1,3
2025,145,1,3
2025,146,1,3
2025,147,1,3
2025,148,1,3
2025,149,1,3
2025,150,1,3
2025,151,1,3
2025,152,1,3
2025,153,1,3
2025,154,1,3
2025,155,1,3
2025,156,1,3
2025,157,1,3
2025,158,1,3
2025,159,1,3
2025,160,1,3
2025,161,1,3
2025,162,1,3
2025,163,1,3
2025,164,1,3
2025,165,1,3
2025,166,1,3
2025,167,1,3
2025,168,1,3
2025,169,1,3
2025,170,1,3
2025,171,1,3
2025,172,1,3
2025,173,1,2
2025,174,1,2
2025,175,1,2
2025,176,1,2
2025,177,1,2
2025,178,1,2
2025,179,1,2
2025,180,1,2
2025,181,1,2
2025,182,1,2
2025,183,1,2
2025,184,1,2
2025,185,1,2
2025,186,1,2
2025,187,1,2
2025,188,1,2
2025,189,1,2
2025,190,1,2
2025,191,1,2
2025,192,1,2
2025,193,1,2
2025,194,1,2
2025,195,1,2
2025,196,1,2
2025,197,1,2
2025,198,1,2
2025,199,1,2
2025,200,1,2
2025,201,1,2
2025,202,1,2
2025,203,1,2
2025,204,1,2
2025,205,1,2
2025,206,1,2
2025,207,1,2
2025,208,1,2
2025,209,1,2
2025,210,1,2
2025,211,1,2
2025,212,1,2
2025,213,1,2
2025,214,1,2
2025,215,1,2
2025,216,1,2
2025,217,1,2
2025,218,1,2
2025,219,1,2
2025,220,1,2
2025,221,1,2
2025,222,1,2
2025,223,1,2
2025,224,1,2
2025,225,1,2
2025,226,1,2
2025,227,1,2
2025,228,1,2
2025,229,1,2
2025,230,1,2
2025,231,1,2
2025,232,1,2
2025,233,1,2
2025,234,1,2
2025,235,1,2
2025,236,1,2
2025,237,1,2
2025,238,1,2
2025,239,1,2
2025,240,1,2
2025,241,1,2
2025,242,1,2
2025,243,1,2
2025,244,1,2
2025,245,1,2
2025,246,1,2
2025,247,1,2
2025,248,1,2
2025,249,1,2
2025,250,1,2
2025,251,1,2
2025,252,1,2
2025,253,1,2
2025,254,1,2
2025,255,1,2
2025,256,1,2
2025,257,1,2
2025,258,1,2
2025,259,1,2
2025,260,1,2
2025,261,1,2
2025,262,1,2
2025,263,1,2
2025,264,1,2
2025,265,1,2
2025,266,1,2
2025,267,1,2
2025,268,1,2
2025,269,1,2
2025,270,1,2
2025,271,1,2
2025,272,1,2
2025,273,1,2
2025,274,1,2
2025,275,1,2
2025,276,1,2
2025,277,1,2
2025,278,1,2
2025,279,1,2
2025,280,1,2
2025,281,1,2
2025,282,1,2
2025,283,1,2
2025,284,1,2
2025,285,1,2
2025,286,1,2
2025,287,1,2
2025,288,1,2
2025,289,1,2
2025,290,1,2
2025,291,1,2
2025,292,1,2
2025,293,1,2
2025,294,1,2
2025,295,1,2
2025,296,1,2
2025,297,1,2
2025,298,1,2
2025,299,1,2
2025,300,1,2
2025,301,1,2
2025,302,1,2
2025,303,1,2
2025,304,1,2
2025,305,1,2
2025,306,1,2
2025,307,1,2
2025,308,1,2
2025,309,1,2
2025,310,1,2
2025,311,1,2
2025,312,1,2
2025,313,1,2
2025,314,1,2
2025,315,1,2
2025,316,1,2
2025,317,1,2
2025,318,1,2
2025,319,1,2
2025,320,1,2
2025,321,1,2
2025,322,1,2
2025,323,1,2
2025,324,1,2
2025,325,1,2
2025,326,1,2
2025,327,1,2
2025,328,1,2
2025,329,1,2
2025,330,1,2
2025,331,1,2
2025,332,1,2
2025,333,1,2
2025,334,1,2
2025,335,1,2
2025,336,1,2
2025,337,1,2
2025,338,1,2
2025,339,1,2
2025,340,1,2
2025,341,1,2
2025,342,1,2
2025,343,1,2
2025,344,1,2
2025,345,1,2
2025,346,1,2
2025,347,1,2
2025,348,1,2
2025,349,1,2
2025,350,1,2
2025,351,1,2
2025,352,1,2
2025,353,1,2
2025,354,1,2
2025,355,1,2
2025,356,1,2
2025,357,1,2
2025,358,1,2
2025,359,1,2
2025,360,1,2
2025,361,1,2
2025,362,1,2
2025,363,1,2
2025,364,1,2
2025,365,1,2
2025,366,1,2
2025,367,1,2
2025,368,1,2
2025,369,1,2
2025,370,1,2
2025,371,1,2
2025,372,1,2
2025,373,1,2
2025,374,1,2
2025,375,1,2
2025,376,1,2
2025,377,1,2
2025,378,1,2
2025,379,1,2
2025,380,1,2
2025,381,1,2
2025,382,1,2
2025,383,1,2
2025,384,1,2
2025,385,1,2
2025,386,1,2
2025,387,1,2
2025,388,1,2
2025,389,1,2
2025,390,1,2
2025,391,1,2
2025,392,1,2
2025,393,1,2
2025,394,1,2
2025,395,1,2
2025,396,1,2
2025,397,1,2
2025,398,1,2
2025,399,1,2
2025,400,1,2
2025,401,1,2
2025,402,1,2
2025,403,1,2
2025,404,1,2
2025,405,1,2
2025,406,1,2
2025,407,1,2
2025,408,1,2
2025,409,1,2
2025,410,1,2
2025,411,1,2
2025,412,1,2
2025,413,1,2
2025,414,1,2
2025,415,1,2
2025,416,1,2
2025,417,1,2
2025,418,1,2
2025,419,1,2
2025,420,1,2
2025,421,1,2
2025,422,1,2
2025,423,1,2
2025,424,1,2
2025,425,1,2
2025,426,1,2
2025,427,1,2
2025,428,1,2
2025,429,1,2
2025,430,1,2
2025,431,1,2
2025,432,1,2
2025,433,1,2
2025,434,1,2
2025,435,1,2
2025,436,1,2
2025,437,1,2
2025,438,1,2
2025,439,1,2
2025,440,1,2
2025,441,1,2
2025,442,1,2
2025,443,1,2
2025,444,1,2
2025,445,1,2
2025,446,1,2
2025,447,1,2
2025,448,1,2
2025,449,1,2
2025,450,1,2
2025,451,1,2
2025,452,1,2
2025,453,1,2
2025,454,1,2
2025,455,1,2
2025,456,1,3
2025,457,1,3
2025,458,1,3
2025,459,1,3
2025,460,1,3
2025,461,1,3
2025,462,1,3
2025,463,1,3
2025,464,1,3
2025,465,1,3
2025,466,1,3
2025,467,1,3
2025,468,1,3
2025,469,1,3
2025,470,1,3
2025,471,1,3
2025,472,1,3
2025,473,1,3
2025,474,1,3
2025,475,1,3
2025,476,1,3
2025,477,1,3
2025,478,1,3
2025,479,1,3
2025,480,1,3
2025,481,1,3
2025,482,1,3
2025,483,1,3
2025,484,1,3
2025,485,1,3
2025,486,1,3
2025,487,1,3
2025,488,1,3
2025,489,1,3
2025,490,1,3
2025,491,1,3
2025,492,1,3
2025,493,1,3
2025,494,1,3
2025,495,1,3
2025,496,1,3
2025,497,1,3
2025,498,1,3
2025,499,1,3
2025,500,1,3
2025,501,1,3
2025,502,1,3
2025,503,1,3
2025,504,1,3
2025,505,1,3
2025,506,1,3
2025,507,1,3
2025,508,1,3
2025,509,1,2
2025,510,1,2
2025,511,1,2
2025,512,1,2
2025,513,1,2
2025,514,1,2
2025,515,1,2
2025,516,1,2
2025,517,1,2
2025,518,1,2
2025,519,1,2
2025,520,1,2
2025,521,1,2
2025,522,1,2
2025,523,1,2
2025,524,1,2
2025,525,1,2
2025,526,1,2
2025,527,1,2
2025,528,1,2
2025,529,1,2
2025,530,1,2
2025,531,1,2
2025,532,1,2
2025,533,1,2
2025,534,1,2
2025,535,1,2
2025,536,1,2
2025,537,1,2
2025,538,1,2
2025,539,1,2
2025,540,1,2
2025,541,1,2
2025,542,1,2
2025,543,1,2
2025,544,1,2
2025,545,1,2
2025,546,1,2
2025,547,1,2
2025,548,1,2
2025,549,1,2
2025,550,1,2
2025,551,1,2
2025,552,1,2
2025,553,1,2
2025,554,1,2
2025,555,1,2
2025,556,1,2
2025,557,1,2
2025,558,1,2
2025,559,1,2
2025,560,1,2
2025,561,1,2
2025,562,1,2
2025,563,1,2
2025,564,1,2
2025,565,1,2
2025,566,1,2
2025,567,1,2
2025,568,1,2
2025,569,1,2
2025,570,1,2
2025,571,1,2
2025,572,1,2
2025,573,1,2
2025,574,1,2
2025,575,1,2
2025,576,1,2
2025,577,1,2
2025,578,1,2
2025,579,1,2
2025,580,1,2
2025,581,1,2
2025,582,1,2
2025,583,1,2
2025,584,1,2
2025,585,1,2
2025,586,1,2
2025,587,1,2
2025,588,1,2
2025,589,1,2
2025,590,1,2
2025,591,1,2
2025,592,1,2
2025,593,1,2
2025,594,1,2
2025,595,1,2
2025,596,1,2
2025,597,1,2
2025,598,1,2
2025,599,1,2
2025,600,1,2
2025,601,1,2
2025,602,1,2
2025,603,1,2
2025,604,1,2
2025,605,1,2
2025,606,1,2
2025,607,1,2
2025,608,1,2
2025,609,1,2
2025,610,1,2
2025,611,1,2
2025,612,1,2
2025,613,1,2
2025,614,1,2
2025,615,1,2
2025,616,1,2
2025,617,1,2
2025,618,1,2
2025,619,1,2
2025,620,1,2
2025,621,1,2
2025,622,1,2
2025,623,1,2
2025,624,1,2
2025,625,1,2
2025,626,1,2
2025,627,1,2
2025,628,1,2
2025,629,1,2
2025,630,1,2
2025,631,1,2
2025,632,1,2
2025,633,1,2
2025,634,1,2
2025,635,1,2
2025,636,1,2
2025,637,1,2
2025,638,1,2
2025,639,1,2
2025,640,1,2
2025,641,1,2
2026,121,1,2
2026,122,1,2
2026,123,1,2
2026,124,1,2
2026,125,1,2
2026,126,1,2
2026,127,1,3
2026,128,1,3
2026,129,1,3
2026,130,1,3
2026,131,1,3
2026,132,1,3
2026,133,1,3
2026,134,1,3
2026,135,1,3
2026,136,1,3
2026,137,1,3
2026,138,1,3
2026,139,1,3
2026,140,1,3
2026,141,1,3
2026,142,1,3
2026,143,1,3
2026,144,1,3
2026,145,1,3
2026,146,1,3
2026,147,1,3
2026,148,1,3
2026,149,1,3
2026,150,1,3
2026,151,1,3
2026,152,1,3
2026,153,1,3
2026,154,1,3
2026,155,1,3
2026,156,1,3
2026,157,1,3
2026,158,1,3
2026,159,1,3
2026,160,1,3
2026,161,1,3
2026,162,1,3
2026,163,1,3
2026,164,1,3
2026,165,1,3
2026,166,1,3
2026,167,1,3
2026,168,1,3
2026,169,1,3
2026,170,1,3
2026,171,1,3
2026,172,1,3
2026,173,1,2
2026,174,1,2
2026,175,1,2
2026,176,1,2
2026,177,1,2
2026,178,1,2
2026,179,1,2
2026,180,1,2
2026,181,1,2
2026,182,1,2
2026,183,1,2
2026,184,1,2
2026,185,1,2
2026,186,1,2
2026,187,1,2
2026,188,1,2
2026,189,1,2
2026,190,1,2
2026,191,1,2
2026,192,1,2
2026,193,1,2
2026,194,1,2
2026,195,1,2
2026,196,1,2
2026,197,1,2
2026,198,1,2
2026,199,1,2
2026,200,1,2
2026,201,1,2
2026,202,1,2
2026,203,1,2
2026,204,1,2
2026,205,1,2
2026,206,1,2
2026,207,1,2
2026,208,1,2
2026,209,1,2
2026,210,1,2
2026,211,1,2
2026,212,1,2
2026,213,1,2
2026,214,1,2
2026,215,1,2
2026,216,1,2
2026,217,1,2
2026,218,1,2
2026,219,1,2
2026,220,1,2
2026,221,1,2
2026,222,1,2
2026,223,1,2
2026,224,1,2
2026,225,1,2
2026,226,1,2
2026,227,1,2
2026,228,1,2
2026,229,1,2
2026,230,1,2
2026,231,1,2
2026,232,1,2
2026,233,1,2
2026,234,1,2
2026,235,1,2
2026,236,1,2
2026,237,1,2
2026,238,1,2
2026,239,1,2
2026,240,1,2
2026,241,1,2
2026,242,1,2
2026,243,1,2
2026,244,1,2
2026,245,1,2
2026,246,1,2
2026,247,1,2
2026,248,1,2
2026,249,1,2
2026,250,1,2
2026,251,1,2
2026,252,1,2
2026,253,1,2
2026,254,1,2
2026,255,1,2
2026,256,1,2
2026,257,1,2
2026,258,1,2
2026,259,1,2
2026,260,1,2
2026,261,1,2
2026,262,1,2
2026,263,1,2
2026,264,1,2
2026,265,1,2
2026,266,1,2
2026,267,1,2
2026,268,1,2
2026,269,1,2
2026,270,1,2
2026,271,1,2
2026,272,1,2
2026,273,1,2
2026,274,1,2
2026,275,1,2
2026,276,1,2
2026,277,1,2
2026,278,1,2
2026,279,1,2
2026,280,1,2
2026,281,1,2
2026,282,1,2
2026,283,1,2
2026,284,1,2
2026,285,1,2
2026,286,1,2
2026,287,1,2
2026,288,1,2
2026,289,1,2
2026,290,1,2
2026,291,1,2
2026,292,1,2
2026,293,1,2
2026,294,1,2
2026,295,1,2
2026,296,1,2
2026,297,1,2
2026,298,1,2
2026,299,1,2
2026,300,1,2
2026,301,1,2
2026,302,1,2
2026,303,1,2
2026,304,1,2
2026,305,1,2
2026,306,1,2
2026,307,1,2
2026,308,1,2
2026,309,1,2
2026,310,1,2
2026,311,1,2
2026,312,1,2
2026,313,1,2
2026,314,1,2
2026,315,1,2
2026,316,1,2
2026,317,1,2
2026,318,1,2
2026,319,1,2
2026,320,1,2
2026,321,1,2
2026,322,1,2
2026,323,1,2
2026,324,1,2
2026,325,1,2
2026,326,1,2
2026,327,1,2
2026,328,1,2
2026,329,1,2
2026,330,1,2
2026,331,1,2
2026,332,1,2
2026,333,1,2
2026,334,1,2
2026,335,1,2
2026,336,1,2
2026,337,1,2
2026,338,1,2
2026,339,1,2
2026,340,1,2
2026,341,1,2
2026,342,1,2
2026,343,1,2
2026,344,1,2
2026,345,1,2
2026,346,1,2
2026,347,1,2
2026,348,1,2
2026,349,1,2
2026,350,1,2
2026,351,1,2
2026,352,1,2
2026,353,1,2
2026,354,1,2
2026,355,1,2
2026,356,1,2
2026,357,1,2
2026,358,1,2
2026,359,1,2
2026,360,1,2
2026,361,1,2
2026,362,1,2
2026,363,1,2
2026,364,1,2
2026,365,1,2
2026,366,1,2
2026,367,1,2
2026,368,1,2
2026,369,1,2
2026,370,1,2
2026,371,1,2
2026,372,1,2
2026,373,1,2
2026,374,1,2
2026,375,1,2
2026,376,1,2
2026,377,1,2
2026,378,1,2
2026,379,1,2
2026,380,1,2
2026,381,1,2
2026,382,1,2
2026,383,1,2
2026,384,1,2
2026,385,1,2
2026,386,1,2
2026,387,1,2
2026,388,1,2
2026,389,1,2
2026,390,1,2
2026,391,1,2
2026,392,1,2
2026,393,1,2
2026,394,1,2
2026,395,1,2
2026,396,1,2
2026,397,1,2
2026,398,1,2
2026,399,1,2
2026,400,1,2
2026,401,1,2
2026,402,1,2
2026,403,1,2
2026,404,1,2
2026,405,1,2
2026,406,1,2
2026,407,1,2
2026,408,1,2
2026,409,1,2
2026,410,1,2
2026,411,1,2
2026,412,1,2
2026,413,1,2
2026,414,1,2
2026,415,1,2
2026,416,1,2
2026,417,1,2
2026,418,1,2
2026,419,1,2
2026,420,1,2
2026,421,1,2
2026,422,1,2
2026,423,1,2
2026,424,1,2
2026,425,1,2
2026,426,1,2
2026,427,1,2
2026,428,1,2
2026,429,1,2
2026,430,1,2
2026,431,1,2
2026,432,1,2
2026,433,1,2
2026,434,1,2
2026,435,1,2
2026,436,1,2
2026,437,1,2
2026,438,1,2
2026,439,1,2
2026,440,1,2
2026,441,1,2
2026,442,1,2
2026,443,1,2
2026,444,1,2
2026,445,1,2
2026,446,1,2
2026,447,1,2
2026,448,1,2
2026,449,1,2
2026,450,1,2
2026,451,1,2
2026,452,1,2
2026,453,1,2
2026,454,1,2
2026,455,1,2
2026,456,1,3
2026,457,1,3
2026,458,1,3
2026,459,1,3
2026,460,1,3
2026,461,1,3
2026,462,1,3
2026,463,1,3
2026,464,1,3
2026,465,1,3
2026,466,1,3
2026,467,1,3
2026,468,1,3
2026,469,1,3
2026,470,1,3
2026,471,1,3
2026,472,1,3
2026,473,1,3
2026,474,1,3
2026,475,1,3
2026,476,1,3
2026,477,1,3
2026,478,1,3
2026,479,1,3
2026,480,1,3
2026,481,1,3
2026,482,1,3
2026,483,1,3
2026,484,1,3
2026,485,1,3
2026,486,1,3
2026,487,1,3
2026,488,1,3
2026,489,1,3
2026,490,1,3
2026,491,1,3
2026,492,1,3
2026,493,1,3
2026,494,1,3
2026,495,1,3
2026,496,1,3
2026,497,1,3
2026,498,1,3
2026,499,1,3
2026,500,1,3
2026,501,1,3
2026,502,1,3
2026,503,1,3
2026,504,1,3
2026,505,1,3
2026,506,1,3
2026,507,1,3
2026,508,1,3
2026,509,1,2
2026,510,1,2
2026,511,1,2
2026,512,1,2
2026,513,1,2
2026,514,1,2
2026,515,1,2
2026,516,1,2
2026,517,1,2
2026,518,1,2
2026,519,1,2
2026,520,1,2
2026,521,1,2
2026,522,1,2
2026,523,1,2
2026,524,1,2
2026,525,1,2
2026,526,1,2
2026,527,1,2
2026,528,1,2
2026,529,1,2
2026,530,1,2
2026,531,1,2
2026,532,1,2
2026,533,1,2
2026,534,1,2
2026,535,1,2
2026,536,1,2
2026,537,1,2
2026,538,1,2
2026,539,1,2
2026,540,1,2
2026,541,1,2
2026,542,1,2
2026,543,1,2
2026,544,1,2
2026,545,1,2
2026,546,1,2
2026,547,1,2
2026,548,1,2
2026,549,1,2
2026,550,1,2
2026,551,1,2
2026,552,1,2
2026,553,1,2
2026,554,1,2
2026,555,1,2
2026,556,1,2
2026,557,1,2
2026,558,1,2
2026,559,1,2
2026,560,1,2
2026,561,1,2
2026,562,1,2
2026,563,1,2
2026,564,1,2
2026,565,1,2
2026,566,1,2
2026,567,1,2
2026,568,1,2
2026,569,1,2
2026,570,1,2
2026,571,1,2
2026,572,1,2
2026,573,1,2
2026,574,1,2
2026,575,1,2
2026,576,1,2
2026,577,1,2
2026,578,1,2
2026,579,1,2
2026,580,1,2
2026,581,1,2
2026,582,1,2
2026,583,1,2
2026,584,1,2
2026,585,1,2
2026,586,1,2
2026,587,1,2
2026,588,1,2
2026,589,1,2
2026,590,1,2
2026,591,1,2
2026,592,1,2
2026,593,1,2
2026,594,1,2
2026,595,1,2
2026,596,1,2
2026,597,1,2
2026,598,1,2
2026,599,1,2
2026,600,1,2
2026,601,1,2
2026,602,1,2
2026,603,1,2
2026,604,1,2
2026,605,1,2
2026,606,1,2
2026,607,1,2
2026,608,1,2
2026,609,1,2
2026,610,1,2
2026,611,1,2
2026,612,1,2
2026,613,1,2
2026,614,1,2
2026,615,1,2
2026,616,1,2
2026,617,1,2
2026,618,1,2
2026,619,1,2
2026,620,1,2
2026,621,1,2
2026,622,1,2
2026,623,1,2
2026,624,1,2
2026,625,1,2
2026,626,1,2
2026,627,1,2
2026,628,1,2
2026,629,1,2
2026,630,1,2
2026,631,1,2
2026,632,1,2
2026,633,1,2
2026,634,1,2
2026,635,1,2
2026,636,1,2
2026,637,1,2
2026,638,1,2
2026,639,1,2
2026,640,1,2
2026,641,1,2
2027,121,1,2
2027,122,1,2
2027,123,1,2
2027,124,1,2
2027,125,1,2
2027,126,1,2
2027,127,1,3
2027,128,1,3
2027,129,1,3
2027,130,1,3
2027,131,1,3
2027,132,1,3
2027,133,1,3
2027,134,1,3
2027,135,1,3
2027,136,1,3
2027,137,1,3
2027,138,1,3
2027,139,1,3
2027,140,1,3
2027,141,1,3
2027,142,1,3
2027,143,1,3
2027,144,1,3
2027,145,1,3
2027,146,1,3
2027,147,1,3
2027,148,1,3
2027,149,1,3
2027,150,1,3
2027,151,1,3
2027,152,1,3
2027,153,1,3
2027,154,1,3
2027,155,1,3
2027,156,1,3
2027,157,1,3
2027,158,1,3
2027,159,1,3
2027,160,1,3
2027,161,1,3
2027,162,1,3
2027,163,1,3
2027,164,1,3
2027,165,1,3
2027,166,1,3
2027,167,1,3
2027,168,1,3
2027,169,1,3
2027,170,1,3
2027,171,1,3
2027,172,1,2
2027,173,1,2
2027,174,1,2
2027,175,1,2
2027,176,1,2
2027,177,1,2
2027,178,1,2
2027,179,1,2
2027,180,1,2
2027,181,1,2
2027,182,1,2
2027,183,1,2
2027,184,1,2
2027,185,1,2
2027,186,1,2
2027,187,1,2
2027,188,1,2
2027,189,1,2
2027,190,1,2
2027,191,1,2
2027,192,1,2
2027,193,1,2
2027,194,1,2
2027,195,1,2
2027,196,1,2
2027,197,1,2
2027,198,1,2
2027,199,1,2
2027,200,1,2
2027,201,1,2
2027,202,1,2
2027,203,1,2
2027,204,1,2
2027,205,1,2
2027,206,1,2
2027,207,1,2
2027,208,1,2
2027,209,1,2
2027,210,1,2
2027,211,1,2
2027,212,1,2
2027,213,1,2
2027,214,1,2
2027,215,1,2
2027,216,1,2
2027,217,1,2
2027,218,1,2
2027,219,1,2
2027,220,1,2
2027,221,1,2
2027,222,1,2
2027,223,1,2
2027,224,1,2
2027,225,1,2
2027,226,1,2
2027,227,1,2
2027,228,1,2
2027,229,1,2
2027,230,1,2
2027,231,1,2
2027,232,1,2
2027,233,1,2
2027,234,1,2
2027,235,1,2
2027,236,1,2
2027,237,1,2
2027,238,1,2
2027,239,1,2
2027,240,1,2
2027,241,1,2
2027,242,1,2
2027,243,1,2
2027,244,1,2
2027,245,1,2
2027,246,1,2
2027,247,1,2
2027,248,1,2
2027,249,1,2
2027,250,1,2
2027,251,1,2
2027,252,1,2
2027,253,1,2
2027,254,1,2
2027,255,1,2
2027,256,1,2
2027,257,1,2
2027,258,1,2
2027,259,1,2
2027,260,1,2
2027,261,1,2
2027,262,1,2
2027,263,1,2
2027,264,1,2
2027,265,1,2
2027,266,1,2
2027,267,1,2
2027,268,1,2
2027,269,1,2
2027,270,1,2
2027,271,1,2
2027,272,1,2
2027,273,1,2
2027,274,1,2
2027,275,1,2
2027,276,1,2
2027,277,1,2
2027,278,1,2
2027,279,1,2
2027,280,1,2
2027,281,1,2
2027,282,1,2
2027,283,1,2
2027,284,1,2
2027,285,1,2
2027,286,1,2
2027,287,1,2
2027,288,1,2
2027,289,1,2
2027,290,1,2
2027,291,1,2
2027,292,1,2
2027,293,1,2
2027,294,1,2
2027,295,1,2
2027,296,1,2
2027,297,1,2
2027,298,1,2
2027,299,1,2
2027,300,1,2
2027,301,1,2
2027,302,1,2
2027,303,1,2
2027,304,1,2
2027,305,1,2
2027,306,1,2
2027,307,1,2
2027,308,1,2
2027,309,1,2
2027,310,1,2
2027,311,1,2
2027,312,1,2
2027,313,1,2
2027,314,1,2
2027,315,1,2
2027,316,1,2
2027,317,1,2
2027,318,1,2
2027,319,1,2
2027,320,1,2
2027,321,1,2
2027,322,1,2
2027,323,1,2
2027,324,1,2
2027,325,1,2
2027,326,1,2
2027,327,1,2
2027,328,1,2
2027,329,1,2
2027,330,1,2
2027,331,1,2
2027,332,1,2
2027,333,1,2
2027,334,1,2
2027,335,1,2
2027,336,1,2
2027,337,1,2
2027,338,1,2
2027,339,1,2
2027,340,1,2
2027,341,1,2
2027,342,1,2
2027,343,1,2
2027,344,1,2
2027,345,1,2
2027,346,1,2
2027,347,1,2
2027,348,1,2
2027,349,1,2
2027,350,1,2
2027,351,1,2
2027,352,1,2
2027,353,1,2
2027,354,1,2
2027,355,1,2
2027,356,1,2
2027,357,1,2
2027,358,1,2
2027,359,1,2
2027,360,1,2
2027,361,1,2
2027,362,1,2
2027,363,1,2
2027,364,1,2
2027,365,1,2
2027,366,1,2
2027,367,1,2
2027,368,1,2
2027,369,1,2
2027,370,1,2
2027,371,1,2
2027,372,1,2
2027,373,1,2
2027,374,1,2
2027,375,1,2
2027,376,1,2
2027,377,1,2
2027,378,1,2
2027,379,1,2
2027,380,1,2
2027,381,1,2
2027,382,1,2
2027,383,1,2
2027,384,1,2
2027,385,1,2
2027,386,1,2
2027,387,1,2
2027,388,1,2
2027,389,1,2
2027,390,1,2
2027,391,1,2
2027,392,1,2
2027,393,1,2
2027,394,1,2
2027,395,1,2
2027,396,1,2
2027,397,1,2
2027,398,1,2
2027,399,1,2
2027,400,1,2
2027,401,1,2
2027,402,1,2
2027,403,1,2
2027,404,1,2
2027,405,1,2
2027,406,1,2
2027,407,1,2
2027,408,1,2
2027,409,1,2
2027,410,1,2
2027,411,1,2
2027,412,1,2
2027,413,1,2
2027,414,1,2
2027,415,1,2
2027,416,1,2
2027,417,1,2
2027,418,1,2
2027,419,1,2
2027,420,1,2
2027,421,1,2
2027,422,1,2
2027,423,1,2
2027,424,1,2
2027,425,1,2
2027,426,1,2
2027,427,1,2
2027,428,1,2
2027,429,1,2
2027,430,1,2
2027,431,1,2
2027,432,1,2
2027,433,1,2
2027,434,1,2
2027,435,1,2
2027,436,1,2
2027,437,1,2
2027,438,1,2
2027,439,1,2
2027,440,1,2
2027,441,1,2
2027,442,1,2
2027,443,1,2
2027,444,1,2
2027,445,1,2
2027,446,1,2
2027,447,1,2
2027,448,1,2
2027,449,1,2
2027,450,1,2
2027,451,1,2
2027,452,1,2
2027,453,1,2
2027,454,1,2
2027,455,1,2
2027,456,1,3
2027,457,1,3
2027,458,1,3
2027,459,1,3
2027,460,1,3
2027,461,1,3
2027,462,1,3
2027,463,1,3
2027,464,1,3
2027,465,1,3
2027,466,1,3
2027,467,1,3
2027,468,1,3
2027,469,1,3
2027,470,1,3
2027,471,1,3
2027,472,1,3
2027,473,1,3
2027,474,1,3
2027,475,1,3
2027,476,1,3
2027,477,1,3
2027,478,1,3
2027,479,1,3
2027,480,1,3
2027,481,1,3
2027,482,1,3
2027,483,1,3
2027,484,1,3
2027,485,1,3
2027,486,1,3
2027,487,1,3
2027,488,1,3
2027,489,1,3
2027,490,1,3
2027,491,1,3
2027,492,1,3
2027,493,1,3
2027,494,1,3
2027,495,1,3
2027,496,1,3
2027,497,1,3
2027,498,1,3
2027,499,1,3
2027,500,1,3
2027,501,1,3
2027,502,1,3
2027,503,1,3
2027,504,1,3
2027,505,1,3
2027,506,1,3
2027,507,1,3
2027,508,1,3
2027,509,1,2
2027,510,1,2
2027,511,1,2
2027,512,1,2
2027,513,1,2
2027,514,1,2
2027,515,1,2
2027,516,1,2
2027,517,1,2
2027,518,1,2
2027,519,1,2
2027,520,1,2
2027,521,1,2
2027,522,1,2
2027,523,1,2
2027,524,1,2
2027,525,1,2
2027,526,1,2
2027,527,1,2
2027,528,1,2
2027,529,1,2
2027,530,1,2
2027,531,1,2
2027,532,1,2
2027,533,1,2
2027,534,1,2
2027,535,1,2
2027,536,1,2
2027,537,1,2
2027,538,1,2
2027,539,1,2
2027,540,1,2
2027,541,1,2
2027,542,1,2
2027,543,1,2
2027,544,1,2
2027,545,1,2
2027,546,1,2
2027,547,1,2
2027,548,1,2
2027,549,1,2
2027,550,1,2
2027,551,1,2
2027,552,1,2
2027,553,1,2
2027,554,1,2
2027,555,1,2
2027,556,1,2
2027,557,1,2
2027,558,1,2
2027,559,1,2
2027,560,1,2
2027,561,1,2
2027,562,1,2
2027,563,1,2
2027,564,1,2
2027,565,1,2
2027,566,1,2
2027,567,1,2
2027,568,1,2
2027,569,1,2
2027,570,1,2
2027,571,1,2
2027,572,1,2
2027,573,1,2
2027,574,1,2
2027,575,1,2
2027,576,1,2
2027,577,1,2
2027,578,1,2
2027,579,1,2
2027,580,1,2
2027,581,1,2
2027,582,1,2
2027,583,1,2
2027,584,1,2
2027,585,1,2
2027,586,1,2
2027,587,1,2
2027,588,1,2
2027,589,1,2
2027,590,1,2
2027,591,1,2
2027,592,1,2
2027,593,1,2
2027,594,1,2
2027,595,1,2
2027,596,1,2
2027,597,1,2
2027,598,1,2
2027,599,1,2
2027,600,1,2
2027,601,1,2
2027,602,1,2
2027,603,1,2
2027,604,1,2
2027,605,1,2
2027,606,1,2
2027,607,1,2
2027,608,1,2
2027,609,1,2
2027,610,1,2
2027,611,1,2
2027,612,1,2
2027,613,1,2
2027,614,1,2
2027,615,1,2
2027,616,1,2
2027,617,1,2
2027,618,1,2
2027,619,1,2
2027,620,1,2
2027,621,1,2
2027,622,1,2
2027,623,1,2
2027,624,1,2
2027,625,1,2
2027,626,1,2
2027,627,1,2
2027,628,1,2
2027,629,1,2
2027,630,1,2
2027,631,1,2
2027,632,1,2
2027,633,1,2
2027,634,1,2
2027,635,1,2
2027,636,1,2
2027,637,1,2
2027,638,1,2
2027,639,1,2
2027,640,1,2
2027,641,1,2
2028,121,1,2
2028,122,1,2
2028,123,1,2
2028,124,1,2
2028,125,1,2
2028,126,1,2
2028,127,1,3
2028,128,1,3
2028,129,1,3
2028,130,1,3
2028,131,1,3
2028,132,1,3
2028,133,1,3
2028,134,1,3
2028,135,1,3
2028,136,1,3
2028,137,1,3
2028,138,1,3
2028,139,1,3
2028,140,1,3
2028,141,1,3
2028,142,1,3
2028,143,1,3
2028,144,1,3
2028,145,1,3
2028,146,1,3
2028,147,1,3
2028,148,1,3
2028,149,1,3
2028,150,1,3
2028,151,1,3
2028,152,1,3
2028,153,1,3
2028,154,1,3
2028,155,1,3
2028,156,1,3
2028,157,1,3
2028,158,1,3
2028,159,1,3
2028,160,1,3
2028,161,1,3
2028,162,1,3
2028,163,1,3
2028,164,1,3
2028,165,1,3
2028,166,1,3
2028,167,1,3
2028,168,1,3
2028,169,1,3
2028,170,1,3
2028,171,1,2
2028,172,1,2
2028,173,1,2
2028,174,1,2
2028,175,1,2
2028,176,1,2
2028,177,1,2
2028,178,1,2
2028,179,1,2
2028,180,1,2
2028,181,1,2
2028,182,1,2
2028,183,1,2
2028,184,1,2
2028,185,1,2
2028,186,1,2
2028,187,1,2
2028,188,1,2
2028,189,1,2
2028,190,1,2
2028,191,1,2
2028,192,1,2
2028,193,1,2
2028,194,1,2
2028,195,1,2
2028,196,1,2
2028,197,1,2
2028,198,1,2
2028,199,1,2
2028,200,1,2
2028,201,1,2
2028,202,1,2
2028,203,1,2
2028,204,1,2
2028,205,1,2
2028,206,1,2
2028,207,1,2
2028,208,1,2
2028,209,1,2
2028,210,1,2
2028,211,1,2
2028,212,1,2
2028,213,1,2
2028,214,1,2
2028,215,1,2
2028,216,1,2
2028,217,1,2
2028,218,1,2
2028,219,1,2
2028,220,1,2
2028,221,1,2
2028,222,1,2
2028,223,1,2
2028,224,1,2
2028,225,1,2
2028,226,1,2
2028,227,1,2
2028,228,1,2
2028,229,1,2
2028,230,1,2
2028,231,1,2
2028,232,1,2
2028,233,1,2
2028,234,1,2
2028,235,1,2
2028,236,1,2
2028,237,1,2
2028,238,1,2
2028,239,1,2
2028,240,1,2
2028,241,1,2
2028,242,1,2
2028,243,1,2
2028,244,1,2
2028,245,1,2
2028,246,1,2
2028,247,1,2
2028,248,1,2
2028,249,1,2
2028,250,1,2
2028,251,1,2
2028,252,1,2
2028,253,1,2
2028,254,1,2
2028,255,1,2
2028,256,1,2
2028,257,1,2
2028,258,1,2
2028,259,1,2
2028,260,1,2
2028,261,1,2
2028,262,1,2
2028,263,1,2
2028,264,1,2
2028,265,1,2
2028,266,1,2
2028,267,1,2
2028,268,1,2
2028,269,1,2
2028,270,1,2
2028,271,1,2
2028,272,1,2
2028,273,1,2
2028,274,1,2
2028,275,1,2
2028,276,1,2
2028,277,1,2
2028,278,1,2
2028,279,1,2
2028,280,1,2
2028,281,1,2
2028,282,1,2
2028,283,1,2
2028,284,1,2
2028,285,1,2
2028,286,1,2
2028,287,1,2
2028,288,1,2
2028,289,1,2
2028,290,1,2
2028,291,1,2
2028,292,1,2
2028,293,1,2
2028,294,1,2
2028,295,1,2
2028,296,1,2
2028,297,1,2
2028,298,1,2
2028,299,1,2
2028,300,1,2
2028,301,1,2
2028,302,1,2
2028,303,1,2
2028,304,1,2
2028,305,1,2
2028,306,1,2
2028,307,1,2
2028,308,1,2
2028,309,1,2
2028,310,1,2
2028,311,1,2
2028,312,1,2
2028,313,1,2
2028,314,1,2
2028,315,1,2
2028,316,1,2
2028,317,1,2
2028,318,1,2
2028,319,1,2
2028,320,1,2
2028,321,1,2
2028,322,1,2
2028,323,1,2
2028,324,1,2
2028,325,1,2
2028,326,1,2
2028,327,1,2
2028,328,1,2
2028,329,1,2
2028,330,1,2
2028,331,1,2
2028,332,1,2
2028,333,1,2
2028,334,1,2
2028,335,1,2
2028,336,1,2
2028,337,1,2
2028,338,1,2
2028,339,1,2
2028,340,1,2
2028,341,1,2
2028,342,1,2
2028,343,1,2
2028,344,1,2
2028,345,1,2
2028,346,1,2
2028,347,1,2
2028,348,1,2
2028,349,1,2
2028,350,1,2
2028,351,1,2
2028,352,1,2
2028,353,1,2
2028,354,1,2
2028,355,1,2
2028,356,1,2
2028,357,1,2
2028,358,1,2
2028,359,1,2
2028,360,1,2
2028,361,1,2
2028,362,1,2
2028,363,1,2
2028,364,1,2
2028,365,1,2
2028,366,1,2
2028,367,1,2
2028,368,1,2
2028,369,1,2
2028,370,1,2
2028,371,1,2
2028,372,1,2
2028,373,1,2
2028,374,1,2
2028,375,1,2
2028,376,1,2
2028,377,1,2
2028,378,1,2
2028,379,1,2
2028,380,1,2
2028,381,1,2
2028,382,1,2
2028,383,1,2
2028,384,1,2
2028,385,1,2
2028,386,1,2
2028,387,1,2
2028,388,1,2
2028,389,1,2
2028,390,1,2
2028,391,1,2
2028,392,1,2
2028,393,1,2
2028,394,1,2
2028,395,1,2
2028,396,1,2
2028,397,1,2
2028,398,1,2
2028,399,1,2
2028,400,1,2
2028,401,1,2
2028,402,1,2
2028,403,1,2
2028,404,1,2
2028,405,1,2
2028,406,1,2
2028,407,1,2
2028,408,1,2
2028,409,1,2
2028,410,1,2
2028,411,1,2
2028,412,1,2
2028,413,1,2
2028,414,1,2
2028,415,1,2
2028,416,1,2
2028,417,1,2
2028,418,1,2
2028,419,1,2
2028,420,1,2
2028,421,1,2
2028,422,1,2
2028,423,1,2
2028,424,1,2
2028,425,1,2
2028,426,1,2
2028,427,1,2
2028,428,1,2
2028,429,1,2
2028,430,1,2
2028,431,1,2
2028,432,1,2
2028,433,1,2
2028,434,1,2
2028,435,1,2
2028,436,1,2
2028,437,1,2
2028,438,1,2
2028,439,1,2
2028,440,1,2
2028,441,1,2
2028,442,1,2
2028,443,1,2
2028,444,1,2
2028,445,1,2
2028,446,1,2
2028,447,1,2
2028,448,1,2
2028,449,1,2
2028,450,1,2
2028,451,1,2
2028,452,1,2
2028,453,1,2
2028,454,1,2
2028,455,1,2
2028,456,1,3
2028,457,1,3
2028,458,1,3
2028,459,1,3
2028,460,1,3
2028,461,1,3
2028,462,1,3
2028,463,1,3
2028,464,1,3
2028,465,1,3
2028,466,1,3
2028,467,1,3
2028,468,1,3
2028,469,1,3
2028,470,1,3
2028,471,1,3
2028,472,1,3
2028,473,1,3
2028,474,1,3
2028,475,1,3
2028,476,1,3
2028,477,1,3
2028,478,1,3
2028,479,1,3
2028,480,1,3
2028,481,1,3
2028,482,1,3
2028,483,1,3
2028,484,1,3
2028,485,1,3
2028,486,1,3
2028,487,1,3
2028,488,1,3
2028,489,1,3
2028,490,1,3
2028,491,1,3
2028,492,1,3
2028,493,1,3
2028,494,1,3
2028,495,1,3
2028,496,1,3
2028,497,1,3
2028,498,1,3
2028,499,1,3
2028,500,1,3
2028,501,1,3
2028,502,1,3
2028,503,1,3
2028,504,1,3
2028,505,1,3
2028,506,1,3
2028,507,1,3
2028,508,1,3
2028,509,1,2
2028,510,1,2
2028,511,1,2
2028,512,1,2
2028,513,1,2
2028,514,1,2
2028,515,1,2
2028,516,1,2
2028,517,1,2
2028,518,1,2
2028,519,1,2
2028,520,1,2
2028,521,1,2
2028,522,1,2
2028,523,1,2
2028,524,1,2
2028,525,1,2
2028,526,1,2
2028,527,1,2
2028,528,1,2
2028,529,1,2
2028,530,1,2
2028,531,1,2
2028,532,1,2
2028,533,1,2
2028,534,1,2
2028,535,1,2
2028,536,1,2
2028,537,1,2
2028,538,1,2
2028,539,1,2
2028,540,1,2
2028,541,1,2
2028,542,1,2
2028,543,1,2
2028,544,1,2
2028,545,1,2
2028,546,1,2
2028,547,1,2
2028,548,1,2
2028,549,1,2
2028,550,1,2
2028,551,1,2
2028,552,1,2
2028,553,1,2
2028,554,1,2
2028,555,1,2
2028,556,1,2
2028,557,1,2
2028,558,1,2
2028,559,1,2
2028,560,1,2
2028,561,1,2
2028,562,1,2
2028,563,1,2
2028,564,1,2
2028,565,1,2
2028,566,1,2
2028,567,1,2
2028,568,1,2
2028,569,1,2
2028,570,1,2
2028,571,1,2
2028,572,1,2
2028,573,1,2
2028,574,1,2
2028,575,1,2
2028,576,1,2
2028,577,1,2
2028,578,1,2
2028,579,1,2
2028,580,1,2
2028,581,1,2
2028,582,1,2
2028,583,1,2
2028,584,1,2
2028,585,1,2
2028,586,1,2
2028,587,1,2
2028,588,1,2
2028,589,1,2
2028,590,1,2
2028,591,1,2
2028,592,1,2
2028,593,1,2
2028,594,1,2
2028,595,1,2
2028,596,1,2
2028,597,1,2
2028,598,1,2
2028,599,1,2
2028,600,1,2
2028,601,1,2
2028,602,1,2
2028,603,1,2
2028,604,1,2
2028,605,1,2
2028,606,1,2
2028,607,1,2
2028,608,1,2
2028,609,1,2
2028,610,1,2
2028,611,1,2
2028,612,1,2
2028,613,1,2
2028,614,1,2
2028,615,1,2
2028,616,1,2
2028,617,1,2
2028,618,1,2
2028,619,1,2
2028,620,1,2
2028,621,1,2
2028,622,1,2
2028,623,1,2
2028,624,1,2
2028,625,1,2
2028,626,1,2
2028,627,1,2
2028,628,1,2
2028,629,1,2
2028,630,1,2
2028,631,1,2
2028,632,1,2
2028,633,1,2
2028,634,1,2
2028,635,1,2
2028,636,1,2
2028,637,1,2
2028,638,1,2
2028,639,1,2
2028,640,1,2
2028,641,1,2
2029,121,1,2
2029,122,1,2
2029,123,1,2
2029,124,1,2
2029,125,1,2
2029,126,1,2
2029,127,1,3
2029,128,1,3
2029,129,1,3
2029,130,1,3
2029,131,1,3
2029,132,1,3
2029,133,1,3
2029,134,1,3
2029,135,1,3
2029,136,1,3
2029,137,1,3
2029,138,1,3
2029,139,1,3
2029,140,1,3
2029,141,1,3
2029,142,1,3
2029,143,1,3
2029,144,1,3
2029,145,1,3
2029,146,1,3
2029,147,1,3
2029,148,1,3
2029,149,1,3
2029,150,1,3
2029,151,1,3
2029,152,1,3
2029,153,1,3
2029,154,1,3
2029,155,1,3
2029,156,1,3
2029,157,1,3
2029,158,1,3
2029,159,1,3
2029,160,1,3
2029,161,1,3
2029,162,1,3
2029,163,1,3
2029,164,1,3
2029,165,1,3
2029,166,1,3
2029,167,1,3
2029,168,1,3
2029,169,1,3
2029,170,1,3
2029,171,1,2
2029,172,1,2
2029,173,1,2
2029,174,1,2
2029,175,1,2
2029,176,1,2
2029,177,1,2
2029,178,1,2
2029,179,1,2
2029,180,1,2
2029,181,1,2
2029,182,1,2
2029,183,1,2
2029,184,1,2
2029,185,1,2
2029,186,1,2
2029,187,1,2
2029,188,1,2
2029,189,1,2
2029,190,1,2
2029,191,1,2
2029,192,1,2
2029,193,1,2
2029,194,1,2
2029,195,1,2
2029,196,1,2
2029,197,1,2
2029,198,1,2
2029,199,1,2
2029,200,1,2
2029,201,1,2
2029,202,1,2
2029,203,1,2
2029,204,1,2
2029,205,1,2
2029,206,1,2
2029,207,1,2
2029,208,1,2
2029,209,1,2
2029,210,1,2
2029,211,1,2
2029,212,1,2
2029,213,1,2
2029,214,1,2
2029,215,1,2
2029,216,1,2
2029,217,1,2
2029,218,1,2
2029,219,1,2
2029,220,1,2
2029,221,1,2
2029,222,1,2
2029,223,1,2
2029,224,1,2
2029,225,1,2
2029,226,1,2
2029,227,1,2
2029,228,1,2
2029,229,1,2
2029,230,1,2
2029,231,1,2
2029,232,1,2
2029,233,1,2
2029,234,1,2
2029,235,1,2
2029,236,1,2
2029,237,1,2
2029,238,1,2
2029,239,1,2
2029,240,1,2
2029,241,1,2
2029,242,1,2
2029,243,1,2
2029,244,1,2
2029,245,1,2
2029,246,1,2
2029,247,1,2
2029,248,1,2
2029,249,1,2
2029,250,1,2
2029,251,1,2
2029,252,1,2
2029,253,1,2
2029,254,1,2
2029,255,1,2
2029,256,1,2
2029,257,1,2
2029,258,1,2
2029,259,1,2
2029,260,1,2
2029,261,1,2
2029,262,1,2
2029,263,1,2
2029,264,1,2
2029,265,1,2
2029,266,1,2
2029,267,1,2
2029,268,1,2
2029,269,1,2
2029,270,1,2
2029,271,1,2
2029,272,1,2
2029,273,1,2
2029,274,1,2
2029,275,1,2
2029,276,1,2
2029,277,1,2
2029,278,1,2
2029,279,1,2
2029,280,1,2
2029,281,1,2
2029,282,1,2
2029,283,1,2
2029,284,1,2
2029,285,1,2
2029,286,1,2
2029,287,1,2
2029,288,1,2
2029,289,1,2
2029,290,1,2
2029,291,1,2
2029,292,1,2
2029,293,1,2
2029,294,1,2
2029,295,1,2
2029,296,1,2
2029,297,1,2
2029,298,1,2
2029,299,1,2
2029,300,1,2
2029,301,1,2
2029,302,1,2
2029,303,1,2
2029,304,1,2
2029,305,1,2
2029,306,1,2
2029,307,1,2
2029,308,1,2
2029,309,1,2
2029,310,1,2
2029,311,1,2
2029,312,1,2
2029,313,1,2
2029,314,1,2
2029,315,1,2
2029,316,1,2
2029,317,1,2
2029,318,1,2
2029,319,1,2
2029,320,1,2
2029,321,1,2
2029,322,1,2
2029,323,1,2
2029,324,1,2
2029,325,1,2
2029,326,1,2
2029,327,1,2
2029,328,1,2
2029,329,1,2
2029,330,1,2
2029,331,1,2
2029,332,1,2
2029,333,1,2
2029,334,1,2
2029,335,1,2
2029,336,1,2
2029,337,1,2
2029,338,1,2
2029,339,1,2
2029,340,1,2
2029,341,1,2
2029,342,1,2
2029,343,1,2
2029,344,1,2
2029,345,1,2
2029,346,1,2
2029,347,1,2
2029,348,1,2
2029,349,1,2
2029,350,1,2
2029,351,1,2
2029,352,1,2
2029,353,1,2
2029,354,1,2
2029,355,1,2
2029,356,1,2
2029,357,1,2
2029,358,1,2
2029,359,1,2
2029,360,1,2
2029,361,1,2
2029,362,1,2
2029,363,1,2
2029,364,1,2
2029,365,1,2
2029,366,1,2
2029,367,1,2
2029,368,1,2
2029,369,1,2
2029,370,1,2
2029,371,1,2
2029,372,1,2
2029,373,1,2
2029,374,1,2
2029,375,1,2
2029,376,1,2
2029,377,1,2
2029,378,1,2
2029,379,1,2
2029,380,1,2
2029,381,1,2
2029,382,1,2
2029,383,1,2
2029,384,1,2
2029,385,1,2
2029,386,1,2
2029,387,1,2
2029,388,1,2
2029,389,1,2
2029,390,1,2
2029,391,1,2
2029,392,1,2
2029,393,1,2
2029,394,1,2
2029,395,1,2
2029,396,1,2
2029,397,1,2
2029,398,1,2
2029,399,1,2
2029,400,1,2
2029,401,1,2
2029,402,1,2
2029,403,1,2
2029,404,1,2
2029,405,1,2
2029,406,1,2
2029,407,1,2
2029,408,1,2
2029,409,1,2
2029,410,1,2
2029,411,1,2
2029,412,1,2
2029,413,1,2
2029,414,1,2
2029,415,1,2
2029,416,1,2
2029,417,1,2
2029,418,1,2
2029,419,1,2
2029,420,1,2
2029,421,1,2
2029,422,1,2
2029,423,1,2
2029,424,1,2
2029,425,1,2
2029,426,1,2
2029,427,1,2
2029,428,1,2
2029,429,1,2
2029,430,1,2
2029,431,1,2
2029,432,1,2
2029,433,1,2
2029,434,1,2
2029,435,1,2
2029,436,1,2
2029,437,1,2
2029,438,1,2
2029,439,1,2
2029,440,1,2
2029,441,1,2
2029,442,1,2
2029,443,1,2
2029,444,1,2
2029,445,1,2
2029,446,1,2
2029,447,1,2
2029,448,1,2
2029,449,1,2
2029,450,1,2
2029,451,1,2
2029,452,1,2
2029,453,1,2
2029,454,1,2
2029,455,1,2
2029,456,1,3
2029,457,1,3
2029,458,1,3
2029,459,1,3
2029,460,1,3
2029,461,1,3
2029,462,1,3
2029,463,1,3
2029,464,1,3
2029,465,1,3
2029,466,1,3
2029,467,1,3
2029,468,1,3
2029,469,1,3
2029,470,1,3
2029,471,1,3
2029,472,1,3
2029,473,1,3
2029,474,1,3
2029,475,1,3
2029,476,1,3
2029,477,1,3
2029,478,1,3
2029,479,1,3
2029,480,1,3
2029,481,1,3
2029,482,1,3
2029,483,1,3
2029,484,1,3
2029,485,1,3
2029,486,1,3
2029,487,1,3
2029,488,1,3
2029,489,1,3
2029,490,1,3
2029,491,1,3
2029,492,1,3
2029,493,1,3
2029,494,1,3
2029,495,1,3
2029,496,1,3
2029,497,1,3
2029,498,1,3
2029,499,1,3
2029,500,1,3
2029,501,1,3
2029,502,1,3
2029,503,1,3
2029,504,1,3
2029,505,1,3
2029,506,1,3
2029,507,1,3
2029,508,1,2
2029,509,1,2
2029,510,1,2
2029,511,1,2
2029,512,1,2
2029,513,1,2
2029,514,1,2
2029,515,1,2
2029,516,1,2
2029,517,1,2
2029,518,1,2
2029,519,1,2
2029,520,1,2
2029,521,1,2
2029,522,1,2
2029,523,1,2
2029,524,1,2
2029,525,1,2
2029,526,1,2
2029,527,1,2
2029,528,1,2
2029,529,1,2
2029,530,1,2
2029,531,1,2
2029,532,1,2
2029,533,1,2
2029,534,1,2
2029,535,1,2
2029,536,1,2
2029,537,1,2
2029,538,1,2
2029,539,1,2
2029,540,1,2
2029,541,1,2
2029,542,1,2
2029,543,1,2
2029,544,1,2
2029,545,1,2
2029,546,1,2
2029,547,1,2
2029,548,1,2
2029,549,1,2
2029,550,1,2
2029,551,1,2
2029,552,1,2
2029,553,1,2
2029,554,1,2
2029,555,1,2
2029,556,1,2
2029,557,1,2
2029,558,1,2
2029,559,1,2
2029,560,1,2
2029,561,1,2
2029,562,1,2
2029,563,1,2
2029,564,1,2
2029,565,1,2
2029,566,1,2
2029,567,1,2
2029,568,1,2
2029,569,1,2
2029,570,1,2
2029,571,1,2
2029,572,1,2
2029,573,1,2
2029,574,1,2
2029,575,1,2
2029,576,1,2
2029,577,1,2
2029,578,1,2
2029,579,1,2
2029,580,1,2
2029,581,1,2
2029,582,1,2
2029,583,1,2
2029,584,1,2
2029,585,1,2
2029,586,1,2
2029,587,1,2
2029,588,1,2
2029,589,1,2
2029,590,1,2
2029,591,1,2
2029,592,1,2
2029,593,1,2
2029,594,1,2
2029,595,1,2
2029,596,1,2
2029,597,1,2
2029,598,1,2
2029,599,1,2
2029,600,1,2
2029,601,1,2
2029,602,1,2
2029,603,1,2
2029,604,1,2
2029,605,1,2
2029,606,1,2
2029,607,1,2
2029,608,1,2
2029,609,1,2
2029,610,1,2
2029,611,1,2
2029,612,1,2
2029,613,1,2
2029,614,1,2
2029,615,1,2
2029,616,1,2
2029,617,1,2
2029,618,1,2
2029,619,1,2
2029,620,1,2
2029,621,1,2
2029,622,1,2
2029,623,1,2
2029,624,1,2
2029,625,1,2
2029,626,1,2
2029,627,1,2
2029,628,1,2
2029,629,1,2
2029,630,1,2
2029,631,1,2
2029,632,1,2
2029,633,1,2
2029,634,1,2
2029,635,1,2
2029,636,1,2
2029,637,1,2
2029,638,1,2
2029,639,1,2
2029,640,1,2
2029,641,1,2
2029,642,1,2
2029,643,1,2
2030,121,1,2
2030,122,1,2
2030,123,1,2
2030,124,1,2
2030,125,1,2
2030,126,1,2
2030,127,1,3
2030,128,1,3
2030,129,1,3
2030,130,1,3
2030,131,1,3
2030,132,1,3
2030,133,1,3
2030,134,1,3
2030,135,1,3
2030,136,1,3
2030,137,1,3
2030,138,1,3
2030,139,1,3
2030,140,1,3
2030,141,1,3
2030,142,1,3
2030,143,1,3
2030,144,1,3
2030,145,1,3
2030,146,1,3
2030,147,1,3
2030,148,1,3
2030,149,1,3
2030,150,1,3
2030,151,1,3
2030,152,1,3
2030,153,1,3
2030,154,1,3
2030,155,1,3
2030,156,1,3
2030,157,1,3
2030,158,1,3
2030,159,1,3
2030,160,1,3
2030,161,1,3
2030,162,1,3
2030,163,1,3
2030,164,1,3
2030,165,1,3
2030,166,1,3
2030,167,1,3
2030,168,1,3
2030,169,1,3
2030,170,1,2
2030,171,1,2
2030,172,1,2
2030,173,1,2
2030,174,1,2
2030,175,1,2
2030,176,1,2
2030,177,1,2
2030,178,1,2
2030,179,1,2
2030,180,1,2
2030,181,1,2
2030,182,1,2
2030,183,1,2
2030,184,1,2
2030,185,1,2
2030,186,1,2
2030,187,1,2
2030,188,1,2
2030,189,1,2
2030,190,1,2
2030,191,1,2
2030,192,1,2
2030,193,1,2
2030,194,1,2
2030,195,1,2
2030,196,1,2
2030,197,1,2
2030,198,1,2
2030,199,1,2
2030,200,1,2
2030,201,1,2
2030,202,1,2
2030,203,1,2
2030,204,1,2
2030,205,1,2
2030,206,1,2
2030,207,1,2
2030,208,1,2
2030,209,1,2
2030,210,1,2
2030,211,1,2
2030,212,1,2
2030,213,1,2
2030,214,1,2
2030,215,1,2
2030,216,1,2
2030,217,1,2
2030,218,1,2
2030,219,1,2
2030,220,1,2
2030,221,1,2
2030,222,1,2
2030,223,1,2
2030,224,1,2
2030,225,1,2
2030,226,1,2
2030,227,1,2
2030,228,1,2
2030,229,1,2
2030,230,1,2
2030,231,1,2
2030,232,1,2
2030,233,1,2
2030,234,1,2
2030,235,1,2
2030,236,1,2
2030,237,1,2
2030,238,1,2
2030,239,1,2
2030,240,1,2
2030,241,1,2
2030,242,1,2
2030,243,1,2
2030,244,1,2
2030,245,1,2
2030,246,1,2
2030,247,1,2
2030,248,1,2
2030,249,1,2
2030,250,1,2
2030,251,1,2
2030,252,1,2
2030,253,1,2
2030,254,1,2
2030,255,1,2
2030,256,1,2
2030,257,1,2
2030,258,1,2
2030,259,1,2
2030,260,1,2
2030,261,1,2
2030,262,1,2
2030,263,1,2
2030,264,1,2
2030,265,1,2
2030,266,1,2
2030,267,1,2
2030,268,1,2
2030,269,1,2
2030,270,1,2
2030,271,1,2
2030,272,1,2
2030,273,1,2
2030,274,1,2
2030,275,1,2
2030,276,1,2
2030,277,1,2
2030,278,1,2
2030,279,1,2
2030,280,1,2
2030,281,1,2
2030,282,1,2
2030,283,1,2
2030,284,1,2
2030,285,1,2
2030,286,1,2
2030,287,1,2
2030,288,1,2
2030,289,1,2
2030,290,1,2
2030,291,1,2
2030,292,1,2
2030,293,1,2
2030,294,1,2
2030,295,1,2
2030,296,1,2
2030,297,1,2
2030,298,1,2
2030,299,1,2
2030,300,1,2
2030,301,1,2
2030,302,1,2
2030,303,1,2
2030,304,1,2
2030,305,1,2
2030,306,1,2
2030,307,1,2
2030,308,1,2
2030,309,1,2
2030,310,1,2
2030,311,1,2
2030,312,1,2
2030,313,1,2
2030,314,1,2
2030,315,1,2
2030,316,1,2
2030,317,1,2
2030,318,1,2
2030,319,1,2
2030,320,1,2
2030,321,1,2
2030,322,1,2
2030,323,1,2
2030,324,1,2
2030,325,1,2
2030,326,1,2
2030,327,1,2
2030,328,1,2
2030,329,1,2
2030,330,1,2
2030,331,1,2
2030,332,1,2
2030,333,1,2
2030,334,1,2
2030,335,1,2
2030,336,1,2
2030,337,1,2
2030,338,1,2
2030,339,1,2
2030,340,1,2
2030,341,1,2
2030,342,1,2
2030,343,1,2
2030,344,1,2
2030,345,1,2
2030,346,1,2
2030,347,1,2
2030,348,1,2
2030,349,1,2
2030,350,1,2
2030,351,1,2
2030,352,1,2
2030,353,1,2
2030,354,1,2
2030,355,1,2
2030,356,1,2
2030,357,1,2
2030,358,1,2
2030,359,1,2
2030,360,1,2
2030,361,1,2
2030,362,1,2
2030,363,1,2
2030,364,1,2
2030,365,1,2
2030,366,1,2
2030,367,1,2
2030,368,1,2
2030,369,1,2
2030,370,1,2
2030,371,1,2
2030,372,1,2
2030,373,1,2
2030,374,1,2
2030,375,1,2
2030,376,1,2
2030,377,1,2
2030,378,1,2
2030,379,1,2
2030,380,1,2
2030,381,1,2
2030,382,1,2
2030,383,1,2
2030,384,1,2
2030,385,1,2
2030,386,1,2
2030,387,1,2
2030,388,1,2
2030,389,1,2
2030,390,1,2
2030,391,1,2
2030,392,1,2
2030,393,1,2
2030,394,1,2
2030,395,1,2
2030,396,1,2
2030,397,1,2
2030,398,1,2
2030,399,1,2
2030,400,1,2
2030,401,1,2
2030,402,1,2
2030,403,1,2
2030,404,1,2
2030,405,1,2
2030,406,1,2
2030,407,1,2
2030,408,1,2
2030,409,1,2
2030,410,1,2
2030,411,1,2
2030,412,1,2
2030,413,1,2
2030,414,1,2
2030,415,1,2
2030,416,1,2
2030,417,1,2
2030,418,1,2
2030,419,1,2
2030,420,1,2
2030,421,1,2
2030,422,1,2
2030,423,1,2
2030,424,1,2
2030,425,1,2
2030,426,1,2
2030,427,1,2
2030,428,1,2
2030,429,1,2
2030,430,1,2
2030,431,1,2
2030,432,1,2
2030,433,1,2
2030,434,1,2
2030,435,1,2
2030,436,1,2
2030,437,1,2
2030,438,1,2
2030,439,1,2
2030,440,1,2
2030,441,1,2
2030,442,1,2
2030,443,1,2
2030,444,1,2
2030,445,1,2
2030,446,1,2
2030,447,1,2
2030,448,1,2
2030,449,1,2
2030,450,1,2
2030,451,1,2
2030,452,1,2
2030,453,1,2
2030,454,1,2
2030,455,1,3
2030,456,1,3
2030,457,1,3
2030,458,1,3
2030,459,1,3
2030,460,1,3
2030,461,1,3
2030,462,1,3
2030,463,1,3
2030,464,1,3
2030,465,1,3
2030,466,1,3
2030,467,1,3
2030,468,1,3
2030,469,1,3
2030,470,1,3
2030,471,1,3
2030,472,1,3
2030,473,1,3
2030,474,1,3
2030,475,1,3
2030,476,1,3
2030,477,1,3
2030,478,1,3
2030,479,1,3
2030,480,1,3
2030,481,1,3
2030,482,1,3
2030,483,1,3
2030,484,1,3
2030,485,1,3
2030,486,1,3
2030,487,1,3
2030,488,1,3
2030,489,1,3
2030,490,1,3
2030,491,1,3
2030,492,1,3
2030,493,1,3
2030,494,1,3
2030,495,1,3
2030,496,1,3
2030,497,1,3
2030,498,1,3
2030,499,1,3
2030,500,1,3
2030,501,1,3
2030,502,1,3
2030,503,1,3
2030,504,1,3
2030,505,1,3
2030,506,1,2
2030,507,1,2
2030,508,1,2
2030,509,1,2
2030,510,1,2
2030,511,1,2
2030,512,1,2
2030,513,1,2
2030,514,1,2
2030,515,1,2
2030,516,1,2
2030,517,1,2
2030,518,1,2
2030,519,1,2
2030,520,1,2
2030,521,1,2
2030,522,1,2
2030,523,1,2
2030,524,1,2
2030,525,1,2
2030,526,1,2
2030,527,1,2
2030,528,1,2
2030,529,1,2
2030,530,1,2
2030,531,1,2
2030,532,1,2
2030,533,1,2
2030,534,1,2
2030,535,1,2
2030,536,1,2
2030,537,1,2
2030,538,1,2
2030,539,1,2
2030,540,1,2
2030,541,1,2
2030,542,1,2
2030,543,1,2
2030,544,1,2
2030,545,1,2
2030,546,1,2
2030,547,1,2
2030,548,1,2
2030,549,1,2
2030,550,1,2
2030,551,1,2
2030,552,1,2
2030,553,1,2
2030,554,1,2
2030,555,1,2
2030,556,1,2
2030,557,1,2
2030,558,1,2
2030,559,1,2
2030,560,1,2
2030,561,1,2
2030,562,1,2
2030,563,1,2
2030,564,1,2
2030,565,1,2
2030,566,1,2
2030,567,1,2
2030,568,1,2
2030,569,1,2
2030,570,1,2
2030,571,1,2
2030,572,1,2
2030,573,1,2
2030,574,1,2
2030,575,1,2
2030,576,1,2
2030,577,1,2
2030,578,1,2
2030,579,1,2
2030,580,1,2
2030,581,1,2
2030,582,1,2
2030,583,1,2
2030,584,1,2
2030,585,1,2
2030,586,1,2
2030,587,1,2
2030,588,1,2
2030,589,1,2
2030,590,1,2
2030,591,1,2
2030,592,1,2
2030,593,1,2
2030,594,1,2
2030,595,1,2
2030,596,1,2
2030,597,1,2
2030,598,1,2
2030,599,1,2
2030,600,1,2
2030,601,1,2
2030,602,1,2
2030,603,1,2
2030,604,1,2
2030,605,1,2
2030,606,1,2
2030,607,1,2
2030,608,1,2
2030,609,1,2
2030,610,1,2
2030,611,1,2
2030,612,1,2
2030,613,1,2
2030,614,1,2
2030,615,1,2
2030,616,1,2
2030,617,1,2
2030,618,1,2
2030,619,1,2
2030,620,1,2
2030,621,1,2
2030,622,1,2
2030,623,1,2
2030,624,1,2
2030,625,1,2
2030,626,1,2
2030,627,1,2
2030,628,1,2
2030,629,1,2
2030,630,1,2
2030,631,1,2
2030,632,1,2
2030,633,1,2
2030,634,1,2
2030,635,1,2
2030,636,1,2
2030,637,1,2
2030,638,1,2
2030,639,1,2
2030,640,1,2
2030,641,1,2
2030,642,1,2
2030,643,1,2
2030,644,1,2
2030,645,1,2
2031,122,1,2
2031,123,1,2
2031,124,1,2
2031,125,1,2
2031,126,1,2
2031,127,1,3
2031,128,1,3
2031,129,1,3
2031,130,1,3
2031,131,1,3
2031,132,1,3
2031,133,1,3
2031,134,1,3
2031,135,1,3
2031,136,1,3
2031,137,1,3
2031,138,1,3
2031,139,1,3
2031,140,1,3
2031,141,1,3
2031,142,1,3
2031,143,1,3
2031,144,1,3
2031,145,1,3
2031,146,1,3
2031,147,1,3
2031,148,1,3
2031,149,1,3
2031,150,1,3
2031,151,1,3
2031,152,1,3
2031,153,1,3
2031,154,1,3
2031,155,1,3
2031,156,1,3
2031,157,1,3
2031,158,1,3
2031,159,1,3
2031,160,1,3
2031,161,1,3
2031,162,1,3
2031,163,1,3
2031,164,1,3
2031,165,1,3
2031,166,1,3
2031,167,1,3
2031,168,1,3
2031,169,1,3
2031,170,1,2
2031,171,1,2
2031,172,1,2
2031,173,1,2
2031,174,1,2
2031,175,1,2
2031,176,1,2
2031,177,1,2
2031,178,1,2
2031,179,1,2
2031,180,1,2
2031,181,1,2
2031,182,1,2
2031,183,1,2
2031,184,1,2
2031,185,1,2
2031,186,1,2
2031,187,1,2
2031,188,1,2
2031,189,1,2
2031,190,1,2
2031,191,1,2
2031,192,1,2
2031,193,1,2
2031,194,1,2
2031,195,1,2
2031,196,1,2
2031,197,1,2
2031,198,1,2
2031,199,1,2
2031,200,1,2
2031,201,1,2
2031,202,1,2
2031,203,1,2
2031,204,1,2
2031,205,1,2
2031,206,1,2
2031,207,1,2
2031,208,1,2
2031,209,1,2
2031,210,1,2
2031,211,1,2
2031,212,1,2
2031,213,1,2
2031,214,1,2
2031,215,1,2
2031,216,1,2
2031,217,1,2
2031,218,1,2
2031,219,1,2
2031,220,1,2
2031,221,1,2
2031,222,1,2
2031,223,1,2
2031,224,1,2
2031,225,1,2
2031,226,1,2
2031,227,1,2
2031,228,1,2
2031,229,1,2
2031,230,1,2
2031,231,1,2
2031,232,1,2
2031,233,1,2
2031,234,1,2
2031,235,1,2
2031,236,1,2
2031,237,1,2
2031,238,1,2
2031,239,1,2
2031,240,1,2
2031,241,1,2
2031,242,1,2
2031,243,1,2
2031,244,1,2
2031,245,1,2
2031,246,1,2
2031,247,1,2
2031,248,1,2
2031,249,1,2
2031,250,1,2
2031,251,1,2
2031,252,1,2
2031,253,1,2
2031,254,1,2
2031,255,1,2
2031,256,1,2
2031,257,1,2
2031,258,1,2
2031,259,1,2
2031,260,1,2
2031,261,1,2
2031,262,1,2
2031,263,1,2
2031,264,1,2
2031,265,1,2
2031,266,1,2
2031,267,1,2
2031,268,1,2
2031,269,1,2
2031,270,1,2
2031,271,1,2
2031,272,1,2
2031,273,1,2
2031,274,1,2
2031,275,1,2
2031,276,1,2
2031,277,1,2
2031,278,1,2
2031,279,1,2
2031,280,1,2
2031,281,1,2
2031,282,1,2
2031,283,1,2
2031,284,1,2
2031,285,1,2
2031,286,1,2
2031,287,1,2
2031,288,1,2
2031,289,1,2
2031,290,1,2
2031,291,1,2
2031,292,1,2
2031,293,1,2
2031,294,1,2
2031,295,1,2
2031,296,1,2
2031,297,1,2
2031,298,1,2
2031,299,1,2
2031,300,1,2
2031,301,1,2
2031,302,1,2
2031,303,1,2
2031,304,1,2
2031,305,1,2
2031,306,1,2
2031,307,1,2
2031,308,1,2
2031,309,1,2
2031,310,1,2
2031,311,1,2
2031,312,1,2
2031,313,1,2
2031,314,1,2
2031,315,1,2
2031,316,1,2
2031,317,1,2
2031,318,1,2
2031,319,1,2
2031,320,1,2
2031,321,1,2
2031,322,1,2
2031,323,1,2
2031,324,1,2
2031,325,1,2
2031,326,1,2
2031,327,1,2
2031,328,1,2
2031,329,1,2
2031,330,1,2
2031,331,1,2
2031,332,1,2
2031,333,1,2
2031,334,1,2
2031,335,1,2
2031,336,1,2
2031,337,1,2
2031,338,1,2
2031,339,1,2
2031,340,1,2
2031,341,1,2
2031,342,1,2
2031,343,1,2
2031,344,1,2
2031,345,1,2
2031,346,1,2
2031,347,1,2
2031,348,1,2
2031,349,1,2
2031,350,1,2
2031,351,1,2
2031,352,1,2
2031,353,1,2
2031,354,1,2
2031,355,1,2
2031,356,1,2
2031,357,1,2
2031,358,1,2
2031,359,1,2
2031,360,1,2
2031,361,1,2
2031,362,1,2
2031,363,1,2
2031,364,1,2
2031,365,1,2
2031,366,1,2
2031,367,1,2
2031,368,1,2
2031,369,1,2
2031,370,1,2
2031,371,1,2
2031,372,1,2
2031,373,1,2
2031,374,1,2
2031,375,1,2
2031,376,1,2
2031,377,1,2
2031,378,1,2
2031,379,1,2
2031,380,1,2
2031,381,1,2
2031,382,1,2
2031,383,1,2
2031,384,1,2
2031,385,1,2
2031,386,1,2
2031,387,1,2
2031,388,1,2
2031,389,1,2
2031,390,1,2
2031,391,1,2
2031,392,1,2
2031,393,1,2
2031,394,1,2
2031,395,1,2
2031,396,1,2
2031,397,1,2
2031,398,1,2
2031,399,1,2
2031,400,1,2
2031,401,1,2
2031,402,1,2
2031,403,1,2
2031,404,1,2
2031,405,1,2
2031,406,1,2
2031,407,1,2
2031,408,1,2
2031,409,1,2
2031,410,1,2
2031,411,1,2
2031,412,1,2
2031,413,1,2
2031,414,1,2
2031,415,1,2
2031,416,1,2
2031,417,1,2
2031,418,1,2
2031,419,1,2
2031,420,1,2
2031,421,1,2
2031,422,1,2
2031,423,1,2
2031,424,1,2
2031,425,1,2
2031,426,1,2
2031,427,1,2
2031,428,1,2
2031,429,1,2
2031,430,1,2
2031,431,1,2
2031,432,1,2
2031,433,1,2
2031,434,1,2
2031,435,1,2
2031,436,1,2
2031,437,1,2
2031,438,1,2
2031,439,1,2
2031,440,1,2
2031,441,1,2
2031,442,1,2
2031,443,1,2
2031,444,1,2
2031,445,1,2
2031,446,1,2
2031,447,1,2
2031,448,1,2
2031,449,1,2
2031,450,1,2
2031,451,1,2
2031,452,1,2
2031,453,1,2
2031,454,1,2
2031,455,1,3
2031,456,1,3
2031,457,1,3
2031,458,1,3
2031,459,1,3
2031,460,1,3
2031,461,1,3
2031,462,1,3
2031,463,1,3
2031,464,1,3
2031,465,1,3
2031,466,1,3
2031,467,1,3
2031,468,1,3
2031,469,1,3
2031,470,1,3
2031,471,1,3
2031,472,1,3
2031,473,1,3
2031,474,1,3
2031,475,1,3
2031,476,1,3
2031,477,1,3
2031,478,1,3
2031,479,1,3
2031,480,1,3
2031,481,1,3
2031,482,1,3
2031,483,1,3
2031,484,1,3
2031,485,1,3
2031,486,1,3
2031,487,1,3
2031,488,1,3
2031,489,1,3
2031,490,1,3
2031,491,1,3
2031,492,1,3
2031,493,1,3
2031,494,1,3
2031,495,1,3
2031,496,1,3
2031,497,1,3
2031,498,1,3
2031,499,1,3
2031,500,1,3
2031,501,1,3
2031,502,1,3
2031,503,1,3
2031,504,1,3
2031,505,1,2
2031,506,1,2
2031,507,1,2
2031,508,1,2
2031,509,1,2
2031,510,1,2
2031,511,1,2
2031,512,1,2
2031,513,1,2
2031,514,1,2
2031,515,1,2
2031,516,1,2
2031,517,1,2
2031,518,1,2
2031,519,1,2
2031,520,1,2
2031,521,1,2
2031,522,1,2
2031,523,1,2
2031,524,1,2
2031,525,1,2
2031,526,1,2
2031,527,1,2
2031,528,1,2
2031,529,1,2
2031,530,1,2
2031,531,1,2
2031,532,1,2
2031,533,1,2
2031,534,1,2
2031,535,1,2
2031,536,1,2
2031,537,1,2
2031,538,1,2
2031,539,1,2
2031,540,1,2
2031,541,1,2
2031,542,1,2
2031,543,1,2
2031,544,1,2
2031,545,1,2
2031,546,1,2
2031,547,1,2
2031,548,1,2
2031,549,1,2
2031,550,1,2
2031,551,1,2
2031,552,1,2
2031,553,1,2
2031,554,1,2
2031,555,1,2
2031,556,1,2
2031,557,1,2
2031,558,1,2
2031,559,1,2
2031,560,1,2
2031,561,1,2
2031,562,1,2
2031,563,1,2
2031,564,1,2
2031,565,1,2
2031,566,1,2
2031,567,1,2
2031,568,1,2
2031,569,1,2
2031,570,1,2
2031,571,1,2
2031,572,1,2
2031,573,1,2
2031,574,1,2
2031,575,1,2
2031,576,1,2
2031,577,1,2
2031,578,1,2
2031,579,1,2
2031,580,1,2
2031,581,1,2
2031,582,1,2
2031,583,1,2
2031,584,1,2
2031,585,1,2
2031,586,1,2
2031,587,1,2
2031,588,1,2
2031,589,1,2
2031,590,1,2
2031,591,1,2
2031,592,1,2
2031,593,1,2
2031,594,1,2
2031,595,1,2
2031,596,1,2
2031,597,1,2
2031,598,1,2
2031,599,1,2
2031,600,1,2
2031,601,1,2
2031,602,1,2
2031,603,1,2
2031,604,1,2
2031,605,1,2
2031,606,1,2
2031,607,1,2
2031,608,1,2
2031,609,1,2
2031,610,1,2
2031,611,1,2
2031,612,1,2
2031,613,1,2
2031,614,1,2
2031,615,1,2
2031,616,1,2
2031,617,1,2
2031,618,1,2
2031,619,1,2
2031,620,1,2
2031,621,1,2
2031,622,1,2
2031,623,1,2
2031,624,1,2
2031,625,1,2
2031,626,1,2
2031,627,1,2
2031,628,1,2
2031,629,1,2
2031,630,1,2
2031,631,1,2
2031,632,1,2
2031,633,1,2
2031,634,1,2
2031,635,1,2
2031,636,1,2
2031,637,1,2
2031,638,1,2
2031,639,1,2
2031,640,1,2
2031,641,1,2
2031,642,1,2
2031,643,1,2
2031,644,1,2
2031,645,1,2
2032,122,1,2
2032,123,1,2
2032,124,1,2
2032,125,1,2
2032,126,1,3
2032,127,1,3
2032,128,1,3
2032,129,1,3
2032,130,1,3
2032,131,1,3
2032,132,1,3
2032,133,1,3
2032,134,1,3
2032,135,1,3
2032,136,1,3
2032,137,1,3
2032,138,1,3
2032,139,1,3
2032,140,1,3
2032,141,1,3
2032,142,1,3
2032,143,1,3
2032,144,1,3
2032,145,1,3
2032,146,1,3
2032,147,1,3
2032,148,1,3
2032,149,1,3
2032,150,1,3
2032,151,1,3
2032,152,1,3
2032,153,1,3
2032,154,1,3
2032,155,1,3
2032,156,1,3
2032,157,1,3
2032,158,1,3
2032,159,1,3
2032,160,1,3
2032,161,1,3
2032,162,1,3
2032,163,1,3
2032,164,1,3
2032,165,1,3
2032,166,1,3
2032,167,1,3
2032,168,1,3
2032,169,1,2
2032,170,1,2
2032,171,1,2
2032,172,1,2
2032,173,1,2
2032,174,1,2
2032,175,1,2
2032,176,1,2
2032,177,1,2
2032,178,1,2
2032,179,1,2
2032,180,1,2
2032,181,1,2
2032,182,1,2
2032,183,1,2
2032,184,1,2
2032,185,1,2
2032,186,1,2
2032,187,1,2
2032,188,1,2
2032,189,1,2
2032,190,1,2
2032,191,1,2
2032,192,1,2
2032,193,1,2
2032,194,1,2
2032,195,1,2
2032,196,1,2
2032,197,1,2
2032,198,1,2
2032,199,1,2
2032,200,1,2
2032,201,1,2
2032,202,1,2
2032,203,1,2
2032,204,1,2
2032,205,1,2
2032,206,1,2
2032,207,1,2
2032,208,1,2
2032,209,1,2
2032,210,1,2
2032,211,1,2
2032,212,1,2
2032,213,1,2
2032,214,1,2
2032,215,1,2
2032,216,1,2
2032,217,1,2
2032,218,1,2
2032,219,1,2
2032,220,1,2
2032,221,1,2
2032,222,1,2
2032,223,1,2
2032,224,1,2
2032,225,1,2
2032,226,1,2
2032,227,1,2
2032,228,1,2
2032,229,1,2
2032,230,1,2
2032,231,1,2
2032,232,1,2
2032,233,1,2
2032,234,1,2
2032,235,1,2
2032,236,1,2
2032,237,1,2
2032,238,1,2
2032,239,1,2
2032,240,1,2
2032,241,1,2
2032,242,1,2
2032,243,1,2
2032,244,1,2
2032,245,1,2
2032,246,1,2
2032,247,1,2
2032,248,1,2
2032,249,1,2
2032,250,1,2
2032,251,1,2
2032,252,1,2
2032,253,1,2
2032,254,1,2
2032,255,1,2
2032,256,1,2
2032,257,1,2
2032,258,1,2
2032,259,1,2
2032,260,1,2
2032,261,1,2
2032,262,1,2
2032,263,1,2
2032,264,1,2
2032,265,1,2
2032,266,1,2
2032,267,1,2
2032,268,1,2
2032,269,1,2
2032,270,1,2
2032,271,1,2
2032,272,1,2
2032,273,1,2
2032,274,1,2
2032,275,1,2
2032,276,1,2
2032,277,1,2
2032,278,1,2
2032,279,1,2
2032,280,1,2
2032,281,1,2
2032,282,1,2
2032,283,1,2
2032,284,1,2
2032,285,1,2
2032,286,1,2
2032,287,1,2
2032,288,1,2
2032,289,1,2
2032,290,1,2
2032,291,1,2
2032,292,1,2
2032,293,1,2
2032,294,1,2
2032,295,1,2
2032,296,1,2
2032,297,1,2
2032,298,1,2
2032,299,1,2
2032,300,1,2
2032,301,1,2
2032,302,1,2
2032,303,1,2
2032,304,1,2
2032,305,1,2
2032,306,1,2
2032,307,1,2
2032,308,1,2
2032,309,1,2
2032,310,1,2
2032,311,1,2
2032,312,1,2
2032,313,1,2
2032,314,1,2
2032,315,1,2
2032,316,1,2
2032,317,1,2
2032,318,1,2
2032,319,1,2
2032,320,1,2
2032,321,1,2
2032,322,1,2
2032,323,1,2
2032,324,1,2
2032,325,1,2
2032,326,1,2
2032,327,1,2
2032,328,1,2
2032,329,1,2
2032,330,1,2
2032,331,1,2
2032,332,1,2
2032,333,1,2
2032,334,1,2
2032,335,1,2
2032,336,1,2
2032,337,1,2
2032,338,1,2
2032,339,1,2
2032,340,1,2
2032,341,1,2
2032,342,1,2
2032,343,1,2
2032,344,1,2
2032,345,1,2
2032,346,1,2
2032,347,1,2
2032,348,1,2
2032,349,1,2
2032,350,1,2
2032,351,1,2
2032,352,1,2
2032,353,1,2
2032,354,1,2
2032,355,1,2
2032,356,1,2
2032,357,1,2
2032,358,1,2
2032,359,1,2
2032,360,1,2
2032,361,1,2
2032,362,1,2
2032,363,1,2
2032,364,1,2
2032,365,1,2
2032,366,1,2
2032,367,1,2
2032,368,1,2
2032,369,1,2
2032,370,1,2
2032,371,1,2
2032,372,1,2
2032,373,1,2
2032,374,1,2
2032,375,1,2
2032,376,1,2
2032,377,1,2
2032,378,1,2
2032,379,1,2
2032,380,1,2
2032,381,1,2
2032,382,1,2
2032,383,1,2
2032,384,1,2
2032,385,1,2
2032,386,1,2
2032,387,1,2
2032,388,1,2
2032,389,1,2
2032,390,1,2
2032,391,1,2
2032,392,1,2
2032,393,1,2
2032,394,1,2
2032,395,1,2
2032,396,1,2
2032,397,1,2
2032,398,1,2
2032,399,1,2
2032,400,1,2
2032,401,1,2
2032,402,1,2
2032,403,1,2
2032,404,1,2
2032,405,1,2
2032,406,1,2
2032,407,1,2
2032,408,1,2
2032,409,1,2
2032,410,1,2
2032,411,1,2
2032,412,1,2
2032,413,1,2
2032,414,1,2
2032,415,1,2
2032,416,1,2
2032,417,1,2
2032,418,1,2
2032,419,1,2
2032,420,1,2
2032,421,1,2
2032,422,1,2
2032,423,1,2
2032,424,1,2
2032,425,1,2
2032,426,1,2
2032,427,1,2
2032,428,1,2
2032,429,1,2
2032,430,1,2
2032,431,1,2
2032,432,1,2
2032,433,1,2
2032,434,1,2
2032,435,1,2
2032,436,1,2
2032,437,1,2
2032,438,1,2
2032,439,1,2
2032,440,1,2
2032,441,1,2
2032,442,1,2
2032,443,1,2
2032,444,1,2
2032,445,1,2
2032,446,1,2
2032,447,1,2
2032,448,1,2
2032,449,1,2
2032,450,1,2
2032,451,1,2
2032,452,1,2
2032,453,1,2
2032,454,1,2
2032,455,1,3
2032,456,1,3
2032,457,1,3
2032,458,1,3
2032,459,1,3
2032,460,1,3
2032,461,1,3
2032,462,1,3
2032,463,1,3
2032,464,1,3
2032,465,1,3
2032,466,1,3
2032,467,1,3
2032,468,1,3
2032,469,1,3
2032,470,1,3
2032,471,1,3
2032,472,1,3
2032,473,1,3
2032,474,1,3
2032,475,1,3
2032,476,1,3
2032,477,1,3
2032,478,1,3
2032,479,1,3
2032,480,1,3
2032,481,1,3
2032,482,1,3
2032,483,1,3
2032,484,1,3
2032,485,1,3
2032,486,1,3
2032,487,1,3
2032,488,1,3
2032,489,1,3
2032,490,1,3
2032,491,1,3
2032,492,1,3
2032,493,1,3
2032,494,1,3
2032,495,1,3
2032,496,1,3
2032,497,1,3
2032,498,1,3
2032,499,1,3
2032,500,1,3
2032,501,1,3
2032,502,1,3
2032,503,1,3
2032,504,1,3
2032,505,1,3
2032,506,1,2
2032,507,1,2
2032,508,1,2
2032,509,1,2
2032,510,1,2
2032,511,1,2
2032,512,1,2
2032,513,1,2
2032,514,1,2
2032,515,1,2
2032,516,1,2
2032,517,1,2
2032,518,1,2
2032,519,1,2
2032,520,1,2
2032,521,1,2
2032,522,1,2
2032,523,1,2
2032,524,1,2
2032,525,1,2
2032,526,1,2
2032,527,1,2
2032,528,1,2
2032,529,1,2
2032,530,1,2
2032,531,1,2
2032,532,1,2
2032,533,1,2
2032,534,1,2
2032,535,1,2
2032,536,1,2
2032,537,1,2
2032,538,1,2
2032,539,1,2
2032,540,1,2
2032,541,1,2
2032,542,1,2
2032,543,1,2
2032,544,1,2
2032,545,1,2
2032,546,1,2
2032,547,1,2
2032,548,1,2
2032,549,1,2
2032,550,1,2
2032,551,1,2
2032,552,1,2
2032,553,1,2
2032,554,1,2
2032,555,1,2
2032,556,1,2
2032,557,1,2
2032,558,1,2
2032,559,1,2
2032,560,1,2
2032,561,1,2
2032,562,1,2
2032,563,1,2
2032,564,1,2
2032,565,1,2
2032,566,1,2
2032,567,1,2
2032,568,1,2
2032,569,1,2
2032,570,1,2
2032,571,1,2
2032,572,1,2
2032,573,1,2
2032,574,1,2
2032,575,1,2
2032,576,1,2
2032,577,1,2
2032,578,1,2
2032,579,1,2
2032,580,1,2
2032,581,1,2
2032,582,1,2
2032,583,1,2
2032,584,1,2
2032,585,1,2
2032,586,1,2
2032,587,1,2
2032,588,1,2
2032,589,1,2
2032,590,1,2
2032,591,1,2
2032,592,1,2
2032,593,1,2
2032,594,1,2
2032,595,1,2
2032,596,1,2
2032,597,1,2
2032,598,1,2
2032,599,1,2
2032,600,1,2
2032,601,1,2
2032,602,1,2
2032,603,1,2
2032,604,1,2
2032,605,1,2
2032,606,1,2
2032,607,1,2
2032,608,1,2
2032,609,1,2
2032,610,1,2
2032,611,1,2
2032,612,1,2
2032,613,1,2
2032,614,1,2
2032,615,1,2
2032,616,1,2
2032,617,1,2
2032,618,1,2
2032,619,1,2
2032,620,1,2
2032,621,1,2
2032,622,1,2
2032,623,1,2
2032,624,1,2
2032,625,1,2
2032,626,1,2
2032,627,1,2
2032,628,1,2
2032,629,1,2
2032,630,1,2
2032,631,1,2
2032,632,1,2
2032,633,1,2
2032,634,1,2
2032,635,1,2
2032,636,1,2
2032,637,1,2
2032,638,1,2
2032,639,1,2
2032,640,1,2
2032,641,1,2
2032,642,1,2
2032,643,1,2
2032,644,1,2
2032,645,1,2
2032,646,1,2
2033,123,1,2
2033,124,1,2
2033,125,1,2
2033,126,1,2
2033,127,1,3
2033,128,1,3
2033,129,1,3
2033,130,1,3
2033,131,1,3
2033,132,1,3
2033,133,1,3
2033,134,1,3
2033,135,1,3
2033,136,1,3
2033,137,1,3
2033,138,1,3
2033,139,1,3
2033,140,1,3
2033,141,1,3
2033,142,1,3
2033,143,1,3
2033,144,1,3
2033,145,1,3
2033,146,1,3
2033,147,1,3
2033,148,1,3
2033,149,1,3
2033,150,1,3
2033,151,1,3
2033,152,1,3
2033,153,1,3
2033,154,1,3
2033,155,1,3
2033,156,1,3
2033,157,1,3
2033,158,1,3
2033,159,1,3
2033,160,1,3
2033,161,1,3
2033,162,1,3
2033,163,1,3
2033,164,1,3
2033,165,1,3
2033,166,1,3
2033,167,1,3
2033,168,1,2
2033,169,1,2
2033,170,1,2
2033,171,1,2
2033,172,1,2
2033,173,1,2
2033,174,1,2
2033,175,1,2
2033,176,1,2
2033,177,1,2
2033,178,1,2
2033,179,1,2
2033,180,1,2
2033,181,1,2
2033,182,1,2
2033,183,1,2
2033,184,1,2
2033,185,1,2
2033,186,1,2
2033,187,1,2
2033,188,1,2
2033,189,1,2
2033,190,1,2
2033,191,1,2
2033,192,1,2
2033,193,1,2
2033,194,1,2
2033,195,1,2
2033,196,1,2
2033,197,1,2
2033,198,1,2
2033,199,1,2
2033,200,1,2
2033,201,1,2
2033,202,1,2
2033,203,1,2
2033,204,1,2
2033,205,1,2
2033,206,1,2
2033,207,1,2
2033,208,1,2
2033,209,1,2
2033,210,1,2
2033,211,1,2
2033,212,1,2
2033,213,1,2
2033,214,1,2
2033,215,1,2
2033,216,1,2
2033,217,1,2
2033,218,1,2
2033,219,1,2
2033,220,1,2
2033,221,1,2
2033,222,1,2
2033,223,1,2
2033,224,1,2
2033,225,1,2
2033,226,1,2
2033,227,1,2
2033,228,1,2
2033,229,1,2
2033,230,1,2
2033,231,1,2
2033,232,1,2
2033,233,1,2
2033,234,1,2
2033,235,1,2
2033,236,1,2
2033,237,1,2
2033,238,1,2
2033,239,1,2
2033,240,1,2
2033,241,1,2
2033,242,1,2
2033,243,1,2
2033,244,1,2
2033,245,1,2
2033,246,1,2
2033,247,1,2
2033,248,1,2
2033,249,1,2
2033,250,1,2
2033,251,1,2
2033,252,1,2
2033,253,1,2
2033,254,1,2
2033,255,1,2
2033,256,1,2
2033,257,1,2
2033,258,1,2
2033,259,1,2
2033,260,1,2
2033,261,1,2
2033,262,1,2
2033,263,1,2
2033,264,1,2
2033,265,1,2
2033,266,1,2
2033,267,1,2
2033,268,1,2
2033,269,1,2
2033,270,1,2
2033,271,1,2
2033,272,1,2
2033,273,1,2
2033,274,1,2
2033,275,1,2
2033,276,1,2
2033,277,1,2
2033,278,1,2
2033,279,1,2
2033,280,1,2
2033,281,1,2
2033,282,1,2
2033,283,1,2
2033,284,1,2
2033,285,1,2
2033,286,1,2
2033,287,1,2
2033,288,1,2
2033,289,1,2
2033,290,1,2
2033,291,1,2
2033,292,1,2
2033,293,1,2
2033,294,1,2
2033,295,1,2
2033,296,1,2
2033,297,1,2
2033,298,1,2
2033,299,1,2
2033,300,1,2
2033,301,1,2
2033,302,1,2
2033,303,1,2
2033,304,1,2
2033,305,1,2
2033,306,1,2
2033,307,1,2
2033,308,1,2
2033,309,1,2
2033,310,1,2
2033,311,1,2
2033,312,1,2
2033,313,1,2
2033,314,1,2
2033,315,1,2
2033,316,1,2
2033,317,1,2
2033,318,1,2
2033,319,1,2
2033,320,1,2
2033,321,1,2
2033,322,1,2
2033,323,1,2
2033,324,1,2
2033,325,1,2
2033,326,1,2
2033,327,1,2
2033,328,1,2
2033,329,1,2
2033,330,1,2
2033,331,1,2
2033,332,1,2
2033,333,1,2
2033,334,1,2
2033,335,1,2
2033,336,1,2
2033,337,1,2
2033,338,1,2
2033,339,1,2
2033,340,1,2
2033,341,1,2
2033,342,1,2
2033,343,1,2
2033,344,1,2
2033,345,1,2
2033,346,1,2
2033,347,1,2
2033,348,1,2
2033,349,1,2
2033,350,1,2
2033,351,1,2
2033,352,1,2
2033,353,1,2
2033,354,1,2
2033,355,1,2
2033,356,1,2
2033,357,1,2
2033,358,1,2
2033,359,1,2
2033,360,1,2
2033,361,1,2
2033,362,1,2
2033,363,1,2
2033,364,1,2
2033,365,1,2
2033,366,1,2
2033,367,1,2
2033,368,1,2
2033,369,1,2
2033,370,1,2
2033,371,1,2
2033,372,1,2
2033,373,1,2
2033,374,1,2
2033,375,1,2
2033,376,1,2
2033,377,1,2
2033,378,1,2
2033,379,1,2
2033,380,1,2
2033,381,1,2
2033,382,1,2
2033,383,1,2
2033,384,1,2
2033,385,1,2
2033,386,1,2
2033,387,1,2
2033,388,1,2
2033,389,1,2
2033,390,1,2
2033,391,1,2
2033,392,1,2
2033,393,1,2
2033,394,1,2
2033,395,1,2
2033,396,1,2
2033,397,1,2
2033,398,1,2
2033,399,1,2
2033,400,1,2
2033,401,1,2
2033,402,1,2
2033,403,1,2
2033,404,1,2
2033,405,1,2
2033,406,1,2
2033,407,1,2
2033,408,1,2
2033,409,1,2
2033,410,1,2
2033,411,1,2
2033,412,1,2
2033,413,1,2
2033,414,1,2
2033,415,1,2
2033,416,1,2
2033,417,1,2
2033,418,1,2
2033,419,1,2
2033,420,1,2
2033,421,1,2
2033,422,1,2
2033,423,1,2
2033,424,1,2
2033,425,1,2
2033,426,1,2
2033,427,1,2
2033,428,1,2
2033,429,1,2
2033,430,1,2
2033,431,1,2
2033,432,1,2
2033,433,1,2
2033,434,1,2
2033,435,1,2
2033,436,1,2
2033,437,1,2
2033,438,1,2
2033,439,1,2
2033,440,1,2
2033,441,1,2
2033,442,1,2
2033,443,1,2
2033,444,1,2
2033,445,1,2
2033,446,1,2
2033,447,1,2
2033,448,1,2
2033,449,1,2
2033,450,1,2
2033,451,1,2
2033,452,1,2
2033,453,1,2
2033,454,1,2
2033,455,1,3
2033,456,1,3
2033,457,1,3
2033,458,1,3
2033,459,1,3
2033,460,1,3
2033,461,1,3
2033,462,1,3
2033,463,1,3
2033,464,1,3
2033,465,1,3
2033,466,1,3
2033,467,1,3
2033,468,1,3
2033,469,1,3
2033,470,1,3
2033,471,1,3
2033,472,1,3
2033,473,1,3
2033,474,1,3
2033,475,1,3
2033,476,1,3
2033,477,1,3
2033,478,1,3
2033,479,1,3
2033,480,1,3
2033,481,1,3
2033,482,1,3
2033,483,1,3
2033,484,1,3
2033,485,1,3
2033,486,1,3
2033,487,1,3
2033,488,1,3
2033,489,1,3
2033,490,1,3
2033,491,1,3
2033,492,1,3
2033,493,1,3
2033,494,1,3
2033,495,1,3
2033,496,1,3
2033,497,1,3
2033,498,1,3
2033,499,1,3
2033,500,1,3
2033,501,1,3
2033,502,1,3
2033,503,1,3
2033,504,1,3
2033,505,1,3
2033,506,1,3
2033,507,1,2
2033,508,1,2
2033,509,1,2
2033,510,1,2
2033,511,1,2
2033,512,1,2
2033,513,1,2
2033,514,1,2
2033,515,1,2
2033,516,1,2
2033,517,1,2
2033,518,1,2
2033,519,1,2
2033,520,1,2
2033,521,1,2
2033,522,1,2
2033,523,1,2
2033,524,1,2
2033,525,1,2
2033,526,1,2
2033,527,1,2
2033,528,1,2
2033,529,1,2
2033,530,1,2
2033,531,1,2
2033,532,1,2
2033,533,1,2
2033,534,1,2
2033,535,1,2
2033,536,1,2
2033,537,1,2
2033,538,1,2
2033,539,1,2
2033,540,1,2
2033,541,1,2
2033,542,1,2
2033,543,1,2
2033,544,1,2
2033,545,1,2
2033,546,1,2
2033,547,1,2
2033,548,1,2
2033,549,1,2
2033,550,1,2
2033,551,1,2
2033,552,1,2
2033,553,1,2
2033,554,1,2
2033,555,1,2
2033,556,1,2
2033,557,1,2
2033,558,1,2
2033,559,1,2
2033,560,1,2
2033,561,1,2
2033,562,1,2
2033,563,1,2
2033,564,1,2
2033,565,1,2
2033,566,1,2
2033,567,1,2
2033,568,1,2
2033,569,1,2
2033,570,1,2
2033,571,1,2
2033,572,1,2
2033,573,1,2
2033,574,1,2
2033,575,1,2
2033,576,1,2
2033,577,1,2
2033,578,1,2
2033,579,1,2
2033,580,1,2
2033,581,1,2
2033,582,1,2
2033,583,1,2
2033,584,1,2
2033,585,1,2
2033,586,1,2
2033,587,1,2
2033,588,1,2
2033,589,1,2
2033,590,1,2
2033,591,1,2
2033,592,1,2
2033,593,1,2
2033,594,1,2
2033,595,1,2
2033,596,1,2
2033,597,1,2
2033,598,1,2
2033,599,1,2
2033,600,1,2
2033,601,1,2
2033,602,1,2
2033,603,1,2
2033,604,1,2
2033,605,1,2
2033,606,1,2
2033,607,1,2
2033,608,1,2
2033,609,1,2
2033,610,1,2
2033,611,1,2
2033,612,1,2
2033,613,1,2
2033,614,1,2
2033,615,1,2
2033,616,1,2
2033,617,1,2
2033,618,1,2
2033,619,1,2
2033,620,1,2
2033,621,1,2
2033,622,1,2
2033,623,1,2
2033,624,1,2
2033,625,1,2
2033,626,1,2
2033,627,1,2
2033,628,1,2
2033,629,1,2
2033,630,1,2
2033,631,1,2
2033,632,1,2
2033,633,1,2
2033,634,1,2
2033,635,1,2
2033,636,1,2
2033,637,1,2
2033,638,1,2
2033,639,1,2
2033,640,1,2
2033,641,1,2
2033,642,1,2
2033,643,1,2
2033,644,1,2
2034,124,1,2
2034,125,1,2
2034,126,1,2
2034,127,1,3
2034,128,1,3
2034,129,1,3
2034,130,1,3
2034,131,1,3
2034,132,1,3
2034,133,1,3
2034,134,1,3
2034,135,1,3
2034,136,1,3
2034,137,1,3
2034,138,1,3
2034,139,1,3
2034,140,1,3
2034,141,1,3
2034,142,1,3
2034,143,1,3
2034,144,1,3
2034,145,1,3
2034,146,1,3
2034,147,1,3
2034,148,1,3
2034,149,1,3
2034,150,1,3
2034,151,1,3
2034,152,1,3
2034,153,1,3
2034,154,1,3
2034,155,1,3
2034,156,1,3
2034,157,1,3
2034,158,1,3
2034,159,1,3
2034,160,1,3
2034,161,1,3
2034,162,1,3
2034,163,1,3
2034,164,1,3
2034,165,1,3
2034,166,1,3
2034,167,1,2
2034,168,1,2
2034,169,1,2
2034,170,1,2
2034,171,1,2
2034,172,1,2
2034,173,1,2
2034,174,1,2
2034,175,1,2
2034,176,1,2
2034,177,1,2
2034,178,1,2
2034,179,1,2
2034,180,1,2
2034,181,1,2
2034,182,1,2
2034,183,1,2
2034,184,1,2
2034,185,1,2
2034,186,1,2
2034,187,1,2
2034,188,1,2
2034,189,1,2
2034,190,1,2
2034,191,1,2
2034,192,1,2
2034,193,1,2
2034,194,1,2
2034,195,1,2
2034,196,1,2
2034,197,1,2
2034,198,1,2
2034,199,1,2
2034,200,1,2
2034,201,1,2
2034,202,1,2
2034,203,1,2
2034,204,1,2
2034,205,1,2
2034,206,1,2
2034,207,1,2
2034,208,1,2
2034,209,1,2
2034,210,1,2
2034,211,1,2
2034,212,1,2
2034,213,1,2
2034,214,1,2
2034,215,1,2
2034,216,1,2
2034,217,1,2
2034,218,1,2
2034,219,1,2
2034,220,1,2
2034,221,1,2
2034,222,1,2
2034,223,1,2
2034,224,1,2
2034,225,1,2
2034,226,1,2
2034,227,1,2
2034,228,1,2
2034,229,1,2
2034,230,1,2
2034,231,1,2
2034,232,1,2
2034,233,1,2
2034,234,1,2
2034,235,1,2
2034,236,1,2
2034,237,1,2
2034,238,1,2
2034,239,1,2
2034,240,1,2
2034,241,1,2
2034,242,1,2
2034,243,1,2
2034,244,1,2
2034,245,1,2
2034,246,1,2
2034,247,1,2
2034,248,1,2
2034,249,1,2
2034,250,1,2
2034,251,1,2
2034,252,1,2
2034,253,1,2
2034,254,1,2
2034,255,1,2
2034,256,1,2
2034,257,1,2
2034,258,1,2
2034,259,1,2
2034,260,1,2
2034,261,1,2
2034,262,1,2
2034,263,1,2
2034,264,1,2
2034,265,1,2
2034,266,1,2
2034,267,1,2
2034,268,1,2
2034,269,1,2
2034,270,1,2
2034,271,1,2
2034,272,1,2
2034,273,1,2
2034,274,1,2
2034,275,1,2
2034,276,1,2
2034,277,1,2
2034,278,1,2
2034,279,1,2
2034,280,1,2
2034,281,1,2
2034,282,1,2
2034,283,1,2
2034,284,1,2
2034,285,1,2
2034,286,1,2
2034,287,1,2
2034,288,1,2
2034,289,1,2
2034,290,1,2
2034,291,1,2
2034,292,1,2
2034,293,1,2
2034,294,1,2
2034,295,1,2
2034,296,1,2
2034,297,1,2
2034,298,1,2
2034,299,1,2
2034,300,1,2
2034,301,1,2
2034,302,1,2
2034,303,1,2
2034,304,1,2
2034,305,1,2
2034,306,1,2
2034,307,1,2
2034,308,1,2
2034,309,1,2
2034,310,1,2
2034,311,1,2
2034,312,1,2
2034,313,1,2
2034,314,1,2
2034,315,1,2
2034,316,1,2
2034,317,1,2
2034,318,1,2
2034,319,1,2
2034,320,1,2
2034,321,1,2
2034,322,1,2
2034,323,1,2
2034,324,1,2
2034,325,1,2
2034,326,1,2
2034,327,1,2
2034,328,1,2
2034,329,1,2
2034,330,1,2
2034,331,1,2
2034,332,1,2
2034,333,1,2
2034,334,1,2
2034,335,1,2
2034,336,1,2
2034,337,1,2
2034,338,1,2
2034,339,1,2
2034,340,1,2
2034,341,1,2
2034,342,1,2
2034,343,1,2
2034,344,1,2
2034,345,1,2
2034,346,1,2
2034,347,1,2
2034,348,1,2
2034,349,1,2
2034,350,1,2
2034,351,1,2
2034,352,1,2
2034,353,1,2
2034,354,1,2
2034,355,1,2
2034,356,1,2
2034,357,1,2
2034,358,1,2
2034,359,1,2
2034,360,1,2
2034,361,1,2
2034,362,1,2
2034,363,1,2
2034,364,1,2
2034,365,1,2
2034,366,1,2
2034,367,1,2
2034,368,1,2
2034,369,1,2
2034,370,1,2
2034,371,1,2
2034,372,1,2
2034,373,1,2
2034,374,1,2
2034,375,1,2
2034,376,1,2
2034,377,1,2
2034,378,1,2
2034,379,1,2
2034,380,1,2
2034,381,1,2
2034,382,1,2
2034,383,1,2
2034,384,1,2
2034,385,1,2
2034,386,1,2
2034,387,1,2
2034,388,1,2
2034,389,1,2
2034,390,1,2
2034,391,1,2
2034,392,1,2
2034,393,1,2
2034,394,1,2
2034,395,1,2
2034,396,1,2
2034,397,1,2
2034,398,1,2
2034,399,1,2
2034,400,1,2
2034,401,1,2
2034,402,1,2
2034,403,1,2
2034,404,1,2
2034,405,1,2
2034,406,1,2
2034,407,1,2
2034,408,1,2
2034,409,1,2
2034,410,1,2
2034,411,1,2
2034,412,1,2
2034,413,1,2
2034,414,1,2
2034,415,1,2
2034,416,1,2
2034,417,1,2
2034,418,1,2
2034,419,1,2
2034,420,1,2
2034,421,1,2
2034,422,1,2
2034,423,1,2
2034,424,1,2
2034,425,1,2
2034,426,1,2
2034,427,1,2
2034,428,1,2
2034,429,1,2
2034,430,1,2
2034,431,1,2
2034,432,1,2
2034,433,1,2
2034,434,1,2
2034,435,1,2
2034,436,1,2
2034,437,1,2
2034,438,1,2
2034,439,1,2
2034,440,1,2
2034,441,1,2
2034,442,1,2
2034,443,1,2
2034,444,1,2
2034,445,1,2
2034,446,1,2
2034,447,1,2
2034,448,1,2
2034,449,1,2
2034,450,1,2
2034,451,1,2
2034,452,1,2
2034,453,1,2
2034,454,1,2
2034,455,1,3
2034,456,1,3
2034,457,1,3
2034,458,1,3
2034,459,1,3
2034,460,1,3
2034,461,1,3
2034,462,1,3
2034,463,1,3
2034,464,1,3
2034,465,1,3
2034,466,1,3
2034,467,1,3
2034,468,1,3
2034,469,1,3
2034,470,1,3
2034,471,1,3
2034,472,1,3
2034,473,1,3
2034,474,1,3
2034,475,1,3
2034,476,1,3
2034,477,1,3
2034,478,1,3
2034,479,1,3
2034,480,1,3
2034,481,1,3
2034,482,1,3
2034,483,1,3
2034,484,1,3
2034,485,1,3
2034,486,1,3
2034,487,1,3
2034,488,1,3
2034,489,1,3
2034,490,1,3
2034,491,1,3
2034,492,1,3
2034,493,1,3
2034,494,1,3
2034,495,1,3
2034,496,1,3
2034,497,1,3
2034,498,1,3
2034,499,1,3
2034,500,1,3
2034,501,1,3
2034,502,1,3
2034,503,1,3
2034,504,1,3
2034,505,1,3
2034,506,1,3
2034,507,1,2
2034,508,1,2
2034,509,1,2
2034,510,1,2
2034,511,1,2
2034,512,1,2
2034,513,1,2
2034,514,1,2
2034,515,1,2
2034,516,1,2
2034,517,1,2
2034,518,1,2
2034,519,1,2
2034,520,1,2
2034,521,1,2
2034,522,1,2
2034,523,1,2
2034,524,1,2
2034,525,1,2
2034,526,1,2
2034,527,1,2
2034,528,1,2
2034,529,1,2
2034,530,1,2
2034,531,1,2
2034,532,1,2
2034,533,1,2
2034,534,1,2
2034,535,1,2
2034,536,1,2
2034,537,1,2
2034,538,1,2
2034,539,1,2
2034,540,1,2
2034,541,1,2
2034,542,1,2
2034,543,1,2
2034,544,1,2
2034,545,1,2
2034,546,1,2
2034,547,1,2
2034,548,1,2
2034,549,1,2
2034,550,1,2
2034,551,1,2
2034,552,1,2
2034,553,1,2
2034,554,1,2
2034,555,1,2
2034,556,1,2
2034,557,1,2
2034,558,1,2
2034,559,1,2
2034,560,1,2
2034,561,1,2
2034,562,1,2
2034,563,1,2
2034,564,1,2
2034,565,1,2
2034,566,1,2
2034,567,1,2
2034,568,1,2
2034,569,1,2
2034,570,1,2
2034,571,1,2
2034,572,1,2
2034,573,1,2
2034,574,1,2
2034,575,1,2
2034,576,1,2
2034,577,1,2
2034,578,1,2
2034,579,1,2
2034,580,1,2
2034,581,1,2
2034,582,1,2
2034,583,1,2
2034,584,1,2
2034,585,1,2
2034,586,1,2
2034,587,1,2
2034,588,1,2
2034,589,1,2
2034,590,1,2
2034,591,1,2
2034,592,1,2
2034,593,1,2
2034,594,1,2
2034,595,1,2
2034,596,1,2
2034,597,1,2
2034,598,1,2
2034,599,1,2
2034,600,1,2
2034,601,1,2
2034,602,1,2
2034,603,1,2
2034,604,1,2
2034,605,1,2
2034,606,1,2
2034,607,1,2
2034,608,1,2
2034,609,1,2
2034,610,1,2
2034,611,1,2
2034,612,1,2
2034,613,1,2
2034,614,1,2
2034,615,1,2
2034,616,1,2
2034,617,1,2
2034,618,1,2
2034,619,1,2
2034,620,1,2
2034,621,1,2
2034,622,1,2
2034,623,1,2
2034,624,1,2
2034,625,1,2
2034,626,1,2
2034,627,1,2
2034,628,1,2
2034,629,1,2
2034,630,1,2
2034,631,1,2
2034,632,1,2
2034,633,1,2
2034,634,1,2
2034,635,1,2
2034,636,1,2
2034,637,1,2
2034,638,1,2
2034,639,1,2
2034,640,1,2
2034,641,1,2
2034,642,1,2
2034,643,1,2
2035,124,1,2
2035,125,1,2
2035,126,1,2
2035,127,1,3
2035,128,1,3
2035,129,1,3
2035,130,1,3
2035,131,1,3
2035,132,1,3
2035,133,1,3
2035,134,1,3
2035,135,1,3
2035,136,1,3
2035,137,1,3
2035,138,1,3
2035,139,1,3
2035,140,1,3
2035,141,1,3
2035,142,1,3
2035,143,1,3
2035,144,1,3
2035,145,1,3
2035,146,1,3
2035,147,1,3
2035,148,1,3
2035,149,1,3
2035,150,1,3
2035,151,1,3
2035,152,1,3
2035,153,1,3
2035,154,1,3
2035,155,1,3
2035,156,1,3
2035,157,1,3
2035,158,1,3
2035,159,1,3
2035,160,1,3
2035,161,1,3
2035,162,1,3
2035,163,1,3
2035,164,1,3
2035,165,1,3
2035,166,1,3
2035,167,1,2
2035,168,1,2
2035,169,1,2
2035,170,1,2
2035,171,1,2
2035,172,1,2
2035,173,1,2
2035,174,1,2
2035,175,1,2
2035,176,1,2
2035,177,1,2
2035,178,1,2
2035,179,1,2
2035,180,1,2
2035,181,1,2
2035,182,1,2
2035,183,1,2
2035,184,1,2
2035,185,1,2
2035,186,1,2
2035,187,1,2
2035,188,1,2
2035,189,1,2
2035,190,1,2
2035,191,1,2
2035,192,1,2
2035,193,1,2
2035,194,1,2
2035,195,1,2
2035,196,1,2
2035,197,1,2
2035,198,1,2
2035,199,1,2
2035,200,1,2
2035,201,1,2
2035,202,1,2
2035,203,1,2
2035,204,1,2
2035,205,1,2
2035,206,1,2
2035,207,1,2
2035,208,1,2
2035,209,1,2
2035,210,1,2
2035,211,1,2
2035,212,1,2
2035,213,1,2
2035,214,1,2
2035,215,1,2
2035,216,1,2
2035,217,1,2
2035,218,1,2
2035,219,1,2
2035,220,1,2
2035,221,1,2
2035,222,1,2
2035,223,1,2
2035,224,1,2
2035,225,1,2
2035,226,1,2
2035,227,1,2
2035,228,1,2
2035,229,1,2
2035,230,1,2
2035,231,1,2
2035,232,1,2
2035,233,1,2
2035,234,1,2
2035,235,1,2
2035,236,1,2
2035,237,1,2
2035,238,1,2
2035,239,1,2
2035,240,1,2
2035,241,1,2
2035,242,1,2
2035,243,1,2
2035,244,1,2
2035,245,1,2
2035,246,1,2
2035,247,1,2
2035,248,1,2
2035,249,1,2
2035,250,1,2
2035,251,1,2
2035,252,1,2
2035,253,1,2
2035,254,1,2
2035,255,1,2
2035,256,1,2
2035,257,1,2
2035,258,1,2
2035,259,1,2
2035,260,1,2
2035,261,1,2
2035,262,1,2
2035,263,1,2
2035,264,1,2
2035,265,1,2
2035,266,1,2
2035,267,1,2
2035,268,1,2
2035,269,1,2
2035,270,1,2
2035,271,1,2
2035,272,1,2
2035,273,1,2
2035,274,1,2
2035,275,1,2
2035,276,1,2
2035,277,1,2
2035,278,1,2
2035,279,1,2
2035,280,1,2
2035,281,1,2
2035,282,1,2
2035,283,1,2
2035,284,1,2
2035,285,1,2
2035,286,1,2
2035,287,1,2
2035,288,1,2
2035,289,1,2
2035,290,1,2
2035,291,1,2
2035,292,1,2
2035,293,1,2
2035,294,1,2
2035,295,1,2
2035,296,1,2
2035,297,1,2
2035,298,1,2
2035,299,1,2
2035,300,1,2
2035,301,1,2
2035,302,1,2
2035,303,1,2
2035,304,1,2
2035,305,1,2
2035,306,1,2
2035,307,1,2
2035,308,1,2
2035,309,1,2
2035,310,1,2
2035,311,1,2
2035,312,1,2
2035,313,1,2
2035,314,1,2
2035,315,1,2
2035,316,1,2
2035,317,1,2
2035,318,1,2
2035,319,1,2
2035,320,1,2
2035,321,1,2
2035,322,1,2
2035,323,1,2
2035,324,1,2
2035,325,1,2
2035,326,1,2
2035,327,1,2
2035,328,1,2
2035,329,1,2
2035,330,1,2
2035,331,1,2
2035,332,1,2
2035,333,1,2
2035,334,1,2
2035,335,1,2
2035,336,1,2
2035,337,1,2
2035,338,1,2
2035,339,1,2
2035,340,1,2
2035,341,1,2
2035,342,1,2
2035,343,1,2
2035,344,1,2
2035,345,1,2
2035,346,1,2
2035,347,1,2
2035,348,1,2
2035,349,1,2
2035,350,1,2
2035,351,1,2
2035,352,1,2
2035,353,1,2
2035,354,1,2
2035,355,1,2
2035,356,1,2
2035,357,1,2
2035,358,1,2
2035,359,1,2
2035,360,1,2
2035,361,1,2
2035,362,1,2
2035,363,1,2
2035,364,1,2
2035,365,1,2
2035,366,1,2
2035,367,1,2
2035,368,1,2
2035,369,1,2
2035,370,1,2
2035,371,1,2
2035,372,1,2
2035,373,1,2
2035,374,1,2
2035,375,1,2
2035,376,1,2
2035,377,1,2
2035,378,1,2
2035,379,1,2
2035,380,1,2
2035,381,1,2
2035,382,1,2
2035,383,1,2
2035,384,1,2
2035,385,1,2
2035,386,1,2
2035,387,1,2
2035,388,1,2
2035,389,1,2
2035,390,1,2
2035,391,1,2
2035,392,1,2
2035,393,1,2
2035,394,1,2
2035,395,1,2
2035,396,1,2
2035,397,1,2
2035,398,1,2
2035,399,1,2
2035,400,1,2
2035,401,1,2
2035,402,1,2
2035,403,1,2
2035,404,1,2
2035,405,1,2
2035,406,1,2
2035,407,1,2
2035,408,1,2
2035,409,1,2
2035,410,1,2
2035,411,1,2
2035,412,1,2
2035,413,1,2
2035,414,1,2
2035,415,1,2
2035,416,1,2
2035,417,1,2
2035,418,1,2
2035,419,1,2
2035,420,1,2
2035,421,1,2
2035,422,1,2
2035,423,1,2
2035,424,1,2
2035,425,1,2
2035,426,1,2
2035,427,1,2
2035,428,1,2
2035,429,1,2
2035,430,1,2
2035,431,1,2
2035,432,1,2
2035,433,1,2
2035,434,1,2
2035,435,1,2
2035,436,1,2
2035,437,1,2
2035,438,1,2
2035,439,1,2
2035,440,1,2
2035,441,1,2
2035,442,1,2
2035,443,1,2
2035,444,1,2
2035,445,1,2
2035,446,1,2
2035,447,1,2
2035,448,1,2
2035,449,1,2
2035,450,1,2
2035,451,1,2
2035,452,1,2
2035,453,1,2
2035,454,1,2
2035,455,1,3
2035,456,1,3
2035,457,1,3
2035,458,1,3
2035,459,1,3
2035,460,1,3
2035,461,1,3
2035,462,1,3
2035,463,1,3
2035,464,1,3
2035,465,1,3
2035,466,1,3
2035,467,1,3
2035,468,1,3
2035,469,1,3
2035,470,1,3
2035,471,1,3
2035,472,1,3
2035,473,1,3
2035,474,1,3
2035,475,1,3
2035,476,1,3
2035,477,1,3
2035,478,1,3
2035,479,1,3
2035,480,1,3
2035,481,1,3
2035,482,1,3
2035,483,1,3
2035,484,1,3
2035,485,1,3
2035,486,1,3
2035,487,1,3
2035,488,1,3
2035,489,1,3
2035,490,1,3
2035,491,1,3
2035,492,1,3
2035,493,1,3
2035,494,1,3
2035,495,1,3
2035,496,1,3
2035,497,1,3
2035,498,1,3
2035,499,1,3
2035,500,1,3
2035,501,1,3
2035,502,1,3
2035,503,1,3
2035,504,1,3
2035,505,1,3
2035,506,1,3
2035,507,1,2
2035,508,1,2
2035,509,1,2
2035,510,1,2
2035,511,1,2
2035,512,1,2
2035,513,1,2
2035,514,1,2
2035,515,1,2
2035,516,1,2
2035,517,1,2
2035,518,1,2
2035,519,1,2
2035,520,1,2
2035,521,1,2
2035,522,1,2
2035,523,1,2
2035,524,1,2
2035,525,1,2
2035,526,1,2
2035,527,1,2
2035,528,1,2
2035,529,1,2
2035,530,1,2
2035,531,1,2
2035,532,1,2
2035,533,1,2
2035,534,1,2
2035,535,1,2
2035,536,1,2
2035,537,1,2
2035,538,1,2
2035,539,1,2
2035,540,1,2
2035,541,1,2
2035,542,1,2
2035,543,1,2
2035,544,1,2
2035,545,1,2
2035,546,1,2
2035,547,1,2
2035,548,1,2
2035,549,1,2
2035,550,1,2
2035,551,1,2
2035,552,1,2
2035,553,1,2
2035,554,1,2
2035,555,1,2
2035,556,1,2
2035,557,1,2
2035,558,1,2
2035,559,1,2
2035,560,1,2
2035,561,1,2
2035,562,1,2
2035,563,1,2
2035,564,1,2
2035,565,1,2
2035,566,1,2
2035,567,1,2
2035,568,1,2
2035,569,1,2
2035,570,1,2
2035,571,1,2
2035,572,1,2
2035,573,1,2
2035,574,1,2
2035,575,1,2
2035,576,1,2
2035,577,1,2
2035,578,1,2
2035,579,1,2
2035,580,1,2
2035,581,1,2
2035,582,1,2
2035,583,1,2
2035,584,1,2
2035,585,1,2
2035,586,1,2
2035,587,1,2
2035,588,1,2
2035,589,1,2
2035,590,1,2
2035,591,1,2
2035,592,1,2
2035,593,1,2
2035,594,1,2
2035,595,1,2
2035,596,1,2
2035,597,1,2
2035,598,1,2
2035,599,1,2
2035,600,1,2
2035,601,1,2
2035,602,1,2
2035,603,1,2
2035,604,1,2
2035,605,1,2
2035,606,1,2
2035,607,1,2
2035,608,1,2
2035,609,1,2
2035,610,1,2
2035,611,1,2
2035,612,1,2
2035,613,1,2
2035,614,1,2
2035,615,1,2
2035,616,1,2
2035,617,1,2
2035,618,1,2
2035,619,1,2
2035,620,1,2
2035,621,1,2
2035,622,1,2
2035,623,1,2
2035,624,1,2
2035,625,1,2
2035,626,1,2
2035,627,1,2
2035,628,1,2
2035,629,1,2
2035,630,1,2
2035,631,1,2
2035,632,1,2
2035,633,1,2
2035,634,1,2
2035,635,1,2
2035,636,1,2
2035,637,1,2
2035,638,1,2
2035,639,1,2
2035,640,1,2
2035,641,1,2
2035,642,1,2
2035,643,1,2
2036,124,1,2
2036,125,1,2
2036,126,1,2
2036,127,1,3
2036,128,1,3
2036,129,1,3
2036,130,1,3
2036,131,1,3
2036,132,1,3
2036,133,1,3
2036,134,1,3
2036,135,1,3
2036,136,1,3
2036,137,1,3
2036,138,1,3
2036,139,1,3
2036,140,1,3
2036,141,1,3
2036,142,1,3
2036,143,1,3
2036,144,1,3
2036,145,1,3
2036,146,1,3
2036,147,1,3
2036,148,1,3
2036,149,1,3
2036,150,1,3
2036,151,1,3
2036,152,1,3
2036,153,1,3
2036,154,1,3
2036,155,1,3
2036,156,1,3
2036,157,1,3
2036,158,1,3
2036,159,1,3
2036,160,1,3
2036,161,1,3
2036,162,1,3
2036,163,1,3
2036,164,1,3
2036,165,1,3
2036,166,1,2
2036,167,1,2
2036,168,1,2
2036,169,1,2
2036,170,1,2
2036,171,1,2
2036,172,1,2
2036,173,1,2
2036,174,1,2
2036,175,1,2
2036,176,1,2
2036,177,1,2
2036,178,1,2
2036,179,1,2
2036,180,1,2
2036,181,1,2
2036,182,1,2
2036,183,1,2
2036,184,1,2
2036,185,1,2
2036,186,1,2
2036,187,1,2
2036,188,1,2
2036,189,1,2
2036,190,1,2
2036,191,1,2
2036,192,1,2
2036,193,1,2
2036,194,1,2
2036,195,1,2
2036,196,1,2
2036,197,1,2
2036,198,1,2
2036,199,1,2
2036,200,1,2
2036,201,1,2
2036,202,1,2
2036,203,1,2
2036,204,1,2
2036,205,1,2
2036,206,1,2
2036,207,1,2
2036,208,1,2
2036,209,1,2
2036,210,1,2
2036,211,1,2
2036,212,1,2
2036,213,1,2
2036,214,1,2
2036,215,1,2
2036,216,1,2
2036,217,1,2
2036,218,1,2
2036,219,1,2
2036,220,1,2
2036,221,1,2
2036,222,1,2
2036,223,1,2
2036,224,1,2
2036,225,1,2
2036,226,1,2
2036,227,1,2
2036,228,1,2
2036,229,1,2
2036,230,1,2
2036,231,1,2
2036,232,1,2
2036,233,1,2
2036,234,1,2
2036,235,1,2
2036,236,1,2
2036,237,1,2
2036,238,1,2
2036,239,1,2
2036,240,1,2
2036,241,1,2
2036,242,1,2
2036,243,1,2
2036,244,1,2
2036,245,1,2
2036,246,1,2
2036,247,1,2
2036,248,1,2
2036,249,1,2
2036,250,1,2
2036,251,1,2
2036,252,1,2
2036,253,1,2
2036,254,1,2
2036,255,1,2
2036,256,1,2
2036,257,1,2
2036,258,1,2
2036,259,1,2
2036,260,1,2
2036,261,1,2
2036,262,1,2
2036,263,1,2
2036,264,1,2
2036,265,1,2
2036,266,1,2
2036,267,1,2
2036,268,1,2
2036,269,1,2
2036,270,1,2
2036,271,1,2
2036,272,1,2
2036,273,1,2
2036,274,1,2
2036,275,1,2
2036,276,1,2
2036,277,1,2
2036,278,1,2
2036,279,1,2
2036,280,1,2
2036,281,1,2
2036,282,1,2
2036,283,1,2
2036,284,1,2
2036,285,1,2
2036,286,1,2
2036,287,1,2
2036,288,1,2
2036,289,1,2
2036,290,1,2
2036,291,1,2
2036,292,1,2
2036,293,1,2
2036,294,1,2
2036,295,1,2
2036,296,1,2
2036,297,1,2
2036,298,1,2
2036,299,1,2
2036,300,1,2
2036,301,1,2
2036,302,1,2
2036,303,1,2
2036,304,1,2
2036,305,1,2
2036,306,1,2
2036,307,1,2
2036,308,1,2
2036,309,1,2
2036,310,1,2
2036,311,1,2
2036,312,1,2
2036,313,1,2
2036,314,1,2
2036,315,1,2
2036,316,1,2
2036,317,1,2
2036,318,1,2
2036,319,1,2
2036,320,1,2
2036,321,1,2
2036,322,1,2
2036,323,1,2
2036,324,1,2
2036,325,1,2
2036,326,1,2
2036,327,1,2
2036,328,1,2
2036,329,1,2
2036,330,1,2
2036,331,1,2
2036,332,1,2
2036,333,1,2
2036,334,1,2
2036,335,1,2
2036,336,1,2
2036,337,1,2
2036,338,1,2
2036,339,1,2
2036,340,1,2
2036,341,1,2
2036,342,1,2
2036,343,1,2
2036,344,1,2
2036,345,1,2
2036,346,1,2
2036,347,1,2
2036,348,1,2
2036,349,1,2
2036,350,1,2
2036,351,1,2
2036,352,1,2
2036,353,1,2
2036,354,1,2
2036,355,1,2
2036,356,1,2
2036,357,1,2
2036,358,1,2
2036,359,1,2
2036,360,1,2
2036,361,1,2
2036,362,1,2
2036,363,1,2
2036,364,1,2
2036,365,1,2
2036,366,1,2
2036,367,1,2
2036,368,1,2
2036,369,1,2
2036,370,1,2
2036,371,1,2
2036,372,1,2
2036,373,1,2
2036,374,1,2
2036,375,1,2
2036,376,1,2
2036,377,1,2
2036,378,1,2
2036,379,1,2
2036,380,1,2
2036,381,1,2
2036,382,1,2
2036,383,1,2
2036,384,1,2
2036,385,1,2
2036,386,1,2
2036,387,1,2
2036,388,1,2
2036,389,1,2
2036,390,1,2
2036,391,1,2
2036,392,1,2
2036,393,1,2
2036,394,1,2
2036,395,1,2
2036,396,1,2
2036,397,1,2
2036,398,1,2
2036,399,1,2
2036,400,1,2
2036,401,1,2
2036,402,1,2
2036,403,1,2
2036,404,1,2
2036,405,1,2
2036,406,1,2
2036,407,1,2
2036,408,1,2
2036,409,1,2
2036,410,1,2
2036,411,1,2
2036,412,1,2
2036,413,1,2
2036,414,1,2
2036,415,1,2
2036,416,1,2
2036,417,1,2
2036,418,1,2
2036,419,1,2
2036,420,1,2
2036,421,1,2
2036,422,1,2
2036,423,1,2
2036,424,1,2
2036,425,1,2
2036,426,1,2
2036,427,1,2
2036,428,1,2
2036,429,1,2
2036,430,1,2
2036,431,1,2
2036,432,1,2
2036,433,1,2
2036,434,1,2
2036,435,1,2
2036,436,1,2
2036,437,1,2
2036,438,1,2
2036,439,1,2
2036,440,1,2
2036,441,1,2
2036,442,1,2
2036,443,1,2
2036,444,1,2
2036,445,1,2
2036,446,1,2
2036,447,1,2
2036,448,1,2
2036,449,1,2
2036,450,1,2
2036,451,1,2
2036,452,1,2
2036,453,1,2
2036,454,1,2
2036,455,1,2
2036,456,1,3
2036,457,1,3
2036,458,1,3
2036,459,1,3
2036,460,1,3
2036,461,1,3
2036,462,1,3
2036,463,1,3
2036,464,1,3
2036,465,1,3
2036,466,1,3
2036,467,1,3
2036,468,1,3
2036,469,1,3
2036,470,1,3
2036,471,1,3
2036,472,1,3
2036,473,1,3
2036,474,1,3
2036,475,1,3
2036,476,1,3
2036,477,1,3
2036,478,1,3
2036,479,1,3
2036,480,1,3
2036,481,1,3
2036,482,1,3
2036,483,1,3
2036,484,1,3
2036,485,1,3
2036,486,1,3
2036,487,1,3
2036,488,1,3
2036,489,1,3
2036,490,1,3
2036,491,1,3
2036,492,1,3
2036,493,1,3
2036,494,1,3
2036,495,1,3
2036,496,1,3
2036,497,1,3
2036,498,1,3
2036,499,1,3
2036,500,1,3
2036,501,1,3
2036,502,1,3
2036,503,1,3
2036,504,1,3
2036,505,1,3
2036,506,1,2
2036,507,1,2
2036,508,1,2
2036,509,1,2
2036,510,1,2
2036,511,1,2
2036,512,1,2
2036,513,1,2
2036,514,1,2
2036,515,1,2
2036,516,1,2
2036,517,1,2
2036,518,1,2
2036,519,1,2
2036,520,1,2
2036,521,1,2
2036,522,1,2
2036,523,1,2
2036,524,1,2
2036,525,1,2
2036,526,1,2
2036,527,1,2
2036,528,1,2
2036,529,1,2
2036,530,1,2
2036,531,1,2
2036,532,1,2
2036,533,1,2
2036,534,1,2
2036,535,1,2
2036,536,1,2
2036,537,1,2
2036,538,1,2
2036,539,1,2
2036,540,1,2
2036,541,1,2
2036,542,1,2
2036,543,1,2
2036,544,1,2
2036,545,1,2
2036,546,1,2
2036,547,1,2
2036,548,1,2
2036,549,1,2
2036,550,1,2
2036,551,1,2
2036,552,1,2
2036,553,1,2
2036,554,1,2
2036,555,1,2
2036,556,1,2
2036,557,1,2
2036,558,1,2
2036,559,1,2
2036,560,1,2
2036,561,1,2
2036,562,1,2
2036,563,1,2
2036,564,1,2
2036,565,1,2
2036,566,1,2
2036,567,1,2
2036,568,1,2
2036,569,1,2
2036,570,1,2
2036,571,1,2
2036,572,1,2
2036,573,1,2
2036,574,1,2
2036,575,1,2
2036,576,1,2
2036,577,1,2
2036,578,1,2
2036,579,1,2
2036,580,1,2
2036,581,1,2
2036,582,1,2
2036,583,1,2
2036,584,1,2
2036,585,1,2
2036,586,1,2
2036,587,1,2
2036,588,1,2
2036,589,1,2
2036,590,1,2
2036,591,1,2
2036,592,1,2
2036,593,1,2
2036,594,1,2
2036,595,1,2
2036,596,1,2
2036,597,1,2
2036,598,1,2
2036,599,1,2
2036,600,1,2
2036,601,1,2
2036,602,1,2
2036,603,1,2
2036,604,1,2
2036,605,1,2
2036,606,1,2
2036,607,1,2
2036,608,1,2
2036,609,1,2
2036,610,1,2
2036,611,1,2
2036,612,1,2
2036,613,1,2
2036,614,1,2
2036,615,1,2
2036,616,1,2
2036,617,1,2
2036,618,1,2
2036,619,1,2
2036,620,1,2
2036,621,1,2
2036,622,1,2
2036,623,1,2
2036,624,1,2
2036,625,1,2
2036,626,1,2
2036,627,1,2
2036,628,1,2
2036,629,1,2
2036,630,1,2
2036,631,1,2
2036,632,1,2
2036,633,1,2
2036,634,1,2
2036,635,1,2
2036,636,1,2
2036,637,1,2
2036,638,1,2
2036,639,1,2
2036,640,1,2
2036,641,1,2
2036,642,1,2
2036,643,1,2
2036,644,1,2
2037,124,1,2
2037,125,1,2
2037,126,1,2
2037,127,1,2
2037,128,1,3
2037,129,1,3
2037,130,1,3
2037,131,1,3
2037,132,1,3
2037,133,1,3
2037,134,1,3
2037,135,1,3
2037,136,1,3
2037,137,1,3
2037,138,1,3
2037,139,1,3
2037,140,1,3
2037,141,1,3
2037,142,1,3
2037,143,1,3
2037,144,1,3
2037,145,1,3
2037,146,1,3
2037,147,1,3
2037,148,1,3
2037,149,1,3
2037,150,1,3
2037,151,1,3
2037,152,1,3
2037,153,1,3
2037,154,1,3
2037,155,1,3
2037,156,1,3
2037,157,1,3
2037,158,1,3
2037,159,1,3
2037,160,1,3
2037,161,1,3
2037,162,1,3
2037,163,1,3
2037,164,1,3
2037,165,1,2
2037,166,1,2
2037,167,1,2
2037,168,1,2
2037,169,1,2
2037,170,1,2
2037,171,1,2
2037,172,1,2
2037,173,1,2
2037,174,1,2
2037,175,1,2
2037,176,1,2
2037,177,1,2
2037,178,1,2
2037,179,1,2
2037,180,1,2
2037,181,1,2
2037,182,1,2
2037,183,1,2
2037,184,1,2
2037,185,1,2
2037,186,1,2
2037,187,1,2
2037,188,1,2
2037,189,1,2
2037,190,1,2
2037,191,1,2
2037,192,1,2
2037,193,1,2
2037,194,1,2
2037,195,1,2
2037,196,1,2
2037,197,1,2
2037,198,1,2
2037,199,1,2
2037,200,1,2
2037,201,1,2
2037,202,1,2
2037,203,1,2
2037,204,1,2
2037,205,1,2
2037,206,1,2
2037,207,1,2
2037,208,1,2
2037,209,1,2
2037,210,1,2
2037,211,1,2
2037,212,1,2
2037,213,1,2
2037,214,1,2
2037,215,1,2
2037,216,1,2
2037,217,1,2
2037,218,1,2
2037,219,1,2
2037,220,1,2
2037,221,1,2
2037,222,1,2
2037,223,1,2
2037,224,1,2
2037,225,1,2
2037,226,1,2
2037,227,1,2
2037,228,1,2
2037,229,1,2
2037,230,1,2
2037,231,1,2
2037,232,1,2
2037,233,1,2
2037,234,1,2
2037,235,1,2
2037,236,1,2
2037,237,1,2
2037,238,1,2
2037,239,1,2
2037,240,1,2
2037,241,1,2
2037,242,1,2
2037,243,1,2
2037,244,1,2
2037,245,1,2
2037,246,1,2
2037,247,1,2
2037,248,1,2
2037,249,1,2
2037,250,1,2
2037,251,1,2
2037,252,1,2
2037,253,1,2
2037,254,1,2
2037,255,1,2
2037,256,1,2
2037,257,1,2
2037,258,1,2
2037,259,1,2
2037,260,1,2
2037,261,1,2
2037,262,1,2
2037,263,1,2
2037,264,1,2
2037,265,1,2
2037,266,1,2
2037,267,1,2
2037,268,1,2
2037,269,1,2
2037,270,1,2
2037,271,1,2
2037,272,1,2
2037,273,1,2
2037,274,1,2
2037,275,1,2
2037,276,1,2
2037,277,1,2
2037,278,1,2
2037,279,1,2
2037,280,1,2
2037,281,1,2
2037,282,1,2
2037,283,1,2
2037,284,1,2
2037,285,1,2
2037,286,1,2
2037,287,1,2
2037,288,1,2
2037,289,1,2
2037,290,1,2
2037,291,1,2
2037,292,1,2
2037,293,1,2
2037,294,1,2
2037,295,1,2
2037,296,1,2
2037,297,1,2
2037,298,1,2
2037,299,1,2
2037,300,1,2
2037,301,1,2
2037,302,1,2
2037,303,1,2
2037,304,1,2
2037,305,1,2
2037,306,1,2
2037,307,1,2
2037,308,1,2
2037,309,1,2
2037,310,1,2
2037,311,1,2
2037,312,1,2
2037,313,1,2
2037,314,1,2
2037,315,1,2
2037,316,1,2
2037,317,1,2
2037,318,1,2
2037,319,1,2
2037,320,1,2
2037,321,1,2
2037,322,1,2
2037,323,1,2
2037,324,1,2
2037,325,1,2
2037,326,1,2
2037,327,1,2
2037,328,1,2
2037,329,1,2
2037,330,1,2
2037,331,1,2
2037,332,1,2
2037,333,1,2
2037,334,1,2
2037,335,1,2
2037,336,1,2
2037,337,1,2
2037,338,1,2
2037,339,1,2
2037,340,1,2
2037,341,1,2
2037,342,1,2
2037,343,1,2
2037,344,1,2
2037,345,1,2
2037,346,1,2
2037,347,1,2
2037,348,1,2
2037,349,1,2
2037,350,1,2
2037,351,1,2
2037,352,1,2
2037,353,1,2
2037,354,1,2
2037,355,1,2
2037,356,1,2
2037,357,1,2
2037,358,1,2
2037,359,1,2
2037,360,1,2
2037,361,1,2
2037,362,1,2
2037,363,1,2
2037,364,1,2
2037,365,1,2
2037,366,1,2
2037,367,1,2
2037,368,1,2
2037,369,1,2
2037,370,1,2
2037,371,1,2
2037,372,1,2
2037,373,1,2
2037,374,1,2
2037,375,1,2
2037,376,1,2
2037,377,1,2
2037,378,1,2
2037,379,1,2
2037,380,1,2
2037,381,1,2
2037,382,1,2
2037,383,1,2
2037,384,1,2
2037,385,1,2
2037,386,1,2
2037,387,1,2
2037,388,1,2
2037,389,1,2
2037,390,1,2
2037,391,1,2
2037,392,1,2
2037,393,1,2
2037,394,1,2
2037,395,1,2
2037,396,1,2
2037,397,1,2
2037,398,1,2
2037,399,1,2
2037,400,1,2
2037,401,1,2
2037,402,1,2
2037,403,1,2
2037,404,1,2
2037,405,1,2
2037,406,1,2
2037,407,1,2
2037,408,1,2
2037,409,1,2
2037,410,1,2
2037,411,1,2
2037,412,1,2
2037,413,1,2
2037,414,1,2
2037,415,1,2
2037,416,1,2
2037,417,1,2
2037,418,1,2
2037,419,1,2
2037,420,1,2
2037,421,1,2
2037,422,1,2
2037,423,1,2
2037,424,1,2
2037,425,1,2
2037,426,1,2
2037,427,1,2
2037,428,1,2
2037,429,1,2
2037,430,1,2
2037,431,1,2
2037,432,1,2
2037,433,1,2
2037,434,1,2
2037,435,1,2
2037,436,1,2
2037,437,1,2
2037,438,1,2
2037,439,1,2
2037,440,1,2
2037,441,1,2
2037,442,1,2
2037,443,1,2
2037,444,1,2
2037,445,1,2
2037,446,1,2
2037,447,1,2
2037,448,1,2
2037,449,1,2
2037,450,1,2
2037,451,1,2
2037,452,1,2
2037,453,1,2
2037,454,1,2
2037,455,1,2
2037,456,1,3
2037,457,1,3
2037,458,1,3
2037,459,1,3
2037,460,1,3
2037,461,1,3
2037,462,1,3
2037,463,1,3
2037,464,1,3
2037,465,1,3
2037,466,1,3
2037,467,1,3
2037,468,1,3
2037,469,1,3
2037,470,1,3
2037,471,1,3
2037,472,1,3
2037,473,1,3
2037,474,1,3
2037,475,1,3
2037,476,1,3
2037,477,1,3
2037,478,1,3
2037,479,1,3
2037,480,1,3
2037,481,1,3
2037,482,1,3
2037,483,1,3
2037,484,1,3
2037,485,1,3
2037,486,1,3
2037,487,1,3
2037,488,1,3
2037,489,1,3
2037,490,1,3
2037,491,1,3
2037,492,1,3
2037,493,1,3
2037,494,1,3
2037,495,1,3
2037,496,1,3
2037,497,1,3
2037,498,1,3
2037,499,1,3
2037,500,1,3
2037,501,1,3
2037,502,1,3
2037,503,1,3
2037,504,1,3
2037,505,1,3
2037,506,1,2
2037,507,1,2
2037,508,1,2
2037,509,1,2
2037,510,1,2
2037,511,1,2
2037,512,1,2
2037,513,1,2
2037,514,1,2
2037,515,1,2
2037,516,1,2
2037,517,1,2
2037,518,1,2
2037,519,1,2
2037,520,1,2
2037,521,1,2
2037,522,1,2
2037,523,1,2
2037,524,1,2
2037,525,1,2
2037,526,1,2
2037,527,1,2
2037,528,1,2
2037,529,1,2
2037,530,1,2
2037,531,1,2
2037,532,1,2
2037,533,1,2
2037,534,1,2
2037,535,1,2
2037,536,1,2
2037,537,1,2
2037,538,1,2
2037,539,1,2
2037,540,1,2
2037,541,1,2
2037,542,1,2
2037,543,1,2
2037,544,1,2
2037,545,1,2
2037,546,1,2
2037,547,1,2
2037,548,1,2
2037,549,1,2
2037,550,1,2
2037,551,1,2
2037,552,1,2
2037,553,1,2
2037,554,1,2
2037,555,1,2
2037,556,1,2
2037,557,1,2
2037,558,1,2
2037,559,1,2
2037,560,1,2
2037,561,1,2
2037,562,1,2
2037,563,1,2
2037,564,1,2
2037,565,1,2
2037,566,1,2
2037,567,1,2
2037,568,1,2
2037,569,1,2
2037,570,1,2
2037,571,1,2
2037,572,1,2
2037,573,1,2
2037,574,1,2
2037,575,1,2
2037,576,1,2
2037,577,1,2
2037,578,1,2
2037,579,1,2
2037,580,1,2
2037,581,1,2
2037,582,1,2
2037,583,1,2
2037,584,1,2
2037,585,1,2
2037,586,1,2
2037,587,1,2
2037,588,1,2
2037,589,1,2
2037,590,1,2
2037,591,1,2
2037,592,1,2
2037,593,1,2
2037,594,1,2
2037,595,1,2
2037,596,1,2
2037,597,1,2
2037,598,1,2
2037,599,1,2
2037,600,1,2
2037,601,1,2
2037,602,1,2
2037,603,1,2
2037,604,1,2
2037,605,1,2
2037,606,1,2
2037,607,1,2
2037,608,1,2
2037,609,1,2
2037,610,1,2
2037,611,1,2
2037,612,1,2
2037,613,1,2
2037,614,1,2
2037,615,1,2
2037,616,1,2
2037,617,1,2
2037,618,1,2
2037,619,1,2
2037,620,1,2
2037,621,1,2
2037,622,1,2
2037,623,1,2
2037,624,1,2
2037,625,1,2
2037,626,1,2
2037,627,1,2
2037,628,1,2
2037,629,1,2
2037,630,1,2
2037,631,1,2
2037,632,1,2
2037,633,1,2
2037,634,1,2
2037,635,1,2
2037,636,1,2
2037,637,1,2
2037,638,1,2
2037,639,1,2
2037,640,1,2
2037,641,1,2
2037,642,1,2
2037,643,1,2
2037,644,1,2
2038,124,1,2
2038,125,1,2
2038,126,1,2
2038,127,1,3
2038,128,1,3
2038,129,1,3
2038,130,1,3
2038,131,1,3
2038,132,1,3
2038,133,1,3
2038,134,1,3
2038,135,1,3
2038,136,1,3
2038,137,1,3
2038,138,1,3
2038,139,1,3
2038,140,1,3
2038,141,1,3
2038,142,1,3
2038,143,1,3
2038,144,1,3
2038,145,1,3
2038,146,1,3
2038,147,1,3
2038,148,1,3
2038,149,1,3
2038,150,1,3
2038,151,1,3
2038,152,1,3
2038,153,1,3
2038,154,1,3
2038,155,1,3
2038,156,1,3
2038,157,1,3
2038,158,1,3
2038,159,1,3
2038,160,1,3
2038,161,1,3
2038,162,1,3
2038,163,1,3
2038,164,1,2
2038,165,1,2
2038,166,1,2
2038,167,1,2
2038,168,1,2
2038,169,1,2
2038,170,1,2
2038,171,1,2
2038,172,1,2
2038,173,1,2
2038,174,1,2
2038,175,1,2
2038,176,1,2
2038,177,1,2
2038,178,1,2
2038,179,1,2
2038,180,1,2
2038,181,1,2
2038,182,1,2
2038,183,1,2
2038,184,1,2
2038,185,1,2
2038,186,1,2
2038,187,1,2
2038,188,1,2
2038,189,1,2
2038,190,1,2
2038,191,1,2
2038,192,1,2
2038,193,1,2
2038,194,1,2
2038,195,1,2
2038,196,1,2
2038,197,1,2
2038,198,1,2
2038,199,1,2
2038,200,1,2
2038,201,1,2
2038,202,1,2
2038,203,1,2
2038,204,1,2
2038,205,1,2
2038,206,1,2
2038,207,1,2
2038,208,1,2
2038,209,1,2
2038,210,1,2
2038,211,1,2
2038,212,1,2
2038,213,1,2
2038,214,1,2
2038,215,1,2
2038,216,1,2
2038,217,1,2
2038,218,1,2
2038,219,1,2
2038,220,1,2
2038,221,1,2
2038,222,1,2
2038,223,1,2
2038,224,1,2
2038,225,1,2
2038,226,1,2
2038,227,1,2
2038,228,1,2
2038,229,1,2
2038,230,1,2
2038,231,1,2
2038,232,1,2
2038,233,1,2
2038,234,1,2
2038,235,1,2
2038,236,1,2
2038,237,1,2
2038,238,1,2
2038,239,1,2
2038,240,1,2
2038,241,1,2
2038,242,1,2
2038,243,1,2
2038,244,1,2
2038,245,1,2
2038,246,1,2
2038,247,1,2
2038,248,1,2
2038,249,1,2
2038,250,1,2
2038,251,1,2
2038,252,1,2
2038,253,1,2
2038,254,1,2
2038,255,1,2
2038,256,1,2
2038,257,1,2
2038,258,1,2
2038,259,1,2
2038,260,1,2
2038,261,1,2
2038,262,1,2
2038,263,1,2
2038,264,1,2
2038,265,1,2
2038,266,1,2
2038,267,1,2
2038,268,1,2
2038,269,1,2
2038,270,1,2
2038,271,1,2
2038,272,1,2
2038,273,1,2
2038,274,1,2
2038,275,1,2
2038,276,1,2
2038,277,1,2
2038,278,1,2
2038,279,1,2
2038,280,1,2
2038,281,1,2
2038,282,1,2
2038,283,1,2
2038,284,1,2
2038,285,1,2
2038,286,1,2
2038,287,1,2
2038,288,1,2
2038,289,1,2
2038,290,1,2
2038,291,1,2
2038,292,1,2
2038,293,1,2
2038,294,1,2
2038,295,1,2
2038,296,1,2
2038,297,1,2
2038,298,1,2
2038,299,1,2
2038,300,1,2
2038,301,1,2
2038,302,1,2
2038,303,1,2
2038,304,1,2
2038,305,1,2
2038,306,1,2
2038,307,1,2
2038,308,1,2
2038,309,1,2
2038,310,1,2
2038,311,1,2
2038,312,1,2
2038,313,1,2
2038,314,1,2
2038,315,1,2
2038,316,1,2
2038,317,1,2
2038,318,1,2
2038,319,1,2
2038,320,1,2
2038,321,1,2
2038,322,1,2
2038,323,1,2
2038,324,1,2
2038,325,1,2
2038,326,1,2
2038,327,1,2
2038,328,1,2
2038,329,1,2
2038,330,1,2
2038,331,1,2
2038,332,1,2
2038,333,1,2
2038,334,1,2
2038,335,1,2
2038,336,1,2
2038,337,1,2
2038,338,1,2
2038,339,1,2
2038,340,1,2
2038,341,1,2
2038,342,1,2
2038,343,1,2
2038,344,1,2
2038,345,1,2
2038,346,1,2
2038,347,1,2
2038,348,1,2
2038,349,1,2
2038,350,1,2
2038,351,1,2
2038,352,1,2
2038,353,1,2
2038,354,1,2
2038,355,1,2
2038,356,1,2
2038,357,1,2
2038,358,1,2
2038,359,1,2
2038,360,1,2
2038,361,1,2
2038,362,1,2
2038,363,1,2
2038,364,1,2
2038,365,1,2
2038,366,1,2
2038,367,1,2
2038,368,1,2
2038,369,1,2
2038,370,1,2
2038,371,1,2
2038,372,1,2
2038,373,1,2
2038,374,1,2
2038,375,1,2
2038,376,1,2
2038,377,1,2
2038,378,1,2
2038,379,1,2
2038,380,1,2
2038,381,1,2
2038,382,1,2
2038,383,1,2
2038,384,1,2
2038,385,1,2
2038,386,1,2
2038,387,1,2
2038,388,1,2
2038,389,1,2
2038,390,1,2
2038,391,1,2
2038,392,1,2
2038,393,1,2
2038,394,1,2
2038,395,1,2
2038,396,1,2
2038,397,1,2
2038,398,1,2
2038,399,1,2
2038,400,1,2
2038,401,1,2
2038,402,1,2
2038,403,1,2
2038,404,1,2
2038,405,1,2
2038,406,1,2
2038,407,1,2
2038,408,1,2
2038,409,1,2
2038,410,1,2
2038,411,1,2
2038,412,1,2
2038,413,1,2
2038,414,1,2
2038,415,1,2
2038,416,1,2
2038,417,1,2
2038,418,1,2
2038,419,1,2
2038,420,1,2
2038,421,1,2
2038,422,1,2
2038,423,1,2
2038,424,1,2
2038,425,1,2
2038,426,1,2
2038,427,1,2
2038,428,1,2
2038,429,1,2
2038,430,1,2
2038,431,1,2
2038,432,1,2
2038,433,1,2
2038,434,1,2
2038,435,1,2
2038,436,1,2
2038,437,1,2
2038,438,1,2
2038,439,1,2
2038,440,1,2
2038,441,1,2
2038,442,1,2
2038,443,1,2
2038,444,1,2
2038,445,1,2
2038,446,1,2
2038,447,1,2
2038,448,1,2
2038,449,1,2
2038,450,1,2
2038,451,1,2
2038,452,1,2
2038,453,1,2
2038,454,1,2
2038,455,1,2
2038,456,1,3
2038,457,1,3
2038,458,1,3
2038,459,1,3
2038,460,1,3
2038,461,1,3
2038,462,1,3
2038,463,1,3
2038,464,1,3
2038,465,1,3
2038,466,1,3
2038,467,1,3
2038,468,1,3
2038,469,1,3
2038,470,1,3
2038,471,1,3
2038,472,1,3
2038,473,1,3
2038,474,1,3
2038,475,1,3
2038,476,1,3
2038,477,1,3
2038,478,1,3
2038,479,1,3
2038,480,1,3
2038,481,1,3
2038,482,1,3
2038,483,1,3
2038,484,1,3
2038,485,1,3
2038,486,1,3
2038,487,1,3
2038,488,1,3
2038,489,1,3
2038,490,1,3
2038,491,1,3
2038,492,1,3
2038,493,1,3
2038,494,1,3
2038,495,1,3
2038,496,1,3
2038,497,1,3
2038,498,1,3
2038,499,1,3
2038,500,1,3
2038,501,1,3
2038,502,1,3
2038,503,1,3
2038,504,1,3
2038,505,1,3
2038,506,1,2
2038,507,1,2
2038,508,1,2
2038,509,1,2
2038,510,1,2
2038,511,1,2
2038,512,1,2
2038,513,1,2
2038,514,1,2
2038,515,1,2
2038,516,1,2
2038,517,1,2
2038,518,1,2
2038,519,1,2
2038,520,1,2
2038,521,1,2
2038,522,1,2
2038,523,1,2
2038,524,1,2
2038,525,1,2
2038,526,1,2
2038,527,1,2
2038,528,1,2
2038,529,1,2
2038,530,1,2
2038,531,1,2
2038,532,1,2
2038,533,1,2
2038,534,1,2
2038,535,1,2
2038,536,1,2
2038,537,1,2
2038,538,1,2
2038,539,1,2
2038,540,1,2
2038,541,1,2
2038,542,1,2
2038,543,1,2
2038,544,1,2
2038,545,1,2
2038,546,1,2
2038,547,1,2
2038,548,1,2
2038,549,1,2
2038,550,1,2
2038,551,1,2
2038,552,1,2
2038,553,1,2
2038,554,1,2
2038,555,1,2
2038,556,1,2
2038,557,1,2
2038,558,1,2
2038,559,1,2
2038,560,1,2
2038,561,1,2
2038,562,1,2
2038,563,1,2
2038,564,1,2
2038,565,1,2
2038,566,1,2
2038,567,1,2
2038,568,1,2
2038,569,1,2
2038,570,1,2
2038,571,1,2
2038,572,1,2
2038,573,1,2
2038,574,1,2
2038,575,1,2
2038,576,1,2
2038,577,1,2
2038,578,1,2
2038,579,1,2
2038,580,1,2
2038,581,1,2
2038,582,1,2
2038,583,1,2
2038,584,1,2
2038,585,1,2
2038,586,1,2
2038,587,1,2
2038,588,1,2
2038,589,1,2
2038,590,1,2
2038,591,1,2
2038,592,1,2
2038,593,1,2
2038,594,1,2
2038,595,1,2
2038,596,1,2
2038,597,1,2
2038,598,1,2
2038,599,1,2
2038,600,1,2
2038,601,1,2
2038,602,1,2
2038,603,1,2
2038,604,1,2
2038,605,1,2
2038,606,1,2
2038,607,1,2
2038,608,1,2
2038,609,1,2
2038,610,1,2
2038,611,1,2
2038,612,1,2
2038,613,1,2
2038,614,1,2
2038,615,1,2
2038,616,1,2
2038,617,1,2
2038,618,1,2
2038,619,1,2
2038,620,1,2
2038,621,1,2
2038,622,1,2
2038,623,1,2
2038,624,1,2
2038,625,1,2
2038,626,1,2
2038,627,1,2
2038,628,1,2
2038,629,1,2
2038,630,1,2
2038,631,1,2
2038,632,1,2
2038,633,1,2
2038,634,1,2
2038,635,1,2
2038,636,1,2
2038,637,1,2
2038,638,1,2
2038,639,1,2
2038,640,1,2
2038,641,1,2
2038,642,1,2
2038,643,1,2
2038,644,1,2
2039,124,1,2
2039,125,1,2
2039,126,1,2
2039,127,1,2
2039,128,1,3
2039,129,1,3
2039,130,1,3
2039,131,1,3
2039,132,1,3
2039,133,1,3
2039,134,1,3
2039,135,1,3
2039,136,1,3
2039,137,1,3
2039,138,1,3
2039,139,1,3
2039,140,1,3
2039,141,1,3
2039,142,1,3
2039,143,1,3
2039,144,1,3
2039,145,1,3
2039,146,1,3
2039,147,1,3
2039,148,1,3
2039,149,1,3
2039,150,1,3
2039,151,1,3
2039,152,1,3
2039,153,1,3
2039,154,1,3
2039,155,1,3
2039,156,1,3
2039,157,1,3
2039,158,1,3
2039,159,1,3
2039,160,1,3
2039,161,1,3
2039,162,1,3
2039,163,1,2
2039,164,1,2
2039,165,1,2
2039,166,1,2
2039,167,1,2
2039,168,1,2
2039,169,1,2
2039,170,1,2
2039,171,1,2
2039,172,1,2
2039,173,1,2
2039,174,1,2
2039,175,1,2
2039,176,1,2
2039,177,1,2
2039,178,1,2
2039,179,1,2
2039,180,1,2
2039,181,1,2
2039,182,1,2
2039,183,1,2
2039,184,1,2
2039,185,1,2
2039,186,1,2
2039,187,1,2
2039,188,1,2
2039,189,1,2
2039,190,1,2
2039,191,1,2
2039,192,1,2
2039,193,1,2
2039,194,1,2
2039,195,1,2
2039,196,1,2
2039,197,1,2
2039,198,1,2
2039,199,1,2
2039,200,1,2
2039,201,1,2
2039,202,1,2
2039,203,1,2
2039,204,1,2
2039,205,1,2
2039,206,1,2
2039,207,1,2
2039,208,1,2
2039,209,1,2
2039,210,1,2
2039,211,1,2
2039,212,1,2
2039,213,1,2
2039,214,1,2
2039,215,1,2
2039,216,1,2
2039,217,1,2
2039,218,1,2
2039,219,1,2
2039,220,1,2
2039,221,1,2
2039,222,1,2
2039,223,1,2
2039,224,1,2
2039,225,1,2
2039,226,1,2
2039,227,1,2
2039,228,1,2
2039,229,1,2
2039,230,1,2
2039,231,1,2
2039,232,1,2
2039,233,1,2
2039,234,1,2
2039,235,1,2
2039,236,1,2
2039,237,1,2
2039,238,1,2
2039,239,1,2
2039,240,1,2
2039,241,1,2
2039,242,1,2
2039,243,1,2
2039,244,1,2
2039,245,1,2
2039,246,1,2
2039,247,1,2
2039,248,1,2
2039,249,1,2
2039,250,1,2
2039,251,1,2
2039,252,1,2
2039,253,1,2
2039,254,1,2
2039,255,1,2
2039,256,1,2
2039,257,1,2
2039,258,1,2
2039,259,1,2
2039,260,1,2
2039,261,1,2
2039,262,1,2
2039,263,1,2
2039,264,1,2
2039,265,1,2
2039,266,1,2
2039,267,1,2
2039,268,1,2
2039,269,1,2
2039,270,1,2
2039,271,1,2
2039,272,1,2
2039,273,1,2
2039,274,1,2
2039,275,1,2
2039,276,1,2
2039,277,1,2
2039,278,1,2
2039,279,1,2
2039,280,1,2
2039,281,1,2
2039,282,1,2
2039,283,1,2
2039,284,1,2
2039,285,1,2
2039,286,1,2
2039,287,1,2
2039,288,1,2
2039,289,1,2
2039,290,1,2
2039,291,1,2
2039,292,1,2
2039,293,1,2
2039,294,1,2
2039,295,1,2
2039,296,1,2
2039,297,1,2
2039,298,1,2
2039,299,1,2
2039,300,1,2
2039,301,1,2
2039,302,1,2
2039,303,1,2
2039,304,1,2
2039,305,1,2
2039,306,1,2
2039,307,1,2
2039,308,1,2
2039,309,1,2
2039,310,1,2
2039,311,1,2
2039,312,1,2
2039,313,1,2
2039,314,1,2
2039,315,1,2
2039,316,1,2
2039,317,1,2
2039,318,1,2
2039,319,1,2
2039,320,1,2
2039,321,1,2
2039,322,1,2
2039,323,1,2
2039,324,1,2
2039,325,1,2
2039,326,1,2
2039,327,1,2
2039,328,1,2
2039,329,1,2
2039,330,1,2
2039,331,1,2
2039,332,1,2
2039,333,1,2
2039,334,1,2
2039,335,1,2
2039,336,1,2
2039,337,1,2
2039,338,1,2
2039,339,1,2
2039,340,1,2
2039,341,1,2
2039,342,1,2
2039,343,1,2
2039,344,1,2
2039,345,1,2
2039,346,1,2
2039,347,1,2
2039,348,1,2
2039,349,1,2
2039,350,1,2
2039,351,1,2
2039,352,1,2
2039,353,1,2
2039,354,1,2
2039,355,1,2
2039,356,1,2
2039,357,1,2
2039,358,1,2
2039,359,1,2
2039,360,1,2
2039,361,1,2
2039,362,1,2
2039,363,1,2
2039,364,1,2
2039,365,1,2
2039,366,1,2
2039,367,1,2
2039,368,1,2
2039,369,1,2
2039,370,1,2
2039,371,1,2
2039,372,1,2
2039,373,1,2
2039,374,1,2
2039,375,1,2
2039,376,1,2
2039,377,1,2
2039,378,1,2
2039,379,1,2
2039,380,1,2
2039,381,1,2
2039,382,1,2
2039,383,1,2
2039,384,1,2
2039,385,1,2
2039,386,1,2
2039,387,1,2
2039,388,1,2
2039,389,1,2
2039,390,1,2
2039,391,1,2
2039,392,1,2
2039,393,1,2
2039,394,1,2
2039,395,1,2
2039,396,1,2
2039,397,1,2
2039,398,1,2
2039,399,1,2
2039,400,1,2
2039,401,1,2
2039,402,1,2
2039,403,1,2
2039,404,1,2
2039,405,1,2
2039,406,1,2
2039,407,1,2
2039,408,1,2
2039,409,1,2
2039,410,1,2
2039,411,1,2
2039,412,1,2
2039,413,1,2
2039,414,1,2
2039,415,1,2
2039,416,1,2
2039,417,1,2
2039,418,1,2
2039,419,1,2
2039,420,1,2
2039,421,1,2
2039,422,1,2
2039,423,1,2
2039,424,1,2
2039,425,1,2
2039,426,1,2
2039,427,1,2
2039,428,1,2
2039,429,1,2
2039,430,1,2
2039,431,1,2
2039,432,1,2
2039,433,1,2
2039,434,1,2
2039,435,1,2
2039,436,1,2
2039,437,1,2
2039,438,1,2
2039,439,1,2
2039,440,1,2
2039,441,1,2
2039,442,1,2
2039,443,1,2
2039,444,1,2
2039,445,1,2
2039,446,1,2
2039,447,1,2
2039,448,1,2
2039,449,1,2
2039,450,1,2
2039,451,1,2
2039,452,1,2
2039,453,1,2
2039,454,1,2
2039,455,1,2
2039,456,1,3
2039,457,1,3
2039,458,1,3
2039,459,1,3
2039,460,1,3
2039,461,1,3
2039,462,1,3
2039,463,1,3
2039,464,1,3
2039,465,1,3
2039,466,1,3
2039,467,1,3
2039,468,1,3
2039,469,1,3
2039,470,1,3
2039,471,1,3
2039,472,1,3
2039,473,1,3
2039,474,1,3
2039,475,1,3
2039,476,1,3
2039,477,1,3
2039,478,1,3
2039,479,1,3
2039,480,1,3
2039,481,1,3
2039,482,1,3
2039,483,1,3
2039,484,1,3
2039,485,1,3
2039,486,1,3
2039,487,1,3
2039,488,1,3
2039,489,1,3
2039,490,1,3
2039,491,1,3
2039,492,1,3
2039,493,1,3
2039,494,1,3
2039,495,1,3
2039,496,1,3
2039,497,1,3
2039,498,1,3
2039,499,1,3
2039,500,1,3
2039,501,1,3
2039,502,1,3
2039,503,1,3
2039,504,1,3
2039,505,1,3
2039,506,1,2
2039,507,1,2
2039,508,1,2
2039,509,1,2
2039,510,1,2
2039,511,1,2
2039,512,1,2
2039,513,1,2
2039,514,1,2
2039,515,1,2
2039,516,1,2
2039,517,1,2
2039,518,1,2
2039,519,1,2
2039,520,1,2
2039,521,1,2
2039,522,1,2
2039,523,1,2
2039,524,1,2
2039,525,1,2
2039,526,1,2
2039,527,1,2
2039,528,1,2
2039,529,1,2
2039,530,1,2
2039,531,1,2
2039,532,1,2
2039,533,1,2
2039,534,1,2
2039,535,1,2
2039,536,1,2
2039,537,1,2
2039,538,1,2
2039,539,1,2
2039,540,1,2
2039,541,1,2
2039,542,1,2
2039,543,1,2
2039,544,1,2
2039,545,1,2
2039,546,1,2
2039,547,1,2
2039,548,1,2
2039,549,1,2
2039,550,1,2
2039,551,1,2
2039,552,1,2
2039,553,1,2
2039,554,1,2
2039,555,1,2
2039,556,1,2
2039,557,1,2
2039,558,1,2
2039,559,1,2
2039,560,1,2
2039,561,1,2
2039,562,1,2
2039,563,1,2
2039,564,1,2
2039,565,1,2
2039,566,1,2
2039,567,1,2
2039,568,1,2
2039,569,1,2
2039,570,1,2
2039,571,1,2
2039,572,1,2
2039,573,1,2
2039,574,1,2
2039,575,1,2
2039,576,1,2
2039,577,1,2
2039,578,1,2
2039,579,1,2
2039,580,1,2
2039,581,1,2
2039,582,1,2
2039,583,1,2
2039,584,1,2
2039,585,1,2
2039,586,1,2
2039,587,1,2
2039,588,1,2
2039,589,1,2
2039,590,1,2
2039,591,1,2
2039,592,1,2
2039,593,1,2
2039,594,1,2
2039,595,1,2
2039,596,1,2
2039,597,1,2
2039,598,1,2
2039,599,1,2
2039,600,1,2
2039,601,1,2
2039,602,1,2
2039,603,1,2
2039,604,1,2
2039,605,1,2
2039,606,1,2
2039,607,1,2
2039,608,1,2
2039,609,1,2
2039,610,1,2
2039,611,1,2
2039,612,1,2
2039,613,1,2
2039,614,1,2
2039,615,1,2
2039,616,1,2
2039,617,1,2
2039,618,1,2
2039,619,1,2
2039,620,1,2
2039,621,1,2
2039,622,1,2
2039,623,1,2
2039,624,1,2
2039,625,1,2
2039,626,1,2
2039,627,1,2
2039,628,1,2
2039,629,1,2
2039,630,1,2
2039,631,1,2
2039,632,1,2
2039,633,1,2
2039,634,1,2
2039,635,1,2
2039,636,1,2
2039,637,1,2
2039,638,1,2
2039,639,1,2
2039,640,1,2
2039,641,1,2
2039,642,1,2
2039,643,1,2
2039,644,1,2
2039,645,1,2
2040,124,1,2
2040,125,1,2
2040,126,1,2
2040,127,1,2
2040,128,1,3
2040,129,1,3
2040,130,1,3
2040,131,1,3
2040,132,1,3
2040,133,1,3
2040,134,1,3
2040,135,1,3
2040,136,1,3
2040,137,1,3
2040,138,1,3
2040,139,1,3
2040,140,1,3
2040,141,1,3
2040,142,1,3
2040,143,1,3
2040,144,1,3
2040,145,1,3
2040,146,1,3
2040,147,1,3
2040,148,1,3
2040,149,1,3
2040,150,1,3
2040,151,1,3
2040,152,1,3
2040,153,1,3
2040,154,1,3
2040,155,1,3
2040,156,1,3
2040,157,1,3
2040,158,1,3
2040,159,1,3
2040,160,1,3
2040,161,1,3
2040,162,1,2
2040,163,1,2
2040,164,1,2
2040,165,1,2
2040,166,1,2
2040,167,1,2
2040,168,1,2
2040,169,1,2
2040,170,1,2
2040,171,1,2
2040,172,1,2
2040,173,1,2
2040,174,1,2
2040,175,1,2
2040,176,1,2
2040,177,1,2
2040,178,1,2
2040,179,1,2
2040,180,1,2
2040,181,1,2
2040,182,1,2
2040,183,1,2
2040,184,1,2
2040,185,1,2
2040,186,1,2
2040,187,1,2
2040,188,1,2
2040,189,1,2
2040,190,1,2
2040,191,1,2
2040,192,1,2
2040,193,1,2
2040,194,1,2
2040,195,1,2
2040,196,1,2
2040,197,1,2
2040,198,1,2
2040,199,1,2
2040,200,1,2
2040,201,1,2
2040,202,1,2
2040,203,1,2
2040,204,1,2
2040,205,1,2
2040,206,1,2
2040,207,1,2
2040,208,1,2
2040,209,1,2
2040,210,1,2
2040,211,1,2
2040,212,1,2
2040,213,1,2
2040,214,1,2
2040,215,1,2
2040,216,1,2
2040,217,1,2
2040,218,1,2
2040,219,1,2
2040,220,1,2
2040,221,1,2
2040,222,1,2
2040,223,1,2
2040,224,1,2
2040,225,1,2
2040,226,1,2
2040,227,1,2
2040,228,1,2
2040,229,1,2
2040,230,1,2
2040,231,1,2
2040,232,1,2
2040,233,1,2
2040,234,1,2
2040,235,1,2
2040,236,1,2
2040,237,1,2
2040,238,1,2
2040,239,1,2
2040,240,1,2
2040,241,1,2
2040,242,1,2
2040,243,1,2
2040,244,1,2
2040,245,1,2
2040,246,1,2
2040,247,1,2
2040,248,1,2
2040,249,1,2
2040,250,1,2
2040,251,1,2
2040,252,1,2
2040,253,1,2
2040,254,1,2
2040,255,1,2
2040,256,1,2
2040,257,1,2
2040,258,1,2
2040,259,1,2
2040,260,1,2
2040,261,1,2
2040,262,1,2
2040,263,1,2
2040,264,1,2
2040,265,1,2
2040,266,1,2
2040,267,1,2
2040,268,1,2
2040,269,1,2
2040,270,1,2
2040,271,1,2
2040,272,1,2
2040,273,1,2
2040,274,1,2
2040,275,1,2
2040,276,1,2
2040,277,1,2
2040,278,1,2
2040,279,1,2
2040,280,1,2
2040,281,1,2
2040,282,1,2
2040,283,1,2
2040,284,1,2
2040,285,1,2
2040,286,1,2
2040,287,1,2
2040,288,1,2
2040,289,1,2
2040,290,1,2
2040,291,1,2
2040,292,1,2
2040,293,1,2
2040,294,1,2
2040,295,1,2
2040,296,1,2
2040,297,1,2
2040,298,1,2
2040,299,1,2
2040,300,1,2
2040,301,1,2
2040,302,1,2
2040,303,1,2
2040,304,1,2
2040,305,1,2
2040,306,1,2
2040,307,1,2
2040,308,1,2
2040,309,1,2
2040,310,1,2
2040,311,1,2
2040,312,1,2
2040,313,1,2
2040,314,1,2
2040,315,1,2
2040,316,1,2
2040,317,1,2
2040,318,1,2
2040,319,1,2
2040,320,1,2
2040,321,1,2
2040,322,1,2
2040,323,1,2
2040,324,1,2
2040,325,1,2
2040,326,1,2
2040,327,1,2
2040,328,1,2
2040,329,1,2
2040,330,1,2
2040,331,1,2
2040,332,1,2
2040,333,1,2
2040,334,1,2
2040,335,1,2
2040,336,1,2
2040,337,1,2
2040,338,1,2
2040,339,1,2
2040,340,1,2
2040,341,1,2
2040,342,1,2
2040,343,1,2
2040,344,1,2
2040,345,1,2
2040,346,1,2
2040,347,1,2
2040,348,1,2
2040,349,1,2
2040,350,1,2
2040,351,1,2
2040,352,1,2
2040,353,1,2
2040,354,1,2
2040,355,1,2
2040,356,1,2
2040,357,1,2
2040,358,1,2
2040,359,1,2
2040,360,1,2
2040,361,1,2
2040,362,1,2
2040,363,1,2
2040,364,1,2
2040,365,1,2
2040,366,1,2
2040,367,1,2
2040,368,1,2
2040,369,1,2
2040,370,1,2
2040,371,1,2
2040,372,1,2
2040,373,1,2
2040,374,1,2
2040,375,1,2
2040,376,1,2
2040,377,1,2
2040,378,1,2
2040,379,1,2
2040,380,1,2
2040,381,1,2
2040,382,1,2
2040,383,1,2
2040,384,1,2
2040,385,1,2
2040,386,1,2
2040,387,1,2
2040,388,1,2
2040,389,1,2
2040,390,1,2
2040,391,1,2
2040,392,1,2
2040,393,1,2
2040,394,1,2
2040,395,1,2
2040,396,1,2
2040,397,1,2
2040,398,1,2
2040,399,1,2
2040,400,1,2
2040,401,1,2
2040,402,1,2
2040,403,1,2
2040,404,1,2
2040,405,1,2
2040,406,1,2
2040,407,1,2
2040,408,1,2
2040,409,1,2
2040,410,1,2
2040,411,1,2
2040,412,1,2
2040,413,1,2
2040,414,1,2
2040,415,1,2
2040,416,1,2
2040,417,1,2
2040,418,1,2
2040,419,1,2
2040,420,1,2
2040,421,1,2
2040,422,1,2
2040,423,1,2
2040,424,1,2
2040,425,1,2
2040,426,1,2
2040,427,1,2
2040,428,1,2
2040,429,1,2
2040,430,1,2
2040,431,1,2
2040,432,1,2
2040,433,1,2
2040,434,1,2
2040,435,1,2
2040,436,1,2
2040,437,1,2
2040,438,1,2
2040,439,1,2
2040,440,1,2
2040,441,1,2
2040,442,1,2
2040,443,1,2
2040,444,1,2
2040,445,1,2
2040,446,1,2
2040,447,1,2
2040,448,1,2
2040,449,1,2
2040,450,1,2
2040,451,1,2
2040,452,1,2
2040,453,1,2
2040,454,1,2
2040,455,1,2
2040,456,1,3
2040,457,1,3
2040,458,1,3
2040,459,1,3
2040,460,1,3
2040,461,1,3
2040,462,1,3
2040,463,1,3
2040,464,1,3
2040,465,1,3
2040,466,1,3
2040,467,1,3
2040,468,1,3
2040,469,1,3
2040,470,1,3
2040,471,1,3
2040,472,1,3
2040,473,1,3
2040,474,1,3
2040,475,1,3
2040,476,1,3
2040,477,1,3
2040,478,1,3
2040,479,1,3
2040,480,1,3
2040,481,1,3
2040,482,1,3
2040,483,1,3
2040,484,1,3
2040,485,1,3
2040,486,1,3
2040,487,1,3
2040,488,1,3
2040,489,1,3
2040,490,1,3
2040,491,1,3
2040,492,1,3
2040,493,1,3
2040,494,1,3
2040,495,1,3
2040,496,1,3
2040,497,1,3
2040,498,1,3
2040,499,1,3
2040,500,1,3
2040,501,1,3
2040,502,1,3
2040,503,1,3
2040,504,1,3
2040,505,1,3
2040,506,1,2
2040,507,1,2
2040,508,1,2
2040,509,1,2
2040,510,1,2
2040,511,1,2
2040,512,1,2
2040,513,1,2
2040,514,1,2
2040,515,1,2
2040,516,1,2
2040,517,1,2
2040,518,1,2
2040,519,1,2
2040,520,1,2
2040,521,1,2
2040,522,1,2
2040,523,1,2
2040,524,1,2
2040,525,1,2
2040,526,1,2
2040,527,1,2
2040,528,1,2
2040,529,1,2
2040,530,1,2
2040,531,1,2
2040,532,1,2
2040,533,1,2
2040,534,1,2
2040,535,1,2
2040,536,1,2
2040,537,1,2
2040,538,1,2
2040,539,1,2
2040,540,1,2
2040,541,1,2
2040,542,1,2
2040,543,1,2
2040,544,1,2
2040,545,1,2
2040,546,1,2
2040,547,1,2
2040,548,1,2
2040,549,1,2
2040,550,1,2
2040,551,1,2
2040,552,1,2
2040,553,1,2
2040,554,1,2
2040,555,1,2
2040,556,1,2
2040,557,1,2
2040,558,1,2
2040,559,1,2
2040,560,1,2
2040,561,1,2
2040,562,1,2
2040,563,1,2
2040,564,1,2
2040,565,1,2
2040,566,1,2
2040,567,1,2
2040,568,1,2
2040,569,1,2
2040,570,1,2
2040,571,1,2
2040,572,1,2
2040,573,1,2
2040,574,1,2
2040,575,1,2
2040,576,1,2
2040,577,1,2
2040,578,1,2
2040,579,1,2
2040,580,1,2
2040,581,1,2
2040,582,1,2
2040,583,1,2
2040,584,1,2
2040,585,1,2
2040,586,1,2
2040,587,1,2
2040,588,1,2
2040,589,1,2
2040,590,1,2
2040,591,1,2
2040,592,1,2
2040,593,1,2
2040,594,1,2
2040,595,1,2
2040,596,1,2
2040,597,1,2
2040,598,1,2
2040,599,1,2
2040,600,1,2
2040,601,1,2
2040,602,1,2
2040,603,1,2
2040,604,1,2
2040,605,1,2
2040,606,1,2
2040,607,1,2
2040,608,1,2
2040,609,1,2
2040,610,1,2
2040,611,1,2
2040,612,1,2
2040,613,1,2
2040,614,1,2
2040,615,1,2
2040,616,1,2
2040,617,1,2
2040,618,1,2
2040,619,1,2
2040,620,1,2
2040,621,1,2
2040,622,1,2
2040,623,1,2
2040,624,1,2
2040,625,1,2
2040,626,1,2
2040,627,1,2
2040,628,1,2
2040,629,1,2
2040,630,1,2
2040,631,1,2
2040,632,1,2
2040,633,1,2
2040,634,1,2
2040,635,1,2
2040,636,1,2
2040,637,1,2
2040,638,1,2
2040,639,1,2
2040,640,1,2
2040,641,1,2
2040,642,1,2
2040,643,1,2
2040,644,1,2
2040,645,1,2
2041,124,1,2
2041,125,1,2
2041,126,1,2
2041,127,1,2
2041,128,1,3
2041,129,1,3
2041,130,1,3
2041,131,1,3
2041,132,1,3
2041,133,1,3
2041,134,1,3
2041,135,1,3
2041,136,1,3
2041,137,1,3
2041,138,1,3
2041,139,1,3
2041,140,1,3
2041,141,1,3
2041,142,1,3
2041,143,1,3
2041,144,1,3
2041,145,1,3
2041,146,1,3
2041,147,1,3
2041,148,1,3
2041,149,1,3
2041,150,1,3
2041,151,1,3
2041,152,1,3
2041,153,1,3
2041,154,1,3
2041,155,1,3
2041,156,1,3
2041,157,1,3
2041,158,1,3
2041,159,1,3
2041,160,1,3
2041,161,1,2
2041,162,1,2
2041,163,1,2
2041,164,1,2
2041,165,1,2
2041,166,1,2
2041,167,1,2
2041,168,1,2
2041,169,1,2
2041,170,1,2
2041,171,1,2
2041,172,1,2
2041,173,1,2
2041,174,1,2
2041,175,1,2
2041,176,1,2
2041,177,1,2
2041,178,1,2
2041,179,1,2
2041,180,1,2
2041,181,1,2
2041,182,1,2
2041,183,1,2
2041,184,1,2
2041,185,1,2
2041,186,1,2
2041,187,1,2
2041,188,1,2
2041,189,1,2
2041,190,1,2
2041,191,1,2
2041,192,1,2
2041,193,1,2
2041,194,1,2
2041,195,1,2
2041,196,1,2
2041,197,1,2
2041,198,1,2
2041,199,1,2
2041,200,1,2
2041,201,1,2
2041,202,1,2
2041,203,1,2
2041,204,1,2
2041,205,1,2
2041,206,1,2
2041,207,1,2
2041,208,1,2
2041,209,1,2
2041,210,1,2
2041,211,1,2
2041,212,1,2
2041,213,1,2
2041,214,1,2
2041,215,1,2
2041,216,1,2
2041,217,1,2
2041,218,1,2
2041,219,1,2
2041,220,1,2
2041,221,1,2
2041,222,1,2
2041,223,1,2
2041,224,1,2
2041,225,1,2
2041,226,1,2
2041,227,1,2
2041,228,1,2
2041,229,1,2
2041,230,1,2
2041,231,1,2
2041,232,1,2
2041,233,1,2
2041,234,1,2
2041,235,1,2
2041,236,1,2
2041,237,1,2
2041,238,1,2
2041,239,1,2
2041,240,1,2
2041,241,1,2
2041,242,1,2
2041,243,1,2
2041,244,1,2
2041,245,1,2
2041,246,1,2
2041,247,1,2
2041,248,1,2
2041,249,1,2
2041,250,1,2
2041,251,1,2
2041,252,1,2
2041,253,1,2
2041,254,1,2
2041,255,1,2
2041,256,1,2
2041,257,1,2
2041,258,1,2
2041,259,1,2
2041,260,1,2
2041,261,1,2
2041,262,1,2
2041,263,1,2
2041,264,1,2
2041,265,1,2
2041,266,1,2
2041,267,1,2
2041,268,1,2
2041,269,1,2
2041,270,1,2
2041,271,1,2
2041,272,1,2
2041,273,1,2
2041,274,1,2
2041,275,1,2
2041,276,1,2
2041,277,1,2
2041,278,1,2
2041,279,1,2
2041,280,1,2
2041,281,1,2
2041,282,1,2
2041,283,1,2
2041,284,1,2
2041,285,1,2
2041,286,1,2
2041,287,1,2
2041,288,1,2
2041,289,1,2
2041,290,1,2
2041,291,1,2
2041,292,1,2
2041,293,1,2
2041,294,1,2
2041,295,1,2
2041,296,1,2
2041,297,1,2
2041,298,1,2
2041,299,1,2
2041,300,1,2
2041,301,1,2
2041,302,1,2
2041,303,1,2
2041,304,1,2
2041,305,1,2
2041,306,1,2
2041,307,1,2
2041,308,1,2
2041,309,1,2
2041,310,1,2
2041,311,1,2
2041,312,1,2
2041,313,1,2
2041,314,1,2
2041,315,1,2
2041,316,1,2
2041,317,1,2
2041,318,1,2
2041,319,1,2
2041,320,1,2
2041,321,1,2
2041,322,1,2
2041,323,1,2
2041,324,1,2
2041,325,1,2
2041,326,1,2
2041,327,1,2
2041,328,1,2
2041,329,1,2
2041,330,1,2
2041,331,1,2
2041,332,1,2
2041,333,1,2
2041,334,1,2
2041,335,1,2
2041,336,1,2
2041,337,1,2
2041,338,1,2
2041,339,1,2
2041,340,1,2
2041,341,1,2
2041,342,1,2
2041,343,1,2
2041,344,1,2
2041,345,1,2
2041,346,1,2
2041,347,1,2
2041,348,1,2
2041,349,1,2
2041,350,1,2
2041,351,1,2
2041,352,1,2
2041,353,1,2
2041,354,1,2
2041,355,1,2
2041,356,1,2
2041,357,1,2
2041,358,1,2
2041,359,1,2
2041,360,1,2
2041,361,1,2
2041,362,1,2
2041,363,1,2
2041,364,1,2
2041,365,1,2
2041,366,1,2
2041,367,1,2
2041,368,1,2
2041,369,1,2
2041,370,1,2
2041,371,1,2
2041,372,1,2
2041,373,1,2
2041,374,1,2
2041,375,1,2
2041,376,1,2
2041,377,1,2
2041,378,1,2
2041,379,1,2
2041,380,1,2
2041,381,1,2
2041,382,1,2
2041,383,1,2
2041,384,1,2
2041,385,1,2
2041,386,1,2
2041,387,1,2
2041,388,1,2
2041,389,1,2
2041,390,1,2
2041,391,1,2
2041,392,1,2
2041,393,1,2
2041,394,1,2
2041,395,1,2
2041,396,1,2
2041,397,1,2
2041,398,1,2
2041,399,1,2
2041,400,1,2
2041,401,1,2
2041,402,1,2
2041,403,1,2
2041,404,1,2
2041,405,1,2
2041,406,1,2
2041,407,1,2
2041,408,1,2
2041,409,1,2
2041,410,1,2
2041,411,1,2
2041,412,1,2
2041,413,1,2
2041,414,1,2
2041,415,1,2
2041,416,1,2
2041,417,1,2
2041,418,1,2
2041,419,1,2
2041,420,1,2
2041,421,1,2
2041,422,1,2
2041,423,1,2
2041,424,1,2
2041,425,1,2
2041,426,1,2
2041,427,1,2
2041,428,1,2
2041,429,1,2
2041,430,1,2
2041,431,1,2
2041,432,1,2
2041,433,1,2
2041,434,1,2
2041,435,1,2
2041,436,1,2
2041,437,1,2
2041,438,1,2
2041,439,1,2
2041,440,1,2
2041,441,1,2
2041,442,1,2
2041,443,1,2
2041,444,1,2
2041,445,1,2
2041,446,1,2
2041,447,1,2
2041,448,1,2
2041,449,1,2
2041,450,1,2
2041,451,1,2
2041,452,1,2
2041,453,1,2
2041,454,1,2
2041,455,1,3
2041,456,1,3
2041,457,1,3
2041,458,1,3
2041,459,1,3
2041,460,1,3
2041,461,1,3
2041,462,1,3
2041,463,1,3
2041,464,1,3
2041,465,1,3
2041,466,1,3
2041,467,1,3
2041,468,1,3
2041,469,1,3
2041,470,1,3
2041,471,1,3
2041,472,1,3
2041,473,1,3
2041,474,1,3
2041,475,1,3
2041,476,1,3
2041,477,1,3
2041,478,1,3
2041,479,1,3
2041,480,1,3
2041,481,1,3
2041,482,1,3
2041,483,1,3
2041,484,1,3
2041,485,1,3
2041,486,1,3
2041,487,1,3
2041,488,1,3
2041,489,1,3
2041,490,1,3
2041,491,1,3
2041,492,1,3
2041,493,1,3
2041,494,1,3
2041,495,1,3
2041,496,1,3
2041,497,1,3
2041,498,1,3
2041,499,1,3
2041,500,1,3
2041,501,1,3
2041,502,1,3
2041,503,1,3
2041,504,1,3
2041,505,1,3
2041,506,1,2
2041,507,1,2
2041,508,1,2
2041,509,1,2
2041,510,1,2
2041,511,1,2
2041,512,1,2
2041,513,1,2
2041,514,1,2
2041,515,1,2
2041,516,1,2
2041,517,1,2
2041,518,1,2
2041,519,1,2
2041,520,1,2
2041,521,1,2
2041,522,1,2
2041,523,1,2
2041,524,1,2
2041,525,1,2
2041,526,1,2
2041,527,1,2
2041,528,1,2
2041,529,1,2
2041,530,1,2
2041,531,1,2
2041,532,1,2
2041,533,1,2
2041,534,1,2
2041,535,1,2
2041,536,1,2
2041,537,1,2
2041,538,1,2
2041,539,1,2
2041,540,1,2
2041,541,1,2
2041,542,1,2
2041,543,1,2
2041,544,1,2
2041,545,1,2
2041,546,1,2
2041,547,1,2
2041,548,1,2
2041,549,1,2
2041,550,1,2
2041,551,1,2
2041,552,1,2
2041,553,1,2
2041,554,1,2
2041,555,1,2
2041,556,1,2
2041,557,1,2
2041,558,1,2
2041,559,1,2
2041,560,1,2
2041,561,1,2
2041,562,1,2
2041,563,1,2
2041,564,1,2
2041,565,1,2
2041,566,1,2
2041,567,1,2
2041,568,1,2
2041,569,1,2
2041,570,1,2
2041,571,1,2
2041,572,1,2
2041,573,1,2
2041,574,1,2
2041,575,1,2
2041,576,1,2
2041,577,1,2
2041,578,1,2
2041,579,1,2
2041,580,1,2
2041,581,1,2
2041,582,1,2
2041,583,1,2
2041,584,1,2
2041,585,1,2
2041,586,1,2
2041,587,1,2
2041,588,1,2
2041,589,1,2
2041,590,1,2
2041,591,1,2
2041,592,1,2
2041,593,1,2
2041,594,1,2
2041,595,1,2
2041,596,1,2
2041,597,1,2
2041,598,1,2
2041,599,1,2
2041,600,1,2
2041,601,1,2
2041,602,1,2
2041,603,1,2
2041,604,1,2
2041,605,1,2
2041,606,1,2
2041,607,1,2
2041,608,1,2
2041,609,1,2
2041,610,1,2
2041,611,1,2
2041,612,1,2
2041,613,1,2
2041,614,1,2
2041,615,1,2
2041,616,1,2
2041,617,1,2
2041,618,1,2
2041,619,1,2
2041,620,1,2
2041,621,1,2
2041,622,1,2
2041,623,1,2
2041,624,1,2
2041,625,1,2
2041,626,1,2
2041,627,1,2
2041,628,1,2
2041,629,1,2
2041,630,1,2
2041,631,1,2
2041,632,1,2
2041,633,1,2
2041,634,1,2
2041,635,1,2
2041,636,1,2
2041,637,1,2
2041,638,1,2
2041,639,1,2
2041,640,1,2
2041,641,1,2
2041,642,1,2
2041,643,1,2
2041,644,1,2
2041,645,1,2
2041,646,1,2
2042,124,1,2
2042,125,1,2
2042,126,1,2
2042,127,1,2
2042,128,1,2
2042,129,1,2
2042,130,1,2
2042,131,1,3
2042,132,1,3
2042,133,1,3
2042,134,1,3
2042,135,1,3
2042,136,1,3
2042,137,1,3
2042,138,1,3
2042,139,1,3
2042,140,1,3
2042,141,1,3
2042,142,1,3
2042,143,1,3
2042,144,1,3
2042,145,1,3
2042,146,1,3
2042,147,1,3
2042,148,1,3
2042,149,1,3
2042,150,1,3
2042,151,1,3
2042,152,1,3
2042,153,1,3
2042,154,1,3
2042,155,1,3
2042,156,1,3
2042,157,1,3
2042,158,1,3
2042,159,1,3
2042,160,1,3
2042,161,1,2
2042,162,1,2
2042,163,1,2
2042,164,1,2
2042,165,1,2
2042,166,1,2
2042,167,1,2
2042,168,1,2
2042,169,1,2
2042,170,1,2
2042,171,1,2
2042,172,1,2
2042,173,1,2
2042,174,1,2
2042,175,1,2
2042,176,1,2
2042,177,1,2
2042,178,1,2
2042,179,1,2
2042,180,1,2
2042,181,1,2
2042,182,1,2
2042,183,1,2
2042,184,1,2
2042,185,1,2
2042,186,1,2
2042,187,1,2
2042,188,1,2
2042,189,1,2
2042,190,1,2
2042,191,1,2
2042,192,1,2
2042,193,1,2
2042,194,1,2
2042,195,1,2
2042,196,1,2
2042,197,1,2
2042,198,1,2
2042,199,1,2
2042,200,1,2
2042,201,1,2
2042,202,1,2
2042,203,1,2
2042,204,1,2
2042,205,1,2
2042,206,1,2
2042,207,1,2
2042,208,1,2
2042,209,1,2
2042,210,1,2
2042,211,1,2
2042,212,1,2
2042,213,1,2
2042,214,1,2
2042,215,1,2
2042,216,1,2
2042,217,1,2
2042,218,1,2
2042,219,1,2
2042,220,1,2
2042,221,1,2
2042,222,1,2
2042,223,1,2
2042,224,1,2
2042,225,1,2
2042,226,1,2
2042,227,1,2
2042,228,1,2
2042,229,1,2
2042,230,1,2
2042,231,1,2
2042,232,1,2
2042,233,1,2
2042,234,1,2
2042,235,1,2
2042,236,1,2
2042,237,1,2
2042,238,1,2
2042,239,1,2
2042,240,1,2
2042,241,1,2
2042,242,1,2
2042,243,1,2
2042,244,1,2
2042,245,1,2
2042,246,1,2
2042,247,1,2
2042,248,1,2
2042,249,1,2
2042,250,1,2
2042,251,1,2
2042,252,1,2
2042,253,1,2
2042,254,1,2
2042,255,1,2
2042,256,1,2
2042,257,1,2
2042,258,1,2
2042,259,1,2
2042,260,1,2
2042,261,1,2
2042,262,1,2
2042,263,1,2
2042,264,1,2
2042,265,1,2
2042,266,1,2
2042,267,1,2
2042,268,1,2
2042,269,1,2
2042,270,1,2
2042,271,1,2
2042,272,1,2
2042,273,1,2
2042,274,1,2
2042,275,1,2
2042,276,1,2
2042,277,1,2
2042,278,1,2
2042,279,1,2
2042,280,1,2
2042,281,1,2
2042,282,1,2
2042,283,1,2
2042,284,1,2
2042,285,1,2
2042,286,1,2
2042,287,1,2
2042,288,1,2
2042,289,1,2
2042,290,1,2
2042,291,1,2
2042,292,1,2
2042,293,1,2
2042,294,1,2
2042,295,1,2
2042,296,1,2
2042,297,1,2
2042,298,1,2
2042,299,1,2
2042,300,1,2
2042,301,1,2
2042,302,1,2
2042,303,1,2
2042,304,1,2
2042,305,1,2
2042,306,1,2
2042,307,1,2
2042,308,1,2
2042,309,1,2
2042,310,1,2
2042,311,1,2
2042,312,1,2
2042,313,1,2
2042,314,1,2
2042,315,1,2
2042,316,1,2
2042,317,1,2
2042,318,1,2
2042,319,1,2
2042,320,1,2
2042,321,1,2
2042,322,1,2
2042,323,1,2
2042,324,1,2
2042,325,1,2
2042,326,1,2
2042,327,1,2
2042,328,1,2
2042,329,1,2
2042,330,1,2
2042,331,1,2
2042,332,1,2
2042,333,1,2
2042,334,1,2
2042,335,1,2
2042,336,1,2
2042,337,1,2
2042,338,1,2
2042,339,1,2
2042,340,1,2
2042,341,1,2
2042,342,1,2
2042,343,1,2
2042,344,1,2
2042,345,1,2
2042,346,1,2
2042,347,1,2
2042,348,1,2
2042,349,1,2
2042,350,1,2
2042,351,1,2
2042,352,1,2
2042,353,1,2
2042,354,1,2
2042,355,1,2
2042,356,1,2
2042,357,1,2
2042,358,1,2
2042,359,1,2
2042,360,1,2
2042,361,1,2
2042,362,1,2
2042,363,1,2
2042,364,1,2
2042,365,1,2
2042,366,1,2
2042,367,1,2
2042,368,1,2
2042,369,1,2
2042,370,1,2
2042,371,1,2
2042,372,1,2
2042,373,1,2
2042,374,1,2
2042,375,1,2
2042,376,1,2
2042,377,1,2
2042,378,1,2
2042,379,1,2
2042,380,1,2
2042,381,1,2
2042,382,1,2
2042,383,1,2
2042,384,1,2
2042,385,1,2
2042,386,1,2
2042,387,1,2
2042,388,1,2
2042,389,1,2
2042,390,1,2
2042,391,1,2
2042,392,1,2
2042,393,1,2
2042,394,1,2
2042,395,1,2
2042,396,1,2
2042,397,1,2
2042,398,1,2
2042,399,1,2
2042,400,1,2
2042,401,1,2
2042,402,1,2
2042,403,1,2
2042,404,1,2
2042,405,1,2
2042,406,1,2
2042,407,1,2
2042,408,1,2
2042,409,1,2
2042,410,1,2
2042,411,1,2
2042,412,1,2
2042,413,1,2
2042,414,1,2
2042,415,1,2
2042,416,1,2
2042,417,1,2
2042,418,1,2
2042,419,1,2
2042,420,1,2
2042,421,1,2
2042,422,1,2
2042,423,1,2
2042,424,1,2
2042,425,1,2
2042,426,1,2
2042,427,1,2
2042,428,1,2
2042,429,1,2
2042,430,1,2
2042,431,1,2
2042,432,1,2
2042,433,1,2
2042,434,1,2
2042,435,1,2
2042,436,1,2
2042,437,1,2
2042,438,1,2
2042,439,1,2
2042,440,1,2
2042,441,1,2
2042,442,1,2
2042,443,1,2
2042,444,1,2
2042,445,1,2
2042,446,1,2
2042,447,1,2
2042,448,1,2
2042,449,1,2
2042,450,1,2
2042,451,1,2
2042,452,1,2
2042,453,1,2
2042,454,1,2
2042,455,1,2
2042,456,1,3
2042,457,1,3
2042,458,1,3
2042,459,1,3
2042,460,1,3
2042,461,1,3
2042,462,1,3
2042,463,1,3
2042,464,1,3
2042,465,1,3
2042,466,1,3
2042,467,1,3
2042,468,1,3
2042,469,1,3
2042,470,1,3
2042,471,1,3
2042,472,1,3
2042,473,1,3
2042,474,1,3
2042,475,1,3
2042,476,1,3
2042,477,1,3
2042,478,1,3
2042,479,1,3
2042,480,1,3
2042,481,1,3
2042,482,1,3
2042,483,1,3
2042,484,1,3
2042,485,1,3
2042,486,1,3
2042,487,1,3
2042,488,1,3
2042,489,1,3
2042,490,1,3
2042,491,1,3
2042,492,1,3
2042,493,1,3
2042,494,1,3
2042,495,1,3
2042,496,1,3
2042,497,1,3
2042,498,1,3
2042,499,1,3
2042,500,1,3
2042,501,1,3
2042,502,1,3
2042,503,1,3
2042,504,1,3
2042,505,1,3
2042,506,1,2
2042,507,1,2
2042,508,1,2
2042,509,1,2
2042,510,1,2
2042,511,1,2
2042,512,1,2
2042,513,1,2
2042,514,1,2
2042,515,1,2
2042,516,1,2
2042,517,1,2
2042,518,1,2
2042,519,1,2
2042,520,1,2
2042,521,1,2
2042,522,1,2
2042,523,1,2
2042,524,1,2
2042,525,1,2
2042,526,1,2
2042,527,1,2
2042,528,1,2
2042,529,1,2
2042,530,1,2
2042,531,1,2
2042,532,1,2
2042,533,1,2
2042,534,1,2
2042,535,1,2
2042,536,1,2
2042,537,1,2
2042,538,1,2
2042,539,1,2
2042,540,1,2
2042,541,1,2
2042,542,1,2
2042,543,1,2
2042,544,1,2
2042,545,1,2
2042,546,1,2
2042,547,1,2
2042,548,1,2
2042,549,1,2
2042,550,1,2
2042,551,1,2
2042,552,1,2
2042,553,1,2
2042,554,1,2
2042,555,1,2
2042,556,1,2
2042,557,1,2
2042,558,1,2
2042,559,1,2
2042,560,1,2
2042,561,1,2
2042,562,1,2
2042,563,1,2
2042,564,1,2
2042,565,1,2
2042,566,1,2
2042,567,1,2
2042,568,1,2
2042,569,1,2
2042,570,1,2
2042,571,1,2
2042,572,1,2
2042,573,1,2
2042,574,1,2
2042,575,1,2
2042,576,1,2
2042,577,1,2
2042,578,1,2
2042,579,1,2
2042,580,1,2
2042,581,1,2
2042,582,1,2
2042,583,1,2
2042,584,1,2
2042,585,1,2
2042,586,1,2
2042,587,1,2
2042,588,1,2
2042,589,1,2
2042,590,1,2
2042,591,1,2
2042,592,1,2
2042,593,1,2
2042,594,1,2
2042,595,1,2
2042,596,1,2
2042,597,1,2
2042,598,1,2
2042,599,1,2
2042,600,1,2
2042,601,1,2
2042,602,1,2
2042,603,1,2
2042,604,1,2
2042,605,1,2
2042,606,1,2
2042,607,1,2
2042,608,1,2
2042,609,1,2
2042,610,1,2
2042,611,1,2
2042,612,1,2
2042,613,1,2
2042,614,1,2
2042,615,1,2
2042,616,1,2
2042,617,1,2
2042,618,1,2
2042,619,1,2
2042,620,1,2
2042,621,1,2
2042,622,1,2
2042,623,1,2
2042,624,1,2
2042,625,1,2
2042,626,1,2
2042,627,1,2
2042,628,1,2
2042,629,1,2
2042,630,1,2
2042,631,1,2
2042,632,1,2
2042,633,1,2
2042,634,1,2
2042,635,1,2
2042,636,1,2
2042,637,1,2
2042,638,1,2
2042,639,1,2
2042,640,1,2
2042,641,1,2
2042,642,1,2
2042,643,1,2
2042,644,1,2
2042,645,1,2
2042,646,1,2
2043,125,1,2
2043,126,1,2
2043,127,1,2
2043,128,1,2
2043,129,1,2
2043,130,1,2
2043,131,1,2
2043,132,1,3
2043,133,1,3
2043,134,1,3
2043,135,1,3
2043,136,1,3
2043,137,1,3
2043,138,1,3
2043,139,1,3
2043,140,1,3
2043,141,1,3
2043,142,1,3
2043,143,1,3
2043,144,1,3
2043,145,1,3
2043,146,1,3
2043,147,1,3
2043,148,1,3
2043,149,1,3
2043,150,1,3
2043,151,1,3
2043,152,1,3
2043,153,1,3
2043,154,1,3
2043,155,1,3
2043,156,1,3
2043,157,1,3
2043,158,1,3
2043,159,1,3
2043,160,1,2
2043,161,1,2
2043,162,1,2
2043,163,1,2
2043,164,1,2
2043,165,1,2
2043,166,1,2
2043,167,1,2
2043,168,1,2
2043,169,1,2
2043,170,1,2
2043,171,1,2
2043,172,1,2
2043,173,1,2
2043,174,1,2
2043,175,1,2
2043,176,1,2
2043,177,1,2
2043,178,1,2
2043,179,1,2
2043,180,1,2
2043,181,1,2
2043,182,1,2
2043,183,1,2
2043,184,1,2
2043,185,1,2
2043,186,1,2
2043,187,1,2
2043,188,1,2
2043,189,1,2
2043,190,1,2
2043,191,1,2
2043,192,1,2
2043,193,1,2
2043,194,1,2
2043,195,1,2
2043,196,1,2
2043,197,1,2
2043,198,1,2
2043,199,1,2
2043,200,1,2
2043,201,1,2
2043,202,1,2
2043,203,1,2
2043,204,1,2
2043,205,1,2
2043,206,1,2
2043,207,1,2
2043,208,1,2
2043,209,1,2
2043,210,1,2
2043,211,1,2
2043,212,1,2
2043,213,1,2
2043,214,1,2
2043,215,1,2
2043,216,1,2
2043,217,1,2
2043,218,1,2
2043,219,1,2
2043,220,1,2
2043,221,1,2
2043,222,1,2
2043,223,1,2
2043,224,1,2
2043,225,1,2
2043,226,1,2
2043,227,1,2
2043,228,1,2
2043,229,1,2
2043,230,1,2
2043,231,1,2
2043,232,1,2
2043,233,1,2
2043,234,1,2
2043,235,1,2
2043,236,1,2
2043,237,1,2
2043,238,1,2
2043,239,1,2
2043,240,1,2
2043,241,1,2
2043,242,1,2
2043,243,1,2
2043,244,1,2
2043,245,1,2
2043,246,1,2
2043,247,1,2
2043,248,1,2
2043,249,1,2
2043,250,1,2
2043,251,1,2
2043,252,1,2
2043,253,1,2
2043,254,1,2
2043,255,1,2
2043,256,1,2
2043,257,1,2
2043,258,1,2
2043,259,1,2
2043,260,1,2
2043,261,1,2
2043,262,1,2
2043,263,1,2
2043,264,1,2
2043,265,1,2
2043,266,1,2
2043,267,1,2
2043,268,1,2
2043,269,1,2
2043,270,1,2
2043,271,1,2
2043,272,1,2
2043,273,1,2
2043,274,1,2
2043,275,1,2
2043,276,1,2
2043,277,1,2
2043,278,1,2
2043,279,1,2
2043,280,1,2
2043,281,1,2
2043,282,1,2
2043,283,1,2
2043,284,1,2
2043,285,1,2
2043,286,1,2
2043,287,1,2
2043,288,1,2
2043,289,1,2
2043,290,1,2
2043,291,1,2
2043,292,1,2
2043,293,1,2
2043,294,1,2
2043,295,1,2
2043,296,1,2
2043,297,1,2
2043,298,1,2
2043,299,1,2
2043,300,1,2
2043,301,1,2
2043,302,1,2
2043,303,1,2
2043,304,1,2
2043,305,1,2
2043,306,1,2
2043,307,1,2
2043,308,1,2
2043,309,1,2
2043,310,1,2
2043,311,1,2
2043,312,1,2
2043,313,1,2
2043,314,1,2
2043,315,1,2
2043,316,1,2
2043,317,1,2
2043,318,1,2
2043,319,1,2
2043,320,1,2
2043,321,1,2
2043,322,1,2
2043,323,1,2
2043,324,1,2
2043,325,1,2
2043,326,1,2
2043,327,1,2
2043,328,1,2
2043,329,1,2
2043,330,1,2
2043,331,1,2
2043,332,1,2
2043,333,1,2
2043,334,1,2
2043,335,1,2
2043,336,1,2
2043,337,1,2
2043,338,1,2
2043,339,1,2
2043,340,1,2
2043,341,1,2
2043,342,1,2
2043,343,1,2
2043,344,1,2
2043,345,1,2
2043,346,1,2
2043,347,1,2
2043,348,1,2
2043,349,1,2
2043,350,1,2
2043,351,1,2
2043,352,1,2
2043,353,1,2
2043,354,1,2
2043,355,1,2
2043,356,1,2
2043,357,1,2
2043,358,1,2
2043,359,1,2
2043,360,1,2
2043,361,1,2
2043,362,1,2
2043,363,1,2
2043,364,1,2
2043,365,1,2
2043,366,1,2
2043,367,1,2
2043,368,1,2
2043,369,1,2
2043,370,1,2
2043,371,1,2
2043,372,1,2
2043,373,1,2
2043,374,1,2
2043,375,1,2
2043,376,1,2
2043,377,1,2
2043,378,1,2
2043,379,1,2
2043,380,1,2
2043,381,1,2
2043,382,1,2
2043,383,1,2
2043,384,1,2
2043,385,1,2
2043,386,1,2
2043,387,1,2
2043,388,1,2
2043,389,1,2
2043,390,1,2
2043,391,1,2
2043,392,1,2
2043,393,1,2
2043,394,1,2
2043,395,1,2
2043,396,1,2
2043,397,1,2
2043,398,1,2
2043,399,1,2
2043,400,1,2
2043,401,1,2
2043,402,1,2
2043,403,1,2
2043,404,1,2
2043,405,1,2
2043,406,1,2
2043,407,1,2
2043,408,1,2
2043,409,1,2
2043,410,1,2
2043,411,1,2
2043,412,1,2
2043,413,1,2
2043,414,1,2
2043,415,1,2
2043,416,1,2
2043,417,1,2
2043,418,1,2
2043,419,1,2
2043,420,1,2
2043,421,1,2
2043,422,1,2
2043,423,1,2
2043,424,1,2
2043,425,1,2
2043,426,1,2
2043,427,1,2
2043,428,1,2
2043,429,1,2
2043,430,1,2
2043,431,1,2
2043,432,1,2
2043,433,1,2
2043,434,1,2
2043,435,1,2
2043,436,1,2
2043,437,1,2
2043,438,1,2
2043,439,1,2
2043,440,1,2
2043,441,1,2
2043,442,1,2
2043,443,1,2
2043,444,1,2
2043,445,1,2
2043,446,1,2
2043,447,1,2
2043,448,1,2
2043,449,1,2
2043,450,1,2
2043,451,1,2
2043,452,1,2
2043,453,1,2
2043,454,1,2
2043,455,1,2
2043,456,1,3
2043,457,1,3
2043,458,1,3
2043,459,1,3
2043,460,1,3
2043,461,1,3
2043,462,1,3
2043,463,1,3
2043,464,1,3
2043,465,1,3
2043,466,1,3
2043,467,1,3
2043,468,1,3
2043,469,1,3
2043,470,1,3
2043,471,1,3
2043,472,1,3
2043,473,1,3
2043,474,1,3
2043,475,1,3
2043,476,1,3
2043,477,1,3
2043,478,1,3
2043,479,1,3
2043,480,1,3
2043,481,1,3
2043,482,1,3
2043,483,1,3
2043,484,1,3
2043,485,1,3
2043,486,1,3
2043,487,1,3
2043,488,1,3
2043,489,1,3
2043,490,1,3
2043,491,1,3
2043,492,1,3
2043,493,1,3
2043,494,1,3
2043,495,1,3
2043,496,1,3
2043,497,1,3
2043,498,1,3
2043,499,1,3
2043,500,1,3
2043,501,1,3
2043,502,1,3
2043,503,1,3
2043,504,1,3
2043,505,1,2
2043,506,1,2
2043,507,1,2
2043,508,1,2
2043,509,1,2
2043,510,1,2
2043,511,1,2
2043,512,1,2
2043,513,1,2
2043,514,1,2
2043,515,1,2
2043,516,1,2
2043,517,1,2
2043,518,1,2
2043,519,1,2
2043,520,1,2
2043,521,1,2
2043,522,1,2
2043,523,1,2
2043,524,1,2
2043,525,1,2
2043,526,1,2
2043,527,1,2
2043,528,1,2
2043,529,1,2
2043,530,1,2
2043,531,1,2
2043,532,1,2
2043,533,1,2
2043,534,1,2
2043,535,1,2
2043,536,1,2
2043,537,1,2
2043,538,1,2
2043,539,1,2
2043,540,1,2
2043,541,1,2
2043,542,1,2
2043,543,1,2
2043,544,1,2
2043,545,1,2
2043,546,1,2
2043,547,1,2
2043,548,1,2
2043,549,1,2
2043,550,1,2
2043,551,1,2
2043,552,1,2
2043,553,1,2
2043,554,1,2
2043,555,1,2
2043,556,1,2
2043,557,1,2
2043,558,1,2
2043,559,1,2
2043,560,1,2
2043,561,1,2
2043,562,1,2
2043,563,1,2
2043,564,1,2
2043,565,1,2
2043,566,1,2
2043,567,1,2
2043,568,1,2
2043,569,1,2
2043,570,1,2
2043,571,1,2
2043,572,1,2
2043,573,1,2
2043,574,1,2
2043,575,1,2
2043,576,1,2
2043,577,1,2
2043,578,1,2
2043,579,1,2
2043,580,1,2
2043,581,1,2
2043,582,1,2
2043,583,1,2
2043,584,1,2
2043,585,1,2
2043,586,1,2
2043,587,1,2
2043,588,1,2
2043,589,1,2
2043,590,1,2
2043,591,1,2
2043,592,1,2
2043,593,1,2
2043,594,1,2
2043,595,1,2
2043,596,1,2
2043,597,1,2
2043,598,1,2
2043,599,1,2
2043,600,1,2
2043,601,1,2
2043,602,1,2
2043,603,1,2
2043,604,1,2
2043,605,1,2
2043,606,1,2
2043,607,1,2
2043,608,1,2
2043,609,1,2
2043,610,1,2
2043,611,1,2
2043,612,1,2
2043,613,1,2
2043,614,1,2
2043,615,1,2
2043,616,1,2
2043,617,1,2
2043,618,1,2
2043,619,1,2
2043,620,1,2
2043,621,1,2
2043,622,1,2
2043,623,1,2
2043,624,1,2
2043,625,1,2
2043,626,1,2
2043,627,1,2
2043,628,1,2
2043,629,1,2
2043,630,1,2
2043,631,1,2
2043,632,1,2
2043,633,1,2
2043,634,1,2
2043,635,1,2
2043,636,1,2
2043,637,1,2
2043,638,1,2
2043,639,1,2
2043,640,1,2
2043,641,1,2
2043,642,1,2
2043,643,1,2
2043,644,1,2
2043,645,1,2
2043,646,1,2
2044,125,1,2
2044,126,1,2
2044,127,1,2
2044,128,1,2
2044,129,1,2
2044,130,1,2
2044,131,1,2
2044,132,1,3
2044,133,1,3
2044,134,1,3
2044,135,1,3
2044,136,1,3
2044,137,1,3
2044,138,1,3
2044,139,1,3
2044,140,1,3
2044,141,1,3
2044,142,1,3
2044,143,1,3
2044,144,1,3
2044,145,1,3
2044,146,1,3
2044,147,1,3
2044,148,1,3
2044,149,1,3
2044,150,1,3
2044,151,1,3
2044,152,1,3
2044,153,1,3
2044,154,1,3
2044,155,1,3
2044,156,1,3
2044,157,1,3
2044,158,1,3
2044,159,1,2
2044,160,1,2
2044,161,1,2
2044,162,1,2
2044,163,1,2
2044,164,1,2
2044,165,1,2
2044,166,1,2
2044,167,1,2
2044,168,1,2
2044,169,1,2
2044,170,1,2
2044,171,1,2
2044,172,1,2
2044,173,1,2
2044,174,1,2
2044,175,1,2
2044,176,1,2
2044,177,1,2
2044,178,1,2
2044,179,1,2
2044,180,1,2
2044,181,1,2
2044,182,1,2
2044,183,1,2
2044,184,1,2
2044,185,1,2
2044,186,1,2
2044,187,1,2
2044,188,1,2
2044,189,1,2
2044,190,1,2
2044,191,1,2
2044,192,1,2
2044,193,1,2
2044,194,1,2
2044,195,1,2
2044,196,1,2
2044,197,1,2
2044,198,1,2
2044,199,1,2
2044,200,1,2
2044,201,1,2
2044,202,1,2
2044,203,1,2
2044,204,1,2
2044,205,1,2
2044,206,1,2
2044,207,1,2
2044,208,1,2
2044,209,1,2
2044,210,1,2
2044,211,1,2
2044,212,1,2
2044,213,1,2
2044,214,1,2
2044,215,1,2
2044,216,1,2
2044,217,1,2
2044,218,1,2
2044,219,1,2
2044,220,1,2
2044,221,1,2
2044,222,1,2
2044,223,1,2
2044,224,1,2
2044,225,1,2
2044,226,1,2
2044,227,1,2
2044,228,1,2
2044,229,1,2
2044,230,1,2
2044,231,1,2
2044,232,1,2
2044,233,1,2
2044,234,1,2
2044,235,1,2
2044,236,1,2
2044,237,1,2
2044,238,1,2
2044,239,1,2
2044,240,1,2
2044,241,1,2
2044,242,1,2
2044,243,1,2
2044,244,1,2
2044,245,1,2
2044,246,1,2
2044,247,1,2
2044,248,1,2
2044,249,1,2
2044,250,1,2
2044,251,1,2
2044,252,1,2
2044,253,1,2
2044,254,1,2
2044,255,1,2
2044,256,1,2
2044,257,1,2
2044,258,1,2
2044,259,1,2
2044,260,1,2
2044,261,1,2
2044,262,1,2
2044,263,1,2
2044,264,1,2
2044,265,1,2
2044,266,1,2
2044,267,1,2
2044,268,1,2
2044,269,1,2
2044,270,1,2
2044,271,1,2
2044,272,1,2
2044,273,1,2
2044,274,1,2
2044,275,1,2
2044,276,1,2
2044,277,1,2
2044,278,1,2
2044,279,1,2
2044,280,1,2
2044,281,1,2
2044,282,1,2
2044,283,1,2
2044,284,1,2
2044,285,1,2
2044,286,1,2
2044,287,1,2
2044,288,1,2
2044,289,1,2
2044,290,1,2
2044,291,1,2
2044,292,1,2
2044,293,1,2
2044,294,1,2
2044,295,1,2
2044,296,1,2
2044,297,1,2
2044,298,1,2
2044,299,1,2
2044,300,1,2
2044,301,1,2
2044,302,1,2
2044,303,1,2
2044,304,1,2
2044,305,1,2
2044,306,1,2
2044,307,1,2
2044,308,1,2
2044,309,1,2
2044,310,1,2
2044,311,1,2
2044,312,1,2
2044,313,1,2
2044,314,1,2
2044,315,1,2
2044,316,1,2
2044,317,1,2
2044,318,1,2
2044,319,1,2
2044,320,1,2
2044,321,1,2
2044,322,1,2
2044,323,1,2
2044,324,1,2
2044,325,1,2
2044,326,1,2
2044,327,1,2
2044,328,1,2
2044,329,1,2
2044,330,1,2
2044,331,1,2
2044,332,1,2
2044,333,1,2
2044,334,1,2
2044,335,1,2
2044,336,1,2
2044,337,1,2
2044,338,1,2
2044,339,1,2
2044,340,1,2
2044,341,1,2
2044,342,1,2
2044,343,1,2
2044,344,1,2
2044,345,1,2
2044,346,1,2
2044,347,1,2
2044,348,1,2
2044,349,1,2
2044,350,1,2
2044,351,1,2
2044,352,1,2
2044,353,1,2
2044,354,1,2
2044,355,1,2
2044,356,1,2
2044,357,1,2
2044,358,1,2
2044,359,1,2
2044,360,1,2
2044,361,1,2
2044,362,1,2
2044,363,1,2
2044,364,1,2
2044,365,1,2
2044,366,1,2
2044,367,1,2
2044,368,1,2
2044,369,1,2
2044,370,1,2
2044,371,1,2
2044,372,1,2
2044,373,1,2
2044,374,1,2
2044,375,1,2
2044,376,1,2
2044,377,1,2
2044,378,1,2
2044,379,1,2
2044,380,1,2
2044,381,1,2
2044,382,1,2
2044,383,1,2
2044,384,1,2
2044,385,1,2
2044,386,1,2
2044,387,1,2
2044,388,1,2
2044,389,1,2
2044,390,1,2
2044,391,1,2
2044,392,1,2
2044,393,1,2
2044,394,1,2
2044,395,1,2
2044,396,1,2
2044,397,1,2
2044,398,1,2
2044,399,1,2
2044,400,1,2
2044,401,1,2
2044,402,1,2
2044,403,1,2
2044,404,1,2
2044,405,1,2
2044,406,1,2
2044,407,1,2
2044,408,1,2
2044,409,1,2
2044,410,1,2
2044,411,1,2
2044,412,1,2
2044,413,1,2
2044,414,1,2
2044,415,1,2
2044,416,1,2
2044,417,1,2
2044,418,1,2
2044,419,1,2
2044,420,1,2
2044,421,1,2
2044,422,1,2
2044,423,1,2
2044,424,1,2
2044,425,1,2
2044,426,1,2
2044,427,1,2
2044,428,1,2
2044,429,1,2
2044,430,1,2
2044,431,1,2
2044,432,1,2
2044,433,1,2
2044,434,1,2
2044,435,1,2
2044,436,1,2
2044,437,1,2
2044,438,1,2
2044,439,1,2
2044,440,1,2
2044,441,1,2
2044,442,1,2
2044,443,1,2
2044,444,1,2
2044,445,1,2
2044,446,1,2
2044,447,1,2
2044,448,1,2
2044,449,1,2
2044,450,1,2
2044,451,1,2
2044,452,1,2
2044,453,1,2
2044,454,1,2
2044,455,1,2
2044,456,1,3
2044,457,1,3
2044,458,1,3
2044,459,1,3
2044,460,1,3
2044,461,1,3
2044,462,1,3
2044,463,1,3
2044,464,1,3
2044,465,1,3
2044,466,1,3
2044,467,1,3
2044,468,1,3
2044,469,1,3
2044,470,1,3
2044,471,1,3
2044,472,1,3
2044,473,1,3
2044,474,1,3
2044,475,1,3
2044,476,1,3
2044,477,1,3
2044,478,1,3
2044,479,1,3
2044,480,1,3
2044,481,1,3
2044,482,1,3
2044,483,1,3
2044,484,1,3
2044,485,1,3
2044,486,1,3
2044,487,1,3
2044,488,1,3
2044,489,1,3
2044,490,1,3
2044,491,1,3
2044,492,1,3
2044,493,1,3
2044,494,1,3
2044,495,1,3
2044,496,1,3
2044,497,1,3
2044,498,1,3
2044,499,1,3
2044,500,1,3
2044,501,1,3
2044,502,1,3
2044,503,1,3
2044,504,1,3
2044,505,1,2
2044,506,1,2
2044,507,1,2
2044,508,1,2
2044,509,1,2
2044,510,1,2
2044,511,1,2
2044,512,1,2
2044,513,1,2
2044,514,1,2
2044,515,1,2
2044,516,1,2
2044,517,1,2
2044,518,1,2
2044,519,1,2
2044,520,1,2
2044,521,1,2
2044,522,1,2
2044,523,1,2
2044,524,1,2
2044,525,1,2
2044,526,1,2
2044,527,1,2
2044,528,1,2
2044,529,1,2
2044,530,1,2
2044,531,1,2
2044,532,1,2
2044,533,1,2
2044,534,1,2
2044,535,1,2
2044,536,1,2
2044,537,1,2
2044,538,1,2
2044,539,1,2
2044,540,1,2
2044,541,1,2
2044,542,1,2
2044,543,1,2
2044,544,1,2
2044,545,1,2
2044,546,1,2
2044,547,1,2
2044,548,1,2
2044,549,1,2
2044,550,1,2
2044,551,1,2
2044,552,1,2
2044,553,1,2
2044,554,1,2
2044,555,1,2
2044,556,1,2
2044,557,1,2
2044,558,1,2
2044,559,1,2
2044,560,1,2
2044,561,1,2
2044,562,1,2
2044,563,1,2
2044,564,1,2
2044,565,1,2
2044,566,1,2
2044,567,1,2
2044,568,1,2
2044,569,1,2
2044,570,1,2
2044,571,1,2
2044,572,1,2
2044,573,1,2
2044,574,1,2
2044,575,1,2
2044,576,1,2
2044,577,1,2
2044,578,1,2
2044,579,1,2
2044,580,1,2
2044,581,1,2
2044,582,1,2
2044,583,1,2
2044,584,1,2
2044,585,1,2
2044,586,1,2
2044,587,1,2
2044,588,1,2
2044,589,1,2
2044,590,1,2
2044,591,1,2
2044,592,1,2
2044,593,1,2
2044,594,1,2
2044,595,1,2
2044,596,1,2
2044,597,1,2
2044,598,1,2
2044,599,1,2
2044,600,1,2
2044,601,1,2
2044,602,1,2
2044,603,1,2
2044,604,1,2
2044,605,1,2
2044,606,1,2
2044,607,1,2
2044,608,1,2
2044,609,1,2
2044,610,1,2
2044,611,1,2
2044,612,1,2
2044,613,1,2
2044,614,1,2
2044,615,1,2
2044,616,1,2
2044,617,1,2
2044,618,1,2
2044,619,1,2
2044,620,1,2
2044,621,1,2
2044,622,1,2
2044,623,1,2
2044,624,1,2
2044,625,1,2
2044,626,1,2
2044,627,1,2
2044,628,1,2
2044,629,1,2
2044,630,1,2
2044,631,1,2
2044,632,1,2
2044,633,1,2
2044,634,1,2
2044,635,1,2
2044,636,1,2
2044,637,1,2
2044,638,1,2
2044,639,1,2
2044,640,1,2
2044,641,1,2
2044,642,1,2
2044,643,1,2
2044,644,1,2
2044,645,1,2
2044,646,1,2
2045,125,1,2
2045,126,1,2
2045,127,1,2
2045,128,1,2
2045,129,1,2
2045,130,1,2
2045,131,1,3
2045,132,1,3
2045,133,1,3
2045,134,1,3
2045,135,1,3
2045,136,1,3
2045,137,1,3
2045,138,1,3
2045,139,1,3
2045,140,1,3
2045,141,1,3
2045,142,1,3
2045,143,1,3
2045,144,1,3
2045,145,1,3
2045,146,1,3
2045,147,1,3
2045,148,1,3
2045,149,1,3
2045,150,1,3
2045,151,1,3
2045,152,1,3
2045,153,1,3
2045,154,1,3
2045,155,1,3
2045,156,1,3
2045,157,1,2
2045,158,1,2
2045,159,1,2
2045,160,1,2
2045,161,1,2
2045,162,1,2
2045,163,1,2
2045,164,1,2
2045,165,1,2
2045,166,1,2
2045,167,1,2
2045,168,1,2
2045,169,1,2
2045,170,1,2
2045,171,1,2
2045,172,1,2
2045,173,1,2
2045,174,1,2
2045,175,1,2
2045,176,1,2
2045,177,1,2
2045,178,1,2
2045,179,1,2
2045,180,1,2
2045,181,1,2
2045,182,1,2
2045,183,1,2
2045,184,1,2
2045,185,1,2
2045,186,1,2
2045,187,1,2
2045,188,1,2
2045,189,1,2
2045,190,1,2
2045,191,1,2
2045,192,1,2
2045,193,1,2
2045,194,1,2
2045,195,1,2
2045,196,1,2
2045,197,1,2
2045,198,1,2
2045,199,1,2
2045,200,1,2
2045,201,1,2
2045,202,1,2
2045,203,1,2
2045,204,1,2
2045,205,1,2
2045,206,1,2
2045,207,1,2
2045,208,1,2
2045,209,1,2
2045,210,1,2
2045,211,1,2
2045,212,1,2
2045,213,1,2
2045,214,1,2
2045,215,1,2
2045,216,1,2
2045,217,1,2
2045,218,1,2
2045,219,1,2
2045,220,1,2
2045,221,1,2
2045,222,1,2
2045,223,1,2
2045,224,1,2
2045,225,1,2
2045,226,1,2
2045,227,1,2
2045,228,1,2
2045,229,1,2
2045,230,1,2
2045,231,1,2
2045,232,1,2
2045,233,1,2
2045,234,1,2
2045,235,1,2
2045,236,1,2
2045,237,1,2
2045,238,1,2
2045,239,1,2
2045,240,1,2
2045,241,1,2
2045,242,1,2
2045,243,1,2
2045,244,1,2
2045,245,1,2
2045,246,1,2
2045,247,1,2
2045,248,1,2
2045,249,1,2
2045,250,1,2
2045,251,1,2
2045,252,1,2
2045,253,1,2
2045,254,1,2
2045,255,1,2
2045,256,1,2
2045,257,1,2
2045,258,1,2
2045,259,1,2
2045,260,1,2
2045,261,1,2
2045,262,1,2
2045,263,1,2
2045,264,1,2
2045,265,1,2
2045,266,1,2
2045,267,1,2
2045,268,1,2
2045,269,1,2
2045,270,1,2
2045,271,1,2
2045,272,1,2
2045,273,1,2
2045,274,1,2
2045,275,1,2
2045,276,1,2
2045,277,1,2
2045,278,1,2
2045,279,1,2
2045,280,1,2
2045,281,1,2
2045,282,1,2
2045,283,1,2
2045,284,1,2
2045,285,1,2
2045,286,1,2
2045,287,1,2
2045,288,1,2
2045,289,1,2
2045,290,1,2
2045,291,1,2
2045,292,1,2
2045,293,1,2
2045,294,1,2
2045,295,1,2
2045,296,1,2
2045,297,1,2
2045,298,1,2
2045,299,1,2
2045,300,1,2
2045,301,1,2
2045,302,1,2
2045,303,1,2
2045,304,1,2
2045,305,1,2
2045,306,1,2
2045,307,1,2
2045,308,1,2
2045,309,1,2
2045,310,1,2
2045,311,1,2
2045,312,1,2
2045,313,1,2
2045,314,1,2
2045,315,1,2
2045,316,1,2
2045,317,1,2
2045,318,1,2
2045,319,1,2
2045,320,1,2
2045,321,1,2
2045,322,1,2
2045,323,1,2
2045,324,1,2
2045,325,1,2
2045,326,1,2
2045,327,1,2
2045,328,1,2
2045,329,1,2
2045,330,1,2
2045,331,1,2
2045,332,1,2
2045,333,1,2
2045,334,1,2
2045,335,1,2
2045,336,1,2
2045,337,1,2
2045,338,1,2
2045,339,1,2
2045,340,1,2
2045,341,1,2
2045,342,1,2
2045,343,1,2
2045,344,1,2
2045,345,1,2
2045,346,1,2
2045,347,1,2
2045,348,1,2
2045,349,1,2
2045,350,1,2
2045,351,1,2
2045,352,1,2
2045,353,1,2
2045,354,1,2
2045,355,1,2
2045,356,1,2
2045,357,1,2
2045,358,1,2
2045,359,1,2
2045,360,1,2
2045,361,1,2
2045,362,1,2
2045,363,1,2
2045,364,1,2
2045,365,1,2
2045,366,1,2
2045,367,1,2
2045,368,1,2
2045,369,1,2
2045,370,1,2
2045,371,1,2
2045,372,1,2
2045,373,1,2
2045,374,1,2
2045,375,1,2
2045,376,1,2
2045,377,1,2
2045,378,1,2
2045,379,1,2
2045,380,1,2
2045,381,1,2
2045,382,1,2
2045,383,1,2
2045,384,1,2
2045,385,1,2
2045,386,1,2
2045,387,1,2
2045,388,1,2
2045,389,1,2
2045,390,1,2
2045,391,1,2
2045,392,1,2
2045,393,1,2
2045,394,1,2
2045,395,1,2
2045,396,1,2
2045,397,1,2
2045,398,1,2
2045,399,1,2
2045,400,1,2
2045,401,1,2
2045,402,1,2
2045,403,1,2
2045,404,1,2
2045,405,1,2
2045,406,1,2
2045,407,1,2
2045,408,1,2
2045,409,1,2
2045,410,1,2
2045,411,1,2
2045,412,1,2
2045,413,1,2
2045,414,1,2
2045,415,1,2
2045,416,1,2
2045,417,1,2
2045,418,1,2
2045,419,1,2
2045,420,1,2
2045,421,1,2
2045,422,1,2
2045,423,1,2
2045,424,1,2
2045,425,1,2
2045,426,1,2
2045,427,1,2
2045,428,1,2
2045,429,1,2
2045,430,1,2
2045,431,1,2
2045,432,1,2
2045,433,1,2
2045,434,1,2
2045,435,1,2
2045,436,1,2
2045,437,1,2
2045,438,1,2
2045,439,1,2
2045,440,1,2
2045,441,1,2
2045,442,1,2
2045,443,1,2
2045,444,1,2
2045,445,1,2
2045,446,1,2
2045,447,1,2
2045,448,1,2
2045,449,1,2
2045,450,1,2
2045,451,1,2
2045,452,1,2
2045,453,1,2
2045,454,1,2
2045,455,1,2
2045,456,1,3
2045,457,1,3
2045,458,1,3
2045,459,1,3
2045,460,1,3
2045,461,1,3
2045,462,1,3
2045,463,1,3
2045,464,1,3
2045,465,1,3
2045,466,1,3
2045,467,1,3
2045,468,1,3
2045,469,1,3
2045,470,1,3
2045,471,1,3
2045,472,1,3
2045,473,1,3
2045,474,1,3
2045,475,1,3
2045,476,1,3
2045,477,1,3
2045,478,1,3
2045,479,1,3
2045,480,1,3
2045,481,1,3
2045,482,1,3
2045,483,1,3
2045,484,1,3
2045,485,1,3
2045,486,1,3
2045,487,1,3
2045,488,1,3
2045,489,1,3
2045,490,1,3
2045,491,1,3
2045,492,1,3
2045,493,1,3
2045,494,1,3
2045,495,1,3
2045,496,1,3
2045,497,1,3
2045,498,1,3
2045,499,1,3
2045,500,1,3
2045,501,1,3
2045,502,1,3
2045,503,1,3
2045,504,1,2
2045,505,1,2
2045,506,1,2
2045,507,1,2
2045,508,1,2
2045,509,1,2
2045,510,1,2
2045,511,1,2
2045,512,1,2
2045,513,1,2
2045,514,1,2
2045,515,1,2
2045,516,1,2
2045,517,1,2
2045,518,1,2
2045,519,1,2
2045,520,1,2
2045,521,1,2
2045,522,1,2
2045,523,1,2
2045,524,1,2
2045,525,1,2
2045,526,1,2
2045,527,1,2
2045,528,1,2
2045,529,1,2
2045,530,1,2
2045,531,1,2
2045,532,1,2
2045,533,1,2
2045,534,1,2
2045,535,1,2
2045,536,1,2
2045,537,1,2
2045,538,1,2
2045,539,1,2
2045,540,1,2
2045,541,1,2
2045,542,1,2
2045,543,1,2
2045,544,1,2
2045,545,1,2
2045,546,1,2
2045,547,1,2
2045,548,1,2
2045,549,1,2
2045,550,1,2
2045,551,1,2
2045,552,1,2
2045,553,1,2
2045,554,1,2
2045,555,1,2
2045,556,1,2
2045,557,1,2
2045,558,1,2
2045,559,1,2
2045,560,1,2
2045,561,1,2
2045,562,1,2
2045,563,1,2
2045,564,1,2
2045,565,1,2
2045,566,1,2
2045,567,1,2
2045,568,1,2
2045,569,1,2
2045,570,1,2
2045,571,1,2
2045,572,1,2
2045,573,1,2
2045,574,1,2
2045,575,1,2
2045,576,1,2
2045,577,1,2
2045,578,1,2
2045,579,1,2
2045,580,1,2
2045,581,1,2
2045,582,1,2
2045,583,1,2
2045,584,1,2
2045,585,1,2
2045,586,1,2
2045,587,1,2
2045,588,1,2
2045,589,1,2
2045,590,1,2
2045,591,1,2
2045,592,1,2
2045,593,1,2
2045,594,1,2
2045,595,1,2
2045,596,1,2
2045,597,1,2
2045,598,1,2
2045,599,1,2
2045,600,1,2
2045,601,1,2
2045,602,1,2
2045,603,1,2
2045,604,1,2
2045,605,1,2
2045,606,1,2
2045,607,1,2
2045,608,1,2
2045,609,1,2
2045,610,1,2
2045,611,1,2
2045,612,1,2
2045,613,1,2
2045,614,1,2
2045,615,1,2
2045,616,1,2
2045,617,1,2
2045,618,1,2
2045,619,1,2
2045,620,1,2
2045,621,1,2
2045,622,1,2
2045,623,1,2
2045,624,1,2
2045,625,1,2
2045,626,1,2
2045,627,1,2
2045,628,1,2
2045,629,1,2
2045,630,1,2
2045,631,1,2
2045,632,1,2
2045,633,1,2
2045,634,1,2
2045,635,1,2
2045,636,1,2
2045,637,1,2
2045,638,1,2
2045,639,1,2
2045,640,1,2
2045,641,1,2
2045,642,1,2
2045,643,1,2
2045,644,1,2
2045,645,1,2
2045,646,1,2
2046,125,1,2
2046,126,1,2
2046,127,1,2
2046,128,1,2
2046,129,1,2
2046,130,1,2
2046,131,1,2
2046,132,1,3
2046,133,1,3
2046,134,1,3
2046,135,1,3
2046,136,1,3
2046,137,1,3
2046,138,1,3
2046,139,1,3
2046,140,1,3
2046,141,1,3
2046,142,1,3
2046,143,1,3
2046,144,1,3
2046,145,1,3
2046,146,1,3
2046,147,1,3
2046,148,1,3
2046,149,1,3
2046,150,1,3
2046,151,1,3
2046,152,1,3
2046,153,1,3
2046,154,1,3
2046,155,1,3
2046,156,1,2
2046,157,1,2
2046,158,1,2
2046,159,1,2
2046,160,1,2
2046,161,1,2
2046,162,1,2
2046,163,1,2
2046,164,1,2
2046,165,1,2
2046,166,1,2
2046,167,1,2
2046,168,1,2
2046,169,1,2
2046,170,1,2
2046,171,1,2
2046,172,1,2
2046,173,1,2
2046,174,1,2
2046,175,1,2
2046,176,1,2
2046,177,1,2
2046,178,1,2
2046,179,1,2
2046,180,1,2
2046,181,1,2
2046,182,1,2
2046,183,1,2
2046,184,1,2
2046,185,1,2
2046,186,1,2
2046,187,1,2
2046,188,1,2
2046,189,1,2
2046,190,1,2
2046,191,1,2
2046,192,1,2
2046,193,1,2
2046,194,1,2
2046,195,1,2
2046,196,1,2
2046,197,1,2
2046,198,1,2
2046,199,1,2
2046,200,1,2
2046,201,1,2
2046,202,1,2
2046,203,1,2
2046,204,1,2
2046,205,1,2
2046,206,1,2
2046,207,1,2
2046,208,1,2
2046,209,1,2
2046,210,1,2
2046,211,1,2
2046,212,1,2
2046,213,1,2
2046,214,1,2
2046,215,1,2
2046,216,1,2
2046,217,1,2
2046,218,1,2
2046,219,1,2
2046,220,1,2
2046,221,1,2
2046,222,1,2
2046,223,1,2
2046,224,1,2
2046,225,1,2
2046,226,1,2
2046,227,1,2
2046,228,1,2
2046,229,1,2
2046,230,1,2
2046,231,1,2
2046,232,1,2
2046,233,1,2
2046,234,1,2
2046,235,1,2
2046,236,1,2
2046,237,1,2
2046,238,1,2
2046,239,1,2
2046,240,1,2
2046,241,1,2
2046,242,1,2
2046,243,1,2
2046,244,1,2
2046,245,1,2
2046,246,1,2
2046,247,1,2
2046,248,1,2
2046,249,1,2
2046,250,1,2
2046,251,1,2
2046,252,1,2
2046,253,1,2
2046,254,1,2
2046,255,1,2
2046,256,1,2
2046,257,1,2
2046,258,1,2
2046,259,1,2
2046,260,1,2
2046,261,1,2
2046,262,1,2
2046,263,1,2
2046,264,1,2
2046,265,1,2
2046,266,1,2
2046,267,1,2
2046,268,1,2
2046,269,1,2
2046,270,1,2
2046,271,1,2
2046,272,1,2
2046,273,1,2
2046,274,1,2
2046,275,1,2
2046,276,1,2
2046,277,1,2
2046,278,1,2
2046,279,1,2
2046,280,1,2
2046,281,1,2
2046,282,1,2
2046,283,1,2
2046,284,1,2
2046,285,1,2
2046,286,1,2
2046,287,1,2
2046,288,1,2
2046,289,1,2
2046,290,1,2
2046,291,1,2
2046,292,1,2
2046,293,1,2
2046,294,1,2
2046,295,1,2
2046,296,1,2
2046,297,1,2
2046,298,1,2
2046,299,1,2
2046,300,1,2
2046,301,1,2
2046,302,1,2
2046,303,1,2
2046,304,1,2
2046,305,1,2
2046,306,1,2
2046,307,1,2
2046,308,1,2
2046,309,1,2
2046,310,1,2
2046,311,1,2
2046,312,1,2
2046,313,1,2
2046,314,1,2
2046,315,1,2
2046,316,1,2
2046,317,1,2
2046,318,1,2
2046,319,1,2
2046,320,1,2
2046,321,1,2
2046,322,1,2
2046,323,1,2
2046,324,1,2
2046,325,1,2
2046,326,1,2
2046,327,1,2
2046,328,1,2
2046,329,1,2
2046,330,1,2
2046,331,1,2
2046,332,1,2
2046,333,1,2
2046,334,1,2
2046,335,1,2
2046,336,1,2
2046,337,1,2
2046,338,1,2
2046,339,1,2
2046,340,1,2
2046,341,1,2
2046,342,1,2
2046,343,1,2
2046,344,1,2
2046,345,1,2
2046,346,1,2
2046,347,1,2
2046,348,1,2
2046,349,1,2
2046,350,1,2
2046,351,1,2
2046,352,1,2
2046,353,1,2
2046,354,1,2
2046,355,1,2
2046,356,1,2
2046,357,1,2
2046,358,1,2
2046,359,1,2
2046,360,1,2
2046,361,1,2
2046,362,1,2
2046,363,1,2
2046,364,1,2
2046,365,1,2
2046,366,1,2
2046,367,1,2
2046,368,1,2
2046,369,1,2
2046,370,1,2
2046,371,1,2
2046,372,1,2
2046,373,1,2
2046,374,1,2
2046,375,1,2
2046,376,1,2
2046,377,1,2
2046,378,1,2
2046,379,1,2
2046,380,1,2
2046,381,1,2
2046,382,1,2
2046,383,1,2
2046,384,1,2
2046,385,1,2
2046,386,1,2
2046,387,1,2
2046,388,1,2
2046,389,1,2
2046,390,1,2
2046,391,1,2
2046,392,1,2
2046,393,1,2
2046,394,1,2
2046,395,1,2
2046,396,1,2
2046,397,1,2
2046,398,1,2
2046,399,1,2
2046,400,1,2
2046,401,1,2
2046,402,1,2
2046,403,1,2
2046,404,1,2
2046,405,1,2
2046,406,1,2
2046,407,1,2
2046,408,1,2
2046,409,1,2
2046,410,1,2
2046,411,1,2
2046,412,1,2
2046,413,1,2
2046,414,1,2
2046,415,1,2
2046,416,1,2
2046,417,1,2
2046,418,1,2
2046,419,1,2
2046,420,1,2
2046,421,1,2
2046,422,1,2
2046,423,1,2
2046,424,1,2
2046,425,1,2
2046,426,1,2
2046,427,1,2
2046,428,1,2
2046,429,1,2
2046,430,1,2
2046,431,1,2
2046,432,1,2
2046,433,1,2
2046,434,1,2
2046,435,1,2
2046,436,1,2
2046,437,1,2
2046,438,1,2
2046,439,1,2
2046,440,1,2
2046,441,1,2
2046,442,1,2
2046,443,1,2
2046,444,1,2
2046,445,1,2
2046,446,1,2
2046,447,1,2
2046,448,1,2
2046,449,1,2
2046,450,1,2
2046,451,1,2
2046,452,1,2
2046,453,1,2
2046,454,1,2
2046,455,1,2
2046,456,1,2
2046,457,1,3
2046,458,1,3
2046,459,1,3
2046,460,1,3
2046,461,1,3
2046,462,1,3
2046,463,1,3
2046,464,1,3
2046,465,1,3
2046,466,1,3
2046,467,1,3
2046,468,1,3
2046,469,1,3
2046,470,1,3
2046,471,1,3
2046,472,1,3
2046,473,1,3
2046,474,1,3
2046,475,1,3
2046,476,1,3
2046,477,1,3
2046,478,1,3
2046,479,1,3
2046,480,1,3
2046,481,1,3
2046,482,1,3
2046,483,1,3
2046,484,1,3
2046,485,1,3
2046,486,1,3
2046,487,1,3
2046,488,1,3
2046,489,1,3
2046,490,1,3
2046,491,1,3
2046,492,1,3
2046,493,1,3
2046,494,1,3
2046,495,1,3
2046,496,1,3
2046,497,1,3
2046,498,1,3
2046,499,1,3
2046,500,1,3
2046,501,1,3
2046,502,1,3
2046,503,1,2
2046,504,1,2
2046,505,1,2
2046,506,1,2
2046,507,1,2
2046,508,1,2
2046,509,1,2
2046,510,1,2
2046,511,1,2
2046,512,1,2
2046,513,1,2
2046,514,1,2
2046,515,1,2
2046,516,1,2
2046,517,1,2
2046,518,1,2
2046,519,1,2
2046,520,1,2
2046,521,1,2
2046,522,1,2
2046,523,1,2
2046,524,1,2
2046,525,1,2
2046,526,1,2
2046,527,1,2
2046,528,1,2
2046,529,1,2
2046,530,1,2
2046,531,1,2
2046,532,1,2
2046,533,1,2
2046,534,1,2
2046,535,1,2
2046,536,1,2
2046,537,1,2
2046,538,1,2
2046,539,1,2
2046,540,1,2
2046,541,1,2
2046,542,1,2
2046,543,1,2
2046,544,1,2
2046,545,1,2
2046,546,1,2
2046,547,1,2
2046,548,1,2
2046,549,1,2
2046,550,1,2
2046,551,1,2
2046,552,1,2
2046,553,1,2
2046,554,1,2
2046,555,1,2
2046,556,1,2
2046,557,1,2
2046,558,1,2
2046,559,1,2
2046,560,1,2
2046,561,1,2
2046,562,1,2
2046,563,1,2
2046,564,1,2
2046,565,1,2
2046,566,1,2
2046,567,1,2
2046,568,1,2
2046,569,1,2
2046,570,1,2
2046,571,1,2
2046,572,1,2
2046,573,1,2
2046,574,1,2
2046,575,1,2
2046,576,1,2
2046,577,1,2
2046,578,1,2
2046,579,1,2
2046,580,1,2
2046,581,1,2
2046,582,1,2
2046,583,1,2
2046,584,1,2
2046,585,1,2
2046,586,1,2
2046,587,1,2
2046,588,1,2
2046,589,1,2
2046,590,1,2
2046,591,1,2
2046,592,1,2
2046,593,1,2
2046,594,1,2
2046,595,1,2
2046,596,1,2
2046,597,1,2
2046,598,1,2
2046,599,1,2
2046,600,1,2
2046,601,1,2
2046,602,1,2
2046,603,1,2
2046,604,1,2
2046,605,1,2
2046,606,1,2
2046,607,1,2
2046,608,1,2
2046,609,1,2
2046,610,1,2
2046,611,1,2
2046,612,1,2
2046,613,1,2
2046,614,1,2
2046,615,1,2
2046,616,1,2
2046,617,1,2
2046,618,1,2
2046,619,1,2
2046,620,1,2
2046,621,1,2
2046,622,1,2
2046,623,1,2
2046,624,1,2
2046,625,1,2
2046,626,1,2
2046,627,1,2
2046,628,1,2
2046,629,1,2
2046,630,1,2
2046,631,1,2
2046,632,1,2
2046,633,1,2
2046,634,1,2
2046,635,1,2
2046,636,1,2
2046,637,1,2
2046,638,1,2
2046,639,1,2
2046,640,1,2
2046,641,1,2
2046,642,1,2
2046,643,1,2
2046,644,1,2
2046,645,1,2
2047,125,1,2
2047,126,1,2
2047,127,1,2
2047,128,1,2
2047,129,1,2
2047,130,1,2
2047,131,1,3
2047,132,1,3
2047,133,1,3
2047,134,1,3
2047,135,1,3
2047,136,1,3
2047,137,1,3
2047,138,1,3
2047,139,1,3
2047,140,1,3
2047,141,1,3
2047,142,1,3
2047,143,1,3
2047,144,1,3
2047,145,1,3
2047,146,1,3
2047,147,1,3
2047,148,1,3
2047,149,1,3
2047,150,1,3
2047,151,1,3
2047,152,1,3
2047,153,1,3
2047,154,1,3
2047,155,1,2
2047,156,1,2
2047,157,1,2
2047,158,1,2
2047,159,1,2
2047,160,1,2
2047,161,1,2
2047,162,1,2
2047,163,1,2
2047,164,1,2
2047,165,1,2
2047,166,1,2
2047,167,1,2
2047,168,1,2
2047,169,1,2
2047,170,1,2
2047,171,1,2
2047,172,1,2
2047,173,1,2
2047,174,1,2
2047,175,1,2
2047,176,1,2
2047,177,1,2
2047,178,1,2
2047,179,1,2
2047,180,1,2
2047,181,1,2
2047,182,1,2
2047,183,1,2
2047,184,1,2
2047,185,1,2
2047,186,1,2
2047,187,1,2
2047,188,1,2
2047,189,1,2
2047,190,1,2
2047,191,1,2
2047,192,1,2
2047,193,1,2
2047,194,1,2
2047,195,1,2
2047,196,1,2
2047,197,1,2
2047,198,1,2
2047,199,1,2
2047,200,1,2
2047,201,1,2
2047,202,1,2
2047,203,1,2
2047,204,1,2
2047,205,1,2
2047,206,1,2
2047,207,1,2
2047,208,1,2
2047,209,1,2
2047,210,1,2
2047,211,1,2
2047,212,1,2
2047,213,1,2
2047,214,1,2
2047,215,1,2
2047,216,1,2
2047,217,1,2
2047,218,1,2
2047,219,1,2
2047,220,1,2
2047,221,1,2
2047,222,1,2
2047,223,1,2
2047,224,1,2
2047,225,1,2
2047,226,1,2
2047,227,1,2
2047,228,1,2
2047,229,1,2
2047,230,1,2
2047,231,1,2
2047,232,1,2
2047,233,1,2
2047,234,1,2
2047,235,1,2
2047,236,1,2
2047,237,1,2
2047,238,1,2
2047,239,1,2
2047,240,1,2
2047,241,1,2
2047,242,1,2
2047,243,1,2
2047,244,1,2
2047,245,1,2
2047,246,1,2
2047,247,1,2
2047,248,1,2
2047,249,1,2
2047,250,1,2
2047,251,1,2
2047,252,1,2
2047,253,1,2
2047,254,1,2
2047,255,1,2
2047,256,1,2
2047,257,1,2
2047,258,1,2
2047,259,1,2
2047,260,1,2
2047,261,1,2
2047,262,1,2
2047,263,1,2
2047,264,1,2
2047,265,1,2
2047,266,1,2
2047,267,1,2
2047,268,1,2
2047,269,1,2
2047,270,1,2
2047,271,1,2
2047,272,1,2
2047,273,1,2
2047,274,1,2
2047,275,1,2
2047,276,1,2
2047,277,1,2
2047,278,1,2
2047,279,1,2
2047,280,1,2
2047,281,1,2
2047,282,1,2
2047,283,1,2
2047,284,1,2
2047,285,1,2
2047,286,1,2
2047,287,1,2
2047,288,1,2
2047,289,1,2
2047,290,1,2
2047,291,1,2
2047,292,1,2
2047,293,1,2
2047,294,1,2
2047,295,1,2
2047,296,1,2
2047,297,1,2
2047,298,1,2
2047,299,1,2
2047,300,1,2
2047,301,1,2
2047,302,1,2
2047,303,1,2
2047,304,1,2
2047,305,1,2
2047,306,1,2
2047,307,1,2
2047,308,1,2
2047,309,1,2
2047,310,1,2
2047,311,1,2
2047,312,1,2
2047,313,1,2
2047,314,1,2
2047,315,1,2
2047,316,1,2
2047,317,1,2
2047,318,1,2
2047,319,1,2
2047,320,1,2
2047,321,1,2
2047,322,1,2
2047,323,1,2
2047,324,1,2
2047,325,1,2
2047,326,1,2
2047,327,1,2
2047,328,1,2
2047,329,1,2
2047,330,1,2
2047,331,1,2
2047,332,1,2
2047,333,1,2
2047,334,1,2
2047,335,1,2
2047,336,1,2
2047,337,1,2
2047,338,1,2
2047,339,1,2
2047,340,1,2
2047,341,1,2
2047,342,1,2
2047,343,1,2
2047,344,1,2
2047,345,1,2
2047,346,1,2
2047,347,1,2
2047,348,1,2
2047,349,1,2
2047,350,1,2
2047,351,1,2
2047,352,1,2
2047,353,1,2
2047,354,1,2
2047,355,1,2
2047,356,1,2
2047,357,1,2
2047,358,1,2
2047,359,1,2
2047,360,1,2
2047,361,1,2
2047,362,1,2
2047,363,1,2
2047,364,1,2
2047,365,1,2
2047,366,1,2
2047,367,1,2
2047,368,1,2
2047,369,1,2
2047,370,1,2
2047,371,1,2
2047,372,1,2
2047,373,1,2
2047,374,1,2
2047,375,1,2
2047,376,1,2
2047,377,1,2
2047,378,1,2
2047,379,1,2
2047,380,1,2
2047,381,1,2
2047,382,1,2
2047,383,1,2
2047,384,1,2
2047,385,1,2
2047,386,1,2
2047,387,1,2
2047,388,1,2
2047,389,1,2
2047,390,1,2
2047,391,1,2
2047,392,1,2
2047,393,1,2
2047,394,1,2
2047,395,1,2
2047,396,1,2
2047,397,1,2
2047,398,1,2
2047,399,1,2
2047,400,1,2
2047,401,1,2
2047,402,1,2
2047,403,1,2
2047,404,1,2
2047,405,1,2
2047,406,1,2
2047,407,1,2
2047,408,1,2
2047,409,1,2
2047,410,1,2
2047,411,1,2
2047,412,1,2
2047,413,1,2
2047,414,1,2
2047,415,1,2
2047,416,1,2
2047,417,1,2
2047,418,1,2
2047,419,1,2
2047,420,1,2
2047,421,1,2
2047,422,1,2
2047,423,1,2
2047,424,1,2
2047,425,1,2
2047,426,1,2
2047,427,1,2
2047,428,1,2
2047,429,1,2
2047,430,1,2
2047,431,1,2
2047,432,1,2
2047,433,1,2
2047,434,1,2
2047,435,1,2
2047,436,1,2
2047,437,1,2
2047,438,1,2
2047,439,1,2
2047,440,1,2
2047,441,1,2
2047,442,1,2
2047,443,1,2
2047,444,1,2
2047,445,1,2
2047,446,1,2
2047,447,1,2
2047,448,1,2
2047,449,1,2
2047,450,1,2
2047,451,1,2
2047,452,1,2
2047,453,1,2
2047,454,1,2
2047,455,1,2
2047,456,1,2
2047,457,1,3
2047,458,1,3
2047,459,1,3
2047,460,1,3
2047,461,1,3
2047,462,1,3
2047,463,1,3
2047,464,1,3
2047,465,1,3
2047,466,1,3
2047,467,1,3
2047,468,1,3
2047,469,1,3
2047,470,1,3
2047,471,1,3
2047,472,1,3
2047,473,1,3
2047,474,1,3
2047,475,1,3
2047,476,1,3
2047,477,1,3
2047,478,1,3
2047,479,1,3
2047,480,1,3
2047,481,1,3
2047,482,1,3
2047,483,1,3
2047,484,1,3
2047,485,1,3
2047,486,1,3
2047,487,1,3
2047,488,1,3
2047,489,1,3
2047,490,1,3
2047,491,1,3
2047,492,1,3
2047,493,1,3
2047,494,1,3
2047,495,1,3
2047,496,1,3
2047,497,1,3
2047,498,1,3
2047,499,1,3
2047,500,1,3
2047,501,1,3
2047,502,1,2
2047,503,1,2
2047,504,1,2
2047,505,1,2
2047,506,1,2
2047,507,1,2
2047,508,1,2
2047,509,1,2
2047,510,1,2
2047,511,1,2
2047,512,1,2
2047,513,1,2
2047,514,1,2
2047,515,1,2
2047,516,1,2
2047,517,1,2
2047,518,1,2
2047,519,1,2
2047,520,1,2
2047,521,1,2
2047,522,1,2
2047,523,1,2
2047,524,1,2
2047,525,1,2
2047,526,1,2
2047,527,1,2
2047,528,1,2
2047,529,1,2
2047,530,1,2
2047,531,1,2
2047,532,1,2
2047,533,1,2
2047,534,1,2
2047,535,1,2
2047,536,1,2
2047,537,1,2
2047,538,1,2
2047,539,1,2
2047,540,1,2
2047,541,1,2
2047,542,1,2
2047,543,1,2
2047,544,1,2
2047,545,1,2
2047,546,1,2
2047,547,1,2
2047,548,1,2
2047,549,1,2
2047,550,1,2
2047,551,1,2
2047,552,1,2
2047,553,1,2
2047,554,1,2
2047,555,1,2
2047,556,1,2
2047,557,1,2
2047,558,1,2
2047,559,1,2
2047,560,1,2
2047,561,1,2
2047,562,1,2
2047,563,1,2
2047,564,1,2
2047,565,1,2
2047,566,1,2
2047,567,1,2
2047,568,1,2
2047,569,1,2
2047,570,1,2
2047,571,1,2
2047,572,1,2
2047,573,1,2
2047,574,1,2
2047,575,1,2
2047,576,1,2
2047,577,1,2
2047,578,1,2
2047,579,1,2
2047,580,1,2
2047,581,1,2
2047,582,1,2
2047,583,1,2
2047,584,1,2
2047,585,1,2
2047,586,1,2
2047,587,1,2
2047,588,1,2
2047,589,1,2
2047,590,1,2
2047,591,1,2
2047,592,1,2
2047,593,1,2
2047,594,1,2
2047,595,1,2
2047,596,1,2
2047,597,1,2
2047,598,1,2
2047,599,1,2
2047,600,1,2
2047,601,1,2
2047,602,1,2
2047,603,1,2
2047,604,1,2
2047,605,1,2
2047,606,1,2
2047,607,1,2
2047,608,1,2
2047,609,1,2
2047,610,1,2
2047,611,1,2
2047,612,1,2
2047,613,1,2
2047,614,1,2
2047,615,1,2
2047,616,1,2
2047,617,1,2
2047,618,1,2
2047,619,1,2
2047,620,1,2
2047,621,1,2
2047,622,1,2
2047,623,1,2
2047,624,1,2
2047,625,1,2
2047,626,1,2
2047,627,1,2
2047,628,1,2
2047,629,1,2
2047,630,1,2
2047,631,1,2
2047,632,1,2
2047,633,1,2
2047,634,1,2
2047,635,1,2
2047,636,1,2
2047,637,1,2
2047,638,1,2
2047,639,1,2
2047,640,1,2
2047,641,1,2
2047,642,1,2
2047,643,1,2
2047,644,1,2
2047,645,1,2
2048,125,1,2
2048,126,1,2
2048,127,1,2
2048,128,1,2
2048,129,1,2
2048,130,1,2
2048,131,1,2
2048,132,1,3
2048,133,1,3
2048,134,1,3
2048,135,1,3
2048,136,1,3
2048,137,1,3
2048,138,1,3
2048,139,1,3
2048,140,1,3
2048,141,1,3
2048,142,1,3
2048,143,1,3
2048,144,1,3
2048,145,1,3
2048,146,1,3
2048,147,1,3
2048,148,1,3
2048,149,1,3
2048,150,1,3
2048,151,1,3
2048,152,1,3
2048,153,1,3
2048,154,1,3
2048,155,1,2
2048,156,1,2
2048,157,1,2
2048,158,1,2
2048,159,1,2
2048,160,1,2
2048,161,1,2
2048,162,1,2
2048,163,1,2
2048,164,1,2
2048,165,1,2
2048,166,1,2
2048,167,1,2
2048,168,1,2
2048,169,1,2
2048,170,1,2
2048,171,1,2
2048,172,1,2
2048,173,1,2
2048,174,1,2
2048,175,1,2
2048,176,1,2
2048,177,1,2
2048,178,1,2
2048,179,1,2
2048,180,1,2
2048,181,1,2
2048,182,1,2
2048,183,1,2
2048,184,1,2
2048,185,1,2
2048,186,1,2
2048,187,1,2
2048,188,1,2
2048,189,1,2
2048,190,1,2
2048,191,1,2
2048,192,1,2
2048,193,1,2
2048,194,1,2
2048,195,1,2
2048,196,1,2
2048,197,1,2
2048,198,1,2
2048,199,1,2
2048,200,1,2
2048,201,1,2
2048,202,1,2
2048,203,1,2
2048,204,1,2
2048,205,1,2
2048,206,1,2
2048,207,1,2
2048,208,1,2
2048,209,1,2
2048,210,1,2
2048,211,1,2
2048,212,1,2
2048,213,1,2
2048,214,1,2
2048,215,1,2
2048,216,1,2
2048,217,1,2
2048,218,1,2
2048,219,1,2
2048,220,1,2
2048,221,1,2
2048,222,1,2
2048,223,1,2
2048,224,1,2
2048,225,1,2
2048,226,1,2
2048,227,1,2
2048,228,1,2
2048,229,1,2
2048,230,1,2
2048,231,1,2
2048,232,1,2
2048,233,1,2
2048,234,1,2
2048,235,1,2
2048,236,1,2
2048,237,1,2
2048,238,1,2
2048,239,1,2
2048,240,1,2
2048,241,1,2
2048,242,1,2
2048,243,1,2
2048,244,1,2
2048,245,1,2
2048,246,1,2
2048,247,1,2
2048,248,1,2
2048,249,1,2
2048,250,1,2
2048,251,1,2
2048,252,1,2
2048,253,1,2
2048,254,1,2
2048,255,1,2
2048,256,1,2
2048,257,1,2
2048,258,1,2
2048,259,1,2
2048,260,1,2
2048,261,1,2
2048,262,1,2
2048,263,1,2
2048,264,1,2
2048,265,1,2
2048,266,1,2
2048,267,1,2
2048,268,1,2
2048,269,1,2
2048,270,1,2
2048,271,1,2
2048,272,1,2
2048,273,1,2
2048,274,1,2
2048,275,1,2
2048,276,1,2
2048,277,1,2
2048,278,1,2
2048,279,1,2
2048,280,1,2
2048,281,1,2
2048,282,1,2
2048,283,1,2
2048,284,1,2
2048,285,1,2
2048,286,1,2
2048,287,1,2
2048,288,1,2
2048,289,1,2
2048,290,1,2
2048,291,1,2
2048,292,1,2
2048,293,1,2
2048,294,1,2
2048,295,1,2
2048,296,1,2
2048,297,1,2
2048,298,1,2
2048,299,1,2
2048,300,1,2
2048,301,1,2
2048,302,1,2
2048,303,1,2
2048,304,1,2
2048,305,1,2
2048,306,1,2
2048,307,1,2
2048,308,1,2
2048,309,1,2
2048,310,1,2
2048,311,1,2
2048,312,1,2
2048,313,1,2
2048,314,1,2
2048,315,1,2
2048,316,1,2
2048,317,1,2
2048,318,1,2
2048,319,1,2
2048,320,1,2
2048,321,1,2
2048,322,1,2
2048,323,1,2
2048,324,1,2
2048,325,1,2
2048,326,1,2
2048,327,1,2
2048,328,1,2
2048,329,1,2
2048,330,1,2
2048,331,1,2
2048,332,1,2
2048,333,1,2
2048,334,1,2
2048,335,1,2
2048,336,1,2
2048,337,1,2
2048,338,1,2
2048,339,1,2
2048,340,1,2
2048,341,1,2
2048,342,1,2
2048,343,1,2
2048,344,1,2
2048,345,1,2
2048,346,1,2
2048,347,1,2
2048,348,1,2
2048,349,1,2
2048,350,1,2
2048,351,1,2
2048,352,1,2
2048,353,1,2
2048,354,1,2
2048,355,1,2
2048,356,1,2
2048,357,1,2
2048,358,1,2
2048,359,1,2
2048,360,1,2
2048,361,1,2
2048,362,1,2
2048,363,1,2
2048,364,1,2
2048,365,1,2
2048,366,1,2
2048,367,1,2
2048,368,1,2
2048,369,1,2
2048,370,1,2
2048,371,1,2
2048,372,1,2
2048,373,1,2
2048,374,1,2
2048,375,1,2
2048,376,1,2
2048,377,1,2
2048,378,1,2
2048,379,1,2
2048,380,1,2
2048,381,1,2
2048,382,1,2
2048,383,1,2
2048,384,1,2
2048,385,1,2
2048,386,1,2
2048,387,1,2
2048,388,1,2
2048,389,1,2
2048,390,1,2
2048,391,1,2
2048,392,1,2
2048,393,1,2
2048,394,1,2
2048,395,1,2
2048,396,1,2
2048,397,1,2
2048,398,1,2
2048,399,1,2
2048,400,1,2
2048,401,1,2
2048,402,1,2
2048,403,1,2
2048,404,1,2
2048,405,1,2
2048,406,1,2
2048,407,1,2
2048,408,1,2
2048,409,1,2
2048,410,1,2
2048,411,1,2
2048,412,1,2
2048,413,1,2
2048,414,1,2
2048,415,1,2
2048,416,1,2
2048,417,1,2
2048,418,1,2
2048,419,1,2
2048,420,1,2
2048,421,1,2
2048,422,1,2
2048,423,1,2
2048,424,1,2
2048,425,1,2
2048,426,1,2
2048,427,1,2
2048,428,1,2
2048,429,1,2
2048,430,1,2
2048,431,1,2
2048,432,1,2
2048,433,1,2
2048,434,1,2
2048,435,1,2
2048,436,1,2
2048,437,1,2
2048,438,1,2
2048,439,1,2
2048,440,1,2
2048,441,1,2
2048,442,1,2
2048,443,1,2
2048,444,1,2
2048,445,1,2
2048,446,1,2
2048,447,1,2
2048,448,1,2
2048,449,1,2
2048,450,1,2
2048,451,1,2
2048,452,1,2
2048,453,1,2
2048,454,1,2
2048,455,1,2
2048,456,1,2
2048,457,1,2
2048,458,1,3
2048,459,1,3
2048,460,1,3
2048,461,1,3
2048,462,1,3
2048,463,1,3
2048,464,1,3
2048,465,1,3
2048,466,1,3
2048,467,1,3
2048,468,1,3
2048,469,1,3
2048,470,1,3
2048,471,1,3
2048,472,1,3
2048,473,1,3
2048,474,1,3
2048,475,1,3
2048,476,1,3
2048,477,1,3
2048,478,1,3
2048,479,1,3
2048,480,1,3
2048,481,1,3
2048,482,1,3
2048,483,1,3
2048,484,1,3
2048,485,1,3
2048,486,1,3
2048,487,1,3
2048,488,1,3
2048,489,1,3
2048,490,1,3
2048,491,1,3
2048,492,1,3
2048,493,1,3
2048,494,1,3
2048,495,1,3
2048,496,1,3
2048,497,1,3
2048,498,1,3
2048,499,1,3
2048,500,1,3
2048,501,1,2
2048,502,1,2
2048,503,1,2
2048,504,1,2
2048,505,1,2
2048,506,1,2
2048,507,1,2
2048,508,1,2
2048,509,1,2
2048,510,1,2
2048,511,1,2
2048,512,1,2
2048,513,1,2
2048,514,1,2
2048,515,1,2
2048,516,1,2
2048,517,1,2
2048,518,1,2
2048,519,1,2
2048,520,1,2
2048,521,1,2
2048,522,1,2
2048,523,1,2
2048,524,1,2
2048,525,1,2
2048,526,1,2
2048,527,1,2
2048,528,1,2
2048,529,1,2
2048,530,1,2
2048,531,1,2
2048,532,1,2
2048,533,1,2
2048,534,1,2
2048,535,1,2
2048,536,1,2
2048,537,1,2
2048,538,1,2
2048,539,1,2
2048,540,1,2
2048,541,1,2
2048,542,1,2
2048,543,1,2
2048,544,1,2
2048,545,1,2
2048,546,1,2
2048,547,1,2
2048,548,1,2
2048,549,1,2
2048,550,1,2
2048,551,1,2
2048,552,1,2
2048,553,1,2
2048,554,1,2
2048,555,1,2
2048,556,1,2
2048,557,1,2
2048,558,1,2
2048,559,1,2
2048,560,1,2
2048,561,1,2
2048,562,1,2
2048,563,1,2
2048,564,1,2
2048,565,1,2
2048,566,1,2
2048,567,1,2
2048,568,1,2
2048,569,1,2
2048,570,1,2
2048,571,1,2
2048,572,1,2
2048,573,1,2
2048,574,1,2
2048,575,1,2
2048,576,1,2
2048,577,1,2
2048,578,1,2
2048,579,1,2
2048,580,1,2
2048,581,1,2
2048,582,1,2
2048,583,1,2
2048,584,1,2
2048,585,1,2
2048,586,1,2
2048,587,1,2
2048,588,1,2
2048,589,1,2
2048,590,1,2
2048,591,1,2
2048,592,1,2
2048,593,1,2
2048,594,1,2
2048,595,1,2
2048,596,1,2
2048,597,1,2
2048,598,1,2
2048,599,1,2
2048,600,1,2
2048,601,1,2
2048,602,1,2
2048,603,1,2
2048,604,1,2
2048,605,1,2
2048,606,1,2
2048,607,1,2
2048,608,1,2
2048,609,1,2
2048,610,1,2
2048,611,1,2
2048,612,1,2
2048,613,1,2
2048,614,1,2
2048,615,1,2
2048,616,1,2
2048,617,1,2
2048,618,1,2
2048,619,1,2
2048,620,1,2
2048,621,1,2
2048,622,1,2
2048,623,1,2
2048,624,1,2
2048,625,1,2
2048,626,1,2
2048,627,1,2
2048,628,1,2
2048,629,1,2
2048,630,1,2
2048,631,1,2
2048,632,1,2
2048,633,1,2
2048,634,1,2
2048,635,1,2
2048,636,1,2
2048,637,1,2
2048,638,1,2
2048,639,1,2
2048,640,1,2
2048,641,1,2
2048,642,1,2
2048,643,1,2
2048,644,1,2
2049,126,1,2
2049,127,1,2
2049,128,1,2
2049,129,1,2
2049,130,1,2
2049,131,1,2
2049,132,1,2
2049,133,1,3
2049,134,1,3
2049,135,1,3
2049,136,1,3
2049,137,1,3
2049,138,1,3
2049,139,1,3
2049,140,1,3
2049,141,1,3
2049,142,1,3
2049,143,1,3
2049,144,1,3
2049,145,1,3
2049,146,1,3
2049,147,1,3
2049,148,1,3
2049,149,1,3
2049,150,1,3
2049,151,1,3
2049,152,1,3
2049,153,1,2
2049,154,1,2
2049,155,1,2
2049,156,1,2
2049,157,1,2
2049,158,1,2
2049,159,1,2
2049,160,1,2
2049,161,1,2
2049,162,1,2
2049,163,1,2
2049,164,1,2
2049,165,1,2
2049,166,1,2
2049,167,1,2
2049,168,1,2
2049,169,1,2
2049,170,1,2
2049,171,1,2
2049,172,1,2
2049,173,1,2
2049,174,1,2
2049,175,1,2
2049,176,1,2
2049,177,1,2
2049,178,1,2
2049,179,1,2
2049,180,1,2
2049,181,1,2
2049,182,1,2
2049,183,1,2
2049,184,1,2
2049,185,1,2
2049,186,1,2
2049,187,1,2
2049,188,1,2
2049,189,1,2
2049,190,1,2
2049,191,1,2
2049,192,1,2
2049,193,1,2
2049,194,1,2
2049,195,1,2
2049,196,1,2
2049,197,1,2
2049,198,1,2
2049,199,1,2
2049,200,1,2
2049,201,1,2
2049,202,1,2
2049,203,1,2
2049,204,1,2
2049,205,1,2
2049,206,1,2
2049,207,1,2
2049,208,1,2
2049,209,1,2
2049,210,1,2
2049,211,1,2
2049,212,1,2
2049,213,1,2
2049,214,1,2
2049,215,1,2
2049,216,1,2
2049,217,1,2
2049,218,1,2
2049,219,1,2
2049,220,1,2
2049,221,1,2
2049,222,1,2
2049,223,1,2
2049,224,1,2
2049,225,1,2
2049,226,1,2
2049,227,1,2
2049,228,1,2
2049,229,1,2
2049,230,1,2
2049,231,1,2
2049,232,1,2
2049,233,1,2
2049,234,1,2
2049,235,1,2
2049,236,1,2
2049,237,1,2
2049,238,1,2
2049,239,1,2
2049,240,1,2
2049,241,1,2
2049,242,1,2
2049,243,1,2
2049,244,1,2
2049,245,1,2
2049,246,1,2
2049,247,1,2
2049,248,1,2
2049,249,1,2
2049,250,1,2
2049,251,1,2
2049,252,1,2
2049,253,1,2
2049,254,1,2
2049,255,1,2
2049,256,1,2
2049,257,1,2
2049,258,1,2
2049,259,1,2
2049,260,1,2
2049,261,1,2
2049,262,1,2
2049,263,1,2
2049,264,1,2
2049,265,1,2
2049,266,1,2
2049,267,1,2
2049,268,1,2
2049,269,1,2
2049,270,1,2
2049,271,1,2
2049,272,1,2
2049,273,1,2
2049,274,1,2
2049,275,1,2
2049,276,1,2
2049,277,1,2
2049,278,1,2
2049,279,1,2
2049,280,1,2
2049,281,1,2
2049,282,1,2
2049,283,1,2
2049,284,1,2
2049,285,1,2
2049,286,1,2
2049,287,1,2
2049,288,1,2
2049,289,1,2
2049,290,1,2
2049,291,1,2
2049,292,1,2
2049,293,1,2
2049,294,1,2
2049,295,1,2
2049,296,1,2
2049,297,1,2
2049,298,1,2
2049,299,1,2
2049,300,1,2
2049,301,1,2
2049,302,1,2
2049,303,1,2
2049,304,1,2
2049,305,1,2
2049,306,1,2
2049,307,1,2
2049,308,1,2
2049,309,1,2
2049,310,1,2
2049,311,1,2
2049,312,1,2
2049,313,1,2
2049,314,1,2
2049,315,1,2
2049,316,1,2
2049,317,1,2
2049,318,1,2
2049,319,1,2
2049,320,1,2
2049,321,1,2
2049,322,1,2
2049,323,1,2
2049,324,1,2
2049,325,1,2
2049,326,1,2
2049,327,1,2
2049,328,1,2
2049,329,1,2
2049,330,1,2
2049,331,1,2
2049,332,1,2
2049,333,1,2
2049,334,1,2
2049,335,1,2
2049,336,1,2
2049,337,1,2
2049,338,1,2
2049,339,1,2
2049,340,1,2
2049,341,1,2
2049,342,1,2
2049,343,1,2
2049,344,1,2
2049,345,1,2
2049,346,1,2
2049,347,1,2
2049,348,1,2
2049,349,1,2
2049,350,1,2
2049,351,1,2
2049,352,1,2
2049,353,1,2
2049,354,1,2
2049,355,1,2
2049,356,1,2
2049,357,1,2
2049,358,1,2
2049,359,1,2
2049,360,1,2
2049,361,1,2
2049,362,1,2
2049,363,1,2
2049,364,1,2
2049,365,1,2
2049,366,1,2
2049,367,1,2
2049,368,1,2
2049,369,1,2
2049,370,1,2
2049,371,1,2
2049,372,1,2
2049,373,1,2
2049,374,1,2
2049,375,1,2
2049,376,1,2
2049,377,1,2
2049,378,1,2
2049,379,1,2
2049,380,1,2
2049,381,1,2
2049,382,1,2
2049,383,1,2
2049,384,1,2
2049,385,1,2
2049,386,1,2
2049,387,1,2
2049,388,1,2
2049,389,1,2
2049,390,1,2
2049,391,1,2
2049,392,1,2
2049,393,1,2
2049,394,1,2
2049,395,1,2
2049,396,1,2
2049,397,1,2
2049,398,1,2
2049,399,1,2
2049,400,1,2
2049,401,1,2
2049,402,1,2
2049,403,1,2
2049,404,1,2
2049,405,1,2
2049,406,1,2
2049,407,1,2
2049,408,1,2
2049,409,1,2
2049,410,1,2
2049,411,1,2
2049,412,1,2
2049,413,1,2
2049,414,1,2
2049,415,1,2
2049,416,1,2
2049,417,1,2
2049,418,1,2
2049,419,1,2
2049,420,1,2
2049,421,1,2
2049,422,1,2
2049,423,1,2
2049,424,1,2
2049,425,1,2
2049,426,1,2
2049,427,1,2
2049,428,1,2
2049,429,1,2
2049,430,1,2
2049,431,1,2
2049,432,1,2
2049,433,1,2
2049,434,1,2
2049,435,1,2
2049,436,1,2
2049,437,1,2
2049,438,1,2
2049,439,1,2
2049,440,1,2
2049,441,1,2
2049,442,1,2
2049,443,1,2
2049,444,1,2
2049,445,1,2
2049,446,1,2
2049,447,1,2
2049,448,1,2
2049,449,1,2
2049,450,1,2
2049,451,1,2
2049,452,1,2
2049,453,1,2
2049,454,1,2
2049,455,1,2
2049,456,1,2
2049,457,1,2
2049,458,1,2
2049,459,1,2
2049,460,1,3
2049,461,1,3
2049,462,1,3
2049,463,1,3
2049,464,1,3
2049,465,1,3
2049,466,1,3
2049,467,1,3
2049,468,1,3
2049,469,1,3
2049,470,1,3
2049,471,1,3
2049,472,1,3
2049,473,1,3
2049,474,1,3
2049,475,1,3
2049,476,1,3
2049,477,1,3
2049,478,1,3
2049,479,1,3
2049,480,1,3
2049,481,1,3
2049,482,1,3
2049,483,1,3
2049,484,1,3
2049,485,1,3
2049,486,1,3
2049,487,1,3
2049,488,1,3
2049,489,1,3
2049,490,1,3
2049,491,1,3
2049,492,1,3
2049,493,1,3
2049,494,1,3
2049,495,1,3
2049,496,1,3
2049,497,1,3
2049,498,1,3
2049,499,1,3
2049,500,1,2
2049,501,1,2
2049,502,1,2
2049,503,1,2
2049,504,1,2
2049,505,1,2
2049,506,1,2
2049,507,1,2
2049,508,1,2
2049,509,1,2
2049,510,1,2
2049,511,1,2
2049,512,1,2
2049,513,1,2
2049,514,1,2
2049,515,1,2
2049,516,1,2
2049,517,1,2
2049,518,1,2
2049,519,1,2
2049,520,1,2
2049,521,1,2
2049,522,1,2
2049,523,1,2
2049,524,1,2
2049,525,1,2
2049,526,1,2
2049,527,1,2
2049,528,1,2
2049,529,1,2
2049,530,1,2
2049,531,1,2
2049,532,1,2
2049,533,1,2
2049,534,1,2
2049,535,1,2
2049,536,1,2
2049,537,1,2
2049,538,1,2
2049,539,1,2
2049,540,1,2
2049,541,1,2
2049,542,1,2
2049,543,1,2
2049,544,1,2
2049,545,1,2
2049,546,1,2
2049,547,1,2
2049,548,1,2
2049,549,1,2
2049,550,1,2
2049,551,1,2
2049,552,1,2
2049,553,1,2
2049,554,1,2
2049,555,1,2
2049,556,1,2
2049,557,1,2
2049,558,1,2
2049,559,1,2
2049,560,1,2
2049,561,1,2
2049,562,1,2
2049,563,1,2
2049,564,1,2
2049,565,1,2
2049,566,1,2
2049,567,1,2
2049,568,1,2
2049,569,1,2
2049,570,1,2
2049,571,1,2
2049,572,1,2
2049,573,1,2
2049,574,1,2
2049,575,1,2
2049,576,1,2
2049,577,1,2
2049,578,1,2
2049,579,1,2
2049,580,1,2
2049,581,1,2
2049,582,1,2
2049,583,1,2
2049,584,1,2
2049,585,1,2
2049,586,1,2
2049,587,1,2
2049,588,1,2
2049,589,1,2
2049,590,1,2
2049,591,1,2
2049,592,1,2
2049,593,1,2
2049,594,1,2
2049,595,1,2
2049,596,1,2
2049,597,1,2
2049,598,1,2
2049,599,1,2
2049,600,1,2
2049,601,1,2
2049,602,1,2
2049,603,1,2
2049,604,1,2
2049,605,1,2
2049,606,1,2
2049,607,1,2
2049,608,1,2
2049,609,1,2
2049,610,1,2
2049,611,1,2
2049,612,1,2
2049,613,1,2
2049,614,1,2
2049,615,1,2
2049,616,1,2
2049,617,1,2
2049,618,1,2
2049,619,1,2
2049,620,1,2
2049,621,1,2
2049,622,1,2
2049,623,1,2
2049,624,1,2
2049,625,1,2
2049,626,1,2
2049,627,1,2
2049,628,1,2
2049,629,1,2
2049,630,1,2
2049,631,1,2
2049,632,1,2
2049,633,1,2
2049,634,1,2
2049,635,1,2
2049,636,1,2
2049,637,1,2
2049,638,1,2
2049,639,1,2
2049,640,1,2
2049,641,1,2
2049,642,1,2
2049,643,1,2
2049,644,1,2
2050,127,1,2
2050,128,1,2
2050,129,1,2
2050,130,1,2
2050,131,1,2
2050,132,1,2
2050,133,1,3
2050,134,1,3
2050,135,1,3
2050,136,1,3
2050,137,1,3
2050,138,1,3
2050,139,1,3
2050,140,1,3
2050,141,1,3
2050,142,1,3
2050,143,1,3
2050,144,1,3
2050,145,1,3
2050,146,1,3
2050,147,1,3
2050,148,1,3
2050,149,1,3
2050,150,1,3
2050,151,1,3
2050,152,1,2
2050,153,1,2
2050,154,1,2
2050,155,1,2
2050,156,1,2
2050,157,1,2
2050,158,1,2
2050,159,1,2
2050,160,1,2
2050,161,1,2
2050,162,1,2
2050,163,1,2
2050,164,1,2
2050,165,1,2
2050,166,1,2
2050,167,1,2
2050,168,1,2
2050,169,1,2
2050,170,1,2
2050,171,1,2
2050,172,1,2
2050,173,1,2
2050,174,1,2
2050,175,1,2
2050,176,1,2
2050,177,1,2
2050,178,1,2
2050,179,1,2
2050,180,1,2
2050,181,1,2
2050,182,1,2
2050,183,1,2
2050,184,1,2
2050,185,1,2
2050,186,1,2
2050,187,1,2
2050,188,1,2
2050,189,1,2
2050,190,1,2
2050,191,1,2
2050,192,1,2
2050,193,1,2
2050,194,1,2
2050,195,1,2
2050,196,1,2
2050,197,1,2
2050,198,1,2
2050,199,1,2
2050,200,1,2
2050,201,1,2
2050,202,1,2
2050,203,1,2
2050,204,1,2
2050,205,1,2
2050,206,1,2
2050,207,1,2
2050,208,1,2
2050,209,1,2
2050,210,1,2
2050,211,1,2
2050,212,1,2
2050,213,1,2
2050,214,1,2
2050,215,1,2
2050,216,1,2
2050,217,1,2
2050,218,1,2
2050,219,1,2
2050,220,1,2
2050,221,1,2
2050,222,1,2
2050,223,1,2
2050,224,1,2
2050,225,1,2
2050,226,1,2
2050,227,1,2
2050,228,1,2
2050,229,1,2
2050,230,1,2
2050,231,1,2
2050,232,1,2
2050,233,1,2
2050,234,1,2
2050,235,1,2
2050,236,1,2
2050,237,1,2
2050,238,1,2
2050,239,1,2
2050,240,1,2
2050,241,1,2
2050,242,1,2
2050,243,1,2
2050,244,1,2
2050,245,1,2
2050,246,1,2
2050,247,1,2
2050,248,1,2
2050,249,1,2
2050,250,1,2
2050,251,1,2
2050,252,1,2
2050,253,1,2
2050,254,1,2
2050,255,1,2
2050,256,1,2
2050,257,1,2
2050,258,1,2
2050,259,1,2
2050,260,1,2
2050,261,1,2
2050,262,1,2
2050,263,1,2
2050,264,1,2
2050,265,1,2
2050,266,1,2
2050,267,1,2
2050,268,1,2
2050,269,1,2
2050,270,1,2
2050,271,1,2
2050,272,1,2
2050,273,1,2
2050,274,1,2
2050,275,1,2
2050,276,1,2
2050,277,1,2
2050,278,1,2
2050,279,1,2
2050,280,1,2
2050,281,1,2
2050,282,1,2
2050,283,1,2
2050,284,1,2
2050,285,1,2
2050,286,1,2
2050,287,1,2
2050,288,1,2
2050,289,1,2
2050,290,1,2
2050,291,1,2
2050,292,1,2
2050,293,1,2
2050,294,1,2
2050,295,1,2
2050,296,1,2
2050,297,1,2
2050,298,1,2
2050,299,1,2
2050,300,1,2
2050,301,1,2
2050,302,1,2
2050,303,1,2
2050,304,1,2
2050,305,1,2
2050,306,1,2
2050,307,1,2
2050,308,1,2
2050,309,1,2
2050,310,1,2
2050,311,1,2
2050,312,1,2
2050,313,1,2
2050,314,1,2
2050,315,1,2
2050,316,1,2
2050,317,1,2
2050,318,1,2
2050,319,1,2
2050,320,1,2
2050,321,1,2
2050,322,1,2
2050,323,1,2
2050,324,1,2
2050,325,1,2
2050,326,1,2
2050,327,1,2
2050,328,1,2
2050,329,1,2
2050,330,1,2
2050,331,1,2
2050,332,1,2
2050,333,1,2
2050,334,1,2
2050,335,1,2
2050,336,1,2
2050,337,1,2
2050,338,1,2
2050,339,1,2
2050,340,1,2
2050,341,1,2
2050,342,1,2
2050,343,1,2
2050,344,1,2
2050,345,1,2
2050,346,1,2
2050,347,1,2
2050,348,1,2
2050,349,1,2
2050,350,1,2
2050,351,1,2
2050,352,1,2
2050,353,1,2
2050,354,1,2
2050,355,1,2
2050,356,1,2
2050,357,1,2
2050,358,1,2
2050,359,1,2
2050,360,1,2
2050,361,1,2
2050,362,1,2
2050,363,1,2
2050,364,1,2
2050,365,1,2
2050,366,1,2
2050,367,1,2
2050,368,1,2
2050,369,1,2
2050,370,1,2
2050,371,1,2
2050,372,1,2
2050,373,1,2
2050,374,1,2
2050,375,1,2
2050,376,1,2
2050,377,1,2
2050,378,1,2
2050,379,1,2
2050,380,1,2
2050,381,1,2
2050,382,1,2
2050,383,1,2
2050,384,1,2
2050,385,1,2
2050,386,1,2
2050,387,1,2
2050,388,1,2
2050,389,1,2
2050,390,1,2
2050,391,1,2
2050,392,1,2
2050,393,1,2
2050,394,1,2
2050,395,1,2
2050,396,1,2
2050,397,1,2
2050,398,1,2
2050,399,1,2
2050,400,1,2
2050,401,1,2
2050,402,1,2
2050,403,1,2
2050,404,1,2
2050,405,1,2
2050,406,1,2
2050,407,1,2
2050,408,1,2
2050,409,1,2
2050,410,1,2
2050,411,1,2
2050,412,1,2
2050,413,1,2
2050,414,1,2
2050,415,1,2
2050,416,1,2
2050,417,1,2
2050,418,1,2
2050,419,1,2
2050,420,1,2
2050,421,1,2
2050,422,1,2
2050,423,1,2
2050,424,1,2
2050,425,1,2
2050,426,1,2
2050,427,1,2
2050,428,1,2
2050,429,1,2
2050,430,1,2
2050,431,1,2
2050,432,1,2
2050,433,1,2
2050,434,1,2
2050,435,1,2
2050,436,1,2
2050,437,1,2
2050,438,1,2
2050,439,1,2
2050,440,1,2
2050,441,1,2
2050,442,1,2
2050,443,1,2
2050,444,1,2
2050,445,1,2
2050,446,1,2
2050,447,1,2
2050,448,1,2
2050,449,1,2
2050,450,1,2
2050,451,1,2
2050,452,1,2
2050,453,1,2
2050,454,1,2
2050,455,1,2
2050,456,1,2
2050,457,1,2
2050,458,1,2
2050,459,1,2
2050,460,1,2
2050,461,1,3
2050,462,1,3
2050,463,1,3
2050,464,1,3
2050,465,1,3
2050,466,1,3
2050,467,1,3
2050,468,1,3
2050,469,1,3
2050,470,1,3
2050,471,1,3
2050,472,1,3
2050,473,1,3
2050,474,1,3
2050,475,1,3
2050,476,1,3
2050,477,1,3
2050,478,1,3
2050,479,1,3
2050,480,1,3
2050,481,1,3
2050,482,1,3
2050,483,1,3
2050,484,1,3
2050,485,1,3
2050,486,1,3
2050,487,1,3
2050,488,1,3
2050,489,1,3
2050,490,1,3
2050,491,1,3
2050,492,1,3
2050,493,1,3
2050,494,1,3
2050,495,1,3
2050,496,1,3
2050,497,1,3
2050,498,1,3
2050,499,1,2
2050,500,1,2
2050,501,1,2
2050,502,1,2
2050,503,1,2
2050,504,1,2
2050,505,1,2
2050,506,1,2
2050,507,1,2
2050,508,1,2
2050,509,1,2
2050,510,1,2
2050,511,1,2
2050,512,1,2
2050,513,1,2
2050,514,1,2
2050,515,1,2
2050,516,1,2
2050,517,1,2
2050,518,1,2
2050,519,1,2
2050,520,1,2
2050,521,1,2
2050,522,1,2
2050,523,1,2
2050,524,1,2
2050,525,1,2
2050,526,1,2
2050,527,1,2
2050,528,1,2
2050,529,1,2
2050,530,1,2
2050,531,1,2
2050,532,1,2
2050,533,1,2
2050,534,1,2
2050,535,1,2
2050,536,1,2
2050,537,1,2
2050,538,1,2
2050,539,1,2
2050,540,1,2
2050,541,1,2
2050,542,1,2
2050,543,1,2
2050,544,1,2
2050,545,1,2
2050,546,1,2
2050,547,1,2
2050,548,1,2
2050,549,1,2
2050,550,1,2
2050,551,1,2
2050,552,1,2
2050,553,1,2
2050,554,1,2
2050,555,1,2
2050,556,1,2
2050,557,1,2
2050,558,1,2
2050,559,1,2
2050,560,1,2
2050,561,1,2
2050,562,1,2
2050,563,1,2
2050,564,1,2
2050,565,1,2
2050,566,1,2
2050,567,1,2
2050,568,1,2
2050,569,1,2
2050,570,1,2
2050,571,1,2
2050,572,1,2
2050,573,1,2
2050,574,1,2
2050,575,1,2
2050,576,1,2
2050,577,1,2
2050,578,1,2
2050,579,1,2
2050,580,1,2
2050,581,1,2
2050,582,1,2
2050,583,1,2
2050,584,1,2
2050,585,1,2
2050,586,1,2
2050,587,1,2
2050,588,1,2
2050,589,1,2
2050,590,1,2
2050,591,1,2
2050,592,1,2
2050,593,1,2
2050,594,1,2
2050,595,1,2
2050,596,1,2
2050,597,1,2
2050,598,1,2
2050,599,1,2
2050,600,1,2
2050,601,1,2
2050,602,1,2
2050,603,1,2
2050,604,1,2
2050,605,1,2
2050,606,1,2
2050,607,1,2
2050,608,1,2
2050,609,1,2
2050,610,1,2
2050,611,1,2
2050,612,1,2
2050,613,1,2
2050,614,1,2
2050,615,1,2
2050,616,1,2
2050,617,1,2
2050,618,1,2
2050,619,1,2
2050,620,1,2
2050,621,1,2
2050,622,1,2
2050,623,1,2
2050,624,1,2
2050,625,1,2
2050,626,1,2
2050,627,1,2
2050,628,1,2
2050,629,1,2
2050,630,1,2
2050,631,1,2
2050,632,1,2
2050,633,1,2
2050,634,1,2
2050,635,1,2
2050,636,1,2
2050,637,1,2
2050,638,1,2
2050,639,1,2
2050,640,1,2
2050,641,1,2
2050,642,1,2
2050,643,1,2
2050,644,1,2
2051,127,1,2
2051,128,1,2
2051,129,1,2
2051,130,1,2
2051,131,1,2
2051,132,1,2
2051,133,1,2
2051,134,1,3
2051,135,1,3
2051,136,1,3
2051,137,1,3
2051,138,1,3
2051,139,1,3
2051,140,1,3
2051,141,1,3
2051,142,1,3
2051,143,1,3
2051,144,1,3
2051,145,1,3
2051,146,1,3
2051,147,1,3
2051,148,1,3
2051,149,1,3
2051,150,1,3
2051,151,1,2
2051,152,1,2
2051,153,1,2
2051,154,1,2
2051,155,1,2
2051,156,1,2
2051,157,1,2
2051,158,1,2
2051,159,1,2
2051,160,1,2
2051,161,1,2
2051,162,1,2
2051,163,1,2
2051,164,1,2
2051,165,1,2
2051,166,1,2
2051,167,1,2
2051,168,1,2
2051,169,1,2
2051,170,1,2
2051,171,1,2
2051,172,1,2
2051,173,1,2
2051,174,1,2
2051,175,1,2
2051,176,1,2
2051,177,1,2
2051,178,1,2
2051,179,1,2
2051,180,1,2
2051,181,1,2
2051,182,1,2
2051,183,1,2
2051,184,1,2
2051,185,1,2
2051,186,1,2
2051,187,1,2
2051,188,1,2
2051,189,1,2
2051,190,1,2
2051,191,1,2
2051,192,1,2
2051,193,1,2
2051,194,1,2
2051,195,1,2
2051,196,1,2
2051,197,1,2
2051,198,1,2
2051,199,1,2
2051,200,1,2
2051,201,1,2
2051,202,1,2
2051,203,1,2
2051,204,1,2
2051,205,1,2
2051,206,1,2
2051,207,1,2
2051,208,1,2
2051,209,1,2
2051,210,1,2
2051,211,1,2
2051,212,1,2
2051,213,1,2
2051,214,1,2
2051,215,1,2
2051,216,1,2
2051,217,1,2
2051,218,1,2
2051,219,1,2
2051,220,1,2
2051,221,1,2
2051,222,1,2
2051,223,1,2
2051,224,1,2
2051,225,1,2
2051,226,1,2
2051,227,1,2
2051,228,1,2
2051,229,1,2
2051,230,1,2
2051,231,1,2
2051,232,1,2
2051,233,1,2
2051,234,1,2
2051,235,1,2
2051,236,1,2
2051,237,1,2
2051,238,1,2
2051,239,1,2
2051,240,1,2
2051,241,1,2
2051,242,1,2
2051,243,1,2
2051,244,1,2
2051,245,1,2
2051,246,1,2
2051,247,1,2
2051,248,1,2
2051,249,1,2
2051,250,1,2
2051,251,1,2
2051,252,1,2
2051,253,1,2
2051,254,1,2
2051,255,1,2
2051,256,1,2
2051,257,1,2
2051,258,1,2
2051,259,1,2
2051,260,1,2
2051,261,1,2
2051,262,1,2
2051,263,1,2
2051,264,1,2
2051,265,1,2
2051,266,1,2
2051,267,1,2
2051,268,1,2
2051,269,1,2
2051,270,1,2
2051,271,1,2
2051,272,1,2
2051,273,1,2
2051,274,1,2
2051,275,1,2
2051,276,1,2
2051,277,1,2
2051,278,1,2
2051,279,1,2
2051,280,1,2
2051,281,1,2
2051,282,1,2
2051,283,1,2
2051,284,1,2
2051,285,1,2
2051,286,1,2
2051,287,1,2
2051,288,1,2
2051,289,1,2
2051,290,1,2
2051,291,1,2
2051,292,1,2
2051,293,1,2
2051,294,1,2
2051,295,1,2
2051,296,1,2
2051,297,1,2
2051,298,1,2
2051,299,1,2
2051,300,1,2
2051,301,1,2
2051,302,1,2
2051,303,1,2
2051,304,1,2
2051,305,1,2
2051,306,1,2
2051,307,1,2
2051,308,1,2
2051,309,1,2
2051,310,1,2
2051,311,1,2
2051,312,1,2
2051,313,1,2
2051,314,1,2
2051,315,1,2
2051,316,1,2
2051,317,1,2
2051,318,1,2
2051,319,1,2
2051,320,1,2
2051,321,1,2
2051,322,1,2
2051,323,1,2
2051,324,1,2
2051,325,1,2
2051,326,1,2
2051,327,1,2
2051,328,1,2
2051,329,1,2
2051,330,1,2
2051,331,1,2
2051,332,1,2
2051,333,1,2
2051,334,1,2
2051,335,1,2
2051,336,1,2
2051,337,1,2
2051,338,1,2
2051,339,1,2
2051,340,1,2
2051,341,1,2
2051,342,1,2
2051,343,1,2
2051,344,1,2
2051,345,1,2
2051,346,1,2
2051,347,1,2
2051,348,1,2
2051,349,1,2
2051,350,1,2
2051,351,1,2
2051,352,1,2
2051,353,1,2
2051,354,1,2
2051,355,1,2
2051,356,1,2
2051,357,1,2
2051,358,1,2
2051,359,1,2
2051,360,1,2
2051,361,1,2
2051,362,1,2
2051,363,1,2
2051,364,1,2
2051,365,1,2
2051,366,1,2
2051,367,1,2
2051,368,1,2
2051,369,1,2
2051,370,1,2
2051,371,1,2
2051,372,1,2
2051,373,1,2
2051,374,1,2
2051,375,1,2
2051,376,1,2
2051,377,1,2
2051,378,1,2
2051,379,1,2
2051,380,1,2
2051,381,1,2
2051,382,1,2
2051,383,1,2
2051,384,1,2
2051,385,1,2
2051,386,1,2
2051,387,1,2
2051,388,1,2
2051,389,1,2
2051,390,1,2
2051,391,1,2
2051,392,1,2
2051,393,1,2
2051,394,1,2
2051,395,1,2
2051,396,1,2
2051,397,1,2
2051,398,1,2
2051,399,1,2
2051,400,1,2
2051,401,1,2
2051,402,1,2
2051,403,1,2
2051,404,1,2
2051,405,1,2
2051,406,1,2
2051,407,1,2
2051,408,1,2
2051,409,1,2
2051,410,1,2
2051,411,1,2
2051,412,1,2
2051,413,1,2
2051,414,1,2
2051,415,1,2
2051,416,1,2
2051,417,1,2
2051,418,1,2
2051,419,1,2
2051,420,1,2
2051,421,1,2
2051,422,1,2
2051,423,1,2
2051,424,1,2
2051,425,1,2
2051,426,1,2
2051,427,1,2
2051,428,1,2
2051,429,1,2
2051,430,1,2
2051,431,1,2
2051,432,1,2
2051,433,1,2
2051,434,1,2
2051,435,1,2
2051,436,1,2
2051,437,1,2
2051,438,1,2
2051,439,1,2
2051,440,1,2
2051,441,1,2
2051,442,1,2
2051,443,1,2
2051,444,1,2
2051,445,1,2
2051,446,1,2
2051,447,1,2
2051,448,1,2
2051,449,1,2
2051,450,1,2
2051,451,1,2
2051,452,1,2
2051,453,1,2
2051,454,1,2
2051,455,1,2
2051,456,1,2
2051,457,1,2
2051,458,1,2
2051,459,1,2
2051,460,1,2
2051,461,1,3
2051,462,1,3
2051,463,1,3
2051,464,1,3
2051,465,1,3
2051,466,1,3
2051,467,1,3
2051,468,1,3
2051,469,1,3
2051,470,1,3
2051,471,1,3
2051,472,1,3
2051,473,1,3
2051,474,1,3
2051,475,1,3
2051,476,1,3
2051,477,1,3
2051,478,1,3
2051,479,1,3
2051,480,1,3
2051,481,1,3
2051,482,1,3
2051,483,1,3
2051,484,1,3
2051,485,1,3
2051,486,1,3
2051,487,1,3
2051,488,1,3
2051,489,1,3
2051,490,1,3
2051,491,1,3
2051,492,1,3
2051,493,1,3
2051,494,1,3
2051,495,1,3
2051,496,1,3
2051,497,1,3
2051,498,1,2
2051,499,1,2
2051,500,1,2
2051,501,1,2
2051,502,1,2
2051,503,1,2
2051,504,1,2
2051,505,1,2
2051,506,1,2
2051,507,1,2
2051,508,1,2
2051,509,1,2
2051,510,1,2
2051,511,1,2
2051,512,1,2
2051,513,1,2
2051,514,1,2
2051,515,1,2
2051,516,1,2
2051,517,1,2
2051,518,1,2
2051,519,1,2
2051,520,1,2
2051,521,1,2
2051,522,1,2
2051,523,1,2
2051,524,1,2
2051,525,1,2
2051,526,1,2
2051,527,1,2
2051,528,1,2
2051,529,1,2
2051,530,1,2
2051,531,1,2
2051,532,1,2
2051,533,1,2
2051,534,1,2
2051,535,1,2
2051,536,1,2
2051,537,1,2
2051,538,1,2
2051,539,1,2
2051,540,1,2
2051,541,1,2
2051,542,1,2
2051,543,1,2
2051,544,1,2
2051,545,1,2
2051,546,1,2
2051,547,1,2
2051,548,1,2
2051,549,1,2
2051,550,1,2
2051,551,1,2
2051,552,1,2
2051,553,1,2
2051,554,1,2
2051,555,1,2
2051,556,1,2
2051,557,1,2
2051,558,1,2
2051,559,1,2
2051,560,1,2
2051,561,1,2
2051,562,1,2
2051,563,1,2
2051,564,1,2
2051,565,1,2
2051,566,1,2
2051,567,1,2
2051,568,1,2
2051,569,1,2
2051,570,1,2
2051,571,1,2
2051,572,1,2
2051,573,1,2
2051,574,1,2
2051,575,1,2
2051,576,1,2
2051,577,1,2
2051,578,1,2
2051,579,1,2
2051,580,1,2
2051,581,1,2
2051,582,1,2
2051,583,1,2
2051,584,1,2
2051,585,1,2
2051,586,1,2
2051,587,1,2
2051,588,1,2
2051,589,1,2
2051,590,1,2
2051,591,1,2
2051,592,1,2
2051,593,1,2
2051,594,1,2
2051,595,1,2
2051,596,1,2
2051,597,1,2
2051,598,1,2
2051,599,1,2
2051,600,1,2
2051,601,1,2
2051,602,1,2
2051,603,1,2
2051,604,1,2
2051,605,1,2
2051,606,1,2
2051,607,1,2
2051,608,1,2
2051,609,1,2
2051,610,1,2
2051,611,1,2
2051,612,1,2
2051,613,1,2
2051,614,1,2
2051,615,1,2
2051,616,1,2
2051,617,1,2
2051,618,1,2
2051,619,1,2
2051,620,1,2
2051,621,1,2
2051,622,1,2
2051,623,1,2
2051,624,1,2
2051,625,1,2
2051,626,1,2
2051,627,1,2
2051,628,1,2
2051,629,1,2
2051,630,1,2
2051,631,1,2
2051,632,1,2
2051,633,1,2
2051,634,1,2
2051,635,1,2
2051,636,1,2
2051,637,1,2
2051,638,1,2
2051,639,1,2
2051,640,1,2
2051,641,1,2
2051,642,1,2
2051,643,1,2
2051,644,1,2
2051,645,1,2
2052,128,1,2
2052,129,1,2
2052,130,1,2
2052,131,1,2
2052,132,1,2
2052,133,1,2
2052,134,1,3
2052,135,1,3
2052,136,1,3
2052,137,1,3
2052,138,1,3
2052,139,1,3
2052,140,1,3
2052,141,1,3
2052,142,1,3
2052,143,1,3
2052,144,1,3
2052,145,1,3
2052,146,1,3
2052,147,1,3
2052,148,1,3
2052,149,1,3
2052,150,1,3
2052,151,1,2
2052,152,1,2
2052,153,1,2
2052,154,1,2
2052,155,1,2
2052,156,1,2
2052,157,1,2
2052,158,1,2
2052,159,1,2
2052,160,1,2
2052,161,1,2
2052,162,1,2
2052,163,1,2
2052,164,1,2
2052,165,1,2
2052,166,1,2
2052,167,1,2
2052,168,1,2
2052,169,1,2
2052,170,1,2
2052,171,1,2
2052,172,1,2
2052,173,1,2
2052,174,1,2
2052,175,1,2
2052,176,1,2
2052,177,1,2
2052,178,1,2
2052,179,1,2
2052,180,1,2
2052,181,1,2
2052,182,1,2
2052,183,1,2
2052,184,1,2
2052,185,1,2
2052,186,1,2
2052,187,1,2
2052,188,1,2
2052,189,1,2
2052,190,1,2
2052,191,1,2
2052,192,1,2
2052,193,1,2
2052,194,1,2
2052,195,1,2
2052,196,1,2
2052,197,1,2
2052,198,1,2
2052,199,1,2
2052,200,1,2
2052,201,1,2
2052,202,1,2
2052,203,1,2
2052,204,1,2
2052,205,1,2
2052,206,1,2
2052,207,1,2
2052,208,1,2
2052,209,1,2
2052,210,1,2
2052,211,1,2
2052,212,1,2
2052,213,1,2
2052,214,1,2
2052,215,1,2
2052,216,1,2
2052,217,1,2
2052,218,1,2
2052,219,1,2
2052,220,1,2
2052,221,1,2
2052,222,1,2
2052,223,1,2
2052,224,1,2
2052,225,1,2
2052,226,1,2
2052,227,1,2
2052,228,1,2
2052,229,1,2
2052,230,1,2
2052,231,1,2
2052,232,1,2
2052,233,1,2
2052,234,1,2
2052,235,1,2
2052,236,1,2
2052,237,1,2
2052,238,1,2
2052,239,1,2
2052,240,1,2
2052,241,1,2
2052,242,1,2
2052,243,1,2
2052,244,1,2
2052,245,1,2
2052,246,1,2
2052,247,1,2
2052,248,1,2
2052,249,1,2
2052,250,1,2
2052,251,1,2
2052,252,1,2
2052,253,1,2
2052,254,1,2
2052,255,1,2
2052,256,1,2
2052,257,1,2
2052,258,1,2
2052,259,1,2
2052,260,1,2
2052,261,1,2
2052,262,1,2
2052,263,1,2
2052,264,1,2
2052,265,1,2
2052,266,1,2
2052,267,1,2
2052,268,1,2
2052,269,1,2
2052,270,1,2
2052,271,1,2
2052,272,1,2
2052,273,1,2
2052,274,1,2
2052,275,1,2
2052,276,1,2
2052,277,1,2
2052,278,1,2
2052,279,1,2
2052,280,1,2
2052,281,1,2
2052,282,1,2
2052,283,1,2
2052,284,1,2
2052,285,1,2
2052,286,1,2
2052,287,1,2
2052,288,1,2
2052,289,1,2
2052,290,1,2
2052,291,1,2
2052,292,1,2
2052,293,1,2
2052,294,1,2
2052,295,1,2
2052,296,1,2
2052,297,1,2
2052,298,1,2
2052,299,1,2
2052,300,1,2
2052,301,1,2
2052,302,1,2
2052,303,1,2
2052,304,1,2
2052,305,1,2
2052,306,1,2
2052,307,1,2
2052,308,1,2
2052,309,1,2
2052,310,1,2
2052,311,1,2
2052,312,1,2
2052,313,1,2
2052,314,1,2
2052,315,1,2
2052,316,1,2
2052,317,1,2
2052,318,1,2
2052,319,1,2
2052,320,1,2
2052,321,1,2
2052,322,1,2
2052,323,1,2
2052,324,1,2
2052,325,1,2
2052,326,1,2
2052,327,1,2
2052,328,1,2
2052,329,1,2
2052,330,1,2
2052,331,1,2
2052,332,1,2
2052,333,1,2
2052,334,1,2
2052,335,1,2
2052,336,1,2
2052,337,1,2
2052,338,1,2
2052,339,1,2
2052,340,1,2
2052,341,1,2
2052,342,1,2
2052,343,1,2
2052,344,1,2
2052,345,1,2
2052,346,1,2
2052,347,1,2
2052,348,1,2
2052,349,1,2
2052,350,1,2
2052,351,1,2
2052,352,1,2
2052,353,1,2
2052,354,1,2
2052,355,1,2
2052,356,1,2
2052,357,1,2
2052,358,1,2
2052,359,1,2
2052,360,1,2
2052,361,1,2
2052,362,1,2
2052,363,1,2
2052,364,1,2
2052,365,1,2
2052,366,1,2
2052,367,1,2
2052,368,1,2
2052,369,1,2
2052,370,1,2
2052,371,1,2
2052,372,1,2
2052,373,1,2
2052,374,1,2
2052,375,1,2
2052,376,1,2
2052,377,1,2
2052,378,1,2
2052,379,1,2
2052,380,1,2
2052,381,1,2
2052,382,1,2
2052,383,1,2
2052,384,1,2
2052,385,1,2
2052,386,1,2
2052,387,1,2
2052,388,1,2
2052,389,1,2
2052,390,1,2
2052,391,1,2
2052,392,1,2
2052,393,1,2
2052,394,1,2
2052,395,1,2
2052,396,1,2
2052,397,1,2
2052,398,1,2
2052,399,1,2
2052,400,1,2
2052,401,1,2
2052,402,1,2
2052,403,1,2
2052,404,1,2
2052,405,1,2
2052,406,1,2
2052,407,1,2
2052,408,1,2
2052,409,1,2
2052,410,1,2
2052,411,1,2
2052,412,1,2
2052,413,1,2
2052,414,1,2
2052,415,1,2
2052,416,1,2
2052,417,1,2
2052,418,1,2
2052,419,1,2
2052,420,1,2
2052,421,1,2
2052,422,1,2
2052,423,1,2
2052,424,1,2
2052,425,1,2
2052,426,1,2
2052,427,1,2
2052,428,1,2
2052,429,1,2
2052,430,1,2
2052,431,1,2
2052,432,1,2
2052,433,1,2
2052,434,1,2
2052,435,1,2
2052,436,1,2
2052,437,1,2
2052,438,1,2
2052,439,1,2
2052,440,1,2
2052,441,1,2
2052,442,1,2
2052,443,1,2
2052,444,1,2
2052,445,1,2
2052,446,1,2
2052,447,1,2
2052,448,1,2
2052,449,1,2
2052,450,1,2
2052,451,1,2
2052,452,1,2
2052,453,1,2
2052,454,1,2
2052,455,1,2
2052,456,1,2
2052,457,1,2
2052,458,1,2
2052,459,1,2
2052,460,1,2
2052,461,1,2
2052,462,1,2
2052,463,1,3
2052,464,1,3
2052,465,1,3
2052,466,1,3
2052,467,1,3
2052,468,1,3
2052,469,1,3
2052,470,1,3
2052,471,1,3
2052,472,1,3
2052,473,1,3
2052,474,1,3
2052,475,1,3
2052,476,1,3
2052,477,1,3
2052,478,1,3
2052,479,1,3
2052,480,1,3
2052,481,1,3
2052,482,1,3
2052,483,1,3
2052,484,1,3
2052,485,1,3
2052,486,1,3
2052,487,1,3
2052,488,1,3
2052,489,1,3
2052,490,1,3
2052,491,1,3
2052,492,1,3
2052,493,1,3
2052,494,1,3
2052,495,1,3
2052,496,1,3
2052,497,1,2
2052,498,1,2
2052,499,1,2
2052,500,1,2
2052,501,1,2
2052,502,1,2
2052,503,1,2
2052,504,1,2
2052,505,1,2
2052,506,1,2
2052,507,1,2
2052,508,1,2
2052,509,1,2
2052,510,1,2
2052,511,1,2
2052,512,1,2
2052,513,1,2
2052,514,1,2
2052,515,1,2
2052,516,1,2
2052,517,1,2
2052,518,1,2
2052,519,1,2
2052,520,1,2
2052,521,1,2
2052,522,1,2
2052,523,1,2
2052,524,1,2
2052,525,1,2
2052,526,1,2
2052,527,1,2
2052,528,1,2
2052,529,1,2
2052,530,1,2
2052,531,1,2
2052,532,1,2
2052,533,1,2
2052,534,1,2
2052,535,1,2
2052,536,1,2
2052,537,1,2
2052,538,1,2
2052,539,1,2
2052,540,1,2
2052,541,1,2
2052,542,1,2
2052,543,1,2
2052,544,1,2
2052,545,1,2
2052,546,1,2
2052,547,1,2
2052,548,1,2
2052,549,1,2
2052,550,1,2
2052,551,1,2
2052,552,1,2
2052,553,1,2
2052,554,1,2
2052,555,1,2
2052,556,1,2
2052,557,1,2
2052,558,1,2
2052,559,1,2
2052,560,1,2
2052,561,1,2
2052,562,1,2
2052,563,1,2
2052,564,1,2
2052,565,1,2
2052,566,1,2
2052,567,1,2
2052,568,1,2
2052,569,1,2
2052,570,1,2
2052,571,1,2
2052,572,1,2
2052,573,1,2
2052,574,1,2
2052,575,1,2
2052,576,1,2
2052,577,1,2
2052,578,1,2
2052,579,1,2
2052,580,1,2
2052,581,1,2
2052,582,1,2
2052,583,1,2
2052,584,1,2
2052,585,1,2
2052,586,1,2
2052,587,1,2
2052,588,1,2
2052,589,1,2
2052,590,1,2
2052,591,1,2
2052,592,1,2
2052,593,1,2
2052,594,1,2
2052,595,1,2
2052,596,1,2
2052,597,1,2
2052,598,1,2
2052,599,1,2
2052,600,1,2
2052,601,1,2
2052,602,1,2
2052,603,1,2
2052,604,1,2
2052,605,1,2
2052,606,1,2
2052,607,1,2
2052,608,1,2
2052,609,1,2
2052,610,1,2
2052,611,1,2
2052,612,1,2
2052,613,1,2
2052,614,1,2
2052,615,1,2
2052,616,1,2
2052,617,1,2
2052,618,1,2
2052,619,1,2
2052,620,1,2
2052,621,1,2
2052,622,1,2
2052,623,1,2
2052,624,1,2
2052,625,1,2
2052,626,1,2
2052,627,1,2
2052,628,1,2
2052,629,1,2
2052,630,1,2
2052,631,1,2
2052,632,1,2
2052,633,1,2
2052,634,1,2
2052,635,1,2
2052,636,1,2
2052,637,1,2
2052,638,1,2
2052,639,1,2
2052,640,1,2
2052,641,1,2
2052,642,1,2
2052,643,1,2
2052,644,1,2
2052,645,1,2
2053,128,1,2
2053,129,1,2
2053,130,1,2
2053,131,1,2
2053,132,1,2
2053,133,1,2
2053,134,1,2
2053,135,1,3
2053,136,1,3
2053,137,1,3
2053,138,1,3
2053,139,1,3
2053,140,1,3
2053,141,1,3
2053,142,1,3
2053,143,1,3
2053,144,1,3
2053,145,1,3
2053,146,1,3
2053,147,1,3
2053,148,1,3
2053,149,1,2
2053,150,1,2
2053,151,1,2
2053,152,1,2
2053,153,1,2
2053,154,1,2
2053,155,1,2
2053,156,1,2
2053,157,1,2
2053,158,1,2
2053,159,1,2
2053,160,1,2
2053,161,1,2
2053,162,1,2
2053,163,1,2
2053,164,1,2
2053,165,1,2
2053,166,1,2
2053,167,1,2
2053,168,1,2
2053,169,1,2
2053,170,1,2
2053,171,1,2
2053,172,1,2
2053,173,1,2
2053,174,1,2
2053,175,1,2
2053,176,1,2
2053,177,1,2
2053,178,1,2
2053,179,1,2
2053,180,1,2
2053,181,1,2
2053,182,1,2
2053,183,1,2
2053,184,1,2
2053,185,1,2
2053,186,1,2
2053,187,1,2
2053,188,1,2
2053,189,1,2
2053,190,1,2
2053,191,1,2
2053,192,1,2
2053,193,1,2
2053,194,1,2
2053,195,1,2
2053,196,1,2
2053,197,1,2
2053,198,1,2
2053,199,1,2
2053,200,1,2
2053,201,1,2
2053,202,1,2
2053,203,1,2
2053,204,1,2
2053,205,1,2
2053,206,1,2
2053,207,1,2
2053,208,1,2
2053,209,1,2
2053,210,1,2
2053,211,1,2
2053,212,1,2
2053,213,1,2
2053,214,1,2
2053,215,1,2
2053,216,1,2
2053,217,1,2
2053,218,1,2
2053,219,1,2
2053,220,1,2
2053,221,1,2
2053,222,1,2
2053,223,1,2
2053,224,1,2
2053,225,1,2
2053,226,1,2
2053,227,1,2
2053,228,1,2
2053,229,1,2
2053,230,1,2
2053,231,1,2
2053,232,1,2
2053,233,1,2
2053,234,1,2
2053,235,1,2
2053,236,1,2
2053,237,1,2
2053,238,1,2
2053,239,1,2
2053,240,1,2
2053,241,1,2
2053,242,1,2
2053,243,1,2
2053,244,1,2
2053,245,1,2
2053,246,1,2
2053,247,1,2
2053,248,1,2
2053,249,1,2
2053,250,1,2
2053,251,1,2
2053,252,1,2
2053,253,1,2
2053,254,1,2
2053,255,1,2
2053,256,1,2
2053,257,1,2
2053,258,1,2
2053,259,1,2
2053,260,1,2
2053,261,1,2
2053,262,1,2
2053,263,1,2
2053,264,1,2
2053,265,1,2
2053,266,1,2
2053,267,1,2
2053,268,1,2
2053,269,1,2
2053,270,1,2
2053,271,1,2
2053,272,1,2
2053,273,1,2
2053,274,1,2
2053,275,1,2
2053,276,1,2
2053,277,1,2
2053,278,1,2
2053,279,1,2
2053,280,1,2
2053,281,1,2
2053,282,1,2
2053,283,1,2
2053,284,1,2
2053,285,1,2
2053,286,1,2
2053,287,1,2
2053,288,1,2
2053,289,1,2
2053,290,1,2
2053,291,1,2
2053,292,1,2
2053,293,1,2
2053,294,1,2
2053,295,1,2
2053,296,1,2
2053,297,1,2
2053,298,1,2
2053,299,1,2
2053,300,1,2
2053,301,1,2
2053,302,1,2
2053,303,1,2
2053,304,1,2
2053,305,1,2
2053,306,1,2
2053,307,1,2
2053,308,1,2
2053,309,1,2
2053,310,1,2
2053,311,1,2
2053,312,1,2
2053,313,1,2
2053,314,1,2
2053,315,1,2
2053,316,1,2
2053,317,1,2
2053,318,1,2
2053,319,1,2
2053,320,1,2
2053,321,1,2
2053,322,1,2
2053,323,1,2
2053,324,1,2
2053,325,1,2
2053,326,1,2
2053,327,1,2
2053,328,1,2
2053,329,1,2
2053,330,1,2
2053,331,1,2
2053,332,1,2
2053,333,1,2
2053,334,1,2
2053,335,1,2
2053,336,1,2
2053,337,1,2
2053,338,1,2
2053,339,1,2
2053,340,1,2
2053,341,1,2
2053,342,1,2
2053,343,1,2
2053,344,1,2
2053,345,1,2
2053,346,1,2
2053,347,1,2
2053,348,1,2
2053,349,1,2
2053,350,1,2
2053,351,1,2
2053,352,1,2
2053,353,1,2
2053,354,1,2
2053,355,1,2
2053,356,1,2
2053,357,1,2
2053,358,1,2
2053,359,1,2
2053,360,1,2
2053,361,1,2
2053,362,1,2
2053,363,1,2
2053,364,1,2
2053,365,1,2
2053,366,1,2
2053,367,1,2
2053,368,1,2
2053,369,1,2
2053,370,1,2
2053,371,1,2
2053,372,1,2
2053,373,1,2
2053,374,1,2
2053,375,1,2
2053,376,1,2
2053,377,1,2
2053,378,1,2
2053,379,1,2
2053,380,1,2
2053,381,1,2
2053,382,1,2
2053,383,1,2
2053,384,1,2
2053,385,1,2
2053,386,1,2
2053,387,1,2
2053,388,1,2
2053,389,1,2
2053,390,1,2
2053,391,1,2
2053,392,1,2
2053,393,1,2
2053,394,1,2
2053,395,1,2
2053,396,1,2
2053,397,1,2
2053,398,1,2
2053,399,1,2
2053,400,1,2
2053,401,1,2
2053,402,1,2
2053,403,1,2
2053,404,1,2
2053,405,1,2
2053,406,1,2
2053,407,1,2
2053,408,1,2
2053,409,1,2
2053,410,1,2
2053,411,1,2
2053,412,1,2
2053,413,1,2
2053,414,1,2
2053,415,1,2
2053,416,1,2
2053,417,1,2
2053,418,1,2
2053,419,1,2
2053,420,1,2
2053,421,1,2
2053,422,1,2
2053,423,1,2
2053,424,1,2
2053,425,1,2
2053,426,1,2
2053,427,1,2
2053,428,1,2
2053,429,1,2
2053,430,1,2
2053,431,1,2
2053,432,1,2
2053,433,1,2
2053,434,1,2
2053,435,1,2
2053,436,1,2
2053,437,1,2
2053,438,1,2
2053,439,1,2
2053,440,1,2
2053,441,1,2
2053,442,1,2
2053,443,1,2
2053,444,1,2
2053,445,1,2
2053,446,1,2
2053,447,1,2
2053,448,1,2
2053,449,1,2
2053,450,1,2
2053,451,1,2
2053,452,1,2
2053,453,1,2
2053,454,1,2
2053,455,1,2
2053,456,1,2
2053,457,1,2
2053,458,1,2
2053,459,1,2
2053,460,1,2
2053,461,1,2
2053,462,1,2
2053,463,1,2
2053,464,1,3
2053,465,1,3
2053,466,1,3
2053,467,1,3
2053,468,1,3
2053,469,1,3
2053,470,1,3
2053,471,1,3
2053,472,1,3
2053,473,1,3
2053,474,1,3
2053,475,1,3
2053,476,1,3
2053,477,1,3
2053,478,1,3
2053,479,1,3
2053,480,1,3
2053,481,1,3
2053,482,1,3
2053,483,1,3
2053,484,1,3
2053,485,1,3
2053,486,1,3
2053,487,1,3
2053,488,1,3
2053,489,1,3
2053,490,1,3
2053,491,1,3
2053,492,1,3
2053,493,1,2
2053,494,1,2
2053,495,1,2
2053,496,1,2
2053,497,1,2
2053,498,1,2
2053,499,1,2
2053,500,1,2
2053,501,1,2
2053,502,1,2
2053,503,1,2
2053,504,1,2
2053,505,1,2
2053,506,1,2
2053,507,1,2
2053,508,1,2
2053,509,1,2
2053,510,1,2
2053,511,1,2
2053,512,1,2
2053,513,1,2
2053,514,1,2
2053,515,1,2
2053,516,1,2
2053,517,1,2
2053,518,1,2
2053,519,1,2
2053,520,1,2
2053,521,1,2
2053,522,1,2
2053,523,1,2
2053,524,1,2
2053,525,1,2
2053,526,1,2
2053,527,1,2
2053,528,1,2
2053,529,1,2
2053,530,1,2
2053,531,1,2
2053,532,1,2
2053,533,1,2
2053,534,1,2
2053,535,1,2
2053,536,1,2
2053,537,1,2
2053,538,1,2
2053,539,1,2
2053,540,1,2
2053,541,1,2
2053,542,1,2
2053,543,1,2
2053,544,1,2
2053,545,1,2
2053,546,1,2
2053,547,1,2
2053,548,1,2
2053,549,1,2
2053,550,1,2
2053,551,1,2
2053,552,1,2
2053,553,1,2
2053,554,1,2
2053,555,1,2
2053,556,1,2
2053,557,1,2
2053,558,1,2
2053,559,1,2
2053,560,1,2
2053,561,1,2
2053,562,1,2
2053,563,1,2
2053,564,1,2
2053,565,1,2
2053,566,1,2
2053,567,1,2
2053,568,1,2
2053,569,1,2
2053,570,1,2
2053,571,1,2
2053,572,1,2
2053,573,1,2
2053,574,1,2
2053,575,1,2
2053,576,1,2
2053,577,1,2
2053,578,1,2
2053,579,1,2
2053,580,1,2
2053,581,1,2
2053,582,1,2
2053,583,1,2
2053,584,1,2
2053,585,1,2
2053,586,1,2
2053,587,1,2
2053,588,1,2
2053,589,1,2
2053,590,1,2
2053,591,1,2
2053,592,1,2
2053,593,1,2
2053,594,1,2
2053,595,1,2
2053,596,1,2
2053,597,1,2
2053,598,1,2
2053,599,1,2
2053,600,1,2
2053,601,1,2
2053,602,1,2
2053,603,1,2
2053,604,1,2
2053,605,1,2
2053,606,1,2
2053,607,1,2
2053,608,1,2
2053,609,1,2
2053,610,1,2
2053,611,1,2
2053,612,1,2
2053,613,1,2
2053,614,1,2
2053,615,1,2
2053,616,1,2
2053,617,1,2
2053,618,1,2
2053,619,1,2
2053,620,1,2
2053,621,1,2
2053,622,1,2
2053,623,1,2
2053,624,1,2
2053,625,1,2
2053,626,1,2
2053,627,1,2
2053,628,1,2
2053,629,1,2
2053,630,1,2
2053,631,1,2
2053,632,1,2
2053,633,1,2
2053,634,1,2
2053,635,1,2
2053,636,1,2
2053,637,1,2
2053,638,1,2
2053,639,1,2
2053,640,1,2
2053,641,1,2
2053,642,1,2
2053,643,1,2
2054,128,1,2
2054,129,1,2
2054,130,1,2
2054,131,1,2
2054,132,1,2
2054,133,1,2
2054,134,1,2
2054,135,1,2
2054,136,1,2
2054,137,1,2
2054,138,1,3
2054,139,1,3
2054,140,1,3
2054,141,1,3
2054,142,1,3
2054,143,1,3
2054,144,1,3
2054,145,1,3
2054,146,1,3
2054,147,1,2
2054,148,1,2
2054,149,1,2
2054,150,1,2
2054,151,1,2
2054,152,1,2
2054,153,1,2
2054,154,1,2
2054,155,1,2
2054,156,1,2
2054,157,1,2
2054,158,1,2
2054,159,1,2
2054,160,1,2
2054,161,1,2
2054,162,1,2
2054,163,1,2
2054,164,1,2
2054,165,1,2
2054,166,1,2
2054,167,1,2
2054,168,1,2
2054,169,1,2
2054,170,1,2
2054,171,1,2
2054,172,1,2
2054,173,1,2
2054,174,1,2
2054,175,1,2
2054,176,1,2
2054,177,1,2
2054,178,1,2
2054,179,1,2
2054,180,1,2
2054,181,1,2
2054,182,1,2
2054,183,1,2
2054,184,1,2
2054,185,1,2
2054,186,1,2
2054,187,1,2
2054,188,1,2
2054,189,1,2
2054,190,1,2
2054,191,1,2
2054,192,1,2
2054,193,1,2
2054,194,1,2
2054,195,1,2
2054,196,1,2
2054,197,1,2
2054,198,1,2
2054,199,1,2
2054,200,1,2
2054,201,1,2
2054,202,1,2
2054,203,1,2
2054,204,1,2
2054,205,1,2
2054,206,1,2
2054,207,1,2
2054,208,1,2
2054,209,1,2
2054,210,1,2
2054,211,1,2
2054,212,1,2
2054,213,1,2
2054,214,1,2
2054,215,1,2
2054,216,1,2
2054,217,1,2
2054,218,1,2
2054,219,1,2
2054,220,1,2
2054,221,1,2
2054,222,1,2
2054,223,1,2
2054,224,1,2
2054,225,1,2
2054,226,1,2
2054,227,1,2
2054,228,1,2
2054,229,1,2
2054,230,1,2
2054,231,1,2
2054,232,1,2
2054,233,1,2
2054,234,1,2
2054,235,1,2
2054,236,1,2
2054,237,1,2
2054,238,1,2
2054,239,1,2
2054,240,1,2
2054,241,1,2
2054,242,1,2
2054,243,1,2
2054,244,1,2
2054,245,1,2
2054,246,1,2
2054,247,1,2
2054,248,1,2
2054,249,1,2
2054,250,1,2
2054,251,1,2
2054,252,1,2
2054,253,1,2
2054,254,1,2
2054,255,1,2
2054,256,1,2
2054,257,1,2
2054,258,1,2
2054,259,1,2
2054,260,1,2
2054,261,1,2
2054,262,1,2
2054,263,1,2
2054,264,1,2
2054,265,1,2
2054,266,1,2
2054,267,1,2
2054,268,1,2
2054,269,1,2
2054,270,1,2
2054,271,1,2
2054,272,1,2
2054,273,1,2
2054,274,1,2
2054,275,1,2
2054,276,1,2
2054,277,1,2
2054,278,1,2
2054,279,1,2
2054,280,1,2
2054,281,1,2
2054,282,1,2
2054,283,1,2
2054,284,1,2
2054,285,1,2
2054,286,1,2
2054,287,1,2
2054,288,1,2
2054,289,1,2
2054,290,1,2
2054,291,1,2
2054,292,1,2
2054,293,1,2
2054,294,1,2
2054,295,1,2
2054,296,1,2
2054,297,1,2
2054,298,1,2
2054,299,1,2
2054,300,1,2
2054,301,1,2
2054,302,1,2
2054,303,1,2
2054,304,1,2
2054,305,1,2
2054,306,1,2
2054,307,1,2
2054,308,1,2
2054,309,1,2
2054,310,1,2
2054,311,1,2
2054,312,1,2
2054,313,1,2
2054,314,1,2
2054,315,1,2
2054,316,1,2
2054,317,1,2
2054,318,1,2
2054,319,1,2
2054,320,1,2
2054,321,1,2
2054,322,1,2
2054,323,1,2
2054,324,1,2
2054,325,1,2
2054,326,1,2
2054,327,1,2
2054,328,1,2
2054,329,1,2
2054,330,1,2
2054,331,1,2
2054,332,1,2
2054,333,1,2
2054,334,1,2
2054,335,1,2
2054,336,1,2
2054,337,1,2
2054,338,1,2
2054,339,1,2
2054,340,1,2
2054,341,1,2
2054,342,1,2
2054,343,1,2
2054,344,1,2
2054,345,1,2
2054,346,1,2
2054,347,1,2
2054,348,1,2
2054,349,1,2
2054,350,1,2
2054,351,1,2
2054,352,1,2
2054,353,1,2
2054,354,1,2
2054,355,1,2
2054,356,1,2
2054,357,1,2
2054,358,1,2
2054,359,1,2
2054,360,1,2
2054,361,1,2
2054,362,1,2
2054,363,1,2
2054,364,1,2
2054,365,1,2
2054,366,1,2
2054,367,1,2
2054,368,1,2
2054,369,1,2
2054,370,1,2
2054,371,1,2
2054,372,1,2
2054,373,1,2
2054,374,1,2
2054,375,1,2
2054,376,1,2
2054,377,1,2
2054,378,1,2
2054,379,1,2
2054,380,1,2
2054,381,1,2
2054,382,1,2
2054,383,1,2
2054,384,1,2
2054,385,1,2
2054,386,1,2
2054,387,1,2
2054,388,1,2
2054,389,1,2
2054,390,1,2
2054,391,1,2
2054,392,1,2
2054,393,1,2
2054,394,1,2
2054,395,1,2
2054,396,1,2
2054,397,1,2
2054,398,1,2
2054,399,1,2
2054,400,1,2
2054,401,1,2
2054,402,1,2
2054,403,1,2
2054,404,1,2
2054,405,1,2
2054,406,1,2
2054,407,1,2
2054,408,1,2
2054,409,1,2
2054,410,1,2
2054,411,1,2
2054,412,1,2
2054,413,1,2
2054,414,1,2
2054,415,1,2
2054,416,1,2
2054,417,1,2
2054,418,1,2
2054,419,1,2
2054,420,1,2
2054,421,1,2
2054,422,1,2
2054,423,1,2
2054,424,1,2
2054,425,1,2
2054,426,1,2
2054,427,1,2
2054,428,1,2
2054,429,1,2
2054,430,1,2
2054,431,1,2
2054,432,1,2
2054,433,1,2
2054,434,1,2
2054,435,1,2
2054,436,1,2
2054,437,1,2
2054,438,1,2
2054,439,1,2
2054,440,1,2
2054,441,1,2
2054,442,1,2
2054,443,1,2
2054,444,1,2
2054,445,1,2
2054,446,1,2
2054,447,1,2
2054,448,1,2
2054,449,1,2
2054,450,1,2
2054,451,1,2
2054,452,1,2
2054,453,1,2
2054,454,1,2
2054,455,1,2
2054,456,1,2
2054,457,1,2
2054,458,1,2
2054,459,1,2
2054,460,1,2
2054,461,1,2
2054,462,1,2
2054,463,1,2
2054,464,1,2
2054,465,1,2
2054,466,1,2
2054,467,1,3
2054,468,1,3
2054,469,1,3
2054,470,1,3
2054,471,1,3
2054,472,1,3
2054,473,1,3
2054,474,1,3
2054,475,1,3
2054,476,1,3
2054,477,1,3
2054,478,1,3
2054,479,1,3
2054,480,1,3
2054,481,1,3
2054,482,1,3
2054,483,1,3
2054,484,1,3
2054,485,1,3
2054,486,1,3
2054,487,1,3
2054,488,1,3
2054,489,1,3
2054,490,1,3
2054,491,1,2
2054,492,1,2
2054,493,1,2
2054,494,1,2
2054,495,1,2
2054,496,1,2
2054,497,1,2
2054,498,1,2
2054,499,1,2
2054,500,1,2
2054,501,1,2
2054,502,1,2
2054,503,1,2
2054,504,1,2
2054,505,1,2
2054,506,1,2
2054,507,1,2
2054,508,1,2
2054,509,1,2
2054,510,1,2
2054,511,1,2
2054,512,1,2
2054,513,1,2
2054,514,1,2
2054,515,1,2
2054,516,1,2
2054,517,1,2
2054,518,1,2
2054,519,1,2
2054,520,1,2
2054,521,1,2
2054,522,1,2
2054,523,1,2
2054,524,1,2
2054,525,1,2
2054,526,1,2
2054,527,1,2
2054,528,1,2
2054,529,1,2
2054,530,1,2
2054,531,1,2
2054,532,1,2
2054,533,1,2
2054,534,1,2
2054,535,1,2
2054,536,1,2
2054,537,1,2
2054,538,1,2
2054,539,1,2
2054,540,1,2
2054,541,1,2
2054,542,1,2
2054,543,1,2
2054,544,1,2
2054,545,1,2
2054,546,1,2
2054,547,1,2
2054,548,1,2
2054,549,1,2
2054,550,1,2
2054,551,1,2
2054,552,1,2
2054,553,1,2
2054,554,1,2
2054,555,1,2
2054,556,1,2
2054,557,1,2
2054,558,1,2
2054,559,1,2
2054,560,1,2
2054,561,1,2
2054,562,1,2
2054,563,1,2
2054,564,1,2
2054,565,1,2
2054,566,1,2
2054,567,1,2
2054,568,1,2
2054,569,1,2
2054,570,1,2
2054,571,1,2
2054,572,1,2
2054,573,1,2
2054,574,1,2
2054,575,1,2
2054,576,1,2
2054,577,1,2
2054,578,1,2
2054,579,1,2
2054,580,1,2
2054,581,1,2
2054,582,1,2
2054,583,1,2
2054,584,1,2
2054,585,1,2
2054,586,1,2
2054,587,1,2
2054,588,1,2
2054,589,1,2
2054,590,1,2
2054,591,1,2
2054,592,1,2
2054,593,1,2
2054,594,1,2
2054,595,1,2
2054,596,1,2
2054,597,1,2
2054,598,1,2
2054,599,1,2
2054,600,1,2
2054,601,1,2
2054,602,1,2
2054,603,1,2
2054,604,1,2
2054,605,1,2
2054,606,1,2
2054,607,1,2
2054,608,1,2
2054,609,1,2
2054,610,1,2
2054,611,1,2
2054,612,1,2
2054,613,1,2
2054,614,1,2
2054,615,1,2
2054,616,1,2
2054,617,1,2
2054,618,1,2
2054,619,1,2
2054,620,1,2
2054,621,1,2
2054,622,1,2
2054,623,1,2
2054,624,1,2
2054,625,1,2
2054,626,1,2
2054,627,1,2
2054,628,1,2
2054,629,1,2
2054,630,1,2
2054,631,1,2
2054,632,1,2
2054,633,1,2
2054,634,1,2
2054,635,1,2
2054,636,1,2
2054,637,1,2
2054,638,1,2
2054,639,1,2
2054,640,1,2
2054,641,1,2
2054,642,1,2
2054,643,1,2
2055,129,1,2
2055,130,1,2
2055,131,1,2
2055,132,1,2
2055,133,1,2
2055,134,1,2
2055,135,1,2
2055,136,1,2
2055,137,1,2
2055,138,1,2
2055,139,1,2
2055,140,1,2
2055,141,1,2
2055,142,1,2
2055,143,1,2
2055,144,1,2
2055,145,1,2
2055,146,1,2
2055,147,1,2
2055,148,1,2
2055,149,1,2
2055,150,1,2
2055,151,1,2
2055,152,1,2
2055,153,1,2
2055,154,1,2
2055,155,1,2
2055,156,1,2
2055,157,1,2
2055,158,1,2
2055,159,1,2
2055,160,1,2
2055,161,1,2
2055,162,1,2
2055,163,1,2
2055,164,1,2
2055,165,1,2
2055,166,1,2
2055,167,1,2
2055,168,1,2
2055,169,1,2
2055,170,1,2
2055,171,1,2
2055,172,1,2
2055,173,1,2
2055,174,1,2
2055,175,1,2
2055,176,1,2
2055,177,1,2
2055,178,1,2
2055,179,1,2
2055,180,1,2
2055,181,1,2
2055,182,1,2
2055,183,1,2
2055,184,1,2
2055,185,1,2
2055,186,1,2
2055,187,1,2
2055,188,1,2
2055,189,1,2
2055,190,1,2
2055,191,1,2
2055,192,1,2
2055,193,1,2
2055,194,1,2
2055,195,1,2
2055,196,1,2
2055,197,1,2
2055,198,1,2
2055,199,1,2
2055,200,1,2
2055,201,1,2
2055,202,1,2
2055,203,1,2
2055,204,1,2
2055,205,1,2
2055,206,1,2
2055,207,1,2
2055,208,1,2
2055,209,1,2
2055,210,1,2
2055,211,1,2
2055,212,1,2
2055,213,1,2
2055,214,1,2
2055,215,1,2
2055,216,1,2
2055,217,1,2
2055,218,1,2
2055,219,1,2
2055,220,1,2
2055,221,1,2
2055,222,1,2
2055,223,1,2
2055,224,1,2
2055,225,1,2
2055,226,1,2
2055,227,1,2
2055,228,1,2
2055,229,1,2
2055,230,1,2
2055,231,1,2
2055,232,1,2
2055,233,1,2
2055,234,1,2
2055,235,1,2
2055,236,1,2
2055,237,1,2
2055,238,1,2
2055,239,1,2
2055,240,1,2
2055,241,1,2
2055,242,1,2
2055,243,1,2
2055,244,1,2
2055,245,1,2
2055,246,1,2
2055,247,1,2
2055,248,1,2
2055,249,1,2
2055,250,1,2
2055,251,1,2
2055,252,1,2
2055,253,1,2
2055,254,1,2
2055,255,1,2
2055,256,1,2
2055,257,1,2
2055,258,1,2
2055,259,1,2
2055,260,1,2
2055,261,1,2
2055,262,1,2
2055,263,1,2
2055,264,1,2
2055,265,1,2
2055,266,1,2
2055,267,1,2
2055,268,1,2
2055,269,1,2
2055,270,1,2
2055,271,1,2
2055,272,1,2
2055,273,1,2
2055,274,1,2
2055,275,1,2
2055,276,1,2
2055,277,1,2
2055,278,1,2
2055,279,1,2
2055,280,1,2
2055,281,1,2
2055,282,1,2
2055,283,1,2
2055,284,1,2
2055,285,1,2
2055,286,1,2
2055,287,1,2
2055,288,1,2
2055,289,1,2
2055,290,1,2
2055,291,1,2
2055,292,1,2
2055,293,1,2
2055,294,1,2
2055,295,1,2
2055,296,1,2
2055,297,1,2
2055,298,1,2
2055,299,1,2
2055,300,1,2
2055,301,1,2
2055,302,1,2
2055,303,1,2
2055,304,1,2
2055,305,1,2
2055,306,1,2
2055,307,1,2
2055,308,1,2
2055,309,1,2
2055,310,1,2
2055,311,1,2
2055,312,1,2
2055,313,1,2
2055,314,1,2
2055,315,1,2
2055,316,1,2
2055,317,1,2
2055,318,1,2
2055,319,1,2
2055,320,1,2
2055,321,1,2
2055,322,1,2
2055,323,1,2
2055,324,1,2
2055,325,1,2
2055,326,1,2
2055,327,1,2
2055,328,1,2
2055,329,1,2
2055,330,1,2
2055,331,1,2
2055,332,1,2
2055,333,1,2
2055,334,1,2
2055,335,1,2
2055,336,1,2
2055,337,1,2
2055,338,1,2
2055,339,1,2
2055,340,1,2
2055,341,1,2
2055,342,1,2
2055,343,1,2
2055,344,1,2
2055,345,1,2
2055,346,1,2
2055,347,1,2
2055,348,1,2
2055,349,1,2
2055,350,1,2
2055,351,1,2
2055,352,1,2
2055,353,1,2
2055,354,1,2
2055,355,1,2
2055,356,1,2
2055,357,1,2
2055,358,1,2
2055,359,1,2
2055,360,1,2
2055,361,1,2
2055,362,1,2
2055,363,1,2
2055,364,1,2
2055,365,1,2
2055,366,1,2
2055,367,1,2
2055,368,1,2
2055,369,1,2
2055,370,1,2
2055,371,1,2
2055,372,1,2
2055,373,1,2
2055,374,1,2
2055,375,1,2
2055,376,1,2
2055,377,1,2
2055,378,1,2
2055,379,1,2
2055,380,1,2
2055,381,1,2
2055,382,1,2
2055,383,1,2
2055,384,1,2
2055,385,1,2
2055,386,1,2
2055,387,1,2
2055,388,1,2
2055,389,1,2
2055,390,1,2
2055,391,1,2
2055,392,1,2
2055,393,1,2
2055,394,1,2
2055,395,1,2
2055,396,1,2
2055,397,1,2
2055,398,1,2
2055,399,1,2
2055,400,1,2
2055,401,1,2
2055,402,1,2
2055,403,1,2
2055,404,1,2
2055,405,1,2
2055,406,1,2
2055,407,1,2
2055,408,1,2
2055,409,1,2
2055,410,1,2
2055,411,1,2
2055,412,1,2
2055,413,1,2
2055,414,1,2
2055,415,1,2
2055,416,1,2
2055,417,1,2
2055,418,1,2
2055,419,1,2
2055,420,1,2
2055,421,1,2
2055,422,1,2
2055,423,1,2
2055,424,1,2
2055,425,1,2
2055,426,1,2
2055,427,1,2
2055,428,1,2
2055,429,1,2
2055,430,1,2
2055,431,1,2
2055,432,1,2
2055,433,1,2
2055,434,1,2
2055,435,1,2
2055,436,1,2
2055,437,1,2
2055,438,1,2
2055,439,1,2
2055,440,1,2
2055,441,1,2
2055,442,1,2
2055,443,1,2
2055,444,1,2
2055,445,1,2
2055,446,1,2
2055,447,1,2
2055,448,1,2
2055,449,1,2
2055,450,1,2
2055,451,1,2
2055,452,1,2
2055,453,1,2
2055,454,1,2
2055,455,1,2
2055,456,1,2
2055,457,1,2
2055,458,1,2
2055,459,1,2
2055,460,1,2
2055,461,1,2
2055,462,1,2
2055,463,1,2
2055,464,1,2
2055,465,1,2
2055,466,1,2
2055,467,1,2
2055,468,1,2
2055,469,1,3
2055,470,1,3
2055,471,1,3
2055,472,1,3
2055,473,1,3
2055,474,1,3
2055,475,1,3
2055,476,1,3
2055,477,1,3
2055,478,1,3
2055,479,1,3
2055,480,1,3
2055,481,1,3
2055,482,1,3
2055,483,1,3
2055,484,1,3
2055,485,1,3
2055,486,1,3
2055,487,1,2
2055,488,1,2
2055,489,1,2
2055,490,1,2
2055,491,1,2
2055,492,1,2
2055,493,1,2
2055,494,1,2
2055,495,1,2
2055,496,1,2
2055,497,1,2
2055,498,1,2
2055,499,1,2
2055,500,1,2
2055,501,1,2
2055,502,1,2
2055,503,1,2
2055,504,1,2
2055,505,1,2
2055,506,1,2
2055,507,1,2
2055,508,1,2
2055,509,1,2
2055,510,1,2
2055,511,1,2
2055,512,1,2
2055,513,1,2
2055,514,1,2
2055,515,1,2
2055,516,1,2
2055,517,1,2
2055,518,1,2
2055,519,1,2
2055,520,1,2
2055,521,1,2
2055,522,1,2
2055,523,1,2
2055,524,1,2
2055,525,1,2
2055,526,1,2
2055,527,1,2
2055,528,1,2
2055,529,1,2
2055,530,1,2
2055,531,1,2
2055,532,1,2
2055,533,1,2
2055,534,1,2
2055,535,1,2
2055,536,1,2
2055,537,1,2
2055,538,1,2
2055,539,1,2
2055,540,1,2
2055,541,1,2
2055,542,1,2
2055,543,1,2
2055,544,1,2
2055,545,1,2
2055,546,1,2
2055,547,1,2
2055,548,1,2
2055,549,1,2
2055,550,1,2
2055,551,1,2
2055,552,1,2
2055,553,1,2
2055,554,1,2
2055,555,1,2
2055,556,1,2
2055,557,1,2
2055,558,1,2
2055,559,1,2
2055,560,1,2
2055,561,1,2
2055,562,1,2
2055,563,1,2
2055,564,1,2
2055,565,1,2
2055,566,1,2
2055,567,1,2
2055,568,1,2
2055,569,1,2
2055,570,1,2
2055,571,1,2
2055,572,1,2
2055,573,1,2
2055,574,1,2
2055,575,1,2
2055,576,1,2
2055,577,1,2
2055,578,1,2
2055,579,1,2
2055,580,1,2
2055,581,1,2
2055,582,1,2
2055,583,1,2
2055,584,1,2
2055,585,1,2
2055,586,1,2
2055,587,1,2
2055,588,1,2
2055,589,1,2
2055,590,1,2
2055,591,1,2
2055,592,1,2
2055,593,1,2
2055,594,1,2
2055,595,1,2
2055,596,1,2
2055,597,1,2
2055,598,1,2
2055,599,1,2
2055,600,1,2
2055,601,1,2
2055,602,1,2
2055,603,1,2
2055,604,1,2
2055,605,1,2
2055,606,1,2
2055,607,1,2
2055,608,1,2
2055,609,1,2
2055,610,1,2
2055,611,1,2
2055,612,1,2
2055,613,1,2
2055,614,1,2
2055,615,1,2
2055,616,1,2
2055,617,1,2
2055,618,1,3
2055,619,1,3
2055,620,1,2
2055,621,1,2
2055,622,1,2
2055,623,1,2
2055,624,1,2
2055,625,1,2
2055,626,1,2
2055,627,1,2
2055,628,1,2
2055,629,1,2
2055,630,1,2
2055,631,1,2
2055,632,1,2
2055,633,1,2
2055,634,1,2
2055,635,1,2
2055,636,1,2
2055,637,1,2
2055,638,1,2
2055,639,1,2
2055,640,1,2
2055,641,1,2
2055,642,1,2
2055,643,1,2
2055,644,1,2
2056,129,1,2
2056,130,1,2
2056,131,1,2
2056,132,1,2
2056,133,1,2
2056,134,1,2
2056,135,1,2
2056,136,1,2
2056,137,1,2
2056,138,1,2
2056,139,1,2
2056,140,1,2
2056,141,1,2
2056,142,1,2
2056,143,1,2
2056,144,1,2
2056,145,1,2
2056,146,1,2
2056,147,1,2
2056,148,1,2
2056,149,1,2
2056,150,1,2
2056,151,1,2
2056,152,1,2
2056,153,1,2
2056,154,1,2
2056,155,1,2
2056,156,1,2
2056,157,1,2
2056,158,1,2
2056,159,1,2
2056,160,1,2
2056,161,1,2
2056,162,1,2
2056,163,1,2
2056,164,1,2
2056,165,1,2
2056,166,1,2
2056,167,1,2
2056,168,1,2
2056,169,1,2
2056,170,1,2
2056,171,1,2
2056,172,1,2
2056,173,1,2
2056,174,1,2
2056,175,1,2
2056,176,1,2
2056,177,1,2
2056,178,1,2
2056,179,1,2
2056,180,1,2
2056,181,1,2
2056,182,1,2
2056,183,1,2
2056,184,1,2
2056,185,1,2
2056,186,1,2
2056,187,1,2
2056,188,1,2
2056,189,1,2
2056,190,1,2
2056,191,1,2
2056,192,1,2
2056,193,1,2
2056,194,1,2
2056,195,1,2
2056,196,1,2
2056,197,1,2
2056,198,1,2
2056,199,1,2
2056,200,1,2
2056,201,1,2
2056,202,1,2
2056,203,1,2
2056,204,1,2
2056,205,1,2
2056,206,1,2
2056,207,1,2
2056,208,1,2
2056,209,1,2
2056,210,1,2
2056,211,1,2
2056,212,1,2
2056,213,1,2
2056,214,1,2
2056,215,1,2
2056,216,1,2
2056,217,1,2
2056,218,1,2
2056,219,1,2
2056,220,1,2
2056,221,1,2
2056,222,1,2
2056,223,1,2
2056,224,1,2
2056,225,1,2
2056,226,1,2
2056,227,1,2
2056,228,1,2
2056,229,1,2
2056,230,1,2
2056,231,1,2
2056,232,1,2
2056,233,1,2
2056,234,1,2
2056,235,1,2
2056,236,1,2
2056,237,1,2
2056,238,1,2
2056,239,1,2
2056,240,1,2
2056,241,1,2
2056,242,1,2
2056,243,1,2
2056,244,1,2
2056,245,1,2
2056,246,1,2
2056,247,1,2
2056,248,1,2
2056,249,1,2
2056,250,1,2
2056,251,1,2
2056,252,1,2
2056,253,1,2
2056,254,1,2
2056,255,1,2
2056,256,1,2
2056,257,1,2
2056,258,1,2
2056,259,1,2
2056,260,1,2
2056,261,1,2
2056,262,1,2
2056,263,1,2
2056,264,1,2
2056,265,1,2
2056,266,1,2
2056,267,1,2
2056,268,1,2
2056,269,1,2
2056,270,1,2
2056,271,1,2
2056,272,1,2
2056,273,1,2
2056,274,1,2
2056,275,1,2
2056,276,1,2
2056,277,1,2
2056,278,1,2
2056,279,1,2
2056,280,1,2
2056,281,1,2
2056,282,1,2
2056,283,1,2
2056,284,1,2
2056,285,1,2
2056,286,1,2
2056,287,1,2
2056,288,1,2
2056,289,1,2
2056,290,1,2
2056,291,1,2
2056,292,1,2
2056,293,1,2
2056,294,1,2
2056,295,1,2
2056,296,1,2
2056,297,1,2
2056,298,1,2
2056,299,1,2
2056,300,1,2
2056,301,1,2
2056,302,1,2
2056,303,1,2
2056,304,1,2
2056,305,1,2
2056,306,1,2
2056,307,1,2
2056,308,1,2
2056,309,1,2
2056,310,1,2
2056,311,1,2
2056,312,1,2
2056,313,1,2
2056,314,1,2
2056,315,1,2
2056,316,1,2
2056,317,1,2
2056,318,1,2
2056,319,1,2
2056,320,1,2
2056,321,1,2
2056,322,1,2
2056,323,1,2
2056,324,1,2
2056,325,1,2
2056,326,1,2
2056,327,1,2
2056,328,1,2
2056,329,1,2
2056,330,1,2
2056,331,1,2
2056,332,1,2
2056,333,1,2
2056,334,1,2
2056,335,1,2
2056,336,1,2
2056,337,1,2
2056,338,1,2
2056,339,1,2
2056,340,1,2
2056,341,1,2
2056,342,1,2
2056,343,1,2
2056,344,1,2
2056,345,1,2
2056,346,1,2
2056,347,1,2
2056,348,1,2
2056,349,1,2
2056,350,1,2
2056,351,1,2
2056,352,1,2
2056,353,1,2
2056,354,1,2
2056,355,1,2
2056,356,1,2
2056,357,1,2
2056,358,1,2
2056,359,1,2
2056,360,1,2
2056,361,1,2
2056,362,1,2
2056,363,1,2
2056,364,1,2
2056,365,1,2
2056,366,1,2
2056,367,1,2
2056,368,1,2
2056,369,1,2
2056,370,1,2
2056,371,1,2
2056,372,1,2
2056,373,1,2
2056,374,1,2
2056,375,1,2
2056,376,1,2
2056,377,1,2
2056,378,1,2
2056,379,1,2
2056,380,1,2
2056,381,1,2
2056,382,1,2
2056,383,1,2
2056,384,1,2
2056,385,1,2
2056,386,1,2
2056,387,1,2
2056,388,1,2
2056,389,1,2
2056,390,1,2
2056,391,1,2
2056,392,1,2
2056,393,1,2
2056,394,1,2
2056,395,1,2
2056,396,1,2
2056,397,1,2
2056,398,1,2
2056,399,1,2
2056,400,1,2
2056,401,1,2
2056,402,1,2
2056,403,1,2
2056,404,1,2
2056,405,1,2
2056,406,1,2
2056,407,1,2
2056,408,1,2
2056,409,1,2
2056,410,1,2
2056,411,1,2
2056,412,1,2
2056,413,1,2
2056,414,1,2
2056,415,1,2
2056,416,1,2
2056,417,1,2
2056,418,1,2
2056,419,1,2
2056,420,1,2
2056,421,1,2
2056,422,1,2
2056,423,1,2
2056,424,1,2
2056,425,1,2
2056,426,1,2
2056,427,1,2
2056,428,1,2
2056,429,1,2
2056,430,1,2
2056,431,1,2
2056,432,1,2
2056,433,1,2
2056,434,1,2
2056,435,1,2
2056,436,1,2
2056,437,1,2
2056,438,1,2
2056,439,1,2
2056,440,1,2
2056,441,1,2
2056,442,1,2
2056,443,1,2
2056,444,1,2
2056,445,1,2
2056,446,1,2
2056,447,1,2
2056,448,1,2
2056,449,1,2
2056,450,1,2
2056,451,1,2
2056,452,1,2
2056,453,1,2
2056,454,1,2
2056,455,1,2
2056,456,1,2
2056,457,1,2
2056,458,1,2
2056,459,1,2
2056,460,1,2
2056,461,1,2
2056,462,1,2
2056,463,1,2
2056,464,1,2
2056,465,1,2
2056,466,1,2
2056,467,1,2
2056,468,1,2
2056,469,1,2
2056,470,1,2
2056,471,1,2
2056,472,1,3
2056,473,1,3
2056,474,1,3
2056,475,1,3
2056,476,1,3
2056,477,1,3
2056,478,1,3
2056,479,1,3
2056,480,1,3
2056,481,1,2
2056,482,1,2
2056,483,1,2
2056,484,1,2
2056,485,1,2
2056,486,1,2
2056,487,1,2
2056,488,1,2
2056,489,1,2
2056,490,1,2
2056,491,1,2
2056,492,1,2
2056,493,1,2
2056,494,1,2
2056,495,1,2
2056,496,1,2
2056,497,1,2
2056,498,1,2
2056,499,1,2
2056,500,1,2
2056,501,1,2
2056,502,1,2
2056,503,1,2
2056,504,1,2
2056,505,1,2
2056,506,1,2
2056,507,1,2
2056,508,1,2
2056,509,1,2
2056,510,1,2
2056,511,1,2
2056,512,1,2
2056,513,1,2
2056,514,1,2
2056,515,1,2
2056,516,1,2
2056,517,1,2
2056,518,1,2
2056,519,1,2
2056,520,1,2
2056,521,1,2
2056,522,1,2
2056,523,1,2
2056,524,1,2
2056,525,1,2
2056,526,1,2
2056,527,1,2
2056,528,1,2
2056,529,1,2
2056,530,1,2
2056,531,1,2
2056,532,1,2
2056,533,1,2
2056,534,1,2
2056,535,1,2
2056,536,1,2
2056,537,1,2
2056,538,1,2
2056,539,1,2
2056,540,1,2
2056,541,1,2
2056,542,1,2
2056,543,1,2
2056,544,1,2
2056,545,1,2
2056,546,1,2
2056,547,1,2
2056,548,1,2
2056,549,1,2
2056,550,1,2
2056,551,1,2
2056,552,1,2
2056,553,1,2
2056,554,1,2
2056,555,1,2
2056,556,1,2
2056,557,1,2
2056,558,1,2
2056,559,1,2
2056,560,1,2
2056,561,1,2
2056,562,1,2
2056,563,1,2
2056,564,1,2
2056,565,1,2
2056,566,1,2
2056,567,1,2
2056,568,1,2
2056,569,1,2
2056,570,1,2
2056,571,1,2
2056,572,1,2
2056,573,1,2
2056,574,1,2
2056,575,1,2
2056,576,1,2
2056,577,1,2
2056,578,1,2
2056,579,1,2
2056,580,1,2
2056,581,1,2
2056,582,1,2
2056,583,1,2
2056,584,1,2
2056,585,1,2
2056,586,1,2
2056,587,1,2
2056,588,1,2
2056,589,1,2
2056,590,1,2
2056,591,1,2
2056,592,1,2
2056,593,1,2
2056,594,1,2
2056,595,1,2
2056,596,1,2
2056,597,1,2
2056,598,1,2
2056,599,1,2
2056,600,1,2
2056,601,1,2
2056,602,1,2
2056,603,1,2
2056,604,1,2
2056,605,1,2
2056,606,1,2
2056,607,1,2
2056,608,1,2
2056,609,1,2
2056,610,1,2
2056,611,1,2
2056,612,1,2
2056,613,1,2
2056,614,1,2
2056,615,1,2
2056,616,1,3
2056,617,1,3
2056,618,1,3
2056,619,1,3
2056,620,1,3
2056,621,1,3
2056,622,1,2
2056,623,1,2
2056,624,1,2
2056,625,1,2
2056,626,1,2
2056,627,1,2
2056,628,1,2
2056,629,1,2
2056,630,1,2
2056,631,1,2
2056,632,1,2
2056,633,1,2
2056,634,1,2
2056,635,1,2
2056,636,1,2
2056,637,1,2
2056,638,1,2
2056,639,1,2
2056,640,1,2
2056,641,1,2
2056,642,1,2
2056,643,1,2
2057,129,1,2
2057,130,1,2
2057,131,1,2
2057,132,1,2
2057,133,1,2
2057,134,1,2
2057,135,1,2
2057,136,1,2
2057,137,1,2
2057,138,1,2
2057,139,1,2
2057,140,1,2
2057,141,1,2
2057,142,1,2
2057,143,1,2
2057,144,1,2
2057,145,1,2
2057,146,1,2
2057,147,1,2
2057,148,1,2
2057,149,1,2
2057,150,1,2
2057,151,1,2
2057,152,1,2
2057,153,1,2
2057,154,1,2
2057,155,1,2
2057,156,1,2
2057,157,1,2
2057,158,1,2
2057,159,1,2
2057,160,1,2
2057,161,1,2
2057,162,1,2
2057,163,1,2
2057,164,1,2
2057,165,1,2
2057,166,1,2
2057,167,1,2
2057,168,1,2
2057,169,1,2
2057,170,1,2
2057,171,1,2
2057,172,1,2
2057,173,1,2
2057,174,1,2
2057,175,1,2
2057,176,1,2
2057,177,1,2
2057,178,1,2
2057,179,1,2
2057,180,1,2
2057,181,1,2
2057,182,1,2
2057,183,1,2
2057,184,1,2
2057,185,1,2
2057,186,1,2
2057,187,1,2
2057,188,1,2
2057,189,1,2
2057,190,1,2
2057,191,1,2
2057,192,1,2
2057,193,1,2
2057,194,1,2
2057,195,1,2
2057,196,1,2
2057,197,1,2
2057,198,1,2
2057,199,1,2
2057,200,1,2
2057,201,1,2
2057,202,1,2
2057,203,1,2
2057,204,1,2
2057,205,1,2
2057,206,1,2
2057,207,1,2
2057,208,1,2
2057,209,1,2
2057,210,1,2
2057,211,1,2
2057,212,1,2
2057,213,1,2
2057,214,1,2
2057,215,1,2
2057,216,1,2
2057,217,1,2
2057,218,1,2
2057,219,1,2
2057,220,1,2
2057,221,1,2
2057,222,1,2
2057,223,1,2
2057,224,1,2
2057,225,1,2
2057,226,1,2
2057,227,1,2
2057,228,1,2
2057,229,1,2
2057,230,1,2
2057,231,1,2
2057,232,1,2
2057,233,1,2
2057,234,1,2
2057,235,1,2
2057,236,1,2
2057,237,1,2
2057,238,1,2
2057,239,1,2
2057,240,1,2
2057,241,1,2
2057,242,1,2
2057,243,1,2
2057,244,1,2
2057,245,1,2
2057,246,1,2
2057,247,1,2
2057,248,1,2
2057,249,1,2
2057,250,1,2
2057,251,1,2
2057,252,1,2
2057,253,1,2
2057,254,1,2
2057,255,1,2
2057,256,1,2
2057,257,1,2
2057,258,1,2
2057,259,1,2
2057,260,1,2
2057,261,1,2
2057,262,1,2
2057,263,1,2
2057,264,1,2
2057,265,1,2
2057,266,1,2
2057,267,1,2
2057,268,1,2
2057,269,1,2
2057,270,1,2
2057,271,1,2
2057,272,1,2
2057,273,1,2
2057,274,1,2
2057,275,1,2
2057,276,1,2
2057,277,1,2
2057,278,1,2
2057,279,1,2
2057,280,1,2
2057,281,1,2
2057,282,1,2
2057,283,1,2
2057,284,1,2
2057,285,1,2
2057,286,1,2
2057,287,1,2
2057,288,1,2
2057,289,1,2
2057,290,1,2
2057,291,1,2
2057,292,1,2
2057,293,1,2
2057,294,1,2
2057,295,1,2
2057,296,1,2
2057,297,1,2
2057,298,1,2
2057,299,1,2
2057,300,1,2
2057,301,1,2
2057,302,1,2
2057,303,1,2
2057,304,1,2
2057,305,1,2
2057,306,1,2
2057,307,1,2
2057,308,1,2
2057,309,1,2
2057,310,1,2
2057,311,1,2
2057,312,1,2
2057,313,1,2
2057,314,1,2
2057,315,1,2
2057,316,1,2
2057,317,1,2
2057,318,1,2
2057,319,1,2
2057,320,1,2
2057,321,1,2
2057,322,1,2
2057,323,1,2
2057,324,1,2
2057,325,1,2
2057,326,1,2
2057,327,1,2
2057,328,1,2
2057,329,1,2
2057,330,1,2
2057,331,1,2
2057,332,1,2
2057,333,1,2
2057,334,1,2
2057,335,1,2
2057,336,1,2
2057,337,1,2
2057,338,1,2
2057,339,1,2
2057,340,1,2
2057,341,1,2
2057,342,1,2
2057,343,1,2
2057,344,1,2
2057,345,1,2
2057,346,1,2
2057,347,1,2
2057,348,1,2
2057,349,1,2
2057,350,1,2
2057,351,1,2
2057,352,1,2
2057,353,1,2
2057,354,1,2
2057,355,1,2
2057,356,1,2
2057,357,1,2
2057,358,1,2
2057,359,1,2
2057,360,1,2
2057,361,1,2
2057,362,1,2
2057,363,1,2
2057,364,1,2
2057,365,1,2
2057,366,1,2
2057,367,1,2
2057,368,1,2
2057,369,1,2
2057,370,1,2
2057,371,1,2
2057,372,1,2
2057,373,1,2
2057,374,1,2
2057,375,1,2
2057,376,1,2
2057,377,1,2
2057,378,1,2
2057,379,1,2
2057,380,1,2
2057,381,1,2
2057,382,1,2
2057,383,1,2
2057,384,1,2
2057,385,1,2
2057,386,1,2
2057,387,1,2
2057,388,1,2
2057,389,1,2
2057,390,1,2
2057,391,1,2
2057,392,1,2
2057,393,1,2
2057,394,1,2
2057,395,1,2
2057,396,1,2
2057,397,1,2
2057,398,1,2
2057,399,1,2
2057,400,1,2
2057,401,1,2
2057,402,1,2
2057,403,1,2
2057,404,1,2
2057,405,1,2
2057,406,1,2
2057,407,1,2
2057,408,1,2
2057,409,1,2
2057,410,1,2
2057,411,1,2
2057,412,1,2
2057,413,1,2
2057,414,1,2
2057,415,1,2
2057,416,1,2
2057,417,1,2
2057,418,1,2
2057,419,1,2
2057,420,1,2
2057,421,1,2
2057,422,1,2
2057,423,1,2
2057,424,1,2
2057,425,1,2
2057,426,1,2
2057,427,1,2
2057,428,1,2
2057,429,1,2
2057,430,1,2
2057,431,1,2
2057,432,1,2
2057,433,1,2
2057,434,1,2
2057,435,1,2
2057,436,1,2
2057,437,1,2
2057,438,1,2
2057,439,1,2
2057,440,1,2
2057,441,1,2
2057,442,1,2
2057,443,1,2
2057,444,1,2
2057,445,1,2
2057,446,1,2
2057,447,1,2
2057,448,1,2
2057,449,1,2
2057,450,1,2
2057,451,1,2
2057,452,1,2
2057,453,1,2
2057,454,1,2
2057,455,1,2
2057,456,1,2
2057,457,1,2
2057,458,1,2
2057,459,1,2
2057,460,1,2
2057,461,1,2
2057,462,1,2
2057,463,1,2
2057,464,1,2
2057,465,1,2
2057,466,1,2
2057,467,1,2
2057,468,1,2
2057,469,1,2
2057,470,1,2
2057,471,1,2
2057,472,1,2
2057,473,1,2
2057,474,1,2
2057,475,1,2
2057,476,1,2
2057,477,1,2
2057,478,1,2
2057,479,1,2
2057,480,1,2
2057,481,1,2
2057,482,1,2
2057,483,1,2
2057,484,1,2
2057,485,1,2
2057,486,1,2
2057,487,1,2
2057,488,1,2
2057,489,1,2
2057,490,1,2
2057,491,1,2
2057,492,1,2
2057,493,1,2
2057,494,1,2
2057,495,1,2
2057,496,1,2
2057,497,1,2
2057,498,1,2
2057,499,1,2
2057,500,1,2
2057,501,1,2
2057,502,1,2
2057,503,1,2
2057,504,1,2
2057,505,1,2
2057,506,1,2
2057,507,1,2
2057,508,1,2
2057,509,1,2
2057,510,1,2
2057,511,1,2
2057,512,1,2
2057,513,1,2
2057,514,1,2
2057,515,1,2
2057,516,1,2
2057,517,1,2
2057,518,1,2
2057,519,1,2
2057,520,1,2
2057,521,1,2
2057,522,1,2
2057,523,1,2
2057,524,1,2
2057,525,1,2
2057,526,1,2
2057,527,1,2
2057,528,1,2
2057,529,1,2
2057,530,1,2
2057,531,1,2
2057,532,1,2
2057,533,1,2
2057,534,1,2
2057,535,1,2
2057,536,1,2
2057,537,1,2
2057,538,1,2
2057,539,1,2
2057,540,1,2
2057,541,1,2
2057,542,1,2
2057,543,1,2
2057,544,1,2
2057,545,1,2
2057,546,1,2
2057,547,1,2
2057,548,1,2
2057,549,1,2
2057,550,1,2
2057,551,1,2
2057,552,1,2
2057,553,1,2
2057,554,1,2
2057,555,1,2
2057,556,1,2
2057,557,1,2
2057,558,1,2
2057,559,1,2
2057,560,1,2
2057,561,1,2
2057,562,1,2
2057,563,1,2
2057,564,1,2
2057,565,1,2
2057,566,1,2
2057,567,1,2
2057,568,1,2
2057,569,1,2
2057,570,1,2
2057,571,1,2
2057,572,1,2
2057,573,1,2
2057,574,1,2
2057,575,1,2
2057,576,1,2
2057,577,1,2
2057,578,1,2
2057,579,1,2
2057,580,1,2
2057,581,1,2
2057,582,1,2
2057,583,1,2
2057,584,1,2
2057,585,1,2
2057,586,1,2
2057,587,1,2
2057,588,1,2
2057,589,1,2
2057,590,1,2
2057,591,1,2
2057,592,1,2
2057,593,1,2
2057,594,1,2
2057,595,1,2
2057,596,1,2
2057,597,1,2
2057,598,1,2
2057,599,1,2
2057,600,1,2
2057,601,1,2
2057,602,1,2
2057,603,1,2
2057,604,1,2
2057,605,1,2
2057,606,1,2
2057,607,1,2
2057,608,1,2
2057,609,1,2
2057,610,1,2
2057,611,1,2
2057,612,1,2
2057,613,1,3
2057,614,1,3
2057,615,1,3
2057,616,1,3
2057,617,1,3
2057,618,1,3
2057,619,1,3
2057,620,1,3
2057,621,1,3
2057,622,1,3
2057,623,1,2
2057,624,1,2
2057,625,1,2
2057,626,1,2
2057,627,1,2
2057,628,1,2
2057,629,1,2
2057,630,1,2
2057,631,1,2
2057,632,1,2
2057,633,1,2
2057,634,1,2
2057,635,1,2
2057,636,1,2
2057,637,1,2
2057,638,1,2
2057,639,1,2
2057,640,1,2
2057,641,1,2
2057,642,1,2
2058,129,1,2
2058,130,1,2
2058,131,1,2
2058,132,1,2
2058,133,1,2
2058,134,1,2
2058,135,1,2
2058,136,1,2
2058,137,1,2
2058,138,1,2
2058,139,1,2
2058,140,1,2
2058,141,1,2
2058,142,1,2
2058,143,1,2
2058,144,1,2
2058,145,1,2
2058,146,1,2
2058,147,1,2
2058,148,1,2
2058,149,1,2
2058,150,1,2
2058,151,1,2
2058,152,1,2
2058,153,1,2
2058,154,1,2
2058,155,1,2
2058,156,1,2
2058,157,1,2
2058,158,1,2
2058,159,1,2
2058,160,1,2
2058,161,1,2
2058,162,1,2
2058,163,1,2
2058,164,1,2
2058,165,1,2
2058,166,1,2
2058,167,1,2
2058,168,1,2
2058,169,1,2
2058,170,1,2
2058,171,1,2
2058,172,1,2
2058,173,1,2
2058,174,1,2
2058,175,1,2
2058,176,1,2
2058,177,1,2
2058,178,1,2
2058,179,1,2
2058,180,1,2
2058,181,1,2
2058,182,1,2
2058,183,1,2
2058,184,1,2
2058,185,1,2
2058,186,1,2
2058,187,1,2
2058,188,1,2
2058,189,1,2
2058,190,1,2
2058,191,1,2
2058,192,1,2
2058,193,1,2
2058,194,1,2
2058,195,1,2
2058,196,1,2
2058,197,1,2
2058,198,1,2
2058,199,1,2
2058,200,1,2
2058,201,1,2
2058,202,1,2
2058,203,1,2
2058,204,1,2
2058,205,1,2
2058,206,1,2
2058,207,1,2
2058,208,1,2
2058,209,1,2
2058,210,1,2
2058,211,1,2
2058,212,1,2
2058,213,1,2
2058,214,1,2
2058,215,1,2
2058,216,1,2
2058,217,1,2
2058,218,1,2
2058,219,1,2
2058,220,1,2
2058,221,1,2
2058,222,1,2
2058,223,1,2
2058,224,1,2
2058,225,1,2
2058,226,1,2
2058,227,1,2
2058,228,1,2
2058,229,1,2
2058,230,1,2
2058,231,1,2
2058,232,1,2
2058,233,1,2
2058,234,1,2
2058,235,1,2
2058,236,1,2
2058,237,1,2
2058,238,1,2
2058,239,1,2
2058,240,1,2
2058,241,1,2
2058,242,1,2
2058,243,1,2
2058,244,1,2
2058,245,1,2
2058,246,1,2
2058,247,1,2
2058,248,1,2
2058,249,1,2
2058,250,1,2
2058,251,1,2
2058,252,1,2
2058,253,1,2
2058,254,1,2
2058,255,1,2
2058,256,1,2
2058,257,1,2
2058,258,1,2
2058,259,1,2
2058,260,1,2
2058,261,1,2
2058,262,1,2
2058,263,1,2
2058,264,1,2
2058,265,1,2
2058,266,1,2
2058,267,1,2
2058,268,1,2
2058,269,1,2
2058,270,1,2
2058,271,1,2
2058,272,1,2
2058,273,1,2
2058,274,1,2
2058,275,1,2
2058,276,1,2
2058,277,1,2
2058,278,1,2
2058,279,1,2
2058,280,1,2
2058,281,1,2
2058,282,1,2
2058,283,1,2
2058,284,1,2
2058,285,1,2
2058,286,1,2
2058,287,1,2
2058,288,1,2
2058,289,1,2
2058,290,1,2
2058,291,1,2
2058,292,1,2
2058,293,1,2
2058,294,1,2
2058,295,1,2
2058,296,1,2
2058,297,1,2
2058,298,1,2
2058,299,1,2
2058,300,1,2
2058,301,1,2
2058,302,1,2
2058,303,1,2
2058,304,1,2
2058,305,1,2
2058,306,1,2
2058,307,1,2
2058,308,1,2
2058,309,1,2
2058,310,1,2
2058,311,1,2
2058,312,1,2
2058,313,1,2
2058,314,1,2
2058,315,1,2
2058,316,1,2
2058,317,1,2
2058,318,1,2
2058,319,1,2
2058,320,1,2
2058,321,1,2
2058,322,1,2
2058,323,1,2
2058,324,1,2
2058,325,1,2
2058,326,1,2
2058,327,1,2
2058,328,1,2
2058,329,1,2
2058,330,1,2
2058,331,1,2
2058,332,1,2
2058,333,1,2
2058,334,1,2
2058,335,1,2
2058,336,1,2
2058,337,1,2
2058,338,1,2
2058,339,1,2
2058,340,1,2
2058,341,1,2
2058,342,1,2
2058,343,1,2
2058,344,1,2
2058,345,1,2
2058,346,1,2
2058,347,1,2
2058,348,1,2
2058,349,1,2
2058,350,1,2
2058,351,1,2
2058,352,1,2
2058,353,1,2
2058,354,1,2
2058,355,1,2
2058,356,1,2
2058,357,1,2
2058,358,1,2
2058,359,1,2
2058,360,1,2
2058,361,1,2
2058,362,1,2
2058,363,1,2
2058,364,1,2
2058,365,1,2
2058,366,1,2
2058,367,1,2
2058,368,1,2
2058,369,1,2
2058,370,1,2
2058,371,1,2
2058,372,1,2
2058,373,1,2
2058,374,1,2
2058,375,1,2
2058,376,1,2
2058,377,1,2
2058,378,1,2
2058,379,1,2
2058,380,1,2
2058,381,1,2
2058,382,1,2
2058,383,1,2
2058,384,1,2
2058,385,1,2
2058,386,1,2
2058,387,1,2
2058,388,1,2
2058,389,1,2
2058,390,1,2
2058,391,1,2
2058,392,1,2
2058,393,1,2
2058,394,1,2
2058,395,1,2
2058,396,1,2
2058,397,1,2
2058,398,1,2
2058,399,1,2
2058,400,1,2
2058,401,1,2
2058,402,1,2
2058,403,1,2
2058,404,1,2
2058,405,1,2
2058,406,1,2
2058,407,1,2
2058,408,1,2
2058,409,1,2
2058,410,1,2
2058,411,1,2
2058,412,1,2
2058,413,1,2
2058,414,1,2
2058,415,1,2
2058,416,1,2
2058,417,1,2
2058,418,1,2
2058,419,1,2
2058,420,1,2
2058,421,1,2
2058,422,1,2
2058,423,1,2
2058,424,1,2
2058,425,1,2
2058,426,1,2
2058,427,1,2
2058,428,1,2
2058,429,1,2
2058,430,1,2
2058,431,1,2
2058,432,1,2
2058,433,1,2
2058,434,1,2
2058,435,1,2
2058,436,1,2
2058,437,1,2
2058,438,1,2
2058,439,1,2
2058,440,1,2
2058,441,1,2
2058,442,1,2
2058,443,1,2
2058,444,1,2
2058,445,1,2
2058,446,1,2
2058,447,1,2
2058,448,1,2
2058,449,1,2
2058,450,1,2
2058,451,1,2
2058,452,1,2
2058,453,1,2
2058,454,1,2
2058,455,1,2
2058,456,1,2
2058,457,1,2
2058,458,1,2
2058,459,1,2
2058,460,1,2
2058,461,1,2
2058,462,1,2
2058,463,1,2
2058,464,1,2
2058,465,1,2
2058,466,1,2
2058,467,1,2
2058,468,1,2
2058,469,1,2
2058,470,1,2
2058,471,1,2
2058,472,1,2
2058,473,1,2
2058,474,1,2
2058,475,1,2
2058,476,1,2
2058,477,1,2
2058,478,1,2
2058,479,1,2
2058,480,1,2
2058,481,1,2
2058,482,1,2
2058,483,1,2
2058,484,1,2
2058,485,1,2
2058,486,1,2
2058,487,1,2
2058,488,1,2
2058,489,1,2
2058,490,1,2
2058,491,1,2
2058,492,1,2
2058,493,1,2
2058,494,1,2
2058,495,1,2
2058,496,1,2
2058,497,1,2
2058,498,1,2
2058,499,1,2
2058,500,1,2
2058,501,1,2
2058,502,1,2
2058,503,1,2
2058,504,1,2
2058,505,1,2
2058,506,1,2
2058,507,1,2
2058,508,1,2
2058,509,1,2
2058,510,1,2
2058,511,1,2
2058,512,1,2
2058,513,1,2
2058,514,1,2
2058,515,1,2
2058,516,1,2
2058,517,1,2
2058,518,1,2
2058,519,1,2
2058,520,1,2
2058,521,1,2
2058,522,1,2
2058,523,1,2
2058,524,1,2
2058,525,1,2
2058,526,1,2
2058,527,1,2
2058,528,1,2
2058,529,1,2
2058,530,1,2
2058,531,1,2
2058,532,1,2
2058,533,1,2
2058,534,1,2
2058,535,1,2
2058,536,1,2
2058,537,1,2
2058,538,1,2
2058,539,1,2
2058,540,1,2
2058,541,1,2
2058,542,1,2
2058,543,1,2
2058,544,1,2
2058,545,1,2
2058,546,1,2
2058,547,1,2
2058,548,1,2
2058,549,1,2
2058,550,1,2
2058,551,1,2
2058,552,1,2
2058,553,1,2
2058,554,1,2
2058,555,1,2
2058,556,1,2
2058,557,1,2
2058,558,1,2
2058,559,1,2
2058,560,1,2
2058,561,1,2
2058,562,1,2
2058,563,1,2
2058,564,1,2
2058,565,1,2
2058,566,1,2
2058,567,1,2
2058,568,1,2
2058,569,1,2
2058,570,1,2
2058,571,1,2
2058,572,1,2
2058,573,1,2
2058,574,1,2
2058,575,1,2
2058,576,1,2
2058,577,1,2
2058,578,1,2
2058,579,1,2
2058,580,1,2
2058,581,1,2
2058,582,1,2
2058,583,1,2
2058,584,1,2
2058,585,1,2
2058,586,1,2
2058,587,1,2
2058,588,1,2
2058,589,1,2
2058,590,1,2
2058,591,1,2
2058,592,1,2
2058,593,1,2
2058,594,1,2
2058,595,1,2
2058,596,1,2
2058,597,1,2
2058,598,1,2
2058,599,1,2
2058,600,1,2
2058,601,1,3
2058,602,1,3
2058,603,1,3
2058,604,1,3
2058,605,1,3
2058,606,1,3
2058,607,1,2
2058,608,1,2
2058,609,1,3
2058,610,1,3
2058,611,1,3
2058,612,1,3
2058,613,1,3
2058,614,1,3
2058,615,1,3
2058,616,1,3
2058,617,1,3
2058,618,1,3
2058,619,1,3
2058,620,1,3
2058,621,1,3
2058,622,1,3
2058,623,1,3
2058,624,1,2
2058,625,1,2
2058,626,1,2
2058,627,1,2
2058,628,1,2
2058,629,1,2
2058,630,1,2
2058,631,1,2
2058,632,1,2
2058,633,1,2
2058,634,1,2
2058,635,1,2
2058,636,1,2
2058,637,1,2
2058,638,1,2
2058,639,1,2
2058,640,1,2
2058,641,1,2
2058,642,1,2
2059,129,1,2
2059,130,1,2
2059,131,1,2
2059,132,1,2
2059,133,1,2
2059,134,1,2
2059,135,1,2
2059,136,1,2
2059,137,1,2
2059,138,1,2
2059,139,1,2
2059,140,1,2
2059,141,1,2
2059,142,1,2
2059,143,1,2
2059,144,1,2
2059,145,1,2
2059,146,1,2
2059,147,1,2
2059,148,1,2
2059,149,1,2
2059,150,1,2
2059,151,1,2
2059,152,1,2
2059,153,1,2
2059,154,1,2
2059,155,1,2
2059,156,1,2
2059,157,1,2
2059,158,1,2
2059,159,1,2
2059,160,1,2
2059,161,1,2
2059,162,1,2
2059,163,1,2
2059,164,1,2
2059,165,1,2
2059,166,1,2
2059,167,1,2
2059,168,1,2
2059,169,1,2
2059,170,1,2
2059,171,1,2
2059,172,1,2
2059,173,1,2
2059,174,1,2
2059,175,1,2
2059,176,1,2
2059,177,1,2
2059,178,1,2
2059,179,1,2
2059,180,1,2
2059,181,1,2
2059,182,1,2
2059,183,1,2
2059,184,1,2
2059,185,1,2
2059,186,1,2
2059,187,1,2
2059,188,1,2
2059,189,1,2
2059,190,1,2
2059,191,1,2
2059,192,1,2
2059,193,1,2
2059,194,1,2
2059,195,1,2
2059,196,1,2
2059,197,1,2
2059,198,1,2
2059,199,1,2
2059,200,1,2
2059,201,1,2
2059,202,1,2
2059,203,1,2
2059,204,1,2
2059,205,1,2
2059,206,1,2
2059,207,1,2
2059,208,1,2
2059,209,1,2
2059,210,1,2
2059,211,1,2
2059,212,1,2
2059,213,1,2
2059,214,1,2
2059,215,1,2
2059,216,1,2
2059,217,1,2
2059,218,1,2
2059,219,1,2
2059,220,1,2
2059,221,1,2
2059,222,1,2
2059,223,1,2
2059,224,1,2
2059,225,1,2
2059,226,1,2
2059,227,1,2
2059,228,1,2
2059,229,1,2
2059,230,1,2
2059,231,1,2
2059,232,1,2
2059,233,1,2
2059,234,1,2
2059,235,1,2
2059,236,1,2
2059,237,1,2
2059,238,1,2
2059,239,1,2
2059,240,1,2
2059,241,1,2
2059,242,1,2
2059,243,1,2
2059,244,1,2
2059,245,1,2
2059,246,1,2
2059,247,1,2
2059,248,1,2
2059,249,1,2
2059,250,1,2
2059,251,1,2
2059,252,1,2
2059,253,1,2
2059,254,1,2
2059,255,1,2
2059,256,1,2
2059,257,1,2
2059,258,1,2
2059,259,1,2
2059,260,1,2
2059,261,1,2
2059,262,1,2
2059,263,1,2
2059,264,1,2
2059,265,1,2
2059,266,1,2
2059,267,1,2
2059,268,1,2
2059,269,1,2
2059,270,1,2
2059,271,1,2
2059,272,1,2
2059,273,1,2
2059,274,1,2
2059,275,1,2
2059,276,1,2
2059,277,1,2
2059,278,1,2
2059,279,1,2
2059,280,1,2
2059,281,1,2
2059,282,1,2
2059,283,1,2
2059,284,1,2
2059,285,1,2
2059,286,1,2
2059,287,1,2
2059,288,1,2
2059,289,1,2
2059,290,1,2
2059,291,1,2
2059,292,1,2
2059,293,1,2
2059,294,1,2
2059,295,1,2
2059,296,1,2
2059,297,1,2
2059,298,1,2
2059,299,1,2
2059,300,1,2
2059,301,1,2
2059,302,1,2
2059,303,1,2
2059,304,1,2
2059,305,1,2
2059,306,1,2
2059,307,1,2
2059,308,1,2
2059,309,1,2
2059,310,1,2
2059,311,1,2
2059,312,1,2
2059,313,1,2
2059,314,1,2
2059,315,1,2
2059,316,1,2
2059,317,1,2
2059,318,1,2
2059,319,1,2
2059,320,1,2
2059,321,1,2
2059,322,1,2
2059,323,1,2
2059,324,1,2
2059,325,1,2
2059,326,1,2
2059,327,1,2
2059,328,1,2
2059,329,1,2
2059,330,1,2
2059,331,1,2
2059,332,1,2
2059,333,1,2
2059,334,1,2
2059,335,1,2
2059,336,1,2
2059,337,1,2
2059,338,1,2
2059,339,1,2
2059,340,1,2
2059,341,1,2
2059,342,1,2
2059,343,1,2
2059,344,1,2
2059,345,1,2
2059,346,1,2
2059,347,1,2
2059,348,1,2
2059,349,1,2
2059,350,1,2
2059,351,1,2
2059,352,1,2
2059,353,1,2
2059,354,1,2
2059,355,1,2
2059,356,1,2
2059,357,1,2
2059,358,1,2
2059,359,1,2
2059,360,1,2
2059,361,1,2
2059,362,1,2
2059,363,1,2
2059,364,1,2
2059,365,1,2
2059,366,1,2
2059,367,1,2
2059,368,1,2
2059,369,1,2
2059,370,1,2
2059,371,1,2
2059,372,1,2
2059,373,1,2
2059,374,1,2
2059,375,1,2
2059,376,1,2
2059,377,1,2
2059,378,1,2
2059,379,1,2
2059,380,1,2
2059,381,1,2
2059,382,1,2
2059,383,1,2
2059,384,1,2
2059,385,1,2
2059,386,1,2
2059,387,1,2
2059,388,1,2
2059,389,1,2
2059,390,1,2
2059,391,1,2
2059,392,1,2
2059,393,1,2
2059,394,1,2
2059,395,1,2
2059,396,1,2
2059,397,1,2
2059,398,1,2
2059,399,1,2
2059,400,1,2
2059,401,1,2
2059,402,1,2
2059,403,1,2
2059,404,1,2
2059,405,1,2
2059,406,1,2
2059,407,1,2
2059,408,1,2
2059,409,1,2
2059,410,1,2
2059,411,1,2
2059,412,1,2
2059,413,1,2
2059,414,1,2
2059,415,1,2
2059,416,1,2
2059,417,1,2
2059,418,1,2
2059,419,1,2
2059,420,1,2
2059,421,1,2
2059,422,1,2
2059,423,1,2
2059,424,1,2
2059,425,1,2
2059,426,1,2
2059,427,1,2
2059,428,1,2
2059,429,1,2
2059,430,1,2
2059,431,1,2
2059,432,1,2
2059,433,1,2
2059,434,1,2
2059,435,1,2
2059,436,1,2
2059,437,1,2
2059,438,1,2
2059,439,1,2
2059,440,1,2
2059,441,1,2
2059,442,1,2
2059,443,1,2
2059,444,1,2
2059,445,1,2
2059,446,1,2
2059,447,1,2
2059,448,1,2
2059,449,1,2
2059,450,1,2
2059,451,1,2
2059,452,1,2
2059,453,1,2
2059,454,1,2
2059,455,1,2
2059,456,1,2
2059,457,1,2
2059,458,1,2
2059,459,1,2
2059,460,1,2
2059,461,1,2
2059,462,1,2
2059,463,1,2
2059,464,1,2
2059,465,1,2
2059,466,1,2
2059,467,1,2
2059,468,1,2
2059,469,1,2
2059,470,1,2
2059,471,1,2
2059,472,1,2
2059,473,1,2
2059,474,1,2
2059,475,1,2
2059,476,1,2
2059,477,1,2
2059,478,1,2
2059,479,1,2
2059,480,1,2
2059,481,1,2
2059,482,1,2
2059,483,1,2
2059,484,1,2
2059,485,1,2
2059,486,1,2
2059,487,1,2
2059,488,1,2
2059,489,1,2
2059,490,1,2
2059,491,1,2
2059,492,1,2
2059,493,1,2
2059,494,1,2
2059,495,1,2
2059,496,1,2
2059,497,1,2
2059,498,1,2
2059,499,1,2
2059,500,1,2
2059,501,1,2
2059,502,1,2
2059,503,1,2
2059,504,1,2
2059,505,1,2
2059,506,1,2
2059,507,1,2
2059,508,1,2
2059,509,1,2
2059,510,1,2
2059,511,1,2
2059,512,1,2
2059,513,1,2
2059,514,1,2
2059,515,1,2
2059,516,1,2
2059,517,1,2
2059,518,1,2
2059,519,1,2
2059,520,1,2
2059,521,1,2
2059,522,1,2
2059,523,1,2
2059,524,1,2
2059,525,1,2
2059,526,1,2
2059,527,1,2
2059,528,1,2
2059,529,1,2
2059,530,1,2
2059,531,1,2
2059,532,1,2
2059,533,1,2
2059,534,1,2
2059,535,1,2
2059,536,1,2
2059,537,1,2
2059,538,1,2
2059,539,1,2
2059,540,1,2
2059,541,1,2
2059,542,1,2
2059,543,1,2
2059,544,1,2
2059,545,1,2
2059,546,1,2
2059,547,1,2
2059,548,1,2
2059,549,1,2
2059,550,1,2
2059,551,1,2
2059,552,1,2
2059,553,1,2
2059,554,1,2
2059,555,1,2
2059,556,1,2
2059,557,1,2
2059,558,1,2
2059,559,1,2
2059,560,1,2
2059,561,1,2
2059,562,1,2
2059,563,1,2
2059,564,1,2
2059,565,1,2
2059,566,1,2
2059,567,1,2
2059,568,1,2
2059,569,1,2
2059,570,1,2
2059,571,1,2
2059,572,1,2
2059,573,1,2
2059,574,1,2
2059,575,1,2
2059,576,1,2
2059,577,1,2
2059,578,1,2
2059,579,1,2
2059,580,1,2
2059,581,1,2
2059,582,1,2
2059,583,1,2
2059,584,1,2
2059,585,1,2
2059,586,1,2
2059,587,1,2
2059,588,1,2
2059,589,1,2
2059,590,1,2
2059,591,1,2
2059,592,1,2
2059,593,1,2
2059,594,1,2
2059,595,1,2
2059,596,1,2
2059,597,1,2
2059,598,1,2
2059,599,1,3
2059,600,1,3
2059,601,1,3
2059,602,1,3
2059,603,1,3
2059,604,1,3
2059,605,1,3
2059,606,1,3
2059,607,1,3
2059,608,1,3
2059,609,1,3
2059,610,1,3
2059,611,1,3
2059,612,1,3
2059,613,1,3
2059,614,1,3
2059,615,1,3
2059,616,1,3
2059,617,1,3
2059,618,1,3
2059,619,1,3
2059,620,1,3
2059,621,1,3
2059,622,1,3
2059,623,1,3
2059,624,1,2
2059,625,1,2
2059,626,1,2
2059,627,1,2
2059,628,1,2
2059,629,1,2
2059,630,1,2
2059,631,1,2
2059,632,1,2
2059,633,1,2
2059,634,1,2
2059,635,1,2
2059,638,1,2
2059,639,1,2
2059,640,1,2
2059,641,1,2
2060,129,1,2
2060,130,1,2
2060,131,1,2
2060,132,1,2
2060,133,1,2
2060,134,1,2
2060,135,1,2
2060,136,1,2
2060,137,1,2
2060,138,1,2
2060,139,1,2
2060,140,1,2
2060,141,1,2
2060,142,1,2
2060,143,1,2
2060,144,1,2
2060,145,1,2
2060,146,1,2
2060,147,1,2
2060,148,1,2
2060,149,1,2
2060,150,1,2
2060,151,1,2
2060,152,1,2
2060,153,1,2
2060,154,1,2
2060,155,1,2
2060,156,1,2
2060,157,1,2
2060,158,1,2
2060,159,1,2
2060,160,1,2
2060,161,1,2
2060,162,1,2
2060,163,1,2
2060,164,1,2
2060,165,1,2
2060,166,1,2
2060,167,1,2
2060,168,1,2
2060,169,1,2
2060,170,1,2
2060,171,1,2
2060,172,1,2
2060,173,1,2
2060,174,1,2
2060,175,1,2
2060,176,1,2
2060,177,1,2
2060,178,1,2
2060,179,1,2
2060,180,1,2
2060,181,1,2
2060,182,1,2
2060,183,1,2
2060,184,1,2
2060,185,1,2
2060,186,1,2
2060,187,1,2
2060,188,1,2
2060,189,1,2
2060,190,1,2
2060,191,1,2
2060,192,1,2
2060,193,1,2
2060,194,1,2
2060,195,1,2
2060,196,1,2
2060,197,1,2
2060,198,1,2
2060,199,1,2
2060,200,1,2
2060,201,1,2
2060,202,1,2
2060,203,1,2
2060,204,1,2
2060,205,1,2
2060,206,1,2
2060,207,1,2
2060,208,1,2
2060,209,1,2
2060,210,1,2
2060,211,1,2
2060,212,1,2
2060,213,1,2
2060,214,1,2
2060,215,1,2
2060,216,1,2
2060,217,1,2
2060,218,1,2
2060,219,1,2
2060,220,1,2
2060,221,1,2
2060,222,1,2
2060,223,1,2
2060,224,1,2
2060,225,1,2
2060,226,1,2
2060,227,1,2
2060,228,1,2
2060,229,1,2
2060,230,1,2
2060,231,1,2
2060,232,1,2
2060,233,1,2
2060,234,1,2
2060,235,1,2
2060,236,1,2
2060,237,1,2
2060,238,1,2
2060,239,1,2
2060,240,1,2
2060,241,1,2
2060,242,1,2
2060,243,1,2
2060,244,1,2
2060,245,1,2
2060,246,1,2
2060,247,1,2
2060,248,1,2
2060,249,1,2
2060,250,1,2
2060,251,1,2
2060,252,1,2
2060,253,1,2
2060,254,1,2
2060,255,1,2
2060,256,1,2
2060,257,1,2
2060,258,1,2
2060,259,1,2
2060,260,1,2
2060,261,1,2
2060,262,1,2
2060,263,1,2
2060,264,1,2
2060,265,1,2
2060,266,1,2
2060,267,1,2
2060,268,1,2
2060,269,1,2
2060,270,1,2
2060,271,1,2
2060,272,1,2
2060,273,1,2
2060,274,1,2
2060,275,1,2
2060,276,1,2
2060,277,1,2
2060,278,1,2
2060,279,1,2
2060,280,1,2
2060,281,1,2
2060,282,1,2
2060,283,1,2
2060,284,1,2
2060,285,1,2
2060,286,1,2
2060,287,1,2
2060,288,1,2
2060,289,1,2
2060,290,1,2
2060,291,1,2
2060,292,1,2
2060,293,1,2
2060,294,1,2
2060,295,1,2
2060,296,1,2
2060,297,1,2
2060,298,1,2
2060,299,1,2
2060,300,1,2
2060,301,1,2
2060,302,1,2
2060,303,1,2
2060,304,1,2
2060,305,1,2
2060,306,1,2
2060,307,1,2
2060,308,1,2
2060,309,1,2
2060,310,1,2
2060,311,1,2
2060,312,1,2
2060,313,1,2
2060,314,1,2
2060,315,1,2
2060,316,1,2
2060,317,1,2
2060,318,1,2
2060,319,1,2
2060,320,1,2
2060,321,1,2
2060,322,1,2
2060,323,1,2
2060,324,1,2
2060,325,1,2
2060,326,1,2
2060,327,1,2
2060,328,1,2
2060,329,1,2
2060,330,1,2
2060,331,1,2
2060,332,1,2
2060,333,1,2
2060,334,1,2
2060,335,1,2
2060,336,1,2
2060,337,1,2
2060,338,1,2
2060,339,1,2
2060,340,1,2
2060,341,1,2
2060,342,1,2
2060,343,1,2
2060,344,1,2
2060,345,1,2
2060,346,1,2
2060,347,1,2
2060,348,1,2
2060,349,1,2
2060,350,1,2
2060,351,1,2
2060,352,1,2
2060,353,1,2
2060,354,1,2
2060,355,1,2
2060,356,1,2
2060,357,1,2
2060,358,1,2
2060,359,1,2
2060,360,1,2
2060,361,1,2
2060,362,1,2
2060,363,1,2
2060,364,1,2
2060,365,1,2
2060,366,1,2
2060,367,1,2
2060,368,1,2
2060,369,1,2
2060,370,1,2
2060,371,1,2
2060,372,1,2
2060,373,1,2
2060,374,1,2
2060,375,1,2
2060,376,1,2
2060,377,1,2
2060,378,1,2
2060,379,1,2
2060,380,1,2
2060,381,1,2
2060,382,1,2
2060,383,1,2
2060,384,1,2
2060,385,1,2
2060,386,1,2
2060,387,1,2
2060,388,1,2
2060,389,1,2
2060,390,1,2
2060,391,1,2
2060,392,1,2
2060,393,1,2
2060,394,1,2
2060,395,1,2
2060,396,1,2
2060,397,1,2
2060,398,1,2
2060,399,1,2
2060,400,1,2
2060,401,1,2
2060,402,1,2
2060,403,1,2
2060,404,1,2
2060,405,1,2
2060,406,1,2
2060,407,1,2
2060,408,1,2
2060,409,1,2
2060,410,1,2
2060,411,1,2
2060,412,1,2
2060,413,1,2
2060,414,1,2
2060,415,1,2
2060,416,1,2
2060,417,1,2
2060,418,1,2
2060,419,1,2
2060,420,1,2
2060,421,1,2
2060,422,1,2
2060,423,1,2
2060,424,1,2
2060,425,1,2
2060,426,1,2
2060,427,1,2
2060,428,1,2
2060,429,1,2
2060,430,1,2
2060,431,1,2
2060,432,1,2
2060,433,1,2
2060,434,1,2
2060,435,1,2
2060,436,1,2
2060,437,1,2
2060,438,1,2
2060,439,1,2
2060,440,1,2
2060,441,1,2
2060,442,1,2
2060,443,1,2
2060,444,1,2
2060,445,1,2
2060,446,1,2
2060,447,1,2
2060,448,1,2
2060,449,1,2
2060,450,1,2
2060,451,1,2
2060,452,1,2
2060,453,1,2
2060,454,1,2
2060,455,1,2
2060,456,1,2
2060,457,1,2
2060,458,1,2
2060,459,1,2
2060,460,1,2
2060,461,1,2
2060,462,1,2
2060,463,1,2
2060,464,1,2
2060,465,1,2
2060,466,1,2
2060,467,1,2
2060,468,1,2
2060,469,1,2
2060,470,1,2
2060,471,1,2
2060,472,1,2
2060,473,1,2
2060,474,1,2
2060,475,1,2
2060,476,1,2
2060,477,1,2
2060,478,1,2
2060,479,1,2
2060,480,1,2
2060,481,1,2
2060,482,1,2
2060,483,1,2
2060,484,1,2
2060,485,1,2
2060,486,1,2
2060,487,1,2
2060,488,1,2
2060,489,1,2
2060,490,1,2
2060,491,1,2
2060,492,1,2
2060,493,1,2
2060,494,1,2
2060,495,1,2
2060,496,1,2
2060,497,1,2
2060,498,1,2
2060,499,1,2
2060,500,1,2
2060,501,1,2
2060,502,1,2
2060,503,1,2
2060,504,1,2
2060,505,1,2
2060,506,1,2
2060,507,1,2
2060,508,1,2
2060,509,1,2
2060,510,1,2
2060,511,1,2
2060,512,1,2
2060,513,1,2
2060,514,1,2
2060,515,1,2
2060,516,1,2
2060,517,1,2
2060,518,1,2
2060,519,1,2
2060,520,1,2
2060,521,1,2
2060,522,1,2
2060,523,1,2
2060,524,1,2
2060,525,1,2
2060,526,1,2
2060,527,1,2
2060,528,1,2
2060,529,1,2
2060,530,1,2
2060,531,1,2
2060,532,1,2
2060,533,1,2
2060,534,1,2
2060,535,1,2
2060,536,1,2
2060,537,1,2
2060,538,1,2
2060,539,1,2
2060,540,1,2
2060,541,1,2
2060,542,1,2
2060,543,1,2
2060,544,1,2
2060,545,1,2
2060,546,1,2
2060,547,1,2
2060,548,1,2
2060,549,1,2
2060,550,1,2
2060,551,1,2
2060,552,1,2
2060,553,1,2
2060,554,1,2
2060,555,1,2
2060,556,1,2
2060,557,1,2
2060,558,1,2
2060,559,1,2
2060,560,1,2
2060,561,1,2
2060,562,1,2
2060,563,1,2
2060,564,1,2
2060,565,1,2
2060,566,1,2
2060,567,1,2
2060,568,1,2
2060,569,1,2
2060,570,1,2
2060,571,1,2
2060,572,1,2
2060,573,1,2
2060,574,1,2
2060,575,1,2
2060,576,1,2
2060,577,1,2
2060,578,1,2
2060,579,1,2
2060,580,1,2
2060,581,1,2
2060,582,1,2
2060,583,1,2
2060,584,1,2
2060,585,1,2
2060,586,1,2
2060,587,1,2
2060,588,1,2
2060,589,1,2
2060,590,1,2
2060,591,1,2
2060,592,1,2
2060,593,1,2
2060,594,1,2
2060,595,1,2
2060,596,1,2
2060,597,1,3
2060,598,1,3
2060,599,1,3
2060,600,1,3
2060,601,1,3
2060,602,1,3
2060,603,1,3
2060,604,1,3
2060,605,1,3
2060,606,1,3
2060,607,1,3
2060,608,1,3
2060,609,1,3
2060,610,1,3
2060,611,1,3
2060,612,1,3
2060,613,1,3
2060,614,1,3
2060,615,1,3
2060,616,1,3
2060,617,1,3
2060,618,1,3
2060,619,1,3
2060,620,1,3
2060,621,1,3
2060,622,1,3
2060,623,1,3
2060,624,1,3
2060,625,1,2
2060,626,1,2
2060,627,1,2
2060,628,1,2
2060,629,1,2
2060,630,1,2
2060,631,1,2
2060,632,1,2
2060,633,1,2
2060,639,1,2
2061,129,1,2
2061,130,1,2
2061,131,1,2
2061,132,1,2
2061,133,1,2
2061,134,1,2
2061,135,1,2
2061,136,1,2
2061,137,1,2
2061,138,1,2
2061,139,1,2
2061,140,1,2
2061,141,1,2
2061,142,1,2
2061,143,1,2
2061,144,1,2
2061,145,1,2
2061,146,1,2
2061,147,1,2
2061,148,1,2
2061,149,1,2
2061,150,1,2
2061,151,1,2
2061,152,1,2
2061,153,1,2
2061,154,1,2
2061,155,1,2
2061,156,1,2
2061,157,1,2
2061,158,1,2
2061,159,1,2
2061,160,1,2
2061,161,1,2
2061,162,1,2
2061,163,1,2
2061,164,1,2
2061,165,1,2
2061,166,1,2
2061,167,1,2
2061,168,1,2
2061,169,1,2
2061,170,1,2
2061,171,1,2
2061,172,1,2
2061,173,1,2
2061,174,1,2
2061,175,1,2
2061,176,1,2
2061,177,1,2
2061,178,1,2
2061,179,1,2
2061,180,1,2
2061,181,1,2
2061,182,1,2
2061,183,1,2
2061,184,1,2
2061,185,1,2
2061,186,1,2
2061,187,1,2
2061,188,1,2
2061,189,1,2
2061,190,1,2
2061,191,1,2
2061,192,1,2
2061,193,1,2
2061,194,1,2
2061,195,1,2
2061,196,1,2
2061,197,1,2
2061,198,1,2
2061,199,1,2
2061,200,1,2
2061,201,1,2
2061,202,1,2
2061,203,1,2
2061,204,1,2
2061,205,1,2
2061,206,1,2
2061,207,1,2
2061,208,1,2
2061,209,1,2
2061,210,1,2
2061,211,1,2
2061,212,1,2
2061,213,1,2
2061,214,1,2
2061,215,1,2
2061,216,1,2
2061,217,1,2
2061,218,1,2
2061,219,1,2
2061,220,1,2
2061,221,1,2
2061,222,1,2
2061,223,1,2
2061,224,1,2
2061,225,1,2
2061,226,1,2
2061,227,1,2
2061,228,1,2
2061,229,1,2
2061,230,1,2
2061,231,1,2
2061,232,1,2
2061,233,1,2
2061,234,1,2
2061,235,1,2
2061,236,1,2
2061,237,1,2
2061,238,1,2
2061,239,1,2
2061,240,1,2
2061,241,1,2
2061,242,1,2
2061,243,1,2
2061,244,1,2
2061,245,1,2
2061,246,1,2
2061,247,1,2
2061,248,1,2
2061,249,1,2
2061,250,1,2
2061,251,1,2
2061,252,1,2
2061,253,1,2
2061,254,1,2
2061,255,1,2
2061,256,1,2
2061,257,1,2
2061,258,1,2
2061,259,1,2
2061,260,1,2
2061,261,1,2
2061,262,1,2
2061,263,1,2
2061,264,1,2
2061,265,1,2
2061,266,1,2
2061,267,1,2
2061,268,1,2
2061,269,1,2
2061,270,1,2
2061,271,1,2
2061,272,1,2
2061,273,1,2
2061,274,1,2
2061,275,1,2
2061,276,1,2
2061,277,1,2
2061,278,1,2
2061,279,1,2
2061,280,1,2
2061,281,1,2
2061,282,1,2
2061,283,1,2
2061,284,1,2
2061,285,1,2
2061,286,1,2
2061,287,1,2
2061,288,1,2
2061,289,1,2
2061,290,1,2
2061,291,1,2
2061,292,1,2
2061,293,1,2
2061,294,1,2
2061,295,1,2
2061,296,1,2
2061,297,1,2
2061,298,1,2
2061,299,1,2
2061,300,1,2
2061,301,1,2
2061,302,1,2
2061,303,1,2
2061,304,1,2
2061,305,1,2
2061,306,1,2
2061,307,1,2
2061,308,1,2
2061,309,1,2
2061,310,1,2
2061,311,1,2
2061,312,1,2
2061,313,1,2
2061,314,1,2
2061,315,1,2
2061,316,1,2
2061,317,1,2
2061,318,1,2
2061,319,1,2
2061,320,1,2
2061,321,1,2
2061,322,1,2
2061,323,1,2
2061,324,1,2
2061,325,1,2
2061,326,1,2
2061,327,1,2
2061,328,1,2
2061,329,1,2
2061,330,1,2
2061,331,1,2
2061,332,1,2
2061,333,1,2
2061,334,1,2
2061,335,1,2
2061,336,1,2
2061,337,1,2
2061,338,1,2
2061,339,1,2
2061,340,1,2
2061,341,1,2
2061,342,1,2
2061,343,1,2
2061,344,1,2
2061,345,1,2
2061,346,1,2
2061,347,1,2
2061,348,1,2
2061,349,1,2
2061,350,1,2
2061,351,1,2
2061,352,1,2
2061,353,1,2
2061,354,1,2
2061,355,1,2
2061,356,1,2
2061,357,1,2
2061,358,1,2
2061,359,1,2
2061,360,1,2
2061,361,1,2
2061,362,1,2
2061,363,1,2
2061,364,1,2
2061,365,1,2
2061,366,1,2
2061,367,1,2
2061,368,1,2
2061,369,1,2
2061,370,1,2
2061,371,1,2
2061,372,1,2
2061,373,1,2
2061,374,1,2
2061,375,1,2
2061,376,1,2
2061,377,1,2
2061,378,1,2
2061,379,1,2
2061,380,1,2
2061,381,1,2
2061,382,1,2
2061,383,1,2
2061,384,1,2
2061,385,1,2
2061,386,1,2
2061,387,1,2
2061,388,1,2
2061,389,1,2
2061,390,1,2
2061,391,1,2
2061,392,1,2
2061,393,1,2
2061,394,1,2
2061,395,1,2
2061,396,1,2
2061,397,1,2
2061,398,1,2
2061,399,1,2
2061,400,1,2
2061,401,1,2
2061,402,1,2
2061,403,1,2
2061,404,1,2
2061,405,1,2
2061,406,1,2
2061,407,1,2
2061,408,1,2
2061,409,1,2
2061,410,1,2
2061,411,1,2
2061,412,1,2
2061,413,1,2
2061,414,1,2
2061,415,1,2
2061,416,1,2
2061,417,1,2
2061,418,1,2
2061,419,1,2
2061,420,1,2
2061,421,1,2
2061,422,1,2
2061,423,1,2
2061,424,1,2
2061,425,1,2
2061,426,1,2
2061,427,1,2
2061,428,1,2
2061,429,1,2
2061,430,1,2
2061,431,1,2
2061,432,1,2
2061,433,1,2
2061,434,1,2
2061,435,1,2
2061,436,1,2
2061,437,1,2
2061,438,1,2
2061,439,1,2
2061,440,1,2
2061,441,1,2
2061,442,1,2
2061,443,1,2
2061,444,1,2
2061,445,1,2
2061,446,1,2
2061,447,1,2
2061,448,1,2
2061,449,1,2
2061,450,1,2
2061,451,1,2
2061,452,1,2
2061,453,1,2
2061,454,1,2
2061,455,1,2
2061,456,1,2
2061,457,1,2
2061,458,1,2
2061,459,1,2
2061,460,1,2
2061,461,1,2
2061,462,1,2
2061,463,1,2
2061,464,1,2
2061,465,1,2
2061,466,1,2
2061,467,1,2
2061,468,1,2
2061,469,1,2
2061,470,1,2
2061,471,1,2
2061,472,1,2
2061,473,1,2
2061,474,1,2
2061,475,1,2
2061,476,1,2
2061,477,1,2
2061,478,1,2
2061,479,1,2
2061,480,1,2
2061,481,1,2
2061,482,1,2
2061,483,1,2
2061,484,1,2
2061,485,1,2
2061,486,1,2
2061,487,1,2
2061,488,1,2
2061,489,1,2
2061,490,1,2
2061,491,1,2
2061,492,1,2
2061,493,1,2
2061,494,1,2
2061,495,1,2
2061,496,1,2
2061,497,1,2
2061,498,1,2
2061,499,1,2
2061,500,1,2
2061,501,1,2
2061,502,1,2
2061,503,1,2
2061,504,1,2
2061,505,1,2
2061,506,1,2
2061,507,1,2
2061,508,1,2
2061,509,1,2
2061,510,1,2
2061,511,1,2
2061,512,1,2
2061,513,1,2
2061,514,1,2
2061,515,1,2
2061,516,1,2
2061,517,1,2
2061,518,1,2
2061,519,1,2
2061,520,1,2
2061,521,1,2
2061,522,1,2
2061,523,1,2
2061,524,1,2
2061,525,1,2
2061,526,1,2
2061,527,1,2
2061,528,1,2
2061,529,1,2
2061,530,1,2
2061,531,1,2
2061,532,1,2
2061,533,1,2
2061,534,1,2
2061,535,1,2
2061,536,1,2
2061,537,1,2
2061,538,1,2
2061,539,1,2
2061,540,1,2
2061,541,1,2
2061,542,1,2
2061,543,1,2
2061,544,1,2
2061,545,1,2
2061,546,1,2
2061,547,1,2
2061,548,1,2
2061,549,1,2
2061,550,1,2
2061,551,1,2
2061,552,1,2
2061,553,1,2
2061,554,1,2
2061,555,1,2
2061,556,1,2
2061,557,1,2
2061,558,1,2
2061,559,1,2
2061,560,1,2
2061,561,1,2
2061,562,1,2
2061,563,1,2
2061,564,1,2
2061,565,1,2
2061,566,1,2
2061,567,1,2
2061,568,1,2
2061,569,1,2
2061,570,1,2
2061,571,1,2
2061,572,1,2
2061,573,1,2
2061,574,1,2
2061,575,1,2
2061,576,1,2
2061,577,1,2
2061,578,1,2
2061,579,1,2
2061,580,1,2
2061,581,1,2
2061,582,1,2
2061,583,1,2
2061,584,1,2
2061,585,1,2
2061,586,1,2
2061,587,1,2
2061,588,1,2
2061,589,1,2
2061,590,1,2
2061,591,1,2
2061,592,1,2
2061,593,1,2
2061,594,1,2
2061,595,1,2
2061,596,1,3
2061,597,1,3
2061,598,1,3
2061,599,1,3
2061,600,1,3
2061,601,1,3
2061,602,1,3
2061,603,1,3
2061,604,1,3
2061,605,1,3
2061,606,1,3
2061,607,1,3
2061,608,1,3
2061,609,1,3
2061,610,1,3
2061,611,1,3
2061,612,1,3
2061,613,1,3
2061,614,1,3
2061,615,1,3
2061,616,1,3
2061,617,1,3
2061,618,1,3
2061,619,1,3
2061,620,1,3
2061,621,1,3
2061,622,1,3
2061,623,1,3
2061,624,1,3
2061,625,1,2
2061,626,1,2
2061,627,1,2
2061,628,1,2
2061,629,1,2
2061,630,1,2
2061,631,1,2
2061,632,1,2
2062,129,1,2
2062,130,1,2
2062,131,1,2
2062,132,1,2
2062,133,1,2
2062,134,1,2
2062,135,1,2
2062,136,1,2
2062,137,1,2
2062,138,1,2
2062,139,1,2
2062,140,1,2
2062,141,1,2
2062,142,1,2
2062,143,1,2
2062,144,1,2
2062,145,1,2
2062,146,1,2
2062,147,1,2
2062,148,1,2
2062,149,1,2
2062,150,1,2
2062,151,1,2
2062,152,1,2
2062,153,1,2
2062,154,1,2
2062,155,1,2
2062,156,1,2
2062,157,1,2
2062,158,1,2
2062,159,1,2
2062,160,1,2
2062,161,1,2
2062,162,1,2
2062,163,1,2
2062,164,1,2
2062,165,1,2
2062,166,1,2
2062,167,1,2
2062,168,1,2
2062,169,1,2
2062,170,1,2
2062,171,1,2
2062,172,1,2
2062,173,1,2
2062,174,1,2
2062,175,1,2
2062,176,1,2
2062,177,1,2
2062,178,1,2
2062,179,1,2
2062,180,1,2
2062,181,1,2
2062,182,1,2
2062,183,1,2
2062,184,1,2
2062,185,1,2
2062,186,1,2
2062,187,1,2
2062,188,1,2
2062,189,1,2
2062,190,1,2
2062,191,1,2
2062,192,1,2
2062,193,1,2
2062,194,1,2
2062,195,1,2
2062,196,1,2
2062,197,1,2
2062,198,1,2
2062,199,1,2
2062,200,1,2
2062,201,1,2
2062,202,1,2
2062,203,1,2
2062,204,1,2
2062,205,1,2
2062,206,1,2
2062,207,1,2
2062,208,1,2
2062,209,1,2
2062,210,1,2
2062,211,1,2
2062,212,1,2
2062,213,1,2
2062,214,1,2
2062,215,1,2
2062,216,1,2
2062,217,1,2
2062,218,1,2
2062,219,1,2
2062,220,1,2
2062,221,1,2
2062,222,1,2
2062,223,1,2
2062,224,1,2
2062,225,1,2
2062,226,1,2
2062,227,1,2
2062,228,1,2
2062,229,1,2
2062,230,1,2
2062,231,1,2
2062,232,1,2
2062,233,1,2
2062,234,1,2
2062,235,1,2
2062,236,1,2
2062,237,1,2
2062,238,1,2
2062,239,1,2
2062,240,1,2
2062,241,1,2
2062,242,1,2
2062,243,1,2
2062,244,1,2
2062,245,1,2
2062,246,1,2
2062,247,1,2
2062,248,1,2
2062,249,1,2
2062,250,1,2
2062,251,1,2
2062,252,1,2
2062,253,1,2
2062,254,1,2
2062,255,1,2
2062,256,1,2
2062,257,1,2
2062,258,1,2
2062,259,1,2
2062,260,1,2
2062,261,1,2
2062,262,1,2
2062,263,1,2
2062,264,1,2
2062,265,1,2
2062,266,1,2
2062,267,1,2
2062,268,1,2
2062,269,1,2
2062,270,1,2
2062,271,1,2
2062,272,1,2
2062,273,1,2
2062,274,1,2
2062,275,1,2
2062,276,1,2
2062,277,1,2
2062,278,1,2
2062,279,1,2
2062,280,1,2
2062,281,1,2
2062,282,1,2
2062,283,1,2
2062,284,1,2
2062,285,1,2
2062,286,1,2
2062,287,1,2
2062,288,1,2
2062,289,1,2
2062,290,1,2
2062,291,1,2
2062,292,1,2
2062,293,1,2
2062,294,1,2
2062,295,1,2
2062,296,1,2
2062,297,1,2
2062,298,1,2
2062,299,1,2
2062,300,1,2
2062,301,1,2
2062,302,1,2
2062,303,1,2
2062,304,1,2
2062,305,1,2
2062,306,1,2
2062,307,1,2
2062,308,1,2
2062,309,1,2
2062,310,1,2
2062,311,1,2
2062,312,1,2
2062,313,1,2
2062,314,1,2
2062,315,1,2
2062,316,1,2
2062,317,1,2
2062,318,1,2
2062,319,1,2
2062,320,1,2
2062,321,1,2
2062,322,1,2
2062,323,1,2
2062,324,1,2
2062,325,1,2
2062,326,1,2
2062,327,1,2
2062,328,1,2
2062,329,1,2
2062,330,1,2
2062,331,1,2
2062,332,1,2
2062,333,1,2
2062,334,1,2
2062,335,1,2
2062,336,1,2
2062,337,1,2
2062,338,1,2
2062,339,1,2
2062,340,1,2
2062,341,1,2
2062,342,1,2
2062,343,1,2
2062,344,1,2
2062,345,1,2
2062,346,1,2
2062,347,1,2
2062,348,1,2
2062,349,1,2
2062,350,1,2
2062,351,1,2
2062,352,1,2
2062,353,1,2
2062,354,1,2
2062,355,1,2
2062,356,1,2
2062,357,1,2
2062,358,1,2
2062,359,1,2
2062,360,1,2
2062,361,1,2
2062,362,1,2
2062,363,1,2
2062,364,1,2
2062,365,1,2
2062,366,1,2
2062,367,1,2
2062,368,1,2
2062,369,1,2
2062,370,1,2
2062,371,1,2
2062,372,1,2
2062,373,1,2
2062,374,1,2
2062,375,1,2
2062,376,1,2
2062,377,1,2
2062,378,1,2
2062,379,1,2
2062,380,1,2
2062,381,1,2
2062,382,1,2
2062,383,1,2
2062,384,1,2
2062,385,1,2
2062,386,1,2
2062,387,1,2
2062,388,1,2
2062,389,1,2
2062,390,1,2
2062,391,1,2
2062,392,1,2
2062,393,1,2
2062,394,1,2
2062,395,1,2
2062,396,1,2
2062,397,1,2
2062,398,1,2
2062,399,1,2
2062,400,1,2
2062,401,1,2
2062,402,1,2
2062,403,1,2
2062,404,1,2
2062,405,1,2
2062,406,1,2
2062,407,1,2
2062,408,1,2
2062,409,1,2
2062,410,1,2
2062,411,1,2
2062,412,1,2
2062,413,1,2
2062,414,1,2
2062,415,1,2
2062,416,1,2
2062,417,1,2
2062,418,1,2
2062,419,1,2
2062,420,1,2
2062,421,1,2
2062,422,1,2
2062,423,1,2
2062,424,1,2
2062,425,1,2
2062,426,1,2
2062,427,1,2
2062,428,1,2
2062,429,1,2
2062,430,1,2
2062,431,1,2
2062,432,1,2
2062,433,1,2
2062,434,1,2
2062,435,1,2
2062,436,1,2
2062,437,1,2
2062,438,1,2
2062,439,1,2
2062,440,1,2
2062,441,1,2
2062,442,1,2
2062,443,1,2
2062,444,1,2
2062,445,1,2
2062,446,1,2
2062,447,1,2
2062,448,1,2
2062,449,1,2
2062,450,1,2
2062,451,1,2
2062,452,1,2
2062,453,1,2
2062,454,1,2
2062,455,1,2
2062,456,1,2
2062,457,1,2
2062,458,1,2
2062,459,1,2
2062,460,1,2
2062,461,1,2
2062,462,1,2
2062,463,1,2
2062,464,1,2
2062,465,1,2
2062,466,1,2
2062,467,1,2
2062,468,1,2
2062,469,1,2
2062,470,1,2
2062,471,1,2
2062,472,1,2
2062,473,1,2
2062,474,1,2
2062,475,1,2
2062,476,1,2
2062,477,1,2
2062,478,1,2
2062,479,1,2
2062,480,1,2
2062,481,1,2
2062,482,1,2
2062,483,1,2
2062,484,1,2
2062,485,1,2
2062,486,1,2
2062,487,1,2
2062,488,1,2
2062,489,1,2
2062,490,1,2
2062,491,1,2
2062,492,1,2
2062,493,1,2
2062,494,1,2
2062,495,1,2
2062,496,1,2
2062,497,1,2
2062,498,1,2
2062,499,1,2
2062,500,1,2
2062,501,1,2
2062,502,1,2
2062,503,1,2
2062,504,1,2
2062,505,1,2
2062,506,1,2
2062,507,1,2
2062,508,1,2
2062,509,1,2
2062,510,1,2
2062,511,1,2
2062,512,1,2
2062,513,1,2
2062,514,1,2
2062,515,1,2
2062,516,1,2
2062,517,1,2
2062,518,1,2
2062,519,1,2
2062,520,1,2
2062,521,1,2
2062,522,1,2
2062,523,1,2
2062,524,1,2
2062,525,1,2
2062,526,1,2
2062,527,1,2
2062,528,1,2
2062,529,1,2
2062,530,1,2
2062,531,1,2
2062,532,1,2
2062,533,1,2
2062,534,1,2
2062,535,1,2
2062,536,1,2
2062,537,1,2
2062,538,1,2
2062,539,1,2
2062,540,1,2
2062,541,1,2
2062,542,1,2
2062,543,1,2
2062,544,1,2
2062,545,1,2
2062,546,1,2
2062,547,1,2
2062,548,1,2
2062,549,1,2
2062,550,1,2
2062,551,1,2
2062,552,1,2
2062,553,1,2
2062,554,1,2
2062,555,1,2
2062,556,1,2
2062,557,1,2
2062,558,1,2
2062,559,1,2
2062,560,1,2
2062,561,1,2
2062,562,1,2
2062,563,1,2
2062,564,1,2
2062,565,1,2
2062,566,1,2
2062,567,1,2
2062,568,1,2
2062,569,1,2
2062,570,1,2
2062,571,1,2
2062,572,1,2
2062,573,1,2
2062,574,1,2
2062,575,1,2
2062,576,1,2
2062,577,1,2
2062,578,1,2
2062,579,1,2
2062,580,1,2
2062,581,1,2
2062,582,1,2
2062,583,1,2
2062,584,1,2
2062,585,1,2
2062,586,1,2
2062,587,1,2
2062,588,1,2
2062,589,1,2
2062,590,1,2
2062,591,1,2
2062,592,1,2
2062,593,1,2
2062,594,1,3
2062,595,1,3
2062,596,1,3
2062,597,1,3
2062,598,1,3
2062,599,1,3
2062,600,1,3
2062,601,1,3
2062,602,1,3
2062,603,1,3
2062,604,1,3
2062,605,1,3
2062,606,1,3
2062,607,1,3
2062,608,1,3
2062,609,1,3
2062,610,1,3
2062,611,1,3
2062,612,1,3
2062,613,1,3
2062,614,1,3
2062,615,1,3
2062,616,1,3
2062,617,1,3
2062,618,1,3
2062,619,1,3
2062,620,1,3
2062,621,1,3
2062,622,1,3
2062,623,1,3
2062,624,1,3
2062,625,1,3
2062,626,1,2
2062,627,1,2
2062,628,1,2
2062,629,1,2
2062,630,1,2
2062,631,1,2
2062,632,1,2
2063,129,1,2
2063,130,1,2
2063,131,1,2
2063,132,1,2
2063,133,1,2
2063,134,1,2
2063,135,1,2
2063,136,1,2
2063,137,1,2
2063,138,1,2
2063,139,1,2
2063,140,1,2
2063,141,1,2
2063,142,1,2
2063,143,1,2
2063,144,1,2
2063,145,1,2
2063,146,1,2
2063,147,1,2
2063,148,1,2
2063,149,1,2
2063,150,1,2
2063,151,1,2
2063,152,1,2
2063,153,1,2
2063,154,1,2
2063,155,1,2
2063,156,1,2
2063,157,1,2
2063,158,1,2
2063,159,1,2
2063,160,1,2
2063,161,1,2
2063,162,1,2
2063,163,1,2
2063,164,1,2
2063,165,1,2
2063,166,1,2
2063,167,1,2
2063,168,1,2
2063,169,1,2
2063,170,1,2
2063,171,1,2
2063,172,1,2
2063,173,1,2
2063,174,1,2
2063,175,1,2
2063,176,1,2
2063,177,1,2
2063,178,1,2
2063,179,1,2
2063,180,1,2
2063,181,1,2
2063,182,1,2
2063,183,1,2
2063,184,1,2
2063,185,1,2
2063,186,1,2
2063,187,1,2
2063,188,1,2
2063,189,1,2
2063,190,1,2
2063,191,1,2
2063,192,1,2
2063,193,1,2
2063,194,1,2
2063,195,1,2
2063,196,1,2
2063,197,1,2
2063,198,1,2
2063,199,1,2
2063,200,1,2
2063,201,1,2
2063,202,1,2
2063,203,1,2
2063,204,1,2
2063,205,1,2
2063,206,1,2
2063,207,1,2
2063,208,1,2
2063,209,1,2
2063,210,1,2
2063,211,1,2
2063,212,1,2
2063,213,1,2
2063,214,1,2
2063,215,1,2
2063,216,1,2
2063,217,1,2
2063,218,1,2
2063,219,1,2
2063,220,1,2
2063,221,1,2
2063,222,1,2
2063,223,1,2
2063,224,1,2
2063,225,1,2
2063,226,1,2
2063,227,1,2
2063,228,1,2
2063,229,1,2
2063,230,1,2
2063,231,1,2
2063,232,1,2
2063,233,1,2
2063,234,1,2
2063,235,1,2
2063,236,1,2
2063,237,1,2
2063,238,1,2
2063,239,1,2
2063,240,1,2
2063,241,1,2
2063,242,1,2
2063,243,1,2
2063,244,1,2
2063,245,1,2
2063,246,1,2
2063,247,1,2
2063,248,1,2
2063,249,1,2
2063,250,1,2
2063,251,1,2
2063,252,1,2
2063,253,1,2
2063,254,1,2
2063,255,1,2
2063,256,1,2
2063,257,1,2
2063,258,1,2
2063,259,1,2
2063,260,1,2
2063,261,1,2
2063,262,1,2
2063,263,1,2
2063,264,1,2
2063,265,1,2
2063,266,1,2
2063,267,1,2
2063,268,1,2
2063,269,1,2
2063,270,1,2
2063,271,1,2
2063,272,1,2
2063,273,1,2
2063,274,1,2
2063,275,1,2
2063,276,1,2
2063,277,1,2
2063,278,1,2
2063,279,1,2
2063,280,1,2
2063,281,1,2
2063,282,1,2
2063,283,1,2
2063,284,1,2
2063,285,1,2
2063,286,1,2
2063,287,1,2
2063,288,1,2
2063,289,1,2
2063,290,1,2
2063,291,1,2
2063,292,1,2
2063,293,1,2
2063,294,1,2
2063,295,1,2
2063,296,1,2
2063,297,1,2
2063,298,1,2
2063,299,1,2
2063,300,1,2
2063,301,1,2
2063,302,1,2
2063,303,1,2
2063,304,1,2
2063,305,1,2
2063,306,1,2
2063,307,1,2
2063,308,1,2
2063,309,1,2
2063,310,1,2
2063,311,1,2
2063,312,1,2
2063,313,1,2
2063,314,1,2
2063,315,1,2
2063,316,1,2
2063,317,1,2
2063,318,1,2
2063,319,1,2
2063,320,1,2
2063,321,1,2
2063,322,1,2
2063,323,1,2
2063,324,1,2
2063,325,1,2
2063,326,1,2
2063,327,1,2
2063,328,1,2
2063,329,1,2
2063,330,1,2
2063,331,1,2
2063,332,1,2
2063,333,1,2
2063,334,1,2
2063,335,1,2
2063,336,1,2
2063,337,1,2
2063,338,1,2
2063,339,1,2
2063,340,1,2
2063,341,1,2
2063,342,1,2
2063,343,1,2
2063,344,1,2
2063,345,1,2
2063,346,1,2
2063,347,1,2
2063,348,1,2
2063,349,1,2
2063,350,1,2
2063,351,1,2
2063,352,1,2
2063,353,1,2
2063,354,1,2
2063,355,1,2
2063,356,1,2
2063,357,1,2
2063,358,1,2
2063,359,1,2
2063,360,1,2
2063,361,1,2
2063,362,1,2
2063,363,1,2
2063,364,1,2
2063,365,1,2
2063,366,1,2
2063,367,1,2
2063,368,1,2
2063,369,1,2
2063,370,1,2
2063,371,1,2
2063,372,1,2
2063,373,1,2
2063,374,1,2
2063,375,1,2
2063,376,1,2
2063,377,1,2
2063,378,1,2
2063,379,1,2
2063,380,1,2
2063,381,1,2
2063,382,1,2
2063,383,1,2
2063,384,1,2
2063,385,1,2
2063,386,1,2
2063,387,1,2
2063,388,1,2
2063,389,1,2
2063,390,1,2
2063,391,1,2
2063,392,1,2
2063,393,1,2
2063,394,1,2
2063,395,1,2
2063,396,1,2
2063,397,1,2
2063,398,1,2
2063,399,1,2
2063,400,1,2
2063,401,1,2
2063,402,1,2
2063,403,1,2
2063,404,1,2
2063,405,1,2
2063,406,1,2
2063,407,1,2
2063,408,1,2
2063,409,1,2
2063,410,1,2
2063,411,1,2
2063,412,1,2
2063,413,1,2
2063,414,1,2
2063,415,1,2
2063,416,1,2
2063,417,1,2
2063,418,1,2
2063,419,1,2
2063,420,1,2
2063,421,1,2
2063,422,1,2
2063,423,1,2
2063,424,1,2
2063,425,1,2
2063,426,1,2
2063,427,1,2
2063,428,1,2
2063,429,1,2
2063,430,1,2
2063,431,1,2
2063,432,1,2
2063,433,1,2
2063,434,1,2
2063,435,1,2
2063,436,1,2
2063,437,1,2
2063,438,1,2
2063,439,1,2
2063,440,1,2
2063,441,1,2
2063,442,1,2
2063,443,1,2
2063,444,1,2
2063,445,1,2
2063,446,1,2
2063,447,1,2
2063,448,1,2
2063,449,1,2
2063,450,1,2
2063,451,1,2
2063,452,1,2
2063,453,1,2
2063,454,1,2
2063,455,1,2
2063,456,1,2
2063,457,1,2
2063,458,1,2
2063,459,1,2
2063,460,1,2
2063,461,1,2
2063,462,1,2
2063,463,1,2
2063,464,1,2
2063,465,1,2
2063,466,1,2
2063,467,1,2
2063,468,1,2
2063,469,1,2
2063,470,1,2
2063,471,1,2
2063,472,1,2
2063,473,1,2
2063,474,1,2
2063,475,1,2
2063,476,1,2
2063,477,1,2
2063,478,1,2
2063,479,1,2
2063,480,1,2
2063,481,1,2
2063,482,1,2
2063,483,1,2
2063,484,1,2
2063,485,1,2
2063,486,1,2
2063,487,1,2
2063,488,1,2
2063,489,1,2
2063,490,1,2
2063,491,1,2
2063,492,1,2
2063,493,1,2
2063,494,1,2
2063,495,1,2
2063,496,1,2
2063,497,1,2
2063,498,1,2
2063,499,1,2
2063,500,1,2
2063,501,1,2
2063,502,1,2
2063,503,1,2
2063,504,1,2
2063,505,1,2
2063,506,1,2
2063,507,1,2
2063,508,1,2
2063,509,1,2
2063,510,1,2
2063,511,1,2
2063,512,1,2
2063,513,1,2
2063,514,1,2
2063,515,1,2
2063,516,1,2
2063,517,1,2
2063,518,1,2
2063,519,1,2
2063,520,1,2
2063,521,1,2
2063,522,1,2
2063,523,1,2
2063,524,1,2
2063,525,1,2
2063,526,1,2
2063,527,1,2
2063,528,1,2
2063,529,1,2
2063,530,1,2
2063,531,1,2
2063,532,1,2
2063,533,1,2
2063,534,1,2
2063,535,1,2
2063,536,1,2
2063,537,1,2
2063,538,1,2
2063,539,1,2
2063,540,1,2
2063,541,1,2
2063,542,1,2
2063,543,1,2
2063,544,1,2
2063,545,1,2
2063,546,1,2
2063,547,1,2
2063,548,1,2
2063,549,1,2
2063,550,1,2
2063,551,1,2
2063,552,1,2
2063,553,1,2
2063,554,1,2
2063,555,1,2
2063,556,1,2
2063,557,1,2
2063,558,1,2
2063,559,1,2
2063,560,1,2
2063,561,1,2
2063,562,1,2
2063,563,1,2
2063,564,1,2
2063,565,1,2
2063,566,1,2
2063,567,1,2
2063,568,1,2
2063,569,1,2
2063,570,1,2
2063,571,1,2
2063,572,1,2
2063,573,1,2
2063,574,1,2
2063,575,1,2
2063,576,1,2
2063,577,1,2
2063,578,1,2
2063,579,1,2
2063,580,1,2
2063,581,1,2
2063,582,1,2
2063,583,1,2
2063,584,1,2
2063,585,1,2
2063,586,1,2
2063,587,1,2
2063,588,1,2
2063,589,1,2
2063,590,1,2
2063,591,1,2
2063,592,1,2
2063,593,1,2
2063,594,1,3
2063,595,1,3
2063,596,1,3
2063,597,1,3
2063,598,1,3
2063,599,1,3
2063,600,1,3
2063,601,1,3
2063,602,1,3
2063,603,1,3
2063,604,1,3
2063,605,1,3
2063,606,1,3
2063,607,1,3
2063,608,1,3
2063,609,1,3
2063,610,1,3
2063,611,1,3
2063,612,1,3
2063,613,1,3
2063,614,1,3
2063,615,1,3
2063,616,1,3
2063,617,1,3
2063,618,1,3
2063,619,1,3
2063,620,1,3
2063,621,1,3
2063,622,1,3
2063,623,1,3
2063,624,1,3
2063,625,1,3
2063,626,1,3
2063,627,1,2
2063,628,1,2
2063,629,1,2
2063,630,1,2
2063,631,1,2
2063,632,1,2
2064,130,1,2
2064,131,1,2
2064,132,1,2
2064,133,1,2
2064,134,1,2
2064,135,1,2
2064,136,1,2
2064,137,1,2
2064,138,1,2
2064,139,1,2
2064,140,1,2
2064,141,1,2
2064,142,1,2
2064,143,1,2
2064,144,1,2
2064,145,1,2
2064,146,1,2
2064,147,1,2
2064,148,1,2
2064,149,1,2
2064,150,1,2
2064,151,1,2
2064,152,1,2
2064,153,1,2
2064,154,1,2
2064,155,1,2
2064,156,1,2
2064,157,1,2
2064,158,1,2
2064,159,1,2
2064,160,1,2
2064,161,1,2
2064,162,1,2
2064,163,1,2
2064,164,1,2
2064,165,1,2
2064,166,1,2
2064,167,1,2
2064,168,1,2
2064,169,1,2
2064,170,1,2
2064,171,1,2
2064,172,1,2
2064,173,1,2
2064,174,1,2
2064,175,1,2
2064,176,1,2
2064,177,1,2
2064,178,1,2
2064,179,1,2
2064,180,1,2
2064,181,1,2
2064,182,1,2
2064,183,1,2
2064,184,1,2
2064,185,1,2
2064,186,1,2
2064,187,1,2
2064,188,1,2
2064,189,1,2
2064,190,1,2
2064,191,1,2
2064,192,1,2
2064,193,1,2
2064,194,1,2
2064,195,1,2
2064,196,1,2
2064,197,1,2
2064,198,1,2
2064,199,1,2
2064,200,1,2
2064,201,1,2
2064,202,1,2
2064,203,1,2
2064,204,1,2
2064,205,1,2
2064,206,1,2
2064,207,1,2
2064,208,1,2
2064,209,1,2
2064,210,1,2
2064,211,1,2
2064,212,1,2
2064,213,1,2
2064,214,1,2
2064,215,1,2
2064,216,1,2
2064,217,1,2
2064,218,1,2
2064,219,1,2
2064,220,1,2
2064,221,1,2
2064,222,1,2
2064,223,1,2
2064,224,1,2
2064,225,1,2
2064,226,1,2
2064,227,1,2
2064,228,1,2
2064,229,1,2
2064,230,1,2
2064,231,1,2
2064,232,1,2
2064,233,1,2
2064,234,1,2
2064,235,1,2
2064,236,1,2
2064,237,1,2
2064,238,1,2
2064,239,1,2
2064,240,1,2
2064,241,1,2
2064,242,1,2
2064,243,1,2
2064,244,1,2
2064,245,1,2
2064,246,1,2
2064,247,1,2
2064,248,1,2
2064,249,1,2
2064,250,1,2
2064,251,1,2
2064,252,1,2
2064,253,1,2
2064,254,1,2
2064,255,1,2
2064,256,1,2
2064,257,1,2
2064,258,1,2
2064,259,1,2
2064,260,1,2
2064,261,1,2
2064,262,1,2
2064,263,1,2
2064,264,1,2
2064,265,1,2
2064,266,1,2
2064,267,1,2
2064,268,1,2
2064,269,1,2
2064,270,1,2
2064,271,1,2
2064,272,1,2
2064,273,1,2
2064,274,1,2
2064,275,1,2
2064,276,1,2
2064,277,1,2
2064,278,1,2
2064,279,1,2
2064,280,1,2
2064,281,1,2
2064,282,1,2
2064,283,1,2
2064,284,1,2
2064,285,1,2
2064,286,1,2
2064,287,1,2
2064,288,1,2
2064,289,1,2
2064,290,1,2
2064,291,1,2
2064,292,1,2
2064,293,1,2
2064,294,1,2
2064,295,1,2
2064,296,1,2
2064,297,1,2
2064,298,1,2
2064,299,1,2
2064,300,1,2
2064,301,1,2
2064,302,1,2
2064,303,1,2
2064,304,1,2
2064,305,1,2
2064,306,1,2
2064,307,1,2
2064,308,1,2
2064,309,1,2
2064,310,1,2
2064,311,1,2
2064,312,1,2
2064,313,1,2
2064,314,1,2
2064,315,1,2
2064,316,1,2
2064,317,1,2
2064,318,1,2
2064,319,1,2
2064,320,1,2
2064,321,1,2
2064,322,1,2
2064,323,1,2
2064,324,1,2
2064,325,1,2
2064,326,1,2
2064,327,1,2
2064,328,1,2
2064,329,1,2
2064,330,1,2
2064,331,1,2
2064,332,1,2
2064,333,1,2
2064,334,1,2
2064,335,1,2
2064,336,1,2
2064,337,1,2
2064,338,1,2
2064,339,1,2
2064,340,1,2
2064,341,1,2
2064,342,1,2
2064,343,1,2
2064,344,1,2
2064,345,1,2
2064,346,1,2
2064,347,1,2
2064,348,1,2
2064,349,1,2
2064,350,1,2
2064,351,1,2
2064,352,1,2
2064,353,1,2
2064,354,1,2
2064,355,1,2
2064,356,1,2
2064,357,1,2
2064,358,1,2
2064,359,1,2
2064,360,1,2
2064,361,1,2
2064,362,1,2
2064,363,1,2
2064,364,1,2
2064,365,1,2
2064,366,1,2
2064,367,1,2
2064,368,1,2
2064,369,1,2
2064,370,1,2
2064,371,1,2
2064,372,1,2
2064,373,1,2
2064,374,1,2
2064,375,1,2
2064,376,1,2
2064,377,1,2
2064,378,1,2
2064,379,1,2
2064,380,1,2
2064,381,1,2
2064,382,1,2
2064,383,1,2
2064,384,1,2
2064,385,1,2
2064,386,1,2
2064,387,1,2
2064,388,1,2
2064,389,1,2
2064,390,1,2
2064,391,1,2
2064,392,1,2
2064,393,1,2
2064,394,1,2
2064,395,1,2
2064,396,1,2
2064,397,1,2
2064,398,1,2
2064,399,1,2
2064,400,1,2
2064,401,1,2
2064,402,1,2
2064,403,1,2
2064,404,1,2
2064,405,1,2
2064,406,1,2
2064,407,1,2
2064,408,1,2
2064,409,1,2
2064,410,1,2
2064,411,1,2
2064,412,1,2
2064,413,1,2
2064,414,1,2
2064,415,1,2
2064,416,1,2
2064,417,1,2
2064,418,1,2
2064,419,1,2
2064,420,1,2
2064,421,1,2
2064,422,1,2
2064,423,1,2
2064,424,1,2
2064,425,1,2
2064,426,1,2
2064,427,1,2
2064,428,1,2
2064,429,1,2
2064,430,1,2
2064,431,1,2
2064,432,1,2
2064,433,1,2
2064,434,1,2
2064,435,1,2
2064,436,1,2
2064,437,1,2
2064,438,1,2
2064,439,1,2
2064,440,1,2
2064,441,1,2
2064,442,1,2
2064,443,1,2
2064,444,1,2
2064,445,1,2
2064,446,1,2
2064,447,1,2
2064,448,1,2
2064,449,1,2
2064,450,1,2
2064,451,1,2
2064,452,1,2
2064,453,1,2
2064,454,1,2
2064,455,1,2
2064,456,1,2
2064,457,1,2
2064,458,1,2
2064,459,1,2
2064,460,1,2
2064,461,1,2
2064,462,1,2
2064,463,1,2
2064,464,1,2
2064,465,1,2
2064,466,1,2
2064,467,1,2
2064,468,1,2
2064,469,1,2
2064,470,1,2
2064,471,1,2
2064,472,1,2
2064,473,1,2
2064,474,1,2
2064,475,1,2
2064,476,1,2
2064,477,1,2
2064,478,1,2
2064,479,1,2
2064,480,1,2
2064,481,1,2
2064,482,1,2
2064,483,1,2
2064,484,1,2
2064,485,1,2
2064,486,1,2
2064,487,1,2
2064,488,1,2
2064,489,1,2
2064,490,1,2
2064,491,1,2
2064,492,1,2
2064,493,1,2
2064,494,1,2
2064,495,1,2
2064,496,1,2
2064,497,1,2
2064,498,1,2
2064,499,1,2
2064,500,1,2
2064,501,1,2
2064,502,1,2
2064,503,1,2
2064,504,1,2
2064,505,1,2
2064,506,1,2
2064,507,1,2
2064,508,1,2
2064,509,1,2
2064,510,1,2
2064,511,1,2
2064,512,1,2
2064,513,1,2
2064,514,1,2
2064,515,1,2
2064,516,1,2
2064,517,1,2
2064,518,1,2
2064,519,1,2
2064,520,1,2
2064,521,1,2
2064,522,1,2
2064,523,1,2
2064,524,1,2
2064,525,1,2
2064,526,1,2
2064,527,1,2
2064,528,1,2
2064,529,1,2
2064,530,1,2
2064,531,1,2
2064,532,1,2
2064,533,1,2
2064,534,1,2
2064,535,1,2
2064,536,1,2
2064,537,1,2
2064,538,1,2
2064,539,1,2
2064,540,1,2
2064,541,1,2
2064,542,1,2
2064,543,1,2
2064,544,1,2
2064,545,1,2
2064,546,1,2
2064,547,1,2
2064,548,1,2
2064,549,1,2
2064,550,1,2
2064,551,1,2
2064,552,1,2
2064,553,1,2
2064,554,1,2
2064,555,1,2
2064,556,1,2
2064,557,1,2
2064,558,1,2
2064,559,1,2
2064,560,1,2
2064,561,1,2
2064,562,1,2
2064,563,1,2
2064,564,1,2
2064,565,1,2
2064,566,1,2
2064,567,1,2
2064,568,1,2
2064,569,1,2
2064,570,1,2
2064,571,1,2
2064,572,1,2
2064,573,1,2
2064,574,1,2
2064,575,1,2
2064,576,1,2
2064,577,1,2
2064,578,1,2
2064,579,1,2
2064,580,1,2
2064,581,1,2
2064,582,1,2
2064,583,1,2
2064,584,1,2
2064,585,1,2
2064,586,1,2
2064,587,1,2
2064,588,1,2
2064,589,1,2
2064,590,1,2
2064,591,1,2
2064,592,1,2
2064,593,1,3
2064,594,1,3
2064,595,1,3
2064,596,1,3
2064,597,1,3
2064,598,1,3
2064,599,1,3
2064,600,1,3
2064,601,1,3
2064,602,1,3
2064,603,1,3
2064,604,1,3
2064,605,1,3
2064,606,1,3
2064,607,1,3
2064,608,1,3
2064,609,1,3
2064,610,1,3
2064,611,1,3
2064,612,1,3
2064,613,1,3
2064,614,1,3
2064,615,1,3
2064,616,1,3
2064,617,1,3
2064,618,1,3
2064,619,1,3
2064,620,1,3
2064,621,1,3
2064,622,1,3
2064,623,1,3
2064,624,1,3
2064,625,1,3
2064,626,1,3
2064,627,1,2
2064,628,1,2
2064,629,1,2
2064,630,1,2
2064,631,1,2
2065,131,1,2
2065,132,1,2
2065,133,1,2
2065,134,1,2
2065,135,1,2
2065,136,1,2
2065,137,1,2
2065,138,1,2
2065,139,1,2
2065,140,1,2
2065,141,1,2
2065,142,1,2
2065,143,1,2
2065,144,1,2
2065,145,1,2
2065,146,1,2
2065,147,1,2
2065,148,1,2
2065,149,1,2
2065,150,1,2
2065,151,1,2
2065,152,1,2
2065,153,1,2
2065,154,1,2
2065,155,1,2
2065,156,1,2
2065,157,1,2
2065,158,1,2
2065,159,1,2
2065,160,1,2
2065,161,1,2
2065,162,1,2
2065,163,1,2
2065,164,1,2
2065,165,1,2
2065,166,1,2
2065,167,1,2
2065,168,1,2
2065,169,1,2
2065,170,1,2
2065,171,1,2
2065,172,1,2
2065,173,1,2
2065,174,1,2
2065,175,1,2
2065,176,1,2
2065,177,1,2
2065,178,1,2
2065,179,1,2
2065,180,1,2
2065,181,1,2
2065,182,1,2
2065,183,1,2
2065,184,1,2
2065,185,1,2
2065,186,1,2
2065,187,1,2
2065,188,1,2
2065,189,1,2
2065,190,1,2
2065,191,1,2
2065,192,1,2
2065,193,1,2
2065,194,1,2
2065,195,1,2
2065,196,1,2
2065,197,1,2
2065,198,1,2
2065,199,1,2
2065,200,1,2
2065,201,1,2
2065,202,1,2
2065,203,1,2
2065,204,1,2
2065,205,1,2
2065,206,1,2
2065,207,1,2
2065,208,1,2
2065,209,1,2
2065,210,1,2
2065,211,1,2
2065,212,1,2
2065,213,1,2
2065,214,1,2
2065,215,1,2
2065,216,1,2
2065,217,1,2
2065,218,1,2
2065,219,1,2
2065,220,1,2
2065,221,1,2
2065,222,1,2
2065,223,1,2
2065,224,1,2
2065,225,1,2
2065,226,1,2
2065,227,1,2
2065,228,1,2
2065,229,1,2
2065,230,1,2
2065,231,1,2
2065,232,1,2
2065,233,1,2
2065,234,1,2
2065,235,1,2
2065,236,1,2
2065,237,1,2
2065,238,1,2
2065,239,1,2
2065,240,1,2
2065,241,1,2
2065,242,1,2
2065,243,1,2
2065,244,1,2
2065,245,1,2
2065,246,1,2
2065,247,1,2
2065,248,1,2
2065,249,1,2
2065,250,1,2
2065,251,1,2
2065,252,1,2
2065,253,1,2
2065,254,1,2
2065,255,1,2
2065,256,1,2
2065,257,1,2
2065,258,1,2
2065,259,1,2
2065,260,1,2
2065,261,1,2
2065,262,1,2
2065,263,1,2
2065,264,1,2
2065,265,1,2
2065,266,1,2
2065,267,1,2
2065,268,1,2
2065,269,1,2
2065,270,1,2
2065,271,1,2
2065,272,1,2
2065,273,1,2
2065,274,1,2
2065,275,1,2
2065,276,1,2
2065,277,1,2
2065,278,1,2
2065,279,1,2
2065,280,1,2
2065,281,1,2
2065,282,1,2
2065,283,1,2
2065,284,1,2
2065,285,1,2
2065,286,1,2
2065,287,1,2
2065,288,1,2
2065,289,1,2
2065,290,1,2
2065,291,1,2
2065,292,1,2
2065,293,1,2
2065,294,1,2
2065,295,1,2
2065,296,1,2
2065,297,1,2
2065,298,1,2
2065,299,1,2
2065,300,1,2
2065,301,1,2
2065,302,1,2
2065,303,1,2
2065,304,1,2
2065,305,1,2
2065,306,1,2
2065,307,1,2
2065,308,1,2
2065,309,1,2
2065,310,1,2
2065,311,1,2
2065,312,1,2
2065,313,1,2
2065,314,1,2
2065,315,1,2
2065,316,1,2
2065,317,1,2
2065,318,1,2
2065,319,1,2
2065,320,1,2
2065,321,1,2
2065,322,1,2
2065,323,1,2
2065,324,1,2
2065,325,1,2
2065,326,1,2
2065,327,1,2
2065,328,1,2
2065,329,1,2
2065,330,1,2
2065,331,1,2
2065,332,1,2
2065,333,1,2
2065,334,1,2
2065,335,1,2
2065,336,1,2
2065,337,1,2
2065,338,1,2
2065,339,1,2
2065,340,1,2
2065,341,1,2
2065,342,1,2
2065,343,1,2
2065,344,1,2
2065,345,1,2
2065,346,1,2
2065,347,1,2
2065,348,1,2
2065,349,1,2
2065,350,1,2
2065,351,1,2
2065,352,1,2
2065,353,1,2
2065,354,1,2
2065,355,1,2
2065,356,1,2
2065,357,1,2
2065,358,1,2
2065,359,1,2
2065,360,1,2
2065,361,1,2
2065,362,1,2
2065,363,1,2
2065,364,1,2
2065,365,1,2
2065,366,1,2
2065,367,1,2
2065,368,1,2
2065,369,1,2
2065,370,1,2
2065,371,1,2
2065,372,1,2
2065,373,1,2
2065,374,1,2
2065,375,1,2
2065,376,1,2
2065,377,1,2
2065,378,1,2
2065,379,1,2
2065,380,1,2
2065,381,1,2
2065,382,1,2
2065,383,1,2
2065,384,1,2
2065,385,1,2
2065,386,1,2
2065,387,1,2
2065,388,1,2
2065,389,1,2
2065,390,1,2
2065,391,1,2
2065,392,1,2
2065,393,1,2
2065,394,1,2
2065,395,1,2
2065,396,1,2
2065,397,1,2
2065,398,1,2
2065,399,1,2
2065,400,1,2
2065,401,1,2
2065,402,1,2
2065,403,1,2
2065,404,1,2
2065,405,1,2
2065,406,1,2
2065,407,1,2
2065,408,1,2
2065,409,1,2
2065,410,1,2
2065,411,1,2
2065,412,1,2
2065,413,1,2
2065,414,1,2
2065,415,1,2
2065,416,1,2
2065,417,1,2
2065,418,1,2
2065,419,1,2
2065,420,1,2
2065,421,1,2
2065,422,1,2
2065,423,1,2
2065,424,1,2
2065,425,1,2
2065,426,1,2
2065,427,1,2
2065,428,1,2
2065,429,1,2
2065,430,1,2
2065,431,1,2
2065,432,1,2
2065,433,1,2
2065,434,1,2
2065,435,1,2
2065,436,1,2
2065,437,1,2
2065,438,1,2
2065,439,1,2
2065,440,1,2
2065,441,1,2
2065,442,1,2
2065,443,1,2
2065,444,1,2
2065,445,1,2
2065,446,1,2
2065,447,1,2
2065,448,1,2
2065,449,1,2
2065,450,1,2
2065,451,1,2
2065,452,1,2
2065,453,1,2
2065,454,1,2
2065,455,1,2
2065,456,1,2
2065,457,1,2
2065,458,1,2
2065,459,1,2
2065,460,1,2
2065,461,1,2
2065,462,1,2
2065,463,1,2
2065,464,1,2
2065,465,1,2
2065,466,1,2
2065,467,1,2
2065,468,1,2
2065,469,1,2
2065,470,1,2
2065,471,1,2
2065,472,1,2
2065,473,1,2
2065,474,1,2
2065,475,1,2
2065,476,1,2
2065,477,1,2
2065,478,1,2
2065,479,1,2
2065,480,1,2
2065,481,1,2
2065,482,1,2
2065,483,1,2
2065,484,1,2
2065,485,1,2
2065,486,1,2
2065,487,1,2
2065,488,1,2
2065,489,1,2
2065,490,1,2
2065,491,1,2
2065,492,1,2
2065,493,1,2
2065,494,1,2
2065,495,1,2
2065,496,1,2
2065,497,1,2
2065,498,1,2
2065,499,1,2
2065,500,1,2
2065,501,1,2
2065,502,1,2
2065,503,1,2
2065,504,1,2
2065,505,1,2
2065,506,1,2
2065,507,1,2
2065,508,1,2
2065,509,1,2
2065,510,1,2
2065,511,1,2
2065,512,1,2
2065,513,1,2
2065,514,1,2
2065,515,1,2
2065,516,1,2
2065,517,1,2
2065,518,1,2
2065,519,1,2
2065,520,1,2
2065,521,1,2
2065,522,1,2
2065,523,1,2
2065,524,1,2
2065,525,1,2
2065,526,1,2
2065,527,1,2
2065,528,1,2
2065,529,1,2
2065,530,1,2
2065,531,1,2
2065,532,1,2
2065,533,1,2
2065,534,1,2
2065,535,1,2
2065,536,1,2
2065,537,1,2
2065,538,1,2
2065,539,1,2
2065,540,1,2
2065,541,1,2
2065,542,1,2
2065,543,1,2
2065,544,1,2
2065,545,1,2
2065,546,1,2
2065,547,1,2
2065,548,1,2
2065,549,1,2
2065,550,1,2
2065,551,1,2
2065,552,1,2
2065,553,1,2
2065,554,1,2
2065,555,1,2
2065,556,1,2
2065,557,1,2
2065,558,1,2
2065,559,1,2
2065,560,1,2
2065,561,1,2
2065,562,1,2
2065,563,1,2
2065,564,1,2
2065,565,1,2
2065,566,1,2
2065,567,1,2
2065,568,1,2
2065,569,1,2
2065,570,1,2
2065,571,1,2
2065,572,1,2
2065,573,1,2
2065,574,1,2
2065,575,1,2
2065,576,1,2
2065,577,1,2
2065,578,1,2
2065,579,1,2
2065,580,1,2
2065,581,1,2
2065,582,1,2
2065,583,1,2
2065,584,1,2
2065,585,1,2
2065,586,1,2
2065,587,1,2
2065,588,1,2
2065,589,1,2
2065,590,1,2
2065,591,1,3
2065,592,1,3
2065,593,1,3
2065,594,1,3
2065,595,1,3
2065,596,1,3
2065,597,1,3
2065,598,1,3
2065,599,1,3
2065,600,1,3
2065,601,1,3
2065,602,1,3
2065,603,1,3
2065,604,1,3
2065,605,1,3
2065,606,1,3
2065,607,1,3
2065,608,1,3
2065,609,1,3
2065,610,1,3
2065,611,1,3
2065,612,1,3
2065,613,1,3
2065,614,1,3
2065,615,1,3
2065,616,1,3
2065,617,1,3
2065,618,1,3
2065,619,1,3
2065,620,1,3
2065,621,1,3
2065,622,1,3
2065,623,1,3
2065,624,1,3
2065,625,1,3
2065,626,1,3
2065,627,1,2
2065,628,1,2
2065,629,1,2
2065,630,1,2
2066,131,1,2
2066,132,1,2
2066,133,1,2
2066,134,1,2
2066,135,1,2
2066,136,1,2
2066,137,1,2
2066,138,1,2
2066,139,1,2
2066,140,1,2
2066,141,1,2
2066,142,1,2
2066,143,1,2
2066,144,1,2
2066,145,1,2
2066,146,1,2
2066,147,1,2
2066,148,1,2
2066,149,1,2
2066,150,1,2
2066,151,1,2
2066,152,1,2
2066,153,1,2
2066,154,1,2
2066,155,1,2
2066,156,1,2
2066,157,1,2
2066,158,1,2
2066,159,1,2
2066,160,1,2
2066,161,1,2
2066,162,1,2
2066,163,1,2
2066,164,1,2
2066,165,1,2
2066,166,1,2
2066,167,1,2
2066,168,1,2
2066,169,1,2
2066,170,1,2
2066,171,1,2
2066,172,1,2
2066,173,1,2
2066,174,1,2
2066,175,1,2
2066,176,1,2
2066,177,1,2
2066,178,1,2
2066,179,1,2
2066,180,1,2
2066,181,1,2
2066,182,1,2
2066,183,1,2
2066,184,1,2
2066,185,1,2
2066,186,1,2
2066,187,1,2
2066,188,1,2
2066,189,1,2
2066,190,1,2
2066,191,1,2
2066,192,1,2
2066,193,1,2
2066,194,1,2
2066,195,1,2
2066,196,1,2
2066,197,1,2
2066,198,1,2
2066,199,1,2
2066,200,1,2
2066,201,1,2
2066,202,1,2
2066,203,1,2
2066,204,1,2
2066,205,1,2
2066,206,1,2
2066,207,1,2
2066,208,1,2
2066,209,1,2
2066,210,1,2
2066,211,1,2
2066,212,1,2
2066,213,1,2
2066,214,1,2
2066,215,1,2
2066,216,1,2
2066,217,1,2
2066,218,1,2
2066,219,1,2
2066,220,1,2
2066,221,1,2
2066,222,1,2
2066,223,1,2
2066,224,1,2
2066,225,1,2
2066,226,1,2
2066,227,1,2
2066,228,1,2
2066,229,1,2
2066,230,1,2
2066,231,1,2
2066,232,1,2
2066,233,1,2
2066,234,1,2
2066,235,1,2
2066,236,1,2
2066,237,1,2
2066,238,1,2
2066,239,1,2
2066,240,1,2
2066,241,1,2
2066,242,1,2
2066,243,1,2
2066,244,1,2
2066,245,1,2
2066,246,1,2
2066,247,1,2
2066,248,1,2
2066,249,1,2
2066,250,1,2
2066,251,1,2
2066,252,1,2
2066,253,1,2
2066,254,1,2
2066,255,1,2
2066,256,1,2
2066,257,1,2
2066,258,1,2
2066,259,1,2
2066,260,1,2
2066,261,1,2
2066,262,1,2
2066,263,1,2
2066,264,1,2
2066,265,1,2
2066,266,1,2
2066,267,1,2
2066,268,1,2
2066,269,1,2
2066,270,1,2
2066,271,1,2
2066,272,1,2
2066,273,1,2
2066,274,1,2
2066,275,1,2
2066,276,1,2
2066,277,1,2
2066,278,1,2
2066,279,1,2
2066,280,1,2
2066,281,1,2
2066,282,1,2
2066,283,1,2
2066,284,1,2
2066,285,1,2
2066,286,1,2
2066,287,1,2
2066,288,1,2
2066,289,1,2
2066,290,1,2
2066,291,1,2
2066,292,1,2
2066,293,1,2
2066,294,1,2
2066,295,1,2
2066,296,1,2
2066,297,1,2
2066,298,1,2
2066,299,1,2
2066,300,1,2
2066,301,1,2
2066,302,1,2
2066,303,1,2
2066,304,1,2
2066,305,1,2
2066,306,1,2
2066,307,1,2
2066,308,1,2
2066,309,1,2
2066,310,1,2
2066,311,1,2
2066,312,1,2
2066,313,1,2
2066,314,1,2
2066,315,1,2
2066,316,1,2
2066,317,1,2
2066,318,1,2
2066,319,1,2
2066,320,1,2
2066,321,1,2
2066,322,1,2
2066,323,1,2
2066,324,1,2
2066,325,1,2
2066,326,1,2
2066,327,1,2
2066,328,1,2
2066,329,1,2
2066,330,1,2
2066,331,1,2
2066,332,1,2
2066,333,1,2
2066,334,1,2
2066,335,1,2
2066,336,1,2
2066,337,1,2
2066,338,1,2
2066,339,1,2
2066,340,1,2
2066,341,1,2
2066,342,1,2
2066,343,1,2
2066,344,1,2
2066,345,1,2
2066,346,1,2
2066,347,1,2
2066,348,1,2
2066,349,1,2
2066,350,1,2
2066,351,1,2
2066,352,1,2
2066,353,1,2
2066,354,1,2
2066,355,1,2
2066,356,1,2
2066,357,1,2
2066,358,1,2
2066,359,1,2
2066,360,1,2
2066,361,1,2
2066,362,1,2
2066,363,1,2
2066,364,1,2
2066,365,1,2
2066,366,1,2
2066,367,1,2
2066,368,1,2
2066,369,1,2
2066,370,1,2
2066,371,1,2
2066,372,1,2
2066,373,1,2
2066,374,1,2
2066,375,1,2
2066,376,1,2
2066,377,1,2
2066,378,1,2
2066,379,1,2
2066,380,1,2
2066,381,1,2
2066,382,1,2
2066,383,1,2
2066,384,1,2
2066,385,1,2
2066,386,1,2
2066,387,1,2
2066,388,1,2
2066,389,1,2
2066,390,1,2
2066,391,1,2
2066,392,1,2
2066,393,1,2
2066,394,1,2
2066,395,1,2
2066,396,1,2
2066,397,1,2
2066,398,1,2
2066,399,1,2
2066,400,1,2
2066,401,1,2
2066,402,1,2
2066,403,1,2
2066,404,1,2
2066,405,1,2
2066,406,1,2
2066,407,1,2
2066,408,1,2
2066,409,1,2
2066,410,1,2
2066,411,1,2
2066,412,1,2
2066,413,1,2
2066,414,1,2
2066,415,1,2
2066,416,1,2
2066,417,1,2
2066,418,1,2
2066,419,1,2
2066,420,1,2
2066,421,1,2
2066,422,1,2
2066,423,1,2
2066,424,1,2
2066,425,1,2
2066,426,1,2
2066,427,1,2
2066,428,1,2
2066,429,1,2
2066,430,1,2
2066,431,1,2
2066,432,1,2
2066,433,1,2
2066,434,1,2
2066,435,1,2
2066,436,1,2
2066,437,1,2
2066,438,1,2
2066,439,1,2
2066,440,1,2
2066,441,1,2
2066,442,1,2
2066,443,1,2
2066,444,1,2
2066,445,1,2
2066,446,1,2
2066,447,1,2
2066,448,1,2
2066,449,1,2
2066,450,1,2
2066,451,1,2
2066,452,1,2
2066,453,1,2
2066,454,1,2
2066,455,1,2
2066,456,1,2
2066,457,1,2
2066,458,1,2
2066,459,1,2
2066,460,1,2
2066,461,1,2
2066,462,1,2
2066,463,1,2
2066,464,1,2
2066,465,1,2
2066,466,1,2
2066,467,1,2
2066,468,1,2
2066,469,1,2
2066,470,1,2
2066,471,1,2
2066,472,1,2
2066,473,1,2
2066,474,1,2
2066,475,1,2
2066,476,1,2
2066,477,1,2
2066,478,1,2
2066,479,1,2
2066,480,1,2
2066,481,1,2
2066,482,1,2
2066,483,1,2
2066,484,1,2
2066,485,1,2
2066,486,1,2
2066,487,1,2
2066,488,1,2
2066,489,1,2
2066,490,1,2
2066,491,1,2
2066,492,1,2
2066,493,1,2
2066,494,1,2
2066,495,1,2
2066,496,1,2
2066,497,1,2
2066,498,1,2
2066,499,1,2
2066,500,1,2
2066,501,1,2
2066,502,1,2
2066,503,1,2
2066,504,1,2
2066,505,1,2
2066,506,1,2
2066,507,1,2
2066,508,1,2
2066,509,1,2
2066,510,1,2
2066,511,1,2
2066,512,1,2
2066,513,1,2
2066,514,1,2
2066,515,1,2
2066,516,1,2
2066,517,1,2
2066,518,1,2
2066,519,1,2
2066,520,1,2
2066,521,1,2
2066,522,1,2
2066,523,1,2
2066,524,1,2
2066,525,1,2
2066,526,1,2
2066,527,1,2
2066,528,1,2
2066,529,1,2
2066,530,1,2
2066,531,1,2
2066,532,1,2
2066,533,1,2
2066,534,1,2
2066,535,1,2
2066,536,1,2
2066,537,1,2
2066,538,1,2
2066,539,1,2
2066,540,1,2
2066,541,1,2
2066,542,1,2
2066,543,1,2
2066,544,1,2
2066,545,1,2
2066,546,1,2
2066,547,1,2
2066,548,1,2
2066,549,1,2
2066,550,1,2
2066,551,1,2
2066,552,1,2
2066,553,1,2
2066,554,1,2
2066,555,1,2
2066,556,1,2
2066,557,1,2
2066,558,1,2
2066,559,1,2
2066,560,1,2
2066,561,1,2
2066,562,1,2
2066,563,1,2
2066,564,1,2
2066,565,1,2
2066,566,1,2
2066,567,1,2
2066,568,1,2
2066,569,1,2
2066,570,1,2
2066,571,1,2
2066,572,1,2
2066,573,1,2
2066,574,1,2
2066,575,1,2
2066,576,1,2
2066,577,1,2
2066,578,1,2
2066,579,1,2
2066,580,1,2
2066,581,1,2
2066,582,1,2
2066,583,1,2
2066,584,1,2
2066,585,1,2
2066,586,1,2
2066,587,1,2
2066,588,1,2
2066,589,1,2
2066,590,1,3
2066,591,1,3
2066,592,1,3
2066,593,1,3
2066,594,1,3
2066,595,1,3
2066,596,1,3
2066,597,1,3
2066,598,1,3
2066,599,1,3
2066,600,1,3
2066,601,1,3
2066,602,1,3
2066,603,1,3
2066,604,1,3
2066,605,1,3
2066,606,1,3
2066,607,1,3
2066,608,1,3
2066,609,1,3
2066,610,1,3
2066,611,1,3
2066,612,1,3
2066,613,1,3
2066,614,1,3
2066,615,1,3
2066,616,1,3
2066,617,1,3
2066,618,1,3
2066,619,1,3
2066,620,1,3
2066,621,1,3
2066,622,1,3
2066,623,1,3
2066,624,1,3
2066,625,1,3
2066,626,1,3
2066,627,1,2
2066,628,1,2
2066,629,1,2
2066,630,1,2
2067,131,1,2
2067,132,1,2
2067,133,1,2
2067,134,1,2
2067,135,1,2
2067,136,1,2
2067,137,1,2
2067,138,1,2
2067,139,1,2
2067,140,1,2
2067,141,1,2
2067,142,1,2
2067,143,1,2
2067,144,1,2
2067,145,1,2
2067,146,1,2
2067,147,1,2
2067,148,1,2
2067,149,1,2
2067,150,1,2
2067,151,1,2
2067,152,1,2
2067,153,1,2
2067,154,1,2
2067,155,1,2
2067,156,1,2
2067,157,1,2
2067,158,1,2
2067,159,1,2
2067,160,1,2
2067,161,1,2
2067,162,1,2
2067,163,1,2
2067,164,1,2
2067,165,1,2
2067,166,1,2
2067,167,1,2
2067,168,1,2
2067,169,1,2
2067,170,1,2
2067,171,1,2
2067,172,1,2
2067,173,1,2
2067,174,1,2
2067,175,1,2
2067,176,1,2
2067,177,1,2
2067,178,1,2
2067,179,1,2
2067,180,1,2
2067,181,1,2
2067,182,1,2
2067,183,1,2
2067,184,1,2
2067,185,1,2
2067,186,1,2
2067,187,1,2
2067,188,1,2
2067,189,1,2
2067,190,1,2
2067,191,1,2
2067,192,1,2
2067,193,1,2
2067,194,1,2
2067,195,1,2
2067,196,1,2
2067,197,1,2
2067,198,1,2
2067,199,1,2
2067,200,1,2
2067,201,1,2
2067,202,1,2
2067,203,1,2
2067,204,1,2
2067,205,1,2
2067,206,1,2
2067,207,1,2
2067,208,1,2
2067,209,1,2
2067,210,1,2
2067,211,1,2
2067,212,1,2
2067,213,1,2
2067,214,1,2
2067,215,1,2
2067,216,1,2
2067,217,1,2
2067,218,1,2
2067,219,1,2
2067,220,1,2
2067,221,1,2
2067,222,1,2
2067,223,1,2
2067,224,1,2
2067,225,1,2
2067,226,1,2
2067,227,1,2
2067,228,1,2
2067,229,1,2
2067,230,1,2
2067,231,1,2
2067,232,1,2
2067,233,1,2
2067,234,1,2
2067,235,1,2
2067,236,1,2
2067,237,1,2
2067,238,1,2
2067,239,1,2
2067,240,1,2
2067,241,1,2
2067,242,1,2
2067,243,1,2
2067,244,1,2
2067,245,1,2
2067,246,1,2
2067,247,1,2
2067,248,1,2
2067,249,1,2
2067,250,1,2
2067,251,1,2
2067,252,1,2
2067,253,1,2
2067,254,1,2
2067,255,1,2
2067,256,1,2
2067,257,1,2
2067,258,1,2
2067,259,1,2
2067,260,1,2
2067,261,1,2
2067,262,1,2
2067,263,1,2
2067,264,1,2
2067,265,1,2
2067,266,1,2
2067,267,1,2
2067,268,1,2
2067,269,1,2
2067,270,1,2
2067,271,1,2
2067,272,1,2
2067,273,1,2
2067,274,1,2
2067,275,1,2
2067,276,1,2
2067,277,1,2
2067,278,1,2
2067,279,1,2
2067,280,1,2
2067,281,1,2
2067,282,1,2
2067,283,1,2
2067,284,1,2
2067,285,1,2
2067,286,1,2
2067,287,1,2
2067,288,1,2
2067,289,1,2
2067,290,1,2
2067,291,1,2
2067,292,1,2
2067,293,1,2
2067,294,1,2
2067,295,1,2
2067,296,1,2
2067,297,1,2
2067,298,1,2
2067,299,1,2
2067,300,1,2
2067,301,1,2
2067,302,1,2
2067,303,1,2
2067,304,1,2
2067,305,1,2
2067,306,1,2
2067,307,1,2
2067,308,1,2
2067,309,1,2
2067,310,1,2
2067,311,1,2
2067,312,1,2
2067,313,1,2
2067,314,1,2
2067,315,1,2
2067,316,1,2
2067,317,1,2
2067,318,1,2
2067,319,1,2
2067,320,1,2
2067,321,1,2
2067,322,1,2
2067,323,1,2
2067,324,1,2
2067,325,1,2
2067,326,1,2
2067,327,1,2
2067,328,1,2
2067,329,1,2
2067,330,1,2
2067,331,1,2
2067,332,1,2
2067,333,1,2
2067,334,1,2
2067,335,1,2
2067,336,1,2
2067,337,1,2
2067,338,1,2
2067,339,1,2
2067,340,1,2
2067,341,1,2
2067,342,1,2
2067,343,1,2
2067,344,1,2
2067,345,1,2
2067,346,1,2
2067,347,1,2
2067,348,1,2
2067,349,1,2
2067,350,1,2
2067,351,1,2
2067,352,1,2
2067,353,1,2
2067,354,1,2
2067,355,1,2
2067,356,1,2
2067,357,1,2
2067,358,1,2
2067,359,1,2
2067,360,1,2
2067,361,1,2
2067,362,1,2
2067,363,1,2
2067,364,1,2
2067,365,1,2
2067,366,1,2
2067,367,1,2
2067,368,1,2
2067,369,1,2
2067,370,1,2
2067,371,1,2
2067,372,1,2
2067,373,1,2
2067,374,1,2
2067,375,1,2
2067,376,1,2
2067,377,1,2
2067,378,1,2
2067,379,1,2
2067,380,1,2
2067,381,1,2
2067,382,1,2
2067,383,1,2
2067,384,1,2
2067,385,1,2
2067,386,1,2
2067,387,1,2
2067,388,1,2
2067,389,1,2
2067,390,1,2
2067,391,1,2
2067,392,1,2
2067,393,1,2
2067,394,1,2
2067,395,1,2
2067,396,1,2
2067,397,1,2
2067,398,1,2
2067,399,1,2
2067,400,1,2
2067,401,1,2
2067,402,1,2
2067,403,1,2
2067,404,1,2
2067,405,1,2
2067,406,1,2
2067,407,1,2
2067,408,1,2
2067,409,1,2
2067,410,1,2
2067,411,1,2
2067,412,1,2
2067,413,1,2
2067,414,1,2
2067,415,1,2
2067,416,1,2
2067,417,1,2
2067,418,1,2
2067,419,1,2
2067,420,1,2
2067,421,1,2
2067,422,1,2
2067,423,1,2
2067,424,1,2
2067,425,1,2
2067,426,1,2
2067,427,1,2
2067,428,1,2
2067,429,1,2
2067,430,1,2
2067,431,1,2
2067,432,1,2
2067,433,1,2
2067,434,1,2
2067,435,1,2
2067,436,1,2
2067,437,1,2
2067,438,1,2
2067,439,1,2
2067,440,1,2
2067,441,1,2
2067,442,1,2
2067,443,1,2
2067,444,1,2
2067,445,1,2
2067,446,1,2
2067,447,1,2
2067,448,1,2
2067,449,1,2
2067,450,1,2
2067,451,1,2
2067,452,1,2
2067,453,1,2
2067,454,1,2
2067,455,1,2
2067,456,1,2
2067,457,1,2
2067,458,1,2
2067,459,1,2
2067,460,1,2
2067,461,1,2
2067,462,1,2
2067,463,1,2
2067,464,1,2
2067,465,1,2
2067,466,1,2
2067,467,1,2
2067,468,1,2
2067,469,1,2
2067,470,1,2
2067,471,1,2
2067,472,1,2
2067,473,1,2
2067,474,1,2
2067,475,1,2
2067,476,1,2
2067,477,1,2
2067,478,1,2
2067,479,1,2
2067,480,1,2
2067,481,1,2
2067,482,1,2
2067,483,1,2
2067,484,1,2
2067,485,1,2
2067,486,1,2
2067,487,1,2
2067,488,1,2
2067,489,1,2
2067,490,1,2
2067,491,1,2
2067,492,1,2
2067,493,1,2
2067,494,1,2
2067,495,1,2
2067,496,1,2
2067,497,1,2
2067,498,1,2
2067,499,1,2
2067,500,1,2
2067,501,1,2
2067,502,1,2
2067,503,1,2
2067,504,1,2
2067,505,1,2
2067,506,1,2
2067,507,1,2
2067,508,1,2
2067,509,1,2
2067,510,1,2
2067,511,1,2
2067,512,1,2
2067,513,1,2
2067,514,1,2
2067,515,1,2
2067,516,1,2
2067,517,1,2
2067,518,1,2
2067,519,1,2
2067,520,1,2
2067,521,1,2
2067,522,1,2
2067,523,1,2
2067,524,1,2
2067,525,1,2
2067,526,1,2
2067,527,1,2
2067,528,1,2
2067,529,1,2
2067,530,1,2
2067,531,1,2
2067,532,1,2
2067,533,1,2
2067,534,1,2
2067,535,1,2
2067,536,1,2
2067,537,1,2
2067,538,1,2
2067,539,1,2
2067,540,1,2
2067,541,1,2
2067,542,1,2
2067,543,1,2
2067,544,1,2
2067,545,1,2
2067,546,1,2
2067,547,1,2
2067,548,1,2
2067,549,1,2
2067,550,1,2
2067,551,1,2
2067,552,1,2
2067,553,1,2
2067,554,1,2
2067,555,1,2
2067,556,1,2
2067,557,1,2
2067,558,1,2
2067,559,1,2
2067,560,1,2
2067,561,1,2
2067,562,1,2
2067,563,1,2
2067,564,1,2
2067,565,1,2
2067,566,1,2
2067,567,1,2
2067,568,1,2
2067,569,1,2
2067,570,1,2
2067,571,1,2
2067,572,1,2
2067,573,1,2
2067,574,1,2
2067,575,1,2
2067,576,1,2
2067,577,1,2
2067,578,1,2
2067,579,1,2
2067,580,1,2
2067,581,1,2
2067,582,1,2
2067,583,1,2
2067,584,1,2
2067,585,1,2
2067,586,1,2
2067,587,1,2
2067,588,1,2
2067,589,1,2
2067,590,1,3
2067,591,1,3
2067,592,1,3
2067,593,1,3
2067,594,1,3
2067,595,1,3
2067,596,1,3
2067,597,1,3
2067,598,1,3
2067,599,1,3
2067,600,1,3
2067,601,1,3
2067,602,1,3
2067,603,1,3
2067,604,1,3
2067,605,1,3
2067,606,1,3
2067,607,1,3
2067,608,1,3
2067,609,1,3
2067,610,1,3
2067,611,1,3
2067,612,1,3
2067,613,1,3
2067,614,1,3
2067,615,1,3
2067,616,1,3
2067,617,1,3
2067,618,1,3
2067,619,1,3
2067,620,1,3
2067,621,1,3
2067,622,1,3
2067,623,1,3
2067,624,1,3
2067,625,1,3
2067,626,1,3
2067,627,1,2
2067,628,1,2
2067,629,1,2
2068,131,1,2
2068,132,1,2
2068,133,1,2
2068,134,1,2
2068,135,1,2
2068,136,1,2
2068,137,1,2
2068,138,1,2
2068,139,1,2
2068,140,1,2
2068,141,1,2
2068,142,1,2
2068,143,1,2
2068,144,1,2
2068,145,1,2
2068,146,1,2
2068,147,1,2
2068,148,1,2
2068,149,1,2
2068,150,1,2
2068,151,1,2
2068,152,1,2
2068,153,1,2
2068,154,1,2
2068,155,1,2
2068,156,1,2
2068,157,1,2
2068,158,1,2
2068,159,1,2
2068,160,1,2
2068,161,1,2
2068,162,1,2
2068,163,1,2
2068,164,1,2
2068,165,1,2
2068,166,1,2
2068,167,1,2
2068,168,1,2
2068,169,1,2
2068,170,1,2
2068,171,1,2
2068,172,1,2
2068,173,1,2
2068,174,1,2
2068,175,1,2
2068,176,1,2
2068,177,1,2
2068,178,1,2
2068,179,1,2
2068,180,1,2
2068,181,1,2
2068,182,1,2
2068,183,1,2
2068,184,1,2
2068,185,1,2
2068,186,1,2
2068,187,1,2
2068,188,1,2
2068,189,1,2
2068,190,1,2
2068,191,1,2
2068,192,1,2
2068,193,1,2
2068,194,1,2
2068,195,1,2
2068,196,1,2
2068,197,1,2
2068,198,1,2
2068,199,1,2
2068,200,1,2
2068,201,1,2
2068,202,1,2
2068,203,1,2
2068,204,1,2
2068,205,1,2
2068,206,1,2
2068,207,1,2
2068,208,1,2
2068,209,1,2
2068,210,1,2
2068,211,1,2
2068,212,1,2
2068,213,1,2
2068,214,1,2
2068,215,1,2
2068,216,1,2
2068,217,1,2
2068,218,1,2
2068,219,1,2
2068,220,1,2
2068,221,1,2
2068,222,1,2
2068,223,1,2
2068,224,1,2
2068,225,1,2
2068,226,1,2
2068,227,1,2
2068,228,1,2
2068,229,1,2
2068,230,1,2
2068,231,1,2
2068,232,1,2
2068,233,1,2
2068,234,1,2
2068,235,1,2
2068,236,1,2
2068,237,1,2
2068,238,1,2
2068,239,1,2
2068,240,1,2
2068,241,1,2
2068,242,1,2
2068,243,1,2
2068,244,1,2
2068,245,1,2
2068,246,1,2
2068,247,1,2
2068,248,1,2
2068,249,1,2
2068,250,1,2
2068,251,1,2
2068,252,1,2
2068,253,1,2
2068,254,1,2
2068,255,1,2
2068,256,1,2
2068,257,1,2
2068,258,1,2
2068,259,1,2
2068,260,1,2
2068,261,1,2
2068,262,1,2
2068,263,1,2
2068,264,1,2
2068,265,1,2
2068,266,1,2
2068,267,1,2
2068,268,1,2
2068,269,1,2
2068,270,1,2
2068,271,1,2
2068,272,1,2
2068,273,1,2
2068,274,1,2
2068,275,1,2
2068,276,1,2
2068,277,1,2
2068,278,1,2
2068,279,1,2
2068,280,1,2
2068,281,1,2
2068,282,1,2
2068,283,1,2
2068,284,1,2
2068,285,1,2
2068,286,1,2
2068,287,1,2
2068,288,1,2
2068,289,1,2
2068,290,1,2
2068,291,1,2
2068,292,1,2
2068,293,1,2
2068,294,1,2
2068,295,1,2
2068,296,1,2
2068,297,1,2
2068,298,1,2
2068,299,1,2
2068,300,1,2
2068,301,1,2
2068,302,1,2
2068,303,1,2
2068,304,1,2
2068,305,1,2
2068,306,1,2
2068,307,1,2
2068,308,1,2
2068,309,1,2
2068,310,1,2
2068,311,1,2
2068,312,1,2
2068,313,1,2
2068,314,1,2
2068,315,1,2
2068,316,1,2
2068,317,1,2
2068,318,1,2
2068,319,1,2
2068,320,1,2
2068,321,1,2
2068,322,1,2
2068,323,1,2
2068,324,1,2
2068,325,1,2
2068,326,1,2
2068,327,1,2
2068,328,1,2
2068,329,1,2
2068,330,1,2
2068,331,1,2
2068,332,1,2
2068,333,1,2
2068,334,1,2
2068,335,1,2
2068,336,1,2
2068,337,1,2
2068,338,1,2
2068,339,1,2
2068,340,1,2
2068,341,1,2
2068,342,1,2
2068,343,1,2
2068,344,1,2
2068,345,1,2
2068,346,1,2
2068,347,1,2
2068,348,1,2
2068,349,1,2
2068,350,1,2
2068,351,1,2
2068,352,1,2
2068,353,1,2
2068,354,1,2
2068,355,1,2
2068,356,1,2
2068,357,1,2
2068,358,1,2
2068,359,1,2
2068,360,1,2
2068,361,1,2
2068,362,1,2
2068,363,1,2
2068,364,1,2
2068,365,1,2
2068,366,1,2
2068,367,1,2
2068,368,1,2
2068,369,1,2
2068,370,1,2
2068,371,1,2
2068,372,1,2
2068,373,1,2
2068,374,1,2
2068,375,1,2
2068,376,1,2
2068,377,1,2
2068,378,1,2
2068,379,1,2
2068,380,1,2
2068,381,1,2
2068,382,1,2
2068,383,1,2
2068,384,1,2
2068,385,1,2
2068,386,1,2
2068,387,1,2
2068,388,1,2
2068,389,1,2
2068,390,1,2
2068,391,1,2
2068,392,1,2
2068,393,1,2
2068,394,1,2
2068,395,1,2
2068,396,1,2
2068,397,1,2
2068,398,1,2
2068,399,1,2
2068,400,1,2
2068,401,1,2
2068,402,1,2
2068,403,1,2
2068,404,1,2
2068,405,1,2
2068,406,1,2
2068,407,1,2
2068,408,1,2
2068,409,1,2
2068,410,1,2
2068,411,1,2
2068,412,1,2
2068,413,1,2
2068,414,1,2
2068,415,1,2
2068,416,1,2
2068,417,1,2
2068,418,1,2
2068,419,1,2
2068,420,1,2
2068,421,1,2
2068,422,1,2
2068,423,1,2
2068,424,1,2
2068,425,1,2
2068,426,1,2
2068,427,1,2
2068,428,1,2
2068,429,1,2
2068,430,1,2
2068,431,1,2
2068,432,1,2
2068,433,1,2
2068,434,1,2
2068,435,1,2
2068,436,1,2
2068,437,1,2
2068,438,1,2
2068,439,1,2
2068,440,1,2
2068,441,1,2
2068,442,1,2
2068,443,1,2
2068,444,1,2
2068,445,1,2
2068,446,1,2
2068,447,1,2
2068,448,1,2
2068,449,1,2
2068,450,1,2
2068,451,1,2
2068,452,1,2
2068,453,1,2
2068,454,1,2
2068,455,1,2
2068,456,1,2
2068,457,1,2
2068,458,1,2
2068,459,1,2
2068,460,1,2
2068,461,1,2
2068,462,1,2
2068,463,1,2
2068,464,1,2
2068,465,1,2
2068,466,1,2
2068,467,1,2
2068,468,1,2
2068,469,1,2
2068,470,1,2
2068,471,1,2
2068,472,1,2
2068,473,1,2
2068,474,1,2
2068,475,1,2
2068,476,1,2
2068,477,1,2
2068,478,1,2
2068,479,1,2
2068,480,1,2
2068,481,1,2
2068,482,1,2
2068,483,1,2
2068,484,1,2
2068,485,1,2
2068,486,1,2
2068,487,1,2
2068,488,1,2
2068,489,1,2
2068,490,1,2
2068,491,1,2
2068,492,1,2
2068,493,1,2
2068,494,1,2
2068,495,1,2
2068,496,1,2
2068,497,1,2
2068,498,1,2
2068,499,1,2
2068,500,1,2
2068,501,1,2
2068,502,1,2
2068,503,1,2
2068,504,1,2
2068,505,1,2
2068,506,1,2
2068,507,1,2
2068,508,1,2
2068,509,1,2
2068,510,1,2
2068,511,1,2
2068,512,1,2
2068,513,1,2
2068,514,1,2
2068,515,1,2
2068,516,1,2
2068,517,1,2
2068,518,1,2
2068,519,1,2
2068,520,1,2
2068,521,1,2
2068,522,1,2
2068,523,1,2
2068,524,1,2
2068,525,1,2
2068,526,1,2
2068,527,1,2
2068,528,1,2
2068,529,1,2
2068,530,1,2
2068,531,1,2
2068,532,1,2
2068,533,1,2
2068,534,1,2
2068,535,1,2
2068,536,1,2
2068,537,1,2
2068,538,1,2
2068,539,1,2
2068,540,1,2
2068,541,1,2
2068,542,1,2
2068,543,1,2
2068,544,1,2
2068,545,1,2
2068,546,1,2
2068,547,1,2
2068,548,1,2
2068,549,1,2
2068,550,1,2
2068,551,1,2
2068,552,1,2
2068,553,1,2
2068,554,1,2
2068,555,1,2
2068,556,1,2
2068,557,1,2
2068,558,1,2
2068,559,1,2
2068,560,1,2
2068,561,1,2
2068,562,1,2
2068,563,1,2
2068,564,1,2
2068,565,1,2
2068,566,1,2
2068,567,1,2
2068,568,1,2
2068,569,1,2
2068,570,1,2
2068,571,1,2
2068,572,1,2
2068,573,1,2
2068,574,1,2
2068,575,1,2
2068,576,1,2
2068,577,1,2
2068,578,1,2
2068,579,1,2
2068,580,1,2
2068,581,1,2
2068,582,1,2
2068,583,1,2
2068,584,1,2
2068,585,1,2
2068,586,1,2
2068,587,1,2
2068,588,1,2
2068,589,1,3
2068,590,1,3
2068,591,1,3
2068,592,1,3
2068,593,1,3
2068,594,1,3
2068,595,1,3
2068,596,1,3
2068,597,1,3
2068,598,1,3
2068,599,1,3
2068,600,1,3
2068,601,1,3
2068,602,1,3
2068,603,1,3
2068,604,1,3
2068,605,1,3
2068,606,1,3
2068,607,1,3
2068,608,1,3
2068,609,1,3
2068,610,1,3
2068,611,1,3
2068,612,1,3
2068,613,1,3
2068,614,1,3
2068,615,1,3
2068,616,1,3
2068,617,1,3
2068,618,1,3
2068,619,1,3
2068,620,1,3
2068,621,1,3
2068,622,1,3
2068,623,1,3
2068,624,1,3
2068,625,1,3
2068,626,1,3
2068,627,1,2
2068,628,1,2
2068,629,1,2
2068,630,1,2
2069,131,1,2
2069,132,1,2
2069,133,1,2
2069,134,1,2
2069,135,1,2
2069,136,1,2
2069,137,1,2
2069,138,1,2
2069,139,1,2
2069,140,1,2
2069,141,1,2
2069,142,1,2
2069,143,1,2
2069,144,1,2
2069,145,1,2
2069,146,1,2
2069,147,1,2
2069,148,1,2
2069,149,1,2
2069,150,1,2
2069,151,1,2
2069,152,1,2
2069,153,1,2
2069,154,1,2
2069,155,1,2
2069,156,1,2
2069,157,1,2
2069,158,1,2
2069,159,1,2
2069,160,1,2
2069,161,1,2
2069,162,1,2
2069,163,1,2
2069,164,1,2
2069,165,1,2
2069,166,1,2
2069,167,1,2
2069,168,1,2
2069,169,1,2
2069,170,1,2
2069,171,1,2
2069,172,1,2
2069,173,1,2
2069,174,1,2
2069,175,1,2
2069,176,1,2
2069,177,1,2
2069,178,1,2
2069,179,1,2
2069,180,1,2
2069,181,1,2
2069,182,1,2
2069,183,1,2
2069,184,1,2
2069,185,1,2
2069,186,1,2
2069,187,1,2
2069,188,1,2
2069,189,1,2
2069,190,1,2
2069,191,1,2
2069,192,1,2
2069,193,1,2
2069,194,1,2
2069,195,1,2
2069,196,1,2
2069,197,1,2
2069,198,1,2
2069,199,1,2
2069,200,1,2
2069,201,1,2
2069,202,1,2
2069,203,1,2
2069,204,1,2
2069,205,1,2
2069,206,1,2
2069,207,1,2
2069,208,1,2
2069,209,1,2
2069,210,1,2
2069,211,1,2
2069,212,1,2
2069,213,1,2
2069,214,1,2
2069,215,1,2
2069,216,1,2
2069,217,1,2
2069,218,1,2
2069,219,1,2
2069,220,1,2
2069,221,1,2
2069,222,1,2
2069,223,1,2
2069,224,1,2
2069,225,1,2
2069,226,1,2
2069,227,1,2
2069,228,1,2
2069,229,1,2
2069,230,1,2
2069,231,1,2
2069,232,1,2
2069,233,1,2
2069,234,1,2
2069,235,1,2
2069,236,1,2
2069,237,1,2
2069,238,1,2
2069,239,1,2
2069,240,1,2
2069,241,1,2
2069,242,1,2
2069,243,1,2
2069,244,1,2
2069,245,1,2
2069,246,1,2
2069,247,1,2
2069,248,1,2
2069,249,1,2
2069,250,1,2
2069,251,1,2
2069,252,1,2
2069,253,1,2
2069,254,1,2
2069,255,1,2
2069,256,1,2
2069,257,1,2
2069,258,1,2
2069,259,1,2
2069,260,1,2
2069,261,1,2
2069,262,1,2
2069,263,1,2
2069,264,1,2
2069,265,1,2
2069,266,1,2
2069,267,1,2
2069,268,1,2
2069,269,1,2
2069,270,1,2
2069,271,1,2
2069,272,1,2
2069,273,1,2
2069,274,1,2
2069,275,1,2
2069,276,1,2
2069,277,1,2
2069,278,1,2
2069,279,1,2
2069,280,1,2
2069,281,1,2
2069,282,1,2
2069,283,1,2
2069,284,1,2
2069,285,1,2
2069,286,1,2
2069,287,1,2
2069,288,1,2
2069,289,1,2
2069,290,1,2
2069,291,1,2
2069,292,1,2
2069,293,1,2
2069,294,1,2
2069,295,1,2
2069,296,1,2
2069,297,1,2
2069,298,1,2
2069,299,1,2
2069,300,1,2
2069,301,1,2
2069,302,1,2
2069,303,1,2
2069,304,1,2
2069,305,1,2
2069,306,1,2
2069,307,1,2
2069,308,1,2
2069,309,1,2
2069,310,1,2
2069,311,1,2
2069,312,1,2
2069,313,1,2
2069,314,1,2
2069,315,1,2
2069,316,1,2
2069,317,1,2
2069,318,1,2
2069,319,1,2
2069,320,1,2
2069,321,1,2
2069,322,1,2
2069,323,1,2
2069,324,1,2
2069,325,1,2
2069,326,1,2
2069,327,1,2
2069,328,1,2
2069,329,1,2
2069,330,1,2
2069,331,1,2
2069,332,1,2
2069,333,1,2
2069,334,1,2
2069,335,1,2
2069,336,1,2
2069,337,1,2
2069,338,1,2
2069,339,1,2
2069,340,1,2
2069,341,1,2
2069,342,1,2
2069,343,1,2
2069,344,1,2
2069,345,1,2
2069,346,1,2
2069,347,1,2
2069,348,1,2
2069,349,1,2
2069,350,1,2
2069,351,1,2
2069,352,1,2
2069,353,1,2
2069,354,1,2
2069,355,1,2
2069,356,1,2
2069,357,1,2
2069,358,1,2
2069,359,1,2
2069,360,1,2
2069,361,1,2
2069,362,1,2
2069,363,1,2
2069,364,1,2
2069,365,1,2
2069,366,1,2
2069,367,1,2
2069,368,1,2
2069,369,1,2
2069,370,1,2
2069,371,1,2
2069,372,1,2
2069,373,1,2
2069,374,1,2
2069,375,1,2
2069,376,1,2
2069,377,1,2
2069,378,1,2
2069,379,1,2
2069,380,1,2
2069,381,1,2
2069,382,1,2
2069,383,1,2
2069,384,1,2
2069,385,1,2
2069,386,1,2
2069,387,1,2
2069,388,1,2
2069,389,1,2
2069,390,1,2
2069,391,1,2
2069,392,1,2
2069,393,1,2
2069,394,1,2
2069,395,1,2
2069,396,1,2
2069,397,1,2
2069,398,1,2
2069,399,1,2
2069,400,1,2
2069,401,1,2
2069,402,1,2
2069,403,1,2
2069,404,1,2
2069,405,1,2
2069,406,1,2
2069,407,1,2
2069,408,1,2
2069,409,1,2
2069,410,1,2
2069,411,1,2
2069,412,1,2
2069,413,1,2
2069,414,1,2
2069,415,1,2
2069,416,1,2
2069,417,1,2
2069,418,1,2
2069,419,1,2
2069,420,1,2
2069,421,1,2
2069,422,1,2
2069,423,1,2
2069,424,1,2
2069,425,1,2
2069,426,1,2
2069,427,1,2
2069,428,1,2
2069,429,1,2
2069,430,1,2
2069,431,1,2
2069,432,1,2
2069,433,1,2
2069,434,1,2
2069,435,1,2
2069,436,1,2
2069,437,1,2
2069,438,1,2
2069,439,1,2
2069,440,1,2
2069,441,1,2
2069,442,1,2
2069,443,1,2
2069,444,1,2
2069,445,1,2
2069,446,1,2
2069,447,1,2
2069,448,1,2
2069,449,1,2
2069,450,1,2
2069,451,1,2
2069,452,1,2
2069,453,1,2
2069,454,1,2
2069,455,1,2
2069,456,1,2
2069,457,1,2
2069,458,1,2
2069,459,1,2
2069,460,1,2
2069,461,1,2
2069,462,1,2
2069,463,1,2
2069,464,1,2
2069,465,1,2
2069,466,1,2
2069,467,1,2
2069,468,1,2
2069,469,1,2
2069,470,1,2
2069,471,1,2
2069,472,1,2
2069,473,1,2
2069,474,1,2
2069,475,1,2
2069,476,1,2
2069,477,1,2
2069,478,1,2
2069,479,1,2
2069,480,1,2
2069,481,1,2
2069,482,1,2
2069,483,1,2
2069,484,1,2
2069,485,1,2
2069,486,1,2
2069,487,1,2
2069,488,1,2
2069,489,1,2
2069,490,1,2
2069,491,1,2
2069,492,1,2
2069,493,1,2
2069,494,1,2
2069,495,1,2
2069,496,1,2
2069,497,1,2
2069,498,1,2
2069,499,1,2
2069,500,1,2
2069,501,1,2
2069,502,1,2
2069,503,1,2
2069,504,1,2
2069,505,1,2
2069,506,1,2
2069,507,1,2
2069,508,1,2
2069,509,1,2
2069,510,1,2
2069,511,1,2
2069,512,1,2
2069,513,1,2
2069,514,1,2
2069,515,1,2
2069,516,1,2
2069,517,1,2
2069,518,1,2
2069,519,1,2
2069,520,1,2
2069,521,1,2
2069,522,1,2
2069,523,1,2
2069,524,1,2
2069,525,1,2
2069,526,1,2
2069,527,1,2
2069,528,1,2
2069,529,1,2
2069,530,1,2
2069,531,1,2
2069,532,1,2
2069,533,1,2
2069,534,1,2
2069,535,1,2
2069,536,1,2
2069,537,1,2
2069,538,1,2
2069,539,1,2
2069,540,1,2
2069,541,1,2
2069,542,1,2
2069,543,1,2
2069,544,1,2
2069,545,1,2
2069,546,1,2
2069,547,1,2
2069,548,1,2
2069,549,1,2
2069,550,1,2
2069,551,1,2
2069,552,1,2
2069,553,1,2
2069,554,1,2
2069,555,1,2
2069,556,1,2
2069,557,1,2
2069,558,1,2
2069,559,1,2
2069,560,1,2
2069,561,1,2
2069,562,1,2
2069,563,1,2
2069,564,1,2
2069,565,1,2
2069,566,1,2
2069,567,1,2
2069,568,1,2
2069,569,1,2
2069,570,1,2
2069,571,1,2
2069,572,1,2
2069,573,1,2
2069,574,1,2
2069,575,1,2
2069,576,1,2
2069,577,1,2
2069,578,1,2
2069,579,1,2
2069,580,1,2
2069,581,1,2
2069,582,1,2
2069,583,1,2
2069,584,1,2
2069,585,1,2
2069,586,1,2
2069,587,1,2
2069,588,1,2
2069,589,1,3
2069,590,1,3
2069,591,1,3
2069,592,1,3
2069,593,1,3
2069,594,1,3
2069,595,1,3
2069,596,1,3
2069,597,1,3
2069,598,1,3
2069,599,1,3
2069,600,1,3
2069,601,1,3
2069,602,1,3
2069,603,1,3
2069,604,1,3
2069,605,1,3
2069,606,1,3
2069,607,1,3
2069,608,1,3
2069,609,1,3
2069,610,1,3
2069,611,1,3
2069,612,1,3
2069,613,1,3
2069,614,1,3
2069,615,1,3
2069,616,1,3
2069,617,1,3
2069,618,1,3
2069,619,1,3
2069,620,1,3
2069,621,1,3
2069,622,1,3
2069,623,1,3
2069,624,1,3
2069,625,1,3
2069,626,1,3
2069,627,1,2
2069,628,1,2
2069,629,1,2
2070,132,1,2
2070,133,1,2
2070,134,1,2
2070,135,1,2
2070,136,1,2
2070,137,1,2
2070,138,1,2
2070,139,1,2
2070,140,1,2
2070,141,1,2
2070,142,1,2
2070,143,1,2
2070,144,1,2
2070,145,1,2
2070,146,1,2
2070,147,1,2
2070,148,1,2
2070,149,1,2
2070,150,1,2
2070,151,1,2
2070,152,1,2
2070,153,1,2
2070,154,1,2
2070,155,1,2
2070,156,1,2
2070,157,1,2
2070,158,1,2
2070,159,1,2
2070,160,1,2
2070,161,1,2
2070,162,1,2
2070,163,1,2
2070,164,1,2
2070,165,1,2
2070,166,1,2
2070,167,1,2
2070,168,1,2
2070,169,1,2
2070,170,1,2
2070,171,1,2
2070,172,1,2
2070,173,1,2
2070,174,1,2
2070,175,1,2
2070,176,1,2
2070,177,1,2
2070,178,1,2
2070,179,1,2
2070,180,1,2
2070,181,1,2
2070,182,1,2
2070,183,1,2
2070,184,1,2
2070,185,1,2
2070,186,1,2
2070,187,1,2
2070,188,1,2
2070,189,1,2
2070,190,1,2
2070,191,1,2
2070,192,1,2
2070,193,1,2
2070,194,1,2
2070,195,1,2
2070,196,1,2
2070,197,1,2
2070,198,1,2
2070,199,1,2
2070,200,1,2
2070,201,1,2
2070,202,1,2
2070,203,1,2
2070,204,1,2
2070,205,1,2
2070,206,1,2
2070,207,1,2
2070,208,1,2
2070,209,1,2
2070,210,1,2
2070,211,1,2
2070,212,1,2
2070,213,1,2
2070,214,1,2
2070,215,1,2
2070,216,1,2
2070,217,1,2
2070,218,1,2
2070,219,1,2
2070,220,1,2
2070,221,1,2
2070,222,1,2
2070,223,1,2
2070,224,1,2
2070,225,1,2
2070,226,1,2
2070,227,1,2
2070,228,1,2
2070,229,1,2
2070,230,1,2
2070,231,1,2
2070,232,1,2
2070,233,1,2
2070,234,1,2
2070,235,1,2
2070,236,1,2
2070,237,1,2
2070,238,1,2
2070,239,1,2
2070,240,1,2
2070,241,1,2
2070,242,1,2
2070,243,1,2
2070,244,1,2
2070,245,1,2
2070,246,1,2
2070,247,1,2
2070,248,1,2
2070,249,1,2
2070,250,1,2
2070,251,1,2
2070,252,1,2
2070,253,1,2
2070,254,1,2
2070,255,1,2
2070,256,1,2
2070,257,1,2
2070,258,1,2
2070,259,1,2
2070,260,1,2
2070,261,1,2
2070,262,1,2
2070,263,1,2
2070,264,1,2
2070,265,1,2
2070,266,1,2
2070,267,1,2
2070,268,1,2
2070,269,1,2
2070,270,1,2
2070,271,1,2
2070,272,1,2
2070,273,1,2
2070,274,1,2
2070,275,1,2
2070,276,1,2
2070,277,1,2
2070,278,1,2
2070,279,1,2
2070,280,1,2
2070,281,1,2
2070,282,1,2
2070,283,1,2
2070,284,1,2
2070,285,1,2
2070,286,1,2
2070,287,1,2
2070,288,1,2
2070,289,1,2
2070,290,1,2
2070,291,1,2
2070,292,1,2
2070,293,1,2
2070,294,1,2
2070,295,1,2
2070,296,1,2
2070,297,1,2
2070,298,1,2
2070,299,1,2
2070,300,1,2
2070,301,1,2
2070,302,1,2
2070,303,1,2
2070,304,1,2
2070,305,1,2
2070,306,1,2
2070,307,1,2
2070,308,1,2
2070,309,1,2
2070,310,1,2
2070,311,1,2
2070,312,1,2
2070,313,1,2
2070,314,1,2
2070,315,1,2
2070,316,1,2
2070,317,1,2
2070,318,1,2
2070,319,1,2
2070,320,1,2
2070,321,1,2
2070,322,1,2
2070,323,1,2
2070,324,1,2
2070,325,1,2
2070,326,1,2
2070,327,1,2
2070,328,1,2
2070,329,1,2
2070,330,1,2
2070,331,1,2
2070,332,1,2
2070,333,1,2
2070,334,1,2
2070,335,1,2
2070,336,1,2
2070,337,1,2
2070,338,1,2
2070,339,1,2
2070,340,1,2
2070,341,1,2
2070,342,1,2
2070,343,1,2
2070,344,1,2
2070,345,1,2
2070,346,1,2
2070,347,1,2
2070,348,1,2
2070,349,1,2
2070,350,1,2
2070,351,1,2
2070,352,1,2
2070,353,1,2
2070,354,1,2
2070,355,1,2
2070,356,1,2
2070,357,1,2
2070,358,1,2
2070,359,1,2
2070,360,1,2
2070,361,1,2
2070,362,1,2
2070,363,1,2
2070,364,1,2
2070,365,1,2
2070,366,1,2
2070,367,1,2
2070,368,1,2
2070,369,1,2
2070,370,1,2
2070,371,1,2
2070,372,1,2
2070,373,1,2
2070,374,1,2
2070,375,1,2
2070,376,1,2
2070,377,1,2
2070,378,1,2
2070,379,1,2
2070,380,1,2
2070,381,1,2
2070,382,1,2
2070,383,1,2
2070,384,1,2
2070,385,1,2
2070,386,1,2
2070,387,1,2
2070,388,1,2
2070,389,1,2
2070,390,1,2
2070,391,1,2
2070,392,1,2
2070,393,1,2
2070,394,1,2
2070,395,1,2
2070,396,1,2
2070,397,1,2
2070,398,1,2
2070,399,1,2
2070,400,1,2
2070,401,1,2
2070,402,1,2
2070,403,1,2
2070,404,1,2
2070,405,1,2
2070,406,1,2
2070,407,1,2
2070,408,1,2
2070,409,1,2
2070,410,1,2
2070,411,1,2
2070,412,1,2
2070,413,1,2
2070,414,1,2
2070,415,1,2
2070,416,1,2
2070,417,1,2
2070,418,1,2
2070,419,1,2
2070,420,1,2
2070,421,1,2
2070,422,1,2
2070,423,1,2
2070,424,1,2
2070,425,1,2
2070,426,1,2
2070,427,1,2
2070,428,1,2
2070,429,1,2
2070,430,1,2
2070,431,1,2
2070,432,1,2
2070,433,1,2
2070,434,1,2
2070,435,1,2
2070,436,1,2
2070,437,1,2
2070,438,1,2
2070,439,1,2
2070,440,1,2
2070,441,1,2
2070,442,1,2
2070,443,1,2
2070,444,1,2
2070,445,1,2
2070,446,1,2
2070,447,1,2
2070,448,1,2
2070,449,1,2
2070,450,1,2
2070,451,1,2
2070,452,1,2
2070,453,1,2
2070,454,1,2
2070,455,1,2
2070,456,1,2
2070,457,1,2
2070,458,1,2
2070,459,1,2
2070,460,1,2
2070,461,1,2
2070,462,1,2
2070,463,1,2
2070,464,1,2
2070,465,1,2
2070,466,1,2
2070,467,1,2
2070,468,1,2
2070,469,1,2
2070,470,1,2
2070,471,1,2
2070,472,1,2
2070,473,1,2
2070,474,1,2
2070,475,1,2
2070,476,1,2
2070,477,1,2
2070,478,1,2
2070,479,1,2
2070,480,1,2
2070,481,1,2
2070,482,1,2
2070,483,1,2
2070,484,1,2
2070,485,1,2
2070,486,1,2
2070,487,1,2
2070,488,1,2
2070,489,1,2
2070,490,1,2
2070,491,1,2
2070,492,1,2
2070,493,1,2
2070,494,1,2
2070,495,1,2
2070,496,1,2
2070,497,1,2
2070,498,1,2
2070,499,1,2
2070,500,1,2
2070,501,1,2
2070,502,1,2
2070,503,1,2
2070,504,1,2
2070,505,1,2
2070,506,1,2
2070,507,1,2
2070,508,1,2
2070,509,1,2
2070,510,1,2
2070,511,1,2
2070,512,1,2
2070,513,1,2
2070,514,1,2
2070,515,1,2
2070,516,1,2
2070,517,1,2
2070,518,1,2
2070,519,1,2
2070,520,1,2
2070,521,1,2
2070,522,1,2
2070,523,1,2
2070,524,1,2
2070,525,1,2
2070,526,1,2
2070,527,1,2
2070,528,1,2
2070,529,1,2
2070,530,1,2
2070,531,1,2
2070,532,1,2
2070,533,1,2
2070,534,1,2
2070,535,1,2
2070,536,1,2
2070,537,1,2
2070,538,1,2
2070,539,1,2
2070,540,1,2
2070,541,1,2
2070,542,1,2
2070,543,1,2
2070,544,1,2
2070,545,1,2
2070,546,1,2
2070,547,1,2
2070,548,1,2
2070,549,1,2
2070,550,1,2
2070,551,1,2
2070,552,1,2
2070,553,1,2
2070,554,1,2
2070,555,1,2
2070,556,1,2
2070,557,1,2
2070,558,1,2
2070,559,1,2
2070,560,1,2
2070,561,1,2
2070,562,1,2
2070,563,1,2
2070,564,1,2
2070,565,1,2
2070,566,1,2
2070,567,1,2
2070,568,1,2
2070,569,1,2
2070,570,1,2
2070,571,1,2
2070,572,1,2
2070,573,1,2
2070,574,1,2
2070,575,1,2
2070,576,1,2
2070,577,1,2
2070,578,1,2
2070,579,1,2
2070,580,1,2
2070,581,1,2
2070,582,1,2
2070,583,1,2
2070,584,1,2
2070,585,1,2
2070,586,1,2
2070,587,1,2
2070,588,1,3
2070,589,1,3
2070,590,1,3
2070,591,1,3
2070,592,1,3
2070,593,1,3
2070,594,1,3
2070,595,1,3
2070,596,1,3
2070,597,1,3
2070,598,1,3
2070,599,1,3
2070,600,1,3
2070,601,1,3
2070,602,1,3
2070,603,1,3
2070,604,1,3
2070,605,1,3
2070,606,1,3
2070,607,1,3
2070,608,1,3
2070,609,1,3
2070,610,1,3
2070,611,1,3
2070,612,1,3
2070,613,1,3
2070,614,1,3
2070,615,1,3
2070,616,1,3
2070,617,1,3
2070,618,1,3
2070,619,1,3
2070,620,1,3
2070,621,1,3
2070,622,1,3
2070,623,1,3
2070,624,1,3
2070,625,1,3
2070,626,1,3
2070,627,1,2
2070,628,1,2
2070,629,1,2
2071,132,1,2
2071,133,1,2
2071,134,1,2
2071,135,1,2
2071,136,1,2
2071,137,1,2
2071,138,1,2
2071,139,1,2
2071,140,1,2
2071,141,1,2
2071,142,1,2
2071,143,1,2
2071,144,1,2
2071,145,1,2
2071,146,1,2
2071,147,1,2
2071,148,1,2
2071,149,1,2
2071,150,1,2
2071,151,1,2
2071,152,1,2
2071,153,1,2
2071,154,1,2
2071,155,1,2
2071,156,1,2
2071,157,1,2
2071,158,1,2
2071,159,1,2
2071,160,1,2
2071,161,1,2
2071,162,1,2
2071,163,1,2
2071,164,1,2
2071,165,1,2
2071,166,1,2
2071,167,1,2
2071,168,1,2
2071,169,1,2
2071,170,1,2
2071,171,1,2
2071,172,1,2
2071,173,1,2
2071,174,1,2
2071,175,1,2
2071,176,1,2
2071,177,1,2
2071,178,1,2
2071,179,1,2
2071,180,1,2
2071,181,1,2
2071,182,1,2
2071,183,1,2
2071,184,1,2
2071,185,1,2
2071,186,1,2
2071,187,1,2
2071,188,1,2
2071,189,1,2
2071,190,1,2
2071,191,1,2
2071,192,1,2
2071,193,1,2
2071,194,1,2
2071,195,1,2
2071,196,1,2
2071,197,1,2
2071,198,1,2
2071,199,1,2
2071,200,1,2
2071,201,1,2
2071,202,1,2
2071,203,1,2
2071,204,1,2
2071,205,1,2
2071,206,1,2
2071,207,1,2
2071,208,1,2
2071,209,1,2
2071,210,1,2
2071,211,1,2
2071,212,1,2
2071,213,1,2
2071,214,1,2
2071,215,1,2
2071,216,1,2
2071,217,1,2
2071,218,1,2
2071,219,1,2
2071,220,1,2
2071,221,1,2
2071,222,1,2
2071,223,1,2
2071,224,1,2
2071,225,1,2
2071,226,1,2
2071,227,1,2
2071,228,1,2
2071,229,1,2
2071,230,1,2
2071,231,1,2
2071,232,1,2
2071,233,1,2
2071,234,1,2
2071,235,1,2
2071,236,1,2
2071,237,1,2
2071,238,1,2
2071,239,1,2
2071,240,1,2
2071,241,1,2
2071,242,1,2
2071,243,1,2
2071,244,1,2
2071,245,1,2
2071,246,1,2
2071,247,1,2
2071,248,1,2
2071,249,1,2
2071,250,1,2
2071,251,1,2
2071,252,1,2
2071,253,1,2
2071,254,1,2
2071,255,1,2
2071,256,1,2
2071,257,1,2
2071,258,1,2
2071,259,1,2
2071,260,1,2
2071,261,1,2
2071,262,1,2
2071,263,1,2
2071,264,1,2
2071,265,1,2
2071,266,1,2
2071,267,1,2
2071,268,1,2
2071,269,1,2
2071,270,1,2
2071,271,1,2
2071,272,1,2
2071,273,1,2
2071,274,1,2
2071,275,1,2
2071,276,1,2
2071,277,1,2
2071,278,1,2
2071,279,1,2
2071,280,1,2
2071,281,1,2
2071,282,1,2
2071,283,1,2
2071,284,1,2
2071,285,1,2
2071,286,1,2
2071,287,1,2
2071,288,1,2
2071,289,1,2
2071,290,1,2
2071,291,1,2
2071,292,1,2
2071,293,1,2
2071,294,1,2
2071,295,1,2
2071,296,1,2
2071,297,1,2
2071,298,1,2
2071,299,1,2
2071,300,1,2
2071,301,1,2
2071,302,1,2
2071,303,1,2
2071,304,1,2
2071,305,1,2
2071,306,1,2
2071,307,1,2
2071,308,1,2
2071,309,1,2
2071,310,1,2
2071,311,1,2
2071,312,1,2
2071,313,1,2
2071,314,1,2
2071,315,1,2
2071,316,1,2
2071,317,1,2
2071,318,1,2
2071,319,1,2
2071,320,1,2
2071,321,1,2
2071,322,1,2
2071,323,1,2
2071,324,1,2
2071,325,1,2
2071,326,1,2
2071,327,1,2
2071,328,1,2
2071,329,1,2
2071,330,1,2
2071,331,1,2
2071,332,1,2
2071,333,1,2
2071,334,1,2
2071,335,1,2
2071,336,1,2
2071,337,1,2
2071,338,1,2
2071,339,1,2
2071,340,1,2
2071,341,1,2
2071,342,1,2
2071,343,1,2
2071,344,1,2
2071,345,1,2
2071,346,1,2
2071,347,1,2
2071,348,1,2
2071,349,1,2
2071,350,1,2
2071,351,1,2
2071,352,1,2
2071,353,1,2
2071,354,1,2
2071,355,1,2
2071,356,1,2
2071,357,1,2
2071,358,1,2
2071,359,1,2
2071,360,1,2
2071,361,1,2
2071,362,1,2
2071,363,1,2
2071,364,1,2
2071,365,1,2
2071,366,1,2
2071,367,1,2
2071,368,1,2
2071,369,1,2
2071,370,1,2
2071,371,1,2
2071,372,1,2
2071,373,1,2
2071,374,1,2
2071,375,1,2
2071,376,1,2
2071,377,1,2
2071,378,1,2
2071,379,1,2
2071,380,1,2
2071,381,1,2
2071,382,1,2
2071,383,1,2
2071,384,1,2
2071,385,1,2
2071,386,1,2
2071,387,1,2
2071,388,1,2
2071,389,1,2
2071,390,1,2
2071,391,1,2
2071,392,1,2
2071,393,1,2
2071,394,1,2
2071,395,1,2
2071,396,1,2
2071,397,1,2
2071,398,1,2
2071,399,1,2
2071,400,1,2
2071,401,1,2
2071,402,1,2
2071,403,1,2
2071,404,1,2
2071,405,1,2
2071,406,1,2
2071,407,1,2
2071,408,1,2
2071,409,1,2
2071,410,1,2
2071,411,1,2
2071,412,1,2
2071,413,1,2
2071,414,1,2
2071,415,1,2
2071,416,1,2
2071,417,1,2
2071,418,1,2
2071,419,1,2
2071,420,1,2
2071,421,1,2
2071,422,1,2
2071,423,1,2
2071,424,1,2
2071,425,1,2
2071,426,1,2
2071,427,1,2
2071,428,1,2
2071,429,1,2
2071,430,1,2
2071,431,1,2
2071,432,1,2
2071,433,1,2
2071,434,1,2
2071,435,1,2
2071,436,1,2
2071,437,1,2
2071,438,1,2
2071,439,1,2
2071,440,1,2
2071,441,1,2
2071,442,1,2
2071,443,1,2
2071,444,1,2
2071,445,1,2
2071,446,1,2
2071,447,1,2
2071,448,1,2
2071,449,1,2
2071,450,1,2
2071,451,1,2
2071,452,1,2
2071,453,1,2
2071,454,1,2
2071,455,1,2
2071,456,1,2
2071,457,1,2
2071,458,1,2
2071,459,1,2
2071,460,1,2
2071,461,1,2
2071,462,1,2
2071,463,1,2
2071,464,1,2
2071,465,1,2
2071,466,1,2
2071,467,1,2
2071,468,1,2
2071,469,1,2
2071,470,1,2
2071,471,1,2
2071,472,1,2
2071,473,1,2
2071,474,1,2
2071,475,1,2
2071,476,1,2
2071,477,1,2
2071,478,1,2
2071,479,1,2
2071,480,1,2
2071,481,1,2
2071,482,1,2
2071,483,1,2
2071,484,1,2
2071,485,1,2
2071,486,1,2
2071,487,1,2
2071,488,1,2
2071,489,1,2
2071,490,1,2
2071,491,1,2
2071,492,1,2
2071,493,1,2
2071,494,1,2
2071,495,1,2
2071,496,1,2
2071,497,1,2
2071,498,1,2
2071,499,1,2
2071,500,1,2
2071,501,1,2
2071,502,1,2
2071,503,1,2
2071,504,1,2
2071,505,1,2
2071,506,1,2
2071,507,1,2
2071,508,1,2
2071,509,1,2
2071,510,1,2
2071,511,1,2
2071,512,1,2
2071,513,1,2
2071,514,1,2
2071,515,1,2
2071,516,1,2
2071,517,1,2
2071,518,1,2
2071,519,1,2
2071,520,1,2
2071,521,1,2
2071,522,1,2
2071,523,1,2
2071,524,1,2
2071,525,1,2
2071,526,1,2
2071,527,1,2
2071,528,1,2
2071,529,1,2
2071,530,1,2
2071,531,1,2
2071,532,1,2
2071,533,1,2
2071,534,1,2
2071,535,1,2
2071,536,1,2
2071,537,1,2
2071,538,1,2
2071,539,1,2
2071,540,1,2
2071,541,1,2
2071,542,1,2
2071,543,1,2
2071,544,1,2
2071,545,1,2
2071,546,1,2
2071,547,1,2
2071,548,1,2
2071,549,1,2
2071,550,1,2
2071,551,1,2
2071,552,1,2
2071,553,1,2
2071,554,1,2
2071,555,1,2
2071,556,1,2
2071,557,1,2
2071,558,1,2
2071,559,1,2
2071,560,1,2
2071,561,1,2
2071,562,1,2
2071,563,1,2
2071,564,1,2
2071,565,1,2
2071,566,1,2
2071,567,1,2
2071,568,1,2
2071,569,1,2
2071,570,1,2
2071,571,1,2
2071,572,1,2
2071,573,1,2
2071,574,1,2
2071,575,1,2
2071,576,1,2
2071,577,1,2
2071,578,1,2
2071,579,1,2
2071,580,1,2
2071,581,1,2
2071,582,1,2
2071,583,1,2
2071,584,1,2
2071,585,1,2
2071,586,1,2
2071,587,1,3
2071,588,1,3
2071,589,1,3
2071,590,1,3
2071,591,1,3
2071,592,1,3
2071,593,1,3
2071,594,1,3
2071,595,1,3
2071,596,1,3
2071,597,1,3
2071,598,1,3
2071,599,1,3
2071,600,1,3
2071,601,1,3
2071,602,1,3
2071,603,1,3
2071,604,1,3
2071,605,1,3
2071,606,1,3
2071,607,1,3
2071,608,1,3
2071,609,1,3
2071,610,1,3
2071,611,1,3
2071,612,1,3
2071,613,1,3
2071,614,1,3
2071,615,1,3
2071,616,1,3
2071,617,1,3
2071,618,1,3
2071,619,1,3
2071,620,1,3
2071,621,1,3
2071,622,1,3
2071,623,1,3
2071,624,1,3
2071,625,1,3
2071,626,1,3
2071,627,1,3
2071,628,1,2
2071,629,1,2
2072,132,1,2
2072,133,1,2
2072,134,1,2
2072,135,1,2
2072,136,1,2
2072,137,1,2
2072,138,1,2
2072,139,1,2
2072,140,1,2
2072,141,1,2
2072,142,1,2
2072,143,1,2
2072,144,1,2
2072,145,1,2
2072,146,1,2
2072,147,1,2
2072,148,1,2
2072,149,1,2
2072,150,1,2
2072,151,1,2
2072,152,1,2
2072,153,1,2
2072,154,1,2
2072,155,1,2
2072,156,1,2
2072,157,1,2
2072,158,1,2
2072,159,1,2
2072,160,1,2
2072,161,1,2
2072,162,1,2
2072,163,1,2
2072,164,1,2
2072,165,1,2
2072,166,1,2
2072,167,1,2
2072,168,1,2
2072,169,1,2
2072,170,1,2
2072,171,1,2
2072,172,1,2
2072,173,1,2
2072,174,1,2
2072,175,1,2
2072,176,1,2
2072,177,1,2
2072,178,1,2
2072,179,1,2
2072,180,1,2
2072,181,1,2
2072,182,1,2
2072,183,1,2
2072,184,1,2
2072,185,1,2
2072,186,1,2
2072,187,1,2
2072,188,1,2
2072,189,1,2
2072,190,1,2
2072,191,1,2
2072,192,1,2
2072,193,1,2
2072,194,1,2
2072,195,1,2
2072,196,1,2
2072,197,1,2
2072,198,1,2
2072,199,1,2
2072,200,1,2
2072,201,1,2
2072,202,1,2
2072,203,1,2
2072,204,1,2
2072,205,1,2
2072,206,1,2
2072,207,1,2
2072,208,1,2
2072,209,1,2
2072,210,1,2
2072,211,1,2
2072,212,1,2
2072,213,1,2
2072,214,1,2
2072,215,1,2
2072,216,1,2
2072,217,1,2
2072,218,1,2
2072,219,1,2
2072,220,1,2
2072,221,1,2
2072,222,1,2
2072,223,1,2
2072,224,1,2
2072,225,1,2
2072,226,1,2
2072,227,1,2
2072,228,1,2
2072,229,1,2
2072,230,1,2
2072,231,1,2
2072,232,1,2
2072,233,1,2
2072,234,1,2
2072,235,1,2
2072,236,1,2
2072,237,1,2
2072,238,1,2
2072,239,1,2
2072,240,1,2
2072,241,1,2
2072,242,1,2
2072,243,1,2
2072,244,1,2
2072,245,1,2
2072,246,1,2
2072,247,1,2
2072,248,1,2
2072,249,1,2
2072,250,1,2
2072,251,1,2
2072,252,1,2
2072,253,1,2
2072,254,1,2
2072,255,1,2
2072,256,1,2
2072,257,1,2
2072,258,1,2
2072,259,1,2
2072,260,1,2
2072,261,1,2
2072,262,1,2
2072,263,1,2
2072,264,1,2
2072,265,1,2
2072,266,1,2
2072,267,1,2
2072,268,1,2
2072,269,1,2
2072,270,1,2
2072,271,1,2
2072,272,1,2
2072,273,1,2
2072,274,1,2
2072,275,1,2
2072,276,1,2
2072,277,1,2
2072,278,1,2
2072,279,1,2
2072,280,1,2
2072,281,1,2
2072,282,1,2
2072,283,1,2
2072,284,1,2
2072,285,1,2
2072,286,1,2
2072,287,1,2
2072,288,1,2
2072,289,1,2
2072,290,1,2
2072,291,1,2
2072,292,1,2
2072,293,1,2
2072,294,1,2
2072,295,1,2
2072,296,1,2
2072,297,1,2
2072,298,1,2
2072,299,1,2
2072,300,1,2
2072,301,1,2
2072,302,1,2
2072,303,1,2
2072,304,1,2
2072,305,1,2
2072,306,1,2
2072,307,1,2
2072,308,1,2
2072,309,1,2
2072,310,1,2
2072,311,1,2
2072,312,1,2
2072,313,1,2
2072,314,1,2
2072,315,1,2
2072,316,1,2
2072,317,1,2
2072,318,1,2
2072,319,1,2
2072,320,1,2
2072,321,1,2
2072,322,1,2
2072,323,1,2
2072,324,1,2
2072,325,1,2
2072,326,1,2
2072,327,1,2
2072,328,1,2
2072,329,1,2
2072,330,1,2
2072,331,1,2
2072,332,1,2
2072,333,1,2
2072,334,1,2
2072,335,1,2
2072,336,1,2
2072,337,1,2
2072,338,1,2
2072,339,1,2
2072,340,1,2
2072,341,1,2
2072,342,1,2
2072,343,1,2
2072,344,1,2
2072,345,1,2
2072,346,1,2
2072,347,1,2
2072,348,1,2
2072,349,1,2
2072,350,1,2
2072,351,1,2
2072,352,1,2
2072,353,1,2
2072,354,1,2
2072,355,1,2
2072,356,1,2
2072,357,1,2
2072,358,1,2
2072,359,1,2
2072,360,1,2
2072,361,1,2
2072,362,1,2
2072,363,1,2
2072,364,1,2
2072,365,1,2
2072,366,1,2
2072,367,1,2
2072,368,1,2
2072,369,1,2
2072,370,1,2
2072,371,1,2
2072,372,1,2
2072,373,1,2
2072,374,1,2
2072,375,1,2
2072,376,1,2
2072,377,1,2
2072,378,1,2
2072,379,1,2
2072,380,1,2
2072,381,1,2
2072,382,1,2
2072,383,1,2
2072,384,1,2
2072,385,1,2
2072,386,1,2
2072,387,1,2
2072,388,1,2
2072,389,1,2
2072,390,1,2
2072,391,1,2
2072,392,1,2
2072,393,1,2
2072,394,1,2
2072,395,1,2
2072,396,1,2
2072,397,1,2
2072,398,1,2
2072,399,1,2
2072,400,1,2
2072,401,1,2
2072,402,1,2
2072,403,1,2
2072,404,1,2
2072,405,1,2
2072,406,1,2
2072,407,1,2
2072,408,1,2
2072,409,1,2
2072,410,1,2
2072,411,1,2
2072,412,1,2
2072,413,1,2
2072,414,1,2
2072,415,1,2
2072,416,1,2
2072,417,1,2
2072,418,1,2
2072,419,1,2
2072,420,1,2
2072,421,1,2
2072,422,1,2
2072,423,1,2
2072,424,1,2
2072,425,1,2
2072,426,1,2
2072,427,1,2
2072,428,1,2
2072,429,1,2
2072,430,1,2
2072,431,1,2
2072,432,1,2
2072,433,1,2
2072,434,1,2
2072,435,1,2
2072,436,1,2
2072,437,1,2
2072,438,1,2
2072,439,1,2
2072,440,1,2
2072,441,1,2
2072,442,1,2
2072,443,1,2
2072,444,1,2
2072,445,1,2
2072,446,1,2
2072,447,1,2
2072,448,1,2
2072,449,1,2
2072,450,1,2
2072,451,1,2
2072,452,1,2
2072,453,1,2
2072,454,1,2
2072,455,1,2
2072,456,1,2
2072,457,1,2
2072,458,1,2
2072,459,1,2
2072,460,1,2
2072,461,1,2
2072,462,1,2
2072,463,1,2
2072,464,1,2
2072,465,1,2
2072,466,1,2
2072,467,1,2
2072,468,1,2
2072,469,1,2
2072,470,1,2
2072,471,1,2
2072,472,1,2
2072,473,1,2
2072,474,1,2
2072,475,1,2
2072,476,1,2
2072,477,1,2
2072,478,1,2
2072,479,1,2
2072,480,1,2
2072,481,1,2
2072,482,1,2
2072,483,1,2
2072,484,1,2
2072,485,1,2
2072,486,1,2
2072,487,1,2
2072,488,1,2
2072,489,1,2
2072,490,1,2
2072,491,1,2
2072,492,1,2
2072,493,1,2
2072,494,1,2
2072,495,1,2
2072,496,1,2
2072,497,1,2
2072,498,1,2
2072,499,1,2
2072,500,1,2
2072,501,1,2
2072,502,1,2
2072,503,1,2
2072,504,1,2
2072,505,1,2
2072,506,1,2
2072,507,1,2
2072,508,1,2
2072,509,1,2
2072,510,1,2
2072,511,1,2
2072,512,1,2
2072,513,1,2
2072,514,1,2
2072,515,1,2
2072,516,1,2
2072,517,1,2
2072,518,1,2
2072,519,1,2
2072,520,1,2
2072,521,1,2
2072,522,1,2
2072,523,1,2
2072,524,1,2
2072,525,1,2
2072,526,1,2
2072,527,1,2
2072,528,1,2
2072,529,1,2
2072,530,1,2
2072,531,1,2
2072,532,1,2
2072,533,1,2
2072,534,1,2
2072,535,1,2
2072,536,1,2
2072,537,1,2
2072,538,1,2
2072,539,1,2
2072,540,1,2
2072,541,1,2
2072,542,1,2
2072,543,1,2
2072,544,1,2
2072,545,1,2
2072,546,1,2
2072,547,1,2
2072,548,1,2
2072,549,1,2
2072,550,1,2
2072,551,1,2
2072,552,1,2
2072,553,1,2
2072,554,1,2
2072,555,1,2
2072,556,1,2
2072,557,1,2
2072,558,1,2
2072,559,1,2
2072,560,1,2
2072,561,1,2
2072,562,1,2
2072,563,1,2
2072,564,1,2
2072,565,1,2
2072,566,1,2
2072,567,1,2
2072,568,1,2
2072,569,1,2
2072,570,1,2
2072,571,1,2
2072,572,1,2
2072,573,1,2
2072,574,1,2
2072,575,1,2
2072,576,1,2
2072,577,1,2
2072,578,1,2
2072,579,1,2
2072,580,1,2
2072,581,1,2
2072,582,1,2
2072,583,1,2
2072,584,1,2
2072,585,1,2
2072,586,1,3
2072,587,1,3
2072,588,1,3
2072,589,1,3
2072,590,1,3
2072,591,1,3
2072,592,1,3
2072,593,1,3
2072,594,1,3
2072,595,1,3
2072,596,1,3
2072,597,1,3
2072,598,1,3
2072,599,1,3
2072,600,1,3
2072,601,1,3
2072,602,1,3
2072,603,1,3
2072,604,1,3
2072,605,1,3
2072,606,1,3
2072,607,1,3
2072,608,1,3
2072,609,1,3
2072,610,1,3
2072,611,1,3
2072,612,1,3
2072,613,1,3
2072,614,1,3
2072,615,1,3
2072,616,1,3
2072,617,1,3
2072,618,1,3
2072,619,1,3
2072,620,1,3
2072,621,1,3
2072,622,1,3
2072,623,1,3
2072,624,1,3
2072,625,1,3
2072,626,1,3
2072,627,1,3
2072,628,1,2
2072,629,1,2
2073,132,1,2
2073,133,1,2
2073,134,1,2
2073,135,1,2
2073,136,1,2
2073,137,1,2
2073,138,1,2
2073,139,1,2
2073,140,1,2
2073,141,1,2
2073,142,1,2
2073,143,1,2
2073,144,1,2
2073,145,1,2
2073,146,1,2
2073,147,1,2
2073,148,1,2
2073,149,1,2
2073,150,1,2
2073,151,1,2
2073,152,1,2
2073,153,1,2
2073,154,1,2
2073,155,1,2
2073,156,1,2
2073,157,1,2
2073,158,1,2
2073,159,1,2
2073,160,1,2
2073,161,1,2
2073,162,1,2
2073,163,1,2
2073,164,1,2
2073,165,1,2
2073,166,1,2
2073,167,1,2
2073,168,1,2
2073,169,1,2
2073,170,1,2
2073,171,1,2
2073,172,1,2
2073,173,1,2
2073,174,1,2
2073,175,1,2
2073,176,1,2
2073,177,1,2
2073,178,1,2
2073,179,1,2
2073,180,1,2
2073,181,1,2
2073,182,1,2
2073,183,1,2
2073,184,1,2
2073,185,1,2
2073,186,1,2
2073,187,1,2
2073,188,1,2
2073,189,1,2
2073,190,1,2
2073,191,1,2
2073,192,1,2
2073,193,1,2
2073,194,1,2
2073,195,1,2
2073,196,1,2
2073,197,1,2
2073,198,1,2
2073,199,1,2
2073,200,1,2
2073,201,1,2
2073,202,1,2
2073,203,1,2
2073,204,1,2
2073,205,1,2
2073,206,1,2
2073,207,1,2
2073,208,1,2
2073,209,1,2
2073,210,1,2
2073,211,1,2
2073,212,1,2
2073,213,1,2
2073,214,1,2
2073,215,1,2
2073,216,1,2
2073,217,1,2
2073,218,1,2
2073,219,1,2
2073,220,1,2
2073,221,1,2
2073,222,1,2
2073,223,1,2
2073,224,1,2
2073,225,1,2
2073,226,1,2
2073,227,1,2
2073,228,1,2
2073,229,1,2
2073,230,1,2
2073,231,1,2
2073,232,1,2
2073,233,1,2
2073,234,1,2
2073,235,1,2
2073,236,1,2
2073,237,1,2
2073,238,1,2
2073,239,1,2
2073,240,1,2
2073,241,1,2
2073,242,1,2
2073,243,1,2
2073,244,1,2
2073,245,1,2
2073,246,1,2
2073,247,1,2
2073,248,1,2
2073,249,1,2
2073,250,1,2
2073,251,1,2
2073,252,1,2
2073,253,1,2
2073,254,1,2
2073,255,1,2
2073,256,1,2
2073,257,1,2
2073,258,1,2
2073,259,1,2
2073,260,1,2
2073,261,1,2
2073,262,1,2
2073,263,1,2
2073,264,1,2
2073,265,1,2
2073,266,1,2
2073,267,1,2
2073,268,1,2
2073,269,1,2
2073,270,1,2
2073,271,1,2
2073,272,1,2
2073,273,1,2
2073,274,1,2
2073,275,1,2
2073,276,1,2
2073,277,1,2
2073,278,1,2
2073,279,1,2
2073,280,1,2
2073,281,1,2
2073,282,1,2
2073,283,1,2
2073,284,1,2
2073,285,1,2
2073,286,1,2
2073,287,1,2
2073,288,1,2
2073,289,1,2
2073,290,1,2
2073,291,1,2
2073,292,1,2
2073,293,1,2
2073,294,1,2
2073,295,1,2
2073,296,1,2
2073,297,1,2
2073,298,1,2
2073,299,1,2
2073,300,1,2
2073,301,1,2
2073,302,1,2
2073,303,1,2
2073,304,1,2
2073,305,1,2
2073,306,1,2
2073,307,1,2
2073,308,1,2
2073,309,1,2
2073,310,1,2
2073,311,1,2
2073,312,1,2
2073,313,1,2
2073,314,1,2
2073,315,1,2
2073,316,1,2
2073,317,1,2
2073,318,1,2
2073,319,1,2
2073,320,1,2
2073,321,1,2
2073,322,1,2
2073,323,1,2
2073,324,1,2
2073,325,1,2
2073,326,1,2
2073,327,1,2
2073,328,1,2
2073,329,1,2
2073,330,1,2
2073,331,1,2
2073,332,1,2
2073,333,1,2
2073,334,1,2
2073,335,1,2
2073,336,1,2
2073,337,1,2
2073,338,1,2
2073,339,1,2
2073,340,1,2
2073,341,1,2
2073,342,1,2
2073,343,1,2
2073,344,1,2
2073,345,1,2
2073,346,1,2
2073,347,1,2
2073,348,1,2
2073,349,1,2
2073,350,1,2
2073,351,1,2
2073,352,1,2
2073,353,1,2
2073,354,1,2
2073,355,1,2
2073,356,1,2
2073,357,1,2
2073,358,1,2
2073,359,1,2
2073,360,1,2
2073,361,1,2
2073,362,1,2
2073,363,1,2
2073,364,1,2
2073,365,1,2
2073,366,1,2
2073,367,1,2
2073,368,1,2
2073,369,1,2
2073,370,1,2
2073,371,1,2
2073,372,1,2
2073,373,1,2
2073,374,1,2
2073,375,1,2
2073,376,1,2
2073,377,1,2
2073,378,1,2
2073,379,1,2
2073,380,1,2
2073,381,1,2
2073,382,1,2
2073,383,1,2
2073,384,1,2
2073,385,1,2
2073,386,1,2
2073,387,1,2
2073,388,1,2
2073,389,1,2
2073,390,1,2
2073,391,1,2
2073,392,1,2
2073,393,1,2
2073,394,1,2
2073,395,1,2
2073,396,1,2
2073,397,1,2
2073,398,1,2
2073,399,1,2
2073,400,1,2
2073,401,1,2
2073,402,1,2
2073,403,1,2
2073,404,1,2
2073,405,1,2
2073,406,1,2
2073,407,1,2
2073,408,1,2
2073,409,1,2
2073,410,1,2
2073,411,1,2
2073,412,1,2
2073,413,1,2
2073,414,1,2
2073,415,1,2
2073,416,1,2
2073,417,1,2
2073,418,1,2
2073,419,1,2
2073,420,1,2
2073,421,1,2
2073,422,1,2
2073,423,1,2
2073,424,1,2
2073,425,1,2
2073,426,1,2
2073,427,1,2
2073,428,1,2
2073,429,1,2
2073,430,1,2
2073,431,1,2
2073,432,1,2
2073,433,1,2
2073,434,1,2
2073,435,1,2
2073,436,1,2
2073,437,1,2
2073,438,1,2
2073,439,1,2
2073,440,1,2
2073,441,1,2
2073,442,1,2
2073,443,1,2
2073,444,1,2
2073,445,1,2
2073,446,1,2
2073,447,1,2
2073,448,1,2
2073,449,1,2
2073,450,1,2
2073,451,1,2
2073,452,1,2
2073,453,1,2
2073,454,1,2
2073,455,1,2
2073,456,1,2
2073,457,1,2
2073,458,1,2
2073,459,1,2
2073,460,1,2
2073,461,1,2
2073,462,1,2
2073,463,1,2
2073,464,1,2
2073,465,1,2
2073,466,1,2
2073,467,1,2
2073,468,1,2
2073,469,1,2
2073,470,1,2
2073,471,1,2
2073,472,1,2
2073,473,1,2
2073,474,1,2
2073,475,1,2
2073,476,1,2
2073,477,1,2
2073,478,1,2
2073,479,1,2
2073,480,1,2
2073,481,1,2
2073,482,1,2
2073,483,1,2
2073,484,1,2
2073,485,1,2
2073,486,1,2
2073,487,1,2
2073,488,1,2
2073,489,1,2
2073,490,1,2
2073,491,1,2
2073,492,1,2
2073,493,1,2
2073,494,1,2
2073,495,1,2
2073,496,1,2
2073,497,1,2
2073,498,1,2
2073,499,1,2
2073,500,1,2
2073,501,1,2
2073,502,1,2
2073,503,1,2
2073,504,1,2
2073,505,1,2
2073,506,1,2
2073,507,1,2
2073,508,1,2
2073,509,1,2
2073,510,1,2
2073,511,1,2
2073,512,1,2
2073,513,1,2
2073,514,1,2
2073,515,1,2
2073,516,1,2
2073,517,1,2
2073,518,1,2
2073,519,1,2
2073,520,1,2
2073,521,1,2
2073,522,1,2
2073,523,1,2
2073,524,1,2
2073,525,1,2
2073,526,1,2
2073,527,1,2
2073,528,1,2
2073,529,1,2
2073,530,1,2
2073,531,1,2
2073,532,1,2
2073,533,1,2
2073,534,1,2
2073,535,1,2
2073,536,1,2
2073,537,1,2
2073,538,1,2
2073,539,1,2
2073,540,1,2
2073,541,1,2
2073,542,1,2
2073,543,1,2
2073,544,1,2
2073,545,1,2
2073,546,1,2
2073,547,1,2
2073,548,1,2
2073,549,1,2
2073,550,1,2
2073,551,1,2
2073,552,1,2
2073,553,1,2
2073,554,1,2
2073,555,1,2
2073,556,1,2
2073,557,1,2
2073,558,1,2
2073,559,1,2
2073,560,1,2
2073,561,1,2
2073,562,1,2
2073,563,1,2
2073,564,1,2
2073,565,1,2
2073,566,1,2
2073,567,1,2
2073,568,1,2
2073,569,1,2
2073,570,1,2
2073,571,1,2
2073,572,1,2
2073,573,1,2
2073,574,1,2
2073,575,1,2
2073,576,1,2
2073,577,1,2
2073,578,1,2
2073,579,1,2
2073,580,1,2
2073,581,1,2
2073,582,1,2
2073,583,1,2
2073,584,1,2
2073,585,1,3
2073,586,1,3
2073,587,1,3
2073,588,1,3
2073,589,1,3
2073,590,1,3
2073,591,1,3
2073,592,1,3
2073,593,1,3
2073,594,1,3
2073,595,1,3
2073,596,1,3
2073,597,1,3
2073,598,1,3
2073,599,1,3
2073,600,1,3
2073,601,1,3
2073,602,1,3
2073,603,1,3
2073,604,1,3
2073,605,1,3
2073,606,1,3
2073,607,1,3
2073,608,1,3
2073,609,1,3
2073,610,1,3
2073,611,1,3
2073,612,1,3
2073,613,1,3
2073,614,1,3
2073,615,1,3
2073,616,1,3
2073,617,1,3
2073,618,1,3
2073,619,1,3
2073,620,1,3
2073,621,1,3
2073,622,1,3
2073,623,1,3
2073,624,1,3
2073,625,1,3
2073,626,1,3
2073,627,1,3
2073,628,1,2
2073,629,1,2
2074,133,1,2
2074,134,1,2
2074,135,1,2
2074,136,1,2
2074,137,1,2
2074,138,1,2
2074,139,1,2
2074,140,1,2
2074,141,1,2
2074,142,1,2
2074,143,1,2
2074,144,1,2
2074,145,1,2
2074,146,1,2
2074,147,1,2
2074,148,1,2
2074,149,1,2
2074,150,1,2
2074,151,1,2
2074,152,1,2
2074,153,1,2
2074,154,1,2
2074,155,1,2
2074,156,1,2
2074,157,1,2
2074,158,1,2
2074,159,1,2
2074,160,1,2
2074,161,1,2
2074,162,1,2
2074,163,1,2
2074,164,1,2
2074,165,1,2
2074,166,1,2
2074,167,1,2
2074,168,1,2
2074,169,1,2
2074,170,1,2
2074,171,1,2
2074,172,1,2
2074,173,1,2
2074,174,1,2
2074,175,1,2
2074,176,1,2
2074,177,1,2
2074,178,1,2
2074,179,1,2
2074,180,1,2
2074,181,1,2
2074,182,1,2
2074,183,1,2
2074,184,1,2
2074,185,1,2
2074,186,1,2
2074,187,1,2
2074,188,1,2
2074,189,1,2
2074,190,1,2
2074,191,1,2
2074,192,1,2
2074,193,1,2
2074,194,1,2
2074,195,1,2
2074,196,1,2
2074,197,1,2
2074,198,1,2
2074,199,1,2
2074,200,1,2
2074,201,1,2
2074,202,1,2
2074,203,1,2
2074,204,1,2
2074,205,1,2
2074,206,1,2
2074,207,1,2
2074,208,1,2
2074,209,1,2
2074,210,1,2
2074,211,1,2
2074,212,1,2
2074,213,1,2
2074,214,1,2
2074,215,1,2
2074,216,1,2
2074,217,1,2
2074,218,1,2
2074,219,1,2
2074,220,1,2
2074,221,1,2
2074,222,1,2
2074,223,1,2
2074,224,1,2
2074,225,1,2
2074,226,1,2
2074,227,1,2
2074,228,1,2
2074,229,1,2
2074,230,1,2
2074,231,1,2
2074,232,1,2
2074,233,1,2
2074,234,1,2
2074,235,1,2
2074,236,1,2
2074,237,1,2
2074,238,1,2
2074,239,1,2
2074,240,1,2
2074,241,1,2
2074,242,1,2
2074,243,1,2
2074,244,1,2
2074,245,1,2
2074,246,1,2
2074,247,1,2
2074,248,1,2
2074,249,1,2
2074,250,1,2
2074,251,1,2
2074,252,1,2
2074,253,1,2
2074,254,1,2
2074,255,1,2
2074,256,1,2
2074,257,1,2
2074,258,1,2
2074,259,1,2
2074,260,1,2
2074,261,1,2
2074,262,1,2
2074,263,1,2
2074,264,1,2
2074,265,1,2
2074,266,1,2
2074,267,1,2
2074,268,1,2
2074,269,1,2
2074,270,1,2
2074,271,1,2
2074,272,1,2
2074,273,1,2
2074,274,1,2
2074,275,1,2
2074,276,1,2
2074,277,1,2
2074,278,1,2
2074,279,1,2
2074,280,1,2
2074,281,1,2
2074,282,1,2
2074,283,1,2
2074,284,1,2
2074,285,1,2
2074,286,1,2
2074,287,1,2
2074,288,1,2
2074,289,1,2
2074,290,1,2
2074,291,1,2
2074,292,1,2
2074,293,1,2
2074,294,1,2
2074,295,1,2
2074,296,1,2
2074,297,1,2
2074,298,1,2
2074,299,1,2
2074,300,1,2
2074,301,1,2
2074,302,1,2
2074,303,1,2
2074,304,1,2
2074,305,1,2
2074,306,1,2
2074,307,1,2
2074,308,1,2
2074,309,1,2
2074,310,1,2
2074,311,1,2
2074,312,1,2
2074,313,1,2
2074,314,1,2
2074,315,1,2
2074,316,1,2
2074,317,1,2
2074,318,1,2
2074,319,1,2
2074,320,1,2
2074,321,1,2
2074,322,1,2
2074,323,1,2
2074,324,1,2
2074,325,1,2
2074,326,1,2
2074,327,1,2
2074,328,1,2
2074,329,1,2
2074,330,1,2
2074,331,1,2
2074,332,1,2
2074,333,1,2
2074,334,1,2
2074,335,1,2
2074,336,1,2
2074,337,1,2
2074,338,1,2
2074,339,1,2
2074,340,1,2
2074,341,1,2
2074,342,1,2
2074,343,1,2
2074,344,1,2
2074,345,1,2
2074,346,1,2
2074,347,1,2
2074,348,1,2
2074,349,1,2
2074,350,1,2
2074,351,1,2
2074,352,1,2
2074,353,1,2
2074,354,1,2
2074,355,1,2
2074,356,1,2
2074,357,1,2
2074,358,1,2
2074,359,1,2
2074,360,1,2
2074,361,1,2
2074,362,1,2
2074,363,1,2
2074,364,1,2
2074,365,1,2
2074,366,1,2
2074,367,1,2
2074,368,1,2
2074,369,1,2
2074,370,1,2
2074,371,1,2
2074,372,1,2
2074,373,1,2
2074,374,1,2
2074,375,1,2
2074,376,1,2
2074,377,1,2
2074,378,1,2
2074,379,1,2
2074,380,1,2
2074,381,1,2
2074,382,1,2
2074,383,1,2
2074,384,1,2
2074,385,1,2
2074,386,1,2
2074,387,1,2
2074,388,1,2
2074,389,1,2
2074,390,1,2
2074,391,1,2
2074,392,1,2
2074,393,1,2
2074,394,1,2
2074,395,1,2
2074,396,1,2
2074,397,1,2
2074,398,1,2
2074,399,1,2
2074,400,1,2
2074,401,1,2
2074,402,1,2
2074,403,1,2
2074,404,1,2
2074,405,1,2
2074,406,1,2
2074,407,1,2
2074,408,1,2
2074,409,1,2
2074,410,1,2
2074,411,1,2
2074,412,1,2
2074,413,1,2
2074,414,1,2
2074,415,1,2
2074,416,1,2
2074,417,1,2
2074,418,1,2
2074,419,1,2
2074,420,1,2
2074,421,1,2
2074,422,1,2
2074,423,1,2
2074,424,1,2
2074,425,1,2
2074,426,1,2
2074,427,1,2
2074,428,1,2
2074,429,1,2
2074,430,1,2
2074,431,1,2
2074,432,1,2
2074,433,1,2
2074,434,1,2
2074,435,1,2
2074,436,1,2
2074,437,1,2
2074,438,1,2
2074,439,1,2
2074,440,1,2
2074,441,1,2
2074,442,1,2
2074,443,1,2
2074,444,1,2
2074,445,1,2
2074,446,1,2
2074,447,1,2
2074,448,1,2
2074,449,1,2
2074,450,1,2
2074,451,1,2
2074,452,1,2
2074,453,1,2
2074,454,1,2
2074,455,1,2
2074,456,1,2
2074,457,1,2
2074,458,1,2
2074,459,1,2
2074,460,1,2
2074,461,1,2
2074,462,1,2
2074,463,1,2
2074,464,1,2
2074,465,1,2
2074,466,1,2
2074,467,1,2
2074,468,1,2
2074,469,1,2
2074,470,1,2
2074,471,1,2
2074,472,1,2
2074,473,1,2
2074,474,1,2
2074,475,1,2
2074,476,1,2
2074,477,1,2
2074,478,1,2
2074,479,1,2
2074,480,1,2
2074,481,1,2
2074,482,1,2
2074,483,1,2
2074,484,1,2
2074,485,1,2
2074,486,1,2
2074,487,1,2
2074,488,1,2
2074,489,1,2
2074,490,1,2
2074,491,1,2
2074,492,1,2
2074,493,1,2
2074,494,1,2
2074,495,1,2
2074,496,1,2
2074,497,1,2
2074,498,1,2
2074,499,1,2
2074,500,1,2
2074,501,1,2
2074,502,1,2
2074,503,1,2
2074,504,1,2
2074,505,1,2
2074,506,1,2
2074,507,1,2
2074,508,1,2
2074,509,1,2
2074,510,1,2
2074,511,1,2
2074,512,1,2
2074,513,1,2
2074,514,1,2
2074,515,1,2
2074,516,1,2
2074,517,1,2
2074,518,1,2
2074,519,1,2
2074,520,1,2
2074,521,1,2
2074,522,1,2
2074,523,1,2
2074,524,1,2
2074,525,1,2
2074,526,1,2
2074,527,1,2
2074,528,1,2
2074,529,1,2
2074,530,1,2
2074,531,1,2
2074,532,1,2
2074,533,1,2
2074,534,1,2
2074,535,1,2
2074,536,1,2
2074,537,1,2
2074,538,1,2
2074,539,1,2
2074,540,1,2
2074,541,1,2
2074,542,1,2
2074,543,1,2
2074,544,1,2
2074,545,1,2
2074,546,1,2
2074,547,1,2
2074,548,1,2
2074,549,1,2
2074,550,1,2
2074,551,1,2
2074,552,1,2
2074,553,1,2
2074,554,1,2
2074,555,1,2
2074,556,1,2
2074,557,1,2
2074,558,1,2
2074,559,1,2
2074,560,1,2
2074,561,1,2
2074,562,1,2
2074,563,1,2
2074,564,1,2
2074,565,1,2
2074,566,1,2
2074,567,1,2
2074,568,1,2
2074,569,1,2
2074,570,1,2
2074,571,1,2
2074,572,1,2
2074,573,1,2
2074,574,1,2
2074,575,1,2
2074,576,1,2
2074,577,1,2
2074,578,1,2
2074,579,1,2
2074,580,1,2
2074,581,1,2
2074,582,1,2
2074,583,1,2
2074,584,1,2
2074,585,1,3
2074,586,1,3
2074,587,1,3
2074,588,1,3
2074,589,1,3
2074,590,1,3
2074,591,1,3
2074,592,1,3
2074,593,1,3
2074,594,1,3
2074,595,1,3
2074,596,1,3
2074,597,1,3
2074,598,1,3
2074,599,1,3
2074,600,1,3
2074,601,1,3
2074,602,1,3
2074,603,1,3
2074,604,1,3
2074,605,1,3
2074,606,1,3
2074,607,1,3
2074,608,1,3
2074,609,1,3
2074,610,1,3
2074,611,1,3
2074,612,1,3
2074,613,1,3
2074,614,1,3
2074,615,1,3
2074,616,1,3
2074,617,1,3
2074,618,1,3
2074,619,1,3
2074,620,1,3
2074,621,1,3
2074,622,1,3
2074,623,1,3
2074,624,1,3
2074,625,1,3
2074,626,1,3
2074,627,1,3
2074,628,1,2
2074,629,1,2
2075,134,1,2
2075,135,1,2
2075,136,1,2
2075,137,1,2
2075,138,1,2
2075,139,1,2
2075,140,1,2
2075,141,1,2
2075,142,1,2
2075,143,1,2
2075,144,1,2
2075,145,1,2
2075,146,1,2
2075,147,1,2
2075,148,1,2
2075,149,1,2
2075,150,1,2
2075,151,1,2
2075,152,1,2
2075,153,1,2
2075,154,1,2
2075,155,1,2
2075,156,1,2
2075,157,1,2
2075,158,1,2
2075,159,1,2
2075,160,1,2
2075,161,1,2
2075,162,1,2
2075,163,1,2
2075,164,1,2
2075,165,1,2
2075,166,1,2
2075,167,1,2
2075,168,1,2
2075,169,1,2
2075,170,1,2
2075,171,1,2
2075,172,1,2
2075,173,1,2
2075,174,1,2
2075,175,1,2
2075,176,1,2
2075,177,1,2
2075,178,1,2
2075,179,1,2
2075,180,1,2
2075,181,1,2
2075,182,1,2
2075,183,1,2
2075,184,1,2
2075,185,1,2
2075,186,1,2
2075,187,1,2
2075,188,1,2
2075,189,1,2
2075,190,1,2
2075,191,1,2
2075,192,1,2
2075,193,1,2
2075,194,1,2
2075,195,1,2
2075,196,1,2
2075,197,1,2
2075,198,1,2
2075,199,1,2
2075,200,1,2
2075,201,1,2
2075,202,1,2
2075,203,1,2
2075,204,1,2
2075,205,1,2
2075,206,1,2
2075,207,1,2
2075,208,1,2
2075,209,1,2
2075,210,1,2
2075,211,1,2
2075,212,1,2
2075,213,1,2
2075,214,1,2
2075,215,1,2
2075,216,1,2
2075,217,1,2
2075,218,1,2
2075,219,1,2
2075,220,1,2
2075,221,1,2
2075,222,1,2
2075,223,1,2
2075,224,1,2
2075,225,1,2
2075,226,1,2
2075,227,1,2
2075,228,1,2
2075,229,1,2
2075,230,1,2
2075,231,1,2
2075,232,1,2
2075,233,1,2
2075,234,1,2
2075,235,1,2
2075,236,1,2
2075,237,1,2
2075,238,1,2
2075,239,1,2
2075,240,1,2
2075,241,1,2
2075,242,1,2
2075,243,1,2
2075,244,1,2
2075,245,1,2
2075,246,1,2
2075,247,1,2
2075,248,1,2
2075,249,1,2
2075,250,1,2
2075,251,1,2
2075,252,1,2
2075,253,1,2
2075,254,1,2
2075,255,1,2
2075,256,1,2
2075,257,1,2
2075,258,1,2
2075,259,1,2
2075,260,1,2
2075,261,1,2
2075,262,1,2
2075,263,1,2
2075,264,1,2
2075,265,1,2
2075,266,1,2
2075,267,1,2
2075,268,1,2
2075,269,1,2
2075,270,1,2
2075,271,1,2
2075,272,1,2
2075,273,1,2
2075,274,1,2
2075,275,1,2
2075,276,1,2
2075,277,1,2
2075,278,1,2
2075,279,1,2
2075,280,1,2
2075,281,1,2
2075,282,1,2
2075,283,1,2
2075,284,1,2
2075,285,1,2
2075,286,1,2
2075,287,1,2
2075,288,1,2
2075,289,1,2
2075,290,1,2
2075,291,1,2
2075,292,1,2
2075,293,1,2
2075,294,1,2
2075,295,1,2
2075,296,1,2
2075,297,1,2
2075,298,1,2
2075,299,1,2
2075,300,1,2
2075,301,1,2
2075,302,1,2
2075,303,1,2
2075,304,1,2
2075,305,1,2
2075,306,1,2
2075,307,1,2
2075,308,1,2
2075,309,1,2
2075,310,1,2
2075,311,1,2
2075,312,1,2
2075,313,1,2
2075,314,1,2
2075,315,1,2
2075,316,1,2
2075,317,1,2
2075,318,1,2
2075,319,1,2
2075,320,1,2
2075,321,1,2
2075,322,1,2
2075,323,1,2
2075,324,1,2
2075,325,1,2
2075,326,1,2
2075,327,1,2
2075,328,1,2
2075,329,1,2
2075,330,1,2
2075,331,1,2
2075,332,1,2
2075,333,1,2
2075,334,1,2
2075,335,1,2
2075,336,1,2
2075,337,1,2
2075,338,1,2
2075,339,1,2
2075,340,1,2
2075,341,1,2
2075,342,1,2
2075,343,1,2
2075,344,1,2
2075,345,1,2
2075,346,1,2
2075,347,1,2
2075,348,1,2
2075,349,1,2
2075,350,1,2
2075,351,1,2
2075,352,1,2
2075,353,1,2
2075,354,1,2
2075,355,1,2
2075,356,1,2
2075,357,1,2
2075,358,1,2
2075,359,1,2
2075,360,1,2
2075,361,1,2
2075,362,1,2
2075,363,1,2
2075,364,1,2
2075,365,1,2
2075,366,1,2
2075,367,1,2
2075,368,1,2
2075,369,1,2
2075,370,1,2
2075,371,1,2
2075,372,1,2
2075,373,1,2
2075,374,1,2
2075,375,1,2
2075,376,1,2
2075,377,1,2
2075,378,1,2
2075,379,1,2
2075,380,1,2
2075,381,1,2
2075,382,1,2
2075,383,1,2
2075,384,1,2
2075,385,1,2
2075,386,1,2
2075,387,1,2
2075,388,1,2
2075,389,1,2
2075,390,1,2
2075,391,1,2
2075,392,1,2
2075,393,1,2
2075,394,1,2
2075,395,1,2
2075,396,1,2
2075,397,1,2
2075,398,1,2
2075,399,1,2
2075,400,1,2
2075,401,1,2
2075,402,1,2
2075,403,1,2
2075,404,1,2
2075,405,1,2
2075,406,1,2
2075,407,1,2
2075,408,1,2
2075,409,1,2
2075,410,1,2
2075,411,1,2
2075,412,1,2
2075,413,1,2
2075,414,1,2
2075,415,1,2
2075,416,1,2
2075,417,1,2
2075,418,1,2
2075,419,1,2
2075,420,1,2
2075,421,1,2
2075,422,1,2
2075,423,1,2
2075,424,1,2
2075,425,1,2
2075,426,1,2
2075,427,1,2
2075,428,1,2
2075,429,1,2
2075,430,1,2
2075,431,1,2
2075,432,1,2
2075,433,1,2
2075,434,1,2
2075,435,1,2
2075,436,1,2
2075,437,1,2
2075,438,1,2
2075,439,1,2
2075,440,1,2
2075,441,1,2
2075,442,1,2
2075,443,1,2
2075,444,1,2
2075,445,1,2
2075,446,1,2
2075,447,1,2
2075,448,1,2
2075,449,1,2
2075,450,1,2
2075,451,1,2
2075,452,1,2
2075,453,1,2
2075,454,1,2
2075,455,1,2
2075,456,1,2
2075,457,1,2
2075,458,1,2
2075,459,1,2
2075,460,1,2
2075,461,1,2
2075,462,1,2
2075,463,1,2
2075,464,1,2
2075,465,1,2
2075,466,1,2
2075,467,1,2
2075,468,1,2
2075,469,1,2
2075,470,1,2
2075,471,1,2
2075,472,1,2
2075,473,1,2
2075,474,1,2
2075,475,1,2
2075,476,1,2
2075,477,1,2
2075,478,1,2
2075,479,1,2
2075,480,1,2
2075,481,1,2
2075,482,1,2
2075,483,1,2
2075,484,1,2
2075,485,1,2
2075,486,1,2
2075,487,1,2
2075,488,1,2
2075,489,1,2
2075,490,1,2
2075,491,1,2
2075,492,1,2
2075,493,1,2
2075,494,1,2
2075,495,1,2
2075,496,1,2
2075,497,1,2
2075,498,1,2
2075,499,1,2
2075,500,1,2
2075,501,1,2
2075,502,1,2
2075,503,1,2
2075,504,1,2
2075,505,1,2
2075,506,1,2
2075,507,1,2
2075,508,1,2
2075,509,1,2
2075,510,1,2
2075,511,1,2
2075,512,1,2
2075,513,1,2
2075,514,1,2
2075,515,1,2
2075,516,1,2
2075,517,1,2
2075,518,1,2
2075,519,1,2
2075,520,1,2
2075,521,1,2
2075,522,1,2
2075,523,1,2
2075,524,1,2
2075,525,1,2
2075,526,1,2
2075,527,1,2
2075,528,1,2
2075,529,1,2
2075,530,1,2
2075,531,1,2
2075,532,1,2
2075,533,1,2
2075,534,1,2
2075,535,1,2
2075,536,1,2
2075,537,1,2
2075,538,1,2
2075,539,1,2
2075,540,1,2
2075,541,1,2
2075,542,1,2
2075,543,1,2
2075,544,1,2
2075,545,1,2
2075,546,1,2
2075,547,1,2
2075,548,1,2
2075,549,1,2
2075,550,1,2
2075,551,1,2
2075,552,1,2
2075,553,1,2
2075,554,1,2
2075,555,1,2
2075,556,1,2
2075,557,1,2
2075,558,1,2
2075,559,1,2
2075,560,1,2
2075,561,1,2
2075,562,1,2
2075,563,1,2
2075,564,1,2
2075,565,1,2
2075,566,1,2
2075,567,1,2
2075,568,1,2
2075,569,1,2
2075,570,1,2
2075,571,1,2
2075,572,1,2
2075,573,1,2
2075,574,1,2
2075,575,1,2
2075,576,1,2
2075,577,1,2
2075,578,1,2
2075,579,1,2
2075,580,1,2
2075,581,1,2
2075,582,1,2
2075,583,1,2
2075,584,1,3
2075,585,1,3
2075,586,1,3
2075,587,1,3
2075,588,1,3
2075,589,1,3
2075,590,1,3
2075,591,1,3
2075,592,1,3
2075,593,1,3
2075,594,1,3
2075,595,1,3
2075,596,1,3
2075,597,1,3
2075,598,1,3
2075,599,1,3
2075,600,1,3
2075,601,1,3
2075,602,1,3
2075,603,1,3
2075,604,1,3
2075,605,1,3
2075,606,1,3
2075,607,1,3
2075,608,1,3
2075,609,1,3
2075,610,1,3
2075,611,1,3
2075,612,1,3
2075,613,1,3
2075,614,1,3
2075,615,1,3
2075,616,1,3
2075,617,1,3
2075,618,1,3
2075,619,1,3
2075,620,1,3
2075,621,1,3
2075,622,1,3
2075,623,1,3
2075,624,1,3
2075,625,1,3
2075,626,1,3
2075,627,1,3
2075,628,1,2
2075,629,1,2
2076,134,1,2
2076,135,1,2
2076,136,1,2
2076,137,1,2
2076,138,1,2
2076,139,1,2
2076,140,1,2
2076,141,1,2
2076,142,1,2
2076,143,1,2
2076,144,1,2
2076,145,1,2
2076,146,1,2
2076,147,1,2
2076,148,1,2
2076,149,1,2
2076,150,1,2
2076,151,1,2
2076,152,1,2
2076,153,1,2
2076,154,1,2
2076,155,1,2
2076,156,1,2
2076,157,1,2
2076,158,1,2
2076,159,1,2
2076,160,1,2
2076,161,1,2
2076,162,1,2
2076,163,1,2
2076,164,1,2
2076,165,1,2
2076,166,1,2
2076,167,1,2
2076,168,1,2
2076,169,1,2
2076,170,1,2
2076,171,1,2
2076,172,1,2
2076,173,1,2
2076,174,1,2
2076,175,1,2
2076,176,1,2
2076,177,1,2
2076,178,1,2
2076,179,1,2
2076,180,1,2
2076,181,1,2
2076,182,1,2
2076,183,1,2
2076,184,1,2
2076,185,1,2
2076,186,1,2
2076,187,1,2
2076,188,1,2
2076,189,1,2
2076,190,1,2
2076,191,1,2
2076,192,1,2
2076,193,1,2
2076,194,1,2
2076,195,1,2
2076,196,1,2
2076,197,1,2
2076,198,1,2
2076,199,1,2
2076,200,1,2
2076,201,1,2
2076,202,1,2
2076,203,1,2
2076,204,1,2
2076,205,1,2
2076,206,1,2
2076,207,1,2
2076,208,1,2
2076,209,1,2
2076,210,1,2
2076,211,1,2
2076,212,1,2
2076,213,1,2
2076,214,1,2
2076,215,1,2
2076,216,1,2
2076,217,1,2
2076,218,1,2
2076,219,1,2
2076,220,1,2
2076,221,1,2
2076,222,1,2
2076,223,1,2
2076,224,1,2
2076,225,1,2
2076,226,1,2
2076,227,1,2
2076,228,1,2
2076,229,1,2
2076,230,1,2
2076,231,1,2
2076,232,1,2
2076,233,1,2
2076,234,1,2
2076,235,1,2
2076,236,1,2
2076,237,1,2
2076,238,1,2
2076,239,1,2
2076,240,1,2
2076,241,1,2
2076,242,1,2
2076,243,1,2
2076,244,1,2
2076,245,1,2
2076,246,1,2
2076,247,1,2
2076,248,1,2
2076,249,1,2
2076,250,1,2
2076,251,1,2
2076,252,1,2
2076,253,1,2
2076,254,1,2
2076,255,1,2
2076,256,1,2
2076,257,1,2
2076,258,1,2
2076,259,1,2
2076,260,1,2
2076,261,1,2
2076,262,1,2
2076,263,1,2
2076,264,1,2
2076,265,1,2
2076,266,1,2
2076,267,1,2
2076,268,1,2
2076,269,1,2
2076,270,1,2
2076,271,1,2
2076,272,1,2
2076,273,1,2
2076,274,1,2
2076,275,1,2
2076,276,1,2
2076,277,1,2
2076,278,1,2
2076,279,1,2
2076,280,1,2
2076,281,1,2
2076,282,1,2
2076,283,1,2
2076,284,1,2
2076,285,1,2
2076,286,1,2
2076,287,1,2
2076,288,1,2
2076,289,1,2
2076,290,1,2
2076,291,1,2
2076,292,1,2
2076,293,1,2
2076,294,1,2
2076,295,1,2
2076,296,1,2
2076,297,1,2
2076,298,1,2
2076,299,1,2
2076,300,1,2
2076,301,1,2
2076,302,1,2
2076,303,1,2
2076,304,1,2
2076,305,1,2
2076,306,1,2
2076,307,1,2
2076,308,1,2
2076,309,1,2
2076,310,1,2
2076,311,1,2
2076,312,1,2
2076,313,1,2
2076,314,1,2
2076,315,1,2
2076,316,1,2
2076,317,1,2
2076,318,1,2
2076,319,1,2
2076,320,1,2
2076,321,1,2
2076,322,1,2
2076,323,1,2
2076,324,1,2
2076,325,1,2
2076,326,1,2
2076,327,1,2
2076,328,1,2
2076,329,1,2
2076,330,1,2
2076,331,1,2
2076,332,1,2
2076,333,1,2
2076,334,1,2
2076,335,1,2
2076,336,1,2
2076,337,1,2
2076,338,1,2
2076,339,1,2
2076,340,1,2
2076,341,1,2
2076,342,1,2
2076,343,1,2
2076,344,1,2
2076,345,1,2
2076,346,1,2
2076,347,1,2
2076,348,1,2
2076,349,1,2
2076,350,1,2
2076,351,1,2
2076,352,1,2
2076,353,1,2
2076,354,1,2
2076,355,1,2
2076,356,1,2
2076,357,1,2
2076,358,1,2
2076,359,1,2
2076,360,1,2
2076,361,1,2
2076,362,1,2
2076,363,1,2
2076,364,1,2
2076,365,1,2
2076,366,1,2
2076,367,1,2
2076,368,1,2
2076,369,1,2
2076,370,1,2
2076,371,1,2
2076,372,1,2
2076,373,1,2
2076,374,1,2
2076,375,1,2
2076,376,1,2
2076,377,1,2
2076,378,1,2
2076,379,1,2
2076,380,1,2
2076,381,1,2
2076,382,1,2
2076,383,1,2
2076,384,1,2
2076,385,1,2
2076,386,1,2
2076,387,1,2
2076,388,1,2
2076,389,1,2
2076,390,1,2
2076,391,1,2
2076,392,1,2
2076,393,1,2
2076,394,1,2
2076,395,1,2
2076,396,1,2
2076,397,1,2
2076,398,1,2
2076,399,1,2
2076,400,1,2
2076,401,1,2
2076,402,1,2
2076,403,1,2
2076,404,1,2
2076,405,1,2
2076,406,1,2
2076,407,1,2
2076,408,1,2
2076,409,1,2
2076,410,1,2
2076,411,1,2
2076,412,1,2
2076,413,1,2
2076,414,1,2
2076,415,1,2
2076,416,1,2
2076,417,1,2
2076,418,1,2
2076,419,1,2
2076,420,1,2
2076,421,1,2
2076,422,1,2
2076,423,1,2
2076,424,1,2
2076,425,1,2
2076,426,1,2
2076,427,1,2
2076,428,1,2
2076,429,1,2
2076,430,1,2
2076,431,1,2
2076,432,1,2
2076,433,1,2
2076,434,1,2
2076,435,1,2
2076,436,1,2
2076,437,1,2
2076,438,1,2
2076,439,1,2
2076,440,1,2
2076,441,1,2
2076,442,1,2
2076,443,1,2
2076,444,1,2
2076,445,1,2
2076,446,1,2
2076,447,1,2
2076,448,1,2
2076,449,1,2
2076,450,1,2
2076,451,1,2
2076,452,1,2
2076,453,1,2
2076,454,1,2
2076,455,1,2
2076,456,1,2
2076,457,1,2
2076,458,1,2
2076,459,1,2
2076,460,1,2
2076,461,1,2
2076,462,1,2
2076,463,1,2
2076,464,1,2
2076,465,1,2
2076,466,1,2
2076,467,1,2
2076,468,1,2
2076,469,1,2
2076,470,1,2
2076,471,1,2
2076,472,1,2
2076,473,1,2
2076,474,1,2
2076,475,1,2
2076,476,1,2
2076,477,1,2
2076,478,1,2
2076,479,1,2
2076,480,1,2
2076,481,1,2
2076,482,1,2
2076,483,1,2
2076,484,1,2
2076,485,1,2
2076,486,1,2
2076,487,1,2
2076,488,1,2
2076,489,1,2
2076,490,1,2
2076,491,1,2
2076,492,1,2
2076,493,1,2
2076,494,1,2
2076,495,1,2
2076,496,1,2
2076,497,1,2
2076,498,1,2
2076,499,1,2
2076,500,1,2
2076,501,1,2
2076,502,1,2
2076,503,1,2
2076,504,1,2
2076,505,1,2
2076,506,1,2
2076,507,1,2
2076,508,1,2
2076,509,1,2
2076,510,1,2
2076,511,1,2
2076,512,1,2
2076,513,1,2
2076,514,1,2
2076,515,1,2
2076,516,1,2
2076,517,1,2
2076,518,1,2
2076,519,1,2
2076,520,1,2
2076,521,1,2
2076,522,1,2
2076,523,1,2
2076,524,1,2
2076,525,1,2
2076,526,1,2
2076,527,1,2
2076,528,1,2
2076,529,1,2
2076,530,1,2
2076,531,1,2
2076,532,1,2
2076,533,1,2
2076,534,1,2
2076,535,1,2
2076,536,1,2
2076,537,1,2
2076,538,1,2
2076,539,1,2
2076,540,1,2
2076,541,1,2
2076,542,1,2
2076,543,1,2
2076,544,1,2
2076,545,1,2
2076,546,1,2
2076,547,1,2
2076,548,1,2
2076,549,1,2
2076,550,1,2
2076,551,1,2
2076,552,1,2
2076,553,1,2
2076,554,1,2
2076,555,1,2
2076,556,1,2
2076,557,1,2
2076,558,1,2
2076,559,1,2
2076,560,1,2
2076,561,1,2
2076,562,1,2
2076,563,1,2
2076,564,1,2
2076,565,1,2
2076,566,1,2
2076,567,1,2
2076,568,1,2
2076,569,1,2
2076,570,1,2
2076,571,1,2
2076,572,1,2
2076,573,1,2
2076,574,1,2
2076,575,1,2
2076,576,1,2
2076,577,1,2
2076,578,1,2
2076,579,1,2
2076,580,1,2
2076,581,1,2
2076,582,1,2
2076,583,1,2
2076,584,1,3
2076,585,1,3
2076,586,1,3
2076,587,1,3
2076,588,1,3
2076,589,1,3
2076,590,1,3
2076,591,1,3
2076,592,1,3
2076,593,1,3
2076,594,1,3
2076,595,1,3
2076,596,1,3
2076,597,1,3
2076,598,1,3
2076,599,1,3
2076,600,1,3
2076,601,1,3
2076,602,1,3
2076,603,1,3
2076,604,1,3
2076,605,1,3
2076,606,1,3
2076,607,1,3
2076,608,1,3
2076,609,1,3
2076,610,1,3
2076,611,1,3
2076,612,1,3
2076,613,1,3
2076,614,1,3
2076,615,1,3
2076,616,1,3
2076,617,1,3
2076,618,1,3
2076,619,1,3
2076,620,1,3
2076,621,1,3
2076,622,1,3
2076,623,1,3
2076,624,1,3
2076,625,1,3
2076,626,1,3
2076,627,1,3
2076,628,1,3
2076,629,1,2
2077,135,1,2
2077,136,1,2
2077,137,1,2
2077,138,1,2
2077,139,1,2
2077,140,1,2
2077,141,1,2
2077,142,1,2
2077,143,1,2
2077,144,1,2
2077,145,1,2
2077,146,1,2
2077,147,1,2
2077,148,1,2
2077,149,1,2
2077,150,1,2
2077,151,1,2
2077,152,1,2
2077,153,1,2
2077,154,1,2
2077,155,1,2
2077,156,1,2
2077,157,1,2
2077,158,1,2
2077,159,1,2
2077,160,1,2
2077,161,1,2
2077,162,1,2
2077,163,1,2
2077,164,1,2
2077,165,1,2
2077,166,1,2
2077,167,1,2
2077,168,1,2
2077,169,1,2
2077,170,1,2
2077,171,1,2
2077,172,1,2
2077,173,1,2
2077,174,1,2
2077,175,1,2
2077,176,1,2
2077,177,1,2
2077,178,1,2
2077,179,1,2
2077,180,1,2
2077,181,1,2
2077,182,1,2
2077,183,1,2
2077,184,1,2
2077,185,1,2
2077,186,1,2
2077,187,1,2
2077,188,1,2
2077,189,1,2
2077,190,1,2
2077,191,1,2
2077,192,1,2
2077,193,1,2
2077,194,1,2
2077,195,1,2
2077,196,1,2
2077,197,1,2
2077,198,1,2
2077,199,1,2
2077,200,1,2
2077,201,1,2
2077,202,1,2
2077,203,1,2
2077,204,1,2
2077,205,1,2
2077,206,1,2
2077,207,1,2
2077,208,1,2
2077,209,1,2
2077,210,1,2
2077,211,1,2
2077,212,1,2
2077,213,1,2
2077,214,1,2
2077,215,1,2
2077,216,1,2
2077,217,1,2
2077,218,1,2
2077,219,1,2
2077,220,1,2
2077,221,1,2
2077,222,1,2
2077,223,1,2
2077,224,1,2
2077,225,1,2
2077,226,1,2
2077,227,1,2
2077,228,1,2
2077,229,1,2
2077,230,1,2
2077,231,1,2
2077,232,1,2
2077,233,1,2
2077,234,1,2
2077,235,1,2
2077,236,1,2
2077,237,1,2
2077,238,1,2
2077,239,1,2
2077,240,1,2
2077,241,1,2
2077,242,1,2
2077,243,1,2
2077,244,1,2
2077,245,1,2
2077,246,1,2
2077,247,1,2
2077,248,1,2
2077,249,1,2
2077,250,1,2
2077,251,1,2
2077,252,1,2
2077,253,1,2
2077,254,1,2
2077,255,1,2
2077,256,1,2
2077,257,1,2
2077,258,1,2
2077,259,1,2
2077,260,1,2
2077,261,1,2
2077,262,1,2
2077,263,1,2
2077,264,1,2
2077,265,1,2
2077,266,1,2
2077,267,1,2
2077,268,1,2
2077,269,1,2
2077,270,1,2
2077,271,1,2
2077,272,1,2
2077,273,1,2
2077,274,1,2
2077,275,1,2
2077,276,1,2
2077,277,1,2
2077,278,1,2
2077,279,1,2
2077,280,1,2
2077,281,1,2
2077,282,1,2
2077,283,1,2
2077,284,1,2
2077,285,1,2
2077,286,1,2
2077,287,1,2
2077,288,1,2
2077,289,1,2
2077,290,1,2
2077,291,1,2
2077,292,1,2
2077,293,1,2
2077,294,1,2
2077,295,1,2
2077,296,1,2
2077,297,1,2
2077,298,1,2
2077,299,1,2
2077,300,1,2
2077,301,1,2
2077,302,1,2
2077,303,1,2
2077,304,1,2
2077,305,1,2
2077,306,1,2
2077,307,1,2
2077,308,1,2
2077,309,1,2
2077,310,1,2
2077,311,1,2
2077,312,1,2
2077,313,1,2
2077,314,1,2
2077,315,1,2
2077,316,1,2
2077,317,1,2
2077,318,1,2
2077,319,1,2
2077,320,1,2
2077,321,1,2
2077,322,1,2
2077,323,1,2
2077,324,1,2
2077,325,1,2
2077,326,1,2
2077,327,1,2
2077,328,1,2
2077,329,1,2
2077,330,1,2
2077,331,1,2
2077,332,1,2
2077,333,1,2
2077,334,1,2
2077,335,1,2
2077,336,1,2
2077,337,1,2
2077,338,1,2
2077,339,1,2
2077,340,1,2
2077,341,1,2
2077,342,1,2
2077,343,1,2
2077,344,1,2
2077,345,1,2
2077,346,1,2
2077,347,1,2
2077,348,1,2
2077,349,1,2
2077,350,1,2
2077,351,1,2
2077,352,1,2
2077,353,1,2
2077,354,1,2
2077,355,1,2
2077,356,1,2
2077,357,1,2
2077,358,1,2
2077,359,1,2
2077,360,1,2
2077,361,1,2
2077,362,1,2
2077,363,1,2
2077,364,1,2
2077,365,1,2
2077,366,1,2
2077,367,1,2
2077,368,1,2
2077,369,1,2
2077,370,1,2
2077,371,1,2
2077,372,1,2
2077,373,1,2
2077,374,1,2
2077,375,1,2
2077,376,1,2
2077,377,1,2
2077,378,1,2
2077,379,1,2
2077,380,1,2
2077,381,1,2
2077,382,1,2
2077,383,1,2
2077,384,1,2
2077,385,1,2
2077,386,1,2
2077,387,1,2
2077,388,1,2
2077,389,1,2
2077,390,1,2
2077,391,1,2
2077,392,1,2
2077,393,1,2
2077,394,1,2
2077,395,1,2
2077,396,1,2
2077,397,1,2
2077,398,1,2
2077,399,1,2
2077,400,1,2
2077,401,1,2
2077,402,1,2
2077,403,1,2
2077,404,1,2
2077,405,1,2
2077,406,1,2
2077,407,1,2
2077,408,1,2
2077,409,1,2
2077,410,1,2
2077,411,1,2
2077,412,1,2
2077,413,1,2
2077,414,1,2
2077,415,1,2
2077,416,1,2
2077,417,1,2
2077,418,1,2
2077,419,1,2
2077,420,1,2
2077,421,1,2
2077,422,1,2
2077,423,1,2
2077,424,1,2
2077,425,1,2
2077,426,1,2
2077,427,1,2
2077,428,1,2
2077,429,1,2
2077,430,1,2
2077,431,1,2
2077,432,1,2
2077,433,1,2
2077,434,1,2
2077,435,1,2
2077,436,1,2
2077,437,1,2
2077,438,1,2
2077,439,1,2
2077,440,1,2
2077,441,1,2
2077,442,1,2
2077,443,1,2
2077,444,1,2
2077,445,1,2
2077,446,1,2
2077,447,1,2
2077,448,1,2
2077,449,1,2
2077,450,1,2
2077,451,1,2
2077,452,1,2
2077,453,1,2
2077,454,1,2
2077,455,1,2
2077,456,1,2
2077,457,1,2
2077,458,1,2
2077,459,1,2
2077,460,1,2
2077,461,1,2
2077,462,1,2
2077,463,1,2
2077,464,1,2
2077,465,1,2
2077,466,1,2
2077,467,1,2
2077,468,1,2
2077,469,1,2
2077,470,1,2
2077,471,1,2
2077,472,1,2
2077,473,1,2
2077,474,1,2
2077,475,1,2
2077,476,1,2
2077,477,1,2
2077,478,1,2
2077,479,1,2
2077,480,1,2
2077,481,1,2
2077,482,1,2
2077,483,1,2
2077,484,1,2
2077,485,1,2
2077,486,1,2
2077,487,1,2
2077,488,1,2
2077,489,1,2
2077,490,1,2
2077,491,1,2
2077,492,1,2
2077,493,1,2
2077,494,1,2
2077,495,1,2
2077,496,1,2
2077,497,1,2
2077,498,1,2
2077,499,1,2
2077,500,1,2
2077,501,1,2
2077,502,1,2
2077,503,1,2
2077,504,1,2
2077,505,1,2
2077,506,1,2
2077,507,1,2
2077,508,1,2
2077,509,1,2
2077,510,1,2
2077,511,1,2
2077,512,1,2
2077,513,1,2
2077,514,1,2
2077,515,1,2
2077,516,1,2
2077,517,1,2
2077,518,1,2
2077,519,1,2
2077,520,1,2
2077,521,1,2
2077,522,1,2
2077,523,1,2
2077,524,1,2
2077,525,1,2
2077,526,1,2
2077,527,1,2
2077,528,1,2
2077,529,1,2
2077,530,1,2
2077,531,1,2
2077,532,1,2
2077,533,1,2
2077,534,1,2
2077,535,1,2
2077,536,1,2
2077,537,1,2
2077,538,1,2
2077,539,1,2
2077,540,1,2
2077,541,1,2
2077,542,1,2
2077,543,1,2
2077,544,1,2
2077,545,1,2
2077,546,1,2
2077,547,1,2
2077,548,1,2
2077,549,1,2
2077,550,1,2
2077,551,1,2
2077,552,1,2
2077,553,1,2
2077,554,1,2
2077,555,1,2
2077,556,1,2
2077,557,1,2
2077,558,1,2
2077,559,1,2
2077,560,1,2
2077,561,1,2
2077,562,1,2
2077,563,1,2
2077,564,1,2
2077,565,1,2
2077,566,1,2
2077,567,1,2
2077,568,1,2
2077,569,1,2
2077,570,1,2
2077,571,1,2
2077,572,1,2
2077,573,1,2
2077,574,1,2
2077,575,1,2
2077,576,1,2
2077,577,1,2
2077,578,1,2
2077,579,1,2
2077,580,1,2
2077,581,1,2
2077,582,1,2
2077,583,1,2
2077,584,1,3
2077,585,1,3
2077,586,1,3
2077,587,1,3
2077,588,1,3
2077,589,1,3
2077,590,1,3
2077,591,1,3
2077,592,1,3
2077,593,1,3
2077,594,1,3
2077,595,1,3
2077,596,1,3
2077,597,1,3
2077,598,1,3
2077,599,1,3
2077,600,1,3
2077,601,1,3
2077,602,1,3
2077,603,1,3
2077,604,1,3
2077,605,1,3
2077,606,1,3
2077,607,1,3
2077,608,1,3
2077,609,1,3
2077,610,1,3
2077,611,1,3
2077,612,1,3
2077,613,1,3
2077,614,1,3
2077,615,1,3
2077,616,1,3
2077,617,1,3
2077,618,1,3
2077,619,1,3
2077,620,1,3
2077,621,1,3
2077,622,1,3
2077,623,1,3
2077,624,1,3
2077,625,1,3
2077,626,1,3
2077,627,1,3
2077,628,1,3
2077,629,1,2
2078,135,1,2
2078,136,1,2
2078,137,1,2
2078,138,1,2
2078,139,1,2
2078,140,1,2
2078,141,1,2
2078,142,1,2
2078,143,1,2
2078,144,1,2
2078,145,1,2
2078,146,1,2
2078,147,1,2
2078,148,1,2
2078,149,1,2
2078,150,1,2
2078,151,1,2
2078,152,1,2
2078,153,1,2
2078,154,1,2
2078,155,1,2
2078,156,1,2
2078,157,1,2
2078,158,1,2
2078,159,1,2
2078,160,1,2
2078,161,1,2
2078,162,1,2
2078,163,1,2
2078,164,1,2
2078,165,1,2
2078,166,1,2
2078,167,1,2
2078,168,1,2
2078,169,1,2
2078,170,1,2
2078,171,1,2
2078,172,1,2
2078,173,1,2
2078,174,1,2
2078,175,1,2
2078,176,1,2
2078,177,1,2
2078,178,1,2
2078,179,1,2
2078,180,1,2
2078,181,1,2
2078,182,1,2
2078,183,1,2
2078,184,1,2
2078,185,1,2
2078,186,1,2
2078,187,1,2
2078,188,1,2
2078,189,1,2
2078,190,1,2
2078,191,1,2
2078,192,1,2
2078,193,1,2
2078,194,1,2
2078,195,1,2
2078,196,1,2
2078,197,1,2
2078,198,1,2
2078,199,1,2
2078,200,1,2
2078,201,1,2
2078,202,1,2
2078,203,1,2
2078,204,1,2
2078,205,1,2
2078,206,1,2
2078,207,1,2
2078,208,1,2
2078,209,1,2
2078,210,1,2
2078,211,1,2
2078,212,1,2
2078,213,1,2
2078,214,1,2
2078,215,1,2
2078,216,1,2
2078,217,1,2
2078,218,1,2
2078,219,1,2
2078,220,1,2
2078,221,1,2
2078,222,1,2
2078,223,1,2
2078,224,1,2
2078,225,1,2
2078,226,1,2
2078,227,1,2
2078,228,1,2
2078,229,1,2
2078,230,1,2
2078,231,1,2
2078,232,1,2
2078,233,1,2
2078,234,1,2
2078,235,1,2
2078,236,1,2
2078,237,1,2
2078,238,1,2
2078,239,1,2
2078,240,1,2
2078,241,1,2
2078,242,1,2
2078,243,1,2
2078,244,1,2
2078,245,1,2
2078,246,1,2
2078,247,1,2
2078,248,1,2
2078,249,1,2
2078,250,1,2
2078,251,1,2
2078,252,1,2
2078,253,1,2
2078,254,1,2
2078,255,1,2
2078,256,1,2
2078,257,1,2
2078,258,1,2
2078,259,1,2
2078,260,1,2
2078,261,1,2
2078,262,1,2
2078,263,1,2
2078,264,1,2
2078,265,1,2
2078,266,1,2
2078,267,1,2
2078,268,1,2
2078,269,1,2
2078,270,1,2
2078,271,1,2
2078,272,1,2
2078,273,1,2
2078,274,1,2
2078,275,1,2
2078,276,1,2
2078,277,1,2
2078,278,1,2
2078,279,1,2
2078,280,1,2
2078,281,1,2
2078,282,1,2
2078,283,1,2
2078,284,1,2
2078,285,1,2
2078,286,1,2
2078,287,1,2
2078,288,1,2
2078,289,1,2
2078,290,1,2
2078,291,1,2
2078,292,1,2
2078,293,1,2
2078,294,1,2
2078,295,1,2
2078,296,1,2
2078,297,1,2
2078,298,1,2
2078,299,1,2
2078,300,1,2
2078,301,1,2
2078,302,1,2
2078,303,1,2
2078,304,1,2
2078,305,1,2
2078,306,1,2
2078,307,1,2
2078,308,1,2
2078,309,1,2
2078,310,1,2
2078,311,1,2
2078,312,1,2
2078,313,1,2
2078,314,1,2
2078,315,1,2
2078,316,1,2
2078,317,1,2
2078,318,1,2
2078,319,1,2
2078,320,1,2
2078,321,1,2
2078,322,1,2
2078,323,1,2
2078,324,1,2
2078,325,1,2
2078,326,1,2
2078,327,1,2
2078,328,1,2
2078,329,1,2
2078,330,1,2
2078,331,1,2
2078,332,1,2
2078,333,1,2
2078,334,1,2
2078,335,1,2
2078,336,1,2
2078,337,1,2
2078,338,1,2
2078,339,1,2
2078,340,1,2
2078,341,1,2
2078,342,1,2
2078,343,1,2
2078,344,1,2
2078,345,1,2
2078,346,1,2
2078,347,1,2
2078,348,1,2
2078,349,1,2
2078,350,1,2
2078,351,1,2
2078,352,1,2
2078,353,1,2
2078,354,1,2
2078,355,1,2
2078,356,1,2
2078,357,1,2
2078,358,1,2
2078,359,1,2
2078,360,1,2
2078,361,1,2
2078,362,1,2
2078,363,1,2
2078,364,1,2
2078,365,1,2
2078,366,1,2
2078,367,1,2
2078,368,1,2
2078,369,1,2
2078,370,1,2
2078,371,1,2
2078,372,1,2
2078,373,1,2
2078,374,1,2
2078,375,1,2
2078,376,1,2
2078,377,1,2
2078,378,1,2
2078,379,1,2
2078,380,1,2
2078,381,1,2
2078,382,1,2
2078,383,1,2
2078,384,1,2
2078,385,1,2
2078,386,1,2
2078,387,1,2
2078,388,1,2
2078,389,1,2
2078,390,1,2
2078,391,1,2
2078,392,1,2
2078,393,1,2
2078,394,1,2
2078,395,1,2
2078,396,1,2
2078,397,1,2
2078,398,1,2
2078,399,1,2
2078,400,1,2
2078,401,1,2
2078,402,1,2
2078,403,1,2
2078,404,1,2
2078,405,1,2
2078,406,1,2
2078,407,1,2
2078,408,1,2
2078,409,1,2
2078,410,1,2
2078,411,1,2
2078,412,1,2
2078,413,1,2
2078,414,1,2
2078,415,1,2
2078,416,1,2
2078,417,1,2
2078,418,1,2
2078,419,1,2
2078,420,1,2
2078,421,1,2
2078,422,1,2
2078,423,1,2
2078,424,1,2
2078,425,1,2
2078,426,1,2
2078,427,1,2
2078,428,1,2
2078,429,1,2
2078,430,1,2
2078,431,1,2
2078,432,1,2
2078,433,1,2
2078,434,1,2
2078,435,1,2
2078,436,1,2
2078,437,1,2
2078,438,1,2
2078,439,1,2
2078,440,1,2
2078,441,1,2
2078,442,1,2
2078,443,1,2
2078,444,1,2
2078,445,1,2
2078,446,1,2
2078,447,1,2
2078,448,1,2
2078,449,1,2
2078,450,1,2
2078,451,1,2
2078,452,1,2
2078,453,1,2
2078,454,1,2
2078,455,1,2
2078,456,1,2
2078,457,1,2
2078,458,1,2
2078,459,1,2
2078,460,1,2
2078,461,1,2
2078,462,1,2
2078,463,1,2
2078,464,1,2
2078,465,1,2
2078,466,1,2
2078,467,1,2
2078,468,1,2
2078,469,1,2
2078,470,1,2
2078,471,1,2
2078,472,1,2
2078,473,1,2
2078,474,1,2
2078,475,1,2
2078,476,1,2
2078,477,1,2
2078,478,1,2
2078,479,1,2
2078,480,1,2
2078,481,1,2
2078,482,1,2
2078,483,1,2
2078,484,1,2
2078,485,1,2
2078,486,1,2
2078,487,1,2
2078,488,1,2
2078,489,1,2
2078,490,1,2
2078,491,1,2
2078,492,1,2
2078,493,1,2
2078,494,1,2
2078,495,1,2
2078,496,1,2
2078,497,1,2
2078,498,1,2
2078,499,1,2
2078,500,1,2
2078,501,1,2
2078,502,1,2
2078,503,1,2
2078,504,1,2
2078,505,1,2
2078,506,1,2
2078,507,1,2
2078,508,1,2
2078,509,1,2
2078,510,1,2
2078,511,1,2
2078,512,1,2
2078,513,1,2
2078,514,1,2
2078,515,1,2
2078,516,1,2
2078,517,1,2
2078,518,1,2
2078,519,1,2
2078,520,1,2
2078,521,1,2
2078,522,1,2
2078,523,1,2
2078,524,1,2
2078,525,1,2
2078,526,1,2
2078,527,1,2
2078,528,1,2
2078,529,1,2
2078,530,1,2
2078,531,1,2
2078,532,1,2
2078,533,1,2
2078,534,1,2
2078,535,1,2
2078,536,1,2
2078,537,1,2
2078,538,1,2
2078,539,1,2
2078,540,1,2
2078,541,1,2
2078,542,1,2
2078,543,1,2
2078,544,1,2
2078,545,1,2
2078,546,1,2
2078,547,1,2
2078,548,1,2
2078,549,1,2
2078,550,1,2
2078,551,1,2
2078,552,1,2
2078,553,1,2
2078,554,1,2
2078,555,1,2
2078,556,1,2
2078,557,1,2
2078,558,1,2
2078,559,1,2
2078,560,1,2
2078,561,1,2
2078,562,1,2
2078,563,1,2
2078,564,1,2
2078,565,1,2
2078,566,1,2
2078,567,1,2
2078,568,1,2
2078,569,1,2
2078,570,1,2
2078,571,1,2
2078,572,1,2
2078,573,1,2
2078,574,1,2
2078,575,1,2
2078,576,1,2
2078,577,1,2
2078,578,1,2
2078,579,1,2
2078,580,1,2
2078,581,1,2
2078,582,1,2
2078,583,1,2
2078,584,1,3
2078,585,1,3
2078,586,1,3
2078,587,1,3
2078,588,1,3
2078,589,1,3
2078,590,1,3
2078,591,1,3
2078,592,1,3
2078,593,1,3
2078,594,1,3
2078,595,1,3
2078,596,1,3
2078,597,1,3
2078,598,1,3
2078,599,1,3
2078,600,1,3
2078,601,1,3
2078,602,1,3
2078,603,1,3
2078,604,1,3
2078,605,1,3
2078,606,1,3
2078,607,1,3
2078,608,1,3
2078,609,1,3
2078,610,1,3
2078,611,1,3
2078,612,1,3
2078,613,1,3
2078,614,1,3
2078,615,1,3
2078,616,1,3
2078,617,1,3
2078,618,1,3
2078,619,1,3
2078,620,1,3
2078,621,1,3
2078,622,1,3
2078,623,1,3
2078,624,1,3
2078,625,1,3
2078,626,1,3
2078,627,1,3
2078,628,1,3
2078,629,1,2
2079,136,1,2
2079,137,1,2
2079,138,1,2
2079,139,1,2
2079,140,1,2
2079,141,1,2
2079,142,1,2
2079,143,1,2
2079,144,1,2
2079,145,1,2
2079,146,1,2
2079,147,1,2
2079,148,1,2
2079,149,1,2
2079,150,1,2
2079,151,1,2
2079,152,1,2
2079,153,1,2
2079,154,1,2
2079,155,1,2
2079,156,1,2
2079,157,1,2
2079,158,1,2
2079,159,1,2
2079,160,1,2
2079,161,1,2
2079,162,1,2
2079,163,1,2
2079,164,1,2
2079,165,1,2
2079,166,1,2
2079,167,1,2
2079,168,1,2
2079,169,1,2
2079,170,1,2
2079,171,1,2
2079,172,1,2
2079,173,1,2
2079,174,1,2
2079,175,1,2
2079,176,1,2
2079,177,1,2
2079,178,1,2
2079,179,1,2
2079,180,1,2
2079,181,1,2
2079,182,1,2
2079,183,1,2
2079,184,1,2
2079,185,1,2
2079,186,1,2
2079,187,1,2
2079,188,1,2
2079,189,1,2
2079,190,1,2
2079,191,1,2
2079,192,1,2
2079,193,1,2
2079,194,1,2
2079,195,1,2
2079,196,1,2
2079,197,1,2
2079,198,1,2
2079,199,1,2
2079,200,1,2
2079,201,1,2
2079,202,1,2
2079,203,1,2
2079,204,1,2
2079,205,1,2
2079,206,1,2
2079,207,1,2
2079,208,1,2
2079,209,1,2
2079,210,1,2
2079,211,1,2
2079,212,1,2
2079,213,1,2
2079,214,1,2
2079,215,1,2
2079,216,1,2
2079,217,1,2
2079,218,1,2
2079,219,1,2
2079,220,1,2
2079,221,1,2
2079,222,1,2
2079,223,1,2
2079,224,1,2
2079,225,1,2
2079,226,1,2
2079,227,1,2
2079,228,1,2
2079,229,1,2
2079,230,1,2
2079,231,1,2
2079,232,1,2
2079,233,1,2
2079,234,1,2
2079,235,1,2
2079,236,1,2
2079,237,1,2
2079,238,1,2
2079,239,1,2
2079,240,1,2
2079,241,1,2
2079,242,1,2
2079,243,1,2
2079,244,1,2
2079,245,1,2
2079,246,1,2
2079,247,1,2
2079,248,1,2
2079,249,1,2
2079,250,1,2
2079,251,1,2
2079,252,1,2
2079,253,1,2
2079,254,1,2
2079,255,1,2
2079,256,1,2
2079,257,1,2
2079,258,1,2
2079,259,1,2
2079,260,1,2
2079,261,1,2
2079,262,1,2
2079,263,1,2
2079,264,1,2
2079,265,1,2
2079,266,1,2
2079,267,1,2
2079,268,1,2
2079,269,1,2
2079,270,1,2
2079,271,1,2
2079,272,1,2
2079,273,1,2
2079,274,1,2
2079,275,1,2
2079,276,1,2
2079,277,1,2
2079,278,1,2
2079,279,1,2
2079,280,1,2
2079,281,1,2
2079,282,1,2
2079,283,1,2
2079,284,1,2
2079,285,1,2
2079,286,1,2
2079,287,1,2
2079,288,1,2
2079,289,1,2
2079,290,1,2
2079,291,1,2
2079,292,1,2
2079,293,1,2
2079,294,1,2
2079,295,1,2
2079,296,1,2
2079,297,1,2
2079,298,1,2
2079,299,1,2
2079,300,1,2
2079,301,1,2
2079,302,1,2
2079,303,1,2
2079,304,1,2
2079,305,1,2
2079,306,1,2
2079,307,1,2
2079,308,1,2
2079,309,1,2
2079,310,1,2
2079,311,1,2
2079,312,1,2
2079,313,1,2
2079,314,1,2
2079,315,1,2
2079,316,1,2
2079,317,1,2
2079,318,1,2
2079,319,1,2
2079,320,1,2
2079,321,1,2
2079,322,1,2
2079,323,1,2
2079,324,1,2
2079,325,1,2
2079,326,1,2
2079,327,1,2
2079,328,1,2
2079,329,1,2
2079,330,1,2
2079,331,1,2
2079,332,1,2
2079,333,1,2
2079,334,1,2
2079,335,1,2
2079,336,1,2
2079,337,1,2
2079,338,1,2
2079,339,1,2
2079,340,1,2
2079,341,1,2
2079,342,1,2
2079,343,1,2
2079,344,1,2
2079,345,1,2
2079,346,1,2
2079,347,1,2
2079,348,1,2
2079,349,1,2
2079,350,1,2
2079,351,1,2
2079,352,1,2
2079,353,1,2
2079,354,1,2
2079,355,1,2
2079,356,1,2
2079,357,1,2
2079,358,1,2
2079,359,1,2
2079,360,1,2
2079,361,1,2
2079,362,1,2
2079,363,1,2
2079,364,1,2
2079,365,1,2
2079,366,1,2
2079,367,1,2
2079,368,1,2
2079,369,1,2
2079,370,1,2
2079,371,1,2
2079,372,1,2
2079,373,1,2
2079,374,1,2
2079,375,1,2
2079,376,1,2
2079,377,1,2
2079,378,1,2
2079,379,1,2
2079,380,1,2
2079,381,1,2
2079,382,1,2
2079,383,1,2
2079,384,1,2
2079,385,1,2
2079,386,1,2
2079,387,1,2
2079,388,1,2
2079,389,1,2
2079,390,1,2
2079,391,1,2
2079,392,1,2
2079,393,1,2
2079,394,1,2
2079,395,1,2
2079,396,1,2
2079,397,1,2
2079,398,1,2
2079,399,1,2
2079,400,1,2
2079,401,1,2
2079,402,1,2
2079,403,1,2
2079,404,1,2
2079,405,1,2
2079,406,1,2
2079,407,1,2
2079,408,1,2
2079,409,1,2
2079,410,1,2
2079,411,1,2
2079,412,1,2
2079,413,1,2
2079,414,1,2
2079,415,1,2
2079,416,1,2
2079,417,1,2
2079,418,1,2
2079,419,1,2
2079,420,1,2
2079,421,1,2
2079,422,1,2
2079,423,1,2
2079,424,1,2
2079,425,1,2
2079,426,1,2
2079,427,1,2
2079,428,1,2
2079,429,1,2
2079,430,1,2
2079,431,1,2
2079,432,1,2
2079,433,1,2
2079,434,1,2
2079,435,1,2
2079,436,1,2
2079,437,1,2
2079,438,1,2
2079,439,1,2
2079,440,1,2
2079,441,1,2
2079,442,1,2
2079,443,1,2
2079,444,1,2
2079,445,1,2
2079,446,1,2
2079,447,1,2
2079,448,1,2
2079,449,1,2
2079,450,1,2
2079,451,1,2
2079,452,1,2
2079,453,1,2
2079,454,1,2
2079,455,1,2
2079,456,1,2
2079,457,1,2
2079,458,1,2
2079,459,1,2
2079,460,1,2
2079,461,1,2
2079,462,1,2
2079,463,1,2
2079,464,1,2
2079,465,1,2
2079,466,1,2
2079,467,1,2
2079,468,1,2
2079,469,1,2
2079,470,1,2
2079,471,1,2
2079,472,1,2
2079,473,1,2
2079,474,1,2
2079,475,1,2
2079,476,1,2
2079,477,1,2
2079,478,1,2
2079,479,1,2
2079,480,1,2
2079,481,1,2
2079,482,1,2
2079,483,1,2
2079,484,1,2
2079,485,1,2
2079,486,1,2
2079,487,1,2
2079,488,1,2
2079,489,1,2
2079,490,1,2
2079,491,1,2
2079,492,1,2
2079,493,1,2
2079,494,1,2
2079,495,1,2
2079,496,1,2
2079,497,1,2
2079,498,1,2
2079,499,1,2
2079,500,1,2
2079,501,1,2
2079,502,1,2
2079,503,1,2
2079,504,1,2
2079,505,1,2
2079,506,1,2
2079,507,1,2
2079,508,1,2
2079,509,1,2
2079,510,1,2
2079,511,1,2
2079,512,1,2
2079,513,1,2
2079,514,1,2
2079,515,1,2
2079,516,1,2
2079,517,1,2
2079,518,1,2
2079,519,1,2
2079,520,1,2
2079,521,1,2
2079,522,1,2
2079,523,1,2
2079,524,1,2
2079,525,1,2
2079,526,1,2
2079,527,1,2
2079,528,1,2
2079,529,1,2
2079,530,1,2
2079,531,1,2
2079,532,1,2
2079,533,1,2
2079,534,1,2
2079,535,1,2
2079,536,1,2
2079,537,1,2
2079,538,1,2
2079,539,1,2
2079,540,1,2
2079,541,1,2
2079,542,1,2
2079,543,1,2
2079,544,1,2
2079,545,1,2
2079,546,1,2
2079,547,1,2
2079,548,1,2
2079,549,1,2
2079,550,1,2
2079,551,1,2
2079,552,1,2
2079,553,1,2
2079,554,1,2
2079,555,1,2
2079,556,1,2
2079,557,1,2
2079,558,1,2
2079,559,1,2
2079,560,1,2
2079,561,1,2
2079,562,1,2
2079,563,1,2
2079,564,1,2
2079,565,1,2
2079,566,1,2
2079,567,1,2
2079,568,1,2
2079,569,1,2
2079,570,1,2
2079,571,1,2
2079,572,1,2
2079,573,1,2
2079,574,1,2
2079,575,1,2
2079,576,1,2
2079,577,1,2
2079,578,1,2
2079,579,1,2
2079,580,1,2
2079,581,1,2
2079,582,1,2
2079,583,1,2
2079,584,1,3
2079,585,1,3
2079,586,1,3
2079,587,1,3
2079,588,1,3
2079,589,1,3
2079,590,1,3
2079,591,1,3
2079,592,1,3
2079,593,1,3
2079,594,1,3
2079,595,1,3
2079,596,1,3
2079,597,1,3
2079,598,1,3
2079,599,1,3
2079,600,1,3
2079,601,1,3
2079,602,1,3
2079,603,1,3
2079,604,1,3
2079,605,1,3
2079,606,1,3
2079,607,1,3
2079,608,1,3
2079,609,1,3
2079,610,1,3
2079,611,1,3
2079,612,1,3
2079,613,1,3
2079,614,1,3
2079,615,1,3
2079,616,1,3
2079,617,1,3
2079,618,1,3
2079,619,1,3
2079,620,1,3
2079,621,1,3
2079,622,1,3
2079,623,1,3
2079,624,1,3
2079,625,1,3
2079,626,1,3
2079,627,1,3
2079,628,1,3
2079,629,1,2
2080,136,1,2
2080,137,1,2
2080,138,1,2
2080,139,1,2
2080,140,1,2
2080,141,1,2
2080,142,1,2
2080,143,1,2
2080,144,1,2
2080,145,1,2
2080,146,1,2
2080,147,1,2
2080,148,1,2
2080,149,1,2
2080,150,1,2
2080,151,1,2
2080,152,1,2
2080,153,1,2
2080,154,1,2
2080,155,1,2
2080,156,1,2
2080,157,1,2
2080,158,1,2
2080,159,1,2
2080,160,1,2
2080,161,1,2
2080,162,1,2
2080,163,1,2
2080,164,1,2
2080,165,1,2
2080,166,1,2
2080,167,1,2
2080,168,1,2
2080,169,1,2
2080,170,1,2
2080,171,1,2
2080,172,1,2
2080,173,1,2
2080,174,1,2
2080,175,1,2
2080,176,1,2
2080,177,1,2
2080,178,1,2
2080,179,1,2
2080,180,1,2
2080,181,1,2
2080,182,1,2
2080,183,1,2
2080,184,1,2
2080,185,1,2
2080,186,1,2
2080,187,1,2
2080,188,1,2
2080,189,1,2
2080,190,1,2
2080,191,1,2
2080,192,1,2
2080,193,1,2
2080,194,1,2
2080,195,1,2
2080,196,1,2
2080,197,1,2
2080,198,1,2
2080,199,1,2
2080,200,1,2
2080,201,1,2
2080,202,1,2
2080,203,1,2
2080,204,1,2
2080,205,1,2
2080,206,1,2
2080,207,1,2
2080,208,1,2
2080,209,1,2
2080,210,1,2
2080,211,1,2
2080,212,1,2
2080,213,1,2
2080,214,1,2
2080,215,1,2
2080,216,1,2
2080,217,1,2
2080,218,1,2
2080,219,1,2
2080,220,1,2
2080,221,1,2
2080,222,1,2
2080,223,1,2
2080,224,1,2
2080,225,1,2
2080,226,1,2
2080,227,1,2
2080,228,1,2
2080,229,1,2
2080,230,1,2
2080,231,1,2
2080,232,1,2
2080,233,1,2
2080,234,1,2
2080,235,1,2
2080,236,1,2
2080,237,1,2
2080,238,1,2
2080,239,1,2
2080,240,1,2
2080,241,1,2
2080,242,1,2
2080,243,1,2
2080,244,1,2
2080,245,1,2
2080,246,1,2
2080,247,1,2
2080,248,1,2
2080,249,1,2
2080,250,1,2
2080,251,1,2
2080,252,1,2
2080,253,1,2
2080,254,1,2
2080,255,1,2
2080,256,1,2
2080,257,1,2
2080,258,1,2
2080,259,1,2
2080,260,1,2
2080,261,1,2
2080,262,1,2
2080,263,1,2
2080,264,1,2
2080,265,1,2
2080,266,1,2
2080,267,1,2
2080,268,1,2
2080,269,1,2
2080,270,1,2
2080,271,1,2
2080,272,1,2
2080,273,1,2
2080,274,1,2
2080,275,1,2
2080,276,1,2
2080,277,1,2
2080,278,1,2
2080,279,1,2
2080,280,1,2
2080,281,1,2
2080,282,1,2
2080,283,1,2
2080,284,1,2
2080,285,1,2
2080,286,1,2
2080,287,1,2
2080,288,1,2
2080,289,1,2
2080,290,1,2
2080,291,1,2
2080,292,1,2
2080,293,1,2
2080,294,1,2
2080,295,1,2
2080,296,1,2
2080,297,1,2
2080,298,1,2
2080,299,1,2
2080,300,1,2
2080,301,1,2
2080,302,1,2
2080,303,1,2
2080,304,1,2
2080,305,1,2
2080,306,1,2
2080,307,1,2
2080,308,1,2
2080,309,1,2
2080,310,1,2
2080,311,1,2
2080,312,1,2
2080,313,1,2
2080,314,1,2
2080,315,1,2
2080,316,1,2
2080,317,1,2
2080,318,1,2
2080,319,1,2
2080,320,1,2
2080,321,1,2
2080,322,1,2
2080,323,1,2
2080,324,1,2
2080,325,1,2
2080,326,1,2
2080,327,1,2
2080,328,1,2
2080,329,1,2
2080,330,1,2
2080,331,1,2
2080,332,1,2
2080,333,1,2
2080,334,1,2
2080,335,1,2
2080,336,1,2
2080,337,1,2
2080,338,1,2
2080,339,1,2
2080,340,1,2
2080,341,1,2
2080,342,1,2
2080,343,1,2
2080,344,1,2
2080,345,1,2
2080,346,1,2
2080,347,1,2
2080,348,1,2
2080,349,1,2
2080,350,1,2
2080,351,1,2
2080,352,1,2
2080,353,1,2
2080,354,1,2
2080,355,1,2
2080,356,1,2
2080,357,1,2
2080,358,1,2
2080,359,1,2
2080,360,1,2
2080,361,1,2
2080,362,1,2
2080,363,1,2
2080,364,1,2
2080,365,1,2
2080,366,1,2
2080,367,1,2
2080,368,1,2
2080,369,1,2
2080,370,1,2
2080,371,1,2
2080,372,1,2
2080,373,1,2
2080,374,1,2
2080,375,1,2
2080,376,1,2
2080,377,1,2
2080,378,1,2
2080,379,1,2
2080,380,1,2
2080,381,1,2
2080,382,1,2
2080,383,1,2
2080,384,1,2
2080,385,1,2
2080,386,1,2
2080,387,1,2
2080,388,1,2
2080,389,1,2
2080,390,1,2
2080,391,1,2
2080,392,1,2
2080,393,1,2
2080,394,1,2
2080,395,1,2
2080,396,1,2
2080,397,1,2
2080,398,1,2
2080,399,1,2
2080,400,1,2
2080,401,1,2
2080,402,1,2
2080,403,1,2
2080,404,1,2
2080,405,1,2
2080,406,1,2
2080,407,1,2
2080,408,1,2
2080,409,1,2
2080,410,1,2
2080,411,1,2
2080,412,1,2
2080,413,1,2
2080,414,1,2
2080,415,1,2
2080,416,1,2
2080,417,1,2
2080,418,1,2
2080,419,1,2
2080,420,1,2
2080,421,1,2
2080,422,1,2
2080,423,1,2
2080,424,1,2
2080,425,1,2
2080,426,1,2
2080,427,1,2
2080,428,1,2
2080,429,1,2
2080,430,1,2
2080,431,1,2
2080,432,1,2
2080,433,1,2
2080,434,1,2
2080,435,1,2
2080,436,1,2
2080,437,1,2
2080,438,1,2
2080,439,1,2
2080,440,1,2
2080,441,1,2
2080,442,1,2
2080,443,1,2
2080,444,1,2
2080,445,1,2
2080,446,1,2
2080,447,1,2
2080,448,1,2
2080,449,1,2
2080,450,1,2
2080,451,1,2
2080,452,1,2
2080,453,1,2
2080,454,1,2
2080,455,1,2
2080,456,1,2
2080,457,1,2
2080,458,1,2
2080,459,1,2
2080,460,1,2
2080,461,1,2
2080,462,1,2
2080,463,1,2
2080,464,1,2
2080,465,1,2
2080,466,1,2
2080,467,1,2
2080,468,1,2
2080,469,1,2
2080,470,1,2
2080,471,1,2
2080,472,1,2
2080,473,1,2
2080,474,1,2
2080,475,1,2
2080,476,1,2
2080,477,1,2
2080,478,1,2
2080,479,1,2
2080,480,1,2
2080,481,1,2
2080,482,1,2
2080,483,1,2
2080,484,1,2
2080,485,1,2
2080,486,1,2
2080,487,1,2
2080,488,1,2
2080,489,1,2
2080,490,1,2
2080,491,1,2
2080,492,1,2
2080,493,1,2
2080,494,1,2
2080,495,1,2
2080,496,1,2
2080,497,1,2
2080,498,1,2
2080,499,1,2
2080,500,1,2
2080,501,1,2
2080,502,1,2
2080,503,1,2
2080,504,1,2
2080,505,1,2
2080,506,1,2
2080,507,1,2
2080,508,1,2
2080,509,1,2
2080,510,1,2
2080,511,1,2
2080,512,1,2
2080,513,1,2
2080,514,1,2
2080,515,1,2
2080,516,1,2
2080,517,1,2
2080,518,1,2
2080,519,1,2
2080,520,1,2
2080,521,1,2
2080,522,1,2
2080,523,1,2
2080,524,1,2
2080,525,1,2
2080,526,1,2
2080,527,1,2
2080,528,1,2
2080,529,1,2
2080,530,1,2
2080,531,1,2
2080,532,1,2
2080,533,1,2
2080,534,1,2
2080,535,1,2
2080,536,1,2
2080,537,1,2
2080,538,1,2
2080,539,1,2
2080,540,1,2
2080,541,1,2
2080,542,1,2
2080,543,1,2
2080,544,1,2
2080,545,1,2
2080,546,1,2
2080,547,1,2
2080,548,1,2
2080,549,1,2
2080,550,1,2
2080,551,1,2
2080,552,1,2
2080,553,1,2
2080,554,1,2
2080,555,1,2
2080,556,1,2
2080,557,1,2
2080,558,1,2
2080,559,1,2
2080,560,1,2
2080,561,1,2
2080,562,1,2
2080,563,1,2
2080,564,1,2
2080,565,1,2
2080,566,1,2
2080,567,1,2
2080,568,1,2
2080,569,1,2
2080,570,1,2
2080,571,1,2
2080,572,1,2
2080,573,1,2
2080,574,1,2
2080,575,1,2
2080,576,1,2
2080,577,1,2
2080,578,1,2
2080,579,1,2
2080,580,1,2
2080,581,1,2
2080,582,1,2
2080,583,1,2
2080,584,1,3
2080,585,1,3
2080,586,1,3
2080,587,1,3
2080,588,1,3
2080,589,1,3
2080,590,1,3
2080,591,1,3
2080,592,1,3
2080,593,1,3
2080,594,1,3
2080,595,1,3
2080,596,1,3
2080,597,1,3
2080,598,1,3
2080,599,1,3
2080,600,1,3
2080,601,1,3
2080,602,1,3
2080,603,1,3
2080,604,1,3
2080,605,1,3
2080,606,1,3
2080,607,1,3
2080,608,1,3
2080,609,1,3
2080,610,1,3
2080,611,1,3
2080,612,1,3
2080,613,1,3
2080,614,1,3
2080,615,1,3
2080,616,1,3
2080,617,1,3
2080,618,1,3
2080,619,1,3
2080,620,1,3
2080,621,1,3
2080,622,1,3
2080,623,1,3
2080,624,1,3
2080,625,1,3
2080,626,1,3
2080,627,1,3
2080,628,1,3
2080,629,1,2
2081,136,1,2
2081,137,1,2
2081,138,1,2
2081,139,1,2
2081,140,1,2
2081,141,1,2
2081,142,1,2
2081,143,1,2
2081,144,1,2
2081,145,1,2
2081,146,1,2
2081,147,1,2
2081,148,1,2
2081,149,1,2
2081,150,1,2
2081,151,1,2
2081,152,1,2
2081,153,1,2
2081,154,1,2
2081,155,1,2
2081,156,1,2
2081,157,1,2
2081,158,1,2
2081,159,1,2
2081,160,1,2
2081,161,1,2
2081,162,1,2
2081,163,1,2
2081,164,1,2
2081,165,1,2
2081,166,1,2
2081,167,1,2
2081,168,1,2
2081,169,1,2
2081,170,1,2
2081,171,1,2
2081,172,1,2
2081,173,1,2
2081,174,1,2
2081,175,1,2
2081,176,1,2
2081,177,1,2
2081,178,1,2
2081,179,1,2
2081,180,1,2
2081,181,1,2
2081,182,1,2
2081,183,1,2
2081,184,1,2
2081,185,1,2
2081,186,1,2
2081,187,1,2
2081,188,1,2
2081,189,1,2
2081,190,1,2
2081,191,1,2
2081,192,1,2
2081,193,1,2
2081,194,1,2
2081,195,1,2
2081,196,1,2
2081,197,1,2
2081,198,1,2
2081,199,1,2
2081,200,1,2
2081,201,1,2
2081,202,1,2
2081,203,1,2
2081,204,1,2
2081,205,1,2
2081,206,1,2
2081,207,1,2
2081,208,1,2
2081,209,1,2
2081,210,1,2
2081,211,1,2
2081,212,1,2
2081,213,1,2
2081,214,1,2
2081,215,1,2
2081,216,1,2
2081,217,1,2
2081,218,1,2
2081,219,1,2
2081,220,1,2
2081,221,1,2
2081,222,1,2
2081,223,1,2
2081,224,1,2
2081,225,1,2
2081,226,1,2
2081,227,1,2
2081,228,1,2
2081,229,1,2
2081,230,1,2
2081,231,1,2
2081,232,1,2
2081,233,1,2
2081,234,1,2
2081,235,1,2
2081,236,1,2
2081,237,1,2
2081,238,1,2
2081,239,1,2
2081,240,1,2
2081,241,1,2
2081,242,1,2
2081,243,1,2
2081,244,1,2
2081,245,1,2
2081,246,1,2
2081,247,1,2
2081,248,1,2
2081,249,1,2
2081,250,1,2
2081,251,1,2
2081,252,1,2
2081,253,1,2
2081,254,1,2
2081,255,1,2
2081,256,1,2
2081,257,1,2
2081,258,1,2
2081,259,1,2
2081,260,1,2
2081,261,1,2
2081,262,1,2
2081,263,1,2
2081,264,1,2
2081,265,1,2
2081,266,1,2
2081,267,1,2
2081,268,1,2
2081,269,1,2
2081,270,1,2
2081,271,1,2
2081,272,1,2
2081,273,1,2
2081,274,1,2
2081,275,1,2
2081,276,1,2
2081,277,1,2
2081,278,1,2
2081,279,1,2
2081,280,1,2
2081,281,1,2
2081,282,1,2
2081,283,1,2
2081,284,1,2
2081,285,1,2
2081,286,1,2
2081,287,1,2
2081,288,1,2
2081,289,1,2
2081,290,1,2
2081,291,1,2
2081,292,1,2
2081,293,1,2
2081,294,1,2
2081,295,1,2
2081,296,1,2
2081,297,1,2
2081,298,1,2
2081,299,1,2
2081,300,1,2
2081,301,1,2
2081,302,1,2
2081,303,1,2
2081,304,1,2
2081,305,1,2
2081,306,1,2
2081,307,1,2
2081,308,1,2
2081,309,1,2
2081,310,1,2
2081,311,1,2
2081,312,1,2
2081,313,1,2
2081,314,1,2
2081,315,1,2
2081,316,1,2
2081,317,1,2
2081,318,1,2
2081,319,1,2
2081,320,1,2
2081,321,1,2
2081,322,1,2
2081,323,1,2
2081,324,1,2
2081,325,1,2
2081,326,1,2
2081,327,1,2
2081,328,1,2
2081,329,1,2
2081,330,1,2
2081,331,1,2
2081,332,1,2
2081,333,1,2
2081,334,1,2
2081,335,1,2
2081,336,1,2
2081,337,1,2
2081,338,1,2
2081,339,1,2
2081,340,1,2
2081,341,1,2
2081,342,1,2
2081,343,1,2
2081,344,1,2
2081,345,1,2
2081,346,1,2
2081,347,1,2
2081,348,1,2
2081,349,1,2
2081,350,1,2
2081,351,1,2
2081,352,1,2
2081,353,1,2
2081,354,1,2
2081,355,1,2
2081,356,1,2
2081,357,1,2
2081,358,1,2
2081,359,1,2
2081,360,1,2
2081,361,1,2
2081,362,1,2
2081,363,1,2
2081,364,1,2
2081,365,1,2
2081,366,1,2
2081,367,1,2
2081,368,1,2
2081,369,1,2
2081,370,1,2
2081,371,1,2
2081,372,1,2
2081,373,1,2
2081,374,1,2
2081,375,1,2
2081,376,1,2
2081,377,1,2
2081,378,1,2
2081,379,1,2
2081,380,1,2
2081,381,1,2
2081,382,1,2
2081,383,1,2
2081,384,1,2
2081,385,1,2
2081,386,1,2
2081,387,1,2
2081,388,1,2
2081,389,1,2
2081,390,1,2
2081,391,1,2
2081,392,1,2
2081,393,1,2
2081,394,1,2
2081,395,1,2
2081,396,1,2
2081,397,1,2
2081,398,1,2
2081,399,1,2
2081,400,1,2
2081,401,1,2
2081,402,1,2
2081,403,1,2
2081,404,1,2
2081,405,1,2
2081,406,1,2
2081,407,1,2
2081,408,1,2
2081,409,1,2
2081,410,1,2
2081,411,1,2
2081,412,1,2
2081,413,1,2
2081,414,1,2
2081,415,1,2
2081,416,1,2
2081,417,1,2
2081,418,1,2
2081,419,1,2
2081,420,1,2
2081,421,1,2
2081,422,1,2
2081,423,1,2
2081,424,1,2
2081,425,1,2
2081,426,1,2
2081,427,1,2
2081,428,1,2
2081,429,1,2
2081,430,1,2
2081,431,1,2
2081,432,1,2
2081,433,1,2
2081,434,1,2
2081,435,1,2
2081,436,1,2
2081,437,1,2
2081,438,1,2
2081,439,1,2
2081,440,1,2
2081,441,1,2
2081,442,1,2
2081,443,1,2
2081,444,1,2
2081,445,1,2
2081,446,1,2
2081,447,1,2
2081,448,1,2
2081,449,1,2
2081,450,1,2
2081,451,1,2
2081,452,1,2
2081,453,1,2
2081,454,1,2
2081,455,1,2
2081,456,1,2
2081,457,1,2
2081,458,1,2
2081,459,1,2
2081,460,1,2
2081,461,1,2
2081,462,1,2
2081,463,1,2
2081,464,1,2
2081,465,1,2
2081,466,1,2
2081,467,1,2
2081,468,1,2
2081,469,1,2
2081,470,1,2
2081,471,1,2
2081,472,1,2
2081,473,1,2
2081,474,1,2
2081,475,1,2
2081,476,1,2
2081,477,1,2
2081,478,1,2
2081,479,1,2
2081,480,1,2
2081,481,1,2
2081,482,1,2
2081,483,1,2
2081,484,1,2
2081,485,1,2
2081,486,1,2
2081,487,1,2
2081,488,1,2
2081,489,1,2
2081,490,1,2
2081,491,1,2
2081,492,1,2
2081,493,1,2
2081,494,1,2
2081,495,1,2
2081,496,1,2
2081,497,1,2
2081,498,1,2
2081,499,1,2
2081,500,1,2
2081,501,1,2
2081,502,1,2
2081,503,1,2
2081,504,1,2
2081,505,1,2
2081,506,1,2
2081,507,1,2
2081,508,1,2
2081,509,1,2
2081,510,1,2
2081,511,1,2
2081,512,1,2
2081,513,1,2
2081,514,1,2
2081,515,1,2
2081,516,1,2
2081,517,1,2
2081,518,1,2
2081,519,1,2
2081,520,1,2
2081,521,1,2
2081,522,1,2
2081,523,1,2
2081,524,1,2
2081,525,1,2
2081,526,1,2
2081,527,1,2
2081,528,1,2
2081,529,1,2
2081,530,1,2
2081,531,1,2
2081,532,1,2
2081,533,1,2
2081,534,1,2
2081,535,1,2
2081,536,1,2
2081,537,1,2
2081,538,1,2
2081,539,1,2
2081,540,1,2
2081,541,1,2
2081,542,1,2
2081,543,1,2
2081,544,1,2
2081,545,1,2
2081,546,1,2
2081,547,1,2
2081,548,1,2
2081,549,1,2
2081,550,1,2
2081,551,1,2
2081,552,1,2
2081,553,1,2
2081,554,1,2
2081,555,1,2
2081,556,1,2
2081,557,1,2
2081,558,1,2
2081,559,1,2
2081,560,1,2
2081,561,1,2
2081,562,1,2
2081,563,1,2
2081,564,1,2
2081,565,1,2
2081,566,1,2
2081,567,1,2
2081,568,1,2
2081,569,1,2
2081,570,1,2
2081,571,1,2
2081,572,1,2
2081,573,1,2
2081,574,1,2
2081,575,1,2
2081,576,1,2
2081,577,1,2
2081,578,1,2
2081,579,1,2
2081,580,1,2
2081,581,1,2
2081,582,1,2
2081,583,1,2
2081,584,1,3
2081,585,1,3
2081,586,1,3
2081,587,1,3
2081,588,1,3
2081,589,1,3
2081,590,1,3
2081,591,1,3
2081,592,1,3
2081,593,1,3
2081,594,1,3
2081,595,1,3
2081,596,1,3
2081,597,1,3
2081,598,1,3
2081,599,1,3
2081,600,1,3
2081,601,1,3
2081,602,1,3
2081,603,1,3
2081,604,1,3
2081,605,1,3
2081,606,1,3
2081,607,1,3
2081,608,1,3
2081,609,1,3
2081,610,1,3
2081,611,1,3
2081,612,1,3
2081,613,1,3
2081,614,1,3
2081,615,1,3
2081,616,1,3
2081,617,1,3
2081,618,1,3
2081,619,1,3
2081,620,1,3
2081,621,1,3
2081,622,1,3
2081,623,1,3
2081,624,1,3
2081,625,1,3
2081,626,1,3
2081,627,1,3
2081,628,1,3
2081,629,1,2
2082,137,1,2
2082,138,1,2
2082,139,1,2
2082,140,1,2
2082,141,1,2
2082,142,1,2
2082,143,1,2
2082,144,1,2
2082,145,1,2
2082,146,1,2
2082,147,1,2
2082,148,1,2
2082,149,1,2
2082,150,1,2
2082,151,1,2
2082,152,1,2
2082,153,1,2
2082,154,1,2
2082,155,1,2
2082,156,1,2
2082,157,1,2
2082,158,1,2
2082,159,1,2
2082,160,1,2
2082,161,1,2
2082,162,1,2
2082,163,1,2
2082,164,1,2
2082,165,1,2
2082,166,1,2
2082,167,1,2
2082,168,1,2
2082,169,1,2
2082,170,1,2
2082,171,1,2
2082,172,1,2
2082,173,1,2
2082,174,1,2
2082,175,1,2
2082,176,1,2
2082,177,1,2
2082,178,1,2
2082,179,1,2
2082,180,1,2
2082,181,1,2
2082,182,1,2
2082,183,1,2
2082,184,1,2
2082,185,1,2
2082,186,1,2
2082,187,1,2
2082,188,1,2
2082,189,1,2
2082,190,1,2
2082,191,1,2
2082,192,1,2
2082,193,1,2
2082,194,1,2
2082,195,1,2
2082,196,1,2
2082,197,1,2
2082,198,1,2
2082,199,1,2
2082,200,1,2
2082,201,1,2
2082,202,1,2
2082,203,1,2
2082,204,1,2
2082,205,1,2
2082,206,1,2
2082,207,1,2
2082,208,1,2
2082,209,1,2
2082,210,1,2
2082,211,1,2
2082,212,1,2
2082,213,1,2
2082,214,1,2
2082,215,1,2
2082,216,1,2
2082,217,1,2
2082,218,1,2
2082,219,1,2
2082,220,1,2
2082,221,1,2
2082,222,1,2
2082,223,1,2
2082,224,1,2
2082,225,1,2
2082,226,1,2
2082,227,1,2
2082,228,1,2
2082,229,1,2
2082,230,1,2
2082,231,1,2
2082,232,1,2
2082,233,1,2
2082,234,1,2
2082,235,1,2
2082,236,1,2
2082,237,1,2
2082,238,1,2
2082,239,1,2
2082,240,1,2
2082,241,1,2
2082,242,1,2
2082,243,1,2
2082,244,1,2
2082,245,1,2
2082,246,1,2
2082,247,1,2
2082,248,1,2
2082,249,1,2
2082,250,1,2
2082,251,1,2
2082,252,1,2
2082,253,1,2
2082,254,1,2
2082,255,1,2
2082,256,1,2
2082,257,1,2
2082,258,1,2
2082,259,1,2
2082,260,1,2
2082,261,1,2
2082,262,1,2
2082,263,1,2
2082,264,1,2
2082,265,1,2
2082,266,1,2
2082,267,1,2
2082,268,1,2
2082,269,1,2
2082,270,1,2
2082,271,1,2
2082,272,1,2
2082,273,1,2
2082,274,1,2
2082,275,1,2
2082,276,1,2
2082,277,1,2
2082,278,1,2
2082,279,1,2
2082,280,1,2
2082,281,1,2
2082,282,1,2
2082,283,1,2
2082,284,1,2
2082,285,1,2
2082,286,1,2
2082,287,1,2
2082,288,1,2
2082,289,1,2
2082,290,1,2
2082,291,1,2
2082,292,1,2
2082,293,1,2
2082,294,1,2
2082,295,1,2
2082,296,1,2
2082,297,1,2
2082,298,1,2
2082,299,1,2
2082,300,1,2
2082,301,1,2
2082,302,1,2
2082,303,1,2
2082,304,1,2
2082,305,1,2
2082,306,1,2
2082,307,1,2
2082,308,1,2
2082,309,1,2
2082,310,1,2
2082,311,1,2
2082,312,1,2
2082,313,1,2
2082,314,1,2
2082,315,1,2
2082,316,1,2
2082,317,1,2
2082,318,1,2
2082,319,1,2
2082,320,1,2
2082,321,1,2
2082,322,1,2
2082,323,1,2
2082,324,1,2
2082,325,1,2
2082,326,1,2
2082,327,1,2
2082,328,1,2
2082,329,1,2
2082,330,1,2
2082,331,1,2
2082,332,1,2
2082,333,1,2
2082,334,1,2
2082,335,1,2
2082,336,1,2
2082,337,1,2
2082,338,1,2
2082,339,1,2
2082,340,1,2
2082,341,1,2
2082,342,1,2
2082,343,1,2
2082,344,1,2
2082,345,1,2
2082,346,1,2
2082,347,1,2
2082,348,1,2
2082,349,1,2
2082,350,1,2
2082,351,1,2
2082,352,1,2
2082,353,1,2
2082,354,1,2
2082,355,1,2
2082,356,1,2
2082,357,1,2
2082,358,1,2
2082,359,1,2
2082,360,1,2
2082,361,1,2
2082,362,1,2
2082,363,1,2
2082,364,1,2
2082,365,1,2
2082,366,1,2
2082,367,1,2
2082,368,1,2
2082,369,1,2
2082,370,1,2
2082,371,1,2
2082,372,1,2
2082,373,1,2
2082,374,1,2
2082,375,1,2
2082,376,1,2
2082,377,1,2
2082,378,1,2
2082,379,1,2
2082,380,1,2
2082,381,1,2
2082,382,1,2
2082,383,1,2
2082,384,1,2
2082,385,1,2
2082,386,1,2
2082,387,1,2
2082,388,1,2
2082,389,1,2
2082,390,1,2
2082,391,1,2
2082,392,1,2
2082,393,1,2
2082,394,1,2
2082,395,1,2
2082,396,1,2
2082,397,1,2
2082,398,1,2
2082,399,1,2
2082,400,1,2
2082,401,1,2
2082,402,1,2
2082,403,1,2
2082,404,1,2
2082,405,1,2
2082,406,1,2
2082,407,1,2
2082,408,1,2
2082,409,1,2
2082,410,1,2
2082,411,1,2
2082,412,1,2
2082,413,1,2
2082,414,1,2
2082,415,1,2
2082,416,1,2
2082,417,1,2
2082,418,1,2
2082,419,1,2
2082,420,1,2
2082,421,1,2
2082,422,1,2
2082,423,1,2
2082,424,1,2
2082,425,1,2
2082,426,1,2
2082,427,1,2
2082,428,1,2
2082,429,1,2
2082,430,1,2
2082,431,1,2
2082,432,1,2
2082,433,1,2
2082,434,1,2
2082,435,1,2
2082,436,1,2
2082,437,1,2
2082,438,1,2
2082,439,1,2
2082,440,1,2
2082,441,1,2
2082,442,1,2
2082,443,1,2
2082,444,1,2
2082,445,1,2
2082,446,1,2
2082,447,1,2
2082,448,1,2
2082,449,1,2
2082,450,1,2
2082,451,1,2
2082,452,1,2
2082,453,1,2
2082,454,1,2
2082,455,1,2
2082,456,1,2
2082,457,1,2
2082,458,1,2
2082,459,1,2
2082,460,1,2
2082,461,1,2
2082,462,1,2
2082,463,1,2
2082,464,1,2
2082,465,1,2
2082,466,1,2
2082,467,1,2
2082,468,1,2
2082,469,1,2
2082,470,1,2
2082,471,1,2
2082,472,1,2
2082,473,1,2
2082,474,1,2
2082,475,1,2
2082,476,1,2
2082,477,1,2
2082,478,1,2
2082,479,1,2
2082,480,1,2
2082,481,1,2
2082,482,1,2
2082,483,1,2
2082,484,1,2
2082,485,1,2
2082,486,1,2
2082,487,1,2
2082,488,1,2
2082,489,1,2
2082,490,1,2
2082,491,1,2
2082,492,1,2
2082,493,1,2
2082,494,1,2
2082,495,1,2
2082,496,1,2
2082,497,1,2
2082,498,1,2
2082,499,1,2
2082,500,1,2
2082,501,1,2
2082,502,1,2
2082,503,1,2
2082,504,1,2
2082,505,1,2
2082,506,1,2
2082,507,1,2
2082,508,1,2
2082,509,1,2
2082,510,1,2
2082,511,1,2
2082,512,1,2
2082,513,1,2
2082,514,1,2
2082,515,1,2
2082,516,1,2
2082,517,1,2
2082,518,1,2
2082,519,1,2
2082,520,1,2
2082,521,1,2
2082,522,1,2
2082,523,1,2
2082,524,1,2
2082,525,1,2
2082,526,1,2
2082,527,1,2
2082,528,1,2
2082,529,1,2
2082,530,1,2
2082,531,1,2
2082,532,1,2
2082,533,1,2
2082,534,1,2
2082,535,1,2
2082,536,1,2
2082,537,1,2
2082,538,1,2
2082,539,1,2
2082,540,1,2
2082,541,1,2
2082,542,1,2
2082,543,1,2
2082,544,1,2
2082,545,1,2
2082,546,1,2
2082,547,1,2
2082,548,1,2
2082,549,1,2
2082,550,1,2
2082,551,1,2
2082,552,1,2
2082,553,1,2
2082,554,1,2
2082,555,1,2
2082,556,1,2
2082,557,1,2
2082,558,1,2
2082,559,1,2
2082,560,1,2
2082,561,1,2
2082,562,1,2
2082,563,1,2
2082,564,1,2
2082,565,1,2
2082,566,1,2
2082,567,1,2
2082,568,1,2
2082,569,1,2
2082,570,1,2
2082,571,1,2
2082,572,1,2
2082,573,1,2
2082,574,1,2
2082,575,1,2
2082,576,1,2
2082,577,1,2
2082,578,1,2
2082,579,1,2
2082,580,1,2
2082,581,1,2
2082,582,1,2
2082,583,1,2
2082,584,1,2
2082,585,1,3
2082,586,1,3
2082,587,1,3
2082,588,1,3
2082,589,1,3
2082,590,1,3
2082,591,1,3
2082,592,1,3
2082,593,1,3
2082,594,1,3
2082,595,1,3
2082,596,1,3
2082,597,1,3
2082,598,1,3
2082,599,1,3
2082,600,1,3
2082,601,1,3
2082,602,1,3
2082,603,1,3
2082,604,1,3
2082,605,1,3
2082,606,1,3
2082,607,1,3
2082,608,1,3
2082,609,1,3
2082,610,1,3
2082,611,1,3
2082,612,1,3
2082,613,1,3
2082,614,1,3
2082,615,1,3
2082,616,1,3
2082,617,1,3
2082,618,1,3
2082,619,1,3
2082,620,1,3
2082,621,1,3
2082,622,1,3
2082,623,1,3
2082,624,1,3
2082,625,1,3
2082,626,1,3
2082,627,1,3
2082,628,1,3
2082,629,1,2
2082,630,1,2
2083,137,1,2
2083,138,1,2
2083,139,1,2
2083,140,1,2
2083,141,1,2
2083,142,1,2
2083,143,1,2
2083,144,1,2
2083,145,1,2
2083,146,1,2
2083,147,1,2
2083,148,1,2
2083,149,1,2
2083,150,1,2
2083,151,1,2
2083,152,1,2
2083,153,1,2
2083,154,1,2
2083,155,1,2
2083,156,1,2
2083,157,1,2
2083,158,1,2
2083,159,1,2
2083,160,1,2
2083,161,1,2
2083,162,1,2
2083,163,1,2
2083,164,1,2
2083,165,1,2
2083,166,1,2
2083,167,1,2
2083,168,1,2
2083,169,1,2
2083,170,1,2
2083,171,1,2
2083,172,1,2
2083,173,1,2
2083,174,1,2
2083,175,1,2
2083,176,1,2
2083,177,1,2
2083,178,1,2
2083,179,1,2
2083,180,1,2
2083,181,1,2
2083,182,1,2
2083,183,1,2
2083,184,1,2
2083,185,1,2
2083,186,1,2
2083,187,1,2
2083,188,1,2
2083,189,1,2
2083,190,1,2
2083,191,1,2
2083,192,1,2
2083,193,1,2
2083,194,1,2
2083,195,1,2
2083,196,1,2
2083,197,1,2
2083,198,1,2
2083,199,1,2
2083,200,1,2
2083,201,1,2
2083,202,1,2
2083,203,1,2
2083,204,1,2
2083,205,1,2
2083,206,1,2
2083,207,1,2
2083,208,1,2
2083,209,1,2
2083,210,1,2
2083,211,1,2
2083,212,1,2
2083,213,1,2
2083,214,1,2
2083,215,1,2
2083,216,1,2
2083,217,1,2
2083,218,1,2
2083,219,1,2
2083,220,1,2
2083,221,1,2
2083,222,1,2
2083,223,1,2
2083,224,1,2
2083,225,1,2
2083,226,1,2
2083,227,1,2
2083,228,1,2
2083,229,1,2
2083,230,1,2
2083,231,1,2
2083,232,1,2
2083,233,1,2
2083,234,1,2
2083,235,1,2
2083,236,1,2
2083,237,1,2
2083,238,1,2
2083,239,1,2
2083,240,1,2
2083,241,1,2
2083,242,1,2
2083,243,1,2
2083,244,1,2
2083,245,1,2
2083,246,1,2
2083,247,1,2
2083,248,1,2
2083,249,1,2
2083,250,1,2
2083,251,1,2
2083,252,1,2
2083,253,1,2
2083,254,1,2
2083,255,1,2
2083,256,1,2
2083,257,1,2
2083,258,1,2
2083,259,1,2
2083,260,1,2
2083,261,1,2
2083,262,1,2
2083,263,1,2
2083,264,1,2
2083,265,1,2
2083,266,1,2
2083,267,1,2
2083,268,1,2
2083,269,1,2
2083,270,1,2
2083,271,1,2
2083,272,1,2
2083,273,1,2
2083,274,1,2
2083,275,1,2
2083,276,1,2
2083,277,1,2
2083,278,1,2
2083,279,1,2
2083,280,1,2
2083,281,1,2
2083,282,1,2
2083,283,1,2
2083,284,1,2
2083,285,1,2
2083,286,1,2
2083,287,1,2
2083,288,1,2
2083,289,1,2
2083,290,1,2
2083,291,1,2
2083,292,1,2
2083,293,1,2
2083,294,1,2
2083,295,1,2
2083,296,1,2
2083,297,1,2
2083,298,1,2
2083,299,1,2
2083,300,1,2
2083,301,1,2
2083,302,1,2
2083,303,1,2
2083,304,1,2
2083,305,1,2
2083,306,1,2
2083,307,1,2
2083,308,1,2
2083,309,1,2
2083,310,1,2
2083,311,1,2
2083,312,1,2
2083,313,1,2
2083,314,1,2
2083,315,1,2
2083,316,1,2
2083,317,1,2
2083,318,1,2
2083,319,1,2
2083,320,1,2
2083,321,1,2
2083,322,1,2
2083,323,1,2
2083,324,1,2
2083,325,1,2
2083,326,1,2
2083,327,1,2
2083,328,1,2
2083,329,1,2
2083,330,1,2
2083,331,1,2
2083,332,1,2
2083,333,1,2
2083,334,1,2
2083,335,1,2
2083,336,1,2
2083,337,1,2
2083,338,1,2
2083,339,1,2
2083,340,1,2
2083,341,1,2
2083,342,1,2
2083,343,1,2
2083,344,1,2
2083,345,1,2
2083,346,1,2
2083,347,1,2
2083,348,1,2
2083,349,1,2
2083,350,1,2
2083,351,1,2
2083,352,1,2
2083,353,1,2
2083,354,1,2
2083,355,1,2
2083,356,1,2
2083,357,1,2
2083,358,1,2
2083,359,1,2
2083,360,1,2
2083,361,1,2
2083,362,1,2
2083,363,1,2
2083,364,1,2
2083,365,1,2
2083,366,1,2
2083,367,1,2
2083,368,1,2
2083,369,1,2
2083,370,1,2
2083,371,1,2
2083,372,1,2
2083,373,1,2
2083,374,1,2
2083,375,1,2
2083,376,1,2
2083,377,1,2
2083,378,1,2
2083,379,1,2
2083,380,1,2
2083,381,1,2
2083,382,1,2
2083,383,1,2
2083,384,1,2
2083,385,1,2
2083,386,1,2
2083,387,1,2
2083,388,1,2
2083,389,1,2
2083,390,1,2
2083,391,1,2
2083,392,1,2
2083,393,1,2
2083,394,1,2
2083,395,1,2
2083,396,1,2
2083,397,1,2
2083,398,1,2
2083,399,1,2
2083,400,1,2
2083,401,1,2
2083,402,1,2
2083,403,1,2
2083,404,1,2
2083,405,1,2
2083,406,1,2
2083,407,1,2
2083,408,1,2
2083,409,1,2
2083,410,1,2
2083,411,1,2
2083,412,1,2
2083,413,1,2
2083,414,1,2
2083,415,1,2
2083,416,1,2
2083,417,1,2
2083,418,1,2
2083,419,1,2
2083,420,1,2
2083,421,1,2
2083,422,1,2
2083,423,1,2
2083,424,1,2
2083,425,1,2
2083,426,1,2
2083,427,1,2
2083,428,1,2
2083,429,1,2
2083,430,1,2
2083,431,1,2
2083,432,1,2
2083,433,1,2
2083,434,1,2
2083,435,1,2
2083,436,1,2
2083,437,1,2
2083,438,1,2
2083,439,1,2
2083,440,1,2
2083,441,1,2
2083,442,1,2
2083,443,1,2
2083,444,1,2
2083,445,1,2
2083,446,1,2
2083,447,1,2
2083,448,1,2
2083,449,1,2
2083,450,1,2
2083,451,1,2
2083,452,1,2
2083,453,1,2
2083,454,1,2
2083,455,1,2
2083,456,1,2
2083,457,1,2
2083,458,1,2
2083,459,1,2
2083,460,1,2
2083,461,1,2
2083,462,1,2
2083,463,1,2
2083,464,1,2
2083,465,1,2
2083,466,1,2
2083,467,1,2
2083,468,1,2
2083,469,1,2
2083,470,1,2
2083,471,1,2
2083,472,1,2
2083,473,1,2
2083,474,1,2
2083,475,1,2
2083,476,1,2
2083,477,1,2
2083,478,1,2
2083,479,1,2
2083,480,1,2
2083,481,1,2
2083,482,1,2
2083,483,1,2
2083,484,1,2
2083,485,1,2
2083,486,1,2
2083,487,1,2
2083,488,1,2
2083,489,1,2
2083,490,1,2
2083,491,1,2
2083,492,1,2
2083,493,1,2
2083,494,1,2
2083,495,1,2
2083,496,1,2
2083,497,1,2
2083,498,1,2
2083,499,1,2
2083,500,1,2
2083,501,1,2
2083,502,1,2
2083,503,1,2
2083,504,1,2
2083,505,1,2
2083,506,1,2
2083,507,1,2
2083,508,1,2
2083,509,1,2
2083,510,1,2
2083,511,1,2
2083,512,1,2
2083,513,1,2
2083,514,1,2
2083,515,1,2
2083,516,1,2
2083,517,1,2
2083,518,1,2
2083,519,1,2
2083,520,1,2
2083,521,1,2
2083,522,1,2
2083,523,1,2
2083,524,1,2
2083,525,1,2
2083,526,1,2
2083,527,1,2
2083,528,1,2
2083,529,1,2
2083,530,1,2
2083,531,1,2
2083,532,1,2
2083,533,1,2
2083,534,1,2
2083,535,1,2
2083,536,1,2
2083,537,1,2
2083,538,1,2
2083,539,1,2
2083,540,1,2
2083,541,1,2
2083,542,1,2
2083,543,1,2
2083,544,1,2
2083,545,1,2
2083,546,1,2
2083,547,1,2
2083,548,1,2
2083,549,1,2
2083,550,1,2
2083,551,1,2
2083,552,1,2
2083,553,1,2
2083,554,1,2
2083,555,1,2
2083,556,1,2
2083,557,1,2
2083,558,1,2
2083,559,1,2
2083,560,1,2
2083,561,1,2
2083,562,1,2
2083,563,1,2
2083,564,1,2
2083,565,1,2
2083,566,1,2
2083,567,1,2
2083,568,1,2
2083,569,1,2
2083,570,1,2
2083,571,1,2
2083,572,1,2
2083,573,1,2
2083,574,1,2
2083,575,1,2
2083,576,1,2
2083,577,1,2
2083,578,1,2
2083,579,1,2
2083,580,1,2
2083,581,1,2
2083,582,1,2
2083,583,1,2
2083,584,1,3
2083,585,1,3
2083,586,1,3
2083,587,1,3
2083,588,1,3
2083,589,1,3
2083,590,1,3
2083,591,1,3
2083,592,1,3
2083,593,1,3
2083,594,1,3
2083,595,1,3
2083,596,1,3
2083,597,1,3
2083,598,1,3
2083,599,1,3
2083,600,1,3
2083,601,1,3
2083,602,1,3
2083,603,1,3
2083,604,1,3
2083,605,1,3
2083,606,1,3
2083,607,1,3
2083,608,1,3
2083,609,1,3
2083,610,1,3
2083,611,1,3
2083,612,1,3
2083,613,1,3
2083,614,1,3
2083,615,1,3
2083,616,1,3
2083,617,1,3
2083,618,1,3
2083,619,1,3
2083,620,1,3
2083,621,1,3
2083,622,1,3
2083,623,1,3
2083,624,1,3
2083,625,1,3
2083,626,1,3
2083,627,1,3
2083,628,1,3
2083,629,1,2
2083,630,1,2
2084,137,1,2
2084,138,1,2
2084,139,1,2
2084,140,1,2
2084,141,1,2
2084,142,1,2
2084,143,1,2
2084,144,1,2
2084,145,1,2
2084,146,1,2
2084,147,1,2
2084,148,1,2
2084,149,1,2
2084,150,1,2
2084,151,1,2
2084,152,1,2
2084,153,1,2
2084,154,1,2
2084,155,1,2
2084,156,1,2
2084,157,1,2
2084,158,1,2
2084,159,1,2
2084,160,1,2
2084,161,1,2
2084,162,1,2
2084,163,1,2
2084,164,1,2
2084,165,1,2
2084,166,1,2
2084,167,1,2
2084,168,1,2
2084,169,1,2
2084,170,1,2
2084,171,1,2
2084,172,1,2
2084,173,1,2
2084,174,1,2
2084,175,1,2
2084,176,1,2
2084,177,1,2
2084,178,1,2
2084,179,1,2
2084,180,1,2
2084,181,1,2
2084,182,1,2
2084,183,1,2
2084,184,1,2
2084,185,1,2
2084,186,1,2
2084,187,1,2
2084,188,1,2
2084,189,1,2
2084,190,1,2
2084,191,1,2
2084,192,1,2
2084,193,1,2
2084,194,1,2
2084,195,1,2
2084,196,1,2
2084,197,1,2
2084,198,1,2
2084,199,1,2
2084,200,1,2
2084,201,1,2
2084,202,1,2
2084,203,1,2
2084,204,1,2
2084,205,1,2
2084,206,1,2
2084,207,1,2
2084,208,1,2
2084,209,1,2
2084,210,1,2
2084,211,1,2
2084,212,1,2
2084,213,1,2
2084,214,1,2
2084,215,1,2
2084,216,1,2
2084,217,1,2
2084,218,1,2
2084,219,1,2
2084,220,1,2
2084,221,1,2
2084,222,1,2
2084,223,1,2
2084,224,1,2
2084,225,1,2
2084,226,1,2
2084,227,1,2
2084,228,1,2
2084,229,1,2
2084,230,1,2
2084,231,1,2
2084,232,1,2
2084,233,1,2
2084,234,1,2
2084,235,1,2
2084,236,1,2
2084,237,1,2
2084,238,1,2
2084,239,1,2
2084,240,1,2
2084,241,1,2
2084,242,1,2
2084,243,1,2
2084,244,1,2
2084,245,1,2
2084,246,1,2
2084,247,1,2
2084,248,1,2
2084,249,1,2
2084,250,1,2
2084,251,1,2
2084,252,1,2
2084,253,1,2
2084,254,1,2
2084,255,1,2
2084,256,1,2
2084,257,1,2
2084,258,1,2
2084,259,1,2
2084,260,1,2
2084,261,1,2
2084,262,1,2
2084,263,1,2
2084,264,1,2
2084,265,1,2
2084,266,1,2
2084,267,1,2
2084,268,1,2
2084,269,1,2
2084,270,1,2
2084,271,1,2
2084,272,1,2
2084,273,1,2
2084,274,1,2
2084,275,1,2
2084,276,1,2
2084,277,1,2
2084,278,1,2
2084,279,1,2
2084,280,1,2
2084,281,1,2
2084,282,1,2
2084,283,1,2
2084,284,1,2
2084,285,1,2
2084,286,1,2
2084,287,1,2
2084,288,1,2
2084,289,1,2
2084,290,1,2
2084,291,1,2
2084,292,1,2
2084,293,1,2
2084,294,1,2
2084,295,1,2
2084,296,1,2
2084,297,1,2
2084,298,1,2
2084,299,1,2
2084,300,1,2
2084,301,1,2
2084,302,1,2
2084,303,1,2
2084,304,1,2
2084,305,1,2
2084,306,1,2
2084,307,1,2
2084,308,1,2
2084,309,1,2
2084,310,1,2
2084,311,1,2
2084,312,1,2
2084,313,1,2
2084,314,1,2
2084,315,1,2
2084,316,1,2
2084,317,1,2
2084,318,1,2
2084,319,1,2
2084,320,1,2
2084,321,1,2
2084,322,1,2
2084,323,1,2
2084,324,1,2
2084,325,1,2
2084,326,1,2
2084,327,1,2
2084,328,1,2
2084,329,1,2
2084,330,1,2
2084,331,1,2
2084,332,1,2
2084,333,1,2
2084,334,1,2
2084,335,1,2
2084,336,1,2
2084,337,1,2
2084,338,1,2
2084,339,1,2
2084,340,1,2
2084,341,1,2
2084,342,1,2
2084,343,1,2
2084,344,1,2
2084,345,1,2
2084,346,1,2
2084,347,1,2
2084,348,1,2
2084,349,1,2
2084,350,1,2
2084,351,1,2
2084,352,1,2
2084,353,1,2
2084,354,1,2
2084,355,1,2
2084,356,1,2
2084,357,1,2
2084,358,1,2
2084,359,1,2
2084,360,1,2
2084,361,1,2
2084,362,1,2
2084,363,1,2
2084,364,1,2
2084,365,1,2
2084,366,1,2
2084,367,1,2
2084,368,1,2
2084,369,1,2
2084,370,1,2
2084,371,1,2
2084,372,1,2
2084,373,1,2
2084,374,1,2
2084,375,1,2
2084,376,1,2
2084,377,1,2
2084,378,1,2
2084,379,1,2
2084,380,1,2
2084,381,1,2
2084,382,1,2
2084,383,1,2
2084,384,1,2
2084,385,1,2
2084,386,1,2
2084,387,1,2
2084,388,1,2
2084,389,1,2
2084,390,1,2
2084,391,1,2
2084,392,1,2
2084,393,1,2
2084,394,1,2
2084,395,1,2
2084,396,1,2
2084,397,1,2
2084,398,1,2
2084,399,1,2
2084,400,1,2
2084,401,1,2
2084,402,1,2
2084,403,1,2
2084,404,1,2
2084,405,1,2
2084,406,1,2
2084,407,1,2
2084,408,1,2
2084,409,1,2
2084,410,1,2
2084,411,1,2
2084,412,1,2
2084,413,1,2
2084,414,1,2
2084,415,1,2
2084,416,1,2
2084,417,1,2
2084,418,1,2
2084,419,1,2
2084,420,1,2
2084,421,1,2
2084,422,1,2
2084,423,1,2
2084,424,1,2
2084,425,1,2
2084,426,1,2
2084,427,1,2
2084,428,1,2
2084,429,1,2
2084,430,1,2
2084,431,1,2
2084,432,1,2
2084,433,1,2
2084,434,1,2
2084,435,1,2
2084,436,1,2
2084,437,1,2
2084,438,1,2
2084,439,1,2
2084,440,1,2
2084,441,1,2
2084,442,1,2
2084,443,1,2
2084,444,1,2
2084,445,1,2
2084,446,1,2
2084,447,1,2
2084,448,1,2
2084,449,1,2
2084,450,1,2
2084,451,1,2
2084,452,1,2
2084,453,1,2
2084,454,1,2
2084,455,1,2
2084,456,1,2
2084,457,1,2
2084,458,1,2
2084,459,1,2
2084,460,1,2
2084,461,1,2
2084,462,1,2
2084,463,1,2
2084,464,1,2
2084,465,1,2
2084,466,1,2
2084,467,1,2
2084,468,1,2
2084,469,1,2
2084,470,1,2
2084,471,1,2
2084,472,1,2
2084,473,1,2
2084,474,1,2
2084,475,1,2
2084,476,1,2
2084,477,1,2
2084,478,1,2
2084,479,1,2
2084,480,1,2
2084,481,1,2
2084,482,1,2
2084,483,1,2
2084,484,1,2
2084,485,1,2
2084,486,1,2
2084,487,1,2
2084,488,1,2
2084,489,1,2
2084,490,1,2
2084,491,1,2
2084,492,1,2
2084,493,1,2
2084,494,1,2
2084,495,1,2
2084,496,1,2
2084,497,1,2
2084,498,1,2
2084,499,1,2
2084,500,1,2
2084,501,1,2
2084,502,1,2
2084,503,1,2
2084,504,1,2
2084,505,1,2
2084,506,1,2
2084,507,1,2
2084,508,1,2
2084,509,1,2
2084,510,1,2
2084,511,1,2
2084,512,1,2
2084,513,1,2
2084,514,1,2
2084,515,1,2
2084,516,1,2
2084,517,1,2
2084,518,1,2
2084,519,1,2
2084,520,1,2
2084,521,1,2
2084,522,1,2
2084,523,1,2
2084,524,1,2
2084,525,1,2
2084,526,1,2
2084,527,1,2
2084,528,1,2
2084,529,1,2
2084,530,1,2
2084,531,1,2
2084,532,1,2
2084,533,1,2
2084,534,1,2
2084,535,1,2
2084,536,1,2
2084,537,1,2
2084,538,1,2
2084,539,1,2
2084,540,1,2
2084,541,1,2
2084,542,1,2
2084,543,1,2
2084,544,1,2
2084,545,1,2
2084,546,1,2
2084,547,1,2
2084,548,1,2
2084,549,1,2
2084,550,1,2
2084,551,1,2
2084,552,1,2
2084,553,1,2
2084,554,1,2
2084,555,1,2
2084,556,1,2
2084,557,1,2
2084,558,1,2
2084,559,1,2
2084,560,1,2
2084,561,1,2
2084,562,1,2
2084,563,1,2
2084,564,1,2
2084,565,1,2
2084,566,1,2
2084,567,1,2
2084,568,1,2
2084,569,1,2
2084,570,1,2
2084,571,1,2
2084,572,1,2
2084,573,1,2
2084,574,1,2
2084,575,1,2
2084,576,1,2
2084,577,1,2
2084,578,1,2
2084,579,1,2
2084,580,1,2
2084,581,1,2
2084,582,1,2
2084,583,1,2
2084,584,1,3
2084,585,1,3
2084,586,1,3
2084,587,1,3
2084,588,1,3
2084,589,1,3
2084,590,1,3
2084,591,1,3
2084,592,1,3
2084,593,1,3
2084,594,1,3
2084,595,1,3
2084,596,1,3
2084,597,1,3
2084,598,1,3
2084,599,1,3
2084,600,1,3
2084,601,1,3
2084,602,1,3
2084,603,1,3
2084,604,1,3
2084,605,1,3
2084,606,1,3
2084,607,1,3
2084,608,1,3
2084,609,1,3
2084,610,1,3
2084,611,1,3
2084,612,1,3
2084,613,1,3
2084,614,1,3
2084,615,1,3
2084,616,1,3
2084,617,1,3
2084,618,1,3
2084,619,1,3
2084,620,1,3
2084,621,1,3
2084,622,1,3
2084,623,1,3
2084,624,1,3
2084,625,1,3
2084,626,1,3
2084,627,1,3
2084,628,1,3
2084,629,1,2
2084,630,1,2
2085,137,1,2
2085,138,1,2
2085,139,1,2
2085,140,1,2
2085,141,1,2
2085,142,1,2
2085,143,1,2
2085,144,1,2
2085,145,1,2
2085,146,1,2
2085,147,1,2
2085,148,1,2
2085,149,1,2
2085,150,1,2
2085,151,1,2
2085,152,1,2
2085,153,1,2
2085,154,1,2
2085,155,1,2
2085,156,1,2
2085,157,1,2
2085,158,1,2
2085,159,1,2
2085,160,1,2
2085,161,1,2
2085,162,1,2
2085,163,1,2
2085,164,1,2
2085,165,1,2
2085,166,1,2
2085,167,1,2
2085,168,1,2
2085,169,1,2
2085,170,1,2
2085,171,1,2
2085,172,1,2
2085,173,1,2
2085,174,1,2
2085,175,1,2
2085,176,1,2
2085,177,1,2
2085,178,1,2
2085,179,1,2
2085,180,1,2
2085,181,1,2
2085,182,1,2
2085,183,1,2
2085,184,1,2
2085,185,1,2
2085,186,1,2
2085,187,1,2
2085,188,1,2
2085,189,1,2
2085,190,1,2
2085,191,1,2
2085,192,1,2
2085,193,1,2
2085,194,1,2
2085,195,1,2
2085,196,1,2
2085,197,1,2
2085,198,1,2
2085,199,1,2
2085,200,1,2
2085,201,1,2
2085,202,1,2
2085,203,1,2
2085,204,1,2
2085,205,1,2
2085,206,1,2
2085,207,1,2
2085,208,1,2
2085,209,1,2
2085,210,1,2
2085,211,1,2
2085,212,1,2
2085,213,1,2
2085,214,1,2
2085,215,1,2
2085,216,1,2
2085,217,1,2
2085,218,1,2
2085,219,1,2
2085,220,1,2
2085,221,1,2
2085,222,1,2
2085,223,1,2
2085,224,1,2
2085,225,1,2
2085,226,1,2
2085,227,1,2
2085,228,1,2
2085,229,1,2
2085,230,1,2
2085,231,1,2
2085,232,1,2
2085,233,1,2
2085,234,1,2
2085,235,1,2
2085,236,1,2
2085,237,1,2
2085,238,1,2
2085,239,1,2
2085,240,1,2
2085,241,1,2
2085,242,1,2
2085,243,1,2
2085,244,1,2
2085,245,1,2
2085,246,1,2
2085,247,1,2
2085,248,1,2
2085,249,1,2
2085,250,1,2
2085,251,1,2
2085,252,1,2
2085,253,1,2
2085,254,1,2
2085,255,1,2
2085,256,1,2
2085,257,1,2
2085,258,1,2
2085,259,1,2
2085,260,1,2
2085,261,1,2
2085,262,1,2
2085,263,1,2
2085,264,1,2
2085,265,1,2
2085,266,1,2
2085,267,1,2
2085,268,1,2
2085,269,1,2
2085,270,1,2
2085,271,1,2
2085,272,1,2
2085,273,1,2
2085,274,1,2
2085,275,1,2
2085,276,1,2
2085,277,1,2
2085,278,1,2
2085,279,1,2
2085,280,1,2
2085,281,1,2
2085,282,1,2
2085,283,1,2
2085,284,1,2
2085,285,1,2
2085,286,1,2
2085,287,1,2
2085,288,1,2
2085,289,1,2
2085,290,1,2
2085,291,1,2
2085,292,1,2
2085,293,1,2
2085,294,1,2
2085,295,1,2
2085,296,1,2
2085,297,1,2
2085,298,1,2
2085,299,1,2
2085,300,1,2
2085,301,1,2
2085,302,1,2
2085,303,1,2
2085,304,1,2
2085,305,1,2
2085,306,1,2
2085,307,1,2
2085,308,1,2
2085,309,1,2
2085,310,1,2
2085,311,1,2
2085,312,1,2
2085,313,1,2
2085,314,1,2
2085,315,1,2
2085,316,1,2
2085,317,1,2
2085,318,1,2
2085,319,1,2
2085,320,1,2
2085,321,1,2
2085,322,1,2
2085,323,1,2
2085,324,1,2
2085,325,1,2
2085,326,1,2
2085,327,1,2
2085,328,1,2
2085,329,1,2
2085,330,1,2
2085,331,1,2
2085,332,1,2
2085,333,1,2
2085,334,1,2
2085,335,1,2
2085,336,1,2
2085,337,1,2
2085,338,1,2
2085,339,1,2
2085,340,1,2
2085,341,1,2
2085,342,1,2
2085,343,1,2
2085,344,1,2
2085,345,1,2
2085,346,1,2
2085,347,1,2
2085,348,1,2
2085,349,1,2
2085,350,1,2
2085,351,1,2
2085,352,1,2
2085,353,1,2
2085,354,1,2
2085,355,1,2
2085,356,1,2
2085,357,1,2
2085,358,1,2
2085,359,1,2
2085,360,1,2
2085,361,1,2
2085,362,1,2
2085,363,1,2
2085,364,1,2
2085,365,1,2
2085,366,1,2
2085,367,1,2
2085,368,1,2
2085,369,1,2
2085,370,1,2
2085,371,1,2
2085,372,1,2
2085,373,1,2
2085,374,1,2
2085,375,1,2
2085,376,1,2
2085,377,1,2
2085,378,1,2
2085,379,1,2
2085,380,1,2
2085,381,1,2
2085,382,1,2
2085,383,1,2
2085,384,1,2
2085,385,1,2
2085,386,1,2
2085,387,1,2
2085,388,1,2
2085,389,1,2
2085,390,1,2
2085,391,1,2
2085,392,1,2
2085,393,1,2
2085,394,1,2
2085,395,1,2
2085,396,1,2
2085,397,1,2
2085,398,1,2
2085,399,1,2
2085,400,1,2
2085,401,1,2
2085,402,1,2
2085,403,1,2
2085,404,1,2
2085,405,1,2
2085,406,1,2
2085,407,1,2
2085,408,1,2
2085,409,1,2
2085,410,1,2
2085,411,1,2
2085,412,1,2
2085,413,1,2
2085,414,1,2
2085,415,1,2
2085,416,1,2
2085,417,1,2
2085,418,1,2
2085,419,1,2
2085,420,1,2
2085,421,1,2
2085,422,1,2
2085,423,1,2
2085,424,1,2
2085,425,1,2
2085,426,1,2
2085,427,1,2
2085,428,1,2
2085,429,1,2
2085,430,1,2
2085,431,1,2
2085,432,1,2
2085,433,1,2
2085,434,1,2
2085,435,1,2
2085,436,1,2
2085,437,1,2
2085,438,1,2
2085,439,1,2
2085,440,1,2
2085,441,1,2
2085,442,1,2
2085,443,1,2
2085,444,1,2
2085,445,1,2
2085,446,1,2
2085,447,1,2
2085,448,1,2
2085,449,1,2
2085,450,1,2
2085,451,1,2
2085,452,1,2
2085,453,1,2
2085,454,1,2
2085,455,1,2
2085,456,1,2
2085,457,1,2
2085,458,1,2
2085,459,1,2
2085,460,1,2
2085,461,1,2
2085,462,1,2
2085,463,1,2
2085,464,1,2
2085,465,1,2
2085,466,1,2
2085,467,1,2
2085,468,1,2
2085,469,1,2
2085,470,1,2
2085,471,1,2
2085,472,1,2
2085,473,1,2
2085,474,1,2
2085,475,1,2
2085,476,1,2
2085,477,1,2
2085,478,1,2
2085,479,1,2
2085,480,1,2
2085,481,1,2
2085,482,1,2
2085,483,1,2
2085,484,1,2
2085,485,1,2
2085,486,1,2
2085,487,1,2
2085,488,1,2
2085,489,1,2
2085,490,1,2
2085,491,1,2
2085,492,1,2
2085,493,1,2
2085,494,1,2
2085,495,1,2
2085,496,1,2
2085,497,1,2
2085,498,1,2
2085,499,1,2
2085,500,1,2
2085,501,1,2
2085,502,1,2
2085,503,1,2
2085,504,1,2
2085,505,1,2
2085,506,1,2
2085,507,1,2
2085,508,1,2
2085,509,1,2
2085,510,1,2
2085,511,1,2
2085,512,1,2
2085,513,1,2
2085,514,1,2
2085,515,1,2
2085,516,1,2
2085,517,1,2
2085,518,1,2
2085,519,1,2
2085,520,1,2
2085,521,1,2
2085,522,1,2
2085,523,1,2
2085,524,1,2
2085,525,1,2
2085,526,1,2
2085,527,1,2
2085,528,1,2
2085,529,1,2
2085,530,1,2
2085,531,1,2
2085,532,1,2
2085,533,1,2
2085,534,1,2
2085,535,1,2
2085,536,1,2
2085,537,1,2
2085,538,1,2
2085,539,1,2
2085,540,1,2
2085,541,1,2
2085,542,1,2
2085,543,1,2
2085,544,1,2
2085,545,1,2
2085,546,1,2
2085,547,1,2
2085,548,1,2
2085,549,1,2
2085,550,1,2
2085,551,1,2
2085,552,1,2
2085,553,1,2
2085,554,1,2
2085,555,1,2
2085,556,1,2
2085,557,1,2
2085,558,1,2
2085,559,1,2
2085,560,1,2
2085,561,1,2
2085,562,1,2
2085,563,1,2
2085,564,1,2
2085,565,1,2
2085,566,1,2
2085,567,1,2
2085,568,1,2
2085,569,1,2
2085,570,1,2
2085,571,1,2
2085,572,1,2
2085,573,1,2
2085,574,1,2
2085,575,1,2
2085,576,1,2
2085,577,1,2
2085,578,1,2
2085,579,1,2
2085,580,1,2
2085,581,1,2
2085,582,1,2
2085,583,1,2
2085,584,1,3
2085,585,1,3
2085,586,1,3
2085,587,1,3
2085,588,1,3
2085,589,1,3
2085,590,1,3
2085,591,1,3
2085,592,1,3
2085,593,1,3
2085,594,1,3
2085,595,1,3
2085,596,1,3
2085,597,1,3
2085,598,1,3
2085,599,1,3
2085,600,1,3
2085,601,1,3
2085,602,1,3
2085,603,1,3
2085,604,1,3
2085,605,1,3
2085,606,1,3
2085,607,1,3
2085,608,1,3
2085,609,1,3
2085,610,1,3
2085,611,1,3
2085,612,1,3
2085,613,1,3
2085,614,1,3
2085,615,1,3
2085,616,1,3
2085,617,1,3
2085,618,1,3
2085,619,1,3
2085,620,1,3
2085,621,1,3
2085,622,1,3
2085,623,1,3
2085,624,1,3
2085,625,1,3
2085,626,1,3
2085,627,1,3
2085,628,1,3
2085,629,1,3
2085,630,1,2
2086,138,1,2
2086,139,1,2
2086,140,1,2
2086,141,1,2
2086,142,1,2
2086,143,1,2
2086,144,1,2
2086,145,1,2
2086,146,1,2
2086,147,1,2
2086,148,1,2
2086,149,1,2
2086,150,1,2
2086,151,1,2
2086,152,1,2
2086,153,1,2
2086,154,1,2
2086,155,1,2
2086,156,1,2
2086,157,1,2
2086,158,1,2
2086,159,1,2
2086,160,1,2
2086,161,1,2
2086,162,1,2
2086,163,1,2
2086,164,1,2
2086,165,1,2
2086,166,1,2
2086,167,1,2
2086,168,1,2
2086,169,1,2
2086,170,1,2
2086,171,1,2
2086,172,1,2
2086,173,1,2
2086,174,1,2
2086,175,1,2
2086,176,1,2
2086,177,1,2
2086,178,1,2
2086,179,1,2
2086,180,1,2
2086,181,1,2
2086,182,1,2
2086,183,1,2
2086,184,1,2
2086,185,1,2
2086,186,1,2
2086,187,1,2
2086,188,1,2
2086,189,1,2
2086,190,1,2
2086,191,1,2
2086,192,1,2
2086,193,1,2
2086,194,1,2
2086,195,1,2
2086,196,1,2
2086,197,1,2
2086,198,1,2
2086,199,1,2
2086,200,1,2
2086,201,1,2
2086,202,1,2
2086,203,1,2
2086,204,1,2
2086,205,1,2
2086,206,1,2
2086,207,1,2
2086,208,1,2
2086,209,1,2
2086,210,1,2
2086,211,1,2
2086,212,1,2
2086,213,1,2
2086,214,1,2
2086,215,1,2
2086,216,1,2
2086,217,1,2
2086,218,1,2
2086,219,1,2
2086,220,1,2
2086,221,1,2
2086,222,1,2
2086,223,1,2
2086,224,1,2
2086,225,1,2
2086,226,1,2
2086,227,1,2
2086,228,1,2
2086,229,1,2
2086,230,1,2
2086,231,1,2
2086,232,1,2
2086,233,1,2
2086,234,1,2
2086,235,1,2
2086,236,1,2
2086,237,1,2
2086,238,1,2
2086,239,1,2
2086,240,1,2
2086,241,1,2
2086,242,1,2
2086,243,1,2
2086,244,1,2
2086,245,1,2
2086,246,1,2
2086,247,1,2
2086,248,1,2
2086,249,1,2
2086,250,1,2
2086,251,1,2
2086,252,1,2
2086,253,1,2
2086,254,1,2
2086,255,1,2
2086,256,1,2
2086,257,1,2
2086,258,1,2
2086,259,1,2
2086,260,1,2
2086,261,1,2
2086,262,1,2
2086,263,1,2
2086,264,1,2
2086,265,1,2
2086,266,1,2
2086,267,1,2
2086,268,1,2
2086,269,1,2
2086,270,1,2
2086,271,1,2
2086,272,1,2
2086,273,1,2
2086,274,1,2
2086,275,1,2
2086,276,1,2
2086,277,1,2
2086,278,1,2
2086,279,1,2
2086,280,1,2
2086,281,1,2
2086,282,1,2
2086,283,1,2
2086,284,1,2
2086,285,1,2
2086,286,1,2
2086,287,1,2
2086,288,1,2
2086,289,1,2
2086,290,1,2
2086,291,1,2
2086,292,1,2
2086,293,1,2
2086,294,1,2
2086,295,1,2
2086,296,1,2
2086,297,1,2
2086,298,1,2
2086,299,1,2
2086,300,1,2
2086,301,1,2
2086,302,1,2
2086,303,1,2
2086,304,1,2
2086,305,1,2
2086,306,1,2
2086,307,1,2
2086,308,1,2
2086,309,1,2
2086,310,1,2
2086,311,1,2
2086,312,1,2
2086,313,1,2
2086,314,1,2
2086,315,1,2
2086,316,1,2
2086,317,1,2
2086,318,1,2
2086,319,1,2
2086,320,1,2
2086,321,1,2
2086,322,1,2
2086,323,1,2
2086,324,1,2
2086,325,1,2
2086,326,1,2
2086,327,1,2
2086,328,1,2
2086,329,1,2
2086,330,1,2
2086,331,1,2
2086,332,1,2
2086,333,1,2
2086,334,1,2
2086,335,1,2
2086,336,1,2
2086,337,1,2
2086,338,1,2
2086,339,1,2
2086,340,1,2
2086,341,1,2
2086,342,1,2
2086,343,1,2
2086,344,1,2
2086,345,1,2
2086,346,1,2
2086,347,1,2
2086,348,1,2
2086,349,1,2
2086,350,1,2
2086,351,1,2
2086,352,1,2
2086,353,1,2
2086,354,1,2
2086,355,1,2
2086,356,1,2
2086,357,1,2
2086,358,1,2
2086,359,1,2
2086,360,1,2
2086,361,1,2
2086,362,1,2
2086,363,1,2
2086,364,1,2
2086,365,1,2
2086,366,1,2
2086,367,1,2
2086,368,1,2
2086,369,1,2
2086,370,1,2
2086,371,1,2
2086,372,1,2
2086,373,1,2
2086,374,1,2
2086,375,1,2
2086,376,1,2
2086,377,1,2
2086,378,1,2
2086,379,1,2
2086,380,1,2
2086,381,1,2
2086,382,1,2
2086,383,1,2
2086,384,1,2
2086,385,1,2
2086,386,1,2
2086,387,1,2
2086,388,1,2
2086,389,1,2
2086,390,1,2
2086,391,1,2
2086,392,1,2
2086,393,1,2
2086,394,1,2
2086,395,1,2
2086,396,1,2
2086,397,1,2
2086,398,1,2
2086,399,1,2
2086,400,1,2
2086,401,1,2
2086,402,1,2
2086,403,1,2
2086,404,1,2
2086,405,1,2
2086,406,1,2
2086,407,1,2
2086,408,1,2
2086,409,1,2
2086,410,1,2
2086,411,1,2
2086,412,1,2
2086,413,1,2
2086,414,1,2
2086,415,1,2
2086,416,1,2
2086,417,1,2
2086,418,1,2
2086,419,1,2
2086,420,1,2
2086,421,1,2
2086,422,1,2
2086,423,1,2
2086,424,1,2
2086,425,1,2
2086,426,1,2
2086,427,1,2
2086,428,1,2
2086,429,1,2
2086,430,1,2
2086,431,1,2
2086,432,1,2
2086,433,1,2
2086,434,1,2
2086,435,1,2
2086,436,1,2
2086,437,1,2
2086,438,1,2
2086,439,1,2
2086,440,1,2
2086,441,1,2
2086,442,1,2
2086,443,1,2
2086,444,1,2
2086,445,1,2
2086,446,1,2
2086,447,1,2
2086,448,1,2
2086,449,1,2
2086,450,1,2
2086,451,1,2
2086,452,1,2
2086,453,1,2
2086,454,1,2
2086,455,1,2
2086,456,1,2
2086,457,1,2
2086,458,1,2
2086,459,1,2
2086,460,1,2
2086,461,1,2
2086,462,1,2
2086,463,1,2
2086,464,1,2
2086,465,1,2
2086,466,1,2
2086,467,1,2
2086,468,1,2
2086,469,1,2
2086,470,1,2
2086,471,1,2
2086,472,1,2
2086,473,1,2
2086,474,1,2
2086,475,1,2
2086,476,1,2
2086,477,1,2
2086,478,1,2
2086,479,1,2
2086,480,1,2
2086,481,1,2
2086,482,1,2
2086,483,1,2
2086,484,1,2
2086,485,1,2
2086,486,1,2
2086,487,1,2
2086,488,1,2
2086,489,1,2
2086,490,1,2
2086,491,1,2
2086,492,1,2
2086,493,1,2
2086,494,1,2
2086,495,1,2
2086,496,1,2
2086,497,1,2
2086,498,1,2
2086,499,1,2
2086,500,1,2
2086,501,1,2
2086,502,1,2
2086,503,1,2
2086,504,1,2
2086,505,1,2
2086,506,1,2
2086,507,1,2
2086,508,1,2
2086,509,1,2
2086,510,1,2
2086,511,1,2
2086,512,1,2
2086,513,1,2
2086,514,1,2
2086,515,1,2
2086,516,1,2
2086,517,1,2
2086,518,1,2
2086,519,1,2
2086,520,1,2
2086,521,1,2
2086,522,1,2
2086,523,1,2
2086,524,1,2
2086,525,1,2
2086,526,1,2
2086,527,1,2
2086,528,1,2
2086,529,1,2
2086,530,1,2
2086,531,1,2
2086,532,1,2
2086,533,1,2
2086,534,1,2
2086,535,1,2
2086,536,1,2
2086,537,1,2
2086,538,1,2
2086,539,1,2
2086,540,1,2
2086,541,1,2
2086,542,1,2
2086,543,1,2
2086,544,1,2
2086,545,1,2
2086,546,1,2
2086,547,1,2
2086,548,1,2
2086,549,1,2
2086,550,1,2
2086,551,1,2
2086,552,1,2
2086,553,1,2
2086,554,1,2
2086,555,1,2
2086,556,1,2
2086,557,1,2
2086,558,1,2
2086,559,1,2
2086,560,1,2
2086,561,1,2
2086,562,1,2
2086,563,1,2
2086,564,1,2
2086,565,1,2
2086,566,1,2
2086,567,1,2
2086,568,1,2
2086,569,1,2
2086,570,1,2
2086,571,1,2
2086,572,1,2
2086,573,1,2
2086,574,1,2
2086,575,1,2
2086,576,1,2
2086,577,1,2
2086,578,1,2
2086,579,1,2
2086,580,1,2
2086,581,1,2
2086,582,1,2
2086,583,1,2
2086,584,1,3
2086,585,1,3
2086,586,1,3
2086,587,1,3
2086,588,1,3
2086,589,1,3
2086,590,1,3
2086,591,1,3
2086,592,1,3
2086,593,1,3
2086,594,1,3
2086,595,1,3
2086,596,1,3
2086,597,1,3
2086,598,1,3
2086,599,1,3
2086,600,1,3
2086,601,1,3
2086,602,1,3
2086,603,1,3
2086,604,1,3
2086,605,1,3
2086,606,1,3
2086,607,1,3
2086,608,1,3
2086,609,1,3
2086,610,1,3
2086,611,1,3
2086,612,1,3
2086,613,1,3
2086,614,1,3
2086,615,1,3
2086,616,1,3
2086,617,1,3
2086,618,1,3
2086,619,1,3
2086,620,1,3
2086,621,1,3
2086,622,1,3
2086,623,1,3
2086,624,1,3
2086,625,1,3
2086,626,1,3
2086,627,1,3
2086,628,1,3
2086,629,1,3
2086,630,1,2
2086,631,1,2
2087,138,1,2
2087,139,1,2
2087,140,1,2
2087,141,1,2
2087,142,1,2
2087,143,1,2
2087,144,1,2
2087,145,1,2
2087,146,1,2
2087,147,1,2
2087,148,1,2
2087,149,1,2
2087,150,1,2
2087,151,1,2
2087,152,1,2
2087,153,1,2
2087,154,1,2
2087,155,1,2
2087,156,1,2
2087,157,1,2
2087,158,1,2
2087,159,1,2
2087,160,1,2
2087,161,1,2
2087,162,1,2
2087,163,1,2
2087,164,1,2
2087,165,1,2
2087,166,1,2
2087,167,1,2
2087,168,1,2
2087,169,1,2
2087,170,1,2
2087,171,1,2
2087,172,1,2
2087,173,1,2
2087,174,1,2
2087,175,1,2
2087,176,1,2
2087,177,1,2
2087,178,1,2
2087,179,1,2
2087,180,1,2
2087,181,1,2
2087,182,1,2
2087,183,1,2
2087,184,1,2
2087,185,1,2
2087,186,1,2
2087,187,1,2
2087,188,1,2
2087,189,1,2
2087,190,1,2
2087,191,1,2
2087,192,1,2
2087,193,1,2
2087,194,1,2
2087,195,1,2
2087,196,1,2
2087,197,1,2
2087,198,1,2
2087,199,1,2
2087,200,1,2
2087,201,1,2
2087,202,1,2
2087,203,1,2
2087,204,1,2
2087,205,1,2
2087,206,1,2
2087,207,1,2
2087,208,1,2
2087,209,1,2
2087,210,1,2
2087,211,1,2
2087,212,1,2
2087,213,1,2
2087,214,1,2
2087,215,1,2
2087,216,1,2
2087,217,1,2
2087,218,1,2
2087,219,1,2
2087,220,1,2
2087,221,1,2
2087,222,1,2
2087,223,1,2
2087,224,1,2
2087,225,1,2
2087,226,1,2
2087,227,1,2
2087,228,1,2
2087,229,1,2
2087,230,1,2
2087,231,1,2
2087,232,1,2
2087,233,1,2
2087,234,1,2
2087,235,1,2
2087,236,1,2
2087,237,1,2
2087,238,1,2
2087,239,1,2
2087,240,1,2
2087,241,1,2
2087,242,1,2
2087,243,1,2
2087,244,1,2
2087,245,1,2
2087,246,1,2
2087,247,1,2
2087,248,1,2
2087,249,1,2
2087,250,1,2
2087,251,1,2
2087,252,1,2
2087,253,1,2
2087,254,1,2
2087,255,1,2
2087,256,1,2
2087,257,1,2
2087,258,1,2
2087,259,1,2
2087,260,1,2
2087,261,1,2
2087,262,1,2
2087,263,1,2
2087,264,1,2
2087,265,1,2
2087,266,1,2
2087,267,1,2
2087,268,1,2
2087,269,1,2
2087,270,1,2
2087,271,1,2
2087,272,1,2
2087,273,1,2
2087,274,1,2
2087,275,1,2
2087,276,1,2
2087,277,1,2
2087,278,1,2
2087,279,1,2
2087,280,1,2
2087,281,1,2
2087,282,1,2
2087,283,1,2
2087,284,1,2
2087,285,1,2
2087,286,1,2
2087,287,1,2
2087,288,1,2
2087,289,1,2
2087,290,1,2
2087,291,1,2
2087,292,1,2
2087,293,1,2
2087,294,1,2
2087,295,1,2
2087,296,1,2
2087,297,1,2
2087,298,1,2
2087,299,1,2
2087,300,1,2
2087,301,1,2
2087,302,1,2
2087,303,1,2
2087,304,1,2
2087,305,1,2
2087,306,1,2
2087,307,1,2
2087,308,1,2
2087,309,1,2
2087,310,1,2
2087,311,1,2
2087,312,1,2
2087,313,1,2
2087,314,1,2
2087,315,1,2
2087,316,1,2
2087,317,1,2
2087,318,1,2
2087,319,1,2
2087,320,1,2
2087,321,1,2
2087,322,1,2
2087,323,1,2
2087,324,1,2
2087,325,1,2
2087,326,1,2
2087,327,1,2
2087,328,1,2
2087,329,1,2
2087,330,1,2
2087,331,1,2
2087,332,1,2
2087,333,1,2
2087,334,1,2
2087,335,1,2
2087,336,1,2
2087,337,1,2
2087,338,1,2
2087,339,1,2
2087,340,1,2
2087,341,1,2
2087,342,1,2
2087,343,1,2
2087,344,1,2
2087,345,1,2
2087,346,1,2
2087,347,1,2
2087,348,1,2
2087,349,1,2
2087,350,1,2
2087,351,1,2
2087,352,1,2
2087,353,1,2
2087,354,1,2
2087,355,1,2
2087,356,1,2
2087,357,1,2
2087,358,1,2
2087,359,1,2
2087,360,1,2
2087,361,1,2
2087,362,1,2
2087,363,1,2
2087,364,1,2
2087,365,1,2
2087,366,1,2
2087,367,1,2
2087,368,1,2
2087,369,1,2
2087,370,1,2
2087,371,1,2
2087,372,1,2
2087,373,1,2
2087,374,1,2
2087,375,1,2
2087,376,1,2
2087,377,1,2
2087,378,1,2
2087,379,1,2
2087,380,1,2
2087,381,1,2
2087,382,1,2
2087,383,1,2
2087,384,1,2
2087,385,1,2
2087,386,1,2
2087,387,1,2
2087,388,1,2
2087,389,1,2
2087,390,1,2
2087,391,1,2
2087,392,1,2
2087,393,1,2
2087,394,1,2
2087,395,1,2
2087,396,1,2
2087,397,1,2
2087,398,1,2
2087,399,1,2
2087,400,1,2
2087,401,1,2
2087,402,1,2
2087,403,1,2
2087,404,1,2
2087,405,1,2
2087,406,1,2
2087,407,1,2
2087,408,1,2
2087,409,1,2
2087,410,1,2
2087,411,1,2
2087,412,1,2
2087,413,1,2
2087,414,1,2
2087,415,1,2
2087,416,1,2
2087,417,1,2
2087,418,1,2
2087,419,1,2
2087,420,1,2
2087,421,1,2
2087,422,1,2
2087,423,1,2
2087,424,1,2
2087,425,1,2
2087,426,1,2
2087,427,1,2
2087,428,1,2
2087,429,1,2
2087,430,1,2
2087,431,1,2
2087,432,1,2
2087,433,1,2
2087,434,1,2
2087,435,1,2
2087,436,1,2
2087,437,1,2
2087,438,1,2
2087,439,1,2
2087,440,1,2
2087,441,1,2
2087,442,1,2
2087,443,1,2
2087,444,1,2
2087,445,1,2
2087,446,1,2
2087,447,1,2
2087,448,1,2
2087,449,1,2
2087,450,1,2
2087,451,1,2
2087,452,1,2
2087,453,1,2
2087,454,1,2
2087,455,1,2
2087,456,1,2
2087,457,1,2
2087,458,1,2
2087,459,1,2
2087,460,1,2
2087,461,1,2
2087,462,1,2
2087,463,1,2
2087,464,1,2
2087,465,1,2
2087,466,1,2
2087,467,1,2
2087,468,1,2
2087,469,1,2
2087,470,1,2
2087,471,1,2
2087,472,1,2
2087,473,1,2
2087,474,1,2
2087,475,1,2
2087,476,1,2
2087,477,1,2
2087,478,1,2
2087,479,1,2
2087,480,1,2
2087,481,1,2
2087,482,1,2
2087,483,1,2
2087,484,1,2
2087,485,1,2
2087,486,1,2
2087,487,1,2
2087,488,1,2
2087,489,1,2
2087,490,1,2
2087,491,1,2
2087,492,1,2
2087,493,1,2
2087,494,1,2
2087,495,1,2
2087,496,1,2
2087,497,1,2
2087,498,1,2
2087,499,1,2
2087,500,1,2
2087,501,1,2
2087,502,1,2
2087,503,1,2
2087,504,1,2
2087,505,1,2
2087,506,1,2
2087,507,1,2
2087,508,1,2
2087,509,1,2
2087,510,1,2
2087,511,1,2
2087,512,1,2
2087,513,1,2
2087,514,1,2
2087,515,1,2
2087,516,1,2
2087,517,1,2
2087,518,1,2
2087,519,1,2
2087,520,1,2
2087,521,1,2
2087,522,1,2
2087,523,1,2
2087,524,1,2
2087,525,1,2
2087,526,1,2
2087,527,1,2
2087,528,1,2
2087,529,1,2
2087,530,1,2
2087,531,1,2
2087,532,1,2
2087,533,1,2
2087,534,1,2
2087,535,1,2
2087,536,1,2
2087,537,1,2
2087,538,1,2
2087,539,1,2
2087,540,1,2
2087,541,1,2
2087,542,1,2
2087,543,1,2
2087,544,1,2
2087,545,1,2
2087,546,1,2
2087,547,1,2
2087,548,1,2
2087,549,1,2
2087,550,1,2
2087,551,1,2
2087,552,1,2
2087,553,1,2
2087,554,1,2
2087,555,1,2
2087,556,1,2
2087,557,1,2
2087,558,1,2
2087,559,1,2
2087,560,1,2
2087,561,1,2
2087,562,1,2
2087,563,1,2
2087,564,1,2
2087,565,1,2
2087,566,1,2
2087,567,1,2
2087,568,1,2
2087,569,1,2
2087,570,1,2
2087,571,1,2
2087,572,1,2
2087,573,1,2
2087,574,1,2
2087,575,1,2
2087,576,1,2
2087,577,1,2
2087,578,1,2
2087,579,1,2
2087,580,1,2
2087,581,1,2
2087,582,1,2
2087,583,1,3
2087,584,1,3
2087,585,1,3
2087,586,1,3
2087,587,1,3
2087,588,1,3
2087,589,1,3
2087,590,1,3
2087,591,1,3
2087,592,1,3
2087,593,1,3
2087,594,1,3
2087,595,1,3
2087,596,1,3
2087,597,1,3
2087,598,1,3
2087,599,1,3
2087,600,1,3
2087,601,1,3
2087,602,1,3
2087,603,1,3
2087,604,1,3
2087,605,1,3
2087,606,1,3
2087,607,1,3
2087,608,1,3
2087,609,1,3
2087,610,1,3
2087,611,1,3
2087,612,1,3
2087,613,1,3
2087,614,1,3
2087,615,1,3
2087,616,1,3
2087,617,1,3
2087,618,1,3
2087,619,1,3
2087,620,1,3
2087,621,1,3
2087,622,1,3
2087,623,1,3
2087,624,1,3
2087,625,1,3
2087,626,1,3
2087,627,1,3
2087,628,1,3
2087,629,1,3
2087,630,1,2
2087,631,1,2
2088,139,1,2
2088,140,1,2
2088,141,1,2
2088,142,1,2
2088,143,1,2
2088,144,1,2
2088,145,1,2
2088,146,1,2
2088,147,1,2
2088,148,1,2
2088,149,1,2
2088,150,1,2
2088,151,1,2
2088,152,1,2
2088,153,1,2
2088,154,1,2
2088,155,1,2
2088,156,1,2
2088,157,1,2
2088,158,1,2
2088,159,1,2
2088,160,1,2
2088,161,1,2
2088,162,1,2
2088,163,1,2
2088,164,1,2
2088,165,1,2
2088,166,1,2
2088,167,1,2
2088,168,1,2
2088,169,1,2
2088,170,1,2
2088,171,1,2
2088,172,1,2
2088,173,1,2
2088,174,1,2
2088,175,1,2
2088,176,1,2
2088,177,1,2
2088,178,1,2
2088,179,1,2
2088,180,1,2
2088,181,1,2
2088,182,1,2
2088,183,1,2
2088,184,1,2
2088,185,1,2
2088,186,1,2
2088,187,1,2
2088,188,1,2
2088,189,1,2
2088,190,1,2
2088,191,1,2
2088,192,1,2
2088,193,1,2
2088,194,1,2
2088,195,1,2
2088,196,1,2
2088,197,1,2
2088,198,1,2
2088,199,1,2
2088,200,1,2
2088,201,1,2
2088,202,1,2
2088,203,1,2
2088,204,1,2
2088,205,1,2
2088,206,1,2
2088,207,1,2
2088,208,1,2
2088,209,1,2
2088,210,1,2
2088,211,1,2
2088,212,1,2
2088,213,1,2
2088,214,1,2
2088,215,1,2
2088,216,1,2
2088,217,1,2
2088,218,1,2
2088,219,1,2
2088,220,1,2
2088,221,1,2
2088,222,1,2
2088,223,1,2
2088,224,1,2
2088,225,1,2
2088,226,1,2
2088,227,1,2
2088,228,1,2
2088,229,1,2
2088,230,1,2
2088,231,1,2
2088,232,1,2
2088,233,1,2
2088,234,1,2
2088,235,1,2
2088,236,1,2
2088,237,1,2
2088,238,1,2
2088,239,1,2
2088,240,1,2
2088,241,1,2
2088,242,1,2
2088,243,1,2
2088,244,1,2
2088,245,1,2
2088,246,1,2
2088,247,1,2
2088,248,1,2
2088,249,1,2
2088,250,1,2
2088,251,1,2
2088,252,1,2
2088,253,1,2
2088,254,1,2
2088,255,1,2
2088,256,1,2
2088,257,1,2
2088,258,1,2
2088,259,1,2
2088,260,1,2
2088,261,1,2
2088,262,1,2
2088,263,1,2
2088,264,1,2
2088,265,1,2
2088,266,1,2
2088,267,1,2
2088,268,1,2
2088,269,1,2
2088,270,1,2
2088,271,1,2
2088,272,1,2
2088,273,1,2
2088,274,1,2
2088,275,1,2
2088,276,1,2
2088,277,1,2
2088,278,1,2
2088,279,1,2
2088,280,1,2
2088,281,1,2
2088,282,1,2
2088,283,1,2
2088,284,1,2
2088,285,1,2
2088,286,1,2
2088,287,1,2
2088,288,1,2
2088,289,1,2
2088,290,1,2
2088,291,1,2
2088,292,1,2
2088,293,1,2
2088,294,1,2
2088,295,1,2
2088,296,1,2
2088,297,1,2
2088,298,1,2
2088,299,1,2
2088,300,1,2
2088,301,1,2
2088,302,1,2
2088,303,1,2
2088,304,1,2
2088,305,1,2
2088,306,1,2
2088,307,1,2
2088,308,1,2
2088,309,1,2
2088,310,1,2
2088,311,1,2
2088,312,1,2
2088,313,1,2
2088,314,1,2
2088,315,1,2
2088,316,1,2
2088,317,1,2
2088,318,1,2
2088,319,1,2
2088,320,1,2
2088,321,1,2
2088,322,1,2
2088,323,1,2
2088,324,1,2
2088,325,1,2
2088,326,1,2
2088,327,1,2
2088,328,1,2
2088,329,1,2
2088,330,1,2
2088,331,1,2
2088,332,1,2
2088,333,1,2
2088,334,1,2
2088,335,1,2
2088,336,1,2
2088,337,1,2
2088,338,1,2
2088,339,1,2
2088,340,1,2
2088,341,1,2
2088,342,1,2
2088,343,1,2
2088,344,1,2
2088,345,1,2
2088,346,1,2
2088,347,1,2
2088,348,1,2
2088,349,1,2
2088,350,1,2
2088,351,1,2
2088,352,1,2
2088,353,1,2
2088,354,1,2
2088,355,1,2
2088,356,1,2
2088,357,1,2
2088,358,1,2
2088,359,1,2
2088,360,1,2
2088,361,1,2
2088,362,1,2
2088,363,1,2
2088,364,1,2
2088,365,1,2
2088,366,1,2
2088,367,1,2
2088,368,1,2
2088,369,1,2
2088,370,1,2
2088,371,1,2
2088,372,1,2
2088,373,1,2
2088,374,1,2
2088,375,1,2
2088,376,1,2
2088,377,1,2
2088,378,1,2
2088,379,1,2
2088,380,1,2
2088,381,1,2
2088,382,1,2
2088,383,1,2
2088,384,1,2
2088,385,1,2
2088,386,1,2
2088,387,1,2
2088,388,1,2
2088,389,1,2
2088,390,1,2
2088,391,1,2
2088,392,1,2
2088,393,1,2
2088,394,1,2
2088,395,1,2
2088,396,1,2
2088,397,1,2
2088,398,1,2
2088,399,1,2
2088,400,1,2
2088,401,1,2
2088,402,1,2
2088,403,1,2
2088,404,1,2
2088,405,1,2
2088,406,1,2
2088,407,1,2
2088,408,1,2
2088,409,1,2
2088,410,1,2
2088,411,1,2
2088,412,1,2
2088,413,1,2
2088,414,1,2
2088,415,1,2
2088,416,1,2
2088,417,1,2
2088,418,1,2
2088,419,1,2
2088,420,1,2
2088,421,1,2
2088,422,1,2
2088,423,1,2
2088,424,1,2
2088,425,1,2
2088,426,1,2
2088,427,1,2
2088,428,1,2
2088,429,1,2
2088,430,1,2
2088,431,1,2
2088,432,1,2
2088,433,1,2
2088,434,1,2
2088,435,1,2
2088,436,1,2
2088,437,1,2
2088,438,1,2
2088,439,1,2
2088,440,1,2
2088,441,1,2
2088,442,1,2
2088,443,1,2
2088,444,1,2
2088,445,1,2
2088,446,1,2
2088,447,1,2
2088,448,1,2
2088,449,1,2
2088,450,1,2
2088,451,1,2
2088,452,1,2
2088,453,1,2
2088,454,1,2
2088,455,1,2
2088,456,1,2
2088,457,1,2
2088,458,1,2
2088,459,1,2
2088,460,1,2
2088,461,1,2
2088,462,1,2
2088,463,1,2
2088,464,1,2
2088,465,1,2
2088,466,1,2
2088,467,1,2
2088,468,1,2
2088,469,1,2
2088,470,1,2
2088,471,1,2
2088,472,1,2
2088,473,1,2
2088,474,1,2
2088,475,1,2
2088,476,1,2
2088,477,1,2
2088,478,1,2
2088,479,1,2
2088,480,1,2
2088,481,1,2
2088,482,1,2
2088,483,1,2
2088,484,1,2
2088,485,1,2
2088,486,1,2
2088,487,1,2
2088,488,1,2
2088,489,1,2
2088,490,1,2
2088,491,1,2
2088,492,1,2
2088,493,1,2
2088,494,1,2
2088,495,1,2
2088,496,1,2
2088,497,1,2
2088,498,1,2
2088,499,1,2
2088,500,1,2
2088,501,1,2
2088,502,1,2
2088,503,1,2
2088,504,1,2
2088,505,1,2
2088,506,1,2
2088,507,1,2
2088,508,1,2
2088,509,1,2
2088,510,1,2
2088,511,1,2
2088,512,1,2
2088,513,1,2
2088,514,1,2
2088,515,1,2
2088,516,1,2
2088,517,1,2
2088,518,1,2
2088,519,1,2
2088,520,1,2
2088,521,1,2
2088,522,1,2
2088,523,1,2
2088,524,1,2
2088,525,1,2
2088,526,1,2
2088,527,1,2
2088,528,1,2
2088,529,1,2
2088,530,1,2
2088,531,1,2
2088,532,1,2
2088,533,1,2
2088,534,1,2
2088,535,1,2
2088,536,1,2
2088,537,1,2
2088,538,1,2
2088,539,1,2
2088,540,1,2
2088,541,1,2
2088,542,1,2
2088,543,1,2
2088,544,1,2
2088,545,1,2
2088,546,1,2
2088,547,1,2
2088,548,1,2
2088,549,1,2
2088,550,1,2
2088,551,1,2
2088,552,1,2
2088,553,1,2
2088,554,1,2
2088,555,1,2
2088,556,1,2
2088,557,1,2
2088,558,1,2
2088,559,1,2
2088,560,1,2
2088,561,1,2
2088,562,1,2
2088,563,1,2
2088,564,1,2
2088,565,1,2
2088,566,1,2
2088,567,1,2
2088,568,1,2
2088,569,1,2
2088,570,1,2
2088,571,1,2
2088,572,1,2
2088,573,1,2
2088,574,1,2
2088,575,1,2
2088,576,1,2
2088,577,1,2
2088,578,1,2
2088,579,1,2
2088,580,1,2
2088,581,1,2
2088,582,1,2
2088,583,1,3
2088,584,1,3
2088,585,1,3
2088,586,1,3
2088,587,1,3
2088,588,1,3
2088,589,1,3
2088,590,1,3
2088,591,1,3
2088,592,1,3
2088,593,1,3
2088,594,1,3
2088,595,1,3
2088,596,1,3
2088,597,1,3
2088,598,1,3
2088,599,1,3
2088,600,1,3
2088,601,1,3
2088,602,1,3
2088,603,1,3
2088,604,1,3
2088,605,1,3
2088,606,1,3
2088,607,1,3
2088,608,1,3
2088,609,1,3
2088,610,1,3
2088,611,1,3
2088,612,1,3
2088,613,1,3
2088,614,1,3
2088,615,1,3
2088,616,1,3
2088,617,1,3
2088,618,1,3
2088,619,1,3
2088,620,1,3
2088,621,1,3
2088,622,1,3
2088,623,1,3
2088,624,1,3
2088,625,1,3
2088,626,1,3
2088,627,1,3
2088,628,1,3
2088,629,1,3
2088,630,1,2
2088,631,1,2
2089,139,1,2
2089,140,1,2
2089,141,1,2
2089,142,1,2
2089,143,1,2
2089,144,1,2
2089,145,1,2
2089,146,1,2
2089,147,1,2
2089,148,1,2
2089,149,1,2
2089,150,1,2
2089,151,1,2
2089,152,1,2
2089,153,1,2
2089,154,1,2
2089,155,1,2
2089,156,1,2
2089,157,1,2
2089,158,1,2
2089,159,1,2
2089,160,1,2
2089,161,1,2
2089,162,1,2
2089,163,1,2
2089,164,1,2
2089,165,1,2
2089,166,1,2
2089,167,1,2
2089,168,1,2
2089,169,1,2
2089,170,1,2
2089,171,1,2
2089,172,1,2
2089,173,1,2
2089,174,1,2
2089,175,1,2
2089,176,1,2
2089,177,1,2
2089,178,1,2
2089,179,1,2
2089,180,1,2
2089,181,1,2
2089,182,1,2
2089,183,1,2
2089,184,1,2
2089,185,1,2
2089,186,1,2
2089,187,1,2
2089,188,1,2
2089,189,1,2
2089,190,1,2
2089,191,1,2
2089,192,1,2
2089,193,1,2
2089,194,1,2
2089,195,1,2
2089,196,1,2
2089,197,1,2
2089,198,1,2
2089,199,1,2
2089,200,1,2
2089,201,1,2
2089,202,1,2
2089,203,1,2
2089,204,1,2
2089,205,1,2
2089,206,1,2
2089,207,1,2
2089,208,1,2
2089,209,1,2
2089,210,1,2
2089,211,1,2
2089,212,1,2
2089,213,1,2
2089,214,1,2
2089,215,1,2
2089,216,1,2
2089,217,1,2
2089,218,1,2
2089,219,1,2
2089,220,1,2
2089,221,1,2
2089,222,1,2
2089,223,1,2
2089,224,1,2
2089,225,1,2
2089,226,1,2
2089,227,1,2
2089,228,1,2
2089,229,1,2
2089,230,1,2
2089,231,1,2
2089,232,1,2
2089,233,1,2
2089,234,1,2
2089,235,1,2
2089,236,1,2
2089,237,1,2
2089,238,1,2
2089,239,1,2
2089,240,1,2
2089,241,1,2
2089,242,1,2
2089,243,1,2
2089,244,1,2
2089,245,1,2
2089,246,1,2
2089,247,1,2
2089,248,1,2
2089,249,1,2
2089,250,1,2
2089,251,1,2
2089,252,1,2
2089,253,1,2
2089,254,1,2
2089,255,1,2
2089,256,1,2
2089,257,1,2
2089,258,1,2
2089,259,1,2
2089,260,1,2
2089,261,1,2
2089,262,1,2
2089,263,1,2
2089,264,1,2
2089,265,1,2
2089,266,1,2
2089,267,1,2
2089,268,1,2
2089,269,1,2
2089,270,1,2
2089,271,1,2
2089,272,1,2
2089,273,1,2
2089,274,1,2
2089,275,1,2
2089,276,1,2
2089,277,1,2
2089,278,1,2
2089,279,1,2
2089,280,1,2
2089,281,1,2
2089,282,1,2
2089,283,1,2
2089,284,1,2
2089,285,1,2
2089,286,1,2
2089,287,1,2
2089,288,1,2
2089,289,1,2
2089,290,1,2
2089,291,1,2
2089,292,1,2
2089,293,1,2
2089,294,1,2
2089,295,1,2
2089,296,1,2
2089,297,1,2
2089,298,1,2
2089,299,1,2
2089,300,1,2
2089,301,1,2
2089,302,1,2
2089,303,1,2
2089,304,1,2
2089,305,1,2
2089,306,1,2
2089,307,1,2
2089,308,1,2
2089,309,1,2
2089,310,1,2
2089,311,1,2
2089,312,1,2
2089,313,1,2
2089,314,1,2
2089,315,1,2
2089,316,1,2
2089,317,1,2
2089,318,1,2
2089,319,1,2
2089,320,1,2
2089,321,1,2
2089,322,1,2
2089,323,1,2
2089,324,1,2
2089,325,1,2
2089,326,1,2
2089,327,1,2
2089,328,1,2
2089,329,1,2
2089,330,1,2
2089,331,1,2
2089,332,1,2
2089,333,1,2
2089,334,1,2
2089,335,1,2
2089,336,1,2
2089,337,1,2
2089,338,1,2
2089,339,1,2
2089,340,1,2
2089,341,1,2
2089,342,1,2
2089,343,1,2
2089,344,1,2
2089,345,1,2
2089,346,1,2
2089,347,1,2
2089,348,1,2
2089,349,1,2
2089,350,1,2
2089,351,1,2
2089,352,1,2
2089,353,1,2
2089,354,1,2
2089,355,1,2
2089,356,1,2
2089,357,1,2
2089,358,1,2
2089,359,1,2
2089,360,1,2
2089,361,1,2
2089,362,1,2
2089,363,1,2
2089,364,1,2
2089,365,1,2
2089,366,1,2
2089,367,1,2
2089,368,1,2
2089,369,1,2
2089,370,1,2
2089,371,1,2
2089,372,1,2
2089,373,1,2
2089,374,1,2
2089,375,1,2
2089,376,1,2
2089,377,1,2
2089,378,1,2
2089,379,1,2
2089,380,1,2
2089,381,1,2
2089,382,1,2
2089,383,1,2
2089,384,1,2
2089,385,1,2
2089,386,1,2
2089,387,1,2
2089,388,1,2
2089,389,1,2
2089,390,1,2
2089,391,1,2
2089,392,1,2
2089,393,1,2
2089,394,1,2
2089,395,1,2
2089,396,1,2
2089,397,1,2
2089,398,1,2
2089,399,1,2
2089,400,1,2
2089,401,1,2
2089,402,1,2
2089,403,1,2
2089,404,1,2
2089,405,1,2
2089,406,1,2
2089,407,1,2
2089,408,1,2
2089,409,1,2
2089,410,1,2
2089,411,1,2
2089,412,1,2
2089,413,1,2
2089,414,1,2
2089,415,1,2
2089,416,1,2
2089,417,1,2
2089,418,1,2
2089,419,1,2
2089,420,1,2
2089,421,1,2
2089,422,1,2
2089,423,1,2
2089,424,1,2
2089,425,1,2
2089,426,1,2
2089,427,1,2
2089,428,1,2
2089,429,1,2
2089,430,1,2
2089,431,1,2
2089,432,1,2
2089,433,1,2
2089,434,1,2
2089,435,1,2
2089,436,1,2
2089,437,1,2
2089,438,1,2
2089,439,1,2
2089,440,1,2
2089,441,1,2
2089,442,1,2
2089,443,1,2
2089,444,1,2
2089,445,1,2
2089,446,1,2
2089,447,1,2
2089,448,1,2
2089,449,1,2
2089,450,1,2
2089,451,1,2
2089,452,1,2
2089,453,1,2
2089,454,1,2
2089,455,1,2
2089,456,1,2
2089,457,1,2
2089,458,1,2
2089,459,1,2
2089,460,1,2
2089,461,1,2
2089,462,1,2
2089,463,1,2
2089,464,1,2
2089,465,1,2
2089,466,1,2
2089,467,1,2
2089,468,1,2
2089,469,1,2
2089,470,1,2
2089,471,1,2
2089,472,1,2
2089,473,1,2
2089,474,1,2
2089,475,1,2
2089,476,1,2
2089,477,1,2
2089,478,1,2
2089,479,1,2
2089,480,1,2
2089,481,1,2
2089,482,1,2
2089,483,1,2
2089,484,1,2
2089,485,1,2
2089,486,1,2
2089,487,1,2
2089,488,1,2
2089,489,1,2
2089,490,1,2
2089,491,1,2
2089,492,1,2
2089,493,1,2
2089,494,1,2
2089,495,1,2
2089,496,1,2
2089,497,1,2
2089,498,1,2
2089,499,1,2
2089,500,1,2
2089,501,1,2
2089,502,1,2
2089,503,1,2
2089,504,1,2
2089,505,1,2
2089,506,1,2
2089,507,1,2
2089,508,1,2
2089,509,1,2
2089,510,1,2
2089,511,1,2
2089,512,1,2
2089,513,1,2
2089,514,1,2
2089,515,1,2
2089,516,1,2
2089,517,1,2
2089,518,1,2
2089,519,1,2
2089,520,1,2
2089,521,1,2
2089,522,1,2
2089,523,1,2
2089,524,1,2
2089,525,1,2
2089,526,1,2
2089,527,1,2
2089,528,1,2
2089,529,1,2
2089,530,1,2
2089,531,1,2
2089,532,1,2
2089,533,1,2
2089,534,1,2
2089,535,1,2
2089,536,1,2
2089,537,1,2
2089,538,1,2
2089,539,1,2
2089,540,1,2
2089,541,1,2
2089,542,1,2
2089,543,1,2
2089,544,1,2
2089,545,1,2
2089,546,1,2
2089,547,1,2
2089,548,1,2
2089,549,1,2
2089,550,1,2
2089,551,1,2
2089,552,1,2
2089,553,1,2
2089,554,1,2
2089,555,1,2
2089,556,1,2
2089,557,1,2
2089,558,1,2
2089,559,1,2
2089,560,1,2
2089,561,1,2
2089,562,1,2
2089,563,1,2
2089,564,1,2
2089,565,1,2
2089,566,1,2
2089,567,1,2
2089,568,1,2
2089,569,1,2
2089,570,1,2
2089,571,1,2
2089,572,1,2
2089,573,1,2
2089,574,1,2
2089,575,1,2
2089,576,1,2
2089,577,1,2
2089,578,1,2
2089,579,1,2
2089,580,1,2
2089,581,1,2
2089,582,1,2
2089,583,1,3
2089,584,1,3
2089,585,1,3
2089,586,1,3
2089,587,1,3
2089,588,1,3
2089,589,1,3
2089,590,1,3
2089,591,1,3
2089,592,1,3
2089,593,1,3
2089,594,1,3
2089,595,1,3
2089,596,1,3
2089,597,1,3
2089,598,1,3
2089,599,1,3
2089,600,1,3
2089,601,1,3
2089,602,1,3
2089,603,1,3
2089,604,1,3
2089,605,1,3
2089,606,1,3
2089,607,1,3
2089,608,1,3
2089,609,1,3
2089,610,1,3
2089,611,1,3
2089,612,1,3
2089,613,1,3
2089,614,1,3
2089,615,1,3
2089,616,1,3
2089,617,1,3
2089,618,1,3
2089,619,1,3
2089,620,1,3
2089,621,1,3
2089,622,1,3
2089,623,1,3
2089,624,1,3
2089,625,1,3
2089,626,1,3
2089,627,1,3
2089,628,1,3
2089,629,1,2
2089,630,1,2
2089,631,1,2
2090,140,1,2
2090,141,1,2
2090,142,1,2
2090,143,1,2
2090,144,1,2
2090,145,1,2
2090,146,1,2
2090,147,1,2
2090,148,1,2
2090,149,1,2
2090,150,1,2
2090,151,1,2
2090,152,1,2
2090,153,1,2
2090,154,1,2
2090,155,1,2
2090,156,1,2
2090,157,1,2
2090,158,1,2
2090,159,1,2
2090,160,1,2
2090,161,1,2
2090,162,1,2
2090,163,1,2
2090,164,1,2
2090,165,1,2
2090,166,1,2
2090,167,1,2
2090,168,1,2
2090,169,1,2
2090,170,1,2
2090,171,1,2
2090,172,1,2
2090,173,1,2
2090,174,1,2
2090,175,1,2
2090,176,1,2
2090,177,1,2
2090,178,1,2
2090,179,1,2
2090,180,1,2
2090,181,1,2
2090,182,1,2
2090,183,1,2
2090,184,1,2
2090,185,1,2
2090,186,1,2
2090,187,1,2
2090,188,1,2
2090,189,1,2
2090,190,1,2
2090,191,1,2
2090,192,1,2
2090,193,1,2
2090,194,1,2
2090,195,1,2
2090,196,1,2
2090,197,1,2
2090,198,1,2
2090,199,1,2
2090,200,1,2
2090,201,1,2
2090,202,1,2
2090,203,1,2
2090,204,1,2
2090,205,1,2
2090,206,1,2
2090,207,1,2
2090,208,1,2
2090,209,1,2
2090,210,1,2
2090,211,1,2
2090,212,1,2
2090,213,1,2
2090,214,1,2
2090,215,1,2
2090,216,1,2
2090,217,1,2
2090,218,1,2
2090,219,1,2
2090,220,1,2
2090,221,1,2
2090,222,1,2
2090,223,1,2
2090,224,1,2
2090,225,1,2
2090,226,1,2
2090,227,1,2
2090,228,1,2
2090,229,1,2
2090,230,1,2
2090,231,1,2
2090,232,1,2
2090,233,1,2
2090,234,1,2
2090,235,1,2
2090,236,1,2
2090,237,1,2
2090,238,1,2
2090,239,1,2
2090,240,1,2
2090,241,1,2
2090,242,1,2
2090,243,1,2
2090,244,1,2
2090,245,1,2
2090,246,1,2
2090,247,1,2
2090,248,1,2
2090,249,1,2
2090,250,1,2
2090,251,1,2
2090,252,1,2
2090,253,1,2
2090,254,1,2
2090,255,1,2
2090,256,1,2
2090,257,1,2
2090,258,1,2
2090,259,1,2
2090,260,1,2
2090,261,1,2
2090,262,1,2
2090,263,1,2
2090,264,1,2
2090,265,1,2
2090,266,1,2
2090,267,1,2
2090,268,1,2
2090,269,1,2
2090,270,1,2
2090,271,1,2
2090,272,1,2
2090,273,1,2
2090,274,1,2
2090,275,1,2
2090,276,1,2
2090,277,1,2
2090,278,1,2
2090,279,1,2
2090,280,1,2
2090,281,1,2
2090,282,1,2
2090,283,1,2
2090,284,1,2
2090,285,1,2
2090,286,1,2
2090,287,1,2
2090,288,1,2
2090,289,1,2
2090,290,1,2
2090,291,1,2
2090,292,1,2
2090,293,1,2
2090,294,1,2
2090,295,1,2
2090,296,1,2
2090,297,1,2
2090,298,1,2
2090,299,1,2
2090,300,1,2
2090,301,1,2
2090,302,1,2
2090,303,1,2
2090,304,1,2
2090,305,1,2
2090,306,1,2
2090,307,1,2
2090,308,1,2
2090,309,1,2
2090,310,1,2
2090,311,1,2
2090,312,1,2
2090,313,1,2
2090,314,1,2
2090,315,1,2
2090,316,1,2
2090,317,1,2
2090,318,1,2
2090,319,1,2
2090,320,1,2
2090,321,1,2
2090,322,1,2
2090,323,1,2
2090,324,1,2
2090,325,1,2
2090,326,1,2
2090,327,1,2
2090,328,1,2
2090,329,1,2
2090,330,1,2
2090,331,1,2
2090,332,1,2
2090,333,1,2
2090,334,1,2
2090,335,1,2
2090,336,1,2
2090,337,1,2
2090,338,1,2
2090,339,1,2
2090,340,1,2
2090,341,1,2
2090,342,1,2
2090,343,1,2
2090,344,1,2
2090,345,1,2
2090,346,1,2
2090,347,1,2
2090,348,1,2
2090,349,1,2
2090,350,1,2
2090,351,1,2
2090,352,1,2
2090,353,1,2
2090,354,1,2
2090,355,1,2
2090,356,1,2
2090,357,1,2
2090,358,1,2
2090,359,1,2
2090,360,1,2
2090,361,1,2
2090,362,1,2
2090,363,1,2
2090,364,1,2
2090,365,1,2
2090,366,1,2
2090,367,1,2
2090,368,1,2
2090,369,1,2
2090,370,1,2
2090,371,1,2
2090,372,1,2
2090,373,1,2
2090,374,1,2
2090,375,1,2
2090,376,1,2
2090,377,1,2
2090,378,1,2
2090,379,1,2
2090,380,1,2
2090,381,1,2
2090,382,1,2
2090,383,1,2
2090,384,1,2
2090,385,1,2
2090,386,1,2
2090,387,1,2
2090,388,1,2
2090,389,1,2
2090,390,1,2
2090,391,1,2
2090,392,1,2
2090,393,1,2
2090,394,1,2
2090,395,1,2
2090,396,1,2
2090,397,1,2
2090,398,1,2
2090,399,1,2
2090,400,1,2
2090,401,1,2
2090,402,1,2
2090,403,1,2
2090,404,1,2
2090,405,1,2
2090,406,1,2
2090,407,1,2
2090,408,1,2
2090,409,1,2
2090,410,1,2
2090,411,1,2
2090,412,1,2
2090,413,1,2
2090,414,1,2
2090,415,1,2
2090,416,1,2
2090,417,1,2
2090,418,1,2
2090,419,1,2
2090,420,1,2
2090,421,1,2
2090,422,1,2
2090,423,1,2
2090,424,1,2
2090,425,1,2
2090,426,1,2
2090,427,1,2
2090,428,1,2
2090,429,1,2
2090,430,1,2
2090,431,1,2
2090,432,1,2
2090,433,1,2
2090,434,1,2
2090,435,1,2
2090,436,1,2
2090,437,1,2
2090,438,1,2
2090,439,1,2
2090,440,1,2
2090,441,1,2
2090,442,1,2
2090,443,1,2
2090,444,1,2
2090,445,1,2
2090,446,1,2
2090,447,1,2
2090,448,1,2
2090,449,1,2
2090,450,1,2
2090,451,1,2
2090,452,1,2
2090,453,1,2
2090,454,1,2
2090,455,1,2
2090,456,1,2
2090,457,1,2
2090,458,1,2
2090,459,1,2
2090,460,1,2
2090,461,1,2
2090,462,1,2
2090,463,1,2
2090,464,1,2
2090,465,1,2
2090,466,1,2
2090,467,1,2
2090,468,1,2
2090,469,1,2
2090,470,1,2
2090,471,1,2
2090,472,1,2
2090,473,1,2
2090,474,1,2
2090,475,1,2
2090,476,1,2
2090,477,1,2
2090,478,1,2
2090,479,1,2
2090,480,1,2
2090,481,1,2
2090,482,1,2
2090,483,1,2
2090,484,1,2
2090,485,1,2
2090,486,1,2
2090,487,1,2
2090,488,1,2
2090,489,1,2
2090,490,1,2
2090,491,1,2
2090,492,1,2
2090,493,1,2
2090,494,1,2
2090,495,1,2
2090,496,1,2
2090,497,1,2
2090,498,1,2
2090,499,1,2
2090,500,1,2
2090,501,1,2
2090,502,1,2
2090,503,1,2
2090,504,1,2
2090,505,1,2
2090,506,1,2
2090,507,1,2
2090,508,1,2
2090,509,1,2
2090,510,1,2
2090,511,1,2
2090,512,1,2
2090,513,1,2
2090,514,1,2
2090,515,1,2
2090,516,1,2
2090,517,1,2
2090,518,1,2
2090,519,1,2
2090,520,1,2
2090,521,1,2
2090,522,1,2
2090,523,1,2
2090,524,1,2
2090,525,1,2
2090,526,1,2
2090,527,1,2
2090,528,1,2
2090,529,1,2
2090,530,1,2
2090,531,1,2
2090,532,1,2
2090,533,1,2
2090,534,1,2
2090,535,1,2
2090,536,1,2
2090,537,1,2
2090,538,1,2
2090,539,1,2
2090,540,1,2
2090,541,1,2
2090,542,1,2
2090,543,1,2
2090,544,1,2
2090,545,1,2
2090,546,1,2
2090,547,1,2
2090,548,1,2
2090,549,1,2
2090,550,1,2
2090,551,1,2
2090,552,1,2
2090,553,1,2
2090,554,1,2
2090,555,1,2
2090,556,1,2
2090,557,1,2
2090,558,1,2
2090,559,1,2
2090,560,1,2
2090,561,1,2
2090,562,1,2
2090,563,1,2
2090,564,1,2
2090,565,1,2
2090,566,1,2
2090,567,1,2
2090,568,1,2
2090,569,1,2
2090,570,1,2
2090,571,1,2
2090,572,1,2
2090,573,1,2
2090,574,1,2
2090,575,1,2
2090,576,1,2
2090,577,1,2
2090,578,1,2
2090,579,1,2
2090,580,1,2
2090,581,1,2
2090,582,1,3
2090,583,1,3
2090,584,1,3
2090,585,1,3
2090,586,1,3
2090,587,1,3
2090,588,1,3
2090,589,1,3
2090,590,1,3
2090,591,1,3
2090,592,1,3
2090,593,1,3
2090,594,1,3
2090,595,1,3
2090,596,1,3
2090,597,1,3
2090,598,1,3
2090,599,1,3
2090,600,1,3
2090,601,1,3
2090,602,1,3
2090,603,1,3
2090,604,1,3
2090,605,1,3
2090,606,1,3
2090,607,1,3
2090,608,1,3
2090,609,1,3
2090,610,1,3
2090,611,1,3
2090,612,1,3
2090,613,1,3
2090,614,1,3
2090,615,1,3
2090,616,1,3
2090,617,1,3
2090,618,1,3
2090,619,1,3
2090,620,1,3
2090,621,1,3
2090,622,1,3
2090,623,1,3
2090,624,1,3
2090,625,1,3
2090,626,1,3
2090,627,1,3
2090,628,1,3
2090,629,1,3
2090,630,1,2
2090,631,1,2
2090,632,1,2
2091,140,1,2
2091,141,1,2
2091,142,1,2
2091,143,1,2
2091,144,1,2
2091,145,1,2
2091,146,1,2
2091,147,1,2
2091,148,1,2
2091,149,1,2
2091,150,1,2
2091,151,1,2
2091,152,1,2
2091,153,1,2
2091,154,1,2
2091,155,1,2
2091,156,1,2
2091,157,1,2
2091,158,1,2
2091,159,1,2
2091,160,1,2
2091,161,1,2
2091,162,1,2
2091,163,1,2
2091,164,1,2
2091,165,1,2
2091,166,1,2
2091,167,1,2
2091,168,1,2
2091,169,1,2
2091,170,1,2
2091,171,1,2
2091,172,1,2
2091,173,1,2
2091,174,1,2
2091,175,1,2
2091,176,1,2
2091,177,1,2
2091,178,1,2
2091,179,1,2
2091,180,1,2
2091,181,1,2
2091,182,1,2
2091,183,1,2
2091,184,1,2
2091,185,1,2
2091,186,1,2
2091,187,1,2
2091,188,1,2
2091,189,1,2
2091,190,1,2
2091,191,1,2
2091,192,1,2
2091,193,1,2
2091,194,1,2
2091,195,1,2
2091,196,1,2
2091,197,1,2
2091,198,1,2
2091,199,1,2
2091,200,1,2
2091,201,1,2
2091,202,1,2
2091,203,1,2
2091,204,1,2
2091,205,1,2
2091,206,1,2
2091,207,1,2
2091,208,1,2
2091,209,1,2
2091,210,1,2
2091,211,1,2
2091,212,1,2
2091,213,1,2
2091,214,1,2
2091,215,1,2
2091,216,1,2
2091,217,1,2
2091,218,1,2
2091,219,1,2
2091,220,1,2
2091,221,1,2
2091,222,1,2
2091,223,1,2
2091,224,1,2
2091,225,1,2
2091,226,1,2
2091,227,1,2
2091,228,1,2
2091,229,1,2
2091,230,1,2
2091,231,1,2
2091,232,1,2
2091,233,1,2
2091,234,1,2
2091,235,1,2
2091,236,1,2
2091,237,1,2
2091,238,1,2
2091,239,1,2
2091,240,1,2
2091,241,1,2
2091,242,1,2
2091,243,1,2
2091,244,1,2
2091,245,1,2
2091,246,1,2
2091,247,1,2
2091,248,1,2
2091,249,1,2
2091,250,1,2
2091,251,1,2
2091,252,1,2
2091,253,1,2
2091,254,1,2
2091,255,1,2
2091,256,1,2
2091,257,1,2
2091,258,1,2
2091,259,1,2
2091,260,1,2
2091,261,1,2
2091,262,1,2
2091,263,1,2
2091,264,1,2
2091,265,1,2
2091,266,1,2
2091,267,1,2
2091,268,1,2
2091,269,1,2
2091,270,1,2
2091,271,1,2
2091,272,1,2
2091,273,1,2
2091,274,1,2
2091,275,1,2
2091,276,1,2
2091,277,1,2
2091,278,1,2
2091,279,1,2
2091,280,1,2
2091,281,1,2
2091,282,1,2
2091,283,1,2
2091,284,1,2
2091,285,1,2
2091,286,1,2
2091,287,1,2
2091,288,1,2
2091,289,1,2
2091,290,1,2
2091,291,1,2
2091,292,1,2
2091,293,1,2
2091,294,1,2
2091,295,1,2
2091,296,1,2
2091,297,1,2
2091,298,1,2
2091,299,1,2
2091,300,1,2
2091,301,1,2
2091,302,1,2
2091,303,1,2
2091,304,1,2
2091,305,1,2
2091,306,1,2
2091,307,1,2
2091,308,1,2
2091,309,1,2
2091,310,1,2
2091,311,1,2
2091,312,1,2
2091,313,1,2
2091,314,1,2
2091,315,1,2
2091,316,1,2
2091,317,1,2
2091,318,1,2
2091,319,1,2
2091,320,1,2
2091,321,1,2
2091,322,1,2
2091,323,1,2
2091,324,1,2
2091,325,1,2
2091,326,1,2
2091,327,1,2
2091,328,1,2
2091,329,1,2
2091,330,1,2
2091,331,1,2
2091,332,1,2
2091,333,1,2
2091,334,1,2
2091,335,1,2
2091,336,1,2
2091,337,1,2
2091,338,1,2
2091,339,1,2
2091,340,1,2
2091,341,1,2
2091,342,1,2
2091,343,1,2
2091,344,1,2
2091,345,1,2
2091,346,1,2
2091,347,1,2
2091,348,1,2
2091,349,1,2
2091,350,1,2
2091,351,1,2
2091,352,1,2
2091,353,1,2
2091,354,1,2
2091,355,1,2
2091,356,1,2
2091,357,1,2
2091,358,1,2
2091,359,1,2
2091,360,1,2
2091,361,1,2
2091,362,1,2
2091,363,1,2
2091,364,1,2
2091,365,1,2
2091,366,1,2
2091,367,1,2
2091,368,1,2
2091,369,1,2
2091,370,1,2
2091,371,1,2
2091,372,1,2
2091,373,1,2
2091,374,1,2
2091,375,1,2
2091,376,1,2
2091,377,1,2
2091,378,1,2
2091,379,1,2
2091,380,1,2
2091,381,1,2
2091,382,1,2
2091,383,1,2
2091,384,1,2
2091,385,1,2
2091,386,1,2
2091,387,1,2
2091,388,1,2
2091,389,1,2
2091,390,1,2
2091,391,1,2
2091,392,1,2
2091,393,1,2
2091,394,1,2
2091,395,1,2
2091,396,1,2
2091,397,1,2
2091,398,1,2
2091,399,1,2
2091,400,1,2
2091,401,1,2
2091,402,1,2
2091,403,1,2
2091,404,1,2
2091,405,1,2
2091,406,1,2
2091,407,1,2
2091,408,1,2
2091,409,1,2
2091,410,1,2
2091,411,1,2
2091,412,1,2
2091,413,1,2
2091,414,1,2
2091,415,1,2
2091,416,1,2
2091,417,1,2
2091,418,1,2
2091,419,1,2
2091,420,1,2
2091,421,1,2
2091,422,1,2
2091,423,1,2
2091,424,1,2
2091,425,1,2
2091,426,1,2
2091,427,1,2
2091,428,1,2
2091,429,1,2
2091,430,1,2
2091,431,1,2
2091,432,1,2
2091,433,1,2
2091,434,1,2
2091,435,1,2
2091,436,1,2
2091,437,1,2
2091,438,1,2
2091,439,1,2
2091,440,1,2
2091,441,1,2
2091,442,1,2
2091,443,1,2
2091,444,1,2
2091,445,1,2
2091,446,1,2
2091,447,1,2
2091,448,1,2
2091,449,1,2
2091,450,1,2
2091,451,1,2
2091,452,1,2
2091,453,1,2
2091,454,1,2
2091,455,1,2
2091,456,1,2
2091,457,1,2
2091,458,1,2
2091,459,1,2
2091,460,1,2
2091,461,1,2
2091,462,1,2
2091,463,1,2
2091,464,1,2
2091,465,1,2
2091,466,1,2
2091,467,1,2
2091,468,1,2
2091,469,1,2
2091,470,1,2
2091,471,1,2
2091,472,1,2
2091,473,1,2
2091,474,1,2
2091,475,1,2
2091,476,1,2
2091,477,1,2
2091,478,1,2
2091,479,1,2
2091,480,1,2
2091,481,1,2
2091,482,1,2
2091,483,1,2
2091,484,1,2
2091,485,1,2
2091,486,1,2
2091,487,1,2
2091,488,1,2
2091,489,1,2
2091,490,1,2
2091,491,1,2
2091,492,1,2
2091,493,1,2
2091,494,1,2
2091,495,1,2
2091,496,1,2
2091,497,1,2
2091,498,1,2
2091,499,1,2
2091,500,1,2
2091,501,1,2
2091,502,1,2
2091,503,1,2
2091,504,1,2
2091,505,1,2
2091,506,1,2
2091,507,1,2
2091,508,1,2
2091,509,1,2
2091,510,1,2
2091,511,1,2
2091,512,1,2
2091,513,1,2
2091,514,1,2
2091,515,1,2
2091,516,1,2
2091,517,1,2
2091,518,1,2
2091,519,1,2
2091,520,1,2
2091,521,1,2
2091,522,1,2
2091,523,1,2
2091,524,1,2
2091,525,1,2
2091,526,1,2
2091,527,1,2
2091,528,1,2
2091,529,1,2
2091,530,1,2
2091,531,1,2
2091,532,1,2
2091,533,1,2
2091,534,1,2
2091,535,1,2
2091,536,1,2
2091,537,1,2
2091,538,1,2
2091,539,1,2
2091,540,1,2
2091,541,1,2
2091,542,1,2
2091,543,1,2
2091,544,1,2
2091,545,1,2
2091,546,1,2
2091,547,1,2
2091,548,1,2
2091,549,1,2
2091,550,1,2
2091,551,1,2
2091,552,1,2
2091,553,1,2
2091,554,1,2
2091,555,1,2
2091,556,1,2
2091,557,1,2
2091,558,1,2
2091,559,1,2
2091,560,1,2
2091,561,1,2
2091,562,1,2
2091,563,1,2
2091,564,1,2
2091,565,1,2
2091,566,1,2
2091,567,1,2
2091,568,1,2
2091,569,1,2
2091,570,1,2
2091,571,1,2
2091,572,1,2
2091,573,1,2
2091,574,1,2
2091,575,1,2
2091,576,1,2
2091,577,1,2
2091,578,1,2
2091,579,1,2
2091,580,1,2
2091,581,1,2
2091,582,1,3
2091,583,1,3
2091,584,1,3
2091,585,1,3
2091,586,1,3
2091,587,1,3
2091,588,1,3
2091,589,1,3
2091,590,1,3
2091,591,1,3
2091,592,1,3
2091,593,1,3
2091,594,1,3
2091,595,1,3
2091,596,1,3
2091,597,1,3
2091,598,1,3
2091,599,1,3
2091,600,1,3
2091,601,1,3
2091,602,1,3
2091,603,1,3
2091,604,1,3
2091,605,1,3
2091,606,1,3
2091,607,1,3
2091,608,1,3
2091,609,1,3
2091,610,1,3
2091,611,1,3
2091,612,1,3
2091,613,1,3
2091,614,1,3
2091,615,1,3
2091,616,1,3
2091,617,1,3
2091,618,1,3
2091,619,1,3
2091,620,1,3
2091,621,1,3
2091,622,1,3
2091,623,1,3
2091,624,1,3
2091,625,1,3
2091,626,1,3
2091,627,1,3
2091,628,1,3
2091,629,1,3
2091,630,1,2
2091,631,1,2
2091,632,1,2
2092,141,1,2
2092,142,1,2
2092,143,1,2
2092,144,1,2
2092,145,1,2
2092,146,1,2
2092,147,1,2
2092,148,1,2
2092,149,1,2
2092,150,1,2
2092,151,1,2
2092,152,1,2
2092,153,1,2
2092,154,1,2
2092,155,1,2
2092,156,1,2
2092,157,1,2
2092,158,1,2
2092,159,1,2
2092,160,1,2
2092,161,1,2
2092,162,1,2
2092,163,1,2
2092,164,1,2
2092,165,1,2
2092,166,1,2
2092,167,1,2
2092,168,1,2
2092,169,1,2
2092,170,1,2
2092,171,1,2
2092,172,1,2
2092,173,1,2
2092,174,1,2
2092,175,1,2
2092,176,1,2
2092,177,1,2
2092,178,1,2
2092,179,1,2
2092,180,1,2
2092,181,1,2
2092,182,1,2
2092,183,1,2
2092,184,1,2
2092,185,1,2
2092,186,1,2
2092,187,1,2
2092,188,1,2
2092,189,1,2
2092,190,1,2
2092,191,1,2
2092,192,1,2
2092,193,1,2
2092,194,1,2
2092,195,1,2
2092,196,1,2
2092,197,1,2
2092,198,1,2
2092,199,1,2
2092,200,1,2
2092,201,1,2
2092,202,1,2
2092,203,1,2
2092,204,1,2
2092,205,1,2
2092,206,1,2
2092,207,1,2
2092,208,1,2
2092,209,1,2
2092,210,1,2
2092,211,1,2
2092,212,1,2
2092,213,1,2
2092,214,1,2
2092,215,1,2
2092,216,1,2
2092,217,1,2
2092,218,1,2
2092,219,1,2
2092,220,1,2
2092,221,1,2
2092,222,1,2
2092,223,1,2
2092,224,1,2
2092,225,1,2
2092,226,1,2
2092,227,1,2
2092,228,1,2
2092,229,1,2
2092,230,1,2
2092,231,1,2
2092,232,1,2
2092,233,1,2
2092,234,1,2
2092,235,1,2
2092,236,1,2
2092,237,1,2
2092,238,1,2
2092,239,1,2
2092,240,1,2
2092,241,1,2
2092,242,1,2
2092,243,1,2
2092,244,1,2
2092,245,1,2
2092,246,1,2
2092,247,1,2
2092,248,1,2
2092,249,1,2
2092,250,1,2
2092,251,1,2
2092,252,1,2
2092,253,1,2
2092,254,1,2
2092,255,1,2
2092,256,1,2
2092,257,1,2
2092,258,1,2
2092,259,1,2
2092,260,1,2
2092,261,1,2
2092,262,1,2
2092,263,1,2
2092,264,1,2
2092,265,1,2
2092,266,1,2
2092,267,1,2
2092,268,1,2
2092,269,1,2
2092,270,1,2
2092,271,1,2
2092,272,1,2
2092,273,1,2
2092,274,1,2
2092,275,1,2
2092,276,1,2
2092,277,1,2
2092,278,1,2
2092,279,1,2
2092,280,1,2
2092,281,1,2
2092,282,1,2
2092,283,1,2
2092,284,1,2
2092,285,1,2
2092,286,1,2
2092,287,1,2
2092,288,1,2
2092,289,1,2
2092,290,1,2
2092,291,1,2
2092,292,1,2
2092,293,1,2
2092,294,1,2
2092,295,1,2
2092,296,1,2
2092,297,1,2
2092,298,1,2
2092,299,1,2
2092,300,1,2
2092,301,1,2
2092,302,1,2
2092,303,1,2
2092,304,1,2
2092,305,1,2
2092,306,1,2
2092,307,1,2
2092,308,1,2
2092,309,1,2
2092,310,1,2
2092,311,1,2
2092,312,1,2
2092,313,1,2
2092,314,1,2
2092,315,1,2
2092,316,1,2
2092,317,1,2
2092,318,1,2
2092,319,1,2
2092,320,1,2
2092,321,1,2
2092,322,1,2
2092,323,1,2
2092,324,1,2
2092,325,1,2
2092,326,1,2
2092,327,1,2
2092,328,1,2
2092,329,1,2
2092,330,1,2
2092,331,1,2
2092,332,1,2
2092,333,1,2
2092,334,1,2
2092,335,1,2
2092,336,1,2
2092,337,1,2
2092,338,1,2
2092,339,1,2
2092,340,1,2
2092,341,1,2
2092,342,1,2
2092,343,1,2
2092,344,1,2
2092,345,1,2
2092,346,1,2
2092,347,1,2
2092,348,1,2
2092,349,1,2
2092,350,1,2
2092,351,1,2
2092,352,1,2
2092,353,1,2
2092,354,1,2
2092,355,1,2
2092,356,1,2
2092,357,1,2
2092,358,1,2
2092,359,1,2
2092,360,1,2
2092,361,1,2
2092,362,1,2
2092,363,1,2
2092,364,1,2
2092,365,1,2
2092,366,1,2
2092,367,1,2
2092,368,1,2
2092,369,1,2
2092,370,1,2
2092,371,1,2
2092,372,1,2
2092,373,1,2
2092,374,1,2
2092,375,1,2
2092,376,1,2
2092,377,1,2
2092,378,1,2
2092,379,1,2
2092,380,1,2
2092,381,1,2
2092,382,1,2
2092,383,1,2
2092,384,1,2
2092,385,1,2
2092,386,1,2
2092,387,1,2
2092,388,1,2
2092,389,1,2
2092,390,1,2
2092,391,1,2
2092,392,1,2
2092,393,1,2
2092,394,1,2
2092,395,1,2
2092,396,1,2
2092,397,1,2
2092,398,1,2
2092,399,1,2
2092,400,1,2
2092,401,1,2
2092,402,1,2
2092,403,1,2
2092,404,1,2
2092,405,1,2
2092,406,1,2
2092,407,1,2
2092,408,1,2
2092,409,1,2
2092,410,1,2
2092,411,1,2
2092,412,1,2
2092,413,1,2
2092,414,1,2
2092,415,1,2
2092,416,1,2
2092,417,1,2
2092,418,1,2
2092,419,1,2
2092,420,1,2
2092,421,1,2
2092,422,1,2
2092,423,1,2
2092,424,1,2
2092,425,1,2
2092,426,1,2
2092,427,1,2
2092,428,1,2
2092,429,1,2
2092,430,1,2
2092,431,1,2
2092,432,1,2
2092,433,1,2
2092,434,1,2
2092,435,1,2
2092,436,1,2
2092,437,1,2
2092,438,1,2
2092,439,1,2
2092,440,1,2
2092,441,1,2
2092,442,1,2
2092,443,1,2
2092,444,1,2
2092,445,1,2
2092,446,1,2
2092,447,1,2
2092,448,1,2
2092,449,1,2
2092,450,1,2
2092,451,1,2
2092,452,1,2
2092,453,1,2
2092,454,1,2
2092,455,1,2
2092,456,1,2
2092,457,1,2
2092,458,1,2
2092,459,1,2
2092,460,1,2
2092,461,1,2
2092,462,1,2
2092,463,1,2
2092,464,1,2
2092,465,1,2
2092,466,1,2
2092,467,1,2
2092,468,1,2
2092,469,1,2
2092,470,1,2
2092,471,1,2
2092,472,1,2
2092,473,1,2
2092,474,1,2
2092,475,1,2
2092,476,1,2
2092,477,1,2
2092,478,1,2
2092,479,1,2
2092,480,1,2
2092,481,1,2
2092,482,1,2
2092,483,1,2
2092,484,1,2
2092,485,1,2
2092,486,1,2
2092,487,1,2
2092,488,1,2
2092,489,1,2
2092,490,1,2
2092,491,1,2
2092,492,1,2
2092,493,1,2
2092,494,1,2
2092,495,1,2
2092,496,1,2
2092,497,1,2
2092,498,1,2
2092,499,1,2
2092,500,1,2
2092,501,1,2
2092,502,1,2
2092,503,1,2
2092,504,1,2
2092,505,1,2
2092,506,1,2
2092,507,1,2
2092,508,1,2
2092,509,1,2
2092,510,1,2
2092,511,1,2
2092,512,1,2
2092,513,1,2
2092,514,1,2
2092,515,1,2
2092,516,1,2
2092,517,1,2
2092,518,1,2
2092,519,1,2
2092,520,1,2
2092,521,1,2
2092,522,1,2
2092,523,1,2
2092,524,1,2
2092,525,1,2
2092,526,1,2
2092,527,1,2
2092,528,1,2
2092,529,1,2
2092,530,1,2
2092,531,1,2
2092,532,1,2
2092,533,1,2
2092,534,1,2
2092,535,1,2
2092,536,1,2
2092,537,1,2
2092,538,1,2
2092,539,1,2
2092,540,1,2
2092,541,1,2
2092,542,1,2
2092,543,1,2
2092,544,1,2
2092,545,1,2
2092,546,1,2
2092,547,1,2
2092,548,1,2
2092,549,1,2
2092,550,1,2
2092,551,1,2
2092,552,1,2
2092,553,1,2
2092,554,1,2
2092,555,1,2
2092,556,1,2
2092,557,1,2
2092,558,1,2
2092,559,1,2
2092,560,1,2
2092,561,1,2
2092,562,1,2
2092,563,1,2
2092,564,1,2
2092,565,1,2
2092,566,1,2
2092,567,1,2
2092,568,1,2
2092,569,1,2
2092,570,1,2
2092,571,1,2
2092,572,1,2
2092,573,1,2
2092,574,1,2
2092,575,1,2
2092,576,1,2
2092,577,1,2
2092,578,1,2
2092,579,1,2
2092,580,1,2
2092,581,1,2
2092,582,1,3
2092,583,1,3
2092,584,1,3
2092,585,1,3
2092,586,1,3
2092,587,1,3
2092,588,1,3
2092,589,1,3
2092,590,1,3
2092,591,1,3
2092,592,1,3
2092,593,1,3
2092,594,1,3
2092,595,1,3
2092,596,1,3
2092,597,1,3
2092,598,1,3
2092,599,1,3
2092,600,1,3
2092,601,1,3
2092,602,1,3
2092,603,1,3
2092,604,1,3
2092,605,1,3
2092,606,1,3
2092,607,1,3
2092,608,1,3
2092,609,1,3
2092,610,1,3
2092,611,1,3
2092,612,1,3
2092,613,1,3
2092,614,1,3
2092,615,1,3
2092,616,1,3
2092,617,1,3
2092,618,1,3
2092,619,1,3
2092,620,1,3
2092,621,1,3
2092,622,1,3
2092,623,1,3
2092,624,1,3
2092,625,1,3
2092,626,1,3
2092,627,1,3
2092,628,1,3
2092,629,1,2
2092,630,1,2
2092,631,1,2
2092,632,1,2
2093,142,1,2
2093,143,1,2
2093,144,1,2
2093,145,1,2
2093,146,1,2
2093,147,1,2
2093,148,1,2
2093,149,1,2
2093,150,1,2
2093,151,1,2
2093,152,1,2
2093,153,1,2
2093,154,1,2
2093,155,1,2
2093,156,1,2
2093,157,1,2
2093,158,1,2
2093,159,1,2
2093,160,1,2
2093,161,1,2
2093,162,1,2
2093,163,1,2
2093,164,1,2
2093,165,1,2
2093,166,1,2
2093,167,1,2
2093,168,1,2
2093,169,1,2
2093,170,1,2
2093,171,1,2
2093,172,1,2
2093,173,1,2
2093,174,1,2
2093,175,1,2
2093,176,1,2
2093,177,1,2
2093,178,1,2
2093,179,1,2
2093,180,1,2
2093,181,1,2
2093,182,1,2
2093,183,1,2
2093,184,1,2
2093,185,1,2
2093,186,1,2
2093,187,1,2
2093,188,1,2
2093,189,1,2
2093,190,1,2
2093,191,1,2
2093,192,1,2
2093,193,1,2
2093,194,1,2
2093,195,1,2
2093,196,1,2
2093,197,1,2
2093,198,1,2
2093,199,1,2
2093,200,1,2
2093,201,1,2
2093,202,1,2
2093,203,1,2
2093,204,1,2
2093,205,1,2
2093,206,1,2
2093,207,1,2
2093,208,1,2
2093,209,1,2
2093,210,1,2
2093,211,1,2
2093,212,1,2
2093,213,1,2
2093,214,1,2
2093,215,1,2
2093,216,1,2
2093,217,1,2
2093,218,1,2
2093,219,1,2
2093,220,1,2
2093,221,1,2
2093,222,1,2
2093,223,1,2
2093,224,1,2
2093,225,1,2
2093,226,1,2
2093,227,1,2
2093,228,1,2
2093,229,1,2
2093,230,1,2
2093,231,1,2
2093,232,1,2
2093,233,1,2
2093,234,1,2
2093,235,1,2
2093,236,1,2
2093,237,1,2
2093,238,1,2
2093,239,1,2
2093,240,1,2
2093,241,1,2
2093,242,1,2
2093,243,1,2
2093,244,1,2
2093,245,1,2
2093,246,1,2
2093,247,1,2
2093,248,1,2
2093,249,1,2
2093,250,1,2
2093,251,1,2
2093,252,1,2
2093,253,1,2
2093,254,1,2
2093,255,1,2
2093,256,1,2
2093,257,1,2
2093,258,1,2
2093,259,1,2
2093,260,1,2
2093,261,1,2
2093,262,1,2
2093,263,1,2
2093,264,1,2
2093,265,1,2
2093,266,1,2
2093,267,1,2
2093,268,1,2
2093,269,1,2
2093,270,1,2
2093,271,1,2
2093,272,1,2
2093,273,1,2
2093,274,1,2
2093,275,1,2
2093,276,1,2
2093,277,1,2
2093,278,1,2
2093,279,1,2
2093,280,1,2
2093,281,1,2
2093,282,1,2
2093,283,1,2
2093,284,1,2
2093,285,1,2
2093,286,1,2
2093,287,1,2
2093,288,1,2
2093,289,1,2
2093,290,1,2
2093,291,1,2
2093,292,1,2
2093,293,1,2
2093,294,1,2
2093,295,1,2
2093,296,1,2
2093,297,1,2
2093,298,1,2
2093,299,1,2
2093,300,1,2
2093,301,1,2
2093,302,1,2
2093,303,1,2
2093,304,1,2
2093,305,1,2
2093,306,1,2
2093,307,1,2
2093,308,1,2
2093,309,1,2
2093,310,1,2
2093,311,1,2
2093,312,1,2
2093,313,1,2
2093,314,1,2
2093,315,1,2
2093,316,1,2
2093,317,1,2
2093,318,1,2
2093,319,1,2
2093,320,1,2
2093,321,1,2
2093,322,1,2
2093,323,1,2
2093,324,1,2
2093,325,1,2
2093,326,1,2
2093,327,1,2
2093,328,1,2
2093,329,1,2
2093,330,1,2
2093,331,1,2
2093,332,1,2
2093,333,1,2
2093,334,1,2
2093,335,1,2
2093,336,1,2
2093,337,1,2
2093,338,1,2
2093,339,1,2
2093,340,1,2
2093,341,1,2
2093,342,1,2
2093,343,1,2
2093,344,1,2
2093,345,1,2
2093,346,1,2
2093,347,1,2
2093,348,1,2
2093,349,1,2
2093,350,1,2
2093,351,1,2
2093,352,1,2
2093,353,1,2
2093,354,1,2
2093,355,1,2
2093,356,1,2
2093,357,1,2
2093,358,1,2
2093,359,1,2
2093,360,1,2
2093,361,1,2
2093,362,1,2
2093,363,1,2
2093,364,1,2
2093,365,1,2
2093,366,1,2
2093,367,1,2
2093,368,1,2
2093,369,1,2
2093,370,1,2
2093,371,1,2
2093,372,1,2
2093,373,1,2
2093,374,1,2
2093,375,1,2
2093,376,1,2
2093,377,1,2
2093,378,1,2
2093,379,1,2
2093,380,1,2
2093,381,1,2
2093,382,1,2
2093,383,1,2
2093,384,1,2
2093,385,1,2
2093,386,1,2
2093,387,1,2
2093,388,1,2
2093,389,1,2
2093,390,1,2
2093,391,1,2
2093,392,1,2
2093,393,1,2
2093,394,1,2
2093,395,1,2
2093,396,1,2
2093,397,1,2
2093,398,1,2
2093,399,1,2
2093,400,1,2
2093,401,1,2
2093,402,1,2
2093,403,1,2
2093,404,1,2
2093,405,1,2
2093,406,1,2
2093,407,1,2
2093,408,1,2
2093,409,1,2
2093,410,1,2
2093,411,1,2
2093,412,1,2
2093,413,1,2
2093,414,1,2
2093,415,1,2
2093,416,1,2
2093,417,1,2
2093,418,1,2
2093,419,1,2
2093,420,1,2
2093,421,1,2
2093,422,1,2
2093,423,1,2
2093,424,1,2
2093,425,1,2
2093,426,1,2
2093,427,1,2
2093,428,1,2
2093,429,1,2
2093,430,1,2
2093,431,1,2
2093,432,1,2
2093,433,1,2
2093,434,1,2
2093,435,1,2
2093,436,1,2
2093,437,1,2
2093,438,1,2
2093,439,1,2
2093,440,1,2
2093,441,1,2
2093,442,1,2
2093,443,1,2
2093,444,1,2
2093,445,1,2
2093,446,1,2
2093,447,1,2
2093,448,1,2
2093,449,1,2
2093,450,1,2
2093,451,1,2
2093,452,1,2
2093,453,1,2
2093,454,1,2
2093,455,1,2
2093,456,1,2
2093,457,1,2
2093,458,1,2
2093,459,1,2
2093,460,1,2
2093,461,1,2
2093,462,1,2
2093,463,1,2
2093,464,1,2
2093,465,1,2
2093,466,1,2
2093,467,1,2
2093,468,1,2
2093,469,1,2
2093,470,1,2
2093,471,1,2
2093,472,1,2
2093,473,1,2
2093,474,1,2
2093,475,1,2
2093,476,1,2
2093,477,1,2
2093,478,1,2
2093,479,1,2
2093,480,1,2
2093,481,1,2
2093,482,1,2
2093,483,1,2
2093,484,1,2
2093,485,1,2
2093,486,1,2
2093,487,1,2
2093,488,1,2
2093,489,1,2
2093,490,1,2
2093,491,1,2
2093,492,1,2
2093,493,1,2
2093,494,1,2
2093,495,1,2
2093,496,1,2
2093,497,1,2
2093,498,1,2
2093,499,1,2
2093,500,1,2
2093,501,1,2
2093,502,1,2
2093,503,1,2
2093,504,1,2
2093,505,1,2
2093,506,1,2
2093,507,1,2
2093,508,1,2
2093,509,1,2
2093,510,1,2
2093,511,1,2
2093,512,1,2
2093,513,1,2
2093,514,1,2
2093,515,1,2
2093,516,1,2
2093,517,1,2
2093,518,1,2
2093,519,1,2
2093,520,1,2
2093,521,1,2
2093,522,1,2
2093,523,1,2
2093,524,1,2
2093,525,1,2
2093,526,1,2
2093,527,1,2
2093,528,1,2
2093,529,1,2
2093,530,1,2
2093,531,1,2
2093,532,1,2
2093,533,1,2
2093,534,1,2
2093,535,1,2
2093,536,1,2
2093,537,1,2
2093,538,1,2
2093,539,1,2
2093,540,1,2
2093,541,1,2
2093,542,1,2
2093,543,1,2
2093,544,1,2
2093,545,1,2
2093,546,1,2
2093,547,1,2
2093,548,1,2
2093,549,1,2
2093,550,1,2
2093,551,1,2
2093,552,1,2
2093,553,1,2
2093,554,1,2
2093,555,1,2
2093,556,1,2
2093,557,1,2
2093,558,1,2
2093,559,1,2
2093,560,1,2
2093,561,1,2
2093,562,1,2
2093,563,1,2
2093,564,1,2
2093,565,1,2
2093,566,1,2
2093,567,1,2
2093,568,1,2
2093,569,1,2
2093,570,1,2
2093,571,1,2
2093,572,1,2
2093,573,1,2
2093,574,1,2
2093,575,1,2
2093,576,1,2
2093,577,1,2
2093,578,1,2
2093,579,1,2
2093,580,1,2
2093,581,1,2
2093,582,1,3
2093,583,1,3
2093,584,1,3
2093,585,1,3
2093,586,1,3
2093,587,1,3
2093,588,1,3
2093,589,1,3
2093,590,1,3
2093,591,1,3
2093,592,1,3
2093,593,1,3
2093,594,1,3
2093,595,1,3
2093,596,1,3
2093,597,1,3
2093,598,1,3
2093,599,1,3
2093,600,1,3
2093,601,1,3
2093,602,1,3
2093,603,1,3
2093,604,1,3
2093,605,1,3
2093,606,1,3
2093,607,1,3
2093,608,1,3
2093,609,1,3
2093,610,1,3
2093,611,1,3
2093,612,1,3
2093,613,1,3
2093,614,1,3
2093,615,1,3
2093,616,1,3
2093,617,1,3
2093,618,1,3
2093,619,1,3
2093,620,1,3
2093,621,1,3
2093,622,1,3
2093,623,1,3
2093,624,1,3
2093,625,1,3
2093,626,1,3
2093,627,1,3
2093,628,1,3
2093,629,1,2
2093,630,1,2
2093,631,1,2
2094,142,1,2
2094,143,1,2
2094,144,1,2
2094,145,1,2
2094,146,1,2
2094,147,1,2
2094,148,1,2
2094,149,1,2
2094,150,1,2
2094,151,1,2
2094,152,1,2
2094,153,1,2
2094,154,1,2
2094,155,1,2
2094,156,1,2
2094,157,1,2
2094,158,1,2
2094,159,1,2
2094,160,1,2
2094,161,1,2
2094,162,1,2
2094,163,1,2
2094,164,1,2
2094,165,1,2
2094,166,1,2
2094,167,1,2
2094,168,1,2
2094,169,1,2
2094,170,1,2
2094,171,1,2
2094,172,1,2
2094,173,1,2
2094,174,1,2
2094,175,1,2
2094,176,1,2
2094,177,1,2
2094,178,1,2
2094,179,1,2
2094,180,1,2
2094,181,1,2
2094,182,1,2
2094,183,1,2
2094,184,1,2
2094,185,1,2
2094,186,1,2
2094,187,1,2
2094,188,1,2
2094,189,1,2
2094,190,1,2
2094,191,1,2
2094,192,1,2
2094,193,1,2
2094,194,1,2
2094,195,1,2
2094,196,1,2
2094,197,1,2
2094,198,1,2
2094,199,1,2
2094,200,1,2
2094,201,1,2
2094,202,1,2
2094,203,1,2
2094,204,1,2
2094,205,1,2
2094,206,1,2
2094,207,1,2
2094,208,1,2
2094,209,1,2
2094,210,1,2
2094,211,1,2
2094,212,1,2
2094,213,1,2
2094,214,1,2
2094,215,1,2
2094,216,1,2
2094,217,1,2
2094,218,1,2
2094,219,1,2
2094,220,1,2
2094,221,1,2
2094,222,1,2
2094,223,1,2
2094,224,1,2
2094,225,1,2
2094,226,1,2
2094,227,1,2
2094,228,1,2
2094,229,1,2
2094,230,1,2
2094,231,1,2
2094,232,1,2
2094,233,1,2
2094,234,1,2
2094,235,1,2
2094,236,1,2
2094,237,1,2
2094,238,1,2
2094,239,1,2
2094,240,1,2
2094,241,1,2
2094,242,1,2
2094,243,1,2
2094,244,1,2
2094,245,1,2
2094,246,1,2
2094,247,1,2
2094,248,1,2
2094,249,1,2
2094,250,1,2
2094,251,1,2
2094,252,1,2
2094,253,1,2
2094,254,1,2
2094,255,1,2
2094,256,1,2
2094,257,1,2
2094,258,1,2
2094,259,1,2
2094,260,1,2
2094,261,1,2
2094,262,1,2
2094,263,1,2
2094,264,1,2
2094,265,1,2
2094,266,1,2
2094,267,1,2
2094,268,1,2
2094,269,1,2
2094,270,1,2
2094,271,1,2
2094,272,1,2
2094,273,1,2
2094,274,1,2
2094,275,1,2
2094,276,1,2
2094,277,1,2
2094,278,1,2
2094,279,1,2
2094,280,1,2
2094,281,1,2
2094,282,1,2
2094,283,1,2
2094,284,1,2
2094,285,1,2
2094,286,1,2
2094,287,1,2
2094,288,1,2
2094,289,1,2
2094,290,1,2
2094,291,1,2
2094,292,1,2
2094,293,1,2
2094,294,1,2
2094,295,1,2
2094,296,1,2
2094,297,1,2
2094,298,1,2
2094,299,1,2
2094,300,1,2
2094,301,1,2
2094,302,1,2
2094,303,1,2
2094,304,1,2
2094,305,1,2
2094,306,1,2
2094,307,1,2
2094,308,1,2
2094,309,1,2
2094,310,1,2
2094,311,1,2
2094,312,1,2
2094,313,1,2
2094,314,1,2
2094,315,1,2
2094,316,1,2
2094,317,1,2
2094,318,1,2
2094,319,1,2
2094,320,1,2
2094,321,1,2
2094,322,1,2
2094,323,1,2
2094,324,1,2
2094,325,1,2
2094,326,1,2
2094,327,1,2
2094,328,1,2
2094,329,1,2
2094,330,1,2
2094,331,1,2
2094,332,1,2
2094,333,1,2
2094,334,1,2
2094,335,1,2
2094,336,1,2
2094,337,1,2
2094,338,1,2
2094,339,1,2
2094,340,1,2
2094,341,1,2
2094,342,1,2
2094,343,1,2
2094,344,1,2
2094,345,1,2
2094,346,1,2
2094,347,1,2
2094,348,1,2
2094,349,1,2
2094,350,1,2
2094,351,1,2
2094,352,1,2
2094,353,1,2
2094,354,1,2
2094,355,1,2
2094,356,1,2
2094,357,1,2
2094,358,1,2
2094,359,1,2
2094,360,1,2
2094,361,1,2
2094,362,1,2
2094,363,1,2
2094,364,1,2
2094,365,1,2
2094,366,1,2
2094,367,1,2
2094,368,1,2
2094,369,1,2
2094,370,1,2
2094,371,1,2
2094,372,1,2
2094,373,1,2
2094,374,1,2
2094,375,1,2
2094,376,1,2
2094,377,1,2
2094,378,1,2
2094,379,1,2
2094,380,1,2
2094,381,1,2
2094,382,1,2
2094,383,1,2
2094,384,1,2
2094,385,1,2
2094,386,1,2
2094,387,1,2
2094,388,1,2
2094,389,1,2
2094,390,1,2
2094,391,1,2
2094,392,1,2
2094,393,1,2
2094,394,1,2
2094,395,1,2
2094,396,1,2
2094,397,1,2
2094,398,1,2
2094,399,1,2
2094,400,1,2
2094,401,1,2
2094,402,1,2
2094,403,1,2
2094,404,1,2
2094,405,1,2
2094,406,1,2
2094,407,1,2
2094,408,1,2
2094,409,1,2
2094,410,1,2
2094,411,1,2
2094,412,1,2
2094,413,1,2
2094,414,1,2
2094,415,1,2
2094,416,1,2
2094,417,1,2
2094,418,1,2
2094,419,1,2
2094,420,1,2
2094,421,1,2
2094,422,1,2
2094,423,1,2
2094,424,1,2
2094,425,1,2
2094,426,1,2
2094,427,1,2
2094,428,1,2
2094,429,1,2
2094,430,1,2
2094,431,1,2
2094,432,1,2
2094,433,1,2
2094,434,1,2
2094,435,1,2
2094,436,1,2
2094,437,1,2
2094,438,1,2
2094,439,1,2
2094,440,1,2
2094,441,1,2
2094,442,1,2
2094,443,1,2
2094,444,1,2
2094,445,1,2
2094,446,1,2
2094,447,1,2
2094,448,1,2
2094,449,1,2
2094,450,1,2
2094,451,1,2
2094,452,1,2
2094,453,1,2
2094,454,1,2
2094,455,1,2
2094,456,1,2
2094,457,1,2
2094,458,1,2
2094,459,1,2
2094,460,1,2
2094,461,1,2
2094,462,1,2
2094,463,1,2
2094,464,1,2
2094,465,1,2
2094,466,1,2
2094,467,1,2
2094,468,1,2
2094,469,1,2
2094,470,1,2
2094,471,1,2
2094,472,1,2
2094,473,1,2
2094,474,1,2
2094,475,1,2
2094,476,1,2
2094,477,1,2
2094,478,1,2
2094,479,1,2
2094,480,1,2
2094,481,1,2
2094,482,1,2
2094,483,1,2
2094,484,1,2
2094,485,1,2
2094,486,1,2
2094,487,1,2
2094,488,1,2
2094,489,1,2
2094,490,1,2
2094,491,1,2
2094,492,1,2
2094,493,1,2
2094,494,1,2
2094,495,1,2
2094,496,1,2
2094,497,1,2
2094,498,1,2
2094,499,1,2
2094,500,1,2
2094,501,1,2
2094,502,1,2
2094,503,1,2
2094,504,1,2
2094,505,1,2
2094,506,1,2
2094,507,1,2
2094,508,1,2
2094,509,1,2
2094,510,1,2
2094,511,1,2
2094,512,1,2
2094,513,1,2
2094,514,1,2
2094,515,1,2
2094,516,1,2
2094,517,1,2
2094,518,1,2
2094,519,1,2
2094,520,1,2
2094,521,1,2
2094,522,1,2
2094,523,1,2
2094,524,1,2
2094,525,1,2
2094,526,1,2
2094,527,1,2
2094,528,1,2
2094,529,1,2
2094,530,1,2
2094,531,1,2
2094,532,1,2
2094,533,1,2
2094,534,1,2
2094,535,1,2
2094,536,1,2
2094,537,1,2
2094,538,1,2
2094,539,1,2
2094,540,1,2
2094,541,1,2
2094,542,1,2
2094,543,1,2
2094,544,1,2
2094,545,1,2
2094,546,1,2
2094,547,1,2
2094,548,1,2
2094,549,1,2
2094,550,1,2
2094,551,1,2
2094,552,1,2
2094,553,1,2
2094,554,1,2
2094,555,1,2
2094,556,1,2
2094,557,1,2
2094,558,1,2
2094,559,1,2
2094,560,1,2
2094,561,1,2
2094,562,1,2
2094,563,1,2
2094,564,1,2
2094,565,1,2
2094,566,1,2
2094,567,1,2
2094,568,1,2
2094,569,1,2
2094,570,1,2
2094,571,1,2
2094,572,1,2
2094,573,1,2
2094,574,1,2
2094,575,1,2
2094,576,1,2
2094,577,1,2
2094,578,1,2
2094,579,1,2
2094,580,1,2
2094,581,1,3
2094,582,1,3
2094,583,1,3
2094,584,1,3
2094,585,1,3
2094,586,1,3
2094,587,1,3
2094,588,1,3
2094,589,1,3
2094,590,1,3
2094,591,1,3
2094,592,1,3
2094,593,1,3
2094,594,1,3
2094,595,1,3
2094,596,1,3
2094,597,1,3
2094,598,1,3
2094,599,1,3
2094,600,1,3
2094,601,1,3
2094,602,1,3
2094,603,1,3
2094,604,1,3
2094,605,1,3
2094,606,1,3
2094,607,1,3
2094,608,1,3
2094,609,1,3
2094,610,1,3
2094,611,1,3
2094,612,1,3
2094,613,1,3
2094,614,1,3
2094,615,1,3
2094,616,1,3
2094,617,1,3
2094,618,1,3
2094,619,1,3
2094,620,1,3
2094,621,1,3
2094,622,1,3
2094,623,1,3
2094,624,1,3
2094,625,1,3
2094,626,1,3
2094,627,1,3
2094,628,1,3
2094,629,1,2
2094,630,1,2
2094,631,1,2
2095,142,1,2
2095,143,1,2
2095,144,1,2
2095,145,1,2
2095,146,1,2
2095,147,1,2
2095,148,1,2
2095,149,1,2
2095,150,1,2
2095,151,1,2
2095,152,1,2
2095,153,1,2
2095,154,1,2
2095,155,1,2
2095,156,1,2
2095,157,1,2
2095,158,1,2
2095,159,1,2
2095,160,1,2
2095,161,1,2
2095,162,1,2
2095,163,1,2
2095,164,1,2
2095,165,1,2
2095,166,1,2
2095,167,1,2
2095,168,1,2
2095,169,1,2
2095,170,1,2
2095,171,1,2
2095,172,1,2
2095,173,1,2
2095,174,1,2
2095,175,1,2
2095,176,1,2
2095,177,1,2
2095,178,1,2
2095,179,1,2
2095,180,1,2
2095,181,1,2
2095,182,1,2
2095,183,1,2
2095,184,1,2
2095,185,1,2
2095,186,1,2
2095,187,1,2
2095,188,1,2
2095,189,1,2
2095,190,1,2
2095,191,1,2
2095,192,1,2
2095,193,1,2
2095,194,1,2
2095,195,1,2
2095,196,1,2
2095,197,1,2
2095,198,1,2
2095,199,1,2
2095,200,1,2
2095,201,1,2
2095,202,1,2
2095,203,1,2
2095,204,1,2
2095,205,1,2
2095,206,1,2
2095,207,1,2
2095,208,1,2
2095,209,1,2
2095,210,1,2
2095,211,1,2
2095,212,1,2
2095,213,1,2
2095,214,1,2
2095,215,1,2
2095,216,1,2
2095,217,1,2
2095,218,1,2
2095,219,1,2
2095,220,1,2
2095,221,1,2
2095,222,1,2
2095,223,1,2
2095,224,1,2
2095,225,1,2
2095,226,1,2
2095,227,1,2
2095,228,1,2
2095,229,1,2
2095,230,1,2
2095,231,1,2
2095,232,1,2
2095,233,1,2
2095,234,1,2
2095,235,1,2
2095,236,1,2
2095,237,1,2
2095,238,1,2
2095,239,1,2
2095,240,1,2
2095,241,1,2
2095,242,1,2
2095,243,1,2
2095,244,1,2
2095,245,1,2
2095,246,1,2
2095,247,1,2
2095,248,1,2
2095,249,1,2
2095,250,1,2
2095,251,1,2
2095,252,1,2
2095,253,1,2
2095,254,1,2
2095,255,1,2
2095,256,1,2
2095,257,1,2
2095,258,1,2
2095,259,1,2
2095,260,1,2
2095,261,1,2
2095,262,1,2
2095,263,1,2
2095,264,1,2
2095,265,1,2
2095,266,1,2
2095,267,1,2
2095,268,1,2
2095,269,1,2
2095,270,1,2
2095,271,1,2
2095,272,1,2
2095,273,1,2
2095,274,1,2
2095,275,1,2
2095,276,1,2
2095,277,1,2
2095,278,1,2
2095,279,1,2
2095,280,1,2
2095,281,1,2
2095,282,1,2
2095,283,1,2
2095,284,1,2
2095,285,1,2
2095,286,1,2
2095,287,1,2
2095,288,1,2
2095,289,1,2
2095,290,1,2
2095,291,1,2
2095,292,1,2
2095,293,1,2
2095,294,1,2
2095,295,1,2
2095,296,1,2
2095,297,1,2
2095,298,1,2
2095,299,1,2
2095,300,1,2
2095,301,1,2
2095,302,1,2
2095,303,1,2
2095,304,1,2
2095,305,1,2
2095,306,1,2
2095,307,1,2
2095,308,1,2
2095,309,1,2
2095,310,1,2
2095,311,1,2
2095,312,1,2
2095,313,1,2
2095,314,1,2
2095,315,1,2
2095,316,1,2
2095,317,1,2
2095,318,1,2
2095,319,1,2
2095,320,1,2
2095,321,1,2
2095,322,1,2
2095,323,1,2
2095,324,1,2
2095,325,1,2
2095,326,1,2
2095,327,1,2
2095,328,1,2
2095,329,1,2
2095,330,1,2
2095,331,1,2
2095,332,1,2
2095,333,1,2
2095,334,1,2
2095,335,1,2
2095,336,1,2
2095,337,1,2
2095,338,1,2
2095,339,1,2
2095,340,1,2
2095,341,1,2
2095,342,1,2
2095,343,1,2
2095,344,1,2
2095,345,1,2
2095,346,1,2
2095,347,1,2
2095,348,1,2
2095,349,1,2
2095,350,1,2
2095,351,1,2
2095,352,1,2
2095,353,1,2
2095,354,1,2
2095,355,1,2
2095,356,1,2
2095,357,1,2
2095,358,1,2
2095,359,1,2
2095,360,1,2
2095,361,1,2
2095,362,1,2
2095,363,1,2
2095,364,1,2
2095,365,1,2
2095,366,1,2
2095,367,1,2
2095,368,1,2
2095,369,1,2
2095,370,1,2
2095,371,1,2
2095,372,1,2
2095,373,1,2
2095,374,1,2
2095,375,1,2
2095,376,1,2
2095,377,1,2
2095,378,1,2
2095,379,1,2
2095,380,1,2
2095,381,1,2
2095,382,1,2
2095,383,1,2
2095,384,1,2
2095,385,1,2
2095,386,1,2
2095,387,1,2
2095,388,1,2
2095,389,1,2
2095,390,1,2
2095,391,1,2
2095,392,1,2
2095,393,1,2
2095,394,1,2
2095,395,1,2
2095,396,1,2
2095,397,1,2
2095,398,1,2
2095,399,1,2
2095,400,1,2
2095,401,1,2
2095,402,1,2
2095,403,1,2
2095,404,1,2
2095,405,1,2
2095,406,1,2
2095,407,1,2
2095,408,1,2
2095,409,1,2
2095,410,1,2
2095,411,1,2
2095,412,1,2
2095,413,1,2
2095,414,1,2
2095,415,1,2
2095,416,1,2
2095,417,1,2
2095,418,1,2
2095,419,1,2
2095,420,1,2
2095,421,1,2
2095,422,1,2
2095,423,1,2
2095,424,1,2
2095,425,1,2
2095,426,1,2
2095,427,1,2
2095,428,1,2
2095,429,1,2
2095,430,1,2
2095,431,1,2
2095,432,1,2
2095,433,1,2
2095,434,1,2
2095,435,1,2
2095,436,1,2
2095,437,1,2
2095,438,1,2
2095,439,1,2
2095,440,1,2
2095,441,1,2
2095,442,1,2
2095,443,1,2
2095,444,1,2
2095,445,1,2
2095,446,1,2
2095,447,1,2
2095,448,1,2
2095,449,1,2
2095,450,1,2
2095,451,1,2
2095,452,1,2
2095,453,1,2
2095,454,1,2
2095,455,1,2
2095,456,1,2
2095,457,1,2
2095,458,1,2
2095,459,1,2
2095,460,1,2
2095,461,1,2
2095,462,1,2
2095,463,1,2
2095,464,1,2
2095,465,1,2
2095,466,1,2
2095,467,1,2
2095,468,1,2
2095,469,1,2
2095,470,1,2
2095,471,1,2
2095,472,1,2
2095,473,1,2
2095,474,1,2
2095,475,1,2
2095,476,1,2
2095,477,1,2
2095,478,1,2
2095,479,1,2
2095,480,1,2
2095,481,1,2
2095,482,1,2
2095,483,1,2
2095,484,1,2
2095,485,1,2
2095,486,1,2
2095,487,1,2
2095,488,1,2
2095,489,1,2
2095,490,1,2
2095,491,1,2
2095,492,1,2
2095,493,1,2
2095,494,1,2
2095,495,1,2
2095,496,1,2
2095,497,1,2
2095,498,1,2
2095,499,1,2
2095,500,1,2
2095,501,1,2
2095,502,1,2
2095,503,1,2
2095,504,1,2
2095,505,1,2
2095,506,1,2
2095,507,1,2
2095,508,1,2
2095,509,1,2
2095,510,1,2
2095,511,1,2
2095,512,1,2
2095,513,1,2
2095,514,1,2
2095,515,1,2
2095,516,1,2
2095,517,1,2
2095,518,1,2
2095,519,1,2
2095,520,1,2
2095,521,1,2
2095,522,1,2
2095,523,1,2
2095,524,1,2
2095,525,1,2
2095,526,1,2
2095,527,1,2
2095,528,1,2
2095,529,1,2
2095,530,1,2
2095,531,1,2
2095,532,1,2
2095,533,1,2
2095,534,1,2
2095,535,1,2
2095,536,1,2
2095,537,1,2
2095,538,1,2
2095,539,1,2
2095,540,1,2
2095,541,1,2
2095,542,1,2
2095,543,1,2
2095,544,1,2
2095,545,1,2
2095,546,1,2
2095,547,1,2
2095,548,1,2
2095,549,1,2
2095,550,1,2
2095,551,1,2
2095,552,1,2
2095,553,1,2
2095,554,1,2
2095,555,1,2
2095,556,1,2
2095,557,1,2
2095,558,1,2
2095,559,1,2
2095,560,1,2
2095,561,1,2
2095,562,1,2
2095,563,1,2
2095,564,1,2
2095,565,1,2
2095,566,1,2
2095,567,1,2
2095,568,1,2
2095,569,1,2
2095,570,1,2
2095,571,1,2
2095,572,1,2
2095,573,1,2
2095,574,1,2
2095,575,1,2
2095,576,1,2
2095,577,1,2
2095,578,1,2
2095,579,1,2
2095,580,1,2
2095,581,1,3
2095,582,1,3
2095,583,1,3
2095,584,1,3
2095,585,1,3
2095,586,1,3
2095,587,1,3
2095,588,1,3
2095,589,1,3
2095,590,1,3
2095,591,1,3
2095,592,1,3
2095,593,1,3
2095,594,1,3
2095,595,1,3
2095,596,1,3
2095,597,1,3
2095,598,1,3
2095,599,1,3
2095,600,1,3
2095,601,1,3
2095,602,1,3
2095,603,1,3
2095,604,1,3
2095,605,1,3
2095,606,1,3
2095,607,1,3
2095,608,1,3
2095,609,1,3
2095,610,1,3
2095,611,1,3
2095,612,1,3
2095,613,1,3
2095,614,1,3
2095,615,1,3
2095,616,1,3
2095,617,1,3
2095,618,1,3
2095,619,1,3
2095,620,1,3
2095,621,1,3
2095,622,1,3
2095,623,1,3
2095,624,1,3
2095,625,1,3
2095,626,1,3
2095,627,1,3
2095,628,1,3
2095,629,1,2
2095,630,1,2
2095,631,1,2
2095,633,1,2
2095,634,1,2
2095,635,1,2
2096,143,1,2
2096,144,1,2
2096,145,1,2
2096,146,1,2
2096,147,1,2
2096,148,1,2
2096,149,1,2
2096,150,1,2
2096,151,1,2
2096,152,1,2
2096,153,1,2
2096,154,1,2
2096,155,1,2
2096,156,1,2
2096,157,1,2
2096,158,1,2
2096,159,1,2
2096,160,1,2
2096,161,1,2
2096,162,1,2
2096,163,1,2
2096,164,1,2
2096,165,1,2
2096,166,1,2
2096,167,1,2
2096,168,1,2
2096,169,1,2
2096,170,1,2
2096,171,1,2
2096,172,1,2
2096,173,1,2
2096,174,1,2
2096,175,1,2
2096,176,1,2
2096,177,1,2
2096,178,1,2
2096,179,1,2
2096,180,1,2
2096,181,1,2
2096,182,1,2
2096,183,1,2
2096,184,1,2
2096,185,1,2
2096,186,1,2
2096,187,1,2
2096,188,1,2
2096,189,1,2
2096,190,1,2
2096,191,1,2
2096,192,1,2
2096,193,1,2
2096,194,1,2
2096,195,1,2
2096,196,1,2
2096,197,1,2
2096,198,1,2
2096,199,1,2
2096,200,1,2
2096,201,1,2
2096,202,1,2
2096,203,1,2
2096,204,1,2
2096,205,1,2
2096,206,1,2
2096,207,1,2
2096,208,1,2
2096,209,1,2
2096,210,1,2
2096,211,1,2
2096,212,1,2
2096,213,1,2
2096,214,1,2
2096,215,1,2
2096,216,1,2
2096,217,1,2
2096,218,1,2
2096,219,1,2
2096,220,1,2
2096,221,1,2
2096,222,1,2
2096,223,1,2
2096,224,1,2
2096,225,1,2
2096,226,1,2
2096,227,1,2
2096,228,1,2
2096,229,1,2
2096,230,1,2
2096,231,1,2
2096,232,1,2
2096,233,1,2
2096,234,1,2
2096,235,1,2
2096,236,1,2
2096,237,1,2
2096,238,1,2
2096,239,1,2
2096,240,1,2
2096,241,1,2
2096,242,1,2
2096,243,1,2
2096,244,1,2
2096,245,1,2
2096,246,1,2
2096,247,1,2
2096,248,1,2
2096,249,1,2
2096,250,1,2
2096,251,1,2
2096,252,1,2
2096,253,1,2
2096,254,1,2
2096,255,1,2
2096,256,1,2
2096,257,1,2
2096,258,1,2
2096,259,1,2
2096,260,1,2
2096,261,1,2
2096,262,1,2
2096,263,1,2
2096,264,1,2
2096,265,1,2
2096,266,1,2
2096,267,1,2
2096,268,1,2
2096,269,1,2
2096,270,1,2
2096,271,1,2
2096,272,1,2
2096,273,1,2
2096,274,1,2
2096,275,1,2
2096,276,1,2
2096,277,1,2
2096,278,1,2
2096,279,1,2
2096,280,1,2
2096,281,1,2
2096,282,1,2
2096,283,1,2
2096,284,1,2
2096,285,1,2
2096,286,1,2
2096,287,1,2
2096,288,1,2
2096,289,1,2
2096,290,1,2
2096,291,1,2
2096,292,1,2
2096,293,1,2
2096,294,1,2
2096,295,1,2
2096,296,1,2
2096,297,1,2
2096,298,1,2
2096,299,1,2
2096,300,1,2
2096,301,1,2
2096,302,1,2
2096,303,1,2
2096,304,1,2
2096,305,1,2
2096,306,1,2
2096,307,1,2
2096,308,1,2
2096,309,1,2
2096,310,1,2
2096,311,1,2
2096,312,1,2
2096,313,1,2
2096,314,1,2
2096,315,1,2
2096,316,1,2
2096,317,1,2
2096,318,1,2
2096,319,1,2
2096,320,1,2
2096,321,1,2
2096,322,1,2
2096,323,1,2
2096,324,1,2
2096,325,1,2
2096,326,1,2
2096,327,1,2
2096,328,1,2
2096,329,1,2
2096,330,1,2
2096,331,1,2
2096,332,1,2
2096,333,1,2
2096,334,1,2
2096,335,1,2
2096,336,1,2
2096,337,1,2
2096,338,1,2
2096,339,1,2
2096,340,1,2
2096,341,1,2
2096,342,1,2
2096,343,1,2
2096,344,1,2
2096,345,1,2
2096,346,1,2
2096,347,1,2
2096,348,1,2
2096,349,1,2
2096,350,1,2
2096,351,1,2
2096,352,1,2
2096,353,1,2
2096,354,1,2
2096,355,1,2
2096,356,1,2
2096,357,1,2
2096,358,1,2
2096,359,1,2
2096,360,1,2
2096,361,1,2
2096,362,1,2
2096,363,1,2
2096,364,1,2
2096,365,1,2
2096,366,1,2
2096,367,1,2
2096,368,1,2
2096,369,1,2
2096,370,1,2
2096,371,1,2
2096,372,1,2
2096,373,1,2
2096,374,1,2
2096,375,1,2
2096,376,1,2
2096,377,1,2
2096,378,1,2
2096,379,1,2
2096,380,1,2
2096,381,1,2
2096,382,1,2
2096,383,1,2
2096,384,1,2
2096,385,1,2
2096,386,1,2
2096,387,1,2
2096,388,1,2
2096,389,1,2
2096,390,1,2
2096,391,1,2
2096,392,1,2
2096,393,1,2
2096,394,1,2
2096,395,1,2
2096,396,1,2
2096,397,1,2
2096,398,1,2
2096,399,1,2
2096,400,1,2
2096,401,1,2
2096,402,1,2
2096,403,1,2
2096,404,1,2
2096,405,1,2
2096,406,1,2
2096,407,1,2
2096,408,1,2
2096,409,1,2
2096,410,1,2
2096,411,1,2
2096,412,1,2
2096,413,1,2
2096,414,1,2
2096,415,1,2
2096,416,1,2
2096,417,1,2
2096,418,1,2
2096,419,1,2
2096,420,1,2
2096,421,1,2
2096,422,1,2
2096,423,1,2
2096,424,1,2
2096,425,1,2
2096,426,1,2
2096,427,1,2
2096,428,1,2
2096,429,1,2
2096,430,1,2
2096,431,1,2
2096,432,1,2
2096,433,1,2
2096,434,1,2
2096,435,1,2
2096,436,1,2
2096,437,1,2
2096,438,1,2
2096,439,1,2
2096,440,1,2
2096,441,1,2
2096,442,1,2
2096,443,1,2
2096,444,1,2
2096,445,1,2
2096,446,1,2
2096,447,1,2
2096,448,1,2
2096,449,1,2
2096,450,1,2
2096,451,1,2
2096,452,1,2
2096,453,1,2
2096,454,1,2
2096,455,1,2
2096,456,1,2
2096,457,1,2
2096,458,1,2
2096,459,1,2
2096,460,1,2
2096,461,1,2
2096,462,1,2
2096,463,1,2
2096,464,1,2
2096,465,1,2
2096,466,1,2
2096,467,1,2
2096,468,1,2
2096,469,1,2
2096,470,1,2
2096,471,1,2
2096,472,1,2
2096,473,1,2
2096,474,1,2
2096,475,1,2
2096,476,1,2
2096,477,1,2
2096,478,1,2
2096,479,1,2
2096,480,1,2
2096,481,1,2
2096,482,1,2
2096,483,1,2
2096,484,1,2
2096,485,1,2
2096,486,1,2
2096,487,1,2
2096,488,1,2
2096,489,1,2
2096,490,1,2
2096,491,1,2
2096,492,1,2
2096,493,1,2
2096,494,1,2
2096,495,1,2
2096,496,1,2
2096,497,1,2
2096,498,1,2
2096,499,1,2
2096,500,1,2
2096,501,1,2
2096,502,1,2
2096,503,1,2
2096,504,1,2
2096,505,1,2
2096,506,1,2
2096,507,1,2
2096,508,1,2
2096,509,1,2
2096,510,1,2
2096,511,1,2
2096,512,1,2
2096,513,1,2
2096,514,1,2
2096,515,1,2
2096,516,1,2
2096,517,1,2
2096,518,1,2
2096,519,1,2
2096,520,1,2
2096,521,1,2
2096,522,1,2
2096,523,1,2
2096,524,1,2
2096,525,1,2
2096,526,1,2
2096,527,1,2
2096,528,1,2
2096,529,1,2
2096,530,1,2
2096,531,1,2
2096,532,1,2
2096,533,1,2
2096,534,1,2
2096,535,1,2
2096,536,1,2
2096,537,1,2
2096,538,1,2
2096,539,1,2
2096,540,1,2
2096,541,1,2
2096,542,1,2
2096,543,1,2
2096,544,1,2
2096,545,1,2
2096,546,1,2
2096,547,1,2
2096,548,1,2
2096,549,1,2
2096,550,1,2
2096,551,1,2
2096,552,1,2
2096,553,1,2
2096,554,1,2
2096,555,1,2
2096,556,1,2
2096,557,1,2
2096,558,1,2
2096,559,1,2
2096,560,1,2
2096,561,1,2
2096,562,1,2
2096,563,1,2
2096,564,1,2
2096,565,1,2
2096,566,1,2
2096,567,1,2
2096,568,1,2
2096,569,1,2
2096,570,1,2
2096,571,1,2
2096,572,1,2
2096,573,1,2
2096,574,1,2
2096,575,1,2
2096,576,1,2
2096,577,1,2
2096,578,1,2
2096,579,1,2
2096,580,1,2
2096,581,1,3
2096,582,1,3
2096,583,1,3
2096,584,1,3
2096,585,1,3
2096,586,1,3
2096,587,1,3
2096,588,1,3
2096,589,1,3
2096,590,1,3
2096,591,1,3
2096,592,1,3
2096,593,1,3
2096,594,1,3
2096,595,1,3
2096,596,1,3
2096,597,1,3
2096,598,1,3
2096,599,1,3
2096,600,1,3
2096,601,1,3
2096,602,1,3
2096,603,1,3
2096,604,1,3
2096,605,1,3
2096,606,1,3
2096,607,1,3
2096,608,1,3
2096,609,1,3
2096,610,1,3
2096,611,1,3
2096,612,1,3
2096,613,1,3
2096,614,1,3
2096,615,1,3
2096,616,1,3
2096,617,1,3
2096,618,1,3
2096,619,1,3
2096,620,1,3
2096,621,1,3
2096,622,1,3
2096,623,1,3
2096,624,1,3
2096,625,1,3
2096,626,1,3
2096,627,1,3
2096,628,1,2
2096,629,1,2
2096,630,1,2
2096,631,1,2
2096,632,1,2
2096,633,1,2
2097,144,1,2
2097,145,1,2
2097,146,1,2
2097,147,1,2
2097,148,1,2
2097,149,1,2
2097,150,1,2
2097,151,1,2
2097,152,1,2
2097,153,1,2
2097,154,1,2
2097,155,1,2
2097,156,1,2
2097,157,1,2
2097,158,1,2
2097,159,1,2
2097,160,1,2
2097,161,1,2
2097,162,1,2
2097,163,1,2
2097,164,1,2
2097,165,1,2
2097,166,1,2
2097,167,1,2
2097,168,1,2
2097,169,1,2
2097,170,1,2
2097,171,1,2
2097,172,1,2
2097,173,1,2
2097,174,1,2
2097,175,1,2
2097,176,1,2
2097,177,1,2
2097,178,1,2
2097,179,1,2
2097,180,1,2
2097,181,1,2
2097,182,1,2
2097,183,1,2
2097,184,1,2
2097,185,1,2
2097,186,1,2
2097,187,1,2
2097,188,1,2
2097,189,1,2
2097,190,1,2
2097,191,1,2
2097,192,1,2
2097,193,1,2
2097,194,1,2
2097,195,1,2
2097,196,1,2
2097,197,1,2
2097,198,1,2
2097,199,1,2
2097,200,1,2
2097,201,1,2
2097,202,1,2
2097,203,1,2
2097,204,1,2
2097,205,1,2
2097,206,1,2
2097,207,1,2
2097,208,1,2
2097,209,1,2
2097,210,1,2
2097,211,1,2
2097,212,1,2
2097,213,1,2
2097,214,1,2
2097,215,1,2
2097,216,1,2
2097,217,1,2
2097,218,1,2
2097,219,1,2
2097,220,1,2
2097,221,1,2
2097,222,1,2
2097,223,1,2
2097,224,1,2
2097,225,1,2
2097,226,1,2
2097,227,1,2
2097,228,1,2
2097,229,1,2
2097,230,1,2
2097,231,1,2
2097,232,1,2
2097,233,1,2
2097,234,1,2
2097,235,1,2
2097,236,1,2
2097,237,1,2
2097,238,1,2
2097,239,1,2
2097,240,1,2
2097,241,1,2
2097,242,1,2
2097,243,1,2
2097,244,1,2
2097,245,1,2
2097,246,1,2
2097,247,1,2
2097,248,1,2
2097,249,1,2
2097,250,1,2
2097,251,1,2
2097,252,1,2
2097,253,1,2
2097,254,1,2
2097,255,1,2
2097,256,1,2
2097,257,1,2
2097,258,1,2
2097,259,1,2
2097,260,1,2
2097,261,1,2
2097,262,1,2
2097,263,1,2
2097,264,1,2
2097,265,1,2
2097,266,1,2
2097,267,1,2
2097,268,1,2
2097,269,1,2
2097,270,1,2
2097,271,1,2
2097,272,1,2
2097,273,1,2
2097,274,1,2
2097,275,1,2
2097,276,1,2
2097,277,1,2
2097,278,1,2
2097,279,1,2
2097,280,1,2
2097,281,1,2
2097,282,1,2
2097,283,1,2
2097,284,1,2
2097,285,1,2
2097,286,1,2
2097,287,1,2
2097,288,1,2
2097,289,1,2
2097,290,1,2
2097,291,1,2
2097,292,1,2
2097,293,1,2
2097,294,1,2
2097,295,1,2
2097,296,1,2
2097,297,1,2
2097,298,1,2
2097,299,1,2
2097,300,1,2
2097,301,1,2
2097,302,1,2
2097,303,1,2
2097,304,1,2
2097,305,1,2
2097,306,1,2
2097,307,1,2
2097,308,1,2
2097,309,1,2
2097,310,1,2
2097,311,1,2
2097,312,1,2
2097,313,1,2
2097,314,1,2
2097,315,1,2
2097,316,1,2
2097,317,1,2
2097,318,1,2
2097,319,1,2
2097,320,1,2
2097,321,1,2
2097,322,1,2
2097,323,1,2
2097,324,1,2
2097,325,1,2
2097,326,1,2
2097,327,1,2
2097,328,1,2
2097,329,1,2
2097,330,1,2
2097,331,1,2
2097,332,1,2
2097,333,1,2
2097,334,1,2
2097,335,1,2
2097,336,1,2
2097,337,1,2
2097,338,1,2
2097,339,1,2
2097,340,1,2
2097,341,1,2
2097,342,1,2
2097,343,1,2
2097,344,1,2
2097,345,1,2
2097,346,1,2
2097,347,1,2
2097,348,1,2
2097,349,1,2
2097,350,1,2
2097,351,1,2
2097,352,1,2
2097,353,1,2
2097,354,1,2
2097,355,1,2
2097,356,1,2
2097,357,1,2
2097,358,1,2
2097,359,1,2
2097,360,1,2
2097,361,1,2
2097,362,1,2
2097,363,1,2
2097,364,1,2
2097,365,1,2
2097,366,1,2
2097,367,1,2
2097,368,1,2
2097,369,1,2
2097,370,1,2
2097,371,1,2
2097,372,1,2
2097,373,1,2
2097,374,1,2
2097,375,1,2
2097,376,1,2
2097,377,1,2
2097,378,1,2
2097,379,1,2
2097,380,1,2
2097,381,1,2
2097,382,1,2
2097,383,1,2
2097,384,1,2
2097,385,1,2
2097,386,1,2
2097,387,1,2
2097,388,1,2
2097,389,1,2
2097,390,1,2
2097,391,1,2
2097,392,1,2
2097,393,1,2
2097,394,1,2
2097,395,1,2
2097,396,1,2
2097,397,1,2
2097,398,1,2
2097,399,1,2
2097,400,1,2
2097,401,1,2
2097,402,1,2
2097,403,1,2
2097,404,1,2
2097,405,1,2
2097,406,1,2
2097,407,1,2
2097,408,1,2
2097,409,1,2
2097,410,1,2
2097,411,1,2
2097,412,1,2
2097,413,1,2
2097,414,1,2
2097,415,1,2
2097,416,1,2
2097,417,1,2
2097,418,1,2
2097,419,1,2
2097,420,1,2
2097,421,1,2
2097,422,1,2
2097,423,1,2
2097,424,1,2
2097,425,1,2
2097,426,1,2
2097,427,1,2
2097,428,1,2
2097,429,1,2
2097,430,1,2
2097,431,1,2
2097,432,1,2
2097,433,1,2
2097,434,1,2
2097,435,1,2
2097,436,1,2
2097,437,1,2
2097,438,1,2
2097,439,1,2
2097,440,1,2
2097,441,1,2
2097,442,1,2
2097,443,1,2
2097,444,1,2
2097,445,1,2
2097,446,1,2
2097,447,1,2
2097,448,1,2
2097,449,1,2
2097,450,1,2
2097,451,1,2
2097,452,1,2
2097,453,1,2
2097,454,1,2
2097,455,1,2
2097,456,1,2
2097,457,1,2
2097,458,1,2
2097,459,1,2
2097,460,1,2
2097,461,1,2
2097,462,1,2
2097,463,1,2
2097,464,1,2
2097,465,1,2
2097,466,1,2
2097,467,1,2
2097,468,1,2
2097,469,1,2
2097,470,1,2
2097,471,1,2
2097,472,1,2
2097,473,1,2
2097,474,1,2
2097,475,1,2
2097,476,1,2
2097,477,1,2
2097,478,1,2
2097,479,1,2
2097,480,1,2
2097,481,1,2
2097,482,1,2
2097,483,1,2
2097,484,1,2
2097,485,1,2
2097,486,1,2
2097,487,1,2
2097,488,1,2
2097,489,1,2
2097,490,1,2
2097,491,1,2
2097,492,1,2
2097,493,1,2
2097,494,1,2
2097,495,1,2
2097,496,1,2
2097,497,1,2
2097,498,1,2
2097,499,1,2
2097,500,1,2
2097,501,1,2
2097,502,1,2
2097,503,1,2
2097,504,1,2
2097,505,1,2
2097,506,1,2
2097,507,1,2
2097,508,1,2
2097,509,1,2
2097,510,1,2
2097,511,1,2
2097,512,1,2
2097,513,1,2
2097,514,1,2
2097,515,1,2
2097,516,1,2
2097,517,1,2
2097,518,1,2
2097,519,1,2
2097,520,1,2
2097,521,1,2
2097,522,1,2
2097,523,1,2
2097,524,1,2
2097,525,1,2
2097,526,1,2
2097,527,1,2
2097,528,1,2
2097,529,1,2
2097,530,1,2
2097,531,1,2
2097,532,1,2
2097,533,1,2
2097,534,1,2
2097,535,1,2
2097,536,1,2
2097,537,1,2
2097,538,1,2
2097,539,1,2
2097,540,1,2
2097,541,1,2
2097,542,1,2
2097,543,1,2
2097,544,1,2
2097,545,1,2
2097,546,1,2
2097,547,1,2
2097,548,1,2
2097,549,1,2
2097,550,1,2
2097,551,1,2
2097,552,1,2
2097,553,1,2
2097,554,1,2
2097,555,1,2
2097,556,1,2
2097,557,1,2
2097,558,1,2
2097,559,1,2
2097,560,1,2
2097,561,1,2
2097,562,1,2
2097,563,1,2
2097,564,1,2
2097,565,1,2
2097,566,1,2
2097,567,1,2
2097,568,1,2
2097,569,1,2
2097,570,1,2
2097,571,1,2
2097,572,1,2
2097,573,1,2
2097,574,1,2
2097,575,1,2
2097,576,1,2
2097,577,1,2
2097,578,1,2
2097,579,1,2
2097,580,1,2
2097,581,1,3
2097,582,1,3
2097,583,1,3
2097,584,1,3
2097,585,1,3
2097,586,1,3
2097,587,1,3
2097,588,1,3
2097,589,1,3
2097,590,1,3
2097,591,1,3
2097,592,1,3
2097,593,1,3
2097,594,1,3
2097,595,1,3
2097,596,1,3
2097,597,1,3
2097,598,1,3
2097,599,1,3
2097,600,1,3
2097,601,1,3
2097,602,1,3
2097,603,1,3
2097,604,1,3
2097,605,1,3
2097,606,1,3
2097,607,1,3
2097,608,1,3
2097,609,1,3
2097,610,1,3
2097,611,1,3
2097,612,1,3
2097,613,1,3
2097,614,1,3
2097,615,1,3
2097,616,1,3
2097,617,1,3
2097,618,1,3
2097,619,1,3
2097,620,1,3
2097,621,1,3
2097,622,1,3
2097,623,1,3
2097,624,1,3
2097,625,1,3
2097,626,1,3
2097,627,1,3
2097,628,1,2
2097,629,1,2
2097,630,1,2
2097,631,1,2
2097,632,1,2
2098,145,1,2
2098,146,1,2
2098,147,1,2
2098,148,1,2
2098,149,1,2
2098,150,1,2
2098,151,1,2
2098,152,1,2
2098,153,1,2
2098,154,1,2
2098,155,1,2
2098,156,1,2
2098,157,1,2
2098,158,1,2
2098,159,1,2
2098,160,1,2
2098,161,1,2
2098,162,1,2
2098,163,1,2
2098,164,1,2
2098,165,1,2
2098,166,1,2
2098,167,1,2
2098,168,1,2
2098,169,1,2
2098,170,1,2
2098,171,1,2
2098,172,1,2
2098,173,1,2
2098,174,1,2
2098,175,1,2
2098,176,1,2
2098,177,1,2
2098,178,1,2
2098,179,1,2
2098,180,1,2
2098,181,1,2
2098,182,1,2
2098,183,1,2
2098,184,1,2
2098,185,1,2
2098,186,1,2
2098,187,1,2
2098,188,1,2
2098,189,1,2
2098,190,1,2
2098,191,1,2
2098,192,1,2
2098,193,1,2
2098,194,1,2
2098,195,1,2
2098,196,1,2
2098,197,1,2
2098,198,1,2
2098,199,1,2
2098,200,1,2
2098,201,1,2
2098,202,1,2
2098,203,1,2
2098,204,1,2
2098,205,1,2
2098,206,1,2
2098,207,1,2
2098,208,1,2
2098,209,1,2
2098,210,1,2
2098,211,1,2
2098,212,1,2
2098,213,1,2
2098,214,1,2
2098,215,1,2
2098,216,1,2
2098,217,1,2
2098,218,1,2
2098,219,1,2
2098,220,1,2
2098,221,1,2
2098,222,1,2
2098,223,1,2
2098,224,1,2
2098,225,1,2
2098,226,1,2
2098,227,1,2
2098,228,1,2
2098,229,1,2
2098,230,1,2
2098,231,1,2
2098,232,1,2
2098,233,1,2
2098,234,1,2
2098,235,1,2
2098,236,1,2
2098,237,1,2
2098,238,1,2
2098,239,1,2
2098,240,1,2
2098,241,1,2
2098,242,1,2
2098,243,1,2
2098,244,1,2
2098,245,1,2
2098,246,1,2
2098,247,1,2
2098,248,1,2
2098,249,1,2
2098,250,1,2
2098,251,1,2
2098,252,1,2
2098,253,1,2
2098,254,1,2
2098,255,1,2
2098,256,1,2
2098,257,1,2
2098,258,1,2
2098,259,1,2
2098,260,1,2
2098,261,1,2
2098,262,1,2
2098,263,1,2
2098,264,1,2
2098,265,1,2
2098,266,1,2
2098,267,1,2
2098,268,1,2
2098,269,1,2
2098,270,1,2
2098,271,1,2
2098,272,1,2
2098,273,1,2
2098,274,1,2
2098,275,1,2
2098,276,1,2
2098,277,1,2
2098,278,1,2
2098,279,1,2
2098,280,1,2
2098,281,1,2
2098,282,1,2
2098,283,1,2
2098,284,1,2
2098,285,1,2
2098,286,1,2
2098,287,1,2
2098,288,1,2
2098,289,1,2
2098,290,1,2
2098,291,1,2
2098,292,1,2
2098,293,1,2
2098,294,1,2
2098,295,1,2
2098,296,1,2
2098,297,1,2
2098,298,1,2
2098,299,1,2
2098,300,1,2
2098,301,1,2
2098,302,1,2
2098,303,1,2
2098,304,1,2
2098,305,1,2
2098,306,1,2
2098,307,1,2
2098,308,1,2
2098,309,1,2
2098,310,1,2
2098,311,1,2
2098,312,1,2
2098,313,1,2
2098,314,1,2
2098,315,1,2
2098,316,1,2
2098,317,1,2
2098,318,1,2
2098,319,1,2
2098,320,1,2
2098,321,1,2
2098,322,1,2
2098,323,1,2
2098,324,1,2
2098,325,1,2
2098,326,1,2
2098,327,1,2
2098,328,1,2
2098,329,1,2
2098,330,1,2
2098,331,1,2
2098,332,1,2
2098,333,1,2
2098,334,1,2
2098,335,1,2
2098,336,1,2
2098,337,1,2
2098,338,1,2
2098,339,1,2
2098,340,1,2
2098,341,1,2
2098,342,1,2
2098,343,1,2
2098,344,1,2
2098,345,1,2
2098,346,1,2
2098,347,1,2
2098,348,1,2
2098,349,1,2
2098,350,1,2
2098,351,1,2
2098,352,1,2
2098,353,1,2
2098,354,1,2
2098,355,1,2
2098,356,1,2
2098,357,1,2
2098,358,1,2
2098,359,1,2
2098,360,1,2
2098,361,1,2
2098,362,1,2
2098,363,1,2
2098,364,1,2
2098,365,1,2
2098,366,1,2
2098,367,1,2
2098,368,1,2
2098,369,1,2
2098,370,1,2
2098,371,1,2
2098,372,1,2
2098,373,1,2
2098,374,1,2
2098,375,1,2
2098,376,1,2
2098,377,1,2
2098,378,1,2
2098,379,1,2
2098,380,1,2
2098,381,1,2
2098,382,1,2
2098,383,1,2
2098,384,1,2
2098,385,1,2
2098,386,1,2
2098,387,1,2
2098,388,1,2
2098,389,1,2
2098,390,1,2
2098,391,1,2
2098,392,1,2
2098,393,1,2
2098,394,1,2
2098,395,1,2
2098,396,1,2
2098,397,1,2
2098,398,1,2
2098,399,1,2
2098,400,1,2
2098,401,1,2
2098,402,1,2
2098,403,1,2
2098,404,1,2
2098,405,1,2
2098,406,1,2
2098,407,1,2
2098,408,1,2
2098,409,1,2
2098,410,1,2
2098,411,1,2
2098,412,1,2
2098,413,1,2
2098,414,1,2
2098,415,1,2
2098,416,1,2
2098,417,1,2
2098,418,1,2
2098,419,1,2
2098,420,1,2
2098,421,1,2
2098,422,1,2
2098,423,1,2
2098,424,1,2
2098,425,1,2
2098,426,1,2
2098,427,1,2
2098,428,1,2
2098,429,1,2
2098,430,1,2
2098,431,1,2
2098,432,1,2
2098,433,1,2
2098,434,1,2
2098,435,1,2
2098,436,1,2
2098,437,1,2
2098,438,1,2
2098,439,1,2
2098,440,1,2
2098,441,1,2
2098,442,1,2
2098,443,1,2
2098,444,1,2
2098,445,1,2
2098,446,1,2
2098,447,1,2
2098,448,1,2
2098,449,1,2
2098,450,1,2
2098,451,1,2
2098,452,1,2
2098,453,1,2
2098,454,1,2
2098,455,1,2
2098,456,1,2
2098,457,1,2
2098,458,1,2
2098,459,1,2
2098,460,1,2
2098,461,1,2
2098,462,1,2
2098,463,1,2
2098,464,1,2
2098,465,1,2
2098,466,1,2
2098,467,1,2
2098,468,1,2
2098,469,1,2
2098,470,1,2
2098,471,1,2
2098,472,1,2
2098,473,1,2
2098,474,1,2
2098,475,1,2
2098,476,1,2
2098,477,1,2
2098,478,1,2
2098,479,1,2
2098,480,1,2
2098,481,1,2
2098,482,1,2
2098,483,1,2
2098,484,1,2
2098,485,1,2
2098,486,1,2
2098,487,1,2
2098,488,1,2
2098,489,1,2
2098,490,1,2
2098,491,1,2
2098,492,1,2
2098,493,1,2
2098,494,1,2
2098,495,1,2
2098,496,1,2
2098,497,1,2
2098,498,1,2
2098,499,1,2
2098,500,1,2
2098,501,1,2
2098,502,1,2
2098,503,1,2
2098,504,1,2
2098,505,1,2
2098,506,1,2
2098,507,1,2
2098,508,1,2
2098,509,1,2
2098,510,1,2
2098,511,1,2
2098,512,1,2
2098,513,1,2
2098,514,1,2
2098,515,1,2
2098,516,1,2
2098,517,1,2
2098,518,1,2
2098,519,1,2
2098,520,1,2
2098,521,1,2
2098,522,1,2
2098,523,1,2
2098,524,1,2
2098,525,1,2
2098,526,1,2
2098,527,1,2
2098,528,1,2
2098,529,1,2
2098,530,1,2
2098,531,1,2
2098,532,1,2
2098,533,1,2
2098,534,1,2
2098,535,1,2
2098,536,1,2
2098,537,1,2
2098,538,1,2
2098,539,1,2
2098,540,1,2
2098,541,1,2
2098,542,1,2
2098,543,1,2
2098,544,1,2
2098,545,1,2
2098,546,1,2
2098,547,1,2
2098,548,1,2
2098,549,1,2
2098,550,1,2
2098,551,1,2
2098,552,1,2
2098,553,1,2
2098,554,1,2
2098,555,1,2
2098,556,1,2
2098,557,1,2
2098,558,1,2
2098,559,1,2
2098,560,1,2
2098,561,1,2
2098,562,1,2
2098,563,1,2
2098,564,1,2
2098,565,1,2
2098,566,1,2
2098,567,1,2
2098,568,1,2
2098,569,1,2
2098,570,1,2
2098,571,1,2
2098,572,1,2
2098,573,1,2
2098,574,1,2
2098,575,1,2
2098,576,1,2
2098,577,1,2
2098,578,1,2
2098,579,1,2
2098,580,1,2
2098,581,1,3
2098,582,1,3
2098,583,1,3
2098,584,1,3
2098,585,1,3
2098,586,1,3
2098,587,1,3
2098,588,1,3
2098,589,1,3
2098,590,1,3
2098,591,1,3
2098,592,1,3
2098,593,1,3
2098,594,1,3
2098,595,1,3
2098,596,1,3
2098,597,1,3
2098,598,1,3
2098,599,1,3
2098,600,1,3
2098,601,1,3
2098,602,1,3
2098,603,1,3
2098,604,1,3
2098,605,1,3
2098,606,1,3
2098,607,1,3
2098,608,1,3
2098,609,1,3
2098,610,1,3
2098,611,1,3
2098,612,1,3
2098,613,1,3
2098,614,1,3
2098,615,1,3
2098,616,1,3
2098,617,1,3
2098,618,1,3
2098,619,1,3
2098,620,1,3
2098,621,1,3
2098,622,1,3
2098,623,1,3
2098,624,1,3
2098,625,1,3
2098,626,1,3
2098,627,1,3
2098,628,1,2
2098,629,1,2
2098,630,1,2
2098,631,1,2
2098,632,1,2
2099,145,1,2
2099,146,1,2
2099,147,1,2
2099,148,1,2
2099,149,1,2
2099,150,1,2
2099,151,1,2
2099,152,1,2
2099,153,1,2
2099,154,1,2
2099,155,1,2
2099,156,1,2
2099,157,1,2
2099,158,1,2
2099,159,1,2
2099,160,1,2
2099,161,1,2
2099,162,1,2
2099,163,1,2
2099,164,1,2
2099,165,1,2
2099,166,1,2
2099,167,1,2
2099,168,1,2
2099,169,1,2
2099,170,1,2
2099,171,1,2
2099,172,1,2
2099,173,1,2
2099,174,1,2
2099,175,1,2
2099,176,1,2
2099,177,1,2
2099,178,1,2
2099,179,1,2
2099,180,1,2
2099,181,1,2
2099,182,1,2
2099,183,1,2
2099,184,1,2
2099,185,1,2
2099,186,1,2
2099,187,1,2
2099,188,1,2
2099,189,1,2
2099,190,1,2
2099,191,1,2
2099,192,1,2
2099,193,1,2
2099,194,1,2
2099,195,1,2
2099,196,1,2
2099,197,1,2
2099,198,1,2
2099,199,1,2
2099,200,1,2
2099,201,1,2
2099,202,1,2
2099,203,1,2
2099,204,1,2
2099,205,1,2
2099,206,1,2
2099,207,1,2
2099,208,1,2
2099,209,1,2
2099,210,1,2
2099,211,1,2
2099,212,1,2
2099,213,1,2
2099,214,1,2
2099,215,1,2
2099,216,1,2
2099,217,1,2
2099,218,1,2
2099,219,1,2
2099,220,1,2
2099,221,1,2
2099,222,1,2
2099,223,1,2
2099,224,1,2
2099,225,1,2
2099,226,1,2
2099,227,1,2
2099,228,1,2
2099,229,1,2
2099,230,1,2
2099,231,1,2
2099,232,1,2
2099,233,1,2
2099,234,1,2
2099,235,1,2
2099,236,1,2
2099,237,1,2
2099,238,1,2
2099,239,1,2
2099,240,1,2
2099,241,1,2
2099,242,1,2
2099,243,1,2
2099,244,1,2
2099,245,1,2
2099,246,1,2
2099,247,1,2
2099,248,1,2
2099,249,1,2
2099,250,1,2
2099,251,1,2
2099,252,1,2
2099,253,1,2
2099,254,1,2
2099,255,1,2
2099,256,1,2
2099,257,1,2
2099,258,1,2
2099,259,1,2
2099,260,1,2
2099,261,1,2
2099,262,1,2
2099,263,1,2
2099,264,1,2
2099,265,1,2
2099,266,1,2
2099,267,1,2
2099,268,1,2
2099,269,1,2
2099,270,1,2
2099,271,1,2
2099,272,1,2
2099,273,1,2
2099,274,1,2
2099,275,1,2
2099,276,1,2
2099,277,1,2
2099,278,1,2
2099,279,1,2
2099,280,1,2
2099,281,1,2
2099,282,1,2
2099,283,1,2
2099,284,1,2
2099,285,1,2
2099,286,1,2
2099,287,1,2
2099,288,1,2
2099,289,1,2
2099,290,1,2
2099,291,1,2
2099,292,1,2
2099,293,1,2
2099,294,1,2
2099,295,1,2
2099,296,1,2
2099,297,1,2
2099,298,1,2
2099,299,1,2
2099,300,1,2
2099,301,1,2
2099,302,1,2
2099,303,1,2
2099,304,1,2
2099,305,1,2
2099,306,1,2
2099,307,1,2
2099,308,1,2
2099,309,1,2
2099,310,1,2
2099,311,1,2
2099,312,1,2
2099,313,1,2
2099,314,1,2
2099,315,1,2
2099,316,1,2
2099,317,1,2
2099,318,1,2
2099,319,1,2
2099,320,1,2
2099,321,1,2
2099,322,1,2
2099,323,1,2
2099,324,1,2
2099,325,1,2
2099,326,1,2
2099,327,1,2
2099,328,1,2
2099,329,1,2
2099,330,1,2
2099,331,1,2
2099,332,1,2
2099,333,1,2
2099,334,1,2
2099,335,1,2
2099,336,1,2
2099,337,1,2
2099,338,1,2
2099,339,1,2
2099,340,1,2
2099,341,1,2
2099,342,1,2
2099,343,1,2
2099,344,1,2
2099,345,1,2
2099,346,1,2
2099,347,1,2
2099,348,1,2
2099,349,1,2
2099,350,1,2
2099,351,1,2
2099,352,1,2
2099,353,1,2
2099,354,1,2
2099,355,1,2
2099,356,1,2
2099,357,1,2
2099,358,1,2
2099,359,1,2
2099,360,1,2
2099,361,1,2
2099,362,1,2
2099,363,1,2
2099,364,1,2
2099,365,1,2
2099,366,1,2
2099,367,1,2
2099,368,1,2
2099,369,1,2
2099,370,1,2
2099,371,1,2
2099,372,1,2
2099,373,1,2
2099,374,1,2
2099,375,1,2
2099,376,1,2
2099,377,1,2
2099,378,1,2
2099,379,1,2
2099,380,1,2
2099,381,1,2
2099,382,1,2
2099,383,1,2
2099,384,1,2
2099,385,1,2
2099,386,1,2
2099,387,1,2
2099,388,1,2
2099,389,1,2
2099,390,1,2
2099,391,1,2
2099,392,1,2
2099,393,1,2
2099,394,1,2
2099,395,1,2
2099,396,1,2
2099,397,1,2
2099,398,1,2
2099,399,1,2
2099,400,1,2
2099,401,1,2
2099,402,1,2
2099,403,1,2
2099,404,1,2
2099,405,1,2
2099,406,1,2
2099,407,1,2
2099,408,1,2
2099,409,1,2
2099,410,1,2
2099,411,1,2
2099,412,1,2
2099,413,1,2
2099,414,1,2
2099,415,1,2
2099,416,1,2
2099,417,1,2
2099,418,1,2
2099,419,1,2
2099,420,1,2
2099,421,1,2
2099,422,1,2
2099,423,1,2
2099,424,1,2
2099,425,1,2
2099,426,1,2
2099,427,1,2
2099,428,1,2
2099,429,1,2
2099,430,1,2
2099,431,1,2
2099,432,1,2
2099,433,1,2
2099,434,1,2
2099,435,1,2
2099,436,1,2
2099,437,1,2
2099,438,1,2
2099,439,1,2
2099,440,1,2
2099,441,1,2
2099,442,1,2
2099,443,1,2
2099,444,1,2
2099,445,1,2
2099,446,1,2
2099,447,1,2
2099,448,1,2
2099,449,1,2
2099,450,1,2
2099,451,1,2
2099,452,1,2
2099,453,1,2
2099,454,1,2
2099,455,1,2
2099,456,1,2
2099,457,1,2
2099,458,1,2
2099,459,1,2
2099,460,1,2
2099,461,1,2
2099,462,1,2
2099,463,1,2
2099,464,1,2
2099,465,1,2
2099,466,1,2
2099,467,1,2
2099,468,1,2
2099,469,1,2
2099,470,1,2
2099,471,1,2
2099,472,1,2
2099,473,1,2
2099,474,1,2
2099,475,1,2
2099,476,1,2
2099,477,1,2
2099,478,1,2
2099,479,1,2
2099,480,1,2
2099,481,1,2
2099,482,1,2
2099,483,1,2
2099,484,1,2
2099,485,1,2
2099,486,1,2
2099,487,1,2
2099,488,1,2
2099,489,1,2
2099,490,1,2
2099,491,1,2
2099,492,1,2
2099,493,1,2
2099,494,1,2
2099,495,1,2
2099,496,1,2
2099,497,1,2
2099,498,1,2
2099,499,1,2
2099,500,1,2
2099,501,1,2
2099,502,1,2
2099,503,1,2
2099,504,1,2
2099,505,1,2
2099,506,1,2
2099,507,1,2
2099,508,1,2
2099,509,1,2
2099,510,1,2
2099,511,1,2
2099,512,1,2
2099,513,1,2
2099,514,1,2
2099,515,1,2
2099,516,1,2
2099,517,1,2
2099,518,1,2
2099,519,1,2
2099,520,1,2
2099,521,1,2
2099,522,1,2
2099,523,1,2
2099,524,1,2
2099,525,1,2
2099,526,1,2
2099,527,1,2
2099,528,1,2
2099,529,1,2
2099,530,1,2
2099,531,1,2
2099,532,1,2
2099,533,1,2
2099,534,1,2
2099,535,1,2
2099,536,1,2
2099,537,1,2
2099,538,1,2
2099,539,1,2
2099,540,1,2
2099,541,1,2
2099,542,1,2
2099,543,1,2
2099,544,1,2
2099,545,1,2
2099,546,1,2
2099,547,1,2
2099,548,1,2
2099,549,1,2
2099,550,1,2
2099,551,1,2
2099,552,1,2
2099,553,1,2
2099,554,1,2
2099,555,1,2
2099,556,1,2
2099,557,1,2
2099,558,1,2
2099,559,1,2
2099,560,1,2
2099,561,1,2
2099,562,1,2
2099,563,1,2
2099,564,1,2
2099,565,1,2
2099,566,1,2
2099,567,1,2
2099,568,1,2
2099,569,1,2
2099,570,1,2
2099,571,1,2
2099,572,1,2
2099,573,1,2
2099,574,1,2
2099,575,1,2
2099,576,1,2
2099,577,1,2
2099,578,1,2
2099,579,1,2
2099,580,1,2
2099,581,1,3
2099,582,1,3
2099,583,1,3
2099,584,1,3
2099,585,1,3
2099,586,1,3
2099,587,1,3
2099,588,1,3
2099,589,1,3
2099,590,1,3
2099,591,1,3
2099,592,1,3
2099,593,1,3
2099,594,1,3
2099,595,1,3
2099,596,1,3
2099,597,1,3
2099,598,1,3
2099,599,1,3
2099,600,1,3
2099,601,1,3
2099,602,1,3
2099,603,1,3
2099,604,1,3
2099,605,1,3
2099,606,1,3
2099,607,1,3
2099,608,1,3
2099,609,1,3
2099,610,1,3
2099,611,1,3
2099,612,1,3
2099,613,1,3
2099,614,1,3
2099,615,1,3
2099,616,1,3
2099,617,1,3
2099,618,1,3
2099,619,1,3
2099,620,1,3
2099,621,1,3
2099,622,1,3
2099,623,1,3
2099,624,1,3
2099,625,1,3
2099,626,1,3
2099,627,1,3
2099,628,1,2
2099,629,1,2
2099,630,1,2
2099,631,1,2
2099,632,1,2
2099,633,1,2
2100,145,1,2
2100,146,1,2
2100,147,1,2
2100,148,1,2
2100,149,1,2
2100,150,1,2
2100,151,1,2
2100,152,1,2
2100,153,1,2
2100,154,1,2
2100,155,1,2
2100,156,1,2
2100,157,1,2
2100,158,1,2
2100,159,1,2
2100,160,1,2
2100,161,1,2
2100,162,1,2
2100,163,1,2
2100,164,1,2
2100,165,1,2
2100,166,1,2
2100,167,1,2
2100,168,1,2
2100,169,1,2
2100,170,1,2
2100,171,1,2
2100,172,1,2
2100,173,1,2
2100,174,1,2
2100,175,1,2
2100,176,1,2
2100,177,1,2
2100,178,1,2
2100,179,1,2
2100,180,1,2
2100,181,1,2
2100,182,1,2
2100,183,1,2
2100,184,1,2
2100,185,1,2
2100,186,1,2
2100,187,1,2
2100,188,1,2
2100,189,1,2
2100,190,1,2
2100,191,1,2
2100,192,1,2
2100,193,1,2
2100,194,1,2
2100,195,1,2
2100,196,1,2
2100,197,1,2
2100,198,1,2
2100,199,1,2
2100,200,1,2
2100,201,1,2
2100,202,1,2
2100,203,1,2
2100,204,1,2
2100,205,1,2
2100,206,1,2
2100,207,1,2
2100,208,1,2
2100,209,1,2
2100,210,1,2
2100,211,1,2
2100,212,1,2
2100,213,1,2
2100,214,1,2
2100,215,1,2
2100,216,1,2
2100,217,1,2
2100,218,1,2
2100,219,1,2
2100,220,1,2
2100,221,1,2
2100,222,1,2
2100,223,1,2
2100,224,1,2
2100,225,1,2
2100,226,1,2
2100,227,1,2
2100,228,1,2
2100,229,1,2
2100,230,1,2
2100,231,1,2
2100,232,1,2
2100,233,1,2
2100,234,1,2
2100,235,1,2
2100,236,1,2
2100,237,1,2
2100,238,1,2
2100,239,1,2
2100,240,1,2
2100,241,1,2
2100,242,1,2
2100,243,1,2
2100,244,1,2
2100,245,1,2
2100,246,1,2
2100,247,1,2
2100,248,1,2
2100,249,1,2
2100,250,1,2
2100,251,1,2
2100,252,1,2
2100,253,1,2
2100,254,1,2
2100,255,1,2
2100,256,1,2
2100,257,1,2
2100,258,1,2
2100,259,1,2
2100,260,1,2
2100,261,1,2
2100,262,1,2
2100,263,1,2
2100,264,1,2
2100,265,1,2
2100,266,1,2
2100,267,1,2
2100,268,1,2
2100,269,1,2
2100,270,1,2
2100,271,1,2
2100,272,1,2
2100,273,1,2
2100,274,1,2
2100,275,1,2
2100,276,1,2
2100,277,1,2
2100,278,1,2
2100,279,1,2
2100,280,1,2
2100,281,1,2
2100,282,1,2
2100,283,1,2
2100,284,1,2
2100,285,1,2
2100,286,1,2
2100,287,1,2
2100,288,1,2
2100,289,1,2
2100,290,1,2
2100,291,1,2
2100,292,1,2
2100,293,1,2
2100,294,1,2
2100,295,1,2
2100,296,1,2
2100,297,1,2
2100,298,1,2
2100,299,1,2
2100,300,1,2
2100,301,1,2
2100,302,1,2
2100,303,1,2
2100,304,1,2
2100,305,1,2
2100,306,1,2
2100,307,1,2
2100,308,1,2
2100,309,1,2
2100,310,1,2
2100,311,1,2
2100,312,1,2
2100,313,1,2
2100,314,1,2
2100,315,1,2
2100,316,1,2
2100,317,1,2
2100,318,1,2
2100,319,1,2
2100,320,1,2
2100,321,1,2
2100,322,1,2
2100,323,1,2
2100,324,1,2
2100,325,1,2
2100,326,1,2
2100,327,1,2
2100,328,1,2
2100,329,1,2
2100,330,1,2
2100,331,1,2
2100,332,1,2
2100,333,1,2
2100,334,1,2
2100,335,1,2
2100,336,1,2
2100,337,1,2
2100,338,1,2
2100,339,1,2
2100,340,1,2
2100,341,1,2
2100,342,1,2
2100,343,1,2
2100,344,1,2
2100,345,1,2
2100,346,1,2
2100,347,1,2
2100,348,1,2
2100,349,1,2
2100,350,1,2
2100,351,1,2
2100,352,1,2
2100,353,1,2
2100,354,1,2
2100,355,1,2
2100,356,1,2
2100,357,1,2
2100,358,1,2
2100,359,1,2
2100,360,1,2
2100,361,1,2
2100,362,1,2
2100,363,1,2
2100,364,1,2
2100,365,1,2
2100,366,1,2
2100,367,1,2
2100,368,1,2
2100,369,1,2
2100,370,1,2
2100,371,1,2
2100,372,1,2
2100,373,1,2
2100,374,1,2
2100,375,1,2
2100,376,1,2
2100,377,1,2
2100,378,1,2
2100,379,1,2
2100,380,1,2
2100,381,1,2
2100,382,1,2
2100,383,1,2
2100,384,1,2
2100,385,1,2
2100,386,1,2
2100,387,1,2
2100,388,1,2
2100,389,1,2
2100,390,1,2
2100,391,1,2
2100,392,1,2
2100,393,1,2
2100,394,1,2
2100,395,1,2
2100,396,1,2
2100,397,1,2
2100,398,1,2
2100,399,1,2
2100,400,1,2
2100,401,1,2
2100,402,1,2
2100,403,1,2
2100,404,1,2
2100,405,1,2
2100,406,1,2
2100,407,1,2
2100,408,1,2
2100,409,1,2
2100,410,1,2
2100,411,1,2
2100,412,1,2
2100,413,1,2
2100,414,1,2
2100,415,1,2
2100,416,1,2
2100,417,1,2
2100,418,1,2
2100,419,1,2
2100,420,1,2
2100,421,1,2
2100,422,1,2
2100,423,1,2
2100,424,1,2
2100,425,1,2
2100,426,1,2
2100,427,1,2
2100,428,1,2
2100,429,1,2
2100,430,1,2
2100,431,1,2
2100,432,1,2
2100,433,1,2
2100,434,1,2
2100,435,1,2
2100,436,1,2
2100,437,1,2
2100,438,1,2
2100,439,1,2
2100,440,1,2
2100,441,1,2
2100,442,1,2
2100,443,1,2
2100,444,1,2
2100,445,1,2
2100,446,1,2
2100,447,1,2
2100,448,1,2
2100,449,1,2
2100,450,1,2
2100,451,1,2
2100,452,1,2
2100,453,1,2
2100,454,1,2
2100,455,1,2
2100,456,1,2
2100,457,1,2
2100,458,1,2
2100,459,1,2
2100,460,1,2
2100,461,1,2
2100,462,1,2
2100,463,1,2
2100,464,1,2
2100,465,1,2
2100,466,1,2
2100,467,1,2
2100,468,1,2
2100,469,1,2
2100,470,1,2
2100,471,1,2
2100,472,1,2
2100,473,1,2
2100,474,1,2
2100,475,1,2
2100,476,1,2
2100,477,1,2
2100,478,1,2
2100,479,1,2
2100,480,1,2
2100,481,1,2
2100,482,1,2
2100,483,1,2
2100,484,1,2
2100,485,1,2
2100,486,1,2
2100,487,1,2
2100,488,1,2
2100,489,1,2
2100,490,1,2
2100,491,1,2
2100,492,1,2
2100,493,1,2
2100,494,1,2
2100,495,1,2
2100,496,1,2
2100,497,1,2
2100,498,1,2
2100,499,1,2
2100,500,1,2
2100,501,1,2
2100,502,1,2
2100,503,1,2
2100,504,1,2
2100,505,1,2
2100,506,1,2
2100,507,1,2
2100,508,1,2
2100,509,1,2
2100,510,1,2
2100,511,1,2
2100,512,1,2
2100,513,1,2
2100,514,1,2
2100,515,1,2
2100,516,1,2
2100,517,1,2
2100,518,1,2
2100,519,1,2
2100,520,1,2
2100,521,1,2
2100,522,1,2
2100,523,1,2
2100,524,1,2
2100,525,1,2
2100,526,1,2
2100,527,1,2
2100,528,1,2
2100,529,1,2
2100,530,1,2
2100,531,1,2
2100,532,1,2
2100,533,1,2
2100,534,1,2
2100,535,1,2
2100,536,1,2
2100,537,1,2
2100,538,1,2
2100,539,1,2
2100,540,1,2
2100,541,1,2
2100,542,1,2
2100,543,1,2
2100,544,1,2
2100,545,1,2
2100,546,1,2
2100,547,1,2
2100,548,1,2
2100,549,1,2
2100,550,1,2
2100,551,1,2
2100,552,1,2
2100,553,1,2
2100,554,1,2
2100,555,1,2
2100,556,1,2
2100,557,1,2
2100,558,1,2
2100,559,1,2
2100,560,1,2
2100,561,1,2
2100,562,1,2
2100,563,1,2
2100,564,1,2
2100,565,1,2
2100,566,1,2
2100,567,1,2
2100,568,1,2
2100,569,1,2
2100,570,1,2
2100,571,1,2
2100,572,1,2
2100,573,1,2
2100,574,1,2
2100,575,1,2
2100,576,1,2
2100,577,1,2
2100,578,1,2
2100,579,1,2
2100,580,1,2
2100,581,1,3
2100,582,1,3
2100,583,1,3
2100,584,1,3
2100,585,1,3
2100,586,1,3
2100,587,1,3
2100,588,1,3
2100,589,1,3
2100,590,1,3
2100,591,1,3
2100,592,1,3
2100,593,1,3
2100,594,1,3
2100,595,1,3
2100,596,1,3
2100,597,1,3
2100,598,1,3
2100,599,1,3
2100,600,1,3
2100,601,1,3
2100,602,1,3
2100,603,1,3
2100,604,1,3
2100,605,1,3
2100,606,1,3
2100,607,1,3
2100,608,1,3
2100,609,1,3
2100,610,1,3
2100,611,1,3
2100,612,1,3
2100,613,1,3
2100,614,1,3
2100,615,1,3
2100,616,1,3
2100,617,1,3
2100,618,1,3
2100,619,1,3
2100,620,1,3
2100,621,1,3
2100,622,1,3
2100,623,1,3
2100,624,1,3
2100,625,1,3
2100,626,1,3
2100,627,1,3
2100,628,1,2
2100,629,1,2
2100,630,1,2
2100,631,1,2
2100,632,1,2
2100,633,1,2
2100,639,1,2
2100,640,1,2
2101,145,1,2
2101,146,1,2
2101,147,1,2
2101,148,1,2
2101,149,1,2
2101,150,1,2
2101,151,1,2
2101,152,1,2
2101,153,1,2
2101,154,1,2
2101,155,1,2
2101,156,1,2
2101,157,1,2
2101,158,1,2
2101,159,1,2
2101,160,1,2
2101,161,1,2
2101,162,1,2
2101,163,1,2
2101,164,1,2
2101,165,1,2
2101,166,1,2
2101,167,1,2
2101,168,1,2
2101,169,1,2
2101,170,1,2
2101,171,1,2
2101,172,1,2
2101,173,1,2
2101,174,1,2
2101,175,1,2
2101,176,1,2
2101,177,1,2
2101,178,1,2
2101,179,1,2
2101,180,1,2
2101,181,1,2
2101,182,1,2
2101,183,1,2
2101,184,1,2
2101,185,1,2
2101,186,1,2
2101,187,1,2
2101,188,1,2
2101,189,1,2
2101,190,1,2
2101,191,1,2
2101,192,1,2
2101,193,1,2
2101,194,1,2
2101,195,1,2
2101,196,1,2
2101,197,1,2
2101,198,1,2
2101,199,1,2
2101,200,1,2
2101,201,1,2
2101,202,1,2
2101,203,1,2
2101,204,1,2
2101,205,1,2
2101,206,1,2
2101,207,1,2
2101,208,1,2
2101,209,1,2
2101,210,1,2
2101,211,1,2
2101,212,1,2
2101,213,1,2
2101,214,1,2
2101,215,1,2
2101,216,1,2
2101,217,1,2
2101,218,1,2
2101,219,1,2
2101,220,1,2
2101,221,1,2
2101,222,1,2
2101,223,1,2
2101,224,1,2
2101,225,1,2
2101,226,1,2
2101,227,1,2
2101,228,1,2
2101,229,1,2
2101,230,1,2
2101,231,1,2
2101,232,1,2
2101,233,1,2
2101,234,1,2
2101,235,1,2
2101,236,1,2
2101,237,1,2
2101,238,1,2
2101,239,1,2
2101,240,1,2
2101,241,1,2
2101,242,1,2
2101,243,1,2
2101,244,1,2
2101,245,1,2
2101,246,1,2
2101,247,1,2
2101,248,1,2
2101,249,1,2
2101,250,1,2
2101,251,1,2
2101,252,1,2
2101,253,1,2
2101,254,1,2
2101,255,1,2
2101,256,1,2
2101,257,1,2
2101,258,1,2
2101,259,1,2
2101,260,1,2
2101,261,1,2
2101,262,1,2
2101,263,1,2
2101,264,1,2
2101,265,1,2
2101,266,1,2
2101,267,1,2
2101,268,1,2
2101,269,1,2
2101,270,1,2
2101,271,1,2
2101,272,1,2
2101,273,1,2
2101,274,1,2
2101,275,1,2
2101,276,1,2
2101,277,1,2
2101,278,1,2
2101,279,1,2
2101,280,1,2
2101,281,1,2
2101,282,1,2
2101,283,1,2
2101,284,1,2
2101,285,1,2
2101,286,1,2
2101,287,1,2
2101,288,1,2
2101,289,1,2
2101,290,1,2
2101,291,1,2
2101,292,1,2
2101,293,1,2
2101,294,1,2
2101,295,1,2
2101,296,1,2
2101,297,1,2
2101,298,1,2
2101,299,1,2
2101,300,1,2
2101,301,1,2
2101,302,1,2
2101,303,1,2
2101,304,1,2
2101,305,1,2
2101,306,1,2
2101,307,1,2
2101,308,1,2
2101,309,1,2
2101,310,1,2
2101,311,1,2
2101,312,1,2
2101,313,1,2
2101,314,1,2
2101,315,1,2
2101,316,1,2
2101,317,1,2
2101,318,1,2
2101,319,1,2
2101,320,1,2
2101,321,1,2
2101,322,1,2
2101,323,1,2
2101,324,1,2
2101,325,1,2
2101,326,1,2
2101,327,1,2
2101,328,1,2
2101,329,1,2
2101,330,1,2
2101,331,1,2
2101,332,1,2
2101,333,1,2
2101,334,1,2
2101,335,1,2
2101,336,1,2
2101,337,1,2
2101,338,1,2
2101,339,1,2
2101,340,1,2
2101,341,1,2
2101,342,1,2
2101,343,1,2
2101,344,1,2
2101,345,1,2
2101,346,1,2
2101,347,1,2
2101,348,1,2
2101,349,1,2
2101,350,1,2
2101,351,1,2
2101,352,1,2
2101,353,1,2
2101,354,1,2
2101,355,1,2
2101,356,1,2
2101,357,1,2
2101,358,1,2
2101,359,1,2
2101,360,1,2
2101,361,1,2
2101,362,1,2
2101,363,1,2
2101,364,1,2
2101,365,1,2
2101,366,1,2
2101,367,1,2
2101,368,1,2
2101,369,1,2
2101,370,1,2
2101,371,1,2
2101,372,1,2
2101,373,1,2
2101,374,1,2
2101,375,1,2
2101,376,1,2
2101,377,1,2
2101,378,1,2
2101,379,1,2
2101,380,1,2
2101,381,1,2
2101,382,1,2
2101,383,1,2
2101,384,1,2
2101,385,1,2
2101,386,1,2
2101,387,1,2
2101,388,1,2
2101,389,1,2
2101,390,1,2
2101,391,1,2
2101,392,1,2
2101,393,1,2
2101,394,1,2
2101,395,1,2
2101,396,1,2
2101,397,1,2
2101,398,1,2
2101,399,1,2
2101,400,1,2
2101,401,1,2
2101,402,1,2
2101,403,1,2
2101,404,1,2
2101,405,1,2
2101,406,1,2
2101,407,1,2
2101,408,1,2
2101,409,1,2
2101,410,1,2
2101,411,1,2
2101,412,1,2
2101,413,1,2
2101,414,1,2
2101,415,1,2
2101,416,1,2
2101,417,1,2
2101,418,1,2
2101,419,1,2
2101,420,1,2
2101,421,1,2
2101,422,1,2
2101,423,1,2
2101,424,1,2
2101,425,1,2
2101,426,1,2
2101,427,1,2
2101,428,1,2
2101,429,1,2
2101,430,1,2
2101,431,1,2
2101,432,1,2
2101,433,1,2
2101,434,1,2
2101,435,1,2
2101,436,1,2
2101,437,1,2
2101,438,1,2
2101,439,1,2
2101,440,1,2
2101,441,1,2
2101,442,1,2
2101,443,1,2
2101,444,1,2
2101,445,1,2
2101,446,1,2
2101,447,1,2
2101,448,1,2
2101,449,1,2
2101,450,1,2
2101,451,1,2
2101,452,1,2
2101,453,1,2
2101,454,1,2
2101,455,1,2
2101,456,1,2
2101,457,1,2
2101,458,1,2
2101,459,1,2
2101,460,1,2
2101,461,1,2
2101,462,1,2
2101,463,1,2
2101,464,1,2
2101,465,1,2
2101,466,1,2
2101,467,1,2
2101,468,1,2
2101,469,1,2
2101,470,1,2
2101,471,1,2
2101,472,1,2
2101,473,1,2
2101,474,1,2
2101,475,1,2
2101,476,1,2
2101,477,1,2
2101,478,1,2
2101,479,1,2
2101,480,1,2
2101,481,1,2
2101,482,1,2
2101,483,1,2
2101,484,1,2
2101,485,1,2
2101,486,1,2
2101,487,1,2
2101,488,1,2
2101,489,1,2
2101,490,1,2
2101,491,1,2
2101,492,1,2
2101,493,1,2
2101,494,1,2
2101,495,1,2
2101,496,1,2
2101,497,1,2
2101,498,1,2
2101,499,1,2
2101,500,1,2
2101,501,1,2
2101,502,1,2
2101,503,1,2
2101,504,1,2
2101,505,1,2
2101,506,1,2
2101,507,1,2
2101,508,1,2
2101,509,1,2
2101,510,1,2
2101,511,1,2
2101,512,1,2
2101,513,1,2
2101,514,1,2
2101,515,1,2
2101,516,1,2
2101,517,1,2
2101,518,1,2
2101,519,1,2
2101,520,1,2
2101,521,1,2
2101,522,1,2
2101,523,1,2
2101,524,1,2
2101,525,1,2
2101,526,1,2
2101,527,1,2
2101,528,1,2
2101,529,1,2
2101,530,1,2
2101,531,1,2
2101,532,1,2
2101,533,1,2
2101,534,1,2
2101,535,1,2
2101,536,1,2
2101,537,1,2
2101,538,1,2
2101,539,1,2
2101,540,1,2
2101,541,1,2
2101,542,1,2
2101,543,1,2
2101,544,1,2
2101,545,1,2
2101,546,1,2
2101,547,1,2
2101,548,1,2
2101,549,1,2
2101,550,1,2
2101,551,1,2
2101,552,1,2
2101,553,1,2
2101,554,1,2
2101,555,1,2
2101,556,1,2
2101,557,1,2
2101,558,1,2
2101,559,1,2
2101,560,1,2
2101,561,1,2
2101,562,1,2
2101,563,1,2
2101,564,1,2
2101,565,1,2
2101,566,1,2
2101,567,1,2
2101,568,1,2
2101,569,1,2
2101,570,1,2
2101,571,1,2
2101,572,1,2
2101,573,1,2
2101,574,1,2
2101,575,1,2
2101,576,1,2
2101,577,1,2
2101,578,1,2
2101,579,1,2
2101,580,1,2
2101,581,1,2
2101,582,1,3
2101,583,1,3
2101,584,1,3
2101,585,1,3
2101,586,1,3
2101,587,1,3
2101,588,1,3
2101,589,1,3
2101,590,1,3
2101,591,1,3
2101,592,1,3
2101,593,1,3
2101,594,1,3
2101,595,1,3
2101,596,1,3
2101,597,1,3
2101,598,1,3
2101,599,1,3
2101,600,1,3
2101,601,1,3
2101,602,1,3
2101,603,1,3
2101,604,1,3
2101,605,1,3
2101,606,1,3
2101,607,1,3
2101,608,1,3
2101,609,1,3
2101,610,1,3
2101,611,1,3
2101,612,1,3
2101,613,1,3
2101,614,1,3
2101,615,1,3
2101,616,1,3
2101,617,1,3
2101,618,1,3
2101,619,1,3
2101,620,1,3
2101,621,1,3
2101,622,1,3
2101,623,1,3
2101,624,1,3
2101,625,1,3
2101,626,1,3
2101,627,1,3
2101,628,1,2
2101,629,1,2
2101,630,1,2
2101,631,1,2
2101,632,1,2
2101,633,1,2
2101,634,1,2
2101,635,1,2
2101,636,1,2
2101,637,1,2
2101,638,1,2
2101,639,1,2
2101,640,1,2
2102,146,1,2
2102,147,1,2
2102,148,1,2
2102,149,1,2
2102,150,1,2
2102,151,1,2
2102,152,1,2
2102,153,1,2
2102,154,1,2
2102,155,1,2
2102,156,1,2
2102,157,1,2
2102,158,1,2
2102,159,1,2
2102,160,1,2
2102,161,1,2
2102,162,1,2
2102,163,1,2
2102,164,1,2
2102,165,1,2
2102,166,1,2
2102,167,1,2
2102,168,1,2
2102,169,1,2
2102,170,1,2
2102,171,1,2
2102,172,1,2
2102,173,1,2
2102,174,1,2
2102,175,1,2
2102,176,1,2
2102,177,1,2
2102,178,1,2
2102,179,1,2
2102,180,1,2
2102,181,1,2
2102,182,1,2
2102,183,1,2
2102,184,1,2
2102,185,1,2
2102,186,1,2
2102,187,1,2
2102,188,1,2
2102,189,1,2
2102,190,1,2
2102,191,1,2
2102,192,1,2
2102,193,1,2
2102,194,1,2
2102,195,1,2
2102,196,1,2
2102,197,1,2
2102,198,1,2
2102,199,1,2
2102,200,1,2
2102,201,1,2
2102,202,1,2
2102,203,1,2
2102,204,1,2
2102,205,1,2
2102,206,1,2
2102,207,1,2
2102,208,1,2
2102,209,1,2
2102,210,1,2
2102,211,1,2
2102,212,1,2
2102,213,1,2
2102,214,1,2
2102,215,1,2
2102,216,1,2
2102,217,1,2
2102,218,1,2
2102,219,1,2
2102,220,1,2
2102,221,1,2
2102,222,1,2
2102,223,1,2
2102,224,1,2
2102,225,1,2
2102,226,1,2
2102,227,1,2
2102,228,1,2
2102,229,1,2
2102,230,1,2
2102,231,1,2
2102,232,1,2
2102,233,1,2
2102,234,1,2
2102,235,1,2
2102,236,1,2
2102,237,1,2
2102,238,1,2
2102,239,1,2
2102,240,1,2
2102,241,1,2
2102,242,1,2
2102,243,1,2
2102,244,1,2
2102,245,1,2
2102,246,1,2
2102,247,1,2
2102,248,1,2
2102,249,1,2
2102,250,1,2
2102,251,1,2
2102,252,1,2
2102,253,1,2
2102,254,1,2
2102,255,1,2
2102,256,1,2
2102,257,1,2
2102,258,1,2
2102,259,1,2
2102,260,1,2
2102,261,1,2
2102,262,1,2
2102,263,1,2
2102,264,1,2
2102,265,1,2
2102,266,1,2
2102,267,1,2
2102,268,1,2
2102,269,1,2
2102,270,1,2
2102,271,1,2
2102,272,1,2
2102,273,1,2
2102,274,1,2
2102,275,1,2
2102,276,1,2
2102,277,1,2
2102,278,1,2
2102,279,1,2
2102,280,1,2
2102,281,1,2
2102,282,1,2
2102,283,1,2
2102,284,1,2
2102,285,1,2
2102,286,1,2
2102,287,1,2
2102,288,1,2
2102,289,1,2
2102,290,1,2
2102,291,1,2
2102,292,1,2
2102,293,1,2
2102,294,1,2
2102,295,1,2
2102,296,1,2
2102,297,1,2
2102,298,1,2
2102,299,1,2
2102,300,1,2
2102,301,1,2
2102,302,1,2
2102,303,1,2
2102,304,1,2
2102,305,1,2
2102,306,1,2
2102,307,1,2
2102,308,1,2
2102,309,1,2
2102,310,1,2
2102,311,1,2
2102,312,1,2
2102,313,1,2
2102,314,1,2
2102,315,1,2
2102,316,1,2
2102,317,1,2
2102,318,1,2
2102,319,1,2
2102,320,1,2
2102,321,1,2
2102,322,1,2
2102,323,1,2
2102,324,1,2
2102,325,1,2
2102,326,1,2
2102,327,1,2
2102,328,1,2
2102,329,1,2
2102,330,1,2
2102,331,1,2
2102,332,1,2
2102,333,1,2
2102,334,1,2
2102,335,1,2
2102,336,1,2
2102,337,1,2
2102,338,1,2
2102,339,1,2
2102,340,1,2
2102,341,1,2
2102,342,1,2
2102,343,1,2
2102,344,1,2
2102,345,1,2
2102,346,1,2
2102,347,1,2
2102,348,1,2
2102,349,1,2
2102,350,1,2
2102,351,1,2
2102,352,1,2
2102,353,1,2
2102,354,1,2
2102,355,1,2
2102,356,1,2
2102,357,1,2
2102,358,1,2
2102,359,1,2
2102,360,1,2
2102,361,1,2
2102,362,1,2
2102,363,1,2
2102,364,1,2
2102,365,1,2
2102,366,1,2
2102,367,1,2
2102,368,1,2
2102,369,1,2
2102,370,1,2
2102,371,1,2
2102,372,1,2
2102,373,1,2
2102,374,1,2
2102,375,1,2
2102,376,1,2
2102,377,1,2
2102,378,1,2
2102,379,1,2
2102,380,1,2
2102,381,1,2
2102,382,1,2
2102,383,1,2
2102,384,1,2
2102,385,1,2
2102,386,1,2
2102,387,1,2
2102,388,1,2
2102,389,1,2
2102,390,1,2
2102,391,1,2
2102,392,1,2
2102,393,1,2
2102,394,1,2
2102,395,1,2
2102,396,1,2
2102,397,1,2
2102,398,1,2
2102,399,1,2
2102,400,1,2
2102,401,1,2
2102,402,1,2
2102,403,1,2
2102,404,1,2
2102,405,1,2
2102,406,1,2
2102,407,1,2
2102,408,1,2
2102,409,1,2
2102,410,1,2
2102,411,1,2
2102,412,1,2
2102,413,1,2
2102,414,1,2
2102,415,1,2
2102,416,1,2
2102,417,1,2
2102,418,1,2
2102,419,1,2
2102,420,1,2
2102,421,1,2
2102,422,1,2
2102,423,1,2
2102,424,1,2
2102,425,1,2
2102,426,1,2
2102,427,1,2
2102,428,1,2
2102,429,1,2
2102,430,1,2
2102,431,1,2
2102,432,1,2
2102,433,1,2
2102,434,1,2
2102,435,1,2
2102,436,1,2
2102,437,1,2
2102,438,1,2
2102,439,1,2
2102,440,1,2
2102,441,1,2
2102,442,1,2
2102,443,1,2
2102,444,1,2
2102,445,1,2
2102,446,1,2
2102,447,1,2
2102,448,1,2
2102,449,1,2
2102,450,1,2
2102,451,1,2
2102,452,1,2
2102,453,1,2
2102,454,1,2
2102,455,1,2
2102,456,1,2
2102,457,1,2
2102,458,1,2
2102,459,1,2
2102,460,1,2
2102,461,1,2
2102,462,1,2
2102,463,1,2
2102,464,1,2
2102,465,1,2
2102,466,1,2
2102,467,1,2
2102,468,1,2
2102,469,1,2
2102,470,1,2
2102,471,1,2
2102,472,1,2
2102,473,1,2
2102,474,1,2
2102,475,1,2
2102,476,1,2
2102,477,1,2
2102,478,1,2
2102,479,1,2
2102,480,1,2
2102,481,1,2
2102,482,1,2
2102,483,1,2
2102,484,1,2
2102,485,1,2
2102,486,1,2
2102,487,1,2
2102,488,1,2
2102,489,1,2
2102,490,1,2
2102,491,1,2
2102,492,1,2
2102,493,1,2
2102,494,1,2
2102,495,1,2
2102,496,1,2
2102,497,1,2
2102,498,1,2
2102,499,1,2
2102,500,1,2
2102,501,1,2
2102,502,1,2
2102,503,1,2
2102,504,1,2
2102,505,1,2
2102,506,1,2
2102,507,1,2
2102,508,1,2
2102,509,1,2
2102,510,1,2
2102,511,1,2
2102,512,1,2
2102,513,1,2
2102,514,1,2
2102,515,1,2
2102,516,1,2
2102,517,1,2
2102,518,1,2
2102,519,1,2
2102,520,1,2
2102,521,1,2
2102,522,1,2
2102,523,1,2
2102,524,1,2
2102,525,1,2
2102,526,1,2
2102,527,1,2
2102,528,1,2
2102,529,1,2
2102,530,1,2
2102,531,1,2
2102,532,1,2
2102,533,1,2
2102,534,1,2
2102,535,1,2
2102,536,1,2
2102,537,1,2
2102,538,1,2
2102,539,1,2
2102,540,1,2
2102,541,1,2
2102,542,1,2
2102,543,1,2
2102,544,1,2
2102,545,1,2
2102,546,1,2
2102,547,1,2
2102,548,1,2
2102,549,1,2
2102,550,1,2
2102,551,1,2
2102,552,1,2
2102,553,1,2
2102,554,1,2
2102,555,1,2
2102,556,1,2
2102,557,1,2
2102,558,1,2
2102,559,1,2
2102,560,1,2
2102,561,1,2
2102,562,1,2
2102,563,1,2
2102,564,1,2
2102,565,1,2
2102,566,1,2
2102,567,1,2
2102,568,1,2
2102,569,1,2
2102,570,1,2
2102,571,1,2
2102,572,1,2
2102,573,1,2
2102,574,1,2
2102,575,1,2
2102,576,1,2
2102,577,1,2
2102,578,1,2
2102,579,1,2
2102,580,1,2
2102,581,1,2
2102,582,1,3
2102,583,1,3
2102,584,1,3
2102,585,1,3
2102,586,1,3
2102,587,1,3
2102,588,1,3
2102,589,1,3
2102,590,1,3
2102,591,1,3
2102,592,1,3
2102,593,1,3
2102,594,1,3
2102,595,1,3
2102,596,1,3
2102,597,1,3
2102,598,1,3
2102,599,1,3
2102,600,1,3
2102,601,1,3
2102,602,1,3
2102,603,1,3
2102,604,1,3
2102,605,1,3
2102,606,1,3
2102,607,1,3
2102,608,1,3
2102,609,1,3
2102,610,1,3
2102,611,1,3
2102,612,1,3
2102,613,1,3
2102,614,1,3
2102,615,1,3
2102,616,1,3
2102,617,1,3
2102,618,1,3
2102,619,1,3
2102,620,1,3
2102,621,1,3
2102,622,1,3
2102,623,1,3
2102,624,1,3
2102,625,1,3
2102,626,1,3
2102,627,1,3
2102,628,1,2
2102,629,1,2
2102,630,1,2
2102,631,1,2
2102,632,1,2
2102,633,1,2
2102,634,1,2
2102,635,1,2
2102,636,1,2
2102,637,1,2
2102,638,1,2
2102,639,1,2
2102,640,1,2
2102,641,1,2
2103,146,1,2
2103,147,1,2
2103,148,1,2
2103,149,1,2
2103,150,1,2
2103,151,1,2
2103,152,1,2
2103,153,1,2
2103,154,1,2
2103,155,1,2
2103,156,1,2
2103,157,1,2
2103,158,1,2
2103,159,1,2
2103,160,1,2
2103,161,1,2
2103,162,1,2
2103,163,1,2
2103,164,1,2
2103,165,1,2
2103,166,1,2
2103,167,1,2
2103,168,1,2
2103,169,1,2
2103,170,1,2
2103,171,1,2
2103,172,1,2
2103,173,1,2
2103,174,1,2
2103,175,1,2
2103,176,1,2
2103,177,1,2
2103,178,1,2
2103,179,1,2
2103,180,1,2
2103,181,1,2
2103,182,1,2
2103,183,1,2
2103,184,1,2
2103,185,1,2
2103,186,1,2
2103,187,1,2
2103,188,1,2
2103,189,1,2
2103,190,1,2
2103,191,1,2
2103,192,1,2
2103,193,1,2
2103,194,1,2
2103,195,1,2
2103,196,1,2
2103,197,1,2
2103,198,1,2
2103,199,1,2
2103,200,1,2
2103,201,1,2
2103,202,1,2
2103,203,1,2
2103,204,1,2
2103,205,1,2
2103,206,1,2
2103,207,1,2
2103,208,1,2
2103,209,1,2
2103,210,1,2
2103,211,1,2
2103,212,1,2
2103,213,1,2
2103,214,1,2
2103,215,1,2
2103,216,1,2
2103,217,1,2
2103,218,1,2
2103,219,1,2
2103,220,1,2
2103,221,1,2
2103,222,1,2
2103,223,1,2
2103,224,1,2
2103,225,1,2
2103,226,1,2
2103,227,1,2
2103,228,1,2
2103,229,1,2
2103,230,1,2
2103,231,1,2
2103,232,1,2
2103,233,1,2
2103,234,1,2
2103,235,1,2
2103,236,1,2
2103,237,1,2
2103,238,1,2
2103,239,1,2
2103,240,1,2
2103,241,1,2
2103,242,1,2
2103,243,1,2
2103,244,1,2
2103,245,1,2
2103,246,1,2
2103,247,1,2
2103,248,1,2
2103,249,1,2
2103,250,1,2
2103,251,1,2
2103,252,1,2
2103,253,1,2
2103,254,1,2
2103,255,1,2
2103,256,1,2
2103,257,1,2
2103,258,1,2
2103,259,1,2
2103,260,1,2
2103,261,1,2
2103,262,1,2
2103,263,1,2
2103,264,1,2
2103,265,1,2
2103,266,1,2
2103,267,1,2
2103,268,1,2
2103,269,1,2
2103,270,1,2
2103,271,1,2
2103,272,1,2
2103,273,1,2
2103,274,1,2
2103,275,1,2
2103,276,1,2
2103,277,1,2
2103,278,1,2
2103,279,1,2
2103,280,1,2
2103,281,1,2
2103,282,1,2
2103,283,1,2
2103,284,1,2
2103,285,1,2
2103,286,1,2
2103,287,1,2
2103,288,1,2
2103,289,1,2
2103,290,1,2
2103,291,1,2
2103,292,1,2
2103,293,1,2
2103,294,1,2
2103,295,1,2
2103,296,1,2
2103,297,1,2
2103,298,1,2
2103,299,1,2
2103,300,1,2
2103,301,1,2
2103,302,1,2
2103,303,1,2
2103,304,1,2
2103,305,1,2
2103,306,1,2
2103,307,1,2
2103,308,1,2
2103,309,1,2
2103,310,1,2
2103,311,1,2
2103,312,1,2
2103,313,1,2
2103,314,1,2
2103,315,1,2
2103,316,1,2
2103,317,1,2
2103,318,1,2
2103,319,1,2
2103,320,1,2
2103,321,1,2
2103,322,1,2
2103,323,1,2
2103,324,1,2
2103,325,1,2
2103,326,1,2
2103,327,1,2
2103,328,1,2
2103,329,1,2
2103,330,1,2
2103,331,1,2
2103,332,1,2
2103,333,1,2
2103,334,1,2
2103,335,1,2
2103,336,1,2
2103,337,1,2
2103,338,1,2
2103,339,1,2
2103,340,1,2
2103,341,1,2
2103,342,1,2
2103,343,1,2
2103,344,1,2
2103,345,1,2
2103,346,1,2
2103,347,1,2
2103,348,1,2
2103,349,1,2
2103,350,1,2
2103,351,1,2
2103,352,1,2
2103,353,1,2
2103,354,1,2
2103,355,1,2
2103,356,1,2
2103,357,1,2
2103,358,1,2
2103,359,1,2
2103,360,1,2
2103,361,1,2
2103,362,1,2
2103,363,1,2
2103,364,1,2
2103,365,1,2
2103,366,1,2
2103,367,1,2
2103,368,1,2
2103,369,1,2
2103,370,1,2
2103,371,1,2
2103,372,1,2
2103,373,1,2
2103,374,1,2
2103,375,1,2
2103,376,1,2
2103,377,1,2
2103,378,1,2
2103,379,1,2
2103,380,1,2
2103,381,1,2
2103,382,1,2
2103,383,1,2
2103,384,1,2
2103,385,1,2
2103,386,1,2
2103,387,1,2
2103,388,1,2
2103,389,1,2
2103,390,1,2
2103,391,1,2
2103,392,1,2
2103,393,1,2
2103,394,1,2
2103,395,1,2
2103,396,1,2
2103,397,1,2
2103,398,1,2
2103,399,1,2
2103,400,1,2
2103,401,1,2
2103,402,1,2
2103,403,1,2
2103,404,1,2
2103,405,1,2
2103,406,1,2
2103,407,1,2
2103,408,1,2
2103,409,1,2
2103,410,1,2
2103,411,1,2
2103,412,1,2
2103,413,1,2
2103,414,1,2
2103,415,1,2
2103,416,1,2
2103,417,1,2
2103,418,1,2
2103,419,1,2
2103,420,1,2
2103,421,1,2
2103,422,1,2
2103,423,1,2
2103,424,1,2
2103,425,1,2
2103,426,1,2
2103,427,1,2
2103,428,1,2
2103,429,1,2
2103,430,1,2
2103,431,1,2
2103,432,1,2
2103,433,1,2
2103,434,1,2
2103,435,1,2
2103,436,1,2
2103,437,1,2
2103,438,1,2
2103,439,1,2
2103,440,1,2
2103,441,1,2
2103,442,1,2
2103,443,1,2
2103,444,1,2
2103,445,1,2
2103,446,1,2
2103,447,1,2
2103,448,1,2
2103,449,1,2
2103,450,1,2
2103,451,1,2
2103,452,1,2
2103,453,1,2
2103,454,1,2
2103,455,1,2
2103,456,1,2
2103,457,1,2
2103,458,1,2
2103,459,1,2
2103,460,1,2
2103,461,1,2
2103,462,1,2
2103,463,1,2
2103,464,1,2
2103,465,1,2
2103,466,1,2
2103,467,1,2
2103,468,1,2
2103,469,1,2
2103,470,1,2
2103,471,1,2
2103,472,1,2
2103,473,1,2
2103,474,1,2
2103,475,1,2
2103,476,1,2
2103,477,1,2
2103,478,1,2
2103,479,1,2
2103,480,1,2
2103,481,1,2
2103,482,1,2
2103,483,1,2
2103,484,1,2
2103,485,1,2
2103,486,1,2
2103,487,1,2
2103,488,1,2
2103,489,1,2
2103,490,1,2
2103,491,1,2
2103,492,1,2
2103,493,1,2
2103,494,1,2
2103,495,1,2
2103,496,1,2
2103,497,1,2
2103,498,1,2
2103,499,1,2
2103,500,1,2
2103,501,1,2
2103,502,1,2
2103,503,1,2
2103,504,1,2
2103,505,1,2
2103,506,1,2
2103,507,1,2
2103,508,1,2
2103,509,1,2
2103,510,1,2
2103,511,1,2
2103,512,1,2
2103,513,1,2
2103,514,1,2
2103,515,1,2
2103,516,1,2
2103,517,1,2
2103,518,1,2
2103,519,1,2
2103,520,1,2
2103,521,1,2
2103,522,1,2
2103,523,1,2
2103,524,1,2
2103,525,1,2
2103,526,1,2
2103,527,1,2
2103,528,1,2
2103,529,1,2
2103,530,1,2
2103,531,1,2
2103,532,1,2
2103,533,1,2
2103,534,1,2
2103,535,1,2
2103,536,1,2
2103,537,1,2
2103,538,1,2
2103,539,1,2
2103,540,1,2
2103,541,1,2
2103,542,1,2
2103,543,1,2
2103,544,1,2
2103,545,1,2
2103,546,1,2
2103,547,1,2
2103,548,1,2
2103,549,1,2
2103,550,1,2
2103,551,1,2
2103,552,1,2
2103,553,1,2
2103,554,1,2
2103,555,1,2
2103,556,1,2
2103,557,1,2
2103,558,1,2
2103,559,1,2
2103,560,1,2
2103,561,1,2
2103,562,1,2
2103,563,1,2
2103,564,1,2
2103,565,1,2
2103,566,1,2
2103,567,1,2
2103,568,1,2
2103,569,1,2
2103,570,1,2
2103,571,1,2
2103,572,1,2
2103,573,1,2
2103,574,1,2
2103,575,1,2
2103,576,1,2
2103,577,1,2
2103,578,1,2
2103,579,1,2
2103,580,1,2
2103,581,1,2
2103,582,1,2
2103,583,1,3
2103,584,1,3
2103,585,1,3
2103,586,1,3
2103,587,1,3
2103,588,1,3
2103,589,1,3
2103,590,1,3
2103,591,1,3
2103,592,1,3
2103,593,1,3
2103,594,1,3
2103,595,1,3
2103,596,1,3
2103,597,1,3
2103,598,1,3
2103,599,1,3
2103,600,1,3
2103,601,1,3
2103,602,1,3
2103,603,1,3
2103,604,1,3
2103,605,1,3
2103,606,1,3
2103,607,1,3
2103,608,1,3
2103,609,1,3
2103,610,1,3
2103,611,1,3
2103,612,1,3
2103,613,1,3
2103,614,1,3
2103,615,1,3
2103,616,1,3
2103,617,1,3
2103,618,1,3
2103,619,1,3
2103,620,1,3
2103,621,1,3
2103,622,1,3
2103,623,1,3
2103,624,1,3
2103,625,1,3
2103,626,1,3
2103,627,1,3
2103,628,1,2
2103,629,1,2
2103,630,1,2
2103,631,1,2
2103,632,1,2
2103,633,1,2
2103,634,1,2
2103,635,1,2
2103,636,1,2
2103,637,1,2
2103,638,1,2
2103,639,1,2
2103,640,1,2
2103,641,1,2
2104,147,1,2
2104,148,1,2
2104,149,1,2
2104,150,1,2
2104,151,1,2
2104,152,1,2
2104,153,1,2
2104,154,1,2
2104,155,1,2
2104,156,1,2
2104,157,1,2
2104,158,1,2
2104,159,1,2
2104,160,1,2
2104,161,1,2
2104,162,1,2
2104,163,1,2
2104,164,1,2
2104,165,1,2
2104,166,1,2
2104,167,1,2
2104,168,1,2
2104,169,1,2
2104,170,1,2
2104,171,1,2
2104,172,1,2
2104,173,1,2
2104,174,1,2
2104,175,1,2
2104,176,1,2
2104,177,1,2
2104,178,1,2
2104,179,1,2
2104,180,1,2
2104,181,1,2
2104,182,1,2
2104,183,1,2
2104,184,1,2
2104,185,1,2
2104,186,1,2
2104,187,1,2
2104,188,1,2
2104,189,1,2
2104,190,1,2
2104,191,1,2
2104,192,1,2
2104,193,1,2
2104,194,1,2
2104,195,1,2
2104,196,1,2
2104,197,1,2
2104,198,1,2
2104,199,1,2
2104,200,1,2
2104,201,1,2
2104,202,1,2
2104,203,1,2
2104,204,1,2
2104,205,1,2
2104,206,1,2
2104,207,1,2
2104,208,1,2
2104,209,1,2
2104,210,1,2
2104,211,1,2
2104,212,1,2
2104,213,1,2
2104,214,1,2
2104,215,1,2
2104,216,1,2
2104,217,1,2
2104,218,1,2
2104,219,1,2
2104,220,1,2
2104,221,1,2
2104,222,1,2
2104,223,1,2
2104,224,1,2
2104,225,1,2
2104,226,1,2
2104,227,1,2
2104,228,1,2
2104,229,1,2
2104,230,1,2
2104,231,1,2
2104,232,1,2
2104,233,1,2
2104,234,1,2
2104,235,1,2
2104,236,1,2
2104,237,1,2
2104,238,1,2
2104,239,1,2
2104,240,1,2
2104,241,1,2
2104,242,1,2
2104,243,1,2
2104,244,1,2
2104,245,1,2
2104,246,1,2
2104,247,1,2
2104,248,1,2
2104,249,1,2
2104,250,1,2
2104,251,1,2
2104,252,1,2
2104,253,1,2
2104,254,1,2
2104,255,1,2
2104,256,1,2
2104,257,1,2
2104,258,1,2
2104,259,1,2
2104,260,1,2
2104,261,1,2
2104,262,1,2
2104,263,1,2
2104,264,1,2
2104,265,1,2
2104,266,1,2
2104,267,1,2
2104,268,1,2
2104,269,1,2
2104,270,1,2
2104,271,1,2
2104,272,1,2
2104,273,1,2
2104,274,1,2
2104,275,1,2
2104,276,1,2
2104,277,1,2
2104,278,1,2
2104,279,1,2
2104,280,1,2
2104,281,1,2
2104,282,1,2
2104,283,1,2
2104,284,1,2
2104,285,1,2
2104,286,1,2
2104,287,1,2
2104,288,1,2
2104,289,1,2
2104,290,1,2
2104,291,1,2
2104,292,1,2
2104,293,1,2
2104,294,1,2
2104,295,1,2
2104,296,1,2
2104,297,1,2
2104,298,1,2
2104,299,1,2
2104,300,1,2
2104,301,1,2
2104,302,1,2
2104,303,1,2
2104,304,1,2
2104,305,1,2
2104,306,1,2
2104,307,1,2
2104,308,1,2
2104,309,1,2
2104,310,1,2
2104,311,1,2
2104,312,1,2
2104,313,1,2
2104,314,1,2
2104,315,1,2
2104,316,1,2
2104,317,1,2
2104,318,1,2
2104,319,1,2
2104,320,1,2
2104,321,1,2
2104,322,1,2
2104,323,1,2
2104,324,1,2
2104,325,1,2
2104,326,1,2
2104,327,1,2
2104,328,1,2
2104,329,1,2
2104,330,1,2
2104,331,1,2
2104,332,1,2
2104,333,1,2
2104,334,1,2
2104,335,1,2
2104,336,1,2
2104,337,1,2
2104,338,1,2
2104,339,1,2
2104,340,1,2
2104,341,1,2
2104,342,1,2
2104,343,1,2
2104,344,1,2
2104,345,1,2
2104,346,1,2
2104,347,1,2
2104,348,1,2
2104,349,1,2
2104,350,1,2
2104,351,1,2
2104,352,1,2
2104,353,1,2
2104,354,1,2
2104,355,1,2
2104,356,1,2
2104,357,1,2
2104,358,1,2
2104,359,1,2
2104,360,1,2
2104,361,1,2
2104,362,1,2
2104,363,1,2
2104,364,1,2
2104,365,1,2
2104,366,1,2
2104,367,1,2
2104,368,1,2
2104,369,1,2
2104,370,1,2
2104,371,1,2
2104,372,1,2
2104,373,1,2
2104,374,1,2
2104,375,1,2
2104,376,1,2
2104,377,1,2
2104,378,1,2
2104,379,1,2
2104,380,1,2
2104,381,1,2
2104,382,1,2
2104,383,1,2
2104,384,1,2
2104,385,1,2
2104,386,1,2
2104,387,1,2
2104,388,1,2
2104,389,1,2
2104,390,1,2
2104,391,1,2
2104,392,1,2
2104,393,1,2
2104,394,1,2
2104,395,1,2
2104,396,1,2
2104,397,1,2
2104,398,1,2
2104,399,1,2
2104,400,1,2
2104,401,1,2
2104,402,1,2
2104,403,1,2
2104,404,1,2
2104,405,1,2
2104,406,1,2
2104,407,1,2
2104,408,1,2
2104,409,1,2
2104,410,1,2
2104,411,1,2
2104,412,1,2
2104,413,1,2
2104,414,1,2
2104,415,1,2
2104,416,1,2
2104,417,1,2
2104,418,1,2
2104,419,1,2
2104,420,1,2
2104,421,1,2
2104,422,1,2
2104,423,1,2
2104,424,1,2
2104,425,1,2
2104,426,1,2
2104,427,1,2
2104,428,1,2
2104,429,1,2
2104,430,1,2
2104,431,1,2
2104,432,1,2
2104,433,1,2
2104,434,1,2
2104,435,1,2
2104,436,1,2
2104,437,1,2
2104,438,1,2
2104,439,1,2
2104,440,1,2
2104,441,1,2
2104,442,1,2
2104,443,1,2
2104,444,1,2
2104,445,1,2
2104,446,1,2
2104,447,1,2
2104,448,1,2
2104,449,1,2
2104,450,1,2
2104,451,1,2
2104,452,1,2
2104,453,1,2
2104,454,1,2
2104,455,1,2
2104,456,1,2
2104,457,1,2
2104,458,1,2
2104,459,1,2
2104,460,1,2
2104,461,1,2
2104,462,1,2
2104,463,1,2
2104,464,1,2
2104,465,1,2
2104,466,1,2
2104,467,1,2
2104,468,1,2
2104,469,1,2
2104,470,1,2
2104,471,1,2
2104,472,1,2
2104,473,1,2
2104,474,1,2
2104,475,1,2
2104,476,1,2
2104,477,1,2
2104,478,1,2
2104,479,1,2
2104,480,1,2
2104,481,1,2
2104,482,1,2
2104,483,1,2
2104,484,1,2
2104,485,1,2
2104,486,1,2
2104,487,1,2
2104,488,1,2
2104,489,1,2
2104,490,1,2
2104,491,1,2
2104,492,1,2
2104,493,1,2
2104,494,1,2
2104,495,1,2
2104,496,1,2
2104,497,1,2
2104,498,1,2
2104,499,1,2
2104,500,1,2
2104,501,1,2
2104,502,1,2
2104,503,1,2
2104,504,1,2
2104,505,1,2
2104,506,1,2
2104,507,1,2
2104,508,1,2
2104,509,1,2
2104,510,1,2
2104,511,1,2
2104,512,1,2
2104,513,1,2
2104,514,1,2
2104,515,1,2
2104,516,1,2
2104,517,1,2
2104,518,1,2
2104,519,1,2
2104,520,1,2
2104,521,1,2
2104,522,1,2
2104,523,1,2
2104,524,1,2
2104,525,1,2
2104,526,1,2
2104,527,1,2
2104,528,1,2
2104,529,1,2
2104,530,1,2
2104,531,1,2
2104,532,1,2
2104,533,1,2
2104,534,1,2
2104,535,1,2
2104,536,1,2
2104,537,1,2
2104,538,1,2
2104,539,1,2
2104,540,1,2
2104,541,1,2
2104,542,1,2
2104,543,1,2
2104,544,1,2
2104,545,1,2
2104,546,1,2
2104,547,1,2
2104,548,1,2
2104,549,1,2
2104,550,1,2
2104,551,1,2
2104,552,1,2
2104,553,1,2
2104,554,1,2
2104,555,1,2
2104,556,1,2
2104,557,1,2
2104,558,1,2
2104,559,1,2
2104,560,1,2
2104,561,1,2
2104,562,1,2
2104,563,1,2
2104,564,1,2
2104,565,1,2
2104,566,1,2
2104,567,1,2
2104,568,1,2
2104,569,1,2
2104,570,1,2
2104,571,1,2
2104,572,1,2
2104,573,1,2
2104,574,1,2
2104,575,1,2
2104,576,1,2
2104,577,1,2
2104,578,1,2
2104,579,1,2
2104,580,1,2
2104,581,1,2
2104,582,1,2
2104,583,1,3
2104,584,1,3
2104,585,1,3
2104,586,1,3
2104,587,1,3
2104,588,1,3
2104,589,1,3
2104,590,1,3
2104,591,1,3
2104,592,1,3
2104,593,1,3
2104,594,1,3
2104,595,1,3
2104,596,1,3
2104,597,1,3
2104,598,1,3
2104,599,1,3
2104,600,1,3
2104,601,1,3
2104,602,1,3
2104,603,1,3
2104,604,1,3
2104,605,1,3
2104,606,1,3
2104,607,1,3
2104,608,1,3
2104,609,1,3
2104,610,1,3
2104,611,1,3
2104,612,1,3
2104,613,1,3
2104,614,1,3
2104,615,1,3
2104,616,1,3
2104,617,1,3
2104,618,1,3
2104,619,1,3
2104,620,1,3
2104,621,1,3
2104,622,1,3
2104,623,1,3
2104,624,1,3
2104,625,1,3
2104,626,1,3
2104,627,1,3
2104,628,1,2
2104,629,1,2
2104,630,1,2
2104,631,1,2
2104,632,1,2
2104,633,1,2
2104,634,1,2
2104,635,1,2
2104,636,1,2
2104,637,1,2
2104,638,1,2
2104,639,1,2
2104,640,1,2
2104,641,1,2
2104,642,1,2
2105,148,1,2
2105,149,1,2
2105,150,1,2
2105,151,1,2
2105,152,1,2
2105,153,1,2
2105,154,1,2
2105,155,1,2
2105,156,1,2
2105,157,1,2
2105,158,1,2
2105,159,1,2
2105,160,1,2
2105,161,1,2
2105,162,1,2
2105,163,1,2
2105,164,1,2
2105,165,1,2
2105,166,1,2
2105,167,1,2
2105,168,1,2
2105,169,1,2
2105,170,1,2
2105,171,1,2
2105,172,1,2
2105,173,1,2
2105,174,1,2
2105,175,1,2
2105,176,1,2
2105,177,1,2
2105,178,1,2
2105,179,1,2
2105,180,1,2
2105,181,1,2
2105,182,1,2
2105,183,1,2
2105,184,1,2
2105,185,1,2
2105,186,1,2
2105,187,1,2
2105,188,1,2
2105,189,1,2
2105,190,1,2
2105,191,1,2
2105,192,1,2
2105,193,1,2
2105,194,1,2
2105,195,1,2
2105,196,1,2
2105,197,1,2
2105,198,1,2
2105,199,1,2
2105,200,1,2
2105,201,1,2
2105,202,1,2
2105,203,1,2
2105,204,1,2
2105,205,1,2
2105,206,1,2
2105,207,1,2
2105,208,1,2
2105,209,1,2
2105,210,1,2
2105,211,1,2
2105,212,1,2
2105,213,1,2
2105,214,1,2
2105,215,1,2
2105,216,1,2
2105,217,1,2
2105,218,1,2
2105,219,1,2
2105,220,1,2
2105,221,1,2
2105,222,1,2
2105,223,1,2
2105,224,1,2
2105,225,1,2
2105,226,1,2
2105,227,1,2
2105,228,1,2
2105,229,1,2
2105,230,1,2
2105,231,1,2
2105,232,1,2
2105,233,1,2
2105,234,1,2
2105,235,1,2
2105,236,1,2
2105,237,1,2
2105,238,1,2
2105,239,1,2
2105,240,1,2
2105,241,1,2
2105,242,1,2
2105,243,1,2
2105,244,1,2
2105,245,1,2
2105,246,1,2
2105,247,1,2
2105,248,1,2
2105,249,1,2
2105,250,1,2
2105,251,1,2
2105,252,1,2
2105,253,1,2
2105,254,1,2
2105,255,1,2
2105,256,1,2
2105,257,1,2
2105,258,1,2
2105,259,1,2
2105,260,1,2
2105,261,1,2
2105,262,1,2
2105,263,1,2
2105,264,1,2
2105,265,1,2
2105,266,1,2
2105,267,1,2
2105,268,1,2
2105,269,1,2
2105,270,1,2
2105,271,1,2
2105,272,1,2
2105,273,1,2
2105,274,1,2
2105,275,1,2
2105,276,1,2
2105,277,1,2
2105,278,1,2
2105,279,1,2
2105,280,1,2
2105,281,1,2
2105,282,1,2
2105,283,1,2
2105,284,1,2
2105,285,1,2
2105,286,1,2
2105,287,1,2
2105,288,1,2
2105,289,1,2
2105,290,1,2
2105,291,1,2
2105,292,1,2
2105,293,1,2
2105,294,1,2
2105,295,1,2
2105,296,1,2
2105,297,1,2
2105,298,1,2
2105,299,1,2
2105,300,1,2
2105,301,1,2
2105,302,1,2
2105,303,1,2
2105,304,1,2
2105,305,1,2
2105,306,1,2
2105,307,1,2
2105,308,1,2
2105,309,1,2
2105,310,1,2
2105,311,1,2
2105,312,1,2
2105,313,1,2
2105,314,1,2
2105,315,1,2
2105,316,1,2
2105,317,1,2
2105,318,1,2
2105,319,1,2
2105,320,1,2
2105,321,1,2
2105,322,1,2
2105,323,1,2
2105,324,1,2
2105,325,1,2
2105,326,1,2
2105,327,1,2
2105,328,1,2
2105,329,1,2
2105,330,1,2
2105,331,1,2
2105,332,1,2
2105,333,1,2
2105,334,1,2
2105,335,1,2
2105,336,1,2
2105,337,1,2
2105,338,1,2
2105,339,1,2
2105,340,1,2
2105,341,1,2
2105,342,1,2
2105,343,1,2
2105,344,1,2
2105,345,1,2
2105,346,1,2
2105,347,1,2
2105,348,1,2
2105,349,1,2
2105,350,1,2
2105,351,1,2
2105,352,1,2
2105,353,1,2
2105,354,1,2
2105,355,1,2
2105,356,1,2
2105,357,1,2
2105,358,1,2
2105,359,1,2
2105,360,1,2
2105,361,1,2
2105,362,1,2
2105,363,1,2
2105,364,1,2
2105,365,1,2
2105,366,1,2
2105,367,1,2
2105,368,1,2
2105,369,1,2
2105,370,1,2
2105,371,1,2
2105,372,1,2
2105,373,1,2
2105,374,1,2
2105,375,1,2
2105,376,1,2
2105,377,1,2
2105,378,1,2
2105,379,1,2
2105,380,1,2
2105,381,1,2
2105,382,1,2
2105,383,1,2
2105,384,1,2
2105,385,1,2
2105,386,1,2
2105,387,1,2
2105,388,1,2
2105,389,1,2
2105,390,1,2
2105,391,1,2
2105,392,1,2
2105,393,1,2
2105,394,1,2
2105,395,1,2
2105,396,1,2
2105,397,1,2
2105,398,1,2
2105,399,1,2
2105,400,1,2
2105,401,1,2
2105,402,1,2
2105,403,1,2
2105,404,1,2
2105,405,1,2
2105,406,1,2
2105,407,1,2
2105,408,1,2
2105,409,1,2
2105,410,1,2
2105,411,1,2
2105,412,1,2
2105,413,1,2
2105,414,1,2
2105,415,1,2
2105,416,1,2
2105,417,1,2
2105,418,1,2
2105,419,1,2
2105,420,1,2
2105,421,1,2
2105,422,1,2
2105,423,1,2
2105,424,1,2
2105,425,1,2
2105,426,1,2
2105,427,1,2
2105,428,1,2
2105,429,1,2
2105,430,1,2
2105,431,1,2
2105,432,1,2
2105,433,1,2
2105,434,1,2
2105,435,1,2
2105,436,1,2
2105,437,1,2
2105,438,1,2
2105,439,1,2
2105,440,1,2
2105,441,1,2
2105,442,1,2
2105,443,1,2
2105,444,1,2
2105,445,1,2
2105,446,1,2
2105,447,1,2
2105,448,1,2
2105,449,1,2
2105,450,1,2
2105,451,1,2
2105,452,1,2
2105,453,1,2
2105,454,1,2
2105,455,1,2
2105,456,1,2
2105,457,1,2
2105,458,1,2
2105,459,1,2
2105,460,1,2
2105,461,1,2
2105,462,1,2
2105,463,1,2
2105,464,1,2
2105,465,1,2
2105,466,1,2
2105,467,1,2
2105,468,1,2
2105,469,1,2
2105,470,1,2
2105,471,1,2
2105,472,1,2
2105,473,1,2
2105,474,1,2
2105,475,1,2
2105,476,1,2
2105,477,1,2
2105,478,1,2
2105,479,1,2
2105,480,1,2
2105,481,1,2
2105,482,1,2
2105,483,1,2
2105,484,1,2
2105,485,1,2
2105,486,1,2
2105,487,1,2
2105,488,1,2
2105,489,1,2
2105,490,1,2
2105,491,1,2
2105,492,1,2
2105,493,1,2
2105,494,1,2
2105,495,1,2
2105,496,1,2
2105,497,1,2
2105,498,1,2
2105,499,1,2
2105,500,1,2
2105,501,1,2
2105,502,1,2
2105,503,1,2
2105,504,1,2
2105,505,1,2
2105,506,1,2
2105,507,1,2
2105,508,1,2
2105,509,1,2
2105,510,1,2
2105,511,1,2
2105,512,1,2
2105,513,1,2
2105,514,1,2
2105,515,1,2
2105,516,1,2
2105,517,1,2
2105,518,1,2
2105,519,1,2
2105,520,1,2
2105,521,1,2
2105,522,1,2
2105,523,1,2
2105,524,1,2
2105,525,1,2
2105,526,1,2
2105,527,1,2
2105,528,1,2
2105,529,1,2
2105,530,1,2
2105,531,1,2
2105,532,1,2
2105,533,1,2
2105,534,1,2
2105,535,1,2
2105,536,1,2
2105,537,1,2
2105,538,1,2
2105,539,1,2
2105,540,1,2
2105,541,1,2
2105,542,1,2
2105,543,1,2
2105,544,1,2
2105,545,1,2
2105,546,1,2
2105,547,1,2
2105,548,1,2
2105,549,1,2
2105,550,1,2
2105,551,1,2
2105,552,1,2
2105,553,1,2
2105,554,1,2
2105,555,1,2
2105,556,1,2
2105,557,1,2
2105,558,1,2
2105,559,1,2
2105,560,1,2
2105,561,1,2
2105,562,1,2
2105,563,1,2
2105,564,1,2
2105,565,1,2
2105,566,1,2
2105,567,1,2
2105,568,1,2
2105,569,1,2
2105,570,1,2
2105,571,1,2
2105,572,1,2
2105,573,1,2
2105,574,1,2
2105,575,1,2
2105,576,1,2
2105,577,1,2
2105,578,1,2
2105,579,1,2
2105,580,1,2
2105,581,1,2
2105,582,1,2
2105,583,1,2
2105,584,1,3
2105,585,1,3
2105,586,1,3
2105,587,1,3
2105,588,1,3
2105,589,1,3
2105,590,1,3
2105,591,1,3
2105,592,1,3
2105,593,1,3
2105,594,1,3
2105,595,1,3
2105,596,1,3
2105,597,1,3
2105,598,1,3
2105,599,1,3
2105,600,1,3
2105,601,1,3
2105,602,1,3
2105,603,1,3
2105,604,1,3
2105,605,1,3
2105,606,1,3
2105,607,1,3
2105,608,1,3
2105,609,1,3
2105,610,1,3
2105,611,1,3
2105,612,1,3
2105,613,1,3
2105,614,1,3
2105,615,1,3
2105,616,1,3
2105,617,1,3
2105,618,1,3
2105,619,1,3
2105,620,1,3
2105,621,1,3
2105,622,1,3
2105,623,1,3
2105,624,1,3
2105,625,1,3
2105,626,1,3
2105,627,1,2
2105,628,1,2
2105,629,1,2
2105,630,1,2
2105,631,1,2
2105,632,1,2
2105,633,1,2
2105,634,1,2
2105,635,1,2
2105,636,1,2
2105,637,1,2
2105,638,1,2
2105,639,1,2
2105,640,1,2
2105,641,1,2
2105,642,1,2
2105,643,1,2
2106,148,1,2
2106,149,1,2
2106,150,1,2
2106,151,1,2
2106,152,1,2
2106,153,1,2
2106,154,1,2
2106,155,1,2
2106,156,1,2
2106,157,1,2
2106,158,1,2
2106,159,1,2
2106,160,1,2
2106,161,1,2
2106,162,1,2
2106,163,1,2
2106,164,1,2
2106,165,1,2
2106,166,1,2
2106,167,1,2
2106,168,1,2
2106,169,1,2
2106,170,1,2
2106,171,1,2
2106,172,1,2
2106,173,1,2
2106,174,1,2
2106,175,1,2
2106,176,1,2
2106,177,1,2
2106,178,1,2
2106,179,1,2
2106,180,1,2
2106,181,1,2
2106,182,1,2
2106,183,1,2
2106,184,1,2
2106,185,1,2
2106,186,1,2
2106,187,1,2
2106,188,1,2
2106,189,1,2
2106,190,1,2
2106,191,1,2
2106,192,1,2
2106,193,1,2
2106,194,1,2
2106,195,1,2
2106,196,1,2
2106,197,1,2
2106,198,1,2
2106,199,1,2
2106,200,1,2
2106,201,1,2
2106,202,1,2
2106,203,1,2
2106,204,1,2
2106,205,1,2
2106,206,1,2
2106,207,1,2
2106,208,1,2
2106,209,1,2
2106,210,1,2
2106,211,1,2
2106,212,1,2
2106,213,1,2
2106,214,1,2
2106,215,1,2
2106,216,1,2
2106,217,1,2
2106,218,1,2
2106,219,1,2
2106,220,1,2
2106,221,1,2
2106,222,1,2
2106,223,1,2
2106,224,1,2
2106,225,1,2
2106,226,1,2
2106,227,1,2
2106,228,1,2
2106,229,1,2
2106,230,1,2
2106,231,1,2
2106,232,1,2
2106,233,1,2
2106,234,1,2
2106,235,1,2
2106,236,1,2
2106,237,1,2
2106,238,1,2
2106,239,1,2
2106,240,1,2
2106,241,1,2
2106,242,1,2
2106,243,1,2
2106,244,1,2
2106,245,1,2
2106,246,1,2
2106,247,1,2
2106,248,1,2
2106,249,1,2
2106,250,1,2
2106,251,1,2
2106,252,1,2
2106,253,1,2
2106,254,1,2
2106,255,1,2
2106,256,1,2
2106,257,1,2
2106,258,1,2
2106,259,1,2
2106,260,1,2
2106,261,1,2
2106,262,1,2
2106,263,1,2
2106,264,1,2
2106,265,1,2
2106,266,1,2
2106,267,1,2
2106,268,1,2
2106,269,1,2
2106,270,1,2
2106,271,1,2
2106,272,1,2
2106,273,1,2
2106,274,1,2
2106,275,1,2
2106,276,1,2
2106,277,1,2
2106,278,1,2
2106,279,1,2
2106,280,1,2
2106,281,1,2
2106,282,1,2
2106,283,1,2
2106,284,1,2
2106,285,1,2
2106,286,1,2
2106,287,1,2
2106,288,1,2
2106,289,1,2
2106,290,1,2
2106,291,1,2
2106,292,1,2
2106,293,1,2
2106,294,1,2
2106,295,1,2
2106,296,1,2
2106,297,1,2
2106,298,1,2
2106,299,1,2
2106,300,1,2
2106,301,1,2
2106,302,1,2
2106,303,1,2
2106,304,1,2
2106,305,1,2
2106,306,1,2
2106,307,1,2
2106,308,1,2
2106,309,1,2
2106,310,1,2
2106,311,1,2
2106,312,1,2
2106,313,1,2
2106,314,1,2
2106,315,1,2
2106,316,1,2
2106,317,1,2
2106,318,1,2
2106,319,1,2
2106,320,1,2
2106,321,1,2
2106,322,1,2
2106,323,1,2
2106,324,1,2
2106,325,1,2
2106,326,1,2
2106,327,1,2
2106,328,1,2
2106,329,1,2
2106,330,1,2
2106,331,1,2
2106,332,1,2
2106,333,1,2
2106,334,1,2
2106,335,1,2
2106,336,1,2
2106,337,1,2
2106,338,1,2
2106,339,1,2
2106,340,1,2
2106,341,1,2
2106,342,1,2
2106,343,1,2
2106,344,1,2
2106,345,1,2
2106,346,1,2
2106,347,1,2
2106,348,1,2
2106,349,1,2
2106,350,1,2
2106,351,1,2
2106,352,1,2
2106,353,1,2
2106,354,1,2
2106,355,1,2
2106,356,1,2
2106,357,1,2
2106,358,1,2
2106,359,1,2
2106,360,1,2
2106,361,1,2
2106,362,1,2
2106,363,1,2
2106,364,1,2
2106,365,1,2
2106,366,1,2
2106,367,1,2
2106,368,1,2
2106,369,1,2
2106,370,1,2
2106,371,1,2
2106,372,1,2
2106,373,1,2
2106,374,1,2
2106,375,1,2
2106,376,1,2
2106,377,1,2
2106,378,1,2
2106,379,1,2
2106,380,1,2
2106,381,1,2
2106,382,1,2
2106,383,1,2
2106,384,1,2
2106,385,1,2
2106,386,1,2
2106,387,1,2
2106,388,1,2
2106,389,1,2
2106,390,1,2
2106,391,1,2
2106,392,1,2
2106,393,1,2
2106,394,1,2
2106,395,1,2
2106,396,1,2
2106,397,1,2
2106,398,1,2
2106,399,1,2
2106,400,1,2
2106,401,1,2
2106,402,1,2
2106,403,1,2
2106,404,1,2
2106,405,1,2
2106,406,1,2
2106,407,1,2
2106,408,1,2
2106,409,1,2
2106,410,1,2
2106,411,1,2
2106,412,1,2
2106,413,1,2
2106,414,1,2
2106,415,1,2
2106,416,1,2
2106,417,1,2
2106,418,1,2
2106,419,1,2
2106,420,1,2
2106,421,1,2
2106,422,1,2
2106,423,1,2
2106,424,1,2
2106,425,1,2
2106,426,1,2
2106,427,1,2
2106,428,1,2
2106,429,1,2
2106,430,1,2
2106,431,1,2
2106,432,1,2
2106,433,1,2
2106,434,1,2
2106,435,1,2
2106,436,1,2
2106,437,1,2
2106,438,1,2
2106,439,1,2
2106,440,1,2
2106,441,1,2
2106,442,1,2
2106,443,1,2
2106,444,1,2
2106,445,1,2
2106,446,1,2
2106,447,1,2
2106,448,1,2
2106,449,1,2
2106,450,1,2
2106,451,1,2
2106,452,1,2
2106,453,1,2
2106,454,1,2
2106,455,1,2
2106,456,1,2
2106,457,1,2
2106,458,1,2
2106,459,1,2
2106,460,1,2
2106,461,1,2
2106,462,1,2
2106,463,1,2
2106,464,1,2
2106,465,1,2
2106,466,1,2
2106,467,1,2
2106,468,1,2
2106,469,1,2
2106,470,1,2
2106,471,1,2
2106,472,1,2
2106,473,1,2
2106,474,1,2
2106,475,1,2
2106,476,1,2
2106,477,1,2
2106,478,1,2
2106,479,1,2
2106,480,1,2
2106,481,1,2
2106,482,1,2
2106,483,1,2
2106,484,1,2
2106,485,1,2
2106,486,1,2
2106,487,1,2
2106,488,1,2
2106,489,1,2
2106,490,1,2
2106,491,1,2
2106,492,1,2
2106,493,1,2
2106,494,1,2
2106,495,1,2
2106,496,1,2
2106,497,1,2
2106,498,1,2
2106,499,1,2
2106,500,1,2
2106,501,1,2
2106,502,1,2
2106,503,1,2
2106,504,1,2
2106,505,1,2
2106,506,1,2
2106,507,1,2
2106,508,1,2
2106,509,1,2
2106,510,1,2
2106,511,1,2
2106,512,1,2
2106,513,1,2
2106,514,1,2
2106,515,1,2
2106,516,1,2
2106,517,1,2
2106,518,1,2
2106,519,1,2
2106,520,1,2
2106,521,1,2
2106,522,1,2
2106,523,1,2
2106,524,1,2
2106,525,1,2
2106,526,1,2
2106,527,1,2
2106,528,1,2
2106,529,1,2
2106,530,1,2
2106,531,1,2
2106,532,1,2
2106,533,1,2
2106,534,1,2
2106,535,1,2
2106,536,1,2
2106,537,1,2
2106,538,1,2
2106,539,1,2
2106,540,1,2
2106,541,1,2
2106,542,1,2
2106,543,1,2
2106,544,1,2
2106,545,1,2
2106,546,1,2
2106,547,1,2
2106,548,1,2
2106,549,1,2
2106,550,1,2
2106,551,1,2
2106,552,1,2
2106,553,1,2
2106,554,1,2
2106,555,1,2
2106,556,1,2
2106,557,1,2
2106,558,1,2
2106,559,1,2
2106,560,1,2
2106,561,1,2
2106,562,1,2
2106,563,1,2
2106,564,1,2
2106,565,1,2
2106,566,1,2
2106,567,1,2
2106,568,1,2
2106,569,1,2
2106,570,1,2
2106,571,1,2
2106,572,1,2
2106,573,1,2
2106,574,1,2
2106,575,1,2
2106,576,1,2
2106,577,1,2
2106,578,1,2
2106,579,1,2
2106,580,1,2
2106,581,1,2
2106,582,1,2
2106,583,1,2
2106,584,1,2
2106,585,1,3
2106,586,1,3
2106,587,1,3
2106,588,1,3
2106,589,1,3
2106,590,1,3
2106,591,1,3
2106,592,1,3
2106,593,1,3
2106,594,1,3
2106,595,1,3
2106,596,1,3
2106,597,1,3
2106,598,1,3
2106,599,1,3
2106,600,1,3
2106,601,1,3
2106,602,1,3
2106,603,1,3
2106,604,1,3
2106,605,1,3
2106,606,1,3
2106,607,1,3
2106,608,1,3
2106,609,1,3
2106,610,1,3
2106,611,1,3
2106,612,1,3
2106,613,1,3
2106,614,1,3
2106,615,1,3
2106,616,1,3
2106,617,1,3
2106,618,1,3
2106,619,1,3
2106,620,1,3
2106,621,1,3
2106,622,1,3
2106,623,1,3
2106,624,1,3
2106,625,1,3
2106,626,1,2
2106,627,1,2
2106,628,1,2
2106,629,1,2
2106,630,1,2
2106,631,1,2
2106,632,1,2
2106,633,1,2
2106,634,1,2
2106,635,1,2
2106,636,1,2
2106,637,1,2
2106,638,1,2
2106,639,1,2
2106,640,1,2
2106,641,1,2
2106,642,1,2
2106,643,1,2
2106,644,1,2
2107,148,1,2
2107,149,1,2
2107,150,1,2
2107,151,1,2
2107,152,1,2
2107,153,1,2
2107,154,1,2
2107,155,1,2
2107,156,1,2
2107,157,1,2
2107,158,1,2
2107,159,1,2
2107,160,1,2
2107,161,1,2
2107,162,1,2
2107,163,1,2
2107,164,1,2
2107,165,1,2
2107,166,1,2
2107,167,1,2
2107,168,1,2
2107,169,1,2
2107,170,1,2
2107,171,1,2
2107,172,1,2
2107,173,1,2
2107,174,1,2
2107,175,1,2
2107,176,1,2
2107,177,1,2
2107,178,1,2
2107,179,1,2
2107,180,1,2
2107,181,1,2
2107,182,1,2
2107,183,1,2
2107,184,1,2
2107,185,1,2
2107,186,1,2
2107,187,1,2
2107,188,1,2
2107,189,1,2
2107,190,1,2
2107,191,1,2
2107,192,1,2
2107,193,1,2
2107,194,1,2
2107,195,1,2
2107,196,1,2
2107,197,1,2
2107,198,1,2
2107,199,1,2
2107,200,1,2
2107,201,1,2
2107,202,1,2
2107,203,1,2
2107,204,1,2
2107,205,1,2
2107,206,1,2
2107,207,1,2
2107,208,1,2
2107,209,1,2
2107,210,1,2
2107,211,1,2
2107,212,1,2
2107,213,1,2
2107,214,1,2
2107,215,1,2
2107,216,1,2
2107,217,1,2
2107,218,1,2
2107,219,1,2
2107,220,1,2
2107,221,1,2
2107,222,1,2
2107,223,1,2
2107,224,1,2
2107,225,1,2
2107,226,1,2
2107,227,1,2
2107,228,1,2
2107,229,1,2
2107,230,1,2
2107,231,1,2
2107,232,1,2
2107,233,1,2
2107,234,1,2
2107,235,1,2
2107,236,1,2
2107,237,1,2
2107,238,1,2
2107,239,1,2
2107,240,1,2
2107,241,1,2
2107,242,1,2
2107,243,1,2
2107,244,1,2
2107,245,1,2
2107,246,1,2
2107,247,1,2
2107,248,1,2
2107,249,1,2
2107,250,1,2
2107,251,1,2
2107,252,1,2
2107,253,1,2
2107,254,1,2
2107,255,1,2
2107,256,1,2
2107,257,1,2
2107,258,1,2
2107,259,1,2
2107,260,1,2
2107,261,1,2
2107,262,1,2
2107,263,1,2
2107,264,1,2
2107,265,1,2
2107,266,1,2
2107,267,1,2
2107,268,1,2
2107,269,1,2
2107,270,1,2
2107,271,1,2
2107,272,1,2
2107,273,1,2
2107,274,1,2
2107,275,1,2
2107,276,1,2
2107,277,1,2
2107,278,1,2
2107,279,1,2
2107,280,1,2
2107,281,1,2
2107,282,1,2
2107,283,1,2
2107,284,1,2
2107,285,1,2
2107,286,1,2
2107,287,1,2
2107,288,1,2
2107,289,1,2
2107,290,1,2
2107,291,1,2
2107,292,1,2
2107,293,1,2
2107,294,1,2
2107,295,1,2
2107,296,1,2
2107,297,1,2
2107,298,1,2
2107,299,1,2
2107,300,1,2
2107,301,1,2
2107,302,1,2
2107,303,1,2
2107,304,1,2
2107,305,1,2
2107,306,1,2
2107,307,1,2
2107,308,1,2
2107,309,1,2
2107,310,1,2
2107,311,1,2
2107,312,1,2
2107,313,1,2
2107,314,1,2
2107,315,1,2
2107,316,1,2
2107,317,1,2
2107,318,1,2
2107,319,1,2
2107,320,1,2
2107,321,1,2
2107,322,1,2
2107,323,1,2
2107,324,1,2
2107,325,1,2
2107,326,1,2
2107,327,1,2
2107,328,1,2
2107,329,1,2
2107,330,1,2
2107,331,1,2
2107,332,1,2
2107,333,1,2
2107,334,1,2
2107,335,1,2
2107,336,1,2
2107,337,1,2
2107,338,1,2
2107,339,1,2
2107,340,1,2
2107,341,1,2
2107,342,1,2
2107,343,1,2
2107,344,1,2
2107,345,1,2
2107,346,1,2
2107,347,1,2
2107,348,1,2
2107,349,1,2
2107,350,1,2
2107,351,1,2
2107,352,1,2
2107,353,1,2
2107,354,1,2
2107,355,1,2
2107,356,1,2
2107,357,1,2
2107,358,1,2
2107,359,1,2
2107,360,1,2
2107,361,1,2
2107,362,1,2
2107,363,1,2
2107,364,1,2
2107,365,1,2
2107,366,1,2
2107,367,1,2
2107,368,1,2
2107,369,1,2
2107,370,1,2
2107,371,1,2
2107,372,1,2
2107,373,1,2
2107,374,1,2
2107,375,1,2
2107,376,1,2
2107,377,1,2
2107,378,1,2
2107,379,1,2
2107,380,1,2
2107,381,1,2
2107,382,1,2
2107,383,1,2
2107,384,1,2
2107,385,1,2
2107,386,1,2
2107,387,1,2
2107,388,1,2
2107,389,1,2
2107,390,1,2
2107,391,1,2
2107,392,1,2
2107,393,1,2
2107,394,1,2
2107,395,1,2
2107,396,1,2
2107,397,1,2
2107,398,1,2
2107,399,1,2
2107,400,1,2
2107,401,1,2
2107,402,1,2
2107,403,1,2
2107,404,1,2
2107,405,1,2
2107,406,1,2
2107,407,1,2
2107,408,1,2
2107,409,1,2
2107,410,1,2
2107,411,1,2
2107,412,1,2
2107,413,1,2
2107,414,1,2
2107,415,1,2
2107,416,1,2
2107,417,1,2
2107,418,1,2
2107,419,1,2
2107,420,1,2
2107,421,1,2
2107,422,1,2
2107,423,1,2
2107,424,1,2
2107,425,1,2
2107,426,1,2
2107,427,1,2
2107,428,1,2
2107,429,1,2
2107,430,1,2
2107,431,1,2
2107,432,1,2
2107,433,1,2
2107,434,1,2
2107,435,1,2
2107,436,1,2
2107,437,1,2
2107,438,1,2
2107,439,1,2
2107,440,1,2
2107,441,1,2
2107,442,1,2
2107,443,1,2
2107,444,1,2
2107,445,1,2
2107,446,1,2
2107,447,1,2
2107,448,1,2
2107,449,1,2
2107,450,1,2
2107,451,1,2
2107,452,1,2
2107,453,1,2
2107,454,1,2
2107,455,1,2
2107,456,1,2
2107,457,1,2
2107,458,1,2
2107,459,1,2
2107,460,1,2
2107,461,1,2
2107,462,1,2
2107,463,1,2
2107,464,1,2
2107,465,1,2
2107,466,1,2
2107,467,1,2
2107,468,1,2
2107,469,1,2
2107,470,1,2
2107,471,1,2
2107,472,1,2
2107,473,1,2
2107,474,1,2
2107,475,1,2
2107,476,1,2
2107,477,1,2
2107,478,1,2
2107,479,1,2
2107,480,1,2
2107,481,1,2
2107,482,1,2
2107,483,1,2
2107,484,1,2
2107,485,1,2
2107,486,1,2
2107,487,1,2
2107,488,1,2
2107,489,1,2
2107,490,1,2
2107,491,1,2
2107,492,1,2
2107,493,1,2
2107,494,1,2
2107,495,1,2
2107,496,1,2
2107,497,1,2
2107,498,1,2
2107,499,1,2
2107,500,1,2
2107,501,1,2
2107,502,1,2
2107,503,1,2
2107,504,1,2
2107,505,1,2
2107,506,1,2
2107,507,1,2
2107,508,1,2
2107,509,1,2
2107,510,1,2
2107,511,1,2
2107,512,1,2
2107,513,1,2
2107,514,1,2
2107,515,1,2
2107,516,1,2
2107,517,1,2
2107,518,1,2
2107,519,1,2
2107,520,1,2
2107,521,1,2
2107,522,1,2
2107,523,1,2
2107,524,1,2
2107,525,1,2
2107,526,1,2
2107,527,1,2
2107,528,1,2
2107,529,1,2
2107,530,1,2
2107,531,1,2
2107,532,1,2
2107,533,1,2
2107,534,1,2
2107,535,1,2
2107,536,1,2
2107,537,1,2
2107,538,1,2
2107,539,1,2
2107,540,1,2
2107,541,1,2
2107,542,1,2
2107,543,1,2
2107,544,1,2
2107,545,1,2
2107,546,1,2
2107,547,1,2
2107,548,1,2
2107,549,1,2
2107,550,1,2
2107,551,1,2
2107,552,1,2
2107,553,1,2
2107,554,1,2
2107,555,1,2
2107,556,1,2
2107,557,1,2
2107,558,1,2
2107,559,1,2
2107,560,1,2
2107,561,1,2
2107,562,1,2
2107,563,1,2
2107,564,1,2
2107,565,1,2
2107,566,1,2
2107,567,1,2
2107,568,1,2
2107,569,1,2
2107,570,1,2
2107,571,1,2
2107,572,1,2
2107,573,1,2
2107,574,1,2
2107,575,1,2
2107,576,1,2
2107,577,1,2
2107,578,1,2
2107,579,1,2
2107,580,1,2
2107,581,1,2
2107,582,1,2
2107,583,1,2
2107,584,1,2
2107,585,1,2
2107,586,1,3
2107,587,1,3
2107,588,1,3
2107,589,1,3
2107,590,1,3
2107,591,1,3
2107,592,1,3
2107,593,1,3
2107,594,1,3
2107,595,1,3
2107,596,1,3
2107,597,1,3
2107,598,1,3
2107,599,1,3
2107,600,1,3
2107,601,1,3
2107,602,1,3
2107,603,1,3
2107,604,1,3
2107,605,1,3
2107,606,1,3
2107,607,1,3
2107,608,1,3
2107,609,1,3
2107,610,1,3
2107,611,1,3
2107,612,1,3
2107,613,1,3
2107,614,1,3
2107,615,1,3
2107,616,1,3
2107,617,1,3
2107,618,1,3
2107,619,1,3
2107,620,1,3
2107,621,1,3
2107,622,1,3
2107,623,1,3
2107,624,1,3
2107,625,1,3
2107,626,1,3
2107,627,1,2
2107,628,1,2
2107,629,1,2
2107,630,1,2
2107,631,1,2
2107,632,1,2
2107,633,1,2
2107,634,1,2
2107,635,1,2
2107,636,1,2
2107,637,1,2
2107,638,1,2
2107,639,1,2
2107,640,1,2
2107,641,1,2
2107,642,1,2
2107,643,1,2
2107,644,1,2
2108,148,1,2
2108,149,1,2
2108,150,1,2
2108,151,1,2
2108,152,1,2
2108,153,1,2
2108,154,1,2
2108,155,1,2
2108,156,1,2
2108,157,1,2
2108,158,1,2
2108,159,1,2
2108,160,1,2
2108,161,1,2
2108,162,1,2
2108,163,1,2
2108,164,1,2
2108,165,1,2
2108,166,1,2
2108,167,1,2
2108,168,1,2
2108,169,1,2
2108,170,1,2
2108,171,1,2
2108,172,1,2
2108,173,1,2
2108,174,1,2
2108,175,1,2
2108,176,1,2
2108,177,1,2
2108,178,1,2
2108,179,1,2
2108,180,1,2
2108,181,1,2
2108,182,1,2
2108,183,1,2
2108,184,1,2
2108,185,1,2
2108,186,1,2
2108,187,1,2
2108,188,1,2
2108,189,1,2
2108,190,1,2
2108,191,1,2
2108,192,1,2
2108,193,1,2
2108,194,1,2
2108,195,1,2
2108,196,1,2
2108,197,1,2
2108,198,1,2
2108,199,1,2
2108,200,1,2
2108,201,1,2
2108,202,1,2
2108,203,1,2
2108,204,1,2
2108,205,1,2
2108,206,1,2
2108,207,1,2
2108,208,1,2
2108,209,1,2
2108,210,1,2
2108,211,1,2
2108,212,1,2
2108,213,1,2
2108,214,1,2
2108,215,1,2
2108,216,1,2
2108,217,1,2
2108,218,1,2
2108,219,1,2
2108,220,1,2
2108,221,1,2
2108,222,1,2
2108,223,1,2
2108,224,1,2
2108,225,1,2
2108,226,1,2
2108,227,1,2
2108,228,1,2
2108,229,1,2
2108,230,1,2
2108,231,1,2
2108,232,1,2
2108,233,1,2
2108,234,1,2
2108,235,1,2
2108,236,1,2
2108,237,1,2
2108,238,1,2
2108,239,1,2
2108,240,1,2
2108,241,1,2
2108,242,1,2
2108,243,1,2
2108,244,1,2
2108,245,1,2
2108,246,1,2
2108,247,1,2
2108,248,1,2
2108,249,1,2
2108,250,1,2
2108,251,1,2
2108,252,1,2
2108,253,1,2
2108,254,1,2
2108,255,1,2
2108,256,1,2
2108,257,1,2
2108,258,1,2
2108,259,1,2
2108,260,1,2
2108,261,1,2
2108,262,1,2
2108,263,1,2
2108,264,1,2
2108,265,1,2
2108,266,1,2
2108,267,1,2
2108,268,1,2
2108,269,1,2
2108,270,1,2
2108,271,1,2
2108,272,1,2
2108,273,1,2
2108,274,1,2
2108,275,1,2
2108,276,1,2
2108,277,1,2
2108,278,1,2
2108,279,1,2
2108,280,1,2
2108,281,1,2
2108,282,1,2
2108,283,1,2
2108,284,1,2
2108,285,1,2
2108,286,1,2
2108,287,1,2
2108,288,1,2
2108,289,1,2
2108,290,1,2
2108,291,1,2
2108,292,1,2
2108,293,1,2
2108,294,1,2
2108,295,1,2
2108,296,1,2
2108,297,1,2
2108,298,1,2
2108,299,1,2
2108,300,1,2
2108,301,1,2
2108,302,1,2
2108,303,1,2
2108,304,1,2
2108,305,1,2
2108,306,1,2
2108,307,1,2
2108,308,1,2
2108,309,1,2
2108,310,1,2
2108,311,1,2
2108,312,1,2
2108,313,1,2
2108,314,1,2
2108,315,1,2
2108,316,1,2
2108,317,1,2
2108,318,1,2
2108,319,1,2
2108,320,1,2
2108,321,1,2
2108,322,1,2
2108,323,1,2
2108,324,1,2
2108,325,1,2
2108,326,1,2
2108,327,1,2
2108,328,1,2
2108,329,1,2
2108,330,1,2
2108,331,1,2
2108,332,1,2
2108,333,1,2
2108,334,1,2
2108,335,1,2
2108,336,1,2
2108,337,1,2
2108,338,1,2
2108,339,1,2
2108,340,1,2
2108,341,1,2
2108,342,1,2
2108,343,1,2
2108,344,1,2
2108,345,1,2
2108,346,1,2
2108,347,1,2
2108,348,1,2
2108,349,1,2
2108,350,1,2
2108,351,1,2
2108,352,1,2
2108,353,1,2
2108,354,1,2
2108,355,1,2
2108,356,1,2
2108,357,1,2
2108,358,1,2
2108,359,1,2
2108,360,1,2
2108,361,1,2
2108,362,1,2
2108,363,1,2
2108,364,1,2
2108,365,1,2
2108,366,1,2
2108,367,1,2
2108,368,1,2
2108,369,1,2
2108,370,1,2
2108,371,1,2
2108,372,1,2
2108,373,1,2
2108,374,1,2
2108,375,1,2
2108,376,1,2
2108,377,1,2
2108,378,1,2
2108,379,1,2
2108,380,1,2
2108,381,1,2
2108,382,1,2
2108,383,1,2
2108,384,1,2
2108,385,1,2
2108,386,1,2
2108,387,1,2
2108,388,1,2
2108,389,1,2
2108,390,1,2
2108,391,1,2
2108,392,1,2
2108,393,1,2
2108,394,1,2
2108,395,1,2
2108,396,1,2
2108,397,1,2
2108,398,1,2
2108,399,1,2
2108,400,1,2
2108,401,1,2
2108,402,1,2
2108,403,1,2
2108,404,1,2
2108,405,1,2
2108,406,1,2
2108,407,1,2
2108,408,1,2
2108,409,1,2
2108,410,1,2
2108,411,1,2
2108,412,1,2
2108,413,1,2
2108,414,1,2
2108,415,1,2
2108,416,1,2
2108,417,1,2
2108,418,1,2
2108,419,1,2
2108,420,1,2
2108,421,1,2
2108,422,1,2
2108,423,1,2
2108,424,1,2
2108,425,1,2
2108,426,1,2
2108,427,1,2
2108,428,1,2
2108,429,1,2
2108,430,1,2
2108,431,1,2
2108,432,1,2
2108,433,1,2
2108,434,1,2
2108,435,1,2
2108,436,1,2
2108,437,1,2
2108,438,1,2
2108,439,1,2
2108,440,1,2
2108,441,1,2
2108,442,1,2
2108,443,1,2
2108,444,1,2
2108,445,1,2
2108,446,1,2
2108,447,1,2
2108,448,1,2
2108,449,1,2
2108,450,1,2
2108,451,1,2
2108,452,1,2
2108,453,1,2
2108,454,1,2
2108,455,1,2
2108,456,1,2
2108,457,1,2
2108,458,1,2
2108,459,1,2
2108,460,1,2
2108,461,1,2
2108,462,1,2
2108,463,1,2
2108,464,1,2
2108,465,1,2
2108,466,1,2
2108,467,1,2
2108,468,1,2
2108,469,1,2
2108,470,1,2
2108,471,1,2
2108,472,1,2
2108,473,1,2
2108,474,1,2
2108,475,1,2
2108,476,1,2
2108,477,1,2
2108,478,1,2
2108,479,1,2
2108,480,1,2
2108,481,1,2
2108,482,1,2
2108,483,1,2
2108,484,1,2
2108,485,1,2
2108,486,1,2
2108,487,1,2
2108,488,1,2
2108,489,1,2
2108,490,1,2
2108,491,1,2
2108,492,1,2
2108,493,1,2
2108,494,1,2
2108,495,1,2
2108,496,1,2
2108,497,1,2
2108,498,1,2
2108,499,1,2
2108,500,1,2
2108,501,1,2
2108,502,1,2
2108,503,1,2
2108,504,1,2
2108,505,1,2
2108,506,1,2
2108,507,1,2
2108,508,1,2
2108,509,1,2
2108,510,1,2
2108,511,1,2
2108,512,1,2
2108,513,1,2
2108,514,1,2
2108,515,1,2
2108,516,1,2
2108,517,1,2
2108,518,1,2
2108,519,1,2
2108,520,1,2
2108,521,1,2
2108,522,1,2
2108,523,1,2
2108,524,1,2
2108,525,1,2
2108,526,1,2
2108,527,1,2
2108,528,1,2
2108,529,1,2
2108,530,1,2
2108,531,1,2
2108,532,1,2
2108,533,1,2
2108,534,1,2
2108,535,1,2
2108,536,1,2
2108,537,1,2
2108,538,1,2
2108,539,1,2
2108,540,1,2
2108,541,1,2
2108,542,1,2
2108,543,1,2
2108,544,1,2
2108,545,1,2
2108,546,1,2
2108,547,1,2
2108,548,1,2
2108,549,1,2
2108,550,1,2
2108,551,1,2
2108,552,1,2
2108,553,1,2
2108,554,1,2
2108,555,1,2
2108,556,1,2
2108,557,1,2
2108,558,1,2
2108,559,1,2
2108,560,1,2
2108,561,1,2
2108,562,1,2
2108,563,1,2
2108,564,1,2
2108,565,1,2
2108,566,1,2
2108,567,1,2
2108,568,1,2
2108,569,1,2
2108,570,1,2
2108,571,1,2
2108,572,1,2
2108,573,1,2
2108,574,1,2
2108,575,1,2
2108,576,1,2
2108,577,1,2
2108,578,1,2
2108,579,1,2
2108,580,1,2
2108,581,1,2
2108,582,1,2
2108,583,1,2
2108,584,1,2
2108,585,1,2
2108,586,1,2
2108,587,1,3
2108,588,1,3
2108,589,1,3
2108,590,1,3
2108,591,1,3
2108,592,1,3
2108,593,1,3
2108,594,1,3
2108,595,1,3
2108,596,1,3
2108,597,1,3
2108,598,1,3
2108,599,1,3
2108,600,1,3
2108,601,1,3
2108,602,1,3
2108,603,1,3
2108,604,1,3
2108,605,1,3
2108,606,1,3
2108,607,1,3
2108,608,1,3
2108,609,1,3
2108,610,1,3
2108,611,1,3
2108,612,1,3
2108,613,1,3
2108,614,1,3
2108,615,1,3
2108,616,1,3
2108,617,1,3
2108,618,1,3
2108,619,1,3
2108,620,1,3
2108,621,1,3
2108,622,1,3
2108,623,1,3
2108,624,1,3
2108,625,1,3
2108,626,1,3
2108,627,1,2
2108,628,1,2
2108,629,1,2
2108,630,1,2
2108,631,1,2
2108,632,1,2
2108,633,1,2
2108,634,1,2
2108,635,1,2
2108,636,1,2
2108,637,1,2
2108,638,1,2
2108,639,1,2
2108,640,1,2
2108,641,1,2
2108,642,1,2
2108,643,1,2
2108,644,1,2
2108,645,1,2
2109,149,1,2
2109,150,1,2
2109,151,1,2
2109,152,1,2
2109,153,1,2
2109,154,1,2
2109,155,1,2
2109,156,1,2
2109,157,1,2
2109,158,1,2
2109,159,1,2
2109,160,1,2
2109,161,1,2
2109,162,1,2
2109,163,1,2
2109,164,1,2
2109,165,1,2
2109,166,1,2
2109,167,1,2
2109,168,1,2
2109,169,1,2
2109,170,1,2
2109,171,1,2
2109,172,1,2
2109,173,1,2
2109,174,1,2
2109,175,1,2
2109,176,1,2
2109,177,1,2
2109,178,1,2
2109,179,1,2
2109,180,1,2
2109,181,1,2
2109,182,1,2
2109,183,1,2
2109,184,1,2
2109,185,1,2
2109,186,1,2
2109,187,1,2
2109,188,1,2
2109,189,1,2
2109,190,1,2
2109,191,1,2
2109,192,1,2
2109,193,1,2
2109,194,1,2
2109,195,1,2
2109,196,1,2
2109,197,1,2
2109,198,1,2
2109,199,1,2
2109,200,1,2
2109,201,1,2
2109,202,1,2
2109,203,1,2
2109,204,1,2
2109,205,1,2
2109,206,1,2
2109,207,1,2
2109,208,1,2
2109,209,1,2
2109,210,1,2
2109,211,1,2
2109,212,1,2
2109,213,1,2
2109,214,1,2
2109,215,1,2
2109,216,1,2
2109,217,1,2
2109,218,1,2
2109,219,1,2
2109,220,1,2
2109,221,1,2
2109,222,1,2
2109,223,1,2
2109,224,1,2
2109,225,1,2
2109,226,1,2
2109,227,1,2
2109,228,1,2
2109,229,1,2
2109,230,1,2
2109,231,1,2
2109,232,1,2
2109,233,1,2
2109,234,1,2
2109,235,1,2
2109,236,1,2
2109,237,1,2
2109,238,1,2
2109,239,1,2
2109,240,1,2
2109,241,1,2
2109,242,1,2
2109,243,1,2
2109,244,1,2
2109,245,1,2
2109,246,1,2
2109,247,1,2
2109,248,1,2
2109,249,1,2
2109,250,1,2
2109,251,1,2
2109,252,1,2
2109,253,1,2
2109,254,1,2
2109,255,1,2
2109,256,1,2
2109,257,1,2
2109,258,1,2
2109,259,1,2
2109,260,1,2
2109,261,1,2
2109,262,1,2
2109,263,1,2
2109,264,1,2
2109,265,1,2
2109,266,1,2
2109,267,1,2
2109,268,1,2
2109,269,1,2
2109,270,1,2
2109,271,1,2
2109,272,1,2
2109,273,1,2
2109,274,1,2
2109,275,1,2
2109,276,1,2
2109,277,1,2
2109,278,1,2
2109,279,1,2
2109,280,1,2
2109,281,1,2
2109,282,1,2
2109,283,1,2
2109,284,1,2
2109,285,1,2
2109,286,1,2
2109,287,1,2
2109,288,1,2
2109,289,1,2
2109,290,1,2
2109,291,1,2
2109,292,1,2
2109,293,1,2
2109,294,1,2
2109,295,1,2
2109,296,1,2
2109,297,1,2
2109,298,1,2
2109,299,1,2
2109,300,1,2
2109,301,1,2
2109,302,1,2
2109,303,1,2
2109,304,1,2
2109,305,1,2
2109,306,1,2
2109,307,1,2
2109,308,1,2
2109,309,1,2
2109,310,1,2
2109,311,1,2
2109,312,1,2
2109,313,1,2
2109,314,1,2
2109,315,1,2
2109,316,1,2
2109,317,1,2
2109,318,1,2
2109,319,1,2
2109,320,1,2
2109,321,1,2
2109,322,1,2
2109,323,1,2
2109,324,1,2
2109,325,1,2
2109,326,1,2
2109,327,1,2
2109,328,1,2
2109,329,1,2
2109,330,1,2
2109,331,1,2
2109,332,1,2
2109,333,1,2
2109,334,1,2
2109,335,1,2
2109,336,1,2
2109,337,1,2
2109,338,1,2
2109,339,1,2
2109,340,1,2
2109,341,1,2
2109,342,1,2
2109,343,1,2
2109,344,1,2
2109,345,1,2
2109,346,1,2
2109,347,1,2
2109,348,1,2
2109,349,1,2
2109,350,1,2
2109,351,1,2
2109,352,1,2
2109,353,1,2
2109,354,1,2
2109,355,1,2
2109,356,1,2
2109,357,1,2
2109,358,1,2
2109,359,1,2
2109,360,1,2
2109,361,1,2
2109,362,1,2
2109,363,1,2
2109,364,1,2
2109,365,1,2
2109,366,1,2
2109,367,1,2
2109,368,1,2
2109,369,1,2
2109,370,1,2
2109,371,1,2
2109,372,1,2
2109,373,1,2
2109,374,1,2
2109,375,1,2
2109,376,1,2
2109,377,1,2
2109,378,1,2
2109,379,1,2
2109,380,1,2
2109,381,1,2
2109,382,1,2
2109,383,1,2
2109,384,1,2
2109,385,1,2
2109,386,1,2
2109,387,1,2
2109,388,1,2
2109,389,1,2
2109,390,1,2
2109,391,1,2
2109,392,1,2
2109,393,1,2
2109,394,1,2
2109,395,1,2
2109,396,1,2
2109,397,1,2
2109,398,1,2
2109,399,1,2
2109,400,1,2
2109,401,1,2
2109,402,1,2
2109,403,1,2
2109,404,1,2
2109,405,1,2
2109,406,1,2
2109,407,1,2
2109,408,1,2
2109,409,1,2
2109,410,1,2
2109,411,1,2
2109,412,1,2
2109,413,1,2
2109,414,1,2
2109,415,1,2
2109,416,1,2
2109,417,1,2
2109,418,1,2
2109,419,1,2
2109,420,1,2
2109,421,1,2
2109,422,1,2
2109,423,1,2
2109,424,1,2
2109,425,1,2
2109,426,1,2
2109,427,1,2
2109,428,1,2
2109,429,1,2
2109,430,1,2
2109,431,1,2
2109,432,1,2
2109,433,1,2
2109,434,1,2
2109,435,1,2
2109,436,1,2
2109,437,1,2
2109,438,1,2
2109,439,1,2
2109,440,1,2
2109,441,1,2
2109,442,1,2
2109,443,1,2
2109,444,1,2
2109,445,1,2
2109,446,1,2
2109,447,1,2
2109,448,1,2
2109,449,1,2
2109,450,1,2
2109,451,1,2
2109,452,1,2
2109,453,1,2
2109,454,1,2
2109,455,1,2
2109,456,1,2
2109,457,1,2
2109,458,1,2
2109,459,1,2
2109,460,1,2
2109,461,1,2
2109,462,1,2
2109,463,1,2
2109,464,1,2
2109,465,1,2
2109,466,1,2
2109,467,1,2
2109,468,1,2
2109,469,1,2
2109,470,1,2
2109,471,1,2
2109,472,1,2
2109,473,1,2
2109,474,1,2
2109,475,1,2
2109,476,1,2
2109,477,1,2
2109,478,1,2
2109,479,1,2
2109,480,1,2
2109,481,1,2
2109,482,1,2
2109,483,1,2
2109,484,1,2
2109,485,1,2
2109,486,1,2
2109,487,1,2
2109,488,1,2
2109,489,1,2
2109,490,1,2
2109,491,1,2
2109,492,1,2
2109,493,1,2
2109,494,1,2
2109,495,1,2
2109,496,1,2
2109,497,1,2
2109,498,1,2
2109,499,1,2
2109,500,1,2
2109,501,1,2
2109,502,1,2
2109,503,1,2
2109,504,1,2
2109,505,1,2
2109,506,1,2
2109,507,1,2
2109,508,1,2
2109,509,1,2
2109,510,1,2
2109,511,1,2
2109,512,1,2
2109,513,1,2
2109,514,1,2
2109,515,1,2
2109,516,1,2
2109,517,1,2
2109,518,1,2
2109,519,1,2
2109,520,1,2
2109,521,1,2
2109,522,1,2
2109,523,1,2
2109,524,1,2
2109,525,1,2
2109,526,1,2
2109,527,1,2
2109,528,1,2
2109,529,1,2
2109,530,1,2
2109,531,1,2
2109,532,1,2
2109,533,1,2
2109,534,1,2
2109,535,1,2
2109,536,1,2
2109,537,1,2
2109,538,1,2
2109,539,1,2
2109,540,1,2
2109,541,1,2
2109,542,1,2
2109,543,1,2
2109,544,1,2
2109,545,1,2
2109,546,1,2
2109,547,1,2
2109,548,1,2
2109,549,1,2
2109,550,1,2
2109,551,1,2
2109,552,1,2
2109,553,1,2
2109,554,1,2
2109,555,1,2
2109,556,1,2
2109,557,1,2
2109,558,1,2
2109,559,1,2
2109,560,1,2
2109,561,1,2
2109,562,1,2
2109,563,1,2
2109,564,1,2
2109,565,1,2
2109,566,1,2
2109,567,1,2
2109,568,1,2
2109,569,1,2
2109,570,1,2
2109,571,1,2
2109,572,1,2
2109,573,1,2
2109,574,1,2
2109,575,1,2
2109,576,1,2
2109,577,1,2
2109,578,1,2
2109,579,1,2
2109,580,1,2
2109,581,1,2
2109,582,1,2
2109,583,1,2
2109,584,1,2
2109,585,1,2
2109,586,1,2
2109,587,1,3
2109,588,1,3
2109,589,1,3
2109,590,1,3
2109,591,1,3
2109,592,1,3
2109,593,1,3
2109,594,1,3
2109,595,1,3
2109,596,1,3
2109,597,1,3
2109,598,1,3
2109,599,1,3
2109,600,1,3
2109,601,1,3
2109,602,1,3
2109,603,1,3
2109,604,1,3
2109,605,1,3
2109,606,1,3
2109,607,1,3
2109,608,1,3
2109,609,1,3
2109,610,1,3
2109,611,1,3
2109,612,1,3
2109,613,1,3
2109,614,1,3
2109,615,1,3
2109,616,1,3
2109,617,1,3
2109,618,1,3
2109,619,1,3
2109,620,1,3
2109,621,1,3
2109,622,1,3
2109,623,1,3
2109,624,1,3
2109,625,1,3
2109,626,1,2
2109,627,1,2
2109,628,1,2
2109,629,1,2
2109,630,1,2
2109,631,1,2
2109,632,1,2
2109,633,1,2
2109,634,1,2
2109,635,1,2
2109,636,1,2
2109,637,1,2
2109,638,1,2
2109,639,1,2
2109,640,1,2
2109,641,1,2
2109,642,1,2
2109,643,1,2
2109,644,1,2
2109,645,1,2
2110,150,1,2
2110,151,1,2
2110,152,1,2
2110,153,1,2
2110,154,1,2
2110,155,1,2
2110,156,1,2
2110,157,1,2
2110,158,1,2
2110,159,1,2
2110,160,1,2
2110,161,1,2
2110,162,1,2
2110,163,1,2
2110,164,1,2
2110,165,1,2
2110,166,1,2
2110,167,1,2
2110,168,1,2
2110,169,1,2
2110,170,1,2
2110,171,1,2
2110,172,1,2
2110,173,1,2
2110,174,1,2
2110,175,1,2
2110,176,1,2
2110,177,1,2
2110,178,1,2
2110,179,1,2
2110,180,1,2
2110,181,1,2
2110,182,1,2
2110,183,1,2
2110,184,1,2
2110,185,1,2
2110,186,1,2
2110,187,1,2
2110,188,1,2
2110,189,1,2
2110,190,1,2
2110,191,1,2
2110,192,1,2
2110,193,1,2
2110,194,1,2
2110,195,1,2
2110,196,1,2
2110,197,1,2
2110,198,1,2
2110,199,1,2
2110,200,1,2
2110,201,1,2
2110,202,1,2
2110,203,1,2
2110,204,1,2
2110,205,1,2
2110,206,1,2
2110,207,1,2
2110,208,1,2
2110,209,1,2
2110,210,1,2
2110,211,1,2
2110,212,1,2
2110,213,1,2
2110,214,1,2
2110,215,1,2
2110,216,1,2
2110,217,1,2
2110,218,1,2
2110,219,1,2
2110,220,1,2
2110,221,1,2
2110,222,1,2
2110,223,1,2
2110,224,1,2
2110,225,1,2
2110,226,1,2
2110,227,1,2
2110,228,1,2
2110,229,1,2
2110,230,1,2
2110,231,1,2
2110,232,1,2
2110,233,1,2
2110,234,1,2
2110,235,1,2
2110,236,1,2
2110,237,1,2
2110,238,1,2
2110,239,1,2
2110,240,1,2
2110,241,1,2
2110,242,1,2
2110,243,1,2
2110,244,1,2
2110,245,1,2
2110,246,1,2
2110,247,1,2
2110,248,1,2
2110,249,1,2
2110,250,1,2
2110,251,1,2
2110,252,1,2
2110,253,1,2
2110,254,1,2
2110,255,1,2
2110,256,1,2
2110,257,1,2
2110,258,1,2
2110,259,1,2
2110,260,1,2
2110,261,1,2
2110,262,1,2
2110,263,1,2
2110,264,1,2
2110,265,1,2
2110,266,1,2
2110,267,1,2
2110,268,1,2
2110,269,1,2
2110,270,1,2
2110,271,1,2
2110,272,1,2
2110,273,1,2
2110,274,1,2
2110,275,1,2
2110,276,1,2
2110,277,1,2
2110,278,1,2
2110,279,1,2
2110,280,1,2
2110,281,1,2
2110,282,1,2
2110,283,1,2
2110,284,1,2
2110,285,1,2
2110,286,1,2
2110,287,1,2
2110,288,1,2
2110,289,1,2
2110,290,1,2
2110,291,1,2
2110,292,1,2
2110,293,1,2
2110,294,1,2
2110,295,1,2
2110,296,1,2
2110,297,1,2
2110,298,1,2
2110,299,1,2
2110,300,1,2
2110,301,1,2
2110,302,1,2
2110,303,1,2
2110,304,1,2
2110,305,1,2
2110,306,1,2
2110,307,1,2
2110,308,1,2
2110,309,1,2
2110,310,1,2
2110,311,1,2
2110,312,1,2
2110,313,1,2
2110,314,1,2
2110,315,1,2
2110,316,1,2
2110,317,1,2
2110,318,1,2
2110,319,1,2
2110,320,1,2
2110,321,1,2
2110,322,1,2
2110,323,1,2
2110,324,1,2
2110,325,1,2
2110,326,1,2
2110,327,1,2
2110,328,1,2
2110,329,1,2
2110,330,1,2
2110,331,1,2
2110,332,1,2
2110,333,1,2
2110,334,1,2
2110,335,1,2
2110,336,1,2
2110,337,1,2
2110,338,1,2
2110,339,1,2
2110,340,1,2
2110,341,1,2
2110,342,1,2
2110,343,1,2
2110,344,1,2
2110,345,1,2
2110,346,1,2
2110,347,1,2
2110,348,1,2
2110,349,1,2
2110,350,1,2
2110,351,1,2
2110,352,1,2
2110,353,1,2
2110,354,1,2
2110,355,1,2
2110,356,1,2
2110,357,1,2
2110,358,1,2
2110,359,1,2
2110,360,1,2
2110,361,1,2
2110,362,1,2
2110,363,1,2
2110,364,1,2
2110,365,1,2
2110,366,1,2
2110,367,1,2
2110,368,1,2
2110,369,1,2
2110,370,1,2
2110,371,1,2
2110,372,1,2
2110,373,1,2
2110,374,1,2
2110,375,1,2
2110,376,1,2
2110,377,1,2
2110,378,1,2
2110,379,1,2
2110,380,1,2
2110,381,1,2
2110,382,1,2
2110,383,1,2
2110,384,1,2
2110,385,1,2
2110,386,1,2
2110,387,1,2
2110,388,1,2
2110,389,1,2
2110,390,1,2
2110,391,1,2
2110,392,1,2
2110,393,1,2
2110,394,1,2
2110,395,1,2
2110,396,1,2
2110,397,1,2
2110,398,1,2
2110,399,1,2
2110,400,1,2
2110,401,1,2
2110,402,1,2
2110,403,1,2
2110,404,1,2
2110,405,1,2
2110,406,1,2
2110,407,1,2
2110,408,1,2
2110,409,1,2
2110,410,1,2
2110,411,1,2
2110,412,1,2
2110,413,1,2
2110,414,1,2
2110,415,1,2
2110,416,1,2
2110,417,1,2
2110,418,1,2
2110,419,1,2
2110,420,1,2
2110,421,1,2
2110,422,1,2
2110,423,1,2
2110,424,1,2
2110,425,1,2
2110,426,1,2
2110,427,1,2
2110,428,1,2
2110,429,1,2
2110,430,1,2
2110,431,1,2
2110,432,1,2
2110,433,1,2
2110,434,1,2
2110,435,1,2
2110,436,1,2
2110,437,1,2
2110,438,1,2
2110,439,1,2
2110,440,1,2
2110,441,1,2
2110,442,1,2
2110,443,1,2
2110,444,1,2
2110,445,1,2
2110,446,1,2
2110,447,1,2
2110,448,1,2
2110,449,1,2
2110,450,1,2
2110,451,1,2
2110,452,1,2
2110,453,1,2
2110,454,1,2
2110,455,1,2
2110,456,1,2
2110,457,1,2
2110,458,1,2
2110,459,1,2
2110,460,1,2
2110,461,1,2
2110,462,1,2
2110,463,1,2
2110,464,1,2
2110,465,1,2
2110,466,1,2
2110,467,1,2
2110,468,1,2
2110,469,1,2
2110,470,1,2
2110,471,1,2
2110,472,1,2
2110,473,1,2
2110,474,1,2
2110,475,1,2
2110,476,1,2
2110,477,1,2
2110,478,1,2
2110,479,1,2
2110,480,1,2
2110,481,1,2
2110,482,1,2
2110,483,1,2
2110,484,1,2
2110,485,1,2
2110,486,1,2
2110,487,1,2
2110,488,1,2
2110,489,1,2
2110,490,1,2
2110,491,1,2
2110,492,1,2
2110,493,1,2
2110,494,1,2
2110,495,1,2
2110,496,1,2
2110,497,1,2
2110,498,1,2
2110,499,1,2
2110,500,1,2
2110,501,1,2
2110,502,1,2
2110,503,1,2
2110,504,1,2
2110,505,1,2
2110,506,1,2
2110,507,1,2
2110,508,1,2
2110,509,1,2
2110,510,1,2
2110,511,1,2
2110,512,1,2
2110,513,1,2
2110,514,1,2
2110,515,1,2
2110,516,1,2
2110,517,1,2
2110,518,1,2
2110,519,1,2
2110,520,1,2
2110,521,1,2
2110,522,1,2
2110,523,1,2
2110,524,1,2
2110,525,1,2
2110,526,1,2
2110,527,1,2
2110,528,1,2
2110,529,1,2
2110,530,1,2
2110,531,1,2
2110,532,1,2
2110,533,1,2
2110,534,1,2
2110,535,1,2
2110,536,1,2
2110,537,1,2
2110,538,1,2
2110,539,1,2
2110,540,1,2
2110,541,1,2
2110,542,1,2
2110,543,1,2
2110,544,1,2
2110,545,1,2
2110,546,1,2
2110,547,1,2
2110,548,1,2
2110,549,1,2
2110,550,1,2
2110,551,1,2
2110,552,1,2
2110,553,1,2
2110,554,1,2
2110,555,1,2
2110,556,1,2
2110,557,1,2
2110,558,1,2
2110,559,1,2
2110,560,1,2
2110,561,1,2
2110,562,1,2
2110,563,1,2
2110,564,1,2
2110,565,1,2
2110,566,1,2
2110,567,1,2
2110,568,1,2
2110,569,1,2
2110,570,1,2
2110,571,1,2
2110,572,1,2
2110,573,1,2
2110,574,1,2
2110,575,1,2
2110,576,1,2
2110,577,1,2
2110,578,1,2
2110,579,1,2
2110,580,1,2
2110,581,1,2
2110,582,1,2
2110,583,1,2
2110,584,1,2
2110,585,1,2
2110,586,1,2
2110,587,1,2
2110,588,1,3
2110,589,1,3
2110,590,1,3
2110,591,1,3
2110,592,1,3
2110,593,1,3
2110,594,1,3
2110,595,1,3
2110,596,1,3
2110,597,1,3
2110,598,1,3
2110,599,1,3
2110,600,1,3
2110,601,1,3
2110,602,1,3
2110,603,1,3
2110,604,1,3
2110,605,1,3
2110,606,1,3
2110,607,1,3
2110,608,1,3
2110,609,1,3
2110,610,1,3
2110,611,1,3
2110,612,1,3
2110,613,1,3
2110,614,1,3
2110,615,1,3
2110,616,1,3
2110,617,1,3
2110,618,1,3
2110,619,1,3
2110,620,1,3
2110,621,1,3
2110,622,1,3
2110,623,1,3
2110,624,1,3
2110,625,1,3
2110,626,1,2
2110,627,1,2
2110,628,1,2
2110,629,1,2
2110,630,1,2
2110,631,1,2
2110,632,1,2
2110,633,1,2
2110,634,1,2
2110,635,1,2
2110,636,1,2
2110,637,1,2
2110,638,1,2
2110,639,1,2
2110,640,1,2
2110,641,1,2
2110,642,1,2
2110,643,1,2
2110,644,1,2
2110,645,1,2
2111,150,1,2
2111,151,1,2
2111,152,1,2
2111,153,1,2
2111,154,1,2
2111,155,1,2
2111,156,1,2
2111,157,1,2
2111,158,1,2
2111,159,1,2
2111,160,1,2
2111,161,1,2
2111,162,1,2
2111,163,1,2
2111,164,1,2
2111,165,1,2
2111,166,1,2
2111,167,1,2
2111,168,1,2
2111,169,1,2
2111,170,1,2
2111,171,1,2
2111,172,1,2
2111,173,1,2
2111,174,1,2
2111,175,1,2
2111,176,1,2
2111,177,1,2
2111,178,1,2
2111,179,1,2
2111,180,1,2
2111,181,1,2
2111,182,1,2
2111,183,1,2
2111,184,1,2
2111,185,1,2
2111,186,1,2
2111,187,1,2
2111,188,1,2
2111,189,1,2
2111,190,1,2
2111,191,1,2
2111,192,1,2
2111,193,1,2
2111,194,1,2
2111,195,1,2
2111,196,1,2
2111,197,1,2
2111,198,1,2
2111,199,1,2
2111,200,1,2
2111,201,1,2
2111,202,1,2
2111,203,1,2
2111,204,1,2
2111,205,1,2
2111,206,1,2
2111,207,1,2
2111,208,1,2
2111,209,1,2
2111,210,1,2
2111,211,1,2
2111,212,1,2
2111,213,1,2
2111,214,1,2
2111,215,1,2
2111,216,1,2
2111,217,1,2
2111,218,1,2
2111,219,1,2
2111,220,1,2
2111,221,1,2
2111,222,1,2
2111,223,1,2
2111,224,1,2
2111,225,1,2
2111,226,1,2
2111,227,1,2
2111,228,1,2
2111,229,1,2
2111,230,1,2
2111,231,1,2
2111,232,1,2
2111,233,1,2
2111,234,1,2
2111,235,1,2
2111,236,1,2
2111,237,1,2
2111,238,1,2
2111,239,1,2
2111,240,1,2
2111,241,1,2
2111,242,1,2
2111,243,1,2
2111,244,1,2
2111,245,1,2
2111,246,1,2
2111,247,1,2
2111,248,1,2
2111,249,1,2
2111,250,1,2
2111,251,1,2
2111,252,1,2
2111,253,1,2
2111,254,1,2
2111,255,1,2
2111,256,1,2
2111,257,1,2
2111,258,1,2
2111,259,1,2
2111,260,1,2
2111,261,1,2
2111,262,1,2
2111,263,1,2
2111,264,1,2
2111,265,1,2
2111,266,1,2
2111,267,1,2
2111,268,1,2
2111,269,1,2
2111,270,1,2
2111,271,1,2
2111,272,1,2
2111,273,1,2
2111,274,1,2
2111,275,1,2
2111,276,1,2
2111,277,1,2
2111,278,1,2
2111,279,1,2
2111,280,1,2
2111,281,1,2
2111,282,1,2
2111,283,1,2
2111,284,1,2
2111,285,1,2
2111,286,1,2
2111,287,1,2
2111,288,1,2
2111,289,1,2
2111,290,1,2
2111,291,1,2
2111,292,1,2
2111,293,1,2
2111,294,1,2
2111,295,1,2
2111,296,1,2
2111,297,1,2
2111,298,1,2
2111,299,1,2
2111,300,1,2
2111,301,1,2
2111,302,1,2
2111,303,1,2
2111,304,1,2
2111,305,1,2
2111,306,1,2
2111,307,1,2
2111,308,1,2
2111,309,1,2
2111,310,1,2
2111,311,1,2
2111,312,1,2
2111,313,1,2
2111,314,1,2
2111,315,1,2
2111,316,1,2
2111,317,1,2
2111,318,1,2
2111,319,1,2
2111,320,1,2
2111,321,1,2
2111,322,1,2
2111,323,1,2
2111,324,1,2
2111,325,1,2
2111,326,1,2
2111,327,1,2
2111,328,1,2
2111,329,1,2
2111,330,1,2
2111,331,1,2
2111,332,1,2
2111,333,1,2
2111,334,1,2
2111,335,1,2
2111,336,1,2
2111,337,1,2
2111,338,1,2
2111,339,1,2
2111,340,1,2
2111,341,1,2
2111,342,1,2
2111,343,1,2
2111,344,1,2
2111,345,1,2
2111,346,1,2
2111,347,1,2
2111,348,1,2
2111,349,1,2
2111,350,1,2
2111,351,1,2
2111,352,1,2
2111,353,1,2
2111,354,1,2
2111,355,1,2
2111,356,1,2
2111,357,1,2
2111,358,1,2
2111,359,1,2
2111,360,1,2
2111,361,1,2
2111,362,1,2
2111,363,1,2
2111,364,1,2
2111,365,1,2
2111,366,1,2
2111,367,1,2
2111,368,1,2
2111,369,1,2
2111,370,1,2
2111,371,1,2
2111,372,1,2
2111,373,1,2
2111,374,1,2
2111,375,1,2
2111,376,1,2
2111,377,1,2
2111,378,1,2
2111,379,1,2
2111,380,1,2
2111,381,1,2
2111,382,1,2
2111,383,1,2
2111,384,1,2
2111,385,1,2
2111,386,1,2
2111,387,1,2
2111,388,1,2
2111,389,1,2
2111,390,1,2
2111,391,1,2
2111,392,1,2
2111,393,1,2
2111,394,1,2
2111,395,1,2
2111,396,1,2
2111,397,1,2
2111,398,1,2
2111,399,1,2
2111,400,1,2
2111,401,1,2
2111,402,1,2
2111,403,1,2
2111,404,1,2
2111,405,1,2
2111,406,1,2
2111,407,1,2
2111,408,1,2
2111,409,1,2
2111,410,1,2
2111,411,1,2
2111,412,1,2
2111,413,1,2
2111,414,1,2
2111,415,1,2
2111,416,1,2
2111,417,1,2
2111,418,1,2
2111,419,1,2
2111,420,1,2
2111,421,1,2
2111,422,1,2
2111,423,1,2
2111,424,1,2
2111,425,1,2
2111,426,1,2
2111,427,1,2
2111,428,1,2
2111,429,1,2
2111,430,1,2
2111,431,1,2
2111,432,1,2
2111,433,1,2
2111,434,1,2
2111,435,1,2
2111,436,1,2
2111,437,1,2
2111,438,1,2
2111,439,1,2
2111,440,1,2
2111,441,1,2
2111,442,1,2
2111,443,1,2
2111,444,1,2
2111,445,1,2
2111,446,1,2
2111,447,1,2
2111,448,1,2
2111,449,1,2
2111,450,1,2
2111,451,1,2
2111,452,1,2
2111,453,1,2
2111,454,1,2
2111,455,1,2
2111,456,1,2
2111,457,1,2
2111,458,1,2
2111,459,1,2
2111,460,1,2
2111,461,1,2
2111,462,1,2
2111,463,1,2
2111,464,1,2
2111,465,1,2
2111,466,1,2
2111,467,1,2
2111,468,1,2
2111,469,1,2
2111,470,1,2
2111,471,1,2
2111,472,1,2
2111,473,1,2
2111,474,1,2
2111,475,1,2
2111,476,1,2
2111,477,1,2
2111,478,1,2
2111,479,1,2
2111,480,1,2
2111,481,1,2
2111,482,1,2
2111,483,1,2
2111,484,1,2
2111,485,1,2
2111,486,1,2
2111,487,1,2
2111,488,1,2
2111,489,1,2
2111,490,1,2
2111,491,1,2
2111,492,1,2
2111,493,1,2
2111,494,1,2
2111,495,1,2
2111,496,1,2
2111,497,1,2
2111,498,1,2
2111,499,1,2
2111,500,1,2
2111,501,1,2
2111,502,1,2
2111,503,1,2
2111,504,1,2
2111,505,1,2
2111,506,1,2
2111,507,1,2
2111,508,1,2
2111,509,1,2
2111,510,1,2
2111,511,1,2
2111,512,1,2
2111,513,1,2
2111,514,1,2
2111,515,1,2
2111,516,1,2
2111,517,1,2
2111,518,1,2
2111,519,1,2
2111,520,1,2
2111,521,1,2
2111,522,1,2
2111,523,1,2
2111,524,1,2
2111,525,1,2
2111,526,1,2
2111,527,1,2
2111,528,1,2
2111,529,1,2
2111,530,1,2
2111,531,1,2
2111,532,1,2
2111,533,1,2
2111,534,1,2
2111,535,1,2
2111,536,1,2
2111,537,1,2
2111,538,1,2
2111,539,1,2
2111,540,1,2
2111,541,1,2
2111,542,1,2
2111,543,1,2
2111,544,1,2
2111,545,1,2
2111,546,1,2
2111,547,1,2
2111,548,1,2
2111,549,1,2
2111,550,1,2
2111,551,1,2
2111,552,1,2
2111,553,1,2
2111,554,1,2
2111,555,1,2
2111,556,1,2
2111,557,1,2
2111,558,1,2
2111,559,1,2
2111,560,1,2
2111,561,1,2
2111,562,1,2
2111,563,1,2
2111,564,1,2
2111,565,1,2
2111,566,1,2
2111,567,1,2
2111,568,1,2
2111,569,1,2
2111,570,1,2
2111,571,1,2
2111,572,1,2
2111,573,1,2
2111,574,1,2
2111,575,1,2
2111,576,1,2
2111,577,1,2
2111,578,1,2
2111,579,1,2
2111,580,1,2
2111,581,1,2
2111,582,1,2
2111,583,1,2
2111,584,1,2
2111,585,1,2
2111,586,1,2
2111,587,1,2
2111,588,1,2
2111,589,1,3
2111,590,1,3
2111,591,1,3
2111,592,1,3
2111,593,1,3
2111,594,1,3
2111,595,1,3
2111,596,1,3
2111,597,1,3
2111,598,1,3
2111,599,1,3
2111,600,1,3
2111,601,1,3
2111,602,1,3
2111,603,1,3
2111,604,1,3
2111,605,1,3
2111,606,1,3
2111,607,1,3
2111,608,1,3
2111,609,1,3
2111,610,1,3
2111,611,1,3
2111,612,1,3
2111,613,1,3
2111,614,1,3
2111,615,1,3
2111,616,1,3
2111,617,1,3
2111,618,1,3
2111,619,1,3
2111,620,1,3
2111,621,1,3
2111,622,1,3
2111,623,1,3
2111,624,1,3
2111,625,1,2
2111,626,1,3
2111,627,1,2
2111,628,1,2
2111,629,1,2
2111,630,1,2
2111,631,1,2
2111,632,1,2
2111,633,1,2
2111,634,1,2
2111,635,1,2
2111,636,1,2
2111,637,1,2
2111,638,1,2
2111,639,1,2
2111,640,1,2
2111,641,1,2
2111,642,1,2
2111,643,1,2
2111,644,1,2
2111,645,1,2
2112,150,1,2
2112,151,1,2
2112,152,1,2
2112,153,1,2
2112,154,1,2
2112,155,1,2
2112,156,1,2
2112,157,1,2
2112,158,1,2
2112,159,1,2
2112,160,1,2
2112,161,1,2
2112,162,1,2
2112,163,1,2
2112,164,1,2
2112,165,1,2
2112,166,1,2
2112,167,1,2
2112,168,1,2
2112,169,1,2
2112,170,1,2
2112,171,1,2
2112,172,1,2
2112,173,1,2
2112,174,1,2
2112,175,1,2
2112,176,1,2
2112,177,1,2
2112,178,1,2
2112,179,1,2
2112,180,1,2
2112,181,1,2
2112,182,1,2
2112,183,1,2
2112,184,1,2
2112,185,1,2
2112,186,1,2
2112,187,1,2
2112,188,1,2
2112,189,1,2
2112,190,1,2
2112,191,1,2
2112,192,1,2
2112,193,1,2
2112,194,1,2
2112,195,1,2
2112,196,1,2
2112,197,1,2
2112,198,1,2
2112,199,1,2
2112,200,1,2
2112,201,1,2
2112,202,1,2
2112,203,1,2
2112,204,1,2
2112,205,1,2
2112,206,1,2
2112,207,1,2
2112,208,1,2
2112,209,1,2
2112,210,1,2
2112,211,1,2
2112,212,1,2
2112,213,1,2
2112,214,1,2
2112,215,1,2
2112,216,1,2
2112,217,1,2
2112,218,1,2
2112,219,1,2
2112,220,1,2
2112,221,1,2
2112,222,1,2
2112,223,1,2
2112,224,1,2
2112,225,1,2
2112,226,1,2
2112,227,1,2
2112,228,1,2
2112,229,1,2
2112,230,1,2
2112,231,1,2
2112,232,1,2
2112,233,1,2
2112,234,1,2
2112,235,1,2
2112,236,1,2
2112,237,1,2
2112,238,1,2
2112,239,1,2
2112,240,1,2
2112,241,1,2
2112,242,1,2
2112,243,1,2
2112,244,1,2
2112,245,1,2
2112,246,1,2
2112,247,1,2
2112,248,1,2
2112,249,1,2
2112,250,1,2
2112,251,1,2
2112,252,1,2
2112,253,1,2
2112,254,1,2
2112,255,1,2
2112,256,1,2
2112,257,1,2
2112,258,1,2
2112,259,1,2
2112,260,1,2
2112,261,1,2
2112,262,1,2
2112,263,1,2
2112,264,1,2
2112,265,1,2
2112,266,1,2
2112,267,1,2
2112,268,1,2
2112,269,1,2
2112,270,1,2
2112,271,1,2
2112,272,1,2
2112,273,1,2
2112,274,1,2
2112,275,1,2
2112,276,1,2
2112,277,1,2
2112,278,1,2
2112,279,1,2
2112,280,1,2
2112,281,1,2
2112,282,1,2
2112,283,1,2
2112,284,1,2
2112,285,1,2
2112,286,1,2
2112,287,1,2
2112,288,1,2
2112,289,1,2
2112,290,1,2
2112,291,1,2
2112,292,1,2
2112,293,1,2
2112,294,1,2
2112,295,1,2
2112,296,1,2
2112,297,1,2
2112,298,1,2
2112,299,1,2
2112,300,1,2
2112,301,1,2
2112,302,1,2
2112,303,1,2
2112,304,1,2
2112,305,1,2
2112,306,1,2
2112,307,1,2
2112,308,1,2
2112,309,1,2
2112,310,1,2
2112,311,1,2
2112,312,1,2
2112,313,1,2
2112,314,1,2
2112,315,1,2
2112,316,1,2
2112,317,1,2
2112,318,1,2
2112,319,1,2
2112,320,1,2
2112,321,1,2
2112,322,1,2
2112,323,1,2
2112,324,1,2
2112,325,1,2
2112,326,1,2
2112,327,1,2
2112,328,1,2
2112,329,1,2
2112,330,1,2
2112,331,1,2
2112,332,1,2
2112,333,1,2
2112,334,1,2
2112,335,1,2
2112,336,1,2
2112,337,1,2
2112,338,1,2
2112,339,1,2
2112,340,1,2
2112,341,1,2
2112,342,1,2
2112,343,1,2
2112,344,1,2
2112,345,1,2
2112,346,1,2
2112,347,1,2
2112,348,1,2
2112,349,1,2
2112,350,1,2
2112,351,1,2
2112,352,1,2
2112,353,1,2
2112,354,1,2
2112,355,1,2
2112,356,1,2
2112,357,1,2
2112,358,1,2
2112,359,1,2
2112,360,1,2
2112,361,1,2
2112,362,1,2
2112,363,1,2
2112,364,1,2
2112,365,1,2
2112,366,1,2
2112,367,1,2
2112,368,1,2
2112,369,1,2
2112,370,1,2
2112,371,1,2
2112,372,1,2
2112,373,1,2
2112,374,1,2
2112,375,1,2
2112,376,1,2
2112,377,1,2
2112,378,1,2
2112,379,1,2
2112,380,1,2
2112,381,1,2
2112,382,1,2
2112,383,1,2
2112,384,1,2
2112,385,1,2
2112,386,1,2
2112,387,1,2
2112,388,1,2
2112,389,1,2
2112,390,1,2
2112,391,1,2
2112,392,1,2
2112,393,1,2
2112,394,1,2
2112,395,1,2
2112,396,1,2
2112,397,1,2
2112,398,1,2
2112,399,1,2
2112,400,1,2
2112,401,1,2
2112,402,1,2
2112,403,1,2
2112,404,1,2
2112,405,1,2
2112,406,1,2
2112,407,1,2
2112,408,1,2
2112,409,1,2
2112,410,1,2
2112,411,1,2
2112,412,1,2
2112,413,1,2
2112,414,1,2
2112,415,1,2
2112,416,1,2
2112,417,1,2
2112,418,1,2
2112,419,1,2
2112,420,1,2
2112,421,1,2
2112,422,1,2
2112,423,1,2
2112,424,1,2
2112,425,1,2
2112,426,1,2
2112,427,1,2
2112,428,1,2
2112,429,1,2
2112,430,1,2
2112,431,1,2
2112,432,1,2
2112,433,1,2
2112,434,1,2
2112,435,1,2
2112,436,1,2
2112,437,1,2
2112,438,1,2
2112,439,1,2
2112,440,1,2
2112,441,1,2
2112,442,1,2
2112,443,1,2
2112,444,1,2
2112,445,1,2
2112,446,1,2
2112,447,1,2
2112,448,1,2
2112,449,1,2
2112,450,1,2
2112,451,1,2
2112,452,1,2
2112,453,1,2
2112,454,1,2
2112,455,1,2
2112,456,1,2
2112,457,1,2
2112,458,1,2
2112,459,1,2
2112,460,1,2
2112,461,1,2
2112,462,1,2
2112,463,1,2
2112,464,1,2
2112,465,1,2
2112,466,1,2
2112,467,1,2
2112,468,1,2
2112,469,1,2
2112,470,1,2
2112,471,1,2
2112,472,1,2
2112,473,1,2
2112,474,1,2
2112,475,1,2
2112,476,1,2
2112,477,1,2
2112,478,1,2
2112,479,1,2
2112,480,1,2
2112,481,1,2
2112,482,1,2
2112,483,1,2
2112,484,1,2
2112,485,1,2
2112,486,1,2
2112,487,1,2
2112,488,1,2
2112,489,1,2
2112,490,1,2
2112,491,1,2
2112,492,1,2
2112,493,1,2
2112,494,1,2
2112,495,1,2
2112,496,1,2
2112,497,1,2
2112,498,1,2
2112,499,1,2
2112,500,1,2
2112,501,1,2
2112,502,1,2
2112,503,1,2
2112,504,1,2
2112,505,1,2
2112,506,1,2
2112,507,1,2
2112,508,1,2
2112,509,1,2
2112,510,1,2
2112,511,1,2
2112,512,1,2
2112,513,1,2
2112,514,1,2
2112,515,1,2
2112,516,1,2
2112,517,1,2
2112,518,1,2
2112,519,1,2
2112,520,1,2
2112,521,1,2
2112,522,1,2
2112,523,1,2
2112,524,1,2
2112,525,1,2
2112,526,1,2
2112,527,1,2
2112,528,1,2
2112,529,1,2
2112,530,1,2
2112,531,1,2
2112,532,1,2
2112,533,1,2
2112,534,1,2
2112,535,1,2
2112,536,1,2
2112,537,1,2
2112,538,1,2
2112,539,1,2
2112,540,1,2
2112,541,1,2
2112,542,1,2
2112,543,1,2
2112,544,1,2
2112,545,1,2
2112,546,1,2
2112,547,1,2
2112,548,1,2
2112,549,1,2
2112,550,1,2
2112,551,1,2
2112,552,1,2
2112,553,1,2
2112,554,1,2
2112,555,1,2
2112,556,1,2
2112,557,1,2
2112,558,1,2
2112,559,1,2
2112,560,1,2
2112,561,1,2
2112,562,1,2
2112,563,1,2
2112,564,1,2
2112,565,1,2
2112,566,1,2
2112,567,1,2
2112,568,1,2
2112,569,1,2
2112,570,1,2
2112,571,1,2
2112,572,1,2
2112,573,1,2
2112,574,1,2
2112,575,1,2
2112,576,1,2
2112,577,1,2
2112,578,1,2
2112,579,1,2
2112,580,1,2
2112,581,1,2
2112,582,1,2
2112,583,1,2
2112,584,1,2
2112,585,1,2
2112,586,1,2
2112,587,1,2
2112,588,1,2
2112,589,1,2
2112,590,1,3
2112,591,1,3
2112,592,1,3
2112,593,1,3
2112,594,1,3
2112,595,1,3
2112,596,1,3
2112,597,1,3
2112,598,1,3
2112,599,1,3
2112,600,1,3
2112,601,1,3
2112,602,1,3
2112,603,1,3
2112,604,1,3
2112,605,1,3
2112,606,1,3
2112,607,1,3
2112,608,1,3
2112,609,1,3
2112,610,1,3
2112,611,1,3
2112,612,1,3
2112,613,1,3
2112,614,1,3
2112,615,1,3
2112,616,1,3
2112,617,1,3
2112,618,1,3
2112,619,1,3
2112,620,1,3
2112,621,1,3
2112,622,1,3
2112,623,1,2
2112,624,1,2
2112,625,1,2
2112,626,1,2
2112,627,1,2
2112,628,1,2
2112,629,1,2
2112,630,1,2
2112,631,1,2
2112,632,1,2
2112,633,1,2
2112,634,1,2
2112,635,1,2
2112,636,1,2
2112,637,1,2
2112,638,1,2
2112,639,1,2
2112,640,1,2
2112,641,1,2
2112,642,1,2
2112,643,1,2
2112,644,1,2
2112,645,1,2
2112,646,1,2
2113,150,1,2
2113,151,1,2
2113,152,1,2
2113,153,1,2
2113,154,1,2
2113,155,1,2
2113,156,1,2
2113,157,1,2
2113,158,1,2
2113,159,1,2
2113,160,1,2
2113,161,1,2
2113,162,1,2
2113,163,1,2
2113,164,1,2
2113,165,1,2
2113,166,1,2
2113,167,1,2
2113,168,1,2
2113,169,1,2
2113,170,1,2
2113,171,1,2
2113,172,1,2
2113,173,1,2
2113,174,1,2
2113,175,1,2
2113,176,1,2
2113,177,1,2
2113,178,1,2
2113,179,1,2
2113,180,1,2
2113,181,1,2
2113,182,1,2
2113,183,1,2
2113,184,1,2
2113,185,1,2
2113,186,1,2
2113,187,1,2
2113,188,1,2
2113,189,1,2
2113,190,1,2
2113,191,1,2
2113,192,1,2
2113,193,1,2
2113,194,1,2
2113,195,1,2
2113,196,1,2
2113,197,1,2
2113,198,1,2
2113,199,1,2
2113,200,1,2
2113,201,1,2
2113,202,1,2
2113,203,1,2
2113,204,1,2
2113,205,1,2
2113,206,1,2
2113,207,1,2
2113,208,1,2
2113,209,1,2
2113,210,1,2
2113,211,1,2
2113,212,1,2
2113,213,1,2
2113,214,1,2
2113,215,1,2
2113,216,1,2
2113,217,1,2
2113,218,1,2
2113,219,1,2
2113,220,1,2
2113,221,1,2
2113,222,1,2
2113,223,1,2
2113,224,1,2
2113,225,1,2
2113,226,1,2
2113,227,1,2
2113,228,1,2
2113,229,1,2
2113,230,1,2
2113,231,1,2
2113,232,1,2
2113,233,1,2
2113,234,1,2
2113,235,1,2
2113,236,1,2
2113,237,1,2
2113,238,1,2
2113,239,1,2
2113,240,1,2
2113,241,1,2
2113,242,1,2
2113,243,1,2
2113,244,1,2
2113,245,1,2
2113,246,1,2
2113,247,1,2
2113,248,1,2
2113,249,1,2
2113,250,1,2
2113,251,1,2
2113,252,1,2
2113,253,1,2
2113,254,1,2
2113,255,1,2
2113,256,1,2
2113,257,1,2
2113,258,1,2
2113,259,1,2
2113,260,1,2
2113,261,1,2
2113,262,1,2
2113,263,1,2
2113,264,1,2
2113,265,1,2
2113,266,1,2
2113,267,1,2
2113,268,1,2
2113,269,1,2
2113,270,1,2
2113,271,1,2
2113,272,1,2
2113,273,1,2
2113,274,1,2
2113,275,1,2
2113,276,1,2
2113,277,1,2
2113,278,1,2
2113,279,1,2
2113,280,1,2
2113,281,1,2
2113,282,1,2
2113,283,1,2
2113,284,1,2
2113,285,1,2
2113,286,1,2
2113,287,1,2
2113,288,1,2
2113,289,1,2
2113,290,1,2
2113,291,1,2
2113,292,1,2
2113,293,1,2
2113,294,1,2
2113,295,1,2
2113,296,1,2
2113,297,1,2
2113,298,1,2
2113,299,1,2
2113,300,1,2
2113,301,1,2
2113,302,1,2
2113,303,1,2
2113,304,1,2
2113,305,1,2
2113,306,1,2
2113,307,1,2
2113,308,1,2
2113,309,1,2
2113,310,1,2
2113,311,1,2
2113,312,1,2
2113,313,1,2
2113,314,1,2
2113,315,1,2
2113,316,1,2
2113,317,1,2
2113,318,1,2
2113,319,1,2
2113,320,1,2
2113,321,1,2
2113,322,1,2
2113,323,1,2
2113,324,1,2
2113,325,1,2
2113,326,1,2
2113,327,1,2
2113,328,1,2
2113,329,1,2
2113,330,1,2
2113,331,1,2
2113,332,1,2
2113,333,1,2
2113,334,1,2
2113,335,1,2
2113,336,1,2
2113,337,1,2
2113,338,1,2
2113,339,1,2
2113,340,1,2
2113,341,1,2
2113,342,1,2
2113,343,1,2
2113,344,1,2
2113,345,1,2
2113,346,1,2
2113,347,1,2
2113,348,1,2
2113,349,1,2
2113,350,1,2
2113,351,1,2
2113,352,1,2
2113,353,1,2
2113,354,1,2
2113,355,1,2
2113,356,1,2
2113,357,1,2
2113,358,1,2
2113,359,1,2
2113,360,1,2
2113,361,1,2
2113,362,1,2
2113,363,1,2
2113,364,1,2
2113,365,1,2
2113,366,1,2
2113,367,1,2
2113,368,1,2
2113,369,1,2
2113,370,1,2
2113,371,1,2
2113,372,1,2
2113,373,1,2
2113,374,1,2
2113,375,1,2
2113,376,1,2
2113,377,1,2
2113,378,1,2
2113,379,1,2
2113,380,1,2
2113,381,1,2
2113,382,1,2
2113,383,1,2
2113,384,1,2
2113,385,1,2
2113,386,1,2
2113,387,1,2
2113,388,1,2
2113,389,1,2
2113,390,1,2
2113,391,1,2
2113,392,1,2
2113,393,1,2
2113,394,1,2
2113,395,1,2
2113,396,1,2
2113,397,1,2
2113,398,1,2
2113,399,1,2
2113,400,1,2
2113,401,1,2
2113,402,1,2
2113,403,1,2
2113,404,1,2
2113,405,1,2
2113,406,1,2
2113,407,1,2
2113,408,1,2
2113,409,1,2
2113,410,1,2
2113,411,1,2
2113,412,1,2
2113,413,1,2
2113,414,1,2
2113,415,1,2
2113,416,1,2
2113,417,1,2
2113,418,1,2
2113,419,1,2
2113,420,1,2
2113,421,1,2
2113,422,1,2
2113,423,1,2
2113,424,1,2
2113,425,1,2
2113,426,1,2
2113,427,1,2
2113,428,1,2
2113,429,1,2
2113,430,1,2
2113,431,1,2
2113,432,1,2
2113,433,1,2
2113,434,1,2
2113,435,1,2
2113,436,1,2
2113,437,1,2
2113,438,1,2
2113,439,1,2
2113,440,1,2
2113,441,1,2
2113,442,1,2
2113,443,1,2
2113,444,1,2
2113,445,1,2
2113,446,1,2
2113,447,1,2
2113,448,1,2
2113,449,1,2
2113,450,1,2
2113,451,1,2
2113,452,1,2
2113,453,1,2
2113,454,1,2
2113,455,1,2
2113,456,1,2
2113,457,1,2
2113,458,1,2
2113,459,1,2
2113,460,1,2
2113,461,1,2
2113,462,1,2
2113,463,1,2
2113,464,1,2
2113,465,1,2
2113,466,1,2
2113,467,1,2
2113,468,1,2
2113,469,1,2
2113,470,1,2
2113,471,1,2
2113,472,1,2
2113,473,1,2
2113,474,1,2
2113,475,1,2
2113,476,1,2
2113,477,1,2
2113,478,1,2
2113,479,1,2
2113,480,1,2
2113,481,1,2
2113,482,1,2
2113,483,1,2
2113,484,1,2
2113,485,1,2
2113,486,1,2
2113,487,1,2
2113,488,1,2
2113,489,1,2
2113,490,1,2
2113,491,1,2
2113,492,1,2
2113,493,1,2
2113,494,1,2
2113,495,1,2
2113,496,1,2
2113,497,1,2
2113,498,1,2
2113,499,1,2
2113,500,1,2
2113,501,1,2
2113,502,1,2
2113,503,1,2
2113,504,1,2
2113,505,1,2
2113,506,1,2
2113,507,1,2
2113,508,1,2
2113,509,1,2
2113,510,1,2
2113,511,1,2
2113,512,1,2
2113,513,1,2
2113,514,1,2
2113,515,1,2
2113,516,1,2
2113,517,1,2
2113,518,1,2
2113,519,1,2
2113,520,1,2
2113,521,1,2
2113,522,1,2
2113,523,1,2
2113,524,1,2
2113,525,1,2
2113,526,1,2
2113,527,1,2
2113,528,1,2
2113,529,1,2
2113,530,1,2
2113,531,1,2
2113,532,1,2
2113,533,1,2
2113,534,1,2
2113,535,1,2
2113,536,1,2
2113,537,1,2
2113,538,1,2
2113,539,1,2
2113,540,1,2
2113,541,1,2
2113,542,1,2
2113,543,1,2
2113,544,1,2
2113,545,1,2
2113,546,1,2
2113,547,1,2
2113,548,1,2
2113,549,1,2
2113,550,1,2
2113,551,1,2
2113,552,1,2
2113,553,1,2
2113,554,1,2
2113,555,1,2
2113,556,1,2
2113,557,1,2
2113,558,1,2
2113,559,1,2
2113,560,1,2
2113,561,1,2
2113,562,1,2
2113,563,1,2
2113,564,1,2
2113,565,1,2
2113,566,1,2
2113,567,1,2
2113,568,1,2
2113,569,1,2
2113,570,1,2
2113,571,1,2
2113,572,1,2
2113,573,1,2
2113,574,1,2
2113,575,1,2
2113,576,1,2
2113,577,1,2
2113,578,1,2
2113,579,1,2
2113,580,1,2
2113,581,1,2
2113,582,1,2
2113,583,1,2
2113,584,1,2
2113,585,1,2
2113,586,1,2
2113,587,1,2
2113,588,1,2
2113,589,1,2
2113,590,1,2
2113,591,1,2
2113,592,1,3
2113,593,1,3
2113,594,1,3
2113,595,1,3
2113,596,1,3
2113,597,1,3
2113,598,1,3
2113,599,1,3
2113,600,1,3
2113,601,1,3
2113,602,1,3
2113,603,1,3
2113,604,1,3
2113,605,1,3
2113,606,1,3
2113,607,1,3
2113,608,1,3
2113,609,1,3
2113,610,1,3
2113,611,1,3
2113,612,1,3
2113,613,1,3
2113,614,1,3
2113,615,1,3
2113,616,1,3
2113,617,1,3
2113,618,1,3
2113,619,1,3
2113,620,1,2
2113,621,1,2
2113,622,1,2
2113,623,1,2
2113,624,1,2
2113,625,1,2
2113,626,1,2
2113,627,1,2
2113,628,1,2
2113,629,1,2
2113,630,1,2
2113,631,1,2
2113,632,1,2
2113,633,1,2
2113,634,1,2
2113,635,1,2
2113,636,1,2
2113,637,1,2
2113,638,1,2
2113,639,1,2
2113,640,1,2
2113,641,1,2
2113,642,1,2
2113,643,1,2
2113,644,1,2
2113,645,1,2
2114,150,1,2
2114,151,1,2
2114,152,1,2
2114,153,1,2
2114,154,1,2
2114,155,1,2
2114,156,1,2
2114,157,1,2
2114,158,1,2
2114,159,1,2
2114,160,1,2
2114,161,1,2
2114,162,1,2
2114,163,1,2
2114,164,1,2
2114,165,1,2
2114,166,1,2
2114,167,1,2
2114,168,1,2
2114,169,1,2
2114,170,1,2
2114,171,1,2
2114,172,1,2
2114,173,1,2
2114,174,1,2
2114,175,1,2
2114,176,1,2
2114,177,1,2
2114,178,1,2
2114,179,1,2
2114,180,1,2
2114,181,1,2
2114,182,1,2
2114,183,1,2
2114,184,1,2
2114,185,1,2
2114,186,1,2
2114,187,1,2
2114,188,1,2
2114,189,1,2
2114,190,1,2
2114,191,1,2
2114,192,1,2
2114,193,1,2
2114,194,1,2
2114,195,1,2
2114,196,1,2
2114,197,1,2
2114,198,1,2
2114,199,1,2
2114,200,1,2
2114,201,1,2
2114,202,1,2
2114,203,1,2
2114,204,1,2
2114,205,1,2
2114,206,1,2
2114,207,1,2
2114,208,1,2
2114,209,1,2
2114,210,1,2
2114,211,1,2
2114,212,1,2
2114,213,1,2
2114,214,1,2
2114,215,1,2
2114,216,1,2
2114,217,1,2
2114,218,1,2
2114,219,1,2
2114,220,1,2
2114,221,1,2
2114,222,1,2
2114,223,1,2
2114,224,1,2
2114,225,1,2
2114,226,1,2
2114,227,1,2
2114,228,1,2
2114,229,1,2
2114,230,1,2
2114,231,1,2
2114,232,1,2
2114,233,1,2
2114,234,1,2
2114,235,1,2
2114,236,1,2
2114,237,1,2
2114,238,1,2
2114,239,1,2
2114,240,1,2
2114,241,1,2
2114,242,1,2
2114,243,1,2
2114,244,1,2
2114,245,1,2
2114,246,1,2
2114,247,1,2
2114,248,1,2
2114,249,1,2
2114,250,1,2
2114,251,1,2
2114,252,1,2
2114,253,1,2
2114,254,1,2
2114,255,1,2
2114,256,1,2
2114,257,1,2
2114,258,1,2
2114,259,1,2
2114,260,1,2
2114,261,1,2
2114,262,1,2
2114,263,1,2
2114,264,1,2
2114,265,1,2
2114,266,1,2
2114,267,1,2
2114,268,1,2
2114,269,1,2
2114,270,1,2
2114,271,1,2
2114,272,1,2
2114,273,1,2
2114,274,1,2
2114,275,1,2
2114,276,1,2
2114,277,1,2
2114,278,1,2
2114,279,1,2
2114,280,1,2
2114,281,1,2
2114,282,1,2
2114,283,1,2
2114,284,1,2
2114,285,1,2
2114,286,1,2
2114,287,1,2
2114,288,1,2
2114,289,1,2
2114,290,1,2
2114,291,1,2
2114,292,1,2
2114,293,1,2
2114,294,1,2
2114,295,1,2
2114,296,1,2
2114,297,1,2
2114,298,1,2
2114,299,1,2
2114,300,1,2
2114,301,1,2
2114,302,1,2
2114,303,1,2
2114,304,1,2
2114,305,1,2
2114,306,1,2
2114,307,1,2
2114,308,1,2
2114,309,1,2
2114,310,1,2
2114,311,1,2
2114,312,1,2
2114,313,1,2
2114,314,1,2
2114,315,1,2
2114,316,1,2
2114,317,1,2
2114,318,1,2
2114,319,1,2
2114,320,1,2
2114,321,1,2
2114,322,1,2
2114,323,1,2
2114,324,1,2
2114,325,1,2
2114,326,1,2
2114,327,1,2
2114,328,1,2
2114,329,1,2
2114,330,1,2
2114,331,1,2
2114,332,1,2
2114,333,1,2
2114,334,1,2
2114,335,1,2
2114,336,1,2
2114,337,1,2
2114,338,1,2
2114,339,1,2
2114,340,1,2
2114,341,1,2
2114,342,1,2
2114,343,1,2
2114,344,1,2
2114,345,1,2
2114,346,1,2
2114,347,1,2
2114,348,1,2
2114,349,1,2
2114,350,1,2
2114,351,1,2
2114,352,1,2
2114,353,1,2
2114,354,1,2
2114,355,1,2
2114,356,1,2
2114,357,1,2
2114,358,1,2
2114,359,1,2
2114,360,1,2
2114,361,1,2
2114,362,1,2
2114,363,1,2
2114,364,1,2
2114,365,1,2
2114,366,1,2
2114,367,1,2
2114,368,1,2
2114,369,1,2
2114,370,1,2
2114,371,1,2
2114,372,1,2
2114,373,1,2
2114,374,1,2
2114,375,1,2
2114,376,1,2
2114,377,1,2
2114,378,1,2
2114,379,1,2
2114,380,1,2
2114,381,1,2
2114,382,1,2
2114,383,1,2
2114,384,1,2
2114,385,1,2
2114,386,1,2
2114,387,1,2
2114,388,1,2
2114,389,1,2
2114,390,1,2
2114,391,1,2
2114,392,1,2
2114,393,1,2
2114,394,1,2
2114,395,1,2
2114,396,1,2
2114,397,1,2
2114,398,1,2
2114,399,1,2
2114,400,1,2
2114,401,1,2
2114,402,1,2
2114,403,1,2
2114,404,1,2
2114,405,1,2
2114,406,1,2
2114,407,1,2
2114,408,1,2
2114,409,1,2
2114,410,1,2
2114,411,1,2
2114,412,1,2
2114,413,1,2
2114,414,1,2
2114,415,1,2
2114,416,1,2
2114,417,1,2
2114,418,1,2
2114,419,1,2
2114,420,1,2
2114,421,1,2
2114,422,1,2
2114,423,1,2
2114,424,1,2
2114,425,1,2
2114,426,1,2
2114,427,1,2
2114,428,1,2
2114,429,1,2
2114,430,1,2
2114,431,1,2
2114,432,1,2
2114,433,1,2
2114,434,1,2
2114,435,1,2
2114,436,1,2
2114,437,1,2
2114,438,1,2
2114,439,1,2
2114,440,1,2
2114,441,1,2
2114,442,1,2
2114,443,1,2
2114,444,1,2
2114,445,1,2
2114,446,1,2
2114,447,1,2
2114,448,1,2
2114,449,1,2
2114,450,1,2
2114,451,1,2
2114,452,1,2
2114,453,1,2
2114,454,1,2
2114,455,1,2
2114,456,1,2
2114,457,1,2
2114,458,1,2
2114,459,1,2
2114,460,1,2
2114,461,1,2
2114,462,1,2
2114,463,1,2
2114,464,1,2
2114,465,1,2
2114,466,1,2
2114,467,1,2
2114,468,1,2
2114,469,1,2
2114,470,1,2
2114,471,1,2
2114,472,1,2
2114,473,1,2
2114,474,1,2
2114,475,1,2
2114,476,1,2
2114,477,1,2
2114,478,1,2
2114,479,1,2
2114,480,1,2
2114,481,1,2
2114,482,1,2
2114,483,1,2
2114,484,1,2
2114,485,1,2
2114,486,1,2
2114,487,1,2
2114,488,1,2
2114,489,1,2
2114,490,1,2
2114,491,1,2
2114,492,1,2
2114,493,1,2
2114,494,1,2
2114,495,1,2
2114,496,1,2
2114,497,1,2
2114,498,1,2
2114,499,1,2
2114,500,1,2
2114,501,1,2
2114,502,1,2
2114,503,1,2
2114,504,1,2
2114,505,1,2
2114,506,1,2
2114,507,1,2
2114,508,1,2
2114,509,1,2
2114,510,1,2
2114,511,1,2
2114,512,1,2
2114,513,1,2
2114,514,1,2
2114,515,1,2
2114,516,1,2
2114,517,1,2
2114,518,1,2
2114,519,1,2
2114,520,1,2
2114,521,1,2
2114,522,1,2
2114,523,1,2
2114,524,1,2
2114,525,1,2
2114,526,1,2
2114,527,1,2
2114,528,1,2
2114,529,1,2
2114,530,1,2
2114,531,1,2
2114,532,1,2
2114,533,1,2
2114,534,1,2
2114,535,1,2
2114,536,1,2
2114,537,1,2
2114,538,1,2
2114,539,1,2
2114,540,1,2
2114,541,1,2
2114,542,1,2
2114,543,1,2
2114,544,1,2
2114,545,1,2
2114,546,1,2
2114,547,1,2
2114,548,1,2
2114,549,1,2
2114,550,1,2
2114,551,1,2
2114,552,1,2
2114,553,1,2
2114,554,1,2
2114,555,1,2
2114,556,1,2
2114,557,1,2
2114,558,1,2
2114,559,1,2
2114,560,1,2
2114,561,1,2
2114,562,1,2
2114,563,1,2
2114,564,1,2
2114,565,1,2
2114,566,1,2
2114,567,1,2
2114,568,1,2
2114,569,1,2
2114,570,1,2
2114,571,1,2
2114,572,1,2
2114,573,1,2
2114,574,1,2
2114,575,1,2
2114,576,1,2
2114,577,1,2
2114,578,1,2
2114,579,1,2
2114,580,1,2
2114,581,1,2
2114,582,1,2
2114,583,1,2
2114,584,1,2
2114,585,1,2
2114,586,1,2
2114,587,1,2
2114,588,1,2
2114,589,1,2
2114,590,1,2
2114,591,1,2
2114,592,1,2
2114,593,1,2
2114,594,1,3
2114,595,1,3
2114,596,1,3
2114,597,1,3
2114,598,1,3
2114,599,1,3
2114,600,1,3
2114,601,1,3
2114,602,1,3
2114,603,1,3
2114,604,1,3
2114,605,1,3
2114,606,1,3
2114,607,1,3
2114,608,1,3
2114,609,1,3
2114,610,1,3
2114,611,1,3
2114,612,1,3
2114,613,1,3
2114,614,1,3
2114,615,1,3
2114,616,1,2
2114,617,1,2
2114,618,1,2
2114,619,1,2
2114,620,1,2
2114,621,1,2
2114,622,1,2
2114,623,1,2
2114,624,1,2
2114,625,1,2
2114,626,1,2
2114,627,1,2
2114,628,1,2
2114,629,1,2
2114,630,1,2
2114,631,1,2
2114,632,1,2
2114,633,1,2
2114,634,1,2
2114,635,1,2
2114,636,1,2
2114,637,1,2
2114,638,1,2
2114,639,1,2
2114,640,1,2
2114,641,1,2
2114,642,1,2
2114,643,1,2
2114,644,1,2
2114,645,1,2
2115,151,1,2
2115,152,1,2
2115,153,1,2
2115,154,1,2
2115,155,1,2
2115,156,1,2
2115,157,1,2
2115,158,1,2
2115,159,1,2
2115,160,1,2
2115,161,1,2
2115,162,1,2
2115,163,1,2
2115,164,1,2
2115,165,1,2
2115,166,1,2
2115,167,1,2
2115,168,1,2
2115,169,1,2
2115,170,1,2
2115,171,1,2
2115,172,1,2
2115,173,1,2
2115,174,1,2
2115,175,1,2
2115,176,1,2
2115,177,1,2
2115,178,1,2
2115,179,1,2
2115,180,1,2
2115,181,1,2
2115,182,1,2
2115,183,1,2
2115,184,1,2
2115,185,1,2
2115,186,1,2
2115,187,1,2
2115,188,1,2
2115,189,1,2
2115,190,1,2
2115,191,1,2
2115,192,1,2
2115,193,1,2
2115,194,1,2
2115,195,1,2
2115,196,1,2
2115,197,1,2
2115,198,1,2
2115,199,1,2
2115,200,1,2
2115,201,1,2
2115,202,1,2
2115,203,1,2
2115,204,1,2
2115,205,1,2
2115,206,1,2
2115,207,1,2
2115,208,1,2
2115,209,1,2
2115,210,1,2
2115,211,1,2
2115,212,1,2
2115,213,1,2
2115,214,1,2
2115,215,1,2
2115,216,1,2
2115,217,1,2
2115,218,1,2
2115,219,1,2
2115,220,1,2
2115,221,1,2
2115,222,1,2
2115,223,1,2
2115,224,1,2
2115,225,1,2
2115,226,1,2
2115,227,1,2
2115,228,1,2
2115,229,1,2
2115,230,1,2
2115,231,1,2
2115,232,1,2
2115,233,1,2
2115,234,1,2
2115,235,1,2
2115,236,1,2
2115,237,1,2
2115,238,1,2
2115,239,1,2
2115,240,1,2
2115,241,1,2
2115,242,1,2
2115,243,1,2
2115,244,1,2
2115,245,1,2
2115,246,1,2
2115,247,1,2
2115,248,1,2
2115,249,1,2
2115,250,1,2
2115,251,1,2
2115,252,1,2
2115,253,1,2
2115,254,1,2
2115,255,1,2
2115,256,1,2
2115,257,1,2
2115,258,1,2
2115,259,1,2
2115,260,1,2
2115,261,1,2
2115,262,1,2
2115,263,1,2
2115,264,1,2
2115,265,1,2
2115,266,1,2
2115,267,1,2
2115,268,1,2
2115,269,1,2
2115,270,1,2
2115,271,1,2
2115,272,1,2
2115,273,1,2
2115,274,1,2
2115,275,1,2
2115,276,1,2
2115,277,1,2
2115,278,1,2
2115,279,1,2
2115,280,1,2
2115,281,1,2
2115,282,1,2
2115,283,1,2
2115,284,1,2
2115,285,1,2
2115,286,1,2
2115,287,1,2
2115,288,1,2
2115,289,1,2
2115,290,1,2
2115,291,1,2
2115,292,1,2
2115,293,1,2
2115,294,1,2
2115,295,1,2
2115,296,1,2
2115,297,1,2
2115,298,1,2
2115,299,1,2
2115,300,1,2
2115,301,1,2
2115,302,1,2
2115,303,1,2
2115,304,1,2
2115,305,1,2
2115,306,1,2
2115,307,1,2
2115,308,1,2
2115,309,1,2
2115,310,1,2
2115,311,1,2
2115,312,1,2
2115,313,1,2
2115,314,1,2
2115,315,1,2
2115,316,1,2
2115,317,1,2
2115,318,1,2
2115,319,1,2
2115,320,1,2
2115,321,1,2
2115,322,1,2
2115,323,1,2
2115,324,1,2
2115,325,1,2
2115,326,1,2
2115,327,1,2
2115,328,1,2
2115,329,1,2
2115,330,1,2
2115,331,1,2
2115,332,1,2
2115,333,1,2
2115,334,1,2
2115,335,1,2
2115,336,1,2
2115,337,1,2
2115,338,1,2
2115,339,1,2
2115,340,1,2
2115,341,1,2
2115,342,1,2
2115,343,1,2
2115,344,1,2
2115,345,1,2
2115,346,1,2
2115,347,1,2
2115,348,1,2
2115,349,1,2
2115,350,1,2
2115,351,1,2
2115,352,1,2
2115,353,1,2
2115,354,1,2
2115,355,1,2
2115,356,1,2
2115,357,1,2
2115,358,1,2
2115,359,1,2
2115,360,1,2
2115,361,1,2
2115,362,1,2
2115,363,1,2
2115,364,1,2
2115,365,1,2
2115,366,1,2
2115,367,1,2
2115,368,1,2
2115,369,1,2
2115,370,1,2
2115,371,1,2
2115,372,1,2
2115,373,1,2
2115,374,1,2
2115,375,1,2
2115,376,1,2
2115,377,1,2
2115,378,1,2
2115,379,1,2
2115,380,1,2
2115,381,1,2
2115,382,1,2
2115,383,1,2
2115,384,1,2
2115,385,1,2
2115,386,1,2
2115,387,1,2
2115,388,1,2
2115,389,1,2
2115,390,1,2
2115,391,1,2
2115,392,1,2
2115,393,1,2
2115,394,1,2
2115,395,1,2
2115,396,1,2
2115,397,1,2
2115,398,1,2
2115,399,1,2
2115,400,1,2
2115,401,1,2
2115,402,1,2
2115,403,1,2
2115,404,1,2
2115,405,1,2
2115,406,1,2
2115,407,1,2
2115,408,1,2
2115,409,1,2
2115,410,1,2
2115,411,1,2
2115,412,1,2
2115,413,1,2
2115,414,1,2
2115,415,1,2
2115,416,1,2
2115,417,1,2
2115,418,1,2
2115,419,1,2
2115,420,1,2
2115,421,1,2
2115,422,1,2
2115,423,1,2
2115,424,1,2
2115,425,1,2
2115,426,1,2
2115,427,1,2
2115,428,1,2
2115,429,1,2
2115,430,1,2
2115,431,1,2
2115,432,1,2
2115,433,1,2
2115,434,1,2
2115,435,1,2
2115,436,1,2
2115,437,1,2
2115,438,1,2
2115,439,1,2
2115,440,1,2
2115,441,1,2
2115,442,1,2
2115,443,1,2
2115,444,1,2
2115,445,1,2
2115,446,1,2
2115,447,1,2
2115,448,1,2
2115,449,1,2
2115,450,1,2
2115,451,1,2
2115,452,1,2
2115,453,1,2
2115,454,1,2
2115,455,1,2
2115,456,1,2
2115,457,1,2
2115,458,1,2
2115,459,1,2
2115,460,1,2
2115,461,1,2
2115,462,1,2
2115,463,1,2
2115,464,1,2
2115,465,1,2
2115,466,1,2
2115,467,1,2
2115,468,1,2
2115,469,1,2
2115,470,1,2
2115,471,1,2
2115,472,1,2
2115,473,1,2
2115,474,1,2
2115,475,1,2
2115,476,1,2
2115,477,1,2
2115,478,1,2
2115,479,1,2
2115,480,1,2
2115,481,1,2
2115,482,1,2
2115,483,1,2
2115,484,1,2
2115,485,1,2
2115,486,1,2
2115,487,1,2
2115,488,1,2
2115,489,1,2
2115,490,1,2
2115,491,1,2
2115,492,1,2
2115,493,1,2
2115,494,1,2
2115,495,1,2
2115,496,1,2
2115,497,1,2
2115,498,1,2
2115,499,1,2
2115,500,1,2
2115,501,1,2
2115,502,1,2
2115,503,1,2
2115,504,1,2
2115,505,1,2
2115,506,1,2
2115,507,1,2
2115,508,1,2
2115,509,1,2
2115,510,1,2
2115,511,1,2
2115,512,1,2
2115,513,1,2
2115,514,1,2
2115,515,1,2
2115,516,1,2
2115,517,1,2
2115,518,1,2
2115,519,1,2
2115,520,1,2
2115,521,1,2
2115,522,1,2
2115,523,1,2
2115,524,1,2
2115,525,1,2
2115,526,1,2
2115,527,1,2
2115,528,1,2
2115,529,1,2
2115,530,1,2
2115,531,1,2
2115,532,1,2
2115,533,1,2
2115,534,1,2
2115,535,1,2
2115,536,1,2
2115,537,1,2
2115,538,1,2
2115,539,1,2
2115,540,1,2
2115,541,1,2
2115,542,1,2
2115,543,1,2
2115,544,1,2
2115,545,1,2
2115,546,1,2
2115,547,1,2
2115,548,1,2
2115,549,1,2
2115,550,1,2
2115,551,1,2
2115,552,1,2
2115,553,1,2
2115,554,1,2
2115,555,1,2
2115,556,1,2
2115,557,1,2
2115,558,1,2
2115,559,1,2
2115,560,1,2
2115,561,1,2
2115,562,1,2
2115,563,1,2
2115,564,1,2
2115,565,1,2
2115,566,1,2
2115,567,1,2
2115,568,1,2
2115,569,1,2
2115,570,1,2
2115,571,1,2
2115,572,1,2
2115,573,1,2
2115,574,1,2
2115,575,1,2
2115,576,1,2
2115,577,1,2
2115,578,1,2
2115,579,1,2
2115,580,1,2
2115,581,1,2
2115,582,1,2
2115,583,1,2
2115,584,1,2
2115,585,1,2
2115,586,1,2
2115,587,1,2
2115,588,1,2
2115,589,1,2
2115,590,1,2
2115,591,1,2
2115,592,1,2
2115,593,1,2
2115,594,1,2
2115,595,1,2
2115,596,1,2
2115,597,1,2
2115,598,1,3
2115,599,1,2
2115,600,1,3
2115,601,1,3
2115,602,1,2
2115,603,1,2
2115,604,1,2
2115,605,1,2
2115,606,1,2
2115,607,1,2
2115,608,1,2
2115,609,1,2
2115,610,1,2
2115,611,1,2
2115,612,1,2
2115,613,1,2
2115,614,1,2
2115,615,1,2
2115,616,1,2
2115,617,1,2
2115,618,1,2
2115,619,1,2
2115,620,1,2
2115,621,1,2
2115,622,1,2
2115,623,1,2
2115,624,1,2
2115,625,1,2
2115,626,1,2
2115,627,1,2
2115,628,1,2
2115,629,1,2
2115,630,1,2
2115,631,1,2
2115,632,1,2
2115,633,1,2
2115,634,1,2
2115,635,1,2
2115,636,1,2
2115,637,1,2
2115,638,1,2
2115,639,1,2
2115,640,1,2
2115,641,1,2
2115,642,1,2
2115,643,1,2
2115,644,1,2
2115,645,1,2
2116,152,1,2
2116,153,1,2
2116,154,1,2
2116,155,1,2
2116,156,1,2
2116,157,1,2
2116,158,1,2
2116,159,1,2
2116,160,1,2
2116,161,1,2
2116,162,1,2
2116,163,1,2
2116,164,1,2
2116,165,1,2
2116,166,1,2
2116,167,1,2
2116,168,1,2
2116,169,1,2
2116,170,1,2
2116,171,1,2
2116,172,1,2
2116,173,1,2
2116,174,1,2
2116,175,1,2
2116,176,1,2
2116,177,1,2
2116,178,1,2
2116,179,1,2
2116,180,1,2
2116,181,1,2
2116,182,1,2
2116,183,1,2
2116,184,1,2
2116,185,1,2
2116,186,1,2
2116,187,1,2
2116,188,1,2
2116,189,1,2
2116,190,1,2
2116,191,1,2
2116,192,1,2
2116,193,1,2
2116,194,1,2
2116,195,1,2
2116,196,1,2
2116,197,1,2
2116,198,1,2
2116,199,1,2
2116,200,1,2
2116,201,1,2
2116,202,1,2
2116,203,1,2
2116,204,1,2
2116,205,1,2
2116,206,1,2
2116,207,1,2
2116,208,1,2
2116,209,1,2
2116,210,1,2
2116,211,1,2
2116,212,1,2
2116,213,1,2
2116,214,1,2
2116,215,1,2
2116,216,1,2
2116,217,1,2
2116,218,1,2
2116,219,1,2
2116,220,1,2
2116,221,1,2
2116,222,1,2
2116,223,1,2
2116,224,1,2
2116,225,1,2
2116,226,1,2
2116,227,1,2
2116,228,1,2
2116,229,1,2
2116,230,1,2
2116,231,1,2
2116,232,1,2
2116,233,1,2
2116,234,1,2
2116,235,1,2
2116,236,1,2
2116,237,1,2
2116,238,1,2
2116,239,1,2
2116,240,1,2
2116,241,1,2
2116,242,1,2
2116,243,1,2
2116,244,1,2
2116,245,1,2
2116,246,1,2
2116,247,1,2
2116,248,1,2
2116,249,1,2
2116,250,1,2
2116,251,1,2
2116,252,1,2
2116,253,1,2
2116,254,1,2
2116,255,1,2
2116,256,1,2
2116,257,1,2
2116,258,1,2
2116,259,1,2
2116,260,1,2
2116,261,1,2
2116,262,1,2
2116,263,1,2
2116,264,1,2
2116,265,1,2
2116,266,1,2
2116,267,1,2
2116,268,1,2
2116,269,1,2
2116,270,1,2
2116,271,1,2
2116,272,1,2
2116,273,1,2
2116,274,1,2
2116,275,1,2
2116,276,1,2
2116,277,1,2
2116,278,1,2
2116,279,1,2
2116,280,1,2
2116,281,1,2
2116,282,1,2
2116,283,1,2
2116,284,1,2
2116,285,1,2
2116,286,1,2
2116,287,1,2
2116,288,1,2
2116,289,1,2
2116,290,1,2
2116,291,1,2
2116,292,1,2
2116,293,1,2
2116,294,1,2
2116,295,1,2
2116,296,1,2
2116,297,1,2
2116,298,1,2
2116,299,1,2
2116,300,1,2
2116,301,1,2
2116,302,1,2
2116,303,1,2
2116,304,1,2
2116,305,1,2
2116,306,1,2
2116,307,1,2
2116,308,1,2
2116,309,1,2
2116,310,1,2
2116,311,1,2
2116,312,1,2
2116,313,1,2
2116,314,1,2
2116,315,1,2
2116,316,1,2
2116,317,1,2
2116,318,1,2
2116,319,1,2
2116,320,1,2
2116,321,1,2
2116,322,1,2
2116,323,1,2
2116,324,1,2
2116,325,1,2
2116,326,1,2
2116,327,1,2
2116,328,1,2
2116,329,1,2
2116,330,1,2
2116,331,1,2
2116,332,1,2
2116,333,1,2
2116,334,1,2
2116,335,1,2
2116,336,1,2
2116,337,1,2
2116,338,1,2
2116,339,1,2
2116,340,1,2
2116,341,1,2
2116,342,1,2
2116,343,1,2
2116,344,1,2
2116,345,1,2
2116,346,1,2
2116,347,1,2
2116,348,1,2
2116,349,1,2
2116,350,1,2
2116,351,1,2
2116,352,1,2
2116,353,1,2
2116,354,1,2
2116,355,1,2
2116,356,1,2
2116,357,1,2
2116,358,1,2
2116,359,1,2
2116,360,1,2
2116,361,1,2
2116,362,1,2
2116,363,1,2
2116,364,1,2
2116,365,1,2
2116,366,1,2
2116,367,1,2
2116,368,1,2
2116,369,1,2
2116,370,1,2
2116,371,1,2
2116,372,1,2
2116,373,1,2
2116,374,1,2
2116,375,1,2
2116,376,1,2
2116,377,1,2
2116,378,1,2
2116,379,1,2
2116,380,1,2
2116,381,1,2
2116,382,1,2
2116,383,1,2
2116,384,1,2
2116,385,1,2
2116,386,1,2
2116,387,1,2
2116,388,1,2
2116,389,1,2
2116,390,1,2
2116,391,1,2
2116,392,1,2
2116,393,1,2
2116,394,1,2
2116,395,1,2
2116,396,1,2
2116,397,1,2
2116,398,1,2
2116,399,1,2
2116,400,1,2
2116,401,1,2
2116,402,1,2
2116,403,1,2
2116,404,1,2
2116,405,1,2
2116,406,1,2
2116,407,1,2
2116,408,1,2
2116,409,1,2
2116,410,1,2
2116,411,1,2
2116,412,1,2
2116,413,1,2
2116,414,1,2
2116,415,1,2
2116,416,1,2
2116,417,1,2
2116,418,1,2
2116,419,1,2
2116,420,1,2
2116,421,1,2
2116,422,1,2
2116,423,1,2
2116,424,1,2
2116,425,1,2
2116,426,1,2
2116,427,1,2
2116,428,1,2
2116,429,1,2
2116,430,1,2
2116,431,1,2
2116,432,1,2
2116,433,1,2
2116,434,1,2
2116,435,1,2
2116,436,1,2
2116,437,1,2
2116,438,1,2
2116,439,1,2
2116,440,1,2
2116,441,1,2
2116,442,1,2
2116,443,1,2
2116,444,1,2
2116,445,1,2
2116,446,1,2
2116,447,1,2
2116,448,1,2
2116,449,1,2
2116,450,1,2
2116,451,1,2
2116,452,1,2
2116,453,1,2
2116,454,1,2
2116,455,1,2
2116,456,1,2
2116,457,1,2
2116,458,1,2
2116,459,1,2
2116,460,1,2
2116,461,1,2
2116,462,1,2
2116,463,1,2
2116,464,1,2
2116,465,1,2
2116,466,1,2
2116,467,1,2
2116,468,1,2
2116,469,1,2
2116,470,1,2
2116,471,1,2
2116,472,1,2
2116,473,1,2
2116,474,1,2
2116,475,1,2
2116,476,1,2
2116,477,1,2
2116,478,1,2
2116,479,1,2
2116,480,1,2
2116,481,1,2
2116,482,1,2
2116,483,1,2
2116,484,1,2
2116,485,1,2
2116,486,1,2
2116,487,1,2
2116,488,1,2
2116,489,1,2
2116,490,1,2
2116,491,1,2
2116,492,1,2
2116,493,1,2
2116,494,1,2
2116,495,1,2
2116,496,1,2
2116,497,1,2
2116,498,1,2
2116,499,1,2
2116,500,1,2
2116,501,1,2
2116,502,1,2
2116,503,1,2
2116,504,1,2
2116,505,1,2
2116,506,1,2
2116,507,1,2
2116,508,1,2
2116,509,1,2
2116,510,1,2
2116,511,1,2
2116,512,1,2
2116,513,1,2
2116,514,1,2
2116,515,1,2
2116,516,1,2
2116,517,1,2
2116,518,1,2
2116,519,1,2
2116,520,1,2
2116,521,1,2
2116,522,1,2
2116,523,1,2
2116,524,1,2
2116,525,1,2
2116,526,1,2
2116,527,1,2
2116,528,1,2
2116,529,1,2
2116,530,1,2
2116,531,1,2
2116,532,1,2
2116,533,1,2
2116,534,1,2
2116,535,1,2
2116,536,1,2
2116,537,1,2
2116,538,1,2
2116,539,1,2
2116,540,1,2
2116,541,1,2
2116,542,1,2
2116,543,1,2
2116,544,1,2
2116,545,1,2
2116,546,1,2
2116,547,1,2
2116,548,1,2
2116,549,1,2
2116,550,1,2
2116,551,1,2
2116,552,1,2
2116,553,1,2
2116,554,1,2
2116,555,1,2
2116,556,1,2
2116,557,1,2
2116,558,1,2
2116,559,1,2
2116,560,1,2
2116,561,1,2
2116,562,1,2
2116,563,1,2
2116,564,1,2
2116,565,1,2
2116,566,1,2
2116,567,1,2
2116,568,1,2
2116,569,1,2
2116,570,1,2
2116,571,1,2
2116,572,1,2
2116,573,1,2
2116,574,1,2
2116,575,1,2
2116,576,1,2
2116,577,1,2
2116,578,1,2
2116,579,1,2
2116,580,1,2
2116,581,1,2
2116,582,1,2
2116,583,1,2
2116,584,1,2
2116,585,1,2
2116,586,1,2
2116,587,1,2
2116,588,1,2
2116,589,1,2
2116,590,1,2
2116,591,1,2
2116,592,1,2
2116,593,1,2
2116,594,1,2
2116,595,1,2
2116,596,1,2
2116,597,1,2
2116,598,1,2
2116,599,1,2
2116,600,1,2
2116,601,1,2
2116,602,1,2
2116,603,1,2
2116,604,1,2
2116,605,1,2
2116,606,1,2
2116,607,1,2
2116,608,1,2
2116,609,1,2
2116,610,1,2
2116,611,1,2
2116,612,1,2
2116,613,1,2
2116,614,1,2
2116,615,1,2
2116,616,1,2
2116,617,1,2
2116,618,1,2
2116,619,1,2
2116,620,1,2
2116,621,1,2
2116,622,1,2
2116,623,1,2
2116,624,1,2
2116,625,1,2
2116,626,1,2
2116,627,1,2
2116,628,1,2
2116,629,1,2
2116,630,1,2
2116,631,1,2
2116,632,1,2
2116,633,1,2
2116,634,1,2
2116,635,1,2
2116,636,1,2
2116,637,1,2
2116,638,1,2
2116,639,1,2
2116,640,1,2
2116,641,1,2
2116,642,1,2
2116,643,1,2
2116,644,1,2
2116,645,1,2
2117,153,1,2
2117,154,1,2
2117,155,1,2
2117,156,1,2
2117,157,1,2
2117,158,1,2
2117,159,1,2
2117,160,1,2
2117,161,1,2
2117,162,1,2
2117,163,1,2
2117,164,1,2
2117,165,1,2
2117,166,1,2
2117,167,1,2
2117,168,1,2
2117,169,1,2
2117,170,1,2
2117,171,1,2
2117,172,1,2
2117,173,1,2
2117,174,1,2
2117,175,1,2
2117,176,1,2
2117,177,1,2
2117,178,1,2
2117,179,1,2
2117,180,1,2
2117,181,1,2
2117,182,1,2
2117,183,1,2
2117,184,1,2
2117,185,1,2
2117,186,1,2
2117,187,1,2
2117,188,1,2
2117,189,1,2
2117,190,1,2
2117,191,1,2
2117,192,1,2
2117,193,1,2
2117,194,1,2
2117,195,1,2
2117,196,1,2
2117,197,1,2
2117,198,1,2
2117,199,1,2
2117,200,1,2
2117,201,1,2
2117,202,1,2
2117,203,1,2
2117,204,1,2
2117,205,1,2
2117,206,1,2
2117,207,1,2
2117,208,1,2
2117,209,1,2
2117,210,1,2
2117,211,1,2
2117,212,1,2
2117,213,1,2
2117,214,1,2
2117,215,1,2
2117,216,1,2
2117,217,1,2
2117,218,1,2
2117,219,1,2
2117,220,1,2
2117,221,1,2
2117,222,1,2
2117,223,1,2
2117,224,1,2
2117,225,1,2
2117,226,1,2
2117,227,1,2
2117,228,1,2
2117,229,1,2
2117,230,1,2
2117,231,1,2
2117,232,1,2
2117,233,1,2
2117,234,1,2
2117,235,1,2
2117,236,1,2
2117,237,1,2
2117,238,1,2
2117,239,1,2
2117,240,1,2
2117,241,1,2
2117,242,1,2
2117,243,1,2
2117,244,1,2
2117,245,1,2
2117,246,1,2
2117,247,1,2
2117,248,1,2
2117,249,1,2
2117,250,1,2
2117,251,1,2
2117,252,1,2
2117,253,1,2
2117,254,1,2
2117,255,1,2
2117,256,1,2
2117,257,1,2
2117,258,1,2
2117,259,1,2
2117,260,1,2
2117,261,1,2
2117,262,1,2
2117,263,1,2
2117,264,1,2
2117,265,1,2
2117,266,1,2
2117,267,1,2
2117,268,1,2
2117,269,1,2
2117,270,1,2
2117,271,1,2
2117,272,1,2
2117,273,1,2
2117,274,1,2
2117,275,1,2
2117,276,1,2
2117,277,1,2
2117,278,1,2
2117,279,1,2
2117,280,1,2
2117,281,1,2
2117,282,1,2
2117,283,1,2
2117,284,1,2
2117,285,1,2
2117,286,1,2
2117,287,1,2
2117,288,1,2
2117,289,1,2
2117,290,1,2
2117,291,1,2
2117,292,1,2
2117,293,1,2
2117,294,1,2
2117,295,1,2
2117,296,1,2
2117,297,1,2
2117,298,1,2
2117,299,1,2
2117,300,1,2
2117,301,1,2
2117,302,1,2
2117,303,1,2
2117,304,1,2
2117,305,1,2
2117,306,1,2
2117,307,1,2
2117,308,1,2
2117,309,1,2
2117,310,1,2
2117,311,1,2
2117,312,1,2
2117,313,1,2
2117,314,1,2
2117,315,1,2
2117,316,1,2
2117,317,1,2
2117,318,1,2
2117,319,1,2
2117,320,1,2
2117,321,1,2
2117,322,1,2
2117,323,1,2
2117,324,1,2
2117,325,1,2
2117,326,1,2
2117,327,1,2
2117,328,1,2
2117,329,1,2
2117,330,1,2
2117,331,1,2
2117,332,1,2
2117,333,1,2
2117,334,1,2
2117,335,1,2
2117,336,1,2
2117,337,1,2
2117,338,1,2
2117,339,1,2
2117,340,1,2
2117,341,1,2
2117,342,1,2
2117,343,1,2
2117,344,1,2
2117,345,1,2
2117,346,1,2
2117,347,1,2
2117,348,1,2
2117,349,1,2
2117,350,1,2
2117,351,1,2
2117,352,1,2
2117,353,1,2
2117,354,1,2
2117,355,1,2
2117,356,1,2
2117,357,1,2
2117,358,1,2
2117,359,1,2
2117,360,1,2
2117,361,1,2
2117,362,1,2
2117,363,1,2
2117,364,1,2
2117,365,1,2
2117,366,1,2
2117,367,1,2
2117,368,1,2
2117,369,1,2
2117,370,1,2
2117,371,1,2
2117,372,1,2
2117,373,1,2
2117,374,1,2
2117,375,1,2
2117,376,1,2
2117,377,1,2
2117,378,1,2
2117,379,1,2
2117,380,1,2
2117,381,1,2
2117,382,1,2
2117,383,1,2
2117,384,1,2
2117,385,1,2
2117,386,1,2
2117,387,1,2
2117,388,1,2
2117,389,1,2
2117,390,1,2
2117,391,1,2
2117,392,1,2
2117,393,1,2
2117,394,1,2
2117,395,1,2
2117,396,1,2
2117,397,1,2
2117,398,1,2
2117,399,1,2
2117,400,1,2
2117,401,1,2
2117,402,1,2
2117,403,1,2
2117,404,1,2
2117,405,1,2
2117,406,1,2
2117,407,1,2
2117,408,1,2
2117,409,1,2
2117,410,1,2
2117,411,1,2
2117,412,1,2
2117,413,1,2
2117,414,1,2
2117,415,1,2
2117,416,1,2
2117,417,1,2
2117,418,1,2
2117,419,1,2
2117,420,1,2
2117,421,1,2
2117,422,1,2
2117,423,1,2
2117,424,1,2
2117,425,1,2
2117,426,1,2
2117,427,1,2
2117,428,1,2
2117,429,1,2
2117,430,1,2
2117,431,1,2
2117,432,1,2
2117,433,1,2
2117,434,1,2
2117,435,1,2
2117,436,1,2
2117,437,1,2
2117,438,1,2
2117,439,1,2
2117,440,1,2
2117,441,1,2
2117,442,1,2
2117,443,1,2
2117,444,1,2
2117,445,1,2
2117,446,1,2
2117,447,1,2
2117,448,1,2
2117,449,1,2
2117,450,1,2
2117,451,1,2
2117,452,1,2
2117,453,1,2
2117,454,1,2
2117,455,1,2
2117,456,1,2
2117,457,1,2
2117,458,1,2
2117,459,1,2
2117,460,1,2
2117,461,1,2
2117,462,1,2
2117,463,1,2
2117,464,1,2
2117,465,1,2
2117,466,1,2
2117,467,1,2
2117,468,1,2
2117,469,1,2
2117,470,1,2
2117,471,1,2
2117,472,1,2
2117,473,1,2
2117,474,1,2
2117,475,1,2
2117,476,1,2
2117,477,1,2
2117,478,1,2
2117,479,1,2
2117,480,1,2
2117,481,1,2
2117,482,1,2
2117,483,1,2
2117,484,1,2
2117,485,1,2
2117,486,1,2
2117,487,1,2
2117,488,1,2
2117,489,1,2
2117,490,1,2
2117,491,1,2
2117,492,1,2
2117,493,1,2
2117,494,1,2
2117,495,1,2
2117,496,1,2
2117,497,1,2
2117,498,1,2
2117,499,1,2
2117,500,1,2
2117,501,1,2
2117,502,1,2
2117,503,1,2
2117,504,1,2
2117,505,1,2
2117,506,1,2
2117,507,1,2
2117,508,1,2
2117,509,1,2
2117,510,1,2
2117,511,1,2
2117,512,1,2
2117,513,1,2
2117,514,1,2
2117,515,1,2
2117,516,1,2
2117,517,1,2
2117,518,1,2
2117,519,1,2
2117,520,1,2
2117,521,1,2
2117,522,1,2
2117,523,1,2
2117,524,1,2
2117,525,1,2
2117,526,1,2
2117,527,1,2
2117,528,1,2
2117,529,1,2
2117,530,1,2
2117,531,1,2
2117,532,1,2
2117,533,1,2
2117,534,1,2
2117,535,1,2
2117,536,1,2
2117,537,1,2
2117,538,1,2
2117,539,1,2
2117,540,1,2
2117,541,1,2
2117,542,1,2
2117,543,1,2
2117,544,1,2
2117,545,1,2
2117,546,1,2
2117,547,1,2
2117,548,1,2
2117,549,1,2
2117,550,1,2
2117,551,1,2
2117,552,1,2
2117,553,1,2
2117,554,1,2
2117,555,1,2
2117,556,1,2
2117,557,1,2
2117,558,1,2
2117,559,1,2
2117,560,1,2
2117,561,1,2
2117,562,1,2
2117,563,1,2
2117,564,1,2
2117,565,1,2
2117,566,1,2
2117,567,1,2
2117,568,1,2
2117,569,1,2
2117,570,1,2
2117,571,1,2
2117,572,1,2
2117,573,1,2
2117,574,1,2
2117,575,1,2
2117,576,1,2
2117,577,1,2
2117,578,1,2
2117,579,1,2
2117,580,1,2
2117,581,1,2
2117,582,1,2
2117,583,1,2
2117,584,1,2
2117,585,1,2
2117,586,1,2
2117,587,1,2
2117,588,1,2
2117,589,1,2
2117,590,1,2
2117,591,1,2
2117,592,1,2
2117,593,1,2
2117,594,1,2
2117,595,1,2
2117,596,1,2
2117,597,1,2
2117,598,1,2
2117,599,1,2
2117,600,1,2
2117,601,1,2
2117,602,1,2
2117,603,1,2
2117,604,1,2
2117,605,1,2
2117,606,1,2
2117,607,1,2
2117,608,1,2
2117,609,1,2
2117,610,1,2
2117,611,1,2
2117,612,1,2
2117,613,1,2
2117,614,1,2
2117,615,1,2
2117,616,1,2
2117,617,1,2
2117,618,1,2
2117,619,1,2
2117,620,1,2
2117,621,1,2
2117,622,1,2
2117,623,1,2
2117,624,1,2
2117,625,1,2
2117,626,1,2
2117,627,1,2
2117,628,1,2
2117,629,1,2
2117,630,1,2
2117,631,1,2
2117,632,1,2
2117,633,1,2
2117,634,1,2
2117,635,1,2
2117,636,1,2
2117,637,1,2
2117,638,1,2
2117,639,1,2
2117,640,1,2
2117,641,1,2
2117,642,1,2
2117,643,1,2
2117,644,1,2
2117,645,1,2
2118,153,1,2
2118,154,1,2
2118,155,1,2
2118,156,1,2
2118,157,1,2
2118,158,1,2
2118,159,1,2
2118,160,1,2
2118,161,1,2
2118,162,1,2
2118,163,1,2
2118,164,1,2
2118,165,1,2
2118,166,1,2
2118,167,1,2
2118,168,1,2
2118,169,1,2
2118,170,1,2
2118,171,1,2
2118,172,1,2
2118,173,1,2
2118,174,1,2
2118,175,1,2
2118,176,1,2
2118,177,1,2
2118,178,1,2
2118,179,1,2
2118,180,1,2
2118,181,1,2
2118,182,1,2
2118,183,1,2
2118,184,1,2
2118,185,1,2
2118,186,1,2
2118,187,1,2
2118,188,1,2
2118,189,1,2
2118,190,1,2
2118,191,1,2
2118,192,1,2
2118,193,1,2
2118,194,1,2
2118,195,1,2
2118,196,1,2
2118,197,1,2
2118,198,1,2
2118,199,1,2
2118,200,1,2
2118,201,1,2
2118,202,1,2
2118,203,1,2
2118,204,1,2
2118,205,1,2
2118,206,1,2
2118,207,1,2
2118,208,1,2
2118,209,1,2
2118,210,1,2
2118,211,1,2
2118,212,1,2
2118,213,1,2
2118,214,1,2
2118,215,1,2
2118,216,1,2
2118,217,1,2
2118,218,1,2
2118,219,1,2
2118,220,1,2
2118,221,1,2
2118,222,1,2
2118,223,1,2
2118,224,1,2
2118,225,1,2
2118,226,1,2
2118,227,1,2
2118,228,1,2
2118,229,1,2
2118,230,1,2
2118,231,1,2
2118,232,1,2
2118,233,1,2
2118,234,1,2
2118,235,1,2
2118,236,1,2
2118,237,1,2
2118,238,1,2
2118,239,1,2
2118,240,1,2
2118,241,1,2
2118,242,1,2
2118,243,1,2
2118,244,1,2
2118,245,1,2
2118,246,1,2
2118,247,1,2
2118,248,1,2
2118,249,1,2
2118,250,1,2
2118,251,1,2
2118,252,1,2
2118,253,1,2
2118,254,1,2
2118,255,1,2
2118,256,1,2
2118,257,1,2
2118,258,1,2
2118,259,1,2
2118,260,1,2
2118,261,1,2
2118,262,1,2
2118,263,1,2
2118,264,1,2
2118,265,1,2
2118,266,1,2
2118,267,1,2
2118,268,1,2
2118,269,1,2
2118,270,1,2
2118,271,1,2
2118,272,1,2
2118,273,1,2
2118,274,1,2
2118,275,1,2
2118,276,1,2
2118,277,1,2
2118,278,1,2
2118,279,1,2
2118,280,1,2
2118,281,1,2
2118,282,1,2
2118,283,1,2
2118,284,1,2
2118,285,1,2
2118,286,1,2
2118,287,1,2
2118,288,1,2
2118,289,1,2
2118,290,1,2
2118,291,1,2
2118,292,1,2
2118,293,1,2
2118,294,1,2
2118,295,1,2
2118,296,1,2
2118,297,1,2
2118,298,1,2
2118,299,1,2
2118,300,1,2
2118,301,1,2
2118,302,1,2
2118,303,1,2
2118,304,1,2
2118,305,1,2
2118,306,1,2
2118,307,1,2
2118,308,1,2
2118,309,1,2
2118,310,1,2
2118,311,1,2
2118,312,1,2
2118,313,1,2
2118,314,1,2
2118,315,1,2
2118,316,1,2
2118,317,1,2
2118,318,1,2
2118,319,1,2
2118,320,1,2
2118,321,1,2
2118,322,1,2
2118,323,1,2
2118,324,1,2
2118,325,1,2
2118,326,1,2
2118,327,1,2
2118,328,1,2
2118,329,1,2
2118,330,1,2
2118,331,1,2
2118,332,1,2
2118,333,1,2
2118,334,1,2
2118,335,1,2
2118,336,1,2
2118,337,1,2
2118,338,1,2
2118,339,1,2
2118,340,1,2
2118,341,1,2
2118,342,1,2
2118,343,1,2
2118,344,1,2
2118,345,1,2
2118,346,1,2
2118,347,1,2
2118,348,1,2
2118,349,1,2
2118,350,1,2
2118,351,1,2
2118,352,1,2
2118,353,1,2
2118,354,1,2
2118,355,1,2
2118,356,1,2
2118,357,1,2
2118,358,1,2
2118,359,1,2
2118,360,1,2
2118,361,1,2
2118,362,1,2
2118,363,1,2
2118,364,1,2
2118,365,1,2
2118,366,1,2
2118,367,1,2
2118,368,1,2
2118,369,1,2
2118,370,1,2
2118,371,1,2
2118,372,1,2
2118,373,1,2
2118,374,1,2
2118,375,1,2
2118,376,1,2
2118,377,1,2
2118,378,1,2
2118,379,1,2
2118,380,1,2
2118,381,1,2
2118,382,1,2
2118,383,1,2
2118,384,1,2
2118,385,1,2
2118,386,1,2
2118,387,1,2
2118,388,1,2
2118,389,1,2
2118,390,1,2
2118,391,1,2
2118,392,1,2
2118,393,1,2
2118,394,1,2
2118,395,1,2
2118,396,1,2
2118,397,1,2
2118,398,1,2
2118,399,1,2
2118,400,1,2
2118,401,1,2
2118,402,1,2
2118,403,1,2
2118,404,1,2
2118,405,1,2
2118,406,1,2
2118,407,1,2
2118,408,1,2
2118,409,1,2
2118,410,1,2
2118,411,1,2
2118,412,1,2
2118,413,1,2
2118,414,1,2
2118,415,1,2
2118,416,1,2
2118,417,1,2
2118,418,1,2
2118,419,1,2
2118,420,1,2
2118,421,1,2
2118,422,1,2
2118,423,1,2
2118,424,1,2
2118,425,1,2
2118,426,1,2
2118,427,1,2
2118,428,1,2
2118,429,1,2
2118,430,1,2
2118,431,1,2
2118,432,1,2
2118,433,1,2
2118,434,1,2
2118,435,1,2
2118,436,1,2
2118,437,1,2
2118,438,1,2
2118,439,1,2
2118,440,1,2
2118,441,1,2
2118,442,1,2
2118,443,1,2
2118,444,1,2
2118,445,1,2
2118,446,1,2
2118,447,1,2
2118,448,1,2
2118,449,1,2
2118,450,1,2
2118,451,1,2
2118,452,1,2
2118,453,1,2
2118,454,1,2
2118,455,1,2
2118,456,1,2
2118,457,1,2
2118,458,1,2
2118,459,1,2
2118,460,1,2
2118,461,1,2
2118,462,1,2
2118,463,1,2
2118,464,1,2
2118,465,1,2
2118,466,1,2
2118,467,1,2
2118,468,1,2
2118,469,1,2
2118,470,1,2
2118,471,1,2
2118,472,1,2
2118,473,1,2
2118,474,1,2
2118,475,1,2
2118,476,1,2
2118,477,1,2
2118,478,1,2
2118,479,1,2
2118,480,1,2
2118,481,1,2
2118,482,1,2
2118,483,1,2
2118,484,1,2
2118,485,1,2
2118,486,1,2
2118,487,1,2
2118,488,1,2
2118,489,1,2
2118,490,1,2
2118,491,1,2
2118,492,1,2
2118,493,1,2
2118,494,1,2
2118,495,1,2
2118,496,1,2
2118,497,1,2
2118,498,1,2
2118,499,1,2
2118,500,1,2
2118,501,1,2
2118,502,1,2
2118,503,1,2
2118,504,1,2
2118,505,1,2
2118,506,1,2
2118,507,1,2
2118,508,1,2
2118,509,1,2
2118,510,1,2
2118,511,1,2
2118,512,1,2
2118,513,1,2
2118,514,1,2
2118,515,1,2
2118,516,1,2
2118,517,1,2
2118,518,1,2
2118,519,1,2
2118,520,1,2
2118,521,1,2
2118,522,1,2
2118,523,1,2
2118,524,1,2
2118,525,1,2
2118,526,1,2
2118,527,1,2
2118,528,1,2
2118,529,1,2
2118,530,1,2
2118,531,1,2
2118,532,1,2
2118,533,1,2
2118,534,1,2
2118,535,1,2
2118,536,1,2
2118,537,1,2
2118,538,1,2
2118,539,1,2
2118,540,1,2
2118,541,1,2
2118,542,1,2
2118,543,1,2
2118,544,1,2
2118,545,1,2
2118,546,1,2
2118,547,1,2
2118,548,1,2
2118,549,1,2
2118,550,1,2
2118,551,1,2
2118,552,1,2
2118,553,1,2
2118,554,1,2
2118,555,1,2
2118,556,1,2
2118,557,1,2
2118,558,1,2
2118,559,1,2
2118,560,1,2
2118,561,1,2
2118,562,1,2
2118,563,1,2
2118,564,1,2
2118,565,1,2
2118,566,1,2
2118,567,1,2
2118,568,1,2
2118,569,1,2
2118,570,1,2
2118,571,1,2
2118,572,1,2
2118,573,1,2
2118,574,1,2
2118,575,1,2
2118,576,1,2
2118,577,1,2
2118,578,1,2
2118,579,1,2
2118,580,1,2
2118,581,1,2
2118,582,1,2
2118,583,1,2
2118,584,1,2
2118,585,1,2
2118,586,1,2
2118,587,1,2
2118,588,1,2
2118,589,1,2
2118,590,1,2
2118,591,1,2
2118,592,1,2
2118,593,1,2
2118,594,1,2
2118,595,1,2
2118,596,1,2
2118,597,1,2
2118,598,1,2
2118,599,1,2
2118,600,1,2
2118,601,1,2
2118,602,1,2
2118,603,1,2
2118,604,1,2
2118,605,1,2
2118,606,1,2
2118,607,1,2
2118,608,1,2
2118,609,1,2
2118,610,1,2
2118,611,1,2
2118,612,1,2
2118,613,1,2
2118,614,1,2
2118,615,1,2
2118,616,1,2
2118,617,1,2
2118,618,1,2
2118,619,1,2
2118,620,1,2
2118,621,1,2
2118,622,1,2
2118,623,1,2
2118,624,1,2
2118,625,1,2
2118,626,1,2
2118,627,1,2
2118,628,1,2
2118,629,1,2
2118,630,1,2
2118,631,1,2
2118,632,1,2
2118,633,1,2
2118,634,1,2
2118,635,1,2
2118,636,1,2
2118,637,1,2
2118,638,1,2
2118,639,1,2
2118,640,1,2
2118,641,1,2
2118,642,1,2
2118,643,1,2
2118,644,1,2
2118,645,1,2
2119,153,1,2
2119,154,1,2
2119,155,1,2
2119,156,1,2
2119,157,1,2
2119,158,1,2
2119,159,1,2
2119,160,1,2
2119,161,1,2
2119,162,1,2
2119,163,1,2
2119,164,1,2
2119,165,1,2
2119,166,1,2
2119,167,1,2
2119,168,1,2
2119,169,1,2
2119,170,1,2
2119,171,1,2
2119,172,1,2
2119,173,1,2
2119,174,1,2
2119,175,1,2
2119,176,1,2
2119,177,1,2
2119,178,1,2
2119,179,1,2
2119,180,1,2
2119,181,1,2
2119,182,1,2
2119,183,1,2
2119,184,1,2
2119,185,1,2
2119,186,1,2
2119,187,1,2
2119,188,1,2
2119,189,1,2
2119,190,1,2
2119,191,1,2
2119,192,1,2
2119,193,1,2
2119,194,1,2
2119,195,1,2
2119,196,1,2
2119,197,1,2
2119,198,1,2
2119,199,1,2
2119,200,1,2
2119,201,1,2
2119,202,1,2
2119,203,1,2
2119,204,1,2
2119,205,1,2
2119,206,1,2
2119,207,1,2
2119,208,1,2
2119,209,1,2
2119,210,1,2
2119,211,1,2
2119,212,1,2
2119,213,1,2
2119,214,1,2
2119,215,1,2
2119,216,1,2
2119,217,1,2
2119,218,1,2
2119,219,1,2
2119,220,1,2
2119,221,1,2
2119,222,1,2
2119,223,1,2
2119,224,1,2
2119,225,1,2
2119,226,1,2
2119,227,1,2
2119,228,1,2
2119,229,1,2
2119,230,1,2
2119,231,1,2
2119,232,1,2
2119,233,1,2
2119,234,1,2
2119,235,1,2
2119,236,1,2
2119,237,1,2
2119,238,1,2
2119,239,1,2
2119,240,1,2
2119,241,1,2
2119,242,1,2
2119,243,1,2
2119,244,1,2
2119,245,1,2
2119,246,1,2
2119,247,1,2
2119,248,1,2
2119,249,1,2
2119,250,1,2
2119,251,1,2
2119,252,1,2
2119,253,1,2
2119,254,1,2
2119,255,1,2
2119,256,1,2
2119,257,1,2
2119,258,1,2
2119,259,1,2
2119,260,1,2
2119,261,1,2
2119,262,1,2
2119,263,1,2
2119,264,1,2
2119,265,1,2
2119,266,1,2
2119,267,1,2
2119,268,1,2
2119,269,1,2
2119,270,1,2
2119,271,1,2
2119,272,1,2
2119,273,1,2
2119,274,1,2
2119,275,1,2
2119,276,1,2
2119,277,1,2
2119,278,1,2
2119,279,1,2
2119,280,1,2
2119,281,1,2
2119,282,1,2
2119,283,1,2
2119,284,1,2
2119,285,1,2
2119,286,1,2
2119,287,1,2
2119,288,1,2
2119,289,1,2
2119,290,1,2
2119,291,1,2
2119,292,1,2
2119,293,1,2
2119,294,1,2
2119,295,1,2
2119,296,1,2
2119,297,1,2
2119,298,1,2
2119,299,1,2
2119,300,1,2
2119,301,1,2
2119,302,1,2
2119,303,1,2
2119,304,1,2
2119,305,1,2
2119,306,1,2
2119,307,1,2
2119,308,1,2
2119,309,1,2
2119,310,1,2
2119,311,1,2
2119,312,1,2
2119,313,1,2
2119,314,1,2
2119,315,1,2
2119,316,1,2
2119,317,1,2
2119,318,1,2
2119,319,1,2
2119,320,1,2
2119,321,1,2
2119,322,1,2
2119,323,1,2
2119,324,1,2
2119,325,1,2
2119,326,1,2
2119,327,1,2
2119,328,1,2
2119,329,1,2
2119,330,1,2
2119,331,1,2
2119,332,1,2
2119,333,1,2
2119,334,1,2
2119,335,1,2
2119,336,1,2
2119,337,1,2
2119,338,1,2
2119,339,1,2
2119,340,1,2
2119,341,1,2
2119,342,1,2
2119,343,1,2
2119,344,1,2
2119,345,1,2
2119,346,1,2
2119,347,1,2
2119,348,1,2
2119,349,1,2
2119,350,1,2
2119,351,1,2
2119,352,1,2
2119,353,1,2
2119,354,1,2
2119,355,1,2
2119,356,1,2
2119,357,1,2
2119,358,1,2
2119,359,1,2
2119,360,1,2
2119,361,1,2
2119,362,1,2
2119,363,1,2
2119,364,1,2
2119,365,1,2
2119,366,1,2
2119,367,1,2
2119,368,1,2
2119,369,1,2
2119,370,1,2
2119,371,1,2
2119,372,1,2
2119,373,1,2
2119,374,1,2
2119,375,1,2
2119,376,1,2
2119,377,1,2
2119,378,1,2
2119,379,1,2
2119,380,1,2
2119,381,1,2
2119,382,1,2
2119,383,1,2
2119,384,1,2
2119,385,1,2
2119,386,1,2
2119,387,1,2
2119,388,1,2
2119,389,1,2
2119,390,1,2
2119,391,1,2
2119,392,1,2
2119,393,1,2
2119,394,1,2
2119,395,1,2
2119,396,1,2
2119,397,1,2
2119,398,1,2
2119,399,1,2
2119,400,1,2
2119,401,1,2
2119,402,1,2
2119,403,1,2
2119,404,1,2
2119,405,1,2
2119,406,1,2
2119,407,1,2
2119,408,1,2
2119,409,1,2
2119,410,1,2
2119,411,1,2
2119,412,1,2
2119,413,1,2
2119,414,1,2
2119,415,1,2
2119,416,1,2
2119,417,1,2
2119,418,1,2
2119,419,1,2
2119,420,1,2
2119,421,1,2
2119,422,1,2
2119,423,1,2
2119,424,1,2
2119,425,1,2
2119,426,1,2
2119,427,1,2
2119,428,1,2
2119,429,1,2
2119,430,1,2
2119,431,1,2
2119,432,1,2
2119,433,1,2
2119,434,1,2
2119,435,1,2
2119,436,1,2
2119,437,1,2
2119,438,1,2
2119,439,1,2
2119,440,1,2
2119,441,1,2
2119,442,1,2
2119,443,1,2
2119,444,1,2
2119,445,1,2
2119,446,1,2
2119,447,1,2
2119,448,1,2
2119,449,1,2
2119,450,1,2
2119,451,1,2
2119,452,1,2
2119,453,1,2
2119,454,1,2
2119,455,1,2
2119,456,1,2
2119,457,1,2
2119,458,1,2
2119,459,1,2
2119,460,1,2
2119,461,1,2
2119,462,1,2
2119,463,1,2
2119,464,1,2
2119,465,1,2
2119,466,1,2
2119,467,1,2
2119,468,1,2
2119,469,1,2
2119,470,1,2
2119,471,1,2
2119,472,1,2
2119,473,1,2
2119,474,1,2
2119,475,1,2
2119,476,1,2
2119,477,1,2
2119,478,1,2
2119,479,1,2
2119,480,1,2
2119,481,1,2
2119,482,1,2
2119,483,1,2
2119,484,1,2
2119,485,1,2
2119,486,1,2
2119,487,1,2
2119,488,1,2
2119,489,1,2
2119,490,1,2
2119,491,1,2
2119,492,1,2
2119,493,1,2
2119,494,1,2
2119,495,1,2
2119,496,1,2
2119,497,1,2
2119,498,1,2
2119,499,1,2
2119,500,1,2
2119,501,1,2
2119,502,1,2
2119,503,1,2
2119,504,1,2
2119,505,1,2
2119,506,1,2
2119,507,1,2
2119,508,1,2
2119,509,1,2
2119,510,1,2
2119,511,1,2
2119,512,1,2
2119,513,1,2
2119,514,1,2
2119,515,1,2
2119,516,1,2
2119,517,1,2
2119,518,1,2
2119,519,1,2
2119,520,1,2
2119,521,1,2
2119,522,1,2
2119,523,1,2
2119,524,1,2
2119,525,1,2
2119,526,1,2
2119,527,1,2
2119,528,1,2
2119,529,1,2
2119,530,1,2
2119,531,1,2
2119,532,1,2
2119,533,1,2
2119,534,1,2
2119,535,1,2
2119,536,1,2
2119,537,1,2
2119,538,1,2
2119,539,1,2
2119,540,1,2
2119,541,1,2
2119,542,1,2
2119,543,1,2
2119,544,1,2
2119,545,1,2
2119,546,1,2
2119,547,1,2
2119,548,1,2
2119,549,1,2
2119,550,1,2
2119,551,1,2
2119,552,1,2
2119,553,1,2
2119,554,1,2
2119,555,1,2
2119,556,1,2
2119,557,1,2
2119,558,1,2
2119,559,1,2
2119,560,1,2
2119,561,1,2
2119,562,1,2
2119,563,1,2
2119,564,1,2
2119,565,1,2
2119,566,1,2
2119,567,1,2
2119,568,1,2
2119,569,1,2
2119,570,1,2
2119,571,1,2
2119,572,1,2
2119,573,1,2
2119,574,1,2
2119,575,1,2
2119,576,1,2
2119,577,1,2
2119,578,1,2
2119,579,1,2
2119,580,1,2
2119,581,1,2
2119,582,1,2
2119,583,1,2
2119,584,1,2
2119,585,1,2
2119,586,1,2
2119,587,1,2
2119,588,1,2
2119,589,1,2
2119,590,1,2
2119,591,1,2
2119,592,1,2
2119,593,1,2
2119,594,1,2
2119,595,1,2
2119,596,1,2
2119,597,1,2
2119,598,1,2
2119,599,1,2
2119,600,1,2
2119,601,1,2
2119,602,1,2
2119,603,1,2
2119,604,1,2
2119,605,1,2
2119,606,1,2
2119,607,1,2
2119,608,1,2
2119,609,1,2
2119,610,1,2
2119,611,1,2
2119,612,1,2
2119,613,1,2
2119,614,1,2
2119,615,1,2
2119,616,1,2
2119,617,1,2
2119,618,1,2
2119,619,1,2
2119,620,1,2
2119,621,1,2
2119,622,1,2
2119,623,1,2
2119,624,1,2
2119,625,1,2
2119,626,1,2
2119,627,1,2
2119,628,1,2
2119,629,1,2
2119,630,1,2
2119,631,1,2
2119,632,1,2
2119,633,1,2
2119,634,1,2
2119,635,1,2
2119,636,1,2
2119,637,1,2
2119,638,1,2
2119,639,1,2
2119,640,1,2
2119,641,1,2
2119,642,1,2
2119,643,1,2
2119,644,1,2
2119,645,1,2
2120,154,1,2
2120,155,1,2
2120,156,1,2
2120,157,1,2
2120,158,1,2
2120,159,1,2
2120,160,1,2
2120,161,1,2
2120,162,1,2
2120,163,1,2
2120,164,1,2
2120,165,1,2
2120,166,1,2
2120,167,1,2
2120,168,1,2
2120,169,1,2
2120,170,1,2
2120,171,1,2
2120,172,1,2
2120,173,1,2
2120,174,1,2
2120,175,1,2
2120,176,1,2
2120,177,1,2
2120,178,1,2
2120,179,1,2
2120,180,1,2
2120,181,1,2
2120,182,1,2
2120,183,1,2
2120,184,1,2
2120,185,1,2
2120,186,1,2
2120,187,1,2
2120,188,1,2
2120,189,1,2
2120,190,1,2
2120,191,1,2
2120,192,1,2
2120,193,1,2
2120,194,1,2
2120,195,1,2
2120,196,1,2
2120,197,1,2
2120,198,1,2
2120,199,1,2
2120,200,1,2
2120,201,1,2
2120,202,1,2
2120,203,1,2
2120,204,1,2
2120,205,1,2
2120,206,1,2
2120,207,1,2
2120,208,1,2
2120,209,1,2
2120,210,1,2
2120,211,1,2
2120,212,1,2
2120,213,1,2
2120,214,1,2
2120,215,1,2
2120,216,1,2
2120,217,1,2
2120,218,1,2
2120,219,1,2
2120,220,1,2
2120,221,1,2
2120,222,1,2
2120,223,1,2
2120,224,1,2
2120,225,1,2
2120,226,1,2
2120,227,1,2
2120,228,1,2
2120,229,1,2
2120,230,1,2
2120,231,1,2
2120,232,1,2
2120,233,1,2
2120,234,1,2
2120,235,1,2
2120,236,1,2
2120,237,1,2
2120,238,1,2
2120,239,1,2
2120,240,1,2
2120,241,1,2
2120,242,1,2
2120,243,1,2
2120,244,1,2
2120,245,1,2
2120,246,1,2
2120,247,1,2
2120,248,1,2
2120,249,1,2
2120,250,1,2
2120,251,1,2
2120,252,1,2
2120,253,1,2
2120,254,1,2
2120,255,1,2
2120,256,1,2
2120,257,1,2
2120,258,1,2
2120,259,1,2
2120,260,1,2
2120,261,1,2
2120,262,1,2
2120,263,1,2
2120,264,1,2
2120,265,1,2
2120,266,1,2
2120,267,1,2
2120,268,1,2
2120,269,1,2
2120,270,1,2
2120,271,1,2
2120,272,1,2
2120,273,1,2
2120,274,1,2
2120,275,1,2
2120,276,1,2
2120,277,1,2
2120,278,1,2
2120,279,1,2
2120,280,1,2
2120,281,1,2
2120,282,1,2
2120,283,1,2
2120,284,1,2
2120,285,1,2
2120,286,1,2
2120,287,1,2
2120,288,1,2
2120,289,1,2
2120,290,1,2
2120,291,1,2
2120,292,1,2
2120,293,1,2
2120,294,1,2
2120,295,1,2
2120,296,1,2
2120,297,1,2
2120,298,1,2
2120,299,1,2
2120,300,1,2
2120,301,1,2
2120,302,1,2
2120,303,1,2
2120,304,1,2
2120,305,1,2
2120,306,1,2
2120,307,1,2
2120,308,1,2
2120,309,1,2
2120,310,1,2
2120,311,1,2
2120,312,1,2
2120,313,1,2
2120,314,1,2
2120,315,1,2
2120,316,1,2
2120,317,1,2
2120,318,1,2
2120,319,1,2
2120,320,1,2
2120,321,1,2
2120,322,1,2
2120,323,1,2
2120,324,1,2
2120,325,1,2
2120,326,1,2
2120,327,1,2
2120,328,1,2
2120,329,1,2
2120,330,1,2
2120,331,1,2
2120,332,1,2
2120,333,1,2
2120,334,1,2
2120,335,1,2
2120,336,1,2
2120,337,1,2
2120,338,1,2
2120,339,1,2
2120,340,1,2
2120,341,1,2
2120,342,1,2
2120,343,1,2
2120,344,1,2
2120,345,1,2
2120,346,1,2
2120,347,1,2
2120,348,1,2
2120,349,1,2
2120,350,1,2
2120,351,1,2
2120,352,1,2
2120,353,1,2
2120,354,1,2
2120,355,1,2
2120,356,1,2
2120,357,1,2
2120,358,1,2
2120,359,1,2
2120,360,1,2
2120,361,1,2
2120,362,1,2
2120,363,1,2
2120,364,1,2
2120,365,1,2
2120,366,1,2
2120,367,1,2
2120,368,1,2
2120,369,1,2
2120,370,1,2
2120,371,1,2
2120,372,1,2
2120,373,1,2
2120,374,1,2
2120,375,1,2
2120,376,1,2
2120,377,1,2
2120,378,1,2
2120,379,1,2
2120,380,1,2
2120,381,1,2
2120,382,1,2
2120,383,1,2
2120,384,1,2
2120,385,1,2
2120,386,1,2
2120,387,1,2
2120,388,1,2
2120,389,1,2
2120,390,1,2
2120,391,1,2
2120,392,1,2
2120,393,1,2
2120,394,1,2
2120,395,1,2
2120,396,1,2
2120,397,1,2
2120,398,1,2
2120,399,1,2
2120,400,1,2
2120,401,1,2
2120,402,1,2
2120,403,1,2
2120,404,1,2
2120,405,1,2
2120,406,1,2
2120,407,1,2
2120,408,1,2
2120,409,1,2
2120,410,1,2
2120,411,1,2
2120,412,1,2
2120,413,1,2
2120,414,1,2
2120,415,1,2
2120,416,1,2
2120,417,1,2
2120,418,1,2
2120,419,1,2
2120,420,1,2
2120,421,1,2
2120,422,1,2
2120,423,1,2
2120,424,1,2
2120,425,1,2
2120,426,1,2
2120,427,1,2
2120,428,1,2
2120,429,1,2
2120,430,1,2
2120,431,1,2
2120,432,1,2
2120,433,1,2
2120,434,1,2
2120,435,1,2
2120,436,1,2
2120,437,1,2
2120,438,1,2
2120,439,1,2
2120,440,1,2
2120,441,1,2
2120,442,1,2
2120,443,1,2
2120,444,1,2
2120,445,1,2
2120,446,1,2
2120,447,1,2
2120,448,1,2
2120,449,1,2
2120,450,1,2
2120,451,1,2
2120,452,1,2
2120,453,1,2
2120,454,1,2
2120,455,1,2
2120,456,1,2
2120,457,1,2
2120,458,1,2
2120,459,1,2
2120,460,1,2
2120,461,1,2
2120,462,1,2
2120,463,1,2
2120,464,1,2
2120,465,1,2
2120,466,1,2
2120,467,1,2
2120,468,1,2
2120,469,1,2
2120,470,1,2
2120,471,1,2
2120,472,1,2
2120,473,1,2
2120,474,1,2
2120,475,1,2
2120,476,1,2
2120,477,1,2
2120,478,1,2
2120,479,1,2
2120,480,1,2
2120,481,1,2
2120,482,1,2
2120,483,1,2
2120,484,1,2
2120,485,1,2
2120,486,1,2
2120,487,1,2
2120,488,1,2
2120,489,1,2
2120,490,1,2
2120,491,1,2
2120,492,1,2
2120,493,1,2
2120,494,1,2
2120,495,1,2
2120,496,1,2
2120,497,1,2
2120,498,1,2
2120,499,1,2
2120,500,1,2
2120,501,1,2
2120,502,1,2
2120,503,1,2
2120,504,1,2
2120,505,1,2
2120,506,1,2
2120,507,1,2
2120,508,1,2
2120,509,1,2
2120,510,1,2
2120,511,1,2
2120,512,1,2
2120,513,1,2
2120,514,1,2
2120,515,1,2
2120,516,1,2
2120,517,1,2
2120,518,1,2
2120,519,1,2
2120,520,1,2
2120,521,1,2
2120,522,1,2
2120,523,1,2
2120,524,1,2
2120,525,1,2
2120,526,1,2
2120,527,1,2
2120,528,1,2
2120,529,1,2
2120,530,1,2
2120,531,1,2
2120,532,1,2
2120,533,1,2
2120,534,1,2
2120,535,1,2
2120,536,1,2
2120,537,1,2
2120,538,1,2
2120,539,1,2
2120,540,1,2
2120,541,1,2
2120,542,1,2
2120,543,1,2
2120,544,1,2
2120,545,1,2
2120,546,1,2
2120,547,1,2
2120,548,1,2
2120,549,1,2
2120,550,1,2
2120,551,1,2
2120,552,1,2
2120,553,1,2
2120,554,1,2
2120,555,1,2
2120,556,1,2
2120,557,1,2
2120,558,1,2
2120,559,1,2
2120,560,1,2
2120,561,1,2
2120,562,1,2
2120,563,1,2
2120,564,1,2
2120,565,1,2
2120,566,1,2
2120,567,1,2
2120,568,1,2
2120,569,1,2
2120,570,1,2
2120,571,1,2
2120,572,1,2
2120,573,1,2
2120,574,1,2
2120,575,1,2
2120,576,1,2
2120,577,1,2
2120,578,1,2
2120,579,1,2
2120,580,1,2
2120,581,1,2
2120,582,1,2
2120,583,1,2
2120,584,1,2
2120,585,1,2
2120,586,1,2
2120,587,1,2
2120,588,1,2
2120,589,1,2
2120,590,1,2
2120,591,1,2
2120,592,1,2
2120,593,1,2
2120,594,1,2
2120,595,1,2
2120,596,1,2
2120,597,1,2
2120,598,1,2
2120,599,1,2
2120,600,1,2
2120,601,1,2
2120,602,1,2
2120,603,1,2
2120,604,1,2
2120,605,1,2
2120,606,1,2
2120,607,1,2
2120,608,1,2
2120,609,1,2
2120,610,1,2
2120,611,1,2
2120,612,1,2
2120,613,1,2
2120,614,1,2
2120,615,1,2
2120,616,1,2
2120,617,1,2
2120,618,1,2
2120,619,1,2
2120,620,1,2
2120,621,1,2
2120,622,1,2
2120,623,1,2
2120,624,1,2
2120,625,1,2
2120,626,1,2
2120,627,1,2
2120,628,1,2
2120,629,1,2
2120,630,1,2
2120,631,1,2
2120,632,1,2
2120,633,1,2
2120,634,1,2
2120,635,1,2
2120,636,1,2
2120,637,1,2
2120,638,1,2
2120,639,1,2
2120,640,1,2
2120,641,1,2
2120,642,1,2
2120,643,1,2
2120,644,1,2
2120,645,1,2
2121,154,1,2
2121,155,1,2
2121,156,1,2
2121,157,1,2
2121,158,1,2
2121,159,1,2
2121,160,1,2
2121,161,1,2
2121,162,1,2
2121,163,1,2
2121,164,1,2
2121,165,1,2
2121,166,1,2
2121,167,1,2
2121,168,1,2
2121,169,1,2
2121,170,1,2
2121,171,1,2
2121,172,1,2
2121,173,1,2
2121,174,1,2
2121,175,1,2
2121,176,1,2
2121,177,1,2
2121,178,1,2
2121,179,1,2
2121,180,1,2
2121,181,1,2
2121,182,1,2
2121,183,1,2
2121,184,1,2
2121,185,1,2
2121,186,1,2
2121,187,1,2
2121,188,1,2
2121,189,1,2
2121,190,1,2
2121,191,1,2
2121,192,1,2
2121,193,1,2
2121,194,1,2
2121,195,1,2
2121,196,1,2
2121,197,1,2
2121,198,1,2
2121,199,1,2
2121,200,1,2
2121,201,1,2
2121,202,1,2
2121,203,1,2
2121,204,1,2
2121,205,1,2
2121,206,1,2
2121,207,1,2
2121,208,1,2
2121,209,1,2
2121,210,1,2
2121,211,1,2
2121,212,1,2
2121,213,1,2
2121,214,1,2
2121,215,1,2
2121,216,1,2
2121,217,1,2
2121,218,1,2
2121,219,1,2
2121,220,1,2
2121,221,1,2
2121,222,1,2
2121,223,1,2
2121,224,1,2
2121,225,1,2
2121,226,1,2
2121,227,1,2
2121,228,1,2
2121,229,1,2
2121,230,1,2
2121,231,1,2
2121,232,1,2
2121,233,1,2
2121,234,1,2
2121,235,1,2
2121,236,1,2
2121,237,1,2
2121,238,1,2
2121,239,1,2
2121,240,1,2
2121,241,1,2
2121,242,1,2
2121,243,1,2
2121,244,1,2
2121,245,1,2
2121,246,1,2
2121,247,1,2
2121,248,1,2
2121,249,1,2
2121,250,1,2
2121,251,1,2
2121,252,1,2
2121,253,1,2
2121,254,1,2
2121,255,1,2
2121,256,1,2
2121,257,1,2
2121,258,1,2
2121,259,1,2
2121,260,1,2
2121,261,1,2
2121,262,1,2
2121,263,1,2
2121,264,1,2
2121,265,1,2
2121,266,1,2
2121,267,1,2
2121,268,1,2
2121,269,1,2
2121,270,1,2
2121,271,1,2
2121,272,1,2
2121,273,1,2
2121,274,1,2
2121,275,1,2
2121,276,1,2
2121,277,1,2
2121,278,1,2
2121,279,1,2
2121,280,1,2
2121,281,1,2
2121,282,1,2
2121,283,1,2
2121,284,1,2
2121,285,1,2
2121,286,1,2
2121,287,1,2
2121,288,1,2
2121,289,1,2
2121,290,1,2
2121,291,1,2
2121,292,1,2
2121,293,1,2
2121,294,1,2
2121,295,1,2
2121,296,1,2
2121,297,1,2
2121,298,1,2
2121,299,1,2
2121,300,1,2
2121,301,1,2
2121,302,1,2
2121,303,1,2
2121,304,1,2
2121,305,1,2
2121,306,1,2
2121,307,1,2
2121,308,1,2
2121,309,1,2
2121,310,1,2
2121,311,1,2
2121,312,1,2
2121,313,1,2
2121,314,1,2
2121,315,1,2
2121,316,1,2
2121,317,1,2
2121,318,1,2
2121,319,1,2
2121,320,1,2
2121,321,1,2
2121,322,1,2
2121,323,1,2
2121,324,1,2
2121,325,1,2
2121,326,1,2
2121,327,1,2
2121,328,1,2
2121,329,1,2
2121,330,1,2
2121,331,1,2
2121,332,1,2
2121,333,1,2
2121,334,1,2
2121,335,1,2
2121,336,1,2
2121,337,1,2
2121,338,1,2
2121,339,1,2
2121,340,1,2
2121,341,1,2
2121,342,1,2
2121,343,1,2
2121,344,1,2
2121,345,1,2
2121,346,1,2
2121,347,1,2
2121,348,1,2
2121,349,1,2
2121,350,1,2
2121,351,1,2
2121,352,1,2
2121,353,1,2
2121,354,1,2
2121,355,1,2
2121,356,1,2
2121,357,1,2
2121,358,1,2
2121,359,1,2
2121,360,1,2
2121,361,1,2
2121,362,1,2
2121,363,1,2
2121,364,1,2
2121,365,1,2
2121,366,1,2
2121,367,1,2
2121,368,1,2
2121,369,1,2
2121,370,1,2
2121,371,1,2
2121,372,1,2
2121,373,1,2
2121,374,1,2
2121,375,1,2
2121,376,1,2
2121,377,1,2
2121,378,1,2
2121,379,1,2
2121,380,1,2
2121,381,1,2
2121,382,1,2
2121,383,1,2
2121,384,1,2
2121,385,1,2
2121,386,1,2
2121,387,1,2
2121,388,1,2
2121,389,1,2
2121,390,1,2
2121,391,1,2
2121,392,1,2
2121,393,1,2
2121,394,1,2
2121,395,1,2
2121,396,1,2
2121,397,1,2
2121,398,1,2
2121,399,1,2
2121,400,1,2
2121,401,1,2
2121,402,1,2
2121,403,1,2
2121,404,1,2
2121,405,1,2
2121,406,1,2
2121,407,1,2
2121,408,1,2
2121,409,1,2
2121,410,1,2
2121,411,1,2
2121,412,1,2
2121,413,1,2
2121,414,1,2
2121,415,1,2
2121,416,1,2
2121,417,1,2
2121,418,1,2
2121,419,1,2
2121,420,1,2
2121,421,1,2
2121,422,1,2
2121,423,1,2
2121,424,1,2
2121,425,1,2
2121,426,1,2
2121,427,1,2
2121,428,1,2
2121,429,1,2
2121,430,1,2
2121,431,1,2
2121,432,1,2
2121,433,1,2
2121,434,1,2
2121,435,1,2
2121,436,1,2
2121,437,1,2
2121,438,1,2
2121,439,1,2
2121,440,1,2
2121,441,1,2
2121,442,1,2
2121,443,1,2
2121,444,1,2
2121,445,1,2
2121,446,1,2
2121,447,1,2
2121,448,1,2
2121,449,1,2
2121,450,1,2
2121,451,1,2
2121,452,1,2
2121,453,1,2
2121,454,1,2
2121,455,1,2
2121,456,1,2
2121,457,1,2
2121,458,1,2
2121,459,1,2
2121,460,1,2
2121,461,1,2
2121,462,1,2
2121,463,1,2
2121,464,1,2
2121,465,1,2
2121,466,1,2
2121,467,1,2
2121,468,1,2
2121,469,1,2
2121,470,1,2
2121,471,1,2
2121,472,1,2
2121,473,1,2
2121,474,1,2
2121,475,1,2
2121,476,1,2
2121,477,1,2
2121,478,1,2
2121,479,1,2
2121,480,1,2
2121,481,1,2
2121,482,1,2
2121,483,1,2
2121,484,1,2
2121,485,1,2
2121,486,1,2
2121,487,1,2
2121,488,1,2
2121,489,1,2
2121,490,1,2
2121,491,1,2
2121,492,1,2
2121,493,1,2
2121,494,1,2
2121,495,1,2
2121,496,1,2
2121,497,1,2
2121,498,1,2
2121,499,1,2
2121,500,1,2
2121,501,1,2
2121,502,1,2
2121,503,1,2
2121,504,1,2
2121,505,1,2
2121,506,1,2
2121,507,1,2
2121,508,1,2
2121,509,1,2
2121,510,1,2
2121,511,1,2
2121,512,1,2
2121,513,1,2
2121,514,1,2
2121,515,1,2
2121,516,1,2
2121,517,1,2
2121,518,1,2
2121,519,1,2
2121,520,1,2
2121,521,1,2
2121,522,1,2
2121,523,1,2
2121,524,1,2
2121,525,1,2
2121,526,1,2
2121,527,1,2
2121,528,1,2
2121,529,1,2
2121,530,1,2
2121,531,1,2
2121,532,1,2
2121,533,1,2
2121,534,1,2
2121,535,1,2
2121,536,1,2
2121,537,1,2
2121,538,1,2
2121,539,1,2
2121,540,1,2
2121,541,1,2
2121,542,1,2
2121,543,1,2
2121,544,1,2
2121,545,1,2
2121,546,1,2
2121,547,1,2
2121,548,1,2
2121,549,1,2
2121,550,1,2
2121,551,1,2
2121,552,1,2
2121,553,1,2
2121,554,1,2
2121,555,1,2
2121,556,1,2
2121,557,1,2
2121,558,1,2
2121,559,1,2
2121,560,1,2
2121,561,1,2
2121,562,1,2
2121,563,1,2
2121,564,1,2
2121,565,1,2
2121,566,1,2
2121,567,1,2
2121,568,1,2
2121,569,1,2
2121,570,1,2
2121,571,1,2
2121,572,1,2
2121,573,1,2
2121,574,1,2
2121,575,1,2
2121,576,1,2
2121,577,1,2
2121,578,1,2
2121,579,1,2
2121,580,1,2
2121,581,1,2
2121,582,1,2
2121,583,1,2
2121,584,1,2
2121,585,1,2
2121,586,1,2
2121,587,1,2
2121,588,1,2
2121,589,1,2
2121,590,1,2
2121,591,1,2
2121,592,1,2
2121,593,1,2
2121,594,1,2
2121,595,1,2
2121,596,1,2
2121,597,1,2
2121,598,1,2
2121,599,1,2
2121,600,1,2
2121,601,1,2
2121,602,1,2
2121,603,1,2
2121,604,1,2
2121,605,1,2
2121,606,1,2
2121,607,1,2
2121,608,1,2
2121,609,1,2
2121,610,1,2
2121,611,1,2
2121,612,1,2
2121,613,1,2
2121,614,1,2
2121,615,1,2
2121,616,1,2
2121,617,1,2
2121,618,1,2
2121,619,1,2
2121,620,1,2
2121,621,1,2
2121,622,1,2
2121,623,1,2
2121,624,1,2
2121,625,1,2
2121,626,1,2
2121,627,1,2
2121,628,1,2
2121,629,1,2
2121,630,1,2
2121,631,1,2
2121,632,1,2
2121,633,1,2
2121,634,1,2
2121,635,1,2
2121,636,1,2
2121,637,1,2
2121,638,1,2
2121,639,1,2
2121,640,1,2
2121,641,1,2
2121,642,1,2
2121,643,1,2
2121,644,1,2
2121,645,1,2
2122,154,1,2
2122,155,1,2
2122,156,1,2
2122,157,1,2
2122,158,1,2
2122,159,1,2
2122,160,1,2
2122,161,1,2
2122,162,1,2
2122,163,1,2
2122,164,1,2
2122,165,1,2
2122,166,1,2
2122,167,1,2
2122,168,1,2
2122,169,1,2
2122,170,1,2
2122,171,1,2
2122,172,1,2
2122,173,1,2
2122,174,1,2
2122,175,1,2
2122,176,1,2
2122,177,1,2
2122,178,1,2
2122,179,1,2
2122,180,1,2
2122,181,1,2
2122,182,1,2
2122,183,1,2
2122,184,1,2
2122,185,1,2
2122,186,1,2
2122,187,1,2
2122,188,1,2
2122,189,1,2
2122,190,1,2
2122,191,1,2
2122,192,1,2
2122,193,1,2
2122,194,1,2
2122,195,1,2
2122,196,1,2
2122,197,1,2
2122,198,1,2
2122,199,1,2
2122,200,1,2
2122,201,1,2
2122,202,1,2
2122,203,1,2
2122,204,1,2
2122,205,1,2
2122,206,1,2
2122,207,1,2
2122,208,1,2
2122,209,1,2
2122,210,1,2
2122,211,1,2
2122,212,1,2
2122,213,1,2
2122,214,1,2
2122,215,1,2
2122,216,1,2
2122,217,1,2
2122,218,1,2
2122,219,1,2
2122,220,1,2
2122,221,1,2
2122,222,1,2
2122,223,1,2
2122,224,1,2
2122,225,1,2
2122,226,1,2
2122,227,1,2
2122,228,1,2
2122,229,1,2
2122,230,1,2
2122,231,1,2
2122,232,1,2
2122,233,1,2
2122,234,1,2
2122,235,1,2
2122,236,1,2
2122,237,1,2
2122,238,1,2
2122,239,1,2
2122,240,1,2
2122,241,1,2
2122,242,1,2
2122,243,1,2
2122,244,1,2
2122,245,1,2
2122,246,1,2
2122,247,1,2
2122,248,1,2
2122,249,1,2
2122,250,1,2
2122,251,1,2
2122,252,1,2
2122,253,1,2
2122,254,1,2
2122,255,1,2
2122,256,1,2
2122,257,1,2
2122,258,1,2
2122,259,1,2
2122,260,1,2
2122,261,1,2
2122,262,1,2
2122,263,1,2
2122,264,1,2
2122,265,1,2
2122,266,1,2
2122,267,1,2
2122,268,1,2
2122,269,1,2
2122,270,1,2
2122,271,1,2
2122,272,1,2
2122,273,1,2
2122,274,1,2
2122,275,1,2
2122,276,1,2
2122,277,1,2
2122,278,1,2
2122,279,1,2
2122,280,1,2
2122,281,1,2
2122,282,1,2
2122,283,1,2
2122,284,1,2
2122,285,1,2
2122,286,1,2
2122,287,1,2
2122,288,1,2
2122,289,1,2
2122,290,1,2
2122,291,1,2
2122,292,1,2
2122,293,1,2
2122,294,1,2
2122,295,1,2
2122,296,1,2
2122,297,1,2
2122,298,1,2
2122,299,1,2
2122,300,1,2
2122,301,1,2
2122,302,1,2
2122,303,1,2
2122,304,1,2
2122,305,1,2
2122,306,1,2
2122,307,1,2
2122,308,1,2
2122,309,1,2
2122,310,1,2
2122,311,1,2
2122,312,1,2
2122,313,1,2
2122,314,1,2
2122,315,1,2
2122,316,1,2
2122,317,1,2
2122,318,1,2
2122,319,1,2
2122,320,1,2
2122,321,1,2
2122,322,1,2
2122,323,1,2
2122,324,1,2
2122,325,1,2
2122,326,1,2
2122,327,1,2
2122,328,1,2
2122,329,1,2
2122,330,1,2
2122,331,1,2
2122,332,1,2
2122,333,1,2
2122,334,1,2
2122,335,1,2
2122,336,1,2
2122,337,1,2
2122,338,1,2
2122,339,1,2
2122,340,1,2
2122,341,1,2
2122,342,1,2
2122,343,1,2
2122,344,1,2
2122,345,1,2
2122,346,1,2
2122,347,1,2
2122,348,1,2
2122,349,1,2
2122,350,1,2
2122,351,1,2
2122,352,1,2
2122,353,1,2
2122,354,1,2
2122,355,1,2
2122,356,1,2
2122,357,1,2
2122,358,1,2
2122,359,1,2
2122,360,1,2
2122,361,1,2
2122,362,1,2
2122,363,1,2
2122,364,1,2
2122,365,1,2
2122,366,1,2
2122,367,1,2
2122,368,1,2
2122,369,1,2
2122,370,1,2
2122,371,1,2
2122,372,1,2
2122,373,1,2
2122,374,1,2
2122,375,1,2
2122,376,1,2
2122,377,1,2
2122,378,1,2
2122,379,1,2
2122,380,1,2
2122,381,1,2
2122,382,1,2
2122,383,1,2
2122,384,1,2
2122,385,1,2
2122,386,1,2
2122,387,1,2
2122,388,1,2
2122,389,1,2
2122,390,1,2
2122,391,1,2
2122,392,1,2
2122,393,1,2
2122,394,1,2
2122,395,1,2
2122,396,1,2
2122,397,1,2
2122,398,1,2
2122,399,1,2
2122,400,1,2
2122,401,1,2
2122,402,1,2
2122,403,1,2
2122,404,1,2
2122,405,1,2
2122,406,1,2
2122,407,1,2
2122,408,1,2
2122,409,1,2
2122,410,1,2
2122,411,1,2
2122,412,1,2
2122,413,1,2
2122,414,1,2
2122,415,1,2
2122,416,1,2
2122,417,1,2
2122,418,1,2
2122,419,1,2
2122,420,1,2
2122,421,1,2
2122,422,1,2
2122,423,1,2
2122,424,1,2
2122,425,1,2
2122,426,1,2
2122,427,1,2
2122,428,1,2
2122,429,1,2
2122,430,1,2
2122,431,1,2
2122,432,1,2
2122,433,1,2
2122,434,1,2
2122,435,1,2
2122,436,1,2
2122,437,1,2
2122,438,1,2
2122,439,1,2
2122,440,1,2
2122,441,1,2
2122,442,1,2
2122,443,1,2
2122,444,1,2
2122,445,1,2
2122,446,1,2
2122,447,1,2
2122,448,1,2
2122,449,1,2
2122,450,1,2
2122,451,1,2
2122,452,1,2
2122,453,1,2
2122,454,1,2
2122,455,1,2
2122,456,1,2
2122,457,1,2
2122,458,1,2
2122,459,1,2
2122,460,1,2
2122,461,1,2
2122,462,1,2
2122,463,1,2
2122,464,1,2
2122,465,1,2
2122,466,1,2
2122,467,1,2
2122,468,1,2
2122,469,1,2
2122,470,1,2
2122,471,1,2
2122,472,1,2
2122,473,1,2
2122,474,1,2
2122,475,1,2
2122,476,1,2
2122,477,1,2
2122,478,1,2
2122,479,1,2
2122,480,1,2
2122,481,1,2
2122,482,1,2
2122,483,1,2
2122,484,1,2
2122,485,1,2
2122,486,1,2
2122,487,1,2
2122,488,1,2
2122,489,1,2
2122,490,1,2
2122,491,1,2
2122,492,1,2
2122,493,1,2
2122,494,1,2
2122,495,1,2
2122,496,1,2
2122,497,1,2
2122,498,1,2
2122,499,1,2
2122,500,1,2
2122,501,1,2
2122,502,1,2
2122,503,1,2
2122,504,1,2
2122,505,1,2
2122,506,1,2
2122,507,1,2
2122,508,1,2
2122,509,1,2
2122,510,1,2
2122,511,1,2
2122,512,1,2
2122,513,1,2
2122,514,1,2
2122,515,1,2
2122,516,1,2
2122,517,1,2
2122,518,1,2
2122,519,1,2
2122,520,1,2
2122,521,1,2
2122,522,1,2
2122,523,1,2
2122,524,1,2
2122,525,1,2
2122,526,1,2
2122,527,1,2
2122,528,1,2
2122,529,1,2
2122,530,1,2
2122,531,1,2
2122,532,1,2
2122,533,1,2
2122,534,1,2
2122,535,1,2
2122,536,1,2
2122,537,1,2
2122,538,1,2
2122,539,1,2
2122,540,1,2
2122,541,1,2
2122,542,1,2
2122,543,1,2
2122,544,1,2
2122,545,1,2
2122,546,1,2
2122,547,1,2
2122,548,1,2
2122,549,1,2
2122,550,1,2
2122,551,1,2
2122,552,1,2
2122,553,1,2
2122,554,1,2
2122,555,1,2
2122,556,1,2
2122,557,1,2
2122,558,1,2
2122,559,1,2
2122,560,1,2
2122,561,1,2
2122,562,1,2
2122,563,1,2
2122,564,1,2
2122,565,1,2
2122,566,1,2
2122,567,1,2
2122,568,1,2
2122,569,1,2
2122,570,1,2
2122,571,1,2
2122,572,1,2
2122,573,1,2
2122,574,1,2
2122,575,1,2
2122,576,1,2
2122,577,1,2
2122,578,1,2
2122,579,1,2
2122,580,1,2
2122,581,1,2
2122,582,1,2
2122,583,1,2
2122,584,1,2
2122,585,1,2
2122,586,1,2
2122,587,1,2
2122,588,1,2
2122,589,1,2
2122,590,1,2
2122,591,1,2
2122,592,1,2
2122,593,1,2
2122,594,1,2
2122,595,1,2
2122,596,1,2
2122,597,1,2
2122,598,1,2
2122,599,1,2
2122,600,1,2
2122,601,1,2
2122,602,1,2
2122,603,1,2
2122,604,1,2
2122,605,1,2
2122,606,1,2
2122,607,1,2
2122,608,1,2
2122,609,1,2
2122,610,1,2
2122,611,1,2
2122,612,1,2
2122,613,1,2
2122,614,1,2
2122,615,1,2
2122,616,1,2
2122,617,1,2
2122,618,1,2
2122,619,1,2
2122,620,1,2
2122,621,1,2
2122,622,1,2
2122,623,1,2
2122,624,1,2
2122,625,1,2
2122,626,1,2
2122,627,1,2
2122,628,1,2
2122,629,1,2
2122,630,1,2
2122,631,1,2
2122,632,1,2
2122,633,1,2
2122,634,1,2
2122,635,1,2
2122,636,1,2
2122,637,1,2
2122,638,1,2
2122,639,1,2
2122,640,1,2
2122,641,1,2
2122,642,1,2
2122,643,1,2
2122,644,1,2
2122,645,1,2
2123,155,1,2
2123,156,1,2
2123,157,1,2
2123,158,1,2
2123,159,1,2
2123,160,1,2
2123,161,1,2
2123,162,1,2
2123,163,1,2
2123,164,1,2
2123,165,1,2
2123,166,1,2
2123,167,1,2
2123,168,1,2
2123,169,1,2
2123,170,1,2
2123,171,1,2
2123,172,1,2
2123,173,1,2
2123,174,1,2
2123,175,1,2
2123,176,1,2
2123,177,1,2
2123,178,1,2
2123,179,1,2
2123,180,1,2
2123,181,1,2
2123,182,1,2
2123,183,1,2
2123,184,1,2
2123,185,1,2
2123,186,1,2
2123,187,1,2
2123,188,1,2
2123,189,1,2
2123,190,1,2
2123,191,1,2
2123,192,1,2
2123,193,1,2
2123,194,1,2
2123,195,1,2
2123,196,1,2
2123,197,1,2
2123,198,1,2
2123,199,1,2
2123,200,1,2
2123,201,1,2
2123,202,1,2
2123,203,1,2
2123,204,1,2
2123,205,1,2
2123,206,1,2
2123,207,1,2
2123,208,1,2
2123,209,1,2
2123,210,1,2
2123,211,1,2
2123,212,1,2
2123,213,1,2
2123,214,1,2
2123,215,1,2
2123,216,1,2
2123,217,1,2
2123,218,1,2
2123,219,1,2
2123,220,1,2
2123,221,1,2
2123,222,1,2
2123,223,1,2
2123,224,1,2
2123,225,1,2
2123,226,1,2
2123,227,1,2
2123,228,1,2
2123,229,1,2
2123,230,1,2
2123,231,1,2
2123,232,1,2
2123,233,1,2
2123,234,1,2
2123,235,1,2
2123,236,1,2
2123,237,1,2
2123,238,1,2
2123,239,1,2
2123,240,1,2
2123,241,1,2
2123,242,1,2
2123,243,1,2
2123,244,1,2
2123,245,1,2
2123,246,1,2
2123,247,1,2
2123,248,1,2
2123,249,1,2
2123,250,1,2
2123,251,1,2
2123,252,1,2
2123,253,1,2
2123,254,1,2
2123,255,1,2
2123,256,1,2
2123,257,1,2
2123,258,1,2
2123,259,1,2
2123,260,1,2
2123,261,1,2
2123,262,1,2
2123,263,1,2
2123,264,1,2
2123,265,1,2
2123,266,1,2
2123,267,1,2
2123,268,1,2
2123,269,1,2
2123,270,1,2
2123,271,1,2
2123,272,1,2
2123,273,1,2
2123,274,1,2
2123,275,1,2
2123,276,1,2
2123,277,1,2
2123,278,1,2
2123,279,1,2
2123,280,1,2
2123,281,1,2
2123,282,1,2
2123,283,1,2
2123,284,1,2
2123,285,1,2
2123,286,1,2
2123,287,1,2
2123,288,1,2
2123,289,1,2
2123,290,1,2
2123,291,1,2
2123,292,1,2
2123,293,1,2
2123,294,1,2
2123,295,1,2
2123,296,1,2
2123,297,1,2
2123,298,1,2
2123,299,1,2
2123,300,1,2
2123,301,1,2
2123,302,1,2
2123,303,1,2
2123,304,1,2
2123,305,1,2
2123,306,1,2
2123,307,1,2
2123,308,1,2
2123,309,1,2
2123,310,1,2
2123,311,1,2
2123,312,1,2
2123,313,1,2
2123,314,1,2
2123,315,1,2
2123,316,1,2
2123,317,1,2
2123,318,1,2
2123,319,1,2
2123,320,1,2
2123,321,1,2
2123,322,1,2
2123,323,1,2
2123,324,1,2
2123,325,1,2
2123,326,1,2
2123,327,1,2
2123,328,1,2
2123,329,1,2
2123,330,1,2
2123,331,1,2
2123,332,1,2
2123,333,1,2
2123,334,1,2
2123,335,1,2
2123,336,1,2
2123,337,1,2
2123,338,1,2
2123,339,1,2
2123,340,1,2
2123,341,1,2
2123,342,1,2
2123,343,1,2
2123,344,1,2
2123,345,1,2
2123,346,1,2
2123,347,1,2
2123,348,1,2
2123,349,1,2
2123,350,1,2
2123,351,1,2
2123,352,1,2
2123,353,1,2
2123,354,1,2
2123,355,1,2
2123,356,1,2
2123,357,1,2
2123,358,1,2
2123,359,1,2
2123,360,1,2
2123,361,1,2
2123,362,1,2
2123,363,1,2
2123,364,1,2
2123,365,1,2
2123,366,1,2
2123,367,1,2
2123,368,1,2
2123,369,1,2
2123,370,1,2
2123,371,1,2
2123,372,1,2
2123,373,1,2
2123,374,1,2
2123,375,1,2
2123,376,1,2
2123,377,1,2
2123,378,1,2
2123,379,1,2
2123,380,1,2
2123,381,1,2
2123,382,1,2
2123,383,1,2
2123,384,1,2
2123,385,1,2
2123,386,1,2
2123,387,1,2
2123,388,1,2
2123,389,1,2
2123,390,1,2
2123,391,1,2
2123,392,1,2
2123,393,1,2
2123,394,1,2
2123,395,1,2
2123,396,1,2
2123,397,1,2
2123,398,1,2
2123,399,1,2
2123,400,1,2
2123,401,1,2
2123,402,1,2
2123,403,1,2
2123,404,1,2
2123,405,1,2
2123,406,1,2
2123,407,1,2
2123,408,1,2
2123,409,1,2
2123,410,1,2
2123,411,1,2
2123,412,1,2
2123,413,1,2
2123,414,1,2
2123,415,1,2
2123,416,1,2
2123,417,1,2
2123,418,1,2
2123,419,1,2
2123,420,1,2
2123,421,1,2
2123,422,1,2
2123,423,1,2
2123,424,1,2
2123,425,1,2
2123,426,1,2
2123,427,1,2
2123,428,1,2
2123,429,1,2
2123,430,1,2
2123,431,1,2
2123,432,1,2
2123,433,1,2
2123,434,1,2
2123,435,1,2
2123,436,1,2
2123,437,1,2
2123,438,1,2
2123,439,1,2
2123,440,1,2
2123,441,1,2
2123,442,1,2
2123,443,1,2
2123,444,1,2
2123,445,1,2
2123,446,1,2
2123,447,1,2
2123,448,1,2
2123,449,1,2
2123,450,1,2
2123,451,1,2
2123,452,1,2
2123,453,1,2
2123,454,1,2
2123,455,1,2
2123,456,1,2
2123,457,1,2
2123,458,1,2
2123,459,1,2
2123,460,1,2
2123,461,1,2
2123,462,1,2
2123,463,1,2
2123,464,1,2
2123,465,1,2
2123,466,1,2
2123,467,1,2
2123,468,1,2
2123,469,1,2
2123,470,1,2
2123,471,1,2
2123,472,1,2
2123,473,1,2
2123,474,1,2
2123,475,1,2
2123,476,1,2
2123,477,1,2
2123,478,1,2
2123,479,1,2
2123,480,1,2
2123,481,1,2
2123,482,1,2
2123,483,1,2
2123,484,1,2
2123,485,1,2
2123,486,1,2
2123,487,1,2
2123,488,1,2
2123,489,1,2
2123,490,1,2
2123,491,1,2
2123,492,1,2
2123,493,1,2
2123,494,1,2
2123,495,1,2
2123,496,1,2
2123,497,1,2
2123,498,1,2
2123,499,1,2
2123,500,1,2
2123,501,1,2
2123,502,1,2
2123,503,1,2
2123,504,1,2
2123,505,1,2
2123,506,1,2
2123,507,1,2
2123,508,1,2
2123,509,1,2
2123,510,1,2
2123,511,1,2
2123,512,1,2
2123,513,1,2
2123,514,1,2
2123,515,1,2
2123,516,1,2
2123,517,1,2
2123,518,1,2
2123,519,1,2
2123,520,1,2
2123,521,1,2
2123,522,1,2
2123,523,1,2
2123,524,1,2
2123,525,1,2
2123,526,1,2
2123,527,1,2
2123,528,1,2
2123,529,1,2
2123,530,1,2
2123,531,1,2
2123,532,1,2
2123,533,1,2
2123,534,1,2
2123,535,1,2
2123,536,1,2
2123,537,1,2
2123,538,1,2
2123,539,1,2
2123,540,1,2
2123,541,1,2
2123,542,1,2
2123,543,1,2
2123,544,1,2
2123,545,1,2
2123,546,1,2
2123,547,1,2
2123,548,1,2
2123,549,1,2
2123,550,1,2
2123,551,1,2
2123,552,1,2
2123,553,1,2
2123,554,1,2
2123,555,1,2
2123,556,1,2
2123,557,1,2
2123,558,1,2
2123,559,1,2
2123,560,1,2
2123,561,1,2
2123,562,1,2
2123,563,1,2
2123,564,1,2
2123,565,1,2
2123,566,1,2
2123,567,1,2
2123,568,1,2
2123,569,1,2
2123,570,1,2
2123,571,1,2
2123,572,1,2
2123,573,1,2
2123,574,1,2
2123,575,1,2
2123,576,1,2
2123,577,1,2
2123,578,1,2
2123,579,1,2
2123,580,1,2
2123,581,1,2
2123,582,1,2
2123,583,1,2
2123,584,1,2
2123,585,1,2
2123,586,1,2
2123,587,1,2
2123,588,1,2
2123,589,1,2
2123,590,1,2
2123,591,1,2
2123,592,1,2
2123,593,1,2
2123,594,1,2
2123,595,1,2
2123,596,1,2
2123,597,1,2
2123,598,1,2
2123,599,1,2
2123,600,1,2
2123,601,1,2
2123,602,1,2
2123,603,1,2
2123,604,1,2
2123,605,1,2
2123,606,1,2
2123,607,1,2
2123,608,1,2
2123,609,1,2
2123,610,1,2
2123,611,1,2
2123,612,1,2
2123,613,1,2
2123,614,1,2
2123,615,1,2
2123,616,1,2
2123,617,1,2
2123,618,1,2
2123,619,1,2
2123,620,1,2
2123,621,1,2
2123,622,1,2
2123,623,1,2
2123,624,1,2
2123,625,1,2
2123,626,1,2
2123,627,1,2
2123,628,1,2
2123,629,1,2
2123,630,1,2
2123,631,1,2
2123,632,1,2
2123,633,1,2
2123,634,1,2
2123,635,1,2
2123,636,1,2
2123,637,1,2
2123,638,1,2
2123,639,1,2
2123,640,1,2
2123,641,1,2
2123,642,1,2
2123,643,1,2
2123,644,1,2
2123,645,1,2
2124,156,1,2
2124,157,1,2
2124,158,1,2
2124,159,1,2
2124,160,1,2
2124,161,1,2
2124,162,1,2
2124,163,1,2
2124,164,1,2
2124,165,1,2
2124,166,1,2
2124,167,1,2
2124,168,1,2
2124,169,1,2
2124,170,1,2
2124,171,1,2
2124,172,1,2
2124,173,1,2
2124,174,1,2
2124,175,1,2
2124,176,1,2
2124,177,1,2
2124,178,1,2
2124,179,1,2
2124,180,1,2
2124,181,1,2
2124,182,1,2
2124,183,1,2
2124,184,1,2
2124,185,1,2
2124,186,1,2
2124,187,1,2
2124,188,1,2
2124,189,1,2
2124,190,1,2
2124,191,1,2
2124,192,1,2
2124,193,1,2
2124,194,1,2
2124,195,1,2
2124,196,1,2
2124,197,1,2
2124,198,1,2
2124,199,1,2
2124,200,1,2
2124,201,1,2
2124,202,1,2
2124,203,1,2
2124,204,1,2
2124,205,1,2
2124,206,1,2
2124,207,1,2
2124,208,1,2
2124,209,1,2
2124,210,1,2
2124,211,1,2
2124,212,1,2
2124,213,1,2
2124,214,1,2
2124,215,1,2
2124,216,1,2
2124,217,1,2
2124,218,1,2
2124,219,1,2
2124,220,1,2
2124,221,1,2
2124,222,1,2
2124,223,1,2
2124,224,1,2
2124,225,1,2
2124,226,1,2
2124,227,1,2
2124,228,1,2
2124,229,1,2
2124,230,1,2
2124,231,1,2
2124,232,1,2
2124,233,1,2
2124,234,1,2
2124,235,1,2
2124,236,1,2
2124,237,1,2
2124,238,1,2
2124,239,1,2
2124,240,1,2
2124,241,1,2
2124,242,1,2
2124,243,1,2
2124,244,1,2
2124,245,1,2
2124,246,1,2
2124,247,1,2
2124,248,1,2
2124,249,1,2
2124,250,1,2
2124,251,1,2
2124,252,1,2
2124,253,1,2
2124,254,1,2
2124,255,1,2
2124,256,1,2
2124,257,1,2
2124,258,1,2
2124,259,1,2
2124,260,1,2
2124,261,1,2
2124,262,1,2
2124,263,1,2
2124,264,1,2
2124,265,1,2
2124,266,1,2
2124,267,1,2
2124,268,1,2
2124,269,1,2
2124,270,1,2
2124,271,1,2
2124,272,1,2
2124,273,1,2
2124,274,1,2
2124,275,1,2
2124,276,1,2
2124,277,1,2
2124,278,1,2
2124,279,1,2
2124,280,1,2
2124,281,1,2
2124,282,1,2
2124,283,1,2
2124,284,1,2
2124,285,1,2
2124,286,1,2
2124,287,1,2
2124,288,1,2
2124,289,1,2
2124,290,1,2
2124,291,1,2
2124,292,1,2
2124,293,1,2
2124,294,1,2
2124,295,1,2
2124,296,1,2
2124,297,1,2
2124,298,1,2
2124,299,1,2
2124,300,1,2
2124,301,1,2
2124,302,1,2
2124,303,1,2
2124,304,1,2
2124,305,1,2
2124,306,1,2
2124,307,1,2
2124,308,1,2
2124,309,1,2
2124,310,1,2
2124,311,1,2
2124,312,1,2
2124,313,1,2
2124,314,1,2
2124,315,1,2
2124,316,1,2
2124,317,1,2
2124,318,1,2
2124,319,1,2
2124,320,1,2
2124,321,1,2
2124,322,1,2
2124,323,1,2
2124,324,1,2
2124,325,1,2
2124,326,1,2
2124,327,1,2
2124,328,1,2
2124,329,1,2
2124,330,1,2
2124,331,1,2
2124,332,1,2
2124,333,1,2
2124,334,1,2
2124,335,1,2
2124,336,1,2
2124,337,1,2
2124,338,1,2
2124,339,1,2
2124,340,1,2
2124,341,1,2
2124,342,1,2
2124,343,1,2
2124,344,1,2
2124,345,1,2
2124,346,1,2
2124,347,1,2
2124,348,1,2
2124,349,1,2
2124,350,1,2
2124,351,1,2
2124,352,1,2
2124,353,1,2
2124,354,1,2
2124,355,1,2
2124,356,1,2
2124,357,1,2
2124,358,1,2
2124,359,1,2
2124,360,1,2
2124,361,1,2
2124,362,1,2
2124,363,1,2
2124,364,1,2
2124,365,1,2
2124,366,1,2
2124,367,1,2
2124,368,1,2
2124,369,1,2
2124,370,1,2
2124,371,1,2
2124,372,1,2
2124,373,1,2
2124,374,1,2
2124,375,1,2
2124,376,1,2
2124,377,1,2
2124,378,1,2
2124,379,1,2
2124,380,1,2
2124,381,1,2
2124,382,1,2
2124,383,1,2
2124,384,1,2
2124,385,1,2
2124,386,1,2
2124,387,1,2
2124,388,1,2
2124,389,1,2
2124,390,1,2
2124,391,1,2
2124,392,1,2
2124,393,1,2
2124,394,1,2
2124,395,1,2
2124,396,1,2
2124,397,1,2
2124,398,1,2
2124,399,1,2
2124,400,1,2
2124,401,1,2
2124,402,1,2
2124,403,1,2
2124,404,1,2
2124,405,1,2
2124,406,1,2
2124,407,1,2
2124,408,1,2
2124,409,1,2
2124,410,1,2
2124,411,1,2
2124,412,1,2
2124,413,1,2
2124,414,1,2
2124,415,1,2
2124,416,1,2
2124,417,1,2
2124,418,1,2
2124,419,1,2
2124,420,1,2
2124,421,1,2
2124,422,1,2
2124,423,1,2
2124,424,1,2
2124,425,1,2
2124,426,1,2
2124,427,1,2
2124,428,1,2
2124,429,1,2
2124,430,1,2
2124,431,1,2
2124,432,1,2
2124,433,1,2
2124,434,1,2
2124,435,1,2
2124,436,1,2
2124,437,1,2
2124,438,1,2
2124,439,1,2
2124,440,1,2
2124,441,1,2
2124,442,1,2
2124,443,1,2
2124,444,1,2
2124,445,1,2
2124,446,1,2
2124,447,1,2
2124,448,1,2
2124,449,1,2
2124,450,1,2
2124,451,1,2
2124,452,1,2
2124,453,1,2
2124,454,1,2
2124,455,1,2
2124,456,1,2
2124,457,1,2
2124,458,1,2
2124,459,1,2
2124,460,1,2
2124,461,1,2
2124,462,1,2
2124,463,1,2
2124,464,1,2
2124,465,1,2
2124,466,1,2
2124,467,1,2
2124,468,1,2
2124,469,1,2
2124,470,1,2
2124,471,1,2
2124,472,1,2
2124,473,1,2
2124,474,1,2
2124,475,1,2
2124,476,1,2
2124,477,1,2
2124,478,1,2
2124,479,1,2
2124,480,1,2
2124,481,1,2
2124,482,1,2
2124,483,1,2
2124,484,1,2
2124,485,1,2
2124,486,1,2
2124,487,1,2
2124,488,1,2
2124,489,1,2
2124,490,1,2
2124,491,1,2
2124,492,1,2
2124,493,1,2
2124,494,1,2
2124,495,1,2
2124,496,1,2
2124,497,1,2
2124,498,1,2
2124,499,1,2
2124,500,1,2
2124,501,1,2
2124,502,1,2
2124,503,1,2
2124,504,1,2
2124,505,1,2
2124,506,1,2
2124,507,1,2
2124,508,1,2
2124,509,1,2
2124,510,1,2
2124,511,1,2
2124,512,1,2
2124,513,1,2
2124,514,1,2
2124,515,1,2
2124,516,1,2
2124,517,1,2
2124,518,1,2
2124,519,1,2
2124,520,1,2
2124,521,1,2
2124,522,1,2
2124,523,1,2
2124,524,1,2
2124,525,1,2
2124,526,1,2
2124,527,1,2
2124,528,1,2
2124,529,1,2
2124,530,1,2
2124,531,1,2
2124,532,1,2
2124,533,1,2
2124,534,1,2
2124,535,1,2
2124,536,1,2
2124,537,1,2
2124,538,1,2
2124,539,1,2
2124,540,1,2
2124,541,1,2
2124,542,1,2
2124,543,1,2
2124,544,1,2
2124,545,1,2
2124,546,1,2
2124,547,1,2
2124,548,1,2
2124,549,1,2
2124,550,1,2
2124,551,1,2
2124,552,1,2
2124,553,1,2
2124,554,1,2
2124,555,1,2
2124,556,1,2
2124,557,1,2
2124,558,1,2
2124,559,1,2
2124,560,1,2
2124,561,1,2
2124,562,1,2
2124,563,1,2
2124,564,1,2
2124,565,1,2
2124,566,1,2
2124,567,1,2
2124,568,1,2
2124,569,1,2
2124,570,1,2
2124,571,1,2
2124,572,1,2
2124,573,1,2
2124,574,1,2
2124,575,1,2
2124,576,1,2
2124,577,1,2
2124,578,1,2
2124,579,1,2
2124,580,1,2
2124,581,1,2
2124,582,1,2
2124,583,1,2
2124,584,1,2
2124,585,1,2
2124,586,1,2
2124,587,1,2
2124,588,1,2
2124,589,1,2
2124,590,1,2
2124,591,1,2
2124,592,1,2
2124,593,1,2
2124,594,1,2
2124,595,1,2
2124,596,1,2
2124,597,1,2
2124,598,1,2
2124,599,1,2
2124,600,1,2
2124,601,1,2
2124,602,1,2
2124,603,1,2
2124,604,1,2
2124,605,1,2
2124,606,1,2
2124,607,1,2
2124,608,1,2
2124,609,1,2
2124,610,1,2
2124,611,1,2
2124,612,1,2
2124,613,1,2
2124,614,1,2
2124,615,1,2
2124,616,1,2
2124,617,1,2
2124,618,1,2
2124,619,1,2
2124,620,1,2
2124,621,1,2
2124,622,1,2
2124,623,1,2
2124,624,1,2
2124,625,1,2
2124,626,1,2
2124,627,1,2
2124,628,1,2
2124,629,1,2
2124,630,1,2
2124,631,1,2
2124,632,1,2
2124,633,1,2
2124,634,1,2
2124,635,1,2
2124,636,1,2
2124,637,1,2
2124,638,1,2
2124,639,1,2
2124,640,1,2
2124,641,1,2
2124,642,1,2
2124,643,1,2
2124,644,1,2
2124,645,1,2
2125,157,1,2
2125,158,1,2
2125,159,1,2
2125,160,1,2
2125,161,1,2
2125,162,1,2
2125,163,1,2
2125,164,1,2
2125,165,1,2
2125,166,1,2
2125,167,1,2
2125,168,1,2
2125,169,1,2
2125,170,1,2
2125,171,1,2
2125,172,1,2
2125,173,1,2
2125,174,1,2
2125,175,1,2
2125,176,1,2
2125,177,1,2
2125,178,1,2
2125,179,1,2
2125,180,1,2
2125,181,1,2
2125,182,1,2
2125,183,1,2
2125,184,1,2
2125,185,1,2
2125,186,1,2
2125,187,1,2
2125,188,1,2
2125,189,1,2
2125,190,1,2
2125,191,1,2
2125,192,1,2
2125,193,1,2
2125,194,1,2
2125,195,1,2
2125,196,1,2
2125,197,1,2
2125,198,1,2
2125,199,1,2
2125,200,1,2
2125,201,1,2
2125,202,1,2
2125,203,1,2
2125,204,1,2
2125,205,1,2
2125,206,1,2
2125,207,1,2
2125,208,1,2
2125,209,1,2
2125,210,1,2
2125,211,1,2
2125,212,1,2
2125,213,1,2
2125,214,1,2
2125,215,1,2
2125,216,1,2
2125,217,1,2
2125,218,1,2
2125,219,1,2
2125,220,1,2
2125,221,1,2
2125,222,1,2
2125,223,1,2
2125,224,1,2
2125,225,1,2
2125,226,1,2
2125,227,1,2
2125,228,1,2
2125,229,1,2
2125,230,1,2
2125,231,1,2
2125,232,1,2
2125,233,1,2
2125,234,1,2
2125,235,1,2
2125,236,1,2
2125,237,1,2
2125,238,1,2
2125,239,1,2
2125,240,1,2
2125,241,1,2
2125,242,1,2
2125,243,1,2
2125,244,1,2
2125,245,1,2
2125,246,1,2
2125,247,1,2
2125,248,1,2
2125,249,1,2
2125,250,1,2
2125,251,1,2
2125,252,1,2
2125,253,1,2
2125,254,1,2
2125,255,1,2
2125,256,1,2
2125,257,1,2
2125,258,1,2
2125,259,1,2
2125,260,1,2
2125,261,1,2
2125,262,1,2
2125,263,1,2
2125,264,1,2
2125,265,1,2
2125,266,1,2
2125,267,1,2
2125,268,1,2
2125,269,1,2
2125,270,1,2
2125,271,1,2
2125,272,1,2
2125,273,1,2
2125,274,1,2
2125,275,1,2
2125,276,1,2
2125,277,1,2
2125,278,1,2
2125,279,1,2
2125,280,1,2
2125,281,1,2
2125,282,1,2
2125,283,1,2
2125,284,1,2
2125,285,1,2
2125,286,1,2
2125,287,1,2
2125,288,1,2
2125,289,1,2
2125,290,1,2
2125,291,1,2
2125,292,1,2
2125,293,1,2
2125,294,1,2
2125,295,1,2
2125,296,1,2
2125,297,1,2
2125,298,1,2
2125,299,1,2
2125,300,1,2
2125,301,1,2
2125,302,1,2
2125,303,1,2
2125,304,1,2
2125,305,1,2
2125,306,1,2
2125,307,1,2
2125,308,1,2
2125,309,1,2
2125,310,1,2
2125,311,1,2
2125,312,1,2
2125,313,1,2
2125,314,1,2
2125,315,1,2
2125,316,1,2
2125,317,1,2
2125,318,1,2
2125,319,1,2
2125,320,1,2
2125,321,1,2
2125,322,1,2
2125,323,1,2
2125,324,1,2
2125,325,1,2
2125,326,1,2
2125,327,1,2
2125,328,1,2
2125,329,1,2
2125,330,1,2
2125,331,1,2
2125,332,1,2
2125,333,1,2
2125,334,1,2
2125,335,1,2
2125,336,1,2
2125,337,1,2
2125,338,1,2
2125,339,1,2
2125,340,1,2
2125,341,1,2
2125,342,1,2
2125,343,1,2
2125,344,1,2
2125,345,1,2
2125,346,1,2
2125,347,1,2
2125,348,1,2
2125,349,1,2
2125,350,1,2
2125,351,1,2
2125,352,1,2
2125,353,1,2
2125,354,1,2
2125,355,1,2
2125,356,1,2
2125,357,1,2
2125,358,1,2
2125,359,1,2
2125,360,1,2
2125,361,1,2
2125,362,1,2
2125,363,1,2
2125,364,1,2
2125,365,1,2
2125,366,1,2
2125,367,1,2
2125,368,1,2
2125,369,1,2
2125,370,1,2
2125,371,1,2
2125,372,1,2
2125,373,1,2
2125,374,1,2
2125,375,1,2
2125,376,1,2
2125,377,1,2
2125,378,1,2
2125,379,1,2
2125,380,1,2
2125,381,1,2
2125,382,1,2
2125,383,1,2
2125,384,1,2
2125,385,1,2
2125,386,1,2
2125,387,1,2
2125,388,1,2
2125,389,1,2
2125,390,1,2
2125,391,1,2
2125,392,1,2
2125,393,1,2
2125,394,1,2
2125,395,1,2
2125,396,1,2
2125,397,1,2
2125,398,1,2
2125,399,1,2
2125,400,1,2
2125,401,1,2
2125,402,1,2
2125,403,1,2
2125,404,1,2
2125,405,1,2
2125,406,1,2
2125,407,1,2
2125,408,1,2
2125,409,1,2
2125,410,1,2
2125,411,1,2
2125,412,1,2
2125,413,1,2
2125,414,1,2
2125,415,1,2
2125,416,1,2
2125,417,1,2
2125,418,1,2
2125,419,1,2
2125,420,1,2
2125,421,1,2
2125,422,1,2
2125,423,1,2
2125,424,1,2
2125,425,1,2
2125,426,1,2
2125,427,1,2
2125,428,1,2
2125,429,1,2
2125,430,1,2
2125,431,1,2
2125,432,1,2
2125,433,1,2
2125,434,1,2
2125,435,1,2
2125,436,1,2
2125,437,1,2
2125,438,1,2
2125,439,1,2
2125,440,1,2
2125,441,1,2
2125,442,1,2
2125,443,1,2
2125,444,1,2
2125,445,1,2
2125,446,1,2
2125,447,1,2
2125,448,1,2
2125,449,1,2
2125,450,1,2
2125,451,1,2
2125,452,1,2
2125,453,1,2
2125,454,1,2
2125,455,1,2
2125,456,1,2
2125,457,1,2
2125,458,1,2
2125,459,1,2
2125,460,1,2
2125,461,1,2
2125,462,1,2
2125,463,1,2
2125,464,1,2
2125,465,1,2
2125,466,1,2
2125,467,1,2
2125,468,1,2
2125,469,1,2
2125,470,1,2
2125,471,1,2
2125,472,1,2
2125,473,1,2
2125,474,1,2
2125,475,1,2
2125,476,1,2
2125,477,1,2
2125,478,1,2
2125,479,1,2
2125,480,1,2
2125,481,1,2
2125,482,1,2
2125,483,1,2
2125,484,1,2
2125,485,1,2
2125,486,1,2
2125,487,1,2
2125,488,1,2
2125,489,1,2
2125,490,1,2
2125,491,1,2
2125,492,1,2
2125,493,1,2
2125,494,1,2
2125,495,1,2
2125,496,1,2
2125,497,1,2
2125,498,1,2
2125,499,1,2
2125,500,1,2
2125,501,1,2
2125,502,1,2
2125,503,1,2
2125,504,1,2
2125,505,1,2
2125,506,1,2
2125,507,1,2
2125,508,1,2
2125,509,1,2
2125,510,1,2
2125,511,1,2
2125,512,1,2
2125,513,1,2
2125,514,1,2
2125,515,1,2
2125,516,1,2
2125,517,1,2
2125,518,1,2
2125,519,1,2
2125,520,1,2
2125,521,1,2
2125,522,1,2
2125,523,1,2
2125,524,1,2
2125,525,1,2
2125,526,1,2
2125,527,1,2
2125,528,1,2
2125,529,1,2
2125,530,1,2
2125,531,1,2
2125,532,1,2
2125,533,1,2
2125,534,1,2
2125,535,1,2
2125,536,1,2
2125,537,1,2
2125,538,1,2
2125,539,1,2
2125,540,1,2
2125,541,1,2
2125,542,1,2
2125,543,1,2
2125,544,1,2
2125,545,1,2
2125,546,1,2
2125,547,1,2
2125,548,1,2
2125,549,1,2
2125,550,1,2
2125,551,1,2
2125,552,1,2
2125,553,1,2
2125,554,1,2
2125,555,1,2
2125,556,1,2
2125,557,1,2
2125,558,1,2
2125,559,1,2
2125,560,1,2
2125,561,1,2
2125,562,1,2
2125,563,1,2
2125,564,1,2
2125,565,1,2
2125,566,1,2
2125,567,1,2
2125,568,1,2
2125,569,1,2
2125,570,1,2
2125,571,1,2
2125,572,1,2
2125,573,1,2
2125,574,1,2
2125,575,1,2
2125,576,1,2
2125,577,1,2
2125,578,1,2
2125,579,1,2
2125,580,1,2
2125,581,1,2
2125,582,1,2
2125,583,1,2
2125,584,1,2
2125,585,1,2
2125,586,1,2
2125,587,1,2
2125,588,1,2
2125,589,1,2
2125,590,1,2
2125,591,1,2
2125,592,1,2
2125,593,1,2
2125,594,1,2
2125,595,1,2
2125,596,1,2
2125,597,1,2
2125,598,1,2
2125,599,1,2
2125,600,1,2
2125,601,1,2
2125,602,1,2
2125,603,1,2
2125,604,1,2
2125,605,1,2
2125,606,1,2
2125,607,1,2
2125,608,1,2
2125,609,1,2
2125,610,1,2
2125,611,1,2
2125,612,1,2
2125,613,1,2
2125,614,1,2
2125,615,1,2
2125,616,1,2
2125,617,1,2
2125,618,1,2
2125,619,1,2
2125,620,1,2
2125,621,1,2
2125,622,1,2
2125,623,1,2
2125,624,1,2
2125,625,1,2
2125,626,1,2
2125,627,1,2
2125,628,1,2
2125,629,1,2
2125,630,1,2
2125,631,1,2
2125,632,1,2
2125,633,1,2
2125,634,1,2
2125,635,1,2
2125,636,1,2
2125,637,1,2
2125,638,1,2
2125,639,1,2
2125,640,1,2
2125,641,1,2
2125,642,1,2
2125,643,1,2
2125,644,1,2
2125,645,1,2
2126,158,1,2
2126,159,1,2
2126,160,1,2
2126,161,1,2
2126,162,1,2
2126,163,1,2
2126,164,1,2
2126,165,1,2
2126,166,1,2
2126,167,1,2
2126,168,1,2
2126,169,1,2
2126,170,1,2
2126,171,1,2
2126,172,1,2
2126,173,1,2
2126,174,1,2
2126,175,1,2
2126,176,1,2
2126,177,1,2
2126,178,1,2
2126,179,1,2
2126,180,1,2
2126,181,1,2
2126,182,1,2
2126,183,1,2
2126,184,1,2
2126,185,1,2
2126,186,1,2
2126,187,1,2
2126,188,1,2
2126,189,1,2
2126,190,1,2
2126,191,1,2
2126,192,1,2
2126,193,1,2
2126,194,1,2
2126,195,1,2
2126,196,1,2
2126,197,1,2
2126,198,1,2
2126,199,1,2
2126,200,1,2
2126,201,1,2
2126,202,1,2
2126,203,1,2
2126,204,1,2
2126,205,1,2
2126,206,1,2
2126,207,1,2
2126,208,1,2
2126,209,1,2
2126,210,1,2
2126,211,1,2
2126,212,1,2
2126,213,1,2
2126,214,1,2
2126,215,1,2
2126,216,1,2
2126,217,1,2
2126,218,1,2
2126,219,1,2
2126,220,1,2
2126,221,1,2
2126,222,1,2
2126,223,1,2
2126,224,1,2
2126,225,1,2
2126,226,1,2
2126,227,1,2
2126,228,1,2
2126,229,1,2
2126,230,1,2
2126,231,1,2
2126,232,1,2
2126,233,1,2
2126,234,1,2
2126,235,1,2
2126,236,1,2
2126,237,1,2
2126,238,1,2
2126,239,1,2
2126,240,1,2
2126,241,1,2
2126,242,1,2
2126,243,1,2
2126,244,1,2
2126,245,1,2
2126,246,1,2
2126,247,1,2
2126,248,1,2
2126,249,1,2
2126,250,1,2
2126,251,1,2
2126,252,1,2
2126,253,1,2
2126,254,1,2
2126,255,1,2
2126,256,1,2
2126,257,1,2
2126,258,1,2
2126,259,1,2
2126,260,1,2
2126,261,1,2
2126,262,1,2
2126,263,1,2
2126,264,1,2
2126,265,1,2
2126,266,1,2
2126,267,1,2
2126,268,1,2
2126,269,1,2
2126,270,1,2
2126,271,1,2
2126,272,1,2
2126,273,1,2
2126,274,1,2
2126,275,1,2
2126,276,1,2
2126,277,1,2
2126,278,1,2
2126,279,1,2
2126,280,1,2
2126,281,1,2
2126,282,1,2
2126,283,1,2
2126,284,1,2
2126,285,1,2
2126,286,1,2
2126,287,1,2
2126,288,1,2
2126,289,1,2
2126,290,1,2
2126,291,1,2
2126,292,1,2
2126,293,1,2
2126,294,1,2
2126,295,1,2
2126,296,1,2
2126,297,1,2
2126,298,1,2
2126,299,1,2
2126,300,1,2
2126,301,1,2
2126,302,1,2
2126,303,1,2
2126,304,1,2
2126,305,1,2
2126,306,1,2
2126,307,1,2
2126,308,1,2
2126,309,1,2
2126,310,1,2
2126,311,1,2
2126,312,1,2
2126,313,1,2
2126,314,1,2
2126,315,1,2
2126,316,1,2
2126,317,1,2
2126,318,1,2
2126,319,1,2
2126,320,1,2
2126,321,1,2
2126,322,1,2
2126,323,1,2
2126,324,1,2
2126,325,1,2
2126,326,1,2
2126,327,1,2
2126,328,1,2
2126,329,1,2
2126,330,1,2
2126,331,1,2
2126,332,1,2
2126,333,1,2
2126,334,1,2
2126,335,1,2
2126,336,1,2
2126,337,1,2
2126,338,1,2
2126,339,1,2
2126,340,1,2
2126,341,1,2
2126,342,1,2
2126,343,1,2
2126,344,1,2
2126,345,1,2
2126,346,1,2
2126,347,1,2
2126,348,1,2
2126,349,1,2
2126,350,1,2
2126,351,1,2
2126,352,1,2
2126,353,1,2
2126,354,1,2
2126,355,1,2
2126,356,1,2
2126,357,1,2
2126,358,1,2
2126,359,1,2
2126,360,1,2
2126,361,1,2
2126,362,1,2
2126,363,1,2
2126,364,1,2
2126,365,1,2
2126,366,1,2
2126,367,1,2
2126,368,1,2
2126,369,1,2
2126,370,1,2
2126,371,1,2
2126,372,1,2
2126,373,1,2
2126,374,1,2
2126,375,1,2
2126,376,1,2
2126,377,1,2
2126,378,1,2
2126,379,1,2
2126,380,1,2
2126,381,1,2
2126,382,1,2
2126,383,1,2
2126,384,1,2
2126,385,1,2
2126,386,1,2
2126,387,1,2
2126,388,1,2
2126,389,1,2
2126,390,1,2
2126,391,1,2
2126,392,1,2
2126,393,1,2
2126,394,1,2
2126,395,1,2
2126,396,1,2
2126,397,1,2
2126,398,1,2
2126,399,1,2
2126,400,1,2
2126,401,1,2
2126,402,1,2
2126,403,1,2
2126,404,1,2
2126,405,1,2
2126,406,1,2
2126,407,1,2
2126,408,1,2
2126,409,1,2
2126,410,1,2
2126,411,1,2
2126,412,1,2
2126,413,1,2
2126,414,1,2
2126,415,1,2
2126,416,1,2
2126,417,1,2
2126,418,1,2
2126,419,1,2
2126,420,1,2
2126,421,1,2
2126,422,1,2
2126,423,1,2
2126,424,1,2
2126,425,1,2
2126,426,1,2
2126,427,1,2
2126,428,1,2
2126,429,1,2
2126,430,1,2
2126,431,1,2
2126,432,1,2
2126,433,1,2
2126,434,1,2
2126,435,1,2
2126,436,1,2
2126,437,1,2
2126,438,1,2
2126,439,1,2
2126,440,1,2
2126,441,1,2
2126,442,1,2
2126,443,1,2
2126,444,1,2
2126,445,1,2
2126,446,1,2
2126,447,1,2
2126,448,1,2
2126,449,1,2
2126,450,1,2
2126,451,1,2
2126,452,1,2
2126,453,1,2
2126,454,1,2
2126,455,1,2
2126,456,1,2
2126,457,1,2
2126,458,1,2
2126,459,1,2
2126,460,1,2
2126,461,1,2
2126,462,1,2
2126,463,1,2
2126,464,1,2
2126,465,1,2
2126,466,1,2
2126,467,1,2
2126,468,1,2
2126,469,1,2
2126,470,1,2
2126,471,1,2
2126,472,1,2
2126,473,1,2
2126,474,1,2
2126,475,1,2
2126,476,1,2
2126,477,1,2
2126,478,1,2
2126,479,1,2
2126,480,1,2
2126,481,1,2
2126,482,1,2
2126,483,1,2
2126,484,1,2
2126,485,1,2
2126,486,1,2
2126,487,1,2
2126,488,1,2
2126,489,1,2
2126,490,1,2
2126,491,1,2
2126,492,1,2
2126,493,1,2
2126,494,1,2
2126,495,1,2
2126,496,1,2
2126,497,1,2
2126,498,1,2
2126,499,1,2
2126,500,1,2
2126,501,1,2
2126,502,1,2
2126,503,1,2
2126,504,1,2
2126,505,1,2
2126,506,1,2
2126,507,1,2
2126,508,1,2
2126,509,1,2
2126,510,1,2
2126,511,1,2
2126,512,1,2
2126,513,1,2
2126,514,1,2
2126,515,1,2
2126,516,1,2
2126,517,1,2
2126,518,1,2
2126,519,1,2
2126,520,1,2
2126,521,1,2
2126,522,1,2
2126,523,1,2
2126,524,1,2
2126,525,1,2
2126,526,1,2
2126,527,1,2
2126,528,1,2
2126,529,1,2
2126,530,1,2
2126,531,1,2
2126,532,1,2
2126,533,1,2
2126,534,1,2
2126,535,1,2
2126,536,1,2
2126,537,1,2
2126,538,1,2
2126,539,1,2
2126,540,1,2
2126,541,1,2
2126,542,1,2
2126,543,1,2
2126,544,1,2
2126,545,1,2
2126,546,1,2
2126,547,1,2
2126,548,1,2
2126,549,1,2
2126,550,1,2
2126,551,1,2
2126,552,1,2
2126,553,1,2
2126,554,1,2
2126,555,1,2
2126,556,1,2
2126,557,1,2
2126,558,1,2
2126,559,1,2
2126,560,1,2
2126,561,1,2
2126,562,1,2
2126,563,1,2
2126,564,1,2
2126,565,1,2
2126,566,1,2
2126,567,1,2
2126,568,1,2
2126,569,1,2
2126,570,1,2
2126,571,1,2
2126,572,1,2
2126,573,1,2
2126,574,1,2
2126,575,1,2
2126,576,1,2
2126,577,1,2
2126,578,1,2
2126,579,1,2
2126,580,1,2
2126,581,1,2
2126,582,1,2
2126,583,1,2
2126,584,1,2
2126,585,1,2
2126,586,1,2
2126,587,1,2
2126,588,1,2
2126,589,1,2
2126,590,1,2
2126,591,1,2
2126,592,1,2
2126,593,1,2
2126,594,1,2
2126,595,1,2
2126,596,1,2
2126,597,1,2
2126,598,1,2
2126,599,1,2
2126,600,1,2
2126,601,1,2
2126,602,1,2
2126,603,1,2
2126,604,1,2
2126,605,1,2
2126,606,1,2
2126,607,1,2
2126,608,1,2
2126,609,1,2
2126,610,1,2
2126,611,1,2
2126,612,1,2
2126,613,1,2
2126,614,1,2
2126,615,1,2
2126,616,1,2
2126,617,1,2
2126,618,1,2
2126,619,1,2
2126,620,1,2
2126,621,1,2
2126,622,1,2
2126,623,1,2
2126,624,1,2
2126,625,1,2
2126,626,1,2
2126,627,1,2
2126,628,1,2
2126,629,1,2
2126,630,1,2
2126,631,1,2
2126,632,1,2
2126,633,1,2
2126,634,1,2
2126,635,1,2
2126,636,1,2
2126,637,1,2
2126,638,1,2
2126,639,1,2
2126,640,1,2
2126,641,1,2
2126,642,1,2
2126,643,1,2
2126,644,1,2
2126,645,1,2
2127,158,1,2
2127,159,1,2
2127,160,1,2
2127,161,1,2
2127,162,1,2
2127,163,1,2
2127,164,1,2
2127,165,1,2
2127,166,1,2
2127,167,1,2
2127,168,1,2
2127,169,1,2
2127,170,1,2
2127,171,1,2
2127,172,1,2
2127,173,1,2
2127,174,1,2
2127,175,1,2
2127,176,1,2
2127,177,1,2
2127,178,1,2
2127,179,1,2
2127,180,1,2
2127,181,1,2
2127,182,1,2
2127,183,1,2
2127,184,1,2
2127,185,1,2
2127,186,1,2
2127,187,1,2
2127,188,1,2
2127,189,1,2
2127,190,1,2
2127,191,1,2
2127,192,1,2
2127,193,1,2
2127,194,1,2
2127,195,1,2
2127,196,1,2
2127,197,1,2
2127,198,1,2
2127,199,1,2
2127,200,1,2
2127,201,1,2
2127,202,1,2
2127,203,1,2
2127,204,1,2
2127,205,1,2
2127,206,1,2
2127,207,1,2
2127,208,1,2
2127,209,1,2
2127,210,1,2
2127,211,1,2
2127,212,1,2
2127,213,1,2
2127,214,1,2
2127,215,1,2
2127,216,1,2
2127,217,1,2
2127,218,1,2
2127,219,1,2
2127,220,1,2
2127,221,1,2
2127,222,1,2
2127,223,1,2
2127,224,1,2
2127,225,1,2
2127,226,1,2
2127,227,1,2
2127,228,1,2
2127,229,1,2
2127,230,1,2
2127,231,1,2
2127,232,1,2
2127,233,1,2
2127,234,1,2
2127,235,1,2
2127,236,1,2
2127,237,1,2
2127,238,1,2
2127,239,1,2
2127,240,1,2
2127,241,1,2
2127,242,1,2
2127,243,1,2
2127,244,1,2
2127,245,1,2
2127,246,1,2
2127,247,1,2
2127,248,1,2
2127,249,1,2
2127,250,1,2
2127,251,1,2
2127,252,1,2
2127,253,1,2
2127,254,1,2
2127,255,1,2
2127,256,1,2
2127,257,1,2
2127,258,1,2
2127,259,1,2
2127,260,1,2
2127,261,1,2
2127,262,1,2
2127,263,1,2
2127,264,1,2
2127,265,1,2
2127,266,1,2
2127,267,1,2
2127,268,1,2
2127,269,1,2
2127,270,1,2
2127,271,1,2
2127,272,1,2
2127,273,1,2
2127,274,1,2
2127,275,1,2
2127,276,1,2
2127,277,1,2
2127,278,1,2
2127,279,1,2
2127,280,1,2
2127,281,1,2
2127,282,1,2
2127,283,1,2
2127,284,1,2
2127,285,1,2
2127,286,1,2
2127,287,1,2
2127,288,1,2
2127,289,1,2
2127,290,1,2
2127,291,1,2
2127,292,1,2
2127,293,1,2
2127,294,1,2
2127,295,1,2
2127,296,1,2
2127,297,1,2
2127,298,1,2
2127,299,1,2
2127,300,1,2
2127,301,1,2
2127,302,1,2
2127,303,1,2
2127,304,1,2
2127,305,1,2
2127,306,1,2
2127,307,1,2
2127,308,1,2
2127,309,1,2
2127,310,1,2
2127,311,1,2
2127,312,1,2
2127,313,1,2
2127,314,1,2
2127,315,1,2
2127,316,1,2
2127,317,1,2
2127,318,1,2
2127,319,1,2
2127,320,1,2
2127,321,1,2
2127,322,1,2
2127,323,1,2
2127,324,1,2
2127,325,1,2
2127,326,1,2
2127,327,1,2
2127,328,1,2
2127,329,1,2
2127,330,1,2
2127,331,1,2
2127,332,1,2
2127,333,1,2
2127,334,1,2
2127,335,1,2
2127,336,1,2
2127,337,1,2
2127,338,1,2
2127,339,1,2
2127,340,1,2
2127,341,1,2
2127,342,1,2
2127,343,1,2
2127,344,1,2
2127,345,1,2
2127,346,1,2
2127,347,1,2
2127,348,1,2
2127,349,1,2
2127,350,1,2
2127,351,1,2
2127,352,1,2
2127,353,1,2
2127,354,1,2
2127,355,1,2
2127,356,1,2
2127,357,1,2
2127,358,1,2
2127,359,1,2
2127,360,1,2
2127,361,1,2
2127,362,1,2
2127,363,1,2
2127,364,1,2
2127,365,1,2
2127,366,1,2
2127,367,1,2
2127,368,1,2
2127,369,1,2
2127,370,1,2
2127,371,1,2
2127,372,1,2
2127,373,1,2
2127,374,1,2
2127,375,1,2
2127,376,1,2
2127,377,1,2
2127,378,1,2
2127,379,1,2
2127,380,1,2
2127,381,1,2
2127,382,1,2
2127,383,1,2
2127,384,1,2
2127,385,1,2
2127,386,1,2
2127,387,1,2
2127,388,1,2
2127,389,1,2
2127,390,1,2
2127,391,1,2
2127,392,1,2
2127,393,1,2
2127,394,1,2
2127,395,1,2
2127,396,1,2
2127,397,1,2
2127,398,1,2
2127,399,1,2
2127,400,1,2
2127,401,1,2
2127,402,1,2
2127,403,1,2
2127,404,1,2
2127,405,1,2
2127,406,1,2
2127,407,1,2
2127,408,1,2
2127,409,1,2
2127,410,1,2
2127,411,1,2
2127,412,1,2
2127,413,1,2
2127,414,1,2
2127,415,1,2
2127,416,1,2
2127,417,1,2
2127,418,1,2
2127,419,1,2
2127,420,1,2
2127,421,1,2
2127,422,1,2
2127,423,1,2
2127,424,1,2
2127,425,1,2
2127,426,1,2
2127,427,1,2
2127,428,1,2
2127,429,1,2
2127,430,1,2
2127,431,1,2
2127,432,1,2
2127,433,1,2
2127,434,1,2
2127,435,1,2
2127,436,1,2
2127,437,1,2
2127,438,1,2
2127,439,1,2
2127,440,1,2
2127,441,1,2
2127,442,1,2
2127,443,1,2
2127,444,1,2
2127,445,1,2
2127,446,1,2
2127,447,1,2
2127,448,1,2
2127,449,1,2
2127,450,1,2
2127,451,1,2
2127,452,1,2
2127,453,1,2
2127,454,1,2
2127,455,1,2
2127,456,1,2
2127,457,1,2
2127,458,1,2
2127,459,1,2
2127,460,1,2
2127,461,1,2
2127,462,1,2
2127,463,1,2
2127,464,1,2
2127,465,1,2
2127,466,1,2
2127,467,1,2
2127,468,1,2
2127,469,1,2
2127,470,1,2
2127,471,1,2
2127,472,1,2
2127,473,1,2
2127,474,1,2
2127,475,1,2
2127,476,1,2
2127,477,1,2
2127,478,1,2
2127,479,1,2
2127,480,1,2
2127,481,1,2
2127,482,1,2
2127,483,1,2
2127,484,1,2
2127,485,1,2
2127,486,1,2
2127,487,1,2
2127,488,1,2
2127,489,1,2
2127,490,1,2
2127,491,1,2
2127,492,1,2
2127,493,1,2
2127,494,1,2
2127,495,1,2
2127,496,1,2
2127,497,1,2
2127,498,1,2
2127,499,1,2
2127,500,1,2
2127,501,1,2
2127,502,1,2
2127,503,1,2
2127,504,1,2
2127,505,1,2
2127,506,1,2
2127,507,1,2
2127,508,1,2
2127,509,1,2
2127,510,1,2
2127,511,1,2
2127,512,1,2
2127,513,1,2
2127,514,1,2
2127,515,1,2
2127,516,1,2
2127,517,1,2
2127,518,1,2
2127,519,1,2
2127,520,1,2
2127,521,1,2
2127,522,1,2
2127,523,1,2
2127,524,1,2
2127,525,1,2
2127,526,1,2
2127,527,1,2
2127,528,1,2
2127,529,1,2
2127,530,1,2
2127,531,1,2
2127,532,1,2
2127,533,1,2
2127,534,1,2
2127,535,1,2
2127,536,1,2
2127,537,1,2
2127,538,1,2
2127,539,1,2
2127,540,1,2
2127,541,1,2
2127,542,1,2
2127,543,1,2
2127,544,1,2
2127,545,1,2
2127,546,1,2
2127,547,1,2
2127,548,1,2
2127,549,1,2
2127,550,1,2
2127,551,1,2
2127,552,1,2
2127,553,1,2
2127,554,1,2
2127,555,1,2
2127,556,1,2
2127,557,1,2
2127,558,1,2
2127,559,1,2
2127,560,1,2
2127,561,1,2
2127,562,1,2
2127,563,1,2
2127,564,1,2
2127,565,1,2
2127,566,1,2
2127,567,1,2
2127,568,1,2
2127,569,1,2
2127,570,1,2
2127,571,1,2
2127,572,1,2
2127,573,1,2
2127,574,1,2
2127,575,1,2
2127,576,1,2
2127,577,1,2
2127,578,1,2
2127,579,1,2
2127,580,1,2
2127,581,1,2
2127,582,1,2
2127,583,1,2
2127,584,1,2
2127,585,1,2
2127,586,1,2
2127,587,1,2
2127,588,1,2
2127,589,1,2
2127,590,1,2
2127,591,1,2
2127,592,1,2
2127,593,1,2
2127,594,1,2
2127,595,1,2
2127,596,1,2
2127,597,1,2
2127,598,1,2
2127,599,1,2
2127,600,1,2
2127,601,1,2
2127,602,1,2
2127,603,1,2
2127,604,1,2
2127,605,1,2
2127,606,1,2
2127,607,1,2
2127,608,1,2
2127,609,1,2
2127,610,1,2
2127,611,1,2
2127,612,1,2
2127,613,1,2
2127,614,1,2
2127,615,1,2
2127,616,1,2
2127,617,1,2
2127,618,1,2
2127,619,1,2
2127,620,1,2
2127,621,1,2
2127,622,1,2
2127,623,1,2
2127,624,1,2
2127,625,1,2
2127,626,1,2
2127,627,1,2
2127,628,1,2
2127,629,1,2
2127,630,1,2
2127,631,1,2
2127,632,1,2
2127,633,1,2
2127,634,1,2
2127,635,1,2
2127,636,1,2
2127,637,1,2
2127,638,1,2
2127,639,1,2
2127,640,1,2
2127,641,1,2
2127,642,1,2
2127,643,1,2
2127,644,1,2
2127,645,1,2
2128,159,1,2
2128,160,1,2
2128,161,1,2
2128,162,1,2
2128,163,1,2
2128,164,1,2
2128,165,1,2
2128,166,1,2
2128,167,1,2
2128,168,1,2
2128,169,1,2
2128,170,1,2
2128,171,1,2
2128,172,1,2
2128,173,1,2
2128,174,1,2
2128,175,1,2
2128,176,1,2
2128,177,1,2
2128,178,1,2
2128,179,1,2
2128,180,1,2
2128,181,1,2
2128,182,1,2
2128,183,1,2
2128,184,1,2
2128,185,1,2
2128,186,1,2
2128,187,1,2
2128,188,1,2
2128,189,1,2
2128,190,1,2
2128,191,1,2
2128,192,1,2
2128,193,1,2
2128,194,1,2
2128,195,1,2
2128,196,1,2
2128,197,1,2
2128,198,1,2
2128,199,1,2
2128,200,1,2
2128,201,1,2
2128,202,1,2
2128,203,1,2
2128,204,1,2
2128,205,1,2
2128,206,1,2
2128,207,1,2
2128,208,1,2
2128,209,1,2
2128,210,1,2
2128,211,1,2
2128,212,1,2
2128,213,1,2
2128,214,1,2
2128,215,1,2
2128,216,1,2
2128,217,1,2
2128,218,1,2
2128,219,1,2
2128,220,1,2
2128,221,1,2
2128,222,1,2
2128,223,1,2
2128,224,1,2
2128,225,1,2
2128,226,1,2
2128,227,1,2
2128,228,1,2
2128,229,1,2
2128,230,1,2
2128,231,1,2
2128,232,1,2
2128,233,1,2
2128,234,1,2
2128,235,1,2
2128,236,1,2
2128,237,1,2
2128,238,1,2
2128,239,1,2
2128,240,1,2
2128,241,1,2
2128,242,1,2
2128,243,1,2
2128,244,1,2
2128,245,1,2
2128,246,1,2
2128,247,1,2
2128,248,1,2
2128,249,1,2
2128,250,1,2
2128,251,1,2
2128,252,1,2
2128,253,1,2
2128,254,1,2
2128,255,1,2
2128,256,1,2
2128,257,1,2
2128,258,1,2
2128,259,1,2
2128,260,1,2
2128,261,1,2
2128,262,1,2
2128,263,1,2
2128,264,1,2
2128,265,1,2
2128,266,1,2
2128,267,1,2
2128,268,1,2
2128,269,1,2
2128,270,1,2
2128,271,1,2
2128,272,1,2
2128,273,1,2
2128,274,1,2
2128,275,1,2
2128,276,1,2
2128,277,1,2
2128,278,1,2
2128,279,1,2
2128,280,1,2
2128,281,1,2
2128,282,1,2
2128,283,1,2
2128,284,1,2
2128,285,1,2
2128,286,1,2
2128,287,1,2
2128,288,1,2
2128,289,1,2
2128,290,1,2
2128,291,1,2
2128,292,1,2
2128,293,1,2
2128,294,1,2
2128,295,1,2
2128,296,1,2
2128,297,1,2
2128,298,1,2
2128,299,1,2
2128,300,1,2
2128,301,1,2
2128,302,1,2
2128,303,1,2
2128,304,1,2
2128,305,1,2
2128,306,1,2
2128,307,1,2
2128,308,1,2
2128,309,1,2
2128,310,1,2
2128,311,1,2
2128,312,1,2
2128,313,1,2
2128,314,1,2
2128,315,1,2
2128,316,1,2
2128,317,1,2
2128,318,1,2
2128,319,1,2
2128,320,1,2
2128,321,1,2
2128,322,1,2
2128,323,1,2
2128,324,1,2
2128,325,1,2
2128,326,1,2
2128,327,1,2
2128,328,1,2
2128,329,1,2
2128,330,1,2
2128,331,1,2
2128,332,1,2
2128,333,1,2
2128,334,1,2
2128,335,1,2
2128,336,1,2
2128,337,1,2
2128,338,1,2
2128,339,1,2
2128,340,1,2
2128,341,1,2
2128,342,1,2
2128,343,1,2
2128,344,1,2
2128,345,1,2
2128,346,1,2
2128,347,1,2
2128,348,1,2
2128,349,1,2
2128,350,1,2
2128,351,1,2
2128,352,1,2
2128,353,1,2
2128,354,1,2
2128,355,1,2
2128,356,1,2
2128,357,1,2
2128,358,1,2
2128,359,1,2
2128,360,1,2
2128,361,1,2
2128,362,1,2
2128,363,1,2
2128,364,1,2
2128,365,1,2
2128,366,1,2
2128,367,1,2
2128,368,1,2
2128,369,1,2
2128,370,1,2
2128,371,1,2
2128,372,1,2
2128,373,1,2
2128,374,1,2
2128,375,1,2
2128,376,1,2
2128,377,1,2
2128,378,1,2
2128,379,1,2
2128,380,1,2
2128,381,1,2
2128,382,1,2
2128,383,1,2
2128,384,1,2
2128,385,1,2
2128,386,1,2
2128,387,1,2
2128,388,1,2
2128,389,1,2
2128,390,1,2
2128,391,1,2
2128,392,1,2
2128,393,1,2
2128,394,1,2
2128,395,1,2
2128,396,1,2
2128,397,1,2
2128,398,1,2
2128,399,1,2
2128,400,1,2
2128,401,1,2
2128,402,1,2
2128,403,1,2
2128,404,1,2
2128,405,1,2
2128,406,1,2
2128,407,1,2
2128,408,1,2
2128,409,1,2
2128,410,1,2
2128,411,1,2
2128,412,1,2
2128,413,1,2
2128,414,1,2
2128,415,1,2
2128,416,1,2
2128,417,1,2
2128,418,1,2
2128,419,1,2
2128,420,1,2
2128,421,1,2
2128,422,1,2
2128,423,1,2
2128,424,1,2
2128,425,1,2
2128,426,1,2
2128,427,1,2
2128,428,1,2
2128,429,1,2
2128,430,1,2
2128,431,1,2
2128,432,1,2
2128,433,1,2
2128,434,1,2
2128,435,1,2
2128,436,1,2
2128,437,1,2
2128,438,1,2
2128,439,1,2
2128,440,1,2
2128,441,1,2
2128,442,1,2
2128,443,1,2
2128,444,1,2
2128,445,1,2
2128,446,1,2
2128,447,1,2
2128,448,1,2
2128,449,1,2
2128,450,1,2
2128,451,1,2
2128,452,1,2
2128,453,1,2
2128,454,1,2
2128,455,1,2
2128,456,1,2
2128,457,1,2
2128,458,1,2
2128,459,1,2
2128,460,1,2
2128,461,1,2
2128,462,1,2
2128,463,1,2
2128,464,1,2
2128,465,1,2
2128,466,1,2
2128,467,1,2
2128,468,1,2
2128,469,1,2
2128,470,1,2
2128,471,1,2
2128,472,1,2
2128,473,1,2
2128,474,1,2
2128,475,1,2
2128,476,1,2
2128,477,1,2
2128,478,1,2
2128,479,1,2
2128,480,1,2
2128,481,1,2
2128,482,1,2
2128,483,1,2
2128,484,1,2
2128,485,1,2
2128,486,1,2
2128,487,1,2
2128,488,1,2
2128,489,1,2
2128,490,1,2
2128,491,1,2
2128,492,1,2
2128,493,1,2
2128,494,1,2
2128,495,1,2
2128,496,1,2
2128,497,1,2
2128,498,1,2
2128,499,1,2
2128,500,1,2
2128,501,1,2
2128,502,1,2
2128,503,1,2
2128,504,1,2
2128,505,1,2
2128,506,1,2
2128,507,1,2
2128,508,1,2
2128,509,1,2
2128,510,1,2
2128,511,1,2
2128,512,1,2
2128,513,1,2
2128,514,1,2
2128,515,1,2
2128,516,1,2
2128,517,1,2
2128,518,1,2
2128,519,1,2
2128,520,1,2
2128,521,1,2
2128,522,1,2
2128,523,1,2
2128,524,1,2
2128,525,1,2
2128,526,1,2
2128,527,1,2
2128,528,1,2
2128,529,1,2
2128,530,1,2
2128,531,1,2
2128,532,1,2
2128,533,1,2
2128,534,1,2
2128,535,1,2
2128,536,1,2
2128,537,1,2
2128,538,1,2
2128,539,1,2
2128,540,1,2
2128,541,1,2
2128,542,1,2
2128,543,1,2
2128,544,1,2
2128,545,1,2
2128,546,1,2
2128,547,1,2
2128,548,1,2
2128,549,1,2
2128,550,1,2
2128,551,1,2
2128,552,1,2
2128,553,1,2
2128,554,1,2
2128,555,1,2
2128,556,1,2
2128,557,1,2
2128,558,1,2
2128,559,1,2
2128,560,1,2
2128,561,1,2
2128,562,1,2
2128,563,1,2
2128,564,1,2
2128,565,1,2
2128,566,1,2
2128,567,1,2
2128,568,1,2
2128,569,1,2
2128,570,1,2
2128,571,1,2
2128,572,1,2
2128,573,1,2
2128,574,1,2
2128,575,1,2
2128,576,1,2
2128,577,1,2
2128,578,1,2
2128,579,1,2
2128,580,1,2
2128,581,1,2
2128,582,1,2
2128,583,1,2
2128,584,1,2
2128,585,1,2
2128,586,1,2
2128,587,1,2
2128,588,1,2
2128,589,1,2
2128,590,1,2
2128,591,1,2
2128,592,1,2
2128,593,1,2
2128,594,1,2
2128,595,1,2
2128,596,1,2
2128,597,1,2
2128,598,1,2
2128,599,1,2
2128,600,1,2
2128,601,1,2
2128,602,1,2
2128,603,1,2
2128,604,1,2
2128,605,1,2
2128,606,1,2
2128,607,1,2
2128,608,1,2
2128,609,1,2
2128,610,1,2
2128,611,1,2
2128,612,1,2
2128,613,1,2
2128,614,1,2
2128,615,1,2
2128,616,1,2
2128,617,1,2
2128,618,1,2
2128,619,1,2
2128,620,1,2
2128,621,1,2
2128,622,1,2
2128,623,1,2
2128,624,1,2
2128,625,1,2
2128,626,1,2
2128,627,1,2
2128,628,1,2
2128,629,1,2
2128,630,1,2
2128,631,1,2
2128,632,1,2
2128,633,1,2
2128,634,1,2
2128,635,1,2
2128,636,1,2
2128,637,1,2
2128,638,1,2
2128,639,1,2
2128,640,1,2
2128,641,1,2
2128,642,1,2
2128,643,1,2
2128,644,1,2
2128,645,1,2
2128,646,1,2
2129,160,1,2
2129,161,1,2
2129,162,1,2
2129,163,1,2
2129,164,1,2
2129,165,1,2
2129,166,1,2
2129,167,1,2
2129,168,1,2
2129,169,1,2
2129,170,1,2
2129,171,1,2
2129,172,1,2
2129,173,1,2
2129,174,1,2
2129,175,1,2
2129,176,1,2
2129,177,1,2
2129,178,1,2
2129,179,1,2
2129,180,1,2
2129,181,1,2
2129,182,1,2
2129,183,1,2
2129,184,1,2
2129,185,1,2
2129,186,1,2
2129,187,1,2
2129,188,1,2
2129,189,1,2
2129,190,1,2
2129,191,1,2
2129,192,1,2
2129,193,1,2
2129,194,1,2
2129,195,1,2
2129,196,1,2
2129,197,1,2
2129,198,1,2
2129,199,1,2
2129,200,1,2
2129,201,1,2
2129,202,1,2
2129,203,1,2
2129,204,1,2
2129,205,1,2
2129,206,1,2
2129,207,1,2
2129,208,1,2
2129,209,1,2
2129,210,1,2
2129,211,1,2
2129,212,1,2
2129,213,1,2
2129,214,1,2
2129,215,1,2
2129,216,1,2
2129,217,1,2
2129,218,1,2
2129,219,1,2
2129,220,1,2
2129,221,1,2
2129,222,1,2
2129,223,1,2
2129,224,1,2
2129,225,1,2
2129,226,1,2
2129,227,1,2
2129,228,1,2
2129,229,1,2
2129,230,1,2
2129,231,1,2
2129,232,1,2
2129,233,1,2
2129,234,1,2
2129,235,1,2
2129,236,1,2
2129,237,1,2
2129,238,1,2
2129,239,1,2
2129,240,1,2
2129,241,1,2
2129,242,1,2
2129,243,1,2
2129,244,1,2
2129,245,1,2
2129,246,1,2
2129,247,1,2
2129,248,1,2
2129,249,1,2
2129,250,1,2
2129,251,1,2
2129,252,1,2
2129,253,1,2
2129,254,1,2
2129,255,1,2
2129,256,1,2
2129,257,1,2
2129,258,1,2
2129,259,1,2
2129,260,1,2
2129,261,1,2
2129,262,1,2
2129,263,1,2
2129,264,1,2
2129,265,1,2
2129,266,1,2
2129,267,1,2
2129,268,1,2
2129,269,1,2
2129,270,1,2
2129,271,1,2
2129,272,1,2
2129,273,1,2
2129,274,1,2
2129,275,1,2
2129,276,1,2
2129,277,1,2
2129,278,1,2
2129,279,1,2
2129,280,1,2
2129,281,1,2
2129,282,1,2
2129,283,1,2
2129,284,1,2
2129,285,1,2
2129,286,1,2
2129,287,1,2
2129,288,1,2
2129,289,1,2
2129,290,1,2
2129,291,1,2
2129,292,1,2
2129,293,1,2
2129,294,1,2
2129,295,1,2
2129,296,1,2
2129,297,1,2
2129,298,1,2
2129,299,1,2
2129,300,1,2
2129,301,1,2
2129,302,1,2
2129,303,1,2
2129,304,1,2
2129,305,1,2
2129,306,1,2
2129,307,1,2
2129,308,1,2
2129,309,1,2
2129,310,1,2
2129,311,1,2
2129,312,1,2
2129,313,1,2
2129,314,1,2
2129,315,1,2
2129,316,1,2
2129,317,1,2
2129,318,1,2
2129,319,1,2
2129,320,1,2
2129,321,1,2
2129,322,1,2
2129,323,1,2
2129,324,1,2
2129,325,1,2
2129,326,1,2
2129,327,1,2
2129,328,1,2
2129,329,1,2
2129,330,1,2
2129,331,1,2
2129,332,1,2
2129,333,1,2
2129,334,1,2
2129,335,1,2
2129,336,1,2
2129,337,1,2
2129,338,1,2
2129,339,1,2
2129,340,1,2
2129,341,1,2
2129,342,1,2
2129,343,1,2
2129,344,1,2
2129,345,1,2
2129,346,1,2
2129,347,1,2
2129,348,1,2
2129,349,1,2
2129,350,1,2
2129,351,1,2
2129,352,1,2
2129,353,1,2
2129,354,1,2
2129,355,1,2
2129,356,1,2
2129,357,1,2
2129,358,1,2
2129,359,1,2
2129,360,1,2
2129,361,1,2
2129,362,1,2
2129,363,1,2
2129,364,1,2
2129,365,1,2
2129,366,1,2
2129,367,1,2
2129,368,1,2
2129,369,1,2
2129,370,1,2
2129,371,1,2
2129,372,1,2
2129,373,1,2
2129,374,1,2
2129,375,1,2
2129,376,1,2
2129,377,1,2
2129,378,1,2
2129,379,1,2
2129,380,1,2
2129,381,1,2
2129,382,1,2
2129,383,1,2
2129,384,1,2
2129,385,1,2
2129,386,1,2
2129,387,1,2
2129,388,1,2
2129,389,1,2
2129,390,1,2
2129,391,1,2
2129,392,1,2
2129,393,1,2
2129,394,1,2
2129,395,1,2
2129,396,1,2
2129,397,1,2
2129,398,1,2
2129,399,1,2
2129,400,1,2
2129,401,1,2
2129,402,1,2
2129,403,1,2
2129,404,1,2
2129,405,1,2
2129,406,1,2
2129,407,1,2
2129,408,1,2
2129,409,1,2
2129,410,1,2
2129,411,1,2
2129,412,1,2
2129,413,1,2
2129,414,1,2
2129,415,1,2
2129,416,1,2
2129,417,1,2
2129,418,1,2
2129,419,1,2
2129,420,1,2
2129,421,1,2
2129,422,1,2
2129,423,1,2
2129,424,1,2
2129,425,1,2
2129,426,1,2
2129,427,1,2
2129,428,1,2
2129,429,1,2
2129,430,1,2
2129,431,1,2
2129,432,1,2
2129,433,1,2
2129,434,1,2
2129,435,1,2
2129,436,1,2
2129,437,1,2
2129,438,1,2
2129,439,1,2
2129,440,1,2
2129,441,1,2
2129,442,1,2
2129,443,1,2
2129,444,1,2
2129,445,1,2
2129,446,1,2
2129,447,1,2
2129,448,1,2
2129,449,1,2
2129,450,1,2
2129,451,1,2
2129,452,1,2
2129,453,1,2
2129,454,1,2
2129,455,1,2
2129,456,1,2
2129,457,1,2
2129,458,1,2
2129,459,1,2
2129,460,1,2
2129,461,1,2
2129,462,1,2
2129,463,1,2
2129,464,1,2
2129,465,1,2
2129,466,1,2
2129,467,1,2
2129,468,1,2
2129,469,1,2
2129,470,1,2
2129,471,1,2
2129,472,1,2
2129,473,1,2
2129,474,1,2
2129,475,1,2
2129,476,1,2
2129,477,1,2
2129,478,1,2
2129,479,1,2
2129,480,1,2
2129,481,1,2
2129,482,1,2
2129,483,1,2
2129,484,1,2
2129,485,1,2
2129,486,1,2
2129,487,1,2
2129,488,1,2
2129,489,1,2
2129,490,1,2
2129,491,1,2
2129,492,1,2
2129,493,1,2
2129,494,1,2
2129,495,1,2
2129,496,1,2
2129,497,1,2
2129,498,1,2
2129,499,1,2
2129,500,1,2
2129,501,1,2
2129,502,1,2
2129,503,1,2
2129,504,1,2
2129,505,1,2
2129,506,1,2
2129,507,1,2
2129,508,1,2
2129,509,1,2
2129,510,1,2
2129,511,1,2
2129,512,1,2
2129,513,1,2
2129,514,1,2
2129,515,1,2
2129,516,1,2
2129,517,1,2
2129,518,1,2
2129,519,1,2
2129,520,1,2
2129,521,1,2
2129,522,1,2
2129,523,1,2
2129,524,1,2
2129,525,1,2
2129,526,1,2
2129,527,1,2
2129,528,1,2
2129,529,1,2
2129,530,1,2
2129,531,1,2
2129,532,1,2
2129,533,1,2
2129,534,1,2
2129,535,1,2
2129,536,1,2
2129,537,1,2
2129,538,1,2
2129,539,1,2
2129,540,1,2
2129,541,1,2
2129,542,1,2
2129,543,1,2
2129,544,1,2
2129,545,1,2
2129,546,1,2
2129,547,1,2
2129,548,1,2
2129,549,1,2
2129,550,1,2
2129,551,1,2
2129,552,1,2
2129,553,1,2
2129,554,1,2
2129,555,1,2
2129,556,1,2
2129,557,1,2
2129,558,1,2
2129,559,1,2
2129,560,1,2
2129,561,1,2
2129,562,1,2
2129,563,1,2
2129,564,1,2
2129,565,1,2
2129,566,1,2
2129,567,1,2
2129,568,1,2
2129,569,1,2
2129,570,1,2
2129,571,1,2
2129,572,1,2
2129,573,1,2
2129,574,1,2
2129,575,1,2
2129,576,1,2
2129,577,1,2
2129,578,1,2
2129,579,1,2
2129,580,1,2
2129,581,1,2
2129,582,1,2
2129,583,1,2
2129,584,1,2
2129,585,1,2
2129,586,1,2
2129,587,1,2
2129,588,1,2
2129,589,1,2
2129,590,1,2
2129,591,1,2
2129,592,1,2
2129,593,1,2
2129,594,1,2
2129,595,1,2
2129,596,1,2
2129,597,1,2
2129,598,1,2
2129,599,1,2
2129,600,1,2
2129,601,1,2
2129,602,1,2
2129,603,1,2
2129,604,1,2
2129,605,1,2
2129,606,1,2
2129,607,1,2
2129,608,1,2
2129,609,1,2
2129,610,1,2
2129,611,1,2
2129,612,1,2
2129,613,1,2
2129,614,1,2
2129,615,1,2
2129,616,1,2
2129,617,1,2
2129,618,1,2
2129,619,1,2
2129,620,1,2
2129,621,1,2
2129,622,1,2
2129,623,1,2
2129,624,1,2
2129,625,1,2
2129,626,1,2
2129,627,1,2
2129,628,1,2
2129,629,1,2
2129,630,1,2
2129,631,1,2
2129,632,1,2
2129,633,1,2
2129,634,1,2
2129,635,1,2
2129,636,1,2
2129,637,1,2
2129,638,1,2
2129,639,1,2
2129,640,1,2
2129,641,1,2
2129,642,1,2
2129,643,1,2
2129,644,1,2
2129,645,1,2
2129,646,1,2
2130,161,1,2
2130,162,1,2
2130,163,1,2
2130,164,1,2
2130,165,1,2
2130,166,1,2
2130,167,1,2
2130,168,1,2
2130,169,1,2
2130,170,1,2
2130,171,1,2
2130,172,1,2
2130,173,1,2
2130,174,1,2
2130,175,1,2
2130,176,1,2
2130,177,1,2
2130,178,1,2
2130,179,1,2
2130,180,1,2
2130,181,1,2
2130,182,1,2
2130,183,1,2
2130,184,1,2
2130,185,1,2
2130,186,1,2
2130,187,1,2
2130,188,1,2
2130,189,1,2
2130,190,1,2
2130,191,1,2
2130,192,1,2
2130,193,1,2
2130,194,1,2
2130,195,1,2
2130,196,1,2
2130,197,1,2
2130,198,1,2
2130,199,1,2
2130,200,1,2
2130,201,1,2
2130,202,1,2
2130,203,1,2
2130,204,1,2
2130,205,1,2
2130,206,1,2
2130,207,1,2
2130,208,1,2
2130,209,1,2
2130,210,1,2
2130,211,1,2
2130,212,1,2
2130,213,1,2
2130,214,1,2
2130,215,1,2
2130,216,1,2
2130,217,1,2
2130,218,1,2
2130,219,1,2
2130,220,1,2
2130,221,1,2
2130,222,1,2
2130,223,1,2
2130,224,1,2
2130,225,1,2
2130,226,1,2
2130,227,1,2
2130,228,1,2
2130,229,1,2
2130,230,1,2
2130,231,1,2
2130,232,1,2
2130,233,1,2
2130,234,1,2
2130,235,1,2
2130,236,1,2
2130,237,1,2
2130,238,1,2
2130,239,1,2
2130,240,1,2
2130,241,1,2
2130,242,1,2
2130,243,1,2
2130,244,1,2
2130,245,1,2
2130,246,1,2
2130,247,1,2
2130,248,1,2
2130,249,1,2
2130,250,1,2
2130,251,1,2
2130,252,1,2
2130,253,1,2
2130,254,1,2
2130,255,1,2
2130,256,1,2
2130,257,1,2
2130,258,1,2
2130,259,1,2
2130,260,1,2
2130,261,1,2
2130,262,1,2
2130,263,1,2
2130,264,1,2
2130,265,1,2
2130,266,1,2
2130,267,1,2
2130,268,1,2
2130,269,1,2
2130,270,1,2
2130,271,1,2
2130,272,1,2
2130,273,1,2
2130,274,1,2
2130,275,1,2
2130,276,1,2
2130,277,1,2
2130,278,1,2
2130,279,1,2
2130,280,1,2
2130,281,1,2
2130,282,1,2
2130,283,1,2
2130,284,1,2
2130,285,1,2
2130,286,1,2
2130,287,1,2
2130,288,1,2
2130,289,1,2
2130,290,1,2
2130,291,1,2
2130,292,1,2
2130,293,1,2
2130,294,1,2
2130,295,1,2
2130,296,1,2
2130,297,1,2
2130,298,1,2
2130,299,1,2
2130,300,1,2
2130,301,1,2
2130,302,1,2
2130,303,1,2
2130,304,1,2
2130,305,1,2
2130,306,1,2
2130,307,1,2
2130,308,1,2
2130,309,1,2
2130,310,1,2
2130,311,1,2
2130,312,1,2
2130,313,1,2
2130,314,1,2
2130,315,1,2
2130,316,1,2
2130,317,1,2
2130,318,1,2
2130,319,1,2
2130,320,1,2
2130,321,1,2
2130,322,1,2
2130,323,1,2
2130,324,1,2
2130,325,1,2
2130,326,1,2
2130,327,1,2
2130,328,1,2
2130,329,1,2
2130,330,1,2
2130,331,1,2
2130,332,1,2
2130,333,1,2
2130,334,1,2
2130,335,1,2
2130,336,1,2
2130,337,1,2
2130,338,1,2
2130,339,1,2
2130,340,1,2
2130,341,1,2
2130,342,1,2
2130,343,1,2
2130,344,1,2
2130,345,1,2
2130,346,1,2
2130,347,1,2
2130,348,1,2
2130,349,1,2
2130,350,1,2
2130,351,1,2
2130,352,1,2
2130,353,1,2
2130,354,1,2
2130,355,1,2
2130,356,1,2
2130,357,1,2
2130,358,1,2
2130,359,1,2
2130,360,1,2
2130,361,1,2
2130,362,1,2
2130,363,1,2
2130,364,1,2
2130,365,1,2
2130,366,1,2
2130,367,1,2
2130,368,1,2
2130,369,1,2
2130,370,1,2
2130,371,1,2
2130,372,1,2
2130,373,1,2
2130,374,1,2
2130,375,1,2
2130,376,1,2
2130,377,1,2
2130,378,1,2
2130,379,1,2
2130,380,1,2
2130,381,1,2
2130,382,1,2
2130,383,1,2
2130,384,1,2
2130,385,1,2
2130,386,1,2
2130,387,1,2
2130,388,1,2
2130,389,1,2
2130,390,1,2
2130,391,1,2
2130,392,1,2
2130,393,1,2
2130,394,1,2
2130,395,1,2
2130,396,1,2
2130,397,1,2
2130,398,1,2
2130,399,1,2
2130,400,1,2
2130,401,1,2
2130,402,1,2
2130,403,1,2
2130,404,1,2
2130,405,1,2
2130,406,1,2
2130,407,1,2
2130,408,1,2
2130,409,1,2
2130,410,1,2
2130,411,1,2
2130,412,1,2
2130,413,1,2
2130,414,1,2
2130,415,1,2
2130,416,1,2
2130,417,1,2
2130,418,1,2
2130,419,1,2
2130,420,1,2
2130,421,1,2
2130,422,1,2
2130,423,1,2
2130,424,1,2
2130,425,1,2
2130,426,1,2
2130,427,1,2
2130,428,1,2
2130,429,1,2
2130,430,1,2
2130,431,1,2
2130,432,1,2
2130,433,1,2
2130,434,1,2
2130,435,1,2
2130,436,1,2
2130,437,1,2
2130,438,1,2
2130,439,1,2
2130,440,1,2
2130,441,1,2
2130,442,1,2
2130,443,1,2
2130,444,1,2
2130,445,1,2
2130,446,1,2
2130,447,1,2
2130,448,1,2
2130,449,1,2
2130,450,1,2
2130,451,1,2
2130,452,1,2
2130,453,1,2
2130,454,1,2
2130,455,1,2
2130,456,1,2
2130,457,1,2
2130,458,1,2
2130,459,1,2
2130,460,1,2
2130,461,1,2
2130,462,1,2
2130,463,1,2
2130,464,1,2
2130,465,1,2
2130,466,1,2
2130,467,1,2
2130,468,1,2
2130,469,1,2
2130,470,1,2
2130,471,1,2
2130,472,1,2
2130,473,1,2
2130,474,1,2
2130,475,1,2
2130,476,1,2
2130,477,1,2
2130,478,1,2
2130,479,1,2
2130,480,1,2
2130,481,1,2
2130,482,1,2
2130,483,1,2
2130,484,1,2
2130,485,1,2
2130,486,1,2
2130,487,1,2
2130,488,1,2
2130,489,1,2
2130,490,1,2
2130,491,1,2
2130,492,1,2
2130,493,1,2
2130,494,1,2
2130,495,1,2
2130,496,1,2
2130,497,1,2
2130,498,1,2
2130,499,1,2
2130,500,1,2
2130,501,1,2
2130,502,1,2
2130,503,1,2
2130,504,1,2
2130,505,1,2
2130,506,1,2
2130,507,1,2
2130,508,1,2
2130,509,1,2
2130,510,1,2
2130,511,1,2
2130,512,1,2
2130,513,1,2
2130,514,1,2
2130,515,1,2
2130,516,1,2
2130,517,1,2
2130,518,1,2
2130,519,1,2
2130,520,1,2
2130,521,1,2
2130,522,1,2
2130,523,1,2
2130,524,1,2
2130,525,1,2
2130,526,1,2
2130,527,1,2
2130,528,1,2
2130,529,1,2
2130,530,1,2
2130,531,1,2
2130,532,1,2
2130,533,1,2
2130,534,1,2
2130,535,1,2
2130,536,1,2
2130,537,1,2
2130,538,1,2
2130,539,1,2
2130,540,1,2
2130,541,1,2
2130,542,1,2
2130,543,1,2
2130,544,1,2
2130,545,1,2
2130,546,1,2
2130,547,1,2
2130,548,1,2
2130,549,1,2
2130,550,1,2
2130,551,1,2
2130,552,1,2
2130,553,1,2
2130,554,1,2
2130,555,1,2
2130,556,1,2
2130,557,1,2
2130,558,1,2
2130,559,1,2
2130,560,1,2
2130,561,1,2
2130,562,1,2
2130,563,1,2
2130,564,1,2
2130,565,1,2
2130,566,1,2
2130,567,1,2
2130,568,1,2
2130,569,1,2
2130,570,1,2
2130,571,1,2
2130,572,1,2
2130,573,1,2
2130,574,1,2
2130,575,1,2
2130,576,1,2
2130,577,1,2
2130,578,1,2
2130,579,1,2
2130,580,1,2
2130,581,1,2
2130,582,1,2
2130,583,1,2
2130,584,1,2
2130,585,1,2
2130,586,1,2
2130,587,1,2
2130,588,1,2
2130,589,1,2
2130,590,1,2
2130,591,1,2
2130,592,1,2
2130,593,1,2
2130,594,1,2
2130,595,1,2
2130,596,1,2
2130,597,1,2
2130,598,1,2
2130,599,1,2
2130,600,1,2
2130,601,1,2
2130,602,1,2
2130,603,1,2
2130,604,1,2
2130,605,1,2
2130,606,1,2
2130,607,1,2
2130,608,1,2
2130,609,1,2
2130,610,1,2
2130,611,1,2
2130,612,1,2
2130,613,1,2
2130,614,1,2
2130,615,1,2
2130,616,1,2
2130,617,1,2
2130,618,1,2
2130,619,1,2
2130,620,1,2
2130,621,1,2
2130,622,1,2
2130,623,1,2
2130,624,1,2
2130,625,1,2
2130,626,1,2
2130,627,1,2
2130,628,1,2
2130,629,1,2
2130,630,1,2
2130,631,1,2
2130,632,1,2
2130,633,1,2
2130,634,1,2
2130,635,1,2
2130,636,1,2
2130,637,1,2
2130,638,1,2
2130,639,1,2
2130,640,1,2
2130,641,1,2
2130,642,1,2
2130,643,1,2
2130,644,1,2
2130,645,1,2
2130,646,1,2
2131,161,1,2
2131,162,1,2
2131,163,1,2
2131,164,1,2
2131,165,1,2
2131,166,1,2
2131,167,1,2
2131,168,1,2
2131,169,1,2
2131,170,1,2
2131,171,1,2
2131,172,1,2
2131,173,1,2
2131,174,1,2
2131,175,1,2
2131,176,1,2
2131,177,1,2
2131,178,1,2
2131,179,1,2
2131,180,1,2
2131,181,1,2
2131,182,1,2
2131,183,1,2
2131,184,1,2
2131,185,1,2
2131,186,1,2
2131,187,1,2
2131,188,1,2
2131,189,1,2
2131,190,1,2
2131,191,1,2
2131,192,1,2
2131,193,1,2
2131,194,1,2
2131,195,1,2
2131,196,1,2
2131,197,1,2
2131,198,1,2
2131,199,1,2
2131,200,1,2
2131,201,1,2
2131,202,1,2
2131,203,1,2
2131,204,1,2
2131,205,1,2
2131,206,1,2
2131,207,1,2
2131,208,1,2
2131,209,1,2
2131,210,1,2
2131,211,1,2
2131,212,1,2
2131,213,1,2
2131,214,1,2
2131,215,1,2
2131,216,1,2
2131,217,1,2
2131,218,1,2
2131,219,1,2
2131,220,1,2
2131,221,1,2
2131,222,1,2
2131,223,1,2
2131,224,1,2
2131,225,1,2
2131,226,1,2
2131,227,1,2
2131,228,1,2
2131,229,1,2
2131,230,1,2
2131,231,1,2
2131,232,1,2
2131,233,1,2
2131,234,1,2
2131,235,1,2
2131,236,1,2
2131,237,1,2
2131,238,1,2
2131,239,1,2
2131,240,1,2
2131,241,1,2
2131,242,1,2
2131,243,1,2
2131,244,1,2
2131,245,1,2
2131,246,1,2
2131,247,1,2
2131,248,1,2
2131,249,1,2
2131,250,1,2
2131,251,1,2
2131,252,1,2
2131,253,1,2
2131,254,1,2
2131,255,1,2
2131,256,1,2
2131,257,1,2
2131,258,1,2
2131,259,1,2
2131,260,1,2
2131,261,1,2
2131,262,1,2
2131,263,1,2
2131,264,1,2
2131,265,1,2
2131,266,1,2
2131,267,1,2
2131,268,1,2
2131,269,1,2
2131,270,1,2
2131,271,1,2
2131,272,1,2
2131,273,1,2
2131,274,1,2
2131,275,1,2
2131,276,1,2
2131,277,1,2
2131,278,1,2
2131,279,1,2
2131,280,1,2
2131,281,1,2
2131,282,1,2
2131,283,1,2
2131,284,1,2
2131,285,1,2
2131,286,1,2
2131,287,1,2
2131,288,1,2
2131,289,1,2
2131,290,1,2
2131,291,1,2
2131,292,1,2
2131,293,1,2
2131,294,1,2
2131,295,1,2
2131,296,1,2
2131,297,1,2
2131,298,1,2
2131,299,1,2
2131,300,1,2
2131,301,1,2
2131,302,1,2
2131,303,1,2
2131,304,1,2
2131,305,1,2
2131,306,1,2
2131,307,1,2
2131,308,1,2
2131,309,1,2
2131,310,1,2
2131,311,1,2
2131,312,1,2
2131,313,1,2
2131,314,1,2
2131,315,1,2
2131,316,1,2
2131,317,1,2
2131,318,1,2
2131,319,1,2
2131,320,1,2
2131,321,1,2
2131,322,1,2
2131,323,1,2
2131,324,1,2
2131,325,1,2
2131,326,1,2
2131,327,1,2
2131,328,1,2
2131,329,1,2
2131,330,1,2
2131,331,1,2
2131,332,1,2
2131,333,1,2
2131,334,1,2
2131,335,1,2
2131,336,1,2
2131,337,1,2
2131,338,1,2
2131,339,1,2
2131,340,1,2
2131,341,1,2
2131,342,1,2
2131,343,1,2
2131,344,1,2
2131,345,1,2
2131,346,1,2
2131,347,1,2
2131,348,1,2
2131,349,1,2
2131,350,1,2
2131,351,1,2
2131,352,1,2
2131,353,1,2
2131,354,1,2
2131,355,1,2
2131,356,1,2
2131,357,1,2
2131,358,1,2
2131,359,1,2
2131,360,1,2
2131,361,1,2
2131,362,1,2
2131,363,1,2
2131,364,1,2
2131,365,1,2
2131,366,1,2
2131,367,1,2
2131,368,1,2
2131,369,1,2
2131,370,1,2
2131,371,1,2
2131,372,1,2
2131,373,1,2
2131,374,1,2
2131,375,1,2
2131,376,1,2
2131,377,1,2
2131,378,1,2
2131,379,1,2
2131,380,1,2
2131,381,1,2
2131,382,1,2
2131,383,1,2
2131,384,1,2
2131,385,1,2
2131,386,1,2
2131,387,1,2
2131,388,1,2
2131,389,1,2
2131,390,1,2
2131,391,1,2
2131,392,1,2
2131,393,1,2
2131,394,1,2
2131,395,1,2
2131,396,1,2
2131,397,1,2
2131,398,1,2
2131,399,1,2
2131,400,1,2
2131,401,1,2
2131,402,1,2
2131,403,1,2
2131,404,1,2
2131,405,1,2
2131,406,1,2
2131,407,1,2
2131,408,1,2
2131,409,1,2
2131,410,1,2
2131,411,1,2
2131,412,1,2
2131,413,1,2
2131,414,1,2
2131,415,1,2
2131,416,1,2
2131,417,1,2
2131,418,1,2
2131,419,1,2
2131,420,1,2
2131,421,1,2
2131,422,1,2
2131,423,1,2
2131,424,1,2
2131,425,1,2
2131,426,1,2
2131,427,1,2
2131,428,1,2
2131,429,1,2
2131,430,1,2
2131,431,1,2
2131,432,1,2
2131,433,1,2
2131,434,1,2
2131,435,1,2
2131,436,1,2
2131,437,1,2
2131,438,1,2
2131,439,1,2
2131,440,1,2
2131,441,1,2
2131,442,1,2
2131,443,1,2
2131,444,1,2
2131,445,1,2
2131,446,1,2
2131,447,1,2
2131,448,1,2
2131,449,1,2
2131,450,1,2
2131,451,1,2
2131,452,1,2
2131,453,1,2
2131,454,1,2
2131,455,1,2
2131,456,1,2
2131,457,1,2
2131,458,1,2
2131,459,1,2
2131,460,1,2
2131,461,1,2
2131,462,1,2
2131,463,1,2
2131,464,1,2
2131,465,1,2
2131,466,1,2
2131,467,1,2
2131,468,1,2
2131,469,1,2
2131,470,1,2
2131,471,1,2
2131,472,1,2
2131,473,1,2
2131,474,1,2
2131,475,1,2
2131,476,1,2
2131,477,1,2
2131,478,1,2
2131,479,1,2
2131,480,1,2
2131,481,1,2
2131,482,1,2
2131,483,1,2
2131,484,1,2
2131,485,1,2
2131,486,1,2
2131,487,1,2
2131,488,1,2
2131,489,1,2
2131,490,1,2
2131,491,1,2
2131,492,1,2
2131,493,1,2
2131,494,1,2
2131,495,1,2
2131,496,1,2
2131,497,1,2
2131,498,1,2
2131,499,1,2
2131,500,1,2
2131,501,1,2
2131,502,1,2
2131,503,1,2
2131,504,1,2
2131,505,1,2
2131,506,1,2
2131,507,1,2
2131,508,1,2
2131,509,1,2
2131,510,1,2
2131,511,1,2
2131,512,1,2
2131,513,1,2
2131,514,1,2
2131,515,1,2
2131,516,1,2
2131,517,1,2
2131,518,1,2
2131,519,1,2
2131,520,1,2
2131,521,1,2
2131,522,1,2
2131,523,1,2
2131,524,1,2
2131,525,1,2
2131,526,1,2
2131,527,1,2
2131,528,1,2
2131,529,1,2
2131,530,1,2
2131,531,1,2
2131,532,1,2
2131,533,1,2
2131,534,1,2
2131,535,1,2
2131,536,1,2
2131,537,1,2
2131,538,1,2
2131,539,1,2
2131,540,1,2
2131,541,1,2
2131,542,1,2
2131,543,1,2
2131,544,1,2
2131,545,1,2
2131,546,1,2
2131,547,1,2
2131,548,1,2
2131,549,1,2
2131,550,1,2
2131,551,1,2
2131,552,1,2
2131,553,1,2
2131,554,1,2
2131,555,1,2
2131,556,1,2
2131,557,1,2
2131,558,1,2
2131,559,1,2
2131,560,1,2
2131,561,1,2
2131,562,1,2
2131,563,1,2
2131,564,1,2
2131,565,1,2
2131,566,1,2
2131,567,1,2
2131,568,1,2
2131,569,1,2
2131,570,1,2
2131,571,1,2
2131,572,1,2
2131,573,1,2
2131,574,1,2
2131,575,1,2
2131,576,1,2
2131,577,1,2
2131,578,1,2
2131,579,1,2
2131,580,1,2
2131,581,1,2
2131,582,1,2
2131,583,1,2
2131,584,1,2
2131,585,1,2
2131,586,1,2
2131,587,1,2
2131,588,1,2
2131,589,1,2
2131,590,1,2
2131,591,1,2
2131,592,1,2
2131,593,1,2
2131,594,1,2
2131,595,1,2
2131,596,1,2
2131,597,1,2
2131,598,1,2
2131,599,1,2
2131,600,1,2
2131,601,1,2
2131,602,1,2
2131,603,1,2
2131,604,1,2
2131,605,1,2
2131,606,1,2
2131,607,1,2
2131,608,1,2
2131,609,1,2
2131,610,1,2
2131,611,1,2
2131,612,1,2
2131,613,1,2
2131,614,1,2
2131,615,1,2
2131,616,1,2
2131,617,1,2
2131,618,1,2
2131,619,1,2
2131,620,1,2
2131,621,1,2
2131,622,1,2
2131,623,1,2
2131,624,1,2
2131,625,1,2
2131,626,1,2
2131,627,1,2
2131,628,1,2
2131,629,1,2
2131,630,1,2
2131,631,1,2
2131,632,1,2
2131,633,1,2
2131,634,1,2
2131,635,1,2
2131,636,1,2
2131,637,1,2
2131,638,1,2
2131,639,1,2
2131,640,1,2
2131,641,1,2
2131,642,1,2
2131,643,1,2
2131,644,1,2
2131,645,1,2
2131,646,1,2
2132,161,1,2
2132,162,1,2
2132,163,1,2
2132,164,1,2
2132,165,1,2
2132,166,1,2
2132,167,1,2
2132,168,1,2
2132,169,1,2
2132,170,1,2
2132,171,1,2
2132,172,1,2
2132,173,1,2
2132,174,1,2
2132,175,1,2
2132,176,1,2
2132,177,1,2
2132,178,1,2
2132,179,1,2
2132,180,1,2
2132,181,1,2
2132,182,1,2
2132,183,1,2
2132,184,1,2
2132,185,1,2
2132,186,1,2
2132,187,1,2
2132,188,1,2
2132,189,1,2
2132,190,1,2
2132,191,1,2
2132,192,1,2
2132,193,1,2
2132,194,1,2
2132,195,1,2
2132,196,1,2
2132,197,1,2
2132,198,1,2
2132,199,1,2
2132,200,1,2
2132,201,1,2
2132,202,1,2
2132,203,1,2
2132,204,1,2
2132,205,1,2
2132,206,1,2
2132,207,1,2
2132,208,1,2
2132,209,1,2
2132,210,1,2
2132,211,1,2
2132,212,1,2
2132,213,1,2
2132,214,1,2
2132,215,1,2
2132,216,1,2
2132,217,1,2
2132,218,1,2
2132,219,1,2
2132,220,1,2
2132,221,1,2
2132,222,1,2
2132,223,1,2
2132,224,1,2
2132,225,1,2
2132,226,1,2
2132,227,1,2
2132,228,1,2
2132,229,1,2
2132,230,1,2
2132,231,1,2
2132,232,1,2
2132,233,1,2
2132,234,1,2
2132,235,1,2
2132,236,1,2
2132,237,1,2
2132,238,1,2
2132,239,1,2
2132,240,1,2
2132,241,1,2
2132,242,1,2
2132,243,1,2
2132,244,1,2
2132,245,1,2
2132,246,1,2
2132,247,1,2
2132,248,1,2
2132,249,1,2
2132,250,1,2
2132,251,1,2
2132,252,1,2
2132,253,1,2
2132,254,1,2
2132,255,1,2
2132,256,1,2
2132,257,1,2
2132,258,1,2
2132,259,1,2
2132,260,1,2
2132,261,1,2
2132,262,1,2
2132,263,1,2
2132,264,1,2
2132,265,1,2
2132,266,1,2
2132,267,1,2
2132,268,1,2
2132,269,1,2
2132,270,1,2
2132,271,1,2
2132,272,1,2
2132,273,1,2
2132,274,1,2
2132,275,1,2
2132,276,1,2
2132,277,1,2
2132,278,1,2
2132,279,1,2
2132,280,1,2
2132,281,1,2
2132,282,1,2
2132,283,1,2
2132,284,1,2
2132,285,1,2
2132,286,1,2
2132,287,1,2
2132,288,1,2
2132,289,1,2
2132,290,1,2
2132,291,1,2
2132,292,1,2
2132,293,1,2
2132,294,1,2
2132,295,1,2
2132,296,1,2
2132,297,1,2
2132,298,1,2
2132,299,1,2
2132,300,1,2
2132,301,1,2
2132,302,1,2
2132,303,1,2
2132,304,1,2
2132,305,1,2
2132,306,1,2
2132,307,1,2
2132,308,1,2
2132,309,1,2
2132,310,1,2
2132,311,1,2
2132,312,1,2
2132,313,1,2
2132,314,1,2
2132,315,1,2
2132,316,1,2
2132,317,1,2
2132,318,1,2
2132,319,1,2
2132,320,1,2
2132,321,1,2
2132,322,1,2
2132,323,1,2
2132,324,1,2
2132,325,1,2
2132,326,1,2
2132,327,1,2
2132,328,1,2
2132,329,1,2
2132,330,1,2
2132,331,1,2
2132,332,1,2
2132,333,1,2
2132,334,1,2
2132,335,1,2
2132,336,1,2
2132,337,1,2
2132,338,1,2
2132,339,1,2
2132,340,1,2
2132,341,1,2
2132,342,1,2
2132,343,1,2
2132,344,1,2
2132,345,1,2
2132,346,1,2
2132,347,1,2
2132,348,1,2
2132,349,1,2
2132,350,1,2
2132,351,1,2
2132,352,1,2
2132,353,1,2
2132,354,1,2
2132,355,1,2
2132,356,1,2
2132,357,1,2
2132,358,1,2
2132,359,1,2
2132,360,1,2
2132,361,1,2
2132,362,1,2
2132,363,1,2
2132,364,1,2
2132,365,1,2
2132,366,1,2
2132,367,1,2
2132,368,1,2
2132,369,1,2
2132,370,1,2
2132,371,1,2
2132,372,1,2
2132,373,1,2
2132,374,1,2
2132,375,1,2
2132,376,1,2
2132,377,1,2
2132,378,1,2
2132,379,1,2
2132,380,1,2
2132,381,1,2
2132,382,1,2
2132,383,1,2
2132,384,1,2
2132,385,1,2
2132,386,1,2
2132,387,1,2
2132,388,1,2
2132,389,1,2
2132,390,1,2
2132,391,1,2
2132,392,1,2
2132,393,1,2
2132,394,1,2
2132,395,1,2
2132,396,1,2
2132,397,1,2
2132,398,1,2
2132,399,1,2
2132,400,1,2
2132,401,1,2
2132,402,1,2
2132,403,1,2
2132,404,1,2
2132,405,1,2
2132,406,1,2
2132,407,1,2
2132,408,1,2
2132,409,1,2
2132,410,1,2
2132,411,1,2
2132,412,1,2
2132,413,1,2
2132,414,1,2
2132,415,1,2
2132,416,1,2
2132,417,1,2
2132,418,1,2
2132,419,1,2
2132,420,1,2
2132,421,1,2
2132,422,1,2
2132,423,1,2
2132,424,1,2
2132,425,1,2
2132,426,1,2
2132,427,1,2
2132,428,1,2
2132,429,1,2
2132,430,1,2
2132,431,1,2
2132,432,1,2
2132,433,1,2
2132,434,1,2
2132,435,1,2
2132,436,1,2
2132,437,1,2
2132,438,1,2
2132,439,1,2
2132,440,1,2
2132,441,1,2
2132,442,1,2
2132,443,1,2
2132,444,1,2
2132,445,1,2
2132,446,1,2
2132,447,1,2
2132,448,1,2
2132,449,1,2
2132,450,1,2
2132,451,1,2
2132,452,1,2
2132,453,1,2
2132,454,1,2
2132,455,1,2
2132,456,1,2
2132,457,1,2
2132,458,1,2
2132,459,1,2
2132,460,1,2
2132,461,1,2
2132,462,1,2
2132,463,1,2
2132,464,1,2
2132,465,1,2
2132,466,1,2
2132,467,1,2
2132,468,1,2
2132,469,1,2
2132,470,1,2
2132,471,1,2
2132,472,1,2
2132,473,1,2
2132,474,1,2
2132,475,1,2
2132,476,1,2
2132,477,1,2
2132,478,1,2
2132,479,1,2
2132,480,1,2
2132,481,1,2
2132,482,1,2
2132,483,1,2
2132,484,1,2
2132,485,1,2
2132,486,1,2
2132,487,1,2
2132,488,1,2
2132,489,1,2
2132,490,1,2
2132,491,1,2
2132,492,1,2
2132,493,1,2
2132,494,1,2
2132,495,1,2
2132,496,1,2
2132,497,1,2
2132,498,1,2
2132,499,1,2
2132,500,1,2
2132,501,1,2
2132,502,1,2
2132,503,1,2
2132,504,1,2
2132,505,1,2
2132,506,1,2
2132,507,1,2
2132,508,1,2
2132,509,1,2
2132,510,1,2
2132,511,1,2
2132,512,1,2
2132,513,1,2
2132,514,1,2
2132,515,1,2
2132,516,1,2
2132,517,1,2
2132,518,1,2
2132,519,1,2
2132,520,1,2
2132,521,1,2
2132,522,1,2
2132,523,1,2
2132,524,1,2
2132,525,1,2
2132,526,1,2
2132,527,1,2
2132,528,1,2
2132,529,1,2
2132,530,1,2
2132,531,1,2
2132,532,1,2
2132,533,1,2
2132,534,1,2
2132,535,1,2
2132,536,1,2
2132,537,1,2
2132,538,1,2
2132,539,1,2
2132,540,1,2
2132,541,1,2
2132,542,1,2
2132,543,1,2
2132,544,1,2
2132,545,1,2
2132,546,1,2
2132,547,1,2
2132,548,1,2
2132,549,1,2
2132,550,1,2
2132,551,1,2
2132,552,1,2
2132,553,1,2
2132,554,1,2
2132,555,1,2
2132,556,1,2
2132,557,1,2
2132,558,1,2
2132,559,1,2
2132,560,1,2
2132,561,1,2
2132,562,1,2
2132,563,1,2
2132,564,1,2
2132,565,1,2
2132,566,1,2
2132,567,1,2
2132,568,1,2
2132,569,1,2
2132,570,1,2
2132,571,1,2
2132,572,1,2
2132,573,1,2
2132,574,1,2
2132,575,1,2
2132,576,1,2
2132,577,1,2
2132,578,1,2
2132,579,1,2
2132,580,1,2
2132,581,1,2
2132,582,1,2
2132,583,1,2
2132,584,1,2
2132,585,1,2
2132,586,1,2
2132,587,1,2
2132,588,1,2
2132,589,1,2
2132,590,1,2
2132,591,1,2
2132,592,1,2
2132,593,1,2
2132,594,1,2
2132,595,1,2
2132,596,1,2
2132,597,1,2
2132,598,1,2
2132,599,1,2
2132,600,1,2
2132,601,1,2
2132,602,1,2
2132,603,1,2
2132,604,1,2
2132,605,1,2
2132,606,1,2
2132,607,1,2
2132,608,1,2
2132,609,1,2
2132,610,1,2
2132,611,1,2
2132,612,1,2
2132,613,1,2
2132,614,1,2
2132,615,1,2
2132,616,1,2
2132,617,1,2
2132,618,1,2
2132,619,1,2
2132,620,1,2
2132,621,1,2
2132,622,1,2
2132,623,1,2
2132,624,1,2
2132,625,1,2
2132,626,1,2
2132,627,1,2
2132,628,1,2
2132,629,1,2
2132,630,1,2
2132,631,1,2
2132,632,1,2
2132,633,1,2
2132,634,1,2
2132,635,1,2
2132,636,1,2
2132,637,1,2
2132,638,1,2
2132,639,1,2
2132,640,1,2
2132,641,1,2
2132,642,1,2
2132,643,1,2
2132,644,1,2
2132,645,1,2
2133,162,1,2
2133,163,1,2
2133,164,1,2
2133,165,1,2
2133,166,1,2
2133,167,1,2
2133,168,1,2
2133,169,1,2
2133,170,1,2
2133,171,1,2
2133,172,1,2
2133,173,1,2
2133,174,1,2
2133,175,1,2
2133,176,1,2
2133,177,1,2
2133,178,1,2
2133,179,1,2
2133,180,1,2
2133,181,1,2
2133,182,1,2
2133,183,1,2
2133,184,1,2
2133,185,1,2
2133,186,1,2
2133,187,1,2
2133,188,1,2
2133,189,1,2
2133,190,1,2
2133,191,1,2
2133,192,1,2
2133,193,1,2
2133,194,1,2
2133,195,1,2
2133,196,1,2
2133,197,1,2
2133,198,1,2
2133,199,1,2
2133,200,1,2
2133,201,1,2
2133,202,1,2
2133,203,1,2
2133,204,1,2
2133,205,1,2
2133,206,1,2
2133,207,1,2
2133,208,1,2
2133,209,1,2
2133,210,1,2
2133,211,1,2
2133,212,1,2
2133,213,1,2
2133,214,1,2
2133,215,1,2
2133,216,1,2
2133,217,1,2
2133,218,1,2
2133,219,1,2
2133,220,1,2
2133,221,1,2
2133,222,1,2
2133,223,1,2
2133,224,1,2
2133,225,1,2
2133,226,1,2
2133,227,1,2
2133,228,1,2
2133,229,1,2
2133,230,1,2
2133,231,1,2
2133,232,1,2
2133,233,1,2
2133,234,1,2
2133,235,1,2
2133,236,1,2
2133,237,1,2
2133,238,1,2
2133,239,1,2
2133,240,1,2
2133,241,1,2
2133,242,1,2
2133,243,1,2
2133,244,1,2
2133,245,1,2
2133,246,1,2
2133,247,1,2
2133,248,1,2
2133,249,1,2
2133,250,1,2
2133,251,1,2
2133,252,1,2
2133,253,1,2
2133,254,1,2
2133,255,1,2
2133,256,1,2
2133,257,1,2
2133,258,1,2
2133,259,1,2
2133,260,1,2
2133,261,1,2
2133,262,1,2
2133,263,1,2
2133,264,1,2
2133,265,1,2
2133,266,1,2
2133,267,1,2
2133,268,1,2
2133,269,1,2
2133,270,1,2
2133,271,1,2
2133,272,1,2
2133,273,1,2
2133,274,1,2
2133,275,1,2
2133,276,1,2
2133,277,1,2
2133,278,1,2
2133,279,1,2
2133,280,1,2
2133,281,1,2
2133,282,1,2
2133,283,1,2
2133,284,1,2
2133,285,1,2
2133,286,1,2
2133,287,1,2
2133,288,1,2
2133,289,1,2
2133,290,1,2
2133,291,1,2
2133,292,1,2
2133,293,1,2
2133,294,1,2
2133,295,1,2
2133,296,1,2
2133,297,1,2
2133,298,1,2
2133,299,1,2
2133,300,1,2
2133,301,1,2
2133,302,1,2
2133,303,1,2
2133,304,1,2
2133,305,1,2
2133,306,1,2
2133,307,1,2
2133,308,1,2
2133,309,1,2
2133,310,1,2
2133,311,1,2
2133,312,1,2
2133,313,1,2
2133,314,1,2
2133,315,1,2
2133,316,1,2
2133,317,1,2
2133,318,1,2
2133,319,1,2
2133,320,1,2
2133,321,1,2
2133,322,1,2
2133,323,1,2
2133,324,1,2
2133,325,1,2
2133,326,1,2
2133,327,1,2
2133,328,1,2
2133,329,1,2
2133,330,1,2
2133,331,1,2
2133,332,1,2
2133,333,1,2
2133,334,1,2
2133,335,1,2
2133,336,1,2
2133,337,1,2
2133,338,1,2
2133,339,1,2
2133,340,1,2
2133,341,1,2
2133,342,1,2
2133,343,1,2
2133,344,1,2
2133,345,1,2
2133,346,1,2
2133,347,1,2
2133,348,1,2
2133,349,1,2
2133,350,1,2
2133,351,1,2
2133,352,1,2
2133,353,1,2
2133,354,1,2
2133,355,1,2
2133,356,1,2
2133,357,1,2
2133,358,1,2
2133,359,1,2
2133,360,1,2
2133,361,1,2
2133,362,1,2
2133,363,1,2
2133,364,1,2
2133,365,1,2
2133,366,1,2
2133,367,1,2
2133,368,1,2
2133,369,1,2
2133,370,1,2
2133,371,1,2
2133,372,1,2
2133,373,1,2
2133,374,1,2
2133,375,1,2
2133,376,1,2
2133,377,1,2
2133,378,1,2
2133,379,1,2
2133,380,1,2
2133,381,1,2
2133,382,1,2
2133,383,1,2
2133,384,1,2
2133,385,1,2
2133,386,1,2
2133,387,1,2
2133,388,1,2
2133,389,1,2
2133,390,1,2
2133,391,1,2
2133,392,1,2
2133,393,1,2
2133,394,1,2
2133,395,1,2
2133,396,1,2
2133,397,1,2
2133,398,1,2
2133,399,1,2
2133,400,1,2
2133,401,1,2
2133,402,1,2
2133,403,1,2
2133,404,1,2
2133,405,1,2
2133,406,1,2
2133,407,1,2
2133,408,1,2
2133,409,1,2
2133,410,1,2
2133,411,1,2
2133,412,1,2
2133,413,1,2
2133,414,1,2
2133,415,1,2
2133,416,1,2
2133,417,1,2
2133,418,1,2
2133,419,1,2
2133,420,1,2
2133,421,1,2
2133,422,1,2
2133,423,1,2
2133,424,1,2
2133,425,1,2
2133,426,1,2
2133,427,1,2
2133,428,1,2
2133,429,1,2
2133,430,1,2
2133,431,1,2
2133,432,1,2
2133,433,1,2
2133,434,1,2
2133,435,1,2
2133,436,1,2
2133,437,1,2
2133,438,1,2
2133,439,1,2
2133,440,1,2
2133,441,1,2
2133,442,1,2
2133,443,1,2
2133,444,1,2
2133,445,1,2
2133,446,1,2
2133,447,1,2
2133,448,1,2
2133,449,1,2
2133,450,1,2
2133,451,1,2
2133,452,1,2
2133,453,1,2
2133,454,1,2
2133,455,1,2
2133,456,1,2
2133,457,1,2
2133,458,1,2
2133,459,1,2
2133,460,1,2
2133,461,1,2
2133,462,1,2
2133,463,1,2
2133,464,1,2
2133,465,1,2
2133,466,1,2
2133,467,1,2
2133,468,1,2
2133,469,1,2
2133,470,1,2
2133,471,1,2
2133,472,1,2
2133,473,1,2
2133,474,1,2
2133,475,1,2
2133,476,1,2
2133,477,1,2
2133,478,1,2
2133,479,1,2
2133,480,1,2
2133,481,1,2
2133,482,1,2
2133,483,1,2
2133,484,1,2
2133,485,1,2
2133,486,1,2
2133,487,1,2
2133,488,1,2
2133,489,1,2
2133,490,1,2
2133,491,1,2
2133,492,1,2
2133,493,1,2
2133,494,1,2
2133,495,1,2
2133,496,1,2
2133,497,1,2
2133,498,1,2
2133,499,1,2
2133,500,1,2
2133,501,1,2
2133,502,1,2
2133,503,1,2
2133,504,1,2
2133,505,1,2
2133,506,1,2
2133,507,1,2
2133,508,1,2
2133,509,1,2
2133,510,1,2
2133,511,1,2
2133,512,1,2
2133,513,1,2
2133,514,1,2
2133,515,1,2
2133,516,1,2
2133,517,1,2
2133,518,1,2
2133,519,1,2
2133,520,1,2
2133,521,1,2
2133,522,1,2
2133,523,1,2
2133,524,1,2
2133,525,1,2
2133,526,1,2
2133,527,1,2
2133,528,1,2
2133,529,1,2
2133,530,1,2
2133,531,1,2
2133,532,1,2
2133,533,1,2
2133,534,1,2
2133,535,1,2
2133,536,1,2
2133,537,1,2
2133,538,1,2
2133,539,1,2
2133,540,1,2
2133,541,1,2
2133,542,1,2
2133,543,1,2
2133,544,1,2
2133,545,1,2
2133,546,1,2
2133,547,1,2
2133,548,1,2
2133,549,1,2
2133,550,1,2
2133,551,1,2
2133,552,1,2
2133,553,1,2
2133,554,1,2
2133,555,1,2
2133,556,1,2
2133,557,1,2
2133,558,1,2
2133,559,1,2
2133,560,1,2
2133,561,1,2
2133,562,1,2
2133,563,1,2
2133,564,1,2
2133,565,1,2
2133,566,1,2
2133,567,1,2
2133,568,1,2
2133,569,1,2
2133,570,1,2
2133,571,1,2
2133,572,1,2
2133,573,1,2
2133,574,1,2
2133,575,1,2
2133,576,1,2
2133,577,1,2
2133,578,1,2
2133,579,1,2
2133,580,1,2
2133,581,1,2
2133,582,1,2
2133,583,1,2
2133,584,1,2
2133,585,1,2
2133,586,1,2
2133,587,1,2
2133,588,1,2
2133,589,1,2
2133,590,1,2
2133,591,1,2
2133,592,1,2
2133,593,1,2
2133,594,1,2
2133,595,1,2
2133,596,1,2
2133,597,1,2
2133,598,1,2
2133,599,1,2
2133,600,1,2
2133,601,1,2
2133,602,1,2
2133,603,1,2
2133,604,1,2
2133,605,1,2
2133,606,1,2
2133,607,1,2
2133,608,1,2
2133,609,1,2
2133,610,1,2
2133,611,1,2
2133,612,1,2
2133,613,1,2
2133,614,1,2
2133,615,1,2
2133,616,1,2
2133,617,1,2
2133,618,1,2
2133,619,1,2
2133,620,1,2
2133,621,1,2
2133,622,1,2
2133,623,1,2
2133,624,1,2
2133,625,1,2
2133,626,1,2
2133,627,1,2
2133,628,1,2
2133,629,1,2
2133,630,1,2
2133,631,1,2
2133,632,1,2
2133,633,1,2
2133,634,1,2
2133,635,1,2
2133,636,1,2
2133,637,1,2
2133,638,1,2
2133,639,1,2
2133,640,1,2
2133,641,1,2
2133,642,1,2
2133,643,1,2
2133,644,1,2
2134,162,1,2
2134,163,1,2
2134,164,1,2
2134,165,1,2
2134,166,1,2
2134,167,1,2
2134,168,1,2
2134,169,1,2
2134,170,1,2
2134,171,1,2
2134,172,1,2
2134,173,1,2
2134,174,1,2
2134,175,1,2
2134,176,1,2
2134,177,1,2
2134,178,1,2
2134,179,1,2
2134,180,1,2
2134,181,1,2
2134,182,1,2
2134,183,1,2
2134,184,1,2
2134,185,1,2
2134,186,1,2
2134,187,1,2
2134,188,1,2
2134,189,1,2
2134,190,1,2
2134,191,1,2
2134,192,1,2
2134,193,1,2
2134,194,1,2
2134,195,1,2
2134,196,1,2
2134,197,1,2
2134,198,1,2
2134,199,1,2
2134,200,1,2
2134,201,1,2
2134,202,1,2
2134,203,1,2
2134,204,1,2
2134,205,1,2
2134,206,1,2
2134,207,1,2
2134,208,1,2
2134,209,1,2
2134,210,1,2
2134,211,1,2
2134,212,1,2
2134,213,1,2
2134,214,1,2
2134,215,1,2
2134,216,1,2
2134,217,1,2
2134,218,1,2
2134,219,1,2
2134,220,1,2
2134,221,1,2
2134,222,1,2
2134,223,1,2
2134,224,1,2
2134,225,1,2
2134,226,1,2
2134,227,1,2
2134,228,1,2
2134,229,1,2
2134,230,1,2
2134,231,1,2
2134,232,1,2
2134,233,1,2
2134,234,1,2
2134,235,1,2
2134,236,1,2
2134,237,1,2
2134,238,1,2
2134,239,1,2
2134,240,1,2
2134,241,1,2
2134,242,1,2
2134,243,1,2
2134,244,1,2
2134,245,1,2
2134,246,1,2
2134,247,1,2
2134,248,1,2
2134,249,1,2
2134,250,1,2
2134,251,1,2
2134,252,1,2
2134,253,1,2
2134,254,1,2
2134,255,1,2
2134,256,1,2
2134,257,1,2
2134,258,1,2
2134,259,1,2
2134,260,1,2
2134,261,1,2
2134,262,1,2
2134,263,1,2
2134,264,1,2
2134,265,1,2
2134,266,1,2
2134,267,1,2
2134,268,1,2
2134,269,1,2
2134,270,1,2
2134,271,1,2
2134,272,1,2
2134,273,1,2
2134,274,1,2
2134,275,1,2
2134,276,1,2
2134,277,1,2
2134,278,1,2
2134,279,1,2
2134,280,1,2
2134,281,1,2
2134,282,1,2
2134,283,1,2
2134,284,1,2
2134,285,1,2
2134,286,1,2
2134,287,1,2
2134,288,1,2
2134,289,1,2
2134,290,1,2
2134,291,1,2
2134,292,1,2
2134,293,1,2
2134,294,1,2
2134,295,1,2
2134,296,1,2
2134,297,1,2
2134,298,1,2
2134,299,1,2
2134,300,1,2
2134,301,1,2
2134,302,1,2
2134,303,1,2
2134,304,1,2
2134,305,1,2
2134,306,1,2
2134,307,1,2
2134,308,1,2
2134,309,1,2
2134,310,1,2
2134,311,1,2
2134,312,1,2
2134,313,1,2
2134,314,1,2
2134,315,1,2
2134,316,1,2
2134,317,1,2
2134,318,1,2
2134,319,1,2
2134,320,1,2
2134,321,1,2
2134,322,1,2
2134,323,1,2
2134,324,1,2
2134,325,1,2
2134,326,1,2
2134,327,1,2
2134,328,1,2
2134,329,1,2
2134,330,1,2
2134,331,1,2
2134,332,1,2
2134,333,1,2
2134,334,1,2
2134,335,1,2
2134,336,1,2
2134,337,1,2
2134,338,1,2
2134,339,1,2
2134,340,1,2
2134,341,1,2
2134,342,1,2
2134,343,1,2
2134,344,1,2
2134,345,1,2
2134,346,1,2
2134,347,1,2
2134,348,1,2
2134,349,1,2
2134,350,1,2
2134,351,1,2
2134,352,1,2
2134,353,1,2
2134,354,1,2
2134,355,1,2
2134,356,1,2
2134,357,1,2
2134,358,1,2
2134,359,1,2
2134,360,1,2
2134,361,1,2
2134,362,1,2
2134,363,1,2
2134,364,1,2
2134,365,1,2
2134,366,1,2
2134,367,1,2
2134,368,1,2
2134,369,1,2
2134,370,1,2
2134,371,1,2
2134,372,1,2
2134,373,1,2
2134,374,1,2
2134,375,1,2
2134,376,1,2
2134,377,1,2
2134,378,1,2
2134,379,1,2
2134,380,1,2
2134,381,1,2
2134,382,1,2
2134,383,1,2
2134,384,1,2
2134,385,1,2
2134,386,1,2
2134,387,1,2
2134,388,1,2
2134,389,1,2
2134,390,1,2
2134,391,1,2
2134,392,1,2
2134,393,1,2
2134,394,1,2
2134,395,1,2
2134,396,1,2
2134,397,1,2
2134,398,1,2
2134,399,1,2
2134,400,1,2
2134,401,1,2
2134,402,1,2
2134,403,1,2
2134,404,1,2
2134,405,1,2
2134,406,1,2
2134,407,1,2
2134,408,1,2
2134,409,1,2
2134,410,1,2
2134,411,1,2
2134,412,1,2
2134,413,1,2
2134,414,1,2
2134,415,1,2
2134,416,1,2
2134,417,1,2
2134,418,1,2
2134,419,1,2
2134,420,1,2
2134,421,1,2
2134,422,1,2
2134,423,1,2
2134,424,1,2
2134,425,1,2
2134,426,1,2
2134,427,1,2
2134,428,1,2
2134,429,1,2
2134,430,1,2
2134,431,1,2
2134,432,1,2
2134,433,1,2
2134,434,1,2
2134,435,1,2
2134,436,1,2
2134,437,1,2
2134,438,1,2
2134,439,1,2
2134,440,1,2
2134,441,1,2
2134,442,1,2
2134,443,1,2
2134,444,1,2
2134,445,1,2
2134,446,1,2
2134,447,1,2
2134,448,1,2
2134,449,1,2
2134,450,1,2
2134,451,1,2
2134,452,1,2
2134,453,1,2
2134,454,1,2
2134,455,1,2
2134,456,1,2
2134,457,1,2
2134,458,1,2
2134,459,1,2
2134,460,1,2
2134,461,1,2
2134,462,1,2
2134,463,1,2
2134,464,1,2
2134,465,1,2
2134,466,1,2
2134,467,1,2
2134,468,1,2
2134,469,1,2
2134,470,1,2
2134,471,1,2
2134,472,1,2
2134,473,1,2
2134,474,1,2
2134,475,1,2
2134,476,1,2
2134,477,1,2
2134,478,1,2
2134,479,1,2
2134,480,1,2
2134,481,1,2
2134,482,1,2
2134,483,1,2
2134,484,1,2
2134,485,1,2
2134,486,1,2
2134,487,1,2
2134,488,1,2
2134,489,1,2
2134,490,1,2
2134,491,1,2
2134,492,1,2
2134,493,1,2
2134,494,1,2
2134,495,1,2
2134,496,1,2
2134,497,1,2
2134,498,1,2
2134,499,1,2
2134,500,1,2
2134,501,1,2
2134,502,1,2
2134,503,1,2
2134,504,1,2
2134,505,1,2
2134,506,1,2
2134,507,1,2
2134,508,1,2
2134,509,1,2
2134,510,1,2
2134,511,1,2
2134,512,1,2
2134,513,1,2
2134,514,1,2
2134,515,1,2
2134,516,1,2
2134,517,1,2
2134,518,1,2
2134,519,1,2
2134,520,1,2
2134,521,1,2
2134,522,1,2
2134,523,1,2
2134,524,1,2
2134,525,1,2
2134,526,1,2
2134,527,1,2
2134,528,1,2
2134,529,1,2
2134,530,1,2
2134,531,1,2
2134,532,1,2
2134,533,1,2
2134,534,1,2
2134,535,1,2
2134,536,1,2
2134,537,1,2
2134,538,1,2
2134,539,1,2
2134,540,1,2
2134,541,1,2
2134,542,1,2
2134,543,1,2
2134,544,1,2
2134,545,1,2
2134,546,1,2
2134,547,1,2
2134,548,1,2
2134,549,1,2
2134,550,1,2
2134,551,1,2
2134,552,1,2
2134,553,1,2
2134,554,1,2
2134,555,1,2
2134,556,1,2
2134,557,1,2
2134,558,1,2
2134,559,1,2
2134,560,1,2
2134,561,1,2
2134,562,1,2
2134,563,1,2
2134,564,1,2
2134,565,1,2
2134,566,1,2
2134,567,1,2
2134,568,1,2
2134,569,1,2
2134,570,1,2
2134,571,1,2
2134,572,1,2
2134,573,1,2
2134,574,1,2
2134,575,1,2
2134,576,1,2
2134,577,1,2
2134,578,1,2
2134,579,1,2
2134,580,1,2
2134,581,1,2
2134,582,1,2
2134,583,1,2
2134,584,1,2
2134,585,1,2
2134,586,1,2
2134,587,1,2
2134,588,1,2
2134,589,1,2
2134,590,1,2
2134,591,1,2
2134,592,1,2
2134,593,1,2
2134,594,1,2
2134,595,1,2
2134,596,1,2
2134,597,1,2
2134,598,1,2
2134,599,1,2
2134,600,1,2
2134,601,1,2
2134,602,1,2
2134,603,1,2
2134,604,1,2
2134,605,1,2
2134,606,1,2
2134,607,1,2
2134,608,1,2
2134,609,1,2
2134,610,1,2
2134,611,1,2
2134,612,1,2
2134,613,1,2
2134,614,1,2
2134,615,1,2
2134,616,1,2
2134,617,1,2
2134,618,1,2
2134,619,1,2
2134,620,1,2
2134,621,1,2
2134,622,1,2
2134,623,1,2
2134,624,1,2
2134,625,1,2
2134,626,1,2
2134,627,1,2
2134,628,1,2
2134,629,1,2
2134,630,1,2
2134,631,1,2
2134,632,1,2
2134,633,1,2
2134,634,1,2
2134,635,1,2
2134,636,1,2
2134,637,1,2
2134,638,1,2
2134,639,1,2
2134,640,1,2
2134,641,1,2
2134,642,1,2
2134,643,1,2
2135,163,1,2
2135,164,1,2
2135,165,1,2
2135,166,1,2
2135,167,1,2
2135,168,1,2
2135,169,1,2
2135,170,1,2
2135,171,1,2
2135,172,1,2
2135,173,1,2
2135,174,1,2
2135,175,1,2
2135,176,1,2
2135,177,1,2
2135,178,1,2
2135,179,1,2
2135,180,1,2
2135,181,1,2
2135,182,1,2
2135,183,1,2
2135,184,1,2
2135,185,1,2
2135,186,1,2
2135,187,1,2
2135,188,1,2
2135,189,1,2
2135,190,1,2
2135,191,1,2
2135,192,1,2
2135,193,1,2
2135,194,1,2
2135,195,1,2
2135,196,1,2
2135,197,1,2
2135,198,1,2
2135,199,1,2
2135,200,1,2
2135,201,1,2
2135,202,1,2
2135,203,1,2
2135,204,1,2
2135,205,1,2
2135,206,1,2
2135,207,1,2
2135,208,1,2
2135,209,1,2
2135,210,1,2
2135,211,1,2
2135,212,1,2
2135,213,1,2
2135,214,1,2
2135,215,1,2
2135,216,1,2
2135,217,1,2
2135,218,1,2
2135,219,1,2
2135,220,1,2
2135,221,1,2
2135,222,1,2
2135,223,1,2
2135,224,1,2
2135,225,1,2
2135,226,1,2
2135,227,1,2
2135,228,1,2
2135,229,1,2
2135,230,1,2
2135,231,1,2
2135,232,1,2
2135,233,1,2
2135,234,1,2
2135,235,1,2
2135,236,1,2
2135,237,1,2
2135,238,1,2
2135,239,1,2
2135,240,1,2
2135,241,1,2
2135,242,1,2
2135,243,1,2
2135,244,1,2
2135,245,1,2
2135,246,1,2
2135,247,1,2
2135,248,1,2
2135,249,1,2
2135,250,1,2
2135,251,1,2
2135,252,1,2
2135,253,1,2
2135,254,1,2
2135,255,1,2
2135,256,1,2
2135,257,1,2
2135,258,1,2
2135,259,1,2
2135,260,1,2
2135,261,1,2
2135,262,1,2
2135,263,1,2
2135,264,1,2
2135,265,1,2
2135,266,1,2
2135,267,1,2
2135,268,1,2
2135,269,1,2
2135,270,1,2
2135,271,1,2
2135,272,1,2
2135,273,1,2
2135,274,1,2
2135,275,1,2
2135,276,1,2
2135,277,1,2
2135,278,1,2
2135,279,1,2
2135,280,1,2
2135,281,1,2
2135,282,1,2
2135,283,1,2
2135,284,1,2
2135,285,1,2
2135,286,1,2
2135,287,1,2
2135,288,1,2
2135,289,1,2
2135,290,1,2
2135,291,1,2
2135,292,1,2
2135,293,1,2
2135,294,1,2
2135,295,1,2
2135,296,1,2
2135,297,1,2
2135,298,1,2
2135,299,1,2
2135,300,1,2
2135,301,1,2
2135,302,1,2
2135,303,1,2
2135,304,1,2
2135,305,1,2
2135,306,1,2
2135,307,1,2
2135,308,1,2
2135,309,1,2
2135,310,1,2
2135,311,1,2
2135,312,1,2
2135,313,1,2
2135,314,1,2
2135,315,1,2
2135,316,1,2
2135,317,1,2
2135,318,1,2
2135,319,1,2
2135,320,1,2
2135,321,1,2
2135,322,1,2
2135,323,1,2
2135,324,1,2
2135,325,1,2
2135,326,1,2
2135,327,1,2
2135,328,1,2
2135,329,1,2
2135,330,1,2
2135,331,1,2
2135,332,1,2
2135,333,1,2
2135,334,1,2
2135,335,1,2
2135,336,1,2
2135,337,1,2
2135,338,1,2
2135,339,1,2
2135,340,1,2
2135,341,1,2
2135,342,1,2
2135,343,1,2
2135,344,1,2
2135,345,1,2
2135,346,1,2
2135,347,1,2
2135,348,1,2
2135,349,1,2
2135,350,1,2
2135,351,1,2
2135,352,1,2
2135,353,1,2
2135,354,1,2
2135,355,1,2
2135,356,1,2
2135,357,1,2
2135,358,1,2
2135,359,1,2
2135,360,1,2
2135,361,1,2
2135,362,1,2
2135,363,1,2
2135,364,1,2
2135,365,1,2
2135,366,1,2
2135,367,1,2
2135,368,1,2
2135,369,1,2
2135,370,1,2
2135,371,1,2
2135,372,1,2
2135,373,1,2
2135,374,1,2
2135,375,1,2
2135,376,1,2
2135,377,1,2
2135,378,1,2
2135,379,1,2
2135,380,1,2
2135,381,1,2
2135,382,1,2
2135,383,1,2
2135,384,1,2
2135,385,1,2
2135,386,1,2
2135,387,1,2
2135,388,1,2
2135,389,1,2
2135,390,1,2
2135,391,1,2
2135,392,1,2
2135,393,1,2
2135,394,1,2
2135,395,1,2
2135,396,1,2
2135,397,1,2
2135,398,1,2
2135,399,1,2
2135,400,1,2
2135,401,1,2
2135,402,1,2
2135,403,1,2
2135,404,1,2
2135,405,1,2
2135,406,1,2
2135,407,1,2
2135,408,1,2
2135,409,1,2
2135,410,1,2
2135,411,1,2
2135,412,1,2
2135,413,1,2
2135,414,1,2
2135,415,1,2
2135,416,1,2
2135,417,1,2
2135,418,1,2
2135,419,1,2
2135,420,1,2
2135,421,1,2
2135,422,1,2
2135,423,1,2
2135,424,1,2
2135,425,1,2
2135,426,1,2
2135,427,1,2
2135,428,1,2
2135,429,1,2
2135,430,1,2
2135,431,1,2
2135,432,1,2
2135,433,1,2
2135,434,1,2
2135,435,1,2
2135,436,1,2
2135,437,1,2
2135,438,1,2
2135,439,1,2
2135,440,1,2
2135,441,1,2
2135,442,1,2
2135,443,1,2
2135,444,1,2
2135,445,1,2
2135,446,1,2
2135,447,1,2
2135,448,1,2
2135,449,1,2
2135,450,1,2
2135,451,1,2
2135,452,1,2
2135,453,1,2
2135,454,1,2
2135,455,1,2
2135,456,1,2
2135,457,1,2
2135,458,1,2
2135,459,1,2
2135,460,1,2
2135,461,1,2
2135,462,1,2
2135,463,1,2
2135,464,1,2
2135,465,1,2
2135,466,1,2
2135,467,1,2
2135,468,1,2
2135,469,1,2
2135,470,1,2
2135,471,1,2
2135,472,1,2
2135,473,1,2
2135,474,1,2
2135,475,1,2
2135,476,1,2
2135,477,1,2
2135,478,1,2
2135,479,1,2
2135,480,1,2
2135,481,1,2
2135,482,1,2
2135,483,1,2
2135,484,1,2
2135,485,1,2
2135,486,1,2
2135,487,1,2
2135,488,1,2
2135,489,1,2
2135,490,1,2
2135,491,1,2
2135,492,1,2
2135,493,1,2
2135,494,1,2
2135,495,1,2
2135,496,1,2
2135,497,1,2
2135,498,1,2
2135,499,1,2
2135,500,1,2
2135,501,1,2
2135,502,1,2
2135,503,1,2
2135,504,1,2
2135,505,1,2
2135,506,1,2
2135,507,1,2
2135,508,1,2
2135,509,1,2
2135,510,1,2
2135,511,1,2
2135,512,1,2
2135,513,1,2
2135,514,1,2
2135,515,1,2
2135,516,1,2
2135,517,1,2
2135,518,1,2
2135,519,1,2
2135,520,1,2
2135,521,1,2
2135,522,1,2
2135,523,1,2
2135,524,1,2
2135,525,1,2
2135,526,1,2
2135,527,1,2
2135,528,1,2
2135,529,1,2
2135,530,1,2
2135,531,1,2
2135,532,1,2
2135,533,1,2
2135,534,1,2
2135,535,1,2
2135,536,1,2
2135,537,1,2
2135,538,1,2
2135,539,1,2
2135,540,1,2
2135,541,1,2
2135,542,1,2
2135,543,1,2
2135,544,1,2
2135,545,1,2
2135,546,1,2
2135,547,1,2
2135,548,1,2
2135,549,1,2
2135,550,1,2
2135,551,1,2
2135,552,1,2
2135,553,1,2
2135,554,1,2
2135,555,1,2
2135,556,1,2
2135,557,1,2
2135,558,1,2
2135,559,1,2
2135,560,1,2
2135,561,1,2
2135,562,1,2
2135,563,1,2
2135,564,1,2
2135,565,1,2
2135,566,1,2
2135,567,1,2
2135,568,1,2
2135,569,1,2
2135,570,1,2
2135,571,1,2
2135,572,1,2
2135,573,1,2
2135,574,1,2
2135,575,1,2
2135,576,1,2
2135,577,1,2
2135,578,1,2
2135,579,1,2
2135,580,1,2
2135,581,1,2
2135,582,1,2
2135,583,1,2
2135,584,1,2
2135,585,1,2
2135,586,1,2
2135,587,1,2
2135,588,1,2
2135,589,1,2
2135,590,1,2
2135,591,1,2
2135,592,1,2
2135,593,1,2
2135,594,1,2
2135,595,1,2
2135,596,1,2
2135,597,1,2
2135,598,1,2
2135,599,1,2
2135,600,1,2
2135,601,1,2
2135,602,1,2
2135,603,1,2
2135,604,1,2
2135,605,1,2
2135,606,1,2
2135,607,1,2
2135,608,1,2
2135,609,1,2
2135,610,1,2
2135,611,1,2
2135,612,1,2
2135,613,1,2
2135,614,1,2
2135,615,1,2
2135,616,1,2
2135,617,1,2
2135,618,1,2
2135,619,1,2
2135,620,1,2
2135,621,1,2
2135,622,1,2
2135,623,1,2
2135,624,1,2
2135,625,1,2
2135,626,1,2
2135,627,1,2
2135,628,1,2
2135,629,1,2
2135,630,1,2
2135,631,1,2
2135,632,1,2
2135,633,1,2
2135,634,1,2
2135,635,1,2
2135,636,1,2
2135,637,1,2
2135,638,1,2
2135,639,1,2
2135,640,1,2
2135,641,1,2
2136,164,1,2
2136,165,1,2
2136,166,1,2
2136,167,1,2
2136,168,1,2
2136,169,1,2
2136,170,1,2
2136,171,1,2
2136,172,1,2
2136,173,1,2
2136,174,1,2
2136,175,1,2
2136,176,1,2
2136,177,1,2
2136,178,1,2
2136,179,1,2
2136,180,1,2
2136,181,1,2
2136,182,1,2
2136,183,1,2
2136,184,1,2
2136,185,1,2
2136,186,1,2
2136,187,1,2
2136,188,1,2
2136,189,1,2
2136,190,1,2
2136,191,1,2
2136,192,1,2
2136,193,1,2
2136,194,1,2
2136,195,1,2
2136,196,1,2
2136,197,1,2
2136,198,1,2
2136,199,1,2
2136,200,1,2
2136,201,1,2
2136,202,1,2
2136,203,1,2
2136,204,1,2
2136,205,1,2
2136,206,1,2
2136,207,1,2
2136,208,1,2
2136,209,1,2
2136,210,1,2
2136,211,1,2
2136,212,1,2
2136,213,1,2
2136,214,1,2
2136,215,1,2
2136,216,1,2
2136,217,1,2
2136,218,1,2
2136,219,1,2
2136,220,1,2
2136,221,1,2
2136,222,1,2
2136,223,1,2
2136,224,1,2
2136,225,1,2
2136,226,1,2
2136,227,1,2
2136,228,1,2
2136,229,1,2
2136,230,1,2
2136,231,1,2
2136,232,1,2
2136,233,1,2
2136,234,1,2
2136,235,1,2
2136,236,1,2
2136,237,1,2
2136,238,1,2
2136,239,1,2
2136,240,1,2
2136,241,1,2
2136,242,1,2
2136,243,1,2
2136,244,1,2
2136,245,1,2
2136,246,1,2
2136,247,1,2
2136,248,1,2
2136,249,1,2
2136,250,1,2
2136,251,1,2
2136,252,1,2
2136,253,1,2
2136,254,1,2
2136,255,1,2
2136,256,1,2
2136,257,1,2
2136,258,1,2
2136,259,1,2
2136,260,1,2
2136,261,1,2
2136,262,1,2
2136,263,1,2
2136,264,1,2
2136,265,1,2
2136,266,1,2
2136,267,1,2
2136,268,1,2
2136,269,1,2
2136,270,1,2
2136,271,1,2
2136,272,1,2
2136,273,1,2
2136,274,1,2
2136,275,1,2
2136,276,1,2
2136,277,1,2
2136,278,1,2
2136,279,1,2
2136,280,1,2
2136,281,1,2
2136,282,1,2
2136,283,1,2
2136,284,1,2
2136,285,1,2
2136,286,1,2
2136,287,1,2
2136,288,1,2
2136,289,1,2
2136,290,1,2
2136,291,1,2
2136,292,1,2
2136,293,1,2
2136,294,1,2
2136,295,1,2
2136,296,1,2
2136,297,1,2
2136,298,1,2
2136,299,1,2
2136,300,1,2
2136,301,1,2
2136,302,1,2
2136,303,1,2
2136,304,1,2
2136,305,1,2
2136,306,1,2
2136,307,1,2
2136,308,1,2
2136,309,1,2
2136,310,1,2
2136,311,1,2
2136,312,1,2
2136,313,1,2
2136,314,1,2
2136,315,1,2
2136,316,1,2
2136,317,1,2
2136,318,1,2
2136,319,1,2
2136,320,1,2
2136,321,1,2
2136,322,1,2
2136,323,1,2
2136,324,1,2
2136,325,1,2
2136,326,1,2
2136,327,1,2
2136,328,1,2
2136,329,1,2
2136,330,1,2
2136,331,1,2
2136,332,1,2
2136,333,1,2
2136,334,1,2
2136,335,1,2
2136,336,1,2
2136,337,1,2
2136,338,1,2
2136,339,1,2
2136,340,1,2
2136,341,1,2
2136,342,1,2
2136,343,1,2
2136,344,1,2
2136,345,1,2
2136,346,1,2
2136,347,1,2
2136,348,1,2
2136,349,1,2
2136,350,1,2
2136,351,1,2
2136,352,1,2
2136,353,1,2
2136,354,1,2
2136,355,1,2
2136,356,1,2
2136,357,1,2
2136,358,1,2
2136,359,1,2
2136,360,1,2
2136,361,1,2
2136,362,1,2
2136,363,1,2
2136,364,1,2
2136,365,1,2
2136,366,1,2
2136,367,1,2
2136,368,1,2
2136,369,1,2
2136,370,1,2
2136,371,1,2
2136,372,1,2
2136,373,1,2
2136,374,1,2
2136,375,1,2
2136,376,1,2
2136,377,1,2
2136,378,1,2
2136,379,1,2
2136,380,1,2
2136,381,1,2
2136,382,1,2
2136,383,1,2
2136,384,1,2
2136,385,1,2
2136,386,1,2
2136,387,1,2
2136,388,1,2
2136,389,1,2
2136,390,1,2
2136,391,1,2
2136,392,1,2
2136,393,1,2
2136,394,1,2
2136,395,1,2
2136,396,1,2
2136,397,1,2
2136,398,1,2
2136,399,1,2
2136,400,1,2
2136,401,1,2
2136,402,1,2
2136,403,1,2
2136,404,1,2
2136,405,1,2
2136,406,1,2
2136,407,1,2
2136,408,1,2
2136,409,1,2
2136,410,1,2
2136,411,1,2
2136,412,1,2
2136,413,1,2
2136,414,1,2
2136,415,1,2
2136,416,1,2
2136,417,1,2
2136,418,1,2
2136,419,1,2
2136,420,1,2
2136,421,1,2
2136,422,1,2
2136,423,1,2
2136,424,1,2
2136,425,1,2
2136,426,1,2
2136,427,1,2
2136,428,1,2
2136,429,1,2
2136,430,1,2
2136,431,1,2
2136,432,1,2
2136,433,1,2
2136,434,1,2
2136,435,1,2
2136,436,1,2
2136,437,1,2
2136,438,1,2
2136,439,1,2
2136,440,1,2
2136,441,1,2
2136,442,1,2
2136,443,1,2
2136,444,1,2
2136,445,1,2
2136,446,1,2
2136,447,1,2
2136,448,1,2
2136,449,1,2
2136,450,1,2
2136,451,1,2
2136,452,1,2
2136,453,1,2
2136,454,1,2
2136,455,1,2
2136,456,1,2
2136,457,1,2
2136,458,1,2
2136,459,1,2
2136,460,1,2
2136,461,1,2
2136,462,1,2
2136,463,1,2
2136,464,1,2
2136,465,1,2
2136,466,1,2
2136,467,1,2
2136,468,1,2
2136,469,1,2
2136,470,1,2
2136,471,1,2
2136,472,1,2
2136,473,1,2
2136,474,1,2
2136,475,1,2
2136,476,1,2
2136,477,1,2
2136,478,1,2
2136,479,1,2
2136,480,1,2
2136,481,1,2
2136,482,1,2
2136,483,1,2
2136,484,1,2
2136,485,1,2
2136,486,1,2
2136,487,1,2
2136,488,1,2
2136,489,1,2
2136,490,1,2
2136,491,1,2
2136,492,1,2
2136,493,1,2
2136,494,1,2
2136,495,1,2
2136,496,1,2
2136,497,1,2
2136,498,1,2
2136,499,1,2
2136,500,1,2
2136,501,1,2
2136,502,1,2
2136,503,1,2
2136,504,1,2
2136,505,1,2
2136,506,1,2
2136,507,1,2
2136,508,1,2
2136,509,1,2
2136,510,1,2
2136,511,1,2
2136,512,1,2
2136,513,1,2
2136,514,1,2
2136,515,1,2
2136,516,1,2
2136,517,1,2
2136,518,1,2
2136,519,1,2
2136,520,1,2
2136,521,1,2
2136,522,1,2
2136,523,1,2
2136,524,1,2
2136,525,1,2
2136,526,1,2
2136,527,1,2
2136,528,1,2
2136,529,1,2
2136,530,1,2
2136,531,1,2
2136,532,1,2
2136,533,1,2
2136,534,1,2
2136,535,1,2
2136,536,1,2
2136,537,1,2
2136,538,1,2
2136,539,1,2
2136,540,1,2
2136,541,1,2
2136,542,1,2
2136,543,1,2
2136,544,1,2
2136,545,1,2
2136,546,1,2
2136,547,1,2
2136,548,1,2
2136,549,1,2
2136,550,1,2
2136,551,1,2
2136,552,1,2
2136,553,1,2
2136,554,1,2
2136,555,1,2
2136,556,1,2
2136,557,1,2
2136,558,1,2
2136,559,1,2
2136,560,1,2
2136,561,1,2
2136,562,1,2
2136,563,1,2
2136,564,1,2
2136,565,1,2
2136,566,1,2
2136,567,1,2
2136,568,1,2
2136,569,1,2
2136,570,1,2
2136,571,1,2
2136,572,1,2
2136,573,1,2
2136,574,1,2
2136,575,1,2
2136,576,1,2
2136,577,1,2
2136,578,1,2
2136,579,1,2
2136,580,1,2
2136,581,1,2
2136,582,1,2
2136,583,1,2
2136,584,1,2
2136,585,1,2
2136,586,1,2
2136,587,1,2
2136,588,1,2
2136,589,1,2
2136,590,1,2
2136,591,1,2
2136,592,1,2
2136,593,1,2
2136,594,1,2
2136,595,1,2
2136,596,1,2
2136,597,1,2
2136,598,1,2
2136,599,1,2
2136,600,1,2
2136,601,1,2
2136,602,1,2
2136,603,1,2
2136,604,1,2
2136,605,1,2
2136,606,1,2
2136,607,1,2
2136,608,1,2
2136,609,1,2
2136,610,1,2
2136,611,1,2
2136,612,1,2
2136,613,1,2
2136,614,1,2
2136,615,1,2
2136,616,1,2
2136,617,1,2
2136,618,1,2
2136,619,1,2
2136,620,1,2
2136,621,1,2
2136,622,1,2
2136,623,1,2
2136,624,1,2
2136,625,1,2
2136,626,1,2
2136,627,1,2
2136,628,1,2
2136,629,1,2
2136,630,1,2
2136,631,1,2
2136,632,1,2
2136,633,1,2
2136,634,1,2
2136,635,1,2
2136,636,1,2
2136,637,1,2
2136,638,1,2
2136,639,1,2
2136,640,1,2
2137,165,1,2
2137,166,1,2
2137,167,1,2
2137,168,1,2
2137,169,1,2
2137,170,1,2
2137,171,1,2
2137,172,1,2
2137,173,1,2
2137,174,1,2
2137,175,1,2
2137,176,1,2
2137,177,1,2
2137,178,1,2
2137,179,1,2
2137,180,1,2
2137,181,1,2
2137,182,1,2
2137,183,1,2
2137,184,1,2
2137,185,1,2
2137,186,1,2
2137,187,1,2
2137,188,1,2
2137,189,1,2
2137,190,1,2
2137,191,1,2
2137,192,1,2
2137,193,1,2
2137,194,1,2
2137,195,1,2
2137,196,1,2
2137,197,1,2
2137,198,1,2
2137,199,1,2
2137,200,1,2
2137,201,1,2
2137,202,1,2
2137,203,1,2
2137,204,1,2
2137,205,1,2
2137,206,1,2
2137,207,1,2
2137,208,1,2
2137,209,1,2
2137,210,1,2
2137,211,1,2
2137,212,1,2
2137,213,1,2
2137,214,1,2
2137,215,1,2
2137,216,1,2
2137,217,1,2
2137,218,1,2
2137,219,1,2
2137,220,1,2
2137,221,1,2
2137,222,1,2
2137,223,1,2
2137,224,1,2
2137,225,1,2
2137,226,1,2
2137,227,1,2
2137,228,1,2
2137,229,1,2
2137,230,1,2
2137,231,1,2
2137,232,1,2
2137,233,1,2
2137,234,1,2
2137,235,1,2
2137,236,1,2
2137,237,1,2
2137,238,1,2
2137,239,1,2
2137,240,1,2
2137,241,1,2
2137,242,1,2
2137,243,1,2
2137,244,1,2
2137,245,1,2
2137,246,1,2
2137,247,1,2
2137,248,1,2
2137,249,1,2
2137,250,1,2
2137,251,1,2
2137,252,1,2
2137,253,1,2
2137,254,1,2
2137,255,1,2
2137,256,1,2
2137,257,1,2
2137,258,1,2
2137,259,1,2
2137,260,1,2
2137,261,1,2
2137,262,1,2
2137,263,1,2
2137,264,1,2
2137,265,1,2
2137,266,1,2
2137,267,1,2
2137,268,1,2
2137,269,1,2
2137,270,1,2
2137,271,1,2
2137,272,1,2
2137,273,1,2
2137,274,1,2
2137,275,1,2
2137,276,1,2
2137,277,1,2
2137,278,1,2
2137,279,1,2
2137,280,1,2
2137,281,1,2
2137,282,1,2
2137,283,1,2
2137,284,1,2
2137,285,1,2
2137,286,1,2
2137,287,1,2
2137,288,1,2
2137,289,1,2
2137,290,1,2
2137,291,1,2
2137,292,1,2
2137,293,1,2
2137,294,1,2
2137,295,1,2
2137,296,1,2
2137,297,1,2
2137,298,1,2
2137,299,1,2
2137,300,1,2
2137,301,1,2
2137,302,1,2
2137,303,1,2
2137,304,1,2
2137,305,1,2
2137,306,1,2
2137,307,1,2
2137,308,1,2
2137,309,1,2
2137,310,1,2
2137,311,1,2
2137,312,1,2
2137,313,1,2
2137,314,1,2
2137,315,1,2
2137,316,1,2
2137,317,1,2
2137,318,1,2
2137,319,1,2
2137,320,1,2
2137,321,1,2
2137,322,1,2
2137,323,1,2
2137,324,1,2
2137,325,1,2
2137,326,1,2
2137,327,1,2
2137,328,1,2
2137,329,1,2
2137,330,1,2
2137,331,1,2
2137,332,1,2
2137,333,1,2
2137,334,1,2
2137,335,1,2
2137,336,1,2
2137,337,1,2
2137,338,1,2
2137,339,1,2
2137,340,1,2
2137,341,1,2
2137,342,1,2
2137,343,1,2
2137,344,1,2
2137,345,1,2
2137,346,1,2
2137,347,1,2
2137,348,1,2
2137,349,1,2
2137,350,1,2
2137,351,1,2
2137,352,1,2
2137,353,1,2
2137,354,1,2
2137,355,1,2
2137,356,1,2
2137,357,1,2
2137,358,1,2
2137,359,1,2
2137,360,1,2
2137,361,1,2
2137,362,1,2
2137,363,1,2
2137,364,1,2
2137,365,1,2
2137,366,1,2
2137,367,1,2
2137,368,1,2
2137,369,1,2
2137,370,1,2
2137,371,1,2
2137,372,1,2
2137,373,1,2
2137,374,1,2
2137,375,1,2
2137,376,1,2
2137,377,1,2
2137,378,1,2
2137,379,1,2
2137,380,1,2
2137,381,1,2
2137,382,1,2
2137,383,1,2
2137,384,1,2
2137,385,1,2
2137,386,1,2
2137,387,1,2
2137,388,1,2
2137,389,1,2
2137,390,1,2
2137,391,1,2
2137,392,1,2
2137,393,1,2
2137,394,1,2
2137,395,1,2
2137,396,1,2
2137,397,1,2
2137,398,1,2
2137,399,1,2
2137,400,1,2
2137,401,1,2
2137,402,1,2
2137,403,1,2
2137,404,1,2
2137,405,1,2
2137,406,1,2
2137,407,1,2
2137,408,1,2
2137,409,1,2
2137,410,1,2
2137,411,1,2
2137,412,1,2
2137,413,1,2
2137,414,1,2
2137,415,1,2
2137,416,1,2
2137,417,1,2
2137,418,1,2
2137,419,1,2
2137,420,1,2
2137,421,1,2
2137,422,1,2
2137,423,1,2
2137,424,1,2
2137,425,1,2
2137,426,1,2
2137,427,1,2
2137,428,1,2
2137,429,1,2
2137,430,1,2
2137,431,1,2
2137,432,1,2
2137,433,1,2
2137,434,1,2
2137,435,1,2
2137,436,1,2
2137,437,1,2
2137,438,1,2
2137,439,1,2
2137,440,1,2
2137,441,1,2
2137,442,1,2
2137,443,1,2
2137,444,1,2
2137,445,1,2
2137,446,1,2
2137,447,1,2
2137,448,1,2
2137,449,1,2
2137,450,1,2
2137,451,1,2
2137,452,1,2
2137,453,1,2
2137,454,1,2
2137,455,1,2
2137,456,1,2
2137,457,1,2
2137,458,1,2
2137,459,1,2
2137,460,1,2
2137,461,1,2
2137,462,1,2
2137,463,1,2
2137,464,1,2
2137,465,1,2
2137,466,1,2
2137,467,1,2
2137,468,1,2
2137,469,1,2
2137,470,1,2
2137,471,1,2
2137,472,1,2
2137,473,1,2
2137,474,1,2
2137,475,1,2
2137,476,1,2
2137,477,1,2
2137,478,1,2
2137,479,1,2
2137,480,1,2
2137,481,1,2
2137,482,1,2
2137,483,1,2
2137,484,1,2
2137,485,1,2
2137,486,1,2
2137,487,1,2
2137,488,1,2
2137,489,1,2
2137,490,1,2
2137,491,1,2
2137,492,1,2
2137,493,1,2
2137,494,1,2
2137,495,1,2
2137,496,1,2
2137,497,1,2
2137,498,1,2
2137,499,1,2
2137,500,1,2
2137,501,1,2
2137,502,1,2
2137,503,1,2
2137,504,1,2
2137,505,1,2
2137,506,1,2
2137,507,1,2
2137,508,1,2
2137,509,1,2
2137,510,1,2
2137,511,1,2
2137,512,1,2
2137,513,1,2
2137,514,1,2
2137,515,1,2
2137,516,1,2
2137,517,1,2
2137,518,1,2
2137,519,1,2
2137,520,1,2
2137,521,1,2
2137,522,1,2
2137,523,1,2
2137,524,1,2
2137,525,1,2
2137,526,1,2
2137,527,1,2
2137,528,1,2
2137,529,1,2
2137,530,1,2
2137,531,1,2
2137,532,1,2
2137,533,1,2
2137,534,1,2
2137,535,1,2
2137,536,1,2
2137,537,1,2
2137,538,1,2
2137,539,1,2
2137,540,1,2
2137,541,1,2
2137,542,1,2
2137,543,1,2
2137,544,1,2
2137,545,1,2
2137,546,1,2
2137,547,1,2
2137,548,1,2
2137,549,1,2
2137,550,1,2
2137,551,1,2
2137,552,1,2
2137,553,1,2
2137,554,1,2
2137,555,1,2
2137,556,1,2
2137,557,1,2
2137,558,1,2
2137,559,1,2
2137,560,1,2
2137,561,1,2
2137,562,1,2
2137,563,1,2
2137,564,1,2
2137,565,1,2
2137,566,1,2
2137,567,1,2
2137,568,1,2
2137,569,1,2
2137,570,1,2
2137,571,1,2
2137,572,1,2
2137,573,1,2
2137,574,1,2
2137,575,1,2
2137,576,1,2
2137,577,1,2
2137,578,1,2
2137,579,1,2
2137,580,1,2
2137,581,1,2
2137,582,1,2
2137,583,1,2
2137,584,1,2
2137,585,1,2
2137,586,1,2
2137,587,1,2
2137,588,1,2
2137,589,1,2
2137,590,1,2
2137,591,1,2
2137,592,1,2
2137,593,1,2
2137,594,1,2
2137,595,1,2
2137,596,1,2
2137,597,1,2
2137,598,1,2
2137,599,1,2
2137,600,1,2
2137,601,1,2
2137,602,1,2
2137,603,1,2
2137,604,1,2
2137,605,1,2
2137,606,1,2
2137,607,1,2
2137,608,1,2
2137,609,1,2
2137,610,1,2
2137,611,1,2
2137,612,1,2
2137,613,1,2
2137,614,1,2
2137,615,1,2
2137,616,1,2
2137,617,1,2
2137,618,1,2
2137,619,1,2
2137,620,1,2
2137,621,1,2
2137,622,1,2
2137,623,1,2
2137,624,1,2
2137,625,1,2
2137,626,1,2
2137,627,1,2
2137,628,1,2
2137,629,1,2
2137,630,1,2
2137,631,1,2
2137,632,1,2
2137,633,1,2
2137,634,1,2
2137,635,1,2
2137,636,1,2
2137,637,1,2
2137,638,1,2
2137,639,1,2
2137,640,1,2
2138,166,1,2
2138,167,1,2
2138,168,1,2
2138,169,1,2
2138,170,1,2
2138,171,1,2
2138,172,1,2
2138,173,1,2
2138,174,1,2
2138,175,1,2
2138,176,1,2
2138,177,1,2
2138,178,1,2
2138,179,1,2
2138,180,1,2
2138,181,1,2
2138,182,1,2
2138,183,1,2
2138,184,1,2
2138,185,1,2
2138,186,1,2
2138,187,1,2
2138,188,1,2
2138,189,1,2
2138,190,1,2
2138,191,1,2
2138,192,1,2
2138,193,1,2
2138,194,1,2
2138,195,1,2
2138,196,1,2
2138,197,1,2
2138,198,1,2
2138,199,1,2
2138,200,1,2
2138,201,1,2
2138,202,1,2
2138,203,1,2
2138,204,1,2
2138,205,1,2
2138,206,1,2
2138,207,1,2
2138,208,1,2
2138,209,1,2
2138,210,1,2
2138,211,1,2
2138,212,1,2
2138,213,1,2
2138,214,1,2
2138,215,1,2
2138,216,1,2
2138,217,1,2
2138,218,1,2
2138,219,1,2
2138,220,1,2
2138,221,1,2
2138,222,1,2
2138,223,1,2
2138,224,1,2
2138,225,1,2
2138,226,1,2
2138,227,1,2
2138,228,1,2
2138,229,1,2
2138,230,1,2
2138,231,1,2
2138,232,1,2
2138,233,1,2
2138,234,1,2
2138,235,1,2
2138,236,1,2
2138,237,1,2
2138,238,1,2
2138,239,1,2
2138,240,1,2
2138,241,1,2
2138,242,1,2
2138,243,1,2
2138,244,1,2
2138,245,1,2
2138,246,1,2
2138,247,1,2
2138,248,1,2
2138,249,1,2
2138,250,1,2
2138,251,1,2
2138,252,1,2
2138,253,1,2
2138,254,1,2
2138,255,1,2
2138,256,1,2
2138,257,1,2
2138,258,1,2
2138,259,1,2
2138,260,1,2
2138,261,1,2
2138,262,1,2
2138,263,1,2
2138,264,1,2
2138,265,1,2
2138,266,1,2
2138,267,1,2
2138,268,1,2
2138,269,1,2
2138,270,1,2
2138,271,1,2
2138,272,1,2
2138,273,1,2
2138,274,1,2
2138,275,1,2
2138,276,1,2
2138,277,1,2
2138,278,1,2
2138,279,1,2
2138,280,1,2
2138,281,1,2
2138,282,1,2
2138,283,1,2
2138,284,1,2
2138,285,1,2
2138,286,1,2
2138,287,1,2
2138,288,1,2
2138,289,1,2
2138,290,1,2
2138,291,1,2
2138,292,1,2
2138,293,1,2
2138,294,1,2
2138,295,1,2
2138,296,1,2
2138,297,1,2
2138,298,1,2
2138,299,1,2
2138,300,1,2
2138,301,1,2
2138,302,1,2
2138,303,1,2
2138,304,1,2
2138,305,1,2
2138,306,1,2
2138,307,1,2
2138,308,1,2
2138,309,1,2
2138,310,1,2
2138,311,1,2
2138,312,1,2
2138,313,1,2
2138,314,1,2
2138,315,1,2
2138,316,1,2
2138,317,1,2
2138,318,1,2
2138,319,1,2
2138,320,1,2
2138,321,1,2
2138,322,1,2
2138,323,1,2
2138,324,1,2
2138,325,1,2
2138,326,1,2
2138,327,1,2
2138,328,1,2
2138,329,1,2
2138,330,1,2
2138,331,1,2
2138,332,1,2
2138,333,1,2
2138,334,1,2
2138,335,1,2
2138,336,1,2
2138,337,1,2
2138,338,1,2
2138,339,1,2
2138,340,1,2
2138,341,1,2
2138,342,1,2
2138,343,1,2
2138,344,1,2
2138,345,1,2
2138,346,1,2
2138,347,1,2
2138,348,1,2
2138,349,1,2
2138,350,1,2
2138,351,1,2
2138,352,1,2
2138,353,1,2
2138,354,1,2
2138,355,1,2
2138,356,1,2
2138,357,1,2
2138,358,1,2
2138,359,1,2
2138,360,1,2
2138,361,1,2
2138,362,1,2
2138,363,1,2
2138,364,1,2
2138,365,1,2
2138,366,1,2
2138,367,1,2
2138,368,1,2
2138,369,1,2
2138,370,1,2
2138,371,1,2
2138,372,1,2
2138,373,1,2
2138,374,1,2
2138,375,1,2
2138,376,1,2
2138,377,1,2
2138,378,1,2
2138,379,1,2
2138,380,1,2
2138,381,1,2
2138,382,1,2
2138,383,1,2
2138,384,1,2
2138,385,1,2
2138,386,1,2
2138,387,1,2
2138,388,1,2
2138,389,1,2
2138,390,1,2
2138,391,1,2
2138,392,1,2
2138,393,1,2
2138,394,1,2
2138,395,1,2
2138,396,1,2
2138,397,1,2
2138,398,1,2
2138,399,1,2
2138,400,1,2
2138,401,1,2
2138,402,1,2
2138,403,1,2
2138,404,1,2
2138,405,1,2
2138,406,1,2
2138,407,1,2
2138,408,1,2
2138,409,1,2
2138,410,1,2
2138,411,1,2
2138,412,1,2
2138,413,1,2
2138,414,1,2
2138,415,1,2
2138,416,1,2
2138,417,1,2
2138,418,1,2
2138,419,1,2
2138,420,1,2
2138,421,1,2
2138,422,1,2
2138,423,1,2
2138,424,1,2
2138,425,1,2
2138,426,1,2
2138,427,1,2
2138,428,1,2
2138,429,1,2
2138,430,1,2
2138,431,1,2
2138,432,1,2
2138,433,1,2
2138,434,1,2
2138,435,1,2
2138,436,1,2
2138,437,1,2
2138,438,1,2
2138,439,1,2
2138,440,1,2
2138,441,1,2
2138,442,1,2
2138,443,1,2
2138,444,1,2
2138,445,1,2
2138,446,1,2
2138,447,1,2
2138,448,1,2
2138,449,1,2
2138,450,1,2
2138,451,1,2
2138,452,1,2
2138,453,1,2
2138,454,1,2
2138,455,1,2
2138,456,1,2
2138,457,1,2
2138,458,1,2
2138,459,1,2
2138,460,1,2
2138,461,1,2
2138,462,1,2
2138,463,1,2
2138,464,1,2
2138,465,1,2
2138,466,1,2
2138,467,1,2
2138,468,1,2
2138,469,1,2
2138,470,1,2
2138,471,1,2
2138,472,1,2
2138,473,1,2
2138,474,1,2
2138,475,1,2
2138,476,1,2
2138,477,1,2
2138,478,1,2
2138,479,1,2
2138,480,1,2
2138,481,1,2
2138,482,1,2
2138,483,1,2
2138,484,1,2
2138,485,1,2
2138,486,1,2
2138,487,1,2
2138,488,1,2
2138,489,1,2
2138,490,1,2
2138,491,1,2
2138,492,1,2
2138,493,1,2
2138,494,1,2
2138,495,1,2
2138,496,1,2
2138,497,1,2
2138,498,1,2
2138,499,1,2
2138,500,1,2
2138,501,1,2
2138,502,1,2
2138,503,1,2
2138,504,1,2
2138,505,1,2
2138,506,1,2
2138,507,1,2
2138,508,1,2
2138,509,1,2
2138,510,1,2
2138,511,1,2
2138,512,1,2
2138,513,1,2
2138,514,1,2
2138,515,1,2
2138,516,1,2
2138,517,1,2
2138,518,1,2
2138,519,1,2
2138,520,1,2
2138,521,1,2
2138,522,1,2
2138,523,1,2
2138,524,1,2
2138,525,1,2
2138,526,1,2
2138,527,1,2
2138,528,1,2
2138,529,1,2
2138,530,1,2
2138,531,1,2
2138,532,1,2
2138,533,1,2
2138,534,1,2
2138,535,1,2
2138,536,1,2
2138,537,1,2
2138,538,1,2
2138,539,1,2
2138,540,1,2
2138,541,1,2
2138,542,1,2
2138,543,1,2
2138,544,1,2
2138,545,1,2
2138,546,1,2
2138,547,1,2
2138,548,1,2
2138,549,1,2
2138,550,1,2
2138,551,1,2
2138,552,1,2
2138,553,1,2
2138,554,1,2
2138,555,1,2
2138,556,1,2
2138,557,1,2
2138,558,1,2
2138,559,1,2
2138,560,1,2
2138,561,1,2
2138,562,1,2
2138,563,1,2
2138,564,1,2
2138,565,1,2
2138,566,1,2
2138,567,1,2
2138,568,1,2
2138,569,1,2
2138,570,1,2
2138,571,1,2
2138,572,1,2
2138,573,1,2
2138,574,1,2
2138,575,1,2
2138,576,1,2
2138,577,1,2
2138,578,1,2
2138,579,1,2
2138,580,1,2
2138,581,1,2
2138,582,1,2
2138,583,1,2
2138,584,1,2
2138,585,1,2
2138,586,1,2
2138,587,1,2
2138,588,1,2
2138,589,1,2
2138,590,1,2
2138,591,1,2
2138,592,1,2
2138,593,1,2
2138,594,1,2
2138,595,1,2
2138,596,1,2
2138,597,1,2
2138,598,1,2
2138,599,1,2
2138,600,1,2
2138,601,1,2
2138,602,1,2
2138,603,1,2
2138,604,1,2
2138,605,1,2
2138,606,1,2
2138,607,1,2
2138,608,1,2
2138,609,1,2
2138,610,1,2
2138,611,1,2
2138,612,1,2
2138,613,1,2
2138,614,1,2
2138,615,1,2
2138,616,1,2
2138,617,1,2
2138,618,1,2
2138,619,1,2
2138,620,1,2
2138,621,1,2
2138,622,1,2
2138,623,1,2
2138,624,1,2
2138,625,1,2
2138,626,1,2
2138,627,1,2
2138,628,1,2
2138,629,1,2
2138,630,1,2
2138,631,1,2
2138,632,1,2
2138,633,1,2
2138,634,1,2
2138,635,1,2
2138,636,1,2
2138,637,1,2
2138,638,1,2
2138,639,1,2
2139,166,1,2
2139,167,1,2
2139,168,1,2
2139,169,1,2
2139,170,1,2
2139,171,1,2
2139,172,1,2
2139,173,1,2
2139,174,1,2
2139,175,1,2
2139,176,1,2
2139,177,1,2
2139,178,1,2
2139,179,1,2
2139,180,1,2
2139,181,1,2
2139,182,1,2
2139,183,1,2
2139,184,1,2
2139,185,1,2
2139,186,1,2
2139,187,1,2
2139,188,1,2
2139,189,1,2
2139,190,1,2
2139,191,1,2
2139,192,1,2
2139,193,1,2
2139,194,1,2
2139,195,1,2
2139,196,1,2
2139,197,1,2
2139,198,1,2
2139,199,1,2
2139,200,1,2
2139,201,1,2
2139,202,1,2
2139,203,1,2
2139,204,1,2
2139,205,1,2
2139,206,1,2
2139,207,1,2
2139,208,1,2
2139,209,1,2
2139,210,1,2
2139,211,1,2
2139,212,1,2
2139,213,1,2
2139,214,1,2
2139,215,1,2
2139,216,1,2
2139,217,1,2
2139,218,1,2
2139,219,1,2
2139,220,1,2
2139,221,1,2
2139,222,1,2
2139,223,1,2
2139,224,1,2
2139,225,1,2
2139,226,1,2
2139,227,1,2
2139,228,1,2
2139,229,1,2
2139,230,1,2
2139,231,1,2
2139,232,1,2
2139,233,1,2
2139,234,1,2
2139,235,1,2
2139,236,1,2
2139,237,1,2
2139,238,1,2
2139,239,1,2
2139,240,1,2
2139,241,1,2
2139,242,1,2
2139,243,1,2
2139,244,1,2
2139,245,1,2
2139,246,1,2
2139,247,1,2
2139,248,1,2
2139,249,1,2
2139,250,1,2
2139,251,1,2
2139,252,1,2
2139,253,1,2
2139,254,1,2
2139,255,1,2
2139,256,1,2
2139,257,1,2
2139,258,1,2
2139,259,1,2
2139,260,1,2
2139,261,1,2
2139,262,1,2
2139,263,1,2
2139,264,1,2
2139,265,1,2
2139,266,1,2
2139,267,1,2
2139,268,1,2
2139,269,1,2
2139,270,1,2
2139,271,1,2
2139,272,1,2
2139,273,1,2
2139,274,1,2
2139,275,1,2
2139,276,1,2
2139,277,1,2
2139,278,1,2
2139,279,1,2
2139,280,1,2
2139,281,1,2
2139,282,1,2
2139,283,1,2
2139,284,1,2
2139,285,1,2
2139,286,1,2
2139,287,1,2
2139,288,1,2
2139,289,1,2
2139,290,1,2
2139,291,1,2
2139,292,1,2
2139,293,1,2
2139,294,1,2
2139,295,1,2
2139,296,1,2
2139,297,1,2
2139,298,1,2
2139,299,1,2
2139,300,1,2
2139,301,1,2
2139,302,1,2
2139,303,1,2
2139,304,1,2
2139,305,1,2
2139,306,1,2
2139,307,1,2
2139,308,1,2
2139,309,1,2
2139,310,1,2
2139,311,1,2
2139,312,1,2
2139,313,1,2
2139,314,1,2
2139,315,1,2
2139,316,1,2
2139,317,1,2
2139,318,1,2
2139,319,1,2
2139,320,1,2
2139,321,1,2
2139,322,1,2
2139,323,1,2
2139,324,1,2
2139,325,1,2
2139,326,1,2
2139,327,1,2
2139,328,1,2
2139,329,1,2
2139,330,1,2
2139,331,1,2
2139,332,1,2
2139,333,1,2
2139,334,1,2
2139,335,1,2
2139,336,1,2
2139,337,1,2
2139,338,1,2
2139,339,1,2
2139,340,1,2
2139,341,1,2
2139,342,1,2
2139,343,1,2
2139,344,1,2
2139,345,1,2
2139,346,1,2
2139,347,1,2
2139,348,1,2
2139,349,1,2
2139,350,1,2
2139,351,1,2
2139,352,1,2
2139,353,1,2
2139,354,1,2
2139,355,1,2
2139,356,1,2
2139,357,1,2
2139,358,1,2
2139,359,1,2
2139,360,1,2
2139,361,1,2
2139,362,1,2
2139,363,1,2
2139,364,1,2
2139,365,1,2
2139,366,1,2
2139,367,1,2
2139,368,1,2
2139,369,1,2
2139,370,1,2
2139,371,1,2
2139,372,1,2
2139,373,1,2
2139,374,1,2
2139,375,1,2
2139,376,1,2
2139,377,1,2
2139,378,1,2
2139,379,1,2
2139,380,1,2
2139,381,1,2
2139,382,1,2
2139,383,1,2
2139,384,1,2
2139,385,1,2
2139,386,1,2
2139,387,1,2
2139,388,1,2
2139,389,1,2
2139,390,1,2
2139,391,1,2
2139,392,1,2
2139,393,1,2
2139,394,1,2
2139,395,1,2
2139,396,1,2
2139,397,1,2
2139,398,1,2
2139,399,1,2
2139,400,1,2
2139,401,1,2
2139,402,1,2
2139,403,1,2
2139,404,1,2
2139,405,1,2
2139,406,1,2
2139,407,1,2
2139,408,1,2
2139,409,1,2
2139,410,1,2
2139,411,1,2
2139,412,1,2
2139,413,1,2
2139,414,1,2
2139,415,1,2
2139,416,1,2
2139,417,1,2
2139,418,1,2
2139,419,1,2
2139,420,1,2
2139,421,1,2
2139,422,1,2
2139,423,1,2
2139,424,1,2
2139,425,1,2
2139,426,1,2
2139,427,1,2
2139,428,1,2
2139,429,1,2
2139,430,1,2
2139,431,1,2
2139,432,1,2
2139,433,1,2
2139,434,1,2
2139,435,1,2
2139,436,1,2
2139,437,1,2
2139,438,1,2
2139,439,1,2
2139,440,1,2
2139,441,1,2
2139,442,1,2
2139,443,1,2
2139,444,1,2
2139,445,1,2
2139,446,1,2
2139,447,1,2
2139,448,1,2
2139,449,1,2
2139,450,1,2
2139,451,1,2
2139,452,1,2
2139,453,1,2
2139,454,1,2
2139,455,1,2
2139,456,1,2
2139,457,1,2
2139,458,1,2
2139,459,1,2
2139,460,1,2
2139,461,1,2
2139,462,1,2
2139,463,1,2
2139,464,1,2
2139,465,1,2
2139,466,1,2
2139,467,1,2
2139,468,1,2
2139,469,1,2
2139,470,1,2
2139,471,1,2
2139,472,1,2
2139,473,1,2
2139,474,1,2
2139,475,1,2
2139,476,1,2
2139,477,1,2
2139,478,1,2
2139,479,1,2
2139,480,1,2
2139,481,1,2
2139,482,1,2
2139,483,1,2
2139,484,1,2
2139,485,1,2
2139,486,1,2
2139,487,1,2
2139,488,1,2
2139,489,1,2
2139,490,1,2
2139,491,1,2
2139,492,1,2
2139,493,1,2
2139,494,1,2
2139,495,1,2
2139,496,1,2
2139,497,1,2
2139,498,1,2
2139,499,1,2
2139,500,1,2
2139,501,1,2
2139,502,1,2
2139,503,1,2
2139,504,1,2
2139,505,1,2
2139,506,1,2
2139,507,1,2
2139,508,1,2
2139,509,1,2
2139,510,1,2
2139,511,1,2
2139,512,1,2
2139,513,1,2
2139,514,1,2
2139,515,1,2
2139,516,1,2
2139,517,1,2
2139,518,1,2
2139,519,1,2
2139,520,1,2
2139,521,1,2
2139,522,1,2
2139,523,1,2
2139,524,1,2
2139,525,1,2
2139,526,1,2
2139,527,1,2
2139,528,1,2
2139,529,1,2
2139,530,1,2
2139,531,1,2
2139,532,1,2
2139,533,1,2
2139,534,1,2
2139,535,1,2
2139,536,1,2
2139,537,1,2
2139,538,1,2
2139,539,1,2
2139,540,1,2
2139,541,1,2
2139,542,1,2
2139,543,1,2
2139,544,1,2
2139,545,1,2
2139,546,1,2
2139,547,1,2
2139,548,1,2
2139,549,1,2
2139,550,1,2
2139,551,1,2
2139,552,1,2
2139,553,1,2
2139,554,1,2
2139,555,1,2
2139,556,1,2
2139,557,1,2
2139,558,1,2
2139,559,1,2
2139,560,1,2
2139,561,1,2
2139,562,1,2
2139,563,1,2
2139,564,1,2
2139,565,1,2
2139,566,1,2
2139,567,1,2
2139,568,1,2
2139,569,1,2
2139,570,1,2
2139,571,1,2
2139,572,1,2
2139,573,1,2
2139,574,1,2
2139,575,1,2
2139,576,1,2
2139,577,1,2
2139,578,1,2
2139,579,1,2
2139,580,1,2
2139,581,1,2
2139,582,1,2
2139,583,1,2
2139,584,1,2
2139,585,1,2
2139,586,1,2
2139,587,1,2
2139,588,1,2
2139,589,1,2
2139,590,1,2
2139,591,1,2
2139,592,1,2
2139,593,1,2
2139,594,1,2
2139,595,1,2
2139,596,1,2
2139,597,1,2
2139,598,1,2
2139,599,1,2
2139,600,1,2
2139,601,1,2
2139,602,1,2
2139,603,1,2
2139,604,1,2
2139,605,1,2
2139,606,1,2
2139,607,1,2
2139,608,1,2
2139,609,1,2
2139,610,1,2
2139,611,1,2
2139,612,1,2
2139,613,1,2
2139,614,1,2
2139,615,1,2
2139,616,1,2
2139,617,1,2
2139,618,1,2
2139,619,1,2
2139,620,1,2
2139,621,1,2
2139,622,1,2
2139,623,1,2
2139,624,1,2
2139,625,1,2
2139,626,1,2
2139,627,1,2
2139,628,1,2
2139,629,1,2
2139,630,1,2
2139,631,1,2
2139,632,1,2
2139,633,1,2
2139,634,1,2
2139,635,1,2
2139,636,1,2
2139,637,1,2
2139,638,1,2
2139,639,1,2
2140,167,1,2
2140,168,1,2
2140,169,1,2
2140,170,1,2
2140,171,1,2
2140,172,1,2
2140,173,1,2
2140,174,1,2
2140,175,1,2
2140,176,1,2
2140,177,1,2
2140,178,1,2
2140,179,1,2
2140,180,1,2
2140,181,1,2
2140,182,1,2
2140,183,1,2
2140,184,1,2
2140,185,1,2
2140,186,1,2
2140,187,1,2
2140,188,1,2
2140,189,1,2
2140,190,1,2
2140,191,1,2
2140,192,1,2
2140,193,1,2
2140,194,1,2
2140,195,1,2
2140,196,1,2
2140,197,1,2
2140,198,1,2
2140,199,1,2
2140,200,1,2
2140,201,1,2
2140,202,1,2
2140,203,1,2
2140,204,1,2
2140,205,1,2
2140,206,1,2
2140,207,1,2
2140,208,1,2
2140,209,1,2
2140,210,1,2
2140,211,1,2
2140,212,1,2
2140,213,1,2
2140,214,1,2
2140,215,1,2
2140,216,1,2
2140,217,1,2
2140,218,1,2
2140,219,1,2
2140,220,1,2
2140,221,1,2
2140,222,1,2
2140,223,1,2
2140,224,1,2
2140,225,1,2
2140,226,1,2
2140,227,1,2
2140,228,1,2
2140,229,1,2
2140,230,1,2
2140,231,1,2
2140,232,1,2
2140,233,1,2
2140,234,1,2
2140,235,1,2
2140,236,1,2
2140,237,1,2
2140,238,1,2
2140,239,1,2
2140,240,1,2
2140,241,1,2
2140,242,1,2
2140,243,1,2
2140,244,1,2
2140,245,1,2
2140,246,1,2
2140,247,1,2
2140,248,1,2
2140,249,1,2
2140,250,1,2
2140,251,1,2
2140,252,1,2
2140,253,1,2
2140,254,1,2
2140,255,1,2
2140,256,1,2
2140,257,1,2
2140,258,1,2
2140,259,1,2
2140,260,1,2
2140,261,1,2
2140,262,1,2
2140,263,1,2
2140,264,1,2
2140,265,1,2
2140,266,1,2
2140,267,1,2
2140,268,1,2
2140,269,1,2
2140,270,1,2
2140,271,1,2
2140,272,1,2
2140,273,1,2
2140,274,1,2
2140,275,1,2
2140,276,1,2
2140,277,1,2
2140,278,1,2
2140,279,1,2
2140,280,1,2
2140,281,1,2
2140,282,1,2
2140,283,1,2
2140,284,1,2
2140,285,1,2
2140,286,1,2
2140,287,1,2
2140,288,1,2
2140,289,1,2
2140,290,1,2
2140,291,1,2
2140,292,1,2
2140,293,1,2
2140,294,1,2
2140,295,1,2
2140,296,1,2
2140,297,1,2
2140,298,1,2
2140,299,1,2
2140,300,1,2
2140,301,1,2
2140,302,1,2
2140,303,1,2
2140,304,1,2
2140,305,1,2
2140,306,1,2
2140,307,1,2
2140,308,1,2
2140,309,1,2
2140,310,1,2
2140,311,1,2
2140,312,1,2
2140,313,1,2
2140,314,1,2
2140,315,1,2
2140,316,1,2
2140,317,1,2
2140,318,1,2
2140,319,1,2
2140,320,1,2
2140,321,1,2
2140,322,1,2
2140,323,1,2
2140,324,1,2
2140,325,1,2
2140,326,1,2
2140,327,1,2
2140,328,1,2
2140,329,1,2
2140,330,1,2
2140,331,1,2
2140,332,1,2
2140,333,1,2
2140,334,1,2
2140,335,1,2
2140,336,1,2
2140,337,1,2
2140,338,1,2
2140,339,1,2
2140,340,1,2
2140,341,1,2
2140,342,1,2
2140,343,1,2
2140,344,1,2
2140,345,1,2
2140,346,1,2
2140,347,1,2
2140,348,1,2
2140,349,1,2
2140,350,1,2
2140,351,1,2
2140,352,1,2
2140,353,1,2
2140,354,1,2
2140,355,1,2
2140,356,1,2
2140,357,1,2
2140,358,1,2
2140,359,1,2
2140,360,1,2
2140,361,1,2
2140,362,1,2
2140,363,1,2
2140,364,1,2
2140,365,1,2
2140,366,1,2
2140,367,1,2
2140,368,1,2
2140,369,1,2
2140,370,1,2
2140,371,1,2
2140,372,1,2
2140,373,1,2
2140,374,1,2
2140,375,1,2
2140,376,1,2
2140,377,1,2
2140,378,1,2
2140,379,1,2
2140,380,1,2
2140,381,1,2
2140,382,1,2
2140,383,1,2
2140,384,1,2
2140,385,1,2
2140,386,1,2
2140,387,1,2
2140,388,1,2
2140,389,1,2
2140,390,1,2
2140,391,1,2
2140,392,1,2
2140,393,1,2
2140,394,1,2
2140,395,1,2
2140,396,1,2
2140,397,1,2
2140,398,1,2
2140,399,1,2
2140,400,1,2
2140,401,1,2
2140,402,1,2
2140,403,1,2
2140,404,1,2
2140,405,1,2
2140,406,1,2
2140,407,1,2
2140,408,1,2
2140,409,1,2
2140,410,1,2
2140,411,1,2
2140,412,1,2
2140,413,1,2
2140,414,1,2
2140,415,1,2
2140,416,1,2
2140,417,1,2
2140,418,1,2
2140,419,1,2
2140,420,1,2
2140,421,1,2
2140,422,1,2
2140,423,1,2
2140,424,1,2
2140,425,1,2
2140,426,1,2
2140,427,1,2
2140,428,1,2
2140,429,1,2
2140,430,1,2
2140,431,1,2
2140,432,1,2
2140,433,1,2
2140,434,1,2
2140,435,1,2
2140,436,1,2
2140,437,1,2
2140,438,1,2
2140,439,1,2
2140,440,1,2
2140,441,1,2
2140,442,1,2
2140,443,1,2
2140,444,1,2
2140,445,1,2
2140,446,1,2
2140,447,1,2
2140,448,1,2
2140,449,1,2
2140,450,1,2
2140,451,1,2
2140,452,1,2
2140,453,1,2
2140,454,1,2
2140,455,1,2
2140,456,1,2
2140,457,1,2
2140,458,1,2
2140,459,1,2
2140,460,1,2
2140,461,1,2
2140,462,1,2
2140,463,1,2
2140,464,1,2
2140,465,1,2
2140,466,1,2
2140,467,1,2
2140,468,1,2
2140,469,1,2
2140,470,1,2
2140,471,1,2
2140,472,1,2
2140,473,1,2
2140,474,1,2
2140,475,1,2
2140,476,1,2
2140,477,1,2
2140,478,1,2
2140,479,1,2
2140,480,1,2
2140,481,1,2
2140,482,1,2
2140,483,1,2
2140,484,1,2
2140,485,1,2
2140,486,1,2
2140,487,1,2
2140,488,1,2
2140,489,1,2
2140,490,1,2
2140,491,1,2
2140,492,1,2
2140,493,1,2
2140,494,1,2
2140,495,1,2
2140,496,1,2
2140,497,1,2
2140,498,1,2
2140,499,1,2
2140,500,1,2
2140,501,1,2
2140,502,1,2
2140,503,1,2
2140,504,1,2
2140,505,1,2
2140,506,1,2
2140,507,1,2
2140,508,1,2
2140,509,1,2
2140,510,1,2
2140,511,1,2
2140,512,1,2
2140,513,1,2
2140,514,1,2
2140,515,1,2
2140,516,1,2
2140,517,1,2
2140,518,1,2
2140,519,1,2
2140,520,1,2
2140,521,1,2
2140,522,1,2
2140,523,1,2
2140,524,1,2
2140,525,1,2
2140,526,1,2
2140,527,1,2
2140,528,1,2
2140,529,1,2
2140,530,1,2
2140,531,1,2
2140,532,1,2
2140,533,1,2
2140,534,1,2
2140,535,1,2
2140,536,1,2
2140,537,1,2
2140,538,1,2
2140,539,1,2
2140,540,1,2
2140,541,1,2
2140,542,1,2
2140,543,1,2
2140,544,1,2
2140,545,1,2
2140,546,1,2
2140,547,1,2
2140,548,1,2
2140,549,1,2
2140,550,1,2
2140,551,1,2
2140,552,1,2
2140,553,1,2
2140,554,1,2
2140,555,1,2
2140,556,1,2
2140,557,1,2
2140,558,1,2
2140,559,1,2
2140,560,1,2
2140,561,1,2
2140,562,1,2
2140,563,1,2
2140,564,1,2
2140,565,1,2
2140,566,1,2
2140,567,1,2
2140,568,1,2
2140,569,1,2
2140,570,1,2
2140,571,1,2
2140,572,1,2
2140,573,1,2
2140,574,1,2
2140,575,1,2
2140,576,1,2
2140,577,1,2
2140,578,1,2
2140,579,1,2
2140,580,1,2
2140,581,1,2
2140,582,1,2
2140,583,1,2
2140,584,1,2
2140,585,1,2
2140,586,1,2
2140,587,1,2
2140,588,1,2
2140,589,1,2
2140,590,1,2
2140,591,1,2
2140,592,1,2
2140,593,1,2
2140,594,1,2
2140,595,1,2
2140,596,1,2
2140,597,1,2
2140,598,1,2
2140,599,1,2
2140,600,1,2
2140,601,1,2
2140,602,1,2
2140,603,1,2
2140,604,1,2
2140,605,1,2
2140,606,1,2
2140,607,1,2
2140,608,1,2
2140,609,1,2
2140,610,1,2
2140,611,1,2
2140,612,1,2
2140,613,1,2
2140,614,1,2
2140,615,1,2
2140,616,1,2
2140,617,1,2
2140,618,1,2
2140,619,1,2
2140,620,1,2
2140,621,1,2
2140,622,1,2
2140,623,1,2
2140,624,1,2
2140,628,1,2
2140,629,1,2
2140,630,1,2
2140,631,1,2
2140,632,1,2
2140,633,1,2
2140,634,1,2
2140,635,1,2
2140,636,1,2
2140,637,1,2
2141,168,1,2
2141,169,1,2
2141,170,1,2
2141,171,1,2
2141,172,1,2
2141,173,1,2
2141,174,1,2
2141,175,1,2
2141,176,1,2
2141,177,1,2
2141,178,1,2
2141,179,1,2
2141,180,1,2
2141,181,1,2
2141,182,1,2
2141,183,1,2
2141,184,1,2
2141,185,1,2
2141,186,1,2
2141,187,1,2
2141,188,1,2
2141,189,1,2
2141,190,1,2
2141,191,1,2
2141,192,1,2
2141,193,1,2
2141,194,1,2
2141,195,1,2
2141,196,1,2
2141,197,1,2
2141,198,1,2
2141,199,1,2
2141,200,1,2
2141,201,1,2
2141,202,1,2
2141,203,1,2
2141,204,1,2
2141,205,1,2
2141,206,1,2
2141,207,1,2
2141,208,1,2
2141,209,1,2
2141,210,1,2
2141,211,1,2
2141,212,1,2
2141,213,1,2
2141,214,1,2
2141,215,1,2
2141,216,1,2
2141,217,1,2
2141,218,1,2
2141,219,1,2
2141,220,1,2
2141,221,1,2
2141,222,1,2
2141,223,1,2
2141,224,1,2
2141,225,1,2
2141,226,1,2
2141,227,1,2
2141,228,1,2
2141,229,1,2
2141,230,1,2
2141,231,1,2
2141,232,1,2
2141,233,1,2
2141,234,1,2
2141,235,1,2
2141,236,1,2
2141,237,1,2
2141,238,1,2
2141,239,1,2
2141,240,1,2
2141,241,1,2
2141,242,1,2
2141,243,1,2
2141,244,1,2
2141,245,1,2
2141,246,1,2
2141,247,1,2
2141,248,1,2
2141,249,1,2
2141,250,1,2
2141,251,1,2
2141,252,1,2
2141,253,1,2
2141,254,1,2
2141,255,1,2
2141,256,1,2
2141,257,1,2
2141,258,1,2
2141,259,1,2
2141,260,1,2
2141,261,1,2
2141,262,1,2
2141,263,1,2
2141,264,1,2
2141,265,1,2
2141,266,1,2
2141,267,1,2
2141,268,1,2
2141,269,1,2
2141,270,1,2
2141,271,1,2
2141,272,1,2
2141,273,1,2
2141,274,1,2
2141,275,1,2
2141,276,1,2
2141,277,1,2
2141,278,1,2
2141,279,1,2
2141,280,1,2
2141,281,1,2
2141,282,1,2
2141,283,1,2
2141,284,1,2
2141,285,1,2
2141,286,1,2
2141,287,1,2
2141,288,1,2
2141,289,1,2
2141,290,1,2
2141,291,1,2
2141,292,1,2
2141,293,1,2
2141,294,1,2
2141,295,1,2
2141,296,1,2
2141,297,1,2
2141,298,1,2
2141,299,1,2
2141,300,1,2
2141,301,1,2
2141,302,1,2
2141,303,1,2
2141,304,1,2
2141,305,1,2
2141,306,1,2
2141,307,1,2
2141,308,1,2
2141,309,1,2
2141,310,1,2
2141,311,1,2
2141,312,1,2
2141,313,1,2
2141,314,1,2
2141,315,1,2
2141,316,1,2
2141,317,1,2
2141,318,1,2
2141,319,1,2
2141,320,1,2
2141,321,1,2
2141,322,1,2
2141,323,1,2
2141,324,1,2
2141,325,1,2
2141,326,1,2
2141,327,1,2
2141,328,1,2
2141,329,1,2
2141,330,1,2
2141,331,1,2
2141,332,1,2
2141,333,1,2
2141,334,1,2
2141,335,1,2
2141,336,1,2
2141,337,1,2
2141,338,1,2
2141,339,1,2
2141,340,1,2
2141,341,1,2
2141,342,1,2
2141,343,1,2
2141,344,1,2
2141,345,1,2
2141,346,1,2
2141,347,1,2
2141,348,1,2
2141,349,1,2
2141,350,1,2
2141,351,1,2
2141,352,1,2
2141,353,1,2
2141,354,1,2
2141,355,1,2
2141,356,1,2
2141,357,1,2
2141,358,1,2
2141,359,1,2
2141,360,1,2
2141,361,1,2
2141,362,1,2
2141,363,1,2
2141,364,1,2
2141,365,1,2
2141,366,1,2
2141,367,1,2
2141,368,1,2
2141,369,1,2
2141,370,1,2
2141,371,1,2
2141,372,1,2
2141,373,1,2
2141,374,1,2
2141,375,1,2
2141,376,1,2
2141,377,1,2
2141,378,1,2
2141,379,1,2
2141,380,1,2
2141,381,1,2
2141,382,1,2
2141,383,1,2
2141,384,1,2
2141,385,1,2
2141,386,1,2
2141,387,1,2
2141,388,1,2
2141,389,1,2
2141,390,1,2
2141,391,1,2
2141,392,1,2
2141,393,1,2
2141,394,1,2
2141,395,1,2
2141,396,1,2
2141,397,1,2
2141,398,1,2
2141,399,1,2
2141,400,1,2
2141,401,1,2
2141,402,1,2
2141,403,1,2
2141,404,1,2
2141,405,1,2
2141,406,1,2
2141,407,1,2
2141,408,1,2
2141,409,1,2
2141,410,1,2
2141,411,1,2
2141,412,1,2
2141,413,1,2
2141,414,1,2
2141,415,1,2
2141,416,1,2
2141,417,1,2
2141,418,1,2
2141,419,1,2
2141,420,1,2
2141,421,1,2
2141,422,1,2
2141,423,1,2
2141,424,1,2
2141,425,1,2
2141,426,1,2
2141,427,1,2
2141,428,1,2
2141,429,1,2
2141,430,1,2
2141,431,1,2
2141,432,1,2
2141,433,1,2
2141,434,1,2
2141,435,1,2
2141,436,1,2
2141,437,1,2
2141,438,1,2
2141,439,1,2
2141,440,1,2
2141,441,1,2
2141,442,1,2
2141,443,1,2
2141,444,1,2
2141,445,1,2
2141,446,1,2
2141,447,1,2
2141,448,1,2
2141,449,1,2
2141,450,1,2
2141,451,1,2
2141,452,1,2
2141,453,1,2
2141,454,1,2
2141,455,1,2
2141,456,1,2
2141,457,1,2
2141,458,1,2
2141,459,1,2
2141,460,1,2
2141,461,1,2
2141,462,1,2
2141,463,1,2
2141,464,1,2
2141,465,1,2
2141,466,1,2
2141,467,1,2
2141,468,1,2
2141,469,1,2
2141,470,1,2
2141,471,1,2
2141,472,1,2
2141,473,1,2
2141,474,1,2
2141,475,1,2
2141,476,1,2
2141,477,1,2
2141,478,1,2
2141,479,1,2
2141,480,1,2
2141,481,1,2
2141,482,1,2
2141,483,1,2
2141,484,1,2
2141,485,1,2
2141,486,1,2
2141,487,1,2
2141,488,1,2
2141,489,1,2
2141,490,1,2
2141,491,1,2
2141,492,1,2
2141,493,1,2
2141,494,1,2
2141,495,1,2
2141,496,1,2
2141,497,1,2
2141,498,1,2
2141,499,1,2
2141,500,1,2
2141,501,1,2
2141,502,1,2
2141,503,1,2
2141,504,1,2
2141,505,1,2
2141,506,1,2
2141,507,1,2
2141,508,1,2
2141,509,1,2
2141,510,1,2
2141,511,1,2
2141,512,1,2
2141,513,1,2
2141,514,1,2
2141,515,1,2
2141,516,1,2
2141,517,1,2
2141,518,1,2
2141,519,1,2
2141,520,1,2
2141,521,1,2
2141,522,1,2
2141,523,1,2
2141,524,1,2
2141,525,1,2
2141,526,1,2
2141,527,1,2
2141,528,1,2
2141,529,1,2
2141,530,1,2
2141,531,1,2
2141,532,1,2
2141,533,1,2
2141,534,1,2
2141,535,1,2
2141,536,1,2
2141,537,1,2
2141,538,1,2
2141,539,1,2
2141,540,1,2
2141,541,1,2
2141,542,1,2
2141,543,1,2
2141,544,1,2
2141,545,1,2
2141,546,1,2
2141,547,1,2
2141,548,1,2
2141,549,1,2
2141,550,1,2
2141,551,1,2
2141,552,1,2
2141,553,1,2
2141,554,1,2
2141,555,1,2
2141,556,1,2
2141,557,1,2
2141,558,1,2
2141,559,1,2
2141,560,1,2
2141,561,1,2
2141,562,1,2
2141,563,1,2
2141,564,1,2
2141,565,1,2
2141,566,1,2
2141,567,1,2
2141,568,1,2
2141,569,1,2
2141,570,1,2
2141,571,1,2
2141,572,1,2
2141,573,1,2
2141,574,1,2
2141,575,1,2
2141,576,1,2
2141,577,1,2
2141,578,1,2
2141,579,1,2
2141,580,1,2
2141,581,1,2
2141,582,1,2
2141,583,1,2
2141,584,1,2
2141,585,1,2
2141,586,1,2
2141,587,1,2
2141,588,1,2
2141,589,1,2
2141,590,1,2
2141,591,1,2
2141,592,1,2
2141,593,1,2
2141,594,1,2
2141,595,1,2
2141,596,1,2
2141,597,1,2
2141,598,1,2
2141,599,1,2
2141,600,1,2
2141,601,1,2
2141,602,1,2
2141,603,1,2
2141,604,1,2
2141,605,1,2
2141,606,1,2
2141,607,1,2
2141,608,1,2
2141,609,1,2
2141,610,1,2
2141,611,1,2
2141,612,1,2
2141,613,1,2
2141,614,1,2
2141,615,1,2
2141,616,1,2
2141,617,1,2
2141,618,1,2
2141,619,1,2
2141,620,1,2
2141,621,1,2
2141,622,1,2
2142,169,1,2
2142,170,1,2
2142,171,1,2
2142,172,1,2
2142,173,1,2
2142,174,1,2
2142,175,1,2
2142,176,1,2
2142,177,1,2
2142,178,1,2
2142,179,1,2
2142,180,1,2
2142,181,1,2
2142,182,1,2
2142,183,1,2
2142,184,1,2
2142,185,1,2
2142,186,1,2
2142,187,1,2
2142,188,1,2
2142,189,1,2
2142,190,1,2
2142,191,1,2
2142,192,1,2
2142,193,1,2
2142,194,1,2
2142,195,1,2
2142,196,1,2
2142,197,1,2
2142,198,1,2
2142,199,1,2
2142,200,1,2
2142,201,1,2
2142,202,1,2
2142,203,1,2
2142,204,1,2
2142,205,1,2
2142,206,1,2
2142,207,1,2
2142,208,1,2
2142,209,1,2
2142,210,1,2
2142,211,1,2
2142,212,1,2
2142,213,1,2
2142,214,1,2
2142,215,1,2
2142,216,1,2
2142,217,1,2
2142,218,1,2
2142,219,1,2
2142,220,1,2
2142,221,1,2
2142,222,1,2
2142,223,1,2
2142,224,1,2
2142,225,1,2
2142,226,1,2
2142,227,1,2
2142,228,1,2
2142,229,1,2
2142,230,1,2
2142,231,1,2
2142,232,1,2
2142,233,1,2
2142,234,1,2
2142,235,1,2
2142,236,1,2
2142,237,1,2
2142,238,1,2
2142,239,1,2
2142,240,1,2
2142,241,1,2
2142,242,1,2
2142,243,1,2
2142,244,1,2
2142,245,1,2
2142,246,1,2
2142,247,1,2
2142,248,1,2
2142,249,1,2
2142,250,1,2
2142,251,1,2
2142,252,1,2
2142,253,1,2
2142,254,1,2
2142,255,1,2
2142,256,1,2
2142,257,1,2
2142,258,1,2
2142,259,1,2
2142,260,1,2
2142,261,1,2
2142,262,1,2
2142,263,1,2
2142,264,1,2
2142,265,1,2
2142,266,1,2
2142,267,1,2
2142,268,1,2
2142,269,1,2
2142,270,1,2
2142,271,1,2
2142,272,1,2
2142,273,1,2
2142,274,1,2
2142,275,1,2
2142,276,1,2
2142,277,1,2
2142,278,1,2
2142,279,1,2
2142,280,1,2
2142,281,1,2
2142,282,1,2
2142,283,1,2
2142,284,1,2
2142,285,1,2
2142,286,1,2
2142,287,1,2
2142,288,1,2
2142,289,1,2
2142,290,1,2
2142,291,1,2
2142,292,1,2
2142,293,1,2
2142,294,1,2
2142,295,1,2
2142,296,1,2
2142,297,1,2
2142,298,1,2
2142,299,1,2
2142,300,1,2
2142,301,1,2
2142,302,1,2
2142,303,1,2
2142,304,1,2
2142,305,1,2
2142,306,1,2
2142,307,1,2
2142,308,1,2
2142,309,1,2
2142,310,1,2
2142,311,1,2
2142,312,1,2
2142,313,1,2
2142,314,1,2
2142,315,1,2
2142,316,1,2
2142,317,1,2
2142,318,1,2
2142,319,1,2
2142,320,1,2
2142,321,1,2
2142,322,1,2
2142,323,1,2
2142,324,1,2
2142,325,1,2
2142,326,1,2
2142,327,1,2
2142,328,1,2
2142,329,1,2
2142,330,1,2
2142,331,1,2
2142,332,1,2
2142,333,1,2
2142,334,1,2
2142,335,1,2
2142,336,1,2
2142,337,1,2
2142,338,1,2
2142,339,1,2
2142,340,1,2
2142,341,1,2
2142,342,1,2
2142,343,1,2
2142,344,1,2
2142,345,1,2
2142,346,1,2
2142,347,1,2
2142,348,1,2
2142,349,1,2
2142,350,1,2
2142,351,1,2
2142,352,1,2
2142,353,1,2
2142,354,1,2
2142,355,1,2
2142,356,1,2
2142,357,1,2
2142,358,1,2
2142,359,1,2
2142,360,1,2
2142,361,1,2
2142,362,1,2
2142,363,1,2
2142,364,1,2
2142,365,1,2
2142,366,1,2
2142,367,1,2
2142,368,1,2
2142,369,1,2
2142,370,1,2
2142,371,1,2
2142,372,1,2
2142,373,1,2
2142,374,1,2
2142,375,1,2
2142,376,1,2
2142,377,1,2
2142,378,1,2
2142,379,1,2
2142,380,1,2
2142,381,1,2
2142,382,1,2
2142,383,1,2
2142,384,1,2
2142,385,1,2
2142,386,1,2
2142,387,1,2
2142,388,1,2
2142,389,1,2
2142,390,1,2
2142,391,1,2
2142,392,1,2
2142,393,1,2
2142,394,1,2
2142,395,1,2
2142,396,1,2
2142,397,1,2
2142,398,1,2
2142,399,1,2
2142,400,1,2
2142,401,1,2
2142,402,1,2
2142,403,1,2
2142,404,1,2
2142,405,1,2
2142,406,1,2
2142,407,1,2
2142,408,1,2
2142,409,1,2
2142,410,1,2
2142,411,1,2
2142,412,1,2
2142,413,1,2
2142,414,1,2
2142,415,1,2
2142,416,1,2
2142,417,1,2
2142,418,1,2
2142,419,1,2
2142,420,1,2
2142,421,1,2
2142,422,1,2
2142,423,1,2
2142,424,1,2
2142,425,1,2
2142,426,1,2
2142,427,1,2
2142,428,1,2
2142,429,1,2
2142,430,1,2
2142,431,1,2
2142,432,1,2
2142,433,1,2
2142,434,1,2
2142,435,1,2
2142,436,1,2
2142,437,1,2
2142,438,1,2
2142,439,1,2
2142,440,1,2
2142,441,1,2
2142,442,1,2
2142,443,1,2
2142,444,1,2
2142,445,1,2
2142,446,1,2
2142,447,1,2
2142,448,1,2
2142,449,1,2
2142,450,1,2
2142,451,1,2
2142,452,1,2
2142,453,1,2
2142,454,1,2
2142,455,1,2
2142,456,1,2
2142,457,1,2
2142,458,1,2
2142,459,1,2
2142,460,1,2
2142,461,1,2
2142,462,1,2
2142,463,1,2
2142,464,1,2
2142,465,1,2
2142,466,1,2
2142,467,1,2
2142,468,1,2
2142,469,1,2
2142,470,1,2
2142,471,1,2
2142,472,1,2
2142,473,1,2
2142,474,1,2
2142,475,1,2
2142,476,1,2
2142,477,1,2
2142,478,1,2
2142,479,1,2
2142,480,1,2
2142,481,1,2
2142,482,1,2
2142,483,1,2
2142,484,1,2
2142,485,1,2
2142,486,1,2
2142,487,1,2
2142,488,1,2
2142,489,1,2
2142,490,1,2
2142,491,1,2
2142,492,1,2
2142,493,1,2
2142,494,1,2
2142,495,1,2
2142,496,1,2
2142,497,1,2
2142,498,1,2
2142,499,1,2
2142,500,1,2
2142,501,1,2
2142,502,1,2
2142,503,1,2
2142,504,1,2
2142,505,1,2
2142,506,1,2
2142,507,1,2
2142,508,1,2
2142,509,1,2
2142,510,1,2
2142,511,1,2
2142,512,1,2
2142,513,1,2
2142,514,1,2
2142,515,1,2
2142,516,1,2
2142,517,1,2
2142,518,1,2
2142,519,1,2
2142,520,1,2
2142,521,1,2
2142,522,1,2
2142,523,1,2
2142,524,1,2
2142,525,1,2
2142,526,1,2
2142,527,1,2
2142,528,1,2
2142,529,1,2
2142,530,1,2
2142,531,1,2
2142,532,1,2
2142,533,1,2
2142,534,1,2
2142,535,1,2
2142,536,1,2
2142,537,1,2
2142,538,1,2
2142,539,1,2
2142,540,1,2
2142,541,1,2
2142,542,1,2
2142,543,1,2
2142,544,1,2
2142,545,1,2
2142,546,1,2
2142,547,1,2
2142,548,1,2
2142,549,1,2
2142,550,1,2
2142,551,1,2
2142,552,1,2
2142,553,1,2
2142,554,1,2
2142,555,1,2
2142,556,1,2
2142,557,1,2
2142,558,1,2
2142,559,1,2
2142,560,1,2
2142,561,1,2
2142,562,1,2
2142,563,1,2
2142,564,1,2
2142,565,1,2
2142,566,1,2
2142,567,1,2
2142,568,1,2
2142,569,1,2
2142,570,1,2
2142,571,1,2
2142,572,1,2
2142,573,1,2
2142,574,1,2
2142,575,1,2
2142,576,1,2
2142,577,1,2
2142,578,1,2
2142,579,1,2
2142,580,1,2
2142,581,1,2
2142,582,1,2
2142,583,1,2
2142,584,1,2
2142,585,1,2
2142,586,1,2
2142,587,1,2
2142,588,1,2
2142,589,1,2
2142,590,1,2
2142,591,1,2
2142,592,1,2
2142,593,1,2
2142,594,1,2
2142,595,1,2
2142,596,1,2
2142,597,1,2
2142,598,1,2
2142,599,1,2
2142,600,1,2
2142,601,1,2
2142,602,1,2
2142,603,1,2
2142,604,1,2
2142,605,1,2
2142,606,1,2
2142,607,1,2
2142,608,1,2
2142,609,1,2
2142,610,1,2
2142,611,1,2
2142,612,1,2
2142,613,1,2
2142,614,1,2
2142,615,1,2
2142,616,1,2
2142,617,1,2
2143,169,1,2
2143,170,1,2
2143,171,1,2
2143,172,1,2
2143,173,1,2
2143,174,1,2
2143,175,1,2
2143,176,1,2
2143,177,1,2
2143,178,1,2
2143,179,1,2
2143,180,1,2
2143,181,1,2
2143,182,1,2
2143,183,1,2
2143,184,1,2
2143,185,1,2
2143,186,1,2
2143,187,1,2
2143,188,1,2
2143,189,1,2
2143,190,1,2
2143,191,1,2
2143,192,1,2
2143,193,1,2
2143,194,1,2
2143,195,1,2
2143,196,1,2
2143,197,1,2
2143,198,1,2
2143,199,1,2
2143,200,1,2
2143,201,1,2
2143,202,1,2
2143,203,1,2
2143,204,1,2
2143,205,1,2
2143,206,1,2
2143,207,1,2
2143,208,1,2
2143,209,1,2
2143,210,1,2
2143,211,1,2
2143,212,1,2
2143,213,1,2
2143,214,1,2
2143,215,1,2
2143,216,1,2
2143,217,1,2
2143,218,1,2
2143,219,1,2
2143,220,1,2
2143,221,1,2
2143,222,1,2
2143,223,1,2
2143,224,1,2
2143,225,1,2
2143,226,1,2
2143,227,1,2
2143,228,1,2
2143,229,1,2
2143,230,1,2
2143,231,1,2
2143,232,1,2
2143,233,1,2
2143,234,1,2
2143,235,1,2
2143,236,1,2
2143,237,1,2
2143,238,1,2
2143,239,1,2
2143,240,1,2
2143,241,1,2
2143,242,1,2
2143,243,1,2
2143,244,1,2
2143,245,1,2
2143,246,1,2
2143,247,1,2
2143,248,1,2
2143,249,1,2
2143,250,1,2
2143,251,1,2
2143,252,1,2
2143,253,1,2
2143,254,1,2
2143,255,1,2
2143,256,1,2
2143,257,1,2
2143,258,1,2
2143,259,1,2
2143,260,1,2
2143,261,1,2
2143,262,1,2
2143,263,1,2
2143,264,1,2
2143,265,1,2
2143,266,1,2
2143,267,1,2
2143,268,1,2
2143,269,1,2
2143,270,1,2
2143,271,1,2
2143,272,1,2
2143,273,1,2
2143,274,1,2
2143,275,1,2
2143,276,1,2
2143,277,1,2
2143,278,1,2
2143,279,1,2
2143,280,1,2
2143,281,1,2
2143,282,1,2
2143,283,1,2
2143,284,1,2
2143,285,1,2
2143,286,1,2
2143,287,1,2
2143,288,1,2
2143,289,1,2
2143,290,1,2
2143,291,1,2
2143,292,1,2
2143,293,1,2
2143,294,1,2
2143,295,1,2
2143,296,1,2
2143,297,1,2
2143,298,1,2
2143,299,1,2
2143,300,1,2
2143,301,1,2
2143,302,1,2
2143,303,1,2
2143,304,1,2
2143,305,1,2
2143,306,1,2
2143,307,1,2
2143,308,1,2
2143,309,1,2
2143,310,1,2
2143,311,1,2
2143,312,1,2
2143,313,1,2
2143,314,1,2
2143,315,1,2
2143,316,1,2
2143,317,1,2
2143,318,1,2
2143,319,1,2
2143,320,1,2
2143,321,1,2
2143,322,1,2
2143,323,1,2
2143,324,1,2
2143,325,1,2
2143,326,1,2
2143,327,1,2
2143,328,1,2
2143,329,1,2
2143,330,1,2
2143,331,1,2
2143,332,1,2
2143,333,1,2
2143,334,1,2
2143,335,1,2
2143,336,1,2
2143,337,1,2
2143,338,1,2
2143,339,1,2
2143,340,1,2
2143,341,1,2
2143,342,1,2
2143,343,1,2
2143,344,1,2
2143,345,1,2
2143,346,1,2
2143,347,1,2
2143,348,1,2
2143,349,1,2
2143,350,1,2
2143,351,1,2
2143,352,1,2
2143,353,1,2
2143,354,1,2
2143,355,1,2
2143,356,1,2
2143,357,1,2
2143,358,1,2
2143,359,1,2
2143,360,1,2
2143,361,1,2
2143,362,1,2
2143,363,1,2
2143,364,1,2
2143,365,1,2
2143,366,1,2
2143,367,1,2
2143,368,1,2
2143,369,1,2
2143,370,1,2
2143,371,1,2
2143,372,1,2
2143,373,1,2
2143,374,1,2
2143,375,1,2
2143,376,1,2
2143,377,1,2
2143,378,1,2
2143,379,1,2
2143,380,1,2
2143,381,1,2
2143,382,1,2
2143,383,1,2
2143,384,1,2
2143,385,1,2
2143,386,1,2
2143,387,1,2
2143,388,1,2
2143,389,1,2
2143,390,1,2
2143,391,1,2
2143,392,1,2
2143,393,1,2
2143,394,1,2
2143,395,1,2
2143,396,1,2
2143,397,1,2
2143,398,1,2
2143,399,1,2
2143,400,1,2
2143,401,1,2
2143,402,1,2
2143,403,1,2
2143,404,1,2
2143,405,1,2
2143,406,1,2
2143,407,1,2
2143,408,1,2
2143,409,1,2
2143,410,1,2
2143,411,1,2
2143,412,1,2
2143,413,1,2
2143,414,1,2
2143,415,1,2
2143,416,1,2
2143,417,1,2
2143,418,1,2
2143,419,1,2
2143,420,1,2
2143,421,1,2
2143,422,1,2
2143,423,1,2
2143,424,1,2
2143,425,1,2
2143,426,1,2
2143,427,1,2
2143,428,1,2
2143,429,1,2
2143,430,1,2
2143,431,1,2
2143,432,1,2
2143,433,1,2
2143,434,1,2
2143,435,1,2
2143,436,1,2
2143,437,1,2
2143,438,1,2
2143,439,1,2
2143,440,1,2
2143,441,1,2
2143,442,1,2
2143,443,1,2
2143,444,1,2
2143,445,1,2
2143,446,1,2
2143,447,1,2
2143,448,1,2
2143,449,1,2
2143,450,1,2
2143,451,1,2
2143,452,1,2
2143,453,1,2
2143,454,1,2
2143,455,1,2
2143,456,1,2
2143,457,1,2
2143,458,1,2
2143,459,1,2
2143,460,1,2
2143,461,1,2
2143,462,1,2
2143,463,1,2
2143,464,1,2
2143,465,1,2
2143,466,1,2
2143,467,1,2
2143,468,1,2
2143,469,1,2
2143,470,1,2
2143,471,1,2
2143,472,1,2
2143,473,1,2
2143,474,1,2
2143,475,1,2
2143,476,1,2
2143,477,1,2
2143,478,1,2
2143,479,1,2
2143,480,1,2
2143,481,1,2
2143,482,1,2
2143,483,1,2
2143,484,1,2
2143,485,1,2
2143,486,1,2
2143,487,1,2
2143,488,1,2
2143,489,1,2
2143,490,1,2
2143,491,1,2
2143,492,1,2
2143,493,1,2
2143,494,1,2
2143,495,1,2
2143,496,1,2
2143,497,1,2
2143,498,1,2
2143,499,1,2
2143,500,1,2
2143,501,1,2
2143,502,1,2
2143,503,1,2
2143,504,1,2
2143,505,1,2
2143,506,1,2
2143,507,1,2
2143,508,1,2
2143,509,1,2
2143,510,1,2
2143,511,1,2
2143,512,1,2
2143,513,1,2
2143,514,1,2
2143,515,1,2
2143,516,1,2
2143,517,1,2
2143,518,1,2
2143,519,1,2
2143,520,1,2
2143,521,1,2
2143,522,1,2
2143,523,1,2
2143,524,1,2
2143,525,1,2
2143,526,1,2
2143,527,1,2
2143,528,1,2
2143,529,1,2
2143,530,1,2
2143,531,1,2
2143,532,1,2
2143,533,1,2
2143,534,1,2
2143,535,1,2
2143,536,1,2
2143,537,1,2
2143,538,1,2
2143,539,1,2
2143,540,1,2
2143,541,1,2
2143,542,1,2
2143,543,1,2
2143,544,1,2
2143,545,1,2
2143,546,1,2
2143,547,1,2
2143,548,1,2
2143,549,1,2
2143,550,1,2
2143,551,1,2
2143,552,1,2
2143,553,1,2
2143,554,1,2
2143,555,1,2
2143,556,1,2
2143,557,1,2
2143,558,1,2
2143,559,1,2
2143,560,1,2
2143,561,1,2
2143,562,1,2
2143,563,1,2
2143,564,1,2
2143,565,1,2
2143,566,1,2
2143,567,1,2
2143,568,1,2
2143,569,1,2
2143,570,1,2
2143,571,1,2
2143,572,1,2
2143,573,1,2
2143,574,1,2
2143,575,1,2
2143,576,1,2
2143,577,1,2
2143,578,1,2
2143,579,1,2
2143,580,1,2
2143,581,1,2
2143,582,1,2
2143,583,1,2
2143,584,1,2
2143,585,1,2
2143,586,1,2
2143,587,1,2
2143,588,1,2
2143,589,1,2
2143,590,1,2
2143,591,1,2
2143,592,1,2
2143,593,1,2
2143,594,1,2
2143,595,1,2
2143,596,1,2
2143,597,1,2
2143,598,1,2
2143,599,1,2
2143,600,1,2
2143,601,1,2
2143,602,1,2
2143,603,1,2
2143,604,1,2
2143,605,1,2
2143,606,1,2
2143,607,1,2
2143,608,1,2
2143,609,1,2
2143,610,1,2
2143,611,1,2
2143,612,1,2
2143,613,1,2
2143,614,1,2
2143,615,1,2
2143,616,1,2
2143,617,1,2
2144,170,1,2
2144,171,1,2
2144,172,1,2
2144,173,1,2
2144,174,1,2
2144,175,1,2
2144,176,1,2
2144,177,1,2
2144,178,1,2
2144,179,1,2
2144,180,1,2
2144,181,1,2
2144,182,1,2
2144,183,1,2
2144,184,1,2
2144,185,1,2
2144,186,1,2
2144,187,1,2
2144,188,1,2
2144,189,1,2
2144,190,1,2
2144,191,1,2
2144,192,1,2
2144,193,1,2
2144,194,1,2
2144,195,1,2
2144,196,1,2
2144,197,1,2
2144,198,1,2
2144,199,1,2
2144,200,1,2
2144,201,1,2
2144,202,1,2
2144,203,1,2
2144,204,1,2
2144,205,1,2
2144,206,1,2
2144,207,1,2
2144,208,1,2
2144,209,1,2
2144,210,1,2
2144,211,1,2
2144,212,1,2
2144,213,1,2
2144,214,1,2
2144,215,1,2
2144,216,1,2
2144,217,1,2
2144,218,1,2
2144,219,1,2
2144,220,1,2
2144,221,1,2
2144,222,1,2
2144,223,1,2
2144,224,1,2
2144,225,1,2
2144,226,1,2
2144,227,1,2
2144,228,1,2
2144,229,1,2
2144,230,1,2
2144,231,1,2
2144,232,1,2
2144,233,1,2
2144,234,1,2
2144,235,1,2
2144,236,1,2
2144,237,1,2
2144,238,1,2
2144,239,1,2
2144,240,1,2
2144,241,1,2
2144,242,1,2
2144,243,1,2
2144,244,1,2
2144,245,1,2
2144,246,1,2
2144,247,1,2
2144,248,1,2
2144,249,1,2
2144,250,1,2
2144,251,1,2
2144,252,1,2
2144,253,1,2
2144,254,1,2
2144,255,1,2
2144,256,1,2
2144,257,1,2
2144,258,1,2
2144,259,1,2
2144,260,1,2
2144,261,1,2
2144,262,1,2
2144,263,1,2
2144,264,1,2
2144,265,1,2
2144,266,1,2
2144,267,1,2
2144,268,1,2
2144,269,1,2
2144,270,1,2
2144,271,1,2
2144,272,1,2
2144,273,1,2
2144,274,1,2
2144,275,1,2
2144,276,1,2
2144,277,1,2
2144,278,1,2
2144,279,1,2
2144,280,1,2
2144,281,1,2
2144,282,1,2
2144,283,1,2
2144,284,1,2
2144,285,1,2
2144,286,1,2
2144,287,1,2
2144,288,1,2
2144,289,1,2
2144,290,1,2
2144,291,1,2
2144,292,1,2
2144,293,1,2
2144,294,1,2
2144,295,1,2
2144,296,1,2
2144,297,1,2
2144,298,1,2
2144,299,1,2
2144,300,1,2
2144,301,1,2
2144,302,1,2
2144,303,1,2
2144,304,1,2
2144,305,1,2
2144,306,1,2
2144,307,1,2
2144,308,1,2
2144,309,1,2
2144,310,1,2
2144,311,1,2
2144,312,1,2
2144,313,1,2
2144,314,1,2
2144,315,1,2
2144,316,1,2
2144,317,1,2
2144,318,1,2
2144,319,1,2
2144,320,1,2
2144,321,1,2
2144,322,1,2
2144,323,1,2
2144,324,1,2
2144,325,1,2
2144,326,1,2
2144,327,1,2
2144,328,1,2
2144,329,1,2
2144,330,1,2
2144,331,1,2
2144,332,1,2
2144,333,1,2
2144,334,1,2
2144,335,1,2
2144,336,1,2
2144,337,1,2
2144,338,1,2
2144,339,1,2
2144,340,1,2
2144,341,1,2
2144,342,1,2
2144,343,1,2
2144,344,1,2
2144,345,1,2
2144,346,1,2
2144,347,1,2
2144,348,1,2
2144,349,1,2
2144,350,1,2
2144,351,1,2
2144,352,1,2
2144,353,1,2
2144,354,1,2
2144,355,1,2
2144,356,1,2
2144,357,1,2
2144,358,1,2
2144,359,1,2
2144,360,1,2
2144,361,1,2
2144,362,1,2
2144,363,1,2
2144,364,1,2
2144,365,1,2
2144,366,1,2
2144,367,1,2
2144,368,1,2
2144,369,1,2
2144,370,1,2
2144,371,1,2
2144,372,1,2
2144,373,1,2
2144,374,1,2
2144,375,1,2
2144,376,1,2
2144,377,1,2
2144,378,1,2
2144,379,1,2
2144,380,1,2
2144,381,1,2
2144,382,1,2
2144,383,1,2
2144,384,1,2
2144,385,1,2
2144,386,1,2
2144,387,1,2
2144,388,1,2
2144,389,1,2
2144,390,1,2
2144,391,1,2
2144,392,1,2
2144,393,1,2
2144,394,1,2
2144,395,1,2
2144,396,1,2
2144,397,1,2
2144,398,1,2
2144,399,1,2
2144,400,1,2
2144,401,1,2
2144,402,1,2
2144,403,1,2
2144,404,1,2
2144,405,1,2
2144,406,1,2
2144,407,1,2
2144,408,1,2
2144,409,1,2
2144,410,1,2
2144,411,1,2
2144,412,1,2
2144,413,1,2
2144,414,1,2
2144,415,1,2
2144,416,1,2
2144,417,1,2
2144,418,1,2
2144,419,1,2
2144,420,1,2
2144,421,1,2
2144,422,1,2
2144,423,1,2
2144,424,1,2
2144,425,1,2
2144,426,1,2
2144,427,1,2
2144,428,1,2
2144,429,1,2
2144,430,1,2
2144,431,1,2
2144,432,1,2
2144,433,1,2
2144,434,1,2
2144,435,1,2
2144,436,1,2
2144,437,1,2
2144,438,1,2
2144,439,1,2
2144,440,1,2
2144,441,1,2
2144,442,1,2
2144,443,1,2
2144,444,1,2
2144,445,1,2
2144,446,1,2
2144,447,1,2
2144,448,1,2
2144,449,1,2
2144,450,1,2
2144,451,1,2
2144,452,1,2
2144,453,1,2
2144,454,1,2
2144,455,1,2
2144,456,1,2
2144,457,1,2
2144,458,1,2
2144,459,1,2
2144,460,1,2
2144,461,1,2
2144,462,1,2
2144,463,1,2
2144,464,1,2
2144,465,1,2
2144,466,1,2
2144,467,1,2
2144,468,1,2
2144,469,1,2
2144,470,1,2
2144,471,1,2
2144,472,1,2
2144,473,1,2
2144,474,1,2
2144,475,1,2
2144,476,1,2
2144,477,1,2
2144,478,1,2
2144,479,1,2
2144,480,1,2
2144,481,1,2
2144,482,1,2
2144,483,1,2
2144,484,1,2
2144,485,1,2
2144,486,1,2
2144,487,1,2
2144,488,1,2
2144,489,1,2
2144,490,1,2
2144,491,1,2
2144,492,1,2
2144,493,1,2
2144,494,1,2
2144,495,1,2
2144,496,1,2
2144,497,1,2
2144,498,1,2
2144,499,1,2
2144,500,1,2
2144,501,1,2
2144,502,1,2
2144,503,1,2
2144,504,1,2
2144,505,1,2
2144,506,1,2
2144,507,1,2
2144,508,1,2
2144,509,1,2
2144,510,1,2
2144,511,1,2
2144,512,1,2
2144,513,1,2
2144,514,1,2
2144,515,1,2
2144,516,1,2
2144,517,1,2
2144,518,1,2
2144,519,1,2
2144,520,1,2
2144,521,1,2
2144,522,1,2
2144,523,1,2
2144,524,1,2
2144,525,1,2
2144,526,1,2
2144,527,1,2
2144,528,1,2
2144,529,1,2
2144,530,1,2
2144,531,1,2
2144,532,1,2
2144,533,1,2
2144,534,1,2
2144,535,1,2
2144,536,1,2
2144,537,1,2
2144,538,1,2
2144,539,1,2
2144,540,1,2
2144,541,1,2
2144,542,1,2
2144,543,1,2
2144,544,1,2
2144,545,1,2
2144,546,1,2
2144,547,1,2
2144,548,1,2
2144,549,1,2
2144,550,1,2
2144,551,1,2
2144,552,1,2
2144,553,1,2
2144,554,1,2
2144,555,1,2
2144,556,1,2
2144,557,1,2
2144,558,1,2
2144,559,1,2
2144,560,1,2
2144,561,1,2
2144,562,1,2
2144,563,1,2
2144,564,1,2
2144,565,1,2
2144,566,1,2
2144,567,1,2
2144,568,1,2
2144,569,1,2
2144,570,1,2
2144,571,1,2
2144,572,1,2
2144,573,1,2
2144,574,1,2
2144,575,1,2
2144,576,1,2
2144,577,1,2
2144,578,1,2
2144,579,1,2
2144,580,1,2
2144,581,1,2
2144,582,1,2
2144,583,1,2
2144,584,1,2
2144,585,1,2
2144,586,1,2
2144,587,1,2
2144,588,1,2
2144,589,1,2
2144,590,1,2
2144,591,1,2
2144,592,1,2
2144,593,1,2
2144,594,1,2
2144,595,1,2
2144,596,1,2
2144,597,1,2
2144,598,1,2
2144,599,1,2
2144,600,1,2
2144,601,1,2
2144,602,1,2
2144,603,1,2
2144,604,1,2
2144,605,1,2
2144,606,1,2
2144,607,1,2
2144,608,1,2
2144,609,1,2
2144,610,1,2
2144,611,1,2
2144,612,1,2
2144,613,1,2
2144,614,1,2
2144,615,1,2
2145,170,1,2
2145,171,1,2
2145,172,1,2
2145,173,1,2
2145,174,1,2
2145,175,1,2
2145,176,1,2
2145,177,1,2
2145,178,1,2
2145,179,1,2
2145,180,1,2
2145,181,1,2
2145,182,1,2
2145,183,1,2
2145,184,1,2
2145,185,1,2
2145,186,1,2
2145,187,1,2
2145,188,1,2
2145,189,1,2
2145,190,1,2
2145,191,1,2
2145,192,1,2
2145,193,1,2
2145,194,1,2
2145,195,1,2
2145,196,1,2
2145,197,1,2
2145,198,1,2
2145,199,1,2
2145,200,1,2
2145,201,1,2
2145,202,1,2
2145,203,1,2
2145,204,1,2
2145,205,1,2
2145,206,1,2
2145,207,1,2
2145,208,1,2
2145,209,1,2
2145,210,1,2
2145,211,1,2
2145,212,1,2
2145,213,1,2
2145,214,1,2
2145,215,1,2
2145,216,1,2
2145,217,1,2
2145,218,1,2
2145,219,1,2
2145,220,1,2
2145,221,1,2
2145,222,1,2
2145,223,1,2
2145,224,1,2
2145,225,1,2
2145,226,1,2
2145,227,1,2
2145,228,1,2
2145,229,1,2
2145,230,1,2
2145,231,1,2
2145,232,1,2
2145,233,1,2
2145,234,1,2
2145,235,1,2
2145,236,1,2
2145,237,1,2
2145,238,1,2
2145,239,1,2
2145,240,1,2
2145,241,1,2
2145,242,1,2
2145,243,1,2
2145,244,1,2
2145,245,1,2
2145,246,1,2
2145,247,1,2
2145,248,1,2
2145,249,1,2
2145,250,1,2
2145,251,1,2
2145,252,1,2
2145,253,1,2
2145,254,1,2
2145,255,1,2
2145,256,1,2
2145,257,1,2
2145,258,1,2
2145,259,1,2
2145,260,1,2
2145,261,1,2
2145,262,1,2
2145,263,1,2
2145,264,1,2
2145,265,1,2
2145,266,1,2
2145,267,1,2
2145,268,1,2
2145,269,1,2
2145,270,1,2
2145,271,1,2
2145,272,1,2
2145,273,1,2
2145,274,1,2
2145,275,1,2
2145,276,1,2
2145,277,1,2
2145,278,1,2
2145,279,1,2
2145,280,1,2
2145,281,1,2
2145,282,1,2
2145,283,1,2
2145,284,1,2
2145,285,1,2
2145,286,1,2
2145,287,1,2
2145,288,1,2
2145,289,1,2
2145,290,1,2
2145,291,1,2
2145,292,1,2
2145,293,1,2
2145,294,1,2
2145,295,1,2
2145,296,1,2
2145,297,1,2
2145,298,1,2
2145,299,1,2
2145,300,1,2
2145,301,1,2
2145,302,1,2
2145,303,1,2
2145,304,1,2
2145,305,1,2
2145,306,1,2
2145,307,1,2
2145,308,1,2
2145,309,1,2
2145,310,1,2
2145,311,1,2
2145,312,1,2
2145,313,1,2
2145,314,1,2
2145,315,1,2
2145,316,1,2
2145,317,1,2
2145,318,1,2
2145,319,1,2
2145,320,1,2
2145,321,1,2
2145,322,1,2
2145,323,1,2
2145,324,1,2
2145,325,1,2
2145,326,1,2
2145,327,1,2
2145,328,1,2
2145,329,1,2
2145,330,1,2
2145,331,1,2
2145,332,1,2
2145,333,1,2
2145,334,1,2
2145,335,1,2
2145,336,1,2
2145,337,1,2
2145,338,1,2
2145,339,1,2
2145,340,1,2
2145,341,1,2
2145,342,1,2
2145,343,1,2
2145,344,1,2
2145,345,1,2
2145,346,1,2
2145,347,1,2
2145,348,1,2
2145,349,1,2
2145,350,1,2
2145,351,1,2
2145,352,1,2
2145,353,1,2
2145,354,1,2
2145,355,1,2
2145,356,1,2
2145,357,1,2
2145,358,1,2
2145,359,1,2
2145,360,1,2
2145,361,1,2
2145,362,1,2
2145,363,1,2
2145,364,1,2
2145,365,1,2
2145,366,1,2
2145,367,1,2
2145,368,1,2
2145,369,1,2
2145,370,1,2
2145,371,1,2
2145,372,1,2
2145,373,1,2
2145,374,1,2
2145,375,1,2
2145,376,1,2
2145,377,1,2
2145,378,1,2
2145,379,1,2
2145,380,1,2
2145,381,1,2
2145,382,1,2
2145,383,1,2
2145,384,1,2
2145,385,1,2
2145,386,1,2
2145,387,1,2
2145,388,1,2
2145,389,1,2
2145,390,1,2
2145,391,1,2
2145,392,1,2
2145,393,1,2
2145,394,1,2
2145,395,1,2
2145,396,1,2
2145,397,1,2
2145,398,1,2
2145,399,1,2
2145,400,1,2
2145,401,1,2
2145,402,1,2
2145,403,1,2
2145,404,1,2
2145,405,1,2
2145,406,1,2
2145,407,1,2
2145,408,1,2
2145,409,1,2
2145,410,1,2
2145,411,1,2
2145,412,1,2
2145,413,1,2
2145,414,1,2
2145,415,1,2
2145,416,1,2
2145,417,1,2
2145,418,1,2
2145,419,1,2
2145,420,1,2
2145,421,1,2
2145,422,1,2
2145,423,1,2
2145,424,1,2
2145,425,1,2
2145,426,1,2
2145,427,1,2
2145,428,1,2
2145,429,1,2
2145,430,1,2
2145,431,1,2
2145,432,1,2
2145,433,1,2
2145,434,1,2
2145,435,1,2
2145,436,1,2
2145,437,1,2
2145,438,1,2
2145,439,1,2
2145,440,1,2
2145,441,1,2
2145,442,1,2
2145,443,1,2
2145,444,1,2
2145,445,1,2
2145,446,1,2
2145,447,1,2
2145,448,1,2
2145,449,1,2
2145,450,1,2
2145,451,1,2
2145,452,1,2
2145,453,1,2
2145,454,1,2
2145,455,1,2
2145,456,1,2
2145,457,1,2
2145,458,1,2
2145,459,1,2
2145,460,1,2
2145,461,1,2
2145,462,1,2
2145,463,1,2
2145,464,1,2
2145,465,1,2
2145,466,1,2
2145,467,1,2
2145,468,1,2
2145,469,1,2
2145,470,1,2
2145,471,1,2
2145,472,1,2
2145,473,1,2
2145,474,1,2
2145,475,1,2
2145,476,1,2
2145,477,1,2
2145,478,1,2
2145,479,1,2
2145,480,1,2
2145,481,1,2
2145,482,1,2
2145,483,1,2
2145,484,1,2
2145,485,1,2
2145,486,1,2
2145,487,1,2
2145,488,1,2
2145,489,1,2
2145,490,1,2
2145,491,1,2
2145,492,1,2
2145,493,1,2
2145,494,1,2
2145,495,1,2
2145,496,1,2
2145,497,1,2
2145,498,1,2
2145,499,1,2
2145,500,1,2
2145,501,1,2
2145,502,1,2
2145,503,1,2
2145,504,1,2
2145,505,1,2
2145,506,1,2
2145,507,1,2
2145,508,1,2
2145,509,1,2
2145,510,1,2
2145,511,1,2
2145,512,1,2
2145,513,1,2
2145,514,1,2
2145,515,1,2
2145,516,1,2
2145,517,1,2
2145,518,1,2
2145,519,1,2
2145,520,1,2
2145,521,1,2
2145,522,1,2
2145,523,1,2
2145,524,1,2
2145,525,1,2
2145,526,1,2
2145,527,1,2
2145,528,1,2
2145,529,1,2
2145,530,1,2
2145,531,1,2
2145,532,1,2
2145,533,1,2
2145,534,1,2
2145,535,1,2
2145,536,1,2
2145,537,1,2
2145,538,1,2
2145,539,1,2
2145,540,1,2
2145,541,1,2
2145,542,1,2
2145,543,1,2
2145,544,1,2
2145,545,1,2
2145,546,1,2
2145,547,1,2
2145,548,1,2
2145,549,1,2
2145,550,1,2
2145,551,1,2
2145,552,1,2
2145,553,1,2
2145,554,1,2
2145,555,1,2
2145,556,1,2
2145,557,1,2
2145,558,1,2
2145,559,1,2
2145,560,1,2
2145,561,1,2
2145,562,1,2
2145,563,1,2
2145,564,1,2
2145,565,1,2
2145,566,1,2
2145,567,1,2
2145,568,1,2
2145,569,1,2
2145,570,1,2
2145,571,1,2
2145,572,1,2
2145,573,1,2
2145,574,1,2
2145,575,1,2
2145,576,1,2
2145,577,1,2
2145,578,1,2
2145,579,1,2
2145,580,1,2
2145,581,1,2
2145,582,1,2
2145,583,1,2
2145,584,1,2
2145,585,1,2
2145,586,1,2
2145,587,1,2
2145,588,1,2
2145,589,1,2
2145,590,1,2
2145,591,1,2
2145,592,1,2
2145,593,1,2
2145,594,1,2
2145,595,1,2
2145,596,1,2
2145,597,1,2
2145,598,1,2
2145,599,1,2
2145,600,1,2
2145,601,1,2
2145,602,1,2
2145,603,1,2
2145,604,1,2
2145,605,1,2
2145,606,1,2
2145,607,1,2
2145,608,1,2
2145,609,1,2
2145,610,1,2
2145,611,1,2
2145,612,1,2
2145,613,1,2
2145,614,1,2
2145,615,1,2
2145,616,1,2
2146,171,1,2
2146,172,1,2
2146,173,1,2
2146,174,1,2
2146,175,1,2
2146,176,1,2
2146,177,1,2
2146,178,1,2
2146,179,1,2
2146,180,1,2
2146,181,1,2
2146,182,1,2
2146,183,1,2
2146,184,1,2
2146,185,1,2
2146,186,1,2
2146,187,1,2
2146,188,1,2
2146,189,1,2
2146,190,1,2
2146,191,1,2
2146,192,1,2
2146,193,1,2
2146,194,1,2
2146,195,1,2
2146,196,1,2
2146,197,1,2
2146,198,1,2
2146,199,1,2
2146,200,1,2
2146,201,1,2
2146,202,1,2
2146,203,1,2
2146,204,1,2
2146,205,1,2
2146,206,1,2
2146,207,1,2
2146,208,1,2
2146,209,1,2
2146,210,1,2
2146,211,1,2
2146,212,1,2
2146,213,1,2
2146,214,1,2
2146,215,1,2
2146,216,1,2
2146,217,1,2
2146,218,1,2
2146,219,1,2
2146,220,1,2
2146,221,1,2
2146,222,1,2
2146,223,1,2
2146,224,1,2
2146,225,1,2
2146,226,1,2
2146,227,1,2
2146,228,1,2
2146,229,1,2
2146,230,1,2
2146,231,1,2
2146,232,1,2
2146,233,1,2
2146,234,1,2
2146,235,1,2
2146,236,1,2
2146,237,1,2
2146,238,1,2
2146,239,1,2
2146,240,1,2
2146,241,1,2
2146,242,1,2
2146,243,1,2
2146,244,1,2
2146,245,1,2
2146,246,1,2
2146,247,1,2
2146,248,1,2
2146,249,1,2
2146,250,1,2
2146,251,1,2
2146,252,1,2
2146,253,1,2
2146,254,1,2
2146,255,1,2
2146,256,1,2
2146,257,1,2
2146,258,1,2
2146,259,1,2
2146,260,1,2
2146,261,1,2
2146,262,1,2
2146,263,1,2
2146,264,1,2
2146,265,1,2
2146,266,1,2
2146,267,1,2
2146,268,1,2
2146,269,1,2
2146,270,1,2
2146,271,1,2
2146,272,1,2
2146,273,1,2
2146,274,1,2
2146,275,1,2
2146,276,1,2
2146,277,1,2
2146,278,1,2
2146,279,1,2
2146,280,1,2
2146,281,1,2
2146,282,1,2
2146,283,1,2
2146,284,1,2
2146,285,1,2
2146,286,1,2
2146,287,1,2
2146,288,1,2
2146,289,1,2
2146,290,1,2
2146,291,1,2
2146,292,1,2
2146,293,1,2
2146,294,1,2
2146,295,1,2
2146,296,1,2
2146,297,1,2
2146,298,1,2
2146,299,1,2
2146,300,1,2
2146,301,1,2
2146,302,1,2
2146,303,1,2
2146,304,1,2
2146,305,1,2
2146,306,1,2
2146,307,1,2
2146,308,1,2
2146,309,1,2
2146,310,1,2
2146,311,1,2
2146,312,1,2
2146,313,1,2
2146,314,1,2
2146,315,1,2
2146,316,1,2
2146,317,1,2
2146,318,1,2
2146,319,1,2
2146,320,1,2
2146,321,1,2
2146,322,1,2
2146,323,1,2
2146,324,1,2
2146,325,1,2
2146,326,1,2
2146,327,1,2
2146,328,1,2
2146,329,1,2
2146,330,1,2
2146,331,1,2
2146,332,1,2
2146,333,1,2
2146,334,1,2
2146,335,1,2
2146,336,1,2
2146,337,1,2
2146,338,1,2
2146,339,1,2
2146,340,1,2
2146,341,1,2
2146,342,1,2
2146,343,1,2
2146,344,1,2
2146,345,1,2
2146,346,1,2
2146,347,1,2
2146,348,1,2
2146,349,1,2
2146,350,1,2
2146,351,1,2
2146,352,1,2
2146,353,1,2
2146,354,1,2
2146,355,1,2
2146,356,1,2
2146,357,1,2
2146,358,1,2
2146,359,1,2
2146,360,1,2
2146,361,1,2
2146,362,1,2
2146,363,1,2
2146,364,1,2
2146,365,1,2
2146,366,1,2
2146,367,1,2
2146,368,1,2
2146,369,1,2
2146,370,1,2
2146,371,1,2
2146,372,1,2
2146,373,1,2
2146,374,1,2
2146,375,1,2
2146,376,1,2
2146,377,1,2
2146,378,1,2
2146,379,1,2
2146,380,1,2
2146,381,1,2
2146,382,1,2
2146,383,1,2
2146,384,1,2
2146,385,1,2
2146,386,1,2
2146,387,1,2
2146,388,1,2
2146,389,1,2
2146,390,1,2
2146,391,1,2
2146,392,1,2
2146,393,1,2
2146,394,1,2
2146,395,1,2
2146,396,1,2
2146,397,1,2
2146,398,1,2
2146,399,1,2
2146,400,1,2
2146,401,1,2
2146,402,1,2
2146,403,1,2
2146,404,1,2
2146,405,1,2
2146,406,1,2
2146,407,1,2
2146,408,1,2
2146,409,1,2
2146,410,1,2
2146,411,1,2
2146,412,1,2
2146,413,1,2
2146,414,1,2
2146,415,1,2
2146,416,1,2
2146,417,1,2
2146,418,1,2
2146,419,1,2
2146,420,1,2
2146,421,1,2
2146,422,1,2
2146,423,1,2
2146,424,1,2
2146,425,1,2
2146,426,1,2
2146,427,1,2
2146,428,1,2
2146,429,1,2
2146,430,1,2
2146,431,1,2
2146,432,1,2
2146,433,1,2
2146,434,1,2
2146,435,1,2
2146,436,1,2
2146,437,1,2
2146,438,1,2
2146,439,1,2
2146,440,1,2
2146,441,1,2
2146,442,1,2
2146,443,1,2
2146,444,1,2
2146,445,1,2
2146,446,1,2
2146,447,1,2
2146,448,1,2
2146,449,1,2
2146,450,1,2
2146,451,1,2
2146,452,1,2
2146,453,1,2
2146,454,1,2
2146,455,1,2
2146,456,1,2
2146,457,1,2
2146,458,1,2
2146,459,1,2
2146,460,1,2
2146,461,1,2
2146,462,1,2
2146,463,1,2
2146,464,1,2
2146,465,1,2
2146,466,1,2
2146,467,1,2
2146,468,1,2
2146,469,1,2
2146,470,1,2
2146,471,1,2
2146,472,1,2
2146,473,1,2
2146,474,1,2
2146,475,1,2
2146,476,1,2
2146,477,1,2
2146,478,1,2
2146,479,1,2
2146,480,1,2
2146,481,1,2
2146,482,1,2
2146,483,1,2
2146,484,1,2
2146,485,1,2
2146,486,1,2
2146,487,1,2
2146,488,1,2
2146,489,1,2
2146,490,1,2
2146,491,1,2
2146,492,1,2
2146,493,1,2
2146,494,1,2
2146,495,1,2
2146,496,1,2
2146,497,1,2
2146,498,1,2
2146,499,1,2
2146,500,1,2
2146,501,1,2
2146,502,1,2
2146,503,1,2
2146,504,1,2
2146,505,1,2
2146,506,1,2
2146,507,1,2
2146,508,1,2
2146,509,1,2
2146,510,1,2
2146,511,1,2
2146,512,1,2
2146,513,1,2
2146,514,1,2
2146,515,1,2
2146,516,1,2
2146,517,1,2
2146,518,1,2
2146,519,1,2
2146,520,1,2
2146,521,1,2
2146,522,1,2
2146,523,1,2
2146,524,1,2
2146,525,1,2
2146,526,1,2
2146,527,1,2
2146,528,1,2
2146,529,1,2
2146,530,1,2
2146,531,1,2
2146,532,1,2
2146,533,1,2
2146,534,1,2
2146,535,1,2
2146,536,1,2
2146,537,1,2
2146,538,1,2
2146,539,1,2
2146,540,1,2
2146,541,1,2
2146,542,1,2
2146,543,1,2
2146,544,1,2
2146,545,1,2
2146,546,1,2
2146,547,1,2
2146,548,1,2
2146,549,1,2
2146,550,1,2
2146,551,1,2
2146,552,1,2
2146,553,1,2
2146,554,1,2
2146,555,1,2
2146,556,1,2
2146,557,1,2
2146,558,1,2
2146,559,1,2
2146,560,1,2
2146,561,1,2
2146,562,1,2
2146,563,1,2
2146,564,1,2
2146,565,1,2
2146,566,1,2
2146,567,1,2
2146,568,1,2
2146,569,1,2
2146,570,1,2
2146,571,1,2
2146,572,1,2
2146,573,1,2
2146,574,1,2
2146,575,1,2
2146,576,1,2
2146,577,1,2
2146,578,1,2
2146,579,1,2
2146,580,1,2
2146,581,1,2
2146,582,1,2
2146,583,1,2
2146,584,1,2
2146,585,1,2
2146,586,1,2
2146,587,1,2
2146,588,1,2
2146,589,1,2
2146,590,1,2
2146,591,1,2
2146,592,1,2
2146,593,1,2
2146,594,1,2
2146,595,1,2
2146,596,1,2
2146,597,1,2
2146,598,1,2
2146,599,1,2
2146,600,1,2
2146,601,1,2
2146,602,1,2
2146,603,1,2
2146,604,1,2
2146,605,1,2
2146,606,1,2
2146,607,1,2
2146,608,1,2
2146,609,1,2
2146,610,1,2
2146,611,1,2
2146,612,1,2
2146,613,1,2
2146,614,1,2
2146,615,1,2
2147,171,1,2
2147,172,1,2
2147,173,1,2
2147,174,1,2
2147,175,1,2
2147,176,1,2
2147,177,1,2
2147,178,1,2
2147,179,1,2
2147,180,1,2
2147,181,1,2
2147,182,1,2
2147,183,1,2
2147,184,1,2
2147,185,1,2
2147,186,1,2
2147,187,1,2
2147,188,1,2
2147,189,1,2
2147,190,1,2
2147,191,1,2
2147,192,1,2
2147,193,1,2
2147,194,1,2
2147,195,1,2
2147,196,1,2
2147,197,1,2
2147,198,1,2
2147,199,1,2
2147,200,1,2
2147,201,1,2
2147,202,1,2
2147,203,1,2
2147,204,1,2
2147,205,1,2
2147,206,1,2
2147,207,1,2
2147,208,1,2
2147,209,1,2
2147,210,1,2
2147,211,1,2
2147,212,1,2
2147,213,1,2
2147,214,1,2
2147,215,1,2
2147,216,1,2
2147,217,1,2
2147,218,1,2
2147,219,1,2
2147,220,1,2
2147,221,1,2
2147,222,1,2
2147,223,1,2
2147,224,1,2
2147,225,1,2
2147,226,1,2
2147,227,1,2
2147,228,1,2
2147,229,1,2
2147,230,1,2
2147,231,1,2
2147,232,1,2
2147,233,1,2
2147,234,1,2
2147,235,1,2
2147,236,1,2
2147,237,1,2
2147,238,1,2
2147,239,1,2
2147,240,1,2
2147,241,1,2
2147,242,1,2
2147,243,1,2
2147,244,1,2
2147,245,1,2
2147,246,1,2
2147,247,1,2
2147,248,1,2
2147,249,1,2
2147,250,1,2
2147,251,1,2
2147,252,1,2
2147,253,1,2
2147,254,1,2
2147,255,1,2
2147,256,1,2
2147,257,1,2
2147,258,1,2
2147,259,1,2
2147,260,1,2
2147,261,1,2
2147,262,1,2
2147,263,1,2
2147,264,1,2
2147,265,1,2
2147,266,1,2
2147,267,1,2
2147,268,1,2
2147,269,1,2
2147,270,1,2
2147,271,1,2
2147,272,1,2
2147,273,1,2
2147,274,1,2
2147,275,1,2
2147,276,1,2
2147,277,1,2
2147,278,1,2
2147,279,1,2
2147,280,1,2
2147,281,1,2
2147,282,1,2
2147,283,1,2
2147,284,1,2
2147,285,1,2
2147,286,1,2
2147,287,1,2
2147,288,1,2
2147,289,1,2
2147,290,1,2
2147,291,1,2
2147,292,1,2
2147,293,1,2
2147,294,1,2
2147,295,1,2
2147,296,1,2
2147,297,1,2
2147,298,1,2
2147,299,1,2
2147,300,1,2
2147,301,1,2
2147,302,1,2
2147,303,1,2
2147,304,1,2
2147,305,1,2
2147,306,1,2
2147,307,1,2
2147,308,1,2
2147,309,1,2
2147,310,1,2
2147,311,1,2
2147,312,1,2
2147,313,1,2
2147,314,1,2
2147,315,1,2
2147,316,1,2
2147,317,1,2
2147,318,1,2
2147,319,1,2
2147,320,1,2
2147,321,1,2
2147,322,1,2
2147,323,1,2
2147,324,1,2
2147,325,1,2
2147,326,1,2
2147,327,1,2
2147,328,1,2
2147,329,1,2
2147,330,1,2
2147,331,1,2
2147,332,1,2
2147,333,1,2
2147,334,1,2
2147,335,1,2
2147,336,1,2
2147,337,1,2
2147,338,1,2
2147,339,1,2
2147,340,1,2
2147,341,1,2
2147,342,1,2
2147,343,1,2
2147,344,1,2
2147,345,1,2
2147,346,1,2
2147,347,1,2
2147,348,1,2
2147,349,1,2
2147,350,1,2
2147,351,1,2
2147,352,1,2
2147,353,1,2
2147,354,1,2
2147,355,1,2
2147,356,1,2
2147,357,1,2
2147,358,1,2
2147,359,1,2
2147,360,1,2
2147,361,1,2
2147,362,1,2
2147,363,1,2
2147,364,1,2
2147,365,1,2
2147,366,1,2
2147,367,1,2
2147,368,1,2
2147,369,1,2
2147,370,1,2
2147,371,1,2
2147,372,1,2
2147,373,1,2
2147,374,1,2
2147,375,1,2
2147,376,1,2
2147,377,1,2
2147,378,1,2
2147,379,1,2
2147,380,1,2
2147,381,1,2
2147,382,1,2
2147,383,1,2
2147,384,1,2
2147,385,1,2
2147,386,1,2
2147,387,1,2
2147,388,1,2
2147,389,1,2
2147,390,1,2
2147,391,1,2
2147,392,1,2
2147,393,1,2
2147,394,1,2
2147,395,1,2
2147,396,1,2
2147,397,1,2
2147,398,1,2
2147,399,1,2
2147,400,1,2
2147,401,1,2
2147,402,1,2
2147,403,1,2
2147,404,1,2
2147,405,1,2
2147,406,1,2
2147,407,1,2
2147,408,1,2
2147,409,1,2
2147,410,1,2
2147,411,1,2
2147,412,1,2
2147,413,1,2
2147,414,1,2
2147,415,1,2
2147,416,1,2
2147,417,1,2
2147,418,1,2
2147,419,1,2
2147,420,1,2
2147,421,1,2
2147,422,1,2
2147,423,1,2
2147,424,1,2
2147,425,1,2
2147,426,1,2
2147,427,1,2
2147,428,1,2
2147,429,1,2
2147,430,1,2
2147,431,1,2
2147,432,1,2
2147,433,1,2
2147,434,1,2
2147,435,1,2
2147,436,1,2
2147,437,1,2
2147,438,1,2
2147,439,1,2
2147,440,1,2
2147,441,1,2
2147,442,1,2
2147,443,1,2
2147,444,1,2
2147,445,1,2
2147,446,1,2
2147,447,1,2
2147,448,1,2
2147,449,1,2
2147,450,1,2
2147,451,1,2
2147,452,1,2
2147,453,1,2
2147,454,1,2
2147,455,1,2
2147,456,1,2
2147,457,1,2
2147,458,1,2
2147,459,1,2
2147,460,1,2
2147,461,1,2
2147,462,1,2
2147,463,1,2
2147,464,1,2
2147,465,1,2
2147,466,1,2
2147,467,1,2
2147,468,1,2
2147,469,1,2
2147,470,1,2
2147,471,1,2
2147,472,1,2
2147,473,1,2
2147,474,1,2
2147,475,1,2
2147,476,1,2
2147,477,1,2
2147,478,1,2
2147,479,1,2
2147,480,1,2
2147,481,1,2
2147,482,1,2
2147,483,1,2
2147,484,1,2
2147,485,1,2
2147,486,1,2
2147,487,1,2
2147,488,1,2
2147,489,1,2
2147,490,1,2
2147,491,1,2
2147,492,1,2
2147,493,1,2
2147,494,1,2
2147,495,1,2
2147,496,1,2
2147,497,1,2
2147,498,1,2
2147,499,1,2
2147,500,1,2
2147,501,1,2
2147,502,1,2
2147,503,1,2
2147,504,1,2
2147,505,1,2
2147,506,1,2
2147,507,1,2
2147,508,1,2
2147,509,1,2
2147,510,1,2
2147,511,1,2
2147,512,1,2
2147,513,1,2
2147,514,1,2
2147,515,1,2
2147,516,1,2
2147,517,1,2
2147,518,1,2
2147,519,1,2
2147,520,1,2
2147,521,1,2
2147,522,1,2
2147,523,1,2
2147,524,1,2
2147,525,1,2
2147,526,1,2
2147,527,1,2
2147,528,1,2
2147,529,1,2
2147,530,1,2
2147,531,1,2
2147,532,1,2
2147,533,1,2
2147,534,1,2
2147,535,1,2
2147,536,1,2
2147,537,1,2
2147,538,1,2
2147,539,1,2
2147,540,1,2
2147,541,1,2
2147,542,1,2
2147,543,1,2
2147,544,1,2
2147,545,1,2
2147,546,1,2
2147,547,1,2
2147,548,1,2
2147,549,1,2
2147,550,1,2
2147,551,1,2
2147,552,1,2
2147,553,1,2
2147,554,1,2
2147,555,1,2
2147,556,1,2
2147,557,1,2
2147,558,1,2
2147,559,1,2
2147,560,1,2
2147,561,1,2
2147,562,1,2
2147,563,1,2
2147,564,1,2
2147,565,1,2
2147,566,1,2
2147,567,1,2
2147,568,1,2
2147,569,1,2
2147,570,1,2
2147,571,1,2
2147,572,1,2
2147,573,1,2
2147,574,1,2
2147,575,1,2
2147,576,1,2
2147,577,1,2
2147,578,1,2
2147,579,1,2
2147,580,1,2
2147,581,1,2
2147,582,1,2
2147,583,1,2
2147,584,1,2
2147,585,1,2
2147,586,1,2
2147,587,1,2
2147,588,1,2
2147,589,1,2
2147,590,1,2
2147,591,1,2
2147,592,1,2
2147,593,1,2
2147,594,1,2
2147,595,1,2
2147,596,1,2
2147,597,1,2
2147,598,1,2
2147,599,1,2
2147,600,1,2
2147,601,1,2
2147,602,1,2
2147,603,1,2
2147,604,1,2
2147,605,1,2
2147,606,1,2
2147,607,1,2
2147,608,1,2
2147,609,1,2
2147,610,1,2
2147,611,1,2
2147,612,1,2
2147,614,1,2
2148,171,1,2
2148,172,1,2
2148,173,1,2
2148,174,1,2
2148,175,1,2
2148,176,1,2
2148,177,1,2
2148,178,1,2
2148,179,1,2
2148,180,1,2
2148,181,1,2
2148,182,1,2
2148,183,1,2
2148,184,1,2
2148,185,1,2
2148,186,1,2
2148,187,1,2
2148,188,1,2
2148,189,1,2
2148,190,1,2
2148,191,1,2
2148,192,1,2
2148,193,1,2
2148,194,1,2
2148,195,1,2
2148,196,1,2
2148,197,1,2
2148,198,1,2
2148,199,1,2
2148,200,1,2
2148,201,1,2
2148,202,1,2
2148,203,1,2
2148,204,1,2
2148,205,1,2
2148,206,1,2
2148,207,1,2
2148,208,1,2
2148,209,1,2
2148,210,1,2
2148,211,1,2
2148,212,1,2
2148,213,1,2
2148,214,1,2
2148,215,1,2
2148,216,1,2
2148,217,1,2
2148,218,1,2
2148,219,1,2
2148,220,1,2
2148,221,1,2
2148,222,1,2
2148,223,1,2
2148,224,1,2
2148,225,1,2
2148,226,1,2
2148,227,1,2
2148,228,1,2
2148,229,1,2
2148,230,1,2
2148,231,1,2
2148,232,1,2
2148,233,1,2
2148,234,1,2
2148,235,1,2
2148,236,1,2
2148,237,1,2
2148,238,1,2
2148,239,1,2
2148,240,1,2
2148,241,1,2
2148,242,1,2
2148,243,1,2
2148,244,1,2
2148,245,1,2
2148,246,1,2
2148,247,1,2
2148,248,1,2
2148,249,1,2
2148,250,1,2
2148,251,1,2
2148,252,1,2
2148,253,1,2
2148,254,1,2
2148,255,1,2
2148,256,1,2
2148,257,1,2
2148,258,1,2
2148,259,1,2
2148,260,1,2
2148,261,1,2
2148,262,1,2
2148,263,1,2
2148,264,1,2
2148,265,1,2
2148,266,1,2
2148,267,1,2
2148,268,1,2
2148,269,1,2
2148,270,1,2
2148,271,1,2
2148,272,1,2
2148,273,1,2
2148,274,1,2
2148,275,1,2
2148,276,1,2
2148,277,1,2
2148,278,1,2
2148,279,1,2
2148,280,1,2
2148,281,1,2
2148,282,1,2
2148,283,1,2
2148,284,1,2
2148,285,1,2
2148,286,1,2
2148,287,1,2
2148,288,1,2
2148,289,1,2
2148,290,1,2
2148,291,1,2
2148,292,1,2
2148,293,1,2
2148,294,1,2
2148,295,1,2
2148,296,1,2
2148,297,1,2
2148,298,1,2
2148,299,1,2
2148,300,1,2
2148,301,1,2
2148,302,1,2
2148,303,1,2
2148,304,1,2
2148,305,1,2
2148,306,1,2
2148,307,1,2
2148,308,1,2
2148,309,1,2
2148,310,1,2
2148,311,1,2
2148,312,1,2
2148,313,1,2
2148,314,1,2
2148,315,1,2
2148,316,1,2
2148,317,1,2
2148,318,1,2
2148,319,1,2
2148,320,1,2
2148,321,1,2
2148,322,1,2
2148,323,1,2
2148,324,1,2
2148,325,1,2
2148,326,1,2
2148,327,1,2
2148,328,1,2
2148,329,1,2
2148,330,1,2
2148,331,1,2
2148,332,1,2
2148,333,1,2
2148,334,1,2
2148,335,1,2
2148,336,1,2
2148,337,1,2
2148,338,1,2
2148,339,1,2
2148,340,1,2
2148,341,1,2
2148,342,1,2
2148,343,1,2
2148,344,1,2
2148,345,1,2
2148,346,1,2
2148,347,1,2
2148,348,1,2
2148,349,1,2
2148,350,1,2
2148,351,1,2
2148,352,1,2
2148,353,1,2
2148,354,1,2
2148,355,1,2
2148,356,1,2
2148,357,1,2
2148,358,1,2
2148,359,1,2
2148,360,1,2
2148,361,1,2
2148,362,1,2
2148,363,1,2
2148,364,1,2
2148,365,1,2
2148,366,1,2
2148,367,1,2
2148,368,1,2
2148,369,1,2
2148,370,1,2
2148,371,1,2
2148,372,1,2
2148,373,1,2
2148,374,1,2
2148,375,1,2
2148,376,1,2
2148,377,1,2
2148,378,1,2
2148,379,1,2
2148,380,1,2
2148,381,1,2
2148,382,1,2
2148,383,1,2
2148,384,1,2
2148,385,1,2
2148,386,1,2
2148,387,1,2
2148,388,1,2
2148,389,1,2
2148,390,1,2
2148,391,1,2
2148,392,1,2
2148,393,1,2
2148,394,1,2
2148,395,1,2
2148,396,1,2
2148,397,1,2
2148,398,1,2
2148,399,1,2
2148,400,1,2
2148,401,1,2
2148,402,1,2
2148,403,1,2
2148,404,1,2
2148,405,1,2
2148,406,1,2
2148,407,1,2
2148,408,1,2
2148,409,1,2
2148,410,1,2
2148,411,1,2
2148,412,1,2
2148,413,1,2
2148,414,1,2
2148,415,1,2
2148,416,1,2
2148,417,1,2
2148,418,1,2
2148,419,1,2
2148,420,1,2
2148,421,1,2
2148,422,1,2
2148,423,1,2
2148,424,1,2
2148,425,1,2
2148,426,1,2
2148,427,1,2
2148,428,1,2
2148,429,1,2
2148,430,1,2
2148,431,1,2
2148,432,1,2
2148,433,1,2
2148,434,1,2
2148,435,1,2
2148,436,1,2
2148,437,1,2
2148,438,1,2
2148,439,1,2
2148,440,1,2
2148,441,1,2
2148,442,1,2
2148,443,1,2
2148,444,1,2
2148,445,1,2
2148,446,1,2
2148,447,1,2
2148,448,1,2
2148,449,1,2
2148,450,1,2
2148,451,1,2
2148,452,1,2
2148,453,1,2
2148,454,1,2
2148,455,1,2
2148,456,1,2
2148,457,1,2
2148,458,1,2
2148,459,1,2
2148,460,1,2
2148,461,1,2
2148,462,1,2
2148,463,1,2
2148,464,1,2
2148,465,1,2
2148,466,1,2
2148,467,1,2
2148,468,1,2
2148,469,1,2
2148,470,1,2
2148,471,1,2
2148,472,1,2
2148,473,1,2
2148,474,1,2
2148,475,1,2
2148,476,1,2
2148,477,1,2
2148,478,1,2
2148,479,1,2
2148,480,1,2
2148,481,1,2
2148,482,1,2
2148,483,1,2
2148,484,1,2
2148,485,1,2
2148,486,1,2
2148,487,1,2
2148,488,1,2
2148,489,1,2
2148,490,1,2
2148,491,1,2
2148,492,1,2
2148,493,1,2
2148,494,1,2
2148,495,1,2
2148,496,1,2
2148,497,1,2
2148,498,1,2
2148,499,1,2
2148,500,1,2
2148,501,1,2
2148,502,1,2
2148,503,1,2
2148,504,1,2
2148,505,1,2
2148,506,1,2
2148,507,1,2
2148,508,1,2
2148,509,1,2
2148,510,1,2
2148,511,1,2
2148,512,1,2
2148,513,1,2
2148,514,1,2
2148,515,1,2
2148,516,1,2
2148,517,1,2
2148,518,1,2
2148,519,1,2
2148,520,1,2
2148,521,1,2
2148,522,1,2
2148,523,1,2
2148,524,1,2
2148,525,1,2
2148,526,1,2
2148,527,1,2
2148,528,1,2
2148,529,1,2
2148,530,1,2
2148,531,1,2
2148,532,1,2
2148,533,1,2
2148,534,1,2
2148,535,1,2
2148,536,1,2
2148,537,1,2
2148,538,1,2
2148,539,1,2
2148,540,1,2
2148,541,1,2
2148,542,1,2
2148,543,1,2
2148,544,1,2
2148,545,1,2
2148,546,1,2
2148,547,1,2
2148,548,1,2
2148,549,1,2
2148,550,1,2
2148,551,1,2
2148,552,1,2
2148,553,1,2
2148,554,1,2
2148,555,1,2
2148,556,1,2
2148,557,1,2
2148,558,1,2
2148,559,1,2
2148,560,1,2
2148,561,1,2
2148,562,1,2
2148,563,1,2
2148,564,1,2
2148,565,1,2
2148,566,1,2
2148,567,1,2
2148,568,1,2
2148,569,1,2
2148,570,1,2
2148,571,1,2
2148,572,1,2
2148,573,1,2
2148,574,1,2
2148,575,1,2
2148,576,1,2
2148,577,1,2
2148,578,1,2
2148,579,1,2
2148,580,1,2
2148,581,1,2
2148,582,1,2
2148,583,1,2
2148,584,1,2
2148,585,1,2
2148,586,1,2
2148,587,1,2
2148,588,1,2
2148,589,1,2
2148,590,1,2
2148,591,1,2
2148,592,1,2
2148,593,1,2
2148,594,1,2
2148,595,1,2
2148,596,1,2
2148,597,1,2
2148,598,1,2
2148,599,1,2
2148,600,1,2
2148,601,1,2
2148,602,1,2
2148,603,1,2
2148,604,1,2
2148,605,1,2
2148,606,1,2
2148,607,1,2
2148,608,1,2
2148,609,1,2
2148,610,1,2
2148,611,1,2
2148,612,1,2
2148,613,1,2
2149,172,1,2
2149,173,1,2
2149,174,1,2
2149,175,1,2
2149,176,1,2
2149,177,1,2
2149,178,1,2
2149,179,1,2
2149,180,1,2
2149,181,1,2
2149,182,1,2
2149,183,1,2
2149,184,1,2
2149,185,1,2
2149,186,1,2
2149,187,1,2
2149,188,1,2
2149,189,1,2
2149,190,1,2
2149,191,1,2
2149,192,1,2
2149,193,1,2
2149,194,1,2
2149,195,1,2
2149,196,1,2
2149,197,1,2
2149,198,1,2
2149,199,1,2
2149,200,1,2
2149,201,1,2
2149,202,1,2
2149,203,1,2
2149,204,1,2
2149,205,1,2
2149,206,1,2
2149,207,1,2
2149,208,1,2
2149,209,1,2
2149,210,1,2
2149,211,1,2
2149,212,1,2
2149,213,1,2
2149,214,1,2
2149,215,1,2
2149,216,1,2
2149,217,1,2
2149,218,1,2
2149,219,1,2
2149,220,1,2
2149,221,1,2
2149,222,1,2
2149,223,1,2
2149,224,1,2
2149,225,1,2
2149,226,1,2
2149,227,1,2
2149,228,1,2
2149,229,1,2
2149,230,1,2
2149,231,1,2
2149,232,1,2
2149,233,1,2
2149,234,1,2
2149,235,1,2
2149,236,1,2
2149,237,1,2
2149,238,1,2
2149,239,1,2
2149,240,1,2
2149,241,1,2
2149,242,1,2
2149,243,1,2
2149,244,1,2
2149,245,1,2
2149,246,1,2
2149,247,1,2
2149,248,1,2
2149,249,1,2
2149,250,1,2
2149,251,1,2
2149,252,1,2
2149,253,1,2
2149,254,1,2
2149,255,1,2
2149,256,1,2
2149,257,1,2
2149,258,1,2
2149,259,1,2
2149,260,1,2
2149,261,1,2
2149,262,1,2
2149,263,1,2
2149,264,1,2
2149,265,1,2
2149,266,1,2
2149,267,1,2
2149,268,1,2
2149,269,1,2
2149,270,1,2
2149,271,1,2
2149,272,1,2
2149,273,1,2
2149,274,1,2
2149,275,1,2
2149,276,1,2
2149,277,1,2
2149,278,1,2
2149,279,1,2
2149,280,1,2
2149,281,1,2
2149,282,1,2
2149,283,1,2
2149,284,1,2
2149,285,1,2
2149,286,1,2
2149,287,1,2
2149,288,1,2
2149,289,1,2
2149,290,1,2
2149,291,1,2
2149,292,1,2
2149,293,1,2
2149,294,1,2
2149,295,1,2
2149,296,1,2
2149,297,1,2
2149,298,1,2
2149,299,1,2
2149,300,1,2
2149,301,1,2
2149,302,1,2
2149,303,1,2
2149,304,1,2
2149,305,1,2
2149,306,1,2
2149,307,1,2
2149,308,1,2
2149,309,1,2
2149,310,1,2
2149,311,1,2
2149,312,1,2
2149,313,1,2
2149,314,1,2
2149,315,1,2
2149,316,1,2
2149,317,1,2
2149,318,1,2
2149,319,1,2
2149,320,1,2
2149,321,1,2
2149,322,1,2
2149,323,1,2
2149,324,1,2
2149,325,1,2
2149,326,1,2
2149,327,1,2
2149,328,1,2
2149,329,1,2
2149,330,1,2
2149,331,1,2
2149,332,1,2
2149,333,1,2
2149,334,1,2
2149,335,1,2
2149,336,1,2
2149,337,1,2
2149,338,1,2
2149,339,1,2
2149,340,1,2
2149,341,1,2
2149,342,1,2
2149,343,1,2
2149,344,1,2
2149,345,1,2
2149,346,1,2
2149,347,1,2
2149,348,1,2
2149,349,1,2
2149,350,1,2
2149,351,1,2
2149,352,1,2
2149,353,1,2
2149,354,1,2
2149,355,1,2
2149,356,1,2
2149,357,1,2
2149,358,1,2
2149,359,1,2
2149,360,1,2
2149,361,1,2
2149,362,1,2
2149,363,1,2
2149,364,1,2
2149,365,1,2
2149,366,1,2
2149,367,1,2
2149,368,1,2
2149,369,1,2
2149,370,1,2
2149,371,1,2
2149,372,1,2
2149,373,1,2
2149,374,1,2
2149,375,1,2
2149,376,1,2
2149,377,1,2
2149,378,1,2
2149,379,1,2
2149,380,1,2
2149,381,1,2
2149,382,1,2
2149,383,1,2
2149,384,1,2
2149,385,1,2
2149,386,1,2
2149,387,1,2
2149,388,1,2
2149,389,1,2
2149,390,1,2
2149,391,1,2
2149,392,1,2
2149,393,1,2
2149,394,1,2
2149,395,1,2
2149,396,1,2
2149,397,1,2
2149,398,1,2
2149,399,1,2
2149,400,1,2
2149,401,1,2
2149,402,1,2
2149,403,1,2
2149,404,1,2
2149,405,1,2
2149,406,1,2
2149,407,1,2
2149,408,1,2
2149,409,1,2
2149,410,1,2
2149,411,1,2
2149,412,1,2
2149,413,1,2
2149,414,1,2
2149,415,1,2
2149,416,1,2
2149,417,1,2
2149,418,1,2
2149,419,1,2
2149,420,1,2
2149,421,1,2
2149,422,1,2
2149,423,1,2
2149,424,1,2
2149,425,1,2
2149,426,1,2
2149,427,1,2
2149,428,1,2
2149,429,1,2
2149,430,1,2
2149,431,1,2
2149,432,1,2
2149,433,1,2
2149,434,1,2
2149,435,1,2
2149,436,1,2
2149,437,1,2
2149,438,1,2
2149,439,1,2
2149,440,1,2
2149,441,1,2
2149,442,1,2
2149,443,1,2
2149,444,1,2
2149,445,1,2
2149,446,1,2
2149,447,1,2
2149,448,1,2
2149,449,1,2
2149,450,1,2
2149,451,1,2
2149,452,1,2
2149,453,1,2
2149,454,1,2
2149,455,1,2
2149,456,1,2
2149,457,1,2
2149,458,1,2
2149,459,1,2
2149,460,1,2
2149,461,1,2
2149,462,1,2
2149,463,1,2
2149,464,1,2
2149,465,1,2
2149,466,1,2
2149,467,1,2
2149,468,1,2
2149,469,1,2
2149,470,1,2
2149,471,1,2
2149,472,1,2
2149,473,1,2
2149,474,1,2
2149,475,1,2
2149,476,1,2
2149,477,1,2
2149,478,1,2
2149,479,1,2
2149,480,1,2
2149,481,1,2
2149,482,1,2
2149,483,1,2
2149,484,1,2
2149,485,1,2
2149,486,1,2
2149,487,1,2
2149,488,1,2
2149,489,1,2
2149,490,1,2
2149,491,1,2
2149,492,1,2
2149,493,1,2
2149,494,1,2
2149,495,1,2
2149,496,1,2
2149,497,1,2
2149,498,1,2
2149,499,1,2
2149,500,1,2
2149,501,1,2
2149,502,1,2
2149,503,1,2
2149,504,1,2
2149,505,1,2
2149,506,1,2
2149,507,1,2
2149,508,1,2
2149,509,1,2
2149,510,1,2
2149,511,1,2
2149,512,1,2
2149,513,1,2
2149,514,1,2
2149,515,1,2
2149,516,1,2
2149,517,1,2
2149,518,1,2
2149,519,1,2
2149,520,1,2
2149,521,1,2
2149,522,1,2
2149,523,1,2
2149,524,1,2
2149,525,1,2
2149,526,1,2
2149,527,1,2
2149,528,1,2
2149,529,1,2
2149,530,1,2
2149,531,1,2
2149,532,1,2
2149,533,1,2
2149,534,1,2
2149,535,1,2
2149,536,1,2
2149,537,1,2
2149,538,1,2
2149,539,1,2
2149,540,1,2
2149,541,1,2
2149,542,1,2
2149,543,1,2
2149,544,1,2
2149,545,1,2
2149,546,1,2
2149,547,1,2
2149,548,1,2
2149,549,1,2
2149,550,1,2
2149,551,1,2
2149,552,1,2
2149,553,1,2
2149,554,1,2
2149,555,1,2
2149,556,1,2
2149,557,1,2
2149,558,1,2
2149,559,1,2
2149,560,1,2
2149,561,1,2
2149,562,1,2
2149,563,1,2
2149,564,1,2
2149,565,1,2
2149,566,1,2
2149,567,1,2
2149,568,1,2
2149,569,1,2
2149,570,1,2
2149,571,1,2
2149,572,1,2
2149,573,1,2
2149,574,1,2
2149,575,1,2
2149,576,1,2
2149,577,1,2
2149,578,1,2
2149,579,1,2
2149,580,1,2
2149,581,1,2
2149,582,1,2
2149,583,1,2
2149,584,1,2
2149,585,1,2
2149,586,1,2
2149,587,1,2
2149,588,1,2
2149,589,1,2
2149,590,1,2
2149,591,1,2
2149,592,1,2
2149,593,1,2
2149,594,1,2
2149,595,1,2
2149,596,1,2
2149,597,1,2
2149,598,1,2
2149,599,1,2
2149,600,1,2
2149,601,1,2
2149,602,1,2
2149,603,1,2
2149,604,1,2
2149,605,1,2
2149,606,1,2
2149,607,1,2
2150,173,1,2
2150,174,1,2
2150,175,1,2
2150,176,1,2
2150,177,1,2
2150,178,1,2
2150,179,1,2
2150,180,1,2
2150,181,1,2
2150,182,1,2
2150,183,1,2
2150,184,1,2
2150,185,1,2
2150,186,1,2
2150,187,1,2
2150,188,1,2
2150,189,1,2
2150,190,1,2
2150,191,1,2
2150,192,1,2
2150,193,1,2
2150,194,1,2
2150,195,1,2
2150,196,1,2
2150,197,1,2
2150,198,1,2
2150,199,1,2
2150,200,1,2
2150,201,1,2
2150,202,1,2
2150,203,1,2
2150,204,1,2
2150,205,1,2
2150,206,1,2
2150,207,1,2
2150,208,1,2
2150,209,1,2
2150,210,1,2
2150,211,1,2
2150,212,1,2
2150,213,1,2
2150,214,1,2
2150,215,1,2
2150,216,1,2
2150,217,1,2
2150,218,1,2
2150,219,1,2
2150,220,1,2
2150,221,1,2
2150,222,1,2
2150,223,1,2
2150,224,1,2
2150,225,1,2
2150,226,1,2
2150,227,1,2
2150,228,1,2
2150,229,1,2
2150,230,1,2
2150,231,1,2
2150,232,1,2
2150,233,1,2
2150,234,1,2
2150,235,1,2
2150,236,1,2
2150,237,1,2
2150,238,1,2
2150,239,1,2
2150,240,1,2
2150,241,1,2
2150,242,1,2
2150,243,1,2
2150,244,1,2
2150,245,1,2
2150,246,1,2
2150,247,1,2
2150,248,1,2
2150,249,1,2
2150,250,1,2
2150,251,1,2
2150,252,1,2
2150,253,1,2
2150,254,1,2
2150,255,1,2
2150,256,1,2
2150,257,1,2
2150,258,1,2
2150,259,1,2
2150,260,1,2
2150,261,1,2
2150,262,1,2
2150,263,1,2
2150,264,1,2
2150,265,1,2
2150,266,1,2
2150,267,1,2
2150,268,1,2
2150,269,1,2
2150,270,1,2
2150,271,1,2
2150,272,1,2
2150,273,1,2
2150,274,1,2
2150,275,1,2
2150,276,1,2
2150,277,1,2
2150,278,1,2
2150,279,1,2
2150,280,1,2
2150,281,1,2
2150,282,1,2
2150,283,1,2
2150,284,1,2
2150,285,1,2
2150,286,1,2
2150,287,1,2
2150,288,1,2
2150,289,1,2
2150,290,1,2
2150,291,1,2
2150,292,1,2
2150,293,1,2
2150,294,1,2
2150,295,1,2
2150,296,1,2
2150,297,1,2
2150,298,1,2
2150,299,1,2
2150,300,1,2
2150,301,1,2
2150,302,1,2
2150,303,1,2
2150,304,1,2
2150,305,1,2
2150,306,1,2
2150,307,1,2
2150,308,1,2
2150,309,1,2
2150,310,1,2
2150,311,1,2
2150,312,1,2
2150,313,1,2
2150,314,1,2
2150,315,1,2
2150,316,1,2
2150,317,1,2
2150,318,1,2
2150,319,1,2
2150,320,1,2
2150,321,1,2
2150,322,1,2
2150,323,1,2
2150,324,1,2
2150,325,1,2
2150,326,1,2
2150,327,1,2
2150,328,1,2
2150,329,1,2
2150,330,1,2
2150,331,1,2
2150,332,1,2
2150,333,1,2
2150,334,1,2
2150,335,1,2
2150,336,1,2
2150,337,1,2
2150,338,1,2
2150,339,1,2
2150,340,1,2
2150,341,1,2
2150,342,1,2
2150,343,1,2
2150,344,1,2
2150,345,1,2
2150,346,1,2
2150,347,1,2
2150,348,1,2
2150,349,1,2
2150,350,1,2
2150,351,1,2
2150,352,1,2
2150,353,1,2
2150,354,1,2
2150,355,1,2
2150,356,1,2
2150,357,1,2
2150,358,1,2
2150,359,1,2
2150,360,1,2
2150,361,1,2
2150,362,1,2
2150,363,1,2
2150,364,1,2
2150,365,1,2
2150,366,1,2
2150,367,1,2
2150,368,1,2
2150,369,1,2
2150,370,1,2
2150,371,1,2
2150,372,1,2
2150,373,1,2
2150,374,1,2
2150,375,1,2
2150,376,1,2
2150,377,1,2
2150,378,1,2
2150,379,1,2
2150,380,1,2
2150,381,1,2
2150,382,1,2
2150,383,1,2
2150,384,1,2
2150,385,1,2
2150,386,1,2
2150,387,1,2
2150,388,1,2
2150,389,1,2
2150,390,1,2
2150,391,1,2
2150,392,1,2
2150,393,1,2
2150,394,1,2
2150,395,1,2
2150,396,1,2
2150,397,1,2
2150,398,1,2
2150,399,1,2
2150,400,1,2
2150,401,1,2
2150,402,1,2
2150,403,1,2
2150,404,1,2
2150,405,1,2
2150,406,1,2
2150,407,1,2
2150,408,1,2
2150,409,1,2
2150,410,1,2
2150,411,1,2
2150,412,1,2
2150,413,1,2
2150,414,1,2
2150,415,1,2
2150,416,1,2
2150,417,1,2
2150,418,1,2
2150,419,1,2
2150,420,1,2
2150,421,1,2
2150,422,1,2
2150,423,1,2
2150,424,1,2
2150,425,1,2
2150,426,1,2
2150,427,1,2
2150,428,1,2
2150,429,1,2
2150,430,1,2
2150,431,1,2
2150,432,1,2
2150,433,1,2
2150,434,1,2
2150,435,1,2
2150,436,1,2
2150,437,1,2
2150,438,1,2
2150,439,1,2
2150,440,1,2
2150,441,1,2
2150,442,1,2
2150,443,1,2
2150,444,1,2
2150,445,1,2
2150,446,1,2
2150,447,1,2
2150,448,1,2
2150,449,1,2
2150,450,1,2
2150,451,1,2
2150,452,1,2
2150,453,1,2
2150,454,1,2
2150,455,1,2
2150,456,1,2
2150,457,1,2
2150,458,1,2
2150,459,1,2
2150,460,1,2
2150,461,1,2
2150,462,1,2
2150,463,1,2
2150,464,1,2
2150,465,1,2
2150,466,1,2
2150,467,1,2
2150,468,1,2
2150,469,1,2
2150,470,1,2
2150,471,1,2
2150,472,1,2
2150,473,1,2
2150,474,1,2
2150,475,1,2
2150,476,1,2
2150,477,1,2
2150,478,1,2
2150,479,1,2
2150,480,1,2
2150,481,1,2
2150,482,1,2
2150,483,1,2
2150,484,1,2
2150,485,1,2
2150,486,1,2
2150,487,1,2
2150,488,1,2
2150,489,1,2
2150,490,1,2
2150,491,1,2
2150,492,1,2
2150,493,1,2
2150,494,1,2
2150,495,1,2
2150,496,1,2
2150,497,1,2
2150,498,1,2
2150,499,1,2
2150,500,1,2
2150,501,1,2
2150,502,1,2
2150,503,1,2
2150,504,1,2
2150,505,1,2
2150,506,1,2
2150,507,1,2
2150,508,1,2
2150,509,1,2
2150,510,1,2
2150,511,1,2
2150,512,1,2
2150,513,1,2
2150,514,1,2
2150,515,1,2
2150,516,1,2
2150,517,1,2
2150,518,1,2
2150,519,1,2
2150,520,1,2
2150,521,1,2
2150,522,1,2
2150,523,1,2
2150,524,1,2
2150,525,1,2
2150,526,1,2
2150,527,1,2
2150,528,1,2
2150,529,1,2
2150,530,1,2
2150,531,1,2
2150,532,1,2
2150,533,1,2
2150,534,1,2
2150,535,1,2
2150,536,1,2
2150,537,1,2
2150,538,1,2
2150,539,1,2
2150,540,1,2
2150,541,1,2
2150,542,1,2
2150,543,1,2
2150,544,1,2
2150,545,1,2
2150,546,1,2
2150,547,1,2
2150,548,1,2
2150,549,1,2
2150,550,1,2
2150,551,1,2
2150,552,1,2
2150,553,1,2
2150,554,1,2
2150,555,1,2
2150,556,1,2
2150,557,1,2
2150,558,1,2
2150,559,1,2
2150,560,1,2
2150,561,1,2
2150,562,1,2
2150,563,1,2
2150,564,1,2
2150,565,1,2
2150,566,1,2
2150,567,1,2
2150,568,1,2
2150,569,1,2
2150,570,1,2
2150,571,1,2
2150,572,1,2
2150,573,1,2
2150,574,1,2
2150,575,1,2
2150,576,1,2
2150,577,1,2
2150,578,1,2
2150,579,1,2
2150,580,1,2
2150,581,1,2
2150,582,1,2
2150,583,1,2
2150,584,1,2
2150,585,1,2
2150,586,1,2
2150,587,1,2
2150,588,1,2
2150,589,1,2
2150,590,1,2
2150,591,1,2
2150,592,1,2
2150,593,1,2
2150,594,1,2
2150,595,1,2
2150,596,1,2
2150,597,1,2
2150,598,1,2
2150,599,1,2
2151,175,1,2
2151,176,1,2
2151,177,1,2
2151,178,1,2
2151,179,1,2
2151,180,1,2
2151,181,1,2
2151,182,1,2
2151,183,1,2
2151,184,1,2
2151,185,1,2
2151,186,1,2
2151,187,1,2
2151,188,1,2
2151,189,1,2
2151,190,1,2
2151,191,1,2
2151,192,1,2
2151,193,1,2
2151,194,1,2
2151,195,1,2
2151,196,1,2
2151,197,1,2
2151,198,1,2
2151,199,1,2
2151,200,1,2
2151,201,1,2
2151,202,1,2
2151,203,1,2
2151,204,1,2
2151,205,1,2
2151,206,1,2
2151,207,1,2
2151,208,1,2
2151,209,1,2
2151,210,1,2
2151,211,1,2
2151,212,1,2
2151,213,1,2
2151,214,1,2
2151,215,1,2
2151,216,1,2
2151,217,1,2
2151,218,1,2
2151,219,1,2
2151,220,1,2
2151,221,1,2
2151,222,1,2
2151,223,1,2
2151,224,1,2
2151,225,1,2
2151,226,1,2
2151,227,1,2
2151,228,1,2
2151,229,1,2
2151,230,1,2
2151,231,1,2
2151,232,1,2
2151,233,1,2
2151,234,1,2
2151,235,1,2
2151,236,1,2
2151,237,1,2
2151,238,1,2
2151,239,1,2
2151,240,1,2
2151,241,1,2
2151,242,1,2
2151,243,1,2
2151,244,1,2
2151,245,1,2
2151,246,1,2
2151,247,1,2
2151,248,1,2
2151,249,1,2
2151,250,1,2
2151,251,1,2
2151,252,1,2
2151,253,1,2
2151,254,1,2
2151,255,1,2
2151,256,1,2
2151,257,1,2
2151,258,1,2
2151,259,1,2
2151,260,1,2
2151,261,1,2
2151,262,1,2
2151,263,1,2
2151,264,1,2
2151,265,1,2
2151,266,1,2
2151,267,1,2
2151,268,1,2
2151,269,1,2
2151,270,1,2
2151,271,1,2
2151,272,1,2
2151,273,1,2
2151,274,1,2
2151,275,1,2
2151,276,1,2
2151,277,1,2
2151,278,1,2
2151,279,1,2
2151,280,1,2
2151,281,1,2
2151,282,1,2
2151,283,1,2
2151,284,1,2
2151,285,1,2
2151,286,1,2
2151,287,1,2
2151,288,1,2
2151,289,1,2
2151,290,1,2
2151,291,1,2
2151,292,1,2
2151,293,1,2
2151,294,1,2
2151,295,1,2
2151,296,1,2
2151,297,1,2
2151,298,1,2
2151,299,1,2
2151,300,1,2
2151,301,1,2
2151,302,1,2
2151,303,1,2
2151,304,1,2
2151,305,1,2
2151,306,1,2
2151,307,1,2
2151,308,1,2
2151,309,1,2
2151,310,1,2
2151,311,1,2
2151,312,1,2
2151,313,1,2
2151,314,1,2
2151,315,1,2
2151,316,1,2
2151,317,1,2
2151,318,1,2
2151,319,1,2
2151,320,1,2
2151,321,1,2
2151,322,1,2
2151,323,1,2
2151,324,1,2
2151,325,1,2
2151,326,1,2
2151,327,1,2
2151,328,1,2
2151,329,1,2
2151,330,1,2
2151,331,1,2
2151,332,1,2
2151,333,1,2
2151,334,1,2
2151,335,1,2
2151,336,1,2
2151,337,1,2
2151,338,1,2
2151,339,1,2
2151,340,1,2
2151,341,1,2
2151,342,1,2
2151,343,1,2
2151,344,1,2
2151,345,1,2
2151,346,1,2
2151,347,1,2
2151,348,1,2
2151,349,1,2
2151,350,1,2
2151,351,1,2
2151,352,1,2
2151,353,1,2
2151,354,1,2
2151,355,1,2
2151,356,1,2
2151,357,1,2
2151,358,1,2
2151,359,1,2
2151,360,1,2
2151,361,1,2
2151,362,1,2
2151,363,1,2
2151,364,1,2
2151,365,1,2
2151,366,1,2
2151,367,1,2
2151,368,1,2
2151,369,1,2
2151,370,1,2
2151,371,1,2
2151,372,1,2
2151,373,1,2
2151,374,1,2
2151,375,1,2
2151,376,1,2
2151,377,1,2
2151,378,1,2
2151,379,1,2
2151,380,1,2
2151,381,1,2
2151,382,1,2
2151,383,1,2
2151,384,1,2
2151,385,1,2
2151,386,1,2
2151,387,1,2
2151,388,1,2
2151,389,1,2
2151,390,1,2
2151,391,1,2
2151,392,1,2
2151,393,1,2
2151,394,1,2
2151,395,1,2
2151,396,1,2
2151,397,1,2
2151,398,1,2
2151,399,1,2
2151,400,1,2
2151,401,1,2
2151,402,1,2
2151,403,1,2
2151,404,1,2
2151,405,1,2
2151,406,1,2
2151,407,1,2
2151,408,1,2
2151,409,1,2
2151,410,1,2
2151,411,1,2
2151,412,1,2
2151,413,1,2
2151,414,1,2
2151,415,1,2
2151,416,1,2
2151,417,1,2
2151,418,1,2
2151,419,1,2
2151,420,1,2
2151,421,1,2
2151,422,1,2
2151,423,1,2
2151,424,1,2
2151,425,1,2
2151,426,1,2
2151,427,1,2
2151,428,1,2
2151,429,1,2
2151,430,1,2
2151,431,1,2
2151,432,1,2
2151,433,1,2
2151,434,1,2
2151,435,1,2
2151,436,1,2
2151,437,1,2
2151,438,1,2
2151,439,1,2
2151,440,1,2
2151,441,1,2
2151,442,1,2
2151,443,1,2
2151,444,1,2
2151,445,1,2
2151,446,1,2
2151,447,1,2
2151,448,1,2
2151,449,1,2
2151,450,1,2
2151,451,1,2
2151,452,1,2
2151,453,1,2
2151,454,1,2
2151,455,1,2
2151,456,1,2
2151,457,1,2
2151,458,1,2
2151,459,1,2
2151,460,1,2
2151,461,1,2
2151,462,1,2
2151,463,1,2
2151,464,1,2
2151,465,1,2
2151,466,1,2
2151,467,1,2
2151,468,1,2
2151,469,1,2
2151,470,1,2
2151,471,1,2
2151,472,1,2
2151,473,1,2
2151,474,1,2
2151,475,1,2
2151,476,1,2
2151,477,1,2
2151,478,1,2
2151,479,1,2
2151,480,1,2
2151,481,1,2
2151,482,1,2
2151,483,1,2
2151,484,1,2
2151,485,1,2
2151,486,1,2
2151,487,1,2
2151,488,1,2
2151,489,1,2
2151,490,1,2
2151,491,1,2
2151,492,1,2
2151,493,1,2
2151,494,1,2
2151,495,1,2
2151,496,1,2
2151,497,1,2
2151,498,1,2
2151,499,1,2
2151,500,1,2
2151,501,1,2
2151,502,1,2
2151,503,1,2
2151,504,1,2
2151,505,1,2
2151,506,1,2
2151,507,1,2
2151,508,1,2
2151,509,1,2
2151,510,1,2
2151,511,1,2
2151,512,1,2
2151,513,1,2
2151,514,1,2
2151,515,1,2
2151,516,1,2
2151,517,1,2
2151,518,1,2
2151,519,1,2
2151,520,1,2
2151,521,1,2
2151,522,1,2
2151,523,1,2
2151,524,1,2
2151,525,1,2
2151,526,1,2
2151,527,1,2
2151,528,1,2
2151,529,1,2
2151,530,1,2
2151,531,1,2
2151,532,1,2
2151,533,1,2
2151,534,1,2
2151,535,1,2
2151,536,1,2
2151,537,1,2
2151,538,1,2
2151,539,1,2
2151,540,1,2
2151,541,1,2
2151,542,1,2
2151,543,1,2
2151,544,1,2
2151,545,1,2
2151,546,1,2
2151,547,1,2
2151,548,1,2
2151,549,1,2
2151,550,1,2
2151,551,1,2
2151,552,1,2
2151,553,1,2
2151,554,1,2
2151,555,1,2
2151,556,1,2
2151,557,1,2
2151,558,1,2
2151,559,1,2
2151,560,1,2
2151,561,1,2
2151,562,1,2
2151,563,1,2
2151,564,1,2
2151,565,1,2
2151,566,1,2
2151,567,1,2
2151,568,1,2
2151,569,1,2
2151,570,1,2
2151,571,1,2
2151,572,1,2
2151,573,1,2
2151,574,1,2
2151,575,1,2
2151,576,1,2
2151,577,1,2
2151,578,1,2
2151,579,1,2
2151,580,1,2
2151,581,1,2
2151,582,1,2
2151,583,1,2
2151,584,1,2
2151,585,1,2
2151,586,1,2
2151,587,1,2
2151,588,1,2
2151,589,1,2
2151,590,1,2
2151,591,1,2
2151,592,1,2
2151,593,1,2
2151,594,1,2
2151,595,1,2
2151,596,1,2
2151,597,1,2
2151,598,1,2
2152,177,1,2
2152,178,1,2
2152,179,1,2
2152,180,1,2
2152,181,1,2
2152,182,1,2
2152,183,1,2
2152,184,1,2
2152,185,1,2
2152,186,1,2
2152,187,1,2
2152,188,1,2
2152,189,1,2
2152,190,1,2
2152,191,1,2
2152,192,1,2
2152,193,1,2
2152,194,1,2
2152,195,1,2
2152,196,1,2
2152,197,1,2
2152,198,1,2
2152,199,1,2
2152,200,1,2
2152,201,1,2
2152,202,1,2
2152,203,1,2
2152,204,1,2
2152,205,1,2
2152,206,1,2
2152,207,1,2
2152,208,1,2
2152,209,1,2
2152,210,1,2
2152,211,1,2
2152,212,1,2
2152,213,1,2
2152,214,1,2
2152,215,1,2
2152,216,1,2
2152,217,1,2
2152,218,1,2
2152,219,1,2
2152,220,1,2
2152,221,1,2
2152,222,1,2
2152,223,1,2
2152,224,1,2
2152,225,1,2
2152,226,1,2
2152,227,1,2
2152,228,1,2
2152,229,1,2
2152,230,1,2
2152,231,1,2
2152,232,1,2
2152,233,1,2
2152,234,1,2
2152,235,1,2
2152,236,1,2
2152,237,1,2
2152,238,1,2
2152,239,1,2
2152,240,1,2
2152,241,1,2
2152,242,1,2
2152,243,1,2
2152,244,1,2
2152,245,1,2
2152,246,1,2
2152,247,1,2
2152,248,1,2
2152,249,1,2
2152,250,1,2
2152,251,1,2
2152,252,1,2
2152,253,1,2
2152,254,1,2
2152,255,1,2
2152,256,1,2
2152,257,1,2
2152,258,1,2
2152,259,1,2
2152,260,1,2
2152,261,1,2
2152,262,1,2
2152,263,1,2
2152,264,1,2
2152,265,1,2
2152,266,1,2
2152,267,1,2
2152,268,1,2
2152,269,1,2
2152,270,1,2
2152,271,1,2
2152,272,1,2
2152,273,1,2
2152,274,1,2
2152,275,1,2
2152,276,1,2
2152,277,1,2
2152,278,1,2
2152,279,1,2
2152,280,1,2
2152,281,1,2
2152,282,1,2
2152,283,1,2
2152,284,1,2
2152,285,1,2
2152,286,1,2
2152,287,1,2
2152,288,1,2
2152,289,1,2
2152,290,1,2
2152,291,1,2
2152,292,1,2
2152,293,1,2
2152,294,1,2
2152,295,1,2
2152,296,1,2
2152,297,1,2
2152,298,1,2
2152,299,1,2
2152,300,1,2
2152,301,1,2
2152,302,1,2
2152,303,1,2
2152,304,1,2
2152,305,1,2
2152,306,1,2
2152,307,1,2
2152,308,1,2
2152,309,1,2
2152,310,1,2
2152,311,1,2
2152,312,1,2
2152,313,1,2
2152,314,1,2
2152,315,1,2
2152,316,1,2
2152,317,1,2
2152,318,1,2
2152,319,1,2
2152,320,1,2
2152,321,1,2
2152,322,1,2
2152,323,1,2
2152,324,1,2
2152,325,1,2
2152,326,1,2
2152,327,1,2
2152,328,1,2
2152,329,1,2
2152,330,1,2
2152,331,1,2
2152,332,1,2
2152,333,1,2
2152,334,1,2
2152,335,1,2
2152,336,1,2
2152,337,1,2
2152,338,1,2
2152,339,1,2
2152,340,1,2
2152,341,1,2
2152,342,1,2
2152,343,1,2
2152,344,1,2
2152,345,1,2
2152,346,1,2
2152,347,1,2
2152,348,1,2
2152,349,1,2
2152,350,1,2
2152,351,1,2
2152,352,1,2
2152,353,1,2
2152,354,1,2
2152,355,1,2
2152,356,1,2
2152,357,1,2
2152,358,1,2
2152,359,1,2
2152,360,1,2
2152,361,1,2
2152,362,1,2
2152,363,1,2
2152,364,1,2
2152,365,1,2
2152,366,1,2
2152,367,1,2
2152,368,1,2
2152,369,1,2
2152,370,1,2
2152,371,1,2
2152,372,1,2
2152,373,1,2
2152,374,1,2
2152,375,1,2
2152,376,1,2
2152,377,1,2
2152,378,1,2
2152,379,1,2
2152,380,1,2
2152,381,1,2
2152,382,1,2
2152,383,1,2
2152,384,1,2
2152,385,1,2
2152,386,1,2
2152,387,1,2
2152,388,1,2
2152,389,1,2
2152,390,1,2
2152,391,1,2
2152,392,1,2
2152,393,1,2
2152,394,1,2
2152,395,1,2
2152,396,1,2
2152,397,1,2
2152,398,1,2
2152,399,1,2
2152,400,1,2
2152,401,1,2
2152,402,1,2
2152,403,1,2
2152,404,1,2
2152,405,1,2
2152,406,1,2
2152,407,1,2
2152,408,1,2
2152,409,1,2
2152,410,1,2
2152,411,1,2
2152,412,1,2
2152,413,1,2
2152,414,1,2
2152,415,1,2
2152,416,1,2
2152,417,1,2
2152,418,1,2
2152,419,1,2
2152,420,1,2
2152,421,1,2
2152,422,1,2
2152,423,1,2
2152,424,1,2
2152,425,1,2
2152,426,1,2
2152,427,1,2
2152,428,1,2
2152,429,1,2
2152,430,1,2
2152,431,1,2
2152,432,1,2
2152,433,1,2
2152,434,1,2
2152,435,1,2
2152,436,1,2
2152,437,1,2
2152,438,1,2
2152,439,1,2
2152,440,1,2
2152,441,1,2
2152,442,1,2
2152,443,1,2
2152,444,1,2
2152,445,1,2
2152,446,1,2
2152,447,1,2
2152,448,1,2
2152,449,1,2
2152,450,1,2
2152,451,1,2
2152,452,1,2
2152,453,1,2
2152,454,1,2
2152,455,1,2
2152,456,1,2
2152,457,1,2
2152,458,1,2
2152,459,1,2
2152,460,1,2
2152,461,1,2
2152,462,1,2
2152,463,1,2
2152,464,1,2
2152,465,1,2
2152,466,1,2
2152,467,1,2
2152,468,1,2
2152,469,1,2
2152,470,1,2
2152,471,1,2
2152,472,1,2
2152,473,1,2
2152,474,1,2
2152,475,1,2
2152,476,1,2
2152,477,1,2
2152,478,1,2
2152,479,1,2
2152,480,1,2
2152,481,1,2
2152,482,1,2
2152,483,1,2
2152,484,1,2
2152,485,1,2
2152,486,1,2
2152,487,1,2
2152,488,1,2
2152,489,1,2
2152,490,1,2
2152,491,1,2
2152,492,1,2
2152,493,1,2
2152,494,1,2
2152,495,1,2
2152,496,1,2
2152,497,1,2
2152,498,1,2
2152,499,1,2
2152,500,1,2
2152,501,1,2
2152,502,1,2
2152,503,1,2
2152,504,1,2
2152,505,1,2
2152,506,1,2
2152,507,1,2
2152,508,1,2
2152,509,1,2
2152,510,1,2
2152,511,1,2
2152,512,1,2
2152,513,1,2
2152,514,1,2
2152,515,1,2
2152,516,1,2
2152,517,1,2
2152,518,1,2
2152,519,1,2
2152,520,1,2
2152,521,1,2
2152,522,1,2
2152,523,1,2
2152,524,1,2
2152,525,1,2
2152,526,1,2
2152,527,1,2
2152,528,1,2
2152,529,1,2
2152,530,1,2
2152,531,1,2
2152,532,1,2
2152,533,1,2
2152,534,1,2
2152,535,1,2
2152,536,1,2
2152,537,1,2
2152,538,1,2
2152,539,1,2
2152,540,1,2
2152,541,1,2
2152,542,1,2
2152,543,1,2
2152,544,1,2
2152,545,1,2
2152,546,1,2
2152,547,1,2
2152,548,1,2
2152,549,1,2
2152,550,1,2
2152,551,1,2
2152,552,1,2
2152,553,1,2
2152,554,1,2
2152,555,1,2
2152,556,1,2
2152,557,1,2
2152,558,1,2
2152,559,1,2
2152,560,1,2
2152,561,1,2
2152,562,1,2
2152,563,1,2
2152,564,1,2
2152,565,1,2
2152,566,1,2
2152,567,1,2
2152,568,1,2
2152,569,1,2
2152,570,1,2
2152,571,1,2
2152,572,1,2
2152,573,1,2
2152,574,1,2
2152,575,1,2
2152,578,1,2
2152,579,1,2
2152,580,1,2
2152,581,1,2
2152,582,1,2
2152,583,1,2
2152,584,1,2
2152,585,1,2
2152,586,1,2
2152,587,1,2
2152,588,1,2
2152,589,1,2
2152,590,1,2
2152,591,1,2
2152,592,1,2
2152,593,1,2
2152,594,1,2
2152,595,1,2
2152,596,1,2
2152,597,1,2
2153,178,1,2
2153,179,1,2
2153,180,1,2
2153,181,1,2
2153,182,1,2
2153,183,1,2
2153,184,1,2
2153,185,1,2
2153,186,1,2
2153,187,1,2
2153,188,1,2
2153,189,1,2
2153,190,1,2
2153,191,1,2
2153,192,1,2
2153,193,1,2
2153,194,1,2
2153,195,1,2
2153,196,1,2
2153,197,1,2
2153,198,1,2
2153,199,1,2
2153,200,1,2
2153,201,1,2
2153,202,1,2
2153,203,1,2
2153,204,1,2
2153,205,1,2
2153,206,1,2
2153,207,1,2
2153,208,1,2
2153,209,1,2
2153,210,1,2
2153,211,1,2
2153,212,1,2
2153,213,1,2
2153,214,1,2
2153,215,1,2
2153,216,1,2
2153,217,1,2
2153,218,1,2
2153,219,1,2
2153,220,1,2
2153,221,1,2
2153,222,1,2
2153,223,1,2
2153,224,1,2
2153,225,1,2
2153,226,1,2
2153,227,1,2
2153,228,1,2
2153,229,1,2
2153,230,1,2
2153,231,1,2
2153,232,1,2
2153,233,1,2
2153,234,1,2
2153,235,1,2
2153,236,1,2
2153,237,1,2
2153,238,1,2
2153,239,1,2
2153,240,1,2
2153,241,1,2
2153,242,1,2
2153,243,1,2
2153,244,1,2
2153,245,1,2
2153,246,1,2
2153,247,1,2
2153,248,1,2
2153,249,1,2
2153,250,1,2
2153,251,1,2
2153,252,1,2
2153,253,1,2
2153,254,1,2
2153,255,1,2
2153,256,1,2
2153,257,1,2
2153,258,1,2
2153,259,1,2
2153,260,1,2
2153,261,1,2
2153,262,1,2
2153,263,1,2
2153,264,1,2
2153,265,1,2
2153,266,1,2
2153,267,1,2
2153,268,1,2
2153,269,1,2
2153,270,1,2
2153,271,1,2
2153,272,1,2
2153,273,1,2
2153,274,1,2
2153,275,1,2
2153,276,1,2
2153,277,1,2
2153,278,1,2
2153,279,1,2
2153,280,1,2
2153,281,1,2
2153,282,1,2
2153,283,1,2
2153,284,1,2
2153,285,1,2
2153,286,1,2
2153,287,1,2
2153,288,1,2
2153,289,1,2
2153,290,1,2
2153,291,1,2
2153,292,1,2
2153,293,1,2
2153,294,1,2
2153,295,1,2
2153,296,1,2
2153,297,1,2
2153,298,1,2
2153,299,1,2
2153,300,1,2
2153,301,1,2
2153,302,1,2
2153,303,1,2
2153,304,1,2
2153,305,1,2
2153,306,1,2
2153,307,1,2
2153,308,1,2
2153,309,1,2
2153,310,1,2
2153,311,1,2
2153,312,1,2
2153,313,1,2
2153,314,1,2
2153,315,1,2
2153,316,1,2
2153,317,1,2
2153,318,1,2
2153,319,1,2
2153,320,1,2
2153,321,1,2
2153,322,1,2
2153,323,1,2
2153,324,1,2
2153,325,1,2
2153,326,1,2
2153,327,1,2
2153,328,1,2
2153,329,1,2
2153,330,1,2
2153,331,1,2
2153,332,1,2
2153,333,1,2
2153,334,1,2
2153,335,1,2
2153,336,1,2
2153,337,1,2
2153,338,1,2
2153,339,1,2
2153,340,1,2
2153,341,1,2
2153,342,1,2
2153,343,1,2
2153,344,1,2
2153,345,1,2
2153,346,1,2
2153,347,1,2
2153,348,1,2
2153,349,1,2
2153,350,1,2
2153,351,1,2
2153,352,1,2
2153,353,1,2
2153,354,1,2
2153,355,1,2
2153,356,1,2
2153,357,1,2
2153,358,1,2
2153,359,1,2
2153,360,1,2
2153,361,1,2
2153,362,1,2
2153,363,1,2
2153,364,1,2
2153,365,1,2
2153,366,1,2
2153,367,1,2
2153,368,1,2
2153,369,1,2
2153,370,1,2
2153,371,1,2
2153,372,1,2
2153,373,1,2
2153,374,1,2
2153,375,1,2
2153,376,1,2
2153,377,1,2
2153,378,1,2
2153,379,1,2
2153,380,1,2
2153,381,1,2
2153,382,1,2
2153,383,1,2
2153,384,1,2
2153,385,1,2
2153,386,1,2
2153,387,1,2
2153,388,1,2
2153,389,1,2
2153,390,1,2
2153,391,1,2
2153,392,1,2
2153,393,1,2
2153,394,1,2
2153,395,1,2
2153,396,1,2
2153,397,1,2
2153,398,1,2
2153,399,1,2
2153,400,1,2
2153,401,1,2
2153,402,1,2
2153,403,1,2
2153,404,1,2
2153,405,1,2
2153,406,1,2
2153,407,1,2
2153,408,1,2
2153,409,1,2
2153,410,1,2
2153,411,1,2
2153,412,1,2
2153,413,1,2
2153,414,1,2
2153,415,1,2
2153,416,1,2
2153,417,1,2
2153,418,1,2
2153,419,1,2
2153,420,1,2
2153,421,1,2
2153,422,1,2
2153,423,1,2
2153,424,1,2
2153,425,1,2
2153,426,1,2
2153,427,1,2
2153,428,1,2
2153,429,1,2
2153,430,1,2
2153,431,1,2
2153,432,1,2
2153,433,1,2
2153,434,1,2
2153,435,1,2
2153,436,1,2
2153,437,1,2
2153,438,1,2
2153,439,1,2
2153,440,1,2
2153,441,1,2
2153,442,1,2
2153,443,1,2
2153,444,1,2
2153,445,1,2
2153,446,1,2
2153,447,1,2
2153,448,1,2
2153,449,1,2
2153,450,1,2
2153,451,1,2
2153,452,1,2
2153,453,1,2
2153,454,1,2
2153,455,1,2
2153,456,1,2
2153,457,1,2
2153,458,1,2
2153,459,1,2
2153,460,1,2
2153,461,1,2
2153,462,1,2
2153,463,1,2
2153,464,1,2
2153,465,1,2
2153,466,1,2
2153,467,1,2
2153,468,1,2
2153,469,1,2
2153,470,1,2
2153,471,1,2
2153,472,1,2
2153,473,1,2
2153,474,1,2
2153,475,1,2
2153,476,1,2
2153,477,1,2
2153,478,1,2
2153,479,1,2
2153,480,1,2
2153,481,1,2
2153,482,1,2
2153,483,1,2
2153,484,1,2
2153,485,1,2
2153,486,1,2
2153,487,1,2
2153,488,1,2
2153,489,1,2
2153,490,1,2
2153,491,1,2
2153,492,1,2
2153,493,1,2
2153,494,1,2
2153,495,1,2
2153,496,1,2
2153,497,1,2
2153,498,1,2
2153,499,1,2
2153,500,1,2
2153,501,1,2
2153,502,1,2
2153,503,1,2
2153,504,1,2
2153,505,1,2
2153,506,1,2
2153,507,1,2
2153,508,1,2
2153,509,1,2
2153,510,1,2
2153,511,1,2
2153,512,1,2
2153,513,1,2
2153,514,1,2
2153,515,1,2
2153,516,1,2
2153,517,1,2
2153,518,1,2
2153,519,1,2
2153,520,1,2
2153,521,1,2
2153,522,1,2
2153,523,1,2
2153,524,1,2
2153,525,1,2
2153,526,1,2
2153,527,1,2
2153,528,1,2
2153,529,1,2
2153,530,1,2
2153,531,1,2
2153,532,1,2
2153,533,1,2
2153,534,1,2
2153,535,1,2
2153,536,1,2
2153,537,1,2
2153,538,1,2
2153,539,1,2
2153,540,1,2
2153,541,1,2
2153,542,1,2
2153,543,1,2
2153,544,1,2
2153,545,1,2
2153,546,1,2
2153,547,1,2
2153,548,1,2
2153,549,1,2
2153,550,1,2
2153,551,1,2
2153,552,1,2
2153,553,1,2
2153,554,1,2
2153,555,1,2
2153,556,1,2
2153,557,1,2
2153,558,1,2
2153,559,1,2
2153,560,1,2
2153,561,1,2
2153,562,1,2
2153,563,1,2
2153,564,1,2
2153,565,1,2
2153,566,1,2
2153,567,1,2
2153,568,1,2
2153,569,1,2
2153,570,1,2
2153,571,1,2
2153,572,1,2
2153,573,1,2
2153,586,1,2
2153,587,1,2
2153,588,1,2
2153,589,1,2
2153,590,1,2
2153,591,1,2
2153,592,1,2
2153,593,1,2
2153,594,1,2
2153,595,1,2
2154,179,1,2
2154,180,1,2
2154,181,1,2
2154,182,1,2
2154,183,1,2
2154,184,1,2
2154,185,1,2
2154,186,1,2
2154,187,1,2
2154,188,1,2
2154,189,1,2
2154,190,1,2
2154,191,1,2
2154,192,1,2
2154,193,1,2
2154,194,1,2
2154,195,1,2
2154,196,1,2
2154,197,1,2
2154,198,1,2
2154,199,1,2
2154,200,1,2
2154,201,1,2
2154,202,1,2
2154,203,1,2
2154,204,1,2
2154,205,1,2
2154,206,1,2
2154,207,1,2
2154,208,1,2
2154,209,1,2
2154,210,1,2
2154,211,1,2
2154,212,1,2
2154,213,1,2
2154,214,1,2
2154,215,1,2
2154,216,1,2
2154,217,1,2
2154,218,1,2
2154,219,1,2
2154,220,1,2
2154,221,1,2
2154,222,1,2
2154,223,1,2
2154,224,1,2
2154,225,1,2
2154,226,1,2
2154,227,1,2
2154,228,1,2
2154,229,1,2
2154,230,1,2
2154,231,1,2
2154,232,1,2
2154,233,1,2
2154,234,1,2
2154,235,1,2
2154,236,1,2
2154,237,1,2
2154,238,1,2
2154,239,1,2
2154,240,1,2
2154,241,1,2
2154,242,1,2
2154,243,1,2
2154,244,1,2
2154,245,1,2
2154,246,1,2
2154,247,1,2
2154,248,1,2
2154,249,1,2
2154,250,1,2
2154,251,1,2
2154,252,1,2
2154,253,1,2
2154,254,1,2
2154,255,1,2
2154,256,1,2
2154,257,1,2
2154,258,1,2
2154,259,1,2
2154,260,1,2
2154,261,1,2
2154,262,1,2
2154,263,1,2
2154,264,1,2
2154,265,1,2
2154,266,1,2
2154,267,1,2
2154,268,1,2
2154,269,1,2
2154,270,1,2
2154,271,1,2
2154,272,1,2
2154,273,1,2
2154,274,1,2
2154,275,1,2
2154,276,1,2
2154,277,1,2
2154,278,1,2
2154,279,1,2
2154,280,1,2
2154,281,1,2
2154,282,1,2
2154,283,1,2
2154,284,1,2
2154,285,1,2
2154,286,1,2
2154,287,1,2
2154,288,1,2
2154,289,1,2
2154,290,1,2
2154,291,1,2
2154,292,1,2
2154,293,1,2
2154,294,1,2
2154,295,1,2
2154,296,1,2
2154,297,1,2
2154,298,1,2
2154,299,1,2
2154,300,1,2
2154,301,1,2
2154,302,1,2
2154,303,1,2
2154,304,1,2
2154,305,1,2
2154,306,1,2
2154,307,1,2
2154,308,1,2
2154,309,1,2
2154,310,1,2
2154,311,1,2
2154,312,1,2
2154,313,1,2
2154,314,1,2
2154,315,1,2
2154,316,1,2
2154,317,1,2
2154,318,1,2
2154,319,1,2
2154,320,1,2
2154,321,1,2
2154,322,1,2
2154,323,1,2
2154,324,1,2
2154,325,1,2
2154,326,1,2
2154,327,1,2
2154,328,1,2
2154,329,1,2
2154,330,1,2
2154,331,1,2
2154,332,1,2
2154,333,1,2
2154,334,1,2
2154,335,1,2
2154,336,1,2
2154,337,1,2
2154,338,1,2
2154,339,1,2
2154,340,1,2
2154,341,1,2
2154,342,1,2
2154,343,1,2
2154,344,1,2
2154,345,1,2
2154,346,1,2
2154,347,1,2
2154,348,1,2
2154,349,1,2
2154,350,1,2
2154,351,1,2
2154,352,1,2
2154,353,1,2
2154,354,1,2
2154,355,1,2
2154,356,1,2
2154,357,1,2
2154,358,1,2
2154,359,1,2
2154,360,1,2
2154,361,1,2
2154,362,1,2
2154,363,1,2
2154,364,1,2
2154,365,1,2
2154,366,1,2
2154,367,1,2
2154,368,1,2
2154,369,1,2
2154,370,1,2
2154,371,1,2
2154,372,1,2
2154,373,1,2
2154,374,1,2
2154,375,1,2
2154,376,1,2
2154,377,1,2
2154,378,1,2
2154,379,1,2
2154,380,1,2
2154,381,1,2
2154,382,1,2
2154,383,1,2
2154,384,1,2
2154,385,1,2
2154,386,1,2
2154,387,1,2
2154,388,1,2
2154,389,1,2
2154,390,1,2
2154,391,1,2
2154,392,1,2
2154,393,1,2
2154,394,1,2
2154,395,1,2
2154,396,1,2
2154,397,1,2
2154,398,1,2
2154,399,1,2
2154,400,1,2
2154,401,1,2
2154,402,1,2
2154,403,1,2
2154,404,1,2
2154,405,1,2
2154,406,1,2
2154,407,1,2
2154,408,1,2
2154,409,1,2
2154,410,1,2
2154,411,1,2
2154,412,1,2
2154,413,1,2
2154,414,1,2
2154,415,1,2
2154,416,1,2
2154,417,1,2
2154,418,1,2
2154,419,1,2
2154,420,1,2
2154,421,1,2
2154,422,1,2
2154,423,1,2
2154,424,1,2
2154,425,1,2
2154,426,1,2
2154,427,1,2
2154,428,1,2
2154,429,1,2
2154,430,1,2
2154,431,1,2
2154,432,1,2
2154,433,1,2
2154,434,1,2
2154,435,1,2
2154,436,1,2
2154,437,1,2
2154,438,1,2
2154,439,1,2
2154,440,1,2
2154,441,1,2
2154,442,1,2
2154,443,1,2
2154,444,1,2
2154,445,1,2
2154,446,1,2
2154,447,1,2
2154,448,1,2
2154,449,1,2
2154,450,1,2
2154,451,1,2
2154,452,1,2
2154,453,1,2
2154,454,1,2
2154,455,1,2
2154,456,1,2
2154,457,1,2
2154,458,1,2
2154,459,1,2
2154,460,1,2
2154,461,1,2
2154,462,1,2
2154,463,1,2
2154,464,1,2
2154,465,1,2
2154,466,1,2
2154,467,1,2
2154,468,1,2
2154,469,1,2
2154,470,1,2
2154,471,1,2
2154,472,1,2
2154,473,1,2
2154,474,1,2
2154,475,1,2
2154,476,1,2
2154,477,1,2
2154,478,1,2
2154,479,1,2
2154,480,1,2
2154,481,1,2
2154,482,1,2
2154,483,1,2
2154,484,1,2
2154,485,1,2
2154,486,1,2
2154,487,1,2
2154,488,1,2
2154,489,1,2
2154,490,1,2
2154,491,1,2
2154,492,1,2
2154,493,1,2
2154,494,1,2
2154,495,1,2
2154,496,1,2
2154,497,1,2
2154,498,1,2
2154,499,1,2
2154,500,1,2
2154,501,1,2
2154,502,1,2
2154,503,1,2
2154,504,1,2
2154,505,1,2
2154,506,1,2
2154,507,1,2
2154,508,1,2
2154,509,1,2
2154,510,1,2
2154,511,1,2
2154,512,1,2
2154,513,1,2
2154,514,1,2
2154,515,1,2
2154,516,1,2
2154,517,1,2
2154,518,1,2
2154,519,1,2
2154,520,1,2
2154,521,1,2
2154,522,1,2
2154,523,1,2
2154,524,1,2
2154,525,1,2
2154,526,1,2
2154,527,1,2
2154,528,1,2
2154,529,1,2
2154,530,1,2
2154,531,1,2
2154,532,1,2
2154,533,1,2
2154,534,1,2
2154,535,1,2
2154,536,1,2
2154,537,1,2
2154,538,1,2
2154,539,1,2
2154,540,1,2
2154,541,1,2
2154,542,1,2
2154,543,1,2
2154,544,1,2
2154,545,1,2
2154,546,1,2
2154,547,1,2
2154,548,1,2
2154,549,1,2
2154,550,1,2
2154,551,1,2
2154,552,1,2
2154,553,1,2
2154,554,1,2
2154,555,1,2
2154,556,1,2
2154,557,1,2
2154,558,1,2
2154,559,1,2
2154,560,1,2
2154,561,1,2
2154,562,1,2
2154,563,1,2
2154,564,1,2
2154,565,1,2
2154,566,1,2
2154,567,1,2
2154,568,1,2
2154,569,1,2
2154,570,1,2
2154,571,1,2
2155,180,1,2
2155,181,1,2
2155,182,1,2
2155,183,1,2
2155,184,1,2
2155,185,1,2
2155,186,1,2
2155,187,1,2
2155,188,1,2
2155,189,1,2
2155,190,1,2
2155,191,1,2
2155,192,1,2
2155,193,1,2
2155,194,1,2
2155,195,1,2
2155,196,1,2
2155,197,1,2
2155,198,1,2
2155,199,1,2
2155,200,1,2
2155,201,1,2
2155,202,1,2
2155,203,1,2
2155,204,1,2
2155,205,1,2
2155,206,1,2
2155,207,1,2
2155,208,1,2
2155,209,1,2
2155,210,1,2
2155,211,1,2
2155,212,1,2
2155,213,1,2
2155,214,1,2
2155,215,1,2
2155,216,1,2
2155,217,1,2
2155,218,1,2
2155,219,1,2
2155,220,1,2
2155,221,1,2
2155,222,1,2
2155,223,1,2
2155,224,1,2
2155,225,1,2
2155,226,1,2
2155,227,1,2
2155,228,1,2
2155,229,1,2
2155,230,1,2
2155,231,1,2
2155,232,1,2
2155,233,1,2
2155,234,1,2
2155,235,1,2
2155,236,1,2
2155,237,1,2
2155,238,1,2
2155,239,1,2
2155,240,1,2
2155,241,1,2
2155,242,1,2
2155,243,1,2
2155,244,1,2
2155,245,1,2
2155,246,1,2
2155,247,1,2
2155,248,1,2
2155,249,1,2
2155,250,1,2
2155,251,1,2
2155,252,1,2
2155,253,1,2
2155,254,1,2
2155,255,1,2
2155,256,1,2
2155,257,1,2
2155,258,1,2
2155,259,1,2
2155,260,1,2
2155,261,1,2
2155,262,1,2
2155,263,1,2
2155,264,1,2
2155,265,1,2
2155,266,1,2
2155,267,1,2
2155,268,1,2
2155,269,1,2
2155,270,1,2
2155,271,1,2
2155,272,1,2
2155,273,1,2
2155,274,1,2
2155,275,1,2
2155,276,1,2
2155,277,1,2
2155,278,1,2
2155,279,1,2
2155,280,1,2
2155,281,1,2
2155,282,1,2
2155,283,1,2
2155,284,1,2
2155,285,1,2
2155,286,1,2
2155,287,1,2
2155,288,1,2
2155,289,1,2
2155,290,1,2
2155,291,1,2
2155,292,1,2
2155,293,1,2
2155,294,1,2
2155,295,1,2
2155,296,1,2
2155,297,1,2
2155,298,1,2
2155,299,1,2
2155,300,1,2
2155,301,1,2
2155,302,1,2
2155,303,1,2
2155,304,1,2
2155,305,1,2
2155,306,1,2
2155,307,1,2
2155,308,1,2
2155,309,1,2
2155,310,1,2
2155,311,1,2
2155,312,1,2
2155,313,1,2
2155,314,1,2
2155,315,1,2
2155,316,1,2
2155,317,1,2
2155,318,1,2
2155,319,1,2
2155,320,1,2
2155,321,1,2
2155,322,1,2
2155,323,1,2
2155,324,1,2
2155,325,1,2
2155,326,1,2
2155,327,1,2
2155,328,1,2
2155,329,1,2
2155,330,1,2
2155,331,1,2
2155,332,1,2
2155,333,1,2
2155,334,1,2
2155,335,1,2
2155,336,1,2
2155,337,1,2
2155,338,1,2
2155,339,1,2
2155,340,1,2
2155,341,1,2
2155,342,1,2
2155,343,1,2
2155,344,1,2
2155,345,1,2
2155,346,1,2
2155,347,1,2
2155,348,1,2
2155,349,1,2
2155,350,1,2
2155,351,1,2
2155,352,1,2
2155,353,1,2
2155,354,1,2
2155,355,1,2
2155,356,1,2
2155,357,1,2
2155,358,1,2
2155,359,1,2
2155,360,1,2
2155,361,1,2
2155,362,1,2
2155,363,1,2
2155,364,1,2
2155,365,1,2
2155,366,1,2
2155,367,1,2
2155,368,1,2
2155,369,1,2
2155,370,1,2
2155,371,1,2
2155,372,1,2
2155,373,1,2
2155,374,1,2
2155,375,1,2
2155,376,1,2
2155,377,1,2
2155,378,1,2
2155,379,1,2
2155,380,1,2
2155,381,1,2
2155,382,1,2
2155,383,1,2
2155,384,1,2
2155,385,1,2
2155,386,1,2
2155,387,1,2
2155,388,1,2
2155,389,1,2
2155,390,1,2
2155,391,1,2
2155,392,1,2
2155,393,1,2
2155,394,1,2
2155,395,1,2
2155,396,1,2
2155,397,1,2
2155,398,1,2
2155,399,1,2
2155,400,1,2
2155,401,1,2
2155,402,1,2
2155,403,1,2
2155,404,1,2
2155,405,1,2
2155,406,1,2
2155,407,1,2
2155,408,1,2
2155,409,1,2
2155,410,1,2
2155,411,1,2
2155,412,1,2
2155,413,1,2
2155,414,1,2
2155,415,1,2
2155,416,1,2
2155,417,1,2
2155,418,1,2
2155,419,1,2
2155,420,1,2
2155,421,1,2
2155,422,1,2
2155,423,1,2
2155,424,1,2
2155,425,1,2
2155,426,1,2
2155,427,1,2
2155,428,1,2
2155,429,1,2
2155,430,1,2
2155,431,1,2
2155,432,1,2
2155,433,1,2
2155,434,1,2
2155,435,1,2
2155,436,1,2
2155,437,1,2
2155,438,1,2
2155,439,1,2
2155,440,1,2
2155,441,1,2
2155,442,1,2
2155,443,1,2
2155,444,1,2
2155,445,1,2
2155,446,1,2
2155,447,1,2
2155,448,1,2
2155,449,1,2
2155,450,1,2
2155,451,1,2
2155,452,1,2
2155,453,1,2
2155,454,1,2
2155,455,1,2
2155,456,1,2
2155,457,1,2
2155,458,1,2
2155,459,1,2
2155,460,1,2
2155,461,1,2
2155,462,1,2
2155,463,1,2
2155,464,1,2
2155,465,1,2
2155,466,1,2
2155,467,1,2
2155,468,1,2
2155,469,1,2
2155,470,1,2
2155,471,1,2
2155,472,1,2
2155,473,1,2
2155,474,1,2
2155,475,1,2
2155,476,1,2
2155,477,1,2
2155,478,1,2
2155,479,1,2
2155,480,1,2
2155,481,1,2
2155,482,1,2
2155,483,1,2
2155,484,1,2
2155,485,1,2
2155,486,1,2
2155,487,1,2
2155,488,1,2
2155,489,1,2
2155,490,1,2
2155,491,1,2
2155,492,1,2
2155,493,1,2
2155,494,1,2
2155,495,1,2
2155,496,1,2
2155,497,1,2
2155,498,1,2
2155,499,1,2
2155,500,1,2
2155,501,1,2
2155,502,1,2
2155,503,1,2
2155,504,1,2
2155,505,1,2
2155,506,1,2
2155,507,1,2
2155,508,1,2
2155,509,1,2
2155,510,1,2
2155,511,1,2
2155,512,1,2
2155,513,1,2
2155,514,1,2
2155,515,1,2
2155,516,1,2
2155,517,1,2
2155,518,1,2
2155,519,1,2
2155,520,1,2
2155,521,1,2
2155,522,1,2
2155,523,1,2
2155,524,1,2
2155,525,1,2
2155,526,1,2
2155,527,1,2
2155,528,1,2
2155,529,1,2
2155,530,1,2
2155,531,1,2
2155,532,1,2
2155,533,1,2
2155,534,1,2
2155,535,1,2
2155,536,1,2
2155,537,1,2
2155,538,1,2
2155,539,1,2
2155,540,1,2
2155,541,1,2
2155,542,1,2
2155,543,1,2
2155,544,1,2
2155,545,1,2
2155,546,1,2
2155,547,1,2
2155,548,1,2
2155,549,1,2
2155,550,1,2
2155,551,1,2
2155,552,1,2
2155,553,1,2
2155,554,1,2
2155,555,1,2
2155,556,1,2
2155,557,1,2
2155,558,1,2
2155,559,1,2
2155,560,1,2
2155,561,1,2
2155,562,1,2
2155,563,1,2
2155,564,1,2
2155,565,1,2
2155,566,1,2
2155,568,1,2
2156,181,1,2
2156,182,1,2
2156,183,1,2
2156,184,1,2
2156,185,1,2
2156,186,1,2
2156,187,1,2
2156,188,1,2
2156,189,1,2
2156,190,1,2
2156,191,1,2
2156,192,1,2
2156,193,1,2
2156,194,1,2
2156,195,1,2
2156,196,1,2
2156,197,1,2
2156,198,1,2
2156,199,1,2
2156,200,1,2
2156,201,1,2
2156,202,1,2
2156,203,1,2
2156,204,1,2
2156,205,1,2
2156,206,1,2
2156,207,1,2
2156,208,1,2
2156,209,1,2
2156,210,1,2
2156,211,1,2
2156,212,1,2
2156,213,1,2
2156,214,1,2
2156,215,1,2
2156,216,1,2
2156,217,1,2
2156,218,1,2
2156,219,1,2
2156,220,1,2
2156,221,1,2
2156,222,1,2
2156,223,1,2
2156,224,1,2
2156,225,1,2
2156,226,1,2
2156,227,1,2
2156,228,1,2
2156,229,1,2
2156,230,1,2
2156,231,1,2
2156,232,1,2
2156,233,1,2
2156,234,1,2
2156,235,1,2
2156,236,1,2
2156,237,1,2
2156,238,1,2
2156,239,1,2
2156,240,1,2
2156,241,1,2
2156,242,1,2
2156,243,1,2
2156,244,1,2
2156,245,1,2
2156,246,1,2
2156,247,1,2
2156,248,1,2
2156,249,1,2
2156,250,1,2
2156,251,1,2
2156,252,1,2
2156,253,1,2
2156,254,1,2
2156,255,1,2
2156,256,1,2
2156,257,1,2
2156,258,1,2
2156,259,1,2
2156,260,1,2
2156,261,1,2
2156,262,1,2
2156,263,1,2
2156,264,1,2
2156,265,1,2
2156,266,1,2
2156,267,1,2
2156,268,1,2
2156,269,1,2
2156,270,1,2
2156,271,1,2
2156,272,1,2
2156,273,1,2
2156,274,1,2
2156,275,1,2
2156,276,1,2
2156,277,1,2
2156,278,1,2
2156,279,1,2
2156,280,1,2
2156,281,1,2
2156,282,1,2
2156,283,1,2
2156,284,1,2
2156,285,1,2
2156,286,1,2
2156,287,1,2
2156,288,1,2
2156,289,1,2
2156,290,1,2
2156,291,1,2
2156,292,1,2
2156,293,1,2
2156,294,1,2
2156,295,1,2
2156,296,1,2
2156,297,1,2
2156,298,1,2
2156,299,1,2
2156,300,1,2
2156,301,1,2
2156,302,1,2
2156,303,1,2
2156,304,1,2
2156,305,1,2
2156,306,1,2
2156,307,1,2
2156,308,1,2
2156,309,1,2
2156,310,1,2
2156,311,1,2
2156,312,1,2
2156,313,1,2
2156,314,1,2
2156,315,1,2
2156,316,1,2
2156,317,1,2
2156,318,1,2
2156,319,1,2
2156,320,1,2
2156,321,1,2
2156,322,1,2
2156,323,1,2
2156,324,1,2
2156,325,1,2
2156,326,1,2
2156,327,1,2
2156,328,1,2
2156,329,1,2
2156,330,1,2
2156,331,1,2
2156,332,1,2
2156,333,1,2
2156,334,1,2
2156,335,1,2
2156,336,1,2
2156,337,1,2
2156,338,1,2
2156,339,1,2
2156,340,1,2
2156,341,1,2
2156,342,1,2
2156,343,1,2
2156,344,1,2
2156,345,1,2
2156,346,1,2
2156,347,1,2
2156,348,1,2
2156,349,1,2
2156,350,1,2
2156,351,1,2
2156,352,1,2
2156,353,1,2
2156,354,1,2
2156,355,1,2
2156,356,1,2
2156,357,1,2
2156,358,1,2
2156,359,1,2
2156,360,1,2
2156,361,1,2
2156,362,1,2
2156,363,1,2
2156,364,1,2
2156,365,1,2
2156,366,1,2
2156,367,1,2
2156,368,1,2
2156,369,1,2
2156,370,1,2
2156,371,1,2
2156,372,1,2
2156,373,1,2
2156,374,1,2
2156,375,1,2
2156,376,1,2
2156,377,1,2
2156,378,1,2
2156,379,1,2
2156,380,1,2
2156,381,1,2
2156,382,1,2
2156,383,1,2
2156,384,1,2
2156,385,1,2
2156,386,1,2
2156,387,1,2
2156,388,1,2
2156,389,1,2
2156,390,1,2
2156,391,1,2
2156,392,1,2
2156,393,1,2
2156,394,1,2
2156,395,1,2
2156,396,1,2
2156,397,1,2
2156,398,1,2
2156,399,1,2
2156,400,1,2
2156,401,1,2
2156,402,1,2
2156,403,1,2
2156,404,1,2
2156,405,1,2
2156,406,1,2
2156,407,1,2
2156,408,1,2
2156,409,1,2
2156,410,1,2
2156,411,1,2
2156,412,1,2
2156,413,1,2
2156,414,1,2
2156,415,1,2
2156,416,1,2
2156,417,1,2
2156,418,1,2
2156,419,1,2
2156,420,1,2
2156,421,1,2
2156,422,1,2
2156,423,1,2
2156,424,1,2
2156,425,1,2
2156,426,1,2
2156,427,1,2
2156,428,1,2
2156,429,1,2
2156,430,1,2
2156,431,1,2
2156,432,1,2
2156,433,1,2
2156,434,1,2
2156,435,1,2
2156,436,1,2
2156,437,1,2
2156,438,1,2
2156,439,1,2
2156,440,1,2
2156,441,1,2
2156,442,1,2
2156,443,1,2
2156,444,1,2
2156,445,1,2
2156,446,1,2
2156,447,1,2
2156,448,1,2
2156,449,1,2
2156,450,1,2
2156,451,1,2
2156,452,1,2
2156,453,1,2
2156,454,1,2
2156,455,1,2
2156,456,1,2
2156,457,1,2
2156,458,1,2
2156,459,1,2
2156,460,1,2
2156,461,1,2
2156,462,1,2
2156,463,1,2
2156,464,1,2
2156,465,1,2
2156,466,1,2
2156,467,1,2
2156,468,1,2
2156,469,1,2
2156,470,1,2
2156,471,1,2
2156,472,1,2
2156,473,1,2
2156,474,1,2
2156,475,1,2
2156,476,1,2
2156,477,1,2
2156,478,1,2
2156,479,1,2
2156,480,1,2
2156,481,1,2
2156,482,1,2
2156,483,1,2
2156,484,1,2
2156,485,1,2
2156,486,1,2
2156,487,1,2
2156,488,1,2
2156,489,1,2
2156,490,1,2
2156,491,1,2
2156,492,1,2
2156,493,1,2
2156,494,1,2
2156,495,1,2
2156,496,1,2
2156,497,1,2
2156,498,1,2
2156,499,1,2
2156,500,1,2
2156,501,1,2
2156,502,1,2
2156,503,1,2
2156,504,1,2
2156,505,1,2
2156,506,1,2
2156,507,1,2
2156,508,1,2
2156,509,1,2
2156,510,1,2
2156,511,1,2
2156,512,1,2
2156,513,1,2
2156,514,1,2
2156,515,1,2
2156,516,1,2
2156,517,1,2
2156,518,1,2
2156,519,1,2
2156,520,1,2
2156,521,1,2
2156,522,1,2
2156,523,1,2
2156,524,1,2
2156,525,1,2
2156,526,1,2
2156,527,1,2
2156,528,1,2
2156,529,1,2
2156,530,1,2
2156,531,1,2
2156,532,1,2
2156,533,1,2
2156,534,1,2
2156,535,1,2
2156,536,1,2
2156,537,1,2
2156,538,1,2
2156,539,1,2
2156,540,1,2
2156,541,1,2
2156,542,1,2
2156,543,1,2
2156,544,1,2
2156,545,1,2
2156,546,1,2
2156,547,1,2
2156,548,1,2
2156,549,1,2
2156,550,1,2
2156,551,1,2
2156,552,1,2
2156,553,1,2
2156,554,1,2
2156,555,1,2
2156,556,1,2
2156,557,1,2
2156,558,1,2
2156,559,1,2
2156,560,1,2
2156,561,1,2
2156,562,1,2
2156,563,1,2
2156,564,1,2
2156,565,1,2
2157,181,1,2
2157,182,1,2
2157,183,1,2
2157,184,1,2
2157,185,1,2
2157,186,1,2
2157,187,1,2
2157,188,1,2
2157,189,1,2
2157,190,1,2
2157,191,1,2
2157,192,1,2
2157,193,1,2
2157,194,1,2
2157,195,1,2
2157,196,1,2
2157,197,1,2
2157,198,1,2
2157,199,1,2
2157,200,1,2
2157,201,1,2
2157,202,1,2
2157,203,1,2
2157,204,1,2
2157,205,1,2
2157,206,1,2
2157,207,1,2
2157,208,1,2
2157,209,1,2
2157,210,1,2
2157,211,1,2
2157,212,1,2
2157,213,1,2
2157,214,1,2
2157,215,1,2
2157,216,1,2
2157,217,1,2
2157,218,1,2
2157,219,1,2
2157,220,1,2
2157,221,1,2
2157,222,1,2
2157,223,1,2
2157,224,1,2
2157,225,1,2
2157,226,1,2
2157,227,1,2
2157,228,1,2
2157,229,1,2
2157,230,1,2
2157,231,1,2
2157,232,1,2
2157,233,1,2
2157,234,1,2
2157,235,1,2
2157,236,1,2
2157,237,1,2
2157,238,1,2
2157,239,1,2
2157,240,1,2
2157,241,1,2
2157,242,1,2
2157,243,1,2
2157,244,1,2
2157,245,1,2
2157,246,1,2
2157,247,1,2
2157,248,1,2
2157,249,1,2
2157,250,1,2
2157,251,1,2
2157,252,1,2
2157,253,1,2
2157,254,1,2
2157,255,1,2
2157,256,1,2
2157,257,1,2
2157,258,1,2
2157,259,1,2
2157,260,1,2
2157,261,1,2
2157,262,1,2
2157,263,1,2
2157,264,1,2
2157,265,1,2
2157,266,1,2
2157,267,1,2
2157,268,1,2
2157,269,1,2
2157,270,1,2
2157,271,1,2
2157,272,1,2
2157,273,1,2
2157,274,1,2
2157,275,1,2
2157,276,1,2
2157,277,1,2
2157,278,1,2
2157,279,1,2
2157,280,1,2
2157,281,1,2
2157,282,1,2
2157,283,1,2
2157,284,1,2
2157,285,1,2
2157,286,1,2
2157,287,1,2
2157,288,1,2
2157,289,1,2
2157,290,1,2
2157,291,1,2
2157,292,1,2
2157,293,1,2
2157,294,1,2
2157,295,1,2
2157,296,1,2
2157,297,1,2
2157,298,1,2
2157,299,1,2
2157,300,1,2
2157,301,1,2
2157,302,1,2
2157,303,1,2
2157,304,1,2
2157,305,1,2
2157,306,1,2
2157,307,1,2
2157,308,1,2
2157,309,1,2
2157,310,1,2
2157,311,1,2
2157,312,1,2
2157,313,1,2
2157,314,1,2
2157,315,1,2
2157,316,1,2
2157,317,1,2
2157,318,1,2
2157,319,1,2
2157,320,1,2
2157,321,1,2
2157,322,1,2
2157,323,1,2
2157,324,1,2
2157,325,1,2
2157,326,1,2
2157,327,1,2
2157,328,1,2
2157,329,1,2
2157,330,1,2
2157,331,1,2
2157,332,1,2
2157,333,1,2
2157,334,1,2
2157,335,1,2
2157,336,1,2
2157,337,1,2
2157,338,1,2
2157,339,1,2
2157,340,1,2
2157,341,1,2
2157,342,1,2
2157,343,1,2
2157,344,1,2
2157,345,1,2
2157,346,1,2
2157,347,1,2
2157,348,1,2
2157,349,1,2
2157,350,1,2
2157,351,1,2
2157,352,1,2
2157,353,1,2
2157,354,1,2
2157,355,1,2
2157,356,1,2
2157,357,1,2
2157,358,1,2
2157,359,1,2
2157,360,1,2
2157,361,1,2
2157,362,1,2
2157,363,1,2
2157,364,1,2
2157,365,1,2
2157,366,1,2
2157,367,1,2
2157,368,1,2
2157,369,1,2
2157,370,1,2
2157,371,1,2
2157,372,1,2
2157,373,1,2
2157,374,1,2
2157,375,1,2
2157,376,1,2
2157,377,1,2
2157,378,1,2
2157,379,1,2
2157,380,1,2
2157,381,1,2
2157,382,1,2
2157,383,1,2
2157,384,1,2
2157,385,1,2
2157,386,1,2
2157,387,1,2
2157,388,1,2
2157,389,1,2
2157,390,1,2
2157,391,1,2
2157,392,1,2
2157,393,1,2
2157,394,1,2
2157,395,1,2
2157,396,1,2
2157,397,1,2
2157,398,1,2
2157,399,1,2
2157,400,1,2
2157,401,1,2
2157,402,1,2
2157,403,1,2
2157,404,1,2
2157,405,1,2
2157,406,1,2
2157,407,1,2
2157,408,1,2
2157,409,1,2
2157,410,1,2
2157,411,1,2
2157,412,1,2
2157,413,1,2
2157,414,1,2
2157,415,1,2
2157,416,1,2
2157,417,1,2
2157,418,1,2
2157,419,1,2
2157,420,1,2
2157,421,1,2
2157,422,1,2
2157,423,1,2
2157,424,1,2
2157,425,1,2
2157,426,1,2
2157,427,1,2
2157,428,1,2
2157,429,1,2
2157,430,1,2
2157,431,1,2
2157,432,1,2
2157,433,1,2
2157,434,1,2
2157,435,1,2
2157,436,1,2
2157,437,1,2
2157,438,1,2
2157,439,1,2
2157,440,1,2
2157,441,1,2
2157,442,1,2
2157,443,1,2
2157,444,1,2
2157,445,1,2
2157,446,1,2
2157,447,1,2
2157,448,1,2
2157,449,1,2
2157,450,1,2
2157,451,1,2
2157,452,1,2
2157,453,1,2
2157,454,1,2
2157,455,1,2
2157,456,1,2
2157,457,1,2
2157,458,1,2
2157,459,1,2
2157,460,1,2
2157,461,1,2
2157,462,1,2
2157,463,1,2
2157,464,1,2
2157,465,1,2
2157,466,1,2
2157,467,1,2
2157,468,1,2
2157,469,1,2
2157,470,1,2
2157,471,1,2
2157,472,1,2
2157,473,1,2
2157,474,1,2
2157,475,1,2
2157,476,1,2
2157,477,1,2
2157,478,1,2
2157,479,1,2
2157,480,1,2
2157,481,1,2
2157,482,1,2
2157,483,1,2
2157,484,1,2
2157,485,1,2
2157,486,1,2
2157,487,1,2
2157,488,1,2
2157,489,1,2
2157,490,1,2
2157,491,1,2
2157,492,1,2
2157,493,1,2
2157,494,1,2
2157,495,1,2
2157,496,1,2
2157,497,1,2
2157,498,1,2
2157,499,1,2
2157,500,1,2
2157,501,1,2
2157,502,1,2
2157,503,1,2
2157,504,1,2
2157,505,1,2
2157,506,1,2
2157,507,1,2
2157,508,1,2
2157,509,1,2
2157,510,1,2
2157,511,1,2
2157,512,1,2
2157,513,1,2
2157,514,1,2
2157,515,1,2
2157,516,1,2
2157,517,1,2
2157,518,1,2
2157,519,1,2
2157,520,1,2
2157,521,1,2
2157,522,1,2
2157,523,1,2
2157,524,1,2
2157,525,1,2
2157,526,1,2
2157,527,1,2
2157,528,1,2
2157,529,1,2
2157,530,1,2
2157,531,1,2
2157,532,1,2
2157,533,1,2
2157,534,1,2
2157,535,1,2
2157,536,1,2
2157,537,1,2
2157,538,1,2
2157,539,1,2
2157,540,1,2
2157,541,1,2
2157,542,1,2
2157,543,1,2
2157,544,1,2
2157,545,1,2
2157,546,1,2
2157,547,1,2
2157,548,1,2
2157,549,1,2
2157,550,1,2
2157,551,1,2
2157,552,1,2
2157,553,1,2
2157,554,1,2
2157,555,1,2
2157,556,1,2
2157,557,1,2
2157,558,1,2
2157,559,1,2
2157,560,1,2
2157,561,1,2
2158,182,1,2
2158,183,1,2
2158,184,1,2
2158,185,1,2
2158,186,1,2
2158,187,1,2
2158,188,1,2
2158,189,1,2
2158,190,1,2
2158,191,1,2
2158,192,1,2
2158,193,1,2
2158,194,1,2
2158,195,1,2
2158,196,1,2
2158,197,1,2
2158,198,1,2
2158,199,1,2
2158,200,1,2
2158,201,1,2
2158,202,1,2
2158,203,1,2
2158,204,1,2
2158,205,1,2
2158,206,1,2
2158,207,1,2
2158,208,1,2
2158,209,1,2
2158,210,1,2
2158,211,1,2
2158,212,1,2
2158,213,1,2
2158,214,1,2
2158,215,1,2
2158,216,1,2
2158,217,1,2
2158,218,1,2
2158,219,1,2
2158,220,1,2
2158,221,1,2
2158,222,1,2
2158,223,1,2
2158,224,1,2
2158,225,1,2
2158,226,1,2
2158,227,1,2
2158,228,1,2
2158,229,1,2
2158,230,1,2
2158,231,1,2
2158,232,1,2
2158,233,1,2
2158,234,1,2
2158,235,1,2
2158,236,1,2
2158,237,1,2
2158,238,1,2
2158,239,1,2
2158,240,1,2
2158,241,1,2
2158,242,1,2
2158,243,1,2
2158,244,1,2
2158,245,1,2
2158,246,1,2
2158,247,1,2
2158,248,1,2
2158,249,1,2
2158,250,1,2
2158,251,1,2
2158,252,1,2
2158,253,1,2
2158,254,1,2
2158,255,1,2
2158,256,1,2
2158,257,1,2
2158,258,1,2
2158,259,1,2
2158,260,1,2
2158,261,1,2
2158,262,1,2
2158,263,1,2
2158,264,1,2
2158,265,1,2
2158,266,1,2
2158,267,1,2
2158,268,1,2
2158,269,1,2
2158,270,1,2
2158,271,1,2
2158,272,1,2
2158,273,1,2
2158,274,1,2
2158,275,1,2
2158,276,1,2
2158,277,1,2
2158,278,1,2
2158,279,1,2
2158,280,1,2
2158,281,1,2
2158,282,1,2
2158,283,1,2
2158,284,1,2
2158,285,1,2
2158,286,1,2
2158,287,1,2
2158,288,1,2
2158,289,1,2
2158,290,1,2
2158,291,1,2
2158,292,1,2
2158,293,1,2
2158,294,1,2
2158,295,1,2
2158,296,1,2
2158,297,1,2
2158,298,1,2
2158,299,1,2
2158,300,1,2
2158,301,1,2
2158,302,1,2
2158,303,1,2
2158,304,1,2
2158,305,1,2
2158,306,1,2
2158,307,1,2
2158,308,1,2
2158,309,1,2
2158,310,1,2
2158,311,1,2
2158,312,1,2
2158,313,1,2
2158,314,1,2
2158,315,1,2
2158,316,1,2
2158,317,1,2
2158,318,1,2
2158,319,1,2
2158,320,1,2
2158,321,1,2
2158,322,1,2
2158,323,1,2
2158,324,1,2
2158,325,1,2
2158,326,1,2
2158,327,1,2
2158,328,1,2
2158,329,1,2
2158,330,1,2
2158,331,1,2
2158,332,1,2
2158,333,1,2
2158,334,1,2
2158,335,1,2
2158,336,1,2
2158,337,1,2
2158,338,1,2
2158,339,1,2
2158,340,1,2
2158,341,1,2
2158,342,1,2
2158,343,1,2
2158,344,1,2
2158,345,1,2
2158,346,1,2
2158,347,1,2
2158,348,1,2
2158,349,1,2
2158,350,1,2
2158,351,1,2
2158,352,1,2
2158,353,1,2
2158,354,1,2
2158,355,1,2
2158,356,1,2
2158,357,1,2
2158,358,1,2
2158,359,1,2
2158,360,1,2
2158,361,1,2
2158,362,1,2
2158,363,1,2
2158,364,1,2
2158,365,1,2
2158,366,1,2
2158,367,1,2
2158,368,1,2
2158,369,1,2
2158,370,1,2
2158,371,1,2
2158,372,1,2
2158,373,1,2
2158,374,1,2
2158,375,1,2
2158,376,1,2
2158,377,1,2
2158,378,1,2
2158,379,1,2
2158,380,1,2
2158,381,1,2
2158,382,1,2
2158,383,1,2
2158,384,1,2
2158,385,1,2
2158,386,1,2
2158,387,1,2
2158,388,1,2
2158,389,1,2
2158,390,1,2
2158,391,1,2
2158,392,1,2
2158,393,1,2
2158,394,1,2
2158,395,1,2
2158,396,1,2
2158,397,1,2
2158,398,1,2
2158,399,1,2
2158,400,1,2
2158,401,1,2
2158,402,1,2
2158,403,1,2
2158,404,1,2
2158,405,1,2
2158,406,1,2
2158,407,1,2
2158,408,1,2
2158,409,1,2
2158,410,1,2
2158,411,1,2
2158,412,1,2
2158,413,1,2
2158,414,1,2
2158,415,1,2
2158,416,1,2
2158,417,1,2
2158,418,1,2
2158,419,1,2
2158,420,1,2
2158,421,1,2
2158,422,1,2
2158,423,1,2
2158,424,1,2
2158,425,1,2
2158,426,1,2
2158,427,1,2
2158,428,1,2
2158,429,1,2
2158,430,1,2
2158,431,1,2
2158,432,1,2
2158,433,1,2
2158,434,1,2
2158,435,1,2
2158,436,1,2
2158,437,1,2
2158,438,1,2
2158,439,1,2
2158,440,1,2
2158,441,1,2
2158,442,1,2
2158,443,1,2
2158,444,1,2
2158,445,1,2
2158,446,1,2
2158,447,1,2
2158,448,1,2
2158,449,1,2
2158,450,1,2
2158,451,1,2
2158,452,1,2
2158,453,1,2
2158,454,1,2
2158,455,1,2
2158,456,1,2
2158,457,1,2
2158,458,1,2
2158,459,1,2
2158,460,1,2
2158,461,1,2
2158,462,1,2
2158,463,1,2
2158,464,1,2
2158,465,1,2
2158,466,1,2
2158,467,1,2
2158,468,1,2
2158,469,1,2
2158,470,1,2
2158,471,1,2
2158,472,1,2
2158,473,1,2
2158,474,1,2
2158,475,1,2
2158,476,1,2
2158,477,1,2
2158,478,1,2
2158,479,1,2
2158,480,1,2
2158,481,1,2
2158,482,1,2
2158,483,1,2
2158,484,1,2
2158,485,1,2
2158,486,1,2
2158,487,1,2
2158,488,1,2
2158,489,1,2
2158,490,1,2
2158,491,1,2
2158,492,1,2
2158,493,1,2
2158,494,1,2
2158,495,1,2
2158,496,1,2
2158,497,1,2
2158,498,1,2
2158,499,1,2
2158,500,1,2
2158,501,1,2
2158,502,1,2
2158,503,1,2
2158,504,1,2
2158,505,1,2
2158,506,1,2
2158,507,1,2
2158,508,1,2
2158,509,1,2
2158,510,1,2
2158,511,1,2
2158,512,1,2
2158,513,1,2
2158,514,1,2
2158,515,1,2
2158,516,1,2
2158,517,1,2
2158,518,1,2
2158,519,1,2
2158,520,1,2
2158,521,1,2
2158,522,1,2
2158,523,1,2
2158,524,1,2
2158,525,1,2
2158,526,1,2
2158,527,1,2
2158,528,1,2
2158,529,1,2
2158,530,1,2
2158,531,1,2
2158,532,1,2
2158,533,1,2
2158,534,1,2
2158,535,1,2
2158,536,1,2
2158,537,1,2
2158,538,1,2
2158,539,1,2
2158,540,1,2
2158,541,1,2
2158,542,1,2
2158,543,1,2
2158,544,1,2
2158,545,1,2
2158,546,1,2
2158,547,1,2
2158,548,1,2
2158,549,1,2
2158,550,1,2
2158,551,1,2
2158,552,1,2
2158,553,1,2
2158,554,1,2
2158,555,1,2
2158,556,1,2
2158,557,1,2
2158,558,1,2
2158,559,1,2
2158,560,1,2
2159,182,1,2
2159,183,1,2
2159,184,1,2
2159,185,1,2
2159,186,1,2
2159,187,1,2
2159,188,1,2
2159,189,1,2
2159,190,1,2
2159,191,1,2
2159,192,1,2
2159,193,1,2
2159,194,1,2
2159,195,1,2
2159,196,1,2
2159,197,1,2
2159,198,1,2
2159,199,1,2
2159,200,1,2
2159,201,1,2
2159,202,1,2
2159,203,1,2
2159,204,1,2
2159,205,1,2
2159,206,1,2
2159,207,1,2
2159,208,1,2
2159,209,1,2
2159,210,1,2
2159,211,1,2
2159,212,1,2
2159,213,1,2
2159,214,1,2
2159,215,1,2
2159,216,1,2
2159,217,1,2
2159,218,1,2
2159,219,1,2
2159,220,1,2
2159,221,1,2
2159,222,1,2
2159,223,1,2
2159,224,1,2
2159,225,1,2
2159,226,1,2
2159,227,1,2
2159,228,1,2
2159,229,1,2
2159,230,1,2
2159,231,1,2
2159,232,1,2
2159,233,1,2
2159,234,1,2
2159,235,1,2
2159,236,1,2
2159,237,1,2
2159,238,1,2
2159,239,1,2
2159,240,1,2
2159,241,1,2
2159,242,1,2
2159,243,1,2
2159,244,1,2
2159,245,1,2
2159,246,1,2
2159,247,1,2
2159,248,1,2
2159,249,1,2
2159,250,1,2
2159,251,1,2
2159,252,1,2
2159,253,1,2
2159,254,1,2
2159,255,1,2
2159,256,1,2
2159,257,1,2
2159,258,1,2
2159,259,1,2
2159,260,1,2
2159,261,1,2
2159,262,1,2
2159,263,1,2
2159,264,1,2
2159,265,1,2
2159,266,1,2
2159,267,1,2
2159,268,1,2
2159,269,1,2
2159,270,1,2
2159,271,1,2
2159,272,1,2
2159,273,1,2
2159,274,1,2
2159,275,1,2
2159,276,1,2
2159,277,1,2
2159,278,1,2
2159,279,1,2
2159,280,1,2
2159,281,1,2
2159,282,1,2
2159,283,1,2
2159,284,1,2
2159,285,1,2
2159,286,1,2
2159,287,1,2
2159,288,1,2
2159,289,1,2
2159,290,1,2
2159,291,1,2
2159,292,1,2
2159,293,1,2
2159,294,1,2
2159,295,1,2
2159,296,1,2
2159,297,1,2
2159,298,1,2
2159,299,1,2
2159,300,1,2
2159,301,1,2
2159,302,1,2
2159,303,1,2
2159,304,1,2
2159,305,1,2
2159,306,1,2
2159,307,1,2
2159,308,1,2
2159,309,1,2
2159,310,1,2
2159,311,1,2
2159,312,1,2
2159,313,1,2
2159,314,1,2
2159,315,1,2
2159,316,1,2
2159,317,1,2
2159,318,1,2
2159,319,1,2
2159,320,1,2
2159,321,1,2
2159,322,1,2
2159,323,1,2
2159,324,1,2
2159,325,1,2
2159,326,1,2
2159,327,1,2
2159,328,1,2
2159,329,1,2
2159,330,1,2
2159,331,1,2
2159,332,1,2
2159,333,1,2
2159,334,1,2
2159,335,1,2
2159,336,1,2
2159,337,1,2
2159,338,1,2
2159,339,1,2
2159,340,1,2
2159,341,1,2
2159,342,1,2
2159,343,1,2
2159,344,1,2
2159,345,1,2
2159,346,1,2
2159,347,1,2
2159,348,1,2
2159,349,1,2
2159,350,1,2
2159,351,1,2
2159,352,1,2
2159,353,1,2
2159,354,1,2
2159,355,1,2
2159,356,1,2
2159,357,1,2
2159,358,1,2
2159,359,1,2
2159,360,1,2
2159,361,1,2
2159,362,1,2
2159,363,1,2
2159,364,1,2
2159,365,1,2
2159,366,1,2
2159,367,1,2
2159,368,1,2
2159,369,1,2
2159,370,1,2
2159,371,1,2
2159,372,1,2
2159,373,1,2
2159,374,1,2
2159,375,1,2
2159,376,1,2
2159,377,1,2
2159,378,1,2
2159,379,1,2
2159,380,1,2
2159,381,1,2
2159,382,1,2
2159,383,1,2
2159,384,1,2
2159,385,1,2
2159,386,1,2
2159,387,1,2
2159,388,1,2
2159,389,1,2
2159,390,1,2
2159,391,1,2
2159,392,1,2
2159,393,1,2
2159,394,1,2
2159,395,1,2
2159,396,1,2
2159,397,1,2
2159,398,1,2
2159,399,1,2
2159,400,1,2
2159,401,1,2
2159,402,1,2
2159,403,1,2
2159,404,1,2
2159,405,1,2
2159,406,1,2
2159,407,1,2
2159,408,1,2
2159,409,1,2
2159,410,1,2
2159,411,1,2
2159,412,1,2
2159,413,1,2
2159,414,1,2
2159,415,1,2
2159,416,1,2
2159,417,1,2
2159,418,1,2
2159,419,1,2
2159,420,1,2
2159,421,1,2
2159,422,1,2
2159,423,1,2
2159,424,1,2
2159,425,1,2
2159,426,1,2
2159,427,1,2
2159,428,1,2
2159,429,1,2
2159,430,1,2
2159,431,1,2
2159,432,1,2
2159,433,1,2
2159,434,1,2
2159,435,1,2
2159,436,1,2
2159,437,1,2
2159,438,1,2
2159,439,1,2
2159,440,1,2
2159,441,1,2
2159,442,1,2
2159,443,1,2
2159,444,1,2
2159,445,1,2
2159,446,1,2
2159,447,1,2
2159,448,1,2
2159,449,1,2
2159,450,1,2
2159,451,1,2
2159,452,1,2
2159,453,1,2
2159,454,1,2
2159,455,1,2
2159,456,1,2
2159,457,1,2
2159,458,1,2
2159,459,1,2
2159,460,1,2
2159,461,1,2
2159,462,1,2
2159,463,1,2
2159,464,1,2
2159,465,1,2
2159,466,1,2
2159,467,1,2
2159,468,1,2
2159,469,1,2
2159,470,1,2
2159,471,1,2
2159,472,1,2
2159,473,1,2
2159,474,1,2
2159,475,1,2
2159,476,1,2
2159,477,1,2
2159,478,1,2
2159,479,1,2
2159,480,1,2
2159,481,1,2
2159,482,1,2
2159,483,1,2
2159,484,1,2
2159,485,1,2
2159,486,1,2
2159,487,1,2
2159,488,1,2
2159,489,1,2
2159,490,1,2
2159,491,1,2
2159,492,1,2
2159,493,1,2
2159,494,1,2
2159,495,1,2
2159,496,1,2
2159,497,1,2
2159,498,1,2
2159,499,1,2
2159,500,1,2
2159,501,1,2
2159,502,1,2
2159,503,1,2
2159,504,1,2
2159,505,1,2
2159,506,1,2
2159,507,1,2
2159,508,1,2
2159,509,1,2
2159,510,1,2
2159,511,1,2
2159,512,1,2
2159,513,1,2
2159,514,1,2
2159,515,1,2
2159,516,1,2
2159,517,1,2
2159,518,1,2
2159,519,1,2
2159,520,1,2
2159,521,1,2
2159,522,1,2
2159,523,1,2
2159,524,1,2
2159,525,1,2
2159,526,1,2
2159,527,1,2
2159,528,1,2
2159,529,1,2
2159,530,1,2
2159,531,1,2
2159,532,1,2
2159,533,1,2
2159,534,1,2
2159,535,1,2
2159,536,1,2
2159,537,1,2
2159,538,1,2
2159,539,1,2
2159,540,1,2
2159,541,1,2
2159,542,1,2
2159,543,1,2
2159,544,1,2
2159,545,1,2
2159,546,1,2
2159,547,1,2
2159,548,1,2
2159,549,1,2
2159,550,1,2
2159,551,1,2
2159,552,1,2
2159,553,1,2
2159,554,1,2
2159,555,1,2
2159,556,1,2
2160,184,1,2
2160,185,1,2
2160,186,1,2
2160,187,1,2
2160,188,1,2
2160,189,1,2
2160,190,1,2
2160,191,1,2
2160,192,1,2
2160,193,1,2
2160,194,1,2
2160,195,1,2
2160,196,1,2
2160,197,1,2
2160,198,1,2
2160,199,1,2
2160,200,1,2
2160,201,1,2
2160,202,1,2
2160,203,1,2
2160,204,1,2
2160,205,1,2
2160,206,1,2
2160,207,1,2
2160,208,1,2
2160,209,1,2
2160,210,1,2
2160,211,1,2
2160,212,1,2
2160,213,1,2
2160,214,1,2
2160,215,1,2
2160,216,1,2
2160,217,1,2
2160,218,1,2
2160,219,1,2
2160,220,1,2
2160,221,1,2
2160,222,1,2
2160,223,1,2
2160,224,1,2
2160,225,1,2
2160,226,1,2
2160,227,1,2
2160,228,1,2
2160,229,1,2
2160,230,1,2
2160,231,1,2
2160,232,1,2
2160,233,1,2
2160,234,1,2
2160,235,1,2
2160,236,1,2
2160,237,1,2
2160,238,1,2
2160,239,1,2
2160,240,1,2
2160,241,1,2
2160,242,1,2
2160,243,1,2
2160,244,1,2
2160,245,1,2
2160,246,1,2
2160,247,1,2
2160,248,1,2
2160,249,1,2
2160,250,1,2
2160,251,1,2
2160,252,1,2
2160,253,1,2
2160,254,1,2
2160,255,1,2
2160,256,1,2
2160,257,1,2
2160,258,1,2
2160,259,1,2
2160,260,1,2
2160,261,1,2
2160,262,1,2
2160,263,1,2
2160,264,1,2
2160,265,1,2
2160,266,1,2
2160,267,1,2
2160,268,1,2
2160,269,1,2
2160,270,1,2
2160,271,1,2
2160,272,1,2
2160,273,1,2
2160,274,1,2
2160,275,1,2
2160,276,1,2
2160,277,1,2
2160,278,1,2
2160,279,1,2
2160,280,1,2
2160,281,1,2
2160,282,1,2
2160,283,1,2
2160,284,1,2
2160,285,1,2
2160,286,1,2
2160,287,1,2
2160,288,1,2
2160,289,1,2
2160,290,1,2
2160,291,1,2
2160,292,1,2
2160,293,1,2
2160,294,1,2
2160,295,1,2
2160,296,1,2
2160,297,1,2
2160,298,1,2
2160,299,1,2
2160,300,1,2
2160,301,1,2
2160,302,1,2
2160,303,1,2
2160,304,1,2
2160,305,1,2
2160,306,1,2
2160,307,1,2
2160,308,1,2
2160,309,1,2
2160,310,1,2
2160,311,1,2
2160,312,1,2
2160,313,1,2
2160,314,1,2
2160,315,1,2
2160,316,1,2
2160,317,1,2
2160,318,1,2
2160,319,1,2
2160,320,1,2
2160,321,1,2
2160,322,1,2
2160,323,1,2
2160,324,1,2
2160,325,1,2
2160,326,1,2
2160,327,1,2
2160,328,1,2
2160,329,1,2
2160,330,1,2
2160,331,1,2
2160,332,1,2
2160,333,1,2
2160,334,1,2
2160,335,1,2
2160,336,1,2
2160,337,1,2
2160,338,1,2
2160,339,1,2
2160,340,1,2
2160,341,1,2
2160,342,1,2
2160,343,1,2
2160,344,1,2
2160,345,1,2
2160,346,1,2
2160,347,1,2
2160,348,1,2
2160,349,1,2
2160,350,1,2
2160,351,1,2
2160,352,1,2
2160,353,1,2
2160,354,1,2
2160,355,1,2
2160,356,1,2
2160,357,1,2
2160,358,1,2
2160,359,1,2
2160,360,1,2
2160,361,1,2
2160,362,1,2
2160,363,1,2
2160,364,1,2
2160,365,1,2
2160,366,1,2
2160,367,1,2
2160,368,1,2
2160,369,1,2
2160,370,1,2
2160,371,1,2
2160,372,1,2
2160,373,1,2
2160,374,1,2
2160,375,1,2
2160,376,1,2
2160,377,1,2
2160,378,1,2
2160,379,1,2
2160,380,1,2
2160,381,1,2
2160,382,1,2
2160,383,1,2
2160,384,1,2
2160,385,1,2
2160,386,1,2
2160,387,1,2
2160,388,1,2
2160,389,1,2
2160,390,1,2
2160,391,1,2
2160,392,1,2
2160,393,1,2
2160,394,1,2
2160,395,1,2
2160,396,1,2
2160,397,1,2
2160,398,1,2
2160,399,1,2
2160,400,1,2
2160,401,1,2
2160,402,1,2
2160,403,1,2
2160,404,1,2
2160,405,1,2
2160,406,1,2
2160,407,1,2
2160,408,1,2
2160,409,1,2
2160,410,1,2
2160,411,1,2
2160,412,1,2
2160,413,1,2
2160,414,1,2
2160,415,1,2
2160,416,1,2
2160,417,1,2
2160,418,1,2
2160,419,1,2
2160,420,1,2
2160,421,1,2
2160,422,1,2
2160,423,1,2
2160,424,1,2
2160,425,1,2
2160,426,1,2
2160,427,1,2
2160,428,1,2
2160,429,1,2
2160,430,1,2
2160,431,1,2
2160,432,1,2
2160,433,1,2
2160,434,1,2
2160,435,1,2
2160,436,1,2
2160,437,1,2
2160,438,1,2
2160,439,1,2
2160,440,1,2
2160,441,1,2
2160,442,1,2
2160,443,1,2
2160,444,1,2
2160,445,1,2
2160,446,1,2
2160,447,1,2
2160,448,1,2
2160,449,1,2
2160,450,1,2
2160,451,1,2
2160,452,1,2
2160,453,1,2
2160,454,1,2
2160,455,1,2
2160,456,1,2
2160,457,1,2
2160,458,1,2
2160,459,1,2
2160,460,1,2
2160,461,1,2
2160,462,1,2
2160,463,1,2
2160,464,1,2
2160,465,1,2
2160,466,1,2
2160,467,1,2
2160,468,1,2
2160,469,1,2
2160,470,1,2
2160,471,1,2
2160,472,1,2
2160,473,1,2
2160,474,1,2
2160,475,1,2
2160,476,1,2
2160,477,1,2
2160,478,1,2
2160,479,1,2
2160,480,1,2
2160,481,1,2
2160,482,1,2
2160,483,1,2
2160,484,1,2
2160,485,1,2
2160,486,1,2
2160,487,1,2
2160,488,1,2
2160,489,1,2
2160,490,1,2
2160,491,1,2
2160,492,1,2
2160,493,1,2
2160,494,1,2
2160,495,1,2
2160,496,1,2
2160,497,1,2
2160,498,1,2
2160,499,1,2
2160,500,1,2
2160,501,1,2
2160,502,1,2
2160,503,1,2
2160,504,1,2
2160,505,1,2
2160,506,1,2
2160,507,1,2
2160,508,1,2
2160,509,1,2
2160,510,1,2
2160,511,1,2
2160,512,1,2
2160,513,1,2
2160,514,1,2
2160,515,1,2
2160,516,1,2
2160,517,1,2
2160,518,1,2
2160,519,1,2
2160,520,1,2
2160,521,1,2
2160,522,1,2
2160,523,1,2
2160,524,1,2
2160,525,1,2
2160,526,1,2
2160,527,1,2
2160,528,1,2
2160,529,1,2
2160,530,1,2
2160,531,1,2
2160,532,1,2
2160,533,1,2
2160,534,1,2
2160,535,1,2
2160,536,1,2
2160,537,1,2
2160,538,1,2
2160,539,1,2
2160,540,1,2
2160,541,1,2
2160,542,1,2
2160,543,1,2
2160,544,1,2
2160,545,1,2
2160,546,1,2
2160,547,1,2
2160,548,1,2
2160,549,1,2
2160,550,1,2
2160,551,1,2
2160,552,1,2
2160,553,1,2
2161,184,1,2
2161,185,1,2
2161,186,1,2
2161,187,1,2
2161,188,1,2
2161,189,1,2
2161,190,1,2
2161,191,1,2
2161,192,1,2
2161,193,1,2
2161,194,1,2
2161,195,1,2
2161,196,1,2
2161,197,1,2
2161,198,1,2
2161,199,1,2
2161,200,1,2
2161,201,1,2
2161,202,1,2
2161,203,1,2
2161,204,1,2
2161,205,1,2
2161,206,1,2
2161,207,1,2
2161,208,1,2
2161,209,1,2
2161,210,1,2
2161,211,1,2
2161,212,1,2
2161,213,1,2
2161,214,1,2
2161,215,1,2
2161,216,1,2
2161,217,1,2
2161,218,1,2
2161,219,1,2
2161,220,1,2
2161,221,1,2
2161,222,1,2
2161,223,1,2
2161,224,1,2
2161,225,1,2
2161,226,1,2
2161,227,1,2
2161,228,1,2
2161,229,1,2
2161,230,1,2
2161,231,1,2
2161,232,1,2
2161,233,1,2
2161,234,1,2
2161,235,1,2
2161,236,1,2
2161,237,1,2
2161,238,1,2
2161,239,1,2
2161,240,1,2
2161,241,1,2
2161,242,1,2
2161,243,1,2
2161,244,1,2
2161,245,1,2
2161,246,1,2
2161,247,1,2
2161,248,1,2
2161,249,1,2
2161,250,1,2
2161,251,1,2
2161,252,1,2
2161,253,1,2
2161,254,1,2
2161,255,1,2
2161,256,1,2
2161,257,1,2
2161,258,1,2
2161,259,1,2
2161,260,1,2
2161,261,1,2
2161,262,1,2
2161,263,1,2
2161,264,1,2
2161,265,1,2
2161,266,1,2
2161,267,1,2
2161,268,1,2
2161,269,1,2
2161,270,1,2
2161,271,1,2
2161,272,1,2
2161,273,1,2
2161,274,1,2
2161,275,1,2
2161,276,1,2
2161,277,1,2
2161,278,1,2
2161,279,1,2
2161,280,1,2
2161,281,1,2
2161,282,1,2
2161,283,1,2
2161,284,1,2
2161,285,1,2
2161,286,1,2
2161,287,1,2
2161,288,1,2
2161,289,1,2
2161,290,1,2
2161,291,1,2
2161,292,1,2
2161,293,1,2
2161,294,1,2
2161,295,1,2
2161,296,1,2
2161,297,1,2
2161,298,1,2
2161,299,1,2
2161,300,1,2
2161,301,1,2
2161,302,1,2
2161,303,1,2
2161,304,1,2
2161,305,1,2
2161,306,1,2
2161,307,1,2
2161,308,1,2
2161,309,1,2
2161,310,1,2
2161,311,1,2
2161,312,1,2
2161,313,1,2
2161,314,1,2
2161,315,1,2
2161,316,1,2
2161,317,1,2
2161,318,1,2
2161,319,1,2
2161,320,1,2
2161,321,1,2
2161,322,1,2
2161,323,1,2
2161,324,1,2
2161,325,1,2
2161,326,1,2
2161,327,1,2
2161,328,1,2
2161,329,1,2
2161,330,1,2
2161,331,1,2
2161,332,1,2
2161,333,1,2
2161,334,1,2
2161,335,1,2
2161,336,1,2
2161,337,1,2
2161,338,1,2
2161,339,1,2
2161,340,1,2
2161,341,1,2
2161,342,1,2
2161,343,1,2
2161,344,1,2
2161,345,1,2
2161,346,1,2
2161,347,1,2
2161,348,1,2
2161,349,1,2
2161,350,1,2
2161,351,1,2
2161,352,1,2
2161,353,1,2
2161,354,1,2
2161,355,1,2
2161,356,1,2
2161,357,1,2
2161,358,1,2
2161,359,1,2
2161,360,1,2
2161,361,1,2
2161,362,1,2
2161,363,1,2
2161,364,1,2
2161,365,1,2
2161,366,1,2
2161,367,1,2
2161,368,1,2
2161,369,1,2
2161,370,1,2
2161,371,1,2
2161,372,1,2
2161,373,1,2
2161,374,1,2
2161,375,1,2
2161,376,1,2
2161,377,1,2
2161,378,1,2
2161,379,1,2
2161,380,1,2
2161,381,1,2
2161,382,1,2
2161,383,1,2
2161,384,1,2
2161,385,1,2
2161,386,1,2
2161,387,1,2
2161,388,1,2
2161,389,1,2
2161,390,1,2
2161,391,1,2
2161,392,1,2
2161,393,1,2
2161,394,1,2
2161,395,1,2
2161,396,1,2
2161,397,1,2
2161,398,1,2
2161,399,1,2
2161,400,1,2
2161,401,1,2
2161,402,1,2
2161,403,1,2
2161,404,1,2
2161,405,1,2
2161,406,1,2
2161,407,1,2
2161,408,1,2
2161,409,1,2
2161,410,1,2
2161,411,1,2
2161,412,1,2
2161,413,1,2
2161,414,1,2
2161,415,1,2
2161,416,1,2
2161,417,1,2
2161,418,1,2
2161,419,1,2
2161,420,1,2
2161,421,1,2
2161,422,1,2
2161,423,1,2
2161,424,1,2
2161,425,1,2
2161,426,1,2
2161,427,1,2
2161,428,1,2
2161,429,1,2
2161,430,1,2
2161,431,1,2
2161,432,1,2
2161,433,1,2
2161,434,1,2
2161,435,1,2
2161,436,1,2
2161,437,1,2
2161,438,1,2
2161,439,1,2
2161,440,1,2
2161,441,1,2
2161,442,1,2
2161,443,1,2
2161,444,1,2
2161,445,1,2
2161,446,1,2
2161,447,1,2
2161,448,1,2
2161,449,1,2
2161,450,1,2
2161,451,1,2
2161,452,1,2
2161,453,1,2
2161,454,1,2
2161,455,1,2
2161,456,1,2
2161,457,1,2
2161,458,1,2
2161,459,1,2
2161,460,1,2
2161,461,1,2
2161,462,1,2
2161,463,1,2
2161,464,1,2
2161,465,1,2
2161,466,1,2
2161,467,1,2
2161,468,1,2
2161,469,1,2
2161,470,1,2
2161,471,1,2
2161,472,1,2
2161,473,1,2
2161,474,1,2
2161,475,1,2
2161,476,1,2
2161,477,1,2
2161,478,1,2
2161,479,1,2
2161,480,1,2
2161,481,1,2
2161,482,1,2
2161,483,1,2
2161,484,1,2
2161,485,1,2
2161,486,1,2
2161,487,1,2
2161,488,1,2
2161,489,1,2
2161,490,1,2
2161,491,1,2
2161,492,1,2
2161,493,1,2
2161,494,1,2
2161,495,1,2
2161,496,1,2
2161,497,1,2
2161,498,1,2
2161,499,1,2
2161,500,1,2
2161,501,1,2
2161,502,1,2
2161,503,1,2
2161,504,1,2
2161,505,1,2
2161,506,1,2
2161,507,1,2
2161,508,1,2
2161,509,1,2
2161,510,1,2
2161,511,1,2
2161,512,1,2
2161,513,1,2
2161,514,1,2
2161,515,1,2
2161,516,1,2
2161,517,1,2
2161,518,1,2
2161,519,1,2
2161,520,1,2
2161,521,1,2
2161,522,1,2
2161,523,1,2
2161,524,1,2
2161,525,1,2
2161,526,1,2
2161,527,1,2
2161,528,1,2
2161,529,1,2
2161,530,1,2
2161,531,1,2
2161,532,1,2
2161,533,1,2
2161,534,1,2
2161,535,1,2
2161,536,1,2
2161,537,1,2
2161,538,1,2
2161,539,1,2
2161,540,1,2
2161,541,1,2
2161,542,1,2
2161,543,1,2
2161,544,1,2
2161,545,1,2
2162,184,1,2
2162,185,1,2
2162,186,1,2
2162,187,1,2
2162,188,1,2
2162,189,1,2
2162,190,1,2
2162,191,1,2
2162,192,1,2
2162,193,1,2
2162,194,1,2
2162,195,1,2
2162,196,1,2
2162,197,1,2
2162,198,1,2
2162,199,1,2
2162,200,1,2
2162,201,1,2
2162,202,1,2
2162,203,1,2
2162,204,1,2
2162,205,1,2
2162,206,1,2
2162,207,1,2
2162,208,1,2
2162,209,1,2
2162,210,1,2
2162,211,1,2
2162,212,1,2
2162,213,1,2
2162,214,1,2
2162,215,1,2
2162,216,1,2
2162,217,1,2
2162,218,1,2
2162,219,1,2
2162,220,1,2
2162,221,1,2
2162,222,1,2
2162,223,1,2
2162,224,1,2
2162,225,1,2
2162,226,1,2
2162,227,1,2
2162,228,1,2
2162,229,1,2
2162,230,1,2
2162,231,1,2
2162,232,1,2
2162,233,1,2
2162,234,1,2
2162,235,1,2
2162,236,1,2
2162,237,1,2
2162,238,1,2
2162,239,1,2
2162,240,1,2
2162,241,1,2
2162,242,1,2
2162,243,1,2
2162,244,1,2
2162,245,1,2
2162,246,1,2
2162,247,1,2
2162,248,1,2
2162,249,1,2
2162,250,1,2
2162,251,1,2
2162,252,1,2
2162,253,1,2
2162,254,1,2
2162,255,1,2
2162,256,1,2
2162,257,1,2
2162,258,1,2
2162,259,1,2
2162,260,1,2
2162,261,1,2
2162,262,1,2
2162,263,1,2
2162,264,1,2
2162,265,1,2
2162,266,1,2
2162,267,1,2
2162,268,1,2
2162,269,1,2
2162,270,1,2
2162,271,1,2
2162,272,1,2
2162,273,1,2
2162,274,1,2
2162,275,1,2
2162,276,1,2
2162,277,1,2
2162,278,1,2
2162,279,1,2
2162,280,1,2
2162,281,1,2
2162,282,1,2
2162,283,1,2
2162,284,1,2
2162,285,1,2
2162,286,1,2
2162,287,1,2
2162,288,1,2
2162,289,1,2
2162,290,1,2
2162,291,1,2
2162,292,1,2
2162,293,1,2
2162,294,1,2
2162,295,1,2
2162,296,1,2
2162,297,1,2
2162,298,1,2
2162,299,1,2
2162,300,1,2
2162,301,1,2
2162,302,1,2
2162,303,1,2
2162,304,1,2
2162,305,1,2
2162,306,1,2
2162,307,1,2
2162,308,1,2
2162,309,1,2
2162,310,1,2
2162,311,1,2
2162,312,1,2
2162,313,1,2
2162,314,1,2
2162,315,1,2
2162,316,1,2
2162,317,1,2
2162,318,1,2
2162,319,1,2
2162,320,1,2
2162,321,1,2
2162,322,1,2
2162,323,1,2
2162,324,1,2
2162,325,1,2
2162,326,1,2
2162,327,1,2
2162,328,1,2
2162,329,1,2
2162,330,1,2
2162,331,1,2
2162,332,1,2
2162,333,1,2
2162,334,1,2
2162,335,1,2
2162,336,1,2
2162,337,1,2
2162,338,1,2
2162,339,1,2
2162,340,1,2
2162,341,1,2
2162,342,1,2
2162,343,1,2
2162,344,1,2
2162,345,1,2
2162,346,1,2
2162,347,1,2
2162,348,1,2
2162,349,1,2
2162,350,1,2
2162,351,1,2
2162,352,1,2
2162,353,1,2
2162,354,1,2
2162,355,1,2
2162,356,1,2
2162,357,1,2
2162,358,1,2
2162,359,1,2
2162,360,1,2
2162,361,1,2
2162,362,1,2
2162,363,1,2
2162,364,1,2
2162,365,1,2
2162,366,1,2
2162,367,1,2
2162,368,1,2
2162,369,1,2
2162,370,1,2
2162,371,1,2
2162,372,1,2
2162,373,1,2
2162,374,1,2
2162,375,1,2
2162,376,1,2
2162,377,1,2
2162,378,1,2
2162,379,1,2
2162,380,1,2
2162,381,1,2
2162,382,1,2
2162,383,1,2
2162,384,1,2
2162,385,1,2
2162,386,1,2
2162,387,1,2
2162,388,1,2
2162,389,1,2
2162,390,1,2
2162,391,1,2
2162,392,1,2
2162,393,1,2
2162,394,1,2
2162,395,1,2
2162,396,1,2
2162,397,1,2
2162,398,1,2
2162,399,1,2
2162,400,1,2
2162,401,1,2
2162,402,1,2
2162,403,1,2
2162,404,1,2
2162,405,1,2
2162,406,1,2
2162,407,1,2
2162,408,1,2
2162,409,1,2
2162,410,1,2
2162,411,1,2
2162,412,1,2
2162,413,1,2
2162,414,1,2
2162,415,1,2
2162,416,1,2
2162,417,1,2
2162,418,1,2
2162,419,1,2
2162,420,1,2
2162,421,1,2
2162,422,1,2
2162,423,1,2
2162,424,1,2
2162,425,1,2
2162,426,1,2
2162,427,1,2
2162,428,1,2
2162,429,1,2
2162,430,1,2
2162,431,1,2
2162,432,1,2
2162,433,1,2
2162,434,1,2
2162,435,1,2
2162,436,1,2
2162,437,1,2
2162,438,1,2
2162,439,1,2
2162,440,1,2
2162,441,1,2
2162,442,1,2
2162,443,1,2
2162,444,1,2
2162,445,1,2
2162,446,1,2
2162,447,1,2
2162,448,1,2
2162,449,1,2
2162,450,1,2
2162,451,1,2
2162,452,1,2
2162,453,1,2
2162,454,1,2
2162,455,1,2
2162,456,1,2
2162,457,1,2
2162,458,1,2
2162,459,1,2
2162,460,1,2
2162,461,1,2
2162,462,1,2
2162,463,1,2
2162,464,1,2
2162,465,1,2
2162,466,1,2
2162,467,1,2
2162,468,1,2
2162,469,1,2
2162,470,1,2
2162,471,1,2
2162,472,1,2
2162,473,1,2
2162,474,1,2
2162,475,1,2
2162,476,1,2
2162,477,1,2
2162,478,1,2
2162,479,1,2
2162,480,1,2
2162,481,1,2
2162,482,1,2
2162,483,1,2
2162,484,1,2
2162,485,1,2
2162,486,1,2
2162,487,1,2
2162,488,1,2
2162,489,1,2
2162,490,1,2
2162,491,1,2
2162,492,1,2
2162,493,1,2
2162,494,1,2
2162,495,1,2
2162,496,1,2
2162,497,1,2
2162,498,1,2
2162,499,1,2
2162,500,1,2
2162,501,1,2
2162,502,1,2
2162,503,1,2
2162,504,1,2
2162,505,1,2
2162,506,1,2
2162,507,1,2
2162,508,1,2
2162,509,1,2
2162,510,1,2
2162,511,1,2
2162,512,1,2
2162,513,1,2
2162,514,1,2
2162,515,1,2
2162,516,1,2
2162,517,1,2
2162,518,1,2
2162,519,1,2
2162,520,1,2
2162,521,1,2
2162,522,1,2
2162,523,1,2
2162,524,1,2
2162,525,1,2
2162,526,1,2
2162,527,1,2
2162,528,1,2
2162,529,1,2
2162,530,1,2
2162,531,1,2
2162,532,1,2
2162,533,1,2
2162,534,1,2
2162,535,1,2
2162,536,1,2
2162,537,1,2
2162,538,1,2
2162,539,1,2
2162,540,1,2
2162,541,1,2
2162,542,1,2
2162,543,1,2
2162,544,1,2
2163,185,1,2
2163,186,1,2
2163,187,1,2
2163,188,1,2
2163,189,1,2
2163,190,1,2
2163,191,1,2
2163,192,1,2
2163,193,1,2
2163,194,1,2
2163,195,1,2
2163,196,1,2
2163,197,1,2
2163,198,1,2
2163,199,1,2
2163,200,1,2
2163,201,1,2
2163,202,1,2
2163,203,1,2
2163,204,1,2
2163,205,1,2
2163,206,1,2
2163,207,1,2
2163,208,1,2
2163,209,1,2
2163,210,1,2
2163,211,1,2
2163,212,1,2
2163,213,1,2
2163,214,1,2
2163,215,1,2
2163,216,1,2
2163,217,1,2
2163,218,1,2
2163,219,1,2
2163,220,1,2
2163,221,1,2
2163,222,1,2
2163,223,1,2
2163,224,1,2
2163,225,1,2
2163,226,1,2
2163,227,1,2
2163,228,1,2
2163,229,1,2
2163,230,1,2
2163,231,1,2
2163,232,1,2
2163,233,1,2
2163,234,1,2
2163,235,1,2
2163,236,1,2
2163,237,1,2
2163,238,1,2
2163,239,1,2
2163,240,1,2
2163,241,1,2
2163,242,1,2
2163,243,1,2
2163,244,1,2
2163,245,1,2
2163,246,1,2
2163,247,1,2
2163,248,1,2
2163,249,1,2
2163,250,1,2
2163,251,1,2
2163,252,1,2
2163,253,1,2
2163,254,1,2
2163,255,1,2
2163,256,1,2
2163,257,1,2
2163,258,1,2
2163,259,1,2
2163,260,1,2
2163,261,1,2
2163,262,1,2
2163,263,1,2
2163,264,1,2
2163,265,1,2
2163,266,1,2
2163,267,1,2
2163,268,1,2
2163,269,1,2
2163,270,1,2
2163,271,1,2
2163,272,1,2
2163,273,1,2
2163,274,1,2
2163,275,1,2
2163,276,1,2
2163,277,1,2
2163,278,1,2
2163,279,1,2
2163,280,1,2
2163,281,1,2
2163,282,1,2
2163,283,1,2
2163,284,1,2
2163,285,1,2
2163,286,1,2
2163,287,1,2
2163,288,1,2
2163,289,1,2
2163,290,1,2
2163,291,1,2
2163,292,1,2
2163,293,1,2
2163,294,1,2
2163,295,1,2
2163,296,1,2
2163,297,1,2
2163,298,1,2
2163,299,1,2
2163,300,1,2
2163,301,1,2
2163,302,1,2
2163,303,1,2
2163,304,1,2
2163,305,1,2
2163,306,1,2
2163,307,1,2
2163,308,1,2
2163,309,1,2
2163,310,1,2
2163,311,1,2
2163,312,1,2
2163,313,1,2
2163,314,1,2
2163,315,1,2
2163,316,1,2
2163,317,1,2
2163,318,1,2
2163,319,1,2
2163,320,1,2
2163,321,1,2
2163,322,1,2
2163,323,1,2
2163,324,1,2
2163,325,1,2
2163,326,1,2
2163,327,1,2
2163,328,1,2
2163,329,1,2
2163,330,1,2
2163,331,1,2
2163,332,1,2
2163,333,1,2
2163,334,1,2
2163,335,1,2
2163,336,1,2
2163,337,1,2
2163,338,1,2
2163,339,1,2
2163,340,1,2
2163,341,1,2
2163,342,1,2
2163,343,1,2
2163,344,1,2
2163,345,1,2
2163,346,1,2
2163,347,1,2
2163,348,1,2
2163,349,1,2
2163,350,1,2
2163,351,1,2
2163,352,1,2
2163,353,1,2
2163,354,1,2
2163,355,1,2
2163,356,1,2
2163,357,1,2
2163,358,1,2
2163,359,1,2
2163,360,1,2
2163,361,1,2
2163,362,1,2
2163,363,1,2
2163,364,1,2
2163,365,1,2
2163,366,1,2
2163,367,1,2
2163,368,1,2
2163,369,1,2
2163,370,1,2
2163,371,1,2
2163,372,1,2
2163,373,1,2
2163,374,1,2
2163,375,1,2
2163,376,1,2
2163,377,1,2
2163,378,1,2
2163,379,1,2
2163,380,1,2
2163,381,1,2
2163,382,1,2
2163,383,1,2
2163,384,1,2
2163,385,1,2
2163,386,1,2
2163,387,1,2
2163,388,1,2
2163,389,1,2
2163,390,1,2
2163,391,1,2
2163,392,1,2
2163,393,1,2
2163,394,1,2
2163,395,1,2
2163,396,1,2
2163,397,1,2
2163,398,1,2
2163,399,1,2
2163,400,1,2
2163,401,1,2
2163,402,1,2
2163,403,1,2
2163,404,1,2
2163,405,1,2
2163,406,1,2
2163,407,1,2
2163,408,1,2
2163,409,1,2
2163,410,1,2
2163,411,1,2
2163,412,1,2
2163,413,1,2
2163,414,1,2
2163,415,1,2
2163,416,1,2
2163,417,1,2
2163,418,1,2
2163,419,1,2
2163,420,1,2
2163,421,1,2
2163,422,1,2
2163,423,1,2
2163,424,1,2
2163,425,1,2
2163,426,1,2
2163,427,1,2
2163,428,1,2
2163,429,1,2
2163,430,1,2
2163,431,1,2
2163,432,1,2
2163,433,1,2
2163,434,1,2
2163,435,1,2
2163,436,1,2
2163,437,1,2
2163,438,1,2
2163,439,1,2
2163,440,1,2
2163,441,1,2
2163,442,1,2
2163,443,1,2
2163,444,1,2
2163,445,1,2
2163,446,1,2
2163,447,1,2
2163,448,1,2
2163,449,1,2
2163,450,1,2
2163,451,1,2
2163,452,1,2
2163,453,1,2
2163,454,1,2
2163,455,1,2
2163,456,1,2
2163,457,1,2
2163,458,1,2
2163,459,1,2
2163,460,1,2
2163,461,1,2
2163,462,1,2
2163,463,1,2
2163,464,1,2
2163,465,1,2
2163,466,1,2
2163,467,1,2
2163,468,1,2
2163,469,1,2
2163,470,1,2
2163,471,1,2
2163,472,1,2
2163,473,1,2
2163,474,1,2
2163,475,1,2
2163,476,1,2
2163,477,1,2
2163,478,1,2
2163,479,1,2
2163,480,1,2
2163,481,1,2
2163,482,1,2
2163,483,1,2
2163,484,1,2
2163,485,1,2
2163,486,1,2
2163,487,1,2
2163,488,1,2
2163,489,1,2
2163,490,1,2
2163,491,1,2
2163,492,1,2
2163,493,1,2
2163,494,1,2
2163,495,1,2
2163,496,1,2
2163,497,1,2
2163,498,1,2
2163,499,1,2
2163,500,1,2
2163,501,1,2
2163,502,1,2
2163,503,1,2
2163,504,1,2
2163,505,1,2
2163,506,1,2
2163,507,1,2
2163,508,1,2
2163,509,1,2
2163,510,1,2
2163,511,1,2
2163,512,1,2
2163,513,1,2
2163,514,1,2
2163,515,1,2
2163,516,1,2
2163,517,1,2
2163,518,1,2
2163,519,1,2
2163,520,1,2
2163,521,1,2
2163,522,1,2
2163,523,1,2
2163,524,1,2
2163,525,1,2
2163,526,1,2
2163,527,1,2
2163,528,1,2
2163,529,1,2
2163,530,1,2
2163,531,1,2
2163,532,1,2
2163,533,1,2
2163,534,1,2
2163,535,1,2
2163,536,1,2
2163,537,1,2
2163,538,1,2
2163,539,1,2
2163,540,1,2
2163,541,1,2
2163,542,1,2
2163,543,1,2
2163,544,1,2
2164,185,1,2
2164,186,1,2
2164,187,1,2
2164,188,1,2
2164,189,1,2
2164,190,1,2
2164,191,1,2
2164,192,1,2
2164,193,1,2
2164,194,1,2
2164,195,1,2
2164,196,1,2
2164,197,1,2
2164,198,1,2
2164,199,1,2
2164,200,1,2
2164,201,1,2
2164,202,1,2
2164,203,1,2
2164,204,1,2
2164,205,1,2
2164,206,1,2
2164,207,1,2
2164,208,1,2
2164,209,1,2
2164,210,1,2
2164,211,1,2
2164,212,1,2
2164,213,1,2
2164,214,1,2
2164,215,1,2
2164,216,1,2
2164,217,1,2
2164,218,1,2
2164,219,1,2
2164,220,1,2
2164,221,1,2
2164,222,1,2
2164,223,1,2
2164,224,1,2
2164,225,1,2
2164,226,1,2
2164,227,1,2
2164,228,1,2
2164,229,1,2
2164,230,1,2
2164,231,1,2
2164,232,1,2
2164,233,1,2
2164,234,1,2
2164,235,1,2
2164,236,1,2
2164,237,1,2
2164,238,1,2
2164,239,1,2
2164,240,1,2
2164,241,1,2
2164,242,1,2
2164,243,1,2
2164,244,1,2
2164,245,1,2
2164,246,1,2
2164,247,1,2
2164,248,1,2
2164,249,1,2
2164,250,1,2
2164,251,1,2
2164,252,1,2
2164,253,1,2
2164,254,1,2
2164,255,1,2
2164,256,1,2
2164,257,1,2
2164,258,1,2
2164,259,1,2
2164,260,1,2
2164,261,1,2
2164,262,1,2
2164,263,1,2
2164,264,1,2
2164,265,1,2
2164,266,1,2
2164,267,1,2
2164,268,1,2
2164,269,1,2
2164,270,1,2
2164,271,1,2
2164,272,1,2
2164,273,1,2
2164,274,1,2
2164,275,1,2
2164,276,1,2
2164,277,1,2
2164,278,1,2
2164,279,1,2
2164,280,1,2
2164,281,1,2
2164,282,1,2
2164,283,1,2
2164,284,1,2
2164,285,1,2
2164,286,1,2
2164,287,1,2
2164,288,1,2
2164,289,1,2
2164,290,1,2
2164,291,1,2
2164,292,1,2
2164,293,1,2
2164,294,1,2
2164,295,1,2
2164,296,1,2
2164,297,1,2
2164,298,1,2
2164,299,1,2
2164,300,1,2
2164,301,1,2
2164,302,1,2
2164,303,1,2
2164,304,1,2
2164,305,1,2
2164,306,1,2
2164,307,1,2
2164,308,1,2
2164,309,1,2
2164,310,1,2
2164,311,1,2
2164,312,1,2
2164,313,1,2
2164,314,1,2
2164,315,1,2
2164,316,1,2
2164,317,1,2
2164,318,1,2
2164,319,1,2
2164,320,1,2
2164,321,1,2
2164,322,1,2
2164,323,1,2
2164,324,1,2
2164,325,1,2
2164,326,1,2
2164,327,1,2
2164,328,1,2
2164,329,1,2
2164,330,1,2
2164,331,1,2
2164,332,1,2
2164,333,1,2
2164,334,1,2
2164,335,1,2
2164,336,1,2
2164,337,1,2
2164,338,1,2
2164,339,1,2
2164,340,1,2
2164,341,1,2
2164,342,1,2
2164,343,1,2
2164,344,1,2
2164,345,1,2
2164,346,1,2
2164,347,1,2
2164,348,1,2
2164,349,1,2
2164,350,1,2
2164,351,1,2
2164,352,1,2
2164,353,1,2
2164,354,1,2
2164,355,1,2
2164,356,1,2
2164,357,1,2
2164,358,1,2
2164,359,1,2
2164,360,1,2
2164,361,1,2
2164,362,1,2
2164,363,1,2
2164,364,1,2
2164,365,1,2
2164,366,1,2
2164,367,1,2
2164,368,1,2
2164,369,1,2
2164,370,1,2
2164,371,1,2
2164,372,1,2
2164,373,1,2
2164,374,1,2
2164,375,1,2
2164,376,1,2
2164,377,1,2
2164,378,1,2
2164,379,1,2
2164,380,1,2
2164,381,1,2
2164,382,1,2
2164,383,1,2
2164,384,1,2
2164,385,1,2
2164,386,1,2
2164,387,1,2
2164,388,1,2
2164,389,1,2
2164,390,1,2
2164,391,1,2
2164,392,1,2
2164,393,1,2
2164,394,1,2
2164,395,1,2
2164,396,1,2
2164,397,1,2
2164,398,1,2
2164,399,1,2
2164,400,1,2
2164,401,1,2
2164,402,1,2
2164,403,1,2
2164,404,1,2
2164,405,1,2
2164,406,1,2
2164,407,1,2
2164,408,1,2
2164,409,1,2
2164,410,1,2
2164,411,1,2
2164,412,1,2
2164,413,1,2
2164,414,1,2
2164,415,1,2
2164,416,1,2
2164,417,1,2
2164,418,1,2
2164,419,1,2
2164,420,1,2
2164,421,1,2
2164,422,1,2
2164,423,1,2
2164,424,1,2
2164,425,1,2
2164,426,1,2
2164,427,1,2
2164,428,1,2
2164,429,1,2
2164,430,1,2
2164,431,1,2
2164,432,1,2
2164,433,1,2
2164,434,1,2
2164,435,1,2
2164,436,1,2
2164,437,1,2
2164,438,1,2
2164,439,1,2
2164,440,1,2
2164,441,1,2
2164,442,1,2
2164,443,1,2
2164,444,1,2
2164,445,1,2
2164,446,1,2
2164,447,1,2
2164,448,1,2
2164,449,1,2
2164,450,1,2
2164,451,1,2
2164,452,1,2
2164,453,1,2
2164,454,1,2
2164,455,1,2
2164,456,1,2
2164,457,1,2
2164,458,1,2
2164,459,1,2
2164,460,1,2
2164,461,1,2
2164,462,1,2
2164,463,1,2
2164,464,1,2
2164,465,1,2
2164,466,1,2
2164,467,1,2
2164,468,1,2
2164,469,1,2
2164,470,1,2
2164,471,1,2
2164,472,1,2
2164,473,1,2
2164,474,1,2
2164,475,1,2
2164,476,1,2
2164,477,1,2
2164,478,1,2
2164,479,1,2
2164,480,1,2
2164,481,1,2
2164,482,1,2
2164,483,1,2
2164,484,1,2
2164,485,1,2
2164,486,1,2
2164,487,1,2
2164,488,1,2
2164,489,1,2
2164,490,1,2
2164,491,1,2
2164,492,1,2
2164,493,1,2
2164,494,1,2
2164,495,1,2
2164,496,1,2
2164,497,1,2
2164,498,1,2
2164,499,1,2
2164,500,1,2
2164,501,1,2
2164,502,1,2
2164,503,1,2
2164,504,1,2
2164,505,1,2
2164,506,1,2
2164,507,1,2
2164,508,1,2
2164,509,1,2
2164,510,1,2
2164,511,1,2
2164,512,1,2
2164,513,1,2
2164,514,1,2
2164,515,1,2
2164,516,1,2
2164,517,1,2
2164,518,1,2
2164,519,1,2
2164,520,1,2
2164,521,1,2
2164,522,1,2
2164,523,1,2
2164,524,1,2
2164,525,1,2
2164,526,1,2
2164,527,1,2
2164,528,1,2
2164,529,1,2
2164,530,1,2
2164,531,1,2
2164,532,1,2
2164,533,1,2
2164,534,1,2
2164,535,1,2
2164,536,1,2
2164,537,1,2
2164,538,1,2
2164,539,1,2
2164,540,1,2
2164,541,1,2
2164,542,1,2
2164,543,1,2
2164,544,1,2
2165,186,1,2
2165,187,1,2
2165,188,1,2
2165,189,1,2
2165,190,1,2
2165,191,1,2
2165,192,1,2
2165,193,1,2
2165,194,1,2
2165,195,1,2
2165,196,1,2
2165,197,1,2
2165,198,1,2
2165,199,1,2
2165,200,1,2
2165,201,1,2
2165,202,1,2
2165,203,1,2
2165,204,1,2
2165,205,1,2
2165,206,1,2
2165,207,1,2
2165,208,1,2
2165,209,1,2
2165,210,1,2
2165,211,1,2
2165,212,1,2
2165,213,1,2
2165,214,1,2
2165,215,1,2
2165,216,1,2
2165,217,1,2
2165,218,1,2
2165,219,1,2
2165,220,1,2
2165,221,1,2
2165,222,1,2
2165,223,1,2
2165,224,1,2
2165,225,1,2
2165,226,1,2
2165,227,1,2
2165,228,1,2
2165,229,1,2
2165,230,1,2
2165,231,1,2
2165,232,1,2
2165,233,1,2
2165,234,1,2
2165,235,1,2
2165,236,1,2
2165,237,1,2
2165,238,1,2
2165,239,1,2
2165,240,1,2
2165,241,1,2
2165,242,1,2
2165,243,1,2
2165,244,1,2
2165,245,1,2
2165,246,1,2
2165,247,1,2
2165,248,1,2
2165,249,1,2
2165,250,1,2
2165,251,1,2
2165,252,1,2
2165,253,1,2
2165,254,1,2
2165,255,1,2
2165,256,1,2
2165,257,1,2
2165,258,1,2
2165,259,1,2
2165,260,1,2
2165,261,1,2
2165,262,1,2
2165,263,1,2
2165,264,1,2
2165,265,1,2
2165,266,1,2
2165,267,1,2
2165,268,1,2
2165,269,1,2
2165,270,1,2
2165,271,1,2
2165,272,1,2
2165,273,1,2
2165,274,1,2
2165,275,1,2
2165,276,1,2
2165,277,1,2
2165,278,1,2
2165,279,1,2
2165,280,1,2
2165,281,1,2
2165,282,1,2
2165,283,1,2
2165,284,1,2
2165,285,1,2
2165,286,1,2
2165,287,1,2
2165,288,1,2
2165,289,1,2
2165,290,1,2
2165,291,1,2
2165,292,1,2
2165,293,1,2
2165,294,1,2
2165,295,1,2
2165,296,1,2
2165,297,1,2
2165,298,1,2
2165,299,1,2
2165,300,1,2
2165,301,1,2
2165,302,1,2
2165,303,1,2
2165,304,1,2
2165,305,1,2
2165,306,1,2
2165,307,1,2
2165,308,1,2
2165,309,1,2
2165,310,1,2
2165,311,1,2
2165,312,1,2
2165,313,1,2
2165,314,1,2
2165,315,1,2
2165,316,1,2
2165,317,1,2
2165,318,1,2
2165,319,1,2
2165,320,1,2
2165,321,1,2
2165,322,1,2
2165,323,1,2
2165,324,1,2
2165,325,1,2
2165,326,1,2
2165,327,1,2
2165,328,1,2
2165,329,1,2
2165,330,1,2
2165,331,1,2
2165,332,1,2
2165,333,1,2
2165,334,1,2
2165,335,1,2
2165,336,1,2
2165,337,1,2
2165,338,1,2
2165,339,1,2
2165,340,1,2
2165,341,1,2
2165,342,1,2
2165,343,1,2
2165,344,1,2
2165,345,1,2
2165,346,1,2
2165,347,1,2
2165,348,1,2
2165,349,1,2
2165,350,1,2
2165,351,1,2
2165,352,1,2
2165,353,1,2
2165,354,1,2
2165,355,1,2
2165,356,1,2
2165,357,1,2
2165,358,1,2
2165,359,1,2
2165,360,1,2
2165,361,1,2
2165,362,1,2
2165,363,1,2
2165,364,1,2
2165,365,1,2
2165,366,1,2
2165,367,1,2
2165,368,1,2
2165,369,1,2
2165,370,1,2
2165,371,1,2
2165,372,1,2
2165,373,1,2
2165,374,1,2
2165,375,1,2
2165,376,1,2
2165,377,1,2
2165,378,1,2
2165,379,1,2
2165,380,1,2
2165,381,1,2
2165,382,1,2
2165,383,1,2
2165,384,1,2
2165,385,1,2
2165,386,1,2
2165,387,1,2
2165,388,1,2
2165,389,1,2
2165,390,1,2
2165,391,1,2
2165,392,1,2
2165,393,1,2
2165,394,1,2
2165,395,1,2
2165,396,1,2
2165,397,1,2
2165,398,1,2
2165,399,1,2
2165,400,1,2
2165,401,1,2
2165,402,1,2
2165,403,1,2
2165,404,1,2
2165,405,1,2
2165,406,1,2
2165,407,1,2
2165,408,1,2
2165,409,1,2
2165,410,1,2
2165,411,1,2
2165,412,1,2
2165,413,1,2
2165,414,1,2
2165,415,1,2
2165,416,1,2
2165,417,1,2
2165,418,1,2
2165,419,1,2
2165,420,1,2
2165,421,1,2
2165,422,1,2
2165,423,1,2
2165,424,1,2
2165,425,1,2
2165,426,1,2
2165,427,1,2
2165,428,1,2
2165,429,1,2
2165,430,1,2
2165,431,1,2
2165,432,1,2
2165,433,1,2
2165,434,1,2
2165,435,1,2
2165,436,1,2
2165,437,1,2
2165,438,1,2
2165,439,1,2
2165,440,1,2
2165,441,1,2
2165,442,1,2
2165,443,1,2
2165,444,1,2
2165,445,1,2
2165,446,1,2
2165,447,1,2
2165,448,1,2
2165,449,1,2
2165,450,1,2
2165,451,1,2
2165,452,1,2
2165,453,1,2
2165,454,1,2
2165,455,1,2
2165,456,1,2
2165,457,1,2
2165,458,1,2
2165,459,1,2
2165,460,1,2
2165,461,1,2
2165,462,1,2
2165,463,1,2
2165,464,1,2
2165,465,1,2
2165,466,1,2
2165,467,1,2
2165,468,1,2
2165,469,1,2
2165,470,1,2
2165,471,1,2
2165,472,1,2
2165,473,1,2
2165,474,1,2
2165,475,1,2
2165,476,1,2
2165,477,1,2
2165,478,1,2
2165,479,1,2
2165,480,1,2
2165,481,1,2
2165,482,1,2
2165,483,1,2
2165,484,1,2
2165,485,1,2
2165,486,1,2
2165,487,1,2
2165,488,1,2
2165,489,1,2
2165,490,1,2
2165,491,1,2
2165,492,1,2
2165,493,1,2
2165,494,1,2
2165,495,1,2
2165,496,1,2
2165,497,1,2
2165,498,1,2
2165,499,1,2
2165,500,1,2
2165,501,1,2
2165,502,1,2
2165,503,1,2
2165,504,1,2
2165,505,1,2
2165,506,1,2
2165,507,1,2
2165,508,1,2
2165,509,1,2
2165,510,1,2
2165,511,1,2
2165,512,1,2
2165,513,1,2
2165,514,1,2
2165,515,1,2
2165,516,1,2
2165,517,1,2
2165,518,1,2
2165,519,1,2
2165,520,1,2
2165,521,1,2
2165,522,1,2
2165,523,1,2
2165,524,1,2
2165,525,1,2
2165,526,1,2
2165,527,1,2
2165,528,1,2
2165,529,1,2
2165,530,1,2
2165,531,1,2
2165,532,1,2
2165,533,1,2
2165,534,1,2
2165,535,1,2
2165,536,1,2
2165,537,1,2
2165,538,1,2
2165,539,1,2
2165,540,1,2
2165,541,1,2
2165,542,1,2
2165,543,1,2
2165,544,1,2
2166,188,1,2
2166,189,1,2
2166,190,1,2
2166,191,1,2
2166,192,1,2
2166,193,1,2
2166,194,1,2
2166,195,1,2
2166,196,1,2
2166,197,1,2
2166,198,1,2
2166,199,1,2
2166,200,1,2
2166,201,1,2
2166,202,1,2
2166,203,1,2
2166,204,1,2
2166,205,1,2
2166,206,1,2
2166,207,1,2
2166,208,1,2
2166,209,1,2
2166,210,1,2
2166,211,1,2
2166,212,1,2
2166,213,1,2
2166,214,1,2
2166,215,1,2
2166,216,1,2
2166,217,1,2
2166,218,1,2
2166,219,1,2
2166,220,1,2
2166,221,1,2
2166,222,1,2
2166,223,1,2
2166,224,1,2
2166,225,1,2
2166,226,1,2
2166,227,1,2
2166,228,1,2
2166,229,1,2
2166,230,1,2
2166,231,1,2
2166,232,1,2
2166,233,1,2
2166,234,1,2
2166,235,1,2
2166,236,1,2
2166,237,1,2
2166,238,1,2
2166,239,1,2
2166,240,1,2
2166,241,1,2
2166,242,1,2
2166,243,1,2
2166,244,1,2
2166,245,1,2
2166,246,1,2
2166,247,1,2
2166,248,1,2
2166,249,1,2
2166,250,1,2
2166,251,1,2
2166,252,1,2
2166,253,1,2
2166,254,1,2
2166,255,1,2
2166,256,1,2
2166,257,1,2
2166,258,1,2
2166,259,1,2
2166,260,1,2
2166,261,1,2
2166,262,1,2
2166,263,1,2
2166,264,1,2
2166,265,1,2
2166,266,1,2
2166,267,1,2
2166,268,1,2
2166,269,1,2
2166,270,1,2
2166,271,1,2
2166,272,1,2
2166,273,1,2
2166,274,1,2
2166,275,1,2
2166,276,1,2
2166,277,1,2
2166,278,1,2
2166,279,1,2
2166,280,1,2
2166,281,1,2
2166,282,1,2
2166,283,1,2
2166,284,1,2
2166,285,1,2
2166,286,1,2
2166,287,1,2
2166,288,1,2
2166,289,1,2
2166,290,1,2
2166,291,1,2
2166,292,1,2
2166,293,1,2
2166,294,1,2
2166,295,1,2
2166,296,1,2
2166,297,1,2
2166,298,1,2
2166,299,1,2
2166,300,1,2
2166,301,1,2
2166,302,1,2
2166,303,1,2
2166,304,1,2
2166,305,1,2
2166,306,1,2
2166,307,1,2
2166,308,1,2
2166,309,1,2
2166,310,1,2
2166,311,1,2
2166,312,1,2
2166,313,1,2
2166,314,1,2
2166,315,1,2
2166,316,1,2
2166,317,1,2
2166,318,1,2
2166,319,1,2
2166,320,1,2
2166,321,1,2
2166,322,1,2
2166,323,1,2
2166,324,1,2
2166,325,1,2
2166,326,1,2
2166,327,1,2
2166,328,1,2
2166,329,1,2
2166,330,1,2
2166,331,1,2
2166,332,1,2
2166,333,1,2
2166,334,1,2
2166,335,1,2
2166,336,1,2
2166,337,1,2
2166,338,1,2
2166,339,1,2
2166,340,1,2
2166,341,1,2
2166,342,1,2
2166,343,1,2
2166,344,1,2
2166,345,1,2
2166,346,1,2
2166,347,1,2
2166,348,1,2
2166,349,1,2
2166,350,1,2
2166,351,1,2
2166,352,1,2
2166,353,1,2
2166,354,1,2
2166,355,1,2
2166,356,1,2
2166,357,1,2
2166,358,1,2
2166,359,1,2
2166,360,1,2
2166,361,1,2
2166,362,1,2
2166,363,1,2
2166,364,1,2
2166,365,1,2
2166,366,1,2
2166,367,1,2
2166,368,1,2
2166,369,1,2
2166,370,1,2
2166,371,1,2
2166,372,1,2
2166,373,1,2
2166,374,1,2
2166,375,1,2
2166,376,1,2
2166,377,1,2
2166,378,1,2
2166,379,1,2
2166,380,1,2
2166,381,1,2
2166,382,1,2
2166,383,1,2
2166,384,1,2
2166,385,1,2
2166,386,1,2
2166,387,1,2
2166,388,1,2
2166,389,1,2
2166,390,1,2
2166,391,1,2
2166,392,1,2
2166,393,1,2
2166,394,1,2
2166,395,1,2
2166,396,1,2
2166,397,1,2
2166,398,1,2
2166,399,1,2
2166,400,1,2
2166,401,1,2
2166,402,1,2
2166,403,1,2
2166,404,1,2
2166,405,1,2
2166,406,1,2
2166,407,1,2
2166,408,1,2
2166,409,1,2
2166,410,1,2
2166,411,1,2
2166,412,1,2
2166,413,1,2
2166,414,1,2
2166,415,1,2
2166,416,1,2
2166,417,1,2
2166,418,1,2
2166,419,1,2
2166,420,1,2
2166,421,1,2
2166,422,1,2
2166,423,1,2
2166,424,1,2
2166,425,1,2
2166,426,1,2
2166,427,1,2
2166,428,1,2
2166,429,1,2
2166,430,1,2
2166,431,1,2
2166,432,1,2
2166,433,1,2
2166,434,1,2
2166,435,1,2
2166,436,1,2
2166,437,1,2
2166,438,1,2
2166,439,1,2
2166,440,1,2
2166,441,1,2
2166,442,1,2
2166,443,1,2
2166,444,1,2
2166,445,1,2
2166,446,1,2
2166,447,1,2
2166,448,1,2
2166,449,1,2
2166,450,1,2
2166,451,1,2
2166,452,1,2
2166,453,1,2
2166,454,1,2
2166,455,1,2
2166,456,1,2
2166,457,1,2
2166,458,1,2
2166,459,1,2
2166,460,1,2
2166,461,1,2
2166,462,1,2
2166,463,1,2
2166,464,1,2
2166,465,1,2
2166,466,1,2
2166,467,1,2
2166,468,1,2
2166,469,1,2
2166,470,1,2
2166,471,1,2
2166,472,1,2
2166,473,1,2
2166,474,1,2
2166,475,1,2
2166,476,1,2
2166,477,1,2
2166,478,1,2
2166,479,1,2
2166,480,1,2
2166,481,1,2
2166,482,1,2
2166,483,1,2
2166,484,1,2
2166,485,1,2
2166,486,1,2
2166,487,1,2
2166,488,1,2
2166,489,1,2
2166,490,1,2
2166,491,1,2
2166,492,1,2
2166,493,1,2
2166,494,1,2
2166,495,1,2
2166,496,1,2
2166,497,1,2
2166,498,1,2
2166,499,1,2
2166,500,1,2
2166,501,1,2
2166,502,1,2
2166,503,1,2
2166,504,1,2
2166,505,1,2
2166,506,1,2
2166,507,1,2
2166,508,1,2
2166,509,1,2
2166,510,1,2
2166,511,1,2
2166,512,1,2
2166,513,1,2
2166,514,1,2
2166,515,1,2
2166,516,1,2
2166,517,1,2
2166,518,1,2
2166,519,1,2
2166,520,1,2
2166,521,1,2
2166,522,1,2
2166,523,1,2
2166,524,1,2
2166,525,1,2
2166,526,1,2
2166,527,1,2
2166,528,1,2
2166,529,1,2
2166,530,1,2
2166,531,1,2
2166,532,1,2
2166,533,1,2
2166,534,1,2
2166,535,1,2
2166,536,1,2
2166,537,1,2
2166,538,1,2
2166,539,1,2
2166,540,1,2
2166,541,1,2
2166,542,1,2
2166,543,1,2
2166,544,1,2
2167,189,1,2
2167,190,1,2
2167,191,1,2
2167,192,1,2
2167,193,1,2
2167,194,1,2
2167,195,1,2
2167,196,1,2
2167,197,1,2
2167,198,1,2
2167,199,1,2
2167,200,1,2
2167,201,1,2
2167,202,1,2
2167,203,1,2
2167,204,1,2
2167,205,1,2
2167,206,1,2
2167,207,1,2
2167,208,1,2
2167,209,1,2
2167,210,1,2
2167,211,1,2
2167,212,1,2
2167,213,1,2
2167,214,1,2
2167,215,1,2
2167,216,1,2
2167,217,1,2
2167,218,1,2
2167,219,1,2
2167,220,1,2
2167,221,1,2
2167,222,1,2
2167,223,1,2
2167,224,1,2
2167,225,1,2
2167,226,1,2
2167,227,1,2
2167,228,1,2
2167,229,1,2
2167,230,1,2
2167,231,1,2
2167,232,1,2
2167,233,1,2
2167,234,1,2
2167,235,1,2
2167,236,1,2
2167,237,1,2
2167,238,1,2
2167,239,1,2
2167,240,1,2
2167,241,1,2
2167,242,1,2
2167,243,1,2
2167,244,1,2
2167,245,1,2
2167,246,1,2
2167,247,1,2
2167,248,1,2
2167,249,1,2
2167,250,1,2
2167,251,1,2
2167,252,1,2
2167,253,1,2
2167,254,1,2
2167,255,1,2
2167,256,1,2
2167,257,1,2
2167,258,1,2
2167,259,1,2
2167,260,1,2
2167,261,1,2
2167,262,1,2
2167,263,1,2
2167,264,1,2
2167,265,1,2
2167,266,1,2
2167,267,1,2
2167,268,1,2
2167,269,1,2
2167,270,1,2
2167,271,1,2
2167,272,1,2
2167,273,1,2
2167,274,1,2
2167,275,1,2
2167,276,1,2
2167,277,1,2
2167,278,1,2
2167,279,1,2
2167,280,1,2
2167,281,1,2
2167,282,1,2
2167,283,1,2
2167,284,1,2
2167,285,1,2
2167,286,1,2
2167,287,1,2
2167,288,1,2
2167,289,1,2
2167,290,1,2
2167,291,1,2
2167,292,1,2
2167,293,1,2
2167,294,1,2
2167,295,1,2
2167,296,1,2
2167,297,1,2
2167,298,1,2
2167,299,1,2
2167,300,1,2
2167,301,1,2
2167,302,1,2
2167,303,1,2
2167,304,1,2
2167,305,1,2
2167,306,1,2
2167,307,1,2
2167,308,1,2
2167,309,1,2
2167,310,1,2
2167,311,1,2
2167,312,1,2
2167,313,1,2
2167,314,1,2
2167,315,1,2
2167,316,1,2
2167,317,1,2
2167,318,1,2
2167,319,1,2
2167,320,1,2
2167,321,1,2
2167,322,1,2
2167,323,1,2
2167,324,1,2
2167,325,1,2
2167,326,1,2
2167,327,1,2
2167,328,1,2
2167,329,1,2
2167,330,1,2
2167,331,1,2
2167,332,1,2
2167,333,1,2
2167,334,1,2
2167,335,1,2
2167,336,1,2
2167,337,1,2
2167,338,1,2
2167,339,1,2
2167,340,1,2
2167,341,1,2
2167,342,1,2
2167,343,1,2
2167,344,1,2
2167,345,1,2
2167,346,1,2
2167,347,1,2
2167,348,1,2
2167,349,1,2
2167,350,1,2
2167,351,1,2
2167,352,1,2
2167,353,1,2
2167,354,1,2
2167,355,1,2
2167,356,1,2
2167,357,1,2
2167,358,1,2
2167,359,1,2
2167,360,1,2
2167,361,1,2
2167,362,1,2
2167,363,1,2
2167,364,1,2
2167,365,1,2
2167,366,1,2
2167,367,1,2
2167,368,1,2
2167,369,1,2
2167,370,1,2
2167,371,1,2
2167,372,1,2
2167,373,1,2
2167,374,1,2
2167,375,1,2
2167,376,1,2
2167,377,1,2
2167,378,1,2
2167,379,1,2
2167,380,1,2
2167,381,1,2
2167,382,1,2
2167,383,1,2
2167,384,1,2
2167,385,1,2
2167,386,1,2
2167,387,1,2
2167,388,1,2
2167,389,1,2
2167,390,1,2
2167,391,1,2
2167,392,1,2
2167,393,1,2
2167,394,1,2
2167,395,1,2
2167,396,1,2
2167,397,1,2
2167,398,1,2
2167,399,1,2
2167,400,1,2
2167,401,1,2
2167,402,1,2
2167,403,1,2
2167,404,1,2
2167,405,1,2
2167,406,1,2
2167,407,1,2
2167,408,1,2
2167,409,1,2
2167,410,1,2
2167,411,1,2
2167,412,1,2
2167,413,1,2
2167,414,1,2
2167,415,1,2
2167,416,1,2
2167,417,1,2
2167,418,1,2
2167,419,1,2
2167,420,1,2
2167,421,1,2
2167,422,1,2
2167,423,1,2
2167,424,1,2
2167,425,1,2
2167,426,1,2
2167,427,1,2
2167,428,1,2
2167,429,1,2
2167,430,1,2
2167,431,1,2
2167,432,1,2
2167,433,1,2
2167,434,1,2
2167,435,1,2
2167,436,1,2
2167,437,1,2
2167,438,1,2
2167,439,1,2
2167,440,1,2
2167,441,1,2
2167,442,1,2
2167,443,1,2
2167,444,1,2
2167,445,1,2
2167,446,1,2
2167,447,1,2
2167,448,1,2
2167,449,1,2
2167,450,1,2
2167,451,1,2
2167,452,1,2
2167,453,1,2
2167,454,1,2
2167,455,1,2
2167,456,1,2
2167,457,1,2
2167,458,1,2
2167,459,1,2
2167,460,1,2
2167,461,1,2
2167,462,1,2
2167,463,1,2
2167,464,1,2
2167,465,1,2
2167,466,1,2
2167,467,1,2
2167,468,1,2
2167,469,1,2
2167,470,1,2
2167,471,1,2
2167,472,1,2
2167,473,1,2
2167,474,1,2
2167,475,1,2
2167,476,1,2
2167,477,1,2
2167,478,1,2
2167,479,1,2
2167,480,1,2
2167,481,1,2
2167,482,1,2
2167,483,1,2
2167,484,1,2
2167,485,1,2
2167,486,1,2
2167,487,1,2
2167,488,1,2
2167,489,1,2
2167,490,1,2
2167,491,1,2
2167,492,1,2
2167,493,1,2
2167,494,1,2
2167,495,1,2
2167,496,1,2
2167,497,1,2
2167,498,1,2
2167,499,1,2
2167,500,1,2
2167,501,1,2
2167,502,1,2
2167,503,1,2
2167,504,1,2
2167,505,1,2
2167,506,1,2
2167,507,1,2
2167,508,1,2
2167,509,1,2
2167,510,1,2
2167,511,1,2
2167,512,1,2
2167,513,1,2
2167,514,1,2
2167,515,1,2
2167,516,1,2
2167,517,1,2
2167,518,1,2
2167,519,1,2
2167,520,1,2
2167,521,1,2
2167,522,1,2
2167,523,1,2
2167,524,1,2
2167,525,1,2
2167,526,1,2
2167,527,1,2
2167,528,1,2
2167,529,1,2
2167,530,1,2
2167,531,1,2
2167,532,1,2
2167,533,1,2
2167,534,1,2
2167,535,1,2
2167,536,1,2
2167,537,1,2
2167,538,1,2
2167,539,1,2
2167,540,1,2
2167,541,1,2
2167,542,1,2
2167,543,1,2
2167,544,1,2
2168,192,1,2
2168,193,1,2
2168,194,1,2
2168,195,1,2
2168,196,1,2
2168,197,1,2
2168,198,1,2
2168,199,1,2
2168,200,1,2
2168,201,1,2
2168,202,1,2
2168,203,1,2
2168,204,1,2
2168,205,1,2
2168,206,1,2
2168,207,1,2
2168,208,1,2
2168,209,1,2
2168,210,1,2
2168,211,1,2
2168,212,1,2
2168,213,1,2
2168,214,1,2
2168,215,1,2
2168,216,1,2
2168,217,1,2
2168,218,1,2
2168,219,1,2
2168,220,1,2
2168,221,1,2
2168,222,1,2
2168,223,1,2
2168,224,1,2
2168,225,1,2
2168,226,1,2
2168,227,1,2
2168,228,1,2
2168,229,1,2
2168,230,1,2
2168,231,1,2
2168,232,1,2
2168,233,1,2
2168,234,1,2
2168,235,1,2
2168,236,1,2
2168,237,1,2
2168,238,1,2
2168,239,1,2
2168,240,1,2
2168,241,1,2
2168,242,1,2
2168,243,1,2
2168,244,1,2
2168,245,1,2
2168,246,1,2
2168,247,1,2
2168,248,1,2
2168,249,1,2
2168,250,1,2
2168,251,1,2
2168,252,1,2
2168,253,1,2
2168,254,1,2
2168,255,1,2
2168,256,1,2
2168,257,1,2
2168,258,1,2
2168,259,1,2
2168,260,1,2
2168,261,1,2
2168,262,1,2
2168,263,1,2
2168,264,1,2
2168,265,1,2
2168,266,1,2
2168,267,1,2
2168,268,1,2
2168,269,1,2
2168,270,1,2
2168,271,1,2
2168,272,1,2
2168,273,1,2
2168,274,1,2
2168,275,1,2
2168,276,1,2
2168,277,1,2
2168,278,1,2
2168,279,1,2
2168,280,1,2
2168,281,1,2
2168,282,1,2
2168,283,1,2
2168,284,1,2
2168,285,1,2
2168,286,1,2
2168,287,1,2
2168,288,1,2
2168,289,1,2
2168,290,1,2
2168,291,1,2
2168,292,1,2
2168,293,1,2
2168,294,1,2
2168,295,1,2
2168,296,1,2
2168,297,1,2
2168,298,1,2
2168,299,1,2
2168,300,1,2
2168,301,1,2
2168,302,1,2
2168,303,1,2
2168,304,1,2
2168,305,1,2
2168,306,1,2
2168,307,1,2
2168,308,1,2
2168,309,1,2
2168,310,1,2
2168,311,1,2
2168,312,1,2
2168,313,1,2
2168,314,1,2
2168,315,1,2
2168,316,1,2
2168,317,1,2
2168,318,1,2
2168,319,1,2
2168,320,1,2
2168,321,1,2
2168,322,1,2
2168,323,1,2
2168,324,1,2
2168,325,1,2
2168,326,1,2
2168,327,1,2
2168,328,1,2
2168,329,1,2
2168,330,1,2
2168,331,1,2
2168,332,1,2
2168,333,1,2
2168,334,1,2
2168,335,1,2
2168,336,1,2
2168,337,1,2
2168,338,1,2
2168,339,1,2
2168,340,1,2
2168,341,1,2
2168,342,1,2
2168,343,1,2
2168,344,1,2
2168,345,1,2
2168,346,1,2
2168,347,1,2
2168,348,1,2
2168,349,1,2
2168,350,1,2
2168,351,1,2
2168,352,1,2
2168,353,1,2
2168,354,1,2
2168,355,1,2
2168,356,1,2
2168,357,1,2
2168,358,1,2
2168,359,1,2
2168,360,1,2
2168,361,1,2
2168,362,1,2
2168,363,1,2
2168,364,1,2
2168,365,1,2
2168,366,1,2
2168,367,1,2
2168,368,1,2
2168,369,1,2
2168,370,1,2
2168,371,1,2
2168,372,1,2
2168,373,1,2
2168,374,1,2
2168,375,1,2
2168,376,1,2
2168,377,1,2
2168,378,1,2
2168,379,1,2
2168,380,1,2
2168,381,1,2
2168,382,1,2
2168,383,1,2
2168,384,1,2
2168,385,1,2
2168,386,1,2
2168,387,1,2
2168,388,1,2
2168,389,1,2
2168,390,1,2
2168,391,1,2
2168,392,1,2
2168,393,1,2
2168,394,1,2
2168,395,1,2
2168,396,1,2
2168,397,1,2
2168,398,1,2
2168,399,1,2
2168,400,1,2
2168,401,1,2
2168,402,1,2
2168,403,1,2
2168,404,1,2
2168,405,1,2
2168,406,1,2
2168,407,1,2
2168,408,1,2
2168,409,1,2
2168,410,1,2
2168,411,1,2
2168,412,1,2
2168,413,1,2
2168,414,1,2
2168,415,1,2
2168,416,1,2
2168,417,1,2
2168,418,1,2
2168,419,1,2
2168,420,1,2
2168,421,1,2
2168,422,1,2
2168,423,1,2
2168,424,1,2
2168,425,1,2
2168,426,1,2
2168,427,1,2
2168,428,1,2
2168,429,1,2
2168,430,1,2
2168,431,1,2
2168,432,1,2
2168,433,1,2
2168,434,1,2
2168,435,1,2
2168,436,1,2
2168,437,1,2
2168,438,1,2
2168,439,1,2
2168,440,1,2
2168,441,1,2
2168,442,1,2
2168,443,1,2
2168,444,1,2
2168,445,1,2
2168,446,1,2
2168,447,1,2
2168,448,1,2
2168,449,1,2
2168,450,1,2
2168,451,1,2
2168,452,1,2
2168,453,1,2
2168,454,1,2
2168,455,1,2
2168,456,1,2
2168,457,1,2
2168,458,1,2
2168,459,1,2
2168,460,1,2
2168,461,1,2
2168,462,1,2
2168,463,1,2
2168,464,1,2
2168,465,1,2
2168,466,1,2
2168,467,1,2
2168,468,1,2
2168,469,1,2
2168,470,1,2
2168,471,1,2
2168,472,1,2
2168,473,1,2
2168,474,1,2
2168,475,1,2
2168,476,1,2
2168,477,1,2
2168,478,1,2
2168,479,1,2
2168,480,1,2
2168,481,1,2
2168,482,1,2
2168,483,1,2
2168,484,1,2
2168,485,1,2
2168,486,1,2
2168,487,1,2
2168,488,1,2
2168,489,1,2
2168,490,1,2
2168,491,1,2
2168,492,1,2
2168,493,1,2
2168,494,1,2
2168,495,1,2
2168,496,1,2
2168,497,1,2
2168,498,1,2
2168,499,1,2
2168,500,1,2
2168,501,1,2
2168,502,1,2
2168,503,1,2
2168,504,1,2
2168,505,1,2
2168,506,1,2
2168,507,1,2
2168,508,1,2
2168,509,1,2
2168,510,1,2
2168,511,1,2
2168,512,1,2
2168,513,1,2
2168,514,1,2
2168,515,1,2
2168,516,1,2
2168,517,1,2
2168,518,1,2
2168,519,1,2
2168,520,1,2
2168,521,1,2
2168,522,1,2
2168,523,1,2
2168,524,1,2
2168,525,1,2
2168,526,1,2
2168,527,1,2
2168,528,1,2
2168,529,1,2
2168,530,1,2
2168,531,1,2
2168,532,1,2
2168,533,1,2
2168,534,1,2
2168,535,1,2
2168,536,1,2
2168,537,1,2
2168,538,1,2
2168,539,1,2
2168,540,1,2
2168,541,1,2
2168,542,1,2
2168,543,1,2
2169,194,1,2
2169,195,1,2
2169,196,1,2
2169,197,1,2
2169,198,1,2
2169,199,1,2
2169,200,1,2
2169,201,1,2
2169,202,1,2
2169,203,1,2
2169,204,1,2
2169,205,1,2
2169,206,1,2
2169,207,1,2
2169,208,1,2
2169,209,1,2
2169,210,1,2
2169,211,1,2
2169,212,1,2
2169,213,1,2
2169,214,1,2
2169,215,1,2
2169,216,1,2
2169,217,1,2
2169,218,1,2
2169,219,1,2
2169,220,1,2
2169,221,1,2
2169,222,1,2
2169,223,1,2
2169,224,1,2
2169,225,1,2
2169,226,1,2
2169,227,1,2
2169,228,1,2
2169,229,1,2
2169,230,1,2
2169,231,1,2
2169,232,1,2
2169,233,1,2
2169,234,1,2
2169,235,1,2
2169,236,1,2
2169,237,1,2
2169,238,1,2
2169,239,1,2
2169,240,1,2
2169,241,1,2
2169,242,1,2
2169,243,1,2
2169,244,1,2
2169,245,1,2
2169,246,1,2
2169,247,1,2
2169,248,1,2
2169,249,1,2
2169,250,1,2
2169,251,1,2
2169,252,1,2
2169,253,1,2
2169,254,1,2
2169,255,1,2
2169,256,1,2
2169,257,1,2
2169,258,1,2
2169,259,1,2
2169,260,1,2
2169,261,1,2
2169,262,1,2
2169,263,1,2
2169,264,1,2
2169,265,1,2
2169,266,1,2
2169,267,1,2
2169,268,1,2
2169,269,1,2
2169,270,1,2
2169,271,1,2
2169,272,1,2
2169,273,1,2
2169,274,1,2
2169,275,1,2
2169,276,1,2
2169,277,1,2
2169,278,1,2
2169,279,1,2
2169,280,1,2
2169,281,1,2
2169,282,1,2
2169,283,1,2
2169,284,1,2
2169,285,1,2
2169,286,1,2
2169,287,1,2
2169,288,1,2
2169,289,1,2
2169,290,1,2
2169,291,1,2
2169,292,1,2
2169,293,1,2
2169,294,1,2
2169,295,1,2
2169,296,1,2
2169,297,1,2
2169,298,1,2
2169,299,1,2
2169,300,1,2
2169,301,1,2
2169,302,1,2
2169,303,1,2
2169,304,1,2
2169,305,1,2
2169,306,1,2
2169,307,1,2
2169,308,1,2
2169,309,1,2
2169,310,1,2
2169,311,1,2
2169,312,1,2
2169,313,1,2
2169,314,1,2
2169,315,1,2
2169,316,1,2
2169,317,1,2
2169,318,1,2
2169,319,1,2
2169,320,1,2
2169,321,1,2
2169,322,1,2
2169,323,1,2
2169,324,1,2
2169,325,1,2
2169,326,1,2
2169,327,1,2
2169,328,1,2
2169,329,1,2
2169,330,1,2
2169,331,1,2
2169,332,1,2
2169,333,1,2
2169,334,1,2
2169,335,1,2
2169,336,1,2
2169,337,1,2
2169,338,1,2
2169,339,1,2
2169,340,1,2
2169,341,1,2
2169,342,1,2
2169,343,1,2
2169,344,1,2
2169,345,1,2
2169,346,1,2
2169,347,1,2
2169,348,1,2
2169,349,1,2
2169,350,1,2
2169,351,1,2
2169,352,1,2
2169,353,1,2
2169,354,1,2
2169,355,1,2
2169,356,1,2
2169,357,1,2
2169,358,1,2
2169,359,1,2
2169,360,1,2
2169,361,1,2
2169,362,1,2
2169,363,1,2
2169,364,1,2
2169,365,1,2
2169,366,1,2
2169,367,1,2
2169,368,1,2
2169,369,1,2
2169,370,1,2
2169,371,1,2
2169,372,1,2
2169,373,1,2
2169,374,1,2
2169,375,1,2
2169,376,1,2
2169,377,1,2
2169,378,1,2
2169,379,1,2
2169,380,1,2
2169,381,1,2
2169,382,1,2
2169,383,1,2
2169,384,1,2
2169,385,1,2
2169,386,1,2
2169,387,1,2
2169,388,1,2
2169,389,1,2
2169,390,1,2
2169,391,1,2
2169,392,1,2
2169,393,1,2
2169,394,1,2
2169,395,1,2
2169,396,1,2
2169,397,1,2
2169,398,1,2
2169,399,1,2
2169,400,1,2
2169,401,1,2
2169,402,1,2
2169,403,1,2
2169,404,1,2
2169,405,1,2
2169,406,1,2
2169,407,1,2
2169,408,1,2
2169,409,1,2
2169,410,1,2
2169,411,1,2
2169,412,1,2
2169,413,1,2
2169,414,1,2
2169,415,1,2
2169,416,1,2
2169,417,1,2
2169,418,1,2
2169,419,1,2
2169,420,1,2
2169,421,1,2
2169,422,1,2
2169,423,1,2
2169,424,1,2
2169,425,1,2
2169,426,1,2
2169,427,1,2
2169,428,1,2
2169,429,1,2
2169,430,1,2
2169,431,1,2
2169,432,1,2
2169,433,1,2
2169,434,1,2
2169,435,1,2
2169,436,1,2
2169,437,1,2
2169,438,1,2
2169,439,1,2
2169,440,1,2
2169,441,1,2
2169,442,1,2
2169,443,1,2
2169,444,1,2
2169,445,1,2
2169,446,1,2
2169,447,1,2
2169,448,1,2
2169,449,1,2
2169,450,1,2
2169,451,1,2
2169,452,1,2
2169,453,1,2
2169,454,1,2
2169,455,1,2
2169,456,1,2
2169,457,1,2
2169,458,1,2
2169,459,1,2
2169,460,1,2
2169,461,1,2
2169,462,1,2
2169,463,1,2
2169,464,1,2
2169,465,1,2
2169,466,1,2
2169,467,1,2
2169,468,1,2
2169,469,1,2
2169,470,1,2
2169,471,1,2
2169,472,1,2
2169,473,1,2
2169,474,1,2
2169,475,1,2
2169,476,1,2
2169,477,1,2
2169,478,1,2
2169,479,1,2
2169,480,1,2
2169,481,1,2
2169,482,1,2
2169,483,1,2
2169,484,1,2
2169,485,1,2
2169,486,1,2
2169,487,1,2
2169,488,1,2
2169,489,1,2
2169,490,1,2
2169,491,1,2
2169,492,1,2
2169,493,1,2
2169,494,1,2
2169,495,1,2
2169,496,1,2
2169,497,1,2
2169,498,1,2
2169,499,1,2
2169,500,1,2
2169,501,1,2
2169,502,1,2
2169,503,1,2
2169,504,1,2
2169,505,1,2
2169,506,1,2
2169,507,1,2
2169,508,1,2
2169,509,1,2
2169,510,1,2
2169,511,1,2
2169,512,1,2
2169,513,1,2
2169,514,1,2
2169,515,1,2
2169,516,1,2
2169,517,1,2
2169,518,1,2
2169,519,1,2
2169,520,1,2
2169,521,1,2
2169,522,1,2
2169,523,1,2
2169,524,1,2
2169,525,1,2
2169,526,1,2
2169,527,1,2
2169,528,1,2
2169,529,1,2
2169,530,1,2
2169,531,1,2
2169,532,1,2
2169,533,1,2
2169,534,1,2
2169,535,1,2
2169,536,1,2
2169,537,1,2
2169,538,1,2
2170,195,1,2
2170,196,1,2
2170,197,1,2
2170,198,1,2
2170,199,1,2
2170,200,1,2
2170,201,1,2
2170,202,1,2
2170,203,1,2
2170,204,1,2
2170,205,1,2
2170,206,1,2
2170,207,1,2
2170,208,1,2
2170,209,1,2
2170,210,1,2
2170,211,1,2
2170,212,1,2
2170,213,1,2
2170,214,1,2
2170,215,1,2
2170,216,1,2
2170,217,1,2
2170,218,1,2
2170,219,1,2
2170,220,1,2
2170,221,1,2
2170,222,1,2
2170,223,1,2
2170,224,1,2
2170,225,1,2
2170,226,1,2
2170,227,1,2
2170,228,1,2
2170,229,1,2
2170,230,1,2
2170,231,1,2
2170,232,1,2
2170,233,1,2
2170,234,1,2
2170,235,1,2
2170,236,1,2
2170,237,1,2
2170,238,1,2
2170,239,1,2
2170,240,1,2
2170,241,1,2
2170,242,1,2
2170,243,1,2
2170,244,1,2
2170,245,1,2
2170,246,1,2
2170,247,1,2
2170,248,1,2
2170,249,1,2
2170,250,1,2
2170,251,1,2
2170,252,1,2
2170,253,1,2
2170,254,1,2
2170,255,1,2
2170,256,1,2
2170,257,1,2
2170,258,1,2
2170,259,1,2
2170,260,1,2
2170,261,1,2
2170,262,1,2
2170,263,1,2
2170,264,1,2
2170,265,1,2
2170,266,1,2
2170,267,1,2
2170,268,1,2
2170,269,1,2
2170,270,1,2
2170,271,1,2
2170,272,1,2
2170,273,1,2
2170,274,1,2
2170,275,1,2
2170,276,1,2
2170,277,1,2
2170,278,1,2
2170,279,1,2
2170,280,1,2
2170,281,1,2
2170,282,1,2
2170,283,1,2
2170,284,1,2
2170,285,1,2
2170,286,1,2
2170,287,1,2
2170,288,1,2
2170,289,1,2
2170,290,1,2
2170,291,1,2
2170,292,1,2
2170,293,1,2
2170,294,1,2
2170,295,1,2
2170,296,1,2
2170,297,1,2
2170,298,1,2
2170,299,1,2
2170,300,1,2
2170,301,1,2
2170,302,1,2
2170,303,1,2
2170,304,1,2
2170,305,1,2
2170,306,1,2
2170,307,1,2
2170,308,1,2
2170,309,1,2
2170,310,1,2
2170,311,1,2
2170,312,1,2
2170,313,1,2
2170,314,1,2
2170,315,1,2
2170,316,1,2
2170,317,1,2
2170,318,1,2
2170,319,1,2
2170,320,1,2
2170,321,1,2
2170,322,1,2
2170,323,1,2
2170,324,1,2
2170,325,1,2
2170,326,1,2
2170,327,1,2
2170,328,1,2
2170,329,1,2
2170,330,1,2
2170,331,1,2
2170,332,1,2
2170,333,1,2
2170,334,1,2
2170,335,1,2
2170,336,1,2
2170,337,1,2
2170,338,1,2
2170,339,1,2
2170,340,1,2
2170,341,1,2
2170,342,1,2
2170,343,1,2
2170,344,1,2
2170,345,1,2
2170,346,1,2
2170,347,1,2
2170,348,1,2
2170,349,1,2
2170,350,1,2
2170,351,1,2
2170,352,1,2
2170,353,1,2
2170,354,1,2
2170,355,1,2
2170,356,1,2
2170,357,1,2
2170,358,1,2
2170,359,1,2
2170,360,1,2
2170,361,1,2
2170,362,1,2
2170,363,1,2
2170,364,1,2
2170,365,1,2
2170,366,1,2
2170,367,1,2
2170,368,1,2
2170,369,1,2
2170,370,1,2
2170,371,1,2
2170,372,1,2
2170,373,1,2
2170,374,1,2
2170,375,1,2
2170,376,1,2
2170,377,1,2
2170,378,1,2
2170,379,1,2
2170,380,1,2
2170,381,1,2
2170,382,1,2
2170,383,1,2
2170,384,1,2
2170,385,1,2
2170,386,1,2
2170,387,1,2
2170,388,1,2
2170,389,1,2
2170,390,1,2
2170,391,1,2
2170,392,1,2
2170,393,1,2
2170,394,1,2
2170,395,1,2
2170,396,1,2
2170,397,1,2
2170,398,1,2
2170,399,1,2
2170,400,1,2
2170,401,1,2
2170,402,1,2
2170,403,1,2
2170,404,1,2
2170,405,1,2
2170,406,1,2
2170,407,1,2
2170,408,1,2
2170,409,1,2
2170,410,1,2
2170,411,1,2
2170,412,1,2
2170,413,1,2
2170,414,1,2
2170,415,1,2
2170,416,1,2
2170,417,1,2
2170,418,1,2
2170,419,1,2
2170,420,1,2
2170,421,1,2
2170,422,1,2
2170,423,1,2
2170,424,1,2
2170,425,1,2
2170,426,1,2
2170,427,1,2
2170,428,1,2
2170,429,1,2
2170,430,1,2
2170,431,1,2
2170,432,1,2
2170,433,1,2
2170,434,1,2
2170,435,1,2
2170,436,1,2
2170,437,1,2
2170,438,1,2
2170,439,1,2
2170,440,1,2
2170,441,1,2
2170,442,1,2
2170,443,1,2
2170,444,1,2
2170,445,1,2
2170,446,1,2
2170,447,1,2
2170,448,1,2
2170,449,1,2
2170,450,1,2
2170,451,1,2
2170,452,1,2
2170,453,1,2
2170,454,1,2
2170,455,1,2
2170,456,1,2
2170,457,1,2
2170,458,1,2
2170,459,1,2
2170,460,1,2
2170,461,1,2
2170,462,1,2
2170,463,1,2
2170,464,1,2
2170,465,1,2
2170,466,1,2
2170,467,1,2
2170,468,1,2
2170,469,1,2
2170,470,1,2
2170,471,1,2
2170,472,1,2
2170,473,1,2
2170,474,1,2
2170,475,1,2
2170,476,1,2
2170,477,1,2
2170,478,1,2
2170,479,1,2
2170,480,1,2
2170,481,1,2
2170,482,1,2
2170,483,1,2
2170,484,1,2
2170,485,1,2
2170,486,1,2
2170,487,1,2
2170,488,1,2
2170,489,1,2
2170,490,1,2
2170,491,1,2
2170,492,1,2
2170,493,1,2
2170,494,1,2
2170,495,1,2
2170,496,1,2
2170,497,1,2
2170,498,1,2
2170,499,1,2
2170,500,1,2
2170,501,1,2
2170,502,1,2
2170,503,1,2
2170,504,1,2
2170,505,1,2
2170,506,1,2
2170,507,1,2
2170,508,1,2
2170,509,1,2
2170,510,1,2
2170,511,1,2
2170,512,1,2
2170,513,1,2
2170,514,1,2
2170,515,1,2
2170,516,1,2
2170,517,1,2
2170,518,1,2
2170,519,1,2
2170,520,1,2
2170,521,1,2
2170,522,1,2
2170,523,1,2
2170,528,1,2
2170,529,1,2
2170,530,1,2
2170,531,1,2
2170,532,1,2
2170,533,1,2
2170,534,1,2
2171,195,1,2
2171,196,1,2
2171,197,1,2
2171,198,1,2
2171,199,1,2
2171,200,1,2
2171,201,1,2
2171,202,1,2
2171,203,1,2
2171,204,1,2
2171,205,1,2
2171,206,1,2
2171,207,1,2
2171,208,1,2
2171,209,1,2
2171,210,1,2
2171,211,1,2
2171,212,1,2
2171,213,1,2
2171,214,1,2
2171,215,1,2
2171,216,1,2
2171,217,1,2
2171,218,1,2
2171,219,1,2
2171,220,1,2
2171,221,1,2
2171,222,1,2
2171,223,1,2
2171,224,1,2
2171,225,1,2
2171,226,1,2
2171,227,1,2
2171,228,1,2
2171,229,1,2
2171,230,1,2
2171,231,1,2
2171,232,1,2
2171,233,1,2
2171,234,1,2
2171,235,1,2
2171,236,1,2
2171,237,1,2
2171,238,1,2
2171,239,1,2
2171,240,1,2
2171,241,1,2
2171,242,1,2
2171,243,1,2
2171,244,1,2
2171,245,1,2
2171,246,1,2
2171,247,1,2
2171,248,1,2
2171,249,1,2
2171,250,1,2
2171,251,1,2
2171,252,1,2
2171,253,1,2
2171,254,1,2
2171,255,1,2
2171,256,1,2
2171,257,1,2
2171,258,1,2
2171,259,1,2
2171,260,1,2
2171,261,1,2
2171,262,1,2
2171,263,1,2
2171,264,1,2
2171,265,1,2
2171,266,1,2
2171,267,1,2
2171,268,1,2
2171,269,1,2
2171,270,1,2
2171,271,1,2
2171,272,1,2
2171,273,1,2
2171,274,1,2
2171,275,1,2
2171,276,1,2
2171,277,1,2
2171,278,1,2
2171,279,1,2
2171,280,1,2
2171,281,1,2
2171,282,1,2
2171,283,1,2
2171,284,1,2
2171,285,1,2
2171,286,1,2
2171,287,1,2
2171,288,1,2
2171,289,1,2
2171,290,1,2
2171,291,1,2
2171,292,1,2
2171,293,1,2
2171,294,1,2
2171,295,1,2
2171,296,1,2
2171,297,1,2
2171,298,1,2
2171,299,1,2
2171,300,1,2
2171,301,1,2
2171,302,1,2
2171,303,1,2
2171,304,1,2
2171,305,1,2
2171,306,1,2
2171,307,1,2
2171,308,1,2
2171,309,1,2
2171,310,1,2
2171,311,1,2
2171,312,1,2
2171,313,1,2
2171,314,1,2
2171,315,1,2
2171,316,1,2
2171,317,1,2
2171,318,1,2
2171,319,1,2
2171,320,1,2
2171,321,1,2
2171,322,1,2
2171,323,1,2
2171,324,1,2
2171,325,1,2
2171,326,1,2
2171,327,1,2
2171,328,1,2
2171,329,1,2
2171,330,1,2
2171,331,1,2
2171,332,1,2
2171,333,1,2
2171,334,1,2
2171,335,1,2
2171,336,1,2
2171,337,1,2
2171,338,1,2
2171,339,1,2
2171,340,1,2
2171,341,1,2
2171,342,1,2
2171,343,1,2
2171,344,1,2
2171,345,1,2
2171,346,1,2
2171,347,1,2
2171,348,1,2
2171,349,1,2
2171,350,1,2
2171,351,1,2
2171,352,1,2
2171,353,1,2
2171,354,1,2
2171,355,1,2
2171,356,1,2
2171,357,1,2
2171,358,1,2
2171,359,1,2
2171,360,1,2
2171,361,1,2
2171,362,1,2
2171,363,1,2
2171,364,1,2
2171,365,1,2
2171,366,1,2
2171,367,1,2
2171,368,1,2
2171,369,1,2
2171,370,1,2
2171,371,1,2
2171,372,1,2
2171,373,1,2
2171,374,1,2
2171,375,1,2
2171,376,1,2
2171,377,1,2
2171,378,1,2
2171,379,1,2
2171,380,1,2
2171,381,1,2
2171,382,1,2
2171,383,1,2
2171,384,1,2
2171,385,1,2
2171,386,1,2
2171,387,1,2
2171,388,1,2
2171,389,1,2
2171,390,1,2
2171,391,1,2
2171,392,1,2
2171,393,1,2
2171,394,1,2
2171,395,1,2
2171,396,1,2
2171,397,1,2
2171,398,1,2
2171,399,1,2
2171,400,1,2
2171,401,1,2
2171,402,1,2
2171,403,1,2
2171,404,1,2
2171,405,1,2
2171,406,1,2
2171,407,1,2
2171,408,1,2
2171,409,1,2
2171,410,1,2
2171,411,1,2
2171,412,1,2
2171,413,1,2
2171,414,1,2
2171,415,1,2
2171,416,1,2
2171,417,1,2
2171,418,1,2
2171,419,1,2
2171,420,1,2
2171,421,1,2
2171,422,1,2
2171,423,1,2
2171,424,1,2
2171,425,1,2
2171,426,1,2
2171,427,1,2
2171,428,1,2
2171,429,1,2
2171,430,1,2
2171,431,1,2
2171,432,1,2
2171,433,1,2
2171,434,1,2
2171,435,1,2
2171,436,1,2
2171,437,1,2
2171,438,1,2
2171,439,1,2
2171,440,1,2
2171,441,1,2
2171,442,1,2
2171,443,1,2
2171,444,1,2
2171,445,1,2
2171,446,1,2
2171,447,1,2
2171,448,1,2
2171,449,1,2
2171,450,1,2
2171,451,1,2
2171,452,1,2
2171,453,1,2
2171,454,1,2
2171,455,1,2
2171,456,1,2
2171,457,1,2
2171,458,1,2
2171,459,1,2
2171,460,1,2
2171,461,1,2
2171,462,1,2
2171,463,1,2
2171,464,1,2
2171,465,1,2
2171,466,1,2
2171,467,1,2
2171,468,1,2
2171,469,1,2
2171,470,1,2
2171,471,1,2
2171,472,1,2
2171,473,1,2
2171,474,1,2
2171,475,1,2
2171,476,1,2
2171,477,1,2
2171,478,1,2
2171,479,1,2
2171,480,1,2
2171,481,1,2
2171,482,1,2
2171,483,1,2
2171,484,1,2
2171,485,1,2
2171,486,1,2
2171,487,1,2
2171,488,1,2
2171,489,1,2
2171,490,1,2
2171,491,1,2
2171,492,1,2
2171,493,1,2
2171,494,1,2
2171,495,1,2
2171,496,1,2
2171,497,1,2
2171,498,1,2
2171,499,1,2
2171,500,1,2
2171,501,1,2
2171,502,1,2
2171,503,1,2
2171,504,1,2
2171,505,1,2
2171,506,1,2
2171,507,1,2
2171,508,1,2
2171,509,1,2
2171,510,1,2
2171,511,1,2
2171,512,1,2
2171,513,1,2
2171,514,1,2
2171,515,1,2
2171,516,1,2
2171,517,1,2
2171,518,1,2
2171,519,1,2
2171,520,1,2
2171,521,1,2
2171,522,1,2
2171,523,1,2
2172,195,1,2
2172,196,1,2
2172,197,1,2
2172,198,1,2
2172,199,1,2
2172,200,1,2
2172,201,1,2
2172,202,1,2
2172,203,1,2
2172,204,1,2
2172,205,1,2
2172,206,1,2
2172,207,1,2
2172,208,1,2
2172,209,1,2
2172,210,1,2
2172,211,1,2
2172,212,1,2
2172,213,1,2
2172,214,1,2
2172,215,1,2
2172,216,1,2
2172,217,1,2
2172,218,1,2
2172,219,1,2
2172,220,1,2
2172,221,1,2
2172,222,1,2
2172,223,1,2
2172,224,1,2
2172,225,1,2
2172,226,1,2
2172,227,1,2
2172,228,1,2
2172,229,1,2
2172,230,1,2
2172,231,1,2
2172,232,1,2
2172,233,1,2
2172,234,1,2
2172,235,1,2
2172,236,1,2
2172,237,1,2
2172,238,1,2
2172,239,1,2
2172,240,1,2
2172,241,1,2
2172,242,1,2
2172,243,1,2
2172,244,1,2
2172,245,1,2
2172,246,1,2
2172,247,1,2
2172,248,1,2
2172,249,1,2
2172,250,1,2
2172,251,1,2
2172,252,1,2
2172,253,1,2
2172,254,1,2
2172,255,1,2
2172,256,1,2
2172,257,1,2
2172,258,1,2
2172,259,1,2
2172,260,1,2
2172,261,1,2
2172,262,1,2
2172,263,1,2
2172,264,1,2
2172,265,1,2
2172,266,1,2
2172,267,1,2
2172,268,1,2
2172,269,1,2
2172,270,1,2
2172,271,1,2
2172,272,1,2
2172,273,1,2
2172,274,1,2
2172,275,1,2
2172,276,1,2
2172,277,1,2
2172,278,1,2
2172,279,1,2
2172,280,1,2
2172,281,1,2
2172,282,1,2
2172,283,1,2
2172,284,1,2
2172,285,1,2
2172,286,1,2
2172,287,1,2
2172,288,1,2
2172,289,1,2
2172,290,1,2
2172,291,1,2
2172,292,1,2
2172,293,1,2
2172,294,1,2
2172,295,1,2
2172,296,1,2
2172,297,1,2
2172,298,1,2
2172,299,1,2
2172,300,1,2
2172,301,1,2
2172,302,1,2
2172,303,1,2
2172,304,1,2
2172,305,1,2
2172,306,1,2
2172,307,1,2
2172,308,1,2
2172,309,1,2
2172,310,1,2
2172,311,1,2
2172,312,1,2
2172,313,1,2
2172,314,1,2
2172,315,1,2
2172,316,1,2
2172,317,1,2
2172,318,1,2
2172,319,1,2
2172,320,1,2
2172,321,1,2
2172,322,1,2
2172,323,1,2
2172,324,1,2
2172,325,1,2
2172,326,1,2
2172,327,1,2
2172,328,1,2
2172,329,1,2
2172,330,1,2
2172,331,1,2
2172,332,1,2
2172,333,1,2
2172,334,1,2
2172,335,1,2
2172,336,1,2
2172,337,1,2
2172,338,1,2
2172,339,1,2
2172,340,1,2
2172,341,1,2
2172,342,1,2
2172,343,1,2
2172,344,1,2
2172,345,1,2
2172,346,1,2
2172,347,1,2
2172,348,1,2
2172,349,1,2
2172,350,1,2
2172,351,1,2
2172,352,1,2
2172,353,1,2
2172,354,1,2
2172,355,1,2
2172,356,1,2
2172,357,1,2
2172,358,1,2
2172,359,1,2
2172,360,1,2
2172,361,1,2
2172,362,1,2
2172,363,1,2
2172,364,1,2
2172,365,1,2
2172,366,1,2
2172,367,1,2
2172,368,1,2
2172,369,1,2
2172,370,1,2
2172,371,1,2
2172,372,1,2
2172,373,1,2
2172,374,1,2
2172,375,1,2
2172,376,1,2
2172,377,1,2
2172,378,1,2
2172,379,1,2
2172,380,1,2
2172,381,1,2
2172,382,1,2
2172,383,1,2
2172,384,1,2
2172,385,1,2
2172,386,1,2
2172,387,1,2
2172,388,1,2
2172,389,1,2
2172,390,1,2
2172,391,1,2
2172,392,1,2
2172,393,1,2
2172,394,1,2
2172,395,1,2
2172,396,1,2
2172,397,1,2
2172,398,1,2
2172,399,1,2
2172,400,1,2
2172,401,1,2
2172,402,1,2
2172,403,1,2
2172,404,1,2
2172,405,1,2
2172,406,1,2
2172,407,1,2
2172,408,1,2
2172,409,1,2
2172,410,1,2
2172,411,1,2
2172,412,1,2
2172,413,1,2
2172,414,1,2
2172,415,1,2
2172,416,1,2
2172,417,1,2
2172,418,1,2
2172,419,1,2
2172,420,1,2
2172,421,1,2
2172,422,1,2
2172,423,1,2
2172,424,1,2
2172,425,1,2
2172,426,1,2
2172,427,1,2
2172,428,1,2
2172,429,1,2
2172,430,1,2
2172,431,1,2
2172,432,1,2
2172,433,1,2
2172,434,1,2
2172,435,1,2
2172,436,1,2
2172,437,1,2
2172,438,1,2
2172,439,1,2
2172,440,1,2
2172,441,1,2
2172,442,1,2
2172,443,1,2
2172,444,1,2
2172,445,1,2
2172,446,1,2
2172,447,1,2
2172,448,1,2
2172,449,1,2
2172,450,1,2
2172,451,1,2
2172,452,1,2
2172,453,1,2
2172,454,1,2
2172,455,1,2
2172,456,1,2
2172,457,1,2
2172,458,1,2
2172,459,1,2
2172,460,1,2
2172,461,1,2
2172,462,1,2
2172,463,1,2
2172,464,1,2
2172,465,1,2
2172,466,1,2
2172,467,1,2
2172,468,1,2
2172,469,1,2
2172,470,1,2
2172,471,1,2
2172,472,1,2
2172,473,1,2
2172,474,1,2
2172,475,1,2
2172,476,1,2
2172,477,1,2
2172,478,1,2
2172,479,1,2
2172,480,1,2
2172,481,1,2
2172,482,1,2
2172,483,1,2
2172,484,1,2
2172,485,1,2
2172,486,1,2
2172,487,1,2
2172,488,1,2
2172,489,1,2
2172,490,1,2
2172,491,1,2
2172,492,1,2
2172,493,1,2
2172,494,1,2
2172,495,1,2
2172,496,1,2
2172,497,1,2
2172,498,1,2
2172,499,1,2
2172,500,1,2
2172,501,1,2
2172,502,1,2
2172,503,1,2
2172,504,1,2
2172,505,1,2
2172,506,1,2
2172,507,1,2
2172,508,1,2
2172,509,1,2
2172,510,1,2
2172,511,1,2
2172,512,1,2
2172,513,1,2
2172,514,1,2
2172,515,1,2
2172,516,1,2
2172,517,1,2
2172,518,1,2
2172,519,1,2
2173,195,1,2
2173,196,1,2
2173,197,1,2
2173,198,1,2
2173,199,1,2
2173,200,1,2
2173,201,1,2
2173,202,1,2
2173,203,1,2
2173,204,1,2
2173,205,1,2
2173,206,1,2
2173,207,1,2
2173,208,1,2
2173,209,1,2
2173,210,1,2
2173,211,1,2
2173,212,1,2
2173,213,1,2
2173,214,1,2
2173,215,1,2
2173,216,1,2
2173,217,1,2
2173,218,1,2
2173,219,1,2
2173,220,1,2
2173,221,1,2
2173,222,1,2
2173,223,1,2
2173,224,1,2
2173,225,1,2
2173,226,1,2
2173,227,1,2
2173,228,1,2
2173,229,1,2
2173,230,1,2
2173,231,1,2
2173,232,1,2
2173,233,1,2
2173,234,1,2
2173,235,1,2
2173,236,1,2
2173,237,1,2
2173,238,1,2
2173,239,1,2
2173,240,1,2
2173,241,1,2
2173,242,1,2
2173,243,1,2
2173,244,1,2
2173,245,1,2
2173,246,1,2
2173,247,1,2
2173,248,1,2
2173,249,1,2
2173,250,1,2
2173,251,1,2
2173,252,1,2
2173,253,1,2
2173,254,1,2
2173,255,1,2
2173,256,1,2
2173,257,1,2
2173,258,1,2
2173,259,1,2
2173,260,1,2
2173,261,1,2
2173,262,1,2
2173,263,1,2
2173,264,1,2
2173,265,1,2
2173,266,1,2
2173,267,1,2
2173,268,1,2
2173,269,1,2
2173,270,1,2
2173,271,1,2
2173,272,1,2
2173,273,1,2
2173,274,1,2
2173,275,1,2
2173,276,1,2
2173,277,1,2
2173,278,1,2
2173,279,1,2
2173,280,1,2
2173,281,1,2
2173,282,1,2
2173,283,1,2
2173,284,1,2
2173,285,1,2
2173,286,1,2
2173,287,1,2
2173,288,1,2
2173,289,1,2
2173,290,1,2
2173,291,1,2
2173,292,1,2
2173,293,1,2
2173,294,1,2
2173,295,1,2
2173,296,1,2
2173,297,1,2
2173,298,1,2
2173,299,1,2
2173,300,1,2
2173,301,1,2
2173,302,1,2
2173,303,1,2
2173,304,1,2
2173,305,1,2
2173,306,1,2
2173,307,1,2
2173,308,1,2
2173,309,1,2
2173,310,1,2
2173,311,1,2
2173,312,1,2
2173,313,1,2
2173,314,1,2
2173,315,1,2
2173,316,1,2
2173,317,1,2
2173,318,1,2
2173,319,1,2
2173,320,1,2
2173,321,1,2
2173,322,1,2
2173,323,1,2
2173,324,1,2
2173,325,1,2
2173,326,1,2
2173,327,1,2
2173,328,1,2
2173,329,1,2
2173,330,1,2
2173,331,1,2
2173,332,1,2
2173,333,1,2
2173,334,1,2
2173,335,1,2
2173,336,1,2
2173,337,1,2
2173,338,1,2
2173,339,1,2
2173,340,1,2
2173,341,1,2
2173,342,1,2
2173,343,1,2
2173,344,1,2
2173,345,1,2
2173,346,1,2
2173,347,1,2
2173,348,1,2
2173,349,1,2
2173,350,1,2
2173,351,1,2
2173,352,1,2
2173,353,1,2
2173,354,1,2
2173,355,1,2
2173,356,1,2
2173,357,1,2
2173,358,1,2
2173,359,1,2
2173,360,1,2
2173,361,1,2
2173,362,1,2
2173,363,1,2
2173,364,1,2
2173,365,1,2
2173,366,1,2
2173,367,1,2
2173,368,1,2
2173,369,1,2
2173,370,1,2
2173,371,1,2
2173,372,1,2
2173,373,1,2
2173,374,1,2
2173,375,1,2
2173,376,1,2
2173,377,1,2
2173,378,1,2
2173,379,1,2
2173,380,1,2
2173,381,1,2
2173,382,1,2
2173,383,1,2
2173,384,1,2
2173,385,1,2
2173,386,1,2
2173,387,1,2
2173,388,1,2
2173,389,1,2
2173,390,1,2
2173,391,1,2
2173,392,1,2
2173,393,1,2
2173,394,1,2
2173,395,1,2
2173,396,1,2
2173,397,1,2
2173,398,1,2
2173,399,1,2
2173,400,1,2
2173,401,1,2
2173,402,1,2
2173,403,1,2
2173,404,1,2
2173,405,1,2
2173,406,1,2
2173,407,1,2
2173,408,1,2
2173,409,1,2
2173,410,1,2
2173,411,1,2
2173,412,1,2
2173,413,1,2
2173,414,1,2
2173,415,1,2
2173,416,1,2
2173,417,1,2
2173,418,1,2
2173,419,1,2
2173,420,1,2
2173,421,1,2
2173,422,1,2
2173,423,1,2
2173,424,1,2
2173,425,1,2
2173,426,1,2
2173,427,1,2
2173,428,1,2
2173,429,1,2
2173,430,1,2
2173,431,1,2
2173,432,1,2
2173,433,1,2
2173,434,1,2
2173,435,1,2
2173,436,1,2
2173,437,1,2
2173,438,1,2
2173,439,1,2
2173,440,1,2
2173,441,1,2
2173,442,1,2
2173,443,1,2
2173,444,1,2
2173,445,1,2
2173,446,1,2
2173,447,1,2
2173,448,1,2
2173,449,1,2
2173,450,1,2
2173,451,1,2
2173,452,1,2
2173,453,1,2
2173,454,1,2
2173,455,1,2
2173,456,1,2
2173,457,1,2
2173,458,1,2
2173,459,1,2
2173,460,1,2
2173,461,1,2
2173,462,1,2
2173,463,1,2
2173,464,1,2
2173,465,1,2
2173,466,1,2
2173,467,1,2
2173,468,1,2
2173,469,1,2
2173,470,1,2
2173,471,1,2
2173,472,1,2
2173,473,1,2
2173,474,1,2
2173,475,1,2
2173,476,1,2
2173,477,1,2
2173,478,1,2
2173,479,1,2
2173,480,1,2
2173,481,1,2
2173,482,1,2
2173,483,1,2
2173,484,1,2
2173,485,1,2
2173,486,1,2
2173,487,1,2
2173,488,1,2
2173,489,1,2
2173,490,1,2
2173,491,1,2
2173,492,1,2
2173,493,1,2
2173,494,1,2
2173,495,1,2
2173,496,1,2
2173,497,1,2
2173,498,1,2
2173,499,1,2
2173,500,1,2
2173,501,1,2
2173,502,1,2
2173,503,1,2
2173,504,1,2
2173,505,1,2
2173,506,1,2
2173,507,1,2
2173,508,1,2
2173,509,1,2
2173,510,1,2
2173,511,1,2
2173,512,1,2
2173,513,1,2
2173,514,1,2
2173,515,1,2
2173,516,1,2
2173,517,1,2
2174,196,1,2
2174,197,1,2
2174,198,1,2
2174,199,1,2
2174,200,1,2
2174,201,1,2
2174,202,1,2
2174,203,1,2
2174,204,1,2
2174,205,1,2
2174,206,1,2
2174,207,1,2
2174,208,1,2
2174,209,1,2
2174,210,1,2
2174,211,1,2
2174,212,1,2
2174,213,1,2
2174,214,1,2
2174,215,1,2
2174,216,1,2
2174,217,1,2
2174,218,1,2
2174,219,1,2
2174,220,1,2
2174,221,1,2
2174,222,1,2
2174,223,1,2
2174,224,1,2
2174,225,1,2
2174,226,1,2
2174,227,1,2
2174,228,1,2
2174,229,1,2
2174,230,1,2
2174,231,1,2
2174,232,1,2
2174,233,1,2
2174,234,1,2
2174,235,1,2
2174,236,1,2
2174,237,1,2
2174,238,1,2
2174,239,1,2
2174,240,1,2
2174,241,1,2
2174,242,1,2
2174,243,1,2
2174,244,1,2
2174,245,1,2
2174,246,1,2
2174,247,1,2
2174,248,1,2
2174,249,1,2
2174,250,1,2
2174,251,1,2
2174,252,1,2
2174,253,1,2
2174,254,1,2
2174,255,1,2
2174,256,1,2
2174,257,1,2
2174,258,1,2
2174,259,1,2
2174,260,1,2
2174,261,1,2
2174,262,1,2
2174,263,1,2
2174,264,1,2
2174,265,1,2
2174,266,1,2
2174,267,1,2
2174,268,1,2
2174,269,1,2
2174,270,1,2
2174,271,1,2
2174,272,1,2
2174,273,1,2
2174,274,1,2
2174,275,1,2
2174,276,1,2
2174,277,1,2
2174,278,1,2
2174,279,1,2
2174,280,1,2
2174,281,1,2
2174,282,1,2
2174,283,1,2
2174,284,1,2
2174,285,1,2
2174,286,1,2
2174,287,1,2
2174,288,1,2
2174,289,1,2
2174,290,1,2
2174,291,1,2
2174,292,1,2
2174,293,1,2
2174,294,1,2
2174,295,1,2
2174,296,1,2
2174,297,1,2
2174,298,1,2
2174,299,1,2
2174,300,1,2
2174,301,1,2
2174,302,1,2
2174,303,1,2
2174,304,1,2
2174,305,1,2
2174,306,1,2
2174,307,1,2
2174,308,1,2
2174,309,1,2
2174,310,1,2
2174,311,1,2
2174,312,1,2
2174,313,1,2
2174,314,1,2
2174,315,1,2
2174,316,1,2
2174,317,1,2
2174,318,1,2
2174,319,1,2
2174,320,1,2
2174,321,1,2
2174,322,1,2
2174,323,1,2
2174,324,1,2
2174,325,1,2
2174,326,1,2
2174,327,1,2
2174,328,1,2
2174,329,1,2
2174,330,1,2
2174,331,1,2
2174,332,1,2
2174,333,1,2
2174,334,1,2
2174,335,1,2
2174,336,1,2
2174,337,1,2
2174,338,1,2
2174,339,1,2
2174,340,1,2
2174,341,1,2
2174,342,1,2
2174,343,1,2
2174,344,1,2
2174,345,1,2
2174,346,1,2
2174,347,1,2
2174,348,1,2
2174,349,1,2
2174,350,1,2
2174,351,1,2
2174,352,1,2
2174,353,1,2
2174,354,1,2
2174,355,1,2
2174,356,1,2
2174,357,1,2
2174,358,1,2
2174,359,1,2
2174,360,1,2
2174,361,1,2
2174,362,1,2
2174,363,1,2
2174,364,1,2
2174,365,1,2
2174,366,1,2
2174,367,1,2
2174,368,1,2
2174,369,1,2
2174,370,1,2
2174,371,1,2
2174,372,1,2
2174,373,1,2
2174,374,1,2
2174,375,1,2
2174,376,1,2
2174,377,1,2
2174,378,1,2
2174,379,1,2
2174,380,1,2
2174,381,1,2
2174,382,1,2
2174,383,1,2
2174,384,1,2
2174,385,1,2
2174,386,1,2
2174,387,1,2
2174,388,1,2
2174,389,1,2
2174,390,1,2
2174,391,1,2
2174,392,1,2
2174,393,1,2
2174,394,1,2
2174,395,1,2
2174,396,1,2
2174,397,1,2
2174,398,1,2
2174,399,1,2
2174,400,1,2
2174,401,1,2
2174,402,1,2
2174,403,1,2
2174,404,1,2
2174,405,1,2
2174,406,1,2
2174,407,1,2
2174,408,1,2
2174,409,1,2
2174,410,1,2
2174,411,1,2
2174,412,1,2
2174,413,1,2
2174,414,1,2
2174,415,1,2
2174,416,1,2
2174,417,1,2
2174,418,1,2
2174,419,1,2
2174,420,1,2
2174,421,1,2
2174,422,1,2
2174,423,1,2
2174,424,1,2
2174,425,1,2
2174,426,1,2
2174,427,1,2
2174,428,1,2
2174,429,1,2
2174,430,1,2
2174,431,1,2
2174,432,1,2
2174,433,1,2
2174,434,1,2
2174,435,1,2
2174,436,1,2
2174,437,1,2
2174,438,1,2
2174,439,1,2
2174,440,1,2
2174,441,1,2
2174,442,1,2
2174,443,1,2
2174,444,1,2
2174,445,1,2
2174,446,1,2
2174,447,1,2
2174,448,1,2
2174,449,1,2
2174,450,1,2
2174,451,1,2
2174,452,1,2
2174,453,1,2
2174,454,1,2
2174,455,1,2
2174,456,1,2
2174,457,1,2
2174,458,1,2
2174,459,1,2
2174,460,1,2
2174,461,1,2
2174,462,1,2
2174,463,1,2
2174,464,1,2
2174,465,1,2
2174,466,1,2
2174,467,1,2
2174,468,1,2
2174,469,1,2
2174,470,1,2
2174,471,1,2
2174,472,1,2
2174,473,1,2
2174,474,1,2
2174,475,1,2
2174,476,1,2
2174,477,1,2
2174,478,1,2
2174,479,1,2
2174,480,1,2
2174,481,1,2
2174,482,1,2
2174,483,1,2
2174,484,1,2
2174,485,1,2
2174,486,1,2
2174,487,1,2
2174,488,1,2
2174,489,1,2
2174,490,1,2
2174,491,1,2
2174,492,1,2
2174,493,1,2
2174,494,1,2
2174,495,1,2
2174,496,1,2
2174,497,1,2
2174,498,1,2
2174,499,1,2
2174,500,1,2
2174,501,1,2
2174,502,1,2
2174,503,1,2
2174,504,1,2
2174,505,1,2
2174,506,1,2
2174,507,1,2
2174,508,1,2
2174,509,1,2
2174,510,1,2
2174,511,1,2
2174,512,1,2
2174,513,1,2
2174,514,1,2
2174,515,1,2
2175,196,1,2
2175,197,1,2
2175,198,1,2
2175,199,1,2
2175,200,1,2
2175,201,1,2
2175,202,1,2
2175,203,1,2
2175,204,1,2
2175,205,1,2
2175,206,1,2
2175,207,1,2
2175,208,1,2
2175,209,1,2
2175,210,1,2
2175,211,1,2
2175,212,1,2
2175,213,1,2
2175,214,1,2
2175,215,1,2
2175,216,1,2
2175,217,1,2
2175,218,1,2
2175,219,1,2
2175,220,1,2
2175,221,1,2
2175,222,1,2
2175,223,1,2
2175,224,1,2
2175,225,1,2
2175,226,1,2
2175,227,1,2
2175,228,1,2
2175,229,1,2
2175,230,1,2
2175,231,1,2
2175,232,1,2
2175,233,1,2
2175,234,1,2
2175,235,1,2
2175,236,1,2
2175,237,1,2
2175,238,1,2
2175,239,1,2
2175,240,1,2
2175,241,1,2
2175,242,1,2
2175,243,1,2
2175,244,1,2
2175,245,1,2
2175,246,1,2
2175,247,1,2
2175,248,1,2
2175,249,1,2
2175,250,1,2
2175,251,1,2
2175,252,1,2
2175,253,1,2
2175,254,1,2
2175,255,1,2
2175,256,1,2
2175,257,1,2
2175,258,1,2
2175,259,1,2
2175,260,1,2
2175,261,1,2
2175,262,1,2
2175,263,1,2
2175,264,1,2
2175,265,1,2
2175,266,1,2
2175,267,1,2
2175,268,1,2
2175,269,1,2
2175,270,1,2
2175,271,1,2
2175,272,1,2
2175,273,1,2
2175,274,1,2
2175,275,1,2
2175,276,1,2
2175,277,1,2
2175,278,1,2
2175,279,1,2
2175,280,1,2
2175,281,1,2
2175,282,1,2
2175,283,1,2
2175,284,1,2
2175,285,1,2
2175,286,1,2
2175,287,1,2
2175,288,1,2
2175,289,1,2
2175,290,1,2
2175,291,1,2
2175,292,1,2
2175,293,1,2
2175,294,1,2
2175,295,1,2
2175,296,1,2
2175,297,1,2
2175,298,1,2
2175,299,1,2
2175,300,1,2
2175,301,1,2
2175,302,1,2
2175,303,1,2
2175,304,1,2
2175,305,1,2
2175,306,1,2
2175,307,1,2
2175,308,1,2
2175,309,1,2
2175,310,1,2
2175,311,1,2
2175,312,1,2
2175,313,1,2
2175,314,1,2
2175,315,1,2
2175,316,1,2
2175,317,1,2
2175,318,1,2
2175,319,1,2
2175,320,1,2
2175,321,1,2
2175,322,1,2
2175,323,1,2
2175,324,1,2
2175,325,1,2
2175,326,1,2
2175,327,1,2
2175,328,1,2
2175,329,1,2
2175,330,1,2
2175,331,1,2
2175,332,1,2
2175,333,1,2
2175,334,1,2
2175,335,1,2
2175,336,1,2
2175,337,1,2
2175,338,1,2
2175,339,1,2
2175,340,1,2
2175,341,1,2
2175,342,1,2
2175,343,1,2
2175,344,1,2
2175,345,1,2
2175,346,1,2
2175,347,1,2
2175,348,1,2
2175,349,1,2
2175,350,1,2
2175,351,1,2
2175,352,1,2
2175,353,1,2
2175,354,1,2
2175,355,1,2
2175,356,1,2
2175,357,1,2
2175,358,1,2
2175,359,1,2
2175,360,1,2
2175,361,1,2
2175,362,1,2
2175,363,1,2
2175,364,1,2
2175,365,1,2
2175,366,1,2
2175,367,1,2
2175,368,1,2
2175,369,1,2
2175,370,1,2
2175,371,1,2
2175,372,1,2
2175,373,1,2
2175,374,1,2
2175,375,1,2
2175,376,1,2
2175,377,1,2
2175,378,1,2
2175,379,1,2
2175,380,1,2
2175,381,1,2
2175,382,1,2
2175,383,1,2
2175,384,1,2
2175,385,1,2
2175,386,1,2
2175,387,1,2
2175,388,1,2
2175,389,1,2
2175,390,1,2
2175,391,1,2
2175,392,1,2
2175,393,1,2
2175,394,1,2
2175,395,1,2
2175,396,1,2
2175,397,1,2
2175,398,1,2
2175,399,1,2
2175,400,1,2
2175,401,1,2
2175,402,1,2
2175,403,1,2
2175,404,1,2
2175,405,1,2
2175,406,1,2
2175,407,1,2
2175,408,1,2
2175,409,1,2
2175,410,1,2
2175,411,1,2
2175,412,1,2
2175,413,1,2
2175,414,1,2
2175,415,1,2
2175,416,1,2
2175,417,1,2
2175,418,1,2
2175,419,1,2
2175,420,1,2
2175,421,1,2
2175,422,1,2
2175,423,1,2
2175,424,1,2
2175,425,1,2
2175,426,1,2
2175,427,1,2
2175,428,1,2
2175,429,1,2
2175,430,1,2
2175,431,1,2
2175,432,1,2
2175,433,1,2
2175,434,1,2
2175,435,1,2
2175,436,1,2
2175,437,1,2
2175,438,1,2
2175,439,1,2
2175,440,1,2
2175,441,1,2
2175,442,1,2
2175,443,1,2
2175,444,1,2
2175,445,1,2
2175,446,1,2
2175,447,1,2
2175,448,1,2
2175,449,1,2
2175,450,1,2
2175,451,1,2
2175,452,1,2
2175,453,1,2
2175,454,1,2
2175,455,1,2
2175,456,1,2
2175,457,1,2
2175,458,1,2
2175,459,1,2
2175,460,1,2
2175,461,1,2
2175,462,1,2
2175,463,1,2
2175,464,1,2
2175,465,1,2
2175,466,1,2
2175,467,1,2
2175,468,1,2
2175,469,1,2
2175,470,1,2
2175,471,1,2
2175,472,1,2
2175,473,1,2
2175,474,1,2
2175,475,1,2
2175,476,1,2
2175,477,1,2
2175,478,1,2
2175,479,1,2
2175,480,1,2
2175,481,1,2
2175,482,1,2
2175,483,1,2
2175,484,1,2
2175,485,1,2
2175,486,1,2
2175,487,1,2
2175,488,1,2
2175,489,1,2
2175,490,1,2
2175,491,1,2
2175,492,1,2
2175,493,1,2
2175,494,1,2
2175,495,1,2
2175,496,1,2
2175,497,1,2
2175,498,1,2
2175,499,1,2
2175,500,1,2
2175,501,1,2
2175,502,1,2
2175,503,1,2
2175,504,1,2
2175,505,1,2
2175,506,1,2
2175,507,1,2
2175,508,1,2
2175,509,1,2
2175,510,1,2
2175,511,1,2
2175,512,1,2
2175,513,1,2
2175,514,1,2
2175,515,1,2
2176,200,1,2
2176,201,1,2
2176,202,1,2
2176,203,1,2
2176,204,1,2
2176,205,1,2
2176,206,1,2
2176,207,1,2
2176,208,1,2
2176,209,1,2
2176,210,1,2
2176,211,1,2
2176,212,1,2
2176,213,1,2
2176,214,1,2
2176,215,1,2
2176,216,1,2
2176,217,1,2
2176,218,1,2
2176,219,1,2
2176,220,1,2
2176,221,1,2
2176,222,1,2
2176,223,1,2
2176,224,1,2
2176,225,1,2
2176,226,1,2
2176,227,1,2
2176,228,1,2
2176,229,1,2
2176,230,1,2
2176,231,1,2
2176,232,1,2
2176,233,1,2
2176,234,1,2
2176,235,1,2
2176,236,1,2
2176,237,1,2
2176,238,1,2
2176,239,1,2
2176,240,1,2
2176,241,1,2
2176,242,1,2
2176,243,1,2
2176,244,1,2
2176,245,1,2
2176,246,1,2
2176,247,1,2
2176,248,1,2
2176,249,1,2
2176,250,1,2
2176,251,1,2
2176,252,1,2
2176,253,1,2
2176,254,1,2
2176,255,1,2
2176,256,1,2
2176,257,1,2
2176,258,1,2
2176,259,1,2
2176,260,1,2
2176,261,1,2
2176,262,1,2
2176,263,1,2
2176,264,1,2
2176,265,1,2
2176,266,1,2
2176,267,1,2
2176,268,1,2
2176,269,1,2
2176,270,1,2
2176,271,1,2
2176,272,1,2
2176,273,1,2
2176,274,1,2
2176,275,1,2
2176,276,1,2
2176,277,1,2
2176,278,1,2
2176,279,1,2
2176,280,1,2
2176,281,1,2
2176,282,1,2
2176,283,1,2
2176,284,1,2
2176,285,1,2
2176,286,1,2
2176,287,1,2
2176,288,1,2
2176,289,1,2
2176,290,1,2
2176,291,1,2
2176,292,1,2
2176,293,1,2
2176,294,1,2
2176,295,1,2
2176,296,1,2
2176,297,1,2
2176,298,1,2
2176,299,1,2
2176,300,1,2
2176,301,1,2
2176,302,1,2
2176,303,1,2
2176,304,1,2
2176,305,1,2
2176,306,1,2
2176,307,1,2
2176,308,1,2
2176,309,1,2
2176,310,1,2
2176,311,1,2
2176,312,1,2
2176,313,1,2
2176,314,1,2
2176,315,1,2
2176,316,1,2
2176,317,1,2
2176,318,1,2
2176,319,1,2
2176,320,1,2
2176,321,1,2
2176,322,1,2
2176,323,1,2
2176,324,1,2
2176,325,1,2
2176,326,1,2
2176,327,1,2
2176,328,1,2
2176,329,1,2
2176,330,1,2
2176,331,1,2
2176,332,1,2
2176,333,1,2
2176,334,1,2
2176,335,1,2
2176,336,1,2
2176,337,1,2
2176,338,1,2
2176,339,1,2
2176,340,1,2
2176,341,1,2
2176,342,1,2
2176,343,1,2
2176,344,1,2
2176,345,1,2
2176,346,1,2
2176,347,1,2
2176,348,1,2
2176,349,1,2
2176,350,1,2
2176,351,1,2
2176,352,1,2
2176,353,1,2
2176,354,1,2
2176,355,1,2
2176,356,1,2
2176,357,1,2
2176,358,1,2
2176,359,1,2
2176,360,1,2
2176,361,1,2
2176,362,1,2
2176,363,1,2
2176,364,1,2
2176,365,1,2
2176,366,1,2
2176,367,1,2
2176,368,1,2
2176,369,1,2
2176,370,1,2
2176,371,1,2
2176,372,1,2
2176,373,1,2
2176,374,1,2
2176,375,1,2
2176,376,1,2
2176,377,1,2
2176,378,1,2
2176,379,1,2
2176,380,1,2
2176,381,1,2
2176,382,1,2
2176,383,1,2
2176,384,1,2
2176,385,1,2
2176,386,1,2
2176,387,1,2
2176,388,1,2
2176,389,1,2
2176,390,1,2
2176,391,1,2
2176,392,1,2
2176,393,1,2
2176,394,1,2
2176,395,1,2
2176,396,1,2
2176,397,1,2
2176,398,1,2
2176,399,1,2
2176,400,1,2
2176,401,1,2
2176,402,1,2
2176,403,1,2
2176,404,1,2
2176,405,1,2
2176,406,1,2
2176,407,1,2
2176,408,1,2
2176,409,1,2
2176,410,1,2
2176,411,1,2
2176,412,1,2
2176,413,1,2
2176,414,1,2
2176,415,1,2
2176,416,1,2
2176,417,1,2
2176,418,1,2
2176,419,1,2
2176,420,1,2
2176,421,1,2
2176,422,1,2
2176,423,1,2
2176,424,1,2
2176,425,1,2
2176,426,1,2
2176,427,1,2
2176,428,1,2
2176,429,1,2
2176,430,1,2
2176,431,1,2
2176,432,1,2
2176,433,1,2
2176,434,1,2
2176,435,1,2
2176,436,1,2
2176,437,1,2
2176,438,1,2
2176,439,1,2
2176,440,1,2
2176,441,1,2
2176,442,1,2
2176,443,1,2
2176,444,1,2
2176,445,1,2
2176,446,1,2
2176,447,1,2
2176,448,1,2
2176,449,1,2
2176,450,1,2
2176,451,1,2
2176,452,1,2
2176,453,1,2
2176,454,1,2
2176,455,1,2
2176,456,1,2
2176,457,1,2
2176,458,1,2
2176,459,1,2
2176,460,1,2
2176,461,1,2
2176,462,1,2
2176,463,1,2
2176,464,1,2
2176,465,1,2
2176,466,1,2
2176,467,1,2
2176,468,1,2
2176,469,1,2
2176,470,1,2
2176,471,1,2
2176,472,1,2
2176,473,1,2
2176,474,1,2
2176,475,1,2
2176,476,1,2
2176,477,1,2
2176,478,1,2
2176,479,1,2
2176,480,1,2
2176,481,1,2
2176,482,1,2
2176,483,1,2
2176,484,1,2
2176,485,1,2
2176,486,1,2
2176,487,1,2
2176,488,1,2
2176,489,1,2
2176,490,1,2
2176,491,1,2
2176,492,1,2
2176,493,1,2
2176,494,1,2
2176,495,1,2
2176,496,1,2
2176,497,1,2
2176,498,1,2
2176,499,1,2
2176,500,1,2
2176,501,1,2
2176,502,1,2
2176,503,1,2
2176,504,1,2
2176,505,1,2
2176,506,1,2
2176,507,1,2
2176,508,1,2
2176,509,1,2
2176,510,1,2
2176,511,1,2
2176,512,1,2
2176,513,1,2
2176,514,1,2
2177,201,1,2
2177,202,1,2
2177,203,1,2
2177,204,1,2
2177,205,1,2
2177,206,1,2
2177,207,1,2
2177,208,1,2
2177,209,1,2
2177,210,1,2
2177,211,1,2
2177,212,1,2
2177,213,1,2
2177,214,1,2
2177,215,1,2
2177,216,1,2
2177,217,1,2
2177,218,1,2
2177,219,1,2
2177,220,1,2
2177,221,1,2
2177,222,1,2
2177,223,1,2
2177,224,1,2
2177,225,1,2
2177,226,1,2
2177,227,1,2
2177,228,1,2
2177,229,1,2
2177,230,1,2
2177,231,1,2
2177,232,1,2
2177,233,1,2
2177,234,1,2
2177,235,1,2
2177,236,1,2
2177,237,1,2
2177,238,1,2
2177,239,1,2
2177,240,1,2
2177,241,1,2
2177,242,1,2
2177,243,1,2
2177,244,1,2
2177,245,1,2
2177,246,1,2
2177,247,1,2
2177,248,1,2
2177,249,1,2
2177,250,1,2
2177,251,1,2
2177,252,1,2
2177,253,1,2
2177,254,1,2
2177,255,1,2
2177,256,1,2
2177,257,1,2
2177,258,1,2
2177,259,1,2
2177,260,1,2
2177,261,1,2
2177,262,1,2
2177,263,1,2
2177,264,1,2
2177,265,1,2
2177,266,1,2
2177,267,1,2
2177,268,1,2
2177,269,1,2
2177,270,1,2
2177,271,1,2
2177,272,1,2
2177,273,1,2
2177,274,1,2
2177,275,1,2
2177,276,1,2
2177,277,1,2
2177,278,1,2
2177,279,1,2
2177,280,1,2
2177,281,1,2
2177,282,1,2
2177,283,1,2
2177,284,1,2
2177,285,1,2
2177,286,1,2
2177,287,1,2
2177,288,1,2
2177,289,1,2
2177,290,1,2
2177,291,1,2
2177,292,1,2
2177,293,1,2
2177,294,1,2
2177,295,1,2
2177,296,1,2
2177,297,1,2
2177,298,1,2
2177,299,1,2
2177,300,1,2
2177,301,1,2
2177,302,1,2
2177,303,1,2
2177,304,1,2
2177,305,1,2
2177,306,1,2
2177,307,1,2
2177,308,1,2
2177,309,1,2
2177,310,1,2
2177,311,1,2
2177,312,1,2
2177,313,1,2
2177,314,1,2
2177,315,1,2
2177,316,1,2
2177,317,1,2
2177,318,1,2
2177,319,1,2
2177,320,1,2
2177,321,1,2
2177,322,1,2
2177,323,1,2
2177,324,1,2
2177,325,1,2
2177,326,1,2
2177,327,1,2
2177,328,1,2
2177,329,1,2
2177,330,1,2
2177,331,1,2
2177,332,1,2
2177,333,1,2
2177,334,1,2
2177,335,1,2
2177,336,1,2
2177,337,1,2
2177,338,1,2
2177,339,1,2
2177,340,1,2
2177,341,1,2
2177,342,1,2
2177,343,1,2
2177,344,1,2
2177,345,1,2
2177,346,1,2
2177,347,1,2
2177,348,1,2
2177,349,1,2
2177,350,1,2
2177,351,1,2
2177,352,1,2
2177,353,1,2
2177,354,1,2
2177,355,1,2
2177,356,1,2
2177,357,1,2
2177,358,1,2
2177,359,1,2
2177,360,1,2
2177,361,1,2
2177,362,1,2
2177,363,1,2
2177,364,1,2
2177,365,1,2
2177,366,1,2
2177,367,1,2
2177,368,1,2
2177,369,1,2
2177,370,1,2
2177,371,1,2
2177,372,1,2
2177,373,1,2
2177,374,1,2
2177,375,1,2
2177,376,1,2
2177,377,1,2
2177,378,1,2
2177,379,1,2
2177,380,1,2
2177,381,1,2
2177,382,1,2
2177,383,1,2
2177,384,1,2
2177,385,1,2
2177,386,1,2
2177,387,1,2
2177,388,1,2
2177,389,1,2
2177,390,1,2
2177,391,1,2
2177,392,1,2
2177,393,1,2
2177,394,1,2
2177,395,1,2
2177,396,1,2
2177,397,1,2
2177,398,1,2
2177,399,1,2
2177,400,1,2
2177,401,1,2
2177,402,1,2
2177,403,1,2
2177,404,1,2
2177,405,1,2
2177,406,1,2
2177,407,1,2
2177,408,1,2
2177,409,1,2
2177,410,1,2
2177,411,1,2
2177,412,1,2
2177,413,1,2
2177,414,1,2
2177,415,1,2
2177,416,1,2
2177,417,1,2
2177,418,1,2
2177,419,1,2
2177,420,1,2
2177,421,1,2
2177,422,1,2
2177,423,1,2
2177,424,1,2
2177,425,1,2
2177,426,1,2
2177,427,1,2
2177,428,1,2
2177,429,1,2
2177,430,1,2
2177,431,1,2
2177,432,1,2
2177,433,1,2
2177,434,1,2
2177,435,1,2
2177,436,1,2
2177,437,1,2
2177,438,1,2
2177,439,1,2
2177,440,1,2
2177,441,1,2
2177,442,1,2
2177,443,1,2
2177,444,1,2
2177,445,1,2
2177,446,1,2
2177,447,1,2
2177,448,1,2
2177,449,1,2
2177,450,1,2
2177,451,1,2
2177,452,1,2
2177,453,1,2
2177,454,1,2
2177,455,1,2
2177,456,1,2
2177,457,1,2
2177,458,1,2
2177,459,1,2
2177,460,1,2
2177,461,1,2
2177,462,1,2
2177,463,1,2
2177,464,1,2
2177,465,1,2
2177,466,1,2
2177,467,1,2
2177,468,1,2
2177,469,1,2
2177,470,1,2
2177,471,1,2
2177,472,1,2
2177,473,1,2
2177,474,1,2
2177,475,1,2
2177,476,1,2
2177,477,1,2
2177,478,1,2
2177,479,1,2
2177,480,1,2
2177,481,1,2
2177,482,1,2
2177,483,1,2
2177,484,1,2
2177,485,1,2
2177,486,1,2
2177,487,1,2
2177,488,1,2
2177,489,1,2
2177,490,1,2
2177,491,1,2
2177,492,1,2
2177,493,1,2
2177,494,1,2
2177,495,1,2
2177,496,1,2
2177,497,1,2
2177,498,1,2
2177,499,1,2
2177,500,1,2
2177,501,1,2
2177,502,1,2
2177,503,1,2
2177,504,1,2
2177,505,1,2
2177,506,1,2
2177,507,1,2
2177,508,1,2
2177,509,1,2
2177,510,1,2
2177,511,1,2
2177,512,1,2
2177,513,1,2
2177,514,1,2
2178,202,1,2
2178,203,1,2
2178,204,1,2
2178,205,1,2
2178,206,1,2
2178,207,1,2
2178,208,1,2
2178,209,1,2
2178,210,1,2
2178,211,1,2
2178,212,1,2
2178,213,1,2
2178,214,1,2
2178,215,1,2
2178,216,1,2
2178,217,1,2
2178,218,1,2
2178,219,1,2
2178,220,1,2
2178,221,1,2
2178,222,1,2
2178,223,1,2
2178,224,1,2
2178,225,1,2
2178,226,1,2
2178,227,1,2
2178,228,1,2
2178,229,1,2
2178,230,1,2
2178,231,1,2
2178,232,1,2
2178,233,1,2
2178,234,1,2
2178,235,1,2
2178,236,1,2
2178,237,1,2
2178,238,1,2
2178,239,1,2
2178,240,1,2
2178,241,1,2
2178,242,1,2
2178,243,1,2
2178,244,1,2
2178,245,1,2
2178,246,1,2
2178,247,1,2
2178,248,1,2
2178,249,1,2
2178,250,1,2
2178,251,1,2
2178,252,1,2
2178,253,1,2
2178,254,1,2
2178,255,1,2
2178,256,1,2
2178,257,1,2
2178,258,1,2
2178,259,1,2
2178,260,1,2
2178,261,1,2
2178,262,1,2
2178,263,1,2
2178,264,1,2
2178,265,1,2
2178,266,1,2
2178,267,1,2
2178,268,1,2
2178,269,1,2
2178,270,1,2
2178,271,1,2
2178,272,1,2
2178,273,1,2
2178,274,1,2
2178,275,1,2
2178,276,1,2
2178,277,1,2
2178,278,1,2
2178,279,1,2
2178,280,1,2
2178,281,1,2
2178,282,1,2
2178,283,1,2
2178,284,1,2
2178,285,1,2
2178,286,1,2
2178,287,1,2
2178,288,1,2
2178,289,1,2
2178,290,1,2
2178,291,1,2
2178,292,1,2
2178,293,1,2
2178,294,1,2
2178,295,1,2
2178,296,1,2
2178,297,1,2
2178,298,1,2
2178,299,1,2
2178,300,1,2
2178,301,1,2
2178,302,1,2
2178,303,1,2
2178,304,1,2
2178,305,1,2
2178,306,1,2
2178,307,1,2
2178,308,1,2
2178,309,1,2
2178,310,1,2
2178,311,1,2
2178,312,1,2
2178,313,1,2
2178,314,1,2
2178,315,1,2
2178,316,1,2
2178,317,1,2
2178,318,1,2
2178,319,1,2
2178,320,1,2
2178,321,1,2
2178,322,1,2
2178,323,1,2
2178,324,1,2
2178,325,1,2
2178,326,1,2
2178,327,1,2
2178,328,1,2
2178,329,1,2
2178,330,1,2
2178,331,1,2
2178,332,1,2
2178,333,1,2
2178,334,1,2
2178,335,1,2
2178,336,1,2
2178,337,1,2
2178,338,1,2
2178,339,1,2
2178,340,1,2
2178,341,1,2
2178,342,1,2
2178,343,1,2
2178,344,1,2
2178,345,1,2
2178,346,1,2
2178,347,1,2
2178,348,1,2
2178,349,1,2
2178,350,1,2
2178,351,1,2
2178,352,1,2
2178,353,1,2
2178,354,1,2
2178,355,1,2
2178,356,1,2
2178,357,1,2
2178,358,1,2
2178,359,1,2
2178,360,1,2
2178,361,1,2
2178,362,1,2
2178,363,1,2
2178,364,1,2
2178,365,1,2
2178,366,1,2
2178,367,1,2
2178,368,1,2
2178,369,1,2
2178,370,1,2
2178,371,1,2
2178,372,1,2
2178,373,1,2
2178,374,1,2
2178,375,1,2
2178,376,1,2
2178,377,1,2
2178,378,1,2
2178,379,1,2
2178,380,1,2
2178,381,1,2
2178,382,1,2
2178,383,1,2
2178,384,1,2
2178,385,1,2
2178,386,1,2
2178,387,1,2
2178,388,1,2
2178,389,1,2
2178,390,1,2
2178,391,1,2
2178,392,1,2
2178,393,1,2
2178,394,1,2
2178,395,1,2
2178,396,1,2
2178,397,1,2
2178,398,1,2
2178,399,1,2
2178,400,1,2
2178,401,1,2
2178,402,1,2
2178,403,1,2
2178,404,1,2
2178,405,1,2
2178,406,1,2
2178,407,1,2
2178,408,1,2
2178,409,1,2
2178,410,1,2
2178,411,1,2
2178,412,1,2
2178,413,1,2
2178,414,1,2
2178,415,1,2
2178,416,1,2
2178,417,1,2
2178,418,1,2
2178,419,1,2
2178,420,1,2
2178,421,1,2
2178,422,1,2
2178,423,1,2
2178,424,1,2
2178,425,1,2
2178,426,1,2
2178,427,1,2
2178,428,1,2
2178,429,1,2
2178,430,1,2
2178,431,1,2
2178,432,1,2
2178,433,1,2
2178,434,1,2
2178,435,1,2
2178,436,1,2
2178,437,1,2
2178,438,1,2
2178,439,1,2
2178,440,1,2
2178,441,1,2
2178,442,1,2
2178,443,1,2
2178,444,1,2
2178,445,1,2
2178,446,1,2
2178,447,1,2
2178,448,1,2
2178,449,1,2
2178,450,1,2
2178,451,1,2
2178,452,1,2
2178,453,1,2
2178,454,1,2
2178,455,1,2
2178,456,1,2
2178,457,1,2
2178,458,1,2
2178,459,1,2
2178,460,1,2
2178,461,1,2
2178,462,1,2
2178,463,1,2
2178,464,1,2
2178,465,1,2
2178,466,1,2
2178,467,1,2
2178,468,1,2
2178,469,1,2
2178,470,1,2
2178,471,1,2
2178,472,1,2
2178,473,1,2
2178,474,1,2
2178,475,1,2
2178,476,1,2
2178,477,1,2
2178,478,1,2
2178,479,1,2
2178,480,1,2
2178,481,1,2
2178,482,1,2
2178,483,1,2
2178,484,1,2
2178,485,1,2
2178,486,1,2
2178,487,1,2
2178,488,1,2
2178,489,1,2
2178,490,1,2
2178,491,1,2
2178,492,1,2
2178,493,1,2
2178,494,1,2
2178,495,1,2
2178,496,1,2
2178,497,1,2
2178,498,1,2
2178,499,1,2
2178,500,1,2
2178,501,1,2
2178,502,1,2
2178,503,1,2
2178,504,1,2
2178,505,1,2
2178,506,1,2
2178,507,1,2
2178,508,1,2
2178,509,1,2
2178,510,1,2
2178,511,1,2
2178,512,1,2
2178,513,1,2
2178,514,1,2
2179,203,1,2
2179,204,1,2
2179,205,1,2
2179,206,1,2
2179,207,1,2
2179,208,1,2
2179,209,1,2
2179,210,1,2
2179,211,1,2
2179,212,1,2
2179,213,1,2
2179,214,1,2
2179,215,1,2
2179,216,1,2
2179,217,1,2
2179,218,1,2
2179,219,1,2
2179,220,1,2
2179,221,1,2
2179,222,1,2
2179,223,1,2
2179,224,1,2
2179,225,1,2
2179,226,1,2
2179,227,1,2
2179,228,1,2
2179,229,1,2
2179,230,1,2
2179,231,1,2
2179,232,1,2
2179,233,1,2
2179,234,1,2
2179,235,1,2
2179,236,1,2
2179,237,1,2
2179,238,1,2
2179,239,1,2
2179,240,1,2
2179,241,1,2
2179,242,1,2
2179,243,1,2
2179,244,1,2
2179,245,1,2
2179,246,1,2
2179,247,1,2
2179,248,1,2
2179,249,1,2
2179,250,1,2
2179,251,1,2
2179,252,1,2
2179,253,1,2
2179,254,1,2
2179,255,1,2
2179,256,1,2
2179,257,1,2
2179,258,1,2
2179,259,1,2
2179,260,1,2
2179,261,1,2
2179,262,1,2
2179,263,1,2
2179,264,1,2
2179,265,1,2
2179,266,1,2
2179,267,1,2
2179,268,1,2
2179,269,1,2
2179,270,1,2
2179,271,1,2
2179,272,1,2
2179,273,1,2
2179,274,1,2
2179,275,1,2
2179,276,1,2
2179,277,1,2
2179,278,1,2
2179,279,1,2
2179,280,1,2
2179,281,1,2
2179,282,1,2
2179,283,1,2
2179,284,1,2
2179,285,1,2
2179,286,1,2
2179,287,1,2
2179,288,1,2
2179,289,1,2
2179,290,1,2
2179,291,1,2
2179,292,1,2
2179,293,1,2
2179,294,1,2
2179,295,1,2
2179,296,1,2
2179,297,1,2
2179,298,1,2
2179,299,1,2
2179,300,1,2
2179,301,1,2
2179,302,1,2
2179,303,1,2
2179,304,1,2
2179,305,1,2
2179,306,1,2
2179,307,1,2
2179,308,1,2
2179,309,1,2
2179,310,1,2
2179,311,1,2
2179,312,1,2
2179,313,1,2
2179,314,1,2
2179,315,1,2
2179,316,1,2
2179,317,1,2
2179,318,1,2
2179,319,1,2
2179,320,1,2
2179,321,1,2
2179,322,1,2
2179,323,1,2
2179,324,1,2
2179,325,1,2
2179,326,1,2
2179,327,1,2
2179,328,1,2
2179,329,1,2
2179,330,1,2
2179,331,1,2
2179,332,1,2
2179,333,1,2
2179,334,1,2
2179,335,1,2
2179,336,1,2
2179,337,1,2
2179,338,1,2
2179,339,1,2
2179,340,1,2
2179,341,1,2
2179,342,1,2
2179,343,1,2
2179,344,1,2
2179,345,1,2
2179,346,1,2
2179,347,1,2
2179,348,1,2
2179,349,1,2
2179,350,1,2
2179,351,1,2
2179,352,1,2
2179,353,1,2
2179,354,1,2
2179,355,1,2
2179,356,1,2
2179,357,1,2
2179,358,1,2
2179,359,1,2
2179,360,1,2
2179,361,1,2
2179,362,1,2
2179,363,1,2
2179,364,1,2
2179,365,1,2
2179,366,1,2
2179,367,1,2
2179,368,1,2
2179,369,1,2
2179,370,1,2
2179,371,1,2
2179,372,1,2
2179,373,1,2
2179,374,1,2
2179,375,1,2
2179,376,1,2
2179,377,1,2
2179,378,1,2
2179,379,1,2
2179,380,1,2
2179,381,1,2
2179,382,1,2
2179,383,1,2
2179,384,1,2
2179,385,1,2
2179,386,1,2
2179,387,1,2
2179,388,1,2
2179,389,1,2
2179,390,1,2
2179,391,1,2
2179,392,1,2
2179,393,1,2
2179,394,1,2
2179,395,1,2
2179,396,1,2
2179,397,1,2
2179,398,1,2
2179,399,1,2
2179,400,1,2
2179,401,1,2
2179,402,1,2
2179,403,1,2
2179,404,1,2
2179,405,1,2
2179,406,1,2
2179,407,1,2
2179,408,1,2
2179,409,1,2
2179,410,1,2
2179,411,1,2
2179,412,1,2
2179,413,1,2
2179,414,1,2
2179,415,1,2
2179,416,1,2
2179,417,1,2
2179,418,1,2
2179,419,1,2
2179,420,1,2
2179,421,1,2
2179,422,1,2
2179,423,1,2
2179,424,1,2
2179,425,1,2
2179,426,1,2
2179,427,1,2
2179,428,1,2
2179,429,1,2
2179,430,1,2
2179,431,1,2
2179,432,1,2
2179,433,1,2
2179,434,1,2
2179,435,1,2
2179,436,1,2
2179,437,1,2
2179,438,1,2
2179,439,1,2
2179,440,1,2
2179,441,1,2
2179,442,1,2
2179,443,1,2
2179,444,1,2
2179,445,1,2
2179,446,1,2
2179,447,1,2
2179,448,1,2
2179,449,1,2
2179,450,1,2
2179,451,1,2
2179,452,1,2
2179,453,1,2
2179,454,1,2
2179,455,1,2
2179,456,1,2
2179,457,1,2
2179,458,1,2
2179,459,1,2
2179,460,1,2
2179,461,1,2
2179,462,1,2
2179,463,1,2
2179,464,1,2
2179,465,1,2
2179,466,1,2
2179,467,1,2
2179,468,1,2
2179,469,1,2
2179,470,1,2
2179,471,1,2
2179,472,1,2
2179,473,1,2
2179,474,1,2
2179,475,1,2
2179,476,1,2
2179,477,1,2
2179,478,1,2
2179,479,1,2
2179,480,1,2
2179,481,1,2
2179,482,1,2
2179,483,1,2
2179,484,1,2
2179,485,1,2
2179,486,1,2
2179,487,1,2
2179,488,1,2
2179,489,1,2
2179,490,1,2
2179,491,1,2
2179,492,1,2
2179,493,1,2
2179,494,1,2
2179,495,1,2
2179,496,1,2
2179,497,1,2
2179,498,1,2
2179,499,1,2
2179,500,1,2
2179,501,1,2
2179,502,1,2
2179,503,1,2
2179,504,1,2
2179,505,1,2
2179,506,1,2
2179,507,1,2
2179,508,1,2
2179,509,1,2
2179,510,1,2
2179,511,1,2
2179,512,1,2
2179,513,1,2
2180,204,1,2
2180,205,1,2
2180,206,1,2
2180,207,1,2
2180,208,1,2
2180,209,1,2
2180,210,1,2
2180,211,1,2
2180,212,1,2
2180,213,1,2
2180,214,1,2
2180,215,1,2
2180,216,1,2
2180,217,1,2
2180,218,1,2
2180,219,1,2
2180,220,1,2
2180,221,1,2
2180,222,1,2
2180,223,1,2
2180,224,1,2
2180,225,1,2
2180,226,1,2
2180,227,1,2
2180,228,1,2
2180,229,1,2
2180,230,1,2
2180,231,1,2
2180,232,1,2
2180,233,1,2
2180,234,1,2
2180,235,1,2
2180,236,1,2
2180,237,1,2
2180,238,1,2
2180,239,1,2
2180,240,1,2
2180,241,1,2
2180,242,1,2
2180,243,1,2
2180,244,1,2
2180,245,1,2
2180,246,1,2
2180,247,1,2
2180,248,1,2
2180,249,1,2
2180,250,1,2
2180,251,1,2
2180,252,1,2
2180,253,1,2
2180,254,1,2
2180,255,1,2
2180,256,1,2
2180,257,1,2
2180,258,1,2
2180,259,1,2
2180,260,1,2
2180,261,1,2
2180,262,1,2
2180,263,1,2
2180,264,1,2
2180,265,1,2
2180,266,1,2
2180,267,1,2
2180,268,1,2
2180,269,1,2
2180,270,1,2
2180,271,1,2
2180,272,1,2
2180,273,1,2
2180,274,1,2
2180,275,1,2
2180,276,1,2
2180,277,1,2
2180,278,1,2
2180,279,1,2
2180,280,1,2
2180,281,1,2
2180,282,1,2
2180,283,1,2
2180,284,1,2
2180,285,1,2
2180,286,1,2
2180,287,1,2
2180,288,1,2
2180,289,1,2
2180,290,1,2
2180,291,1,2
2180,292,1,2
2180,293,1,2
2180,294,1,2
2180,295,1,2
2180,296,1,2
2180,297,1,2
2180,298,1,2
2180,299,1,2
2180,300,1,2
2180,301,1,2
2180,302,1,2
2180,303,1,2
2180,304,1,2
2180,305,1,2
2180,306,1,2
2180,307,1,2
2180,308,1,2
2180,309,1,2
2180,310,1,2
2180,311,1,2
2180,312,1,2
2180,313,1,2
2180,314,1,2
2180,315,1,2
2180,316,1,2
2180,317,1,2
2180,318,1,2
2180,319,1,2
2180,320,1,2
2180,321,1,2
2180,322,1,2
2180,323,1,2
2180,324,1,2
2180,325,1,2
2180,326,1,2
2180,327,1,2
2180,328,1,2
2180,329,1,2
2180,330,1,2
2180,331,1,2
2180,332,1,2
2180,333,1,2
2180,334,1,2
2180,335,1,2
2180,336,1,2
2180,337,1,2
2180,338,1,2
2180,339,1,2
2180,340,1,2
2180,341,1,2
2180,342,1,2
2180,343,1,2
2180,344,1,2
2180,345,1,2
2180,346,1,2
2180,347,1,2
2180,348,1,2
2180,349,1,2
2180,350,1,2
2180,351,1,2
2180,352,1,2
2180,353,1,2
2180,354,1,2
2180,355,1,2
2180,356,1,2
2180,357,1,2
2180,358,1,2
2180,359,1,2
2180,360,1,2
2180,361,1,2
2180,362,1,2
2180,363,1,2
2180,364,1,2
2180,365,1,2
2180,366,1,2
2180,367,1,2
2180,368,1,2
2180,369,1,2
2180,370,1,2
2180,371,1,2
2180,372,1,2
2180,373,1,2
2180,374,1,2
2180,375,1,2
2180,376,1,2
2180,377,1,2
2180,378,1,2
2180,379,1,2
2180,380,1,2
2180,381,1,2
2180,382,1,2
2180,383,1,2
2180,384,1,2
2180,385,1,2
2180,386,1,2
2180,387,1,2
2180,388,1,2
2180,389,1,2
2180,390,1,2
2180,391,1,2
2180,392,1,2
2180,393,1,2
2180,394,1,2
2180,395,1,2
2180,396,1,2
2180,397,1,2
2180,398,1,2
2180,399,1,2
2180,400,1,2
2180,401,1,2
2180,402,1,2
2180,403,1,2
2180,404,1,2
2180,405,1,2
2180,406,1,2
2180,407,1,2
2180,408,1,2
2180,409,1,2
2180,410,1,2
2180,411,1,2
2180,412,1,2
2180,413,1,2
2180,414,1,2
2180,415,1,2
2180,416,1,2
2180,417,1,2
2180,418,1,2
2180,419,1,2
2180,420,1,2
2180,421,1,2
2180,422,1,2
2180,423,1,2
2180,424,1,2
2180,425,1,2
2180,426,1,2
2180,427,1,2
2180,428,1,2
2180,429,1,2
2180,430,1,2
2180,431,1,2
2180,432,1,2
2180,433,1,2
2180,434,1,2
2180,435,1,2
2180,436,1,2
2180,437,1,2
2180,438,1,2
2180,439,1,2
2180,440,1,2
2180,441,1,2
2180,442,1,2
2180,443,1,2
2180,444,1,2
2180,445,1,2
2180,446,1,2
2180,447,1,2
2180,448,1,2
2180,449,1,2
2180,450,1,2
2180,451,1,2
2180,452,1,2
2180,453,1,2
2180,454,1,2
2180,455,1,2
2180,456,1,2
2180,457,1,2
2180,458,1,2
2180,459,1,2
2180,460,1,2
2180,461,1,2
2180,462,1,2
2180,463,1,2
2180,464,1,2
2180,465,1,2
2180,466,1,2
2180,467,1,2
2180,468,1,2
2180,469,1,2
2180,470,1,2
2180,471,1,2
2180,472,1,2
2180,473,1,2
2180,474,1,2
2180,475,1,2
2180,476,1,2
2180,477,1,2
2180,478,1,2
2180,479,1,2
2180,480,1,2
2180,481,1,2
2180,482,1,2
2180,483,1,2
2180,484,1,2
2180,485,1,2
2180,486,1,2
2180,487,1,2
2180,488,1,2
2180,489,1,2
2180,490,1,2
2180,491,1,2
2180,492,1,2
2180,493,1,2
2180,494,1,2
2180,495,1,2
2180,496,1,2
2180,497,1,2
2180,498,1,2
2180,499,1,2
2180,500,1,2
2180,501,1,2
2180,502,1,2
2180,503,1,2
2180,504,1,2
2180,505,1,2
2180,506,1,2
2180,507,1,2
2180,508,1,2
2180,509,1,2
2180,512,1,2
2181,207,1,2
2181,208,1,2
2181,209,1,2
2181,210,1,2
2181,211,1,2
2181,212,1,2
2181,213,1,2
2181,214,1,2
2181,215,1,2
2181,216,1,2
2181,217,1,2
2181,218,1,2
2181,219,1,2
2181,220,1,2
2181,221,1,2
2181,222,1,2
2181,223,1,2
2181,224,1,2
2181,225,1,2
2181,226,1,2
2181,227,1,2
2181,228,1,2
2181,229,1,2
2181,230,1,2
2181,231,1,2
2181,232,1,2
2181,233,1,2
2181,234,1,2
2181,235,1,2
2181,236,1,2
2181,237,1,2
2181,238,1,2
2181,239,1,2
2181,240,1,2
2181,241,1,2
2181,242,1,2
2181,243,1,2
2181,244,1,2
2181,245,1,2
2181,246,1,2
2181,247,1,2
2181,248,1,2
2181,249,1,2
2181,250,1,2
2181,251,1,2
2181,252,1,2
2181,253,1,2
2181,254,1,2
2181,255,1,2
2181,256,1,2
2181,257,1,2
2181,258,1,2
2181,259,1,2
2181,260,1,2
2181,261,1,2
2181,262,1,2
2181,263,1,2
2181,264,1,2
2181,265,1,2
2181,266,1,2
2181,267,1,2
2181,268,1,2
2181,269,1,2
2181,270,1,2
2181,271,1,2
2181,272,1,2
2181,273,1,2
2181,274,1,2
2181,275,1,2
2181,276,1,2
2181,277,1,2
2181,278,1,2
2181,279,1,2
2181,280,1,2
2181,281,1,2
2181,282,1,2
2181,283,1,2
2181,284,1,2
2181,285,1,2
2181,286,1,2
2181,287,1,2
2181,288,1,2
2181,289,1,2
2181,290,1,2
2181,291,1,2
2181,292,1,2
2181,293,1,2
2181,294,1,2
2181,295,1,2
2181,296,1,2
2181,297,1,2
2181,298,1,2
2181,299,1,2
2181,300,1,2
2181,301,1,2
2181,302,1,2
2181,303,1,2
2181,304,1,2
2181,305,1,2
2181,306,1,2
2181,307,1,2
2181,308,1,2
2181,309,1,2
2181,310,1,2
2181,311,1,2
2181,312,1,2
2181,313,1,2
2181,314,1,2
2181,315,1,2
2181,316,1,2
2181,317,1,2
2181,318,1,2
2181,319,1,2
2181,320,1,2
2181,321,1,2
2181,322,1,2
2181,323,1,2
2181,324,1,2
2181,325,1,2
2181,326,1,2
2181,327,1,2
2181,328,1,2
2181,329,1,2
2181,330,1,2
2181,331,1,2
2181,332,1,2
2181,333,1,2
2181,334,1,2
2181,335,1,2
2181,336,1,2
2181,337,1,2
2181,338,1,2
2181,339,1,2
2181,340,1,2
2181,341,1,2
2181,342,1,2
2181,343,1,2
2181,344,1,2
2181,345,1,2
2181,346,1,2
2181,347,1,2
2181,348,1,2
2181,349,1,2
2181,350,1,2
2181,351,1,2
2181,352,1,2
2181,353,1,2
2181,354,1,2
2181,355,1,2
2181,356,1,2
2181,357,1,2
2181,358,1,2
2181,359,1,2
2181,360,1,2
2181,361,1,2
2181,362,1,2
2181,363,1,2
2181,364,1,2
2181,365,1,2
2181,366,1,2
2181,367,1,2
2181,368,1,2
2181,369,1,2
2181,370,1,2
2181,371,1,2
2181,372,1,2
2181,373,1,2
2181,374,1,2
2181,375,1,2
2181,376,1,2
2181,377,1,2
2181,378,1,2
2181,379,1,2
2181,380,1,2
2181,381,1,2
2181,382,1,2
2181,383,1,2
2181,384,1,2
2181,385,1,2
2181,386,1,2
2181,387,1,2
2181,388,1,2
2181,389,1,2
2181,390,1,2
2181,391,1,2
2181,392,1,2
2181,393,1,2
2181,394,1,2
2181,395,1,2
2181,396,1,2
2181,397,1,2
2181,398,1,2
2181,399,1,2
2181,400,1,2
2181,401,1,2
2181,402,1,2
2181,403,1,2
2181,404,1,2
2181,405,1,2
2181,406,1,2
2181,407,1,2
2181,408,1,2
2181,409,1,2
2181,410,1,2
2181,411,1,2
2181,412,1,2
2181,413,1,2
2181,414,1,2
2181,415,1,2
2181,416,1,2
2181,417,1,2
2181,418,1,2
2181,419,1,2
2181,420,1,2
2181,421,1,2
2181,422,1,2
2181,423,1,2
2181,424,1,2
2181,425,1,2
2181,426,1,2
2181,427,1,2
2181,428,1,2
2181,429,1,2
2181,430,1,2
2181,431,1,2
2181,432,1,2
2181,433,1,2
2181,434,1,2
2181,435,1,2
2181,436,1,2
2181,437,1,2
2181,438,1,2
2181,439,1,2
2181,440,1,2
2181,441,1,2
2181,442,1,2
2181,443,1,2
2181,444,1,2
2181,445,1,2
2181,446,1,2
2181,447,1,2
2181,448,1,2
2181,449,1,2
2181,450,1,2
2181,451,1,2
2181,452,1,2
2181,453,1,2
2181,454,1,2
2181,455,1,2
2181,456,1,2
2181,457,1,2
2181,458,1,2
2181,459,1,2
2181,460,1,2
2181,461,1,2
2181,462,1,2
2181,463,1,2
2181,464,1,2
2181,465,1,2
2181,466,1,2
2181,467,1,2
2181,468,1,2
2181,469,1,2
2181,470,1,2
2181,471,1,2
2181,472,1,2
2181,473,1,2
2181,474,1,2
2181,475,1,2
2181,476,1,2
2181,477,1,2
2181,478,1,2
2181,479,1,2
2181,480,1,2
2181,481,1,2
2181,482,1,2
2181,483,1,2
2181,484,1,2
2181,485,1,2
2181,486,1,2
2181,487,1,2
2181,488,1,2
2181,489,1,2
2181,490,1,2
2181,491,1,2
2181,492,1,2
2181,493,1,2
2181,494,1,2
2181,495,1,2
2181,496,1,2
2181,497,1,2
2181,498,1,2
2181,499,1,2
2181,500,1,2
2181,501,1,2
2181,502,1,2
2181,503,1,2
2181,504,1,2
2181,505,1,2
2181,506,1,2
2181,507,1,2
2182,209,1,2
2182,210,1,2
2182,211,1,2
2182,212,1,2
2182,213,1,2
2182,214,1,2
2182,215,1,2
2182,216,1,2
2182,217,1,2
2182,218,1,2
2182,219,1,2
2182,220,1,2
2182,221,1,2
2182,222,1,2
2182,223,1,2
2182,224,1,2
2182,225,1,2
2182,226,1,2
2182,227,1,2
2182,228,1,2
2182,229,1,2
2182,230,1,2
2182,231,1,2
2182,232,1,2
2182,233,1,2
2182,234,1,2
2182,235,1,2
2182,236,1,2
2182,237,1,2
2182,238,1,2
2182,239,1,2
2182,240,1,2
2182,241,1,2
2182,242,1,2
2182,243,1,2
2182,244,1,2
2182,245,1,2
2182,246,1,2
2182,247,1,2
2182,248,1,3
2182,249,1,3
2182,250,1,3
2182,251,1,3
2182,252,1,2
2182,253,1,2
2182,254,1,2
2182,255,1,2
2182,256,1,2
2182,257,1,2
2182,258,1,2
2182,259,1,2
2182,260,1,2
2182,261,1,2
2182,262,1,2
2182,263,1,2
2182,264,1,2
2182,265,1,2
2182,266,1,2
2182,267,1,2
2182,268,1,2
2182,269,1,2
2182,270,1,2
2182,271,1,2
2182,272,1,2
2182,273,1,2
2182,274,1,2
2182,275,1,2
2182,276,1,2
2182,277,1,2
2182,278,1,2
2182,279,1,2
2182,280,1,2
2182,281,1,2
2182,282,1,2
2182,283,1,2
2182,284,1,2
2182,285,1,2
2182,286,1,2
2182,287,1,2
2182,288,1,2
2182,289,1,2
2182,290,1,2
2182,291,1,2
2182,292,1,2
2182,293,1,2
2182,294,1,2
2182,295,1,2
2182,296,1,2
2182,297,1,2
2182,298,1,2
2182,299,1,2
2182,300,1,2
2182,301,1,2
2182,302,1,2
2182,303,1,2
2182,304,1,2
2182,305,1,2
2182,306,1,2
2182,307,1,2
2182,308,1,2
2182,309,1,2
2182,310,1,2
2182,311,1,2
2182,312,1,2
2182,313,1,2
2182,314,1,2
2182,315,1,2
2182,316,1,2
2182,317,1,2
2182,318,1,2
2182,319,1,2
2182,320,1,2
2182,321,1,2
2182,322,1,2
2182,323,1,2
2182,324,1,2
2182,325,1,2
2182,326,1,2
2182,327,1,2
2182,328,1,2
2182,329,1,2
2182,330,1,2
2182,331,1,2
2182,332,1,2
2182,333,1,2
2182,334,1,2
2182,335,1,2
2182,336,1,2
2182,337,1,2
2182,338,1,2
2182,339,1,2
2182,340,1,2
2182,341,1,2
2182,342,1,2
2182,343,1,2
2182,344,1,2
2182,345,1,2
2182,346,1,2
2182,347,1,2
2182,348,1,2
2182,349,1,2
2182,350,1,2
2182,351,1,2
2182,352,1,2
2182,353,1,2
2182,354,1,2
2182,355,1,2
2182,356,1,2
2182,357,1,2
2182,358,1,2
2182,359,1,2
2182,360,1,2
2182,361,1,2
2182,362,1,2
2182,363,1,2
2182,364,1,2
2182,365,1,2
2182,366,1,2
2182,367,1,2
2182,368,1,2
2182,369,1,2
2182,370,1,2
2182,371,1,2
2182,372,1,2
2182,373,1,2
2182,374,1,2
2182,375,1,2
2182,376,1,2
2182,377,1,2
2182,378,1,2
2182,379,1,2
2182,380,1,2
2182,381,1,2
2182,382,1,2
2182,383,1,2
2182,384,1,2
2182,385,1,2
2182,386,1,2
2182,387,1,2
2182,388,1,2
2182,389,1,2
2182,390,1,2
2182,391,1,2
2182,392,1,2
2182,393,1,2
2182,394,1,2
2182,395,1,2
2182,396,1,2
2182,397,1,2
2182,398,1,2
2182,399,1,2
2182,400,1,2
2182,401,1,2
2182,402,1,2
2182,403,1,2
2182,404,1,2
2182,405,1,2
2182,406,1,2
2182,407,1,2
2182,408,1,2
2182,409,1,2
2182,410,1,2
2182,411,1,2
2182,412,1,2
2182,413,1,2
2182,414,1,2
2182,415,1,2
2182,416,1,2
2182,417,1,2
2182,418,1,2
2182,419,1,2
2182,420,1,2
2182,421,1,2
2182,422,1,2
2182,423,1,2
2182,424,1,2
2182,425,1,2
2182,426,1,2
2182,427,1,2
2182,428,1,2
2182,429,1,2
2182,430,1,2
2182,431,1,2
2182,432,1,2
2182,433,1,2
2182,434,1,2
2182,435,1,2
2182,436,1,2
2182,437,1,2
2182,438,1,2
2182,439,1,2
2182,440,1,2
2182,441,1,2
2182,442,1,2
2182,443,1,2
2182,444,1,2
2182,445,1,2
2182,446,1,2
2182,447,1,2
2182,448,1,2
2182,449,1,2
2182,450,1,2
2182,451,1,2
2182,452,1,2
2182,453,1,2
2182,454,1,2
2182,455,1,2
2182,456,1,2
2182,457,1,2
2182,458,1,2
2182,459,1,2
2182,460,1,2
2182,461,1,2
2182,462,1,2
2182,463,1,2
2182,464,1,2
2182,465,1,2
2182,466,1,2
2182,467,1,2
2182,468,1,2
2182,469,1,2
2182,470,1,2
2182,471,1,2
2182,472,1,2
2182,473,1,2
2182,474,1,2
2182,475,1,2
2182,476,1,2
2182,477,1,2
2182,478,1,2
2182,479,1,2
2182,480,1,2
2182,481,1,2
2182,482,1,2
2182,483,1,2
2182,484,1,2
2182,485,1,2
2182,486,1,2
2182,487,1,2
2182,488,1,2
2182,489,1,2
2182,490,1,2
2182,491,1,2
2182,492,1,2
2182,493,1,2
2182,494,1,2
2182,495,1,2
2182,496,1,2
2182,497,1,2
2182,498,1,2
2182,499,1,2
2182,500,1,2
2182,501,1,2
2182,502,1,2
2182,503,1,2
2182,504,1,2
2182,505,1,2
2183,209,1,2
2183,210,1,2
2183,211,1,2
2183,212,1,2
2183,213,1,2
2183,214,1,2
2183,215,1,2
2183,216,1,2
2183,217,1,2
2183,218,1,2
2183,219,1,2
2183,220,1,2
2183,221,1,2
2183,222,1,2
2183,223,1,2
2183,224,1,2
2183,225,1,2
2183,226,1,2
2183,227,1,2
2183,228,1,2
2183,229,1,2
2183,230,1,2
2183,231,1,2
2183,232,1,2
2183,233,1,2
2183,234,1,2
2183,235,1,2
2183,236,1,2
2183,237,1,2
2183,238,1,2
2183,239,1,2
2183,240,1,2
2183,241,1,2
2183,242,1,2
2183,243,1,2
2183,244,1,2
2183,245,1,3
2183,246,1,3
2183,247,1,3
2183,248,1,3
2183,249,1,3
2183,250,1,3
2183,251,1,3
2183,252,1,3
2183,253,1,3
2183,254,1,3
2183,255,1,3
2183,256,1,3
2183,257,1,3
2183,258,1,3
2183,259,1,3
2183,260,1,3
2183,261,1,3
2183,262,1,2
2183,263,1,2
2183,264,1,2
2183,265,1,2
2183,266,1,2
2183,267,1,2
2183,268,1,2
2183,269,1,2
2183,270,1,2
2183,271,1,2
2183,272,1,2
2183,273,1,2
2183,274,1,2
2183,275,1,2
2183,276,1,2
2183,277,1,2
2183,278,1,2
2183,279,1,2
2183,280,1,2
2183,281,1,2
2183,282,1,2
2183,283,1,2
2183,284,1,2
2183,285,1,2
2183,286,1,2
2183,287,1,2
2183,288,1,2
2183,289,1,2
2183,290,1,2
2183,291,1,2
2183,292,1,2
2183,293,1,2
2183,294,1,2
2183,295,1,2
2183,296,1,2
2183,297,1,2
2183,298,1,2
2183,299,1,2
2183,300,1,2
2183,301,1,2
2183,302,1,2
2183,303,1,2
2183,304,1,2
2183,305,1,2
2183,306,1,2
2183,307,1,2
2183,308,1,2
2183,309,1,2
2183,310,1,2
2183,311,1,2
2183,312,1,2
2183,313,1,2
2183,314,1,2
2183,315,1,2
2183,316,1,2
2183,317,1,2
2183,318,1,2
2183,319,1,2
2183,320,1,2
2183,321,1,2
2183,322,1,2
2183,323,1,2
2183,324,1,2
2183,325,1,2
2183,326,1,2
2183,327,1,2
2183,328,1,2
2183,329,1,2
2183,330,1,2
2183,331,1,2
2183,332,1,2
2183,333,1,2
2183,334,1,2
2183,335,1,2
2183,336,1,2
2183,337,1,2
2183,338,1,2
2183,339,1,2
2183,340,1,2
2183,341,1,2
2183,342,1,2
2183,343,1,2
2183,344,1,2
2183,345,1,2
2183,346,1,2
2183,347,1,2
2183,348,1,2
2183,349,1,2
2183,350,1,2
2183,351,1,2
2183,352,1,2
2183,353,1,2
2183,354,1,2
2183,355,1,2
2183,356,1,2
2183,357,1,2
2183,358,1,2
2183,359,1,2
2183,360,1,2
2183,361,1,2
2183,362,1,2
2183,363,1,2
2183,364,1,2
2183,365,1,2
2183,366,1,2
2183,367,1,2
2183,368,1,2
2183,369,1,2
2183,370,1,2
2183,371,1,2
2183,372,1,2
2183,373,1,2
2183,374,1,2
2183,375,1,2
2183,376,1,2
2183,377,1,2
2183,378,1,2
2183,379,1,2
2183,380,1,2
2183,381,1,2
2183,382,1,2
2183,383,1,2
2183,384,1,2
2183,385,1,2
2183,386,1,2
2183,387,1,2
2183,388,1,2
2183,389,1,2
2183,390,1,2
2183,391,1,2
2183,392,1,2
2183,393,1,2
2183,394,1,2
2183,395,1,2
2183,396,1,2
2183,397,1,2
2183,398,1,2
2183,399,1,2
2183,400,1,2
2183,401,1,2
2183,402,1,2
2183,403,1,2
2183,404,1,2
2183,405,1,2
2183,406,1,2
2183,407,1,2
2183,408,1,2
2183,409,1,2
2183,410,1,2
2183,411,1,2
2183,412,1,2
2183,413,1,2
2183,414,1,2
2183,415,1,2
2183,416,1,2
2183,417,1,2
2183,418,1,2
2183,419,1,2
2183,420,1,2
2183,421,1,2
2183,422,1,2
2183,423,1,2
2183,424,1,2
2183,425,1,2
2183,426,1,2
2183,427,1,2
2183,428,1,2
2183,429,1,2
2183,430,1,2
2183,431,1,2
2183,432,1,2
2183,433,1,2
2183,434,1,2
2183,435,1,2
2183,436,1,2
2183,437,1,2
2183,438,1,2
2183,439,1,2
2183,440,1,2
2183,441,1,2
2183,442,1,2
2183,443,1,2
2183,444,1,2
2183,445,1,2
2183,446,1,2
2183,447,1,2
2183,448,1,2
2183,449,1,2
2183,450,1,2
2183,451,1,2
2183,452,1,2
2183,453,1,2
2183,454,1,2
2183,455,1,2
2183,456,1,2
2183,457,1,2
2183,458,1,2
2183,459,1,2
2183,460,1,2
2183,461,1,2
2183,462,1,2
2183,463,1,2
2183,464,1,2
2183,465,1,2
2183,466,1,2
2183,467,1,2
2183,468,1,2
2183,469,1,2
2183,470,1,2
2183,471,1,2
2183,472,1,2
2183,473,1,2
2183,474,1,2
2183,475,1,2
2183,476,1,2
2183,477,1,2
2183,478,1,2
2183,479,1,2
2183,480,1,2
2183,481,1,2
2183,482,1,2
2183,483,1,2
2183,484,1,2
2183,485,1,2
2183,486,1,2
2183,487,1,2
2183,488,1,2
2183,489,1,2
2183,490,1,2
2183,491,1,2
2183,492,1,2
2183,493,1,2
2183,494,1,2
2183,495,1,2
2183,496,1,2
2183,497,1,2
2183,498,1,2
2183,499,1,2
2183,500,1,2
2183,501,1,2
2184,209,1,2
2184,210,1,2
2184,211,1,2
2184,212,1,2
2184,213,1,2
2184,214,1,2
2184,215,1,2
2184,216,1,2
2184,217,1,2
2184,218,1,2
2184,219,1,2
2184,220,1,2
2184,221,1,2
2184,222,1,2
2184,223,1,2
2184,224,1,2
2184,225,1,2
2184,226,1,2
2184,227,1,2
2184,228,1,2
2184,229,1,2
2184,230,1,2
2184,231,1,2
2184,232,1,2
2184,233,1,2
2184,234,1,2
2184,235,1,2
2184,236,1,2
2184,237,1,2
2184,238,1,2
2184,239,1,2
2184,240,1,2
2184,241,1,2
2184,242,1,3
2184,243,1,3
2184,244,1,3
2184,245,1,3
2184,246,1,3
2184,247,1,3
2184,248,1,3
2184,249,1,3
2184,250,1,3
2184,251,1,3
2184,252,1,3
2184,253,1,3
2184,254,1,3
2184,255,1,3
2184,256,1,3
2184,257,1,3
2184,258,1,3
2184,259,1,3
2184,260,1,3
2184,261,1,3
2184,262,1,3
2184,263,1,3
2184,264,1,3
2184,265,1,2
2184,266,1,2
2184,267,1,2
2184,268,1,2
2184,269,1,2
2184,270,1,2
2184,271,1,2
2184,272,1,2
2184,273,1,2
2184,274,1,2
2184,275,1,2
2184,276,1,2
2184,277,1,2
2184,278,1,2
2184,279,1,2
2184,280,1,2
2184,281,1,2
2184,282,1,2
2184,283,1,2
2184,284,1,2
2184,285,1,2
2184,286,1,2
2184,287,1,2
2184,288,1,2
2184,289,1,2
2184,290,1,2
2184,291,1,2
2184,292,1,2
2184,293,1,2
2184,294,1,2
2184,295,1,2
2184,296,1,2
2184,297,1,2
2184,298,1,2
2184,299,1,2
2184,300,1,2
2184,301,1,2
2184,302,1,2
2184,303,1,2
2184,304,1,2
2184,305,1,2
2184,306,1,2
2184,307,1,2
2184,308,1,2
2184,309,1,2
2184,310,1,2
2184,311,1,2
2184,312,1,2
2184,313,1,2
2184,314,1,2
2184,315,1,2
2184,316,1,2
2184,317,1,2
2184,318,1,2
2184,319,1,2
2184,320,1,2
2184,321,1,2
2184,322,1,2
2184,323,1,2
2184,324,1,2
2184,325,1,2
2184,326,1,2
2184,327,1,2
2184,328,1,2
2184,329,1,2
2184,330,1,2
2184,331,1,2
2184,332,1,2
2184,333,1,2
2184,334,1,2
2184,335,1,2
2184,336,1,2
2184,337,1,2
2184,338,1,2
2184,339,1,2
2184,340,1,2
2184,341,1,2
2184,342,1,2
2184,343,1,2
2184,344,1,2
2184,345,1,2
2184,346,1,2
2184,347,1,2
2184,348,1,2
2184,349,1,2
2184,350,1,2
2184,351,1,2
2184,352,1,2
2184,353,1,2
2184,354,1,2
2184,355,1,2
2184,356,1,2
2184,357,1,2
2184,358,1,2
2184,359,1,2
2184,360,1,2
2184,361,1,2
2184,362,1,2
2184,363,1,2
2184,364,1,2
2184,365,1,2
2184,366,1,2
2184,367,1,2
2184,368,1,2
2184,369,1,2
2184,370,1,2
2184,371,1,2
2184,372,1,2
2184,373,1,2
2184,374,1,2
2184,375,1,2
2184,376,1,2
2184,377,1,2
2184,378,1,2
2184,379,1,2
2184,380,1,2
2184,381,1,2
2184,382,1,2
2184,383,1,2
2184,384,1,2
2184,385,1,2
2184,386,1,2
2184,387,1,2
2184,388,1,2
2184,389,1,2
2184,390,1,2
2184,391,1,2
2184,392,1,2
2184,393,1,2
2184,394,1,2
2184,395,1,2
2184,396,1,2
2184,397,1,2
2184,398,1,2
2184,399,1,2
2184,400,1,2
2184,401,1,2
2184,402,1,2
2184,403,1,2
2184,404,1,2
2184,405,1,2
2184,406,1,2
2184,407,1,2
2184,408,1,2
2184,409,1,2
2184,410,1,2
2184,411,1,2
2184,412,1,2
2184,413,1,2
2184,414,1,2
2184,415,1,2
2184,416,1,2
2184,417,1,2
2184,418,1,2
2184,419,1,2
2184,420,1,2
2184,421,1,2
2184,422,1,2
2184,423,1,2
2184,424,1,2
2184,425,1,2
2184,426,1,2
2184,427,1,2
2184,428,1,2
2184,429,1,2
2184,430,1,2
2184,431,1,2
2184,432,1,2
2184,433,1,2
2184,434,1,2
2184,435,1,2
2184,436,1,2
2184,437,1,2
2184,438,1,2
2184,439,1,2
2184,440,1,2
2184,441,1,2
2184,442,1,2
2184,443,1,2
2184,444,1,2
2184,445,1,2
2184,446,1,2
2184,447,1,2
2184,448,1,2
2184,449,1,2
2184,450,1,2
2184,451,1,2
2184,452,1,2
2184,453,1,2
2184,454,1,2
2184,455,1,2
2184,456,1,2
2184,457,1,2
2184,458,1,2
2184,459,1,2
2184,460,1,2
2184,461,1,2
2184,462,1,2
2184,463,1,2
2184,464,1,2
2184,465,1,2
2184,466,1,2
2184,467,1,2
2184,468,1,2
2184,469,1,2
2184,470,1,2
2184,471,1,2
2184,472,1,2
2184,473,1,2
2184,474,1,2
2184,475,1,2
2184,476,1,2
2184,477,1,2
2184,478,1,2
2184,479,1,2
2184,480,1,2
2184,481,1,2
2184,482,1,2
2184,483,1,2
2184,484,1,2
2184,485,1,2
2184,486,1,2
2184,487,1,2
2184,488,1,2
2184,489,1,2
2184,490,1,2
2184,491,1,2
2184,492,1,2
2184,493,1,2
2184,494,1,2
2184,495,1,2
2184,496,1,2
2184,497,1,2
2184,498,1,2
2184,499,1,2
2185,210,1,2
2185,211,1,2
2185,212,1,2
2185,213,1,2
2185,214,1,2
2185,215,1,2
2185,216,1,2
2185,217,1,2
2185,218,1,2
2185,219,1,2
2185,220,1,2
2185,221,1,2
2185,222,1,2
2185,223,1,2
2185,224,1,2
2185,225,1,2
2185,226,1,2
2185,227,1,2
2185,228,1,2
2185,229,1,2
2185,230,1,2
2185,231,1,2
2185,232,1,2
2185,233,1,2
2185,234,1,2
2185,235,1,2
2185,236,1,2
2185,237,1,2
2185,238,1,2
2185,239,1,2
2185,240,1,2
2185,241,1,2
2185,242,1,3
2185,243,1,3
2185,244,1,3
2185,245,1,3
2185,246,1,3
2185,247,1,3
2185,248,1,3
2185,249,1,3
2185,250,1,3
2185,251,1,3
2185,252,1,3
2185,253,1,3
2185,254,1,3
2185,255,1,3
2185,256,1,3
2185,257,1,3
2185,258,1,3
2185,259,1,3
2185,260,1,3
2185,261,1,3
2185,262,1,3
2185,263,1,3
2185,264,1,3
2185,265,1,3
2185,266,1,3
2185,267,1,2
2185,268,1,2
2185,269,1,2
2185,270,1,2
2185,271,1,2
2185,272,1,2
2185,273,1,2
2185,274,1,2
2185,275,1,2
2185,276,1,2
2185,277,1,2
2185,278,1,2
2185,279,1,2
2185,280,1,2
2185,281,1,2
2185,282,1,2
2185,283,1,2
2185,284,1,2
2185,285,1,2
2185,286,1,2
2185,287,1,2
2185,288,1,2
2185,289,1,2
2185,290,1,2
2185,291,1,2
2185,292,1,2
2185,293,1,2
2185,294,1,2
2185,295,1,2
2185,296,1,2
2185,297,1,2
2185,298,1,2
2185,299,1,2
2185,300,1,2
2185,301,1,2
2185,302,1,2
2185,303,1,2
2185,304,1,2
2185,305,1,2
2185,306,1,2
2185,307,1,2
2185,308,1,2
2185,309,1,2
2185,310,1,2
2185,311,1,2
2185,312,1,2
2185,313,1,2
2185,314,1,2
2185,315,1,2
2185,316,1,2
2185,317,1,2
2185,318,1,2
2185,319,1,2
2185,320,1,2
2185,321,1,2
2185,322,1,2
2185,323,1,2
2185,324,1,2
2185,325,1,2
2185,326,1,2
2185,327,1,2
2185,328,1,2
2185,329,1,2
2185,330,1,2
2185,331,1,2
2185,332,1,2
2185,333,1,2
2185,334,1,2
2185,335,1,2
2185,336,1,2
2185,337,1,2
2185,338,1,2
2185,339,1,2
2185,340,1,2
2185,341,1,2
2185,342,1,2
2185,343,1,2
2185,344,1,2
2185,345,1,2
2185,346,1,2
2185,347,1,2
2185,348,1,2
2185,349,1,2
2185,350,1,2
2185,351,1,2
2185,352,1,2
2185,353,1,2
2185,354,1,2
2185,355,1,2
2185,356,1,2
2185,357,1,2
2185,358,1,2
2185,359,1,2
2185,360,1,2
2185,361,1,2
2185,362,1,2
2185,363,1,2
2185,364,1,2
2185,365,1,2
2185,366,1,2
2185,367,1,2
2185,368,1,2
2185,369,1,2
2185,370,1,2
2185,371,1,2
2185,372,1,2
2185,373,1,2
2185,374,1,2
2185,375,1,2
2185,376,1,2
2185,377,1,2
2185,378,1,2
2185,379,1,2
2185,380,1,2
2185,381,1,2
2185,382,1,2
2185,383,1,2
2185,384,1,2
2185,385,1,2
2185,386,1,2
2185,387,1,2
2185,388,1,2
2185,389,1,2
2185,390,1,2
2185,391,1,2
2185,392,1,2
2185,393,1,2
2185,394,1,2
2185,395,1,2
2185,396,1,2
2185,397,1,2
2185,398,1,2
2185,399,1,2
2185,400,1,2
2185,401,1,2
2185,402,1,2
2185,403,1,2
2185,404,1,2
2185,405,1,2
2185,406,1,2
2185,407,1,2
2185,408,1,2
2185,409,1,2
2185,410,1,2
2185,411,1,2
2185,412,1,2
2185,413,1,2
2185,414,1,2
2185,415,1,2
2185,416,1,2
2185,417,1,2
2185,418,1,2
2185,419,1,2
2185,420,1,2
2185,421,1,2
2185,422,1,2
2185,423,1,2
2185,424,1,2
2185,425,1,2
2185,426,1,2
2185,427,1,2
2185,428,1,2
2185,429,1,2
2185,430,1,2
2185,431,1,2
2185,432,1,2
2185,433,1,2
2185,434,1,2
2185,435,1,2
2185,436,1,2
2185,437,1,2
2185,438,1,2
2185,439,1,2
2185,440,1,2
2185,441,1,2
2185,442,1,2
2185,443,1,2
2185,444,1,2
2185,445,1,2
2185,446,1,2
2185,447,1,2
2185,448,1,2
2185,449,1,2
2185,450,1,2
2185,451,1,2
2185,452,1,2
2185,453,1,2
2185,454,1,2
2185,455,1,2
2185,456,1,2
2185,457,1,2
2185,458,1,2
2185,459,1,2
2185,460,1,2
2185,461,1,2
2185,462,1,2
2185,463,1,2
2185,464,1,2
2185,465,1,2
2185,466,1,2
2185,467,1,2
2185,468,1,2
2185,469,1,2
2185,470,1,2
2185,471,1,2
2185,472,1,2
2185,473,1,2
2185,474,1,2
2185,475,1,2
2185,476,1,2
2185,477,1,2
2185,478,1,2
2185,479,1,2
2185,480,1,2
2185,481,1,2
2185,482,1,2
2185,483,1,2
2185,484,1,2
2185,485,1,2
2185,486,1,2
2185,487,1,2
2185,488,1,2
2185,489,1,2
2185,490,1,2
2185,491,1,2
2185,492,1,2
2185,493,1,2
2185,494,1,2
2185,495,1,2
2186,210,1,2
2186,211,1,2
2186,212,1,2
2186,213,1,2
2186,214,1,2
2186,215,1,2
2186,216,1,2
2186,217,1,2
2186,218,1,2
2186,219,1,2
2186,220,1,2
2186,221,1,2
2186,222,1,2
2186,223,1,2
2186,224,1,2
2186,225,1,2
2186,226,1,2
2186,227,1,2
2186,228,1,2
2186,229,1,2
2186,230,1,2
2186,231,1,2
2186,232,1,2
2186,233,1,2
2186,234,1,2
2186,235,1,2
2186,236,1,2
2186,237,1,2
2186,238,1,2
2186,239,1,2
2186,240,1,2
2186,241,1,3
2186,242,1,3
2186,243,1,3
2186,244,1,3
2186,245,1,3
2186,246,1,3
2186,247,1,3
2186,248,1,3
2186,249,1,3
2186,250,1,3
2186,251,1,3
2186,252,1,3
2186,253,1,3
2186,254,1,3
2186,255,1,3
2186,256,1,3
2186,257,1,3
2186,258,1,3
2186,259,1,3
2186,260,1,3
2186,261,1,3
2186,262,1,3
2186,263,1,3
2186,264,1,3
2186,265,1,3
2186,266,1,3
2186,267,1,3
2186,268,1,2
2186,269,1,2
2186,270,1,2
2186,271,1,2
2186,272,1,2
2186,273,1,2
2186,274,1,2
2186,275,1,2
2186,276,1,2
2186,277,1,2
2186,278,1,2
2186,279,1,2
2186,280,1,2
2186,281,1,2
2186,282,1,2
2186,283,1,2
2186,284,1,2
2186,285,1,2
2186,286,1,2
2186,287,1,2
2186,288,1,2
2186,289,1,2
2186,290,1,2
2186,291,1,2
2186,292,1,2
2186,293,1,2
2186,294,1,2
2186,295,1,2
2186,296,1,2
2186,297,1,2
2186,298,1,2
2186,299,1,2
2186,300,1,2
2186,301,1,2
2186,302,1,2
2186,303,1,2
2186,304,1,2
2186,305,1,2
2186,306,1,2
2186,307,1,2
2186,308,1,2
2186,309,1,2
2186,310,1,2
2186,311,1,2
2186,312,1,2
2186,313,1,2
2186,314,1,2
2186,315,1,2
2186,316,1,2
2186,317,1,2
2186,318,1,2
2186,319,1,2
2186,320,1,2
2186,321,1,2
2186,322,1,2
2186,323,1,2
2186,324,1,2
2186,325,1,2
2186,326,1,2
2186,327,1,2
2186,328,1,2
2186,329,1,2
2186,330,1,2
2186,331,1,2
2186,332,1,2
2186,333,1,2
2186,334,1,2
2186,335,1,2
2186,336,1,2
2186,337,1,2
2186,338,1,2
2186,339,1,2
2186,340,1,2
2186,341,1,2
2186,342,1,2
2186,343,1,2
2186,344,1,2
2186,345,1,2
2186,346,1,2
2186,347,1,2
2186,348,1,2
2186,349,1,2
2186,350,1,2
2186,351,1,2
2186,352,1,2
2186,353,1,2
2186,354,1,2
2186,355,1,2
2186,356,1,2
2186,357,1,2
2186,358,1,2
2186,359,1,2
2186,360,1,2
2186,361,1,2
2186,362,1,2
2186,363,1,2
2186,364,1,2
2186,365,1,2
2186,366,1,2
2186,367,1,2
2186,368,1,2
2186,369,1,2
2186,370,1,2
2186,371,1,2
2186,372,1,2
2186,373,1,2
2186,374,1,2
2186,375,1,2
2186,376,1,2
2186,377,1,2
2186,378,1,2
2186,379,1,2
2186,380,1,2
2186,381,1,2
2186,382,1,2
2186,383,1,2
2186,384,1,2
2186,385,1,2
2186,386,1,2
2186,387,1,2
2186,388,1,2
2186,389,1,2
2186,390,1,2
2186,391,1,2
2186,392,1,2
2186,393,1,2
2186,394,1,2
2186,395,1,2
2186,396,1,2
2186,397,1,2
2186,398,1,2
2186,399,1,2
2186,400,1,2
2186,401,1,2
2186,402,1,2
2186,403,1,2
2186,404,1,2
2186,405,1,2
2186,406,1,2
2186,407,1,2
2186,408,1,2
2186,409,1,2
2186,410,1,2
2186,411,1,2
2186,412,1,2
2186,413,1,2
2186,414,1,2
2186,415,1,2
2186,416,1,2
2186,417,1,2
2186,418,1,2
2186,419,1,2
2186,420,1,2
2186,421,1,2
2186,422,1,2
2186,423,1,2
2186,424,1,2
2186,425,1,2
2186,426,1,2
2186,427,1,2
2186,428,1,2
2186,429,1,2
2186,430,1,2
2186,431,1,2
2186,432,1,2
2186,433,1,2
2186,434,1,2
2186,435,1,2
2186,436,1,2
2186,437,1,2
2186,438,1,2
2186,439,1,2
2186,440,1,2
2186,441,1,2
2186,442,1,2
2186,443,1,2
2186,444,1,2
2186,445,1,2
2186,446,1,2
2186,447,1,2
2186,448,1,2
2186,449,1,2
2186,450,1,2
2186,451,1,2
2186,452,1,2
2186,453,1,2
2186,454,1,2
2186,455,1,2
2186,456,1,2
2186,457,1,2
2186,458,1,2
2186,459,1,2
2186,460,1,2
2186,461,1,2
2186,462,1,2
2186,463,1,2
2186,464,1,2
2186,465,1,2
2186,466,1,2
2186,467,1,2
2186,468,1,2
2186,469,1,2
2186,470,1,2
2186,471,1,2
2186,472,1,2
2186,473,1,2
2186,474,1,2
2186,475,1,2
2186,476,1,2
2186,477,1,2
2186,478,1,2
2186,479,1,2
2186,480,1,2
2186,481,1,2
2186,482,1,2
2186,483,1,2
2186,484,1,2
2186,485,1,2
2186,486,1,2
2186,487,1,2
2186,488,1,2
2186,489,1,2
2186,490,1,2
2186,491,1,2
2186,492,1,2
2186,493,1,2
2187,212,1,2
2187,213,1,2
2187,214,1,2
2187,215,1,2
2187,216,1,2
2187,217,1,2
2187,218,1,2
2187,219,1,2
2187,220,1,2
2187,221,1,2
2187,222,1,2
2187,223,1,2
2187,224,1,2
2187,225,1,2
2187,226,1,2
2187,227,1,2
2187,228,1,2
2187,229,1,2
2187,230,1,2
2187,231,1,2
2187,232,1,2
2187,233,1,2
2187,234,1,2
2187,235,1,2
2187,236,1,2
2187,237,1,2
2187,238,1,2
2187,239,1,2
2187,240,1,2
2187,241,1,3
2187,242,1,3
2187,243,1,3
2187,244,1,3
2187,245,1,3
2187,246,1,3
2187,247,1,3
2187,248,1,3
2187,249,1,3
2187,250,1,3
2187,251,1,3
2187,252,1,3
2187,253,1,3
2187,254,1,3
2187,255,1,3
2187,256,1,3
2187,257,1,3
2187,258,1,3
2187,259,1,3
2187,260,1,3
2187,261,1,3
2187,262,1,3
2187,263,1,3
2187,264,1,3
2187,265,1,3
2187,266,1,3
2187,267,1,3
2187,268,1,3
2187,269,1,2
2187,270,1,2
2187,271,1,2
2187,272,1,2
2187,273,1,2
2187,274,1,2
2187,275,1,2
2187,276,1,2
2187,277,1,2
2187,278,1,2
2187,279,1,2
2187,280,1,2
2187,281,1,2
2187,282,1,2
2187,283,1,2
2187,284,1,2
2187,285,1,2
2187,286,1,2
2187,287,1,2
2187,288,1,2
2187,289,1,2
2187,290,1,2
2187,291,1,2
2187,292,1,2
2187,293,1,2
2187,294,1,2
2187,295,1,2
2187,296,1,2
2187,297,1,2
2187,298,1,2
2187,299,1,2
2187,300,1,2
2187,301,1,2
2187,302,1,2
2187,303,1,2
2187,304,1,2
2187,305,1,2
2187,306,1,2
2187,307,1,2
2187,308,1,2
2187,309,1,2
2187,310,1,2
2187,311,1,2
2187,312,1,2
2187,313,1,2
2187,314,1,2
2187,315,1,2
2187,316,1,2
2187,317,1,2
2187,318,1,2
2187,319,1,2
2187,320,1,2
2187,321,1,2
2187,322,1,2
2187,323,1,2
2187,324,1,2
2187,325,1,2
2187,326,1,2
2187,327,1,2
2187,328,1,2
2187,329,1,2
2187,330,1,2
2187,331,1,2
2187,332,1,2
2187,333,1,2
2187,334,1,2
2187,335,1,2
2187,336,1,2
2187,337,1,2
2187,338,1,2
2187,339,1,2
2187,340,1,2
2187,341,1,2
2187,342,1,2
2187,343,1,2
2187,344,1,2
2187,345,1,2
2187,346,1,2
2187,347,1,2
2187,348,1,2
2187,349,1,2
2187,350,1,2
2187,351,1,2
2187,352,1,2
2187,353,1,2
2187,354,1,2
2187,355,1,2
2187,356,1,2
2187,357,1,2
2187,358,1,2
2187,359,1,2
2187,360,1,2
2187,361,1,2
2187,362,1,2
2187,363,1,2
2187,364,1,2
2187,365,1,2
2187,366,1,2
2187,367,1,2
2187,368,1,2
2187,369,1,2
2187,370,1,2
2187,371,1,2
2187,372,1,2
2187,373,1,2
2187,374,1,2
2187,375,1,2
2187,376,1,2
2187,377,1,2
2187,378,1,2
2187,379,1,2
2187,380,1,2
2187,381,1,2
2187,382,1,2
2187,383,1,2
2187,384,1,2
2187,385,1,2
2187,386,1,2
2187,387,1,2
2187,388,1,2
2187,389,1,2
2187,390,1,2
2187,391,1,2
2187,392,1,2
2187,393,1,2
2187,394,1,2
2187,395,1,2
2187,396,1,2
2187,397,1,2
2187,398,1,2
2187,399,1,2
2187,400,1,2
2187,401,1,2
2187,402,1,2
2187,403,1,2
2187,404,1,2
2187,405,1,2
2187,406,1,2
2187,407,1,2
2187,408,1,2
2187,409,1,2
2187,410,1,2
2187,411,1,2
2187,412,1,2
2187,413,1,2
2187,414,1,2
2187,415,1,2
2187,416,1,2
2187,417,1,2
2187,418,1,2
2187,419,1,2
2187,420,1,2
2187,421,1,2
2187,422,1,2
2187,423,1,2
2187,424,1,2
2187,425,1,2
2187,426,1,2
2187,427,1,2
2187,428,1,2
2187,429,1,2
2187,430,1,2
2187,431,1,2
2187,432,1,2
2187,433,1,2
2187,434,1,2
2187,435,1,2
2187,436,1,2
2187,437,1,2
2187,438,1,2
2187,439,1,2
2187,440,1,2
2187,441,1,2
2187,442,1,2
2187,443,1,2
2187,444,1,2
2187,445,1,2
2187,446,1,2
2187,447,1,2
2187,448,1,2
2187,449,1,2
2187,450,1,2
2187,451,1,2
2187,452,1,2
2187,453,1,2
2187,454,1,2
2187,455,1,2
2187,456,1,2
2187,457,1,2
2187,458,1,2
2187,459,1,2
2187,460,1,2
2187,461,1,2
2187,462,1,2
2187,463,1,2
2187,464,1,2
2187,465,1,2
2187,466,1,2
2187,467,1,2
2187,468,1,2
2187,469,1,2
2187,470,1,2
2187,471,1,2
2187,472,1,2
2187,473,1,2
2187,474,1,2
2187,475,1,2
2187,476,1,2
2187,477,1,2
2187,478,1,2
2187,479,1,2
2187,480,1,2
2187,481,1,2
2187,482,1,2
2187,483,1,2
2187,484,1,2
2187,485,1,2
2187,486,1,2
2187,487,1,2
2187,488,1,2
2187,489,1,2
2187,490,1,2
2187,491,1,2
2187,492,1,2
2188,213,1,2
2188,214,1,2
2188,215,1,2
2188,216,1,2
2188,217,1,2
2188,218,1,2
2188,219,1,2
2188,220,1,2
2188,221,1,2
2188,222,1,2
2188,223,1,2
2188,224,1,2
2188,225,1,2
2188,226,1,2
2188,227,1,2
2188,228,1,2
2188,229,1,2
2188,230,1,2
2188,231,1,2
2188,232,1,2
2188,233,1,2
2188,234,1,2
2188,235,1,2
2188,236,1,2
2188,237,1,2
2188,238,1,2
2188,239,1,2
2188,240,1,2
2188,241,1,3
2188,242,1,3
2188,243,1,3
2188,244,1,3
2188,245,1,3
2188,246,1,3
2188,247,1,3
2188,248,1,3
2188,249,1,3
2188,250,1,3
2188,251,1,3
2188,252,1,3
2188,253,1,3
2188,254,1,3
2188,255,1,3
2188,256,1,3
2188,257,1,3
2188,258,1,3
2188,259,1,3
2188,260,1,3
2188,261,1,3
2188,262,1,3
2188,263,1,3
2188,264,1,3
2188,265,1,3
2188,266,1,3
2188,267,1,3
2188,268,1,3
2188,269,1,3
2188,270,1,2
2188,271,1,2
2188,272,1,2
2188,273,1,2
2188,274,1,2
2188,275,1,2
2188,276,1,2
2188,277,1,2
2188,278,1,2
2188,279,1,2
2188,280,1,2
2188,281,1,2
2188,282,1,2
2188,283,1,2
2188,284,1,2
2188,285,1,2
2188,286,1,2
2188,287,1,2
2188,288,1,2
2188,289,1,2
2188,290,1,2
2188,291,1,2
2188,292,1,2
2188,293,1,2
2188,294,1,2
2188,295,1,2
2188,296,1,2
2188,297,1,2
2188,298,1,2
2188,299,1,2
2188,300,1,2
2188,301,1,2
2188,302,1,2
2188,303,1,2
2188,304,1,2
2188,305,1,2
2188,306,1,2
2188,307,1,2
2188,308,1,2
2188,309,1,2
2188,310,1,2
2188,311,1,2
2188,312,1,2
2188,313,1,2
2188,314,1,2
2188,315,1,2
2188,316,1,2
2188,317,1,2
2188,318,1,2
2188,319,1,2
2188,320,1,2
2188,321,1,2
2188,322,1,2
2188,323,1,2
2188,324,1,2
2188,325,1,2
2188,326,1,2
2188,327,1,2
2188,328,1,2
2188,329,1,2
2188,330,1,2
2188,331,1,2
2188,332,1,2
2188,333,1,2
2188,334,1,2
2188,335,1,2
2188,336,1,2
2188,337,1,2
2188,338,1,2
2188,339,1,2
2188,340,1,2
2188,341,1,2
2188,342,1,2
2188,343,1,2
2188,344,1,2
2188,345,1,2
2188,346,1,2
2188,347,1,2
2188,348,1,2
2188,349,1,2
2188,350,1,2
2188,351,1,2
2188,352,1,2
2188,353,1,2
2188,354,1,2
2188,355,1,2
2188,356,1,2
2188,357,1,2
2188,358,1,2
2188,359,1,2
2188,360,1,2
2188,361,1,2
2188,362,1,2
2188,363,1,2
2188,364,1,2
2188,365,1,2
2188,366,1,2
2188,367,1,2
2188,368,1,2
2188,369,1,2
2188,370,1,2
2188,371,1,2
2188,372,1,2
2188,373,1,2
2188,374,1,2
2188,375,1,2
2188,376,1,2
2188,377,1,2
2188,378,1,2
2188,379,1,2
2188,380,1,2
2188,381,1,2
2188,382,1,2
2188,383,1,2
2188,384,1,2
2188,385,1,2
2188,386,1,2
2188,387,1,2
2188,388,1,2
2188,389,1,2
2188,390,1,2
2188,391,1,2
2188,392,1,2
2188,393,1,2
2188,394,1,2
2188,395,1,2
2188,396,1,2
2188,397,1,2
2188,398,1,2
2188,399,1,2
2188,400,1,2
2188,401,1,2
2188,402,1,2
2188,403,1,2
2188,404,1,2
2188,405,1,2
2188,406,1,2
2188,407,1,2
2188,408,1,2
2188,409,1,2
2188,410,1,2
2188,411,1,2
2188,412,1,2
2188,413,1,2
2188,414,1,2
2188,415,1,2
2188,416,1,2
2188,417,1,2
2188,418,1,2
2188,419,1,2
2188,420,1,2
2188,421,1,2
2188,422,1,2
2188,423,1,2
2188,424,1,2
2188,425,1,2
2188,426,1,2
2188,427,1,2
2188,428,1,2
2188,429,1,2
2188,430,1,2
2188,431,1,2
2188,432,1,2
2188,433,1,2
2188,434,1,2
2188,435,1,2
2188,436,1,2
2188,437,1,2
2188,438,1,2
2188,439,1,2
2188,440,1,2
2188,441,1,2
2188,442,1,2
2188,443,1,2
2188,444,1,2
2188,445,1,2
2188,446,1,2
2188,447,1,2
2188,448,1,2
2188,449,1,2
2188,450,1,2
2188,451,1,2
2188,452,1,2
2188,453,1,2
2188,454,1,2
2188,455,1,2
2188,456,1,2
2188,457,1,2
2188,458,1,2
2188,459,1,2
2188,460,1,2
2188,461,1,2
2188,462,1,2
2188,463,1,2
2188,464,1,2
2188,465,1,2
2188,466,1,2
2188,467,1,2
2188,468,1,2
2188,469,1,2
2188,470,1,2
2188,471,1,2
2188,472,1,2
2188,473,1,2
2188,474,1,2
2188,475,1,2
2188,476,1,2
2188,477,1,2
2188,478,1,2
2188,479,1,2
2188,480,1,2
2188,481,1,2
2188,482,1,2
2188,483,1,2
2188,484,1,2
2188,485,1,2
2188,486,1,2
2188,487,1,2
2188,488,1,2
2188,489,1,2
2188,490,1,2
2188,492,1,2
2189,214,1,2
2189,215,1,2
2189,216,1,2
2189,217,1,2
2189,218,1,2
2189,219,1,2
2189,220,1,2
2189,221,1,2
2189,222,1,2
2189,223,1,2
2189,224,1,2
2189,225,1,2
2189,226,1,2
2189,227,1,2
2189,228,1,2
2189,229,1,2
2189,230,1,2
2189,231,1,2
2189,232,1,2
2189,233,1,2
2189,234,1,2
2189,235,1,2
2189,236,1,2
2189,237,1,2
2189,238,1,2
2189,239,1,2
2189,240,1,2
2189,241,1,3
2189,242,1,3
2189,243,1,3
2189,244,1,3
2189,245,1,3
2189,246,1,3
2189,247,1,3
2189,248,1,3
2189,249,1,3
2189,250,1,3
2189,251,1,3
2189,252,1,3
2189,253,1,3
2189,254,1,3
2189,255,1,3
2189,256,1,3
2189,257,1,3
2189,258,1,3
2189,259,1,3
2189,260,1,3
2189,261,1,3
2189,262,1,3
2189,263,1,3
2189,264,1,3
2189,265,1,3
2189,266,1,3
2189,267,1,3
2189,268,1,3
2189,269,1,3
2189,270,1,3
2189,271,1,2
2189,272,1,2
2189,273,1,2
2189,274,1,2
2189,275,1,2
2189,276,1,2
2189,277,1,2
2189,278,1,2
2189,279,1,2
2189,280,1,2
2189,281,1,2
2189,282,1,2
2189,283,1,2
2189,284,1,2
2189,285,1,2
2189,286,1,2
2189,287,1,2
2189,288,1,2
2189,289,1,2
2189,290,1,2
2189,291,1,2
2189,292,1,2
2189,293,1,2
2189,294,1,2
2189,295,1,2
2189,296,1,2
2189,297,1,2
2189,298,1,2
2189,299,1,2
2189,300,1,2
2189,301,1,2
2189,302,1,2
2189,303,1,2
2189,304,1,2
2189,305,1,2
2189,306,1,2
2189,307,1,2
2189,308,1,2
2189,309,1,2
2189,310,1,2
2189,311,1,2
2189,312,1,2
2189,313,1,2
2189,314,1,2
2189,315,1,2
2189,316,1,2
2189,317,1,2
2189,318,1,2
2189,319,1,2
2189,320,1,2
2189,321,1,2
2189,322,1,2
2189,323,1,2
2189,324,1,2
2189,325,1,2
2189,326,1,2
2189,327,1,2
2189,328,1,2
2189,329,1,2
2189,330,1,2
2189,331,1,2
2189,332,1,2
2189,333,1,2
2189,334,1,2
2189,335,1,2
2189,336,1,2
2189,337,1,2
2189,338,1,2
2189,339,1,2
2189,340,1,2
2189,341,1,2
2189,342,1,2
2189,343,1,2
2189,344,1,2
2189,345,1,2
2189,346,1,2
2189,347,1,2
2189,348,1,2
2189,349,1,2
2189,350,1,2
2189,351,1,2
2189,352,1,2
2189,353,1,2
2189,354,1,2
2189,355,1,2
2189,356,1,2
2189,357,1,2
2189,358,1,2
2189,359,1,2
2189,360,1,2
2189,361,1,2
2189,362,1,2
2189,363,1,2
2189,364,1,2
2189,365,1,2
2189,366,1,2
2189,367,1,2
2189,368,1,2
2189,369,1,2
2189,370,1,2
2189,371,1,2
2189,372,1,2
2189,373,1,2
2189,374,1,2
2189,375,1,2
2189,376,1,2
2189,377,1,2
2189,378,1,2
2189,379,1,2
2189,380,1,2
2189,381,1,2
2189,382,1,2
2189,383,1,2
2189,384,1,2
2189,385,1,2
2189,386,1,2
2189,387,1,2
2189,388,1,2
2189,389,1,2
2189,390,1,2
2189,391,1,2
2189,392,1,2
2189,393,1,2
2189,394,1,2
2189,395,1,2
2189,396,1,2
2189,397,1,2
2189,398,1,2
2189,399,1,2
2189,400,1,2
2189,401,1,2
2189,402,1,2
2189,403,1,2
2189,404,1,2
2189,405,1,2
2189,406,1,2
2189,407,1,2
2189,408,1,2
2189,409,1,2
2189,410,1,2
2189,411,1,2
2189,412,1,2
2189,413,1,2
2189,414,1,2
2189,415,1,2
2189,416,1,2
2189,417,1,2
2189,418,1,2
2189,419,1,2
2189,420,1,2
2189,421,1,2
2189,422,1,2
2189,423,1,2
2189,424,1,2
2189,425,1,2
2189,426,1,2
2189,427,1,2
2189,428,1,2
2189,429,1,2
2189,430,1,2
2189,431,1,2
2189,432,1,2
2189,433,1,2
2189,434,1,2
2189,435,1,2
2189,436,1,2
2189,437,1,2
2189,438,1,2
2189,439,1,2
2189,440,1,2
2189,441,1,2
2189,442,1,2
2189,443,1,2
2189,444,1,2
2189,445,1,2
2189,446,1,2
2189,447,1,2
2189,448,1,2
2189,449,1,2
2189,450,1,2
2189,451,1,2
2189,452,1,2
2189,453,1,2
2189,454,1,2
2189,455,1,2
2189,456,1,2
2189,457,1,2
2189,458,1,2
2189,459,1,2
2189,460,1,2
2189,461,1,2
2189,462,1,2
2189,463,1,2
2189,464,1,2
2189,465,1,2
2189,466,1,2
2189,467,1,2
2189,468,1,2
2189,469,1,2
2189,470,1,2
2189,471,1,2
2189,472,1,2
2189,473,1,2
2189,474,1,2
2189,475,1,2
2189,476,1,2
2189,477,1,2
2189,478,1,2
2189,479,1,2
2189,480,1,2
2189,481,1,2
2189,482,1,2
2189,483,1,2
2189,484,1,2
2189,485,1,2
2189,486,1,2
2189,487,1,2
2189,488,1,2
2190,215,1,2
2190,216,1,2
2190,217,1,2
2190,218,1,2
2190,219,1,2
2190,220,1,2
2190,221,1,2
2190,222,1,2
2190,223,1,2
2190,224,1,2
2190,225,1,2
2190,226,1,2
2190,227,1,2
2190,228,1,2
2190,229,1,2
2190,230,1,2
2190,231,1,2
2190,232,1,2
2190,233,1,2
2190,234,1,2
2190,235,1,2
2190,236,1,2
2190,237,1,2
2190,238,1,2
2190,239,1,2
2190,240,1,2
2190,241,1,3
2190,242,1,3
2190,243,1,3
2190,244,1,3
2190,245,1,3
2190,246,1,3
2190,247,1,3
2190,248,1,3
2190,249,1,3
2190,250,1,3
2190,251,1,3
2190,252,1,3
2190,253,1,3
2190,254,1,3
2190,255,1,3
2190,256,1,3
2190,257,1,3
2190,258,1,3
2190,259,1,3
2190,260,1,3
2190,261,1,3
2190,262,1,3
2190,263,1,3
2190,264,1,3
2190,265,1,3
2190,266,1,3
2190,267,1,3
2190,268,1,3
2190,269,1,3
2190,270,1,3
2190,271,1,2
2190,272,1,2
2190,273,1,2
2190,274,1,2
2190,275,1,2
2190,276,1,2
2190,277,1,2
2190,278,1,2
2190,279,1,2
2190,280,1,2
2190,281,1,2
2190,282,1,2
2190,283,1,2
2190,284,1,2
2190,285,1,2
2190,286,1,2
2190,287,1,2
2190,288,1,2
2190,289,1,2
2190,290,1,2
2190,291,1,2
2190,292,1,2
2190,293,1,2
2190,294,1,2
2190,295,1,2
2190,296,1,2
2190,297,1,2
2190,298,1,2
2190,299,1,2
2190,300,1,2
2190,301,1,2
2190,302,1,2
2190,303,1,2
2190,304,1,2
2190,305,1,2
2190,306,1,2
2190,307,1,2
2190,308,1,2
2190,309,1,2
2190,310,1,2
2190,311,1,2
2190,312,1,2
2190,313,1,2
2190,314,1,2
2190,315,1,2
2190,316,1,2
2190,317,1,2
2190,318,1,2
2190,319,1,2
2190,320,1,2
2190,321,1,2
2190,322,1,2
2190,323,1,2
2190,324,1,2
2190,325,1,2
2190,326,1,2
2190,327,1,2
2190,328,1,2
2190,329,1,2
2190,330,1,2
2190,331,1,2
2190,332,1,2
2190,333,1,2
2190,334,1,2
2190,335,1,2
2190,336,1,2
2190,337,1,2
2190,338,1,2
2190,339,1,2
2190,340,1,2
2190,341,1,2
2190,342,1,2
2190,343,1,2
2190,344,1,2
2190,345,1,2
2190,346,1,2
2190,347,1,2
2190,348,1,2
2190,349,1,2
2190,350,1,2
2190,351,1,2
2190,352,1,2
2190,353,1,2
2190,354,1,2
2190,355,1,2
2190,356,1,2
2190,357,1,2
2190,358,1,2
2190,359,1,2
2190,360,1,2
2190,361,1,2
2190,362,1,2
2190,363,1,2
2190,364,1,2
2190,365,1,2
2190,366,1,2
2190,367,1,2
2190,368,1,2
2190,369,1,2
2190,370,1,2
2190,371,1,2
2190,372,1,2
2190,373,1,2
2190,374,1,2
2190,375,1,2
2190,376,1,2
2190,377,1,2
2190,378,1,2
2190,379,1,2
2190,380,1,2
2190,381,1,2
2190,382,1,2
2190,383,1,2
2190,384,1,2
2190,385,1,2
2190,386,1,2
2190,387,1,2
2190,388,1,2
2190,389,1,2
2190,390,1,2
2190,391,1,2
2190,392,1,2
2190,393,1,2
2190,394,1,2
2190,395,1,2
2190,396,1,2
2190,397,1,2
2190,398,1,2
2190,399,1,2
2190,400,1,2
2190,401,1,2
2190,402,1,2
2190,403,1,2
2190,404,1,2
2190,405,1,2
2190,406,1,2
2190,407,1,2
2190,408,1,2
2190,409,1,2
2190,410,1,2
2190,411,1,2
2190,412,1,2
2190,413,1,2
2190,414,1,2
2190,415,1,2
2190,416,1,2
2190,417,1,2
2190,418,1,2
2190,419,1,2
2190,420,1,2
2190,421,1,2
2190,422,1,2
2190,423,1,2
2190,424,1,2
2190,425,1,2
2190,426,1,2
2190,427,1,2
2190,428,1,2
2190,429,1,2
2190,430,1,2
2190,431,1,2
2190,432,1,2
2190,433,1,2
2190,434,1,2
2190,435,1,2
2190,436,1,2
2190,437,1,2
2190,438,1,2
2190,439,1,2
2190,440,1,2
2190,441,1,2
2190,442,1,2
2190,443,1,2
2190,444,1,2
2190,445,1,2
2190,446,1,2
2190,447,1,2
2190,448,1,2
2190,449,1,2
2190,450,1,2
2190,451,1,2
2190,452,1,2
2190,453,1,2
2190,454,1,2
2190,455,1,2
2190,456,1,2
2190,457,1,2
2190,458,1,2
2190,459,1,2
2190,460,1,2
2190,461,1,2
2190,462,1,2
2190,463,1,2
2190,464,1,2
2190,465,1,2
2190,466,1,2
2190,467,1,2
2190,468,1,2
2190,469,1,2
2190,470,1,2
2190,471,1,2
2190,472,1,2
2190,473,1,2
2190,474,1,2
2190,475,1,2
2190,476,1,2
2190,477,1,2
2190,478,1,2
2190,479,1,2
2190,480,1,2
2190,481,1,2
2190,482,1,2
2190,483,1,2
2190,484,1,2
2190,485,1,2
2190,486,1,2
2191,216,1,2
2191,217,1,2
2191,218,1,2
2191,219,1,2
2191,220,1,2
2191,221,1,2
2191,222,1,2
2191,223,1,2
2191,224,1,2
2191,225,1,2
2191,226,1,2
2191,227,1,2
2191,228,1,2
2191,229,1,2
2191,230,1,2
2191,231,1,2
2191,232,1,2
2191,233,1,2
2191,234,1,2
2191,235,1,2
2191,236,1,2
2191,237,1,2
2191,238,1,2
2191,239,1,2
2191,240,1,2
2191,241,1,3
2191,242,1,3
2191,243,1,3
2191,244,1,3
2191,245,1,3
2191,246,1,3
2191,247,1,3
2191,248,1,3
2191,249,1,3
2191,250,1,3
2191,251,1,3
2191,252,1,3
2191,253,1,3
2191,254,1,3
2191,255,1,3
2191,256,1,3
2191,257,1,3
2191,258,1,3
2191,259,1,3
2191,260,1,3
2191,261,1,3
2191,262,1,3
2191,263,1,3
2191,264,1,3
2191,265,1,3
2191,266,1,3
2191,267,1,3
2191,268,1,3
2191,269,1,3
2191,270,1,3
2191,271,1,3
2191,272,1,3
2191,273,1,3
2191,274,1,3
2191,275,1,2
2191,276,1,2
2191,277,1,2
2191,278,1,2
2191,279,1,2
2191,280,1,2
2191,281,1,2
2191,282,1,2
2191,283,1,2
2191,284,1,2
2191,285,1,2
2191,286,1,2
2191,287,1,2
2191,288,1,2
2191,289,1,2
2191,290,1,2
2191,291,1,2
2191,292,1,2
2191,293,1,2
2191,294,1,2
2191,295,1,2
2191,296,1,2
2191,297,1,2
2191,298,1,2
2191,299,1,2
2191,300,1,2
2191,301,1,2
2191,302,1,2
2191,303,1,2
2191,304,1,2
2191,305,1,2
2191,306,1,2
2191,307,1,2
2191,308,1,2
2191,309,1,2
2191,310,1,2
2191,311,1,2
2191,312,1,2
2191,313,1,2
2191,314,1,2
2191,315,1,2
2191,316,1,2
2191,317,1,2
2191,318,1,2
2191,319,1,2
2191,320,1,2
2191,321,1,2
2191,322,1,2
2191,323,1,2
2191,324,1,2
2191,325,1,2
2191,326,1,2
2191,327,1,2
2191,328,1,2
2191,329,1,2
2191,330,1,2
2191,331,1,2
2191,332,1,2
2191,333,1,2
2191,334,1,2
2191,335,1,2
2191,336,1,2
2191,337,1,2
2191,338,1,2
2191,339,1,2
2191,340,1,2
2191,341,1,2
2191,342,1,2
2191,343,1,2
2191,344,1,2
2191,345,1,2
2191,346,1,2
2191,347,1,2
2191,348,1,2
2191,349,1,2
2191,350,1,2
2191,351,1,2
2191,352,1,2
2191,353,1,2
2191,354,1,2
2191,355,1,2
2191,356,1,2
2191,357,1,2
2191,358,1,2
2191,359,1,2
2191,360,1,2
2191,361,1,2
2191,362,1,2
2191,363,1,2
2191,364,1,2
2191,365,1,2
2191,366,1,2
2191,367,1,2
2191,368,1,2
2191,369,1,2
2191,370,1,2
2191,371,1,2
2191,372,1,2
2191,373,1,2
2191,374,1,2
2191,375,1,2
2191,376,1,2
2191,377,1,2
2191,378,1,2
2191,379,1,2
2191,380,1,2
2191,381,1,2
2191,382,1,2
2191,383,1,2
2191,384,1,2
2191,385,1,2
2191,386,1,2
2191,387,1,2
2191,388,1,2
2191,389,1,2
2191,390,1,2
2191,391,1,2
2191,392,1,2
2191,393,1,2
2191,394,1,2
2191,395,1,2
2191,396,1,2
2191,397,1,2
2191,398,1,2
2191,399,1,2
2191,400,1,2
2191,401,1,2
2191,402,1,2
2191,403,1,2
2191,404,1,2
2191,405,1,2
2191,406,1,2
2191,407,1,2
2191,408,1,2
2191,409,1,2
2191,410,1,2
2191,411,1,2
2191,412,1,2
2191,413,1,2
2191,414,1,2
2191,415,1,2
2191,416,1,2
2191,417,1,2
2191,418,1,2
2191,419,1,2
2191,420,1,2
2191,421,1,2
2191,422,1,2
2191,423,1,2
2191,424,1,2
2191,425,1,2
2191,426,1,2
2191,427,1,2
2191,428,1,2
2191,429,1,2
2191,430,1,2
2191,431,1,2
2191,432,1,2
2191,433,1,2
2191,434,1,2
2191,435,1,2
2191,436,1,2
2191,437,1,2
2191,438,1,2
2191,439,1,2
2191,440,1,2
2191,441,1,2
2191,442,1,2
2191,443,1,2
2191,444,1,2
2191,445,1,2
2191,446,1,2
2191,447,1,2
2191,448,1,2
2191,449,1,2
2191,450,1,2
2191,451,1,2
2191,452,1,2
2191,453,1,2
2191,454,1,2
2191,455,1,2
2191,456,1,2
2191,457,1,2
2191,458,1,2
2191,459,1,2
2191,460,1,2
2191,461,1,2
2191,462,1,2
2191,463,1,2
2191,464,1,2
2191,465,1,2
2191,466,1,2
2191,467,1,2
2191,468,1,2
2191,469,1,2
2191,470,1,2
2191,471,1,2
2191,472,1,2
2191,473,1,2
2191,474,1,2
2191,475,1,2
2191,476,1,2
2191,477,1,2
2191,478,1,2
2191,479,1,2
2191,480,1,2
2191,481,1,2
2191,482,1,2
2191,483,1,2
2191,484,1,2
2192,217,1,2
2192,224,1,2
2192,225,1,2
2192,226,1,2
2192,227,1,2
2192,228,1,2
2192,229,1,2
2192,230,1,2
2192,231,1,2
2192,232,1,2
2192,233,1,2
2192,234,1,2
2192,235,1,2
2192,236,1,2
2192,237,1,2
2192,238,1,2
2192,239,1,2
2192,240,1,2
2192,241,1,2
2192,242,1,3
2192,243,1,3
2192,244,1,3
2192,245,1,3
2192,246,1,3
2192,247,1,3
2192,248,1,3
2192,249,1,3
2192,250,1,3
2192,251,1,3
2192,252,1,3
2192,253,1,3
2192,254,1,3
2192,255,1,3
2192,256,1,3
2192,257,1,3
2192,258,1,3
2192,259,1,3
2192,260,1,3
2192,261,1,3
2192,262,1,3
2192,263,1,3
2192,264,1,3
2192,265,1,3
2192,266,1,3
2192,267,1,3
2192,268,1,3
2192,269,1,3
2192,270,1,3
2192,271,1,3
2192,272,1,3
2192,273,1,3
2192,274,1,3
2192,275,1,3
2192,276,1,3
2192,277,1,2
2192,278,1,2
2192,279,1,2
2192,280,1,2
2192,281,1,2
2192,282,1,2
2192,283,1,2
2192,284,1,2
2192,285,1,2
2192,286,1,2
2192,287,1,2
2192,288,1,2
2192,289,1,2
2192,290,1,2
2192,291,1,2
2192,292,1,2
2192,293,1,2
2192,294,1,2
2192,295,1,2
2192,296,1,2
2192,297,1,2
2192,298,1,2
2192,299,1,2
2192,300,1,2
2192,301,1,2
2192,302,1,2
2192,303,1,2
2192,304,1,2
2192,305,1,2
2192,306,1,2
2192,307,1,2
2192,308,1,2
2192,309,1,2
2192,310,1,2
2192,311,1,2
2192,312,1,2
2192,313,1,2
2192,314,1,2
2192,315,1,2
2192,316,1,2
2192,317,1,2
2192,318,1,2
2192,319,1,2
2192,320,1,2
2192,321,1,2
2192,322,1,2
2192,323,1,2
2192,324,1,2
2192,325,1,2
2192,326,1,2
2192,327,1,2
2192,328,1,2
2192,329,1,2
2192,330,1,2
2192,331,1,2
2192,332,1,2
2192,333,1,2
2192,334,1,2
2192,335,1,2
2192,336,1,2
2192,337,1,2
2192,338,1,2
2192,339,1,2
2192,340,1,2
2192,341,1,2
2192,342,1,2
2192,343,1,2
2192,344,1,2
2192,345,1,2
2192,346,1,2
2192,347,1,2
2192,348,1,2
2192,349,1,2
2192,350,1,2
2192,351,1,2
2192,352,1,2
2192,353,1,2
2192,354,1,2
2192,355,1,2
2192,356,1,2
2192,357,1,2
2192,358,1,2
2192,359,1,2
2192,360,1,2
2192,361,1,2
2192,362,1,2
2192,363,1,2
2192,364,1,2
2192,365,1,2
2192,366,1,2
2192,367,1,2
2192,368,1,2
2192,369,1,2
2192,370,1,2
2192,371,1,2
2192,372,1,2
2192,373,1,2
2192,374,1,2
2192,375,1,2
2192,376,1,2
2192,377,1,2
2192,378,1,2
2192,379,1,2
2192,380,1,2
2192,381,1,2
2192,382,1,2
2192,383,1,2
2192,384,1,2
2192,385,1,2
2192,386,1,2
2192,387,1,2
2192,388,1,2
2192,389,1,2
2192,390,1,2
2192,391,1,2
2192,392,1,2
2192,393,1,2
2192,394,1,2
2192,395,1,2
2192,396,1,2
2192,397,1,2
2192,398,1,2
2192,399,1,2
2192,400,1,2
2192,401,1,2
2192,402,1,2
2192,403,1,2
2192,404,1,2
2192,405,1,2
2192,406,1,2
2192,407,1,2
2192,408,1,2
2192,409,1,2
2192,410,1,2
2192,411,1,2
2192,412,1,2
2192,413,1,2
2192,414,1,2
2192,415,1,2
2192,416,1,2
2192,417,1,2
2192,418,1,2
2192,419,1,2
2192,420,1,2
2192,421,1,2
2192,422,1,2
2192,423,1,2
2192,424,1,2
2192,425,1,2
2192,426,1,2
2192,427,1,2
2192,428,1,2
2192,429,1,2
2192,430,1,2
2192,431,1,2
2192,432,1,2
2192,433,1,2
2192,434,1,2
2192,435,1,2
2192,436,1,2
2192,437,1,2
2192,438,1,2
2192,439,1,2
2192,440,1,2
2192,441,1,2
2192,442,1,2
2192,443,1,2
2192,444,1,2
2192,445,1,2
2192,446,1,2
2192,447,1,2
2192,448,1,2
2192,449,1,2
2192,450,1,2
2192,451,1,2
2192,452,1,2
2192,453,1,2
2192,454,1,2
2192,455,1,2
2192,456,1,2
2192,457,1,2
2192,458,1,2
2192,459,1,2
2192,460,1,2
2192,461,1,2
2192,462,1,2
2192,463,1,2
2192,464,1,2
2192,465,1,2
2192,466,1,2
2192,467,1,2
2192,468,1,2
2192,469,1,2
2192,470,1,2
2192,471,1,2
2192,472,1,2
2192,473,1,2
2192,474,1,2
2192,475,1,2
2192,476,1,2
2192,477,1,2
2192,478,1,2
2192,479,1,2
2192,480,1,2
2192,481,1,2
2192,482,1,2
2192,483,1,2
2192,484,1,2
2192,485,1,2
2193,226,1,2
2193,227,1,2
2193,228,1,2
2193,229,1,2
2193,230,1,2
2193,231,1,2
2193,232,1,2
2193,233,1,2
2193,234,1,2
2193,235,1,2
2193,236,1,2
2193,237,1,2
2193,238,1,2
2193,239,1,2
2193,240,1,2
2193,241,1,2
2193,242,1,2
2193,243,1,2
2193,244,1,2
2193,245,1,3
2193,246,1,3
2193,247,1,3
2193,248,1,3
2193,249,1,3
2193,250,1,3
2193,251,1,3
2193,252,1,3
2193,253,1,3
2193,254,1,3
2193,255,1,3
2193,256,1,3
2193,257,1,3
2193,258,1,3
2193,259,1,3
2193,260,1,3
2193,261,1,3
2193,262,1,3
2193,263,1,3
2193,264,1,3
2193,265,1,3
2193,266,1,3
2193,267,1,3
2193,268,1,3
2193,269,1,3
2193,270,1,3
2193,271,1,3
2193,272,1,3
2193,273,1,3
2193,274,1,3
2193,275,1,3
2193,276,1,3
2193,277,1,3
2193,278,1,3
2193,279,1,2
2193,280,1,2
2193,281,1,2
2193,282,1,2
2193,283,1,2
2193,284,1,2
2193,285,1,2
2193,286,1,2
2193,287,1,2
2193,288,1,2
2193,289,1,2
2193,290,1,2
2193,291,1,2
2193,292,1,2
2193,293,1,2
2193,294,1,2
2193,295,1,2
2193,296,1,2
2193,297,1,2
2193,298,1,2
2193,299,1,2
2193,300,1,2
2193,301,1,2
2193,302,1,2
2193,303,1,2
2193,304,1,2
2193,305,1,2
2193,306,1,2
2193,307,1,2
2193,308,1,2
2193,309,1,2
2193,310,1,2
2193,311,1,2
2193,312,1,2
2193,313,1,2
2193,314,1,2
2193,315,1,2
2193,316,1,2
2193,317,1,2
2193,318,1,2
2193,319,1,2
2193,320,1,2
2193,321,1,2
2193,322,1,2
2193,323,1,2
2193,324,1,2
2193,325,1,2
2193,326,1,2
2193,327,1,2
2193,328,1,2
2193,329,1,2
2193,330,1,2
2193,331,1,2
2193,332,1,2
2193,333,1,2
2193,334,1,2
2193,335,1,2
2193,336,1,2
2193,337,1,2
2193,338,1,2
2193,339,1,2
2193,340,1,2
2193,341,1,2
2193,342,1,2
2193,343,1,2
2193,344,1,2
2193,345,1,2
2193,346,1,2
2193,347,1,2
2193,348,1,2
2193,349,1,2
2193,350,1,2
2193,351,1,2
2193,352,1,2
2193,353,1,2
2193,354,1,2
2193,355,1,2
2193,356,1,2
2193,357,1,2
2193,358,1,2
2193,359,1,2
2193,360,1,2
2193,361,1,2
2193,362,1,2
2193,363,1,2
2193,364,1,2
2193,365,1,2
2193,366,1,2
2193,367,1,2
2193,368,1,2
2193,369,1,2
2193,370,1,2
2193,371,1,2
2193,372,1,2
2193,373,1,2
2193,374,1,2
2193,375,1,2
2193,376,1,2
2193,377,1,2
2193,378,1,2
2193,379,1,2
2193,380,1,2
2193,381,1,2
2193,382,1,2
2193,383,1,2
2193,384,1,2
2193,385,1,2
2193,386,1,2
2193,387,1,2
2193,388,1,2
2193,389,1,2
2193,390,1,2
2193,391,1,2
2193,392,1,2
2193,393,1,2
2193,394,1,2
2193,395,1,2
2193,396,1,2
2193,397,1,2
2193,398,1,2
2193,399,1,2
2193,400,1,2
2193,401,1,2
2193,402,1,2
2193,403,1,2
2193,404,1,2
2193,405,1,2
2193,406,1,2
2193,407,1,2
2193,408,1,2
2193,409,1,2
2193,410,1,2
2193,411,1,2
2193,412,1,2
2193,413,1,2
2193,414,1,2
2193,415,1,2
2193,416,1,2
2193,417,1,2
2193,418,1,2
2193,419,1,2
2193,420,1,2
2193,421,1,2
2193,422,1,2
2193,423,1,2
2193,424,1,2
2193,425,1,2
2193,426,1,2
2193,427,1,2
2193,428,1,2
2193,429,1,2
2193,430,1,2
2193,431,1,2
2193,432,1,2
2193,433,1,2
2193,434,1,2
2193,435,1,2
2193,436,1,2
2193,437,1,2
2193,438,1,2
2193,439,1,2
2193,440,1,2
2193,441,1,2
2193,442,1,2
2193,443,1,2
2193,444,1,2
2193,445,1,2
2193,446,1,2
2193,447,1,2
2193,448,1,2
2193,449,1,2
2193,450,1,2
2193,451,1,2
2193,452,1,2
2193,453,1,2
2193,454,1,2
2193,455,1,2
2193,456,1,2
2193,457,1,2
2193,458,1,2
2193,459,1,2
2193,460,1,2
2193,461,1,2
2193,462,1,2
2193,463,1,2
2193,464,1,2
2193,465,1,2
2193,466,1,2
2193,467,1,2
2193,468,1,2
2193,469,1,2
2193,470,1,2
2193,471,1,2
2193,472,1,2
2193,473,1,2
2193,474,1,2
2193,475,1,2
2193,476,1,2
2193,477,1,2
2193,478,1,2
2193,479,1,2
2193,480,1,2
2193,481,1,2
2193,482,1,2
2194,226,1,2
2194,228,1,2
2194,229,1,2
2194,230,1,2
2194,231,1,2
2194,232,1,2
2194,233,1,2
2194,234,1,2
2194,235,1,2
2194,236,1,2
2194,237,1,2
2194,238,1,2
2194,239,1,2
2194,240,1,2
2194,241,1,2
2194,242,1,2
2194,243,1,2
2194,244,1,2
2194,245,1,2
2194,246,1,3
2194,247,1,3
2194,248,1,3
2194,249,1,3
2194,250,1,3
2194,251,1,3
2194,252,1,3
2194,253,1,3
2194,254,1,3
2194,255,1,3
2194,256,1,3
2194,257,1,3
2194,258,1,3
2194,259,1,3
2194,260,1,3
2194,261,1,3
2194,262,1,3
2194,263,1,3
2194,264,1,3
2194,265,1,3
2194,266,1,3
2194,267,1,3
2194,268,1,3
2194,269,1,3
2194,270,1,3
2194,271,1,3
2194,272,1,3
2194,273,1,3
2194,274,1,3
2194,275,1,3
2194,276,1,3
2194,277,1,3
2194,278,1,3
2194,279,1,3
2194,280,1,2
2194,281,1,2
2194,282,1,2
2194,283,1,2
2194,284,1,2
2194,285,1,2
2194,286,1,2
2194,287,1,2
2194,288,1,2
2194,289,1,2
2194,290,1,2
2194,291,1,2
2194,292,1,2
2194,293,1,2
2194,294,1,2
2194,295,1,2
2194,296,1,2
2194,297,1,2
2194,298,1,2
2194,299,1,2
2194,300,1,2
2194,301,1,2
2194,302,1,2
2194,303,1,2
2194,304,1,2
2194,305,1,2
2194,306,1,2
2194,307,1,2
2194,308,1,2
2194,309,1,2
2194,310,1,2
2194,311,1,2
2194,312,1,2
2194,313,1,2
2194,314,1,2
2194,315,1,2
2194,316,1,2
2194,317,1,2
2194,318,1,2
2194,319,1,2
2194,320,1,2
2194,321,1,2
2194,322,1,2
2194,323,1,2
2194,324,1,2
2194,325,1,2
2194,326,1,2
2194,327,1,2
2194,328,1,2
2194,329,1,2
2194,330,1,2
2194,331,1,2
2194,332,1,2
2194,333,1,2
2194,334,1,2
2194,335,1,2
2194,336,1,2
2194,337,1,2
2194,338,1,2
2194,339,1,2
2194,340,1,2
2194,341,1,2
2194,342,1,2
2194,343,1,2
2194,344,1,2
2194,345,1,2
2194,346,1,2
2194,347,1,2
2194,348,1,2
2194,349,1,2
2194,350,1,2
2194,351,1,2
2194,352,1,2
2194,353,1,2
2194,354,1,2
2194,355,1,2
2194,356,1,2
2194,357,1,2
2194,358,1,2
2194,359,1,2
2194,360,1,2
2194,361,1,2
2194,362,1,2
2194,363,1,2
2194,364,1,2
2194,365,1,2
2194,366,1,2
2194,367,1,2
2194,368,1,2
2194,369,1,2
2194,370,1,2
2194,371,1,2
2194,372,1,2
2194,373,1,2
2194,374,1,2
2194,375,1,2
2194,376,1,2
2194,377,1,2
2194,378,1,2
2194,379,1,2
2194,380,1,2
2194,381,1,2
2194,382,1,2
2194,383,1,2
2194,384,1,2
2194,385,1,2
2194,386,1,2
2194,387,1,2
2194,388,1,2
2194,389,1,2
2194,390,1,2
2194,391,1,2
2194,392,1,2
2194,393,1,2
2194,394,1,2
2194,395,1,2
2194,396,1,2
2194,397,1,2
2194,398,1,2
2194,399,1,2
2194,400,1,2
2194,401,1,2
2194,402,1,2
2194,403,1,2
2194,404,1,2
2194,405,1,2
2194,406,1,2
2194,407,1,2
2194,408,1,2
2194,409,1,2
2194,410,1,2
2194,411,1,2
2194,412,1,2
2194,413,1,2
2194,414,1,2
2194,415,1,2
2194,416,1,2
2194,417,1,2
2194,418,1,2
2194,419,1,2
2194,420,1,2
2194,421,1,2
2194,422,1,2
2194,423,1,2
2194,424,1,2
2194,425,1,2
2194,426,1,2
2194,427,1,2
2194,428,1,2
2194,429,1,2
2194,430,1,2
2194,431,1,2
2194,432,1,2
2194,433,1,2
2194,434,1,2
2194,435,1,2
2194,436,1,2
2194,437,1,2
2194,438,1,2
2194,439,1,2
2194,440,1,2
2194,441,1,2
2194,442,1,2
2194,443,1,2
2194,444,1,2
2194,445,1,2
2194,446,1,2
2194,447,1,2
2194,448,1,2
2194,449,1,2
2194,450,1,2
2194,451,1,2
2194,452,1,2
2194,453,1,2
2194,454,1,2
2194,455,1,2
2194,456,1,2
2194,457,1,2
2194,458,1,2
2194,459,1,2
2194,460,1,2
2194,461,1,2
2194,462,1,2
2194,463,1,2
2194,464,1,2
2194,465,1,2
2194,466,1,2
2194,467,1,2
2194,468,1,2
2194,469,1,2
2194,470,1,2
2194,471,1,2
2194,472,1,2
2194,473,1,2
2194,474,1,2
2194,475,1,2
2194,476,1,2
2194,477,1,2
2194,478,1,2
2194,479,1,2
2194,480,1,2
2194,481,1,2
2194,482,1,2
2195,229,1,2
2195,230,1,2
2195,231,1,2
2195,232,1,2
2195,233,1,2
2195,234,1,2
2195,235,1,2
2195,236,1,2
2195,237,1,2
2195,238,1,2
2195,239,1,2
2195,240,1,2
2195,241,1,2
2195,242,1,2
2195,243,1,2
2195,244,1,2
2195,245,1,2
2195,246,1,3
2195,247,1,3
2195,248,1,3
2195,249,1,3
2195,250,1,3
2195,251,1,3
2195,252,1,3
2195,253,1,3
2195,254,1,3
2195,255,1,3
2195,256,1,3
2195,257,1,3
2195,258,1,3
2195,259,1,3
2195,260,1,3
2195,261,1,3
2195,262,1,3
2195,263,1,3
2195,264,1,3
2195,265,1,3
2195,266,1,3
2195,267,1,3
2195,268,1,3
2195,269,1,3
2195,270,1,3
2195,271,1,3
2195,272,1,3
2195,273,1,3
2195,274,1,3
2195,275,1,3
2195,276,1,3
2195,277,1,3
2195,278,1,3
2195,279,1,3
2195,280,1,3
2195,281,1,2
2195,282,1,2
2195,283,1,2
2195,284,1,2
2195,285,1,2
2195,286,1,2
2195,287,1,2
2195,288,1,2
2195,289,1,2
2195,290,1,2
2195,291,1,2
2195,292,1,2
2195,293,1,2
2195,294,1,2
2195,295,1,2
2195,296,1,2
2195,297,1,2
2195,298,1,2
2195,299,1,2
2195,300,1,2
2195,301,1,2
2195,302,1,2
2195,303,1,2
2195,304,1,2
2195,305,1,2
2195,306,1,2
2195,307,1,2
2195,308,1,2
2195,309,1,2
2195,310,1,2
2195,311,1,2
2195,312,1,2
2195,313,1,2
2195,314,1,2
2195,315,1,2
2195,316,1,2
2195,317,1,2
2195,318,1,2
2195,319,1,2
2195,320,1,2
2195,321,1,2
2195,322,1,2
2195,323,1,2
2195,324,1,2
2195,325,1,2
2195,326,1,2
2195,327,1,2
2195,328,1,2
2195,329,1,2
2195,330,1,2
2195,331,1,2
2195,332,1,2
2195,333,1,2
2195,334,1,2
2195,335,1,2
2195,336,1,2
2195,337,1,2
2195,338,1,2
2195,339,1,2
2195,340,1,2
2195,341,1,2
2195,342,1,2
2195,343,1,2
2195,344,1,2
2195,345,1,2
2195,346,1,2
2195,347,1,2
2195,348,1,2
2195,349,1,2
2195,350,1,2
2195,351,1,2
2195,352,1,2
2195,353,1,2
2195,354,1,2
2195,355,1,2
2195,356,1,2
2195,357,1,2
2195,358,1,2
2195,359,1,2
2195,360,1,2
2195,361,1,2
2195,362,1,2
2195,363,1,2
2195,364,1,2
2195,365,1,2
2195,366,1,2
2195,367,1,2
2195,368,1,2
2195,369,1,2
2195,370,1,2
2195,371,1,2
2195,372,1,2
2195,373,1,2
2195,374,1,2
2195,375,1,2
2195,376,1,2
2195,377,1,2
2195,378,1,2
2195,379,1,2
2195,380,1,2
2195,381,1,2
2195,382,1,2
2195,383,1,2
2195,384,1,2
2195,385,1,2
2195,386,1,2
2195,387,1,2
2195,388,1,2
2195,389,1,2
2195,390,1,2
2195,391,1,2
2195,392,1,2
2195,393,1,2
2195,394,1,2
2195,395,1,2
2195,396,1,2
2195,397,1,2
2195,398,1,2
2195,399,1,2
2195,400,1,2
2195,401,1,2
2195,402,1,2
2195,403,1,2
2195,404,1,2
2195,405,1,2
2195,406,1,2
2195,407,1,2
2195,408,1,2
2195,409,1,2
2195,410,1,2
2195,411,1,2
2195,412,1,2
2195,413,1,2
2195,414,1,2
2195,415,1,2
2195,416,1,2
2195,417,1,2
2195,418,1,2
2195,419,1,2
2195,420,1,2
2195,421,1,2
2195,422,1,2
2195,423,1,2
2195,424,1,2
2195,425,1,2
2195,426,1,2
2195,427,1,2
2195,428,1,2
2195,429,1,2
2195,430,1,2
2195,431,1,2
2195,432,1,2
2195,433,1,2
2195,434,1,2
2195,435,1,2
2195,436,1,2
2195,437,1,2
2195,438,1,2
2195,439,1,2
2195,440,1,2
2195,441,1,2
2195,442,1,2
2195,443,1,2
2195,444,1,2
2195,445,1,2
2195,446,1,2
2195,447,1,2
2195,448,1,2
2195,449,1,2
2195,450,1,2
2195,451,1,2
2195,452,1,2
2195,453,1,2
2195,454,1,2
2195,455,1,2
2195,456,1,2
2195,457,1,2
2195,458,1,2
2195,459,1,2
2195,460,1,2
2195,461,1,2
2195,462,1,2
2195,463,1,2
2195,464,1,2
2195,465,1,2
2195,466,1,2
2195,467,1,2
2195,468,1,2
2195,469,1,2
2195,470,1,2
2195,471,1,2
2195,472,1,2
2195,473,1,2
2195,474,1,2
2195,475,1,2
2195,476,1,2
2195,477,1,2
2195,478,1,2
2195,479,1,2
2195,480,1,2
2196,230,1,2
2196,231,1,2
2196,232,1,2
2196,233,1,2
2196,234,1,2
2196,235,1,2
2196,236,1,2
2196,237,1,2
2196,238,1,2
2196,239,1,2
2196,240,1,2
2196,241,1,2
2196,242,1,2
2196,243,1,2
2196,244,1,2
2196,245,1,2
2196,246,1,3
2196,247,1,3
2196,248,1,3
2196,249,1,3
2196,250,1,3
2196,251,1,3
2196,252,1,3
2196,253,1,3
2196,254,1,3
2196,255,1,3
2196,256,1,3
2196,257,1,3
2196,258,1,3
2196,259,1,3
2196,260,1,3
2196,261,1,3
2196,262,1,3
2196,263,1,3
2196,264,1,3
2196,265,1,3
2196,266,1,3
2196,267,1,3
2196,268,1,3
2196,269,1,3
2196,270,1,3
2196,271,1,3
2196,272,1,3
2196,273,1,3
2196,274,1,3
2196,275,1,3
2196,276,1,3
2196,277,1,3
2196,278,1,3
2196,279,1,3
2196,280,1,3
2196,281,1,2
2196,282,1,2
2196,283,1,2
2196,284,1,2
2196,285,1,2
2196,286,1,2
2196,287,1,2
2196,288,1,2
2196,289,1,2
2196,290,1,2
2196,291,1,2
2196,292,1,2
2196,293,1,2
2196,294,1,2
2196,295,1,2
2196,296,1,2
2196,297,1,2
2196,298,1,2
2196,299,1,2
2196,300,1,2
2196,301,1,2
2196,302,1,2
2196,303,1,2
2196,304,1,2
2196,305,1,2
2196,306,1,2
2196,307,1,2
2196,308,1,2
2196,309,1,2
2196,310,1,2
2196,311,1,2
2196,312,1,2
2196,313,1,2
2196,314,1,2
2196,315,1,2
2196,316,1,2
2196,317,1,2
2196,318,1,2
2196,319,1,2
2196,320,1,2
2196,321,1,2
2196,322,1,2
2196,323,1,2
2196,324,1,2
2196,325,1,2
2196,326,1,2
2196,327,1,2
2196,328,1,2
2196,329,1,2
2196,330,1,2
2196,331,1,2
2196,332,1,2
2196,333,1,2
2196,334,1,2
2196,335,1,2
2196,336,1,2
2196,337,1,2
2196,338,1,2
2196,339,1,2
2196,340,1,2
2196,341,1,2
2196,342,1,2
2196,343,1,2
2196,344,1,2
2196,345,1,2
2196,346,1,2
2196,347,1,2
2196,348,1,2
2196,349,1,2
2196,350,1,2
2196,351,1,2
2196,352,1,2
2196,353,1,2
2196,354,1,2
2196,355,1,2
2196,356,1,2
2196,357,1,2
2196,358,1,2
2196,359,1,2
2196,360,1,2
2196,361,1,2
2196,362,1,2
2196,363,1,2
2196,364,1,2
2196,365,1,2
2196,366,1,2
2196,367,1,2
2196,368,1,2
2196,369,1,2
2196,370,1,2
2196,371,1,2
2196,372,1,2
2196,373,1,2
2196,374,1,2
2196,375,1,2
2196,376,1,2
2196,377,1,2
2196,378,1,2
2196,379,1,2
2196,380,1,2
2196,381,1,2
2196,382,1,2
2196,383,1,2
2196,384,1,2
2196,385,1,2
2196,386,1,2
2196,387,1,2
2196,388,1,2
2196,389,1,2
2196,390,1,2
2196,391,1,2
2196,392,1,2
2196,393,1,2
2196,394,1,2
2196,395,1,2
2196,396,1,2
2196,397,1,2
2196,398,1,2
2196,399,1,2
2196,400,1,2
2196,401,1,2
2196,402,1,2
2196,403,1,2
2196,404,1,2
2196,405,1,2
2196,406,1,2
2196,407,1,2
2196,408,1,2
2196,409,1,2
2196,410,1,2
2196,411,1,2
2196,412,1,2
2196,413,1,2
2196,414,1,2
2196,415,1,2
2196,416,1,2
2196,417,1,2
2196,418,1,2
2196,419,1,2
2196,420,1,2
2196,421,1,2
2196,422,1,2
2196,423,1,2
2196,424,1,2
2196,425,1,2
2196,426,1,2
2196,427,1,2
2196,428,1,2
2196,429,1,2
2196,430,1,2
2196,431,1,2
2196,432,1,2
2196,433,1,2
2196,434,1,2
2196,435,1,2
2196,436,1,2
2196,437,1,2
2196,438,1,2
2196,439,1,2
2196,440,1,2
2196,441,1,2
2196,442,1,2
2196,443,1,2
2196,444,1,2
2196,445,1,2
2196,446,1,2
2196,447,1,2
2196,448,1,2
2196,449,1,2
2196,450,1,2
2196,451,1,2
2196,452,1,2
2196,453,1,2
2196,454,1,2
2196,455,1,2
2196,456,1,2
2196,457,1,2
2196,458,1,2
2196,459,1,2
2196,460,1,2
2196,461,1,2
2196,462,1,2
2196,463,1,2
2196,464,1,2
2196,465,1,2
2196,466,1,2
2196,467,1,2
2196,468,1,2
2196,469,1,2
2196,470,1,2
2196,471,1,2
2196,472,1,2
2196,473,1,2
2196,474,1,2
2196,475,1,2
2196,476,1,2
2196,477,1,2
2196,478,1,2
2196,479,1,2
2196,480,1,2
2197,232,1,2
2197,234,1,2
2197,235,1,2
2197,236,1,2
2197,237,1,2
2197,238,1,2
2197,239,1,2
2197,240,1,2
2197,241,1,2
2197,242,1,2
2197,243,1,2
2197,244,1,2
2197,245,1,2
2197,246,1,2
2197,247,1,3
2197,248,1,3
2197,249,1,3
2197,250,1,3
2197,251,1,3
2197,252,1,3
2197,253,1,3
2197,254,1,3
2197,255,1,3
2197,256,1,3
2197,257,1,3
2197,258,1,3
2197,259,1,3
2197,260,1,3
2197,261,1,3
2197,262,1,3
2197,263,1,3
2197,264,1,3
2197,265,1,3
2197,266,1,3
2197,267,1,3
2197,268,1,3
2197,269,1,3
2197,270,1,3
2197,271,1,3
2197,272,1,3
2197,273,1,3
2197,274,1,3
2197,275,1,3
2197,276,1,3
2197,277,1,3
2197,278,1,3
2197,279,1,3
2197,280,1,3
2197,281,1,3
2197,282,1,2
2197,283,1,2
2197,284,1,2
2197,285,1,2
2197,286,1,2
2197,287,1,2
2197,288,1,2
2197,289,1,2
2197,290,1,2
2197,291,1,2
2197,292,1,2
2197,293,1,2
2197,294,1,2
2197,295,1,2
2197,296,1,2
2197,297,1,2
2197,298,1,2
2197,299,1,2
2197,300,1,2
2197,301,1,2
2197,302,1,2
2197,303,1,2
2197,304,1,2
2197,305,1,2
2197,306,1,2
2197,307,1,2
2197,308,1,2
2197,309,1,2
2197,310,1,2
2197,311,1,2
2197,312,1,2
2197,313,1,2
2197,314,1,2
2197,315,1,2
2197,316,1,2
2197,317,1,2
2197,318,1,2
2197,319,1,2
2197,320,1,2
2197,321,1,2
2197,322,1,2
2197,323,1,2
2197,324,1,2
2197,325,1,2
2197,326,1,2
2197,327,1,2
2197,328,1,2
2197,329,1,2
2197,330,1,2
2197,331,1,2
2197,332,1,2
2197,333,1,2
2197,334,1,2
2197,335,1,2
2197,336,1,2
2197,337,1,2
2197,338,1,2
2197,339,1,2
2197,340,1,2
2197,341,1,2
2197,342,1,2
2197,343,1,2
2197,344,1,2
2197,345,1,2
2197,346,1,2
2197,347,1,2
2197,348,1,2
2197,349,1,2
2197,350,1,2
2197,351,1,2
2197,352,1,2
2197,353,1,2
2197,354,1,2
2197,355,1,2
2197,356,1,2
2197,357,1,2
2197,358,1,2
2197,359,1,2
2197,360,1,2
2197,361,1,2
2197,362,1,2
2197,363,1,2
2197,364,1,2
2197,365,1,2
2197,366,1,2
2197,367,1,2
2197,368,1,2
2197,369,1,2
2197,370,1,2
2197,371,1,2
2197,372,1,2
2197,373,1,2
2197,374,1,2
2197,375,1,2
2197,376,1,2
2197,377,1,2
2197,378,1,2
2197,379,1,2
2197,380,1,2
2197,381,1,2
2197,382,1,2
2197,383,1,2
2197,384,1,2
2197,385,1,2
2197,386,1,2
2197,387,1,2
2197,388,1,2
2197,389,1,2
2197,390,1,2
2197,391,1,2
2197,392,1,2
2197,393,1,2
2197,394,1,2
2197,395,1,2
2197,396,1,2
2197,397,1,2
2197,398,1,2
2197,399,1,2
2197,400,1,2
2197,401,1,2
2197,402,1,2
2197,403,1,2
2197,404,1,2
2197,405,1,2
2197,406,1,2
2197,407,1,2
2197,408,1,2
2197,409,1,2
2197,410,1,2
2197,411,1,2
2197,412,1,2
2197,413,1,2
2197,414,1,2
2197,415,1,2
2197,416,1,2
2197,417,1,2
2197,418,1,2
2197,419,1,2
2197,420,1,2
2197,421,1,2
2197,422,1,2
2197,423,1,2
2197,424,1,2
2197,425,1,2
2197,426,1,2
2197,427,1,2
2197,428,1,2
2197,429,1,2
2197,430,1,2
2197,431,1,2
2197,432,1,2
2197,433,1,2
2197,434,1,2
2197,435,1,2
2197,436,1,2
2197,437,1,2
2197,438,1,2
2197,439,1,2
2197,440,1,2
2197,441,1,2
2197,442,1,2
2197,443,1,2
2197,444,1,2
2197,445,1,2
2197,446,1,2
2197,447,1,2
2197,448,1,2
2197,449,1,2
2197,450,1,2
2197,451,1,2
2197,452,1,2
2197,453,1,2
2197,454,1,2
2197,455,1,2
2197,456,1,2
2197,457,1,2
2197,458,1,2
2197,459,1,2
2197,460,1,2
2197,461,1,2
2197,462,1,2
2197,463,1,2
2197,464,1,2
2197,465,1,2
2197,466,1,2
2197,467,1,2
2197,468,1,2
2197,469,1,2
2197,470,1,2
2197,471,1,2
2197,472,1,2
2197,473,1,2
2198,235,1,2
2198,236,1,2
2198,237,1,2
2198,238,1,2
2198,239,1,2
2198,240,1,2
2198,241,1,2
2198,242,1,2
2198,243,1,2
2198,244,1,2
2198,245,1,2
2198,246,1,2
2198,247,1,3
2198,248,1,3
2198,249,1,3
2198,250,1,3
2198,251,1,3
2198,252,1,3
2198,253,1,3
2198,254,1,3
2198,255,1,3
2198,256,1,3
2198,257,1,3
2198,258,1,3
2198,259,1,3
2198,260,1,3
2198,261,1,3
2198,262,1,3
2198,263,1,3
2198,264,1,3
2198,265,1,3
2198,266,1,3
2198,267,1,3
2198,268,1,3
2198,269,1,3
2198,270,1,3
2198,271,1,3
2198,272,1,3
2198,273,1,3
2198,274,1,3
2198,275,1,3
2198,276,1,3
2198,277,1,3
2198,278,1,3
2198,279,1,3
2198,280,1,3
2198,281,1,3
2198,282,1,2
2198,283,1,2
2198,284,1,2
2198,285,1,2
2198,286,1,2
2198,287,1,2
2198,288,1,2
2198,289,1,2
2198,290,1,2
2198,291,1,2
2198,292,1,2
2198,293,1,2
2198,294,1,2
2198,295,1,2
2198,296,1,2
2198,297,1,2
2198,298,1,2
2198,299,1,2
2198,300,1,2
2198,301,1,2
2198,302,1,2
2198,303,1,2
2198,304,1,2
2198,305,1,2
2198,306,1,2
2198,307,1,2
2198,308,1,2
2198,309,1,2
2198,310,1,2
2198,311,1,2
2198,312,1,2
2198,313,1,2
2198,314,1,2
2198,315,1,2
2198,316,1,2
2198,317,1,2
2198,318,1,2
2198,319,1,2
2198,320,1,2
2198,321,1,2
2198,322,1,2
2198,323,1,2
2198,324,1,2
2198,325,1,2
2198,326,1,2
2198,327,1,2
2198,328,1,2
2198,329,1,2
2198,330,1,2
2198,331,1,2
2198,332,1,2
2198,333,1,2
2198,334,1,2
2198,335,1,2
2198,336,1,2
2198,337,1,2
2198,338,1,2
2198,339,1,2
2198,340,1,2
2198,341,1,2
2198,342,1,2
2198,343,1,2
2198,344,1,2
2198,345,1,2
2198,346,1,2
2198,347,1,2
2198,348,1,2
2198,349,1,2
2198,350,1,2
2198,351,1,2
2198,352,1,2
2198,353,1,2
2198,354,1,2
2198,355,1,2
2198,356,1,2
2198,357,1,2
2198,358,1,2
2198,359,1,2
2198,360,1,2
2198,361,1,2
2198,362,1,2
2198,363,1,2
2198,364,1,2
2198,365,1,2
2198,366,1,2
2198,367,1,2
2198,368,1,2
2198,369,1,2
2198,370,1,2
2198,371,1,2
2198,372,1,2
2198,373,1,2
2198,374,1,2
2198,375,1,2
2198,376,1,2
2198,377,1,2
2198,378,1,2
2198,379,1,2
2198,380,1,2
2198,381,1,2
2198,382,1,2
2198,383,1,2
2198,384,1,2
2198,385,1,2
2198,386,1,2
2198,387,1,2
2198,388,1,2
2198,389,1,2
2198,390,1,2
2198,391,1,2
2198,392,1,2
2198,393,1,2
2198,394,1,2
2198,395,1,2
2198,396,1,2
2198,397,1,2
2198,398,1,2
2198,399,1,2
2198,400,1,2
2198,401,1,2
2198,402,1,2
2198,403,1,2
2198,404,1,2
2198,405,1,2
2198,406,1,2
2198,407,1,2
2198,408,1,2
2198,409,1,2
2198,410,1,2
2198,411,1,2
2198,412,1,2
2198,413,1,2
2198,414,1,2
2198,415,1,2
2198,416,1,2
2198,417,1,2
2198,418,1,2
2198,419,1,2
2198,420,1,2
2198,421,1,2
2198,422,1,2
2198,423,1,2
2198,424,1,2
2198,425,1,2
2198,426,1,2
2198,427,1,2
2198,428,1,2
2198,429,1,2
2198,430,1,2
2198,431,1,2
2198,432,1,2
2198,433,1,2
2198,434,1,2
2198,435,1,2
2198,436,1,2
2198,437,1,2
2198,438,1,2
2198,439,1,2
2198,440,1,2
2198,441,1,2
2198,442,1,2
2198,443,1,2
2198,444,1,2
2198,445,1,2
2198,446,1,2
2198,447,1,2
2198,448,1,2
2198,449,1,2
2198,450,1,2
2198,451,1,2
2198,452,1,2
2198,453,1,2
2198,454,1,2
2198,455,1,2
2198,456,1,2
2198,457,1,2
2198,458,1,2
2198,459,1,2
2198,460,1,2
2198,461,1,2
2198,462,1,2
2198,463,1,2
2198,464,1,2
2198,465,1,2
2198,466,1,2
2198,467,1,2
2198,468,1,2
2198,469,1,2
2198,470,1,2
2198,471,1,2
2198,472,1,2
2198,474,1,2
2198,475,1,2
2198,476,1,2
2198,477,1,2
2199,240,1,2
2199,241,1,2
2199,242,1,2
2199,243,1,2
2199,244,1,2
2199,245,1,2
2199,246,1,2
2199,247,1,2
2199,248,1,2
2199,249,1,3
2199,250,1,3
2199,251,1,3
2199,252,1,3
2199,253,1,3
2199,254,1,3
2199,255,1,3
2199,256,1,3
2199,257,1,3
2199,258,1,3
2199,259,1,3
2199,260,1,3
2199,261,1,3
2199,262,1,3
2199,263,1,3
2199,264,1,3
2199,265,1,3
2199,266,1,3
2199,267,1,3
2199,268,1,3
2199,269,1,3
2199,270,1,3
2199,271,1,3
2199,272,1,3
2199,273,1,3
2199,274,1,3
2199,275,1,3
2199,276,1,3
2199,277,1,3
2199,278,1,3
2199,279,1,3
2199,280,1,3
2199,281,1,3
2199,282,1,2
2199,283,1,2
2199,284,1,2
2199,285,1,2
2199,286,1,2
2199,287,1,2
2199,288,1,2
2199,289,1,2
2199,290,1,2
2199,291,1,2
2199,292,1,2
2199,293,1,2
2199,294,1,2
2199,295,1,2
2199,296,1,2
2199,297,1,2
2199,298,1,2
2199,299,1,2
2199,300,1,2
2199,301,1,2
2199,302,1,2
2199,303,1,2
2199,304,1,2
2199,305,1,2
2199,306,1,2
2199,307,1,2
2199,308,1,2
2199,309,1,2
2199,310,1,2
2199,311,1,2
2199,312,1,2
2199,313,1,2
2199,314,1,2
2199,315,1,2
2199,316,1,2
2199,317,1,2
2199,318,1,2
2199,319,1,2
2199,320,1,2
2199,321,1,2
2199,322,1,2
2199,323,1,2
2199,324,1,2
2199,325,1,2
2199,326,1,2
2199,327,1,2
2199,328,1,2
2199,329,1,2
2199,330,1,2
2199,331,1,2
2199,332,1,2
2199,333,1,2
2199,334,1,2
2199,335,1,2
2199,336,1,2
2199,337,1,2
2199,338,1,2
2199,339,1,2
2199,340,1,2
2199,341,1,2
2199,342,1,2
2199,343,1,2
2199,344,1,2
2199,345,1,2
2199,346,1,2
2199,347,1,2
2199,348,1,2
2199,349,1,2
2199,350,1,2
2199,351,1,2
2199,352,1,2
2199,353,1,2
2199,354,1,2
2199,355,1,2
2199,356,1,2
2199,357,1,2
2199,358,1,2
2199,359,1,2
2199,360,1,2
2199,361,1,2
2199,362,1,2
2199,363,1,2
2199,364,1,2
2199,365,1,2
2199,366,1,2
2199,367,1,2
2199,368,1,2
2199,369,1,2
2199,370,1,2
2199,371,1,2
2199,372,1,2
2199,373,1,2
2199,374,1,2
2199,375,1,2
2199,376,1,2
2199,377,1,2
2199,378,1,2
2199,379,1,2
2199,380,1,2
2199,381,1,2
2199,382,1,2
2199,383,1,2
2199,384,1,2
2199,385,1,2
2199,386,1,2
2199,387,1,2
2199,388,1,2
2199,389,1,2
2199,390,1,2
2199,391,1,2
2199,392,1,2
2199,393,1,2
2199,394,1,2
2199,395,1,2
2199,396,1,2
2199,397,1,2
2199,398,1,2
2199,399,1,2
2199,400,1,2
2199,401,1,2
2199,402,1,2
2199,403,1,2
2199,404,1,2
2199,405,1,2
2199,406,1,2
2199,407,1,2
2199,408,1,2
2199,409,1,2
2199,410,1,2
2199,411,1,2
2199,412,1,2
2199,413,1,2
2199,414,1,2
2199,415,1,2
2199,416,1,2
2199,417,1,2
2199,418,1,2
2199,419,1,2
2199,420,1,2
2199,421,1,2
2199,422,1,2
2199,423,1,2
2199,424,1,2
2199,425,1,2
2199,426,1,2
2199,427,1,2
2199,428,1,2
2199,429,1,2
2199,430,1,2
2199,431,1,2
2199,432,1,2
2199,433,1,2
2199,434,1,2
2199,435,1,2
2199,436,1,2
2199,437,1,2
2199,438,1,2
2199,439,1,2
2199,440,1,2
2199,441,1,2
2199,442,1,2
2199,443,1,2
2199,444,1,2
2199,445,1,2
2199,446,1,2
2199,447,1,2
2199,448,1,2
2199,449,1,2
2199,450,1,2
2199,451,1,2
2199,452,1,2
2199,453,1,2
2199,454,1,2
2199,455,1,2
2199,456,1,2
2199,457,1,2
2199,458,1,2
2199,459,1,2
2199,460,1,2
2199,461,1,2
2199,462,1,2
2199,463,1,2
2199,464,1,2
2199,465,1,2
2199,466,1,2
2199,467,1,2
2199,468,1,2
2199,469,1,2
2199,470,1,2
2200,240,1,2
2200,241,1,2
2200,242,1,2
2200,243,1,2
2200,244,1,2
2200,245,1,2
2200,246,1,2
2200,247,1,2
2200,248,1,2
2200,249,1,2
2200,250,1,3
2200,251,1,3
2200,252,1,3
2200,253,1,3
2200,254,1,3
2200,255,1,3
2200,256,1,3
2200,257,1,3
2200,258,1,3
2200,259,1,3
2200,260,1,3
2200,261,1,3
2200,262,1,3
2200,263,1,3
2200,264,1,3
2200,265,1,3
2200,266,1,3
2200,267,1,3
2200,268,1,3
2200,269,1,3
2200,270,1,3
2200,271,1,3
2200,272,1,3
2200,273,1,3
2200,274,1,3
2200,275,1,3
2200,276,1,3
2200,277,1,3
2200,278,1,3
2200,279,1,3
2200,280,1,3
2200,281,1,3
2200,282,1,2
2200,283,1,2
2200,284,1,2
2200,285,1,2
2200,286,1,2
2200,287,1,2
2200,288,1,2
2200,289,1,2
2200,290,1,2
2200,291,1,2
2200,292,1,2
2200,293,1,2
2200,294,1,2
2200,295,1,2
2200,296,1,2
2200,297,1,2
2200,298,1,2
2200,299,1,2
2200,300,1,2
2200,301,1,2
2200,302,1,2
2200,303,1,2
2200,304,1,2
2200,305,1,2
2200,306,1,2
2200,307,1,2
2200,308,1,2
2200,309,1,2
2200,310,1,2
2200,311,1,2
2200,312,1,2
2200,313,1,2
2200,314,1,2
2200,315,1,2
2200,316,1,2
2200,317,1,2
2200,318,1,2
2200,319,1,2
2200,320,1,2
2200,321,1,2
2200,322,1,2
2200,323,1,2
2200,324,1,2
2200,325,1,2
2200,326,1,2
2200,327,1,2
2200,328,1,2
2200,329,1,2
2200,330,1,2
2200,331,1,2
2200,332,1,2
2200,333,1,2
2200,334,1,2
2200,335,1,2
2200,336,1,2
2200,337,1,2
2200,338,1,2
2200,339,1,2
2200,340,1,2
2200,341,1,2
2200,342,1,2
2200,343,1,2
2200,344,1,2
2200,345,1,2
2200,346,1,2
2200,347,1,2
2200,348,1,2
2200,349,1,2
2200,350,1,2
2200,351,1,2
2200,352,1,2
2200,353,1,2
2200,354,1,2
2200,355,1,2
2200,356,1,2
2200,357,1,2
2200,358,1,2
2200,359,1,2
2200,360,1,2
2200,361,1,2
2200,362,1,2
2200,363,1,2
2200,364,1,2
2200,365,1,2
2200,366,1,2
2200,367,1,2
2200,368,1,2
2200,369,1,2
2200,370,1,2
2200,371,1,2
2200,372,1,2
2200,373,1,2
2200,374,1,2
2200,375,1,2
2200,376,1,2
2200,377,1,2
2200,378,1,2
2200,379,1,2
2200,380,1,2
2200,381,1,2
2200,382,1,2
2200,383,1,2
2200,384,1,2
2200,385,1,2
2200,386,1,2
2200,387,1,2
2200,388,1,2
2200,389,1,2
2200,390,1,2
2200,391,1,2
2200,392,1,2
2200,393,1,2
2200,394,1,2
2200,395,1,2
2200,396,1,2
2200,397,1,2
2200,398,1,2
2200,399,1,2
2200,400,1,2
2200,401,1,2
2200,402,1,2
2200,403,1,2
2200,404,1,2
2200,405,1,2
2200,406,1,2
2200,407,1,2
2200,408,1,2
2200,409,1,2
2200,410,1,2
2200,411,1,2
2200,412,1,2
2200,413,1,2
2200,414,1,2
2200,415,1,2
2200,416,1,2
2200,417,1,2
2200,418,1,2
2200,419,1,2
2200,420,1,2
2200,421,1,2
2200,422,1,2
2200,423,1,2
2200,424,1,2
2200,425,1,2
2200,426,1,2
2200,427,1,2
2200,428,1,2
2200,429,1,2
2200,430,1,2
2200,431,1,2
2200,432,1,2
2200,433,1,2
2200,434,1,2
2200,435,1,2
2200,436,1,2
2200,437,1,2
2200,438,1,2
2200,439,1,2
2200,440,1,2
2200,441,1,2
2200,442,1,2
2200,443,1,2
2200,444,1,2
2200,445,1,2
2200,446,1,2
2200,447,1,2
2200,448,1,2
2200,449,1,2
2200,450,1,2
2200,451,1,2
2200,452,1,2
2200,453,1,2
2200,454,1,2
2200,455,1,2
2200,456,1,2
2200,457,1,2
2200,458,1,2
2200,459,1,2
2200,460,1,2
2200,461,1,2
2200,462,1,2
2200,463,1,2
2200,464,1,2
2200,465,1,2
2200,466,1,2
2200,467,1,2
2200,468,1,2
2200,469,1,2
2200,470,1,2
2201,241,1,2
2201,242,1,2
2201,243,1,2
2201,244,1,2
2201,245,1,2
2201,246,1,2
2201,247,1,2
2201,248,1,2
2201,249,1,2
2201,250,1,2
2201,251,1,2
2201,252,1,2
2201,253,1,2
2201,254,1,2
2201,255,1,2
2201,256,1,3
2201,257,1,3
2201,258,1,3
2201,259,1,3
2201,260,1,3
2201,261,1,3
2201,262,1,3
2201,263,1,3
2201,264,1,3
2201,265,1,3
2201,266,1,3
2201,267,1,3
2201,268,1,3
2201,269,1,3
2201,270,1,3
2201,271,1,3
2201,272,1,3
2201,273,1,3
2201,274,1,3
2201,275,1,3
2201,276,1,3
2201,277,1,3
2201,278,1,3
2201,279,1,3
2201,280,1,3
2201,281,1,3
2201,282,1,2
2201,283,1,2
2201,284,1,2
2201,285,1,2
2201,286,1,2
2201,287,1,2
2201,288,1,2
2201,289,1,2
2201,290,1,2
2201,291,1,2
2201,292,1,2
2201,293,1,2
2201,294,1,2
2201,295,1,2
2201,296,1,2
2201,297,1,2
2201,298,1,2
2201,299,1,2
2201,300,1,2
2201,301,1,2
2201,302,1,2
2201,303,1,2
2201,304,1,2
2201,305,1,2
2201,306,1,2
2201,307,1,2
2201,308,1,2
2201,309,1,2
2201,310,1,2
2201,311,1,2
2201,312,1,2
2201,313,1,2
2201,314,1,2
2201,315,1,2
2201,316,1,2
2201,317,1,2
2201,318,1,2
2201,319,1,2
2201,320,1,2
2201,321,1,2
2201,322,1,2
2201,323,1,2
2201,324,1,2
2201,325,1,2
2201,326,1,2
2201,327,1,2
2201,328,1,2
2201,329,1,2
2201,330,1,2
2201,331,1,2
2201,332,1,2
2201,333,1,2
2201,334,1,2
2201,335,1,2
2201,336,1,2
2201,337,1,2
2201,338,1,2
2201,339,1,2
2201,340,1,2
2201,341,1,2
2201,342,1,2
2201,343,1,2
2201,344,1,2
2201,345,1,2
2201,346,1,2
2201,347,1,2
2201,348,1,2
2201,349,1,2
2201,350,1,2
2201,351,1,2
2201,352,1,2
2201,353,1,2
2201,354,1,2
2201,355,1,2
2201,356,1,2
2201,357,1,2
2201,358,1,2
2201,359,1,2
2201,360,1,2
2201,361,1,2
2201,362,1,2
2201,363,1,2
2201,364,1,2
2201,365,1,2
2201,366,1,2
2201,367,1,2
2201,368,1,2
2201,369,1,2
2201,370,1,2
2201,371,1,2
2201,372,1,2
2201,373,1,2
2201,374,1,2
2201,375,1,2
2201,376,1,2
2201,377,1,2
2201,378,1,2
2201,379,1,2
2201,380,1,2
2201,381,1,2
2201,382,1,2
2201,383,1,2
2201,384,1,2
2201,385,1,2
2201,386,1,2
2201,387,1,2
2201,388,1,2
2201,389,1,2
2201,390,1,2
2201,391,1,2
2201,392,1,2
2201,393,1,2
2201,394,1,2
2201,395,1,2
2201,396,1,2
2201,397,1,2
2201,398,1,2
2201,399,1,2
2201,400,1,2
2201,401,1,2
2201,402,1,2
2201,403,1,2
2201,404,1,2
2201,405,1,2
2201,406,1,2
2201,407,1,2
2201,408,1,2
2201,409,1,2
2201,410,1,2
2201,411,1,2
2201,412,1,2
2201,413,1,2
2201,414,1,2
2201,415,1,2
2201,416,1,2
2201,417,1,2
2201,418,1,2
2201,419,1,2
2201,420,1,2
2201,421,1,2
2201,422,1,2
2201,423,1,2
2201,424,1,2
2201,425,1,2
2201,426,1,2
2201,427,1,2
2201,428,1,2
2201,429,1,2
2201,430,1,2
2201,431,1,2
2201,432,1,2
2201,433,1,2
2201,434,1,2
2201,435,1,2
2201,436,1,2
2201,437,1,2
2201,438,1,2
2201,439,1,2
2201,440,1,2
2201,441,1,2
2201,442,1,2
2201,443,1,2
2201,444,1,2
2201,445,1,2
2201,446,1,2
2201,447,1,2
2201,448,1,2
2201,449,1,2
2201,450,1,2
2201,451,1,2
2201,452,1,2
2201,453,1,2
2201,454,1,2
2201,455,1,2
2201,456,1,2
2201,457,1,2
2201,458,1,2
2201,459,1,2
2201,460,1,2
2201,461,1,2
2201,462,1,2
2201,463,1,2
2201,464,1,2
2201,465,1,2
2201,466,1,2
2201,467,1,2
2202,243,1,2
2202,244,1,2
2202,245,1,2
2202,246,1,2
2202,247,1,2
2202,248,1,2
2202,249,1,2
2202,250,1,2
2202,251,1,2
2202,252,1,2
2202,253,1,2
2202,254,1,2
2202,255,1,2
2202,256,1,2
2202,257,1,3
2202,258,1,3
2202,259,1,3
2202,260,1,3
2202,261,1,3
2202,262,1,3
2202,263,1,3
2202,264,1,3
2202,265,1,3
2202,266,1,3
2202,267,1,3
2202,268,1,3
2202,269,1,3
2202,270,1,3
2202,271,1,3
2202,272,1,3
2202,273,1,3
2202,274,1,3
2202,275,1,3
2202,276,1,3
2202,277,1,3
2202,278,1,3
2202,279,1,3
2202,280,1,3
2202,281,1,3
2202,282,1,2
2202,283,1,2
2202,284,1,2
2202,285,1,2
2202,286,1,2
2202,287,1,2
2202,288,1,2
2202,289,1,2
2202,290,1,2
2202,291,1,2
2202,292,1,2
2202,293,1,2
2202,294,1,2
2202,295,1,2
2202,296,1,2
2202,297,1,2
2202,298,1,2
2202,299,1,2
2202,300,1,2
2202,301,1,2
2202,302,1,2
2202,303,1,2
2202,304,1,2
2202,305,1,2
2202,306,1,2
2202,307,1,2
2202,308,1,2
2202,309,1,2
2202,310,1,2
2202,311,1,2
2202,312,1,2
2202,313,1,2
2202,314,1,2
2202,315,1,2
2202,316,1,2
2202,317,1,2
2202,318,1,2
2202,319,1,2
2202,320,1,2
2202,321,1,2
2202,322,1,2
2202,323,1,2
2202,324,1,2
2202,325,1,2
2202,326,1,2
2202,327,1,2
2202,328,1,2
2202,329,1,2
2202,330,1,2
2202,331,1,2
2202,332,1,2
2202,333,1,2
2202,334,1,2
2202,335,1,2
2202,336,1,2
2202,337,1,2
2202,338,1,2
2202,339,1,2
2202,340,1,2
2202,341,1,2
2202,342,1,2
2202,343,1,2
2202,344,1,2
2202,345,1,2
2202,346,1,2
2202,347,1,2
2202,348,1,2
2202,349,1,2
2202,350,1,2
2202,351,1,2
2202,352,1,2
2202,353,1,2
2202,354,1,2
2202,355,1,2
2202,356,1,2
2202,357,1,2
2202,358,1,2
2202,359,1,2
2202,360,1,2
2202,361,1,2
2202,362,1,2
2202,363,1,2
2202,364,1,2
2202,365,1,2
2202,366,1,2
2202,367,1,2
2202,368,1,2
2202,369,1,2
2202,370,1,2
2202,371,1,2
2202,372,1,2
2202,373,1,2
2202,374,1,2
2202,375,1,2
2202,376,1,2
2202,377,1,2
2202,378,1,2
2202,379,1,2
2202,380,1,2
2202,381,1,2
2202,382,1,2
2202,383,1,2
2202,384,1,2
2202,385,1,2
2202,386,1,2
2202,387,1,2
2202,388,1,2
2202,389,1,2
2202,390,1,2
2202,391,1,2
2202,392,1,2
2202,393,1,2
2202,394,1,2
2202,395,1,2
2202,396,1,2
2202,397,1,2
2202,398,1,2
2202,399,1,2
2202,400,1,2
2202,401,1,2
2202,402,1,2
2202,403,1,2
2202,404,1,2
2202,405,1,2
2202,406,1,2
2202,407,1,2
2202,408,1,2
2202,409,1,2
2202,410,1,2
2202,411,1,2
2202,412,1,2
2202,413,1,2
2202,414,1,2
2202,415,1,2
2202,416,1,2
2202,417,1,2
2202,418,1,2
2202,419,1,2
2202,420,1,2
2202,421,1,2
2202,422,1,2
2202,423,1,2
2202,424,1,2
2202,425,1,2
2202,426,1,2
2202,427,1,2
2202,428,1,2
2202,429,1,2
2202,430,1,2
2202,431,1,2
2202,432,1,2
2202,433,1,2
2202,434,1,2
2202,435,1,2
2202,436,1,2
2202,437,1,2
2202,438,1,2
2202,439,1,2
2202,440,1,2
2202,441,1,2
2202,442,1,2
2202,443,1,2
2202,444,1,2
2202,445,1,2
2202,446,1,2
2202,447,1,2
2202,448,1,2
2202,449,1,2
2202,450,1,2
2202,451,1,2
2202,452,1,2
2202,453,1,2
2202,454,1,2
2202,455,1,2
2202,456,1,2
2202,457,1,2
2202,458,1,2
2202,459,1,2
2202,460,1,2
2202,461,1,2
2202,462,1,2
2202,463,1,2
2202,464,1,2
2202,465,1,2
2203,248,1,2
2203,249,1,2
2203,250,1,2
2203,251,1,2
2203,252,1,2
2203,253,1,2
2203,254,1,2
2203,255,1,2
2203,256,1,2
2203,257,1,2
2203,258,1,2
2203,259,1,2
2203,260,1,3
2203,261,1,3
2203,262,1,3
2203,263,1,3
2203,264,1,3
2203,265,1,3
2203,266,1,3
2203,267,1,3
2203,268,1,3
2203,269,1,3
2203,270,1,3
2203,271,1,3
2203,272,1,3
2203,273,1,3
2203,274,1,3
2203,275,1,3
2203,276,1,3
2203,277,1,3
2203,278,1,3
2203,279,1,3
2203,280,1,3
2203,281,1,3
2203,282,1,3
2203,283,1,2
2203,284,1,2
2203,285,1,2
2203,286,1,2
2203,287,1,2
2203,288,1,2
2203,289,1,2
2203,290,1,2
2203,291,1,2
2203,292,1,2
2203,293,1,2
2203,294,1,2
2203,295,1,2
2203,296,1,2
2203,297,1,2
2203,298,1,2
2203,299,1,2
2203,300,1,2
2203,301,1,2
2203,302,1,2
2203,303,1,2
2203,304,1,2
2203,305,1,2
2203,306,1,2
2203,307,1,2
2203,308,1,2
2203,309,1,2
2203,310,1,2
2203,311,1,2
2203,312,1,2
2203,313,1,2
2203,314,1,2
2203,315,1,2
2203,316,1,2
2203,317,1,2
2203,318,1,2
2203,319,1,2
2203,320,1,2
2203,321,1,2
2203,322,1,2
2203,323,1,2
2203,324,1,2
2203,325,1,2
2203,326,1,2
2203,327,1,2
2203,328,1,2
2203,329,1,2
2203,330,1,2
2203,331,1,2
2203,332,1,2
2203,333,1,2
2203,334,1,2
2203,335,1,2
2203,336,1,2
2203,337,1,2
2203,338,1,2
2203,339,1,2
2203,340,1,2
2203,341,1,2
2203,342,1,2
2203,343,1,2
2203,344,1,2
2203,345,1,2
2203,346,1,2
2203,347,1,2
2203,348,1,2
2203,349,1,2
2203,350,1,2
2203,351,1,2
2203,352,1,2
2203,353,1,2
2203,354,1,2
2203,355,1,2
2203,356,1,2
2203,357,1,2
2203,358,1,2
2203,359,1,2
2203,360,1,2
2203,361,1,2
2203,362,1,2
2203,363,1,2
2203,364,1,2
2203,365,1,2
2203,366,1,2
2203,367,1,2
2203,368,1,2
2203,369,1,2
2203,370,1,2
2203,371,1,2
2203,372,1,2
2203,373,1,2
2203,374,1,2
2203,375,1,2
2203,376,1,2
2203,377,1,2
2203,378,1,2
2203,379,1,2
2203,380,1,2
2203,381,1,2
2203,382,1,2
2203,383,1,2
2203,384,1,2
2203,385,1,2
2203,386,1,2
2203,387,1,2
2203,388,1,2
2203,389,1,2
2203,390,1,2
2203,391,1,2
2203,392,1,2
2203,393,1,2
2203,394,1,2
2203,395,1,2
2203,396,1,2
2203,397,1,2
2203,398,1,2
2203,399,1,2
2203,400,1,2
2203,401,1,2
2203,402,1,2
2203,403,1,2
2203,404,1,2
2203,405,1,2
2203,406,1,2
2203,407,1,2
2203,408,1,2
2203,409,1,2
2203,410,1,2
2203,411,1,2
2203,412,1,2
2203,413,1,2
2203,414,1,2
2203,415,1,2
2203,416,1,2
2203,417,1,2
2203,418,1,2
2203,419,1,2
2203,420,1,2
2203,421,1,2
2203,422,1,2
2203,423,1,2
2203,424,1,2
2203,425,1,2
2203,426,1,2
2203,427,1,2
2203,428,1,2
2203,429,1,2
2203,430,1,2
2203,431,1,2
2203,432,1,2
2203,433,1,2
2203,434,1,2
2203,435,1,2
2203,436,1,2
2203,437,1,2
2203,438,1,2
2203,439,1,2
2203,440,1,2
2203,441,1,2
2203,442,1,2
2203,443,1,2
2203,444,1,2
2203,445,1,2
2203,446,1,2
2203,447,1,2
2203,448,1,2
2203,449,1,2
2203,450,1,2
2203,451,1,2
2203,452,1,2
2203,453,1,2
2203,454,1,2
2203,455,1,2
2203,456,1,2
2203,457,1,2
2203,458,1,2
2203,459,1,2
2203,460,1,2
2203,461,1,2
2203,462,1,2
2203,463,1,2
2203,464,1,2
2204,250,1,2
2204,251,1,2
2204,252,1,2
2204,253,1,2
2204,254,1,2
2204,255,1,2
2204,256,1,2
2204,257,1,2
2204,258,1,2
2204,259,1,2
2204,260,1,2
2204,261,1,2
2204,262,1,3
2204,263,1,3
2204,264,1,3
2204,265,1,3
2204,266,1,3
2204,267,1,3
2204,268,1,3
2204,269,1,3
2204,270,1,3
2204,271,1,3
2204,272,1,3
2204,273,1,3
2204,274,1,3
2204,275,1,3
2204,276,1,3
2204,277,1,3
2204,278,1,3
2204,279,1,3
2204,280,1,3
2204,281,1,3
2204,282,1,3
2204,283,1,2
2204,284,1,2
2204,285,1,2
2204,286,1,2
2204,287,1,2
2204,288,1,2
2204,289,1,2
2204,290,1,2
2204,291,1,2
2204,292,1,2
2204,293,1,2
2204,294,1,2
2204,295,1,2
2204,296,1,2
2204,297,1,2
2204,298,1,2
2204,299,1,2
2204,300,1,2
2204,301,1,2
2204,302,1,2
2204,303,1,2
2204,304,1,2
2204,305,1,2
2204,306,1,2
2204,307,1,2
2204,308,1,2
2204,309,1,2
2204,310,1,2
2204,311,1,2
2204,312,1,2
2204,313,1,2
2204,314,1,2
2204,315,1,2
2204,316,1,2
2204,317,1,2
2204,318,1,2
2204,319,1,2
2204,320,1,2
2204,321,1,2
2204,322,1,2
2204,323,1,2
2204,324,1,2
2204,325,1,2
2204,326,1,2
2204,327,1,2
2204,328,1,2
2204,329,1,2
2204,330,1,2
2204,331,1,2
2204,332,1,2
2204,333,1,2
2204,334,1,2
2204,335,1,2
2204,336,1,2
2204,337,1,2
2204,338,1,2
2204,339,1,2
2204,340,1,2
2204,341,1,2
2204,342,1,2
2204,343,1,2
2204,344,1,2
2204,345,1,2
2204,346,1,2
2204,347,1,2
2204,348,1,2
2204,349,1,2
2204,350,1,2
2204,351,1,2
2204,352,1,2
2204,353,1,2
2204,354,1,2
2204,355,1,2
2204,356,1,2
2204,357,1,2
2204,358,1,2
2204,359,1,2
2204,360,1,2
2204,361,1,2
2204,362,1,2
2204,363,1,2
2204,364,1,2
2204,365,1,2
2204,366,1,2
2204,367,1,2
2204,368,1,2
2204,369,1,2
2204,370,1,2
2204,371,1,2
2204,372,1,2
2204,373,1,2
2204,374,1,2
2204,375,1,2
2204,376,1,2
2204,377,1,2
2204,378,1,2
2204,379,1,2
2204,380,1,2
2204,381,1,2
2204,382,1,2
2204,383,1,2
2204,384,1,2
2204,385,1,2
2204,386,1,2
2204,387,1,2
2204,388,1,2
2204,389,1,2
2204,390,1,2
2204,391,1,2
2204,392,1,2
2204,393,1,2
2204,394,1,2
2204,395,1,2
2204,396,1,2
2204,397,1,2
2204,398,1,2
2204,399,1,2
2204,400,1,2
2204,401,1,2
2204,402,1,2
2204,403,1,2
2204,404,1,2
2204,405,1,2
2204,406,1,2
2204,407,1,2
2204,408,1,2
2204,409,1,2
2204,410,1,2
2204,411,1,2
2204,412,1,2
2204,413,1,2
2204,414,1,2
2204,415,1,2
2204,416,1,2
2204,417,1,2
2204,418,1,2
2204,419,1,2
2204,420,1,2
2204,421,1,2
2204,422,1,2
2204,423,1,2
2204,424,1,2
2204,425,1,2
2204,426,1,2
2204,427,1,2
2204,428,1,2
2204,429,1,2
2204,430,1,2
2204,431,1,2
2204,432,1,2
2204,433,1,2
2204,434,1,2
2204,435,1,2
2204,436,1,2
2204,437,1,2
2204,438,1,2
2204,439,1,2
2204,440,1,2
2204,441,1,2
2204,442,1,2
2204,443,1,2
2204,444,1,2
2204,445,1,2
2204,446,1,2
2204,447,1,2
2204,448,1,2
2204,449,1,2
2204,450,1,2
2204,451,1,2
2204,452,1,2
2204,453,1,2
2204,454,1,2
2204,455,1,2
2204,456,1,2
2204,457,1,2
2204,458,1,2
2204,459,1,2
2204,460,1,2
2204,461,1,2
2204,462,1,2
2204,463,1,2
2204,464,1,2
2205,252,1,2
2205,253,1,2
2205,254,1,2
2205,255,1,2
2205,256,1,2
2205,257,1,2
2205,258,1,2
2205,259,1,2
2205,260,1,2
2205,261,1,2
2205,262,1,2
2205,263,1,3
2205,264,1,3
2205,265,1,3
2205,266,1,3
2205,267,1,3
2205,268,1,3
2205,269,1,3
2205,270,1,3
2205,271,1,3
2205,272,1,3
2205,273,1,3
2205,274,1,3
2205,275,1,3
2205,276,1,3
2205,277,1,3
2205,278,1,3
2205,279,1,3
2205,280,1,3
2205,281,1,3
2205,282,1,3
2205,283,1,2
2205,284,1,2
2205,285,1,2
2205,286,1,2
2205,287,1,2
2205,288,1,2
2205,289,1,2
2205,290,1,2
2205,291,1,2
2205,292,1,2
2205,293,1,2
2205,294,1,2
2205,295,1,2
2205,296,1,2
2205,297,1,2
2205,298,1,2
2205,299,1,2
2205,300,1,2
2205,301,1,2
2205,302,1,2
2205,303,1,2
2205,304,1,2
2205,305,1,2
2205,306,1,2
2205,307,1,2
2205,308,1,2
2205,309,1,2
2205,310,1,2
2205,311,1,2
2205,312,1,2
2205,313,1,2
2205,314,1,2
2205,315,1,2
2205,316,1,2
2205,317,1,2
2205,318,1,2
2205,319,1,2
2205,320,1,2
2205,321,1,2
2205,322,1,2
2205,323,1,2
2205,324,1,2
2205,325,1,2
2205,326,1,2
2205,327,1,2
2205,328,1,2
2205,329,1,2
2205,330,1,2
2205,331,1,2
2205,332,1,2
2205,333,1,2
2205,334,1,2
2205,335,1,2
2205,336,1,2
2205,337,1,2
2205,338,1,2
2205,339,1,2
2205,340,1,2
2205,341,1,2
2205,342,1,2
2205,343,1,2
2205,344,1,2
2205,345,1,2
2205,346,1,2
2205,347,1,2
2205,348,1,2
2205,349,1,2
2205,350,1,2
2205,351,1,2
2205,352,1,2
2205,353,1,2
2205,354,1,2
2205,355,1,2
2205,356,1,2
2205,357,1,2
2205,358,1,2
2205,359,1,2
2205,360,1,2
2205,361,1,2
2205,362,1,2
2205,363,1,2
2205,364,1,2
2205,365,1,2
2205,366,1,2
2205,367,1,2
2205,368,1,2
2205,369,1,2
2205,370,1,2
2205,371,1,2
2205,372,1,2
2205,373,1,2
2205,374,1,2
2205,375,1,2
2205,376,1,2
2205,377,1,2
2205,378,1,2
2205,379,1,2
2205,380,1,2
2205,381,1,2
2205,382,1,2
2205,383,1,2
2205,384,1,2
2205,385,1,2
2205,386,1,2
2205,387,1,2
2205,388,1,2
2205,389,1,2
2205,390,1,2
2205,391,1,2
2205,392,1,2
2205,393,1,2
2205,394,1,2
2205,395,1,2
2205,396,1,2
2205,397,1,2
2205,398,1,2
2205,399,1,2
2205,400,1,2
2205,401,1,2
2205,402,1,2
2205,403,1,2
2205,404,1,2
2205,405,1,2
2205,406,1,2
2205,407,1,2
2205,408,1,2
2205,409,1,2
2205,410,1,2
2205,411,1,2
2205,412,1,2
2205,413,1,2
2205,414,1,2
2205,415,1,2
2205,416,1,2
2205,417,1,2
2205,418,1,2
2205,419,1,2
2205,420,1,2
2205,421,1,2
2205,422,1,2
2205,423,1,2
2205,424,1,2
2205,425,1,2
2205,426,1,2
2205,427,1,2
2205,428,1,2
2205,429,1,2
2205,430,1,2
2205,431,1,2
2205,432,1,2
2205,433,1,2
2205,434,1,2
2205,435,1,2
2205,436,1,2
2205,437,1,2
2205,438,1,2
2205,439,1,2
2205,440,1,2
2205,441,1,2
2205,442,1,2
2205,443,1,2
2205,444,1,2
2205,445,1,2
2205,446,1,2
2205,447,1,2
2205,448,1,2
2205,449,1,2
2205,450,1,2
2205,451,1,2
2205,452,1,2
2205,453,1,2
2205,454,1,2
2205,455,1,2
2205,456,1,2
2205,459,1,2
2205,460,1,2
2205,461,1,2
2205,462,1,2
2205,463,1,2
2205,464,1,2
2206,252,1,2
2206,253,1,2
2206,254,1,2
2206,255,1,2
2206,256,1,2
2206,257,1,2
2206,258,1,2
2206,259,1,2
2206,260,1,2
2206,261,1,2
2206,262,1,2
2206,263,1,3
2206,264,1,3
2206,265,1,3
2206,266,1,3
2206,267,1,3
2206,268,1,3
2206,269,1,3
2206,270,1,3
2206,271,1,3
2206,272,1,3
2206,273,1,3
2206,274,1,3
2206,275,1,3
2206,276,1,3
2206,277,1,3
2206,278,1,3
2206,279,1,3
2206,280,1,3
2206,281,1,3
2206,282,1,3
2206,283,1,2
2206,284,1,2
2206,285,1,2
2206,286,1,2
2206,287,1,2
2206,288,1,2
2206,289,1,2
2206,290,1,2
2206,291,1,2
2206,292,1,2
2206,293,1,2
2206,294,1,2
2206,295,1,2
2206,296,1,2
2206,297,1,2
2206,298,1,2
2206,299,1,2
2206,300,1,2
2206,301,1,2
2206,302,1,2
2206,303,1,2
2206,304,1,2
2206,305,1,2
2206,306,1,2
2206,307,1,2
2206,308,1,2
2206,309,1,2
2206,310,1,2
2206,311,1,2
2206,312,1,2
2206,313,1,2
2206,314,1,2
2206,315,1,2
2206,316,1,2
2206,317,1,2
2206,318,1,2
2206,319,1,2
2206,320,1,2
2206,321,1,2
2206,322,1,2
2206,323,1,2
2206,324,1,2
2206,325,1,2
2206,326,1,2
2206,327,1,2
2206,328,1,2
2206,329,1,2
2206,330,1,2
2206,331,1,2
2206,332,1,2
2206,333,1,2
2206,334,1,2
2206,335,1,2
2206,336,1,2
2206,337,1,2
2206,338,1,2
2206,339,1,2
2206,340,1,2
2206,341,1,2
2206,342,1,2
2206,343,1,2
2206,344,1,2
2206,345,1,2
2206,346,1,2
2206,347,1,2
2206,348,1,2
2206,349,1,2
2206,350,1,2
2206,351,1,2
2206,352,1,2
2206,353,1,2
2206,354,1,2
2206,355,1,2
2206,356,1,2
2206,357,1,2
2206,358,1,2
2206,359,1,2
2206,360,1,2
2206,361,1,2
2206,362,1,2
2206,363,1,2
2206,364,1,2
2206,365,1,2
2206,366,1,2
2206,367,1,2
2206,368,1,2
2206,369,1,2
2206,370,1,2
2206,371,1,2
2206,372,1,2
2206,373,1,2
2206,374,1,2
2206,375,1,2
2206,376,1,2
2206,377,1,2
2206,378,1,2
2206,379,1,2
2206,380,1,2
2206,381,1,2
2206,382,1,2
2206,383,1,2
2206,384,1,2
2206,385,1,2
2206,386,1,2
2206,387,1,2
2206,388,1,2
2206,389,1,2
2206,390,1,2
2206,391,1,2
2206,392,1,2
2206,393,1,2
2206,394,1,2
2206,395,1,2
2206,396,1,2
2206,397,1,2
2206,398,1,2
2206,399,1,2
2206,400,1,2
2206,401,1,2
2206,402,1,2
2206,403,1,2
2206,404,1,2
2206,405,1,2
2206,406,1,2
2206,407,1,2
2206,408,1,2
2206,409,1,2
2206,410,1,2
2206,411,1,2
2206,412,1,2
2206,413,1,2
2206,414,1,2
2206,415,1,2
2206,416,1,2
2206,417,1,2
2206,418,1,2
2206,419,1,2
2206,420,1,2
2206,421,1,2
2206,422,1,2
2206,423,1,2
2206,424,1,2
2206,425,1,2
2206,426,1,2
2206,427,1,2
2206,428,1,2
2206,429,1,2
2206,430,1,2
2206,431,1,2
2206,432,1,2
2206,433,1,2
2206,434,1,2
2206,435,1,2
2206,436,1,2
2206,437,1,2
2206,438,1,2
2206,439,1,2
2206,440,1,2
2206,441,1,2
2206,442,1,2
2206,443,1,2
2206,444,1,2
2206,445,1,2
2206,446,1,2
2206,447,1,2
2206,448,1,2
2206,449,1,2
2206,450,1,2
2206,451,1,2
2206,452,1,2
2206,453,1,2
2206,454,1,2
2206,455,1,2
2207,256,1,2
2207,257,1,2
2207,258,1,2
2207,259,1,2
2207,260,1,2
2207,261,1,2
2207,262,1,2
2207,263,1,2
2207,264,1,3
2207,265,1,3
2207,266,1,3
2207,267,1,3
2207,268,1,3
2207,269,1,3
2207,270,1,3
2207,271,1,3
2207,272,1,3
2207,273,1,3
2207,274,1,3
2207,275,1,3
2207,276,1,3
2207,277,1,3
2207,278,1,3
2207,279,1,3
2207,280,1,3
2207,281,1,3
2207,282,1,3
2207,283,1,2
2207,284,1,2
2207,285,1,2
2207,286,1,2
2207,287,1,2
2207,288,1,2
2207,289,1,2
2207,290,1,2
2207,291,1,2
2207,292,1,2
2207,293,1,2
2207,294,1,2
2207,295,1,2
2207,296,1,2
2207,297,1,2
2207,298,1,2
2207,299,1,2
2207,300,1,2
2207,301,1,2
2207,302,1,2
2207,303,1,2
2207,304,1,2
2207,305,1,2
2207,306,1,2
2207,307,1,2
2207,308,1,2
2207,309,1,2
2207,310,1,2
2207,311,1,2
2207,312,1,2
2207,313,1,2
2207,314,1,2
2207,315,1,2
2207,316,1,2
2207,317,1,2
2207,318,1,2
2207,319,1,2
2207,320,1,2
2207,321,1,2
2207,322,1,2
2207,323,1,2
2207,324,1,2
2207,325,1,2
2207,326,1,2
2207,327,1,2
2207,328,1,2
2207,329,1,2
2207,330,1,2
2207,331,1,2
2207,332,1,2
2207,333,1,2
2207,334,1,2
2207,335,1,2
2207,336,1,2
2207,337,1,2
2207,338,1,2
2207,339,1,2
2207,340,1,2
2207,341,1,2
2207,342,1,2
2207,343,1,2
2207,344,1,2
2207,345,1,2
2207,346,1,2
2207,347,1,2
2207,348,1,2
2207,349,1,2
2207,350,1,2
2207,351,1,2
2207,352,1,2
2207,353,1,2
2207,354,1,2
2207,355,1,2
2207,356,1,2
2207,357,1,2
2207,358,1,2
2207,359,1,2
2207,360,1,2
2207,361,1,2
2207,362,1,2
2207,363,1,2
2207,364,1,2
2207,365,1,2
2207,366,1,2
2207,367,1,2
2207,368,1,2
2207,369,1,2
2207,370,1,2
2207,371,1,2
2207,372,1,2
2207,373,1,2
2207,374,1,2
2207,375,1,2
2207,376,1,2
2207,377,1,2
2207,378,1,2
2207,379,1,2
2207,380,1,2
2207,381,1,2
2207,382,1,2
2207,383,1,2
2207,384,1,2
2207,385,1,2
2207,386,1,2
2207,387,1,2
2207,388,1,2
2207,389,1,2
2207,390,1,2
2207,391,1,2
2207,392,1,2
2207,393,1,2
2207,394,1,2
2207,395,1,2
2207,396,1,2
2207,397,1,2
2207,398,1,2
2207,399,1,2
2207,400,1,2
2207,401,1,2
2207,402,1,2
2207,403,1,2
2207,404,1,2
2207,405,1,2
2207,406,1,2
2207,407,1,2
2207,408,1,2
2207,409,1,2
2207,410,1,2
2207,411,1,2
2207,412,1,2
2207,413,1,2
2207,414,1,2
2207,415,1,2
2207,416,1,2
2207,417,1,2
2207,418,1,2
2207,419,1,2
2207,420,1,2
2207,421,1,2
2207,422,1,2
2207,423,1,2
2207,424,1,2
2207,425,1,2
2207,426,1,2
2207,427,1,2
2207,428,1,2
2207,429,1,2
2207,430,1,2
2207,431,1,2
2207,432,1,2
2207,433,1,2
2207,434,1,2
2207,435,1,2
2207,436,1,2
2207,437,1,2
2207,438,1,2
2207,439,1,2
2207,440,1,2
2207,441,1,2
2207,442,1,2
2207,443,1,2
2207,444,1,2
2207,445,1,2
2207,446,1,2
2207,447,1,2
2207,448,1,2
2207,449,1,2
2207,453,1,2
2208,257,1,2
2208,258,1,2
2208,259,1,2
2208,260,1,2
2208,261,1,2
2208,262,1,2
2208,263,1,2
2208,264,1,3
2208,265,1,3
2208,266,1,3
2208,267,1,3
2208,268,1,3
2208,269,1,3
2208,270,1,3
2208,271,1,3
2208,272,1,3
2208,273,1,3
2208,274,1,3
2208,275,1,3
2208,276,1,3
2208,277,1,3
2208,278,1,3
2208,279,1,3
2208,280,1,3
2208,281,1,3
2208,282,1,3
2208,283,1,2
2208,284,1,2
2208,285,1,2
2208,286,1,2
2208,287,1,2
2208,288,1,2
2208,289,1,2
2208,290,1,2
2208,291,1,2
2208,292,1,2
2208,293,1,2
2208,294,1,2
2208,295,1,2
2208,296,1,2
2208,297,1,2
2208,298,1,2
2208,299,1,2
2208,300,1,2
2208,301,1,2
2208,302,1,2
2208,303,1,2
2208,304,1,2
2208,305,1,2
2208,306,1,2
2208,307,1,2
2208,308,1,2
2208,309,1,2
2208,310,1,2
2208,311,1,2
2208,312,1,2
2208,313,1,2
2208,314,1,2
2208,315,1,2
2208,316,1,2
2208,317,1,2
2208,318,1,2
2208,319,1,2
2208,320,1,2
2208,321,1,2
2208,322,1,2
2208,323,1,2
2208,324,1,2
2208,325,1,2
2208,326,1,2
2208,327,1,2
2208,328,1,2
2208,329,1,2
2208,330,1,2
2208,331,1,2
2208,332,1,2
2208,333,1,2
2208,334,1,2
2208,335,1,2
2208,336,1,2
2208,337,1,2
2208,338,1,2
2208,339,1,2
2208,340,1,2
2208,341,1,2
2208,342,1,2
2208,343,1,2
2208,344,1,2
2208,345,1,2
2208,346,1,2
2208,347,1,2
2208,348,1,2
2208,349,1,2
2208,350,1,2
2208,351,1,2
2208,352,1,2
2208,353,1,2
2208,354,1,2
2208,355,1,2
2208,356,1,2
2208,357,1,2
2208,358,1,2
2208,359,1,2
2208,360,1,2
2208,361,1,2
2208,362,1,2
2208,363,1,2
2208,364,1,2
2208,365,1,2
2208,366,1,2
2208,367,1,2
2208,368,1,2
2208,369,1,2
2208,370,1,2
2208,371,1,2
2208,372,1,2
2208,373,1,2
2208,374,1,2
2208,375,1,2
2208,376,1,2
2208,377,1,2
2208,378,1,2
2208,379,1,2
2208,380,1,2
2208,381,1,2
2208,382,1,2
2208,383,1,2
2208,384,1,2
2208,385,1,2
2208,386,1,2
2208,387,1,2
2208,388,1,2
2208,389,1,2
2208,390,1,2
2208,391,1,2
2208,392,1,2
2208,393,1,2
2208,394,1,2
2208,395,1,2
2208,396,1,2
2208,397,1,2
2208,398,1,2
2208,399,1,2
2208,400,1,2
2208,401,1,2
2208,402,1,2
2208,403,1,2
2208,404,1,2
2208,405,1,2
2208,406,1,2
2208,407,1,2
2208,408,1,2
2208,409,1,2
2208,410,1,2
2208,411,1,2
2208,412,1,2
2208,413,1,2
2208,414,1,2
2208,415,1,2
2208,416,1,2
2208,417,1,2
2208,418,1,2
2208,419,1,2
2208,420,1,2
2208,421,1,2
2208,422,1,2
2208,423,1,2
2208,424,1,2
2208,425,1,2
2208,426,1,2
2208,427,1,2
2208,428,1,2
2208,429,1,2
2208,430,1,2
2208,431,1,2
2208,432,1,2
2208,433,1,2
2208,434,1,2
2208,435,1,2
2208,436,1,2
2208,437,1,2
2208,438,1,2
2208,439,1,2
2208,440,1,2
2208,441,1,2
2208,442,1,2
2208,443,1,2
2208,444,1,2
2208,445,1,2
2208,446,1,2
2208,447,1,2
2208,448,1,2
2209,259,1,2
2209,260,1,2
2209,261,1,2
2209,262,1,2
2209,263,1,2
2209,264,1,2
2209,265,1,2
2209,266,1,3
2209,267,1,3
2209,268,1,3
2209,269,1,3
2209,270,1,3
2209,271,1,3
2209,272,1,3
2209,273,1,3
2209,274,1,3
2209,275,1,3
2209,276,1,3
2209,277,1,3
2209,278,1,3
2209,279,1,3
2209,280,1,3
2209,281,1,3
2209,282,1,3
2209,283,1,2
2209,284,1,2
2209,285,1,2
2209,286,1,2
2209,287,1,2
2209,288,1,2
2209,289,1,2
2209,290,1,2
2209,291,1,2
2209,292,1,2
2209,293,1,2
2209,294,1,2
2209,295,1,2
2209,296,1,2
2209,297,1,2
2209,298,1,2
2209,299,1,2
2209,300,1,2
2209,301,1,2
2209,302,1,2
2209,303,1,2
2209,304,1,2
2209,305,1,2
2209,306,1,2
2209,307,1,2
2209,308,1,2
2209,309,1,2
2209,310,1,2
2209,311,1,2
2209,312,1,2
2209,313,1,2
2209,314,1,2
2209,315,1,2
2209,316,1,2
2209,317,1,2
2209,318,1,2
2209,319,1,2
2209,320,1,2
2209,321,1,2
2209,322,1,2
2209,323,1,2
2209,324,1,2
2209,325,1,2
2209,326,1,2
2209,327,1,2
2209,328,1,2
2209,329,1,2
2209,330,1,2
2209,331,1,2
2209,332,1,2
2209,333,1,2
2209,334,1,2
2209,335,1,2
2209,336,1,2
2209,337,1,2
2209,338,1,2
2209,339,1,2
2209,340,1,2
2209,341,1,2
2209,342,1,2
2209,343,1,2
2209,344,1,2
2209,345,1,2
2209,346,1,2
2209,347,1,2
2209,348,1,2
2209,349,1,2
2209,350,1,2
2209,351,1,2
2209,352,1,2
2209,353,1,2
2209,354,1,2
2209,355,1,2
2209,356,1,2
2209,357,1,2
2209,358,1,2
2209,359,1,2
2209,360,1,2
2209,361,1,2
2209,362,1,2
2209,363,1,2
2209,364,1,2
2209,365,1,2
2209,366,1,2
2209,367,1,2
2209,368,1,2
2209,369,1,2
2209,370,1,2
2209,371,1,2
2209,372,1,2
2209,373,1,2
2209,374,1,2
2209,375,1,2
2209,376,1,2
2209,377,1,2
2209,378,1,2
2209,379,1,2
2209,380,1,2
2209,381,1,2
2209,382,1,2
2209,383,1,2
2209,384,1,2
2209,385,1,2
2209,386,1,2
2209,387,1,2
2209,388,1,2
2209,389,1,2
2209,390,1,2
2209,391,1,2
2209,392,1,2
2209,393,1,2
2209,394,1,2
2209,395,1,2
2209,396,1,2
2209,397,1,2
2209,398,1,2
2209,399,1,2
2209,400,1,2
2209,401,1,2
2209,402,1,2
2209,403,1,2
2209,404,1,2
2209,405,1,2
2209,406,1,2
2209,407,1,2
2209,408,1,2
2209,409,1,2
2209,410,1,2
2209,411,1,2
2209,412,1,2
2209,413,1,2
2209,414,1,2
2209,415,1,2
2209,416,1,2
2209,417,1,2
2209,418,1,2
2209,419,1,2
2209,420,1,2
2209,421,1,2
2209,422,1,2
2209,423,1,2
2209,424,1,2
2209,425,1,2
2209,426,1,2
2209,427,1,2
2209,428,1,2
2209,429,1,2
2209,430,1,2
2209,431,1,2
2209,432,1,2
2209,433,1,2
2209,434,1,2
2209,435,1,2
2209,436,1,2
2209,437,1,2
2209,438,1,2
2209,439,1,2
2209,440,1,2
2209,446,1,2
2209,447,1,2
2209,448,1,2
2209,449,1,2
2209,450,1,2
2210,262,1,2
2210,263,1,2
2210,264,1,2
2210,265,1,2
2210,266,1,2
2210,267,1,2
2210,268,1,2
2210,269,1,3
2210,270,1,3
2210,271,1,3
2210,272,1,3
2210,273,1,3
2210,274,1,3
2210,275,1,3
2210,276,1,3
2210,277,1,3
2210,278,1,3
2210,279,1,3
2210,280,1,3
2210,281,1,3
2210,282,1,3
2210,283,1,2
2210,284,1,2
2210,285,1,2
2210,286,1,2
2210,287,1,2
2210,288,1,2
2210,289,1,2
2210,290,1,2
2210,291,1,2
2210,292,1,2
2210,293,1,2
2210,294,1,2
2210,295,1,2
2210,296,1,2
2210,297,1,2
2210,298,1,2
2210,299,1,2
2210,300,1,2
2210,301,1,2
2210,302,1,2
2210,303,1,2
2210,304,1,2
2210,305,1,2
2210,306,1,2
2210,307,1,2
2210,308,1,2
2210,309,1,2
2210,310,1,2
2210,311,1,2
2210,312,1,2
2210,313,1,2
2210,314,1,2
2210,315,1,2
2210,316,1,2
2210,317,1,2
2210,318,1,2
2210,319,1,2
2210,320,1,2
2210,321,1,2
2210,322,1,2
2210,323,1,2
2210,324,1,2
2210,325,1,2
2210,326,1,2
2210,327,1,2
2210,328,1,2
2210,329,1,2
2210,330,1,2
2210,331,1,2
2210,332,1,2
2210,333,1,2
2210,334,1,2
2210,335,1,2
2210,336,1,2
2210,337,1,2
2210,338,1,2
2210,339,1,2
2210,340,1,2
2210,341,1,2
2210,342,1,2
2210,343,1,2
2210,344,1,2
2210,345,1,2
2210,346,1,2
2210,347,1,2
2210,348,1,2
2210,349,1,2
2210,350,1,2
2210,351,1,2
2210,352,1,2
2210,353,1,2
2210,354,1,2
2210,355,1,2
2210,356,1,2
2210,357,1,2
2210,358,1,2
2210,359,1,2
2210,360,1,2
2210,361,1,2
2210,362,1,2
2210,363,1,2
2210,364,1,2
2210,365,1,2
2210,366,1,2
2210,367,1,2
2210,368,1,2
2210,369,1,2
2210,370,1,2
2210,371,1,2
2210,372,1,2
2210,373,1,2
2210,374,1,2
2210,375,1,2
2210,376,1,2
2210,377,1,2
2210,378,1,2
2210,379,1,2
2210,380,1,2
2210,381,1,2
2210,382,1,2
2210,383,1,2
2210,384,1,2
2210,385,1,2
2210,386,1,2
2210,387,1,2
2210,388,1,2
2210,389,1,2
2210,390,1,2
2210,391,1,2
2210,392,1,2
2210,393,1,2
2210,394,1,2
2210,395,1,2
2210,396,1,2
2210,397,1,2
2210,398,1,2
2210,399,1,2
2210,400,1,2
2210,401,1,2
2210,402,1,2
2210,403,1,2
2210,404,1,2
2210,405,1,2
2210,406,1,2
2210,407,1,2
2210,408,1,2
2210,409,1,2
2210,410,1,2
2210,411,1,2
2210,412,1,2
2210,413,1,2
2210,414,1,2
2210,415,1,2
2210,416,1,2
2210,417,1,2
2210,418,1,2
2210,419,1,2
2210,420,1,2
2210,421,1,2
2210,422,1,2
2210,423,1,2
2210,424,1,2
2210,425,1,2
2210,426,1,2
2210,427,1,2
2210,428,1,2
2210,429,1,2
2210,430,1,2
2210,431,1,2
2210,432,1,2
2210,433,1,2
2210,434,1,2
2210,435,1,2
2210,436,1,2
2210,437,1,2
2210,438,1,2
2210,439,1,2
2210,440,1,2
2210,446,1,2
2210,447,1,2
2210,448,1,2
2211,262,1,2
2211,263,1,2
2211,264,1,2
2211,265,1,2
2211,266,1,2
2211,267,1,2
2211,268,1,2
2211,269,1,2
2211,270,1,2
2211,271,1,2
2211,272,1,3
2211,273,1,2
2211,274,1,3
2211,275,1,3
2211,276,1,3
2211,277,1,3
2211,278,1,3
2211,279,1,3
2211,280,1,3
2211,281,1,3
2211,282,1,2
2211,283,1,2
2211,284,1,2
2211,285,1,2
2211,286,1,2
2211,287,1,2
2211,288,1,2
2211,289,1,2
2211,290,1,2
2211,291,1,2
2211,292,1,2
2211,293,1,2
2211,294,1,2
2211,295,1,2
2211,296,1,2
2211,297,1,2
2211,298,1,2
2211,299,1,2
2211,300,1,2
2211,301,1,2
2211,302,1,2
2211,303,1,2
2211,304,1,2
2211,305,1,2
2211,306,1,2
2211,307,1,2
2211,308,1,2
2211,309,1,2
2211,310,1,2
2211,311,1,2
2211,312,1,2
2211,313,1,2
2211,314,1,2
2211,315,1,2
2211,316,1,2
2211,317,1,2
2211,318,1,2
2211,319,1,2
2211,320,1,2
2211,321,1,2
2211,322,1,2
2211,323,1,2
2211,324,1,2
2211,325,1,2
2211,326,1,2
2211,327,1,2
2211,328,1,2
2211,329,1,2
2211,330,1,2
2211,331,1,2
2211,332,1,2
2211,333,1,2
2211,334,1,2
2211,335,1,2
2211,336,1,2
2211,337,1,2
2211,338,1,2
2211,339,1,2
2211,340,1,2
2211,341,1,2
2211,342,1,2
2211,343,1,2
2211,344,1,2
2211,345,1,2
2211,346,1,2
2211,347,1,2
2211,348,1,2
2211,349,1,2
2211,350,1,2
2211,351,1,2
2211,352,1,2
2211,353,1,2
2211,354,1,2
2211,355,1,2
2211,356,1,2
2211,357,1,2
2211,358,1,2
2211,359,1,2
2211,360,1,2
2211,361,1,2
2211,362,1,2
2211,363,1,2
2211,364,1,2
2211,365,1,2
2211,366,1,2
2211,367,1,2
2211,368,1,2
2211,369,1,2
2211,370,1,2
2211,371,1,2
2211,372,1,2
2211,373,1,2
2211,374,1,2
2211,375,1,2
2211,376,1,2
2211,377,1,2
2211,378,1,2
2211,379,1,2
2211,380,1,2
2211,381,1,2
2211,382,1,2
2211,383,1,2
2211,384,1,2
2211,385,1,2
2211,386,1,2
2211,387,1,2
2211,388,1,2
2211,389,1,2
2211,390,1,2
2211,391,1,2
2211,392,1,2
2211,393,1,2
2211,394,1,2
2211,395,1,2
2211,396,1,2
2211,397,1,2
2211,398,1,2
2211,399,1,2
2211,400,1,2
2211,401,1,2
2211,402,1,2
2211,403,1,2
2211,404,1,2
2211,405,1,2
2211,406,1,2
2211,407,1,2
2211,408,1,2
2211,409,1,2
2211,410,1,2
2211,411,1,2
2211,412,1,2
2211,413,1,2
2211,414,1,2
2211,415,1,2
2211,416,1,2
2211,417,1,2
2211,418,1,2
2211,419,1,2
2211,420,1,2
2211,421,1,2
2211,422,1,2
2211,423,1,2
2211,424,1,2
2211,425,1,2
2211,426,1,2
2211,427,1,2
2211,428,1,2
2211,429,1,2
2211,430,1,2
2211,431,1,2
2211,432,1,2
2211,433,1,2
2211,434,1,2
2211,435,1,2
2211,436,1,2
2211,437,1,2
2211,438,1,2
2211,439,1,2
2212,263,1,2
2212,264,1,2
2212,265,1,2
2212,266,1,2
2212,267,1,2
2212,268,1,2
2212,269,1,2
2212,270,1,2
2212,271,1,2
2212,272,1,2
2212,273,1,2
2212,274,1,2
2212,275,1,2
2212,276,1,2
2212,277,1,3
2212,278,1,3
2212,279,1,3
2212,280,1,3
2212,281,1,2
2212,282,1,2
2212,283,1,2
2212,284,1,2
2212,285,1,2
2212,286,1,2
2212,287,1,2
2212,288,1,2
2212,289,1,2
2212,290,1,2
2212,291,1,2
2212,292,1,2
2212,293,1,2
2212,294,1,2
2212,295,1,2
2212,296,1,2
2212,297,1,2
2212,298,1,2
2212,299,1,2
2212,300,1,2
2212,301,1,2
2212,302,1,2
2212,303,1,2
2212,304,1,2
2212,305,1,2
2212,306,1,2
2212,307,1,2
2212,308,1,2
2212,309,1,2
2212,310,1,2
2212,311,1,2
2212,312,1,2
2212,313,1,2
2212,314,1,2
2212,315,1,2
2212,316,1,2
2212,317,1,2
2212,318,1,2
2212,319,1,2
2212,320,1,2
2212,321,1,2
2212,322,1,2
2212,323,1,2
2212,324,1,2
2212,325,1,2
2212,326,1,2
2212,327,1,2
2212,328,1,2
2212,329,1,2
2212,330,1,2
2212,331,1,2
2212,332,1,2
2212,333,1,2
2212,334,1,2
2212,335,1,2
2212,336,1,2
2212,337,1,2
2212,338,1,2
2212,339,1,2
2212,340,1,2
2212,341,1,2
2212,342,1,2
2212,343,1,2
2212,344,1,2
2212,345,1,2
2212,346,1,2
2212,347,1,2
2212,348,1,2
2212,349,1,2
2212,350,1,2
2212,351,1,2
2212,352,1,2
2212,353,1,2
2212,354,1,2
2212,355,1,2
2212,356,1,2
2212,357,1,2
2212,358,1,2
2212,359,1,2
2212,360,1,2
2212,361,1,2
2212,362,1,2
2212,363,1,2
2212,364,1,2
2212,365,1,2
2212,366,1,2
2212,367,1,2
2212,368,1,2
2212,369,1,2
2212,370,1,2
2212,371,1,2
2212,372,1,2
2212,373,1,2
2212,374,1,2
2212,375,1,2
2212,376,1,2
2212,377,1,2
2212,378,1,2
2212,379,1,2
2212,380,1,2
2212,381,1,2
2212,382,1,2
2212,383,1,2
2212,384,1,2
2212,385,1,2
2212,386,1,2
2212,387,1,2
2212,388,1,2
2212,389,1,2
2212,390,1,2
2212,391,1,2
2212,392,1,2
2212,393,1,2
2212,394,1,2
2212,395,1,2
2212,396,1,2
2212,397,1,2
2212,398,1,2
2212,399,1,2
2212,400,1,2
2212,401,1,2
2212,402,1,2
2212,403,1,2
2212,404,1,2
2212,405,1,2
2212,406,1,2
2212,407,1,2
2212,408,1,2
2212,409,1,2
2212,410,1,2
2212,411,1,2
2212,412,1,2
2212,413,1,2
2212,414,1,2
2212,415,1,2
2212,416,1,2
2212,417,1,2
2212,418,1,2
2212,419,1,2
2212,420,1,2
2212,421,1,2
2212,422,1,2
2212,423,1,2
2212,424,1,2
2212,425,1,2
2212,426,1,2
2212,427,1,2
2212,428,1,2
2212,429,1,2
2212,430,1,2
2212,431,1,2
2212,432,1,2
2212,433,1,2
2212,434,1,2
2212,435,1,2
2212,436,1,2
2212,437,1,2
2212,438,1,2
2213,264,1,2
2213,265,1,2
2213,266,1,2
2213,267,1,2
2213,268,1,2
2213,269,1,2
2213,270,1,2
2213,271,1,2
2213,272,1,2
2213,273,1,2
2213,274,1,2
2213,275,1,2
2213,276,1,2
2213,277,1,2
2213,278,1,2
2213,279,1,2
2213,280,1,2
2213,281,1,2
2213,282,1,2
2213,283,1,2
2213,284,1,2
2213,285,1,2
2213,286,1,2
2213,287,1,2
2213,288,1,2
2213,289,1,2
2213,290,1,2
2213,291,1,2
2213,292,1,2
2213,293,1,2
2213,294,1,2
2213,295,1,2
2213,296,1,2
2213,297,1,2
2213,298,1,2
2213,299,1,2
2213,300,1,2
2213,301,1,2
2213,302,1,2
2213,303,1,2
2213,304,1,2
2213,305,1,2
2213,306,1,2
2213,307,1,2
2213,308,1,2
2213,309,1,2
2213,310,1,2
2213,311,1,2
2213,312,1,2
2213,313,1,2
2213,314,1,2
2213,315,1,2
2213,316,1,2
2213,317,1,2
2213,318,1,2
2213,319,1,2
2213,320,1,2
2213,321,1,2
2213,322,1,2
2213,323,1,2
2213,324,1,2
2213,325,1,2
2213,326,1,2
2213,327,1,2
2213,328,1,2
2213,329,1,2
2213,330,1,2
2213,331,1,2
2213,332,1,2
2213,333,1,2
2213,334,1,2
2213,335,1,2
2213,336,1,2
2213,337,1,2
2213,338,1,2
2213,339,1,2
2213,340,1,2
2213,341,1,2
2213,342,1,2
2213,343,1,2
2213,344,1,2
2213,345,1,2
2213,346,1,2
2213,347,1,2
2213,348,1,2
2213,349,1,2
2213,350,1,2
2213,351,1,2
2213,352,1,2
2213,353,1,2
2213,354,1,2
2213,355,1,2
2213,356,1,2
2213,357,1,2
2213,358,1,2
2213,359,1,2
2213,360,1,2
2213,361,1,2
2213,362,1,2
2213,363,1,2
2213,364,1,2
2213,365,1,2
2213,366,1,2
2213,367,1,2
2213,368,1,2
2213,369,1,2
2213,370,1,2
2213,371,1,2
2213,372,1,2
2213,373,1,2
2213,374,1,2
2213,375,1,2
2213,376,1,2
2213,377,1,2
2213,378,1,2
2213,379,1,2
2213,380,1,2
2213,381,1,2
2213,382,1,2
2213,383,1,2
2213,384,1,2
2213,385,1,2
2213,386,1,2
2213,387,1,2
2213,388,1,2
2213,389,1,2
2213,390,1,2
2213,391,1,2
2213,392,1,2
2213,393,1,2
2213,394,1,2
2213,395,1,2
2213,396,1,2
2213,397,1,2
2213,398,1,2
2213,399,1,2
2213,400,1,2
2213,401,1,2
2213,402,1,2
2213,403,1,2
2213,404,1,2
2213,405,1,2
2213,406,1,2
2213,407,1,2
2213,408,1,2
2213,409,1,2
2213,410,1,2
2213,411,1,2
2213,412,1,2
2213,413,1,2
2213,414,1,2
2213,415,1,2
2213,416,1,2
2213,417,1,2
2213,418,1,2
2213,419,1,2
2213,420,1,2
2213,421,1,2
2213,422,1,2
2213,423,1,2
2213,424,1,2
2213,425,1,2
2213,426,1,2
2213,427,1,2
2213,428,1,2
2213,429,1,2
2213,430,1,2
2213,431,1,2
2213,432,1,2
2213,433,1,2
2213,434,1,2
2213,435,1,2
2213,436,1,2
2213,437,1,2
2214,266,1,2
2214,267,1,2
2214,268,1,2
2214,269,1,2
2214,270,1,2
2214,271,1,2
2214,272,1,2
2214,273,1,2
2214,274,1,2
2214,275,1,2
2214,276,1,2
2214,277,1,2
2214,278,1,2
2214,279,1,2
2214,280,1,2
2214,281,1,2
2214,282,1,2
2214,283,1,2
2214,284,1,2
2214,285,1,2
2214,286,1,2
2214,287,1,2
2214,288,1,2
2214,289,1,2
2214,290,1,2
2214,291,1,2
2214,292,1,2
2214,293,1,2
2214,294,1,2
2214,295,1,2
2214,296,1,2
2214,297,1,2
2214,298,1,2
2214,299,1,2
2214,300,1,2
2214,301,1,2
2214,302,1,2
2214,303,1,2
2214,304,1,2
2214,305,1,2
2214,306,1,2
2214,307,1,2
2214,308,1,2
2214,309,1,2
2214,310,1,2
2214,311,1,2
2214,312,1,2
2214,313,1,2
2214,314,1,2
2214,315,1,2
2214,316,1,2
2214,317,1,2
2214,318,1,2
2214,319,1,2
2214,320,1,2
2214,321,1,2
2214,322,1,2
2214,323,1,2
2214,324,1,2
2214,325,1,2
2214,326,1,2
2214,327,1,2
2214,328,1,2
2214,329,1,2
2214,330,1,2
2214,331,1,2
2214,332,1,2
2214,333,1,2
2214,334,1,2
2214,335,1,2
2214,336,1,2
2214,337,1,2
2214,338,1,2
2214,339,1,2
2214,340,1,2
2214,341,1,2
2214,342,1,2
2214,343,1,2
2214,344,1,2
2214,345,1,2
2214,346,1,2
2214,347,1,2
2214,348,1,2
2214,349,1,2
2214,350,1,2
2214,351,1,2
2214,352,1,2
2214,353,1,2
2214,354,1,2
2214,355,1,2
2214,356,1,2
2214,357,1,2
2214,358,1,2
2214,359,1,2
2214,360,1,2
2214,361,1,2
2214,362,1,2
2214,363,1,2
2214,364,1,2
2214,365,1,2
2214,366,1,2
2214,367,1,2
2214,368,1,2
2214,369,1,2
2214,370,1,2
2214,371,1,2
2214,372,1,2
2214,373,1,2
2214,374,1,2
2214,375,1,2
2214,376,1,2
2214,377,1,2
2214,378,1,2
2214,379,1,2
2214,380,1,2
2214,381,1,2
2214,382,1,2
2214,383,1,2
2214,384,1,2
2214,385,1,2
2214,386,1,2
2214,387,1,2
2214,388,1,2
2214,389,1,2
2214,390,1,2
2214,391,1,2
2214,392,1,2
2214,393,1,2
2214,394,1,2
2214,395,1,2
2214,396,1,2
2214,397,1,2
2214,398,1,2
2214,399,1,2
2214,400,1,2
2214,401,1,2
2214,402,1,2
2214,403,1,2
2214,404,1,2
2214,405,1,2
2214,406,1,2
2214,407,1,2
2214,408,1,2
2214,409,1,2
2214,410,1,2
2214,411,1,2
2214,412,1,2
2214,413,1,2
2214,414,1,2
2214,415,1,2
2214,416,1,2
2214,417,1,2
2214,418,1,2
2214,419,1,2
2214,420,1,2
2214,421,1,2
2214,422,1,2
2214,423,1,2
2214,424,1,2
2214,425,1,2
2214,426,1,2
2214,427,1,2
2214,428,1,2
2214,429,1,2
2214,430,1,2
2214,431,1,2
2214,432,1,2
2214,433,1,2
2214,434,1,2
2214,435,1,2
2215,268,1,2
2215,269,1,2
2215,270,1,2
2215,271,1,2
2215,272,1,2
2215,273,1,2
2215,274,1,2
2215,275,1,2
2215,276,1,2
2215,277,1,2
2215,278,1,2
2215,279,1,2
2215,280,1,2
2215,281,1,2
2215,282,1,2
2215,283,1,2
2215,284,1,2
2215,285,1,2
2215,286,1,2
2215,287,1,2
2215,288,1,2
2215,289,1,2
2215,290,1,2
2215,291,1,2
2215,292,1,2
2215,293,1,2
2215,294,1,2
2215,295,1,2
2215,296,1,2
2215,297,1,2
2215,298,1,2
2215,299,1,2
2215,300,1,2
2215,301,1,2
2215,302,1,2
2215,303,1,2
2215,304,1,2
2215,305,1,2
2215,306,1,2
2215,307,1,2
2215,308,1,2
2215,309,1,2
2215,310,1,2
2215,311,1,2
2215,312,1,2
2215,313,1,2
2215,314,1,2
2215,315,1,2
2215,316,1,2
2215,317,1,2
2215,318,1,2
2215,319,1,2
2215,320,1,2
2215,321,1,2
2215,322,1,2
2215,323,1,2
2215,324,1,2
2215,325,1,2
2215,326,1,2
2215,327,1,2
2215,328,1,2
2215,329,1,2
2215,330,1,2
2215,331,1,2
2215,332,1,2
2215,333,1,2
2215,334,1,2
2215,335,1,2
2215,336,1,2
2215,337,1,2
2215,338,1,2
2215,339,1,2
2215,340,1,2
2215,341,1,2
2215,342,1,2
2215,343,1,2
2215,344,1,2
2215,345,1,2
2215,346,1,2
2215,347,1,2
2215,348,1,2
2215,349,1,2
2215,350,1,2
2215,351,1,2
2215,352,1,2
2215,353,1,2
2215,354,1,2
2215,355,1,2
2215,356,1,2
2215,357,1,2
2215,358,1,2
2215,359,1,2
2215,360,1,2
2215,361,1,2
2215,362,1,2
2215,363,1,2
2215,364,1,2
2215,365,1,2
2215,366,1,2
2215,367,1,2
2215,368,1,2
2215,369,1,2
2215,370,1,2
2215,371,1,2
2215,372,1,2
2215,373,1,2
2215,374,1,2
2215,375,1,2
2215,376,1,2
2215,377,1,2
2215,378,1,2
2215,379,1,2
2215,380,1,2
2215,381,1,2
2215,382,1,2
2215,383,1,2
2215,384,1,2
2215,385,1,2
2215,386,1,2
2215,387,1,2
2215,388,1,2
2215,389,1,2
2215,390,1,2
2215,391,1,2
2215,392,1,2
2215,393,1,2
2215,394,1,2
2215,395,1,2
2215,396,1,2
2215,397,1,2
2215,398,1,2
2215,399,1,2
2215,400,1,2
2215,401,1,2
2215,402,1,2
2215,403,1,2
2215,404,1,2
2215,405,1,2
2215,406,1,2
2215,407,1,2
2215,408,1,2
2215,409,1,2
2215,410,1,2
2215,411,1,2
2215,412,1,2
2215,413,1,2
2215,414,1,2
2215,415,1,2
2215,416,1,2
2215,417,1,2
2215,418,1,2
2215,419,1,2
2215,420,1,2
2215,421,1,2
2215,422,1,2
2215,423,1,2
2215,424,1,2
2215,425,1,2
2215,426,1,2
2215,427,1,2
2216,269,1,2
2216,270,1,2
2216,271,1,2
2216,272,1,2
2216,273,1,2
2216,274,1,2
2216,275,1,2
2216,276,1,2
2216,277,1,2
2216,278,1,2
2216,279,1,2
2216,280,1,2
2216,281,1,2
2216,282,1,2
2216,283,1,2
2216,284,1,2
2216,285,1,2
2216,286,1,2
2216,287,1,2
2216,288,1,2
2216,289,1,2
2216,290,1,2
2216,291,1,2
2216,292,1,2
2216,293,1,2
2216,294,1,2
2216,295,1,2
2216,296,1,2
2216,297,1,2
2216,298,1,2
2216,299,1,2
2216,300,1,2
2216,301,1,2
2216,302,1,2
2216,303,1,2
2216,304,1,2
2216,305,1,2
2216,306,1,2
2216,307,1,2
2216,308,1,2
2216,309,1,2
2216,310,1,2
2216,311,1,2
2216,312,1,2
2216,313,1,2
2216,314,1,2
2216,315,1,2
2216,316,1,2
2216,317,1,2
2216,318,1,2
2216,319,1,2
2216,320,1,2
2216,321,1,2
2216,322,1,2
2216,323,1,2
2216,324,1,2
2216,325,1,2
2216,326,1,2
2216,327,1,2
2216,328,1,2
2216,329,1,2
2216,330,1,2
2216,331,1,2
2216,332,1,2
2216,333,1,2
2216,334,1,2
2216,335,1,2
2216,336,1,2
2216,337,1,2
2216,338,1,2
2216,339,1,2
2216,340,1,2
2216,341,1,2
2216,342,1,2
2216,343,1,2
2216,344,1,2
2216,345,1,2
2216,346,1,2
2216,347,1,2
2216,348,1,2
2216,349,1,2
2216,350,1,2
2216,351,1,2
2216,352,1,2
2216,353,1,2
2216,354,1,2
2216,355,1,2
2216,356,1,2
2216,357,1,2
2216,358,1,2
2216,359,1,2
2216,360,1,2
2216,361,1,2
2216,362,1,2
2216,363,1,2
2216,364,1,2
2216,365,1,2
2216,366,1,2
2216,367,1,2
2216,368,1,2
2216,369,1,2
2216,370,1,2
2216,371,1,2
2216,372,1,2
2216,373,1,2
2216,374,1,2
2216,375,1,2
2216,376,1,2
2216,377,1,2
2216,378,1,2
2216,379,1,2
2216,380,1,2
2216,381,1,2
2216,382,1,2
2216,383,1,2
2216,384,1,2
2216,385,1,2
2216,386,1,2
2216,387,1,2
2216,388,1,2
2216,389,1,2
2216,390,1,2
2216,391,1,2
2216,392,1,2
2216,393,1,2
2216,394,1,2
2216,395,1,2
2216,396,1,2
2216,397,1,2
2216,398,1,2
2216,399,1,2
2216,400,1,2
2216,401,1,2
2216,402,1,2
2216,403,1,2
2216,404,1,2
2216,405,1,2
2216,406,1,2
2216,407,1,2
2216,408,1,2
2216,409,1,2
2216,410,1,2
2216,411,1,2
2216,412,1,2
2216,413,1,2
2216,414,1,2
2216,415,1,2
2216,416,1,2
2216,417,1,2
2216,418,1,2
2216,419,1,2
2216,420,1,2
2216,421,1,2
2216,422,1,2
2216,423,1,2
2216,424,1,2
2216,425,1,2
2217,273,1,2
2217,274,1,2
2217,275,1,2
2217,276,1,2
2217,277,1,2
2217,278,1,2
2217,279,1,2
2217,280,1,2
2217,281,1,2
2217,282,1,2
2217,283,1,2
2217,284,1,2
2217,285,1,2
2217,286,1,2
2217,287,1,2
2217,288,1,2
2217,289,1,2
2217,290,1,2
2217,291,1,2
2217,292,1,2
2217,293,1,2
2217,294,1,2
2217,295,1,2
2217,296,1,2
2217,297,1,2
2217,298,1,2
2217,299,1,2
2217,300,1,2
2217,301,1,2
2217,302,1,2
2217,303,1,2
2217,304,1,2
2217,305,1,2
2217,306,1,2
2217,307,1,2
2217,308,1,2
2217,309,1,2
2217,310,1,2
2217,311,1,2
2217,312,1,2
2217,313,1,2
2217,314,1,2
2217,315,1,2
2217,316,1,2
2217,317,1,2
2217,318,1,2
2217,319,1,2
2217,320,1,2
2217,321,1,2
2217,322,1,2
2217,323,1,2
2217,324,1,2
2217,325,1,2
2217,326,1,2
2217,327,1,2
2217,328,1,2
2217,329,1,2
2217,330,1,2
2217,331,1,2
2217,332,1,2
2217,333,1,2
2217,334,1,2
2217,335,1,2
2217,336,1,2
2217,337,1,2
2217,338,1,2
2217,339,1,2
2217,340,1,2
2217,341,1,2
2217,342,1,2
2217,343,1,2
2217,344,1,2
2217,345,1,2
2217,346,1,2
2217,347,1,2
2217,348,1,2
2217,349,1,2
2217,350,1,2
2217,351,1,2
2217,352,1,2
2217,353,1,2
2217,354,1,2
2217,355,1,2
2217,356,1,2
2217,357,1,2
2217,358,1,2
2217,359,1,2
2217,360,1,2
2217,361,1,2
2217,362,1,2
2217,363,1,2
2217,364,1,2
2217,365,1,2
2217,366,1,2
2217,367,1,2
2217,368,1,2
2217,369,1,2
2217,370,1,2
2217,371,1,2
2217,372,1,2
2217,373,1,2
2217,374,1,2
2217,375,1,2
2217,376,1,2
2217,377,1,2
2217,378,1,2
2217,379,1,2
2217,380,1,2
2217,381,1,2
2217,382,1,2
2217,383,1,2
2217,384,1,2
2217,385,1,2
2217,386,1,2
2217,387,1,2
2217,388,1,2
2217,389,1,2
2217,390,1,2
2217,391,1,2
2217,392,1,2
2217,393,1,2
2217,394,1,2
2217,395,1,2
2217,396,1,2
2217,397,1,2
2217,398,1,2
2217,399,1,2
2217,400,1,2
2217,401,1,2
2217,402,1,2
2217,403,1,2
2217,404,1,2
2217,405,1,2
2217,406,1,2
2217,407,1,2
2217,408,1,2
2217,409,1,2
2217,410,1,2
2217,411,1,2
2217,412,1,2
2217,413,1,2
2217,414,1,2
2217,415,1,2
2217,416,1,2
2217,417,1,2
2217,418,1,2
2217,419,1,2
2217,420,1,2
2217,421,1,2
2217,422,1,2
2217,423,1,2
2217,424,1,2
2218,274,1,2
2218,275,1,2
2218,276,1,2
2218,277,1,2
2218,278,1,2
2218,279,1,2
2218,280,1,2
2218,281,1,2
2218,282,1,2
2218,283,1,2
2218,284,1,2
2218,285,1,2
2218,286,1,2
2218,287,1,2
2218,288,1,2
2218,289,1,2
2218,290,1,2
2218,291,1,2
2218,292,1,2
2218,293,1,2
2218,294,1,2
2218,295,1,2
2218,296,1,2
2218,297,1,2
2218,298,1,2
2218,299,1,2
2218,300,1,2
2218,301,1,2
2218,302,1,2
2218,303,1,2
2218,304,1,2
2218,305,1,2
2218,306,1,2
2218,307,1,2
2218,308,1,2
2218,309,1,2
2218,310,1,2
2218,311,1,2
2218,312,1,2
2218,313,1,2
2218,314,1,2
2218,315,1,2
2218,316,1,2
2218,317,1,2
2218,318,1,2
2218,319,1,2
2218,320,1,2
2218,321,1,2
2218,322,1,2
2218,323,1,2
2218,324,1,2
2218,325,1,2
2218,326,1,2
2218,327,1,2
2218,328,1,2
2218,329,1,2
2218,330,1,2
2218,331,1,2
2218,332,1,2
2218,333,1,2
2218,334,1,2
2218,335,1,2
2218,336,1,2
2218,337,1,2
2218,338,1,2
2218,339,1,2
2218,340,1,2
2218,341,1,2
2218,342,1,2
2218,343,1,2
2218,344,1,2
2218,345,1,2
2218,346,1,2
2218,347,1,2
2218,348,1,2
2218,349,1,2
2218,350,1,2
2218,351,1,2
2218,352,1,2
2218,353,1,2
2218,354,1,2
2218,355,1,2
2218,356,1,2
2218,357,1,2
2218,358,1,2
2218,359,1,2
2218,360,1,2
2218,361,1,2
2218,362,1,2
2218,363,1,2
2218,364,1,2
2218,365,1,2
2218,366,1,2
2218,367,1,2
2218,368,1,2
2218,369,1,2
2218,370,1,2
2218,371,1,2
2218,372,1,2
2218,373,1,2
2218,374,1,2
2218,375,1,2
2218,376,1,2
2218,377,1,2
2218,378,1,2
2218,379,1,2
2218,380,1,2
2218,381,1,2
2218,382,1,2
2218,383,1,2
2218,384,1,2
2218,385,1,2
2218,386,1,2
2218,387,1,2
2218,388,1,2
2218,389,1,2
2218,390,1,2
2218,391,1,2
2218,392,1,2
2218,393,1,2
2218,394,1,2
2218,395,1,2
2218,396,1,2
2218,397,1,2
2218,398,1,2
2218,399,1,2
2218,400,1,2
2218,401,1,2
2218,402,1,2
2218,403,1,2
2218,404,1,2
2218,405,1,2
2218,406,1,2
2218,407,1,2
2218,408,1,2
2218,409,1,2
2218,410,1,2
2218,411,1,2
2218,412,1,2
2218,413,1,2
2218,414,1,2
2218,415,1,2
2218,416,1,2
2218,417,1,2
2218,418,1,2
2218,419,1,2
2218,420,1,2
2218,421,1,2
2218,422,1,2
2218,423,1,2
2218,424,1,2
2219,276,1,2
2219,277,1,2
2219,278,1,2
2219,279,1,2
2219,280,1,2
2219,281,1,2
2219,282,1,2
2219,283,1,2
2219,284,1,2
2219,285,1,2
2219,286,1,2
2219,287,1,2
2219,288,1,2
2219,289,1,2
2219,290,1,2
2219,291,1,2
2219,292,1,2
2219,293,1,2
2219,294,1,2
2219,295,1,2
2219,296,1,2
2219,297,1,2
2219,298,1,2
2219,299,1,2
2219,300,1,2
2219,301,1,2
2219,302,1,2
2219,303,1,2
2219,304,1,2
2219,305,1,2
2219,306,1,2
2219,307,1,2
2219,308,1,2
2219,309,1,2
2219,310,1,2
2219,311,1,2
2219,312,1,2
2219,313,1,2
2219,314,1,2
2219,315,1,2
2219,316,1,2
2219,317,1,2
2219,318,1,2
2219,319,1,2
2219,320,1,2
2219,321,1,2
2219,322,1,2
2219,323,1,2
2219,324,1,2
2219,325,1,2
2219,326,1,2
2219,327,1,2
2219,328,1,2
2219,329,1,2
2219,330,1,2
2219,331,1,2
2219,332,1,2
2219,333,1,2
2219,334,1,2
2219,335,1,2
2219,336,1,2
2219,337,1,2
2219,338,1,2
2219,339,1,2
2219,340,1,2
2219,341,1,2
2219,342,1,2
2219,343,1,2
2219,344,1,2
2219,345,1,2
2219,346,1,2
2219,347,1,2
2219,348,1,2
2219,349,1,2
2219,350,1,2
2219,351,1,2
2219,352,1,2
2219,353,1,2
2219,354,1,2
2219,355,1,2
2219,356,1,2
2219,357,1,2
2219,358,1,2
2219,359,1,2
2219,360,1,2
2219,361,1,2
2219,362,1,2
2219,363,1,2
2219,364,1,2
2219,365,1,2
2219,366,1,2
2219,367,1,2
2219,368,1,2
2219,369,1,2
2219,370,1,2
2219,371,1,2
2219,372,1,2
2219,373,1,2
2219,374,1,2
2219,375,1,2
2219,376,1,2
2219,377,1,2
2219,378,1,2
2219,379,1,2
2219,380,1,2
2219,381,1,2
2219,382,1,2
2219,383,1,2
2219,384,1,2
2219,385,1,2
2219,386,1,2
2219,387,1,2
2219,388,1,2
2219,389,1,2
2219,390,1,2
2219,391,1,2
2219,392,1,2
2219,393,1,2
2219,394,1,2
2219,395,1,2
2219,396,1,2
2219,397,1,2
2219,398,1,2
2219,399,1,2
2219,400,1,2
2219,401,1,2
2219,402,1,2
2219,403,1,2
2219,404,1,2
2219,405,1,2
2219,406,1,2
2219,407,1,2
2219,408,1,2
2219,409,1,2
2219,410,1,2
2219,411,1,2
2219,412,1,2
2219,413,1,2
2219,414,1,2
2219,415,1,2
2219,416,1,2
2219,417,1,2
2219,418,1,2
2219,419,1,2
2219,420,1,2
2219,421,1,2
2219,422,1,2
2219,423,1,2
2220,277,1,2
2220,278,1,2
2220,279,1,2
2220,280,1,2
2220,281,1,2
2220,282,1,2
2220,283,1,2
2220,284,1,2
2220,285,1,2
2220,286,1,2
2220,287,1,2
2220,288,1,2
2220,289,1,2
2220,290,1,2
2220,291,1,2
2220,292,1,2
2220,293,1,2
2220,294,1,2
2220,295,1,2
2220,296,1,2
2220,297,1,2
2220,298,1,2
2220,299,1,2
2220,300,1,2
2220,301,1,2
2220,302,1,2
2220,303,1,2
2220,304,1,2
2220,305,1,2
2220,306,1,2
2220,307,1,2
2220,308,1,2
2220,309,1,2
2220,310,1,2
2220,311,1,2
2220,312,1,2
2220,313,1,2
2220,314,1,2
2220,315,1,2
2220,316,1,2
2220,317,1,2
2220,318,1,2
2220,319,1,2
2220,320,1,2
2220,321,1,2
2220,322,1,2
2220,323,1,2
2220,324,1,2
2220,325,1,2
2220,326,1,2
2220,327,1,2
2220,328,1,2
2220,329,1,2
2220,330,1,2
2220,331,1,2
2220,332,1,2
2220,333,1,2
2220,334,1,2
2220,335,1,2
2220,336,1,2
2220,337,1,2
2220,338,1,2
2220,339,1,2
2220,340,1,2
2220,341,1,2
2220,342,1,2
2220,343,1,2
2220,344,1,2
2220,345,1,2
2220,346,1,2
2220,347,1,2
2220,348,1,2
2220,349,1,2
2220,350,1,2
2220,351,1,2
2220,352,1,2
2220,353,1,2
2220,354,1,2
2220,355,1,2
2220,356,1,2
2220,357,1,2
2220,358,1,2
2220,359,1,2
2220,360,1,2
2220,361,1,2
2220,362,1,2
2220,363,1,2
2220,364,1,2
2220,365,1,2
2220,366,1,2
2220,367,1,2
2220,368,1,2
2220,369,1,2
2220,370,1,2
2220,371,1,2
2220,372,1,2
2220,373,1,2
2220,374,1,2
2220,375,1,2
2220,376,1,2
2220,377,1,2
2220,378,1,2
2220,379,1,2
2220,380,1,2
2220,381,1,2
2220,382,1,2
2220,383,1,2
2220,384,1,2
2220,385,1,2
2220,386,1,2
2220,387,1,2
2220,388,1,2
2220,389,1,2
2220,390,1,2
2220,391,1,2
2220,392,1,2
2220,393,1,2
2220,394,1,2
2220,395,1,2
2220,396,1,2
2220,397,1,2
2220,398,1,2
2220,399,1,2
2220,400,1,2
2220,401,1,2
2220,402,1,2
2220,403,1,2
2220,404,1,2
2220,405,1,2
2220,406,1,2
2220,407,1,2
2220,408,1,2
2220,409,1,2
2220,410,1,2
2220,411,1,2
2220,412,1,2
2220,413,1,2
2220,414,1,2
2220,415,1,2
2220,416,1,2
2220,417,1,2
2220,419,1,2
2221,279,1,2
2221,280,1,2
2221,281,1,2
2221,282,1,2
2221,283,1,2
2221,284,1,2
2221,285,1,2
2221,286,1,2
2221,287,1,2
2221,288,1,2
2221,289,1,2
2221,290,1,2
2221,291,1,2
2221,292,1,2
2221,293,1,2
2221,294,1,2
2221,295,1,2
2221,296,1,2
2221,297,1,2
2221,298,1,2
2221,299,1,2
2221,300,1,2
2221,301,1,2
2221,302,1,2
2221,303,1,2
2221,304,1,2
2221,305,1,2
2221,306,1,2
2221,307,1,2
2221,308,1,2
2221,309,1,2
2221,310,1,2
2221,311,1,2
2221,312,1,2
2221,313,1,2
2221,314,1,2
2221,315,1,2
2221,316,1,2
2221,317,1,2
2221,318,1,2
2221,319,1,2
2221,320,1,2
2221,321,1,2
2221,322,1,2
2221,323,1,2
2221,324,1,2
2221,325,1,2
2221,326,1,2
2221,327,1,2
2221,328,1,2
2221,329,1,2
2221,330,1,2
2221,331,1,2
2221,332,1,2
2221,333,1,2
2221,334,1,2
2221,335,1,2
2221,336,1,2
2221,337,1,2
2221,338,1,2
2221,339,1,2
2221,340,1,2
2221,341,1,2
2221,342,1,2
2221,343,1,2
2221,344,1,2
2221,345,1,2
2221,346,1,2
2221,347,1,2
2221,348,1,2
2221,349,1,2
2221,350,1,2
2221,351,1,2
2221,352,1,2
2221,353,1,2
2221,354,1,2
2221,355,1,2
2221,356,1,2
2221,357,1,2
2221,358,1,2
2221,359,1,2
2221,360,1,2
2221,361,1,2
2221,362,1,2
2221,363,1,2
2221,364,1,2
2221,365,1,2
2221,366,1,2
2221,367,1,2
2221,368,1,2
2221,369,1,2
2221,370,1,2
2221,371,1,2
2221,372,1,2
2221,373,1,2
2221,374,1,2
2221,375,1,2
2221,376,1,2
2221,377,1,2
2221,378,1,2
2221,379,1,2
2221,380,1,2
2221,381,1,2
2221,382,1,2
2221,383,1,2
2221,384,1,2
2221,385,1,2
2221,386,1,2
2221,387,1,2
2221,388,1,2
2221,389,1,2
2221,390,1,2
2221,391,1,2
2221,392,1,2
2221,393,1,2
2221,394,1,2
2221,395,1,2
2221,396,1,2
2221,397,1,2
2221,398,1,2
2221,399,1,2
2221,400,1,2
2221,401,1,2
2221,402,1,2
2221,403,1,2
2221,404,1,2
2221,405,1,2
2221,406,1,2
2221,407,1,2
2221,408,1,2
2221,409,1,2
2221,410,1,2
2221,411,1,2
2221,412,1,2
2221,413,1,2
2221,414,1,2
2221,415,1,2
2221,416,1,2
2222,280,1,2
2222,281,1,2
2222,282,1,2
2222,283,1,2
2222,284,1,2
2222,285,1,2
2222,286,1,2
2222,287,1,2
2222,288,1,2
2222,289,1,2
2222,290,1,2
2222,291,1,2
2222,292,1,2
2222,293,1,2
2222,294,1,2
2222,295,1,2
2222,296,1,2
2222,297,1,2
2222,298,1,2
2222,299,1,2
2222,300,1,2
2222,301,1,2
2222,302,1,2
2222,303,1,2
2222,304,1,2
2222,305,1,2
2222,306,1,2
2222,307,1,2
2222,308,1,2
2222,309,1,2
2222,310,1,2
2222,311,1,2
2222,312,1,2
2222,313,1,2
2222,314,1,2
2222,315,1,2
2222,316,1,2
2222,317,1,2
2222,318,1,2
2222,319,1,2
2222,320,1,2
2222,321,1,2
2222,322,1,2
2222,323,1,2
2222,324,1,2
2222,325,1,2
2222,326,1,2
2222,327,1,2
2222,328,1,2
2222,329,1,2
2222,330,1,2
2222,331,1,2
2222,332,1,2
2222,333,1,2
2222,334,1,2
2222,335,1,2
2222,336,1,2
2222,337,1,2
2222,338,1,2
2222,339,1,2
2222,340,1,2
2222,341,1,2
2222,342,1,2
2222,343,1,2
2222,344,1,2
2222,345,1,2
2222,346,1,2
2222,347,1,2
2222,348,1,2
2222,349,1,2
2222,350,1,2
2222,351,1,2
2222,352,1,2
2222,353,1,2
2222,354,1,2
2222,355,1,2
2222,356,1,2
2222,357,1,2
2222,358,1,2
2222,359,1,2
2222,360,1,2
2222,361,1,2
2222,362,1,2
2222,363,1,2
2222,364,1,2
2222,365,1,2
2222,366,1,2
2222,367,1,2
2222,368,1,2
2222,369,1,2
2222,370,1,2
2222,371,1,2
2222,372,1,2
2222,373,1,2
2222,374,1,2
2222,375,1,2
2222,376,1,2
2222,377,1,2
2222,378,1,2
2222,379,1,2
2222,380,1,2
2222,381,1,2
2222,382,1,2
2222,383,1,2
2222,384,1,2
2222,385,1,2
2222,386,1,2
2222,387,1,2
2222,388,1,2
2222,389,1,2
2222,390,1,2
2222,391,1,2
2222,392,1,2
2222,393,1,2
2222,394,1,2
2222,395,1,2
2222,396,1,2
2222,397,1,2
2222,398,1,2
2222,399,1,2
2222,400,1,2
2222,403,1,2
2222,404,1,2
2222,405,1,2
2222,406,1,2
2222,407,1,2
2222,408,1,2
2222,409,1,2
2222,410,1,2
2222,411,1,2
2222,412,1,2
2222,413,1,2
2222,414,1,2
2223,282,1,2
2223,283,1,2
2223,284,1,2
2223,285,1,2
2223,286,1,2
2223,288,1,2
2223,289,1,2
2223,290,1,2
2223,291,1,2
2223,292,1,2
2223,293,1,2
2223,294,1,2
2223,295,1,2
2223,296,1,2
2223,297,1,2
2223,298,1,2
2223,299,1,2
2223,300,1,2
2223,301,1,2
2223,302,1,2
2223,303,1,2
2223,304,1,2
2223,305,1,2
2223,306,1,2
2223,307,1,2
2223,308,1,2
2223,309,1,2
2223,310,1,2
2223,311,1,2
2223,312,1,2
2223,313,1,2
2223,314,1,2
2223,315,1,2
2223,316,1,2
2223,317,1,2
2223,318,1,2
2223,319,1,2
2223,320,1,2
2223,321,1,2
2223,322,1,2
2223,323,1,2
2223,324,1,2
2223,325,1,2
2223,326,1,2
2223,327,1,2
2223,328,1,2
2223,329,1,2
2223,330,1,2
2223,331,1,2
2223,332,1,2
2223,333,1,2
2223,334,1,2
2223,335,1,2
2223,336,1,2
2223,337,1,2
2223,338,1,2
2223,339,1,2
2223,340,1,2
2223,341,1,2
2223,342,1,2
2223,343,1,2
2223,344,1,2
2223,345,1,2
2223,346,1,2
2223,347,1,2
2223,348,1,2
2223,349,1,2
2223,350,1,2
2223,351,1,2
2223,352,1,2
2223,353,1,2
2223,354,1,2
2223,355,1,2
2223,356,1,2
2223,357,1,2
2223,358,1,2
2223,359,1,2
2223,360,1,2
2223,361,1,2
2223,362,1,2
2223,363,1,2
2223,364,1,2
2223,365,1,2
2223,366,1,2
2223,367,1,2
2223,368,1,2
2223,369,1,2
2223,370,1,2
2223,371,1,2
2223,372,1,2
2223,373,1,2
2223,374,1,2
2223,375,1,2
2223,376,1,2
2223,377,1,2
2223,378,1,2
2223,379,1,2
2223,380,1,2
2223,381,1,2
2223,382,1,2
2223,383,1,2
2223,384,1,2
2223,385,1,2
2223,386,1,2
2223,387,1,2
2223,388,1,2
2223,389,1,2
2223,390,1,2
2223,391,1,2
2223,392,1,2
2223,393,1,2
2223,394,1,2
2223,395,1,2
2223,396,1,2
2223,397,1,2
2223,398,1,2
2223,399,1,2
2223,406,1,2
2223,407,1,2
2223,408,1,2
2223,409,1,2
2223,410,1,2
2223,411,1,2
2224,291,1,2
2224,292,1,2
2224,293,1,2
2224,294,1,2
2224,295,1,2
2224,296,1,2
2224,297,1,2
2224,298,1,2
2224,299,1,2
2224,300,1,2
2224,301,1,2
2224,302,1,2
2224,303,1,2
2224,304,1,2
2224,305,1,2
2224,306,1,2
2224,307,1,2
2224,308,1,2
2224,309,1,2
2224,310,1,2
2224,311,1,2
2224,312,1,2
2224,313,1,2
2224,314,1,2
2224,315,1,2
2224,316,1,2
2224,317,1,2
2224,318,1,2
2224,319,1,2
2224,320,1,2
2224,321,1,2
2224,322,1,2
2224,323,1,2
2224,324,1,2
2224,325,1,2
2224,326,1,2
2224,327,1,2
2224,328,1,2
2224,329,1,2
2224,330,1,2
2224,331,1,2
2224,332,1,2
2224,333,1,2
2224,334,1,2
2224,335,1,2
2224,336,1,2
2224,337,1,2
2224,338,1,2
2224,339,1,2
2224,340,1,2
2224,341,1,2
2224,342,1,2
2224,343,1,2
2224,344,1,2
2224,345,1,2
2224,346,1,2
2224,347,1,2
2224,348,1,2
2224,349,1,2
2224,350,1,2
2224,351,1,2
2224,352,1,2
2224,353,1,2
2224,354,1,2
2224,355,1,2
2224,356,1,2
2224,357,1,2
2224,358,1,2
2224,359,1,2
2224,360,1,2
2224,361,1,2
2224,362,1,2
2224,363,1,2
2224,364,1,2
2224,365,1,2
2224,366,1,2
2224,367,1,2
2224,368,1,2
2224,369,1,2
2224,370,1,2
2224,371,1,2
2224,372,1,2
2224,373,1,2
2224,374,1,2
2224,375,1,2
2224,376,1,2
2224,377,1,2
2224,378,1,2
2224,379,1,2
2224,380,1,2
2224,381,1,2
2224,382,1,2
2224,383,1,2
2224,384,1,2
2224,385,1,2
2224,386,1,2
2224,387,1,2
2224,388,1,2
2224,389,1,2
2224,390,1,2
2224,391,1,2
2224,392,1,2
2224,393,1,2
2224,394,1,2
2224,395,1,2
2224,396,1,2
2224,397,1,2
2224,398,1,2
2224,399,1,2
2225,293,1,2
2225,294,1,2
2225,295,1,2
2225,296,1,2
2225,297,1,2
2225,298,1,2
2225,299,1,2
2225,300,1,2
2225,301,1,2
2225,302,1,2
2225,303,1,2
2225,304,1,2
2225,305,1,2
2225,306,1,2
2225,307,1,2
2225,308,1,2
2225,309,1,2
2225,310,1,2
2225,311,1,2
2225,312,1,2
2225,313,1,2
2225,314,1,2
2225,315,1,2
2225,316,1,2
2225,317,1,2
2225,318,1,2
2225,319,1,2
2225,320,1,2
2225,321,1,2
2225,322,1,2
2225,323,1,2
2225,324,1,2
2225,325,1,2
2225,326,1,2
2225,327,1,2
2225,328,1,2
2225,329,1,2
2225,330,1,2
2225,331,1,2
2225,332,1,2
2225,333,1,2
2225,334,1,2
2225,335,1,2
2225,336,1,2
2225,337,1,2
2225,338,1,2
2225,339,1,2
2225,340,1,2
2225,341,1,2
2225,342,1,2
2225,343,1,2
2225,344,1,2
2225,345,1,2
2225,346,1,2
2225,347,1,2
2225,348,1,2
2225,349,1,2
2225,350,1,2
2225,351,1,2
2225,352,1,2
2225,353,1,2
2225,354,1,2
2225,355,1,2
2225,356,1,2
2225,357,1,2
2225,358,1,2
2225,359,1,2
2225,360,1,2
2225,361,1,2
2225,362,1,2
2225,363,1,2
2225,364,1,2
2225,365,1,2
2225,366,1,2
2225,367,1,2
2225,368,1,2
2225,369,1,2
2225,370,1,2
2225,371,1,2
2225,372,1,2
2225,373,1,2
2225,374,1,2
2225,375,1,2
2225,376,1,2
2225,377,1,2
2225,378,1,2
2225,379,1,2
2225,380,1,2
2225,381,1,2
2225,382,1,2
2225,383,1,2
2225,384,1,2
2225,385,1,2
2225,386,1,2
2225,387,1,2
2225,388,1,2
2225,389,1,2
2225,390,1,2
2225,391,1,2
2225,392,1,2
2225,393,1,2
2225,394,1,2
2225,396,1,2
2225,397,1,2
2225,398,1,2
2226,294,1,2
2226,295,1,2
2226,296,1,2
2226,297,1,2
2226,298,1,2
2226,299,1,2
2226,300,1,2
2226,301,1,2
2226,302,1,2
2226,303,1,2
2226,304,1,2
2226,305,1,2
2226,306,1,2
2226,307,1,2
2226,308,1,2
2226,309,1,2
2226,310,1,2
2226,311,1,2
2226,312,1,2
2226,313,1,2
2226,314,1,2
2226,315,1,2
2226,316,1,2
2226,317,1,2
2226,318,1,2
2226,319,1,2
2226,320,1,2
2226,321,1,2
2226,322,1,2
2226,323,1,2
2226,324,1,2
2226,325,1,2
2226,326,1,2
2226,327,1,2
2226,328,1,2
2226,329,1,2
2226,330,1,2
2226,331,1,2
2226,332,1,2
2226,333,1,2
2226,334,1,2
2226,335,1,2
2226,336,1,2
2226,337,1,2
2226,338,1,2
2226,339,1,2
2226,340,1,2
2226,341,1,2
2226,342,1,2
2226,343,1,2
2226,344,1,2
2226,345,1,2
2226,346,1,2
2226,347,1,2
2226,348,1,2
2226,349,1,2
2226,350,1,2
2226,351,1,2
2226,352,1,2
2226,353,1,2
2226,354,1,2
2226,355,1,2
2226,356,1,2
2226,357,1,2
2226,358,1,2
2226,359,1,2
2226,360,1,2
2226,361,1,2
2226,362,1,2
2226,363,1,2
2226,364,1,2
2226,365,1,2
2226,366,1,2
2226,367,1,2
2226,368,1,2
2226,369,1,2
2226,370,1,2
2226,371,1,2
2226,372,1,2
2226,373,1,2
2226,374,1,2
2226,375,1,2
2226,376,1,2
2226,377,1,2
2226,378,1,2
2226,379,1,2
2226,380,1,2
2226,381,1,2
2226,382,1,2
2226,383,1,2
2226,384,1,2
2226,385,1,2
2226,386,1,2
2226,387,1,2
2226,388,1,2
2226,389,1,2
2226,390,1,2
2226,391,1,2
2227,295,1,2
2227,296,1,2
2227,297,1,2
2227,298,1,2
2227,299,1,2
2227,300,1,2
2227,301,1,2
2227,302,1,2
2227,303,1,2
2227,304,1,2
2227,305,1,2
2227,306,1,2
2227,307,1,2
2227,308,1,2
2227,309,1,2
2227,310,1,2
2227,311,1,2
2227,312,1,2
2227,313,1,2
2227,314,1,2
2227,315,1,2
2227,316,1,2
2227,317,1,2
2227,318,1,2
2227,319,1,2
2227,320,1,2
2227,321,1,2
2227,322,1,2
2227,323,1,2
2227,324,1,2
2227,325,1,2
2227,326,1,2
2227,327,1,2
2227,328,1,2
2227,329,1,2
2227,330,1,2
2227,331,1,2
2227,332,1,2
2227,333,1,2
2227,334,1,2
2227,335,1,2
2227,336,1,2
2227,337,1,2
2227,338,1,2
2227,339,1,2
2227,340,1,2
2227,341,1,2
2227,342,1,2
2227,343,1,2
2227,344,1,2
2227,345,1,2
2227,346,1,2
2227,347,1,2
2227,348,1,2
2227,349,1,2
2227,350,1,2
2227,351,1,2
2227,352,1,2
2227,353,1,2
2227,354,1,2
2227,355,1,2
2227,356,1,2
2227,357,1,2
2227,358,1,2
2227,359,1,2
2227,360,1,2
2227,361,1,2
2227,362,1,2
2227,363,1,2
2227,364,1,2
2227,365,1,2
2227,366,1,2
2227,367,1,2
2227,368,1,2
2227,369,1,2
2227,370,1,2
2227,371,1,2
2227,372,1,2
2227,373,1,2
2227,374,1,2
2227,375,1,2
2227,376,1,2
2227,377,1,2
2227,378,1,2
2227,379,1,2
2227,380,1,2
2227,381,1,2
2227,382,1,2
2227,383,1,2
2227,384,1,2
2227,385,1,2
2227,386,1,2
2227,387,1,2
2227,388,1,2
2227,389,1,2
2228,295,1,2
2228,296,1,2
2228,297,1,2
2228,298,1,2
2228,299,1,2
2228,300,1,2
2228,301,1,2
2228,302,1,2
2228,303,1,2
2228,304,1,2
2228,305,1,2
2228,306,1,2
2228,307,1,2
2228,308,1,2
2228,309,1,2
2228,310,1,2
2228,311,1,2
2228,312,1,2
2228,313,1,2
2228,314,1,2
2228,315,1,2
2228,316,1,2
2228,317,1,2
2228,318,1,2
2228,319,1,2
2228,320,1,2
2228,321,1,2
2228,322,1,2
2228,323,1,2
2228,324,1,2
2228,325,1,2
2228,326,1,2
2228,327,1,2
2228,328,1,2
2228,329,1,2
2228,330,1,2
2228,331,1,2
2228,332,1,2
2228,333,1,2
2228,334,1,2
2228,335,1,2
2228,336,1,2
2228,337,1,2
2228,338,1,2
2228,339,1,2
2228,340,1,2
2228,341,1,2
2228,342,1,2
2228,343,1,2
2228,344,1,2
2228,345,1,2
2228,346,1,2
2228,347,1,2
2228,348,1,2
2228,349,1,2
2228,350,1,2
2228,351,1,2
2228,352,1,2
2228,353,1,2
2228,354,1,2
2228,355,1,2
2228,356,1,2
2228,357,1,2
2228,358,1,2
2228,359,1,2
2228,360,1,2
2228,361,1,2
2228,362,1,2
2228,363,1,2
2228,364,1,2
2228,365,1,2
2228,366,1,2
2228,367,1,2
2228,368,1,2
2228,369,1,2
2228,370,1,2
2228,371,1,2
2228,372,1,2
2228,373,1,2
2228,374,1,2
2228,375,1,2
2228,376,1,2
2228,377,1,2
2228,378,1,2
2228,379,1,2
2228,380,1,2
2228,381,1,2
2228,382,1,2
2228,383,1,2
2228,384,1,2
2229,297,1,2
2229,298,1,2
2229,299,1,2
2229,300,1,2
2229,301,1,2
2229,302,1,2
2229,303,1,2
2229,304,1,2
2229,305,1,2
2229,306,1,2
2229,307,1,2
2229,308,1,2
2229,309,1,2
2229,310,1,2
2229,311,1,2
2229,312,1,2
2229,313,1,2
2229,314,1,2
2229,315,1,2
2229,316,1,2
2229,317,1,2
2229,318,1,2
2229,319,1,2
2229,320,1,2
2229,321,1,2
2229,322,1,2
2229,323,1,2
2229,324,1,2
2229,325,1,2
2229,326,1,2
2229,327,1,2
2229,328,1,2
2229,329,1,2
2229,330,1,2
2229,331,1,2
2229,332,1,2
2229,333,1,2
2229,334,1,2
2229,335,1,2
2229,336,1,2
2229,337,1,2
2229,338,1,2
2229,339,1,2
2229,340,1,2
2229,341,1,2
2229,342,1,2
2229,343,1,2
2229,344,1,2
2229,345,1,2
2229,346,1,2
2229,347,1,2
2229,348,1,2
2229,349,1,2
2229,350,1,2
2229,351,1,2
2229,352,1,2
2229,353,1,2
2229,354,1,2
2229,355,1,2
2229,356,1,2
2229,357,1,2
2229,358,1,2
2229,359,1,2
2229,360,1,2
2229,361,1,2
2229,362,1,2
2229,363,1,2
2229,364,1,2
2229,365,1,2
2229,366,1,2
2229,367,1,2
2229,368,1,2
2229,369,1,2
2229,370,1,2
2229,371,1,2
2229,372,1,2
2229,373,1,2
2229,374,1,2
2229,375,1,2
2229,376,1,2
2229,377,1,2
2229,378,1,2
2229,379,1,2
2229,380,1,2
2229,381,1,2
2230,299,1,2
2230,301,1,2
2230,312,1,2
2230,313,1,2
2230,314,1,2
2230,315,1,2
2230,316,1,2
2230,317,1,2
2230,318,1,2
2230,319,1,2
2230,320,1,2
2230,321,1,2
2230,322,1,2
2230,323,1,2
2230,324,1,2
2230,325,1,2
2230,326,1,2
2230,327,1,2
2230,328,1,2
2230,329,1,2
2230,330,1,2
2230,331,1,2
2230,332,1,2
2230,333,1,2
2230,334,1,2
2230,335,1,2
2230,336,1,2
2230,337,1,2
2230,338,1,2
2230,339,1,2
2230,340,1,2
2230,341,1,2
2230,342,1,2
2230,343,1,2
2230,344,1,2
2230,345,1,2
2230,346,1,2
2230,347,1,2
2230,348,1,2
2230,349,1,2
2230,350,1,2
2230,351,1,2
2230,352,1,2
2230,353,1,2
2230,354,1,2
2230,355,1,2
2230,356,1,2
2230,357,1,2
2230,358,1,2
2230,359,1,2
2230,360,1,2
2230,361,1,2
2230,362,1,2
2230,363,1,2
2230,364,1,2
2230,365,1,2
2230,366,1,2
2230,367,1,2
2230,368,1,2
2230,369,1,2
2230,370,1,2
2230,371,1,2
2230,372,1,2
2230,373,1,2
2230,374,1,2
2230,375,1,2
2230,376,1,2
2230,377,1,2
2230,378,1,2
2230,379,1,2
2230,380,1,2
2231,316,1,2
2231,317,1,2
2231,318,1,2
2231,319,1,2
2231,320,1,2
2231,321,1,2
2231,322,1,2
2231,323,1,2
2231,324,1,2
2231,325,1,2
2231,326,1,2
2231,327,1,2
2231,328,1,2
2231,329,1,2
2231,330,1,2
2231,331,1,2
2231,332,1,2
2231,333,1,2
2231,334,1,2
2231,335,1,2
2231,336,1,2
2231,337,1,2
2231,338,1,2
2231,339,1,2
2231,340,1,2
2231,341,1,2
2231,342,1,2
2231,343,1,2
2231,344,1,2
2231,345,1,2
2231,346,1,2
2231,347,1,2
2231,348,1,2
2231,349,1,2
2231,350,1,2
2231,351,1,2
2231,352,1,2
2231,353,1,2
2231,354,1,2
2231,355,1,2
2231,356,1,2
2231,357,1,2
2231,358,1,2
2231,359,1,2
2231,360,1,2
2231,361,1,2
2231,362,1,2
2231,363,1,2
2231,364,1,2
2231,365,1,2
2231,366,1,2
2231,367,1,2
2231,368,1,2
2231,369,1,2
2231,370,1,2
2231,371,1,2
2231,372,1,2
2231,373,1,2
2231,374,1,2
2231,375,1,2
2231,376,1,2
2231,377,1,2
2231,378,1,2
2232,317,1,2
2232,318,1,2
2232,319,1,2
2232,320,1,2
2232,321,1,2
2232,322,1,2
2232,323,1,2
2232,324,1,2
2232,325,1,2
2232,326,1,2
2232,327,1,2
2232,328,1,2
2232,329,1,2
2232,330,1,2
2232,331,1,2
2232,332,1,2
2232,333,1,2
2232,334,1,2
2232,335,1,2
2232,336,1,2
2232,337,1,2
2232,338,1,2
2232,339,1,2
2232,340,1,2
2232,341,1,2
2232,342,1,2
2232,343,1,2
2232,344,1,2
2232,345,1,2
2232,346,1,2
2232,347,1,2
2232,348,1,2
2232,349,1,2
2232,350,1,2
2232,351,1,2
2232,352,1,2
2232,353,1,2
2232,354,1,2
2232,355,1,2
2232,356,1,2
2232,357,1,2
2232,358,1,2
2232,359,1,2
2232,360,1,2
2232,361,1,2
2232,369,1,2
2232,370,1,2
2232,371,1,2
2232,372,1,2
2232,373,1,2
2232,374,1,2
2232,375,1,2
2232,376,1,2
2232,377,1,2
2232,378,1,2
2233,317,1,2
2233,318,1,2
2233,319,1,2
2233,330,1,2
2233,331,1,2
2233,332,1,2
2233,333,1,2
2233,334,1,2
2233,335,1,2
2233,336,1,2
2233,337,1,2
2233,338,1,2
2233,339,1,2
2233,340,1,2
2233,341,1,2
2233,342,1,2
2233,343,1,2
2233,344,1,2
2233,345,1,2
2233,346,1,2
2233,347,1,2
2233,348,1,2
2233,349,1,2
2233,350,1,2
2233,351,1,2
2233,352,1,2
2233,353,1,2
2233,354,1,2
2233,355,1,2
2233,356,1,2
2233,357,1,2
2233,358,1,2
2233,359,1,2
2233,369,1,2
2233,370,1,2
2233,371,1,2
2233,372,1,2
2233,373,1,2
2233,374,1,2
2233,375,1,2
2233,376,1,2
2233,377,1,2
2233,378,1,2
2234,319,1,2
2234,320,1,2
2234,321,1,2
2234,332,1,2
2234,333,1,2
2234,334,1,2
2234,335,1,2
2234,336,1,2
2234,337,1,2
2234,338,1,2
2234,339,1,2
2234,340,1,2
2234,341,1,2
2234,342,1,2
2234,343,1,2
2234,344,1,2
2234,345,1,2
2234,346,1,2
2234,347,1,2
2234,348,1,2
2234,349,1,2
2234,350,1,2
2234,351,1,2
2234,352,1,2
2234,353,1,2
2234,354,1,2
2234,355,1,2
2234,356,1,2
2234,357,1,2
2234,370,1,2
2234,371,1,2
2234,372,1,2
2234,373,1,2
2234,374,1,2
2234,375,1,2
2234,376,1,2
2234,377,1,2
2234,378,1,2
2235,344,1,2
2235,345,1,2
2235,346,1,2
2235,347,1,2
2235,348,1,2
2235,349,1,2
2235,350,1,2
2235,351,1,2
2235,352,1,2
2235,353,1,2
2235,354,1,2
2236,347,1,2
2236,348,1,2
2236,349,1,2
2236,350,1,2
2236,351,1,2
2236,352,1,2
2236,353,1,2
2236,354,1,2
2237,353,1,2
2237,354,1,2
