4.230000000000000000e+02,2.360000000000000000e+02
4.230000000000000000e+02,2.350000000000000000e+02
4.230000000000000000e+02,2.360000000000000000e+02
